repository_name,signature_id,framework_id,signature_hash,machine_platform,should_alert,has_subtests,extra_options,tags,option_collection_hash,test,suite,lower_is_better,name,parent_signature,repository_id,measurement_unit,application,job_id,entry_id,push_timestamp,value,revision,push_id,test_new_value,test_classifier,alert_prev_push_revision,alert_id,test_amount_pct,alert_performance_tags,test_prev_value,alert_first_triaged,test_series_signature_has_subtests,alert_framework,test_series_signature_framework_id,test_series_signature_suite_public_name,alert_related_alerts,test_taskcluster_metadata_retry_id,alert_prev_push_id,alert_status,alert_push_id,test_status,alert_assignee_username,test_series_signature_signature_hash,test_prev_taskcluster_metadata_task_id,test_series_signature_machine_platform,alert_bug_number,alert_repository,alert_bug_due_date,test_series_signature_test_public_name,alert_issue_tracker,test_amount_abs,test_id,test_series_signature_measurement_unit,test_taskcluster_metadata_task_id,test_backfill_record_total_backfills_successful,test_summary_id,test_series_signature_option_collection_hash,test_prev_taskcluster_metadata_retry_id,test_is_regression,test_manually_created,test_classifier_email,test_backfill_record_total_backfills_failed,test_backfill_record_total_actions_triggered,alert_assignee_email,alert_creation_timestamp,test_prev_profile_url,alert_notes,test_series_signature_test,test_noise_profile,test_series_signature_lower_is_better,alert_revision,test_related_summary_id,alert_bug_updated,test_profile_url,test_backfill_record_context,test_starred,test_backfill_record_total_backfills_in_progress,test_t_value,test_series_signature_suite,test_series_signature_extra_options,test_backfill_record_status,test_series_signature_tags,alert_triage_due_date,alert_status_general,test_status_general
autoland,4769114,12,1a03ada32d4ae63ebeeb4561891b61c1e6e17a68,windows10-64-shippable-qr,True,False,,,102210fe594ee9b33d82058545b1ed14f4c8206e,browser-toolbox.close-process.DAMP,damp,True,damp browser-toolbox.close-process.DAMP opt e10s fission stylo webrender-sw,4768818,77,ms,firefox,,1700027145,2023-05-24 10:49:25,75.20066983241122,1db51625512e546534a6a7352ff4ff3b9c48d713,1245770,,,,,,,,,,,,,,,,,,,,,,,,,,,,,,,,,,,,,,,,,,,,,,,,,,,,,,,,,,,,,TN,TN
autoland,4769114,12,1a03ada32d4ae63ebeeb4561891b61c1e6e17a68,windows10-64-shippable-qr,True,False,,,102210fe594ee9b33d82058545b1ed14f4c8206e,browser-toolbox.close-process.DAMP,damp,True,damp browser-toolbox.close-process.DAMP opt e10s fission stylo webrender-sw,4768818,77,ms,firefox,,1700092558,2023-05-24 13:34:40,79.4706134738226,6a96bb1f430f92b83cc31f74db4e4c1f71e155e5,1245871,,,,,,,,,,,,,,,,,,,,,,,,,,,,,,,,,,,,,,,,,,,,,,,,,,,,,,,,,,,,,TN,TN
autoland,4769114,12,1a03ada32d4ae63ebeeb4561891b61c1e6e17a68,windows10-64-shippable-qr,True,False,,,102210fe594ee9b33d82058545b1ed14f4c8206e,browser-toolbox.close-process.DAMP,damp,True,damp browser-toolbox.close-process.DAMP opt e10s fission stylo webrender-sw,4768818,77,ms,firefox,,1700209155,2023-05-24 17:26:23,77.26590681327798,b9da43bde2c92655235855f4bb966f7a2537eafa,1246058,,,,,,,,,,,,,,,,,,,,,,,,,,,,,,,,,,,,,,,,,,,,,,,,,,,,,,,,,,,,,TN,TN
autoland,4769114,12,1a03ada32d4ae63ebeeb4561891b61c1e6e17a68,windows10-64-shippable-qr,True,False,,,102210fe594ee9b33d82058545b1ed14f4c8206e,browser-toolbox.close-process.DAMP,damp,True,damp browser-toolbox.close-process.DAMP opt e10s fission stylo webrender-sw,4768818,77,ms,firefox,,1700305272,2023-05-24 21:30:03,74.17181538938894,468123d0735b96f7486f1e1a4de373e3dd7520bd,1246204,,,,,,,,,,,,,,,,,,,,,,,,,,,,,,,,,,,,,,,,,,,,,,,,,,,,,,,,,,,,,TN,TN
autoland,4769114,12,1a03ada32d4ae63ebeeb4561891b61c1e6e17a68,windows10-64-shippable-qr,True,False,,,102210fe594ee9b33d82058545b1ed14f4c8206e,browser-toolbox.close-process.DAMP,damp,True,damp browser-toolbox.close-process.DAMP opt e10s fission stylo webrender-sw,4768818,77,ms,firefox,,1700422750,2023-05-25 01:52:13,74.86445655646094,c1577427eba79d954813d300bfe6d4f09e0249f0,1246339,,,,,,,,,,,,,,,,,,,,,,,,,,,,,,,,,,,,,,,,,,,,,,,,,,,,,,,,,,,,,TN,TN
autoland,4769114,12,1a03ada32d4ae63ebeeb4561891b61c1e6e17a68,windows10-64-shippable-qr,True,False,,,102210fe594ee9b33d82058545b1ed14f4c8206e,browser-toolbox.close-process.DAMP,damp,True,damp browser-toolbox.close-process.DAMP opt e10s fission stylo webrender-sw,4768818,77,ms,firefox,,1700471542,2023-05-25 06:53:28,75.98720544605021,ee3230b1fe26e5521d07465dcab71e75d586e422,1246434,,,,,,,,,,,,,,,,,,,,,,,,,,,,,,,,,,,,,,,,,,,,,,,,,,,,,,,,,,,,,TN,TN
autoland,4769114,12,1a03ada32d4ae63ebeeb4561891b61c1e6e17a68,windows10-64-shippable-qr,True,False,,,102210fe594ee9b33d82058545b1ed14f4c8206e,browser-toolbox.close-process.DAMP,damp,True,damp browser-toolbox.close-process.DAMP opt e10s fission stylo webrender-sw,4768818,77,ms,firefox,,1700521288,2023-05-25 09:03:58,76.30640458587732,0cd7e9f3c07773af459b1d5676b4f14a1a4c2844,1246517,,,,,,,,,,,,,,,,,,,,,,,,,,,,,,,,,,,,,,,,,,,,,,,,,,,,,,,,,,,,,TN,TN
autoland,4769114,12,1a03ada32d4ae63ebeeb4561891b61c1e6e17a68,windows10-64-shippable-qr,True,False,,,102210fe594ee9b33d82058545b1ed14f4c8206e,browser-toolbox.close-process.DAMP,damp,True,damp browser-toolbox.close-process.DAMP opt e10s fission stylo webrender-sw,4768818,77,ms,firefox,,1700636885,2023-05-25 13:17:19,77.57281838393828,09f3ed0c8776aaa707aab014022efa3a16e01a6e,1246661,,,,,,,,,,,,,,,,,,,,,,,,,,,,,,,,,,,,,,,,,,,,,,,,,,,,,,,,,,,,,TN,TN
autoland,4769114,12,1a03ada32d4ae63ebeeb4561891b61c1e6e17a68,windows10-64-shippable-qr,True,False,,,102210fe594ee9b33d82058545b1ed14f4c8206e,browser-toolbox.close-process.DAMP,damp,True,damp browser-toolbox.close-process.DAMP opt e10s fission stylo webrender-sw,4768818,77,ms,firefox,,1700647757,2023-05-25 13:25:13,78.67495742723986,6e07dad252683bcc1ed82d6a973adda9b490af1f,1246670,,,,,,,,,,,,,,,,,,,,,,,,,,,,,,,,,,,,,,,,,,,,,,,,,,,,,,,,,,,,,TN,TN
autoland,4769114,12,1a03ada32d4ae63ebeeb4561891b61c1e6e17a68,windows10-64-shippable-qr,True,False,,,102210fe594ee9b33d82058545b1ed14f4c8206e,browser-toolbox.close-process.DAMP,damp,True,damp browser-toolbox.close-process.DAMP opt e10s fission stylo webrender-sw,4768818,77,ms,firefox,,1700745154,2023-05-25 17:00:24,79.50886987437843,4971297a8917c4ce5f9136ebb0c82cde74eb50c4,1246837,,,,,,,,,,,,,,,,,,,,,,,,,,,,,,,,,,,,,,,,,,,,,,,,,,,,,,,,,,,,,TN,TN
autoland,4769114,12,1a03ada32d4ae63ebeeb4561891b61c1e6e17a68,windows10-64-shippable-qr,True,False,,,102210fe594ee9b33d82058545b1ed14f4c8206e,browser-toolbox.close-process.DAMP,damp,True,damp browser-toolbox.close-process.DAMP opt e10s fission stylo webrender-sw,4768818,77,ms,firefox,,1702192006,2023-05-25 18:26:36,77.06000393897557,4bf572866cd10045eb6c23c0d2c4503ec300bc47,1246916,,,,,,,,,,,,,,,,,,,,,,,,,,,,,,,,,,,,,,,,,,,,,,,,,,,,,,,,,,,,,TN,TN
autoland,4769114,12,1a03ada32d4ae63ebeeb4561891b61c1e6e17a68,windows10-64-shippable-qr,True,False,,,102210fe594ee9b33d82058545b1ed14f4c8206e,browser-toolbox.close-process.DAMP,damp,True,damp browser-toolbox.close-process.DAMP opt e10s fission stylo webrender-sw,4768818,77,ms,firefox,,1702251253,2023-05-25 18:52:09,82.70900611567049,ef3c9dc1f5b0dc8466c0a0b3cf844676eee6245b,1246934,,,,,,,,,,,,,,,,,,,,,,,,,,,,,,,,,,,,,,,,,,,,,,,,,,,,,,,,,,,,,TN,TN
autoland,4769114,12,1a03ada32d4ae63ebeeb4561891b61c1e6e17a68,windows10-64-shippable-qr,True,False,,,102210fe594ee9b33d82058545b1ed14f4c8206e,browser-toolbox.close-process.DAMP,damp,True,damp browser-toolbox.close-process.DAMP opt e10s fission stylo webrender-sw,4768818,77,ms,firefox,,1702201598,2023-05-25 18:56:38,76.10387846098456,df28e8348fcdd4d0e936d64a055daaee19c788e3,1246936,,,,,,,,,,,,,,,,,,,,,,,,,,,,,,,,,,,,,,,,,,,,,,,,,,,,,,,,,,,,,TN,TN
autoland,4769114,12,1a03ada32d4ae63ebeeb4561891b61c1e6e17a68,windows10-64-shippable-qr,True,False,,,102210fe594ee9b33d82058545b1ed14f4c8206e,browser-toolbox.close-process.DAMP,damp,True,damp browser-toolbox.close-process.DAMP opt e10s fission stylo webrender-sw,4768818,77,ms,firefox,,1702251239,2023-05-25 19:00:35,78.52432218962349,2814a41a8a5d3ebbd8c4d1bd8d310d5fed9be8dc,1246942,,,,,,,,,,,,,,,,,,,,,,,,,,,,,,,,,,,,,,,,,,,,,,,,,,,,,,,,,,,,,TN,TN
autoland,4769114,12,1a03ada32d4ae63ebeeb4561891b61c1e6e17a68,windows10-64-shippable-qr,True,False,,,102210fe594ee9b33d82058545b1ed14f4c8206e,browser-toolbox.close-process.DAMP,damp,True,damp browser-toolbox.close-process.DAMP opt e10s fission stylo webrender-sw,4768818,77,ms,firefox,,1702250182,2023-05-25 19:25:41,77.46477430977393,7ff70fa8cd3f4326ef046d267b79b2dabd987ad9,1246958,,,,,,,,,,,,,,,,,,,,,,,,,,,,,,,,,,,,,,,,,,,,,,,,,,,,,,,,,,,,,TN,TN
autoland,4769114,12,1a03ada32d4ae63ebeeb4561891b61c1e6e17a68,windows10-64-shippable-qr,True,False,,,102210fe594ee9b33d82058545b1ed14f4c8206e,browser-toolbox.close-process.DAMP,damp,True,damp browser-toolbox.close-process.DAMP opt e10s fission stylo webrender-sw,4768818,77,ms,firefox,,1702248966,2023-05-25 19:26:34,80.24992447994009,ea3006675e837e469878558f59f0a880257d43dc,1246960,,,,,,,,,,,,,,,,,,,,,,,,,,,,,,,,,,,,,,,,,,,,,,,,,,,,,,,,,,,,,TN,TN
autoland,4769114,12,1a03ada32d4ae63ebeeb4561891b61c1e6e17a68,windows10-64-shippable-qr,True,False,,,102210fe594ee9b33d82058545b1ed14f4c8206e,browser-toolbox.close-process.DAMP,damp,True,damp browser-toolbox.close-process.DAMP opt e10s fission stylo webrender-sw,4768818,77,ms,firefox,,1702201430,2023-05-25 19:28:32,75.79697906397996,f2c3d2fd0f7e2dab2a5417af3f88c389e8ddb20d,1246963,,,,,,,,,,,,,,,,,,,,,,,,,,,,,,,,,,,,,,,,,,,,,,,,,,,,,,,,,,,,,TN,TN
autoland,4769114,12,1a03ada32d4ae63ebeeb4561891b61c1e6e17a68,windows10-64-shippable-qr,True,False,,,102210fe594ee9b33d82058545b1ed14f4c8206e,browser-toolbox.close-process.DAMP,damp,True,damp browser-toolbox.close-process.DAMP opt e10s fission stylo webrender-sw,4768818,77,ms,firefox,,1702195566,2023-05-25 20:19:08,74.04981414416397,e8d96ca732ac53b092b7a9a8446c9c98651aabf1,1246995,,,,,,,,,,,,,,,,,,,,,,,,,,,,,,,,,,,,,,,,,,,,,,,,,,,,,,,,,,,,,TN,TN
autoland,4769114,12,1a03ada32d4ae63ebeeb4561891b61c1e6e17a68,windows10-64-shippable-qr,True,False,,,102210fe594ee9b33d82058545b1ed14f4c8206e,browser-toolbox.close-process.DAMP,damp,True,damp browser-toolbox.close-process.DAMP opt e10s fission stylo webrender-sw,4768818,77,ms,firefox,,1702250244,2023-05-25 20:45:44,78.27133069162664,6df0877f288aedc3bbab71ce2edf6599bcaeae65,1247017,,,,,,,,,,,,,,,,,,,,,,,,,,,,,,,,,,,,,,,,,,,,,,,,,,,,,,,,,,,,,TN,TN
autoland,4769114,12,1a03ada32d4ae63ebeeb4561891b61c1e6e17a68,windows10-64-shippable-qr,True,False,,,102210fe594ee9b33d82058545b1ed14f4c8206e,browser-toolbox.close-process.DAMP,damp,True,damp browser-toolbox.close-process.DAMP opt e10s fission stylo webrender-sw,4768818,77,ms,firefox,,1700914600,2023-05-25 20:49:35,77.57998638762365,6d91b4ed2bb8fbe97d7f5fcf7cad0e6f2bb6ad2f,1247021,,,,,,,,,,,,,,,,,,,,,,,,,,,,,,,,,,,,,,,,,,,,,,,,,,,,,,,,,,,,,TN,TN
autoland,4769114,12,1a03ada32d4ae63ebeeb4561891b61c1e6e17a68,windows10-64-shippable-qr,True,False,,,102210fe594ee9b33d82058545b1ed14f4c8206e,browser-toolbox.close-process.DAMP,damp,True,damp browser-toolbox.close-process.DAMP opt e10s fission stylo webrender-sw,4768818,77,ms,firefox,,1702249424,2023-05-25 22:35:05,79.77080828088583,aacd89e0e6d225990c6e1cf431a38a50992f2b33,1247114,,,,,,,,,,,,,,,,,,,,,,,,,,,,,,,,,,,,,,,,,,,,,,,,,,,,,,,,,,,,,TN,TN
autoland,4769114,12,1a03ada32d4ae63ebeeb4561891b61c1e6e17a68,windows10-64-shippable-qr,True,False,,,102210fe594ee9b33d82058545b1ed14f4c8206e,browser-toolbox.close-process.DAMP,damp,True,damp browser-toolbox.close-process.DAMP opt e10s fission stylo webrender-sw,4768818,77,ms,firefox,,1702204650,2023-05-25 23:51:01,76.254799567585,aa71b370170e8e1e97424092248ad3032166bdba,1247148,,,,,,,,,,,,,,,,,,,,,,,,,,,,,,,,,,,,,,,,,,,,,,,,,,,,,,,,,,,,,TN,TN
autoland,4769114,12,1a03ada32d4ae63ebeeb4561891b61c1e6e17a68,windows10-64-shippable-qr,True,False,,,102210fe594ee9b33d82058545b1ed14f4c8206e,browser-toolbox.close-process.DAMP,damp,True,damp browser-toolbox.close-process.DAMP opt e10s fission stylo webrender-sw,4768818,77,ms,firefox,,1702193472,2023-05-26 00:15:32,73.89599905790237,4cfea48018be8790cfe9ff7dffd92771b1c57459,1247163,,,,,,,,,,,,,,,,,,,,,,,,,,,,,,,,,,,,,,,,,,,,,,,,,,,,,,,,,,,,,TN,TN
autoland,4769114,12,1a03ada32d4ae63ebeeb4561891b61c1e6e17a68,windows10-64-shippable-qr,True,False,,,102210fe594ee9b33d82058545b1ed14f4c8206e,browser-toolbox.close-process.DAMP,damp,True,damp browser-toolbox.close-process.DAMP opt e10s fission stylo webrender-sw,4768818,77,ms,firefox,,1702191803,2023-05-26 00:16:21,76.28582039169851,c4e6e3b4492898d738ece58f23393763d7b513e5,1247164,,,,,,,,,,,,,,,,,,,,,,,,,,,,,,,,,,,,,,,,,,,,,,,,,,,,,,,,,,,,,TN,TN
autoland,4769114,12,1a03ada32d4ae63ebeeb4561891b61c1e6e17a68,windows10-64-shippable-qr,True,False,,,102210fe594ee9b33d82058545b1ed14f4c8206e,browser-toolbox.close-process.DAMP,damp,True,damp browser-toolbox.close-process.DAMP opt e10s fission stylo webrender-sw,4768818,77,ms,firefox,,1702203452,2023-05-26 00:17:17,72.40178640304657,419be14a6b2616f347b660caaa4e6d1cc341e940,1247165,,,,,,,,,,,,,,,,,,,,,,,,,,,,,,,,,,,,,,,,,,,,,,,,,,,,,,,,,,,,,TN,TN
autoland,4769114,12,1a03ada32d4ae63ebeeb4561891b61c1e6e17a68,windows10-64-shippable-qr,True,False,,,102210fe594ee9b33d82058545b1ed14f4c8206e,browser-toolbox.close-process.DAMP,damp,True,damp browser-toolbox.close-process.DAMP opt e10s fission stylo webrender-sw,4768818,77,ms,firefox,,1702199895,2023-05-26 00:18:19,74.70344924570236,aff9f0762b468b3a199e72ca7a7b6eeb833c4980,1247166,,,,,,,,,,,,,,,,,,,,,,,,,,,,,,,,,,,,,,,,,,,,,,,,,,,,,,,,,,,,,TN,TN
autoland,4769114,12,1a03ada32d4ae63ebeeb4561891b61c1e6e17a68,windows10-64-shippable-qr,True,False,,,102210fe594ee9b33d82058545b1ed14f4c8206e,browser-toolbox.close-process.DAMP,damp,True,damp browser-toolbox.close-process.DAMP opt e10s fission stylo webrender-sw,4768818,77,ms,firefox,,1702249715,2023-05-26 00:19:12,77.76649860548787,e6d63c2a651d697b4c42866c552b92b1719f5b9e,1247167,,,,,,,,,,,,,,,,,,,,,,,,,,,,,,,,,,,,,,,,,,,,,,,,,,,,,,,,,,,,,TN,TN
autoland,4769114,12,1a03ada32d4ae63ebeeb4561891b61c1e6e17a68,windows10-64-shippable-qr,True,False,,,102210fe594ee9b33d82058545b1ed14f4c8206e,browser-toolbox.close-process.DAMP,damp,True,damp browser-toolbox.close-process.DAMP opt e10s fission stylo webrender-sw,4768818,77,ms,firefox,,1702250873,2023-05-26 00:20:01,78.29969839831756,29fa69db2655e35810d121a98dabb0a6e3af6d8d,1247169,,,,,,,,,,,,,,,,,,,,,,,,,,,,,,,,,,,,,,,,,,,,,,,,,,,,,,,,,,,,,TN,TN
autoland,4769114,12,1a03ada32d4ae63ebeeb4561891b61c1e6e17a68,windows10-64-shippable-qr,True,False,,,102210fe594ee9b33d82058545b1ed14f4c8206e,browser-toolbox.close-process.DAMP,damp,True,damp browser-toolbox.close-process.DAMP opt e10s fission stylo webrender-sw,4768818,77,ms,firefox,,1702249097,2023-05-26 00:37:39,79.04513349035551,4893955e0bdf8402c4e481bcbe07643fda9bfb14,1247176,,,,,,,,,,,,,,,,,,,,,,,,,,,,,,,,,,,,,,,,,,,,,,,,,,,,,,,,,,,,,TN,TN
autoland,4769114,12,1a03ada32d4ae63ebeeb4561891b61c1e6e17a68,windows10-64-shippable-qr,True,False,,,102210fe594ee9b33d82058545b1ed14f4c8206e,browser-toolbox.close-process.DAMP,damp,True,damp browser-toolbox.close-process.DAMP opt e10s fission stylo webrender-sw,4768818,77,ms,firefox,,1701064392,2023-05-26 00:58:32,79.26620097382693,d49f009b89ad3ae1616d96cb1d2d9234ef3f6cda,1247180,,,,,,,,,,,,,,,,,,,,,,,,,,,,,,,,,,,,,,,,,,,,,,,,,,,,,,,,,,,,,TN,TN
autoland,4769114,12,1a03ada32d4ae63ebeeb4561891b61c1e6e17a68,windows10-64-shippable-qr,True,False,,,102210fe594ee9b33d82058545b1ed14f4c8206e,browser-toolbox.close-process.DAMP,damp,True,damp browser-toolbox.close-process.DAMP opt e10s fission stylo webrender-sw,4768818,77,ms,firefox,,1702202034,2023-05-26 01:31:15,79.28077007491447,9d1123793cf49ad9289cdc171cc461ff56f1341f,1247195,,,,,,,,,,,,,,,,,,,,,,,,,,,,,,,,,,,,,,,,,,,,,,,,,,,,,,,,,,,,,TN,TN
autoland,4769114,12,1a03ada32d4ae63ebeeb4561891b61c1e6e17a68,windows10-64-shippable-qr,True,False,,,102210fe594ee9b33d82058545b1ed14f4c8206e,browser-toolbox.close-process.DAMP,damp,True,damp browser-toolbox.close-process.DAMP opt e10s fission stylo webrender-sw,4768818,77,ms,firefox,,1702203395,2023-05-26 01:38:12,73.2812071733315,4210d649f10bffed6d5ec12a6bf190015988e554,1247200,,,,,,,,,,,,,,,,,,,,,,,,,,,,,,,,,,,,,,,,,,,,,,,,,,,,,,,,,,,,,TN,TN
autoland,4769114,12,1a03ada32d4ae63ebeeb4561891b61c1e6e17a68,windows10-64-shippable-qr,True,False,,,102210fe594ee9b33d82058545b1ed14f4c8206e,browser-toolbox.close-process.DAMP,damp,True,damp browser-toolbox.close-process.DAMP opt e10s fission stylo webrender-sw,4768818,77,ms,firefox,,1702203808,2023-05-26 02:57:01,76.02508250871324,260ffbbe45e0d474d615675f1b7fc496611e4aa4,1247216,,,,,,,,,,,,,,,,,,,,,,,,,,,,,,,,,,,,,,,,,,,,,,,,,,,,,,,,,,,,,TN,TN
autoland,4769114,12,1a03ada32d4ae63ebeeb4561891b61c1e6e17a68,windows10-64-shippable-qr,True,False,,,102210fe594ee9b33d82058545b1ed14f4c8206e,browser-toolbox.close-process.DAMP,damp,True,damp browser-toolbox.close-process.DAMP opt e10s fission stylo webrender-sw,4768818,77,ms,firefox,,1702198325,2023-05-26 03:18:08,79.28946578864998,d659b70ec02be8ad2ab084872ca6ac6a3d4165d3,1247219,,,,,,,,,,,,,,,,,,,,,,,,,,,,,,,,,,,,,,,,,,,,,,,,,,,,,,,,,,,,,TN,TN
autoland,4769114,12,1a03ada32d4ae63ebeeb4561891b61c1e6e17a68,windows10-64-shippable-qr,True,False,,,102210fe594ee9b33d82058545b1ed14f4c8206e,browser-toolbox.close-process.DAMP,damp,True,damp browser-toolbox.close-process.DAMP opt e10s fission stylo webrender-sw,4768818,77,ms,firefox,,1702202631,2023-05-26 03:22:10,79.57368824724108,55bbbfb67e7f8c4094a554ff4d87be0a8a0982db,1247220,,,,,,,,,,,,,,,,,,,,,,,,,,,,,,,,,,,,,,,,,,,,,,,,,,,,,,,,,,,,,TN,TN
autoland,4769114,12,1a03ada32d4ae63ebeeb4561891b61c1e6e17a68,windows10-64-shippable-qr,True,False,,,102210fe594ee9b33d82058545b1ed14f4c8206e,browser-toolbox.close-process.DAMP,damp,True,damp browser-toolbox.close-process.DAMP opt e10s fission stylo webrender-sw,4768818,77,ms,firefox,,1702251514,2023-05-26 03:43:51,78.79149588626751,382ba4dac7e8671150b9feeb2c87c76e92245e9f,1247225,,,,,,,,,,,,,,,,,,,,,,,,,,,,,,,,,,,,,,,,,,,,,,,,,,,,,,,,,,,,,TN,TN
autoland,4769114,12,1a03ada32d4ae63ebeeb4561891b61c1e6e17a68,windows10-64-shippable-qr,True,False,,,102210fe594ee9b33d82058545b1ed14f4c8206e,browser-toolbox.close-process.DAMP,damp,True,damp browser-toolbox.close-process.DAMP opt e10s fission stylo webrender-sw,4768818,77,ms,firefox,,1702249862,2023-05-26 04:57:09,79.90231048336136,42b73d4571be8d893496e8c1d39d7234a6966199,1247240,,,,,,,,,,,,,,,,,,,,,,,,,,,,,,,,,,,,,,,,,,,,,,,,,,,,,,,,,,,,,TN,TN
autoland,4769114,12,1a03ada32d4ae63ebeeb4561891b61c1e6e17a68,windows10-64-shippable-qr,True,False,,,102210fe594ee9b33d82058545b1ed14f4c8206e,browser-toolbox.close-process.DAMP,damp,True,damp browser-toolbox.close-process.DAMP opt e10s fission stylo webrender-sw,4768818,77,ms,firefox,,1701141253,2023-05-26 04:58:44,77.572674195344,ffc18acbe9c027a3d6c960322b40a9d0576af311,1247241,,,,,,,,,,,,,,,,,,,,,,,,,,,,,,,,,,,,,,,,,,,,,,,,,,,,,,,,,,,,,TN,TN
autoland,4769114,12,1a03ada32d4ae63ebeeb4561891b61c1e6e17a68,windows10-64-shippable-qr,True,False,,,102210fe594ee9b33d82058545b1ed14f4c8206e,browser-toolbox.close-process.DAMP,damp,True,damp browser-toolbox.close-process.DAMP opt e10s fission stylo webrender-sw,4768818,77,ms,firefox,,1702205171,2023-05-26 06:55:34,77.92513883722131,655787761ee96f7f354610ac02d9905ab2808c3e,1247258,,,,,,,,,,,,,,,,,,,,,,,,,,,,,,,,,,,,,,,,,,,,,,,,,,,,,,,,,,,,,TN,TN
autoland,4769114,12,1a03ada32d4ae63ebeeb4561891b61c1e6e17a68,windows10-64-shippable-qr,True,False,,,102210fe594ee9b33d82058545b1ed14f4c8206e,browser-toolbox.close-process.DAMP,damp,True,damp browser-toolbox.close-process.DAMP opt e10s fission stylo webrender-sw,4768818,77,ms,firefox,,1702201319,2023-05-26 07:03:37,75.549119531428,4c70b057a3c1ef090eda09ffc896dbda8d464d07,1247262,,,,,,,,,,,,,,,,,,,,,,,,,,,,,,,,,,,,,,,,,,,,,,,,,,,,,,,,,,,,,TN,TN
autoland,4769114,12,1a03ada32d4ae63ebeeb4561891b61c1e6e17a68,windows10-64-shippable-qr,True,False,,,102210fe594ee9b33d82058545b1ed14f4c8206e,browser-toolbox.close-process.DAMP,damp,True,damp browser-toolbox.close-process.DAMP opt e10s fission stylo webrender-sw,4768818,77,ms,firefox,,1702201664,2023-05-26 07:06:41,75.4570207473007,9fea6478ee86353187486347c908da969c4ac598,1247263,,,,,,,,,,,,,,,,,,,,,,,,,,,,,,,,,,,,,,,,,,,,,,,,,,,,,,,,,,,,,TN,TN
autoland,4769114,12,1a03ada32d4ae63ebeeb4561891b61c1e6e17a68,windows10-64-shippable-qr,True,False,,,102210fe594ee9b33d82058545b1ed14f4c8206e,browser-toolbox.close-process.DAMP,damp,True,damp browser-toolbox.close-process.DAMP opt e10s fission stylo webrender-sw,4768818,77,ms,firefox,,1702250444,2023-05-26 07:07:57,80.04802564099373,fadc9036ed2fa3d772ef0b67cb2a69d093a901c9,1247264,,,,,,,,,,,,,,,,,,,,,,,,,,,,,,,,,,,,,,,,,,,,,,,,,,,,,,,,,,,,,TN,TN
autoland,4769114,12,1a03ada32d4ae63ebeeb4561891b61c1e6e17a68,windows10-64-shippable-qr,True,False,,,102210fe594ee9b33d82058545b1ed14f4c8206e,browser-toolbox.close-process.DAMP,damp,True,damp browser-toolbox.close-process.DAMP opt e10s fission stylo webrender-sw,4768818,77,ms,firefox,,1702205342,2023-05-26 08:03:45,82.78011761658126,c9f0585fc505510268a617dd59fa4c5c541bdff8,1247280,,,,,,,,,,,,,,,,,,,,,,,,,,,,,,,,,,,,,,,,,,,,,,,,,,,,,,,,,,,,,TN,TN
autoland,4769114,12,1a03ada32d4ae63ebeeb4561891b61c1e6e17a68,windows10-64-shippable-qr,True,False,,,102210fe594ee9b33d82058545b1ed14f4c8206e,browser-toolbox.close-process.DAMP,damp,True,damp browser-toolbox.close-process.DAMP opt e10s fission stylo webrender-sw,4768818,77,ms,firefox,,1702207411,2023-05-26 08:11:34,79.91430469245824,f7e0e57e2bf15e306f4988f12ca37452359281f3,1247282,,,,,,,,,,,,,,,,,,,,,,,,,,,,,,,,,,,,,,,,,,,,,,,,,,,,,,,,,,,,,TN,TN
autoland,4769114,12,1a03ada32d4ae63ebeeb4561891b61c1e6e17a68,windows10-64-shippable-qr,True,False,,,102210fe594ee9b33d82058545b1ed14f4c8206e,browser-toolbox.close-process.DAMP,damp,True,damp browser-toolbox.close-process.DAMP opt e10s fission stylo webrender-sw,4768818,77,ms,firefox,,1702251687,2023-05-26 08:13:44,79.23420514402096,af6b28cc40a8b4fd7a7dd28e466974c9e5d2e678,1247285,,,,,,,,,,,,,,,,,,,,,,,,,,,,,,,,,,,,,,,,,,,,,,,,,,,,,,,,,,,,,TN,TN
autoland,4769114,12,1a03ada32d4ae63ebeeb4561891b61c1e6e17a68,windows10-64-shippable-qr,True,False,,,102210fe594ee9b33d82058545b1ed14f4c8206e,browser-toolbox.close-process.DAMP,damp,True,damp browser-toolbox.close-process.DAMP opt e10s fission stylo webrender-sw,4768818,77,ms,firefox,,1702192114,2023-05-26 08:28:18,75.86743848920742,77499c0d912fa1e4f6effeabe407c0c4c3410902,1247291,,,,,,,,,,,,,,,,,,,,,,,,,,,,,,,,,,,,,,,,,,,,,,,,,,,,,,,,,,,,,TN,TN
autoland,4769114,12,1a03ada32d4ae63ebeeb4561891b61c1e6e17a68,windows10-64-shippable-qr,True,False,,,102210fe594ee9b33d82058545b1ed14f4c8206e,browser-toolbox.close-process.DAMP,damp,True,damp browser-toolbox.close-process.DAMP opt e10s fission stylo webrender-sw,4768818,77,ms,firefox,,1702200599,2023-05-26 08:29:14,74.78816856947378,5335cd5396a1d68741d6ad063b8ea8a439361df5,1247292,,,,,,,,,,,,,,,,,,,,,,,,,,,,,,,,,,,,,,,,,,,,,,,,,,,,,,,,,,,,,TN,TN
autoland,4769114,12,1a03ada32d4ae63ebeeb4561891b61c1e6e17a68,windows10-64-shippable-qr,True,False,,,102210fe594ee9b33d82058545b1ed14f4c8206e,browser-toolbox.close-process.DAMP,damp,True,damp browser-toolbox.close-process.DAMP opt e10s fission stylo webrender-sw,4768818,77,ms,firefox,,1701215362,2023-05-26 08:30:04,74.08058469023672,35f77e2aafb53fdda81c118a9ea61aefdacd61b4,1247293,,,,,,,,,,,,,,,,,,,,,,,,,,,,,,,,,,,,,,,,,,,,,,,,,,,,,,,,,,,,,TN,TN
autoland,4769114,12,1a03ada32d4ae63ebeeb4561891b61c1e6e17a68,windows10-64-shippable-qr,True,False,,,102210fe594ee9b33d82058545b1ed14f4c8206e,browser-toolbox.close-process.DAMP,damp,True,damp browser-toolbox.close-process.DAMP opt e10s fission stylo webrender-sw,4768818,77,ms,firefox,,1701361472,2023-05-26 12:58:50,72.98280705467914,3999253a6a3dc448416b9a73377e8599ca6bd022,1247437,,,,,,,,,,,,,,,,,,,,,,,,,,,,,,,,,,,,,,,,,,,,,,,,,,,,,,,,,,,,,TN,TN
autoland,4769114,12,1a03ada32d4ae63ebeeb4561891b61c1e6e17a68,windows10-64-shippable-qr,True,False,,,102210fe594ee9b33d82058545b1ed14f4c8206e,browser-toolbox.close-process.DAMP,damp,True,damp browser-toolbox.close-process.DAMP opt e10s fission stylo webrender-sw,4768818,77,ms,firefox,,1701373227,2023-05-26 13:11:40,78.31151755615792,bb19012006135abc7ddd72be3cd269be7ef114b5,1247444,,,,,,,,,,,,,,,,,,,,,,,,,,,,,,,,,,,,,,,,,,,,,,,,,,,,,,,,,,,,,TN,TN
autoland,4769114,12,1a03ada32d4ae63ebeeb4561891b61c1e6e17a68,windows10-64-shippable-qr,True,False,,,102210fe594ee9b33d82058545b1ed14f4c8206e,browser-toolbox.close-process.DAMP,damp,True,damp browser-toolbox.close-process.DAMP opt e10s fission stylo webrender-sw,4768818,77,ms,firefox,,1701531986,2023-05-26 17:23:29,77.72474981148844,8ca2ea7fe36515caaf70ddf90bfd2ee269f059cf,1247619,,,,,,,,,,,,,,,,,,,,,,,,,,,,,,,,,,,,,,,,,,,,,,,,,,,,,,,,,,,,,TN,TN
autoland,4769114,12,1a03ada32d4ae63ebeeb4561891b61c1e6e17a68,windows10-64-shippable-qr,True,False,,,102210fe594ee9b33d82058545b1ed14f4c8206e,browser-toolbox.close-process.DAMP,damp,True,damp browser-toolbox.close-process.DAMP opt e10s fission stylo webrender-sw,4768818,77,ms,firefox,,1701639454,2023-05-26 19:44:57,77.83598651869397,fc6056442a0fa16146259cb730d4e34a16656952,1247712,,,,,,,,,,,,,,,,,,,,,,,,,,,,,,,,,,,,,,,,,,,,,,,,,,,,,,,,,,,,,TN,TN
autoland,4769114,12,1a03ada32d4ae63ebeeb4561891b61c1e6e17a68,windows10-64-shippable-qr,True,False,,,102210fe594ee9b33d82058545b1ed14f4c8206e,browser-toolbox.close-process.DAMP,damp,True,damp browser-toolbox.close-process.DAMP opt e10s fission stylo webrender-sw,4768818,77,ms,firefox,,1701735850,2023-05-27 00:56:39,77.68547000845138,b45b68be3f9bae0da4d649a44e60c6cd175f2212,1247879,,,,,,,,,,,,,,,,,,,,,,,,,,,,,,,,,,,,,,,,,,,,,,,,,,,,,,,,,,,,,TN,TN
autoland,4769114,12,1a03ada32d4ae63ebeeb4561891b61c1e6e17a68,windows10-64-shippable-qr,True,False,,,102210fe594ee9b33d82058545b1ed14f4c8206e,browser-toolbox.close-process.DAMP,damp,True,damp browser-toolbox.close-process.DAMP opt e10s fission stylo webrender-sw,4768818,77,ms,firefox,,1701887570,2023-05-27 11:39:36,75.70353126700502,6a941c8c6ff3290e530942915ee97161b670f15d,1247945,,,,,,,,,,,,,,,,,,,,,,,,,,,,,,,,,,,,,,,,,,,,,,,,,,,,,,,,,,,,,TN,TN
autoland,4769114,12,1a03ada32d4ae63ebeeb4561891b61c1e6e17a68,windows10-64-shippable-qr,True,False,,,102210fe594ee9b33d82058545b1ed14f4c8206e,browser-toolbox.close-process.DAMP,damp,True,damp browser-toolbox.close-process.DAMP opt e10s fission stylo webrender-sw,4768818,77,ms,firefox,,1701924987,2023-05-27 15:52:21,76.10411225238204,531a15ae09d49e29c270830e9b873aa625a5a8c2,1247961,,,,,,,,,,,,,,,,,,,,,,,,,,,,,,,,,,,,,,,,,,,,,,,,,,,,,,,,,,,,,TN,TN
autoland,4769114,12,1a03ada32d4ae63ebeeb4561891b61c1e6e17a68,windows10-64-shippable-qr,True,False,,,102210fe594ee9b33d82058545b1ed14f4c8206e,browser-toolbox.close-process.DAMP,damp,True,damp browser-toolbox.close-process.DAMP opt e10s fission stylo webrender-sw,4768818,77,ms,firefox,,1702047690,2023-05-28 20:46:15,73.44504720129044,47f0f49b40361f9c5bde3a5691dc5d65ec1e0061,1248031,,,,,,,,,,,,,,,,,,,,,,,,,,,,,,,,,,,,,,,,,,,,,,,,,,,,,,,,,,,,,TN,TN
autoland,4769114,12,1a03ada32d4ae63ebeeb4561891b61c1e6e17a68,windows10-64-shippable-qr,True,False,,,102210fe594ee9b33d82058545b1ed14f4c8206e,browser-toolbox.close-process.DAMP,damp,True,damp browser-toolbox.close-process.DAMP opt e10s fission stylo webrender-sw,4768818,77,ms,firefox,,1702078658,2023-05-29 02:12:22,75.36032030748902,1f8f2142966233c5d8d437f93d361aa0cc2b36c6,1248080,,,,,,,,,,,,,,,,,,,,,,,,,,,,,,,,,,,,,,,,,,,,,,,,,,,,,,,,,,,,,TN,TN
autoland,4769114,12,1a03ada32d4ae63ebeeb4561891b61c1e6e17a68,windows10-64-shippable-qr,True,False,,,102210fe594ee9b33d82058545b1ed14f4c8206e,browser-toolbox.close-process.DAMP,damp,True,damp browser-toolbox.close-process.DAMP opt e10s fission stylo webrender-sw,4768818,77,ms,firefox,,1702136194,2023-05-29 06:50:24,75.24368694065925,1565861edeebf64845658a3f48cb89fa4515bb68,1248115,,,,,,,,,,,,,,,,,,,,,,,,,,,,,,,,,,,,,,,,,,,,,,,,,,,,,,,,,,,,,TN,TN
autoland,4769114,12,1a03ada32d4ae63ebeeb4561891b61c1e6e17a68,windows10-64-shippable-qr,True,False,,,102210fe594ee9b33d82058545b1ed14f4c8206e,browser-toolbox.close-process.DAMP,damp,True,damp browser-toolbox.close-process.DAMP opt e10s fission stylo webrender-sw,4768818,77,ms,firefox,,1702157172,2023-05-29 07:27:55,77.78415692612543,31915ad324761c4fe80dac65ca36f070ab2102a2,1248125,,,,,,,,,,,,,,,,,,,,,,,,,,,,,,,,,,,,,,,,,,,,,,,,,,,,,,,,,,,,,TN,TN
autoland,4769114,12,1a03ada32d4ae63ebeeb4561891b61c1e6e17a68,windows10-64-shippable-qr,True,False,,,102210fe594ee9b33d82058545b1ed14f4c8206e,browser-toolbox.close-process.DAMP,damp,True,damp browser-toolbox.close-process.DAMP opt e10s fission stylo webrender-sw,4768818,77,ms,firefox,,1702326602,2023-05-29 15:52:56,77.20522854846786,e1a08bab18008646938a96dfab802d2471fcadc1,1248305,,,,,,,,,,,,,,,,,,,,,,,,,,,,,,,,,,,,,,,,,,,,,,,,,,,,,,,,,,,,,TN,TN
autoland,4769114,12,1a03ada32d4ae63ebeeb4561891b61c1e6e17a68,windows10-64-shippable-qr,True,False,,,102210fe594ee9b33d82058545b1ed14f4c8206e,browser-toolbox.close-process.DAMP,damp,True,damp browser-toolbox.close-process.DAMP opt e10s fission stylo webrender-sw,4768818,77,ms,firefox,,1702427862,2023-05-29 20:27:32,79.28748019839986,496eefc6bee2519ce93df561b640b582e869b964,1248440,,,,,,,,,,,,,,,,,,,,,,,,,,,,,,,,,,,,,,,,,,,,,,,,,,,,,,,,,,,,,TN,TN
autoland,4769114,12,1a03ada32d4ae63ebeeb4561891b61c1e6e17a68,windows10-64-shippable-qr,True,False,,,102210fe594ee9b33d82058545b1ed14f4c8206e,browser-toolbox.close-process.DAMP,damp,True,damp browser-toolbox.close-process.DAMP opt e10s fission stylo webrender-sw,4768818,77,ms,firefox,,1702417606,2023-05-29 20:34:18,77.14000749569823,f7d3e204b0fb015cf0fb51a08403e22986a2ae52,1248445,,,,,,,,,,,,,,,,,,,,,,,,,,,,,,,,,,,,,,,,,,,,,,,,,,,,,,,,,,,,,TN,TN
autoland,4769114,12,1a03ada32d4ae63ebeeb4561891b61c1e6e17a68,windows10-64-shippable-qr,True,False,,,102210fe594ee9b33d82058545b1ed14f4c8206e,browser-toolbox.close-process.DAMP,damp,True,damp browser-toolbox.close-process.DAMP opt e10s fission stylo webrender-sw,4768818,77,ms,firefox,,1702487631,2023-05-30 01:15:28,74.5314096264774,82442b2d56d94c600cca707dd62ab7a19d68bbd2,1248536,,,,,,,,,,,,,,,,,,,,,,,,,,,,,,,,,,,,,,,,,,,,,,,,,,,,,,,,,,,,,TN,TN
autoland,4769114,12,1a03ada32d4ae63ebeeb4561891b61c1e6e17a68,windows10-64-shippable-qr,True,False,,,102210fe594ee9b33d82058545b1ed14f4c8206e,browser-toolbox.close-process.DAMP,damp,True,damp browser-toolbox.close-process.DAMP opt e10s fission stylo webrender-sw,4768818,77,ms,firefox,,1702588574,2023-05-30 06:58:06,77.76198164309608,23a3b1b5a2b78d86456189221e567423206bc00a,1248601,,,,,,,,,,,,,,,,,,,,,,,,,,,,,,,,,,,,,,,,,,,,,,,,,,,,,,,,,,,,,TN,TN
autoland,4769114,12,1a03ada32d4ae63ebeeb4561891b61c1e6e17a68,windows10-64-shippable-qr,True,False,,,102210fe594ee9b33d82058545b1ed14f4c8206e,browser-toolbox.close-process.DAMP,damp,True,damp browser-toolbox.close-process.DAMP opt e10s fission stylo webrender-sw,4768818,77,ms,firefox,,1702605984,2023-05-30 07:49:46,76.95298299989736,64b2487b96b949b3c6a787dfd17210f9998fb42e,1248618,,,,,,,,,,,,,,,,,,,,,,,,,,,,,,,,,,,,,,,,,,,,,,,,,,,,,,,,,,,,,TN,TN
autoland,4769114,12,1a03ada32d4ae63ebeeb4561891b61c1e6e17a68,windows10-64-shippable-qr,True,False,,,102210fe594ee9b33d82058545b1ed14f4c8206e,browser-toolbox.close-process.DAMP,damp,True,damp browser-toolbox.close-process.DAMP opt e10s fission stylo webrender-sw,4768818,77,ms,firefox,,1702750850,2023-05-30 12:05:20,80.42141717576305,121d4440186ece5c7acf444a8879a3818d54fef5,1248752,,,,,,,,,,,,,,,,,,,,,,,,,,,,,,,,,,,,,,,,,,,,,,,,,,,,,,,,,,,,,TN,TN
autoland,4769114,12,1a03ada32d4ae63ebeeb4561891b61c1e6e17a68,windows10-64-shippable-qr,True,False,,,102210fe594ee9b33d82058545b1ed14f4c8206e,browser-toolbox.close-process.DAMP,damp,True,damp browser-toolbox.close-process.DAMP opt e10s fission stylo webrender-sw,4768818,77,ms,firefox,,1702821986,2023-05-30 15:20:14,75.5374208917201,8ddf44b47ed68e786f1ca69913136fe2ddd7f1d2,1248888,,,,,,,,,,,,,,,,,,,,,,,,,,,,,,,,,,,,,,,,,,,,,,,,,,,,,,,,,,,,,TN,TN
autoland,4769114,12,1a03ada32d4ae63ebeeb4561891b61c1e6e17a68,windows10-64-shippable-qr,True,False,,,102210fe594ee9b33d82058545b1ed14f4c8206e,browser-toolbox.close-process.DAMP,damp,True,damp browser-toolbox.close-process.DAMP opt e10s fission stylo webrender-sw,4768818,77,ms,firefox,,1702911915,2023-05-30 19:20:55,77.42530945274484,361a866d206fd695b15823113863d449afb7c87d,1249050,,,,,,,,,,,,,,,,,,,,,,,,,,,,,,,,,,,,,,,,,,,,,,,,,,,,,,,,,,,,,TN,TN
autoland,4769114,12,1a03ada32d4ae63ebeeb4561891b61c1e6e17a68,windows10-64-shippable-qr,True,False,,,102210fe594ee9b33d82058545b1ed14f4c8206e,browser-toolbox.close-process.DAMP,damp,True,damp browser-toolbox.close-process.DAMP opt e10s fission stylo webrender-sw,4768818,77,ms,firefox,,1702958604,2023-05-30 19:21:44,80.10759496480023,f9dad80c02c9517d8cb38311989dab88f1236015,1249051,,,,,,,,,,,,,,,,,,,,,,,,,,,,,,,,,,,,,,,,,,,,,,,,,,,,,,,,,,,,,TN,TN
autoland,4769114,12,1a03ada32d4ae63ebeeb4561891b61c1e6e17a68,windows10-64-shippable-qr,True,False,,,102210fe594ee9b33d82058545b1ed14f4c8206e,browser-toolbox.close-process.DAMP,damp,True,damp browser-toolbox.close-process.DAMP opt e10s fission stylo webrender-sw,4768818,77,ms,firefox,,1703058033,2023-05-30 22:16:30,77.2844567172724,0ea1f0bff41ab8b0e92e4f35f3d6eaf801ad3fc0,1249172,,,,,,,,,,,,,,,,,,,,,,,,,,,,,,,,,,,,,,,,,,,,,,,,,,,,,,,,,,,,,TN,TN
autoland,4769114,12,1a03ada32d4ae63ebeeb4561891b61c1e6e17a68,windows10-64-shippable-qr,True,False,,,102210fe594ee9b33d82058545b1ed14f4c8206e,browser-toolbox.close-process.DAMP,damp,True,damp browser-toolbox.close-process.DAMP opt e10s fission stylo webrender-sw,4768818,77,ms,firefox,,1703154490,2023-05-31 02:21:54,78.80505924699537,40997d8c121ee054ffe5df2c1a10d3a392f78c3c,1249255,,,,,,,,,,,,,,,,,,,,,,,,,,,,,,,,,,,,,,,,,,,,,,,,,,,,,,,,,,,,,TN,TN
autoland,4769114,12,1a03ada32d4ae63ebeeb4561891b61c1e6e17a68,windows10-64-shippable-qr,True,False,,,102210fe594ee9b33d82058545b1ed14f4c8206e,browser-toolbox.close-process.DAMP,damp,True,damp browser-toolbox.close-process.DAMP opt e10s fission stylo webrender-sw,4768818,77,ms,firefox,,1703393431,2023-05-31 09:56:26,81.56281221273093,2317c21d7aeb68528ec7946980e7ca68d74c451a,1249439,,,,,,,,,,,,,,,,,,,,,,,,,,,,,,,,,,,,,,,,,,,,,,,,,,,,,,,,,,,,,TN,TN
autoland,4769114,12,1a03ada32d4ae63ebeeb4561891b61c1e6e17a68,windows10-64-shippable-qr,True,False,,,102210fe594ee9b33d82058545b1ed14f4c8206e,browser-toolbox.close-process.DAMP,damp,True,damp browser-toolbox.close-process.DAMP opt e10s fission stylo webrender-sw,4768818,77,ms,firefox,,1703662790,2023-05-31 14:02:33,75.3227221884299,7d2ea0789fc8c8538febac2643670ed4a46de087,1249550,,,,,,,,,,,,,,,,,,,,,,,,,,,,,,,,,,,,,,,,,,,,,,,,,,,,,,,,,,,,,TN,TN
autoland,4769114,12,1a03ada32d4ae63ebeeb4561891b61c1e6e17a68,windows10-64-shippable-qr,True,False,,,102210fe594ee9b33d82058545b1ed14f4c8206e,browser-toolbox.close-process.DAMP,damp,True,damp browser-toolbox.close-process.DAMP opt e10s fission stylo webrender-sw,4768818,77,ms,firefox,,1703753539,2023-05-31 15:08:35,87.48235306968127,513ac812d28fbd668a0b4216f4f52aef38b29501,1249582,,,,,,,,,,,,,,,,,,,,,,,,,,,,,,,,,,,,,,,,,,,,,,,,,,,,,,,,,,,,,TN,TN
autoland,4769114,12,1a03ada32d4ae63ebeeb4561891b61c1e6e17a68,windows10-64-shippable-qr,True,False,,,102210fe594ee9b33d82058545b1ed14f4c8206e,browser-toolbox.close-process.DAMP,damp,True,damp browser-toolbox.close-process.DAMP opt e10s fission stylo webrender-sw,4768818,77,ms,firefox,,1703855199,2023-05-31 17:22:12,81.2360416166739,b1a1fe06a88b8bdb3f1c5564d12f6798261f34f8,1249712,,,,,,,,,,,,,,,,,,,,,,,,,,,,,,,,,,,,,,,,,,,,,,,,,,,,,,,,,,,,,TN,TN
autoland,4769114,12,1a03ada32d4ae63ebeeb4561891b61c1e6e17a68,windows10-64-shippable-qr,True,False,,,102210fe594ee9b33d82058545b1ed14f4c8206e,browser-toolbox.close-process.DAMP,damp,True,damp browser-toolbox.close-process.DAMP opt e10s fission stylo webrender-sw,4768818,77,ms,firefox,,1703997374,2023-05-31 20:28:19,76.80723354217116,acd631722a01cb363c4967477af9f240d35cd218,1249881,,,,,,,,,,,,,,,,,,,,,,,,,,,,,,,,,,,,,,,,,,,,,,,,,,,,,,,,,,,,,TN,TN
autoland,4769114,12,1a03ada32d4ae63ebeeb4561891b61c1e6e17a68,windows10-64-shippable-qr,True,False,,,102210fe594ee9b33d82058545b1ed14f4c8206e,browser-toolbox.close-process.DAMP,damp,True,damp browser-toolbox.close-process.DAMP opt e10s fission stylo webrender-sw,4768818,77,ms,firefox,,1704162481,2023-05-31 23:35:37,75.3855275324604,69cd9d943489100b8424cf1b19b0646cbc9c317c,1250055,,,,,,,,,,,,,,,,,,,,,,,,,,,,,,,,,,,,,,,,,,,,,,,,,,,,,,,,,,,,,TN,TN
autoland,4769114,12,1a03ada32d4ae63ebeeb4561891b61c1e6e17a68,windows10-64-shippable-qr,True,False,,,102210fe594ee9b33d82058545b1ed14f4c8206e,browser-toolbox.close-process.DAMP,damp,True,damp browser-toolbox.close-process.DAMP opt e10s fission stylo webrender-sw,4768818,77,ms,firefox,,1704238187,2023-06-01 03:44:27,79.05153787602467,5d6127a9b7ed37774d6403efd4ee1ec813503592,1250134,,,,,,,,,,,,,,,,,,,,,,,,,,,,,,,,,,,,,,,,,,,,,,,,,,,,,,,,,,,,,TN,TN
autoland,4769114,12,1a03ada32d4ae63ebeeb4561891b61c1e6e17a68,windows10-64-shippable-qr,True,False,,,102210fe594ee9b33d82058545b1ed14f4c8206e,browser-toolbox.close-process.DAMP,damp,True,damp browser-toolbox.close-process.DAMP opt e10s fission stylo webrender-sw,4768818,77,ms,firefox,,1705609264,2023-06-01 07:15:32,75.50906444646535,a5b7a8fa5f410c69abde0d75d111587d15621563,1250179,,,,,,,,,,,,,,,,,,,,,,,,,,,,,,,,,,,,,,,,,,,,,,,,,,,,,,,,,,,,,TN,TN
autoland,4769114,12,1a03ada32d4ae63ebeeb4561891b61c1e6e17a68,windows10-64-shippable-qr,True,False,,,102210fe594ee9b33d82058545b1ed14f4c8206e,browser-toolbox.close-process.DAMP,damp,True,damp browser-toolbox.close-process.DAMP opt e10s fission stylo webrender-sw,4768818,77,ms,firefox,,1705609564,2023-06-01 07:19:26,78.83257272955234,9e25deb0b839505e6189e57f8d5007396d0855f8,1250182,,,,,,,,,,,,,,,,,,,,,,,,,,,,,,,,,,,,,,,,,,,,,,,,,,,,,,,,,,,,,TN,TN
autoland,4769114,12,1a03ada32d4ae63ebeeb4561891b61c1e6e17a68,windows10-64-shippable-qr,True,False,,,102210fe594ee9b33d82058545b1ed14f4c8206e,browser-toolbox.close-process.DAMP,damp,True,damp browser-toolbox.close-process.DAMP opt e10s fission stylo webrender-sw,4768818,77,ms,firefox,,1705610503,2023-06-01 07:20:37,73.50860551508595,bbafcf23c9dd1f160b1433da167a8b527fb992a5,1250183,,,,,,,,,,,,,,,,,,,,,,,,,,,,,,,,,,,,,,,,,,,,,,,,,,,,,,,,,,,,,TN,TN
autoland,4769114,12,1a03ada32d4ae63ebeeb4561891b61c1e6e17a68,windows10-64-shippable-qr,True,False,,,102210fe594ee9b33d82058545b1ed14f4c8206e,browser-toolbox.close-process.DAMP,damp,True,damp browser-toolbox.close-process.DAMP opt e10s fission stylo webrender-sw,4768818,77,ms,firefox,,1705609551,2023-06-01 07:24:20,76.29833115107613,2f0238fa0a6b6167a7fbf5cbeb1803b579fdbe85,1250185,,,,,,,,,,,,,,,,,,,,,,,,,,,,,,,,,,,,,,,,,,,,,,,,,,,,,,,,,,,,,TN,TN
autoland,4769114,12,1a03ada32d4ae63ebeeb4561891b61c1e6e17a68,windows10-64-shippable-qr,True,False,,,102210fe594ee9b33d82058545b1ed14f4c8206e,browser-toolbox.close-process.DAMP,damp,True,damp browser-toolbox.close-process.DAMP opt e10s fission stylo webrender-sw,4768818,77,ms,firefox,,1705609365,2023-06-01 07:40:17,83.5654401188076,c5ae42014f4b06c37cec7a4b6ec87f4e29d779de,1250189,,,,,,,,,,,,,,,,,,,,,,,,,,,,,,,,,,,,,,,,,,,,,,,,,,,,,,,,,,,,,TN,TN
autoland,4769114,12,1a03ada32d4ae63ebeeb4561891b61c1e6e17a68,windows10-64-shippable-qr,True,False,,,102210fe594ee9b33d82058545b1ed14f4c8206e,browser-toolbox.close-process.DAMP,damp,True,damp browser-toolbox.close-process.DAMP opt e10s fission stylo webrender-sw,4768818,77,ms,firefox,,1704350941,2023-06-01 08:18:01,77.43990748512442,310a02cb1216c0fafadcbc049aac0875871eab96,1250206,,,,,,,,,,,,,,,,,,,,,,,,,,,,,,,,,,,,,,,,,,,,,,,,,,,,,,,,,,,,,TN,TN
autoland,4769114,12,1a03ada32d4ae63ebeeb4561891b61c1e6e17a68,windows10-64-shippable-qr,True,False,,,102210fe594ee9b33d82058545b1ed14f4c8206e,browser-toolbox.close-process.DAMP,damp,True,damp browser-toolbox.close-process.DAMP opt e10s fission stylo webrender-sw,4768818,77,ms,firefox,,1705609466,2023-06-01 08:41:23,76.56870746347704,2f0f9d27fb0dd153bdfa9ec65c2e034381d95ee7,1250219,,,,,,,,,,,,,,,,,,,,,,,,,,,,,,,,,,,,,,,,,,,,,,,,,,,,,,,,,,,,,TN,TN
autoland,4769114,12,1a03ada32d4ae63ebeeb4561891b61c1e6e17a68,windows10-64-shippable-qr,True,False,,,102210fe594ee9b33d82058545b1ed14f4c8206e,browser-toolbox.close-process.DAMP,damp,True,damp browser-toolbox.close-process.DAMP opt e10s fission stylo webrender-sw,4768818,77,ms,firefox,,1705609617,2023-06-01 09:10:20,77.28746357119962,f5831419a975994052e44e684323251fae202be2,1250229,,,,,,,,,,,,,,,,,,,,,,,,,,,,,,,,,,,,,,,,,,,,,,,,,,,,,,,,,,,,,TN,TN
autoland,4769114,12,1a03ada32d4ae63ebeeb4561891b61c1e6e17a68,windows10-64-shippable-qr,True,False,,,102210fe594ee9b33d82058545b1ed14f4c8206e,browser-toolbox.close-process.DAMP,damp,True,damp browser-toolbox.close-process.DAMP opt e10s fission stylo webrender-sw,4768818,77,ms,firefox,,1705609667,2023-06-01 09:49:20,77.34745906478202,d8f21cb15dfece3ae31c2e8caa622be8756072a0,1250242,,,,,,,,,,,,,,,,,,,,,,,,,,,,,,,,,,,,,,,,,,,,,,,,,,,,,,,,,,,,,TN,TN
autoland,4769114,12,1a03ada32d4ae63ebeeb4561891b61c1e6e17a68,windows10-64-shippable-qr,True,False,,,102210fe594ee9b33d82058545b1ed14f4c8206e,browser-toolbox.close-process.DAMP,damp,True,damp browser-toolbox.close-process.DAMP opt e10s fission stylo webrender-sw,4768818,77,ms,firefox,,1704400142,2023-06-01 09:51:53,79.22359677086934,3ee1184f75ef01c3b8b3acb826d84a189cac75ce,1250243,,,,,,,,,,,,,,,,,,,,,,,,,,,,,,,,,,,,,,,,,,,,,,,,,,,,,,,,,,,,,TN,TN
autoland,4769114,12,1a03ada32d4ae63ebeeb4561891b61c1e6e17a68,windows10-64-shippable-qr,True,False,,,102210fe594ee9b33d82058545b1ed14f4c8206e,browser-toolbox.close-process.DAMP,damp,True,damp browser-toolbox.close-process.DAMP opt e10s fission stylo webrender-sw,4768818,77,ms,firefox,,1705610330,2023-06-01 11:21:51,77.33800732844975,cbc2c6fc648beb19f1d23ef4d854692fa4f2c525,1250291,,,,,,,,,,,,,,,,,,,,,,,,,,,,,,,,,,,,,,,,,,,,,,,,,,,,,,,,,,,,,TN,TN
autoland,4769114,12,1a03ada32d4ae63ebeeb4561891b61c1e6e17a68,windows10-64-shippable-qr,True,False,,,102210fe594ee9b33d82058545b1ed14f4c8206e,browser-toolbox.close-process.DAMP,damp,True,damp browser-toolbox.close-process.DAMP opt e10s fission stylo webrender-sw,4768818,77,ms,firefox,,1705609070,2023-06-01 11:29:34,77.46838234190727,25040b193885f081d423a115facf5513e83b3dd2,1250294,,,,,,,,,,,,,,,,,,,,,,,,,,,,,,,,,,,,,,,,,,,,,,,,,,,,,,,,,,,,,TN,TN
autoland,4769114,12,1a03ada32d4ae63ebeeb4561891b61c1e6e17a68,windows10-64-shippable-qr,True,False,,,102210fe594ee9b33d82058545b1ed14f4c8206e,browser-toolbox.close-process.DAMP,damp,True,damp browser-toolbox.close-process.DAMP opt e10s fission stylo webrender-sw,4768818,77,ms,firefox,,1705610289,2023-06-01 11:30:27,78.79060635568749,683ef325f686f1b12caa1b7d0dff4b9b62f6d486,1250295,,,,,,,,,,,,,,,,,,,,,,,,,,,,,,,,,,,,,,,,,,,,,,,,,,,,,,,,,,,,,TN,TN
autoland,4769114,12,1a03ada32d4ae63ebeeb4561891b61c1e6e17a68,windows10-64-shippable-qr,True,False,,,102210fe594ee9b33d82058545b1ed14f4c8206e,browser-toolbox.close-process.DAMP,damp,True,damp browser-toolbox.close-process.DAMP opt e10s fission stylo webrender-sw,4768818,77,ms,firefox,,1705609315,2023-06-01 11:34:41,81.95699270466866,9fb00746928bd756d343e54ab648cc8a7c997e26,1250299,,,,,,,,,,,,,,,,,,,,,,,,,,,,,,,,,,,,,,,,,,,,,,,,,,,,,,,,,,,,,TN,TN
autoland,4769114,12,1a03ada32d4ae63ebeeb4561891b61c1e6e17a68,windows10-64-shippable-qr,True,False,,,102210fe594ee9b33d82058545b1ed14f4c8206e,browser-toolbox.close-process.DAMP,damp,True,damp browser-toolbox.close-process.DAMP opt e10s fission stylo webrender-sw,4768818,77,ms,firefox,,1705609415,2023-06-01 11:59:35,78.19885072966281,562d35ef08e052f1f9d77f94747eb21b1bc17571,1250314,,,,,,,,,,,,,,,,,,,,,,,,,,,,,,,,,,,,,,,,,,,,,,,,,,,,,,,,,,,,,TN,TN
autoland,4769114,12,1a03ada32d4ae63ebeeb4561891b61c1e6e17a68,windows10-64-shippable-qr,True,False,,,102210fe594ee9b33d82058545b1ed14f4c8206e,browser-toolbox.close-process.DAMP,damp,True,damp browser-toolbox.close-process.DAMP opt e10s fission stylo webrender-sw,4768818,77,ms,firefox,,1705609162,2023-06-01 12:20:22,76.3280415334084,3e9395255b3b6e8ca5b7939dc95996f644450a39,1250335,,,,,,,,,,,,,,,,,,,,,,,,,,,,,,,,,,,,,,,,,,,,,,,,,,,,,,,,,,,,,TN,TN
autoland,4769114,12,1a03ada32d4ae63ebeeb4561891b61c1e6e17a68,windows10-64-shippable-qr,True,False,,,102210fe594ee9b33d82058545b1ed14f4c8206e,browser-toolbox.close-process.DAMP,damp,True,damp browser-toolbox.close-process.DAMP opt e10s fission stylo webrender-sw,4768818,77,ms,firefox,,1705610514,2023-06-01 12:49:14,80.51298277735623,55893c68c046b0153e38f8782466ed2777e6260b,1250352,,,,,,,,,,,,,,,,,,,,,,,,,,,,,,,,,,,,,,,,,,,,,,,,,,,,,,,,,,,,,TN,TN
autoland,4769114,12,1a03ada32d4ae63ebeeb4561891b61c1e6e17a68,windows10-64-shippable-qr,True,False,,,102210fe594ee9b33d82058545b1ed14f4c8206e,browser-toolbox.close-process.DAMP,damp,True,damp browser-toolbox.close-process.DAMP opt e10s fission stylo webrender-sw,4768818,77,ms,firefox,,1705610564,2023-06-01 13:02:40,78.18686121719657,62dc51023b99f8e84c8a583ce7dd1fcc031ffdb1,1250358,,,,,,,,,,,,,,,,,,,,,,,,,,,,,,,,,,,,,,,,,,,,,,,,,,,,,,,,,,,,,TN,TN
autoland,4769114,12,1a03ada32d4ae63ebeeb4561891b61c1e6e17a68,windows10-64-shippable-qr,True,False,,,102210fe594ee9b33d82058545b1ed14f4c8206e,browser-toolbox.close-process.DAMP,damp,True,damp browser-toolbox.close-process.DAMP opt e10s fission stylo webrender-sw,4768818,77,ms,firefox,,1705609214,2023-06-01 13:40:25,78.26399202369794,f48b35a6fdcea4bc3e57903423cdb39307f9e7ca,1250378,,,,,,,,,,,,,,,,,,,,,,,,,,,,,,,,,,,,,,,,,,,,,,,,,,,,,,,,,,,,,TN,TN
autoland,4769114,12,1a03ada32d4ae63ebeeb4561891b61c1e6e17a68,windows10-64-shippable-qr,True,False,,,102210fe594ee9b33d82058545b1ed14f4c8206e,browser-toolbox.close-process.DAMP,damp,True,damp browser-toolbox.close-process.DAMP opt e10s fission stylo webrender-sw,4768818,77,ms,firefox,,1704621875,2023-06-01 13:54:39,79.40566286326793,01e7e891e3d0793f8a185fe99b6f8cc9c6ffa74e,1250379,,,,,,,,,,,,,,,,,,,,,,,,,,,,,,,,,,,,,,,,,,,,,,,,,,,,,,,,,,,,,TN,TN
autoland,4769114,12,1a03ada32d4ae63ebeeb4561891b61c1e6e17a68,windows10-64-shippable-qr,True,False,,,102210fe594ee9b33d82058545b1ed14f4c8206e,browser-toolbox.close-process.DAMP,damp,True,damp browser-toolbox.close-process.DAMP opt e10s fission stylo webrender-sw,4768818,77,ms,firefox,,1705620042,2023-06-01 17:37:22,75.14493879035581,2b3710ebb7a4e69d181fd9b30470d07e18e499df,1250563,,,,,,,,,,,,,,,,,,,,,,,,,,,,,,,,,,,,,,,,,,,,,,,,,,,,,,,,,,,,,TN,TN
autoland,4769114,12,1a03ada32d4ae63ebeeb4561891b61c1e6e17a68,windows10-64-shippable-qr,True,False,,,102210fe594ee9b33d82058545b1ed14f4c8206e,browser-toolbox.close-process.DAMP,damp,True,damp browser-toolbox.close-process.DAMP opt e10s fission stylo webrender-sw,4768818,77,ms,firefox,,1705622823,2023-06-01 17:46:50,74.3031847099046,177c6c24592b834f2e11f2cd6175be3dc11a6d51,1250570,,,,,,,,,,,,,,,,,,,,,,,,,,,,,,,,,,,,,,,,,,,,,,,,,,,,,,,,,,,,,TN,TN
autoland,4769114,12,1a03ada32d4ae63ebeeb4561891b61c1e6e17a68,windows10-64-shippable-qr,True,False,,,102210fe594ee9b33d82058545b1ed14f4c8206e,browser-toolbox.close-process.DAMP,damp,True,damp browser-toolbox.close-process.DAMP opt e10s fission stylo webrender-sw,4768818,77,ms,firefox,,1705623187,2023-06-01 18:53:52,76.96377432424924,fd3a8a02dbc971a920d73a7a722a110d5fba42d6,1250599,,,,,,,,,,,,,,,,,,,,,,,,,,,,,,,,,,,,,,,,,,,,,,,,,,,,,,,,,,,,,TN,TN
autoland,4769114,12,1a03ada32d4ae63ebeeb4561891b61c1e6e17a68,windows10-64-shippable-qr,True,False,,,102210fe594ee9b33d82058545b1ed14f4c8206e,browser-toolbox.close-process.DAMP,damp,True,damp browser-toolbox.close-process.DAMP opt e10s fission stylo webrender-sw,4768818,77,ms,firefox,,1705622610,2023-06-01 19:01:09,75.63928309088442,292b074ce7a5d8e2db9180d2974b71be965a5ccc,1250605,,,,,,,,,,,,,,,,,,,,,,,,,,,,,,,,,,,,,,,,,,,,,,,,,,,,,,,,,,,,,TN,TN
autoland,4769114,12,1a03ada32d4ae63ebeeb4561891b61c1e6e17a68,windows10-64-shippable-qr,True,False,,,102210fe594ee9b33d82058545b1ed14f4c8206e,browser-toolbox.close-process.DAMP,damp,True,damp browser-toolbox.close-process.DAMP opt e10s fission stylo webrender-sw,4768818,77,ms,firefox,,1705614920,2023-06-01 19:27:13,77.56989057192186,68e2320457eb41774fbbbe5e366e7497606e31db,1250616,,,,,,,,,,,,,,,,,,,,,,,,,,,,,,,,,,,,,,,,,,,,,,,,,,,,,,,,,,,,,TN,TN
autoland,4769114,12,1a03ada32d4ae63ebeeb4561891b61c1e6e17a68,windows10-64-shippable-qr,True,False,,,102210fe594ee9b33d82058545b1ed14f4c8206e,browser-toolbox.close-process.DAMP,damp,True,damp browser-toolbox.close-process.DAMP opt e10s fission stylo webrender-sw,4768818,77,ms,firefox,,1705621772,2023-06-01 19:30:06,78.06865859934624,9e2c7d3018de11a6ee398dfee3c12ca33bec802c,1250618,,,,,,,,,,,,,,,,,,,,,,,,,,,,,,,,,,,,,,,,,,,,,,,,,,,,,,,,,,,,,TN,TN
autoland,4769114,12,1a03ada32d4ae63ebeeb4561891b61c1e6e17a68,windows10-64-shippable-qr,True,False,,,102210fe594ee9b33d82058545b1ed14f4c8206e,browser-toolbox.close-process.DAMP,damp,True,damp browser-toolbox.close-process.DAMP opt e10s fission stylo webrender-sw,4768818,77,ms,firefox,,1705621591,2023-06-01 19:30:59,78.2878853611328,5e373d506d558e7261842cdbb855158412408a98,1250620,,,,,,,,,,,,,,,,,,,,,,,,,,,,,,,,,,,,,,,,,,,,,,,,,,,,,,,,,,,,,TN,TN
autoland,4769114,12,1a03ada32d4ae63ebeeb4561891b61c1e6e17a68,windows10-64-shippable-qr,True,False,,,102210fe594ee9b33d82058545b1ed14f4c8206e,browser-toolbox.close-process.DAMP,damp,True,damp browser-toolbox.close-process.DAMP opt e10s fission stylo webrender-sw,4768818,77,ms,firefox,,1705621649,2023-06-01 19:31:53,79.03648344444082,1c870e0b631be614c6c0041f2d4ad8cd4cb0ed1d,1250621,,,,,,,,,,,,,,,,,,,,,,,,,,,,,,,,,,,,,,,,,,,,,,,,,,,,,,,,,,,,,TN,TN
autoland,4769114,12,1a03ada32d4ae63ebeeb4561891b61c1e6e17a68,windows10-64-shippable-qr,True,False,,,102210fe594ee9b33d82058545b1ed14f4c8206e,browser-toolbox.close-process.DAMP,damp,True,damp browser-toolbox.close-process.DAMP opt e10s fission stylo webrender-sw,4768818,77,ms,firefox,,1705619661,2023-06-01 19:32:49,77.80190628065611,d58641e1ccd1a3e181799d0a06a98678fc1bdf9c,1250623,,,,,,,,,,,,,,,,,,,,,,,,,,,,,,,,,,,,,,,,,,,,,,,,,,,,,,,,,,,,,TN,TN
autoland,4769114,12,1a03ada32d4ae63ebeeb4561891b61c1e6e17a68,windows10-64-shippable-qr,True,False,,,102210fe594ee9b33d82058545b1ed14f4c8206e,browser-toolbox.close-process.DAMP,damp,True,damp browser-toolbox.close-process.DAMP opt e10s fission stylo webrender-sw,4768818,77,ms,firefox,,1704803274,2023-06-01 19:53:44,79.72859917896858,ae0f513f1d25aef3f79ad009b5f2dd7407536827,1250634,,,,,,,,,,,,,,,,,,,,,,,,,,,,,,,,,,,,,,,,,,,,,,,,,,,,,,,,,,,,,TN,TN
autoland,4769114,12,1a03ada32d4ae63ebeeb4561891b61c1e6e17a68,windows10-64-shippable-qr,True,False,,,102210fe594ee9b33d82058545b1ed14f4c8206e,browser-toolbox.close-process.DAMP,damp,True,damp browser-toolbox.close-process.DAMP opt e10s fission stylo webrender-sw,4768818,77,ms,firefox,,1705621109,2023-06-01 20:22:41,78.65223191000405,1fa8d2cfeeb886bdfea10f7bf40e6d4783101a56,1250646,,,,,,,,,,,,,,,,,,,,,,,,,,,,,,,,,,,,,,,,,,,,,,,,,,,,,,,,,,,,,TN,TN
autoland,4769114,12,1a03ada32d4ae63ebeeb4561891b61c1e6e17a68,windows10-64-shippable-qr,True,False,,,102210fe594ee9b33d82058545b1ed14f4c8206e,browser-toolbox.close-process.DAMP,damp,True,damp browser-toolbox.close-process.DAMP opt e10s fission stylo webrender-sw,4768818,77,ms,firefox,,1705623035,2023-06-01 20:23:34,81.21297392353881,82e198deee76264730763e2f36fa52298456b773,1250647,,,,,,,,,,,,,,,,,,,,,,,,,,,,,,,,,,,,,,,,,,,,,,,,,,,,,,,,,,,,,TN,TN
autoland,4769114,12,1a03ada32d4ae63ebeeb4561891b61c1e6e17a68,windows10-64-shippable-qr,True,False,,,102210fe594ee9b33d82058545b1ed14f4c8206e,browser-toolbox.close-process.DAMP,damp,True,damp browser-toolbox.close-process.DAMP opt e10s fission stylo webrender-sw,4768818,77,ms,firefox,,1705622886,2023-06-01 20:24:24,73.04353940397414,fb52e6ee18c65d0d8818f001f0a49805e43c16bc,1250649,,,,,,,,,,,,,,,,,,,,,,,,,,,,,,,,,,,,,,,,,,,,,,,,,,,,,,,,,,,,,TN,TN
autoland,4769114,12,1a03ada32d4ae63ebeeb4561891b61c1e6e17a68,windows10-64-shippable-qr,True,False,,,102210fe594ee9b33d82058545b1ed14f4c8206e,browser-toolbox.close-process.DAMP,damp,True,damp browser-toolbox.close-process.DAMP opt e10s fission stylo webrender-sw,4768818,77,ms,firefox,,1705621318,2023-06-01 21:15:01,77.02082952177443,1cf3742ac6dcf4fa57256506dad12b389e1e3071,1250666,,,,,,,,,,,,,,,,,,,,,,,,,,,,,,,,,,,,,,,,,,,,,,,,,,,,,,,,,,,,,TN,TN
autoland,4769114,12,1a03ada32d4ae63ebeeb4561891b61c1e6e17a68,windows10-64-shippable-qr,True,False,,,102210fe594ee9b33d82058545b1ed14f4c8206e,browser-toolbox.close-process.DAMP,damp,True,damp browser-toolbox.close-process.DAMP opt e10s fission stylo webrender-sw,4768818,77,ms,firefox,,1704848374,2023-06-01 21:35:55,83.09900835994631,9718fca142ae7765c8ca6c3616fab6e303225556,1250675,,,,,,,,,,,,,,,,,,,,,,,,,,,,,,,,,,,,,,,,,,,,,,,,,,,,,,,,,,,,,TN,TN
autoland,4769114,12,1a03ada32d4ae63ebeeb4561891b61c1e6e17a68,windows10-64-shippable-qr,True,False,,,102210fe594ee9b33d82058545b1ed14f4c8206e,browser-toolbox.close-process.DAMP,damp,True,damp browser-toolbox.close-process.DAMP opt e10s fission stylo webrender-sw,4768818,77,ms,firefox,,1704931333,2023-06-02 02:04:00,76.64251390763093,c365694efc9c7ac4c2c010f9dc97afb7c80107ee,1250783,,,,,,,,,,,,,,,,,,,,,,,,,,,,,,,,,,,,,,,,,,,,,,,,,,,,,,,,,,,,,TN,TN
autoland,4769114,12,1a03ada32d4ae63ebeeb4561891b61c1e6e17a68,windows10-64-shippable-qr,True,False,,,102210fe594ee9b33d82058545b1ed14f4c8206e,browser-toolbox.close-process.DAMP,damp,True,damp browser-toolbox.close-process.DAMP opt e10s fission stylo webrender-sw,4768818,77,ms,firefox,,1705153651,2023-06-02 12:19:13,75.42926969964174,5d642eb9394b5f5e9e9f0a4b6be492055e341e31,1250979,,,,,,,,,,,,,,,,,,,,,,,,,,,,,,,,,,,,,,,,,,,,,,,,,,,,,,,,,,,,,TN,TN
autoland,4769114,12,1a03ada32d4ae63ebeeb4561891b61c1e6e17a68,windows10-64-shippable-qr,True,False,,,102210fe594ee9b33d82058545b1ed14f4c8206e,browser-toolbox.close-process.DAMP,damp,True,damp browser-toolbox.close-process.DAMP opt e10s fission stylo webrender-sw,4768818,77,ms,firefox,,1705193090,2023-06-02 13:27:34,76.03151593016082,e2c71d0ed1e8bb2b9752f78b13c31171d5dde3a9,1251019,,,,,,,,,,,,,,,,,,,,,,,,,,,,,,,,,,,,,,,,,,,,,,,,,,,,,,,,,,,,,TN,TN
autoland,4769114,12,1a03ada32d4ae63ebeeb4561891b61c1e6e17a68,windows10-64-shippable-qr,True,False,,,102210fe594ee9b33d82058545b1ed14f4c8206e,browser-toolbox.close-process.DAMP,damp,True,damp browser-toolbox.close-process.DAMP opt e10s fission stylo webrender-sw,4768818,77,ms,firefox,,1705320922,2023-06-02 17:59:13,79.67933841532067,ad7e9e56836f2bd7e0668d322719f548e825a685,1251185,,,,,,,,,,,,,,,,,,,,,,,,,,,,,,,,,,,,,,,,,,,,,,,,,,,,,,,,,,,,,TN,TN
autoland,4769114,12,1a03ada32d4ae63ebeeb4561891b61c1e6e17a68,windows10-64-shippable-qr,True,False,,,102210fe594ee9b33d82058545b1ed14f4c8206e,browser-toolbox.close-process.DAMP,damp,True,damp browser-toolbox.close-process.DAMP opt e10s fission stylo webrender-sw,4768818,77,ms,firefox,,1705300338,2023-06-02 18:03:52,76.13458366031409,8c3b1c60fde747fcb4e3421062a37b829d6acb9f,1251187,,,,,,,,,,,,,,,,,,,,,,,,,,,,,,,,,,,,,,,,,,,,,,,,,,,,,,,,,,,,,TN,TN
autoland,4769114,12,1a03ada32d4ae63ebeeb4561891b61c1e6e17a68,windows10-64-shippable-qr,True,False,,,102210fe594ee9b33d82058545b1ed14f4c8206e,browser-toolbox.close-process.DAMP,damp,True,damp browser-toolbox.close-process.DAMP opt e10s fission stylo webrender-sw,4768818,77,ms,firefox,,1705390186,2023-06-02 22:18:32,76.33314719265036,b9f63a24bc677e4c6a1f9bc801c2e3bf44dbd6e8,1251308,,,,,,,,,,,,,,,,,,,,,,,,,,,,,,,,,,,,,,,,,,,,,,,,,,,,,,,,,,,,,TN,TN
autoland,4769114,12,1a03ada32d4ae63ebeeb4561891b61c1e6e17a68,windows10-64-shippable-qr,True,False,,,102210fe594ee9b33d82058545b1ed14f4c8206e,browser-toolbox.close-process.DAMP,damp,True,damp browser-toolbox.close-process.DAMP opt e10s fission stylo webrender-sw,4768818,77,ms,firefox,,1705442710,2023-06-03 05:40:17,75.00528213419602,64bce9d136ae9b4bd5482515721d6daf2da53dc3,1251358,,,,,,,,,,,,,,,,,,,,,,,,,,,,,,,,,,,,,,,,,,,,,,,,,,,,,,,,,,,,,TN,TN
autoland,4769114,12,1a03ada32d4ae63ebeeb4561891b61c1e6e17a68,windows10-64-shippable-qr,True,False,,,102210fe594ee9b33d82058545b1ed14f4c8206e,browser-toolbox.close-process.DAMP,damp,True,damp browser-toolbox.close-process.DAMP opt e10s fission stylo webrender-sw,4768818,77,ms,firefox,,1705529485,2023-06-03 14:24:38,80.46342866211853,7bc8c25b2935765c57adc63333c221bbe5067831,1251409,,,,,,,,,,,,,,,,,,,,,,,,,,,,,,,,,,,,,,,,,,,,,,,,,,,,,,,,,,,,,TN,TN
autoland,4769114,12,1a03ada32d4ae63ebeeb4561891b61c1e6e17a68,windows10-64-shippable-qr,True,False,,,102210fe594ee9b33d82058545b1ed14f4c8206e,browser-toolbox.close-process.DAMP,damp,True,damp browser-toolbox.close-process.DAMP opt e10s fission stylo webrender-sw,4768818,77,ms,firefox,,1705590718,2023-06-03 23:39:13,80.33697069078335,b8f06acca6bf62e32647496ed613012fa4c27e9e,1251453,,,,,,,,,,,,,,,,,,,,,,,,,,,,,,,,,,,,,,,,,,,,,,,,,,,,,,,,,,,,,TN,TN
autoland,4769114,12,1a03ada32d4ae63ebeeb4561891b61c1e6e17a68,windows10-64-shippable-qr,True,False,,,102210fe594ee9b33d82058545b1ed14f4c8206e,browser-toolbox.close-process.DAMP,damp,True,damp browser-toolbox.close-process.DAMP opt e10s fission stylo webrender-sw,4768818,77,ms,firefox,,1705673999,2023-06-04 11:53:44,73.5580536617199,00802389f336283602445d4f08e53b8bd09b43eb,1251481,,,,,,,,,,,,,,,,,,,,,,,,,,,,,,,,,,,,,,,,,,,,,,,,,,,,,,,,,,,,,TN,TN
autoland,4769114,12,1a03ada32d4ae63ebeeb4561891b61c1e6e17a68,windows10-64-shippable-qr,True,False,,,102210fe594ee9b33d82058545b1ed14f4c8206e,browser-toolbox.close-process.DAMP,damp,True,damp browser-toolbox.close-process.DAMP opt e10s fission stylo webrender-sw,4768818,77,ms,firefox,,1707244561,2023-06-04 12:16:03,82.4688499253134,54a959f32279f40b113d9f866a11411fd1401b01,1251484,,,,,,,,,,,,,,,,,,,,,,,,,,,,,,,,,,,,,,,,,,,,,,,,,,,,,,,,,,,,,TN,TN
autoland,4769114,12,1a03ada32d4ae63ebeeb4561891b61c1e6e17a68,windows10-64-shippable-qr,True,False,,,102210fe594ee9b33d82058545b1ed14f4c8206e,browser-toolbox.close-process.DAMP,damp,True,damp browser-toolbox.close-process.DAMP opt e10s fission stylo webrender-sw,4768818,77,ms,firefox,,1707244666,2023-06-04 15:30:56,80.40691050168243,81afd61afe48ea4877eff969a6eda908bcf79231,1251486,,,,,,,,,,,,,,,,,,,,,,,,,,,,,,,,,,,,,,,,,,,,,,,,,,,,,,,,,,,,,TN,TN
autoland,4769114,12,1a03ada32d4ae63ebeeb4561891b61c1e6e17a68,windows10-64-shippable-qr,True,False,,,102210fe594ee9b33d82058545b1ed14f4c8206e,browser-toolbox.close-process.DAMP,damp,True,damp browser-toolbox.close-process.DAMP opt e10s fission stylo webrender-sw,4768818,77,ms,firefox,,1707244611,2023-06-04 15:33:34,78.01869072110276,8a4b7b46101dab1ab91d388939059d21319cd034,1251487,,,,,,,,,,,,,,,,,,,,,,,,,,,,,,,,,,,,,,,,,,,,,,,,,,,,,,,,,,,,,TN,TN
autoland,4769114,12,1a03ada32d4ae63ebeeb4561891b61c1e6e17a68,windows10-64-shippable-qr,True,False,,,102210fe594ee9b33d82058545b1ed14f4c8206e,browser-toolbox.close-process.DAMP,damp,True,damp browser-toolbox.close-process.DAMP opt e10s fission stylo webrender-sw,4768818,77,ms,firefox,,1707245010,2023-06-04 18:58:43,82.5463044029384,711f085aefdfb5da768b3be4fea2b93b914315a8,1251508,,,,,,,,,,,,,,,,,,,,,,,,,,,,,,,,,,,,,,,,,,,,,,,,,,,,,,,,,,,,,TN,TN
autoland,4769114,12,1a03ada32d4ae63ebeeb4561891b61c1e6e17a68,windows10-64-shippable-qr,True,False,,,102210fe594ee9b33d82058545b1ed14f4c8206e,browser-toolbox.close-process.DAMP,damp,True,damp browser-toolbox.close-process.DAMP opt e10s fission stylo webrender-sw,4768818,77,ms,firefox,,1705710307,2023-06-04 20:28:08,74.12834604631644,eeba3a3c20a4dc53210a44734b25d2c0870b6523,1251514,,,,,,,,,,,,,,,,,,,,,,,,,,,,,,,,,,,,,,,,,,,,,,,,,,,,,,,,,,,,,TN,TN
autoland,4769114,12,1a03ada32d4ae63ebeeb4561891b61c1e6e17a68,windows10-64-shippable-qr,True,False,,,102210fe594ee9b33d82058545b1ed14f4c8206e,browser-toolbox.close-process.DAMP,damp,True,damp browser-toolbox.close-process.DAMP opt e10s fission stylo webrender-sw,4768818,77,ms,firefox,,1705754120,2023-06-05 03:24:10,77.42965540668229,f8fa7749f7bdc93fa3491918a4e8b0fb4db659eb,1251552,,,,,,,,,,,,,,,,,,,,,,,,,,,,,,,,,,,,,,,,,,,,,,,,,,,,,,,,,,,,,TN,TN
autoland,4769114,12,1a03ada32d4ae63ebeeb4561891b61c1e6e17a68,windows10-64-shippable-qr,True,False,,,102210fe594ee9b33d82058545b1ed14f4c8206e,browser-toolbox.close-process.DAMP,damp,True,damp browser-toolbox.close-process.DAMP opt e10s fission stylo webrender-sw,4768818,77,ms,firefox,,1707266790,2023-06-05 03:25:04,73.74453654733952,81cd7f4816f3daf1d688f97792dd5d00d3be920b,1251553,,,,,,,,,,,,,,,,,,,,,,,,,,,,,,,,,,,,,,,,,,,,,,,,,,,,,,,,,,,,,TN,TN
autoland,4769114,12,1a03ada32d4ae63ebeeb4561891b61c1e6e17a68,windows10-64-shippable-qr,True,False,,,102210fe594ee9b33d82058545b1ed14f4c8206e,browser-toolbox.close-process.DAMP,damp,True,damp browser-toolbox.close-process.DAMP opt e10s fission stylo webrender-sw,4768818,77,ms,firefox,,1707267532,2023-06-05 07:01:29,77.57315971744538,248e918023c0768852d9c12f1d7ff5dae75f3c0e,1251577,,,,,,,,,,,,,,,,,,,,,,,,,,,,,,,,,,,,,,,,,,,,,,,,,,,,,,,,,,,,,TN,TN
autoland,4769114,12,1a03ada32d4ae63ebeeb4561891b61c1e6e17a68,windows10-64-shippable-qr,True,False,,,102210fe594ee9b33d82058545b1ed14f4c8206e,browser-toolbox.close-process.DAMP,damp,True,damp browser-toolbox.close-process.DAMP opt e10s fission stylo webrender-sw,4768818,77,ms,firefox,,1705808802,2023-06-05 08:05:57,73.2207161849874,61d4558543daf8b284b3194aba84289d6e31ad2f,1251588,,,,,,,,,,,,,,,,,,,,,,,,,,,,,,,,,,,,,,,,,,,,,,,,,,,,,,,,,,,,,TN,TN
autoland,4769114,12,1a03ada32d4ae63ebeeb4561891b61c1e6e17a68,windows10-64-shippable-qr,True,False,,,102210fe594ee9b33d82058545b1ed14f4c8206e,browser-toolbox.close-process.DAMP,damp,True,damp browser-toolbox.close-process.DAMP opt e10s fission stylo webrender-sw,4768818,77,ms,firefox,,1707720301,2023-06-05 10:23:29,80.69320668507135,fffad11d6497f3cb4ea9449117c03a0cc2b2e579,1251657,,,,,,,,,,,,,,,,,,,,,,,,,,,,,,,,,,,,,,,,,,,,,,,,,,,,,,,,,,,,,TN,TN
autoland,4769114,12,1a03ada32d4ae63ebeeb4561891b61c1e6e17a68,windows10-64-shippable-qr,True,False,,,102210fe594ee9b33d82058545b1ed14f4c8206e,browser-toolbox.close-process.DAMP,damp,True,damp browser-toolbox.close-process.DAMP opt e10s fission stylo webrender-sw,4768818,77,ms,firefox,,1707270520,2023-06-05 10:30:18,79.47166459816799,22010d1ad0e27aee460e9e0956653b7049f1afdd,1251659,,,,,,,,,,,,,,,,,,,,,,,,,,,,,,,,,,,,,,,,,,,,,,,,,,,,,,,,,,,,,TN,TN
autoland,4769114,12,1a03ada32d4ae63ebeeb4561891b61c1e6e17a68,windows10-64-shippable-qr,True,False,,,102210fe594ee9b33d82058545b1ed14f4c8206e,browser-toolbox.close-process.DAMP,damp,True,damp browser-toolbox.close-process.DAMP opt e10s fission stylo webrender-sw,4768818,77,ms,firefox,,1707268443,2023-06-05 10:34:09,81.41961922894552,48b51f29e973bf39ecaf36751eac9f2968e179ed,1251660,,,,,,,,,,,,,,,,,,,,,,,,,,,,,,,,,,,,,,,,,,,,,,,,,,,,,,,,,,,,,TN,TN
autoland,4769114,12,1a03ada32d4ae63ebeeb4561891b61c1e6e17a68,windows10-64-shippable-qr,True,False,,,102210fe594ee9b33d82058545b1ed14f4c8206e,browser-toolbox.close-process.DAMP,damp,True,damp browser-toolbox.close-process.DAMP opt e10s fission stylo webrender-sw,4768818,77,ms,firefox,,1707273063,2023-06-05 10:58:25,86.66576554808125,5e2344a050c659d48a98fe76f8186702c8a6ada9,1251681,,,,,,,,,,,,,,,,,,,,,,,,,,,,,,,,,,,,,,,,,,,,,,,,,,,,,,,,,,,,,TN,TN
autoland,4769114,12,1a03ada32d4ae63ebeeb4561891b61c1e6e17a68,windows10-64-shippable-qr,True,False,,,102210fe594ee9b33d82058545b1ed14f4c8206e,browser-toolbox.close-process.DAMP,damp,True,damp browser-toolbox.close-process.DAMP opt e10s fission stylo webrender-sw,4768818,77,ms,firefox,,1707267297,2023-06-05 11:06:28,83.86749164669891,64ebc96e2d3f86b8407e7508bb2f9a51d8c50ce6,1251688,,,,,,,,,,,,,,,,,,,,,,,,,,,,,,,,,,,,,,,,,,,,,,,,,,,,,,,,,,,,,TN,TN
autoland,4769114,12,1a03ada32d4ae63ebeeb4561891b61c1e6e17a68,windows10-64-shippable-qr,True,False,,,102210fe594ee9b33d82058545b1ed14f4c8206e,browser-toolbox.close-process.DAMP,damp,True,damp browser-toolbox.close-process.DAMP opt e10s fission stylo webrender-sw,4768818,77,ms,firefox,,1707268726,2023-06-05 11:07:18,79.81770717775726,ca0b0fb7af61730c45cba444609753b64b8582db,1251689,,,,,,,,,,,,,,,,,,,,,,,,,,,,,,,,,,,,,,,,,,,,,,,,,,,,,,,,,,,,,TN,TN
autoland,4769114,12,1a03ada32d4ae63ebeeb4561891b61c1e6e17a68,windows10-64-shippable-qr,True,False,,,102210fe594ee9b33d82058545b1ed14f4c8206e,browser-toolbox.close-process.DAMP,damp,True,damp browser-toolbox.close-process.DAMP opt e10s fission stylo webrender-sw,4768818,77,ms,firefox,,1707267207,2023-06-05 11:35:26,82.91153001876955,4720a9935e8e3b961140aa51371ea2a49b1936bd,1251701,,,,,,,,,,,,,,,,,,,,,,,,,,,,,,,,,,,,,,,,,,,,,,,,,,,,,,,,,,,,,TN,TN
autoland,4769114,12,1a03ada32d4ae63ebeeb4561891b61c1e6e17a68,windows10-64-shippable-qr,True,False,,,102210fe594ee9b33d82058545b1ed14f4c8206e,browser-toolbox.close-process.DAMP,damp,True,damp browser-toolbox.close-process.DAMP opt e10s fission stylo webrender-sw,4768818,77,ms,firefox,,1707274687,2023-06-05 11:50:26,78.50033860263648,b3a4513f58dbf1121a87328cada724c68f6d453c,1251705,,,,,,,,,,,,,,,,,,,,,,,,,,,,,,,,,,,,,,,,,,,,,,,,,,,,,,,,,,,,,TN,TN
autoland,4769114,12,1a03ada32d4ae63ebeeb4561891b61c1e6e17a68,windows10-64-shippable-qr,True,False,,,102210fe594ee9b33d82058545b1ed14f4c8206e,browser-toolbox.close-process.DAMP,damp,True,damp browser-toolbox.close-process.DAMP opt e10s fission stylo webrender-sw,4768818,77,ms,firefox,,1707244465,2023-06-05 11:51:57,84.54173804796301,6ad4019db2d5ac7bea3f12238282b70312e33b89,1251708,,,,,,,,,,,,,,,,,,,,,,,,,,,,,,,,,,,,,,,,,,,,,,,,,,,,,,,,,,,,,TN,TN
autoland,4769114,12,1a03ada32d4ae63ebeeb4561891b61c1e6e17a68,windows10-64-shippable-qr,True,False,,,102210fe594ee9b33d82058545b1ed14f4c8206e,browser-toolbox.close-process.DAMP,damp,True,damp browser-toolbox.close-process.DAMP opt e10s fission stylo webrender-sw,4768818,77,ms,firefox,,1705906855,2023-06-05 12:01:26,79.82462278368621,00af548d93acc8c2c3ab652a04c882e3a80476a9,1251712,,,,,,,,,,,,,,,,,,,,,,,,,,,,,,,,,,,,,,,,,,,,,,,,,,,,,,,,,,,,,TN,TN
autoland,4769114,12,1a03ada32d4ae63ebeeb4561891b61c1e6e17a68,windows10-64-shippable-qr,True,False,,,102210fe594ee9b33d82058545b1ed14f4c8206e,browser-toolbox.close-process.DAMP,damp,True,damp browser-toolbox.close-process.DAMP opt e10s fission stylo webrender-sw,4768818,77,ms,firefox,,1707726649,2023-06-05 12:25:45,82.36804217244207,e58ea732ac07a67a990abe40cbd87c0d7ca78ba6,1251720,,,,,,,,,,,,,,,,,,,,,,,,,,,,,,,,,,,,,,,,,,,,,,,,,,,,,,,,,,,,,TN,TN
autoland,4769114,12,1a03ada32d4ae63ebeeb4561891b61c1e6e17a68,windows10-64-shippable-qr,True,False,,,102210fe594ee9b33d82058545b1ed14f4c8206e,browser-toolbox.close-process.DAMP,damp,True,damp browser-toolbox.close-process.DAMP opt e10s fission stylo webrender-sw,4768818,77,ms,firefox,,1707730918,2023-06-05 12:32:54,81.73424492010963,b8dfbded9e4b5f3308cd1e6cfd3140aef781366d,1251721,,,,,,,,,,,,,,,,,,,,,,,,,,,,,,,,,,,,,,,,,,,,,,,,,,,,,,,,,,,,,TN,TN
autoland,4769114,12,1a03ada32d4ae63ebeeb4561891b61c1e6e17a68,windows10-64-shippable-qr,True,False,,,102210fe594ee9b33d82058545b1ed14f4c8206e,browser-toolbox.close-process.DAMP,damp,True,damp browser-toolbox.close-process.DAMP opt e10s fission stylo webrender-sw,4768818,77,ms,firefox,,1707494044,2023-06-05 12:36:21,79.78904238266114,fa0414d2d40d5af12f298beea8488823b554ddbb,1251722,,,,,,,,,,,,,,,,,,,,,,,,,,,,,,,,,,,,,,,,,,,,,,,,,,,,,,,,,,,,,TN,TN
autoland,4769114,12,1a03ada32d4ae63ebeeb4561891b61c1e6e17a68,windows10-64-shippable-qr,True,False,,,102210fe594ee9b33d82058545b1ed14f4c8206e,browser-toolbox.close-process.DAMP,damp,True,damp browser-toolbox.close-process.DAMP opt e10s fission stylo webrender-sw,4768818,77,ms,firefox,,1707479925,2023-06-05 12:53:16,81.11872930876416,b3b6734833f225b85dd3de8e35350afb2c503c24,1251725,,,,,,,,,,,,,,,,,,,,,,,,,,,,,,,,,,,,,,,,,,,,,,,,,,,,,,,,,,,,,TN,TN
autoland,4769114,12,1a03ada32d4ae63ebeeb4561891b61c1e6e17a68,windows10-64-shippable-qr,True,False,,,102210fe594ee9b33d82058545b1ed14f4c8206e,browser-toolbox.close-process.DAMP,damp,True,damp browser-toolbox.close-process.DAMP opt e10s fission stylo webrender-sw,4768818,77,ms,firefox,,1707501796,2023-06-05 12:53:16,80.77259421483905,b3b6734833f225b85dd3de8e35350afb2c503c24,1251725,,,,,,,,,,,,,,,,,,,,,,,,,,,,,,,,,,,,,,,,,,,,,,,,,,,,,,,,,,,,,TN,TN
autoland,4769114,12,1a03ada32d4ae63ebeeb4561891b61c1e6e17a68,windows10-64-shippable-qr,True,False,,,102210fe594ee9b33d82058545b1ed14f4c8206e,browser-toolbox.close-process.DAMP,damp,True,damp browser-toolbox.close-process.DAMP opt e10s fission stylo webrender-sw,4768818,77,ms,firefox,,1707495235,2023-06-05 13:28:35,84.40170721367758,455db1435b7ae23229ead73ad01a61d831482f0e,1251746,,,,,,,,,,,,,,,,,,,,,,,,,,,,,,,,,,,,,,,,,,,,,,,,,,,,,,,,,,,,,TN,TN
autoland,4769114,12,1a03ada32d4ae63ebeeb4561891b61c1e6e17a68,windows10-64-shippable-qr,True,False,,,102210fe594ee9b33d82058545b1ed14f4c8206e,browser-toolbox.close-process.DAMP,damp,True,damp browser-toolbox.close-process.DAMP opt e10s fission stylo webrender-sw,4768818,77,ms,firefox,,1707496460,2023-06-05 13:28:35,86.02130534761818,455db1435b7ae23229ead73ad01a61d831482f0e,1251746,,,,,,,,,,,,,,,,,,,,,,,,,,,,,,,,,,,,,,,,,,,,,,,,,,,,,,,,,,,,,TN,TN
autoland,4769114,12,1a03ada32d4ae63ebeeb4561891b61c1e6e17a68,windows10-64-shippable-qr,True,False,,,102210fe594ee9b33d82058545b1ed14f4c8206e,browser-toolbox.close-process.DAMP,damp,True,damp browser-toolbox.close-process.DAMP opt e10s fission stylo webrender-sw,4768818,77,ms,firefox,,1707479728,2023-06-05 13:35:17,83.11621685182763,ff4d39ae40cbdc9154af0278fb4c44a63a5d2f05,1251752,,,,,,,,,,,,,,,,,,,,,,,,,,,,,,,,,,,,,,,,,,,,,,,,,,,,,,,,,,,,,TN,TN
autoland,4769114,12,1a03ada32d4ae63ebeeb4561891b61c1e6e17a68,windows10-64-shippable-qr,True,False,,,102210fe594ee9b33d82058545b1ed14f4c8206e,browser-toolbox.close-process.DAMP,damp,True,damp browser-toolbox.close-process.DAMP opt e10s fission stylo webrender-sw,4768818,77,ms,firefox,,1707479649,2023-06-05 13:40:02,80.76371954966453,bc41ec803b82a7554ae2530a05d6e4b526ad1650,1251756,,,,,,,,,,,,,,,,,,,,,,,,,,,,,,,,,,,,,,,,,,,,,,,,,,,,,,,,,,,,,TN,TN
autoland,4769114,12,1a03ada32d4ae63ebeeb4561891b61c1e6e17a68,windows10-64-shippable-qr,True,False,,,102210fe594ee9b33d82058545b1ed14f4c8206e,browser-toolbox.close-process.DAMP,damp,True,damp browser-toolbox.close-process.DAMP opt e10s fission stylo webrender-sw,4768818,77,ms,firefox,,1707269284,2023-06-05 13:59:37,79.6455389261755,d0e9eed0248ae2b4c48f90fa0209770e06bbe1eb,1251771,,,,,,,,,,,,,,,,,,,,,,,,,,,,,,,,,,,,,,,,,,,,,,,,,,,,,,,,,,,,,TN,TN
autoland,4769114,12,1a03ada32d4ae63ebeeb4561891b61c1e6e17a68,windows10-64-shippable-qr,True,False,,,102210fe594ee9b33d82058545b1ed14f4c8206e,browser-toolbox.close-process.DAMP,damp,True,damp browser-toolbox.close-process.DAMP opt e10s fission stylo webrender-sw,4768818,77,ms,firefox,,1707269763,2023-06-05 14:11:14,78.076482625278,d84c5b30fb0fe6abfbbcc6cc60b9df0c863e4612,1251781,,,,,,,,,,,,,,,,,,,,,,,,,,,,,,,,,,,,,,,,,,,,,,,,,,,,,,,,,,,,,TN,TN
autoland,4769114,12,1a03ada32d4ae63ebeeb4561891b61c1e6e17a68,windows10-64-shippable-qr,True,False,,,102210fe594ee9b33d82058545b1ed14f4c8206e,browser-toolbox.close-process.DAMP,damp,True,damp browser-toolbox.close-process.DAMP opt e10s fission stylo webrender-sw,4768818,77,ms,firefox,,1707252457,2023-06-05 14:17:47,81.99476599377522,e8a4b71ba339fc9138bf905ba2451af3c350ed82,1251788,,,,,,,,,,,,,,,,,,,,,,,,,,,,,,,,,,,,,,,,,,,,,,,,,,,,,,,,,,,,,TN,TN
autoland,4769114,12,1a03ada32d4ae63ebeeb4561891b61c1e6e17a68,windows10-64-shippable-qr,True,False,,,102210fe594ee9b33d82058545b1ed14f4c8206e,browser-toolbox.close-process.DAMP,damp,True,damp browser-toolbox.close-process.DAMP opt e10s fission stylo webrender-sw,4768818,77,ms,firefox,,1707268666,2023-06-05 14:28:50,84.89840542530146,44fb15e25492477801ad23050af8db4ebeb7b85c,1251799,,,,,,,,,,,,,,,,,,,,,,,,,,,,,,,,,,,,,,,,,,,,,,,,,,,,,,,,,,,,,TN,TN
autoland,4769114,12,1a03ada32d4ae63ebeeb4561891b61c1e6e17a68,windows10-64-shippable-qr,True,False,,,102210fe594ee9b33d82058545b1ed14f4c8206e,browser-toolbox.close-process.DAMP,damp,True,damp browser-toolbox.close-process.DAMP opt e10s fission stylo webrender-sw,4768818,77,ms,firefox,,1707268149,2023-06-05 14:30:29,77.9223815753794,2c255581fd1f57c69e3f4439c2083bff1e5b8a0d,1251800,,,,,,,,,,,,,,,,,,,,,,,,,,,,,,,,,,,,,,,,,,,,,,,,,,,,,,,,,,,,,TN,TN
autoland,4769114,12,1a03ada32d4ae63ebeeb4561891b61c1e6e17a68,windows10-64-shippable-qr,True,False,,,102210fe594ee9b33d82058545b1ed14f4c8206e,browser-toolbox.close-process.DAMP,damp,True,damp browser-toolbox.close-process.DAMP opt e10s fission stylo webrender-sw,4768818,77,ms,firefox,,1707266170,2023-06-05 15:39:51,77.0860768014245,33f432ba7bed03f9a1c77dc6301e571e94293ab7,1251849,,,,,,,,,,,,,,,,,,,,,,,,,,,,,,,,,,,,,,,,,,,,,,,,,,,,,,,,,,,,,TN,TN
autoland,4769114,12,1a03ada32d4ae63ebeeb4561891b61c1e6e17a68,windows10-64-shippable-qr,True,False,,,102210fe594ee9b33d82058545b1ed14f4c8206e,browser-toolbox.close-process.DAMP,damp,True,damp browser-toolbox.close-process.DAMP opt e10s fission stylo webrender-sw,4768818,77,ms,firefox,,1707275245,2023-06-05 15:44:42,80.79068487838958,07a9bab5ac94357f2a8efa4e676d57d3e13570da,1251857,,,,,,,,,,,,,,,,,,,,,,,,,,,,,,,,,,,,,,,,,,,,,,,,,,,,,,,,,,,,,TN,TN
autoland,4769114,12,1a03ada32d4ae63ebeeb4561891b61c1e6e17a68,windows10-64-shippable-qr,True,False,,,102210fe594ee9b33d82058545b1ed14f4c8206e,browser-toolbox.close-process.DAMP,damp,True,damp browser-toolbox.close-process.DAMP opt e10s fission stylo webrender-sw,4768818,77,ms,firefox,,1707273438,2023-06-05 15:44:42,76.87090549826098,07a9bab5ac94357f2a8efa4e676d57d3e13570da,1251857,,,,,,,,,,,,,,,,,,,,,,,,,,,,,,,,,,,,,,,,,,,,,,,,,,,,,,,,,,,,,TN,TN
autoland,4769114,12,1a03ada32d4ae63ebeeb4561891b61c1e6e17a68,windows10-64-shippable-qr,True,False,,,102210fe594ee9b33d82058545b1ed14f4c8206e,browser-toolbox.close-process.DAMP,damp,True,damp browser-toolbox.close-process.DAMP opt e10s fission stylo webrender-sw,4768818,77,ms,firefox,,1707278193,2023-06-05 15:48:01,78.06985326744689,57fa01866c54b16c0a9f098549f93aaf2e218e09,1251862,,,,,,,,,,,,,,,,,,,,,,,,,,,,,,,,,,,,,,,,,,,,,,,,,,,,,,,,,,,,,TN,TN
autoland,4769114,12,1a03ada32d4ae63ebeeb4561891b61c1e6e17a68,windows10-64-shippable-qr,True,False,,,102210fe594ee9b33d82058545b1ed14f4c8206e,browser-toolbox.close-process.DAMP,damp,True,damp browser-toolbox.close-process.DAMP opt e10s fission stylo webrender-sw,4768818,77,ms,firefox,,1707270836,2023-06-05 15:56:33,76.10427174743381,7fa82a1776ab432689aba691b8b92a79bfb659e5,1251872,,,,,,,,,,,,,,,,,,,,,,,,,,,,,,,,,,,,,,,,,,,,,,,,,,,,,,,,,,,,,TN,TN
autoland,4769114,12,1a03ada32d4ae63ebeeb4561891b61c1e6e17a68,windows10-64-shippable-qr,True,False,,,102210fe594ee9b33d82058545b1ed14f4c8206e,browser-toolbox.close-process.DAMP,damp,True,damp browser-toolbox.close-process.DAMP opt e10s fission stylo webrender-sw,4768818,77,ms,firefox,,1706050305,2023-06-05 16:13:31,84.8706994538079,c8df8c0bde6047b8fe23c9716940cbc1c07c2a65,1251888,,,,,,,,,,,,,,,,,,,,,,,,,,,,,,,,,,,,,,,,,,,,,,,,,,,,,,,,,,,,,TN,TN
autoland,4769114,12,1a03ada32d4ae63ebeeb4561891b61c1e6e17a68,windows10-64-shippable-qr,True,False,,,102210fe594ee9b33d82058545b1ed14f4c8206e,browser-toolbox.close-process.DAMP,damp,True,damp browser-toolbox.close-process.DAMP opt e10s fission stylo webrender-sw,4768818,77,ms,firefox,,1707266916,2023-06-05 16:17:00,78.5072456595226,b34dc8f7157a5c572efbf7d16dabd1f04df768d8,1251892,,,,,,,,,,,,,,,,,,,,,,,,,,,,,,,,,,,,,,,,,,,,,,,,,,,,,,,,,,,,,TN,TN
autoland,4769114,12,1a03ada32d4ae63ebeeb4561891b61c1e6e17a68,windows10-64-shippable-qr,True,False,,,102210fe594ee9b33d82058545b1ed14f4c8206e,browser-toolbox.close-process.DAMP,damp,True,damp browser-toolbox.close-process.DAMP opt e10s fission stylo webrender-sw,4768818,77,ms,firefox,,1707244892,2023-06-05 16:35:47,81.62609457272629,c37910bebc714941e341f25bae7e0f8a2090df09,1251910,,,,,,,,,,,,,,,,,,,,,,,,,,,,,,,,,,,,,,,,,,,,,,,,,,,,,,,,,,,,,TN,TN
autoland,4769114,12,1a03ada32d4ae63ebeeb4561891b61c1e6e17a68,windows10-64-shippable-qr,True,False,,,102210fe594ee9b33d82058545b1ed14f4c8206e,browser-toolbox.close-process.DAMP,damp,True,damp browser-toolbox.close-process.DAMP opt e10s fission stylo webrender-sw,4768818,77,ms,firefox,,1706083751,2023-06-05 16:43:43,85.32441905830638,03d635b2bdb2041550924e64dc0dd20abf4499f9,1251915,,,,,,,,,,,,,,,,,,,,,,,,,,,,,,,,,,,,,,,,,,,,,,,,,,,,,,,,,,,,,TN,TN
autoland,4769114,12,1a03ada32d4ae63ebeeb4561891b61c1e6e17a68,windows10-64-shippable-qr,True,False,,,102210fe594ee9b33d82058545b1ed14f4c8206e,browser-toolbox.close-process.DAMP,damp,True,damp browser-toolbox.close-process.DAMP opt e10s fission stylo webrender-sw,4768818,77,ms,firefox,,1706187129,2023-06-05 20:14:05,77.97226941151894,d73c2643092115d9b5859c16e121e421656264bc,1252060,,,,,,,,,,,,,,,,,,,,,,,,,,,,,,,,,,,,,,,,,,,,,,,,,,,,,,,,,,,,,TN,TN
autoland,4769114,12,1a03ada32d4ae63ebeeb4561891b61c1e6e17a68,windows10-64-shippable-qr,True,False,,,102210fe594ee9b33d82058545b1ed14f4c8206e,browser-toolbox.close-process.DAMP,damp,True,damp browser-toolbox.close-process.DAMP opt e10s fission stylo webrender-sw,4768818,77,ms,firefox,,1706262693,2023-06-05 22:25:10,84.0025176759591,3a79e9a1c11da81af50cfb6e535537b5e8e7ce9f,1252165,,,,,,,,,,,,,,,,,,,,,,,,,,,,,,,,,,,,,,,,,,,,,,,,,,,,,,,,,,,,,TN,TN
autoland,4769114,12,1a03ada32d4ae63ebeeb4561891b61c1e6e17a68,windows10-64-shippable-qr,True,False,,,102210fe594ee9b33d82058545b1ed14f4c8206e,browser-toolbox.close-process.DAMP,damp,True,damp browser-toolbox.close-process.DAMP opt e10s fission stylo webrender-sw,4768818,77,ms,firefox,,1706442133,2023-06-06 07:45:19,76.86507660192729,7974ac7e053aa00b02c6b9405b4fe87e6729456d,1252336,,,,,,,,,,,,,,,,,,,,,,,,,,,,,,,,,,,,,,,,,,,,,,,,,,,,,,,,,,,,,TN,TN
autoland,4769114,12,1a03ada32d4ae63ebeeb4561891b61c1e6e17a68,windows10-64-shippable-qr,True,False,,,102210fe594ee9b33d82058545b1ed14f4c8206e,browser-toolbox.close-process.DAMP,damp,True,damp browser-toolbox.close-process.DAMP opt e10s fission stylo webrender-sw,4768818,77,ms,firefox,,1708232693,2023-06-06 09:53:26,81.33573859347962,1318d220baede25f0d44623659bed44e6d238674,1252396,,,,,,,,,,,,,,,,,,,,,,,,,,,,,,,,,,,,,,,,,,,,,,,,,,,,,,,,,,,,,TN,TN
autoland,4769114,12,1a03ada32d4ae63ebeeb4561891b61c1e6e17a68,windows10-64-shippable-qr,True,False,,,102210fe594ee9b33d82058545b1ed14f4c8206e,browser-toolbox.close-process.DAMP,damp,True,damp browser-toolbox.close-process.DAMP opt e10s fission stylo webrender-sw,4768818,77,ms,firefox,,1708024897,2023-06-06 09:54:47,82.73944127096911,d65af714b0fdd0ee5f9ce476b8fc190ba5f55b60,1252397,,,,,,,,,,,,,,,,,,,,,,,,,,,,,,,,,,,,,,,,,,,,,,,,,,,,,,,,,,,,,TN,TN
autoland,4769114,12,1a03ada32d4ae63ebeeb4561891b61c1e6e17a68,windows10-64-shippable-qr,True,False,,,102210fe594ee9b33d82058545b1ed14f4c8206e,browser-toolbox.close-process.DAMP,damp,True,damp browser-toolbox.close-process.DAMP opt e10s fission stylo webrender-sw,4768818,77,ms,firefox,,1708024476,2023-06-06 10:19:29,83.91718429892353,3e4384557768738718080265a78d359c27c18f12,1252406,,,,,,,,,,,,,,,,,,,,,,,,,,,,,,,,,,,,,,,,,,,,,,,,,,,,,,,,,,,,,TN,TN
autoland,4769114,12,1a03ada32d4ae63ebeeb4561891b61c1e6e17a68,windows10-64-shippable-qr,True,False,,,102210fe594ee9b33d82058545b1ed14f4c8206e,browser-toolbox.close-process.DAMP,damp,True,damp browser-toolbox.close-process.DAMP opt e10s fission stylo webrender-sw,4768818,77,ms,firefox,,1708025314,2023-06-06 10:23:19,88.07391369793913,832a5840ccf75993a3a7a21f1d93c854237d467a,1252407,,,,,,,,,,,,,,,,,,,,,,,,,,,,,,,,,,,,,,,,,,,,,,,,,,,,,,,,,,,,,TN,TN
autoland,4769114,12,1a03ada32d4ae63ebeeb4561891b61c1e6e17a68,windows10-64-shippable-qr,True,False,,,102210fe594ee9b33d82058545b1ed14f4c8206e,browser-toolbox.close-process.DAMP,damp,True,damp browser-toolbox.close-process.DAMP opt e10s fission stylo webrender-sw,4768818,77,ms,firefox,,1708025647,2023-06-06 10:37:23,82.61266402793262,78f4ea7de45671de85a129f294afac8054b37639,1252411,,,,,,,,,,,,,,,,,,,,,,,,,,,,,,,,,,,,,,,,,,,,,,,,,,,,,,,,,,,,,TN,TN
autoland,4769114,12,1a03ada32d4ae63ebeeb4561891b61c1e6e17a68,windows10-64-shippable-qr,True,False,,,102210fe594ee9b33d82058545b1ed14f4c8206e,browser-toolbox.close-process.DAMP,damp,True,damp browser-toolbox.close-process.DAMP opt e10s fission stylo webrender-sw,4768818,77,ms,firefox,,1708025513,2023-06-06 11:15:50,85.67371577489394,6f1ff2bca66b3dfdd8844e9e25ada2a2cffdcf70,1252438,,,,,,,,,,,,,,,,,,,,,,,,,,,,,,,,,,,,,,,,,,,,,,,,,,,,,,,,,,,,,TN,TN
autoland,4769114,12,1a03ada32d4ae63ebeeb4561891b61c1e6e17a68,windows10-64-shippable-qr,True,False,,,102210fe594ee9b33d82058545b1ed14f4c8206e,browser-toolbox.close-process.DAMP,damp,True,damp browser-toolbox.close-process.DAMP opt e10s fission stylo webrender-sw,4768818,77,ms,firefox,,1708021783,2023-06-06 11:22:16,79.52183271518152,140e58bd0868043ccfb2d2fafc2d399ccb2be7d4,1252446,,,,,,,,,,,,,,,,,,,,,,,,,,,,,,,,,,,,,,,,,,,,,,,,,,,,,,,,,,,,,TN,TN
autoland,4769114,12,1a03ada32d4ae63ebeeb4561891b61c1e6e17a68,windows10-64-shippable-qr,True,False,,,102210fe594ee9b33d82058545b1ed14f4c8206e,browser-toolbox.close-process.DAMP,damp,True,damp browser-toolbox.close-process.DAMP opt e10s fission stylo webrender-sw,4768818,77,ms,firefox,,1708022520,2023-06-06 11:23:06,85.04699821071699,9ccaad4630db78ad8e12abf18110e00ab1716fcc,1252448,,,,,,,,,,,,,,,,,,,,,,,,,,,,,,,,,,,,,,,,,,,,,,,,,,,,,,,,,,,,,TN,TN
autoland,4769114,12,1a03ada32d4ae63ebeeb4561891b61c1e6e17a68,windows10-64-shippable-qr,True,False,,,102210fe594ee9b33d82058545b1ed14f4c8206e,browser-toolbox.close-process.DAMP,damp,True,damp browser-toolbox.close-process.DAMP opt e10s fission stylo webrender-sw,4768818,77,ms,firefox,,1708026168,2023-06-06 11:23:56,80.98441434408596,fd2577ea9b64ca2f858424cb1733a183dfc1563e,1252450,,,,,,,,,,,,,,,,,,,,,,,,,,,,,,,,,,,,,,,,,,,,,,,,,,,,,,,,,,,,,TN,TN
autoland,4769114,12,1a03ada32d4ae63ebeeb4561891b61c1e6e17a68,windows10-64-shippable-qr,True,False,,,102210fe594ee9b33d82058545b1ed14f4c8206e,browser-toolbox.close-process.DAMP,damp,True,damp browser-toolbox.close-process.DAMP opt e10s fission stylo webrender-sw,4768818,77,ms,firefox,,1708022753,2023-06-06 11:26:27,82.18733648018679,eb3d18321ac2a30548014e6ad4b18cee6764ba51,1252452,,,,,,,,,,,,,,,,,,,,,,,,,,,,,,,,,,,,,,,,,,,,,,,,,,,,,,,,,,,,,TN,TN
autoland,4769114,12,1a03ada32d4ae63ebeeb4561891b61c1e6e17a68,windows10-64-shippable-qr,True,False,,,102210fe594ee9b33d82058545b1ed14f4c8206e,browser-toolbox.close-process.DAMP,damp,True,damp browser-toolbox.close-process.DAMP opt e10s fission stylo webrender-sw,4768818,77,ms,firefox,,1706630286,2023-06-06 12:19:14,82.19638180271431,847d7aa42cbef71e48427dda557da27be7b8a938,1252475,,,,,,,,,,,,,,,,,,,,,,,,,,,,,,,,,,,,,,,,,,,,,,,,,,,,,,,,,,,,,TN,TN
autoland,4769114,12,1a03ada32d4ae63ebeeb4561891b61c1e6e17a68,windows10-64-shippable-qr,True,False,,,102210fe594ee9b33d82058545b1ed14f4c8206e,browser-toolbox.close-process.DAMP,damp,True,damp browser-toolbox.close-process.DAMP opt e10s fission stylo webrender-sw,4768818,77,ms,firefox,,1708233020,2023-06-06 12:21:44,80.87248940674908,e888855e0aa08d99219dc3a4f5d1c2a706beed1c,1252478,,,,,,,,,,,,,,,,,,,,,,,,,,,,,,,,,,,,,,,,,,,,,,,,,,,,,,,,,,,,,TN,TN
autoland,4769114,12,1a03ada32d4ae63ebeeb4561891b61c1e6e17a68,windows10-64-shippable-qr,True,False,,,102210fe594ee9b33d82058545b1ed14f4c8206e,browser-toolbox.close-process.DAMP,damp,True,damp browser-toolbox.close-process.DAMP opt e10s fission stylo webrender-sw,4768818,77,ms,firefox,,1708233400,2023-06-06 12:21:44,79.06336783985898,e888855e0aa08d99219dc3a4f5d1c2a706beed1c,1252478,,,,,,,,,,,,,,,,,,,,,,,,,,,,,,,,,,,,,,,,,,,,,,,,,,,,,,,,,,,,,TN,TN
autoland,4769114,12,1a03ada32d4ae63ebeeb4561891b61c1e6e17a68,windows10-64-shippable-qr,True,False,,,102210fe594ee9b33d82058545b1ed14f4c8206e,browser-toolbox.close-process.DAMP,damp,True,damp browser-toolbox.close-process.DAMP opt e10s fission stylo webrender-sw,4768818,77,ms,firefox,,1708231687,2023-06-06 12:22:41,79.98974634840124,f0bb54e03054060649af1c6d5025c09c4e85ebf2,1252480,,,,,,,,,,,,,,,,,,,,,,,,,,,,,,,,,,,,,,,,,,,,,,,,,,,,,,,,,,,,,TN,TN
autoland,4769114,12,1a03ada32d4ae63ebeeb4561891b61c1e6e17a68,windows10-64-shippable-qr,True,False,,,102210fe594ee9b33d82058545b1ed14f4c8206e,browser-toolbox.close-process.DAMP,damp,True,damp browser-toolbox.close-process.DAMP opt e10s fission stylo webrender-sw,4768818,77,ms,firefox,,1708232054,2023-06-06 12:23:42,82.09813396574464,503f95d5ddc57ff0ace957b7ceda7dd058b9f723,1252481,,,,,,,,,,,,,,,,,,,,,,,,,,,,,,,,,,,,,,,,,,,,,,,,,,,,,,,,,,,,,TN,TN
autoland,4769114,12,1a03ada32d4ae63ebeeb4561891b61c1e6e17a68,windows10-64-shippable-qr,True,False,,,102210fe594ee9b33d82058545b1ed14f4c8206e,browser-toolbox.close-process.DAMP,damp,True,damp browser-toolbox.close-process.DAMP opt e10s fission stylo webrender-sw,4768818,77,ms,firefox,,1708231744,2023-06-06 12:24:40,81.77941572014242,4dd173e4015724a4671a076d73d8911568e1207f,1252482,,,,,,,,,,,,,,,,,,,,,,,,,,,,,,,,,,,,,,,,,,,,,,,,,,,,,,,,,,,,,TN,TN
autoland,4769114,12,1a03ada32d4ae63ebeeb4561891b61c1e6e17a68,windows10-64-shippable-qr,True,False,,,102210fe594ee9b33d82058545b1ed14f4c8206e,browser-toolbox.close-process.DAMP,damp,True,damp browser-toolbox.close-process.DAMP opt e10s fission stylo webrender-sw,4768818,77,ms,firefox,,1708232165,2023-06-06 12:31:34,81.74112738284748,cefcde9bc1caf4138a95e6cc847a1b6bff5f31ba,1252484,,,,,,,,,,,,,,,,,,,,,,,,,,,,,,,,,,,,,,,,,,,,,,,,,,,,,,,,,,,,,TN,TN
autoland,4769114,12,1a03ada32d4ae63ebeeb4561891b61c1e6e17a68,windows10-64-shippable-qr,True,False,,,102210fe594ee9b33d82058545b1ed14f4c8206e,browser-toolbox.close-process.DAMP,damp,True,damp browser-toolbox.close-process.DAMP opt e10s fission stylo webrender-sw,4768818,77,ms,firefox,,1708231938,2023-06-06 12:33:25,80.23277564026648,b97c8d97b6469becb2138e0a621833d27aee5863,1252485,,,,,,,,,,,,,,,,,,,,,,,,,,,,,,,,,,,,,,,,,,,,,,,,,,,,,,,,,,,,,TN,TN
autoland,4769114,12,1a03ada32d4ae63ebeeb4561891b61c1e6e17a68,windows10-64-shippable-qr,True,False,,,102210fe594ee9b33d82058545b1ed14f4c8206e,browser-toolbox.close-process.DAMP,damp,True,damp browser-toolbox.close-process.DAMP opt e10s fission stylo webrender-sw,4768818,77,ms,firefox,,1708231990,2023-06-06 12:36:53,82.92077518149745,d132c75f9ca2cdd84287910ccd9100989085f9e8,1252489,,,,,,,,,,,,,,,,,,,,,,,,,,,,,,,,,,,,,,,,,,,,,,,,,,,,,,,,,,,,,TN,TN
autoland,4769114,12,1a03ada32d4ae63ebeeb4561891b61c1e6e17a68,windows10-64-shippable-qr,True,False,,,102210fe594ee9b33d82058545b1ed14f4c8206e,browser-toolbox.close-process.DAMP,damp,True,damp browser-toolbox.close-process.DAMP opt e10s fission stylo webrender-sw,4768818,77,ms,firefox,,1708265264,2023-06-06 13:10:58,82.74754854443017,8dc3bd71e12a9a3971c0685c816aec7e6270c9ae,1252509,,,,,,,,,,,,,,,,,,,,,,,,,,,,,,,,,,,,,,,,,,,,,,,,,,,,,,,,,,,,,TN,TN
autoland,4769114,12,1a03ada32d4ae63ebeeb4561891b61c1e6e17a68,windows10-64-shippable-qr,True,False,,,102210fe594ee9b33d82058545b1ed14f4c8206e,browser-toolbox.close-process.DAMP,damp,True,damp browser-toolbox.close-process.DAMP opt e10s fission stylo webrender-sw,4768818,77,ms,firefox,,1708247817,2023-06-06 13:15:30,85.52566007029964,3d553b8ece8c1e6d47fc404d387f6283d8192387,1252512,,,,,,,,,,,,,,,,,,,,,,,,,,,,,,,,,,,,,,,,,,,,,,,,,,,,,,,,,,,,,TN,TN
autoland,4769114,12,1a03ada32d4ae63ebeeb4561891b61c1e6e17a68,windows10-64-shippable-qr,True,False,,,102210fe594ee9b33d82058545b1ed14f4c8206e,browser-toolbox.close-process.DAMP,damp,True,damp browser-toolbox.close-process.DAMP opt e10s fission stylo webrender-sw,4768818,77,ms,firefox,,1708025438,2023-06-06 13:20:12,86.74620864323515,acd7574ed678967e69cf68f97b396373f558141c,1252517,,,,,,,,,,,,,,,,,,,,,,,,,,,,,,,,,,,,,,,,,,,,,,,,,,,,,,,,,,,,,TN,TN
autoland,4769114,12,1a03ada32d4ae63ebeeb4561891b61c1e6e17a68,windows10-64-shippable-qr,True,False,,,102210fe594ee9b33d82058545b1ed14f4c8206e,browser-toolbox.close-process.DAMP,damp,True,damp browser-toolbox.close-process.DAMP opt e10s fission stylo webrender-sw,4768818,77,ms,firefox,,1708021666,2023-06-06 13:25:53,82.3959752710798,13d61302e4abee9d44a41b4f16495b4a133dc1a8,1252522,,,,,,,,,,,,,,,,,,,,,,,,,,,,,,,,,,,,,,,,,,,,,,,,,,,,,,,,,,,,,TN,TN
autoland,4769114,12,1a03ada32d4ae63ebeeb4561891b61c1e6e17a68,windows10-64-shippable-qr,True,False,,,102210fe594ee9b33d82058545b1ed14f4c8206e,browser-toolbox.close-process.DAMP,damp,True,damp browser-toolbox.close-process.DAMP opt e10s fission stylo webrender-sw,4768818,77,ms,firefox,,1708022299,2023-06-06 13:29:27,78.92828068546442,b44f42bf0f7bbe046669a5c3f40d7616a1d748c1,1252524,,,,,,,,,,,,,,,,,,,,,,,,,,,,,,,,,,,,,,,,,,,,,,,,,,,,,,,,,,,,,TN,TN
autoland,4769114,12,1a03ada32d4ae63ebeeb4561891b61c1e6e17a68,windows10-64-shippable-qr,True,False,,,102210fe594ee9b33d82058545b1ed14f4c8206e,browser-toolbox.close-process.DAMP,damp,True,damp browser-toolbox.close-process.DAMP opt e10s fission stylo webrender-sw,4768818,77,ms,firefox,,1708025979,2023-06-06 14:51:47,80.72298533015419,4cc8e322f8832e379a9c7f48a29878cf0963d6b6,1252578,,,,,,,,,,,,,,,,,,,,,,,,,,,,,,,,,,,,,,,,,,,,,,,,,,,,,,,,,,,,,TN,TN
autoland,4769114,12,1a03ada32d4ae63ebeeb4561891b61c1e6e17a68,windows10-64-shippable-qr,True,False,,,102210fe594ee9b33d82058545b1ed14f4c8206e,browser-toolbox.close-process.DAMP,damp,True,damp browser-toolbox.close-process.DAMP opt e10s fission stylo webrender-sw,4768818,77,ms,firefox,,1708022723,2023-06-06 15:02:17,88.16223865781285,08fb757d7ac853660e6026961ec799dd0a6a5e6c,1252582,,,,,,,,,,,,,,,,,,,,,,,,,,,,,,,,,,,,,,,,,,,,,,,,,,,,,,,,,,,,,TN,TN
autoland,4769114,12,1a03ada32d4ae63ebeeb4561891b61c1e6e17a68,windows10-64-shippable-qr,True,False,,,102210fe594ee9b33d82058545b1ed14f4c8206e,browser-toolbox.close-process.DAMP,damp,True,damp browser-toolbox.close-process.DAMP opt e10s fission stylo webrender-sw,4768818,77,ms,firefox,,1708022640,2023-06-06 15:03:17,83.7290531873441,862bd1ab18fd2f92af4100fe30d15b23746f1620,1252583,,,,,,,,,,,,,,,,,,,,,,,,,,,,,,,,,,,,,,,,,,,,,,,,,,,,,,,,,,,,,TN,TN
autoland,4769114,12,1a03ada32d4ae63ebeeb4561891b61c1e6e17a68,windows10-64-shippable-qr,True,False,,,102210fe594ee9b33d82058545b1ed14f4c8206e,browser-toolbox.close-process.DAMP,damp,True,damp browser-toolbox.close-process.DAMP opt e10s fission stylo webrender-sw,4768818,77,ms,firefox,,1708022587,2023-06-06 15:04:14,82.85430003567308,48770eeaa7829e74fd5c6e649d26edaad09e2077,1252584,,,,,,,,,,,,,,,,,,,,,,,,,,,,,,,,,,,,,,,,,,,,,,,,,,,,,,,,,,,,,TN,TN
autoland,4769114,12,1a03ada32d4ae63ebeeb4561891b61c1e6e17a68,windows10-64-shippable-qr,True,False,,,102210fe594ee9b33d82058545b1ed14f4c8206e,browser-toolbox.close-process.DAMP,damp,True,damp browser-toolbox.close-process.DAMP opt e10s fission stylo webrender-sw,4768818,77,ms,firefox,,1708023066,2023-06-06 15:05:04,81.9769606944792,58db56fb92e512ab38519e761371449b91f03577,1252586,,,,,,,,,,,,,,,,,,,,,,,,,,,,,,,,,,,,,,,,,,,,,,,,,,,,,,,,,,,,,TN,TN
autoland,4769114,12,1a03ada32d4ae63ebeeb4561891b61c1e6e17a68,windows10-64-shippable-qr,True,False,,,102210fe594ee9b33d82058545b1ed14f4c8206e,browser-toolbox.close-process.DAMP,damp,True,damp browser-toolbox.close-process.DAMP opt e10s fission stylo webrender-sw,4768818,77,ms,firefox,,1708023302,2023-06-06 15:06:04,81.7487515743851,8a5e6b282c100e8fd6dcde510047b2ad3b4875e1,1252587,,,,,,,,,,,,,,,,,,,,,,,,,,,,,,,,,,,,,,,,,,,,,,,,,,,,,,,,,,,,,TN,TN
autoland,4769114,12,1a03ada32d4ae63ebeeb4561891b61c1e6e17a68,windows10-64-shippable-qr,True,False,,,102210fe594ee9b33d82058545b1ed14f4c8206e,browser-toolbox.close-process.DAMP,damp,True,damp browser-toolbox.close-process.DAMP opt e10s fission stylo webrender-sw,4768818,77,ms,firefox,,1706717206,2023-06-06 15:07:26,83.85611315320784,51ecbed77cf45640a921f61934b70efadfb58982,1252589,,,,,,,,,,,,,,,,,,,,,,,,,,,,,,,,,,,,,,,,,,,,,,,,,,,,,,,,,,,,,TN,TN
autoland,4769114,12,1a03ada32d4ae63ebeeb4561891b61c1e6e17a68,windows10-64-shippable-qr,True,False,,,102210fe594ee9b33d82058545b1ed14f4c8206e,browser-toolbox.close-process.DAMP,damp,True,damp browser-toolbox.close-process.DAMP opt e10s fission stylo webrender-sw,4768818,77,ms,firefox,,1708041138,2023-06-06 18:35:20,83.42873585345296,1d562ee8729b779a66b7daac83a9c3d178dc6815,1252702,,,,,,,,,,,,,,,,,,,,,,,,,,,,,,,,,,,,,,,,,,,,,,,,,,,,,,,,,,,,,TN,TN
autoland,4769114,12,1a03ada32d4ae63ebeeb4561891b61c1e6e17a68,windows10-64-shippable-qr,True,False,,,102210fe594ee9b33d82058545b1ed14f4c8206e,browser-toolbox.close-process.DAMP,damp,True,damp browser-toolbox.close-process.DAMP opt e10s fission stylo webrender-sw,4768818,77,ms,firefox,,1708040604,2023-06-06 18:36:10,82.34986717021093,981a74ffa2035625bdb7b08a3b837418037864b4,1252703,,,,,,,,,,,,,,,,,,,,,,,,,,,,,,,,,,,,,,,,,,,,,,,,,,,,,,,,,,,,,TN,TN
autoland,4769114,12,1a03ada32d4ae63ebeeb4561891b61c1e6e17a68,windows10-64-shippable-qr,True,False,,,102210fe594ee9b33d82058545b1ed14f4c8206e,browser-toolbox.close-process.DAMP,damp,True,damp browser-toolbox.close-process.DAMP opt e10s fission stylo webrender-sw,4768818,77,ms,firefox,,1708040986,2023-06-06 18:37:38,82.67925366820418,c944bf501c2cb95a73aedfce155e855eb628075a,1252704,,,,,,,,,,,,,,,,,,,,,,,,,,,,,,,,,,,,,,,,,,,,,,,,,,,,,,,,,,,,,TN,TN
autoland,4769114,12,1a03ada32d4ae63ebeeb4561891b61c1e6e17a68,windows10-64-shippable-qr,True,False,,,102210fe594ee9b33d82058545b1ed14f4c8206e,browser-toolbox.close-process.DAMP,damp,True,damp browser-toolbox.close-process.DAMP opt e10s fission stylo webrender-sw,4768818,77,ms,firefox,,1708026198,2023-06-06 18:38:30,80.29788807079603,fa55914f4b75f48d57ab43d8802ea56412b703a0,1252705,,,,,,,,,,,,,,,,,,,,,,,,,,,,,,,,,,,,,,,,,,,,,,,,,,,,,,,,,,,,,TN,TN
autoland,4769114,12,1a03ada32d4ae63ebeeb4561891b61c1e6e17a68,windows10-64-shippable-qr,True,False,,,102210fe594ee9b33d82058545b1ed14f4c8206e,browser-toolbox.close-process.DAMP,damp,True,damp browser-toolbox.close-process.DAMP opt e10s fission stylo webrender-sw,4768818,77,ms,firefox,,1708041393,2023-06-06 18:39:17,80.58363874119823,34efca17c445488ff2c8d877904ae571f1f6ce0c,1252707,,,,,,,,,,,,,,,,,,,,,,,,,,,,,,,,,,,,,,,,,,,,,,,,,,,,,,,,,,,,,TN,TN
autoland,4769114,12,1a03ada32d4ae63ebeeb4561891b61c1e6e17a68,windows10-64-shippable-qr,True,False,,,102210fe594ee9b33d82058545b1ed14f4c8206e,browser-toolbox.close-process.DAMP,damp,True,damp browser-toolbox.close-process.DAMP opt e10s fission stylo webrender-sw,4768818,77,ms,firefox,,1708042903,2023-06-06 18:40:06,80.98521720224016,b93f6512bbbc6433d09a482acf2f138f2f6677e0,1252708,,,,,,,,,,,,,,,,,,,,,,,,,,,,,,,,,,,,,,,,,,,,,,,,,,,,,,,,,,,,,TN,TN
autoland,4769114,12,1a03ada32d4ae63ebeeb4561891b61c1e6e17a68,windows10-64-shippable-qr,True,False,,,102210fe594ee9b33d82058545b1ed14f4c8206e,browser-toolbox.close-process.DAMP,damp,True,damp browser-toolbox.close-process.DAMP opt e10s fission stylo webrender-sw,4768818,77,ms,firefox,,1708037280,2023-06-06 18:41:07,81.28718187301274,dbc987c2d0cda7bb0329c7503ec213fa2b7e522c,1252709,,,,,,,,,,,,,,,,,,,,,,,,,,,,,,,,,,,,,,,,,,,,,,,,,,,,,,,,,,,,,TN,TN
autoland,4769114,12,1a03ada32d4ae63ebeeb4561891b61c1e6e17a68,windows10-64-shippable-qr,True,False,,,102210fe594ee9b33d82058545b1ed14f4c8206e,browser-toolbox.close-process.DAMP,damp,True,damp browser-toolbox.close-process.DAMP opt e10s fission stylo webrender-sw,4768818,77,ms,firefox,,1708039162,2023-06-06 18:41:58,80.50151483915397,da2e4e6f72c156d629d5397b8af3de2aaf60725f,1252710,,,,,,,,,,,,,,,,,,,,,,,,,,,,,,,,,,,,,,,,,,,,,,,,,,,,,,,,,,,,,TN,TN
autoland,4769114,12,1a03ada32d4ae63ebeeb4561891b61c1e6e17a68,windows10-64-shippable-qr,True,False,,,102210fe594ee9b33d82058545b1ed14f4c8206e,browser-toolbox.close-process.DAMP,damp,True,damp browser-toolbox.close-process.DAMP opt e10s fission stylo webrender-sw,4768818,77,ms,firefox,,1708037528,2023-06-06 18:58:45,82.75767437191098,ea6da1713c98e4c01d6688c7ef02451dfe130ac9,1252713,,,,,,,,,,,,,,,,,,,,,,,,,,,,,,,,,,,,,,,,,,,,,,,,,,,,,,,,,,,,,TN,TN
autoland,4769114,12,1a03ada32d4ae63ebeeb4561891b61c1e6e17a68,windows10-64-shippable-qr,True,False,,,102210fe594ee9b33d82058545b1ed14f4c8206e,browser-toolbox.close-process.DAMP,damp,True,damp browser-toolbox.close-process.DAMP opt e10s fission stylo webrender-sw,4768818,77,ms,firefox,,1706876387,2023-06-06 19:22:50,79.30243647519092,3e7d709ab2a3a86ff58f4406faa05e738ca49ec9,1252721,,,,,,,,,,,,,,,,,,,,,,,,,,,,,,,,,,,,,,,,,,,,,,,,,,,,,,,,,,,,,TN,TN
autoland,4769114,12,1a03ada32d4ae63ebeeb4561891b61c1e6e17a68,windows10-64-shippable-qr,True,False,,,102210fe594ee9b33d82058545b1ed14f4c8206e,browser-toolbox.close-process.DAMP,damp,True,damp browser-toolbox.close-process.DAMP opt e10s fission stylo webrender-sw,4768818,77,ms,firefox,,1708046978,2023-06-06 19:38:01,81.770450932745,ad11391dac323b2412b29c842279c2f661639b2e,1252733,,,,,,,,,,,,,,,,,,,,,,,,,,,,,,,,,,,,,,,,,,,,,,,,,,,,,,,,,,,,,TN,TN
autoland,4769114,12,1a03ada32d4ae63ebeeb4561891b61c1e6e17a68,windows10-64-shippable-qr,True,False,,,102210fe594ee9b33d82058545b1ed14f4c8206e,browser-toolbox.close-process.DAMP,damp,True,damp browser-toolbox.close-process.DAMP opt e10s fission stylo webrender-sw,4768818,77,ms,firefox,,1708043413,2023-06-06 19:47:44,82.96969912113127,8a27d5959b3e8b398735e9d88bc8034cf831b5e1,1252739,,,,,,,,,,,,,,,,,,,,,,,,,,,,,,,,,,,,,,,,,,,,,,,,,,,,,,,,,,,,,TN,TN
autoland,4769114,12,1a03ada32d4ae63ebeeb4561891b61c1e6e17a68,windows10-64-shippable-qr,True,False,,,102210fe594ee9b33d82058545b1ed14f4c8206e,browser-toolbox.close-process.DAMP,damp,True,damp browser-toolbox.close-process.DAMP opt e10s fission stylo webrender-sw,4768818,77,ms,firefox,,1708039649,2023-06-06 19:48:38,79.56017842172878,8a0c6cebd70d5958a8999f28a3ba87b18802cb8b,1252740,,,,,,,,,,,,,,,,,,,,,,,,,,,,,,,,,,,,,,,,,,,,,,,,,,,,,,,,,,,,,TN,TN
autoland,4769114,12,1a03ada32d4ae63ebeeb4561891b61c1e6e17a68,windows10-64-shippable-qr,True,False,,,102210fe594ee9b33d82058545b1ed14f4c8206e,browser-toolbox.close-process.DAMP,damp,True,damp browser-toolbox.close-process.DAMP opt e10s fission stylo webrender-sw,4768818,77,ms,firefox,,1706901003,2023-06-06 19:49:29,79.19028975763649,9a56830b39f8d6802cef3772f81535d5f7bd475c,1252741,,,,,,,,,,,,,,,,,,,,,,,,,,,,,,,,,,,,,,,,,,,,,,,,,,,,,,,,,,,,,TN,TN
autoland,4769114,12,1a03ada32d4ae63ebeeb4561891b61c1e6e17a68,windows10-64-shippable-qr,True,False,,,102210fe594ee9b33d82058545b1ed14f4c8206e,browser-toolbox.close-process.DAMP,damp,True,damp browser-toolbox.close-process.DAMP opt e10s fission stylo webrender-sw,4768818,77,ms,firefox,,1708511536,2023-06-06 20:14:06,81.20810775478094,c4cbe98d2837f0a0212af8c3b45bb1495edd42c6,1252756,,,,,,,,,,,,,,,,,,,,,,,,,,,,,,,,,,,,,,,,,,,,,,,,,,,,,,,,,,,,,TN,TN
autoland,4769114,12,1a03ada32d4ae63ebeeb4561891b61c1e6e17a68,windows10-64-shippable-qr,True,False,,,102210fe594ee9b33d82058545b1ed14f4c8206e,browser-toolbox.close-process.DAMP,damp,True,damp browser-toolbox.close-process.DAMP opt e10s fission stylo webrender-sw,4768818,77,ms,firefox,,1708359333,2023-06-06 20:14:55,78.84974703774787,e48e828cf2aa320e633cfbd2b2d9f5c65ec57c80,1252758,,,,,,,,,,,,,,,,,,,,,,,,,,,,,,,,,,,,,,,,,,,,,,,,,,,,,,,,,,,,,TN,TN
autoland,4769114,12,1a03ada32d4ae63ebeeb4561891b61c1e6e17a68,windows10-64-shippable-qr,True,False,,,102210fe594ee9b33d82058545b1ed14f4c8206e,browser-toolbox.close-process.DAMP,damp,True,damp browser-toolbox.close-process.DAMP opt e10s fission stylo webrender-sw,4768818,77,ms,firefox,,1708359630,2023-06-06 20:50:56,77.89670183984344,95375ea5e463ff5af29efe6ba3714445eef0b369,1252775,,,,,,,,,,,,,,,,,,,,,,,,,,,,,,,,,,,,,,,,,,,,,,,,,,,,,,,,,,,,,TN,TN
autoland,4769114,12,1a03ada32d4ae63ebeeb4561891b61c1e6e17a68,windows10-64-shippable-qr,True,False,,,102210fe594ee9b33d82058545b1ed14f4c8206e,browser-toolbox.close-process.DAMP,damp,True,damp browser-toolbox.close-process.DAMP opt e10s fission stylo webrender-sw,4768818,77,ms,firefox,,1708359975,2023-06-06 21:45:16,81.97383273526066,ef89c8152d5bee5c475f8941a36e66a933e8edb4,1252802,,,,,,,,,,,,,,,,,,,,,,,,,,,,,,,,,,,,,,,,,,,,,,,,,,,,,,,,,,,,,TN,TN
autoland,4769114,12,1a03ada32d4ae63ebeeb4561891b61c1e6e17a68,windows10-64-shippable-qr,True,False,,,102210fe594ee9b33d82058545b1ed14f4c8206e,browser-toolbox.close-process.DAMP,damp,True,damp browser-toolbox.close-process.DAMP opt e10s fission stylo webrender-sw,4768818,77,ms,firefox,,1708359728,2023-06-06 22:39:48,87.51688747532899,b525c4f4df5b5d1125acfb882852597f0029116e,1252822,,,,,,,,,,,,,,,,,,,,,,,,,,,,,,,,,,,,,,,,,,,,,,,,,,,,,,,,,,,,,TN,TN
autoland,4769114,12,1a03ada32d4ae63ebeeb4561891b61c1e6e17a68,windows10-64-shippable-qr,True,False,,,102210fe594ee9b33d82058545b1ed14f4c8206e,browser-toolbox.close-process.DAMP,damp,True,damp browser-toolbox.close-process.DAMP opt e10s fission stylo webrender-sw,4768818,77,ms,firefox,,1708359532,2023-06-06 22:40:42,86.06064681378484,3fe83edc0cd8d44f5e6a381f84faee9a3dabb03d,1252823,,,,,,,,,,,,,,,,,,,,,,,,,,,,,,,,,,,,,,,,,,,,,,,,,,,,,,,,,,,,,TN,TN
autoland,4769114,12,1a03ada32d4ae63ebeeb4561891b61c1e6e17a68,windows10-64-shippable-qr,True,False,,,102210fe594ee9b33d82058545b1ed14f4c8206e,browser-toolbox.close-process.DAMP,damp,True,damp browser-toolbox.close-process.DAMP opt e10s fission stylo webrender-sw,4768818,77,ms,firefox,,1708359407,2023-06-06 22:41:38,81.30911047059635,6fab104bb0320101e9c8f40f3bc8a49cea8c459f,1252825,,,,,,,,,,,,,,,,,,,,,,,,,,,,,,,,,,,,,,,,,,,,,,,,,,,,,,,,,,,,,TN,TN
autoland,4769114,12,1a03ada32d4ae63ebeeb4561891b61c1e6e17a68,windows10-64-shippable-qr,True,False,,,102210fe594ee9b33d82058545b1ed14f4c8206e,browser-toolbox.close-process.DAMP,damp,True,damp browser-toolbox.close-process.DAMP opt e10s fission stylo webrender-sw,4768818,77,ms,firefox,,1708360612,2023-06-06 22:42:38,84.40805069485214,3198399979898c5f9ea615f0d703724dd4c83f4b,1252826,,,,,,,,,,,,,,,,,,,,,,,,,,,,,,,,,,,,,,,,,,,,,,,,,,,,,,,,,,,,,TN,TN
autoland,4769114,12,1a03ada32d4ae63ebeeb4561891b61c1e6e17a68,windows10-64-shippable-qr,True,False,,,102210fe594ee9b33d82058545b1ed14f4c8206e,browser-toolbox.close-process.DAMP,damp,True,damp browser-toolbox.close-process.DAMP opt e10s fission stylo webrender-sw,4768818,77,ms,firefox,,1708360040,2023-06-06 22:43:37,82.52676390556735,f7fca8d65a69c8f37c7cb075a00c59597831e4e4,1252827,,,,,,,,,,,,,,,,,,,,,,,,,,,,,,,,,,,,,,,,,,,,,,,,,,,,,,,,,,,,,TN,TN
autoland,4769114,12,1a03ada32d4ae63ebeeb4561891b61c1e6e17a68,windows10-64-shippable-qr,True,False,,,102210fe594ee9b33d82058545b1ed14f4c8206e,browser-toolbox.close-process.DAMP,damp,True,damp browser-toolbox.close-process.DAMP opt e10s fission stylo webrender-sw,4768818,77,ms,firefox,,1708360150,2023-06-06 22:45:51,78.69387456958066,71a5c483b603d80cfde6ba1a1346f254e728acc7,1252830,,,,,,,,,,,,,,,,,,,,,,,,,,,,,,,,,,,,,,,,,,,,,,,,,,,,,,,,,,,,,TN,TN
autoland,4769114,12,1a03ada32d4ae63ebeeb4561891b61c1e6e17a68,windows10-64-shippable-qr,True,False,,,102210fe594ee9b33d82058545b1ed14f4c8206e,browser-toolbox.close-process.DAMP,damp,True,damp browser-toolbox.close-process.DAMP opt e10s fission stylo webrender-sw,4768818,77,ms,firefox,,1706975566,2023-06-06 22:47:19,79.65939011893352,3a8e0dd854b5d9349d96a17de81427442d412db9,1252831,,,,,,,,,,,,,,,,,,,,,,,,,,,,,,,,,,,,,,,,,,,,,,,,,,,,,,,,,,,,,TN,TN
autoland,4769114,12,1a03ada32d4ae63ebeeb4561891b61c1e6e17a68,windows10-64-shippable-qr,True,False,,,102210fe594ee9b33d82058545b1ed14f4c8206e,browser-toolbox.close-process.DAMP,damp,True,damp browser-toolbox.close-process.DAMP opt e10s fission stylo webrender-sw,4768818,77,ms,firefox,,1708395638,2023-06-06 22:48:15,78.58123458879345,b107f1dd8df29722caf654b6abc0eac9d6046a16,1252833,,,,,,,,,,,,,,,,,,,,,,,,,,,,,,,,,,,,,,,,,,,,,,,,,,,,,,,,,,,,,TN,TN
autoland,4769114,12,1a03ada32d4ae63ebeeb4561891b61c1e6e17a68,windows10-64-shippable-qr,True,False,,,102210fe594ee9b33d82058545b1ed14f4c8206e,browser-toolbox.close-process.DAMP,damp,True,damp browser-toolbox.close-process.DAMP opt e10s fission stylo webrender-sw,4768818,77,ms,firefox,,1708397652,2023-06-06 22:51:35,77.08766542739613,c99a7b5ec3ae36c15406147c846f049a83ad2730,1252834,,,,,,,,,,,,,,,,,,,,,,,,,,,,,,,,,,,,,,,,,,,,,,,,,,,,,,,,,,,,,TN,TN
autoland,4769114,12,1a03ada32d4ae63ebeeb4561891b61c1e6e17a68,windows10-64-shippable-qr,True,False,,,102210fe594ee9b33d82058545b1ed14f4c8206e,browser-toolbox.close-process.DAMP,damp,True,damp browser-toolbox.close-process.DAMP opt e10s fission stylo webrender-sw,4768818,77,ms,firefox,,1708398236,2023-06-06 23:47:13,80.90386944980128,7070ad7a7f9f74dd82aff60ee76fd377a8b9fdcb,1252859,,,,,,,,,,,,,,,,,,,,,,,,,,,,,,,,,,,,,,,,,,,,,,,,,,,,,,,,,,,,,TN,TN
autoland,4769114,12,1a03ada32d4ae63ebeeb4561891b61c1e6e17a68,windows10-64-shippable-qr,True,False,,,102210fe594ee9b33d82058545b1ed14f4c8206e,browser-toolbox.close-process.DAMP,damp,True,damp browser-toolbox.close-process.DAMP opt e10s fission stylo webrender-sw,4768818,77,ms,firefox,,1708397473,2023-06-07 00:11:47,78.13801333111769,52fb29b7775534f4200acc4e48ae1430e6e572d5,1252868,,,,,,,,,,,,,,,,,,,,,,,,,,,,,,,,,,,,,,,,,,,,,,,,,,,,,,,,,,,,,TN,TN
autoland,4769114,12,1a03ada32d4ae63ebeeb4561891b61c1e6e17a68,windows10-64-shippable-qr,True,False,,,102210fe594ee9b33d82058545b1ed14f4c8206e,browser-toolbox.close-process.DAMP,damp,True,damp browser-toolbox.close-process.DAMP opt e10s fission stylo webrender-sw,4768818,77,ms,firefox,,1708396262,2023-06-07 00:15:49,77.68675917726068,fbeeda98d792a92df75fc4b730f804caa763b2d1,1252869,,,,,,,,,,,,,,,,,,,,,,,,,,,,,,,,,,,,,,,,,,,,,,,,,,,,,,,,,,,,,TN,TN
autoland,4769114,12,1a03ada32d4ae63ebeeb4561891b61c1e6e17a68,windows10-64-shippable-qr,True,False,,,102210fe594ee9b33d82058545b1ed14f4c8206e,browser-toolbox.close-process.DAMP,damp,True,damp browser-toolbox.close-process.DAMP opt e10s fission stylo webrender-sw,4768818,77,ms,firefox,,1708397186,2023-06-07 00:17:58,78.0733040264895,70255c96976d770f74c1d3e28e164d5c58a73885,1252871,,,,,,,,,,,,,,,,,,,,,,,,,,,,,,,,,,,,,,,,,,,,,,,,,,,,,,,,,,,,,TN,TN
autoland,4769114,12,1a03ada32d4ae63ebeeb4561891b61c1e6e17a68,windows10-64-shippable-qr,True,False,,,102210fe594ee9b33d82058545b1ed14f4c8206e,browser-toolbox.close-process.DAMP,damp,True,damp browser-toolbox.close-process.DAMP opt e10s fission stylo webrender-sw,4768818,77,ms,firefox,,1708395489,2023-06-07 01:47:14,81.34125545109418,c89afdd4175dc491729fce40c10a99abbbc6126a,1252890,,,,,,,,,,,,,,,,,,,,,,,,,,,,,,,,,,,,,,,,,,,,,,,,,,,,,,,,,,,,,TN,TN
autoland,4769114,12,1a03ada32d4ae63ebeeb4561891b61c1e6e17a68,windows10-64-shippable-qr,True,False,,,102210fe594ee9b33d82058545b1ed14f4c8206e,browser-toolbox.close-process.DAMP,damp,True,damp browser-toolbox.close-process.DAMP opt e10s fission stylo webrender-sw,4768818,77,ms,firefox,,1707069717,2023-06-07 02:52:45,77.28393232848612,714383968fdbbcb6ef5ff4fc599e11ae386d09ce,1252906,,,,,,,,,,,,,,,,,,,,,,,,,,,,,,,,,,,,,,,,,,,,,,,,,,,,,,,,,,,,,TN,TN
autoland,4769114,12,1a03ada32d4ae63ebeeb4561891b61c1e6e17a68,windows10-64-shippable-qr,True,False,,,102210fe594ee9b33d82058545b1ed14f4c8206e,browser-toolbox.close-process.DAMP,damp,True,damp browser-toolbox.close-process.DAMP opt e10s fission stylo webrender-sw,4768818,77,ms,firefox,,1708396733,2023-06-07 03:28:59,79.30338752333046,e75f2469605782e7b784569ddf95024bce6514aa,1252915,,,,,,,,,,,,,,,,,,,,,,,,,,,,,,,,,,,,,,,,,,,,,,,,,,,,,,,,,,,,,TN,TN
autoland,4769114,12,1a03ada32d4ae63ebeeb4561891b61c1e6e17a68,windows10-64-shippable-qr,True,False,,,102210fe594ee9b33d82058545b1ed14f4c8206e,browser-toolbox.close-process.DAMP,damp,True,damp browser-toolbox.close-process.DAMP opt e10s fission stylo webrender-sw,4768818,77,ms,firefox,,1708364218,2023-06-07 03:45:23,83.54325301088102,535c66924d7524bce5edb4586910a1b4536aed29,1252921,,,,,,,,,,,,,,,,,,,,,,,,,,,,,,,,,,,,,,,,,,,,,,,,,,,,,,,,,,,,,TN,TN
autoland,4769114,12,1a03ada32d4ae63ebeeb4561891b61c1e6e17a68,windows10-64-shippable-qr,True,False,,,102210fe594ee9b33d82058545b1ed14f4c8206e,browser-toolbox.close-process.DAMP,damp,True,damp browser-toolbox.close-process.DAMP opt e10s fission stylo webrender-sw,4768818,77,ms,firefox,,1708396500,2023-06-07 04:17:08,79.65785411815523,a8bcb8de017fa33164fd791dfcbc012c4dff7398,1252930,,,,,,,,,,,,,,,,,,,,,,,,,,,,,,,,,,,,,,,,,,,,,,,,,,,,,,,,,,,,,TN,TN
autoland,4769114,12,1a03ada32d4ae63ebeeb4561891b61c1e6e17a68,windows10-64-shippable-qr,True,False,,,102210fe594ee9b33d82058545b1ed14f4c8206e,browser-toolbox.close-process.DAMP,damp,True,damp browser-toolbox.close-process.DAMP opt e10s fission stylo webrender-sw,4768818,77,ms,firefox,,1708397661,2023-06-07 05:33:47,77.00069085855284,07171f6b76e4f789bec818fc0042aeba16825a9a,1252945,,,,,,,,,,,,,,,,,,,,,,,,,,,,,,,,,,,,,,,,,,,,,,,,,,,,,,,,,,,,,TN,TN
autoland,4769114,12,1a03ada32d4ae63ebeeb4561891b61c1e6e17a68,windows10-64-shippable-qr,True,False,,,102210fe594ee9b33d82058545b1ed14f4c8206e,browser-toolbox.close-process.DAMP,damp,True,damp browser-toolbox.close-process.DAMP opt e10s fission stylo webrender-sw,4768818,77,ms,firefox,,1708397931,2023-06-07 05:45:11,77.09548978812745,3b09ba800e21c908be8396a60741ddd646f42411,1252949,,,,,,,,,,,,,,,,,,,,,,,,,,,,,,,,,,,,,,,,,,,,,,,,,,,,,,,,,,,,,TN,TN
autoland,4769114,12,1a03ada32d4ae63ebeeb4561891b61c1e6e17a68,windows10-64-shippable-qr,True,False,,,102210fe594ee9b33d82058545b1ed14f4c8206e,browser-toolbox.close-process.DAMP,damp,True,damp browser-toolbox.close-process.DAMP opt e10s fission stylo webrender-sw,4768818,77,ms,firefox,,1708395377,2023-06-07 06:32:53,81.11808340263451,11f1469d87bd674cbc7fafcab4a945b9ff97686f,1252956,,,,,,,,,,,,,,,,,,,,,,,,,,,,,,,,,,,,,,,,,,,,,,,,,,,,,,,,,,,,,TN,TN
autoland,4769114,12,1a03ada32d4ae63ebeeb4561891b61c1e6e17a68,windows10-64-shippable-qr,True,False,,,102210fe594ee9b33d82058545b1ed14f4c8206e,browser-toolbox.close-process.DAMP,damp,True,damp browser-toolbox.close-process.DAMP opt e10s fission stylo webrender-sw,4768818,77,ms,firefox,,1708398136,2023-06-07 06:33:42,81.2270240196085,e10ad27f6d2b1de1e35471373db74ce09277b6f5,1252957,,,,,,,,,,,,,,,,,,,,,,,,,,,,,,,,,,,,,,,,,,,,,,,,,,,,,,,,,,,,,TN,TN
autoland,4769114,12,1a03ada32d4ae63ebeeb4561891b61c1e6e17a68,windows10-64-shippable-qr,True,False,,,102210fe594ee9b33d82058545b1ed14f4c8206e,browser-toolbox.close-process.DAMP,damp,True,damp browser-toolbox.close-process.DAMP opt e10s fission stylo webrender-sw,4768818,77,ms,firefox,,1708397009,2023-06-07 06:52:38,81.846400761322,1afeecd85aec7a9b11e17df5dc3e9231388a55e7,1252964,,,,,,,,,,,,,,,,,,,,,,,,,,,,,,,,,,,,,,,,,,,,,,,,,,,,,,,,,,,,,TN,TN
autoland,4769114,12,1a03ada32d4ae63ebeeb4561891b61c1e6e17a68,windows10-64-shippable-qr,True,False,,,102210fe594ee9b33d82058545b1ed14f4c8206e,browser-toolbox.close-process.DAMP,damp,True,damp browser-toolbox.close-process.DAMP opt e10s fission stylo webrender-sw,4768818,77,ms,firefox,,1707203769,2023-06-07 06:55:53,79.18729884794448,29928f29c7a08d81bf5a480f4678c4c90b0abc68,1252967,,,,,,,,,,,,,,,,,,,,,,,,,,,,,,,,,,,,,,,,,,,,,,,,,,,,,,,,,,,,,TN,TN
autoland,4769114,12,1a03ada32d4ae63ebeeb4561891b61c1e6e17a68,windows10-64-shippable-qr,True,False,,,102210fe594ee9b33d82058545b1ed14f4c8206e,browser-toolbox.close-process.DAMP,damp,True,damp browser-toolbox.close-process.DAMP opt e10s fission stylo webrender-sw,4768818,77,ms,firefox,,1707315176,2023-06-07 11:44:03,80.68504222975389,5c2039dcc9e34d981b3343ed3819d1f65ef07909,1253076,,,,,,,,,,,,,,,,,,,,,,,,,,,,,,,,,,,,,,,,,,,,,,,,,,,,,,,,,,,,,TN,TN
autoland,4769114,12,1a03ada32d4ae63ebeeb4561891b61c1e6e17a68,windows10-64-shippable-qr,True,False,,,102210fe594ee9b33d82058545b1ed14f4c8206e,browser-toolbox.close-process.DAMP,damp,True,damp browser-toolbox.close-process.DAMP opt e10s fission stylo webrender-sw,4768818,77,ms,firefox,,1707354299,2023-06-07 13:36:12,77.99995972257238,ed7804ffc016687db27f68ab46e27c0ffefda3af,1253119,,,,,,,,,,,,,,,,,,,,,,,,,,,,,,,,,,,,,,,,,,,,,,,,,,,,,,,,,,,,,TN,TN
autoland,4769114,12,1a03ada32d4ae63ebeeb4561891b61c1e6e17a68,windows10-64-shippable-qr,True,False,,,102210fe594ee9b33d82058545b1ed14f4c8206e,browser-toolbox.close-process.DAMP,damp,True,damp browser-toolbox.close-process.DAMP opt e10s fission stylo webrender-sw,4768818,77,ms,firefox,,1707475061,2023-06-07 16:40:09,82.23219143621827,1e9ddd307894fd2055ca49dcaa461478d0acea9e,1253256,,,,,,,,,,,,,,,,,,,,,,,,,,,,,,,,,,,,,,,,,,,,,,,,,,,,,,,,,,,,,TN,TN
autoland,4769114,12,1a03ada32d4ae63ebeeb4561891b61c1e6e17a68,windows10-64-shippable-qr,True,False,,,102210fe594ee9b33d82058545b1ed14f4c8206e,browser-toolbox.close-process.DAMP,damp,True,damp browser-toolbox.close-process.DAMP opt e10s fission stylo webrender-sw,4768818,77,ms,firefox,,1707625430,2023-06-07 20:51:47,81.7550909091442,d777b008615418be897668f8099b9e68f6666a3c,1253401,,,,,,,,,,,,,,,,,,,,,,,,,,,,,,,,,,,,,,,,,,,,,,,,,,,,,,,,,,,,,TN,TN
autoland,4769114,12,1a03ada32d4ae63ebeeb4561891b61c1e6e17a68,windows10-64-shippable-qr,True,False,,,102210fe594ee9b33d82058545b1ed14f4c8206e,browser-toolbox.close-process.DAMP,damp,True,damp browser-toolbox.close-process.DAMP opt e10s fission stylo webrender-sw,4768818,77,ms,firefox,,1707666584,2023-06-07 22:54:42,78.79937344843347,c18688c9011d0dc50b79d2f830dbf323c8c75604,1253472,,,,,,,,,,,,,,,,,,,,,,,,,,,,,,,,,,,,,,,,,,,,,,,,,,,,,,,,,,,,,TN,TN
autoland,4769114,12,1a03ada32d4ae63ebeeb4561891b61c1e6e17a68,windows10-64-shippable-qr,True,False,,,102210fe594ee9b33d82058545b1ed14f4c8206e,browser-toolbox.close-process.DAMP,damp,True,damp browser-toolbox.close-process.DAMP opt e10s fission stylo webrender-sw,4768818,77,ms,firefox,,1707770635,2023-06-08 03:47:09,82.38334593988839,2b2fb0c1bd13f27bbd5094192791600a5e261c4b,1253596,,,,,,,,,,,,,,,,,,,,,,,,,,,,,,,,,,,,,,,,,,,,,,,,,,,,,,,,,,,,,TN,TN
autoland,4769114,12,1a03ada32d4ae63ebeeb4561891b61c1e6e17a68,windows10-64-shippable-qr,True,False,,,102210fe594ee9b33d82058545b1ed14f4c8206e,browser-toolbox.close-process.DAMP,damp,True,damp browser-toolbox.close-process.DAMP opt e10s fission stylo webrender-sw,4768818,77,ms,firefox,,1707848979,2023-06-08 06:27:32,84.19585436944908,d588d40904f7880592d27c083cb64d31864340cb,1253626,,,,,,,,,,,,,,,,,,,,,,,,,,,,,,,,,,,,,,,,,,,,,,,,,,,,,,,,,,,,,TN,TN
autoland,4769114,12,1a03ada32d4ae63ebeeb4561891b61c1e6e17a68,windows10-64-shippable-qr,True,False,,,102210fe594ee9b33d82058545b1ed14f4c8206e,browser-toolbox.close-process.DAMP,damp,True,damp browser-toolbox.close-process.DAMP opt e10s fission stylo webrender-sw,4768818,77,ms,firefox,,1708009219,2023-06-08 10:57:22,84.83195810060715,a86d5a3f177d480362c07a9ed34166ae41840ab6,1253788,,,,,,,,,,,,,,,,,,,,,,,,,,,,,,,,,,,,,,,,,,,,,,,,,,,,,,,,,,,,,TN,TN
autoland,4769114,12,1a03ada32d4ae63ebeeb4561891b61c1e6e17a68,windows10-64-shippable-qr,True,False,,,102210fe594ee9b33d82058545b1ed14f4c8206e,browser-toolbox.close-process.DAMP,damp,True,damp browser-toolbox.close-process.DAMP opt e10s fission stylo webrender-sw,4768818,77,ms,firefox,,1708189350,2023-06-08 15:05:55,86.35481754700595,581d6b2a5146b01bfc5a4a599127e2e794918f78,1253951,,,,,,,,,,,,,,,,,,,,,,,,,,,,,,,,,,,,,,,,,,,,,,,,,,,,,,,,,,,,,TN,TN
autoland,4769114,12,1a03ada32d4ae63ebeeb4561891b61c1e6e17a68,windows10-64-shippable-qr,True,False,,,102210fe594ee9b33d82058545b1ed14f4c8206e,browser-toolbox.close-process.DAMP,damp,True,damp browser-toolbox.close-process.DAMP opt e10s fission stylo webrender-sw,4768818,77,ms,firefox,,1708180956,2023-06-08 15:14:50,84.26235685767097,954d7d588e595404fbe8f79a002de1a32f4175fc,1253958,,,,,,,,,,,,,,,,,,,,,,,,,,,,,,,,,,,,,,,,,,,,,,,,,,,,,,,,,,,,,TN,TN
autoland,4769114,12,1a03ada32d4ae63ebeeb4561891b61c1e6e17a68,windows10-64-shippable-qr,True,False,,,102210fe594ee9b33d82058545b1ed14f4c8206e,browser-toolbox.close-process.DAMP,damp,True,damp browser-toolbox.close-process.DAMP opt e10s fission stylo webrender-sw,4768818,77,ms,firefox,,1708352045,2023-06-08 21:44:04,79.96334760791433,c7b3905a77fb83c75344dddb5646c5c7f5d16714,1254265,,,,,,,,,,,,,,,,,,,,,,,,,,,,,,,,,,,,,,,,,,,,,,,,,,,,,,,,,,,,,TN,TN
autoland,4769114,12,1a03ada32d4ae63ebeeb4561891b61c1e6e17a68,windows10-64-shippable-qr,True,False,,,102210fe594ee9b33d82058545b1ed14f4c8206e,browser-toolbox.close-process.DAMP,damp,True,damp browser-toolbox.close-process.DAMP opt e10s fission stylo webrender-sw,4768818,77,ms,firefox,,1708443078,2023-06-09 02:20:20,82.07643129475764,d18ffb52540958c2b12d76b4a392e12df3bc4280,1254350,,,,,,,,,,,,,,,,,,,,,,,,,,,,,,,,,,,,,,,,,,,,,,,,,,,,,,,,,,,,,TN,TN
autoland,4769114,12,1a03ada32d4ae63ebeeb4561891b61c1e6e17a68,windows10-64-shippable-qr,True,False,,,102210fe594ee9b33d82058545b1ed14f4c8206e,browser-toolbox.close-process.DAMP,damp,True,damp browser-toolbox.close-process.DAMP opt e10s fission stylo webrender-sw,4768818,77,ms,firefox,,1708506372,2023-06-09 06:38:52,76.44511876684555,e76a7e9393add417bcf6a33d7e0c71909cc3c6d9,1254404,,,,,,,,,,,,,,,,,,,,,,,,,,,,,,,,,,,,,,,,,,,,,,,,,,,,,,,,,,,,,TN,TN
autoland,4769114,12,1a03ada32d4ae63ebeeb4561891b61c1e6e17a68,windows10-64-shippable-qr,True,False,,,102210fe594ee9b33d82058545b1ed14f4c8206e,browser-toolbox.close-process.DAMP,damp,True,damp browser-toolbox.close-process.DAMP opt e10s fission stylo webrender-sw,4768818,77,ms,firefox,,1708540163,2023-06-09 08:40:41,80.35418057597053,6453bd709950f540a9b961069fe05277eec38c4e,1254469,,,,,,,,,,,,,,,,,,,,,,,,,,,,,,,,,,,,,,,,,,,,,,,,,,,,,,,,,,,,,TN,TN
autoland,4769114,12,1a03ada32d4ae63ebeeb4561891b61c1e6e17a68,windows10-64-shippable-qr,True,False,,,102210fe594ee9b33d82058545b1ed14f4c8206e,browser-toolbox.close-process.DAMP,damp,True,damp browser-toolbox.close-process.DAMP opt e10s fission stylo webrender-sw,4768818,77,ms,firefox,,1708698217,2023-06-09 13:23:42,79.61345358738618,7467d3da5f29eddf7cf135a00cef8cf87b5c6911,1254611,,,,,,,,,,,,,,,,,,,,,,,,,,,,,,,,,,,,,,,,,,,,,,,,,,,,,,,,,,,,,TN,TN
autoland,4769114,12,1a03ada32d4ae63ebeeb4561891b61c1e6e17a68,windows10-64-shippable-qr,True,False,,,102210fe594ee9b33d82058545b1ed14f4c8206e,browser-toolbox.close-process.DAMP,damp,True,damp browser-toolbox.close-process.DAMP opt e10s fission stylo webrender-sw,4768818,77,ms,firefox,,1708878427,2023-06-09 18:12:56,83.89732968150929,439e88bdf46b8545bcf3fbf4d1cac9bf084df91d,1254830,,,,,,,,,,,,,,,,,,,,,,,,,,,,,,,,,,,,,,,,,,,,,,,,,,,,,,,,,,,,,TN,TN
autoland,4769114,12,1a03ada32d4ae63ebeeb4561891b61c1e6e17a68,windows10-64-shippable-qr,True,False,,,102210fe594ee9b33d82058545b1ed14f4c8206e,browser-toolbox.close-process.DAMP,damp,True,damp browser-toolbox.close-process.DAMP opt e10s fission stylo webrender-sw,4768818,77,ms,firefox,,1708913587,2023-06-09 19:52:31,84.15699812711682,14c10deaa83992232930103150b2cb2351a623a5,1254912,,,,,,,,,,,,,,,,,,,,,,,,,,,,,,,,,,,,,,,,,,,,,,,,,,,,,,,,,,,,,TN,TN
autoland,4769114,12,1a03ada32d4ae63ebeeb4561891b61c1e6e17a68,windows10-64-shippable-qr,True,False,,,102210fe594ee9b33d82058545b1ed14f4c8206e,browser-toolbox.close-process.DAMP,damp,True,damp browser-toolbox.close-process.DAMP opt e10s fission stylo webrender-sw,4768818,77,ms,firefox,,1709019962,2023-06-10 01:55:58,82.40012752219263,463e881a627c52313496a136abc6c038a4b92af6,1255101,,,,,,,,,,,,,,,,,,,,,,,,,,,,,,,,,,,,,,,,,,,,,,,,,,,,,,,,,,,,,TN,TN
autoland,4769114,12,1a03ada32d4ae63ebeeb4561891b61c1e6e17a68,windows10-64-shippable-qr,True,False,,,102210fe594ee9b33d82058545b1ed14f4c8206e,browser-toolbox.close-process.DAMP,damp,True,damp browser-toolbox.close-process.DAMP opt e10s fission stylo webrender-sw,4768818,77,ms,firefox,,1709161518,2023-06-10 13:36:02,80.35912381052913,9c9d29101b3d0533b84b4e75dc06e89fcad3d31a,1255207,,,,,,,,,,,,,,,,,,,,,,,,,,,,,,,,,,,,,,,,,,,,,,,,,,,,,,,,,,,,,TN,TN
autoland,4769114,12,1a03ada32d4ae63ebeeb4561891b61c1e6e17a68,windows10-64-shippable-qr,True,False,,,102210fe594ee9b33d82058545b1ed14f4c8206e,browser-toolbox.close-process.DAMP,damp,True,damp browser-toolbox.close-process.DAMP opt e10s fission stylo webrender-sw,4768818,77,ms,firefox,,1709229867,2023-06-10 18:37:05,81.8889526423809,879c6932bb49782e5edfdbe48e93d997a2646d84,1255264,,,,,,,,,,,,,,,,,,,,,,,,,,,,,,,,,,,,,,,,,,,,,,,,,,,,,,,,,,,,,TN,TN
autoland,4769114,12,1a03ada32d4ae63ebeeb4561891b61c1e6e17a68,windows10-64-shippable-qr,True,False,,,102210fe594ee9b33d82058545b1ed14f4c8206e,browser-toolbox.close-process.DAMP,damp,True,damp browser-toolbox.close-process.DAMP opt e10s fission stylo webrender-sw,4768818,77,ms,firefox,,1709259481,2023-06-10 20:39:30,79.84493213435053,711b87deb431206775bf67c5b0d04ace33eb3660,1255276,,,,,,,,,,,,,,,,,,,,,,,,,,,,,,,,,,,,,,,,,,,,,,,,,,,,,,,,,,,,,TN,TN
autoland,4769114,12,1a03ada32d4ae63ebeeb4561891b61c1e6e17a68,windows10-64-shippable-qr,True,False,,,102210fe594ee9b33d82058545b1ed14f4c8206e,browser-toolbox.close-process.DAMP,damp,True,damp browser-toolbox.close-process.DAMP opt e10s fission stylo webrender-sw,4768818,77,ms,firefox,,1709469325,2023-06-11 14:35:35,80.24185469262011,3904ff924b73ed2df5a530453ab025bb1c2fdf90,1255360,,,,,,,,,,,,,,,,,,,,,,,,,,,,,,,,,,,,,,,,,,,,,,,,,,,,,,,,,,,,,TN,TN
autoland,4769114,12,1a03ada32d4ae63ebeeb4561891b61c1e6e17a68,windows10-64-shippable-qr,True,False,,,102210fe594ee9b33d82058545b1ed14f4c8206e,browser-toolbox.close-process.DAMP,damp,True,damp browser-toolbox.close-process.DAMP opt e10s fission stylo webrender-sw,4768818,77,ms,firefox,,1709537004,2023-06-11 19:10:58,77.30074919265462,af0665af954105365927736b6a65c4d28533bc4d,1255387,,,,,,,,,,,,,,,,,,,,,,,,,,,,,,,,,,,,,,,,,,,,,,,,,,,,,,,,,,,,,TN,TN
autoland,4769114,12,1a03ada32d4ae63ebeeb4561891b61c1e6e17a68,windows10-64-shippable-qr,True,False,,,102210fe594ee9b33d82058545b1ed14f4c8206e,browser-toolbox.close-process.DAMP,damp,True,damp browser-toolbox.close-process.DAMP opt e10s fission stylo webrender-sw,4768818,77,ms,firefox,,1709607556,2023-06-12 00:14:44,79.63148989531692,c73c9ac3fe19822fcf08c5bd0bc112056008b4da,1255422,,,,,,,,,,,,,,,,,,,,,,,,,,,,,,,,,,,,,,,,,,,,,,,,,,,,,,,,,,,,,TN,TN
autoland,4769114,12,1a03ada32d4ae63ebeeb4561891b61c1e6e17a68,windows10-64-shippable-qr,True,False,,,102210fe594ee9b33d82058545b1ed14f4c8206e,browser-toolbox.close-process.DAMP,damp,True,damp browser-toolbox.close-process.DAMP opt e10s fission stylo webrender-sw,4768818,77,ms,firefox,,1709656334,2023-06-12 04:46:29,77.47049766135387,25564434f810ceea8a17b730bd5498b0ca9856c4,1255461,,,,,,,,,,,,,,,,,,,,,,,,,,,,,,,,,,,,,,,,,,,,,,,,,,,,,,,,,,,,,TN,TN
autoland,4769114,12,1a03ada32d4ae63ebeeb4561891b61c1e6e17a68,windows10-64-shippable-qr,True,False,,,102210fe594ee9b33d82058545b1ed14f4c8206e,browser-toolbox.close-process.DAMP,damp,True,damp browser-toolbox.close-process.DAMP opt e10s fission stylo webrender-sw,4768818,77,ms,firefox,,1709744852,2023-06-12 09:00:15,78.65353396475257,6c51face7335165a532e8f6b035a975ced1be55c,1255535,,,,,,,,,,,,,,,,,,,,,,,,,,,,,,,,,,,,,,,,,,,,,,,,,,,,,,,,,,,,,TN,TN
autoland,4769114,12,1a03ada32d4ae63ebeeb4561891b61c1e6e17a68,windows10-64-shippable-qr,True,False,,,102210fe594ee9b33d82058545b1ed14f4c8206e,browser-toolbox.close-process.DAMP,damp,True,damp browser-toolbox.close-process.DAMP opt e10s fission stylo webrender-sw,4768818,77,ms,firefox,,1709766722,2023-06-12 09:27:15,75.98217830098292,1dc3aecfed3a924c48ee323c36ee1e783f836dd7,1255558,,,,,,,,,,,,,,,,,,,,,,,,,,,,,,,,,,,,,,,,,,,,,,,,,,,,,,,,,,,,,TN,TN
autoland,4769114,12,1a03ada32d4ae63ebeeb4561891b61c1e6e17a68,windows10-64-shippable-qr,True,False,,,102210fe594ee9b33d82058545b1ed14f4c8206e,browser-toolbox.close-process.DAMP,damp,True,damp browser-toolbox.close-process.DAMP opt e10s fission stylo webrender-sw,4768818,77,ms,firefox,,1709998653,2023-06-12 14:14:19,81.94959809753345,ee618a493ff9c25c0ecb9dc6087a6179874541da,1255741,,,,,,,,,,,,,,,,,,,,,,,,,,,,,,,,,,,,,,,,,,,,,,,,,,,,,,,,,,,,,TN,TN
autoland,4769114,12,1a03ada32d4ae63ebeeb4561891b61c1e6e17a68,windows10-64-shippable-qr,True,False,,,102210fe594ee9b33d82058545b1ed14f4c8206e,browser-toolbox.close-process.DAMP,damp,True,damp browser-toolbox.close-process.DAMP opt e10s fission stylo webrender-sw,4768818,77,ms,firefox,,1710068192,2023-06-12 17:28:50,78.73910122852976,53b4b785ae2a7f70257069e77b138fe36b53698a,1255840,,,,,,,,,,,,,,,,,,,,,,,,,,,,,,,,,,,,,,,,,,,,,,,,,,,,,,,,,,,,,TN,TN
autoland,4769114,12,1a03ada32d4ae63ebeeb4561891b61c1e6e17a68,windows10-64-shippable-qr,True,False,,,102210fe594ee9b33d82058545b1ed14f4c8206e,browser-toolbox.close-process.DAMP,damp,True,damp browser-toolbox.close-process.DAMP opt e10s fission stylo webrender-sw,4768818,77,ms,firefox,,1710195939,2023-06-12 21:22:21,84.10258580787922,eff1078e2398a9021cd61a20eff8062a582128e2,1256012,,,,,,,,,,,,,,,,,,,,,,,,,,,,,,,,,,,,,,,,,,,,,,,,,,,,,,,,,,,,,TN,TN
autoland,4769114,12,1a03ada32d4ae63ebeeb4561891b61c1e6e17a68,windows10-64-shippable-qr,True,False,,,102210fe594ee9b33d82058545b1ed14f4c8206e,browser-toolbox.close-process.DAMP,damp,True,damp browser-toolbox.close-process.DAMP opt e10s fission stylo webrender-sw,4768818,77,ms,firefox,,1710275014,2023-06-13 02:32:41,80.10733566169802,2bdaa9d6ac390362734ba199115ca10186243e87,1256169,,,,,,,,,,,,,,,,,,,,,,,,,,,,,,,,,,,,,,,,,,,,,,,,,,,,,,,,,,,,,TN,TN
autoland,4769114,12,1a03ada32d4ae63ebeeb4561891b61c1e6e17a68,windows10-64-shippable-qr,True,False,,,102210fe594ee9b33d82058545b1ed14f4c8206e,browser-toolbox.close-process.DAMP,damp,True,damp browser-toolbox.close-process.DAMP opt e10s fission stylo webrender-sw,4768818,77,ms,firefox,,1710354658,2023-06-13 05:20:45,76.77790505732992,1a37acad51201ba77a18b0951d3a93bc8c9eebf7,1256212,,,,,,,,,,,,,,,,,,,,,,,,,,,,,,,,,,,,,,,,,,,,,,,,,,,,,,,,,,,,,TN,TN
autoland,4769114,12,1a03ada32d4ae63ebeeb4561891b61c1e6e17a68,windows10-64-shippable-qr,True,False,,,102210fe594ee9b33d82058545b1ed14f4c8206e,browser-toolbox.close-process.DAMP,damp,True,damp browser-toolbox.close-process.DAMP opt e10s fission stylo webrender-sw,4768818,77,ms,firefox,,1710417976,2023-06-13 09:27:30,81.04386649076696,c7b5ae0c3e2d58a11af3dbe818dd67837d0ff44a,1256328,,,,,,,,,,,,,,,,,,,,,,,,,,,,,,,,,,,,,,,,,,,,,,,,,,,,,,,,,,,,,TN,TN
autoland,4769114,12,1a03ada32d4ae63ebeeb4561891b61c1e6e17a68,windows10-64-shippable-qr,True,False,,,102210fe594ee9b33d82058545b1ed14f4c8206e,browser-toolbox.close-process.DAMP,damp,True,damp browser-toolbox.close-process.DAMP opt e10s fission stylo webrender-sw,4768818,77,ms,firefox,,1710465781,2023-06-13 10:02:00,82.70158146748145,2b9574ef0cc196618dae379b79b53958470216b3,1256346,,,,,,,,,,,,,,,,,,,,,,,,,,,,,,,,,,,,,,,,,,,,,,,,,,,,,,,,,,,,,TN,TN
autoland,4769114,12,1a03ada32d4ae63ebeeb4561891b61c1e6e17a68,windows10-64-shippable-qr,True,False,,,102210fe594ee9b33d82058545b1ed14f4c8206e,browser-toolbox.close-process.DAMP,damp,True,damp browser-toolbox.close-process.DAMP opt e10s fission stylo webrender-sw,4768818,77,ms,firefox,,1710544508,2023-06-13 13:01:33,78.09668534784578,8cd7aee6cae85ce9804794d4a45bc2f34aa04b66,1256450,,,,,,,,,,,,,,,,,,,,,,,,,,,,,,,,,,,,,,,,,,,,,,,,,,,,,,,,,,,,,TN,TN
autoland,4769114,12,1a03ada32d4ae63ebeeb4561891b61c1e6e17a68,windows10-64-shippable-qr,True,False,,,102210fe594ee9b33d82058545b1ed14f4c8206e,browser-toolbox.close-process.DAMP,damp,True,damp browser-toolbox.close-process.DAMP opt e10s fission stylo webrender-sw,4768818,77,ms,firefox,,1710657601,2023-06-13 16:01:20,83.17580791935688,93520e8ffd9617b46d026ea530fde0169def3a80,1256570,,,,,,,,,,,,,,,,,,,,,,,,,,,,,,,,,,,,,,,,,,,,,,,,,,,,,,,,,,,,,TN,TN
autoland,4769114,12,1a03ada32d4ae63ebeeb4561891b61c1e6e17a68,windows10-64-shippable-qr,True,False,,,102210fe594ee9b33d82058545b1ed14f4c8206e,browser-toolbox.close-process.DAMP,damp,True,damp browser-toolbox.close-process.DAMP opt e10s fission stylo webrender-sw,4768818,77,ms,firefox,,1710744158,2023-06-13 18:36:15,79.1383175062947,2d8fa86b279358b19ca794787248a9600c86ef5a,1256676,,,,,,,,,,,,,,,,,,,,,,,,,,,,,,,,,,,,,,,,,,,,,,,,,,,,,,,,,,,,,TN,TN
autoland,4769114,12,1a03ada32d4ae63ebeeb4561891b61c1e6e17a68,windows10-64-shippable-qr,True,False,,,102210fe594ee9b33d82058545b1ed14f4c8206e,browser-toolbox.close-process.DAMP,damp,True,damp browser-toolbox.close-process.DAMP opt e10s fission stylo webrender-sw,4768818,77,ms,firefox,,1710844997,2023-06-13 22:49:33,80.25220424419604,0e2078b102ffd940ea83c3a5a8b1a176bdd3a8fb,1256827,,,,,,,,,,,,,,,,,,,,,,,,,,,,,,,,,,,,,,,,,,,,,,,,,,,,,,,,,,,,,TN,TN
autoland,4769114,12,1a03ada32d4ae63ebeeb4561891b61c1e6e17a68,windows10-64-shippable-qr,True,False,,,102210fe594ee9b33d82058545b1ed14f4c8206e,browser-toolbox.close-process.DAMP,damp,True,damp browser-toolbox.close-process.DAMP opt e10s fission stylo webrender-sw,4768818,77,ms,firefox,,1710883354,2023-06-14 00:25:00,74.23230733102173,4c6c30b03e25cbd9d4dfc96f082e8cf241f51109,1256858,,,,,,,,,,,,,,,,,,,,,,,,,,,,,,,,,,,,,,,,,,,,,,,,,,,,,,,,,,,,,TN,TN
autoland,4769114,12,1a03ada32d4ae63ebeeb4561891b61c1e6e17a68,windows10-64-shippable-qr,True,False,,,102210fe594ee9b33d82058545b1ed14f4c8206e,browser-toolbox.close-process.DAMP,damp,True,damp browser-toolbox.close-process.DAMP opt e10s fission stylo webrender-sw,4768818,77,ms,firefox,,1712294457,2023-06-14 01:32:58,78.67916085119941,478fa5088af6db7b941fc57497af382cb12d7958,1256888,,,,,,,,,,,,,,,,,,,,,,,,,,,,,,,,,,,,,,,,,,,,,,,,,,,,,,,,,,,,,TN,TN
autoland,4769114,12,1a03ada32d4ae63ebeeb4561891b61c1e6e17a68,windows10-64-shippable-qr,True,False,,,102210fe594ee9b33d82058545b1ed14f4c8206e,browser-toolbox.close-process.DAMP,damp,True,damp browser-toolbox.close-process.DAMP opt e10s fission stylo webrender-sw,4768818,77,ms,firefox,,1712294604,2023-06-14 01:56:39,79.80636143475567,e08f1d03c6b19fc31fc093df7160fdf0e8931cd4,1256905,,,,,,,,,,,,,,,,,,,,,,,,,,,,,,,,,,,,,,,,,,,,,,,,,,,,,,,,,,,,,TN,TN
autoland,4769114,12,1a03ada32d4ae63ebeeb4561891b61c1e6e17a68,windows10-64-shippable-qr,True,False,,,102210fe594ee9b33d82058545b1ed14f4c8206e,browser-toolbox.close-process.DAMP,damp,True,damp browser-toolbox.close-process.DAMP opt e10s fission stylo webrender-sw,4768818,77,ms,firefox,,1712294985,2023-06-14 02:23:29,77.87278619317658,36b6a21c7806bf54d03adf205da6f7bcf537d95d,1256921,,,,,,,,,,,,,,,,,,,,,,,,,,,,,,,,,,,,,,,,,,,,,,,,,,,,,,,,,,,,,TN,TN
autoland,4769114,12,1a03ada32d4ae63ebeeb4561891b61c1e6e17a68,windows10-64-shippable-qr,True,False,,,102210fe594ee9b33d82058545b1ed14f4c8206e,browser-toolbox.close-process.DAMP,damp,True,damp browser-toolbox.close-process.DAMP opt e10s fission stylo webrender-sw,4768818,77,ms,firefox,,1712295463,2023-06-14 02:29:03,83.223651649143,28e0c5e32d212ce4de10b6c9aedeecb2e31e5eaf,1256922,,,,,,,,,,,,,,,,,,,,,,,,,,,,,,,,,,,,,,,,,,,,,,,,,,,,,,,,,,,,,TN,TN
autoland,4769114,12,1a03ada32d4ae63ebeeb4561891b61c1e6e17a68,windows10-64-shippable-qr,True,False,,,102210fe594ee9b33d82058545b1ed14f4c8206e,browser-toolbox.close-process.DAMP,damp,True,damp browser-toolbox.close-process.DAMP opt e10s fission stylo webrender-sw,4768818,77,ms,firefox,,1712295981,2023-06-14 02:29:52,78.29087719178642,8f2cf32883cd9bfff3f7d88190344681f9be581b,1256923,,,,,,,,,,,,,,,,,,,,,,,,,,,,,,,,,,,,,,,,,,,,,,,,,,,,,,,,,,,,,TN,TN
autoland,4769114,12,1a03ada32d4ae63ebeeb4561891b61c1e6e17a68,windows10-64-shippable-qr,True,False,,,102210fe594ee9b33d82058545b1ed14f4c8206e,browser-toolbox.close-process.DAMP,damp,True,damp browser-toolbox.close-process.DAMP opt e10s fission stylo webrender-sw,4768818,77,ms,firefox,,1712296914,2023-06-14 02:31:12,82.18721957290472,3050defe32206d8d1569cfc90e56a59d0ba66144,1256924,,,,,,,,,,,,,,,,,,,,,,,,,,,,,,,,,,,,,,,,,,,,,,,,,,,,,,,,,,,,,TN,TN
autoland,4769114,12,1a03ada32d4ae63ebeeb4561891b61c1e6e17a68,windows10-64-shippable-qr,True,False,,,102210fe594ee9b33d82058545b1ed14f4c8206e,browser-toolbox.close-process.DAMP,damp,True,damp browser-toolbox.close-process.DAMP opt e10s fission stylo webrender-sw,4768818,77,ms,firefox,,1712297079,2023-06-14 03:33:20,81.95497267967585,a5f61c0fd4419744d50f6dc88792d96fce081805,1256930,,,,,,,,,,,,,,,,,,,,,,,,,,,,,,,,,,,,,,,,,,,,,,,,,,,,,,,,,,,,,TN,TN
autoland,4769114,12,1a03ada32d4ae63ebeeb4561891b61c1e6e17a68,windows10-64-shippable-qr,True,False,,,102210fe594ee9b33d82058545b1ed14f4c8206e,browser-toolbox.close-process.DAMP,damp,True,damp browser-toolbox.close-process.DAMP opt e10s fission stylo webrender-sw,4768818,77,ms,firefox,,1712297002,2023-06-14 03:34:24,84.80385296736858,c17cd784a966eaf1204b3ad93d57fa071641e8a9,1256931,,,,,,,,,,,,,,,,,,,,,,,,,,,,,,,,,,,,,,,,,,,,,,,,,,,,,,,,,,,,,TN,TN
autoland,4769114,12,1a03ada32d4ae63ebeeb4561891b61c1e6e17a68,windows10-64-shippable-qr,True,False,,,102210fe594ee9b33d82058545b1ed14f4c8206e,browser-toolbox.close-process.DAMP,damp,True,damp browser-toolbox.close-process.DAMP opt e10s fission stylo webrender-sw,4768818,77,ms,firefox,,1712297344,2023-06-14 04:06:40,80.30135621904628,579cee2f1eda0d09614190e78e731ae2240b5d6f,1256937,,,,,,,,,,,,,,,,,,,,,,,,,,,,,,,,,,,,,,,,,,,,,,,,,,,,,,,,,,,,,TN,TN
autoland,4769114,12,1a03ada32d4ae63ebeeb4561891b61c1e6e17a68,windows10-64-shippable-qr,True,False,,,102210fe594ee9b33d82058545b1ed14f4c8206e,browser-toolbox.close-process.DAMP,damp,True,damp browser-toolbox.close-process.DAMP opt e10s fission stylo webrender-sw,4768818,77,ms,firefox,,1710982121,2023-06-14 05:14:15,79.94352297703153,b9e3497b939c3bdfee632c7297184b79cfeec9cc,1256948,,,,,,,,,,,,,,,,,,,,,,,,,,,,,,,,,,,,,,,,,,,,,,,,,,,,,,,,,,,,,TN,TN
autoland,4769114,12,1a03ada32d4ae63ebeeb4561891b61c1e6e17a68,windows10-64-shippable-qr,True,False,,,102210fe594ee9b33d82058545b1ed14f4c8206e,browser-toolbox.close-process.DAMP,damp,True,damp browser-toolbox.close-process.DAMP opt e10s fission stylo webrender-sw,4768818,77,ms,firefox,,1712293605,2023-06-14 08:51:06,78.79277123650536,bf687698c6425dfc6ca9e3ec388531063854a9e4,1257017,,,,,,,,,,,,,,,,,,,,,,,,,,,,,,,,,,,,,,,,,,,,,,,,,,,,,,,,,,,,,TN,TN
autoland,4769114,12,1a03ada32d4ae63ebeeb4561891b61c1e6e17a68,windows10-64-shippable-qr,True,False,,,102210fe594ee9b33d82058545b1ed14f4c8206e,browser-toolbox.close-process.DAMP,damp,True,damp browser-toolbox.close-process.DAMP opt e10s fission stylo webrender-sw,4768818,77,ms,firefox,,1712294129,2023-06-14 08:52:21,75.60088309748971,4e863389418f5bebcab8bace945cb80712f8cb7a,1257018,,,,,,,,,,,,,,,,,,,,,,,,,,,,,,,,,,,,,,,,,,,,,,,,,,,,,,,,,,,,,TN,TN
autoland,4769114,12,1a03ada32d4ae63ebeeb4561891b61c1e6e17a68,windows10-64-shippable-qr,True,False,,,102210fe594ee9b33d82058545b1ed14f4c8206e,browser-toolbox.close-process.DAMP,damp,True,damp browser-toolbox.close-process.DAMP opt e10s fission stylo webrender-sw,4768818,77,ms,firefox,,1712294726,2023-06-14 08:53:32,80.41007083003933,a11cee386b07bbfe45280321176fda11449dd688,1257019,,,,,,,,,,,,,,,,,,,,,,,,,,,,,,,,,,,,,,,,,,,,,,,,,,,,,,,,,,,,,TN,TN
autoland,4769114,12,1a03ada32d4ae63ebeeb4561891b61c1e6e17a68,windows10-64-shippable-qr,True,False,,,102210fe594ee9b33d82058545b1ed14f4c8206e,browser-toolbox.close-process.DAMP,damp,True,damp browser-toolbox.close-process.DAMP opt e10s fission stylo webrender-sw,4768818,77,ms,firefox,,1712297288,2023-06-14 09:39:20,77.76845557404886,7235742df5a05c4db6f7893111dc094750eb9426,1257047,,,,,,,,,,,,,,,,,,,,,,,,,,,,,,,,,,,,,,,,,,,,,,,,,,,,,,,,,,,,,TN,TN
autoland,4769114,12,1a03ada32d4ae63ebeeb4561891b61c1e6e17a68,windows10-64-shippable-qr,True,False,,,102210fe594ee9b33d82058545b1ed14f4c8206e,browser-toolbox.close-process.DAMP,damp,True,damp browser-toolbox.close-process.DAMP opt e10s fission stylo webrender-sw,4768818,77,ms,firefox,,1712295200,2023-06-14 09:45:20,83.95197166113212,b05fabf03de5edad086f4d74463e2f7d91687085,1257051,,,,,,,,,,,,,,,,,,,,,,,,,,,,,,,,,,,,,,,,,,,,,,,,,,,,,,,,,,,,,TN,TN
autoland,4769114,12,1a03ada32d4ae63ebeeb4561891b61c1e6e17a68,windows10-64-shippable-qr,True,False,,,102210fe594ee9b33d82058545b1ed14f4c8206e,browser-toolbox.close-process.DAMP,damp,True,damp browser-toolbox.close-process.DAMP opt e10s fission stylo webrender-sw,4768818,77,ms,firefox,,1712312919,2023-06-14 09:47:07,82.38010327378652,9891d17d6abe2c190871d5ca239c67797208a6e1,1257053,,,,,,,,,,,,,,,,,,,,,,,,,,,,,,,,,,,,,,,,,,,,,,,,,,,,,,,,,,,,,TN,TN
autoland,4769114,12,1a03ada32d4ae63ebeeb4561891b61c1e6e17a68,windows10-64-shippable-qr,True,False,,,102210fe594ee9b33d82058545b1ed14f4c8206e,browser-toolbox.close-process.DAMP,damp,True,damp browser-toolbox.close-process.DAMP opt e10s fission stylo webrender-sw,4768818,77,ms,firefox,,1712293659,2023-06-14 10:03:21,76.68873842154426,aeb80976d2f2b9f479a52a042ebe51c30a2be6c2,1257061,,,,,,,,,,,,,,,,,,,,,,,,,,,,,,,,,,,,,,,,,,,,,,,,,,,,,,,,,,,,,TN,TN
autoland,4769114,12,1a03ada32d4ae63ebeeb4561891b61c1e6e17a68,windows10-64-shippable-qr,True,False,,,102210fe594ee9b33d82058545b1ed14f4c8206e,browser-toolbox.close-process.DAMP,damp,True,damp browser-toolbox.close-process.DAMP opt e10s fission stylo webrender-sw,4768818,77,ms,firefox,,1712294658,2023-06-14 10:29:13,79.55496922025486,5d56ea2530692aee9cf889854b974ffb5d30d143,1257068,,,,,,,,,,,,,,,,,,,,,,,,,,,,,,,,,,,,,,,,,,,,,,,,,,,,,,,,,,,,,TN,TN
autoland,4769114,12,1a03ada32d4ae63ebeeb4561891b61c1e6e17a68,windows10-64-shippable-qr,True,False,,,102210fe594ee9b33d82058545b1ed14f4c8206e,browser-toolbox.close-process.DAMP,damp,True,damp browser-toolbox.close-process.DAMP opt e10s fission stylo webrender-sw,4768818,77,ms,firefox,,1712294386,2023-06-14 10:55:02,77.04867448298319,63bfa2f152875df07d59f4ad6a3ff25b7653de1e,1257075,,,,,,,,,,,,,,,,,,,,,,,,,,,,,,,,,,,,,,,,,,,,,,,,,,,,,,,,,,,,,TN,TN
autoland,4769114,12,1a03ada32d4ae63ebeeb4561891b61c1e6e17a68,windows10-64-shippable-qr,True,False,,,102210fe594ee9b33d82058545b1ed14f4c8206e,browser-toolbox.close-process.DAMP,damp,True,damp browser-toolbox.close-process.DAMP opt e10s fission stylo webrender-sw,4768818,77,ms,firefox,,1711079653,2023-06-14 11:48:24,77.81389082595706,c6fa16c28b26a19d81b8853153057f32cec6f2fd,1257091,,,,,,,,,,,,,,,,,,,,,,,,,,,,,,,,,,,,,,,,,,,,,,,,,,,,,,,,,,,,,TN,TN
autoland,4769114,12,1a03ada32d4ae63ebeeb4561891b61c1e6e17a68,windows10-64-shippable-qr,True,False,,,102210fe594ee9b33d82058545b1ed14f4c8206e,browser-toolbox.close-process.DAMP,damp,True,damp browser-toolbox.close-process.DAMP opt e10s fission stylo webrender-sw,4768818,77,ms,firefox,,1712296322,2023-06-14 12:52:25,76.54367173014907,d9af112f1bea9195399fb0f4c1fb12bf0f86de29,1257104,,,,,,,,,,,,,,,,,,,,,,,,,,,,,,,,,,,,,,,,,,,,,,,,,,,,,,,,,,,,,TN,TN
autoland,4769114,12,1a03ada32d4ae63ebeeb4561891b61c1e6e17a68,windows10-64-shippable-qr,True,False,,,102210fe594ee9b33d82058545b1ed14f4c8206e,browser-toolbox.close-process.DAMP,damp,True,damp browser-toolbox.close-process.DAMP opt e10s fission stylo webrender-sw,4768818,77,ms,firefox,,1712298544,2023-06-14 12:56:09,82.28626471021562,1b340c6a4e28871fce7c4c93f6fca37846580be8,1257109,,,,,,,,,,,,,,,,,,,,,,,,,,,,,,,,,,,,,,,,,,,,,,,,,,,,,,,,,,,,,TN,TN
autoland,4769114,12,1a03ada32d4ae63ebeeb4561891b61c1e6e17a68,windows10-64-shippable-qr,True,False,,,102210fe594ee9b33d82058545b1ed14f4c8206e,browser-toolbox.close-process.DAMP,damp,True,damp browser-toolbox.close-process.DAMP opt e10s fission stylo webrender-sw,4768818,77,ms,firefox,,1712295094,2023-06-14 13:00:55,81.76943013404889,9210dc0831b13b3268066426b570aaf606f2f508,1257111,,,,,,,,,,,,,,,,,,,,,,,,,,,,,,,,,,,,,,,,,,,,,,,,,,,,,,,,,,,,,TN,TN
autoland,4769114,12,1a03ada32d4ae63ebeeb4561891b61c1e6e17a68,windows10-64-shippable-qr,True,False,,,102210fe594ee9b33d82058545b1ed14f4c8206e,browser-toolbox.close-process.DAMP,damp,True,damp browser-toolbox.close-process.DAMP opt e10s fission stylo webrender-sw,4768818,77,ms,firefox,,1712295659,2023-06-14 13:01:51,79.66294692915108,e3d9dc6c7424ca00fb47bc32f23dc12c67d72c4f,1257112,,,,,,,,,,,,,,,,,,,,,,,,,,,,,,,,,,,,,,,,,,,,,,,,,,,,,,,,,,,,,TN,TN
autoland,4769114,12,1a03ada32d4ae63ebeeb4561891b61c1e6e17a68,windows10-64-shippable-qr,True,False,,,102210fe594ee9b33d82058545b1ed14f4c8206e,browser-toolbox.close-process.DAMP,damp,True,damp browser-toolbox.close-process.DAMP opt e10s fission stylo webrender-sw,4768818,77,ms,firefox,,1712294249,2023-06-14 13:02:42,83.67449617464445,7c549efee36645c73571e187b51ed4ee322ead39,1257114,,,,,,,,,,,,,,,,,,,,,,,,,,,,,,,,,,,,,,,,,,,,,,,,,,,,,,,,,,,,,TN,TN
autoland,4769114,12,1a03ada32d4ae63ebeeb4561891b61c1e6e17a68,windows10-64-shippable-qr,True,False,,,102210fe594ee9b33d82058545b1ed14f4c8206e,browser-toolbox.close-process.DAMP,damp,True,damp browser-toolbox.close-process.DAMP opt e10s fission stylo webrender-sw,4768818,77,ms,firefox,,1711184329,2023-06-14 13:20:02,79.84200354578206,928a5d849e038bf4277f06519f8f7ab3c94cc7ff,1257127,,,,,,,,,,,,,,,,,,,,,,,,,,,,,,,,,,,,,,,,,,,,,,,,,,,,,,,,,,,,,TN,TN
autoland,4769114,12,1a03ada32d4ae63ebeeb4561891b61c1e6e17a68,windows10-64-shippable-qr,True,False,,,102210fe594ee9b33d82058545b1ed14f4c8206e,browser-toolbox.close-process.DAMP,damp,True,damp browser-toolbox.close-process.DAMP opt e10s fission stylo webrender-sw,4768818,77,ms,firefox,,1712312852,2023-06-14 13:35:19,84.58915448392509,301d3e2bdac376f35bb2245b05ebe9da010f1733,1257135,,,,,,,,,,,,,,,,,,,,,,,,,,,,,,,,,,,,,,,,,,,,,,,,,,,,,,,,,,,,,TN,TN
autoland,4769114,12,1a03ada32d4ae63ebeeb4561891b61c1e6e17a68,windows10-64-shippable-qr,True,False,,,102210fe594ee9b33d82058545b1ed14f4c8206e,browser-toolbox.close-process.DAMP,damp,True,damp browser-toolbox.close-process.DAMP opt e10s fission stylo webrender-sw,4768818,77,ms,firefox,,1712295367,2023-06-14 13:38:53,77.87390111904824,f62e9abb68f8a5244bc598ecc41822c7d04bde16,1257136,,,,,,,,,,,,,,,,,,,,,,,,,,,,,,,,,,,,,,,,,,,,,,,,,,,,,,,,,,,,,TN,TN
autoland,4769114,12,1a03ada32d4ae63ebeeb4561891b61c1e6e17a68,windows10-64-shippable-qr,True,False,,,102210fe594ee9b33d82058545b1ed14f4c8206e,browser-toolbox.close-process.DAMP,damp,True,damp browser-toolbox.close-process.DAMP opt e10s fission stylo webrender-sw,4768818,77,ms,firefox,,1712295789,2023-06-14 13:53:45,82.58672266358917,029016670d4aed9df8e1718a7ab5d9d7ec471a98,1257145,,,,,,,,,,,,,,,,,,,,,,,,,,,,,,,,,,,,,,,,,,,,,,,,,,,,,,,,,,,,,TN,TN
autoland,4769114,12,1a03ada32d4ae63ebeeb4561891b61c1e6e17a68,windows10-64-shippable-qr,True,False,,,102210fe594ee9b33d82058545b1ed14f4c8206e,browser-toolbox.close-process.DAMP,damp,True,damp browser-toolbox.close-process.DAMP opt e10s fission stylo webrender-sw,4768818,77,ms,firefox,,1712296209,2023-06-14 14:11:42,79.22800705878035,0accfdd3671420ce9a3da67370e1cb587c9a4161,1257150,,,,,,,,,,,,,,,,,,,,,,,,,,,,,,,,,,,,,,,,,,,,,,,,,,,,,,,,,,,,,TN,TN
autoland,4769114,12,1a03ada32d4ae63ebeeb4561891b61c1e6e17a68,windows10-64-shippable-qr,True,False,,,102210fe594ee9b33d82058545b1ed14f4c8206e,browser-toolbox.close-process.DAMP,damp,True,damp browser-toolbox.close-process.DAMP opt e10s fission stylo webrender-sw,4768818,77,ms,firefox,,1712323629,2023-06-14 14:15:49,76.761219364922,222a7bcd543bd23f0f45d339a68f81105c310f69,1257153,,,,,,,,,,,,,,,,,,,,,,,,,,,,,,,,,,,,,,,,,,,,,,,,,,,,,,,,,,,,,TN,TN
autoland,4769114,12,1a03ada32d4ae63ebeeb4561891b61c1e6e17a68,windows10-64-shippable-qr,True,False,,,102210fe594ee9b33d82058545b1ed14f4c8206e,browser-toolbox.close-process.DAMP,damp,True,damp browser-toolbox.close-process.DAMP opt e10s fission stylo webrender-sw,4768818,77,ms,firefox,,1712321182,2023-06-14 14:24:57,77.75184780892596,1c8972458674728ca0f927aa3264078980fe0643,1257161,,,,,,,,,,,,,,,,,,,,,,,,,,,,,,,,,,,,,,,,,,,,,,,,,,,,,,,,,,,,,TN,TN
autoland,4769114,12,1a03ada32d4ae63ebeeb4561891b61c1e6e17a68,windows10-64-shippable-qr,True,False,,,102210fe594ee9b33d82058545b1ed14f4c8206e,browser-toolbox.close-process.DAMP,damp,True,damp browser-toolbox.close-process.DAMP opt e10s fission stylo webrender-sw,4768818,77,ms,firefox,,1712321111,2023-06-14 16:34:42,81.75910319399554,d242be9ed14eaa1cbe26517c0aaa51a1c3720d00,1257238,,,,,,,,,,,,,,,,,,,,,,,,,,,,,,,,,,,,,,,,,,,,,,,,,,,,,,,,,,,,,TN,TN
autoland,4769114,12,1a03ada32d4ae63ebeeb4561891b61c1e6e17a68,windows10-64-shippable-qr,True,False,,,102210fe594ee9b33d82058545b1ed14f4c8206e,browser-toolbox.close-process.DAMP,damp,True,damp browser-toolbox.close-process.DAMP opt e10s fission stylo webrender-sw,4768818,77,ms,firefox,,1711347557,2023-06-14 17:41:50,79.69349626768962,933dd3c3e1c8beb677df8e4d51b1e99b41599f65,1257281,,,,,,,,,,,,,,,,,,,,,,,,,,,,,,,,,,,,,,,,,,,,,,,,,,,,,,,,,,,,,TN,TN
autoland,4769114,12,1a03ada32d4ae63ebeeb4561891b61c1e6e17a68,windows10-64-shippable-qr,True,False,,,102210fe594ee9b33d82058545b1ed14f4c8206e,browser-toolbox.close-process.DAMP,damp,True,damp browser-toolbox.close-process.DAMP opt e10s fission stylo webrender-sw,4768818,77,ms,firefox,,1711386895,2023-06-14 18:25:51,80.52632225685375,d730841eed9459e5541190a9525313fb1ff98e75,1257330,,,,,,,,,,,,,,,,,,,,,,,,,,,,,,,,,,,,,,,,,,,,,,,,,,,,,,,,,,,,,TN,TN
autoland,4769114,12,1a03ada32d4ae63ebeeb4561891b61c1e6e17a68,windows10-64-shippable-qr,True,False,,,102210fe594ee9b33d82058545b1ed14f4c8206e,browser-toolbox.close-process.DAMP,damp,True,damp browser-toolbox.close-process.DAMP opt e10s fission stylo webrender-sw,4768818,77,ms,firefox,,1711454829,2023-06-14 20:09:05,79.17524407865858,ff79aa6f7ba8605e7ea59acddd521284f75136e4,1257422,,,,,,,,,,,,,,,,,,,,,,,,,,,,,,,,,,,,,,,,,,,,,,,,,,,,,,,,,,,,,TN,TN
autoland,4769114,12,1a03ada32d4ae63ebeeb4561891b61c1e6e17a68,windows10-64-shippable-qr,True,False,,,102210fe594ee9b33d82058545b1ed14f4c8206e,browser-toolbox.close-process.DAMP,damp,True,damp browser-toolbox.close-process.DAMP opt e10s fission stylo webrender-sw,4768818,77,ms,firefox,,1711502832,2023-06-14 21:46:45,78.71168709885387,4b1c6fc1fc0f3e664d546c4bf5c24f0c157bc2c5,1257512,,,,,,,,,,,,,,,,,,,,,,,,,,,,,,,,,,,,,,,,,,,,,,,,,,,,,,,,,,,,,TN,TN
autoland,4769114,12,1a03ada32d4ae63ebeeb4561891b61c1e6e17a68,windows10-64-shippable-qr,True,False,,,102210fe594ee9b33d82058545b1ed14f4c8206e,browser-toolbox.close-process.DAMP,damp,True,damp browser-toolbox.close-process.DAMP opt e10s fission stylo webrender-sw,4768818,77,ms,firefox,,1711642717,2023-06-15 01:50:09,78.25765064402367,53e8e97bbe4e0c8fc4deff56e5b8d03391c0c023,1257663,,,,,,,,,,,,,,,,,,,,,,,,,,,,,,,,,,,,,,,,,,,,,,,,,,,,,,,,,,,,,TN,TN
autoland,4769114,12,1a03ada32d4ae63ebeeb4561891b61c1e6e17a68,windows10-64-shippable-qr,True,False,,,102210fe594ee9b33d82058545b1ed14f4c8206e,browser-toolbox.close-process.DAMP,damp,True,damp browser-toolbox.close-process.DAMP opt e10s fission stylo webrender-sw,4768818,77,ms,firefox,,1711656292,2023-06-15 02:43:47,79.41272244691208,abf8f424d2d09f957d7ecd02af086a9b7adde3f8,1257688,,,,,,,,,,,,,,,,,,,,,,,,,,,,,,,,,,,,,,,,,,,,,,,,,,,,,,,,,,,,,TN,TN
autoland,4769114,12,1a03ada32d4ae63ebeeb4561891b61c1e6e17a68,windows10-64-shippable-qr,True,False,,,102210fe594ee9b33d82058545b1ed14f4c8206e,browser-toolbox.close-process.DAMP,damp,True,damp browser-toolbox.close-process.DAMP opt e10s fission stylo webrender-sw,4768818,77,ms,firefox,,1711753349,2023-06-15 06:54:30,76.92395651146944,900ba46a6df5d5b6dde0d5de391246157de49c8a,1257783,,,,,,,,,,,,,,,,,,,,,,,,,,,,,,,,,,,,,,,,,,,,,,,,,,,,,,,,,,,,,TN,TN
autoland,4769114,12,1a03ada32d4ae63ebeeb4561891b61c1e6e17a68,windows10-64-shippable-qr,True,False,,,102210fe594ee9b33d82058545b1ed14f4c8206e,browser-toolbox.close-process.DAMP,damp,True,damp browser-toolbox.close-process.DAMP opt e10s fission stylo webrender-sw,4768818,77,ms,firefox,,1711839115,2023-06-15 10:33:37,84.34086554752867,86864bda9b5f7077819eb76b661bcefb89fd19fa,1257909,,,,,,,,,,,,,,,,,,,,,,,,,,,,,,,,,,,,,,,,,,,,,,,,,,,,,,,,,,,,,TN,TN
autoland,4769114,12,1a03ada32d4ae63ebeeb4561891b61c1e6e17a68,windows10-64-shippable-qr,True,False,,,102210fe594ee9b33d82058545b1ed14f4c8206e,browser-toolbox.close-process.DAMP,damp,True,damp browser-toolbox.close-process.DAMP opt e10s fission stylo webrender-sw,4768818,77,ms,firefox,,1713383604,2023-06-15 13:34:57,76.91206236837752,a44656c2ad83d278286aa51507864e53a3911df3,1258006,,,,,,,,,,,,,,,,,,,,,,,,,,,,,,,,,,,,,,,,,,,,,,,,,,,,,,,,,,,,,TN,TN
autoland,4769114,12,1a03ada32d4ae63ebeeb4561891b61c1e6e17a68,windows10-64-shippable-qr,True,False,,,102210fe594ee9b33d82058545b1ed14f4c8206e,browser-toolbox.close-process.DAMP,damp,True,damp browser-toolbox.close-process.DAMP opt e10s fission stylo webrender-sw,4768818,77,ms,firefox,,1713383870,2023-06-15 13:36:02,75.7473564636166,15a57a8cf9c1a82df222dfec76e5f167ea53107b,1258007,,,,,,,,,,,,,,,,,,,,,,,,,,,,,,,,,,,,,,,,,,,,,,,,,,,,,,,,,,,,,TN,TN
autoland,4769114,12,1a03ada32d4ae63ebeeb4561891b61c1e6e17a68,windows10-64-shippable-qr,True,False,,,102210fe594ee9b33d82058545b1ed14f4c8206e,browser-toolbox.close-process.DAMP,damp,True,damp browser-toolbox.close-process.DAMP opt e10s fission stylo webrender-sw,4768818,77,ms,firefox,,1713382918,2023-06-15 13:50:46,81.94566992696491,71a53b2520f2d70c17c0b28eb2746ab1879f0704,1258018,,,,,,,,,,,,,,,,,,,,,,,,,,,,,,,,,,,,,,,,,,,,,,,,,,,,,,,,,,,,,TN,TN
autoland,4769114,12,1a03ada32d4ae63ebeeb4561891b61c1e6e17a68,windows10-64-shippable-qr,True,False,,,102210fe594ee9b33d82058545b1ed14f4c8206e,browser-toolbox.close-process.DAMP,damp,True,damp browser-toolbox.close-process.DAMP opt e10s fission stylo webrender-sw,4768818,77,ms,firefox,,1713383062,2023-06-15 14:06:21,75.91177068925754,8fa5403a47ee05e4324a8d096d42a05b8e42b8c6,1258028,,,,,,,,,,,,,,,,,,,,,,,,,,,,,,,,,,,,,,,,,,,,,,,,,,,,,,,,,,,,,TN,TN
autoland,4769114,12,1a03ada32d4ae63ebeeb4561891b61c1e6e17a68,windows10-64-shippable-qr,True,False,,,102210fe594ee9b33d82058545b1ed14f4c8206e,browser-toolbox.close-process.DAMP,damp,True,damp browser-toolbox.close-process.DAMP opt e10s fission stylo webrender-sw,4768818,77,ms,firefox,,1713383011,2023-06-15 14:14:47,79.49480523826787,d70485ffa51ee08043739e2db9a6a9880777d0fd,1258029,,,,,,,,,,,,,,,,,,,,,,,,,,,,,,,,,,,,,,,,,,,,,,,,,,,,,,,,,,,,,TN,TN
autoland,4769114,12,1a03ada32d4ae63ebeeb4561891b61c1e6e17a68,windows10-64-shippable-qr,True,False,,,102210fe594ee9b33d82058545b1ed14f4c8206e,browser-toolbox.close-process.DAMP,damp,True,damp browser-toolbox.close-process.DAMP opt e10s fission stylo webrender-sw,4768818,77,ms,firefox,,1713383154,2023-06-15 14:15:45,77.16614584843774,ecab7f04e7d616a69e1d213ac8e660ebae99926d,1258032,,,,,,,,,,,,,,,,,,,,,,,,,,,,,,,,,,,,,,,,,,,,,,,,,,,,,,,,,,,,,TN,TN
autoland,4769114,12,1a03ada32d4ae63ebeeb4561891b61c1e6e17a68,windows10-64-shippable-qr,True,False,,,102210fe594ee9b33d82058545b1ed14f4c8206e,browser-toolbox.close-process.DAMP,damp,True,damp browser-toolbox.close-process.DAMP opt e10s fission stylo webrender-sw,4768818,77,ms,firefox,,1713383246,2023-06-15 14:17:38,78.2530693551962,214490a419fb2f60b4ea03f3bf17c3f0d5bb4d09,1258033,,,,,,,,,,,,,,,,,,,,,,,,,,,,,,,,,,,,,,,,,,,,,,,,,,,,,,,,,,,,,TN,TN
autoland,4769114,12,1a03ada32d4ae63ebeeb4561891b61c1e6e17a68,windows10-64-shippable-qr,True,False,,,102210fe594ee9b33d82058545b1ed14f4c8206e,browser-toolbox.close-process.DAMP,damp,True,damp browser-toolbox.close-process.DAMP opt e10s fission stylo webrender-sw,4768818,77,ms,firefox,,1711971199,2023-06-15 14:40:40,79.05654117433733,02d601db620c1b64867202e025ce19938938a04f,1258053,,,,,,,,,,,,,,,,,,,,,,,,,,,,,,,,,,,,,,,,,,,,,,,,,,,,,,,,,,,,,TN,TN
autoland,4769114,12,1a03ada32d4ae63ebeeb4561891b61c1e6e17a68,windows10-64-shippable-qr,True,False,,,102210fe594ee9b33d82058545b1ed14f4c8206e,browser-toolbox.close-process.DAMP,damp,True,damp browser-toolbox.close-process.DAMP opt e10s fission stylo webrender-sw,4768818,77,ms,firefox,,1713393996,2023-06-15 14:41:30,75.97205710232083,a0dc8dc759b39da8d17a1e40ccfa45dafddd682a,1258055,,,,,,,,,,,,,,,,,,,,,,,,,,,,,,,,,,,,,,,,,,,,,,,,,,,,,,,,,,,,,TN,TN
autoland,4769114,12,1a03ada32d4ae63ebeeb4561891b61c1e6e17a68,windows10-64-shippable-qr,True,False,,,102210fe594ee9b33d82058545b1ed14f4c8206e,browser-toolbox.close-process.DAMP,damp,True,damp browser-toolbox.close-process.DAMP opt e10s fission stylo webrender-sw,4768818,77,ms,firefox,,1712020508,2023-06-15 14:52:05,83.19782393061905,c71789b596556b921a7d6ce12b4102f252631c4b,1258066,,,,,,,,,,,,,,,,,,,,,,,,,,,,,,,,,,,,,,,,,,,,,,,,,,,,,,,,,,,,,TN,TN
autoland,4769114,12,1a03ada32d4ae63ebeeb4561891b61c1e6e17a68,windows10-64-shippable-qr,True,False,,,102210fe594ee9b33d82058545b1ed14f4c8206e,browser-toolbox.close-process.DAMP,damp,True,damp browser-toolbox.close-process.DAMP opt e10s fission stylo webrender-sw,4768818,77,ms,firefox,,1713395226,2023-06-15 15:48:13,82.21322165840684,2d5289bd983bae6ecac3e9f7428bc7c5f59758c0,1258121,,,,,,,,,,,,,,,,,,,,,,,,,,,,,,,,,,,,,,,,,,,,,,,,,,,,,,,,,,,,,TN,TN
autoland,4769114,12,1a03ada32d4ae63ebeeb4561891b61c1e6e17a68,windows10-64-shippable-qr,True,False,,,102210fe594ee9b33d82058545b1ed14f4c8206e,browser-toolbox.close-process.DAMP,damp,True,damp browser-toolbox.close-process.DAMP opt e10s fission stylo webrender-sw,4768818,77,ms,firefox,,1713396726,2023-06-15 16:04:48,81.07893621218682,77411a7cae99d18b80f0f647ac92fedc6b019354,1258131,,,,,,,,,,,,,,,,,,,,,,,,,,,,,,,,,,,,,,,,,,,,,,,,,,,,,,,,,,,,,TN,TN
autoland,4769114,12,1a03ada32d4ae63ebeeb4561891b61c1e6e17a68,windows10-64-shippable-qr,True,False,,,102210fe594ee9b33d82058545b1ed14f4c8206e,browser-toolbox.close-process.DAMP,damp,True,damp browser-toolbox.close-process.DAMP opt e10s fission stylo webrender-sw,4768818,77,ms,firefox,,1713394327,2023-06-15 16:05:43,77.09458382414596,208ba0efbefb610471f8b8adcfb056aed4f38435,1258133,,,,,,,,,,,,,,,,,,,,,,,,,,,,,,,,,,,,,,,,,,,,,,,,,,,,,,,,,,,,,TN,TN
autoland,4769114,12,1a03ada32d4ae63ebeeb4561891b61c1e6e17a68,windows10-64-shippable-qr,True,False,,,102210fe594ee9b33d82058545b1ed14f4c8206e,browser-toolbox.close-process.DAMP,damp,True,damp browser-toolbox.close-process.DAMP opt e10s fission stylo webrender-sw,4768818,77,ms,firefox,,1713394497,2023-06-15 17:08:44,78.63662072211446,e31965aaf77ac81823bb86418199c600d1f64fb3,1258183,,,,,,,,,,,,,,,,,,,,,,,,,,,,,,,,,,,,,,,,,,,,,,,,,,,,,,,,,,,,,TN,TN
autoland,4769114,12,1a03ada32d4ae63ebeeb4561891b61c1e6e17a68,windows10-64-shippable-qr,True,False,,,102210fe594ee9b33d82058545b1ed14f4c8206e,browser-toolbox.close-process.DAMP,damp,True,damp browser-toolbox.close-process.DAMP opt e10s fission stylo webrender-sw,4768818,77,ms,firefox,,1713396310,2023-06-15 17:09:41,83.17222391749965,81ac1990bb44e81a2146c84d6b226408e0df0891,1258185,,,,,,,,,,,,,,,,,,,,,,,,,,,,,,,,,,,,,,,,,,,,,,,,,,,,,,,,,,,,,TN,TN
autoland,4769114,12,1a03ada32d4ae63ebeeb4561891b61c1e6e17a68,windows10-64-shippable-qr,True,False,,,102210fe594ee9b33d82058545b1ed14f4c8206e,browser-toolbox.close-process.DAMP,damp,True,damp browser-toolbox.close-process.DAMP opt e10s fission stylo webrender-sw,4768818,77,ms,firefox,,1713396425,2023-06-15 17:11:43,78.16512264609992,9c1c9f4c2dd4cac7554705af41d4e7c2c412ccc7,1258188,,,,,,,,,,,,,,,,,,,,,,,,,,,,,,,,,,,,,,,,,,,,,,,,,,,,,,,,,,,,,TN,TN
autoland,4769114,12,1a03ada32d4ae63ebeeb4561891b61c1e6e17a68,windows10-64-shippable-qr,True,False,,,102210fe594ee9b33d82058545b1ed14f4c8206e,browser-toolbox.close-process.DAMP,damp,True,damp browser-toolbox.close-process.DAMP opt e10s fission stylo webrender-sw,4768818,77,ms,firefox,,1713396424,2023-06-15 17:12:51,82.60276534943478,764a1a55a06209b9b3a1361692ffba613937c3a0,1258189,,,,,,,,,,,,,,,,,,,,,,,,,,,,,,,,,,,,,,,,,,,,,,,,,,,,,,,,,,,,,TN,TN
autoland,4769114,12,1a03ada32d4ae63ebeeb4561891b61c1e6e17a68,windows10-64-shippable-qr,True,False,,,102210fe594ee9b33d82058545b1ed14f4c8206e,browser-toolbox.close-process.DAMP,damp,True,damp browser-toolbox.close-process.DAMP opt e10s fission stylo webrender-sw,4768818,77,ms,firefox,,1713395515,2023-06-15 17:22:26,78.7016082952141,53310b02f8709dc07c821e4997b890ca98c248a1,1258197,,,,,,,,,,,,,,,,,,,,,,,,,,,,,,,,,,,,,,,,,,,,,,,,,,,,,,,,,,,,,TN,TN
autoland,4769114,12,1a03ada32d4ae63ebeeb4561891b61c1e6e17a68,windows10-64-shippable-qr,True,False,,,102210fe594ee9b33d82058545b1ed14f4c8206e,browser-toolbox.close-process.DAMP,damp,True,damp browser-toolbox.close-process.DAMP opt e10s fission stylo webrender-sw,4768818,77,ms,firefox,,1712097036,2023-06-15 17:49:05,80.0636996592948,91738dd5bb441001f7837d0cae71c0be46925602,1258216,,,,,,,,,,,,,,,,,,,,,,,,,,,,,,,,,,,,,,,,,,,,,,,,,,,,,,,,,,,,,TN,TN
autoland,4769114,12,1a03ada32d4ae63ebeeb4561891b61c1e6e17a68,windows10-64-shippable-qr,True,False,,,102210fe594ee9b33d82058545b1ed14f4c8206e,browser-toolbox.close-process.DAMP,damp,True,damp browser-toolbox.close-process.DAMP opt e10s fission stylo webrender-sw,4768818,77,ms,firefox,,1713394195,2023-06-15 20:06:44,78.29437069554115,7c3887834371b6753580ca3ca3d6ac5551874f2a,1258334,,,,,,,,,,,,,,,,,,,,,,,,,,,,,,,,,,,,,,,,,,,,,,,,,,,,,,,,,,,,,TN,TN
autoland,4769114,12,1a03ada32d4ae63ebeeb4561891b61c1e6e17a68,windows10-64-shippable-qr,True,False,,,102210fe594ee9b33d82058545b1ed14f4c8206e,browser-toolbox.close-process.DAMP,damp,True,damp browser-toolbox.close-process.DAMP opt e10s fission stylo webrender-sw,4768818,77,ms,firefox,,1713396041,2023-06-15 20:07:44,77.65883442798804,b8840fb5e631cd065b26bbedfbae923a98acbcfb,1258335,,,,,,,,,,,,,,,,,,,,,,,,,,,,,,,,,,,,,,,,,,,,,,,,,,,,,,,,,,,,,TN,TN
autoland,4769114,12,1a03ada32d4ae63ebeeb4561891b61c1e6e17a68,windows10-64-shippable-qr,True,False,,,102210fe594ee9b33d82058545b1ed14f4c8206e,browser-toolbox.close-process.DAMP,damp,True,damp browser-toolbox.close-process.DAMP opt e10s fission stylo webrender-sw,4768818,77,ms,firefox,,1713395707,2023-06-15 20:25:34,79.50627490239276,4eb17b12d0f95a461ede957a634561a8a169af3a,1258350,,,,,,,,,,,,,,,,,,,,,,,,,,,,,,,,,,,,,,,,,,,,,,,,,,,,,,,,,,,,,TN,TN
autoland,4769114,12,1a03ada32d4ae63ebeeb4561891b61c1e6e17a68,windows10-64-shippable-qr,True,False,,,102210fe594ee9b33d82058545b1ed14f4c8206e,browser-toolbox.close-process.DAMP,damp,True,damp browser-toolbox.close-process.DAMP opt e10s fission stylo webrender-sw,4768818,77,ms,firefox,,1713394887,2023-06-15 20:28:38,78.16964002291206,41868dc85a0869a0e6e589d1d8baa715df3884dd,1258353,,,,,,,,,,,,,,,,,,,,,,,,,,,,,,,,,,,,,,,,,,,,,,,,,,,,,,,,,,,,,TN,TN
autoland,4769114,12,1a03ada32d4ae63ebeeb4561891b61c1e6e17a68,windows10-64-shippable-qr,True,False,,,102210fe594ee9b33d82058545b1ed14f4c8206e,browser-toolbox.close-process.DAMP,damp,True,damp browser-toolbox.close-process.DAMP opt e10s fission stylo webrender-sw,4768818,77,ms,firefox,,1713394688,2023-06-15 20:45:45,76.17176300002029,5be10443a2ea112d0f5d288bdb6c7e469f5d2245,1258366,,,,,,,,,,,,,,,,,,,,,,,,,,,,,,,,,,,,,,,,,,,,,,,,,,,,,,,,,,,,,TN,TN
autoland,4769114,12,1a03ada32d4ae63ebeeb4561891b61c1e6e17a68,windows10-64-shippable-qr,True,False,,,102210fe594ee9b33d82058545b1ed14f4c8206e,browser-toolbox.close-process.DAMP,damp,True,damp browser-toolbox.close-process.DAMP opt e10s fission stylo webrender-sw,4768818,77,ms,firefox,,1713396958,2023-06-15 20:46:41,78.72815169118985,344699b2ba990e14777751aa61c1145e4fe05cbc,1258367,,,,,,,,,,,,,,,,,,,,,,,,,,,,,,,,,,,,,,,,,,,,,,,,,,,,,,,,,,,,,TN,TN
autoland,4769114,12,1a03ada32d4ae63ebeeb4561891b61c1e6e17a68,windows10-64-shippable-qr,True,False,,,102210fe594ee9b33d82058545b1ed14f4c8206e,browser-toolbox.close-process.DAMP,damp,True,damp browser-toolbox.close-process.DAMP opt e10s fission stylo webrender-sw,4768818,77,ms,firefox,,1713393425,2023-06-15 20:47:35,77.18438085171874,eaab5c6d228e61b3e513ac7777cb29305b181bba,1258369,,,,,,,,,,,,,,,,,,,,,,,,,,,,,,,,,,,,,,,,,,,,,,,,,,,,,,,,,,,,,TN,TN
autoland,4769114,12,1a03ada32d4ae63ebeeb4561891b61c1e6e17a68,windows10-64-shippable-qr,True,False,,,102210fe594ee9b33d82058545b1ed14f4c8206e,browser-toolbox.close-process.DAMP,damp,True,damp browser-toolbox.close-process.DAMP opt e10s fission stylo webrender-sw,4768818,77,ms,firefox,,1713394474,2023-06-15 20:48:42,77.79146904874506,1d182c34223de76ed58fa45d26735b6ecb18bbab,1258371,,,,,,,,,,,,,,,,,,,,,,,,,,,,,,,,,,,,,,,,,,,,,,,,,,,,,,,,,,,,,TN,TN
autoland,4769114,12,1a03ada32d4ae63ebeeb4561891b61c1e6e17a68,windows10-64-shippable-qr,True,False,,,102210fe594ee9b33d82058545b1ed14f4c8206e,browser-toolbox.close-process.DAMP,damp,True,damp browser-toolbox.close-process.DAMP opt e10s fission stylo webrender-sw,4768818,77,ms,firefox,,1713395928,2023-06-15 20:49:55,80.9995808427775,0547cc1781796962077ad44d53796a4470a2f798,1258373,,,,,,,,,,,,,,,,,,,,,,,,,,,,,,,,,,,,,,,,,,,,,,,,,,,,,,,,,,,,,TN,TN
autoland,4769114,12,1a03ada32d4ae63ebeeb4561891b61c1e6e17a68,windows10-64-shippable-qr,True,False,,,102210fe594ee9b33d82058545b1ed14f4c8206e,browser-toolbox.close-process.DAMP,damp,True,damp browser-toolbox.close-process.DAMP opt e10s fission stylo webrender-sw,4768818,77,ms,firefox,,1712214925,2023-06-15 20:51:19,82.4018642238807,ba00fe639072b671be556332e4628092d64d31df,1258374,,,,,,,,,,,,,,,,,,,,,,,,,,,,,,,,,,,,,,,,,,,,,,,,,,,,,,,,,,,,,TN,TN
autoland,4769114,12,1a03ada32d4ae63ebeeb4561891b61c1e6e17a68,windows10-64-shippable-qr,True,False,,,102210fe594ee9b33d82058545b1ed14f4c8206e,browser-toolbox.close-process.DAMP,damp,True,damp browser-toolbox.close-process.DAMP opt e10s fission stylo webrender-sw,4768818,77,ms,firefox,,1713395061,2023-06-15 21:39:26,76.89234378962283,c706cfefa438426e7aab791d6cd5a3f0e3afe419,1258413,,,,,,,,,,,,,,,,,,,,,,,,,,,,,,,,,,,,,,,,,,,,,,,,,,,,,,,,,,,,,TN,TN
autoland,4769114,12,1a03ada32d4ae63ebeeb4561891b61c1e6e17a68,windows10-64-shippable-qr,True,False,,,102210fe594ee9b33d82058545b1ed14f4c8206e,browser-toolbox.close-process.DAMP,damp,True,damp browser-toolbox.close-process.DAMP opt e10s fission stylo webrender-sw,4768818,77,ms,firefox,,1713395172,2023-06-15 22:23:33,82.14919131321221,f9cb00c2cdc956ea9c3083d9ba66cd9848cd26db,1258451,,,,,,,,,,,,,,,,,,,,,,,,,,,,,,,,,,,,,,,,,,,,,,,,,,,,,,,,,,,,,TN,TN
autoland,4769114,12,1a03ada32d4ae63ebeeb4561891b61c1e6e17a68,windows10-64-shippable-qr,True,False,,,102210fe594ee9b33d82058545b1ed14f4c8206e,browser-toolbox.close-process.DAMP,damp,True,damp browser-toolbox.close-process.DAMP opt e10s fission stylo webrender-sw,4768818,77,ms,firefox,,1713393242,2023-06-15 22:25:53,74.8854056906348,3b0228cca008167f79ffd8fc270b2279b2f96941,1258453,,,,,,,,,,,,,,,,,,,,,,,,,,,,,,,,,,,,,,,,,,,,,,,,,,,,,,,,,,,,,TN,TN
autoland,4769114,12,1a03ada32d4ae63ebeeb4561891b61c1e6e17a68,windows10-64-shippable-qr,True,False,,,102210fe594ee9b33d82058545b1ed14f4c8206e,browser-toolbox.close-process.DAMP,damp,True,damp browser-toolbox.close-process.DAMP opt e10s fission stylo webrender-sw,4768818,77,ms,firefox,,1713393084,2023-06-15 22:30:32,81.69752373201482,eafce10b1632c73750e254e838387d1ea12de820,1258459,,,,,,,,,,,,,,,,,,,,,,,,,,,,,,,,,,,,,,,,,,,,,,,,,,,,,,,,,,,,,TN,TN
autoland,4769114,12,1a03ada32d4ae63ebeeb4561891b61c1e6e17a68,windows10-64-shippable-qr,True,False,,,102210fe594ee9b33d82058545b1ed14f4c8206e,browser-toolbox.close-process.DAMP,damp,True,damp browser-toolbox.close-process.DAMP opt e10s fission stylo webrender-sw,4768818,77,ms,firefox,,1713395569,2023-06-15 22:51:10,78.25836002279539,78204d8945ed635f208bee5527e6c693160f7992,1258476,,,,,,,,,,,,,,,,,,,,,,,,,,,,,,,,,,,,,,,,,,,,,,,,,,,,,,,,,,,,,TN,TN
autoland,4769114,12,1a03ada32d4ae63ebeeb4561891b61c1e6e17a68,windows10-64-shippable-qr,True,False,,,102210fe594ee9b33d82058545b1ed14f4c8206e,browser-toolbox.close-process.DAMP,damp,True,damp browser-toolbox.close-process.DAMP opt e10s fission stylo webrender-sw,4768818,77,ms,firefox,,1713393363,2023-06-15 23:14:46,76.2485369607457,3b18400b7e1a9aab0d7d9fdd88e18576367ee5d5,1258494,,,,,,,,,,,,,,,,,,,,,,,,,,,,,,,,,,,,,,,,,,,,,,,,,,,,,,,,,,,,,TN,TN
autoland,4769114,12,1a03ada32d4ae63ebeeb4561891b61c1e6e17a68,windows10-64-shippable-qr,True,False,,,102210fe594ee9b33d82058545b1ed14f4c8206e,browser-toolbox.close-process.DAMP,damp,True,damp browser-toolbox.close-process.DAMP opt e10s fission stylo webrender-sw,4768818,77,ms,firefox,,1713387482,2023-06-16 00:17:21,78.19350667836261,08fd41d3ba9b86259882ef3f3a02a49faa61a5c5,1258544,,,,,,,,,,,,,,,,,,,,,,,,,,,,,,,,,,,,,,,,,,,,,,,,,,,,,,,,,,,,,TN,TN
autoland,4769114,12,1a03ada32d4ae63ebeeb4561891b61c1e6e17a68,windows10-64-shippable-qr,True,False,,,102210fe594ee9b33d82058545b1ed14f4c8206e,browser-toolbox.close-process.DAMP,damp,True,damp browser-toolbox.close-process.DAMP opt e10s fission stylo webrender-sw,4768818,77,ms,firefox,,1713393941,2023-06-16 00:28:10,77.3274910749933,e600dd0bf914eb759d814e2ed7dc54f62d07c843,1258555,,,,,,,,,,,,,,,,,,,,,,,,,,,,,,,,,,,,,,,,,,,,,,,,,,,,,,,,,,,,,TN,TN
autoland,4769114,12,1a03ada32d4ae63ebeeb4561891b61c1e6e17a68,windows10-64-shippable-qr,True,False,,,102210fe594ee9b33d82058545b1ed14f4c8206e,browser-toolbox.close-process.DAMP,damp,True,damp browser-toolbox.close-process.DAMP opt e10s fission stylo webrender-sw,4768818,77,ms,firefox,,1712311197,2023-06-16 01:17:42,85.50771088671172,6bc2d3f9b1aaecde92c9388f00f3d564d136d00a,1258594,,,,,,,,,,,,,,,,,,,,,,,,,,,,,,,,,,,,,,,,,,,,,,,,,,,,,,,,,,,,,TN,TN
autoland,4769114,12,1a03ada32d4ae63ebeeb4561891b61c1e6e17a68,windows10-64-shippable-qr,True,False,,,102210fe594ee9b33d82058545b1ed14f4c8206e,browser-toolbox.close-process.DAMP,damp,True,damp browser-toolbox.close-process.DAMP opt e10s fission stylo webrender-sw,4768818,77,ms,firefox,,1712422358,2023-06-16 06:01:05,82.97328312539685,6a640a4dd3245b82ce97d863bf842b0cd4089ce5,1258674,,,,,,,,,,,,,,,,,,,,,,,,,,,,,,,,,,,,,,,,,,,,,,,,,,,,,,,,,,,,,TN,TN
autoland,4769114,12,1a03ada32d4ae63ebeeb4561891b61c1e6e17a68,windows10-64-shippable-qr,True,False,,,102210fe594ee9b33d82058545b1ed14f4c8206e,browser-toolbox.close-process.DAMP,damp,True,damp browser-toolbox.close-process.DAMP opt e10s fission stylo webrender-sw,4768818,77,ms,firefox,,1712470665,2023-06-16 08:20:05,84.74483127733401,34ee66e105968b161583947185cad1fcebdc6641,1258718,,,,,,,,,,,,,,,,,,,,,,,,,,,,,,,,,,,,,,,,,,,,,,,,,,,,,,,,,,,,,TN,TN
autoland,4769114,12,1a03ada32d4ae63ebeeb4561891b61c1e6e17a68,windows10-64-shippable-qr,True,False,,,102210fe594ee9b33d82058545b1ed14f4c8206e,browser-toolbox.close-process.DAMP,damp,True,damp browser-toolbox.close-process.DAMP opt e10s fission stylo webrender-sw,4768818,77,ms,firefox,,1712663936,2023-06-16 12:30:26,82.48915752631729,439d02859a2ebe8406cb74f8d6c7b148011d1658,1258826,,,,,,,,,,,,,,,,,,,,,,,,,,,,,,,,,,,,,,,,,,,,,,,,,,,,,,,,,,,,,TN,TN
autoland,4769114,12,1a03ada32d4ae63ebeeb4561891b61c1e6e17a68,windows10-64-shippable-qr,True,False,,,102210fe594ee9b33d82058545b1ed14f4c8206e,browser-toolbox.close-process.DAMP,damp,True,damp browser-toolbox.close-process.DAMP opt e10s fission stylo webrender-sw,4768818,77,ms,firefox,,1712736907,2023-06-16 14:03:27,80.34231007246126,1d8c3788eb6fa2e81d627829a32004244d0271df,1258891,,,,,,,,,,,,,,,,,,,,,,,,,,,,,,,,,,,,,,,,,,,,,,,,,,,,,,,,,,,,,TN,TN
autoland,4769114,12,1a03ada32d4ae63ebeeb4561891b61c1e6e17a68,windows10-64-shippable-qr,True,False,,,102210fe594ee9b33d82058545b1ed14f4c8206e,browser-toolbox.close-process.DAMP,damp,True,damp browser-toolbox.close-process.DAMP opt e10s fission stylo webrender-sw,4768818,77,ms,firefox,,1712823547,2023-06-16 16:55:49,84.42517277429579,e59de52b8ebea2db606a46a888a941400375fe0f,1259018,,,,,,,,,,,,,,,,,,,,,,,,,,,,,,,,,,,,,,,,,,,,,,,,,,,,,,,,,,,,,TN,TN
autoland,4769114,12,1a03ada32d4ae63ebeeb4561891b61c1e6e17a68,windows10-64-shippable-qr,True,False,,,102210fe594ee9b33d82058545b1ed14f4c8206e,browser-toolbox.close-process.DAMP,damp,True,damp browser-toolbox.close-process.DAMP opt e10s fission stylo webrender-sw,4768818,77,ms,firefox,,1712948369,2023-06-16 19:50:08,77.32783240813296,789349491e2fe15a39f350fe470db7d696989434,1259157,,,,,,,,,,,,,,,,,,,,,,,,,,,,,,,,,,,,,,,,,,,,,,,,,,,,,,,,,,,,,TN,TN
autoland,4769114,12,1a03ada32d4ae63ebeeb4561891b61c1e6e17a68,windows10-64-shippable-qr,True,False,,,102210fe594ee9b33d82058545b1ed14f4c8206e,browser-toolbox.close-process.DAMP,damp,True,damp browser-toolbox.close-process.DAMP opt e10s fission stylo webrender-sw,4768818,77,ms,firefox,,1713046743,2023-06-17 00:30:00,81.46274229107803,901b7ccc8be5e49a1b9736555af9653d46de349e,1259314,,,,,,,,,,,,,,,,,,,,,,,,,,,,,,,,,,,,,,,,,,,,,,,,,,,,,,,,,,,,,TN,TN
autoland,4769114,12,1a03ada32d4ae63ebeeb4561891b61c1e6e17a68,windows10-64-shippable-qr,True,False,,,102210fe594ee9b33d82058545b1ed14f4c8206e,browser-toolbox.close-process.DAMP,damp,True,damp browser-toolbox.close-process.DAMP opt e10s fission stylo webrender-sw,4768818,77,ms,firefox,,1713217107,2023-06-17 15:38:59,80.05278370559972,e0262ee6a9a7a642c11266a1e9cfa4bc3fbd4b3b,1259384,,,,,,,,,,,,,,,,,,,,,,,,,,,,,,,,,,,,,,,,,,,,,,,,,,,,,,,,,,,,,TN,TN
autoland,4769114,12,1a03ada32d4ae63ebeeb4561891b61c1e6e17a68,windows10-64-shippable-qr,True,False,,,102210fe594ee9b33d82058545b1ed14f4c8206e,browser-toolbox.close-process.DAMP,damp,True,damp browser-toolbox.close-process.DAMP opt e10s fission stylo webrender-sw,4768818,77,ms,firefox,,1713335363,2023-06-17 23:38:11,78.74990698661713,72d2cda2651d8fe01c8649f60e0620bc794a87fe,1259423,,,,,,,,,,,,,,,,,,,,,,,,,,,,,,,,,,,,,,,,,,,,,,,,,,,,,,,,,,,,,TN,TN
autoland,4769114,12,1a03ada32d4ae63ebeeb4561891b61c1e6e17a68,windows10-64-shippable-qr,True,False,,,102210fe594ee9b33d82058545b1ed14f4c8206e,browser-toolbox.close-process.DAMP,damp,True,damp browser-toolbox.close-process.DAMP opt e10s fission stylo webrender-sw,4768818,77,ms,firefox,,1713475235,2023-06-18 11:39:33,82.61346096475972,1634cff61cb0e270b9660ebdc234cfcf3fed2c68,1259465,,,,,,,,,,,,,,,,,,,,,,,,,,,,,,,,,,,,,,,,,,,,,,,,,,,,,,,,,,,,,TN,TN
autoland,4769114,12,1a03ada32d4ae63ebeeb4561891b61c1e6e17a68,windows10-64-shippable-qr,True,False,,,102210fe594ee9b33d82058545b1ed14f4c8206e,browser-toolbox.close-process.DAMP,damp,True,damp browser-toolbox.close-process.DAMP opt e10s fission stylo webrender-sw,4768818,77,ms,firefox,,1713707490,2023-06-19 00:32:35,77.76388551822674,1c059369d43547f90439b0a44cc76b54a0a3af97,1259516,,,,,,,,,,,,,,,,,,,,,,,,,,,,,,,,,,,,,,,,,,,,,,,,,,,,,,,,,,,,,TN,TN
autoland,4769114,12,1a03ada32d4ae63ebeeb4561891b61c1e6e17a68,windows10-64-shippable-qr,True,False,,,102210fe594ee9b33d82058545b1ed14f4c8206e,browser-toolbox.close-process.DAMP,damp,True,damp browser-toolbox.close-process.DAMP opt e10s fission stylo webrender-sw,4768818,77,ms,firefox,,1715698633,2023-06-19 04:26:54,85.5536201965333,64a74f5c324cada7c9dc3043ee4ea1d038b3ff11,1259531,,,,,,,,,,,,,,,,,,,,,,,,,,,,,,,,,,,,,,,,,,,,,,,,,,,,,,,,,,,,,TN,TN
autoland,4769114,12,1a03ada32d4ae63ebeeb4561891b61c1e6e17a68,windows10-64-shippable-qr,True,False,,,102210fe594ee9b33d82058545b1ed14f4c8206e,browser-toolbox.close-process.DAMP,damp,True,damp browser-toolbox.close-process.DAMP opt e10s fission stylo webrender-sw,4768818,77,ms,firefox,,1713764089,2023-06-19 05:49:35,81.92283142582164,a9e342522ebdb9602671208a06e988a285d3af18,1259544,,,,,,,,,,,,,,,,,,,,,,,,,,,,,,,,,,,,,,,,,,,,,,,,,,,,,,,,,,,,,TN,TN
autoland,4769114,12,1a03ada32d4ae63ebeeb4561891b61c1e6e17a68,windows10-64-shippable-qr,True,False,,,102210fe594ee9b33d82058545b1ed14f4c8206e,browser-toolbox.close-process.DAMP,damp,True,damp browser-toolbox.close-process.DAMP opt e10s fission stylo webrender-sw,4768818,77,ms,firefox,,1715694059,2023-06-19 07:00:55,82.2483767037229,7f2f2bfb71760da911abb1e0795352c850bac426,1259557,,,,,,,,,,,,,,,,,,,,,,,,,,,,,,,,,,,,,,,,,,,,,,,,,,,,,,,,,,,,,TN,TN
autoland,4769114,12,1a03ada32d4ae63ebeeb4561891b61c1e6e17a68,windows10-64-shippable-qr,True,False,,,102210fe594ee9b33d82058545b1ed14f4c8206e,browser-toolbox.close-process.DAMP,damp,True,damp browser-toolbox.close-process.DAMP opt e10s fission stylo webrender-sw,4768818,77,ms,firefox,,1715699579,2023-06-19 07:52:05,78.60713940724963,ef725e0a6e5d4de9613fc2c961b48dcb8d49dd32,1259581,,,,,,,,,,,,,,,,,,,,,,,,,,,,,,,,,,,,,,,,,,,,,,,,,,,,,,,,,,,,,TN,TN
autoland,4769114,12,1a03ada32d4ae63ebeeb4561891b61c1e6e17a68,windows10-64-shippable-qr,True,False,,,102210fe594ee9b33d82058545b1ed14f4c8206e,browser-toolbox.close-process.DAMP,damp,True,damp browser-toolbox.close-process.DAMP opt e10s fission stylo webrender-sw,4768818,77,ms,firefox,,1715694429,2023-06-19 08:18:22,80.62750005202543,09073d17c6819b180c15a1692615cc1aecc121ce,1259592,,,,,,,,,,,,,,,,,,,,,,,,,,,,,,,,,,,,,,,,,,,,,,,,,,,,,,,,,,,,,TN,TN
autoland,4769114,12,1a03ada32d4ae63ebeeb4561891b61c1e6e17a68,windows10-64-shippable-qr,True,False,,,102210fe594ee9b33d82058545b1ed14f4c8206e,browser-toolbox.close-process.DAMP,damp,True,damp browser-toolbox.close-process.DAMP opt e10s fission stylo webrender-sw,4768818,77,ms,firefox,,1715694483,2023-06-19 08:27:42,85.5338812644477,7524a63fd9e815bedb91d25238d84a3ed2723d92,1259599,,,,,,,,,,,,,,,,,,,,,,,,,,,,,,,,,,,,,,,,,,,,,,,,,,,,,,,,,,,,,TN,TN
autoland,4769114,12,1a03ada32d4ae63ebeeb4561891b61c1e6e17a68,windows10-64-shippable-qr,True,False,,,102210fe594ee9b33d82058545b1ed14f4c8206e,browser-toolbox.close-process.DAMP,damp,True,damp browser-toolbox.close-process.DAMP opt e10s fission stylo webrender-sw,4768818,77,ms,firefox,,1715700350,2023-06-19 09:10:20,81.89111540508748,a97115e2be2374e480bb480120c62488e87739d5,1259610,,,,,,,,,,,,,,,,,,,,,,,,,,,,,,,,,,,,,,,,,,,,,,,,,,,,,,,,,,,,,TN,TN
autoland,4769114,12,1a03ada32d4ae63ebeeb4561891b61c1e6e17a68,windows10-64-shippable-qr,True,False,,,102210fe594ee9b33d82058545b1ed14f4c8206e,browser-toolbox.close-process.DAMP,damp,True,damp browser-toolbox.close-process.DAMP opt e10s fission stylo webrender-sw,4768818,77,ms,firefox,,1715647432,2023-06-19 09:31:25,77.45037101209164,c6ba7e7602d85a24db682c500d6d9dbef68437cb,1259615,,,,,,,,,,,,,,,,,,,,,,,,,,,,,,,,,,,,,,,,,,,,,,,,,,,,,,,,,,,,,TN,TN
autoland,4769114,12,1a03ada32d4ae63ebeeb4561891b61c1e6e17a68,windows10-64-shippable-qr,True,False,,,102210fe594ee9b33d82058545b1ed14f4c8206e,browser-toolbox.close-process.DAMP,damp,True,damp browser-toolbox.close-process.DAMP opt e10s fission stylo webrender-sw,4768818,77,ms,firefox,,1713836416,2023-06-19 09:32:15,79.93129650874107,0274a8c06c67e5ee1dccdb4e151ccf0ec70af43f,1259616,,,,,,,,,,,,,,,,,,,,,,,,,,,,,,,,,,,,,,,,,,,,,,,,,,,,,,,,,,,,,TN,TN
autoland,4769114,12,1a03ada32d4ae63ebeeb4561891b61c1e6e17a68,windows10-64-shippable-qr,True,False,,,102210fe594ee9b33d82058545b1ed14f4c8206e,browser-toolbox.close-process.DAMP,damp,True,damp browser-toolbox.close-process.DAMP opt e10s fission stylo webrender-sw,4768818,77,ms,firefox,,1715647663,2023-06-19 12:21:35,79.97648894795566,4cfdbab324ecef776398e73d2e7d7df276627d85,1259709,,,,,,,,,,,,,,,,,,,,,,,,,,,,,,,,,,,,,,,,,,,,,,,,,,,,,,,,,,,,,TN,TN
autoland,4769114,12,1a03ada32d4ae63ebeeb4561891b61c1e6e17a68,windows10-64-shippable-qr,True,False,,,102210fe594ee9b33d82058545b1ed14f4c8206e,browser-toolbox.close-process.DAMP,damp,True,damp browser-toolbox.close-process.DAMP opt e10s fission stylo webrender-sw,4768818,77,ms,firefox,,1715647759,2023-06-19 12:29:14,77.47149521928077,d9bcdd99921a975e7d59491a3061b03900fe175c,1259714,,,,,,,,,,,,,,,,,,,,,,,,,,,,,,,,,,,,,,,,,,,,,,,,,,,,,,,,,,,,,TN,TN
autoland,4769114,12,1a03ada32d4ae63ebeeb4561891b61c1e6e17a68,windows10-64-shippable-qr,True,False,,,102210fe594ee9b33d82058545b1ed14f4c8206e,browser-toolbox.close-process.DAMP,damp,True,damp browser-toolbox.close-process.DAMP opt e10s fission stylo webrender-sw,4768818,77,ms,firefox,,1715648728,2023-06-19 12:30:04,78.6066907488821,569ee35398db24e428d99ff22a6b9995a345395c,1259715,,,,,,,,,,,,,,,,,,,,,,,,,,,,,,,,,,,,,,,,,,,,,,,,,,,,,,,,,,,,,TN,TN
autoland,4769114,12,1a03ada32d4ae63ebeeb4561891b61c1e6e17a68,windows10-64-shippable-qr,True,False,,,102210fe594ee9b33d82058545b1ed14f4c8206e,browser-toolbox.close-process.DAMP,damp,True,damp browser-toolbox.close-process.DAMP opt e10s fission stylo webrender-sw,4768818,77,ms,firefox,,1715648090,2023-06-19 12:30:52,77.74280247099159,5f1f0f5559e239e38d683a443db7f8649327d102,1259716,,,,,,,,,,,,,,,,,,,,,,,,,,,,,,,,,,,,,,,,,,,,,,,,,,,,,,,,,,,,,TN,TN
autoland,4769114,12,1a03ada32d4ae63ebeeb4561891b61c1e6e17a68,windows10-64-shippable-qr,True,False,,,102210fe594ee9b33d82058545b1ed14f4c8206e,browser-toolbox.close-process.DAMP,damp,True,damp browser-toolbox.close-process.DAMP opt e10s fission stylo webrender-sw,4768818,77,ms,firefox,,1715648238,2023-06-19 12:46:32,84.91188810806489,1f44bd42ebc26f6649ceb625e083dd37727b6611,1259727,,,,,,,,,,,,,,,,,,,,,,,,,,,,,,,,,,,,,,,,,,,,,,,,,,,,,,,,,,,,,TN,TN
autoland,4769114,12,1a03ada32d4ae63ebeeb4561891b61c1e6e17a68,windows10-64-shippable-qr,True,False,,,102210fe594ee9b33d82058545b1ed14f4c8206e,browser-toolbox.close-process.DAMP,damp,True,damp browser-toolbox.close-process.DAMP opt e10s fission stylo webrender-sw,4768818,77,ms,firefox,,1713985589,2023-06-19 13:01:53,78.05449324906658,89c8bf4e9209c0c4b1eb87efab68e96d6dbf8145,1259739,,,,,,,,,,,,,,,,,,,,,,,,,,,,,,,,,,,,,,,,,,,,,,,,,,,,,,,,,,,,,TN,TN
autoland,4769114,12,1a03ada32d4ae63ebeeb4561891b61c1e6e17a68,windows10-64-shippable-qr,True,False,,,102210fe594ee9b33d82058545b1ed14f4c8206e,browser-toolbox.close-process.DAMP,damp,True,damp browser-toolbox.close-process.DAMP opt e10s fission stylo webrender-sw,4768818,77,ms,firefox,,1715684275,2023-06-19 15:02:14,83.04009950550972,8b00e3ecb05c7b19cc9945a01725d8083612f071,1259812,,,,,,,,,,,,,,,,,,,,,,,,,,,,,,,,,,,,,,,,,,,,,,,,,,,,,,,,,,,,,TN,TN
autoland,4769114,12,1a03ada32d4ae63ebeeb4561891b61c1e6e17a68,windows10-64-shippable-qr,True,False,,,102210fe594ee9b33d82058545b1ed14f4c8206e,browser-toolbox.close-process.DAMP,damp,True,damp browser-toolbox.close-process.DAMP opt e10s fission stylo webrender-sw,4768818,77,ms,firefox,,1715696336,2023-06-19 15:03:02,83.82215052716492,d84bcf432e12c2a8385aa5fadb41f973bbb10a56,1259813,,,,,,,,,,,,,,,,,,,,,,,,,,,,,,,,,,,,,,,,,,,,,,,,,,,,,,,,,,,,,TN,TN
autoland,4769114,12,1a03ada32d4ae63ebeeb4561891b61c1e6e17a68,windows10-64-shippable-qr,True,False,,,102210fe594ee9b33d82058545b1ed14f4c8206e,browser-toolbox.close-process.DAMP,damp,True,damp browser-toolbox.close-process.DAMP opt e10s fission stylo webrender-sw,4768818,77,ms,firefox,,1715702897,2023-06-19 15:03:54,83.3078186797211,d6954fee046033204051091189999f6c520deea6,1259814,,,,,,,,,,,,,,,,,,,,,,,,,,,,,,,,,,,,,,,,,,,,,,,,,,,,,,,,,,,,,TN,TN
autoland,4769114,12,1a03ada32d4ae63ebeeb4561891b61c1e6e17a68,windows10-64-shippable-qr,True,False,,,102210fe594ee9b33d82058545b1ed14f4c8206e,browser-toolbox.close-process.DAMP,damp,True,damp browser-toolbox.close-process.DAMP opt e10s fission stylo webrender-sw,4768818,77,ms,firefox,,1715702570,2023-06-19 15:37:57,80.16558771145355,83770e500714a732d514758e51c41484608f7dce,1259823,,,,,,,,,,,,,,,,,,,,,,,,,,,,,,,,,,,,,,,,,,,,,,,,,,,,,,,,,,,,,TN,TN
autoland,4769114,12,1a03ada32d4ae63ebeeb4561891b61c1e6e17a68,windows10-64-shippable-qr,True,False,,,102210fe594ee9b33d82058545b1ed14f4c8206e,browser-toolbox.close-process.DAMP,damp,True,damp browser-toolbox.close-process.DAMP opt e10s fission stylo webrender-sw,4768818,77,ms,firefox,,1715698876,2023-06-19 15:43:30,81.26016106143652,41581deb338a0f524c02f374390e58c71f6656ec,1259827,,,,,,,,,,,,,,,,,,,,,,,,,,,,,,,,,,,,,,,,,,,,,,,,,,,,,,,,,,,,,TN,TN
autoland,4769114,12,1a03ada32d4ae63ebeeb4561891b61c1e6e17a68,windows10-64-shippable-qr,True,False,,,102210fe594ee9b33d82058545b1ed14f4c8206e,browser-toolbox.close-process.DAMP,damp,True,damp browser-toolbox.close-process.DAMP opt e10s fission stylo webrender-sw,4768818,77,ms,firefox,,1715701047,2023-06-19 15:44:33,84.20774534309749,b2d23872d92d11290c2c43d919562305d2173902,1259828,,,,,,,,,,,,,,,,,,,,,,,,,,,,,,,,,,,,,,,,,,,,,,,,,,,,,,,,,,,,,TN,TN
autoland,4769114,12,1a03ada32d4ae63ebeeb4561891b61c1e6e17a68,windows10-64-shippable-qr,True,False,,,102210fe594ee9b33d82058545b1ed14f4c8206e,browser-toolbox.close-process.DAMP,damp,True,damp browser-toolbox.close-process.DAMP opt e10s fission stylo webrender-sw,4768818,77,ms,firefox,,1715699100,2023-06-19 15:45:32,80.10489164383034,a7d3d1ff5e6d4107158c82919ff558a386e43b93,1259829,,,,,,,,,,,,,,,,,,,,,,,,,,,,,,,,,,,,,,,,,,,,,,,,,,,,,,,,,,,,,TN,TN
autoland,4769114,12,1a03ada32d4ae63ebeeb4561891b61c1e6e17a68,windows10-64-shippable-qr,True,False,,,102210fe594ee9b33d82058545b1ed14f4c8206e,browser-toolbox.close-process.DAMP,damp,True,damp browser-toolbox.close-process.DAMP opt e10s fission stylo webrender-sw,4768818,77,ms,firefox,,1715704010,2023-06-19 15:51:53,87.52741765146493,009415898de1b16fd6b0a7bc9fe889f5b6033e9f,1259832,,,,,,,,,,,,,,,,,,,,,,,,,,,,,,,,,,,,,,,,,,,,,,,,,,,,,,,,,,,,,TN,TN
autoland,4769114,12,1a03ada32d4ae63ebeeb4561891b61c1e6e17a68,windows10-64-shippable-qr,True,False,,,102210fe594ee9b33d82058545b1ed14f4c8206e,browser-toolbox.close-process.DAMP,damp,True,damp browser-toolbox.close-process.DAMP opt e10s fission stylo webrender-sw,4768818,77,ms,firefox,,1715699249,2023-06-19 16:01:29,84.00991231157968,2e0c179db6fbc7070ab826bc771fa7c04ff51a68,1259836,,,,,,,,,,,,,,,,,,,,,,,,,,,,,,,,,,,,,,,,,,,,,,,,,,,,,,,,,,,,,TN,TN
autoland,4769114,12,1a03ada32d4ae63ebeeb4561891b61c1e6e17a68,windows10-64-shippable-qr,True,False,,,102210fe594ee9b33d82058545b1ed14f4c8206e,browser-toolbox.close-process.DAMP,damp,True,damp browser-toolbox.close-process.DAMP opt e10s fission stylo webrender-sw,4768818,77,ms,firefox,,1714068454,2023-06-19 16:21:16,76.5420834771212,9ecde3181716f5d8ad265d976575224cc04b2887,1259851,,,,,,,,,,,,,,,,,,,,,,,,,,,,,,,,,,,,,,,,,,,,,,,,,,,,,,,,,,,,,TN,TN
autoland,4769114,12,1a03ada32d4ae63ebeeb4561891b61c1e6e17a68,windows10-64-shippable-qr,True,False,,,102210fe594ee9b33d82058545b1ed14f4c8206e,browser-toolbox.close-process.DAMP,damp,True,damp browser-toolbox.close-process.DAMP opt e10s fission stylo webrender-sw,4768818,77,ms,firefox,,1715647380,2023-06-19 17:46:12,80.34621410454565,b040fff76ed7ecee270c125c9c3229c5e9ee1ff0,1259890,,,,,,,,,,,,,,,,,,,,,,,,,,,,,,,,,,,,,,,,,,,,,,,,,,,,,,,,,,,,,TN,TN
autoland,4769114,12,1a03ada32d4ae63ebeeb4561891b61c1e6e17a68,windows10-64-shippable-qr,True,False,,,102210fe594ee9b33d82058545b1ed14f4c8206e,browser-toolbox.close-process.DAMP,damp,True,damp browser-toolbox.close-process.DAMP opt e10s fission stylo webrender-sw,4768818,77,ms,firefox,,1715684737,2023-06-19 18:01:00,81.75202214298042,f9f8e7cfe057c0d11fd0795b1b8da2400880840c,1259896,,,,,,,,,,,,,,,,,,,,,,,,,,,,,,,,,,,,,,,,,,,,,,,,,,,,,,,,,,,,,TN,TN
autoland,4769114,12,1a03ada32d4ae63ebeeb4561891b61c1e6e17a68,windows10-64-shippable-qr,True,False,,,102210fe594ee9b33d82058545b1ed14f4c8206e,browser-toolbox.close-process.DAMP,damp,True,damp browser-toolbox.close-process.DAMP opt e10s fission stylo webrender-sw,4768818,77,ms,firefox,,1715697658,2023-06-19 18:26:12,85.20437820920779,c8f1d9f2dbf28345000613f309fdf7de281beb74,1259906,,,,,,,,,,,,,,,,,,,,,,,,,,,,,,,,,,,,,,,,,,,,,,,,,,,,,,,,,,,,,TN,TN
autoland,4769114,12,1a03ada32d4ae63ebeeb4561891b61c1e6e17a68,windows10-64-shippable-qr,True,False,,,102210fe594ee9b33d82058545b1ed14f4c8206e,browser-toolbox.close-process.DAMP,damp,True,damp browser-toolbox.close-process.DAMP opt e10s fission stylo webrender-sw,4768818,77,ms,firefox,,1715647580,2023-06-19 18:37:51,79.69075814055395,5f266371028f0ed5fe633f259a012880a2a6df89,1259913,,,,,,,,,,,,,,,,,,,,,,,,,,,,,,,,,,,,,,,,,,,,,,,,,,,,,,,,,,,,,TN,TN
autoland,4769114,12,1a03ada32d4ae63ebeeb4561891b61c1e6e17a68,windows10-64-shippable-qr,True,False,,,102210fe594ee9b33d82058545b1ed14f4c8206e,browser-toolbox.close-process.DAMP,damp,True,damp browser-toolbox.close-process.DAMP opt e10s fission stylo webrender-sw,4768818,77,ms,firefox,,1715647783,2023-06-19 18:48:22,77.65992306353291,03a00f2c2bc451f4edbf350398a03d2342d68101,1259919,,,,,,,,,,,,,,,,,,,,,,,,,,,,,,,,,,,,,,,,,,,,,,,,,,,,,,,,,,,,,TN,TN
autoland,4769114,12,1a03ada32d4ae63ebeeb4561891b61c1e6e17a68,windows10-64-shippable-qr,True,False,,,102210fe594ee9b33d82058545b1ed14f4c8206e,browser-toolbox.close-process.DAMP,damp,True,damp browser-toolbox.close-process.DAMP opt e10s fission stylo webrender-sw,4768818,77,ms,firefox,,1715695304,2023-06-19 18:59:52,82.67367810965516,d248322e9501e005fe38de9e614a734fba6a4e86,1259927,,,,,,,,,,,,,,,,,,,,,,,,,,,,,,,,,,,,,,,,,,,,,,,,,,,,,,,,,,,,,TN,TN
autoland,4769114,12,1a03ada32d4ae63ebeeb4561891b61c1e6e17a68,windows10-64-shippable-qr,True,False,,,102210fe594ee9b33d82058545b1ed14f4c8206e,browser-toolbox.close-process.DAMP,damp,True,damp browser-toolbox.close-process.DAMP opt e10s fission stylo webrender-sw,4768818,77,ms,firefox,,1714140588,2023-06-19 19:03:14,80.79228123638313,e06365982ef6b00590cb160ebe9f4978558d1052,1259928,,,,,,,,,,,,,,,,,,,,,,,,,,,,,,,,,,,,,,,,,,,,,,,,,,,,,,,,,,,,,TN,TN
autoland,4769114,12,1a03ada32d4ae63ebeeb4561891b61c1e6e17a68,windows10-64-shippable-qr,True,False,,,102210fe594ee9b33d82058545b1ed14f4c8206e,browser-toolbox.close-process.DAMP,damp,True,damp browser-toolbox.close-process.DAMP opt e10s fission stylo webrender-sw,4768818,77,ms,firefox,,1715703523,2023-06-19 20:29:31,87.44199461716926,1096905e1a6abf5085d4ae9197b139c4f6004e83,1259963,,,,,,,,,,,,,,,,,,,,,,,,,,,,,,,,,,,,,,,,,,,,,,,,,,,,,,,,,,,,,TN,TN
autoland,4769114,12,1a03ada32d4ae63ebeeb4561891b61c1e6e17a68,windows10-64-shippable-qr,True,False,,,102210fe594ee9b33d82058545b1ed14f4c8206e,browser-toolbox.close-process.DAMP,damp,True,damp browser-toolbox.close-process.DAMP opt e10s fission stylo webrender-sw,4768818,77,ms,firefox,,1715705614,2023-06-19 20:31:54,88.45845595739593,66787f25062db3f4db2e9931d54b8939c10ad3be,1259964,,,,,,,,,,,,,,,,,,,,,,,,,,,,,,,,,,,,,,,,,,,,,,,,,,,,,,,,,,,,,TN,TN
autoland,4769114,12,1a03ada32d4ae63ebeeb4561891b61c1e6e17a68,windows10-64-shippable-qr,True,False,,,102210fe594ee9b33d82058545b1ed14f4c8206e,browser-toolbox.close-process.DAMP,damp,True,damp browser-toolbox.close-process.DAMP opt e10s fission stylo webrender-sw,4768818,77,ms,firefox,,1715704788,2023-06-19 20:35:26,83.5088072608487,b575ffe09cdb53fb7ee2c8f4702164d4c7bf3601,1259965,,,,,,,,,,,,,,,,,,,,,,,,,,,,,,,,,,,,,,,,,,,,,,,,,,,,,,,,,,,,,TN,TN
autoland,4769114,12,1a03ada32d4ae63ebeeb4561891b61c1e6e17a68,windows10-64-shippable-qr,True,False,,,102210fe594ee9b33d82058545b1ed14f4c8206e,browser-toolbox.close-process.DAMP,damp,True,damp browser-toolbox.close-process.DAMP opt e10s fission stylo webrender-sw,4768818,77,ms,firefox,,1715705003,2023-06-19 20:52:27,80.02848767515388,7cebe3215c7d9c9fac055234e967913b672aa4cf,1259978,,,,,,,,,,,,,,,,,,,,,,,,,,,,,,,,,,,,,,,,,,,,,,,,,,,,,,,,,,,,,TN,TN
autoland,4769114,12,1a03ada32d4ae63ebeeb4561891b61c1e6e17a68,windows10-64-shippable-qr,True,False,,,102210fe594ee9b33d82058545b1ed14f4c8206e,browser-toolbox.close-process.DAMP,damp,True,damp browser-toolbox.close-process.DAMP opt e10s fission stylo webrender-sw,4768818,77,ms,firefox,,1715694114,2023-06-19 20:57:02,81.50099567123107,c59c33e5030cfdcee4136b22af8344e90af67367,1259984,,,,,,,,,,,,,,,,,,,,,,,,,,,,,,,,,,,,,,,,,,,,,,,,,,,,,,,,,,,,,TN,TN
autoland,4769114,12,1a03ada32d4ae63ebeeb4561891b61c1e6e17a68,windows10-64-shippable-qr,True,False,,,102210fe594ee9b33d82058545b1ed14f4c8206e,browser-toolbox.close-process.DAMP,damp,True,damp browser-toolbox.close-process.DAMP opt e10s fission stylo webrender-sw,4768818,77,ms,firefox,,1715700199,2023-06-19 21:50:44,81.40425922631402,3984b650b6ff5c6592fbda7e3c9a3b7c58b3a61f,1260016,,,,,,,,,,,,,,,,,,,,,,,,,,,,,,,,,,,,,,,,,,,,,,,,,,,,,,,,,,,,,TN,TN
autoland,4769114,12,1a03ada32d4ae63ebeeb4561891b61c1e6e17a68,windows10-64-shippable-qr,True,False,,,102210fe594ee9b33d82058545b1ed14f4c8206e,browser-toolbox.close-process.DAMP,damp,True,damp browser-toolbox.close-process.DAMP opt e10s fission stylo webrender-sw,4768818,77,ms,firefox,,1715700025,2023-06-19 21:51:41,83.41997509633075,1d7787405985e0804ee3e4f4187777dfad6fdd2d,1260017,,,,,,,,,,,,,,,,,,,,,,,,,,,,,,,,,,,,,,,,,,,,,,,,,,,,,,,,,,,,,TN,TN
autoland,4769114,12,1a03ada32d4ae63ebeeb4561891b61c1e6e17a68,windows10-64-shippable-qr,True,False,,,102210fe594ee9b33d82058545b1ed14f4c8206e,browser-toolbox.close-process.DAMP,damp,True,damp browser-toolbox.close-process.DAMP opt e10s fission stylo webrender-sw,4768818,77,ms,firefox,,1715700770,2023-06-19 22:05:27,81.11773753233138,5f4aecabd0376981a5f837f5de593c106c194712,1260021,,,,,,,,,,,,,,,,,,,,,,,,,,,,,,,,,,,,,,,,,,,,,,,,,,,,,,,,,,,,,TN,TN
autoland,4769114,12,1a03ada32d4ae63ebeeb4561891b61c1e6e17a68,windows10-64-shippable-qr,True,False,,,102210fe594ee9b33d82058545b1ed14f4c8206e,browser-toolbox.close-process.DAMP,damp,True,damp browser-toolbox.close-process.DAMP opt e10s fission stylo webrender-sw,4768818,77,ms,firefox,,1715701483,2023-06-19 22:55:19,80.90591247462362,9b440a54162076ced76e97777779c2c53619086d,1260038,,,,,,,,,,,,,,,,,,,,,,,,,,,,,,,,,,,,,,,,,,,,,,,,,,,,,,,,,,,,,TN,TN
autoland,4769114,12,1a03ada32d4ae63ebeeb4561891b61c1e6e17a68,windows10-64-shippable-qr,True,False,,,102210fe594ee9b33d82058545b1ed14f4c8206e,browser-toolbox.close-process.DAMP,damp,True,damp browser-toolbox.close-process.DAMP opt e10s fission stylo webrender-sw,4768818,77,ms,firefox,,1714222634,2023-06-19 23:03:46,78.02437598280812,edef1940a6bd4d95b235e43b1cada493f561f78a,1260042,,,,,,,,,,,,,,,,,,,,,,,,,,,,,,,,,,,,,,,,,,,,,,,,,,,,,,,,,,,,,TN,TN
autoland,4769114,12,1a03ada32d4ae63ebeeb4561891b61c1e6e17a68,windows10-64-shippable-qr,True,False,,,102210fe594ee9b33d82058545b1ed14f4c8206e,browser-toolbox.close-process.DAMP,damp,True,damp browser-toolbox.close-process.DAMP opt e10s fission stylo webrender-sw,4768818,77,ms,firefox,,1715703303,2023-06-19 23:52:46,87.38727022684179,1c6e9d4668f7c8922d9e622072fef1a28b813049,1260051,,,,,,,,,,,,,,,,,,,,,,,,,,,,,,,,,,,,,,,,,,,,,,,,,,,,,,,,,,,,,TN,TN
autoland,4769114,12,1a03ada32d4ae63ebeeb4561891b61c1e6e17a68,windows10-64-shippable-qr,True,False,,,102210fe594ee9b33d82058545b1ed14f4c8206e,browser-toolbox.close-process.DAMP,damp,True,damp browser-toolbox.close-process.DAMP opt e10s fission stylo webrender-sw,4768818,77,ms,firefox,,1715694167,2023-06-20 01:36:46,81.11093854800856,9fb58fa7b8b6ef4311a4f56a75eba93bbece1bb5,1260069,,,,,,,,,,,,,,,,,,,,,,,,,,,,,,,,,,,,,,,,,,,,,,,,,,,,,,,,,,,,,TN,TN
autoland,4769114,12,1a03ada32d4ae63ebeeb4561891b61c1e6e17a68,windows10-64-shippable-qr,True,False,,,102210fe594ee9b33d82058545b1ed14f4c8206e,browser-toolbox.close-process.DAMP,damp,True,damp browser-toolbox.close-process.DAMP opt e10s fission stylo webrender-sw,4768818,77,ms,firefox,,1715694356,2023-06-20 02:00:05,86.13280949997716,a9ef0fac7c93abd27c6fbfa099f5581ef170b569,1260078,,,,,,,,,,,,,,,,,,,,,,,,,,,,,,,,,,,,,,,,,,,,,,,,,,,,,,,,,,,,,TN,TN
autoland,4769114,12,1a03ada32d4ae63ebeeb4561891b61c1e6e17a68,windows10-64-shippable-qr,True,False,,,102210fe594ee9b33d82058545b1ed14f4c8206e,browser-toolbox.close-process.DAMP,damp,True,damp browser-toolbox.close-process.DAMP opt e10s fission stylo webrender-sw,4768818,77,ms,firefox,,1714314666,2023-06-20 04:00:20,80.07656100131862,a4b679a79f2fa00877013dfcc1a886078d728328,1260102,,,,,,,,,,,,,,,,,,,,,,,,,,,,,,,,,,,,,,,,,,,,,,,,,,,,,,,,,,,,,TN,TN
autoland,4769114,12,1a03ada32d4ae63ebeeb4561891b61c1e6e17a68,windows10-64-shippable-qr,True,False,,,102210fe594ee9b33d82058545b1ed14f4c8206e,browser-toolbox.close-process.DAMP,damp,True,damp browser-toolbox.close-process.DAMP opt e10s fission stylo webrender-sw,4768818,77,ms,firefox,,1714560298,2023-06-20 05:17:25,80.2385783059508,ce5a84713c8b968709940f18f143d251da4fcb83,1260124,,,,,,,,,,,,,,,,,,,,,,,,,,,,,,,,,,,,,,,,,,,,,,,,,,,,,,,,,,,,,TN,TN
autoland,4769114,12,1a03ada32d4ae63ebeeb4561891b61c1e6e17a68,windows10-64-shippable-qr,True,False,,,102210fe594ee9b33d82058545b1ed14f4c8206e,browser-toolbox.close-process.DAMP,damp,True,damp browser-toolbox.close-process.DAMP opt e10s fission stylo webrender-sw,4768818,77,ms,firefox,,1714654191,2023-06-20 09:18:46,82.92819959510234,caf02cdd31992e89c9bd81c5ec4d391070651f3a,1260213,,,,,,,,,,,,,,,,,,,,,,,,,,,,,,,,,,,,,,,,,,,,,,,,,,,,,,,,,,,,,TN,TN
autoland,4769114,12,1a03ada32d4ae63ebeeb4561891b61c1e6e17a68,windows10-64-shippable-qr,True,False,,,102210fe594ee9b33d82058545b1ed14f4c8206e,browser-toolbox.close-process.DAMP,damp,True,damp browser-toolbox.close-process.DAMP opt e10s fission stylo webrender-sw,4768818,77,ms,firefox,,1714722087,2023-06-20 12:29:52,85.24656192294788,5ade2b37847325019878bde832493c342759d7eb,1260284,,,,,,,,,,,,,,,,,,,,,,,,,,,,,,,,,,,,,,,,,,,,,,,,,,,,,,,,,,,,,TN,TN
autoland,4769114,12,1a03ada32d4ae63ebeeb4561891b61c1e6e17a68,windows10-64-shippable-qr,True,False,,,102210fe594ee9b33d82058545b1ed14f4c8206e,browser-toolbox.close-process.DAMP,damp,True,damp browser-toolbox.close-process.DAMP opt e10s fission stylo webrender-sw,4768818,77,ms,firefox,,1714886022,2023-06-20 16:34:00,85.83516145561589,1877c1e6db6f8a23c52ab9238c7f62d0b696f0ce,1260512,,,,,,,,,,,,,,,,,,,,,,,,,,,,,,,,,,,,,,,,,,,,,,,,,,,,,,,,,,,,,TN,TN
autoland,4769114,12,1a03ada32d4ae63ebeeb4561891b61c1e6e17a68,windows10-64-shippable-qr,True,False,,,102210fe594ee9b33d82058545b1ed14f4c8206e,browser-toolbox.close-process.DAMP,damp,True,damp browser-toolbox.close-process.DAMP opt e10s fission stylo webrender-sw,4768818,77,ms,firefox,,1714905393,2023-06-20 16:35:53,81.60769392771181,2ad5c2418b372960126440af5aa568104de3bfb8,1260515,,,,,,,,,,,,,,,,,,,,,,,,,,,,,,,,,,,,,,,,,,,,,,,,,,,,,,,,,,,,,TN,TN
autoland,4769114,12,1a03ada32d4ae63ebeeb4561891b61c1e6e17a68,windows10-64-shippable-qr,True,False,,,102210fe594ee9b33d82058545b1ed14f4c8206e,browser-toolbox.close-process.DAMP,damp,True,damp browser-toolbox.close-process.DAMP opt e10s fission stylo webrender-sw,4768818,77,ms,firefox,,1715275313,2023-06-21 00:51:29,84.02416367344995,143aa1574b8d50e4d2ddd1a2826b25a8418f13c1,1260862,,,,,,,,,,,,,,,,,,,,,,,,,,,,,,,,,,,,,,,,,,,,,,,,,,,,,,,,,,,,,TN,TN
autoland,4769114,12,1a03ada32d4ae63ebeeb4561891b61c1e6e17a68,windows10-64-shippable-qr,True,False,,,102210fe594ee9b33d82058545b1ed14f4c8206e,browser-toolbox.close-process.DAMP,damp,True,damp browser-toolbox.close-process.DAMP opt e10s fission stylo webrender-sw,4768818,77,ms,firefox,,1715313542,2023-06-21 02:28:11,83.63808705910924,7bdf45ed2f6b565e69fdbc44285af78de3271a4e,1260905,,,,,,,,,,,,,,,,,,,,,,,,,,,,,,,,,,,,,,,,,,,,,,,,,,,,,,,,,,,,,TN,TN
autoland,4769114,12,1a03ada32d4ae63ebeeb4561891b61c1e6e17a68,windows10-64-shippable-qr,True,False,,,102210fe594ee9b33d82058545b1ed14f4c8206e,browser-toolbox.close-process.DAMP,damp,True,damp browser-toolbox.close-process.DAMP opt e10s fission stylo webrender-sw,4768818,77,ms,firefox,,1715428301,2023-06-21 06:55:17,78.8530435364446,8a382f0bd3211346516d54c647d157320335a806,1260969,,,,,,,,,,,,,,,,,,,,,,,,,,,,,,,,,,,,,,,,,,,,,,,,,,,,,,,,,,,,,TN,TN
autoland,4769114,12,1a03ada32d4ae63ebeeb4561891b61c1e6e17a68,windows10-64-shippable-qr,True,False,,,102210fe594ee9b33d82058545b1ed14f4c8206e,browser-toolbox.close-process.DAMP,damp,True,damp browser-toolbox.close-process.DAMP opt e10s fission stylo webrender-sw,4768818,77,ms,firefox,,1715442927,2023-06-21 07:34:24,80.22486384195508,4c90403735bebf09d72af91e99745cfcbbae2a35,1260998,,,,,,,,,,,,,,,,,,,,,,,,,,,,,,,,,,,,,,,,,,,,,,,,,,,,,,,,,,,,,TN,TN
autoland,4769114,12,1a03ada32d4ae63ebeeb4561891b61c1e6e17a68,windows10-64-shippable-qr,True,False,,,102210fe594ee9b33d82058545b1ed14f4c8206e,browser-toolbox.close-process.DAMP,damp,True,damp browser-toolbox.close-process.DAMP opt e10s fission stylo webrender-sw,4768818,77,ms,firefox,,1715628513,2023-06-21 12:20:35,76.83128465383197,14edc9bcbe5615f748cdb086881c6b983aedf04d,1261182,,,,,,,,,,,,,,,,,,,,,,,,,,,,,,,,,,,,,,,,,,,,,,,,,,,,,,,,,,,,,TN,TN
autoland,4769114,12,1a03ada32d4ae63ebeeb4561891b61c1e6e17a68,windows10-64-shippable-qr,True,False,,,102210fe594ee9b33d82058545b1ed14f4c8206e,browser-toolbox.close-process.DAMP,damp,True,damp browser-toolbox.close-process.DAMP opt e10s fission stylo webrender-sw,4768818,77,ms,firefox,,1715693519,2023-06-21 12:59:17,83.49421508364685,b94f3d418f54f964368486a65cd5d15e828867db,1261207,,,,,,,,,,,,,,,,,,,,,,,,,,,,,,,,,,,,,,,,,,,,,,,,,,,,,,,,,,,,,TN,TN
autoland,4769114,12,1a03ada32d4ae63ebeeb4561891b61c1e6e17a68,windows10-64-shippable-qr,True,False,,,102210fe594ee9b33d82058545b1ed14f4c8206e,browser-toolbox.close-process.DAMP,damp,True,damp browser-toolbox.close-process.DAMP opt e10s fission stylo webrender-sw,4768818,77,ms,firefox,,1715765521,2023-06-21 16:33:07,78.55967696242442,702dc0aa87a8c3e4929277c1dc8220a7dd72418f,1261278,,,,,,,,,,,,,,,,,,,,,,,,,,,,,,,,,,,,,,,,,,,,,,,,,,,,,,,,,,,,,TN,TN
autoland,4769114,12,1a03ada32d4ae63ebeeb4561891b61c1e6e17a68,windows10-64-shippable-qr,True,False,,,102210fe594ee9b33d82058545b1ed14f4c8206e,browser-toolbox.close-process.DAMP,damp,True,damp browser-toolbox.close-process.DAMP opt e10s fission stylo webrender-sw,4768818,77,ms,firefox,,1715960651,2023-06-21 20:43:57,85.90200932730659,78880280c2765ec0520ece3184fc8fdbac5b5356,1261541,,,,,,,,,,,,,,,,,,,,,,,,,,,,,,,,,,,,,,,,,,,,,,,,,,,,,,,,,,,,,TN,TN
autoland,4769114,12,1a03ada32d4ae63ebeeb4561891b61c1e6e17a68,windows10-64-shippable-qr,True,False,,,102210fe594ee9b33d82058545b1ed14f4c8206e,browser-toolbox.close-process.DAMP,damp,True,damp browser-toolbox.close-process.DAMP opt e10s fission stylo webrender-sw,4768818,77,ms,firefox,,1716022417,2023-06-22 00:43:42,76.57120134075376,109834499ca10a69681c6868a23ec828dcf160cf,1261782,,,,,,,,,,,,,,,,,,,,,,,,,,,,,,,,,,,,,,,,,,,,,,,,,,,,,,,,,,,,,TN,TN
autoland,4769114,12,1a03ada32d4ae63ebeeb4561891b61c1e6e17a68,windows10-64-shippable-qr,True,False,,,102210fe594ee9b33d82058545b1ed14f4c8206e,browser-toolbox.close-process.DAMP,damp,True,damp browser-toolbox.close-process.DAMP opt e10s fission stylo webrender-sw,4768818,77,ms,firefox,,1716090250,2023-06-22 05:48:27,80.98583977458475,57884604206ce9bb39718006eac660e6e32e5044,1261863,,,,,,,,,,,,,,,,,,,,,,,,,,,,,,,,,,,,,,,,,,,,,,,,,,,,,,,,,,,,,TN,TN
autoland,4769114,12,1a03ada32d4ae63ebeeb4561891b61c1e6e17a68,windows10-64-shippable-qr,True,False,,,102210fe594ee9b33d82058545b1ed14f4c8206e,browser-toolbox.close-process.DAMP,damp,True,damp browser-toolbox.close-process.DAMP opt e10s fission stylo webrender-sw,4768818,77,ms,firefox,,1716120756,2023-06-22 07:29:35,78.01353320018461,45769d7ff3c64d7abfcfedd8f05bb7dcb442270c,1261886,,,,,,,,,,,,,,,,,,,,,,,,,,,,,,,,,,,,,,,,,,,,,,,,,,,,,,,,,,,,,TN,TN
autoland,4769114,12,1a03ada32d4ae63ebeeb4561891b61c1e6e17a68,windows10-64-shippable-qr,True,False,,,102210fe594ee9b33d82058545b1ed14f4c8206e,browser-toolbox.close-process.DAMP,damp,True,damp browser-toolbox.close-process.DAMP opt e10s fission stylo webrender-sw,4768818,77,ms,firefox,,1716226309,2023-06-22 11:39:08,83.8674916466698,3d85ee9f4f736ebc38b26fed33c8681bb512aa92,1262053,,,,,,,,,,,,,,,,,,,,,,,,,,,,,,,,,,,,,,,,,,,,,,,,,,,,,,,,,,,,,TN,TN
autoland,4769114,12,1a03ada32d4ae63ebeeb4561891b61c1e6e17a68,windows10-64-shippable-qr,True,False,,,102210fe594ee9b33d82058545b1ed14f4c8206e,browser-toolbox.close-process.DAMP,damp,True,damp browser-toolbox.close-process.DAMP opt e10s fission stylo webrender-sw,4768818,77,ms,firefox,,1716400618,2023-06-22 14:41:02,78.33265351054433,b9e51e69d0451a93822b61cc15d72666124f02dd,1262179,,,,,,,,,,,,,,,,,,,,,,,,,,,,,,,,,,,,,,,,,,,,,,,,,,,,,,,,,,,,,TN,TN
autoland,4769114,12,1a03ada32d4ae63ebeeb4561891b61c1e6e17a68,windows10-64-shippable-qr,True,False,,,102210fe594ee9b33d82058545b1ed14f4c8206e,browser-toolbox.close-process.DAMP,damp,True,damp browser-toolbox.close-process.DAMP opt e10s fission stylo webrender-sw,4768818,77,ms,firefox,,1716456714,2023-06-22 18:48:21,82.68525522171694,9a98c67180c5914db4ca78d4fc36d6d0721d24a9,1262325,,,,,,,,,,,,,,,,,,,,,,,,,,,,,,,,,,,,,,,,,,,,,,,,,,,,,,,,,,,,,TN,TN
autoland,4769114,12,1a03ada32d4ae63ebeeb4561891b61c1e6e17a68,windows10-64-shippable-qr,True,False,,,102210fe594ee9b33d82058545b1ed14f4c8206e,browser-toolbox.close-process.DAMP,damp,True,damp browser-toolbox.close-process.DAMP opt e10s fission stylo webrender-sw,4768818,77,ms,firefox,,1716473196,2023-06-22 19:02:55,82.47937495092629,4b261191412d4972eaab59ddb358f2eef865280d,1262337,,,,,,,,,,,,,,,,,,,,,,,,,,,,,,,,,,,,,,,,,,,,,,,,,,,,,,,,,,,,,TN,TN
autoland,4769114,12,1a03ada32d4ae63ebeeb4561891b61c1e6e17a68,windows10-64-shippable-qr,True,False,,,102210fe594ee9b33d82058545b1ed14f4c8206e,browser-toolbox.close-process.DAMP,damp,True,damp browser-toolbox.close-process.DAMP opt e10s fission stylo webrender-sw,4768818,77,ms,firefox,,1716595355,2023-06-22 22:58:49,83.39548449749418,ec702239c313d37f8ee8d6b4d9b78aba8d4b6580,1262495,,,,,,,,,,,,,,,,,,,,,,,,,,,,,,,,,,,,,,,,,,,,,,,,,,,,,,,,,,,,,TN,TN
autoland,4769114,12,1a03ada32d4ae63ebeeb4561891b61c1e6e17a68,windows10-64-shippable-qr,True,False,,,102210fe594ee9b33d82058545b1ed14f4c8206e,browser-toolbox.close-process.DAMP,damp,True,damp browser-toolbox.close-process.DAMP opt e10s fission stylo webrender-sw,4768818,77,ms,firefox,,1716717906,2023-06-23 03:22:10,78.52027979760896,a9c0bee966a1e0b10528a9b41b3dcea34ee95b83,1262648,,,,,,,,,,,,,,,,,,,,,,,,,,,,,,,,,,,,,,,,,,,,,,,,,,,,,,,,,,,,,TN,TN
autoland,4769114,12,1a03ada32d4ae63ebeeb4561891b61c1e6e17a68,windows10-64-shippable-qr,True,False,,,102210fe594ee9b33d82058545b1ed14f4c8206e,browser-toolbox.close-process.DAMP,damp,True,damp browser-toolbox.close-process.DAMP opt e10s fission stylo webrender-sw,4768818,77,ms,firefox,,1716908085,2023-06-23 06:38:21,83.31444619965623,e6ebe768e49bf43fc6465b297a817d1e4994af82,1262712,,,,,,,,,,,,,,,,,,,,,,,,,,,,,,,,,,,,,,,,,,,,,,,,,,,,,,,,,,,,,TN,TN
autoland,4769114,12,1a03ada32d4ae63ebeeb4561891b61c1e6e17a68,windows10-64-shippable-qr,True,False,,,102210fe594ee9b33d82058545b1ed14f4c8206e,browser-toolbox.close-process.DAMP,damp,True,damp browser-toolbox.close-process.DAMP opt e10s fission stylo webrender-sw,4768818,77,ms,firefox,,1716999927,2023-06-23 10:04:46,84.94525183066435,bd328e6b49f984c8a1b8e2e0e0b2194267d023ac,1262825,,,,,,,,,,,,,,,,,,,,,,,,,,,,,,,,,,,,,,,,,,,,,,,,,,,,,,,,,,,,,TN,TN
autoland,4769114,12,1a03ada32d4ae63ebeeb4561891b61c1e6e17a68,windows10-64-shippable-qr,True,False,,,102210fe594ee9b33d82058545b1ed14f4c8206e,browser-toolbox.close-process.DAMP,damp,True,damp browser-toolbox.close-process.DAMP opt e10s fission stylo webrender-sw,4768818,77,ms,firefox,,1717089662,2023-06-23 14:10:04,79.41187714486296,21d4902198ae482d7fd52735881f90fb09ffaa07,1262960,,,,,,,,,,,,,,,,,,,,,,,,,,,,,,,,,,,,,,,,,,,,,,,,,,,,,,,,,,,,,TN,TN
autoland,4769114,12,1a03ada32d4ae63ebeeb4561891b61c1e6e17a68,windows10-64-shippable-qr,True,False,,,102210fe594ee9b33d82058545b1ed14f4c8206e,browser-toolbox.close-process.DAMP,damp,True,damp browser-toolbox.close-process.DAMP opt e10s fission stylo webrender-sw,4768818,77,ms,firefox,,1717103289,2023-06-23 14:24:51,85.44669974871795,801ba619d741b520231e6a0791457e7b44bef641,1262973,,,,,,,,,,,,,,,,,,,,,,,,,,,,,,,,,,,,,,,,,,,,,,,,,,,,,,,,,,,,,TN,TN
autoland,4769114,12,1a03ada32d4ae63ebeeb4561891b61c1e6e17a68,windows10-64-shippable-qr,True,False,,,102210fe594ee9b33d82058545b1ed14f4c8206e,browser-toolbox.close-process.DAMP,damp,True,damp browser-toolbox.close-process.DAMP opt e10s fission stylo webrender-sw,4768818,77,ms,firefox,,1717222597,2023-06-23 18:49:22,85.96759863071202,efb1631077da0ef473b1fe37d64cd6f652c34f37,1263094,,,,,,,,,,,,,,,,,,,,,,,,,,,,,,,,,,,,,,,,,,,,,,,,,,,,,,,,,,,,,TN,TN
autoland,4769114,12,1a03ada32d4ae63ebeeb4561891b61c1e6e17a68,windows10-64-shippable-qr,True,False,,,102210fe594ee9b33d82058545b1ed14f4c8206e,browser-toolbox.close-process.DAMP,damp,True,damp browser-toolbox.close-process.DAMP opt e10s fission stylo webrender-sw,4768818,77,ms,firefox,,1717230384,2023-06-23 19:29:51,82.15089797959081,3cfaf216653a2de7529a3bc74907ea4fecc21912,1263108,,,,,,,,,,,,,,,,,,,,,,,,,,,,,,,,,,,,,,,,,,,,,,,,,,,,,,,,,,,,,TN,TN
autoland,4769114,12,1a03ada32d4ae63ebeeb4561891b61c1e6e17a68,windows10-64-shippable-qr,True,False,,,102210fe594ee9b33d82058545b1ed14f4c8206e,browser-toolbox.close-process.DAMP,damp,True,damp browser-toolbox.close-process.DAMP opt e10s fission stylo webrender-sw,4768818,77,ms,firefox,,1717263301,2023-06-23 23:33:35,82.99618150594324,45c221c4d7560f0ab2b6f7c4d113e2f96d73e994,1263150,,,,,,,,,,,,,,,,,,,,,,,,,,,,,,,,,,,,,,,,,,,,,,,,,,,,,,,,,,,,,TN,TN
autoland,4769114,12,1a03ada32d4ae63ebeeb4561891b61c1e6e17a68,windows10-64-shippable-qr,True,False,,,102210fe594ee9b33d82058545b1ed14f4c8206e,browser-toolbox.close-process.DAMP,damp,True,damp browser-toolbox.close-process.DAMP opt e10s fission stylo webrender-sw,4768818,77,ms,firefox,,1717407363,2023-06-24 17:55:21,80.73248222845723,31d5ffaf0b16a722c89e3bc6043d1a6dd2df4f59,1263267,,,,,,,,,,,,,,,,,,,,,,,,,,,,,,,,,,,,,,,,,,,,,,,,,,,,,,,,,,,,,TN,TN
autoland,4769114,12,1a03ada32d4ae63ebeeb4561891b61c1e6e17a68,windows10-64-shippable-qr,True,False,,,102210fe594ee9b33d82058545b1ed14f4c8206e,browser-toolbox.close-process.DAMP,damp,True,damp browser-toolbox.close-process.DAMP opt e10s fission stylo webrender-sw,4768818,77,ms,firefox,,1717408521,2023-06-24 17:55:21,86.56923408806324,31d5ffaf0b16a722c89e3bc6043d1a6dd2df4f59,1263267,,,,,,,,,,,,,,,,,,,,,,,,,,,,,,,,,,,,,,,,,,,,,,,,,,,,,,,,,,,,,TN,TN
autoland,4769114,12,1a03ada32d4ae63ebeeb4561891b61c1e6e17a68,windows10-64-shippable-qr,True,False,,,102210fe594ee9b33d82058545b1ed14f4c8206e,browser-toolbox.close-process.DAMP,damp,True,damp browser-toolbox.close-process.DAMP opt e10s fission stylo webrender-sw,4768818,77,ms,firefox,,1717408735,2023-06-24 17:55:21,79.51751176232938,31d5ffaf0b16a722c89e3bc6043d1a6dd2df4f59,1263267,,,,,,,,,,,,,,,,,,,,,,,,,,,,,,,,,,,,,,,,,,,,,,,,,,,,,,,,,,,,,TN,TN
autoland,4769114,12,1a03ada32d4ae63ebeeb4561891b61c1e6e17a68,windows10-64-shippable-qr,True,False,,,102210fe594ee9b33d82058545b1ed14f4c8206e,browser-toolbox.close-process.DAMP,damp,True,damp browser-toolbox.close-process.DAMP opt e10s fission stylo webrender-sw,4768818,77,ms,firefox,,1717407416,2023-06-24 17:55:21,77.94962397006748,31d5ffaf0b16a722c89e3bc6043d1a6dd2df4f59,1263267,,,,,,,,,,,,,,,,,,,,,,,,,,,,,,,,,,,,,,,,,,,,,,,,,,,,,,,,,,,,,TN,TN
autoland,4769114,12,1a03ada32d4ae63ebeeb4561891b61c1e6e17a68,windows10-64-shippable-qr,True,False,,,102210fe594ee9b33d82058545b1ed14f4c8206e,browser-toolbox.close-process.DAMP,damp,True,damp browser-toolbox.close-process.DAMP opt e10s fission stylo webrender-sw,4768818,77,ms,firefox,,1717408594,2023-06-24 17:55:21,81.36406520291348,31d5ffaf0b16a722c89e3bc6043d1a6dd2df4f59,1263267,,,,,,,,,,,,,,,,,,,,,,,,,,,,,,,,,,,,,,,,,,,,,,,,,,,,,,,,,,,,,TN,TN
autoland,4769114,12,1a03ada32d4ae63ebeeb4561891b61c1e6e17a68,windows10-64-shippable-qr,True,False,,,102210fe594ee9b33d82058545b1ed14f4c8206e,browser-toolbox.close-process.DAMP,damp,True,damp browser-toolbox.close-process.DAMP opt e10s fission stylo webrender-sw,4768818,77,ms,firefox,,1717408794,2023-06-24 17:55:21,86.73173855329514,31d5ffaf0b16a722c89e3bc6043d1a6dd2df4f59,1263267,,,,,,,,,,,,,,,,,,,,,,,,,,,,,,,,,,,,,,,,,,,,,,,,,,,,,,,,,,,,,TN,TN
autoland,4769114,12,1a03ada32d4ae63ebeeb4561891b61c1e6e17a68,windows10-64-shippable-qr,True,False,,,102210fe594ee9b33d82058545b1ed14f4c8206e,browser-toolbox.close-process.DAMP,damp,True,damp browser-toolbox.close-process.DAMP opt e10s fission stylo webrender-sw,4768818,77,ms,firefox,,1717408978,2023-06-24 17:55:21,84.13213825769708,31d5ffaf0b16a722c89e3bc6043d1a6dd2df4f59,1263267,,,,,,,,,,,,,,,,,,,,,,,,,,,,,,,,,,,,,,,,,,,,,,,,,,,,,,,,,,,,,TN,TN
autoland,4769114,12,1a03ada32d4ae63ebeeb4561891b61c1e6e17a68,windows10-64-shippable-qr,True,False,,,102210fe594ee9b33d82058545b1ed14f4c8206e,browser-toolbox.close-process.DAMP,damp,True,damp browser-toolbox.close-process.DAMP opt e10s fission stylo webrender-sw,4768818,77,ms,firefox,,1717499858,2023-06-25 11:25:42,80.55713042775096,a529a3830f684519fc2c2ffb6fbe1b1e77930e71,1263317,,,,,,,,,,,,,,,,,,,,,,,,,,,,,,,,,,,,,,,,,,,,,,,,,,,,,,,,,,,,,TN,TN
autoland,4769114,12,1a03ada32d4ae63ebeeb4561891b61c1e6e17a68,windows10-64-shippable-qr,True,False,,,102210fe594ee9b33d82058545b1ed14f4c8206e,browser-toolbox.close-process.DAMP,damp,True,damp browser-toolbox.close-process.DAMP opt e10s fission stylo webrender-sw,4768818,77,ms,firefox,,1717632183,2023-06-26 01:53:17,81.4555742947523,391b29854d65124c758af8d7a7765b53ec46b9bf,1263401,,,,,,,,,,,,,,,,,,,,,,,,,,,,,,,,,,,,,,,,,,,,,,,,,,,,,,,,,,,,,TN,TN
autoland,4769114,12,1a03ada32d4ae63ebeeb4561891b61c1e6e17a68,windows10-64-shippable-qr,True,False,,,102210fe594ee9b33d82058545b1ed14f4c8206e,browser-toolbox.close-process.DAMP,damp,True,damp browser-toolbox.close-process.DAMP opt e10s fission stylo webrender-sw,4768818,77,ms,firefox,,1717726375,2023-06-26 08:39:50,78.40040823502932,b8784b3350a10d9ba119e133ba1afe2fa2862b64,1263470,,,,,,,,,,,,,,,,,,,,,,,,,,,,,,,,,,,,,,,,,,,,,,,,,,,,,,,,,,,,,TN,TN
autoland,4769114,12,1a03ada32d4ae63ebeeb4561891b61c1e6e17a68,windows10-64-shippable-qr,True,False,,,102210fe594ee9b33d82058545b1ed14f4c8206e,browser-toolbox.close-process.DAMP,damp,True,damp browser-toolbox.close-process.DAMP opt e10s fission stylo webrender-sw,4768818,77,ms,firefox,,1717825249,2023-06-26 12:15:47,81.45036703592632,147bbf0910da38bd103a6cac5b77bca042225107,1263599,,,,,,,,,,,,,,,,,,,,,,,,,,,,,,,,,,,,,,,,,,,,,,,,,,,,,,,,,,,,,TN,TN
autoland,4769114,12,1a03ada32d4ae63ebeeb4561891b61c1e6e17a68,windows10-64-shippable-qr,True,False,,,102210fe594ee9b33d82058545b1ed14f4c8206e,browser-toolbox.close-process.DAMP,damp,True,damp browser-toolbox.close-process.DAMP opt e10s fission stylo webrender-sw,4768818,77,ms,firefox,,1717941707,2023-06-26 15:17:27,86.19009470980382,a9a1430953c45602083b397b0d0bb8e55a69fa46,1263769,,,,,,,,,,,,,,,,,,,,,,,,,,,,,,,,,,,,,,,,,,,,,,,,,,,,,,,,,,,,,TN,TN
autoland,4769114,12,1a03ada32d4ae63ebeeb4561891b61c1e6e17a68,windows10-64-shippable-qr,True,False,,,102210fe594ee9b33d82058545b1ed14f4c8206e,browser-toolbox.close-process.DAMP,damp,True,damp browser-toolbox.close-process.DAMP opt e10s fission stylo webrender-sw,4768818,77,ms,firefox,,1718089858,2023-06-26 19:17:54,83.02619048429187,43533d1489bc82330991d4cbac2d5b8e704b7558,1263990,,,,,,,,,,,,,,,,,,,,,,,,,,,,,,,,,,,,,,,,,,,,,,,,,,,,,,,,,,,,,TN,TN
autoland,4769114,12,1a03ada32d4ae63ebeeb4561891b61c1e6e17a68,windows10-64-shippable-qr,True,False,,,102210fe594ee9b33d82058545b1ed14f4c8206e,browser-toolbox.close-process.DAMP,damp,True,damp browser-toolbox.close-process.DAMP opt e10s fission stylo webrender-sw,4768818,77,ms,firefox,,1718265457,2023-06-26 23:32:18,83.94562708599551,4bdb9438b18b4b7ad15d5f4f62fd67cad4308d62,1264157,,,,,,,,,,,,,,,,,,,,,,,,,,,,,,,,,,,,,,,,,,,,,,,,,,,,,,,,,,,,,TN,TN
autoland,4769114,12,1a03ada32d4ae63ebeeb4561891b61c1e6e17a68,windows10-64-shippable-qr,True,False,,,102210fe594ee9b33d82058545b1ed14f4c8206e,browser-toolbox.close-process.DAMP,damp,True,damp browser-toolbox.close-process.DAMP opt e10s fission stylo webrender-sw,4768818,77,ms,firefox,,1718255724,2023-06-26 23:58:56,80.39323574175069,b34d04613ffa3abda9bcdd07fc5185a34cdc407b,1264185,,,,,,,,,,,,,,,,,,,,,,,,,,,,,,,,,,,,,,,,,,,,,,,,,,,,,,,,,,,,,TN,TN
autoland,4769114,12,1a03ada32d4ae63ebeeb4561891b61c1e6e17a68,windows10-64-shippable-qr,True,False,,,102210fe594ee9b33d82058545b1ed14f4c8206e,browser-toolbox.close-process.DAMP,damp,True,damp browser-toolbox.close-process.DAMP opt e10s fission stylo webrender-sw,4768818,77,ms,firefox,,1718350358,2023-06-27 04:20:21,81.08605347326375,e0d8554167a0aad02af68198462e91dd05958593,1264240,,,,,,,,,,,,,,,,,,,,,,,,,,,,,,,,,,,,,,,,,,,,,,,,,,,,,,,,,,,,,TN,TN
autoland,4769114,12,1a03ada32d4ae63ebeeb4561891b61c1e6e17a68,windows10-64-shippable-qr,True,False,,,102210fe594ee9b33d82058545b1ed14f4c8206e,browser-toolbox.close-process.DAMP,damp,True,damp browser-toolbox.close-process.DAMP opt e10s fission stylo webrender-sw,4768818,77,ms,firefox,,1718435439,2023-06-27 07:09:08,83.50701508147176,e963fffcb3a0375f0c08e6c62d4300cbf79fba0b,1264287,,,,,,,,,,,,,,,,,,,,,,,,,,,,,,,,,,,,,,,,,,,,,,,,,,,,,,,,,,,,,TN,TN
autoland,4769114,12,1a03ada32d4ae63ebeeb4561891b61c1e6e17a68,windows10-64-shippable-qr,True,False,,,102210fe594ee9b33d82058545b1ed14f4c8206e,browser-toolbox.close-process.DAMP,damp,True,damp browser-toolbox.close-process.DAMP opt e10s fission stylo webrender-sw,4768818,77,ms,firefox,,1718554994,2023-06-27 11:13:52,81.42866846457764,96efb14c1b2e225253f22aae7b217fdd48b4cb9f,1264423,,,,,,,,,,,,,,,,,,,,,,,,,,,,,,,,,,,,,,,,,,,,,,,,,,,,,,,,,,,,,TN,TN
autoland,4769114,12,1a03ada32d4ae63ebeeb4561891b61c1e6e17a68,windows10-64-shippable-qr,True,False,,,102210fe594ee9b33d82058545b1ed14f4c8206e,browser-toolbox.close-process.DAMP,damp,True,damp browser-toolbox.close-process.DAMP opt e10s fission stylo webrender-sw,4768818,77,ms,firefox,,1723196090,2023-06-27 13:54:01,77.16529251435713,a1e3851b493a7a6c8baa8d0e9eb917947d46d578,1264510,,,,,,,,,,,,,,,,,,,,,,,,,,,,,,,,,,,,,,,,,,,,,,,,,,,,,,,,,,,,,TN,TN
autoland,4769114,12,1a03ada32d4ae63ebeeb4561891b61c1e6e17a68,windows10-64-shippable-qr,True,False,,,102210fe594ee9b33d82058545b1ed14f4c8206e,browser-toolbox.close-process.DAMP,damp,True,damp browser-toolbox.close-process.DAMP opt e10s fission stylo webrender-sw,4768818,77,ms,firefox,,1723201104,2023-06-27 13:57:45,82.93536677147495,025490d0dca237250cb77d2514a3284ba9464a7d,1264513,,,,,,,,,,,,,,,,,,,,,,,,,,,,,,,,,,,,,,,,,,,,,,,,,,,,,,,,,,,,,TN,TN
autoland,4769114,12,1a03ada32d4ae63ebeeb4561891b61c1e6e17a68,windows10-64-shippable-qr,True,False,,,102210fe594ee9b33d82058545b1ed14f4c8206e,browser-toolbox.close-process.DAMP,damp,True,damp browser-toolbox.close-process.DAMP opt e10s fission stylo webrender-sw,4768818,77,ms,firefox,,1723193821,2023-06-27 14:01:38,79.37409760077207,f0a3370d3d44dbb7224eed02689d36d939185284,1264518,,,,,,,,,,,,,,,,,,,,,,,,,,,,,,,,,,,,,,,,,,,,,,,,,,,,,,,,,,,,,TN,TN
autoland,4769114,12,1a03ada32d4ae63ebeeb4561891b61c1e6e17a68,windows10-64-shippable-qr,True,False,,,102210fe594ee9b33d82058545b1ed14f4c8206e,browser-toolbox.close-process.DAMP,damp,True,damp browser-toolbox.close-process.DAMP opt e10s fission stylo webrender-sw,4768818,77,ms,firefox,,1723194030,2023-06-27 14:03:53,78.98650502919918,cdf784015f867d50aa25b9610ab9455a3d3f11a6,1264521,,,,,,,,,,,,,,,,,,,,,,,,,,,,,,,,,,,,,,,,,,,,,,,,,,,,,,,,,,,,,TN,TN
autoland,4769114,12,1a03ada32d4ae63ebeeb4561891b61c1e6e17a68,windows10-64-shippable-qr,True,False,,,102210fe594ee9b33d82058545b1ed14f4c8206e,browser-toolbox.close-process.DAMP,damp,True,damp browser-toolbox.close-process.DAMP opt e10s fission stylo webrender-sw,4768818,77,ms,firefox,,1723194169,2023-06-27 14:23:40,79.13265849469462,53e7329bcc863506c4ae7a2f0a65a6e5d0494883,1264538,,,,,,,,,,,,,,,,,,,,,,,,,,,,,,,,,,,,,,,,,,,,,,,,,,,,,,,,,,,,,TN,TN
autoland,4769114,12,1a03ada32d4ae63ebeeb4561891b61c1e6e17a68,windows10-64-shippable-qr,True,False,,,102210fe594ee9b33d82058545b1ed14f4c8206e,browser-toolbox.close-process.DAMP,damp,True,damp browser-toolbox.close-process.DAMP opt e10s fission stylo webrender-sw,4768818,77,ms,firefox,,1723194967,2023-06-27 14:31:47,81.49400209169107,9bf254573e278eafc3f102d0521032c91ed9dd57,1264543,,,,,,,,,,,,,,,,,,,,,,,,,,,,,,,,,,,,,,,,,,,,,,,,,,,,,,,,,,,,,TN,TN
autoland,4769114,12,1a03ada32d4ae63ebeeb4561891b61c1e6e17a68,windows10-64-shippable-qr,True,False,,,102210fe594ee9b33d82058545b1ed14f4c8206e,browser-toolbox.close-process.DAMP,damp,True,damp browser-toolbox.close-process.DAMP opt e10s fission stylo webrender-sw,4768818,77,ms,firefox,,1718639397,2023-06-27 15:57:28,80.62505013337068,c041b113d5acbf06ba2e6161d9a1ef4fa5b3636b,1264575,,,,,,,,,,,,,,,,,,,,,,,,,,,,,,,,,,,,,,,,,,,,,,,,,,,,,,,,,,,,,TN,TN
autoland,4769114,12,1a03ada32d4ae63ebeeb4561891b61c1e6e17a68,windows10-64-shippable-qr,True,False,,,102210fe594ee9b33d82058545b1ed14f4c8206e,browser-toolbox.close-process.DAMP,damp,True,damp browser-toolbox.close-process.DAMP opt e10s fission stylo webrender-sw,4768818,77,ms,firefox,,1723159868,2023-06-27 15:59:35,86.1375881707645,9f3ca0bd481197e41a684d17dfbf91b132c29596,1264576,,,,,,,,,,,,,,,,,,,,,,,,,,,,,,,,,,,,,,,,,,,,,,,,,,,,,,,,,,,,,TN,TN
autoland,4769114,12,1a03ada32d4ae63ebeeb4561891b61c1e6e17a68,windows10-64-shippable-qr,True,False,,,102210fe594ee9b33d82058545b1ed14f4c8206e,browser-toolbox.close-process.DAMP,damp,True,damp browser-toolbox.close-process.DAMP opt e10s fission stylo webrender-sw,4768818,77,ms,firefox,,1723159921,2023-06-27 16:02:25,82.11243943033332,a4e3a2f3ce1bb686a5802ca9e04dbca80c49b0df,1264577,,,,,,,,,,,,,,,,,,,,,,,,,,,,,,,,,,,,,,,,,,,,,,,,,,,,,,,,,,,,,TN,TN
autoland,4769114,12,1a03ada32d4ae63ebeeb4561891b61c1e6e17a68,windows10-64-shippable-qr,True,False,,,102210fe594ee9b33d82058545b1ed14f4c8206e,browser-toolbox.close-process.DAMP,damp,True,damp browser-toolbox.close-process.DAMP opt e10s fission stylo webrender-sw,4768818,77,ms,firefox,,1718662481,2023-06-27 16:17:01,83.36339913676056,da38525a017e6dd411f2c2ccd84d286d86bdad8d,1264584,,,,,,,,,,,,,,,,,,,,,,,,,,,,,,,,,,,,,,,,,,,,,,,,,,,,,,,,,,,,,TN,TN
autoland,4769114,12,1a03ada32d4ae63ebeeb4561891b61c1e6e17a68,windows10-64-shippable-qr,True,False,,,102210fe594ee9b33d82058545b1ed14f4c8206e,browser-toolbox.close-process.DAMP,damp,True,damp browser-toolbox.close-process.DAMP opt e10s fission stylo webrender-sw,4768818,77,ms,firefox,,1723193120,2023-06-27 16:25:21,76.95591060334118,210d3c5c2f2ec698beaebb0bf62643d351c2f0e7,1264591,,,,,,,,,,,,,,,,,,,,,,,,,,,,,,,,,,,,,,,,,,,,,,,,,,,,,,,,,,,,,TN,TN
autoland,4769114,12,1a03ada32d4ae63ebeeb4561891b61c1e6e17a68,windows10-64-shippable-qr,True,False,,,102210fe594ee9b33d82058545b1ed14f4c8206e,browser-toolbox.close-process.DAMP,damp,True,damp browser-toolbox.close-process.DAMP opt e10s fission stylo webrender-sw,4768818,77,ms,firefox,,1723194308,2023-06-27 16:38:53,79.96209835313857,cbe060afcdc522bbf06fe6f502953d676ea146a2,1264609,,,,,,,,,,,,,,,,,,,,,,,,,,,,,,,,,,,,,,,,,,,,,,,,,,,,,,,,,,,,,TN,TN
autoland,4769114,12,1a03ada32d4ae63ebeeb4561891b61c1e6e17a68,windows10-64-shippable-qr,True,False,,,102210fe594ee9b33d82058545b1ed14f4c8206e,browser-toolbox.close-process.DAMP,damp,True,damp browser-toolbox.close-process.DAMP opt e10s fission stylo webrender-sw,4768818,77,ms,firefox,,1723193273,2023-06-27 16:43:27,80.25502339495506,278111760071e7020784fe662a6744d18488698d,1264614,,,,,,,,,,,,,,,,,,,,,,,,,,,,,,,,,,,,,,,,,,,,,,,,,,,,,,,,,,,,,TN,TN
autoland,4769114,12,1a03ada32d4ae63ebeeb4561891b61c1e6e17a68,windows10-64-shippable-qr,True,False,,,102210fe594ee9b33d82058545b1ed14f4c8206e,browser-toolbox.close-process.DAMP,damp,True,damp browser-toolbox.close-process.DAMP opt e10s fission stylo webrender-sw,4768818,77,ms,firefox,,1723194660,2023-06-27 16:48:43,79.46133531578016,abfc162b973b200a856ec9f6a0a8f7de337d12b6,1264621,,,,,,,,,,,,,,,,,,,,,,,,,,,,,,,,,,,,,,,,,,,,,,,,,,,,,,,,,,,,,TN,TN
autoland,4769114,12,1a03ada32d4ae63ebeeb4561891b61c1e6e17a68,windows10-64-shippable-qr,True,False,,,102210fe594ee9b33d82058545b1ed14f4c8206e,browser-toolbox.close-process.DAMP,damp,True,damp browser-toolbox.close-process.DAMP opt e10s fission stylo webrender-sw,4768818,77,ms,firefox,,1723201912,2023-06-27 19:02:52,87.78454375718138,2fd29c06fb721ea60f4e1b01dda641538eba2c37,1264741,,,,,,,,,,,,,,,,,,,,,,,,,,,,,,,,,,,,,,,,,,,,,,,,,,,,,,,,,,,,,TN,TN
autoland,4769114,12,1a03ada32d4ae63ebeeb4561891b61c1e6e17a68,windows10-64-shippable-qr,True,False,,,102210fe594ee9b33d82058545b1ed14f4c8206e,browser-toolbox.close-process.DAMP,damp,True,damp browser-toolbox.close-process.DAMP opt e10s fission stylo webrender-sw,4768818,77,ms,firefox,,1723204010,2023-06-27 19:31:08,78.63573092817387,a2d69aeb008d90d72415514f80f6f779f66987df,1264757,,,,,,,,,,,,,,,,,,,,,,,,,,,,,,,,,,,,,,,,,,,,,,,,,,,,,,,,,,,,,TN,TN
autoland,4769114,12,1a03ada32d4ae63ebeeb4561891b61c1e6e17a68,windows10-64-shippable-qr,True,False,,,102210fe594ee9b33d82058545b1ed14f4c8206e,browser-toolbox.close-process.DAMP,damp,True,damp browser-toolbox.close-process.DAMP opt e10s fission stylo webrender-sw,4768818,77,ms,firefox,,1718776986,2023-06-27 20:57:27,80.01804290772634,80adb872a3d1e32f459e5cf3bc77e47008da925f,1264834,,,,,,,,,,,,,,,,,,,,,,,,,,,,,,,,,,,,,,,,,,,,,,,,,,,,,,,,,,,,,TN,TN
autoland,4769114,12,1a03ada32d4ae63ebeeb4561891b61c1e6e17a68,windows10-64-shippable-qr,True,False,,,102210fe594ee9b33d82058545b1ed14f4c8206e,browser-toolbox.close-process.DAMP,damp,True,damp browser-toolbox.close-process.DAMP opt e10s fission stylo webrender-sw,4768818,77,ms,firefox,,1723193196,2023-06-27 23:07:30,78.68383209538297,058746576305aaca1f59f8a3f170e71cde5fbf1f,1264914,,,,,,,,,,,,,,,,,,,,,,,,,,,,,,,,,,,,,,,,,,,,,,,,,,,,,,,,,,,,,TN,TN
autoland,4769114,12,1a03ada32d4ae63ebeeb4561891b61c1e6e17a68,windows10-64-shippable-qr,True,False,,,102210fe594ee9b33d82058545b1ed14f4c8206e,browser-toolbox.close-process.DAMP,damp,True,damp browser-toolbox.close-process.DAMP opt e10s fission stylo webrender-sw,4768818,77,ms,firefox,,1723193327,2023-06-27 23:09:01,76.91913846085663,4d572336a63bd3c08e05bc1e492e1a7d451ea9b0,1264918,,,,,,,,,,,,,,,,,,,,,,,,,,,,,,,,,,,,,,,,,,,,,,,,,,,,,,,,,,,,,TN,TN
autoland,4769114,12,1a03ada32d4ae63ebeeb4561891b61c1e6e17a68,windows10-64-shippable-qr,True,False,,,102210fe594ee9b33d82058545b1ed14f4c8206e,browser-toolbox.close-process.DAMP,damp,True,damp browser-toolbox.close-process.DAMP opt e10s fission stylo webrender-sw,4768818,77,ms,firefox,,1723196159,2023-06-27 23:09:50,76.23274303117068,474f4f45ae35312bc63917d95d5bd073b9b9cbcd,1264920,,,,,,,,,,,,,,,,,,,,,,,,,,,,,,,,,,,,,,,,,,,,,,,,,,,,,,,,,,,,,TN,TN
autoland,4769114,12,1a03ada32d4ae63ebeeb4561891b61c1e6e17a68,windows10-64-shippable-qr,True,False,,,102210fe594ee9b33d82058545b1ed14f4c8206e,browser-toolbox.close-process.DAMP,damp,True,damp browser-toolbox.close-process.DAMP opt e10s fission stylo webrender-sw,4768818,77,ms,firefox,,1723195678,2023-06-27 23:10:43,84.10679506268934,3caaa7ed846def070beb045453cc5f8c723fa342,1264924,,,,,,,,,,,,,,,,,,,,,,,,,,,,,,,,,,,,,,,,,,,,,,,,,,,,,,,,,,,,,TN,TN
autoland,4769114,12,1a03ada32d4ae63ebeeb4561891b61c1e6e17a68,windows10-64-shippable-qr,True,False,,,102210fe594ee9b33d82058545b1ed14f4c8206e,browser-toolbox.close-process.DAMP,damp,True,damp browser-toolbox.close-process.DAMP opt e10s fission stylo webrender-sw,4768818,77,ms,firefox,,1723194405,2023-06-27 23:11:34,78.24535222594568,f4439502096e5a5b50b7f5e1fa2801c218ddbd16,1264925,,,,,,,,,,,,,,,,,,,,,,,,,,,,,,,,,,,,,,,,,,,,,,,,,,,,,,,,,,,,,TN,TN
autoland,4769114,12,1a03ada32d4ae63ebeeb4561891b61c1e6e17a68,windows10-64-shippable-qr,True,False,,,102210fe594ee9b33d82058545b1ed14f4c8206e,browser-toolbox.close-process.DAMP,damp,True,damp browser-toolbox.close-process.DAMP opt e10s fission stylo webrender-sw,4768818,77,ms,firefox,,1723194110,2023-06-27 23:14:32,76.72940947575262,ed1685687f2a3bce096f8b9f8fb3264ee400628b,1264927,,,,,,,,,,,,,,,,,,,,,,,,,,,,,,,,,,,,,,,,,,,,,,,,,,,,,,,,,,,,,TN,TN
autoland,4769114,12,1a03ada32d4ae63ebeeb4561891b61c1e6e17a68,windows10-64-shippable-qr,True,False,,,102210fe594ee9b33d82058545b1ed14f4c8206e,browser-toolbox.close-process.DAMP,damp,True,damp browser-toolbox.close-process.DAMP opt e10s fission stylo webrender-sw,4768818,77,ms,firefox,,1723194800,2023-06-27 23:15:35,77.71468049017494,5ca4df9600a90e7ef0acae64ba0a148be93bcc33,1264929,,,,,,,,,,,,,,,,,,,,,,,,,,,,,,,,,,,,,,,,,,,,,,,,,,,,,,,,,,,,,TN,TN
autoland,4769114,12,1a03ada32d4ae63ebeeb4561891b61c1e6e17a68,windows10-64-shippable-qr,True,False,,,102210fe594ee9b33d82058545b1ed14f4c8206e,browser-toolbox.close-process.DAMP,damp,True,damp browser-toolbox.close-process.DAMP opt e10s fission stylo webrender-sw,4768818,77,ms,firefox,,1723194031,2023-06-27 23:18:11,77.23029020857575,bf7be21bf785f93d8e1e0ebbede427d449f4997b,1264932,,,,,,,,,,,,,,,,,,,,,,,,,,,,,,,,,,,,,,,,,,,,,,,,,,,,,,,,,,,,,TN,TN
autoland,4769114,12,1a03ada32d4ae63ebeeb4561891b61c1e6e17a68,windows10-64-shippable-qr,True,False,,,102210fe594ee9b33d82058545b1ed14f4c8206e,browser-toolbox.close-process.DAMP,damp,True,damp browser-toolbox.close-process.DAMP opt e10s fission stylo webrender-sw,4768818,77,ms,firefox,,1723194905,2023-06-27 23:19:12,78.94307480628777,7af0a23c7213ac308f4a02c19d6891855aec02c1,1264934,,,,,,,,,,,,,,,,,,,,,,,,,,,,,,,,,,,,,,,,,,,,,,,,,,,,,,,,,,,,,TN,TN
autoland,4769114,12,1a03ada32d4ae63ebeeb4561891b61c1e6e17a68,windows10-64-shippable-qr,True,False,,,102210fe594ee9b33d82058545b1ed14f4c8206e,browser-toolbox.close-process.DAMP,damp,True,damp browser-toolbox.close-process.DAMP opt e10s fission stylo webrender-sw,4768818,77,ms,firefox,,1718875117,2023-06-28 00:04:05,79.34473479048756,591e3233df273509a8c0d0ccd1cc32795ae584dc,1264952,,,,,,,,,,,,,,,,,,,,,,,,,,,,,,,,,,,,,,,,,,,,,,,,,,,,,,,,,,,,,TN,TN
autoland,4769114,12,1a03ada32d4ae63ebeeb4561891b61c1e6e17a68,windows10-64-shippable-qr,True,False,,,102210fe594ee9b33d82058545b1ed14f4c8206e,browser-toolbox.close-process.DAMP,damp,True,damp browser-toolbox.close-process.DAMP opt e10s fission stylo webrender-sw,4768818,77,ms,firefox,,1723160057,2023-06-28 01:20:10,84.18740724251984,e08f402413100249480f7a5eaaa6506649420330,1264990,,,,,,,,,,,,,,,,,,,,,,,,,,,,,,,,,,,,,,,,,,,,,,,,,,,,,,,,,,,,,TN,TN
autoland,4769114,12,1a03ada32d4ae63ebeeb4561891b61c1e6e17a68,windows10-64-shippable-qr,True,False,,,102210fe594ee9b33d82058545b1ed14f4c8206e,browser-toolbox.close-process.DAMP,damp,True,damp browser-toolbox.close-process.DAMP opt e10s fission stylo webrender-sw,4768818,77,ms,firefox,,1723160856,2023-06-28 01:20:58,77.8960346275926,3d1499487ea98890f7a0c8f44bcd03c94251560e,1264992,,,,,,,,,,,,,,,,,,,,,,,,,,,,,,,,,,,,,,,,,,,,,,,,,,,,,,,,,,,,,TN,TN
autoland,4769114,12,1a03ada32d4ae63ebeeb4561891b61c1e6e17a68,windows10-64-shippable-qr,True,False,,,102210fe594ee9b33d82058545b1ed14f4c8206e,browser-toolbox.close-process.DAMP,damp,True,damp browser-toolbox.close-process.DAMP opt e10s fission stylo webrender-sw,4768818,77,ms,firefox,,1723160908,2023-06-28 01:21:52,79.12074746398866,f7f4f7480ce84c889ed0bd4769a140c904876a1f,1264994,,,,,,,,,,,,,,,,,,,,,,,,,,,,,,,,,,,,,,,,,,,,,,,,,,,,,,,,,,,,,TN,TN
autoland,4769114,12,1a03ada32d4ae63ebeeb4561891b61c1e6e17a68,windows10-64-shippable-qr,True,False,,,102210fe594ee9b33d82058545b1ed14f4c8206e,browser-toolbox.close-process.DAMP,damp,True,damp browser-toolbox.close-process.DAMP opt e10s fission stylo webrender-sw,4768818,77,ms,firefox,,1723160801,2023-06-28 01:22:41,80.1395643018659,31559c1e9c3d75d771a1796c8f8e4d2750616be4,1264995,,,,,,,,,,,,,,,,,,,,,,,,,,,,,,,,,,,,,,,,,,,,,,,,,,,,,,,,,,,,,TN,TN
autoland,4769114,12,1a03ada32d4ae63ebeeb4561891b61c1e6e17a68,windows10-64-shippable-qr,True,False,,,102210fe594ee9b33d82058545b1ed14f4c8206e,browser-toolbox.close-process.DAMP,damp,True,damp browser-toolbox.close-process.DAMP opt e10s fission stylo webrender-sw,4768818,77,ms,firefox,,1723160960,2023-06-28 03:05:11,79.7439246007707,613e83b36c1ad458fbd4a0a79ddecfee0cd5ad38,1265030,,,,,,,,,,,,,,,,,,,,,,,,,,,,,,,,,,,,,,,,,,,,,,,,,,,,,,,,,,,,,TN,TN
autoland,4769114,12,1a03ada32d4ae63ebeeb4561891b61c1e6e17a68,windows10-64-shippable-qr,True,False,,,102210fe594ee9b33d82058545b1ed14f4c8206e,browser-toolbox.close-process.DAMP,damp,True,damp browser-toolbox.close-process.DAMP opt e10s fission stylo webrender-sw,4768818,77,ms,firefox,,1723160333,2023-06-28 03:06:00,77.96935709425452,077875ace55f937ba2c8fc7f57ddad9f3422a9e7,1265031,,,,,,,,,,,,,,,,,,,,,,,,,,,,,,,,,,,,,,,,,,,,,,,,,,,,,,,,,,,,,TN,TN
autoland,4769114,12,1a03ada32d4ae63ebeeb4561891b61c1e6e17a68,windows10-64-shippable-qr,True,False,,,102210fe594ee9b33d82058545b1ed14f4c8206e,browser-toolbox.close-process.DAMP,damp,True,damp browser-toolbox.close-process.DAMP opt e10s fission stylo webrender-sw,4768818,77,ms,firefox,,1723160387,2023-06-28 03:07:00,77.37908520603378,914c3b4eeaf86d0251d3e9183ee1c096f0e1d121,1265032,,,,,,,,,,,,,,,,,,,,,,,,,,,,,,,,,,,,,,,,,,,,,,,,,,,,,,,,,,,,,TN,TN
autoland,4769114,12,1a03ada32d4ae63ebeeb4561891b61c1e6e17a68,windows10-64-shippable-qr,True,False,,,102210fe594ee9b33d82058545b1ed14f4c8206e,browser-toolbox.close-process.DAMP,damp,True,damp browser-toolbox.close-process.DAMP opt e10s fission stylo webrender-sw,4768818,77,ms,firefox,,1723160491,2023-06-28 03:07:47,76.65131008788012,1a402e46c48993d9d2167ea7c9c12d69a6d72972,1265033,,,,,,,,,,,,,,,,,,,,,,,,,,,,,,,,,,,,,,,,,,,,,,,,,,,,,,,,,,,,,TN,TN
autoland,4769114,12,1a03ada32d4ae63ebeeb4561891b61c1e6e17a68,windows10-64-shippable-qr,True,False,,,102210fe594ee9b33d82058545b1ed14f4c8206e,browser-toolbox.close-process.DAMP,damp,True,damp browser-toolbox.close-process.DAMP opt e10s fission stylo webrender-sw,4768818,77,ms,firefox,,1723160439,2023-06-28 03:08:47,80.07459499938705,b927515165f2fa42afa6d0a296891e904aef78ff,1265034,,,,,,,,,,,,,,,,,,,,,,,,,,,,,,,,,,,,,,,,,,,,,,,,,,,,,,,,,,,,,TN,TN
autoland,4769114,12,1a03ada32d4ae63ebeeb4561891b61c1e6e17a68,windows10-64-shippable-qr,True,False,,,102210fe594ee9b33d82058545b1ed14f4c8206e,browser-toolbox.close-process.DAMP,damp,True,damp browser-toolbox.close-process.DAMP opt e10s fission stylo webrender-sw,4768818,77,ms,firefox,,1718954604,2023-06-28 03:09:49,80.05906433008204,ecb2997338f1c9a2059192ce04d01243537176b9,1265035,,,,,,,,,,,,,,,,,,,,,,,,,,,,,,,,,,,,,,,,,,,,,,,,,,,,,,,,,,,,,TN,TN
autoland,4769114,12,1a03ada32d4ae63ebeeb4561891b61c1e6e17a68,windows10-64-shippable-qr,True,False,,,102210fe594ee9b33d82058545b1ed14f4c8206e,browser-toolbox.close-process.DAMP,damp,True,damp browser-toolbox.close-process.DAMP opt e10s fission stylo webrender-sw,4768818,77,ms,firefox,,1719027040,2023-06-28 07:19:30,77.73811486474733,51b6f36ff37d4b6906ec5cab830b1e283c6f7395,1265110,,,,,,,,,,,,,,,,,,,,,,,,,,,,,,,,,,,,,,,,,,,,,,,,,,,,,,,,,,,,,TN,TN
autoland,4769114,12,1a03ada32d4ae63ebeeb4561891b61c1e6e17a68,windows10-64-shippable-qr,True,False,,,102210fe594ee9b33d82058545b1ed14f4c8206e,browser-toolbox.close-process.DAMP,damp,True,damp browser-toolbox.close-process.DAMP opt e10s fission stylo webrender-sw,4768818,77,ms,firefox,,1719126178,2023-06-28 11:29:09,85.73049420737516,3b7b3970a88459c11033effb61df89644e963bda,1265214,,,,,,,,,,,,,,,,,,,,,,,,,,,,,,,,,,,,,,,,,,,,,,,,,,,,,,,,,,,,,TN,TN
autoland,4769114,12,1a03ada32d4ae63ebeeb4561891b61c1e6e17a68,windows10-64-shippable-qr,True,False,,,102210fe594ee9b33d82058545b1ed14f4c8206e,browser-toolbox.close-process.DAMP,damp,True,damp browser-toolbox.close-process.DAMP opt e10s fission stylo webrender-sw,4768818,77,ms,firefox,,1719201421,2023-06-28 14:16:43,78.81370945088565,c20ba5651ee046629ef49efd2e49f6214c3ae520,1265309,,,,,,,,,,,,,,,,,,,,,,,,,,,,,,,,,,,,,,,,,,,,,,,,,,,,,,,,,,,,,TN,TN
autoland,4769114,12,1a03ada32d4ae63ebeeb4561891b61c1e6e17a68,windows10-64-shippable-qr,True,False,,,102210fe594ee9b33d82058545b1ed14f4c8206e,browser-toolbox.close-process.DAMP,damp,True,damp browser-toolbox.close-process.DAMP opt e10s fission stylo webrender-sw,4768818,77,ms,firefox,,1719334169,2023-06-28 17:34:48,84.79259196556086,0df511b69760b69959818e34e07aa74a0ad7061a,1265473,,,,,,,,,,,,,,,,,,,,,,,,,,,,,,,,,,,,,,,,,,,,,,,,,,,,,,,,,,,,,TN,TN
autoland,4769114,12,1a03ada32d4ae63ebeeb4561891b61c1e6e17a68,windows10-64-shippable-qr,True,False,,,102210fe594ee9b33d82058545b1ed14f4c8206e,browser-toolbox.close-process.DAMP,damp,True,damp browser-toolbox.close-process.DAMP opt e10s fission stylo webrender-sw,4768818,77,ms,firefox,,1719447884,2023-06-28 21:47:35,80.55444906497723,d18ee9401610559d6724af1cf6a4ba7ca620f195,1265682,,,,,,,,,,,,,,,,,,,,,,,,,,,,,,,,,,,,,,,,,,,,,,,,,,,,,,,,,,,,,TN,TN
autoland,4769114,12,1a03ada32d4ae63ebeeb4561891b61c1e6e17a68,windows10-64-shippable-qr,True,False,,,102210fe594ee9b33d82058545b1ed14f4c8206e,browser-toolbox.close-process.DAMP,damp,True,damp browser-toolbox.close-process.DAMP opt e10s fission stylo webrender-sw,4768818,77,ms,firefox,,1719530239,2023-06-29 02:28:53,79.9789397513232,bab00f4f94d567cf8ccf12e64f4e5cccc2ab6783,1265821,,,,,,,,,,,,,,,,,,,,,,,,,,,,,,,,,,,,,,,,,,,,,,,,,,,,,,,,,,,,,TN,TN
autoland,4769114,12,1a03ada32d4ae63ebeeb4561891b61c1e6e17a68,windows10-64-shippable-qr,True,False,,,102210fe594ee9b33d82058545b1ed14f4c8206e,browser-toolbox.close-process.DAMP,damp,True,damp browser-toolbox.close-process.DAMP opt e10s fission stylo webrender-sw,4768818,77,ms,firefox,,1719705900,2023-06-29 08:54:52,83.59815160829021,046c4b8aaa8932f15825dc4decd3911bb048e7f5,1265934,,,,,,,,,,,,,,,,,,,,,,,,,,,,,,,,,,,,,,,,,,,,,,,,,,,,,,,,,,,,,TN,TN
autoland,4769114,12,1a03ada32d4ae63ebeeb4561891b61c1e6e17a68,windows10-64-shippable-qr,True,False,,,102210fe594ee9b33d82058545b1ed14f4c8206e,browser-toolbox.close-process.DAMP,damp,True,damp browser-toolbox.close-process.DAMP opt e10s fission stylo webrender-sw,4768818,77,ms,firefox,,1719849333,2023-06-29 12:57:39,82.25224588686251,e784085dfb507c237319c40245ef0b32ddcf82b0,1266033,,,,,,,,,,,,,,,,,,,,,,,,,,,,,,,,,,,,,,,,,,,,,,,,,,,,,,,,,,,,,TN,TN
autoland,4769114,12,1a03ada32d4ae63ebeeb4561891b61c1e6e17a68,windows10-64-shippable-qr,True,False,,,102210fe594ee9b33d82058545b1ed14f4c8206e,browser-toolbox.close-process.DAMP,damp,True,damp browser-toolbox.close-process.DAMP opt e10s fission stylo webrender-sw,4768818,77,ms,firefox,,1719890584,2023-06-29 15:22:27,84.62624689044605,573b87117fd3efdb12ffb05692f97323c07a9900,1266105,,,,,,,,,,,,,,,,,,,,,,,,,,,,,,,,,,,,,,,,,,,,,,,,,,,,,,,,,,,,,TN,TN
autoland,4769114,12,1a03ada32d4ae63ebeeb4561891b61c1e6e17a68,windows10-64-shippable-qr,True,False,,,102210fe594ee9b33d82058545b1ed14f4c8206e,browser-toolbox.close-process.DAMP,damp,True,damp browser-toolbox.close-process.DAMP opt e10s fission stylo webrender-sw,4768818,77,ms,firefox,,1720004239,2023-06-29 19:36:56,83.4186099378785,c5ac7e957828eeda97a3af6fc706f41aa567e48e,1266292,,,,,,,,,,,,,,,,,,,,,,,,,,,,,,,,,,,,,,,,,,,,,,,,,,,,,,,,,,,,,TN,TN
autoland,4769114,12,1a03ada32d4ae63ebeeb4561891b61c1e6e17a68,windows10-64-shippable-qr,True,False,,,102210fe594ee9b33d82058545b1ed14f4c8206e,browser-toolbox.close-process.DAMP,damp,True,damp browser-toolbox.close-process.DAMP opt e10s fission stylo webrender-sw,4768818,77,ms,firefox,,1720029274,2023-06-29 20:41:17,87.0935744693852,e37ddb3aa508e953837fbd08afec4a2aa6f7f5ed,1266342,,,,,,,,,,,,,,,,,,,,,,,,,,,,,,,,,,,,,,,,,,,,,,,,,,,,,,,,,,,,,TN,TN
autoland,4769114,12,1a03ada32d4ae63ebeeb4561891b61c1e6e17a68,windows10-64-shippable-qr,True,False,,,102210fe594ee9b33d82058545b1ed14f4c8206e,browser-toolbox.close-process.DAMP,damp,True,damp browser-toolbox.close-process.DAMP opt e10s fission stylo webrender-sw,4768818,77,ms,firefox,,1720056811,2023-06-30 01:00:02,78.11232265585568,e547d8e238568d790c74653068edac30240a95c5,1266447,,,,,,,,,,,,,,,,,,,,,,,,,,,,,,,,,,,,,,,,,,,,,,,,,,,,,,,,,,,,,TN,TN
autoland,4769114,12,1a03ada32d4ae63ebeeb4561891b61c1e6e17a68,windows10-64-shippable-qr,True,False,,,102210fe594ee9b33d82058545b1ed14f4c8206e,browser-toolbox.close-process.DAMP,damp,True,damp browser-toolbox.close-process.DAMP opt e10s fission stylo webrender-sw,4768818,77,ms,firefox,,1720168331,2023-06-30 08:19:33,77.77890417721937,9bc27d87fa29fd921612525cc37e24f0ec3ba76b,1266526,,,,,,,,,,,,,,,,,,,,,,,,,,,,,,,,,,,,,,,,,,,,,,,,,,,,,,,,,,,,,TN,TN
autoland,4769114,12,1a03ada32d4ae63ebeeb4561891b61c1e6e17a68,windows10-64-shippable-qr,True,False,,,102210fe594ee9b33d82058545b1ed14f4c8206e,browser-toolbox.close-process.DAMP,damp,True,damp browser-toolbox.close-process.DAMP opt e10s fission stylo webrender-sw,4768818,77,ms,firefox,,1720248988,2023-06-30 13:51:38,82.50087893259479,0abcd848f8218f0e2d339bbd497ac60f4a3b752c,1266633,,,,,,,,,,,,,,,,,,,,,,,,,,,,,,,,,,,,,,,,,,,,,,,,,,,,,,,,,,,,,TN,TN
autoland,4769114,12,1a03ada32d4ae63ebeeb4561891b61c1e6e17a68,windows10-64-shippable-qr,True,False,,,102210fe594ee9b33d82058545b1ed14f4c8206e,browser-toolbox.close-process.DAMP,damp,True,damp browser-toolbox.close-process.DAMP opt e10s fission stylo webrender-sw,4768818,77,ms,firefox,,1720365076,2023-07-01 00:00:49,78.01112813605141,8ee32af33954493677c04d2dad76681d20d37c02,1266825,,,,,,,,,,,,,,,,,,,,,,,,,,,,,,,,,,,,,,,,,,,,,,,,,,,,,,,,,,,,,TN,TN
autoland,4769114,12,1a03ada32d4ae63ebeeb4561891b61c1e6e17a68,windows10-64-shippable-qr,True,False,,,102210fe594ee9b33d82058545b1ed14f4c8206e,browser-toolbox.close-process.DAMP,damp,True,damp browser-toolbox.close-process.DAMP opt e10s fission stylo webrender-sw,4768818,77,ms,firefox,,1720390338,2023-07-01 02:26:01,78.45363949521561,81b43c5e095f0b0407b6d1a8d4a7f92bf7115e5e,1266845,,,,,,,,,,,,,,,,,,,,,,,,,,,,,,,,,,,,,,,,,,,,,,,,,,,,,,,,,,,,,TN,TN
autoland,4769114,12,1a03ada32d4ae63ebeeb4561891b61c1e6e17a68,windows10-64-shippable-qr,True,False,,,102210fe594ee9b33d82058545b1ed14f4c8206e,browser-toolbox.close-process.DAMP,damp,True,damp browser-toolbox.close-process.DAMP opt e10s fission stylo webrender-sw,4768818,77,ms,firefox,,1720491276,2023-07-02 04:09:27,85.53601685369358,e8ccd4d6629a5cde6dd4011e79c55630beb87376,1266929,,,,,,,,,,,,,,,,,,,,,,,,,,,,,,,,,,,,,,,,,,,,,,,,,,,,,,,,,,,,,TN,TN
autoland,4769114,12,1a03ada32d4ae63ebeeb4561891b61c1e6e17a68,windows10-64-shippable-qr,True,False,,,102210fe594ee9b33d82058545b1ed14f4c8206e,browser-toolbox.close-process.DAMP,damp,True,damp browser-toolbox.close-process.DAMP opt e10s fission stylo webrender-sw,4768818,77,ms,firefox,,1720556036,2023-07-02 10:13:29,77.90837581513915,93c2b16409e05c7d2b654d2b5356a2b7742b0d18,1266947,,,,,,,,,,,,,,,,,,,,,,,,,,,,,,,,,,,,,,,,,,,,,,,,,,,,,,,,,,,,,TN,TN
autoland,4769114,12,1a03ada32d4ae63ebeeb4561891b61c1e6e17a68,windows10-64-shippable-qr,True,False,,,102210fe594ee9b33d82058545b1ed14f4c8206e,browser-toolbox.close-process.DAMP,damp,True,damp browser-toolbox.close-process.DAMP opt e10s fission stylo webrender-sw,4768818,77,ms,firefox,,1720581058,2023-07-02 16:18:34,79.77194849011721,8a50b880c83f70597cd2951c74b7e9420d4b55c7,1266959,,,,,,,,,,,,,,,,,,,,,,,,,,,,,,,,,,,,,,,,,,,,,,,,,,,,,,,,,,,,,TN,TN
autoland,4769114,12,1a03ada32d4ae63ebeeb4561891b61c1e6e17a68,windows10-64-shippable-qr,True,False,,,102210fe594ee9b33d82058545b1ed14f4c8206e,browser-toolbox.close-process.DAMP,damp,True,damp browser-toolbox.close-process.DAMP opt e10s fission stylo webrender-sw,4768818,77,ms,firefox,,1720641689,2023-07-03 04:14:26,75.16529052561964,03b04345a888d738f358fc74595aabb1dfb2685c,1267009,,,,,,,,,,,,,,,,,,,,,,,,,,,,,,,,,,,,,,,,,,,,,,,,,,,,,,,,,,,,,TN,TN
autoland,4769114,12,1a03ada32d4ae63ebeeb4561891b61c1e6e17a68,windows10-64-shippable-qr,True,False,,,102210fe594ee9b33d82058545b1ed14f4c8206e,browser-toolbox.close-process.DAMP,damp,True,damp browser-toolbox.close-process.DAMP opt e10s fission stylo webrender-sw,4768818,77,ms,firefox,,1720736247,2023-07-03 08:58:45,83.90449768031976,3463727761e55956f8308f38f71b1654b79497ca,1267059,,,,,,,,,,,,,,,,,,,,,,,,,,,,,,,,,,,,,,,,,,,,,,,,,,,,,,,,,,,,,TN,TN
autoland,4769114,12,1a03ada32d4ae63ebeeb4561891b61c1e6e17a68,windows10-64-shippable-qr,True,False,,,102210fe594ee9b33d82058545b1ed14f4c8206e,browser-toolbox.close-process.DAMP,damp,True,damp browser-toolbox.close-process.DAMP opt e10s fission stylo webrender-sw,4768818,77,ms,firefox,,1720740840,2023-07-03 08:59:44,80.56020242407976,90c1c72030a4d515720d44706816256c0a1e30a8,1267060,,,,,,,,,,,,,,,,,,,,,,,,,,,,,,,,,,,,,,,,,,,,,,,,,,,,,,,,,,,,,TN,TN
autoland,4769114,12,1a03ada32d4ae63ebeeb4561891b61c1e6e17a68,windows10-64-shippable-qr,True,False,,,102210fe594ee9b33d82058545b1ed14f4c8206e,browser-toolbox.close-process.DAMP,damp,True,damp browser-toolbox.close-process.DAMP opt e10s fission stylo webrender-sw,4768818,77,ms,firefox,,1720767090,2023-07-03 14:20:46,78.0404452900475,9d50665254899d8431813bdc04178e6006ce6d59,1267108,,,,,,,,,,,,,,,,,,,,,,,,,,,,,,,,,,,,,,,,,,,,,,,,,,,,,,,,,,,,,TN,TN
autoland,4769114,12,1a03ada32d4ae63ebeeb4561891b61c1e6e17a68,windows10-64-shippable-qr,True,False,,,102210fe594ee9b33d82058545b1ed14f4c8206e,browser-toolbox.close-process.DAMP,damp,True,damp browser-toolbox.close-process.DAMP opt e10s fission stylo webrender-sw,4768818,77,ms,firefox,,1720842596,2023-07-04 00:08:48,78.83126121280657,a820608802f2194dfc19272bf19b7124a7349b79,1267203,,,,,,,,,,,,,,,,,,,,,,,,,,,,,,,,,,,,,,,,,,,,,,,,,,,,,,,,,,,,,TN,TN
autoland,4769114,12,1a03ada32d4ae63ebeeb4561891b61c1e6e17a68,windows10-64-shippable-qr,True,False,,,102210fe594ee9b33d82058545b1ed14f4c8206e,browser-toolbox.close-process.DAMP,damp,True,damp browser-toolbox.close-process.DAMP opt e10s fission stylo webrender-sw,4768818,77,ms,firefox,,1720891718,2023-07-04 04:57:05,83.75157951646543,b2af19e5ff82fa8850262a0693f4941570a30474,1267245,,,,,,,,,,,,,,,,,,,,,,,,,,,,,,,,,,,,,,,,,,,,,,,,,,,,,,,,,,,,,TN,TN
autoland,4769114,12,1a03ada32d4ae63ebeeb4561891b61c1e6e17a68,windows10-64-shippable-qr,True,False,,,102210fe594ee9b33d82058545b1ed14f4c8206e,browser-toolbox.close-process.DAMP,damp,True,damp browser-toolbox.close-process.DAMP opt e10s fission stylo webrender-sw,4768818,77,ms,firefox,,1720932323,2023-07-04 07:10:31,80.51354974095011,54bec48c8d6e571fdfbc0694895c371fd3fd08f9,1267272,,,,,,,,,,,,,,,,,,,,,,,,,,,,,,,,,,,,,,,,,,,,,,,,,,,,,,,,,,,,,TN,TN
autoland,4769114,12,1a03ada32d4ae63ebeeb4561891b61c1e6e17a68,windows10-64-shippable-qr,True,False,,,102210fe594ee9b33d82058545b1ed14f4c8206e,browser-toolbox.close-process.DAMP,damp,True,damp browser-toolbox.close-process.DAMP opt e10s fission stylo webrender-sw,4768818,77,ms,firefox,,1721073795,2023-07-04 11:21:51,79.31955731700873,da13368ff947a55756c871582b1b13ffb6fa001d,1267342,,,,,,,,,,,,,,,,,,,,,,,,,,,,,,,,,,,,,,,,,,,,,,,,,,,,,,,,,,,,,TN,TN
autoland,4769114,12,1a03ada32d4ae63ebeeb4561891b61c1e6e17a68,windows10-64-shippable-qr,True,False,,,102210fe594ee9b33d82058545b1ed14f4c8206e,browser-toolbox.close-process.DAMP,damp,True,damp browser-toolbox.close-process.DAMP opt e10s fission stylo webrender-sw,4768818,77,ms,firefox,,1721087936,2023-07-04 11:29:32,80.38369982311997,3aa1825bf09a37959e97ac4b5eaa3cc4b236b283,1267347,,,,,,,,,,,,,,,,,,,,,,,,,,,,,,,,,,,,,,,,,,,,,,,,,,,,,,,,,,,,,TN,TN
autoland,4769114,12,1a03ada32d4ae63ebeeb4561891b61c1e6e17a68,windows10-64-shippable-qr,True,False,,,102210fe594ee9b33d82058545b1ed14f4c8206e,browser-toolbox.close-process.DAMP,damp,True,damp browser-toolbox.close-process.DAMP opt e10s fission stylo webrender-sw,4768818,77,ms,firefox,,1721166755,2023-07-04 15:22:25,81.19450985723233,cf717d6692eb6ff08bb1d0342645c7c6c1dcf8f7,1267503,,,,,,,,,,,,,,,,,,,,,,,,,,,,,,,,,,,,,,,,,,,,,,,,,,,,,,,,,,,,,TN,TN
autoland,4769114,12,1a03ada32d4ae63ebeeb4561891b61c1e6e17a68,windows10-64-shippable-qr,True,False,,,102210fe594ee9b33d82058545b1ed14f4c8206e,browser-toolbox.close-process.DAMP,damp,True,damp browser-toolbox.close-process.DAMP opt e10s fission stylo webrender-sw,4768818,77,ms,firefox,,1721256791,2023-07-04 19:21:41,80.80798254557885,a8c47414f934fc13d47ba329f04089ab17eb2407,1267627,,,,,,,,,,,,,,,,,,,,,,,,,,,,,,,,,,,,,,,,,,,,,,,,,,,,,,,,,,,,,TN,TN
autoland,4769114,12,1a03ada32d4ae63ebeeb4561891b61c1e6e17a68,windows10-64-shippable-qr,True,False,,,102210fe594ee9b33d82058545b1ed14f4c8206e,browser-toolbox.close-process.DAMP,damp,True,damp browser-toolbox.close-process.DAMP opt e10s fission stylo webrender-sw,4768818,77,ms,firefox,,1721390461,2023-07-04 23:33:38,80.55562192585421,3639b6891b332ea6c4ffea87bb2d1139c38b781d,1267723,,,,,,,,,,,,,,,,,,,,,,,,,,,,,,,,,,,,,,,,,,,,,,,,,,,,,,,,,,,,,TN,TN
autoland,4769114,12,1a03ada32d4ae63ebeeb4561891b61c1e6e17a68,windows10-64-shippable-qr,True,False,,,102210fe594ee9b33d82058545b1ed14f4c8206e,browser-toolbox.close-process.DAMP,damp,True,damp browser-toolbox.close-process.DAMP opt e10s fission stylo webrender-sw,4768818,77,ms,firefox,,1721487007,2023-07-05 03:49:13,82.13380082418735,243ab04b37e31315f3db16a95bf6535124d9edda,1267756,,,,,,,,,,,,,,,,,,,,,,,,,,,,,,,,,,,,,,,,,,,,,,,,,,,,,,,,,,,,,TN,TN
autoland,4769114,12,1a03ada32d4ae63ebeeb4561891b61c1e6e17a68,windows10-64-shippable-qr,True,False,,,102210fe594ee9b33d82058545b1ed14f4c8206e,browser-toolbox.close-process.DAMP,damp,True,damp browser-toolbox.close-process.DAMP opt e10s fission stylo webrender-sw,4768818,77,ms,firefox,,1721553940,2023-07-05 07:58:23,80.63759690450388,9ab7ea679b12d7e209ada3534abf7baf704fe9d4,1267796,,,,,,,,,,,,,,,,,,,,,,,,,,,,,,,,,,,,,,,,,,,,,,,,,,,,,,,,,,,,,TN,TN
autoland,4769114,12,1a03ada32d4ae63ebeeb4561891b61c1e6e17a68,windows10-64-shippable-qr,True,False,,,102210fe594ee9b33d82058545b1ed14f4c8206e,browser-toolbox.close-process.DAMP,damp,True,damp browser-toolbox.close-process.DAMP opt e10s fission stylo webrender-sw,4768818,77,ms,firefox,,1721652359,2023-07-05 09:46:48,80.91327876091236,e3f62ea4e59393fe53784906952e9a1417688db1,1267838,,,,,,,,,,,,,,,,,,,,,,,,,,,,,,,,,,,,,,,,,,,,,,,,,,,,,,,,,,,,,TN,TN
autoland,4769114,12,1a03ada32d4ae63ebeeb4561891b61c1e6e17a68,windows10-64-shippable-qr,True,False,,,102210fe594ee9b33d82058545b1ed14f4c8206e,browser-toolbox.close-process.DAMP,damp,True,damp browser-toolbox.close-process.DAMP opt e10s fission stylo webrender-sw,4768818,77,ms,firefox,,1721736828,2023-07-05 14:18:53,80.52385046747804,cee4ab20ddeef57e9b72447e753e72ed2eb244cf,1267963,,,,,,,,,,,,,,,,,,,,,,,,,,,,,,,,,,,,,,,,,,,,,,,,,,,,,,,,,,,,,TN,TN
autoland,4769114,12,1a03ada32d4ae63ebeeb4561891b61c1e6e17a68,windows10-64-shippable-qr,True,False,,,102210fe594ee9b33d82058545b1ed14f4c8206e,browser-toolbox.close-process.DAMP,damp,True,damp browser-toolbox.close-process.DAMP opt e10s fission stylo webrender-sw,4768818,77,ms,firefox,,1721744277,2023-07-05 14:38:06,81.99345663446002,4613dfbe6bc2e60b1159da46db2edee3018423e1,1267976,,,,,,,,,,,,,,,,,,,,,,,,,,,,,,,,,,,,,,,,,,,,,,,,,,,,,,,,,,,,,TN,TN
autoland,4769114,12,1a03ada32d4ae63ebeeb4561891b61c1e6e17a68,windows10-64-shippable-qr,True,False,,,102210fe594ee9b33d82058545b1ed14f4c8206e,browser-toolbox.close-process.DAMP,damp,True,damp browser-toolbox.close-process.DAMP opt e10s fission stylo webrender-sw,4768818,77,ms,firefox,,1721858148,2023-07-05 18:29:49,78.7321670673955,674dc1b6026b9fc62707f0df292dfaf1ba6557f1,1268132,,,,,,,,,,,,,,,,,,,,,,,,,,,,,,,,,,,,,,,,,,,,,,,,,,,,,,,,,,,,,TN,TN
autoland,4769114,12,1a03ada32d4ae63ebeeb4561891b61c1e6e17a68,windows10-64-shippable-qr,True,False,,,102210fe594ee9b33d82058545b1ed14f4c8206e,browser-toolbox.close-process.DAMP,damp,True,damp browser-toolbox.close-process.DAMP opt e10s fission stylo webrender-sw,4768818,77,ms,firefox,,1722988728,2023-07-05 20:52:26,86.19896937794692,73ee623a68c47f911e711f01db46952c5d4d55bd,1268222,,,,,,,,,,,,,,,,,,,,,,,,,,,,,,,,,,,,,,,,,,,,,,,,,,,,,,,,,,,,,TN,TN
autoland,4769114,12,1a03ada32d4ae63ebeeb4561891b61c1e6e17a68,windows10-64-shippable-qr,True,False,,,102210fe594ee9b33d82058545b1ed14f4c8206e,browser-toolbox.close-process.DAMP,damp,True,damp browser-toolbox.close-process.DAMP opt e10s fission stylo webrender-sw,4768818,77,ms,firefox,,1722989951,2023-07-05 20:55:17,78.59329826707835,e9251e249c27a9f695341d5ba28a9a04e3ebd6a7,1268226,,,,,,,,,,,,,,,,,,,,,,,,,,,,,,,,,,,,,,,,,,,,,,,,,,,,,,,,,,,,,TN,TN
autoland,4769114,12,1a03ada32d4ae63ebeeb4561891b61c1e6e17a68,windows10-64-shippable-qr,True,False,,,102210fe594ee9b33d82058545b1ed14f4c8206e,browser-toolbox.close-process.DAMP,damp,True,damp browser-toolbox.close-process.DAMP opt e10s fission stylo webrender-sw,4768818,77,ms,firefox,,1722988671,2023-07-05 20:56:12,77.99943202141367,0f0668b2eeb544fddd48900cc975ecf764d03b2a,1268227,,,,,,,,,,,,,,,,,,,,,,,,,,,,,,,,,,,,,,,,,,,,,,,,,,,,,,,,,,,,,TN,TN
autoland,4769114,12,1a03ada32d4ae63ebeeb4561891b61c1e6e17a68,windows10-64-shippable-qr,True,False,,,102210fe594ee9b33d82058545b1ed14f4c8206e,browser-toolbox.close-process.DAMP,damp,True,damp browser-toolbox.close-process.DAMP opt e10s fission stylo webrender-sw,4768818,77,ms,firefox,,1722989017,2023-07-05 20:57:08,83.78693696632399,7e78cd8ecee6c5b404d69dc9c74be7b91ab9d3a5,1268229,,,,,,,,,,,,,,,,,,,,,,,,,,,,,,,,,,,,,,,,,,,,,,,,,,,,,,,,,,,,,TN,TN
autoland,4769114,12,1a03ada32d4ae63ebeeb4561891b61c1e6e17a68,windows10-64-shippable-qr,True,False,,,102210fe594ee9b33d82058545b1ed14f4c8206e,browser-toolbox.close-process.DAMP,damp,True,damp browser-toolbox.close-process.DAMP opt e10s fission stylo webrender-sw,4768818,77,ms,firefox,,1722989491,2023-07-05 20:58:25,84.8683970245329,548365f1d102075b3ec1ade2bf5907142e343580,1268230,,,,,,,,,,,,,,,,,,,,,,,,,,,,,,,,,,,,,,,,,,,,,,,,,,,,,,,,,,,,,TN,TN
autoland,4769114,12,1a03ada32d4ae63ebeeb4561891b61c1e6e17a68,windows10-64-shippable-qr,True,False,,,102210fe594ee9b33d82058545b1ed14f4c8206e,browser-toolbox.close-process.DAMP,damp,True,damp browser-toolbox.close-process.DAMP opt e10s fission stylo webrender-sw,4768818,77,ms,firefox,,1722989337,2023-07-05 20:59:19,77.52164481846557,a60baa68669b1d5df71edae212b893831d2aa02c,1268231,,,,,,,,,,,,,,,,,,,,,,,,,,,,,,,,,,,,,,,,,,,,,,,,,,,,,,,,,,,,,TN,TN
autoland,4769114,12,1a03ada32d4ae63ebeeb4561891b61c1e6e17a68,windows10-64-shippable-qr,True,False,,,102210fe594ee9b33d82058545b1ed14f4c8206e,browser-toolbox.close-process.DAMP,damp,True,damp browser-toolbox.close-process.DAMP opt e10s fission stylo webrender-sw,4768818,77,ms,firefox,,1722989828,2023-07-05 21:00:10,84.85835351748392,6d2d5f1d2f9d772cf23e24fb68aaaf4d8fe7466d,1268232,,,,,,,,,,,,,,,,,,,,,,,,,,,,,,,,,,,,,,,,,,,,,,,,,,,,,,,,,,,,,TN,TN
autoland,4769114,12,1a03ada32d4ae63ebeeb4561891b61c1e6e17a68,windows10-64-shippable-qr,True,False,,,102210fe594ee9b33d82058545b1ed14f4c8206e,browser-toolbox.close-process.DAMP,damp,True,damp browser-toolbox.close-process.DAMP opt e10s fission stylo webrender-sw,4768818,77,ms,firefox,,1722990992,2023-07-05 21:01:13,83.69457771611633,b5482dea9fce37f40cc9a27c2851a416b80a0ee7,1268234,,,,,,,,,,,,,,,,,,,,,,,,,,,,,,,,,,,,,,,,,,,,,,,,,,,,,,,,,,,,,TN,TN
autoland,4769114,12,1a03ada32d4ae63ebeeb4561891b61c1e6e17a68,windows10-64-shippable-qr,True,False,,,102210fe594ee9b33d82058545b1ed14f4c8206e,browser-toolbox.close-process.DAMP,damp,True,damp browser-toolbox.close-process.DAMP opt e10s fission stylo webrender-sw,4768818,77,ms,firefox,,1722990006,2023-07-05 21:02:13,85.04765184815915,0e87ff548b9093f591e1fa73577c116547bcc045,1268235,,,,,,,,,,,,,,,,,,,,,,,,,,,,,,,,,,,,,,,,,,,,,,,,,,,,,,,,,,,,,TN,TN
autoland,4769114,12,1a03ada32d4ae63ebeeb4561891b61c1e6e17a68,windows10-64-shippable-qr,True,False,,,102210fe594ee9b33d82058545b1ed14f4c8206e,browser-toolbox.close-process.DAMP,damp,True,damp browser-toolbox.close-process.DAMP opt e10s fission stylo webrender-sw,4768818,77,ms,firefox,,1721980657,2023-07-05 21:03:11,81.69632906677725,712427656ebd8d82b78a42d8e45b973aa7c220d7,1268236,,,,,,,,,,,,,,,,,,,,,,,,,,,,,,,,,,,,,,,,,,,,,,,,,,,,,,,,,,,,,TN,TN
autoland,4769114,12,1a03ada32d4ae63ebeeb4561891b61c1e6e17a68,windows10-64-shippable-qr,True,False,,,102210fe594ee9b33d82058545b1ed14f4c8206e,browser-toolbox.close-process.DAMP,damp,True,damp browser-toolbox.close-process.DAMP opt e10s fission stylo webrender-sw,4768818,77,ms,firefox,,1723190015,2023-07-05 21:43:40,78.62309194179397,47cfdb7396a28f0c4acc8961fabf86052eb1fa97,1268260,,,,,,,,,,,,,,,,,,,,,,,,,,,,,,,,,,,,,,,,,,,,,,,,,,,,,,,,,,,,,TN,TN
autoland,4769114,12,1a03ada32d4ae63ebeeb4561891b61c1e6e17a68,windows10-64-shippable-qr,True,False,,,102210fe594ee9b33d82058545b1ed14f4c8206e,browser-toolbox.close-process.DAMP,damp,True,damp browser-toolbox.close-process.DAMP opt e10s fission stylo webrender-sw,4768818,77,ms,firefox,,1723189962,2023-07-05 21:43:40,77.79605049821839,47cfdb7396a28f0c4acc8961fabf86052eb1fa97,1268260,,,,,,,,,,,,,,,,,,,,,,,,,,,,,,,,,,,,,,,,,,,,,,,,,,,,,,,,,,,,,TN,TN
autoland,4769114,12,1a03ada32d4ae63ebeeb4561891b61c1e6e17a68,windows10-64-shippable-qr,True,False,,,102210fe594ee9b33d82058545b1ed14f4c8206e,browser-toolbox.close-process.DAMP,damp,True,damp browser-toolbox.close-process.DAMP opt e10s fission stylo webrender-sw,4768818,77,ms,firefox,,1723189471,2023-07-05 21:45:59,76.98328286152537,53bc3a3d9ba18e8a8cd8d602be12646472dfcde1,1268261,,,,,,,,,,,,,,,,,,,,,,,,,,,,,,,,,,,,,,,,,,,,,,,,,,,,,,,,,,,,,TN,TN
autoland,4769114,12,1a03ada32d4ae63ebeeb4561891b61c1e6e17a68,windows10-64-shippable-qr,True,False,,,102210fe594ee9b33d82058545b1ed14f4c8206e,browser-toolbox.close-process.DAMP,damp,True,damp browser-toolbox.close-process.DAMP opt e10s fission stylo webrender-sw,4768818,77,ms,firefox,,1722989095,2023-07-05 22:32:47,79.66357521224563,e12e730ee31126f75a305775c8d9e84125f79890,1268279,,,,,,,,,,,,,,,,,,,,,,,,,,,,,,,,,,,,,,,,,,,,,,,,,,,,,,,,,,,,,TN,TN
autoland,4769114,12,1a03ada32d4ae63ebeeb4561891b61c1e6e17a68,windows10-64-shippable-qr,True,False,,,102210fe594ee9b33d82058545b1ed14f4c8206e,browser-toolbox.close-process.DAMP,damp,True,damp browser-toolbox.close-process.DAMP opt e10s fission stylo webrender-sw,4768818,77,ms,firefox,,1722988804,2023-07-05 22:35:19,77.63593858321838,9aecd29d3377bef23aa1daa28ab78722509dc019,1268281,,,,,,,,,,,,,,,,,,,,,,,,,,,,,,,,,,,,,,,,,,,,,,,,,,,,,,,,,,,,,TN,TN
autoland,4769114,12,1a03ada32d4ae63ebeeb4561891b61c1e6e17a68,windows10-64-shippable-qr,True,False,,,102210fe594ee9b33d82058545b1ed14f4c8206e,browser-toolbox.close-process.DAMP,damp,True,damp browser-toolbox.close-process.DAMP opt e10s fission stylo webrender-sw,4768818,77,ms,firefox,,1722988912,2023-07-05 22:36:28,82.26791694939675,4c734e25263096799e6eb1f430c92e69443d5144,1268282,,,,,,,,,,,,,,,,,,,,,,,,,,,,,,,,,,,,,,,,,,,,,,,,,,,,,,,,,,,,,TN,TN
autoland,4769114,12,1a03ada32d4ae63ebeeb4561891b61c1e6e17a68,windows10-64-shippable-qr,True,False,,,102210fe594ee9b33d82058545b1ed14f4c8206e,browser-toolbox.close-process.DAMP,damp,True,damp browser-toolbox.close-process.DAMP opt e10s fission stylo webrender-sw,4768818,77,ms,firefox,,1722988964,2023-07-05 22:53:13,79.51639852064545,8957a62b3ade02160943e6768e5a46441a56b3ab,1268292,,,,,,,,,,,,,,,,,,,,,,,,,,,,,,,,,,,,,,,,,,,,,,,,,,,,,,,,,,,,,TN,TN
autoland,4769114,12,1a03ada32d4ae63ebeeb4561891b61c1e6e17a68,windows10-64-shippable-qr,True,False,,,102210fe594ee9b33d82058545b1ed14f4c8206e,browser-toolbox.close-process.DAMP,damp,True,damp browser-toolbox.close-process.DAMP opt e10s fission stylo webrender-sw,4768818,77,ms,firefox,,1722989639,2023-07-05 23:13:33,75.99613200337626,11cd360b1745940041f9dac35738bbd36bdc6999,1268301,,,,,,,,,,,,,,,,,,,,,,,,,,,,,,,,,,,,,,,,,,,,,,,,,,,,,,,,,,,,,TN,TN
autoland,4769114,12,1a03ada32d4ae63ebeeb4561891b61c1e6e17a68,windows10-64-shippable-qr,True,False,,,102210fe594ee9b33d82058545b1ed14f4c8206e,browser-toolbox.close-process.DAMP,damp,True,damp browser-toolbox.close-process.DAMP opt e10s fission stylo webrender-sw,4768818,77,ms,firefox,,1722991074,2023-07-05 23:25:47,77.47304322299897,83d2865e9b1d3015c4e2c3377cdaa48efc6c413d,1268304,,,,,,,,,,,,,,,,,,,,,,,,,,,,,,,,,,,,,,,,,,,,,,,,,,,,,,,,,,,,,TN,TN
autoland,4769114,12,1a03ada32d4ae63ebeeb4561891b61c1e6e17a68,windows10-64-shippable-qr,True,False,,,102210fe594ee9b33d82058545b1ed14f4c8206e,browser-toolbox.close-process.DAMP,damp,True,damp browser-toolbox.close-process.DAMP opt e10s fission stylo webrender-sw,4768818,77,ms,firefox,,1722989150,2023-07-06 00:11:42,81.53567258208932,67bb53c9cb10a8b606a7a853694b209aaf2f580f,1268318,,,,,,,,,,,,,,,,,,,,,,,,,,,,,,,,,,,,,,,,,,,,,,,,,,,,,,,,,,,,,TN,TN
autoland,4769114,12,1a03ada32d4ae63ebeeb4561891b61c1e6e17a68,windows10-64-shippable-qr,True,False,,,102210fe594ee9b33d82058545b1ed14f4c8206e,browser-toolbox.close-process.DAMP,damp,True,damp browser-toolbox.close-process.DAMP opt e10s fission stylo webrender-sw,4768818,77,ms,firefox,,1722989243,2023-07-06 01:00:40,78.49745415968209,0e5963968c3c430828d9ddeb8a55a3d3be3b5b5b,1268347,,,,,,,,,,,,,,,,,,,,,,,,,,,,,,,,,,,,,,,,,,,,,,,,,,,,,,,,,,,,,TN,TN
autoland,4769114,12,1a03ada32d4ae63ebeeb4561891b61c1e6e17a68,windows10-64-shippable-qr,True,False,,,102210fe594ee9b33d82058545b1ed14f4c8206e,browser-toolbox.close-process.DAMP,damp,True,damp browser-toolbox.close-process.DAMP opt e10s fission stylo webrender-sw,4768818,77,ms,firefox,,1722024394,2023-07-06 01:07:34,76.94375381437567,a0647e42fb1f509d753d2baacd7858b3ee9a8821,1268349,,,,,,,,,,,,,,,,,,,,,,,,,,,,,,,,,,,,,,,,,,,,,,,,,,,,,,,,,,,,,TN,TN
autoland,4769114,12,1a03ada32d4ae63ebeeb4561891b61c1e6e17a68,windows10-64-shippable-qr,True,False,,,102210fe594ee9b33d82058545b1ed14f4c8206e,browser-toolbox.close-process.DAMP,damp,True,damp browser-toolbox.close-process.DAMP opt e10s fission stylo webrender-sw,4768818,77,ms,firefox,,1723081946,2023-07-06 01:35:43,82.2615180393077,735a904af505f8c11eb7f5b764e76d058cae4cf7,1268355,,,,,,,,,,,,,,,,,,,,,,,,,,,,,,,,,,,,,,,,,,,,,,,,,,,,,,,,,,,,,TN,TN
autoland,4769114,12,1a03ada32d4ae63ebeeb4561891b61c1e6e17a68,windows10-64-shippable-qr,True,False,,,102210fe594ee9b33d82058545b1ed14f4c8206e,browser-toolbox.close-process.DAMP,damp,True,damp browser-toolbox.close-process.DAMP opt e10s fission stylo webrender-sw,4768818,77,ms,firefox,,1723064164,2023-07-06 02:31:03,82.81880239247403,07bc853b8799270e182342be68ddcfca8acb2f28,1268376,,,,,,,,,,,,,,,,,,,,,,,,,,,,,,,,,,,,,,,,,,,,,,,,,,,,,,,,,,,,,TN,TN
autoland,4769114,12,1a03ada32d4ae63ebeeb4561891b61c1e6e17a68,windows10-64-shippable-qr,True,False,,,102210fe594ee9b33d82058545b1ed14f4c8206e,browser-toolbox.close-process.DAMP,damp,True,damp browser-toolbox.close-process.DAMP opt e10s fission stylo webrender-sw,4768818,77,ms,firefox,,1723072846,2023-07-06 02:35:37,78.90333639849632,ce5753685c87f3fbdaaee65c62d7ff1bd0f11637,1268377,,,,,,,,,,,,,,,,,,,,,,,,,,,,,,,,,,,,,,,,,,,,,,,,,,,,,,,,,,,,,TN,TN
autoland,4769114,12,1a03ada32d4ae63ebeeb4561891b61c1e6e17a68,windows10-64-shippable-qr,True,False,,,102210fe594ee9b33d82058545b1ed14f4c8206e,browser-toolbox.close-process.DAMP,damp,True,damp browser-toolbox.close-process.DAMP opt e10s fission stylo webrender-sw,4768818,77,ms,firefox,,1723070944,2023-07-06 02:36:44,79.65091869788012,c4d6ad7c5e4422f2d6de27f92bf53a776371b325,1268378,,,,,,,,,,,,,,,,,,,,,,,,,,,,,,,,,,,,,,,,,,,,,,,,,,,,,,,,,,,,,TN,TN
autoland,4769114,12,1a03ada32d4ae63ebeeb4561891b61c1e6e17a68,windows10-64-shippable-qr,True,False,,,102210fe594ee9b33d82058545b1ed14f4c8206e,browser-toolbox.close-process.DAMP,damp,True,damp browser-toolbox.close-process.DAMP opt e10s fission stylo webrender-sw,4768818,77,ms,firefox,,1722107302,2023-07-06 06:12:07,77.6419235735666,1ba8085e68676425907973397d26e7417c1c4a74,1268405,,,,,,,,,,,,,,,,,,,,,,,,,,,,,,,,,,,,,,,,,,,,,,,,,,,,,,,,,,,,,TN,TN
autoland,4769114,12,1a03ada32d4ae63ebeeb4561891b61c1e6e17a68,windows10-64-shippable-qr,True,False,,,102210fe594ee9b33d82058545b1ed14f4c8206e,browser-toolbox.close-process.DAMP,damp,True,damp browser-toolbox.close-process.DAMP opt e10s fission stylo webrender-sw,4768818,77,ms,firefox,,1723100188,2023-07-06 08:38:37,82.23261923022801,ee7f1131329d0ee922cd58cb5af42a1914ba7eae,1268462,,,,,,,,,,,,,,,,,,,,,,,,,,,,,,,,,,,,,,,,,,,,,,,,,,,,,,,,,,,,,TN,TN
autoland,4769114,12,1a03ada32d4ae63ebeeb4561891b61c1e6e17a68,windows10-64-shippable-qr,True,False,,,102210fe594ee9b33d82058545b1ed14f4c8206e,browser-toolbox.close-process.DAMP,damp,True,damp browser-toolbox.close-process.DAMP opt e10s fission stylo webrender-sw,4768818,77,ms,firefox,,1723099545,2023-07-06 09:09:45,80.82094804698863,7f7eeb9de95b067d711a77a9df4848c7651f7d43,1268476,,,,,,,,,,,,,,,,,,,,,,,,,,,,,,,,,,,,,,,,,,,,,,,,,,,,,,,,,,,,,TN,TN
autoland,4769114,12,1a03ada32d4ae63ebeeb4561891b61c1e6e17a68,windows10-64-shippable-qr,True,False,,,102210fe594ee9b33d82058545b1ed14f4c8206e,browser-toolbox.close-process.DAMP,damp,True,damp browser-toolbox.close-process.DAMP opt e10s fission stylo webrender-sw,4768818,77,ms,firefox,,1723115050,2023-07-06 09:30:42,78.0057200610645,f70bfc695c7c52b53ea439158c821b548a16f503,1268490,,,,,,,,,,,,,,,,,,,,,,,,,,,,,,,,,,,,,,,,,,,,,,,,,,,,,,,,,,,,,TN,TN
autoland,4769114,12,1a03ada32d4ae63ebeeb4561891b61c1e6e17a68,windows10-64-shippable-qr,True,False,,,102210fe594ee9b33d82058545b1ed14f4c8206e,browser-toolbox.close-process.DAMP,damp,True,damp browser-toolbox.close-process.DAMP opt e10s fission stylo webrender-sw,4768818,77,ms,firefox,,1723107995,2023-07-06 09:34:51,76.32055825722273,8ffd754b6ca1af663d23920e2837918983aba5c2,1268495,,,,,,,,,,,,,,,,,,,,,,,,,,,,,,,,,,,,,,,,,,,,,,,,,,,,,,,,,,,,,TN,TN
autoland,4769114,12,1a03ada32d4ae63ebeeb4561891b61c1e6e17a68,windows10-64-shippable-qr,True,False,,,102210fe594ee9b33d82058545b1ed14f4c8206e,browser-toolbox.close-process.DAMP,damp,True,damp browser-toolbox.close-process.DAMP opt e10s fission stylo webrender-sw,4768818,77,ms,firefox,,1723099870,2023-07-06 09:36:42,80.485587875286,c998dc3cdf05edf137114bdf57735b971c637927,1268497,,,,,,,,,,,,,,,,,,,,,,,,,,,,,,,,,,,,,,,,,,,,,,,,,,,,,,,,,,,,,TN,TN
autoland,4769114,12,1a03ada32d4ae63ebeeb4561891b61c1e6e17a68,windows10-64-shippable-qr,True,False,,,102210fe594ee9b33d82058545b1ed14f4c8206e,browser-toolbox.close-process.DAMP,damp,True,damp browser-toolbox.close-process.DAMP opt e10s fission stylo webrender-sw,4768818,77,ms,firefox,,1723082421,2023-07-06 09:40:15,82.53998811476049,42db74e5cedded42f12a6f290d82bc398eb12821,1268503,,,,,,,,,,,,,,,,,,,,,,,,,,,,,,,,,,,,,,,,,,,,,,,,,,,,,,,,,,,,,TN,TN
autoland,4769114,12,1a03ada32d4ae63ebeeb4561891b61c1e6e17a68,windows10-64-shippable-qr,True,False,,,102210fe594ee9b33d82058545b1ed14f4c8206e,browser-toolbox.close-process.DAMP,damp,True,damp browser-toolbox.close-process.DAMP opt e10s fission stylo webrender-sw,4768818,77,ms,firefox,,1723116988,2023-07-06 09:57:47,77.69544821992895,28cc1a03034a199bf97b0d1a5684777a21a60ab8,1268514,,,,,,,,,,,,,,,,,,,,,,,,,,,,,,,,,,,,,,,,,,,,,,,,,,,,,,,,,,,,,TN,TN
autoland,4769114,12,1a03ada32d4ae63ebeeb4561891b61c1e6e17a68,windows10-64-shippable-qr,True,False,,,102210fe594ee9b33d82058545b1ed14f4c8206e,browser-toolbox.close-process.DAMP,damp,True,damp browser-toolbox.close-process.DAMP opt e10s fission stylo webrender-sw,4768818,77,ms,firefox,,1723099813,2023-07-06 10:32:06,82.06775531465246,a4bcffd471cb14fd52eab7a1a4dcb4d62a0f7b6a,1268534,,,,,,,,,,,,,,,,,,,,,,,,,,,,,,,,,,,,,,,,,,,,,,,,,,,,,,,,,,,,,TN,TN
autoland,4769114,12,1a03ada32d4ae63ebeeb4561891b61c1e6e17a68,windows10-64-shippable-qr,True,False,,,102210fe594ee9b33d82058545b1ed14f4c8206e,browser-toolbox.close-process.DAMP,damp,True,damp browser-toolbox.close-process.DAMP opt e10s fission stylo webrender-sw,4768818,77,ms,firefox,,1723107862,2023-07-06 10:41:16,81.1043701582239,75b8d8d5ea21d357c0cad84cb5bef2748235b3ae,1268543,,,,,,,,,,,,,,,,,,,,,,,,,,,,,,,,,,,,,,,,,,,,,,,,,,,,,,,,,,,,,TN,TN
autoland,4769114,12,1a03ada32d4ae63ebeeb4561891b61c1e6e17a68,windows10-64-shippable-qr,True,False,,,102210fe594ee9b33d82058545b1ed14f4c8206e,browser-toolbox.close-process.DAMP,damp,True,damp browser-toolbox.close-process.DAMP opt e10s fission stylo webrender-sw,4768818,77,ms,firefox,,1722239835,2023-07-06 11:48:20,78.80560741922818,becc2fa2c186914b1a887e40e6f0e9a6643273eb,1268565,,,,,,,,,,,,,,,,,,,,,,,,,,,,,,,,,,,,,,,,,,,,,,,,,,,,,,,,,,,,,TN,TN
autoland,4769114,12,1a03ada32d4ae63ebeeb4561891b61c1e6e17a68,windows10-64-shippable-qr,True,False,,,102210fe594ee9b33d82058545b1ed14f4c8206e,browser-toolbox.close-process.DAMP,damp,True,damp browser-toolbox.close-process.DAMP opt e10s fission stylo webrender-sw,4768818,77,ms,firefox,,1722239844,2023-07-06 11:48:20,80.63066015130607,becc2fa2c186914b1a887e40e6f0e9a6643273eb,1268565,,,,,,,,,,,,,,,,,,,,,,,,,,,,,,,,,,,,,,,,,,,,,,,,,,,,,,,,,,,,,TN,TN
autoland,4769114,12,1a03ada32d4ae63ebeeb4561891b61c1e6e17a68,windows10-64-shippable-qr,True,False,,,102210fe594ee9b33d82058545b1ed14f4c8206e,browser-toolbox.close-process.DAMP,damp,True,damp browser-toolbox.close-process.DAMP opt e10s fission stylo webrender-sw,4768818,77,ms,firefox,,1722239323,2023-07-06 12:38:53,84.20296488807799,5b919b11b30bcc659d499c9290a54c3f91d96bd2,1268598,,,,,,,,,,,,,,,,,,,,,,,,,,,,,,,,,,,,,,,,,,,,,,,,,,,,,,,,,,,,,TN,TN
autoland,4769114,12,1a03ada32d4ae63ebeeb4561891b61c1e6e17a68,windows10-64-shippable-qr,True,False,,,102210fe594ee9b33d82058545b1ed14f4c8206e,browser-toolbox.close-process.DAMP,damp,True,damp browser-toolbox.close-process.DAMP opt e10s fission stylo webrender-sw,4768818,77,ms,firefox,,1722409704,2023-07-06 16:43:39,82.61081636993913,433f58fbe4180052220b584f15de1d1d6fda065a,1268777,,,,,,,,,,,,,,,,,,,,,,,,,,,,,,,,,,,,,,,,,,,,,,,,,,,,,,,,,,,,,TN,TN
autoland,4769114,12,1a03ada32d4ae63ebeeb4561891b61c1e6e17a68,windows10-64-shippable-qr,True,False,,,102210fe594ee9b33d82058545b1ed14f4c8206e,browser-toolbox.close-process.DAMP,damp,True,damp browser-toolbox.close-process.DAMP opt e10s fission stylo webrender-sw,4768818,77,ms,firefox,,1722468371,2023-07-06 18:39:07,82.66255655889108,08f072ae172f3d48b0361ca0d34ead8a0b254e60,1268845,,,,,,,,,,,,,,,,,,,,,,,,,,,,,,,,,,,,,,,,,,,,,,,,,,,,,,,,,,,,,TN,TN
autoland,4769114,12,1a03ada32d4ae63ebeeb4561891b61c1e6e17a68,windows10-64-shippable-qr,True,False,,,102210fe594ee9b33d82058545b1ed14f4c8206e,browser-toolbox.close-process.DAMP,damp,True,damp browser-toolbox.close-process.DAMP opt e10s fission stylo webrender-sw,4768818,77,ms,firefox,,1722530047,2023-07-06 20:44:41,87.66638267778762,2c6190b6ecb6ab8933a296c08e753c060a3c2e9b,1268939,,,,,,,,,,,,,,,,,,,,,,,,,,,,,,,,,,,,,,,,,,,,,,,,,,,,,,,,,,,,,TN,TN
autoland,4769114,12,1a03ada32d4ae63ebeeb4561891b61c1e6e17a68,windows10-64-shippable-qr,True,False,,,102210fe594ee9b33d82058545b1ed14f4c8206e,browser-toolbox.close-process.DAMP,damp,True,damp browser-toolbox.close-process.DAMP opt e10s fission stylo webrender-sw,4768818,77,ms,firefox,,1722649696,2023-07-07 00:51:02,79.05081945669372,acd3d81337398ace5cd75f251f18da388ed281fa,1269038,,,,,,,,,,,,,,,,,,,,,,,,,,,,,,,,,,,,,,,,,,,,,,,,,,,,,,,,,,,,,TN,TN
autoland,4769114,12,1a03ada32d4ae63ebeeb4561891b61c1e6e17a68,windows10-64-shippable-qr,True,False,,,102210fe594ee9b33d82058545b1ed14f4c8206e,browser-toolbox.close-process.DAMP,damp,True,damp browser-toolbox.close-process.DAMP opt e10s fission stylo webrender-sw,4768818,77,ms,firefox,,1722677095,2023-07-07 01:49:15,80.39519539609682,013763c5f493c6232cfa8502e7bcec4b151d9161,1269055,,,,,,,,,,,,,,,,,,,,,,,,,,,,,,,,,,,,,,,,,,,,,,,,,,,,,,,,,,,,,TN,TN
autoland,4769114,12,1a03ada32d4ae63ebeeb4561891b61c1e6e17a68,windows10-64-shippable-qr,True,False,,,102210fe594ee9b33d82058545b1ed14f4c8206e,browser-toolbox.close-process.DAMP,damp,True,damp browser-toolbox.close-process.DAMP opt e10s fission stylo webrender-sw,4768818,77,ms,firefox,,1722715740,2023-07-07 06:17:26,79.45931443891823,e4d87ff75575880ea0c0fa09b316e360e4d9492f,1269097,,,,,,,,,,,,,,,,,,,,,,,,,,,,,,,,,,,,,,,,,,,,,,,,,,,,,,,,,,,,,TN,TN
autoland,4769114,12,1a03ada32d4ae63ebeeb4561891b61c1e6e17a68,windows10-64-shippable-qr,True,False,,,102210fe594ee9b33d82058545b1ed14f4c8206e,browser-toolbox.close-process.DAMP,damp,True,damp browser-toolbox.close-process.DAMP opt e10s fission stylo webrender-sw,4768818,77,ms,firefox,,1722831196,2023-07-07 10:08:37,87.69537496668636,3a88b97290a0fe46c6fbfcf6dacd91c6b6900aeb,1269195,,,,,,,,,,,,,,,,,,,,,,,,,,,,,,,,,,,,,,,,,,,,,,,,,,,,,,,,,,,,,TN,TN
autoland,4769114,12,1a03ada32d4ae63ebeeb4561891b61c1e6e17a68,windows10-64-shippable-qr,True,False,,,102210fe594ee9b33d82058545b1ed14f4c8206e,browser-toolbox.close-process.DAMP,damp,True,damp browser-toolbox.close-process.DAMP opt e10s fission stylo webrender-sw,4768818,77,ms,firefox,,1722916801,2023-07-07 14:06:48,78.60236073321721,fb62b8660fcaa40ecb0be50aa61ba8005dcbba27,1269286,,,,,,,,,,,,,,,,,,,,,,,,,,,,,,,,,,,,,,,,,,,,,,,,,,,,,,,,,,,,,TN,TN
autoland,4769114,12,1a03ada32d4ae63ebeeb4561891b61c1e6e17a68,windows10-64-shippable-qr,True,False,,,102210fe594ee9b33d82058545b1ed14f4c8206e,browser-toolbox.close-process.DAMP,damp,True,damp browser-toolbox.close-process.DAMP opt e10s fission stylo webrender-sw,4768818,77,ms,firefox,,1722975271,2023-07-07 16:51:44,81.31352419077302,43977d30a10af8e193044a9aa578f2bc8b33edf7,1269420,,,,,,,,,,,,,,,,,,,,,,,,,,,,,,,,,,,,,,,,,,,,,,,,,,,,,,,,,,,,,TN,TN
autoland,4769114,12,1a03ada32d4ae63ebeeb4561891b61c1e6e17a68,windows10-64-shippable-qr,True,False,,,102210fe594ee9b33d82058545b1ed14f4c8206e,browser-toolbox.close-process.DAMP,damp,True,damp browser-toolbox.close-process.DAMP opt e10s fission stylo webrender-sw,4768818,77,ms,firefox,,1723217314,2023-07-08 02:51:52,75.80349027043849,d2be18e8ce8cd63eaddb8f012d582a2863075164,1269678,,,,,,,,,,,,,,,,,,,,,,,,,,,,,,,,,,,,,,,,,,,,,,,,,,,,,,,,,,,,,TN,TN
autoland,4769114,12,1a03ada32d4ae63ebeeb4561891b61c1e6e17a68,windows10-64-shippable-qr,True,False,,,102210fe594ee9b33d82058545b1ed14f4c8206e,browser-toolbox.close-process.DAMP,damp,True,damp browser-toolbox.close-process.DAMP opt e10s fission stylo webrender-sw,4768818,77,ms,firefox,,1723253636,2023-07-08 06:55:09,80.21740926149141,ef7d9ea0c3f751e7c525a136923c9c404c297b1f,1269687,,,,,,,,,,,,,,,,,,,,,,,,,,,,,,,,,,,,,,,,,,,,,,,,,,,,,,,,,,,,,TN,TN
autoland,4769114,12,1a03ada32d4ae63ebeeb4561891b61c1e6e17a68,windows10-64-shippable-qr,True,False,,,102210fe594ee9b33d82058545b1ed14f4c8206e,browser-toolbox.close-process.DAMP,damp,True,damp browser-toolbox.close-process.DAMP opt e10s fission stylo webrender-sw,4768818,77,ms,firefox,,1723378270,2023-07-08 13:13:32,82.30913614498422,ee68eebc7bfd59157569f7de331974b06e765482,1269721,,,,,,,,,,,,,,,,,,,,,,,,,,,,,,,,,,,,,,,,,,,,,,,,,,,,,,,,,,,,,TN,TN
autoland,4769114,12,1a03ada32d4ae63ebeeb4561891b61c1e6e17a68,windows10-64-shippable-qr,True,False,,,102210fe594ee9b33d82058545b1ed14f4c8206e,browser-toolbox.close-process.DAMP,damp,True,damp browser-toolbox.close-process.DAMP opt e10s fission stylo webrender-sw,4768818,77,ms,firefox,,1723368298,2023-07-08 13:22:34,82.02801800055022,3809d32977a2db97fd06c8fd3214256dc18af9a0,1269723,,,,,,,,,,,,,,,,,,,,,,,,,,,,,,,,,,,,,,,,,,,,,,,,,,,,,,,,,,,,,TN,TN
autoland,4769114,12,1a03ada32d4ae63ebeeb4561891b61c1e6e17a68,windows10-64-shippable-qr,True,False,,,102210fe594ee9b33d82058545b1ed14f4c8206e,browser-toolbox.close-process.DAMP,damp,True,damp browser-toolbox.close-process.DAMP opt e10s fission stylo webrender-sw,4768818,77,ms,firefox,,1724879656,2023-07-08 16:24:45,82.20203953736927,da128472125a087c624ce6b26aeb9fde6707cbe3,1269746,,,,,,,,,,,,,,,,,,,,,,,,,,,,,,,,,,,,,,,,,,,,,,,,,,,,,,,,,,,,,TN,TN
autoland,4769114,12,1a03ada32d4ae63ebeeb4561891b61c1e6e17a68,windows10-64-shippable-qr,True,False,,,102210fe594ee9b33d82058545b1ed14f4c8206e,browser-toolbox.close-process.DAMP,damp,True,damp browser-toolbox.close-process.DAMP opt e10s fission stylo webrender-sw,4768818,77,ms,firefox,,1723436934,2023-07-08 18:13:28,77.43554945100914,3b3b41fc7f1dad97415448fb4652eb636903a02a,1269751,,,,,,,,,,,,,,,,,,,,,,,,,,,,,,,,,,,,,,,,,,,,,,,,,,,,,,,,,,,,,TN,TN
autoland,4769114,12,1a03ada32d4ae63ebeeb4561891b61c1e6e17a68,windows10-64-shippable-qr,True,False,,,102210fe594ee9b33d82058545b1ed14f4c8206e,browser-toolbox.close-process.DAMP,damp,True,damp browser-toolbox.close-process.DAMP opt e10s fission stylo webrender-sw,4768818,77,ms,firefox,,1724882601,2023-07-08 18:58:23,80.42784760697396,3b045ca4cc9372f15dd423dcfb6b4af9db4819d0,1269754,,,,,,,,,,,,,,,,,,,,,,,,,,,,,,,,,,,,,,,,,,,,,,,,,,,,,,,,,,,,,TN,TN
autoland,4769114,12,1a03ada32d4ae63ebeeb4561891b61c1e6e17a68,windows10-64-shippable-qr,True,False,,,102210fe594ee9b33d82058545b1ed14f4c8206e,browser-toolbox.close-process.DAMP,damp,True,damp browser-toolbox.close-process.DAMP opt e10s fission stylo webrender-sw,4768818,77,ms,firefox,,1723481473,2023-07-08 22:36:06,77.35559825248492,47c72d2828f6f406fbe77758e1ae8cd7837af977,1269766,,,,,,,,,,,,,,,,,,,,,,,,,,,,,,,,,,,,,,,,,,,,,,,,,,,,,,,,,,,,,TN,TN
autoland,4769114,12,1a03ada32d4ae63ebeeb4561891b61c1e6e17a68,windows10-64-shippable-qr,True,False,,,102210fe594ee9b33d82058545b1ed14f4c8206e,browser-toolbox.close-process.DAMP,damp,True,damp browser-toolbox.close-process.DAMP opt e10s fission stylo webrender-sw,4768818,77,ms,firefox,,1724884289,2023-07-09 01:25:29,84.02126093073457,087a1c95dc7cef612840e4d2d6572a20ad26388f,1269790,,,,,,,,,,,,,,,,,,,,,,,,,,,,,,,,,,,,,,,,,,,,,,,,,,,,,,,,,,,,,TN,TN
autoland,4769114,12,1a03ada32d4ae63ebeeb4561891b61c1e6e17a68,windows10-64-shippable-qr,True,False,,,102210fe594ee9b33d82058545b1ed14f4c8206e,browser-toolbox.close-process.DAMP,damp,True,damp browser-toolbox.close-process.DAMP opt e10s fission stylo webrender-sw,4768818,77,ms,firefox,,1724884040,2023-07-09 02:32:53,81.9632765854767,333a76ab5553afe0ed571fbc91c733634c2616c3,1269799,,,,,,,,,,,,,,,,,,,,,,,,,,,,,,,,,,,,,,,,,,,,,,,,,,,,,,,,,,,,,TN,TN
autoland,4769114,12,1a03ada32d4ae63ebeeb4561891b61c1e6e17a68,windows10-64-shippable-qr,True,False,,,102210fe594ee9b33d82058545b1ed14f4c8206e,browser-toolbox.close-process.DAMP,damp,True,damp browser-toolbox.close-process.DAMP opt e10s fission stylo webrender-sw,4768818,77,ms,firefox,,1723520362,2023-07-09 03:04:33,82.70138386607869,2ac0f03815253b96c145a52b1762ed04c50f079d,1269805,,,,,,,,,,,,,,,,,,,,,,,,,,,,,,,,,,,,,,,,,,,,,,,,,,,,,,,,,,,,,TN,TN
autoland,4769114,12,1a03ada32d4ae63ebeeb4561891b61c1e6e17a68,windows10-64-shippable-qr,True,False,,,102210fe594ee9b33d82058545b1ed14f4c8206e,browser-toolbox.close-process.DAMP,damp,True,damp browser-toolbox.close-process.DAMP opt e10s fission stylo webrender-sw,4768818,77,ms,firefox,,1724845834,2023-07-09 03:05:24,77.39407745806966,87f35bfe2247c1dface09d2c1f0f9c6ec6ab2bfa,1269806,,,,,,,,,,,,,,,,,,,,,,,,,,,,,,,,,,,,,,,,,,,,,,,,,,,,,,,,,,,,,TN,TN
autoland,4769114,12,1a03ada32d4ae63ebeeb4561891b61c1e6e17a68,windows10-64-shippable-qr,True,False,,,102210fe594ee9b33d82058545b1ed14f4c8206e,browser-toolbox.close-process.DAMP,damp,True,damp browser-toolbox.close-process.DAMP opt e10s fission stylo webrender-sw,4768818,77,ms,firefox,,1723586657,2023-07-09 11:37:17,77.19043323119695,60d4eb46c8b40ab0cd000c9ef298c63c45539be7,1269836,,,,,,,,,,,,,,,,,,,,,,,,,,,,,,,,,,,,,,,,,,,,,,,,,,,,,,,,,,,,,TN,TN
autoland,4769114,12,1a03ada32d4ae63ebeeb4561891b61c1e6e17a68,windows10-64-shippable-qr,True,False,,,102210fe594ee9b33d82058545b1ed14f4c8206e,browser-toolbox.close-process.DAMP,damp,True,damp browser-toolbox.close-process.DAMP opt e10s fission stylo webrender-sw,4768818,77,ms,firefox,,1724906345,2023-07-09 13:27:19,82.27332429484522,29f82336c7369545ebe624193760000508c1e376,1269842,,,,,,,,,,,,,,,,,,,,,,,,,,,,,,,,,,,,,,,,,,,,,,,,,,,,,,,,,,,,,TN,TN
autoland,4769114,12,1a03ada32d4ae63ebeeb4561891b61c1e6e17a68,windows10-64-shippable-qr,True,False,,,102210fe594ee9b33d82058545b1ed14f4c8206e,browser-toolbox.close-process.DAMP,damp,True,damp browser-toolbox.close-process.DAMP opt e10s fission stylo webrender-sw,4768818,77,ms,firefox,,1724882390,2023-07-09 13:30:05,83.06100589688867,81a8d3044a47be1a0b178dd78c3e970e80da1159,1269843,,,,,,,,,,,,,,,,,,,,,,,,,,,,,,,,,,,,,,,,,,,,,,,,,,,,,,,,,,,,,TN,TN
autoland,4769114,12,1a03ada32d4ae63ebeeb4561891b61c1e6e17a68,windows10-64-shippable-qr,True,False,,,102210fe594ee9b33d82058545b1ed14f4c8206e,browser-toolbox.close-process.DAMP,damp,True,damp browser-toolbox.close-process.DAMP opt e10s fission stylo webrender-sw,4768818,77,ms,firefox,,1724892261,2023-07-09 13:38:50,84.70523663092172,717eac481650ffea55fccb9b9e0c2a6c91f9b889,1269845,,,,,,,,,,,,,,,,,,,,,,,,,,,,,,,,,,,,,,,,,,,,,,,,,,,,,,,,,,,,,TN,TN
autoland,4769114,12,1a03ada32d4ae63ebeeb4561891b61c1e6e17a68,windows10-64-shippable-qr,True,False,,,102210fe594ee9b33d82058545b1ed14f4c8206e,browser-toolbox.close-process.DAMP,damp,True,damp browser-toolbox.close-process.DAMP opt e10s fission stylo webrender-sw,4768818,77,ms,firefox,,1724880603,2023-07-09 15:00:45,83.95609631884872,fe18ae133d3b04287fd1cbfb4c498266372d90f8,1269851,,,,,,,,,,,,,,,,,,,,,,,,,,,,,,,,,,,,,,,,,,,,,,,,,,,,,,,,,,,,,TN,TN
autoland,4769114,12,1a03ada32d4ae63ebeeb4561891b61c1e6e17a68,windows10-64-shippable-qr,True,False,,,102210fe594ee9b33d82058545b1ed14f4c8206e,browser-toolbox.close-process.DAMP,damp,True,damp browser-toolbox.close-process.DAMP opt e10s fission stylo webrender-sw,4768818,77,ms,firefox,,1723636482,2023-07-09 16:14:27,77.85766119645632,38657e8c266f862cee349b298d0679f6617a8a63,1269855,,,,,,,,,,,,,,,,,,,,,,,,,,,,,,,,,,,,,,,,,,,,,,,,,,,,,,,,,,,,,TN,TN
autoland,4769114,12,1a03ada32d4ae63ebeeb4561891b61c1e6e17a68,windows10-64-shippable-qr,True,False,,,102210fe594ee9b33d82058545b1ed14f4c8206e,browser-toolbox.close-process.DAMP,damp,True,damp browser-toolbox.close-process.DAMP opt e10s fission stylo webrender-sw,4768818,77,ms,firefox,,1724878946,2023-07-09 16:43:34,79.78358105024745,ab4dc901e7df1f501a90e33bef0549e7a9272562,1269859,,,,,,,,,,,,,,,,,,,,,,,,,,,,,,,,,,,,,,,,,,,,,,,,,,,,,,,,,,,,,TN,TN
autoland,4769114,12,1a03ada32d4ae63ebeeb4561891b61c1e6e17a68,windows10-64-shippable-qr,True,False,,,102210fe594ee9b33d82058545b1ed14f4c8206e,browser-toolbox.close-process.DAMP,damp,True,damp browser-toolbox.close-process.DAMP opt e10s fission stylo webrender-sw,4768818,77,ms,firefox,,1724880841,2023-07-09 17:34:20,82.1681633567132,ecb86cb403abb5da584dda714f6c8c58d40cf637,1269868,,,,,,,,,,,,,,,,,,,,,,,,,,,,,,,,,,,,,,,,,,,,,,,,,,,,,,,,,,,,,TN,TN
autoland,4769114,12,1a03ada32d4ae63ebeeb4561891b61c1e6e17a68,windows10-64-shippable-qr,True,False,,,102210fe594ee9b33d82058545b1ed14f4c8206e,browser-toolbox.close-process.DAMP,damp,True,damp browser-toolbox.close-process.DAMP opt e10s fission stylo webrender-sw,4768818,77,ms,firefox,,1723665523,2023-07-09 17:38:49,87.02288877761748,91d2d276f13316b73f0fed743d543009fcfade03,1269870,,,,,,,,,,,,,,,,,,,,,,,,,,,,,,,,,,,,,,,,,,,,,,,,,,,,,,,,,,,,,TN,TN
autoland,4769114,12,1a03ada32d4ae63ebeeb4561891b61c1e6e17a68,windows10-64-shippable-qr,True,False,,,102210fe594ee9b33d82058545b1ed14f4c8206e,browser-toolbox.close-process.DAMP,damp,True,damp browser-toolbox.close-process.DAMP opt e10s fission stylo webrender-sw,4768818,77,ms,firefox,,1724878914,2023-07-09 19:01:24,82.55350057754549,7ee7a90da78a4b47b4451af486136785ba2ae4d7,1269886,,,,,,,,,,,,,,,,,,,,,,,,,,,,,,,,,,,,,,,,,,,,,,,,,,,,,,,,,,,,,TN,TN
autoland,4769114,12,1a03ada32d4ae63ebeeb4561891b61c1e6e17a68,windows10-64-shippable-qr,True,False,,,102210fe594ee9b33d82058545b1ed14f4c8206e,browser-toolbox.close-process.DAMP,damp,True,damp browser-toolbox.close-process.DAMP opt e10s fission stylo webrender-sw,4768818,77,ms,firefox,,1724892338,2023-07-09 19:12:36,83.89838231867179,50d6377ff8405735fc0da09d10a1936d6cff8162,1269890,,,,,,,,,,,,,,,,,,,,,,,,,,,,,,,,,,,,,,,,,,,,,,,,,,,,,,,,,,,,,TN,TN
autoland,4769114,12,1a03ada32d4ae63ebeeb4561891b61c1e6e17a68,windows10-64-shippable-qr,True,False,,,102210fe594ee9b33d82058545b1ed14f4c8206e,browser-toolbox.close-process.DAMP,damp,True,damp browser-toolbox.close-process.DAMP opt e10s fission stylo webrender-sw,4768818,77,ms,firefox,,1724879411,2023-07-09 20:39:54,80.73370977854938,c3e0fa67109b8ca34a940c559ae264b3994b4802,1269906,,,,,,,,,,,,,,,,,,,,,,,,,,,,,,,,,,,,,,,,,,,,,,,,,,,,,,,,,,,,,TN,TN
autoland,4769114,12,1a03ada32d4ae63ebeeb4561891b61c1e6e17a68,windows10-64-shippable-qr,True,False,,,102210fe594ee9b33d82058545b1ed14f4c8206e,browser-toolbox.close-process.DAMP,damp,True,damp browser-toolbox.close-process.DAMP opt e10s fission stylo webrender-sw,4768818,77,ms,firefox,,1724881963,2023-07-09 21:06:41,80.82741092666038,d3ca9e70625b68d1bdb7104ba89fbf39209afb2b,1269909,,,,,,,,,,,,,,,,,,,,,,,,,,,,,,,,,,,,,,,,,,,,,,,,,,,,,,,,,,,,,TN,TN
autoland,4769114,12,1a03ada32d4ae63ebeeb4561891b61c1e6e17a68,windows10-64-shippable-qr,True,False,,,102210fe594ee9b33d82058545b1ed14f4c8206e,browser-toolbox.close-process.DAMP,damp,True,damp browser-toolbox.close-process.DAMP opt e10s fission stylo webrender-sw,4768818,77,ms,firefox,,1724879167,2023-07-09 21:28:36,82.28586720297608,a83043c7ab51233d38f3f65704de87aa3db3feac,1269916,,,,,,,,,,,,,,,,,,,,,,,,,,,,,,,,,,,,,,,,,,,,,,,,,,,,,,,,,,,,,TN,TN
autoland,4769114,12,1a03ada32d4ae63ebeeb4561891b61c1e6e17a68,windows10-64-shippable-qr,True,False,,,102210fe594ee9b33d82058545b1ed14f4c8206e,browser-toolbox.close-process.DAMP,damp,True,damp browser-toolbox.close-process.DAMP opt e10s fission stylo webrender-sw,4768818,77,ms,firefox,,1723720123,2023-07-09 22:03:27,79.36226743289444,5497748101b60ab9149d6616e70cabc4c11c6cb5,1269918,,,,,,,,,,,,,,,,,,,,,,,,,,,,,,,,,,,,,,,,,,,,,,,,,,,,,,,,,,,,,TN,TN
autoland,4769114,12,1a03ada32d4ae63ebeeb4561891b61c1e6e17a68,windows10-64-shippable-qr,True,False,,,102210fe594ee9b33d82058545b1ed14f4c8206e,browser-toolbox.close-process.DAMP,damp,True,damp browser-toolbox.close-process.DAMP opt e10s fission stylo webrender-sw,4768818,77,ms,firefox,,1723841921,2023-07-10 02:33:11,81.64922512306657,aaa3698312c56a08a7b405178ee462fe3c2a30e7,1269963,,,,,,,,,,,,,,,,,,,,,,,,,,,,,,,,,,,,,,,,,,,,,,,,,,,,,,,,,,,,,TN,TN
autoland,4769114,12,1a03ada32d4ae63ebeeb4561891b61c1e6e17a68,windows10-64-shippable-qr,True,False,,,102210fe594ee9b33d82058545b1ed14f4c8206e,browser-toolbox.close-process.DAMP,damp,True,damp browser-toolbox.close-process.DAMP opt e10s fission stylo webrender-sw,4768818,77,ms,firefox,,1723923547,2023-07-10 08:51:48,78.30635438809986,7313b6429e48b58bd38ab3be47999be475f2ba6b,1270053,,,,,,,,,,,,,,,,,,,,,,,,,,,,,,,,,,,,,,,,,,,,,,,,,,,,,,,,,,,,,TN,TN
autoland,4769114,12,1a03ada32d4ae63ebeeb4561891b61c1e6e17a68,windows10-64-shippable-qr,True,False,,,102210fe594ee9b33d82058545b1ed14f4c8206e,browser-toolbox.close-process.DAMP,damp,True,damp browser-toolbox.close-process.DAMP opt e10s fission stylo webrender-sw,4768818,77,ms,firefox,,1724020834,2023-07-10 13:07:04,80.6693959694021,70fb59178ff21c468afeb592869c28371401db6a,1270176,,,,,,,,,,,,,,,,,,,,,,,,,,,,,,,,,,,,,,,,,,,,,,,,,,,,,,,,,,,,,TN,TN
autoland,4769114,12,1a03ada32d4ae63ebeeb4561891b61c1e6e17a68,windows10-64-shippable-qr,True,False,,,102210fe594ee9b33d82058545b1ed14f4c8206e,browser-toolbox.close-process.DAMP,damp,True,damp browser-toolbox.close-process.DAMP opt e10s fission stylo webrender-sw,4768818,77,ms,firefox,,1724082963,2023-07-10 14:01:57,80.49132977571571,e31033710cfe590d9e7deda75757f71ddef34207,1270199,,,,,,,,,,,,,,,,,,,,,,,,,,,,,,,,,,,,,,,,,,,,,,,,,,,,,,,,,,,,,TN,TN
autoland,4769114,12,1a03ada32d4ae63ebeeb4561891b61c1e6e17a68,windows10-64-shippable-qr,True,False,,,102210fe594ee9b33d82058545b1ed14f4c8206e,browser-toolbox.close-process.DAMP,damp,True,damp browser-toolbox.close-process.DAMP opt e10s fission stylo webrender-sw,4768818,77,ms,firefox,,1724220805,2023-07-10 18:14:55,80.26323649128608,1c909f267af625b4c370b6735113e1cafc94bbad,1270330,,,,,,,,,,,,,,,,,,,,,,,,,,,,,,,,,,,,,,,,,,,,,,,,,,,,,,,,,,,,,TN,TN
autoland,4769114,12,1a03ada32d4ae63ebeeb4561891b61c1e6e17a68,windows10-64-shippable-qr,True,False,,,102210fe594ee9b33d82058545b1ed14f4c8206e,browser-toolbox.close-process.DAMP,damp,True,damp browser-toolbox.close-process.DAMP opt e10s fission stylo webrender-sw,4768818,77,ms,firefox,,1724277588,2023-07-10 19:48:56,78.82306921416966,923b28f88778b9de2f2a694c75dcb313148c0fc5,1270385,,,,,,,,,,,,,,,,,,,,,,,,,,,,,,,,,,,,,,,,,,,,,,,,,,,,,,,,,,,,,TN,TN
autoland,4769114,12,1a03ada32d4ae63ebeeb4561891b61c1e6e17a68,windows10-64-shippable-qr,True,False,,,102210fe594ee9b33d82058545b1ed14f4c8206e,browser-toolbox.close-process.DAMP,damp,True,damp browser-toolbox.close-process.DAMP opt e10s fission stylo webrender-sw,4768818,77,ms,firefox,,1724356937,2023-07-11 01:42:54,77.34875933764852,b6a3e16c65e1298418f1aaf966dd3071d644075b,1270560,,,,,,,,,,,,,,,,,,,,,,,,,,,,,,,,,,,,,,,,,,,,,,,,,,,,,,,,,,,,,TN,TN
autoland,4769114,12,1a03ada32d4ae63ebeeb4561891b61c1e6e17a68,windows10-64-shippable-qr,True,False,,,102210fe594ee9b33d82058545b1ed14f4c8206e,browser-toolbox.close-process.DAMP,damp,True,damp browser-toolbox.close-process.DAMP opt e10s fission stylo webrender-sw,4768818,77,ms,firefox,,1724539513,2023-07-11 08:55:46,79.15803378514829,6f3d3f416c953a7c5f64b907c4afb5906a1868a3,1270644,,,,,,,,,,,,,,,,,,,,,,,,,,,,,,,,,,,,,,,,,,,,,,,,,,,,,,,,,,,,,TN,TN
autoland,4769114,12,1a03ada32d4ae63ebeeb4561891b61c1e6e17a68,windows10-64-shippable-qr,True,False,,,102210fe594ee9b33d82058545b1ed14f4c8206e,browser-toolbox.close-process.DAMP,damp,True,damp browser-toolbox.close-process.DAMP opt e10s fission stylo webrender-sw,4768818,77,ms,firefox,,1724607819,2023-07-11 13:33:02,75.4680014145124,0c47c1159e0a060ee709f9f8f854bfad27f86c85,1270792,,,,,,,,,,,,,,,,,,,,,,,,,,,,,,,,,,,,,,,,,,,,,,,,,,,,,,,,,,,,,TN,TN
autoland,4769114,12,1a03ada32d4ae63ebeeb4561891b61c1e6e17a68,windows10-64-shippable-qr,True,False,,,102210fe594ee9b33d82058545b1ed14f4c8206e,browser-toolbox.close-process.DAMP,damp,True,damp browser-toolbox.close-process.DAMP opt e10s fission stylo webrender-sw,4768818,77,ms,firefox,,1724656582,2023-07-11 14:06:52,81.60223259342456,3100a08eeee126bc592700ba015d42a4eeabd552,1270802,,,,,,,,,,,,,,,,,,,,,,,,,,,,,,,,,,,,,,,,,,,,,,,,,,,,,,,,,,,,,TN,TN
autoland,4769114,12,1a03ada32d4ae63ebeeb4561891b61c1e6e17a68,windows10-64-shippable-qr,True,False,,,102210fe594ee9b33d82058545b1ed14f4c8206e,browser-toolbox.close-process.DAMP,damp,True,damp browser-toolbox.close-process.DAMP opt e10s fission stylo webrender-sw,4768818,77,ms,firefox,,1724813568,2023-07-11 18:36:01,79.89644624030916,87db7bb709335405232188624e8b3fa9990fd678,1270977,,,,,,,,,,,,,,,,,,,,,,,,,,,,,,,,,,,,,,,,,,,,,,,,,,,,,,,,,,,,,TN,TN
autoland,4769114,12,1a03ada32d4ae63ebeeb4561891b61c1e6e17a68,windows10-64-shippable-qr,True,False,,,102210fe594ee9b33d82058545b1ed14f4c8206e,browser-toolbox.close-process.DAMP,damp,True,damp browser-toolbox.close-process.DAMP opt e10s fission stylo webrender-sw,4768818,77,ms,firefox,,1724885510,2023-07-11 22:00:07,81.55538640609302,799309422d5f66cd280bc2aa8f49a203faaf670f,1271127,,,,,,,,,,,,,,,,,,,,,,,,,,,,,,,,,,,,,,,,,,,,,,,,,,,,,,,,,,,,,TN,TN
autoland,4769114,12,1a03ada32d4ae63ebeeb4561891b61c1e6e17a68,windows10-64-shippable-qr,True,False,,,102210fe594ee9b33d82058545b1ed14f4c8206e,browser-toolbox.close-process.DAMP,damp,True,damp browser-toolbox.close-process.DAMP opt e10s fission stylo webrender-sw,4768818,77,ms,firefox,,1724963220,2023-07-12 03:43:13,80.33041822640371,409794f954d9150f8da58e49d75898a655aca25d,1271221,,,,,,,,,,,,,,,,,,,,,,,,,,,,,,,,,,,,,,,,,,,,,,,,,,,,,,,,,,,,,TN,TN
autoland,4769114,12,1a03ada32d4ae63ebeeb4561891b61c1e6e17a68,windows10-64-shippable-qr,True,False,,,102210fe594ee9b33d82058545b1ed14f4c8206e,browser-toolbox.close-process.DAMP,damp,True,damp browser-toolbox.close-process.DAMP opt e10s fission stylo webrender-sw,4768818,77,ms,firefox,,1725016270,2023-07-12 07:41:52,75.6922930937144,3df39b644daab1c941ea8f68e6f1e1018058b95e,1271289,,,,,,,,,,,,,,,,,,,,,,,,,,,,,,,,,,,,,,,,,,,,,,,,,,,,,,,,,,,,,TN,TN
autoland,4769114,12,1a03ada32d4ae63ebeeb4561891b61c1e6e17a68,windows10-64-shippable-qr,True,False,,,102210fe594ee9b33d82058545b1ed14f4c8206e,browser-toolbox.close-process.DAMP,damp,True,damp browser-toolbox.close-process.DAMP opt e10s fission stylo webrender-sw,4768818,77,ms,firefox,,1725126713,2023-07-12 11:57:10,75.56457280676113,323cd57deb4d5a322c892f49b9141687d7561c0b,1271397,,,,,,,,,,,,,,,,,,,,,,,,,,,,,,,,,,,,,,,,,,,,,,,,,,,,,,,,,,,,,TN,TN
autoland,4769114,12,1a03ada32d4ae63ebeeb4561891b61c1e6e17a68,windows10-64-shippable-qr,True,False,,,102210fe594ee9b33d82058545b1ed14f4c8206e,browser-toolbox.close-process.DAMP,damp,True,damp browser-toolbox.close-process.DAMP opt e10s fission stylo webrender-sw,4768818,77,ms,firefox,,1725185264,2023-07-12 14:40:04,81.42356844433743,09a138b12b3b18e85b4234788a6f92fa756908af,1271467,,,,,,,,,,,,,,,,,,,,,,,,,,,,,,,,,,,,,,,,,,,,,,,,,,,,,,,,,,,,,TN,TN
autoland,4769114,12,1a03ada32d4ae63ebeeb4561891b61c1e6e17a68,windows10-64-shippable-qr,True,False,,,102210fe594ee9b33d82058545b1ed14f4c8206e,browser-toolbox.close-process.DAMP,damp,True,damp browser-toolbox.close-process.DAMP opt e10s fission stylo webrender-sw,4768818,77,ms,firefox,,1725274500,2023-07-12 19:44:39,76.06038450461347,5af60a4168846b5be7576faecbb5050fa6d965cf,1271665,,,,,,,,,,,,,,,,,,,,,,,,,,,,,,,,,,,,,,,,,,,,,,,,,,,,,,,,,,,,,TN,TN
autoland,4769114,12,1a03ada32d4ae63ebeeb4561891b61c1e6e17a68,windows10-64-shippable-qr,True,False,,,102210fe594ee9b33d82058545b1ed14f4c8206e,browser-toolbox.close-process.DAMP,damp,True,damp browser-toolbox.close-process.DAMP opt e10s fission stylo webrender-sw,4768818,77,ms,firefox,,1725342848,2023-07-12 23:52:09,77.97334664076334,48bcd4c43c3e833bc33696496138c36bdddef23d,1271821,,,,,,,,,,,,,,,,,,,,,,,,,,,,,,,,,,,,,,,,,,,,,,,,,,,,,,,,,,,,,TN,TN
autoland,4769114,12,1a03ada32d4ae63ebeeb4561891b61c1e6e17a68,windows10-64-shippable-qr,True,False,,,102210fe594ee9b33d82058545b1ed14f4c8206e,browser-toolbox.close-process.DAMP,damp,True,damp browser-toolbox.close-process.DAMP opt e10s fission stylo webrender-sw,4768818,77,ms,firefox,,1725391690,2023-07-13 04:00:14,75.21451950326446,0724fde82b2fe250010f13a500b6c525eaf3abb5,1271916,,,,,,,,,,,,,,,,,,,,,,,,,,,,,,,,,,,,,,,,,,,,,,,,,,,,,,,,,,,,,TN,TN
autoland,4769114,12,1a03ada32d4ae63ebeeb4561891b61c1e6e17a68,windows10-64-shippable-qr,True,False,,,102210fe594ee9b33d82058545b1ed14f4c8206e,browser-toolbox.close-process.DAMP,damp,True,damp browser-toolbox.close-process.DAMP opt e10s fission stylo webrender-sw,4768818,77,ms,firefox,,1725469779,2023-07-13 08:20:37,76.97411941074824,3170f4f57d01091d2a74fe40ee6f4ab8efa7351a,1271978,,,,,,,,,,,,,,,,,,,,,,,,,,,,,,,,,,,,,,,,,,,,,,,,,,,,,,,,,,,,,TN,TN
autoland,4769114,12,1a03ada32d4ae63ebeeb4561891b61c1e6e17a68,windows10-64-shippable-qr,True,False,,,102210fe594ee9b33d82058545b1ed14f4c8206e,browser-toolbox.close-process.DAMP,damp,True,damp browser-toolbox.close-process.DAMP opt e10s fission stylo webrender-sw,4768818,77,ms,firefox,,1725572827,2023-07-13 11:47:10,78.6941890419148,1bfb25414a090700f286cd06319e91cb9ac6e336,1272070,,,,,,,,,,,,,,,,,,,,,,,,,,,,,,,,,,,,,,,,,,,,,,,,,,,,,,,,,,,,,TN,TN
autoland,4769114,12,1a03ada32d4ae63ebeeb4561891b61c1e6e17a68,windows10-64-shippable-qr,True,False,,,102210fe594ee9b33d82058545b1ed14f4c8206e,browser-toolbox.close-process.DAMP,damp,True,damp browser-toolbox.close-process.DAMP opt e10s fission stylo webrender-sw,4768818,77,ms,firefox,,1725957043,2023-07-13 23:46:26,79.35870238608186,d7363bddf2b82c4f02c60bf1f3236c1853a1d788,1272530,,,,,,,,,,,,,,,,,,,,,,,,,,,,,,,,,,,,,,,,,,,,,,,,,,,,,,,,,,,,,TN,TN
autoland,4769114,12,1a03ada32d4ae63ebeeb4561891b61c1e6e17a68,windows10-64-shippable-qr,True,False,,,102210fe594ee9b33d82058545b1ed14f4c8206e,browser-toolbox.close-process.DAMP,damp,True,damp browser-toolbox.close-process.DAMP opt e10s fission stylo webrender-sw,4768818,77,ms,firefox,,1725945947,2023-07-14 00:33:08,77.38517637878249,ce811b4b8e62538cba1620fbe1f66b6963a00103,1272546,,,,,,,,,,,,,,,,,,,,,,,,,,,,,,,,,,,,,,,,,,,,,,,,,,,,,,,,,,,,,TN,TN
autoland,4769114,12,1a03ada32d4ae63ebeeb4561891b61c1e6e17a68,windows10-64-shippable-qr,True,False,,,102210fe594ee9b33d82058545b1ed14f4c8206e,browser-toolbox.close-process.DAMP,damp,True,damp browser-toolbox.close-process.DAMP opt e10s fission stylo webrender-sw,4768818,77,ms,firefox,,1726002342,2023-07-14 05:34:55,74.84897698930581,196cda3a105202c8969a926a0637db0e0014c07d,1272621,,,,,,,,,,,,,,,,,,,,,,,,,,,,,,,,,,,,,,,,,,,,,,,,,,,,,,,,,,,,,TN,TN
autoland,4769114,12,1a03ada32d4ae63ebeeb4561891b61c1e6e17a68,windows10-64-shippable-qr,True,False,,,102210fe594ee9b33d82058545b1ed14f4c8206e,browser-toolbox.close-process.DAMP,damp,True,damp browser-toolbox.close-process.DAMP opt e10s fission stylo webrender-sw,4768818,77,ms,firefox,,1726163595,2023-07-14 08:41:57,75.22905185060517,2c2b2040f7a3a963eaf19ecd574a96682fb4e6c3,1272676,,,,,,,,,,,,,,,,,,,,,,,,,,,,,,,,,,,,,,,,,,,,,,,,,,,,,,,,,,,,,TN,TN
autoland,4769114,12,1a03ada32d4ae63ebeeb4561891b61c1e6e17a68,windows10-64-shippable-qr,True,False,,,102210fe594ee9b33d82058545b1ed14f4c8206e,browser-toolbox.close-process.DAMP,damp,True,damp browser-toolbox.close-process.DAMP opt e10s fission stylo webrender-sw,4768818,77,ms,firefox,,1726284987,2023-07-14 12:49:37,82.20169820362935,f04d14e8c457c340e7bb0c8955b7a42e3ed32c84,1272721,,,,,,,,,,,,,,,,,,,,,,,,,,,,,,,,,,,,,,,,,,,,,,,,,,,,,,,,,,,,,TN,TN
autoland,4769114,12,1a03ada32d4ae63ebeeb4561891b61c1e6e17a68,windows10-64-shippable-qr,True,False,,,102210fe594ee9b33d82058545b1ed14f4c8206e,browser-toolbox.close-process.DAMP,damp,True,damp browser-toolbox.close-process.DAMP opt e10s fission stylo webrender-sw,4768818,77,ms,firefox,,1727366978,2023-07-14 13:57:08,76.07997031764899,1b4f01ed349796fa5b5df3bb37f0e73fd9c21858,1272760,,,,,,,,,,,,,,,,,,,,,,,,,,,,,,,,,,,,,,,,,,,,,,,,,,,,,,,,,,,,,TN,TN
autoland,4769114,12,1a03ada32d4ae63ebeeb4561891b61c1e6e17a68,windows10-64-shippable-qr,True,False,,,102210fe594ee9b33d82058545b1ed14f4c8206e,browser-toolbox.close-process.DAMP,damp,True,damp browser-toolbox.close-process.DAMP opt e10s fission stylo webrender-sw,4768818,77,ms,firefox,,1727365469,2023-07-14 13:57:56,76.61332989269431,fd22ef44166c6450d6d1daf11541de3625fa4ef1,1272761,,,,,,,,,,,,,,,,,,,,,,,,,,,,,,,,,,,,,,,,,,,,,,,,,,,,,,,,,,,,,TN,TN
autoland,4769114,12,1a03ada32d4ae63ebeeb4561891b61c1e6e17a68,windows10-64-shippable-qr,True,False,,,102210fe594ee9b33d82058545b1ed14f4c8206e,browser-toolbox.close-process.DAMP,damp,True,damp browser-toolbox.close-process.DAMP opt e10s fission stylo webrender-sw,4768818,77,ms,firefox,,1727367838,2023-07-14 14:06:14,82.8546706306879,7af2b04879fca56da28646d4789eb82bb7a6b983,1272766,,,,,,,,,,,,,,,,,,,,,,,,,,,,,,,,,,,,,,,,,,,,,,,,,,,,,,,,,,,,,TN,TN
autoland,4769114,12,1a03ada32d4ae63ebeeb4561891b61c1e6e17a68,windows10-64-shippable-qr,True,False,,,102210fe594ee9b33d82058545b1ed14f4c8206e,browser-toolbox.close-process.DAMP,damp,True,damp browser-toolbox.close-process.DAMP opt e10s fission stylo webrender-sw,4768818,77,ms,firefox,,1727398191,2023-07-14 14:36:12,83.83927544379549,e1c387461f1491b8b63445d4505d5617392ed527,1272773,,,,,,,,,,,,,,,,,,,,,,,,,,,,,,,,,,,,,,,,,,,,,,,,,,,,,,,,,,,,,TN,TN
autoland,4769114,12,1a03ada32d4ae63ebeeb4561891b61c1e6e17a68,windows10-64-shippable-qr,True,False,,,102210fe594ee9b33d82058545b1ed14f4c8206e,browser-toolbox.close-process.DAMP,damp,True,damp browser-toolbox.close-process.DAMP opt e10s fission stylo webrender-sw,4768818,77,ms,firefox,,1727372745,2023-07-14 14:50:30,79.3825767350354,fa0b61933d0a1777839303bd86315c77a9e3095a,1272781,,,,,,,,,,,,,,,,,,,,,,,,,,,,,,,,,,,,,,,,,,,,,,,,,,,,,,,,,,,,,TN,TN
autoland,4769114,12,1a03ada32d4ae63ebeeb4561891b61c1e6e17a68,windows10-64-shippable-qr,True,False,,,102210fe594ee9b33d82058545b1ed14f4c8206e,browser-toolbox.close-process.DAMP,damp,True,damp browser-toolbox.close-process.DAMP opt e10s fission stylo webrender-sw,4768818,77,ms,firefox,,1727360966,2023-07-14 15:08:26,82.12541258630517,8b2d117f2a501b3fb047654b41b3f563057b3478,1272785,,,,,,,,,,,,,,,,,,,,,,,,,,,,,,,,,,,,,,,,,,,,,,,,,,,,,,,,,,,,,TN,TN
autoland,4769114,12,1a03ada32d4ae63ebeeb4561891b61c1e6e17a68,windows10-64-shippable-qr,True,False,,,102210fe594ee9b33d82058545b1ed14f4c8206e,browser-toolbox.close-process.DAMP,damp,True,damp browser-toolbox.close-process.DAMP opt e10s fission stylo webrender-sw,4768818,77,ms,firefox,,1727381345,2023-07-14 15:56:36,75.88709104860754,db50582c2b9f032cf0d70e4846d84dc16c8d3904,1272821,,,,,,,,,,,,,,,,,,,,,,,,,,,,,,,,,,,,,,,,,,,,,,,,,,,,,,,,,,,,,TN,TN
autoland,4769114,12,1a03ada32d4ae63ebeeb4561891b61c1e6e17a68,windows10-64-shippable-qr,True,False,,,102210fe594ee9b33d82058545b1ed14f4c8206e,browser-toolbox.close-process.DAMP,damp,True,damp browser-toolbox.close-process.DAMP opt e10s fission stylo webrender-sw,4768818,77,ms,firefox,,1727373126,2023-07-14 16:09:20,77.08972621674184,5a5f988799e8feb5b5b387fdb14557c4f44193a4,1272831,,,,,,,,,,,,,,,,,,,,,,,,,,,,,,,,,,,,,,,,,,,,,,,,,,,,,,,,,,,,,TN,TN
autoland,4769114,12,1a03ada32d4ae63ebeeb4561891b61c1e6e17a68,windows10-64-shippable-qr,True,False,,,102210fe594ee9b33d82058545b1ed14f4c8206e,browser-toolbox.close-process.DAMP,damp,True,damp browser-toolbox.close-process.DAMP opt e10s fission stylo webrender-sw,4768818,77,ms,firefox,,1726375934,2023-07-14 16:10:08,75.31396677259181,379fa15b7cfddd1f92027d8c39b32706dc0f59a8,1272833,,,,,,,,,,,,,,,,,,,,,,,,,,,,,,,,,,,,,,,,,,,,,,,,,,,,,,,,,,,,,TN,TN
autoland,4769114,12,1a03ada32d4ae63ebeeb4561891b61c1e6e17a68,windows10-64-shippable-qr,True,False,,,102210fe594ee9b33d82058545b1ed14f4c8206e,browser-toolbox.close-process.DAMP,damp,True,damp browser-toolbox.close-process.DAMP opt e10s fission stylo webrender-sw,4768818,77,ms,firefox,,1727371854,2023-07-14 17:56:47,73.56644144335587,2aed50c0b2e6297a989f8c8e064ab107bb8c76e0,1272897,,,,,,,,,,,,,,,,,,,,,,,,,,,,,,,,,,,,,,,,,,,,,,,,,,,,,,,,,,,,,TN,TN
autoland,4769114,12,1a03ada32d4ae63ebeeb4561891b61c1e6e17a68,windows10-64-shippable-qr,True,False,,,102210fe594ee9b33d82058545b1ed14f4c8206e,browser-toolbox.close-process.DAMP,damp,True,damp browser-toolbox.close-process.DAMP opt e10s fission stylo webrender-sw,4768818,77,ms,firefox,,1727351549,2023-07-14 18:13:13,77.12664283705817,c7a65caa82deca3c2b78c8a92692d6e0bef32d73,1272905,,,,,,,,,,,,,,,,,,,,,,,,,,,,,,,,,,,,,,,,,,,,,,,,,,,,,,,,,,,,,TN,TN
autoland,4769114,12,1a03ada32d4ae63ebeeb4561891b61c1e6e17a68,windows10-64-shippable-qr,True,False,,,102210fe594ee9b33d82058545b1ed14f4c8206e,browser-toolbox.close-process.DAMP,damp,True,damp browser-toolbox.close-process.DAMP opt e10s fission stylo webrender-sw,4768818,77,ms,firefox,,1727375942,2023-07-14 18:48:02,75.75460202276008,51824a802d0d1658207fe47251c6984c4f8fdd8c,1272920,,,,,,,,,,,,,,,,,,,,,,,,,,,,,,,,,,,,,,,,,,,,,,,,,,,,,,,,,,,,,TN,TN
autoland,4769114,12,1a03ada32d4ae63ebeeb4561891b61c1e6e17a68,windows10-64-shippable-qr,True,False,,,102210fe594ee9b33d82058545b1ed14f4c8206e,browser-toolbox.close-process.DAMP,damp,True,damp browser-toolbox.close-process.DAMP opt e10s fission stylo webrender-sw,4768818,77,ms,firefox,,1727366084,2023-07-14 19:00:42,75.87760078533029,003ce7b1224fc9ff96afefd37d363060d267fead,1272930,,,,,,,,,,,,,,,,,,,,,,,,,,,,,,,,,,,,,,,,,,,,,,,,,,,,,,,,,,,,,TN,TN
autoland,4769114,12,1a03ada32d4ae63ebeeb4561891b61c1e6e17a68,windows10-64-shippable-qr,True,False,,,102210fe594ee9b33d82058545b1ed14f4c8206e,browser-toolbox.close-process.DAMP,damp,True,damp browser-toolbox.close-process.DAMP opt e10s fission stylo webrender-sw,4768818,77,ms,firefox,,1727373691,2023-07-14 19:13:44,75.3899228653463,24c8b8f78568c834303e1cf4674a33e80ae38895,1272934,,,,,,,,,,,,,,,,,,,,,,,,,,,,,,,,,,,,,,,,,,,,,,,,,,,,,,,,,,,,,TN,TN
autoland,4769114,12,1a03ada32d4ae63ebeeb4561891b61c1e6e17a68,windows10-64-shippable-qr,True,False,,,102210fe594ee9b33d82058545b1ed14f4c8206e,browser-toolbox.close-process.DAMP,damp,True,damp browser-toolbox.close-process.DAMP opt e10s fission stylo webrender-sw,4768818,77,ms,firefox,,1727410247,2023-07-14 19:40:50,79.15814186231,62c2c524d4420cd78abf41eb26c30ccfc4b8964a,1272944,,,,,,,,,,,,,,,,,,,,,,,,,,,,,,,,,,,,,,,,,,,,,,,,,,,,,,,,,,,,,TN,TN
autoland,4769114,12,1a03ada32d4ae63ebeeb4561891b61c1e6e17a68,windows10-64-shippable-qr,True,False,,,102210fe594ee9b33d82058545b1ed14f4c8206e,browser-toolbox.close-process.DAMP,damp,True,damp browser-toolbox.close-process.DAMP opt e10s fission stylo webrender-sw,4768818,77,ms,firefox,,1727356686,2023-07-14 19:47:06,80.92189990132465,72da4ec089de56dc3c3cdb69e879b66b5fd3a3ab,1272947,,,,,,,,,,,,,,,,,,,,,,,,,,,,,,,,,,,,,,,,,,,,,,,,,,,,,,,,,,,,,TN,TN
autoland,4769114,12,1a03ada32d4ae63ebeeb4561891b61c1e6e17a68,windows10-64-shippable-qr,True,False,,,102210fe594ee9b33d82058545b1ed14f4c8206e,browser-toolbox.close-process.DAMP,damp,True,damp browser-toolbox.close-process.DAMP opt e10s fission stylo webrender-sw,4768818,77,ms,firefox,,1727370276,2023-07-14 20:01:19,73.99668634110276,64cd73529e646b335c9a33a530b2480cd16fe2e1,1272953,,,,,,,,,,,,,,,,,,,,,,,,,,,,,,,,,,,,,,,,,,,,,,,,,,,,,,,,,,,,,TN,TN
autoland,4769114,12,1a03ada32d4ae63ebeeb4561891b61c1e6e17a68,windows10-64-shippable-qr,True,False,,,102210fe594ee9b33d82058545b1ed14f4c8206e,browser-toolbox.close-process.DAMP,damp,True,damp browser-toolbox.close-process.DAMP opt e10s fission stylo webrender-sw,4768818,77,ms,firefox,,1726483533,2023-07-14 21:22:48,74.70955991276423,f65db437bbbe4d54d073843c79519c0a373ada5c,1272987,,,,,,,,,,,,,,,,,,,,,,,,,,,,,,,,,,,,,,,,,,,,,,,,,,,,,,,,,,,,,TN,TN
autoland,4769114,12,1a03ada32d4ae63ebeeb4561891b61c1e6e17a68,windows10-64-shippable-qr,True,False,,,102210fe594ee9b33d82058545b1ed14f4c8206e,browser-toolbox.close-process.DAMP,damp,True,damp browser-toolbox.close-process.DAMP opt e10s fission stylo webrender-sw,4768818,77,ms,firefox,,1727402775,2023-07-14 21:39:18,79.0422949041531,1ea8c8f25503ca9e737f5c3aeb53dc186cd4007d,1272996,,,,,,,,,,,,,,,,,,,,,,,,,,,,,,,,,,,,,,,,,,,,,,,,,,,,,,,,,,,,,TN,TN
autoland,4769114,12,1a03ada32d4ae63ebeeb4561891b61c1e6e17a68,windows10-64-shippable-qr,True,False,,,102210fe594ee9b33d82058545b1ed14f4c8206e,browser-toolbox.close-process.DAMP,damp,True,damp browser-toolbox.close-process.DAMP opt e10s fission stylo webrender-sw,4768818,77,ms,firefox,,1727369214,2023-07-14 21:54:07,76.39196325349621,801cb21ffbb0369349041969a90f19a7f34172ec,1273005,,,,,,,,,,,,,,,,,,,,,,,,,,,,,,,,,,,,,,,,,,,,,,,,,,,,,,,,,,,,,TN,TN
autoland,4769114,12,1a03ada32d4ae63ebeeb4561891b61c1e6e17a68,windows10-64-shippable-qr,True,False,,,102210fe594ee9b33d82058545b1ed14f4c8206e,browser-toolbox.close-process.DAMP,damp,True,damp browser-toolbox.close-process.DAMP opt e10s fission stylo webrender-sw,4768818,77,ms,firefox,,1726508832,2023-07-14 22:30:09,75.3177214373136,2fa0f2941257f51a55bcabee0f1913fe395266b0,1273018,,,,,,,,,,,,,,,,,,,,,,,,,,,,,,,,,,,,,,,,,,,,,,,,,,,,,,,,,,,,,TN,TN
autoland,4769114,12,1a03ada32d4ae63ebeeb4561891b61c1e6e17a68,windows10-64-shippable-qr,True,False,,,102210fe594ee9b33d82058545b1ed14f4c8206e,browser-toolbox.close-process.DAMP,damp,True,damp browser-toolbox.close-process.DAMP opt e10s fission stylo webrender-sw,4768818,77,ms,firefox,,1727360142,2023-07-14 22:33:58,75.33997589508363,0f31967cea4431f8b06b7c61a027b0cea068aff7,1273021,,,,,,,,,,,,,,,,,,,,,,,,,,,,,,,,,,,,,,,,,,,,,,,,,,,,,,,,,,,,,TN,TN
autoland,4769114,12,1a03ada32d4ae63ebeeb4561891b61c1e6e17a68,windows10-64-shippable-qr,True,False,,,102210fe594ee9b33d82058545b1ed14f4c8206e,browser-toolbox.close-process.DAMP,damp,True,damp browser-toolbox.close-process.DAMP opt e10s fission stylo webrender-sw,4768818,77,ms,firefox,,1727376227,2023-07-14 22:53:55,76.87888736199966,8b8aad02afff4af4a1af8c56a4020f063b1c44a1,1273029,,,,,,,,,,,,,,,,,,,,,,,,,,,,,,,,,,,,,,,,,,,,,,,,,,,,,,,,,,,,,TN,TN
autoland,4769114,12,1a03ada32d4ae63ebeeb4561891b61c1e6e17a68,windows10-64-shippable-qr,True,False,,,102210fe594ee9b33d82058545b1ed14f4c8206e,browser-toolbox.close-process.DAMP,damp,True,damp browser-toolbox.close-process.DAMP opt e10s fission stylo webrender-sw,4768818,77,ms,firefox,,1727358548,2023-07-14 23:20:40,79.59379974933108,6e3ba05fc6fee94b3b47f0a80c4a4919d35a7ddc,1273045,,,,,,,,,,,,,,,,,,,,,,,,,,,,,,,,,,,,,,,,,,,,,,,,,,,,,,,,,,,,,TN,TN
autoland,4769114,12,1a03ada32d4ae63ebeeb4561891b61c1e6e17a68,windows10-64-shippable-qr,True,False,,,102210fe594ee9b33d82058545b1ed14f4c8206e,browser-toolbox.close-process.DAMP,damp,True,damp browser-toolbox.close-process.DAMP opt e10s fission stylo webrender-sw,4768818,77,ms,firefox,,1727360424,2023-07-14 23:31:36,73.89811683082371,88c664a821cb95e9a01684be29c10ea41bd90424,1273047,,,,,,,,,,,,,,,,,,,,,,,,,,,,,,,,,,,,,,,,,,,,,,,,,,,,,,,,,,,,,TN,TN
autoland,4769114,12,1a03ada32d4ae63ebeeb4561891b61c1e6e17a68,windows10-64-shippable-qr,True,False,,,102210fe594ee9b33d82058545b1ed14f4c8206e,browser-toolbox.close-process.DAMP,damp,True,damp browser-toolbox.close-process.DAMP opt e10s fission stylo webrender-sw,4768818,77,ms,firefox,,1727362122,2023-07-14 23:37:39,76.42332562377851,388c352ac4a399a6fdc710c67538089cd973a573,1273048,,,,,,,,,,,,,,,,,,,,,,,,,,,,,,,,,,,,,,,,,,,,,,,,,,,,,,,,,,,,,TN,TN
autoland,4769114,12,1a03ada32d4ae63ebeeb4561891b61c1e6e17a68,windows10-64-shippable-qr,True,False,,,102210fe594ee9b33d82058545b1ed14f4c8206e,browser-toolbox.close-process.DAMP,damp,True,damp browser-toolbox.close-process.DAMP opt e10s fission stylo webrender-sw,4768818,77,ms,firefox,,1727365204,2023-07-14 23:52:57,76.91487179347314,f33e293d8af18a6d253c5d9366bac09240e76e05,1273053,,,,,,,,,,,,,,,,,,,,,,,,,,,,,,,,,,,,,,,,,,,,,,,,,,,,,,,,,,,,,TN,TN
autoland,4769114,12,1a03ada32d4ae63ebeeb4561891b61c1e6e17a68,windows10-64-shippable-qr,True,False,,,102210fe594ee9b33d82058545b1ed14f4c8206e,browser-toolbox.close-process.DAMP,damp,True,damp browser-toolbox.close-process.DAMP opt e10s fission stylo webrender-sw,4768818,77,ms,firefox,,1727362891,2023-07-15 00:36:20,75.88148495043424,c1bdf8e1ddd719b8ac3c9092572ca54032952903,1273061,,,,,,,,,,,,,,,,,,,,,,,,,,,,,,,,,,,,,,,,,,,,,,,,,,,,,,,,,,,,,TN,TN
autoland,4769114,12,1a03ada32d4ae63ebeeb4561891b61c1e6e17a68,windows10-64-shippable-qr,True,False,,,102210fe594ee9b33d82058545b1ed14f4c8206e,browser-toolbox.close-process.DAMP,damp,True,damp browser-toolbox.close-process.DAMP opt e10s fission stylo webrender-sw,4768818,77,ms,firefox,,1727363949,2023-07-15 00:46:42,74.9598592068578,0d93fbc3ef11b2b3af8510af0ec0ad16172cd6fe,1273065,,,,,,,,,,,,,,,,,,,,,,,,,,,,,,,,,,,,,,,,,,,,,,,,,,,,,,,,,,,,,TN,TN
autoland,4769114,12,1a03ada32d4ae63ebeeb4561891b61c1e6e17a68,windows10-64-shippable-qr,True,False,,,102210fe594ee9b33d82058545b1ed14f4c8206e,browser-toolbox.close-process.DAMP,damp,True,damp browser-toolbox.close-process.DAMP opt e10s fission stylo webrender-sw,4768818,77,ms,firefox,,1726529709,2023-07-15 02:41:28,76.34487108857138,1e09c6aabfcd1088a923373e95d74f457e863755,1273070,,,,,,,,,,,,,,,,,,,,,,,,,,,,,,,,,,,,,,,,,,,,,,,,,,,,,,,,,,,,,TN,TN
autoland,4769114,12,1a03ada32d4ae63ebeeb4561891b61c1e6e17a68,windows10-64-shippable-qr,True,False,,,102210fe594ee9b33d82058545b1ed14f4c8206e,browser-toolbox.close-process.DAMP,damp,True,damp browser-toolbox.close-process.DAMP opt e10s fission stylo webrender-sw,4768818,77,ms,firefox,,1726590990,2023-07-15 12:36:57,75.63057909236522,3a71e5ba50017ceb558d246e6ea58f8d5a57a3af,1273110,,,,,,,,,,,,,,,,,,,,,,,,,,,,,,,,,,,,,,,,,,,,,,,,,,,,,,,,,,,,,TN,TN
autoland,4769114,12,1a03ada32d4ae63ebeeb4561891b61c1e6e17a68,windows10-64-shippable-qr,True,False,,,102210fe594ee9b33d82058545b1ed14f4c8206e,browser-toolbox.close-process.DAMP,damp,True,damp browser-toolbox.close-process.DAMP opt e10s fission stylo webrender-sw,4768818,77,ms,firefox,,1726634144,2023-07-15 18:59:02,73.65403848192364,23e9067195200f00248b6c027bfae113965bf3ea,1273125,,,,,,,,,,,,,,,,,,,,,,,,,,,,,,,,,,,,,,,,,,,,,,,,,,,,,,,,,,,,,TN,TN
autoland,4769114,12,1a03ada32d4ae63ebeeb4561891b61c1e6e17a68,windows10-64-shippable-qr,True,False,,,102210fe594ee9b33d82058545b1ed14f4c8206e,browser-toolbox.close-process.DAMP,damp,True,damp browser-toolbox.close-process.DAMP opt e10s fission stylo webrender-sw,4768818,77,ms,firefox,,1726677203,2023-07-16 02:22:04,75.13072215561988,29be5ceedcdd2e835a383389153d9264d9b81217,1273151,,,,,,,,,,,,,,,,,,,,,,,,,,,,,,,,,,,,,,,,,,,,,,,,,,,,,,,,,,,,,TN,TN
autoland,4769114,12,1a03ada32d4ae63ebeeb4561891b61c1e6e17a68,windows10-64-shippable-qr,True,False,,,102210fe594ee9b33d82058545b1ed14f4c8206e,browser-toolbox.close-process.DAMP,damp,True,damp browser-toolbox.close-process.DAMP opt e10s fission stylo webrender-sw,4768818,77,ms,firefox,,1726773770,2023-07-16 17:40:24,74.05715280456207,2d64faa1590722f6ec14781ee5e175a2c875171c,1273186,,,,,,,,,,,,,,,,,,,,,,,,,,,,,,,,,,,,,,,,,,,,,,,,,,,,,,,,,,,,,TN,TN
autoland,4769114,12,1a03ada32d4ae63ebeeb4561891b61c1e6e17a68,windows10-64-shippable-qr,True,False,,,102210fe594ee9b33d82058545b1ed14f4c8206e,browser-toolbox.close-process.DAMP,damp,True,damp browser-toolbox.close-process.DAMP opt e10s fission stylo webrender-sw,4768818,77,ms,firefox,,1726901579,2023-07-17 10:08:58,78.77354900127466,ef60c7cdcb76172f1caf579529cf9fb756de4dbd,1273362,,,,,,,,,,,,,,,,,,,,,,,,,,,,,,,,,,,,,,,,,,,,,,,,,,,,,,,,,,,,,TN,TN
autoland,4769114,12,1a03ada32d4ae63ebeeb4561891b61c1e6e17a68,windows10-64-shippable-qr,True,False,,,102210fe594ee9b33d82058545b1ed14f4c8206e,browser-toolbox.close-process.DAMP,damp,True,damp browser-toolbox.close-process.DAMP opt e10s fission stylo webrender-sw,4768818,77,ms,firefox,,1727047317,2023-07-17 14:30:30,78.47761315279058,e90e64d1c5a944feafdb48fe3527c9aeeac00ec9,1273474,,,,,,,,,,,,,,,,,,,,,,,,,,,,,,,,,,,,,,,,,,,,,,,,,,,,,,,,,,,,,TN,TN
autoland,4769114,12,1a03ada32d4ae63ebeeb4561891b61c1e6e17a68,windows10-64-shippable-qr,True,False,,,102210fe594ee9b33d82058545b1ed14f4c8206e,browser-toolbox.close-process.DAMP,damp,True,damp browser-toolbox.close-process.DAMP opt e10s fission stylo webrender-sw,4768818,77,ms,firefox,,1727012739,2023-07-17 16:07:24,74.25510737678269,01dc0385e5b93df37aef43d60cd1105523eae328,1273529,,,,,,,,,,,,,,,,,,,,,,,,,,,,,,,,,,,,,,,,,,,,,,,,,,,,,,,,,,,,,TN,TN
autoland,4769114,12,1a03ada32d4ae63ebeeb4561891b61c1e6e17a68,windows10-64-shippable-qr,True,False,,,102210fe594ee9b33d82058545b1ed14f4c8206e,browser-toolbox.close-process.DAMP,damp,True,damp browser-toolbox.close-process.DAMP opt e10s fission stylo webrender-sw,4768818,77,ms,firefox,,1727172986,2023-07-17 20:04:09,81.0678198266105,f2c1249026167b30c81eff3368093a442a915826,1273673,,,,,,,,,,,,,,,,,,,,,,,,,,,,,,,,,,,,,,,,,,,,,,,,,,,,,,,,,,,,,TN,TN
autoland,4769114,12,1a03ada32d4ae63ebeeb4561891b61c1e6e17a68,windows10-64-shippable-qr,True,False,,,102210fe594ee9b33d82058545b1ed14f4c8206e,browser-toolbox.close-process.DAMP,damp,True,damp browser-toolbox.close-process.DAMP opt e10s fission stylo webrender-sw,4768818,77,ms,firefox,,1727213827,2023-07-17 23:40:15,73.76629228054662,bbea40f618ed9435d7c989dcb18dc1ba34d55d4c,1273797,,,,,,,,,,,,,,,,,,,,,,,,,,,,,,,,,,,,,,,,,,,,,,,,,,,,,,,,,,,,,TN,TN
autoland,4769114,12,1a03ada32d4ae63ebeeb4561891b61c1e6e17a68,windows10-64-shippable-qr,True,False,,,102210fe594ee9b33d82058545b1ed14f4c8206e,browser-toolbox.close-process.DAMP,damp,True,damp browser-toolbox.close-process.DAMP opt e10s fission stylo webrender-sw,4768818,77,ms,firefox,,1727277525,2023-07-18 04:33:35,79.58478158248181,35e42e5979dac0b99828194869d5dc00365b37fb,1273869,,,,,,,,,,,,,,,,,,,,,,,,,,,,,,,,,,,,,,,,,,,,,,,,,,,,,,,,,,,,,TN,TN
autoland,4769114,12,1a03ada32d4ae63ebeeb4561891b61c1e6e17a68,windows10-64-shippable-qr,True,False,,,102210fe594ee9b33d82058545b1ed14f4c8206e,browser-toolbox.close-process.DAMP,damp,True,damp browser-toolbox.close-process.DAMP opt e10s fission stylo webrender-sw,4768818,77,ms,firefox,,1727390904,2023-07-18 08:33:44,78.63175191351911,ff623ceacdca87e37ceaa8e2d7f2072d5a7ae7fb,1273935,,,,,,,,,,,,,,,,,,,,,,,,,,,,,,,,,,,,,,,,,,,,,,,,,,,,,,,,,,,,,TN,TN
autoland,4769114,12,1a03ada32d4ae63ebeeb4561891b61c1e6e17a68,windows10-64-shippable-qr,True,False,,,102210fe594ee9b33d82058545b1ed14f4c8206e,browser-toolbox.close-process.DAMP,damp,True,damp browser-toolbox.close-process.DAMP opt e10s fission stylo webrender-sw,4768818,77,ms,firefox,,1727444923,2023-07-18 08:34:31,78.52650420556893,ed8bcaa0195e582a53b92eeac99b65a9c1f06da2,1273936,,,,,,,,,,,,,,,,,,,,,,,,,,,,,,,,,,,,,,,,,,,,,,,,,,,,,,,,,,,,,TN,TN
autoland,4769114,12,1a03ada32d4ae63ebeeb4561891b61c1e6e17a68,windows10-64-shippable-qr,True,False,,,102210fe594ee9b33d82058545b1ed14f4c8206e,browser-toolbox.close-process.DAMP,damp,True,damp browser-toolbox.close-process.DAMP opt e10s fission stylo webrender-sw,4768818,77,ms,firefox,,1727544666,2023-07-18 13:03:29,77.24172488108161,bcffaa369c722f4ebfa7cb8af6a3fc605e2efa10,1274068,,,,,,,,,,,,,,,,,,,,,,,,,,,,,,,,,,,,,,,,,,,,,,,,,,,,,,,,,,,,,TN,TN
autoland,4769114,12,1a03ada32d4ae63ebeeb4561891b61c1e6e17a68,windows10-64-shippable-qr,True,False,,,102210fe594ee9b33d82058545b1ed14f4c8206e,browser-toolbox.close-process.DAMP,damp,True,damp browser-toolbox.close-process.DAMP opt e10s fission stylo webrender-sw,4768818,77,ms,firefox,,1727564723,2023-07-18 13:45:23,77.03263181356306,0de8fdd9abfcc9f9019857d255157b5eb799f98b,1274096,,,,,,,,,,,,,,,,,,,,,,,,,,,,,,,,,,,,,,,,,,,,,,,,,,,,,,,,,,,,,TN,TN
autoland,4769114,12,1a03ada32d4ae63ebeeb4561891b61c1e6e17a68,windows10-64-shippable-qr,True,False,,,102210fe594ee9b33d82058545b1ed14f4c8206e,browser-toolbox.close-process.DAMP,damp,True,damp browser-toolbox.close-process.DAMP opt e10s fission stylo webrender-sw,4768818,77,ms,firefox,,1727658706,2023-07-18 17:24:29,75.34161475845758,9330f8cb5765b67a89ac1427300f344a63d42cdc,1274230,,,,,,,,,,,,,,,,,,,,,,,,,,,,,,,,,,,,,,,,,,,,,,,,,,,,,,,,,,,,,TN,TN
autoland,4769114,12,1a03ada32d4ae63ebeeb4561891b61c1e6e17a68,windows10-64-shippable-qr,True,False,,,102210fe594ee9b33d82058545b1ed14f4c8206e,browser-toolbox.close-process.DAMP,damp,True,damp browser-toolbox.close-process.DAMP opt e10s fission stylo webrender-sw,4768818,77,ms,firefox,,1727866128,2023-07-18 22:22:09,78.3731550477969,b39dcefbe15f24fbf00da64782588b71ef8277a6,1274408,,,,,,,,,,,,,,,,,,,,,,,,,,,,,,,,,,,,,,,,,,,,,,,,,,,,,,,,,,,,,TN,TN
autoland,4769114,12,1a03ada32d4ae63ebeeb4561891b61c1e6e17a68,windows10-64-shippable-qr,True,False,,,102210fe594ee9b33d82058545b1ed14f4c8206e,browser-toolbox.close-process.DAMP,damp,True,damp browser-toolbox.close-process.DAMP opt e10s fission stylo webrender-sw,4768818,77,ms,firefox,,1727842266,2023-07-18 23:34:55,77.14831750002486,a8acb9b8880c2f1c2cf5891e5a20997a21d9d909,1274454,,,,,,,,,,,,,,,,,,,,,,,,,,,,,,,,,,,,,,,,,,,,,,,,,,,,,,,,,,,,,TN,TN
autoland,4769114,12,1a03ada32d4ae63ebeeb4561891b61c1e6e17a68,windows10-64-shippable-qr,True,False,,,102210fe594ee9b33d82058545b1ed14f4c8206e,browser-toolbox.close-process.DAMP,damp,True,damp browser-toolbox.close-process.DAMP opt e10s fission stylo webrender-sw,4768818,77,ms,firefox,,1727957288,2023-07-19 05:12:28,74.87633478560747,49a85b3b07e07c1158f9cb0c1f58b67fc2d659f7,1274587,,,,,,,,,,,,,,,,,,,,,,,,,,,,,,,,,,,,,,,,,,,,,,,,,,,,,,,,,,,,,TN,TN
autoland,4769114,12,1a03ada32d4ae63ebeeb4561891b61c1e6e17a68,windows10-64-shippable-qr,True,False,,,102210fe594ee9b33d82058545b1ed14f4c8206e,browser-toolbox.close-process.DAMP,damp,True,damp browser-toolbox.close-process.DAMP opt e10s fission stylo webrender-sw,4768818,77,ms,firefox,,1728120757,2023-07-19 08:12:16,79.95398822741117,140d21dede36ec0333dbfd36cf0d1320eee6cba4,1274646,,,,,,,,,,,,,,,,,,,,,,,,,,,,,,,,,,,,,,,,,,,,,,,,,,,,,,,,,,,,,TN,TN
autoland,4769114,12,1a03ada32d4ae63ebeeb4561891b61c1e6e17a68,windows10-64-shippable-qr,True,False,,,102210fe594ee9b33d82058545b1ed14f4c8206e,browser-toolbox.close-process.DAMP,damp,True,damp browser-toolbox.close-process.DAMP opt e10s fission stylo webrender-sw,4768818,77,ms,firefox,,1728274523,2023-07-19 12:13:12,78.32002416640171,b8d9ace4647851e162743362d884084c81a969ab,1274744,,,,,,,,,,,,,,,,,,,,,,,,,,,,,,,,,,,,,,,,,,,,,,,,,,,,,,,,,,,,,TN,TN
autoland,4769114,12,1a03ada32d4ae63ebeeb4561891b61c1e6e17a68,windows10-64-shippable-qr,True,False,,,102210fe594ee9b33d82058545b1ed14f4c8206e,browser-toolbox.close-process.DAMP,damp,True,damp browser-toolbox.close-process.DAMP opt e10s fission stylo webrender-sw,4768818,77,ms,firefox,,1729998180,2023-07-19 12:49:40,73.21165013018253,5942e11048eae8c7702ee003bc3ab03091297a2a,1274766,,,,,,,,,,,,,,,,,,,,,,,,,,,,,,,,,,,,,,,,,,,,,,,,,,,,,,,,,,,,,TN,TN
autoland,4769114,12,1a03ada32d4ae63ebeeb4561891b61c1e6e17a68,windows10-64-shippable-qr,True,False,,,102210fe594ee9b33d82058545b1ed14f4c8206e,browser-toolbox.close-process.DAMP,damp,True,damp browser-toolbox.close-process.DAMP opt e10s fission stylo webrender-sw,4768818,77,ms,firefox,,1729996760,2023-07-19 12:59:59,75.51520844538027,34b70a539ce3d6b15451a663c4e3478df2e53d53,1274774,,,,,,,,,,,,,,,,,,,,,,,,,,,,,,,,,,,,,,,,,,,,,,,,,,,,,,,,,,,,,TN,TN
autoland,4769114,12,1a03ada32d4ae63ebeeb4561891b61c1e6e17a68,windows10-64-shippable-qr,True,False,,,102210fe594ee9b33d82058545b1ed14f4c8206e,browser-toolbox.close-process.DAMP,damp,True,damp browser-toolbox.close-process.DAMP opt e10s fission stylo webrender-sw,4768818,77,ms,firefox,,1729998009,2023-07-19 13:00:47,75.54288222597097,91c8d3b37b2f425bd6de5701e2f74558a8880c02,1274776,,,,,,,,,,,,,,,,,,,,,,,,,,,,,,,,,,,,,,,,,,,,,,,,,,,,,,,,,,,,,TN,TN
autoland,4769114,12,1a03ada32d4ae63ebeeb4561891b61c1e6e17a68,windows10-64-shippable-qr,True,False,,,102210fe594ee9b33d82058545b1ed14f4c8206e,browser-toolbox.close-process.DAMP,damp,True,damp browser-toolbox.close-process.DAMP opt e10s fission stylo webrender-sw,4768818,77,ms,firefox,,1729997994,2023-07-19 13:02:35,74.56184664411558,51cde013c8ed7cc6351769787ccb2545e1840acd,1274778,,,,,,,,,,,,,,,,,,,,,,,,,,,,,,,,,,,,,,,,,,,,,,,,,,,,,,,,,,,,,TN,TN
autoland,4769114,12,1a03ada32d4ae63ebeeb4561891b61c1e6e17a68,windows10-64-shippable-qr,True,False,,,102210fe594ee9b33d82058545b1ed14f4c8206e,browser-toolbox.close-process.DAMP,damp,True,damp browser-toolbox.close-process.DAMP opt e10s fission stylo webrender-sw,4768818,77,ms,firefox,,1729998328,2023-07-19 13:06:35,76.73277042905465,b4b23feef55a5201adccb65558c2f936b437b03c,1274782,,,,,,,,,,,,,,,,,,,,,,,,,,,,,,,,,,,,,,,,,,,,,,,,,,,,,,,,,,,,,TN,TN
autoland,4769114,12,1a03ada32d4ae63ebeeb4561891b61c1e6e17a68,windows10-64-shippable-qr,True,False,,,102210fe594ee9b33d82058545b1ed14f4c8206e,browser-toolbox.close-process.DAMP,damp,True,damp browser-toolbox.close-process.DAMP opt e10s fission stylo webrender-sw,4768818,77,ms,firefox,,1729998233,2023-07-19 13:15:01,74.5928825746596,afef23568473a13cc105bf975c38b56d06056d87,1274789,,,,,,,,,,,,,,,,,,,,,,,,,,,,,,,,,,,,,,,,,,,,,,,,,,,,,,,,,,,,,TN,TN
autoland,4769114,12,1a03ada32d4ae63ebeeb4561891b61c1e6e17a68,windows10-64-shippable-qr,True,False,,,102210fe594ee9b33d82058545b1ed14f4c8206e,browser-toolbox.close-process.DAMP,damp,True,damp browser-toolbox.close-process.DAMP opt e10s fission stylo webrender-sw,4768818,77,ms,firefox,,1729997190,2023-07-19 14:03:01,76.14362899518164,a51634471bd39eeb0c9d1a11c19fefcbc1a63fcb,1274819,,,,,,,,,,,,,,,,,,,,,,,,,,,,,,,,,,,,,,,,,,,,,,,,,,,,,,,,,,,,,TN,TN
autoland,4769114,12,1a03ada32d4ae63ebeeb4561891b61c1e6e17a68,windows10-64-shippable-qr,True,False,,,102210fe594ee9b33d82058545b1ed14f4c8206e,browser-toolbox.close-process.DAMP,damp,True,damp browser-toolbox.close-process.DAMP opt e10s fission stylo webrender-sw,4768818,77,ms,firefox,,1729997307,2023-07-19 14:10:29,74.68248271228367,d9c072524f41115d96afb766ee808c482820d2da,1274825,,,,,,,,,,,,,,,,,,,,,,,,,,,,,,,,,,,,,,,,,,,,,,,,,,,,,,,,,,,,,TN,TN
autoland,4769114,12,1a03ada32d4ae63ebeeb4561891b61c1e6e17a68,windows10-64-shippable-qr,True,False,,,102210fe594ee9b33d82058545b1ed14f4c8206e,browser-toolbox.close-process.DAMP,damp,True,damp browser-toolbox.close-process.DAMP opt e10s fission stylo webrender-sw,4768818,77,ms,firefox,,1728504831,2023-07-19 14:37:00,77.88184270817146,c1d9936545b5ba143392d27280eb1d56af5ac580,1274851,,,,,,,,,,,,,,,,,,,,,,,,,,,,,,,,,,,,,,,,,,,,,,,,,,,,,,,,,,,,,TN,TN
autoland,4769114,12,1a03ada32d4ae63ebeeb4561891b61c1e6e17a68,windows10-64-shippable-qr,True,False,,,102210fe594ee9b33d82058545b1ed14f4c8206e,browser-toolbox.close-process.DAMP,damp,True,damp browser-toolbox.close-process.DAMP opt e10s fission stylo webrender-sw,4768818,77,ms,firefox,,1729998669,2023-07-19 16:46:48,76.61410477358004,4be4937b5fae067387adb8cf6eb7377f26e731c6,1274944,,,,,,,,,,,,,,,,,,,,,,,,,,,,,,,,,,,,,,,,,,,,,,,,,,,,,,,,,,,,,TN,TN
autoland,4769114,12,1a03ada32d4ae63ebeeb4561891b61c1e6e17a68,windows10-64-shippable-qr,True,False,,,102210fe594ee9b33d82058545b1ed14f4c8206e,browser-toolbox.close-process.DAMP,damp,True,damp browser-toolbox.close-process.DAMP opt e10s fission stylo webrender-sw,4768818,77,ms,firefox,,1729999008,2023-07-19 17:17:44,75.9507086602971,ae13c1d39bda143591aae05bbaa941571aab5b7b,1274968,,,,,,,,,,,,,,,,,,,,,,,,,,,,,,,,,,,,,,,,,,,,,,,,,,,,,,,,,,,,,TN,TN
autoland,4769114,12,1a03ada32d4ae63ebeeb4561891b61c1e6e17a68,windows10-64-shippable-qr,True,False,,,102210fe594ee9b33d82058545b1ed14f4c8206e,browser-toolbox.close-process.DAMP,damp,True,damp browser-toolbox.close-process.DAMP opt e10s fission stylo webrender-sw,4768818,77,ms,firefox,,1729998609,2023-07-19 17:18:51,77.73249792982097,3992d1425898f91bdea8c4c12a871432a8000c55,1274970,,,,,,,,,,,,,,,,,,,,,,,,,,,,,,,,,,,,,,,,,,,,,,,,,,,,,,,,,,,,,TN,TN
autoland,4769114,12,1a03ada32d4ae63ebeeb4561891b61c1e6e17a68,windows10-64-shippable-qr,True,False,,,102210fe594ee9b33d82058545b1ed14f4c8206e,browser-toolbox.close-process.DAMP,damp,True,damp browser-toolbox.close-process.DAMP opt e10s fission stylo webrender-sw,4768818,77,ms,firefox,,1729999084,2023-07-19 17:21:09,76.8794518452778,a7cb63c2e1a226cedd2ed5873b1b7bdea468790f,1274973,,,,,,,,,,,,,,,,,,,,,,,,,,,,,,,,,,,,,,,,,,,,,,,,,,,,,,,,,,,,,TN,TN
autoland,4769114,12,1a03ada32d4ae63ebeeb4561891b61c1e6e17a68,windows10-64-shippable-qr,True,False,,,102210fe594ee9b33d82058545b1ed14f4c8206e,browser-toolbox.close-process.DAMP,damp,True,damp browser-toolbox.close-process.DAMP opt e10s fission stylo webrender-sw,4768818,77,ms,firefox,,1729999160,2023-07-19 17:22:15,75.37299168173922,e79cdb115973eb1463baca20a39489380d045b70,1274974,,,,,,,,,,,,,,,,,,,,,,,,,,,,,,,,,,,,,,,,,,,,,,,,,,,,,,,,,,,,,TN,TN
autoland,4769114,12,1a03ada32d4ae63ebeeb4561891b61c1e6e17a68,windows10-64-shippable-qr,True,False,,,102210fe594ee9b33d82058545b1ed14f4c8206e,browser-toolbox.close-process.DAMP,damp,True,damp browser-toolbox.close-process.DAMP opt e10s fission stylo webrender-sw,4768818,77,ms,firefox,,1728593704,2023-07-19 18:46:51,75.5143293366491,a4cb1e2b9e3d0583fb35c77b1b5a61823240d23a,1275034,70.41,mozilla-ldap/jdescottes@mozilla.com,c1d9936545b5ba143392d27280eb1d56af5ac580,39113.0,8.38,,76.86,2023-07-24 08:02:13.343553,False,12.0,12.0,,,,1274851.0,2.0,1275034.0,2.0,,1a03ada32d4ae63ebeeb4561891b61c1e6e17a68,,windows10-64-shippable-qr,,autoland,2023-07-28 21:26:46.841119,,1.0,-6.44,178992.0,ms,,,39113.0,102210fe594ee9b33d82058545b1ed14f4c8206e,,False,False,jdescottes@mozilla.com,,,,2023-07-21 21:26:46.841119,,,browser-toolbox.close-process.DAMP,OK,True,a4cb1e2b9e3d0583fb35c77b1b5a61823240d23a,39119.0,,,,False,,7.34,damp,"e10s, fission, stylo, webrender-sw",,,2023-07-26 21:26:46.841119,TP,TP
autoland,4769114,12,1a03ada32d4ae63ebeeb4561891b61c1e6e17a68,windows10-64-shippable-qr,True,False,,,102210fe594ee9b33d82058545b1ed14f4c8206e,browser-toolbox.close-process.DAMP,damp,True,damp browser-toolbox.close-process.DAMP opt e10s fission stylo webrender-sw,4768818,77,ms,firefox,,1730143622,2023-07-19 18:52:36,68.77148058099556,90802cab2ff88ee98e35c3e456017c737a083233,1275039,,,,,,,,,,,,,,,,,,,,,,,,,,,,,,,,,,,,,,,,,,,,,,,,,,,,,,,,,,,,,TN,TN
autoland,4769114,12,1a03ada32d4ae63ebeeb4561891b61c1e6e17a68,windows10-64-shippable-qr,True,False,,,102210fe594ee9b33d82058545b1ed14f4c8206e,browser-toolbox.close-process.DAMP,damp,True,damp browser-toolbox.close-process.DAMP opt e10s fission stylo webrender-sw,4768818,77,ms,firefox,,1730097198,2023-07-19 19:01:00,70.2260547109181,61701dc98fc7a255beeeb7f0d8aa2e048c240036,1275043,,,,,,,,,,,,,,,,,,,,,,,,,,,,,,,,,,,,,,,,,,,,,,,,,,,,,,,,,,,,,TN,TN
autoland,4769114,12,1a03ada32d4ae63ebeeb4561891b61c1e6e17a68,windows10-64-shippable-qr,True,False,,,102210fe594ee9b33d82058545b1ed14f4c8206e,browser-toolbox.close-process.DAMP,damp,True,damp browser-toolbox.close-process.DAMP opt e10s fission stylo webrender-sw,4768818,77,ms,firefox,,1730097361,2023-07-19 19:01:00,68.492764931696,61701dc98fc7a255beeeb7f0d8aa2e048c240036,1275043,,,,,,,,,,,,,,,,,,,,,,,,,,,,,,,,,,,,,,,,,,,,,,,,,,,,,,,,,,,,,TN,TN
autoland,4769114,12,1a03ada32d4ae63ebeeb4561891b61c1e6e17a68,windows10-64-shippable-qr,True,False,,,102210fe594ee9b33d82058545b1ed14f4c8206e,browser-toolbox.close-process.DAMP,damp,True,damp browser-toolbox.close-process.DAMP opt e10s fission stylo webrender-sw,4768818,77,ms,firefox,,1730096302,2023-07-19 19:03:53,67.79497871104104,f5e2ab1cf50121dea7de6528cc16048c3bed29a6,1275046,,,,,,,,,,,,,,,,,,,,,,,,,,,,,,,,,,,,,,,,,,,,,,,,,,,,,,,,,,,,,TN,TN
autoland,4769114,12,1a03ada32d4ae63ebeeb4561891b61c1e6e17a68,windows10-64-shippable-qr,True,False,,,102210fe594ee9b33d82058545b1ed14f4c8206e,browser-toolbox.close-process.DAMP,damp,True,damp browser-toolbox.close-process.DAMP opt e10s fission stylo webrender-sw,4768818,77,ms,firefox,,1730096033,2023-07-19 19:36:14,67.9644275992614,69d4d8ce55ac993ac40a7f8fd37cc2867d5afde3,1275073,,,,,,,,,,,,,,,,,,,,,,,,,,,,,,,,,,,,,,,,,,,,,,,,,,,,,,,,,,,,,TN,TN
autoland,4769114,12,1a03ada32d4ae63ebeeb4561891b61c1e6e17a68,windows10-64-shippable-qr,True,False,,,102210fe594ee9b33d82058545b1ed14f4c8206e,browser-toolbox.close-process.DAMP,damp,True,damp browser-toolbox.close-process.DAMP opt e10s fission stylo webrender-sw,4768818,77,ms,firefox,,1730096417,2023-07-19 19:37:09,68.06409694960894,49f7cb9f991c8f664059de83caf0f1b375240dce,1275074,,,,,,,,,,,,,,,,,,,,,,,,,,,,,,,,,,,,,,,,,,,,,,,,,,,,,,,,,,,,,TN,TN
autoland,4769114,12,1a03ada32d4ae63ebeeb4561891b61c1e6e17a68,windows10-64-shippable-qr,True,False,,,102210fe594ee9b33d82058545b1ed14f4c8206e,browser-toolbox.close-process.DAMP,damp,True,damp browser-toolbox.close-process.DAMP opt e10s fission stylo webrender-sw,4768818,77,ms,firefox,,1730096359,2023-07-19 19:37:09,68.47176587767899,49f7cb9f991c8f664059de83caf0f1b375240dce,1275074,,,,,,,,,,,,,,,,,,,,,,,,,,,,,,,,,,,,,,,,,,,,,,,,,,,,,,,,,,,,,TN,TN
autoland,4769114,12,1a03ada32d4ae63ebeeb4561891b61c1e6e17a68,windows10-64-shippable-qr,True,False,,,102210fe594ee9b33d82058545b1ed14f4c8206e,browser-toolbox.close-process.DAMP,damp,True,damp browser-toolbox.close-process.DAMP opt e10s fission stylo webrender-sw,4768818,77,ms,firefox,,1730096473,2023-07-19 19:37:09,70.35071335290559,49f7cb9f991c8f664059de83caf0f1b375240dce,1275074,,,,,,,,,,,,,,,,,,,,,,,,,,,,,,,,,,,,,,,,,,,,,,,,,,,,,,,,,,,,,TN,TN
autoland,4769114,12,1a03ada32d4ae63ebeeb4561891b61c1e6e17a68,windows10-64-shippable-qr,True,False,,,102210fe594ee9b33d82058545b1ed14f4c8206e,browser-toolbox.close-process.DAMP,damp,True,damp browser-toolbox.close-process.DAMP opt e10s fission stylo webrender-sw,4768818,77,ms,firefox,,1730097163,2023-07-19 19:37:56,70.57548146798217,e9219c337bb6ddb5f4829464bef43d95382621e6,1275075,,,,,,,,,,,,,,,,,,,,,,,,,,,,,,,,,,,,,,,,,,,,,,,,,,,,,,,,,,,,,TN,TN
autoland,4769114,12,1a03ada32d4ae63ebeeb4561891b61c1e6e17a68,windows10-64-shippable-qr,True,False,,,102210fe594ee9b33d82058545b1ed14f4c8206e,browser-toolbox.close-process.DAMP,damp,True,damp browser-toolbox.close-process.DAMP opt e10s fission stylo webrender-sw,4768818,77,ms,firefox,,1730097253,2023-07-19 19:37:56,67.390383490987,e9219c337bb6ddb5f4829464bef43d95382621e6,1275075,,,,,,,,,,,,,,,,,,,,,,,,,,,,,,,,,,,,,,,,,,,,,,,,,,,,,,,,,,,,,TN,TN
autoland,4769114,12,1a03ada32d4ae63ebeeb4561891b61c1e6e17a68,windows10-64-shippable-qr,True,False,,,102210fe594ee9b33d82058545b1ed14f4c8206e,browser-toolbox.close-process.DAMP,damp,True,damp browser-toolbox.close-process.DAMP opt e10s fission stylo webrender-sw,4768818,77,ms,firefox,,1730097308,2023-07-19 19:37:56,68.28721244418557,e9219c337bb6ddb5f4829464bef43d95382621e6,1275075,,,,,,,,,,,,,,,,,,,,,,,,,,,,,,,,,,,,,,,,,,,,,,,,,,,,,,,,,,,,,TN,TN
autoland,4769114,12,1a03ada32d4ae63ebeeb4561891b61c1e6e17a68,windows10-64-shippable-qr,True,False,,,102210fe594ee9b33d82058545b1ed14f4c8206e,browser-toolbox.close-process.DAMP,damp,True,damp browser-toolbox.close-process.DAMP opt e10s fission stylo webrender-sw,4768818,77,ms,firefox,,1730096540,2023-07-19 19:55:03,68.87905393271649,a7d728e9e7bc6c8f8f6c4aba1d2245c8f980d4fe,1275086,,,,,,,,,,,,,,,,,,,,,,,,,,,,,,,,,,,,,,,,,,,,,,,,,,,,,,,,,,,,,TN,TN
autoland,4769114,12,1a03ada32d4ae63ebeeb4561891b61c1e6e17a68,windows10-64-shippable-qr,True,False,,,102210fe594ee9b33d82058545b1ed14f4c8206e,browser-toolbox.close-process.DAMP,damp,True,damp browser-toolbox.close-process.DAMP opt e10s fission stylo webrender-sw,4768818,77,ms,firefox,,1730096650,2023-07-19 19:55:03,69.75803932906274,a7d728e9e7bc6c8f8f6c4aba1d2245c8f980d4fe,1275086,,,,,,,,,,,,,,,,,,,,,,,,,,,,,,,,,,,,,,,,,,,,,,,,,,,,,,,,,,,,,TN,TN
autoland,4769114,12,1a03ada32d4ae63ebeeb4561891b61c1e6e17a68,windows10-64-shippable-qr,True,False,,,102210fe594ee9b33d82058545b1ed14f4c8206e,browser-toolbox.close-process.DAMP,damp,True,damp browser-toolbox.close-process.DAMP opt e10s fission stylo webrender-sw,4768818,77,ms,firefox,,1730096703,2023-07-19 21:06:21,68.16442569992796,98a8fe3a114f4376fab445e77e543efb1a33a2e8,1275128,,,,,,,,,,,,,,,,,,,,,,,,,,,,,,,,,,,,,,,,,,,,,,,,,,,,,,,,,,,,,TN,TN
autoland,4769114,12,1a03ada32d4ae63ebeeb4561891b61c1e6e17a68,windows10-64-shippable-qr,True,False,,,102210fe594ee9b33d82058545b1ed14f4c8206e,browser-toolbox.close-process.DAMP,damp,True,damp browser-toolbox.close-process.DAMP opt e10s fission stylo webrender-sw,4768818,77,ms,firefox,,1730096776,2023-07-19 21:13:22,67.91502698416298,815c09621b5182253716bead5419a2362645da8a,1275134,,,,,,,,,,,,,,,,,,,,,,,,,,,,,,,,,,,,,,,,,,,,,,,,,,,,,,,,,,,,,TN,TN
autoland,4769114,12,1a03ada32d4ae63ebeeb4561891b61c1e6e17a68,windows10-64-shippable-qr,True,False,,,102210fe594ee9b33d82058545b1ed14f4c8206e,browser-toolbox.close-process.DAMP,damp,True,damp browser-toolbox.close-process.DAMP opt e10s fission stylo webrender-sw,4768818,77,ms,firefox,,1730096874,2023-07-19 21:13:22,69.12257179693552,815c09621b5182253716bead5419a2362645da8a,1275134,,,,,,,,,,,,,,,,,,,,,,,,,,,,,,,,,,,,,,,,,,,,,,,,,,,,,,,,,,,,,TN,TN
autoland,4769114,12,1a03ada32d4ae63ebeeb4561891b61c1e6e17a68,windows10-64-shippable-qr,True,False,,,102210fe594ee9b33d82058545b1ed14f4c8206e,browser-toolbox.close-process.DAMP,damp,True,damp browser-toolbox.close-process.DAMP opt e10s fission stylo webrender-sw,4768818,77,ms,firefox,,1729996925,2023-07-19 21:14:31,69.609023747209,6241c913f7006b072cec8d37a25610a86759a7c5,1275135,,,,,,,,,,,,,,,,,,,,,,,,,,,,,,,,,,,,,,,,,,,,,,,,,,,,,,,,,,,,,TN,TN
autoland,4769114,12,1a03ada32d4ae63ebeeb4561891b61c1e6e17a68,windows10-64-shippable-qr,True,False,,,102210fe594ee9b33d82058545b1ed14f4c8206e,browser-toolbox.close-process.DAMP,damp,True,damp browser-toolbox.close-process.DAMP opt e10s fission stylo webrender-sw,4768818,77,ms,firefox,,1729997132,2023-07-19 21:15:34,68.23210284796369,647d7e699887cc4e03192697d5c42dd88073bb34,1275138,,,,,,,,,,,,,,,,,,,,,,,,,,,,,,,,,,,,,,,,,,,,,,,,,,,,,,,,,,,,,TN,TN
autoland,4769114,12,1a03ada32d4ae63ebeeb4561891b61c1e6e17a68,windows10-64-shippable-qr,True,False,,,102210fe594ee9b33d82058545b1ed14f4c8206e,browser-toolbox.close-process.DAMP,damp,True,damp browser-toolbox.close-process.DAMP opt e10s fission stylo webrender-sw,4768818,77,ms,firefox,,1729996894,2023-07-19 21:16:22,69.5087384910621,0b4c8765c9ed1218b0bc3381cdd727d1d3b21b52,1275139,,,,,,,,,,,,,,,,,,,,,,,,,,,,,,,,,,,,,,,,,,,,,,,,,,,,,,,,,,,,,TN,TN
autoland,4769114,12,1a03ada32d4ae63ebeeb4561891b61c1e6e17a68,windows10-64-shippable-qr,True,False,,,102210fe594ee9b33d82058545b1ed14f4c8206e,browser-toolbox.close-process.DAMP,damp,True,damp browser-toolbox.close-process.DAMP opt e10s fission stylo webrender-sw,4768818,77,ms,firefox,,1729996969,2023-07-19 21:17:28,67.32572388206609,38f32e096d8bd987d16a82e9159b1df38570caca,1275140,,,,,,,,,,,,,,,,,,,,,,,,,,,,,,,,,,,,,,,,,,,,,,,,,,,,,,,,,,,,,TN,TN
autoland,4769114,12,1a03ada32d4ae63ebeeb4561891b61c1e6e17a68,windows10-64-shippable-qr,True,False,,,102210fe594ee9b33d82058545b1ed14f4c8206e,browser-toolbox.close-process.DAMP,damp,True,damp browser-toolbox.close-process.DAMP opt e10s fission stylo webrender-sw,4768818,77,ms,firefox,,1729997021,2023-07-19 21:18:23,67.91224995179073,00d95f0173270da2747a3d5ea7dcd55dc8110690,1275141,,,,,,,,,,,,,,,,,,,,,,,,,,,,,,,,,,,,,,,,,,,,,,,,,,,,,,,,,,,,,TN,TN
autoland,4769114,12,1a03ada32d4ae63ebeeb4561891b61c1e6e17a68,windows10-64-shippable-qr,True,False,,,102210fe594ee9b33d82058545b1ed14f4c8206e,browser-toolbox.close-process.DAMP,damp,True,damp browser-toolbox.close-process.DAMP opt e10s fission stylo webrender-sw,4768818,77,ms,firefox,,1729997243,2023-07-19 21:19:37,67.53268696124724,2dc0ffebfdeef91174e5af626723f88073147bd9,1275143,,,,,,,,,,,,,,,,,,,,,,,,,,,,,,,,,,,,,,,,,,,,,,,,,,,,,,,,,,,,,TN,TN
autoland,4769114,12,1a03ada32d4ae63ebeeb4561891b61c1e6e17a68,windows10-64-shippable-qr,True,False,,,102210fe594ee9b33d82058545b1ed14f4c8206e,browser-toolbox.close-process.DAMP,damp,True,damp browser-toolbox.close-process.DAMP opt e10s fission stylo webrender-sw,4768818,77,ms,firefox,,1729996813,2023-07-19 21:20:25,67.13356603207649,2121a35a5a204ced0349e790e09efbe551135eec,1275144,,,,,,,,,,,,,,,,,,,,,,,,,,,,,,,,,,,,,,,,,,,,,,,,,,,,,,,,,,,,,TN,TN
autoland,4769114,12,1a03ada32d4ae63ebeeb4561891b61c1e6e17a68,windows10-64-shippable-qr,True,False,,,102210fe594ee9b33d82058545b1ed14f4c8206e,browser-toolbox.close-process.DAMP,damp,True,damp browser-toolbox.close-process.DAMP opt e10s fission stylo webrender-sw,4768818,77,ms,firefox,,1729997075,2023-07-19 22:16:17,70.10244425092242,dc5b02b213f9b4f3f59a01c5166ad4860cd16188,1275175,,,,,,,,,,,,,,,,,,,,,,,,,,,,,,,,,,,,,,,,,,,,,,,,,,,,,,,,,,,,,TN,TN
autoland,4769114,12,1a03ada32d4ae63ebeeb4561891b61c1e6e17a68,windows10-64-shippable-qr,True,False,,,102210fe594ee9b33d82058545b1ed14f4c8206e,browser-toolbox.close-process.DAMP,damp,True,damp browser-toolbox.close-process.DAMP opt e10s fission stylo webrender-sw,4768818,77,ms,firefox,,1728680396,2023-07-19 22:17:04,69.50844919612427,7d1e4a896dd81d294b7bccc7c20345d7c0432b47,1275176,,,,,,,,,,,,,,,,,,,,,,,,,,,,,,,,,,,,,,,,,,,,,,,,,,,,,,,,,,,,,TN,TN
autoland,4769114,12,1a03ada32d4ae63ebeeb4561891b61c1e6e17a68,windows10-64-shippable-qr,True,False,,,102210fe594ee9b33d82058545b1ed14f4c8206e,browser-toolbox.close-process.DAMP,damp,True,damp browser-toolbox.close-process.DAMP opt e10s fission stylo webrender-sw,4768818,77,ms,firefox,,1729996689,2023-07-19 22:17:56,70.58311328713899,32940d64b391508cfe912a339faaec502259a4f3,1275178,,,,,,,,,,,,,,,,,,,,,,,,,,,,,,,,,,,,,,,,,,,,,,,,,,,,,,,,,,,,,TN,TN
autoland,4769114,12,1a03ada32d4ae63ebeeb4561891b61c1e6e17a68,windows10-64-shippable-qr,True,False,,,102210fe594ee9b33d82058545b1ed14f4c8206e,browser-toolbox.close-process.DAMP,damp,True,damp browser-toolbox.close-process.DAMP opt e10s fission stylo webrender-sw,4768818,77,ms,firefox,,1729998105,2023-07-19 22:27:58,70.23061476449948,95a4b078f8aa30e83485d819bf28bb990b48e402,1275182,,,,,,,,,,,,,,,,,,,,,,,,,,,,,,,,,,,,,,,,,,,,,,,,,,,,,,,,,,,,,TN,TN
autoland,4769114,12,1a03ada32d4ae63ebeeb4561891b61c1e6e17a68,windows10-64-shippable-qr,True,False,,,102210fe594ee9b33d82058545b1ed14f4c8206e,browser-toolbox.close-process.DAMP,damp,True,damp browser-toolbox.close-process.DAMP opt e10s fission stylo webrender-sw,4768818,77,ms,firefox,,1730006910,2023-07-19 22:29:58,75.03395413912949,178f56216f6d54d8ff3a4be2a52e0935b925751c,1275183,,,,,,,,,,,,,,,,,,,,,,,,,,,,,,,,,,,,,,,,,,,,,,,,,,,,,,,,,,,,,TN,TN
autoland,4769114,12,1a03ada32d4ae63ebeeb4561891b61c1e6e17a68,windows10-64-shippable-qr,True,False,,,102210fe594ee9b33d82058545b1ed14f4c8206e,browser-toolbox.close-process.DAMP,damp,True,damp browser-toolbox.close-process.DAMP opt e10s fission stylo webrender-sw,4768818,77,ms,firefox,,1729996039,2023-07-19 23:36:21,70.36726802808698,ac54d6ed3da6515e3b9b6a1f638e5590adf402fd,1275214,,,,,,,,,,,,,,,,,,,,,,,,,,,,,,,,,,,,,,,,,,,,,,,,,,,,,,,,,,,,,TN,TN
autoland,4769114,12,1a03ada32d4ae63ebeeb4561891b61c1e6e17a68,windows10-64-shippable-qr,True,False,,,102210fe594ee9b33d82058545b1ed14f4c8206e,browser-toolbox.close-process.DAMP,damp,True,damp browser-toolbox.close-process.DAMP opt e10s fission stylo webrender-sw,4768818,77,ms,firefox,,1729998913,2023-07-19 23:48:25,69.06927663652823,163c85e5903a843be47db023d106d34202137547,1275220,,,,,,,,,,,,,,,,,,,,,,,,,,,,,,,,,,,,,,,,,,,,,,,,,,,,,,,,,,,,,TN,TN
autoland,4769114,12,1a03ada32d4ae63ebeeb4561891b61c1e6e17a68,windows10-64-shippable-qr,True,False,,,102210fe594ee9b33d82058545b1ed14f4c8206e,browser-toolbox.close-process.DAMP,damp,True,damp browser-toolbox.close-process.DAMP opt e10s fission stylo webrender-sw,4768818,77,ms,firefox,,1730004026,2023-07-19 23:49:21,70.62295093160355,0de156207253a1056d8e1f41c7019a34bec91a61,1275221,,,,,,,,,,,,,,,,,,,,,,,,,,,,,,,,,,,,,,,,,,,,,,,,,,,,,,,,,,,,,TN,TN
autoland,4769114,12,1a03ada32d4ae63ebeeb4561891b61c1e6e17a68,windows10-64-shippable-qr,True,False,,,102210fe594ee9b33d82058545b1ed14f4c8206e,browser-toolbox.close-process.DAMP,damp,True,damp browser-toolbox.close-process.DAMP opt e10s fission stylo webrender-sw,4768818,77,ms,firefox,,1730001683,2023-07-20 00:45:19,68.55688876403656,4c4f5623a84e6db3d0f9a7738c0e789c98a4e763,1275243,,,,,,,,,,,,,,,,,,,,,,,,,,,,,,,,,,,,,,,,,,,,,,,,,,,,,,,,,,,,,TN,TN
autoland,4769114,12,1a03ada32d4ae63ebeeb4561891b61c1e6e17a68,windows10-64-shippable-qr,True,False,,,102210fe594ee9b33d82058545b1ed14f4c8206e,browser-toolbox.close-process.DAMP,damp,True,damp browser-toolbox.close-process.DAMP opt e10s fission stylo webrender-sw,4768818,77,ms,firefox,,1730004167,2023-07-20 01:59:59,70.28600666215789,05b7466fa4285e8e099e467ecd0887b5496960eb,1275267,,,,,,,,,,,,,,,,,,,,,,,,,,,,,,,,,,,,,,,,,,,,,,,,,,,,,,,,,,,,,TN,TN
autoland,4769114,12,1a03ada32d4ae63ebeeb4561891b61c1e6e17a68,windows10-64-shippable-qr,True,False,,,102210fe594ee9b33d82058545b1ed14f4c8206e,browser-toolbox.close-process.DAMP,damp,True,damp browser-toolbox.close-process.DAMP opt e10s fission stylo webrender-sw,4768818,77,ms,firefox,,1728740757,2023-07-20 03:34:20,70.90559937521175,e73cc92e62dbaf2e2cdb70a1d9890da611a2b772,1275291,,,,,,,,,,,,,,,,,,,,,,,,,,,,,,,,,,,,,,,,,,,,,,,,,,,,,,,,,,,,,TN,TN
autoland,4769114,12,1a03ada32d4ae63ebeeb4561891b61c1e6e17a68,windows10-64-shippable-qr,True,False,,,102210fe594ee9b33d82058545b1ed14f4c8206e,browser-toolbox.close-process.DAMP,damp,True,damp browser-toolbox.close-process.DAMP opt e10s fission stylo webrender-sw,4768818,77,ms,firefox,,1728942379,2023-07-20 07:42:09,69.66755811632174,9a6d93f12d75deb2d5f6662ca35347a774d7cd6f,1275344,,,,,,,,,,,,,,,,,,,,,,,,,,,,,,,,,,,,,,,,,,,,,,,,,,,,,,,,,,,,,TN,TN
autoland,4769114,12,1a03ada32d4ae63ebeeb4561891b61c1e6e17a68,windows10-64-shippable-qr,True,False,,,102210fe594ee9b33d82058545b1ed14f4c8206e,browser-toolbox.close-process.DAMP,damp,True,damp browser-toolbox.close-process.DAMP opt e10s fission stylo webrender-sw,4768818,77,ms,firefox,,1729033816,2023-07-20 12:22:04,76.93237168437554,0278b86272728b17ade153f25ef5ec4442158066,1275437,,,,,,,,,,,,,,,,,,,,,,,,,,,,,,,,,,,,,,,,,,,,,,,,,,,,,,,,,,,,,TN,TN
autoland,4769114,12,1a03ada32d4ae63ebeeb4561891b61c1e6e17a68,windows10-64-shippable-qr,True,False,,,102210fe594ee9b33d82058545b1ed14f4c8206e,browser-toolbox.close-process.DAMP,damp,True,damp browser-toolbox.close-process.DAMP opt e10s fission stylo webrender-sw,4768818,77,ms,firefox,,1729167727,2023-07-20 15:24:57,77.4780983354467,0bc898fe076442e9a552e9918f1b50ece1c87859,1275543,,,,,,,,,,,,,,,,,,,,,,,,,,,,,,,,,,,,,,,,,,,,,,,,,,,,,,,,,,,,,TN,TN
autoland,4769114,12,1a03ada32d4ae63ebeeb4561891b61c1e6e17a68,windows10-64-shippable-qr,True,False,,,102210fe594ee9b33d82058545b1ed14f4c8206e,browser-toolbox.close-process.DAMP,damp,True,damp browser-toolbox.close-process.DAMP opt e10s fission stylo webrender-sw,4768818,77,ms,firefox,,1729313013,2023-07-20 19:57:27,68.47947631282659,1474bffb9d2bc609c90f59cdbd875d90f152f78b,1275751,,,,,,,,,,,,,,,,,,,,,,,,,,,,,,,,,,,,,,,,,,,,,,,,,,,,,,,,,,,,,TN,TN
autoland,4769114,12,1a03ada32d4ae63ebeeb4561891b61c1e6e17a68,windows10-64-shippable-qr,True,False,,,102210fe594ee9b33d82058545b1ed14f4c8206e,browser-toolbox.close-process.DAMP,damp,True,damp browser-toolbox.close-process.DAMP opt e10s fission stylo webrender-sw,4768818,77,ms,firefox,,1729400044,2023-07-20 23:58:39,68.47599286065088,a81b4cfa355314c5644c5a1924408dd57a6451ba,1275867,,,,,,,,,,,,,,,,,,,,,,,,,,,,,,,,,,,,,,,,,,,,,,,,,,,,,,,,,,,,,TN,TN
autoland,4769114,12,1a03ada32d4ae63ebeeb4561891b61c1e6e17a68,windows10-64-shippable-qr,True,False,,,102210fe594ee9b33d82058545b1ed14f4c8206e,browser-toolbox.close-process.DAMP,damp,True,damp browser-toolbox.close-process.DAMP opt e10s fission stylo webrender-sw,4768818,77,ms,firefox,,1729441759,2023-07-21 02:12:29,69.79460959850257,561b7f418a4da2b68cf411804f9a6dcc542bf5d4,1275913,,,,,,,,,,,,,,,,,,,,,,,,,,,,,,,,,,,,,,,,,,,,,,,,,,,,,,,,,,,,,TN,TN
autoland,4769114,12,1a03ada32d4ae63ebeeb4561891b61c1e6e17a68,windows10-64-shippable-qr,True,False,,,102210fe594ee9b33d82058545b1ed14f4c8206e,browser-toolbox.close-process.DAMP,damp,True,damp browser-toolbox.close-process.DAMP opt e10s fission stylo webrender-sw,4768818,77,ms,firefox,,1729633333,2023-07-21 09:50:03,74.39202591128196,a2fe9197bad582dee22ed11cd3cec32073abcbb1,1276015,,,,,,,,,,,,,,,,,,,,,,,,,,,,,,,,,,,,,,,,,,,,,,,,,,,,,,,,,,,,,TN,TN
autoland,4769114,12,1a03ada32d4ae63ebeeb4561891b61c1e6e17a68,windows10-64-shippable-qr,True,False,,,102210fe594ee9b33d82058545b1ed14f4c8206e,browser-toolbox.close-process.DAMP,damp,True,damp browser-toolbox.close-process.DAMP opt e10s fission stylo webrender-sw,4768818,77,ms,firefox,,1729685786,2023-07-21 13:55:08,70.28512660592241,9df47ce85e0472ca3ad7784cdf4c5640950ed7d9,1276152,,,,,,,,,,,,,,,,,,,,,,,,,,,,,,,,,,,,,,,,,,,,,,,,,,,,,,,,,,,,,TN,TN
autoland,4769114,12,1a03ada32d4ae63ebeeb4561891b61c1e6e17a68,windows10-64-shippable-qr,True,False,,,102210fe594ee9b33d82058545b1ed14f4c8206e,browser-toolbox.close-process.DAMP,damp,True,damp browser-toolbox.close-process.DAMP opt e10s fission stylo webrender-sw,4768818,77,ms,firefox,,1729812320,2023-07-21 17:11:12,75.89211809460176,e289c1fd943bfc8c2973687da74a008f86d9e60f,1276290,,,,,,,,,,,,,,,,,,,,,,,,,,,,,,,,,,,,,,,,,,,,,,,,,,,,,,,,,,,,,TN,TN
autoland,4769114,12,1a03ada32d4ae63ebeeb4561891b61c1e6e17a68,windows10-64-shippable-qr,True,False,,,102210fe594ee9b33d82058545b1ed14f4c8206e,browser-toolbox.close-process.DAMP,damp,True,damp browser-toolbox.close-process.DAMP opt e10s fission stylo webrender-sw,4768818,77,ms,firefox,,1729879212,2023-07-21 21:17:12,68.54081582149956,f13e959d38c7e8d9590bbc8d44f95149bbe180d1,1276495,,,,,,,,,,,,,,,,,,,,,,,,,,,,,,,,,,,,,,,,,,,,,,,,,,,,,,,,,,,,,TN,TN
autoland,4769114,12,1a03ada32d4ae63ebeeb4561891b61c1e6e17a68,windows10-64-shippable-qr,True,False,,,102210fe594ee9b33d82058545b1ed14f4c8206e,browser-toolbox.close-process.DAMP,damp,True,damp browser-toolbox.close-process.DAMP opt e10s fission stylo webrender-sw,4768818,77,ms,firefox,,1729902853,2023-07-21 22:20:56,68.10783411868397,50344759578b6b2e1851c6a6133121c4d89b4f0d,1276531,,,,,,,,,,,,,,,,,,,,,,,,,,,,,,,,,,,,,,,,,,,,,,,,,,,,,,,,,,,,,TN,TN
autoland,4769114,12,1a03ada32d4ae63ebeeb4561891b61c1e6e17a68,windows10-64-shippable-qr,True,False,,,102210fe594ee9b33d82058545b1ed14f4c8206e,browser-toolbox.close-process.DAMP,damp,True,damp browser-toolbox.close-process.DAMP opt e10s fission stylo webrender-sw,4768818,77,ms,firefox,,1729956009,2023-07-22 03:42:46,69.7932719958917,e4939251f81ca8c6a2fb9db3bbd4416e04dff97d,1276588,,,,,,,,,,,,,,,,,,,,,,,,,,,,,,,,,,,,,,,,,,,,,,,,,,,,,,,,,,,,,TN,TN
autoland,4769114,12,1a03ada32d4ae63ebeeb4561891b61c1e6e17a68,windows10-64-shippable-qr,True,False,,,102210fe594ee9b33d82058545b1ed14f4c8206e,browser-toolbox.close-process.DAMP,damp,True,damp browser-toolbox.close-process.DAMP opt e10s fission stylo webrender-sw,4768818,77,ms,firefox,,1730058537,2023-07-22 08:58:42,74.54199838617933,c95ec2e13d66e06547002bd008e87bea4f94c022,1276620,,,,,,,,,,,,,,,,,,,,,,,,,,,,,,,,,,,,,,,,,,,,,,,,,,,,,,,,,,,,,TN,TN
autoland,4769114,12,1a03ada32d4ae63ebeeb4561891b61c1e6e17a68,windows10-64-shippable-qr,True,False,,,102210fe594ee9b33d82058545b1ed14f4c8206e,browser-toolbox.close-process.DAMP,damp,True,damp browser-toolbox.close-process.DAMP opt e10s fission stylo webrender-sw,4768818,77,ms,firefox,,1730107787,2023-07-22 14:13:52,76.33284625091619,b16351df250c572a14efa126f7702fe104ac9fd7,1276645,,,,,,,,,,,,,,,,,,,,,,,,,,,,,,,,,,,,,,,,,,,,,,,,,,,,,,,,,,,,,TN,TN
autoland,4769114,12,1a03ada32d4ae63ebeeb4561891b61c1e6e17a68,windows10-64-shippable-qr,True,False,,,102210fe594ee9b33d82058545b1ed14f4c8206e,browser-toolbox.close-process.DAMP,damp,True,damp browser-toolbox.close-process.DAMP opt e10s fission stylo webrender-sw,4768818,77,ms,firefox,,1730218468,2023-07-23 02:59:53,70.43097480821598,829bb0f62051beedfe5ba05f679d3b6c8e0d1a3b,1276677,,,,,,,,,,,,,,,,,,,,,,,,,,,,,,,,,,,,,,,,,,,,,,,,,,,,,,,,,,,,,TN,TN
autoland,4769114,12,1a03ada32d4ae63ebeeb4561891b61c1e6e17a68,windows10-64-shippable-qr,True,False,,,102210fe594ee9b33d82058545b1ed14f4c8206e,browser-toolbox.close-process.DAMP,damp,True,damp browser-toolbox.close-process.DAMP opt e10s fission stylo webrender-sw,4768818,77,ms,firefox,,1730287105,2023-07-23 12:16:45,70.08194035413908,bd6c5007212e7ee9ecc312d4ef096252a9702033,1276689,,,,,,,,,,,,,,,,,,,,,,,,,,,,,,,,,,,,,,,,,,,,,,,,,,,,,,,,,,,,,TN,TN
autoland,4769114,12,1a03ada32d4ae63ebeeb4561891b61c1e6e17a68,windows10-64-shippable-qr,True,False,,,102210fe594ee9b33d82058545b1ed14f4c8206e,browser-toolbox.close-process.DAMP,damp,True,damp browser-toolbox.close-process.DAMP opt e10s fission stylo webrender-sw,4768818,77,ms,firefox,,1730334529,2023-07-23 17:37:04,68.92140281293541,2fd3284df4616a8723f5b749c4652a682c7b5372,1276726,,,,,,,,,,,,,,,,,,,,,,,,,,,,,,,,,,,,,,,,,,,,,,,,,,,,,,,,,,,,,TN,TN
autoland,4769114,12,1a03ada32d4ae63ebeeb4561891b61c1e6e17a68,windows10-64-shippable-qr,True,False,,,102210fe594ee9b33d82058545b1ed14f4c8206e,browser-toolbox.close-process.DAMP,damp,True,damp browser-toolbox.close-process.DAMP opt e10s fission stylo webrender-sw,4768818,77,ms,firefox,,1730411114,2023-07-24 00:19:00,73.1723925833794,7e5acc812edd3bcb93cfaf76eaab2c3fd6c4d274,1276767,,,,,,,,,,,,,,,,,,,,,,,,,,,,,,,,,,,,,,,,,,,,,,,,,,,,,,,,,,,,,TN,TN
autoland,4769114,12,1a03ada32d4ae63ebeeb4561891b61c1e6e17a68,windows10-64-shippable-qr,True,False,,,102210fe594ee9b33d82058545b1ed14f4c8206e,browser-toolbox.close-process.DAMP,damp,True,damp browser-toolbox.close-process.DAMP opt e10s fission stylo webrender-sw,4768818,77,ms,firefox,,1730440298,2023-07-24 03:08:06,69.90005768529954,7b6332c9bce4487c1db3384523b5991fef31e28c,1276802,,,,,,,,,,,,,,,,,,,,,,,,,,,,,,,,,,,,,,,,,,,,,,,,,,,,,,,,,,,,,TN,TN
autoland,4769114,12,1a03ada32d4ae63ebeeb4561891b61c1e6e17a68,windows10-64-shippable-qr,True,False,,,102210fe594ee9b33d82058545b1ed14f4c8206e,browser-toolbox.close-process.DAMP,damp,True,damp browser-toolbox.close-process.DAMP opt e10s fission stylo webrender-sw,4768818,77,ms,firefox,,1730496106,2023-07-24 07:35:58,68.88846411816485,91b590f6e608c6c3787304fa0010ce58519bde50,1276834,,,,,,,,,,,,,,,,,,,,,,,,,,,,,,,,,,,,,,,,,,,,,,,,,,,,,,,,,,,,,TN,TN
autoland,4769114,12,1a03ada32d4ae63ebeeb4561891b61c1e6e17a68,windows10-64-shippable-qr,True,False,,,102210fe594ee9b33d82058545b1ed14f4c8206e,browser-toolbox.close-process.DAMP,damp,True,damp browser-toolbox.close-process.DAMP opt e10s fission stylo webrender-sw,4768818,77,ms,firefox,,1730661468,2023-07-24 11:14:54,69.29736323907855,b1a1263e67ce531d13e0a5e2e77c737b114e38b0,1276910,,,,,,,,,,,,,,,,,,,,,,,,,,,,,,,,,,,,,,,,,,,,,,,,,,,,,,,,,,,,,TN,TN
autoland,4769114,12,1a03ada32d4ae63ebeeb4561891b61c1e6e17a68,windows10-64-shippable-qr,True,False,,,102210fe594ee9b33d82058545b1ed14f4c8206e,browser-toolbox.close-process.DAMP,damp,True,damp browser-toolbox.close-process.DAMP opt e10s fission stylo webrender-sw,4768818,77,ms,firefox,,1730812795,2023-07-24 16:02:50,73.87732072495419,2483fdffbe5e3c051a32bcf141fb33e9803c0afc,1277068,,,,,,,,,,,,,,,,,,,,,,,,,,,,,,,,,,,,,,,,,,,,,,,,,,,,,,,,,,,,,TN,TN
autoland,4769114,12,1a03ada32d4ae63ebeeb4561891b61c1e6e17a68,windows10-64-shippable-qr,True,False,,,102210fe594ee9b33d82058545b1ed14f4c8206e,browser-toolbox.close-process.DAMP,damp,True,damp browser-toolbox.close-process.DAMP opt e10s fission stylo webrender-sw,4768818,77,ms,firefox,,1730876932,2023-07-24 19:16:11,68.81558938931266,f9c12557d7a4e074be3fc45027ae8ffbb8f27aaf,1277230,,,,,,,,,,,,,,,,,,,,,,,,,,,,,,,,,,,,,,,,,,,,,,,,,,,,,,,,,,,,,TN,TN
autoland,4769114,12,1a03ada32d4ae63ebeeb4561891b61c1e6e17a68,windows10-64-shippable-qr,True,False,,,102210fe594ee9b33d82058545b1ed14f4c8206e,browser-toolbox.close-process.DAMP,damp,True,damp browser-toolbox.close-process.DAMP opt e10s fission stylo webrender-sw,4768818,77,ms,firefox,,1730985067,2023-07-24 23:43:54,70.18682535478729,bd745245ac70d82630be9e971b5a9077b5f514e8,1277393,,,,,,,,,,,,,,,,,,,,,,,,,,,,,,,,,,,,,,,,,,,,,,,,,,,,,,,,,,,,,TN,TN
autoland,4769114,12,1a03ada32d4ae63ebeeb4561891b61c1e6e17a68,windows10-64-shippable-qr,True,False,,,102210fe594ee9b33d82058545b1ed14f4c8206e,browser-toolbox.close-process.DAMP,damp,True,damp browser-toolbox.close-process.DAMP opt e10s fission stylo webrender-sw,4768818,77,ms,firefox,,1730989850,2023-07-25 00:28:34,75.75625697171563,1084bcb2a2550fee8fad1f0be69e603b6c8d67bd,1277414,,,,,,,,,,,,,,,,,,,,,,,,,,,,,,,,,,,,,,,,,,,,,,,,,,,,,,,,,,,,,TN,TN
autoland,4769114,12,1a03ada32d4ae63ebeeb4561891b61c1e6e17a68,windows10-64-shippable-qr,True,False,,,102210fe594ee9b33d82058545b1ed14f4c8206e,browser-toolbox.close-process.DAMP,damp,True,damp browser-toolbox.close-process.DAMP opt e10s fission stylo webrender-sw,4768818,77,ms,firefox,,1731061826,2023-07-25 04:47:38,70.69385180475365,862d1cf3d7a17e3dde9bda49c5561ec902bb8136,1277485,,,,,,,,,,,,,,,,,,,,,,,,,,,,,,,,,,,,,,,,,,,,,,,,,,,,,,,,,,,,,TN,TN
autoland,4769114,12,1a03ada32d4ae63ebeeb4561891b61c1e6e17a68,windows10-64-shippable-qr,True,False,,,102210fe594ee9b33d82058545b1ed14f4c8206e,browser-toolbox.close-process.DAMP,damp,True,damp browser-toolbox.close-process.DAMP opt e10s fission stylo webrender-sw,4768818,77,ms,firefox,,1731142417,2023-07-25 10:06:07,74.29525796083908,8ea7aa580b526bc8c4a486b95f73da88462f716d,1277567,,,,,,,,,,,,,,,,,,,,,,,,,,,,,,,,,,,,,,,,,,,,,,,,,,,,,,,,,,,,,TN,TN
autoland,4769114,12,1a03ada32d4ae63ebeeb4561891b61c1e6e17a68,windows10-64-shippable-qr,True,False,,,102210fe594ee9b33d82058545b1ed14f4c8206e,browser-toolbox.close-process.DAMP,damp,True,damp browser-toolbox.close-process.DAMP opt e10s fission stylo webrender-sw,4768818,77,ms,firefox,,1731184428,2023-07-25 10:29:47,69.38034955306284,45a52966f9649f4dc9b8bbb6a8e68cdcc63ee287,1277576,,,,,,,,,,,,,,,,,,,,,,,,,,,,,,,,,,,,,,,,,,,,,,,,,,,,,,,,,,,,,TN,TN
autoland,4769114,12,1a03ada32d4ae63ebeeb4561891b61c1e6e17a68,windows10-64-shippable-qr,True,False,,,102210fe594ee9b33d82058545b1ed14f4c8206e,browser-toolbox.close-process.DAMP,damp,True,damp browser-toolbox.close-process.DAMP opt e10s fission stylo webrender-sw,4768818,77,ms,firefox,,1731317516,2023-07-25 14:49:04,73.80861765000736,1ae7562fa2353aa63871f769d4e0a1cdd9becf78,1277682,,,,,,,,,,,,,,,,,,,,,,,,,,,,,,,,,,,,,,,,,,,,,,,,,,,,,,,,,,,,,TN,TN
autoland,4769114,12,1a03ada32d4ae63ebeeb4561891b61c1e6e17a68,windows10-64-shippable-qr,True,False,,,102210fe594ee9b33d82058545b1ed14f4c8206e,browser-toolbox.close-process.DAMP,damp,True,damp browser-toolbox.close-process.DAMP opt e10s fission stylo webrender-sw,4768818,77,ms,firefox,,1731313524,2023-07-25 15:17:56,74.04772185409092,c30662ce80ba57a0977cdeb03e776a28af4fa2fb,1277708,,,,,,,,,,,,,,,,,,,,,,,,,,,,,,,,,,,,,,,,,,,,,,,,,,,,,,,,,,,,,TN,TN
autoland,4769114,12,1a03ada32d4ae63ebeeb4561891b61c1e6e17a68,windows10-64-shippable-qr,True,False,,,102210fe594ee9b33d82058545b1ed14f4c8206e,browser-toolbox.close-process.DAMP,damp,True,damp browser-toolbox.close-process.DAMP opt e10s fission stylo webrender-sw,4768818,77,ms,firefox,,1731453803,2023-07-25 23:05:26,71.21272682033305,9a2f59dbe5917068801919377341eb7c1ea2030d,1278011,,,,,,,,,,,,,,,,,,,,,,,,,,,,,,,,,,,,,,,,,,,,,,,,,,,,,,,,,,,,,TN,TN
autoland,4769114,12,1a03ada32d4ae63ebeeb4561891b61c1e6e17a68,windows10-64-shippable-qr,True,False,,,102210fe594ee9b33d82058545b1ed14f4c8206e,browser-toolbox.close-process.DAMP,damp,True,damp browser-toolbox.close-process.DAMP opt e10s fission stylo webrender-sw,4768818,77,ms,firefox,,1731502546,2023-07-26 02:26:30,68.4423248442763,6a9aca2a1b89781175cdec2df700998fa9209282,1278087,,,,,,,,,,,,,,,,,,,,,,,,,,,,,,,,,,,,,,,,,,,,,,,,,,,,,,,,,,,,,TN,TN
autoland,4769114,12,1a03ada32d4ae63ebeeb4561891b61c1e6e17a68,windows10-64-shippable-qr,True,False,,,102210fe594ee9b33d82058545b1ed14f4c8206e,browser-toolbox.close-process.DAMP,damp,True,damp browser-toolbox.close-process.DAMP opt e10s fission stylo webrender-sw,4768818,77,ms,firefox,,1731544833,2023-07-26 06:49:07,71.51219805241271,8470bc21f160f3c1fecb034308c203412e1fcb3c,1278154,,,,,,,,,,,,,,,,,,,,,,,,,,,,,,,,,,,,,,,,,,,,,,,,,,,,,,,,,,,,,TN,TN
autoland,4769114,12,1a03ada32d4ae63ebeeb4561891b61c1e6e17a68,windows10-64-shippable-qr,True,False,,,102210fe594ee9b33d82058545b1ed14f4c8206e,browser-toolbox.close-process.DAMP,damp,True,damp browser-toolbox.close-process.DAMP opt e10s fission stylo webrender-sw,4768818,77,ms,firefox,,1731606205,2023-07-26 09:35:06,68.8252234281681,87846ae3f12d74bcc97619bea65453ce0aca0e54,1278218,,,,,,,,,,,,,,,,,,,,,,,,,,,,,,,,,,,,,,,,,,,,,,,,,,,,,,,,,,,,,TN,TN
autoland,4769114,12,1a03ada32d4ae63ebeeb4561891b61c1e6e17a68,windows10-64-shippable-qr,True,False,,,102210fe594ee9b33d82058545b1ed14f4c8206e,browser-toolbox.close-process.DAMP,damp,True,damp browser-toolbox.close-process.DAMP opt e10s fission stylo webrender-sw,4768818,77,ms,firefox,,1731787135,2023-07-26 15:38:17,75.14690984158369,b65b154c05c37b796b5c0ef7cc01fd37ecfdea1c,1278401,,,,,,,,,,,,,,,,,,,,,,,,,,,,,,,,,,,,,,,,,,,,,,,,,,,,,,,,,,,,,TN,TN
autoland,4769114,12,1a03ada32d4ae63ebeeb4561891b61c1e6e17a68,windows10-64-shippable-qr,True,False,,,102210fe594ee9b33d82058545b1ed14f4c8206e,browser-toolbox.close-process.DAMP,damp,True,damp browser-toolbox.close-process.DAMP opt e10s fission stylo webrender-sw,4768818,77,ms,firefox,,1731887293,2023-07-26 23:24:58,70.73824926068482,84a5d1af6f7ff3689a022412a1fbc2c6632a5f96,1278695,,,,,,,,,,,,,,,,,,,,,,,,,,,,,,,,,,,,,,,,,,,,,,,,,,,,,,,,,,,,,TN,TN
autoland,4769114,12,1a03ada32d4ae63ebeeb4561891b61c1e6e17a68,windows10-64-shippable-qr,True,False,,,102210fe594ee9b33d82058545b1ed14f4c8206e,browser-toolbox.close-process.DAMP,damp,True,damp browser-toolbox.close-process.DAMP opt e10s fission stylo webrender-sw,4768818,77,ms,firefox,,1731993199,2023-07-27 01:40:00,69.91575539060432,3e5ffa17cbfe0cff1585c411714ca008dc6ae15e,1278764,,,,,,,,,,,,,,,,,,,,,,,,,,,,,,,,,,,,,,,,,,,,,,,,,,,,,,,,,,,,,TN,TN
autoland,4769114,12,1a03ada32d4ae63ebeeb4561891b61c1e6e17a68,windows10-64-shippable-qr,True,False,,,102210fe594ee9b33d82058545b1ed14f4c8206e,browser-toolbox.close-process.DAMP,damp,True,damp browser-toolbox.close-process.DAMP opt e10s fission stylo webrender-sw,4768818,77,ms,firefox,,1732143739,2023-07-27 11:30:20,67.53356334675482,84800a0d7e6ed9c82449cedd7ba57c2061572292,1278928,,,,,,,,,,,,,,,,,,,,,,,,,,,,,,,,,,,,,,,,,,,,,,,,,,,,,,,,,,,,,TN,TN
autoland,4769114,12,1a03ada32d4ae63ebeeb4561891b61c1e6e17a68,windows10-64-shippable-qr,True,False,,,102210fe594ee9b33d82058545b1ed14f4c8206e,browser-toolbox.close-process.DAMP,damp,True,damp browser-toolbox.close-process.DAMP opt e10s fission stylo webrender-sw,4768818,77,ms,firefox,,1732434929,2023-07-27 19:34:25,73.57502501123236,f50f1984cd54c49748c94ebf3f3709aa4c582ead,1279276,,,,,,,,,,,,,,,,,,,,,,,,,,,,,,,,,,,,,,,,,,,,,,,,,,,,,,,,,,,,,TN,TN
autoland,4769114,12,1a03ada32d4ae63ebeeb4561891b61c1e6e17a68,windows10-64-shippable-qr,True,False,,,102210fe594ee9b33d82058545b1ed14f4c8206e,browser-toolbox.close-process.DAMP,damp,True,damp browser-toolbox.close-process.DAMP opt e10s fission stylo webrender-sw,4768818,77,ms,firefox,,1732532564,2023-07-27 23:35:22,69.28831280891609,0b367e70ac913aeec6308d2b941cff4dc929cd22,1279407,,,,,,,,,,,,,,,,,,,,,,,,,,,,,,,,,,,,,,,,,,,,,,,,,,,,,,,,,,,,,TN,TN
autoland,4769114,12,1a03ada32d4ae63ebeeb4561891b61c1e6e17a68,windows10-64-shippable-qr,True,False,,,102210fe594ee9b33d82058545b1ed14f4c8206e,browser-toolbox.close-process.DAMP,damp,True,damp browser-toolbox.close-process.DAMP opt e10s fission stylo webrender-sw,4768818,77,ms,firefox,,1732541598,2023-07-28 01:05:08,74.87189744696661,36ce680ea81ccb2f123f0f6831596185e6ea4e83,1279448,,,,,,,,,,,,,,,,,,,,,,,,,,,,,,,,,,,,,,,,,,,,,,,,,,,,,,,,,,,,,TN,TN
autoland,4769114,12,1a03ada32d4ae63ebeeb4561891b61c1e6e17a68,windows10-64-shippable-qr,True,False,,,102210fe594ee9b33d82058545b1ed14f4c8206e,browser-toolbox.close-process.DAMP,damp,True,damp browser-toolbox.close-process.DAMP opt e10s fission stylo webrender-sw,4768818,77,ms,firefox,,1732626733,2023-07-28 05:46:55,68.65952961545554,10692fd51184d10f78fb0eb56090f3c55827b561,1279508,,,,,,,,,,,,,,,,,,,,,,,,,,,,,,,,,,,,,,,,,,,,,,,,,,,,,,,,,,,,,TN,TN
autoland,4769114,12,1a03ada32d4ae63ebeeb4561891b61c1e6e17a68,windows10-64-shippable-qr,True,False,,,102210fe594ee9b33d82058545b1ed14f4c8206e,browser-toolbox.close-process.DAMP,damp,True,damp browser-toolbox.close-process.DAMP opt e10s fission stylo webrender-sw,4768818,77,ms,firefox,,1732751302,2023-07-28 11:09:37,75.97994457417371,af33198f4756b96446ab9cb00f77cc6e2b27f314,1279609,,,,,,,,,,,,,,,,,,,,,,,,,,,,,,,,,,,,,,,,,,,,,,,,,,,,,,,,,,,,,TN,TN
autoland,4769114,12,1a03ada32d4ae63ebeeb4561891b61c1e6e17a68,windows10-64-shippable-qr,True,False,,,102210fe594ee9b33d82058545b1ed14f4c8206e,browser-toolbox.close-process.DAMP,damp,True,damp browser-toolbox.close-process.DAMP opt e10s fission stylo webrender-sw,4768818,77,ms,firefox,,1732957303,2023-07-28 18:48:27,75.13707925612107,2f51f44f5da6afbdb8a587b03f47fcdc7b672475,1279862,,,,,,,,,,,,,,,,,,,,,,,,,,,,,,,,,,,,,,,,,,,,,,,,,,,,,,,,,,,,,TN,TN
autoland,4769114,12,1a03ada32d4ae63ebeeb4561891b61c1e6e17a68,windows10-64-shippable-qr,True,False,,,102210fe594ee9b33d82058545b1ed14f4c8206e,browser-toolbox.close-process.DAMP,damp,True,damp browser-toolbox.close-process.DAMP opt e10s fission stylo webrender-sw,4768818,77,ms,firefox,,1733007411,2023-07-28 22:56:39,69.3068681716286,95255b6bb2d51d6c10d6a3471da82aeaf7512c0f,1279985,,,,,,,,,,,,,,,,,,,,,,,,,,,,,,,,,,,,,,,,,,,,,,,,,,,,,,,,,,,,,TN,TN
autoland,4769114,12,1a03ada32d4ae63ebeeb4561891b61c1e6e17a68,windows10-64-shippable-qr,True,False,,,102210fe594ee9b33d82058545b1ed14f4c8206e,browser-toolbox.close-process.DAMP,damp,True,damp browser-toolbox.close-process.DAMP opt e10s fission stylo webrender-sw,4768818,77,ms,firefox,,1733050943,2023-07-29 03:44:49,69.43391525027982,1c410aed156878dc739ffdb4343c315fb0bb0a00,1280031,,,,,,,,,,,,,,,,,,,,,,,,,,,,,,,,,,,,,,,,,,,,,,,,,,,,,,,,,,,,,TN,TN
autoland,4769114,12,1a03ada32d4ae63ebeeb4561891b61c1e6e17a68,windows10-64-shippable-qr,True,False,,,102210fe594ee9b33d82058545b1ed14f4c8206e,browser-toolbox.close-process.DAMP,damp,True,damp browser-toolbox.close-process.DAMP opt e10s fission stylo webrender-sw,4768818,77,ms,firefox,,1733111523,2023-07-29 09:43:33,77.21859327441052,5f1e1cd609f68ff20fbea6b02e5a3444f7dd303d,1280059,,,,,,,,,,,,,,,,,,,,,,,,,,,,,,,,,,,,,,,,,,,,,,,,,,,,,,,,,,,,,TN,TN
autoland,4769114,12,1a03ada32d4ae63ebeeb4561891b61c1e6e17a68,windows10-64-shippable-qr,True,False,,,102210fe594ee9b33d82058545b1ed14f4c8206e,browser-toolbox.close-process.DAMP,damp,True,damp browser-toolbox.close-process.DAMP opt e10s fission stylo webrender-sw,4768818,77,ms,firefox,,1733213265,2023-07-30 01:23:54,67.57511380051437,9a9597eb50561ea739c8a26da45dcbad6557a326,1280105,,,,,,,,,,,,,,,,,,,,,,,,,,,,,,,,,,,,,,,,,,,,,,,,,,,,,,,,,,,,,TN,TN
autoland,4769114,12,1a03ada32d4ae63ebeeb4561891b61c1e6e17a68,windows10-64-shippable-qr,True,False,,,102210fe594ee9b33d82058545b1ed14f4c8206e,browser-toolbox.close-process.DAMP,damp,True,damp browser-toolbox.close-process.DAMP opt e10s fission stylo webrender-sw,4768818,77,ms,firefox,,1733276384,2023-07-30 13:52:06,75.4061944374298,ce5b2b0d4bc01294b78eeb50a7738e0b5755b3a4,1280125,,,,,,,,,,,,,,,,,,,,,,,,,,,,,,,,,,,,,,,,,,,,,,,,,,,,,,,,,,,,,TN,TN
autoland,4769114,12,1a03ada32d4ae63ebeeb4561891b61c1e6e17a68,windows10-64-shippable-qr,True,False,,,102210fe594ee9b33d82058545b1ed14f4c8206e,browser-toolbox.close-process.DAMP,damp,True,damp browser-toolbox.close-process.DAMP opt e10s fission stylo webrender-sw,4768818,77,ms,firefox,,1733344431,2023-07-31 04:52:45,70.65615860802063,91dd0dbb8e738b29e6f14bdbaaf28f2b1f531b2b,1280185,,,,,,,,,,,,,,,,,,,,,,,,,,,,,,,,,,,,,,,,,,,,,,,,,,,,,,,,,,,,,TN,TN
autoland,4769114,12,1a03ada32d4ae63ebeeb4561891b61c1e6e17a68,windows10-64-shippable-qr,True,False,,,102210fe594ee9b33d82058545b1ed14f4c8206e,browser-toolbox.close-process.DAMP,damp,True,damp browser-toolbox.close-process.DAMP opt e10s fission stylo webrender-sw,4768818,77,ms,firefox,,1733460492,2023-07-31 09:26:34,74.67684294241917,2b4f8ad0cecd1e9ce287bf572fd28b8b94d91717,1280244,,,,,,,,,,,,,,,,,,,,,,,,,,,,,,,,,,,,,,,,,,,,,,,,,,,,,,,,,,,,,TN,TN
autoland,4769114,12,1a03ada32d4ae63ebeeb4561891b61c1e6e17a68,windows10-64-shippable-qr,True,False,,,102210fe594ee9b33d82058545b1ed14f4c8206e,browser-toolbox.close-process.DAMP,damp,True,damp browser-toolbox.close-process.DAMP opt e10s fission stylo webrender-sw,4768818,77,ms,firefox,,1733463066,2023-07-31 10:39:42,74.84151874399322,805b1cd5321098059e548eed4aa9db6f43cd833e,1280276,,,,,,,,,,,,,,,,,,,,,,,,,,,,,,,,,,,,,,,,,,,,,,,,,,,,,,,,,,,,,TN,TN
autoland,4769114,12,1a03ada32d4ae63ebeeb4561891b61c1e6e17a68,windows10-64-shippable-qr,True,False,,,102210fe594ee9b33d82058545b1ed14f4c8206e,browser-toolbox.close-process.DAMP,damp,True,damp browser-toolbox.close-process.DAMP opt e10s fission stylo webrender-sw,4768818,77,ms,firefox,,1733598992,2023-07-31 14:45:15,75.15895912324049,7cad7000bc1c51f14ca241ac2aa08ac299612b8c,1280380,,,,,,,,,,,,,,,,,,,,,,,,,,,,,,,,,,,,,,,,,,,,,,,,,,,,,,,,,,,,,TN,TN
autoland,4769114,12,1a03ada32d4ae63ebeeb4561891b61c1e6e17a68,windows10-64-shippable-qr,True,False,,,102210fe594ee9b33d82058545b1ed14f4c8206e,browser-toolbox.close-process.DAMP,damp,True,damp browser-toolbox.close-process.DAMP opt e10s fission stylo webrender-sw,4768818,77,ms,firefox,,1733628487,2023-07-31 16:08:26,74.93689594614261,0a238650aa096b0da883226d02d11fc5178541f3,1280438,,,,,,,,,,,,,,,,,,,,,,,,,,,,,,,,,,,,,,,,,,,,,,,,,,,,,,,,,,,,,TN,TN
autoland,4769114,12,1a03ada32d4ae63ebeeb4561891b61c1e6e17a68,windows10-64-shippable-qr,True,False,,,102210fe594ee9b33d82058545b1ed14f4c8206e,browser-toolbox.close-process.DAMP,damp,True,damp browser-toolbox.close-process.DAMP opt e10s fission stylo webrender-sw,4768818,77,ms,firefox,,1733776325,2023-07-31 21:31:29,74.91546030996687,2d698aca1dece26df297dd085dbde9216e3b2e66,1280612,,,,,,,,,,,,,,,,,,,,,,,,,,,,,,,,,,,,,,,,,,,,,,,,,,,,,,,,,,,,,TN,TN
autoland,4769114,12,1a03ada32d4ae63ebeeb4561891b61c1e6e17a68,windows10-64-shippable-qr,True,False,,,102210fe594ee9b33d82058545b1ed14f4c8206e,browser-toolbox.close-process.DAMP,damp,True,damp browser-toolbox.close-process.DAMP opt e10s fission stylo webrender-sw,4768818,77,ms,firefox,,1733726108,2023-07-31 21:34:42,68.90760232163302,28250de453513da3369c412cbce0f35b97146bec,1280618,,,,,,,,,,,,,,,,,,,,,,,,,,,,,,,,,,,,,,,,,,,,,,,,,,,,,,,,,,,,,TN,TN
autoland,4769114,12,1a03ada32d4ae63ebeeb4561891b61c1e6e17a68,windows10-64-shippable-qr,True,False,,,102210fe594ee9b33d82058545b1ed14f4c8206e,browser-toolbox.close-process.DAMP,damp,True,damp browser-toolbox.close-process.DAMP opt e10s fission stylo webrender-sw,4768818,77,ms,firefox,,1733820505,2023-07-31 23:41:21,72.26271567112417,195161a06a7a71dbce0ee5e8ddb8c84f3cb03df7,1280694,,,,,,,,,,,,,,,,,,,,,,,,,,,,,,,,,,,,,,,,,,,,,,,,,,,,,,,,,,,,,TN,TN
autoland,4769114,12,1a03ada32d4ae63ebeeb4561891b61c1e6e17a68,windows10-64-shippable-qr,True,False,,,102210fe594ee9b33d82058545b1ed14f4c8206e,browser-toolbox.close-process.DAMP,damp,True,damp browser-toolbox.close-process.DAMP opt e10s fission stylo webrender-sw,4768818,77,ms,firefox,,1733870368,2023-08-01 03:53:20,68.17217550691566,ca66ac527c958bd3f26f8c86f291fa85de21ec56,1280753,,,,,,,,,,,,,,,,,,,,,,,,,,,,,,,,,,,,,,,,,,,,,,,,,,,,,,,,,,,,,TN,TN
autoland,4769114,12,1a03ada32d4ae63ebeeb4561891b61c1e6e17a68,windows10-64-shippable-qr,True,False,,,102210fe594ee9b33d82058545b1ed14f4c8206e,browser-toolbox.close-process.DAMP,damp,True,damp browser-toolbox.close-process.DAMP opt e10s fission stylo webrender-sw,4768818,77,ms,firefox,,1733914934,2023-08-01 04:02:13,75.66765527991811,d5ecff066adaf3a4029a970db93a9f23f1ed2587,1280758,,,,,,,,,,,,,,,,,,,,,,,,,,,,,,,,,,,,,,,,,,,,,,,,,,,,,,,,,,,,,TN,TN
autoland,4769114,12,1a03ada32d4ae63ebeeb4561891b61c1e6e17a68,windows10-64-shippable-qr,True,False,,,102210fe594ee9b33d82058545b1ed14f4c8206e,browser-toolbox.close-process.DAMP,damp,True,damp browser-toolbox.close-process.DAMP opt e10s fission stylo webrender-sw,4768818,77,ms,firefox,,1734017989,2023-08-01 08:15:56,75.19930449932872,5201d6f4a7e8740bd42f08295800c15e0e18cd7e,1280812,,,,,,,,,,,,,,,,,,,,,,,,,,,,,,,,,,,,,,,,,,,,,,,,,,,,,,,,,,,,,TN,TN
autoland,4769114,12,1a03ada32d4ae63ebeeb4561891b61c1e6e17a68,windows10-64-shippable-qr,True,False,,,102210fe594ee9b33d82058545b1ed14f4c8206e,browser-toolbox.close-process.DAMP,damp,True,damp browser-toolbox.close-process.DAMP opt e10s fission stylo webrender-sw,4768818,77,ms,firefox,,1734022733,2023-08-01 08:24:47,75.01973758991517,b83cfea645752706c643567095d49b349cb9e610,1280822,,,,,,,,,,,,,,,,,,,,,,,,,,,,,,,,,,,,,,,,,,,,,,,,,,,,,,,,,,,,,TN,TN
autoland,4769114,12,1a03ada32d4ae63ebeeb4561891b61c1e6e17a68,windows10-64-shippable-qr,True,False,,,102210fe594ee9b33d82058545b1ed14f4c8206e,browser-toolbox.close-process.DAMP,damp,True,damp browser-toolbox.close-process.DAMP opt e10s fission stylo webrender-sw,4768818,77,ms,firefox,,1734088127,2023-08-01 12:32:45,72.53631867659715,90b19e0d07e5d2cd137f135b860f0357df90e338,1280938,,,,,,,,,,,,,,,,,,,,,,,,,,,,,,,,,,,,,,,,,,,,,,,,,,,,,,,,,,,,,TN,TN
autoland,4769114,12,1a03ada32d4ae63ebeeb4561891b61c1e6e17a68,windows10-64-shippable-qr,True,False,,,102210fe594ee9b33d82058545b1ed14f4c8206e,browser-toolbox.close-process.DAMP,damp,True,damp browser-toolbox.close-process.DAMP opt e10s fission stylo webrender-sw,4768818,77,ms,firefox,,1734094835,2023-08-01 12:49:44,74.01788042669796,61356e1447e3bb09709883f8b5806a201d39c5a4,1280953,,,,,,,,,,,,,,,,,,,,,,,,,,,,,,,,,,,,,,,,,,,,,,,,,,,,,,,,,,,,,TN,TN
autoland,4769114,12,1a03ada32d4ae63ebeeb4561891b61c1e6e17a68,windows10-64-shippable-qr,True,False,,,102210fe594ee9b33d82058545b1ed14f4c8206e,browser-toolbox.close-process.DAMP,damp,True,damp browser-toolbox.close-process.DAMP opt e10s fission stylo webrender-sw,4768818,77,ms,firefox,,1734155836,2023-08-01 15:48:38,70.38077722846356,ea7df1f8976b5cdf0d7ddbc918c38d7fffcee983,1281058,,,,,,,,,,,,,,,,,,,,,,,,,,,,,,,,,,,,,,,,,,,,,,,,,,,,,,,,,,,,,TN,TN
autoland,4769114,12,1a03ada32d4ae63ebeeb4561891b61c1e6e17a68,windows10-64-shippable-qr,True,False,,,102210fe594ee9b33d82058545b1ed14f4c8206e,browser-toolbox.close-process.DAMP,damp,True,damp browser-toolbox.close-process.DAMP opt e10s fission stylo webrender-sw,4768818,77,ms,firefox,,1734354551,2023-08-01 20:02:17,68.8782241094159,fd6f3d21ce3f450906d293c067fdadc62ea991a6,1281212,,,,,,,,,,,,,,,,,,,,,,,,,,,,,,,,,,,,,,,,,,,,,,,,,,,,,,,,,,,,,TN,TN
autoland,4769114,12,1a03ada32d4ae63ebeeb4561891b61c1e6e17a68,windows10-64-shippable-qr,True,False,,,102210fe594ee9b33d82058545b1ed14f4c8206e,browser-toolbox.close-process.DAMP,damp,True,damp browser-toolbox.close-process.DAMP opt e10s fission stylo webrender-sw,4768818,77,ms,firefox,,1734395682,2023-08-02 00:13:38,69.76011113803543,323a980eddb18489b9d7de1ffeff427026574b4c,1281337,,,,,,,,,,,,,,,,,,,,,,,,,,,,,,,,,,,,,,,,,,,,,,,,,,,,,,,,,,,,,TN,TN
autoland,4769114,12,1a03ada32d4ae63ebeeb4561891b61c1e6e17a68,windows10-64-shippable-qr,True,False,,,102210fe594ee9b33d82058545b1ed14f4c8206e,browser-toolbox.close-process.DAMP,damp,True,damp browser-toolbox.close-process.DAMP opt e10s fission stylo webrender-sw,4768818,77,ms,firefox,,1734558634,2023-08-02 06:07:22,73.84297208946373,7ee1dad073d03db2f730fd5c2baf77f37e458feb,1281414,,,,,,,,,,,,,,,,,,,,,,,,,,,,,,,,,,,,,,,,,,,,,,,,,,,,,,,,,,,,,TN,TN
autoland,4769114,12,1a03ada32d4ae63ebeeb4561891b61c1e6e17a68,windows10-64-shippable-qr,True,False,,,102210fe594ee9b33d82058545b1ed14f4c8206e,browser-toolbox.close-process.DAMP,damp,True,damp browser-toolbox.close-process.DAMP opt e10s fission stylo webrender-sw,4768818,77,ms,firefox,,1734556532,2023-08-02 06:35:09,77.02600210397213,a8968f9e8cf0bba14f132004f11b34a8abb93165,1281421,,,,,,,,,,,,,,,,,,,,,,,,,,,,,,,,,,,,,,,,,,,,,,,,,,,,,,,,,,,,,TN,TN
autoland,4769114,12,1a03ada32d4ae63ebeeb4561891b61c1e6e17a68,windows10-64-shippable-qr,True,False,,,102210fe594ee9b33d82058545b1ed14f4c8206e,browser-toolbox.close-process.DAMP,damp,True,damp browser-toolbox.close-process.DAMP opt e10s fission stylo webrender-sw,4768818,77,ms,firefox,,1734618872,2023-08-02 10:39:12,75.22890686200117,338c2c8d91af0f92fa1a7a3b5fb1830adb54b373,1281520,,,,,,,,,,,,,,,,,,,,,,,,,,,,,,,,,,,,,,,,,,,,,,,,,,,,,,,,,,,,,TN,TN
autoland,4769114,12,1a03ada32d4ae63ebeeb4561891b61c1e6e17a68,windows10-64-shippable-qr,True,False,,,102210fe594ee9b33d82058545b1ed14f4c8206e,browser-toolbox.close-process.DAMP,damp,True,damp browser-toolbox.close-process.DAMP opt e10s fission stylo webrender-sw,4768818,77,ms,firefox,,1734642342,2023-08-02 12:59:29,69.61360364215216,b21c8906db6d0a7e0fbae7e609d90da9cf977fbb,1281568,,,,,,,,,,,,,,,,,,,,,,,,,,,,,,,,,,,,,,,,,,,,,,,,,,,,,,,,,,,,,TN,TN
autoland,4769114,12,1a03ada32d4ae63ebeeb4561891b61c1e6e17a68,windows10-64-shippable-qr,True,False,,,102210fe594ee9b33d82058545b1ed14f4c8206e,browser-toolbox.close-process.DAMP,damp,True,damp browser-toolbox.close-process.DAMP opt e10s fission stylo webrender-sw,4768818,77,ms,firefox,,1734726626,2023-08-02 16:29:38,75.69301724519755,90ca26ab8ee142d08164d3ed9761aa023bc4e2aa,1281697,,,,,,,,,,,,,,,,,,,,,,,,,,,,,,,,,,,,,,,,,,,,,,,,,,,,,,,,,,,,,TN,TN
autoland,4769114,12,1a03ada32d4ae63ebeeb4561891b61c1e6e17a68,windows10-64-shippable-qr,True,False,,,102210fe594ee9b33d82058545b1ed14f4c8206e,browser-toolbox.close-process.DAMP,damp,True,damp browser-toolbox.close-process.DAMP opt e10s fission stylo webrender-sw,4768818,77,ms,firefox,,1735051503,2023-08-03 00:54:50,74.24203532936735,9836af94c959ecca4666d7f0c19125b41969ff65,1282044,,,,,,,,,,,,,,,,,,,,,,,,,,,,,,,,,,,,,,,,,,,,,,,,,,,,,,,,,,,,,TN,TN
autoland,4769114,12,1a03ada32d4ae63ebeeb4561891b61c1e6e17a68,windows10-64-shippable-qr,True,False,,,102210fe594ee9b33d82058545b1ed14f4c8206e,browser-toolbox.close-process.DAMP,damp,True,damp browser-toolbox.close-process.DAMP opt e10s fission stylo webrender-sw,4768818,77,ms,firefox,,1735038683,2023-08-03 00:55:51,76.38237986626336,c37e853eb755f0f4110f01509516da8c93baf284,1282045,,,,,,,,,,,,,,,,,,,,,,,,,,,,,,,,,,,,,,,,,,,,,,,,,,,,,,,,,,,,,TN,TN
autoland,4769114,12,1a03ada32d4ae63ebeeb4561891b61c1e6e17a68,windows10-64-shippable-qr,True,False,,,102210fe594ee9b33d82058545b1ed14f4c8206e,browser-toolbox.close-process.DAMP,damp,True,damp browser-toolbox.close-process.DAMP opt e10s fission stylo webrender-sw,4768818,77,ms,firefox,,1735158374,2023-08-03 05:32:27,74.64612296864652,1eb2f6905e74aa982d6b71bec524ccfde726bb7b,1282117,,,,,,,,,,,,,,,,,,,,,,,,,,,,,,,,,,,,,,,,,,,,,,,,,,,,,,,,,,,,,TN,TN
autoland,4769114,12,1a03ada32d4ae63ebeeb4561891b61c1e6e17a68,windows10-64-shippable-qr,True,False,,,102210fe594ee9b33d82058545b1ed14f4c8206e,browser-toolbox.close-process.DAMP,damp,True,damp browser-toolbox.close-process.DAMP opt e10s fission stylo webrender-sw,4768818,77,ms,firefox,,1736390078,2023-08-03 08:18:28,71.65372956222564,ce70368fe145625608ba707f859b6262e49a3fde,1282156,,,,,,,,,,,,,,,,,,,,,,,,,,,,,,,,,,,,,,,,,,,,,,,,,,,,,,,,,,,,,TN,TN
autoland,4769114,12,1a03ada32d4ae63ebeeb4561891b61c1e6e17a68,windows10-64-shippable-qr,True,False,,,102210fe594ee9b33d82058545b1ed14f4c8206e,browser-toolbox.close-process.DAMP,damp,True,damp browser-toolbox.close-process.DAMP opt e10s fission stylo webrender-sw,4768818,77,ms,firefox,,1736391131,2023-08-03 08:30:00,69.99579818022903,fc6121a69859862d3762da053541db6e8fb1a235,1282163,,,,,,,,,,,,,,,,,,,,,,,,,,,,,,,,,,,,,,,,,,,,,,,,,,,,,,,,,,,,,TN,TN
autoland,4769114,12,1a03ada32d4ae63ebeeb4561891b61c1e6e17a68,windows10-64-shippable-qr,True,False,,,102210fe594ee9b33d82058545b1ed14f4c8206e,browser-toolbox.close-process.DAMP,damp,True,damp browser-toolbox.close-process.DAMP opt e10s fission stylo webrender-sw,4768818,77,ms,firefox,,1736392072,2023-08-03 09:00:47,71.44341945643828,95b8138d8bc94b65efc456a3eba38835a3afb3a9,1282178,,,,,,,,,,,,,,,,,,,,,,,,,,,,,,,,,,,,,,,,,,,,,,,,,,,,,,,,,,,,,TN,TN
autoland,4769114,12,1a03ada32d4ae63ebeeb4561891b61c1e6e17a68,windows10-64-shippable-qr,True,False,,,102210fe594ee9b33d82058545b1ed14f4c8206e,browser-toolbox.close-process.DAMP,damp,True,damp browser-toolbox.close-process.DAMP opt e10s fission stylo webrender-sw,4768818,77,ms,firefox,,1736392834,2023-08-03 09:07:03,72.33147170038137,ebc036450b323fadbab0feb654346cf19d5720a2,1282181,,,,,,,,,,,,,,,,,,,,,,,,,,,,,,,,,,,,,,,,,,,,,,,,,,,,,,,,,,,,,TN,TN
autoland,4769114,12,1a03ada32d4ae63ebeeb4561891b61c1e6e17a68,windows10-64-shippable-qr,True,False,,,102210fe594ee9b33d82058545b1ed14f4c8206e,browser-toolbox.close-process.DAMP,damp,True,damp browser-toolbox.close-process.DAMP opt e10s fission stylo webrender-sw,4768818,77,ms,firefox,,1736389897,2023-08-03 09:28:34,70.6687879391975,01837134e47e1685a64e399acb9ef435e1b3a65d,1282191,,,,,,,,,,,,,,,,,,,,,,,,,,,,,,,,,,,,,,,,,,,,,,,,,,,,,,,,,,,,,TN,TN
autoland,4769114,12,1a03ada32d4ae63ebeeb4561891b61c1e6e17a68,windows10-64-shippable-qr,True,False,,,102210fe594ee9b33d82058545b1ed14f4c8206e,browser-toolbox.close-process.DAMP,damp,True,damp browser-toolbox.close-process.DAMP opt e10s fission stylo webrender-sw,4768818,77,ms,firefox,,1735243078,2023-08-03 09:35:33,74.56710436941648,6f55c55c40c70eff3b82d3129f516257598ea115,1282197,,,,,,,,,,,,,,,,,,,,,,,,,,,,,,,,,,,,,,,,,,,,,,,,,,,,,,,,,,,,,TN,TN
autoland,4769114,12,1a03ada32d4ae63ebeeb4561891b61c1e6e17a68,windows10-64-shippable-qr,True,False,,,102210fe594ee9b33d82058545b1ed14f4c8206e,browser-toolbox.close-process.DAMP,damp,True,damp browser-toolbox.close-process.DAMP opt e10s fission stylo webrender-sw,4768818,77,ms,firefox,,1736390342,2023-08-03 11:00:21,67.73319734606775,038d0e1757415d411c5203961ad858ad60118a0c,1282226,,,,,,,,,,,,,,,,,,,,,,,,,,,,,,,,,,,,,,,,,,,,,,,,,,,,,,,,,,,,,TN,TN
autoland,4769114,12,1a03ada32d4ae63ebeeb4561891b61c1e6e17a68,windows10-64-shippable-qr,True,False,,,102210fe594ee9b33d82058545b1ed14f4c8206e,browser-toolbox.close-process.DAMP,damp,True,damp browser-toolbox.close-process.DAMP opt e10s fission stylo webrender-sw,4768818,77,ms,firefox,,1736389060,2023-08-03 11:03:15,71.31810120135196,0744a4057867d426271b00fd3f15951dc9d18ab9,1282227,,,,,,,,,,,,,,,,,,,,,,,,,,,,,,,,,,,,,,,,,,,,,,,,,,,,,,,,,,,,,TN,TN
autoland,4769114,12,1a03ada32d4ae63ebeeb4561891b61c1e6e17a68,windows10-64-shippable-qr,True,False,,,102210fe594ee9b33d82058545b1ed14f4c8206e,browser-toolbox.close-process.DAMP,damp,True,damp browser-toolbox.close-process.DAMP opt e10s fission stylo webrender-sw,4768818,77,ms,firefox,,1736392659,2023-08-03 11:04:56,68.6279261708114,ab5c361b9916c486c602424efdf3563d59f77b5b,1282228,,,,,,,,,,,,,,,,,,,,,,,,,,,,,,,,,,,,,,,,,,,,,,,,,,,,,,,,,,,,,TN,TN
autoland,4769114,12,1a03ada32d4ae63ebeeb4561891b61c1e6e17a68,windows10-64-shippable-qr,True,False,,,102210fe594ee9b33d82058545b1ed14f4c8206e,browser-toolbox.close-process.DAMP,damp,True,damp browser-toolbox.close-process.DAMP opt e10s fission stylo webrender-sw,4768818,77,ms,firefox,,1735283658,2023-08-03 11:38:24,70.32587065525877,9a8ae552959ec73c3546151f30d131552d64bce0,1282235,,,,,,,,,,,,,,,,,,,,,,,,,,,,,,,,,,,,,,,,,,,,,,,,,,,,,,,,,,,,,TN,TN
autoland,4769114,12,1a03ada32d4ae63ebeeb4561891b61c1e6e17a68,windows10-64-shippable-qr,True,False,,,102210fe594ee9b33d82058545b1ed14f4c8206e,browser-toolbox.close-process.DAMP,damp,True,damp browser-toolbox.close-process.DAMP opt e10s fission stylo webrender-sw,4768818,77,ms,firefox,,1736390765,2023-08-03 14:14:17,71.30325318361065,d84e836e47652db87a27a6f4b689c2a34c699685,1282300,,,,,,,,,,,,,,,,,,,,,,,,,,,,,,,,,,,,,,,,,,,,,,,,,,,,,,,,,,,,,TN,TN
autoland,4769114,12,1a03ada32d4ae63ebeeb4561891b61c1e6e17a68,windows10-64-shippable-qr,True,False,,,102210fe594ee9b33d82058545b1ed14f4c8206e,browser-toolbox.close-process.DAMP,damp,True,damp browser-toolbox.close-process.DAMP opt e10s fission stylo webrender-sw,4768818,77,ms,firefox,,1736390553,2023-08-03 14:16:16,70.02571604892728,b2cc22534ecdaa1e1f00f93d1c09260344c340e9,1282303,,,,,,,,,,,,,,,,,,,,,,,,,,,,,,,,,,,,,,,,,,,,,,,,,,,,,,,,,,,,,TN,TN
autoland,4769114,12,1a03ada32d4ae63ebeeb4561891b61c1e6e17a68,windows10-64-shippable-qr,True,False,,,102210fe594ee9b33d82058545b1ed14f4c8206e,browser-toolbox.close-process.DAMP,damp,True,damp browser-toolbox.close-process.DAMP opt e10s fission stylo webrender-sw,4768818,77,ms,firefox,,1736389442,2023-08-03 14:17:05,69.7579162839611,0633fc6a610e483da0f0ac5641f66a964420e697,1282304,,,,,,,,,,,,,,,,,,,,,,,,,,,,,,,,,,,,,,,,,,,,,,,,,,,,,,,,,,,,,TN,TN
autoland,4769114,12,1a03ada32d4ae63ebeeb4561891b61c1e6e17a68,windows10-64-shippable-qr,True,False,,,102210fe594ee9b33d82058545b1ed14f4c8206e,browser-toolbox.close-process.DAMP,damp,True,damp browser-toolbox.close-process.DAMP opt e10s fission stylo webrender-sw,4768818,77,ms,firefox,,1736388526,2023-08-03 14:18:12,69.01095577787055,79cd2eba90d36212245b0af31cbe00e4154a1c5a,1282306,,,,,,,,,,,,,,,,,,,,,,,,,,,,,,,,,,,,,,,,,,,,,,,,,,,,,,,,,,,,,TN,TN
autoland,4769114,12,1a03ada32d4ae63ebeeb4561891b61c1e6e17a68,windows10-64-shippable-qr,True,False,,,102210fe594ee9b33d82058545b1ed14f4c8206e,browser-toolbox.close-process.DAMP,damp,True,damp browser-toolbox.close-process.DAMP opt e10s fission stylo webrender-sw,4768818,77,ms,firefox,,1736384570,2023-08-03 14:19:08,67.62338937685126,588683fe0bb990c5d55a73ef988de35266140b53,1282308,,,,,,,,,,,,,,,,,,,,,,,,,,,,,,,,,,,,,,,,,,,,,,,,,,,,,,,,,,,,,TN,TN
autoland,4769114,12,1a03ada32d4ae63ebeeb4561891b61c1e6e17a68,windows10-64-shippable-qr,True,False,,,102210fe594ee9b33d82058545b1ed14f4c8206e,browser-toolbox.close-process.DAMP,damp,True,damp browser-toolbox.close-process.DAMP opt e10s fission stylo webrender-sw,4768818,77,ms,firefox,,1736382916,2023-08-03 14:22:06,75.49174981252145,6008820328aa76634b459ba3684b5b0323e582f6,1282311,,,,,,,,,,,,,,,,,,,,,,,,,,,,,,,,,,,,,,,,,,,,,,,,,,,,,,,,,,,,,TN,TN
autoland,4769114,12,1a03ada32d4ae63ebeeb4561891b61c1e6e17a68,windows10-64-shippable-qr,True,False,,,102210fe594ee9b33d82058545b1ed14f4c8206e,browser-toolbox.close-process.DAMP,damp,True,damp browser-toolbox.close-process.DAMP opt e10s fission stylo webrender-sw,4768818,77,ms,firefox,,1736382968,2023-08-03 14:23:01,76.26480234918563,70697d9cc1cd620b8e896293858057259c6b54f6,1282313,,,,,,,,,,,,,,,,,,,,,,,,,,,,,,,,,,,,,,,,,,,,,,,,,,,,,,,,,,,,,TN,TN
autoland,4769114,12,1a03ada32d4ae63ebeeb4561891b61c1e6e17a68,windows10-64-shippable-qr,True,False,,,102210fe594ee9b33d82058545b1ed14f4c8206e,browser-toolbox.close-process.DAMP,damp,True,damp browser-toolbox.close-process.DAMP opt e10s fission stylo webrender-sw,4768818,77,ms,firefox,,1735498825,2023-08-03 15:46:38,75.3090945582735,b801323d1ecc3535a192916c7cb0575710458777,1282361,,,,,,,,,,,,,,,,,,,,,,,,,,,,,,,,,,,,,,,,,,,,,,,,,,,,,,,,,,,,,TN,TN
autoland,4769114,12,1a03ada32d4ae63ebeeb4561891b61c1e6e17a68,windows10-64-shippable-qr,True,False,,,102210fe594ee9b33d82058545b1ed14f4c8206e,browser-toolbox.close-process.DAMP,damp,True,damp browser-toolbox.close-process.DAMP opt e10s fission stylo webrender-sw,4768818,77,ms,firefox,,1736383293,2023-08-03 15:55:35,73.11453665250156,3d9308c4bebf7f62c9bb9511647283492ffd0550,1282367,,,,,,,,,,,,,,,,,,,,,,,,,,,,,,,,,,,,,,,,,,,,,,,,,,,,,,,,,,,,,TN,TN
autoland,4769114,12,1a03ada32d4ae63ebeeb4561891b61c1e6e17a68,windows10-64-shippable-qr,True,False,,,102210fe594ee9b33d82058545b1ed14f4c8206e,browser-toolbox.close-process.DAMP,damp,True,damp browser-toolbox.close-process.DAMP opt e10s fission stylo webrender-sw,4768818,77,ms,firefox,,1736383254,2023-08-03 15:56:32,73.43100240331114,fffad9c225c7c01f2a11f936580714578b329c10,1282368,,,,,,,,,,,,,,,,,,,,,,,,,,,,,,,,,,,,,,,,,,,,,,,,,,,,,,,,,,,,,TN,TN
autoland,4769114,12,1a03ada32d4ae63ebeeb4561891b61c1e6e17a68,windows10-64-shippable-qr,True,False,,,102210fe594ee9b33d82058545b1ed14f4c8206e,browser-toolbox.close-process.DAMP,damp,True,damp browser-toolbox.close-process.DAMP opt e10s fission stylo webrender-sw,4768818,77,ms,firefox,,1736383345,2023-08-03 15:57:22,76.53516451932228,bbe27026e714e6eb4b13398615ad9c34f142f637,1282369,,,,,,,,,,,,,,,,,,,,,,,,,,,,,,,,,,,,,,,,,,,,,,,,,,,,,,,,,,,,,TN,TN
autoland,4769114,12,1a03ada32d4ae63ebeeb4561891b61c1e6e17a68,windows10-64-shippable-qr,True,False,,,102210fe594ee9b33d82058545b1ed14f4c8206e,browser-toolbox.close-process.DAMP,damp,True,damp browser-toolbox.close-process.DAMP opt e10s fission stylo webrender-sw,4768818,77,ms,firefox,,1736383188,2023-08-03 15:58:52,75.58981556733488,54392d90eefe45783c710f5ad4088988b260e9ef,1282371,,,,,,,,,,,,,,,,,,,,,,,,,,,,,,,,,,,,,,,,,,,,,,,,,,,,,,,,,,,,,TN,TN
autoland,4769114,12,1a03ada32d4ae63ebeeb4561891b61c1e6e17a68,windows10-64-shippable-qr,True,False,,,102210fe594ee9b33d82058545b1ed14f4c8206e,browser-toolbox.close-process.DAMP,damp,True,damp browser-toolbox.close-process.DAMP opt e10s fission stylo webrender-sw,4768818,77,ms,firefox,,1736383438,2023-08-03 15:59:42,73.93730042650714,8c37f2aefe559060c998282e6d523a922fe075c8,1282373,,,,,,,,,,,,,,,,,,,,,,,,,,,,,,,,,,,,,,,,,,,,,,,,,,,,,,,,,,,,,TN,TN
autoland,4769114,12,1a03ada32d4ae63ebeeb4561891b61c1e6e17a68,windows10-64-shippable-qr,True,False,,,102210fe594ee9b33d82058545b1ed14f4c8206e,browser-toolbox.close-process.DAMP,damp,True,damp browser-toolbox.close-process.DAMP opt e10s fission stylo webrender-sw,4768818,77,ms,firefox,,1735438554,2023-08-03 16:00:50,76.26880578247074,58d067f89f59472dc1a89d573ccebb4850863efa,1282374,,,,,,,,,,,,,,,,,,,,,,,,,,,,,,,,,,,,,,,,,,,,,,,,,,,,,,,,,,,,,TN,TN
autoland,4769114,12,1a03ada32d4ae63ebeeb4561891b61c1e6e17a68,windows10-64-shippable-qr,True,False,,,102210fe594ee9b33d82058545b1ed14f4c8206e,browser-toolbox.close-process.DAMP,damp,True,damp browser-toolbox.close-process.DAMP opt e10s fission stylo webrender-sw,4768818,77,ms,firefox,,1736389751,2023-08-03 18:19:48,70.57180111206253,3db10d6296ee2f4f023f1877ce5b194b7c62a259,1282465,,,,,,,,,,,,,,,,,,,,,,,,,,,,,,,,,,,,,,,,,,,,,,,,,,,,,,,,,,,,,TN,TN
autoland,4769114,12,1a03ada32d4ae63ebeeb4561891b61c1e6e17a68,windows10-64-shippable-qr,True,False,,,102210fe594ee9b33d82058545b1ed14f4c8206e,browser-toolbox.close-process.DAMP,damp,True,damp browser-toolbox.close-process.DAMP opt e10s fission stylo webrender-sw,4768818,77,ms,firefox,,1736391323,2023-08-03 18:30:40,71.33385147705849,3b8590dae1a656c8e899e4bc741b5a40562e4fa4,1282475,,,,,,,,,,,,,,,,,,,,,,,,,,,,,,,,,,,,,,,,,,,,,,,,,,,,,,,,,,,,,TN,TN
autoland,4769114,12,1a03ada32d4ae63ebeeb4561891b61c1e6e17a68,windows10-64-shippable-qr,True,False,,,102210fe594ee9b33d82058545b1ed14f4c8206e,browser-toolbox.close-process.DAMP,damp,True,damp browser-toolbox.close-process.DAMP opt e10s fission stylo webrender-sw,4768818,77,ms,firefox,,1736389384,2023-08-03 18:36:03,69.33012616370979,b8f6a652779d04c2f1d94e6037f35fbffc4685f5,1282476,,,,,,,,,,,,,,,,,,,,,,,,,,,,,,,,,,,,,,,,,,,,,,,,,,,,,,,,,,,,,TN,TN
autoland,4769114,12,1a03ada32d4ae63ebeeb4561891b61c1e6e17a68,windows10-64-shippable-qr,True,False,,,102210fe594ee9b33d82058545b1ed14f4c8206e,browser-toolbox.close-process.DAMP,damp,True,damp browser-toolbox.close-process.DAMP opt e10s fission stylo webrender-sw,4768818,77,ms,firefox,,1736390934,2023-08-03 18:40:42,69.4770465240581,48eff09bd49c095b266d0c0c936d6058b9d50266,1282478,,,,,,,,,,,,,,,,,,,,,,,,,,,,,,,,,,,,,,,,,,,,,,,,,,,,,,,,,,,,,TN,TN
autoland,4769114,12,1a03ada32d4ae63ebeeb4561891b61c1e6e17a68,windows10-64-shippable-qr,True,False,,,102210fe594ee9b33d82058545b1ed14f4c8206e,browser-toolbox.close-process.DAMP,damp,True,damp browser-toolbox.close-process.DAMP opt e10s fission stylo webrender-sw,4768818,77,ms,firefox,,1736390015,2023-08-03 18:45:17,69.1414213990538,448119a9baa5f23a986c3e568cdfd580baf23273,1282481,,,,,,,,,,,,,,,,,,,,,,,,,,,,,,,,,,,,,,,,,,,,,,,,,,,,,,,,,,,,,TN,TN
autoland,4769114,12,1a03ada32d4ae63ebeeb4561891b61c1e6e17a68,windows10-64-shippable-qr,True,False,,,102210fe594ee9b33d82058545b1ed14f4c8206e,browser-toolbox.close-process.DAMP,damp,True,damp browser-toolbox.close-process.DAMP opt e10s fission stylo webrender-sw,4768818,77,ms,firefox,,1736391705,2023-08-03 18:46:08,70.15705751903442,d82a8644ef7e815ab7e00a85ece70a02d62cc9ae,1282482,,,,,,,,,,,,,,,,,,,,,,,,,,,,,,,,,,,,,,,,,,,,,,,,,,,,,,,,,,,,,TN,TN
autoland,4769114,12,1a03ada32d4ae63ebeeb4561891b61c1e6e17a68,windows10-64-shippable-qr,True,False,,,102210fe594ee9b33d82058545b1ed14f4c8206e,browser-toolbox.close-process.DAMP,damp,True,damp browser-toolbox.close-process.DAMP opt e10s fission stylo webrender-sw,4768818,77,ms,firefox,,1736391930,2023-08-03 18:49:18,68.65240848337271,e23d94136aa09ca382b32b0c46b0db4285d1fdd2,1282483,,,,,,,,,,,,,,,,,,,,,,,,,,,,,,,,,,,,,,,,,,,,,,,,,,,,,,,,,,,,,TN,TN
autoland,4769114,12,1a03ada32d4ae63ebeeb4561891b61c1e6e17a68,windows10-64-shippable-qr,True,False,,,102210fe594ee9b33d82058545b1ed14f4c8206e,browser-toolbox.close-process.DAMP,damp,True,damp browser-toolbox.close-process.DAMP opt e10s fission stylo webrender-sw,4768818,77,ms,firefox,,1736394120,2023-08-03 18:59:37,69.33478149862276,f92a4a6df223f00474c9652f337d0739f8e04213,1282490,,,,,,,,,,,,,,,,,,,,,,,,,,,,,,,,,,,,,,,,,,,,,,,,,,,,,,,,,,,,,TN,TN
autoland,4769114,12,1a03ada32d4ae63ebeeb4561891b61c1e6e17a68,windows10-64-shippable-qr,True,False,,,102210fe594ee9b33d82058545b1ed14f4c8206e,browser-toolbox.close-process.DAMP,damp,True,damp browser-toolbox.close-process.DAMP opt e10s fission stylo webrender-sw,4768818,77,ms,firefox,,1736390609,2023-08-03 19:09:46,74.44705678355967,1b93a5408b758e9a9fa688f9505880c49554cc28,1282499,,,,,,,,,,,,,,,,,,,,,,,,,,,,,,,,,,,,,,,,,,,,,,,,,,,,,,,,,,,,,TN,TN
autoland,4769114,12,1a03ada32d4ae63ebeeb4561891b61c1e6e17a68,windows10-64-shippable-qr,True,False,,,102210fe594ee9b33d82058545b1ed14f4c8206e,browser-toolbox.close-process.DAMP,damp,True,damp browser-toolbox.close-process.DAMP opt e10s fission stylo webrender-sw,4768818,77,ms,firefox,,1735548968,2023-08-03 19:10:36,68.14326303687994,8527a2500a35867e4319772e3be1f2756dfcfced,1282500,,,,,,,,,,,,,,,,,,,,,,,,,,,,,,,,,,,,,,,,,,,,,,,,,,,,,,,,,,,,,TN,TN
autoland,4769114,12,1a03ada32d4ae63ebeeb4561891b61c1e6e17a68,windows10-64-shippable-qr,True,False,,,102210fe594ee9b33d82058545b1ed14f4c8206e,browser-toolbox.close-process.DAMP,damp,True,damp browser-toolbox.close-process.DAMP opt e10s fission stylo webrender-sw,4768818,77,ms,firefox,,1735690556,2023-08-03 22:02:40,75.05562880948855,3922ccc760667154aea7a174114abfacb17fe35e,1282606,,,,,,,,,,,,,,,,,,,,,,,,,,,,,,,,,,,,,,,,,,,,,,,,,,,,,,,,,,,,,TN,TN
autoland,4769114,12,1a03ada32d4ae63ebeeb4561891b61c1e6e17a68,windows10-64-shippable-qr,True,False,,,102210fe594ee9b33d82058545b1ed14f4c8206e,browser-toolbox.close-process.DAMP,damp,True,damp browser-toolbox.close-process.DAMP opt e10s fission stylo webrender-sw,4768818,77,ms,firefox,,1735726033,2023-08-04 02:28:33,73.53692112237695,2b60f9868271a131fa342332b78f3968159fa46e,1282715,,,,,,,,,,,,,,,,,,,,,,,,,,,,,,,,,,,,,,,,,,,,,,,,,,,,,,,,,,,,,TN,TN
autoland,4769114,12,1a03ada32d4ae63ebeeb4561891b61c1e6e17a68,windows10-64-shippable-qr,True,False,,,102210fe594ee9b33d82058545b1ed14f4c8206e,browser-toolbox.close-process.DAMP,damp,True,damp browser-toolbox.close-process.DAMP opt e10s fission stylo webrender-sw,4768818,77,ms,firefox,,1735852420,2023-08-04 06:28:57,69.0076424467843,94da8bb07baea6212776a4b3ddcebff2c08eab98,1282781,,,,,,,,,,,,,,,,,,,,,,,,,,,,,,,,,,,,,,,,,,,,,,,,,,,,,,,,,,,,,TN,TN
autoland,4769114,12,1a03ada32d4ae63ebeeb4561891b61c1e6e17a68,windows10-64-shippable-qr,True,False,,,102210fe594ee9b33d82058545b1ed14f4c8206e,browser-toolbox.close-process.DAMP,damp,True,damp browser-toolbox.close-process.DAMP opt e10s fission stylo webrender-sw,4768818,77,ms,firefox,,1735872723,2023-08-04 09:04:37,69.42523494004854,386212864d07a46141ce5bca1ef4988cefa4bad7,1282830,,,,,,,,,,,,,,,,,,,,,,,,,,,,,,,,,,,,,,,,,,,,,,,,,,,,,,,,,,,,,TN,TN
autoland,4769114,12,1a03ada32d4ae63ebeeb4561891b61c1e6e17a68,windows10-64-shippable-qr,True,False,,,102210fe594ee9b33d82058545b1ed14f4c8206e,browser-toolbox.close-process.DAMP,damp,True,damp browser-toolbox.close-process.DAMP opt e10s fission stylo webrender-sw,4768818,77,ms,firefox,,1736006930,2023-08-04 13:05:51,73.73283607969643,3a8e173a97d02ae7b0aa11e9ca6f35b1fe8fa926,1282936,,,,,,,,,,,,,,,,,,,,,,,,,,,,,,,,,,,,,,,,,,,,,,,,,,,,,,,,,,,,,TN,TN
autoland,4769114,12,1a03ada32d4ae63ebeeb4561891b61c1e6e17a68,windows10-64-shippable-qr,True,False,,,102210fe594ee9b33d82058545b1ed14f4c8206e,browser-toolbox.close-process.DAMP,damp,True,damp browser-toolbox.close-process.DAMP opt e10s fission stylo webrender-sw,4768818,77,ms,firefox,,1736051841,2023-08-04 14:26:38,76.01250508160592,8b506ab414513f3320eb7747254e94b37808bb75,1282995,,,,,,,,,,,,,,,,,,,,,,,,,,,,,,,,,,,,,,,,,,,,,,,,,,,,,,,,,,,,,TN,TN
autoland,4769114,12,1a03ada32d4ae63ebeeb4561891b61c1e6e17a68,windows10-64-shippable-qr,True,False,,,102210fe594ee9b33d82058545b1ed14f4c8206e,browser-toolbox.close-process.DAMP,damp,True,damp browser-toolbox.close-process.DAMP opt e10s fission stylo webrender-sw,4768818,77,ms,firefox,,1736114752,2023-08-04 17:20:09,76.09183906829276,e8c6dc4a318cb8af6210801b4271ea32ee9f324a,1283108,,,,,,,,,,,,,,,,,,,,,,,,,,,,,,,,,,,,,,,,,,,,,,,,,,,,,,,,,,,,,TN,TN
autoland,4769114,12,1a03ada32d4ae63ebeeb4561891b61c1e6e17a68,windows10-64-shippable-qr,True,False,,,102210fe594ee9b33d82058545b1ed14f4c8206e,browser-toolbox.close-process.DAMP,damp,True,damp browser-toolbox.close-process.DAMP opt e10s fission stylo webrender-sw,4768818,77,ms,firefox,,1736289894,2023-08-04 21:22:40,76.03001687895448,de6dcf5a4c0eec5ef6847cde00ec5da4fcee2e8c,1283226,,,,,,,,,,,,,,,,,,,,,,,,,,,,,,,,,,,,,,,,,,,,,,,,,,,,,,,,,,,,,TN,TN
autoland,4769114,12,1a03ada32d4ae63ebeeb4561891b61c1e6e17a68,windows10-64-shippable-qr,True,False,,,102210fe594ee9b33d82058545b1ed14f4c8206e,browser-toolbox.close-process.DAMP,damp,True,damp browser-toolbox.close-process.DAMP opt e10s fission stylo webrender-sw,4768818,77,ms,firefox,,1736332613,2023-08-04 23:16:08,75.84849449893227,421628bd5a5c1cf8c64cb86994b1e6dc738abb49,1283269,,,,,,,,,,,,,,,,,,,,,,,,,,,,,,,,,,,,,,,,,,,,,,,,,,,,,,,,,,,,,TN,TN
autoland,4769114,12,1a03ada32d4ae63ebeeb4561891b61c1e6e17a68,windows10-64-shippable-qr,True,False,,,102210fe594ee9b33d82058545b1ed14f4c8206e,browser-toolbox.close-process.DAMP,damp,True,damp browser-toolbox.close-process.DAMP opt e10s fission stylo webrender-sw,4768818,77,ms,firefox,,1736444527,2023-08-05 11:44:34,71.12610169469554,9e73058ab4aadee7e12b26a9be296b2bbc04cf74,1283328,,,,,,,,,,,,,,,,,,,,,,,,,,,,,,,,,,,,,,,,,,,,,,,,,,,,,,,,,,,,,TN,TN
autoland,4769114,12,1a03ada32d4ae63ebeeb4561891b61c1e6e17a68,windows10-64-shippable-qr,True,False,,,102210fe594ee9b33d82058545b1ed14f4c8206e,browser-toolbox.close-process.DAMP,damp,True,damp browser-toolbox.close-process.DAMP opt e10s fission stylo webrender-sw,4768818,77,ms,firefox,,1736469875,2023-08-05 16:15:02,76.71160775878525,b0538d39e8c853c9e07b359df9c740d5175e7077,1283346,,,,,,,,,,,,,,,,,,,,,,,,,,,,,,,,,,,,,,,,,,,,,,,,,,,,,,,,,,,,,TN,TN
autoland,4769114,12,1a03ada32d4ae63ebeeb4561891b61c1e6e17a68,windows10-64-shippable-qr,True,False,,,102210fe594ee9b33d82058545b1ed14f4c8206e,browser-toolbox.close-process.DAMP,damp,True,damp browser-toolbox.close-process.DAMP opt e10s fission stylo webrender-sw,4768818,77,ms,firefox,,1737970932,2023-08-06 20:16:40,73.80322621275263,9a00f773fb991ca970e52cf99c946a6ce2201105,1283435,,,,,,,,,,,,,,,,,,,,,,,,,,,,,,,,,,,,,,,,,,,,,,,,,,,,,,,,,,,,,TN,TN
autoland,4769114,12,1a03ada32d4ae63ebeeb4561891b61c1e6e17a68,windows10-64-shippable-qr,True,False,,,102210fe594ee9b33d82058545b1ed14f4c8206e,browser-toolbox.close-process.DAMP,damp,True,damp browser-toolbox.close-process.DAMP opt e10s fission stylo webrender-sw,4768818,77,ms,firefox,,1736618691,2023-08-06 23:55:51,70.46408418109058,a777f43c4d9cabe80f2fc3aea6bf95c7e3e9c4c1,1283445,,,,,,,,,,,,,,,,,,,,,,,,,,,,,,,,,,,,,,,,,,,,,,,,,,,,,,,,,,,,,TN,TN
autoland,4769114,12,1a03ada32d4ae63ebeeb4561891b61c1e6e17a68,windows10-64-shippable-qr,True,False,,,102210fe594ee9b33d82058545b1ed14f4c8206e,browser-toolbox.close-process.DAMP,damp,True,damp browser-toolbox.close-process.DAMP opt e10s fission stylo webrender-sw,4768818,77,ms,firefox,,1737971043,2023-08-07 00:12:40,74.67604058860161,0b9ef0f6bf04851bcc8bbe9beb88362eb1659a50,1283449,,,,,,,,,,,,,,,,,,,,,,,,,,,,,,,,,,,,,,,,,,,,,,,,,,,,,,,,,,,,,TN,TN
autoland,4769114,12,1a03ada32d4ae63ebeeb4561891b61c1e6e17a68,windows10-64-shippable-qr,True,False,,,102210fe594ee9b33d82058545b1ed14f4c8206e,browser-toolbox.close-process.DAMP,damp,True,damp browser-toolbox.close-process.DAMP opt e10s fission stylo webrender-sw,4768818,77,ms,firefox,,1737971204,2023-08-07 01:07:14,73.65192037644738,4e6febc59baab7317ec93111d5b7d2caae57ff5f,1283456,,,,,,,,,,,,,,,,,,,,,,,,,,,,,,,,,,,,,,,,,,,,,,,,,,,,,,,,,,,,,TN,TN
autoland,4769114,12,1a03ada32d4ae63ebeeb4561891b61c1e6e17a68,windows10-64-shippable-qr,True,False,,,102210fe594ee9b33d82058545b1ed14f4c8206e,browser-toolbox.close-process.DAMP,damp,True,damp browser-toolbox.close-process.DAMP opt e10s fission stylo webrender-sw,4768818,77,ms,firefox,,1737786897,2023-08-07 02:10:04,70.53591085730295,477851945d8a3949ad8059a81f0f82cc183a92fb,1283463,,,,,,,,,,,,,,,,,,,,,,,,,,,,,,,,,,,,,,,,,,,,,,,,,,,,,,,,,,,,,TN,TN
autoland,4769114,12,1a03ada32d4ae63ebeeb4561891b61c1e6e17a68,windows10-64-shippable-qr,True,False,,,102210fe594ee9b33d82058545b1ed14f4c8206e,browser-toolbox.close-process.DAMP,damp,True,damp browser-toolbox.close-process.DAMP opt e10s fission stylo webrender-sw,4768818,77,ms,firefox,,1737796544,2023-08-07 03:43:22,70.33774267957779,8dcec213578c70d0e3d0f7d436660e1f6a6f9fc6,1283479,,,,,,,,,,,,,,,,,,,,,,,,,,,,,,,,,,,,,,,,,,,,,,,,,,,,,,,,,,,,,TN,TN
autoland,4769114,12,1a03ada32d4ae63ebeeb4561891b61c1e6e17a68,windows10-64-shippable-qr,True,False,,,102210fe594ee9b33d82058545b1ed14f4c8206e,browser-toolbox.close-process.DAMP,damp,True,damp browser-toolbox.close-process.DAMP opt e10s fission stylo webrender-sw,4768818,77,ms,firefox,,1737793926,2023-08-07 04:03:18,71.05783510953916,675cf3cb3d3363cd277d1743f579181e15a8039c,1283480,,,,,,,,,,,,,,,,,,,,,,,,,,,,,,,,,,,,,,,,,,,,,,,,,,,,,,,,,,,,,TN,TN
autoland,4769114,12,1a03ada32d4ae63ebeeb4561891b61c1e6e17a68,windows10-64-shippable-qr,True,False,,,102210fe594ee9b33d82058545b1ed14f4c8206e,browser-toolbox.close-process.DAMP,damp,True,damp browser-toolbox.close-process.DAMP opt e10s fission stylo webrender-sw,4768818,77,ms,firefox,,1737751545,2023-08-07 04:48:50,75.04433919242729,9555a7afb7209f87b299f3b014bb364b34f6e095,1283483,,,,,,,,,,,,,,,,,,,,,,,,,,,,,,,,,,,,,,,,,,,,,,,,,,,,,,,,,,,,,TN,TN
autoland,4769114,12,1a03ada32d4ae63ebeeb4561891b61c1e6e17a68,windows10-64-shippable-qr,True,False,,,102210fe594ee9b33d82058545b1ed14f4c8206e,browser-toolbox.close-process.DAMP,damp,True,damp browser-toolbox.close-process.DAMP opt e10s fission stylo webrender-sw,4768818,77,ms,firefox,,1737751983,2023-08-07 04:55:58,75.44765020970954,4389f1c2b8cc83eafdc84eb81353a028baaebb55,1283484,,,,,,,,,,,,,,,,,,,,,,,,,,,,,,,,,,,,,,,,,,,,,,,,,,,,,,,,,,,,,TN,TN
autoland,4769114,12,1a03ada32d4ae63ebeeb4561891b61c1e6e17a68,windows10-64-shippable-qr,True,False,,,102210fe594ee9b33d82058545b1ed14f4c8206e,browser-toolbox.close-process.DAMP,damp,True,damp browser-toolbox.close-process.DAMP opt e10s fission stylo webrender-sw,4768818,77,ms,firefox,,1737797760,2023-08-07 04:56:52,70.33206266330671,d042f945d03e6a5d010821ad61d946ca3ab1c7a4,1283486,,,,,,,,,,,,,,,,,,,,,,,,,,,,,,,,,,,,,,,,,,,,,,,,,,,,,,,,,,,,,TN,TN
autoland,4769114,12,1a03ada32d4ae63ebeeb4561891b61c1e6e17a68,windows10-64-shippable-qr,True,False,,,102210fe594ee9b33d82058545b1ed14f4c8206e,browser-toolbox.close-process.DAMP,damp,True,damp browser-toolbox.close-process.DAMP opt e10s fission stylo webrender-sw,4768818,77,ms,firefox,,1737798957,2023-08-07 05:27:01,70.29919598863489,06273ebf279aad7827a5bd6c083dfb819eb55cb1,1283494,,,,,,,,,,,,,,,,,,,,,,,,,,,,,,,,,,,,,,,,,,,,,,,,,,,,,,,,,,,,,TN,TN
autoland,4769114,12,1a03ada32d4ae63ebeeb4561891b61c1e6e17a68,windows10-64-shippable-qr,True,False,,,102210fe594ee9b33d82058545b1ed14f4c8206e,browser-toolbox.close-process.DAMP,damp,True,damp browser-toolbox.close-process.DAMP opt e10s fission stylo webrender-sw,4768818,77,ms,firefox,,1737807067,2023-08-07 05:36:59,73.93822347695823,cb9938ab6bca1f14f8a15214cbfe7697bff6898b,1283500,,,,,,,,,,,,,,,,,,,,,,,,,,,,,,,,,,,,,,,,,,,,,,,,,,,,,,,,,,,,,TN,TN
autoland,4769114,12,1a03ada32d4ae63ebeeb4561891b61c1e6e17a68,windows10-64-shippable-qr,True,False,,,102210fe594ee9b33d82058545b1ed14f4c8206e,browser-toolbox.close-process.DAMP,damp,True,damp browser-toolbox.close-process.DAMP opt e10s fission stylo webrender-sw,4768818,77,ms,firefox,,1737810363,2023-08-07 05:42:09,70.43199880943575,b6e3956b37ba6426426eb8e35d2a5b1bbb67ed74,1283504,,,,,,,,,,,,,,,,,,,,,,,,,,,,,,,,,,,,,,,,,,,,,,,,,,,,,,,,,,,,,TN,TN
autoland,4769114,12,1a03ada32d4ae63ebeeb4561891b61c1e6e17a68,windows10-64-shippable-qr,True,False,,,102210fe594ee9b33d82058545b1ed14f4c8206e,browser-toolbox.close-process.DAMP,damp,True,damp browser-toolbox.close-process.DAMP opt e10s fission stylo webrender-sw,4768818,77,ms,firefox,,1736714443,2023-08-07 06:19:47,69.96454225096022,6d877fdb9a1e892fe6528a26aab81b53cfae55c5,1283519,,,,,,,,,,,,,,,,,,,,,,,,,,,,,,,,,,,,,,,,,,,,,,,,,,,,,,,,,,,,,TN,TN
autoland,4769114,12,1a03ada32d4ae63ebeeb4561891b61c1e6e17a68,windows10-64-shippable-qr,True,False,,,102210fe594ee9b33d82058545b1ed14f4c8206e,browser-toolbox.close-process.DAMP,damp,True,damp browser-toolbox.close-process.DAMP opt e10s fission stylo webrender-sw,4768818,77,ms,firefox,,1737803716,2023-08-07 06:30:03,69.96173994015408,d6760db62dc1cc0831c09c42f086cf57d1c2bf48,1283523,,,,,,,,,,,,,,,,,,,,,,,,,,,,,,,,,,,,,,,,,,,,,,,,,,,,,,,,,,,,,TN,TN
autoland,4769114,12,1a03ada32d4ae63ebeeb4561891b61c1e6e17a68,windows10-64-shippable-qr,True,False,,,102210fe594ee9b33d82058545b1ed14f4c8206e,browser-toolbox.close-process.DAMP,damp,True,damp browser-toolbox.close-process.DAMP opt e10s fission stylo webrender-sw,4768818,77,ms,firefox,,1737799018,2023-08-07 06:35:30,71.07104834963684,a00f184037e57d43a02194fdd4eb246981ce39ef,1283526,,,,,,,,,,,,,,,,,,,,,,,,,,,,,,,,,,,,,,,,,,,,,,,,,,,,,,,,,,,,,TN,TN
autoland,4769114,12,1a03ada32d4ae63ebeeb4561891b61c1e6e17a68,windows10-64-shippable-qr,True,False,,,102210fe594ee9b33d82058545b1ed14f4c8206e,browser-toolbox.close-process.DAMP,damp,True,damp browser-toolbox.close-process.DAMP opt e10s fission stylo webrender-sw,4768818,77,ms,firefox,,1737808203,2023-08-07 07:04:33,72.99555721213983,088808518dfb21c78dbcf155e0a6e0a6b03ef7b3,1283541,,,,,,,,,,,,,,,,,,,,,,,,,,,,,,,,,,,,,,,,,,,,,,,,,,,,,,,,,,,,,TN,TN
autoland,4769114,12,1a03ada32d4ae63ebeeb4561891b61c1e6e17a68,windows10-64-shippable-qr,True,False,,,102210fe594ee9b33d82058545b1ed14f4c8206e,browser-toolbox.close-process.DAMP,damp,True,damp browser-toolbox.close-process.DAMP opt e10s fission stylo webrender-sw,4768818,77,ms,firefox,,1737810190,2023-08-07 07:15:48,73.02320897980826,f4f211db29dd3b8d9a15bdede2a23dc22033af73,1283546,,,,,,,,,,,,,,,,,,,,,,,,,,,,,,,,,,,,,,,,,,,,,,,,,,,,,,,,,,,,,TN,TN
autoland,4769114,12,1a03ada32d4ae63ebeeb4561891b61c1e6e17a68,windows10-64-shippable-qr,True,False,,,102210fe594ee9b33d82058545b1ed14f4c8206e,browser-toolbox.close-process.DAMP,damp,True,damp browser-toolbox.close-process.DAMP opt e10s fission stylo webrender-sw,4768818,77,ms,firefox,,1737798457,2023-08-07 07:22:50,75.77258411411458,ceee5818d1a1583bd3276eb5ba29174f53644028,1283548,,,,,,,,,,,,,,,,,,,,,,,,,,,,,,,,,,,,,,,,,,,,,,,,,,,,,,,,,,,,,TN,TN
autoland,4769114,12,1a03ada32d4ae63ebeeb4561891b61c1e6e17a68,windows10-64-shippable-qr,True,False,,,102210fe594ee9b33d82058545b1ed14f4c8206e,browser-toolbox.close-process.DAMP,damp,True,damp browser-toolbox.close-process.DAMP opt e10s fission stylo webrender-sw,4768818,77,ms,firefox,,1737810108,2023-08-07 07:47:27,70.52074558212189,6c4376d088c82ac5743cbae2446c29f760da9b43,1283555,,,,,,,,,,,,,,,,,,,,,,,,,,,,,,,,,,,,,,,,,,,,,,,,,,,,,,,,,,,,,TN,TN
autoland,4769114,12,1a03ada32d4ae63ebeeb4561891b61c1e6e17a68,windows10-64-shippable-qr,True,False,,,102210fe594ee9b33d82058545b1ed14f4c8206e,browser-toolbox.close-process.DAMP,damp,True,damp browser-toolbox.close-process.DAMP opt e10s fission stylo webrender-sw,4768818,77,ms,firefox,,1737795885,2023-08-07 08:49:51,76.12274092452571,ae9f026e64dd44285f4b4f687acf3dd8195c38e0,1283569,,,,,,,,,,,,,,,,,,,,,,,,,,,,,,,,,,,,,,,,,,,,,,,,,,,,,,,,,,,,,TN,TN
autoland,4769114,12,1a03ada32d4ae63ebeeb4561891b61c1e6e17a68,windows10-64-shippable-qr,True,False,,,102210fe594ee9b33d82058545b1ed14f4c8206e,browser-toolbox.close-process.DAMP,damp,True,damp browser-toolbox.close-process.DAMP opt e10s fission stylo webrender-sw,4768818,77,ms,firefox,,1737826602,2023-08-07 09:17:06,70.6382386110854,2d8142aa7fb12b6115c1ec7b56396e80e8c7a904,1283579,,,,,,,,,,,,,,,,,,,,,,,,,,,,,,,,,,,,,,,,,,,,,,,,,,,,,,,,,,,,,TN,TN
autoland,4769114,12,1a03ada32d4ae63ebeeb4561891b61c1e6e17a68,windows10-64-shippable-qr,True,False,,,102210fe594ee9b33d82058545b1ed14f4c8206e,browser-toolbox.close-process.DAMP,damp,True,damp browser-toolbox.close-process.DAMP opt e10s fission stylo webrender-sw,4768818,77,ms,firefox,,1736834836,2023-08-07 09:17:55,74.47014763366315,2f07664dbc304adeae1029ead0f4ab014aaa02a8,1283581,,,,,,,,,,,,,,,,,,,,,,,,,,,,,,,,,,,,,,,,,,,,,,,,,,,,,,,,,,,,,TN,TN
autoland,4769114,12,1a03ada32d4ae63ebeeb4561891b61c1e6e17a68,windows10-64-shippable-qr,True,False,,,102210fe594ee9b33d82058545b1ed14f4c8206e,browser-toolbox.close-process.DAMP,damp,True,damp browser-toolbox.close-process.DAMP opt e10s fission stylo webrender-sw,4768818,77,ms,firefox,,1737798190,2023-08-07 12:36:35,71.94257005258987,c5ede434ae61b9f6acd7cf56d2957a3c1a08b413,1283662,,,,,,,,,,,,,,,,,,,,,,,,,,,,,,,,,,,,,,,,,,,,,,,,,,,,,,,,,,,,,TN,TN
autoland,4769114,12,1a03ada32d4ae63ebeeb4561891b61c1e6e17a68,windows10-64-shippable-qr,True,False,,,102210fe594ee9b33d82058545b1ed14f4c8206e,browser-toolbox.close-process.DAMP,damp,True,damp browser-toolbox.close-process.DAMP opt e10s fission stylo webrender-sw,4768818,77,ms,firefox,,1737799509,2023-08-07 12:39:24,68.70682772596774,4b083686a5324e7ca56c271b84e4b96bf1d5b48c,1283663,,,,,,,,,,,,,,,,,,,,,,,,,,,,,,,,,,,,,,,,,,,,,,,,,,,,,,,,,,,,,TN,TN
autoland,4769114,12,1a03ada32d4ae63ebeeb4561891b61c1e6e17a68,windows10-64-shippable-qr,True,False,,,102210fe594ee9b33d82058545b1ed14f4c8206e,browser-toolbox.close-process.DAMP,damp,True,damp browser-toolbox.close-process.DAMP opt e10s fission stylo webrender-sw,4768818,77,ms,firefox,,1737803503,2023-08-07 13:06:05,74.52212471845269,cc21f77497eba1c81f1e7c2067fa6e49c3387876,1283680,,,,,,,,,,,,,,,,,,,,,,,,,,,,,,,,,,,,,,,,,,,,,,,,,,,,,,,,,,,,,TN,TN
autoland,4769114,12,1a03ada32d4ae63ebeeb4561891b61c1e6e17a68,windows10-64-shippable-qr,True,False,,,102210fe594ee9b33d82058545b1ed14f4c8206e,browser-toolbox.close-process.DAMP,damp,True,damp browser-toolbox.close-process.DAMP opt e10s fission stylo webrender-sw,4768818,77,ms,firefox,,1737795673,2023-08-07 13:07:34,70.33437735946791,ced2f2b9cb19b3c4a773d73fd4e4202ae7dd3c33,1283682,,,,,,,,,,,,,,,,,,,,,,,,,,,,,,,,,,,,,,,,,,,,,,,,,,,,,,,,,,,,,TN,TN
autoland,4769114,12,1a03ada32d4ae63ebeeb4561891b61c1e6e17a68,windows10-64-shippable-qr,True,False,,,102210fe594ee9b33d82058545b1ed14f4c8206e,browser-toolbox.close-process.DAMP,damp,True,damp browser-toolbox.close-process.DAMP opt e10s fission stylo webrender-sw,4768818,77,ms,firefox,,1737796074,2023-08-07 13:08:27,77.04284551802266,f5b6320fea38e5ac5ac92ba529bbfb6410ef4ee7,1283684,,,,,,,,,,,,,,,,,,,,,,,,,,,,,,,,,,,,,,,,,,,,,,,,,,,,,,,,,,,,,TN,TN
autoland,4769114,12,1a03ada32d4ae63ebeeb4561891b61c1e6e17a68,windows10-64-shippable-qr,True,False,,,102210fe594ee9b33d82058545b1ed14f4c8206e,browser-toolbox.close-process.DAMP,damp,True,damp browser-toolbox.close-process.DAMP opt e10s fission stylo webrender-sw,4768818,77,ms,firefox,,1737797341,2023-08-07 13:09:19,73.16183623523466,6981d5aa32b2cf137c79cf49d8b2945e0e13033e,1283686,,,,,,,,,,,,,,,,,,,,,,,,,,,,,,,,,,,,,,,,,,,,,,,,,,,,,,,,,,,,,TN,TN
autoland,4769114,12,1a03ada32d4ae63ebeeb4561891b61c1e6e17a68,windows10-64-shippable-qr,True,False,,,102210fe594ee9b33d82058545b1ed14f4c8206e,browser-toolbox.close-process.DAMP,damp,True,damp browser-toolbox.close-process.DAMP opt e10s fission stylo webrender-sw,4768818,77,ms,firefox,,1737797239,2023-08-07 13:10:13,74.90561278389941,9f2d21642ba127d4ca12ebc0c31f36471c82fe01,1283687,,,,,,,,,,,,,,,,,,,,,,,,,,,,,,,,,,,,,,,,,,,,,,,,,,,,,,,,,,,,,TN,TN
autoland,4769114,12,1a03ada32d4ae63ebeeb4561891b61c1e6e17a68,windows10-64-shippable-qr,True,False,,,102210fe594ee9b33d82058545b1ed14f4c8206e,browser-toolbox.close-process.DAMP,damp,True,damp browser-toolbox.close-process.DAMP opt e10s fission stylo webrender-sw,4768818,77,ms,firefox,,1737807174,2023-08-07 13:11:05,72.08263801019348,a1509016de492518479d0a43bbfd707938e0714c,1283688,,,,,,,,,,,,,,,,,,,,,,,,,,,,,,,,,,,,,,,,,,,,,,,,,,,,,,,,,,,,,TN,TN
autoland,4769114,12,1a03ada32d4ae63ebeeb4561891b61c1e6e17a68,windows10-64-shippable-qr,True,False,,,102210fe594ee9b33d82058545b1ed14f4c8206e,browser-toolbox.close-process.DAMP,damp,True,damp browser-toolbox.close-process.DAMP opt e10s fission stylo webrender-sw,4768818,77,ms,firefox,,1736896461,2023-08-07 13:44:02,74.25458862384403,d59d0a5038b29cdbcbb2d4b003d642a2617e297f,1283713,,,,,,,,,,,,,,,,,,,,,,,,,,,,,,,,,,,,,,,,,,,,,,,,,,,,,,,,,,,,,TN,TN
autoland,4769114,12,1a03ada32d4ae63ebeeb4561891b61c1e6e17a68,windows10-64-shippable-qr,True,False,,,102210fe594ee9b33d82058545b1ed14f4c8206e,browser-toolbox.close-process.DAMP,damp,True,damp browser-toolbox.close-process.DAMP opt e10s fission stylo webrender-sw,4768818,77,ms,firefox,,1736961413,2023-08-07 16:46:35,74.26731934159761,969534e114528550edbcaf30931bc5e255ac2475,1283815,,,,,,,,,,,,,,,,,,,,,,,,,,,,,,,,,,,,,,,,,,,,,,,,,,,,,,,,,,,,,TN,TN
autoland,4769114,12,1a03ada32d4ae63ebeeb4561891b61c1e6e17a68,windows10-64-shippable-qr,True,False,,,102210fe594ee9b33d82058545b1ed14f4c8206e,browser-toolbox.close-process.DAMP,damp,True,damp browser-toolbox.close-process.DAMP opt e10s fission stylo webrender-sw,4768818,77,ms,firefox,,1737077441,2023-08-07 20:52:42,69.6722178797063,588b596bcb73c4c9cf235c8df1dc04fc9475c321,1283921,,,,,,,,,,,,,,,,,,,,,,,,,,,,,,,,,,,,,,,,,,,,,,,,,,,,,,,,,,,,,TN,TN
autoland,4769114,12,1a03ada32d4ae63ebeeb4561891b61c1e6e17a68,windows10-64-shippable-qr,True,False,,,102210fe594ee9b33d82058545b1ed14f4c8206e,browser-toolbox.close-process.DAMP,damp,True,damp browser-toolbox.close-process.DAMP opt e10s fission stylo webrender-sw,4768818,77,ms,firefox,,1737097610,2023-08-07 21:31:10,77.16260082124063,0d1a783351f683e500d6e8f83d3dc430b2afdcbf,1283941,,,,,,,,,,,,,,,,,,,,,,,,,,,,,,,,,,,,,,,,,,,,,,,,,,,,,,,,,,,,,TN,TN
autoland,4769114,12,1a03ada32d4ae63ebeeb4561891b61c1e6e17a68,windows10-64-shippable-qr,True,False,,,102210fe594ee9b33d82058545b1ed14f4c8206e,browser-toolbox.close-process.DAMP,damp,True,damp browser-toolbox.close-process.DAMP opt e10s fission stylo webrender-sw,4768818,77,ms,firefox,,1737223140,2023-08-08 01:47:48,68.99262379294669,7053ad5afbc40a1a98d9e4e447c98e2fd6d70f04,1284029,,,,,,,,,,,,,,,,,,,,,,,,,,,,,,,,,,,,,,,,,,,,,,,,,,,,,,,,,,,,,TN,TN
autoland,4769114,12,1a03ada32d4ae63ebeeb4561891b61c1e6e17a68,windows10-64-shippable-qr,True,False,,,102210fe594ee9b33d82058545b1ed14f4c8206e,browser-toolbox.close-process.DAMP,damp,True,damp browser-toolbox.close-process.DAMP opt e10s fission stylo webrender-sw,4768818,77,ms,firefox,,1737308229,2023-08-08 08:03:57,70.70377459990777,201950bdeb03d34c7ad70702b52d28c3e0f6a448,1284128,,,,,,,,,,,,,,,,,,,,,,,,,,,,,,,,,,,,,,,,,,,,,,,,,,,,,,,,,,,,,TN,TN
autoland,4769114,12,1a03ada32d4ae63ebeeb4561891b61c1e6e17a68,windows10-64-shippable-qr,True,False,,,102210fe594ee9b33d82058545b1ed14f4c8206e,browser-toolbox.close-process.DAMP,damp,True,damp browser-toolbox.close-process.DAMP opt e10s fission stylo webrender-sw,4768818,77,ms,firefox,,1737390911,2023-08-08 12:10:40,71.99740313734219,d1fbe6c1f87656fb4f55677904f55f6df433ea9a,1284255,,,,,,,,,,,,,,,,,,,,,,,,,,,,,,,,,,,,,,,,,,,,,,,,,,,,,,,,,,,,,TN,TN
autoland,4769114,12,1a03ada32d4ae63ebeeb4561891b61c1e6e17a68,windows10-64-shippable-qr,True,False,,,102210fe594ee9b33d82058545b1ed14f4c8206e,browser-toolbox.close-process.DAMP,damp,True,damp browser-toolbox.close-process.DAMP opt e10s fission stylo webrender-sw,4768818,77,ms,firefox,,1737409551,2023-08-08 12:20:31,77.361073754073,062a5e5729067f579bd6d1ab2f1a3021d7fd291a,1284261,,,,,,,,,,,,,,,,,,,,,,,,,,,,,,,,,,,,,,,,,,,,,,,,,,,,,,,,,,,,,TN,TN
autoland,4769114,12,1a03ada32d4ae63ebeeb4561891b61c1e6e17a68,windows10-64-shippable-qr,True,False,,,102210fe594ee9b33d82058545b1ed14f4c8206e,browser-toolbox.close-process.DAMP,damp,True,damp browser-toolbox.close-process.DAMP opt e10s fission stylo webrender-sw,4768818,77,ms,firefox,,1737519765,2023-08-08 16:23:23,75.79615160253888,855c69dcdcc457c3e5a54150cdd89a71a2527e2b,1284396,,,,,,,,,,,,,,,,,,,,,,,,,,,,,,,,,,,,,,,,,,,,,,,,,,,,,,,,,,,,,TN,TN
autoland,4769114,12,1a03ada32d4ae63ebeeb4561891b61c1e6e17a68,windows10-64-shippable-qr,True,False,,,102210fe594ee9b33d82058545b1ed14f4c8206e,browser-toolbox.close-process.DAMP,damp,True,damp browser-toolbox.close-process.DAMP opt e10s fission stylo webrender-sw,4768818,77,ms,firefox,,1737580626,2023-08-08 18:03:32,75.25082013828433,b19ed5a6579d312e71c03201698107835378c612,1284479,,,,,,,,,,,,,,,,,,,,,,,,,,,,,,,,,,,,,,,,,,,,,,,,,,,,,,,,,,,,,TN,TN
autoland,4769114,12,1a03ada32d4ae63ebeeb4561891b61c1e6e17a68,windows10-64-shippable-qr,True,False,,,102210fe594ee9b33d82058545b1ed14f4c8206e,browser-toolbox.close-process.DAMP,damp,True,damp browser-toolbox.close-process.DAMP opt e10s fission stylo webrender-sw,4768818,77,ms,firefox,,1737707074,2023-08-08 21:27:09,78.50614126828441,4abb9ce2fb8e4174171b3478d6f28b78bf3f214a,1284603,,,,,,,,,,,,,,,,,,,,,,,,,,,,,,,,,,,,,,,,,,,,,,,,,,,,,,,,,,,,,TN,TN
autoland,4769114,12,1a03ada32d4ae63ebeeb4561891b61c1e6e17a68,windows10-64-shippable-qr,True,False,,,102210fe594ee9b33d82058545b1ed14f4c8206e,browser-toolbox.close-process.DAMP,damp,True,damp browser-toolbox.close-process.DAMP opt e10s fission stylo webrender-sw,4768818,77,ms,firefox,,1737861250,2023-08-09 02:34:29,76.12304505836073,25a29224e55d9a839d6fddde206208a453535ec8,1284750,,,,,,,,,,,,,,,,,,,,,,,,,,,,,,,,,,,,,,,,,,,,,,,,,,,,,,,,,,,,,TN,TN
autoland,4769114,12,1a03ada32d4ae63ebeeb4561891b61c1e6e17a68,windows10-64-shippable-qr,True,False,,,102210fe594ee9b33d82058545b1ed14f4c8206e,browser-toolbox.close-process.DAMP,damp,True,damp browser-toolbox.close-process.DAMP opt e10s fission stylo webrender-sw,4768818,77,ms,firefox,,1738026704,2023-08-09 13:49:06,69.60704702786461,46b5603cd2b8de629b659ec8d44fc7b086782c46,1285020,,,,,,,,,,,,,,,,,,,,,,,,,,,,,,,,,,,,,,,,,,,,,,,,,,,,,,,,,,,,,TN,TN
autoland,4769114,12,1a03ada32d4ae63ebeeb4561891b61c1e6e17a68,windows10-64-shippable-qr,True,False,,,102210fe594ee9b33d82058545b1ed14f4c8206e,browser-toolbox.close-process.DAMP,damp,True,damp browser-toolbox.close-process.DAMP opt e10s fission stylo webrender-sw,4768818,77,ms,firefox,,1738241288,2023-08-09 17:29:37,75.38404299438116,299828b58af2fd55f393babed8ea8db6425040df,1285186,,,,,,,,,,,,,,,,,,,,,,,,,,,,,,,,,,,,,,,,,,,,,,,,,,,,,,,,,,,,,TN,TN
autoland,4769114,12,1a03ada32d4ae63ebeeb4561891b61c1e6e17a68,windows10-64-shippable-qr,True,False,,,102210fe594ee9b33d82058545b1ed14f4c8206e,browser-toolbox.close-process.DAMP,damp,True,damp browser-toolbox.close-process.DAMP opt e10s fission stylo webrender-sw,4768818,77,ms,firefox,,1738340693,2023-08-09 20:56:32,76.18083433485299,9766f63db97d1b85b2f2f47d2b3cb3ee3782ae85,1285337,,,,,,,,,,,,,,,,,,,,,,,,,,,,,,,,,,,,,,,,,,,,,,,,,,,,,,,,,,,,,TN,TN
autoland,4769114,12,1a03ada32d4ae63ebeeb4561891b61c1e6e17a68,windows10-64-shippable-qr,True,False,,,102210fe594ee9b33d82058545b1ed14f4c8206e,browser-toolbox.close-process.DAMP,damp,True,damp browser-toolbox.close-process.DAMP opt e10s fission stylo webrender-sw,4768818,77,ms,firefox,,1738393403,2023-08-10 01:02:34,69.77185935410671,b2b54f91567d2de224314e03fc81ba6e815e2fa7,1285442,,,,,,,,,,,,,,,,,,,,,,,,,,,,,,,,,,,,,,,,,,,,,,,,,,,,,,,,,,,,,TN,TN
autoland,4769114,12,1a03ada32d4ae63ebeeb4561891b61c1e6e17a68,windows10-64-shippable-qr,True,False,,,102210fe594ee9b33d82058545b1ed14f4c8206e,browser-toolbox.close-process.DAMP,damp,True,damp browser-toolbox.close-process.DAMP opt e10s fission stylo webrender-sw,4768818,77,ms,firefox,,1738452293,2023-08-10 02:22:08,70.27140404910824,7704c89f0e6bc2ca33282a228b42fb5cd7aa072c,1285454,,,,,,,,,,,,,,,,,,,,,,,,,,,,,,,,,,,,,,,,,,,,,,,,,,,,,,,,,,,,,TN,TN
autoland,4769114,12,1a03ada32d4ae63ebeeb4561891b61c1e6e17a68,windows10-64-shippable-qr,True,False,,,102210fe594ee9b33d82058545b1ed14f4c8206e,browser-toolbox.close-process.DAMP,damp,True,damp browser-toolbox.close-process.DAMP opt e10s fission stylo webrender-sw,4768818,77,ms,firefox,,1738540849,2023-08-10 06:54:21,76.09949308647265,24eb42c9b3d9f910ba5afe124232608f70532552,1285524,,,,,,,,,,,,,,,,,,,,,,,,,,,,,,,,,,,,,,,,,,,,,,,,,,,,,,,,,,,,,TN,TN
autoland,4769114,12,1a03ada32d4ae63ebeeb4561891b61c1e6e17a68,windows10-64-shippable-qr,True,False,,,102210fe594ee9b33d82058545b1ed14f4c8206e,browser-toolbox.close-process.DAMP,damp,True,damp browser-toolbox.close-process.DAMP opt e10s fission stylo webrender-sw,4768818,77,ms,firefox,,1738554623,2023-08-10 07:38:16,76.28223638984491,f688cd32ea991c3f0e62e19b43efc48cb4cc183a,1285542,,,,,,,,,,,,,,,,,,,,,,,,,,,,,,,,,,,,,,,,,,,,,,,,,,,,,,,,,,,,,TN,TN
autoland,4769114,12,1a03ada32d4ae63ebeeb4561891b61c1e6e17a68,windows10-64-shippable-qr,True,False,,,102210fe594ee9b33d82058545b1ed14f4c8206e,browser-toolbox.close-process.DAMP,damp,True,damp browser-toolbox.close-process.DAMP opt e10s fission stylo webrender-sw,4768818,77,ms,firefox,,1738661388,2023-08-10 11:47:02,70.19201723052538,b544a2a999190b3345911b807fac8392e1360811,1285658,,,,,,,,,,,,,,,,,,,,,,,,,,,,,,,,,,,,,,,,,,,,,,,,,,,,,,,,,,,,,TN,TN
autoland,4769114,12,1a03ada32d4ae63ebeeb4561891b61c1e6e17a68,windows10-64-shippable-qr,True,False,,,102210fe594ee9b33d82058545b1ed14f4c8206e,browser-toolbox.close-process.DAMP,damp,True,damp browser-toolbox.close-process.DAMP opt e10s fission stylo webrender-sw,4768818,77,ms,firefox,,1738700195,2023-08-10 13:06:38,75.931686877022,11f47f2a1cf08c1e0b5bb6374f2a7dd1f49c8cac,1285701,,,,,,,,,,,,,,,,,,,,,,,,,,,,,,,,,,,,,,,,,,,,,,,,,,,,,,,,,,,,,TN,TN
autoland,4769114,12,1a03ada32d4ae63ebeeb4561891b61c1e6e17a68,windows10-64-shippable-qr,True,False,,,102210fe594ee9b33d82058545b1ed14f4c8206e,browser-toolbox.close-process.DAMP,damp,True,damp browser-toolbox.close-process.DAMP opt e10s fission stylo webrender-sw,4768818,77,ms,firefox,,1738800521,2023-08-10 16:07:39,70.34052136680111,42a4b2af29229dbfd0675767afaf6965d292e4a7,1285800,,,,,,,,,,,,,,,,,,,,,,,,,,,,,,,,,,,,,,,,,,,,,,,,,,,,,,,,,,,,,TN,TN
autoland,4769114,12,1a03ada32d4ae63ebeeb4561891b61c1e6e17a68,windows10-64-shippable-qr,True,False,,,102210fe594ee9b33d82058545b1ed14f4c8206e,browser-toolbox.close-process.DAMP,damp,True,damp browser-toolbox.close-process.DAMP opt e10s fission stylo webrender-sw,4768818,77,ms,firefox,,1738919256,2023-08-10 18:32:11,76.39068800278255,fae9c8496544fb4597f4094d95b81fdefec01628,1285918,,,,,,,,,,,,,,,,,,,,,,,,,,,,,,,,,,,,,,,,,,,,,,,,,,,,,,,,,,,,,TN,TN
autoland,4769114,12,1a03ada32d4ae63ebeeb4561891b61c1e6e17a68,windows10-64-shippable-qr,True,False,,,102210fe594ee9b33d82058545b1ed14f4c8206e,browser-toolbox.close-process.DAMP,damp,True,damp browser-toolbox.close-process.DAMP opt e10s fission stylo webrender-sw,4768818,77,ms,firefox,,1738978030,2023-08-10 21:59:13,72.58300972082725,389f1009f2db207be63aacd4c9c54990f9d1104b,1286074,,,,,,,,,,,,,,,,,,,,,,,,,,,,,,,,,,,,,,,,,,,,,,,,,,,,,,,,,,,,,TN,TN
autoland,4769114,12,1a03ada32d4ae63ebeeb4561891b61c1e6e17a68,windows10-64-shippable-qr,True,False,,,102210fe594ee9b33d82058545b1ed14f4c8206e,browser-toolbox.close-process.DAMP,damp,True,damp browser-toolbox.close-process.DAMP opt e10s fission stylo webrender-sw,4768818,77,ms,firefox,,1739011563,2023-08-11 03:08:44,69.39778611388465,05da0ca6db46baad5f6e45489d80d5097053bb42,1286160,,,,,,,,,,,,,,,,,,,,,,,,,,,,,,,,,,,,,,,,,,,,,,,,,,,,,,,,,,,,,TN,TN
autoland,4769114,12,1a03ada32d4ae63ebeeb4561891b61c1e6e17a68,windows10-64-shippable-qr,True,False,,,102210fe594ee9b33d82058545b1ed14f4c8206e,browser-toolbox.close-process.DAMP,damp,True,damp browser-toolbox.close-process.DAMP opt e10s fission stylo webrender-sw,4768818,77,ms,firefox,,1739101775,2023-08-11 07:27:06,70.018889383442,efb44db563b1abcb74959e12c6ce8e577cd213f2,1286189,,,,,,,,,,,,,,,,,,,,,,,,,,,,,,,,,,,,,,,,,,,,,,,,,,,,,,,,,,,,,TN,TN
autoland,4769114,12,1a03ada32d4ae63ebeeb4561891b61c1e6e17a68,windows10-64-shippable-qr,True,False,,,102210fe594ee9b33d82058545b1ed14f4c8206e,browser-toolbox.close-process.DAMP,damp,True,damp browser-toolbox.close-process.DAMP opt e10s fission stylo webrender-sw,4768818,77,ms,firefox,,1739120201,2023-08-11 08:27:25,75.7784177386493,cda91469ef2a9b195d09f702816a5f7aec451d02,1286199,,,,,,,,,,,,,,,,,,,,,,,,,,,,,,,,,,,,,,,,,,,,,,,,,,,,,,,,,,,,,TN,TN
autoland,4769114,12,1a03ada32d4ae63ebeeb4561891b61c1e6e17a68,windows10-64-shippable-qr,True,False,,,102210fe594ee9b33d82058545b1ed14f4c8206e,browser-toolbox.close-process.DAMP,damp,True,damp browser-toolbox.close-process.DAMP opt e10s fission stylo webrender-sw,4768818,77,ms,firefox,,1739305214,2023-08-11 14:16:15,76.04212319929866,21aaca8e9cca74e93bf7c9c3a6c05b78a0d46a06,1286315,,,,,,,,,,,,,,,,,,,,,,,,,,,,,,,,,,,,,,,,,,,,,,,,,,,,,,,,,,,,,TN,TN
autoland,4769114,12,1a03ada32d4ae63ebeeb4561891b61c1e6e17a68,windows10-64-shippable-qr,True,False,,,102210fe594ee9b33d82058545b1ed14f4c8206e,browser-toolbox.close-process.DAMP,damp,True,damp browser-toolbox.close-process.DAMP opt e10s fission stylo webrender-sw,4768818,77,ms,firefox,,1739326633,2023-08-11 16:12:07,71.86986719387278,16838b515ded4549918a4ebf3e3fa8a0b427e1f4,1286403,,,,,,,,,,,,,,,,,,,,,,,,,,,,,,,,,,,,,,,,,,,,,,,,,,,,,,,,,,,,,TN,TN
autoland,4769114,12,1a03ada32d4ae63ebeeb4561891b61c1e6e17a68,windows10-64-shippable-qr,True,False,,,102210fe594ee9b33d82058545b1ed14f4c8206e,browser-toolbox.close-process.DAMP,damp,True,damp browser-toolbox.close-process.DAMP opt e10s fission stylo webrender-sw,4768818,77,ms,firefox,,1739417792,2023-08-11 20:27:04,71.18388414871879,700d98d93bde10f22824d5d41b863f4a108f832b,1286565,,,,,,,,,,,,,,,,,,,,,,,,,,,,,,,,,,,,,,,,,,,,,,,,,,,,,,,,,,,,,TN,TN
autoland,4769114,12,1a03ada32d4ae63ebeeb4561891b61c1e6e17a68,windows10-64-shippable-qr,True,False,,,102210fe594ee9b33d82058545b1ed14f4c8206e,browser-toolbox.close-process.DAMP,damp,True,damp browser-toolbox.close-process.DAMP opt e10s fission stylo webrender-sw,4768818,77,ms,firefox,,1739559298,2023-08-12 05:14:02,70.22232401539804,8dd752fc2bce87d04b7ae3bab02bb57d59c64e8a,1286635,,,,,,,,,,,,,,,,,,,,,,,,,,,,,,,,,,,,,,,,,,,,,,,,,,,,,,,,,,,,,TN,TN
autoland,4769114,12,1a03ada32d4ae63ebeeb4561891b61c1e6e17a68,windows10-64-shippable-qr,True,False,,,102210fe594ee9b33d82058545b1ed14f4c8206e,browser-toolbox.close-process.DAMP,damp,True,damp browser-toolbox.close-process.DAMP opt e10s fission stylo webrender-sw,4768818,77,ms,firefox,,1739570731,2023-08-12 05:14:50,76.26931778306607,f20040ae7b2f3e1499ea3b90639fd96566103125,1286636,,,,,,,,,,,,,,,,,,,,,,,,,,,,,,,,,,,,,,,,,,,,,,,,,,,,,,,,,,,,,TN,TN
autoland,4769114,12,1a03ada32d4ae63ebeeb4561891b61c1e6e17a68,windows10-64-shippable-qr,True,False,,,102210fe594ee9b33d82058545b1ed14f4c8206e,browser-toolbox.close-process.DAMP,damp,True,damp browser-toolbox.close-process.DAMP opt e10s fission stylo webrender-sw,4768818,77,ms,firefox,,1739637827,2023-08-12 12:22:39,69.98904661146662,6386291adbedd6140dfbf10b071e5cc82f5433a1,1286663,,,,,,,,,,,,,,,,,,,,,,,,,,,,,,,,,,,,,,,,,,,,,,,,,,,,,,,,,,,,,TN,TN
autoland,4769114,12,1a03ada32d4ae63ebeeb4561891b61c1e6e17a68,windows10-64-shippable-qr,True,False,,,102210fe594ee9b33d82058545b1ed14f4c8206e,browser-toolbox.close-process.DAMP,damp,True,damp browser-toolbox.close-process.DAMP opt e10s fission stylo webrender-sw,4768818,77,ms,firefox,,1739688029,2023-08-12 17:53:09,71.5823908833845,9a15449ff274a89d15ae4d345601385b371c2dff,1286688,,,,,,,,,,,,,,,,,,,,,,,,,,,,,,,,,,,,,,,,,,,,,,,,,,,,,,,,,,,,,TN,TN
autoland,4769114,12,1a03ada32d4ae63ebeeb4561891b61c1e6e17a68,windows10-64-shippable-qr,True,False,,,102210fe594ee9b33d82058545b1ed14f4c8206e,browser-toolbox.close-process.DAMP,damp,True,damp browser-toolbox.close-process.DAMP opt e10s fission stylo webrender-sw,4768818,77,ms,firefox,,1739759257,2023-08-13 04:26:09,69.47887642680143,dcf2ddfaffbf9900de8ba4a674708bf996d147b6,1286737,,,,,,,,,,,,,,,,,,,,,,,,,,,,,,,,,,,,,,,,,,,,,,,,,,,,,,,,,,,,,TN,TN
autoland,4769114,12,1a03ada32d4ae63ebeeb4561891b61c1e6e17a68,windows10-64-shippable-qr,True,False,,,102210fe594ee9b33d82058545b1ed14f4c8206e,browser-toolbox.close-process.DAMP,damp,True,damp browser-toolbox.close-process.DAMP opt e10s fission stylo webrender-sw,4768818,77,ms,firefox,,1739836573,2023-08-13 16:54:11,73.70980156569567,cbfbab86b8f2ad4e39c90caa2d8e55102609b72d,1286762,,,,,,,,,,,,,,,,,,,,,,,,,,,,,,,,,,,,,,,,,,,,,,,,,,,,,,,,,,,,,TN,TN
autoland,4769114,12,1a03ada32d4ae63ebeeb4561891b61c1e6e17a68,windows10-64-shippable-qr,True,False,,,102210fe594ee9b33d82058545b1ed14f4c8206e,browser-toolbox.close-process.DAMP,damp,True,damp browser-toolbox.close-process.DAMP opt e10s fission stylo webrender-sw,4768818,77,ms,firefox,,1739921706,2023-08-14 00:32:30,71.64558595237759,bdeed1276a3515d597485fc241f9757ff607a9d1,1286792,,,,,,,,,,,,,,,,,,,,,,,,,,,,,,,,,,,,,,,,,,,,,,,,,,,,,,,,,,,,,TN,TN
autoland,4769114,12,1a03ada32d4ae63ebeeb4561891b61c1e6e17a68,windows10-64-shippable-qr,True,False,,,102210fe594ee9b33d82058545b1ed14f4c8206e,browser-toolbox.close-process.DAMP,damp,True,damp browser-toolbox.close-process.DAMP opt e10s fission stylo webrender-sw,4768818,77,ms,firefox,,1739957703,2023-08-14 06:39:21,70.94826724048471,a5bcd3edffd78b69932e1ea7c5dda0894107edaa,1286822,,,,,,,,,,,,,,,,,,,,,,,,,,,,,,,,,,,,,,,,,,,,,,,,,,,,,,,,,,,,,TN,TN
autoland,4769114,12,1a03ada32d4ae63ebeeb4561891b61c1e6e17a68,windows10-64-shippable-qr,True,False,,,102210fe594ee9b33d82058545b1ed14f4c8206e,browser-toolbox.close-process.DAMP,damp,True,damp browser-toolbox.close-process.DAMP opt e10s fission stylo webrender-sw,4768818,77,ms,firefox,,1740038725,2023-08-14 10:48:55,75.96599089460506,64a1445ac4138d208b6412914b12fd0a2e9ff945,1286891,,,,,,,,,,,,,,,,,,,,,,,,,,,,,,,,,,,,,,,,,,,,,,,,,,,,,,,,,,,,,TN,TN
autoland,4769114,12,1a03ada32d4ae63ebeeb4561891b61c1e6e17a68,windows10-64-shippable-qr,True,False,,,102210fe594ee9b33d82058545b1ed14f4c8206e,browser-toolbox.close-process.DAMP,damp,True,damp browser-toolbox.close-process.DAMP opt e10s fission stylo webrender-sw,4768818,77,ms,firefox,,1740176619,2023-08-14 16:54:04,72.33383634497295,5b1987d52ae19ebe1b311fec0f664563b5bf198d,1287092,,,,,,,,,,,,,,,,,,,,,,,,,,,,,,,,,,,,,,,,,,,,,,,,,,,,,,,,,,,,,TN,TN
autoland,4769114,12,1a03ada32d4ae63ebeeb4561891b61c1e6e17a68,windows10-64-shippable-qr,True,False,,,102210fe594ee9b33d82058545b1ed14f4c8206e,browser-toolbox.close-process.DAMP,damp,True,damp browser-toolbox.close-process.DAMP opt e10s fission stylo webrender-sw,4768818,77,ms,firefox,,1740338683,2023-08-14 21:20:15,68.96692377036379,7081c01a8f314a82bc3c055c11f0880dc2b706fb,1287268,,,,,,,,,,,,,,,,,,,,,,,,,,,,,,,,,,,,,,,,,,,,,,,,,,,,,,,,,,,,,TN,TN
autoland,4769114,12,1a03ada32d4ae63ebeeb4561891b61c1e6e17a68,windows10-64-shippable-qr,True,False,,,102210fe594ee9b33d82058545b1ed14f4c8206e,browser-toolbox.close-process.DAMP,damp,True,damp browser-toolbox.close-process.DAMP opt e10s fission stylo webrender-sw,4768818,77,ms,firefox,,1740370451,2023-08-14 23:25:21,75.36012391770782,88ec6682eab1c5c36cb839c8db0156446559a1cb,1287331,,,,,,,,,,,,,,,,,,,,,,,,,,,,,,,,,,,,,,,,,,,,,,,,,,,,,,,,,,,,,TN,TN
autoland,4769114,12,1a03ada32d4ae63ebeeb4561891b61c1e6e17a68,windows10-64-shippable-qr,True,False,,,102210fe594ee9b33d82058545b1ed14f4c8206e,browser-toolbox.close-process.DAMP,damp,True,damp browser-toolbox.close-process.DAMP opt e10s fission stylo webrender-sw,4768818,77,ms,firefox,,1740512391,2023-08-15 03:40:03,76.71024242517888,ef2753ba331b17b408096bfd42e83a91039b995d,1287395,,,,,,,,,,,,,,,,,,,,,,,,,,,,,,,,,,,,,,,,,,,,,,,,,,,,,,,,,,,,,TN,TN
autoland,4769114,12,1a03ada32d4ae63ebeeb4561891b61c1e6e17a68,windows10-64-shippable-qr,True,False,,,102210fe594ee9b33d82058545b1ed14f4c8206e,browser-toolbox.close-process.DAMP,damp,True,damp browser-toolbox.close-process.DAMP opt e10s fission stylo webrender-sw,4768818,77,ms,firefox,,1740636283,2023-08-15 12:15:00,77.16600152096362,0038346134ec0c0912660c19edced48ff4c9996b,1287534,,,,,,,,,,,,,,,,,,,,,,,,,,,,,,,,,,,,,,,,,,,,,,,,,,,,,,,,,,,,,TN,TN
autoland,4769114,12,1a03ada32d4ae63ebeeb4561891b61c1e6e17a68,windows10-64-shippable-qr,True,False,,,102210fe594ee9b33d82058545b1ed14f4c8206e,browser-toolbox.close-process.DAMP,damp,True,damp browser-toolbox.close-process.DAMP opt e10s fission stylo webrender-sw,4768818,77,ms,firefox,,1740660924,2023-08-15 12:16:05,78.6697204648226,34ea39f6bd8afd706e571c5a5c5557f8f02274c7,1287535,,,,,,,,,,,,,,,,,,,,,,,,,,,,,,,,,,,,,,,,,,,,,,,,,,,,,,,,,,,,,TN,TN
autoland,4769114,12,1a03ada32d4ae63ebeeb4561891b61c1e6e17a68,windows10-64-shippable-qr,True,False,,,102210fe594ee9b33d82058545b1ed14f4c8206e,browser-toolbox.close-process.DAMP,damp,True,damp browser-toolbox.close-process.DAMP opt e10s fission stylo webrender-sw,4768818,77,ms,firefox,,1740853098,2023-08-15 17:48:00,75.54982798515994,c01a1256082294777509d59591b44cc1a9a54101,1287732,,,,,,,,,,,,,,,,,,,,,,,,,,,,,,,,,,,,,,,,,,,,,,,,,,,,,,,,,,,,,TN,TN
autoland,4769114,12,1a03ada32d4ae63ebeeb4561891b61c1e6e17a68,windows10-64-shippable-qr,True,False,,,102210fe594ee9b33d82058545b1ed14f4c8206e,browser-toolbox.close-process.DAMP,damp,True,damp browser-toolbox.close-process.DAMP opt e10s fission stylo webrender-sw,4768818,77,ms,firefox,,1741012436,2023-08-15 20:18:28,77.04589121918252,b6d00af33f9f1879900a9ff148f77a03de4ca507,1287829,,,,,,,,,,,,,,,,,,,,,,,,,,,,,,,,,,,,,,,,,,,,,,,,,,,,,,,,,,,,,TN,TN
autoland,4769114,12,1a03ada32d4ae63ebeeb4561891b61c1e6e17a68,windows10-64-shippable-qr,True,False,,,102210fe594ee9b33d82058545b1ed14f4c8206e,browser-toolbox.close-process.DAMP,damp,True,damp browser-toolbox.close-process.DAMP opt e10s fission stylo webrender-sw,4768818,77,ms,firefox,,1741058831,2023-08-16 01:44:13,70.62200117486282,af1979bb2dd22b96889d47af7852253d7f161693,1287987,,,,,,,,,,,,,,,,,,,,,,,,,,,,,,,,,,,,,,,,,,,,,,,,,,,,,,,,,,,,,TN,TN
autoland,4769114,12,1a03ada32d4ae63ebeeb4561891b61c1e6e17a68,windows10-64-shippable-qr,True,False,,,102210fe594ee9b33d82058545b1ed14f4c8206e,browser-toolbox.close-process.DAMP,damp,True,damp browser-toolbox.close-process.DAMP opt e10s fission stylo webrender-sw,4768818,77,ms,firefox,,1741170634,2023-08-16 06:09:24,75.99929685272582,4d7123b9c5729f33db3288141ea7502fae3cbadc,1288100,,,,,,,,,,,,,,,,,,,,,,,,,,,,,,,,,,,,,,,,,,,,,,,,,,,,,,,,,,,,,TN,TN
autoland,4769114,12,1a03ada32d4ae63ebeeb4561891b61c1e6e17a68,windows10-64-shippable-qr,True,False,,,102210fe594ee9b33d82058545b1ed14f4c8206e,browser-toolbox.close-process.DAMP,damp,True,damp browser-toolbox.close-process.DAMP opt e10s fission stylo webrender-sw,4768818,77,ms,firefox,,1741221936,2023-08-16 07:28:11,69.9605691531433,3ba3d3cb9bb7860efcbb623d34fc5d721fc7cfcb,1288129,,,,,,,,,,,,,,,,,,,,,,,,,,,,,,,,,,,,,,,,,,,,,,,,,,,,,,,,,,,,,TN,TN
autoland,4769114,12,1a03ada32d4ae63ebeeb4561891b61c1e6e17a68,windows10-64-shippable-qr,True,False,,,102210fe594ee9b33d82058545b1ed14f4c8206e,browser-toolbox.close-process.DAMP,damp,True,damp browser-toolbox.close-process.DAMP opt e10s fission stylo webrender-sw,4768818,77,ms,firefox,,1741322865,2023-08-16 10:40:28,78.44353338770816,3cbe8cb45dab35d18ef4ffb5481be55dfabf47c7,1288233,,,,,,,,,,,,,,,,,,,,,,,,,,,,,,,,,,,,,,,,,,,,,,,,,,,,,,,,,,,,,TN,TN
autoland,4769114,12,1a03ada32d4ae63ebeeb4561891b61c1e6e17a68,windows10-64-shippable-qr,True,False,,,102210fe594ee9b33d82058545b1ed14f4c8206e,browser-toolbox.close-process.DAMP,damp,True,damp browser-toolbox.close-process.DAMP opt e10s fission stylo webrender-sw,4768818,77,ms,firefox,,1741485442,2023-08-16 14:37:22,75.5695578193554,1cafd355bbcf32aae501b9419edec5e7c8a59968,1288343,,,,,,,,,,,,,,,,,,,,,,,,,,,,,,,,,,,,,,,,,,,,,,,,,,,,,,,,,,,,,TN,TN
autoland,4769114,12,1a03ada32d4ae63ebeeb4561891b61c1e6e17a68,windows10-64-shippable-qr,True,False,,,102210fe594ee9b33d82058545b1ed14f4c8206e,browser-toolbox.close-process.DAMP,damp,True,damp browser-toolbox.close-process.DAMP opt e10s fission stylo webrender-sw,4768818,77,ms,firefox,,1742980832,2023-08-16 17:18:17,71.89263950575696,76c2ef9d279ab62d4513c845d1c71e49aaf07d8c,1288437,,,,,,,,,,,,,,,,,,,,,,,,,,,,,,,,,,,,,,,,,,,,,,,,,,,,,,,,,,,,,TN,TN
autoland,4769114,12,1a03ada32d4ae63ebeeb4561891b61c1e6e17a68,windows10-64-shippable-qr,True,False,,,102210fe594ee9b33d82058545b1ed14f4c8206e,browser-toolbox.close-process.DAMP,damp,True,damp browser-toolbox.close-process.DAMP opt e10s fission stylo webrender-sw,4768818,77,ms,firefox,,1742981075,2023-08-16 17:19:17,70.03746814082842,e679173f9fd8ae276789ca7302817d53d23baab4,1288439,,,,,,,,,,,,,,,,,,,,,,,,,,,,,,,,,,,,,,,,,,,,,,,,,,,,,,,,,,,,,TN,TN
autoland,4769114,12,1a03ada32d4ae63ebeeb4561891b61c1e6e17a68,windows10-64-shippable-qr,True,False,,,102210fe594ee9b33d82058545b1ed14f4c8206e,browser-toolbox.close-process.DAMP,damp,True,damp browser-toolbox.close-process.DAMP opt e10s fission stylo webrender-sw,4768818,77,ms,firefox,,1742980952,2023-08-16 17:37:36,68.26417247955396,2407597d846312d9c6de852dce689d1c238c71c6,1288452,,,,,,,,,,,,,,,,,,,,,,,,,,,,,,,,,,,,,,,,,,,,,,,,,,,,,,,,,,,,,TN,TN
autoland,4769114,12,1a03ada32d4ae63ebeeb4561891b61c1e6e17a68,windows10-64-shippable-qr,True,False,,,102210fe594ee9b33d82058545b1ed14f4c8206e,browser-toolbox.close-process.DAMP,damp,True,damp browser-toolbox.close-process.DAMP opt e10s fission stylo webrender-sw,4768818,77,ms,firefox,,1742981221,2023-08-16 18:04:47,69.05993711956398,d85402f11fc4636036f3e809d57fd20d20c41d7f,1288470,,,,,,,,,,,,,,,,,,,,,,,,,,,,,,,,,,,,,,,,,,,,,,,,,,,,,,,,,,,,,TN,TN
autoland,4769114,12,1a03ada32d4ae63ebeeb4561891b61c1e6e17a68,windows10-64-shippable-qr,True,False,,,102210fe594ee9b33d82058545b1ed14f4c8206e,browser-toolbox.close-process.DAMP,damp,True,damp browser-toolbox.close-process.DAMP opt e10s fission stylo webrender-sw,4768818,77,ms,firefox,,1742981344,2023-08-16 18:22:38,72.71374040981027,52f816cfe298fe872f34f152541fff7f08f3bba7,1288480,,,,,,,,,,,,,,,,,,,,,,,,,,,,,,,,,,,,,,,,,,,,,,,,,,,,,,,,,,,,,TN,TN
autoland,4769114,12,1a03ada32d4ae63ebeeb4561891b61c1e6e17a68,windows10-64-shippable-qr,True,False,,,102210fe594ee9b33d82058545b1ed14f4c8206e,browser-toolbox.close-process.DAMP,damp,True,damp browser-toolbox.close-process.DAMP opt e10s fission stylo webrender-sw,4768818,77,ms,firefox,,1742981443,2023-08-16 18:23:27,70.73912673948507,8e55399e35ce0383df8c6ed46690d8fdfeefa6d8,1288481,,,,,,,,,,,,,,,,,,,,,,,,,,,,,,,,,,,,,,,,,,,,,,,,,,,,,,,,,,,,,TN,TN
autoland,4769114,12,1a03ada32d4ae63ebeeb4561891b61c1e6e17a68,windows10-64-shippable-qr,True,False,,,102210fe594ee9b33d82058545b1ed14f4c8206e,browser-toolbox.close-process.DAMP,damp,True,damp browser-toolbox.close-process.DAMP opt e10s fission stylo webrender-sw,4768818,77,ms,firefox,,1742981642,2023-08-16 18:24:20,69.8400784247824,b7c070a4e6e35db1b091b0c13420eed67b2bb9fb,1288482,,,,,,,,,,,,,,,,,,,,,,,,,,,,,,,,,,,,,,,,,,,,,,,,,,,,,,,,,,,,,TN,TN
autoland,4769114,12,1a03ada32d4ae63ebeeb4561891b61c1e6e17a68,windows10-64-shippable-qr,True,False,,,102210fe594ee9b33d82058545b1ed14f4c8206e,browser-toolbox.close-process.DAMP,damp,True,damp browser-toolbox.close-process.DAMP opt e10s fission stylo webrender-sw,4768818,77,ms,firefox,,1742981783,2023-08-16 18:29:35,67.08932785059733,536bc940d00da0301805cf4b485a48374b636a86,1288484,,,,,,,,,,,,,,,,,,,,,,,,,,,,,,,,,,,,,,,,,,,,,,,,,,,,,,,,,,,,,TN,TN
autoland,4769114,12,1a03ada32d4ae63ebeeb4561891b61c1e6e17a68,windows10-64-shippable-qr,True,False,,,102210fe594ee9b33d82058545b1ed14f4c8206e,browser-toolbox.close-process.DAMP,damp,True,damp browser-toolbox.close-process.DAMP opt e10s fission stylo webrender-sw,4768818,77,ms,firefox,,1741629467,2023-08-16 18:57:22,77.6111537020115,1c8dec8815d59d488dc44109a4361dcec573ec0a,1288496,,,,,,,,,,,,,,,,,,,,,,,,,,,,,,,,,,,,,,,,,,,,,,,,,,,,,,,,,,,,,TN,TN
autoland,4769114,12,1a03ada32d4ae63ebeeb4561891b61c1e6e17a68,windows10-64-shippable-qr,True,False,,,102210fe594ee9b33d82058545b1ed14f4c8206e,browser-toolbox.close-process.DAMP,damp,True,damp browser-toolbox.close-process.DAMP opt e10s fission stylo webrender-sw,4768818,77,ms,firefox,,1746748255,2023-08-16 19:23:49,69.27607723817346,79af70a8dd04e91df6dff42b26fb7909ffca20d6,1288517,,,,,,,,,,,,,,,,,,,,,,,,,,,,,,,,,,,,,,,,,,,,,,,,,,,,,,,,,,,,,TN,TN
autoland,4769114,12,1a03ada32d4ae63ebeeb4561891b61c1e6e17a68,windows10-64-shippable-qr,True,False,,,102210fe594ee9b33d82058545b1ed14f4c8206e,browser-toolbox.close-process.DAMP,damp,True,damp browser-toolbox.close-process.DAMP opt e10s fission stylo webrender-sw,4768818,77,ms,firefox,,1746748607,2023-08-16 19:31:42,71.52314512673183,7ae493a0af59e1163996deeb1999c360e0736a45,1288523,,,,,,,,,,,,,,,,,,,,,,,,,,,,,,,,,,,,,,,,,,,,,,,,,,,,,,,,,,,,,TN,TN
autoland,4769114,12,1a03ada32d4ae63ebeeb4561891b61c1e6e17a68,windows10-64-shippable-qr,True,False,,,102210fe594ee9b33d82058545b1ed14f4c8206e,browser-toolbox.close-process.DAMP,damp,True,damp browser-toolbox.close-process.DAMP opt e10s fission stylo webrender-sw,4768818,77,ms,firefox,,1746748659,2023-08-16 19:31:42,72.00588731028256,7ae493a0af59e1163996deeb1999c360e0736a45,1288523,,,,,,,,,,,,,,,,,,,,,,,,,,,,,,,,,,,,,,,,,,,,,,,,,,,,,,,,,,,,,TN,TN
autoland,4769114,12,1a03ada32d4ae63ebeeb4561891b61c1e6e17a68,windows10-64-shippable-qr,True,False,,,102210fe594ee9b33d82058545b1ed14f4c8206e,browser-toolbox.close-process.DAMP,damp,True,damp browser-toolbox.close-process.DAMP opt e10s fission stylo webrender-sw,4768818,77,ms,firefox,,1746748310,2023-08-16 19:41:16,69.03255403399817,8a5caf74dcfe00dfe080d1c9afa206aea00b9f0a,1288530,,,,,,,,,,,,,,,,,,,,,,,,,,,,,,,,,,,,,,,,,,,,,,,,,,,,,,,,,,,,,TN,TN
autoland,4769114,12,1a03ada32d4ae63ebeeb4561891b61c1e6e17a68,windows10-64-shippable-qr,True,False,,,102210fe594ee9b33d82058545b1ed14f4c8206e,browser-toolbox.close-process.DAMP,damp,True,damp browser-toolbox.close-process.DAMP opt e10s fission stylo webrender-sw,4768818,77,ms,firefox,,1746748757,2023-08-16 19:51:48,70.14388918943587,812c0a897eaedf42a3f6677b21bbe871fee8ce6a,1288538,,,,,,,,,,,,,,,,,,,,,,,,,,,,,,,,,,,,,,,,,,,,,,,,,,,,,,,,,,,,,TN,TN
autoland,4769114,12,1a03ada32d4ae63ebeeb4561891b61c1e6e17a68,windows10-64-shippable-qr,True,False,,,102210fe594ee9b33d82058545b1ed14f4c8206e,browser-toolbox.close-process.DAMP,damp,True,damp browser-toolbox.close-process.DAMP opt e10s fission stylo webrender-sw,4768818,77,ms,firefox,,1746748364,2023-08-16 19:59:26,70.10266277407936,cbec9ab49ab326177b9031d5e39183956ac129b6,1288545,,,,,,,,,,,,,,,,,,,,,,,,,,,,,,,,,,,,,,,,,,,,,,,,,,,,,,,,,,,,,TN,TN
autoland,4769114,12,1a03ada32d4ae63ebeeb4561891b61c1e6e17a68,windows10-64-shippable-qr,True,False,,,102210fe594ee9b33d82058545b1ed14f4c8206e,browser-toolbox.close-process.DAMP,damp,True,damp browser-toolbox.close-process.DAMP opt e10s fission stylo webrender-sw,4768818,77,ms,firefox,,1746748437,2023-08-16 21:01:55,69.55696602191892,1493bfd927a00a6223c6bf4eb58e986c7818a4f1,1288587,,,,,,,,,,,,,,,,,,,,,,,,,,,,,,,,,,,,,,,,,,,,,,,,,,,,,,,,,,,,,TN,TN
autoland,4769114,12,1a03ada32d4ae63ebeeb4561891b61c1e6e17a68,windows10-64-shippable-qr,True,False,,,102210fe594ee9b33d82058545b1ed14f4c8206e,browser-toolbox.close-process.DAMP,damp,True,damp browser-toolbox.close-process.DAMP opt e10s fission stylo webrender-sw,4768818,77,ms,firefox,,1746748547,2023-08-16 21:08:55,69.49998702932498,1b598b18642b366661d2bfa10d8ca7bf37493d05,1288592,,,,,,,,,,,,,,,,,,,,,,,,,,,,,,,,,,,,,,,,,,,,,,,,,,,,,,,,,,,,,TN,TN
autoland,4769114,12,1a03ada32d4ae63ebeeb4561891b61c1e6e17a68,windows10-64-shippable-qr,True,False,,,102210fe594ee9b33d82058545b1ed14f4c8206e,browser-toolbox.close-process.DAMP,damp,True,damp browser-toolbox.close-process.DAMP opt e10s fission stylo webrender-sw,4768818,77,ms,firefox,,1746748492,2023-08-16 21:09:43,69.75806313981593,b55efc3e6465fec624ce9219107dc46e664efd54,1288593,,,,,,,,,,,,,,,,,,,,,,,,,,,,,,,,,,,,,,,,,,,,,,,,,,,,,,,,,,,,,TN,TN
autoland,4769114,12,1a03ada32d4ae63ebeeb4561891b61c1e6e17a68,windows10-64-shippable-qr,True,False,,,102210fe594ee9b33d82058545b1ed14f4c8206e,browser-toolbox.close-process.DAMP,damp,True,damp browser-toolbox.close-process.DAMP opt e10s fission stylo webrender-sw,4768818,77,ms,firefox,,1742980347,2023-08-16 21:11:31,66.88910241202757,d2ae6ee5f7ed182032574138aa6cd25894e0aea9,1288595,,,,,,,,,,,,,,,,,,,,,,,,,,,,,,,,,,,,,,,,,,,,,,,,,,,,,,,,,,,,,TN,TN
autoland,4769114,12,1a03ada32d4ae63ebeeb4561891b61c1e6e17a68,windows10-64-shippable-qr,True,False,,,102210fe594ee9b33d82058545b1ed14f4c8206e,browser-toolbox.close-process.DAMP,damp,True,damp browser-toolbox.close-process.DAMP opt e10s fission stylo webrender-sw,4768818,77,ms,firefox,,1742980776,2023-08-16 21:12:23,67.82906575716333,f647e84eefff9d4a2340e8b7bfa8241c1f471347,1288597,,,,,,,,,,,,,,,,,,,,,,,,,,,,,,,,,,,,,,,,,,,,,,,,,,,,,,,,,,,,,TN,TN
autoland,4769114,12,1a03ada32d4ae63ebeeb4561891b61c1e6e17a68,windows10-64-shippable-qr,True,False,,,102210fe594ee9b33d82058545b1ed14f4c8206e,browser-toolbox.close-process.DAMP,damp,True,damp browser-toolbox.close-process.DAMP opt e10s fission stylo webrender-sw,4768818,77,ms,firefox,,1742980616,2023-08-16 21:13:13,70.06760112433767,08a66d97b33b91ee81cf551b7f81dee5596e0769,1288598,,,,,,,,,,,,,,,,,,,,,,,,,,,,,,,,,,,,,,,,,,,,,,,,,,,,,,,,,,,,,TN,TN
autoland,4769114,12,1a03ada32d4ae63ebeeb4561891b61c1e6e17a68,windows10-64-shippable-qr,True,False,,,102210fe594ee9b33d82058545b1ed14f4c8206e,browser-toolbox.close-process.DAMP,damp,True,damp browser-toolbox.close-process.DAMP opt e10s fission stylo webrender-sw,4768818,77,ms,firefox,,1742980672,2023-08-16 21:14:09,68.62686201377073,3072155b3ba7258eeffe3cc96f1065c8b8eb3e4f,1288599,,,,,,,,,,,,,,,,,,,,,,,,,,,,,,,,,,,,,,,,,,,,,,,,,,,,,,,,,,,,,TN,TN
autoland,4769114,12,1a03ada32d4ae63ebeeb4561891b61c1e6e17a68,windows10-64-shippable-qr,True,False,,,102210fe594ee9b33d82058545b1ed14f4c8206e,browser-toolbox.close-process.DAMP,damp,True,damp browser-toolbox.close-process.DAMP opt e10s fission stylo webrender-sw,4768818,77,ms,firefox,,1742981128,2023-08-16 21:15:06,68.69275617873791,3b5a0c666d81128f40fa48e3e30c16c64e64b959,1288602,,,,,,,,,,,,,,,,,,,,,,,,,,,,,,,,,,,,,,,,,,,,,,,,,,,,,,,,,,,,,TN,TN
autoland,4769114,12,1a03ada32d4ae63ebeeb4561891b61c1e6e17a68,windows10-64-shippable-qr,True,False,,,102210fe594ee9b33d82058545b1ed14f4c8206e,browser-toolbox.close-process.DAMP,damp,True,damp browser-toolbox.close-process.DAMP opt e10s fission stylo webrender-sw,4768818,77,ms,firefox,,1742981229,2023-08-16 21:15:59,68.35015766193828,69f670fb5c2974e05152acd3a5cf1d5c0b640d67,1288603,,,,,,,,,,,,,,,,,,,,,,,,,,,,,,,,,,,,,,,,,,,,,,,,,,,,,,,,,,,,,TN,TN
autoland,4769114,12,1a03ada32d4ae63ebeeb4561891b61c1e6e17a68,windows10-64-shippable-qr,True,False,,,102210fe594ee9b33d82058545b1ed14f4c8206e,browser-toolbox.close-process.DAMP,damp,True,damp browser-toolbox.close-process.DAMP opt e10s fission stylo webrender-sw,4768818,77,ms,firefox,,1742981557,2023-08-16 22:03:36,70.08676685929095,cda31e355b3b5a8a6b4271733f93cc9097b7e1bc,1288632,,,,,,,,,,,,,,,,,,,,,,,,,,,,,,,,,,,,,,,,,,,,,,,,,,,,,,,,,,,,,TN,TN
autoland,4769114,12,1a03ada32d4ae63ebeeb4561891b61c1e6e17a68,windows10-64-shippable-qr,True,False,,,102210fe594ee9b33d82058545b1ed14f4c8206e,browser-toolbox.close-process.DAMP,damp,True,damp browser-toolbox.close-process.DAMP opt e10s fission stylo webrender-sw,4768818,77,ms,firefox,,1742982026,2023-08-16 22:07:07,69.64202940797259,139a53c64cf08799126c12e52c87210d0905e17c,1288635,,,,,,,,,,,,,,,,,,,,,,,,,,,,,,,,,,,,,,,,,,,,,,,,,,,,,,,,,,,,,TN,TN
autoland,4769114,12,1a03ada32d4ae63ebeeb4561891b61c1e6e17a68,windows10-64-shippable-qr,True,False,,,102210fe594ee9b33d82058545b1ed14f4c8206e,browser-toolbox.close-process.DAMP,damp,True,damp browser-toolbox.close-process.DAMP opt e10s fission stylo webrender-sw,4768818,77,ms,firefox,,1741698199,2023-08-16 23:04:52,69.55143346320256,4e21d241af64f5d1f3b4796d48ab8d58a961f081,1288666,,,,,,,,,,,,,,,,,,,,,,,,,,,,,,,,,,,,,,,,,,,,,,,,,,,,,,,,,,,,,TN,TN
autoland,4769114,12,1a03ada32d4ae63ebeeb4561891b61c1e6e17a68,windows10-64-shippable-qr,True,False,,,102210fe594ee9b33d82058545b1ed14f4c8206e,browser-toolbox.close-process.DAMP,damp,True,damp browser-toolbox.close-process.DAMP opt e10s fission stylo webrender-sw,4768818,77,ms,firefox,,1741738905,2023-08-16 23:22:50,68.46092747602233,200aa08042f1b584401fd4aca219d4b68edf7973,1288675,,,,,,,,,,,,,,,,,,,,,,,,,,,,,,,,,,,,,,,,,,,,,,,,,,,,,,,,,,,,,TN,TN
autoland,4769114,12,1a03ada32d4ae63ebeeb4561891b61c1e6e17a68,windows10-64-shippable-qr,True,False,,,102210fe594ee9b33d82058545b1ed14f4c8206e,browser-toolbox.close-process.DAMP,damp,True,damp browser-toolbox.close-process.DAMP opt e10s fission stylo webrender-sw,4768818,77,ms,firefox,,1743024825,2023-08-17 00:40:03,71.05000870400545,6ddefe7e7f25c644dfffc0235e658eb491e86d5d,1288703,,,,,,,,,,,,,,,,,,,,,,,,,,,,,,,,,,,,,,,,,,,,,,,,,,,,,,,,,,,,,TN,TN
autoland,4769114,12,1a03ada32d4ae63ebeeb4561891b61c1e6e17a68,windows10-64-shippable-qr,True,False,,,102210fe594ee9b33d82058545b1ed14f4c8206e,browser-toolbox.close-process.DAMP,damp,True,damp browser-toolbox.close-process.DAMP opt e10s fission stylo webrender-sw,4768818,77,ms,firefox,,1743029838,2023-08-17 01:09:58,68.83358609054994,df174956d60e88d3a0c7c2d34a20141478e9756b,1288711,,,,,,,,,,,,,,,,,,,,,,,,,,,,,,,,,,,,,,,,,,,,,,,,,,,,,,,,,,,,,TN,TN
autoland,4769114,12,1a03ada32d4ae63ebeeb4561891b61c1e6e17a68,windows10-64-shippable-qr,True,False,,,102210fe594ee9b33d82058545b1ed14f4c8206e,browser-toolbox.close-process.DAMP,damp,True,damp browser-toolbox.close-process.DAMP opt e10s fission stylo webrender-sw,4768818,77,ms,firefox,,1743022355,2023-08-17 01:10:52,72.37435846323206,44ba8ebd6477e140f1ebf3a7869de55df35c6d11,1288713,,,,,,,,,,,,,,,,,,,,,,,,,,,,,,,,,,,,,,,,,,,,,,,,,,,,,,,,,,,,,TN,TN
autoland,4769114,12,1a03ada32d4ae63ebeeb4561891b61c1e6e17a68,windows10-64-shippable-qr,True,False,,,102210fe594ee9b33d82058545b1ed14f4c8206e,browser-toolbox.close-process.DAMP,damp,True,damp browser-toolbox.close-process.DAMP opt e10s fission stylo webrender-sw,4768818,77,ms,firefox,,1743026135,2023-08-17 02:25:49,70.24434001163172,970422f6006c712e04ad97a1712a217677a7a01a,1288736,,,,,,,,,,,,,,,,,,,,,,,,,,,,,,,,,,,,,,,,,,,,,,,,,,,,,,,,,,,,,TN,TN
autoland,4769114,12,1a03ada32d4ae63ebeeb4561891b61c1e6e17a68,windows10-64-shippable-qr,True,False,,,102210fe594ee9b33d82058545b1ed14f4c8206e,browser-toolbox.close-process.DAMP,damp,True,damp browser-toolbox.close-process.DAMP opt e10s fission stylo webrender-sw,4768818,77,ms,firefox,,1743026255,2023-08-17 03:01:04,71.52351087334682,1102d2a280edce916206a06c049d675d511bf4bd,1288743,,,,,,,,,,,,,,,,,,,,,,,,,,,,,,,,,,,,,,,,,,,,,,,,,,,,,,,,,,,,,TN,TN
autoland,4769114,12,1a03ada32d4ae63ebeeb4561891b61c1e6e17a68,windows10-64-shippable-qr,True,False,,,102210fe594ee9b33d82058545b1ed14f4c8206e,browser-toolbox.close-process.DAMP,damp,True,damp browser-toolbox.close-process.DAMP opt e10s fission stylo webrender-sw,4768818,77,ms,firefox,,1741849091,2023-08-17 04:16:28,74.45183545263717,18db2934736dc8d16e5b5840ec0b170aef5c0c3b,1288753,,,,,,,,,,,,,,,,,,,,,,,,,,,,,,,,,,,,,,,,,,,,,,,,,,,,,,,,,,,,,TN,TN
autoland,4769114,12,1a03ada32d4ae63ebeeb4561891b61c1e6e17a68,windows10-64-shippable-qr,True,False,,,102210fe594ee9b33d82058545b1ed14f4c8206e,browser-toolbox.close-process.DAMP,damp,True,damp browser-toolbox.close-process.DAMP opt e10s fission stylo webrender-sw,4768818,77,ms,firefox,,1742010619,2023-08-17 08:24:55,77.83143164926878,bee27401511bf375891968a9ca78d7ef74d19962,1288813,,,,,,,,,,,,,,,,,,,,,,,,,,,,,,,,,,,,,,,,,,,,,,,,,,,,,,,,,,,,,TN,TN
autoland,4769114,12,1a03ada32d4ae63ebeeb4561891b61c1e6e17a68,windows10-64-shippable-qr,True,False,,,102210fe594ee9b33d82058545b1ed14f4c8206e,browser-toolbox.close-process.DAMP,damp,True,damp browser-toolbox.close-process.DAMP opt e10s fission stylo webrender-sw,4768818,77,ms,firefox,,1741998849,2023-08-17 10:09:55,74.02928983831953,78e7cb2837e7dec0ef55a2f5f383625335ad2520,1288847,,,,,,,,,,,,,,,,,,,,,,,,,,,,,,,,,,,,,,,,,,,,,,,,,,,,,,,,,,,,,TN,TN
autoland,4769114,12,1a03ada32d4ae63ebeeb4561891b61c1e6e17a68,windows10-64-shippable-qr,True,False,,,102210fe594ee9b33d82058545b1ed14f4c8206e,browser-toolbox.close-process.DAMP,damp,True,damp browser-toolbox.close-process.DAMP opt e10s fission stylo webrender-sw,4768818,77,ms,firefox,,1742118006,2023-08-17 14:34:38,70.11175596574685,776fbad509150f69418e1f44fa2580c651211253,1288953,,,,,,,,,,,,,,,,,,,,,,,,,,,,,,,,,,,,,,,,,,,,,,,,,,,,,,,,,,,,,TN,TN
autoland,4769114,12,1a03ada32d4ae63ebeeb4561891b61c1e6e17a68,windows10-64-shippable-qr,True,False,,,102210fe594ee9b33d82058545b1ed14f4c8206e,browser-toolbox.close-process.DAMP,damp,True,damp browser-toolbox.close-process.DAMP opt e10s fission stylo webrender-sw,4768818,77,ms,firefox,,1742277027,2023-08-17 16:13:13,77.83823175526777,aac1f1d71d5251ffb80e7a22087e1c473e53069d,1289025,,,,,,,,,,,,,,,,,,,,,,,,,,,,,,,,,,,,,,,,,,,,,,,,,,,,,,,,,,,,,TN,TN
autoland,4769114,12,1a03ada32d4ae63ebeeb4561891b61c1e6e17a68,windows10-64-shippable-qr,True,False,,,102210fe594ee9b33d82058545b1ed14f4c8206e,browser-toolbox.close-process.DAMP,damp,True,damp browser-toolbox.close-process.DAMP opt e10s fission stylo webrender-sw,4768818,77,ms,firefox,,1742421276,2023-08-17 19:44:04,69.65229744599856,e3a24ea4f8b0be504990cbc266d7af273804678e,1289144,,,,,,,,,,,,,,,,,,,,,,,,,,,,,,,,,,,,,,,,,,,,,,,,,,,,,,,,,,,,,TN,TN
autoland,4769114,12,1a03ada32d4ae63ebeeb4561891b61c1e6e17a68,windows10-64-shippable-qr,True,False,,,102210fe594ee9b33d82058545b1ed14f4c8206e,browser-toolbox.close-process.DAMP,damp,True,damp browser-toolbox.close-process.DAMP opt e10s fission stylo webrender-sw,4768818,77,ms,firefox,,1742496099,2023-08-18 00:01:41,71.72921249057981,990790cb4b9bfd20fd7683f2815d50585f5dcba2,1289285,,,,,,,,,,,,,,,,,,,,,,,,,,,,,,,,,,,,,,,,,,,,,,,,,,,,,,,,,,,,,TN,TN
autoland,4769114,12,1a03ada32d4ae63ebeeb4561891b61c1e6e17a68,windows10-64-shippable-qr,True,False,,,102210fe594ee9b33d82058545b1ed14f4c8206e,browser-toolbox.close-process.DAMP,damp,True,damp browser-toolbox.close-process.DAMP opt e10s fission stylo webrender-sw,4768818,77,ms,firefox,,1742625406,2023-08-18 04:25:36,74.41926350443828,deca2c956e89b8e65d2a1b0fcb79db8b991a7046,1289346,,,,,,,,,,,,,,,,,,,,,,,,,,,,,,,,,,,,,,,,,,,,,,,,,,,,,,,,,,,,,TN,TN
autoland,4769114,12,1a03ada32d4ae63ebeeb4561891b61c1e6e17a68,windows10-64-shippable-qr,True,False,,,102210fe594ee9b33d82058545b1ed14f4c8206e,browser-toolbox.close-process.DAMP,damp,True,damp browser-toolbox.close-process.DAMP opt e10s fission stylo webrender-sw,4768818,77,ms,firefox,,1742665429,2023-08-18 05:21:52,74.34960606698587,87da0265a044885f5ed64cc9ce2b961721d2142e,1289351,,,,,,,,,,,,,,,,,,,,,,,,,,,,,,,,,,,,,,,,,,,,,,,,,,,,,,,,,,,,,TN,TN
autoland,4769114,12,1a03ada32d4ae63ebeeb4561891b61c1e6e17a68,windows10-64-shippable-qr,True,False,,,102210fe594ee9b33d82058545b1ed14f4c8206e,browser-toolbox.close-process.DAMP,damp,True,damp browser-toolbox.close-process.DAMP opt e10s fission stylo webrender-sw,4768818,77,ms,firefox,,1742848073,2023-08-18 14:09:35,77.63608275010483,e2305368eaae41c8b47dd15f03addc2ec4fe0504,1289469,,,,,,,,,,,,,,,,,,,,,,,,,,,,,,,,,,,,,,,,,,,,,,,,,,,,,,,,,,,,,TN,TN
autoland,4769114,12,1a03ada32d4ae63ebeeb4561891b61c1e6e17a68,windows10-64-shippable-qr,True,False,,,102210fe594ee9b33d82058545b1ed14f4c8206e,browser-toolbox.close-process.DAMP,damp,True,damp browser-toolbox.close-process.DAMP opt e10s fission stylo webrender-sw,4768818,77,ms,firefox,,1742936776,2023-08-18 19:46:30,69.20805218848909,62feb2305afdcba50bd84b58cd2ab152d53c61e7,1289627,,,,,,,,,,,,,,,,,,,,,,,,,,,,,,,,,,,,,,,,,,,,,,,,,,,,,,,,,,,,,TN,TN
autoland,4769114,12,1a03ada32d4ae63ebeeb4561891b61c1e6e17a68,windows10-64-shippable-qr,True,False,,,102210fe594ee9b33d82058545b1ed14f4c8206e,browser-toolbox.close-process.DAMP,damp,True,damp browser-toolbox.close-process.DAMP opt e10s fission stylo webrender-sw,4768818,77,ms,firefox,,1743069341,2023-08-19 05:41:08,71.29403717258538,9814020284505cbc4a6075b3b7aba216be0632f8,1289731,,,,,,,,,,,,,,,,,,,,,,,,,,,,,,,,,,,,,,,,,,,,,,,,,,,,,,,,,,,,,TN,TN
autoland,4769114,12,1a03ada32d4ae63ebeeb4561891b61c1e6e17a68,windows10-64-shippable-qr,True,False,,,102210fe594ee9b33d82058545b1ed14f4c8206e,browser-toolbox.close-process.DAMP,damp,True,damp browser-toolbox.close-process.DAMP opt e10s fission stylo webrender-sw,4768818,77,ms,firefox,,1743127316,2023-08-19 11:55:58,69.48989859685389,8fefefd6da577f8b3d842ea07120af9e964c09b5,1289750,,,,,,,,,,,,,,,,,,,,,,,,,,,,,,,,,,,,,,,,,,,,,,,,,,,,,,,,,,,,,TN,TN
autoland,4769114,12,1a03ada32d4ae63ebeeb4561891b61c1e6e17a68,windows10-64-shippable-qr,True,False,,,102210fe594ee9b33d82058545b1ed14f4c8206e,browser-toolbox.close-process.DAMP,damp,True,damp browser-toolbox.close-process.DAMP opt e10s fission stylo webrender-sw,4768818,77,ms,firefox,,1743152450,2023-08-19 16:49:23,68.43851631986035,00ae001484c9ff1069878dc66b64e3cd07b706f4,1289762,,,,,,,,,,,,,,,,,,,,,,,,,,,,,,,,,,,,,,,,,,,,,,,,,,,,,,,,,,,,,TN,TN
autoland,4769114,12,1a03ada32d4ae63ebeeb4561891b61c1e6e17a68,windows10-64-shippable-qr,True,False,,,102210fe594ee9b33d82058545b1ed14f4c8206e,browser-toolbox.close-process.DAMP,damp,True,damp browser-toolbox.close-process.DAMP opt e10s fission stylo webrender-sw,4768818,77,ms,firefox,,1743444122,2023-08-21 01:56:25,69.3905658799631,80d255ac1919800d21a7e2a610fbcd6fda43ed99,1289869,,,,,,,,,,,,,,,,,,,,,,,,,,,,,,,,,,,,,,,,,,,,,,,,,,,,,,,,,,,,,TN,TN
autoland,4769114,12,1a03ada32d4ae63ebeeb4561891b61c1e6e17a68,windows10-64-shippable-qr,True,False,,,102210fe594ee9b33d82058545b1ed14f4c8206e,browser-toolbox.close-process.DAMP,damp,True,damp browser-toolbox.close-process.DAMP opt e10s fission stylo webrender-sw,4768818,77,ms,firefox,,1743505436,2023-08-21 07:01:47,69.38718110545233,a4b3b09ad08da2e5b588b641b24f767ff91e5912,1289886,,,,,,,,,,,,,,,,,,,,,,,,,,,,,,,,,,,,,,,,,,,,,,,,,,,,,,,,,,,,,TN,TN
autoland,4769114,12,1a03ada32d4ae63ebeeb4561891b61c1e6e17a68,windows10-64-shippable-qr,True,False,,,102210fe594ee9b33d82058545b1ed14f4c8206e,browser-toolbox.close-process.DAMP,damp,True,damp browser-toolbox.close-process.DAMP opt e10s fission stylo webrender-sw,4768818,77,ms,firefox,,1743708956,2023-08-21 15:24:43,68.72248214742285,bc597f54f9cf91b3284e6f593c33ca79ec723077,1290025,,,,,,,,,,,,,,,,,,,,,,,,,,,,,,,,,,,,,,,,,,,,,,,,,,,,,,,,,,,,,TN,TN
autoland,4769114,12,1a03ada32d4ae63ebeeb4561891b61c1e6e17a68,windows10-64-shippable-qr,True,False,,,102210fe594ee9b33d82058545b1ed14f4c8206e,browser-toolbox.close-process.DAMP,damp,True,damp browser-toolbox.close-process.DAMP opt e10s fission stylo webrender-sw,4768818,77,ms,firefox,,1745062387,2023-08-21 15:54:10,78.37299453969172,87c32bc1bde71c8bf578a0b1095fe584733b44e7,1290034,,,,,,,,,,,,,,,,,,,,,,,,,,,,,,,,,,,,,,,,,,,,,,,,,,,,,,,,,,,,,TN,TN
autoland,4769114,12,1a03ada32d4ae63ebeeb4561891b61c1e6e17a68,windows10-64-shippable-qr,True,False,,,102210fe594ee9b33d82058545b1ed14f4c8206e,browser-toolbox.close-process.DAMP,damp,True,damp browser-toolbox.close-process.DAMP opt e10s fission stylo webrender-sw,4768818,77,ms,firefox,,1745061609,2023-08-21 16:33:44,68.37239101555315,b65a5303a7aeae06891e819e83d764c52e270f7a,1290041,,,,,,,,,,,,,,,,,,,,,,,,,,,,,,,,,,,,,,,,,,,,,,,,,,,,,,,,,,,,,TN,TN
autoland,4769114,12,1a03ada32d4ae63ebeeb4561891b61c1e6e17a68,windows10-64-shippable-qr,True,False,,,102210fe594ee9b33d82058545b1ed14f4c8206e,browser-toolbox.close-process.DAMP,damp,True,damp browser-toolbox.close-process.DAMP opt e10s fission stylo webrender-sw,4768818,77,ms,firefox,,1745061730,2023-08-21 18:52:39,69.34836383545553,667f94d3510f6398d8cbd1c534f1082bebe26c97,1290073,,,,,,,,,,,,,,,,,,,,,,,,,,,,,,,,,,,,,,,,,,,,,,,,,,,,,,,,,,,,,TN,TN
autoland,4769114,12,1a03ada32d4ae63ebeeb4561891b61c1e6e17a68,windows10-64-shippable-qr,True,False,,,102210fe594ee9b33d82058545b1ed14f4c8206e,browser-toolbox.close-process.DAMP,damp,True,damp browser-toolbox.close-process.DAMP opt e10s fission stylo webrender-sw,4768818,77,ms,firefox,,1745061841,2023-08-21 19:01:11,70.71854848510702,5895c3cf40627e87b793a3466e7f3b5a0df3dd06,1290076,,,,,,,,,,,,,,,,,,,,,,,,,,,,,,,,,,,,,,,,,,,,,,,,,,,,,,,,,,,,,TN,TN
autoland,4769114,12,1a03ada32d4ae63ebeeb4561891b61c1e6e17a68,windows10-64-shippable-qr,True,False,,,102210fe594ee9b33d82058545b1ed14f4c8206e,browser-toolbox.close-process.DAMP,damp,True,damp browser-toolbox.close-process.DAMP opt e10s fission stylo webrender-sw,4768818,77,ms,firefox,,1743762317,2023-08-21 19:46:12,77.08303111085843,82b916987920b0a9e2071c575073cbcff078021a,1290082,,,,,,,,,,,,,,,,,,,,,,,,,,,,,,,,,,,,,,,,,,,,,,,,,,,,,,,,,,,,,TN,TN
autoland,4769114,12,1a03ada32d4ae63ebeeb4561891b61c1e6e17a68,windows10-64-shippable-qr,True,False,,,102210fe594ee9b33d82058545b1ed14f4c8206e,browser-toolbox.close-process.DAMP,damp,True,damp browser-toolbox.close-process.DAMP opt e10s fission stylo webrender-sw,4768818,77,ms,firefox,,1745061669,2023-08-21 20:02:43,68.42322638782207,55d55cdf7f44c5cb94b4097b47afd8851252f8a2,1290085,,,,,,,,,,,,,,,,,,,,,,,,,,,,,,,,,,,,,,,,,,,,,,,,,,,,,,,,,,,,,TN,TN
autoland,4769114,12,1a03ada32d4ae63ebeeb4561891b61c1e6e17a68,windows10-64-shippable-qr,True,False,,,102210fe594ee9b33d82058545b1ed14f4c8206e,browser-toolbox.close-process.DAMP,damp,True,damp browser-toolbox.close-process.DAMP opt e10s fission stylo webrender-sw,4768818,77,ms,firefox,,1745061397,2023-08-21 21:58:02,67.82938393802033,6db2de19f043d5839722ab0f3c6cd030a8cfec88,1290106,,,,,,,,,,,,,,,,,,,,,,,,,,,,,,,,,,,,,,,,,,,,,,,,,,,,,,,,,,,,,TN,TN
autoland,4769114,12,1a03ada32d4ae63ebeeb4561891b61c1e6e17a68,windows10-64-shippable-qr,True,False,,,102210fe594ee9b33d82058545b1ed14f4c8206e,browser-toolbox.close-process.DAMP,damp,True,damp browser-toolbox.close-process.DAMP opt e10s fission stylo webrender-sw,4768818,77,ms,firefox,,1743833241,2023-08-22 01:01:20,71.17142547992262,1bbf9fc4d2dc2a1ff3ccf67fb65cedc71fcc0291,1290123,,,,,,,,,,,,,,,,,,,,,,,,,,,,,,,,,,,,,,,,,,,,,,,,,,,,,,,,,,,,,TN,TN
autoland,4769114,12,1a03ada32d4ae63ebeeb4561891b61c1e6e17a68,windows10-64-shippable-qr,True,False,,,102210fe594ee9b33d82058545b1ed14f4c8206e,browser-toolbox.close-process.DAMP,damp,True,damp browser-toolbox.close-process.DAMP opt e10s fission stylo webrender-sw,4768818,77,ms,firefox,,1745103666,2023-08-22 02:17:21,75.88400379290397,58826b04f826554d81e88a2115ded444ef1cf5f4,1290144,,,,,,,,,,,,,,,,,,,,,,,,,,,,,,,,,,,,,,,,,,,,,,,,,,,,,,,,,,,,,TN,TN
autoland,4769114,12,1a03ada32d4ae63ebeeb4561891b61c1e6e17a68,windows10-64-shippable-qr,True,False,,,102210fe594ee9b33d82058545b1ed14f4c8206e,browser-toolbox.close-process.DAMP,damp,True,damp browser-toolbox.close-process.DAMP opt e10s fission stylo webrender-sw,4768818,77,ms,firefox,,1745102895,2023-08-22 07:53:19,76.25953771155037,7fac130e85bd394a3452b8cb154f40cb4fc60a6c,1290168,,,,,,,,,,,,,,,,,,,,,,,,,,,,,,,,,,,,,,,,,,,,,,,,,,,,,,,,,,,,,TN,TN
autoland,4769114,12,1a03ada32d4ae63ebeeb4561891b61c1e6e17a68,windows10-64-shippable-qr,True,False,,,102210fe594ee9b33d82058545b1ed14f4c8206e,browser-toolbox.close-process.DAMP,damp,True,damp browser-toolbox.close-process.DAMP opt e10s fission stylo webrender-sw,4768818,77,ms,firefox,,1745103567,2023-08-22 09:29:27,74.30386050689413,ccded805beae93d3b98543807638e626e7337acc,1290185,,,,,,,,,,,,,,,,,,,,,,,,,,,,,,,,,,,,,,,,,,,,,,,,,,,,,,,,,,,,,TN,TN
autoland,4769114,12,1a03ada32d4ae63ebeeb4561891b61c1e6e17a68,windows10-64-shippable-qr,True,False,,,102210fe594ee9b33d82058545b1ed14f4c8206e,browser-toolbox.close-process.DAMP,damp,True,damp browser-toolbox.close-process.DAMP opt e10s fission stylo webrender-sw,4768818,77,ms,firefox,,1745107296,2023-08-22 10:01:35,68.06329008066677,fb756de2f6aaa6888b947f58305c692cecb8b7d0,1290189,,,,,,,,,,,,,,,,,,,,,,,,,,,,,,,,,,,,,,,,,,,,,,,,,,,,,,,,,,,,,TN,TN
autoland,4769114,12,1a03ada32d4ae63ebeeb4561891b61c1e6e17a68,windows10-64-shippable-qr,True,False,,,102210fe594ee9b33d82058545b1ed14f4c8206e,browser-toolbox.close-process.DAMP,damp,True,damp browser-toolbox.close-process.DAMP opt e10s fission stylo webrender-sw,4768818,77,ms,firefox,,1745104344,2023-08-22 10:22:47,76.0911044573877,e4f39c21263f7325520d45120b6e2132e3c436f2,1290191,,,,,,,,,,,,,,,,,,,,,,,,,,,,,,,,,,,,,,,,,,,,,,,,,,,,,,,,,,,,,TN,TN
autoland,4769114,12,1a03ada32d4ae63ebeeb4561891b61c1e6e17a68,windows10-64-shippable-qr,True,False,,,102210fe594ee9b33d82058545b1ed14f4c8206e,browser-toolbox.close-process.DAMP,damp,True,damp browser-toolbox.close-process.DAMP opt e10s fission stylo webrender-sw,4768818,77,ms,firefox,,1745060377,2023-08-22 11:00:38,69.54340762698848,e5eaba75408ae99aad9253d54cd09efb8f5a50ec,1290200,,,,,,,,,,,,,,,,,,,,,,,,,,,,,,,,,,,,,,,,,,,,,,,,,,,,,,,,,,,,,TN,TN
autoland,4769114,12,1a03ada32d4ae63ebeeb4561891b61c1e6e17a68,windows10-64-shippable-qr,True,False,,,102210fe594ee9b33d82058545b1ed14f4c8206e,browser-toolbox.close-process.DAMP,damp,True,damp browser-toolbox.close-process.DAMP opt e10s fission stylo webrender-sw,4768818,77,ms,firefox,,1744034358,2023-08-22 11:50:17,67.63874936897264,81c3a95411ab3d706659872a9aedef21494cac9c,1290203,,,,,,,,,,,,,,,,,,,,,,,,,,,,,,,,,,,,,,,,,,,,,,,,,,,,,,,,,,,,,TN,TN
autoland,4769114,12,1a03ada32d4ae63ebeeb4561891b61c1e6e17a68,windows10-64-shippable-qr,True,False,,,102210fe594ee9b33d82058545b1ed14f4c8206e,browser-toolbox.close-process.DAMP,damp,True,damp browser-toolbox.close-process.DAMP opt e10s fission stylo webrender-sw,4768818,77,ms,firefox,,1745099630,2023-08-22 12:40:15,74.64125007211624,26e28b8edd2b29cf3ad703c39f70789335541470,1290207,,,,,,,,,,,,,,,,,,,,,,,,,,,,,,,,,,,,,,,,,,,,,,,,,,,,,,,,,,,,,TN,TN
autoland,4769114,12,1a03ada32d4ae63ebeeb4561891b61c1e6e17a68,windows10-64-shippable-qr,True,False,,,102210fe594ee9b33d82058545b1ed14f4c8206e,browser-toolbox.close-process.DAMP,damp,True,damp browser-toolbox.close-process.DAMP opt e10s fission stylo webrender-sw,4768818,77,ms,firefox,,1745100168,2023-08-22 12:41:21,73.96596638827032,c850305f1ad84d8d25568eb624bf06fb4b2bad56,1290208,,,,,,,,,,,,,,,,,,,,,,,,,,,,,,,,,,,,,,,,,,,,,,,,,,,,,,,,,,,,,TN,TN
autoland,4769114,12,1a03ada32d4ae63ebeeb4561891b61c1e6e17a68,windows10-64-shippable-qr,True,False,,,102210fe594ee9b33d82058545b1ed14f4c8206e,browser-toolbox.close-process.DAMP,damp,True,damp browser-toolbox.close-process.DAMP opt e10s fission stylo webrender-sw,4768818,77,ms,firefox,,1745099363,2023-08-22 14:06:43,76.22251758888524,bc91ede31572bbd7ef1382b7d9bd3beaac11dc56,1290237,,,,,,,,,,,,,,,,,,,,,,,,,,,,,,,,,,,,,,,,,,,,,,,,,,,,,,,,,,,,,TN,TN
autoland,4769114,12,1a03ada32d4ae63ebeeb4561891b61c1e6e17a68,windows10-64-shippable-qr,True,False,,,102210fe594ee9b33d82058545b1ed14f4c8206e,browser-toolbox.close-process.DAMP,damp,True,damp browser-toolbox.close-process.DAMP opt e10s fission stylo webrender-sw,4768818,77,ms,firefox,,1745104611,2023-08-22 14:06:43,76.79031131663942,bc91ede31572bbd7ef1382b7d9bd3beaac11dc56,1290237,,,,,,,,,,,,,,,,,,,,,,,,,,,,,,,,,,,,,,,,,,,,,,,,,,,,,,,,,,,,,TN,TN
autoland,4769114,12,1a03ada32d4ae63ebeeb4561891b61c1e6e17a68,windows10-64-shippable-qr,True,False,,,102210fe594ee9b33d82058545b1ed14f4c8206e,browser-toolbox.close-process.DAMP,damp,True,damp browser-toolbox.close-process.DAMP opt e10s fission stylo webrender-sw,4768818,77,ms,firefox,,1745115729,2023-08-22 14:36:12,76.40938312160142,ca737b661c6eeaecfebf6f2bd27aca46ef656ae4,1290249,,,,,,,,,,,,,,,,,,,,,,,,,,,,,,,,,,,,,,,,,,,,,,,,,,,,,,,,,,,,,TN,TN
autoland,4769114,12,1a03ada32d4ae63ebeeb4561891b61c1e6e17a68,windows10-64-shippable-qr,True,False,,,102210fe594ee9b33d82058545b1ed14f4c8206e,browser-toolbox.close-process.DAMP,damp,True,damp browser-toolbox.close-process.DAMP opt e10s fission stylo webrender-sw,4768818,77,ms,firefox,,1745100340,2023-08-22 14:50:03,75.01625601384148,939dacb7eea3d926e3cf425c8c3d03abb8a03782,1290254,,,,,,,,,,,,,,,,,,,,,,,,,,,,,,,,,,,,,,,,,,,,,,,,,,,,,,,,,,,,,TN,TN
autoland,4769114,12,1a03ada32d4ae63ebeeb4561891b61c1e6e17a68,windows10-64-shippable-qr,True,False,,,102210fe594ee9b33d82058545b1ed14f4c8206e,browser-toolbox.close-process.DAMP,damp,True,damp browser-toolbox.close-process.DAMP opt e10s fission stylo webrender-sw,4768818,77,ms,firefox,,1745099686,2023-08-22 15:47:55,76.62454158941546,8374f96199da95257aa7fb4eeb57a37800c2b59b,1290275,,,,,,,,,,,,,,,,,,,,,,,,,,,,,,,,,,,,,,,,,,,,,,,,,,,,,,,,,,,,,TN,TN
autoland,4769114,12,1a03ada32d4ae63ebeeb4561891b61c1e6e17a68,windows10-64-shippable-qr,True,False,,,102210fe594ee9b33d82058545b1ed14f4c8206e,browser-toolbox.close-process.DAMP,damp,True,damp browser-toolbox.close-process.DAMP opt e10s fission stylo webrender-sw,4768818,77,ms,firefox,,1744217849,2023-08-22 15:58:55,71.14236357514164,eccdb961d59ca1e4315f6b2d255d638be86d8f63,1290279,,,,,,,,,,,,,,,,,,,,,,,,,,,,,,,,,,,,,,,,,,,,,,,,,,,,,,,,,,,,,TN,TN
autoland,4769114,12,1a03ada32d4ae63ebeeb4561891b61c1e6e17a68,windows10-64-shippable-qr,True,False,,,102210fe594ee9b33d82058545b1ed14f4c8206e,browser-toolbox.close-process.DAMP,damp,True,damp browser-toolbox.close-process.DAMP opt e10s fission stylo webrender-sw,4768818,77,ms,firefox,,1744238807,2023-08-22 16:02:39,74.94985821034061,ece9fb8fbedfa6acc08840151034f2468832c851,1290281,,,,,,,,,,,,,,,,,,,,,,,,,,,,,,,,,,,,,,,,,,,,,,,,,,,,,,,,,,,,,TN,TN
autoland,4769114,12,1a03ada32d4ae63ebeeb4561891b61c1e6e17a68,windows10-64-shippable-qr,True,False,,,102210fe594ee9b33d82058545b1ed14f4c8206e,browser-toolbox.close-process.DAMP,damp,True,damp browser-toolbox.close-process.DAMP opt e10s fission stylo webrender-sw,4768818,77,ms,firefox,,1744314906,2023-08-22 20:17:58,69.49876863894679,a1487474ef2708086b96f2b3625f244382eb9f4a,1290386,,,,,,,,,,,,,,,,,,,,,,,,,,,,,,,,,,,,,,,,,,,,,,,,,,,,,,,,,,,,,TN,TN
autoland,4769114,12,1a03ada32d4ae63ebeeb4561891b61c1e6e17a68,windows10-64-shippable-qr,True,False,,,102210fe594ee9b33d82058545b1ed14f4c8206e,browser-toolbox.close-process.DAMP,damp,True,damp browser-toolbox.close-process.DAMP opt e10s fission stylo webrender-sw,4768818,77,ms,firefox,,1744375316,2023-08-22 22:10:32,69.9260706007044,959c2f0abc19c494aba15ae7513fff9f59631cc1,1290435,,,,,,,,,,,,,,,,,,,,,,,,,,,,,,,,,,,,,,,,,,,,,,,,,,,,,,,,,,,,,TN,TN
autoland,4769114,12,1a03ada32d4ae63ebeeb4561891b61c1e6e17a68,windows10-64-shippable-qr,True,False,,,102210fe594ee9b33d82058545b1ed14f4c8206e,browser-toolbox.close-process.DAMP,damp,True,damp browser-toolbox.close-process.DAMP opt e10s fission stylo webrender-sw,4768818,77,ms,firefox,,1744435266,2023-08-23 02:11:44,68.16169503374113,df1f27dc099011a97267a844e60b1350575fc73c,1290482,,,,,,,,,,,,,,,,,,,,,,,,,,,,,,,,,,,,,,,,,,,,,,,,,,,,,,,,,,,,,TN,TN
autoland,4769114,12,1a03ada32d4ae63ebeeb4561891b61c1e6e17a68,windows10-64-shippable-qr,True,False,,,102210fe594ee9b33d82058545b1ed14f4c8206e,browser-toolbox.close-process.DAMP,damp,True,damp browser-toolbox.close-process.DAMP opt e10s fission stylo webrender-sw,4768818,77,ms,firefox,,1744573231,2023-08-23 06:45:25,80.32391162471322,991ab6dbc55b4783dc5a6f561a9cc22cb4408e38,1290546,,,,,,,,,,,,,,,,,,,,,,,,,,,,,,,,,,,,,,,,,,,,,,,,,,,,,,,,,,,,,TN,TN
autoland,4769114,12,1a03ada32d4ae63ebeeb4561891b61c1e6e17a68,windows10-64-shippable-qr,True,False,,,102210fe594ee9b33d82058545b1ed14f4c8206e,browser-toolbox.close-process.DAMP,damp,True,damp browser-toolbox.close-process.DAMP opt e10s fission stylo webrender-sw,4768818,77,ms,firefox,,1744576358,2023-08-23 07:14:41,76.44217723066686,4a4d5e64aec5efa71e7c743f4c968544faee5332,1290556,,,,,,,,,,,,,,,,,,,,,,,,,,,,,,,,,,,,,,,,,,,,,,,,,,,,,,,,,,,,,TN,TN
autoland,4769114,12,1a03ada32d4ae63ebeeb4561891b61c1e6e17a68,windows10-64-shippable-qr,True,False,,,102210fe594ee9b33d82058545b1ed14f4c8206e,browser-toolbox.close-process.DAMP,damp,True,damp browser-toolbox.close-process.DAMP opt e10s fission stylo webrender-sw,4768818,77,ms,firefox,,1744677511,2023-08-23 11:20:43,68.7821152164397,c3bfc7b73e9fc06ec28663e6501728233eb0d574,1290592,,,,,,,,,,,,,,,,,,,,,,,,,,,,,,,,,,,,,,,,,,,,,,,,,,,,,,,,,,,,,TN,TN
autoland,4769114,12,1a03ada32d4ae63ebeeb4561891b61c1e6e17a68,windows10-64-shippable-qr,True,False,,,102210fe594ee9b33d82058545b1ed14f4c8206e,browser-toolbox.close-process.DAMP,damp,True,damp browser-toolbox.close-process.DAMP opt e10s fission stylo webrender-sw,4768818,77,ms,firefox,,1744774695,2023-08-23 15:20:56,70.59584099482163,a7db5ff392b1f3d18507813fbd65458438b3cbc4,1290685,,,,,,,,,,,,,,,,,,,,,,,,,,,,,,,,,,,,,,,,,,,,,,,,,,,,,,,,,,,,,TN,TN
autoland,4769114,12,1a03ada32d4ae63ebeeb4561891b61c1e6e17a68,windows10-64-shippable-qr,True,False,,,102210fe594ee9b33d82058545b1ed14f4c8206e,browser-toolbox.close-process.DAMP,damp,True,damp browser-toolbox.close-process.DAMP opt e10s fission stylo webrender-sw,4768818,77,ms,firefox,,1744839629,2023-08-23 16:55:50,74.77844057113543,40a8041d06707a315c5f6e4b541dbe805bf34ec7,1290727,,,,,,,,,,,,,,,,,,,,,,,,,,,,,,,,,,,,,,,,,,,,,,,,,,,,,,,,,,,,,TN,TN
autoland,4769114,12,1a03ada32d4ae63ebeeb4561891b61c1e6e17a68,windows10-64-shippable-qr,True,False,,,102210fe594ee9b33d82058545b1ed14f4c8206e,browser-toolbox.close-process.DAMP,damp,True,damp browser-toolbox.close-process.DAMP opt e10s fission stylo webrender-sw,4768818,77,ms,firefox,,1744902861,2023-08-23 20:58:03,67.61531277773611,b5371614cd5a3e19ca3e500a87546023aea8eb5d,1290847,,,,,,,,,,,,,,,,,,,,,,,,,,,,,,,,,,,,,,,,,,,,,,,,,,,,,,,,,,,,,TN,TN
autoland,4769114,12,1a03ada32d4ae63ebeeb4561891b61c1e6e17a68,windows10-64-shippable-qr,True,False,,,102210fe594ee9b33d82058545b1ed14f4c8206e,browser-toolbox.close-process.DAMP,damp,True,damp browser-toolbox.close-process.DAMP opt e10s fission stylo webrender-sw,4768818,77,ms,firefox,,1745034847,2023-08-23 22:59:05,75.10297161029303,25936c5809e05c5b5d28810efdfb0af9bb2f1792,1290874,,,,,,,,,,,,,,,,,,,,,,,,,,,,,,,,,,,,,,,,,,,,,,,,,,,,,,,,,,,,,TN,TN
autoland,4769114,12,1a03ada32d4ae63ebeeb4561891b61c1e6e17a68,windows10-64-shippable-qr,True,False,,,102210fe594ee9b33d82058545b1ed14f4c8206e,browser-toolbox.close-process.DAMP,damp,True,damp browser-toolbox.close-process.DAMP opt e10s fission stylo webrender-sw,4768818,77,ms,firefox,,1745113993,2023-08-24 03:53:22,75.70010772460955,332b088b314103bc02b008e08f1567f092cd6ca1,1290918,,,,,,,,,,,,,,,,,,,,,,,,,,,,,,,,,,,,,,,,,,,,,,,,,,,,,,,,,,,,,TN,TN
autoland,4769114,12,1a03ada32d4ae63ebeeb4561891b61c1e6e17a68,windows10-64-shippable-qr,True,False,,,102210fe594ee9b33d82058545b1ed14f4c8206e,browser-toolbox.close-process.DAMP,damp,True,damp browser-toolbox.close-process.DAMP opt e10s fission stylo webrender-sw,4768818,77,ms,firefox,,1745208454,2023-08-24 11:04:38,69.69632943849138,fbbf71ea5127f6cc74aab13a3817349afe93580c,1291003,,,,,,,,,,,,,,,,,,,,,,,,,,,,,,,,,,,,,,,,,,,,,,,,,,,,,,,,,,,,,TN,TN
autoland,4769114,12,1a03ada32d4ae63ebeeb4561891b61c1e6e17a68,windows10-64-shippable-qr,True,False,,,102210fe594ee9b33d82058545b1ed14f4c8206e,browser-toolbox.close-process.DAMP,damp,True,damp browser-toolbox.close-process.DAMP opt e10s fission stylo webrender-sw,4768818,77,ms,firefox,,1745355935,2023-08-24 13:41:33,76.04457547113998,9d2df5cf36fbb1712a62be68c4a309e2451e2d35,1291057,,,,,,,,,,,,,,,,,,,,,,,,,,,,,,,,,,,,,,,,,,,,,,,,,,,,,,,,,,,,,TN,TN
autoland,4769114,12,1a03ada32d4ae63ebeeb4561891b61c1e6e17a68,windows10-64-shippable-qr,True,False,,,102210fe594ee9b33d82058545b1ed14f4c8206e,browser-toolbox.close-process.DAMP,damp,True,damp browser-toolbox.close-process.DAMP opt e10s fission stylo webrender-sw,4768818,77,ms,firefox,,1745502631,2023-08-24 18:48:40,75.19742716632754,6089e7f0fa57a29c6d080f135f65e146c34457d8,1291216,,,,,,,,,,,,,,,,,,,,,,,,,,,,,,,,,,,,,,,,,,,,,,,,,,,,,,,,,,,,,TN,TN
autoland,4769114,12,1a03ada32d4ae63ebeeb4561891b61c1e6e17a68,windows10-64-shippable-qr,True,False,,,102210fe594ee9b33d82058545b1ed14f4c8206e,browser-toolbox.close-process.DAMP,damp,True,damp browser-toolbox.close-process.DAMP opt e10s fission stylo webrender-sw,4768818,77,ms,firefox,,1745673519,2023-08-25 00:48:43,69.71112574297149,0129f728663fcc0bcc1f816e006f1eb2635780e4,1291339,,,,,,,,,,,,,,,,,,,,,,,,,,,,,,,,,,,,,,,,,,,,,,,,,,,,,,,,,,,,,TN,TN
autoland,4769114,12,1a03ada32d4ae63ebeeb4561891b61c1e6e17a68,windows10-64-shippable-qr,True,False,,,102210fe594ee9b33d82058545b1ed14f4c8206e,browser-toolbox.close-process.DAMP,damp,True,damp browser-toolbox.close-process.DAMP opt e10s fission stylo webrender-sw,4768818,77,ms,firefox,,1745821583,2023-08-25 11:24:50,69.95276623691097,e5ba3b52ebac2d2582cecd6122443fc024cd24c9,1291437,,,,,,,,,,,,,,,,,,,,,,,,,,,,,,,,,,,,,,,,,,,,,,,,,,,,,,,,,,,,,TN,TN
autoland,4769114,12,1a03ada32d4ae63ebeeb4561891b61c1e6e17a68,windows10-64-shippable-qr,True,False,,,102210fe594ee9b33d82058545b1ed14f4c8206e,browser-toolbox.close-process.DAMP,damp,True,damp browser-toolbox.close-process.DAMP opt e10s fission stylo webrender-sw,4768818,77,ms,firefox,,1745989558,2023-08-25 15:32:54,77.11759750526471,059b77df2394c7caf1061e1b817e004878738efa,1291507,,,,,,,,,,,,,,,,,,,,,,,,,,,,,,,,,,,,,,,,,,,,,,,,,,,,,,,,,,,,,TN,TN
autoland,4769114,12,1a03ada32d4ae63ebeeb4561891b61c1e6e17a68,windows10-64-shippable-qr,True,False,,,102210fe594ee9b33d82058545b1ed14f4c8206e,browser-toolbox.close-process.DAMP,damp,True,damp browser-toolbox.close-process.DAMP opt e10s fission stylo webrender-sw,4768818,77,ms,firefox,,1746123708,2023-08-25 19:36:02,75.48661374856601,47efe79717796bf6f3a70e5733e99a98b0d9fad4,1291599,,,,,,,,,,,,,,,,,,,,,,,,,,,,,,,,,,,,,,,,,,,,,,,,,,,,,,,,,,,,,TN,TN
autoland,4769114,12,1a03ada32d4ae63ebeeb4561891b61c1e6e17a68,windows10-64-shippable-qr,True,False,,,102210fe594ee9b33d82058545b1ed14f4c8206e,browser-toolbox.close-process.DAMP,damp,True,damp browser-toolbox.close-process.DAMP opt e10s fission stylo webrender-sw,4768818,77,ms,firefox,,1746236186,2023-08-26 03:22:14,68.99879133928334,ddc3d1e9268d9abde51f1082490491f544286b16,1291695,,,,,,,,,,,,,,,,,,,,,,,,,,,,,,,,,,,,,,,,,,,,,,,,,,,,,,,,,,,,,TN,TN
autoland,4769114,12,1a03ada32d4ae63ebeeb4561891b61c1e6e17a68,windows10-64-shippable-qr,True,False,,,102210fe594ee9b33d82058545b1ed14f4c8206e,browser-toolbox.close-process.DAMP,damp,True,damp browser-toolbox.close-process.DAMP opt e10s fission stylo webrender-sw,4768818,77,ms,firefox,,1746464480,2023-08-26 13:17:30,68.51860574819148,cc8d561a9b401f3ebfda56de56c018b287d8b340,1291872,,,,,,,,,,,,,,,,,,,,,,,,,,,,,,,,,,,,,,,,,,,,,,,,,,,,,,,,,,,,,TN,TN
autoland,4769114,12,1a03ada32d4ae63ebeeb4561891b61c1e6e17a68,windows10-64-shippable-qr,True,False,,,102210fe594ee9b33d82058545b1ed14f4c8206e,browser-toolbox.close-process.DAMP,damp,True,damp browser-toolbox.close-process.DAMP opt e10s fission stylo webrender-sw,4768818,77,ms,firefox,,1746601429,2023-08-26 23:47:49,67.66042402451421,140288e1dd6073b83aa67b725aa9a96945374a82,1292019,,,,,,,,,,,,,,,,,,,,,,,,,,,,,,,,,,,,,,,,,,,,,,,,,,,,,,,,,,,,,TN,TN
autoland,4769114,12,1a03ada32d4ae63ebeeb4561891b61c1e6e17a68,windows10-64-shippable-qr,True,False,,,102210fe594ee9b33d82058545b1ed14f4c8206e,browser-toolbox.close-process.DAMP,damp,True,damp browser-toolbox.close-process.DAMP opt e10s fission stylo webrender-sw,4768818,77,ms,firefox,,1746738123,2023-08-27 23:31:15,69.15275619792737,6aaf2cf582814f5a76c09fa2ac7cc760a5886134,1292080,,,,,,,,,,,,,,,,,,,,,,,,,,,,,,,,,,,,,,,,,,,,,,,,,,,,,,,,,,,,,TN,TN
autoland,4769114,12,1a03ada32d4ae63ebeeb4561891b61c1e6e17a68,windows10-64-shippable-qr,True,False,,,102210fe594ee9b33d82058545b1ed14f4c8206e,browser-toolbox.close-process.DAMP,damp,True,damp browser-toolbox.close-process.DAMP opt e10s fission stylo webrender-sw,4768818,77,ms,firefox,,1746857130,2023-08-28 10:38:35,76.03184230944316,2303dc7d775759ce8737630e7762c69d2beac062,1292181,,,,,,,,,,,,,,,,,,,,,,,,,,,,,,,,,,,,,,,,,,,,,,,,,,,,,,,,,,,,,TN,TN
autoland,4769114,12,1a03ada32d4ae63ebeeb4561891b61c1e6e17a68,windows10-64-shippable-qr,True,False,,,102210fe594ee9b33d82058545b1ed14f4c8206e,browser-toolbox.close-process.DAMP,damp,True,damp browser-toolbox.close-process.DAMP opt e10s fission stylo webrender-sw,4768818,77,ms,firefox,,1747004677,2023-08-28 14:50:25,73.93900709463924,f8e518c6ab37a0144872f6158300e1de85034002,1292276,,,,,,,,,,,,,,,,,,,,,,,,,,,,,,,,,,,,,,,,,,,,,,,,,,,,,,,,,,,,,TN,TN
autoland,4769114,12,1a03ada32d4ae63ebeeb4561891b61c1e6e17a68,windows10-64-shippable-qr,True,False,,,102210fe594ee9b33d82058545b1ed14f4c8206e,browser-toolbox.close-process.DAMP,damp,True,damp browser-toolbox.close-process.DAMP opt e10s fission stylo webrender-sw,4768818,77,ms,firefox,,1747107932,2023-08-28 18:02:15,77.72781032774947,7ef66afbcd94bc7787448a9d797ec662b02fe58a,1292360,,,,,,,,,,,,,,,,,,,,,,,,,,,,,,,,,,,,,,,,,,,,,,,,,,,,,,,,,,,,,TN,TN
autoland,4769114,12,1a03ada32d4ae63ebeeb4561891b61c1e6e17a68,windows10-64-shippable-qr,True,False,,,102210fe594ee9b33d82058545b1ed14f4c8206e,browser-toolbox.close-process.DAMP,damp,True,damp browser-toolbox.close-process.DAMP opt e10s fission stylo webrender-sw,4768818,77,ms,firefox,,1747213621,2023-08-28 20:37:08,74.11361812560426,9451de3148827dbd587f22175b6c0453c7a605db,1292463,,,,,,,,,,,,,,,,,,,,,,,,,,,,,,,,,,,,,,,,,,,,,,,,,,,,,,,,,,,,,TN,TN
autoland,4769114,12,1a03ada32d4ae63ebeeb4561891b61c1e6e17a68,windows10-64-shippable-qr,True,False,,,102210fe594ee9b33d82058545b1ed14f4c8206e,browser-toolbox.close-process.DAMP,damp,True,damp browser-toolbox.close-process.DAMP opt e10s fission stylo webrender-sw,4768818,77,ms,firefox,,1747268173,2023-08-29 02:20:20,67.0981692570931,4cca72b5cd903bbb8bdc66098aaeb1eb12d8dddd,1292618,,,,,,,,,,,,,,,,,,,,,,,,,,,,,,,,,,,,,,,,,,,,,,,,,,,,,,,,,,,,,TN,TN
autoland,4769114,12,1a03ada32d4ae63ebeeb4561891b61c1e6e17a68,windows10-64-shippable-qr,True,False,,,102210fe594ee9b33d82058545b1ed14f4c8206e,browser-toolbox.close-process.DAMP,damp,True,damp browser-toolbox.close-process.DAMP opt e10s fission stylo webrender-sw,4768818,77,ms,firefox,,1747275259,2023-08-29 03:02:37,77.52921897173655,f79fe732a6b523e66f30e056118cdd2cff02a5ca,1292639,,,,,,,,,,,,,,,,,,,,,,,,,,,,,,,,,,,,,,,,,,,,,,,,,,,,,,,,,,,,,TN,TN
autoland,4769114,12,1a03ada32d4ae63ebeeb4561891b61c1e6e17a68,windows10-64-shippable-qr,True,False,,,102210fe594ee9b33d82058545b1ed14f4c8206e,browser-toolbox.close-process.DAMP,damp,True,damp browser-toolbox.close-process.DAMP opt e10s fission stylo webrender-sw,4768818,77,ms,firefox,,1747367726,2023-08-29 07:11:54,70.12228943071386,801325776b1492f30ec6ac7c770000fa8c894d2a,1292691,,,,,,,,,,,,,,,,,,,,,,,,,,,,,,,,,,,,,,,,,,,,,,,,,,,,,,,,,,,,,TN,TN
autoland,4769114,12,1a03ada32d4ae63ebeeb4561891b61c1e6e17a68,windows10-64-shippable-qr,True,False,,,102210fe594ee9b33d82058545b1ed14f4c8206e,browser-toolbox.close-process.DAMP,damp,True,damp browser-toolbox.close-process.DAMP opt e10s fission stylo webrender-sw,4768818,77,ms,firefox,,1747522254,2023-08-29 11:18:23,76.22298900871101,843a6e4db35622bdd606d6cdd7c0f1a05828a89e,1292770,,,,,,,,,,,,,,,,,,,,,,,,,,,,,,,,,,,,,,,,,,,,,,,,,,,,,,,,,,,,,TN,TN
autoland,4769114,12,1a03ada32d4ae63ebeeb4561891b61c1e6e17a68,windows10-64-shippable-qr,True,False,,,102210fe594ee9b33d82058545b1ed14f4c8206e,browser-toolbox.close-process.DAMP,damp,True,damp browser-toolbox.close-process.DAMP opt e10s fission stylo webrender-sw,4768818,77,ms,firefox,,1747645731,2023-08-29 11:21:44,69.61811659255181,abe9789555b5960e5b395aba02b4891c388e4839,1292771,,,,,,,,,,,,,,,,,,,,,,,,,,,,,,,,,,,,,,,,,,,,,,,,,,,,,,,,,,,,,TN,TN
autoland,4769114,12,1a03ada32d4ae63ebeeb4561891b61c1e6e17a68,windows10-64-shippable-qr,True,False,,,102210fe594ee9b33d82058545b1ed14f4c8206e,browser-toolbox.close-process.DAMP,damp,True,damp browser-toolbox.close-process.DAMP opt e10s fission stylo webrender-sw,4768818,77,ms,firefox,,1747768786,2023-08-29 16:25:43,75.6304600561416,0bb8944a5c2a783f353dc7595b2171844923a934,1292913,,,,,,,,,,,,,,,,,,,,,,,,,,,,,,,,,,,,,,,,,,,,,,,,,,,,,,,,,,,,,TN,TN
autoland,4769114,12,1a03ada32d4ae63ebeeb4561891b61c1e6e17a68,windows10-64-shippable-qr,True,False,,,102210fe594ee9b33d82058545b1ed14f4c8206e,browser-toolbox.close-process.DAMP,damp,True,damp browser-toolbox.close-process.DAMP opt e10s fission stylo webrender-sw,4768818,77,ms,firefox,,1747834114,2023-08-29 20:54:58,74.44966039081919,16c71fac642647b97c85d086e54342a5addaaf13,1293039,,,,,,,,,,,,,,,,,,,,,,,,,,,,,,,,,,,,,,,,,,,,,,,,,,,,,,,,,,,,,TN,TN
autoland,4769114,12,1a03ada32d4ae63ebeeb4561891b61c1e6e17a68,windows10-64-shippable-qr,True,False,,,102210fe594ee9b33d82058545b1ed14f4c8206e,browser-toolbox.close-process.DAMP,damp,True,damp browser-toolbox.close-process.DAMP opt e10s fission stylo webrender-sw,4768818,77,ms,firefox,,1747856952,2023-08-30 01:49:26,70.74783074094739,34dcd8f28e9a642600425b3383df225859ea91cd,1293133,,,,,,,,,,,,,,,,,,,,,,,,,,,,,,,,,,,,,,,,,,,,,,,,,,,,,,,,,,,,,TN,TN
autoland,4769114,12,1a03ada32d4ae63ebeeb4561891b61c1e6e17a68,windows10-64-shippable-qr,True,False,,,102210fe594ee9b33d82058545b1ed14f4c8206e,browser-toolbox.close-process.DAMP,damp,True,damp browser-toolbox.close-process.DAMP opt e10s fission stylo webrender-sw,4768818,77,ms,firefox,,1748097541,2023-08-30 13:43:19,75.3950591325738,379bb5e39311a7878ea31b7eb0dd39fdef1ab15a,1293343,,,,,,,,,,,,,,,,,,,,,,,,,,,,,,,,,,,,,,,,,,,,,,,,,,,,,,,,,,,,,TN,TN
autoland,4769114,12,1a03ada32d4ae63ebeeb4561891b61c1e6e17a68,windows10-64-shippable-qr,True,False,,,102210fe594ee9b33d82058545b1ed14f4c8206e,browser-toolbox.close-process.DAMP,damp,True,damp browser-toolbox.close-process.DAMP opt e10s fission stylo webrender-sw,4768818,77,ms,firefox,,1748090810,2023-08-30 16:15:47,75.33669114254008,f648d27187b6f45ac21ab6bf0ca9673dcfc55cf4,1293412,,,,,,,,,,,,,,,,,,,,,,,,,,,,,,,,,,,,,,,,,,,,,,,,,,,,,,,,,,,,,TN,TN
autoland,4769114,12,1a03ada32d4ae63ebeeb4561891b61c1e6e17a68,windows10-64-shippable-qr,True,False,,,102210fe594ee9b33d82058545b1ed14f4c8206e,browser-toolbox.close-process.DAMP,damp,True,damp browser-toolbox.close-process.DAMP opt e10s fission stylo webrender-sw,4768818,77,ms,firefox,,1748156254,2023-08-30 20:58:03,75.87870248343097,7643e2c34ec4fce31fb741b2e7003adc7e547e36,1293585,,,,,,,,,,,,,,,,,,,,,,,,,,,,,,,,,,,,,,,,,,,,,,,,,,,,,,,,,,,,,TN,TN
autoland,4769114,12,1a03ada32d4ae63ebeeb4561891b61c1e6e17a68,windows10-64-shippable-qr,True,False,,,102210fe594ee9b33d82058545b1ed14f4c8206e,browser-toolbox.close-process.DAMP,damp,True,damp browser-toolbox.close-process.DAMP opt e10s fission stylo webrender-sw,4768818,77,ms,firefox,,1748222300,2023-08-30 23:31:09,68.88980593825181,8db6a3b432759fd37b677c455c7d9ecedafd7e77,1293654,,,,,,,,,,,,,,,,,,,,,,,,,,,,,,,,,,,,,,,,,,,,,,,,,,,,,,,,,,,,,TN,TN
autoland,4769114,12,1a03ada32d4ae63ebeeb4561891b61c1e6e17a68,windows10-64-shippable-qr,True,False,,,102210fe594ee9b33d82058545b1ed14f4c8206e,browser-toolbox.close-process.DAMP,damp,True,damp browser-toolbox.close-process.DAMP opt e10s fission stylo webrender-sw,4768818,77,ms,firefox,,1748247705,2023-08-31 03:36:38,70.91145169333322,bcc1470439818e29a38c29432af9fd130b8ec931,1293720,,,,,,,,,,,,,,,,,,,,,,,,,,,,,,,,,,,,,,,,,,,,,,,,,,,,,,,,,,,,,TN,TN
autoland,4769114,12,1a03ada32d4ae63ebeeb4561891b61c1e6e17a68,windows10-64-shippable-qr,True,False,,,102210fe594ee9b33d82058545b1ed14f4c8206e,browser-toolbox.close-process.DAMP,damp,True,damp browser-toolbox.close-process.DAMP opt e10s fission stylo webrender-sw,4768818,77,ms,firefox,,1748350290,2023-08-31 09:19:24,70.92690852429587,e2d1d56b4cb882f210d71f021a2f804a56d718e6,1293811,,,,,,,,,,,,,,,,,,,,,,,,,,,,,,,,,,,,,,,,,,,,,,,,,,,,,,,,,,,,,TN,TN
autoland,4769114,12,1a03ada32d4ae63ebeeb4561891b61c1e6e17a68,windows10-64-shippable-qr,True,False,,,102210fe594ee9b33d82058545b1ed14f4c8206e,browser-toolbox.close-process.DAMP,damp,True,damp browser-toolbox.close-process.DAMP opt e10s fission stylo webrender-sw,4768818,77,ms,firefox,,1748466099,2023-08-31 14:04:37,70.18134006715991,79fd00522da11013e2076ceccfd842c54d2f0822,1293937,,,,,,,,,,,,,,,,,,,,,,,,,,,,,,,,,,,,,,,,,,,,,,,,,,,,,,,,,,,,,TN,TN
autoland,4769114,12,1a03ada32d4ae63ebeeb4561891b61c1e6e17a68,windows10-64-shippable-qr,True,False,,,102210fe594ee9b33d82058545b1ed14f4c8206e,browser-toolbox.close-process.DAMP,damp,True,damp browser-toolbox.close-process.DAMP opt e10s fission stylo webrender-sw,4768818,77,ms,firefox,,1748611741,2023-08-31 18:09:30,67.82943024288761,bd48139a6966dfb067c7b31bdf2021bd85a1f6a9,1294069,,,,,,,,,,,,,,,,,,,,,,,,,,,,,,,,,,,,,,,,,,,,,,,,,,,,,,,,,,,,,TN,TN
autoland,4769114,12,1a03ada32d4ae63ebeeb4561891b61c1e6e17a68,windows10-64-shippable-qr,True,False,,,102210fe594ee9b33d82058545b1ed14f4c8206e,browser-toolbox.close-process.DAMP,damp,True,damp browser-toolbox.close-process.DAMP opt e10s fission stylo webrender-sw,4768818,77,ms,firefox,,1748656956,2023-08-31 19:33:29,71.63220110809198,a0d77e120c268cc1e877891df07436c1128dde4f,1294123,,,,,,,,,,,,,,,,,,,,,,,,,,,,,,,,,,,,,,,,,,,,,,,,,,,,,,,,,,,,,TN,TN
autoland,4769114,12,1a03ada32d4ae63ebeeb4561891b61c1e6e17a68,windows10-64-shippable-qr,True,False,,,102210fe594ee9b33d82058545b1ed14f4c8206e,browser-toolbox.close-process.DAMP,damp,True,damp browser-toolbox.close-process.DAMP opt e10s fission stylo webrender-sw,4768818,77,ms,firefox,,1748774872,2023-09-01 00:39:38,76.01653420076764,27ce38e0ae179241f6afc83c246df3113fc76eb5,1294315,,,,,,,,,,,,,,,,,,,,,,,,,,,,,,,,,,,,,,,,,,,,,,,,,,,,,,,,,,,,,TN,TN
autoland,4769114,12,1a03ada32d4ae63ebeeb4561891b61c1e6e17a68,windows10-64-shippable-qr,True,False,,,102210fe594ee9b33d82058545b1ed14f4c8206e,browser-toolbox.close-process.DAMP,damp,True,damp browser-toolbox.close-process.DAMP opt e10s fission stylo webrender-sw,4768818,77,ms,firefox,,1748781238,2023-09-01 01:00:26,74.81005688990263,9034f1db1295f77ef75c8afa9ac280788649b1c4,1294322,,,,,,,,,,,,,,,,,,,,,,,,,,,,,,,,,,,,,,,,,,,,,,,,,,,,,,,,,,,,,TN,TN
autoland,4769114,12,1a03ada32d4ae63ebeeb4561891b61c1e6e17a68,windows10-64-shippable-qr,True,False,,,102210fe594ee9b33d82058545b1ed14f4c8206e,browser-toolbox.close-process.DAMP,damp,True,damp browser-toolbox.close-process.DAMP opt e10s fission stylo webrender-sw,4768818,77,ms,firefox,,1748941864,2023-09-01 06:26:09,76.65451290995406,ae769caa17a3a27e7fed2cfd78ea439adf051dc8,1294426,,,,,,,,,,,,,,,,,,,,,,,,,,,,,,,,,,,,,,,,,,,,,,,,,,,,,,,,,,,,,TN,TN
autoland,4769114,12,1a03ada32d4ae63ebeeb4561891b61c1e6e17a68,windows10-64-shippable-qr,True,False,,,102210fe594ee9b33d82058545b1ed14f4c8206e,browser-toolbox.close-process.DAMP,damp,True,damp browser-toolbox.close-process.DAMP opt e10s fission stylo webrender-sw,4768818,77,ms,firefox,,1749125333,2023-09-01 10:42:21,74.64902429952053,2e446d8859cc4a60faa49f68ed5445c534e47850,1294509,,,,,,,,,,,,,,,,,,,,,,,,,,,,,,,,,,,,,,,,,,,,,,,,,,,,,,,,,,,,,TN,TN
autoland,4769114,12,1a03ada32d4ae63ebeeb4561891b61c1e6e17a68,windows10-64-shippable-qr,True,False,,,102210fe594ee9b33d82058545b1ed14f4c8206e,browser-toolbox.close-process.DAMP,damp,True,damp browser-toolbox.close-process.DAMP opt e10s fission stylo webrender-sw,4768818,77,ms,firefox,,1749115628,2023-09-01 11:44:59,76.7776033565242,bf57203fdaf0f91ccecca73cc02286e5c20686be,1294532,,,,,,,,,,,,,,,,,,,,,,,,,,,,,,,,,,,,,,,,,,,,,,,,,,,,,,,,,,,,,TN,TN
autoland,4769114,12,1a03ada32d4ae63ebeeb4561891b61c1e6e17a68,windows10-64-shippable-qr,True,False,,,102210fe594ee9b33d82058545b1ed14f4c8206e,browser-toolbox.close-process.DAMP,damp,True,damp browser-toolbox.close-process.DAMP opt e10s fission stylo webrender-sw,4768818,77,ms,firefox,,1749216248,2023-09-01 15:47:54,75.63945375752519,ad7684944accdb72fb27cae1118a774a95ed9c55,1294651,,,,,,,,,,,,,,,,,,,,,,,,,,,,,,,,,,,,,,,,,,,,,,,,,,,,,,,,,,,,,TN,TN
autoland,4769114,12,1a03ada32d4ae63ebeeb4561891b61c1e6e17a68,windows10-64-shippable-qr,True,False,,,102210fe594ee9b33d82058545b1ed14f4c8206e,browser-toolbox.close-process.DAMP,damp,True,damp browser-toolbox.close-process.DAMP opt e10s fission stylo webrender-sw,4768818,77,ms,firefox,,1749528532,2023-09-02 01:00:47,67.66196002373908,99eed791079c7b72126fee110226a0f9c519a053,1294900,,,,,,,,,,,,,,,,,,,,,,,,,,,,,,,,,,,,,,,,,,,,,,,,,,,,,,,,,,,,,TN,TN
autoland,4769114,12,1a03ada32d4ae63ebeeb4561891b61c1e6e17a68,windows10-64-shippable-qr,True,False,,,102210fe594ee9b33d82058545b1ed14f4c8206e,browser-toolbox.close-process.DAMP,damp,True,damp browser-toolbox.close-process.DAMP opt e10s fission stylo webrender-sw,4768818,77,ms,firefox,,1749568281,2023-09-02 06:50:37,68.4154763237566,0d100cd406fac31edd725aaa2ca36c72593b7207,1294943,,,,,,,,,,,,,,,,,,,,,,,,,,,,,,,,,,,,,,,,,,,,,,,,,,,,,,,,,,,,,TN,TN
autoland,4769114,12,1a03ada32d4ae63ebeeb4561891b61c1e6e17a68,windows10-64-shippable-qr,True,False,,,102210fe594ee9b33d82058545b1ed14f4c8206e,browser-toolbox.close-process.DAMP,damp,True,damp browser-toolbox.close-process.DAMP opt e10s fission stylo webrender-sw,4768818,77,ms,firefox,,1749626269,2023-09-02 11:43:51,67.47982631568448,66f85436a9395093f71f506f8cdc16623cbbb38e,1294960,,,,,,,,,,,,,,,,,,,,,,,,,,,,,,,,,,,,,,,,,,,,,,,,,,,,,,,,,,,,,TN,TN
autoland,4769114,12,1a03ada32d4ae63ebeeb4561891b61c1e6e17a68,windows10-64-shippable-qr,True,False,,,102210fe594ee9b33d82058545b1ed14f4c8206e,browser-toolbox.close-process.DAMP,damp,True,damp browser-toolbox.close-process.DAMP opt e10s fission stylo webrender-sw,4768818,77,ms,firefox,,1749652990,2023-09-02 16:16:12,70.47135069377691,ee62282ee19c0c3cceebbdb2cd283127260a46d6,1294982,,,,,,,,,,,,,,,,,,,,,,,,,,,,,,,,,,,,,,,,,,,,,,,,,,,,,,,,,,,,,TN,TN
autoland,4769114,12,1a03ada32d4ae63ebeeb4561891b61c1e6e17a68,windows10-64-shippable-qr,True,False,,,102210fe594ee9b33d82058545b1ed14f4c8206e,browser-toolbox.close-process.DAMP,damp,True,damp browser-toolbox.close-process.DAMP opt e10s fission stylo webrender-sw,4768818,77,ms,firefox,,1749842738,2023-09-03 15:28:00,75.01664855891431,e2d4c17692b7650a5aefa27823ab8cb72dc06fe6,1295071,,,,,,,,,,,,,,,,,,,,,,,,,,,,,,,,,,,,,,,,,,,,,,,,,,,,,,,,,,,,,TN,TN
autoland,4769114,12,1a03ada32d4ae63ebeeb4561891b61c1e6e17a68,windows10-64-shippable-qr,True,False,,,102210fe594ee9b33d82058545b1ed14f4c8206e,browser-toolbox.close-process.DAMP,damp,True,damp browser-toolbox.close-process.DAMP opt e10s fission stylo webrender-sw,4768818,77,ms,firefox,,1749883541,2023-09-03 17:48:29,70.59411023413122,39747a728e31525f254d25d9fa323a491dda5b09,1295079,,,,,,,,,,,,,,,,,,,,,,,,,,,,,,,,,,,,,,,,,,,,,,,,,,,,,,,,,,,,,TN,TN
autoland,4769114,12,1a03ada32d4ae63ebeeb4561891b61c1e6e17a68,windows10-64-shippable-qr,True,False,,,102210fe594ee9b33d82058545b1ed14f4c8206e,browser-toolbox.close-process.DAMP,damp,True,damp browser-toolbox.close-process.DAMP opt e10s fission stylo webrender-sw,4768818,77,ms,firefox,,1749979825,2023-09-04 00:54:15,68.95985582093999,9398dc74275ecd37eab02b496051302e67ce059f,1295103,,,,,,,,,,,,,,,,,,,,,,,,,,,,,,,,,,,,,,,,,,,,,,,,,,,,,,,,,,,,,TN,TN
autoland,4769114,12,1a03ada32d4ae63ebeeb4561891b61c1e6e17a68,windows10-64-shippable-qr,True,False,,,102210fe594ee9b33d82058545b1ed14f4c8206e,browser-toolbox.close-process.DAMP,damp,True,damp browser-toolbox.close-process.DAMP opt e10s fission stylo webrender-sw,4768818,77,ms,firefox,,1750044586,2023-09-04 05:09:42,74.11047664818034,738c0a460acb30ab2ab419f4c0dc93fa9af200d6,1295121,,,,,,,,,,,,,,,,,,,,,,,,,,,,,,,,,,,,,,,,,,,,,,,,,,,,,,,,,,,,,TN,TN
autoland,4769114,12,1a03ada32d4ae63ebeeb4561891b61c1e6e17a68,windows10-64-shippable-qr,True,False,,,102210fe594ee9b33d82058545b1ed14f4c8206e,browser-toolbox.close-process.DAMP,damp,True,damp browser-toolbox.close-process.DAMP opt e10s fission stylo webrender-sw,4768818,77,ms,firefox,,1750080235,2023-09-04 08:06:31,69.35304781288141,5378e223b13ecd8d32d6afddc956d8bdca322ef0,1295171,,,,,,,,,,,,,,,,,,,,,,,,,,,,,,,,,,,,,,,,,,,,,,,,,,,,,,,,,,,,,TN,TN
autoland,4769114,12,1a03ada32d4ae63ebeeb4561891b61c1e6e17a68,windows10-64-shippable-qr,True,False,,,102210fe594ee9b33d82058545b1ed14f4c8206e,browser-toolbox.close-process.DAMP,damp,True,damp browser-toolbox.close-process.DAMP opt e10s fission stylo webrender-sw,4768818,77,ms,firefox,,1750199767,2023-09-04 12:17:38,74.5215618449729,16cc1aa2701e0b2cf32665cee19dc11308a4760a,1295286,,,,,,,,,,,,,,,,,,,,,,,,,,,,,,,,,,,,,,,,,,,,,,,,,,,,,,,,,,,,,TN,TN
autoland,4769114,12,1a03ada32d4ae63ebeeb4561891b61c1e6e17a68,windows10-64-shippable-qr,True,False,,,102210fe594ee9b33d82058545b1ed14f4c8206e,browser-toolbox.close-process.DAMP,damp,True,damp browser-toolbox.close-process.DAMP opt e10s fission stylo webrender-sw,4768818,77,ms,firefox,,1750335892,2023-09-04 20:09:20,75.33634980925126,2c0ab3a7f1f3e1e095a0175f8a6096d10a311a5a,1295407,,,,,,,,,,,,,,,,,,,,,,,,,,,,,,,,,,,,,,,,,,,,,,,,,,,,,,,,,,,,,TN,TN
autoland,4769114,12,1a03ada32d4ae63ebeeb4561891b61c1e6e17a68,windows10-64-shippable-qr,True,False,,,102210fe594ee9b33d82058545b1ed14f4c8206e,browser-toolbox.close-process.DAMP,damp,True,damp browser-toolbox.close-process.DAMP opt e10s fission stylo webrender-sw,4768818,77,ms,firefox,,1750395835,2023-09-05 01:26:26,69.40436620172113,530fe27f752d2f1fa88cd1013b419d7c1ca1a2e0,1295456,,,,,,,,,,,,,,,,,,,,,,,,,,,,,,,,,,,,,,,,,,,,,,,,,,,,,,,,,,,,,TN,TN
autoland,4769114,12,1a03ada32d4ae63ebeeb4561891b61c1e6e17a68,windows10-64-shippable-qr,True,False,,,102210fe594ee9b33d82058545b1ed14f4c8206e,browser-toolbox.close-process.DAMP,damp,True,damp browser-toolbox.close-process.DAMP opt e10s fission stylo webrender-sw,4768818,77,ms,firefox,,1750490155,2023-09-05 06:45:05,67.21748830248544,55f5393d14f682f76c2d9f9c857c9f0890ee2a7f,1295504,,,,,,,,,,,,,,,,,,,,,,,,,,,,,,,,,,,,,,,,,,,,,,,,,,,,,,,,,,,,,TN,TN
autoland,4769114,12,1a03ada32d4ae63ebeeb4561891b61c1e6e17a68,windows10-64-shippable-qr,True,False,,,102210fe594ee9b33d82058545b1ed14f4c8206e,browser-toolbox.close-process.DAMP,damp,True,damp browser-toolbox.close-process.DAMP opt e10s fission stylo webrender-sw,4768818,77,ms,firefox,,1750600648,2023-09-05 11:29:45,69.57522737086401,27708fc6f6648945c105baa6a5c63f9d62f265b5,1295622,,,,,,,,,,,,,,,,,,,,,,,,,,,,,,,,,,,,,,,,,,,,,,,,,,,,,,,,,,,,,TN,TN
autoland,4769114,12,1a03ada32d4ae63ebeeb4561891b61c1e6e17a68,windows10-64-shippable-qr,True,False,,,102210fe594ee9b33d82058545b1ed14f4c8206e,browser-toolbox.close-process.DAMP,damp,True,damp browser-toolbox.close-process.DAMP opt e10s fission stylo webrender-sw,4768818,77,ms,firefox,,1750618125,2023-09-05 11:45:39,75.76255612376553,42d664dd03163fb19554f6e18c4163b8622b4401,1295627,,,,,,,,,,,,,,,,,,,,,,,,,,,,,,,,,,,,,,,,,,,,,,,,,,,,,,,,,,,,,TN,TN
autoland,4769114,12,1a03ada32d4ae63ebeeb4561891b61c1e6e17a68,windows10-64-shippable-qr,True,False,,,102210fe594ee9b33d82058545b1ed14f4c8206e,browser-toolbox.close-process.DAMP,damp,True,damp browser-toolbox.close-process.DAMP opt e10s fission stylo webrender-sw,4768818,77,ms,firefox,,1750698512,2023-09-05 15:46:18,67.68938219959091,40053facf08c6ea9bc6a6f5ae223a6faa89ebc08,1295770,,,,,,,,,,,,,,,,,,,,,,,,,,,,,,,,,,,,,,,,,,,,,,,,,,,,,,,,,,,,,TN,TN
autoland,4769114,12,1a03ada32d4ae63ebeeb4561891b61c1e6e17a68,windows10-64-shippable-qr,True,False,,,102210fe594ee9b33d82058545b1ed14f4c8206e,browser-toolbox.close-process.DAMP,damp,True,damp browser-toolbox.close-process.DAMP opt e10s fission stylo webrender-sw,4768818,77,ms,firefox,,1750752499,2023-09-05 16:15:45,75.35144563322683,08da3ca498f61eb9acb594038c5e764cfb37d735,1295791,,,,,,,,,,,,,,,,,,,,,,,,,,,,,,,,,,,,,,,,,,,,,,,,,,,,,,,,,,,,,TN,TN
autoland,4769114,12,1a03ada32d4ae63ebeeb4561891b61c1e6e17a68,windows10-64-shippable-qr,True,False,,,102210fe594ee9b33d82058545b1ed14f4c8206e,browser-toolbox.close-process.DAMP,damp,True,damp browser-toolbox.close-process.DAMP opt e10s fission stylo webrender-sw,4768818,77,ms,firefox,,1750752397,2023-09-05 16:15:45,75.08435207197908,08da3ca498f61eb9acb594038c5e764cfb37d735,1295791,,,,,,,,,,,,,,,,,,,,,,,,,,,,,,,,,,,,,,,,,,,,,,,,,,,,,,,,,,,,,TN,TN
autoland,4769114,12,1a03ada32d4ae63ebeeb4561891b61c1e6e17a68,windows10-64-shippable-qr,True,False,,,102210fe594ee9b33d82058545b1ed14f4c8206e,browser-toolbox.close-process.DAMP,damp,True,damp browser-toolbox.close-process.DAMP opt e10s fission stylo webrender-sw,4768818,77,ms,firefox,,1750752494,2023-09-05 16:15:45,75.29229211701022,08da3ca498f61eb9acb594038c5e764cfb37d735,1295791,,,,,,,,,,,,,,,,,,,,,,,,,,,,,,,,,,,,,,,,,,,,,,,,,,,,,,,,,,,,,TN,TN
autoland,4769114,12,1a03ada32d4ae63ebeeb4561891b61c1e6e17a68,windows10-64-shippable-qr,True,False,,,102210fe594ee9b33d82058545b1ed14f4c8206e,browser-toolbox.close-process.DAMP,damp,True,damp browser-toolbox.close-process.DAMP opt e10s fission stylo webrender-sw,4768818,77,ms,firefox,,1750857319,2023-09-05 19:25:11,76.28350917145872,e6278ccb302b74ca329c17e5d00508b795c54eec,1295926,,,,,,,,,,,,,,,,,,,,,,,,,,,,,,,,,,,,,,,,,,,,,,,,,,,,,,,,,,,,,TN,TN
autoland,4769114,12,1a03ada32d4ae63ebeeb4561891b61c1e6e17a68,windows10-64-shippable-qr,True,False,,,102210fe594ee9b33d82058545b1ed14f4c8206e,browser-toolbox.close-process.DAMP,damp,True,damp browser-toolbox.close-process.DAMP opt e10s fission stylo webrender-sw,4768818,77,ms,firefox,,1750988157,2023-09-05 23:38:09,68.90889709378826,b34280e9a0872e3b3f0893cd3bd78bf94b421612,1296071,,,,,,,,,,,,,,,,,,,,,,,,,,,,,,,,,,,,,,,,,,,,,,,,,,,,,,,,,,,,,TN,TN
autoland,4769114,12,1a03ada32d4ae63ebeeb4561891b61c1e6e17a68,windows10-64-shippable-qr,True,False,,,102210fe594ee9b33d82058545b1ed14f4c8206e,browser-toolbox.close-process.DAMP,damp,True,damp browser-toolbox.close-process.DAMP opt e10s fission stylo webrender-sw,4768818,77,ms,firefox,,1750996862,2023-09-06 00:54:53,74.68947226498858,ff7e2e9adbc1753b1f3e01a3f2eb8a91bb911418,1296116,,,,,,,,,,,,,,,,,,,,,,,,,,,,,,,,,,,,,,,,,,,,,,,,,,,,,,,,,,,,,TN,TN
autoland,4769114,12,1a03ada32d4ae63ebeeb4561891b61c1e6e17a68,windows10-64-shippable-qr,True,False,,,102210fe594ee9b33d82058545b1ed14f4c8206e,browser-toolbox.close-process.DAMP,damp,True,damp browser-toolbox.close-process.DAMP opt e10s fission stylo webrender-sw,4768818,77,ms,firefox,,1751107048,2023-09-06 05:00:41,77.07746453634172,5c56b92baa65aa27df61f84718594767ef8f26f4,1296186,,,,,,,,,,,,,,,,,,,,,,,,,,,,,,,,,,,,,,,,,,,,,,,,,,,,,,,,,,,,,TN,TN
autoland,4769114,12,1a03ada32d4ae63ebeeb4561891b61c1e6e17a68,windows10-64-shippable-qr,True,False,,,102210fe594ee9b33d82058545b1ed14f4c8206e,browser-toolbox.close-process.DAMP,damp,True,damp browser-toolbox.close-process.DAMP opt e10s fission stylo webrender-sw,4768818,77,ms,firefox,,1751280836,2023-09-06 10:31:58,73.87841452275825,6631a30338d3de03925f76afd071a29511729440,1296288,,,,,,,,,,,,,,,,,,,,,,,,,,,,,,,,,,,,,,,,,,,,,,,,,,,,,,,,,,,,,TN,TN
autoland,4769114,12,1a03ada32d4ae63ebeeb4561891b61c1e6e17a68,windows10-64-shippable-qr,True,False,,,102210fe594ee9b33d82058545b1ed14f4c8206e,browser-toolbox.close-process.DAMP,damp,True,damp browser-toolbox.close-process.DAMP opt e10s fission stylo webrender-sw,4768818,77,ms,firefox,,1751246783,2023-09-06 11:18:29,75.63871945494611,e43370e4259f61e0c264dbcef8b45e2862b3c5e8,1296309,,,,,,,,,,,,,,,,,,,,,,,,,,,,,,,,,,,,,,,,,,,,,,,,,,,,,,,,,,,,,TN,TN
autoland,4769114,12,1a03ada32d4ae63ebeeb4561891b61c1e6e17a68,windows10-64-shippable-qr,True,False,,,102210fe594ee9b33d82058545b1ed14f4c8206e,browser-toolbox.close-process.DAMP,damp,True,damp browser-toolbox.close-process.DAMP opt e10s fission stylo webrender-sw,4768818,77,ms,firefox,,1751354667,2023-09-06 14:28:21,75.2325844936313,0315c2d875ca2a95bbb65ef4a1f7b75f72ed7263,1296418,,,,,,,,,,,,,,,,,,,,,,,,,,,,,,,,,,,,,,,,,,,,,,,,,,,,,,,,,,,,,TN,TN
autoland,4769114,12,1a03ada32d4ae63ebeeb4561891b61c1e6e17a68,windows10-64-shippable-qr,True,False,,,102210fe594ee9b33d82058545b1ed14f4c8206e,browser-toolbox.close-process.DAMP,damp,True,damp browser-toolbox.close-process.DAMP opt e10s fission stylo webrender-sw,4768818,77,ms,firefox,,1751405127,2023-09-06 18:00:42,69.37428149345578,340378041fcfd986f6c0edb18a81efbc36f930c1,1296561,,,,,,,,,,,,,,,,,,,,,,,,,,,,,,,,,,,,,,,,,,,,,,,,,,,,,,,,,,,,,TN,TN
autoland,4769114,12,1a03ada32d4ae63ebeeb4561891b61c1e6e17a68,windows10-64-shippable-qr,True,False,,,102210fe594ee9b33d82058545b1ed14f4c8206e,browser-toolbox.close-process.DAMP,damp,True,damp browser-toolbox.close-process.DAMP opt e10s fission stylo webrender-sw,4768818,77,ms,firefox,,1751483996,2023-09-06 21:18:27,67.8095316764593,6e5768f3fc480965c2b67e5006ad8351d30a27b2,1296699,,,,,,,,,,,,,,,,,,,,,,,,,,,,,,,,,,,,,,,,,,,,,,,,,,,,,,,,,,,,,TN,TN
autoland,4769114,12,1a03ada32d4ae63ebeeb4561891b61c1e6e17a68,windows10-64-shippable-qr,True,False,,,102210fe594ee9b33d82058545b1ed14f4c8206e,browser-toolbox.close-process.DAMP,damp,True,damp browser-toolbox.close-process.DAMP opt e10s fission stylo webrender-sw,4768818,77,ms,firefox,,1751603123,2023-09-07 02:02:33,67.62353696126229,172ac46f5fd5a20a001b2cbed27df0ffb44ef6a6,1296842,,,,,,,,,,,,,,,,,,,,,,,,,,,,,,,,,,,,,,,,,,,,,,,,,,,,,,,,,,,,,TN,TN
autoland,4769114,12,1a03ada32d4ae63ebeeb4561891b61c1e6e17a68,windows10-64-shippable-qr,True,False,,,102210fe594ee9b33d82058545b1ed14f4c8206e,browser-toolbox.close-process.DAMP,damp,True,damp browser-toolbox.close-process.DAMP opt e10s fission stylo webrender-sw,4768818,77,ms,firefox,,1751680834,2023-09-07 05:47:53,73.80181049808743,c8b40099127c273a58ba6defbe045c55752f0f64,1296880,,,,,,,,,,,,,,,,,,,,,,,,,,,,,,,,,,,,,,,,,,,,,,,,,,,,,,,,,,,,,TN,TN
autoland,4769114,12,1a03ada32d4ae63ebeeb4561891b61c1e6e17a68,windows10-64-shippable-qr,True,False,,,102210fe594ee9b33d82058545b1ed14f4c8206e,browser-toolbox.close-process.DAMP,damp,True,damp browser-toolbox.close-process.DAMP opt e10s fission stylo webrender-sw,4768818,77,ms,firefox,,1751774928,2023-09-07 10:02:59,75.3803140543605,72c09a220d986d7af3fa78b07b9b87cd943f9ab5,1296967,,,,,,,,,,,,,,,,,,,,,,,,,,,,,,,,,,,,,,,,,,,,,,,,,,,,,,,,,,,,,TN,TN
autoland,4769114,12,1a03ada32d4ae63ebeeb4561891b61c1e6e17a68,windows10-64-shippable-qr,True,False,,,102210fe594ee9b33d82058545b1ed14f4c8206e,browser-toolbox.close-process.DAMP,damp,True,damp browser-toolbox.close-process.DAMP opt e10s fission stylo webrender-sw,4768818,77,ms,firefox,,1751890646,2023-09-07 12:32:17,71.73996521811932,31aee1c71573016a4a40410e1c41adad2304c430,1297037,,,,,,,,,,,,,,,,,,,,,,,,,,,,,,,,,,,,,,,,,,,,,,,,,,,,,,,,,,,,,TN,TN
autoland,4769114,12,1a03ada32d4ae63ebeeb4561891b61c1e6e17a68,windows10-64-shippable-qr,True,False,,,102210fe594ee9b33d82058545b1ed14f4c8206e,browser-toolbox.close-process.DAMP,damp,True,damp browser-toolbox.close-process.DAMP opt e10s fission stylo webrender-sw,4768818,77,ms,firefox,,1751918691,2023-09-07 16:05:38,69.39936948917602,be838735b3cf99411aaa287377f080810144f92d,1297179,,,,,,,,,,,,,,,,,,,,,,,,,,,,,,,,,,,,,,,,,,,,,,,,,,,,,,,,,,,,,TN,TN
autoland,4769114,12,1a03ada32d4ae63ebeeb4561891b61c1e6e17a68,windows10-64-shippable-qr,True,False,,,102210fe594ee9b33d82058545b1ed14f4c8206e,browser-toolbox.close-process.DAMP,damp,True,damp browser-toolbox.close-process.DAMP opt e10s fission stylo webrender-sw,4768818,77,ms,firefox,,1752073021,2023-09-07 18:57:03,75.42341553892766,25b4a7559a80b3970d88de68b2ac92420ca025c8,1297304,,,,,,,,,,,,,,,,,,,,,,,,,,,,,,,,,,,,,,,,,,,,,,,,,,,,,,,,,,,,,TN,TN
autoland,4769114,12,1a03ada32d4ae63ebeeb4561891b61c1e6e17a68,windows10-64-shippable-qr,True,False,,,102210fe594ee9b33d82058545b1ed14f4c8206e,browser-toolbox.close-process.DAMP,damp,True,damp browser-toolbox.close-process.DAMP opt e10s fission stylo webrender-sw,4768818,77,ms,firefox,,1752222440,2023-09-07 23:16:45,76.12717826469452,6fb5507c20420498c1ebe5f2b6df35394d980f1c,1297446,,,,,,,,,,,,,,,,,,,,,,,,,,,,,,,,,,,,,,,,,,,,,,,,,,,,,,,,,,,,,TN,TN
autoland,4769114,12,1a03ada32d4ae63ebeeb4561891b61c1e6e17a68,windows10-64-shippable-qr,True,False,,,102210fe594ee9b33d82058545b1ed14f4c8206e,browser-toolbox.close-process.DAMP,damp,True,damp browser-toolbox.close-process.DAMP opt e10s fission stylo webrender-sw,4768818,77,ms,firefox,,1752204348,2023-09-07 23:39:19,70.20547594519667,3096b15a785accc50f5e96ad64eed31ebd5ae045,1297453,,,,,,,,,,,,,,,,,,,,,,,,,,,,,,,,,,,,,,,,,,,,,,,,,,,,,,,,,,,,,TN,TN
autoland,4769114,12,1a03ada32d4ae63ebeeb4561891b61c1e6e17a68,windows10-64-shippable-qr,True,False,,,102210fe594ee9b33d82058545b1ed14f4c8206e,browser-toolbox.close-process.DAMP,damp,True,damp browser-toolbox.close-process.DAMP opt e10s fission stylo webrender-sw,4768818,77,ms,firefox,,1752321669,2023-09-08 04:28:36,69.83183874870883,9cf29328d69c6278a4d9e184fcf79d33542cb600,1297535,,,,,,,,,,,,,,,,,,,,,,,,,,,,,,,,,,,,,,,,,,,,,,,,,,,,,,,,,,,,,TN,TN
autoland,4769114,12,1a03ada32d4ae63ebeeb4561891b61c1e6e17a68,windows10-64-shippable-qr,True,False,,,102210fe594ee9b33d82058545b1ed14f4c8206e,browser-toolbox.close-process.DAMP,damp,True,damp browser-toolbox.close-process.DAMP opt e10s fission stylo webrender-sw,4768818,77,ms,firefox,,1752383079,2023-09-08 08:33:18,68.65836500331352,850826d930dbbaab76c864c8e0c815e741d335ec,1297602,,,,,,,,,,,,,,,,,,,,,,,,,,,,,,,,,,,,,,,,,,,,,,,,,,,,,,,,,,,,,TN,TN
autoland,4769114,12,1a03ada32d4ae63ebeeb4561891b61c1e6e17a68,windows10-64-shippable-qr,True,False,,,102210fe594ee9b33d82058545b1ed14f4c8206e,browser-toolbox.close-process.DAMP,damp,True,damp browser-toolbox.close-process.DAMP opt e10s fission stylo webrender-sw,4768818,77,ms,firefox,,1752490031,2023-09-08 09:52:44,78.83100060246943,274b1d437629e97813d0b7fe7e8b4912cf84cf32,1297644,,,,,,,,,,,,,,,,,,,,,,,,,,,,,,,,,,,,,,,,,,,,,,,,,,,,,,,,,,,,,TN,TN
autoland,4769114,12,1a03ada32d4ae63ebeeb4561891b61c1e6e17a68,windows10-64-shippable-qr,True,False,,,102210fe594ee9b33d82058545b1ed14f4c8206e,browser-toolbox.close-process.DAMP,damp,True,damp browser-toolbox.close-process.DAMP opt e10s fission stylo webrender-sw,4768818,77,ms,firefox,,1752604704,2023-09-08 14:14:09,74.56276884281397,822367e291b07b889b553a6beaa660fd1d4bf101,1297788,,,,,,,,,,,,,,,,,,,,,,,,,,,,,,,,,,,,,,,,,,,,,,,,,,,,,,,,,,,,,TN,TN
autoland,4769114,12,1a03ada32d4ae63ebeeb4561891b61c1e6e17a68,windows10-64-shippable-qr,True,False,,,102210fe594ee9b33d82058545b1ed14f4c8206e,browser-toolbox.close-process.DAMP,damp,True,damp browser-toolbox.close-process.DAMP opt e10s fission stylo webrender-sw,4768818,77,ms,firefox,,1752633882,2023-09-08 14:59:47,75.59610443162092,bde2db6f12ce1100b2bbb4b10916f7be1cf90f3a,1297817,,,,,,,,,,,,,,,,,,,,,,,,,,,,,,,,,,,,,,,,,,,,,,,,,,,,,,,,,,,,,TN,TN
autoland,4769114,12,1a03ada32d4ae63ebeeb4561891b61c1e6e17a68,windows10-64-shippable-qr,True,False,,,102210fe594ee9b33d82058545b1ed14f4c8206e,browser-toolbox.close-process.DAMP,damp,True,damp browser-toolbox.close-process.DAMP opt e10s fission stylo webrender-sw,4768818,77,ms,firefox,,1752700261,2023-09-08 18:04:40,68.89797442527197,27b2bca6565fd4a7d724617dc2a06ad4433d5e7d,1297929,,,,,,,,,,,,,,,,,,,,,,,,,,,,,,,,,,,,,,,,,,,,,,,,,,,,,,,,,,,,,TN,TN
autoland,4769114,12,1a03ada32d4ae63ebeeb4561891b61c1e6e17a68,windows10-64-shippable-qr,True,False,,,102210fe594ee9b33d82058545b1ed14f4c8206e,browser-toolbox.close-process.DAMP,damp,True,damp browser-toolbox.close-process.DAMP opt e10s fission stylo webrender-sw,4768818,77,ms,firefox,,1752883754,2023-09-08 22:44:42,66.97368456980621,caabab6fd2b88b34f1344af40c555fed0a039949,1298112,,,,,,,,,,,,,,,,,,,,,,,,,,,,,,,,,,,,,,,,,,,,,,,,,,,,,,,,,,,,,TN,TN
autoland,4769114,12,1a03ada32d4ae63ebeeb4561891b61c1e6e17a68,windows10-64-shippable-qr,True,False,,,102210fe594ee9b33d82058545b1ed14f4c8206e,browser-toolbox.close-process.DAMP,damp,True,damp browser-toolbox.close-process.DAMP opt e10s fission stylo webrender-sw,4768818,77,ms,firefox,,1752928740,2023-09-09 01:11:00,75.18855250115303,266305ba8989b3072ea042b1a3130ddfb89960e1,1298167,,,,,,,,,,,,,,,,,,,,,,,,,,,,,,,,,,,,,,,,,,,,,,,,,,,,,,,,,,,,,TN,TN
autoland,4769114,12,1a03ada32d4ae63ebeeb4561891b61c1e6e17a68,windows10-64-shippable-qr,True,False,,,102210fe594ee9b33d82058545b1ed14f4c8206e,browser-toolbox.close-process.DAMP,damp,True,damp browser-toolbox.close-process.DAMP opt e10s fission stylo webrender-sw,4768818,77,ms,firefox,,1752975793,2023-09-09 05:59:08,67.66810402060219,02f7c436b43f486a8aec92c449f2df1fedf9226a,1298196,,,,,,,,,,,,,,,,,,,,,,,,,,,,,,,,,,,,,,,,,,,,,,,,,,,,,,,,,,,,,TN,TN
autoland,4769114,12,1a03ada32d4ae63ebeeb4561891b61c1e6e17a68,windows10-64-shippable-qr,True,False,,,102210fe594ee9b33d82058545b1ed14f4c8206e,browser-toolbox.close-process.DAMP,damp,True,damp browser-toolbox.close-process.DAMP opt e10s fission stylo webrender-sw,4768818,77,ms,firefox,,1753064243,2023-09-09 12:58:29,78.51042485516518,52b4a28cd9d7623a471a02cb994a2aebbd5d7403,1298223,,,,,,,,,,,,,,,,,,,,,,,,,,,,,,,,,,,,,,,,,,,,,,,,,,,,,,,,,,,,,TN,TN
autoland,4769114,12,1a03ada32d4ae63ebeeb4561891b61c1e6e17a68,windows10-64-shippable-qr,True,False,,,102210fe594ee9b33d82058545b1ed14f4c8206e,browser-toolbox.close-process.DAMP,damp,True,damp browser-toolbox.close-process.DAMP opt e10s fission stylo webrender-sw,4768818,77,ms,firefox,,1753204359,2023-09-09 23:18:35,69.20317903724208,df18c9cb1487f09a89e27eabbd0819691c70701b,1298263,,,,,,,,,,,,,,,,,,,,,,,,,,,,,,,,,,,,,,,,,,,,,,,,,,,,,,,,,,,,,TN,TN
autoland,4769114,12,1a03ada32d4ae63ebeeb4561891b61c1e6e17a68,windows10-64-shippable-qr,True,False,,,102210fe594ee9b33d82058545b1ed14f4c8206e,browser-toolbox.close-process.DAMP,damp,True,damp browser-toolbox.close-process.DAMP opt e10s fission stylo webrender-sw,4768818,77,ms,firefox,,1753267270,2023-09-10 03:51:10,69.34192583845288,7faa89970aed2f2e16f538aba1a7465bb6a5ea20,1298271,,,,,,,,,,,,,,,,,,,,,,,,,,,,,,,,,,,,,,,,,,,,,,,,,,,,,,,,,,,,,TN,TN
autoland,4769114,12,1a03ada32d4ae63ebeeb4561891b61c1e6e17a68,windows10-64-shippable-qr,True,False,,,102210fe594ee9b33d82058545b1ed14f4c8206e,browser-toolbox.close-process.DAMP,damp,True,damp browser-toolbox.close-process.DAMP opt e10s fission stylo webrender-sw,4768818,77,ms,firefox,,1753447431,2023-09-10 10:15:01,77.69999163732427,2e1c2dd8ef65a6914ebc4e0bc0a0a274c31e29bc,1298293,,,,,,,,,,,,,,,,,,,,,,,,,,,,,,,,,,,,,,,,,,,,,,,,,,,,,,,,,,,,,TN,TN
autoland,4769114,12,1a03ada32d4ae63ebeeb4561891b61c1e6e17a68,windows10-64-shippable-qr,True,False,,,102210fe594ee9b33d82058545b1ed14f4c8206e,browser-toolbox.close-process.DAMP,damp,True,damp browser-toolbox.close-process.DAMP opt e10s fission stylo webrender-sw,4768818,77,ms,firefox,,1753526618,2023-09-10 12:24:34,74.88855438137034,640ad6a53cf88f878095f49f98b720a99c2762bd,1298303,,,,,,,,,,,,,,,,,,,,,,,,,,,,,,,,,,,,,,,,,,,,,,,,,,,,,,,,,,,,,TN,TN
autoland,4769114,12,1a03ada32d4ae63ebeeb4561891b61c1e6e17a68,windows10-64-shippable-qr,True,False,,,102210fe594ee9b33d82058545b1ed14f4c8206e,browser-toolbox.close-process.DAMP,damp,True,damp browser-toolbox.close-process.DAMP opt e10s fission stylo webrender-sw,4768818,77,ms,firefox,,1753626190,2023-09-10 16:24:53,77.27572634792887,e91d172728590586e38bc431f3dc779479e365d5,1298313,,,,,,,,,,,,,,,,,,,,,,,,,,,,,,,,,,,,,,,,,,,,,,,,,,,,,,,,,,,,,TN,TN
autoland,4769114,12,1a03ada32d4ae63ebeeb4561891b61c1e6e17a68,windows10-64-shippable-qr,True,False,,,102210fe594ee9b33d82058545b1ed14f4c8206e,browser-toolbox.close-process.DAMP,damp,True,damp browser-toolbox.close-process.DAMP opt e10s fission stylo webrender-sw,4768818,77,ms,firefox,,1753769903,2023-09-10 22:24:39,78.94572463298755,fff502a8f26bdfc51eada3cf32107848bff64a76,1298356,,,,,,,,,,,,,,,,,,,,,,,,,,,,,,,,,,,,,,,,,,,,,,,,,,,,,,,,,,,,,TN,TN
autoland,4769114,12,1a03ada32d4ae63ebeeb4561891b61c1e6e17a68,windows10-64-shippable-qr,True,False,,,102210fe594ee9b33d82058545b1ed14f4c8206e,browser-toolbox.close-process.DAMP,damp,True,damp browser-toolbox.close-process.DAMP opt e10s fission stylo webrender-sw,4768818,77,ms,firefox,,1753842721,2023-09-11 04:00:08,69.23006818473004,5f5a3f190fdfa0947a671467171ab2b3cee62c38,1298396,,,,,,,,,,,,,,,,,,,,,,,,,,,,,,,,,,,,,,,,,,,,,,,,,,,,,,,,,,,,,TN,TN
autoland,4769114,12,1a03ada32d4ae63ebeeb4561891b61c1e6e17a68,windows10-64-shippable-qr,True,False,,,102210fe594ee9b33d82058545b1ed14f4c8206e,browser-toolbox.close-process.DAMP,damp,True,damp browser-toolbox.close-process.DAMP opt e10s fission stylo webrender-sw,4768818,77,ms,firefox,,1753903804,2023-09-11 08:01:16,68.85301242490095,35ae39561912dad340dac47c7c1dc3af6ead952b,1298437,,,,,,,,,,,,,,,,,,,,,,,,,,,,,,,,,,,,,,,,,,,,,,,,,,,,,,,,,,,,,TN,TN
autoland,4769114,12,1a03ada32d4ae63ebeeb4561891b61c1e6e17a68,windows10-64-shippable-qr,True,False,,,102210fe594ee9b33d82058545b1ed14f4c8206e,browser-toolbox.close-process.DAMP,damp,True,damp browser-toolbox.close-process.DAMP opt e10s fission stylo webrender-sw,4768818,77,ms,firefox,,1753991683,2023-09-11 10:09:23,75.39588673062099,16a377bb7b5f9713ac6a5fae21ce043c7de7cd67,1298486,,,,,,,,,,,,,,,,,,,,,,,,,,,,,,,,,,,,,,,,,,,,,,,,,,,,,,,,,,,,,TN,TN
autoland,4769114,12,1a03ada32d4ae63ebeeb4561891b61c1e6e17a68,windows10-64-shippable-qr,True,False,,,102210fe594ee9b33d82058545b1ed14f4c8206e,browser-toolbox.close-process.DAMP,damp,True,damp browser-toolbox.close-process.DAMP opt e10s fission stylo webrender-sw,4768818,77,ms,firefox,,1754097181,2023-09-11 13:54:23,76.01211185753709,2ea4fd5d517a2b5edf081c9e2ccd8c014f6dc171,1298638,,,,,,,,,,,,,,,,,,,,,,,,,,,,,,,,,,,,,,,,,,,,,,,,,,,,,,,,,,,,,TN,TN
autoland,4769114,12,1a03ada32d4ae63ebeeb4561891b61c1e6e17a68,windows10-64-shippable-qr,True,False,,,102210fe594ee9b33d82058545b1ed14f4c8206e,browser-toolbox.close-process.DAMP,damp,True,damp browser-toolbox.close-process.DAMP opt e10s fission stylo webrender-sw,4768818,77,ms,firefox,,1754443531,2023-09-11 17:41:44,68.84577391568746,f28ec98bf27ffbc0952af3f4ff0ffec4218a6554,1298761,,,,,,,,,,,,,,,,,,,,,,,,,,,,,,,,,,,,,,,,,,,,,,,,,,,,,,,,,,,,,TN,TN
autoland,4769114,12,1a03ada32d4ae63ebeeb4561891b61c1e6e17a68,windows10-64-shippable-qr,True,False,,,102210fe594ee9b33d82058545b1ed14f4c8206e,browser-toolbox.close-process.DAMP,damp,True,damp browser-toolbox.close-process.DAMP opt e10s fission stylo webrender-sw,4768818,77,ms,firefox,,1755712278,2023-09-11 19:52:30,74.22362866748153,13227d6aab1a5c6982a1ec8efaa339877573202e,1298827,,,,,,,,,,,,,,,,,,,,,,,,,,,,,,,,,,,,,,,,,,,,,,,,,,,,,,,,,,,,,TN,TN
autoland,4769114,12,1a03ada32d4ae63ebeeb4561891b61c1e6e17a68,windows10-64-shippable-qr,True,False,,,102210fe594ee9b33d82058545b1ed14f4c8206e,browser-toolbox.close-process.DAMP,damp,True,damp browser-toolbox.close-process.DAMP opt e10s fission stylo webrender-sw,4768818,77,ms,firefox,,1755712917,2023-09-11 19:56:53,76.10890572040444,9e289bf77df274fd95050c2d5c184a7b17078dbb,1298830,,,,,,,,,,,,,,,,,,,,,,,,,,,,,,,,,,,,,,,,,,,,,,,,,,,,,,,,,,,,,TN,TN
autoland,4769114,12,1a03ada32d4ae63ebeeb4561891b61c1e6e17a68,windows10-64-shippable-qr,True,False,,,102210fe594ee9b33d82058545b1ed14f4c8206e,browser-toolbox.close-process.DAMP,damp,True,damp browser-toolbox.close-process.DAMP opt e10s fission stylo webrender-sw,4768818,77,ms,firefox,,1755713297,2023-09-11 20:23:57,75.34529226964514,49f8ac83c949700ec1d4895ca4fd0cb97bb408ad,1298842,,,,,,,,,,,,,,,,,,,,,,,,,,,,,,,,,,,,,,,,,,,,,,,,,,,,,,,,,,,,,TN,TN
autoland,4769114,12,1a03ada32d4ae63ebeeb4561891b61c1e6e17a68,windows10-64-shippable-qr,True,False,,,102210fe594ee9b33d82058545b1ed14f4c8206e,browser-toolbox.close-process.DAMP,damp,True,damp browser-toolbox.close-process.DAMP opt e10s fission stylo webrender-sw,4768818,77,ms,firefox,,1755704987,2023-09-11 20:27:20,75.70953044766793,7ddcc5c570857b59a8ca28d15053b56adee3751a,1298844,,,,,,,,,,,,,,,,,,,,,,,,,,,,,,,,,,,,,,,,,,,,,,,,,,,,,,,,,,,,,TN,TN
autoland,4769114,12,1a03ada32d4ae63ebeeb4561891b61c1e6e17a68,windows10-64-shippable-qr,True,False,,,102210fe594ee9b33d82058545b1ed14f4c8206e,browser-toolbox.close-process.DAMP,damp,True,damp browser-toolbox.close-process.DAMP opt e10s fission stylo webrender-sw,4768818,77,ms,firefox,,1755703580,2023-09-11 20:52:46,76.97127062168147,b2453b43eee06d8a6ec112c23a639dbdafffe9d5,1298855,,,,,,,,,,,,,,,,,,,,,,,,,,,,,,,,,,,,,,,,,,,,,,,,,,,,,,,,,,,,,TN,TN
autoland,4769114,12,1a03ada32d4ae63ebeeb4561891b61c1e6e17a68,windows10-64-shippable-qr,True,False,,,102210fe594ee9b33d82058545b1ed14f4c8206e,browser-toolbox.close-process.DAMP,damp,True,damp browser-toolbox.close-process.DAMP opt e10s fission stylo webrender-sw,4768818,77,ms,firefox,,1755703679,2023-09-11 21:12:10,74.99346345439699,58731d4cdf3a29dd6aa3d2dd18e917c8e7d0bef5,1298864,,,,,,,,,,,,,,,,,,,,,,,,,,,,,,,,,,,,,,,,,,,,,,,,,,,,,,,,,,,,,TN,TN
autoland,4769114,12,1a03ada32d4ae63ebeeb4561891b61c1e6e17a68,windows10-64-shippable-qr,True,False,,,102210fe594ee9b33d82058545b1ed14f4c8206e,browser-toolbox.close-process.DAMP,damp,True,damp browser-toolbox.close-process.DAMP opt e10s fission stylo webrender-sw,4768818,77,ms,firefox,,1755706044,2023-09-11 21:24:37,76.19531499603181,6b6020b8d61f2caa4a75ff6719cbd9da74933650,1298871,,,,,,,,,,,,,,,,,,,,,,,,,,,,,,,,,,,,,,,,,,,,,,,,,,,,,,,,,,,,,TN,TN
autoland,4769114,12,1a03ada32d4ae63ebeeb4561891b61c1e6e17a68,windows10-64-shippable-qr,True,False,,,102210fe594ee9b33d82058545b1ed14f4c8206e,browser-toolbox.close-process.DAMP,damp,True,damp browser-toolbox.close-process.DAMP opt e10s fission stylo webrender-sw,4768818,77,ms,firefox,,1755707107,2023-09-11 21:40:56,76.35417957333266,a441005ea9733de894a4c750fb58e6c01820f09f,1298873,,,,,,,,,,,,,,,,,,,,,,,,,,,,,,,,,,,,,,,,,,,,,,,,,,,,,,,,,,,,,TN,TN
autoland,4769114,12,1a03ada32d4ae63ebeeb4561891b61c1e6e17a68,windows10-64-shippable-qr,True,False,,,102210fe594ee9b33d82058545b1ed14f4c8206e,browser-toolbox.close-process.DAMP,damp,True,damp browser-toolbox.close-process.DAMP opt e10s fission stylo webrender-sw,4768818,77,ms,firefox,,1754415867,2023-09-11 21:44:17,82.50355157515514,4a10a12f6006582e936c81baefda439d8f078729,1298874,,,,,,,,,,,,,,,,,,,,,,,,,,,,,,,,,,,,,,,,,,,,,,,,,,,,,,,,,,,,,TN,TN
autoland,4769114,12,1a03ada32d4ae63ebeeb4561891b61c1e6e17a68,windows10-64-shippable-qr,True,False,,,102210fe594ee9b33d82058545b1ed14f4c8206e,browser-toolbox.close-process.DAMP,damp,True,damp browser-toolbox.close-process.DAMP opt e10s fission stylo webrender-sw,4768818,77,ms,firefox,,1754402176,2023-09-11 22:07:56,75.40704776917119,12882fe96164b756c60fff4549300977b85af06f,1298881,,,,,,,,,,,,,,,,,,,,,,,,,,,,,,,,,,,,,,,,,,,,,,,,,,,,,,,,,,,,,TN,TN
autoland,4769114,12,1a03ada32d4ae63ebeeb4561891b61c1e6e17a68,windows10-64-shippable-qr,True,False,,,102210fe594ee9b33d82058545b1ed14f4c8206e,browser-toolbox.close-process.DAMP,damp,True,damp browser-toolbox.close-process.DAMP opt e10s fission stylo webrender-sw,4768818,77,ms,firefox,,1755704275,2023-09-11 22:49:14,75.97676883350505,b5d67cf8946d35abaca432dcaf04d403f1b5d455,1298894,,,,,,,,,,,,,,,,,,,,,,,,,,,,,,,,,,,,,,,,,,,,,,,,,,,,,,,,,,,,,TN,TN
autoland,4769114,12,1a03ada32d4ae63ebeeb4561891b61c1e6e17a68,windows10-64-shippable-qr,True,False,,,102210fe594ee9b33d82058545b1ed14f4c8206e,browser-toolbox.close-process.DAMP,damp,True,damp browser-toolbox.close-process.DAMP opt e10s fission stylo webrender-sw,4768818,77,ms,firefox,,1755714062,2023-09-11 23:45:40,72.97639645462914,cd564dee524a5dbf941aeaacd5b62da2e68b332a,1298908,,,,,,,,,,,,,,,,,,,,,,,,,,,,,,,,,,,,,,,,,,,,,,,,,,,,,,,,,,,,,TN,TN
autoland,4769114,12,1a03ada32d4ae63ebeeb4561891b61c1e6e17a68,windows10-64-shippable-qr,True,False,,,102210fe594ee9b33d82058545b1ed14f4c8206e,browser-toolbox.close-process.DAMP,damp,True,damp browser-toolbox.close-process.DAMP opt e10s fission stylo webrender-sw,4768818,77,ms,firefox,,1755705545,2023-09-11 23:53:10,77.15748082567006,fc8eaef017f97e24cc0a12ea7b4eb5eef61c8b51,1298909,,,,,,,,,,,,,,,,,,,,,,,,,,,,,,,,,,,,,,,,,,,,,,,,,,,,,,,,,,,,,TN,TN
autoland,4769114,12,1a03ada32d4ae63ebeeb4561891b61c1e6e17a68,windows10-64-shippable-qr,True,False,,,102210fe594ee9b33d82058545b1ed14f4c8206e,browser-toolbox.close-process.DAMP,damp,True,damp browser-toolbox.close-process.DAMP opt e10s fission stylo webrender-sw,4768818,77,ms,firefox,,1755705907,2023-09-12 00:02:03,74.18323130301724,e6b94dfe97cc295eff5227e4f87922b0d68287fe,1298914,,,,,,,,,,,,,,,,,,,,,,,,,,,,,,,,,,,,,,,,,,,,,,,,,,,,,,,,,,,,,TN,TN
autoland,4769114,12,1a03ada32d4ae63ebeeb4561891b61c1e6e17a68,windows10-64-shippable-qr,True,False,,,102210fe594ee9b33d82058545b1ed14f4c8206e,browser-toolbox.close-process.DAMP,damp,True,damp browser-toolbox.close-process.DAMP opt e10s fission stylo webrender-sw,4768818,77,ms,firefox,,1755705475,2023-09-12 01:17:01,76.10730296694965,d165459bd2e87d3d6c488c0ef284a90397b94988,1298949,,,,,,,,,,,,,,,,,,,,,,,,,,,,,,,,,,,,,,,,,,,,,,,,,,,,,,,,,,,,,TN,TN
autoland,4769114,12,1a03ada32d4ae63ebeeb4561891b61c1e6e17a68,windows10-64-shippable-qr,True,False,,,102210fe594ee9b33d82058545b1ed14f4c8206e,browser-toolbox.close-process.DAMP,damp,True,damp browser-toolbox.close-process.DAMP opt e10s fission stylo webrender-sw,4768818,77,ms,firefox,,1755712197,2023-09-12 01:20:11,76.90019445763028,0a8d8cd9ffb987883b6268a06ef6069ce927644c,1298951,,,,,,,,,,,,,,,,,,,,,,,,,,,,,,,,,,,,,,,,,,,,,,,,,,,,,,,,,,,,,TN,TN
autoland,4769114,12,1a03ada32d4ae63ebeeb4561891b61c1e6e17a68,windows10-64-shippable-qr,True,False,,,102210fe594ee9b33d82058545b1ed14f4c8206e,browser-toolbox.close-process.DAMP,damp,True,damp browser-toolbox.close-process.DAMP opt e10s fission stylo webrender-sw,4768818,77,ms,firefox,,1755712386,2023-09-12 01:37:03,76.07926168246195,824ceee16145018ba1a10db6cc8cb41fb91edd9f,1298960,,,,,,,,,,,,,,,,,,,,,,,,,,,,,,,,,,,,,,,,,,,,,,,,,,,,,,,,,,,,,TN,TN
autoland,4769114,12,1a03ada32d4ae63ebeeb4561891b61c1e6e17a68,windows10-64-shippable-qr,True,False,,,102210fe594ee9b33d82058545b1ed14f4c8206e,browser-toolbox.close-process.DAMP,damp,True,damp browser-toolbox.close-process.DAMP opt e10s fission stylo webrender-sw,4768818,77,ms,firefox,,1754553098,2023-09-12 02:35:45,71.55779045411327,cdcc536589320caec69ec36416058cd46b8d4178,1298976,,,,,,,,,,,,,,,,,,,,,,,,,,,,,,,,,,,,,,,,,,,,,,,,,,,,,,,,,,,,,TN,TN
autoland,4769114,12,1a03ada32d4ae63ebeeb4561891b61c1e6e17a68,windows10-64-shippable-qr,True,False,,,102210fe594ee9b33d82058545b1ed14f4c8206e,browser-toolbox.close-process.DAMP,damp,True,damp browser-toolbox.close-process.DAMP opt e10s fission stylo webrender-sw,4768818,77,ms,firefox,,1755810426,2023-09-12 03:59:59,77.7890531613375,6713cb9faf3295cbc53b30f6fa652eae1903927b,1298989,,,,,,,,,,,,,,,,,,,,,,,,,,,,,,,,,,,,,,,,,,,,,,,,,,,,,,,,,,,,,TN,TN
autoland,4769114,12,1a03ada32d4ae63ebeeb4561891b61c1e6e17a68,windows10-64-shippable-qr,True,False,,,102210fe594ee9b33d82058545b1ed14f4c8206e,browser-toolbox.close-process.DAMP,damp,True,damp browser-toolbox.close-process.DAMP opt e10s fission stylo webrender-sw,4768818,77,ms,firefox,,1755842003,2023-09-12 04:06:09,77.65993795233953,50b72ab948b2c5e1e23ef139e18f19c5af94b2ca,1298991,,,,,,,,,,,,,,,,,,,,,,,,,,,,,,,,,,,,,,,,,,,,,,,,,,,,,,,,,,,,,TN,TN
autoland,4769114,12,1a03ada32d4ae63ebeeb4561891b61c1e6e17a68,windows10-64-shippable-qr,True,False,,,102210fe594ee9b33d82058545b1ed14f4c8206e,browser-toolbox.close-process.DAMP,damp,True,damp browser-toolbox.close-process.DAMP opt e10s fission stylo webrender-sw,4768818,77,ms,firefox,,1755823092,2023-09-12 04:22:07,76.21692305381293,cd94efe91e74290e2acaf319c265ef75f27d776f,1298994,,,,,,,,,,,,,,,,,,,,,,,,,,,,,,,,,,,,,,,,,,,,,,,,,,,,,,,,,,,,,TN,TN
autoland,4769114,12,1a03ada32d4ae63ebeeb4561891b61c1e6e17a68,windows10-64-shippable-qr,True,False,,,102210fe594ee9b33d82058545b1ed14f4c8206e,browser-toolbox.close-process.DAMP,damp,True,damp browser-toolbox.close-process.DAMP opt e10s fission stylo webrender-sw,4768818,77,ms,firefox,,1755868399,2023-09-12 04:37:41,75.21237785370613,845f618bbdf67d863b7b0ce42918fa8b32d7b2a2,1298997,,,,,,,,,,,,,,,,,,,,,,,,,,,,,,,,,,,,,,,,,,,,,,,,,,,,,,,,,,,,,TN,TN
autoland,4769114,12,1a03ada32d4ae63ebeeb4561891b61c1e6e17a68,windows10-64-shippable-qr,True,False,,,102210fe594ee9b33d82058545b1ed14f4c8206e,browser-toolbox.close-process.DAMP,damp,True,damp browser-toolbox.close-process.DAMP opt e10s fission stylo webrender-sw,4768818,77,ms,firefox,,1755836783,2023-09-12 04:55:14,77.4150044851267,49d1bec5e4e0747362dcb88279564c7c1b08926a,1299003,,,,,,,,,,,,,,,,,,,,,,,,,,,,,,,,,,,,,,,,,,,,,,,,,,,,,,,,,,,,,TN,TN
autoland,4769114,12,1a03ada32d4ae63ebeeb4561891b61c1e6e17a68,windows10-64-shippable-qr,True,False,,,102210fe594ee9b33d82058545b1ed14f4c8206e,browser-toolbox.close-process.DAMP,damp,True,damp browser-toolbox.close-process.DAMP opt e10s fission stylo webrender-sw,4768818,77,ms,firefox,,1755838844,2023-09-12 05:41:47,74.75088669759862,67a7155a5bae808a70894e0200057a12fb049a5d,1299008,,,,,,,,,,,,,,,,,,,,,,,,,,,,,,,,,,,,,,,,,,,,,,,,,,,,,,,,,,,,,TN,TN
autoland,4769114,12,1a03ada32d4ae63ebeeb4561891b61c1e6e17a68,windows10-64-shippable-qr,True,False,,,102210fe594ee9b33d82058545b1ed14f4c8206e,browser-toolbox.close-process.DAMP,damp,True,damp browser-toolbox.close-process.DAMP opt e10s fission stylo webrender-sw,4768818,77,ms,firefox,,1755809000,2023-09-12 06:04:50,75.50155511437333,5751227a57cfdb7bfb135902b3eba113feb94190,1299012,,,,,,,,,,,,,,,,,,,,,,,,,,,,,,,,,,,,,,,,,,,,,,,,,,,,,,,,,,,,,TN,TN
autoland,4769114,12,1a03ada32d4ae63ebeeb4561891b61c1e6e17a68,windows10-64-shippable-qr,True,False,,,102210fe594ee9b33d82058545b1ed14f4c8206e,browser-toolbox.close-process.DAMP,damp,True,damp browser-toolbox.close-process.DAMP opt e10s fission stylo webrender-sw,4768818,77,ms,firefox,,1755819363,2023-09-12 07:30:15,76.38999348054494,3b9c805ccebbb0c6dbf7b0df4a4bface9c73b927,1299026,,,,,,,,,,,,,,,,,,,,,,,,,,,,,,,,,,,,,,,,,,,,,,,,,,,,,,,,,,,,,TN,TN
autoland,4769114,12,1a03ada32d4ae63ebeeb4561891b61c1e6e17a68,windows10-64-shippable-qr,True,False,,,102210fe594ee9b33d82058545b1ed14f4c8206e,browser-toolbox.close-process.DAMP,damp,True,damp browser-toolbox.close-process.DAMP opt e10s fission stylo webrender-sw,4768818,77,ms,firefox,,1754652057,2023-09-12 07:31:58,68.10466118846671,2e2360c55e7b421532f4d12b7a36a0e0f943a1e9,1299027,,,,,,,,,,,,,,,,,,,,,,,,,,,,,,,,,,,,,,,,,,,,,,,,,,,,,,,,,,,,,TN,TN
autoland,4769114,12,1a03ada32d4ae63ebeeb4561891b61c1e6e17a68,windows10-64-shippable-qr,True,False,,,102210fe594ee9b33d82058545b1ed14f4c8206e,browser-toolbox.close-process.DAMP,damp,True,damp browser-toolbox.close-process.DAMP opt e10s fission stylo webrender-sw,4768818,77,ms,firefox,,1754796784,2023-09-12 11:48:24,72.79017424381891,4cca882e069d67c3a9a9064ac603b0dca23a5b39,1299122,,,,,,,,,,,,,,,,,,,,,,,,,,,,,,,,,,,,,,,,,,,,,,,,,,,,,,,,,,,,,TN,TN
autoland,4769114,12,1a03ada32d4ae63ebeeb4561891b61c1e6e17a68,windows10-64-shippable-qr,True,False,,,102210fe594ee9b33d82058545b1ed14f4c8206e,browser-toolbox.close-process.DAMP,damp,True,damp browser-toolbox.close-process.DAMP opt e10s fission stylo webrender-sw,4768818,77,ms,firefox,,1754836292,2023-09-12 12:34:27,78.81826364504013,f302f4a5371614cb2d42fbbe4ddfdd068aae146d,1299141,,,,,,,,,,,,,,,,,,,,,,,,,,,,,,,,,,,,,,,,,,,,,,,,,,,,,,,,,,,,,TN,TN
autoland,4769114,12,1a03ada32d4ae63ebeeb4561891b61c1e6e17a68,windows10-64-shippable-qr,True,False,,,102210fe594ee9b33d82058545b1ed14f4c8206e,browser-toolbox.close-process.DAMP,damp,True,damp browser-toolbox.close-process.DAMP opt e10s fission stylo webrender-sw,4768818,77,ms,firefox,,1754985938,2023-09-12 16:35:29,69.03014686532697,1b3be6b61583c53c2cb899ffc91c921c022e8162,1299257,,,,,,,,,,,,,,,,,,,,,,,,,,,,,,,,,,,,,,,,,,,,,,,,,,,,,,,,,,,,,TN,TN
autoland,4769114,12,1a03ada32d4ae63ebeeb4561891b61c1e6e17a68,windows10-64-shippable-qr,True,False,,,102210fe594ee9b33d82058545b1ed14f4c8206e,browser-toolbox.close-process.DAMP,damp,True,damp browser-toolbox.close-process.DAMP opt e10s fission stylo webrender-sw,4768818,77,ms,firefox,,1755108366,2023-09-12 17:51:01,71.17410755886522,c77f534dc9b99192eca371e3917ffc5b504bd055,1299297,,,,,,,,,,,,,,,,,,,,,,,,,,,,,,,,,,,,,,,,,,,,,,,,,,,,,,,,,,,,,TN,TN
autoland,4769114,12,1a03ada32d4ae63ebeeb4561891b61c1e6e17a68,windows10-64-shippable-qr,True,False,,,102210fe594ee9b33d82058545b1ed14f4c8206e,browser-toolbox.close-process.DAMP,damp,True,damp browser-toolbox.close-process.DAMP opt e10s fission stylo webrender-sw,4768818,77,ms,firefox,,1755222728,2023-09-12 22:44:58,76.1531343429233,0339e9d43c22845d7589528bc8a08eee6b2d5c7a,1299446,,,,,,,,,,,,,,,,,,,,,,,,,,,,,,,,,,,,,,,,,,,,,,,,,,,,,,,,,,,,,TN,TN
autoland,4769114,12,1a03ada32d4ae63ebeeb4561891b61c1e6e17a68,windows10-64-shippable-qr,True,False,,,102210fe594ee9b33d82058545b1ed14f4c8206e,browser-toolbox.close-process.DAMP,damp,True,damp browser-toolbox.close-process.DAMP opt e10s fission stylo webrender-sw,4768818,77,ms,firefox,,1755211490,2023-09-12 23:09:22,69.38620447426001,d238756ba039d0430074dea8fa1db0c2b75b8184,1299456,,,,,,,,,,,,,,,,,,,,,,,,,,,,,,,,,,,,,,,,,,,,,,,,,,,,,,,,,,,,,TN,TN
autoland,4769114,12,1a03ada32d4ae63ebeeb4561891b61c1e6e17a68,windows10-64-shippable-qr,True,False,,,102210fe594ee9b33d82058545b1ed14f4c8206e,browser-toolbox.close-process.DAMP,damp,True,damp browser-toolbox.close-process.DAMP opt e10s fission stylo webrender-sw,4768818,77,ms,firefox,,1755233554,2023-09-13 03:21:32,76.29978902185394,daceab96e9588ecb729cc3648c7980f1d9928ef1,1299496,,,,,,,,,,,,,,,,,,,,,,,,,,,,,,,,,,,,,,,,,,,,,,,,,,,,,,,,,,,,,TN,TN
autoland,4769114,12,1a03ada32d4ae63ebeeb4561891b61c1e6e17a68,windows10-64-shippable-qr,True,False,,,102210fe594ee9b33d82058545b1ed14f4c8206e,browser-toolbox.close-process.DAMP,damp,True,damp browser-toolbox.close-process.DAMP opt e10s fission stylo webrender-sw,4768818,77,ms,firefox,,1755318430,2023-09-13 08:07:28,72.4049078330645,00a66a4ea7d34e12302bd63f68a950cbff5a9ffa,1299529,,,,,,,,,,,,,,,,,,,,,,,,,,,,,,,,,,,,,,,,,,,,,,,,,,,,,,,,,,,,,TN,TN
autoland,4769114,12,1a03ada32d4ae63ebeeb4561891b61c1e6e17a68,windows10-64-shippable-qr,True,False,,,102210fe594ee9b33d82058545b1ed14f4c8206e,browser-toolbox.close-process.DAMP,damp,True,damp browser-toolbox.close-process.DAMP opt e10s fission stylo webrender-sw,4768818,77,ms,firefox,,1755484494,2023-09-13 11:26:03,77.19074821721006,1a4b8c41b3c3efb7f5870fb99730fc6b08a44cc1,1299625,,,,,,,,,,,,,,,,,,,,,,,,,,,,,,,,,,,,,,,,,,,,,,,,,,,,,,,,,,,,,TN,TN
autoland,4769114,12,1a03ada32d4ae63ebeeb4561891b61c1e6e17a68,windows10-64-shippable-qr,True,False,,,102210fe594ee9b33d82058545b1ed14f4c8206e,browser-toolbox.close-process.DAMP,damp,True,damp browser-toolbox.close-process.DAMP opt e10s fission stylo webrender-sw,4768818,77,ms,firefox,,1755606921,2023-09-13 15:38:40,74.7211907330784,49a7e292daad5c6727d745e6910b8bde5c3f59a6,1299802,,,,,,,,,,,,,,,,,,,,,,,,,,,,,,,,,,,,,,,,,,,,,,,,,,,,,,,,,,,,,TN,TN
autoland,4769114,12,1a03ada32d4ae63ebeeb4561891b61c1e6e17a68,windows10-64-shippable-qr,True,False,,,102210fe594ee9b33d82058545b1ed14f4c8206e,browser-toolbox.close-process.DAMP,damp,True,damp browser-toolbox.close-process.DAMP opt e10s fission stylo webrender-sw,4768818,77,ms,firefox,,1755641227,2023-09-13 16:07:42,77.85741080367006,ce9c917d3e22a86f9e2a6fb5d5b68cd6d56fb687,1299823,,,,,,,,,,,,,,,,,,,,,,,,,,,,,,,,,,,,,,,,,,,,,,,,,,,,,,,,,,,,,TN,TN
autoland,4769114,12,1a03ada32d4ae63ebeeb4561891b61c1e6e17a68,windows10-64-shippable-qr,True,False,,,102210fe594ee9b33d82058545b1ed14f4c8206e,browser-toolbox.close-process.DAMP,damp,True,damp browser-toolbox.close-process.DAMP opt e10s fission stylo webrender-sw,4768818,77,ms,firefox,,1755907751,2023-09-13 20:42:18,71.58107441585162,ab101a976da356370e4d513e38e73a1fa55b1597,1300022,,,,,,,,,,,,,,,,,,,,,,,,,,,,,,,,,,,,,,,,,,,,,,,,,,,,,,,,,,,,,TN,TN
autoland,4769114,12,1a03ada32d4ae63ebeeb4561891b61c1e6e17a68,windows10-64-shippable-qr,True,False,,,102210fe594ee9b33d82058545b1ed14f4c8206e,browser-toolbox.close-process.DAMP,damp,True,damp browser-toolbox.close-process.DAMP opt e10s fission stylo webrender-sw,4768818,77,ms,firefox,,1755925304,2023-09-13 23:14:42,74.27502469543833,8f5a11c1eb0b7598d1415f6efa9c360191a423f8,1300119,,,,,,,,,,,,,,,,,,,,,,,,,,,,,,,,,,,,,,,,,,,,,,,,,,,,,,,,,,,,,TN,TN
autoland,4769114,12,1a03ada32d4ae63ebeeb4561891b61c1e6e17a68,windows10-64-shippable-qr,True,False,,,102210fe594ee9b33d82058545b1ed14f4c8206e,browser-toolbox.close-process.DAMP,damp,True,damp browser-toolbox.close-process.DAMP opt e10s fission stylo webrender-sw,4768818,77,ms,firefox,,1756146519,2023-09-14 04:10:41,75.40407872648211,c57de172952ed6dfa84943bd2175574e4c87e92b,1300187,,,,,,,,,,,,,,,,,,,,,,,,,,,,,,,,,,,,,,,,,,,,,,,,,,,,,,,,,,,,,TN,TN
autoland,4769114,12,1a03ada32d4ae63ebeeb4561891b61c1e6e17a68,windows10-64-shippable-qr,True,False,,,102210fe594ee9b33d82058545b1ed14f4c8206e,browser-toolbox.close-process.DAMP,damp,True,damp browser-toolbox.close-process.DAMP opt e10s fission stylo webrender-sw,4768818,77,ms,firefox,,1756276674,2023-09-14 09:30:23,75.13588459127641,69c7e9b937f817f1bee50511a690a35aa3b49793,1300302,,,,,,,,,,,,,,,,,,,,,,,,,,,,,,,,,,,,,,,,,,,,,,,,,,,,,,,,,,,,,TN,TN
autoland,4769114,12,1a03ada32d4ae63ebeeb4561891b61c1e6e17a68,windows10-64-shippable-qr,True,False,,,102210fe594ee9b33d82058545b1ed14f4c8206e,browser-toolbox.close-process.DAMP,damp,True,damp browser-toolbox.close-process.DAMP opt e10s fission stylo webrender-sw,4768818,77,ms,firefox,,1756492416,2023-09-14 15:44:34,75.75268330896506,3b93c8502571e31ff0926a4911fae422c3c2118c,1300523,,,,,,,,,,,,,,,,,,,,,,,,,,,,,,,,,,,,,,,,,,,,,,,,,,,,,,,,,,,,,TN,TN
autoland,4769114,12,1a03ada32d4ae63ebeeb4561891b61c1e6e17a68,windows10-64-shippable-qr,True,False,,,102210fe594ee9b33d82058545b1ed14f4c8206e,browser-toolbox.close-process.DAMP,damp,True,damp browser-toolbox.close-process.DAMP opt e10s fission stylo webrender-sw,4768818,77,ms,firefox,,1756588495,2023-09-14 16:38:11,76.7489972498879,98de7bc404c3786a5459a205dea174bdf39d3dbf,1300546,,,,,,,,,,,,,,,,,,,,,,,,,,,,,,,,,,,,,,,,,,,,,,,,,,,,,,,,,,,,,TN,TN
autoland,4769114,12,1a03ada32d4ae63ebeeb4561891b61c1e6e17a68,windows10-64-shippable-qr,True,False,,,102210fe594ee9b33d82058545b1ed14f4c8206e,browser-toolbox.close-process.DAMP,damp,True,damp browser-toolbox.close-process.DAMP opt e10s fission stylo webrender-sw,4768818,77,ms,firefox,,1756686270,2023-09-14 20:51:49,76.46616294978594,ecc245e6c1644825a53e0e4085347043a793a40f,1300732,,,,,,,,,,,,,,,,,,,,,,,,,,,,,,,,,,,,,,,,,,,,,,,,,,,,,,,,,,,,,TN,TN
autoland,4769114,12,1a03ada32d4ae63ebeeb4561891b61c1e6e17a68,windows10-64-shippable-qr,True,False,,,102210fe594ee9b33d82058545b1ed14f4c8206e,browser-toolbox.close-process.DAMP,damp,True,damp browser-toolbox.close-process.DAMP opt e10s fission stylo webrender-sw,4768818,77,ms,firefox,,1756817007,2023-09-15 00:53:43,72.41565748742869,cfbd0bd9bc623276a862481e44bd71e1d57e2eac,1300850,,,,,,,,,,,,,,,,,,,,,,,,,,,,,,,,,,,,,,,,,,,,,,,,,,,,,,,,,,,,,TN,TN
autoland,4769114,12,1a03ada32d4ae63ebeeb4561891b61c1e6e17a68,windows10-64-shippable-qr,True,False,,,102210fe594ee9b33d82058545b1ed14f4c8206e,browser-toolbox.close-process.DAMP,damp,True,damp browser-toolbox.close-process.DAMP opt e10s fission stylo webrender-sw,4768818,77,ms,firefox,,1756936633,2023-09-15 06:04:49,74.47397128980083,8f99acff4cbc8f25f158dc6ff079042f02768f05,1300927,,,,,,,,,,,,,,,,,,,,,,,,,,,,,,,,,,,,,,,,,,,,,,,,,,,,,,,,,,,,,TN,TN
autoland,4769114,12,1a03ada32d4ae63ebeeb4561891b61c1e6e17a68,windows10-64-shippable-qr,True,False,,,102210fe594ee9b33d82058545b1ed14f4c8206e,browser-toolbox.close-process.DAMP,damp,True,damp browser-toolbox.close-process.DAMP opt e10s fission stylo webrender-sw,4768818,77,ms,firefox,,1757009031,2023-09-15 06:59:31,74.66492177156033,0a032c6f1d5da0740059f67c499e0e9f7ab88650,1300939,,,,,,,,,,,,,,,,,,,,,,,,,,,,,,,,,,,,,,,,,,,,,,,,,,,,,,,,,,,,,TN,TN
autoland,4769114,12,1a03ada32d4ae63ebeeb4561891b61c1e6e17a68,windows10-64-shippable-qr,True,False,,,102210fe594ee9b33d82058545b1ed14f4c8206e,browser-toolbox.close-process.DAMP,damp,True,damp browser-toolbox.close-process.DAMP opt e10s fission stylo webrender-sw,4768818,77,ms,firefox,,1757115192,2023-09-15 11:50:44,75.28239345539623,29c4aff31f1dc95ad970b23a77b763265f1632c0,1301039,,,,,,,,,,,,,,,,,,,,,,,,,,,,,,,,,,,,,,,,,,,,,,,,,,,,,,,,,,,,,TN,TN
autoland,4769114,12,1a03ada32d4ae63ebeeb4561891b61c1e6e17a68,windows10-64-shippable-qr,True,False,,,102210fe594ee9b33d82058545b1ed14f4c8206e,browser-toolbox.close-process.DAMP,damp,True,damp browser-toolbox.close-process.DAMP opt e10s fission stylo webrender-sw,4768818,77,ms,firefox,,1757201605,2023-09-15 14:51:55,70.05592076406901,079079610ac2a41dba72a91cbe2867519e2bc5bd,1301175,,,,,,,,,,,,,,,,,,,,,,,,,,,,,,,,,,,,,,,,,,,,,,,,,,,,,,,,,,,,,TN,TN
autoland,4769114,12,1a03ada32d4ae63ebeeb4561891b61c1e6e17a68,windows10-64-shippable-qr,True,False,,,102210fe594ee9b33d82058545b1ed14f4c8206e,browser-toolbox.close-process.DAMP,damp,True,damp browser-toolbox.close-process.DAMP opt e10s fission stylo webrender-sw,4768818,77,ms,firefox,,1757333622,2023-09-15 17:51:06,70.94921744201201,fec6b3b46bc6439ac98e03aa73938deaf6323f5c,1301318,,,,,,,,,,,,,,,,,,,,,,,,,,,,,,,,,,,,,,,,,,,,,,,,,,,,,,,,,,,,,TN,TN
autoland,4769114,12,1a03ada32d4ae63ebeeb4561891b61c1e6e17a68,windows10-64-shippable-qr,True,False,,,102210fe594ee9b33d82058545b1ed14f4c8206e,browser-toolbox.close-process.DAMP,damp,True,damp browser-toolbox.close-process.DAMP opt e10s fission stylo webrender-sw,4768818,77,ms,firefox,,1757351761,2023-09-15 20:04:54,69.64739565945638,99357ab2bb639918d2ea0e8f391494df18c24cb9,1301421,,,,,,,,,,,,,,,,,,,,,,,,,,,,,,,,,,,,,,,,,,,,,,,,,,,,,,,,,,,,,TN,TN
autoland,4769114,12,1a03ada32d4ae63ebeeb4561891b61c1e6e17a68,windows10-64-shippable-qr,True,False,,,102210fe594ee9b33d82058545b1ed14f4c8206e,browser-toolbox.close-process.DAMP,damp,True,damp browser-toolbox.close-process.DAMP opt e10s fission stylo webrender-sw,4768818,77,ms,firefox,,1757500495,2023-09-16 00:25:52,76.42764446427464,aa4e3903740dfa0ed175c6ff18e57b8fbe82afd7,1301531,,,,,,,,,,,,,,,,,,,,,,,,,,,,,,,,,,,,,,,,,,,,,,,,,,,,,,,,,,,,,TN,TN
autoland,4769114,12,1a03ada32d4ae63ebeeb4561891b61c1e6e17a68,windows10-64-shippable-qr,True,False,,,102210fe594ee9b33d82058545b1ed14f4c8206e,browser-toolbox.close-process.DAMP,damp,True,damp browser-toolbox.close-process.DAMP opt e10s fission stylo webrender-sw,4768818,77,ms,firefox,,1757489035,2023-09-16 00:35:43,76.76492162485374,69d0f600b52641dd114b02da128a162f86f09395,1301538,,,,,,,,,,,,,,,,,,,,,,,,,,,,,,,,,,,,,,,,,,,,,,,,,,,,,,,,,,,,,TN,TN
autoland,4769114,12,1a03ada32d4ae63ebeeb4561891b61c1e6e17a68,windows10-64-shippable-qr,True,False,,,102210fe594ee9b33d82058545b1ed14f4c8206e,browser-toolbox.close-process.DAMP,damp,True,damp browser-toolbox.close-process.DAMP opt e10s fission stylo webrender-sw,4768818,77,ms,firefox,,1757568709,2023-09-16 05:54:34,68.81554241119738,7fcd45f7f407a0c756c8b8292b1df8d8162cdce6,1301559,,,,,,,,,,,,,,,,,,,,,,,,,,,,,,,,,,,,,,,,,,,,,,,,,,,,,,,,,,,,,TN,TN
autoland,4769114,12,1a03ada32d4ae63ebeeb4561891b61c1e6e17a68,windows10-64-shippable-qr,True,False,,,102210fe594ee9b33d82058545b1ed14f4c8206e,browser-toolbox.close-process.DAMP,damp,True,damp browser-toolbox.close-process.DAMP opt e10s fission stylo webrender-sw,4768818,77,ms,firefox,,1757651638,2023-09-16 12:53:39,69.77000979627701,745d8130d1ac2d3e0ae51f2f22896853f0d34479,1301583,,,,,,,,,,,,,,,,,,,,,,,,,,,,,,,,,,,,,,,,,,,,,,,,,,,,,,,,,,,,,TN,TN
autoland,4769114,12,1a03ada32d4ae63ebeeb4561891b61c1e6e17a68,windows10-64-shippable-qr,True,False,,,102210fe594ee9b33d82058545b1ed14f4c8206e,browser-toolbox.close-process.DAMP,damp,True,damp browser-toolbox.close-process.DAMP opt e10s fission stylo webrender-sw,4768818,77,ms,firefox,,1757694497,2023-09-16 18:13:35,74.498521856749,a7bddb715bd51687e4f52876beeb747f6a19cb0d,1301606,,,,,,,,,,,,,,,,,,,,,,,,,,,,,,,,,,,,,,,,,,,,,,,,,,,,,,,,,,,,,TN,TN
autoland,4769114,12,1a03ada32d4ae63ebeeb4561891b61c1e6e17a68,windows10-64-shippable-qr,True,False,,,102210fe594ee9b33d82058545b1ed14f4c8206e,browser-toolbox.close-process.DAMP,damp,True,damp browser-toolbox.close-process.DAMP opt e10s fission stylo webrender-sw,4768818,77,ms,firefox,,1757801421,2023-09-17 06:44:56,70.12604409546475,d1558269e35b364c189cb76982dfc3fdd465224b,1301647,,,,,,,,,,,,,,,,,,,,,,,,,,,,,,,,,,,,,,,,,,,,,,,,,,,,,,,,,,,,,TN,TN
autoland,4769114,12,1a03ada32d4ae63ebeeb4561891b61c1e6e17a68,windows10-64-shippable-qr,True,False,,,102210fe594ee9b33d82058545b1ed14f4c8206e,browser-toolbox.close-process.DAMP,damp,True,damp browser-toolbox.close-process.DAMP opt e10s fission stylo webrender-sw,4768818,77,ms,firefox,,1757867408,2023-09-17 09:36:28,75.26986689694968,16afd66ac7be7ee4ffc61599d0241c28d47c74c7,1301654,,,,,,,,,,,,,,,,,,,,,,,,,,,,,,,,,,,,,,,,,,,,,,,,,,,,,,,,,,,,,TN,TN
autoland,4769114,12,1a03ada32d4ae63ebeeb4561891b61c1e6e17a68,windows10-64-shippable-qr,True,False,,,102210fe594ee9b33d82058545b1ed14f4c8206e,browser-toolbox.close-process.DAMP,damp,True,damp browser-toolbox.close-process.DAMP opt e10s fission stylo webrender-sw,4768818,77,ms,firefox,,1757920078,2023-09-17 14:36:55,69.91022246071225,17a576f280a8e27d78d7247f1f451ca46a64d0f4,1301663,,,,,,,,,,,,,,,,,,,,,,,,,,,,,,,,,,,,,,,,,,,,,,,,,,,,,,,,,,,,,TN,TN
autoland,4769114,12,1a03ada32d4ae63ebeeb4561891b61c1e6e17a68,windows10-64-shippable-qr,True,False,,,102210fe594ee9b33d82058545b1ed14f4c8206e,browser-toolbox.close-process.DAMP,damp,True,damp browser-toolbox.close-process.DAMP opt e10s fission stylo webrender-sw,4768818,77,ms,firefox,,1758026564,2023-09-17 22:46:46,76.13506967294961,4333e71e3754938bc5beee5baabbfd6657869bc6,1301700,,,,,,,,,,,,,,,,,,,,,,,,,,,,,,,,,,,,,,,,,,,,,,,,,,,,,,,,,,,,,TN,TN
autoland,4769114,12,1a03ada32d4ae63ebeeb4561891b61c1e6e17a68,windows10-64-shippable-qr,True,False,,,102210fe594ee9b33d82058545b1ed14f4c8206e,browser-toolbox.close-process.DAMP,damp,True,damp browser-toolbox.close-process.DAMP opt e10s fission stylo webrender-sw,4768818,77,ms,firefox,,1758079252,2023-09-18 03:57:39,76.7256024278322,d395f485b3a2b96c9d6f47f5167308b763c1891b,1301730,,,,,,,,,,,,,,,,,,,,,,,,,,,,,,,,,,,,,,,,,,,,,,,,,,,,,,,,,,,,,TN,TN
autoland,4769114,12,1a03ada32d4ae63ebeeb4561891b61c1e6e17a68,windows10-64-shippable-qr,True,False,,,102210fe594ee9b33d82058545b1ed14f4c8206e,browser-toolbox.close-process.DAMP,damp,True,damp browser-toolbox.close-process.DAMP opt e10s fission stylo webrender-sw,4768818,77,ms,firefox,,1758280209,2023-09-18 09:50:33,76.69868944954214,11fb2a6e434951fbef0791563a159cbbdd42f4c8,1301818,,,,,,,,,,,,,,,,,,,,,,,,,,,,,,,,,,,,,,,,,,,,,,,,,,,,,,,,,,,,,TN,TN
autoland,4769114,12,1a03ada32d4ae63ebeeb4561891b61c1e6e17a68,windows10-64-shippable-qr,True,False,,,102210fe594ee9b33d82058545b1ed14f4c8206e,browser-toolbox.close-process.DAMP,damp,True,damp browser-toolbox.close-process.DAMP opt e10s fission stylo webrender-sw,4768818,77,ms,firefox,,1758379969,2023-09-18 14:45:06,74.20307268002216,7a51e2aa7d09aac78f5c93c25c65e83cb1272b7d,1301994,,,,,,,,,,,,,,,,,,,,,,,,,,,,,,,,,,,,,,,,,,,,,,,,,,,,,,,,,,,,,TN,TN
autoland,4769114,12,1a03ada32d4ae63ebeeb4561891b61c1e6e17a68,windows10-64-shippable-qr,True,False,,,102210fe594ee9b33d82058545b1ed14f4c8206e,browser-toolbox.close-process.DAMP,damp,True,damp browser-toolbox.close-process.DAMP opt e10s fission stylo webrender-sw,4768818,77,ms,firefox,,1758611905,2023-09-18 21:05:31,75.85463849572989,44aa0c56427a5e659c7bec91e3b608472cb6f763,1302247,,,,,,,,,,,,,,,,,,,,,,,,,,,,,,,,,,,,,,,,,,,,,,,,,,,,,,,,,,,,,TN,TN
autoland,4769114,12,1a03ada32d4ae63ebeeb4561891b61c1e6e17a68,windows10-64-shippable-qr,True,False,,,102210fe594ee9b33d82058545b1ed14f4c8206e,browser-toolbox.close-process.DAMP,damp,True,damp browser-toolbox.close-process.DAMP opt e10s fission stylo webrender-sw,4768818,77,ms,firefox,,1758630486,2023-09-18 22:22:31,75.80053719012358,3a523925f8ff99d5984169d7fbae7e4d1fc1cd18,1302316,,,,,,,,,,,,,,,,,,,,,,,,,,,,,,,,,,,,,,,,,,,,,,,,,,,,,,,,,,,,,TN,TN
autoland,4769114,12,1a03ada32d4ae63ebeeb4561891b61c1e6e17a68,windows10-64-shippable-qr,True,False,,,102210fe594ee9b33d82058545b1ed14f4c8206e,browser-toolbox.close-process.DAMP,damp,True,damp browser-toolbox.close-process.DAMP opt e10s fission stylo webrender-sw,4768818,77,ms,firefox,,1758685796,2023-09-19 00:36:20,76.93422275593912,b0769fdf63e5e9d7ac3ef647f895b15971a8dc99,1302387,,,,,,,,,,,,,,,,,,,,,,,,,,,,,,,,,,,,,,,,,,,,,,,,,,,,,,,,,,,,,TN,TN
autoland,4769114,12,1a03ada32d4ae63ebeeb4561891b61c1e6e17a68,windows10-64-shippable-qr,True,False,,,102210fe594ee9b33d82058545b1ed14f4c8206e,browser-toolbox.close-process.DAMP,damp,True,damp browser-toolbox.close-process.DAMP opt e10s fission stylo webrender-sw,4768818,77,ms,firefox,,1760454640,2023-09-19 00:46:19,74.19314869725349,68879cdd20f529d1de0476c9937daf810e167be5,1302398,,,,,,,,,,,,,,,,,,,,,,,,,,,,,,,,,,,,,,,,,,,,,,,,,,,,,,,,,,,,,TN,TN
autoland,4769114,12,1a03ada32d4ae63ebeeb4561891b61c1e6e17a68,windows10-64-shippable-qr,True,False,,,102210fe594ee9b33d82058545b1ed14f4c8206e,browser-toolbox.close-process.DAMP,damp,True,damp browser-toolbox.close-process.DAMP opt e10s fission stylo webrender-sw,4768818,77,ms,firefox,,1760155036,2023-09-19 00:47:17,74.02517477171205,1a598817e7404f58d3f58842e0dae2e9e35fe3b4,1302400,,,,,,,,,,,,,,,,,,,,,,,,,,,,,,,,,,,,,,,,,,,,,,,,,,,,,,,,,,,,,TN,TN
autoland,4769114,12,1a03ada32d4ae63ebeeb4561891b61c1e6e17a68,windows10-64-shippable-qr,True,False,,,102210fe594ee9b33d82058545b1ed14f4c8206e,browser-toolbox.close-process.DAMP,damp,True,damp browser-toolbox.close-process.DAMP opt e10s fission stylo webrender-sw,4768818,77,ms,firefox,,1760154960,2023-09-19 00:48:17,74.49654281183393,b9b124bb96581d1c7c65323dbb77dff07306b4ef,1302401,,,,,,,,,,,,,,,,,,,,,,,,,,,,,,,,,,,,,,,,,,,,,,,,,,,,,,,,,,,,,TN,TN
autoland,4769114,12,1a03ada32d4ae63ebeeb4561891b61c1e6e17a68,windows10-64-shippable-qr,True,False,,,102210fe594ee9b33d82058545b1ed14f4c8206e,browser-toolbox.close-process.DAMP,damp,True,damp browser-toolbox.close-process.DAMP opt e10s fission stylo webrender-sw,4768818,77,ms,firefox,,1760154828,2023-09-19 00:48:17,75.5298440138431,b9b124bb96581d1c7c65323dbb77dff07306b4ef,1302401,,,,,,,,,,,,,,,,,,,,,,,,,,,,,,,,,,,,,,,,,,,,,,,,,,,,,,,,,,,,,TN,TN
autoland,4769114,12,1a03ada32d4ae63ebeeb4561891b61c1e6e17a68,windows10-64-shippable-qr,True,False,,,102210fe594ee9b33d82058545b1ed14f4c8206e,browser-toolbox.close-process.DAMP,damp,True,damp browser-toolbox.close-process.DAMP opt e10s fission stylo webrender-sw,4768818,77,ms,firefox,,1760155193,2023-09-19 00:49:25,75.7454635938775,8afba65ff47f5326dfc350d20c65e05a4314b907,1302402,,,,,,,,,,,,,,,,,,,,,,,,,,,,,,,,,,,,,,,,,,,,,,,,,,,,,,,,,,,,,TN,TN
autoland,4769114,12,1a03ada32d4ae63ebeeb4561891b61c1e6e17a68,windows10-64-shippable-qr,True,False,,,102210fe594ee9b33d82058545b1ed14f4c8206e,browser-toolbox.close-process.DAMP,damp,True,damp browser-toolbox.close-process.DAMP opt e10s fission stylo webrender-sw,4768818,77,ms,firefox,,1760154567,2023-09-19 00:49:25,77.00049390909408,8afba65ff47f5326dfc350d20c65e05a4314b907,1302402,,,,,,,,,,,,,,,,,,,,,,,,,,,,,,,,,,,,,,,,,,,,,,,,,,,,,,,,,,,,,TN,TN
autoland,4769114,12,1a03ada32d4ae63ebeeb4561891b61c1e6e17a68,windows10-64-shippable-qr,True,False,,,102210fe594ee9b33d82058545b1ed14f4c8206e,browser-toolbox.close-process.DAMP,damp,True,damp browser-toolbox.close-process.DAMP opt e10s fission stylo webrender-sw,4768818,77,ms,firefox,,1760155092,2023-09-19 01:33:43,76.48035438597435,3a6ac6e5c1c8b0fbffb5bd2b096334ff7d11e8c8,1302423,,,,,,,,,,,,,,,,,,,,,,,,,,,,,,,,,,,,,,,,,,,,,,,,,,,,,,,,,,,,,TN,TN
autoland,4769114,12,1a03ada32d4ae63ebeeb4561891b61c1e6e17a68,windows10-64-shippable-qr,True,False,,,102210fe594ee9b33d82058545b1ed14f4c8206e,browser-toolbox.close-process.DAMP,damp,True,damp browser-toolbox.close-process.DAMP opt e10s fission stylo webrender-sw,4768818,77,ms,firefox,,1760155557,2023-09-19 01:33:43,76.74496635132164,3a6ac6e5c1c8b0fbffb5bd2b096334ff7d11e8c8,1302423,,,,,,,,,,,,,,,,,,,,,,,,,,,,,,,,,,,,,,,,,,,,,,,,,,,,,,,,,,,,,TN,TN
autoland,4769114,12,1a03ada32d4ae63ebeeb4561891b61c1e6e17a68,windows10-64-shippable-qr,True,False,,,102210fe594ee9b33d82058545b1ed14f4c8206e,browser-toolbox.close-process.DAMP,damp,True,damp browser-toolbox.close-process.DAMP opt e10s fission stylo webrender-sw,4768818,77,ms,firefox,,1760155256,2023-09-19 02:15:14,76.31584606305114,0f35d640b627e041ac2b7f8d228c8ce24bb08e09,1302434,,,,,,,,,,,,,,,,,,,,,,,,,,,,,,,,,,,,,,,,,,,,,,,,,,,,,,,,,,,,,TN,TN
autoland,4769114,12,1a03ada32d4ae63ebeeb4561891b61c1e6e17a68,windows10-64-shippable-qr,True,False,,,102210fe594ee9b33d82058545b1ed14f4c8206e,browser-toolbox.close-process.DAMP,damp,True,damp browser-toolbox.close-process.DAMP opt e10s fission stylo webrender-sw,4768818,77,ms,firefox,,1760155418,2023-09-19 02:15:14,75.50653021977269,0f35d640b627e041ac2b7f8d228c8ce24bb08e09,1302434,,,,,,,,,,,,,,,,,,,,,,,,,,,,,,,,,,,,,,,,,,,,,,,,,,,,,,,,,,,,,TN,TN
autoland,4769114,12,1a03ada32d4ae63ebeeb4561891b61c1e6e17a68,windows10-64-shippable-qr,True,False,,,102210fe594ee9b33d82058545b1ed14f4c8206e,browser-toolbox.close-process.DAMP,damp,True,damp browser-toolbox.close-process.DAMP opt e10s fission stylo webrender-sw,4768818,77,ms,firefox,,1760155615,2023-09-19 02:41:07,77.13534683555918,57113b6fdb8eca9f43523672ee427ee017eb4a23,1302440,,,,,,,,,,,,,,,,,,,,,,,,,,,,,,,,,,,,,,,,,,,,,,,,,,,,,,,,,,,,,TN,TN
autoland,4769114,12,1a03ada32d4ae63ebeeb4561891b61c1e6e17a68,windows10-64-shippable-qr,True,False,,,102210fe594ee9b33d82058545b1ed14f4c8206e,browser-toolbox.close-process.DAMP,damp,True,damp browser-toolbox.close-process.DAMP opt e10s fission stylo webrender-sw,4768818,77,ms,firefox,,1760155797,2023-09-19 02:41:07,75.57579510172945,57113b6fdb8eca9f43523672ee427ee017eb4a23,1302440,,,,,,,,,,,,,,,,,,,,,,,,,,,,,,,,,,,,,,,,,,,,,,,,,,,,,,,,,,,,,TN,TN
autoland,4769114,12,1a03ada32d4ae63ebeeb4561891b61c1e6e17a68,windows10-64-shippable-qr,True,False,,,102210fe594ee9b33d82058545b1ed14f4c8206e,browser-toolbox.close-process.DAMP,damp,True,damp browser-toolbox.close-process.DAMP opt e10s fission stylo webrender-sw,4768818,77,ms,firefox,,1760155852,2023-09-19 02:42:56,79.05389145931986,ddccd40117a0460962900d5675392843419af21e,1302441,,,,,,,,,,,,,,,,,,,,,,,,,,,,,,,,,,,,,,,,,,,,,,,,,,,,,,,,,,,,,TN,TN
autoland,4769114,12,1a03ada32d4ae63ebeeb4561891b61c1e6e17a68,windows10-64-shippable-qr,True,False,,,102210fe594ee9b33d82058545b1ed14f4c8206e,browser-toolbox.close-process.DAMP,damp,True,damp browser-toolbox.close-process.DAMP opt e10s fission stylo webrender-sw,4768818,77,ms,firefox,,1760155690,2023-09-19 02:42:56,77.26329406863078,ddccd40117a0460962900d5675392843419af21e,1302441,,,,,,,,,,,,,,,,,,,,,,,,,,,,,,,,,,,,,,,,,,,,,,,,,,,,,,,,,,,,,TN,TN
autoland,4769114,12,1a03ada32d4ae63ebeeb4561891b61c1e6e17a68,windows10-64-shippable-qr,True,False,,,102210fe594ee9b33d82058545b1ed14f4c8206e,browser-toolbox.close-process.DAMP,damp,True,damp browser-toolbox.close-process.DAMP opt e10s fission stylo webrender-sw,4768818,77,ms,firefox,,1760155744,2023-09-19 02:59:54,75.74768226093147,fa1fb7fefbb023b14a7fefd88fde7765e4bdb488,1302445,,,,,,,,,,,,,,,,,,,,,,,,,,,,,,,,,,,,,,,,,,,,,,,,,,,,,,,,,,,,,TN,TN
autoland,4769114,12,1a03ada32d4ae63ebeeb4561891b61c1e6e17a68,windows10-64-shippable-qr,True,False,,,102210fe594ee9b33d82058545b1ed14f4c8206e,browser-toolbox.close-process.DAMP,damp,True,damp browser-toolbox.close-process.DAMP opt e10s fission stylo webrender-sw,4768818,77,ms,firefox,,1760155982,2023-09-19 02:59:54,76.53109463987494,fa1fb7fefbb023b14a7fefd88fde7765e4bdb488,1302445,,,,,,,,,,,,,,,,,,,,,,,,,,,,,,,,,,,,,,,,,,,,,,,,,,,,,,,,,,,,,TN,TN
autoland,4769114,12,1a03ada32d4ae63ebeeb4561891b61c1e6e17a68,windows10-64-shippable-qr,True,False,,,102210fe594ee9b33d82058545b1ed14f4c8206e,browser-toolbox.close-process.DAMP,damp,True,damp browser-toolbox.close-process.DAMP opt e10s fission stylo webrender-sw,4768818,77,ms,firefox,,1760155907,2023-09-19 04:34:58,75.788078529833,cc547cd2d8669f3a4779dc73c0631f3db9a2bf15,1302460,,,,,,,,,,,,,,,,,,,,,,,,,,,,,,,,,,,,,,,,,,,,,,,,,,,,,,,,,,,,,TN,TN
autoland,4769114,12,1a03ada32d4ae63ebeeb4561891b61c1e6e17a68,windows10-64-shippable-qr,True,False,,,102210fe594ee9b33d82058545b1ed14f4c8206e,browser-toolbox.close-process.DAMP,damp,True,damp browser-toolbox.close-process.DAMP opt e10s fission stylo webrender-sw,4768818,77,ms,firefox,,1758741875,2023-09-19 04:53:23,77.18930384030682,6589c0d4d3d3aaed578f6d60cc1831f6cdf79b7c,1302461,,,,,,,,,,,,,,,,,,,,,,,,,,,,,,,,,,,,,,,,,,,,,,,,,,,,,,,,,,,,,TN,TN
autoland,4769114,12,1a03ada32d4ae63ebeeb4561891b61c1e6e17a68,windows10-64-shippable-qr,True,False,,,102210fe594ee9b33d82058545b1ed14f4c8206e,browser-toolbox.close-process.DAMP,damp,True,damp browser-toolbox.close-process.DAMP opt e10s fission stylo webrender-sw,4768818,77,ms,firefox,,1758851368,2023-09-19 06:42:05,71.19534311869211,0a60f8be5517ddc928471d4a378b46228773fbc5,1302480,70.36,mozilla-ldap/jdescottes@mozilla.com,6589c0d4d3d3aaed578f6d60cc1831f6cdf79b7c,39622.0,7.65,,76.19,2023-09-25 08:19:28.488515,False,12.0,12.0,,,,1302461.0,2.0,1302480.0,2.0,,1a03ada32d4ae63ebeeb4561891b61c1e6e17a68,,windows10-64-shippable-qr,,autoland,2023-09-27 20:33:38.860537,,1.0,-5.83,181070.0,ms,,,39622.0,102210fe594ee9b33d82058545b1ed14f4c8206e,,False,False,jdescottes@mozilla.com,,,,2023-09-20 20:33:38.860537,,,browser-toolbox.close-process.DAMP,SKEWED,True,0a60f8be5517ddc928471d4a378b46228773fbc5,39623.0,,,,False,,7.77,damp,"e10s, fission, stylo, webrender-sw",,,2023-09-25 20:33:38.860537,TP,TP
autoland,4769114,12,1a03ada32d4ae63ebeeb4561891b61c1e6e17a68,windows10-64-shippable-qr,True,False,,,102210fe594ee9b33d82058545b1ed14f4c8206e,browser-toolbox.close-process.DAMP,damp,True,damp browser-toolbox.close-process.DAMP opt e10s fission stylo webrender-sw,4768818,77,ms,firefox,,1760454838,2023-09-19 07:03:38,76.2508337070758,5f6b9d6c60f924d24298e8e3d47519309a6d3469,1302489,,,,,,,,,,,,,,,,,,,,,,,,,,,,,,,,,,,,,,,,,,,,,,,,,,,,,,,,,,,,,TN,TN
autoland,4769114,12,1a03ada32d4ae63ebeeb4561891b61c1e6e17a68,windows10-64-shippable-qr,True,False,,,102210fe594ee9b33d82058545b1ed14f4c8206e,browser-toolbox.close-process.DAMP,damp,True,damp browser-toolbox.close-process.DAMP opt e10s fission stylo webrender-sw,4768818,77,ms,firefox,,1760455365,2023-09-19 07:03:38,75.24538449146348,5f6b9d6c60f924d24298e8e3d47519309a6d3469,1302489,,,,,,,,,,,,,,,,,,,,,,,,,,,,,,,,,,,,,,,,,,,,,,,,,,,,,,,,,,,,,TN,TN
autoland,4769114,12,1a03ada32d4ae63ebeeb4561891b61c1e6e17a68,windows10-64-shippable-qr,True,False,,,102210fe594ee9b33d82058545b1ed14f4c8206e,browser-toolbox.close-process.DAMP,damp,True,damp browser-toolbox.close-process.DAMP opt e10s fission stylo webrender-sw,4768818,77,ms,firefox,,1760460691,2023-09-19 07:06:49,75.8599550532308,8c2fb33f6a5babb7b98f3021b67247e0488c6849,1302490,,,,,,,,,,,,,,,,,,,,,,,,,,,,,,,,,,,,,,,,,,,,,,,,,,,,,,,,,,,,,TN,TN
autoland,4769114,12,1a03ada32d4ae63ebeeb4561891b61c1e6e17a68,windows10-64-shippable-qr,True,False,,,102210fe594ee9b33d82058545b1ed14f4c8206e,browser-toolbox.close-process.DAMP,damp,True,damp browser-toolbox.close-process.DAMP opt e10s fission stylo webrender-sw,4768818,77,ms,firefox,,1760457854,2023-09-19 07:47:36,74.11118461158185,546d9275a55e5a9247f44d1c469016639a34a979,1302500,,,,,,,,,,,,,,,,,,,,,,,,,,,,,,,,,,,,,,,,,,,,,,,,,,,,,,,,,,,,,TN,TN
autoland,4769114,12,1a03ada32d4ae63ebeeb4561891b61c1e6e17a68,windows10-64-shippable-qr,True,False,,,102210fe594ee9b33d82058545b1ed14f4c8206e,browser-toolbox.close-process.DAMP,damp,True,damp browser-toolbox.close-process.DAMP opt e10s fission stylo webrender-sw,4768818,77,ms,firefox,,1760461275,2023-09-19 08:13:52,75.16997549567895,a552ec363a4e2dcc86f67a7ae0b5ec3f5687c82f,1302512,,,,,,,,,,,,,,,,,,,,,,,,,,,,,,,,,,,,,,,,,,,,,,,,,,,,,,,,,,,,,TN,TN
autoland,4769114,12,1a03ada32d4ae63ebeeb4561891b61c1e6e17a68,windows10-64-shippable-qr,True,False,,,102210fe594ee9b33d82058545b1ed14f4c8206e,browser-toolbox.close-process.DAMP,damp,True,damp browser-toolbox.close-process.DAMP opt e10s fission stylo webrender-sw,4768818,77,ms,firefox,,1760454219,2023-09-19 08:21:11,77.37257346175465,5e63644042aefbc5a68544d16ef276ab362ece75,1302516,,,,,,,,,,,,,,,,,,,,,,,,,,,,,,,,,,,,,,,,,,,,,,,,,,,,,,,,,,,,,TN,TN
autoland,4769114,12,1a03ada32d4ae63ebeeb4561891b61c1e6e17a68,windows10-64-shippable-qr,True,False,,,102210fe594ee9b33d82058545b1ed14f4c8206e,browser-toolbox.close-process.DAMP,damp,True,damp browser-toolbox.close-process.DAMP opt e10s fission stylo webrender-sw,4768818,77,ms,firefox,,1760454795,2023-09-19 08:31:31,76.09842829572153,54de6380646f529430691fb0c9d8149dc479eb02,1302523,,,,,,,,,,,,,,,,,,,,,,,,,,,,,,,,,,,,,,,,,,,,,,,,,,,,,,,,,,,,,TN,TN
autoland,4769114,12,1a03ada32d4ae63ebeeb4561891b61c1e6e17a68,windows10-64-shippable-qr,True,False,,,102210fe594ee9b33d82058545b1ed14f4c8206e,browser-toolbox.close-process.DAMP,damp,True,damp browser-toolbox.close-process.DAMP opt e10s fission stylo webrender-sw,4768818,77,ms,firefox,,1760434033,2023-09-19 08:32:46,76.02281194650641,36309222de51e74e059e45e1be54558f50d33410,1302525,,,,,,,,,,,,,,,,,,,,,,,,,,,,,,,,,,,,,,,,,,,,,,,,,,,,,,,,,,,,,TN,TN
autoland,4769114,12,1a03ada32d4ae63ebeeb4561891b61c1e6e17a68,windows10-64-shippable-qr,True,False,,,102210fe594ee9b33d82058545b1ed14f4c8206e,browser-toolbox.close-process.DAMP,damp,True,damp browser-toolbox.close-process.DAMP opt e10s fission stylo webrender-sw,4768818,77,ms,firefox,,1760224188,2023-09-19 08:38:25,75.68102908025685,ed783efaebeff5df8bd1a9128ed525c50d9dc767,1302530,,,,,,,,,,,,,,,,,,,,,,,,,,,,,,,,,,,,,,,,,,,,,,,,,,,,,,,,,,,,,TN,TN
autoland,4769114,12,1a03ada32d4ae63ebeeb4561891b61c1e6e17a68,windows10-64-shippable-qr,True,False,,,102210fe594ee9b33d82058545b1ed14f4c8206e,browser-toolbox.close-process.DAMP,damp,True,damp browser-toolbox.close-process.DAMP opt e10s fission stylo webrender-sw,4768818,77,ms,firefox,,1760190778,2023-09-19 08:43:55,68.78045550304523,0ffd4f3d5717e29ac2c64ccd07794a6f2d539bdf,1302535,,,,,,,,,,,,,,,,,,,,,,,,,,,,,,,,,,,,,,,,,,,,,,,,,,,,,,,,,,,,,TN,TN
autoland,4769114,12,1a03ada32d4ae63ebeeb4561891b61c1e6e17a68,windows10-64-shippable-qr,True,False,,,102210fe594ee9b33d82058545b1ed14f4c8206e,browser-toolbox.close-process.DAMP,damp,True,damp browser-toolbox.close-process.DAMP opt e10s fission stylo webrender-sw,4768818,77,ms,firefox,,1760190720,2023-09-19 08:46:45,68.32261035215924,915d403b44c42be5d0b96586c44ddadeab52d5d0,1302538,,,,,,,,,,,,,,,,,,,,,,,,,,,,,,,,,,,,,,,,,,,,,,,,,,,,,,,,,,,,,TN,TN
autoland,4769114,12,1a03ada32d4ae63ebeeb4561891b61c1e6e17a68,windows10-64-shippable-qr,True,False,,,102210fe594ee9b33d82058545b1ed14f4c8206e,browser-toolbox.close-process.DAMP,damp,True,damp browser-toolbox.close-process.DAMP opt e10s fission stylo webrender-sw,4768818,77,ms,firefox,,1760192250,2023-09-19 09:34:10,70.90567198272038,4d416c08d58393443c8588f0cfbb5ca9bcfabe4b,1302549,,,,,,,,,,,,,,,,,,,,,,,,,,,,,,,,,,,,,,,,,,,,,,,,,,,,,,,,,,,,,TN,TN
autoland,4769114,12,1a03ada32d4ae63ebeeb4561891b61c1e6e17a68,windows10-64-shippable-qr,True,False,,,102210fe594ee9b33d82058545b1ed14f4c8206e,browser-toolbox.close-process.DAMP,damp,True,damp browser-toolbox.close-process.DAMP opt e10s fission stylo webrender-sw,4768818,77,ms,firefox,,1760189997,2023-09-19 09:37:04,70.44102010967617,3fa00c5ff16458772cc2ace9ec2272e52d58c041,1302552,,,,,,,,,,,,,,,,,,,,,,,,,,,,,,,,,,,,,,,,,,,,,,,,,,,,,,,,,,,,,TN,TN
autoland,4769114,12,1a03ada32d4ae63ebeeb4561891b61c1e6e17a68,windows10-64-shippable-qr,True,False,,,102210fe594ee9b33d82058545b1ed14f4c8206e,browser-toolbox.close-process.DAMP,damp,True,damp browser-toolbox.close-process.DAMP opt e10s fission stylo webrender-sw,4768818,77,ms,firefox,,1760190055,2023-09-19 09:37:54,70.72254793003594,fd2f1e369041167aff17588af79a7fb20e271e90,1302554,,,,,,,,,,,,,,,,,,,,,,,,,,,,,,,,,,,,,,,,,,,,,,,,,,,,,,,,,,,,,TN,TN
autoland,4769114,12,1a03ada32d4ae63ebeeb4561891b61c1e6e17a68,windows10-64-shippable-qr,True,False,,,102210fe594ee9b33d82058545b1ed14f4c8206e,browser-toolbox.close-process.DAMP,damp,True,damp browser-toolbox.close-process.DAMP opt e10s fission stylo webrender-sw,4768818,77,ms,firefox,,1760190881,2023-09-19 09:38:43,70.77706306310574,cbed859376026cdf634fda57e5a3e597740b116d,1302556,,,,,,,,,,,,,,,,,,,,,,,,,,,,,,,,,,,,,,,,,,,,,,,,,,,,,,,,,,,,,TN,TN
autoland,4769114,12,1a03ada32d4ae63ebeeb4561891b61c1e6e17a68,windows10-64-shippable-qr,True,False,,,102210fe594ee9b33d82058545b1ed14f4c8206e,browser-toolbox.close-process.DAMP,damp,True,damp browser-toolbox.close-process.DAMP opt e10s fission stylo webrender-sw,4768818,77,ms,firefox,,1760189423,2023-09-19 09:49:24,71.6024317923002,1538282037490ca29a5ec3658e91d72cfaa5a536,1302564,,,,,,,,,,,,,,,,,,,,,,,,,,,,,,,,,,,,,,,,,,,,,,,,,,,,,,,,,,,,,TN,TN
autoland,4769114,12,1a03ada32d4ae63ebeeb4561891b61c1e6e17a68,windows10-64-shippable-qr,True,False,,,102210fe594ee9b33d82058545b1ed14f4c8206e,browser-toolbox.close-process.DAMP,damp,True,damp browser-toolbox.close-process.DAMP opt e10s fission stylo webrender-sw,4768818,77,ms,firefox,,1760190365,2023-09-19 09:55:14,67.22283491521375,1b7d5b44fbfcd0fb332129f4948df3f18aa3de0b,1302569,,,,,,,,,,,,,,,,,,,,,,,,,,,,,,,,,,,,,,,,,,,,,,,,,,,,,,,,,,,,,TN,TN
autoland,4769114,12,1a03ada32d4ae63ebeeb4561891b61c1e6e17a68,windows10-64-shippable-qr,True,False,,,102210fe594ee9b33d82058545b1ed14f4c8206e,browser-toolbox.close-process.DAMP,damp,True,damp browser-toolbox.close-process.DAMP opt e10s fission stylo webrender-sw,4768818,77,ms,firefox,,1758930071,2023-09-19 10:00:51,77.27894263288181,f257c2f8440fe82c3833f2d719a2bf3420df9120,1302573,,,,,,,,,,,,,,,,,,,,,,,,,,,,,,,,,,,,,,,,,,,,,,,,,,,,,,,,,,,,,TN,TN
autoland,4769114,12,1a03ada32d4ae63ebeeb4561891b61c1e6e17a68,windows10-64-shippable-qr,True,False,,,102210fe594ee9b33d82058545b1ed14f4c8206e,browser-toolbox.close-process.DAMP,damp,True,damp browser-toolbox.close-process.DAMP opt e10s fission stylo webrender-sw,4768818,77,ms,firefox,,1760433979,2023-09-19 11:54:20,77.16596147308155,0fb6cc768a923be84c3a02e57eae5c26950ed62f,1302636,,,,,,,,,,,,,,,,,,,,,,,,,,,,,,,,,,,,,,,,,,,,,,,,,,,,,,,,,,,,,TN,TN
autoland,4769114,12,1a03ada32d4ae63ebeeb4561891b61c1e6e17a68,windows10-64-shippable-qr,True,False,,,102210fe594ee9b33d82058545b1ed14f4c8206e,browser-toolbox.close-process.DAMP,damp,True,damp browser-toolbox.close-process.DAMP opt e10s fission stylo webrender-sw,4768818,77,ms,firefox,,1760191322,2023-09-19 12:03:23,68.0843285775336,fdcf4220b591be33053c1f26df1eb98b9331ca2a,1302643,,,,,,,,,,,,,,,,,,,,,,,,,,,,,,,,,,,,,,,,,,,,,,,,,,,,,,,,,,,,,TN,TN
autoland,4769114,12,1a03ada32d4ae63ebeeb4561891b61c1e6e17a68,windows10-64-shippable-qr,True,False,,,102210fe594ee9b33d82058545b1ed14f4c8206e,browser-toolbox.close-process.DAMP,damp,True,damp browser-toolbox.close-process.DAMP opt e10s fission stylo webrender-sw,4768818,77,ms,firefox,,1760190120,2023-09-19 12:06:25,68.18319127577706,5d1a79d9c33ad95ca9546e94bed67efa3ff048a3,1302645,,,,,,,,,,,,,,,,,,,,,,,,,,,,,,,,,,,,,,,,,,,,,,,,,,,,,,,,,,,,,TN,TN
autoland,4769114,12,1a03ada32d4ae63ebeeb4561891b61c1e6e17a68,windows10-64-shippable-qr,True,False,,,102210fe594ee9b33d82058545b1ed14f4c8206e,browser-toolbox.close-process.DAMP,damp,True,damp browser-toolbox.close-process.DAMP opt e10s fission stylo webrender-sw,4768818,77,ms,firefox,,1760191269,2023-09-19 13:16:54,70.89123916052631,072cb0ddcc54c39e69e7ba612f2319f78ef6f8c1,1302675,,,,,,,,,,,,,,,,,,,,,,,,,,,,,,,,,,,,,,,,,,,,,,,,,,,,,,,,,,,,,TN,TN
autoland,4769114,12,1a03ada32d4ae63ebeeb4561891b61c1e6e17a68,windows10-64-shippable-qr,True,False,,,102210fe594ee9b33d82058545b1ed14f4c8206e,browser-toolbox.close-process.DAMP,damp,True,damp browser-toolbox.close-process.DAMP opt e10s fission stylo webrender-sw,4768818,77,ms,firefox,,1760192351,2023-09-19 13:18:41,69.93153193495527,19430315f34ccb93f20c190a11ef6b9aaabf19c5,1302676,,,,,,,,,,,,,,,,,,,,,,,,,,,,,,,,,,,,,,,,,,,,,,,,,,,,,,,,,,,,,TN,TN
autoland,4769114,12,1a03ada32d4ae63ebeeb4561891b61c1e6e17a68,windows10-64-shippable-qr,True,False,,,102210fe594ee9b33d82058545b1ed14f4c8206e,browser-toolbox.close-process.DAMP,damp,True,damp browser-toolbox.close-process.DAMP opt e10s fission stylo webrender-sw,4768818,77,ms,firefox,,1760193017,2023-09-19 13:27:47,70.35593197778144,93fd62af9c5cc31397cce72fc396b6fdae3dc345,1302684,,,,,,,,,,,,,,,,,,,,,,,,,,,,,,,,,,,,,,,,,,,,,,,,,,,,,,,,,,,,,TN,TN
autoland,4769114,12,1a03ada32d4ae63ebeeb4561891b61c1e6e17a68,windows10-64-shippable-qr,True,False,,,102210fe594ee9b33d82058545b1ed14f4c8206e,browser-toolbox.close-process.DAMP,damp,True,damp browser-toolbox.close-process.DAMP opt e10s fission stylo webrender-sw,4768818,77,ms,firefox,,1760191980,2023-09-19 13:28:37,71.05234863133228,cbd3c901d99bdfc385c39afe90dcceb7d0513bca,1302685,,,,,,,,,,,,,,,,,,,,,,,,,,,,,,,,,,,,,,,,,,,,,,,,,,,,,,,,,,,,,TN,TN
autoland,4769114,12,1a03ada32d4ae63ebeeb4561891b61c1e6e17a68,windows10-64-shippable-qr,True,False,,,102210fe594ee9b33d82058545b1ed14f4c8206e,browser-toolbox.close-process.DAMP,damp,True,damp browser-toolbox.close-process.DAMP opt e10s fission stylo webrender-sw,4768818,77,ms,firefox,,1760191870,2023-09-19 13:29:30,71.26853482979641,c67121095e5fd8e0374d62f992409bea154ac339,1302687,,,,,,,,,,,,,,,,,,,,,,,,,,,,,,,,,,,,,,,,,,,,,,,,,,,,,,,,,,,,,TN,TN
autoland,4769114,12,1a03ada32d4ae63ebeeb4561891b61c1e6e17a68,windows10-64-shippable-qr,True,False,,,102210fe594ee9b33d82058545b1ed14f4c8206e,browser-toolbox.close-process.DAMP,damp,True,damp browser-toolbox.close-process.DAMP opt e10s fission stylo webrender-sw,4768818,77,ms,firefox,,1760186563,2023-09-19 13:31:01,68.90460690693726,5e38ee8eca39e192467e0744747e252d74bc7e73,1302689,,,,,,,,,,,,,,,,,,,,,,,,,,,,,,,,,,,,,,,,,,,,,,,,,,,,,,,,,,,,,TN,TN
autoland,4769114,12,1a03ada32d4ae63ebeeb4561891b61c1e6e17a68,windows10-64-shippable-qr,True,False,,,102210fe594ee9b33d82058545b1ed14f4c8206e,browser-toolbox.close-process.DAMP,damp,True,damp browser-toolbox.close-process.DAMP opt e10s fission stylo webrender-sw,4768818,77,ms,firefox,,1760191739,2023-09-19 13:31:50,68.30317767625093,2d399b8bfcfcdad9c7737a30aba9b4ccb7102e47,1302691,,,,,,,,,,,,,,,,,,,,,,,,,,,,,,,,,,,,,,,,,,,,,,,,,,,,,,,,,,,,,TN,TN
autoland,4769114,12,1a03ada32d4ae63ebeeb4561891b61c1e6e17a68,windows10-64-shippable-qr,True,False,,,102210fe594ee9b33d82058545b1ed14f4c8206e,browser-toolbox.close-process.DAMP,damp,True,damp browser-toolbox.close-process.DAMP opt e10s fission stylo webrender-sw,4768818,77,ms,firefox,,1759069795,2023-09-19 13:32:40,75.6657207164535,dd890d993c3039c40d9a50218bd3284a9810cc85,1302692,76.12,mozilla-ldap/jdescottes@mozilla.com,5e38ee8eca39e192467e0744747e252d74bc7e73,39629.0,8.19,,70.36,2023-09-25 08:39:08.329552,False,12.0,12.0,,,,1302689.0,6.0,1302692.0,4.0,mozilla-ldap/jdescottes@mozilla.com,1a03ada32d4ae63ebeeb4561891b61c1e6e17a68,,windows10-64-shippable-qr,,autoland,2023-09-28 05:02:39.293876,,1.0,5.76,181071.0,ms,,"(22,)",39629.0,102210fe594ee9b33d82058545b1ed14f4c8206e,,True,False,jdescottes@mozilla.com,"(20,)","(4,)",jdescottes@mozilla.com,2023-09-21 05:02:39.293876,,,browser-toolbox.close-process.DAMP,OK,True,dd890d993c3039c40d9a50218bd3284a9810cc85,,,,"('[{""perf_datum_id"": 1760186563, ""value"": 68.90460690693726, ""job_id"": 429893884, ""push_id"": 1302689, ""push_timestamp"": ""2023-09-19T13:31:01"", ""push__revision"": ""5e38ee8eca39e192467e0744747e252d74bc7e73""}, {""perf_datum_id"": 1760191739, ""value"": 68.30317767625093, ""job_id"": 429895146, ""push_id"": 1302691, ""push_timestamp"": ""2023-09-19T13:31:50"", ""push__revision"": ""2d399b8bfcfcdad9c7737a30aba9b4ccb7102e47""}, {""perf_datum_id"": 1759069795, ""value"": 75.6657207164535, ""job_id"": 429688683, ""push_id"": 1302692, ""push_timestamp"": ""2023-09-19T13:32:40"", ""push__revision"": ""dd890d993c3039c40d9a50218bd3284a9810cc85""}, {""perf_datum_id"": 1759174128, ""value"": 75.97279163269559, ""job_id"": 429700881, ""push_id"": 1302819, ""push_timestamp"": ""2023-09-19T16:21:41"", ""push__revision"": ""e9e7852ce74f241f2a4f0ffac475410d0ea9a8a4""}, {""perf_datum_id"": 1759326161, ""value"": 77.05869121262367, ""job_id"": 429734882, ""push_id"": 1303015, ""push_timestamp"": ""2023-09-19T20:31:47"", ""push__revision"": ""f97675e331c2e3f8e3a7649cb722085b3360163c""}]',)",False,"(0,)",7.37,damp,"e10s, fission, stylo, webrender-sw","(4,)",,2023-09-26 05:02:39.293876,TP,TP
autoland,4769114,12,1a03ada32d4ae63ebeeb4561891b61c1e6e17a68,windows10-64-shippable-qr,True,False,,,102210fe594ee9b33d82058545b1ed14f4c8206e,browser-toolbox.close-process.DAMP,damp,True,damp browser-toolbox.close-process.DAMP opt e10s fission stylo webrender-sw,4768818,77,ms,firefox,,1760316805,2023-09-19 15:07:31,76.59592188377064,e63a855c0acfb3d2572476799fa0e8cfa5c80694,1302763,,,,,,,,,,,,,,,,,,,,,,,,,,,,,,,,,,,,,,,,,,,,,,,,,,,,,,,,,,,,,TN,TN
autoland,4769114,12,1a03ada32d4ae63ebeeb4561891b61c1e6e17a68,windows10-64-shippable-qr,True,False,,,102210fe594ee9b33d82058545b1ed14f4c8206e,browser-toolbox.close-process.DAMP,damp,True,damp browser-toolbox.close-process.DAMP opt e10s fission stylo webrender-sw,4768818,77,ms,firefox,,1760321108,2023-09-19 15:08:37,76.19183502384112,41c83db18787013f04b96efc4b61967aba3d048a,1302764,,,,,,,,,,,,,,,,,,,,,,,,,,,,,,,,,,,,,,,,,,,,,,,,,,,,,,,,,,,,,TN,TN
autoland,4769114,12,1a03ada32d4ae63ebeeb4561891b61c1e6e17a68,windows10-64-shippable-qr,True,False,,,102210fe594ee9b33d82058545b1ed14f4c8206e,browser-toolbox.close-process.DAMP,damp,True,damp browser-toolbox.close-process.DAMP opt e10s fission stylo webrender-sw,4768818,77,ms,firefox,,1760311831,2023-09-19 15:32:02,77.03810604046157,feb01960f7e10a66b10928129bf6e623142eee16,1302780,,,,,,,,,,,,,,,,,,,,,,,,,,,,,,,,,,,,,,,,,,,,,,,,,,,,,,,,,,,,,TN,TN
autoland,4769114,12,1a03ada32d4ae63ebeeb4561891b61c1e6e17a68,windows10-64-shippable-qr,True,False,,,102210fe594ee9b33d82058545b1ed14f4c8206e,browser-toolbox.close-process.DAMP,damp,True,damp browser-toolbox.close-process.DAMP opt e10s fission stylo webrender-sw,4768818,77,ms,firefox,,1760315951,2023-09-19 15:36:43,74.76890876055404,95b205a5292fe692b554db4975faa50144ee1fdb,1302783,,,,,,,,,,,,,,,,,,,,,,,,,,,,,,,,,,,,,,,,,,,,,,,,,,,,,,,,,,,,,TN,TN
autoland,4769114,12,1a03ada32d4ae63ebeeb4561891b61c1e6e17a68,windows10-64-shippable-qr,True,False,,,102210fe594ee9b33d82058545b1ed14f4c8206e,browser-toolbox.close-process.DAMP,damp,True,damp browser-toolbox.close-process.DAMP opt e10s fission stylo webrender-sw,4768818,77,ms,firefox,,1760314099,2023-09-19 15:37:32,76.99726454953998,73613e15fe5ceb10901c3f4f5d74259bec0e4bb4,1302784,,,,,,,,,,,,,,,,,,,,,,,,,,,,,,,,,,,,,,,,,,,,,,,,,,,,,,,,,,,,,TN,TN
autoland,4769114,12,1a03ada32d4ae63ebeeb4561891b61c1e6e17a68,windows10-64-shippable-qr,True,False,,,102210fe594ee9b33d82058545b1ed14f4c8206e,browser-toolbox.close-process.DAMP,damp,True,damp browser-toolbox.close-process.DAMP opt e10s fission stylo webrender-sw,4768818,77,ms,firefox,,1760322983,2023-09-19 15:38:22,75.1032704528734,9a4f6a7c28d530365758a1145044313119342451,1302786,,,,,,,,,,,,,,,,,,,,,,,,,,,,,,,,,,,,,,,,,,,,,,,,,,,,,,,,,,,,,TN,TN
autoland,4769114,12,1a03ada32d4ae63ebeeb4561891b61c1e6e17a68,windows10-64-shippable-qr,True,False,,,102210fe594ee9b33d82058545b1ed14f4c8206e,browser-toolbox.close-process.DAMP,damp,True,damp browser-toolbox.close-process.DAMP opt e10s fission stylo webrender-sw,4768818,77,ms,firefox,,1760323038,2023-09-19 15:59:26,74.56157417551731,5150fee78fb1f32cb3d8811442f6a2a06ee1bc63,1302802,,,,,,,,,,,,,,,,,,,,,,,,,,,,,,,,,,,,,,,,,,,,,,,,,,,,,,,,,,,,,TN,TN
autoland,4769114,12,1a03ada32d4ae63ebeeb4561891b61c1e6e17a68,windows10-64-shippable-qr,True,False,,,102210fe594ee9b33d82058545b1ed14f4c8206e,browser-toolbox.close-process.DAMP,damp,True,damp browser-toolbox.close-process.DAMP opt e10s fission stylo webrender-sw,4768818,77,ms,firefox,,1760322347,2023-09-19 16:18:37,75.56348131150298,1105d2849f18b5435e9333a0a66d820178af01f0,1302815,,,,,,,,,,,,,,,,,,,,,,,,,,,,,,,,,,,,,,,,,,,,,,,,,,,,,,,,,,,,,TN,TN
autoland,4769114,12,1a03ada32d4ae63ebeeb4561891b61c1e6e17a68,windows10-64-shippable-qr,True,False,,,102210fe594ee9b33d82058545b1ed14f4c8206e,browser-toolbox.close-process.DAMP,damp,True,damp browser-toolbox.close-process.DAMP opt e10s fission stylo webrender-sw,4768818,77,ms,firefox,,1759174128,2023-09-19 16:21:41,75.97279163269559,e9e7852ce74f241f2a4f0ffac475410d0ea9a8a4,1302819,,,,,,,,,,,,,,,,,,,,,,,,,,,,,,,,,,,,,,,,,,,,,,,,,,,,,,,,,,,,,TN,TN
autoland,4769114,12,1a03ada32d4ae63ebeeb4561891b61c1e6e17a68,windows10-64-shippable-qr,True,False,,,102210fe594ee9b33d82058545b1ed14f4c8206e,browser-toolbox.close-process.DAMP,damp,True,damp browser-toolbox.close-process.DAMP opt e10s fission stylo webrender-sw,4768818,77,ms,firefox,,1760280447,2023-09-19 18:44:51,75.86087547769421,1030a0fcc81399ec3f6376ffdeaadac56c0e4d5f,1302932,,,,,,,,,,,,,,,,,,,,,,,,,,,,,,,,,,,,,,,,,,,,,,,,,,,,,,,,,,,,,TN,TN
autoland,4769114,12,1a03ada32d4ae63ebeeb4561891b61c1e6e17a68,windows10-64-shippable-qr,True,False,,,102210fe594ee9b33d82058545b1ed14f4c8206e,browser-toolbox.close-process.DAMP,damp,True,damp browser-toolbox.close-process.DAMP opt e10s fission stylo webrender-sw,4768818,77,ms,firefox,,1760315737,2023-09-19 19:00:37,75.52840133721111,a923271b41955ef0354b28dc9bac8716f8490dba,1302942,,,,,,,,,,,,,,,,,,,,,,,,,,,,,,,,,,,,,,,,,,,,,,,,,,,,,,,,,,,,,TN,TN
autoland,4769114,12,1a03ada32d4ae63ebeeb4561891b61c1e6e17a68,windows10-64-shippable-qr,True,False,,,102210fe594ee9b33d82058545b1ed14f4c8206e,browser-toolbox.close-process.DAMP,damp,True,damp browser-toolbox.close-process.DAMP opt e10s fission stylo webrender-sw,4768818,77,ms,firefox,,1760313420,2023-09-19 19:26:39,76.97537964767253,9d9f08aef724cc535e90b463adf5cb37724fa986,1302961,,,,,,,,,,,,,,,,,,,,,,,,,,,,,,,,,,,,,,,,,,,,,,,,,,,,,,,,,,,,,TN,TN
autoland,4769114,12,1a03ada32d4ae63ebeeb4561891b61c1e6e17a68,windows10-64-shippable-qr,True,False,,,102210fe594ee9b33d82058545b1ed14f4c8206e,browser-toolbox.close-process.DAMP,damp,True,damp browser-toolbox.close-process.DAMP opt e10s fission stylo webrender-sw,4768818,77,ms,firefox,,1760340168,2023-09-19 19:47:55,75.26228964859911,37701fa21006015a6ee97b5528645b7106dff42b,1302977,,,,,,,,,,,,,,,,,,,,,,,,,,,,,,,,,,,,,,,,,,,,,,,,,,,,,,,,,,,,,TN,TN
autoland,4769114,12,1a03ada32d4ae63ebeeb4561891b61c1e6e17a68,windows10-64-shippable-qr,True,False,,,102210fe594ee9b33d82058545b1ed14f4c8206e,browser-toolbox.close-process.DAMP,damp,True,damp browser-toolbox.close-process.DAMP opt e10s fission stylo webrender-sw,4768818,77,ms,firefox,,1760324845,2023-09-19 19:53:17,74.42177270131651,3023de3372940a342000556f25bc463ff806280e,1302982,,,,,,,,,,,,,,,,,,,,,,,,,,,,,,,,,,,,,,,,,,,,,,,,,,,,,,,,,,,,,TN,TN
autoland,4769114,12,1a03ada32d4ae63ebeeb4561891b61c1e6e17a68,windows10-64-shippable-qr,True,False,,,102210fe594ee9b33d82058545b1ed14f4c8206e,browser-toolbox.close-process.DAMP,damp,True,damp browser-toolbox.close-process.DAMP opt e10s fission stylo webrender-sw,4768818,77,ms,firefox,,1760281930,2023-09-19 19:57:29,74.91880526403838,36e95068e10391b8f3460c36e5651343feb808ab,1302987,,,,,,,,,,,,,,,,,,,,,,,,,,,,,,,,,,,,,,,,,,,,,,,,,,,,,,,,,,,,,TN,TN
autoland,4769114,12,1a03ada32d4ae63ebeeb4561891b61c1e6e17a68,windows10-64-shippable-qr,True,False,,,102210fe594ee9b33d82058545b1ed14f4c8206e,browser-toolbox.close-process.DAMP,damp,True,damp browser-toolbox.close-process.DAMP opt e10s fission stylo webrender-sw,4768818,77,ms,firefox,,1760314945,2023-09-19 20:06:23,74.40016711658973,f5ff8837f4fd3544473baa99877ff4320d5997c6,1302994,,,,,,,,,,,,,,,,,,,,,,,,,,,,,,,,,,,,,,,,,,,,,,,,,,,,,,,,,,,,,TN,TN
autoland,4769114,12,1a03ada32d4ae63ebeeb4561891b61c1e6e17a68,windows10-64-shippable-qr,True,False,,,102210fe594ee9b33d82058545b1ed14f4c8206e,browser-toolbox.close-process.DAMP,damp,True,damp browser-toolbox.close-process.DAMP opt e10s fission stylo webrender-sw,4768818,77,ms,firefox,,1760320072,2023-09-19 20:10:26,73.4265901351755,f43c9ca9502f4416c3326e15bf290dcc3e41cfd3,1302998,,,,,,,,,,,,,,,,,,,,,,,,,,,,,,,,,,,,,,,,,,,,,,,,,,,,,,,,,,,,,TN,TN
autoland,4769114,12,1a03ada32d4ae63ebeeb4561891b61c1e6e17a68,windows10-64-shippable-qr,True,False,,,102210fe594ee9b33d82058545b1ed14f4c8206e,browser-toolbox.close-process.DAMP,damp,True,damp browser-toolbox.close-process.DAMP opt e10s fission stylo webrender-sw,4768818,77,ms,firefox,,1760321204,2023-09-19 20:11:31,74.47487546448247,099d877471573056ec01859a6c63b1e606031c49,1303000,,,,,,,,,,,,,,,,,,,,,,,,,,,,,,,,,,,,,,,,,,,,,,,,,,,,,,,,,,,,,TN,TN
autoland,4769114,12,1a03ada32d4ae63ebeeb4561891b61c1e6e17a68,windows10-64-shippable-qr,True,False,,,102210fe594ee9b33d82058545b1ed14f4c8206e,browser-toolbox.close-process.DAMP,damp,True,damp browser-toolbox.close-process.DAMP opt e10s fission stylo webrender-sw,4768818,77,ms,firefox,,1759326161,2023-09-19 20:31:47,77.05869121262367,f97675e331c2e3f8e3a7649cb722085b3360163c,1303015,,,,,,,,,,,,,,,,,,,,,,,,,,,,,,,,,,,,,,,,,,,,,,,,,,,,,,,,,,,,,TN,TN
autoland,4769114,12,1a03ada32d4ae63ebeeb4561891b61c1e6e17a68,windows10-64-shippable-qr,True,False,,,102210fe594ee9b33d82058545b1ed14f4c8206e,browser-toolbox.close-process.DAMP,damp,True,damp browser-toolbox.close-process.DAMP opt e10s fission stylo webrender-sw,4768818,77,ms,firefox,,1759346689,2023-09-19 20:45:08,76.16505500582207,abf74735208c16d3b467c2acb344f3030fc5aacb,1303026,,,,,,,,,,,,,,,,,,,,,,,,,,,,,,,,,,,,,,,,,,,,,,,,,,,,,,,,,,,,,TN,TN
autoland,4769114,12,1a03ada32d4ae63ebeeb4561891b61c1e6e17a68,windows10-64-shippable-qr,True,False,,,102210fe594ee9b33d82058545b1ed14f4c8206e,browser-toolbox.close-process.DAMP,damp,True,damp browser-toolbox.close-process.DAMP opt e10s fission stylo webrender-sw,4768818,77,ms,firefox,,1759487220,2023-09-20 00:59:14,76.64213395665502,71a9b5a8ec8503f993e8d7e8f1b2b98ff57ed283,1303207,,,,,,,,,,,,,,,,,,,,,,,,,,,,,,,,,,,,,,,,,,,,,,,,,,,,,,,,,,,,,TN,TN
autoland,4769114,12,1a03ada32d4ae63ebeeb4561891b61c1e6e17a68,windows10-64-shippable-qr,True,False,,,102210fe594ee9b33d82058545b1ed14f4c8206e,browser-toolbox.close-process.DAMP,damp,True,damp browser-toolbox.close-process.DAMP opt e10s fission stylo webrender-sw,4768818,77,ms,firefox,,1759530200,2023-09-20 05:02:26,75.77528892214468,71c800e8074fa9f5e246acbf09097a0f15d4eb09,1303254,,,,,,,,,,,,,,,,,,,,,,,,,,,,,,,,,,,,,,,,,,,,,,,,,,,,,,,,,,,,,TN,TN
autoland,4769114,12,1a03ada32d4ae63ebeeb4561891b61c1e6e17a68,windows10-64-shippable-qr,True,False,,,102210fe594ee9b33d82058545b1ed14f4c8206e,browser-toolbox.close-process.DAMP,damp,True,damp browser-toolbox.close-process.DAMP opt e10s fission stylo webrender-sw,4768818,77,ms,firefox,,1759657827,2023-09-20 09:03:21,75.54402532146923,2664490a1b4aeb2b2bd98c81ac43b68b1a24ea2f,1303343,,,,,,,,,,,,,,,,,,,,,,,,,,,,,,,,,,,,,,,,,,,,,,,,,,,,,,,,,,,,,TN,TN
autoland,4769114,12,1a03ada32d4ae63ebeeb4561891b61c1e6e17a68,windows10-64-shippable-qr,True,False,,,102210fe594ee9b33d82058545b1ed14f4c8206e,browser-toolbox.close-process.DAMP,damp,True,damp browser-toolbox.close-process.DAMP opt e10s fission stylo webrender-sw,4768818,77,ms,firefox,,1759799280,2023-09-20 10:40:44,75.95709029668069,e11a98968ec15b84dc772d997bc0789a0a078549,1303401,,,,,,,,,,,,,,,,,,,,,,,,,,,,,,,,,,,,,,,,,,,,,,,,,,,,,,,,,,,,,TN,TN
autoland,4769114,12,1a03ada32d4ae63ebeeb4561891b61c1e6e17a68,windows10-64-shippable-qr,True,False,,,102210fe594ee9b33d82058545b1ed14f4c8206e,browser-toolbox.close-process.DAMP,damp,True,damp browser-toolbox.close-process.DAMP opt e10s fission stylo webrender-sw,4768818,77,ms,firefox,,1759906196,2023-09-20 14:03:46,75.24670757894637,5baf76c5d8f19d35c8e7710816a726d92cfff8bb,1303541,,,,,,,,,,,,,,,,,,,,,,,,,,,,,,,,,,,,,,,,,,,,,,,,,,,,,,,,,,,,,TN,TN
autoland,4769114,12,1a03ada32d4ae63ebeeb4561891b61c1e6e17a68,windows10-64-shippable-qr,True,False,,,102210fe594ee9b33d82058545b1ed14f4c8206e,browser-toolbox.close-process.DAMP,damp,True,damp browser-toolbox.close-process.DAMP opt e10s fission stylo webrender-sw,4768818,77,ms,firefox,,1760017096,2023-09-20 17:47:40,76.84115707688034,07c4a658632d6c11d371f974b56a6365212bef62,1303718,,,,,,,,,,,,,,,,,,,,,,,,,,,,,,,,,,,,,,,,,,,,,,,,,,,,,,,,,,,,,TN,TN
autoland,4769114,12,1a03ada32d4ae63ebeeb4561891b61c1e6e17a68,windows10-64-shippable-qr,True,False,,,102210fe594ee9b33d82058545b1ed14f4c8206e,browser-toolbox.close-process.DAMP,damp,True,damp browser-toolbox.close-process.DAMP opt e10s fission stylo webrender-sw,4768818,77,ms,firefox,,1760104329,2023-09-20 21:06:43,76.23258690674265,137b5966e6ec0a63006a36cac0a3f1c4e3f5cefe,1303845,,,,,,,,,,,,,,,,,,,,,,,,,,,,,,,,,,,,,,,,,,,,,,,,,,,,,,,,,,,,,TN,TN
autoland,4769114,12,1a03ada32d4ae63ebeeb4561891b61c1e6e17a68,windows10-64-shippable-qr,True,False,,,102210fe594ee9b33d82058545b1ed14f4c8206e,browser-toolbox.close-process.DAMP,damp,True,damp browser-toolbox.close-process.DAMP opt e10s fission stylo webrender-sw,4768818,77,ms,firefox,,1760136545,2023-09-20 23:02:53,76.33440830559994,a94c799a5be0d573f8c654b43966b4b772ded228,1303924,,,,,,,,,,,,,,,,,,,,,,,,,,,,,,,,,,,,,,,,,,,,,,,,,,,,,,,,,,,,,TN,TN
autoland,4769114,12,1a03ada32d4ae63ebeeb4561891b61c1e6e17a68,windows10-64-shippable-qr,True,False,,,102210fe594ee9b33d82058545b1ed14f4c8206e,browser-toolbox.close-process.DAMP,damp,True,damp browser-toolbox.close-process.DAMP opt e10s fission stylo webrender-sw,4768818,77,ms,firefox,,1760261732,2023-09-21 04:47:54,75.96039991930593,7c6496f92bb0572d56513d645f3d6201f77a5653,1304025,,,,,,,,,,,,,,,,,,,,,,,,,,,,,,,,,,,,,,,,,,,,,,,,,,,,,,,,,,,,,TN,TN
autoland,4769114,12,1a03ada32d4ae63ebeeb4561891b61c1e6e17a68,windows10-64-shippable-qr,True,False,,,102210fe594ee9b33d82058545b1ed14f4c8206e,browser-toolbox.close-process.DAMP,damp,True,damp browser-toolbox.close-process.DAMP opt e10s fission stylo webrender-sw,4768818,77,ms,firefox,,1761391013,2023-09-21 05:44:41,76.51742913590715,7a2840f619f3ac8ceead83fcd51792aea6a201ff,1304040,,,,,,,,,,,,,,,,,,,,,,,,,,,,,,,,,,,,,,,,,,,,,,,,,,,,,,,,,,,,,TN,TN
autoland,4769114,12,1a03ada32d4ae63ebeeb4561891b61c1e6e17a68,windows10-64-shippable-qr,True,False,,,102210fe594ee9b33d82058545b1ed14f4c8206e,browser-toolbox.close-process.DAMP,damp,True,damp browser-toolbox.close-process.DAMP opt e10s fission stylo webrender-sw,4768818,77,ms,firefox,,1761392895,2023-09-21 05:45:37,77.42303793234532,bbc5334f27d35a24e416b3f639aed0d332874152,1304041,,,,,,,,,,,,,,,,,,,,,,,,,,,,,,,,,,,,,,,,,,,,,,,,,,,,,,,,,,,,,TN,TN
autoland,4769114,12,1a03ada32d4ae63ebeeb4561891b61c1e6e17a68,windows10-64-shippable-qr,True,False,,,102210fe594ee9b33d82058545b1ed14f4c8206e,browser-toolbox.close-process.DAMP,damp,True,damp browser-toolbox.close-process.DAMP opt e10s fission stylo webrender-sw,4768818,77,ms,firefox,,1761396506,2023-09-21 05:54:11,69.12440194163719,f1af22cbe13086c66984001434f84711fa92222d,1304045,,,,,,,,,,,,,,,,,,,,,,,,,,,,,,,,,,,,,,,,,,,,,,,,,,,,,,,,,,,,,TN,TN
autoland,4769114,12,1a03ada32d4ae63ebeeb4561891b61c1e6e17a68,windows10-64-shippable-qr,True,False,,,102210fe594ee9b33d82058545b1ed14f4c8206e,browser-toolbox.close-process.DAMP,damp,True,damp browser-toolbox.close-process.DAMP opt e10s fission stylo webrender-sw,4768818,77,ms,firefox,,1761392123,2023-09-21 06:09:47,78.41327185241244,efaf5f86f6f7737a06ddb0ada9f2452b31f4a15a,1304048,,,,,,,,,,,,,,,,,,,,,,,,,,,,,,,,,,,,,,,,,,,,,,,,,,,,,,,,,,,,,TN,TN
autoland,4769114,12,1a03ada32d4ae63ebeeb4561891b61c1e6e17a68,windows10-64-shippable-qr,True,False,,,102210fe594ee9b33d82058545b1ed14f4c8206e,browser-toolbox.close-process.DAMP,damp,True,damp browser-toolbox.close-process.DAMP opt e10s fission stylo webrender-sw,4768818,77,ms,firefox,,1761393243,2023-09-21 06:31:19,76.54260769599205,e54e1c7d443bc80f71922b8e901b03a377773dad,1304053,,,,,,,,,,,,,,,,,,,,,,,,,,,,,,,,,,,,,,,,,,,,,,,,,,,,,,,,,,,,,TN,TN
autoland,4769114,12,1a03ada32d4ae63ebeeb4561891b61c1e6e17a68,windows10-64-shippable-qr,True,False,,,102210fe594ee9b33d82058545b1ed14f4c8206e,browser-toolbox.close-process.DAMP,damp,True,damp browser-toolbox.close-process.DAMP opt e10s fission stylo webrender-sw,4768818,77,ms,firefox,,1761392701,2023-09-21 07:34:36,77.58644524142437,c49ded10a66b5269ba1b1a6382c2020818c2fc1b,1304082,,,,,,,,,,,,,,,,,,,,,,,,,,,,,,,,,,,,,,,,,,,,,,,,,,,,,,,,,,,,,TN,TN
autoland,4769114,12,1a03ada32d4ae63ebeeb4561891b61c1e6e17a68,windows10-64-shippable-qr,True,False,,,102210fe594ee9b33d82058545b1ed14f4c8206e,browser-toolbox.close-process.DAMP,damp,True,damp browser-toolbox.close-process.DAMP opt e10s fission stylo webrender-sw,4768818,77,ms,firefox,,1761392522,2023-09-21 08:29:05,74.49818052359478,5cbb75fafa2259853f45d878bc9be7cc0a5fc77e,1304106,,,,,,,,,,,,,,,,,,,,,,,,,,,,,,,,,,,,,,,,,,,,,,,,,,,,,,,,,,,,,TN,TN
autoland,4769114,12,1a03ada32d4ae63ebeeb4561891b61c1e6e17a68,windows10-64-shippable-qr,True,False,,,102210fe594ee9b33d82058545b1ed14f4c8206e,browser-toolbox.close-process.DAMP,damp,True,damp browser-toolbox.close-process.DAMP opt e10s fission stylo webrender-sw,4768818,77,ms,firefox,,1760394045,2023-09-21 08:45:10,75.19942382982845,e98350675c5a294fe5c7a4138a5b16c4f6992907,1304121,,,,,,,,,,,,,,,,,,,,,,,,,,,,,,,,,,,,,,,,,,,,,,,,,,,,,,,,,,,,,TN,TN
autoland,4769114,12,1a03ada32d4ae63ebeeb4561891b61c1e6e17a68,windows10-64-shippable-qr,True,False,,,102210fe594ee9b33d82058545b1ed14f4c8206e,browser-toolbox.close-process.DAMP,damp,True,damp browser-toolbox.close-process.DAMP opt e10s fission stylo webrender-sw,4768818,77,ms,firefox,,1761390939,2023-09-21 10:53:10,74.76532475995555,1946f0a37c266a8cfb0abe62978980047223c240,1304197,,,,,,,,,,,,,,,,,,,,,,,,,,,,,,,,,,,,,,,,,,,,,,,,,,,,,,,,,,,,,TN,TN
autoland,4769114,12,1a03ada32d4ae63ebeeb4561891b61c1e6e17a68,windows10-64-shippable-qr,True,False,,,102210fe594ee9b33d82058545b1ed14f4c8206e,browser-toolbox.close-process.DAMP,damp,True,damp browser-toolbox.close-process.DAMP opt e10s fission stylo webrender-sw,4768818,77,ms,firefox,,1761390664,2023-09-21 11:15:13,74.56182119363802,7f1507ba9c71a32f206c8b843a5cfe96b1e37e0a,1304204,,,,,,,,,,,,,,,,,,,,,,,,,,,,,,,,,,,,,,,,,,,,,,,,,,,,,,,,,,,,,TN,TN
autoland,4769114,12,1a03ada32d4ae63ebeeb4561891b61c1e6e17a68,windows10-64-shippable-qr,True,False,,,102210fe594ee9b33d82058545b1ed14f4c8206e,browser-toolbox.close-process.DAMP,damp,True,damp browser-toolbox.close-process.DAMP opt e10s fission stylo webrender-sw,4768818,77,ms,firefox,,1761365805,2023-09-21 11:26:20,70.37275338477048,0dab31a203f307dcef92c9ce7b2412bd95b560be,1304209,,,,,,,,,,,,,,,,,,,,,,,,,,,,,,,,,,,,,,,,,,,,,,,,,,,,,,,,,,,,,TN,TN
autoland,4769114,12,1a03ada32d4ae63ebeeb4561891b61c1e6e17a68,windows10-64-shippable-qr,True,False,,,102210fe594ee9b33d82058545b1ed14f4c8206e,browser-toolbox.close-process.DAMP,damp,True,damp browser-toolbox.close-process.DAMP opt e10s fission stylo webrender-sw,4768818,77,ms,firefox,,1761389895,2023-09-21 12:12:45,75.27393720692271,82d3d6cbcaff25b969aaefb0018364799fa7ff04,1304240,,,,,,,,,,,,,,,,,,,,,,,,,,,,,,,,,,,,,,,,,,,,,,,,,,,,,,,,,,,,,TN,TN
autoland,4769114,12,1a03ada32d4ae63ebeeb4561891b61c1e6e17a68,windows10-64-shippable-qr,True,False,,,102210fe594ee9b33d82058545b1ed14f4c8206e,browser-toolbox.close-process.DAMP,damp,True,damp browser-toolbox.close-process.DAMP opt e10s fission stylo webrender-sw,4768818,77,ms,firefox,,1761391661,2023-09-21 12:14:02,78.49309022692614,0fad6751508b1d6deef996339e56b713ca509401,1304243,,,,,,,,,,,,,,,,,,,,,,,,,,,,,,,,,,,,,,,,,,,,,,,,,,,,,,,,,,,,,TN,TN
autoland,4769114,12,1a03ada32d4ae63ebeeb4561891b61c1e6e17a68,windows10-64-shippable-qr,True,False,,,102210fe594ee9b33d82058545b1ed14f4c8206e,browser-toolbox.close-process.DAMP,damp,True,damp browser-toolbox.close-process.DAMP opt e10s fission stylo webrender-sw,4768818,77,ms,firefox,,1761392179,2023-09-21 12:18:53,76.93322501697548,3603c20b1b719da7769ad9b43f46324e6ba34d86,1304247,,,,,,,,,,,,,,,,,,,,,,,,,,,,,,,,,,,,,,,,,,,,,,,,,,,,,,,,,,,,,TN,TN
autoland,4769114,12,1a03ada32d4ae63ebeeb4561891b61c1e6e17a68,windows10-64-shippable-qr,True,False,,,102210fe594ee9b33d82058545b1ed14f4c8206e,browser-toolbox.close-process.DAMP,damp,True,damp browser-toolbox.close-process.DAMP opt e10s fission stylo webrender-sw,4768818,77,ms,firefox,,1761390439,2023-09-21 12:31:28,74.92099835953559,6d34b38cfc80897a1d2abc7ebcb7c15081a4465c,1304250,,,,,,,,,,,,,,,,,,,,,,,,,,,,,,,,,,,,,,,,,,,,,,,,,,,,,,,,,,,,,TN,TN
autoland,4769114,12,1a03ada32d4ae63ebeeb4561891b61c1e6e17a68,windows10-64-shippable-qr,True,False,,,102210fe594ee9b33d82058545b1ed14f4c8206e,browser-toolbox.close-process.DAMP,damp,True,damp browser-toolbox.close-process.DAMP opt e10s fission stylo webrender-sw,4768818,77,ms,firefox,,1761378112,2023-09-21 12:42:04,73.016773487092,b858a0740582f9a9cf588b943db575db23eed5b6,1304258,,,,,,,,,,,,,,,,,,,,,,,,,,,,,,,,,,,,,,,,,,,,,,,,,,,,,,,,,,,,,TN,TN
autoland,4769114,12,1a03ada32d4ae63ebeeb4561891b61c1e6e17a68,windows10-64-shippable-qr,True,False,,,102210fe594ee9b33d82058545b1ed14f4c8206e,browser-toolbox.close-process.DAMP,damp,True,damp browser-toolbox.close-process.DAMP opt e10s fission stylo webrender-sw,4768818,77,ms,firefox,,1761390028,2023-09-21 12:44:39,75.93831696013876,9345601513259424bc863b8b0b3e4526834831f4,1304259,,,,,,,,,,,,,,,,,,,,,,,,,,,,,,,,,,,,,,,,,,,,,,,,,,,,,,,,,,,,,TN,TN
autoland,4769114,12,1a03ada32d4ae63ebeeb4561891b61c1e6e17a68,windows10-64-shippable-qr,True,False,,,102210fe594ee9b33d82058545b1ed14f4c8206e,browser-toolbox.close-process.DAMP,damp,True,damp browser-toolbox.close-process.DAMP opt e10s fission stylo webrender-sw,4768818,77,ms,firefox,,1760578062,2023-09-21 12:54:54,76.0870455653203,bd8d8c1ecad7cda50d42ce2dfde7fabc50a48948,1304268,,,,,,,,,,,,,,,,,,,,,,,,,,,,,,,,,,,,,,,,,,,,,,,,,,,,,,,,,,,,,TN,TN
autoland,4769114,12,1a03ada32d4ae63ebeeb4561891b61c1e6e17a68,windows10-64-shippable-qr,True,False,,,102210fe594ee9b33d82058545b1ed14f4c8206e,browser-toolbox.close-process.DAMP,damp,True,damp browser-toolbox.close-process.DAMP opt e10s fission stylo webrender-sw,4768818,77,ms,firefox,,1761391781,2023-09-21 13:14:04,76.48311115935212,fa216d67553dea1fbfa7e717fd29cd8b7a5830db,1304283,,,,,,,,,,,,,,,,,,,,,,,,,,,,,,,,,,,,,,,,,,,,,,,,,,,,,,,,,,,,,TN,TN
autoland,4769114,12,1a03ada32d4ae63ebeeb4561891b61c1e6e17a68,windows10-64-shippable-qr,True,False,,,102210fe594ee9b33d82058545b1ed14f4c8206e,browser-toolbox.close-process.DAMP,damp,True,damp browser-toolbox.close-process.DAMP opt e10s fission stylo webrender-sw,4768818,77,ms,firefox,,1761389725,2023-09-21 14:00:49,75.67070144528043,942c70f5f13417a12774f1375bc1998f770ae8f7,1304314,,,,,,,,,,,,,,,,,,,,,,,,,,,,,,,,,,,,,,,,,,,,,,,,,,,,,,,,,,,,,TN,TN
autoland,4769114,12,1a03ada32d4ae63ebeeb4561891b61c1e6e17a68,windows10-64-shippable-qr,True,False,,,102210fe594ee9b33d82058545b1ed14f4c8206e,browser-toolbox.close-process.DAMP,damp,True,damp browser-toolbox.close-process.DAMP opt e10s fission stylo webrender-sw,4768818,77,ms,firefox,,1760568465,2023-09-21 14:02:07,76.00496980908792,6e82382700fc8345a06dc3efd346a25826fa1bf2,1304316,,,,,,,,,,,,,,,,,,,,,,,,,,,,,,,,,,,,,,,,,,,,,,,,,,,,,,,,,,,,,TN,TN
autoland,4769114,12,1a03ada32d4ae63ebeeb4561891b61c1e6e17a68,windows10-64-shippable-qr,True,False,,,102210fe594ee9b33d82058545b1ed14f4c8206e,browser-toolbox.close-process.DAMP,damp,True,damp browser-toolbox.close-process.DAMP opt e10s fission stylo webrender-sw,4768818,77,ms,firefox,,1761354584,2023-09-21 15:48:43,70.69926487127668,3dbbf33d280bfd8c07b86b15238bbb6d1e1755db,1304392,,,,,,,,,,,,,,,,,,,,,,,,,,,,,,,,,,,,,,,,,,,,,,,,,,,,,,,,,,,,,TN,TN
autoland,4769114,12,1a03ada32d4ae63ebeeb4561891b61c1e6e17a68,windows10-64-shippable-qr,True,False,,,102210fe594ee9b33d82058545b1ed14f4c8206e,browser-toolbox.close-process.DAMP,damp,True,damp browser-toolbox.close-process.DAMP opt e10s fission stylo webrender-sw,4768818,77,ms,firefox,,1761365127,2023-09-21 16:02:59,68.71955735931988,7516dab19a7ed5bda7491f14fffe53501c353cc1,1304402,,,,,,,,,,,,,,,,,,,,,,,,,,,,,,,,,,,,,,,,,,,,,,,,,,,,,,,,,,,,,TN,TN
autoland,4769114,12,1a03ada32d4ae63ebeeb4561891b61c1e6e17a68,windows10-64-shippable-qr,True,False,,,102210fe594ee9b33d82058545b1ed14f4c8206e,browser-toolbox.close-process.DAMP,damp,True,damp browser-toolbox.close-process.DAMP opt e10s fission stylo webrender-sw,4768818,77,ms,firefox,,1761391045,2023-09-21 16:13:21,76.05019643719424,808881289cbd2c219fba3a788fef38d4cf826593,1304413,,,,,,,,,,,,,,,,,,,,,,,,,,,,,,,,,,,,,,,,,,,,,,,,,,,,,,,,,,,,,TN,TN
autoland,4769114,12,1a03ada32d4ae63ebeeb4561891b61c1e6e17a68,windows10-64-shippable-qr,True,False,,,102210fe594ee9b33d82058545b1ed14f4c8206e,browser-toolbox.close-process.DAMP,damp,True,damp browser-toolbox.close-process.DAMP opt e10s fission stylo webrender-sw,4768818,77,ms,firefox,,1761390567,2023-09-21 16:14:17,74.93584636715968,ceee4d0a71175f5fe743ca163647e7d0f57fff0e,1304414,,,,,,,,,,,,,,,,,,,,,,,,,,,,,,,,,,,,,,,,,,,,,,,,,,,,,,,,,,,,,TN,TN
autoland,4769114,12,1a03ada32d4ae63ebeeb4561891b61c1e6e17a68,windows10-64-shippable-qr,True,False,,,102210fe594ee9b33d82058545b1ed14f4c8206e,browser-toolbox.close-process.DAMP,damp,True,damp browser-toolbox.close-process.DAMP opt e10s fission stylo webrender-sw,4768818,77,ms,firefox,,1761390831,2023-09-21 16:34:27,75.6994250590069,a76ec62a98d33df96fd3b688743533e4875cd130,1304428,,,,,,,,,,,,,,,,,,,,,,,,,,,,,,,,,,,,,,,,,,,,,,,,,,,,,,,,,,,,,TN,TN
autoland,4769114,12,1a03ada32d4ae63ebeeb4561891b61c1e6e17a68,windows10-64-shippable-qr,True,False,,,102210fe594ee9b33d82058545b1ed14f4c8206e,browser-toolbox.close-process.DAMP,damp,True,damp browser-toolbox.close-process.DAMP opt e10s fission stylo webrender-sw,4768818,77,ms,firefox,,1761355172,2023-09-21 16:35:46,69.80606808642187,028b2e51863828f9d6a1e00a8c085845e63f72e0,1304430,,,,,,,,,,,,,,,,,,,,,,,,,,,,,,,,,,,,,,,,,,,,,,,,,,,,,,,,,,,,,TN,TN
autoland,4769114,12,1a03ada32d4ae63ebeeb4561891b61c1e6e17a68,windows10-64-shippable-qr,True,False,,,102210fe594ee9b33d82058545b1ed14f4c8206e,browser-toolbox.close-process.DAMP,damp,True,damp browser-toolbox.close-process.DAMP opt e10s fission stylo webrender-sw,4768818,77,ms,firefox,,1761355227,2023-09-21 17:31:33,70.47061991904047,c3b23fbbe898130deb34c48569c8e7201ffabffb,1304471,,,,,,,,,,,,,,,,,,,,,,,,,,,,,,,,,,,,,,,,,,,,,,,,,,,,,,,,,,,,,TN,TN
autoland,4769114,12,1a03ada32d4ae63ebeeb4561891b61c1e6e17a68,windows10-64-shippable-qr,True,False,,,102210fe594ee9b33d82058545b1ed14f4c8206e,browser-toolbox.close-process.DAMP,damp,True,damp browser-toolbox.close-process.DAMP opt e10s fission stylo webrender-sw,4768818,77,ms,firefox,,1761392780,2023-09-21 17:39:55,76.16178634539028,e4f429e902f8ba358b8ae8af6c8958ec534e4f56,1304479,,,,,,,,,,,,,,,,,,,,,,,,,,,,,,,,,,,,,,,,,,,,,,,,,,,,,,,,,,,,,TN,TN
autoland,4769114,12,1a03ada32d4ae63ebeeb4561891b61c1e6e17a68,windows10-64-shippable-qr,True,False,,,102210fe594ee9b33d82058545b1ed14f4c8206e,browser-toolbox.close-process.DAMP,damp,True,damp browser-toolbox.close-process.DAMP opt e10s fission stylo webrender-sw,4768818,77,ms,firefox,,1761390180,2023-09-21 17:55:40,76.0593196474656,735d4e8f49c69b7055cc741d73fa319505916ef8,1304489,,,,,,,,,,,,,,,,,,,,,,,,,,,,,,,,,,,,,,,,,,,,,,,,,,,,,,,,,,,,,TN,TN
autoland,4769114,12,1a03ada32d4ae63ebeeb4561891b61c1e6e17a68,windows10-64-shippable-qr,True,False,,,102210fe594ee9b33d82058545b1ed14f4c8206e,browser-toolbox.close-process.DAMP,damp,True,damp browser-toolbox.close-process.DAMP opt e10s fission stylo webrender-sw,4768818,77,ms,firefox,,1760700349,2023-09-21 18:54:27,76.7960353470844,114bde678f299872db02fe1116ecfd3a7ada9381,1304515,,,,,,,,,,,,,,,,,,,,,,,,,,,,,,,,,,,,,,,,,,,,,,,,,,,,,,,,,,,,,TN,TN
autoland,4769114,12,1a03ada32d4ae63ebeeb4561891b61c1e6e17a68,windows10-64-shippable-qr,True,False,,,102210fe594ee9b33d82058545b1ed14f4c8206e,browser-toolbox.close-process.DAMP,damp,True,damp browser-toolbox.close-process.DAMP opt e10s fission stylo webrender-sw,4768818,77,ms,firefox,,1760708928,2023-09-21 19:19:33,76.80325577441545,86fd71ad69b346f713966a8f18ec97a5b99a0aee,1304533,,,,,,,,,,,,,,,,,,,,,,,,,,,,,,,,,,,,,,,,,,,,,,,,,,,,,,,,,,,,,TN,TN
autoland,4769114,12,1a03ada32d4ae63ebeeb4561891b61c1e6e17a68,windows10-64-shippable-qr,True,False,,,102210fe594ee9b33d82058545b1ed14f4c8206e,browser-toolbox.close-process.DAMP,damp,True,damp browser-toolbox.close-process.DAMP opt e10s fission stylo webrender-sw,4768818,77,ms,firefox,,1760798933,2023-09-21 23:47:59,69.299870839488,efa8aa7a4f5484f349595a2c97ba6a2c6f214c66,1304690,,,,,,,,,,,,,,,,,,,,,,,,,,,,,,,,,,,,,,,,,,,,,,,,,,,,,,,,,,,,,TN,TN
autoland,4769114,12,1a03ada32d4ae63ebeeb4561891b61c1e6e17a68,windows10-64-shippable-qr,True,False,,,102210fe594ee9b33d82058545b1ed14f4c8206e,browser-toolbox.close-process.DAMP,damp,True,damp browser-toolbox.close-process.DAMP opt e10s fission stylo webrender-sw,4768818,77,ms,firefox,,1760932036,2023-09-22 04:42:00,75.65856842094217,2de4a198348cc150a0c3ce328c42beade9646190,1304767,,,,,,,,,,,,,,,,,,,,,,,,,,,,,,,,,,,,,,,,,,,,,,,,,,,,,,,,,,,,,TN,TN
autoland,4769114,12,1a03ada32d4ae63ebeeb4561891b61c1e6e17a68,windows10-64-shippable-qr,True,False,,,102210fe594ee9b33d82058545b1ed14f4c8206e,browser-toolbox.close-process.DAMP,damp,True,damp browser-toolbox.close-process.DAMP opt e10s fission stylo webrender-sw,4768818,77,ms,firefox,,1761049449,2023-09-22 11:33:15,76.44678523459879,6da1ce80e10cc6744801930434a44df21da87140,1304916,,,,,,,,,,,,,,,,,,,,,,,,,,,,,,,,,,,,,,,,,,,,,,,,,,,,,,,,,,,,,TN,TN
autoland,4769114,12,1a03ada32d4ae63ebeeb4561891b61c1e6e17a68,windows10-64-shippable-qr,True,False,,,102210fe594ee9b33d82058545b1ed14f4c8206e,browser-toolbox.close-process.DAMP,damp,True,damp browser-toolbox.close-process.DAMP opt e10s fission stylo webrender-sw,4768818,77,ms,firefox,,1761126482,2023-09-22 15:35:17,68.87461659713881,d244d17a8e9ac94aa05c3bf0c2659104c7b15f76,1305037,,,,,,,,,,,,,,,,,,,,,,,,,,,,,,,,,,,,,,,,,,,,,,,,,,,,,,,,,,,,,TN,TN
autoland,4769114,12,1a03ada32d4ae63ebeeb4561891b61c1e6e17a68,windows10-64-shippable-qr,True,False,,,102210fe594ee9b33d82058545b1ed14f4c8206e,browser-toolbox.close-process.DAMP,damp,True,damp browser-toolbox.close-process.DAMP opt e10s fission stylo webrender-sw,4768818,77,ms,firefox,,1761141313,2023-09-22 16:10:00,76.677658717148,aee77156969b7d1f696e8952bc590e1449a16f85,1305065,,,,,,,,,,,,,,,,,,,,,,,,,,,,,,,,,,,,,,,,,,,,,,,,,,,,,,,,,,,,,TN,TN
autoland,4769114,12,1a03ada32d4ae63ebeeb4561891b61c1e6e17a68,windows10-64-shippable-qr,True,False,,,102210fe594ee9b33d82058545b1ed14f4c8206e,browser-toolbox.close-process.DAMP,damp,True,damp browser-toolbox.close-process.DAMP opt e10s fission stylo webrender-sw,4768818,77,ms,firefox,,1761269372,2023-09-22 20:28:01,77.61085057891614,80cfc74bb77e6c4abfd0d70c51b274e4b036a05b,1305231,,,,,,,,,,,,,,,,,,,,,,,,,,,,,,,,,,,,,,,,,,,,,,,,,,,,,,,,,,,,,TN,TN
autoland,4769114,12,1a03ada32d4ae63ebeeb4561891b61c1e6e17a68,windows10-64-shippable-qr,True,False,,,102210fe594ee9b33d82058545b1ed14f4c8206e,browser-toolbox.close-process.DAMP,damp,True,damp browser-toolbox.close-process.DAMP opt e10s fission stylo webrender-sw,4768818,77,ms,firefox,,1761315938,2023-09-23 00:28:09,69.88888911642425,5ce53217bf3e4d42db88aab74741654bfc634cc8,1305322,,,,,,,,,,,,,,,,,,,,,,,,,,,,,,,,,,,,,,,,,,,,,,,,,,,,,,,,,,,,,TN,TN
autoland,4769114,12,1a03ada32d4ae63ebeeb4561891b61c1e6e17a68,windows10-64-shippable-qr,True,False,,,102210fe594ee9b33d82058545b1ed14f4c8206e,browser-toolbox.close-process.DAMP,damp,True,damp browser-toolbox.close-process.DAMP opt e10s fission stylo webrender-sw,4768818,77,ms,firefox,,1761326415,2023-09-23 00:41:33,76.12048506138672,1d9627a1274de78256ecdee1e8058e6b32392404,1305328,,,,,,,,,,,,,,,,,,,,,,,,,,,,,,,,,,,,,,,,,,,,,,,,,,,,,,,,,,,,,TN,TN
autoland,4769114,12,1a03ada32d4ae63ebeeb4561891b61c1e6e17a68,windows10-64-shippable-qr,True,False,,,102210fe594ee9b33d82058545b1ed14f4c8206e,browser-toolbox.close-process.DAMP,damp,True,damp browser-toolbox.close-process.DAMP opt e10s fission stylo webrender-sw,4768818,77,ms,firefox,,1761442068,2023-09-23 16:39:34,76.22826512512984,e85748b0b9880ee586b2c155a4d84c1cdf3f31b4,1305402,,,,,,,,,,,,,,,,,,,,,,,,,,,,,,,,,,,,,,,,,,,,,,,,,,,,,,,,,,,,,TN,TN
autoland,4769114,12,1a03ada32d4ae63ebeeb4561891b61c1e6e17a68,windows10-64-shippable-qr,True,False,,,102210fe594ee9b33d82058545b1ed14f4c8206e,browser-toolbox.close-process.DAMP,damp,True,damp browser-toolbox.close-process.DAMP opt e10s fission stylo webrender-sw,4768818,77,ms,firefox,,1761480743,2023-09-23 21:16:13,70.538276115607,f4a2f296a2ea585882f2a2a627c036538eb875b0,1305420,,,,,,,,,,,,,,,,,,,,,,,,,,,,,,,,,,,,,,,,,,,,,,,,,,,,,,,,,,,,,TN,TN
autoland,4769114,12,1a03ada32d4ae63ebeeb4561891b61c1e6e17a68,windows10-64-shippable-qr,True,False,,,102210fe594ee9b33d82058545b1ed14f4c8206e,browser-toolbox.close-process.DAMP,damp,True,damp browser-toolbox.close-process.DAMP opt e10s fission stylo webrender-sw,4768818,77,ms,firefox,,1761686467,2023-09-25 06:00:52,76.41598695830908,68035862c82691cc5ad039c1067c1fd24d048350,1305598,,,,,,,,,,,,,,,,,,,,,,,,,,,,,,,,,,,,,,,,,,,,,,,,,,,,,,,,,,,,,TN,TN
autoland,4769114,12,1a03ada32d4ae63ebeeb4561891b61c1e6e17a68,windows10-64-shippable-qr,True,False,,,102210fe594ee9b33d82058545b1ed14f4c8206e,browser-toolbox.close-process.DAMP,damp,True,damp browser-toolbox.close-process.DAMP opt e10s fission stylo webrender-sw,4768818,77,ms,firefox,,1761721160,2023-09-25 08:45:06,70.34322802620954,27778dad58d148bf24097e327e55eb3b8631b902,1305656,,,,,,,,,,,,,,,,,,,,,,,,,,,,,,,,,,,,,,,,,,,,,,,,,,,,,,,,,,,,,TN,TN
autoland,4769114,12,1a03ada32d4ae63ebeeb4561891b61c1e6e17a68,windows10-64-shippable-qr,True,False,,,102210fe594ee9b33d82058545b1ed14f4c8206e,browser-toolbox.close-process.DAMP,damp,True,damp browser-toolbox.close-process.DAMP opt e10s fission stylo webrender-sw,4768818,77,ms,firefox,,1763573131,2023-09-25 11:02:18,76.31231416555602,2053462f6adf3c475cebf36edaf94209d98fa3ce,1305725,,,,,,,,,,,,,,,,,,,,,,,,,,,,,,,,,,,,,,,,,,,,,,,,,,,,,,,,,,,,,TN,TN
autoland,4769114,12,1a03ada32d4ae63ebeeb4561891b61c1e6e17a68,windows10-64-shippable-qr,True,False,,,102210fe594ee9b33d82058545b1ed14f4c8206e,browser-toolbox.close-process.DAMP,damp,True,damp browser-toolbox.close-process.DAMP opt e10s fission stylo webrender-sw,4768818,77,ms,firefox,,1763573452,2023-09-25 11:14:42,76.43985419613091,61dcd31fe43fbac70bfc104e908b1371209a9eb4,1305736,,,,,,,,,,,,,,,,,,,,,,,,,,,,,,,,,,,,,,,,,,,,,,,,,,,,,,,,,,,,,TN,TN
autoland,4769114,12,1a03ada32d4ae63ebeeb4561891b61c1e6e17a68,windows10-64-shippable-qr,True,False,,,102210fe594ee9b33d82058545b1ed14f4c8206e,browser-toolbox.close-process.DAMP,damp,True,damp browser-toolbox.close-process.DAMP opt e10s fission stylo webrender-sw,4768818,77,ms,firefox,,1763573522,2023-09-25 11:23:34,75.03281069466539,3df1e7cfaf9403b16680ffc33821d3b384ec1a4f,1305740,,,,,,,,,,,,,,,,,,,,,,,,,,,,,,,,,,,,,,,,,,,,,,,,,,,,,,,,,,,,,TN,TN
autoland,4769114,12,1a03ada32d4ae63ebeeb4561891b61c1e6e17a68,windows10-64-shippable-qr,True,False,,,102210fe594ee9b33d82058545b1ed14f4c8206e,browser-toolbox.close-process.DAMP,damp,True,damp browser-toolbox.close-process.DAMP opt e10s fission stylo webrender-sw,4768818,77,ms,firefox,,1763580072,2023-09-25 11:52:05,77.13921950785152,9d39fae8356d824621d14f7cca7f0aa9fb31c900,1305754,,,,,,,,,,,,,,,,,,,,,,,,,,,,,,,,,,,,,,,,,,,,,,,,,,,,,,,,,,,,,TN,TN
autoland,4769114,12,1a03ada32d4ae63ebeeb4561891b61c1e6e17a68,windows10-64-shippable-qr,True,False,,,102210fe594ee9b33d82058545b1ed14f4c8206e,browser-toolbox.close-process.DAMP,damp,True,damp browser-toolbox.close-process.DAMP opt e10s fission stylo webrender-sw,4768818,77,ms,firefox,,1763574242,2023-09-25 11:55:00,76.67133041857596,b21ec356e7e1bf96125415a4a8856f43dc7c828a,1305755,,,,,,,,,,,,,,,,,,,,,,,,,,,,,,,,,,,,,,,,,,,,,,,,,,,,,,,,,,,,,TN,TN
autoland,4769114,12,1a03ada32d4ae63ebeeb4561891b61c1e6e17a68,windows10-64-shippable-qr,True,False,,,102210fe594ee9b33d82058545b1ed14f4c8206e,browser-toolbox.close-process.DAMP,damp,True,damp browser-toolbox.close-process.DAMP opt e10s fission stylo webrender-sw,4768818,77,ms,firefox,,1763575068,2023-09-25 11:58:51,76.38501807870853,edca98913a48b56143dbab5f3ff966dafeb204a9,1305759,,,,,,,,,,,,,,,,,,,,,,,,,,,,,,,,,,,,,,,,,,,,,,,,,,,,,,,,,,,,,TN,TN
autoland,4769114,12,1a03ada32d4ae63ebeeb4561891b61c1e6e17a68,windows10-64-shippable-qr,True,False,,,102210fe594ee9b33d82058545b1ed14f4c8206e,browser-toolbox.close-process.DAMP,damp,True,damp browser-toolbox.close-process.DAMP opt e10s fission stylo webrender-sw,4768818,77,ms,firefox,,1763576086,2023-09-25 12:15:51,75.80556414577586,a8305ea48b4ca432c6e10ea45d475586512c6037,1305772,,,,,,,,,,,,,,,,,,,,,,,,,,,,,,,,,,,,,,,,,,,,,,,,,,,,,,,,,,,,,TN,TN
autoland,4769114,12,1a03ada32d4ae63ebeeb4561891b61c1e6e17a68,windows10-64-shippable-qr,True,False,,,102210fe594ee9b33d82058545b1ed14f4c8206e,browser-toolbox.close-process.DAMP,damp,True,damp browser-toolbox.close-process.DAMP opt e10s fission stylo webrender-sw,4768818,77,ms,firefox,,1763576393,2023-09-25 12:29:44,77.47707433492542,a151165c8ba1e0a95cf626dc3f30b3fab32f12a5,1305784,,,,,,,,,,,,,,,,,,,,,,,,,,,,,,,,,,,,,,,,,,,,,,,,,,,,,,,,,,,,,TN,TN
autoland,4769114,12,1a03ada32d4ae63ebeeb4561891b61c1e6e17a68,windows10-64-shippable-qr,True,False,,,102210fe594ee9b33d82058545b1ed14f4c8206e,browser-toolbox.close-process.DAMP,damp,True,damp browser-toolbox.close-process.DAMP opt e10s fission stylo webrender-sw,4768818,77,ms,firefox,,1763576608,2023-09-25 12:30:33,75.87527387774026,7095adada0469a26b7fb47fc05017c5d8b95e1fb,1305789,,,,,,,,,,,,,,,,,,,,,,,,,,,,,,,,,,,,,,,,,,,,,,,,,,,,,,,,,,,,,TN,TN
autoland,4769114,12,1a03ada32d4ae63ebeeb4561891b61c1e6e17a68,windows10-64-shippable-qr,True,False,,,102210fe594ee9b33d82058545b1ed14f4c8206e,browser-toolbox.close-process.DAMP,damp,True,damp browser-toolbox.close-process.DAMP opt e10s fission stylo webrender-sw,4768818,77,ms,firefox,,1761872727,2023-09-25 12:33:35,68.47147835245414,9a8976307af6049000ae1a1623fd71bd62850a10,1305791,,,,,,,,,,,,,,,,,,,,,,,,,,,,,,,,,,,,,,,,,,,,,,,,,,,,,,,,,,,,,TN,TN
autoland,4769114,12,1a03ada32d4ae63ebeeb4561891b61c1e6e17a68,windows10-64-shippable-qr,True,False,,,102210fe594ee9b33d82058545b1ed14f4c8206e,browser-toolbox.close-process.DAMP,damp,True,damp browser-toolbox.close-process.DAMP opt e10s fission stylo webrender-sw,4768818,77,ms,firefox,,1763580915,2023-09-25 19:16:05,79.32621333175484,f8a35d1b546df5cccc0cebe66f328e5f409ada7d,1306129,,,,,,,,,,,,,,,,,,,,,,,,,,,,,,,,,,,,,,,,,,,,,,,,,,,,,,,,,,,,,TN,TN
autoland,4769114,12,1a03ada32d4ae63ebeeb4561891b61c1e6e17a68,windows10-64-shippable-qr,True,False,,,102210fe594ee9b33d82058545b1ed14f4c8206e,browser-toolbox.close-process.DAMP,damp,True,damp browser-toolbox.close-process.DAMP opt e10s fission stylo webrender-sw,4768818,77,ms,firefox,,1763580151,2023-09-25 19:16:05,76.02468528985628,f8a35d1b546df5cccc0cebe66f328e5f409ada7d,1306129,,,,,,,,,,,,,,,,,,,,,,,,,,,,,,,,,,,,,,,,,,,,,,,,,,,,,,,,,,,,,TN,TN
autoland,4769114,12,1a03ada32d4ae63ebeeb4561891b61c1e6e17a68,windows10-64-shippable-qr,True,False,,,102210fe594ee9b33d82058545b1ed14f4c8206e,browser-toolbox.close-process.DAMP,damp,True,damp browser-toolbox.close-process.DAMP opt e10s fission stylo webrender-sw,4768818,77,ms,firefox,,1763579992,2023-09-25 19:42:52,76.44041837914847,446af5901170298be55e94db0c854ec06c6c0102,1306159,,,,,,,,,,,,,,,,,,,,,,,,,,,,,,,,,,,,,,,,,,,,,,,,,,,,,,,,,,,,,TN,TN
autoland,4769114,12,1a03ada32d4ae63ebeeb4561891b61c1e6e17a68,windows10-64-shippable-qr,True,False,,,102210fe594ee9b33d82058545b1ed14f4c8206e,browser-toolbox.close-process.DAMP,damp,True,damp browser-toolbox.close-process.DAMP opt e10s fission stylo webrender-sw,4768818,77,ms,firefox,,1763581079,2023-09-25 19:51:04,76.70187975712179,241f18a25074002f7ef3f177c272ee3d51b838d2,1306170,,,,,,,,,,,,,,,,,,,,,,,,,,,,,,,,,,,,,,,,,,,,,,,,,,,,,,,,,,,,,TN,TN
autoland,4769114,12,1a03ada32d4ae63ebeeb4561891b61c1e6e17a68,windows10-64-shippable-qr,True,False,,,102210fe594ee9b33d82058545b1ed14f4c8206e,browser-toolbox.close-process.DAMP,damp,True,damp browser-toolbox.close-process.DAMP opt e10s fission stylo webrender-sw,4768818,77,ms,firefox,,1763581144,2023-09-25 19:55:24,75.23190182707913,6a8c88c57fe27ec665309d06280f9f2d5b31dcc4,1306176,,,,,,,,,,,,,,,,,,,,,,,,,,,,,,,,,,,,,,,,,,,,,,,,,,,,,,,,,,,,,TN,TN
autoland,4769114,12,1a03ada32d4ae63ebeeb4561891b61c1e6e17a68,windows10-64-shippable-qr,True,False,,,102210fe594ee9b33d82058545b1ed14f4c8206e,browser-toolbox.close-process.DAMP,damp,True,damp browser-toolbox.close-process.DAMP opt e10s fission stylo webrender-sw,4768818,77,ms,firefox,,1763581445,2023-09-25 20:15:04,76.75516743739718,58a9c7eea9e944accebc2ca6d02df0b981d8187d,1306196,,,,,,,,,,,,,,,,,,,,,,,,,,,,,,,,,,,,,,,,,,,,,,,,,,,,,,,,,,,,,TN,TN
autoland,4769114,12,1a03ada32d4ae63ebeeb4561891b61c1e6e17a68,windows10-64-shippable-qr,True,False,,,102210fe594ee9b33d82058545b1ed14f4c8206e,browser-toolbox.close-process.DAMP,damp,True,damp browser-toolbox.close-process.DAMP opt e10s fission stylo webrender-sw,4768818,77,ms,firefox,,1763581506,2023-09-25 20:38:54,76.13292896676285,fceae3a86a00f546a9620609c7857b72f7111d4e,1306206,,,,,,,,,,,,,,,,,,,,,,,,,,,,,,,,,,,,,,,,,,,,,,,,,,,,,,,,,,,,,TN,TN
autoland,4769114,12,1a03ada32d4ae63ebeeb4561891b61c1e6e17a68,windows10-64-shippable-qr,True,False,,,102210fe594ee9b33d82058545b1ed14f4c8206e,browser-toolbox.close-process.DAMP,damp,True,damp browser-toolbox.close-process.DAMP opt e10s fission stylo webrender-sw,4768818,77,ms,firefox,,1763581747,2023-09-25 20:38:54,76.07764777923876,fceae3a86a00f546a9620609c7857b72f7111d4e,1306206,,,,,,,,,,,,,,,,,,,,,,,,,,,,,,,,,,,,,,,,,,,,,,,,,,,,,,,,,,,,,TN,TN
autoland,4769114,12,1a03ada32d4ae63ebeeb4561891b61c1e6e17a68,windows10-64-shippable-qr,True,False,,,102210fe594ee9b33d82058545b1ed14f4c8206e,browser-toolbox.close-process.DAMP,damp,True,damp browser-toolbox.close-process.DAMP opt e10s fission stylo webrender-sw,4768818,77,ms,firefox,,1763581642,2023-09-25 20:44:54,75.65305544271541,954b734084c2f140d223b99dbe4434ff80bfc869,1306208,,,,,,,,,,,,,,,,,,,,,,,,,,,,,,,,,,,,,,,,,,,,,,,,,,,,,,,,,,,,,TN,TN
autoland,4769114,12,1a03ada32d4ae63ebeeb4561891b61c1e6e17a68,windows10-64-shippable-qr,True,False,,,102210fe594ee9b33d82058545b1ed14f4c8206e,browser-toolbox.close-process.DAMP,damp,True,damp browser-toolbox.close-process.DAMP opt e10s fission stylo webrender-sw,4768818,77,ms,firefox,,1763581848,2023-09-25 20:44:54,76.04927627053985,954b734084c2f140d223b99dbe4434ff80bfc869,1306208,,,,,,,,,,,,,,,,,,,,,,,,,,,,,,,,,,,,,,,,,,,,,,,,,,,,,,,,,,,,,TN,TN
autoland,4769114,12,1a03ada32d4ae63ebeeb4561891b61c1e6e17a68,windows10-64-shippable-qr,True,False,,,102210fe594ee9b33d82058545b1ed14f4c8206e,browser-toolbox.close-process.DAMP,damp,True,damp browser-toolbox.close-process.DAMP opt e10s fission stylo webrender-sw,4768818,77,ms,firefox,,1762083212,2023-09-25 20:45:54,74.91006736882991,6a7f708c3d0458c9b30efa2bdfde6e7812554d1e,1306210,,,,,,,,,,,,,,,,,,,,,,,,,,,,,,,,,,,,,,,,,,,,,,,,,,,,,,,,,,,,,TN,TN
autoland,4769114,12,1a03ada32d4ae63ebeeb4561891b61c1e6e17a68,windows10-64-shippable-qr,True,False,,,102210fe594ee9b33d82058545b1ed14f4c8206e,browser-toolbox.close-process.DAMP,damp,True,damp browser-toolbox.close-process.DAMP opt e10s fission stylo webrender-sw,4768818,77,ms,firefox,,1763856299,2023-09-25 20:51:23,76.00651674602705,dd3a03791ed7d1833b16aefba56f0f31457f9791,1306219,,,,,,,,,,,,,,,,,,,,,,,,,,,,,,,,,,,,,,,,,,,,,,,,,,,,,,,,,,,,,TN,TN
autoland,4769114,12,1a03ada32d4ae63ebeeb4561891b61c1e6e17a68,windows10-64-shippable-qr,True,False,,,102210fe594ee9b33d82058545b1ed14f4c8206e,browser-toolbox.close-process.DAMP,damp,True,damp browser-toolbox.close-process.DAMP opt e10s fission stylo webrender-sw,4768818,77,ms,firefox,,1763856713,2023-09-25 22:22:32,74.28894329740433,93867a0f165313a5ff0768e1c960d4ded11b404a,1306286,,,,,,,,,,,,,,,,,,,,,,,,,,,,,,,,,,,,,,,,,,,,,,,,,,,,,,,,,,,,,TN,TN
autoland,4769114,12,1a03ada32d4ae63ebeeb4561891b61c1e6e17a68,windows10-64-shippable-qr,True,False,,,102210fe594ee9b33d82058545b1ed14f4c8206e,browser-toolbox.close-process.DAMP,damp,True,damp browser-toolbox.close-process.DAMP opt e10s fission stylo webrender-sw,4768818,77,ms,firefox,,1763856600,2023-09-25 22:24:31,73.40062375222624,4ea28f9fcd5bc19c617bcdadc6bc361755d1680d,1306288,,,,,,,,,,,,,,,,,,,,,,,,,,,,,,,,,,,,,,,,,,,,,,,,,,,,,,,,,,,,,TN,TN
autoland,4769114,12,1a03ada32d4ae63ebeeb4561891b61c1e6e17a68,windows10-64-shippable-qr,True,False,,,102210fe594ee9b33d82058545b1ed14f4c8206e,browser-toolbox.close-process.DAMP,damp,True,damp browser-toolbox.close-process.DAMP opt e10s fission stylo webrender-sw,4768818,77,ms,firefox,,1763857135,2023-09-25 22:26:02,77.74007180292392,64b093aa12a927ed284928d5dd4f7c6f08368b42,1306289,,,,,,,,,,,,,,,,,,,,,,,,,,,,,,,,,,,,,,,,,,,,,,,,,,,,,,,,,,,,,TN,TN
autoland,4769114,12,1a03ada32d4ae63ebeeb4561891b61c1e6e17a68,windows10-64-shippable-qr,True,False,,,102210fe594ee9b33d82058545b1ed14f4c8206e,browser-toolbox.close-process.DAMP,damp,True,damp browser-toolbox.close-process.DAMP opt e10s fission stylo webrender-sw,4768818,77,ms,firefox,,1763857070,2023-09-25 22:27:56,76.79477486488759,f15fbf1b13af37af156deea4ca7327a810533bbe,1306291,,,,,,,,,,,,,,,,,,,,,,,,,,,,,,,,,,,,,,,,,,,,,,,,,,,,,,,,,,,,,TN,TN
autoland,4769114,12,1a03ada32d4ae63ebeeb4561891b61c1e6e17a68,windows10-64-shippable-qr,True,False,,,102210fe594ee9b33d82058545b1ed14f4c8206e,browser-toolbox.close-process.DAMP,damp,True,damp browser-toolbox.close-process.DAMP opt e10s fission stylo webrender-sw,4768818,77,ms,firefox,,1763856189,2023-09-25 22:28:56,75.83242595633419,7f516f079dd477e68270d19861eaa4513cfb3270,1306292,,,,,,,,,,,,,,,,,,,,,,,,,,,,,,,,,,,,,,,,,,,,,,,,,,,,,,,,,,,,,TN,TN
autoland,4769114,12,1a03ada32d4ae63ebeeb4561891b61c1e6e17a68,windows10-64-shippable-qr,True,False,,,102210fe594ee9b33d82058545b1ed14f4c8206e,browser-toolbox.close-process.DAMP,damp,True,damp browser-toolbox.close-process.DAMP opt e10s fission stylo webrender-sw,4768818,77,ms,firefox,,1763821968,2023-09-25 22:29:46,77.62064326921245,d3828ca7337d8ffb2112780580a3fc4e0c8ea6f2,1306293,,,,,,,,,,,,,,,,,,,,,,,,,,,,,,,,,,,,,,,,,,,,,,,,,,,,,,,,,,,,,TN,TN
autoland,4769114,12,1a03ada32d4ae63ebeeb4561891b61c1e6e17a68,windows10-64-shippable-qr,True,False,,,102210fe594ee9b33d82058545b1ed14f4c8206e,browser-toolbox.close-process.DAMP,damp,True,damp browser-toolbox.close-process.DAMP opt e10s fission stylo webrender-sw,4768818,77,ms,firefox,,1763574192,2023-09-25 22:32:11,77.48751145603455,589a7a37c2f9a6d45ecbd14f937b1621d2efeeda,1306297,,,,,,,,,,,,,,,,,,,,,,,,,,,,,,,,,,,,,,,,,,,,,,,,,,,,,,,,,,,,,TN,TN
autoland,4769114,12,1a03ada32d4ae63ebeeb4561891b61c1e6e17a68,windows10-64-shippable-qr,True,False,,,102210fe594ee9b33d82058545b1ed14f4c8206e,browser-toolbox.close-process.DAMP,damp,True,damp browser-toolbox.close-process.DAMP opt e10s fission stylo webrender-sw,4768818,77,ms,firefox,,1763575733,2023-09-25 22:33:00,74.644834072722,80384e2c99e87006a2706b701a3185463685fe76,1306298,,,,,,,,,,,,,,,,,,,,,,,,,,,,,,,,,,,,,,,,,,,,,,,,,,,,,,,,,,,,,TN,TN
autoland,4769114,12,1a03ada32d4ae63ebeeb4561891b61c1e6e17a68,windows10-64-shippable-qr,True,False,,,102210fe594ee9b33d82058545b1ed14f4c8206e,browser-toolbox.close-process.DAMP,damp,True,damp browser-toolbox.close-process.DAMP opt e10s fission stylo webrender-sw,4768818,77,ms,firefox,,1763576860,2023-09-25 23:19:28,76.61291010751302,93cb4f911941645d91cf11ed1b0062f6e351c7f5,1306315,,,,,,,,,,,,,,,,,,,,,,,,,,,,,,,,,,,,,,,,,,,,,,,,,,,,,,,,,,,,,TN,TN
autoland,4769114,12,1a03ada32d4ae63ebeeb4561891b61c1e6e17a68,windows10-64-shippable-qr,True,False,,,102210fe594ee9b33d82058545b1ed14f4c8206e,browser-toolbox.close-process.DAMP,damp,True,damp browser-toolbox.close-process.DAMP opt e10s fission stylo webrender-sw,4768818,77,ms,firefox,,1763576960,2023-09-25 23:20:46,76.76880730562334,2b3b967b65713ac173e9cd35c580ba61316b142c,1306317,,,,,,,,,,,,,,,,,,,,,,,,,,,,,,,,,,,,,,,,,,,,,,,,,,,,,,,,,,,,,TN,TN
autoland,4769114,12,1a03ada32d4ae63ebeeb4561891b61c1e6e17a68,windows10-64-shippable-qr,True,False,,,102210fe594ee9b33d82058545b1ed14f4c8206e,browser-toolbox.close-process.DAMP,damp,True,damp browser-toolbox.close-process.DAMP opt e10s fission stylo webrender-sw,4768818,77,ms,firefox,,1763577550,2023-09-25 23:27:50,75.67034441891883,dbe80b2fa7177e56b59b896014226bdb041e31b1,1306320,,,,,,,,,,,,,,,,,,,,,,,,,,,,,,,,,,,,,,,,,,,,,,,,,,,,,,,,,,,,,TN,TN
autoland,4769114,12,1a03ada32d4ae63ebeeb4561891b61c1e6e17a68,windows10-64-shippable-qr,True,False,,,102210fe594ee9b33d82058545b1ed14f4c8206e,browser-toolbox.close-process.DAMP,damp,True,damp browser-toolbox.close-process.DAMP opt e10s fission stylo webrender-sw,4768818,77,ms,firefox,,1763577700,2023-09-25 23:39:33,75.97623089986155,f1e42744f477db17dc1b75b1d476eddcdd5619a4,1306326,,,,,,,,,,,,,,,,,,,,,,,,,,,,,,,,,,,,,,,,,,,,,,,,,,,,,,,,,,,,,TN,TN
autoland,4769114,12,1a03ada32d4ae63ebeeb4561891b61c1e6e17a68,windows10-64-shippable-qr,True,False,,,102210fe594ee9b33d82058545b1ed14f4c8206e,browser-toolbox.close-process.DAMP,damp,True,damp browser-toolbox.close-process.DAMP opt e10s fission stylo webrender-sw,4768818,77,ms,firefox,,1763577408,2023-09-25 23:47:30,75.18982416199287,607266cea485dde9ac0393378974c99f814c65ca,1306330,,,,,,,,,,,,,,,,,,,,,,,,,,,,,,,,,,,,,,,,,,,,,,,,,,,,,,,,,,,,,TN,TN
autoland,4769114,12,1a03ada32d4ae63ebeeb4561891b61c1e6e17a68,windows10-64-shippable-qr,True,False,,,102210fe594ee9b33d82058545b1ed14f4c8206e,browser-toolbox.close-process.DAMP,damp,True,damp browser-toolbox.close-process.DAMP opt e10s fission stylo webrender-sw,4768818,77,ms,firefox,,1763577948,2023-09-25 23:49:30,75.2377301739034,a7e93abb3aae8576da487ac0c9ae1286de30637c,1306333,,,,,,,,,,,,,,,,,,,,,,,,,,,,,,,,,,,,,,,,,,,,,,,,,,,,,,,,,,,,,TN,TN
autoland,4769114,12,1a03ada32d4ae63ebeeb4561891b61c1e6e17a68,windows10-64-shippable-qr,True,False,,,102210fe594ee9b33d82058545b1ed14f4c8206e,browser-toolbox.close-process.DAMP,damp,True,damp browser-toolbox.close-process.DAMP opt e10s fission stylo webrender-sw,4768818,77,ms,firefox,,1762145581,2023-09-26 00:20:03,76.63321943046685,844608487349450c789be0794a915bb90d90b133,1306338,,,,,,,,,,,,,,,,,,,,,,,,,,,,,,,,,,,,,,,,,,,,,,,,,,,,,,,,,,,,,TN,TN
autoland,4769114,12,1a03ada32d4ae63ebeeb4561891b61c1e6e17a68,windows10-64-shippable-qr,True,False,,,102210fe594ee9b33d82058545b1ed14f4c8206e,browser-toolbox.close-process.DAMP,damp,True,damp browser-toolbox.close-process.DAMP opt e10s fission stylo webrender-sw,4768818,77,ms,firefox,,1763574133,2023-09-26 01:39:27,75.97201609457261,c23c9191da93412ccfb6e59f427b04c7dcb3880e,1306359,,,,,,,,,,,,,,,,,,,,,,,,,,,,,,,,,,,,,,,,,,,,,,,,,,,,,,,,,,,,,TN,TN
autoland,4769114,12,1a03ada32d4ae63ebeeb4561891b61c1e6e17a68,windows10-64-shippable-qr,True,False,,,102210fe594ee9b33d82058545b1ed14f4c8206e,browser-toolbox.close-process.DAMP,damp,True,damp browser-toolbox.close-process.DAMP opt e10s fission stylo webrender-sw,4768818,77,ms,firefox,,1763579860,2023-09-26 01:40:46,75.50940577972506,e12bd9f0ee965bb4e7ef9269a629a79c43403a4d,1306360,,,,,,,,,,,,,,,,,,,,,,,,,,,,,,,,,,,,,,,,,,,,,,,,,,,,,,,,,,,,,TN,TN
autoland,4769114,12,1a03ada32d4ae63ebeeb4561891b61c1e6e17a68,windows10-64-shippable-qr,True,False,,,102210fe594ee9b33d82058545b1ed14f4c8206e,browser-toolbox.close-process.DAMP,damp,True,damp browser-toolbox.close-process.DAMP opt e10s fission stylo webrender-sw,4768818,77,ms,firefox,,1763574836,2023-09-26 01:42:43,76.20262765092775,28162003bd3c3eaf44b4227b54b72aaf7f8f848f,1306361,,,,,,,,,,,,,,,,,,,,,,,,,,,,,,,,,,,,,,,,,,,,,,,,,,,,,,,,,,,,,TN,TN
autoland,4769114,12,1a03ada32d4ae63ebeeb4561891b61c1e6e17a68,windows10-64-shippable-qr,True,False,,,102210fe594ee9b33d82058545b1ed14f4c8206e,browser-toolbox.close-process.DAMP,damp,True,damp browser-toolbox.close-process.DAMP opt e10s fission stylo webrender-sw,4768818,77,ms,firefox,,1763575915,2023-09-26 02:32:51,77.21248815573199,39dc607f61623c82e70f4982272959e0625d52ae,1306368,,,,,,,,,,,,,,,,,,,,,,,,,,,,,,,,,,,,,,,,,,,,,,,,,,,,,,,,,,,,,TN,TN
autoland,4769114,12,1a03ada32d4ae63ebeeb4561891b61c1e6e17a68,windows10-64-shippable-qr,True,False,,,102210fe594ee9b33d82058545b1ed14f4c8206e,browser-toolbox.close-process.DAMP,damp,True,damp browser-toolbox.close-process.DAMP opt e10s fission stylo webrender-sw,4768818,77,ms,firefox,,1763576509,2023-09-26 02:51:20,75.22173885589291,956fe894deba1ba357c2699828221cda94a938a0,1306370,,,,,,,,,,,,,,,,,,,,,,,,,,,,,,,,,,,,,,,,,,,,,,,,,,,,,,,,,,,,,TN,TN
autoland,4769114,12,1a03ada32d4ae63ebeeb4561891b61c1e6e17a68,windows10-64-shippable-qr,True,False,,,102210fe594ee9b33d82058545b1ed14f4c8206e,browser-toolbox.close-process.DAMP,damp,True,damp browser-toolbox.close-process.DAMP opt e10s fission stylo webrender-sw,4768818,77,ms,firefox,,1763576450,2023-09-26 02:57:49,76.16387165437482,d6b39ea73d85054019ddee8cf425a34c549015d5,1306372,,,,,,,,,,,,,,,,,,,,,,,,,,,,,,,,,,,,,,,,,,,,,,,,,,,,,,,,,,,,,TN,TN
autoland,4769114,12,1a03ada32d4ae63ebeeb4561891b61c1e6e17a68,windows10-64-shippable-qr,True,False,,,102210fe594ee9b33d82058545b1ed14f4c8206e,browser-toolbox.close-process.DAMP,damp,True,damp browser-toolbox.close-process.DAMP opt e10s fission stylo webrender-sw,4768818,77,ms,firefox,,1763582535,2023-09-26 03:06:55,74.39383414940676,4a37e473ff9e59f774fb5f7ca79e14fc6498aace,1306373,,,,,,,,,,,,,,,,,,,,,,,,,,,,,,,,,,,,,,,,,,,,,,,,,,,,,,,,,,,,,TN,TN
autoland,4769114,12,1a03ada32d4ae63ebeeb4561891b61c1e6e17a68,windows10-64-shippable-qr,True,False,,,102210fe594ee9b33d82058545b1ed14f4c8206e,browser-toolbox.close-process.DAMP,damp,True,damp browser-toolbox.close-process.DAMP opt e10s fission stylo webrender-sw,4768818,77,ms,firefox,,1763576811,2023-09-26 03:40:31,75.90864686523128,28fd337dde917a4b11368b4ef5ea5ad19be7d484,1306381,,,,,,,,,,,,,,,,,,,,,,,,,,,,,,,,,,,,,,,,,,,,,,,,,,,,,,,,,,,,,TN,TN
autoland,4769114,12,1a03ada32d4ae63ebeeb4561891b61c1e6e17a68,windows10-64-shippable-qr,True,False,,,102210fe594ee9b33d82058545b1ed14f4c8206e,browser-toolbox.close-process.DAMP,damp,True,damp browser-toolbox.close-process.DAMP opt e10s fission stylo webrender-sw,4768818,77,ms,firefox,,1763577331,2023-09-26 04:10:55,76.34065653495782,535c375b13285473c8d29d518a21b67b6f75df68,1306385,,,,,,,,,,,,,,,,,,,,,,,,,,,,,,,,,,,,,,,,,,,,,,,,,,,,,,,,,,,,,TN,TN
autoland,4769114,12,1a03ada32d4ae63ebeeb4561891b61c1e6e17a68,windows10-64-shippable-qr,True,False,,,102210fe594ee9b33d82058545b1ed14f4c8206e,browser-toolbox.close-process.DAMP,damp,True,damp browser-toolbox.close-process.DAMP opt e10s fission stylo webrender-sw,4768818,77,ms,firefox,,1762221875,2023-09-26 05:18:37,76.06023980001919,5c61430973af5452b01293947d0f76b758b97c28,1306392,,,,,,,,,,,,,,,,,,,,,,,,,,,,,,,,,,,,,,,,,,,,,,,,,,,,,,,,,,,,,TN,TN
autoland,4769114,12,1a03ada32d4ae63ebeeb4561891b61c1e6e17a68,windows10-64-shippable-qr,True,False,,,102210fe594ee9b33d82058545b1ed14f4c8206e,browser-toolbox.close-process.DAMP,damp,True,damp browser-toolbox.close-process.DAMP opt e10s fission stylo webrender-sw,4768818,77,ms,firefox,,1763607024,2023-09-26 05:47:34,76.63647453887097,d664486ee56f12d30502b0986a5c78706c86d2cb,1306405,,,,,,,,,,,,,,,,,,,,,,,,,,,,,,,,,,,,,,,,,,,,,,,,,,,,,,,,,,,,,TN,TN
autoland,4769114,12,1a03ada32d4ae63ebeeb4561891b61c1e6e17a68,windows10-64-shippable-qr,True,False,,,102210fe594ee9b33d82058545b1ed14f4c8206e,browser-toolbox.close-process.DAMP,damp,True,damp browser-toolbox.close-process.DAMP opt e10s fission stylo webrender-sw,4768818,77,ms,firefox,,1763655320,2023-09-26 06:11:12,75.97750336810714,5ce74cb070053dacafe7c84b937cfc31d89ac883,1306411,,,,,,,,,,,,,,,,,,,,,,,,,,,,,,,,,,,,,,,,,,,,,,,,,,,,,,,,,,,,,TN,TN
autoland,4769114,12,1a03ada32d4ae63ebeeb4561891b61c1e6e17a68,windows10-64-shippable-qr,True,False,,,102210fe594ee9b33d82058545b1ed14f4c8206e,browser-toolbox.close-process.DAMP,damp,True,damp browser-toolbox.close-process.DAMP opt e10s fission stylo webrender-sw,4768818,77,ms,firefox,,1763612111,2023-09-26 07:01:21,75.47775516258116,5fa5960176d2a6b001a16c4c4e5bb69469c69b27,1306415,,,,,,,,,,,,,,,,,,,,,,,,,,,,,,,,,,,,,,,,,,,,,,,,,,,,,,,,,,,,,TN,TN
autoland,4769114,12,1a03ada32d4ae63ebeeb4561891b61c1e6e17a68,windows10-64-shippable-qr,True,False,,,102210fe594ee9b33d82058545b1ed14f4c8206e,browser-toolbox.close-process.DAMP,damp,True,damp browser-toolbox.close-process.DAMP opt e10s fission stylo webrender-sw,4768818,77,ms,firefox,,1763595852,2023-09-26 07:13:44,75.54161020449828,afb89cc4de8936deab4b253e137fcacdf6549af1,1306419,,,,,,,,,,,,,,,,,,,,,,,,,,,,,,,,,,,,,,,,,,,,,,,,,,,,,,,,,,,,,TN,TN
autoland,4769114,12,1a03ada32d4ae63ebeeb4561891b61c1e6e17a68,windows10-64-shippable-qr,True,False,,,102210fe594ee9b33d82058545b1ed14f4c8206e,browser-toolbox.close-process.DAMP,damp,True,damp browser-toolbox.close-process.DAMP opt e10s fission stylo webrender-sw,4768818,77,ms,firefox,,1763633346,2023-09-26 07:15:22,74.70329625318118,e0542c230f7a70854b7eea5b1887d780119a807c,1306420,,,,,,,,,,,,,,,,,,,,,,,,,,,,,,,,,,,,,,,,,,,,,,,,,,,,,,,,,,,,,TN,TN
autoland,4769114,12,1a03ada32d4ae63ebeeb4561891b61c1e6e17a68,windows10-64-shippable-qr,True,False,,,102210fe594ee9b33d82058545b1ed14f4c8206e,browser-toolbox.close-process.DAMP,damp,True,damp browser-toolbox.close-process.DAMP opt e10s fission stylo webrender-sw,4768818,77,ms,firefox,,1763589726,2023-09-26 07:19:39,75.50218623813635,5ede1e3235c0f8764d009107a5e686753bf8c3d9,1306421,,,,,,,,,,,,,,,,,,,,,,,,,,,,,,,,,,,,,,,,,,,,,,,,,,,,,,,,,,,,,TN,TN
autoland,4769114,12,1a03ada32d4ae63ebeeb4561891b61c1e6e17a68,windows10-64-shippable-qr,True,False,,,102210fe594ee9b33d82058545b1ed14f4c8206e,browser-toolbox.close-process.DAMP,damp,True,damp browser-toolbox.close-process.DAMP opt e10s fission stylo webrender-sw,4768818,77,ms,firefox,,1763578305,2023-09-26 07:22:43,75.38981993292327,0b480081dd33a59f2e3c247ebf9eaa36c90a926a,1306422,,,,,,,,,,,,,,,,,,,,,,,,,,,,,,,,,,,,,,,,,,,,,,,,,,,,,,,,,,,,,TN,TN
autoland,4769114,12,1a03ada32d4ae63ebeeb4561891b61c1e6e17a68,windows10-64-shippable-qr,True,False,,,102210fe594ee9b33d82058545b1ed14f4c8206e,browser-toolbox.close-process.DAMP,damp,True,damp browser-toolbox.close-process.DAMP opt e10s fission stylo webrender-sw,4768818,77,ms,firefox,,1763577918,2023-09-26 07:47:07,75.66573641971627,a7382d4a1a052e1b25d2ad2dd2bdbbf16ed3ecd7,1306433,,,,,,,,,,,,,,,,,,,,,,,,,,,,,,,,,,,,,,,,,,,,,,,,,,,,,,,,,,,,,TN,TN
autoland,4769114,12,1a03ada32d4ae63ebeeb4561891b61c1e6e17a68,windows10-64-shippable-qr,True,False,,,102210fe594ee9b33d82058545b1ed14f4c8206e,browser-toolbox.close-process.DAMP,damp,True,damp browser-toolbox.close-process.DAMP opt e10s fission stylo webrender-sw,4768818,77,ms,firefox,,1762328813,2023-09-26 07:48:07,75.9543337037976,920e4f82b3485f132edc7f551ecd9334fa702021,1306435,,,,,,,,,,,,,,,,,,,,,,,,,,,,,,,,,,,,,,,,,,,,,,,,,,,,,,,,,,,,,TN,TN
autoland,4769114,12,1a03ada32d4ae63ebeeb4561891b61c1e6e17a68,windows10-64-shippable-qr,True,False,,,102210fe594ee9b33d82058545b1ed14f4c8206e,browser-toolbox.close-process.DAMP,damp,True,damp browser-toolbox.close-process.DAMP opt e10s fission stylo webrender-sw,4768818,77,ms,firefox,,1762416435,2023-09-26 12:02:33,74.62569393054218,e60c3407f3620f94624c0ac7484a7d1b257be989,1306598,,,,,,,,,,,,,,,,,,,,,,,,,,,,,,,,,,,,,,,,,,,,,,,,,,,,,,,,,,,,,TN,TN
autoland,4769114,12,1a03ada32d4ae63ebeeb4561891b61c1e6e17a68,windows10-64-shippable-qr,True,False,,,102210fe594ee9b33d82058545b1ed14f4c8206e,browser-toolbox.close-process.DAMP,damp,True,damp browser-toolbox.close-process.DAMP opt e10s fission stylo webrender-sw,4768818,77,ms,firefox,,1762502594,2023-09-26 15:03:48,68.83553391046007,f6c351ade4f28a1ce3843d0af7e5ec35b37a3576,1306757,,,,,,,,,,,,,,,,,,,,,,,,,,,,,,,,,,,,,,,,,,,,,,,,,,,,,,,,,,,,,TN,TN
autoland,4769114,12,1a03ada32d4ae63ebeeb4561891b61c1e6e17a68,windows10-64-shippable-qr,True,False,,,102210fe594ee9b33d82058545b1ed14f4c8206e,browser-toolbox.close-process.DAMP,damp,True,damp browser-toolbox.close-process.DAMP opt e10s fission stylo webrender-sw,4768818,77,ms,firefox,,1762703607,2023-09-26 21:35:50,74.15457807666098,7a98d860920f5f74014454ce20ec6739e8a16878,1307018,,,,,,,,,,,,,,,,,,,,,,,,,,,,,,,,,,,,,,,,,,,,,,,,,,,,,,,,,,,,,TN,TN
autoland,4769114,12,1a03ada32d4ae63ebeeb4561891b61c1e6e17a68,windows10-64-shippable-qr,True,False,,,102210fe594ee9b33d82058545b1ed14f4c8206e,browser-toolbox.close-process.DAMP,damp,True,damp browser-toolbox.close-process.DAMP opt e10s fission stylo webrender-sw,4768818,77,ms,firefox,,1762755315,2023-09-27 02:35:37,75.16414717196312,583cfd323dab818e35dc1f15fa3e92a503e56e11,1307110,,,,,,,,,,,,,,,,,,,,,,,,,,,,,,,,,,,,,,,,,,,,,,,,,,,,,,,,,,,,,TN,TN
autoland,4769114,12,1a03ada32d4ae63ebeeb4561891b61c1e6e17a68,windows10-64-shippable-qr,True,False,,,102210fe594ee9b33d82058545b1ed14f4c8206e,browser-toolbox.close-process.DAMP,damp,True,damp browser-toolbox.close-process.DAMP opt e10s fission stylo webrender-sw,4768818,77,ms,firefox,,1762895910,2023-09-27 06:23:31,70.55926812633697,82ae09837aed66d319e3280febbf971a401bd8a6,1307163,,,,,,,,,,,,,,,,,,,,,,,,,,,,,,,,,,,,,,,,,,,,,,,,,,,,,,,,,,,,,TN,TN
autoland,4769114,12,1a03ada32d4ae63ebeeb4561891b61c1e6e17a68,windows10-64-shippable-qr,True,False,,,102210fe594ee9b33d82058545b1ed14f4c8206e,browser-toolbox.close-process.DAMP,damp,True,damp browser-toolbox.close-process.DAMP opt e10s fission stylo webrender-sw,4768818,77,ms,firefox,,1763013893,2023-09-27 10:25:54,75.02956802523113,a1a8c2eeff55a4651fa01530fa3ec3ab3bec9b31,1307283,,,,,,,,,,,,,,,,,,,,,,,,,,,,,,,,,,,,,,,,,,,,,,,,,,,,,,,,,,,,,TN,TN
autoland,4769114,12,1a03ada32d4ae63ebeeb4561891b61c1e6e17a68,windows10-64-shippable-qr,True,False,,,102210fe594ee9b33d82058545b1ed14f4c8206e,browser-toolbox.close-process.DAMP,damp,True,damp browser-toolbox.close-process.DAMP opt e10s fission stylo webrender-sw,4768818,77,ms,firefox,,1763066031,2023-09-27 10:32:06,77.51844051758962,af764baf74a1dd0e0b863a8cf26c25266bdcbc14,1307289,,,,,,,,,,,,,,,,,,,,,,,,,,,,,,,,,,,,,,,,,,,,,,,,,,,,,,,,,,,,,TN,TN
autoland,4769114,12,1a03ada32d4ae63ebeeb4561891b61c1e6e17a68,windows10-64-shippable-qr,True,False,,,102210fe594ee9b33d82058545b1ed14f4c8206e,browser-toolbox.close-process.DAMP,damp,True,damp browser-toolbox.close-process.DAMP opt e10s fission stylo webrender-sw,4768818,77,ms,firefox,,1763218869,2023-09-27 14:48:02,68.89020036582951,42b4fa32b69deff886ea9bc4f4f7fb94391b751a,1307439,,,,,,,,,,,,,,,,,,,,,,,,,,,,,,,,,,,,,,,,,,,,,,,,,,,,,,,,,,,,,TN,TN
autoland,4769114,12,1a03ada32d4ae63ebeeb4561891b61c1e6e17a68,windows10-64-shippable-qr,True,False,,,102210fe594ee9b33d82058545b1ed14f4c8206e,browser-toolbox.close-process.DAMP,damp,True,damp browser-toolbox.close-process.DAMP opt e10s fission stylo webrender-sw,4768818,77,ms,firefox,,1763327812,2023-09-27 17:53:51,76.83636511338409,7768cf51f090145a9009fb37298f3c1da7d60a2f,1307581,,,,,,,,,,,,,,,,,,,,,,,,,,,,,,,,,,,,,,,,,,,,,,,,,,,,,,,,,,,,,TN,TN
autoland,4769114,12,1a03ada32d4ae63ebeeb4561891b61c1e6e17a68,windows10-64-shippable-qr,True,False,,,102210fe594ee9b33d82058545b1ed14f4c8206e,browser-toolbox.close-process.DAMP,damp,True,damp browser-toolbox.close-process.DAMP opt e10s fission stylo webrender-sw,4768818,77,ms,firefox,,1763552575,2023-09-27 23:11:22,75.89277485710045,d60788c1a5064d4f45dd33001554cde650df86be,1307771,,,,,,,,,,,,,,,,,,,,,,,,,,,,,,,,,,,,,,,,,,,,,,,,,,,,,,,,,,,,,TN,TN
autoland,4769114,12,1a03ada32d4ae63ebeeb4561891b61c1e6e17a68,windows10-64-shippable-qr,True,False,,,102210fe594ee9b33d82058545b1ed14f4c8206e,browser-toolbox.close-process.DAMP,damp,True,damp browser-toolbox.close-process.DAMP opt e10s fission stylo webrender-sw,4768818,77,ms,firefox,,1763724644,2023-09-28 04:14:46,76.95646193162975,d1fc71cc3817fe3529b10939ed53c1d395a346fa,1307836,,,,,,,,,,,,,,,,,,,,,,,,,,,,,,,,,,,,,,,,,,,,,,,,,,,,,,,,,,,,,TN,TN
autoland,4769114,12,1a03ada32d4ae63ebeeb4561891b61c1e6e17a68,windows10-64-shippable-qr,True,False,,,102210fe594ee9b33d82058545b1ed14f4c8206e,browser-toolbox.close-process.DAMP,damp,True,damp browser-toolbox.close-process.DAMP opt e10s fission stylo webrender-sw,4768818,77,ms,firefox,,1763809103,2023-09-28 08:00:04,77.56091000722517,d330b8e9f58e1065d1ca63ac5f284f7d1865e83c,1307885,,,,,,,,,,,,,,,,,,,,,,,,,,,,,,,,,,,,,,,,,,,,,,,,,,,,,,,,,,,,,TN,TN
autoland,4769114,12,1a03ada32d4ae63ebeeb4561891b61c1e6e17a68,windows10-64-shippable-qr,True,False,,,102210fe594ee9b33d82058545b1ed14f4c8206e,browser-toolbox.close-process.DAMP,damp,True,damp browser-toolbox.close-process.DAMP opt e10s fission stylo webrender-sw,4768818,77,ms,firefox,,1763894274,2023-09-28 11:44:43,77.16533148556482,a5fd40a8bf47afafdda240c7b8f1b1b911d2d937,1308037,,,,,,,,,,,,,,,,,,,,,,,,,,,,,,,,,,,,,,,,,,,,,,,,,,,,,,,,,,,,,TN,TN
autoland,4769114,12,1a03ada32d4ae63ebeeb4561891b61c1e6e17a68,windows10-64-shippable-qr,True,False,,,102210fe594ee9b33d82058545b1ed14f4c8206e,browser-toolbox.close-process.DAMP,damp,True,damp browser-toolbox.close-process.DAMP opt e10s fission stylo webrender-sw,4768818,77,ms,firefox,,1764081194,2023-09-28 15:45:35,75.33378980969428,0df79cc60ea0ef86258f3b33d533c75e91805d8b,1308186,,,,,,,,,,,,,,,,,,,,,,,,,,,,,,,,,,,,,,,,,,,,,,,,,,,,,,,,,,,,,TN,TN
autoland,4769114,12,1a03ada32d4ae63ebeeb4561891b61c1e6e17a68,windows10-64-shippable-qr,True,False,,,102210fe594ee9b33d82058545b1ed14f4c8206e,browser-toolbox.close-process.DAMP,damp,True,damp browser-toolbox.close-process.DAMP opt e10s fission stylo webrender-sw,4768818,77,ms,firefox,,1764118495,2023-09-28 16:38:20,74.57761685042351,a216736126b15f69ebee5d940a5c3394f95759cb,1308227,,,,,,,,,,,,,,,,,,,,,,,,,,,,,,,,,,,,,,,,,,,,,,,,,,,,,,,,,,,,,TN,TN
autoland,4769114,12,1a03ada32d4ae63ebeeb4561891b61c1e6e17a68,windows10-64-shippable-qr,True,False,,,102210fe594ee9b33d82058545b1ed14f4c8206e,browser-toolbox.close-process.DAMP,damp,True,damp browser-toolbox.close-process.DAMP opt e10s fission stylo webrender-sw,4768818,77,ms,firefox,,1764170564,2023-09-28 19:24:36,74.4374232213595,cd324cfaf45936b4670a6c0d15cbfe22d0e2f609,1308380,,,,,,,,,,,,,,,,,,,,,,,,,,,,,,,,,,,,,,,,,,,,,,,,,,,,,,,,,,,,,TN,TN
autoland,4769114,12,1a03ada32d4ae63ebeeb4561891b61c1e6e17a68,windows10-64-shippable-qr,True,False,,,102210fe594ee9b33d82058545b1ed14f4c8206e,browser-toolbox.close-process.DAMP,damp,True,damp browser-toolbox.close-process.DAMP opt e10s fission stylo webrender-sw,4768818,77,ms,firefox,,1764336806,2023-09-28 22:48:25,76.68969646204278,72bb9164219d9f54440ccfa7f55dc02f195190f9,1308491,,,,,,,,,,,,,,,,,,,,,,,,,,,,,,,,,,,,,,,,,,,,,,,,,,,,,,,,,,,,,TN,TN
autoland,4769114,12,1a03ada32d4ae63ebeeb4561891b61c1e6e17a68,windows10-64-shippable-qr,True,False,,,102210fe594ee9b33d82058545b1ed14f4c8206e,browser-toolbox.close-process.DAMP,damp,True,damp browser-toolbox.close-process.DAMP opt e10s fission stylo webrender-sw,4768818,77,ms,firefox,,1764520730,2023-09-29 05:26:28,75.48599868450401,4fd1c7c2dcf2973c3285d981e74b08dee641a0fc,1308580,,,,,,,,,,,,,,,,,,,,,,,,,,,,,,,,,,,,,,,,,,,,,,,,,,,,,,,,,,,,,TN,TN
autoland,4769114,12,1a03ada32d4ae63ebeeb4561891b61c1e6e17a68,windows10-64-shippable-qr,True,False,,,102210fe594ee9b33d82058545b1ed14f4c8206e,browser-toolbox.close-process.DAMP,damp,True,damp browser-toolbox.close-process.DAMP opt e10s fission stylo webrender-sw,4768818,77,ms,firefox,,1764704833,2023-09-29 09:03:41,74.1635793050882,6453cd78e4f187bc198e83900dd9937c3cc6d0fc,1308650,,,,,,,,,,,,,,,,,,,,,,,,,,,,,,,,,,,,,,,,,,,,,,,,,,,,,,,,,,,,,TN,TN
autoland,4769114,12,1a03ada32d4ae63ebeeb4561891b61c1e6e17a68,windows10-64-shippable-qr,True,False,,,102210fe594ee9b33d82058545b1ed14f4c8206e,browser-toolbox.close-process.DAMP,damp,True,damp browser-toolbox.close-process.DAMP opt e10s fission stylo webrender-sw,4768818,77,ms,firefox,,1764834750,2023-09-29 13:06:51,76.65079808812152,dfea5c2f2737b0334921941ecd0f5f235432942e,1308761,,,,,,,,,,,,,,,,,,,,,,,,,,,,,,,,,,,,,,,,,,,,,,,,,,,,,,,,,,,,,TN,TN
autoland,4769114,12,1a03ada32d4ae63ebeeb4561891b61c1e6e17a68,windows10-64-shippable-qr,True,False,,,102210fe594ee9b33d82058545b1ed14f4c8206e,browser-toolbox.close-process.DAMP,damp,True,damp browser-toolbox.close-process.DAMP opt e10s fission stylo webrender-sw,4768818,77,ms,firefox,,1766502098,2023-09-29 13:29:12,76.65367325552506,c3167e76bc8e1af59a444d63526d42fab3be8420,1308768,,,,,,,,,,,,,,,,,,,,,,,,,,,,,,,,,,,,,,,,,,,,,,,,,,,,,,,,,,,,,TN,TN
autoland,4769114,12,1a03ada32d4ae63ebeeb4561891b61c1e6e17a68,windows10-64-shippable-qr,True,False,,,102210fe594ee9b33d82058545b1ed14f4c8206e,browser-toolbox.close-process.DAMP,damp,True,damp browser-toolbox.close-process.DAMP opt e10s fission stylo webrender-sw,4768818,77,ms,firefox,,1766496767,2023-09-29 13:31:49,76.89288203582691,0a41249a323f3abd6de55b7baa27a6e1811ab96a,1308771,,,,,,,,,,,,,,,,,,,,,,,,,,,,,,,,,,,,,,,,,,,,,,,,,,,,,,,,,,,,,TN,TN
autoland,4769114,12,1a03ada32d4ae63ebeeb4561891b61c1e6e17a68,windows10-64-shippable-qr,True,False,,,102210fe594ee9b33d82058545b1ed14f4c8206e,browser-toolbox.close-process.DAMP,damp,True,damp browser-toolbox.close-process.DAMP opt e10s fission stylo webrender-sw,4768818,77,ms,firefox,,1766495519,2023-09-29 13:32:50,77.29165109333553,0fc7ee382c5cef9b28139168e973d1c1a01fc87b,1308776,,,,,,,,,,,,,,,,,,,,,,,,,,,,,,,,,,,,,,,,,,,,,,,,,,,,,,,,,,,,,TN,TN
autoland,4769114,12,1a03ada32d4ae63ebeeb4561891b61c1e6e17a68,windows10-64-shippable-qr,True,False,,,102210fe594ee9b33d82058545b1ed14f4c8206e,browser-toolbox.close-process.DAMP,damp,True,damp browser-toolbox.close-process.DAMP opt e10s fission stylo webrender-sw,4768818,77,ms,firefox,,1766498536,2023-09-29 13:33:39,76.73996462419746,161d8267260601a9d3eabc924298b5ba11a03d44,1308777,,,,,,,,,,,,,,,,,,,,,,,,,,,,,,,,,,,,,,,,,,,,,,,,,,,,,,,,,,,,,TN,TN
autoland,4769114,12,1a03ada32d4ae63ebeeb4561891b61c1e6e17a68,windows10-64-shippable-qr,True,False,,,102210fe594ee9b33d82058545b1ed14f4c8206e,browser-toolbox.close-process.DAMP,damp,True,damp browser-toolbox.close-process.DAMP opt e10s fission stylo webrender-sw,4768818,77,ms,firefox,,1766493821,2023-09-29 13:46:59,75.38493833818211,670023e8a9bba0b04831cccee348cee4a5175c18,1308778,,,,,,,,,,,,,,,,,,,,,,,,,,,,,,,,,,,,,,,,,,,,,,,,,,,,,,,,,,,,,TN,TN
autoland,4769114,12,1a03ada32d4ae63ebeeb4561891b61c1e6e17a68,windows10-64-shippable-qr,True,False,,,102210fe594ee9b33d82058545b1ed14f4c8206e,browser-toolbox.close-process.DAMP,damp,True,damp browser-toolbox.close-process.DAMP opt e10s fission stylo webrender-sw,4768818,77,ms,firefox,,1766496575,2023-09-29 13:50:09,76.47259607673186,b9016e4fd85efb84fce2996a7e328881b28cb39c,1308779,,,,,,,,,,,,,,,,,,,,,,,,,,,,,,,,,,,,,,,,,,,,,,,,,,,,,,,,,,,,,TN,TN
autoland,4769114,12,1a03ada32d4ae63ebeeb4561891b61c1e6e17a68,windows10-64-shippable-qr,True,False,,,102210fe594ee9b33d82058545b1ed14f4c8206e,browser-toolbox.close-process.DAMP,damp,True,damp browser-toolbox.close-process.DAMP opt e10s fission stylo webrender-sw,4768818,77,ms,firefox,,1766495705,2023-09-29 14:13:24,75.8648525953322,a120317e670ae06f583fd6bd0a0de57ed19ad01d,1308788,,,,,,,,,,,,,,,,,,,,,,,,,,,,,,,,,,,,,,,,,,,,,,,,,,,,,,,,,,,,,TN,TN
autoland,4769114,12,1a03ada32d4ae63ebeeb4561891b61c1e6e17a68,windows10-64-shippable-qr,True,False,,,102210fe594ee9b33d82058545b1ed14f4c8206e,browser-toolbox.close-process.DAMP,damp,True,damp browser-toolbox.close-process.DAMP opt e10s fission stylo webrender-sw,4768818,77,ms,firefox,,1766494960,2023-09-29 14:18:35,75.52439866487111,ec65ca2f7db18fefc250aca74197ba901e6a0a8c,1308791,,,,,,,,,,,,,,,,,,,,,,,,,,,,,,,,,,,,,,,,,,,,,,,,,,,,,,,,,,,,,TN,TN
autoland,4769114,12,1a03ada32d4ae63ebeeb4561891b61c1e6e17a68,windows10-64-shippable-qr,True,False,,,102210fe594ee9b33d82058545b1ed14f4c8206e,browser-toolbox.close-process.DAMP,damp,True,damp browser-toolbox.close-process.DAMP opt e10s fission stylo webrender-sw,4768818,77,ms,firefox,,1766517749,2023-09-29 14:25:07,76.56009573702613,91bd2248667d7c29f28e54274cbf7f5649071bd3,1308794,,,,,,,,,,,,,,,,,,,,,,,,,,,,,,,,,,,,,,,,,,,,,,,,,,,,,,,,,,,,,TN,TN
autoland,4769114,12,1a03ada32d4ae63ebeeb4561891b61c1e6e17a68,windows10-64-shippable-qr,True,False,,,102210fe594ee9b33d82058545b1ed14f4c8206e,browser-toolbox.close-process.DAMP,damp,True,damp browser-toolbox.close-process.DAMP opt e10s fission stylo webrender-sw,4768818,77,ms,firefox,,1764870329,2023-09-29 14:43:48,76.30676031031908,e2d3169fc579506294a164827b60ea38b9295bb1,1308803,,,,,,,,,,,,,,,,,,,,,,,,,,,,,,,,,,,,,,,,,,,,,,,,,,,,,,,,,,,,,TN,TN
autoland,4769114,12,1a03ada32d4ae63ebeeb4561891b61c1e6e17a68,windows10-64-shippable-qr,True,False,,,102210fe594ee9b33d82058545b1ed14f4c8206e,browser-toolbox.close-process.DAMP,damp,True,damp browser-toolbox.close-process.DAMP opt e10s fission stylo webrender-sw,4768818,77,ms,firefox,,1766482244,2023-09-29 20:25:36,74.7743876235545,448cc1ba3cb98c120a4ee30f00ef888e73a932e6,1308997,,,,,,,,,,,,,,,,,,,,,,,,,,,,,,,,,,,,,,,,,,,,,,,,,,,,,,,,,,,,,TN,TN
autoland,4769114,12,1a03ada32d4ae63ebeeb4561891b61c1e6e17a68,windows10-64-shippable-qr,True,False,,,102210fe594ee9b33d82058545b1ed14f4c8206e,browser-toolbox.close-process.DAMP,damp,True,damp browser-toolbox.close-process.DAMP opt e10s fission stylo webrender-sw,4768818,77,ms,firefox,,1766404009,2023-09-29 20:42:51,68.67478926915646,6ffc8bdec837d1b4c1dc4a75b96f417bfde1cebd,1309001,,,,,,,,,,,,,,,,,,,,,,,,,,,,,,,,,,,,,,,,,,,,,,,,,,,,,,,,,,,,,TN,TN
autoland,4769114,12,1a03ada32d4ae63ebeeb4561891b61c1e6e17a68,windows10-64-shippable-qr,True,False,,,102210fe594ee9b33d82058545b1ed14f4c8206e,browser-toolbox.close-process.DAMP,damp,True,damp browser-toolbox.close-process.DAMP opt e10s fission stylo webrender-sw,4768818,77,ms,firefox,,1766497996,2023-09-29 21:07:12,76.3070091153204,c869f080aad6301b8c8021152a97de1e23de2f24,1309006,,,,,,,,,,,,,,,,,,,,,,,,,,,,,,,,,,,,,,,,,,,,,,,,,,,,,,,,,,,,,TN,TN
autoland,4769114,12,1a03ada32d4ae63ebeeb4561891b61c1e6e17a68,windows10-64-shippable-qr,True,False,,,102210fe594ee9b33d82058545b1ed14f4c8206e,browser-toolbox.close-process.DAMP,damp,True,damp browser-toolbox.close-process.DAMP opt e10s fission stylo webrender-sw,4768818,77,ms,firefox,,1766517606,2023-09-29 21:14:00,77.05970236369467,e6362eee5078a68e7fdfbf6bc3083042a37ff4e3,1309007,,,,,,,,,,,,,,,,,,,,,,,,,,,,,,,,,,,,,,,,,,,,,,,,,,,,,,,,,,,,,TN,TN
autoland,4769114,12,1a03ada32d4ae63ebeeb4561891b61c1e6e17a68,windows10-64-shippable-qr,True,False,,,102210fe594ee9b33d82058545b1ed14f4c8206e,browser-toolbox.close-process.DAMP,damp,True,damp browser-toolbox.close-process.DAMP opt e10s fission stylo webrender-sw,4768818,77,ms,firefox,,1766499293,2023-09-29 22:03:20,76.39298725155822,21e242393f222340fa948cedf15f7a7d6b3dee34,1309029,,,,,,,,,,,,,,,,,,,,,,,,,,,,,,,,,,,,,,,,,,,,,,,,,,,,,,,,,,,,,TN,TN
autoland,4769114,12,1a03ada32d4ae63ebeeb4561891b61c1e6e17a68,windows10-64-shippable-qr,True,False,,,102210fe594ee9b33d82058545b1ed14f4c8206e,browser-toolbox.close-process.DAMP,damp,True,damp browser-toolbox.close-process.DAMP opt e10s fission stylo webrender-sw,4768818,77,ms,firefox,,1766376321,2023-09-29 22:04:24,70.03239595219202,bcd2222b6b08b09cee468dff6e7f94400e02b303,1309030,,,,,,,,,,,,,,,,,,,,,,,,,,,,,,,,,,,,,,,,,,,,,,,,,,,,,,,,,,,,,TN,TN
autoland,4769114,12,1a03ada32d4ae63ebeeb4561891b61c1e6e17a68,windows10-64-shippable-qr,True,False,,,102210fe594ee9b33d82058545b1ed14f4c8206e,browser-toolbox.close-process.DAMP,damp,True,damp browser-toolbox.close-process.DAMP opt e10s fission stylo webrender-sw,4768818,77,ms,firefox,,1766376183,2023-09-29 22:10:32,68.69529926535688,eee85ca883b58f7e7ed94e3a2e4ed573475159d4,1309031,,,,,,,,,,,,,,,,,,,,,,,,,,,,,,,,,,,,,,,,,,,,,,,,,,,,,,,,,,,,,TN,TN
autoland,4769114,12,1a03ada32d4ae63ebeeb4561891b61c1e6e17a68,windows10-64-shippable-qr,True,False,,,102210fe594ee9b33d82058545b1ed14f4c8206e,browser-toolbox.close-process.DAMP,damp,True,damp browser-toolbox.close-process.DAMP opt e10s fission stylo webrender-sw,4768818,77,ms,firefox,,1766519076,2023-09-29 22:24:46,74.80196703471302,7139b608a37ec9e25460e53a2126f5e98f554c56,1309033,,,,,,,,,,,,,,,,,,,,,,,,,,,,,,,,,,,,,,,,,,,,,,,,,,,,,,,,,,,,,TN,TN
autoland,4769114,12,1a03ada32d4ae63ebeeb4561891b61c1e6e17a68,windows10-64-shippable-qr,True,False,,,102210fe594ee9b33d82058545b1ed14f4c8206e,browser-toolbox.close-process.DAMP,damp,True,damp browser-toolbox.close-process.DAMP opt e10s fission stylo webrender-sw,4768818,77,ms,firefox,,1766411479,2023-09-29 22:28:54,68.86359377448753,25a3c1f36ad6e51304433ae56db6f33df5acb6a3,1309037,,,,,,,,,,,,,,,,,,,,,,,,,,,,,,,,,,,,,,,,,,,,,,,,,,,,,,,,,,,,,TN,TN
autoland,4769114,12,1a03ada32d4ae63ebeeb4561891b61c1e6e17a68,windows10-64-shippable-qr,True,False,,,102210fe594ee9b33d82058545b1ed14f4c8206e,browser-toolbox.close-process.DAMP,damp,True,damp browser-toolbox.close-process.DAMP opt e10s fission stylo webrender-sw,4768818,77,ms,firefox,,1765224850,2023-09-30 06:24:14,76.81332510946959,c0cfc8c5836260ab8706d5b737a4f4f654da4610,1309077,,,,,,,,,,,,,,,,,,,,,,,,,,,,,,,,,,,,,,,,,,,,,,,,,,,,,,,,,,,,,TN,TN
autoland,4769114,12,1a03ada32d4ae63ebeeb4561891b61c1e6e17a68,windows10-64-shippable-qr,True,False,,,102210fe594ee9b33d82058545b1ed14f4c8206e,browser-toolbox.close-process.DAMP,damp,True,damp browser-toolbox.close-process.DAMP opt e10s fission stylo webrender-sw,4768818,77,ms,firefox,,1766527995,2023-09-30 07:00:22,76.77034330643073,704f8a9060a9fe476efcfc93567a3eda4fd30d08,1309082,,,,,,,,,,,,,,,,,,,,,,,,,,,,,,,,,,,,,,,,,,,,,,,,,,,,,,,,,,,,,TN,TN
autoland,4769114,12,1a03ada32d4ae63ebeeb4561891b61c1e6e17a68,windows10-64-shippable-qr,True,False,,,102210fe594ee9b33d82058545b1ed14f4c8206e,browser-toolbox.close-process.DAMP,damp,True,damp browser-toolbox.close-process.DAMP opt e10s fission stylo webrender-sw,4768818,77,ms,firefox,,1766502045,2023-09-30 07:02:10,74.1732566744322,4fc4397c17c91a25b5417e5ae14e20a0fa8e3b68,1309083,,,,,,,,,,,,,,,,,,,,,,,,,,,,,,,,,,,,,,,,,,,,,,,,,,,,,,,,,,,,,TN,TN
autoland,4769114,12,1a03ada32d4ae63ebeeb4561891b61c1e6e17a68,windows10-64-shippable-qr,True,False,,,102210fe594ee9b33d82058545b1ed14f4c8206e,browser-toolbox.close-process.DAMP,damp,True,damp browser-toolbox.close-process.DAMP opt e10s fission stylo webrender-sw,4768818,77,ms,firefox,,1766500475,2023-09-30 08:42:20,75.96186896416475,96f2c0dc4746376e319aa5c6f2b47cf3768dd5d1,1309094,,,,,,,,,,,,,,,,,,,,,,,,,,,,,,,,,,,,,,,,,,,,,,,,,,,,,,,,,,,,,TN,TN
autoland,4769114,12,1a03ada32d4ae63ebeeb4561891b61c1e6e17a68,windows10-64-shippable-qr,True,False,,,102210fe594ee9b33d82058545b1ed14f4c8206e,browser-toolbox.close-process.DAMP,damp,True,damp browser-toolbox.close-process.DAMP opt e10s fission stylo webrender-sw,4768818,77,ms,firefox,,1766500042,2023-09-30 09:43:48,75.76557640268948,55d9e05bf29bdd693cb36ef335f7d20aab6dcf43,1309104,,,,,,,,,,,,,,,,,,,,,,,,,,,,,,,,,,,,,,,,,,,,,,,,,,,,,,,,,,,,,TN,TN
autoland,4769114,12,1a03ada32d4ae63ebeeb4561891b61c1e6e17a68,windows10-64-shippable-qr,True,False,,,102210fe594ee9b33d82058545b1ed14f4c8206e,browser-toolbox.close-process.DAMP,damp,True,damp browser-toolbox.close-process.DAMP opt e10s fission stylo webrender-sw,4768818,77,ms,firefox,,1766498940,2023-09-30 10:16:55,75.34161475844303,4f5e812e3ab721aee9bfa8bca4de88d2a71f13a9,1309113,,,,,,,,,,,,,,,,,,,,,,,,,,,,,,,,,,,,,,,,,,,,,,,,,,,,,,,,,,,,,TN,TN
autoland,4769114,12,1a03ada32d4ae63ebeeb4561891b61c1e6e17a68,windows10-64-shippable-qr,True,False,,,102210fe594ee9b33d82058545b1ed14f4c8206e,browser-toolbox.close-process.DAMP,damp,True,damp browser-toolbox.close-process.DAMP opt e10s fission stylo webrender-sw,4768818,77,ms,firefox,,1765333947,2023-09-30 15:09:24,69.81645492064126,0d5209658cf41a9d6d9f6c74890ecf69602525c4,1309133,,,,,,,,,,,,,,,,,,,,,,,,,,,,,,,,,,,,,,,,,,,,,,,,,,,,,,,,,,,,,TN,TN
autoland,4769114,12,1a03ada32d4ae63ebeeb4561891b61c1e6e17a68,windows10-64-shippable-qr,True,False,,,102210fe594ee9b33d82058545b1ed14f4c8206e,browser-toolbox.close-process.DAMP,damp,True,damp browser-toolbox.close-process.DAMP opt e10s fission stylo webrender-sw,4768818,77,ms,firefox,,1765350402,2023-09-30 15:56:32,70.43104931310882,8c9ba927121cd7f1cb5b31ffb86addc4c34b59a8,1309136,,,,,,,,,,,,,,,,,,,,,,,,,,,,,,,,,,,,,,,,,,,,,,,,,,,,,,,,,,,,,TN,TN
autoland,4769114,12,1a03ada32d4ae63ebeeb4561891b61c1e6e17a68,windows10-64-shippable-qr,True,False,,,102210fe594ee9b33d82058545b1ed14f4c8206e,browser-toolbox.close-process.DAMP,damp,True,damp browser-toolbox.close-process.DAMP opt e10s fission stylo webrender-sw,4768818,77,ms,firefox,,1765393451,2023-09-30 20:01:07,75.8346446210926,bacf4fcba00b9d708012b5c8144292e5362ed452,1309152,,,,,,,,,,,,,,,,,,,,,,,,,,,,,,,,,,,,,,,,,,,,,,,,,,,,,,,,,,,,,TN,TN
autoland,4769114,12,1a03ada32d4ae63ebeeb4561891b61c1e6e17a68,windows10-64-shippable-qr,True,False,,,102210fe594ee9b33d82058545b1ed14f4c8206e,browser-toolbox.close-process.DAMP,damp,True,damp browser-toolbox.close-process.DAMP opt e10s fission stylo webrender-sw,4768818,77,ms,firefox,,1765441538,2023-10-01 02:27:22,68.80683840968413,b781e655236dff9086d1be5c4b59b0263a9cee56,1309171,,,,,,,,,,,,,,,,,,,,,,,,,,,,,,,,,,,,,,,,,,,,,,,,,,,,,,,,,,,,,TN,TN
autoland,4769114,12,1a03ada32d4ae63ebeeb4561891b61c1e6e17a68,windows10-64-shippable-qr,True,False,,,102210fe594ee9b33d82058545b1ed14f4c8206e,browser-toolbox.close-process.DAMP,damp,True,damp browser-toolbox.close-process.DAMP opt e10s fission stylo webrender-sw,4768818,77,ms,firefox,,1765555704,2023-10-01 15:08:35,74.40436469831911,1abb269d873e8bda2c0fa1b4f26f481c89584ca6,1309237,,,,,,,,,,,,,,,,,,,,,,,,,,,,,,,,,,,,,,,,,,,,,,,,,,,,,,,,,,,,,TN,TN
autoland,4769114,12,1a03ada32d4ae63ebeeb4561891b61c1e6e17a68,windows10-64-shippable-qr,True,False,,,102210fe594ee9b33d82058545b1ed14f4c8206e,browser-toolbox.close-process.DAMP,damp,True,damp browser-toolbox.close-process.DAMP opt e10s fission stylo webrender-sw,4768818,77,ms,firefox,,1765592817,2023-10-01 19:57:41,70.38496932096314,72adc901a818435f7ba23e492963c7e1bf526be1,1309256,,,,,,,,,,,,,,,,,,,,,,,,,,,,,,,,,,,,,,,,,,,,,,,,,,,,,,,,,,,,,TN,TN
autoland,4769114,12,1a03ada32d4ae63ebeeb4561891b61c1e6e17a68,windows10-64-shippable-qr,True,False,,,102210fe594ee9b33d82058545b1ed14f4c8206e,browser-toolbox.close-process.DAMP,damp,True,damp browser-toolbox.close-process.DAMP opt e10s fission stylo webrender-sw,4768818,77,ms,firefox,,1765607815,2023-10-01 20:03:17,78.19254658596765,1c52958ae6ea59e32694986c0d6332b8171aca86,1309258,,,,,,,,,,,,,,,,,,,,,,,,,,,,,,,,,,,,,,,,,,,,,,,,,,,,,,,,,,,,,TN,TN
autoland,4769114,12,1a03ada32d4ae63ebeeb4561891b61c1e6e17a68,windows10-64-shippable-qr,True,False,,,102210fe594ee9b33d82058545b1ed14f4c8206e,browser-toolbox.close-process.DAMP,damp,True,damp browser-toolbox.close-process.DAMP opt e10s fission stylo webrender-sw,4768818,77,ms,firefox,,1765704534,2023-10-02 00:31:45,69.81545475148596,55fc90da3cff35171d66e3dcf280575bef8c17a6,1309288,,,,,,,,,,,,,,,,,,,,,,,,,,,,,,,,,,,,,,,,,,,,,,,,,,,,,,,,,,,,,TN,TN
autoland,4769114,12,1a03ada32d4ae63ebeeb4561891b61c1e6e17a68,windows10-64-shippable-qr,True,False,,,102210fe594ee9b33d82058545b1ed14f4c8206e,browser-toolbox.close-process.DAMP,damp,True,damp browser-toolbox.close-process.DAMP opt e10s fission stylo webrender-sw,4768818,77,ms,firefox,,1765896432,2023-10-02 11:08:53,77.15360816579778,318059aaa167779fcc844cbf085cb7ffacc47523,1309454,,,,,,,,,,,,,,,,,,,,,,,,,,,,,,,,,,,,,,,,,,,,,,,,,,,,,,,,,,,,,TN,TN
autoland,4769114,12,1a03ada32d4ae63ebeeb4561891b61c1e6e17a68,windows10-64-shippable-qr,True,False,,,102210fe594ee9b33d82058545b1ed14f4c8206e,browser-toolbox.close-process.DAMP,damp,True,damp browser-toolbox.close-process.DAMP opt e10s fission stylo webrender-sw,4768818,77,ms,firefox,,1766073341,2023-10-02 16:59:31,77.02380972697574,db33a2d0d6c36f0c15318f1c5ffaa7498a1ee4f3,1309721,,,,,,,,,,,,,,,,,,,,,,,,,,,,,,,,,,,,,,,,,,,,,,,,,,,,,,,,,,,,,TN,TN
autoland,4769114,12,1a03ada32d4ae63ebeeb4561891b61c1e6e17a68,windows10-64-shippable-qr,True,False,,,102210fe594ee9b33d82058545b1ed14f4c8206e,browser-toolbox.close-process.DAMP,damp,True,damp browser-toolbox.close-process.DAMP opt e10s fission stylo webrender-sw,4768818,77,ms,firefox,,1766165434,2023-10-02 20:46:43,76.14624097809428,0435b7e1340f2ced37216f0dd2fbf09a0a8f2cad,1309872,,,,,,,,,,,,,,,,,,,,,,,,,,,,,,,,,,,,,,,,,,,,,,,,,,,,,,,,,,,,,TN,TN
autoland,4769114,12,1a03ada32d4ae63ebeeb4561891b61c1e6e17a68,windows10-64-shippable-qr,True,False,,,102210fe594ee9b33d82058545b1ed14f4c8206e,browser-toolbox.close-process.DAMP,damp,True,damp browser-toolbox.close-process.DAMP opt e10s fission stylo webrender-sw,4768818,77,ms,firefox,,1768250676,2023-10-02 22:42:16,74.3614512115746,711993d24632018394806415ba60263bab3016ab,1309951,,,,,,,,,,,,,,,,,,,,,,,,,,,,,,,,,,,,,,,,,,,,,,,,,,,,,,,,,,,,,TN,TN
autoland,4769114,12,1a03ada32d4ae63ebeeb4561891b61c1e6e17a68,windows10-64-shippable-qr,True,False,,,102210fe594ee9b33d82058545b1ed14f4c8206e,browser-toolbox.close-process.DAMP,damp,True,damp browser-toolbox.close-process.DAMP opt e10s fission stylo webrender-sw,4768818,77,ms,firefox,,1768251512,2023-10-02 22:43:45,75.52734176337253,3237828cc1b319d511855ddb97642772c78b432d,1309953,,,,,,,,,,,,,,,,,,,,,,,,,,,,,,,,,,,,,,,,,,,,,,,,,,,,,,,,,,,,,TN,TN
autoland,4769114,12,1a03ada32d4ae63ebeeb4561891b61c1e6e17a68,windows10-64-shippable-qr,True,False,,,102210fe594ee9b33d82058545b1ed14f4c8206e,browser-toolbox.close-process.DAMP,damp,True,damp browser-toolbox.close-process.DAMP opt e10s fission stylo webrender-sw,4768818,77,ms,firefox,,1768251740,2023-10-02 22:57:57,74.12662052515589,ac38856f155df0add4f8ccd25f9183fbaf3bc149,1309963,,,,,,,,,,,,,,,,,,,,,,,,,,,,,,,,,,,,,,,,,,,,,,,,,,,,,,,,,,,,,TN,TN
autoland,4769114,12,1a03ada32d4ae63ebeeb4561891b61c1e6e17a68,windows10-64-shippable-qr,True,False,,,102210fe594ee9b33d82058545b1ed14f4c8206e,browser-toolbox.close-process.DAMP,damp,True,damp browser-toolbox.close-process.DAMP opt e10s fission stylo webrender-sw,4768818,77,ms,firefox,,1768262006,2023-10-02 23:10:19,76.05966098081262,055138fcb776d46fc2044c52b075127fe0916108,1309976,,,,,,,,,,,,,,,,,,,,,,,,,,,,,,,,,,,,,,,,,,,,,,,,,,,,,,,,,,,,,TN,TN
autoland,4769114,12,1a03ada32d4ae63ebeeb4561891b61c1e6e17a68,windows10-64-shippable-qr,True,False,,,102210fe594ee9b33d82058545b1ed14f4c8206e,browser-toolbox.close-process.DAMP,damp,True,damp browser-toolbox.close-process.DAMP opt e10s fission stylo webrender-sw,4768818,77,ms,firefox,,1768251141,2023-10-02 23:20:35,76.63486006174935,95d8ee51f11176ead400e5b3c74b50bcbd25ca80,1309979,,,,,,,,,,,,,,,,,,,,,,,,,,,,,,,,,,,,,,,,,,,,,,,,,,,,,,,,,,,,,TN,TN
autoland,4769114,12,1a03ada32d4ae63ebeeb4561891b61c1e6e17a68,windows10-64-shippable-qr,True,False,,,102210fe594ee9b33d82058545b1ed14f4c8206e,browser-toolbox.close-process.DAMP,damp,True,damp browser-toolbox.close-process.DAMP opt e10s fission stylo webrender-sw,4768818,77,ms,firefox,,1768252288,2023-10-02 23:30:11,76.65018143539055,61ad519d5807c61d77b094f7decb56102cf8f844,1309982,,,,,,,,,,,,,,,,,,,,,,,,,,,,,,,,,,,,,,,,,,,,,,,,,,,,,,,,,,,,,TN,TN
autoland,4769114,12,1a03ada32d4ae63ebeeb4561891b61c1e6e17a68,windows10-64-shippable-qr,True,False,,,102210fe594ee9b33d82058545b1ed14f4c8206e,browser-toolbox.close-process.DAMP,damp,True,damp browser-toolbox.close-process.DAMP opt e10s fission stylo webrender-sw,4768818,77,ms,firefox,,1768252050,2023-10-02 23:54:26,74.62344979279442,634b470a5884ddd9f3790fec0667796c81ff64f0,1309995,,,,,,,,,,,,,,,,,,,,,,,,,,,,,,,,,,,,,,,,,,,,,,,,,,,,,,,,,,,,,TN,TN
autoland,4769114,12,1a03ada32d4ae63ebeeb4561891b61c1e6e17a68,windows10-64-shippable-qr,True,False,,,102210fe594ee9b33d82058545b1ed14f4c8206e,browser-toolbox.close-process.DAMP,damp,True,damp browser-toolbox.close-process.DAMP opt e10s fission stylo webrender-sw,4768818,77,ms,firefox,,1768252710,2023-10-03 00:04:56,75.36497035522552,4ff9f4b0a7af3d72fc1e81fa8ec8eeeaff8ddd51,1310001,,,,,,,,,,,,,,,,,,,,,,,,,,,,,,,,,,,,,,,,,,,,,,,,,,,,,,,,,,,,,TN,TN
autoland,4769114,12,1a03ada32d4ae63ebeeb4561891b61c1e6e17a68,windows10-64-shippable-qr,True,False,,,102210fe594ee9b33d82058545b1ed14f4c8206e,browser-toolbox.close-process.DAMP,damp,True,damp browser-toolbox.close-process.DAMP opt e10s fission stylo webrender-sw,4768818,77,ms,firefox,,1766441578,2023-10-03 05:01:50,74.52773128062836,53af11a26cb69e0616d9f481f988276e0a6da93e,1310080,,,,,,,,,,,,,,,,,,,,,,,,,,,,,,,,,,,,,,,,,,,,,,,,,,,,,,,,,,,,,TN,TN
autoland,4769114,12,1a03ada32d4ae63ebeeb4561891b61c1e6e17a68,windows10-64-shippable-qr,True,False,,,102210fe594ee9b33d82058545b1ed14f4c8206e,browser-toolbox.close-process.DAMP,damp,True,damp browser-toolbox.close-process.DAMP opt e10s fission stylo webrender-sw,4768818,77,ms,firefox,,1768251940,2023-10-03 09:07:15,76.1628623379438,e62eee02a6b8e2def7479c8445ac5555433accf7,1310182,,,,,,,,,,,,,,,,,,,,,,,,,,,,,,,,,,,,,,,,,,,,,,,,,,,,,,,,,,,,,TN,TN
autoland,4769114,12,1a03ada32d4ae63ebeeb4561891b61c1e6e17a68,windows10-64-shippable-qr,True,False,,,102210fe594ee9b33d82058545b1ed14f4c8206e,browser-toolbox.close-process.DAMP,damp,True,damp browser-toolbox.close-process.DAMP opt e10s fission stylo webrender-sw,4768818,77,ms,firefox,,1768252229,2023-10-03 09:28:54,74.71595107876055,fd3957b3725d2c584b147abe42a72d2dc7ab5eed,1310199,,,,,,,,,,,,,,,,,,,,,,,,,,,,,,,,,,,,,,,,,,,,,,,,,,,,,,,,,,,,,TN,TN
autoland,4769114,12,1a03ada32d4ae63ebeeb4561891b61c1e6e17a68,windows10-64-shippable-qr,True,False,,,102210fe594ee9b33d82058545b1ed14f4c8206e,browser-toolbox.close-process.DAMP,damp,True,damp browser-toolbox.close-process.DAMP opt e10s fission stylo webrender-sw,4768818,77,ms,firefox,,1768252348,2023-10-03 09:37:23,75.80436947853013,2f99ebdee6824a20cc3a8f5f776ce1b561c7e386,1310200,,,,,,,,,,,,,,,,,,,,,,,,,,,,,,,,,,,,,,,,,,,,,,,,,,,,,,,,,,,,,TN,TN
autoland,4769114,12,1a03ada32d4ae63ebeeb4561891b61c1e6e17a68,windows10-64-shippable-qr,True,False,,,102210fe594ee9b33d82058545b1ed14f4c8206e,browser-toolbox.close-process.DAMP,damp,True,damp browser-toolbox.close-process.DAMP opt e10s fission stylo webrender-sw,4768818,77,ms,firefox,,1768252606,2023-10-03 09:42:53,76.65413292592348,5502331146fe0d76f7ae66a40a7bdc15be1a6c6c,1310206,,,,,,,,,,,,,,,,,,,,,,,,,,,,,,,,,,,,,,,,,,,,,,,,,,,,,,,,,,,,,TN,TN
autoland,4769114,12,1a03ada32d4ae63ebeeb4561891b61c1e6e17a68,windows10-64-shippable-qr,True,False,,,102210fe594ee9b33d82058545b1ed14f4c8206e,browser-toolbox.close-process.DAMP,damp,True,damp browser-toolbox.close-process.DAMP opt e10s fission stylo webrender-sw,4768818,77,ms,firefox,,1768252557,2023-10-03 09:51:31,73.010554714725,1290c81b4fd788222a335a1bbe07747b28d22ae9,1310209,,,,,,,,,,,,,,,,,,,,,,,,,,,,,,,,,,,,,,,,,,,,,,,,,,,,,,,,,,,,,TN,TN
autoland,4769114,12,1a03ada32d4ae63ebeeb4561891b61c1e6e17a68,windows10-64-shippable-qr,True,False,,,102210fe594ee9b33d82058545b1ed14f4c8206e,browser-toolbox.close-process.DAMP,damp,True,damp browser-toolbox.close-process.DAMP opt e10s fission stylo webrender-sw,4768818,77,ms,firefox,,1768253267,2023-10-03 10:43:39,75.95686777673836,c4f691f4c92f4ff5cf0315d82e252631c18a40b0,1310227,,,,,,,,,,,,,,,,,,,,,,,,,,,,,,,,,,,,,,,,,,,,,,,,,,,,,,,,,,,,,TN,TN
autoland,4769114,12,1a03ada32d4ae63ebeeb4561891b61c1e6e17a68,windows10-64-shippable-qr,True,False,,,102210fe594ee9b33d82058545b1ed14f4c8206e,browser-toolbox.close-process.DAMP,damp,True,damp browser-toolbox.close-process.DAMP opt e10s fission stylo webrender-sw,4768818,77,ms,firefox,,1768252792,2023-10-03 10:46:23,77.11279251822998,ac94b9a48562f6e3c137e0f343794e11f3049142,1310228,,,,,,,,,,,,,,,,,,,,,,,,,,,,,,,,,,,,,,,,,,,,,,,,,,,,,,,,,,,,,TN,TN
autoland,4769114,12,1a03ada32d4ae63ebeeb4561891b61c1e6e17a68,windows10-64-shippable-qr,True,False,,,102210fe594ee9b33d82058545b1ed14f4c8206e,browser-toolbox.close-process.DAMP,damp,True,damp browser-toolbox.close-process.DAMP opt e10s fission stylo webrender-sw,4768818,77,ms,firefox,,1766730322,2023-10-03 11:04:59,68.05869012850235,f003c74ca9f9399bc6db342491d997d682efc357,1310236,,,,,,,,,,,,,,,,,,,,,,,,,,,,,,,,,,,,,,,,,,,,,,,,,,,,,,,,,,,,,TN,TN
autoland,4769114,12,1a03ada32d4ae63ebeeb4561891b61c1e6e17a68,windows10-64-shippable-qr,True,False,,,102210fe594ee9b33d82058545b1ed14f4c8206e,browser-toolbox.close-process.DAMP,damp,True,damp browser-toolbox.close-process.DAMP opt e10s fission stylo webrender-sw,4768818,77,ms,firefox,,1768253639,2023-10-03 11:13:48,73.93905157198606,9f0cc52774ad00f251c4a1d4fa85276d6631ef3d,1310240,,,,,,,,,,,,,,,,,,,,,,,,,,,,,,,,,,,,,,,,,,,,,,,,,,,,,,,,,,,,,TN,TN
autoland,4769114,12,1a03ada32d4ae63ebeeb4561891b61c1e6e17a68,windows10-64-shippable-qr,True,False,,,102210fe594ee9b33d82058545b1ed14f4c8206e,browser-toolbox.close-process.DAMP,damp,True,damp browser-toolbox.close-process.DAMP opt e10s fission stylo webrender-sw,4768818,77,ms,firefox,,1768253504,2023-10-03 11:38:15,76.6504044283356,b99423c5c89d54cf0bafd23a61b267e86509d090,1310250,,,,,,,,,,,,,,,,,,,,,,,,,,,,,,,,,,,,,,,,,,,,,,,,,,,,,,,,,,,,,TN,TN
autoland,4769114,12,1a03ada32d4ae63ebeeb4561891b61c1e6e17a68,windows10-64-shippable-qr,True,False,,,102210fe594ee9b33d82058545b1ed14f4c8206e,browser-toolbox.close-process.DAMP,damp,True,damp browser-toolbox.close-process.DAMP opt e10s fission stylo webrender-sw,4768818,77,ms,firefox,,1768253389,2023-10-03 12:13:51,75.50994355367584,19f8af998acb4ea101628aa9b86d4869dfcfd981,1310267,,,,,,,,,,,,,,,,,,,,,,,,,,,,,,,,,,,,,,,,,,,,,,,,,,,,,,,,,,,,,TN,TN
autoland,4769114,12,1a03ada32d4ae63ebeeb4561891b61c1e6e17a68,windows10-64-shippable-qr,True,False,,,102210fe594ee9b33d82058545b1ed14f4c8206e,browser-toolbox.close-process.DAMP,damp,True,damp browser-toolbox.close-process.DAMP opt e10s fission stylo webrender-sw,4768818,77,ms,firefox,,1768253561,2023-10-03 12:14:41,76.61076989138382,62c9d3aabddc6a4ea8d08dbb5595feff66c3e5ac,1310268,,,,,,,,,,,,,,,,,,,,,,,,,,,,,,,,,,,,,,,,,,,,,,,,,,,,,,,,,,,,,TN,TN
autoland,4769114,12,1a03ada32d4ae63ebeeb4561891b61c1e6e17a68,windows10-64-shippable-qr,True,False,,,102210fe594ee9b33d82058545b1ed14f4c8206e,browser-toolbox.close-process.DAMP,damp,True,damp browser-toolbox.close-process.DAMP opt e10s fission stylo webrender-sw,4768818,77,ms,firefox,,1766783433,2023-10-03 12:29:11,74.2316939801276,e17d7235b6833e36a524263990347804df15c7fb,1310274,,,,,,,,,,,,,,,,,,,,,,,,,,,,,,,,,,,,,,,,,,,,,,,,,,,,,,,,,,,,,TN,TN
autoland,4769114,12,1a03ada32d4ae63ebeeb4561891b61c1e6e17a68,windows10-64-shippable-qr,True,False,,,102210fe594ee9b33d82058545b1ed14f4c8206e,browser-toolbox.close-process.DAMP,damp,True,damp browser-toolbox.close-process.DAMP opt e10s fission stylo webrender-sw,4768818,77,ms,firefox,,1768771933,2023-10-03 13:45:43,68.35064633184084,94de9c01b6dadbe8bbacf0ee5454f8439079ab25,1310317,,,,,,,,,,,,,,,,,,,,,,,,,,,,,,,,,,,,,,,,,,,,,,,,,,,,,,,,,,,,,TN,TN
autoland,4769114,12,1a03ada32d4ae63ebeeb4561891b61c1e6e17a68,windows10-64-shippable-qr,True,False,,,102210fe594ee9b33d82058545b1ed14f4c8206e,browser-toolbox.close-process.DAMP,damp,True,damp browser-toolbox.close-process.DAMP opt e10s fission stylo webrender-sw,4768818,77,ms,firefox,,1768809975,2023-10-03 13:55:21,74.06522469290212,be242aef4fab38a7408b0d195ed8a398e445ecd4,1310319,,,,,,,,,,,,,,,,,,,,,,,,,,,,,,,,,,,,,,,,,,,,,,,,,,,,,,,,,,,,,TN,TN
autoland,4769114,12,1a03ada32d4ae63ebeeb4561891b61c1e6e17a68,windows10-64-shippable-qr,True,False,,,102210fe594ee9b33d82058545b1ed14f4c8206e,browser-toolbox.close-process.DAMP,damp,True,damp browser-toolbox.close-process.DAMP opt e10s fission stylo webrender-sw,4768818,77,ms,firefox,,1768667965,2023-10-03 13:56:37,67.15405628378721,39304e9f7f5c10687328d8ea7b31826873acd223,1310320,,,,,,,,,,,,,,,,,,,,,,,,,,,,,,,,,,,,,,,,,,,,,,,,,,,,,,,,,,,,,TN,TN
autoland,4769114,12,1a03ada32d4ae63ebeeb4561891b61c1e6e17a68,windows10-64-shippable-qr,True,False,,,102210fe594ee9b33d82058545b1ed14f4c8206e,browser-toolbox.close-process.DAMP,damp,True,damp browser-toolbox.close-process.DAMP opt e10s fission stylo webrender-sw,4768818,77,ms,firefox,,1768668500,2023-10-03 14:20:54,76.12939693474618,00fb4b07d47eef55be58d3a04d5ad0a9f728f4b7,1310342,,,,,,,,,,,,,,,,,,,,,,,,,,,,,,,,,,,,,,,,,,,,,,,,,,,,,,,,,,,,,TN,TN
autoland,4769114,12,1a03ada32d4ae63ebeeb4561891b61c1e6e17a68,windows10-64-shippable-qr,True,False,,,102210fe594ee9b33d82058545b1ed14f4c8206e,browser-toolbox.close-process.DAMP,damp,True,damp browser-toolbox.close-process.DAMP opt e10s fission stylo webrender-sw,4768818,77,ms,firefox,,1768668393,2023-10-03 14:36:38,69.10472255712375,32efd6f8879a7471efe87284939626fdcae803c8,1310357,,,,,,,,,,,,,,,,,,,,,,,,,,,,,,,,,,,,,,,,,,,,,,,,,,,,,,,,,,,,,TN,TN
autoland,4769114,12,1a03ada32d4ae63ebeeb4561891b61c1e6e17a68,windows10-64-shippable-qr,True,False,,,102210fe594ee9b33d82058545b1ed14f4c8206e,browser-toolbox.close-process.DAMP,damp,True,damp browser-toolbox.close-process.DAMP opt e10s fission stylo webrender-sw,4768818,77,ms,firefox,,1768667139,2023-10-03 14:38:11,70.47978553318535,6335ff8c127581fb22e0bce66bd1cd3fe7f8c9cc,1310361,,,,,,,,,,,,,,,,,,,,,,,,,,,,,,,,,,,,,,,,,,,,,,,,,,,,,,,,,,,,,TN,TN
autoland,4769114,12,1a03ada32d4ae63ebeeb4561891b61c1e6e17a68,windows10-64-shippable-qr,True,False,,,102210fe594ee9b33d82058545b1ed14f4c8206e,browser-toolbox.close-process.DAMP,damp,True,damp browser-toolbox.close-process.DAMP opt e10s fission stylo webrender-sw,4768818,77,ms,firefox,,1768667408,2023-10-03 14:44:58,76.18351299404458,c52b46de616f50f777c28542f040f27990a08ed1,1310364,,,,,,,,,,,,,,,,,,,,,,,,,,,,,,,,,,,,,,,,,,,,,,,,,,,,,,,,,,,,,TN,TN
autoland,4769114,12,1a03ada32d4ae63ebeeb4561891b61c1e6e17a68,windows10-64-shippable-qr,True,False,,,102210fe594ee9b33d82058545b1ed14f4c8206e,browser-toolbox.close-process.DAMP,damp,True,damp browser-toolbox.close-process.DAMP opt e10s fission stylo webrender-sw,4768818,77,ms,firefox,,1768251855,2023-10-03 15:17:19,74.9350358109441,b3b1aa7e76bca656376581afa36895bcaf2c2bca,1310382,,,,,,,,,,,,,,,,,,,,,,,,,,,,,,,,,,,,,,,,,,,,,,,,,,,,,,,,,,,,,TN,TN
autoland,4769114,12,1a03ada32d4ae63ebeeb4561891b61c1e6e17a68,windows10-64-shippable-qr,True,False,,,102210fe594ee9b33d82058545b1ed14f4c8206e,browser-toolbox.close-process.DAMP,damp,True,damp browser-toolbox.close-process.DAMP opt e10s fission stylo webrender-sw,4768818,77,ms,firefox,,1768257426,2023-10-03 15:19:21,76.59534379496472,226b3a89b9be28eabc8c9c4dfebb5eac585c4a66,1310384,,,,,,,,,,,,,,,,,,,,,,,,,,,,,,,,,,,,,,,,,,,,,,,,,,,,,,,,,,,,,TN,TN
autoland,4769114,12,1a03ada32d4ae63ebeeb4561891b61c1e6e17a68,windows10-64-shippable-qr,True,False,,,102210fe594ee9b33d82058545b1ed14f4c8206e,browser-toolbox.close-process.DAMP,damp,True,damp browser-toolbox.close-process.DAMP opt e10s fission stylo webrender-sw,4768818,77,ms,firefox,,1768279619,2023-10-03 15:26:59,72.79205157682009,2351d7a1a27d4b280c1d59a628e915a95e8cb2e6,1310389,,,,,,,,,,,,,,,,,,,,,,,,,,,,,,,,,,,,,,,,,,,,,,,,,,,,,,,,,,,,,TN,TN
autoland,4769114,12,1a03ada32d4ae63ebeeb4561891b61c1e6e17a68,windows10-64-shippable-qr,True,False,,,102210fe594ee9b33d82058545b1ed14f4c8206e,browser-toolbox.close-process.DAMP,damp,True,damp browser-toolbox.close-process.DAMP opt e10s fission stylo webrender-sw,4768818,77,ms,firefox,,1768289133,2023-10-03 15:27:54,71.57000516436528,c8c454aa97ec05d3c50fec44a57fc65b3be7d205,1310390,,,,,,,,,,,,,,,,,,,,,,,,,,,,,,,,,,,,,,,,,,,,,,,,,,,,,,,,,,,,,TN,TN
autoland,4769114,12,1a03ada32d4ae63ebeeb4561891b61c1e6e17a68,windows10-64-shippable-qr,True,False,,,102210fe594ee9b33d82058545b1ed14f4c8206e,browser-toolbox.close-process.DAMP,damp,True,damp browser-toolbox.close-process.DAMP opt e10s fission stylo webrender-sw,4768818,77,ms,firefox,,1768286206,2023-10-03 15:38:29,69.9524761843495,a0acd486fa1eb88c07161ae220ea4d16d17cc629,1310395,,,,,,,,,,,,,,,,,,,,,,,,,,,,,,,,,,,,,,,,,,,,,,,,,,,,,,,,,,,,,TN,TN
autoland,4769114,12,1a03ada32d4ae63ebeeb4561891b61c1e6e17a68,windows10-64-shippable-qr,True,False,,,102210fe594ee9b33d82058545b1ed14f4c8206e,browser-toolbox.close-process.DAMP,damp,True,damp browser-toolbox.close-process.DAMP opt e10s fission stylo webrender-sw,4768818,77,ms,firefox,,1768335218,2023-10-03 16:07:01,76.02010723311105,489e7952cd67fe4e1816d3452675332e76676a3e,1310412,,,,,,,,,,,,,,,,,,,,,,,,,,,,,,,,,,,,,,,,,,,,,,,,,,,,,,,,,,,,,TN,TN
autoland,4769114,12,1a03ada32d4ae63ebeeb4561891b61c1e6e17a68,windows10-64-shippable-qr,True,False,,,102210fe594ee9b33d82058545b1ed14f4c8206e,browser-toolbox.close-process.DAMP,damp,True,damp browser-toolbox.close-process.DAMP opt e10s fission stylo webrender-sw,4768818,77,ms,firefox,,1768294208,2023-10-03 16:08:24,71.29511016353717,21db15048e15cf9e6583d468f53dcac567c47157,1310413,,,,,,,,,,,,,,,,,,,,,,,,,,,,,,,,,,,,,,,,,,,,,,,,,,,,,,,,,,,,,TN,TN
autoland,4769114,12,1a03ada32d4ae63ebeeb4561891b61c1e6e17a68,windows10-64-shippable-qr,True,False,,,102210fe594ee9b33d82058545b1ed14f4c8206e,browser-toolbox.close-process.DAMP,damp,True,damp browser-toolbox.close-process.DAMP opt e10s fission stylo webrender-sw,4768818,77,ms,firefox,,1768281386,2023-10-03 16:11:45,70.17629193027096,0eedd9bb1aaae4d83188aa933c0cfa13a775f2aa,1310414,,,,,,,,,,,,,,,,,,,,,,,,,,,,,,,,,,,,,,,,,,,,,,,,,,,,,,,,,,,,,TN,TN
autoland,4769114,12,1a03ada32d4ae63ebeeb4561891b61c1e6e17a68,windows10-64-shippable-qr,True,False,,,102210fe594ee9b33d82058545b1ed14f4c8206e,browser-toolbox.close-process.DAMP,damp,True,damp browser-toolbox.close-process.DAMP opt e10s fission stylo webrender-sw,4768818,77,ms,firefox,,1767008082,2023-10-03 16:51:48,76.74902344682778,b93578d846b3af884d0a623f8ce43e0183c8307f,1310439,,,,,,,,,,,,,,,,,,,,,,,,,,,,,,,,,,,,,,,,,,,,,,,,,,,,,,,,,,,,,TN,TN
autoland,4769114,12,1a03ada32d4ae63ebeeb4561891b61c1e6e17a68,windows10-64-shippable-qr,True,False,,,102210fe594ee9b33d82058545b1ed14f4c8206e,browser-toolbox.close-process.DAMP,damp,True,damp browser-toolbox.close-process.DAMP opt e10s fission stylo webrender-sw,4768818,77,ms,firefox,,1767145727,2023-10-04 00:09:44,72.14890752724023,3fb508020251d2cb191f2d62714da25ec3f35118,1310704,,,,,,,,,,,,,,,,,,,,,,,,,,,,,,,,,,,,,,,,,,,,,,,,,,,,,,,,,,,,,TN,TN
autoland,4769114,12,1a03ada32d4ae63ebeeb4561891b61c1e6e17a68,windows10-64-shippable-qr,True,False,,,102210fe594ee9b33d82058545b1ed14f4c8206e,browser-toolbox.close-process.DAMP,damp,True,damp browser-toolbox.close-process.DAMP opt e10s fission stylo webrender-sw,4768818,77,ms,firefox,,1767319094,2023-10-04 04:52:48,76.7671402888518,413c83e8ccdad48a5ea3e58243d8ec9bb8c317fd,1310758,,,,,,,,,,,,,,,,,,,,,,,,,,,,,,,,,,,,,,,,,,,,,,,,,,,,,,,,,,,,,TN,TN
autoland,4769114,12,1a03ada32d4ae63ebeeb4561891b61c1e6e17a68,windows10-64-shippable-qr,True,False,,,102210fe594ee9b33d82058545b1ed14f4c8206e,browser-toolbox.close-process.DAMP,damp,True,damp browser-toolbox.close-process.DAMP opt e10s fission stylo webrender-sw,4768818,77,ms,firefox,,1767422372,2023-10-04 07:37:17,77.13717150961747,ee60a98b1285e84f8466d929dd7197b4cb9e3beb,1310806,,,,,,,,,,,,,,,,,,,,,,,,,,,,,,,,,,,,,,,,,,,,,,,,,,,,,,,,,,,,,TN,TN
autoland,4769114,12,1a03ada32d4ae63ebeeb4561891b61c1e6e17a68,windows10-64-shippable-qr,True,False,,,102210fe594ee9b33d82058545b1ed14f4c8206e,browser-toolbox.close-process.DAMP,damp,True,damp browser-toolbox.close-process.DAMP opt e10s fission stylo webrender-sw,4768818,77,ms,firefox,,1767599076,2023-10-04 11:43:59,75.81828651440446,c559095402a2380ba171d9c60662e36c8d5e948d,1310929,,,,,,,,,,,,,,,,,,,,,,,,,,,,,,,,,,,,,,,,,,,,,,,,,,,,,,,,,,,,,TN,TN
autoland,4769114,12,1a03ada32d4ae63ebeeb4561891b61c1e6e17a68,windows10-64-shippable-qr,True,False,,,102210fe594ee9b33d82058545b1ed14f4c8206e,browser-toolbox.close-process.DAMP,damp,True,damp browser-toolbox.close-process.DAMP opt e10s fission stylo webrender-sw,4768818,77,ms,firefox,,1767670451,2023-10-04 13:35:26,71.05573860470031,764533656770292f05824c8125c45832ba08baa6,1311025,,,,,,,,,,,,,,,,,,,,,,,,,,,,,,,,,,,,,,,,,,,,,,,,,,,,,,,,,,,,,TN,TN
autoland,4769114,12,1a03ada32d4ae63ebeeb4561891b61c1e6e17a68,windows10-64-shippable-qr,True,False,,,102210fe594ee9b33d82058545b1ed14f4c8206e,browser-toolbox.close-process.DAMP,damp,True,damp browser-toolbox.close-process.DAMP opt e10s fission stylo webrender-sw,4768818,77,ms,firefox,,1767779570,2023-10-04 16:58:39,79.85727466076787,ce4c0f200f3bbd6681a6313aebf0d64f7ea8afe5,1311191,,,,,,,,,,,,,,,,,,,,,,,,,,,,,,,,,,,,,,,,,,,,,,,,,,,,,,,,,,,,,TN,TN
autoland,4769114,12,1a03ada32d4ae63ebeeb4561891b61c1e6e17a68,windows10-64-shippable-qr,True,False,,,102210fe594ee9b33d82058545b1ed14f4c8206e,browser-toolbox.close-process.DAMP,damp,True,damp browser-toolbox.close-process.DAMP opt e10s fission stylo webrender-sw,4768818,77,ms,firefox,,1767914365,2023-10-04 20:54:48,76.25473301412421,e557eb7d97ce665fd81c680ed136877f12572c13,1311395,,,,,,,,,,,,,,,,,,,,,,,,,,,,,,,,,,,,,,,,,,,,,,,,,,,,,,,,,,,,,TN,TN
autoland,4769114,12,1a03ada32d4ae63ebeeb4561891b61c1e6e17a68,windows10-64-shippable-qr,True,False,,,102210fe594ee9b33d82058545b1ed14f4c8206e,browser-toolbox.close-process.DAMP,damp,True,damp browser-toolbox.close-process.DAMP opt e10s fission stylo webrender-sw,4768818,77,ms,firefox,,1768030322,2023-10-05 00:01:56,70.6622061294911,59f4df7189285072039d3a68afd88090443edb71,1311536,,,,,,,,,,,,,,,,,,,,,,,,,,,,,,,,,,,,,,,,,,,,,,,,,,,,,,,,,,,,,TN,TN
autoland,4769114,12,1a03ada32d4ae63ebeeb4561891b61c1e6e17a68,windows10-64-shippable-qr,True,False,,,102210fe594ee9b33d82058545b1ed14f4c8206e,browser-toolbox.close-process.DAMP,damp,True,damp browser-toolbox.close-process.DAMP opt e10s fission stylo webrender-sw,4768818,77,ms,firefox,,1768098673,2023-10-05 04:15:14,69.5833481244481,c406ccc1889d7f77e187d219bc9800009e26c02e,1311596,,,,,,,,,,,,,,,,,,,,,,,,,,,,,,,,,,,,,,,,,,,,,,,,,,,,,,,,,,,,,TN,TN
autoland,4769114,12,1a03ada32d4ae63ebeeb4561891b61c1e6e17a68,windows10-64-shippable-qr,True,False,,,102210fe594ee9b33d82058545b1ed14f4c8206e,browser-toolbox.close-process.DAMP,damp,True,damp browser-toolbox.close-process.DAMP opt e10s fission stylo webrender-sw,4768818,77,ms,firefox,,1768194177,2023-10-05 08:15:44,76.4207253822824,526604ee2cd434fcf94020c1c8b6b96d253a6e83,1311663,,,,,,,,,,,,,,,,,,,,,,,,,,,,,,,,,,,,,,,,,,,,,,,,,,,,,,,,,,,,,TN,TN
autoland,4769114,12,1a03ada32d4ae63ebeeb4561891b61c1e6e17a68,windows10-64-shippable-qr,True,False,,,102210fe594ee9b33d82058545b1ed14f4c8206e,browser-toolbox.close-process.DAMP,damp,True,damp browser-toolbox.close-process.DAMP opt e10s fission stylo webrender-sw,4768818,77,ms,firefox,,1768214702,2023-10-05 08:43:24,75.47373645249172,352fa7471fb72db127fc25a7723d201abec7bd50,1311677,,,,,,,,,,,,,,,,,,,,,,,,,,,,,,,,,,,,,,,,,,,,,,,,,,,,,,,,,,,,,TN,TN
autoland,4769114,12,1a03ada32d4ae63ebeeb4561891b61c1e6e17a68,windows10-64-shippable-qr,True,False,,,102210fe594ee9b33d82058545b1ed14f4c8206e,browser-toolbox.close-process.DAMP,damp,True,damp browser-toolbox.close-process.DAMP opt e10s fission stylo webrender-sw,4768818,77,ms,firefox,,1768512115,2023-10-05 13:03:19,77.30663102232938,071a248f1589b12a9d492997caf012ac6a813d61,1311840,,,,,,,,,,,,,,,,,,,,,,,,,,,,,,,,,,,,,,,,,,,,,,,,,,,,,,,,,,,,,TN,TN
autoland,4769114,12,1a03ada32d4ae63ebeeb4561891b61c1e6e17a68,windows10-64-shippable-qr,True,False,,,102210fe594ee9b33d82058545b1ed14f4c8206e,browser-toolbox.close-process.DAMP,damp,True,damp browser-toolbox.close-process.DAMP opt e10s fission stylo webrender-sw,4768818,77,ms,firefox,,1768492025,2023-10-05 14:07:33,75.350907913009,38a59b940c35dfab50ff2deda3fe6f27bfa99213,1311899,,,,,,,,,,,,,,,,,,,,,,,,,,,,,,,,,,,,,,,,,,,,,,,,,,,,,,,,,,,,,TN,TN
autoland,4769114,12,1a03ada32d4ae63ebeeb4561891b61c1e6e17a68,windows10-64-shippable-qr,True,False,,,102210fe594ee9b33d82058545b1ed14f4c8206e,browser-toolbox.close-process.DAMP,damp,True,damp browser-toolbox.close-process.DAMP opt e10s fission stylo webrender-sw,4768818,77,ms,firefox,,1768704497,2023-10-05 17:18:24,70.04558510555944,def7651a06fb17bb344eaf48cc6daa6047be722e,1312069,,,,,,,,,,,,,,,,,,,,,,,,,,,,,,,,,,,,,,,,,,,,,,,,,,,,,,,,,,,,,TN,TN
autoland,4769114,12,1a03ada32d4ae63ebeeb4561891b61c1e6e17a68,windows10-64-shippable-qr,True,False,,,102210fe594ee9b33d82058545b1ed14f4c8206e,browser-toolbox.close-process.DAMP,damp,True,damp browser-toolbox.close-process.DAMP opt e10s fission stylo webrender-sw,4768818,77,ms,firefox,,1768803824,2023-10-05 19:49:01,70.99934498165385,5cb270a4e6b6f0aa6cd6865b7f8daf75ad10263c,1312160,,,,,,,,,,,,,,,,,,,,,,,,,,,,,,,,,,,,,,,,,,,,,,,,,,,,,,,,,,,,,TN,TN
autoland,4769114,12,1a03ada32d4ae63ebeeb4561891b61c1e6e17a68,windows10-64-shippable-qr,True,False,,,102210fe594ee9b33d82058545b1ed14f4c8206e,browser-toolbox.close-process.DAMP,damp,True,damp browser-toolbox.close-process.DAMP opt e10s fission stylo webrender-sw,4768818,77,ms,firefox,,1768932902,2023-10-06 01:08:36,69.67621455807239,461a9c98a535b9896e9d394bdfee72ce90cf7afd,1312319,,,,,,,,,,,,,,,,,,,,,,,,,,,,,,,,,,,,,,,,,,,,,,,,,,,,,,,,,,,,,TN,TN
autoland,4769114,12,1a03ada32d4ae63ebeeb4561891b61c1e6e17a68,windows10-64-shippable-qr,True,False,,,102210fe594ee9b33d82058545b1ed14f4c8206e,browser-toolbox.close-process.DAMP,damp,True,damp browser-toolbox.close-process.DAMP opt e10s fission stylo webrender-sw,4768818,77,ms,firefox,,1769052661,2023-10-06 04:02:35,76.59535759440041,055e1badb79853e71fe9123f8e0c60a4381a1239,1312369,,,,,,,,,,,,,,,,,,,,,,,,,,,,,,,,,,,,,,,,,,,,,,,,,,,,,,,,,,,,,TN,TN
autoland,4769114,12,1a03ada32d4ae63ebeeb4561891b61c1e6e17a68,windows10-64-shippable-qr,True,False,,,102210fe594ee9b33d82058545b1ed14f4c8206e,browser-toolbox.close-process.DAMP,damp,True,damp browser-toolbox.close-process.DAMP opt e10s fission stylo webrender-sw,4768818,77,ms,firefox,,1769246685,2023-10-06 08:43:18,76.65719124843599,00b027478170756439b780282f9cfdf15edea985,1312452,,,,,,,,,,,,,,,,,,,,,,,,,,,,,,,,,,,,,,,,,,,,,,,,,,,,,,,,,,,,,TN,TN
autoland,4769114,12,1a03ada32d4ae63ebeeb4561891b61c1e6e17a68,windows10-64-shippable-qr,True,False,,,102210fe594ee9b33d82058545b1ed14f4c8206e,browser-toolbox.close-process.DAMP,damp,True,damp browser-toolbox.close-process.DAMP opt e10s fission stylo webrender-sw,4768818,77,ms,firefox,,1769259029,2023-10-06 12:06:22,76.77904731086164,9b362770f30bc360df921ba24ace5de8c387e631,1312537,,,,,,,,,,,,,,,,,,,,,,,,,,,,,,,,,,,,,,,,,,,,,,,,,,,,,,,,,,,,,TN,TN
autoland,4769114,12,1a03ada32d4ae63ebeeb4561891b61c1e6e17a68,windows10-64-shippable-qr,True,False,,,102210fe594ee9b33d82058545b1ed14f4c8206e,browser-toolbox.close-process.DAMP,damp,True,damp browser-toolbox.close-process.DAMP opt e10s fission stylo webrender-sw,4768818,77,ms,firefox,,1769437861,2023-10-06 19:00:40,76.4193600468061,c561ffa6099b97fd965811d77fd98de66c44d32b,1312844,,,,,,,,,,,,,,,,,,,,,,,,,,,,,,,,,,,,,,,,,,,,,,,,,,,,,,,,,,,,,TN,TN
autoland,4769114,12,1a03ada32d4ae63ebeeb4561891b61c1e6e17a68,windows10-64-shippable-qr,True,False,,,102210fe594ee9b33d82058545b1ed14f4c8206e,browser-toolbox.close-process.DAMP,damp,True,damp browser-toolbox.close-process.DAMP opt e10s fission stylo webrender-sw,4768818,77,ms,firefox,,1769548231,2023-10-06 23:09:23,74.35370206910011,1d25ed23e85a3a9d0d9117997337757d0ff718a2,1312997,,,,,,,,,,,,,,,,,,,,,,,,,,,,,,,,,,,,,,,,,,,,,,,,,,,,,,,,,,,,,TN,TN
autoland,4769114,12,1a03ada32d4ae63ebeeb4561891b61c1e6e17a68,windows10-64-shippable-qr,True,False,,,102210fe594ee9b33d82058545b1ed14f4c8206e,browser-toolbox.close-process.DAMP,damp,True,damp browser-toolbox.close-process.DAMP opt e10s fission stylo webrender-sw,4768818,77,ms,firefox,,1769611936,2023-10-07 03:35:30,73.370220057408,4db29be9ee2947a3d67a996fefc3ff1cb94a6fcc,1313062,,,,,,,,,,,,,,,,,,,,,,,,,,,,,,,,,,,,,,,,,,,,,,,,,,,,,,,,,,,,,TN,TN
autoland,4769114,12,1a03ada32d4ae63ebeeb4561891b61c1e6e17a68,windows10-64-shippable-qr,True,False,,,102210fe594ee9b33d82058545b1ed14f4c8206e,browser-toolbox.close-process.DAMP,damp,True,damp browser-toolbox.close-process.DAMP opt e10s fission stylo webrender-sw,4768818,77,ms,firefox,,1769652353,2023-10-07 06:02:53,77.61585289887444,c4c56469518a5ccc9349ed7d29a0d56eba776df6,1313071,,,,,,,,,,,,,,,,,,,,,,,,,,,,,,,,,,,,,,,,,,,,,,,,,,,,,,,,,,,,,TN,TN
autoland,4769114,12,1a03ada32d4ae63ebeeb4561891b61c1e6e17a68,windows10-64-shippable-qr,True,False,,,102210fe594ee9b33d82058545b1ed14f4c8206e,browser-toolbox.close-process.DAMP,damp,True,damp browser-toolbox.close-process.DAMP opt e10s fission stylo webrender-sw,4768818,77,ms,firefox,,1769780031,2023-10-07 13:52:35,77.25418355420697,ef73c2e8cd831f2a46ff5704623db63232fd912d,1313122,,,,,,,,,,,,,,,,,,,,,,,,,,,,,,,,,,,,,,,,,,,,,,,,,,,,,,,,,,,,,TN,TN
autoland,4769114,12,1a03ada32d4ae63ebeeb4561891b61c1e6e17a68,windows10-64-shippable-qr,True,False,,,102210fe594ee9b33d82058545b1ed14f4c8206e,browser-toolbox.close-process.DAMP,damp,True,damp browser-toolbox.close-process.DAMP opt e10s fission stylo webrender-sw,4768818,77,ms,firefox,,1769821073,2023-10-07 18:43:49,70.10575870194589,8db232d0f8c742a85eb803c996ef87edac9d5c81,1313149,,,,,,,,,,,,,,,,,,,,,,,,,,,,,,,,,,,,,,,,,,,,,,,,,,,,,,,,,,,,,TN,TN
autoland,4769114,12,1a03ada32d4ae63ebeeb4561891b61c1e6e17a68,windows10-64-shippable-qr,True,False,,,102210fe594ee9b33d82058545b1ed14f4c8206e,browser-toolbox.close-process.DAMP,damp,True,damp browser-toolbox.close-process.DAMP opt e10s fission stylo webrender-sw,4768818,77,ms,firefox,,1769887441,2023-10-07 23:15:17,70.73878540610895,fba49989dde6aa32244c622fd43abe19a32128ae,1313184,,,,,,,,,,,,,,,,,,,,,,,,,,,,,,,,,,,,,,,,,,,,,,,,,,,,,,,,,,,,,TN,TN
autoland,4769114,12,1a03ada32d4ae63ebeeb4561891b61c1e6e17a68,windows10-64-shippable-qr,True,False,,,102210fe594ee9b33d82058545b1ed14f4c8206e,browser-toolbox.close-process.DAMP,damp,True,damp browser-toolbox.close-process.DAMP opt e10s fission stylo webrender-sw,4768818,77,ms,firefox,,1769976064,2023-10-08 08:55:12,71.74106193521584,68e866f36130edd1c8de093ac6d8a0fb78006527,1313211,,,,,,,,,,,,,,,,,,,,,,,,,,,,,,,,,,,,,,,,,,,,,,,,,,,,,,,,,,,,,TN,TN
autoland,4769114,12,1a03ada32d4ae63ebeeb4561891b61c1e6e17a68,windows10-64-shippable-qr,True,False,,,102210fe594ee9b33d82058545b1ed14f4c8206e,browser-toolbox.close-process.DAMP,damp,True,damp browser-toolbox.close-process.DAMP opt e10s fission stylo webrender-sw,4768818,77,ms,firefox,,1771525412,2023-10-08 11:59:31,75.14177306614874,57fec34232bdfb0fa69afa78623418eb7faa1bf7,1313225,,,,,,,,,,,,,,,,,,,,,,,,,,,,,,,,,,,,,,,,,,,,,,,,,,,,,,,,,,,,,TN,TN
autoland,4769114,12,1a03ada32d4ae63ebeeb4561891b61c1e6e17a68,windows10-64-shippable-qr,True,False,,,102210fe594ee9b33d82058545b1ed14f4c8206e,browser-toolbox.close-process.DAMP,damp,True,damp browser-toolbox.close-process.DAMP opt e10s fission stylo webrender-sw,4768818,77,ms,firefox,,1771524861,2023-10-08 19:00:04,74.50866748174303,c88c7331cd4aaca79ec56c7008d22d3939b421b4,1313244,,,,,,,,,,,,,,,,,,,,,,,,,,,,,,,,,,,,,,,,,,,,,,,,,,,,,,,,,,,,,TN,TN
autoland,4769114,12,1a03ada32d4ae63ebeeb4561891b61c1e6e17a68,windows10-64-shippable-qr,True,False,,,102210fe594ee9b33d82058545b1ed14f4c8206e,browser-toolbox.close-process.DAMP,damp,True,damp browser-toolbox.close-process.DAMP opt e10s fission stylo webrender-sw,4768818,77,ms,firefox,,1771526780,2023-10-08 21:16:29,74.84678386925953,b7c0f05cc3d92aa8af4411965dd48927a8330ff1,1313270,,,,,,,,,,,,,,,,,,,,,,,,,,,,,,,,,,,,,,,,,,,,,,,,,,,,,,,,,,,,,TN,TN
autoland,4769114,12,1a03ada32d4ae63ebeeb4561891b61c1e6e17a68,windows10-64-shippable-qr,True,False,,,102210fe594ee9b33d82058545b1ed14f4c8206e,browser-toolbox.close-process.DAMP,damp,True,damp browser-toolbox.close-process.DAMP opt e10s fission stylo webrender-sw,4768818,77,ms,firefox,,1771528717,2023-10-08 21:20:33,77.4492027820088,3203468939abba2f75ed2c29203b6caa1b50e9ad,1313271,,,,,,,,,,,,,,,,,,,,,,,,,,,,,,,,,,,,,,,,,,,,,,,,,,,,,,,,,,,,,TN,TN
autoland,4769114,12,1a03ada32d4ae63ebeeb4561891b61c1e6e17a68,windows10-64-shippable-qr,True,False,,,102210fe594ee9b33d82058545b1ed14f4c8206e,browser-toolbox.close-process.DAMP,damp,True,damp browser-toolbox.close-process.DAMP opt e10s fission stylo webrender-sw,4768818,77,ms,firefox,,1771526552,2023-10-08 22:36:23,75.8855397957741,3a98254684991369d42f710c75961ed0ae5d14fd,1313286,,,,,,,,,,,,,,,,,,,,,,,,,,,,,,,,,,,,,,,,,,,,,,,,,,,,,,,,,,,,,TN,TN
autoland,4769114,12,1a03ada32d4ae63ebeeb4561891b61c1e6e17a68,windows10-64-shippable-qr,True,False,,,102210fe594ee9b33d82058545b1ed14f4c8206e,browser-toolbox.close-process.DAMP,damp,True,damp browser-toolbox.close-process.DAMP opt e10s fission stylo webrender-sw,4768818,77,ms,firefox,,1771526211,2023-10-08 23:29:49,77.01630038720032,d63b657f832f3b72b5593098c0c95c33d7e8cb1b,1313290,,,,,,,,,,,,,,,,,,,,,,,,,,,,,,,,,,,,,,,,,,,,,,,,,,,,,,,,,,,,,TN,TN
autoland,4769114,12,1a03ada32d4ae63ebeeb4561891b61c1e6e17a68,windows10-64-shippable-qr,True,False,,,102210fe594ee9b33d82058545b1ed14f4c8206e,browser-toolbox.close-process.DAMP,damp,True,damp browser-toolbox.close-process.DAMP opt e10s fission stylo webrender-sw,4768818,77,ms,firefox,,1771551073,2023-10-09 00:04:25,69.96459351145313,4c4f85a8042e8b54c353b4e46d81584152e994a8,1313301,,,,,,,,,,,,,,,,,,,,,,,,,,,,,,,,,,,,,,,,,,,,,,,,,,,,,,,,,,,,,TN,TN
autoland,4769114,12,1a03ada32d4ae63ebeeb4561891b61c1e6e17a68,windows10-64-shippable-qr,True,False,,,102210fe594ee9b33d82058545b1ed14f4c8206e,browser-toolbox.close-process.DAMP,damp,True,damp browser-toolbox.close-process.DAMP opt e10s fission stylo webrender-sw,4768818,77,ms,firefox,,1771529619,2023-10-09 00:57:48,76.32166041000164,311a5e3ecc9f430c0ac761078fc567758af08ab5,1313303,,,,,,,,,,,,,,,,,,,,,,,,,,,,,,,,,,,,,,,,,,,,,,,,,,,,,,,,,,,,,TN,TN
autoland,4769114,12,1a03ada32d4ae63ebeeb4561891b61c1e6e17a68,windows10-64-shippable-qr,True,False,,,102210fe594ee9b33d82058545b1ed14f4c8206e,browser-toolbox.close-process.DAMP,damp,True,damp browser-toolbox.close-process.DAMP opt e10s fission stylo webrender-sw,4768818,77,ms,firefox,,1770278597,2023-10-09 04:48:12,72.31248043732194,d5fd5e481ff21f14c9771aa58f8fb378a8430cdf,1313332,,,,,,,,,,,,,,,,,,,,,,,,,,,,,,,,,,,,,,,,,,,,,,,,,,,,,,,,,,,,,TN,TN
autoland,4769114,12,1a03ada32d4ae63ebeeb4561891b61c1e6e17a68,windows10-64-shippable-qr,True,False,,,102210fe594ee9b33d82058545b1ed14f4c8206e,browser-toolbox.close-process.DAMP,damp,True,damp browser-toolbox.close-process.DAMP opt e10s fission stylo webrender-sw,4768818,77,ms,firefox,,1771532360,2023-10-09 06:04:52,77.39445737141068,190f9fe5328960c74ba6e2785a61fd5dd14517a0,1313346,,,,,,,,,,,,,,,,,,,,,,,,,,,,,,,,,,,,,,,,,,,,,,,,,,,,,,,,,,,,,TN,TN
autoland,4769114,12,1a03ada32d4ae63ebeeb4561891b61c1e6e17a68,windows10-64-shippable-qr,True,False,,,102210fe594ee9b33d82058545b1ed14f4c8206e,browser-toolbox.close-process.DAMP,damp,True,damp browser-toolbox.close-process.DAMP opt e10s fission stylo webrender-sw,4768818,77,ms,firefox,,1771527933,2023-10-09 07:04:44,76.64737106367102,9ba7c116736cd97cb750fd5ed75fd6cad7cdc504,1313351,,,,,,,,,,,,,,,,,,,,,,,,,,,,,,,,,,,,,,,,,,,,,,,,,,,,,,,,,,,,,TN,TN
autoland,4769114,12,1a03ada32d4ae63ebeeb4561891b61c1e6e17a68,windows10-64-shippable-qr,True,False,,,102210fe594ee9b33d82058545b1ed14f4c8206e,browser-toolbox.close-process.DAMP,damp,True,damp browser-toolbox.close-process.DAMP opt e10s fission stylo webrender-sw,4768818,77,ms,firefox,,1771524739,2023-10-09 07:31:07,75.53778800865985,50a46d58cabef18cc6a235b4d28bda6bed8e539f,1313361,,,,,,,,,,,,,,,,,,,,,,,,,,,,,,,,,,,,,,,,,,,,,,,,,,,,,,,,,,,,,TN,TN
autoland,4769114,12,1a03ada32d4ae63ebeeb4561891b61c1e6e17a68,windows10-64-shippable-qr,True,False,,,102210fe594ee9b33d82058545b1ed14f4c8206e,browser-toolbox.close-process.DAMP,damp,True,damp browser-toolbox.close-process.DAMP opt e10s fission stylo webrender-sw,4768818,77,ms,firefox,,1771526495,2023-10-09 07:40:34,73.2055018771207,5d20fede7a23851e93bea3e8a145ddc2f55b114d,1313364,,,,,,,,,,,,,,,,,,,,,,,,,,,,,,,,,,,,,,,,,,,,,,,,,,,,,,,,,,,,,TN,TN
autoland,4769114,12,1a03ada32d4ae63ebeeb4561891b61c1e6e17a68,windows10-64-shippable-qr,True,False,,,102210fe594ee9b33d82058545b1ed14f4c8206e,browser-toolbox.close-process.DAMP,damp,True,damp browser-toolbox.close-process.DAMP opt e10s fission stylo webrender-sw,4768818,77,ms,firefox,,1771527323,2023-10-09 07:45:02,74.17954602003738,027cbc1f637833b17564b223599c70a2aa8bf218,1313367,,,,,,,,,,,,,,,,,,,,,,,,,,,,,,,,,,,,,,,,,,,,,,,,,,,,,,,,,,,,,TN,TN
autoland,4769114,12,1a03ada32d4ae63ebeeb4561891b61c1e6e17a68,windows10-64-shippable-qr,True,False,,,102210fe594ee9b33d82058545b1ed14f4c8206e,browser-toolbox.close-process.DAMP,damp,True,damp browser-toolbox.close-process.DAMP opt e10s fission stylo webrender-sw,4768818,77,ms,firefox,,1771526633,2023-10-09 08:28:44,75.96866970135306,79ccf1ffdd9fd84d563616dad982ece66ec03f51,1313396,,,,,,,,,,,,,,,,,,,,,,,,,,,,,,,,,,,,,,,,,,,,,,,,,,,,,,,,,,,,,TN,TN
autoland,4769114,12,1a03ada32d4ae63ebeeb4561891b61c1e6e17a68,windows10-64-shippable-qr,True,False,,,102210fe594ee9b33d82058545b1ed14f4c8206e,browser-toolbox.close-process.DAMP,damp,True,damp browser-toolbox.close-process.DAMP opt e10s fission stylo webrender-sw,4768818,77,ms,firefox,,1770347324,2023-10-09 08:48:33,70.30327068398765,77c18c08c9ff87c6ff0e5b546ac609296d5e04db,1313413,,,,,,,,,,,,,,,,,,,,,,,,,,,,,,,,,,,,,,,,,,,,,,,,,,,,,,,,,,,,,TN,TN
autoland,4769114,12,1a03ada32d4ae63ebeeb4561891b61c1e6e17a68,windows10-64-shippable-qr,True,False,,,102210fe594ee9b33d82058545b1ed14f4c8206e,browser-toolbox.close-process.DAMP,damp,True,damp browser-toolbox.close-process.DAMP opt e10s fission stylo webrender-sw,4768818,77,ms,firefox,,1771524364,2023-10-09 09:37:30,74.87640322108928,e4103f64f4ccbd9ad95f67715b7c41199635e22a,1313444,,,,,,,,,,,,,,,,,,,,,,,,,,,,,,,,,,,,,,,,,,,,,,,,,,,,,,,,,,,,,TN,TN
autoland,4769114,12,1a03ada32d4ae63ebeeb4561891b61c1e6e17a68,windows10-64-shippable-qr,True,False,,,102210fe594ee9b33d82058545b1ed14f4c8206e,browser-toolbox.close-process.DAMP,damp,True,damp browser-toolbox.close-process.DAMP opt e10s fission stylo webrender-sw,4768818,77,ms,firefox,,1771525946,2023-10-09 09:43:02,74.8084093711368,fcbfc74ff0302d7a2d46fce98a185617209ed6b4,1313448,,,,,,,,,,,,,,,,,,,,,,,,,,,,,,,,,,,,,,,,,,,,,,,,,,,,,,,,,,,,,TN,TN
autoland,4769114,12,1a03ada32d4ae63ebeeb4561891b61c1e6e17a68,windows10-64-shippable-qr,True,False,,,102210fe594ee9b33d82058545b1ed14f4c8206e,browser-toolbox.close-process.DAMP,damp,True,damp browser-toolbox.close-process.DAMP opt e10s fission stylo webrender-sw,4768818,77,ms,firefox,,1770488537,2023-10-09 11:45:29,77.8550214715724,70c980c054e9a0693d3bee343b1235d47894163d,1313495,,,,,,,,,,,,,,,,,,,,,,,,,,,,,,,,,,,,,,,,,,,,,,,,,,,,,,,,,,,,,TN,TN
autoland,4769114,12,1a03ada32d4ae63ebeeb4561891b61c1e6e17a68,windows10-64-shippable-qr,True,False,,,102210fe594ee9b33d82058545b1ed14f4c8206e,browser-toolbox.close-process.DAMP,damp,True,damp browser-toolbox.close-process.DAMP opt e10s fission stylo webrender-sw,4768818,77,ms,firefox,,1772025924,2023-10-09 12:30:49,75.835730920895,c7785267839d7e64b43ef394a291b28945cc99c5,1313519,,,,,,,,,,,,,,,,,,,,,,,,,,,,,,,,,,,,,,,,,,,,,,,,,,,,,,,,,,,,,TN,TN
autoland,4769114,12,1a03ada32d4ae63ebeeb4561891b61c1e6e17a68,windows10-64-shippable-qr,True,False,,,102210fe594ee9b33d82058545b1ed14f4c8206e,browser-toolbox.close-process.DAMP,damp,True,damp browser-toolbox.close-process.DAMP opt e10s fission stylo webrender-sw,4768818,77,ms,firefox,,1772024468,2023-10-09 12:34:00,74.14241662755376,31d0427deeca3fd69dc3021a81c2e88c4520089c,1313521,,,,,,,,,,,,,,,,,,,,,,,,,,,,,,,,,,,,,,,,,,,,,,,,,,,,,,,,,,,,,TN,TN
autoland,4769114,12,1a03ada32d4ae63ebeeb4561891b61c1e6e17a68,windows10-64-shippable-qr,True,False,,,102210fe594ee9b33d82058545b1ed14f4c8206e,browser-toolbox.close-process.DAMP,damp,True,damp browser-toolbox.close-process.DAMP opt e10s fission stylo webrender-sw,4768818,77,ms,firefox,,1772026286,2023-10-09 12:35:01,76.34626248211134,56d67c43bc00cfa69cb2c66033a60ec2e6d1d7d0,1313523,,,,,,,,,,,,,,,,,,,,,,,,,,,,,,,,,,,,,,,,,,,,,,,,,,,,,,,,,,,,,TN,TN
autoland,4769114,12,1a03ada32d4ae63ebeeb4561891b61c1e6e17a68,windows10-64-shippable-qr,True,False,,,102210fe594ee9b33d82058545b1ed14f4c8206e,browser-toolbox.close-process.DAMP,damp,True,damp browser-toolbox.close-process.DAMP opt e10s fission stylo webrender-sw,4768818,77,ms,firefox,,1772034238,2023-10-09 12:40:59,72.61741003317002,ef9afa108051637613b451337a6041f47591090d,1313530,,,,,,,,,,,,,,,,,,,,,,,,,,,,,,,,,,,,,,,,,,,,,,,,,,,,,,,,,,,,,TN,TN
autoland,4769114,12,1a03ada32d4ae63ebeeb4561891b61c1e6e17a68,windows10-64-shippable-qr,True,False,,,102210fe594ee9b33d82058545b1ed14f4c8206e,browser-toolbox.close-process.DAMP,damp,True,damp browser-toolbox.close-process.DAMP opt e10s fission stylo webrender-sw,4768818,77,ms,firefox,,1772033203,2023-10-09 13:01:47,70.52462277527957,6aa27a24c85db3468ca78a090f9a4c6235023980,1313545,,,,,,,,,,,,,,,,,,,,,,,,,,,,,,,,,,,,,,,,,,,,,,,,,,,,,,,,,,,,,TN,TN
autoland,4769114,12,1a03ada32d4ae63ebeeb4561891b61c1e6e17a68,windows10-64-shippable-qr,True,False,,,102210fe594ee9b33d82058545b1ed14f4c8206e,browser-toolbox.close-process.DAMP,damp,True,damp browser-toolbox.close-process.DAMP opt e10s fission stylo webrender-sw,4768818,77,ms,firefox,,1771752383,2023-10-09 13:09:55,71.31188417057274,c406e2e8f277904cae0b900349bbb955fc5b93d5,1313556,,,,,,,,,,,,,,,,,,,,,,,,,,,,,,,,,,,,,,,,,,,,,,,,,,,,,,,,,,,,,TN,TN
autoland,4769114,12,1a03ada32d4ae63ebeeb4561891b61c1e6e17a68,windows10-64-shippable-qr,True,False,,,102210fe594ee9b33d82058545b1ed14f4c8206e,browser-toolbox.close-process.DAMP,damp,True,damp browser-toolbox.close-process.DAMP opt e10s fission stylo webrender-sw,4768818,77,ms,firefox,,1771746549,2023-10-09 13:46:51,70.3691453623178,9dfc3bfb794338cfb6f856c1fb64dbd4fdb9f391,1313579,,,,,,,,,,,,,,,,,,,,,,,,,,,,,,,,,,,,,,,,,,,,,,,,,,,,,,,,,,,,,TN,TN
autoland,4769114,12,1a03ada32d4ae63ebeeb4561891b61c1e6e17a68,windows10-64-shippable-qr,True,False,,,102210fe594ee9b33d82058545b1ed14f4c8206e,browser-toolbox.close-process.DAMP,damp,True,damp browser-toolbox.close-process.DAMP opt e10s fission stylo webrender-sw,4768818,77,ms,firefox,,1771774645,2023-10-09 13:48:00,70.63421494120848,a063766cd8ad2d8b17915b868effae045e9f3113,1313581,,,,,,,,,,,,,,,,,,,,,,,,,,,,,,,,,,,,,,,,,,,,,,,,,,,,,,,,,,,,,TN,TN
autoland,4769114,12,1a03ada32d4ae63ebeeb4561891b61c1e6e17a68,windows10-64-shippable-qr,True,False,,,102210fe594ee9b33d82058545b1ed14f4c8206e,browser-toolbox.close-process.DAMP,damp,True,damp browser-toolbox.close-process.DAMP opt e10s fission stylo webrender-sw,4768818,77,ms,firefox,,1771810586,2023-10-09 13:52:34,76.36174103240774,3434fa6079000d462c2d7ebd4c6d383c3309778a,1313584,,,,,,,,,,,,,,,,,,,,,,,,,,,,,,,,,,,,,,,,,,,,,,,,,,,,,,,,,,,,,TN,TN
autoland,4769114,12,1a03ada32d4ae63ebeeb4561891b61c1e6e17a68,windows10-64-shippable-qr,True,False,,,102210fe594ee9b33d82058545b1ed14f4c8206e,browser-toolbox.close-process.DAMP,damp,True,damp browser-toolbox.close-process.DAMP opt e10s fission stylo webrender-sw,4768818,77,ms,firefox,,1771804500,2023-10-09 13:53:34,75.88313981446117,a8efc421b915abecc90ceba8bb91f459a3ac6cd8,1313585,,,,,,,,,,,,,,,,,,,,,,,,,,,,,,,,,,,,,,,,,,,,,,,,,,,,,,,,,,,,,TN,TN
autoland,4769114,12,1a03ada32d4ae63ebeeb4561891b61c1e6e17a68,windows10-64-shippable-qr,True,False,,,102210fe594ee9b33d82058545b1ed14f4c8206e,browser-toolbox.close-process.DAMP,damp,True,damp browser-toolbox.close-process.DAMP opt e10s fission stylo webrender-sw,4768818,77,ms,firefox,,1771742216,2023-10-09 14:16:12,70.0970786298858,8822469d696ebb06350b6999fa35dbb4f58dbc69,1313604,,,,,,,,,,,,,,,,,,,,,,,,,,,,,,,,,,,,,,,,,,,,,,,,,,,,,,,,,,,,,TN,TN
autoland,4769114,12,1a03ada32d4ae63ebeeb4561891b61c1e6e17a68,windows10-64-shippable-qr,True,False,,,102210fe594ee9b33d82058545b1ed14f4c8206e,browser-toolbox.close-process.DAMP,damp,True,damp browser-toolbox.close-process.DAMP opt e10s fission stylo webrender-sw,4768818,77,ms,firefox,,1771833699,2023-10-09 14:43:48,69.6530752122053,8d5a73a0659ce01315ca6a77db72aeb962a93feb,1313608,,,,,,,,,,,,,,,,,,,,,,,,,,,,,,,,,,,,,,,,,,,,,,,,,,,,,,,,,,,,,TN,TN
autoland,4769114,12,1a03ada32d4ae63ebeeb4561891b61c1e6e17a68,windows10-64-shippable-qr,True,False,,,102210fe594ee9b33d82058545b1ed14f4c8206e,browser-toolbox.close-process.DAMP,damp,True,damp browser-toolbox.close-process.DAMP opt e10s fission stylo webrender-sw,4768818,77,ms,firefox,,1771789545,2023-10-09 15:16:42,76.14234163138462,9fb6caba78f33bd3073479fd6457a7d18b06d20b,1313619,,,,,,,,,,,,,,,,,,,,,,,,,,,,,,,,,,,,,,,,,,,,,,,,,,,,,,,,,,,,,TN,TN
autoland,4769114,12,1a03ada32d4ae63ebeeb4561891b61c1e6e17a68,windows10-64-shippable-qr,True,False,,,102210fe594ee9b33d82058545b1ed14f4c8206e,browser-toolbox.close-process.DAMP,damp,True,damp browser-toolbox.close-process.DAMP opt e10s fission stylo webrender-sw,4768818,77,ms,firefox,,1770637932,2023-10-09 16:17:23,73.54425475775497,86e82f01df51429edbb4cfa27823d4d71e7844ab,1313678,,,,,,,,,,,,,,,,,,,,,,,,,,,,,,,,,,,,,,,,,,,,,,,,,,,,,,,,,,,,,TN,TN
autoland,4769114,12,1a03ada32d4ae63ebeeb4561891b61c1e6e17a68,windows10-64-shippable-qr,True,False,,,102210fe594ee9b33d82058545b1ed14f4c8206e,browser-toolbox.close-process.DAMP,damp,True,damp browser-toolbox.close-process.DAMP opt e10s fission stylo webrender-sw,4768818,77,ms,firefox,,1770629522,2023-10-09 16:47:54,75.6623747390986,9591bcc532c4599dba688d3555c6a0135139c39a,1313694,,,,,,,,,,,,,,,,,,,,,,,,,,,,,,,,,,,,,,,,,,,,,,,,,,,,,,,,,,,,,TN,TN
autoland,4769114,12,1a03ada32d4ae63ebeeb4561891b61c1e6e17a68,windows10-64-shippable-qr,True,False,,,102210fe594ee9b33d82058545b1ed14f4c8206e,browser-toolbox.close-process.DAMP,damp,True,damp browser-toolbox.close-process.DAMP opt e10s fission stylo webrender-sw,4768818,77,ms,firefox,,1770751495,2023-10-09 21:45:38,76.54932985992491,3d1ac3fb7670dd794589cae42735270de4266f4c,1313856,,,,,,,,,,,,,,,,,,,,,,,,,,,,,,,,,,,,,,,,,,,,,,,,,,,,,,,,,,,,,TN,TN
autoland,4769114,12,1a03ada32d4ae63ebeeb4561891b61c1e6e17a68,windows10-64-shippable-qr,True,False,,,102210fe594ee9b33d82058545b1ed14f4c8206e,browser-toolbox.close-process.DAMP,damp,True,damp browser-toolbox.close-process.DAMP opt e10s fission stylo webrender-sw,4768818,77,ms,firefox,,1770814703,2023-10-10 02:31:01,70.2509480525332,935a0ba75b642adf295d7792f8ad8129f87e4c03,1313960,,,,,,,,,,,,,,,,,,,,,,,,,,,,,,,,,,,,,,,,,,,,,,,,,,,,,,,,,,,,,TN,TN
autoland,4769114,12,1a03ada32d4ae63ebeeb4561891b61c1e6e17a68,windows10-64-shippable-qr,True,False,,,102210fe594ee9b33d82058545b1ed14f4c8206e,browser-toolbox.close-process.DAMP,damp,True,damp browser-toolbox.close-process.DAMP opt e10s fission stylo webrender-sw,4768818,77,ms,firefox,,1770852956,2023-10-10 06:35:36,70.42073720402914,de9287a68ed836a8fd2eb2ba90de0770a18c877a,1314004,,,,,,,,,,,,,,,,,,,,,,,,,,,,,,,,,,,,,,,,,,,,,,,,,,,,,,,,,,,,,TN,TN
autoland,4769114,12,1a03ada32d4ae63ebeeb4561891b61c1e6e17a68,windows10-64-shippable-qr,True,False,,,102210fe594ee9b33d82058545b1ed14f4c8206e,browser-toolbox.close-process.DAMP,damp,True,damp browser-toolbox.close-process.DAMP opt e10s fission stylo webrender-sw,4768818,77,ms,firefox,,1770917124,2023-10-10 08:23:57,79.15735111909453,bec78f6e89cdb3b51ac879af75533217f38970cf,1314048,,,,,,,,,,,,,,,,,,,,,,,,,,,,,,,,,,,,,,,,,,,,,,,,,,,,,,,,,,,,,TN,TN
autoland,4769114,12,1a03ada32d4ae63ebeeb4561891b61c1e6e17a68,windows10-64-shippable-qr,True,False,,,102210fe594ee9b33d82058545b1ed14f4c8206e,browser-toolbox.close-process.DAMP,damp,True,damp browser-toolbox.close-process.DAMP opt e10s fission stylo webrender-sw,4768818,77,ms,firefox,,1771102959,2023-10-10 12:59:15,72.01561529868923,7a4c861a2d10a6757c8844de9bd8f71c94cb6150,1314216,,,,,,,,,,,,,,,,,,,,,,,,,,,,,,,,,,,,,,,,,,,,,,,,,,,,,,,,,,,,,TN,TN
autoland,4769114,12,1a03ada32d4ae63ebeeb4561891b61c1e6e17a68,windows10-64-shippable-qr,True,False,,,102210fe594ee9b33d82058545b1ed14f4c8206e,browser-toolbox.close-process.DAMP,damp,True,damp browser-toolbox.close-process.DAMP opt e10s fission stylo webrender-sw,4768818,77,ms,firefox,,1771125152,2023-10-10 15:20:47,77.46952654570123,686073214e498a3ed6018f15d9cd093812f5ab6f,1314341,,,,,,,,,,,,,,,,,,,,,,,,,,,,,,,,,,,,,,,,,,,,,,,,,,,,,,,,,,,,,TN,TN
autoland,4769114,12,1a03ada32d4ae63ebeeb4561891b61c1e6e17a68,windows10-64-shippable-qr,True,False,,,102210fe594ee9b33d82058545b1ed14f4c8206e,browser-toolbox.close-process.DAMP,damp,True,damp browser-toolbox.close-process.DAMP opt e10s fission stylo webrender-sw,4768818,77,ms,firefox,,1771333706,2023-10-10 18:56:17,75.6484732679819,e746122083e758920b17ca0fd4726093187f3715,1314490,,,,,,,,,,,,,,,,,,,,,,,,,,,,,,,,,,,,,,,,,,,,,,,,,,,,,,,,,,,,,TN,TN
autoland,4769114,12,1a03ada32d4ae63ebeeb4561891b61c1e6e17a68,windows10-64-shippable-qr,True,False,,,102210fe594ee9b33d82058545b1ed14f4c8206e,browser-toolbox.close-process.DAMP,damp,True,damp browser-toolbox.close-process.DAMP opt e10s fission stylo webrender-sw,4768818,77,ms,firefox,,1771407805,2023-10-10 21:46:34,70.31375066858891,32a23612bb297f386b6239e7bff0be58b62b2f73,1314585,,,,,,,,,,,,,,,,,,,,,,,,,,,,,,,,,,,,,,,,,,,,,,,,,,,,,,,,,,,,,TN,TN
autoland,4769114,12,1a03ada32d4ae63ebeeb4561891b61c1e6e17a68,windows10-64-shippable-qr,True,False,,,102210fe594ee9b33d82058545b1ed14f4c8206e,browser-toolbox.close-process.DAMP,damp,True,damp browser-toolbox.close-process.DAMP opt e10s fission stylo webrender-sw,4768818,77,ms,firefox,,1771512519,2023-10-11 04:35:52,74.13332068124146,fb1c93363030ee78f4a3ea0da9854fb688a630b8,1314760,,,,,,,,,,,,,,,,,,,,,,,,,,,,,,,,,,,,,,,,,,,,,,,,,,,,,,,,,,,,,TN,TN
autoland,4769114,12,1a03ada32d4ae63ebeeb4561891b61c1e6e17a68,windows10-64-shippable-qr,True,False,,,102210fe594ee9b33d82058545b1ed14f4c8206e,browser-toolbox.close-process.DAMP,damp,True,damp browser-toolbox.close-process.DAMP opt e10s fission stylo webrender-sw,4768818,77,ms,firefox,,1771535873,2023-10-11 05:18:39,75.83664084821066,d677f2833f2cf056757a6a3cf8c2e8b4273fb788,1314767,,,,,,,,,,,,,,,,,,,,,,,,,,,,,,,,,,,,,,,,,,,,,,,,,,,,,,,,,,,,,TN,TN
autoland,4769114,12,1a03ada32d4ae63ebeeb4561891b61c1e6e17a68,windows10-64-shippable-qr,True,False,,,102210fe594ee9b33d82058545b1ed14f4c8206e,browser-toolbox.close-process.DAMP,damp,True,damp browser-toolbox.close-process.DAMP opt e10s fission stylo webrender-sw,4768818,77,ms,firefox,,1771646923,2023-10-11 09:29:42,74.6334426963731,2124c3eebcb12eb72e8ced7bfb3c8521a028af8d,1314864,,,,,,,,,,,,,,,,,,,,,,,,,,,,,,,,,,,,,,,,,,,,,,,,,,,,,,,,,,,,,TN,TN
autoland,4769114,12,1a03ada32d4ae63ebeeb4561891b61c1e6e17a68,windows10-64-shippable-qr,True,False,,,102210fe594ee9b33d82058545b1ed14f4c8206e,browser-toolbox.close-process.DAMP,damp,True,damp browser-toolbox.close-process.DAMP opt e10s fission stylo webrender-sw,4768818,77,ms,firefox,,1771661062,2023-10-11 10:39:45,75.83823915425455,e4751df31e7494090d14b0ab8ff52bab6c1391d7,1314918,,,,,,,,,,,,,,,,,,,,,,,,,,,,,,,,,,,,,,,,,,,,,,,,,,,,,,,,,,,,,TN,TN
autoland,4769114,12,1a03ada32d4ae63ebeeb4561891b61c1e6e17a68,windows10-64-shippable-qr,True,False,,,102210fe594ee9b33d82058545b1ed14f4c8206e,browser-toolbox.close-process.DAMP,damp,True,damp browser-toolbox.close-process.DAMP opt e10s fission stylo webrender-sw,4768818,77,ms,firefox,,1771778131,2023-10-11 14:42:40,75.36999686314084,2f6d9a971e1895c3186c6f2cdc2286c9f6e9694e,1315015,,,,,,,,,,,,,,,,,,,,,,,,,,,,,,,,,,,,,,,,,,,,,,,,,,,,,,,,,,,,,TN,TN
autoland,4769114,12,1a03ada32d4ae63ebeeb4561891b61c1e6e17a68,windows10-64-shippable-qr,True,False,,,102210fe594ee9b33d82058545b1ed14f4c8206e,browser-toolbox.close-process.DAMP,damp,True,damp browser-toolbox.close-process.DAMP opt e10s fission stylo webrender-sw,4768818,77,ms,firefox,,1771802485,2023-10-11 15:07:05,75.74387588581885,a710f6c3ab82ca81444f0478a4882217c3628bf0,1315029,,,,,,,,,,,,,,,,,,,,,,,,,,,,,,,,,,,,,,,,,,,,,,,,,,,,,,,,,,,,,TN,TN
autoland,4769114,12,1a03ada32d4ae63ebeeb4561891b61c1e6e17a68,windows10-64-shippable-qr,True,False,,,102210fe594ee9b33d82058545b1ed14f4c8206e,browser-toolbox.close-process.DAMP,damp,True,damp browser-toolbox.close-process.DAMP opt e10s fission stylo webrender-sw,4768818,77,ms,firefox,,1771855410,2023-10-11 17:21:18,69.0792280695423,be8d8e6ec4b7216d8dcb9b4ff8c8a413fc83da74,1315168,,,,,,,,,,,,,,,,,,,,,,,,,,,,,,,,,,,,,,,,,,,,,,,,,,,,,,,,,,,,,TN,TN
autoland,4769114,12,1a03ada32d4ae63ebeeb4561891b61c1e6e17a68,windows10-64-shippable-qr,True,False,,,102210fe594ee9b33d82058545b1ed14f4c8206e,browser-toolbox.close-process.DAMP,damp,True,damp browser-toolbox.close-process.DAMP opt e10s fission stylo webrender-sw,4768818,77,ms,firefox,,1772004464,2023-10-11 21:29:22,73.96133314992767,dfe9eba9757679d9dda934ba7dd5798a0c3360fe,1315364,,,,,,,,,,,,,,,,,,,,,,,,,,,,,,,,,,,,,,,,,,,,,,,,,,,,,,,,,,,,,TN,TN
autoland,4769114,12,1a03ada32d4ae63ebeeb4561891b61c1e6e17a68,windows10-64-shippable-qr,True,False,,,102210fe594ee9b33d82058545b1ed14f4c8206e,browser-toolbox.close-process.DAMP,damp,True,damp browser-toolbox.close-process.DAMP opt e10s fission stylo webrender-sw,4768818,77,ms,firefox,,1771963153,2023-10-11 21:41:54,72.23840900465439,2cbc64e7dbb0cd771d39710e5c3f2ed9a7e02b50,1315372,,,,,,,,,,,,,,,,,,,,,,,,,,,,,,,,,,,,,,,,,,,,,,,,,,,,,,,,,,,,,TN,TN
autoland,4769114,12,1a03ada32d4ae63ebeeb4561891b61c1e6e17a68,windows10-64-shippable-qr,True,False,,,102210fe594ee9b33d82058545b1ed14f4c8206e,browser-toolbox.close-process.DAMP,damp,True,damp browser-toolbox.close-process.DAMP opt e10s fission stylo webrender-sw,4768818,77,ms,firefox,,1772156866,2023-10-12 04:10:05,70.51223630679306,c77a5d731bccf47b2b9f0714e44d5943f903d95e,1315494,,,,,,,,,,,,,,,,,,,,,,,,,,,,,,,,,,,,,,,,,,,,,,,,,,,,,,,,,,,,,TN,TN
autoland,4769114,12,1a03ada32d4ae63ebeeb4561891b61c1e6e17a68,windows10-64-shippable-qr,True,False,,,102210fe594ee9b33d82058545b1ed14f4c8206e,browser-toolbox.close-process.DAMP,damp,True,damp browser-toolbox.close-process.DAMP opt e10s fission stylo webrender-sw,4768818,77,ms,firefox,,1772236641,2023-10-12 08:16:23,69.98112428275635,d64dc6406137711ffbc7f0bc42f6794a1c4ad236,1315559,,,,,,,,,,,,,,,,,,,,,,,,,,,,,,,,,,,,,,,,,,,,,,,,,,,,,,,,,,,,,TN,TN
autoland,4769114,12,1a03ada32d4ae63ebeeb4561891b61c1e6e17a68,windows10-64-shippable-qr,True,False,,,102210fe594ee9b33d82058545b1ed14f4c8206e,browser-toolbox.close-process.DAMP,damp,True,damp browser-toolbox.close-process.DAMP opt e10s fission stylo webrender-sw,4768818,77,ms,firefox,,1772307620,2023-10-12 09:32:06,76.95097433515184,6eb785f75431f10faa331dabd429029e6dd1224e,1315613,,,,,,,,,,,,,,,,,,,,,,,,,,,,,,,,,,,,,,,,,,,,,,,,,,,,,,,,,,,,,TN,TN
autoland,4769114,12,1a03ada32d4ae63ebeeb4561891b61c1e6e17a68,windows10-64-shippable-qr,True,False,,,102210fe594ee9b33d82058545b1ed14f4c8206e,browser-toolbox.close-process.DAMP,damp,True,damp browser-toolbox.close-process.DAMP opt e10s fission stylo webrender-sw,4768818,77,ms,firefox,,1772381479,2023-10-12 12:42:22,75.4677631201921,d3c6163a42b6002297fdb7cbb78395ee4495a357,1315709,,,,,,,,,,,,,,,,,,,,,,,,,,,,,,,,,,,,,,,,,,,,,,,,,,,,,,,,,,,,,TN,TN
autoland,4769114,12,1a03ada32d4ae63ebeeb4561891b61c1e6e17a68,windows10-64-shippable-qr,True,False,,,102210fe594ee9b33d82058545b1ed14f4c8206e,browser-toolbox.close-process.DAMP,damp,True,damp browser-toolbox.close-process.DAMP opt e10s fission stylo webrender-sw,4768818,77,ms,firefox,,1772508923,2023-10-12 17:01:35,69.32319981377805,c09a0d19d99b488a292e3583cd0bb488afc74173,1315902,,,,,,,,,,,,,,,,,,,,,,,,,,,,,,,,,,,,,,,,,,,,,,,,,,,,,,,,,,,,,TN,TN
autoland,4769114,12,1a03ada32d4ae63ebeeb4561891b61c1e6e17a68,windows10-64-shippable-qr,True,False,,,102210fe594ee9b33d82058545b1ed14f4c8206e,browser-toolbox.close-process.DAMP,damp,True,damp browser-toolbox.close-process.DAMP opt e10s fission stylo webrender-sw,4768818,77,ms,firefox,,1772534292,2023-10-12 17:02:35,73.74529472722861,a5369079cd89dd91a42689da9aad1fc607ef9146,1315903,,,,,,,,,,,,,,,,,,,,,,,,,,,,,,,,,,,,,,,,,,,,,,,,,,,,,,,,,,,,,TN,TN
autoland,4769114,12,1a03ada32d4ae63ebeeb4561891b61c1e6e17a68,windows10-64-shippable-qr,True,False,,,102210fe594ee9b33d82058545b1ed14f4c8206e,browser-toolbox.close-process.DAMP,damp,True,damp browser-toolbox.close-process.DAMP opt e10s fission stylo webrender-sw,4768818,77,ms,firefox,,1772608669,2023-10-12 19:48:41,69.57686279222253,b9478e8898d6397ccb0ca6d2f90b882083ef91d2,1316052,,,,,,,,,,,,,,,,,,,,,,,,,,,,,,,,,,,,,,,,,,,,,,,,,,,,,,,,,,,,,TN,TN
autoland,4769114,12,1a03ada32d4ae63ebeeb4561891b61c1e6e17a68,windows10-64-shippable-qr,True,False,,,102210fe594ee9b33d82058545b1ed14f4c8206e,browser-toolbox.close-process.DAMP,damp,True,damp browser-toolbox.close-process.DAMP opt e10s fission stylo webrender-sw,4768818,77,ms,firefox,,1772726479,2023-10-12 23:58:41,70.33213468342001,6769216667ff487b1442f654ee41dc5f12c23983,1316211,,,,,,,,,,,,,,,,,,,,,,,,,,,,,,,,,,,,,,,,,,,,,,,,,,,,,,,,,,,,,TN,TN
autoland,4769114,12,1a03ada32d4ae63ebeeb4561891b61c1e6e17a68,windows10-64-shippable-qr,True,False,,,102210fe594ee9b33d82058545b1ed14f4c8206e,browser-toolbox.close-process.DAMP,damp,True,damp browser-toolbox.close-process.DAMP opt e10s fission stylo webrender-sw,4768818,77,ms,firefox,,1772835328,2023-10-13 06:04:39,69.67472612242273,810153993fc0b06ce0eabae2602fc7f74ed9be18,1316292,,,,,,,,,,,,,,,,,,,,,,,,,,,,,,,,,,,,,,,,,,,,,,,,,,,,,,,,,,,,,TN,TN
autoland,4769114,12,1a03ada32d4ae63ebeeb4561891b61c1e6e17a68,windows10-64-shippable-qr,True,False,,,102210fe594ee9b33d82058545b1ed14f4c8206e,browser-toolbox.close-process.DAMP,damp,True,damp browser-toolbox.close-process.DAMP opt e10s fission stylo webrender-sw,4768818,77,ms,firefox,,1772869968,2023-10-13 06:28:51,76.30291311181281,930888998f68ddfb0f36d898e98305e459d7cbb2,1316299,,,,,,,,,,,,,,,,,,,,,,,,,,,,,,,,,,,,,,,,,,,,,,,,,,,,,,,,,,,,,TN,TN
autoland,4769114,12,1a03ada32d4ae63ebeeb4561891b61c1e6e17a68,windows10-64-shippable-qr,True,False,,,102210fe594ee9b33d82058545b1ed14f4c8206e,browser-toolbox.close-process.DAMP,damp,True,damp browser-toolbox.close-process.DAMP opt e10s fission stylo webrender-sw,4768818,77,ms,firefox,,1773004291,2023-10-13 10:45:16,74.32332338688138,0db2502d9e9503580a800e13235be8c02043bbc0,1316413,,,,,,,,,,,,,,,,,,,,,,,,,,,,,,,,,,,,,,,,,,,,,,,,,,,,,,,,,,,,,TN,TN
autoland,4769114,12,1a03ada32d4ae63ebeeb4561891b61c1e6e17a68,windows10-64-shippable-qr,True,False,,,102210fe594ee9b33d82058545b1ed14f4c8206e,browser-toolbox.close-process.DAMP,damp,True,damp browser-toolbox.close-process.DAMP opt e10s fission stylo webrender-sw,4768818,77,ms,firefox,,1773026590,2023-10-13 11:42:22,74.58582676952938,8246d773a07ce105d3a9f92b96007867c7df3cc4,1316442,,,,,,,,,,,,,,,,,,,,,,,,,,,,,,,,,,,,,,,,,,,,,,,,,,,,,,,,,,,,,TN,TN
autoland,4769114,12,1a03ada32d4ae63ebeeb4561891b61c1e6e17a68,windows10-64-shippable-qr,True,False,,,102210fe594ee9b33d82058545b1ed14f4c8206e,browser-toolbox.close-process.DAMP,damp,True,damp browser-toolbox.close-process.DAMP opt e10s fission stylo webrender-sw,4768818,77,ms,firefox,,1773110871,2023-10-13 15:49:30,69.52863987071032,8adc92d3a6a8eeeefd63f98296c29907c3838316,1316607,,,,,,,,,,,,,,,,,,,,,,,,,,,,,,,,,,,,,,,,,,,,,,,,,,,,,,,,,,,,,TN,TN
autoland,4769114,12,1a03ada32d4ae63ebeeb4561891b61c1e6e17a68,windows10-64-shippable-qr,True,False,,,102210fe594ee9b33d82058545b1ed14f4c8206e,browser-toolbox.close-process.DAMP,damp,True,damp browser-toolbox.close-process.DAMP opt e10s fission stylo webrender-sw,4768818,77,ms,firefox,,1773131554,2023-10-13 16:11:23,69.7190518987154,9ba44fb4eeafba4229fe28a6f3b42c79d8d05692,1316611,,,,,,,,,,,,,,,,,,,,,,,,,,,,,,,,,,,,,,,,,,,,,,,,,,,,,,,,,,,,,TN,TN
autoland,4769114,12,1a03ada32d4ae63ebeeb4561891b61c1e6e17a68,windows10-64-shippable-qr,True,False,,,102210fe594ee9b33d82058545b1ed14f4c8206e,browser-toolbox.close-process.DAMP,damp,True,damp browser-toolbox.close-process.DAMP opt e10s fission stylo webrender-sw,4768818,77,ms,firefox,,1773313182,2023-10-13 20:17:54,68.89151260578001,35e20e70da91e5ef4caee7c732541350343fe927,1316790,,,,,,,,,,,,,,,,,,,,,,,,,,,,,,,,,,,,,,,,,,,,,,,,,,,,,,,,,,,,,TN,TN
autoland,4769114,12,1a03ada32d4ae63ebeeb4561891b61c1e6e17a68,windows10-64-shippable-qr,True,False,,,102210fe594ee9b33d82058545b1ed14f4c8206e,browser-toolbox.close-process.DAMP,damp,True,damp browser-toolbox.close-process.DAMP opt e10s fission stylo webrender-sw,4768818,77,ms,firefox,,1773332716,2023-10-14 00:40:19,70.44577473490426,bcd044cb6c313be98b766d19688066871ddaa6b3,1316857,,,,,,,,,,,,,,,,,,,,,,,,,,,,,,,,,,,,,,,,,,,,,,,,,,,,,,,,,,,,,TN,TN
autoland,4769114,12,1a03ada32d4ae63ebeeb4561891b61c1e6e17a68,windows10-64-shippable-qr,True,False,,,102210fe594ee9b33d82058545b1ed14f4c8206e,browser-toolbox.close-process.DAMP,damp,True,damp browser-toolbox.close-process.DAMP opt e10s fission stylo webrender-sw,4768818,77,ms,firefox,,1773377297,2023-10-14 05:14:50,69.87777192580688,19db6b0f6713fdb1f311426a7899070e3ca19d6b,1316873,,,,,,,,,,,,,,,,,,,,,,,,,,,,,,,,,,,,,,,,,,,,,,,,,,,,,,,,,,,,,TN,TN
autoland,4769114,12,1a03ada32d4ae63ebeeb4561891b61c1e6e17a68,windows10-64-shippable-qr,True,False,,,102210fe594ee9b33d82058545b1ed14f4c8206e,browser-toolbox.close-process.DAMP,damp,True,damp browser-toolbox.close-process.DAMP opt e10s fission stylo webrender-sw,4768818,77,ms,firefox,,1773434344,2023-10-14 09:25:57,73.5845772078319,1e870b95242b07bc4961bf7558d0703dd03814b3,1316895,,,,,,,,,,,,,,,,,,,,,,,,,,,,,,,,,,,,,,,,,,,,,,,,,,,,,,,,,,,,,TN,TN
autoland,4769114,12,1a03ada32d4ae63ebeeb4561891b61c1e6e17a68,windows10-64-shippable-qr,True,False,,,102210fe594ee9b33d82058545b1ed14f4c8206e,browser-toolbox.close-process.DAMP,damp,True,damp browser-toolbox.close-process.DAMP opt e10s fission stylo webrender-sw,4768818,77,ms,firefox,,1773558504,2023-10-14 16:14:11,70.42770809828653,3f99c563251ec523301e9d46e6904989fc827306,1316942,,,,,,,,,,,,,,,,,,,,,,,,,,,,,,,,,,,,,,,,,,,,,,,,,,,,,,,,,,,,,TN,TN
autoland,4769114,12,1a03ada32d4ae63ebeeb4561891b61c1e6e17a68,windows10-64-shippable-qr,True,False,,,102210fe594ee9b33d82058545b1ed14f4c8206e,browser-toolbox.close-process.DAMP,damp,True,damp browser-toolbox.close-process.DAMP opt e10s fission stylo webrender-sw,4768818,77,ms,firefox,,1773702010,2023-10-15 06:24:19,73.62027687646332,468469f54da6070a84314dc3c4ddcdfaca74b714,1316977,,,,,,,,,,,,,,,,,,,,,,,,,,,,,,,,,,,,,,,,,,,,,,,,,,,,,,,,,,,,,TN,TN
autoland,4769114,12,1a03ada32d4ae63ebeeb4561891b61c1e6e17a68,windows10-64-shippable-qr,True,False,,,102210fe594ee9b33d82058545b1ed14f4c8206e,browser-toolbox.close-process.DAMP,damp,True,damp browser-toolbox.close-process.DAMP opt e10s fission stylo webrender-sw,4768818,77,ms,firefox,,1773767583,2023-10-15 10:45:53,71.62442378621199,91657cb1296c904004ace38877b9ca91f502be3f,1317007,,,,,,,,,,,,,,,,,,,,,,,,,,,,,,,,,,,,,,,,,,,,,,,,,,,,,,,,,,,,,TN,TN
autoland,4769114,12,1a03ada32d4ae63ebeeb4561891b61c1e6e17a68,windows10-64-shippable-qr,True,False,,,102210fe594ee9b33d82058545b1ed14f4c8206e,browser-toolbox.close-process.DAMP,damp,True,damp browser-toolbox.close-process.DAMP opt e10s fission stylo webrender-sw,4768818,77,ms,firefox,,1773800710,2023-10-15 15:32:44,75.68701808042533,aba20bc488e22880b8ef5a89916ecabb51cee798,1317021,,,,,,,,,,,,,,,,,,,,,,,,,,,,,,,,,,,,,,,,,,,,,,,,,,,,,,,,,,,,,TN,TN
autoland,4769114,12,1a03ada32d4ae63ebeeb4561891b61c1e6e17a68,windows10-64-shippable-qr,True,False,,,102210fe594ee9b33d82058545b1ed14f4c8206e,browser-toolbox.close-process.DAMP,damp,True,damp browser-toolbox.close-process.DAMP opt e10s fission stylo webrender-sw,4768818,77,ms,firefox,,1773940913,2023-10-16 01:55:37,69.98934016544081,f3de6f924333ec7c359d81d9fb16a9fca07ee42e,1317071,,,,,,,,,,,,,,,,,,,,,,,,,,,,,,,,,,,,,,,,,,,,,,,,,,,,,,,,,,,,,TN,TN
autoland,4769114,12,1a03ada32d4ae63ebeeb4561891b61c1e6e17a68,windows10-64-shippable-qr,True,False,,,102210fe594ee9b33d82058545b1ed14f4c8206e,browser-toolbox.close-process.DAMP,damp,True,damp browser-toolbox.close-process.DAMP opt e10s fission stylo webrender-sw,4768818,77,ms,firefox,,1773992298,2023-10-16 05:57:00,70.64594272356771,e891ad8158b3106dceb2199ed2c74c0c2f05fa88,1317093,,,,,,,,,,,,,,,,,,,,,,,,,,,,,,,,,,,,,,,,,,,,,,,,,,,,,,,,,,,,,TN,TN
autoland,4769114,12,1a03ada32d4ae63ebeeb4561891b61c1e6e17a68,windows10-64-shippable-qr,True,False,,,102210fe594ee9b33d82058545b1ed14f4c8206e,browser-toolbox.close-process.DAMP,damp,True,damp browser-toolbox.close-process.DAMP opt e10s fission stylo webrender-sw,4768818,77,ms,firefox,,1774124497,2023-10-16 10:06:37,74.57991188809683,e009aa26b6f79e7e5af18000b983f6decaa90eed,1317197,,,,,,,,,,,,,,,,,,,,,,,,,,,,,,,,,,,,,,,,,,,,,,,,,,,,,,,,,,,,,TN,TN
autoland,4769114,12,1a03ada32d4ae63ebeeb4561891b61c1e6e17a68,windows10-64-shippable-qr,True,False,,,102210fe594ee9b33d82058545b1ed14f4c8206e,browser-toolbox.close-process.DAMP,damp,True,damp browser-toolbox.close-process.DAMP opt e10s fission stylo webrender-sw,4768818,77,ms,firefox,,1774185414,2023-10-16 11:25:28,73.81992634030757,8cb2f63a1e705ad6bf77a8f6dcb151aa3b67d2e6,1317241,,,,,,,,,,,,,,,,,,,,,,,,,,,,,,,,,,,,,,,,,,,,,,,,,,,,,,,,,,,,,TN,TN
autoland,4769114,12,1a03ada32d4ae63ebeeb4561891b61c1e6e17a68,windows10-64-shippable-qr,True,False,,,102210fe594ee9b33d82058545b1ed14f4c8206e,browser-toolbox.close-process.DAMP,damp,True,damp browser-toolbox.close-process.DAMP opt e10s fission stylo webrender-sw,4768818,77,ms,firefox,,1774341522,2023-10-16 15:34:18,70.13957463714178,e0dd0b10e8fd0ea751f11fb0a6548ad9b6780e16,1317419,,,,,,,,,,,,,,,,,,,,,,,,,,,,,,,,,,,,,,,,,,,,,,,,,,,,,,,,,,,,,TN,TN
autoland,4769114,12,1a03ada32d4ae63ebeeb4561891b61c1e6e17a68,windows10-64-shippable-qr,True,False,,,102210fe594ee9b33d82058545b1ed14f4c8206e,browser-toolbox.close-process.DAMP,damp,True,damp browser-toolbox.close-process.DAMP opt e10s fission stylo webrender-sw,4768818,77,ms,firefox,,1774341489,2023-10-16 15:34:18,70.44511611316557,e0dd0b10e8fd0ea751f11fb0a6548ad9b6780e16,1317419,,,,,,,,,,,,,,,,,,,,,,,,,,,,,,,,,,,,,,,,,,,,,,,,,,,,,,,,,,,,,TN,TN
autoland,4769114,12,1a03ada32d4ae63ebeeb4561891b61c1e6e17a68,windows10-64-shippable-qr,True,False,,,102210fe594ee9b33d82058545b1ed14f4c8206e,browser-toolbox.close-process.DAMP,damp,True,damp browser-toolbox.close-process.DAMP opt e10s fission stylo webrender-sw,4768818,77,ms,firefox,,1774341686,2023-10-16 15:34:18,70.51523610378354,e0dd0b10e8fd0ea751f11fb0a6548ad9b6780e16,1317419,,,,,,,,,,,,,,,,,,,,,,,,,,,,,,,,,,,,,,,,,,,,,,,,,,,,,,,,,,,,,TN,TN
autoland,4769114,12,1a03ada32d4ae63ebeeb4561891b61c1e6e17a68,windows10-64-shippable-qr,True,False,,,102210fe594ee9b33d82058545b1ed14f4c8206e,browser-toolbox.close-process.DAMP,damp,True,damp browser-toolbox.close-process.DAMP opt e10s fission stylo webrender-sw,4768818,77,ms,firefox,,1774341582,2023-10-16 15:34:18,70.87275876229978,e0dd0b10e8fd0ea751f11fb0a6548ad9b6780e16,1317419,,,,,,,,,,,,,,,,,,,,,,,,,,,,,,,,,,,,,,,,,,,,,,,,,,,,,,,,,,,,,TN,TN
autoland,4769114,12,1a03ada32d4ae63ebeeb4561891b61c1e6e17a68,windows10-64-shippable-qr,True,False,,,102210fe594ee9b33d82058545b1ed14f4c8206e,browser-toolbox.close-process.DAMP,damp,True,damp browser-toolbox.close-process.DAMP opt e10s fission stylo webrender-sw,4768818,77,ms,firefox,,1774341720,2023-10-16 15:34:18,68.59384637334733,e0dd0b10e8fd0ea751f11fb0a6548ad9b6780e16,1317419,,,,,,,,,,,,,,,,,,,,,,,,,,,,,,,,,,,,,,,,,,,,,,,,,,,,,,,,,,,,,TN,TN
autoland,4769114,12,1a03ada32d4ae63ebeeb4561891b61c1e6e17a68,windows10-64-shippable-qr,True,False,,,102210fe594ee9b33d82058545b1ed14f4c8206e,browser-toolbox.close-process.DAMP,damp,True,damp browser-toolbox.close-process.DAMP opt e10s fission stylo webrender-sw,4768818,77,ms,firefox,,1774526942,2023-10-16 19:06:00,76.59544982730586,36e5163d2528daaa5669d0f9284470b070c8882e,1317546,,,,,,,,,,,,,,,,,,,,,,,,,,,,,,,,,,,,,,,,,,,,,,,,,,,,,,,,,,,,,TN,TN
autoland,4769114,12,1a03ada32d4ae63ebeeb4561891b61c1e6e17a68,windows10-64-shippable-qr,True,False,,,102210fe594ee9b33d82058545b1ed14f4c8206e,browser-toolbox.close-process.DAMP,damp,True,damp browser-toolbox.close-process.DAMP opt e10s fission stylo webrender-sw,4768818,77,ms,firefox,,1774577228,2023-10-17 00:17:31,74.81684866031355,e4bf7b3e037323072304a1b1327df57c4a54b560,1317700,,,,,,,,,,,,,,,,,,,,,,,,,,,,,,,,,,,,,,,,,,,,,,,,,,,,,,,,,,,,,TN,TN
autoland,4769114,12,1a03ada32d4ae63ebeeb4561891b61c1e6e17a68,windows10-64-shippable-qr,True,False,,,102210fe594ee9b33d82058545b1ed14f4c8206e,browser-toolbox.close-process.DAMP,damp,True,damp browser-toolbox.close-process.DAMP opt e10s fission stylo webrender-sw,4768818,77,ms,firefox,,1774732650,2023-10-17 05:18:57,77.50948648889243,896b283a3e7185d805f59d4dcb3d6bb89e9e62d8,1317768,,,,,,,,,,,,,,,,,,,,,,,,,,,,,,,,,,,,,,,,,,,,,,,,,,,,,,,,,,,,,TN,TN
autoland,4769114,12,1a03ada32d4ae63ebeeb4561891b61c1e6e17a68,windows10-64-shippable-qr,True,False,,,102210fe594ee9b33d82058545b1ed14f4c8206e,browser-toolbox.close-process.DAMP,damp,True,damp browser-toolbox.close-process.DAMP opt e10s fission stylo webrender-sw,4768818,77,ms,firefox,,1774773869,2023-10-17 06:01:55,76.36494583907188,ca60a5861d4a8bd5de1c8e5a9f76c9e35767c38c,1317782,,,,,,,,,,,,,,,,,,,,,,,,,,,,,,,,,,,,,,,,,,,,,,,,,,,,,,,,,,,,,TN,TN
autoland,4769114,12,1a03ada32d4ae63ebeeb4561891b61c1e6e17a68,windows10-64-shippable-qr,True,False,,,102210fe594ee9b33d82058545b1ed14f4c8206e,browser-toolbox.close-process.DAMP,damp,True,damp browser-toolbox.close-process.DAMP opt e10s fission stylo webrender-sw,4768818,77,ms,firefox,,1774912482,2023-10-17 10:34:28,75.58383230467007,d59eb47c0fe47f9dd6886090330bcd49c47262ce,1317920,,,,,,,,,,,,,,,,,,,,,,,,,,,,,,,,,,,,,,,,,,,,,,,,,,,,,,,,,,,,,TN,TN
autoland,4769114,12,1a03ada32d4ae63ebeeb4561891b61c1e6e17a68,windows10-64-shippable-qr,True,False,,,102210fe594ee9b33d82058545b1ed14f4c8206e,browser-toolbox.close-process.DAMP,damp,True,damp browser-toolbox.close-process.DAMP opt e10s fission stylo webrender-sw,4768818,77,ms,firefox,,1775225209,2023-10-17 13:02:41,76.8876176107733,9b7c81791d7f619271724e082934a933604e20da,1318010,,,,,,,,,,,,,,,,,,,,,,,,,,,,,,,,,,,,,,,,,,,,,,,,,,,,,,,,,,,,,TN,TN
autoland,4769114,12,1a03ada32d4ae63ebeeb4561891b61c1e6e17a68,windows10-64-shippable-qr,True,False,,,102210fe594ee9b33d82058545b1ed14f4c8206e,browser-toolbox.close-process.DAMP,damp,True,damp browser-toolbox.close-process.DAMP opt e10s fission stylo webrender-sw,4768818,77,ms,firefox,,1775269803,2023-10-17 16:53:16,77.19510650797747,684641630402200d14bf5126668b97a4f280fe59,1318176,,,,,,,,,,,,,,,,,,,,,,,,,,,,,,,,,,,,,,,,,,,,,,,,,,,,,,,,,,,,,TN,TN
autoland,4769114,12,1a03ada32d4ae63ebeeb4561891b61c1e6e17a68,windows10-64-shippable-qr,True,False,,,102210fe594ee9b33d82058545b1ed14f4c8206e,browser-toolbox.close-process.DAMP,damp,True,damp browser-toolbox.close-process.DAMP opt e10s fission stylo webrender-sw,4768818,77,ms,firefox,,1775440139,2023-10-17 21:03:18,70.27237731279456,421ffc7aa24ace087dc2a09680943f412adc38ff,1318349,,,,,,,,,,,,,,,,,,,,,,,,,,,,,,,,,,,,,,,,,,,,,,,,,,,,,,,,,,,,,TN,TN
autoland,4769114,12,1a03ada32d4ae63ebeeb4561891b61c1e6e17a68,windows10-64-shippable-qr,True,False,,,102210fe594ee9b33d82058545b1ed14f4c8206e,browser-toolbox.close-process.DAMP,damp,True,damp browser-toolbox.close-process.DAMP opt e10s fission stylo webrender-sw,4768818,77,ms,firefox,,1775398962,2023-10-17 21:04:13,69.38364447556887,4091bed4a0aae7772537e08e6cb49bf0bc7434c9,1318350,,,,,,,,,,,,,,,,,,,,,,,,,,,,,,,,,,,,,,,,,,,,,,,,,,,,,,,,,,,,,TN,TN
autoland,4769114,12,1a03ada32d4ae63ebeeb4561891b61c1e6e17a68,windows10-64-shippable-qr,True,False,,,102210fe594ee9b33d82058545b1ed14f4c8206e,browser-toolbox.close-process.DAMP,damp,True,damp browser-toolbox.close-process.DAMP opt e10s fission stylo webrender-sw,4768818,77,ms,firefox,,1775594002,2023-10-18 01:40:11,75.9563298505891,ba691c21c968a48e1bd212426fcc20fa5f4c276d,1318466,,,,,,,,,,,,,,,,,,,,,,,,,,,,,,,,,,,,,,,,,,,,,,,,,,,,,,,,,,,,,TN,TN
autoland,4769114,12,1a03ada32d4ae63ebeeb4561891b61c1e6e17a68,windows10-64-shippable-qr,True,False,,,102210fe594ee9b33d82058545b1ed14f4c8206e,browser-toolbox.close-process.DAMP,damp,True,damp browser-toolbox.close-process.DAMP opt e10s fission stylo webrender-sw,4768818,77,ms,firefox,,1777274102,2023-10-18 02:37:41,71.48391619994072,1fdbab33412d8584cff093ced6c5bc96faa92fe5,1318480,,,,,,,,,,,,,,,,,,,,,,,,,,,,,,,,,,,,,,,,,,,,,,,,,,,,,,,,,,,,,TN,TN
autoland,4769114,12,1a03ada32d4ae63ebeeb4561891b61c1e6e17a68,windows10-64-shippable-qr,True,False,,,102210fe594ee9b33d82058545b1ed14f4c8206e,browser-toolbox.close-process.DAMP,damp,True,damp browser-toolbox.close-process.DAMP opt e10s fission stylo webrender-sw,4768818,77,ms,firefox,,1777265243,2023-10-18 03:07:21,71.93352473009509,49525f3873cf1f86ac95fb98bd1d24dbc96f1f86,1318487,,,,,,,,,,,,,,,,,,,,,,,,,,,,,,,,,,,,,,,,,,,,,,,,,,,,,,,,,,,,,TN,TN
autoland,4769114,12,1a03ada32d4ae63ebeeb4561891b61c1e6e17a68,windows10-64-shippable-qr,True,False,,,102210fe594ee9b33d82058545b1ed14f4c8206e,browser-toolbox.close-process.DAMP,damp,True,damp browser-toolbox.close-process.DAMP opt e10s fission stylo webrender-sw,4768818,77,ms,firefox,,1777273960,2023-10-18 05:32:45,70.95801832483266,56ce852715d80fe5af58051658a8550ea8a4d939,1318501,,,,,,,,,,,,,,,,,,,,,,,,,,,,,,,,,,,,,,,,,,,,,,,,,,,,,,,,,,,,,TN,TN
autoland,4769114,12,1a03ada32d4ae63ebeeb4561891b61c1e6e17a68,windows10-64-shippable-qr,True,False,,,102210fe594ee9b33d82058545b1ed14f4c8206e,browser-toolbox.close-process.DAMP,damp,True,damp browser-toolbox.close-process.DAMP opt e10s fission stylo webrender-sw,4768818,77,ms,firefox,,1777274159,2023-10-18 05:37:42,70.7243028774974,199adb6962841a39536f4594b3d2214b429b781b,1318503,,,,,,,,,,,,,,,,,,,,,,,,,,,,,,,,,,,,,,,,,,,,,,,,,,,,,,,,,,,,,TN,TN
autoland,4769114,12,1a03ada32d4ae63ebeeb4561891b61c1e6e17a68,windows10-64-shippable-qr,True,False,,,102210fe594ee9b33d82058545b1ed14f4c8206e,browser-toolbox.close-process.DAMP,damp,True,damp browser-toolbox.close-process.DAMP opt e10s fission stylo webrender-sw,4768818,77,ms,firefox,,1777265129,2023-10-18 07:00:21,71.34760221658507,2535b5e00abc662e478601037a00e314799243a2,1318529,,,,,,,,,,,,,,,,,,,,,,,,,,,,,,,,,,,,,,,,,,,,,,,,,,,,,,,,,,,,,TN,TN
autoland,4769114,12,1a03ada32d4ae63ebeeb4561891b61c1e6e17a68,windows10-64-shippable-qr,True,False,,,102210fe594ee9b33d82058545b1ed14f4c8206e,browser-toolbox.close-process.DAMP,damp,True,damp browser-toolbox.close-process.DAMP opt e10s fission stylo webrender-sw,4768818,77,ms,firefox,,1777275253,2023-10-18 07:08:01,72.43662473734003,0cf1d9d7091d52e5014d6e91573c0ff7549f9cc3,1318531,,,,,,,,,,,,,,,,,,,,,,,,,,,,,,,,,,,,,,,,,,,,,,,,,,,,,,,,,,,,,TN,TN
autoland,4769114,12,1a03ada32d4ae63ebeeb4561891b61c1e6e17a68,windows10-64-shippable-qr,True,False,,,102210fe594ee9b33d82058545b1ed14f4c8206e,browser-toolbox.close-process.DAMP,damp,True,damp browser-toolbox.close-process.DAMP opt e10s fission stylo webrender-sw,4768818,77,ms,firefox,,1775684465,2023-10-18 07:31:34,69.89991087790258,47d77a0e86e138652fedb38962b9709f9c0fb98d,1318540,,,,,,,,,,,,,,,,,,,,,,,,,,,,,,,,,,,,,,,,,,,,,,,,,,,,,,,,,,,,,TN,TN
autoland,4769114,12,1a03ada32d4ae63ebeeb4561891b61c1e6e17a68,windows10-64-shippable-qr,True,False,,,102210fe594ee9b33d82058545b1ed14f4c8206e,browser-toolbox.close-process.DAMP,damp,True,damp browser-toolbox.close-process.DAMP opt e10s fission stylo webrender-sw,4768818,77,ms,firefox,,1777266438,2023-10-18 08:58:13,70.62636426783865,3c3b9cc2749b8ff22e3cbe98c540ad0aeac5cc6c,1318589,,,,,,,,,,,,,,,,,,,,,,,,,,,,,,,,,,,,,,,,,,,,,,,,,,,,,,,,,,,,,TN,TN
autoland,4769114,12,1a03ada32d4ae63ebeeb4561891b61c1e6e17a68,windows10-64-shippable-qr,True,False,,,102210fe594ee9b33d82058545b1ed14f4c8206e,browser-toolbox.close-process.DAMP,damp,True,damp browser-toolbox.close-process.DAMP opt e10s fission stylo webrender-sw,4768818,77,ms,firefox,,1777260030,2023-10-18 09:13:42,74.38531913432598,bb3fbb9c403973313b06f5fa928bb5b65e1abcc1,1318593,,,,,,,,,,,,,,,,,,,,,,,,,,,,,,,,,,,,,,,,,,,,,,,,,,,,,,,,,,,,,TN,TN
autoland,4769114,12,1a03ada32d4ae63ebeeb4561891b61c1e6e17a68,windows10-64-shippable-qr,True,False,,,102210fe594ee9b33d82058545b1ed14f4c8206e,browser-toolbox.close-process.DAMP,damp,True,damp browser-toolbox.close-process.DAMP opt e10s fission stylo webrender-sw,4768818,77,ms,firefox,,1777266585,2023-10-18 10:10:14,70.93076122781349,ee5517b7872627464d10893f99130fe96a841f40,1318626,,,,,,,,,,,,,,,,,,,,,,,,,,,,,,,,,,,,,,,,,,,,,,,,,,,,,,,,,,,,,TN,TN
autoland,4769114,12,1a03ada32d4ae63ebeeb4561891b61c1e6e17a68,windows10-64-shippable-qr,True,False,,,102210fe594ee9b33d82058545b1ed14f4c8206e,browser-toolbox.close-process.DAMP,damp,True,damp browser-toolbox.close-process.DAMP opt e10s fission stylo webrender-sw,4768818,77,ms,firefox,,1777262812,2023-10-18 10:14:04,72.73953590929159,d30146225672dd9cbb94c87c2f6eb82fc38b4fce,1318630,,,,,,,,,,,,,,,,,,,,,,,,,,,,,,,,,,,,,,,,,,,,,,,,,,,,,,,,,,,,,TN,TN
autoland,4769114,12,1a03ada32d4ae63ebeeb4561891b61c1e6e17a68,windows10-64-shippable-qr,True,False,,,102210fe594ee9b33d82058545b1ed14f4c8206e,browser-toolbox.close-process.DAMP,damp,True,damp browser-toolbox.close-process.DAMP opt e10s fission stylo webrender-sw,4768818,77,ms,firefox,,1777275069,2023-10-18 10:18:19,72.2373603478045,2f186c6070b4a1c928f0f649f55bfb000fbc2bf8,1318633,,,,,,,,,,,,,,,,,,,,,,,,,,,,,,,,,,,,,,,,,,,,,,,,,,,,,,,,,,,,,TN,TN
autoland,4769114,12,1a03ada32d4ae63ebeeb4561891b61c1e6e17a68,windows10-64-shippable-qr,True,False,,,102210fe594ee9b33d82058545b1ed14f4c8206e,browser-toolbox.close-process.DAMP,damp,True,damp browser-toolbox.close-process.DAMP opt e10s fission stylo webrender-sw,4768818,77,ms,firefox,,1777264324,2023-10-18 10:38:09,70.90547836307087,046d1dae17459f8edd9d6b8303bc1379d0bf8b83,1318646,,,,,,,,,,,,,,,,,,,,,,,,,,,,,,,,,,,,,,,,,,,,,,,,,,,,,,,,,,,,,TN,TN
autoland,4769114,12,1a03ada32d4ae63ebeeb4561891b61c1e6e17a68,windows10-64-shippable-qr,True,False,,,102210fe594ee9b33d82058545b1ed14f4c8206e,browser-toolbox.close-process.DAMP,damp,True,damp browser-toolbox.close-process.DAMP opt e10s fission stylo webrender-sw,4768818,77,ms,firefox,,1777275359,2023-10-18 10:43:25,71.22091882173845,2821440519246016adc18e0577a3539cdcd63f58,1318651,,,,,,,,,,,,,,,,,,,,,,,,,,,,,,,,,,,,,,,,,,,,,,,,,,,,,,,,,,,,,TN,TN
autoland,4769114,12,1a03ada32d4ae63ebeeb4561891b61c1e6e17a68,windows10-64-shippable-qr,True,False,,,102210fe594ee9b33d82058545b1ed14f4c8206e,browser-toolbox.close-process.DAMP,damp,True,damp browser-toolbox.close-process.DAMP opt e10s fission stylo webrender-sw,4768818,77,ms,firefox,,1777281326,2023-10-18 11:16:13,71.29055083359708,0a96f1a7069b4007f2225535bf6c83948e356b0e,1318669,,,,,,,,,,,,,,,,,,,,,,,,,,,,,,,,,,,,,,,,,,,,,,,,,,,,,,,,,,,,,TN,TN
autoland,4769114,12,1a03ada32d4ae63ebeeb4561891b61c1e6e17a68,windows10-64-shippable-qr,True,False,,,102210fe594ee9b33d82058545b1ed14f4c8206e,browser-toolbox.close-process.DAMP,damp,True,damp browser-toolbox.close-process.DAMP opt e10s fission stylo webrender-sw,4768818,77,ms,firefox,,1777264167,2023-10-18 11:30:11,71.76658924082585,1a42179c6b78749c0c13e4494bb5523662fe91a0,1318675,,,,,,,,,,,,,,,,,,,,,,,,,,,,,,,,,,,,,,,,,,,,,,,,,,,,,,,,,,,,,TN,TN
autoland,4769114,12,1a03ada32d4ae63ebeeb4561891b61c1e6e17a68,windows10-64-shippable-qr,True,False,,,102210fe594ee9b33d82058545b1ed14f4c8206e,browser-toolbox.close-process.DAMP,damp,True,damp browser-toolbox.close-process.DAMP opt e10s fission stylo webrender-sw,4768818,77,ms,firefox,,1775880059,2023-10-18 11:51:04,71.20153572876734,639c0da2250e38bb3102b66c6105aaf808e2a817,1318689,,,,,,,,,,,,,,,,,,,,,,,,,,,,,,,,,,,,,,,,,,,,,,,,,,,,,,,,,,,,,TN,TN
autoland,4769114,12,1a03ada32d4ae63ebeeb4561891b61c1e6e17a68,windows10-64-shippable-qr,True,False,,,102210fe594ee9b33d82058545b1ed14f4c8206e,browser-toolbox.close-process.DAMP,damp,True,damp browser-toolbox.close-process.DAMP opt e10s fission stylo webrender-sw,4768818,77,ms,firefox,,1777262961,2023-10-18 13:21:31,72.12113640728057,8aad7043774f80a9878f0098bc315277df34b793,1318750,,,,,,,,,,,,,,,,,,,,,,,,,,,,,,,,,,,,,,,,,,,,,,,,,,,,,,,,,,,,,TN,TN
autoland,4769114,12,1a03ada32d4ae63ebeeb4561891b61c1e6e17a68,windows10-64-shippable-qr,True,False,,,102210fe594ee9b33d82058545b1ed14f4c8206e,browser-toolbox.close-process.DAMP,damp,True,damp browser-toolbox.close-process.DAMP opt e10s fission stylo webrender-sw,4768818,77,ms,firefox,,1777259167,2023-10-18 13:27:21,70.71303887174872,3cbd51f1e91cd5c6125ee990248d89dd4f1884f0,1318754,,,,,,,,,,,,,,,,,,,,,,,,,,,,,,,,,,,,,,,,,,,,,,,,,,,,,,,,,,,,,TN,TN
autoland,4769114,12,1a03ada32d4ae63ebeeb4561891b61c1e6e17a68,windows10-64-shippable-qr,True,False,,,102210fe594ee9b33d82058545b1ed14f4c8206e,browser-toolbox.close-process.DAMP,damp,True,damp browser-toolbox.close-process.DAMP opt e10s fission stylo webrender-sw,4768818,77,ms,firefox,,1777275896,2023-10-18 13:33:02,71.88076533821004,90d6f139028e9f41d46f42c0da5741c11b670831,1318756,,,,,,,,,,,,,,,,,,,,,,,,,,,,,,,,,,,,,,,,,,,,,,,,,,,,,,,,,,,,,TN,TN
autoland,4769114,12,1a03ada32d4ae63ebeeb4561891b61c1e6e17a68,windows10-64-shippable-qr,True,False,,,102210fe594ee9b33d82058545b1ed14f4c8206e,browser-toolbox.close-process.DAMP,damp,True,damp browser-toolbox.close-process.DAMP opt e10s fission stylo webrender-sw,4768818,77,ms,firefox,,1777249719,2023-10-18 13:34:13,76.0175063069837,a799334876042dd316b1f327a7421e3dbaec7570,1318758,,,,,,,,,,,,,,,,,,,,,,,,,,,,,,,,,,,,,,,,,,,,,,,,,,,,,,,,,,,,,TN,TN
autoland,4769114,12,1a03ada32d4ae63ebeeb4561891b61c1e6e17a68,windows10-64-shippable-qr,True,False,,,102210fe594ee9b33d82058545b1ed14f4c8206e,browser-toolbox.close-process.DAMP,damp,True,damp browser-toolbox.close-process.DAMP opt e10s fission stylo webrender-sw,4768818,77,ms,firefox,,1777286214,2023-10-18 14:16:20,74.72322109717061,13cc0076698685511e3fa7c0fa91b02675ff5baa,1318804,,,,,,,,,,,,,,,,,,,,,,,,,,,,,,,,,,,,,,,,,,,,,,,,,,,,,,,,,,,,,TN,TN
autoland,4769114,12,1a03ada32d4ae63ebeeb4561891b61c1e6e17a68,windows10-64-shippable-qr,True,False,,,102210fe594ee9b33d82058545b1ed14f4c8206e,browser-toolbox.close-process.DAMP,damp,True,damp browser-toolbox.close-process.DAMP opt e10s fission stylo webrender-sw,4768818,77,ms,firefox,,1777268261,2023-10-18 14:19:42,72.88969777317106,667d97f09248c0e83d02862b3a8cbbb2762eac93,1318811,,,,,,,,,,,,,,,,,,,,,,,,,,,,,,,,,,,,,,,,,,,,,,,,,,,,,,,,,,,,,TN,TN
autoland,4769114,12,1a03ada32d4ae63ebeeb4561891b61c1e6e17a68,windows10-64-shippable-qr,True,False,,,102210fe594ee9b33d82058545b1ed14f4c8206e,browser-toolbox.close-process.DAMP,damp,True,damp browser-toolbox.close-process.DAMP opt e10s fission stylo webrender-sw,4768818,77,ms,firefox,,1777265674,2023-10-18 15:09:20,70.73656673904043,37c8ab9f4c4b252cacc607d83575044ad62306ac,1318851,,,,,,,,,,,,,,,,,,,,,,,,,,,,,,,,,,,,,,,,,,,,,,,,,,,,,,,,,,,,,TN,TN
autoland,4769114,12,1a03ada32d4ae63ebeeb4561891b61c1e6e17a68,windows10-64-shippable-qr,True,False,,,102210fe594ee9b33d82058545b1ed14f4c8206e,browser-toolbox.close-process.DAMP,damp,True,damp browser-toolbox.close-process.DAMP opt e10s fission stylo webrender-sw,4768818,77,ms,firefox,,1777282217,2023-10-18 15:27:20,70.4013292878517,a2088b98978af2bf6a6712da77f4101227416e68,1318879,,,,,,,,,,,,,,,,,,,,,,,,,,,,,,,,,,,,,,,,,,,,,,,,,,,,,,,,,,,,,TN,TN
autoland,4769114,12,1a03ada32d4ae63ebeeb4561891b61c1e6e17a68,windows10-64-shippable-qr,True,False,,,102210fe594ee9b33d82058545b1ed14f4c8206e,browser-toolbox.close-process.DAMP,damp,True,damp browser-toolbox.close-process.DAMP opt e10s fission stylo webrender-sw,4768818,77,ms,firefox,,1777265932,2023-10-18 15:40:18,76.47154597534973,c2b7b572d19b85424090d8098ae03be088fd6f62,1318892,,,,,,,,,,,,,,,,,,,,,,,,,,,,,,,,,,,,,,,,,,,,,,,,,,,,,,,,,,,,,TN,TN
autoland,4769114,12,1a03ada32d4ae63ebeeb4561891b61c1e6e17a68,windows10-64-shippable-qr,True,False,,,102210fe594ee9b33d82058545b1ed14f4c8206e,browser-toolbox.close-process.DAMP,damp,True,damp browser-toolbox.close-process.DAMP opt e10s fission stylo webrender-sw,4768818,77,ms,firefox,,1776100007,2023-10-18 16:05:19,73.88585405686172,023ae54874d34eb300cdfa9630da4455cb406ad3,1318932,,,,,,,,,,,,,,,,,,,,,,,,,,,,,,,,,,,,,,,,,,,,,,,,,,,,,,,,,,,,,TN,TN
autoland,4769114,12,1a03ada32d4ae63ebeeb4561891b61c1e6e17a68,windows10-64-shippable-qr,True,False,,,102210fe594ee9b33d82058545b1ed14f4c8206e,browser-toolbox.close-process.DAMP,damp,True,damp browser-toolbox.close-process.DAMP opt e10s fission stylo webrender-sw,4768818,77,ms,firefox,,1777270895,2023-10-18 16:20:49,71.81244958932075,2b56b5a966c12b87d2c6792a232d564e2ca064c9,1318938,,,,,,,,,,,,,,,,,,,,,,,,,,,,,,,,,,,,,,,,,,,,,,,,,,,,,,,,,,,,,TN,TN
autoland,4769114,12,1a03ada32d4ae63ebeeb4561891b61c1e6e17a68,windows10-64-shippable-qr,True,False,,,102210fe594ee9b33d82058545b1ed14f4c8206e,browser-toolbox.close-process.DAMP,damp,True,damp browser-toolbox.close-process.DAMP opt e10s fission stylo webrender-sw,4768818,77,ms,firefox,,1777265474,2023-10-18 16:23:59,71.440176783668,cc867a905a00b5a088aaa6a30f475ecf3d1d003d,1318940,,,,,,,,,,,,,,,,,,,,,,,,,,,,,,,,,,,,,,,,,,,,,,,,,,,,,,,,,,,,,TN,TN
autoland,4769114,12,1a03ada32d4ae63ebeeb4561891b61c1e6e17a68,windows10-64-shippable-qr,True,False,,,102210fe594ee9b33d82058545b1ed14f4c8206e,browser-toolbox.close-process.DAMP,damp,True,damp browser-toolbox.close-process.DAMP opt e10s fission stylo webrender-sw,4768818,77,ms,firefox,,1777264564,2023-10-18 16:31:35,70.04070748975573,d750bc53836a77e1734ba433bc0258f4a53e4268,1318945,,,,,,,,,,,,,,,,,,,,,,,,,,,,,,,,,,,,,,,,,,,,,,,,,,,,,,,,,,,,,TN,TN
autoland,4769114,12,1a03ada32d4ae63ebeeb4561891b61c1e6e17a68,windows10-64-shippable-qr,True,False,,,102210fe594ee9b33d82058545b1ed14f4c8206e,browser-toolbox.close-process.DAMP,damp,True,damp browser-toolbox.close-process.DAMP opt e10s fission stylo webrender-sw,4768818,77,ms,firefox,,1776133119,2023-10-18 16:32:33,76.16313699257444,361e571454e94ba0cfa1a86d2a7f63a24455581c,1318947,,,,,,,,,,,,,,,,,,,,,,,,,,,,,,,,,,,,,,,,,,,,,,,,,,,,,,,,,,,,,TN,TN
autoland,4769114,12,1a03ada32d4ae63ebeeb4561891b61c1e6e17a68,windows10-64-shippable-qr,True,False,,,102210fe594ee9b33d82058545b1ed14f4c8206e,browser-toolbox.close-process.DAMP,damp,True,damp browser-toolbox.close-process.DAMP opt e10s fission stylo webrender-sw,4768818,77,ms,firefox,,1776387714,2023-10-18 20:42:45,76.79432868130607,77f05957a4fc15dc053469145b93089adfec3484,1319167,,,,,,,,,,,,,,,,,,,,,,,,,,,,,,,,,,,,,,,,,,,,,,,,,,,,,,,,,,,,,TN,TN
autoland,4769114,12,1a03ada32d4ae63ebeeb4561891b61c1e6e17a68,windows10-64-shippable-qr,True,False,,,102210fe594ee9b33d82058545b1ed14f4c8206e,browser-toolbox.close-process.DAMP,damp,True,damp browser-toolbox.close-process.DAMP opt e10s fission stylo webrender-sw,4768818,77,ms,firefox,,1776328453,2023-10-18 20:46:18,76.76770469493931,e059b0995a2a62238ca266c3ed9955434ac43517,1319169,,,,,,,,,,,,,,,,,,,,,,,,,,,,,,,,,,,,,,,,,,,,,,,,,,,,,,,,,,,,,TN,TN
autoland,4769114,12,1a03ada32d4ae63ebeeb4561891b61c1e6e17a68,windows10-64-shippable-qr,True,False,,,102210fe594ee9b33d82058545b1ed14f4c8206e,browser-toolbox.close-process.DAMP,damp,True,damp browser-toolbox.close-process.DAMP opt e10s fission stylo webrender-sw,4768818,77,ms,firefox,,1776423088,2023-10-18 23:25:14,72.06701050281117,beb80bb8c90921077e9c1130ad5a8e925dc060b7,1319276,,,,,,,,,,,,,,,,,,,,,,,,,,,,,,,,,,,,,,,,,,,,,,,,,,,,,,,,,,,,,TN,TN
autoland,4769114,12,1a03ada32d4ae63ebeeb4561891b61c1e6e17a68,windows10-64-shippable-qr,True,False,,,102210fe594ee9b33d82058545b1ed14f4c8206e,browser-toolbox.close-process.DAMP,damp,True,damp browser-toolbox.close-process.DAMP opt e10s fission stylo webrender-sw,4768818,77,ms,firefox,,1776598219,2023-10-19 04:23:12,77.42695116608957,53cee944c60ac3c237a9aa2dacd19aa6bde80c2a,1319373,,,,,,,,,,,,,,,,,,,,,,,,,,,,,,,,,,,,,,,,,,,,,,,,,,,,,,,,,,,,,TN,TN
autoland,4769114,12,1a03ada32d4ae63ebeeb4561891b61c1e6e17a68,windows10-64-shippable-qr,True,False,,,102210fe594ee9b33d82058545b1ed14f4c8206e,browser-toolbox.close-process.DAMP,damp,True,damp browser-toolbox.close-process.DAMP opt e10s fission stylo webrender-sw,4768818,77,ms,firefox,,1776745927,2023-10-19 08:39:29,73.11292578678695,a9a0ca5dc9605973d81ded607dfccd4d0a08dc68,1319455,,,,,,,,,,,,,,,,,,,,,,,,,,,,,,,,,,,,,,,,,,,,,,,,,,,,,,,,,,,,,TN,TN
autoland,4769114,12,1a03ada32d4ae63ebeeb4561891b61c1e6e17a68,windows10-64-shippable-qr,True,False,,,102210fe594ee9b33d82058545b1ed14f4c8206e,browser-toolbox.close-process.DAMP,damp,True,damp browser-toolbox.close-process.DAMP opt e10s fission stylo webrender-sw,4768818,77,ms,firefox,,1776929992,2023-10-19 12:43:18,72.69530840664811,2981b7bbee06c518301e1542545e92b6d80a8d0b,1319613,,,,,,,,,,,,,,,,,,,,,,,,,,,,,,,,,,,,,,,,,,,,,,,,,,,,,,,,,,,,,TN,TN
autoland,4769114,12,1a03ada32d4ae63ebeeb4561891b61c1e6e17a68,windows10-64-shippable-qr,True,False,,,102210fe594ee9b33d82058545b1ed14f4c8206e,browser-toolbox.close-process.DAMP,damp,True,damp browser-toolbox.close-process.DAMP opt e10s fission stylo webrender-sw,4768818,77,ms,firefox,,1776944748,2023-10-19 12:48:25,73.7319127497467,8be39770f68cb52d1a2b14bdf31a34f5e54212e8,1319617,,,,,,,,,,,,,,,,,,,,,,,,,,,,,,,,,,,,,,,,,,,,,,,,,,,,,,,,,,,,,TN,TN
autoland,4769114,12,1a03ada32d4ae63ebeeb4561891b61c1e6e17a68,windows10-64-shippable-qr,True,False,,,102210fe594ee9b33d82058545b1ed14f4c8206e,browser-toolbox.close-process.DAMP,damp,True,damp browser-toolbox.close-process.DAMP opt e10s fission stylo webrender-sw,4768818,77,ms,firefox,,1776983540,2023-10-19 17:06:19,75.48051158995077,fafeb43eefd13b4df24d6526d729b15fb42b7d27,1319833,,,,,,,,,,,,,,,,,,,,,,,,,,,,,,,,,,,,,,,,,,,,,,,,,,,,,,,,,,,,,TN,TN
autoland,4769114,12,1a03ada32d4ae63ebeeb4561891b61c1e6e17a68,windows10-64-shippable-qr,True,False,,,102210fe594ee9b33d82058545b1ed14f4c8206e,browser-toolbox.close-process.DAMP,damp,True,damp browser-toolbox.close-process.DAMP opt e10s fission stylo webrender-sw,4768818,77,ms,firefox,,1777091175,2023-10-19 22:45:17,74.93084587846533,b557109f1b5dd0a5c7be013c630945f886e17708,1320076,,,,,,,,,,,,,,,,,,,,,,,,,,,,,,,,,,,,,,,,,,,,,,,,,,,,,,,,,,,,,TN,TN
autoland,4769114,12,1a03ada32d4ae63ebeeb4561891b61c1e6e17a68,windows10-64-shippable-qr,True,False,,,102210fe594ee9b33d82058545b1ed14f4c8206e,browser-toolbox.close-process.DAMP,damp,True,damp browser-toolbox.close-process.DAMP opt e10s fission stylo webrender-sw,4768818,77,ms,firefox,,1777102331,2023-10-19 22:59:16,74.90733670729969,0546c85daa8d8b6f7a8c5a842fdf1a990215e249,1320081,,,,,,,,,,,,,,,,,,,,,,,,,,,,,,,,,,,,,,,,,,,,,,,,,,,,,,,,,,,,,TN,TN
autoland,4769114,12,1a03ada32d4ae63ebeeb4561891b61c1e6e17a68,windows10-64-shippable-qr,True,False,,,102210fe594ee9b33d82058545b1ed14f4c8206e,browser-toolbox.close-process.DAMP,damp,True,damp browser-toolbox.close-process.DAMP opt e10s fission stylo webrender-sw,4768818,77,ms,firefox,,1777184867,2023-10-20 03:32:37,70.92169168805412,dc0d913ecc2486cafc7a005d2fe6705f2c7da222,1320137,,,,,,,,,,,,,,,,,,,,,,,,,,,,,,,,,,,,,,,,,,,,,,,,,,,,,,,,,,,,,TN,TN
autoland,4769114,12,1a03ada32d4ae63ebeeb4561891b61c1e6e17a68,windows10-64-shippable-qr,True,False,,,102210fe594ee9b33d82058545b1ed14f4c8206e,browser-toolbox.close-process.DAMP,damp,True,damp browser-toolbox.close-process.DAMP opt e10s fission stylo webrender-sw,4768818,77,ms,firefox,,1777364933,2023-10-20 09:14:56,77.09446578728966,5ebf0b67d0519897b95e84598900434fe92b7abb,1320186,,,,,,,,,,,,,,,,,,,,,,,,,,,,,,,,,,,,,,,,,,,,,,,,,,,,,,,,,,,,,TN,TN
autoland,4769114,12,1a03ada32d4ae63ebeeb4561891b61c1e6e17a68,windows10-64-shippable-qr,True,False,,,102210fe594ee9b33d82058545b1ed14f4c8206e,browser-toolbox.close-process.DAMP,damp,True,damp browser-toolbox.close-process.DAMP opt e10s fission stylo webrender-sw,4768818,77,ms,firefox,,1777444337,2023-10-20 14:06:35,76.57788348504982,dfa7f17930eb1b48ff7435494924a0711114e40a,1320283,,,,,,,,,,,,,,,,,,,,,,,,,,,,,,,,,,,,,,,,,,,,,,,,,,,,,,,,,,,,,TN,TN
autoland,4769114,12,1a03ada32d4ae63ebeeb4561891b61c1e6e17a68,windows10-64-shippable-qr,True,False,,,102210fe594ee9b33d82058545b1ed14f4c8206e,browser-toolbox.close-process.DAMP,damp,True,damp browser-toolbox.close-process.DAMP opt e10s fission stylo webrender-sw,4768818,77,ms,firefox,,1777495093,2023-10-20 15:24:34,77.52390184626347,8f4fc4b6cc05c16482986671d19d546faf6cb212,1320314,,,,,,,,,,,,,,,,,,,,,,,,,,,,,,,,,,,,,,,,,,,,,,,,,,,,,,,,,,,,,TN,TN
autoland,4769114,12,1a03ada32d4ae63ebeeb4561891b61c1e6e17a68,windows10-64-shippable-qr,True,False,,,102210fe594ee9b33d82058545b1ed14f4c8206e,browser-toolbox.close-process.DAMP,damp,True,damp browser-toolbox.close-process.DAMP opt e10s fission stylo webrender-sw,4768818,77,ms,firefox,,1777562721,2023-10-20 21:24:05,70.31136133157634,f4da998c2ad5be8d29b4e2523b56d9d5e2a58984,1320380,,,,,,,,,,,,,,,,,,,,,,,,,,,,,,,,,,,,,,,,,,,,,,,,,,,,,,,,,,,,,TN,TN
autoland,4769114,12,1a03ada32d4ae63ebeeb4561891b61c1e6e17a68,windows10-64-shippable-qr,True,False,,,102210fe594ee9b33d82058545b1ed14f4c8206e,browser-toolbox.close-process.DAMP,damp,True,damp browser-toolbox.close-process.DAMP opt e10s fission stylo webrender-sw,4768818,77,ms,firefox,,1777680446,2023-10-21 14:30:38,76.52860081736435,4124eee4f58ca46e13cb937c757a2fe1875120f0,1320453,,,,,,,,,,,,,,,,,,,,,,,,,,,,,,,,,,,,,,,,,,,,,,,,,,,,,,,,,,,,,TN,TN
autoland,4769114,12,1a03ada32d4ae63ebeeb4561891b61c1e6e17a68,windows10-64-shippable-qr,True,False,,,102210fe594ee9b33d82058545b1ed14f4c8206e,browser-toolbox.close-process.DAMP,damp,True,damp browser-toolbox.close-process.DAMP opt e10s fission stylo webrender-sw,4768818,77,ms,firefox,,1777799366,2023-10-22 19:07:04,75.81282518380613,529ec79bcdfd6a273fe6607c2a34bcc93c009ec5,1320522,,,,,,,,,,,,,,,,,,,,,,,,,,,,,,,,,,,,,,,,,,,,,,,,,,,,,,,,,,,,,TN,TN
autoland,4769114,12,1a03ada32d4ae63ebeeb4561891b61c1e6e17a68,windows10-64-shippable-qr,True,False,,,102210fe594ee9b33d82058545b1ed14f4c8206e,browser-toolbox.close-process.DAMP,damp,True,damp browser-toolbox.close-process.DAMP opt e10s fission stylo webrender-sw,4768818,77,ms,firefox,,1777906765,2023-10-22 21:46:31,75.81760384805239,52f2e6e80f6f7d8ab6eaaa36c4aa47c5be27a7a1,1320539,,,,,,,,,,,,,,,,,,,,,,,,,,,,,,,,,,,,,,,,,,,,,,,,,,,,,,,,,,,,,TN,TN
autoland,4769114,12,1a03ada32d4ae63ebeeb4561891b61c1e6e17a68,windows10-64-shippable-qr,True,False,,,102210fe594ee9b33d82058545b1ed14f4c8206e,browser-toolbox.close-process.DAMP,damp,True,damp browser-toolbox.close-process.DAMP opt e10s fission stylo webrender-sw,4768818,77,ms,firefox,,1778056785,2023-10-23 11:07:29,76.71675394566046,acba8a75249bc2b26b143d4d2830575cf0d7bcc2,1320744,,,,,,,,,,,,,,,,,,,,,,,,,,,,,,,,,,,,,,,,,,,,,,,,,,,,,,,,,,,,,TN,TN
autoland,4769114,12,1a03ada32d4ae63ebeeb4561891b61c1e6e17a68,windows10-64-shippable-qr,True,False,,,102210fe594ee9b33d82058545b1ed14f4c8206e,browser-toolbox.close-process.DAMP,damp,True,damp browser-toolbox.close-process.DAMP opt e10s fission stylo webrender-sw,4768818,77,ms,firefox,,1778093866,2023-10-23 12:26:53,70.26959867399273,818b5938920e6868a3f3b5a16b0c972bd8ec5cfc,1320781,,,,,,,,,,,,,,,,,,,,,,,,,,,,,,,,,,,,,,,,,,,,,,,,,,,,,,,,,,,,,TN,TN
autoland,4769114,12,1a03ada32d4ae63ebeeb4561891b61c1e6e17a68,windows10-64-shippable-qr,True,False,,,102210fe594ee9b33d82058545b1ed14f4c8206e,browser-toolbox.close-process.DAMP,damp,True,damp browser-toolbox.close-process.DAMP opt e10s fission stylo webrender-sw,4768818,77,ms,firefox,,1778284624,2023-10-23 15:48:05,75.06048433894466,f222bdcd6517e233cb62a3164afd50fd17a55e62,1320978,,,,,,,,,,,,,,,,,,,,,,,,,,,,,,,,,,,,,,,,,,,,,,,,,,,,,,,,,,,,,TN,TN
autoland,4769114,12,1a03ada32d4ae63ebeeb4561891b61c1e6e17a68,windows10-64-shippable-qr,True,False,,,102210fe594ee9b33d82058545b1ed14f4c8206e,browser-toolbox.close-process.DAMP,damp,True,damp browser-toolbox.close-process.DAMP opt e10s fission stylo webrender-sw,4768818,77,ms,firefox,,1778545701,2023-10-23 17:53:04,70.89560390051338,00c1813123fd4ca7ec1446ebdabe2848814e550e,1321095,,,,,,,,,,,,,,,,,,,,,,,,,,,,,,,,,,,,,,,,,,,,,,,,,,,,,,,,,,,,,TN,TN
autoland,4769114,12,1a03ada32d4ae63ebeeb4561891b61c1e6e17a68,windows10-64-shippable-qr,True,False,,,102210fe594ee9b33d82058545b1ed14f4c8206e,browser-toolbox.close-process.DAMP,damp,True,damp browser-toolbox.close-process.DAMP opt e10s fission stylo webrender-sw,4768818,77,ms,firefox,,1780526945,2023-10-23 19:05:18,76.22199102565355,d3d0bc27ebffea892e1e635d3b1618d58b195138,1321163,,,,,,,,,,,,,,,,,,,,,,,,,,,,,,,,,,,,,,,,,,,,,,,,,,,,,,,,,,,,,TN,TN
autoland,4769114,12,1a03ada32d4ae63ebeeb4561891b61c1e6e17a68,windows10-64-shippable-qr,True,False,,,102210fe594ee9b33d82058545b1ed14f4c8206e,browser-toolbox.close-process.DAMP,damp,True,damp browser-toolbox.close-process.DAMP opt e10s fission stylo webrender-sw,4768818,77,ms,firefox,,1780527180,2023-10-23 19:51:00,70.7121131287422,076c9103aad5d987229226f223aa420114d5acbd,1321182,,,,,,,,,,,,,,,,,,,,,,,,,,,,,,,,,,,,,,,,,,,,,,,,,,,,,,,,,,,,,TN,TN
autoland,4769114,12,1a03ada32d4ae63ebeeb4561891b61c1e6e17a68,windows10-64-shippable-qr,True,False,,,102210fe594ee9b33d82058545b1ed14f4c8206e,browser-toolbox.close-process.DAMP,damp,True,damp browser-toolbox.close-process.DAMP opt e10s fission stylo webrender-sw,4768818,77,ms,firefox,,1780527073,2023-10-23 20:03:21,75.78171213277528,79f439bc112cf550ec3ff276d0577ec4e42b0a47,1321189,,,,,,,,,,,,,,,,,,,,,,,,,,,,,,,,,,,,,,,,,,,,,,,,,,,,,,,,,,,,,TN,TN
autoland,4769114,12,1a03ada32d4ae63ebeeb4561891b61c1e6e17a68,windows10-64-shippable-qr,True,False,,,102210fe594ee9b33d82058545b1ed14f4c8206e,browser-toolbox.close-process.DAMP,damp,True,damp browser-toolbox.close-process.DAMP opt e10s fission stylo webrender-sw,4768818,77,ms,firefox,,1780527297,2023-10-23 20:18:06,69.11689261214633,58b6164020f0ea02907407513d5fc8db2fca49db,1321199,,,,,,,,,,,,,,,,,,,,,,,,,,,,,,,,,,,,,,,,,,,,,,,,,,,,,,,,,,,,,TN,TN
autoland,4769114,12,1a03ada32d4ae63ebeeb4561891b61c1e6e17a68,windows10-64-shippable-qr,True,False,,,102210fe594ee9b33d82058545b1ed14f4c8206e,browser-toolbox.close-process.DAMP,damp,True,damp browser-toolbox.close-process.DAMP opt e10s fission stylo webrender-sw,4768818,77,ms,firefox,,1780527416,2023-10-23 20:21:48,73.93171889247606,027896306e6fae140c820e1c2ff11eb49711d673,1321201,,,,,,,,,,,,,,,,,,,,,,,,,,,,,,,,,,,,,,,,,,,,,,,,,,,,,,,,,,,,,TN,TN
autoland,4769114,12,1a03ada32d4ae63ebeeb4561891b61c1e6e17a68,windows10-64-shippable-qr,True,False,,,102210fe594ee9b33d82058545b1ed14f4c8206e,browser-toolbox.close-process.DAMP,damp,True,damp browser-toolbox.close-process.DAMP opt e10s fission stylo webrender-sw,4768818,77,ms,firefox,,1780528725,2023-10-23 20:31:17,74.01292491258937,c60447c3d4a4114b2b76dac600ce0eb62767d781,1321206,,,,,,,,,,,,,,,,,,,,,,,,,,,,,,,,,,,,,,,,,,,,,,,,,,,,,,,,,,,,,TN,TN
autoland,4769114,12,1a03ada32d4ae63ebeeb4561891b61c1e6e17a68,windows10-64-shippable-qr,True,False,,,102210fe594ee9b33d82058545b1ed14f4c8206e,browser-toolbox.close-process.DAMP,damp,True,damp browser-toolbox.close-process.DAMP opt e10s fission stylo webrender-sw,4768818,77,ms,firefox,,1780528463,2023-10-23 20:33:39,75.53462268783187,5938ed6565c036f4ab5cb70c384483b5bb87fe81,1321207,,,,,,,,,,,,,,,,,,,,,,,,,,,,,,,,,,,,,,,,,,,,,,,,,,,,,,,,,,,,,TN,TN
autoland,4769114,12,1a03ada32d4ae63ebeeb4561891b61c1e6e17a68,windows10-64-shippable-qr,True,False,,,102210fe594ee9b33d82058545b1ed14f4c8206e,browser-toolbox.close-process.DAMP,damp,True,damp browser-toolbox.close-process.DAMP opt e10s fission stylo webrender-sw,4768818,77,ms,firefox,,1780528335,2023-10-23 20:35:07,71.02816338930279,2a8d11fcc746feeef629cd0fcad21615888669d0,1321209,,,,,,,,,,,,,,,,,,,,,,,,,,,,,,,,,,,,,,,,,,,,,,,,,,,,,,,,,,,,,TN,TN
autoland,4769114,12,1a03ada32d4ae63ebeeb4561891b61c1e6e17a68,windows10-64-shippable-qr,True,False,,,102210fe594ee9b33d82058545b1ed14f4c8206e,browser-toolbox.close-process.DAMP,damp,True,damp browser-toolbox.close-process.DAMP opt e10s fission stylo webrender-sw,4768818,77,ms,firefox,,1778613816,2023-10-23 20:36:06,76.39604503828741,0fdbf0a455f26afa0a7a0390d6a380e318fce9d4,1321210,,,,,,,,,,,,,,,,,,,,,,,,,,,,,,,,,,,,,,,,,,,,,,,,,,,,,,,,,,,,,TN,TN
autoland,4769114,12,1a03ada32d4ae63ebeeb4561891b61c1e6e17a68,windows10-64-shippable-qr,True,False,,,102210fe594ee9b33d82058545b1ed14f4c8206e,browser-toolbox.close-process.DAMP,damp,True,damp browser-toolbox.close-process.DAMP opt e10s fission stylo webrender-sw,4768818,77,ms,firefox,,1780529564,2023-10-23 21:57:34,75.33537723837071,75f62a89f923568bb4d1ce44bb4a135472316a21,1321270,,,,,,,,,,,,,,,,,,,,,,,,,,,,,,,,,,,,,,,,,,,,,,,,,,,,,,,,,,,,,TN,TN
autoland,4769114,12,1a03ada32d4ae63ebeeb4561891b61c1e6e17a68,windows10-64-shippable-qr,True,False,,,102210fe594ee9b33d82058545b1ed14f4c8206e,browser-toolbox.close-process.DAMP,damp,True,damp browser-toolbox.close-process.DAMP opt e10s fission stylo webrender-sw,4768818,77,ms,firefox,,1780529347,2023-10-23 22:02:15,71.21121512679383,c56b724c90568c2dca6e563a26b5c8065107f038,1321275,,,,,,,,,,,,,,,,,,,,,,,,,,,,,,,,,,,,,,,,,,,,,,,,,,,,,,,,,,,,,TN,TN
autoland,4769114,12,1a03ada32d4ae63ebeeb4561891b61c1e6e17a68,windows10-64-shippable-qr,True,False,,,102210fe594ee9b33d82058545b1ed14f4c8206e,browser-toolbox.close-process.DAMP,damp,True,damp browser-toolbox.close-process.DAMP opt e10s fission stylo webrender-sw,4768818,77,ms,firefox,,1780529799,2023-10-23 22:41:11,71.76017659209901,75fa2810fdcf8d49c9d1bf7c5b58180f155ec38f,1321298,,,,,,,,,,,,,,,,,,,,,,,,,,,,,,,,,,,,,,,,,,,,,,,,,,,,,,,,,,,,,TN,TN
autoland,4769114,12,1a03ada32d4ae63ebeeb4561891b61c1e6e17a68,windows10-64-shippable-qr,True,False,,,102210fe594ee9b33d82058545b1ed14f4c8206e,browser-toolbox.close-process.DAMP,damp,True,damp browser-toolbox.close-process.DAMP opt e10s fission stylo webrender-sw,4768818,77,ms,firefox,,1780529632,2023-10-23 22:44:30,75.23136414818873,3e015d8116f7846c673df5cd426dd8b88060e2b1,1321300,,,,,,,,,,,,,,,,,,,,,,,,,,,,,,,,,,,,,,,,,,,,,,,,,,,,,,,,,,,,,TN,TN
autoland,4769114,12,1a03ada32d4ae63ebeeb4561891b61c1e6e17a68,windows10-64-shippable-qr,True,False,,,102210fe594ee9b33d82058545b1ed14f4c8206e,browser-toolbox.close-process.DAMP,damp,True,damp browser-toolbox.close-process.DAMP opt e10s fission stylo webrender-sw,4768818,77,ms,firefox,,1780529287,2023-10-23 22:50:56,76.04637493572955,dec95bfd8d3929e710e8835971c52785d2453cbb,1321304,,,,,,,,,,,,,,,,,,,,,,,,,,,,,,,,,,,,,,,,,,,,,,,,,,,,,,,,,,,,,TN,TN
autoland,4769114,12,1a03ada32d4ae63ebeeb4561891b61c1e6e17a68,windows10-64-shippable-qr,True,False,,,102210fe594ee9b33d82058545b1ed14f4c8206e,browser-toolbox.close-process.DAMP,damp,True,damp browser-toolbox.close-process.DAMP opt e10s fission stylo webrender-sw,4768818,77,ms,firefox,,1780530024,2023-10-23 22:56:34,71.92311525748664,261b2cf2977750574f29cc1b3af177aae7559f86,1321309,,,,,,,,,,,,,,,,,,,,,,,,,,,,,,,,,,,,,,,,,,,,,,,,,,,,,,,,,,,,,TN,TN
autoland,4769114,12,1a03ada32d4ae63ebeeb4561891b61c1e6e17a68,windows10-64-shippable-qr,True,False,,,102210fe594ee9b33d82058545b1ed14f4c8206e,browser-toolbox.close-process.DAMP,damp,True,damp browser-toolbox.close-process.DAMP opt e10s fission stylo webrender-sw,4768818,77,ms,firefox,,1780529738,2023-10-23 23:13:41,76.26279486033309,e4557e65b6c5e8e95495d9bbd24f147e14c9d88a,1321313,,,,,,,,,,,,,,,,,,,,,,,,,,,,,,,,,,,,,,,,,,,,,,,,,,,,,,,,,,,,,TN,TN
autoland,4769114,12,1a03ada32d4ae63ebeeb4561891b61c1e6e17a68,windows10-64-shippable-qr,True,False,,,102210fe594ee9b33d82058545b1ed14f4c8206e,browser-toolbox.close-process.DAMP,damp,True,damp browser-toolbox.close-process.DAMP opt e10s fission stylo webrender-sw,4768818,77,ms,firefox,,1780529134,2023-10-23 23:41:09,71.97021801958181,9e0814d9dc090ab767d01f2c435676c66291c835,1321324,,,,,,,,,,,,,,,,,,,,,,,,,,,,,,,,,,,,,,,,,,,,,,,,,,,,,,,,,,,,,TN,TN
autoland,4769114,12,1a03ada32d4ae63ebeeb4561891b61c1e6e17a68,windows10-64-shippable-qr,True,False,,,102210fe594ee9b33d82058545b1ed14f4c8206e,browser-toolbox.close-process.DAMP,damp,True,damp browser-toolbox.close-process.DAMP opt e10s fission stylo webrender-sw,4768818,77,ms,firefox,,1780530212,2023-10-24 00:16:25,77.87955970679468,622e0643fff8ba632ce18ce132c977c5c2291b15,1321346,,,,,,,,,,,,,,,,,,,,,,,,,,,,,,,,,,,,,,,,,,,,,,,,,,,,,,,,,,,,,TN,TN
autoland,4769114,12,1a03ada32d4ae63ebeeb4561891b61c1e6e17a68,windows10-64-shippable-qr,True,False,,,102210fe594ee9b33d82058545b1ed14f4c8206e,browser-toolbox.close-process.DAMP,damp,True,damp browser-toolbox.close-process.DAMP opt e10s fission stylo webrender-sw,4768818,77,ms,firefox,,1778713667,2023-10-24 00:49:55,69.79802293006651,ed9d130c38a8858740845db8ec5c8bb7e68cce65,1321359,,,,,,,,,,,,,,,,,,,,,,,,,,,,,,,,,,,,,,,,,,,,,,,,,,,,,,,,,,,,,TN,TN
autoland,4769114,12,1a03ada32d4ae63ebeeb4561891b61c1e6e17a68,windows10-64-shippable-qr,True,False,,,102210fe594ee9b33d82058545b1ed14f4c8206e,browser-toolbox.close-process.DAMP,damp,True,damp browser-toolbox.close-process.DAMP opt e10s fission stylo webrender-sw,4768818,77,ms,firefox,,1780529727,2023-10-24 00:55:20,74.9256747301115,a800aa0c8c544109f50ebd6f6a05d6bc461742f2,1321363,,,,,,,,,,,,,,,,,,,,,,,,,,,,,,,,,,,,,,,,,,,,,,,,,,,,,,,,,,,,,TN,TN
autoland,4769114,12,1a03ada32d4ae63ebeeb4561891b61c1e6e17a68,windows10-64-shippable-qr,True,False,,,102210fe594ee9b33d82058545b1ed14f4c8206e,browser-toolbox.close-process.DAMP,damp,True,damp browser-toolbox.close-process.DAMP opt e10s fission stylo webrender-sw,4768818,77,ms,firefox,,1780529410,2023-10-24 01:06:52,71.8803514785468,a1f96596aceb6c098e40dc8ec612693b72acb453,1321372,,,,,,,,,,,,,,,,,,,,,,,,,,,,,,,,,,,,,,,,,,,,,,,,,,,,,,,,,,,,,TN,TN
autoland,4769114,12,1a03ada32d4ae63ebeeb4561891b61c1e6e17a68,windows10-64-shippable-qr,True,False,,,102210fe594ee9b33d82058545b1ed14f4c8206e,browser-toolbox.close-process.DAMP,damp,True,damp browser-toolbox.close-process.DAMP opt e10s fission stylo webrender-sw,4768818,77,ms,firefox,,1780530142,2023-10-24 01:51:34,75.12943375461327,3ceaf46f8f551b49e4926f587f8afe4dfa09cae1,1321378,,,,,,,,,,,,,,,,,,,,,,,,,,,,,,,,,,,,,,,,,,,,,,,,,,,,,,,,,,,,,TN,TN
autoland,4769114,12,1a03ada32d4ae63ebeeb4561891b61c1e6e17a68,windows10-64-shippable-qr,True,False,,,102210fe594ee9b33d82058545b1ed14f4c8206e,browser-toolbox.close-process.DAMP,damp,True,damp browser-toolbox.close-process.DAMP opt e10s fission stylo webrender-sw,4768818,77,ms,firefox,,1780529944,2023-10-24 01:54:49,76.81328553747153,6d12b530a5c91222159ac735fc3949887f969baf,1321380,,,,,,,,,,,,,,,,,,,,,,,,,,,,,,,,,,,,,,,,,,,,,,,,,,,,,,,,,,,,,TN,TN
autoland,4769114,12,1a03ada32d4ae63ebeeb4561891b61c1e6e17a68,windows10-64-shippable-qr,True,False,,,102210fe594ee9b33d82058545b1ed14f4c8206e,browser-toolbox.close-process.DAMP,damp,True,damp browser-toolbox.close-process.DAMP opt e10s fission stylo webrender-sw,4768818,77,ms,firefox,,1780529968,2023-10-24 02:58:30,70.62443871992582,666767cb8884c56fcf2368c5ffa32208c76ba2b5,1321392,,,,,,,,,,,,,,,,,,,,,,,,,,,,,,,,,,,,,,,,,,,,,,,,,,,,,,,,,,,,,TN,TN
autoland,4769114,12,1a03ada32d4ae63ebeeb4561891b61c1e6e17a68,windows10-64-shippable-qr,True,False,,,102210fe594ee9b33d82058545b1ed14f4c8206e,browser-toolbox.close-process.DAMP,damp,True,damp browser-toolbox.close-process.DAMP opt e10s fission stylo webrender-sw,4768818,77,ms,firefox,,1780530284,2023-10-24 02:59:49,76.78633356179489,618a19358310ab9d1793322d20aa989a200090bc,1321393,,,,,,,,,,,,,,,,,,,,,,,,,,,,,,,,,,,,,,,,,,,,,,,,,,,,,,,,,,,,,TN,TN
autoland,4769114,12,1a03ada32d4ae63ebeeb4561891b61c1e6e17a68,windows10-64-shippable-qr,True,False,,,102210fe594ee9b33d82058545b1ed14f4c8206e,browser-toolbox.close-process.DAMP,damp,True,damp browser-toolbox.close-process.DAMP opt e10s fission stylo webrender-sw,4768818,77,ms,firefox,,1780529466,2023-10-24 03:57:23,75.59757298056502,ed56525c65bc0b65e111ad234d515d1f31a6807e,1321398,,,,,,,,,,,,,,,,,,,,,,,,,,,,,,,,,,,,,,,,,,,,,,,,,,,,,,,,,,,,,TN,TN
autoland,4769114,12,1a03ada32d4ae63ebeeb4561891b61c1e6e17a68,windows10-64-shippable-qr,True,False,,,102210fe594ee9b33d82058545b1ed14f4c8206e,browser-toolbox.close-process.DAMP,damp,True,damp browser-toolbox.close-process.DAMP opt e10s fission stylo webrender-sw,4768818,77,ms,firefox,,1780530086,2023-10-24 04:06:51,71.82985759232542,7f25d62e49a2325004433386f09955d3c2f64c3c,1321402,,,,,,,,,,,,,,,,,,,,,,,,,,,,,,,,,,,,,,,,,,,,,,,,,,,,,,,,,,,,,TN,TN
autoland,4769114,12,1a03ada32d4ae63ebeeb4561891b61c1e6e17a68,windows10-64-shippable-qr,True,False,,,102210fe594ee9b33d82058545b1ed14f4c8206e,browser-toolbox.close-process.DAMP,damp,True,damp browser-toolbox.close-process.DAMP opt e10s fission stylo webrender-sw,4768818,77,ms,firefox,,1780529569,2023-10-24 04:21:30,70.96838165925874,aaa658ba6ff75d75e2b80d803280d13f9a92e4dc,1321405,,,,,,,,,,,,,,,,,,,,,,,,,,,,,,,,,,,,,,,,,,,,,,,,,,,,,,,,,,,,,TN,TN
autoland,4769114,12,1a03ada32d4ae63ebeeb4561891b61c1e6e17a68,windows10-64-shippable-qr,True,False,,,102210fe594ee9b33d82058545b1ed14f4c8206e,browser-toolbox.close-process.DAMP,damp,True,damp browser-toolbox.close-process.DAMP opt e10s fission stylo webrender-sw,4768818,77,ms,firefox,,1778902832,2023-10-24 05:06:29,76.46399648288934,bcdbc81d4adffb0c3b1e04e1854e43cf49314d92,1321416,,,,,,,,,,,,,,,,,,,,,,,,,,,,,,,,,,,,,,,,,,,,,,,,,,,,,,,,,,,,,TN,TN
autoland,4769114,12,1a03ada32d4ae63ebeeb4561891b61c1e6e17a68,windows10-64-shippable-qr,True,False,,,102210fe594ee9b33d82058545b1ed14f4c8206e,browser-toolbox.close-process.DAMP,damp,True,damp browser-toolbox.close-process.DAMP opt e10s fission stylo webrender-sw,4768818,77,ms,firefox,,1780622751,2023-10-24 05:53:21,77.0652554574117,64f5c2917a7f504aa387589703e9c1b80505ac8f,1321418,,,,,,,,,,,,,,,,,,,,,,,,,,,,,,,,,,,,,,,,,,,,,,,,,,,,,,,,,,,,,TN,TN
autoland,4769114,12,1a03ada32d4ae63ebeeb4561891b61c1e6e17a68,windows10-64-shippable-qr,True,False,,,102210fe594ee9b33d82058545b1ed14f4c8206e,browser-toolbox.close-process.DAMP,damp,True,damp browser-toolbox.close-process.DAMP opt e10s fission stylo webrender-sw,4768818,77,ms,firefox,,1780622671,2023-10-24 07:02:14,74.98392320275161,62fa0b7745dcf8a8dd04a3828c82a086e4597461,1321425,,,,,,,,,,,,,,,,,,,,,,,,,,,,,,,,,,,,,,,,,,,,,,,,,,,,,,,,,,,,,TN,TN
autoland,4769114,12,1a03ada32d4ae63ebeeb4561891b61c1e6e17a68,windows10-64-shippable-qr,True,False,,,102210fe594ee9b33d82058545b1ed14f4c8206e,browser-toolbox.close-process.DAMP,damp,True,damp browser-toolbox.close-process.DAMP opt e10s fission stylo webrender-sw,4768818,77,ms,firefox,,1780624185,2023-10-24 07:14:34,76.09052568058542,b4504aa44a84efb059f2988dc36eab1d388ecb31,1321431,,,,,,,,,,,,,,,,,,,,,,,,,,,,,,,,,,,,,,,,,,,,,,,,,,,,,,,,,,,,,TN,TN
autoland,4769114,12,1a03ada32d4ae63ebeeb4561891b61c1e6e17a68,windows10-64-shippable-qr,True,False,,,102210fe594ee9b33d82058545b1ed14f4c8206e,browser-toolbox.close-process.DAMP,damp,True,damp browser-toolbox.close-process.DAMP opt e10s fission stylo webrender-sw,4768818,77,ms,firefox,,1780623208,2023-10-24 07:28:18,79.00041881608195,d9d7f3e0d92e265b176ca7448fc0f9eb6b1ba6f9,1321434,,,,,,,,,,,,,,,,,,,,,,,,,,,,,,,,,,,,,,,,,,,,,,,,,,,,,,,,,,,,,TN,TN
autoland,4769114,12,1a03ada32d4ae63ebeeb4561891b61c1e6e17a68,windows10-64-shippable-qr,True,False,,,102210fe594ee9b33d82058545b1ed14f4c8206e,browser-toolbox.close-process.DAMP,damp,True,damp browser-toolbox.close-process.DAMP opt e10s fission stylo webrender-sw,4768818,77,ms,firefox,,1780527525,2023-10-24 07:32:53,74.81074763646029,5fe6727255d608b6eafa62acbfe820cc09824265,1321436,,,,,,,,,,,,,,,,,,,,,,,,,,,,,,,,,,,,,,,,,,,,,,,,,,,,,,,,,,,,,TN,TN
autoland,4769114,12,1a03ada32d4ae63ebeeb4561891b61c1e6e17a68,windows10-64-shippable-qr,True,False,,,102210fe594ee9b33d82058545b1ed14f4c8206e,browser-toolbox.close-process.DAMP,damp,True,damp browser-toolbox.close-process.DAMP opt e10s fission stylo webrender-sw,4768818,77,ms,firefox,,1780623443,2023-10-24 07:48:14,76.99301085986008,75936f589527bc6d8c7a4e9a9a54f1cd7ca77577,1321441,,,,,,,,,,,,,,,,,,,,,,,,,,,,,,,,,,,,,,,,,,,,,,,,,,,,,,,,,,,,,TN,TN
autoland,4769114,12,1a03ada32d4ae63ebeeb4561891b61c1e6e17a68,windows10-64-shippable-qr,True,False,,,102210fe594ee9b33d82058545b1ed14f4c8206e,browser-toolbox.close-process.DAMP,damp,True,damp browser-toolbox.close-process.DAMP opt e10s fission stylo webrender-sw,4768818,77,ms,firefox,,1780621640,2023-10-24 07:51:21,77.60616310939804,8d15361d7639cb7414676513239b9c9ae6958aa5,1321442,,,,,,,,,,,,,,,,,,,,,,,,,,,,,,,,,,,,,,,,,,,,,,,,,,,,,,,,,,,,,TN,TN
autoland,4769114,12,1a03ada32d4ae63ebeeb4561891b61c1e6e17a68,windows10-64-shippable-qr,True,False,,,102210fe594ee9b33d82058545b1ed14f4c8206e,browser-toolbox.close-process.DAMP,damp,True,damp browser-toolbox.close-process.DAMP opt e10s fission stylo webrender-sw,4768818,77,ms,firefox,,1780623959,2023-10-24 07:52:17,77.1405848400027,5ff1ceab2635be491fdda5ca61c10560f732ba39,1321444,,,,,,,,,,,,,,,,,,,,,,,,,,,,,,,,,,,,,,,,,,,,,,,,,,,,,,,,,,,,,TN,TN
autoland,4769114,12,1a03ada32d4ae63ebeeb4561891b61c1e6e17a68,windows10-64-shippable-qr,True,False,,,102210fe594ee9b33d82058545b1ed14f4c8206e,browser-toolbox.close-process.DAMP,damp,True,damp browser-toolbox.close-process.DAMP opt e10s fission stylo webrender-sw,4768818,77,ms,firefox,,1780619476,2023-10-24 08:14:18,75.4799738265865,68dd4dfd81e96c9000b3395333366facf08e9eab,1321454,,,,,,,,,,,,,,,,,,,,,,,,,,,,,,,,,,,,,,,,,,,,,,,,,,,,,,,,,,,,,TN,TN
autoland,4769114,12,1a03ada32d4ae63ebeeb4561891b61c1e6e17a68,windows10-64-shippable-qr,True,False,,,102210fe594ee9b33d82058545b1ed14f4c8206e,browser-toolbox.close-process.DAMP,damp,True,damp browser-toolbox.close-process.DAMP opt e10s fission stylo webrender-sw,4768818,77,ms,firefox,,1778962653,2023-10-24 08:18:26,75.61602080764715,36a87a6432703a1f3a1f2a92756c90146a19e5f2,1321456,,,,,,,,,,,,,,,,,,,,,,,,,,,,,,,,,,,,,,,,,,,,,,,,,,,,,,,,,,,,,TN,TN
autoland,4769114,12,1a03ada32d4ae63ebeeb4561891b61c1e6e17a68,windows10-64-shippable-qr,True,False,,,102210fe594ee9b33d82058545b1ed14f4c8206e,browser-toolbox.close-process.DAMP,damp,True,damp browser-toolbox.close-process.DAMP opt e10s fission stylo webrender-sw,4768818,77,ms,firefox,,1779068723,2023-10-24 12:23:09,69.42323912197753,ea758c7008d76a67d75d4874bb1a1a00838f4128,1321565,,,,,,,,,,,,,,,,,,,,,,,,,,,,,,,,,,,,,,,,,,,,,,,,,,,,,,,,,,,,,TN,TN
autoland,4769114,12,1a03ada32d4ae63ebeeb4561891b61c1e6e17a68,windows10-64-shippable-qr,True,False,,,102210fe594ee9b33d82058545b1ed14f4c8206e,browser-toolbox.close-process.DAMP,damp,True,damp browser-toolbox.close-process.DAMP opt e10s fission stylo webrender-sw,4768818,77,ms,firefox,,1779167555,2023-10-24 13:48:19,71.56790830985119,eccda51a6f68b20cfe9af1e94b9336b9856b103e,1321616,,,,,,,,,,,,,,,,,,,,,,,,,,,,,,,,,,,,,,,,,,,,,,,,,,,,,,,,,,,,,TN,TN
autoland,4769114,12,1a03ada32d4ae63ebeeb4561891b61c1e6e17a68,windows10-64-shippable-qr,True,False,,,102210fe594ee9b33d82058545b1ed14f4c8206e,browser-toolbox.close-process.DAMP,damp,True,damp browser-toolbox.close-process.DAMP opt e10s fission stylo webrender-sw,4768818,77,ms,firefox,,1779613888,2023-10-24 17:52:45,77.67303787329001,b2dec8a51f6e781be65a730cfde18a11c9569f94,1321799,,,,,,,,,,,,,,,,,,,,,,,,,,,,,,,,,,,,,,,,,,,,,,,,,,,,,,,,,,,,,TN,TN
autoland,4769114,12,1a03ada32d4ae63ebeeb4561891b61c1e6e17a68,windows10-64-shippable-qr,True,False,,,102210fe594ee9b33d82058545b1ed14f4c8206e,browser-toolbox.close-process.DAMP,damp,True,damp browser-toolbox.close-process.DAMP opt e10s fission stylo webrender-sw,4768818,77,ms,firefox,,1779623067,2023-10-24 21:54:59,74.02309529992635,27ee97bc90986bde66dfb122cc4c8a6a3730e4a3,1321984,,,,,,,,,,,,,,,,,,,,,,,,,,,,,,,,,,,,,,,,,,,,,,,,,,,,,,,,,,,,,TN,TN
autoland,4769114,12,1a03ada32d4ae63ebeeb4561891b61c1e6e17a68,windows10-64-shippable-qr,True,False,,,102210fe594ee9b33d82058545b1ed14f4c8206e,browser-toolbox.close-process.DAMP,damp,True,damp browser-toolbox.close-process.DAMP opt e10s fission stylo webrender-sw,4768818,77,ms,firefox,,1779674269,2023-10-25 01:35:01,70.0815001182782,edfb4ab939a51c9dc131c959da539ef71f17cf5f,1322066,,,,,,,,,,,,,,,,,,,,,,,,,,,,,,,,,,,,,,,,,,,,,,,,,,,,,,,,,,,,,TN,TN
autoland,4769114,12,1a03ada32d4ae63ebeeb4561891b61c1e6e17a68,windows10-64-shippable-qr,True,False,,,102210fe594ee9b33d82058545b1ed14f4c8206e,browser-toolbox.close-process.DAMP,damp,True,damp browser-toolbox.close-process.DAMP opt e10s fission stylo webrender-sw,4768818,77,ms,firefox,,1779743570,2023-10-25 05:46:17,76.29561489437765,c00936a538d944ced81780de7e2670806145f0ec,1322115,,,,,,,,,,,,,,,,,,,,,,,,,,,,,,,,,,,,,,,,,,,,,,,,,,,,,,,,,,,,,TN,TN
autoland,4769114,12,1a03ada32d4ae63ebeeb4561891b61c1e6e17a68,windows10-64-shippable-qr,True,False,,,102210fe594ee9b33d82058545b1ed14f4c8206e,browser-toolbox.close-process.DAMP,damp,True,damp browser-toolbox.close-process.DAMP opt e10s fission stylo webrender-sw,4768818,77,ms,firefox,,1779954852,2023-10-25 09:46:40,75.43694012888591,03d61eb955a9ac6e3374ca4c5504edc41cd1aa4a,1322203,,,,,,,,,,,,,,,,,,,,,,,,,,,,,,,,,,,,,,,,,,,,,,,,,,,,,,,,,,,,,TN,TN
autoland,4769114,12,1a03ada32d4ae63ebeeb4561891b61c1e6e17a68,windows10-64-shippable-qr,True,False,,,102210fe594ee9b33d82058545b1ed14f4c8206e,browser-toolbox.close-process.DAMP,damp,True,damp browser-toolbox.close-process.DAMP opt e10s fission stylo webrender-sw,4768818,77,ms,firefox,,1779994200,2023-10-25 12:40:12,77.62347991440038,44697a7ca8612ae5a4807f530347c3df1d2c191a,1322280,,,,,,,,,,,,,,,,,,,,,,,,,,,,,,,,,,,,,,,,,,,,,,,,,,,,,,,,,,,,,TN,TN
autoland,4769114,12,1a03ada32d4ae63ebeeb4561891b61c1e6e17a68,windows10-64-shippable-qr,True,False,,,102210fe594ee9b33d82058545b1ed14f4c8206e,browser-toolbox.close-process.DAMP,damp,True,damp browser-toolbox.close-process.DAMP opt e10s fission stylo webrender-sw,4768818,77,ms,firefox,,1780213442,2023-10-25 16:42:09,74.92005107719888,b8c2a1837c16c66a12ef79eaf5545e92ae448768,1322418,,,,,,,,,,,,,,,,,,,,,,,,,,,,,,,,,,,,,,,,,,,,,,,,,,,,,,,,,,,,,TN,TN
autoland,4769114,12,1a03ada32d4ae63ebeeb4561891b61c1e6e17a68,windows10-64-shippable-qr,True,False,,,102210fe594ee9b33d82058545b1ed14f4c8206e,browser-toolbox.close-process.DAMP,damp,True,damp browser-toolbox.close-process.DAMP opt e10s fission stylo webrender-sw,4768818,77,ms,firefox,,1780248111,2023-10-25 18:17:29,75.88077638301183,691148c77012c40658cd4a6e4ee3ca178d1c1ca8,1322468,,,,,,,,,,,,,,,,,,,,,,,,,,,,,,,,,,,,,,,,,,,,,,,,,,,,,,,,,,,,,TN,TN
autoland,4769114,12,1a03ada32d4ae63ebeeb4561891b61c1e6e17a68,windows10-64-shippable-qr,True,False,,,102210fe594ee9b33d82058545b1ed14f4c8206e,browser-toolbox.close-process.DAMP,damp,True,damp browser-toolbox.close-process.DAMP opt e10s fission stylo webrender-sw,4768818,77,ms,firefox,,1780420784,2023-10-25 21:16:28,73.39128719210566,e6a52d2c9941178fa5113e3c7af81f561078c5f5,1322573,,,,,,,,,,,,,,,,,,,,,,,,,,,,,,,,,,,,,,,,,,,,,,,,,,,,,,,,,,,,,TN,TN
autoland,4769114,12,1a03ada32d4ae63ebeeb4561891b61c1e6e17a68,windows10-64-shippable-qr,True,False,,,102210fe594ee9b33d82058545b1ed14f4c8206e,browser-toolbox.close-process.DAMP,damp,True,damp browser-toolbox.close-process.DAMP opt e10s fission stylo webrender-sw,4768818,77,ms,firefox,,1780601212,2023-10-26 00:52:13,76.37380622990895,68373a168c7ca93b1aa9bb3016a1ffa9ad6b7aac,1322694,,,,,,,,,,,,,,,,,,,,,,,,,,,,,,,,,,,,,,,,,,,,,,,,,,,,,,,,,,,,,TN,TN
autoland,4769114,12,1a03ada32d4ae63ebeeb4561891b61c1e6e17a68,windows10-64-shippable-qr,True,False,,,102210fe594ee9b33d82058545b1ed14f4c8206e,browser-toolbox.close-process.DAMP,damp,True,damp browser-toolbox.close-process.DAMP opt e10s fission stylo webrender-sw,4768818,77,ms,firefox,,1780711647,2023-10-26 04:52:14,75.766259069238,62489b97d11d4bb88f1184670849ed8c9dc61708,1322765,,,,,,,,,,,,,,,,,,,,,,,,,,,,,,,,,,,,,,,,,,,,,,,,,,,,,,,,,,,,,TN,TN
autoland,4769114,12,1a03ada32d4ae63ebeeb4561891b61c1e6e17a68,windows10-64-shippable-qr,True,False,,,102210fe594ee9b33d82058545b1ed14f4c8206e,browser-toolbox.close-process.DAMP,damp,True,damp browser-toolbox.close-process.DAMP opt e10s fission stylo webrender-sw,4768818,77,ms,firefox,,1780831213,2023-10-26 09:06:19,75.44235954216492,8923dca93b808a23856287229fc8f1c0c1d1e20e,1322848,,,,,,,,,,,,,,,,,,,,,,,,,,,,,,,,,,,,,,,,,,,,,,,,,,,,,,,,,,,,,TN,TN
autoland,4769114,12,1a03ada32d4ae63ebeeb4561891b61c1e6e17a68,windows10-64-shippable-qr,True,False,,,102210fe594ee9b33d82058545b1ed14f4c8206e,browser-toolbox.close-process.DAMP,damp,True,damp browser-toolbox.close-process.DAMP opt e10s fission stylo webrender-sw,4768818,77,ms,firefox,,1780815286,2023-10-26 09:07:41,69.50249958530185,4d2c1911361bbc41f63b4e807070a3d83596b70c,1322851,,,,,,,,,,,,,,,,,,,,,,,,,,,,,,,,,,,,,,,,,,,,,,,,,,,,,,,,,,,,,TN,TN
autoland,4769114,12,1a03ada32d4ae63ebeeb4561891b61c1e6e17a68,windows10-64-shippable-qr,True,False,,,102210fe594ee9b33d82058545b1ed14f4c8206e,browser-toolbox.close-process.DAMP,damp,True,damp browser-toolbox.close-process.DAMP opt e10s fission stylo webrender-sw,4768818,77,ms,firefox,,1781009911,2023-10-26 13:14:16,77.37365028193744,db6b75385ffe5e764d60c5842add31b3a90c0587,1322985,,,,,,,,,,,,,,,,,,,,,,,,,,,,,,,,,,,,,,,,,,,,,,,,,,,,,,,,,,,,,TN,TN
autoland,4769114,12,1a03ada32d4ae63ebeeb4561891b61c1e6e17a68,windows10-64-shippable-qr,True,False,,,102210fe594ee9b33d82058545b1ed14f4c8206e,browser-toolbox.close-process.DAMP,damp,True,damp browser-toolbox.close-process.DAMP opt e10s fission stylo webrender-sw,4768818,77,ms,firefox,,1781112800,2023-10-26 13:50:58,76.38224710770373,630864299a197bf416ac18d405063b7ec40c3644,1323009,,,,,,,,,,,,,,,,,,,,,,,,,,,,,,,,,,,,,,,,,,,,,,,,,,,,,,,,,,,,,TN,TN
autoland,4769114,12,1a03ada32d4ae63ebeeb4561891b61c1e6e17a68,windows10-64-shippable-qr,True,False,,,102210fe594ee9b33d82058545b1ed14f4c8206e,browser-toolbox.close-process.DAMP,damp,True,damp browser-toolbox.close-process.DAMP opt e10s fission stylo webrender-sw,4768818,77,ms,firefox,,1781243179,2023-10-26 17:52:00,77.72568273483193,945d53ccf09fe8c263a6a24db6604162a4707ff9,1323156,,,,,,,,,,,,,,,,,,,,,,,,,,,,,,,,,,,,,,,,,,,,,,,,,,,,,,,,,,,,,TN,TN
autoland,4769114,12,1a03ada32d4ae63ebeeb4561891b61c1e6e17a68,windows10-64-shippable-qr,True,False,,,102210fe594ee9b33d82058545b1ed14f4c8206e,browser-toolbox.close-process.DAMP,damp,True,damp browser-toolbox.close-process.DAMP opt e10s fission stylo webrender-sw,4768818,77,ms,firefox,,1781331939,2023-10-26 19:25:04,77.10592678254761,a1dbe7d2099563e23614b7c0d0b0f6923ab447f7,1323220,,,,,,,,,,,,,,,,,,,,,,,,,,,,,,,,,,,,,,,,,,,,,,,,,,,,,,,,,,,,,TN,TN
autoland,4769114,12,1a03ada32d4ae63ebeeb4561891b61c1e6e17a68,windows10-64-shippable-qr,True,False,,,102210fe594ee9b33d82058545b1ed14f4c8206e,browser-toolbox.close-process.DAMP,damp,True,damp browser-toolbox.close-process.DAMP opt e10s fission stylo webrender-sw,4768818,77,ms,firefox,,1781464836,2023-10-26 23:27:25,75.86087547769421,a880804c93083962e65cea658b69a28c06528e8e,1323339,,,,,,,,,,,,,,,,,,,,,,,,,,,,,,,,,,,,,,,,,,,,,,,,,,,,,,,,,,,,,TN,TN
autoland,4769114,12,1a03ada32d4ae63ebeeb4561891b61c1e6e17a68,windows10-64-shippable-qr,True,False,,,102210fe594ee9b33d82058545b1ed14f4c8206e,browser-toolbox.close-process.DAMP,damp,True,damp browser-toolbox.close-process.DAMP opt e10s fission stylo webrender-sw,4768818,77,ms,firefox,,1781534344,2023-10-27 00:10:25,74.91632197625586,6d47bee6d52ee11125f54db9df7336cbe69593c0,1323363,,,,,,,,,,,,,,,,,,,,,,,,,,,,,,,,,,,,,,,,,,,,,,,,,,,,,,,,,,,,,TN,TN
autoland,4769114,12,1a03ada32d4ae63ebeeb4561891b61c1e6e17a68,windows10-64-shippable-qr,True,False,,,102210fe594ee9b33d82058545b1ed14f4c8206e,browser-toolbox.close-process.DAMP,damp,True,damp browser-toolbox.close-process.DAMP opt e10s fission stylo webrender-sw,4768818,77,ms,firefox,,1781648390,2023-10-27 05:17:25,76.04432693470153,4024630f5ffa1704a32f70c816f1003b0af9f105,1323421,,,,,,,,,,,,,,,,,,,,,,,,,,,,,,,,,,,,,,,,,,,,,,,,,,,,,,,,,,,,,TN,TN
autoland,4769114,12,1a03ada32d4ae63ebeeb4561891b61c1e6e17a68,windows10-64-shippable-qr,True,False,,,102210fe594ee9b33d82058545b1ed14f4c8206e,browser-toolbox.close-process.DAMP,damp,True,damp browser-toolbox.close-process.DAMP opt e10s fission stylo webrender-sw,4768818,77,ms,firefox,,1781712546,2023-10-27 08:56:16,71.24386155400134,6e09ac4a4c291480d5951adca6d1659a46f571b2,1323505,,,,,,,,,,,,,,,,,,,,,,,,,,,,,,,,,,,,,,,,,,,,,,,,,,,,,,,,,,,,,TN,TN
autoland,4769114,12,1a03ada32d4ae63ebeeb4561891b61c1e6e17a68,windows10-64-shippable-qr,True,False,,,102210fe594ee9b33d82058545b1ed14f4c8206e,browser-toolbox.close-process.DAMP,damp,True,damp browser-toolbox.close-process.DAMP opt e10s fission stylo webrender-sw,4768818,77,ms,firefox,,1781953821,2023-10-27 13:05:02,76.19451367826332,6013b7df2b9133416d4244ef4d45c492f215c3d0,1323649,,,,,,,,,,,,,,,,,,,,,,,,,,,,,,,,,,,,,,,,,,,,,,,,,,,,,,,,,,,,,TN,TN
autoland,4769114,12,1a03ada32d4ae63ebeeb4561891b61c1e6e17a68,windows10-64-shippable-qr,True,False,,,102210fe594ee9b33d82058545b1ed14f4c8206e,browser-toolbox.close-process.DAMP,damp,True,damp browser-toolbox.close-process.DAMP opt e10s fission stylo webrender-sw,4768818,77,ms,firefox,,1781927558,2023-10-27 13:54:58,70.79605692069163,cda838e04db16590f96ddeaa7d7d54cc80e12a03,1323685,,,,,,,,,,,,,,,,,,,,,,,,,,,,,,,,,,,,,,,,,,,,,,,,,,,,,,,,,,,,,TN,TN
autoland,4769114,12,1a03ada32d4ae63ebeeb4561891b61c1e6e17a68,windows10-64-shippable-qr,True,False,,,102210fe594ee9b33d82058545b1ed14f4c8206e,browser-toolbox.close-process.DAMP,damp,True,damp browser-toolbox.close-process.DAMP opt e10s fission stylo webrender-sw,4768818,77,ms,firefox,,1782140549,2023-10-27 17:16:47,74.89690878239344,b6d6a9c84257af5a3d659491a2ab963896e70d0d,1323813,,,,,,,,,,,,,,,,,,,,,,,,,,,,,,,,,,,,,,,,,,,,,,,,,,,,,,,,,,,,,TN,TN
autoland,4769114,12,1a03ada32d4ae63ebeeb4561891b61c1e6e17a68,windows10-64-shippable-qr,True,False,,,102210fe594ee9b33d82058545b1ed14f4c8206e,browser-toolbox.close-process.DAMP,damp,True,damp browser-toolbox.close-process.DAMP opt e10s fission stylo webrender-sw,4768818,77,ms,firefox,,1782327901,2023-10-27 22:11:30,76.37085276229118,2744df17e06b25289ca5dd01128e6c4f237d7a7c,1323968,,,,,,,,,,,,,,,,,,,,,,,,,,,,,,,,,,,,,,,,,,,,,,,,,,,,,,,,,,,,,TN,TN
autoland,4769114,12,1a03ada32d4ae63ebeeb4561891b61c1e6e17a68,windows10-64-shippable-qr,True,False,,,102210fe594ee9b33d82058545b1ed14f4c8206e,browser-toolbox.close-process.DAMP,damp,True,damp browser-toolbox.close-process.DAMP opt e10s fission stylo webrender-sw,4768818,77,ms,firefox,,1782356194,2023-10-27 23:12:32,76.23759976761721,5c87acee8b894f06e4b248cb602b36ccfcef1615,1323985,,,,,,,,,,,,,,,,,,,,,,,,,,,,,,,,,,,,,,,,,,,,,,,,,,,,,,,,,,,,,TN,TN
autoland,4769114,12,1a03ada32d4ae63ebeeb4561891b61c1e6e17a68,windows10-64-shippable-qr,True,False,,,102210fe594ee9b33d82058545b1ed14f4c8206e,browser-toolbox.close-process.DAMP,damp,True,damp browser-toolbox.close-process.DAMP opt e10s fission stylo webrender-sw,4768818,77,ms,firefox,,1782502084,2023-10-28 03:14:30,76.38482133959769,0be08aa0812f81d5eb9f2235165d8478ebaf825b,1324017,,,,,,,,,,,,,,,,,,,,,,,,,,,,,,,,,,,,,,,,,,,,,,,,,,,,,,,,,,,,,TN,TN
autoland,4769114,12,1a03ada32d4ae63ebeeb4561891b61c1e6e17a68,windows10-64-shippable-qr,True,False,,,102210fe594ee9b33d82058545b1ed14f4c8206e,browser-toolbox.close-process.DAMP,damp,True,damp browser-toolbox.close-process.DAMP opt e10s fission stylo webrender-sw,4768818,77,ms,firefox,,1783047348,2023-10-29 17:34:24,75.69279490567715,da935aab57913c853df3002f297cc6eb76175828,1324194,,,,,,,,,,,,,,,,,,,,,,,,,,,,,,,,,,,,,,,,,,,,,,,,,,,,,,,,,,,,,TN,TN
autoland,4769114,12,1a03ada32d4ae63ebeeb4561891b61c1e6e17a68,windows10-64-shippable-qr,True,False,,,102210fe594ee9b33d82058545b1ed14f4c8206e,browser-toolbox.close-process.DAMP,damp,True,damp browser-toolbox.close-process.DAMP opt e10s fission stylo webrender-sw,4768818,77,ms,firefox,,1783131076,2023-10-29 22:37:58,69.6620492223592,61e57e6ba3b7e09a71062e7cdc44f395af832716,1324214,,,,,,,,,,,,,,,,,,,,,,,,,,,,,,,,,,,,,,,,,,,,,,,,,,,,,,,,,,,,,TN,TN
autoland,4769114,12,1a03ada32d4ae63ebeeb4561891b61c1e6e17a68,windows10-64-shippable-qr,True,False,,,102210fe594ee9b33d82058545b1ed14f4c8206e,browser-toolbox.close-process.DAMP,damp,True,damp browser-toolbox.close-process.DAMP opt e10s fission stylo webrender-sw,4768818,77,ms,firefox,,1783299315,2023-10-30 03:06:34,75.63932466642291,cfc1bbb8edcc79491d2e1267e84338d155b2ee3c,1324224,,,,,,,,,,,,,,,,,,,,,,,,,,,,,,,,,,,,,,,,,,,,,,,,,,,,,,,,,,,,,TN,TN
autoland,4769114,12,1a03ada32d4ae63ebeeb4561891b61c1e6e17a68,windows10-64-shippable-qr,True,False,,,102210fe594ee9b33d82058545b1ed14f4c8206e,browser-toolbox.close-process.DAMP,damp,True,damp browser-toolbox.close-process.DAMP opt e10s fission stylo webrender-sw,4768818,77,ms,firefox,,1783358301,2023-10-30 07:08:15,71.01453430723268,07ff1e2e4f656661631e6746f339e6232b59ebfd,1324243,,,,,,,,,,,,,,,,,,,,,,,,,,,,,,,,,,,,,,,,,,,,,,,,,,,,,,,,,,,,,TN,TN
autoland,4769114,12,1a03ada32d4ae63ebeeb4561891b61c1e6e17a68,windows10-64-shippable-qr,True,False,,,102210fe594ee9b33d82058545b1ed14f4c8206e,browser-toolbox.close-process.DAMP,damp,True,damp browser-toolbox.close-process.DAMP opt e10s fission stylo webrender-sw,4768818,77,ms,firefox,,1783502679,2023-10-30 12:36:41,74.44739090411167,9c6272da5dc92ff944d294d9a026bd42a408c784,1324389,,,,,,,,,,,,,,,,,,,,,,,,,,,,,,,,,,,,,,,,,,,,,,,,,,,,,,,,,,,,,TN,TN
autoland,4769114,12,1a03ada32d4ae63ebeeb4561891b61c1e6e17a68,windows10-64-shippable-qr,True,False,,,102210fe594ee9b33d82058545b1ed14f4c8206e,browser-toolbox.close-process.DAMP,damp,True,damp browser-toolbox.close-process.DAMP opt e10s fission stylo webrender-sw,4768818,77,ms,firefox,,1783586315,2023-10-30 13:43:34,74.18444470764734,d2a035a8329b5914bcd659ea1ea427c251c4d138,1324429,,,,,,,,,,,,,,,,,,,,,,,,,,,,,,,,,,,,,,,,,,,,,,,,,,,,,,,,,,,,,TN,TN
autoland,4769114,12,1a03ada32d4ae63ebeeb4561891b61c1e6e17a68,windows10-64-shippable-qr,True,False,,,102210fe594ee9b33d82058545b1ed14f4c8206e,browser-toolbox.close-process.DAMP,damp,True,damp browser-toolbox.close-process.DAMP opt e10s fission stylo webrender-sw,4768818,77,ms,firefox,,1783888381,2023-10-30 17:20:21,75.42496773551102,277907757ae0f5c9f9a9b4b15473ec6f3eab7674,1324599,,,,,,,,,,,,,,,,,,,,,,,,,,,,,,,,,,,,,,,,,,,,,,,,,,,,,,,,,,,,,TN,TN
autoland,4769114,12,1a03ada32d4ae63ebeeb4561891b61c1e6e17a68,windows10-64-shippable-qr,True,False,,,102210fe594ee9b33d82058545b1ed14f4c8206e,browser-toolbox.close-process.DAMP,damp,True,damp browser-toolbox.close-process.DAMP opt e10s fission stylo webrender-sw,4768818,77,ms,firefox,,1783944718,2023-10-30 21:26:51,76.43854104549973,250d50a3e9aedba6c41312d2ce03b03eabac5c84,1324725,,,,,,,,,,,,,,,,,,,,,,,,,,,,,,,,,,,,,,,,,,,,,,,,,,,,,,,,,,,,,TN,TN
autoland,4769114,12,1a03ada32d4ae63ebeeb4561891b61c1e6e17a68,windows10-64-shippable-qr,True,False,,,102210fe594ee9b33d82058545b1ed14f4c8206e,browser-toolbox.close-process.DAMP,damp,True,damp browser-toolbox.close-process.DAMP opt e10s fission stylo webrender-sw,4768818,77,ms,firefox,,1783965308,2023-10-30 22:47:24,75.54695243996684,9d87d8875f3012f1cb5e065b5861f41a29d1173c,1324763,,,,,,,,,,,,,,,,,,,,,,,,,,,,,,,,,,,,,,,,,,,,,,,,,,,,,,,,,,,,,TN,TN
autoland,4769114,12,1a03ada32d4ae63ebeeb4561891b61c1e6e17a68,windows10-64-shippable-qr,True,False,,,102210fe594ee9b33d82058545b1ed14f4c8206e,browser-toolbox.close-process.DAMP,damp,True,damp browser-toolbox.close-process.DAMP opt e10s fission stylo webrender-sw,4768818,77,ms,firefox,,1784144810,2023-10-31 03:27:18,76.49673838876333,88295a805fb918c5a40c57d9827608c50c65da1a,1324833,,,,,,,,,,,,,,,,,,,,,,,,,,,,,,,,,,,,,,,,,,,,,,,,,,,,,,,,,,,,,TN,TN
autoland,4769114,12,1a03ada32d4ae63ebeeb4561891b61c1e6e17a68,windows10-64-shippable-qr,True,False,,,102210fe594ee9b33d82058545b1ed14f4c8206e,browser-toolbox.close-process.DAMP,damp,True,damp browser-toolbox.close-process.DAMP opt e10s fission stylo webrender-sw,4768818,77,ms,firefox,,1784292461,2023-10-31 08:52:16,74.0299725056102,26a58e0274b4491ce07587bf329d30954bfa36a5,1324883,,,,,,,,,,,,,,,,,,,,,,,,,,,,,,,,,,,,,,,,,,,,,,,,,,,,,,,,,,,,,TN,TN
autoland,4769114,12,1a03ada32d4ae63ebeeb4561891b61c1e6e17a68,windows10-64-shippable-qr,True,False,,,102210fe594ee9b33d82058545b1ed14f4c8206e,browser-toolbox.close-process.DAMP,damp,True,damp browser-toolbox.close-process.DAMP opt e10s fission stylo webrender-sw,4768818,77,ms,firefox,,1784361772,2023-10-31 10:24:24,74.72697576698556,173608723df3997c0b39049e55f7e4f529974bd1,1324925,,,,,,,,,,,,,,,,,,,,,,,,,,,,,,,,,,,,,,,,,,,,,,,,,,,,,,,,,,,,,TN,TN
autoland,4769114,12,1a03ada32d4ae63ebeeb4561891b61c1e6e17a68,windows10-64-shippable-qr,True,False,,,102210fe594ee9b33d82058545b1ed14f4c8206e,browser-toolbox.close-process.DAMP,damp,True,damp browser-toolbox.close-process.DAMP opt e10s fission stylo webrender-sw,4768818,77,ms,firefox,,1784510725,2023-10-31 14:28:55,77.0291003981547,d93c1e224fa334cb0e1a4faf860be329181c1d60,1325039,,,,,,,,,,,,,,,,,,,,,,,,,,,,,,,,,,,,,,,,,,,,,,,,,,,,,,,,,,,,,TN,TN
autoland,4769114,12,1a03ada32d4ae63ebeeb4561891b61c1e6e17a68,windows10-64-shippable-qr,True,False,,,102210fe594ee9b33d82058545b1ed14f4c8206e,browser-toolbox.close-process.DAMP,damp,True,damp browser-toolbox.close-process.DAMP opt e10s fission stylo webrender-sw,4768818,77,ms,firefox,,1784572257,2023-10-31 15:46:12,78.69188029025099,4712d595873a538c628ea09a2826c33e3f2e383d,1325101,,,,,,,,,,,,,,,,,,,,,,,,,,,,,,,,,,,,,,,,,,,,,,,,,,,,,,,,,,,,,TN,TN
autoland,4769114,12,1a03ada32d4ae63ebeeb4561891b61c1e6e17a68,windows10-64-shippable-qr,True,False,,,102210fe594ee9b33d82058545b1ed14f4c8206e,browser-toolbox.close-process.DAMP,damp,True,damp browser-toolbox.close-process.DAMP opt e10s fission stylo webrender-sw,4768818,77,ms,firefox,,1784838948,2023-10-31 20:04:41,76.95446646690834,5624631ba42eb404a5c5b4e50e9c4fbc826eef31,1325256,,,,,,,,,,,,,,,,,,,,,,,,,,,,,,,,,,,,,,,,,,,,,,,,,,,,,,,,,,,,,TN,TN
autoland,4769114,12,1a03ada32d4ae63ebeeb4561891b61c1e6e17a68,windows10-64-shippable-qr,True,False,,,102210fe594ee9b33d82058545b1ed14f4c8206e,browser-toolbox.close-process.DAMP,damp,True,damp browser-toolbox.close-process.DAMP opt e10s fission stylo webrender-sw,4768818,77,ms,firefox,,1784870520,2023-10-31 22:59:03,70.26308935867564,251055c46bfcc027766c9bdaccaaa919c3e6c8f6,1325343,,,,,,,,,,,,,,,,,,,,,,,,,,,,,,,,,,,,,,,,,,,,,,,,,,,,,,,,,,,,,TN,TN
autoland,4769114,12,1a03ada32d4ae63ebeeb4561891b61c1e6e17a68,windows10-64-shippable-qr,True,False,,,102210fe594ee9b33d82058545b1ed14f4c8206e,browser-toolbox.close-process.DAMP,damp,True,damp browser-toolbox.close-process.DAMP opt e10s fission stylo webrender-sw,4768818,77,ms,firefox,,1785107180,2023-11-01 04:08:21,77.00242380842246,b73ef4c8979fb0702de9f4bf2fdf986b1d0fd487,1325446,,,,,,,,,,,,,,,,,,,,,,,,,,,,,,,,,,,,,,,,,,,,,,,,,,,,,,,,,,,,,TN,TN
autoland,4769114,12,1a03ada32d4ae63ebeeb4561891b61c1e6e17a68,windows10-64-shippable-qr,True,False,,,102210fe594ee9b33d82058545b1ed14f4c8206e,browser-toolbox.close-process.DAMP,damp,True,damp browser-toolbox.close-process.DAMP opt e10s fission stylo webrender-sw,4768818,77,ms,firefox,,1785187519,2023-11-01 08:27:37,71.87186613173981,5db6f03a7c103189ba38ef4c4687a046566f4e5b,1325492,,,,,,,,,,,,,,,,,,,,,,,,,,,,,,,,,,,,,,,,,,,,,,,,,,,,,,,,,,,,,TN,TN
autoland,4769114,12,1a03ada32d4ae63ebeeb4561891b61c1e6e17a68,windows10-64-shippable-qr,True,False,,,102210fe594ee9b33d82058545b1ed14f4c8206e,browser-toolbox.close-process.DAMP,damp,True,damp browser-toolbox.close-process.DAMP opt e10s fission stylo webrender-sw,4768818,77,ms,firefox,,1787273297,2023-11-01 10:59:42,76.18756835208478,94d16434398920642e5fd345fcb1f237170a76e8,1325563,,,,,,,,,,,,,,,,,,,,,,,,,,,,,,,,,,,,,,,,,,,,,,,,,,,,,,,,,,,,,TN,TN
autoland,4769114,12,1a03ada32d4ae63ebeeb4561891b61c1e6e17a68,windows10-64-shippable-qr,True,False,,,102210fe594ee9b33d82058545b1ed14f4c8206e,browser-toolbox.close-process.DAMP,damp,True,damp browser-toolbox.close-process.DAMP opt e10s fission stylo webrender-sw,4768818,77,ms,firefox,,1787236707,2023-11-01 11:24:04,75.58564216693048,6ff7fd81836668c8ee46898b1e7373688484e0a9,1325573,,,,,,,,,,,,,,,,,,,,,,,,,,,,,,,,,,,,,,,,,,,,,,,,,,,,,,,,,,,,,TN,TN
autoland,4769114,12,1a03ada32d4ae63ebeeb4561891b61c1e6e17a68,windows10-64-shippable-qr,True,False,,,102210fe594ee9b33d82058545b1ed14f4c8206e,browser-toolbox.close-process.DAMP,damp,True,damp browser-toolbox.close-process.DAMP opt e10s fission stylo webrender-sw,4768818,77,ms,firefox,,1787237098,2023-11-01 11:25:30,74.8749356587723,a2c90bbf9e89b7501b4f44e33fa1880ca9a8fa0c,1325574,,,,,,,,,,,,,,,,,,,,,,,,,,,,,,,,,,,,,,,,,,,,,,,,,,,,,,,,,,,,,TN,TN
autoland,4769114,12,1a03ada32d4ae63ebeeb4561891b61c1e6e17a68,windows10-64-shippable-qr,True,False,,,102210fe594ee9b33d82058545b1ed14f4c8206e,browser-toolbox.close-process.DAMP,damp,True,damp browser-toolbox.close-process.DAMP opt e10s fission stylo webrender-sw,4768818,77,ms,firefox,,1787237504,2023-11-01 12:04:46,77.6828454087954,6e5782df6da147ae5c916097b12efcfae7149b5c,1325585,,,,,,,,,,,,,,,,,,,,,,,,,,,,,,,,,,,,,,,,,,,,,,,,,,,,,,,,,,,,,TN,TN
autoland,4769114,12,1a03ada32d4ae63ebeeb4561891b61c1e6e17a68,windows10-64-shippable-qr,True,False,,,102210fe594ee9b33d82058545b1ed14f4c8206e,browser-toolbox.close-process.DAMP,damp,True,damp browser-toolbox.close-process.DAMP opt e10s fission stylo webrender-sw,4768818,77,ms,firefox,,1787237207,2023-11-01 12:27:41,76.29981506549666,ec8a2a42b38723c0f80ba8575f3c577227d93968,1325591,,,,,,,,,,,,,,,,,,,,,,,,,,,,,,,,,,,,,,,,,,,,,,,,,,,,,,,,,,,,,TN,TN
autoland,4769114,12,1a03ada32d4ae63ebeeb4561891b61c1e6e17a68,windows10-64-shippable-qr,True,False,,,102210fe594ee9b33d82058545b1ed14f4c8206e,browser-toolbox.close-process.DAMP,damp,True,damp browser-toolbox.close-process.DAMP opt e10s fission stylo webrender-sw,4768818,77,ms,firefox,,1787236142,2023-11-01 14:40:33,75.91765110263805,f5d42c9d5e9361d653e745351564fba875243528,1325639,,,,,,,,,,,,,,,,,,,,,,,,,,,,,,,,,,,,,,,,,,,,,,,,,,,,,,,,,,,,,TN,TN
autoland,4769114,12,1a03ada32d4ae63ebeeb4561891b61c1e6e17a68,windows10-64-shippable-qr,True,False,,,102210fe594ee9b33d82058545b1ed14f4c8206e,browser-toolbox.close-process.DAMP,damp,True,damp browser-toolbox.close-process.DAMP opt e10s fission stylo webrender-sw,4768818,77,ms,firefox,,1787238087,2023-11-01 14:47:15,76.51045792884179,6ebf73748906104b237a6cd29032266b8f72e440,1325646,,,,,,,,,,,,,,,,,,,,,,,,,,,,,,,,,,,,,,,,,,,,,,,,,,,,,,,,,,,,,TN,TN
autoland,4769114,12,1a03ada32d4ae63ebeeb4561891b61c1e6e17a68,windows10-64-shippable-qr,True,False,,,102210fe594ee9b33d82058545b1ed14f4c8206e,browser-toolbox.close-process.DAMP,damp,True,damp browser-toolbox.close-process.DAMP opt e10s fission stylo webrender-sw,4768818,77,ms,firefox,,1785390174,2023-11-01 15:00:09,76.15111233685457,dee5e3c280a214c32ea4f7a2b6446bbe456ecb54,1325661,,,,,,,,,,,,,,,,,,,,,,,,,,,,,,,,,,,,,,,,,,,,,,,,,,,,,,,,,,,,,TN,TN
autoland,4769114,12,1a03ada32d4ae63ebeeb4561891b61c1e6e17a68,windows10-64-shippable-qr,True,False,,,102210fe594ee9b33d82058545b1ed14f4c8206e,browser-toolbox.close-process.DAMP,damp,True,damp browser-toolbox.close-process.DAMP opt e10s fission stylo webrender-sw,4768818,77,ms,firefox,,1787236227,2023-11-01 18:26:32,73.98310878724442,7673216b5d4e9e18771fcc572699c3e07a98347b,1325798,,,,,,,,,,,,,,,,,,,,,,,,,,,,,,,,,,,,,,,,,,,,,,,,,,,,,,,,,,,,,TN,TN
autoland,4769114,12,1a03ada32d4ae63ebeeb4561891b61c1e6e17a68,windows10-64-shippable-qr,True,False,,,102210fe594ee9b33d82058545b1ed14f4c8206e,browser-toolbox.close-process.DAMP,damp,True,damp browser-toolbox.close-process.DAMP opt e10s fission stylo webrender-sw,4768818,77,ms,firefox,,1787236855,2023-11-01 19:00:53,74.07717768590373,94b67be6b29f5d6efdd12fb1c0025b3e2d05cba7,1325819,,,,,,,,,,,,,,,,,,,,,,,,,,,,,,,,,,,,,,,,,,,,,,,,,,,,,,,,,,,,,TN,TN
autoland,4769114,12,1a03ada32d4ae63ebeeb4561891b61c1e6e17a68,windows10-64-shippable-qr,True,False,,,102210fe594ee9b33d82058545b1ed14f4c8206e,browser-toolbox.close-process.DAMP,damp,True,damp browser-toolbox.close-process.DAMP opt e10s fission stylo webrender-sw,4768818,77,ms,firefox,,1787236440,2023-11-01 19:23:50,76.06849480592064,ffa02b7250ffaa75fcffc6fab2348ed3583de66f,1325842,,,,,,,,,,,,,,,,,,,,,,,,,,,,,,,,,,,,,,,,,,,,,,,,,,,,,,,,,,,,,TN,TN
autoland,4769114,12,1a03ada32d4ae63ebeeb4561891b61c1e6e17a68,windows10-64-shippable-qr,True,False,,,102210fe594ee9b33d82058545b1ed14f4c8206e,browser-toolbox.close-process.DAMP,damp,True,damp browser-toolbox.close-process.DAMP opt e10s fission stylo webrender-sw,4768818,77,ms,firefox,,1787238327,2023-11-01 19:30:15,74.7478991739772,8b16994e8df5ba96e720e00a4f0289fdb3a83708,1325845,,,,,,,,,,,,,,,,,,,,,,,,,,,,,,,,,,,,,,,,,,,,,,,,,,,,,,,,,,,,,TN,TN
autoland,4769114,12,1a03ada32d4ae63ebeeb4561891b61c1e6e17a68,windows10-64-shippable-qr,True,False,,,102210fe594ee9b33d82058545b1ed14f4c8206e,browser-toolbox.close-process.DAMP,damp,True,damp browser-toolbox.close-process.DAMP opt e10s fission stylo webrender-sw,4768818,77,ms,firefox,,1787237748,2023-11-01 19:39:20,75.11116360049346,f18cca017201aff9362da74bdcffb33e401ca4f7,1325846,,,,,,,,,,,,,,,,,,,,,,,,,,,,,,,,,,,,,,,,,,,,,,,,,,,,,,,,,,,,,TN,TN
autoland,4769114,12,1a03ada32d4ae63ebeeb4561891b61c1e6e17a68,windows10-64-shippable-qr,True,False,,,102210fe594ee9b33d82058545b1ed14f4c8206e,browser-toolbox.close-process.DAMP,damp,True,damp browser-toolbox.close-process.DAMP opt e10s fission stylo webrender-sw,4768818,77,ms,firefox,,1787237977,2023-11-01 20:02:18,73.35252081448925,c3281b725e71314142ff46fbf8e441dfbf2f4779,1325855,,,,,,,,,,,,,,,,,,,,,,,,,,,,,,,,,,,,,,,,,,,,,,,,,,,,,,,,,,,,,TN,TN
autoland,4769114,12,1a03ada32d4ae63ebeeb4561891b61c1e6e17a68,windows10-64-shippable-qr,True,False,,,102210fe594ee9b33d82058545b1ed14f4c8206e,browser-toolbox.close-process.DAMP,damp,True,damp browser-toolbox.close-process.DAMP opt e10s fission stylo webrender-sw,4768818,77,ms,firefox,,1787237653,2023-11-01 20:18:34,76.39997037226567,0554147f17a608618e39c701b4aeae1c866afdac,1325864,,,,,,,,,,,,,,,,,,,,,,,,,,,,,,,,,,,,,,,,,,,,,,,,,,,,,,,,,,,,,TN,TN
autoland,4769114,12,1a03ada32d4ae63ebeeb4561891b61c1e6e17a68,windows10-64-shippable-qr,True,False,,,102210fe594ee9b33d82058545b1ed14f4c8206e,browser-toolbox.close-process.DAMP,damp,True,damp browser-toolbox.close-process.DAMP opt e10s fission stylo webrender-sw,4768818,77,ms,firefox,,1785593400,2023-11-01 21:17:16,75.48326801923395,3eea9367b17b3c112968a3f0e008b1005452bbdd,1325895,,,,,,,,,,,,,,,,,,,,,,,,,,,,,,,,,,,,,,,,,,,,,,,,,,,,,,,,,,,,,TN,TN
autoland,4769114,12,1a03ada32d4ae63ebeeb4561891b61c1e6e17a68,windows10-64-shippable-qr,True,False,,,102210fe594ee9b33d82058545b1ed14f4c8206e,browser-toolbox.close-process.DAMP,damp,True,damp browser-toolbox.close-process.DAMP opt e10s fission stylo webrender-sw,4768818,77,ms,firefox,,1787236322,2023-11-01 21:39:50,77.39208229145152,9e0d5d59182bab55322e1ea1283001cbff00047e,1325909,,,,,,,,,,,,,,,,,,,,,,,,,,,,,,,,,,,,,,,,,,,,,,,,,,,,,,,,,,,,,TN,TN
autoland,4769114,12,1a03ada32d4ae63ebeeb4561891b61c1e6e17a68,windows10-64-shippable-qr,True,False,,,102210fe594ee9b33d82058545b1ed14f4c8206e,browser-toolbox.close-process.DAMP,damp,True,damp browser-toolbox.close-process.DAMP opt e10s fission stylo webrender-sw,4768818,77,ms,firefox,,1787238032,2023-11-01 22:03:41,75.61255585913023,b16e6da5445d04901ddaa1b57f7192bc5dc38706,1325925,,,,,,,,,,,,,,,,,,,,,,,,,,,,,,,,,,,,,,,,,,,,,,,,,,,,,,,,,,,,,TN,TN
autoland,4769114,12,1a03ada32d4ae63ebeeb4561891b61c1e6e17a68,windows10-64-shippable-qr,True,False,,,102210fe594ee9b33d82058545b1ed14f4c8206e,browser-toolbox.close-process.DAMP,damp,True,damp browser-toolbox.close-process.DAMP opt e10s fission stylo webrender-sw,4768818,77,ms,firefox,,1787198839,2023-11-01 22:19:38,70.90840389829827,c70c83df39c60e2bfa807acd00fca56d42fb6ffb,1325928,70.83,mozilla-ldap/nchevobbe@mozilla.com,b16e6da5445d04901ddaa1b57f7192bc5dc38706,40120.0,6.25,,75.55,2023-12-06 10:49:10.391052,False,12.0,12.0,,,,1325925.0,3.0,1325928.0,3.0,,1a03ada32d4ae63ebeeb4561891b61c1e6e17a68,,windows10-64-shippable-qr,,autoland,2023-11-13 08:18:25.955001,,1.0,-4.72,183265.0,ms,,,40120.0,102210fe594ee9b33d82058545b1ed14f4c8206e,,False,False,nchevobbe@mozilla.com,,,,2023-11-05 08:18:25.955001,,,browser-toolbox.close-process.DAMP,SKEWED,True,c70c83df39c60e2bfa807acd00fca56d42fb6ffb,,,,,False,,10.29,damp,"e10s, fission, stylo, webrender-sw",,,2023-11-09 08:18:25.955001,FP,FP
autoland,4769114,12,1a03ada32d4ae63ebeeb4561891b61c1e6e17a68,windows10-64-shippable-qr,True,False,,,102210fe594ee9b33d82058545b1ed14f4c8206e,browser-toolbox.close-process.DAMP,damp,True,damp browser-toolbox.close-process.DAMP opt e10s fission stylo webrender-sw,4768818,77,ms,firefox,,1787228393,2023-11-01 22:40:10,72.0004027737159,37c6a7ae5981222051c86bde449389e8f69f49c5,1325938,,,,,,,,,,,,,,,,,,,,,,,,,,,,,,,,,,,,,,,,,,,,,,,,,,,,,,,,,,,,,TN,TN
autoland,4769114,12,1a03ada32d4ae63ebeeb4561891b61c1e6e17a68,windows10-64-shippable-qr,True,False,,,102210fe594ee9b33d82058545b1ed14f4c8206e,browser-toolbox.close-process.DAMP,damp,True,damp browser-toolbox.close-process.DAMP opt e10s fission stylo webrender-sw,4768818,77,ms,firefox,,1785720033,2023-11-02 01:36:12,71.29108716768678,0ea21c7c9ab7dcf411a8094c876b12784bc6343c,1325979,,,,,,,,,,,,,,,,,,,,,,,,,,,,,,,,,,,,,,,,,,,,,,,,,,,,,,,,,,,,,TN,TN
autoland,4769114,12,1a03ada32d4ae63ebeeb4561891b61c1e6e17a68,windows10-64-shippable-qr,True,False,,,102210fe594ee9b33d82058545b1ed14f4c8206e,browser-toolbox.close-process.DAMP,damp,True,damp browser-toolbox.close-process.DAMP opt e10s fission stylo webrender-sw,4768818,77,ms,firefox,,1787226316,2023-11-02 01:45:00,71.2127997422358,a5e6d910d2695f69a08e8a0655c4df428dec3dea,1325981,,,,,,,,,,,,,,,,,,,,,,,,,,,,,,,,,,,,,,,,,,,,,,,,,,,,,,,,,,,,,TN,TN
autoland,4769114,12,1a03ada32d4ae63ebeeb4561891b61c1e6e17a68,windows10-64-shippable-qr,True,False,,,102210fe594ee9b33d82058545b1ed14f4c8206e,browser-toolbox.close-process.DAMP,damp,True,damp browser-toolbox.close-process.DAMP opt e10s fission stylo webrender-sw,4768818,77,ms,firefox,,1787215833,2023-11-02 04:24:14,70.50397209804942,5215ac06e712057fb39b34156229bad40a2e626b,1326008,,,,,,,,,,,,,,,,,,,,,,,,,,,,,,,,,,,,,,,,,,,,,,,,,,,,,,,,,,,,,TN,TN
autoland,4769114,12,1a03ada32d4ae63ebeeb4561891b61c1e6e17a68,windows10-64-shippable-qr,True,False,,,102210fe594ee9b33d82058545b1ed14f4c8206e,browser-toolbox.close-process.DAMP,damp,True,damp browser-toolbox.close-process.DAMP opt e10s fission stylo webrender-sw,4768818,77,ms,firefox,,1785835818,2023-11-02 06:18:28,70.19996668586828,1fcf041bc427507f767a28519182263ab9925550,1326017,,,,,,,,,,,,,,,,,,,,,,,,,,,,,,,,,,,,,,,,,,,,,,,,,,,,,,,,,,,,,TN,TN
autoland,4769114,12,1a03ada32d4ae63ebeeb4561891b61c1e6e17a68,windows10-64-shippable-qr,True,False,,,102210fe594ee9b33d82058545b1ed14f4c8206e,browser-toolbox.close-process.DAMP,damp,True,damp browser-toolbox.close-process.DAMP opt e10s fission stylo webrender-sw,4768818,77,ms,firefox,,1787633176,2023-11-02 07:01:47,69.14814819869935,0e73daebf8a7d008ce766b38837d9c35d2f0817b,1326024,,,,,,,,,,,,,,,,,,,,,,,,,,,,,,,,,,,,,,,,,,,,,,,,,,,,,,,,,,,,,TN,TN
autoland,4769114,12,1a03ada32d4ae63ebeeb4561891b61c1e6e17a68,windows10-64-shippable-qr,True,False,,,102210fe594ee9b33d82058545b1ed14f4c8206e,browser-toolbox.close-process.DAMP,damp,True,damp browser-toolbox.close-process.DAMP opt e10s fission stylo webrender-sw,4768818,77,ms,firefox,,1787633231,2023-11-02 07:10:51,70.49178257488529,d55b7b5e620c02e1dae5c648e8e6e1949ac87503,1326034,,,,,,,,,,,,,,,,,,,,,,,,,,,,,,,,,,,,,,,,,,,,,,,,,,,,,,,,,,,,,TN,TN
autoland,4769114,12,1a03ada32d4ae63ebeeb4561891b61c1e6e17a68,windows10-64-shippable-qr,True,False,,,102210fe594ee9b33d82058545b1ed14f4c8206e,browser-toolbox.close-process.DAMP,damp,True,damp browser-toolbox.close-process.DAMP opt e10s fission stylo webrender-sw,4768818,77,ms,firefox,,1787633561,2023-11-02 08:51:48,70.96772211611096,564753cc08f0c6a139921fe26e6c331d8b173348,1326058,,,,,,,,,,,,,,,,,,,,,,,,,,,,,,,,,,,,,,,,,,,,,,,,,,,,,,,,,,,,,TN,TN
autoland,4769114,12,1a03ada32d4ae63ebeeb4561891b61c1e6e17a68,windows10-64-shippable-qr,True,False,,,102210fe594ee9b33d82058545b1ed14f4c8206e,browser-toolbox.close-process.DAMP,damp,True,damp browser-toolbox.close-process.DAMP opt e10s fission stylo webrender-sw,4768818,77,ms,firefox,,1787633451,2023-11-02 08:58:01,70.5574630429328,e210c2c7d93a2505bd5bfb24530f00b66d01a6cd,1326063,,,,,,,,,,,,,,,,,,,,,,,,,,,,,,,,,,,,,,,,,,,,,,,,,,,,,,,,,,,,,TN,TN
autoland,4769114,12,1a03ada32d4ae63ebeeb4561891b61c1e6e17a68,windows10-64-shippable-qr,True,False,,,102210fe594ee9b33d82058545b1ed14f4c8206e,browser-toolbox.close-process.DAMP,damp,True,damp browser-toolbox.close-process.DAMP opt e10s fission stylo webrender-sw,4768818,77,ms,firefox,,1787633616,2023-11-02 09:15:12,71.59848202472494,3084ddd8f59dc74d30cc1d310b3d1be20882f9e2,1326067,,,,,,,,,,,,,,,,,,,,,,,,,,,,,,,,,,,,,,,,,,,,,,,,,,,,,,,,,,,,,TN,TN
autoland,4769114,12,1a03ada32d4ae63ebeeb4561891b61c1e6e17a68,windows10-64-shippable-qr,True,False,,,102210fe594ee9b33d82058545b1ed14f4c8206e,browser-toolbox.close-process.DAMP,damp,True,damp browser-toolbox.close-process.DAMP opt e10s fission stylo webrender-sw,4768818,77,ms,firefox,,1787633506,2023-11-02 09:35:57,70.23368390582618,c655bf3d7fd2ce0d94a175306fb8466d689c6c29,1326078,,,,,,,,,,,,,,,,,,,,,,,,,,,,,,,,,,,,,,,,,,,,,,,,,,,,,,,,,,,,,TN,TN
autoland,4769114,12,1a03ada32d4ae63ebeeb4561891b61c1e6e17a68,windows10-64-shippable-qr,True,False,,,102210fe594ee9b33d82058545b1ed14f4c8206e,browser-toolbox.close-process.DAMP,damp,True,damp browser-toolbox.close-process.DAMP opt e10s fission stylo webrender-sw,4768818,77,ms,firefox,,1785963951,2023-11-02 10:56:45,72.18243214875838,86b37d608b6dff619ef21dd6df25970d2f35504f,1326103,,,,,,,,,,,,,,,,,,,,,,,,,,,,,,,,,,,,,,,,,,,,,,,,,,,,,,,,,,,,,TN,TN
autoland,4769114,12,1a03ada32d4ae63ebeeb4561891b61c1e6e17a68,windows10-64-shippable-qr,True,False,,,102210fe594ee9b33d82058545b1ed14f4c8206e,browser-toolbox.close-process.DAMP,damp,True,damp browser-toolbox.close-process.DAMP opt e10s fission stylo webrender-sw,4768818,77,ms,firefox,,1787633396,2023-11-02 11:52:04,71.24942015988927,6320d7617d1b38847345e9032d5feab0452bf60a,1326119,,,,,,,,,,,,,,,,,,,,,,,,,,,,,,,,,,,,,,,,,,,,,,,,,,,,,,,,,,,,,TN,TN
autoland,4769114,12,1a03ada32d4ae63ebeeb4561891b61c1e6e17a68,windows10-64-shippable-qr,True,False,,,102210fe594ee9b33d82058545b1ed14f4c8206e,browser-toolbox.close-process.DAMP,damp,True,damp browser-toolbox.close-process.DAMP opt e10s fission stylo webrender-sw,4768818,77,ms,firefox,,1785981676,2023-11-02 12:13:53,77.54024750100871,59754ae1b71386535d42979e577deaaad4aa522f,1326138,,,,,,,,,,,,,,,,,,,,,,,,,,,,,,,,,,,,,,,,,,,,,,,,,,,,,,,,,,,,,TN,TN
autoland,4769114,12,1a03ada32d4ae63ebeeb4561891b61c1e6e17a68,windows10-64-shippable-qr,True,False,,,102210fe594ee9b33d82058545b1ed14f4c8206e,browser-toolbox.close-process.DAMP,damp,True,damp browser-toolbox.close-process.DAMP opt e10s fission stylo webrender-sw,4768818,77,ms,firefox,,1787633341,2023-11-03 01:11:05,68.45699504995719,36f2efb02d4349901b7d36c17e45fd550a7aad2b,1326640,,,,,,,,,,,,,,,,,,,,,,,,,,,,,,,,,,,,,,,,,,,,,,,,,,,,,,,,,,,,,TN,TN
autoland,4769114,12,1a03ada32d4ae63ebeeb4561891b61c1e6e17a68,windows10-64-shippable-qr,True,False,,,102210fe594ee9b33d82058545b1ed14f4c8206e,browser-toolbox.close-process.DAMP,damp,True,damp browser-toolbox.close-process.DAMP opt e10s fission stylo webrender-sw,4768818,77,ms,firefox,,1787633286,2023-11-03 01:52:04,68.87747091155325,74d7322a0dc48e7a0b87bca4351e9394d0b0205d,1326655,,,,,,,,,,,,,,,,,,,,,,,,,,,,,,,,,,,,,,,,,,,,,,,,,,,,,,,,,,,,,TN,TN
autoland,4769114,12,1a03ada32d4ae63ebeeb4561891b61c1e6e17a68,windows10-64-shippable-qr,True,False,,,102210fe594ee9b33d82058545b1ed14f4c8206e,browser-toolbox.close-process.DAMP,damp,True,damp browser-toolbox.close-process.DAMP opt e10s fission stylo webrender-sw,4768818,77,ms,firefox,,1786496382,2023-11-03 02:17:21,74.16938197473064,7398cacb1ad3e7be98ad07eff3a56fd050025c48,1326661,,,,,,,,,,,,,,,,,,,,,,,,,,,,,,,,,,,,,,,,,,,,,,,,,,,,,,,,,,,,,TN,TN
autoland,4769114,12,1a03ada32d4ae63ebeeb4561891b61c1e6e17a68,windows10-64-shippable-qr,True,False,,,102210fe594ee9b33d82058545b1ed14f4c8206e,browser-toolbox.close-process.DAMP,damp,True,damp browser-toolbox.close-process.DAMP opt e10s fission stylo webrender-sw,4768818,77,ms,firefox,,1787633726,2023-11-03 04:08:25,69.33717583185353,8be76292bf3f6acbc6d7d87935f7eb147bbf27ca,1326703,,,,,,,,,,,,,,,,,,,,,,,,,,,,,,,,,,,,,,,,,,,,,,,,,,,,,,,,,,,,,TN,TN
autoland,4769114,12,1a03ada32d4ae63ebeeb4561891b61c1e6e17a68,windows10-64-shippable-qr,True,False,,,102210fe594ee9b33d82058545b1ed14f4c8206e,browser-toolbox.close-process.DAMP,damp,True,damp browser-toolbox.close-process.DAMP opt e10s fission stylo webrender-sw,4768818,77,ms,firefox,,1787633671,2023-11-03 04:20:42,69.64349409578426,4184b410e6d5681549f012fecc1f8b842e141b26,1326704,,,,,,,,,,,,,,,,,,,,,,,,,,,,,,,,,,,,,,,,,,,,,,,,,,,,,,,,,,,,,TN,TN
autoland,4769114,12,1a03ada32d4ae63ebeeb4561891b61c1e6e17a68,windows10-64-shippable-qr,True,False,,,102210fe594ee9b33d82058545b1ed14f4c8206e,browser-toolbox.close-process.DAMP,damp,True,damp browser-toolbox.close-process.DAMP opt e10s fission stylo webrender-sw,4768818,77,ms,firefox,,1787633781,2023-11-03 04:51:35,69.8634120766801,66a36c6e56c8b40c4bbf326973befc12d3188b98,1326712,,,,,,,,,,,,,,,,,,,,,,,,,,,,,,,,,,,,,,,,,,,,,,,,,,,,,,,,,,,,,TN,TN
autoland,4769114,12,1a03ada32d4ae63ebeeb4561891b61c1e6e17a68,windows10-64-shippable-qr,True,False,,,102210fe594ee9b33d82058545b1ed14f4c8206e,browser-toolbox.close-process.DAMP,damp,True,damp browser-toolbox.close-process.DAMP opt e10s fission stylo webrender-sw,4768818,77,ms,firefox,,1786564504,2023-11-03 06:29:48,69.53000066560344,63221dffde4f2b6c134c16fb540dea75d856626d,1326720,,,,,,,,,,,,,,,,,,,,,,,,,,,,,,,,,,,,,,,,,,,,,,,,,,,,,,,,,,,,,TN,TN
autoland,4769114,12,1a03ada32d4ae63ebeeb4561891b61c1e6e17a68,windows10-64-shippable-qr,True,False,,,102210fe594ee9b33d82058545b1ed14f4c8206e,browser-toolbox.close-process.DAMP,damp,True,damp browser-toolbox.close-process.DAMP opt e10s fission stylo webrender-sw,4768818,77,ms,firefox,,1787639803,2023-11-03 06:58:55,70.66793278859404,3b2e87a93f83951048307cbc49600161594f24fc,1326722,,,,,,,,,,,,,,,,,,,,,,,,,,,,,,,,,,,,,,,,,,,,,,,,,,,,,,,,,,,,,TN,TN
autoland,4769114,12,1a03ada32d4ae63ebeeb4561891b61c1e6e17a68,windows10-64-shippable-qr,True,False,,,102210fe594ee9b33d82058545b1ed14f4c8206e,browser-toolbox.close-process.DAMP,damp,True,damp browser-toolbox.close-process.DAMP opt e10s fission stylo webrender-sw,4768818,77,ms,firefox,,1787639955,2023-11-03 07:36:07,70.10673168394715,b22bbe4260314e1412d7b27c4116cd80a3334dea,1326733,,,,,,,,,,,,,,,,,,,,,,,,,,,,,,,,,,,,,,,,,,,,,,,,,,,,,,,,,,,,,TN,TN
autoland,4769114,12,1a03ada32d4ae63ebeeb4561891b61c1e6e17a68,windows10-64-shippable-qr,True,False,,,102210fe594ee9b33d82058545b1ed14f4c8206e,browser-toolbox.close-process.DAMP,damp,True,damp browser-toolbox.close-process.DAMP opt e10s fission stylo webrender-sw,4768818,77,ms,firefox,,1787639586,2023-11-03 08:19:03,70.37736138868058,b8d7ddef8a12d2762b4df028073939ad1508d0a4,1326743,,,,,,,,,,,,,,,,,,,,,,,,,,,,,,,,,,,,,,,,,,,,,,,,,,,,,,,,,,,,,TN,TN
autoland,4769114,12,1a03ada32d4ae63ebeeb4561891b61c1e6e17a68,windows10-64-shippable-qr,True,False,,,102210fe594ee9b33d82058545b1ed14f4c8206e,browser-toolbox.close-process.DAMP,damp,True,damp browser-toolbox.close-process.DAMP opt e10s fission stylo webrender-sw,4768818,77,ms,firefox,,1787640617,2023-11-03 09:09:22,70.16890535785933,124a723cd010dfbd667203d480325aa24380f6d4,1326753,,,,,,,,,,,,,,,,,,,,,,,,,,,,,,,,,,,,,,,,,,,,,,,,,,,,,,,,,,,,,TN,TN
autoland,4769114,12,1a03ada32d4ae63ebeeb4561891b61c1e6e17a68,windows10-64-shippable-qr,True,False,,,102210fe594ee9b33d82058545b1ed14f4c8206e,browser-toolbox.close-process.DAMP,damp,True,damp browser-toolbox.close-process.DAMP opt e10s fission stylo webrender-sw,4768818,77,ms,firefox,,1787641087,2023-11-03 09:13:52,75.38428140325414,7dd4084a322471851e49b87b3a617befb0375765,1326754,,,,,,,,,,,,,,,,,,,,,,,,,,,,,,,,,,,,,,,,,,,,,,,,,,,,,,,,,,,,,TN,TN
autoland,4769114,12,1a03ada32d4ae63ebeeb4561891b61c1e6e17a68,windows10-64-shippable-qr,True,False,,,102210fe594ee9b33d82058545b1ed14f4c8206e,browser-toolbox.close-process.DAMP,damp,True,damp browser-toolbox.close-process.DAMP opt e10s fission stylo webrender-sw,4768818,77,ms,firefox,,1787640782,2023-11-03 09:17:10,73.72616041444417,3d9fe41a25152c0c6672f138ea09debecd5143cf,1326755,,,,,,,,,,,,,,,,,,,,,,,,,,,,,,,,,,,,,,,,,,,,,,,,,,,,,,,,,,,,,TN,TN
autoland,4769114,12,1a03ada32d4ae63ebeeb4561891b61c1e6e17a68,windows10-64-shippable-qr,True,False,,,102210fe594ee9b33d82058545b1ed14f4c8206e,browser-toolbox.close-process.DAMP,damp,True,damp browser-toolbox.close-process.DAMP opt e10s fission stylo webrender-sw,4768818,77,ms,firefox,,1787640301,2023-11-03 09:42:39,70.88068201212809,4492a1a7f6e79ee78ecaa1b7c93899342d32df2e,1326765,,,,,,,,,,,,,,,,,,,,,,,,,,,,,,,,,,,,,,,,,,,,,,,,,,,,,,,,,,,,,TN,TN
autoland,4769114,12,1a03ada32d4ae63ebeeb4561891b61c1e6e17a68,windows10-64-shippable-qr,True,False,,,102210fe594ee9b33d82058545b1ed14f4c8206e,browser-toolbox.close-process.DAMP,damp,True,damp browser-toolbox.close-process.DAMP opt e10s fission stylo webrender-sw,4768818,77,ms,firefox,,1787640411,2023-11-03 09:43:52,69.61787031102722,6c29477373c7502d2ca6e660b3acc28c18ba6974,1326767,,,,,,,,,,,,,,,,,,,,,,,,,,,,,,,,,,,,,,,,,,,,,,,,,,,,,,,,,,,,,TN,TN
autoland,4769114,12,1a03ada32d4ae63ebeeb4561891b61c1e6e17a68,windows10-64-shippable-qr,True,False,,,102210fe594ee9b33d82058545b1ed14f4c8206e,browser-toolbox.close-process.DAMP,damp,True,damp browser-toolbox.close-process.DAMP opt e10s fission stylo webrender-sw,4768818,77,ms,firefox,,1786703154,2023-11-03 09:45:55,73.919500615586,fef2ab0f10caa08593c20e7febc4cec185670a4a,1326769,,,,,,,,,,,,,,,,,,,,,,,,,,,,,,,,,,,,,,,,,,,,,,,,,,,,,,,,,,,,,TN,TN
autoland,4769114,12,1a03ada32d4ae63ebeeb4561891b61c1e6e17a68,windows10-64-shippable-qr,True,False,,,102210fe594ee9b33d82058545b1ed14f4c8206e,browser-toolbox.close-process.DAMP,damp,True,damp browser-toolbox.close-process.DAMP opt e10s fission stylo webrender-sw,4768818,77,ms,firefox,,1786818390,2023-11-03 14:08:17,76.60541314721922,db8c28afe588aab0cd434e280a4614c075350cde,1326874,,,,,,,,,,,,,,,,,,,,,,,,,,,,,,,,,,,,,,,,,,,,,,,,,,,,,,,,,,,,,TN,TN
autoland,4769114,12,1a03ada32d4ae63ebeeb4561891b61c1e6e17a68,windows10-64-shippable-qr,True,False,,,102210fe594ee9b33d82058545b1ed14f4c8206e,browser-toolbox.close-process.DAMP,damp,True,damp browser-toolbox.close-process.DAMP opt e10s fission stylo webrender-sw,4768818,77,ms,firefox,,1786940548,2023-11-03 15:30:02,75.89727923432292,c1bbed9e33815cc111047e95375c6446ad566b5b,1326932,,,,,,,,,,,,,,,,,,,,,,,,,,,,,,,,,,,,,,,,,,,,,,,,,,,,,,,,,,,,,TN,TN
autoland,4769114,12,1a03ada32d4ae63ebeeb4561891b61c1e6e17a68,windows10-64-shippable-qr,True,False,,,102210fe594ee9b33d82058545b1ed14f4c8206e,browser-toolbox.close-process.DAMP,damp,True,damp browser-toolbox.close-process.DAMP opt e10s fission stylo webrender-sw,4768818,77,ms,firefox,,1786993737,2023-11-03 19:29:08,70.9186438965553,3483c8458f12814829ccacc001ce04923ce9c601,1327119,,,,,,,,,,,,,,,,,,,,,,,,,,,,,,,,,,,,,,,,,,,,,,,,,,,,,,,,,,,,,TN,TN
autoland,4769114,12,1a03ada32d4ae63ebeeb4561891b61c1e6e17a68,windows10-64-shippable-qr,True,False,,,102210fe594ee9b33d82058545b1ed14f4c8206e,browser-toolbox.close-process.DAMP,damp,True,damp browser-toolbox.close-process.DAMP opt e10s fission stylo webrender-sw,4768818,77,ms,firefox,,1787116116,2023-11-04 00:04:01,74.47950159947504,71b8373e6622cf42c02a4244f2c2629c6afed2db,1327246,,,,,,,,,,,,,,,,,,,,,,,,,,,,,,,,,,,,,,,,,,,,,,,,,,,,,,,,,,,,,TN,TN
autoland,4769114,12,1a03ada32d4ae63ebeeb4561891b61c1e6e17a68,windows10-64-shippable-qr,True,False,,,102210fe594ee9b33d82058545b1ed14f4c8206e,browser-toolbox.close-process.DAMP,damp,True,damp browser-toolbox.close-process.DAMP opt e10s fission stylo webrender-sw,4768818,77,ms,firefox,,1787150001,2023-11-04 01:35:30,72.80309520801529,fa8ebe703963d027ce9185c21a4e7bdc98f8cd68,1327271,,,,,,,,,,,,,,,,,,,,,,,,,,,,,,,,,,,,,,,,,,,,,,,,,,,,,,,,,,,,,TN,TN
autoland,4769114,12,1a03ada32d4ae63ebeeb4561891b61c1e6e17a68,windows10-64-shippable-qr,True,False,,,102210fe594ee9b33d82058545b1ed14f4c8206e,browser-toolbox.close-process.DAMP,damp,True,damp browser-toolbox.close-process.DAMP opt e10s fission stylo webrender-sw,4768818,77,ms,firefox,,1787229816,2023-11-04 08:24:01,74.1244966184313,f65c77517e3e8d32a23f3607a039a558abd2b12c,1327306,,,,,,,,,,,,,,,,,,,,,,,,,,,,,,,,,,,,,,,,,,,,,,,,,,,,,,,,,,,,,TN,TN
autoland,4769114,12,1a03ada32d4ae63ebeeb4561891b61c1e6e17a68,windows10-64-shippable-qr,True,False,,,102210fe594ee9b33d82058545b1ed14f4c8206e,browser-toolbox.close-process.DAMP,damp,True,damp browser-toolbox.close-process.DAMP opt e10s fission stylo webrender-sw,4768818,77,ms,firefox,,1787360130,2023-11-04 14:15:16,69.62701501762422,90f5a1a99e4af4267d041ebe447fe2c0d6028eec,1327379,,,,,,,,,,,,,,,,,,,,,,,,,,,,,,,,,,,,,,,,,,,,,,,,,,,,,,,,,,,,,TN,TN
autoland,4769114,12,1a03ada32d4ae63ebeeb4561891b61c1e6e17a68,windows10-64-shippable-qr,True,False,,,102210fe594ee9b33d82058545b1ed14f4c8206e,browser-toolbox.close-process.DAMP,damp,True,damp browser-toolbox.close-process.DAMP opt e10s fission stylo webrender-sw,4768818,77,ms,firefox,,1787446926,2023-11-04 18:45:40,68.5037647289355,55a02a6f1e91945e24618f64bd61b9f3a0beeea0,1327418,,,,,,,,,,,,,,,,,,,,,,,,,,,,,,,,,,,,,,,,,,,,,,,,,,,,,,,,,,,,,TN,TN
autoland,4769114,12,1a03ada32d4ae63ebeeb4561891b61c1e6e17a68,windows10-64-shippable-qr,True,False,,,102210fe594ee9b33d82058545b1ed14f4c8206e,browser-toolbox.close-process.DAMP,damp,True,damp browser-toolbox.close-process.DAMP opt e10s fission stylo webrender-sw,4768818,77,ms,firefox,,1787553022,2023-11-04 23:01:16,76.90463179170911,c6d6218c85ae690d272c8b978051ec7c2718b1b2,1327454,,,,,,,,,,,,,,,,,,,,,,,,,,,,,,,,,,,,,,,,,,,,,,,,,,,,,,,,,,,,,TN,TN
autoland,4769114,12,1a03ada32d4ae63ebeeb4561891b61c1e6e17a68,windows10-64-shippable-qr,True,False,,,102210fe594ee9b33d82058545b1ed14f4c8206e,browser-toolbox.close-process.DAMP,damp,True,damp browser-toolbox.close-process.DAMP opt e10s fission stylo webrender-sw,4768818,77,ms,firefox,,1787751972,2023-11-05 12:31:02,74.09862476916896,6e473b5825d2acd52739d9cc4cdec6ea5e26c9d1,1327508,,,,,,,,,,,,,,,,,,,,,,,,,,,,,,,,,,,,,,,,,,,,,,,,,,,,,,,,,,,,,TN,TN
autoland,4769114,12,1a03ada32d4ae63ebeeb4561891b61c1e6e17a68,windows10-64-shippable-qr,True,False,,,102210fe594ee9b33d82058545b1ed14f4c8206e,browser-toolbox.close-process.DAMP,damp,True,damp browser-toolbox.close-process.DAMP opt e10s fission stylo webrender-sw,4768818,77,ms,firefox,,1787878200,2023-11-05 17:15:11,75.06445223366609,e4d362eebc148baf8432d0b013b6233995a2f16e,1327546,,,,,,,,,,,,,,,,,,,,,,,,,,,,,,,,,,,,,,,,,,,,,,,,,,,,,,,,,,,,,TN,TN
autoland,4769114,12,1a03ada32d4ae63ebeeb4561891b61c1e6e17a68,windows10-64-shippable-qr,True,False,,,102210fe594ee9b33d82058545b1ed14f4c8206e,browser-toolbox.close-process.DAMP,damp,True,damp browser-toolbox.close-process.DAMP opt e10s fission stylo webrender-sw,4768818,77,ms,firefox,,1787988932,2023-11-05 22:35:05,74.3529432646319,1995198e0bee1b9f7d4ac3a5286fb89a8305fa28,1327567,,,,,,,,,,,,,,,,,,,,,,,,,,,,,,,,,,,,,,,,,,,,,,,,,,,,,,,,,,,,,TN,TN
autoland,4769114,12,1a03ada32d4ae63ebeeb4561891b61c1e6e17a68,windows10-64-shippable-qr,True,False,,,102210fe594ee9b33d82058545b1ed14f4c8206e,browser-toolbox.close-process.DAMP,damp,True,damp browser-toolbox.close-process.DAMP opt e10s fission stylo webrender-sw,4768818,77,ms,firefox,,1788241089,2023-11-06 03:28:15,77.02860130981207,925231a8fb5eccf055afb3e9921596d8f990128b,1327590,,,,,,,,,,,,,,,,,,,,,,,,,,,,,,,,,,,,,,,,,,,,,,,,,,,,,,,,,,,,,TN,TN
autoland,4769114,12,1a03ada32d4ae63ebeeb4561891b61c1e6e17a68,windows10-64-shippable-qr,True,False,,,102210fe594ee9b33d82058545b1ed14f4c8206e,browser-toolbox.close-process.DAMP,damp,True,damp browser-toolbox.close-process.DAMP opt e10s fission stylo webrender-sw,4768818,77,ms,firefox,,1788301315,2023-11-06 06:27:10,69.81570076307253,58f61f19462af6371405866cd0506983856d5433,1327613,,,,,,,,,,,,,,,,,,,,,,,,,,,,,,,,,,,,,,,,,,,,,,,,,,,,,,,,,,,,,TN,TN
autoland,4769114,12,1a03ada32d4ae63ebeeb4561891b61c1e6e17a68,windows10-64-shippable-qr,True,False,,,102210fe594ee9b33d82058545b1ed14f4c8206e,browser-toolbox.close-process.DAMP,damp,True,damp browser-toolbox.close-process.DAMP opt e10s fission stylo webrender-sw,4768818,77,ms,firefox,,1788514650,2023-11-06 10:22:32,75.06884701557283,47130f8e8a79f36f7bea8cf4a4a19a3ef155e539,1327714,,,,,,,,,,,,,,,,,,,,,,,,,,,,,,,,,,,,,,,,,,,,,,,,,,,,,,,,,,,,,TN,TN
autoland,4769114,12,1a03ada32d4ae63ebeeb4561891b61c1e6e17a68,windows10-64-shippable-qr,True,False,,,102210fe594ee9b33d82058545b1ed14f4c8206e,browser-toolbox.close-process.DAMP,damp,True,damp browser-toolbox.close-process.DAMP opt e10s fission stylo webrender-sw,4768818,77,ms,firefox,,1788793250,2023-11-06 17:39:09,75.32172389804327,6d5e2f6a296345f3afbeecf2e34bf0f7da7c7991,1328028,,,,,,,,,,,,,,,,,,,,,,,,,,,,,,,,,,,,,,,,,,,,,,,,,,,,,,,,,,,,,TN,TN
autoland,4769114,12,1a03ada32d4ae63ebeeb4561891b61c1e6e17a68,windows10-64-shippable-qr,True,False,,,102210fe594ee9b33d82058545b1ed14f4c8206e,browser-toolbox.close-process.DAMP,damp,True,damp browser-toolbox.close-process.DAMP opt e10s fission stylo webrender-sw,4768818,77,ms,firefox,,1788876982,2023-11-06 20:45:17,76.08481577070779,cfad60e16bc9ffd1123a5eb881ba42aaa60b9b18,1328100,,,,,,,,,,,,,,,,,,,,,,,,,,,,,,,,,,,,,,,,,,,,,,,,,,,,,,,,,,,,,TN,TN
autoland,4769114,12,1a03ada32d4ae63ebeeb4561891b61c1e6e17a68,windows10-64-shippable-qr,True,False,,,102210fe594ee9b33d82058545b1ed14f4c8206e,browser-toolbox.close-process.DAMP,damp,True,damp browser-toolbox.close-process.DAMP opt e10s fission stylo webrender-sw,4768818,77,ms,firefox,,1788985518,2023-11-07 01:37:21,74.4682448795611,05f23c29b41cfcb7bfe0b081854260fa6d04388f,1328269,,,,,,,,,,,,,,,,,,,,,,,,,,,,,,,,,,,,,,,,,,,,,,,,,,,,,,,,,,,,,TN,TN
autoland,4769114,12,1a03ada32d4ae63ebeeb4561891b61c1e6e17a68,windows10-64-shippable-qr,True,False,,,102210fe594ee9b33d82058545b1ed14f4c8206e,browser-toolbox.close-process.DAMP,damp,True,damp browser-toolbox.close-process.DAMP opt e10s fission stylo webrender-sw,4768818,77,ms,firefox,,1789144093,2023-11-07 05:57:42,70.29249471104413,5f6163941f402e507f0d384b9904f2a425a28d57,1328312,,,,,,,,,,,,,,,,,,,,,,,,,,,,,,,,,,,,,,,,,,,,,,,,,,,,,,,,,,,,,TN,TN
autoland,4769114,12,1a03ada32d4ae63ebeeb4561891b61c1e6e17a68,windows10-64-shippable-qr,True,False,,,102210fe594ee9b33d82058545b1ed14f4c8206e,browser-toolbox.close-process.DAMP,damp,True,damp browser-toolbox.close-process.DAMP opt e10s fission stylo webrender-sw,4768818,77,ms,firefox,,1789189308,2023-11-07 07:13:43,74.97234346193727,7a3978f0626b31f7d311cbc700a8ad6eef3c38a7,1328322,,,,,,,,,,,,,,,,,,,,,,,,,,,,,,,,,,,,,,,,,,,,,,,,,,,,,,,,,,,,,TN,TN
autoland,4769114,12,1a03ada32d4ae63ebeeb4561891b61c1e6e17a68,windows10-64-shippable-qr,True,False,,,102210fe594ee9b33d82058545b1ed14f4c8206e,browser-toolbox.close-process.DAMP,damp,True,damp browser-toolbox.close-process.DAMP opt e10s fission stylo webrender-sw,4768818,77,ms,firefox,,1789435297,2023-11-07 15:22:28,74.5737349092451,3a6678776d36c32f58fe521d73f09bbc1478cbbb,1328534,,,,,,,,,,,,,,,,,,,,,,,,,,,,,,,,,,,,,,,,,,,,,,,,,,,,,,,,,,,,,TN,TN
autoland,4769114,12,1a03ada32d4ae63ebeeb4561891b61c1e6e17a68,windows10-64-shippable-qr,True,False,,,102210fe594ee9b33d82058545b1ed14f4c8206e,browser-toolbox.close-process.DAMP,damp,True,damp browser-toolbox.close-process.DAMP opt e10s fission stylo webrender-sw,4768818,77,ms,firefox,,1789558209,2023-11-07 20:38:50,75.39674006354471,2f5322fade4338f844537e7e14979d023e4b7d48,1328596,,,,,,,,,,,,,,,,,,,,,,,,,,,,,,,,,,,,,,,,,,,,,,,,,,,,,,,,,,,,,TN,TN
autoland,4769114,12,1a03ada32d4ae63ebeeb4561891b61c1e6e17a68,windows10-64-shippable-qr,True,False,,,102210fe594ee9b33d82058545b1ed14f4c8206e,browser-toolbox.close-process.DAMP,damp,True,damp browser-toolbox.close-process.DAMP opt e10s fission stylo webrender-sw,4768818,77,ms,firefox,,1789692911,2023-11-07 23:09:36,75.47866002157389,146ef5c46755802d7609ece035e0115301c936bd,1328770,,,,,,,,,,,,,,,,,,,,,,,,,,,,,,,,,,,,,,,,,,,,,,,,,,,,,,,,,,,,,TN,TN
autoland,4769114,12,1a03ada32d4ae63ebeeb4561891b61c1e6e17a68,windows10-64-shippable-qr,True,False,,,102210fe594ee9b33d82058545b1ed14f4c8206e,browser-toolbox.close-process.DAMP,damp,True,damp browser-toolbox.close-process.DAMP opt e10s fission stylo webrender-sw,4768818,77,ms,firefox,,1789877102,2023-11-08 05:24:12,75.48342260920253,68721f0d6aec0facf9c8f271ea2bb2719348014a,1328912,,,,,,,,,,,,,,,,,,,,,,,,,,,,,,,,,,,,,,,,,,,,,,,,,,,,,,,,,,,,,TN,TN
autoland,4769114,12,1a03ada32d4ae63ebeeb4561891b61c1e6e17a68,windows10-64-shippable-qr,True,False,,,102210fe594ee9b33d82058545b1ed14f4c8206e,browser-toolbox.close-process.DAMP,damp,True,damp browser-toolbox.close-process.DAMP opt e10s fission stylo webrender-sw,4768818,77,ms,firefox,,1790004456,2023-11-08 09:44:01,74.93035945477459,578787894d0e996af4d743caf71b5501330fb2ab,1328973,,,,,,,,,,,,,,,,,,,,,,,,,,,,,,,,,,,,,,,,,,,,,,,,,,,,,,,,,,,,,TN,TN
autoland,4769114,12,1a03ada32d4ae63ebeeb4561891b61c1e6e17a68,windows10-64-shippable-qr,True,False,,,102210fe594ee9b33d82058545b1ed14f4c8206e,browser-toolbox.close-process.DAMP,damp,True,damp browser-toolbox.close-process.DAMP opt e10s fission stylo webrender-sw,4768818,77,ms,firefox,,1790028967,2023-11-08 09:46:58,73.54286432062509,e65fca949600e3163fd1befd6423958e0bc70029,1328975,,,,,,,,,,,,,,,,,,,,,,,,,,,,,,,,,,,,,,,,,,,,,,,,,,,,,,,,,,,,,TN,TN
autoland,4769114,12,1a03ada32d4ae63ebeeb4561891b61c1e6e17a68,windows10-64-shippable-qr,True,False,,,102210fe594ee9b33d82058545b1ed14f4c8206e,browser-toolbox.close-process.DAMP,damp,True,damp browser-toolbox.close-process.DAMP opt e10s fission stylo webrender-sw,4768818,77,ms,firefox,,1790138225,2023-11-08 13:41:28,73.82070979620039,ae536a17c1ffbb830141240a38f81e032b6645ea,1329115,,,,,,,,,,,,,,,,,,,,,,,,,,,,,,,,,,,,,,,,,,,,,,,,,,,,,,,,,,,,,TN,TN
autoland,4769114,12,1a03ada32d4ae63ebeeb4561891b61c1e6e17a68,windows10-64-shippable-qr,True,False,,,102210fe594ee9b33d82058545b1ed14f4c8206e,browser-toolbox.close-process.DAMP,damp,True,damp browser-toolbox.close-process.DAMP opt e10s fission stylo webrender-sw,4768818,77,ms,firefox,,1790209205,2023-11-08 17:45:21,73.2152091436219,f1fb5f0afb5896b5c30e6a9b1439a9c4de4a3db2,1329261,,,,,,,,,,,,,,,,,,,,,,,,,,,,,,,,,,,,,,,,,,,,,,,,,,,,,,,,,,,,,TN,TN
autoland,4769114,12,1a03ada32d4ae63ebeeb4561891b61c1e6e17a68,windows10-64-shippable-qr,True,False,,,102210fe594ee9b33d82058545b1ed14f4c8206e,browser-toolbox.close-process.DAMP,damp,True,damp browser-toolbox.close-process.DAMP opt e10s fission stylo webrender-sw,4768818,77,ms,firefox,,1790460897,2023-11-08 23:10:55,74.30381665215464,9b044e3ed5981e128922152098934a6691bfcd97,1329500,,,,,,,,,,,,,,,,,,,,,,,,,,,,,,,,,,,,,,,,,,,,,,,,,,,,,,,,,,,,,TN,TN
autoland,4769114,12,1a03ada32d4ae63ebeeb4561891b61c1e6e17a68,windows10-64-shippable-qr,True,False,,,102210fe594ee9b33d82058545b1ed14f4c8206e,browser-toolbox.close-process.DAMP,damp,True,damp browser-toolbox.close-process.DAMP opt e10s fission stylo webrender-sw,4768818,77,ms,firefox,,1790429933,2023-11-09 00:04:05,72.6672942647856,fd3f50f4dce00592f4da8f972037ced4a0c9f5be,1329532,,,,,,,,,,,,,,,,,,,,,,,,,,,,,,,,,,,,,,,,,,,,,,,,,,,,,,,,,,,,,TN,TN
autoland,4769114,12,1a03ada32d4ae63ebeeb4561891b61c1e6e17a68,windows10-64-shippable-qr,True,False,,,102210fe594ee9b33d82058545b1ed14f4c8206e,browser-toolbox.close-process.DAMP,damp,True,damp browser-toolbox.close-process.DAMP opt e10s fission stylo webrender-sw,4768818,77,ms,firefox,,1790629186,2023-11-09 04:14:58,75.47181725804694,975206b939dc6e4f823a1a29c703dd586e4157b9,1329628,,,,,,,,,,,,,,,,,,,,,,,,,,,,,,,,,,,,,,,,,,,,,,,,,,,,,,,,,,,,,TN,TN
autoland,4769114,12,1a03ada32d4ae63ebeeb4561891b61c1e6e17a68,windows10-64-shippable-qr,True,False,,,102210fe594ee9b33d82058545b1ed14f4c8206e,browser-toolbox.close-process.DAMP,damp,True,damp browser-toolbox.close-process.DAMP opt e10s fission stylo webrender-sw,4768818,77,ms,firefox,,1790773162,2023-11-09 08:18:01,73.13904181572434,d0c4fdebcd36de1f0361cb29103afbf36e498521,1329688,,,,,,,,,,,,,,,,,,,,,,,,,,,,,,,,,,,,,,,,,,,,,,,,,,,,,,,,,,,,,TN,TN
autoland,4769114,12,1a03ada32d4ae63ebeeb4561891b61c1e6e17a68,windows10-64-shippable-qr,True,False,,,102210fe594ee9b33d82058545b1ed14f4c8206e,browser-toolbox.close-process.DAMP,damp,True,damp browser-toolbox.close-process.DAMP opt e10s fission stylo webrender-sw,4768818,77,ms,firefox,,1790856771,2023-11-09 08:32:31,75.32345627601899,5392006086fa6f66b9c2f5919b8c65d04cf44936,1329693,,,,,,,,,,,,,,,,,,,,,,,,,,,,,,,,,,,,,,,,,,,,,,,,,,,,,,,,,,,,,TN,TN
autoland,4769114,12,1a03ada32d4ae63ebeeb4561891b61c1e6e17a68,windows10-64-shippable-qr,True,False,,,102210fe594ee9b33d82058545b1ed14f4c8206e,browser-toolbox.close-process.DAMP,damp,True,damp browser-toolbox.close-process.DAMP opt e10s fission stylo webrender-sw,4768818,77,ms,firefox,,1791016434,2023-11-09 12:39:55,75.56621197675122,0d25aa82c9421a1a0e1d9bf224094a9feaa083c0,1329818,,,,,,,,,,,,,,,,,,,,,,,,,,,,,,,,,,,,,,,,,,,,,,,,,,,,,,,,,,,,,TN,TN
autoland,4769114,12,1a03ada32d4ae63ebeeb4561891b61c1e6e17a68,windows10-64-shippable-qr,True,False,,,102210fe594ee9b33d82058545b1ed14f4c8206e,browser-toolbox.close-process.DAMP,damp,True,damp browser-toolbox.close-process.DAMP opt e10s fission stylo webrender-sw,4768818,77,ms,firefox,,1791193984,2023-11-09 13:52:13,75.58271503717697,af9d30c92582a30a1e7987079e780e59aa69ab7b,1329843,,,,,,,,,,,,,,,,,,,,,,,,,,,,,,,,,,,,,,,,,,,,,,,,,,,,,,,,,,,,,TN,TN
autoland,4769114,12,1a03ada32d4ae63ebeeb4561891b61c1e6e17a68,windows10-64-shippable-qr,True,False,,,102210fe594ee9b33d82058545b1ed14f4c8206e,browser-toolbox.close-process.DAMP,damp,True,damp browser-toolbox.close-process.DAMP opt e10s fission stylo webrender-sw,4768818,77,ms,firefox,,1791287229,2023-11-09 18:06:54,77.14353883417061,1eda7f37f458e81d7c275eb0a3e1959cdfdb5053,1329987,,,,,,,,,,,,,,,,,,,,,,,,,,,,,,,,,,,,,,,,,,,,,,,,,,,,,,,,,,,,,TN,TN
autoland,4769114,12,1a03ada32d4ae63ebeeb4561891b61c1e6e17a68,windows10-64-shippable-qr,True,False,,,102210fe594ee9b33d82058545b1ed14f4c8206e,browser-toolbox.close-process.DAMP,damp,True,damp browser-toolbox.close-process.DAMP opt e10s fission stylo webrender-sw,4768818,77,ms,firefox,,1791342324,2023-11-09 18:57:17,74.16372465728637,938e6fc607623834483a5ab95019520814f10ee8,1330029,,,,,,,,,,,,,,,,,,,,,,,,,,,,,,,,,,,,,,,,,,,,,,,,,,,,,,,,,,,,,TN,TN
autoland,4769114,12,1a03ada32d4ae63ebeeb4561891b61c1e6e17a68,windows10-64-shippable-qr,True,False,,,102210fe594ee9b33d82058545b1ed14f4c8206e,browser-toolbox.close-process.DAMP,damp,True,damp browser-toolbox.close-process.DAMP opt e10s fission stylo webrender-sw,4768818,77,ms,firefox,,1791377843,2023-11-09 23:53:27,72.44884096874739,d3aff5d6c69730c6f26eb54b7e24fdd203480069,1330185,,,,,,,,,,,,,,,,,,,,,,,,,,,,,,,,,,,,,,,,,,,,,,,,,,,,,,,,,,,,,TN,TN
autoland,4769114,12,1a03ada32d4ae63ebeeb4561891b61c1e6e17a68,windows10-64-shippable-qr,True,False,,,102210fe594ee9b33d82058545b1ed14f4c8206e,browser-toolbox.close-process.DAMP,damp,True,damp browser-toolbox.close-process.DAMP opt e10s fission stylo webrender-sw,4768818,77,ms,firefox,,1791392648,2023-11-10 00:18:00,73.93056871584122,543c915fc8c6775cd665ad6ebe58df0f46e9198c,1330200,,,,,,,,,,,,,,,,,,,,,,,,,,,,,,,,,,,,,,,,,,,,,,,,,,,,,,,,,,,,,TN,TN
autoland,4769114,12,1a03ada32d4ae63ebeeb4561891b61c1e6e17a68,windows10-64-shippable-qr,True,False,,,102210fe594ee9b33d82058545b1ed14f4c8206e,browser-toolbox.close-process.DAMP,damp,True,damp browser-toolbox.close-process.DAMP opt e10s fission stylo webrender-sw,4768818,77,ms,firefox,,1791613276,2023-11-10 06:00:15,74.66812120351096,5fcc529533b87c657e0dd95ea8cdd37f7cbac5c0,1330263,,,,,,,,,,,,,,,,,,,,,,,,,,,,,,,,,,,,,,,,,,,,,,,,,,,,,,,,,,,,,TN,TN
autoland,4769114,12,1a03ada32d4ae63ebeeb4561891b61c1e6e17a68,windows10-64-shippable-qr,True,False,,,102210fe594ee9b33d82058545b1ed14f4c8206e,browser-toolbox.close-process.DAMP,damp,True,damp browser-toolbox.close-process.DAMP opt e10s fission stylo webrender-sw,4768818,77,ms,firefox,,1791833184,2023-11-10 10:16:47,76.34382102934615,2033848fe740a46b19d19b2689365e6d5122d399,1330353,,,,,,,,,,,,,,,,,,,,,,,,,,,,,,,,,,,,,,,,,,,,,,,,,,,,,,,,,,,,,TN,TN
autoland,4769114,12,1a03ada32d4ae63ebeeb4561891b61c1e6e17a68,windows10-64-shippable-qr,True,False,,,102210fe594ee9b33d82058545b1ed14f4c8206e,browser-toolbox.close-process.DAMP,damp,True,damp browser-toolbox.close-process.DAMP opt e10s fission stylo webrender-sw,4768818,77,ms,firefox,,1793841761,2023-11-10 11:27:20,75.14983682557067,05705239ef280d5957715175f68acd8a7e4feb59,1330381,,,,,,,,,,,,,,,,,,,,,,,,,,,,,,,,,,,,,,,,,,,,,,,,,,,,,,,,,,,,,TN,TN
autoland,4769114,12,1a03ada32d4ae63ebeeb4561891b61c1e6e17a68,windows10-64-shippable-qr,True,False,,,102210fe594ee9b33d82058545b1ed14f4c8206e,browser-toolbox.close-process.DAMP,damp,True,damp browser-toolbox.close-process.DAMP opt e10s fission stylo webrender-sw,4768818,77,ms,firefox,,1793841981,2023-11-10 11:58:13,73.65606133887195,ad1f003ec4d4e13d038164dc880a9beda751db24,1330392,,,,,,,,,,,,,,,,,,,,,,,,,,,,,,,,,,,,,,,,,,,,,,,,,,,,,,,,,,,,,TN,TN
autoland,4769114,12,1a03ada32d4ae63ebeeb4561891b61c1e6e17a68,windows10-64-shippable-qr,True,False,,,102210fe594ee9b33d82058545b1ed14f4c8206e,browser-toolbox.close-process.DAMP,damp,True,damp browser-toolbox.close-process.DAMP opt e10s fission stylo webrender-sw,4768818,77,ms,firefox,,1793842470,2023-11-10 12:16:24,74.6421034055893,5b04a09bc9dbd13474019c400435f15b8443461e,1330401,,,,,,,,,,,,,,,,,,,,,,,,,,,,,,,,,,,,,,,,,,,,,,,,,,,,,,,,,,,,,TN,TN
autoland,4769114,12,1a03ada32d4ae63ebeeb4561891b61c1e6e17a68,windows10-64-shippable-qr,True,False,,,102210fe594ee9b33d82058545b1ed14f4c8206e,browser-toolbox.close-process.DAMP,damp,True,damp browser-toolbox.close-process.DAMP opt e10s fission stylo webrender-sw,4768818,77,ms,firefox,,1793842576,2023-11-10 13:51:02,75.18345816462534,8210630e9da2a37294cbde8cfc6b8e1f4fad7c03,1330435,,,,,,,,,,,,,,,,,,,,,,,,,,,,,,,,,,,,,,,,,,,,,,,,,,,,,,,,,,,,,TN,TN
autoland,4769114,12,1a03ada32d4ae63ebeeb4561891b61c1e6e17a68,windows10-64-shippable-qr,True,False,,,102210fe594ee9b33d82058545b1ed14f4c8206e,browser-toolbox.close-process.DAMP,damp,True,damp browser-toolbox.close-process.DAMP opt e10s fission stylo webrender-sw,4768818,77,ms,firefox,,1793842778,2023-11-10 13:57:36,73.68344342469936,06e6ed9fe79789e08dfc6ffb16b9fa849bbe5780,1330441,,,,,,,,,,,,,,,,,,,,,,,,,,,,,,,,,,,,,,,,,,,,,,,,,,,,,,,,,,,,,TN,TN
autoland,4769114,12,1a03ada32d4ae63ebeeb4561891b61c1e6e17a68,windows10-64-shippable-qr,True,False,,,102210fe594ee9b33d82058545b1ed14f4c8206e,browser-toolbox.close-process.DAMP,damp,True,damp browser-toolbox.close-process.DAMP opt e10s fission stylo webrender-sw,4768818,77,ms,firefox,,1791911861,2023-11-10 14:18:06,78.74914368046666,e2c6fa08aa82b40d8316fc19e08ea45be70e9292,1330451,,,,,,,,,,,,,,,,,,,,,,,,,,,,,,,,,,,,,,,,,,,,,,,,,,,,,,,,,,,,,TN,TN
autoland,4769114,12,1a03ada32d4ae63ebeeb4561891b61c1e6e17a68,windows10-64-shippable-qr,True,False,,,102210fe594ee9b33d82058545b1ed14f4c8206e,browser-toolbox.close-process.DAMP,damp,True,damp browser-toolbox.close-process.DAMP opt e10s fission stylo webrender-sw,4768818,77,ms,firefox,,1793843120,2023-11-10 14:20:16,77.30153740184323,0726d7c488d78b1884bb842b633555fd150b57bb,1330452,,,,,,,,,,,,,,,,,,,,,,,,,,,,,,,,,,,,,,,,,,,,,,,,,,,,,,,,,,,,,TN,TN
autoland,4769114,12,1a03ada32d4ae63ebeeb4561891b61c1e6e17a68,windows10-64-shippable-qr,True,False,,,102210fe594ee9b33d82058545b1ed14f4c8206e,browser-toolbox.close-process.DAMP,damp,True,damp browser-toolbox.close-process.DAMP opt e10s fission stylo webrender-sw,4768818,77,ms,firefox,,1793843234,2023-11-10 14:36:50,75.3421267581798,5333a7b4673f82c2a84b3bf4e2547ca4b7f058f1,1330458,,,,,,,,,,,,,,,,,,,,,,,,,,,,,,,,,,,,,,,,,,,,,,,,,,,,,,,,,,,,,TN,TN
autoland,4769114,12,1a03ada32d4ae63ebeeb4561891b61c1e6e17a68,windows10-64-shippable-qr,True,False,,,102210fe594ee9b33d82058545b1ed14f4c8206e,browser-toolbox.close-process.DAMP,damp,True,damp browser-toolbox.close-process.DAMP opt e10s fission stylo webrender-sw,4768818,77,ms,firefox,,1793843175,2023-11-10 14:39:32,75.65537740221771,b2f6c4b727ceb6bc9b6101de6557ff283ca94816,1330462,,,,,,,,,,,,,,,,,,,,,,,,,,,,,,,,,,,,,,,,,,,,,,,,,,,,,,,,,,,,,TN,TN
autoland,4769114,12,1a03ada32d4ae63ebeeb4561891b61c1e6e17a68,windows10-64-shippable-qr,True,False,,,102210fe594ee9b33d82058545b1ed14f4c8206e,browser-toolbox.close-process.DAMP,damp,True,damp browser-toolbox.close-process.DAMP opt e10s fission stylo webrender-sw,4768818,77,ms,firefox,,1791951980,2023-11-10 14:48:51,78.822440357093,f90b853d9b0b112db86ff41fcce843afb13939ce,1330467,,,,,,,,,,,,,,,,,,,,,,,,,,,,,,,,,,,,,,,,,,,,,,,,,,,,,,,,,,,,,TN,TN
autoland,4769114,12,1a03ada32d4ae63ebeeb4561891b61c1e6e17a68,windows10-64-shippable-qr,True,False,,,102210fe594ee9b33d82058545b1ed14f4c8206e,browser-toolbox.close-process.DAMP,damp,True,damp browser-toolbox.close-process.DAMP opt e10s fission stylo webrender-sw,4768818,77,ms,firefox,,1793938630,2023-11-10 16:36:12,73.62256045257527,820f519a26046f5bcdb4714d97c1e367a8cc999f,1330525,,,,,,,,,,,,,,,,,,,,,,,,,,,,,,,,,,,,,,,,,,,,,,,,,,,,,,,,,,,,,TN,TN
autoland,4769114,12,1a03ada32d4ae63ebeeb4561891b61c1e6e17a68,windows10-64-shippable-qr,True,False,,,102210fe594ee9b33d82058545b1ed14f4c8206e,browser-toolbox.close-process.DAMP,damp,True,damp browser-toolbox.close-process.DAMP opt e10s fission stylo webrender-sw,4768818,77,ms,firefox,,1793877606,2023-11-10 16:56:00,72.79617242385575,39030edad9cd9580b085779d183ed56711c0b2cc,1330536,,,,,,,,,,,,,,,,,,,,,,,,,,,,,,,,,,,,,,,,,,,,,,,,,,,,,,,,,,,,,TN,TN
autoland,4769114,12,1a03ada32d4ae63ebeeb4561891b61c1e6e17a68,windows10-64-shippable-qr,True,False,,,102210fe594ee9b33d82058545b1ed14f4c8206e,browser-toolbox.close-process.DAMP,damp,True,damp browser-toolbox.close-process.DAMP opt e10s fission stylo webrender-sw,4768818,77,ms,firefox,,1793917976,2023-11-10 17:12:39,72.81445861433167,d071ea331761149cc8882766f3d72a60ee48e253,1330542,,,,,,,,,,,,,,,,,,,,,,,,,,,,,,,,,,,,,,,,,,,,,,,,,,,,,,,,,,,,,TN,TN
autoland,4769114,12,1a03ada32d4ae63ebeeb4561891b61c1e6e17a68,windows10-64-shippable-qr,True,False,,,102210fe594ee9b33d82058545b1ed14f4c8206e,browser-toolbox.close-process.DAMP,damp,True,damp browser-toolbox.close-process.DAMP opt e10s fission stylo webrender-sw,4768818,77,ms,firefox,,1793921175,2023-11-10 19:01:55,75.84437261282437,68a32384455c82dc35b80d71d7ed60a806d65b8c,1330571,,,,,,,,,,,,,,,,,,,,,,,,,,,,,,,,,,,,,,,,,,,,,,,,,,,,,,,,,,,,,TN,TN
autoland,4769114,12,1a03ada32d4ae63ebeeb4561891b61c1e6e17a68,windows10-64-shippable-qr,True,False,,,102210fe594ee9b33d82058545b1ed14f4c8206e,browser-toolbox.close-process.DAMP,damp,True,damp browser-toolbox.close-process.DAMP opt e10s fission stylo webrender-sw,4768818,77,ms,firefox,,1793914711,2023-11-10 19:10:32,75.95341340568848,c644f4c1971528e1bd6eae9c1607703fbfb4b59a,1330577,,,,,,,,,,,,,,,,,,,,,,,,,,,,,,,,,,,,,,,,,,,,,,,,,,,,,,,,,,,,,TN,TN
autoland,4769114,12,1a03ada32d4ae63ebeeb4561891b61c1e6e17a68,windows10-64-shippable-qr,True,False,,,102210fe594ee9b33d82058545b1ed14f4c8206e,browser-toolbox.close-process.DAMP,damp,True,damp browser-toolbox.close-process.DAMP opt e10s fission stylo webrender-sw,4768818,77,ms,firefox,,1793920777,2023-11-10 19:51:40,75.45367505380273,9e95d436fda592d892d2495467899fcd64eedab3,1330586,,,,,,,,,,,,,,,,,,,,,,,,,,,,,,,,,,,,,,,,,,,,,,,,,,,,,,,,,,,,,TN,TN
autoland,4769114,12,1a03ada32d4ae63ebeeb4561891b61c1e6e17a68,windows10-64-shippable-qr,True,False,,,102210fe594ee9b33d82058545b1ed14f4c8206e,browser-toolbox.close-process.DAMP,damp,True,damp browser-toolbox.close-process.DAMP opt e10s fission stylo webrender-sw,4768818,77,ms,firefox,,1793919688,2023-11-10 20:04:54,74.81195975550145,a19116887ffadfac6649a0d8a784264f01db143b,1330589,,,,,,,,,,,,,,,,,,,,,,,,,,,,,,,,,,,,,,,,,,,,,,,,,,,,,,,,,,,,,TN,TN
autoland,4769114,12,1a03ada32d4ae63ebeeb4561891b61c1e6e17a68,windows10-64-shippable-qr,True,False,,,102210fe594ee9b33d82058545b1ed14f4c8206e,browser-toolbox.close-process.DAMP,damp,True,damp browser-toolbox.close-process.DAMP opt e10s fission stylo webrender-sw,4768818,77,ms,firefox,,1793916283,2023-11-10 20:47:39,75.43360404460691,24b44cfac27ee539fedd52a4052fae88f383d200,1330596,,,,,,,,,,,,,,,,,,,,,,,,,,,,,,,,,,,,,,,,,,,,,,,,,,,,,,,,,,,,,TN,TN
autoland,4769114,12,1a03ada32d4ae63ebeeb4561891b61c1e6e17a68,windows10-64-shippable-qr,True,False,,,102210fe594ee9b33d82058545b1ed14f4c8206e,browser-toolbox.close-process.DAMP,damp,True,damp browser-toolbox.close-process.DAMP opt e10s fission stylo webrender-sw,4768818,77,ms,firefox,,1793919443,2023-11-10 21:40:21,75.73368759186997,a027e53d2086ef86b4b7195432de6f71aebb0aef,1330612,,,,,,,,,,,,,,,,,,,,,,,,,,,,,,,,,,,,,,,,,,,,,,,,,,,,,,,,,,,,,TN,TN
autoland,4769114,12,1a03ada32d4ae63ebeeb4561891b61c1e6e17a68,windows10-64-shippable-qr,True,False,,,102210fe594ee9b33d82058545b1ed14f4c8206e,browser-toolbox.close-process.DAMP,damp,True,damp browser-toolbox.close-process.DAMP opt e10s fission stylo webrender-sw,4768818,77,ms,firefox,,1792133575,2023-11-10 23:46:31,71.31546817116032,740891aba7f0d05a95960669bd6efe7b25177226,1330635,,,,,,,,,,,,,,,,,,,,,,,,,,,,,,,,,,,,,,,,,,,,,,,,,,,,,,,,,,,,,TN,TN
autoland,4769114,12,1a03ada32d4ae63ebeeb4561891b61c1e6e17a68,windows10-64-shippable-qr,True,False,,,102210fe594ee9b33d82058545b1ed14f4c8206e,browser-toolbox.close-process.DAMP,damp,True,damp browser-toolbox.close-process.DAMP opt e10s fission stylo webrender-sw,4768818,77,ms,firefox,,1793876843,2023-11-11 01:29:35,74.34275402117055,b5c67816c05d7e23a7e8869c5528c5bb43a42dde,1330649,,,,,,,,,,,,,,,,,,,,,,,,,,,,,,,,,,,,,,,,,,,,,,,,,,,,,,,,,,,,,TN,TN
autoland,4769114,12,1a03ada32d4ae63ebeeb4561891b61c1e6e17a68,windows10-64-shippable-qr,True,False,,,102210fe594ee9b33d82058545b1ed14f4c8206e,browser-toolbox.close-process.DAMP,damp,True,damp browser-toolbox.close-process.DAMP opt e10s fission stylo webrender-sw,4768818,77,ms,firefox,,1792303086,2023-11-11 06:55:04,75.31738010417757,94bbd4bd056a20549029ecbc07c9a4b5da968789,1330673,,,,,,,,,,,,,,,,,,,,,,,,,,,,,,,,,,,,,,,,,,,,,,,,,,,,,,,,,,,,,TN,TN
autoland,4769114,12,1a03ada32d4ae63ebeeb4561891b61c1e6e17a68,windows10-64-shippable-qr,True,False,,,102210fe594ee9b33d82058545b1ed14f4c8206e,browser-toolbox.close-process.DAMP,damp,True,damp browser-toolbox.close-process.DAMP opt e10s fission stylo webrender-sw,4768818,77,ms,firefox,,1793919375,2023-11-11 07:02:51,74.27982190618786,aaf5dc6ea6f265eecd30585540f7d7c7031ef981,1330674,,,,,,,,,,,,,,,,,,,,,,,,,,,,,,,,,,,,,,,,,,,,,,,,,,,,,,,,,,,,,TN,TN
autoland,4769114,12,1a03ada32d4ae63ebeeb4561891b61c1e6e17a68,windows10-64-shippable-qr,True,False,,,102210fe594ee9b33d82058545b1ed14f4c8206e,browser-toolbox.close-process.DAMP,damp,True,damp browser-toolbox.close-process.DAMP opt e10s fission stylo webrender-sw,4768818,77,ms,firefox,,1792341411,2023-11-11 08:27:10,73.60479122855759,29fb30143955ee92cd789fd467326c47f82f7968,1330680,,,,,,,,,,,,,,,,,,,,,,,,,,,,,,,,,,,,,,,,,,,,,,,,,,,,,,,,,,,,,TN,TN
autoland,4769114,12,1a03ada32d4ae63ebeeb4561891b61c1e6e17a68,windows10-64-shippable-qr,True,False,,,102210fe594ee9b33d82058545b1ed14f4c8206e,browser-toolbox.close-process.DAMP,damp,True,damp browser-toolbox.close-process.DAMP opt e10s fission stylo webrender-sw,4768818,77,ms,firefox,,1792472876,2023-11-11 12:34:55,68.97279706616246,81243364a707b159122b0c5ee8e682567162117c,1330712,,,,,,,,,,,,,,,,,,,,,,,,,,,,,,,,,,,,,,,,,,,,,,,,,,,,,,,,,,,,,TN,TN
autoland,4769114,12,1a03ada32d4ae63ebeeb4561891b61c1e6e17a68,windows10-64-shippable-qr,True,False,,,102210fe594ee9b33d82058545b1ed14f4c8206e,browser-toolbox.close-process.DAMP,damp,True,damp browser-toolbox.close-process.DAMP opt e10s fission stylo webrender-sw,4768818,77,ms,firefox,,1792734440,2023-11-11 23:06:06,73.5500072191935,3c8320ef59532128e1a7589968f497f0efcabbaf,1330750,,,,,,,,,,,,,,,,,,,,,,,,,,,,,,,,,,,,,,,,,,,,,,,,,,,,,,,,,,,,,TN,TN
autoland,4769114,12,1a03ada32d4ae63ebeeb4561891b61c1e6e17a68,windows10-64-shippable-qr,True,False,,,102210fe594ee9b33d82058545b1ed14f4c8206e,browser-toolbox.close-process.DAMP,damp,True,damp browser-toolbox.close-process.DAMP opt e10s fission stylo webrender-sw,4768818,77,ms,firefox,,1792791642,2023-11-12 05:45:19,68.87681175496255,43bee97ffb8cfcea7412fb86386ea2cb2a1b9b49,1330766,,,,,,,,,,,,,,,,,,,,,,,,,,,,,,,,,,,,,,,,,,,,,,,,,,,,,,,,,,,,,TN,TN
autoland,4769114,12,1a03ada32d4ae63ebeeb4561891b61c1e6e17a68,windows10-64-shippable-qr,True,False,,,102210fe594ee9b33d82058545b1ed14f4c8206e,browser-toolbox.close-process.DAMP,damp,True,damp browser-toolbox.close-process.DAMP opt e10s fission stylo webrender-sw,4768818,77,ms,firefox,,1793080620,2023-11-13 00:59:12,68.89531430693387,211dc86c8f534a950af69434fa996976b566a6a0,1330865,,,,,,,,,,,,,,,,,,,,,,,,,,,,,,,,,,,,,,,,,,,,,,,,,,,,,,,,,,,,,TN,TN
autoland,4769114,12,1a03ada32d4ae63ebeeb4561891b61c1e6e17a68,windows10-64-shippable-qr,True,False,,,102210fe594ee9b33d82058545b1ed14f4c8206e,browser-toolbox.close-process.DAMP,damp,True,damp browser-toolbox.close-process.DAMP opt e10s fission stylo webrender-sw,4768818,77,ms,firefox,,1793271554,2023-11-13 10:08:58,75.46882253352669,25308a5c7e551cda7c3cfd77836eff8610462eae,1330949,,,,,,,,,,,,,,,,,,,,,,,,,,,,,,,,,,,,,,,,,,,,,,,,,,,,,,,,,,,,,TN,TN
autoland,4769114,12,1a03ada32d4ae63ebeeb4561891b61c1e6e17a68,windows10-64-shippable-qr,True,False,,,102210fe594ee9b33d82058545b1ed14f4c8206e,browser-toolbox.close-process.DAMP,damp,True,damp browser-toolbox.close-process.DAMP opt e10s fission stylo webrender-sw,4768818,77,ms,firefox,,1793448751,2023-11-13 14:09:58,74.81749769343878,54d191b31d03235c75592d07a8c538749933a18f,1331049,,,,,,,,,,,,,,,,,,,,,,,,,,,,,,,,,,,,,,,,,,,,,,,,,,,,,,,,,,,,,TN,TN
autoland,4769114,12,1a03ada32d4ae63ebeeb4561891b61c1e6e17a68,windows10-64-shippable-qr,True,False,,,102210fe594ee9b33d82058545b1ed14f4c8206e,browser-toolbox.close-process.DAMP,damp,True,damp browser-toolbox.close-process.DAMP opt e10s fission stylo webrender-sw,4768818,77,ms,firefox,,1793407464,2023-11-13 15:01:04,75.80141639659269,70f361f21a24a6e9fc53cb014e28172d360fa851,1331086,,,,,,,,,,,,,,,,,,,,,,,,,,,,,,,,,,,,,,,,,,,,,,,,,,,,,,,,,,,,,TN,TN
autoland,4769114,12,1a03ada32d4ae63ebeeb4561891b61c1e6e17a68,windows10-64-shippable-qr,True,False,,,102210fe594ee9b33d82058545b1ed14f4c8206e,browser-toolbox.close-process.DAMP,damp,True,damp browser-toolbox.close-process.DAMP opt e10s fission stylo webrender-sw,4768818,77,ms,firefox,,1793573872,2023-11-13 18:41:52,74.01049122669792,9850dc0fc0707517b3a304d673f219842e499cac,1331218,,,,,,,,,,,,,,,,,,,,,,,,,,,,,,,,,,,,,,,,,,,,,,,,,,,,,,,,,,,,,TN,TN
autoland,4769114,12,1a03ada32d4ae63ebeeb4561891b61c1e6e17a68,windows10-64-shippable-qr,True,False,,,102210fe594ee9b33d82058545b1ed14f4c8206e,browser-toolbox.close-process.DAMP,damp,True,damp browser-toolbox.close-process.DAMP opt e10s fission stylo webrender-sw,4768818,77,ms,firefox,,1793711771,2023-11-13 22:35:59,76.0461783118808,9d523f46c7d8642d6601894c5166ddcd17b6388a,1331378,,,,,,,,,,,,,,,,,,,,,,,,,,,,,,,,,,,,,,,,,,,,,,,,,,,,,,,,,,,,,TN,TN
autoland,4769114,12,1a03ada32d4ae63ebeeb4561891b61c1e6e17a68,windows10-64-shippable-qr,True,False,,,102210fe594ee9b33d82058545b1ed14f4c8206e,browser-toolbox.close-process.DAMP,damp,True,damp browser-toolbox.close-process.DAMP opt e10s fission stylo webrender-sw,4768818,77,ms,firefox,,1795637572,2023-11-14 01:07:23,75.13215557546937,07fec736c4e75b4eb83c6d8168890dd39f6de50c,1331448,,,,,,,,,,,,,,,,,,,,,,,,,,,,,,,,,,,,,,,,,,,,,,,,,,,,,,,,,,,,,TN,TN
autoland,4769114,12,1a03ada32d4ae63ebeeb4561891b61c1e6e17a68,windows10-64-shippable-qr,True,False,,,102210fe594ee9b33d82058545b1ed14f4c8206e,browser-toolbox.close-process.DAMP,damp,True,damp browser-toolbox.close-process.DAMP opt e10s fission stylo webrender-sw,4768818,77,ms,firefox,,1795637835,2023-11-14 02:10:55,76.36301389500295,d59f9cc1a49d6f370420cc8e5fd8c1cac1bf5f4b,1331463,,,,,,,,,,,,,,,,,,,,,,,,,,,,,,,,,,,,,,,,,,,,,,,,,,,,,,,,,,,,,TN,TN
autoland,4769114,12,1a03ada32d4ae63ebeeb4561891b61c1e6e17a68,windows10-64-shippable-qr,True,False,,,102210fe594ee9b33d82058545b1ed14f4c8206e,browser-toolbox.close-process.DAMP,damp,True,damp browser-toolbox.close-process.DAMP opt e10s fission stylo webrender-sw,4768818,77,ms,firefox,,1795637656,2023-11-14 02:14:44,75.88367771584308,d480c0708b8f8bbbd277a6b9c4878502aa102c65,1331464,,,,,,,,,,,,,,,,,,,,,,,,,,,,,,,,,,,,,,,,,,,,,,,,,,,,,,,,,,,,,TN,TN
autoland,4769114,12,1a03ada32d4ae63ebeeb4561891b61c1e6e17a68,windows10-64-shippable-qr,True,False,,,102210fe594ee9b33d82058545b1ed14f4c8206e,browser-toolbox.close-process.DAMP,damp,True,damp browser-toolbox.close-process.DAMP opt e10s fission stylo webrender-sw,4768818,77,ms,firefox,,1795638406,2023-11-14 02:34:47,77.36616735244752,b6c4e5d85bca72018513c1ac409ad3d7beddc281,1331468,,,,,,,,,,,,,,,,,,,,,,,,,,,,,,,,,,,,,,,,,,,,,,,,,,,,,,,,,,,,,TN,TN
autoland,4769114,12,1a03ada32d4ae63ebeeb4561891b61c1e6e17a68,windows10-64-shippable-qr,True,False,,,102210fe594ee9b33d82058545b1ed14f4c8206e,browser-toolbox.close-process.DAMP,damp,True,damp browser-toolbox.close-process.DAMP opt e10s fission stylo webrender-sw,4768818,77,ms,firefox,,1793770545,2023-11-14 03:20:13,74.5984636573412,2628fd55e661366941f56769829687c53da4669b,1331480,,,,,,,,,,,,,,,,,,,,,,,,,,,,,,,,,,,,,,,,,,,,,,,,,,,,,,,,,,,,,TN,TN
autoland,4769114,12,1a03ada32d4ae63ebeeb4561891b61c1e6e17a68,windows10-64-shippable-qr,True,False,,,102210fe594ee9b33d82058545b1ed14f4c8206e,browser-toolbox.close-process.DAMP,damp,True,damp browser-toolbox.close-process.DAMP opt e10s fission stylo webrender-sw,4768818,77,ms,firefox,,1795638328,2023-11-14 04:52:40,75.84518472122,7519c7ad189bf4e5fffc4bd9d166df59e5984d22,1331493,,,,,,,,,,,,,,,,,,,,,,,,,,,,,,,,,,,,,,,,,,,,,,,,,,,,,,,,,,,,,TN,TN
autoland,4769114,12,1a03ada32d4ae63ebeeb4561891b61c1e6e17a68,windows10-64-shippable-qr,True,False,,,102210fe594ee9b33d82058545b1ed14f4c8206e,browser-toolbox.close-process.DAMP,damp,True,damp browser-toolbox.close-process.DAMP opt e10s fission stylo webrender-sw,4768818,77,ms,firefox,,1795638926,2023-11-14 05:00:28,73.54340142369256,bcab6edcc8928dc30211c9d880f5b712ed5aa97f,1331494,,,,,,,,,,,,,,,,,,,,,,,,,,,,,,,,,,,,,,,,,,,,,,,,,,,,,,,,,,,,,TN,TN
autoland,4769114,12,1a03ada32d4ae63ebeeb4561891b61c1e6e17a68,windows10-64-shippable-qr,True,False,,,102210fe594ee9b33d82058545b1ed14f4c8206e,browser-toolbox.close-process.DAMP,damp,True,damp browser-toolbox.close-process.DAMP opt e10s fission stylo webrender-sw,4768818,77,ms,firefox,,1795639316,2023-11-14 05:45:25,74.74865045219485,81c46dfe35a0d3afc98d4c47ed0c0718053f2118,1331505,,,,,,,,,,,,,,,,,,,,,,,,,,,,,,,,,,,,,,,,,,,,,,,,,,,,,,,,,,,,,TN,TN
autoland,4769114,12,1a03ada32d4ae63ebeeb4561891b61c1e6e17a68,windows10-64-shippable-qr,True,False,,,102210fe594ee9b33d82058545b1ed14f4c8206e,browser-toolbox.close-process.DAMP,damp,True,damp browser-toolbox.close-process.DAMP opt e10s fission stylo webrender-sw,4768818,77,ms,firefox,,1795639433,2023-11-14 05:59:14,73.76806889739964,839befe903d4f2831853f5ce1f07f4dc74fa823d,1331508,,,,,,,,,,,,,,,,,,,,,,,,,,,,,,,,,,,,,,,,,,,,,,,,,,,,,,,,,,,,,TN,TN
autoland,4769114,12,1a03ada32d4ae63ebeeb4561891b61c1e6e17a68,windows10-64-shippable-qr,True,False,,,102210fe594ee9b33d82058545b1ed14f4c8206e,browser-toolbox.close-process.DAMP,damp,True,damp browser-toolbox.close-process.DAMP opt e10s fission stylo webrender-sw,4768818,77,ms,firefox,,1793885701,2023-11-14 06:06:45,73.50105096586776,acdcddac0b907d2e59d6d0fa1f96fff98453093a,1331509,,,,,,,,,,,,,,,,,,,,,,,,,,,,,,,,,,,,,,,,,,,,,,,,,,,,,,,,,,,,,TN,TN
autoland,4769114,12,1a03ada32d4ae63ebeeb4561891b61c1e6e17a68,windows10-64-shippable-qr,True,False,,,102210fe594ee9b33d82058545b1ed14f4c8206e,browser-toolbox.close-process.DAMP,damp,True,damp browser-toolbox.close-process.DAMP opt e10s fission stylo webrender-sw,4768818,77,ms,firefox,,1795825884,2023-11-14 16:30:56,74.7178539148299,18a17082b11e0b32aa58737dbfd369381d8e4404,1331825,,,,,,,,,,,,,,,,,,,,,,,,,,,,,,,,,,,,,,,,,,,,,,,,,,,,,,,,,,,,,TN,TN
autoland,4769114,12,1a03ada32d4ae63ebeeb4561891b61c1e6e17a68,windows10-64-shippable-qr,True,False,,,102210fe594ee9b33d82058545b1ed14f4c8206e,browser-toolbox.close-process.DAMP,damp,True,damp browser-toolbox.close-process.DAMP opt e10s fission stylo webrender-sw,4768818,77,ms,firefox,,1795813181,2023-11-14 17:06:45,69.8890597831778,c86be1bd3b8dac7ea84d676ccbbf25ffd5d09a77,1331846,,,,,,,,,,,,,,,,,,,,,,,,,,,,,,,,,,,,,,,,,,,,,,,,,,,,,,,,,,,,,TN,TN
autoland,4769114,12,1a03ada32d4ae63ebeeb4561891b61c1e6e17a68,windows10-64-shippable-qr,True,False,,,102210fe594ee9b33d82058545b1ed14f4c8206e,browser-toolbox.close-process.DAMP,damp,True,damp browser-toolbox.close-process.DAMP opt e10s fission stylo webrender-sw,4768818,77,ms,firefox,,1795811554,2023-11-14 17:20:09,76.1591336688507,bb87f8afbd7c1c329791b20e173ba4723b1d944a,1331853,,,,,,,,,,,,,,,,,,,,,,,,,,,,,,,,,,,,,,,,,,,,,,,,,,,,,,,,,,,,,TN,TN
autoland,4769114,12,1a03ada32d4ae63ebeeb4561891b61c1e6e17a68,windows10-64-shippable-qr,True,False,,,102210fe594ee9b33d82058545b1ed14f4c8206e,browser-toolbox.close-process.DAMP,damp,True,damp browser-toolbox.close-process.DAMP opt e10s fission stylo webrender-sw,4768818,77,ms,firefox,,1795811400,2023-11-14 17:20:09,76.00587502833514,bb87f8afbd7c1c329791b20e173ba4723b1d944a,1331853,,,,,,,,,,,,,,,,,,,,,,,,,,,,,,,,,,,,,,,,,,,,,,,,,,,,,,,,,,,,,TN,TN
autoland,4769114,12,1a03ada32d4ae63ebeeb4561891b61c1e6e17a68,windows10-64-shippable-qr,True,False,,,102210fe594ee9b33d82058545b1ed14f4c8206e,browser-toolbox.close-process.DAMP,damp,True,damp browser-toolbox.close-process.DAMP opt e10s fission stylo webrender-sw,4768818,77,ms,firefox,,1795811970,2023-11-14 17:21:01,74.74679863084748,a0d3e9db432a201fd6107ebeba4d6b5f2767f0e0,1331854,,,,,,,,,,,,,,,,,,,,,,,,,,,,,,,,,,,,,,,,,,,,,,,,,,,,,,,,,,,,,TN,TN
autoland,4769114,12,1a03ada32d4ae63ebeeb4561891b61c1e6e17a68,windows10-64-shippable-qr,True,False,,,102210fe594ee9b33d82058545b1ed14f4c8206e,browser-toolbox.close-process.DAMP,damp,True,damp browser-toolbox.close-process.DAMP opt e10s fission stylo webrender-sw,4768818,77,ms,firefox,,1795800761,2023-11-14 17:21:52,73.15320303074259,f768135b85f29ef20a22825a054d1a6938475ba5,1331856,,,,,,,,,,,,,,,,,,,,,,,,,,,,,,,,,,,,,,,,,,,,,,,,,,,,,,,,,,,,,TN,TN
autoland,4769114,12,1a03ada32d4ae63ebeeb4561891b61c1e6e17a68,windows10-64-shippable-qr,True,False,,,102210fe594ee9b33d82058545b1ed14f4c8206e,browser-toolbox.close-process.DAMP,damp,True,damp browser-toolbox.close-process.DAMP opt e10s fission stylo webrender-sw,4768818,77,ms,firefox,,1795638736,2023-11-14 17:22:49,76.4371496214153,ea21f63481837ae2ddd436b3849aeb13a03b31d2,1331857,,,,,,,,,,,,,,,,,,,,,,,,,,,,,,,,,,,,,,,,,,,,,,,,,,,,,,,,,,,,,TN,TN
autoland,4769114,12,1a03ada32d4ae63ebeeb4561891b61c1e6e17a68,windows10-64-shippable-qr,True,False,,,102210fe594ee9b33d82058545b1ed14f4c8206e,browser-toolbox.close-process.DAMP,damp,True,damp browser-toolbox.close-process.DAMP opt e10s fission stylo webrender-sw,4768818,77,ms,firefox,,1795639028,2023-11-14 17:24:31,75.15512749314075,30d4156d4c466847bcf67b44d5b45f0c41e33774,1331859,,,,,,,,,,,,,,,,,,,,,,,,,,,,,,,,,,,,,,,,,,,,,,,,,,,,,,,,,,,,,TN,TN
autoland,4769114,12,1a03ada32d4ae63ebeeb4561891b61c1e6e17a68,windows10-64-shippable-qr,True,False,,,102210fe594ee9b33d82058545b1ed14f4c8206e,browser-toolbox.close-process.DAMP,damp,True,damp browser-toolbox.close-process.DAMP opt e10s fission stylo webrender-sw,4768818,77,ms,firefox,,1795639210,2023-11-14 17:25:30,74.90339411681634,45c7b95c532301a2e5206583f6d85e16dc4f5694,1331861,,,,,,,,,,,,,,,,,,,,,,,,,,,,,,,,,,,,,,,,,,,,,,,,,,,,,,,,,,,,,TN,TN
autoland,4769114,12,1a03ada32d4ae63ebeeb4561891b61c1e6e17a68,windows10-64-shippable-qr,True,False,,,102210fe594ee9b33d82058545b1ed14f4c8206e,browser-toolbox.close-process.DAMP,damp,True,damp browser-toolbox.close-process.DAMP opt e10s fission stylo webrender-sw,4768818,77,ms,firefox,,1795639506,2023-11-14 17:26:26,74.02348716673441,61e622def2f666f6a590b260226abb773eb8d24d,1331862,,,,,,,,,,,,,,,,,,,,,,,,,,,,,,,,,,,,,,,,,,,,,,,,,,,,,,,,,,,,,TN,TN
autoland,4769114,12,1a03ada32d4ae63ebeeb4561891b61c1e6e17a68,windows10-64-shippable-qr,True,False,,,102210fe594ee9b33d82058545b1ed14f4c8206e,browser-toolbox.close-process.DAMP,damp,True,damp browser-toolbox.close-process.DAMP opt e10s fission stylo webrender-sw,4768818,77,ms,firefox,,1795639937,2023-11-14 17:27:22,73.3548145961031,4709e5a4cb51ac6f239cf0ddb94add1180095c52,1331863,,,,,,,,,,,,,,,,,,,,,,,,,,,,,,,,,,,,,,,,,,,,,,,,,,,,,,,,,,,,,TN,TN
autoland,4769114,12,1a03ada32d4ae63ebeeb4561891b61c1e6e17a68,windows10-64-shippable-qr,True,False,,,102210fe594ee9b33d82058545b1ed14f4c8206e,browser-toolbox.close-process.DAMP,damp,True,damp browser-toolbox.close-process.DAMP opt e10s fission stylo webrender-sw,4768818,77,ms,firefox,,1795639593,2023-11-14 17:28:13,74.0956728557212,6e3468f3239c5e5e8e90f07f6890e5dee6c977e8,1331866,,,,,,,,,,,,,,,,,,,,,,,,,,,,,,,,,,,,,,,,,,,,,,,,,,,,,,,,,,,,,TN,TN
autoland,4769114,12,1a03ada32d4ae63ebeeb4561891b61c1e6e17a68,windows10-64-shippable-qr,True,False,,,102210fe594ee9b33d82058545b1ed14f4c8206e,browser-toolbox.close-process.DAMP,damp,True,damp browser-toolbox.close-process.DAMP opt e10s fission stylo webrender-sw,4768818,77,ms,firefox,,1795639710,2023-11-14 17:55:36,75.50075332305278,011100eb7c154c46d79d941ed45a74c3f17eeac8,1331884,,,,,,,,,,,,,,,,,,,,,,,,,,,,,,,,,,,,,,,,,,,,,,,,,,,,,,,,,,,,,TN,TN
autoland,4769114,12,1a03ada32d4ae63ebeeb4561891b61c1e6e17a68,windows10-64-shippable-qr,True,False,,,102210fe594ee9b33d82058545b1ed14f4c8206e,browser-toolbox.close-process.DAMP,damp,True,damp browser-toolbox.close-process.DAMP opt e10s fission stylo webrender-sw,4768818,77,ms,firefox,,1795639654,2023-11-14 18:30:36,74.3997130063799,fb7b6fc608af4116fcc99a1003dfafc5bb78818a,1331903,,,,,,,,,,,,,,,,,,,,,,,,,,,,,,,,,,,,,,,,,,,,,,,,,,,,,,,,,,,,,TN,TN
autoland,4769114,12,1a03ada32d4ae63ebeeb4561891b61c1e6e17a68,windows10-64-shippable-qr,True,False,,,102210fe594ee9b33d82058545b1ed14f4c8206e,browser-toolbox.close-process.DAMP,damp,True,damp browser-toolbox.close-process.DAMP opt e10s fission stylo webrender-sw,4768818,77,ms,firefox,,1795639857,2023-11-14 18:31:37,76.44442199228797,2eaa5bb6d57fe2d073702a67ab5ba6d092b70315,1331905,,,,,,,,,,,,,,,,,,,,,,,,,,,,,,,,,,,,,,,,,,,,,,,,,,,,,,,,,,,,,TN,TN
autoland,4769114,12,1a03ada32d4ae63ebeeb4561891b61c1e6e17a68,windows10-64-shippable-qr,True,False,,,102210fe594ee9b33d82058545b1ed14f4c8206e,browser-toolbox.close-process.DAMP,damp,True,damp browser-toolbox.close-process.DAMP opt e10s fission stylo webrender-sw,4768818,77,ms,firefox,,1794246193,2023-11-14 18:32:45,75.57604315820208,cee24679e2a2e085bdefdbd66106fa1a805db56d,1331906,,,,,,,,,,,,,,,,,,,,,,,,,,,,,,,,,,,,,,,,,,,,,,,,,,,,,,,,,,,,,TN,TN
autoland,4769114,12,1a03ada32d4ae63ebeeb4561891b61c1e6e17a68,windows10-64-shippable-qr,True,False,,,102210fe594ee9b33d82058545b1ed14f4c8206e,browser-toolbox.close-process.DAMP,damp,True,damp browser-toolbox.close-process.DAMP opt e10s fission stylo webrender-sw,4768818,77,ms,firefox,,1795640018,2023-11-14 19:02:02,75.20345183750032,9789c50c44328c0a15cc252dce0faea2ec27bc89,1331928,,,,,,,,,,,,,,,,,,,,,,,,,,,,,,,,,,,,,,,,,,,,,,,,,,,,,,,,,,,,,TN,TN
autoland,4769114,12,1a03ada32d4ae63ebeeb4561891b61c1e6e17a68,windows10-64-shippable-qr,True,False,,,102210fe594ee9b33d82058545b1ed14f4c8206e,browser-toolbox.close-process.DAMP,damp,True,damp browser-toolbox.close-process.DAMP opt e10s fission stylo webrender-sw,4768818,77,ms,firefox,,1795639772,2023-11-14 19:50:03,74.26873537598294,b38cb7d8dc8e1294b0795f422458add5a126ea3b,1331947,,,,,,,,,,,,,,,,,,,,,,,,,,,,,,,,,,,,,,,,,,,,,,,,,,,,,,,,,,,,,TN,TN
autoland,4769114,12,1a03ada32d4ae63ebeeb4561891b61c1e6e17a68,windows10-64-shippable-qr,True,False,,,102210fe594ee9b33d82058545b1ed14f4c8206e,browser-toolbox.close-process.DAMP,damp,True,damp browser-toolbox.close-process.DAMP opt e10s fission stylo webrender-sw,4768818,77,ms,firefox,,1795640145,2023-11-14 20:05:19,78.16870664431917,c10e40e5aa6ecad20ba4754f4af99f6b09499b1f,1331954,,,,,,,,,,,,,,,,,,,,,,,,,,,,,,,,,,,,,,,,,,,,,,,,,,,,,,,,,,,,,TN,TN
autoland,4769114,12,1a03ada32d4ae63ebeeb4561891b61c1e6e17a68,windows10-64-shippable-qr,True,False,,,102210fe594ee9b33d82058545b1ed14f4c8206e,browser-toolbox.close-process.DAMP,damp,True,damp browser-toolbox.close-process.DAMP opt e10s fission stylo webrender-sw,4768818,77,ms,firefox,,1795640245,2023-11-14 20:06:10,76.74522909785446,0408d1b0f762c4c3371da7f229b56f85e66ce39c,1331955,,,,,,,,,,,,,,,,,,,,,,,,,,,,,,,,,,,,,,,,,,,,,,,,,,,,,,,,,,,,,TN,TN
autoland,4769114,12,1a03ada32d4ae63ebeeb4561891b61c1e6e17a68,windows10-64-shippable-qr,True,False,,,102210fe594ee9b33d82058545b1ed14f4c8206e,browser-toolbox.close-process.DAMP,damp,True,damp browser-toolbox.close-process.DAMP opt e10s fission stylo webrender-sw,4768818,77,ms,firefox,,1795640088,2023-11-14 20:07:01,75.66345039263251,6ba0cc66b64827bf81cb74f0545cea1a78041097,1331956,,,,,,,,,,,,,,,,,,,,,,,,,,,,,,,,,,,,,,,,,,,,,,,,,,,,,,,,,,,,,TN,TN
autoland,4769114,12,1a03ada32d4ae63ebeeb4561891b61c1e6e17a68,windows10-64-shippable-qr,True,False,,,102210fe594ee9b33d82058545b1ed14f4c8206e,browser-toolbox.close-process.DAMP,damp,True,damp browser-toolbox.close-process.DAMP opt e10s fission stylo webrender-sw,4768818,77,ms,firefox,,1795640323,2023-11-14 20:07:54,75.44104570971103,2b0cdf8046856c974b408bb0666f00640c7c2c9c,1331958,,,,,,,,,,,,,,,,,,,,,,,,,,,,,,,,,,,,,,,,,,,,,,,,,,,,,,,,,,,,,TN,TN
autoland,4769114,12,1a03ada32d4ae63ebeeb4561891b61c1e6e17a68,windows10-64-shippable-qr,True,False,,,102210fe594ee9b33d82058545b1ed14f4c8206e,browser-toolbox.close-process.DAMP,damp,True,damp browser-toolbox.close-process.DAMP opt e10s fission stylo webrender-sw,4768818,77,ms,firefox,,1795640427,2023-11-14 20:08:50,75.37906792740978,2cb4b1085bafe115fbe0a095a5730164d4d423de,1331961,,,,,,,,,,,,,,,,,,,,,,,,,,,,,,,,,,,,,,,,,,,,,,,,,,,,,,,,,,,,,TN,TN
autoland,4769114,12,1a03ada32d4ae63ebeeb4561891b61c1e6e17a68,windows10-64-shippable-qr,True,False,,,102210fe594ee9b33d82058545b1ed14f4c8206e,browser-toolbox.close-process.DAMP,damp,True,damp browser-toolbox.close-process.DAMP opt e10s fission stylo webrender-sw,4768818,77,ms,firefox,,1795640696,2023-11-14 20:09:47,74.02233683427039,77d5eb0444c869e8c148c11266bd305091df369e,1331962,,,,,,,,,,,,,,,,,,,,,,,,,,,,,,,,,,,,,,,,,,,,,,,,,,,,,,,,,,,,,TN,TN
autoland,4769114,12,1a03ada32d4ae63ebeeb4561891b61c1e6e17a68,windows10-64-shippable-qr,True,False,,,102210fe594ee9b33d82058545b1ed14f4c8206e,browser-toolbox.close-process.DAMP,damp,True,damp browser-toolbox.close-process.DAMP opt e10s fission stylo webrender-sw,4768818,77,ms,firefox,,1795640639,2023-11-14 20:10:48,75.87299279245781,d5bccc7a9f0eed772c0a6a0497e316cd74b65b2e,1331965,,,,,,,,,,,,,,,,,,,,,,,,,,,,,,,,,,,,,,,,,,,,,,,,,,,,,,,,,,,,,TN,TN
autoland,4769114,12,1a03ada32d4ae63ebeeb4561891b61c1e6e17a68,windows10-64-shippable-qr,True,False,,,102210fe594ee9b33d82058545b1ed14f4c8206e,browser-toolbox.close-process.DAMP,damp,True,damp browser-toolbox.close-process.DAMP opt e10s fission stylo webrender-sw,4768818,77,ms,firefox,,1794364887,2023-11-14 20:17:49,72.81682309405005,45f7ef4749636f24bbab519e5d4e3851950ccacc,1331971,,,,,,,,,,,,,,,,,,,,,,,,,,,,,,,,,,,,,,,,,,,,,,,,,,,,,,,,,,,,,TN,TN
autoland,4769114,12,1a03ada32d4ae63ebeeb4561891b61c1e6e17a68,windows10-64-shippable-qr,True,False,,,102210fe594ee9b33d82058545b1ed14f4c8206e,browser-toolbox.close-process.DAMP,damp,True,damp browser-toolbox.close-process.DAMP opt e10s fission stylo webrender-sw,4768818,77,ms,firefox,,1795640541,2023-11-14 21:07:55,75.74940445976245,6077a81303d4c49fe0b255550ecf61a853a30877,1331997,,,,,,,,,,,,,,,,,,,,,,,,,,,,,,,,,,,,,,,,,,,,,,,,,,,,,,,,,,,,,TN,TN
autoland,4769114,12,1a03ada32d4ae63ebeeb4561891b61c1e6e17a68,windows10-64-shippable-qr,True,False,,,102210fe594ee9b33d82058545b1ed14f4c8206e,browser-toolbox.close-process.DAMP,damp,True,damp browser-toolbox.close-process.DAMP opt e10s fission stylo webrender-sw,4768818,77,ms,firefox,,1795640753,2023-11-14 21:09:56,73.30822255639941,eef52bbbb45756bf52fffe9cbee2aeaf80eae635,1332001,,,,,,,,,,,,,,,,,,,,,,,,,,,,,,,,,,,,,,,,,,,,,,,,,,,,,,,,,,,,,TN,TN
autoland,4769114,12,1a03ada32d4ae63ebeeb4561891b61c1e6e17a68,windows10-64-shippable-qr,True,False,,,102210fe594ee9b33d82058545b1ed14f4c8206e,browser-toolbox.close-process.DAMP,damp,True,damp browser-toolbox.close-process.DAMP opt e10s fission stylo webrender-sw,4768818,77,ms,firefox,,1795643133,2023-11-14 21:47:42,72.60222351702396,194d0db1a1cb82b7d93c6e721005f1c41e057021,1332031,,,,,,,,,,,,,,,,,,,,,,,,,,,,,,,,,,,,,,,,,,,,,,,,,,,,,,,,,,,,,TN,TN
autoland,4769114,12,1a03ada32d4ae63ebeeb4561891b61c1e6e17a68,windows10-64-shippable-qr,True,False,,,102210fe594ee9b33d82058545b1ed14f4c8206e,browser-toolbox.close-process.DAMP,damp,True,damp browser-toolbox.close-process.DAMP opt e10s fission stylo webrender-sw,4768818,77,ms,firefox,,1795640888,2023-11-14 22:33:15,76.24549098743591,66ba60ec2937fa3f898a62529a50540af679e5fd,1332065,,,,,,,,,,,,,,,,,,,,,,,,,,,,,,,,,,,,,,,,,,,,,,,,,,,,,,,,,,,,,TN,TN
autoland,4769114,12,1a03ada32d4ae63ebeeb4561891b61c1e6e17a68,windows10-64-shippable-qr,True,False,,,102210fe594ee9b33d82058545b1ed14f4c8206e,browser-toolbox.close-process.DAMP,damp,True,damp browser-toolbox.close-process.DAMP opt e10s fission stylo webrender-sw,4768818,77,ms,firefox,,1795650909,2023-11-14 22:39:45,73.80081735807471,26e524cc8e01d08e442ffb0b93be5945aad75ddd,1332067,,,,,,,,,,,,,,,,,,,,,,,,,,,,,,,,,,,,,,,,,,,,,,,,,,,,,,,,,,,,,TN,TN
autoland,4769114,12,1a03ada32d4ae63ebeeb4561891b61c1e6e17a68,windows10-64-shippable-qr,True,False,,,102210fe594ee9b33d82058545b1ed14f4c8206e,browser-toolbox.close-process.DAMP,damp,True,damp browser-toolbox.close-process.DAMP opt e10s fission stylo webrender-sw,4768818,77,ms,firefox,,1795650362,2023-11-14 22:44:36,71.5367742983799,a9fd21fa2333d85148b339c24763ebc25a60412d,1332070,,,,,,,,,,,,,,,,,,,,,,,,,,,,,,,,,,,,,,,,,,,,,,,,,,,,,,,,,,,,,TN,TN
autoland,4769114,12,1a03ada32d4ae63ebeeb4561891b61c1e6e17a68,windows10-64-shippable-qr,True,False,,,102210fe594ee9b33d82058545b1ed14f4c8206e,browser-toolbox.close-process.DAMP,damp,True,damp browser-toolbox.close-process.DAMP opt e10s fission stylo webrender-sw,4768818,77,ms,firefox,,1795648628,2023-11-14 22:48:55,74.72648139344528,e945c4081dc9af04639f381bbb9dca88365ae23c,1332072,,,,,,,,,,,,,,,,,,,,,,,,,,,,,,,,,,,,,,,,,,,,,,,,,,,,,,,,,,,,,TN,TN
autoland,4769114,12,1a03ada32d4ae63ebeeb4561891b61c1e6e17a68,windows10-64-shippable-qr,True,False,,,102210fe594ee9b33d82058545b1ed14f4c8206e,browser-toolbox.close-process.DAMP,damp,True,damp browser-toolbox.close-process.DAMP opt e10s fission stylo webrender-sw,4768818,77,ms,firefox,,1795651072,2023-11-14 22:50:23,72.75425974958489,ffb4f207949a7edcb49c4854390cff03b794227d,1332073,,,,,,,,,,,,,,,,,,,,,,,,,,,,,,,,,,,,,,,,,,,,,,,,,,,,,,,,,,,,,TN,TN
autoland,4769114,12,1a03ada32d4ae63ebeeb4561891b61c1e6e17a68,windows10-64-shippable-qr,True,False,,,102210fe594ee9b33d82058545b1ed14f4c8206e,browser-toolbox.close-process.DAMP,damp,True,damp browser-toolbox.close-process.DAMP opt e10s fission stylo webrender-sw,4768818,77,ms,firefox,,1795640832,2023-11-15 00:09:54,74.62425981776323,1bf9a382494197836fecd7b3d834be1ac11ccfa0,1332092,,,,,,,,,,,,,,,,,,,,,,,,,,,,,,,,,,,,,,,,,,,,,,,,,,,,,,,,,,,,,TN,TN
autoland,4769114,12,1a03ada32d4ae63ebeeb4561891b61c1e6e17a68,windows10-64-shippable-qr,True,False,,,102210fe594ee9b33d82058545b1ed14f4c8206e,browser-toolbox.close-process.DAMP,damp,True,damp browser-toolbox.close-process.DAMP opt e10s fission stylo webrender-sw,4768818,77,ms,firefox,,1794501506,2023-11-15 01:57:11,71.36966709787521,0083ca2f4709e599083520545d538d1ee1b8356d,1332132,,,,,,,,,,,,,,,,,,,,,,,,,,,,,,,,,,,,,,,,,,,,,,,,,,,,,,,,,,,,,TN,TN
autoland,4769114,12,1a03ada32d4ae63ebeeb4561891b61c1e6e17a68,windows10-64-shippable-qr,True,False,,,102210fe594ee9b33d82058545b1ed14f4c8206e,browser-toolbox.close-process.DAMP,damp,True,damp browser-toolbox.close-process.DAMP opt e10s fission stylo webrender-sw,4768818,77,ms,firefox,,1794518996,2023-11-15 03:02:01,77.35748974978924,d9f2158d4d442a658bb2029948eeebd438457667,1332148,,,,,,,,,,,,,,,,,,,,,,,,,,,,,,,,,,,,,,,,,,,,,,,,,,,,,,,,,,,,,TN,TN
autoland,4769114,12,1a03ada32d4ae63ebeeb4561891b61c1e6e17a68,windows10-64-shippable-qr,True,False,,,102210fe594ee9b33d82058545b1ed14f4c8206e,browser-toolbox.close-process.DAMP,damp,True,damp browser-toolbox.close-process.DAMP opt e10s fission stylo webrender-sw,4768818,77,ms,firefox,,1794625461,2023-11-15 07:02:46,74.42615922712139,d12a09b7c773efc37f5d0e37cc52339e25f07b6c,1332195,,,,,,,,,,,,,,,,,,,,,,,,,,,,,,,,,,,,,,,,,,,,,,,,,,,,,,,,,,,,,TN,TN
autoland,4769114,12,1a03ada32d4ae63ebeeb4561891b61c1e6e17a68,windows10-64-shippable-qr,True,False,,,102210fe594ee9b33d82058545b1ed14f4c8206e,browser-toolbox.close-process.DAMP,damp,True,damp browser-toolbox.close-process.DAMP opt e10s fission stylo webrender-sw,4768818,77,ms,firefox,,1794797156,2023-11-15 12:47:49,73.74317674781196,571c293cedd28db6ac86fd553e2810f40e382e80,1332324,,,,,,,,,,,,,,,,,,,,,,,,,,,,,,,,,,,,,,,,,,,,,,,,,,,,,,,,,,,,,TN,TN
autoland,4769114,12,1a03ada32d4ae63ebeeb4561891b61c1e6e17a68,windows10-64-shippable-qr,True,False,,,102210fe594ee9b33d82058545b1ed14f4c8206e,browser-toolbox.close-process.DAMP,damp,True,damp browser-toolbox.close-process.DAMP opt e10s fission stylo webrender-sw,4768818,77,ms,firefox,,1794862464,2023-11-15 15:33:52,74.20127133037022,58fc056d56521455bb36e7bd4fcce81222093c75,1332438,,,,,,,,,,,,,,,,,,,,,,,,,,,,,,,,,,,,,,,,,,,,,,,,,,,,,,,,,,,,,TN,TN
autoland,4769114,12,1a03ada32d4ae63ebeeb4561891b61c1e6e17a68,windows10-64-shippable-qr,True,False,,,102210fe594ee9b33d82058545b1ed14f4c8206e,browser-toolbox.close-process.DAMP,damp,True,damp browser-toolbox.close-process.DAMP opt e10s fission stylo webrender-sw,4768818,77,ms,firefox,,1794873215,2023-11-15 16:43:35,73.7688466910331,a70ee84d8943b9a1eaaf0fb3a0df60a1595f5782,1332515,,,,,,,,,,,,,,,,,,,,,,,,,,,,,,,,,,,,,,,,,,,,,,,,,,,,,,,,,,,,,TN,TN
autoland,4769114,12,1a03ada32d4ae63ebeeb4561891b61c1e6e17a68,windows10-64-shippable-qr,True,False,,,102210fe594ee9b33d82058545b1ed14f4c8206e,browser-toolbox.close-process.DAMP,damp,True,damp browser-toolbox.close-process.DAMP opt e10s fission stylo webrender-sw,4768818,77,ms,firefox,,1795132152,2023-11-15 23:08:22,77.14061117067467,eb78feb610e5d895bd63b81693cde56dd08d82df,1332792,,,,,,,,,,,,,,,,,,,,,,,,,,,,,,,,,,,,,,,,,,,,,,,,,,,,,,,,,,,,,TN,TN
autoland,4769114,12,1a03ada32d4ae63ebeeb4561891b61c1e6e17a68,windows10-64-shippable-qr,True,False,,,102210fe594ee9b33d82058545b1ed14f4c8206e,browser-toolbox.close-process.DAMP,damp,True,damp browser-toolbox.close-process.DAMP opt e10s fission stylo webrender-sw,4768818,77,ms,firefox,,1795306056,2023-11-16 09:33:00,75.38749833604379,ffd7ebdedeacec6717a3e8904121052ebbe61fe6,1332997,,,,,,,,,,,,,,,,,,,,,,,,,,,,,,,,,,,,,,,,,,,,,,,,,,,,,,,,,,,,,TN,TN
autoland,4769114,12,1a03ada32d4ae63ebeeb4561891b61c1e6e17a68,windows10-64-shippable-qr,True,False,,,102210fe594ee9b33d82058545b1ed14f4c8206e,browser-toolbox.close-process.DAMP,damp,True,damp browser-toolbox.close-process.DAMP opt e10s fission stylo webrender-sw,4768818,77,ms,firefox,,1795415271,2023-11-16 13:34:03,73.0132355390815,71ef91d3bf98c6475cfe762c0152d5b31588182c,1333089,,,,,,,,,,,,,,,,,,,,,,,,,,,,,,,,,,,,,,,,,,,,,,,,,,,,,,,,,,,,,TN,TN
autoland,4769114,12,1a03ada32d4ae63ebeeb4561891b61c1e6e17a68,windows10-64-shippable-qr,True,False,,,102210fe594ee9b33d82058545b1ed14f4c8206e,browser-toolbox.close-process.DAMP,damp,True,damp browser-toolbox.close-process.DAMP opt e10s fission stylo webrender-sw,4768818,77,ms,firefox,,1795451548,2023-11-16 15:30:11,75.39062179998291,5dba86b1842a5256c2845d69a7cebd605267d535,1333183,,,,,,,,,,,,,,,,,,,,,,,,,,,,,,,,,,,,,,,,,,,,,,,,,,,,,,,,,,,,,TN,TN
autoland,4769114,12,1a03ada32d4ae63ebeeb4561891b61c1e6e17a68,windows10-64-shippable-qr,True,False,,,102210fe594ee9b33d82058545b1ed14f4c8206e,browser-toolbox.close-process.DAMP,damp,True,damp browser-toolbox.close-process.DAMP opt e10s fission stylo webrender-sw,4768818,77,ms,firefox,,1795550187,2023-11-16 20:27:49,71.30103451431205,53b2405c0e70ae3283dbbba0d568665110f0db23,1333335,,,,,,,,,,,,,,,,,,,,,,,,,,,,,,,,,,,,,,,,,,,,,,,,,,,,,,,,,,,,,TN,TN
autoland,4769114,12,1a03ada32d4ae63ebeeb4561891b61c1e6e17a68,windows10-64-shippable-qr,True,False,,,102210fe594ee9b33d82058545b1ed14f4c8206e,browser-toolbox.close-process.DAMP,damp,True,damp browser-toolbox.close-process.DAMP opt e10s fission stylo webrender-sw,4768818,77,ms,firefox,,1795634081,2023-11-16 23:04:46,75.43153986282414,3b45d04f6865b297c8b2548a2c24424c5e9467e9,1333418,,,,,,,,,,,,,,,,,,,,,,,,,,,,,,,,,,,,,,,,,,,,,,,,,,,,,,,,,,,,,TN,TN
autoland,4769114,12,1a03ada32d4ae63ebeeb4561891b61c1e6e17a68,windows10-64-shippable-qr,True,False,,,102210fe594ee9b33d82058545b1ed14f4c8206e,browser-toolbox.close-process.DAMP,damp,True,damp browser-toolbox.close-process.DAMP opt e10s fission stylo webrender-sw,4768818,77,ms,firefox,,1795788632,2023-11-17 06:40:14,68.69668151810765,8a71397fb808df79e78f3023bf95b46f7cc2d2a4,1333538,,,,,,,,,,,,,,,,,,,,,,,,,,,,,,,,,,,,,,,,,,,,,,,,,,,,,,,,,,,,,TN,TN
autoland,4769114,12,1a03ada32d4ae63ebeeb4561891b61c1e6e17a68,windows10-64-shippable-qr,True,False,,,102210fe594ee9b33d82058545b1ed14f4c8206e,browser-toolbox.close-process.DAMP,damp,True,damp browser-toolbox.close-process.DAMP opt e10s fission stylo webrender-sw,4768818,77,ms,firefox,,1795932653,2023-11-17 10:54:07,75.7917142684455,ff5810792fa57d1b0a1076b4c90b3a83ac0242ca,1333644,,,,,,,,,,,,,,,,,,,,,,,,,,,,,,,,,,,,,,,,,,,,,,,,,,,,,,,,,,,,,TN,TN
autoland,4769114,12,1a03ada32d4ae63ebeeb4561891b61c1e6e17a68,windows10-64-shippable-qr,True,False,,,102210fe594ee9b33d82058545b1ed14f4c8206e,browser-toolbox.close-process.DAMP,damp,True,damp browser-toolbox.close-process.DAMP opt e10s fission stylo webrender-sw,4768818,77,ms,firefox,,1796091502,2023-11-17 15:35:00,71.6576059779618,f3b46286b5bad609725e65f541d6609a1bafcbce,1333770,,,,,,,,,,,,,,,,,,,,,,,,,,,,,,,,,,,,,,,,,,,,,,,,,,,,,,,,,,,,,TN,TN
autoland,4769114,12,1a03ada32d4ae63ebeeb4561891b61c1e6e17a68,windows10-64-shippable-qr,True,False,,,102210fe594ee9b33d82058545b1ed14f4c8206e,browser-toolbox.close-process.DAMP,damp,True,damp browser-toolbox.close-process.DAMP opt e10s fission stylo webrender-sw,4768818,77,ms,firefox,,1796215213,2023-11-17 21:05:40,69.19315161401755,b3bec7a68bb8ccbb4c637b64bec4dc0c806fecb3,1334007,,,,,,,,,,,,,,,,,,,,,,,,,,,,,,,,,,,,,,,,,,,,,,,,,,,,,,,,,,,,,TN,TN
autoland,4769114,12,1a03ada32d4ae63ebeeb4561891b61c1e6e17a68,windows10-64-shippable-qr,True,False,,,102210fe594ee9b33d82058545b1ed14f4c8206e,browser-toolbox.close-process.DAMP,damp,True,damp browser-toolbox.close-process.DAMP opt e10s fission stylo webrender-sw,4768818,77,ms,firefox,,1796278782,2023-11-18 01:23:43,71.28294417404686,391181d97b6bb5b53fe8a1186c8a1a85971812de,1334085,,,,,,,,,,,,,,,,,,,,,,,,,,,,,,,,,,,,,,,,,,,,,,,,,,,,,,,,,,,,,TN,TN
autoland,4769114,12,1a03ada32d4ae63ebeeb4561891b61c1e6e17a68,windows10-64-shippable-qr,True,False,,,102210fe594ee9b33d82058545b1ed14f4c8206e,browser-toolbox.close-process.DAMP,damp,True,damp browser-toolbox.close-process.DAMP opt e10s fission stylo webrender-sw,4768818,77,ms,firefox,,1796444470,2023-11-18 14:15:26,70.27708401814743,2cf1b902ea75e1237bbd69eaf02c889bc2924d10,1334153,,,,,,,,,,,,,,,,,,,,,,,,,,,,,,,,,,,,,,,,,,,,,,,,,,,,,,,,,,,,,TN,TN
autoland,4769114,12,1a03ada32d4ae63ebeeb4561891b61c1e6e17a68,windows10-64-shippable-qr,True,False,,,102210fe594ee9b33d82058545b1ed14f4c8206e,browser-toolbox.close-process.DAMP,damp,True,damp browser-toolbox.close-process.DAMP opt e10s fission stylo webrender-sw,4768818,77,ms,firefox,,1796562101,2023-11-19 06:03:16,68.89836279329029,98917be406eeca58f61d8aeaf62aa4cae5be2137,1334239,,,,,,,,,,,,,,,,,,,,,,,,,,,,,,,,,,,,,,,,,,,,,,,,,,,,,,,,,,,,,TN,TN
autoland,4769114,12,1a03ada32d4ae63ebeeb4561891b61c1e6e17a68,windows10-64-shippable-qr,True,False,,,102210fe594ee9b33d82058545b1ed14f4c8206e,browser-toolbox.close-process.DAMP,damp,True,damp browser-toolbox.close-process.DAMP opt e10s fission stylo webrender-sw,4768818,77,ms,firefox,,1798580403,2023-11-19 07:02:16,76.24976917280583,b77dd90c1533d9c28dc843daa36038dde1373d40,1334243,,,,,,,,,,,,,,,,,,,,,,,,,,,,,,,,,,,,,,,,,,,,,,,,,,,,,,,,,,,,,TN,TN
autoland,4769114,12,1a03ada32d4ae63ebeeb4561891b61c1e6e17a68,windows10-64-shippable-qr,True,False,,,102210fe594ee9b33d82058545b1ed14f4c8206e,browser-toolbox.close-process.DAMP,damp,True,damp browser-toolbox.close-process.DAMP opt e10s fission stylo webrender-sw,4768818,77,ms,firefox,,1798582347,2023-11-19 07:34:42,76.02904478061828,86f9e01f70d6efdd8eda55c9d8df638a41d6f21c,1334246,,,,,,,,,,,,,,,,,,,,,,,,,,,,,,,,,,,,,,,,,,,,,,,,,,,,,,,,,,,,,TN,TN
autoland,4769114,12,1a03ada32d4ae63ebeeb4561891b61c1e6e17a68,windows10-64-shippable-qr,True,False,,,102210fe594ee9b33d82058545b1ed14f4c8206e,browser-toolbox.close-process.DAMP,damp,True,damp browser-toolbox.close-process.DAMP opt e10s fission stylo webrender-sw,4768818,77,ms,firefox,,1798580894,2023-11-19 08:51:34,74.09913676873111,c3021f5ece18388f5f66348a7fd8cb540529da33,1334252,,,,,,,,,,,,,,,,,,,,,,,,,,,,,,,,,,,,,,,,,,,,,,,,,,,,,,,,,,,,,TN,TN
autoland,4769114,12,1a03ada32d4ae63ebeeb4561891b61c1e6e17a68,windows10-64-shippable-qr,True,False,,,102210fe594ee9b33d82058545b1ed14f4c8206e,browser-toolbox.close-process.DAMP,damp,True,damp browser-toolbox.close-process.DAMP opt e10s fission stylo webrender-sw,4768818,77,ms,firefox,,1798581698,2023-11-19 10:16:07,75.81509560579434,8367b22f220b23fe24f98e0778b3d50226292af3,1334268,,,,,,,,,,,,,,,,,,,,,,,,,,,,,,,,,,,,,,,,,,,,,,,,,,,,,,,,,,,,,TN,TN
autoland,4769114,12,1a03ada32d4ae63ebeeb4561891b61c1e6e17a68,windows10-64-shippable-qr,True,False,,,102210fe594ee9b33d82058545b1ed14f4c8206e,browser-toolbox.close-process.DAMP,damp,True,damp browser-toolbox.close-process.DAMP opt e10s fission stylo webrender-sw,4768818,77,ms,firefox,,1798582431,2023-11-19 10:26:03,74.52965949248755,47c58e2355e9db64bb3ce463cb3f976c2496d4b1,1334271,,,,,,,,,,,,,,,,,,,,,,,,,,,,,,,,,,,,,,,,,,,,,,,,,,,,,,,,,,,,,TN,TN
autoland,4769114,12,1a03ada32d4ae63ebeeb4561891b61c1e6e17a68,windows10-64-shippable-qr,True,False,,,102210fe594ee9b33d82058545b1ed14f4c8206e,browser-toolbox.close-process.DAMP,damp,True,damp browser-toolbox.close-process.DAMP opt e10s fission stylo webrender-sw,4768818,77,ms,firefox,,1796646048,2023-11-19 11:10:53,76.81132954565692,b403bb5b1c833d29961882402a090cf08f44c190,1334278,,,,,,,,,,,,,,,,,,,,,,,,,,,,,,,,,,,,,,,,,,,,,,,,,,,,,,,,,,,,,TN,TN
autoland,4769114,12,1a03ada32d4ae63ebeeb4561891b61c1e6e17a68,windows10-64-shippable-qr,True,False,,,102210fe594ee9b33d82058545b1ed14f4c8206e,browser-toolbox.close-process.DAMP,damp,True,damp browser-toolbox.close-process.DAMP opt e10s fission stylo webrender-sw,4768818,77,ms,firefox,,1798585213,2023-11-19 11:53:38,74.76059712905408,d92146952904b80c23b8153e839dfc28d38e71d5,1334281,,,,,,,,,,,,,,,,,,,,,,,,,,,,,,,,,,,,,,,,,,,,,,,,,,,,,,,,,,,,,TN,TN
autoland,4769114,12,1a03ada32d4ae63ebeeb4561891b61c1e6e17a68,windows10-64-shippable-qr,True,False,,,102210fe594ee9b33d82058545b1ed14f4c8206e,browser-toolbox.close-process.DAMP,damp,True,damp browser-toolbox.close-process.DAMP opt e10s fission stylo webrender-sw,4768818,77,ms,firefox,,1798586355,2023-11-19 12:03:57,73.98762188167893,92e4e21ef642fe596ef2b7deecce27eaa532e2a8,1334282,,,,,,,,,,,,,,,,,,,,,,,,,,,,,,,,,,,,,,,,,,,,,,,,,,,,,,,,,,,,,TN,TN
autoland,4769114,12,1a03ada32d4ae63ebeeb4561891b61c1e6e17a68,windows10-64-shippable-qr,True,False,,,102210fe594ee9b33d82058545b1ed14f4c8206e,browser-toolbox.close-process.DAMP,damp,True,damp browser-toolbox.close-process.DAMP opt e10s fission stylo webrender-sw,4768818,77,ms,firefox,,1796697183,2023-11-19 15:28:11,68.98959889242542,1044018d08bd15166ae94a05bf5299b0701f4109,1334290,,,,,,,,,,,,,,,,,,,,,,,,,,,,,,,,,,,,,,,,,,,,,,,,,,,,,,,,,,,,,TN,TN
autoland,4769114,12,1a03ada32d4ae63ebeeb4561891b61c1e6e17a68,windows10-64-shippable-qr,True,False,,,102210fe594ee9b33d82058545b1ed14f4c8206e,browser-toolbox.close-process.DAMP,damp,True,damp browser-toolbox.close-process.DAMP opt e10s fission stylo webrender-sw,4768818,77,ms,firefox,,1798593981,2023-11-19 15:33:21,77.20849757175893,bc206f18ecb2a36a3e014e37cf5265f04eb7db7c,1334291,,,,,,,,,,,,,,,,,,,,,,,,,,,,,,,,,,,,,,,,,,,,,,,,,,,,,,,,,,,,,TN,TN
autoland,4769114,12,1a03ada32d4ae63ebeeb4561891b61c1e6e17a68,windows10-64-shippable-qr,True,False,,,102210fe594ee9b33d82058545b1ed14f4c8206e,browser-toolbox.close-process.DAMP,damp,True,damp browser-toolbox.close-process.DAMP opt e10s fission stylo webrender-sw,4768818,77,ms,firefox,,1798593410,2023-11-19 15:37:17,74.9700907432125,61875987e62ca2e06efdc2996169b609ae618798,1334295,,,,,,,,,,,,,,,,,,,,,,,,,,,,,,,,,,,,,,,,,,,,,,,,,,,,,,,,,,,,,TN,TN
autoland,4769114,12,1a03ada32d4ae63ebeeb4561891b61c1e6e17a68,windows10-64-shippable-qr,True,False,,,102210fe594ee9b33d82058545b1ed14f4c8206e,browser-toolbox.close-process.DAMP,damp,True,damp browser-toolbox.close-process.DAMP opt e10s fission stylo webrender-sw,4768818,77,ms,firefox,,1798596410,2023-11-19 16:47:17,74.2544179573888,a1a491b240342d5e5c405292966ff3d466bc9e06,1334306,,,,,,,,,,,,,,,,,,,,,,,,,,,,,,,,,,,,,,,,,,,,,,,,,,,,,,,,,,,,,TN,TN
autoland,4769114,12,1a03ada32d4ae63ebeeb4561891b61c1e6e17a68,windows10-64-shippable-qr,True,False,,,102210fe594ee9b33d82058545b1ed14f4c8206e,browser-toolbox.close-process.DAMP,damp,True,damp browser-toolbox.close-process.DAMP opt e10s fission stylo webrender-sw,4768818,77,ms,firefox,,1798600672,2023-11-19 16:47:17,76.09703698725207,a1a491b240342d5e5c405292966ff3d466bc9e06,1334306,,,,,,,,,,,,,,,,,,,,,,,,,,,,,,,,,,,,,,,,,,,,,,,,,,,,,,,,,,,,,TN,TN
autoland,4769114,12,1a03ada32d4ae63ebeeb4561891b61c1e6e17a68,windows10-64-shippable-qr,True,False,,,102210fe594ee9b33d82058545b1ed14f4c8206e,browser-toolbox.close-process.DAMP,damp,True,damp browser-toolbox.close-process.DAMP opt e10s fission stylo webrender-sw,4768818,77,ms,firefox,,1798594065,2023-11-19 17:48:47,74.97275309920951,aab6d262a9f1d30a7a46fd326cb7fe7a207ceb5e,1334320,,,,,,,,,,,,,,,,,,,,,,,,,,,,,,,,,,,,,,,,,,,,,,,,,,,,,,,,,,,,,TN,TN
autoland,4769114,12,1a03ada32d4ae63ebeeb4561891b61c1e6e17a68,windows10-64-shippable-qr,True,False,,,102210fe594ee9b33d82058545b1ed14f4c8206e,browser-toolbox.close-process.DAMP,damp,True,damp browser-toolbox.close-process.DAMP opt e10s fission stylo webrender-sw,4768818,77,ms,firefox,,1798601847,2023-11-19 17:48:47,74.4164312320936,aab6d262a9f1d30a7a46fd326cb7fe7a207ceb5e,1334320,,,,,,,,,,,,,,,,,,,,,,,,,,,,,,,,,,,,,,,,,,,,,,,,,,,,,,,,,,,,,TN,TN
autoland,4769114,12,1a03ada32d4ae63ebeeb4561891b61c1e6e17a68,windows10-64-shippable-qr,True,False,,,102210fe594ee9b33d82058545b1ed14f4c8206e,browser-toolbox.close-process.DAMP,damp,True,damp browser-toolbox.close-process.DAMP opt e10s fission stylo webrender-sw,4768818,77,ms,firefox,,1798596519,2023-11-19 18:59:49,75.3807745949598,a8e2540242d24614d3a9987413ba456f0255c869,1334325,,,,,,,,,,,,,,,,,,,,,,,,,,,,,,,,,,,,,,,,,,,,,,,,,,,,,,,,,,,,,TN,TN
autoland,4769114,12,1a03ada32d4ae63ebeeb4561891b61c1e6e17a68,windows10-64-shippable-qr,True,False,,,102210fe594ee9b33d82058545b1ed14f4c8206e,browser-toolbox.close-process.DAMP,damp,True,damp browser-toolbox.close-process.DAMP opt e10s fission stylo webrender-sw,4768818,77,ms,firefox,,1798597488,2023-11-19 18:59:49,75.63429217428347,a8e2540242d24614d3a9987413ba456f0255c869,1334325,,,,,,,,,,,,,,,,,,,,,,,,,,,,,,,,,,,,,,,,,,,,,,,,,,,,,,,,,,,,,TN,TN
autoland,4769114,12,1a03ada32d4ae63ebeeb4561891b61c1e6e17a68,windows10-64-shippable-qr,True,False,,,102210fe594ee9b33d82058545b1ed14f4c8206e,browser-toolbox.close-process.DAMP,damp,True,damp browser-toolbox.close-process.DAMP opt e10s fission stylo webrender-sw,4768818,77,ms,firefox,,1796842985,2023-11-20 01:53:49,75.37853019792237,73f60b8af6dadb15fb13d768baf6b4c3313d939b,1334371,,,,,,,,,,,,,,,,,,,,,,,,,,,,,,,,,,,,,,,,,,,,,,,,,,,,,,,,,,,,,TN,TN
autoland,4769114,12,1a03ada32d4ae63ebeeb4561891b61c1e6e17a68,windows10-64-shippable-qr,True,False,,,102210fe594ee9b33d82058545b1ed14f4c8206e,browser-toolbox.close-process.DAMP,damp,True,damp browser-toolbox.close-process.DAMP opt e10s fission stylo webrender-sw,4768818,77,ms,firefox,,1798599346,2023-11-20 07:02:05,73.75861227401765,356bb5c4dd77c0296089b4064eb1a03268214da3,1334395,,,,,,,,,,,,,,,,,,,,,,,,,,,,,,,,,,,,,,,,,,,,,,,,,,,,,,,,,,,,,TN,TN
autoland,4769114,12,1a03ada32d4ae63ebeeb4561891b61c1e6e17a68,windows10-64-shippable-qr,True,False,,,102210fe594ee9b33d82058545b1ed14f4c8206e,browser-toolbox.close-process.DAMP,damp,True,damp browser-toolbox.close-process.DAMP opt e10s fission stylo webrender-sw,4768818,77,ms,firefox,,1798598594,2023-11-20 09:11:22,74.19486197148217,3932e854ab7c289dfe94998ffde45c19f12b99f1,1334447,,,,,,,,,,,,,,,,,,,,,,,,,,,,,,,,,,,,,,,,,,,,,,,,,,,,,,,,,,,,,TN,TN
autoland,4769114,12,1a03ada32d4ae63ebeeb4561891b61c1e6e17a68,windows10-64-shippable-qr,True,False,,,102210fe594ee9b33d82058545b1ed14f4c8206e,browser-toolbox.close-process.DAMP,damp,True,damp browser-toolbox.close-process.DAMP opt e10s fission stylo webrender-sw,4768818,77,ms,firefox,,1798604954,2023-11-20 09:15:15,74.41187403297226,e862a0fb0f0e9e130c57628d8de5a47406207677,1334448,,,,,,,,,,,,,,,,,,,,,,,,,,,,,,,,,,,,,,,,,,,,,,,,,,,,,,,,,,,,,TN,TN
autoland,4769114,12,1a03ada32d4ae63ebeeb4561891b61c1e6e17a68,windows10-64-shippable-qr,True,False,,,102210fe594ee9b33d82058545b1ed14f4c8206e,browser-toolbox.close-process.DAMP,damp,True,damp browser-toolbox.close-process.DAMP opt e10s fission stylo webrender-sw,4768818,77,ms,firefox,,1798597714,2023-11-20 09:16:34,76.61637574253837,01f745fe7c5a4646c1d801765ecb953fab21eafb,1334449,,,,,,,,,,,,,,,,,,,,,,,,,,,,,,,,,,,,,,,,,,,,,,,,,,,,,,,,,,,,,TN,TN
autoland,4769114,12,1a03ada32d4ae63ebeeb4561891b61c1e6e17a68,windows10-64-shippable-qr,True,False,,,102210fe594ee9b33d82058545b1ed14f4c8206e,browser-toolbox.close-process.DAMP,damp,True,damp browser-toolbox.close-process.DAMP opt e10s fission stylo webrender-sw,4768818,77,ms,firefox,,1798602100,2023-11-20 09:17:33,73.69853755604709,4665f21097e06d9002ad9affc62c8a8bd4c3690e,1334452,,,,,,,,,,,,,,,,,,,,,,,,,,,,,,,,,,,,,,,,,,,,,,,,,,,,,,,,,,,,,TN,TN
autoland,4769114,12,1a03ada32d4ae63ebeeb4561891b61c1e6e17a68,windows10-64-shippable-qr,True,False,,,102210fe594ee9b33d82058545b1ed14f4c8206e,browser-toolbox.close-process.DAMP,damp,True,damp browser-toolbox.close-process.DAMP opt e10s fission stylo webrender-sw,4768818,77,ms,firefox,,1797034809,2023-11-20 09:30:46,73.15686606473173,86da25fdbc81a93ed888df6b8a9f7cc128fb9b5b,1334455,,,,,,,,,,,,,,,,,,,,,,,,,,,,,,,,,,,,,,,,,,,,,,,,,,,,,,,,,,,,,TN,TN
autoland,4769114,12,1a03ada32d4ae63ebeeb4561891b61c1e6e17a68,windows10-64-shippable-qr,True,False,,,102210fe594ee9b33d82058545b1ed14f4c8206e,browser-toolbox.close-process.DAMP,damp,True,damp browser-toolbox.close-process.DAMP opt e10s fission stylo webrender-sw,4768818,77,ms,firefox,,1798585382,2023-11-20 10:23:13,73.99047270562733,4124706aa8eb96927ef4eb64fae1cf309d72f085,1334516,,,,,,,,,,,,,,,,,,,,,,,,,,,,,,,,,,,,,,,,,,,,,,,,,,,,,,,,,,,,,TN,TN
autoland,4769114,12,1a03ada32d4ae63ebeeb4561891b61c1e6e17a68,windows10-64-shippable-qr,True,False,,,102210fe594ee9b33d82058545b1ed14f4c8206e,browser-toolbox.close-process.DAMP,damp,True,damp browser-toolbox.close-process.DAMP opt e10s fission stylo webrender-sw,4768818,77,ms,firefox,,1798591378,2023-11-20 11:13:36,75.92975770795601,298c668b4347405c946a8fc6a8c8ad947f90596f,1334555,,,,,,,,,,,,,,,,,,,,,,,,,,,,,,,,,,,,,,,,,,,,,,,,,,,,,,,,,,,,,TN,TN
autoland,4769114,12,1a03ada32d4ae63ebeeb4561891b61c1e6e17a68,windows10-64-shippable-qr,True,False,,,102210fe594ee9b33d82058545b1ed14f4c8206e,browser-toolbox.close-process.DAMP,damp,True,damp browser-toolbox.close-process.DAMP opt e10s fission stylo webrender-sw,4768818,77,ms,firefox,,1798615431,2023-11-20 11:43:27,73.61242097707873,f80a88d5dd048c7d74907fa75f227fdf5d47feb4,1334578,,,,,,,,,,,,,,,,,,,,,,,,,,,,,,,,,,,,,,,,,,,,,,,,,,,,,,,,,,,,,TN,TN
autoland,4769114,12,1a03ada32d4ae63ebeeb4561891b61c1e6e17a68,windows10-64-shippable-qr,True,False,,,102210fe594ee9b33d82058545b1ed14f4c8206e,browser-toolbox.close-process.DAMP,damp,True,damp browser-toolbox.close-process.DAMP opt e10s fission stylo webrender-sw,4768818,77,ms,firefox,,1798616487,2023-11-20 11:48:49,73.68290627436363,239b5d197b0fd679606482cf5940d752a45e98ec,1334583,,,,,,,,,,,,,,,,,,,,,,,,,,,,,,,,,,,,,,,,,,,,,,,,,,,,,,,,,,,,,TN,TN
autoland,4769114,12,1a03ada32d4ae63ebeeb4561891b61c1e6e17a68,windows10-64-shippable-qr,True,False,,,102210fe594ee9b33d82058545b1ed14f4c8206e,browser-toolbox.close-process.DAMP,damp,True,damp browser-toolbox.close-process.DAMP opt e10s fission stylo webrender-sw,4768818,77,ms,firefox,,1798584559,2023-11-20 12:03:07,75.28736848427798,f21ddbefe76eef1f2801d2157a2d1c3ee0e21556,1334588,,,,,,,,,,,,,,,,,,,,,,,,,,,,,,,,,,,,,,,,,,,,,,,,,,,,,,,,,,,,,TN,TN
autoland,4769114,12,1a03ada32d4ae63ebeeb4561891b61c1e6e17a68,windows10-64-shippable-qr,True,False,,,102210fe594ee9b33d82058545b1ed14f4c8206e,browser-toolbox.close-process.DAMP,damp,True,damp browser-toolbox.close-process.DAMP opt e10s fission stylo webrender-sw,4768818,77,ms,firefox,,1798612254,2023-11-20 12:06:46,73.97911379550351,81d3ee520ab61f87036aff7bd12ed7fd3e24fd30,1334590,,,,,,,,,,,,,,,,,,,,,,,,,,,,,,,,,,,,,,,,,,,,,,,,,,,,,,,,,,,,,TN,TN
autoland,4769114,12,1a03ada32d4ae63ebeeb4561891b61c1e6e17a68,windows10-64-shippable-qr,True,False,,,102210fe594ee9b33d82058545b1ed14f4c8206e,browser-toolbox.close-process.DAMP,damp,True,damp browser-toolbox.close-process.DAMP opt e10s fission stylo webrender-sw,4768818,77,ms,firefox,,1798591311,2023-11-20 12:07:51,73.79576726115192,aaa7a9d7854349df185f16d908f980eff8facb6e,1334591,,,,,,,,,,,,,,,,,,,,,,,,,,,,,,,,,,,,,,,,,,,,,,,,,,,,,,,,,,,,,TN,TN
autoland,4769114,12,1a03ada32d4ae63ebeeb4561891b61c1e6e17a68,windows10-64-shippable-qr,True,False,,,102210fe594ee9b33d82058545b1ed14f4c8206e,browser-toolbox.close-process.DAMP,damp,True,damp browser-toolbox.close-process.DAMP opt e10s fission stylo webrender-sw,4768818,77,ms,firefox,,1798609732,2023-11-20 12:08:47,74.38061663904227,440bcf1d6ad75eef0f98cb9a98b44c546b052119,1334592,,,,,,,,,,,,,,,,,,,,,,,,,,,,,,,,,,,,,,,,,,,,,,,,,,,,,,,,,,,,,TN,TN
autoland,4769114,12,1a03ada32d4ae63ebeeb4561891b61c1e6e17a68,windows10-64-shippable-qr,True,False,,,102210fe594ee9b33d82058545b1ed14f4c8206e,browser-toolbox.close-process.DAMP,damp,True,damp browser-toolbox.close-process.DAMP opt e10s fission stylo webrender-sw,4768818,77,ms,firefox,,1798619209,2023-11-20 12:39:24,75.59824568531621,ffdf085e5e3ca95d10e929d78a0b119dc5fc2cbc,1334615,,,,,,,,,,,,,,,,,,,,,,,,,,,,,,,,,,,,,,,,,,,,,,,,,,,,,,,,,,,,,TN,TN
autoland,4769114,12,1a03ada32d4ae63ebeeb4561891b61c1e6e17a68,windows10-64-shippable-qr,True,False,,,102210fe594ee9b33d82058545b1ed14f4c8206e,browser-toolbox.close-process.DAMP,damp,True,damp browser-toolbox.close-process.DAMP opt e10s fission stylo webrender-sw,4768818,77,ms,firefox,,1797168797,2023-11-20 12:44:46,75.19262283472926,de35cb5de97565935b503eade2990b5c385c7293,1334619,,,,,,,,,,,,,,,,,,,,,,,,,,,,,,,,,,,,,,,,,,,,,,,,,,,,,,,,,,,,,TN,TN
autoland,4769114,12,1a03ada32d4ae63ebeeb4561891b61c1e6e17a68,windows10-64-shippable-qr,True,False,,,102210fe594ee9b33d82058545b1ed14f4c8206e,browser-toolbox.close-process.DAMP,damp,True,damp browser-toolbox.close-process.DAMP opt e10s fission stylo webrender-sw,4768818,77,ms,firefox,,1797372489,2023-11-20 16:13:55,74.58607381193724,f78453d754386d0000dae39e031b91b0d0c4b07f,1334757,,,,,,,,,,,,,,,,,,,,,,,,,,,,,,,,,,,,,,,,,,,,,,,,,,,,,,,,,,,,,TN,TN
autoland,4769114,12,1a03ada32d4ae63ebeeb4561891b61c1e6e17a68,windows10-64-shippable-qr,True,False,,,102210fe594ee9b33d82058545b1ed14f4c8206e,browser-toolbox.close-process.DAMP,damp,True,damp browser-toolbox.close-process.DAMP opt e10s fission stylo webrender-sw,4768818,77,ms,firefox,,1797386698,2023-11-20 18:08:54,77.17316952958936,a2089603188c4136890163ddd71b1d4e60e1c396,1334868,,,,,,,,,,,,,,,,,,,,,,,,,,,,,,,,,,,,,,,,,,,,,,,,,,,,,,,,,,,,,TN,TN
autoland,4769114,12,1a03ada32d4ae63ebeeb4561891b61c1e6e17a68,windows10-64-shippable-qr,True,False,,,102210fe594ee9b33d82058545b1ed14f4c8206e,browser-toolbox.close-process.DAMP,damp,True,damp browser-toolbox.close-process.DAMP opt e10s fission stylo webrender-sw,4768818,77,ms,firefox,,1797619468,2023-11-20 23:09:27,74.48460346943466,7b567ceeead73f84de62ab77b4b6c87450b347fa,1335119,,,,,,,,,,,,,,,,,,,,,,,,,,,,,,,,,,,,,,,,,,,,,,,,,,,,,,,,,,,,,TN,TN
autoland,4769114,12,1a03ada32d4ae63ebeeb4561891b61c1e6e17a68,windows10-64-shippable-qr,True,False,,,102210fe594ee9b33d82058545b1ed14f4c8206e,browser-toolbox.close-process.DAMP,damp,True,damp browser-toolbox.close-process.DAMP opt e10s fission stylo webrender-sw,4768818,77,ms,firefox,,1799669614,2023-11-20 23:30:20,75.40820046365843,f729290c0a67cecd4d553075fd4eafdb5095824e,1335149,,,,,,,,,,,,,,,,,,,,,,,,,,,,,,,,,,,,,,,,,,,,,,,,,,,,,,,,,,,,,TN,TN
autoland,4769114,12,1a03ada32d4ae63ebeeb4561891b61c1e6e17a68,windows10-64-shippable-qr,True,False,,,102210fe594ee9b33d82058545b1ed14f4c8206e,browser-toolbox.close-process.DAMP,damp,True,damp browser-toolbox.close-process.DAMP opt e10s fission stylo webrender-sw,4768818,77,ms,firefox,,1799671302,2023-11-20 23:31:15,75.31753435442806,3549cd484a331268ff79a0c631528631af2bafb1,1335150,,,,,,,,,,,,,,,,,,,,,,,,,,,,,,,,,,,,,,,,,,,,,,,,,,,,,,,,,,,,,TN,TN
autoland,4769114,12,1a03ada32d4ae63ebeeb4561891b61c1e6e17a68,windows10-64-shippable-qr,True,False,,,102210fe594ee9b33d82058545b1ed14f4c8206e,browser-toolbox.close-process.DAMP,damp,True,damp browser-toolbox.close-process.DAMP opt e10s fission stylo webrender-sw,4768818,77,ms,firefox,,1799676406,2023-11-20 23:32:07,74.78202457050793,ceabf841630615d071eaa69d51a6ff59dfc4df15,1335151,,,,,,,,,,,,,,,,,,,,,,,,,,,,,,,,,,,,,,,,,,,,,,,,,,,,,,,,,,,,,TN,TN
autoland,4769114,12,1a03ada32d4ae63ebeeb4561891b61c1e6e17a68,windows10-64-shippable-qr,True,False,,,102210fe594ee9b33d82058545b1ed14f4c8206e,browser-toolbox.close-process.DAMP,damp,True,damp browser-toolbox.close-process.DAMP opt e10s fission stylo webrender-sw,4768818,77,ms,firefox,,1799679830,2023-11-20 23:33:04,73.80617792959674,8272ad0d7c2d4f69a556e19ef2775e98096e795e,1335152,,,,,,,,,,,,,,,,,,,,,,,,,,,,,,,,,,,,,,,,,,,,,,,,,,,,,,,,,,,,,TN,TN
autoland,4769114,12,1a03ada32d4ae63ebeeb4561891b61c1e6e17a68,windows10-64-shippable-qr,True,False,,,102210fe594ee9b33d82058545b1ed14f4c8206e,browser-toolbox.close-process.DAMP,damp,True,damp browser-toolbox.close-process.DAMP opt e10s fission stylo webrender-sw,4768818,77,ms,firefox,,1799679206,2023-11-21 00:38:38,75.05323947574652,2ebfbd12670fc8f9eef1b2de7e3426d8dc9ae0b1,1335187,,,,,,,,,,,,,,,,,,,,,,,,,,,,,,,,,,,,,,,,,,,,,,,,,,,,,,,,,,,,,TN,TN
autoland,4769114,12,1a03ada32d4ae63ebeeb4561891b61c1e6e17a68,windows10-64-shippable-qr,True,False,,,102210fe594ee9b33d82058545b1ed14f4c8206e,browser-toolbox.close-process.DAMP,damp,True,damp browser-toolbox.close-process.DAMP opt e10s fission stylo webrender-sw,4768818,77,ms,firefox,,1799682313,2023-11-21 00:43:51,74.63018221064704,3e089d41cd6b4037d794ae3c62110e68e18b12fb,1335190,,,,,,,,,,,,,,,,,,,,,,,,,,,,,,,,,,,,,,,,,,,,,,,,,,,,,,,,,,,,,TN,TN
autoland,4769114,12,1a03ada32d4ae63ebeeb4561891b61c1e6e17a68,windows10-64-shippable-qr,True,False,,,102210fe594ee9b33d82058545b1ed14f4c8206e,browser-toolbox.close-process.DAMP,damp,True,damp browser-toolbox.close-process.DAMP opt e10s fission stylo webrender-sw,4768818,77,ms,firefox,,1799682085,2023-11-21 01:10:27,75.47805464471458,b3de285b7406990f62fd129d6257bdb31290df49,1335196,,,,,,,,,,,,,,,,,,,,,,,,,,,,,,,,,,,,,,,,,,,,,,,,,,,,,,,,,,,,,TN,TN
autoland,4769114,12,1a03ada32d4ae63ebeeb4561891b61c1e6e17a68,windows10-64-shippable-qr,True,False,,,102210fe594ee9b33d82058545b1ed14f4c8206e,browser-toolbox.close-process.DAMP,damp,True,damp browser-toolbox.close-process.DAMP opt e10s fission stylo webrender-sw,4768818,77,ms,firefox,,1799683972,2023-11-21 01:11:21,73.98984054947505,f625e0ae7d5516997a8417cfa922554159a32673,1335197,,,,,,,,,,,,,,,,,,,,,,,,,,,,,,,,,,,,,,,,,,,,,,,,,,,,,,,,,,,,,TN,TN
autoland,4769114,12,1a03ada32d4ae63ebeeb4561891b61c1e6e17a68,windows10-64-shippable-qr,True,False,,,102210fe594ee9b33d82058545b1ed14f4c8206e,browser-toolbox.close-process.DAMP,damp,True,damp browser-toolbox.close-process.DAMP opt e10s fission stylo webrender-sw,4768818,77,ms,firefox,,1797673354,2023-11-21 01:49:39,74.96592644070915,b9fe9a49496aa38ca77c335f20236610ef01a582,1335206,,,,,,,,,,,,,,,,,,,,,,,,,,,,,,,,,,,,,,,,,,,,,,,,,,,,,,,,,,,,,TN,TN
autoland,4769114,12,1a03ada32d4ae63ebeeb4561891b61c1e6e17a68,windows10-64-shippable-qr,True,False,,,102210fe594ee9b33d82058545b1ed14f4c8206e,browser-toolbox.close-process.DAMP,damp,True,damp browser-toolbox.close-process.DAMP opt e10s fission stylo webrender-sw,4768818,77,ms,firefox,,1805789217,2023-11-21 08:44:18,75.37184846990567,5d16cdee8945fd71aa93ec62d4629457ea2243a0,1335292,,,,,,,,,,,,,,,,,,,,,,,,,,,,,,,,,,,,,,,,,,,,,,,,,,,,,,,,,,,,,TN,TN
autoland,4769114,12,1a03ada32d4ae63ebeeb4561891b61c1e6e17a68,windows10-64-shippable-qr,True,False,,,102210fe594ee9b33d82058545b1ed14f4c8206e,browser-toolbox.close-process.DAMP,damp,True,damp browser-toolbox.close-process.DAMP opt e10s fission stylo webrender-sw,4768818,77,ms,firefox,,1805789912,2023-11-21 08:45:51,77.86662679896108,c817be2230763806ab639a0eddcf7cd871781d29,1335293,,,,,,,,,,,,,,,,,,,,,,,,,,,,,,,,,,,,,,,,,,,,,,,,,,,,,,,,,,,,,TN,TN
autoland,4769114,12,1a03ada32d4ae63ebeeb4561891b61c1e6e17a68,windows10-64-shippable-qr,True,False,,,102210fe594ee9b33d82058545b1ed14f4c8206e,browser-toolbox.close-process.DAMP,damp,True,damp browser-toolbox.close-process.DAMP opt e10s fission stylo webrender-sw,4768818,77,ms,firefox,,1805790347,2023-11-21 08:45:51,72.32795961348165,c817be2230763806ab639a0eddcf7cd871781d29,1335293,,,,,,,,,,,,,,,,,,,,,,,,,,,,,,,,,,,,,,,,,,,,,,,,,,,,,,,,,,,,,TN,TN
autoland,4769114,12,1a03ada32d4ae63ebeeb4561891b61c1e6e17a68,windows10-64-shippable-qr,True,False,,,102210fe594ee9b33d82058545b1ed14f4c8206e,browser-toolbox.close-process.DAMP,damp,True,damp browser-toolbox.close-process.DAMP opt e10s fission stylo webrender-sw,4768818,77,ms,firefox,,1805787822,2023-11-21 09:12:54,73.58811096865975,a19fb41680f5d50c16aa33b8b4f75b15c5e6530d,1335320,,,,,,,,,,,,,,,,,,,,,,,,,,,,,,,,,,,,,,,,,,,,,,,,,,,,,,,,,,,,,TN,TN
autoland,4769114,12,1a03ada32d4ae63ebeeb4561891b61c1e6e17a68,windows10-64-shippable-qr,True,False,,,102210fe594ee9b33d82058545b1ed14f4c8206e,browser-toolbox.close-process.DAMP,damp,True,damp browser-toolbox.close-process.DAMP opt e10s fission stylo webrender-sw,4768818,77,ms,firefox,,1805789627,2023-11-21 09:12:54,73.43375813395687,a19fb41680f5d50c16aa33b8b4f75b15c5e6530d,1335320,,,,,,,,,,,,,,,,,,,,,,,,,,,,,,,,,,,,,,,,,,,,,,,,,,,,,,,,,,,,,TN,TN
autoland,4769114,12,1a03ada32d4ae63ebeeb4561891b61c1e6e17a68,windows10-64-shippable-qr,True,False,,,102210fe594ee9b33d82058545b1ed14f4c8206e,browser-toolbox.close-process.DAMP,damp,True,damp browser-toolbox.close-process.DAMP opt e10s fission stylo webrender-sw,4768818,77,ms,firefox,,1805787896,2023-11-21 09:19:27,78.447080604652,c1d6590621674747f65db19278c9710dbd50f3c5,1335334,,,,,,,,,,,,,,,,,,,,,,,,,,,,,,,,,,,,,,,,,,,,,,,,,,,,,,,,,,,,,TN,TN
autoland,4769114,12,1a03ada32d4ae63ebeeb4561891b61c1e6e17a68,windows10-64-shippable-qr,True,False,,,102210fe594ee9b33d82058545b1ed14f4c8206e,browser-toolbox.close-process.DAMP,damp,True,damp browser-toolbox.close-process.DAMP opt e10s fission stylo webrender-sw,4768818,77,ms,firefox,,1805787957,2023-11-21 09:20:30,73.40223019954283,db45f9329c968114d0ff1fc690203cf93e30d48c,1335336,,,,,,,,,,,,,,,,,,,,,,,,,,,,,,,,,,,,,,,,,,,,,,,,,,,,,,,,,,,,,TN,TN
autoland,4769114,12,1a03ada32d4ae63ebeeb4561891b61c1e6e17a68,windows10-64-shippable-qr,True,False,,,102210fe594ee9b33d82058545b1ed14f4c8206e,browser-toolbox.close-process.DAMP,damp,True,damp browser-toolbox.close-process.DAMP opt e10s fission stylo webrender-sw,4768818,77,ms,firefox,,1805789792,2023-11-21 09:21:56,74.39651403033349,ac5e5139fe3d8e26b4763de622ad6a468bea89fe,1335337,,,,,,,,,,,,,,,,,,,,,,,,,,,,,,,,,,,,,,,,,,,,,,,,,,,,,,,,,,,,,TN,TN
autoland,4769114,12,1a03ada32d4ae63ebeeb4561891b61c1e6e17a68,windows10-64-shippable-qr,True,False,,,102210fe594ee9b33d82058545b1ed14f4c8206e,browser-toolbox.close-process.DAMP,damp,True,damp browser-toolbox.close-process.DAMP opt e10s fission stylo webrender-sw,4768818,77,ms,firefox,,1805789453,2023-11-21 09:46:06,73.17802457665675,7dc5cc5db59c301e226b5bf73101542dc9a9e7d6,1335363,,,,,,,,,,,,,,,,,,,,,,,,,,,,,,,,,,,,,,,,,,,,,,,,,,,,,,,,,,,,,TN,TN
autoland,4769114,12,1a03ada32d4ae63ebeeb4561891b61c1e6e17a68,windows10-64-shippable-qr,True,False,,,102210fe594ee9b33d82058545b1ed14f4c8206e,browser-toolbox.close-process.DAMP,damp,True,damp browser-toolbox.close-process.DAMP opt e10s fission stylo webrender-sw,4768818,77,ms,firefox,,1805790194,2023-11-21 10:30:05,76.62157420390577,b02528638b2a7e6738a686998960c6ecaf4d8371,1335391,,,,,,,,,,,,,,,,,,,,,,,,,,,,,,,,,,,,,,,,,,,,,,,,,,,,,,,,,,,,,TN,TN
autoland,4769114,12,1a03ada32d4ae63ebeeb4561891b61c1e6e17a68,windows10-64-shippable-qr,True,False,,,102210fe594ee9b33d82058545b1ed14f4c8206e,browser-toolbox.close-process.DAMP,damp,True,damp browser-toolbox.close-process.DAMP opt e10s fission stylo webrender-sw,4768818,77,ms,firefox,,1805789562,2023-11-21 10:34:14,72.92917156621115,d72b0702bef67ed46fbd4a681b77b892d0ae5ab4,1335396,,,,,,,,,,,,,,,,,,,,,,,,,,,,,,,,,,,,,,,,,,,,,,,,,,,,,,,,,,,,,TN,TN
autoland,4769114,12,1a03ada32d4ae63ebeeb4561891b61c1e6e17a68,windows10-64-shippable-qr,True,False,,,102210fe594ee9b33d82058545b1ed14f4c8206e,browser-toolbox.close-process.DAMP,damp,True,damp browser-toolbox.close-process.DAMP opt e10s fission stylo webrender-sw,4768818,77,ms,firefox,,1799684728,2023-11-21 10:35:13,73.3101499377226,9e350a723b7af86dd13c75127d7859a1530c2327,1335397,,,,,,,,,,,,,,,,,,,,,,,,,,,,,,,,,,,,,,,,,,,,,,,,,,,,,,,,,,,,,TN,TN
autoland,4769114,12,1a03ada32d4ae63ebeeb4561891b61c1e6e17a68,windows10-64-shippable-qr,True,False,,,102210fe594ee9b33d82058545b1ed14f4c8206e,browser-toolbox.close-process.DAMP,damp,True,damp browser-toolbox.close-process.DAMP opt e10s fission stylo webrender-sw,4768818,77,ms,firefox,,1799684325,2023-11-21 10:48:34,73.90467192292272,c95ea45e981012bfa4e536b797eab05157f8e8f7,1335401,,,,,,,,,,,,,,,,,,,,,,,,,,,,,,,,,,,,,,,,,,,,,,,,,,,,,,,,,,,,,TN,TN
autoland,4769114,12,1a03ada32d4ae63ebeeb4561891b61c1e6e17a68,windows10-64-shippable-qr,True,False,,,102210fe594ee9b33d82058545b1ed14f4c8206e,browser-toolbox.close-process.DAMP,damp,True,damp browser-toolbox.close-process.DAMP opt e10s fission stylo webrender-sw,4768818,77,ms,firefox,,1799686144,2023-11-21 10:51:03,74.7910954310064,55026b57b6b1450262fd6ec3050c8cdd8ae0e9ac,1335403,,,,,,,,,,,,,,,,,,,,,,,,,,,,,,,,,,,,,,,,,,,,,,,,,,,,,,,,,,,,,TN,TN
autoland,4769114,12,1a03ada32d4ae63ebeeb4561891b61c1e6e17a68,windows10-64-shippable-qr,True,False,,,102210fe594ee9b33d82058545b1ed14f4c8206e,browser-toolbox.close-process.DAMP,damp,True,damp browser-toolbox.close-process.DAMP opt e10s fission stylo webrender-sw,4768818,77,ms,firefox,,1799686238,2023-11-21 11:13:48,73.13084981433349,9aa0b8954c6aea3a1e6723127432217c65d73426,1335427,,,,,,,,,,,,,,,,,,,,,,,,,,,,,,,,,,,,,,,,,,,,,,,,,,,,,,,,,,,,,TN,TN
autoland,4769114,12,1a03ada32d4ae63ebeeb4561891b61c1e6e17a68,windows10-64-shippable-qr,True,False,,,102210fe594ee9b33d82058545b1ed14f4c8206e,browser-toolbox.close-process.DAMP,damp,True,damp browser-toolbox.close-process.DAMP opt e10s fission stylo webrender-sw,4768818,77,ms,firefox,,1799685159,2023-11-21 11:28:19,77.26272932445863,89b150d0c0ab85684103d01707ba0010edbeb7ab,1335439,,,,,,,,,,,,,,,,,,,,,,,,,,,,,,,,,,,,,,,,,,,,,,,,,,,,,,,,,,,,,TN,TN
autoland,4769114,12,1a03ada32d4ae63ebeeb4561891b61c1e6e17a68,windows10-64-shippable-qr,True,False,,,102210fe594ee9b33d82058545b1ed14f4c8206e,browser-toolbox.close-process.DAMP,damp,True,damp browser-toolbox.close-process.DAMP opt e10s fission stylo webrender-sw,4768818,77,ms,firefox,,1799686389,2023-11-21 11:29:16,75.7074722214602,93f0f84e3f9ba610610291fc8a782d907be23cd5,1335443,,,,,,,,,,,,,,,,,,,,,,,,,,,,,,,,,,,,,,,,,,,,,,,,,,,,,,,,,,,,,TN,TN
autoland,4769114,12,1a03ada32d4ae63ebeeb4561891b61c1e6e17a68,windows10-64-shippable-qr,True,False,,,102210fe594ee9b33d82058545b1ed14f4c8206e,browser-toolbox.close-process.DAMP,damp,True,damp browser-toolbox.close-process.DAMP opt e10s fission stylo webrender-sw,4768818,77,ms,firefox,,1799687124,2023-11-21 11:52:33,72.79290491000575,e85c337798a43410bf45dd5ae77e5a6015eb8d23,1335455,,,,,,,,,,,,,,,,,,,,,,,,,,,,,,,,,,,,,,,,,,,,,,,,,,,,,,,,,,,,,TN,TN
autoland,4769114,12,1a03ada32d4ae63ebeeb4561891b61c1e6e17a68,windows10-64-shippable-qr,True,False,,,102210fe594ee9b33d82058545b1ed14f4c8206e,browser-toolbox.close-process.DAMP,damp,True,damp browser-toolbox.close-process.DAMP opt e10s fission stylo webrender-sw,4768818,77,ms,firefox,,1799688182,2023-11-21 11:55:49,75.11514020772302,a35aa51e1bfcd33c9874f1075e55117597b806e1,1335457,,,,,,,,,,,,,,,,,,,,,,,,,,,,,,,,,,,,,,,,,,,,,,,,,,,,,,,,,,,,,TN,TN
autoland,4769114,12,1a03ada32d4ae63ebeeb4561891b61c1e6e17a68,windows10-64-shippable-qr,True,False,,,102210fe594ee9b33d82058545b1ed14f4c8206e,browser-toolbox.close-process.DAMP,damp,True,damp browser-toolbox.close-process.DAMP opt e10s fission stylo webrender-sw,4768818,77,ms,firefox,,1799686993,2023-11-21 12:04:20,76.07137017892092,64014991c79c4184a29fc9ac35586425474799c4,1335463,,,,,,,,,,,,,,,,,,,,,,,,,,,,,,,,,,,,,,,,,,,,,,,,,,,,,,,,,,,,,TN,TN
autoland,4769114,12,1a03ada32d4ae63ebeeb4561891b61c1e6e17a68,windows10-64-shippable-qr,True,False,,,102210fe594ee9b33d82058545b1ed14f4c8206e,browser-toolbox.close-process.DAMP,damp,True,damp browser-toolbox.close-process.DAMP opt e10s fission stylo webrender-sw,4768818,77,ms,firefox,,1797938464,2023-11-21 12:15:20,74.84762903407682,1ff1d467cb8d49467127613245f448026cd7df9e,1335466,,,,,,,,,,,,,,,,,,,,,,,,,,,,,,,,,,,,,,,,,,,,,,,,,,,,,,,,,,,,,TN,TN
autoland,4769114,12,1a03ada32d4ae63ebeeb4561891b61c1e6e17a68,windows10-64-shippable-qr,True,False,,,102210fe594ee9b33d82058545b1ed14f4c8206e,browser-toolbox.close-process.DAMP,damp,True,damp browser-toolbox.close-process.DAMP opt e10s fission stylo webrender-sw,4768818,77,ms,firefox,,1799660699,2023-11-21 15:27:35,75.42777563496202,68b2ac713b64775329741649ee104e2d6f8fc765,1335595,,,,,,,,,,,,,,,,,,,,,,,,,,,,,,,,,,,,,,,,,,,,,,,,,,,,,,,,,,,,,TN,TN
autoland,4769114,12,1a03ada32d4ae63ebeeb4561891b61c1e6e17a68,windows10-64-shippable-qr,True,False,,,102210fe594ee9b33d82058545b1ed14f4c8206e,browser-toolbox.close-process.DAMP,damp,True,damp browser-toolbox.close-process.DAMP opt e10s fission stylo webrender-sw,4768818,77,ms,firefox,,1799657857,2023-11-21 15:58:23,72.55397161746077,4320684afd3d2904160a1fd26bc44edb90f09947,1335622,,,,,,,,,,,,,,,,,,,,,,,,,,,,,,,,,,,,,,,,,,,,,,,,,,,,,,,,,,,,,TN,TN
autoland,4769114,12,1a03ada32d4ae63ebeeb4561891b61c1e6e17a68,windows10-64-shippable-qr,True,False,,,102210fe594ee9b33d82058545b1ed14f4c8206e,browser-toolbox.close-process.DAMP,damp,True,damp browser-toolbox.close-process.DAMP opt e10s fission stylo webrender-sw,4768818,77,ms,firefox,,1799661072,2023-11-21 16:10:29,74.05774063920398,eb4ff33091f576f2edad06b515f5695b20604725,1335630,,,,,,,,,,,,,,,,,,,,,,,,,,,,,,,,,,,,,,,,,,,,,,,,,,,,,,,,,,,,,TN,TN
autoland,4769114,12,1a03ada32d4ae63ebeeb4561891b61c1e6e17a68,windows10-64-shippable-qr,True,False,,,102210fe594ee9b33d82058545b1ed14f4c8206e,browser-toolbox.close-process.DAMP,damp,True,damp browser-toolbox.close-process.DAMP opt e10s fission stylo webrender-sw,4768818,77,ms,firefox,,1799662804,2023-11-21 16:21:39,75.17455783687183,aec79e5db68fe83ac7f3cbd4c1470db74b433d28,1335642,,,,,,,,,,,,,,,,,,,,,,,,,,,,,,,,,,,,,,,,,,,,,,,,,,,,,,,,,,,,,TN,TN
autoland,4769114,12,1a03ada32d4ae63ebeeb4561891b61c1e6e17a68,windows10-64-shippable-qr,True,False,,,102210fe594ee9b33d82058545b1ed14f4c8206e,browser-toolbox.close-process.DAMP,damp,True,damp browser-toolbox.close-process.DAMP opt e10s fission stylo webrender-sw,4768818,77,ms,firefox,,1799662861,2023-11-21 16:23:30,76.21639961349138,0a523177ba8157d040776a50aacbd4f6e22715fe,1335644,,,,,,,,,,,,,,,,,,,,,,,,,,,,,,,,,,,,,,,,,,,,,,,,,,,,,,,,,,,,,TN,TN
autoland,4769114,12,1a03ada32d4ae63ebeeb4561891b61c1e6e17a68,windows10-64-shippable-qr,True,False,,,102210fe594ee9b33d82058545b1ed14f4c8206e,browser-toolbox.close-process.DAMP,damp,True,damp browser-toolbox.close-process.DAMP opt e10s fission stylo webrender-sw,4768818,77,ms,firefox,,1799678644,2023-11-21 16:34:03,73.54730165622459,e97f959d1225c326fcb98f82285c0a0f7085631b,1335656,,,,,,,,,,,,,,,,,,,,,,,,,,,,,,,,,,,,,,,,,,,,,,,,,,,,,,,,,,,,,TN,TN
autoland,4769114,12,1a03ada32d4ae63ebeeb4561891b61c1e6e17a68,windows10-64-shippable-qr,True,False,,,102210fe594ee9b33d82058545b1ed14f4c8206e,browser-toolbox.close-process.DAMP,damp,True,damp browser-toolbox.close-process.DAMP opt e10s fission stylo webrender-sw,4768818,77,ms,firefox,,1799665020,2023-11-21 16:36:47,75.63715763880464,ea804fe0a160e21bc703a5311478079eaac8f7ee,1335660,,,,,,,,,,,,,,,,,,,,,,,,,,,,,,,,,,,,,,,,,,,,,,,,,,,,,,,,,,,,,TN,TN
autoland,4769114,12,1a03ada32d4ae63ebeeb4561891b61c1e6e17a68,windows10-64-shippable-qr,True,False,,,102210fe594ee9b33d82058545b1ed14f4c8206e,browser-toolbox.close-process.DAMP,damp,True,damp browser-toolbox.close-process.DAMP opt e10s fission stylo webrender-sw,4768818,77,ms,firefox,,1799689298,2023-11-21 16:38:46,74.5990520472842,ee683c3699a76e2e7159a5297800dc28b78ac22a,1335661,,,,,,,,,,,,,,,,,,,,,,,,,,,,,,,,,,,,,,,,,,,,,,,,,,,,,,,,,,,,,TN,TN
autoland,4769114,12,1a03ada32d4ae63ebeeb4561891b61c1e6e17a68,windows10-64-shippable-qr,True,False,,,102210fe594ee9b33d82058545b1ed14f4c8206e,browser-toolbox.close-process.DAMP,damp,True,damp browser-toolbox.close-process.DAMP opt e10s fission stylo webrender-sw,4768818,77,ms,firefox,,1799666180,2023-11-21 16:44:13,76.91239055134065,a5a183d53f8edc045639859ff059a5220516b33e,1335665,,,,,,,,,,,,,,,,,,,,,,,,,,,,,,,,,,,,,,,,,,,,,,,,,,,,,,,,,,,,,TN,TN
autoland,4769114,12,1a03ada32d4ae63ebeeb4561891b61c1e6e17a68,windows10-64-shippable-qr,True,False,,,102210fe594ee9b33d82058545b1ed14f4c8206e,browser-toolbox.close-process.DAMP,damp,True,damp browser-toolbox.close-process.DAMP opt e10s fission stylo webrender-sw,4768818,77,ms,firefox,,1798264706,2023-11-21 17:01:46,77.03336706844857,cbc5eb28277f8e6d60fede93a822ede9eb7f01a5,1335682,,,,,,,,,,,,,,,,,,,,,,,,,,,,,,,,,,,,,,,,,,,,,,,,,,,,,,,,,,,,,TN,TN
autoland,4769114,12,1a03ada32d4ae63ebeeb4561891b61c1e6e17a68,windows10-64-shippable-qr,True,False,,,102210fe594ee9b33d82058545b1ed14f4c8206e,browser-toolbox.close-process.DAMP,damp,True,damp browser-toolbox.close-process.DAMP opt e10s fission stylo webrender-sw,4768818,77,ms,firefox,,1799667699,2023-11-21 18:19:25,72.7223451210375,13f07117425fbac3a2c76964a7553f2434073b27,1335754,,,,,,,,,,,,,,,,,,,,,,,,,,,,,,,,,,,,,,,,,,,,,,,,,,,,,,,,,,,,,TN,TN
autoland,4769114,12,1a03ada32d4ae63ebeeb4561891b61c1e6e17a68,windows10-64-shippable-qr,True,False,,,102210fe594ee9b33d82058545b1ed14f4c8206e,browser-toolbox.close-process.DAMP,damp,True,damp browser-toolbox.close-process.DAMP opt e10s fission stylo webrender-sw,4768818,77,ms,firefox,,1799667874,2023-11-21 18:20:27,78.4765792066828,3df03c7436cf6c25488eab7244c740b35f72f40e,1335756,,,,,,,,,,,,,,,,,,,,,,,,,,,,,,,,,,,,,,,,,,,,,,,,,,,,,,,,,,,,,TN,TN
autoland,4769114,12,1a03ada32d4ae63ebeeb4561891b61c1e6e17a68,windows10-64-shippable-qr,True,False,,,102210fe594ee9b33d82058545b1ed14f4c8206e,browser-toolbox.close-process.DAMP,damp,True,damp browser-toolbox.close-process.DAMP opt e10s fission stylo webrender-sw,4768818,77,ms,firefox,,1799660093,2023-11-21 18:43:41,75.51384311227594,677a1b08631cda387b7e1d2769027308e90448d0,1335774,,,,,,,,,,,,,,,,,,,,,,,,,,,,,,,,,,,,,,,,,,,,,,,,,,,,,,,,,,,,,TN,TN
autoland,4769114,12,1a03ada32d4ae63ebeeb4561891b61c1e6e17a68,windows10-64-shippable-qr,True,False,,,102210fe594ee9b33d82058545b1ed14f4c8206e,browser-toolbox.close-process.DAMP,damp,True,damp browser-toolbox.close-process.DAMP opt e10s fission stylo webrender-sw,4768818,77,ms,firefox,,1799657510,2023-11-21 18:45:50,74.44710039385245,6d2982d16908a46a3dc282f46469d894752ef3d9,1335778,,,,,,,,,,,,,,,,,,,,,,,,,,,,,,,,,,,,,,,,,,,,,,,,,,,,,,,,,,,,,TN,TN
autoland,4769114,12,1a03ada32d4ae63ebeeb4561891b61c1e6e17a68,windows10-64-shippable-qr,True,False,,,102210fe594ee9b33d82058545b1ed14f4c8206e,browser-toolbox.close-process.DAMP,damp,True,damp browser-toolbox.close-process.DAMP opt e10s fission stylo webrender-sw,4768818,77,ms,firefox,,1799661320,2023-11-21 19:06:16,74.63846845176886,bd5abec7eabc10c326addf7a64d4c69f5b5f831c,1335794,,,,,,,,,,,,,,,,,,,,,,,,,,,,,,,,,,,,,,,,,,,,,,,,,,,,,,,,,,,,,TN,TN
autoland,4769114,12,1a03ada32d4ae63ebeeb4561891b61c1e6e17a68,windows10-64-shippable-qr,True,False,,,102210fe594ee9b33d82058545b1ed14f4c8206e,browser-toolbox.close-process.DAMP,damp,True,damp browser-toolbox.close-process.DAMP opt e10s fission stylo webrender-sw,4768818,77,ms,firefox,,1799662418,2023-11-21 19:10:08,73.70521871984238,4fbc2295716fd526b2fcc8de2789d7bfc0389b72,1335800,,,,,,,,,,,,,,,,,,,,,,,,,,,,,,,,,,,,,,,,,,,,,,,,,,,,,,,,,,,,,TN,TN
autoland,4769114,12,1a03ada32d4ae63ebeeb4561891b61c1e6e17a68,windows10-64-shippable-qr,True,False,,,102210fe594ee9b33d82058545b1ed14f4c8206e,browser-toolbox.close-process.DAMP,damp,True,damp browser-toolbox.close-process.DAMP opt e10s fission stylo webrender-sw,4768818,77,ms,firefox,,1799662703,2023-11-21 19:29:38,74.89020165617694,6e046b6edfea4d8378dd77d32d0958d622e0b577,1335821,,,,,,,,,,,,,,,,,,,,,,,,,,,,,,,,,,,,,,,,,,,,,,,,,,,,,,,,,,,,,TN,TN
autoland,4769114,12,1a03ada32d4ae63ebeeb4561891b61c1e6e17a68,windows10-64-shippable-qr,True,False,,,102210fe594ee9b33d82058545b1ed14f4c8206e,browser-toolbox.close-process.DAMP,damp,True,damp browser-toolbox.close-process.DAMP opt e10s fission stylo webrender-sw,4768818,77,ms,firefox,,1799665107,2023-11-21 19:50:05,75.89077866417938,564abe4d105da171a949cb7329c49c8822174544,1335841,,,,,,,,,,,,,,,,,,,,,,,,,,,,,,,,,,,,,,,,,,,,,,,,,,,,,,,,,,,,,TN,TN
autoland,4769114,12,1a03ada32d4ae63ebeeb4561891b61c1e6e17a68,windows10-64-shippable-qr,True,False,,,102210fe594ee9b33d82058545b1ed14f4c8206e,browser-toolbox.close-process.DAMP,damp,True,damp browser-toolbox.close-process.DAMP opt e10s fission stylo webrender-sw,4768818,77,ms,firefox,,1799688111,2023-11-21 19:51:07,74.490551379713,8b92137bf5c7efb21bf7461a2a161146f2e2a38c,1335842,,,,,,,,,,,,,,,,,,,,,,,,,,,,,,,,,,,,,,,,,,,,,,,,,,,,,,,,,,,,,TN,TN
autoland,4769114,12,1a03ada32d4ae63ebeeb4561891b61c1e6e17a68,windows10-64-shippable-qr,True,False,,,102210fe594ee9b33d82058545b1ed14f4c8206e,browser-toolbox.close-process.DAMP,damp,True,damp browser-toolbox.close-process.DAMP opt e10s fission stylo webrender-sw,4768818,77,ms,firefox,,1798302788,2023-11-21 21:47:24,75.76550918123394,62f686461927825493253d0f82a43804b3eddf71,1335911,,,,,,,,,,,,,,,,,,,,,,,,,,,,,,,,,,,,,,,,,,,,,,,,,,,,,,,,,,,,,TN,TN
autoland,4769114,12,1a03ada32d4ae63ebeeb4561891b61c1e6e17a68,windows10-64-shippable-qr,True,False,,,102210fe594ee9b33d82058545b1ed14f4c8206e,browser-toolbox.close-process.DAMP,damp,True,damp browser-toolbox.close-process.DAMP opt e10s fission stylo webrender-sw,4768818,77,ms,firefox,,1798326803,2023-11-21 21:50:11,76.27111701692047,ef0b50d89a7f6107932087c2c1adc2f6fd9ab06a,1335914,,,,,,,,,,,,,,,,,,,,,,,,,,,,,,,,,,,,,,,,,,,,,,,,,,,,,,,,,,,,,TN,TN
autoland,4769114,12,1a03ada32d4ae63ebeeb4561891b61c1e6e17a68,windows10-64-shippable-qr,True,False,,,102210fe594ee9b33d82058545b1ed14f4c8206e,browser-toolbox.close-process.DAMP,damp,True,damp browser-toolbox.close-process.DAMP opt e10s fission stylo webrender-sw,4768818,77,ms,firefox,,1798357752,2023-11-22 01:56:32,74.78705048494157,7dc6122ebd68b46a9d4320c40c86f20c2b78984a,1336017,,,,,,,,,,,,,,,,,,,,,,,,,,,,,,,,,,,,,,,,,,,,,,,,,,,,,,,,,,,,,TN,TN
autoland,4769114,12,1a03ada32d4ae63ebeeb4561891b61c1e6e17a68,windows10-64-shippable-qr,True,False,,,102210fe594ee9b33d82058545b1ed14f4c8206e,browser-toolbox.close-process.DAMP,damp,True,damp browser-toolbox.close-process.DAMP opt e10s fission stylo webrender-sw,4768818,77,ms,firefox,,1798494459,2023-11-22 05:59:37,74.73399071781023,ed20a8b98a8f2d8593dbbbd9b5df993e3e91433f,1336060,,,,,,,,,,,,,,,,,,,,,,,,,,,,,,,,,,,,,,,,,,,,,,,,,,,,,,,,,,,,,TN,TN
autoland,4769114,12,1a03ada32d4ae63ebeeb4561891b61c1e6e17a68,windows10-64-shippable-qr,True,False,,,102210fe594ee9b33d82058545b1ed14f4c8206e,browser-toolbox.close-process.DAMP,damp,True,damp browser-toolbox.close-process.DAMP opt e10s fission stylo webrender-sw,4768818,77,ms,firefox,,1798574021,2023-11-22 07:16:13,75.54079248194466,0222787eb3244ffb2e62210f697d039bdef46036,1336076,,,,,,,,,,,,,,,,,,,,,,,,,,,,,,,,,,,,,,,,,,,,,,,,,,,,,,,,,,,,,TN,TN
autoland,4769114,12,1a03ada32d4ae63ebeeb4561891b61c1e6e17a68,windows10-64-shippable-qr,True,False,,,102210fe594ee9b33d82058545b1ed14f4c8206e,browser-toolbox.close-process.DAMP,damp,True,damp browser-toolbox.close-process.DAMP opt e10s fission stylo webrender-sw,4768818,77,ms,firefox,,1798827974,2023-11-22 13:00:34,76.00965563897626,b90083f581e182455cf23aaacb125b728b3ccb32,1336296,,,,,,,,,,,,,,,,,,,,,,,,,,,,,,,,,,,,,,,,,,,,,,,,,,,,,,,,,,,,,TN,TN
autoland,4769114,12,1a03ada32d4ae63ebeeb4561891b61c1e6e17a68,windows10-64-shippable-qr,True,False,,,102210fe594ee9b33d82058545b1ed14f4c8206e,browser-toolbox.close-process.DAMP,damp,True,damp browser-toolbox.close-process.DAMP opt e10s fission stylo webrender-sw,4768818,77,ms,firefox,,1798882346,2023-11-22 16:22:37,74.36857546119427,f4fae08660c1f3323af7bdef3ed152a3d34bc751,1336410,,,,,,,,,,,,,,,,,,,,,,,,,,,,,,,,,,,,,,,,,,,,,,,,,,,,,,,,,,,,,TN,TN
autoland,4769114,12,1a03ada32d4ae63ebeeb4561891b61c1e6e17a68,windows10-64-shippable-qr,True,False,,,102210fe594ee9b33d82058545b1ed14f4c8206e,browser-toolbox.close-process.DAMP,damp,True,damp browser-toolbox.close-process.DAMP opt e10s fission stylo webrender-sw,4768818,77,ms,firefox,,1799090196,2023-11-22 19:14:54,74.87443189285113,bcdbc1e5d9a7c0fea2fcdc91ab0eebe908b34ece,1336555,,,,,,,,,,,,,,,,,,,,,,,,,,,,,,,,,,,,,,,,,,,,,,,,,,,,,,,,,,,,,TN,TN
autoland,4769114,12,1a03ada32d4ae63ebeeb4561891b61c1e6e17a68,windows10-64-shippable-qr,True,False,,,102210fe594ee9b33d82058545b1ed14f4c8206e,browser-toolbox.close-process.DAMP,damp,True,damp browser-toolbox.close-process.DAMP opt e10s fission stylo webrender-sw,4768818,77,ms,firefox,,1800967515,2023-11-22 21:59:16,71.97019345381705,662bda9458a8e14300183c92969572cc4023aa2d,1336653,,,,,,,,,,,,,,,,,,,,,,,,,,,,,,,,,,,,,,,,,,,,,,,,,,,,,,,,,,,,,TN,TN
autoland,4769114,12,1a03ada32d4ae63ebeeb4561891b61c1e6e17a68,windows10-64-shippable-qr,True,False,,,102210fe594ee9b33d82058545b1ed14f4c8206e,browser-toolbox.close-process.DAMP,damp,True,damp browser-toolbox.close-process.DAMP opt e10s fission stylo webrender-sw,4768818,77,ms,firefox,,1800968297,2023-11-22 22:01:55,70.64167605618422,cb3f2d6b2154c1419b3bd06cf5da141dbd1793ca,1336654,,,,,,,,,,,,,,,,,,,,,,,,,,,,,,,,,,,,,,,,,,,,,,,,,,,,,,,,,,,,,TN,TN
autoland,4769114,12,1a03ada32d4ae63ebeeb4561891b61c1e6e17a68,windows10-64-shippable-qr,True,False,,,102210fe594ee9b33d82058545b1ed14f4c8206e,browser-toolbox.close-process.DAMP,damp,True,damp browser-toolbox.close-process.DAMP opt e10s fission stylo webrender-sw,4768818,77,ms,firefox,,1800985289,2023-11-22 22:01:55,74.77381504204823,cb3f2d6b2154c1419b3bd06cf5da141dbd1793ca,1336654,,,,,,,,,,,,,,,,,,,,,,,,,,,,,,,,,,,,,,,,,,,,,,,,,,,,,,,,,,,,,TN,TN
autoland,4769114,12,1a03ada32d4ae63ebeeb4561891b61c1e6e17a68,windows10-64-shippable-qr,True,False,,,102210fe594ee9b33d82058545b1ed14f4c8206e,browser-toolbox.close-process.DAMP,damp,True,damp browser-toolbox.close-process.DAMP opt e10s fission stylo webrender-sw,4768818,77,ms,firefox,,1799167510,2023-11-22 23:02:09,75.63952115102438,3122924cd341ff55738fd6a06d4bd708010c15e4,1336681,,,,,,,,,,,,,,,,,,,,,,,,,,,,,,,,,,,,,,,,,,,,,,,,,,,,,,,,,,,,,TN,TN
autoland,4769114,12,1a03ada32d4ae63ebeeb4561891b61c1e6e17a68,windows10-64-shippable-qr,True,False,,,102210fe594ee9b33d82058545b1ed14f4c8206e,browser-toolbox.close-process.DAMP,damp,True,damp browser-toolbox.close-process.DAMP opt e10s fission stylo webrender-sw,4768818,77,ms,firefox,,1800966414,2023-11-22 23:03:10,70.81819376484782,c491ec0fb8f31cd0ca1cb408947feafe19c42a77,1336682,,,,,,,,,,,,,,,,,,,,,,,,,,,,,,,,,,,,,,,,,,,,,,,,,,,,,,,,,,,,,TN,TN
autoland,4769114,12,1a03ada32d4ae63ebeeb4561891b61c1e6e17a68,windows10-64-shippable-qr,True,False,,,102210fe594ee9b33d82058545b1ed14f4c8206e,browser-toolbox.close-process.DAMP,damp,True,damp browser-toolbox.close-process.DAMP opt e10s fission stylo webrender-sw,4768818,77,ms,firefox,,1800967637,2023-11-22 23:03:10,70.50368110493582,c491ec0fb8f31cd0ca1cb408947feafe19c42a77,1336682,,,,,,,,,,,,,,,,,,,,,,,,,,,,,,,,,,,,,,,,,,,,,,,,,,,,,,,,,,,,,TN,TN
autoland,4769114,12,1a03ada32d4ae63ebeeb4561891b61c1e6e17a68,windows10-64-shippable-qr,True,False,,,102210fe594ee9b33d82058545b1ed14f4c8206e,browser-toolbox.close-process.DAMP,damp,True,damp browser-toolbox.close-process.DAMP opt e10s fission stylo webrender-sw,4768818,77,ms,firefox,,1800967256,2023-11-23 00:44:40,70.0688707914087,faa25023486ce8a26ec7b4ab7d3362836442c042,1336720,,,,,,,,,,,,,,,,,,,,,,,,,,,,,,,,,,,,,,,,,,,,,,,,,,,,,,,,,,,,,TN,TN
autoland,4769114,12,1a03ada32d4ae63ebeeb4561891b61c1e6e17a68,windows10-64-shippable-qr,True,False,,,102210fe594ee9b33d82058545b1ed14f4c8206e,browser-toolbox.close-process.DAMP,damp,True,damp browser-toolbox.close-process.DAMP opt e10s fission stylo webrender-sw,4768818,77,ms,firefox,,1800967201,2023-11-23 00:47:00,69.79187893322523,d9d35dd0379e4b872899f8fece851d0b772b1c25,1336721,,,,,,,,,,,,,,,,,,,,,,,,,,,,,,,,,,,,,,,,,,,,,,,,,,,,,,,,,,,,,TN,TN
autoland,4769114,12,1a03ada32d4ae63ebeeb4561891b61c1e6e17a68,windows10-64-shippable-qr,True,False,,,102210fe594ee9b33d82058545b1ed14f4c8206e,browser-toolbox.close-process.DAMP,damp,True,damp browser-toolbox.close-process.DAMP opt e10s fission stylo webrender-sw,4768818,77,ms,firefox,,1800966680,2023-11-23 01:38:35,71.86440585402306,d2babb0052b095136036dce7b63fa456bbd870a9,1336733,,,,,,,,,,,,,,,,,,,,,,,,,,,,,,,,,,,,,,,,,,,,,,,,,,,,,,,,,,,,,TN,TN
autoland,4769114,12,1a03ada32d4ae63ebeeb4561891b61c1e6e17a68,windows10-64-shippable-qr,True,False,,,102210fe594ee9b33d82058545b1ed14f4c8206e,browser-toolbox.close-process.DAMP,damp,True,damp browser-toolbox.close-process.DAMP opt e10s fission stylo webrender-sw,4768818,77,ms,firefox,,1800967135,2023-11-23 01:38:35,71.89056585870276,d2babb0052b095136036dce7b63fa456bbd870a9,1336733,,,,,,,,,,,,,,,,,,,,,,,,,,,,,,,,,,,,,,,,,,,,,,,,,,,,,,,,,,,,,TN,TN
autoland,4769114,12,1a03ada32d4ae63ebeeb4561891b61c1e6e17a68,windows10-64-shippable-qr,True,False,,,102210fe594ee9b33d82058545b1ed14f4c8206e,browser-toolbox.close-process.DAMP,damp,True,damp browser-toolbox.close-process.DAMP opt e10s fission stylo webrender-sw,4768818,77,ms,firefox,,1800966848,2023-11-23 01:38:35,71.77690191690635,d2babb0052b095136036dce7b63fa456bbd870a9,1336733,,,,,,,,,,,,,,,,,,,,,,,,,,,,,,,,,,,,,,,,,,,,,,,,,,,,,,,,,,,,,TN,TN
autoland,4769114,12,1a03ada32d4ae63ebeeb4561891b61c1e6e17a68,windows10-64-shippable-qr,True,False,,,102210fe594ee9b33d82058545b1ed14f4c8206e,browser-toolbox.close-process.DAMP,damp,True,damp browser-toolbox.close-process.DAMP opt e10s fission stylo webrender-sw,4768818,77,ms,firefox,,1800959980,2023-11-23 02:36:04,70.23926796251908,ad28a3a25b2a199ffa143a0f35905438495a0931,1336744,,,,,,,,,,,,,,,,,,,,,,,,,,,,,,,,,,,,,,,,,,,,,,,,,,,,,,,,,,,,,TN,TN
autoland,4769114,12,1a03ada32d4ae63ebeeb4561891b61c1e6e17a68,windows10-64-shippable-qr,True,False,,,102210fe594ee9b33d82058545b1ed14f4c8206e,browser-toolbox.close-process.DAMP,damp,True,damp browser-toolbox.close-process.DAMP opt e10s fission stylo webrender-sw,4768818,77,ms,firefox,,1800960035,2023-11-23 02:36:04,69.84529378963634,ad28a3a25b2a199ffa143a0f35905438495a0931,1336744,,,,,,,,,,,,,,,,,,,,,,,,,,,,,,,,,,,,,,,,,,,,,,,,,,,,,,,,,,,,,TN,TN
autoland,4769114,12,1a03ada32d4ae63ebeeb4561891b61c1e6e17a68,windows10-64-shippable-qr,True,False,,,102210fe594ee9b33d82058545b1ed14f4c8206e,browser-toolbox.close-process.DAMP,damp,True,damp browser-toolbox.close-process.DAMP opt e10s fission stylo webrender-sw,4768818,77,ms,firefox,,1799388611,2023-11-23 04:10:29,75.55706348756212,8366d9b1b0ca63aa3b706dd53ce23f052221c11b,1336756,,,,,,,,,,,,,,,,,,,,,,,,,,,,,,,,,,,,,,,,,,,,,,,,,,,,,,,,,,,,,TN,TN
autoland,4769114,12,1a03ada32d4ae63ebeeb4561891b61c1e6e17a68,windows10-64-shippable-qr,True,False,,,102210fe594ee9b33d82058545b1ed14f4c8206e,browser-toolbox.close-process.DAMP,damp,True,damp browser-toolbox.close-process.DAMP opt e10s fission stylo webrender-sw,4768818,77,ms,firefox,,1800949896,2023-11-23 04:56:03,71.67774463432579,42c80086da4468f407648f2f57a7222aab2e9951,1336758,71.18,mozilla-ldap/nchevobbe@mozilla.com,8366d9b1b0ca63aa3b706dd53ce23f052221c11b,40401.0,5.41,,75.25,2023-12-06 14:44:59.730091,False,12.0,12.0,,,,1336756.0,3.0,1336758.0,3.0,,1a03ada32d4ae63ebeeb4561891b61c1e6e17a68,,windows10-64-shippable-qr,,autoland,2023-12-04 03:15:17.611902,,1.0,-4.07,184501.0,ms,,"(6,)",40401.0,102210fe594ee9b33d82058545b1ed14f4c8206e,,False,False,nchevobbe@mozilla.com,"(5,)","(4,)",,2023-11-26 03:15:17.611902,,,browser-toolbox.close-process.DAMP,SKEWED,True,42c80086da4468f407648f2f57a7222aab2e9951,,,,"('[{""perf_datum_id"": 1799167510, ""value"": 75.63952115102438, ""job_id"": 437368960, ""push_id"": 1336681, ""push_timestamp"": ""2023-11-22T23:02:09"", ""push__revision"": ""3122924cd341ff55738fd6a06d4bd708010c15e4""}, {""perf_datum_id"": 1799388611, ""value"": 75.55706348756212, ""job_id"": 437378973, ""push_id"": 1336756, ""push_timestamp"": ""2023-11-23T04:10:29"", ""push__revision"": ""8366d9b1b0ca63aa3b706dd53ce23f052221c11b""}, {""perf_datum_id"": 1800949896, ""value"": 71.67774463432579, ""job_id"": 437697640, ""push_id"": 1336758, ""push_timestamp"": ""2023-11-23T04:56:03"", ""push__revision"": ""42c80086da4468f407648f2f57a7222aab2e9951""}, {""perf_datum_id"": 1800949206, ""value"": 72.01634712763189, ""job_id"": 437697625, ""push_id"": 1336760, ""push_timestamp"": ""2023-11-23T05:44:59"", ""push__revision"": ""10a245da54422332b4f1691da8855d9a29add4f9""}, {""perf_datum_id"": 1800947093, ""value"": 72.68621345132124, ""job_id"": 437697388, ""push_id"": 1336761, ""push_timestamp"": ""2023-11-23T05:48:06"", ""push__revision"": ""f1f5f98290b348616c33083ee0bef41d8c2cc147""}]',)",False,"(0,)",7.32,damp,"e10s, fission, stylo, webrender-sw","(4,)",,2023-11-30 03:15:17.611902,FP,FP
autoland,4769114,12,1a03ada32d4ae63ebeeb4561891b61c1e6e17a68,windows10-64-shippable-qr,True,False,,,102210fe594ee9b33d82058545b1ed14f4c8206e,browser-toolbox.close-process.DAMP,damp,True,damp browser-toolbox.close-process.DAMP opt e10s fission stylo webrender-sw,4768818,77,ms,firefox,,1800949206,2023-11-23 05:44:59,72.01634712763189,10a245da54422332b4f1691da8855d9a29add4f9,1336760,,,,,,,,,,,,,,,,,,,,,,,,,,,,,,,,,,,,,,,,,,,,,,,,,,,,,,,,,,,,,TN,TN
autoland,4769114,12,1a03ada32d4ae63ebeeb4561891b61c1e6e17a68,windows10-64-shippable-qr,True,False,,,102210fe594ee9b33d82058545b1ed14f4c8206e,browser-toolbox.close-process.DAMP,damp,True,damp browser-toolbox.close-process.DAMP opt e10s fission stylo webrender-sw,4768818,77,ms,firefox,,1800947093,2023-11-23 05:48:06,72.68621345132124,f1f5f98290b348616c33083ee0bef41d8c2cc147,1336761,,,,,,,,,,,,,,,,,,,,,,,,,,,,,,,,,,,,,,,,,,,,,,,,,,,,,,,,,,,,,TN,TN
autoland,4769114,12,1a03ada32d4ae63ebeeb4561891b61c1e6e17a68,windows10-64-shippable-qr,True,False,,,102210fe594ee9b33d82058545b1ed14f4c8206e,browser-toolbox.close-process.DAMP,damp,True,damp browser-toolbox.close-process.DAMP opt e10s fission stylo webrender-sw,4768818,77,ms,firefox,,1800948678,2023-11-23 06:30:58,70.93634480098262,6a44a533b289fed920d41737bdef46afae72d47d,1336767,,,,,,,,,,,,,,,,,,,,,,,,,,,,,,,,,,,,,,,,,,,,,,,,,,,,,,,,,,,,,TN,TN
autoland,4769114,12,1a03ada32d4ae63ebeeb4561891b61c1e6e17a68,windows10-64-shippable-qr,True,False,,,102210fe594ee9b33d82058545b1ed14f4c8206e,browser-toolbox.close-process.DAMP,damp,True,damp browser-toolbox.close-process.DAMP opt e10s fission stylo webrender-sw,4768818,77,ms,firefox,,1800949522,2023-11-23 06:37:53,70.49036687919579,aec75eaf7a9b9aca39264d6e5f650a4f285c6cf4,1336768,,,,,,,,,,,,,,,,,,,,,,,,,,,,,,,,,,,,,,,,,,,,,,,,,,,,,,,,,,,,,TN,TN
autoland,4769114,12,1a03ada32d4ae63ebeeb4561891b61c1e6e17a68,windows10-64-shippable-qr,True,False,,,102210fe594ee9b33d82058545b1ed14f4c8206e,browser-toolbox.close-process.DAMP,damp,True,damp browser-toolbox.close-process.DAMP opt e10s fission stylo webrender-sw,4768818,77,ms,firefox,,1800949578,2023-11-23 06:37:53,71.53557937381265,aec75eaf7a9b9aca39264d6e5f650a4f285c6cf4,1336768,,,,,,,,,,,,,,,,,,,,,,,,,,,,,,,,,,,,,,,,,,,,,,,,,,,,,,,,,,,,,TN,TN
autoland,4769114,12,1a03ada32d4ae63ebeeb4561891b61c1e6e17a68,windows10-64-shippable-qr,True,False,,,102210fe594ee9b33d82058545b1ed14f4c8206e,browser-toolbox.close-process.DAMP,damp,True,damp browser-toolbox.close-process.DAMP opt e10s fission stylo webrender-sw,4768818,77,ms,firefox,,1800949406,2023-11-23 06:54:18,70.1229002912296,426a7a2b13b727a7fac895dfac481033ab845d92,1336772,,,,,,,,,,,,,,,,,,,,,,,,,,,,,,,,,,,,,,,,,,,,,,,,,,,,,,,,,,,,,TN,TN
autoland,4769114,12,1a03ada32d4ae63ebeeb4561891b61c1e6e17a68,windows10-64-shippable-qr,True,False,,,102210fe594ee9b33d82058545b1ed14f4c8206e,browser-toolbox.close-process.DAMP,damp,True,damp browser-toolbox.close-process.DAMP opt e10s fission stylo webrender-sw,4768818,77,ms,firefox,,1800948503,2023-11-23 07:07:10,71.027260609917,6d8cf3ece335aee26a7c7abd678203ae7b3976e8,1336776,,,,,,,,,,,,,,,,,,,,,,,,,,,,,,,,,,,,,,,,,,,,,,,,,,,,,,,,,,,,,TN,TN
autoland,4769114,12,1a03ada32d4ae63ebeeb4561891b61c1e6e17a68,windows10-64-shippable-qr,True,False,,,102210fe594ee9b33d82058545b1ed14f4c8206e,browser-toolbox.close-process.DAMP,damp,True,damp browser-toolbox.close-process.DAMP opt e10s fission stylo webrender-sw,4768818,77,ms,firefox,,1800949237,2023-11-23 08:00:33,68.83414508099668,7015c326ee31152c76f3da0ea6a236573765cd82,1336785,,,,,,,,,,,,,,,,,,,,,,,,,,,,,,,,,,,,,,,,,,,,,,,,,,,,,,,,,,,,,TN,TN
autoland,4769114,12,1a03ada32d4ae63ebeeb4561891b61c1e6e17a68,windows10-64-shippable-qr,True,False,,,102210fe594ee9b33d82058545b1ed14f4c8206e,browser-toolbox.close-process.DAMP,damp,True,damp browser-toolbox.close-process.DAMP opt e10s fission stylo webrender-sw,4768818,77,ms,firefox,,1799512663,2023-11-23 08:19:48,74.91339506697841,023a5c518562ad97c805915ae5addfcad59d1223,1336795,,,,,,,,,,,,,,,,,,,,,,,,,,,,,,,,,,,,,,,,,,,,,,,,,,,,,,,,,,,,,TN,TN
autoland,4769114,12,1a03ada32d4ae63ebeeb4561891b61c1e6e17a68,windows10-64-shippable-qr,True,False,,,102210fe594ee9b33d82058545b1ed14f4c8206e,browser-toolbox.close-process.DAMP,damp,True,damp browser-toolbox.close-process.DAMP opt e10s fission stylo webrender-sw,4768818,77,ms,firefox,,1800950007,2023-11-23 10:00:59,70.57267853345547,23dfad39643a078e839304b6ba3516bd53a3f0e2,1336833,,,,,,,,,,,,,,,,,,,,,,,,,,,,,,,,,,,,,,,,,,,,,,,,,,,,,,,,,,,,,TN,TN
autoland,4769114,12,1a03ada32d4ae63ebeeb4561891b61c1e6e17a68,windows10-64-shippable-qr,True,False,,,102210fe594ee9b33d82058545b1ed14f4c8206e,browser-toolbox.close-process.DAMP,damp,True,damp browser-toolbox.close-process.DAMP opt e10s fission stylo webrender-sw,4768818,77,ms,firefox,,1800950065,2023-11-23 10:01:56,69.32900750590488,9941fa2db427e7dc5a9630fcf38daf1fe5727bee,1336834,,,,,,,,,,,,,,,,,,,,,,,,,,,,,,,,,,,,,,,,,,,,,,,,,,,,,,,,,,,,,TN,TN
autoland,4769114,12,1a03ada32d4ae63ebeeb4561891b61c1e6e17a68,windows10-64-shippable-qr,True,False,,,102210fe594ee9b33d82058545b1ed14f4c8206e,browser-toolbox.close-process.DAMP,damp,True,damp browser-toolbox.close-process.DAMP opt e10s fission stylo webrender-sw,4768818,77,ms,firefox,,1799640834,2023-11-23 10:10:14,74.45844062576361,7392664630b156e348b2a77aef6fdd70004c9b47,1336839,,,,,,,,,,,,,,,,,,,,,,,,,,,,,,,,,,,,,,,,,,,,,,,,,,,,,,,,,,,,,TN,TN
autoland,4769114,12,1a03ada32d4ae63ebeeb4561891b61c1e6e17a68,windows10-64-shippable-qr,True,False,,,102210fe594ee9b33d82058545b1ed14f4c8206e,browser-toolbox.close-process.DAMP,damp,True,damp browser-toolbox.close-process.DAMP opt e10s fission stylo webrender-sw,4768818,77,ms,firefox,,1800950505,2023-11-23 13:52:43,70.81309940194478,caec3f9c6d81a5f5197579613029525bc922c07b,1336979,,,,,,,,,,,,,,,,,,,,,,,,,,,,,,,,,,,,,,,,,,,,,,,,,,,,,,,,,,,,,TN,TN
autoland,4769114,12,1a03ada32d4ae63ebeeb4561891b61c1e6e17a68,windows10-64-shippable-qr,True,False,,,102210fe594ee9b33d82058545b1ed14f4c8206e,browser-toolbox.close-process.DAMP,damp,True,damp browser-toolbox.close-process.DAMP opt e10s fission stylo webrender-sw,4768818,77,ms,firefox,,1800942376,2023-11-23 14:15:32,75.53581735637272,ef4f4ed6516d3a46177c934be7a763ff8f2f9ac7,1336997,,,,,,,,,,,,,,,,,,,,,,,,,,,,,,,,,,,,,,,,,,,,,,,,,,,,,,,,,,,,,TN,TN
autoland,4769114,12,1a03ada32d4ae63ebeeb4561891b61c1e6e17a68,windows10-64-shippable-qr,True,False,,,102210fe594ee9b33d82058545b1ed14f4c8206e,browser-toolbox.close-process.DAMP,damp,True,damp browser-toolbox.close-process.DAMP opt e10s fission stylo webrender-sw,4768818,77,ms,firefox,,1800942809,2023-11-23 14:16:51,76.25273706900771,82dbcd75918f0eb33795da023e71e8241f428bbe,1336999,,,,,,,,,,,,,,,,,,,,,,,,,,,,,,,,,,,,,,,,,,,,,,,,,,,,,,,,,,,,,TN,TN
autoland,4769114,12,1a03ada32d4ae63ebeeb4561891b61c1e6e17a68,windows10-64-shippable-qr,True,False,,,102210fe594ee9b33d82058545b1ed14f4c8206e,browser-toolbox.close-process.DAMP,damp,True,damp browser-toolbox.close-process.DAMP opt e10s fission stylo webrender-sw,4768818,77,ms,firefox,,1800950710,2023-11-23 14:32:51,70.88365723585594,73422bf4a8f70d1e991496c95f04b9eb0189b4ff,1337006,,,,,,,,,,,,,,,,,,,,,,,,,,,,,,,,,,,,,,,,,,,,,,,,,,,,,,,,,,,,,TN,TN
autoland,4769114,12,1a03ada32d4ae63ebeeb4561891b61c1e6e17a68,windows10-64-shippable-qr,True,False,,,102210fe594ee9b33d82058545b1ed14f4c8206e,browser-toolbox.close-process.DAMP,damp,True,damp browser-toolbox.close-process.DAMP opt e10s fission stylo webrender-sw,4768818,77,ms,firefox,,1800950340,2023-11-23 14:39:24,70.54844387917547,122493e008791b4cf6a707b19c166dacfc0caad2,1337015,,,,,,,,,,,,,,,,,,,,,,,,,,,,,,,,,,,,,,,,,,,,,,,,,,,,,,,,,,,,,TN,TN
autoland,4769114,12,1a03ada32d4ae63ebeeb4561891b61c1e6e17a68,windows10-64-shippable-qr,True,False,,,102210fe594ee9b33d82058545b1ed14f4c8206e,browser-toolbox.close-process.DAMP,damp,True,damp browser-toolbox.close-process.DAMP opt e10s fission stylo webrender-sw,4768818,77,ms,firefox,,1800949017,2023-11-23 14:46:38,69.8964736883645,59f3f2a0da1447fd67f5d85336d6814bce17deb5,1337021,,,,,,,,,,,,,,,,,,,,,,,,,,,,,,,,,,,,,,,,,,,,,,,,,,,,,,,,,,,,,TN,TN
autoland,4769114,12,1a03ada32d4ae63ebeeb4561891b61c1e6e17a68,windows10-64-shippable-qr,True,False,,,102210fe594ee9b33d82058545b1ed14f4c8206e,browser-toolbox.close-process.DAMP,damp,True,damp browser-toolbox.close-process.DAMP opt e10s fission stylo webrender-sw,4768818,77,ms,firefox,,1800949654,2023-11-23 14:50:54,71.59060693391075,00168384b1eb207d13efd5baa815a091fd8f8f3e,1337027,,,,,,,,,,,,,,,,,,,,,,,,,,,,,,,,,,,,,,,,,,,,,,,,,,,,,,,,,,,,,TN,TN
autoland,4769114,12,1a03ada32d4ae63ebeeb4561891b61c1e6e17a68,windows10-64-shippable-qr,True,False,,,102210fe594ee9b33d82058545b1ed14f4c8206e,browser-toolbox.close-process.DAMP,damp,True,damp browser-toolbox.close-process.DAMP opt e10s fission stylo webrender-sw,4768818,77,ms,firefox,,1800948906,2023-11-23 15:35:34,70.65520695911255,fb20fcc066bfbe97391777246a9728639f5e6636,1337052,,,,,,,,,,,,,,,,,,,,,,,,,,,,,,,,,,,,,,,,,,,,,,,,,,,,,,,,,,,,,TN,TN
autoland,4769114,12,1a03ada32d4ae63ebeeb4561891b61c1e6e17a68,windows10-64-shippable-qr,True,False,,,102210fe594ee9b33d82058545b1ed14f4c8206e,browser-toolbox.close-process.DAMP,damp,True,damp browser-toolbox.close-process.DAMP opt e10s fission stylo webrender-sw,4768818,77,ms,firefox,,1800000722,2023-11-23 15:57:23,75.29600462027884,872aa271adfdb73a79c09de279f0001bf419850c,1337066,,,,,,,,,,,,,,,,,,,,,,,,,,,,,,,,,,,,,,,,,,,,,,,,,,,,,,,,,,,,,TN,TN
autoland,4769114,12,1a03ada32d4ae63ebeeb4561891b61c1e6e17a68,windows10-64-shippable-qr,True,False,,,102210fe594ee9b33d82058545b1ed14f4c8206e,browser-toolbox.close-process.DAMP,damp,True,damp browser-toolbox.close-process.DAMP opt e10s fission stylo webrender-sw,4768818,77,ms,firefox,,1800948796,2023-11-23 17:49:36,69.65997744470951,cad4a7cf7a1b6fe6722b9e43e55fd19d726e351e,1337152,,,,,,,,,,,,,,,,,,,,,,,,,,,,,,,,,,,,,,,,,,,,,,,,,,,,,,,,,,,,,TN,TN
autoland,4769114,12,1a03ada32d4ae63ebeeb4561891b61c1e6e17a68,windows10-64-shippable-qr,True,False,,,102210fe594ee9b33d82058545b1ed14f4c8206e,browser-toolbox.close-process.DAMP,damp,True,damp browser-toolbox.close-process.DAMP opt e10s fission stylo webrender-sw,4768818,77,ms,firefox,,1800942433,2023-11-23 17:52:24,75.54749022674514,ce2f1ef238830fcf7268c1f6a8405eb4405fecfa,1337155,,,,,,,,,,,,,,,,,,,,,,,,,,,,,,,,,,,,,,,,,,,,,,,,,,,,,,,,,,,,,TN,TN
autoland,4769114,12,1a03ada32d4ae63ebeeb4561891b61c1e6e17a68,windows10-64-shippable-qr,True,False,,,102210fe594ee9b33d82058545b1ed14f4c8206e,browser-toolbox.close-process.DAMP,damp,True,damp browser-toolbox.close-process.DAMP opt e10s fission stylo webrender-sw,4768818,77,ms,firefox,,1800949462,2023-11-23 18:05:39,69.53994681336917,5cdd2154508715f772726a6b2bbf0003e0fb8787,1337167,,,,,,,,,,,,,,,,,,,,,,,,,,,,,,,,,,,,,,,,,,,,,,,,,,,,,,,,,,,,,TN,TN
autoland,4769114,12,1a03ada32d4ae63ebeeb4561891b61c1e6e17a68,windows10-64-shippable-qr,True,False,,,102210fe594ee9b33d82058545b1ed14f4c8206e,browser-toolbox.close-process.DAMP,damp,True,damp browser-toolbox.close-process.DAMP opt e10s fission stylo webrender-sw,4768818,77,ms,firefox,,1801210312,2023-11-23 18:31:52,69.9509879383113,fb474adbcaabb54476cefcb7b40ce1ae98c71c40,1337185,,,,,,,,,,,,,,,,,,,,,,,,,,,,,,,,,,,,,,,,,,,,,,,,,,,,,,,,,,,,,TN,TN
autoland,4769114,12,1a03ada32d4ae63ebeeb4561891b61c1e6e17a68,windows10-64-shippable-qr,True,False,,,102210fe594ee9b33d82058545b1ed14f4c8206e,browser-toolbox.close-process.DAMP,damp,True,damp browser-toolbox.close-process.DAMP opt e10s fission stylo webrender-sw,4768818,77,ms,firefox,,1801210380,2023-11-23 18:31:52,71.11525186301151,fb474adbcaabb54476cefcb7b40ce1ae98c71c40,1337185,,,,,,,,,,,,,,,,,,,,,,,,,,,,,,,,,,,,,,,,,,,,,,,,,,,,,,,,,,,,,TN,TN
autoland,4769114,12,1a03ada32d4ae63ebeeb4561891b61c1e6e17a68,windows10-64-shippable-qr,True,False,,,102210fe594ee9b33d82058545b1ed14f4c8206e,browser-toolbox.close-process.DAMP,damp,True,damp browser-toolbox.close-process.DAMP opt e10s fission stylo webrender-sw,4768818,77,ms,firefox,,1801210436,2023-11-23 18:31:52,70.33457203389844,fb474adbcaabb54476cefcb7b40ce1ae98c71c40,1337185,,,,,,,,,,,,,,,,,,,,,,,,,,,,,,,,,,,,,,,,,,,,,,,,,,,,,,,,,,,,,TN,TN
autoland,4769114,12,1a03ada32d4ae63ebeeb4561891b61c1e6e17a68,windows10-64-shippable-qr,True,False,,,102210fe594ee9b33d82058545b1ed14f4c8206e,browser-toolbox.close-process.DAMP,damp,True,damp browser-toolbox.close-process.DAMP opt e10s fission stylo webrender-sw,4768818,77,ms,firefox,,1800948740,2023-11-23 18:43:39,68.884638910371,66ee38c142587d0dcd727d1b113bae6c8ace76bd,1337199,,,,,,,,,,,,,,,,,,,,,,,,,,,,,,,,,,,,,,,,,,,,,,,,,,,,,,,,,,,,,TN,TN
autoland,4769114,12,1a03ada32d4ae63ebeeb4561891b61c1e6e17a68,windows10-64-shippable-qr,True,False,,,102210fe594ee9b33d82058545b1ed14f4c8206e,browser-toolbox.close-process.DAMP,damp,True,damp browser-toolbox.close-process.DAMP opt e10s fission stylo webrender-sw,4768818,77,ms,firefox,,1800942488,2023-11-23 19:02:08,75.38330886543554,40bc8612037f1efc2ea0a5ff2a12b8d8b3a86f72,1337209,,,,,,,,,,,,,,,,,,,,,,,,,,,,,,,,,,,,,,,,,,,,,,,,,,,,,,,,,,,,,TN,TN
autoland,4769114,12,1a03ada32d4ae63ebeeb4561891b61c1e6e17a68,windows10-64-shippable-qr,True,False,,,102210fe594ee9b33d82058545b1ed14f4c8206e,browser-toolbox.close-process.DAMP,damp,True,damp browser-toolbox.close-process.DAMP opt e10s fission stylo webrender-sw,4768818,77,ms,firefox,,1800942544,2023-11-23 19:11:00,76.27399231589516,84d22a46a333ec5fdfd6664fe37443349d696922,1337217,,,,,,,,,,,,,,,,,,,,,,,,,,,,,,,,,,,,,,,,,,,,,,,,,,,,,,,,,,,,,TN,TN
autoland,4769114,12,1a03ada32d4ae63ebeeb4561891b61c1e6e17a68,windows10-64-shippable-qr,True,False,,,102210fe594ee9b33d82058545b1ed14f4c8206e,browser-toolbox.close-process.DAMP,damp,True,damp browser-toolbox.close-process.DAMP opt e10s fission stylo webrender-sw,4768818,77,ms,firefox,,1800053736,2023-11-23 19:58:47,75.77312708190584,180501fca2278e97c30e09ab097da1cb514f5ca1,1337231,,,,,,,,,,,,,,,,,,,,,,,,,,,,,,,,,,,,,,,,,,,,,,,,,,,,,,,,,,,,,TN,TN
autoland,4769114,12,1a03ada32d4ae63ebeeb4561891b61c1e6e17a68,windows10-64-shippable-qr,True,False,,,102210fe594ee9b33d82058545b1ed14f4c8206e,browser-toolbox.close-process.DAMP,damp,True,damp browser-toolbox.close-process.DAMP opt e10s fission stylo webrender-sw,4768818,77,ms,firefox,,1800098345,2023-11-23 23:50:52,75.75549155162298,29d489a7e05adef3300e076dd1c46d14928ddf24,1337321,,,,,,,,,,,,,,,,,,,,,,,,,,,,,,,,,,,,,,,,,,,,,,,,,,,,,,,,,,,,,TN,TN
autoland,4769114,12,1a03ada32d4ae63ebeeb4561891b61c1e6e17a68,windows10-64-shippable-qr,True,False,,,102210fe594ee9b33d82058545b1ed14f4c8206e,browser-toolbox.close-process.DAMP,damp,True,damp browser-toolbox.close-process.DAMP opt e10s fission stylo webrender-sw,4768818,77,ms,firefox,,1800295235,2023-11-24 05:36:58,75.07664643928001,dbd1a6aef0a74dc60875a4904d9eddb5ca9afbb7,1337356,,,,,,,,,,,,,,,,,,,,,,,,,,,,,,,,,,,,,,,,,,,,,,,,,,,,,,,,,,,,,TN,TN
autoland,4769114,12,1a03ada32d4ae63ebeeb4561891b61c1e6e17a68,windows10-64-shippable-qr,True,False,,,102210fe594ee9b33d82058545b1ed14f4c8206e,browser-toolbox.close-process.DAMP,damp,True,damp browser-toolbox.close-process.DAMP opt e10s fission stylo webrender-sw,4768818,77,ms,firefox,,1800481910,2023-11-24 09:28:03,74.31351928479853,8bec1f302a76929843c944e27b75ddcbf1f21954,1337436,,,,,,,,,,,,,,,,,,,,,,,,,,,,,,,,,,,,,,,,,,,,,,,,,,,,,,,,,,,,,TN,TN
autoland,4769114,12,1a03ada32d4ae63ebeeb4561891b61c1e6e17a68,windows10-64-shippable-qr,True,False,,,102210fe594ee9b33d82058545b1ed14f4c8206e,browser-toolbox.close-process.DAMP,damp,True,damp browser-toolbox.close-process.DAMP opt e10s fission stylo webrender-sw,4768818,77,ms,firefox,,1800572861,2023-11-24 13:31:32,75.2556244897205,1e01aa4b558aff87267a6384c318e6963b66a0d8,1337559,,,,,,,,,,,,,,,,,,,,,,,,,,,,,,,,,,,,,,,,,,,,,,,,,,,,,,,,,,,,,TN,TN
autoland,4769114,12,1a03ada32d4ae63ebeeb4561891b61c1e6e17a68,windows10-64-shippable-qr,True,False,,,102210fe594ee9b33d82058545b1ed14f4c8206e,browser-toolbox.close-process.DAMP,damp,True,damp browser-toolbox.close-process.DAMP opt e10s fission stylo webrender-sw,4768818,77,ms,firefox,,1800524942,2023-11-24 14:07:25,73.51696817172342,6354cfb105a6c9a46216d5c8ea95ee463892366e,1337582,,,,,,,,,,,,,,,,,,,,,,,,,,,,,,,,,,,,,,,,,,,,,,,,,,,,,,,,,,,,,TN,TN
autoland,4769114,12,1a03ada32d4ae63ebeeb4561891b61c1e6e17a68,windows10-64-shippable-qr,True,False,,,102210fe594ee9b33d82058545b1ed14f4c8206e,browser-toolbox.close-process.DAMP,damp,True,damp browser-toolbox.close-process.DAMP opt e10s fission stylo webrender-sw,4768818,77,ms,firefox,,1800701611,2023-11-24 21:54:25,77.15501248765213,8875acba4f482b90d60501b953fb4530b361bd8f,1337760,,,,,,,,,,,,,,,,,,,,,,,,,,,,,,,,,,,,,,,,,,,,,,,,,,,,,,,,,,,,,TN,TN
autoland,4769114,12,1a03ada32d4ae63ebeeb4561891b61c1e6e17a68,windows10-64-shippable-qr,True,False,,,102210fe594ee9b33d82058545b1ed14f4c8206e,browser-toolbox.close-process.DAMP,damp,True,damp browser-toolbox.close-process.DAMP opt e10s fission stylo webrender-sw,4768818,77,ms,firefox,,1800744462,2023-11-25 04:13:26,71.99299037986202,a137631f73ce188671f50c5225295d64d427fec2,1337799,,,,,,,,,,,,,,,,,,,,,,,,,,,,,,,,,,,,,,,,,,,,,,,,,,,,,,,,,,,,,TN,TN
autoland,4769114,12,1a03ada32d4ae63ebeeb4561891b61c1e6e17a68,windows10-64-shippable-qr,True,False,,,102210fe594ee9b33d82058545b1ed14f4c8206e,browser-toolbox.close-process.DAMP,damp,True,damp browser-toolbox.close-process.DAMP opt e10s fission stylo webrender-sw,4768818,77,ms,firefox,,1800848765,2023-11-25 09:26:54,77.3488772008568,860c52f225fa7410ed4a4bf3bd0eb0846483e08d,1337840,,,,,,,,,,,,,,,,,,,,,,,,,,,,,,,,,,,,,,,,,,,,,,,,,,,,,,,,,,,,,TN,TN
autoland,4769114,12,1a03ada32d4ae63ebeeb4561891b61c1e6e17a68,windows10-64-shippable-qr,True,False,,,102210fe594ee9b33d82058545b1ed14f4c8206e,browser-toolbox.close-process.DAMP,damp,True,damp browser-toolbox.close-process.DAMP opt e10s fission stylo webrender-sw,4768818,77,ms,firefox,,1800896763,2023-11-25 14:41:03,75.14016011956846,2ff68fa9f49916065f4ebb7a74c0940bf425f396,1337869,,,,,,,,,,,,,,,,,,,,,,,,,,,,,,,,,,,,,,,,,,,,,,,,,,,,,,,,,,,,,TN,TN
autoland,4769114,12,1a03ada32d4ae63ebeeb4561891b61c1e6e17a68,windows10-64-shippable-qr,True,False,,,102210fe594ee9b33d82058545b1ed14f4c8206e,browser-toolbox.close-process.DAMP,damp,True,damp browser-toolbox.close-process.DAMP opt e10s fission stylo webrender-sw,4768818,77,ms,firefox,,1801013378,2023-11-26 15:57:31,74.99411200506438,0cd5e7d76f8ac3e26423c36c9d06f91a310dab45,1337946,,,,,,,,,,,,,,,,,,,,,,,,,,,,,,,,,,,,,,,,,,,,,,,,,,,,,,,,,,,,,TN,TN
autoland,4769114,12,1a03ada32d4ae63ebeeb4561891b61c1e6e17a68,windows10-64-shippable-qr,True,False,,,102210fe594ee9b33d82058545b1ed14f4c8206e,browser-toolbox.close-process.DAMP,damp,True,damp browser-toolbox.close-process.DAMP opt e10s fission stylo webrender-sw,4768818,77,ms,firefox,,1801057209,2023-11-26 18:39:37,74.34375264531991,ffaaa99c517223770b014031e25b54d585f95ef2,1337950,,,,,,,,,,,,,,,,,,,,,,,,,,,,,,,,,,,,,,,,,,,,,,,,,,,,,,,,,,,,,TN,TN
autoland,4769114,12,1a03ada32d4ae63ebeeb4561891b61c1e6e17a68,windows10-64-shippable-qr,True,False,,,102210fe594ee9b33d82058545b1ed14f4c8206e,browser-toolbox.close-process.DAMP,damp,True,damp browser-toolbox.close-process.DAMP opt e10s fission stylo webrender-sw,4768818,77,ms,firefox,,1801191528,2023-11-27 01:49:37,75.46378627090598,edf9292c0bc9c671afa4de12648c16622e9d418c,1337984,,,,,,,,,,,,,,,,,,,,,,,,,,,,,,,,,,,,,,,,,,,,,,,,,,,,,,,,,,,,,TN,TN
autoland,4769114,12,1a03ada32d4ae63ebeeb4561891b61c1e6e17a68,windows10-64-shippable-qr,True,False,,,102210fe594ee9b33d82058545b1ed14f4c8206e,browser-toolbox.close-process.DAMP,damp,True,damp browser-toolbox.close-process.DAMP opt e10s fission stylo webrender-sw,4768818,77,ms,firefox,,1801416359,2023-11-27 10:22:36,75.86388038590667,c1a92ff5b44e8a296b847ed428ebeec04f7f8f72,1338085,,,,,,,,,,,,,,,,,,,,,,,,,,,,,,,,,,,,,,,,,,,,,,,,,,,,,,,,,,,,,TN,TN
autoland,4769114,12,1a03ada32d4ae63ebeeb4561891b61c1e6e17a68,windows10-64-shippable-qr,True,False,,,102210fe594ee9b33d82058545b1ed14f4c8206e,browser-toolbox.close-process.DAMP,damp,True,damp browser-toolbox.close-process.DAMP opt e10s fission stylo webrender-sw,4768818,77,ms,firefox,,1801467102,2023-11-27 14:05:43,74.82210569111339,9ca2bcf6799b1a5f71d2d58db26f6b6c16a90427,1338215,,,,,,,,,,,,,,,,,,,,,,,,,,,,,,,,,,,,,,,,,,,,,,,,,,,,,,,,,,,,,TN,TN
autoland,4769114,12,1a03ada32d4ae63ebeeb4561891b61c1e6e17a68,windows10-64-shippable-qr,True,False,,,102210fe594ee9b33d82058545b1ed14f4c8206e,browser-toolbox.close-process.DAMP,damp,True,damp browser-toolbox.close-process.DAMP opt e10s fission stylo webrender-sw,4768818,77,ms,firefox,,1801656388,2023-11-27 17:34:20,74.06052186497254,6aa54d6d7cbf1a46e62c6765c489a940322b6bca,1338399,,,,,,,,,,,,,,,,,,,,,,,,,,,,,,,,,,,,,,,,,,,,,,,,,,,,,,,,,,,,,TN,TN
autoland,4769114,12,1a03ada32d4ae63ebeeb4561891b61c1e6e17a68,windows10-64-shippable-qr,True,False,,,102210fe594ee9b33d82058545b1ed14f4c8206e,browser-toolbox.close-process.DAMP,damp,True,damp browser-toolbox.close-process.DAMP opt e10s fission stylo webrender-sw,4768818,77,ms,firefox,,1801997944,2023-11-28 05:10:16,76.59206264142995,fbcb2af38cdaecde2b2da1efc0fc49b82fa9749e,1338781,,,,,,,,,,,,,,,,,,,,,,,,,,,,,,,,,,,,,,,,,,,,,,,,,,,,,,,,,,,,,TN,TN
autoland,4769114,12,1a03ada32d4ae63ebeeb4561891b61c1e6e17a68,windows10-64-shippable-qr,True,False,,,102210fe594ee9b33d82058545b1ed14f4c8206e,browser-toolbox.close-process.DAMP,damp,True,damp browser-toolbox.close-process.DAMP opt e10s fission stylo webrender-sw,4768818,77,ms,firefox,,1802103522,2023-11-28 08:42:21,75.05572261911584,785b3d438fe5a8cba4caf5f4a2ed7250d324096c,1338855,,,,,,,,,,,,,,,,,,,,,,,,,,,,,,,,,,,,,,,,,,,,,,,,,,,,,,,,,,,,,TN,TN
autoland,4769114,12,1a03ada32d4ae63ebeeb4561891b61c1e6e17a68,windows10-64-shippable-qr,True,False,,,102210fe594ee9b33d82058545b1ed14f4c8206e,browser-toolbox.close-process.DAMP,damp,True,damp browser-toolbox.close-process.DAMP opt e10s fission stylo webrender-sw,4768818,77,ms,firefox,,1802236804,2023-11-28 13:17:34,74.24140334493131,1957c4453ab1dfba8b7820dbf2fe772220e6eedc,1339007,,,,,,,,,,,,,,,,,,,,,,,,,,,,,,,,,,,,,,,,,,,,,,,,,,,,,,,,,,,,,TN,TN
autoland,4769114,12,1a03ada32d4ae63ebeeb4561891b61c1e6e17a68,windows10-64-shippable-qr,True,False,,,102210fe594ee9b33d82058545b1ed14f4c8206e,browser-toolbox.close-process.DAMP,damp,True,damp browser-toolbox.close-process.DAMP opt e10s fission stylo webrender-sw,4768818,77,ms,firefox,,1802499969,2023-11-28 14:12:32,75.13896545194439,0745c3e29ba3856c91cbae74bd41d2135137bfd0,1339043,,,,,,,,,,,,,,,,,,,,,,,,,,,,,,,,,,,,,,,,,,,,,,,,,,,,,,,,,,,,,TN,TN
autoland,4769114,12,1a03ada32d4ae63ebeeb4561891b61c1e6e17a68,windows10-64-shippable-qr,True,False,,,102210fe594ee9b33d82058545b1ed14f4c8206e,browser-toolbox.close-process.DAMP,damp,True,damp browser-toolbox.close-process.DAMP opt e10s fission stylo webrender-sw,4768818,77,ms,firefox,,1802511218,2023-11-28 17:36:07,74.25673800645745,691b7e1a899214d8685841da762bd2b2415fa569,1339183,,,,,,,,,,,,,,,,,,,,,,,,,,,,,,,,,,,,,,,,,,,,,,,,,,,,,,,,,,,,,TN,TN
autoland,4769114,12,1a03ada32d4ae63ebeeb4561891b61c1e6e17a68,windows10-64-shippable-qr,True,False,,,102210fe594ee9b33d82058545b1ed14f4c8206e,browser-toolbox.close-process.DAMP,damp,True,damp browser-toolbox.close-process.DAMP opt e10s fission stylo webrender-sw,4768818,77,ms,firefox,,1802544143,2023-11-28 21:29:24,74.19554463896202,000fea3a9ed37b16c009c76e8af859a50c9234dc,1339366,,,,,,,,,,,,,,,,,,,,,,,,,,,,,,,,,,,,,,,,,,,,,,,,,,,,,,,,,,,,,TN,TN
autoland,4769114,12,1a03ada32d4ae63ebeeb4561891b61c1e6e17a68,windows10-64-shippable-qr,True,False,,,102210fe594ee9b33d82058545b1ed14f4c8206e,browser-toolbox.close-process.DAMP,damp,True,damp browser-toolbox.close-process.DAMP opt e10s fission stylo webrender-sw,4768818,77,ms,firefox,,1802615329,2023-11-29 01:28:26,74.94478938044631,a162f6ee0eef32a68c73ddb77aa04efda3afeb7c,1339520,,,,,,,,,,,,,,,,,,,,,,,,,,,,,,,,,,,,,,,,,,,,,,,,,,,,,,,,,,,,,TN,TN
autoland,4769114,12,1a03ada32d4ae63ebeeb4561891b61c1e6e17a68,windows10-64-shippable-qr,True,False,,,102210fe594ee9b33d82058545b1ed14f4c8206e,browser-toolbox.close-process.DAMP,damp,True,damp browser-toolbox.close-process.DAMP opt e10s fission stylo webrender-sw,4768818,77,ms,firefox,,1802921697,2023-11-29 06:56:45,76.88097481953446,b675f0a9e569a63bedb249150a2be6b3e15197f9,1339623,,,,,,,,,,,,,,,,,,,,,,,,,,,,,,,,,,,,,,,,,,,,,,,,,,,,,,,,,,,,,TN,TN
autoland,4769114,12,1a03ada32d4ae63ebeeb4561891b61c1e6e17a68,windows10-64-shippable-qr,True,False,,,102210fe594ee9b33d82058545b1ed14f4c8206e,browser-toolbox.close-process.DAMP,damp,True,damp browser-toolbox.close-process.DAMP opt e10s fission stylo webrender-sw,4768818,77,ms,firefox,,1802937469,2023-11-29 09:02:39,76.24836629416677,66c2fb78dfe25ce9af21d0e1dd82f62dbb5da53f,1339662,,,,,,,,,,,,,,,,,,,,,,,,,,,,,,,,,,,,,,,,,,,,,,,,,,,,,,,,,,,,,TN,TN
autoland,4769114,12,1a03ada32d4ae63ebeeb4561891b61c1e6e17a68,windows10-64-shippable-qr,True,False,,,102210fe594ee9b33d82058545b1ed14f4c8206e,browser-toolbox.close-process.DAMP,damp,True,damp browser-toolbox.close-process.DAMP opt e10s fission stylo webrender-sw,4768818,77,ms,firefox,,1803306109,2023-11-29 22:52:27,74.55293904815335,65a0553b296ae1432e5d18c3d2d607cacbb0a35e,1340166,,,,,,,,,,,,,,,,,,,,,,,,,,,,,,,,,,,,,,,,,,,,,,,,,,,,,,,,,,,,,TN,TN
autoland,4769114,12,1a03ada32d4ae63ebeeb4561891b61c1e6e17a68,windows10-64-shippable-qr,True,False,,,102210fe594ee9b33d82058545b1ed14f4c8206e,browser-toolbox.close-process.DAMP,damp,True,damp browser-toolbox.close-process.DAMP opt e10s fission stylo webrender-sw,4768818,77,ms,firefox,,1803319599,2023-11-29 22:59:56,74.6261804580572,4bbe309179a5869e893e8f9ed2b110ef00ccec95,1340178,,,,,,,,,,,,,,,,,,,,,,,,,,,,,,,,,,,,,,,,,,,,,,,,,,,,,,,,,,,,,TN,TN
autoland,4769114,12,1a03ada32d4ae63ebeeb4561891b61c1e6e17a68,windows10-64-shippable-qr,True,False,,,102210fe594ee9b33d82058545b1ed14f4c8206e,browser-toolbox.close-process.DAMP,damp,True,damp browser-toolbox.close-process.DAMP opt e10s fission stylo webrender-sw,4768818,77,ms,firefox,,1803445501,2023-11-30 04:33:01,74.0036645565342,556c8b22cbbbcc165c42b2c52ebdfd01be3cee6b,1340302,,,,,,,,,,,,,,,,,,,,,,,,,,,,,,,,,,,,,,,,,,,,,,,,,,,,,,,,,,,,,TN,TN
autoland,4769114,12,1a03ada32d4ae63ebeeb4561891b61c1e6e17a68,windows10-64-shippable-qr,True,False,,,102210fe594ee9b33d82058545b1ed14f4c8206e,browser-toolbox.close-process.DAMP,damp,True,damp browser-toolbox.close-process.DAMP opt e10s fission stylo webrender-sw,4768818,77,ms,firefox,,1804012933,2023-11-30 13:07:37,78.36539478975465,120432262a8cb73f69c8d683b4ddec3a037cbd91,1340520,,,,,,,,,,,,,,,,,,,,,,,,,,,,,,,,,,,,,,,,,,,,,,,,,,,,,,,,,,,,,TN,TN
autoland,4769114,12,1a03ada32d4ae63ebeeb4561891b61c1e6e17a68,windows10-64-shippable-qr,True,False,,,102210fe594ee9b33d82058545b1ed14f4c8206e,browser-toolbox.close-process.DAMP,damp,True,damp browser-toolbox.close-process.DAMP opt e10s fission stylo webrender-sw,4768818,77,ms,firefox,,1804043107,2023-11-30 13:51:04,80.48505423605093,1d1fb9d5a4974d94e8c317f226c962fd351eae27,1340541,,,,,,,,,,,,,,,,,,,,,,,,,,,,,,,,,,,,,,,,,,,,,,,,,,,,,,,,,,,,,TN,TN
autoland,4769114,12,1a03ada32d4ae63ebeeb4561891b61c1e6e17a68,windows10-64-shippable-qr,True,False,,,102210fe594ee9b33d82058545b1ed14f4c8206e,browser-toolbox.close-process.DAMP,damp,True,damp browser-toolbox.close-process.DAMP opt e10s fission stylo webrender-sw,4768818,77,ms,firefox,,1804173125,2023-11-30 17:04:12,76.81668600319972,3ec1ddf45e5a6562bd1d81fe4144541880bf3a24,1340716,,,,,,,,,,,,,,,,,,,,,,,,,,,,,,,,,,,,,,,,,,,,,,,,,,,,,,,,,,,,,TN,TN
autoland,4769114,12,1a03ada32d4ae63ebeeb4561891b61c1e6e17a68,windows10-64-shippable-qr,True,False,,,102210fe594ee9b33d82058545b1ed14f4c8206e,browser-toolbox.close-process.DAMP,damp,True,damp browser-toolbox.close-process.DAMP opt e10s fission stylo webrender-sw,4768818,77,ms,firefox,,1804215264,2023-11-30 20:20:14,72.8243788083928,620e49ab6438e8c933133e9b4eb7a11188514a70,1340881,,,,,,,,,,,,,,,,,,,,,,,,,,,,,,,,,,,,,,,,,,,,,,,,,,,,,,,,,,,,,TN,TN
autoland,4769114,12,1a03ada32d4ae63ebeeb4561891b61c1e6e17a68,windows10-64-shippable-qr,True,False,,,102210fe594ee9b33d82058545b1ed14f4c8206e,browser-toolbox.close-process.DAMP,damp,True,damp browser-toolbox.close-process.DAMP opt e10s fission stylo webrender-sw,4768818,77,ms,firefox,,1804237742,2023-11-30 22:54:04,73.84752390355425,68378d2409bc693ef00f3f157ecaea7067df7edc,1340995,,,,,,,,,,,,,,,,,,,,,,,,,,,,,,,,,,,,,,,,,,,,,,,,,,,,,,,,,,,,,TN,TN
autoland,4769114,12,1a03ada32d4ae63ebeeb4561891b61c1e6e17a68,windows10-64-shippable-qr,True,False,,,102210fe594ee9b33d82058545b1ed14f4c8206e,browser-toolbox.close-process.DAMP,damp,True,damp browser-toolbox.close-process.DAMP opt e10s fission stylo webrender-sw,4768818,77,ms,firefox,,1804255342,2023-12-01 03:29:20,75.53544042698923,a1795b069cc23fbcb93366d99b3ddfb8664f054c,1341103,,,,,,,,,,,,,,,,,,,,,,,,,,,,,,,,,,,,,,,,,,,,,,,,,,,,,,,,,,,,,TN,TN
autoland,4769114,12,1a03ada32d4ae63ebeeb4561891b61c1e6e17a68,windows10-64-shippable-qr,True,False,,,102210fe594ee9b33d82058545b1ed14f4c8206e,browser-toolbox.close-process.DAMP,damp,True,damp browser-toolbox.close-process.DAMP opt e10s fission stylo webrender-sw,4768818,77,ms,firefox,,1804475658,2023-12-01 07:13:54,74.29550470599497,81869d55a8d7b3d1d573810ab4e99f63cbe11a8a,1341156,,,,,,,,,,,,,,,,,,,,,,,,,,,,,,,,,,,,,,,,,,,,,,,,,,,,,,,,,,,,,TN,TN
autoland,4769114,12,1a03ada32d4ae63ebeeb4561891b61c1e6e17a68,windows10-64-shippable-qr,True,False,,,102210fe594ee9b33d82058545b1ed14f4c8206e,browser-toolbox.close-process.DAMP,damp,True,damp browser-toolbox.close-process.DAMP opt e10s fission stylo webrender-sw,4768818,77,ms,firefox,,1805730852,2023-12-01 07:41:10,70.79271456267452,e6604fb069b07e3f3c03d20bb7e1c3dc52f949a3,1341161,,,,,,,,,,,,,,,,,,,,,,,,,,,,,,,,,,,,,,,,,,,,,,,,,,,,,,,,,,,,,TN,TN
autoland,4769114,12,1a03ada32d4ae63ebeeb4561891b61c1e6e17a68,windows10-64-shippable-qr,True,False,,,102210fe594ee9b33d82058545b1ed14f4c8206e,browser-toolbox.close-process.DAMP,damp,True,damp browser-toolbox.close-process.DAMP opt e10s fission stylo webrender-sw,4768818,77,ms,firefox,,1805730793,2023-12-01 08:58:40,71.59475180149457,f1192c50f4b6343a8134ae2b1cef72a84d1630c8,1341194,,,,,,,,,,,,,,,,,,,,,,,,,,,,,,,,,,,,,,,,,,,,,,,,,,,,,,,,,,,,,TN,TN
autoland,4769114,12,1a03ada32d4ae63ebeeb4561891b61c1e6e17a68,windows10-64-shippable-qr,True,False,,,102210fe594ee9b33d82058545b1ed14f4c8206e,browser-toolbox.close-process.DAMP,damp,True,damp browser-toolbox.close-process.DAMP opt e10s fission stylo webrender-sw,4768818,77,ms,firefox,,1805730730,2023-12-01 08:58:40,75.31224367959658,f1192c50f4b6343a8134ae2b1cef72a84d1630c8,1341194,,,,,,,,,,,,,,,,,,,,,,,,,,,,,,,,,,,,,,,,,,,,,,,,,,,,,,,,,,,,,TN,TN
autoland,4769114,12,1a03ada32d4ae63ebeeb4561891b61c1e6e17a68,windows10-64-shippable-qr,True,False,,,102210fe594ee9b33d82058545b1ed14f4c8206e,browser-toolbox.close-process.DAMP,damp,True,damp browser-toolbox.close-process.DAMP opt e10s fission stylo webrender-sw,4768818,77,ms,firefox,,1805730919,2023-12-01 09:26:08,70.25555604862893,50adff889ac69faea5d7ec51b9e6506b23a4fb3c,1341200,,,,,,,,,,,,,,,,,,,,,,,,,,,,,,,,,,,,,,,,,,,,,,,,,,,,,,,,,,,,,TN,TN
autoland,4769114,12,1a03ada32d4ae63ebeeb4561891b61c1e6e17a68,windows10-64-shippable-qr,True,False,,,102210fe594ee9b33d82058545b1ed14f4c8206e,browser-toolbox.close-process.DAMP,damp,True,damp browser-toolbox.close-process.DAMP opt e10s fission stylo webrender-sw,4768818,77,ms,firefox,,1805731020,2023-12-01 09:26:08,75.21486083666969,50adff889ac69faea5d7ec51b9e6506b23a4fb3c,1341200,,,,,,,,,,,,,,,,,,,,,,,,,,,,,,,,,,,,,,,,,,,,,,,,,,,,,,,,,,,,,TN,TN
autoland,4769114,12,1a03ada32d4ae63ebeeb4561891b61c1e6e17a68,windows10-64-shippable-qr,True,False,,,102210fe594ee9b33d82058545b1ed14f4c8206e,browser-toolbox.close-process.DAMP,damp,True,damp browser-toolbox.close-process.DAMP opt e10s fission stylo webrender-sw,4768818,77,ms,firefox,,1805731082,2023-12-01 09:59:32,75.28929721476743,8493fb875960b426cb370c157c238bf6f607145f,1341213,,,,,,,,,,,,,,,,,,,,,,,,,,,,,,,,,,,,,,,,,,,,,,,,,,,,,,,,,,,,,TN,TN
autoland,4769114,12,1a03ada32d4ae63ebeeb4561891b61c1e6e17a68,windows10-64-shippable-qr,True,False,,,102210fe594ee9b33d82058545b1ed14f4c8206e,browser-toolbox.close-process.DAMP,damp,True,damp browser-toolbox.close-process.DAMP opt e10s fission stylo webrender-sw,4768818,77,ms,firefox,,1805731192,2023-12-01 09:59:32,73.73149591546098,8493fb875960b426cb370c157c238bf6f607145f,1341213,,,,,,,,,,,,,,,,,,,,,,,,,,,,,,,,,,,,,,,,,,,,,,,,,,,,,,,,,,,,,TN,TN
autoland,4769114,12,1a03ada32d4ae63ebeeb4561891b61c1e6e17a68,windows10-64-shippable-qr,True,False,,,102210fe594ee9b33d82058545b1ed14f4c8206e,browser-toolbox.close-process.DAMP,damp,True,damp browser-toolbox.close-process.DAMP opt e10s fission stylo webrender-sw,4768818,77,ms,firefox,,1805731191,2023-12-01 10:21:09,75.54629555989231,143b93a3e77c927d6e77d1aedfd4f9acc14d1acb,1341219,,,,,,,,,,,,,,,,,,,,,,,,,,,,,,,,,,,,,,,,,,,,,,,,,,,,,,,,,,,,,TN,TN
autoland,4769114,12,1a03ada32d4ae63ebeeb4561891b61c1e6e17a68,windows10-64-shippable-qr,True,False,,,102210fe594ee9b33d82058545b1ed14f4c8206e,browser-toolbox.close-process.DAMP,damp,True,damp browser-toolbox.close-process.DAMP opt e10s fission stylo webrender-sw,4768818,77,ms,firefox,,1805731325,2023-12-01 10:21:09,76.49562205343682,143b93a3e77c927d6e77d1aedfd4f9acc14d1acb,1341219,,,,,,,,,,,,,,,,,,,,,,,,,,,,,,,,,,,,,,,,,,,,,,,,,,,,,,,,,,,,,TN,TN
autoland,4769114,12,1a03ada32d4ae63ebeeb4561891b61c1e6e17a68,windows10-64-shippable-qr,True,False,,,102210fe594ee9b33d82058545b1ed14f4c8206e,browser-toolbox.close-process.DAMP,damp,True,damp browser-toolbox.close-process.DAMP opt e10s fission stylo webrender-sw,4768818,77,ms,firefox,,1805731261,2023-12-01 10:30:18,77.13793316489318,19eda71363ab1425357d6d720594c8ef5cf5d5c6,1341227,,,,,,,,,,,,,,,,,,,,,,,,,,,,,,,,,,,,,,,,,,,,,,,,,,,,,,,,,,,,,TN,TN
autoland,4769114,12,1a03ada32d4ae63ebeeb4561891b61c1e6e17a68,windows10-64-shippable-qr,True,False,,,102210fe594ee9b33d82058545b1ed14f4c8206e,browser-toolbox.close-process.DAMP,damp,True,damp browser-toolbox.close-process.DAMP opt e10s fission stylo webrender-sw,4768818,77,ms,firefox,,1805731384,2023-12-01 10:30:18,74.70757075082656,19eda71363ab1425357d6d720594c8ef5cf5d5c6,1341227,,,,,,,,,,,,,,,,,,,,,,,,,,,,,,,,,,,,,,,,,,,,,,,,,,,,,,,,,,,,,TN,TN
autoland,4769114,12,1a03ada32d4ae63ebeeb4561891b61c1e6e17a68,windows10-64-shippable-qr,True,False,,,102210fe594ee9b33d82058545b1ed14f4c8206e,browser-toolbox.close-process.DAMP,damp,True,damp browser-toolbox.close-process.DAMP opt e10s fission stylo webrender-sw,4768818,77,ms,firefox,,1805731583,2023-12-01 10:42:14,74.73779640092107,80c347e2ad673598beb6932f2f2e59d72949ac7d,1341233,,,,,,,,,,,,,,,,,,,,,,,,,,,,,,,,,,,,,,,,,,,,,,,,,,,,,,,,,,,,,TN,TN
autoland,4769114,12,1a03ada32d4ae63ebeeb4561891b61c1e6e17a68,windows10-64-shippable-qr,True,False,,,102210fe594ee9b33d82058545b1ed14f4c8206e,browser-toolbox.close-process.DAMP,damp,True,damp browser-toolbox.close-process.DAMP opt e10s fission stylo webrender-sw,4768818,77,ms,firefox,,1805731476,2023-12-01 10:42:14,71.59265532206337,80c347e2ad673598beb6932f2f2e59d72949ac7d,1341233,,,,,,,,,,,,,,,,,,,,,,,,,,,,,,,,,,,,,,,,,,,,,,,,,,,,,,,,,,,,,TN,TN
autoland,4769114,12,1a03ada32d4ae63ebeeb4561891b61c1e6e17a68,windows10-64-shippable-qr,True,False,,,102210fe594ee9b33d82058545b1ed14f4c8206e,browser-toolbox.close-process.DAMP,damp,True,damp browser-toolbox.close-process.DAMP opt e10s fission stylo webrender-sw,4768818,77,ms,firefox,,1805731793,2023-12-01 11:10:11,73.46969356157933,e331d786fff59883143e4b57266290f21d3f8ebd,1341259,,,,,,,,,,,,,,,,,,,,,,,,,,,,,,,,,,,,,,,,,,,,,,,,,,,,,,,,,,,,,TN,TN
autoland,4769114,12,1a03ada32d4ae63ebeeb4561891b61c1e6e17a68,windows10-64-shippable-qr,True,False,,,102210fe594ee9b33d82058545b1ed14f4c8206e,browser-toolbox.close-process.DAMP,damp,True,damp browser-toolbox.close-process.DAMP opt e10s fission stylo webrender-sw,4768818,77,ms,firefox,,1805731722,2023-12-01 11:10:11,73.93320442301047,e331d786fff59883143e4b57266290f21d3f8ebd,1341259,,,,,,,,,,,,,,,,,,,,,,,,,,,,,,,,,,,,,,,,,,,,,,,,,,,,,,,,,,,,,TN,TN
autoland,4769114,12,1a03ada32d4ae63ebeeb4561891b61c1e6e17a68,windows10-64-shippable-qr,True,False,,,102210fe594ee9b33d82058545b1ed14f4c8206e,browser-toolbox.close-process.DAMP,damp,True,damp browser-toolbox.close-process.DAMP opt e10s fission stylo webrender-sw,4768818,77,ms,firefox,,1804486656,2023-12-01 11:47:02,77.57802961338166,7440634a33a31738fc145eeac0bb47bc73fc64a0,1341285,,,,,,,,,,,,,,,,,,,,,,,,,,,,,,,,,,,,,,,,,,,,,,,,,,,,,,,,,,,,,TN,TN
autoland,4769114,12,1a03ada32d4ae63ebeeb4561891b61c1e6e17a68,windows10-64-shippable-qr,True,False,,,102210fe594ee9b33d82058545b1ed14f4c8206e,browser-toolbox.close-process.DAMP,damp,True,damp browser-toolbox.close-process.DAMP opt e10s fission stylo webrender-sw,4768818,77,ms,firefox,,1805758961,2023-12-01 11:50:57,70.43655873018724,cd6420d802d0aac629211b7941f8e8a45cd976ff,1341290,,,,,,,,,,,,,,,,,,,,,,,,,,,,,,,,,,,,,,,,,,,,,,,,,,,,,,,,,,,,,TN,TN
autoland,4769114,12,1a03ada32d4ae63ebeeb4561891b61c1e6e17a68,windows10-64-shippable-qr,True,False,,,102210fe594ee9b33d82058545b1ed14f4c8206e,browser-toolbox.close-process.DAMP,damp,True,damp browser-toolbox.close-process.DAMP opt e10s fission stylo webrender-sw,4768818,77,ms,firefox,,1805758887,2023-12-01 11:50:57,75.98914969788166,cd6420d802d0aac629211b7941f8e8a45cd976ff,1341290,,,,,,,,,,,,,,,,,,,,,,,,,,,,,,,,,,,,,,,,,,,,,,,,,,,,,,,,,,,,,TN,TN
autoland,4769114,12,1a03ada32d4ae63ebeeb4561891b61c1e6e17a68,windows10-64-shippable-qr,True,False,,,102210fe594ee9b33d82058545b1ed14f4c8206e,browser-toolbox.close-process.DAMP,damp,True,damp browser-toolbox.close-process.DAMP opt e10s fission stylo webrender-sw,4768818,77,ms,firefox,,1805563613,2023-12-01 12:02:50,68.99094067663827,fd7274fbdd8b4525ecd996f42fedab0e0ac90ea9,1341303,,,,,,,,,,,,,,,,,,,,,,,,,,,,,,,,,,,,,,,,,,,,,,,,,,,,,,,,,,,,,TN,TN
autoland,4769114,12,1a03ada32d4ae63ebeeb4561891b61c1e6e17a68,windows10-64-shippable-qr,True,False,,,102210fe594ee9b33d82058545b1ed14f4c8206e,browser-toolbox.close-process.DAMP,damp,True,damp browser-toolbox.close-process.DAMP opt e10s fission stylo webrender-sw,4768818,77,ms,firefox,,1805563712,2023-12-01 12:39:48,71.83839092712151,1f71cce4363a35b895e9f8f1124735303759ae82,1341332,,,,,,,,,,,,,,,,,,,,,,,,,,,,,,,,,,,,,,,,,,,,,,,,,,,,,,,,,,,,,TN,TN
autoland,4769114,12,1a03ada32d4ae63ebeeb4561891b61c1e6e17a68,windows10-64-shippable-qr,True,False,,,102210fe594ee9b33d82058545b1ed14f4c8206e,browser-toolbox.close-process.DAMP,damp,True,damp browser-toolbox.close-process.DAMP opt e10s fission stylo webrender-sw,4768818,77,ms,firefox,,1805563883,2023-12-01 12:44:16,72.27595566492528,58c6f5cb94282528c725fffda1a1cd5a3800e9e9,1341337,,,,,,,,,,,,,,,,,,,,,,,,,,,,,,,,,,,,,,,,,,,,,,,,,,,,,,,,,,,,,TN,TN
autoland,4769114,12,1a03ada32d4ae63ebeeb4561891b61c1e6e17a68,windows10-64-shippable-qr,True,False,,,102210fe594ee9b33d82058545b1ed14f4c8206e,browser-toolbox.close-process.DAMP,damp,True,damp browser-toolbox.close-process.DAMP opt e10s fission stylo webrender-sw,4768818,77,ms,firefox,,1805565974,2023-12-01 13:00:41,71.09184626763454,f89831abe6ddccce7dfe467d1f111b77b678b408,1341345,,,,,,,,,,,,,,,,,,,,,,,,,,,,,,,,,,,,,,,,,,,,,,,,,,,,,,,,,,,,,TN,TN
autoland,4769114,12,1a03ada32d4ae63ebeeb4561891b61c1e6e17a68,windows10-64-shippable-qr,True,False,,,102210fe594ee9b33d82058545b1ed14f4c8206e,browser-toolbox.close-process.DAMP,damp,True,damp browser-toolbox.close-process.DAMP opt e10s fission stylo webrender-sw,4768818,77,ms,firefox,,1805566626,2023-12-01 13:01:37,71.6589229418314,90e9477565d002c028c3f4d8f81c84080cce1e3b,1341346,,,,,,,,,,,,,,,,,,,,,,,,,,,,,,,,,,,,,,,,,,,,,,,,,,,,,,,,,,,,,TN,TN
autoland,4769114,12,1a03ada32d4ae63ebeeb4561891b61c1e6e17a68,windows10-64-shippable-qr,True,False,,,102210fe594ee9b33d82058545b1ed14f4c8206e,browser-toolbox.close-process.DAMP,damp,True,damp browser-toolbox.close-process.DAMP opt e10s fission stylo webrender-sw,4768818,77,ms,firefox,,1805566947,2023-12-01 13:48:31,70.58440634183353,5177acef242edbb10cf3e2e072c420f03c5f8b5e,1341373,,,,,,,,,,,,,,,,,,,,,,,,,,,,,,,,,,,,,,,,,,,,,,,,,,,,,,,,,,,,,TN,TN
autoland,4769114,12,1a03ada32d4ae63ebeeb4561891b61c1e6e17a68,windows10-64-shippable-qr,True,False,,,102210fe594ee9b33d82058545b1ed14f4c8206e,browser-toolbox.close-process.DAMP,damp,True,damp browser-toolbox.close-process.DAMP opt e10s fission stylo webrender-sw,4768818,77,ms,firefox,,1805566720,2023-12-01 13:57:21,70.74371059308032,efcdf995dbc7ea9a7b808bb369e34f6ff44ed14d,1341380,,,,,,,,,,,,,,,,,,,,,,,,,,,,,,,,,,,,,,,,,,,,,,,,,,,,,,,,,,,,,TN,TN
autoland,4769114,12,1a03ada32d4ae63ebeeb4561891b61c1e6e17a68,windows10-64-shippable-qr,True,False,,,102210fe594ee9b33d82058545b1ed14f4c8206e,browser-toolbox.close-process.DAMP,damp,True,damp browser-toolbox.close-process.DAMP opt e10s fission stylo webrender-sw,4768818,77,ms,firefox,,1805566834,2023-12-01 14:00:41,70.55305187683553,07f551748c487487678c7828d900083bc1fb6149,1341383,,,,,,,,,,,,,,,,,,,,,,,,,,,,,,,,,,,,,,,,,,,,,,,,,,,,,,,,,,,,,TN,TN
autoland,4769114,12,1a03ada32d4ae63ebeeb4561891b61c1e6e17a68,windows10-64-shippable-qr,True,False,,,102210fe594ee9b33d82058545b1ed14f4c8206e,browser-toolbox.close-process.DAMP,damp,True,damp browser-toolbox.close-process.DAMP opt e10s fission stylo webrender-sw,4768818,77,ms,firefox,,1805566918,2023-12-01 14:01:46,72.25647500469495,71f59ee0f6425c870c09e52dc50e45e1354f37b2,1341384,,,,,,,,,,,,,,,,,,,,,,,,,,,,,,,,,,,,,,,,,,,,,,,,,,,,,,,,,,,,,TN,TN
autoland,4769114,12,1a03ada32d4ae63ebeeb4561891b61c1e6e17a68,windows10-64-shippable-qr,True,False,,,102210fe594ee9b33d82058545b1ed14f4c8206e,browser-toolbox.close-process.DAMP,damp,True,damp browser-toolbox.close-process.DAMP opt e10s fission stylo webrender-sw,4768818,77,ms,firefox,,1804546414,2023-12-01 14:17:01,75.66792925802292,22b9561cfef1c56a9940f5117d7ff6a754861629,1341402,,,,,,,,,,,,,,,,,,,,,,,,,,,,,,,,,,,,,,,,,,,,,,,,,,,,,,,,,,,,,TN,TN
autoland,4769114,12,1a03ada32d4ae63ebeeb4561891b61c1e6e17a68,windows10-64-shippable-qr,True,False,,,102210fe594ee9b33d82058545b1ed14f4c8206e,browser-toolbox.close-process.DAMP,damp,True,damp browser-toolbox.close-process.DAMP opt e10s fission stylo webrender-sw,4768818,77,ms,firefox,,1805564298,2023-12-01 16:19:01,71.21165420630132,371b0bc9d41a54c3845d8e6e08fe4481a97cbca3,1341496,,,,,,,,,,,,,,,,,,,,,,,,,,,,,,,,,,,,,,,,,,,,,,,,,,,,,,,,,,,,,TN,TN
autoland,4769114,12,1a03ada32d4ae63ebeeb4561891b61c1e6e17a68,windows10-64-shippable-qr,True,False,,,102210fe594ee9b33d82058545b1ed14f4c8206e,browser-toolbox.close-process.DAMP,damp,True,damp browser-toolbox.close-process.DAMP opt e10s fission stylo webrender-sw,4768818,77,ms,firefox,,1805564614,2023-12-01 16:20:05,72.28977966256207,ee79c48e48eabc16ef003194ce47bf6ec871e262,1341497,,,,,,,,,,,,,,,,,,,,,,,,,,,,,,,,,,,,,,,,,,,,,,,,,,,,,,,,,,,,,TN,TN
autoland,4769114,12,1a03ada32d4ae63ebeeb4561891b61c1e6e17a68,windows10-64-shippable-qr,True,False,,,102210fe594ee9b33d82058545b1ed14f4c8206e,browser-toolbox.close-process.DAMP,damp,True,damp browser-toolbox.close-process.DAMP opt e10s fission stylo webrender-sw,4768818,77,ms,firefox,,1805564498,2023-12-01 16:21:07,70.6052999500389,c8974c34f991645db30a3c2232f0429417bfe94b,1341499,,,,,,,,,,,,,,,,,,,,,,,,,,,,,,,,,,,,,,,,,,,,,,,,,,,,,,,,,,,,,TN,TN
autoland,4769114,12,1a03ada32d4ae63ebeeb4561891b61c1e6e17a68,windows10-64-shippable-qr,True,False,,,102210fe594ee9b33d82058545b1ed14f4c8206e,browser-toolbox.close-process.DAMP,damp,True,damp browser-toolbox.close-process.DAMP opt e10s fission stylo webrender-sw,4768818,77,ms,firefox,,1805564325,2023-12-01 16:22:06,71.2308174900827,44470c87d2b99f2d2b7ef3520b88c841b0251ee6,1341500,,,,,,,,,,,,,,,,,,,,,,,,,,,,,,,,,,,,,,,,,,,,,,,,,,,,,,,,,,,,,TN,TN
autoland,4769114,12,1a03ada32d4ae63ebeeb4561891b61c1e6e17a68,windows10-64-shippable-qr,True,False,,,102210fe594ee9b33d82058545b1ed14f4c8206e,browser-toolbox.close-process.DAMP,damp,True,damp browser-toolbox.close-process.DAMP opt e10s fission stylo webrender-sw,4768818,77,ms,firefox,,1805564439,2023-12-01 17:10:30,70.97435498338746,b238679471b97efe72d5c4bfff28123b0601db9a,1341524,,,,,,,,,,,,,,,,,,,,,,,,,,,,,,,,,,,,,,,,,,,,,,,,,,,,,,,,,,,,,TN,TN
autoland,4769114,12,1a03ada32d4ae63ebeeb4561891b61c1e6e17a68,windows10-64-shippable-qr,True,False,,,102210fe594ee9b33d82058545b1ed14f4c8206e,browser-toolbox.close-process.DAMP,damp,True,damp browser-toolbox.close-process.DAMP opt e10s fission stylo webrender-sw,4768818,77,ms,firefox,,1805564722,2023-12-01 17:11:23,69.63377037587634,dca6957049cc67976cc5693105f6485a461437af,1341525,,,,,,,,,,,,,,,,,,,,,,,,,,,,,,,,,,,,,,,,,,,,,,,,,,,,,,,,,,,,,TN,TN
autoland,4769114,12,1a03ada32d4ae63ebeeb4561891b61c1e6e17a68,windows10-64-shippable-qr,True,False,,,102210fe594ee9b33d82058545b1ed14f4c8206e,browser-toolbox.close-process.DAMP,damp,True,damp browser-toolbox.close-process.DAMP opt e10s fission stylo webrender-sw,4768818,77,ms,firefox,,1805564393,2023-12-01 17:13:24,71.0611756722792,0279020821f558ab90526236369731d3993d69bf,1341528,,,,,,,,,,,,,,,,,,,,,,,,,,,,,,,,,,,,,,,,,,,,,,,,,,,,,,,,,,,,,TN,TN
autoland,4769114,12,1a03ada32d4ae63ebeeb4561891b61c1e6e17a68,windows10-64-shippable-qr,True,False,,,102210fe594ee9b33d82058545b1ed14f4c8206e,browser-toolbox.close-process.DAMP,damp,True,damp browser-toolbox.close-process.DAMP opt e10s fission stylo webrender-sw,4768818,77,ms,firefox,,1805564556,2023-12-01 17:21:12,73.13616136572819,4b067045df45408b2e998abc7ecb116950a87779,1341531,,,,,,,,,,,,,,,,,,,,,,,,,,,,,,,,,,,,,,,,,,,,,,,,,,,,,,,,,,,,,TN,TN
autoland,4769114,12,1a03ada32d4ae63ebeeb4561891b61c1e6e17a68,windows10-64-shippable-qr,True,False,,,102210fe594ee9b33d82058545b1ed14f4c8206e,browser-toolbox.close-process.DAMP,damp,True,damp browser-toolbox.close-process.DAMP opt e10s fission stylo webrender-sw,4768818,77,ms,firefox,,1804571598,2023-12-01 17:28:20,74.64298221722129,efe09552a4d3540f0639e50d023f74997921fa37,1341534,71.34,mozilla-ldap/nchevobbe@mozilla.com,22b9561cfef1c56a9940f5117d7ff6a754861629,40522.0,5.45,,75.45,2023-12-11 09:05:02.069360,False,12.0,12.0,,,,1341402.0,4.0,1341534.0,4.0,,1a03ada32d4ae63ebeeb4561891b61c1e6e17a68,,windows10-64-shippable-qr,,autoland,2023-12-11 04:36:36.763490,,1.0,-4.11,184958.0,ms,,"(39,)",40522.0,102210fe594ee9b33d82058545b1ed14f4c8206e,,False,False,nchevobbe@mozilla.com,"(31,)","(4,)",,2023-12-04 04:36:36.763490,,"hard to pinpoint, let's ack",browser-toolbox.close-process.DAMP,OK,True,efe09552a4d3540f0639e50d023f74997921fa37,,,,"('[{""perf_datum_id"": 1804486656, ""value"": 77.57802961338166, ""job_id"": 438480671, ""push_id"": 1341285, ""push_timestamp"": ""2023-12-01T11:47:02"", ""push__revision"": ""7440634a33a31738fc145eeac0bb47bc73fc64a0""}, {""perf_datum_id"": 1804546414, ""value"": 75.66792925802292, ""job_id"": 438498555, ""push_id"": 1341402, ""push_timestamp"": ""2023-12-01T14:17:01"", ""push__revision"": ""22b9561cfef1c56a9940f5117d7ff6a754861629""}, {""perf_datum_id"": 1804571598, ""value"": 74.64298221722129, ""job_id"": 438518771, ""push_id"": 1341534, ""push_timestamp"": ""2023-12-01T17:28:20"", ""push__revision"": ""efe09552a4d3540f0639e50d023f74997921fa37""}, {""perf_datum_id"": 1804642879, ""value"": 71.52904521331948, ""job_id"": 438538292, ""push_id"": 1341661, ""push_timestamp"": ""2023-12-01T20:34:55"", ""push__revision"": ""a5a9381a759e44485d639727614ceb2b77851c90""}, {""perf_datum_id"": 1804729877, ""value"": 71.09930627328868, ""job_id"": 438549465, ""push_id"": 1341816, ""push_timestamp"": ""2023-12-02T01:52:53"", ""push__revision"": ""bf4c1083cec10076ccbf07f2cfc3e18b04d0bf72""}]',)",False,"(0,)",7.89,damp,"e10s, fission, stylo, webrender-sw","(4,)",,2023-12-07 04:36:36.763490,TP,TP
autoland,4769114,12,1a03ada32d4ae63ebeeb4561891b61c1e6e17a68,windows10-64-shippable-qr,True,False,,,102210fe594ee9b33d82058545b1ed14f4c8206e,browser-toolbox.close-process.DAMP,damp,True,damp browser-toolbox.close-process.DAMP opt e10s fission stylo webrender-sw,4768818,77,ms,firefox,,1805565670,2023-12-01 19:19:46,71.49225461750757,0651b5aa82bcb28b24cf1d92ca6b56de8b7ea529,1341606,,,,,,,,,,,,,,,,,,,,,,,,,,,,,,,,,,,,,,,,,,,,,,,,,,,,,,,,,,,,,TN,TN
autoland,4769114,12,1a03ada32d4ae63ebeeb4561891b61c1e6e17a68,windows10-64-shippable-qr,True,False,,,102210fe594ee9b33d82058545b1ed14f4c8206e,browser-toolbox.close-process.DAMP,damp,True,damp browser-toolbox.close-process.DAMP opt e10s fission stylo webrender-sw,4768818,77,ms,firefox,,1805563942,2023-12-01 19:22:33,70.45547869110305,79ab6b2ca205df8f3aea4a749d7f81c062b9d1cb,1341609,,,,,,,,,,,,,,,,,,,,,,,,,,,,,,,,,,,,,,,,,,,,,,,,,,,,,,,,,,,,,TN,TN
autoland,4769114,12,1a03ada32d4ae63ebeeb4561891b61c1e6e17a68,windows10-64-shippable-qr,True,False,,,102210fe594ee9b33d82058545b1ed14f4c8206e,browser-toolbox.close-process.DAMP,damp,True,damp browser-toolbox.close-process.DAMP opt e10s fission stylo webrender-sw,4768818,77,ms,firefox,,1805563857,2023-12-01 19:31:46,71.32912150680932,97bd03fdb1bec86b388b3393aa328608da4b388d,1341619,,,,,,,,,,,,,,,,,,,,,,,,,,,,,,,,,,,,,,,,,,,,,,,,,,,,,,,,,,,,,TN,TN
autoland,4769114,12,1a03ada32d4ae63ebeeb4561891b61c1e6e17a68,windows10-64-shippable-qr,True,False,,,102210fe594ee9b33d82058545b1ed14f4c8206e,browser-toolbox.close-process.DAMP,damp,True,damp browser-toolbox.close-process.DAMP opt e10s fission stylo webrender-sw,4768818,77,ms,firefox,,1805563772,2023-12-01 20:03:19,69.11523312902136,9f4e654aca48bbf21fe893213989c7eef3cac4d7,1341635,,,,,,,,,,,,,,,,,,,,,,,,,,,,,,,,,,,,,,,,,,,,,,,,,,,,,,,,,,,,,TN,TN
autoland,4769114,12,1a03ada32d4ae63ebeeb4561891b61c1e6e17a68,windows10-64-shippable-qr,True,False,,,102210fe594ee9b33d82058545b1ed14f4c8206e,browser-toolbox.close-process.DAMP,damp,True,damp browser-toolbox.close-process.DAMP opt e10s fission stylo webrender-sw,4768818,77,ms,firefox,,1805634961,2023-12-01 20:24:30,75.6192376602121,68d282cd2e440c68e3ee3b7212b0ec80ff165556,1341652,,,,,,,,,,,,,,,,,,,,,,,,,,,,,,,,,,,,,,,,,,,,,,,,,,,,,,,,,,,,,TN,TN
autoland,4769114,12,1a03ada32d4ae63ebeeb4561891b61c1e6e17a68,windows10-64-shippable-qr,True,False,,,102210fe594ee9b33d82058545b1ed14f4c8206e,browser-toolbox.close-process.DAMP,damp,True,damp browser-toolbox.close-process.DAMP opt e10s fission stylo webrender-sw,4768818,77,ms,firefox,,1805602407,2023-12-01 20:32:10,71.06356412819878,3b40b3d69e6c66f8885b2e895598b0174cee4023,1341657,,,,,,,,,,,,,,,,,,,,,,,,,,,,,,,,,,,,,,,,,,,,,,,,,,,,,,,,,,,,,TN,TN
autoland,4769114,12,1a03ada32d4ae63ebeeb4561891b61c1e6e17a68,windows10-64-shippable-qr,True,False,,,102210fe594ee9b33d82058545b1ed14f4c8206e,browser-toolbox.close-process.DAMP,damp,True,damp browser-toolbox.close-process.DAMP opt e10s fission stylo webrender-sw,4768818,77,ms,firefox,,1805599676,2023-12-01 20:33:03,71.31588280128199,d438636f36a65ffa280282b2d5f4331c394b9ecc,1341658,,,,,,,,,,,,,,,,,,,,,,,,,,,,,,,,,,,,,,,,,,,,,,,,,,,,,,,,,,,,,TN,TN
autoland,4769114,12,1a03ada32d4ae63ebeeb4561891b61c1e6e17a68,windows10-64-shippable-qr,True,False,,,102210fe594ee9b33d82058545b1ed14f4c8206e,browser-toolbox.close-process.DAMP,damp,True,damp browser-toolbox.close-process.DAMP opt e10s fission stylo webrender-sw,4768818,77,ms,firefox,,1805566777,2023-12-01 20:33:58,71.24161812619423,e137b455c47994bb690ef6d933a429894853ee68,1341659,,,,,,,,,,,,,,,,,,,,,,,,,,,,,,,,,,,,,,,,,,,,,,,,,,,,,,,,,,,,,TN,TN
autoland,4769114,12,1a03ada32d4ae63ebeeb4561891b61c1e6e17a68,windows10-64-shippable-qr,True,False,,,102210fe594ee9b33d82058545b1ed14f4c8206e,browser-toolbox.close-process.DAMP,damp,True,damp browser-toolbox.close-process.DAMP opt e10s fission stylo webrender-sw,4768818,77,ms,firefox,,1804642879,2023-12-01 20:34:55,71.52904521331948,a5a9381a759e44485d639727614ceb2b77851c90,1341661,,,,,,,,,,,,,,,,,,,,,,,,,,,,,,,,,,,,,,,,,,,,,,,,,,,,,,,,,,,,,TN,TN
autoland,4769114,12,1a03ada32d4ae63ebeeb4561891b61c1e6e17a68,windows10-64-shippable-qr,True,False,,,102210fe594ee9b33d82058545b1ed14f4c8206e,browser-toolbox.close-process.DAMP,damp,True,damp browser-toolbox.close-process.DAMP opt e10s fission stylo webrender-sw,4768818,77,ms,firefox,,1805600419,2023-12-01 22:06:00,70.13448166751186,8199d5ce1bfa86e7bf2927addae394489327fdd8,1341731,,,,,,,,,,,,,,,,,,,,,,,,,,,,,,,,,,,,,,,,,,,,,,,,,,,,,,,,,,,,,TN,TN
autoland,4769114,12,1a03ada32d4ae63ebeeb4561891b61c1e6e17a68,windows10-64-shippable-qr,True,False,,,102210fe594ee9b33d82058545b1ed14f4c8206e,browser-toolbox.close-process.DAMP,damp,True,damp browser-toolbox.close-process.DAMP opt e10s fission stylo webrender-sw,4768818,77,ms,firefox,,1805635200,2023-12-01 22:07:15,76.87003892910434,f5150abdafbd2d22d415f511fd58fc4e564f048e,1341734,,,,,,,,,,,,,,,,,,,,,,,,,,,,,,,,,,,,,,,,,,,,,,,,,,,,,,,,,,,,,TN,TN
autoland,4769114,12,1a03ada32d4ae63ebeeb4561891b61c1e6e17a68,windows10-64-shippable-qr,True,False,,,102210fe594ee9b33d82058545b1ed14f4c8206e,browser-toolbox.close-process.DAMP,damp,True,damp browser-toolbox.close-process.DAMP opt e10s fission stylo webrender-sw,4768818,77,ms,firefox,,1805603622,2023-12-01 22:48:54,70.03639632984414,d8bdabb500fbfe7bf06cca37b0a49d1ff4b4ecbd,1341743,,,,,,,,,,,,,,,,,,,,,,,,,,,,,,,,,,,,,,,,,,,,,,,,,,,,,,,,,,,,,TN,TN
autoland,4769114,12,1a03ada32d4ae63ebeeb4561891b61c1e6e17a68,windows10-64-shippable-qr,True,False,,,102210fe594ee9b33d82058545b1ed14f4c8206e,browser-toolbox.close-process.DAMP,damp,True,damp browser-toolbox.close-process.DAMP opt e10s fission stylo webrender-sw,4768818,77,ms,firefox,,1805601567,2023-12-01 22:50:02,75.54566446566605,1d035302ec6286fa9ff1584b21cc51b084a2644b,1341744,,,,,,,,,,,,,,,,,,,,,,,,,,,,,,,,,,,,,,,,,,,,,,,,,,,,,,,,,,,,,TN,TN
autoland,4769114,12,1a03ada32d4ae63ebeeb4561891b61c1e6e17a68,windows10-64-shippable-qr,True,False,,,102210fe594ee9b33d82058545b1ed14f4c8206e,browser-toolbox.close-process.DAMP,damp,True,damp browser-toolbox.close-process.DAMP opt e10s fission stylo webrender-sw,4768818,77,ms,firefox,,1805600710,2023-12-01 22:59:57,70.19489460645127,06a18be539c03bc377b57540c221d26a44024fa0,1341756,,,,,,,,,,,,,,,,,,,,,,,,,,,,,,,,,,,,,,,,,,,,,,,,,,,,,,,,,,,,,TN,TN
autoland,4769114,12,1a03ada32d4ae63ebeeb4561891b61c1e6e17a68,windows10-64-shippable-qr,True,False,,,102210fe594ee9b33d82058545b1ed14f4c8206e,browser-toolbox.close-process.DAMP,damp,True,damp browser-toolbox.close-process.DAMP opt e10s fission stylo webrender-sw,4768818,77,ms,firefox,,1805602740,2023-12-01 23:17:26,70.71147873476002,84eaf323b53ed1282e7b2d4f4e8821309ea2aa3e,1341766,,,,,,,,,,,,,,,,,,,,,,,,,,,,,,,,,,,,,,,,,,,,,,,,,,,,,,,,,,,,,TN,TN
autoland,4769114,12,1a03ada32d4ae63ebeeb4561891b61c1e6e17a68,windows10-64-shippable-qr,True,False,,,102210fe594ee9b33d82058545b1ed14f4c8206e,browser-toolbox.close-process.DAMP,damp,True,damp browser-toolbox.close-process.DAMP opt e10s fission stylo webrender-sw,4768818,77,ms,firefox,,1805565012,2023-12-01 23:29:44,70.65981679987453,387f8657fe91f06ad2988f2381601d3f55533a9b,1341770,,,,,,,,,,,,,,,,,,,,,,,,,,,,,,,,,,,,,,,,,,,,,,,,,,,,,,,,,,,,,TN,TN
autoland,4769114,12,1a03ada32d4ae63ebeeb4561891b61c1e6e17a68,windows10-64-shippable-qr,True,False,,,102210fe594ee9b33d82058545b1ed14f4c8206e,browser-toolbox.close-process.DAMP,damp,True,damp browser-toolbox.close-process.DAMP opt e10s fission stylo webrender-sw,4768818,77,ms,firefox,,1805565079,2023-12-01 23:35:18,70.70253166720795,b2c7644e41eb5e082bf26a7b02cf780d20bada1c,1341772,,,,,,,,,,,,,,,,,,,,,,,,,,,,,,,,,,,,,,,,,,,,,,,,,,,,,,,,,,,,,TN,TN
autoland,4769114,12,1a03ada32d4ae63ebeeb4561891b61c1e6e17a68,windows10-64-shippable-qr,True,False,,,102210fe594ee9b33d82058545b1ed14f4c8206e,browser-toolbox.close-process.DAMP,damp,True,damp browser-toolbox.close-process.DAMP opt e10s fission stylo webrender-sw,4768818,77,ms,firefox,,1805634216,2023-12-02 00:00:05,74.75710724145756,69baaa4f31721fbc09b490c3cb1cdb465564e79e,1341776,,,,,,,,,,,,,,,,,,,,,,,,,,,,,,,,,,,,,,,,,,,,,,,,,,,,,,,,,,,,,TN,TN
autoland,4769114,12,1a03ada32d4ae63ebeeb4561891b61c1e6e17a68,windows10-64-shippable-qr,True,False,,,102210fe594ee9b33d82058545b1ed14f4c8206e,browser-toolbox.close-process.DAMP,damp,True,damp browser-toolbox.close-process.DAMP opt e10s fission stylo webrender-sw,4768818,77,ms,firefox,,1804729877,2023-12-02 01:52:53,71.09930627328868,bf4c1083cec10076ccbf07f2cfc3e18b04d0bf72,1341816,,,,,,,,,,,,,,,,,,,,,,,,,,,,,,,,,,,,,,,,,,,,,,,,,,,,,,,,,,,,,TN,TN
autoland,4769114,12,1a03ada32d4ae63ebeeb4561891b61c1e6e17a68,windows10-64-shippable-qr,True,False,,,102210fe594ee9b33d82058545b1ed14f4c8206e,browser-toolbox.close-process.DAMP,damp,True,damp browser-toolbox.close-process.DAMP opt e10s fission stylo webrender-sw,4768818,77,ms,firefox,,1804862732,2023-12-02 08:10:23,71.38085788034368,965cddb8421900af69da86a586e617bf7dec3b56,1341832,,,,,,,,,,,,,,,,,,,,,,,,,,,,,,,,,,,,,,,,,,,,,,,,,,,,,,,,,,,,,TN,TN
autoland,4769114,12,1a03ada32d4ae63ebeeb4561891b61c1e6e17a68,windows10-64-shippable-qr,True,False,,,102210fe594ee9b33d82058545b1ed14f4c8206e,browser-toolbox.close-process.DAMP,damp,True,damp browser-toolbox.close-process.DAMP opt e10s fission stylo webrender-sw,4768818,77,ms,firefox,,1804954851,2023-12-02 14:39:28,71.83748855254089,2d582fee4916ee442de05970cc77f7be702c22a2,1341863,,,,,,,,,,,,,,,,,,,,,,,,,,,,,,,,,,,,,,,,,,,,,,,,,,,,,,,,,,,,,TN,TN
autoland,4769114,12,1a03ada32d4ae63ebeeb4561891b61c1e6e17a68,windows10-64-shippable-qr,True,False,,,102210fe594ee9b33d82058545b1ed14f4c8206e,browser-toolbox.close-process.DAMP,damp,True,damp browser-toolbox.close-process.DAMP opt e10s fission stylo webrender-sw,4768818,77,ms,firefox,,1805025789,2023-12-02 18:55:31,70.44948130997363,d5a2cb7b9272b5c9cdfe4a0397c570ce5f9260bf,1341891,,,,,,,,,,,,,,,,,,,,,,,,,,,,,,,,,,,,,,,,,,,,,,,,,,,,,,,,,,,,,TN,TN
autoland,4769114,12,1a03ada32d4ae63ebeeb4561891b61c1e6e17a68,windows10-64-shippable-qr,True,False,,,102210fe594ee9b33d82058545b1ed14f4c8206e,browser-toolbox.close-process.DAMP,damp,True,damp browser-toolbox.close-process.DAMP opt e10s fission stylo webrender-sw,4768818,77,ms,firefox,,1805080381,2023-12-03 00:49:27,70.63233760623552,fe75ab906c798b6697934b3789355dceb5748966,1341930,,,,,,,,,,,,,,,,,,,,,,,,,,,,,,,,,,,,,,,,,,,,,,,,,,,,,,,,,,,,,TN,TN
autoland,4769114,12,1a03ada32d4ae63ebeeb4561891b61c1e6e17a68,windows10-64-shippable-qr,True,False,,,102210fe594ee9b33d82058545b1ed14f4c8206e,browser-toolbox.close-process.DAMP,damp,True,damp browser-toolbox.close-process.DAMP opt e10s fission stylo webrender-sw,4768818,77,ms,firefox,,1805117674,2023-12-03 05:05:07,71.16979169084516,8e959a7ded5f111e711c06a6728f76d3bd660699,1341942,,,,,,,,,,,,,,,,,,,,,,,,,,,,,,,,,,,,,,,,,,,,,,,,,,,,,,,,,,,,,TN,TN
autoland,4769114,12,1a03ada32d4ae63ebeeb4561891b61c1e6e17a68,windows10-64-shippable-qr,True,False,,,102210fe594ee9b33d82058545b1ed14f4c8206e,browser-toolbox.close-process.DAMP,damp,True,damp browser-toolbox.close-process.DAMP opt e10s fission stylo webrender-sw,4768818,77,ms,firefox,,1805232129,2023-12-03 10:45:57,71.6789637667971,5d84c395021682cc2af1bf5da98c205cfbc32f76,1341997,,,,,,,,,,,,,,,,,,,,,,,,,,,,,,,,,,,,,,,,,,,,,,,,,,,,,,,,,,,,,TN,TN
autoland,4769114,12,1a03ada32d4ae63ebeeb4561891b61c1e6e17a68,windows10-64-shippable-qr,True,False,,,102210fe594ee9b33d82058545b1ed14f4c8206e,browser-toolbox.close-process.DAMP,damp,True,damp browser-toolbox.close-process.DAMP opt e10s fission stylo webrender-sw,4768818,77,ms,firefox,,1805247514,2023-12-03 12:21:22,70.09568937039148,3445cc3f842050a3cdfc4da74ce254df933f7e7b,1342011,,,,,,,,,,,,,,,,,,,,,,,,,,,,,,,,,,,,,,,,,,,,,,,,,,,,,,,,,,,,,TN,TN
autoland,4769114,12,1a03ada32d4ae63ebeeb4561891b61c1e6e17a68,windows10-64-shippable-qr,True,False,,,102210fe594ee9b33d82058545b1ed14f4c8206e,browser-toolbox.close-process.DAMP,damp,True,damp browser-toolbox.close-process.DAMP opt e10s fission stylo webrender-sw,4768818,77,ms,firefox,,1805310435,2023-12-03 18:05:44,70.73125192851876,8038f0b90bbd46dcb74eaaddf1fd1c6871dc4426,1342033,,,,,,,,,,,,,,,,,,,,,,,,,,,,,,,,,,,,,,,,,,,,,,,,,,,,,,,,,,,,,TN,TN
autoland,4769114,12,1a03ada32d4ae63ebeeb4561891b61c1e6e17a68,windows10-64-shippable-qr,True,False,,,102210fe594ee9b33d82058545b1ed14f4c8206e,browser-toolbox.close-process.DAMP,damp,True,damp browser-toolbox.close-process.DAMP opt e10s fission stylo webrender-sw,4768818,77,ms,firefox,,1805418312,2023-12-04 01:54:51,70.8527423900523,369922cc5c4efad6c87b13600325eb5a989cde81,1342108,,,,,,,,,,,,,,,,,,,,,,,,,,,,,,,,,,,,,,,,,,,,,,,,,,,,,,,,,,,,,TN,TN
autoland,4769114,12,1a03ada32d4ae63ebeeb4561891b61c1e6e17a68,windows10-64-shippable-qr,True,False,,,102210fe594ee9b33d82058545b1ed14f4c8206e,browser-toolbox.close-process.DAMP,damp,True,damp browser-toolbox.close-process.DAMP opt e10s fission stylo webrender-sw,4768818,77,ms,firefox,,1805689388,2023-12-04 11:05:28,73.80622263364057,223106736a61f5cc112b0cc9d38ab1f63e034f89,1342238,,,,,,,,,,,,,,,,,,,,,,,,,,,,,,,,,,,,,,,,,,,,,,,,,,,,,,,,,,,,,TN,TN
autoland,4769114,12,1a03ada32d4ae63ebeeb4561891b61c1e6e17a68,windows10-64-shippable-qr,True,False,,,102210fe594ee9b33d82058545b1ed14f4c8206e,browser-toolbox.close-process.DAMP,damp,True,damp browser-toolbox.close-process.DAMP opt e10s fission stylo webrender-sw,4768818,77,ms,firefox,,1805672488,2023-12-04 11:06:23,71.54811129931477,20b709d0fa5633c408dd900f830b09af96c0465d,1342240,,,,,,,,,,,,,,,,,,,,,,,,,,,,,,,,,,,,,,,,,,,,,,,,,,,,,,,,,,,,,TN,TN
autoland,4769114,12,1a03ada32d4ae63ebeeb4561891b61c1e6e17a68,windows10-64-shippable-qr,True,False,,,102210fe594ee9b33d82058545b1ed14f4c8206e,browser-toolbox.close-process.DAMP,damp,True,damp browser-toolbox.close-process.DAMP opt e10s fission stylo webrender-sw,4768818,77,ms,firefox,,1805782334,2023-12-04 14:54:31,70.93090768337424,38094e01a744c421fe469d9a01cbfe12a1ee949b,1342377,,,,,,,,,,,,,,,,,,,,,,,,,,,,,,,,,,,,,,,,,,,,,,,,,,,,,,,,,,,,,TN,TN
autoland,4769114,12,1a03ada32d4ae63ebeeb4561891b61c1e6e17a68,windows10-64-shippable-qr,True,False,,,102210fe594ee9b33d82058545b1ed14f4c8206e,browser-toolbox.close-process.DAMP,damp,True,damp browser-toolbox.close-process.DAMP opt e10s fission stylo webrender-sw,4768818,77,ms,firefox,,1805916412,2023-12-04 19:05:48,70.22225210782199,72ca57fdc9feb1e9765ce2cc4f26b6b60135122f,1342587,,,,,,,,,,,,,,,,,,,,,,,,,,,,,,,,,,,,,,,,,,,,,,,,,,,,,,,,,,,,,TN,TN
autoland,4769114,12,1a03ada32d4ae63ebeeb4561891b61c1e6e17a68,windows10-64-shippable-qr,True,False,,,102210fe594ee9b33d82058545b1ed14f4c8206e,browser-toolbox.close-process.DAMP,damp,True,damp browser-toolbox.close-process.DAMP opt e10s fission stylo webrender-sw,4768818,77,ms,firefox,,1806055344,2023-12-04 22:13:56,74.25190864969045,3d0a5f6fd8b4a0537cb85ae502a4be6cafec1c23,1342750,,,,,,,,,,,,,,,,,,,,,,,,,,,,,,,,,,,,,,,,,,,,,,,,,,,,,,,,,,,,,TN,TN
autoland,4769114,12,1a03ada32d4ae63ebeeb4561891b61c1e6e17a68,windows10-64-shippable-qr,True,False,,,102210fe594ee9b33d82058545b1ed14f4c8206e,browser-toolbox.close-process.DAMP,damp,True,damp browser-toolbox.close-process.DAMP opt e10s fission stylo webrender-sw,4768818,77,ms,firefox,,1806156287,2023-12-05 02:36:15,75.9656495610543,39486bb8305a2e3128c6ecd97d33378744922507,1342897,,,,,,,,,,,,,,,,,,,,,,,,,,,,,,,,,,,,,,,,,,,,,,,,,,,,,,,,,,,,,TN,TN
autoland,4769114,12,1a03ada32d4ae63ebeeb4561891b61c1e6e17a68,windows10-64-shippable-qr,True,False,,,102210fe594ee9b33d82058545b1ed14f4c8206e,browser-toolbox.close-process.DAMP,damp,True,damp browser-toolbox.close-process.DAMP opt e10s fission stylo webrender-sw,4768818,77,ms,firefox,,1806180751,2023-12-05 03:50:36,70.1824090003065,775ade8b04da775ad41d5d135baae415863a874c,1342908,,,,,,,,,,,,,,,,,,,,,,,,,,,,,,,,,,,,,,,,,,,,,,,,,,,,,,,,,,,,,TN,TN
autoland,4769114,12,1a03ada32d4ae63ebeeb4561891b61c1e6e17a68,windows10-64-shippable-qr,True,False,,,102210fe594ee9b33d82058545b1ed14f4c8206e,browser-toolbox.close-process.DAMP,damp,True,damp browser-toolbox.close-process.DAMP opt e10s fission stylo webrender-sw,4768818,77,ms,firefox,,1806312099,2023-12-05 08:48:01,71.82702885731851,429e8cc8473b4c76828d06e2f07abbeb9dbebd81,1342965,,,,,,,,,,,,,,,,,,,,,,,,,,,,,,,,,,,,,,,,,,,,,,,,,,,,,,,,,,,,,TN,TN
autoland,4769114,12,1a03ada32d4ae63ebeeb4561891b61c1e6e17a68,windows10-64-shippable-qr,True,False,,,102210fe594ee9b33d82058545b1ed14f4c8206e,browser-toolbox.close-process.DAMP,damp,True,damp browser-toolbox.close-process.DAMP opt e10s fission stylo webrender-sw,4768818,77,ms,firefox,,1806389343,2023-12-05 11:07:31,75.25050449058472,10602eb918edd2ccf85a22fb60b3dc62c845c42a,1343031,,,,,,,,,,,,,,,,,,,,,,,,,,,,,,,,,,,,,,,,,,,,,,,,,,,,,,,,,,,,,TN,TN
autoland,4769114,12,1a03ada32d4ae63ebeeb4561891b61c1e6e17a68,windows10-64-shippable-qr,True,False,,,102210fe594ee9b33d82058545b1ed14f4c8206e,browser-toolbox.close-process.DAMP,damp,True,damp browser-toolbox.close-process.DAMP opt e10s fission stylo webrender-sw,4768818,77,ms,firefox,,1806491745,2023-12-05 15:11:37,72.53244286340487,e603b8b016d76de025bea02bfdc1e0590166c2c0,1343145,,,,,,,,,,,,,,,,,,,,,,,,,,,,,,,,,,,,,,,,,,,,,,,,,,,,,,,,,,,,,TN,TN
autoland,4769114,12,1a03ada32d4ae63ebeeb4561891b61c1e6e17a68,windows10-64-shippable-qr,True,False,,,102210fe594ee9b33d82058545b1ed14f4c8206e,browser-toolbox.close-process.DAMP,damp,True,damp browser-toolbox.close-process.DAMP opt e10s fission stylo webrender-sw,4768818,77,ms,firefox,,1806544589,2023-12-05 16:28:46,74.85889301674615,91bda8b5915b84ed6533a6620f955f271dc5aac3,1343203,,,,,,,,,,,,,,,,,,,,,,,,,,,,,,,,,,,,,,,,,,,,,,,,,,,,,,,,,,,,,TN,TN
autoland,4769114,12,1a03ada32d4ae63ebeeb4561891b61c1e6e17a68,windows10-64-shippable-qr,True,False,,,102210fe594ee9b33d82058545b1ed14f4c8206e,browser-toolbox.close-process.DAMP,damp,True,damp browser-toolbox.close-process.DAMP opt e10s fission stylo webrender-sw,4768818,77,ms,firefox,,1806727317,2023-12-05 20:37:35,71.1758142246108,f778448a1da5f0622c4361d37810461a035f4627,1343409,,,,,,,,,,,,,,,,,,,,,,,,,,,,,,,,,,,,,,,,,,,,,,,,,,,,,,,,,,,,,TN,TN
autoland,4769114,12,1a03ada32d4ae63ebeeb4561891b61c1e6e17a68,windows10-64-shippable-qr,True,False,,,102210fe594ee9b33d82058545b1ed14f4c8206e,browser-toolbox.close-process.DAMP,damp,True,damp browser-toolbox.close-process.DAMP opt e10s fission stylo webrender-sw,4768818,77,ms,firefox,,1806828761,2023-12-05 21:38:52,73.69012457643112,177375e24d1352ab203de0ac3aa53003c5d0ffd2,1343440,,,,,,,,,,,,,,,,,,,,,,,,,,,,,,,,,,,,,,,,,,,,,,,,,,,,,,,,,,,,,TN,TN
autoland,4769114,12,1a03ada32d4ae63ebeeb4561891b61c1e6e17a68,windows10-64-shippable-qr,True,False,,,102210fe594ee9b33d82058545b1ed14f4c8206e,browser-toolbox.close-process.DAMP,damp,True,damp browser-toolbox.close-process.DAMP opt e10s fission stylo webrender-sw,4768818,77,ms,firefox,,1806904401,2023-12-06 02:13:38,70.73288450224209,30004166d9f2cc3399da68e8762c35b1b886c0dc,1343563,,,,,,,,,,,,,,,,,,,,,,,,,,,,,,,,,,,,,,,,,,,,,,,,,,,,,,,,,,,,,TN,TN
autoland,4769114,12,1a03ada32d4ae63ebeeb4561891b61c1e6e17a68,windows10-64-shippable-qr,True,False,,,102210fe594ee9b33d82058545b1ed14f4c8206e,browser-toolbox.close-process.DAMP,damp,True,damp browser-toolbox.close-process.DAMP opt e10s fission stylo webrender-sw,4768818,77,ms,firefox,,1807040051,2023-12-06 09:09:58,77.2603927378077,63afa0f8febdc8b199d998d50bb76fc8f7945c3e,1343650,,,,,,,,,,,,,,,,,,,,,,,,,,,,,,,,,,,,,,,,,,,,,,,,,,,,,,,,,,,,,TN,TN
autoland,4769114,12,1a03ada32d4ae63ebeeb4561891b61c1e6e17a68,windows10-64-shippable-qr,True,False,,,102210fe594ee9b33d82058545b1ed14f4c8206e,browser-toolbox.close-process.DAMP,damp,True,damp browser-toolbox.close-process.DAMP opt e10s fission stylo webrender-sw,4768818,77,ms,firefox,,1807133113,2023-12-06 13:42:54,70.33981468997081,52f516546de7ac66228e074000877d32ebf093af,1343745,,,,,,,,,,,,,,,,,,,,,,,,,,,,,,,,,,,,,,,,,,,,,,,,,,,,,,,,,,,,,TN,TN
autoland,4769114,12,1a03ada32d4ae63ebeeb4561891b61c1e6e17a68,windows10-64-shippable-qr,True,False,,,102210fe594ee9b33d82058545b1ed14f4c8206e,browser-toolbox.close-process.DAMP,damp,True,damp browser-toolbox.close-process.DAMP opt e10s fission stylo webrender-sw,4768818,77,ms,firefox,,1807150670,2023-12-06 14:11:26,76.52320567378047,a035ddfc75fc597cd1df3c347d2cbbc50568f884,1343771,,,,,,,,,,,,,,,,,,,,,,,,,,,,,,,,,,,,,,,,,,,,,,,,,,,,,,,,,,,,,TN,TN
autoland,4769114,12,1a03ada32d4ae63ebeeb4561891b61c1e6e17a68,windows10-64-shippable-qr,True,False,,,102210fe594ee9b33d82058545b1ed14f4c8206e,browser-toolbox.close-process.DAMP,damp,True,damp browser-toolbox.close-process.DAMP opt e10s fission stylo webrender-sw,4768818,77,ms,firefox,,1807315965,2023-12-06 18:17:17,73.65998666753876,ab110e2fcc6ab3c8e078fe970b109f482069386e,1343990,,,,,,,,,,,,,,,,,,,,,,,,,,,,,,,,,,,,,,,,,,,,,,,,,,,,,,,,,,,,,TN,TN
autoland,4769114,12,1a03ada32d4ae63ebeeb4561891b61c1e6e17a68,windows10-64-shippable-qr,True,False,,,102210fe594ee9b33d82058545b1ed14f4c8206e,browser-toolbox.close-process.DAMP,damp,True,damp browser-toolbox.close-process.DAMP opt e10s fission stylo webrender-sw,4768818,77,ms,firefox,,1807425803,2023-12-06 22:50:02,70.15595863995259,f3fc0213f527ba806a10092bbadec34e00dbe4f6,1344189,,,,,,,,,,,,,,,,,,,,,,,,,,,,,,,,,,,,,,,,,,,,,,,,,,,,,,,,,,,,,TN,TN
autoland,4769114,12,1a03ada32d4ae63ebeeb4561891b61c1e6e17a68,windows10-64-shippable-qr,True,False,,,102210fe594ee9b33d82058545b1ed14f4c8206e,browser-toolbox.close-process.DAMP,damp,True,damp browser-toolbox.close-process.DAMP opt e10s fission stylo webrender-sw,4768818,77,ms,firefox,,1807537530,2023-12-07 04:18:34,69.93570311676012,93a04e8835aaaf359b24f47f54d622f7d36fd813,1344290,,,,,,,,,,,,,,,,,,,,,,,,,,,,,,,,,,,,,,,,,,,,,,,,,,,,,,,,,,,,,TN,TN
autoland,4769114,12,1a03ada32d4ae63ebeeb4561891b61c1e6e17a68,windows10-64-shippable-qr,True,False,,,102210fe594ee9b33d82058545b1ed14f4c8206e,browser-toolbox.close-process.DAMP,damp,True,damp browser-toolbox.close-process.DAMP opt e10s fission stylo webrender-sw,4768818,77,ms,firefox,,1807686359,2023-12-07 09:07:30,74.80896436446346,f5d904bee3fe6c9e79061b56c8499b6154f7d3ff,1344349,,,,,,,,,,,,,,,,,,,,,,,,,,,,,,,,,,,,,,,,,,,,,,,,,,,,,,,,,,,,,TN,TN
autoland,4769114,12,1a03ada32d4ae63ebeeb4561891b61c1e6e17a68,windows10-64-shippable-qr,True,False,,,102210fe594ee9b33d82058545b1ed14f4c8206e,browser-toolbox.close-process.DAMP,damp,True,damp browser-toolbox.close-process.DAMP opt e10s fission stylo webrender-sw,4768818,77,ms,firefox,,1807750374,2023-12-07 12:51:56,75.36138635827228,bea12a00706c3b2951d467008996bf7e89d17e5b,1344456,,,,,,,,,,,,,,,,,,,,,,,,,,,,,,,,,,,,,,,,,,,,,,,,,,,,,,,,,,,,,TN,TN
autoland,4769114,12,1a03ada32d4ae63ebeeb4561891b61c1e6e17a68,windows10-64-shippable-qr,True,False,,,102210fe594ee9b33d82058545b1ed14f4c8206e,browser-toolbox.close-process.DAMP,damp,True,damp browser-toolbox.close-process.DAMP opt e10s fission stylo webrender-sw,4768818,77,ms,firefox,,1808079268,2023-12-07 21:41:48,71.1806171851349,797281d7e3b5fdd5f6a033248fec7bd885227546,1344786,,,,,,,,,,,,,,,,,,,,,,,,,,,,,,,,,,,,,,,,,,,,,,,,,,,,,,,,,,,,,TN,TN
autoland,4769114,12,1a03ada32d4ae63ebeeb4561891b61c1e6e17a68,windows10-64-shippable-qr,True,False,,,102210fe594ee9b33d82058545b1ed14f4c8206e,browser-toolbox.close-process.DAMP,damp,True,damp browser-toolbox.close-process.DAMP opt e10s fission stylo webrender-sw,4768818,77,ms,firefox,,1808368808,2023-12-08 04:49:01,74.68930938944686,3152110c63b5c99048b0651867ecf7723aa5ddf8,1344948,,,,,,,,,,,,,,,,,,,,,,,,,,,,,,,,,,,,,,,,,,,,,,,,,,,,,,,,,,,,,TN,TN
autoland,4769114,12,1a03ada32d4ae63ebeeb4561891b61c1e6e17a68,windows10-64-shippable-qr,True,False,,,102210fe594ee9b33d82058545b1ed14f4c8206e,browser-toolbox.close-process.DAMP,damp,True,damp browser-toolbox.close-process.DAMP opt e10s fission stylo webrender-sw,4768818,77,ms,firefox,,1808524765,2023-12-08 09:01:47,75.00628053225228,ff785fa504232b935c33c7d8c38a1cdc2f8d2d35,1345044,,,,,,,,,,,,,,,,,,,,,,,,,,,,,,,,,,,,,,,,,,,,,,,,,,,,,,,,,,,,,TN,TN
autoland,4769114,12,1a03ada32d4ae63ebeeb4561891b61c1e6e17a68,windows10-64-shippable-qr,True,False,,,102210fe594ee9b33d82058545b1ed14f4c8206e,browser-toolbox.close-process.DAMP,damp,True,damp browser-toolbox.close-process.DAMP opt e10s fission stylo webrender-sw,4768818,77,ms,firefox,,1808873344,2023-12-08 14:53:30,74.50732757957303,84f194823b719420c22157f7e540e660397a17f2,1345173,,,,,,,,,,,,,,,,,,,,,,,,,,,,,,,,,,,,,,,,,,,,,,,,,,,,,,,,,,,,,TN,TN
autoland,4769114,12,1a03ada32d4ae63ebeeb4561891b61c1e6e17a68,windows10-64-shippable-qr,True,False,,,102210fe594ee9b33d82058545b1ed14f4c8206e,browser-toolbox.close-process.DAMP,damp,True,damp browser-toolbox.close-process.DAMP opt e10s fission stylo webrender-sw,4768818,77,ms,firefox,,1809043320,2023-12-08 20:09:00,75.88996647766908,6f5601bcf5ef9fa22b46e44e1d5e34893a04fc9e,1345337,,,,,,,,,,,,,,,,,,,,,,,,,,,,,,,,,,,,,,,,,,,,,,,,,,,,,,,,,,,,,TN,TN
autoland,4769114,12,1a03ada32d4ae63ebeeb4561891b61c1e6e17a68,windows10-64-shippable-qr,True,False,,,102210fe594ee9b33d82058545b1ed14f4c8206e,browser-toolbox.close-process.DAMP,damp,True,damp browser-toolbox.close-process.DAMP opt e10s fission stylo webrender-sw,4768818,77,ms,firefox,,1809052635,2023-12-09 00:35:37,75.558702647264,5e7ca7b9c60d764540bfc20b243ffaa67dfbfaa9,1345495,,,,,,,,,,,,,,,,,,,,,,,,,,,,,,,,,,,,,,,,,,,,,,,,,,,,,,,,,,,,,TN,TN
autoland,4769114,12,1a03ada32d4ae63ebeeb4561891b61c1e6e17a68,windows10-64-shippable-qr,True,False,,,102210fe594ee9b33d82058545b1ed14f4c8206e,browser-toolbox.close-process.DAMP,damp,True,damp browser-toolbox.close-process.DAMP opt e10s fission stylo webrender-sw,4768818,77,ms,firefox,,1809062823,2023-12-09 00:36:34,74.07760750196758,9536c8afccb6fe6adb81c34e04ad22608a1cc454,1345496,,,,,,,,,,,,,,,,,,,,,,,,,,,,,,,,,,,,,,,,,,,,,,,,,,,,,,,,,,,,,TN,TN
autoland,4769114,12,1a03ada32d4ae63ebeeb4561891b61c1e6e17a68,windows10-64-shippable-qr,True,False,,,102210fe594ee9b33d82058545b1ed14f4c8206e,browser-toolbox.close-process.DAMP,damp,True,damp browser-toolbox.close-process.DAMP opt e10s fission stylo webrender-sw,4768818,77,ms,firefox,,1809229971,2023-12-09 11:58:04,72.46068870039016,ce53d4215ca91122e12f63ca196acefc22a8d98c,1345582,,,,,,,,,,,,,,,,,,,,,,,,,,,,,,,,,,,,,,,,,,,,,,,,,,,,,,,,,,,,,TN,TN
autoland,4769114,12,1a03ada32d4ae63ebeeb4561891b61c1e6e17a68,windows10-64-shippable-qr,True,False,,,102210fe594ee9b33d82058545b1ed14f4c8206e,browser-toolbox.close-process.DAMP,damp,True,damp browser-toolbox.close-process.DAMP opt e10s fission stylo webrender-sw,4768818,77,ms,firefox,,1809285239,2023-12-09 16:44:21,75.19537916666013,199c3dc51f2dd8c55a3346ac587238e6376b7236,1345611,,,,,,,,,,,,,,,,,,,,,,,,,,,,,,,,,,,,,,,,,,,,,,,,,,,,,,,,,,,,,TN,TN
autoland,4769114,12,1a03ada32d4ae63ebeeb4561891b61c1e6e17a68,windows10-64-shippable-qr,True,False,,,102210fe594ee9b33d82058545b1ed14f4c8206e,browser-toolbox.close-process.DAMP,damp,True,damp browser-toolbox.close-process.DAMP opt e10s fission stylo webrender-sw,4768818,77,ms,firefox,,1809378459,2023-12-10 03:19:38,76.25591614688165,815bf21f166b5019bdab6ec104bc2f4475a7b553,1345657,,,,,,,,,,,,,,,,,,,,,,,,,,,,,,,,,,,,,,,,,,,,,,,,,,,,,,,,,,,,,TN,TN
autoland,4769114,12,1a03ada32d4ae63ebeeb4561891b61c1e6e17a68,windows10-64-shippable-qr,True,False,,,102210fe594ee9b33d82058545b1ed14f4c8206e,browser-toolbox.close-process.DAMP,damp,True,damp browser-toolbox.close-process.DAMP opt e10s fission stylo webrender-sw,4768818,77,ms,firefox,,1809498711,2023-12-11 00:42:11,70.62997237924719,d4ee61633ce965862e2ee27be32e8a58344a7b03,1345765,,,,,,,,,,,,,,,,,,,,,,,,,,,,,,,,,,,,,,,,,,,,,,,,,,,,,,,,,,,,,TN,TN
autoland,4769114,12,1a03ada32d4ae63ebeeb4561891b61c1e6e17a68,windows10-64-shippable-qr,True,False,,,102210fe594ee9b33d82058545b1ed14f4c8206e,browser-toolbox.close-process.DAMP,damp,True,damp browser-toolbox.close-process.DAMP opt e10s fission stylo webrender-sw,4768818,77,ms,firefox,,1809548960,2023-12-11 06:57:03,69.74779934129765,e84648aa607a32b9e4bbd2378f5a7caf9e31264a,1345835,,,,,,,,,,,,,,,,,,,,,,,,,,,,,,,,,,,,,,,,,,,,,,,,,,,,,,,,,,,,,TN,TN
autoland,4769114,12,1a03ada32d4ae63ebeeb4561891b61c1e6e17a68,windows10-64-shippable-qr,True,False,,,102210fe594ee9b33d82058545b1ed14f4c8206e,browser-toolbox.close-process.DAMP,damp,True,damp browser-toolbox.close-process.DAMP opt e10s fission stylo webrender-sw,4768818,77,ms,firefox,,1809593352,2023-12-11 09:13:41,70.96718699438497,25a3d6c779f3ef9a9220e2d972c18f2e5a039cb2,1345868,,,,,,,,,,,,,,,,,,,,,,,,,,,,,,,,,,,,,,,,,,,,,,,,,,,,,,,,,,,,,TN,TN
autoland,4769114,12,1a03ada32d4ae63ebeeb4561891b61c1e6e17a68,windows10-64-shippable-qr,True,False,,,102210fe594ee9b33d82058545b1ed14f4c8206e,browser-toolbox.close-process.DAMP,damp,True,damp browser-toolbox.close-process.DAMP opt e10s fission stylo webrender-sw,4768818,77,ms,firefox,,1809746155,2023-12-11 13:39:55,76.35276211723249,46d1ac4f2e9c8c9c173c430225737701542931bb,1346049,,,,,,,,,,,,,,,,,,,,,,,,,,,,,,,,,,,,,,,,,,,,,,,,,,,,,,,,,,,,,TN,TN
autoland,4769114,12,1a03ada32d4ae63ebeeb4561891b61c1e6e17a68,windows10-64-shippable-qr,True,False,,,102210fe594ee9b33d82058545b1ed14f4c8206e,browser-toolbox.close-process.DAMP,damp,True,damp browser-toolbox.close-process.DAMP opt e10s fission stylo webrender-sw,4768818,77,ms,firefox,,1809807519,2023-12-11 15:49:45,75.93090053896594,fbda7db8e39b50ebf5ed7092f81706bd1d8c91ab,1346158,,,,,,,,,,,,,,,,,,,,,,,,,,,,,,,,,,,,,,,,,,,,,,,,,,,,,,,,,,,,,TN,TN
autoland,4769114,12,1a03ada32d4ae63ebeeb4561891b61c1e6e17a68,windows10-64-shippable-qr,True,False,,,102210fe594ee9b33d82058545b1ed14f4c8206e,browser-toolbox.close-process.DAMP,damp,True,damp browser-toolbox.close-process.DAMP opt e10s fission stylo webrender-sw,4768818,77,ms,firefox,,1809893426,2023-12-11 18:22:43,70.18850806349656,8043d7693dbaf145c601652e0b8947d55f399fd8,1346298,,,,,,,,,,,,,,,,,,,,,,,,,,,,,,,,,,,,,,,,,,,,,,,,,,,,,,,,,,,,,TN,TN
autoland,4769114,12,1a03ada32d4ae63ebeeb4561891b61c1e6e17a68,windows10-64-shippable-qr,True,False,,,102210fe594ee9b33d82058545b1ed14f4c8206e,browser-toolbox.close-process.DAMP,damp,True,damp browser-toolbox.close-process.DAMP opt e10s fission stylo webrender-sw,4768818,77,ms,firefox,,1809969208,2023-12-11 21:32:13,77.22438210186374,c2126b815d283d4d848e431071fa77e023b06eb2,1346462,,,,,,,,,,,,,,,,,,,,,,,,,,,,,,,,,,,,,,,,,,,,,,,,,,,,,,,,,,,,,TN,TN
autoland,4769114,12,1a03ada32d4ae63ebeeb4561891b61c1e6e17a68,windows10-64-shippable-qr,True,False,,,102210fe594ee9b33d82058545b1ed14f4c8206e,browser-toolbox.close-process.DAMP,damp,True,damp browser-toolbox.close-process.DAMP opt e10s fission stylo webrender-sw,4768818,77,ms,firefox,,1810043806,2023-12-12 01:33:17,70.30836399931286,6e08bc24f0ba8814dfda465963c22d139bf6e80b,1346620,,,,,,,,,,,,,,,,,,,,,,,,,,,,,,,,,,,,,,,,,,,,,,,,,,,,,,,,,,,,,TN,TN
autoland,4769114,12,1a03ada32d4ae63ebeeb4561891b61c1e6e17a68,windows10-64-shippable-qr,True,False,,,102210fe594ee9b33d82058545b1ed14f4c8206e,browser-toolbox.close-process.DAMP,damp,True,damp browser-toolbox.close-process.DAMP opt e10s fission stylo webrender-sw,4768818,77,ms,firefox,,1810133084,2023-12-12 04:01:22,74.97146453821915,55cd203304b8d5343dd941d772085dc25fd278c4,1346691,,,,,,,,,,,,,,,,,,,,,,,,,,,,,,,,,,,,,,,,,,,,,,,,,,,,,,,,,,,,,TN,TN
autoland,4769114,12,1a03ada32d4ae63ebeeb4561891b61c1e6e17a68,windows10-64-shippable-qr,True,False,,,102210fe594ee9b33d82058545b1ed14f4c8206e,browser-toolbox.close-process.DAMP,damp,True,damp browser-toolbox.close-process.DAMP opt e10s fission stylo webrender-sw,4768818,77,ms,firefox,,1810246350,2023-12-12 08:08:04,69.7836830072265,64c2a5cd2e5c12acc49f695acaca7fc074be00ef,1346735,,,,,,,,,,,,,,,,,,,,,,,,,,,,,,,,,,,,,,,,,,,,,,,,,,,,,,,,,,,,,TN,TN
autoland,4769114,12,1a03ada32d4ae63ebeeb4561891b61c1e6e17a68,windows10-64-shippable-qr,True,False,,,102210fe594ee9b33d82058545b1ed14f4c8206e,browser-toolbox.close-process.DAMP,damp,True,damp browser-toolbox.close-process.DAMP opt e10s fission stylo webrender-sw,4768818,77,ms,firefox,,1810419261,2023-12-12 13:15:06,74.78606951587426,378226435d1f217637869bc238a2bff9ae584e04,1346892,,,,,,,,,,,,,,,,,,,,,,,,,,,,,,,,,,,,,,,,,,,,,,,,,,,,,,,,,,,,,TN,TN
autoland,4769114,12,1a03ada32d4ae63ebeeb4561891b61c1e6e17a68,windows10-64-shippable-qr,True,False,,,102210fe594ee9b33d82058545b1ed14f4c8206e,browser-toolbox.close-process.DAMP,damp,True,damp browser-toolbox.close-process.DAMP opt e10s fission stylo webrender-sw,4768818,77,ms,firefox,,1810426878,2023-12-12 13:20:17,77.23145851414301,661e5ee3675f09044e67f461631530ae9bc19953,1346894,,,,,,,,,,,,,,,,,,,,,,,,,,,,,,,,,,,,,,,,,,,,,,,,,,,,,,,,,,,,,TN,TN
autoland,4769114,12,1a03ada32d4ae63ebeeb4561891b61c1e6e17a68,windows10-64-shippable-qr,True,False,,,102210fe594ee9b33d82058545b1ed14f4c8206e,browser-toolbox.close-process.DAMP,damp,True,damp browser-toolbox.close-process.DAMP opt e10s fission stylo webrender-sw,4768818,77,ms,firefox,,1810548293,2023-12-12 17:56:51,76.50805462017888,89856dfbbbb09660fd0b56d3d9ba6f60c823c81f,1347131,,,,,,,,,,,,,,,,,,,,,,,,,,,,,,,,,,,,,,,,,,,,,,,,,,,,,,,,,,,,,TN,TN
autoland,4769114,12,1a03ada32d4ae63ebeeb4561891b61c1e6e17a68,windows10-64-shippable-qr,True,False,,,102210fe594ee9b33d82058545b1ed14f4c8206e,browser-toolbox.close-process.DAMP,damp,True,damp browser-toolbox.close-process.DAMP opt e10s fission stylo webrender-sw,4768818,77,ms,firefox,,1810582129,2023-12-12 18:39:48,74.96098555334902,b7336e3f433e4055ba8a7fcb5c2f756e0e9b59ef,1347165,,,,,,,,,,,,,,,,,,,,,,,,,,,,,,,,,,,,,,,,,,,,,,,,,,,,,,,,,,,,,TN,TN
autoland,4769114,12,1a03ada32d4ae63ebeeb4561891b61c1e6e17a68,windows10-64-shippable-qr,True,False,,,102210fe594ee9b33d82058545b1ed14f4c8206e,browser-toolbox.close-process.DAMP,damp,True,damp browser-toolbox.close-process.DAMP opt e10s fission stylo webrender-sw,4768818,77,ms,firefox,,1810633287,2023-12-12 20:06:07,75.80326785537181,7272d706196d83e16ea8366481dce5127407ba4d,1347223,,,,,,,,,,,,,,,,,,,,,,,,,,,,,,,,,,,,,,,,,,,,,,,,,,,,,,,,,,,,,TN,TN
autoland,4769114,12,1a03ada32d4ae63ebeeb4561891b61c1e6e17a68,windows10-64-shippable-qr,True,False,,,102210fe594ee9b33d82058545b1ed14f4c8206e,browser-toolbox.close-process.DAMP,damp,True,damp browser-toolbox.close-process.DAMP opt e10s fission stylo webrender-sw,4768818,77,ms,firefox,,1810761010,2023-12-13 00:40:28,71.65714289617608,f823ab1d9a00b627089b75899e588823b584a9c4,1347426,,,,,,,,,,,,,,,,,,,,,,,,,,,,,,,,,,,,,,,,,,,,,,,,,,,,,,,,,,,,,TN,TN
autoland,4769114,12,1a03ada32d4ae63ebeeb4561891b61c1e6e17a68,windows10-64-shippable-qr,True,False,,,102210fe594ee9b33d82058545b1ed14f4c8206e,browser-toolbox.close-process.DAMP,damp,True,damp browser-toolbox.close-process.DAMP opt e10s fission stylo webrender-sw,4768818,77,ms,firefox,,1810812385,2023-12-13 01:59:28,74.11291657634138,c7169e7d15af250d7b1ffb91c072a4b2309457c1,1347482,,,,,,,,,,,,,,,,,,,,,,,,,,,,,,,,,,,,,,,,,,,,,,,,,,,,,,,,,,,,,TN,TN
autoland,4769114,12,1a03ada32d4ae63ebeeb4561891b61c1e6e17a68,windows10-64-shippable-qr,True,False,,,102210fe594ee9b33d82058545b1ed14f4c8206e,browser-toolbox.close-process.DAMP,damp,True,damp browser-toolbox.close-process.DAMP opt e10s fission stylo webrender-sw,4768818,77,ms,firefox,,1810845671,2023-12-13 03:53:55,72.33205776872637,de73ddb24c16e91d220095612fc21b6636e51f81,1347525,,,,,,,,,,,,,,,,,,,,,,,,,,,,,,,,,,,,,,,,,,,,,,,,,,,,,,,,,,,,,TN,TN
autoland,4769114,12,1a03ada32d4ae63ebeeb4561891b61c1e6e17a68,windows10-64-shippable-qr,True,False,,,102210fe594ee9b33d82058545b1ed14f4c8206e,browser-toolbox.close-process.DAMP,damp,True,damp browser-toolbox.close-process.DAMP opt e10s fission stylo webrender-sw,4768818,77,ms,firefox,,1810971018,2023-12-13 08:08:28,75.54524577361008,de61802013d3eabd67e8f7c4382ab95c650835ba,1347584,,,,,,,,,,,,,,,,,,,,,,,,,,,,,,,,,,,,,,,,,,,,,,,,,,,,,,,,,,,,,TN,TN
autoland,4769114,12,1a03ada32d4ae63ebeeb4561891b61c1e6e17a68,windows10-64-shippable-qr,True,False,,,102210fe594ee9b33d82058545b1ed14f4c8206e,browser-toolbox.close-process.DAMP,damp,True,damp browser-toolbox.close-process.DAMP opt e10s fission stylo webrender-sw,4768818,77,ms,firefox,,1810970382,2023-12-13 08:08:28,74.91796916464227,de61802013d3eabd67e8f7c4382ab95c650835ba,1347584,,,,,,,,,,,,,,,,,,,,,,,,,,,,,,,,,,,,,,,,,,,,,,,,,,,,,,,,,,,,,TN,TN
autoland,4769114,12,1a03ada32d4ae63ebeeb4561891b61c1e6e17a68,windows10-64-shippable-qr,True,False,,,102210fe594ee9b33d82058545b1ed14f4c8206e,browser-toolbox.close-process.DAMP,damp,True,damp browser-toolbox.close-process.DAMP opt e10s fission stylo webrender-sw,4768818,77,ms,firefox,,1810970838,2023-12-13 08:08:28,74.61396886900184,de61802013d3eabd67e8f7c4382ab95c650835ba,1347584,,,,,,,,,,,,,,,,,,,,,,,,,,,,,,,,,,,,,,,,,,,,,,,,,,,,,,,,,,,,,TN,TN
autoland,4769114,12,1a03ada32d4ae63ebeeb4561891b61c1e6e17a68,windows10-64-shippable-qr,True,False,,,102210fe594ee9b33d82058545b1ed14f4c8206e,browser-toolbox.close-process.DAMP,damp,True,damp browser-toolbox.close-process.DAMP opt e10s fission stylo webrender-sw,4768818,77,ms,firefox,,1810974980,2023-12-13 10:08:23,75.8051297700149,12f45306a093afef1d1ed86121d9fcd9e8c69e15,1347641,,,,,,,,,,,,,,,,,,,,,,,,,,,,,,,,,,,,,,,,,,,,,,,,,,,,,,,,,,,,,TN,TN
autoland,4769114,12,1a03ada32d4ae63ebeeb4561891b61c1e6e17a68,windows10-64-shippable-qr,True,False,,,102210fe594ee9b33d82058545b1ed14f4c8206e,browser-toolbox.close-process.DAMP,damp,True,damp browser-toolbox.close-process.DAMP opt e10s fission stylo webrender-sw,4768818,77,ms,firefox,,1811059760,2023-12-13 13:51:07,71.38088224503736,a54a846dda9a20948451fa14e9ebbd3bb19c826c,1347765,,,,,,,,,,,,,,,,,,,,,,,,,,,,,,,,,,,,,,,,,,,,,,,,,,,,,,,,,,,,,TN,TN
autoland,4769114,12,1a03ada32d4ae63ebeeb4561891b61c1e6e17a68,windows10-64-shippable-qr,True,False,,,102210fe594ee9b33d82058545b1ed14f4c8206e,browser-toolbox.close-process.DAMP,damp,True,damp browser-toolbox.close-process.DAMP opt e10s fission stylo webrender-sw,4768818,77,ms,firefox,,1813076185,2023-12-13 15:18:55,78.39011471190315,19c24df89c50d3261d7a86143d4b8873c3a661ea,1347824,,,,,,,,,,,,,,,,,,,,,,,,,,,,,,,,,,,,,,,,,,,,,,,,,,,,,,,,,,,,,TN,TN
autoland,4769114,12,1a03ada32d4ae63ebeeb4561891b61c1e6e17a68,windows10-64-shippable-qr,True,False,,,102210fe594ee9b33d82058545b1ed14f4c8206e,browser-toolbox.close-process.DAMP,damp,True,damp browser-toolbox.close-process.DAMP opt e10s fission stylo webrender-sw,4768818,77,ms,firefox,,1813073243,2023-12-13 15:19:48,77.02706531166768,1455937428d4b5d099ab57e0f6b400f27007ea9f,1347825,,,,,,,,,,,,,,,,,,,,,,,,,,,,,,,,,,,,,,,,,,,,,,,,,,,,,,,,,,,,,TN,TN
autoland,4769114,12,1a03ada32d4ae63ebeeb4561891b61c1e6e17a68,windows10-64-shippable-qr,True,False,,,102210fe594ee9b33d82058545b1ed14f4c8206e,browser-toolbox.close-process.DAMP,damp,True,damp browser-toolbox.close-process.DAMP opt e10s fission stylo webrender-sw,4768818,77,ms,firefox,,1813073298,2023-12-13 15:20:45,74.70261358711286,0ad946b35e4d1a935504f1205e35febd0263dbc0,1347827,,,,,,,,,,,,,,,,,,,,,,,,,,,,,,,,,,,,,,,,,,,,,,,,,,,,,,,,,,,,,TN,TN
autoland,4769114,12,1a03ada32d4ae63ebeeb4561891b61c1e6e17a68,windows10-64-shippable-qr,True,False,,,102210fe594ee9b33d82058545b1ed14f4c8206e,browser-toolbox.close-process.DAMP,damp,True,damp browser-toolbox.close-process.DAMP opt e10s fission stylo webrender-sw,4768818,77,ms,firefox,,1813077399,2023-12-13 15:21:48,77.99549575687706,fa5c604e8bfb68973f6219dedf2761b201a6fa8f,1347831,,,,,,,,,,,,,,,,,,,,,,,,,,,,,,,,,,,,,,,,,,,,,,,,,,,,,,,,,,,,,TN,TN
autoland,4769114,12,1a03ada32d4ae63ebeeb4561891b61c1e6e17a68,windows10-64-shippable-qr,True,False,,,102210fe594ee9b33d82058545b1ed14f4c8206e,browser-toolbox.close-process.DAMP,damp,True,damp browser-toolbox.close-process.DAMP opt e10s fission stylo webrender-sw,4768818,77,ms,firefox,,1813097630,2023-12-13 16:16:58,74.69096506960341,362110bf6d1ff05874045b213aed1cc68952c140,1347885,,,,,,,,,,,,,,,,,,,,,,,,,,,,,,,,,,,,,,,,,,,,,,,,,,,,,,,,,,,,,TN,TN
autoland,4769114,12,1a03ada32d4ae63ebeeb4561891b61c1e6e17a68,windows10-64-shippable-qr,True,False,,,102210fe594ee9b33d82058545b1ed14f4c8206e,browser-toolbox.close-process.DAMP,damp,True,damp browser-toolbox.close-process.DAMP opt e10s fission stylo webrender-sw,4768818,77,ms,firefox,,1813051084,2023-12-13 17:37:06,74.01760870101862,0e6e4fbee746c344f096fff27db4fff9abf416c4,1347953,,,,,,,,,,,,,,,,,,,,,,,,,,,,,,,,,,,,,,,,,,,,,,,,,,,,,,,,,,,,,TN,TN
autoland,4769114,12,1a03ada32d4ae63ebeeb4561891b61c1e6e17a68,windows10-64-shippable-qr,True,False,,,102210fe594ee9b33d82058545b1ed14f4c8206e,browser-toolbox.close-process.DAMP,damp,True,damp browser-toolbox.close-process.DAMP opt e10s fission stylo webrender-sw,4768818,77,ms,firefox,,1813051801,2023-12-13 17:39:41,75.1753174829646,b74a3cc13f8ac182aa9e46b16fe71ec1f011ad5a,1347955,,,,,,,,,,,,,,,,,,,,,,,,,,,,,,,,,,,,,,,,,,,,,,,,,,,,,,,,,,,,,TN,TN
autoland,4769114,12,1a03ada32d4ae63ebeeb4561891b61c1e6e17a68,windows10-64-shippable-qr,True,False,,,102210fe594ee9b33d82058545b1ed14f4c8206e,browser-toolbox.close-process.DAMP,damp,True,damp browser-toolbox.close-process.DAMP opt e10s fission stylo webrender-sw,4768818,77,ms,firefox,,1813075528,2023-12-13 17:40:36,76.55610426777275,c3a1938e83604a9d67fc985609850dbb51c82e3c,1347956,,,,,,,,,,,,,,,,,,,,,,,,,,,,,,,,,,,,,,,,,,,,,,,,,,,,,,,,,,,,,TN,TN
autoland,4769114,12,1a03ada32d4ae63ebeeb4561891b61c1e6e17a68,windows10-64-shippable-qr,True,False,,,102210fe594ee9b33d82058545b1ed14f4c8206e,browser-toolbox.close-process.DAMP,damp,True,damp browser-toolbox.close-process.DAMP opt e10s fission stylo webrender-sw,4768818,77,ms,firefox,,1813074595,2023-12-13 17:41:41,75.95919015185791,e94647734343065279087b77ee8a96e2b1e66011,1347957,,,,,,,,,,,,,,,,,,,,,,,,,,,,,,,,,,,,,,,,,,,,,,,,,,,,,,,,,,,,,TN,TN
autoland,4769114,12,1a03ada32d4ae63ebeeb4561891b61c1e6e17a68,windows10-64-shippable-qr,True,False,,,102210fe594ee9b33d82058545b1ed14f4c8206e,browser-toolbox.close-process.DAMP,damp,True,damp browser-toolbox.close-process.DAMP opt e10s fission stylo webrender-sw,4768818,77,ms,firefox,,1811143325,2023-12-13 17:42:49,70.57514013447508,951b244454e1790b94e5fa8474efc7fb8c990e28,1347961,,,,,,,,,,,,,,,,,,,,,,,,,,,,,,,,,,,,,,,,,,,,,,,,,,,,,,,,,,,,,TN,TN
autoland,4769114,12,1a03ada32d4ae63ebeeb4561891b61c1e6e17a68,windows10-64-shippable-qr,True,False,,,102210fe594ee9b33d82058545b1ed14f4c8206e,browser-toolbox.close-process.DAMP,damp,True,damp browser-toolbox.close-process.DAMP opt e10s fission stylo webrender-sw,4768818,77,ms,firefox,,1813140421,2023-12-13 17:49:39,73.25109918035014,dd02be27a3f8eed4bde8602b5248b3e5daac8024,1347970,,,,,,,,,,,,,,,,,,,,,,,,,,,,,,,,,,,,,,,,,,,,,,,,,,,,,,,,,,,,,TN,TN
autoland,4769114,12,1a03ada32d4ae63ebeeb4561891b61c1e6e17a68,windows10-64-shippable-qr,True,False,,,102210fe594ee9b33d82058545b1ed14f4c8206e,browser-toolbox.close-process.DAMP,damp,True,damp browser-toolbox.close-process.DAMP opt e10s fission stylo webrender-sw,4768818,77,ms,firefox,,1813140318,2023-12-13 17:50:43,76.49311426972417,821a334d187a52f9a17ca1f26c81b181fbe7c786,1347972,,,,,,,,,,,,,,,,,,,,,,,,,,,,,,,,,,,,,,,,,,,,,,,,,,,,,,,,,,,,,TN,TN
autoland,4769114,12,1a03ada32d4ae63ebeeb4561891b61c1e6e17a68,windows10-64-shippable-qr,True,False,,,102210fe594ee9b33d82058545b1ed14f4c8206e,browser-toolbox.close-process.DAMP,damp,True,damp browser-toolbox.close-process.DAMP opt e10s fission stylo webrender-sw,4768818,77,ms,firefox,,1813140732,2023-12-13 18:22:30,73.90655517348205,3a5a3b735db08713007bf5b8cf89cffd197323de,1348004,,,,,,,,,,,,,,,,,,,,,,,,,,,,,,,,,,,,,,,,,,,,,,,,,,,,,,,,,,,,,TN,TN
autoland,4769114,12,1a03ada32d4ae63ebeeb4561891b61c1e6e17a68,windows10-64-shippable-qr,True,False,,,102210fe594ee9b33d82058545b1ed14f4c8206e,browser-toolbox.close-process.DAMP,damp,True,damp browser-toolbox.close-process.DAMP opt e10s fission stylo webrender-sw,4768818,77,ms,firefox,,1813140644,2023-12-13 18:54:28,77.00133427407127,f49ae4a81fe7e763afa5baac358828cb421e4cc2,1348044,,,,,,,,,,,,,,,,,,,,,,,,,,,,,,,,,,,,,,,,,,,,,,,,,,,,,,,,,,,,,TN,TN
autoland,4769114,12,1a03ada32d4ae63ebeeb4561891b61c1e6e17a68,windows10-64-shippable-qr,True,False,,,102210fe594ee9b33d82058545b1ed14f4c8206e,browser-toolbox.close-process.DAMP,damp,True,damp browser-toolbox.close-process.DAMP opt e10s fission stylo webrender-sw,4768818,77,ms,firefox,,1813140529,2023-12-13 19:04:39,75.38376940350281,505d410bf87974b47f6d61d6376dd5a67411dda8,1348059,,,,,,,,,,,,,,,,,,,,,,,,,,,,,,,,,,,,,,,,,,,,,,,,,,,,,,,,,,,,,TN,TN
autoland,4769114,12,1a03ada32d4ae63ebeeb4561891b61c1e6e17a68,windows10-64-shippable-qr,True,False,,,102210fe594ee9b33d82058545b1ed14f4c8206e,browser-toolbox.close-process.DAMP,damp,True,damp browser-toolbox.close-process.DAMP opt e10s fission stylo webrender-sw,4768818,77,ms,firefox,,1813127270,2023-12-13 19:05:57,71.01275393088144,fb36e30815aa93c98894666cf88f397b5ec9d316,1348060,,,,,,,,,,,,,,,,,,,,,,,,,,,,,,,,,,,,,,,,,,,,,,,,,,,,,,,,,,,,,TN,TN
autoland,4769114,12,1a03ada32d4ae63ebeeb4561891b61c1e6e17a68,windows10-64-shippable-qr,True,False,,,102210fe594ee9b33d82058545b1ed14f4c8206e,browser-toolbox.close-process.DAMP,damp,True,damp browser-toolbox.close-process.DAMP opt e10s fission stylo webrender-sw,4768818,77,ms,firefox,,1813131603,2023-12-13 19:05:57,72.49808938895148,fb36e30815aa93c98894666cf88f397b5ec9d316,1348060,,,,,,,,,,,,,,,,,,,,,,,,,,,,,,,,,,,,,,,,,,,,,,,,,,,,,,,,,,,,,TN,TN
autoland,4769114,12,1a03ada32d4ae63ebeeb4561891b61c1e6e17a68,windows10-64-shippable-qr,True,False,,,102210fe594ee9b33d82058545b1ed14f4c8206e,browser-toolbox.close-process.DAMP,damp,True,damp browser-toolbox.close-process.DAMP opt e10s fission stylo webrender-sw,4768818,77,ms,firefox,,1813080078,2023-12-13 19:06:51,76.27965035171655,cd14ec78f423dc7db057ce82f61bfb1b5c590149,1348061,,,,,,,,,,,,,,,,,,,,,,,,,,,,,,,,,,,,,,,,,,,,,,,,,,,,,,,,,,,,,TN,TN
autoland,4769114,12,1a03ada32d4ae63ebeeb4561891b61c1e6e17a68,windows10-64-shippable-qr,True,False,,,102210fe594ee9b33d82058545b1ed14f4c8206e,browser-toolbox.close-process.DAMP,damp,True,damp browser-toolbox.close-process.DAMP opt e10s fission stylo webrender-sw,4768818,77,ms,firefox,,1813089413,2023-12-13 19:07:46,79.09575882442005,04b0ed50a1877572ebfd66d69dba0dd26952bac7,1348062,,,,,,,,,,,,,,,,,,,,,,,,,,,,,,,,,,,,,,,,,,,,,,,,,,,,,,,,,,,,,TN,TN
autoland,4769114,12,1a03ada32d4ae63ebeeb4561891b61c1e6e17a68,windows10-64-shippable-qr,True,False,,,102210fe594ee9b33d82058545b1ed14f4c8206e,browser-toolbox.close-process.DAMP,damp,True,damp browser-toolbox.close-process.DAMP opt e10s fission stylo webrender-sw,4768818,77,ms,firefox,,1813081164,2023-12-13 19:10:17,76.30223044459126,f20f685b213f4e998de6b268227dce7c90e02509,1348063,,,,,,,,,,,,,,,,,,,,,,,,,,,,,,,,,,,,,,,,,,,,,,,,,,,,,,,,,,,,,TN,TN
autoland,4769114,12,1a03ada32d4ae63ebeeb4561891b61c1e6e17a68,windows10-64-shippable-qr,True,False,,,102210fe594ee9b33d82058545b1ed14f4c8206e,browser-toolbox.close-process.DAMP,damp,True,damp browser-toolbox.close-process.DAMP opt e10s fission stylo webrender-sw,4768818,77,ms,firefox,,1813025942,2023-12-13 19:13:20,75.08378881429962,e9933f26f0f34b5bcd3500f5780efd5cce45b9f8,1348064,,,,,,,,,,,,,,,,,,,,,,,,,,,,,,,,,,,,,,,,,,,,,,,,,,,,,,,,,,,,,TN,TN
autoland,4769114,12,1a03ada32d4ae63ebeeb4561891b61c1e6e17a68,windows10-64-shippable-qr,True,False,,,102210fe594ee9b33d82058545b1ed14f4c8206e,browser-toolbox.close-process.DAMP,damp,True,damp browser-toolbox.close-process.DAMP opt e10s fission stylo webrender-sw,4768818,77,ms,firefox,,1813026252,2023-12-13 19:30:00,76.3569363017159,32d5edd3ad279bbcc378b59e2b3d2cc93a57737c,1348065,,,,,,,,,,,,,,,,,,,,,,,,,,,,,,,,,,,,,,,,,,,,,,,,,,,,,,,,,,,,,TN,TN
autoland,4769114,12,1a03ada32d4ae63ebeeb4561891b61c1e6e17a68,windows10-64-shippable-qr,True,False,,,102210fe594ee9b33d82058545b1ed14f4c8206e,browser-toolbox.close-process.DAMP,damp,True,damp browser-toolbox.close-process.DAMP opt e10s fission stylo webrender-sw,4768818,77,ms,firefox,,1813068294,2023-12-13 19:59:03,75.32944600643532,f7b84a374f02cd66217b8199a997f74bee66ab88,1348066,,,,,,,,,,,,,,,,,,,,,,,,,,,,,,,,,,,,,,,,,,,,,,,,,,,,,,,,,,,,,TN,TN
autoland,4769114,12,1a03ada32d4ae63ebeeb4561891b61c1e6e17a68,windows10-64-shippable-qr,True,False,,,102210fe594ee9b33d82058545b1ed14f4c8206e,browser-toolbox.close-process.DAMP,damp,True,damp browser-toolbox.close-process.DAMP opt e10s fission stylo webrender-sw,4768818,77,ms,firefox,,1813055909,2023-12-13 20:02:49,76.06304835190531,7da2e7486803b79322d275486f0b74b860249546,1348067,,,,,,,,,,,,,,,,,,,,,,,,,,,,,,,,,,,,,,,,,,,,,,,,,,,,,,,,,,,,,TN,TN
autoland,4769114,12,1a03ada32d4ae63ebeeb4561891b61c1e6e17a68,windows10-64-shippable-qr,True,False,,,102210fe594ee9b33d82058545b1ed14f4c8206e,browser-toolbox.close-process.DAMP,damp,True,damp browser-toolbox.close-process.DAMP opt e10s fission stylo webrender-sw,4768818,77,ms,firefox,,1813075379,2023-12-13 20:06:07,76.26351510947279,af897d54469b6ee7a6b902fe9e3c5ee72bb54fc2,1348068,,,,,,,,,,,,,,,,,,,,,,,,,,,,,,,,,,,,,,,,,,,,,,,,,,,,,,,,,,,,,TN,TN
autoland,4769114,12,1a03ada32d4ae63ebeeb4561891b61c1e6e17a68,windows10-64-shippable-qr,True,False,,,102210fe594ee9b33d82058545b1ed14f4c8206e,browser-toolbox.close-process.DAMP,damp,True,damp browser-toolbox.close-process.DAMP opt e10s fission stylo webrender-sw,4768818,77,ms,firefox,,1813072232,2023-12-13 20:07:06,76.40952770721196,f15cbec4981d8d60e942e624ea6a7efb3ecdbff8,1348069,,,,,,,,,,,,,,,,,,,,,,,,,,,,,,,,,,,,,,,,,,,,,,,,,,,,,,,,,,,,,TN,TN
autoland,4769114,12,1a03ada32d4ae63ebeeb4561891b61c1e6e17a68,windows10-64-shippable-qr,True,False,,,102210fe594ee9b33d82058545b1ed14f4c8206e,browser-toolbox.close-process.DAMP,damp,True,damp browser-toolbox.close-process.DAMP opt e10s fission stylo webrender-sw,4768818,77,ms,firefox,,1811271137,2023-12-13 20:42:40,70.58303898987651,b89dc85aa7e47069b80251ce43d7d66c034a5b88,1348117,,,,,,,,,,,,,,,,,,,,,,,,,,,,,,,,,,,,,,,,,,,,,,,,,,,,,,,,,,,,,TN,TN
autoland,4769114,12,1a03ada32d4ae63ebeeb4561891b61c1e6e17a68,windows10-64-shippable-qr,True,False,,,102210fe594ee9b33d82058545b1ed14f4c8206e,browser-toolbox.close-process.DAMP,damp,True,damp browser-toolbox.close-process.DAMP opt e10s fission stylo webrender-sw,4768818,77,ms,firefox,,1811389378,2023-12-14 01:23:55,73.39852564655303,12888ec6533c4e6ec49c2d7081e67ac660129ab6,1348332,,,,,,,,,,,,,,,,,,,,,,,,,,,,,,,,,,,,,,,,,,,,,,,,,,,,,,,,,,,,,TN,TN
autoland,4769114,12,1a03ada32d4ae63ebeeb4561891b61c1e6e17a68,windows10-64-shippable-qr,True,False,,,102210fe594ee9b33d82058545b1ed14f4c8206e,browser-toolbox.close-process.DAMP,damp,True,damp browser-toolbox.close-process.DAMP opt e10s fission stylo webrender-sw,4768818,77,ms,firefox,,1813071796,2023-12-14 02:16:50,76.91891528421547,754138978112dfd00a5fc7ab183d5b01fbdca071,1348355,,,,,,,,,,,,,,,,,,,,,,,,,,,,,,,,,,,,,,,,,,,,,,,,,,,,,,,,,,,,,TN,TN
autoland,4769114,12,1a03ada32d4ae63ebeeb4561891b61c1e6e17a68,windows10-64-shippable-qr,True,False,,,102210fe594ee9b33d82058545b1ed14f4c8206e,browser-toolbox.close-process.DAMP,damp,True,damp browser-toolbox.close-process.DAMP opt e10s fission stylo webrender-sw,4768818,77,ms,firefox,,1813026451,2023-12-14 02:17:42,75.84325561055448,81b5a59aeac779855787c25ab9382323f1b5891e,1348356,,,,,,,,,,,,,,,,,,,,,,,,,,,,,,,,,,,,,,,,,,,,,,,,,,,,,,,,,,,,,TN,TN
autoland,4769114,12,1a03ada32d4ae63ebeeb4561891b61c1e6e17a68,windows10-64-shippable-qr,True,False,,,102210fe594ee9b33d82058545b1ed14f4c8206e,browser-toolbox.close-process.DAMP,damp,True,damp browser-toolbox.close-process.DAMP opt e10s fission stylo webrender-sw,4768818,77,ms,firefox,,1813079640,2023-12-14 04:04:51,74.69501008131192,18f2793d82dbb9ddf851e608fd23faa7b0da2561,1348384,,,,,,,,,,,,,,,,,,,,,,,,,,,,,,,,,,,,,,,,,,,,,,,,,,,,,,,,,,,,,TN,TN
autoland,4769114,12,1a03ada32d4ae63ebeeb4561891b61c1e6e17a68,windows10-64-shippable-qr,True,False,,,102210fe594ee9b33d82058545b1ed14f4c8206e,browser-toolbox.close-process.DAMP,damp,True,damp browser-toolbox.close-process.DAMP opt e10s fission stylo webrender-sw,4768818,77,ms,firefox,,1813066419,2023-12-14 04:35:28,76.41049954449409,a200559a296ea702afa7729d2b64dc090b09ecc3,1348391,,,,,,,,,,,,,,,,,,,,,,,,,,,,,,,,,,,,,,,,,,,,,,,,,,,,,,,,,,,,,TN,TN
autoland,4769114,12,1a03ada32d4ae63ebeeb4561891b61c1e6e17a68,windows10-64-shippable-qr,True,False,,,102210fe594ee9b33d82058545b1ed14f4c8206e,browser-toolbox.close-process.DAMP,damp,True,damp browser-toolbox.close-process.DAMP opt e10s fission stylo webrender-sw,4768818,77,ms,firefox,,1813067020,2023-12-14 04:36:22,74.63981598008831,bf88c3888a0e902d779a4bf2be60fceccf4ab23e,1348393,,,,,,,,,,,,,,,,,,,,,,,,,,,,,,,,,,,,,,,,,,,,,,,,,,,,,,,,,,,,,TN,TN
autoland,4769114,12,1a03ada32d4ae63ebeeb4561891b61c1e6e17a68,windows10-64-shippable-qr,True,False,,,102210fe594ee9b33d82058545b1ed14f4c8206e,browser-toolbox.close-process.DAMP,damp,True,damp browser-toolbox.close-process.DAMP opt e10s fission stylo webrender-sw,4768818,77,ms,firefox,,1813072633,2023-12-14 04:37:34,74.69683642188465,afe8c4063b82a4500b9dd9bce06452cd420d1ab0,1348394,,,,,,,,,,,,,,,,,,,,,,,,,,,,,,,,,,,,,,,,,,,,,,,,,,,,,,,,,,,,,TN,TN
autoland,4769114,12,1a03ada32d4ae63ebeeb4561891b61c1e6e17a68,windows10-64-shippable-qr,True,False,,,102210fe594ee9b33d82058545b1ed14f4c8206e,browser-toolbox.close-process.DAMP,damp,True,damp browser-toolbox.close-process.DAMP opt e10s fission stylo webrender-sw,4768818,77,ms,firefox,,1813074968,2023-12-14 05:05:24,76.00370824722631,184027adbb993360d3fac734a2f819422070549c,1348397,,,,,,,,,,,,,,,,,,,,,,,,,,,,,,,,,,,,,,,,,,,,,,,,,,,,,,,,,,,,,TN,TN
autoland,4769114,12,1a03ada32d4ae63ebeeb4561891b61c1e6e17a68,windows10-64-shippable-qr,True,False,,,102210fe594ee9b33d82058545b1ed14f4c8206e,browser-toolbox.close-process.DAMP,damp,True,damp browser-toolbox.close-process.DAMP opt e10s fission stylo webrender-sw,4768818,77,ms,firefox,,1813050786,2023-12-14 05:17:16,75.04043947356695,722156e33a1551d2a3dba5e123bb13711c347a34,1348400,,,,,,,,,,,,,,,,,,,,,,,,,,,,,,,,,,,,,,,,,,,,,,,,,,,,,,,,,,,,,TN,TN
autoland,4769114,12,1a03ada32d4ae63ebeeb4561891b61c1e6e17a68,windows10-64-shippable-qr,True,False,,,102210fe594ee9b33d82058545b1ed14f4c8206e,browser-toolbox.close-process.DAMP,damp,True,damp browser-toolbox.close-process.DAMP opt e10s fission stylo webrender-sw,4768818,77,ms,firefox,,1811491606,2023-12-14 06:57:49,73.67534664920822,3af75f3310fc53f70cba7e6c5a7e7bec2d3381dc,1348404,,,,,,,,,,,,,,,,,,,,,,,,,,,,,,,,,,,,,,,,,,,,,,,,,,,,,,,,,,,,,TN,TN
autoland,4769114,12,1a03ada32d4ae63ebeeb4561891b61c1e6e17a68,windows10-64-shippable-qr,True,False,,,102210fe594ee9b33d82058545b1ed14f4c8206e,browser-toolbox.close-process.DAMP,damp,True,damp browser-toolbox.close-process.DAMP opt e10s fission stylo webrender-sw,4768818,77,ms,firefox,,1811663763,2023-12-14 09:15:58,75.20437315894378,1c0fd259312d4631a0d1a7e0ea0560cff577beba,1348457,,,,,,,,,,,,,,,,,,,,,,,,,,,,,,,,,,,,,,,,,,,,,,,,,,,,,,,,,,,,,TN,TN
autoland,4769114,12,1a03ada32d4ae63ebeeb4561891b61c1e6e17a68,windows10-64-shippable-qr,True,False,,,102210fe594ee9b33d82058545b1ed14f4c8206e,browser-toolbox.close-process.DAMP,damp,True,damp browser-toolbox.close-process.DAMP opt e10s fission stylo webrender-sw,4768818,77,ms,firefox,,1811749283,2023-12-14 13:22:59,70.53627839932597,31a1108bee2768e6f329db2b083b5066b2c83def,1348529,,,,,,,,,,,,,,,,,,,,,,,,,,,,,,,,,,,,,,,,,,,,,,,,,,,,,,,,,,,,,TN,TN
autoland,4769114,12,1a03ada32d4ae63ebeeb4561891b61c1e6e17a68,windows10-64-shippable-qr,True,False,,,102210fe594ee9b33d82058545b1ed14f4c8206e,browser-toolbox.close-process.DAMP,damp,True,damp browser-toolbox.close-process.DAMP opt e10s fission stylo webrender-sw,4768818,77,ms,firefox,,1811883880,2023-12-14 15:25:58,76.00385297133471,44c4e62a38e1a18cd9c3cdc37be672c5b2eccb06,1348605,,,,,,,,,,,,,,,,,,,,,,,,,,,,,,,,,,,,,,,,,,,,,,,,,,,,,,,,,,,,,TN,TN
autoland,4769114,12,1a03ada32d4ae63ebeeb4561891b61c1e6e17a68,windows10-64-shippable-qr,True,False,,,102210fe594ee9b33d82058545b1ed14f4c8206e,browser-toolbox.close-process.DAMP,damp,True,damp browser-toolbox.close-process.DAMP opt e10s fission stylo webrender-sw,4768818,77,ms,firefox,,1812037539,2023-12-14 19:45:40,71.60823445203278,5b5faa47b870a45949438e5959b9ef04204a9bac,1348855,,,,,,,,,,,,,,,,,,,,,,,,,,,,,,,,,,,,,,,,,,,,,,,,,,,,,,,,,,,,,TN,TN
autoland,4769114,12,1a03ada32d4ae63ebeeb4561891b61c1e6e17a68,windows10-64-shippable-qr,True,False,,,102210fe594ee9b33d82058545b1ed14f4c8206e,browser-toolbox.close-process.DAMP,damp,True,damp browser-toolbox.close-process.DAMP opt e10s fission stylo webrender-sw,4768818,77,ms,firefox,,1812196986,2023-12-14 21:45:13,76.0731176834961,04ae3a53d7df39b7ef7380e872889038951a9e63,1348957,,,,,,,,,,,,,,,,,,,,,,,,,,,,,,,,,,,,,,,,,,,,,,,,,,,,,,,,,,,,,TN,TN
autoland,4769114,12,1a03ada32d4ae63ebeeb4561891b61c1e6e17a68,windows10-64-shippable-qr,True,False,,,102210fe594ee9b33d82058545b1ed14f4c8206e,browser-toolbox.close-process.DAMP,damp,True,damp browser-toolbox.close-process.DAMP opt e10s fission stylo webrender-sw,4768818,77,ms,firefox,,1812306565,2023-12-15 01:58:19,71.86023626415408,efffe49c7c1c0f6b54d9f752224880e07e588f36,1349130,,,,,,,,,,,,,,,,,,,,,,,,,,,,,,,,,,,,,,,,,,,,,,,,,,,,,,,,,,,,,TN,TN
autoland,4769114,12,1a03ada32d4ae63ebeeb4561891b61c1e6e17a68,windows10-64-shippable-qr,True,False,,,102210fe594ee9b33d82058545b1ed14f4c8206e,browser-toolbox.close-process.DAMP,damp,True,damp browser-toolbox.close-process.DAMP opt e10s fission stylo webrender-sw,4768818,77,ms,firefox,,1812482564,2023-12-15 11:00:39,72.21100562004722,d3a29d02b3dd8d8cfbfff6fcad00d94226e102e8,1349239,,,,,,,,,,,,,,,,,,,,,,,,,,,,,,,,,,,,,,,,,,,,,,,,,,,,,,,,,,,,,TN,TN
autoland,4769114,12,1a03ada32d4ae63ebeeb4561891b61c1e6e17a68,windows10-64-shippable-qr,True,False,,,102210fe594ee9b33d82058545b1ed14f4c8206e,browser-toolbox.close-process.DAMP,damp,True,damp browser-toolbox.close-process.DAMP opt e10s fission stylo webrender-sw,4768818,77,ms,firefox,,1812630186,2023-12-15 15:09:59,75.12096851267415,8fd04cb03fbd84435d9834d1de340c2f64e013bb,1349331,,,,,,,,,,,,,,,,,,,,,,,,,,,,,,,,,,,,,,,,,,,,,,,,,,,,,,,,,,,,,TN,TN
autoland,4769114,12,1a03ada32d4ae63ebeeb4561891b61c1e6e17a68,windows10-64-shippable-qr,True,False,,,102210fe594ee9b33d82058545b1ed14f4c8206e,browser-toolbox.close-process.DAMP,damp,True,damp browser-toolbox.close-process.DAMP opt e10s fission stylo webrender-sw,4768818,77,ms,firefox,,1812861092,2023-12-15 20:18:56,71.60235888679745,8f1a041ed5a88918a5fe585c89ffabd9450bc0ef,1349528,,,,,,,,,,,,,,,,,,,,,,,,,,,,,,,,,,,,,,,,,,,,,,,,,,,,,,,,,,,,,TN,TN
autoland,4769114,12,1a03ada32d4ae63ebeeb4561891b61c1e6e17a68,windows10-64-shippable-qr,True,False,,,102210fe594ee9b33d82058545b1ed14f4c8206e,browser-toolbox.close-process.DAMP,damp,True,damp browser-toolbox.close-process.DAMP opt e10s fission stylo webrender-sw,4768818,77,ms,firefox,,1813016583,2023-12-16 02:28:17,71.47943006915739,33b0a0fecfd912ef3f540060b5e13f54db31d5cd,1349675,,,,,,,,,,,,,,,,,,,,,,,,,,,,,,,,,,,,,,,,,,,,,,,,,,,,,,,,,,,,,TN,TN
autoland,4769114,12,1a03ada32d4ae63ebeeb4561891b61c1e6e17a68,windows10-64-shippable-qr,True,False,,,102210fe594ee9b33d82058545b1ed14f4c8206e,browser-toolbox.close-process.DAMP,damp,True,damp browser-toolbox.close-process.DAMP opt e10s fission stylo webrender-sw,4768818,77,ms,firefox,,1813175895,2023-12-16 14:03:11,74.26863397446141,6d6d4867b0f48dce26d871d94c5f74f5a8ac6aaf,1349726,,,,,,,,,,,,,,,,,,,,,,,,,,,,,,,,,,,,,,,,,,,,,,,,,,,,,,,,,,,,,TN,TN
autoland,4769114,12,1a03ada32d4ae63ebeeb4561891b61c1e6e17a68,windows10-64-shippable-qr,True,False,,,102210fe594ee9b33d82058545b1ed14f4c8206e,browser-toolbox.close-process.DAMP,damp,True,damp browser-toolbox.close-process.DAMP opt e10s fission stylo webrender-sw,4768818,77,ms,firefox,,1813343488,2023-12-17 06:27:55,69.58844437070366,2d19e1f44e562ba1bb3be1f4b8f95b9884d9b07d,1349827,,,,,,,,,,,,,,,,,,,,,,,,,,,,,,,,,,,,,,,,,,,,,,,,,,,,,,,,,,,,,TN,TN
autoland,4769114,12,1a03ada32d4ae63ebeeb4561891b61c1e6e17a68,windows10-64-shippable-qr,True,False,,,102210fe594ee9b33d82058545b1ed14f4c8206e,browser-toolbox.close-process.DAMP,damp,True,damp browser-toolbox.close-process.DAMP opt e10s fission stylo webrender-sw,4768818,77,ms,firefox,,1813444543,2023-12-17 14:26:46,70.4193959087861,ab5e2f241728caa5dc020e829b1045df55247758,1349862,,,,,,,,,,,,,,,,,,,,,,,,,,,,,,,,,,,,,,,,,,,,,,,,,,,,,,,,,,,,,TN,TN
autoland,4769114,12,1a03ada32d4ae63ebeeb4561891b61c1e6e17a68,windows10-64-shippable-qr,True,False,,,102210fe594ee9b33d82058545b1ed14f4c8206e,browser-toolbox.close-process.DAMP,damp,True,damp browser-toolbox.close-process.DAMP opt e10s fission stylo webrender-sw,4768818,77,ms,firefox,,1813537141,2023-12-18 01:43:16,69.40619615466858,b46057158b0694677a8174089de1cb8929d3116b,1349993,,,,,,,,,,,,,,,,,,,,,,,,,,,,,,,,,,,,,,,,,,,,,,,,,,,,,,,,,,,,,TN,TN
autoland,4769114,12,1a03ada32d4ae63ebeeb4561891b61c1e6e17a68,windows10-64-shippable-qr,True,False,,,102210fe594ee9b33d82058545b1ed14f4c8206e,browser-toolbox.close-process.DAMP,damp,True,damp browser-toolbox.close-process.DAMP opt e10s fission stylo webrender-sw,4768818,77,ms,firefox,,1813578089,2023-12-18 05:48:57,69.66636344860308,1d2ed0b2947385e77bd609220eb0e453b44d4cb3,1350028,,,,,,,,,,,,,,,,,,,,,,,,,,,,,,,,,,,,,,,,,,,,,,,,,,,,,,,,,,,,,TN,TN
autoland,4769114,12,1a03ada32d4ae63ebeeb4561891b61c1e6e17a68,windows10-64-shippable-qr,True,False,,,102210fe594ee9b33d82058545b1ed14f4c8206e,browser-toolbox.close-process.DAMP,damp,True,damp browser-toolbox.close-process.DAMP opt e10s fission stylo webrender-sw,4768818,77,ms,firefox,,1813697965,2023-12-18 10:08:52,75.6002262357797,1f7904968650806af8d68bbc64a717bac22df318,1350088,,,,,,,,,,,,,,,,,,,,,,,,,,,,,,,,,,,,,,,,,,,,,,,,,,,,,,,,,,,,,TN,TN
autoland,4769114,12,1a03ada32d4ae63ebeeb4561891b61c1e6e17a68,windows10-64-shippable-qr,True,False,,,102210fe594ee9b33d82058545b1ed14f4c8206e,browser-toolbox.close-process.DAMP,damp,True,damp browser-toolbox.close-process.DAMP opt e10s fission stylo webrender-sw,4768818,77,ms,firefox,,1813702511,2023-12-18 10:23:12,74.91828492548666,ba2e5b5e061b5024cc487a16c7e553de9e5e8a2d,1350096,,,,,,,,,,,,,,,,,,,,,,,,,,,,,,,,,,,,,,,,,,,,,,,,,,,,,,,,,,,,,TN,TN
autoland,4769114,12,1a03ada32d4ae63ebeeb4561891b61c1e6e17a68,windows10-64-shippable-qr,True,False,,,102210fe594ee9b33d82058545b1ed14f4c8206e,browser-toolbox.close-process.DAMP,damp,True,damp browser-toolbox.close-process.DAMP opt e10s fission stylo webrender-sw,4768818,77,ms,firefox,,1813801812,2023-12-18 14:56:17,70.43209735373966,8942476b2dcd0a89abfb3183ea577d611785e77e,1350212,,,,,,,,,,,,,,,,,,,,,,,,,,,,,,,,,,,,,,,,,,,,,,,,,,,,,,,,,,,,,TN,TN
autoland,4769114,12,1a03ada32d4ae63ebeeb4561891b61c1e6e17a68,windows10-64-shippable-qr,True,False,,,102210fe594ee9b33d82058545b1ed14f4c8206e,browser-toolbox.close-process.DAMP,damp,True,damp browser-toolbox.close-process.DAMP opt e10s fission stylo webrender-sw,4768818,77,ms,firefox,,1813859178,2023-12-18 15:53:23,72.9116391154239,e409a860d27d9dbd962eb6568c1700e2aa2716aa,1350255,,,,,,,,,,,,,,,,,,,,,,,,,,,,,,,,,,,,,,,,,,,,,,,,,,,,,,,,,,,,,TN,TN
autoland,4769114,12,1a03ada32d4ae63ebeeb4561891b61c1e6e17a68,windows10-64-shippable-qr,True,False,,,102210fe594ee9b33d82058545b1ed14f4c8206e,browser-toolbox.close-process.DAMP,damp,True,damp browser-toolbox.close-process.DAMP opt e10s fission stylo webrender-sw,4768818,77,ms,firefox,,1813928948,2023-12-18 18:13:05,73.42544559386442,c909d207f316bf0512f63f8262872083353a6ef5,1350369,,,,,,,,,,,,,,,,,,,,,,,,,,,,,,,,,,,,,,,,,,,,,,,,,,,,,,,,,,,,,TN,TN
autoland,4769114,12,1a03ada32d4ae63ebeeb4561891b61c1e6e17a68,windows10-64-shippable-qr,True,False,,,102210fe594ee9b33d82058545b1ed14f4c8206e,browser-toolbox.close-process.DAMP,damp,True,damp browser-toolbox.close-process.DAMP opt e10s fission stylo webrender-sw,4768818,77,ms,firefox,,1814015149,2023-12-18 20:47:25,70.47244685771875,593e78a41c38b062baab03b6280366f86d0d233c,1350523,,,,,,,,,,,,,,,,,,,,,,,,,,,,,,,,,,,,,,,,,,,,,,,,,,,,,,,,,,,,,TN,TN
autoland,4769114,12,1a03ada32d4ae63ebeeb4561891b61c1e6e17a68,windows10-64-shippable-qr,True,False,,,102210fe594ee9b33d82058545b1ed14f4c8206e,browser-toolbox.close-process.DAMP,damp,True,damp browser-toolbox.close-process.DAMP opt e10s fission stylo webrender-sw,4768818,77,ms,firefox,,1814123046,2023-12-19 00:56:17,70.91808226350986,4bc62630a431fca569dfb1add5eee214dcdd091c,1350695,,,,,,,,,,,,,,,,,,,,,,,,,,,,,,,,,,,,,,,,,,,,,,,,,,,,,,,,,,,,,TN,TN
autoland,4769114,12,1a03ada32d4ae63ebeeb4561891b61c1e6e17a68,windows10-64-shippable-qr,True,False,,,102210fe594ee9b33d82058545b1ed14f4c8206e,browser-toolbox.close-process.DAMP,damp,True,damp browser-toolbox.close-process.DAMP opt e10s fission stylo webrender-sw,4768818,77,ms,firefox,,1814128075,2023-12-19 02:00:57,74.12803001549037,7e32f178b02fef938f803492c4bfd6d897ffcb21,1350710,,,,,,,,,,,,,,,,,,,,,,,,,,,,,,,,,,,,,,,,,,,,,,,,,,,,,,,,,,,,,TN,TN
autoland,4769114,12,1a03ada32d4ae63ebeeb4561891b61c1e6e17a68,windows10-64-shippable-qr,True,False,,,102210fe594ee9b33d82058545b1ed14f4c8206e,browser-toolbox.close-process.DAMP,damp,True,damp browser-toolbox.close-process.DAMP opt e10s fission stylo webrender-sw,4768818,77,ms,firefox,,1814208632,2023-12-19 06:19:40,69.31757284898777,05b607c3bbe6ca02e9133ecb969e033fd3d7959e,1350758,,,,,,,,,,,,,,,,,,,,,,,,,,,,,,,,,,,,,,,,,,,,,,,,,,,,,,,,,,,,,TN,TN
autoland,4769114,12,1a03ada32d4ae63ebeeb4561891b61c1e6e17a68,windows10-64-shippable-qr,True,False,,,102210fe594ee9b33d82058545b1ed14f4c8206e,browser-toolbox.close-process.DAMP,damp,True,damp browser-toolbox.close-process.DAMP opt e10s fission stylo webrender-sw,4768818,77,ms,firefox,,1814302824,2023-12-19 10:31:52,72.38910764556931,8efb8cc3558006677c6d18fcf41c3445498e257c,1350823,,,,,,,,,,,,,,,,,,,,,,,,,,,,,,,,,,,,,,,,,,,,,,,,,,,,,,,,,,,,,TN,TN
autoland,4769114,12,1a03ada32d4ae63ebeeb4561891b61c1e6e17a68,windows10-64-shippable-qr,True,False,,,102210fe594ee9b33d82058545b1ed14f4c8206e,browser-toolbox.close-process.DAMP,damp,True,damp browser-toolbox.close-process.DAMP opt e10s fission stylo webrender-sw,4768818,77,ms,firefox,,1814370177,2023-12-19 10:59:27,73.73559191054665,e382d15d709c00d2fc941c2d6e9344b826246c27,1350835,,,,,,,,,,,,,,,,,,,,,,,,,,,,,,,,,,,,,,,,,,,,,,,,,,,,,,,,,,,,,TN,TN
autoland,4769114,12,1a03ada32d4ae63ebeeb4561891b61c1e6e17a68,windows10-64-shippable-qr,True,False,,,102210fe594ee9b33d82058545b1ed14f4c8206e,browser-toolbox.close-process.DAMP,damp,True,damp browser-toolbox.close-process.DAMP opt e10s fission stylo webrender-sw,4768818,77,ms,firefox,,1814548317,2023-12-19 15:05:00,77.01304437463114,58a9c7e82a58e7e951a669f0634901963c5ed696,1350969,,,,,,,,,,,,,,,,,,,,,,,,,,,,,,,,,,,,,,,,,,,,,,,,,,,,,,,,,,,,,TN,TN
autoland,4769114,12,1a03ada32d4ae63ebeeb4561891b61c1e6e17a68,windows10-64-shippable-qr,True,False,,,102210fe594ee9b33d82058545b1ed14f4c8206e,browser-toolbox.close-process.DAMP,damp,True,damp browser-toolbox.close-process.DAMP opt e10s fission stylo webrender-sw,4768818,77,ms,firefox,,1814533531,2023-12-19 15:55:04,74.58683285512961,ffd610f5a3bc262042d0839f354a1cf0cc9d5dff,1351025,,,,,,,,,,,,,,,,,,,,,,,,,,,,,,,,,,,,,,,,,,,,,,,,,,,,,,,,,,,,,TN,TN
autoland,4769114,12,1a03ada32d4ae63ebeeb4561891b61c1e6e17a68,windows10-64-shippable-qr,True,False,,,102210fe594ee9b33d82058545b1ed14f4c8206e,browser-toolbox.close-process.DAMP,damp,True,damp browser-toolbox.close-process.DAMP opt e10s fission stylo webrender-sw,4768818,77,ms,firefox,,1814673551,2023-12-19 20:21:31,75.78508413529926,b50326daf412a23a363c8ca18b03b1dcede121ff,1351238,,,,,,,,,,,,,,,,,,,,,,,,,,,,,,,,,,,,,,,,,,,,,,,,,,,,,,,,,,,,,TN,TN
autoland,4769114,12,1a03ada32d4ae63ebeeb4561891b61c1e6e17a68,windows10-64-shippable-qr,True,False,,,102210fe594ee9b33d82058545b1ed14f4c8206e,browser-toolbox.close-process.DAMP,damp,True,damp browser-toolbox.close-process.DAMP opt e10s fission stylo webrender-sw,4768818,77,ms,firefox,,1814695119,2023-12-19 21:18:40,73.96299537701998,31eaa2b1cf1b61e0b8868c53cf6bdbfc14805942,1351276,,,,,,,,,,,,,,,,,,,,,,,,,,,,,,,,,,,,,,,,,,,,,,,,,,,,,,,,,,,,,TN,TN
autoland,4769114,12,1a03ada32d4ae63ebeeb4561891b61c1e6e17a68,windows10-64-shippable-qr,True,False,,,102210fe594ee9b33d82058545b1ed14f4c8206e,browser-toolbox.close-process.DAMP,damp,True,damp browser-toolbox.close-process.DAMP opt e10s fission stylo webrender-sw,4768818,77,ms,firefox,,1814855610,2023-12-20 02:06:01,70.26342790789204,9ac6d461916454c17cd8c7dfc7f73401ef3da12a,1351432,,,,,,,,,,,,,,,,,,,,,,,,,,,,,,,,,,,,,,,,,,,,,,,,,,,,,,,,,,,,,TN,TN
autoland,4769114,12,1a03ada32d4ae63ebeeb4561891b61c1e6e17a68,windows10-64-shippable-qr,True,False,,,102210fe594ee9b33d82058545b1ed14f4c8206e,browser-toolbox.close-process.DAMP,damp,True,damp browser-toolbox.close-process.DAMP opt e10s fission stylo webrender-sw,4768818,77,ms,firefox,,1814944182,2023-12-20 04:26:18,74.06908048786136,e3bf6261f6fc31e78c716c97399a60f6f575ebcd,1351473,,,,,,,,,,,,,,,,,,,,,,,,,,,,,,,,,,,,,,,,,,,,,,,,,,,,,,,,,,,,,TN,TN
autoland,4769114,12,1a03ada32d4ae63ebeeb4561891b61c1e6e17a68,windows10-64-shippable-qr,True,False,,,102210fe594ee9b33d82058545b1ed14f4c8206e,browser-toolbox.close-process.DAMP,damp,True,damp browser-toolbox.close-process.DAMP opt e10s fission stylo webrender-sw,4768818,77,ms,firefox,,1815089267,2023-12-20 09:15:46,68.59506445401348,4d6eabdc6228d414c7043c4fabdddfd95a3afb0e,1351517,,,,,,,,,,,,,,,,,,,,,,,,,,,,,,,,,,,,,,,,,,,,,,,,,,,,,,,,,,,,,TN,TN
autoland,4769114,12,1a03ada32d4ae63ebeeb4561891b61c1e6e17a68,windows10-64-shippable-qr,True,False,,,102210fe594ee9b33d82058545b1ed14f4c8206e,browser-toolbox.close-process.DAMP,damp,True,damp browser-toolbox.close-process.DAMP opt e10s fission stylo webrender-sw,4768818,77,ms,firefox,,1815191059,2023-12-20 13:10:00,76.05366168686305,97f2e0f6b821072bc498a3bc7921831eb6d10d38,1351639,,,,,,,,,,,,,,,,,,,,,,,,,,,,,,,,,,,,,,,,,,,,,,,,,,,,,,,,,,,,,TN,TN
autoland,4769114,12,1a03ada32d4ae63ebeeb4561891b61c1e6e17a68,windows10-64-shippable-qr,True,False,,,102210fe594ee9b33d82058545b1ed14f4c8206e,browser-toolbox.close-process.DAMP,damp,True,damp browser-toolbox.close-process.DAMP opt e10s fission stylo webrender-sw,4768818,77,ms,firefox,,1815380409,2023-12-20 17:43:19,74.89366611516016,c12f6936509f05b3caad77d4cb4b783a38761897,1351821,,,,,,,,,,,,,,,,,,,,,,,,,,,,,,,,,,,,,,,,,,,,,,,,,,,,,,,,,,,,,TN,TN
autoland,4769114,12,1a03ada32d4ae63ebeeb4561891b61c1e6e17a68,windows10-64-shippable-qr,True,False,,,102210fe594ee9b33d82058545b1ed14f4c8206e,browser-toolbox.close-process.DAMP,damp,True,damp browser-toolbox.close-process.DAMP opt e10s fission stylo webrender-sw,4768818,77,ms,firefox,,1815492748,2023-12-20 21:55:32,75.7611907897226,aa4d4fecaf969d49a7ecf2568e3dda25cd2a7f1d,1352017,,,,,,,,,,,,,,,,,,,,,,,,,,,,,,,,,,,,,,,,,,,,,,,,,,,,,,,,,,,,,TN,TN
autoland,4769114,12,1a03ada32d4ae63ebeeb4561891b61c1e6e17a68,windows10-64-shippable-qr,True,False,,,102210fe594ee9b33d82058545b1ed14f4c8206e,browser-toolbox.close-process.DAMP,damp,True,damp browser-toolbox.close-process.DAMP opt e10s fission stylo webrender-sw,4768818,77,ms,firefox,,1815508674,2023-12-20 21:58:53,75.36439058659016,dfc7e32798343d88b72708bf68fc966d1e088330,1352020,,,,,,,,,,,,,,,,,,,,,,,,,,,,,,,,,,,,,,,,,,,,,,,,,,,,,,,,,,,,,TN,TN
autoland,4769114,12,1a03ada32d4ae63ebeeb4561891b61c1e6e17a68,windows10-64-shippable-qr,True,False,,,102210fe594ee9b33d82058545b1ed14f4c8206e,browser-toolbox.close-process.DAMP,damp,True,damp browser-toolbox.close-process.DAMP opt e10s fission stylo webrender-sw,4768818,77,ms,firefox,,1815597913,2023-12-21 03:06:09,73.748321919702,37657c7691664026e54babf7d1cf608fe58a92fb,1352135,,,,,,,,,,,,,,,,,,,,,,,,,,,,,,,,,,,,,,,,,,,,,,,,,,,,,,,,,,,,,TN,TN
autoland,4769114,12,1a03ada32d4ae63ebeeb4561891b61c1e6e17a68,windows10-64-shippable-qr,True,False,,,102210fe594ee9b33d82058545b1ed14f4c8206e,browser-toolbox.close-process.DAMP,damp,True,damp browser-toolbox.close-process.DAMP opt e10s fission stylo webrender-sw,4768818,77,ms,firefox,,1815675455,2023-12-21 06:56:11,71.0081469314755,2339ef37f5863c45acf6280581ec0994b40f11d5,1352164,,,,,,,,,,,,,,,,,,,,,,,,,,,,,,,,,,,,,,,,,,,,,,,,,,,,,,,,,,,,,TN,TN
autoland,4769114,12,1a03ada32d4ae63ebeeb4561891b61c1e6e17a68,windows10-64-shippable-qr,True,False,,,102210fe594ee9b33d82058545b1ed14f4c8206e,browser-toolbox.close-process.DAMP,damp,True,damp browser-toolbox.close-process.DAMP opt e10s fission stylo webrender-sw,4768818,77,ms,firefox,,1815799113,2023-12-21 11:39:11,72.50245247456041,5e551f2bacc3d6a8294dcb0273e8299cf7a17e2d,1352265,,,,,,,,,,,,,,,,,,,,,,,,,,,,,,,,,,,,,,,,,,,,,,,,,,,,,,,,,,,,,TN,TN
autoland,4769114,12,1a03ada32d4ae63ebeeb4561891b61c1e6e17a68,windows10-64-shippable-qr,True,False,,,102210fe594ee9b33d82058545b1ed14f4c8206e,browser-toolbox.close-process.DAMP,damp,True,damp browser-toolbox.close-process.DAMP opt e10s fission stylo webrender-sw,4768818,77,ms,firefox,,1815824752,2023-12-21 13:05:54,71.07448679667141,8b474eeffbe09d0e5e30675fa595293863b0db34,1352315,,,,,,,,,,,,,,,,,,,,,,,,,,,,,,,,,,,,,,,,,,,,,,,,,,,,,,,,,,,,,TN,TN
autoland,4769114,12,1a03ada32d4ae63ebeeb4561891b61c1e6e17a68,windows10-64-shippable-qr,True,False,,,102210fe594ee9b33d82058545b1ed14f4c8206e,browser-toolbox.close-process.DAMP,damp,True,damp browser-toolbox.close-process.DAMP opt e10s fission stylo webrender-sw,4768818,77,ms,firefox,,1816086454,2023-12-21 18:00:27,76.09789032069239,e685307ecb90f0e91ef9f3781b3614b7308384b9,1352454,,,,,,,,,,,,,,,,,,,,,,,,,,,,,,,,,,,,,,,,,,,,,,,,,,,,,,,,,,,,,TN,TN
autoland,4769114,12,1a03ada32d4ae63ebeeb4561891b61c1e6e17a68,windows10-64-shippable-qr,True,False,,,102210fe594ee9b33d82058545b1ed14f4c8206e,browser-toolbox.close-process.DAMP,damp,True,damp browser-toolbox.close-process.DAMP opt e10s fission stylo webrender-sw,4768818,77,ms,firefox,,1816056751,2023-12-21 18:17:05,76.482651371276,14c89fd054c7ac54bac01a4fcb619d5dff3cc6ef,1352468,,,,,,,,,,,,,,,,,,,,,,,,,,,,,,,,,,,,,,,,,,,,,,,,,,,,,,,,,,,,,TN,TN
autoland,4769114,12,1a03ada32d4ae63ebeeb4561891b61c1e6e17a68,windows10-64-shippable-qr,True,False,,,102210fe594ee9b33d82058545b1ed14f4c8206e,browser-toolbox.close-process.DAMP,damp,True,damp browser-toolbox.close-process.DAMP opt e10s fission stylo webrender-sw,4768818,77,ms,firefox,,1816167286,2023-12-21 22:08:07,69.8839636343182,e20257bfa3ef6e394b6669c19aa1a165ee73fefa,1352650,,,,,,,,,,,,,,,,,,,,,,,,,,,,,,,,,,,,,,,,,,,,,,,,,,,,,,,,,,,,,TN,TN
autoland,4769114,12,1a03ada32d4ae63ebeeb4561891b61c1e6e17a68,windows10-64-shippable-qr,True,False,,,102210fe594ee9b33d82058545b1ed14f4c8206e,browser-toolbox.close-process.DAMP,damp,True,damp browser-toolbox.close-process.DAMP opt e10s fission stylo webrender-sw,4768818,77,ms,firefox,,1816247845,2023-12-22 08:16:59,73.69415052753175,6814c9419790a8ee7c93cac282a82a11d93d16ba,1352807,,,,,,,,,,,,,,,,,,,,,,,,,,,,,,,,,,,,,,,,,,,,,,,,,,,,,,,,,,,,,TN,TN
autoland,4769114,12,1a03ada32d4ae63ebeeb4561891b61c1e6e17a68,windows10-64-shippable-qr,True,False,,,102210fe594ee9b33d82058545b1ed14f4c8206e,browser-toolbox.close-process.DAMP,damp,True,damp browser-toolbox.close-process.DAMP opt e10s fission stylo webrender-sw,4768818,77,ms,firefox,,1816366791,2023-12-22 13:33:45,70.71976729223388,3189af86c93aef59c4fc9363b40f92eb4ef0358f,1352859,,,,,,,,,,,,,,,,,,,,,,,,,,,,,,,,,,,,,,,,,,,,,,,,,,,,,,,,,,,,,TN,TN
autoland,4769114,12,1a03ada32d4ae63ebeeb4561891b61c1e6e17a68,windows10-64-shippable-qr,True,False,,,102210fe594ee9b33d82058545b1ed14f4c8206e,browser-toolbox.close-process.DAMP,damp,True,damp browser-toolbox.close-process.DAMP opt e10s fission stylo webrender-sw,4768818,77,ms,firefox,,1816383359,2023-12-22 13:41:08,75.01693868110306,8cd1fc9da2b45034679cc880c08d91e84d8e9516,1352862,,,,,,,,,,,,,,,,,,,,,,,,,,,,,,,,,,,,,,,,,,,,,,,,,,,,,,,,,,,,,TN,TN
autoland,4769114,12,1a03ada32d4ae63ebeeb4561891b61c1e6e17a68,windows10-64-shippable-qr,True,False,,,102210fe594ee9b33d82058545b1ed14f4c8206e,browser-toolbox.close-process.DAMP,damp,True,damp browser-toolbox.close-process.DAMP opt e10s fission stylo webrender-sw,4768818,77,ms,firefox,,1816499739,2023-12-22 19:27:05,77.82526107755984,ac9f813bbc0f39b5e52be4229972795f2ca6309b,1353028,,,,,,,,,,,,,,,,,,,,,,,,,,,,,,,,,,,,,,,,,,,,,,,,,,,,,,,,,,,,,TN,TN
autoland,4769114,12,1a03ada32d4ae63ebeeb4561891b61c1e6e17a68,windows10-64-shippable-qr,True,False,,,102210fe594ee9b33d82058545b1ed14f4c8206e,browser-toolbox.close-process.DAMP,damp,True,damp browser-toolbox.close-process.DAMP opt e10s fission stylo webrender-sw,4768818,77,ms,firefox,,1816589990,2023-12-23 00:08:27,79.03771388781024,58581f618255e51b846d0792b6abc3e5c2c67d51,1353154,,,,,,,,,,,,,,,,,,,,,,,,,,,,,,,,,,,,,,,,,,,,,,,,,,,,,,,,,,,,,TN,TN
autoland,4769114,12,1a03ada32d4ae63ebeeb4561891b61c1e6e17a68,windows10-64-shippable-qr,True,False,,,102210fe594ee9b33d82058545b1ed14f4c8206e,browser-toolbox.close-process.DAMP,damp,True,damp browser-toolbox.close-process.DAMP opt e10s fission stylo webrender-sw,4768818,77,ms,firefox,,1816645607,2023-12-23 05:47:03,71.91111948515754,8b92fb4e3f41d856629818bd2ecfc25bed23a643,1353193,,,,,,,,,,,,,,,,,,,,,,,,,,,,,,,,,,,,,,,,,,,,,,,,,,,,,,,,,,,,,TN,TN
autoland,4769114,12,1a03ada32d4ae63ebeeb4561891b61c1e6e17a68,windows10-64-shippable-qr,True,False,,,102210fe594ee9b33d82058545b1ed14f4c8206e,browser-toolbox.close-process.DAMP,damp,True,damp browser-toolbox.close-process.DAMP opt e10s fission stylo webrender-sw,4768818,77,ms,firefox,,1816688726,2023-12-23 08:44:57,68.78557550912956,6f7de1b98becd7269380a213d3eff367b81efe72,1353213,,,,,,,,,,,,,,,,,,,,,,,,,,,,,,,,,,,,,,,,,,,,,,,,,,,,,,,,,,,,,TN,TN
autoland,4769114,12,1a03ada32d4ae63ebeeb4561891b61c1e6e17a68,windows10-64-shippable-qr,True,False,,,102210fe594ee9b33d82058545b1ed14f4c8206e,browser-toolbox.close-process.DAMP,damp,True,damp browser-toolbox.close-process.DAMP opt e10s fission stylo webrender-sw,4768818,77,ms,firefox,,1816776468,2023-12-23 15:53:06,77.16464881951106,e6f85355d2f352d6bc64a11372bc8efc1ced07b8,1353251,,,,,,,,,,,,,,,,,,,,,,,,,,,,,,,,,,,,,,,,,,,,,,,,,,,,,,,,,,,,,TN,TN
autoland,4769114,12,1a03ada32d4ae63ebeeb4561891b61c1e6e17a68,windows10-64-shippable-qr,True,False,,,102210fe594ee9b33d82058545b1ed14f4c8206e,browser-toolbox.close-process.DAMP,damp,True,damp browser-toolbox.close-process.DAMP opt e10s fission stylo webrender-sw,4768818,77,ms,firefox,,1816846239,2023-12-24 06:04:04,76.12199507658806,0f896a4a54629904c55cc5e18aa1f6e387c9a697,1353282,,,,,,,,,,,,,,,,,,,,,,,,,,,,,,,,,,,,,,,,,,,,,,,,,,,,,,,,,,,,,TN,TN
autoland,4769114,12,1a03ada32d4ae63ebeeb4561891b61c1e6e17a68,windows10-64-shippable-qr,True,False,,,102210fe594ee9b33d82058545b1ed14f4c8206e,browser-toolbox.close-process.DAMP,damp,True,damp browser-toolbox.close-process.DAMP opt e10s fission stylo webrender-sw,4768818,77,ms,firefox,,1816936629,2023-12-24 13:46:59,75.02895358519163,a15215077df33152e936203ec411ea07343a3f36,1353302,,,,,,,,,,,,,,,,,,,,,,,,,,,,,,,,,,,,,,,,,,,,,,,,,,,,,,,,,,,,,TN,TN
autoland,4769114,12,1a03ada32d4ae63ebeeb4561891b61c1e6e17a68,windows10-64-shippable-qr,True,False,,,102210fe594ee9b33d82058545b1ed14f4c8206e,browser-toolbox.close-process.DAMP,damp,True,damp browser-toolbox.close-process.DAMP opt e10s fission stylo webrender-sw,4768818,77,ms,firefox,,1816983288,2023-12-24 18:13:48,75.65396042173961,65471d13c8aaa5b3c5aa872ca12360b7f26ad6e0,1353317,,,,,,,,,,,,,,,,,,,,,,,,,,,,,,,,,,,,,,,,,,,,,,,,,,,,,,,,,,,,,TN,TN
autoland,4769114,12,1a03ada32d4ae63ebeeb4561891b61c1e6e17a68,windows10-64-shippable-qr,True,False,,,102210fe594ee9b33d82058545b1ed14f4c8206e,browser-toolbox.close-process.DAMP,damp,True,damp browser-toolbox.close-process.DAMP opt e10s fission stylo webrender-sw,4768818,77,ms,firefox,,1817047756,2023-12-25 01:21:58,70.44460411273758,29784c387017c900dc842f070d5cd88464dfc494,1353335,,,,,,,,,,,,,,,,,,,,,,,,,,,,,,,,,,,,,,,,,,,,,,,,,,,,,,,,,,,,,TN,TN
autoland,4769114,12,1a03ada32d4ae63ebeeb4561891b61c1e6e17a68,windows10-64-shippable-qr,True,False,,,102210fe594ee9b33d82058545b1ed14f4c8206e,browser-toolbox.close-process.DAMP,damp,True,damp browser-toolbox.close-process.DAMP opt e10s fission stylo webrender-sw,4768818,77,ms,firefox,,1817089324,2023-12-25 05:53:22,71.05373911444622,f69f493b2f3cde5ef4b46b9675cfd4708287666e,1353343,,,,,,,,,,,,,,,,,,,,,,,,,,,,,,,,,,,,,,,,,,,,,,,,,,,,,,,,,,,,,TN,TN
autoland,4769114,12,1a03ada32d4ae63ebeeb4561891b61c1e6e17a68,windows10-64-shippable-qr,True,False,,,102210fe594ee9b33d82058545b1ed14f4c8206e,browser-toolbox.close-process.DAMP,damp,True,damp browser-toolbox.close-process.DAMP opt e10s fission stylo webrender-sw,4768818,77,ms,firefox,,1817178467,2023-12-25 12:57:04,69.30533217189077,b9600c5aa59e300200656691d1f1997593caafbd,1353372,,,,,,,,,,,,,,,,,,,,,,,,,,,,,,,,,,,,,,,,,,,,,,,,,,,,,,,,,,,,,TN,TN
autoland,4769114,12,1a03ada32d4ae63ebeeb4561891b61c1e6e17a68,windows10-64-shippable-qr,True,False,,,102210fe594ee9b33d82058545b1ed14f4c8206e,browser-toolbox.close-process.DAMP,damp,True,damp browser-toolbox.close-process.DAMP opt e10s fission stylo webrender-sw,4768818,77,ms,firefox,,1817202198,2023-12-25 17:10:06,73.6484567639418,fdd85a789550f85e20e7b7128f2b3316cbc76640,1353386,,,,,,,,,,,,,,,,,,,,,,,,,,,,,,,,,,,,,,,,,,,,,,,,,,,,,,,,,,,,,TN,TN
autoland,4769114,12,1a03ada32d4ae63ebeeb4561891b61c1e6e17a68,windows10-64-shippable-qr,True,False,,,102210fe594ee9b33d82058545b1ed14f4c8206e,browser-toolbox.close-process.DAMP,damp,True,damp browser-toolbox.close-process.DAMP opt e10s fission stylo webrender-sw,4768818,77,ms,firefox,,1817240648,2023-12-25 21:32:12,68.48532573113334,ba6abbd36b496501cea141e17b61af674a18e279,1353402,,,,,,,,,,,,,,,,,,,,,,,,,,,,,,,,,,,,,,,,,,,,,,,,,,,,,,,,,,,,,TN,TN
autoland,4769114,12,1a03ada32d4ae63ebeeb4561891b61c1e6e17a68,windows10-64-shippable-qr,True,False,,,102210fe594ee9b33d82058545b1ed14f4c8206e,browser-toolbox.close-process.DAMP,damp,True,damp browser-toolbox.close-process.DAMP opt e10s fission stylo webrender-sw,4768818,77,ms,firefox,441391377.0,1817295794,2023-12-26 03:31:03,75.49328581067675,280c0b4dd9140984e6177c89f5858ceac6ae0107,1353431,,,,,,,,,,,,,,,,,,,,,,,,,,,,,,,,,,,,,,,,,,,,,,,,,,,,,,,,,,,,,TN,TN
autoland,4769114,12,1a03ada32d4ae63ebeeb4561891b61c1e6e17a68,windows10-64-shippable-qr,True,False,,,102210fe594ee9b33d82058545b1ed14f4c8206e,browser-toolbox.close-process.DAMP,damp,True,damp browser-toolbox.close-process.DAMP opt e10s fission stylo webrender-sw,4768818,77,ms,firefox,441401682.0,1817384046,2023-12-26 07:50:55,71.36008525150828,7503b1d6a430d23303b6ec356b3388951a1eca83,1353461,,,,,,,,,,,,,,,,,,,,,,,,,,,,,,,,,,,,,,,,,,,,,,,,,,,,,,,,,,,,,TN,TN
autoland,4769114,12,1a03ada32d4ae63ebeeb4561891b61c1e6e17a68,windows10-64-shippable-qr,True,False,,,102210fe594ee9b33d82058545b1ed14f4c8206e,browser-toolbox.close-process.DAMP,damp,True,damp browser-toolbox.close-process.DAMP opt e10s fission stylo webrender-sw,4768818,77,ms,firefox,441423491.0,1817462672,2023-12-26 11:52:29,70.1432814199652,807f04c86e5d02f04afa662ade3d505a80a4f660,1353488,,,,,,,,,,,,,,,,,,,,,,,,,,,,,,,,,,,,,,,,,,,,,,,,,,,,,,,,,,,,,TN,TN
autoland,4769114,12,1a03ada32d4ae63ebeeb4561891b61c1e6e17a68,windows10-64-shippable-qr,True,False,,,102210fe594ee9b33d82058545b1ed14f4c8206e,browser-toolbox.close-process.DAMP,damp,True,damp browser-toolbox.close-process.DAMP opt e10s fission stylo webrender-sw,4768818,77,ms,firefox,441451944.0,1817556732,2023-12-27 02:56:18,71.69554290270025,6d9a0abd0a3c26f4337aff723c15795fe91fe884,1353555,,,,,,,,,,,,,,,,,,,,,,,,,,,,,,,,,,,,,,,,,,,,,,,,,,,,,,,,,,,,,TN,TN
autoland,4769114,12,1a03ada32d4ae63ebeeb4561891b61c1e6e17a68,windows10-64-shippable-qr,True,False,,,102210fe594ee9b33d82058545b1ed14f4c8206e,browser-toolbox.close-process.DAMP,damp,True,damp browser-toolbox.close-process.DAMP opt e10s fission stylo webrender-sw,4768818,77,ms,firefox,441493259.0,1817741289,2023-12-27 14:58:54,69.82669491540582,856e86584c4c811f064f93e2b734dd374c787eaf,1353654,,,,,,,,,,,,,,,,,,,,,,,,,,,,,,,,,,,,,,,,,,,,,,,,,,,,,,,,,,,,,TN,TN
autoland,4769114,12,1a03ada32d4ae63ebeeb4561891b61c1e6e17a68,windows10-64-shippable-qr,True,False,,,102210fe594ee9b33d82058545b1ed14f4c8206e,browser-toolbox.close-process.DAMP,damp,True,damp browser-toolbox.close-process.DAMP opt e10s fission stylo webrender-sw,4768818,77,ms,firefox,441511175.0,1817843120,2023-12-27 20:22:55,71.40945677166746,97a27d8a860d5bd8ab2962d2f0e5e376287e527c,1353722,,,,,,,,,,,,,,,,,,,,,,,,,,,,,,,,,,,,,,,,,,,,,,,,,,,,,,,,,,,,,TN,TN
autoland,4769114,12,1a03ada32d4ae63ebeeb4561891b61c1e6e17a68,windows10-64-shippable-qr,True,False,,,102210fe594ee9b33d82058545b1ed14f4c8206e,browser-toolbox.close-process.DAMP,damp,True,damp browser-toolbox.close-process.DAMP opt e10s fission stylo webrender-sw,4768818,77,ms,firefox,441528463.0,1817910328,2023-12-28 01:36:38,75.56930976948934,00fe06571a66e6773ca7801e6747493299cf4bda,1353793,,,,,,,,,,,,,,,,,,,,,,,,,,,,,,,,,,,,,,,,,,,,,,,,,,,,,,,,,,,,,TN,TN
autoland,4769114,12,1a03ada32d4ae63ebeeb4561891b61c1e6e17a68,windows10-64-shippable-qr,True,False,,,102210fe594ee9b33d82058545b1ed14f4c8206e,browser-toolbox.close-process.DAMP,damp,True,damp browser-toolbox.close-process.DAMP opt e10s fission stylo webrender-sw,4768818,77,ms,firefox,441558958.0,1818135985,2023-12-28 13:32:35,77.85709604570002,10aa7423789835a7dbd24b0b44ad1ae2ad77b59b,1353834,,,,,,,,,,,,,,,,,,,,,,,,,,,,,,,,,,,,,,,,,,,,,,,,,,,,,,,,,,,,,TN,TN
autoland,4769114,12,1a03ada32d4ae63ebeeb4561891b61c1e6e17a68,windows10-64-shippable-qr,True,False,,,102210fe594ee9b33d82058545b1ed14f4c8206e,browser-toolbox.close-process.DAMP,damp,True,damp browser-toolbox.close-process.DAMP opt e10s fission stylo webrender-sw,4768818,77,ms,firefox,441574708.0,1818190029,2023-12-28 17:48:27,77.89229540427914,659e4e8345823ce8331b67df6c3865b76063e2c2,1353939,,,,,,,,,,,,,,,,,,,,,,,,,,,,,,,,,,,,,,,,,,,,,,,,,,,,,,,,,,,,,TN,TN
autoland,4769114,12,1a03ada32d4ae63ebeeb4561891b61c1e6e17a68,windows10-64-shippable-qr,True,False,,,102210fe594ee9b33d82058545b1ed14f4c8206e,browser-toolbox.close-process.DAMP,damp,True,damp browser-toolbox.close-process.DAMP opt e10s fission stylo webrender-sw,4768818,77,ms,firefox,441601324.0,1818271818,2023-12-28 23:04:44,74.33322205861623,0bd8678e10b6f0eb1d7e16cfe010ca8856e2bfcc,1354003,,,,,,,,,,,,,,,,,,,,,,,,,,,,,,,,,,,,,,,,,,,,,,,,,,,,,,,,,,,,,TN,TN
autoland,4769114,12,1a03ada32d4ae63ebeeb4561891b61c1e6e17a68,windows10-64-shippable-qr,True,False,,,102210fe594ee9b33d82058545b1ed14f4c8206e,browser-toolbox.close-process.DAMP,damp,True,damp browser-toolbox.close-process.DAMP opt e10s fission stylo webrender-sw,4768818,77,ms,firefox,441618133.0,1818376755,2023-12-29 05:51:26,75.69082441540377,25b973ec90316da3daa35b031e4a4e089d70443a,1354078,,,,,,,,,,,,,,,,,,,,,,,,,,,,,,,,,,,,,,,,,,,,,,,,,,,,,,,,,,,,,TN,TN
autoland,4769114,12,1a03ada32d4ae63ebeeb4561891b61c1e6e17a68,windows10-64-shippable-qr,True,False,,,102210fe594ee9b33d82058545b1ed14f4c8206e,browser-toolbox.close-process.DAMP,damp,True,damp browser-toolbox.close-process.DAMP opt e10s fission stylo webrender-sw,4768818,77,ms,firefox,441663326.0,1818502383,2023-12-29 14:24:04,71.22147993715771,4d00abb11b573ff386a9f02816ff81f2030e6dfe,1354164,,,,,,,,,,,,,,,,,,,,,,,,,,,,,,,,,,,,,,,,,,,,,,,,,,,,,,,,,,,,,TN,TN
autoland,4769114,12,1a03ada32d4ae63ebeeb4561891b61c1e6e17a68,windows10-64-shippable-qr,True,False,,,102210fe594ee9b33d82058545b1ed14f4c8206e,browser-toolbox.close-process.DAMP,damp,True,damp browser-toolbox.close-process.DAMP opt e10s fission stylo webrender-sw,4768818,77,ms,firefox,441670518.0,1818544768,2023-12-29 16:09:29,75.37679780233884,52b5c5b51719976906d668db1cd59b2b49315565,1354179,,,,,,,,,,,,,,,,,,,,,,,,,,,,,,,,,,,,,,,,,,,,,,,,,,,,,,,,,,,,,TN,TN
autoland,4769114,12,1a03ada32d4ae63ebeeb4561891b61c1e6e17a68,windows10-64-shippable-qr,True,False,,,102210fe594ee9b33d82058545b1ed14f4c8206e,browser-toolbox.close-process.DAMP,damp,True,damp browser-toolbox.close-process.DAMP opt e10s fission stylo webrender-sw,4768818,77,ms,firefox,441691586.0,1818606112,2023-12-29 20:10:09,71.06161402743601,8d822c618985176a1d4ebc4eedcd5a388e798418,1354279,,,,,,,,,,,,,,,,,,,,,,,,,,,,,,,,,,,,,,,,,,,,,,,,,,,,,,,,,,,,,TN,TN
autoland,4769114,12,1a03ada32d4ae63ebeeb4561891b61c1e6e17a68,windows10-64-shippable-qr,True,False,,,102210fe594ee9b33d82058545b1ed14f4c8206e,browser-toolbox.close-process.DAMP,damp,True,damp browser-toolbox.close-process.DAMP opt e10s fission stylo webrender-sw,4768818,77,ms,firefox,441707979.0,1818673925,2023-12-30 03:46:41,71.53699354228593,15c3c77f07b45a04b27a42ab403aadaaed857fff,1354316,,,,,,,,,,,,,,,,,,,,,,,,,,,,,,,,,,,,,,,,,,,,,,,,,,,,,,,,,,,,,TN,TN
autoland,4769114,12,1a03ada32d4ae63ebeeb4561891b61c1e6e17a68,windows10-64-shippable-qr,True,False,,,102210fe594ee9b33d82058545b1ed14f4c8206e,browser-toolbox.close-process.DAMP,damp,True,damp browser-toolbox.close-process.DAMP opt e10s fission stylo webrender-sw,4768818,77,ms,firefox,441717847.0,1818737708,2023-12-30 08:00:00,75.23841284068476,9660032084db64efbe9cbbf4c47a38d0a6c36c9f,1354351,,,,,,,,,,,,,,,,,,,,,,,,,,,,,,,,,,,,,,,,,,,,,,,,,,,,,,,,,,,,,TN,TN
autoland,4769114,12,1a03ada32d4ae63ebeeb4561891b61c1e6e17a68,windows10-64-shippable-qr,True,False,,,102210fe594ee9b33d82058545b1ed14f4c8206e,browser-toolbox.close-process.DAMP,damp,True,damp browser-toolbox.close-process.DAMP opt e10s fission stylo webrender-sw,4768818,77,ms,firefox,441744831.0,1818819669,2023-12-30 12:53:05,68.39342973061139,94ab264a143c3086d948c401c047297f01b76527,1354380,,,,,,,,,,,,,,,,,,,,,,,,,,,,,,,,,,,,,,,,,,,,,,,,,,,,,,,,,,,,,TN,TN
autoland,4769114,12,1a03ada32d4ae63ebeeb4561891b61c1e6e17a68,windows10-64-shippable-qr,True,False,,,102210fe594ee9b33d82058545b1ed14f4c8206e,browser-toolbox.close-process.DAMP,damp,True,damp browser-toolbox.close-process.DAMP opt e10s fission stylo webrender-sw,4768818,77,ms,firefox,441760291.0,1818917462,2023-12-30 17:18:37,75.1398612139892,3e9c9290e422e1f39255953e22e3d8bfe8234425,1354396,,,,,,,,,,,,,,,,,,,,,,,,,,,,,,,,,,,,,,,,,,,,,,,,,,,,,,,,,,,,,TN,TN
autoland,4769114,12,1a03ada32d4ae63ebeeb4561891b61c1e6e17a68,windows10-64-shippable-qr,True,False,,,102210fe594ee9b33d82058545b1ed14f4c8206e,browser-toolbox.close-process.DAMP,damp,True,damp browser-toolbox.close-process.DAMP opt e10s fission stylo webrender-sw,4768818,77,ms,firefox,441778155.0,1818979872,2023-12-31 00:47:53,70.26991325338895,be0bfc7f906523649c68f45d4b25ca752bfc701c,1354421,,,,,,,,,,,,,,,,,,,,,,,,,,,,,,,,,,,,,,,,,,,,,,,,,,,,,,,,,,,,,TN,TN
autoland,4769114,12,1a03ada32d4ae63ebeeb4561891b61c1e6e17a68,windows10-64-shippable-qr,True,False,,,102210fe594ee9b33d82058545b1ed14f4c8206e,browser-toolbox.close-process.DAMP,damp,True,damp browser-toolbox.close-process.DAMP opt e10s fission stylo webrender-sw,4768818,77,ms,firefox,441810441.0,1819131937,2023-12-31 16:29:03,74.86252811735903,30b0d1ecdc26a3e4753bef7807739106282ed827,1354470,,,,,,,,,,,,,,,,,,,,,,,,,,,,,,,,,,,,,,,,,,,,,,,,,,,,,,,,,,,,,TN,TN
autoland,4769114,12,1a03ada32d4ae63ebeeb4561891b61c1e6e17a68,windows10-64-shippable-qr,True,False,,,102210fe594ee9b33d82058545b1ed14f4c8206e,browser-toolbox.close-process.DAMP,damp,True,damp browser-toolbox.close-process.DAMP opt e10s fission stylo webrender-sw,4768818,77,ms,firefox,441824071.0,1819201725,2023-12-31 21:56:05,75.53249733932898,430d1a5b377307a1050c23ae96cab333c5a33be8,1354489,,,,,,,,,,,,,,,,,,,,,,,,,,,,,,,,,,,,,,,,,,,,,,,,,,,,,,,,,,,,,TN,TN
autoland,4769114,12,1a03ada32d4ae63ebeeb4561891b61c1e6e17a68,windows10-64-shippable-qr,True,False,,,102210fe594ee9b33d82058545b1ed14f4c8206e,browser-toolbox.close-process.DAMP,damp,True,damp browser-toolbox.close-process.DAMP opt e10s fission stylo webrender-sw,4768818,77,ms,firefox,441853949.0,1819343532,2024-01-01 15:22:20,73.57596854006988,da3b8f5f832d95192044762406363fda8d55ef19,1354571,,,,,,,,,,,,,,,,,,,,,,,,,,,,,,,,,,,,,,,,,,,,,,,,,,,,,,,,,,,,,TN,TN
autoland,4769114,12,1a03ada32d4ae63ebeeb4561891b61c1e6e17a68,windows10-64-shippable-qr,True,False,,,102210fe594ee9b33d82058545b1ed14f4c8206e,browser-toolbox.close-process.DAMP,damp,True,damp browser-toolbox.close-process.DAMP opt e10s fission stylo webrender-sw,4768818,77,ms,firefox,441854685.0,1819355202,2024-01-01 20:27:36,73.0525387362577,42461c8e1289d1829e0902914b12524c1fffa0a1,1354574,,,,,,,,,,,,,,,,,,,,,,,,,,,,,,,,,,,,,,,,,,,,,,,,,,,,,,,,,,,,,TN,TN
autoland,4769114,12,1a03ada32d4ae63ebeeb4561891b61c1e6e17a68,windows10-64-shippable-qr,True,False,,,102210fe594ee9b33d82058545b1ed14f4c8206e,browser-toolbox.close-process.DAMP,damp,True,damp browser-toolbox.close-process.DAMP opt e10s fission stylo webrender-sw,4768818,77,ms,firefox,441877434.0,1819451851,2024-01-02 07:16:40,69.67565499270859,60c369c930dc96abae06a2e0ad6833a3574b803f,1354603,,,,,,,,,,,,,,,,,,,,,,,,,,,,,,,,,,,,,,,,,,,,,,,,,,,,,,,,,,,,,TN,TN
autoland,4769114,12,1a03ada32d4ae63ebeeb4561891b61c1e6e17a68,windows10-64-shippable-qr,True,False,,,102210fe594ee9b33d82058545b1ed14f4c8206e,browser-toolbox.close-process.DAMP,damp,True,damp browser-toolbox.close-process.DAMP opt e10s fission stylo webrender-sw,4768818,77,ms,firefox,441907537.0,1819560737,2024-01-02 11:19:41,76.11822563917667,399d9781e72b3a4a01e67c7f902f80c9df9da386,1354672,,,,,,,,,,,,,,,,,,,,,,,,,,,,,,,,,,,,,,,,,,,,,,,,,,,,,,,,,,,,,TN,TN
autoland,4769114,12,1a03ada32d4ae63ebeeb4561891b61c1e6e17a68,windows10-64-shippable-qr,True,False,,,102210fe594ee9b33d82058545b1ed14f4c8206e,browser-toolbox.close-process.DAMP,damp,True,damp browser-toolbox.close-process.DAMP opt e10s fission stylo webrender-sw,4768818,77,ms,firefox,441938466.0,1819675837,2024-01-02 15:21:54,69.28170923143625,9f15f6c0236cc27aa82549841609068645c13445,1354784,,,,,,,,,,,,,,,,,,,,,,,,,,,,,,,,,,,,,,,,,,,,,,,,,,,,,,,,,,,,,TN,TN
autoland,4769114,12,1a03ada32d4ae63ebeeb4561891b61c1e6e17a68,windows10-64-shippable-qr,True,False,,,102210fe594ee9b33d82058545b1ed14f4c8206e,browser-toolbox.close-process.DAMP,damp,True,damp browser-toolbox.close-process.DAMP opt e10s fission stylo webrender-sw,4768818,77,ms,firefox,441931847.0,1819636174,2024-01-02 15:38:43,70.38209201185964,c44f0d09630a8cf36dac42c4eb31bf2a9395bf90,1354794,,,,,,,,,,,,,,,,,,,,,,,,,,,,,,,,,,,,,,,,,,,,,,,,,,,,,,,,,,,,,TN,TN
autoland,4769114,12,1a03ada32d4ae63ebeeb4561891b61c1e6e17a68,windows10-64-shippable-qr,True,False,,,102210fe594ee9b33d82058545b1ed14f4c8206e,browser-toolbox.close-process.DAMP,damp,True,damp browser-toolbox.close-process.DAMP opt e10s fission stylo webrender-sw,4768818,77,ms,firefox,442267955.0,1821104448,2024-01-02 16:27:50,79.17973545998393,187162df94e3970fc17d5ab3497c5431ae1dbcc0,1354817,,,,,,,,,,,,,,,,,,,,,,,,,,,,,,,,,,,,,,,,,,,,,,,,,,,,,,,,,,,,,TN,TN
autoland,4769114,12,1a03ada32d4ae63ebeeb4561891b61c1e6e17a68,windows10-64-shippable-qr,True,False,,,102210fe594ee9b33d82058545b1ed14f4c8206e,browser-toolbox.close-process.DAMP,damp,True,damp browser-toolbox.close-process.DAMP opt e10s fission stylo webrender-sw,4768818,77,ms,firefox,442267951.0,1821104381,2024-01-02 16:37:41,77.19970071960415,697b731b550cc99bf7c7ddf060e36d4470e59299,1354828,,,,,,,,,,,,,,,,,,,,,,,,,,,,,,,,,,,,,,,,,,,,,,,,,,,,,,,,,,,,,TN,TN
autoland,4769114,12,1a03ada32d4ae63ebeeb4561891b61c1e6e17a68,windows10-64-shippable-qr,True,False,,,102210fe594ee9b33d82058545b1ed14f4c8206e,browser-toolbox.close-process.DAMP,damp,True,damp browser-toolbox.close-process.DAMP opt e10s fission stylo webrender-sw,4768818,77,ms,firefox,442267958.0,1821104311,2024-01-02 16:54:59,76.1221249914961,4c051bde5ad2d5c80b759fae65c5ef8a8d17390b,1354842,,,,,,,,,,,,,,,,,,,,,,,,,,,,,,,,,,,,,,,,,,,,,,,,,,,,,,,,,,,,,TN,TN
autoland,4769114,12,1a03ada32d4ae63ebeeb4561891b61c1e6e17a68,windows10-64-shippable-qr,True,False,,,102210fe594ee9b33d82058545b1ed14f4c8206e,browser-toolbox.close-process.DAMP,damp,True,damp browser-toolbox.close-process.DAMP opt e10s fission stylo webrender-sw,4768818,77,ms,firefox,442268136.0,1821111999,2024-01-02 17:37:39,76.50158327278768,faeeb14cb7c5339d33ee95930408fd672f104f92,1354857,,,,,,,,,,,,,,,,,,,,,,,,,,,,,,,,,,,,,,,,,,,,,,,,,,,,,,,,,,,,,TN,TN
autoland,4769114,12,1a03ada32d4ae63ebeeb4561891b61c1e6e17a68,windows10-64-shippable-qr,True,False,,,102210fe594ee9b33d82058545b1ed14f4c8206e,browser-toolbox.close-process.DAMP,damp,True,damp browser-toolbox.close-process.DAMP opt e10s fission stylo webrender-sw,4768818,77,ms,firefox,442267961.0,1821104653,2024-01-02 17:41:48,74.11203794535686,962ef2c3b48376446425956b02a0aa60432b27dd,1354859,,,,,,,,,,,,,,,,,,,,,,,,,,,,,,,,,,,,,,,,,,,,,,,,,,,,,,,,,,,,,TN,TN
autoland,4769114,12,1a03ada32d4ae63ebeeb4561891b61c1e6e17a68,windows10-64-shippable-qr,True,False,,,102210fe594ee9b33d82058545b1ed14f4c8206e,browser-toolbox.close-process.DAMP,damp,True,damp browser-toolbox.close-process.DAMP opt e10s fission stylo webrender-sw,4768818,77,ms,firefox,442267962.0,1821104996,2024-01-02 18:03:54,75.90355277100753,7641a328a91ce0e32ea06246f7d0e55a6687de02,1354865,,,,,,,,,,,,,,,,,,,,,,,,,,,,,,,,,,,,,,,,,,,,,,,,,,,,,,,,,,,,,TN,TN
autoland,4769114,12,1a03ada32d4ae63ebeeb4561891b61c1e6e17a68,windows10-64-shippable-qr,True,False,,,102210fe594ee9b33d82058545b1ed14f4c8206e,browser-toolbox.close-process.DAMP,damp,True,damp browser-toolbox.close-process.DAMP opt e10s fission stylo webrender-sw,4768818,77,ms,firefox,442267975.0,1821105561,2024-01-02 18:07:55,74.58190897652821,516ebd786803907a1175de5295c2450105b0c6f6,1354868,,,,,,,,,,,,,,,,,,,,,,,,,,,,,,,,,,,,,,,,,,,,,,,,,,,,,,,,,,,,,TN,TN
autoland,4769114,12,1a03ada32d4ae63ebeeb4561891b61c1e6e17a68,windows10-64-shippable-qr,True,False,,,102210fe594ee9b33d82058545b1ed14f4c8206e,browser-toolbox.close-process.DAMP,damp,True,damp browser-toolbox.close-process.DAMP opt e10s fission stylo webrender-sw,4768818,77,ms,firefox,442267976.0,1821105505,2024-01-02 19:04:50,74.91563988418784,449e5b2c3e70200e2bd75ebd77c00de4381f811a,1354901,,,,,,,,,,,,,,,,,,,,,,,,,,,,,,,,,,,,,,,,,,,,,,,,,,,,,,,,,,,,,TN,TN
autoland,4769114,12,1a03ada32d4ae63ebeeb4561891b61c1e6e17a68,windows10-64-shippable-qr,True,False,,,102210fe594ee9b33d82058545b1ed14f4c8206e,browser-toolbox.close-process.DAMP,damp,True,damp browser-toolbox.close-process.DAMP opt e10s fission stylo webrender-sw,4768818,77,ms,firefox,442267965.0,1821104804,2024-01-02 19:37:35,71.5349941222521,506b02ad09d390438bd298da24d5704b73f133fa,1354907,,,,,,,,,,,,,,,,,,,,,,,,,,,,,,,,,,,,,,,,,,,,,,,,,,,,,,,,,,,,,TN,TN
autoland,4769114,12,1a03ada32d4ae63ebeeb4561891b61c1e6e17a68,windows10-64-shippable-qr,True,False,,,102210fe594ee9b33d82058545b1ed14f4c8206e,browser-toolbox.close-process.DAMP,damp,True,damp browser-toolbox.close-process.DAMP opt e10s fission stylo webrender-sw,4768818,77,ms,firefox,441958464.0,1819782447,2024-01-02 20:40:29,70.93080964992987,cc67c788cded515a24f96c72c8a12b87a2cd1b3a,1354935,,,,,,,,,,,,,,,,,,,,,,,,,,,,,,,,,,,,,,,,,,,,,,,,,,,,,,,,,,,,,TN,TN
autoland,4769114,12,1a03ada32d4ae63ebeeb4561891b61c1e6e17a68,windows10-64-shippable-qr,True,False,,,102210fe594ee9b33d82058545b1ed14f4c8206e,browser-toolbox.close-process.DAMP,damp,True,damp browser-toolbox.close-process.DAMP opt e10s fission stylo webrender-sw,4768818,77,ms,firefox,442267977.0,1821105868,2024-01-02 20:52:57,74.62415793081891,3eb2ec6dfde5fff064bdcd427b4f135d79e1206a,1354940,,,,,,,,,,,,,,,,,,,,,,,,,,,,,,,,,,,,,,,,,,,,,,,,,,,,,,,,,,,,,TN,TN
autoland,4769114,12,1a03ada32d4ae63ebeeb4561891b61c1e6e17a68,windows10-64-shippable-qr,True,False,,,102210fe594ee9b33d82058545b1ed14f4c8206e,browser-toolbox.close-process.DAMP,damp,True,damp browser-toolbox.close-process.DAMP opt e10s fission stylo webrender-sw,4768818,77,ms,firefox,442267987.0,1821106476,2024-01-02 21:13:28,75.05370023916475,ac7e380f958137715450b519330707f0b1709df3,1354943,,,,,,,,,,,,,,,,,,,,,,,,,,,,,,,,,,,,,,,,,,,,,,,,,,,,,,,,,,,,,TN,TN
autoland,4769114,12,1a03ada32d4ae63ebeeb4561891b61c1e6e17a68,windows10-64-shippable-qr,True,False,,,102210fe594ee9b33d82058545b1ed14f4c8206e,browser-toolbox.close-process.DAMP,damp,True,damp browser-toolbox.close-process.DAMP opt e10s fission stylo webrender-sw,4768818,77,ms,firefox,442267989.0,1821106823,2024-01-02 21:31:27,76.70239175722963,b868288eb222e9d9bc797179a24d7c04862a7a55,1354949,,,,,,,,,,,,,,,,,,,,,,,,,,,,,,,,,,,,,,,,,,,,,,,,,,,,,,,,,,,,,TN,TN
autoland,4769114,12,1a03ada32d4ae63ebeeb4561891b61c1e6e17a68,windows10-64-shippable-qr,True,False,,,102210fe594ee9b33d82058545b1ed14f4c8206e,browser-toolbox.close-process.DAMP,damp,True,damp browser-toolbox.close-process.DAMP opt e10s fission stylo webrender-sw,4768818,77,ms,firefox,442267991.0,1821108006,2024-01-02 22:08:32,73.60745172771567,bb5e7eeba83213c0d306997e6a269eb47a4d9469,1354965,,,,,,,,,,,,,,,,,,,,,,,,,,,,,,,,,,,,,,,,,,,,,,,,,,,,,,,,,,,,,TN,TN
autoland,4769114,12,1a03ada32d4ae63ebeeb4561891b61c1e6e17a68,windows10-64-shippable-qr,True,False,,,102210fe594ee9b33d82058545b1ed14f4c8206e,browser-toolbox.close-process.DAMP,damp,True,damp browser-toolbox.close-process.DAMP opt e10s fission stylo webrender-sw,4768818,77,ms,firefox,442267990.0,1821107256,2024-01-02 22:59:28,74.62364593089296,32e97f5ff9bbb036ce2bae171834d7de20d37d24,1354976,,,,,,,,,,,,,,,,,,,,,,,,,,,,,,,,,,,,,,,,,,,,,,,,,,,,,,,,,,,,,TN,TN
autoland,4769114,12,1a03ada32d4ae63ebeeb4561891b61c1e6e17a68,windows10-64-shippable-qr,True,False,,,102210fe594ee9b33d82058545b1ed14f4c8206e,browser-toolbox.close-process.DAMP,damp,True,damp browser-toolbox.close-process.DAMP opt e10s fission stylo webrender-sw,4768818,77,ms,firefox,442267988.0,1821106334,2024-01-03 07:04:32,77.76024843576306,caedbf8b1b5b9738d0cce0608b2d39104e8e7c0d,1355051,,,,,,,,,,,,,,,,,,,,,,,,,,,,,,,,,,,,,,,,,,,,,,,,,,,,,,,,,,,,,TN,TN
autoland,4769114,12,1a03ada32d4ae63ebeeb4561891b61c1e6e17a68,windows10-64-shippable-qr,True,False,,,102210fe594ee9b33d82058545b1ed14f4c8206e,browser-toolbox.close-process.DAMP,damp,True,damp browser-toolbox.close-process.DAMP opt e10s fission stylo webrender-sw,4768818,77,ms,firefox,442268002.0,1821108978,2024-01-03 07:04:32,78.64716560069064,caedbf8b1b5b9738d0cce0608b2d39104e8e7c0d,1355051,,,,,,,,,,,,,,,,,,,,,,,,,,,,,,,,,,,,,,,,,,,,,,,,,,,,,,,,,,,,,TN,TN
autoland,4769114,12,1a03ada32d4ae63ebeeb4561891b61c1e6e17a68,windows10-64-shippable-qr,True,False,,,102210fe594ee9b33d82058545b1ed14f4c8206e,browser-toolbox.close-process.DAMP,damp,True,damp browser-toolbox.close-process.DAMP opt e10s fission stylo webrender-sw,4768818,77,ms,firefox,441995526.0,1819932500,2024-01-03 08:18:49,74.37037664081436,655286516798565db497786ca92d9a8f7f7744bf,1355061,,,,,,,,,,,,,,,,,,,,,,,,,,,,,,,,,,,,,,,,,,,,,,,,,,,,,,,,,,,,,TN,TN
autoland,4769114,12,1a03ada32d4ae63ebeeb4561891b61c1e6e17a68,windows10-64-shippable-qr,True,False,,,102210fe594ee9b33d82058545b1ed14f4c8206e,browser-toolbox.close-process.DAMP,damp,True,damp browser-toolbox.close-process.DAMP opt e10s fission stylo webrender-sw,4768818,77,ms,firefox,442268000.0,1821108654,2024-01-03 08:38:49,74.65573125876836,fcc5af3762fa4f53e6ba913a73e475e624a8746a,1355068,,,,,,,,,,,,,,,,,,,,,,,,,,,,,,,,,,,,,,,,,,,,,,,,,,,,,,,,,,,,,TN,TN
autoland,4769114,12,1a03ada32d4ae63ebeeb4561891b61c1e6e17a68,windows10-64-shippable-qr,True,False,,,102210fe594ee9b33d82058545b1ed14f4c8206e,browser-toolbox.close-process.DAMP,damp,True,damp browser-toolbox.close-process.DAMP opt e10s fission stylo webrender-sw,4768818,77,ms,firefox,442267999.0,1821108770,2024-01-03 09:35:40,73.738322574005,1cf071f9cbfe89084664e84475318e39d0e8f69b,1355079,,,,,,,,,,,,,,,,,,,,,,,,,,,,,,,,,,,,,,,,,,,,,,,,,,,,,,,,,,,,,TN,TN
autoland,4769114,12,1a03ada32d4ae63ebeeb4561891b61c1e6e17a68,windows10-64-shippable-qr,True,False,,,102210fe594ee9b33d82058545b1ed14f4c8206e,browser-toolbox.close-process.DAMP,damp,True,damp browser-toolbox.close-process.DAMP opt e10s fission stylo webrender-sw,4768818,77,ms,firefox,442267997.0,1821108458,2024-01-03 10:16:42,74.39027553827327,114b1b228dac7cc85ea3663ae41699ce2cac537e,1355090,,,,,,,,,,,,,,,,,,,,,,,,,,,,,,,,,,,,,,,,,,,,,,,,,,,,,,,,,,,,,TN,TN
autoland,4769114,12,1a03ada32d4ae63ebeeb4561891b61c1e6e17a68,windows10-64-shippable-qr,True,False,,,102210fe594ee9b33d82058545b1ed14f4c8206e,browser-toolbox.close-process.DAMP,damp,True,damp browser-toolbox.close-process.DAMP opt e10s fission stylo webrender-sw,4768818,77,ms,firefox,442267992.0,1821108254,2024-01-03 10:29:15,74.19483664626023,48c2eb88aa23c25bcb45f40779abce7269c72ec9,1355092,,,,,,,,,,,,,,,,,,,,,,,,,,,,,,,,,,,,,,,,,,,,,,,,,,,,,,,,,,,,,TN,TN
autoland,4769114,12,1a03ada32d4ae63ebeeb4561891b61c1e6e17a68,windows10-64-shippable-qr,True,False,,,102210fe594ee9b33d82058545b1ed14f4c8206e,browser-toolbox.close-process.DAMP,damp,True,damp browser-toolbox.close-process.DAMP opt e10s fission stylo webrender-sw,4768818,77,ms,firefox,442267998.0,1821108518,2024-01-03 10:56:44,77.88511195903993,d3dae1fb305d1880eac12185af72ec5dbd610879,1355100,,,,,,,,,,,,,,,,,,,,,,,,,,,,,,,,,,,,,,,,,,,,,,,,,,,,,,,,,,,,,TN,TN
autoland,4769114,12,1a03ada32d4ae63ebeeb4561891b61c1e6e17a68,windows10-64-shippable-qr,True,False,,,102210fe594ee9b33d82058545b1ed14f4c8206e,browser-toolbox.close-process.DAMP,damp,True,damp browser-toolbox.close-process.DAMP opt e10s fission stylo webrender-sw,4768818,77,ms,firefox,442267995.0,1821108191,2024-01-03 11:55:26,74.26261671906104,036489e17b6cb116028dba6c187b7a9516cfbc46,1355116,,,,,,,,,,,,,,,,,,,,,,,,,,,,,,,,,,,,,,,,,,,,,,,,,,,,,,,,,,,,,TN,TN
autoland,4769114,12,1a03ada32d4ae63ebeeb4561891b61c1e6e17a68,windows10-64-shippable-qr,True,False,,,102210fe594ee9b33d82058545b1ed14f4c8206e,browser-toolbox.close-process.DAMP,damp,True,damp browser-toolbox.close-process.DAMP opt e10s fission stylo webrender-sw,4768818,77,ms,firefox,442267994.0,1821108380,2024-01-03 12:08:39,73.65204076340888,4bbcb0b06eff1f001a8de4b0827e5e60473a49b2,1355121,,,,,,,,,,,,,,,,,,,,,,,,,,,,,,,,,,,,,,,,,,,,,,,,,,,,,,,,,,,,,TN,TN
autoland,4769114,12,1a03ada32d4ae63ebeeb4561891b61c1e6e17a68,windows10-64-shippable-qr,True,False,,,102210fe594ee9b33d82058545b1ed14f4c8206e,browser-toolbox.close-process.DAMP,damp,True,damp browser-toolbox.close-process.DAMP opt e10s fission stylo webrender-sw,4768818,77,ms,firefox,442029969.0,1820005525,2024-01-03 12:27:12,68.75573866178456,9ea90dc23395fc3e2d9d2bd18598cc49434eeff1,1355126,,,,,,,,,,,,,,,,,,,,,,,,,,,,,,,,,,,,,,,,,,,,,,,,,,,,,,,,,,,,,TN,TN
autoland,4769114,12,1a03ada32d4ae63ebeeb4561891b61c1e6e17a68,windows10-64-shippable-qr,True,False,,,102210fe594ee9b33d82058545b1ed14f4c8206e,browser-toolbox.close-process.DAMP,damp,True,damp browser-toolbox.close-process.DAMP opt e10s fission stylo webrender-sw,4768818,77,ms,firefox,442336988.0,1821373285,2024-01-03 12:44:37,71.95778392936336,a32652cce39419f85f9929741b8e9242f42a0466,1355131,,,,,,,,,,,,,,,,,,,,,,,,,,,,,,,,,,,,,,,,,,,,,,,,,,,,,,,,,,,,,TN,TN
autoland,4769114,12,1a03ada32d4ae63ebeeb4561891b61c1e6e17a68,windows10-64-shippable-qr,True,False,,,102210fe594ee9b33d82058545b1ed14f4c8206e,browser-toolbox.close-process.DAMP,damp,True,damp browser-toolbox.close-process.DAMP opt e10s fission stylo webrender-sw,4768818,77,ms,firefox,442326746.0,1821275191,2024-01-03 13:31:23,75.72627138023381,57b850c11aa0eb7411f592923df6906827f96786,1355147,,,,,,,,,,,,,,,,,,,,,,,,,,,,,,,,,,,,,,,,,,,,,,,,,,,,,,,,,,,,,TN,TN
autoland,4769114,12,1a03ada32d4ae63ebeeb4561891b61c1e6e17a68,windows10-64-shippable-qr,True,False,,,102210fe594ee9b33d82058545b1ed14f4c8206e,browser-toolbox.close-process.DAMP,damp,True,damp browser-toolbox.close-process.DAMP opt e10s fission stylo webrender-sw,4768818,77,ms,firefox,442267996.0,1821108319,2024-01-03 14:16:55,75.46668760180182,c71d09ab8b2b32c1cc00a0eba6f8f3b72a61e5fa,1355161,,,,,,,,,,,,,,,,,,,,,,,,,,,,,,,,,,,,,,,,,,,,,,,,,,,,,,,,,,,,,TN,TN
autoland,4769114,12,1a03ada32d4ae63ebeeb4561891b61c1e6e17a68,windows10-64-shippable-qr,True,False,,,102210fe594ee9b33d82058545b1ed14f4c8206e,browser-toolbox.close-process.DAMP,damp,True,damp browser-toolbox.close-process.DAMP opt e10s fission stylo webrender-sw,4768818,77,ms,firefox,442268001.0,1821108893,2024-01-03 14:39:18,75.25698982278118,56052095471696acbbcceb2608be92c1186b98c5,1355173,,,,,,,,,,,,,,,,,,,,,,,,,,,,,,,,,,,,,,,,,,,,,,,,,,,,,,,,,,,,,TN,TN
autoland,4769114,12,1a03ada32d4ae63ebeeb4561891b61c1e6e17a68,windows10-64-shippable-qr,True,False,,,102210fe594ee9b33d82058545b1ed14f4c8206e,browser-toolbox.close-process.DAMP,damp,True,damp browser-toolbox.close-process.DAMP opt e10s fission stylo webrender-sw,4768818,77,ms,firefox,442268003.0,1821109071,2024-01-03 14:40:25,71.51539210374176,8146df27da1a94bc1dacfae424bdb114ce7db97c,1355174,,,,,,,,,,,,,,,,,,,,,,,,,,,,,,,,,,,,,,,,,,,,,,,,,,,,,,,,,,,,,TN,TN
autoland,4769114,12,1a03ada32d4ae63ebeeb4561891b61c1e6e17a68,windows10-64-shippable-qr,True,False,,,102210fe594ee9b33d82058545b1ed14f4c8206e,browser-toolbox.close-process.DAMP,damp,True,damp browser-toolbox.close-process.DAMP opt e10s fission stylo webrender-sw,4768818,77,ms,firefox,442268004.0,1821109274,2024-01-03 14:48:35,77.16412418545224,1a6deecdb288941f5d6d7397060389a09ff41352,1355177,,,,,,,,,,,,,,,,,,,,,,,,,,,,,,,,,,,,,,,,,,,,,,,,,,,,,,,,,,,,,TN,TN
autoland,4769114,12,1a03ada32d4ae63ebeeb4561891b61c1e6e17a68,windows10-64-shippable-qr,True,False,,,102210fe594ee9b33d82058545b1ed14f4c8206e,browser-toolbox.close-process.DAMP,damp,True,damp browser-toolbox.close-process.DAMP opt e10s fission stylo webrender-sw,4768818,77,ms,firefox,442268005.0,1821109140,2024-01-03 15:21:05,76.06251038931077,4baa2ab43ab114ef70dd5fe4908c628f7510438b,1355191,,,,,,,,,,,,,,,,,,,,,,,,,,,,,,,,,,,,,,,,,,,,,,,,,,,,,,,,,,,,,TN,TN
autoland,4769114,12,1a03ada32d4ae63ebeeb4561891b61c1e6e17a68,windows10-64-shippable-qr,True,False,,,102210fe594ee9b33d82058545b1ed14f4c8206e,browser-toolbox.close-process.DAMP,damp,True,damp browser-toolbox.close-process.DAMP opt e10s fission stylo webrender-sw,4768818,77,ms,firefox,442268072.0,1821109252,2024-01-03 15:36:44,75.47220045272115,5f7986e4be591d0f2e3d58eb53b42dafa1dcb21b,1355205,,,,,,,,,,,,,,,,,,,,,,,,,,,,,,,,,,,,,,,,,,,,,,,,,,,,,,,,,,,,,TN,TN
autoland,4769114,12,1a03ada32d4ae63ebeeb4561891b61c1e6e17a68,windows10-64-shippable-qr,True,False,,,102210fe594ee9b33d82058545b1ed14f4c8206e,browser-toolbox.close-process.DAMP,damp,True,damp browser-toolbox.close-process.DAMP opt e10s fission stylo webrender-sw,4768818,77,ms,firefox,442268089.0,1821110415,2024-01-03 16:01:40,76.68604754355329,c4800a1ff52ea053639cd6fef3244b44e5433030,1355216,,,,,,,,,,,,,,,,,,,,,,,,,,,,,,,,,,,,,,,,,,,,,,,,,,,,,,,,,,,,,TN,TN
autoland,4769114,12,1a03ada32d4ae63ebeeb4561891b61c1e6e17a68,windows10-64-shippable-qr,True,False,,,102210fe594ee9b33d82058545b1ed14f4c8206e,browser-toolbox.close-process.DAMP,damp,True,damp browser-toolbox.close-process.DAMP opt e10s fission stylo webrender-sw,4768818,77,ms,firefox,442268092.0,1821111161,2024-01-03 16:10:02,75.28044823934033,7048555a140d845c2ddb403ede3045878ceccafa,1355224,,,,,,,,,,,,,,,,,,,,,,,,,,,,,,,,,,,,,,,,,,,,,,,,,,,,,,,,,,,,,TN,TN
autoland,4769114,12,1a03ada32d4ae63ebeeb4561891b61c1e6e17a68,windows10-64-shippable-qr,True,False,,,102210fe594ee9b33d82058545b1ed14f4c8206e,browser-toolbox.close-process.DAMP,damp,True,damp browser-toolbox.close-process.DAMP opt e10s fission stylo webrender-sw,4768818,77,ms,firefox,442268080.0,1821110164,2024-01-03 16:13:27,75.96505977257038,13096f9cee8443ad413e0a6f022be5259ec4ee76,1355226,,,,,,,,,,,,,,,,,,,,,,,,,,,,,,,,,,,,,,,,,,,,,,,,,,,,,,,,,,,,,TN,TN
autoland,4769114,12,1a03ada32d4ae63ebeeb4561891b61c1e6e17a68,windows10-64-shippable-qr,True,False,,,102210fe594ee9b33d82058545b1ed14f4c8206e,browser-toolbox.close-process.DAMP,damp,True,damp browser-toolbox.close-process.DAMP opt e10s fission stylo webrender-sw,4768818,77,ms,firefox,442053622.0,1820139888,2024-01-03 16:19:36,75.72955016963533,6aab4af4cab879cc95debd549578bc909a21cff7,1355230,,,,,,,,,,,,,,,,,,,,,,,,,,,,,,,,,,,,,,,,,,,,,,,,,,,,,,,,,,,,,TN,TN
autoland,4769114,12,1a03ada32d4ae63ebeeb4561891b61c1e6e17a68,windows10-64-shippable-qr,True,False,,,102210fe594ee9b33d82058545b1ed14f4c8206e,browser-toolbox.close-process.DAMP,damp,True,damp browser-toolbox.close-process.DAMP opt e10s fission stylo webrender-sw,4768818,77,ms,firefox,442336573.0,1821331522,2024-01-03 16:31:07,74.0607620808878,9d47e26b23ab92d1c243214bc5be6acffc235b22,1355239,,,,,,,,,,,,,,,,,,,,,,,,,,,,,,,,,,,,,,,,,,,,,,,,,,,,,,,,,,,,,TN,TN
autoland,4769114,12,1a03ada32d4ae63ebeeb4561891b61c1e6e17a68,windows10-64-shippable-qr,True,False,,,102210fe594ee9b33d82058545b1ed14f4c8206e,browser-toolbox.close-process.DAMP,damp,True,damp browser-toolbox.close-process.DAMP opt e10s fission stylo webrender-sw,4768818,77,ms,firefox,442337369.0,1821374309,2024-01-03 16:32:22,75.53646442576428,5b03a40a8a1030c85886a0d31cd87d002749db6b,1355240,,,,,,,,,,,,,,,,,,,,,,,,,,,,,,,,,,,,,,,,,,,,,,,,,,,,,,,,,,,,,TN,TN
autoland,4769114,12,1a03ada32d4ae63ebeeb4561891b61c1e6e17a68,windows10-64-shippable-qr,True,False,,,102210fe594ee9b33d82058545b1ed14f4c8206e,browser-toolbox.close-process.DAMP,damp,True,damp browser-toolbox.close-process.DAMP opt e10s fission stylo webrender-sw,4768818,77,ms,firefox,442335051.0,1821313273,2024-01-03 16:45:41,73.51994478593406,f100b598ad7d494c3a3f96e77e868ae4241833bd,1355248,,,,,,,,,,,,,,,,,,,,,,,,,,,,,,,,,,,,,,,,,,,,,,,,,,,,,,,,,,,,,TN,TN
autoland,4769114,12,1a03ada32d4ae63ebeeb4561891b61c1e6e17a68,windows10-64-shippable-qr,True,False,,,102210fe594ee9b33d82058545b1ed14f4c8206e,browser-toolbox.close-process.DAMP,damp,True,damp browser-toolbox.close-process.DAMP opt e10s fission stylo webrender-sw,4768818,77,ms,firefox,442337447.0,1821376094,2024-01-03 17:04:18,73.067873803564,87457a1318b947c591636c0d1676ee255709f2c5,1355256,,,,,,,,,,,,,,,,,,,,,,,,,,,,,,,,,,,,,,,,,,,,,,,,,,,,,,,,,,,,,TN,TN
autoland,4769114,12,1a03ada32d4ae63ebeeb4561891b61c1e6e17a68,windows10-64-shippable-qr,True,False,,,102210fe594ee9b33d82058545b1ed14f4c8206e,browser-toolbox.close-process.DAMP,damp,True,damp browser-toolbox.close-process.DAMP opt e10s fission stylo webrender-sw,4768818,77,ms,firefox,442337396.0,1821375582,2024-01-03 17:06:45,75.32244868143607,c1e1da1248bbcde243b752c479244cd234dccdef,1355258,,,,,,,,,,,,,,,,,,,,,,,,,,,,,,,,,,,,,,,,,,,,,,,,,,,,,,,,,,,,,TN,TN
autoland,4769114,12,1a03ada32d4ae63ebeeb4561891b61c1e6e17a68,windows10-64-shippable-qr,True,False,,,102210fe594ee9b33d82058545b1ed14f4c8206e,browser-toolbox.close-process.DAMP,damp,True,damp browser-toolbox.close-process.DAMP opt e10s fission stylo webrender-sw,4768818,77,ms,firefox,442337436.0,1821375639,2024-01-03 17:44:24,76.42572689653025,3d6c40b854ea9e9685f28218ddd4e11d4365919e,1355281,,,,,,,,,,,,,,,,,,,,,,,,,,,,,,,,,,,,,,,,,,,,,,,,,,,,,,,,,,,,,TN,TN
autoland,4769114,12,1a03ada32d4ae63ebeeb4561891b61c1e6e17a68,windows10-64-shippable-qr,True,False,,,102210fe594ee9b33d82058545b1ed14f4c8206e,browser-toolbox.close-process.DAMP,damp,True,damp browser-toolbox.close-process.DAMP opt e10s fission stylo webrender-sw,4768818,77,ms,firefox,442337365.0,1821374125,2024-01-03 17:47:10,77.44320301574771,0bf921735e7db6f2d9830092092ac3938c81677d,1355285,,,,,,,,,,,,,,,,,,,,,,,,,,,,,,,,,,,,,,,,,,,,,,,,,,,,,,,,,,,,,TN,TN
autoland,4769114,12,1a03ada32d4ae63ebeeb4561891b61c1e6e17a68,windows10-64-shippable-qr,True,False,,,102210fe594ee9b33d82058545b1ed14f4c8206e,browser-toolbox.close-process.DAMP,damp,True,damp browser-toolbox.close-process.DAMP opt e10s fission stylo webrender-sw,4768818,77,ms,firefox,442337067.0,1821374341,2024-01-03 17:47:51,76.57670265456545,f16618912631b6496b2bfca44ef301cf9f997e8d,1355286,,,,,,,,,,,,,,,,,,,,,,,,,,,,,,,,,,,,,,,,,,,,,,,,,,,,,,,,,,,,,TN,TN
autoland,4769114,12,1a03ada32d4ae63ebeeb4561891b61c1e6e17a68,windows10-64-shippable-qr,True,False,,,102210fe594ee9b33d82058545b1ed14f4c8206e,browser-toolbox.close-process.DAMP,damp,True,damp browser-toolbox.close-process.DAMP opt e10s fission stylo webrender-sw,4768818,77,ms,firefox,442268078.0,1821109375,2024-01-03 17:53:35,75.19472216651775,a4f291cf4644ac20846a1aa446e5cb960b561086,1355294,,,,,,,,,,,,,,,,,,,,,,,,,,,,,,,,,,,,,,,,,,,,,,,,,,,,,,,,,,,,,TN,TN
autoland,4769114,12,1a03ada32d4ae63ebeeb4561891b61c1e6e17a68,windows10-64-shippable-qr,True,False,,,102210fe594ee9b33d82058545b1ed14f4c8206e,browser-toolbox.close-process.DAMP,damp,True,damp browser-toolbox.close-process.DAMP opt e10s fission stylo webrender-sw,4768818,77,ms,firefox,442268082.0,1821110007,2024-01-03 17:59:46,75.76872598929913,ea0271ef6010095f9537d0ca4dc4832451ebc882,1355301,,,,,,,,,,,,,,,,,,,,,,,,,,,,,,,,,,,,,,,,,,,,,,,,,,,,,,,,,,,,,TN,TN
autoland,4769114,12,1a03ada32d4ae63ebeeb4561891b61c1e6e17a68,windows10-64-shippable-qr,True,False,,,102210fe594ee9b33d82058545b1ed14f4c8206e,browser-toolbox.close-process.DAMP,damp,True,damp browser-toolbox.close-process.DAMP opt e10s fission stylo webrender-sw,4768818,77,ms,firefox,442268081.0,1821109489,2024-01-03 18:05:24,75.91439771061414,14115a54c58b94879d017b6d5066759eac8af2ab,1355305,,,,,,,,,,,,,,,,,,,,,,,,,,,,,,,,,,,,,,,,,,,,,,,,,,,,,,,,,,,,,TN,TN
autoland,4769114,12,1a03ada32d4ae63ebeeb4561891b61c1e6e17a68,windows10-64-shippable-qr,True,False,,,102210fe594ee9b33d82058545b1ed14f4c8206e,browser-toolbox.close-process.DAMP,damp,True,damp browser-toolbox.close-process.DAMP opt e10s fission stylo webrender-sw,4768818,77,ms,firefox,442268085.0,1821109984,2024-01-03 18:06:09,75.17194651994214,76c6c37e568c9461dfd63b3d48aa35f09fbf0be7,1355307,,,,,,,,,,,,,,,,,,,,,,,,,,,,,,,,,,,,,,,,,,,,,,,,,,,,,,,,,,,,,TN,TN
autoland,4769114,12,1a03ada32d4ae63ebeeb4561891b61c1e6e17a68,windows10-64-shippable-qr,True,False,,,102210fe594ee9b33d82058545b1ed14f4c8206e,browser-toolbox.close-process.DAMP,damp,True,damp browser-toolbox.close-process.DAMP opt e10s fission stylo webrender-sw,4768818,77,ms,firefox,442268091.0,1821111089,2024-01-03 18:24:16,77.10175182536477,93870567f80ed1c127e86b1cae77a3cb2e6c5473,1355321,,,,,,,,,,,,,,,,,,,,,,,,,,,,,,,,,,,,,,,,,,,,,,,,,,,,,,,,,,,,,TN,TN
autoland,4769114,12,1a03ada32d4ae63ebeeb4561891b61c1e6e17a68,windows10-64-shippable-qr,True,False,,,102210fe594ee9b33d82058545b1ed14f4c8206e,browser-toolbox.close-process.DAMP,damp,True,damp browser-toolbox.close-process.DAMP opt e10s fission stylo webrender-sw,4768818,77,ms,firefox,442268090.0,1821110626,2024-01-03 19:00:20,75.2087681781486,462cb57adafa4ea04f0412a3089bd5926bdef63f,1355343,,,,,,,,,,,,,,,,,,,,,,,,,,,,,,,,,,,,,,,,,,,,,,,,,,,,,,,,,,,,,TN,TN
autoland,4769114,12,1a03ada32d4ae63ebeeb4561891b61c1e6e17a68,windows10-64-shippable-qr,True,False,,,102210fe594ee9b33d82058545b1ed14f4c8206e,browser-toolbox.close-process.DAMP,damp,True,damp browser-toolbox.close-process.DAMP opt e10s fission stylo webrender-sw,4768818,77,ms,firefox,442268088.0,1821110109,2024-01-03 19:14:58,76.29344831257185,271462f27193e14ac7aa350072c5d150db55a4ba,1355346,,,,,,,,,,,,,,,,,,,,,,,,,,,,,,,,,,,,,,,,,,,,,,,,,,,,,,,,,,,,,TN,TN
autoland,4769114,12,1a03ada32d4ae63ebeeb4561891b61c1e6e17a68,windows10-64-shippable-qr,True,False,,,102210fe594ee9b33d82058545b1ed14f4c8206e,browser-toolbox.close-process.DAMP,damp,True,damp browser-toolbox.close-process.DAMP opt e10s fission stylo webrender-sw,4768818,77,ms,firefox,442268104.0,1821111252,2024-01-03 19:56:22,75.22359051446256,786d3c41e7030bba9842b42cb1513261dbf8c7ed,1355365,,,,,,,,,,,,,,,,,,,,,,,,,,,,,,,,,,,,,,,,,,,,,,,,,,,,,,,,,,,,,TN,TN
autoland,4769114,12,1a03ada32d4ae63ebeeb4561891b61c1e6e17a68,windows10-64-shippable-qr,True,False,,,102210fe594ee9b33d82058545b1ed14f4c8206e,browser-toolbox.close-process.DAMP,damp,True,damp browser-toolbox.close-process.DAMP opt e10s fission stylo webrender-sw,4768818,77,ms,firefox,442268118.0,1821111934,2024-01-03 19:56:22,73.5354503498238,786d3c41e7030bba9842b42cb1513261dbf8c7ed,1355365,,,,,,,,,,,,,,,,,,,,,,,,,,,,,,,,,,,,,,,,,,,,,,,,,,,,,,,,,,,,,TN,TN
autoland,4769114,12,1a03ada32d4ae63ebeeb4561891b61c1e6e17a68,windows10-64-shippable-qr,True,False,,,102210fe594ee9b33d82058545b1ed14f4c8206e,browser-toolbox.close-process.DAMP,damp,True,damp browser-toolbox.close-process.DAMP opt e10s fission stylo webrender-sw,4768818,77,ms,firefox,442268105.0,1821111796,2024-01-03 20:00:56,73.01055471473956,1c8d5b1d5fc3b032de5675f8c3119364188271f2,1355367,,,,,,,,,,,,,,,,,,,,,,,,,,,,,,,,,,,,,,,,,,,,,,,,,,,,,,,,,,,,,TN,TN
autoland,4769114,12,1a03ada32d4ae63ebeeb4561891b61c1e6e17a68,windows10-64-shippable-qr,True,False,,,102210fe594ee9b33d82058545b1ed14f4c8206e,browser-toolbox.close-process.DAMP,damp,True,damp browser-toolbox.close-process.DAMP opt e10s fission stylo webrender-sw,4768818,77,ms,firefox,442268106.0,1821111704,2024-01-03 20:00:56,76.25569046210148,1c8d5b1d5fc3b032de5675f8c3119364188271f2,1355367,,,,,,,,,,,,,,,,,,,,,,,,,,,,,,,,,,,,,,,,,,,,,,,,,,,,,,,,,,,,,TN,TN
autoland,4769114,12,1a03ada32d4ae63ebeeb4561891b61c1e6e17a68,windows10-64-shippable-qr,True,False,,,102210fe594ee9b33d82058545b1ed14f4c8206e,browser-toolbox.close-process.DAMP,damp,True,damp browser-toolbox.close-process.DAMP opt e10s fission stylo webrender-sw,4768818,77,ms,firefox,442075843.0,1820230148,2024-01-03 20:41:01,76.13952173846337,c5a68fbf81d038a69c4e9be728d50030fd0d6271,1355381,,,,,,,,,,,,,,,,,,,,,,,,,,,,,,,,,,,,,,,,,,,,,,,,,,,,,,,,,,,,,TN,TN
autoland,4769114,12,1a03ada32d4ae63ebeeb4561891b61c1e6e17a68,windows10-64-shippable-qr,True,False,,,102210fe594ee9b33d82058545b1ed14f4c8206e,browser-toolbox.close-process.DAMP,damp,True,damp browser-toolbox.close-process.DAMP opt e10s fission stylo webrender-sw,4768818,77,ms,firefox,442283583.0,1821164178,2024-01-03 20:51:24,75.6992129193386,ddd5e3f78b00147ddaed09ddf15e716c4853f90e,1355386,,,,,,,,,,,,,,,,,,,,,,,,,,,,,,,,,,,,,,,,,,,,,,,,,,,,,,,,,,,,,TN,TN
autoland,4769114,12,1a03ada32d4ae63ebeeb4561891b61c1e6e17a68,windows10-64-shippable-qr,True,False,,,102210fe594ee9b33d82058545b1ed14f4c8206e,browser-toolbox.close-process.DAMP,damp,True,damp browser-toolbox.close-process.DAMP opt e10s fission stylo webrender-sw,4768818,77,ms,firefox,442076077.0,1820261116,2024-01-03 20:57:48,73.93305899204279,d071b2f4ff07e1815cfa6650ffafb87c9b7e9fb1,1355389,,,,,,,,,,,,,,,,,,,,,,,,,,,,,,,,,,,,,,,,,,,,,,,,,,,,,,,,,,,,,TN,TN
autoland,4769114,12,1a03ada32d4ae63ebeeb4561891b61c1e6e17a68,windows10-64-shippable-qr,True,False,,,102210fe594ee9b33d82058545b1ed14f4c8206e,browser-toolbox.close-process.DAMP,damp,True,damp browser-toolbox.close-process.DAMP opt e10s fission stylo webrender-sw,4768818,77,ms,firefox,442274669.0,1821142448,2024-01-03 21:52:32,76.3705114293407,f7c78cadff5dbfec8e94f6274497a12ea76b2f2f,1355413,,,,,,,,,,,,,,,,,,,,,,,,,,,,,,,,,,,,,,,,,,,,,,,,,,,,,,,,,,,,,TN,TN
autoland,4769114,12,1a03ada32d4ae63ebeeb4561891b61c1e6e17a68,windows10-64-shippable-qr,True,False,,,102210fe594ee9b33d82058545b1ed14f4c8206e,browser-toolbox.close-process.DAMP,damp,True,damp browser-toolbox.close-process.DAMP opt e10s fission stylo webrender-sw,4768818,77,ms,firefox,442284129.0,1821164119,2024-01-03 22:04:47,75.05170347553212,811d08d75f1b2812b3e8905f79e42062b8c5168b,1355418,,,,,,,,,,,,,,,,,,,,,,,,,,,,,,,,,,,,,,,,,,,,,,,,,,,,,,,,,,,,,TN,TN
autoland,4769114,12,1a03ada32d4ae63ebeeb4561891b61c1e6e17a68,windows10-64-shippable-qr,True,False,,,102210fe594ee9b33d82058545b1ed14f4c8206e,browser-toolbox.close-process.DAMP,damp,True,damp browser-toolbox.close-process.DAMP opt e10s fission stylo webrender-sw,4768818,77,ms,firefox,442281271.0,1821163079,2024-01-03 22:41:53,74.48167671152623,4d7fc863adabfe5bf94795b063f31b1acff06a3e,1355427,,,,,,,,,,,,,,,,,,,,,,,,,,,,,,,,,,,,,,,,,,,,,,,,,,,,,,,,,,,,,TN,TN
autoland,4769114,12,1a03ada32d4ae63ebeeb4561891b61c1e6e17a68,windows10-64-shippable-qr,True,False,,,102210fe594ee9b33d82058545b1ed14f4c8206e,browser-toolbox.close-process.DAMP,damp,True,damp browser-toolbox.close-process.DAMP opt e10s fission stylo webrender-sw,4768818,77,ms,firefox,442281288.0,1821163151,2024-01-03 22:56:39,76.87630112022453,21beaf6ba627f62d5ee929f365b581ff22686543,1355431,,,,,,,,,,,,,,,,,,,,,,,,,,,,,,,,,,,,,,,,,,,,,,,,,,,,,,,,,,,,,TN,TN
autoland,4769114,12,1a03ada32d4ae63ebeeb4561891b61c1e6e17a68,windows10-64-shippable-qr,True,False,,,102210fe594ee9b33d82058545b1ed14f4c8206e,browser-toolbox.close-process.DAMP,damp,True,damp browser-toolbox.close-process.DAMP opt e10s fission stylo webrender-sw,4768818,77,ms,firefox,442281776.0,1821163260,2024-01-03 23:02:24,73.69368342294183,fb7b9426553703ef0c1b83be042d14e892c3b753,1355432,,,,,,,,,,,,,,,,,,,,,,,,,,,,,,,,,,,,,,,,,,,,,,,,,,,,,,,,,,,,,TN,TN
autoland,4769114,12,1a03ada32d4ae63ebeeb4561891b61c1e6e17a68,windows10-64-shippable-qr,True,False,,,102210fe594ee9b33d82058545b1ed14f4c8206e,browser-toolbox.close-process.DAMP,damp,True,damp browser-toolbox.close-process.DAMP opt e10s fission stylo webrender-sw,4768818,77,ms,firefox,442290866.0,1821174106,2024-01-03 23:34:03,75.6827874151495,460def96efba6cde82700e90ba959af290457b35,1355440,,,,,,,,,,,,,,,,,,,,,,,,,,,,,,,,,,,,,,,,,,,,,,,,,,,,,,,,,,,,,TN,TN
autoland,4769114,12,1a03ada32d4ae63ebeeb4561891b61c1e6e17a68,windows10-64-shippable-qr,True,False,,,102210fe594ee9b33d82058545b1ed14f4c8206e,browser-toolbox.close-process.DAMP,damp,True,damp browser-toolbox.close-process.DAMP opt e10s fission stylo webrender-sw,4768818,77,ms,firefox,442282379.0,1821163401,2024-01-04 00:10:32,75.44007320931269,44342afefce887c373101783d7b94b921f0e28eb,1355447,,,,,,,,,,,,,,,,,,,,,,,,,,,,,,,,,,,,,,,,,,,,,,,,,,,,,,,,,,,,,TN,TN
autoland,4769114,12,1a03ada32d4ae63ebeeb4561891b61c1e6e17a68,windows10-64-shippable-qr,True,False,,,102210fe594ee9b33d82058545b1ed14f4c8206e,browser-toolbox.close-process.DAMP,damp,True,damp browser-toolbox.close-process.DAMP opt e10s fission stylo webrender-sw,4768818,77,ms,firefox,442274170.0,1821141594,2024-01-04 00:16:36,75.02334719600913,2e26f327cd373035ac8a650bf445d68547e64cd0,1355448,,,,,,,,,,,,,,,,,,,,,,,,,,,,,,,,,,,,,,,,,,,,,,,,,,,,,,,,,,,,,TN,TN
autoland,4769114,12,1a03ada32d4ae63ebeeb4561891b61c1e6e17a68,windows10-64-shippable-qr,True,False,,,102210fe594ee9b33d82058545b1ed14f4c8206e,browser-toolbox.close-process.DAMP,damp,True,damp browser-toolbox.close-process.DAMP opt e10s fission stylo webrender-sw,4768818,77,ms,firefox,442268122.0,1821111862,2024-01-04 00:17:18,72.28587900345156,4089f7a36e14044034a75c43d34e5cb9f8c96399,1355449,,,,,,,,,,,,,,,,,,,,,,,,,,,,,,,,,,,,,,,,,,,,,,,,,,,,,,,,,,,,,TN,TN
autoland,4769114,12,1a03ada32d4ae63ebeeb4561891b61c1e6e17a68,windows10-64-shippable-qr,True,False,,,102210fe594ee9b33d82058545b1ed14f4c8206e,browser-toolbox.close-process.DAMP,damp,True,damp browser-toolbox.close-process.DAMP opt e10s fission stylo webrender-sw,4768818,77,ms,firefox,442097911.0,1820322375,2024-01-04 01:41:43,74.07419417267374,99d5c9d12fe8a000d9b092346826d2101720ee5f,1355473,,,,,,,,,,,,,,,,,,,,,,,,,,,,,,,,,,,,,,,,,,,,,,,,,,,,,,,,,,,,,TN,TN
autoland,4769114,12,1a03ada32d4ae63ebeeb4561891b61c1e6e17a68,windows10-64-shippable-qr,True,False,,,102210fe594ee9b33d82058545b1ed14f4c8206e,browser-toolbox.close-process.DAMP,damp,True,damp browser-toolbox.close-process.DAMP opt e10s fission stylo webrender-sw,4768818,77,ms,firefox,442109029.0,1820394531,2024-01-04 05:54:21,74.98417065317335,c285a1e59436529ca8d4acd4acf55d45e4277b1b,1355496,,,,,,,,,,,,,,,,,,,,,,,,,,,,,,,,,,,,,,,,,,,,,,,,,,,,,,,,,,,,,TN,TN
autoland,4769114,12,1a03ada32d4ae63ebeeb4561891b61c1e6e17a68,windows10-64-shippable-qr,True,False,,,102210fe594ee9b33d82058545b1ed14f4c8206e,browser-toolbox.close-process.DAMP,damp,True,damp browser-toolbox.close-process.DAMP opt e10s fission stylo webrender-sw,4768818,77,ms,firefox,442141262.0,1820505836,2024-01-04 11:10:14,76.36532503302442,740351987a4ee46ea2c571e5824e859680bda968,1355581,,,,,,,,,,,,,,,,,,,,,,,,,,,,,,,,,,,,,,,,,,,,,,,,,,,,,,,,,,,,,TN,TN
autoland,4769114,12,1a03ada32d4ae63ebeeb4561891b61c1e6e17a68,windows10-64-shippable-qr,True,False,,,102210fe594ee9b33d82058545b1ed14f4c8206e,browser-toolbox.close-process.DAMP,damp,True,damp browser-toolbox.close-process.DAMP opt e10s fission stylo webrender-sw,4768818,77,ms,firefox,442178999.0,1820684036,2024-01-04 15:17:03,73.95341280252615,45533d2448ef281f6e604ca7626c0a6ecce3e188,1355683,,,,,,,,,,,,,,,,,,,,,,,,,,,,,,,,,,,,,,,,,,,,,,,,,,,,,,,,,,,,,TN,TN
autoland,4769114,12,1a03ada32d4ae63ebeeb4561891b61c1e6e17a68,windows10-64-shippable-qr,True,False,,,102210fe594ee9b33d82058545b1ed14f4c8206e,browser-toolbox.close-process.DAMP,damp,True,damp browser-toolbox.close-process.DAMP opt e10s fission stylo webrender-sw,4768818,77,ms,firefox,442173837.0,1820675278,2024-01-04 15:42:51,73.20452785266389,0a133d5fd15504b371307e44739e8f97c80096b9,1355702,,,,,,,,,,,,,,,,,,,,,,,,,,,,,,,,,,,,,,,,,,,,,,,,,,,,,,,,,,,,,TN,TN
autoland,4769114,12,1a03ada32d4ae63ebeeb4561891b61c1e6e17a68,windows10-64-shippable-qr,True,False,,,102210fe594ee9b33d82058545b1ed14f4c8206e,browser-toolbox.close-process.DAMP,damp,True,damp browser-toolbox.close-process.DAMP opt e10s fission stylo webrender-sw,4768818,77,ms,firefox,442200483.0,1820748021,2024-01-04 19:37:18,68.70712215529056,048b65210703dec3aec972f180b52548b2664f7d,1355859,,,,,,,,,,,,,,,,,,,,,,,,,,,,,,,,,,,,,,,,,,,,,,,,,,,,,,,,,,,,,TN,TN
autoland,4769114,12,1a03ada32d4ae63ebeeb4561891b61c1e6e17a68,windows10-64-shippable-qr,True,False,,,102210fe594ee9b33d82058545b1ed14f4c8206e,browser-toolbox.close-process.DAMP,damp,True,damp browser-toolbox.close-process.DAMP opt e10s fission stylo webrender-sw,4768818,77,ms,firefox,442243396.0,1820977736,2024-01-05 00:18:01,76.00899891660083,84d53ee96a81d7e514d24d1fb3160e91d9cee533,1356034,,,,,,,,,,,,,,,,,,,,,,,,,,,,,,,,,,,,,,,,,,,,,,,,,,,,,,,,,,,,,TN,TN
autoland,4769114,12,1a03ada32d4ae63ebeeb4561891b61c1e6e17a68,windows10-64-shippable-qr,True,False,,,102210fe594ee9b33d82058545b1ed14f4c8206e,browser-toolbox.close-process.DAMP,damp,True,damp browser-toolbox.close-process.DAMP opt e10s fission stylo webrender-sw,4768818,77,ms,firefox,442243398.0,1820977871,2024-01-05 00:18:01,74.86075299535878,84d53ee96a81d7e514d24d1fb3160e91d9cee533,1356034,,,,,,,,,,,,,,,,,,,,,,,,,,,,,,,,,,,,,,,,,,,,,,,,,,,,,,,,,,,,,TN,TN
autoland,4769114,12,1a03ada32d4ae63ebeeb4561891b61c1e6e17a68,windows10-64-shippable-qr,True,False,,,102210fe594ee9b33d82058545b1ed14f4c8206e,browser-toolbox.close-process.DAMP,damp,True,damp browser-toolbox.close-process.DAMP opt e10s fission stylo webrender-sw,4768818,77,ms,firefox,442243505.0,1820978043,2024-01-05 00:18:01,72.41856118272699,84d53ee96a81d7e514d24d1fb3160e91d9cee533,1356034,,,,,,,,,,,,,,,,,,,,,,,,,,,,,,,,,,,,,,,,,,,,,,,,,,,,,,,,,,,,,TN,TN
autoland,4769114,12,1a03ada32d4ae63ebeeb4561891b61c1e6e17a68,windows10-64-shippable-qr,True,False,,,102210fe594ee9b33d82058545b1ed14f4c8206e,browser-toolbox.close-process.DAMP,damp,True,damp browser-toolbox.close-process.DAMP opt e10s fission stylo webrender-sw,4768818,77,ms,firefox,442239187.0,1820971781,2024-01-05 00:22:57,75.38123513491882,fab155eb519c68377a585ffdc537174653ab847b,1356036,,,,,,,,,,,,,,,,,,,,,,,,,,,,,,,,,,,,,,,,,,,,,,,,,,,,,,,,,,,,,TN,TN
autoland,4769114,12,1a03ada32d4ae63ebeeb4561891b61c1e6e17a68,windows10-64-shippable-qr,True,False,,,102210fe594ee9b33d82058545b1ed14f4c8206e,browser-toolbox.close-process.DAMP,damp,True,damp browser-toolbox.close-process.DAMP opt e10s fission stylo webrender-sw,4768818,77,ms,firefox,442253713.0,1821042552,2024-01-05 04:43:02,73.3478422928456,376266ac23d50822ae8c18d60d1577f0b89b7c03,1356081,,,,,,,,,,,,,,,,,,,,,,,,,,,,,,,,,,,,,,,,,,,,,,,,,,,,,,,,,,,,,TN,TN
autoland,4769114,12,1a03ada32d4ae63ebeeb4561891b61c1e6e17a68,windows10-64-shippable-qr,True,False,,,102210fe594ee9b33d82058545b1ed14f4c8206e,browser-toolbox.close-process.DAMP,damp,True,damp browser-toolbox.close-process.DAMP opt e10s fission stylo webrender-sw,4768818,77,ms,firefox,442267297.0,1821101883,2024-01-05 08:43:49,75.67195790671758,fa9bfcd5f0dbd19a8aaafddc25f6f73e4bcfd484,1356147,,,,,,,,,,,,,,,,,,,,,,,,,,,,,,,,,,,,,,,,,,,,,,,,,,,,,,,,,,,,,TN,TN
autoland,4769114,12,1a03ada32d4ae63ebeeb4561891b61c1e6e17a68,windows10-64-shippable-qr,True,False,,,102210fe594ee9b33d82058545b1ed14f4c8206e,browser-toolbox.close-process.DAMP,damp,True,damp browser-toolbox.close-process.DAMP opt e10s fission stylo webrender-sw,4768818,77,ms,firefox,442305960.0,1821204979,2024-01-05 12:49:29,70.22227607698733,30bc5759ffcd80a2febc0a054214a3c910d31aea,1356208,,,,,,,,,,,,,,,,,,,,,,,,,,,,,,,,,,,,,,,,,,,,,,,,,,,,,,,,,,,,,TN,TN
autoland,4769114,12,1a03ada32d4ae63ebeeb4561891b61c1e6e17a68,windows10-64-shippable-qr,True,False,,,102210fe594ee9b33d82058545b1ed14f4c8206e,browser-toolbox.close-process.DAMP,damp,True,damp browser-toolbox.close-process.DAMP opt e10s fission stylo webrender-sw,4768818,77,ms,firefox,442336815.0,1821345364,2024-01-05 17:02:32,73.01940446198569,d2e417f0f208016a0a4e369e822a12e20ef4fc5f,1356351,,,,,,,,,,,,,,,,,,,,,,,,,,,,,,,,,,,,,,,,,,,,,,,,,,,,,,,,,,,,,TN,TN
autoland,4769114,12,1a03ada32d4ae63ebeeb4561891b61c1e6e17a68,windows10-64-shippable-qr,True,False,,,102210fe594ee9b33d82058545b1ed14f4c8206e,browser-toolbox.close-process.DAMP,damp,True,damp browser-toolbox.close-process.DAMP opt e10s fission stylo webrender-sw,4768818,77,ms,firefox,442359570.0,1821434918,2024-01-05 19:52:18,70.36795069507207,567f5a81c44108f44c4e694af42be8f209da4c0a,1356444,,,,,,,,,,,,,,,,,,,,,,,,,,,,,,,,,,,,,,,,,,,,,,,,,,,,,,,,,,,,,TN,TN
autoland,4769114,12,1a03ada32d4ae63ebeeb4561891b61c1e6e17a68,windows10-64-shippable-qr,True,False,,,102210fe594ee9b33d82058545b1ed14f4c8206e,browser-toolbox.close-process.DAMP,damp,True,damp browser-toolbox.close-process.DAMP opt e10s fission stylo webrender-sw,4768818,77,ms,firefox,442380492.0,1821503689,2024-01-06 00:04:36,70.11777716719371,2a86438878465bd10e251c52285e2455425bfeb9,1356549,,,,,,,,,,,,,,,,,,,,,,,,,,,,,,,,,,,,,,,,,,,,,,,,,,,,,,,,,,,,,TN,TN
autoland,4769114,12,1a03ada32d4ae63ebeeb4561891b61c1e6e17a68,windows10-64-shippable-qr,True,False,,,102210fe594ee9b33d82058545b1ed14f4c8206e,browser-toolbox.close-process.DAMP,damp,True,damp browser-toolbox.close-process.DAMP opt e10s fission stylo webrender-sw,4768818,77,ms,firefox,442381658.0,1821513726,2024-01-06 00:21:54,77.31010947238246,ce6cf7dcf8b16c2a478f122f8bab575231c99881,1356554,,,,,,,,,,,,,,,,,,,,,,,,,,,,,,,,,,,,,,,,,,,,,,,,,,,,,,,,,,,,,TN,TN
autoland,4769114,12,1a03ada32d4ae63ebeeb4561891b61c1e6e17a68,windows10-64-shippable-qr,True,False,,,102210fe594ee9b33d82058545b1ed14f4c8206e,browser-toolbox.close-process.DAMP,damp,True,damp browser-toolbox.close-process.DAMP opt e10s fission stylo webrender-sw,4768818,77,ms,firefox,442418008.0,1821702387,2024-01-06 12:48:14,73.18014751056035,b54f34f26a3a753076473795a42574f426a960ee,1356631,,,,,,,,,,,,,,,,,,,,,,,,,,,,,,,,,,,,,,,,,,,,,,,,,,,,,,,,,,,,,TN,TN
autoland,4769114,12,1a03ada32d4ae63ebeeb4561891b61c1e6e17a68,windows10-64-shippable-qr,True,False,,,102210fe594ee9b33d82058545b1ed14f4c8206e,browser-toolbox.close-process.DAMP,damp,True,damp browser-toolbox.close-process.DAMP opt e10s fission stylo webrender-sw,4768818,77,ms,firefox,442426879.0,1821746786,2024-01-06 17:09:10,69.3763580770028,d6318b034527ed62918fa4fd893f093c084a6ccb,1356650,,,,,,,,,,,,,,,,,,,,,,,,,,,,,,,,,,,,,,,,,,,,,,,,,,,,,,,,,,,,,TN,TN
autoland,4769114,12,1a03ada32d4ae63ebeeb4561891b61c1e6e17a68,windows10-64-shippable-qr,True,False,,,102210fe594ee9b33d82058545b1ed14f4c8206e,browser-toolbox.close-process.DAMP,damp,True,damp browser-toolbox.close-process.DAMP opt e10s fission stylo webrender-sw,4768818,77,ms,firefox,442864694.0,1823744699,2024-01-06 18:59:57,77.00988057092763,3ea3dce387bec915b104262b4e03c76adea1038b,1356655,,,,,,,,,,,,,,,,,,,,,,,,,,,,,,,,,,,,,,,,,,,,,,,,,,,,,,,,,,,,,TN,TN
autoland,4769114,12,1a03ada32d4ae63ebeeb4561891b61c1e6e17a68,windows10-64-shippable-qr,True,False,,,102210fe594ee9b33d82058545b1ed14f4c8206e,browser-toolbox.close-process.DAMP,damp,True,damp browser-toolbox.close-process.DAMP opt e10s fission stylo webrender-sw,4768818,77,ms,firefox,442864695.0,1823744782,2024-01-06 19:15:21,74.03723536430334,be9ef293d2d877f8ec0bfd989888cc3adfe15f21,1356659,,,,,,,,,,,,,,,,,,,,,,,,,,,,,,,,,,,,,,,,,,,,,,,,,,,,,,,,,,,,,TN,TN
autoland,4769114,12,1a03ada32d4ae63ebeeb4561891b61c1e6e17a68,windows10-64-shippable-qr,True,False,,,102210fe594ee9b33d82058545b1ed14f4c8206e,browser-toolbox.close-process.DAMP,damp,True,damp browser-toolbox.close-process.DAMP opt e10s fission stylo webrender-sw,4768818,77,ms,firefox,442864708.0,1823745148,2024-01-06 19:44:18,73.8053693016409,57fc873595ecdaf5095c888902c910c6f15e8d3b,1356664,,,,,,,,,,,,,,,,,,,,,,,,,,,,,,,,,,,,,,,,,,,,,,,,,,,,,,,,,,,,,TN,TN
autoland,4769114,12,1a03ada32d4ae63ebeeb4561891b61c1e6e17a68,windows10-64-shippable-qr,True,False,,,102210fe594ee9b33d82058545b1ed14f4c8206e,browser-toolbox.close-process.DAMP,damp,True,damp browser-toolbox.close-process.DAMP opt e10s fission stylo webrender-sw,4768818,77,ms,firefox,442442160.0,1821808477,2024-01-06 21:44:09,74.52371159358881,1d9422a3e1d878f2f2c54ef4e836faabebfdfc9a,1356666,,,,,,,,,,,,,,,,,,,,,,,,,,,,,,,,,,,,,,,,,,,,,,,,,,,,,,,,,,,,,TN,TN
autoland,4769114,12,1a03ada32d4ae63ebeeb4561891b61c1e6e17a68,windows10-64-shippable-qr,True,False,,,102210fe594ee9b33d82058545b1ed14f4c8206e,browser-toolbox.close-process.DAMP,damp,True,damp browser-toolbox.close-process.DAMP opt e10s fission stylo webrender-sw,4768818,77,ms,firefox,442864636.0,1823744687,2024-01-07 19:01:51,74.24813537846057,9e3118f3a16935a6897121d6b0d6808e9e8ea95d,1356732,,,,,,,,,,,,,,,,,,,,,,,,,,,,,,,,,,,,,,,,,,,,,,,,,,,,,,,,,,,,,TN,TN
autoland,4769114,12,1a03ada32d4ae63ebeeb4561891b61c1e6e17a68,windows10-64-shippable-qr,True,False,,,102210fe594ee9b33d82058545b1ed14f4c8206e,browser-toolbox.close-process.DAMP,damp,True,damp browser-toolbox.close-process.DAMP opt e10s fission stylo webrender-sw,4768818,77,ms,firefox,442864635.0,1823744590,2024-01-07 22:13:08,77.6587283978588,b79dca57b9b1e55d05359f5284d0c70599339c1e,1356757,,,,,,,,,,,,,,,,,,,,,,,,,,,,,,,,,,,,,,,,,,,,,,,,,,,,,,,,,,,,,TN,TN
autoland,4769114,12,1a03ada32d4ae63ebeeb4561891b61c1e6e17a68,windows10-64-shippable-qr,True,False,,,102210fe594ee9b33d82058545b1ed14f4c8206e,browser-toolbox.close-process.DAMP,damp,True,damp browser-toolbox.close-process.DAMP opt e10s fission stylo webrender-sw,4768818,77,ms,firefox,442864691.0,1823744877,2024-01-07 22:49:51,70.122313365835,ab59c4318ce5bd207b3c2852f7da152796d5bf06,1356763,,,,,,,,,,,,,,,,,,,,,,,,,,,,,,,,,,,,,,,,,,,,,,,,,,,,,,,,,,,,,TN,TN
autoland,4769114,12,1a03ada32d4ae63ebeeb4561891b61c1e6e17a68,windows10-64-shippable-qr,True,False,,,102210fe594ee9b33d82058545b1ed14f4c8206e,browser-toolbox.close-process.DAMP,damp,True,damp browser-toolbox.close-process.DAMP opt e10s fission stylo webrender-sw,4768818,77,ms,firefox,442482302.0,1822029556,2024-01-07 23:26:49,69.97900462608231,47fc814524de5c30dfd7711cf3eda088303ad905,1356765,,,,,,,,,,,,,,,,,,,,,,,,,,,,,,,,,,,,,,,,,,,,,,,,,,,,,,,,,,,,,TN,TN
autoland,4769114,12,1a03ada32d4ae63ebeeb4561891b61c1e6e17a68,windows10-64-shippable-qr,True,False,,,102210fe594ee9b33d82058545b1ed14f4c8206e,browser-toolbox.close-process.DAMP,damp,True,damp browser-toolbox.close-process.DAMP opt e10s fission stylo webrender-sw,4768818,77,ms,firefox,442864637.0,1823744235,2024-01-08 00:56:55,75.20125883840956,1ac27f9b9030fc7b976e64e60f668ab1eb948c9b,1356768,,,,,,,,,,,,,,,,,,,,,,,,,,,,,,,,,,,,,,,,,,,,,,,,,,,,,,,,,,,,,TN,TN
autoland,4769114,12,1a03ada32d4ae63ebeeb4561891b61c1e6e17a68,windows10-64-shippable-qr,True,False,,,102210fe594ee9b33d82058545b1ed14f4c8206e,browser-toolbox.close-process.DAMP,damp,True,damp browser-toolbox.close-process.DAMP opt e10s fission stylo webrender-sw,4768818,77,ms,firefox,442864684.0,1823745043,2024-01-08 00:56:55,68.905530799384,1ac27f9b9030fc7b976e64e60f668ab1eb948c9b,1356768,,,,,,,,,,,,,,,,,,,,,,,,,,,,,,,,,,,,,,,,,,,,,,,,,,,,,,,,,,,,,TN,TN
autoland,4769114,12,1a03ada32d4ae63ebeeb4561891b61c1e6e17a68,windows10-64-shippable-qr,True,False,,,102210fe594ee9b33d82058545b1ed14f4c8206e,browser-toolbox.close-process.DAMP,damp,True,damp browser-toolbox.close-process.DAMP opt e10s fission stylo webrender-sw,4768818,77,ms,firefox,442486686.0,1822057543,2024-01-08 02:39:55,68.65238505002344,750c44842f26873f40a2d09bc4ee94ecc4c39997,1356771,,,,,,,,,,,,,,,,,,,,,,,,,,,,,,,,,,,,,,,,,,,,,,,,,,,,,,,,,,,,,TN,TN
autoland,4769114,12,1a03ada32d4ae63ebeeb4561891b61c1e6e17a68,windows10-64-shippable-qr,True,False,,,102210fe594ee9b33d82058545b1ed14f4c8206e,browser-toolbox.close-process.DAMP,damp,True,damp browser-toolbox.close-process.DAMP opt e10s fission stylo webrender-sw,4768818,77,ms,firefox,442864632.0,1823744124,2024-01-08 07:02:27,76.41316387255938,b770852a18b688e60a142667e493f7118cf1026c,1356787,,,,,,,,,,,,,,,,,,,,,,,,,,,,,,,,,,,,,,,,,,,,,,,,,,,,,,,,,,,,,TN,TN
autoland,4769114,12,1a03ada32d4ae63ebeeb4561891b61c1e6e17a68,windows10-64-shippable-qr,True,False,,,102210fe594ee9b33d82058545b1ed14f4c8206e,browser-toolbox.close-process.DAMP,damp,True,damp browser-toolbox.close-process.DAMP opt e10s fission stylo webrender-sw,4768818,77,ms,firefox,442864696.0,1823745487,2024-01-08 08:03:23,75.16127149420208,015d91df2dada8d50932d99ae18f8d064362b4b3,1356796,,,,,,,,,,,,,,,,,,,,,,,,,,,,,,,,,,,,,,,,,,,,,,,,,,,,,,,,,,,,,TN,TN
autoland,4769114,12,1a03ada32d4ae63ebeeb4561891b61c1e6e17a68,windows10-64-shippable-qr,True,False,,,102210fe594ee9b33d82058545b1ed14f4c8206e,browser-toolbox.close-process.DAMP,damp,True,damp browser-toolbox.close-process.DAMP opt e10s fission stylo webrender-sw,4768818,77,ms,firefox,442864685.0,1823744052,2024-01-08 08:13:46,69.04606028913986,f4a7013550b542af68f79594adf331dceacfc3e4,1356798,,,,,,,,,,,,,,,,,,,,,,,,,,,,,,,,,,,,,,,,,,,,,,,,,,,,,,,,,,,,,TN,TN
autoland,4769114,12,1a03ada32d4ae63ebeeb4561891b61c1e6e17a68,windows10-64-shippable-qr,True,False,,,102210fe594ee9b33d82058545b1ed14f4c8206e,browser-toolbox.close-process.DAMP,damp,True,damp browser-toolbox.close-process.DAMP opt e10s fission stylo webrender-sw,4768818,77,ms,firefox,442864638.0,1823744974,2024-01-08 08:30:17,69.03270113772305,a4fd7a0332ac499b0d25bf723431b0e4ce63004b,1356802,,,,,,,,,,,,,,,,,,,,,,,,,,,,,,,,,,,,,,,,,,,,,,,,,,,,,,,,,,,,,TN,TN
autoland,4769114,12,1a03ada32d4ae63ebeeb4561891b61c1e6e17a68,windows10-64-shippable-qr,True,False,,,102210fe594ee9b33d82058545b1ed14f4c8206e,browser-toolbox.close-process.DAMP,damp,True,damp browser-toolbox.close-process.DAMP opt e10s fission stylo webrender-sw,4768818,77,ms,firefox,442864698.0,1823745322,2024-01-08 09:59:21,74.60228713696415,d209e8f5b754aec544b60f197326f596fbb1eb4f,1356825,,,,,,,,,,,,,,,,,,,,,,,,,,,,,,,,,,,,,,,,,,,,,,,,,,,,,,,,,,,,,TN,TN
autoland,4769114,12,1a03ada32d4ae63ebeeb4561891b61c1e6e17a68,windows10-64-shippable-qr,True,False,,,102210fe594ee9b33d82058545b1ed14f4c8206e,browser-toolbox.close-process.DAMP,damp,True,damp browser-toolbox.close-process.DAMP opt e10s fission stylo webrender-sw,4768818,77,ms,firefox,442864640.0,1823745292,2024-01-08 10:03:42,70.87951153761242,166f5dd2868d5919101c8b0fc7295f063f1f8c76,1356826,,,,,,,,,,,,,,,,,,,,,,,,,,,,,,,,,,,,,,,,,,,,,,,,,,,,,,,,,,,,,TN,TN
autoland,4769114,12,1a03ada32d4ae63ebeeb4561891b61c1e6e17a68,windows10-64-shippable-qr,True,False,,,102210fe594ee9b33d82058545b1ed14f4c8206e,browser-toolbox.close-process.DAMP,damp,True,damp browser-toolbox.close-process.DAMP opt e10s fission stylo webrender-sw,4768818,77,ms,firefox,442864576.0,1823744344,2024-01-08 10:59:47,74.22528466331278,5f92385fbb61cb415d8c5431dc098d9f4de275a8,1356866,,,,,,,,,,,,,,,,,,,,,,,,,,,,,,,,,,,,,,,,,,,,,,,,,,,,,,,,,,,,,TN,TN
autoland,4769114,12,1a03ada32d4ae63ebeeb4561891b61c1e6e17a68,windows10-64-shippable-qr,True,False,,,102210fe594ee9b33d82058545b1ed14f4c8206e,browser-toolbox.close-process.DAMP,damp,True,damp browser-toolbox.close-process.DAMP opt e10s fission stylo webrender-sw,4768818,77,ms,firefox,442532094.0,1822206822,2024-01-08 11:59:03,76.69551273192337,f0a524f0a0085554a1bfdfe1320ee1e87caf7a94,1356886,,,,,,,,,,,,,,,,,,,,,,,,,,,,,,,,,,,,,,,,,,,,,,,,,,,,,,,,,,,,,TN,TN
autoland,4769114,12,1a03ada32d4ae63ebeeb4561891b61c1e6e17a68,windows10-64-shippable-qr,True,False,,,102210fe594ee9b33d82058545b1ed14f4c8206e,browser-toolbox.close-process.DAMP,damp,True,damp browser-toolbox.close-process.DAMP opt e10s fission stylo webrender-sw,4768818,77,ms,firefox,442864711.0,1823746052,2024-01-08 13:39:34,69.28914249202353,dff28ef1aa99c0ce58983b5c32d267946656cf2b,1356947,,,,,,,,,,,,,,,,,,,,,,,,,,,,,,,,,,,,,,,,,,,,,,,,,,,,,,,,,,,,,TN,TN
autoland,4769114,12,1a03ada32d4ae63ebeeb4561891b61c1e6e17a68,windows10-64-shippable-qr,True,False,,,102210fe594ee9b33d82058545b1ed14f4c8206e,browser-toolbox.close-process.DAMP,damp,True,damp browser-toolbox.close-process.DAMP opt e10s fission stylo webrender-sw,4768818,77,ms,firefox,442864841.0,1823745154,2024-01-08 13:59:36,74.77517238180735,3b8b6ba44de3870a21b3f250a24e6eae455bf564,1356959,,,,,,,,,,,,,,,,,,,,,,,,,,,,,,,,,,,,,,,,,,,,,,,,,,,,,,,,,,,,,TN,TN
autoland,4769114,12,1a03ada32d4ae63ebeeb4561891b61c1e6e17a68,windows10-64-shippable-qr,True,False,,,102210fe594ee9b33d82058545b1ed14f4c8206e,browser-toolbox.close-process.DAMP,damp,True,damp browser-toolbox.close-process.DAMP opt e10s fission stylo webrender-sw,4768818,77,ms,firefox,442864697.0,1823745389,2024-01-08 14:18:59,74.68676709369174,c0b65b260d5fbb61bfacc80d014afb017086dc3d,1356978,,,,,,,,,,,,,,,,,,,,,,,,,,,,,,,,,,,,,,,,,,,,,,,,,,,,,,,,,,,,,TN,TN
autoland,4769114,12,1a03ada32d4ae63ebeeb4561891b61c1e6e17a68,windows10-64-shippable-qr,True,False,,,102210fe594ee9b33d82058545b1ed14f4c8206e,browser-toolbox.close-process.DAMP,damp,True,damp browser-toolbox.close-process.DAMP opt e10s fission stylo webrender-sw,4768818,77,ms,firefox,442864727.0,1823745619,2024-01-08 15:01:30,74.84581096316106,f30cc385a875d3c24331acb9ce514801b9307a61,1357017,,,,,,,,,,,,,,,,,,,,,,,,,,,,,,,,,,,,,,,,,,,,,,,,,,,,,,,,,,,,,TN,TN
autoland,4769114,12,1a03ada32d4ae63ebeeb4561891b61c1e6e17a68,windows10-64-shippable-qr,True,False,,,102210fe594ee9b33d82058545b1ed14f4c8206e,browser-toolbox.close-process.DAMP,damp,True,damp browser-toolbox.close-process.DAMP opt e10s fission stylo webrender-sw,4768818,77,ms,firefox,442864732.0,1823744820,2024-01-08 15:17:36,75.57169910242374,7613e62377713778fccf1bbcf2d0d974a9d54d62,1357023,,,,,,,,,,,,,,,,,,,,,,,,,,,,,,,,,,,,,,,,,,,,,,,,,,,,,,,,,,,,,TN,TN
autoland,4769114,12,1a03ada32d4ae63ebeeb4561891b61c1e6e17a68,windows10-64-shippable-qr,True,False,,,102210fe594ee9b33d82058545b1ed14f4c8206e,browser-toolbox.close-process.DAMP,damp,True,damp browser-toolbox.close-process.DAMP opt e10s fission stylo webrender-sw,4768818,77,ms,firefox,442864842.0,1823744981,2024-01-08 15:20:01,67.25176938818913,96dbd42557569de364e38f42a4d6592922dc824e,1357024,,,,,,,,,,,,,,,,,,,,,,,,,,,,,,,,,,,,,,,,,,,,,,,,,,,,,,,,,,,,,TN,TN
autoland,4769114,12,1a03ada32d4ae63ebeeb4561891b61c1e6e17a68,windows10-64-shippable-qr,True,False,,,102210fe594ee9b33d82058545b1ed14f4c8206e,browser-toolbox.close-process.DAMP,damp,True,damp browser-toolbox.close-process.DAMP opt e10s fission stylo webrender-sw,4768818,77,ms,firefox,442874219.0,1823801002,2024-01-08 15:39:14,73.59669453083188,3cf8ea0688dec7b8d8548e01279ee4fc24ff6890,1357033,,,,,,,,,,,,,,,,,,,,,,,,,,,,,,,,,,,,,,,,,,,,,,,,,,,,,,,,,,,,,TN,TN
autoland,4769114,12,1a03ada32d4ae63ebeeb4561891b61c1e6e17a68,windows10-64-shippable-qr,True,False,,,102210fe594ee9b33d82058545b1ed14f4c8206e,browser-toolbox.close-process.DAMP,damp,True,damp browser-toolbox.close-process.DAMP opt e10s fission stylo webrender-sw,4768818,77,ms,firefox,442874600.0,1823802316,2024-01-08 15:40:08,74.44564062796417,7af652a642a5eab115e3c59f30d0c01ab34fa581,1357034,,,,,,,,,,,,,,,,,,,,,,,,,,,,,,,,,,,,,,,,,,,,,,,,,,,,,,,,,,,,,TN,TN
autoland,4769114,12,1a03ada32d4ae63ebeeb4561891b61c1e6e17a68,windows10-64-shippable-qr,True,False,,,102210fe594ee9b33d82058545b1ed14f4c8206e,browser-toolbox.close-process.DAMP,damp,True,damp browser-toolbox.close-process.DAMP opt e10s fission stylo webrender-sw,4768818,77,ms,firefox,442874710.0,1823802580,2024-01-08 15:50:41,73.62005595146911,7da8015bbe0dafb9a007ca1b283cd09947eef815,1357048,,,,,,,,,,,,,,,,,,,,,,,,,,,,,,,,,,,,,,,,,,,,,,,,,,,,,,,,,,,,,TN,TN
autoland,4769114,12,1a03ada32d4ae63ebeeb4561891b61c1e6e17a68,windows10-64-shippable-qr,True,False,,,102210fe594ee9b33d82058545b1ed14f4c8206e,browser-toolbox.close-process.DAMP,damp,True,damp browser-toolbox.close-process.DAMP opt e10s fission stylo webrender-sw,4768818,77,ms,firefox,442564814.0,1822360073,2024-01-08 15:57:02,71.52646103591542,fa142c3f71b8a5f5e5781fe41471dc1528cecd75,1357053,,,,,,,,,,,,,,,,,,,,,,,,,,,,,,,,,,,,,,,,,,,,,,,,,,,,,,,,,,,,,TN,TN
autoland,4769114,12,1a03ada32d4ae63ebeeb4561891b61c1e6e17a68,windows10-64-shippable-qr,True,False,,,102210fe594ee9b33d82058545b1ed14f4c8206e,browser-toolbox.close-process.DAMP,damp,True,damp browser-toolbox.close-process.DAMP opt e10s fission stylo webrender-sw,4768818,77,ms,firefox,442597633.0,1822476668,2024-01-08 20:04:05,69.2372834495036,41ae953b02271ceda653046c5072bfe0329c7e96,1357175,,,,,,,,,,,,,,,,,,,,,,,,,,,,,,,,,,,,,,,,,,,,,,,,,,,,,,,,,,,,,TN,TN
autoland,4769114,12,1a03ada32d4ae63ebeeb4561891b61c1e6e17a68,windows10-64-shippable-qr,True,False,,,102210fe594ee9b33d82058545b1ed14f4c8206e,browser-toolbox.close-process.DAMP,damp,True,damp browser-toolbox.close-process.DAMP opt e10s fission stylo webrender-sw,4768818,77,ms,firefox,442630790.0,1822624377,2024-01-09 02:28:42,68.70127259154106,ea866029ce2e23f03843038e1fd8ba7ca9ea30bb,1357330,,,,,,,,,,,,,,,,,,,,,,,,,,,,,,,,,,,,,,,,,,,,,,,,,,,,,,,,,,,,,TN,TN
autoland,4769114,12,1a03ada32d4ae63ebeeb4561891b61c1e6e17a68,windows10-64-shippable-qr,True,False,,,102210fe594ee9b33d82058545b1ed14f4c8206e,browser-toolbox.close-process.DAMP,damp,True,damp browser-toolbox.close-process.DAMP opt e10s fission stylo webrender-sw,4768818,77,ms,firefox,442688303.0,1822951997,2024-01-09 11:20:33,75.07089501803421,b29d6ace45f4ca84cd58b15ab4430194755a7056,1357465,,,,,,,,,,,,,,,,,,,,,,,,,,,,,,,,,,,,,,,,,,,,,,,,,,,,,,,,,,,,,TN,TN
autoland,4769114,12,1a03ada32d4ae63ebeeb4561891b61c1e6e17a68,windows10-64-shippable-qr,True,False,,,102210fe594ee9b33d82058545b1ed14f4c8206e,browser-toolbox.close-process.DAMP,damp,True,damp browser-toolbox.close-process.DAMP opt e10s fission stylo webrender-sw,4768818,77,ms,firefox,442689487.0,1822958184,2024-01-09 11:56:06,74.98208856696147,051ee8b6b5420d6e2ef877ed6ff3a70306257659,1357476,,,,,,,,,,,,,,,,,,,,,,,,,,,,,,,,,,,,,,,,,,,,,,,,,,,,,,,,,,,,,TN,TN
autoland,4769114,12,1a03ada32d4ae63ebeeb4561891b61c1e6e17a68,windows10-64-shippable-qr,True,False,,,102210fe594ee9b33d82058545b1ed14f4c8206e,browser-toolbox.close-process.DAMP,damp,True,damp browser-toolbox.close-process.DAMP opt e10s fission stylo webrender-sw,4768818,77,ms,firefox,442727362.0,1823119954,2024-01-09 16:23:43,74.07173530825821,39da72deac75c8026ae23df612934a7fc7c3693a,1357611,,,,,,,,,,,,,,,,,,,,,,,,,,,,,,,,,,,,,,,,,,,,,,,,,,,,,,,,,,,,,TN,TN
autoland,4769114,12,1a03ada32d4ae63ebeeb4561891b61c1e6e17a68,windows10-64-shippable-qr,True,False,,,102210fe594ee9b33d82058545b1ed14f4c8206e,browser-toolbox.close-process.DAMP,damp,True,damp browser-toolbox.close-process.DAMP opt e10s fission stylo webrender-sw,4768818,77,ms,firefox,442727698.0,1823139938,2024-01-09 17:04:21,74.17799127071339,65446098ef641575f65d67f1db14e51401e565de,1357636,,,,,,,,,,,,,,,,,,,,,,,,,,,,,,,,,,,,,,,,,,,,,,,,,,,,,,,,,,,,,TN,TN
autoland,4769114,12,1a03ada32d4ae63ebeeb4561891b61c1e6e17a68,windows10-64-shippable-qr,True,False,,,102210fe594ee9b33d82058545b1ed14f4c8206e,browser-toolbox.close-process.DAMP,damp,True,damp browser-toolbox.close-process.DAMP opt e10s fission stylo webrender-sw,4768818,77,ms,firefox,442767373.0,1823339907,2024-01-09 23:58:45,67.78732184517139,33d47d05c368a7b03c3843f70deb11c351eab0e7,1357896,,,,,,,,,,,,,,,,,,,,,,,,,,,,,,,,,,,,,,,,,,,,,,,,,,,,,,,,,,,,,TN,TN
autoland,4769114,12,1a03ada32d4ae63ebeeb4561891b61c1e6e17a68,windows10-64-shippable-qr,True,False,,,102210fe594ee9b33d82058545b1ed14f4c8206e,browser-toolbox.close-process.DAMP,damp,True,damp browser-toolbox.close-process.DAMP opt e10s fission stylo webrender-sw,4768818,77,ms,firefox,442794591.0,1823514151,2024-01-10 06:33:00,73.90555048108217,8d93c10892064c983f5603645b9f6db6494fac24,1357998,,,,,,,,,,,,,,,,,,,,,,,,,,,,,,,,,,,,,,,,,,,,,,,,,,,,,,,,,,,,,TN,TN
autoland,4769114,12,1a03ada32d4ae63ebeeb4561891b61c1e6e17a68,windows10-64-shippable-qr,True,False,,,102210fe594ee9b33d82058545b1ed14f4c8206e,browser-toolbox.close-process.DAMP,damp,True,damp browser-toolbox.close-process.DAMP opt e10s fission stylo webrender-sw,4768818,77,ms,firefox,442818607.0,1823611235,2024-01-10 10:37:21,74.08731020192499,c892e00c62dbbeba07a14640ce9baf3a7c27383d,1358093,,,,,,,,,,,,,,,,,,,,,,,,,,,,,,,,,,,,,,,,,,,,,,,,,,,,,,,,,,,,,TN,TN
autoland,4769114,12,1a03ada32d4ae63ebeeb4561891b61c1e6e17a68,windows10-64-shippable-qr,True,False,,,102210fe594ee9b33d82058545b1ed14f4c8206e,browser-toolbox.close-process.DAMP,damp,True,damp browser-toolbox.close-process.DAMP opt e10s fission stylo webrender-sw,4768818,77,ms,firefox,442840150.0,1823656492,2024-01-10 11:50:05,75.60176223605231,645f7ed438fb8172e3e4db34d3d7821251ae066c,1358132,,,,,,,,,,,,,,,,,,,,,,,,,,,,,,,,,,,,,,,,,,,,,,,,,,,,,,,,,,,,,TN,TN
autoland,4769114,12,1a03ada32d4ae63ebeeb4561891b61c1e6e17a68,windows10-64-shippable-qr,True,False,,,102210fe594ee9b33d82058545b1ed14f4c8206e,browser-toolbox.close-process.DAMP,damp,True,damp browser-toolbox.close-process.DAMP opt e10s fission stylo webrender-sw,4768818,77,ms,firefox,442860570.0,1823730769,2024-01-10 15:53:53,69.4256995459873,abbd6756776d8ea1ff22b8a5ee76e1417583f893,1358258,,,,,,,,,,,,,,,,,,,,,,,,,,,,,,,,,,,,,,,,,,,,,,,,,,,,,,,,,,,,,TN,TN
autoland,4769114,12,1a03ada32d4ae63ebeeb4561891b61c1e6e17a68,windows10-64-shippable-qr,True,False,,,102210fe594ee9b33d82058545b1ed14f4c8206e,browser-toolbox.close-process.DAMP,damp,True,damp browser-toolbox.close-process.DAMP opt e10s fission stylo webrender-sw,4768818,77,ms,firefox,442883833.0,1823861018,2024-01-10 20:02:55,72.0621349652647,13107fcd50cf2795a397cd8d72ce290a0b34a909,1358406,,,,,,,,,,,,,,,,,,,,,,,,,,,,,,,,,,,,,,,,,,,,,,,,,,,,,,,,,,,,,TN,TN
autoland,4769114,12,1a03ada32d4ae63ebeeb4561891b61c1e6e17a68,windows10-64-shippable-qr,True,False,,,102210fe594ee9b33d82058545b1ed14f4c8206e,browser-toolbox.close-process.DAMP,damp,True,damp browser-toolbox.close-process.DAMP opt e10s fission stylo webrender-sw,4768818,77,ms,firefox,442907825.0,1823965494,2024-01-11 01:22:24,70.26481722752214,1a93f0a64a7f897212da58c5753433922e0953cb,1358548,,,,,,,,,,,,,,,,,,,,,,,,,,,,,,,,,,,,,,,,,,,,,,,,,,,,,,,,,,,,,TN,TN
autoland,4769114,12,1a03ada32d4ae63ebeeb4561891b61c1e6e17a68,windows10-64-shippable-qr,True,False,,,102210fe594ee9b33d82058545b1ed14f4c8206e,browser-toolbox.close-process.DAMP,damp,True,damp browser-toolbox.close-process.DAMP opt e10s fission stylo webrender-sw,4768818,77,ms,firefox,442930662.0,1824066371,2024-01-11 07:34:58,70.32891864706471,53b379d2ca1da12d341d8c9f8e59575152c88b27,1358622,,,,,,,,,,,,,,,,,,,,,,,,,,,,,,,,,,,,,,,,,,,,,,,,,,,,,,,,,,,,,TN,TN
autoland,4769114,12,1a03ada32d4ae63ebeeb4561891b61c1e6e17a68,windows10-64-shippable-qr,True,False,,,102210fe594ee9b33d82058545b1ed14f4c8206e,browser-toolbox.close-process.DAMP,damp,True,damp browser-toolbox.close-process.DAMP opt e10s fission stylo webrender-sw,4768818,77,ms,firefox,442935871.0,1824088833,2024-01-11 09:13:52,70.06560095409077,0bd36479d605b1a8748ee37096ff0d54383f0402,1358650,,,,,,,,,,,,,,,,,,,,,,,,,,,,,,,,,,,,,,,,,,,,,,,,,,,,,,,,,,,,,TN,TN
autoland,4769114,12,1a03ada32d4ae63ebeeb4561891b61c1e6e17a68,windows10-64-shippable-qr,True,False,,,102210fe594ee9b33d82058545b1ed14f4c8206e,browser-toolbox.close-process.DAMP,damp,True,damp browser-toolbox.close-process.DAMP opt e10s fission stylo webrender-sw,4768818,77,ms,firefox,442973182.0,1824225689,2024-01-11 13:33:40,74.24240200404893,9e9da9a3335070604e4d44a2a97d897ca73a4c16,1358737,,,,,,,,,,,,,,,,,,,,,,,,,,,,,,,,,,,,,,,,,,,,,,,,,,,,,,,,,,,,,TN,TN
autoland,4769114,12,1a03ada32d4ae63ebeeb4561891b61c1e6e17a68,windows10-64-shippable-qr,True,False,,,102210fe594ee9b33d82058545b1ed14f4c8206e,browser-toolbox.close-process.DAMP,damp,True,damp browser-toolbox.close-process.DAMP opt e10s fission stylo webrender-sw,4768818,77,ms,firefox,442987065.0,1824283082,2024-01-11 15:31:24,68.47513952835288,0fbc415c1704aee17dbd065e8d41e057993f1797,1358816,,,,,,,,,,,,,,,,,,,,,,,,,,,,,,,,,,,,,,,,,,,,,,,,,,,,,,,,,,,,,TN,TN
autoland,4769114,12,1a03ada32d4ae63ebeeb4561891b61c1e6e17a68,windows10-64-shippable-qr,True,False,,,102210fe594ee9b33d82058545b1ed14f4c8206e,browser-toolbox.close-process.DAMP,damp,True,damp browser-toolbox.close-process.DAMP opt e10s fission stylo webrender-sw,4768818,77,ms,firefox,443028260.0,1824442799,2024-01-11 19:45:18,70.37097465666011,51d3d025e7fa3113193da45b9c1b1d792060a4c3,1358981,,,,,,,,,,,,,,,,,,,,,,,,,,,,,,,,,,,,,,,,,,,,,,,,,,,,,,,,,,,,,TN,TN
autoland,4769114,12,1a03ada32d4ae63ebeeb4561891b61c1e6e17a68,windows10-64-shippable-qr,True,False,,,102210fe594ee9b33d82058545b1ed14f4c8206e,browser-toolbox.close-process.DAMP,damp,True,damp browser-toolbox.close-process.DAMP opt e10s fission stylo webrender-sw,4768818,77,ms,firefox,443022252.0,1824410334,2024-01-11 20:05:09,74.34690077602863,8f1e9e2c902a89cfb9f9ea20307fb3ee8a91a4af,1358995,,,,,,,,,,,,,,,,,,,,,,,,,,,,,,,,,,,,,,,,,,,,,,,,,,,,,,,,,,,,,TN,TN
autoland,4769114,12,1a03ada32d4ae63ebeeb4561891b61c1e6e17a68,windows10-64-shippable-qr,True,False,,,102210fe594ee9b33d82058545b1ed14f4c8206e,browser-toolbox.close-process.DAMP,damp,True,damp browser-toolbox.close-process.DAMP opt e10s fission stylo webrender-sw,4768818,77,ms,firefox,443056615.0,1824588159,2024-01-12 01:35:24,72.64347532238753,1d2ccbe0bb6db4d9628b16914b33c5dc5e9406dc,1359176,,,,,,,,,,,,,,,,,,,,,,,,,,,,,,,,,,,,,,,,,,,,,,,,,,,,,,,,,,,,,TN,TN
autoland,4769114,12,1a03ada32d4ae63ebeeb4561891b61c1e6e17a68,windows10-64-shippable-qr,True,False,,,102210fe594ee9b33d82058545b1ed14f4c8206e,browser-toolbox.close-process.DAMP,damp,True,damp browser-toolbox.close-process.DAMP opt e10s fission stylo webrender-sw,4768818,77,ms,firefox,443070829.0,1824738235,2024-01-12 05:09:20,74.52149292502145,1dc9f987063cf678f5c26e7534eadc8bfd186fa9,1359210,,,,,,,,,,,,,,,,,,,,,,,,,,,,,,,,,,,,,,,,,,,,,,,,,,,,,,,,,,,,,TN,TN
autoland,4769114,12,1a03ada32d4ae63ebeeb4561891b61c1e6e17a68,windows10-64-shippable-qr,True,False,,,102210fe594ee9b33d82058545b1ed14f4c8206e,browser-toolbox.close-process.DAMP,damp,True,damp browser-toolbox.close-process.DAMP opt e10s fission stylo webrender-sw,4768818,77,ms,firefox,443100184.0,1824889698,2024-01-12 09:17:33,75.69287241507845,734e2e027196a9d64120ebf11a01a1b03e494d43,1359269,,,,,,,,,,,,,,,,,,,,,,,,,,,,,,,,,,,,,,,,,,,,,,,,,,,,,,,,,,,,,TN,TN
autoland,4769114,12,1a03ada32d4ae63ebeeb4561891b61c1e6e17a68,windows10-64-shippable-qr,True,False,,,102210fe594ee9b33d82058545b1ed14f4c8206e,browser-toolbox.close-process.DAMP,damp,True,damp browser-toolbox.close-process.DAMP opt e10s fission stylo webrender-sw,4768818,77,ms,firefox,443099435.0,1824876927,2024-01-12 09:50:00,72.64944866086444,04e959fcffc3608cfdc8e3812cac822a94eb7f79,1359287,,,,,,,,,,,,,,,,,,,,,,,,,,,,,,,,,,,,,,,,,,,,,,,,,,,,,,,,,,,,,TN,TN
autoland,4769114,12,1a03ada32d4ae63ebeeb4561891b61c1e6e17a68,windows10-64-shippable-qr,True,False,,,102210fe594ee9b33d82058545b1ed14f4c8206e,browser-toolbox.close-process.DAMP,damp,True,damp browser-toolbox.close-process.DAMP opt e10s fission stylo webrender-sw,4768818,77,ms,firefox,443416495.0,1826338979,2024-01-12 11:52:31,68.93975828771363,7cbfed1ead53b53b21c13a6cdc9f480429966ac1,1359327,,,,,,,,,,,,,,,,,,,,,,,,,,,,,,,,,,,,,,,,,,,,,,,,,,,,,,,,,,,,,TN,TN
autoland,4769114,12,1a03ada32d4ae63ebeeb4561891b61c1e6e17a68,windows10-64-shippable-qr,True,False,,,102210fe594ee9b33d82058545b1ed14f4c8206e,browser-toolbox.close-process.DAMP,damp,True,damp browser-toolbox.close-process.DAMP opt e10s fission stylo webrender-sw,4768818,77,ms,firefox,443416494.0,1826338952,2024-01-12 13:11:23,70.17441459593829,bf0339bc7995ff32f698d31cb8af86115440ed31,1359347,,,,,,,,,,,,,,,,,,,,,,,,,,,,,,,,,,,,,,,,,,,,,,,,,,,,,,,,,,,,,TN,TN
autoland,4769114,12,1a03ada32d4ae63ebeeb4561891b61c1e6e17a68,windows10-64-shippable-qr,True,False,,,102210fe594ee9b33d82058545b1ed14f4c8206e,browser-toolbox.close-process.DAMP,damp,True,damp browser-toolbox.close-process.DAMP opt e10s fission stylo webrender-sw,4768818,77,ms,firefox,443416510.0,1826338864,2024-01-12 13:36:06,70.59600967203369,70442a08a03f51ba367ef1ebd49a10a7d91b4a64,1359360,,,,,,,,,,,,,,,,,,,,,,,,,,,,,,,,,,,,,,,,,,,,,,,,,,,,,,,,,,,,,TN,TN
autoland,4769114,12,1a03ada32d4ae63ebeeb4561891b61c1e6e17a68,windows10-64-shippable-qr,True,False,,,102210fe594ee9b33d82058545b1ed14f4c8206e,browser-toolbox.close-process.DAMP,damp,True,damp browser-toolbox.close-process.DAMP opt e10s fission stylo webrender-sw,4768818,77,ms,firefox,443416511.0,1826339154,2024-01-12 13:36:48,69.22009863839776,56ce87531eaae6183ccc1545c28611e3ef49750d,1359361,,,,,,,,,,,,,,,,,,,,,,,,,,,,,,,,,,,,,,,,,,,,,,,,,,,,,,,,,,,,,TN,TN
autoland,4769114,12,1a03ada32d4ae63ebeeb4561891b61c1e6e17a68,windows10-64-shippable-qr,True,False,,,102210fe594ee9b33d82058545b1ed14f4c8206e,browser-toolbox.close-process.DAMP,damp,True,damp browser-toolbox.close-process.DAMP opt e10s fission stylo webrender-sw,4768818,77,ms,firefox,443416514.0,1826339037,2024-01-12 13:37:36,70.822631101968,699290c5853cd6e05624788e5113d20e788b3633,1359362,,,,,,,,,,,,,,,,,,,,,,,,,,,,,,,,,,,,,,,,,,,,,,,,,,,,,,,,,,,,,TN,TN
autoland,4769114,12,1a03ada32d4ae63ebeeb4561891b61c1e6e17a68,windows10-64-shippable-qr,True,False,,,102210fe594ee9b33d82058545b1ed14f4c8206e,browser-toolbox.close-process.DAMP,damp,True,damp browser-toolbox.close-process.DAMP opt e10s fission stylo webrender-sw,4768818,77,ms,firefox,443416524.0,1826339097,2024-01-12 13:38:19,68.96282776966109,d0bb175037520c0b12a413fa6efddf01e5d62b65,1359363,,,,,,,,,,,,,,,,,,,,,,,,,,,,,,,,,,,,,,,,,,,,,,,,,,,,,,,,,,,,,TN,TN
autoland,4769114,12,1a03ada32d4ae63ebeeb4561891b61c1e6e17a68,windows10-64-shippable-qr,True,False,,,102210fe594ee9b33d82058545b1ed14f4c8206e,browser-toolbox.close-process.DAMP,damp,True,damp browser-toolbox.close-process.DAMP opt e10s fission stylo webrender-sw,4768818,77,ms,firefox,443416538.0,1826339414,2024-01-12 13:39:06,67.8881164137274,7a07cd281802c9ccdc657eec95ad71f1f68bd205,1359365,,,,,,,,,,,,,,,,,,,,,,,,,,,,,,,,,,,,,,,,,,,,,,,,,,,,,,,,,,,,,TN,TN
autoland,4769114,12,1a03ada32d4ae63ebeeb4561891b61c1e6e17a68,windows10-64-shippable-qr,True,False,,,102210fe594ee9b33d82058545b1ed14f4c8206e,browser-toolbox.close-process.DAMP,damp,True,damp browser-toolbox.close-process.DAMP opt e10s fission stylo webrender-sw,4768818,77,ms,firefox,443416535.0,1826339569,2024-01-12 13:39:53,69.75564600143116,c9a5eef5b4594af4376d27cc6f1715a0c1298028,1359366,,,,,,,,,,,,,,,,,,,,,,,,,,,,,,,,,,,,,,,,,,,,,,,,,,,,,,,,,,,,,TN,TN
autoland,4769114,12,1a03ada32d4ae63ebeeb4561891b61c1e6e17a68,windows10-64-shippable-qr,True,False,,,102210fe594ee9b33d82058545b1ed14f4c8206e,browser-toolbox.close-process.DAMP,damp,True,damp browser-toolbox.close-process.DAMP opt e10s fission stylo webrender-sw,4768818,77,ms,firefox,443416537.0,1826339605,2024-01-12 13:39:53,72.47502717869065,c9a5eef5b4594af4376d27cc6f1715a0c1298028,1359366,,,,,,,,,,,,,,,,,,,,,,,,,,,,,,,,,,,,,,,,,,,,,,,,,,,,,,,,,,,,,TN,TN
autoland,4769114,12,1a03ada32d4ae63ebeeb4561891b61c1e6e17a68,windows10-64-shippable-qr,True,False,,,102210fe594ee9b33d82058545b1ed14f4c8206e,browser-toolbox.close-process.DAMP,damp,True,damp browser-toolbox.close-process.DAMP opt e10s fission stylo webrender-sw,4768818,77,ms,firefox,443416596.0,1826340790,2024-01-12 13:49:10,68.9023176846822,897e093ce0acdad2e945ff5f23e6d89f77ac22a2,1359374,,,,,,,,,,,,,,,,,,,,,,,,,,,,,,,,,,,,,,,,,,,,,,,,,,,,,,,,,,,,,TN,TN
autoland,4769114,12,1a03ada32d4ae63ebeeb4561891b61c1e6e17a68,windows10-64-shippable-qr,True,False,,,102210fe594ee9b33d82058545b1ed14f4c8206e,browser-toolbox.close-process.DAMP,damp,True,damp browser-toolbox.close-process.DAMP opt e10s fission stylo webrender-sw,4768818,77,ms,firefox,443134821.0,1825062356,2024-01-12 13:58:07,71.37629872906837,ce67ec7f0570e0dbbb4af59d868791341b3ae825,1359382,,,,,,,,,,,,,,,,,,,,,,,,,,,,,,,,,,,,,,,,,,,,,,,,,,,,,,,,,,,,,TN,TN
autoland,4769114,12,1a03ada32d4ae63ebeeb4561891b61c1e6e17a68,windows10-64-shippable-qr,True,False,,,102210fe594ee9b33d82058545b1ed14f4c8206e,browser-toolbox.close-process.DAMP,damp,True,damp browser-toolbox.close-process.DAMP opt e10s fission stylo webrender-sw,4768818,77,ms,firefox,443416600.0,1826340847,2024-01-12 13:58:59,70.49746269822936,2ea989327044a13eef664752ec11bc84271a13e7,1359383,,,,,,,,,,,,,,,,,,,,,,,,,,,,,,,,,,,,,,,,,,,,,,,,,,,,,,,,,,,,,TN,TN
autoland,4769114,12,1a03ada32d4ae63ebeeb4561891b61c1e6e17a68,windows10-64-shippable-qr,True,False,,,102210fe594ee9b33d82058545b1ed14f4c8206e,browser-toolbox.close-process.DAMP,damp,True,damp browser-toolbox.close-process.DAMP opt e10s fission stylo webrender-sw,4768818,77,ms,firefox,443416603.0,1826341139,2024-01-12 14:00:07,71.18876058558817,88aef4d4f1602c126f45f9a8baf552bb1ed8f594,1359384,,,,,,,,,,,,,,,,,,,,,,,,,,,,,,,,,,,,,,,,,,,,,,,,,,,,,,,,,,,,,TN,TN
autoland,4769114,12,1a03ada32d4ae63ebeeb4561891b61c1e6e17a68,windows10-64-shippable-qr,True,False,,,102210fe594ee9b33d82058545b1ed14f4c8206e,browser-toolbox.close-process.DAMP,damp,True,damp browser-toolbox.close-process.DAMP opt e10s fission stylo webrender-sw,4768818,77,ms,firefox,443416547.0,1826340008,2024-01-12 14:01:18,68.8673249401545,51b3758056fee8a0d28c20d3c7de29764062564f,1359385,,,,,,,,,,,,,,,,,,,,,,,,,,,,,,,,,,,,,,,,,,,,,,,,,,,,,,,,,,,,,TN,TN
autoland,4769114,12,1a03ada32d4ae63ebeeb4561891b61c1e6e17a68,windows10-64-shippable-qr,True,False,,,102210fe594ee9b33d82058545b1ed14f4c8206e,browser-toolbox.close-process.DAMP,damp,True,damp browser-toolbox.close-process.DAMP opt e10s fission stylo webrender-sw,4768818,77,ms,firefox,443416543.0,1826339893,2024-01-12 14:02:39,71.44137142202817,8d1104da2824d66f4a8875c579f80a39189189fc,1359387,,,,,,,,,,,,,,,,,,,,,,,,,,,,,,,,,,,,,,,,,,,,,,,,,,,,,,,,,,,,,TN,TN
autoland,4769114,12,1a03ada32d4ae63ebeeb4561891b61c1e6e17a68,windows10-64-shippable-qr,True,False,,,102210fe594ee9b33d82058545b1ed14f4c8206e,browser-toolbox.close-process.DAMP,damp,True,damp browser-toolbox.close-process.DAMP opt e10s fission stylo webrender-sw,4768818,77,ms,firefox,443416546.0,1826339951,2024-01-12 14:08:10,69.74845418534824,e92a8f339bfca9ec6e0e3fbac47174ca2fea2f1e,1359390,,,,,,,,,,,,,,,,,,,,,,,,,,,,,,,,,,,,,,,,,,,,,,,,,,,,,,,,,,,,,TN,TN
autoland,4769114,12,1a03ada32d4ae63ebeeb4561891b61c1e6e17a68,windows10-64-shippable-qr,True,False,,,102210fe594ee9b33d82058545b1ed14f4c8206e,browser-toolbox.close-process.DAMP,damp,True,damp browser-toolbox.close-process.DAMP opt e10s fission stylo webrender-sw,4768818,77,ms,firefox,443416552.0,1826340240,2024-01-12 15:09:25,71.02440872586158,9343b9b9d52e609667351d28b07b0a1012630323,1359421,,,,,,,,,,,,,,,,,,,,,,,,,,,,,,,,,,,,,,,,,,,,,,,,,,,,,,,,,,,,,TN,TN
autoland,4769114,12,1a03ada32d4ae63ebeeb4561891b61c1e6e17a68,windows10-64-shippable-qr,True,False,,,102210fe594ee9b33d82058545b1ed14f4c8206e,browser-toolbox.close-process.DAMP,damp,True,damp browser-toolbox.close-process.DAMP opt e10s fission stylo webrender-sw,4768818,77,ms,firefox,443140180.0,1825112634,2024-01-12 15:59:03,76.24953493372595,ca885660ea6d70595474b1663ce6806f7a86a6ea,1359473,,,,,,,,,,,,,,,,,,,,,,,,,,,,,,,,,,,,,,,,,,,,,,,,,,,,,,,,,,,,,TN,TN
autoland,4769114,12,1a03ada32d4ae63ebeeb4561891b61c1e6e17a68,windows10-64-shippable-qr,True,False,,,102210fe594ee9b33d82058545b1ed14f4c8206e,browser-toolbox.close-process.DAMP,damp,True,damp browser-toolbox.close-process.DAMP opt e10s fission stylo webrender-sw,4768818,77,ms,firefox,443416595.0,1826340903,2024-01-12 19:31:36,69.89430273807375,74a86cb53e8dc1e63f384642dac0c8be70aa4365,1359652,,,,,,,,,,,,,,,,,,,,,,,,,,,,,,,,,,,,,,,,,,,,,,,,,,,,,,,,,,,,,TN,TN
autoland,4769114,12,1a03ada32d4ae63ebeeb4561891b61c1e6e17a68,windows10-64-shippable-qr,True,False,,,102210fe594ee9b33d82058545b1ed14f4c8206e,browser-toolbox.close-process.DAMP,damp,True,damp browser-toolbox.close-process.DAMP opt e10s fission stylo webrender-sw,4768818,77,ms,firefox,443416536.0,1826339470,2024-01-12 19:32:22,69.45112889232405,58509eb339ec158b28df0efd7f906d2e4f1bac61,1359654,,,,,,,,,,,,,,,,,,,,,,,,,,,,,,,,,,,,,,,,,,,,,,,,,,,,,,,,,,,,,TN,TN
autoland,4769114,12,1a03ada32d4ae63ebeeb4561891b61c1e6e17a68,windows10-64-shippable-qr,True,False,,,102210fe594ee9b33d82058545b1ed14f4c8206e,browser-toolbox.close-process.DAMP,damp,True,damp browser-toolbox.close-process.DAMP opt e10s fission stylo webrender-sw,4768818,77,ms,firefox,443416540.0,1826339635,2024-01-12 19:33:05,70.24178001204564,21ba56d4086bf4822a0d4a40adac1d40baf916ad,1359657,,,,,,,,,,,,,,,,,,,,,,,,,,,,,,,,,,,,,,,,,,,,,,,,,,,,,,,,,,,,,TN,TN
autoland,4769114,12,1a03ada32d4ae63ebeeb4561891b61c1e6e17a68,windows10-64-shippable-qr,True,False,,,102210fe594ee9b33d82058545b1ed14f4c8206e,browser-toolbox.close-process.DAMP,damp,True,damp browser-toolbox.close-process.DAMP opt e10s fission stylo webrender-sw,4768818,77,ms,firefox,443416597.0,1826340960,2024-01-12 19:33:49,70.68846285917971,7a81660943a39b506f9b306ef301c7efb82607cc,1359658,,,,,,,,,,,,,,,,,,,,,,,,,,,,,,,,,,,,,,,,,,,,,,,,,,,,,,,,,,,,,TN,TN
autoland,4769114,12,1a03ada32d4ae63ebeeb4561891b61c1e6e17a68,windows10-64-shippable-qr,True,False,,,102210fe594ee9b33d82058545b1ed14f4c8206e,browser-toolbox.close-process.DAMP,damp,True,damp browser-toolbox.close-process.DAMP opt e10s fission stylo webrender-sw,4768818,77,ms,firefox,443416601.0,1826341016,2024-01-12 19:34:45,68.68934938510938,387701b0f78814c3a2b1e5ba52c5c73a06af5a43,1359659,,,,,,,,,,,,,,,,,,,,,,,,,,,,,,,,,,,,,,,,,,,,,,,,,,,,,,,,,,,,,TN,TN
autoland,4769114,12,1a03ada32d4ae63ebeeb4561891b61c1e6e17a68,windows10-64-shippable-qr,True,False,,,102210fe594ee9b33d82058545b1ed14f4c8206e,browser-toolbox.close-process.DAMP,damp,True,damp browser-toolbox.close-process.DAMP opt e10s fission stylo webrender-sw,4768818,77,ms,firefox,443416604.0,1826341076,2024-01-12 19:35:33,68.967629978084,f6f05dc807c2757bf59291e1ae6ba8680daabdec,1359660,,,,,,,,,,,,,,,,,,,,,,,,,,,,,,,,,,,,,,,,,,,,,,,,,,,,,,,,,,,,,TN,TN
autoland,4769114,12,1a03ada32d4ae63ebeeb4561891b61c1e6e17a68,windows10-64-shippable-qr,True,False,,,102210fe594ee9b33d82058545b1ed14f4c8206e,browser-toolbox.close-process.DAMP,damp,True,damp browser-toolbox.close-process.DAMP opt e10s fission stylo webrender-sw,4768818,77,ms,firefox,443416542.0,1826340177,2024-01-12 19:36:18,69.82337691592693,231fbd4b933a826732843aa028bdd720117e25b6,1359663,,,,,,,,,,,,,,,,,,,,,,,,,,,,,,,,,,,,,,,,,,,,,,,,,,,,,,,,,,,,,TN,TN
autoland,4769114,12,1a03ada32d4ae63ebeeb4561891b61c1e6e17a68,windows10-64-shippable-qr,True,False,,,102210fe594ee9b33d82058545b1ed14f4c8206e,browser-toolbox.close-process.DAMP,damp,True,damp browser-toolbox.close-process.DAMP opt e10s fission stylo webrender-sw,4768818,77,ms,firefox,443416545.0,1826340119,2024-01-12 19:36:59,69.7011122318363,4a7a233e29e35c76657421fb4e283f723abe746c,1359664,,,,,,,,,,,,,,,,,,,,,,,,,,,,,,,,,,,,,,,,,,,,,,,,,,,,,,,,,,,,,TN,TN
autoland,4769114,12,1a03ada32d4ae63ebeeb4561891b61c1e6e17a68,windows10-64-shippable-qr,True,False,,,102210fe594ee9b33d82058545b1ed14f4c8206e,browser-toolbox.close-process.DAMP,damp,True,damp browser-toolbox.close-process.DAMP opt e10s fission stylo webrender-sw,4768818,77,ms,firefox,443416544.0,1826340087,2024-01-12 19:37:47,71.33499722152192,df2d75db23544db5a6a4eb0640432d5338518fd4,1359665,,,,,,,,,,,,,,,,,,,,,,,,,,,,,,,,,,,,,,,,,,,,,,,,,,,,,,,,,,,,,TN,TN
autoland,4769114,12,1a03ada32d4ae63ebeeb4561891b61c1e6e17a68,windows10-64-shippable-qr,True,False,,,102210fe594ee9b33d82058545b1ed14f4c8206e,browser-toolbox.close-process.DAMP,damp,True,damp browser-toolbox.close-process.DAMP opt e10s fission stylo webrender-sw,4768818,77,ms,firefox,443163985.0,1825213082,2024-01-12 19:38:29,75.61834271659609,00f949eecc1be917553e235f582aeb7e1e1146fd,1359666,,,,,,,,,,,,,,,,,,,,,,,,,,,,,,,,,,,,,,,,,,,,,,,,,,,,,,,,,,,,,TN,TN
autoland,4769114,12,1a03ada32d4ae63ebeeb4561891b61c1e6e17a68,windows10-64-shippable-qr,True,False,,,102210fe594ee9b33d82058545b1ed14f4c8206e,browser-toolbox.close-process.DAMP,damp,True,damp browser-toolbox.close-process.DAMP opt e10s fission stylo webrender-sw,4768818,77,ms,firefox,443416551.0,1826340468,2024-01-12 21:02:56,69.26644382145605,0a987a54bf22ebc3634be38e0fc72e04f6e9a077,1359712,,,,,,,,,,,,,,,,,,,,,,,,,,,,,,,,,,,,,,,,,,,,,,,,,,,,,,,,,,,,,TN,TN
autoland,4769114,12,1a03ada32d4ae63ebeeb4561891b61c1e6e17a68,windows10-64-shippable-qr,True,False,,,102210fe594ee9b33d82058545b1ed14f4c8206e,browser-toolbox.close-process.DAMP,damp,True,damp browser-toolbox.close-process.DAMP opt e10s fission stylo webrender-sw,4768818,77,ms,firefox,443416550.0,1826340412,2024-01-12 21:17:56,71.2540528990794,8a920551ed614edc519c5ae3b6486018fff08da5,1359716,,,,,,,,,,,,,,,,,,,,,,,,,,,,,,,,,,,,,,,,,,,,,,,,,,,,,,,,,,,,,TN,TN
autoland,4769114,12,1a03ada32d4ae63ebeeb4561891b61c1e6e17a68,windows10-64-shippable-qr,True,False,,,102210fe594ee9b33d82058545b1ed14f4c8206e,browser-toolbox.close-process.DAMP,damp,True,damp browser-toolbox.close-process.DAMP opt e10s fission stylo webrender-sw,4768818,77,ms,firefox,443416555.0,1826340298,2024-01-12 21:28:35,69.63025768262014,8e70294b2d7dc6e2a371ab002e948572713621b8,1359723,,,,,,,,,,,,,,,,,,,,,,,,,,,,,,,,,,,,,,,,,,,,,,,,,,,,,,,,,,,,,TN,TN
autoland,4769114,12,1a03ada32d4ae63ebeeb4561891b61c1e6e17a68,windows10-64-shippable-qr,True,False,,,102210fe594ee9b33d82058545b1ed14f4c8206e,browser-toolbox.close-process.DAMP,damp,True,damp browser-toolbox.close-process.DAMP opt e10s fission stylo webrender-sw,4768818,77,ms,firefox,443416553.0,1826340524,2024-01-12 21:39:21,70.71930526389042,2721a604018b3f2a0aaae2205e11d861c223696f,1359734,,,,,,,,,,,,,,,,,,,,,,,,,,,,,,,,,,,,,,,,,,,,,,,,,,,,,,,,,,,,,TN,TN
autoland,4769114,12,1a03ada32d4ae63ebeeb4561891b61c1e6e17a68,windows10-64-shippable-qr,True,False,,,102210fe594ee9b33d82058545b1ed14f4c8206e,browser-toolbox.close-process.DAMP,damp,True,damp browser-toolbox.close-process.DAMP opt e10s fission stylo webrender-sw,4768818,77,ms,firefox,443416554.0,1826340354,2024-01-12 22:22:32,70.1465719716798,941c30d075424ce679789d63701ca84aa524da86,1359751,,,,,,,,,,,,,,,,,,,,,,,,,,,,,,,,,,,,,,,,,,,,,,,,,,,,,,,,,,,,,TN,TN
autoland,4769114,12,1a03ada32d4ae63ebeeb4561891b61c1e6e17a68,windows10-64-shippable-qr,True,False,,,102210fe594ee9b33d82058545b1ed14f4c8206e,browser-toolbox.close-process.DAMP,damp,True,damp browser-toolbox.close-process.DAMP opt e10s fission stylo webrender-sw,4768818,77,ms,firefox,443416622.0,1826341208,2024-01-12 22:24:41,70.75714334963413,e9c1463b56151bf940fe442f91aeabc8a811573d,1359754,,,,,,,,,,,,,,,,,,,,,,,,,,,,,,,,,,,,,,,,,,,,,,,,,,,,,,,,,,,,,TN,TN
autoland,4769114,12,1a03ada32d4ae63ebeeb4561891b61c1e6e17a68,windows10-64-shippable-qr,True,False,,,102210fe594ee9b33d82058545b1ed14f4c8206e,browser-toolbox.close-process.DAMP,damp,True,damp browser-toolbox.close-process.DAMP opt e10s fission stylo webrender-sw,4768818,77,ms,firefox,443420804.0,1826355786,2024-01-12 22:25:22,69.57710470579332,bafa13990fe4141d9141f2590d6a01b071e6e3c5,1359755,,,,,,,,,,,,,,,,,,,,,,,,,,,,,,,,,,,,,,,,,,,,,,,,,,,,,,,,,,,,,TN,TN
autoland,4769114,12,1a03ada32d4ae63ebeeb4561891b61c1e6e17a68,windows10-64-shippable-qr,True,False,,,102210fe594ee9b33d82058545b1ed14f4c8206e,browser-toolbox.close-process.DAMP,damp,True,damp browser-toolbox.close-process.DAMP opt e10s fission stylo webrender-sw,4768818,77,ms,firefox,443420779.0,1826354959,2024-01-12 22:26:04,71.42133027951058,1ed25455cf4cfc15e14ef53c114584551b89d6c3,1359756,,,,,,,,,,,,,,,,,,,,,,,,,,,,,,,,,,,,,,,,,,,,,,,,,,,,,,,,,,,,,TN,TN
autoland,4769114,12,1a03ada32d4ae63ebeeb4561891b61c1e6e17a68,windows10-64-shippable-qr,True,False,,,102210fe594ee9b33d82058545b1ed14f4c8206e,browser-toolbox.close-process.DAMP,damp,True,damp browser-toolbox.close-process.DAMP opt e10s fission stylo webrender-sw,4768818,77,ms,firefox,443420808.0,1826356134,2024-01-12 22:33:30,68.8396830928832,a3fbd525f3f0fc3f573bc3043ef826cc01f5d727,1359760,,,,,,,,,,,,,,,,,,,,,,,,,,,,,,,,,,,,,,,,,,,,,,,,,,,,,,,,,,,,,TN,TN
autoland,4769114,12,1a03ada32d4ae63ebeeb4561891b61c1e6e17a68,windows10-64-shippable-qr,True,False,,,102210fe594ee9b33d82058545b1ed14f4c8206e,browser-toolbox.close-process.DAMP,damp,True,damp browser-toolbox.close-process.DAMP opt e10s fission stylo webrender-sw,4768818,77,ms,firefox,443184987.0,1825304077,2024-01-12 23:40:01,74.97078187167062,53d4d65c33f1a556689dd9de738b173142e52749,1359778,,,,,,,,,,,,,,,,,,,,,,,,,,,,,,,,,,,,,,,,,,,,,,,,,,,,,,,,,,,,,TN,TN
autoland,4769114,12,1a03ada32d4ae63ebeeb4561891b61c1e6e17a68,windows10-64-shippable-qr,True,False,,,102210fe594ee9b33d82058545b1ed14f4c8206e,browser-toolbox.close-process.DAMP,damp,True,damp browser-toolbox.close-process.DAMP opt e10s fission stylo webrender-sw,4768818,77,ms,firefox,443438895.0,1826477377,2024-01-12 23:41:52,74.5627942935389,4e578a5fc01dc387b5804a387e9d3cc4751575fd,1359780,,,,,,,,,,,,,,,,,,,,,,,,,,,,,,,,,,,,,,,,,,,,,,,,,,,,,,,,,,,,,TN,TN
autoland,4769114,12,1a03ada32d4ae63ebeeb4561891b61c1e6e17a68,windows10-64-shippable-qr,True,False,,,102210fe594ee9b33d82058545b1ed14f4c8206e,browser-toolbox.close-process.DAMP,damp,True,damp browser-toolbox.close-process.DAMP opt e10s fission stylo webrender-sw,4768818,77,ms,firefox,443438484.0,1826477209,2024-01-13 01:39:14,77.06673884729389,ebdd80f675b6fb73cbc18abe9e3128e59c4ad75a,1359808,,,,,,,,,,,,,,,,,,,,,,,,,,,,,,,,,,,,,,,,,,,,,,,,,,,,,,,,,,,,,TN,TN
autoland,4769114,12,1a03ada32d4ae63ebeeb4561891b61c1e6e17a68,windows10-64-shippable-qr,True,False,,,102210fe594ee9b33d82058545b1ed14f4c8206e,browser-toolbox.close-process.DAMP,damp,True,damp browser-toolbox.close-process.DAMP opt e10s fission stylo webrender-sw,4768818,77,ms,firefox,443437776.0,1826477091,2024-01-13 02:22:47,78.23844543012092,a7c2f01855a64f65fdaa5c9fccc0ffb7f188e64c,1359813,,,,,,,,,,,,,,,,,,,,,,,,,,,,,,,,,,,,,,,,,,,,,,,,,,,,,,,,,,,,,TN,TN
autoland,4769114,12,1a03ada32d4ae63ebeeb4561891b61c1e6e17a68,windows10-64-shippable-qr,True,False,,,102210fe594ee9b33d82058545b1ed14f4c8206e,browser-toolbox.close-process.DAMP,damp,True,damp browser-toolbox.close-process.DAMP opt e10s fission stylo webrender-sw,4768818,77,ms,firefox,443436856.0,1826477149,2024-01-13 07:03:24,75.59420129578211,b675cd1ecee69b4c0f5f0c1b2074f6c05ff76384,1359831,,,,,,,,,,,,,,,,,,,,,,,,,,,,,,,,,,,,,,,,,,,,,,,,,,,,,,,,,,,,,TN,TN
autoland,4769114,12,1a03ada32d4ae63ebeeb4561891b61c1e6e17a68,windows10-64-shippable-qr,True,False,,,102210fe594ee9b33d82058545b1ed14f4c8206e,browser-toolbox.close-process.DAMP,damp,True,damp browser-toolbox.close-process.DAMP opt e10s fission stylo webrender-sw,4768818,77,ms,firefox,443439001.0,1826477595,2024-01-13 08:04:38,70.78808391886196,3d4152f6f05dd87e7a8c7ce948c0d4e52fbd6999,1359838,,,,,,,,,,,,,,,,,,,,,,,,,,,,,,,,,,,,,,,,,,,,,,,,,,,,,,,,,,,,,TN,TN
autoland,4769114,12,1a03ada32d4ae63ebeeb4561891b61c1e6e17a68,windows10-64-shippable-qr,True,False,,,102210fe594ee9b33d82058545b1ed14f4c8206e,browser-toolbox.close-process.DAMP,damp,True,damp browser-toolbox.close-process.DAMP opt e10s fission stylo webrender-sw,4768818,77,ms,firefox,443207914.0,1825485025,2024-01-13 08:47:40,74.24661798572197,1c1cef3dae75411dbe9bc03547274f506cade636,1359844,,,,,,,,,,,,,,,,,,,,,,,,,,,,,,,,,,,,,,,,,,,,,,,,,,,,,,,,,,,,,TN,TN
autoland,4769114,12,1a03ada32d4ae63ebeeb4561891b61c1e6e17a68,windows10-64-shippable-qr,True,False,,,102210fe594ee9b33d82058545b1ed14f4c8206e,browser-toolbox.close-process.DAMP,damp,True,damp browser-toolbox.close-process.DAMP opt e10s fission stylo webrender-sw,4768818,77,ms,firefox,443229737.0,1825527765,2024-01-13 14:38:07,70.84584318078123,9e96d1447f6c77f15bcd1c7fa432cefae4418038,1359886,,,,,,,,,,,,,,,,,,,,,,,,,,,,,,,,,,,,,,,,,,,,,,,,,,,,,,,,,,,,,TN,TN
autoland,4769114,12,1a03ada32d4ae63ebeeb4561891b61c1e6e17a68,windows10-64-shippable-qr,True,False,,,102210fe594ee9b33d82058545b1ed14f4c8206e,browser-toolbox.close-process.DAMP,damp,True,damp browser-toolbox.close-process.DAMP opt e10s fission stylo webrender-sw,4768818,77,ms,firefox,443249448.0,1825617842,2024-01-13 23:22:39,75.4739844044525,05b08c9f9a5822b969513dda16d5f55e322ade4f,1359908,,,,,,,,,,,,,,,,,,,,,,,,,,,,,,,,,,,,,,,,,,,,,,,,,,,,,,,,,,,,,TN,TN
autoland,4769114,12,1a03ada32d4ae63ebeeb4561891b61c1e6e17a68,windows10-64-shippable-qr,True,False,,,102210fe594ee9b33d82058545b1ed14f4c8206e,browser-toolbox.close-process.DAMP,damp,True,damp browser-toolbox.close-process.DAMP opt e10s fission stylo webrender-sw,4768818,77,ms,firefox,443275571.0,1825770111,2024-01-14 13:25:52,76.11617763817776,b24d63d72f77a64fe5d8bce6420b88e7e0c4d9da,1359942,,,,,,,,,,,,,,,,,,,,,,,,,,,,,,,,,,,,,,,,,,,,,,,,,,,,,,,,,,,,,TN,TN
autoland,4769114,12,1a03ada32d4ae63ebeeb4561891b61c1e6e17a68,windows10-64-shippable-qr,True,False,,,102210fe594ee9b33d82058545b1ed14f4c8206e,browser-toolbox.close-process.DAMP,damp,True,damp browser-toolbox.close-process.DAMP opt e10s fission stylo webrender-sw,4768818,77,ms,firefox,443301274.0,1825867792,2024-01-15 05:08:04,71.20170693771797,de4567bec5231630b24dbc8a0f117c108e274afc,1360013,,,,,,,,,,,,,,,,,,,,,,,,,,,,,,,,,,,,,,,,,,,,,,,,,,,,,,,,,,,,,TN,TN
autoland,4769114,12,1a03ada32d4ae63ebeeb4561891b61c1e6e17a68,windows10-64-shippable-qr,True,False,,,102210fe594ee9b33d82058545b1ed14f4c8206e,browser-toolbox.close-process.DAMP,damp,True,damp browser-toolbox.close-process.DAMP opt e10s fission stylo webrender-sw,4768818,77,ms,firefox,443302955.0,1825888139,2024-01-15 06:43:10,70.05051053251373,fed0bf16c40eba956c10bb3214420acaf75ee212,1360023,,,,,,,,,,,,,,,,,,,,,,,,,,,,,,,,,,,,,,,,,,,,,,,,,,,,,,,,,,,,,TN,TN
autoland,4769114,12,1a03ada32d4ae63ebeeb4561891b61c1e6e17a68,windows10-64-shippable-qr,True,False,,,102210fe594ee9b33d82058545b1ed14f4c8206e,browser-toolbox.close-process.DAMP,damp,True,damp browser-toolbox.close-process.DAMP opt e10s fission stylo webrender-sw,4768818,77,ms,firefox,443334651.0,1826009320,2024-01-15 11:02:38,75.15405218779051,43598f45eee98e83ea2f55ce9a36e000770cf985,1360080,,,,,,,,,,,,,,,,,,,,,,,,,,,,,,,,,,,,,,,,,,,,,,,,,,,,,,,,,,,,,TN,TN
autoland,4769114,12,1a03ada32d4ae63ebeeb4561891b61c1e6e17a68,windows10-64-shippable-qr,True,False,,,102210fe594ee9b33d82058545b1ed14f4c8206e,browser-toolbox.close-process.DAMP,damp,True,damp browser-toolbox.close-process.DAMP opt e10s fission stylo webrender-sw,4768818,77,ms,firefox,443343693.0,1826046886,2024-01-15 13:01:22,69.6975003148691,253b1ef032b4e35683449c7af5d9effaa417e813,1360125,,,,,,,,,,,,,,,,,,,,,,,,,,,,,,,,,,,,,,,,,,,,,,,,,,,,,,,,,,,,,TN,TN
autoland,4769114,12,1a03ada32d4ae63ebeeb4561891b61c1e6e17a68,windows10-64-shippable-qr,True,False,,,102210fe594ee9b33d82058545b1ed14f4c8206e,browser-toolbox.close-process.DAMP,damp,True,damp browser-toolbox.close-process.DAMP opt e10s fission stylo webrender-sw,4768818,77,ms,firefox,443671374.0,1827430663,2024-01-15 16:20:48,69.65212677934323,6096a74f73551d79343f2d0ee31253d5520d3b83,1360269,,,,,,,,,,,,,,,,,,,,,,,,,,,,,,,,,,,,,,,,,,,,,,,,,,,,,,,,,,,,,TN,TN
autoland,4769114,12,1a03ada32d4ae63ebeeb4561891b61c1e6e17a68,windows10-64-shippable-qr,True,False,,,102210fe594ee9b33d82058545b1ed14f4c8206e,browser-toolbox.close-process.DAMP,damp,True,damp browser-toolbox.close-process.DAMP opt e10s fission stylo webrender-sw,4768818,77,ms,firefox,443671371.0,1827430727,2024-01-15 16:21:33,70.64521182964745,1ec7a77be89027830183bb1c0c458fff23cb971e,1360271,,,,,,,,,,,,,,,,,,,,,,,,,,,,,,,,,,,,,,,,,,,,,,,,,,,,,,,,,,,,,TN,TN
autoland,4769114,12,1a03ada32d4ae63ebeeb4561891b61c1e6e17a68,windows10-64-shippable-qr,True,False,,,102210fe594ee9b33d82058545b1ed14f4c8206e,browser-toolbox.close-process.DAMP,damp,True,damp browser-toolbox.close-process.DAMP opt e10s fission stylo webrender-sw,4768818,77,ms,firefox,443671376.0,1827430978,2024-01-15 16:22:20,69.46076206018915,0904bcf23e5126aef34b2af574d16e6e07a34252,1360272,,,,,,,,,,,,,,,,,,,,,,,,,,,,,,,,,,,,,,,,,,,,,,,,,,,,,,,,,,,,,TN,TN
autoland,4769114,12,1a03ada32d4ae63ebeeb4561891b61c1e6e17a68,windows10-64-shippable-qr,True,False,,,102210fe594ee9b33d82058545b1ed14f4c8206e,browser-toolbox.close-process.DAMP,damp,True,damp browser-toolbox.close-process.DAMP opt e10s fission stylo webrender-sw,4768818,77,ms,firefox,443671377.0,1827430783,2024-01-15 16:23:07,68.79745802801335,e897062ebdcd48b69423ceed7f7d09fd46920ba8,1360273,,,,,,,,,,,,,,,,,,,,,,,,,,,,,,,,,,,,,,,,,,,,,,,,,,,,,,,,,,,,,TN,TN
autoland,4769114,12,1a03ada32d4ae63ebeeb4561891b61c1e6e17a68,windows10-64-shippable-qr,True,False,,,102210fe594ee9b33d82058545b1ed14f4c8206e,browser-toolbox.close-process.DAMP,damp,True,damp browser-toolbox.close-process.DAMP opt e10s fission stylo webrender-sw,4768818,77,ms,firefox,443671381.0,1827431044,2024-01-15 16:23:50,70.22229716400034,43614fc2c912570dc1920d7f1d8f8d28af331b2a,1360275,,,,,,,,,,,,,,,,,,,,,,,,,,,,,,,,,,,,,,,,,,,,,,,,,,,,,,,,,,,,,TN,TN
autoland,4769114,12,1a03ada32d4ae63ebeeb4561891b61c1e6e17a68,windows10-64-shippable-qr,True,False,,,102210fe594ee9b33d82058545b1ed14f4c8206e,browser-toolbox.close-process.DAMP,damp,True,damp browser-toolbox.close-process.DAMP opt e10s fission stylo webrender-sw,4768818,77,ms,firefox,443671395.0,1827431460,2024-01-15 16:24:35,69.91468727770916,3f58e5011a6574ebd29cb063a2e8833c5c27f327,1360276,,,,,,,,,,,,,,,,,,,,,,,,,,,,,,,,,,,,,,,,,,,,,,,,,,,,,,,,,,,,,TN,TN
autoland,4769114,12,1a03ada32d4ae63ebeeb4561891b61c1e6e17a68,windows10-64-shippable-qr,True,False,,,102210fe594ee9b33d82058545b1ed14f4c8206e,browser-toolbox.close-process.DAMP,damp,True,damp browser-toolbox.close-process.DAMP opt e10s fission stylo webrender-sw,4768818,77,ms,firefox,443671398.0,1827431340,2024-01-15 16:25:19,71.3805897552229,c99a236b215f1a49f9abf0d88cc6217ddc6d0623,1360277,,,,,,,,,,,,,,,,,,,,,,,,,,,,,,,,,,,,,,,,,,,,,,,,,,,,,,,,,,,,,TN,TN
autoland,4769114,12,1a03ada32d4ae63ebeeb4561891b61c1e6e17a68,windows10-64-shippable-qr,True,False,,,102210fe594ee9b33d82058545b1ed14f4c8206e,browser-toolbox.close-process.DAMP,damp,True,damp browser-toolbox.close-process.DAMP opt e10s fission stylo webrender-sw,4768818,77,ms,firefox,443671411.0,1827431550,2024-01-15 16:26:09,70.48927069683123,dc36bc5a45acf968a84adb6249e9193a2307c43e,1360279,,,,,,,,,,,,,,,,,,,,,,,,,,,,,,,,,,,,,,,,,,,,,,,,,,,,,,,,,,,,,TN,TN
autoland,4769114,12,1a03ada32d4ae63ebeeb4561891b61c1e6e17a68,windows10-64-shippable-qr,True,False,,,102210fe594ee9b33d82058545b1ed14f4c8206e,browser-toolbox.close-process.DAMP,damp,True,damp browser-toolbox.close-process.DAMP opt e10s fission stylo webrender-sw,4768818,77,ms,firefox,443671949.0,1827433803,2024-01-15 16:26:58,70.61934282374568,a43b29cb8981c0246377890a58bcb510ca5c8179,1360280,,,,,,,,,,,,,,,,,,,,,,,,,,,,,,,,,,,,,,,,,,,,,,,,,,,,,,,,,,,,,TN,TN
autoland,4769114,12,1a03ada32d4ae63ebeeb4561891b61c1e6e17a68,windows10-64-shippable-qr,True,False,,,102210fe594ee9b33d82058545b1ed14f4c8206e,browser-toolbox.close-process.DAMP,damp,True,damp browser-toolbox.close-process.DAMP opt e10s fission stylo webrender-sw,4768818,77,ms,firefox,443369619.0,1826207610,2024-01-15 16:45:21,75.27001187155838,a9ede7f8216422a86a2b25e0696d884c8a069b78,1360291,,,,,,,,,,,,,,,,,,,,,,,,,,,,,,,,,,,,,,,,,,,,,,,,,,,,,,,,,,,,,TN,TN
autoland,4769114,12,1a03ada32d4ae63ebeeb4561891b61c1e6e17a68,windows10-64-shippable-qr,True,False,,,102210fe594ee9b33d82058545b1ed14f4c8206e,browser-toolbox.close-process.DAMP,damp,True,damp browser-toolbox.close-process.DAMP opt e10s fission stylo webrender-sw,4768818,77,ms,firefox,443764313.0,1827956659,2024-01-15 18:21:58,75.05515938194003,62232a8766349abcac6f524710639f9b3da917a2,1360344,,,,,,,,,,,,,,,,,,,,,,,,,,,,,,,,,,,,,,,,,,,,,,,,,,,,,,,,,,,,,TN,TN
autoland,4769114,12,1a03ada32d4ae63ebeeb4561891b61c1e6e17a68,windows10-64-shippable-qr,True,False,,,102210fe594ee9b33d82058545b1ed14f4c8206e,browser-toolbox.close-process.DAMP,damp,True,damp browser-toolbox.close-process.DAMP opt e10s fission stylo webrender-sw,4768818,77,ms,firefox,443671394.0,1827431327,2024-01-15 18:23:23,69.19681180961197,36e9f88661911b6950bfc3bbe00cba7bffd4b7c2,1360345,,,,,,,,,,,,,,,,,,,,,,,,,,,,,,,,,,,,,,,,,,,,,,,,,,,,,,,,,,,,,TN,TN
autoland,4769114,12,1a03ada32d4ae63ebeeb4561891b61c1e6e17a68,windows10-64-shippable-qr,True,False,,,102210fe594ee9b33d82058545b1ed14f4c8206e,browser-toolbox.close-process.DAMP,damp,True,damp browser-toolbox.close-process.DAMP opt e10s fission stylo webrender-sw,4768818,77,ms,firefox,443671412.0,1827431154,2024-01-15 18:38:43,69.05216283900882,9fa106ff483eec6f67f8b702256d40a5f3336c07,1360353,,,,,,,,,,,,,,,,,,,,,,,,,,,,,,,,,,,,,,,,,,,,,,,,,,,,,,,,,,,,,TN,TN
autoland,4769114,12,1a03ada32d4ae63ebeeb4561891b61c1e6e17a68,windows10-64-shippable-qr,True,False,,,102210fe594ee9b33d82058545b1ed14f4c8206e,browser-toolbox.close-process.DAMP,damp,True,damp browser-toolbox.close-process.DAMP opt e10s fission stylo webrender-sw,4768818,77,ms,firefox,443671420.0,1827431851,2024-01-15 19:00:09,68.17859103084629,b65b9b0a92a3c479d24de09f007ea31c5a44a962,1360368,,,,,,,,,,,,,,,,,,,,,,,,,,,,,,,,,,,,,,,,,,,,,,,,,,,,,,,,,,,,,TN,TN
autoland,4769114,12,1a03ada32d4ae63ebeeb4561891b61c1e6e17a68,windows10-64-shippable-qr,True,False,,,102210fe594ee9b33d82058545b1ed14f4c8206e,browser-toolbox.close-process.DAMP,damp,True,damp browser-toolbox.close-process.DAMP opt e10s fission stylo webrender-sw,4768818,77,ms,firefox,443671953.0,1827433799,2024-01-15 19:33:15,70.45967320777709,d84b730f202a4386446818b369ee299fa8720011,1360382,,,,,,,,,,,,,,,,,,,,,,,,,,,,,,,,,,,,,,,,,,,,,,,,,,,,,,,,,,,,,TN,TN
autoland,4769114,12,1a03ada32d4ae63ebeeb4561891b61c1e6e17a68,windows10-64-shippable-qr,True,False,,,102210fe594ee9b33d82058545b1ed14f4c8206e,browser-toolbox.close-process.DAMP,damp,True,damp browser-toolbox.close-process.DAMP opt e10s fission stylo webrender-sw,4768818,77,ms,firefox,443671448.0,1827431960,2024-01-15 19:38:19,69.62165306114184,f23204fe8592425c9995a3a5e1c2f6b0c688a978,1360385,,,,,,,,,,,,,,,,,,,,,,,,,,,,,,,,,,,,,,,,,,,,,,,,,,,,,,,,,,,,,TN,TN
autoland,4769114,12,1a03ada32d4ae63ebeeb4561891b61c1e6e17a68,windows10-64-shippable-qr,True,False,,,102210fe594ee9b33d82058545b1ed14f4c8206e,browser-toolbox.close-process.DAMP,damp,True,damp browser-toolbox.close-process.DAMP opt e10s fission stylo webrender-sw,4768818,77,ms,firefox,443671479.0,1827431793,2024-01-15 19:42:24,70.41349468391854,62effcacb4ba20d21b564a73460f1c195e17606e,1360390,,,,,,,,,,,,,,,,,,,,,,,,,,,,,,,,,,,,,,,,,,,,,,,,,,,,,,,,,,,,,TN,TN
autoland,4769114,12,1a03ada32d4ae63ebeeb4561891b61c1e6e17a68,windows10-64-shippable-qr,True,False,,,102210fe594ee9b33d82058545b1ed14f4c8206e,browser-toolbox.close-process.DAMP,damp,True,damp browser-toolbox.close-process.DAMP opt e10s fission stylo webrender-sw,4768818,77,ms,firefox,443671483.0,1827433953,2024-01-15 19:50:34,69.06493360205786,aab193b6c38a9153726713c48e1bd15e7255d320,1360397,,,,,,,,,,,,,,,,,,,,,,,,,,,,,,,,,,,,,,,,,,,,,,,,,,,,,,,,,,,,,TN,TN
autoland,4769114,12,1a03ada32d4ae63ebeeb4561891b61c1e6e17a68,windows10-64-shippable-qr,True,False,,,102210fe594ee9b33d82058545b1ed14f4c8206e,browser-toolbox.close-process.DAMP,damp,True,damp browser-toolbox.close-process.DAMP opt e10s fission stylo webrender-sw,4768818,77,ms,firefox,443671493.0,1827432822,2024-01-15 19:54:49,70.34403333869705,c7e569a304262d0f68ee001a511e451f3dd4bba6,1360402,,,,,,,,,,,,,,,,,,,,,,,,,,,,,,,,,,,,,,,,,,,,,,,,,,,,,,,,,,,,,TN,TN
autoland,4769114,12,1a03ada32d4ae63ebeeb4561891b61c1e6e17a68,windows10-64-shippable-qr,True,False,,,102210fe594ee9b33d82058545b1ed14f4c8206e,browser-toolbox.close-process.DAMP,damp,True,damp browser-toolbox.close-process.DAMP opt e10s fission stylo webrender-sw,4768818,77,ms,firefox,443672451.0,1827448896,2024-01-15 20:02:03,73.63645983023162,82efe64cc658982ae3b2c5979dcd2f77af534c5d,1360410,,,,,,,,,,,,,,,,,,,,,,,,,,,,,,,,,,,,,,,,,,,,,,,,,,,,,,,,,,,,,TN,TN
autoland,4769114,12,1a03ada32d4ae63ebeeb4561891b61c1e6e17a68,windows10-64-shippable-qr,True,False,,,102210fe594ee9b33d82058545b1ed14f4c8206e,browser-toolbox.close-process.DAMP,damp,True,damp browser-toolbox.close-process.DAMP opt e10s fission stylo webrender-sw,4768818,77,ms,firefox,443406723.0,1826300488,2024-01-15 21:04:35,74.12507807996008,8a68c5a8cac8300a140767d36eaed293e8f2664c,1360446,74.52,mozilla-ldap/nchevobbe@mozilla.com,82efe64cc658982ae3b2c5979dcd2f77af534c5d,41055.0,5.3,,70.78,2024-01-29 08:27:00.168675,False,12.0,12.0,,,0.0,1360410.0,3.0,1360446.0,3.0,,1a03ada32d4ae63ebeeb4561891b61c1e6e17a68,dkOIj1-tRTCsGoHjoAjomw,windows10-64-shippable-qr,,autoland,2024-01-25 05:05:30.412076,,1.0,3.75,187503.0,ms,AjZRHzteTXOj_SNLwai6rA,"(5,)",41055.0,102210fe594ee9b33d82058545b1ed14f4c8206e,0.0,True,False,nchevobbe@mozilla.com,"(0,)","(4,)",,2024-01-18 05:05:30.412076,,,browser-toolbox.close-process.DAMP,MODAL,True,8a68c5a8cac8300a140767d36eaed293e8f2664c,,,,"('[{""perf_datum_id"": 1827432822, ""value"": 70.34403333869705, ""job_id"": 443671493, ""push_id"": 1360402, ""push_timestamp"": ""2024-01-15T19:54:49"", ""push__revision"": ""c7e569a304262d0f68ee001a511e451f3dd4bba6""}, {""perf_datum_id"": 1827448896, ""value"": 73.63645983023162, ""job_id"": 443672451, ""push_id"": 1360410, ""push_timestamp"": ""2024-01-15T20:02:03"", ""push__revision"": ""82efe64cc658982ae3b2c5979dcd2f77af534c5d""}, {""perf_datum_id"": 1826300488, ""value"": 74.12507807996008, ""job_id"": 443406723, ""push_id"": 1360446, ""push_timestamp"": ""2024-01-15T21:04:35"", ""push__revision"": ""8a68c5a8cac8300a140767d36eaed293e8f2664c""}, {""perf_datum_id"": 1827754615, ""value"": 76.61518107568554, ""job_id"": 443727023, ""push_id"": 1360459, ""push_timestamp"": ""2024-01-15T21:18:54"", ""push__revision"": ""43ba8824f44178474f90e62b5ad84e47c1d7cd14""}, {""perf_datum_id"": 1827771225, ""value"": 74.36080093334022, ""job_id"": 443728178, ""push_id"": 1360460, ""push_timestamp"": ""2024-01-15T21:19:40"", ""push__revision"": ""47f75ac9d8c423c627d47e8fa12a8d2eee2ba892""}]',)",False,"(0,)",7.22,damp,"e10s, fission, stylo, webrender-sw","(3,)",,2024-01-23 05:05:30.412076,FP,FP
autoland,4769114,12,1a03ada32d4ae63ebeeb4561891b61c1e6e17a68,windows10-64-shippable-qr,True,False,,,102210fe594ee9b33d82058545b1ed14f4c8206e,browser-toolbox.close-process.DAMP,damp,True,damp browser-toolbox.close-process.DAMP opt e10s fission stylo webrender-sw,4768818,77,ms,firefox,443727023.0,1827754615,2024-01-15 21:18:54,76.61518107568554,43ba8824f44178474f90e62b5ad84e47c1d7cd14,1360459,,,,,,,,,,,,,,,,,,,,,,,,,,,,,,,,,,,,,,,,,,,,,,,,,,,,,,,,,,,,,TN,TN
autoland,4769114,12,1a03ada32d4ae63ebeeb4561891b61c1e6e17a68,windows10-64-shippable-qr,True,False,,,102210fe594ee9b33d82058545b1ed14f4c8206e,browser-toolbox.close-process.DAMP,damp,True,damp browser-toolbox.close-process.DAMP opt e10s fission stylo webrender-sw,4768818,77,ms,firefox,443728178.0,1827771225,2024-01-15 21:19:40,74.36080093334022,47f75ac9d8c423c627d47e8fa12a8d2eee2ba892,1360460,,,,,,,,,,,,,,,,,,,,,,,,,,,,,,,,,,,,,,,,,,,,,,,,,,,,,,,,,,,,,TN,TN
autoland,4769114,12,1a03ada32d4ae63ebeeb4561891b61c1e6e17a68,windows10-64-shippable-qr,True,False,,,102210fe594ee9b33d82058545b1ed14f4c8206e,browser-toolbox.close-process.DAMP,damp,True,damp browser-toolbox.close-process.DAMP opt e10s fission stylo webrender-sw,4768818,77,ms,firefox,443727343.0,1827761033,2024-01-15 21:30:30,75.98897903125908,85329e0f00280a987daa1ec26e8729b93194969c,1360465,,,,,,,,,,,,,,,,,,,,,,,,,,,,,,,,,,,,,,,,,,,,,,,,,,,,,,,,,,,,,TN,TN
autoland,4769114,12,1a03ada32d4ae63ebeeb4561891b61c1e6e17a68,windows10-64-shippable-qr,True,False,,,102210fe594ee9b33d82058545b1ed14f4c8206e,browser-toolbox.close-process.DAMP,damp,True,damp browser-toolbox.close-process.DAMP opt e10s fission stylo webrender-sw,4768818,77,ms,firefox,443727100.0,1827757842,2024-01-15 21:31:38,74.18420466074895,d8768bf47f8e58b1bc1716a395448f803dc74e3f,1360466,,,,,,,,,,,,,,,,,,,,,,,,,,,,,,,,,,,,,,,,,,,,,,,,,,,,,,,,,,,,,TN,TN
autoland,4769114,12,1a03ada32d4ae63ebeeb4561891b61c1e6e17a68,windows10-64-shippable-qr,True,False,,,102210fe594ee9b33d82058545b1ed14f4c8206e,browser-toolbox.close-process.DAMP,damp,True,damp browser-toolbox.close-process.DAMP opt e10s fission stylo webrender-sw,4768818,77,ms,firefox,443727112.0,1827759176,2024-01-15 21:38:32,72.72537056874717,45dda422fbf17825269341d43195e5219d9a522f,1360470,,,,,,,,,,,,,,,,,,,,,,,,,,,,,,,,,,,,,,,,,,,,,,,,,,,,,,,,,,,,,TN,TN
autoland,4769114,12,1a03ada32d4ae63ebeeb4561891b61c1e6e17a68,windows10-64-shippable-qr,True,False,,,102210fe594ee9b33d82058545b1ed14f4c8206e,browser-toolbox.close-process.DAMP,damp,True,damp browser-toolbox.close-process.DAMP opt e10s fission stylo webrender-sw,4768818,77,ms,firefox,443727147.0,1827760812,2024-01-15 21:54:24,74.56283770638402,3116793fe4c31e33bf22dea10ff07fa7c72375dd,1360474,,,,,,,,,,,,,,,,,,,,,,,,,,,,,,,,,,,,,,,,,,,,,,,,,,,,,,,,,,,,,TN,TN
autoland,4769114,12,1a03ada32d4ae63ebeeb4561891b61c1e6e17a68,windows10-64-shippable-qr,True,False,,,102210fe594ee9b33d82058545b1ed14f4c8206e,browser-toolbox.close-process.DAMP,damp,True,damp browser-toolbox.close-process.DAMP opt e10s fission stylo webrender-sw,4768818,77,ms,firefox,443727130.0,1827759917,2024-01-15 22:18:03,73.36824718820571,57068266856a0a75b297c27f0ec1d4021da6ab9f,1360480,,,,,,,,,,,,,,,,,,,,,,,,,,,,,,,,,,,,,,,,,,,,,,,,,,,,,,,,,,,,,TN,TN
autoland,4769114,12,1a03ada32d4ae63ebeeb4561891b61c1e6e17a68,windows10-64-shippable-qr,True,False,,,102210fe594ee9b33d82058545b1ed14f4c8206e,browser-toolbox.close-process.DAMP,damp,True,damp browser-toolbox.close-process.DAMP opt e10s fission stylo webrender-sw,4768818,77,ms,firefox,443727225.0,1827760902,2024-01-15 22:23:33,76.42315495714138,797609b76209f6bdf0d5a4cbbaaf2fc70ab9daf1,1360481,,,,,,,,,,,,,,,,,,,,,,,,,,,,,,,,,,,,,,,,,,,,,,,,,,,,,,,,,,,,,TN,TN
autoland,4769114,12,1a03ada32d4ae63ebeeb4561891b61c1e6e17a68,windows10-64-shippable-qr,True,False,,,102210fe594ee9b33d82058545b1ed14f4c8206e,browser-toolbox.close-process.DAMP,damp,True,damp browser-toolbox.close-process.DAMP opt e10s fission stylo webrender-sw,4768818,77,ms,firefox,443727057.0,1827755694,2024-01-15 22:27:32,72.5001399468456,317e624e81fc3bffff660e3af24c812d4a5fe528,1360485,,,,,,,,,,,,,,,,,,,,,,,,,,,,,,,,,,,,,,,,,,,,,,,,,,,,,,,,,,,,,TN,TN
autoland,4769114,12,1a03ada32d4ae63ebeeb4561891b61c1e6e17a68,windows10-64-shippable-qr,True,False,,,102210fe594ee9b33d82058545b1ed14f4c8206e,browser-toolbox.close-process.DAMP,damp,True,damp browser-toolbox.close-process.DAMP opt e10s fission stylo webrender-sw,4768818,77,ms,firefox,443679219.0,1827481767,2024-01-15 22:29:26,75.87200530842529,661a07435d8332e5c07ec39b88b21abd46ea5372,1360487,,,,,,,,,,,,,,,,,,,,,,,,,,,,,,,,,,,,,,,,,,,,,,,,,,,,,,,,,,,,,TN,TN
autoland,4769114,12,1a03ada32d4ae63ebeeb4561891b61c1e6e17a68,windows10-64-shippable-qr,True,False,,,102210fe594ee9b33d82058545b1ed14f4c8206e,browser-toolbox.close-process.DAMP,damp,True,damp browser-toolbox.close-process.DAMP opt e10s fission stylo webrender-sw,4768818,77,ms,firefox,443691950.0,1827536549,2024-01-15 22:31:04,74.70996008782822,1273e4d8d5f0c16474550cd05682e2eadbeab0d6,1360489,,,,,,,,,,,,,,,,,,,,,,,,,,,,,,,,,,,,,,,,,,,,,,,,,,,,,,,,,,,,,TN,TN
autoland,4769114,12,1a03ada32d4ae63ebeeb4561891b61c1e6e17a68,windows10-64-shippable-qr,True,False,,,102210fe594ee9b33d82058545b1ed14f4c8206e,browser-toolbox.close-process.DAMP,damp,True,damp browser-toolbox.close-process.DAMP opt e10s fission stylo webrender-sw,4768818,77,ms,firefox,443693182.0,1827543685,2024-01-15 22:31:04,73.3808765236754,1273e4d8d5f0c16474550cd05682e2eadbeab0d6,1360489,,,,,,,,,,,,,,,,,,,,,,,,,,,,,,,,,,,,,,,,,,,,,,,,,,,,,,,,,,,,,TN,TN
autoland,4769114,12,1a03ada32d4ae63ebeeb4561891b61c1e6e17a68,windows10-64-shippable-qr,True,False,,,102210fe594ee9b33d82058545b1ed14f4c8206e,browser-toolbox.close-process.DAMP,damp,True,damp browser-toolbox.close-process.DAMP opt e10s fission stylo webrender-sw,4768818,77,ms,firefox,443693619.0,1827564124,2024-01-15 22:56:08,72.6815092129109,58cbfdc760aae5818d0408fce9355868b4df757d,1360498,,,,,,,,,,,,,,,,,,,,,,,,,,,,,,,,,,,,,,,,,,,,,,,,,,,,,,,,,,,,,TN,TN
autoland,4769114,12,1a03ada32d4ae63ebeeb4561891b61c1e6e17a68,windows10-64-shippable-qr,True,False,,,102210fe594ee9b33d82058545b1ed14f4c8206e,browser-toolbox.close-process.DAMP,damp,True,damp browser-toolbox.close-process.DAMP opt e10s fission stylo webrender-sw,4768818,77,ms,firefox,443687888.0,1827518365,2024-01-15 23:44:34,75.39685925922822,974c389fc056494143b96ecc14179caaa418b817,1360518,,,,,,,,,,,,,,,,,,,,,,,,,,,,,,,,,,,,,,,,,,,,,,,,,,,,,,,,,,,,,TN,TN
autoland,4769114,12,1a03ada32d4ae63ebeeb4561891b61c1e6e17a68,windows10-64-shippable-qr,True,False,,,102210fe594ee9b33d82058545b1ed14f4c8206e,browser-toolbox.close-process.DAMP,damp,True,damp browser-toolbox.close-process.DAMP opt e10s fission stylo webrender-sw,4768818,77,ms,firefox,443692680.0,1827541138,2024-01-15 23:53:50,73.40303813923674,4ff0931a06b4cd04193be862b56dec2d77c6b231,1360521,,,,,,,,,,,,,,,,,,,,,,,,,,,,,,,,,,,,,,,,,,,,,,,,,,,,,,,,,,,,,TN,TN
autoland,4769114,12,1a03ada32d4ae63ebeeb4561891b61c1e6e17a68,windows10-64-shippable-qr,True,False,,,102210fe594ee9b33d82058545b1ed14f4c8206e,browser-toolbox.close-process.DAMP,damp,True,damp browser-toolbox.close-process.DAMP opt e10s fission stylo webrender-sw,4768818,77,ms,firefox,443692935.0,1827542386,2024-01-15 23:53:50,69.13922633451875,4ff0931a06b4cd04193be862b56dec2d77c6b231,1360521,,,,,,,,,,,,,,,,,,,,,,,,,,,,,,,,,,,,,,,,,,,,,,,,,,,,,,,,,,,,,TN,TN
autoland,4769114,12,1a03ada32d4ae63ebeeb4561891b61c1e6e17a68,windows10-64-shippable-qr,True,False,,,102210fe594ee9b33d82058545b1ed14f4c8206e,browser-toolbox.close-process.DAMP,damp,True,damp browser-toolbox.close-process.DAMP opt e10s fission stylo webrender-sw,4768818,77,ms,firefox,443685435.0,1827512650,2024-01-16 00:11:35,75.75630868799635,1fb49a8e88c6a057640d42ded7cef3e9316db575,1360525,,,,,,,,,,,,,,,,,,,,,,,,,,,,,,,,,,,,,,,,,,,,,,,,,,,,,,,,,,,,,TN,TN
autoland,4769114,12,1a03ada32d4ae63ebeeb4561891b61c1e6e17a68,windows10-64-shippable-qr,True,False,,,102210fe594ee9b33d82058545b1ed14f4c8206e,browser-toolbox.close-process.DAMP,damp,True,damp browser-toolbox.close-process.DAMP opt e10s fission stylo webrender-sw,4768818,77,ms,firefox,443693679.0,1827563322,2024-01-16 00:11:35,74.36808884509082,1fb49a8e88c6a057640d42ded7cef3e9316db575,1360525,,,,,,,,,,,,,,,,,,,,,,,,,,,,,,,,,,,,,,,,,,,,,,,,,,,,,,,,,,,,,TN,TN
autoland,4769114,12,1a03ada32d4ae63ebeeb4561891b61c1e6e17a68,windows10-64-shippable-qr,True,False,,,102210fe594ee9b33d82058545b1ed14f4c8206e,browser-toolbox.close-process.DAMP,damp,True,damp browser-toolbox.close-process.DAMP opt e10s fission stylo webrender-sw,4768818,77,ms,firefox,443693069.0,1827542881,2024-01-16 00:14:17,69.31354782950075,4c89dad24c432e4ef7336e047875ba3e75b73520,1360527,,,,,,,,,,,,,,,,,,,,,,,,,,,,,,,,,,,,,,,,,,,,,,,,,,,,,,,,,,,,,TN,TN
autoland,4769114,12,1a03ada32d4ae63ebeeb4561891b61c1e6e17a68,windows10-64-shippable-qr,True,False,,,102210fe594ee9b33d82058545b1ed14f4c8206e,browser-toolbox.close-process.DAMP,damp,True,damp browser-toolbox.close-process.DAMP opt e10s fission stylo webrender-sw,4768818,77,ms,firefox,443692632.0,1827540682,2024-01-16 00:15:01,76.25997162157728,31553d8836d310ded4db1adda49f2f506c912db7,1360528,,,,,,,,,,,,,,,,,,,,,,,,,,,,,,,,,,,,,,,,,,,,,,,,,,,,,,,,,,,,,TN,TN
autoland,4769114,12,1a03ada32d4ae63ebeeb4561891b61c1e6e17a68,windows10-64-shippable-qr,True,False,,,102210fe594ee9b33d82058545b1ed14f4c8206e,browser-toolbox.close-process.DAMP,damp,True,damp browser-toolbox.close-process.DAMP opt e10s fission stylo webrender-sw,4768818,77,ms,firefox,443693520.0,1827545450,2024-01-16 00:15:01,75.22948681582056,31553d8836d310ded4db1adda49f2f506c912db7,1360528,,,,,,,,,,,,,,,,,,,,,,,,,,,,,,,,,,,,,,,,,,,,,,,,,,,,,,,,,,,,,TN,TN
autoland,4769114,12,1a03ada32d4ae63ebeeb4561891b61c1e6e17a68,windows10-64-shippable-qr,True,False,,,102210fe594ee9b33d82058545b1ed14f4c8206e,browser-toolbox.close-process.DAMP,damp,True,damp browser-toolbox.close-process.DAMP opt e10s fission stylo webrender-sw,4768818,77,ms,firefox,443692722.0,1827541034,2024-01-16 00:30:34,73.34362111473092,c4306475b0efecd7a0799795e1065b2803c05db5,1360531,,,,,,,,,,,,,,,,,,,,,,,,,,,,,,,,,,,,,,,,,,,,,,,,,,,,,,,,,,,,,TN,TN
autoland,4769114,12,1a03ada32d4ae63ebeeb4561891b61c1e6e17a68,windows10-64-shippable-qr,True,False,,,102210fe594ee9b33d82058545b1ed14f4c8206e,browser-toolbox.close-process.DAMP,damp,True,damp browser-toolbox.close-process.DAMP opt e10s fission stylo webrender-sw,4768818,77,ms,firefox,443692932.0,1827542182,2024-01-16 00:30:34,72.37613698115456,c4306475b0efecd7a0799795e1065b2803c05db5,1360531,,,,,,,,,,,,,,,,,,,,,,,,,,,,,,,,,,,,,,,,,,,,,,,,,,,,,,,,,,,,,TN,TN
autoland,4769114,12,1a03ada32d4ae63ebeeb4561891b61c1e6e17a68,windows10-64-shippable-qr,True,False,,,102210fe594ee9b33d82058545b1ed14f4c8206e,browser-toolbox.close-process.DAMP,damp,True,damp browser-toolbox.close-process.DAMP opt e10s fission stylo webrender-sw,4768818,77,ms,firefox,443424906.0,1826374113,2024-01-16 02:30:18,68.90528354451817,02d1a62ad90af487d859bc4971a43862dceeda6e,1360561,,,,,,,,,,,,,,,,,,,,,,,,,,,,,,,,,,,,,,,,,,,,,,,,,,,,,,,,,,,,,TN,TN
autoland,4769114,12,1a03ada32d4ae63ebeeb4561891b61c1e6e17a68,windows10-64-shippable-qr,True,False,,,102210fe594ee9b33d82058545b1ed14f4c8206e,browser-toolbox.close-process.DAMP,damp,True,damp browser-toolbox.close-process.DAMP opt e10s fission stylo webrender-sw,4768818,77,ms,firefox,443428801.0,1826399789,2024-01-16 03:41:09,67.87945875427977,70cdba288eb3585a65e68748b4aecfe615cf92e8,1360576,,,,,,,,,,,,,,,,,,,,,,,,,,,,,,,,,,,,,,,,,,,,,,,,,,,,,,,,,,,,,TN,TN
autoland,4769114,12,1a03ada32d4ae63ebeeb4561891b61c1e6e17a68,windows10-64-shippable-qr,True,False,,,102210fe594ee9b33d82058545b1ed14f4c8206e,browser-toolbox.close-process.DAMP,damp,True,damp browser-toolbox.close-process.DAMP opt e10s fission stylo webrender-sw,4768818,77,ms,firefox,443727761.0,1827771042,2024-01-16 04:41:30,73.87934350712749,6ddec14f722f6d4b52176e9dbbf4297d7a741018,1360587,,,,,,,,,,,,,,,,,,,,,,,,,,,,,,,,,,,,,,,,,,,,,,,,,,,,,,,,,,,,,TN,TN
autoland,4769114,12,1a03ada32d4ae63ebeeb4561891b61c1e6e17a68,windows10-64-shippable-qr,True,False,,,102210fe594ee9b33d82058545b1ed14f4c8206e,browser-toolbox.close-process.DAMP,damp,True,damp browser-toolbox.close-process.DAMP opt e10s fission stylo webrender-sw,4768818,77,ms,firefox,443727118.0,1827759287,2024-01-16 04:42:13,72.55419181441539,7a04f6521b76caecba94c2278172736b0825b221,1360588,,,,,,,,,,,,,,,,,,,,,,,,,,,,,,,,,,,,,,,,,,,,,,,,,,,,,,,,,,,,,TN,TN
autoland,4769114,12,1a03ada32d4ae63ebeeb4561891b61c1e6e17a68,windows10-64-shippable-qr,True,False,,,102210fe594ee9b33d82058545b1ed14f4c8206e,browser-toolbox.close-process.DAMP,damp,True,damp browser-toolbox.close-process.DAMP opt e10s fission stylo webrender-sw,4768818,77,ms,firefox,443727122.0,1827759344,2024-01-16 06:10:49,74.89127678143268,8b80895bf4a3bd55d159062a8741c771555285dd,1360600,,,,,,,,,,,,,,,,,,,,,,,,,,,,,,,,,,,,,,,,,,,,,,,,,,,,,,,,,,,,,TN,TN
autoland,4769114,12,1a03ada32d4ae63ebeeb4561891b61c1e6e17a68,windows10-64-shippable-qr,True,False,,,102210fe594ee9b33d82058545b1ed14f4c8206e,browser-toolbox.close-process.DAMP,damp,True,damp browser-toolbox.close-process.DAMP opt e10s fission stylo webrender-sw,4768818,77,ms,firefox,443727143.0,1827760184,2024-01-16 06:53:33,74.02248223443166,244e6e5092d8ec91690845b38264d332b87983c4,1360606,,,,,,,,,,,,,,,,,,,,,,,,,,,,,,,,,,,,,,,,,,,,,,,,,,,,,,,,,,,,,TN,TN
autoland,4769114,12,1a03ada32d4ae63ebeeb4561891b61c1e6e17a68,windows10-64-shippable-qr,True,False,,,102210fe594ee9b33d82058545b1ed14f4c8206e,browser-toolbox.close-process.DAMP,damp,True,damp browser-toolbox.close-process.DAMP opt e10s fission stylo webrender-sw,4768818,77,ms,firefox,443727127.0,1827759697,2024-01-16 07:00:35,73.10529571026564,d72041117125bdafcd92ab78941ef5f89dd0572a,1360608,,,,,,,,,,,,,,,,,,,,,,,,,,,,,,,,,,,,,,,,,,,,,,,,,,,,,,,,,,,,,TN,TN
autoland,4769114,12,1a03ada32d4ae63ebeeb4561891b61c1e6e17a68,windows10-64-shippable-qr,True,False,,,102210fe594ee9b33d82058545b1ed14f4c8206e,browser-toolbox.close-process.DAMP,damp,True,damp browser-toolbox.close-process.DAMP opt e10s fission stylo webrender-sw,4768818,77,ms,firefox,443449553.0,1826563817,2024-01-16 08:02:14,73.46401141687966,f2c924263ffece6d0b30e6a52dfd32792c5bf5ab,1360634,,,,,,,,,,,,,,,,,,,,,,,,,,,,,,,,,,,,,,,,,,,,,,,,,,,,,,,,,,,,,TN,TN
autoland,4769114,12,1a03ada32d4ae63ebeeb4561891b61c1e6e17a68,windows10-64-shippable-qr,True,False,,,102210fe594ee9b33d82058545b1ed14f4c8206e,browser-toolbox.close-process.DAMP,damp,True,damp browser-toolbox.close-process.DAMP opt e10s fission stylo webrender-sw,4768818,77,ms,firefox,443486593.0,1826660785,2024-01-16 12:14:54,67.16916665103054,b7a792b71de6beb8e167d10494fa1c387f55f9c2,1360755,,,,,,,,,,,,,,,,,,,,,,,,,,,,,,,,,,,,,,,,,,,,,,,,,,,,,,,,,,,,,TN,TN
autoland,4769114,12,1a03ada32d4ae63ebeeb4561891b61c1e6e17a68,windows10-64-shippable-qr,True,False,,,102210fe594ee9b33d82058545b1ed14f4c8206e,browser-toolbox.close-process.DAMP,damp,True,damp browser-toolbox.close-process.DAMP opt e10s fission stylo webrender-sw,4768818,77,ms,firefox,443506542.0,1826768944,2024-01-16 16:10:42,74.75557919104176,c57d859580d036c47f9c0140e247b012211f6475,1360921,,,,,,,,,,,,,,,,,,,,,,,,,,,,,,,,,,,,,,,,,,,,,,,,,,,,,,,,,,,,,TN,TN
autoland,4769114,12,1a03ada32d4ae63ebeeb4561891b61c1e6e17a68,windows10-64-shippable-qr,True,False,,,102210fe594ee9b33d82058545b1ed14f4c8206e,browser-toolbox.close-process.DAMP,damp,True,damp browser-toolbox.close-process.DAMP opt e10s fission stylo webrender-sw,4768818,77,ms,firefox,443521650.0,1826841909,2024-01-16 18:47:57,75.5365000240563,70d83d705e48aa6e7e7f765142176e775044db26,1361053,,,,,,,,,,,,,,,,,,,,,,,,,,,,,,,,,,,,,,,,,,,,,,,,,,,,,,,,,,,,,TN,TN
autoland,4769114,12,1a03ada32d4ae63ebeeb4561891b61c1e6e17a68,windows10-64-shippable-qr,True,False,,,102210fe594ee9b33d82058545b1ed14f4c8206e,browser-toolbox.close-process.DAMP,damp,True,damp browser-toolbox.close-process.DAMP opt e10s fission stylo webrender-sw,4768818,77,ms,firefox,443540629.0,1826893722,2024-01-16 21:05:47,68.02657349626679,be11cd2890f611f1552236eed7ffe53fba913a46,1361171,,,,,,,,,,,,,,,,,,,,,,,,,,,,,,,,,,,,,,,,,,,,,,,,,,,,,,,,,,,,,TN,TN
autoland,4769114,12,1a03ada32d4ae63ebeeb4561891b61c1e6e17a68,windows10-64-shippable-qr,True,False,,,102210fe594ee9b33d82058545b1ed14f4c8206e,browser-toolbox.close-process.DAMP,damp,True,damp browser-toolbox.close-process.DAMP opt e10s fission stylo webrender-sw,4768818,77,ms,firefox,443556138.0,1826979506,2024-01-17 00:27:37,71.02735854469938,2425c93f20f61b806df955141332d7cb553c6efb,1361277,,,,,,,,,,,,,,,,,,,,,,,,,,,,,,,,,,,,,,,,,,,,,,,,,,,,,,,,,,,,,TN,TN
autoland,4769114,12,1a03ada32d4ae63ebeeb4561891b61c1e6e17a68,windows10-64-shippable-qr,True,False,,,102210fe594ee9b33d82058545b1ed14f4c8206e,browser-toolbox.close-process.DAMP,damp,True,damp browser-toolbox.close-process.DAMP opt e10s fission stylo webrender-sw,4768818,77,ms,firefox,443576485.0,1827115804,2024-01-17 05:04:36,75.06013432815962,71000174812fc0992b6793e53ac5f11f1b87bdc0,1361364,,,,,,,,,,,,,,,,,,,,,,,,,,,,,,,,,,,,,,,,,,,,,,,,,,,,,,,,,,,,,TN,TN
autoland,4769114,12,1a03ada32d4ae63ebeeb4561891b61c1e6e17a68,windows10-64-shippable-qr,True,False,,,102210fe594ee9b33d82058545b1ed14f4c8206e,browser-toolbox.close-process.DAMP,damp,True,damp browser-toolbox.close-process.DAMP opt e10s fission stylo webrender-sw,4768818,77,ms,firefox,443617975.0,1827280374,2024-01-17 09:39:35,72.38549893861637,504ffc20d2ebb35be48357830d614ec96765c802,1361428,,,,,,,,,,,,,,,,,,,,,,,,,,,,,,,,,,,,,,,,,,,,,,,,,,,,,,,,,,,,,TN,TN
autoland,4769114,12,1a03ada32d4ae63ebeeb4561891b61c1e6e17a68,windows10-64-shippable-qr,True,False,,,102210fe594ee9b33d82058545b1ed14f4c8206e,browser-toolbox.close-process.DAMP,damp,True,damp browser-toolbox.close-process.DAMP opt e10s fission stylo webrender-sw,4768818,77,ms,firefox,443628525.0,1827321916,2024-01-17 11:04:44,72.97866494178015,362d9aca9e101b9ee8f7efe2a7c456e245e6313c,1361499,,,,,,,,,,,,,,,,,,,,,,,,,,,,,,,,,,,,,,,,,,,,,,,,,,,,,,,,,,,,,TN,TN
autoland,4769114,12,1a03ada32d4ae63ebeeb4561891b61c1e6e17a68,windows10-64-shippable-qr,True,False,,,102210fe594ee9b33d82058545b1ed14f4c8206e,browser-toolbox.close-process.DAMP,damp,True,damp browser-toolbox.close-process.DAMP opt e10s fission stylo webrender-sw,4768818,77,ms,firefox,443677954.0,1827469184,2024-01-17 15:07:48,66.64839395869058,848e3e2acdf34af9e6862b8a77a8d1ea39c48098,1361632,,,,,,,,,,,,,,,,,,,,,,,,,,,,,,,,,,,,,,,,,,,,,,,,,,,,,,,,,,,,,TN,TN
autoland,4769114,12,1a03ada32d4ae63ebeeb4561891b61c1e6e17a68,windows10-64-shippable-qr,True,False,,,102210fe594ee9b33d82058545b1ed14f4c8206e,browser-toolbox.close-process.DAMP,damp,True,damp browser-toolbox.close-process.DAMP opt e10s fission stylo webrender-sw,4768818,77,ms,firefox,443671971.0,1827433674,2024-01-17 15:18:54,68.7728992117336,a11dab561c63102a4ed97f42068f448ec332c652,1361644,,,,,,,,,,,,,,,,,,,,,,,,,,,,,,,,,,,,,,,,,,,,,,,,,,,,,,,,,,,,,TN,TN
autoland,4769114,12,1a03ada32d4ae63ebeeb4561891b61c1e6e17a68,windows10-64-shippable-qr,True,False,,,102210fe594ee9b33d82058545b1ed14f4c8206e,browser-toolbox.close-process.DAMP,damp,True,damp browser-toolbox.close-process.DAMP opt e10s fission stylo webrender-sw,4768818,77,ms,firefox,443715757.0,1827681078,2024-01-17 23:49:06,70.1257745710609,fe239ad8a8aea4198d356ae3ab92415c5237b530,1361957,,,,,,,,,,,,,,,,,,,,,,,,,,,,,,,,,,,,,,,,,,,,,,,,,,,,,,,,,,,,,TN,TN
autoland,4769114,12,1a03ada32d4ae63ebeeb4561891b61c1e6e17a68,windows10-64-shippable-qr,True,False,,,102210fe594ee9b33d82058545b1ed14f4c8206e,browser-toolbox.close-process.DAMP,damp,True,damp browser-toolbox.close-process.DAMP opt e10s fission stylo webrender-sw,4768818,77,ms,firefox,443716193.0,1827706457,2024-01-17 23:52:50,74.35655264316301,79a6322a49b2f811fe674c1802ab75b99d9c95a3,1361961,,,,,,,,,,,,,,,,,,,,,,,,,,,,,,,,,,,,,,,,,,,,,,,,,,,,,,,,,,,,,TN,TN
autoland,4769114,12,1a03ada32d4ae63ebeeb4561891b61c1e6e17a68,windows10-64-shippable-qr,True,False,,,102210fe594ee9b33d82058545b1ed14f4c8206e,browser-toolbox.close-process.DAMP,damp,True,damp browser-toolbox.close-process.DAMP opt e10s fission stylo webrender-sw,4768818,77,ms,firefox,443727581.0,1827761550,2024-01-18 01:49:32,72.73483172072156,c38d482445a0c034ac7b8fc0219092fccdbc58b2,1362034,,,,,,,,,,,,,,,,,,,,,,,,,,,,,,,,,,,,,,,,,,,,,,,,,,,,,,,,,,,,,TN,TN
autoland,4769114,12,1a03ada32d4ae63ebeeb4561891b61c1e6e17a68,windows10-64-shippable-qr,True,False,,,102210fe594ee9b33d82058545b1ed14f4c8206e,browser-toolbox.close-process.DAMP,damp,True,damp browser-toolbox.close-process.DAMP opt e10s fission stylo webrender-sw,4768818,77,ms,firefox,443757523.0,1827921881,2024-01-18 06:50:06,73.42383440698904,a505d6315623943fb581b7f21beece40fc6faf17,1362092,,,,,,,,,,,,,,,,,,,,,,,,,,,,,,,,,,,,,,,,,,,,,,,,,,,,,,,,,,,,,TN,TN
autoland,4769114,12,1a03ada32d4ae63ebeeb4561891b61c1e6e17a68,windows10-64-shippable-qr,True,False,,,102210fe594ee9b33d82058545b1ed14f4c8206e,browser-toolbox.close-process.DAMP,damp,True,damp browser-toolbox.close-process.DAMP opt e10s fission stylo webrender-sw,4768818,77,ms,firefox,443789661.0,1828085796,2024-01-18 10:52:50,71.68620517222735,0688ca401470034e41e10f2480620e88cac2700f,1362184,,,,,,,,,,,,,,,,,,,,,,,,,,,,,,,,,,,,,,,,,,,,,,,,,,,,,,,,,,,,,TN,TN
autoland,4769114,12,1a03ada32d4ae63ebeeb4561891b61c1e6e17a68,windows10-64-shippable-qr,True,False,,,102210fe594ee9b33d82058545b1ed14f4c8206e,browser-toolbox.close-process.DAMP,damp,True,damp browser-toolbox.close-process.DAMP opt e10s fission stylo webrender-sw,4768818,77,ms,firefox,443801338.0,1828176280,2024-01-18 13:21:23,73.44796878034686,68ff26df33468fe750b39f175b43b8507718ece4,1362232,,,,,,,,,,,,,,,,,,,,,,,,,,,,,,,,,,,,,,,,,,,,,,,,,,,,,,,,,,,,,TN,TN
autoland,4769114,12,1a03ada32d4ae63ebeeb4561891b61c1e6e17a68,windows10-64-shippable-qr,True,False,,,102210fe594ee9b33d82058545b1ed14f4c8206e,browser-toolbox.close-process.DAMP,damp,True,damp browser-toolbox.close-process.DAMP opt e10s fission stylo webrender-sw,4768818,77,ms,firefox,443829809.0,1828342197,2024-01-18 17:52:02,73.58572679312783,2b70f662a79773d519e78f0b8b64723a20b1e788,1362427,,,,,,,,,,,,,,,,,,,,,,,,,,,,,,,,,,,,,,,,,,,,,,,,,,,,,,,,,,,,,TN,TN
autoland,4769114,12,1a03ada32d4ae63ebeeb4561891b61c1e6e17a68,windows10-64-shippable-qr,True,False,,,102210fe594ee9b33d82058545b1ed14f4c8206e,browser-toolbox.close-process.DAMP,damp,True,damp browser-toolbox.close-process.DAMP opt e10s fission stylo webrender-sw,4768818,77,ms,firefox,443872082.0,1828493038,2024-01-18 23:10:50,72.39166764514812,ef9ad6a28dae5d4efbe723dde5068cfdde493918,1362632,,,,,,,,,,,,,,,,,,,,,,,,,,,,,,,,,,,,,,,,,,,,,,,,,,,,,,,,,,,,,TN,TN
autoland,4769114,12,1a03ada32d4ae63ebeeb4561891b61c1e6e17a68,windows10-64-shippable-qr,True,False,,,102210fe594ee9b33d82058545b1ed14f4c8206e,browser-toolbox.close-process.DAMP,damp,True,damp browser-toolbox.close-process.DAMP opt e10s fission stylo webrender-sw,4768818,77,ms,firefox,443876426.0,1828536120,2024-01-18 23:17:45,71.98019038204802,5624cd2e1525fd15b148c44ce2106fce74d6f297,1362637,,,,,,,,,,,,,,,,,,,,,,,,,,,,,,,,,,,,,,,,,,,,,,,,,,,,,,,,,,,,,TN,TN
autoland,4769114,12,1a03ada32d4ae63ebeeb4561891b61c1e6e17a68,windows10-64-shippable-qr,True,False,,,102210fe594ee9b33d82058545b1ed14f4c8206e,browser-toolbox.close-process.DAMP,damp,True,damp browser-toolbox.close-process.DAMP opt e10s fission stylo webrender-sw,4768818,77,ms,firefox,443896514.0,1828650018,2024-01-19 04:17:47,70.56704653635097,b6393478fdf670fcce10fd4334c2601561eaea5d,1362724,,,,,,,,,,,,,,,,,,,,,,,,,,,,,,,,,,,,,,,,,,,,,,,,,,,,,,,,,,,,,TN,TN
autoland,4769114,12,1a03ada32d4ae63ebeeb4561891b61c1e6e17a68,windows10-64-shippable-qr,True,False,,,102210fe594ee9b33d82058545b1ed14f4c8206e,browser-toolbox.close-process.DAMP,damp,True,damp browser-toolbox.close-process.DAMP opt e10s fission stylo webrender-sw,4768818,77,ms,firefox,443935137.0,1828767280,2024-01-19 10:07:40,73.78364992578281,99bf71eaca444aa371e7c84536a1b8aa434ef205,1362807,,,,,,,,,,,,,,,,,,,,,,,,,,,,,,,,,,,,,,,,,,,,,,,,,,,,,,,,,,,,,TN,TN
autoland,4769114,12,1a03ada32d4ae63ebeeb4561891b61c1e6e17a68,windows10-64-shippable-qr,True,False,,,102210fe594ee9b33d82058545b1ed14f4c8206e,browser-toolbox.close-process.DAMP,damp,True,damp browser-toolbox.close-process.DAMP opt e10s fission stylo webrender-sw,4768818,77,ms,firefox,443936187.0,1828795722,2024-01-19 10:28:03,75.14510945716756,7459e9088955262e4430e24661d856acc7ca8929,1362814,,,,,,,,,,,,,,,,,,,,,,,,,,,,,,,,,,,,,,,,,,,,,,,,,,,,,,,,,,,,,TN,TN
autoland,4769114,12,1a03ada32d4ae63ebeeb4561891b61c1e6e17a68,windows10-64-shippable-qr,True,False,,,102210fe594ee9b33d82058545b1ed14f4c8206e,browser-toolbox.close-process.DAMP,damp,True,damp browser-toolbox.close-process.DAMP opt e10s fission stylo webrender-sw,4768818,77,ms,firefox,443955575.0,1828888382,2024-01-19 14:55:23,72.4958954701724,3aabb457a4630b878d121ef2eb9d2f0448847a6b,1362913,,,,,,,,,,,,,,,,,,,,,,,,,,,,,,,,,,,,,,,,,,,,,,,,,,,,,,,,,,,,,TN,TN
autoland,4769114,12,1a03ada32d4ae63ebeeb4561891b61c1e6e17a68,windows10-64-shippable-qr,True,False,,,102210fe594ee9b33d82058545b1ed14f4c8206e,browser-toolbox.close-process.DAMP,damp,True,damp browser-toolbox.close-process.DAMP opt e10s fission stylo webrender-sw,4768818,77,ms,firefox,443979267.0,1829001607,2024-01-19 19:17:59,74.08324583812646,1ccd394332683308e570afe9039275d8e79be900,1363113,,,,,,,,,,,,,,,,,,,,,,,,,,,,,,,,,,,,,,,,,,,,,,,,,,,,,,,,,,,,,TN,TN
autoland,4769114,12,1a03ada32d4ae63ebeeb4561891b61c1e6e17a68,windows10-64-shippable-qr,True,False,,,102210fe594ee9b33d82058545b1ed14f4c8206e,browser-toolbox.close-process.DAMP,damp,True,damp browser-toolbox.close-process.DAMP opt e10s fission stylo webrender-sw,4768818,77,ms,firefox,444005543.0,1829224293,2024-01-20 00:04:44,73.7730685906281,6d2ef7f226a0360135c1955b8805bd41d9af41e4,1363285,,,,,,,,,,,,,,,,,,,,,,,,,,,,,,,,,,,,,,,,,,,,,,,,,,,,,,,,,,,,,TN,TN
autoland,4769114,12,1a03ada32d4ae63ebeeb4561891b61c1e6e17a68,windows10-64-shippable-qr,True,False,,,102210fe594ee9b33d82058545b1ed14f4c8206e,browser-toolbox.close-process.DAMP,damp,True,damp browser-toolbox.close-process.DAMP opt e10s fission stylo webrender-sw,4768818,77,ms,firefox,444012840.0,1829308145,2024-01-20 04:18:19,73.82155741234601,5471899cc9d0a7dfda174e9d7cfc986c2820eff8,1363367,,,,,,,,,,,,,,,,,,,,,,,,,,,,,,,,,,,,,,,,,,,,,,,,,,,,,,,,,,,,,TN,TN
autoland,4769114,12,1a03ada32d4ae63ebeeb4561891b61c1e6e17a68,windows10-64-shippable-qr,True,False,,,102210fe594ee9b33d82058545b1ed14f4c8206e,browser-toolbox.close-process.DAMP,damp,True,damp browser-toolbox.close-process.DAMP opt e10s fission stylo webrender-sw,4768818,77,ms,firefox,444041109.0,1829489270,2024-01-21 00:59:25,67.50779264931043,4f4fa003a90f9d818ecfa36474300a11af18be25,1363463,,,,,,,,,,,,,,,,,,,,,,,,,,,,,,,,,,,,,,,,,,,,,,,,,,,,,,,,,,,,,TN,TN
autoland,4769114,12,1a03ada32d4ae63ebeeb4561891b61c1e6e17a68,windows10-64-shippable-qr,True,False,,,102210fe594ee9b33d82058545b1ed14f4c8206e,browser-toolbox.close-process.DAMP,damp,True,damp browser-toolbox.close-process.DAMP opt e10s fission stylo webrender-sw,4768818,77,ms,firefox,444068678.0,1829589563,2024-01-21 14:36:57,72.64150170561334,0361c1f29babcfb2f10e1646dffe72cd452a3df4,1363517,,,,,,,,,,,,,,,,,,,,,,,,,,,,,,,,,,,,,,,,,,,,,,,,,,,,,,,,,,,,,TN,TN
autoland,4769114,12,1a03ada32d4ae63ebeeb4561891b61c1e6e17a68,windows10-64-shippable-qr,True,False,,,102210fe594ee9b33d82058545b1ed14f4c8206e,browser-toolbox.close-process.DAMP,damp,True,damp browser-toolbox.close-process.DAMP opt e10s fission stylo webrender-sw,4768818,77,ms,firefox,444420301.0,1831220939,2024-01-21 19:40:27,74.64546578150475,b6f41f48017c9f2c6223d11e20a572a6a7237b5a,1363545,,,,,,,,,,,,,,,,,,,,,,,,,,,,,,,,,,,,,,,,,,,,,,,,,,,,,,,,,,,,,TN,TN
autoland,4769114,12,1a03ada32d4ae63ebeeb4561891b61c1e6e17a68,windows10-64-shippable-qr,True,False,,,102210fe594ee9b33d82058545b1ed14f4c8206e,browser-toolbox.close-process.DAMP,damp,True,damp browser-toolbox.close-process.DAMP opt e10s fission stylo webrender-sw,4768818,77,ms,firefox,444420350.0,1831221484,2024-01-21 21:50:50,70.30770533088071,bb4394e287e320101c082428c395ca3fb44254f6,1363563,,,,,,,,,,,,,,,,,,,,,,,,,,,,,,,,,,,,,,,,,,,,,,,,,,,,,,,,,,,,,TN,TN
autoland,4769114,12,1a03ada32d4ae63ebeeb4561891b61c1e6e17a68,windows10-64-shippable-qr,True,False,,,102210fe594ee9b33d82058545b1ed14f4c8206e,browser-toolbox.close-process.DAMP,damp,True,damp browser-toolbox.close-process.DAMP opt e10s fission stylo webrender-sw,4768818,77,ms,firefox,444098034.0,1829712901,2024-01-22 07:43:27,72.26205767094507,6b4a069fe37d2413229dda3b61ccaf7b8f3a5f5d,1363663,,,,,,,,,,,,,,,,,,,,,,,,,,,,,,,,,,,,,,,,,,,,,,,,,,,,,,,,,,,,,TN,TN
autoland,4769114,12,1a03ada32d4ae63ebeeb4561891b61c1e6e17a68,windows10-64-shippable-qr,True,False,,,102210fe594ee9b33d82058545b1ed14f4c8206e,browser-toolbox.close-process.DAMP,damp,True,damp browser-toolbox.close-process.DAMP opt e10s fission stylo webrender-sw,4768818,77,ms,firefox,444420645.0,1831223097,2024-01-22 08:47:53,74.293013936629,4a8786996d33e826a3a3a4f25e395ddd314aa4b1,1363680,,,,,,,,,,,,,,,,,,,,,,,,,,,,,,,,,,,,,,,,,,,,,,,,,,,,,,,,,,,,,TN,TN
autoland,4769114,12,1a03ada32d4ae63ebeeb4561891b61c1e6e17a68,windows10-64-shippable-qr,True,False,,,102210fe594ee9b33d82058545b1ed14f4c8206e,browser-toolbox.close-process.DAMP,damp,True,damp browser-toolbox.close-process.DAMP opt e10s fission stylo webrender-sw,4768818,77,ms,firefox,444420755.0,1831223823,2024-01-22 08:55:19,74.41377676652337,e038f030b6e87f9ab29f9242af5180ebebe901ba,1363684,,,,,,,,,,,,,,,,,,,,,,,,,,,,,,,,,,,,,,,,,,,,,,,,,,,,,,,,,,,,,TN,TN
autoland,4769114,12,1a03ada32d4ae63ebeeb4561891b61c1e6e17a68,windows10-64-shippable-qr,True,False,,,102210fe594ee9b33d82058545b1ed14f4c8206e,browser-toolbox.close-process.DAMP,damp,True,damp browser-toolbox.close-process.DAMP opt e10s fission stylo webrender-sw,4768818,77,ms,firefox,444420678.0,1831223296,2024-01-22 09:10:17,72.80721605604776,56d3ad2de4e7d98ffc1ce3e3998689951eaf8cad,1363690,,,,,,,,,,,,,,,,,,,,,,,,,,,,,,,,,,,,,,,,,,,,,,,,,,,,,,,,,,,,,TN,TN
autoland,4769114,12,1a03ada32d4ae63ebeeb4561891b61c1e6e17a68,windows10-64-shippable-qr,True,False,,,102210fe594ee9b33d82058545b1ed14f4c8206e,browser-toolbox.close-process.DAMP,damp,True,damp browser-toolbox.close-process.DAMP opt e10s fission stylo webrender-sw,4768818,77,ms,firefox,444420680.0,1831223438,2024-01-22 09:29:20,71.3731291523145,f2c793f1a792004e2561484f40df1c1d0f3bce55,1363693,,,,,,,,,,,,,,,,,,,,,,,,,,,,,,,,,,,,,,,,,,,,,,,,,,,,,,,,,,,,,TN,TN
autoland,4769114,12,1a03ada32d4ae63ebeeb4561891b61c1e6e17a68,windows10-64-shippable-qr,True,False,,,102210fe594ee9b33d82058545b1ed14f4c8206e,browser-toolbox.close-process.DAMP,damp,True,damp browser-toolbox.close-process.DAMP opt e10s fission stylo webrender-sw,4768818,77,ms,firefox,444420363.0,1831221995,2024-01-22 09:55:26,73.72497123404173,4de25e9a950057c7f2f7ca5b4730c41df1d2bfe1,1363706,,,,,,,,,,,,,,,,,,,,,,,,,,,,,,,,,,,,,,,,,,,,,,,,,,,,,,,,,,,,,TN,TN
autoland,4769114,12,1a03ada32d4ae63ebeeb4561891b61c1e6e17a68,windows10-64-shippable-qr,True,False,,,102210fe594ee9b33d82058545b1ed14f4c8206e,browser-toolbox.close-process.DAMP,damp,True,damp browser-toolbox.close-process.DAMP opt e10s fission stylo webrender-sw,4768818,77,ms,firefox,444420681.0,1831223226,2024-01-22 10:55:09,72.95189515320817,ac0fd1778048f63f9dff51deae2d78f6b9cad04c,1363730,,,,,,,,,,,,,,,,,,,,,,,,,,,,,,,,,,,,,,,,,,,,,,,,,,,,,,,,,,,,,TN,TN
autoland,4769114,12,1a03ada32d4ae63ebeeb4561891b61c1e6e17a68,windows10-64-shippable-qr,True,False,,,102210fe594ee9b33d82058545b1ed14f4c8206e,browser-toolbox.close-process.DAMP,damp,True,damp browser-toolbox.close-process.DAMP opt e10s fission stylo webrender-sw,4768818,77,ms,firefox,444125903.0,1829812353,2024-01-22 10:58:56,72.26225300286751,095c9da9e10fc012c2e6a7d929fdcc7c03d09373,1363731,,,,,,,,,,,,,,,,,,,,,,,,,,,,,,,,,,,,,,,,,,,,,,,,,,,,,,,,,,,,,TN,TN
autoland,4769114,12,1a03ada32d4ae63ebeeb4561891b61c1e6e17a68,windows10-64-shippable-qr,True,False,,,102210fe594ee9b33d82058545b1ed14f4c8206e,browser-toolbox.close-process.DAMP,damp,True,damp browser-toolbox.close-process.DAMP opt e10s fission stylo webrender-sw,4768818,77,ms,firefox,444420300.0,1831221412,2024-01-22 13:00:41,71.1677443116132,d6a8b0b972822511a05bab69ac92a454a5293e77,1363793,,,,,,,,,,,,,,,,,,,,,,,,,,,,,,,,,,,,,,,,,,,,,,,,,,,,,,,,,,,,,TN,TN
autoland,4769114,12,1a03ada32d4ae63ebeeb4561891b61c1e6e17a68,windows10-64-shippable-qr,True,False,,,102210fe594ee9b33d82058545b1ed14f4c8206e,browser-toolbox.close-process.DAMP,damp,True,damp browser-toolbox.close-process.DAMP opt e10s fission stylo webrender-sw,4768818,77,ms,firefox,444420298.0,1831221056,2024-01-22 13:01:23,72.96028273363481,928692165b67f48d38811e6166d2bb787f9edd95,1363795,,,,,,,,,,,,,,,,,,,,,,,,,,,,,,,,,,,,,,,,,,,,,,,,,,,,,,,,,,,,,TN,TN
autoland,4769114,12,1a03ada32d4ae63ebeeb4561891b61c1e6e17a68,windows10-64-shippable-qr,True,False,,,102210fe594ee9b33d82058545b1ed14f4c8206e,browser-toolbox.close-process.DAMP,damp,True,damp browser-toolbox.close-process.DAMP opt e10s fission stylo webrender-sw,4768818,77,ms,firefox,444420348.0,1831221271,2024-01-22 13:05:09,73.76931392331608,50b298a5272a5c248c5f428cfb03087d919f0a7b,1363796,,,,,,,,,,,,,,,,,,,,,,,,,,,,,,,,,,,,,,,,,,,,,,,,,,,,,,,,,,,,,TN,TN
autoland,4769114,12,1a03ada32d4ae63ebeeb4561891b61c1e6e17a68,windows10-64-shippable-qr,True,False,,,102210fe594ee9b33d82058545b1ed14f4c8206e,browser-toolbox.close-process.DAMP,damp,True,damp browser-toolbox.close-process.DAMP opt e10s fission stylo webrender-sw,4768818,77,ms,firefox,444420349.0,1831221650,2024-01-22 13:18:22,72.34970834766864,1d9bf66a4a9caf5f4f48f47e2ff3b446409340d8,1363812,,,,,,,,,,,,,,,,,,,,,,,,,,,,,,,,,,,,,,,,,,,,,,,,,,,,,,,,,,,,,TN,TN
autoland,4769114,12,1a03ada32d4ae63ebeeb4561891b61c1e6e17a68,windows10-64-shippable-qr,True,False,,,102210fe594ee9b33d82058545b1ed14f4c8206e,browser-toolbox.close-process.DAMP,damp,True,damp browser-toolbox.close-process.DAMP opt e10s fission stylo webrender-sw,4768818,77,ms,firefox,444420357.0,1831221804,2024-01-22 13:19:53,72.67275559717382,6b069c746dcac91526c2ba006cb667741aeb015e,1363814,,,,,,,,,,,,,,,,,,,,,,,,,,,,,,,,,,,,,,,,,,,,,,,,,,,,,,,,,,,,,TN,TN
autoland,4769114,12,1a03ada32d4ae63ebeeb4561891b61c1e6e17a68,windows10-64-shippable-qr,True,False,,,102210fe594ee9b33d82058545b1ed14f4c8206e,browser-toolbox.close-process.DAMP,damp,True,damp browser-toolbox.close-process.DAMP opt e10s fission stylo webrender-sw,4768818,77,ms,firefox,444420648.0,1831223098,2024-01-22 13:32:17,75.74680307254312,3f41e0c8e5a16857870d01e9a5371ffb273d79ce,1363826,,,,,,,,,,,,,,,,,,,,,,,,,,,,,,,,,,,,,,,,,,,,,,,,,,,,,,,,,,,,,TN,TN
autoland,4769114,12,1a03ada32d4ae63ebeeb4561891b61c1e6e17a68,windows10-64-shippable-qr,True,False,,,102210fe594ee9b33d82058545b1ed14f4c8206e,browser-toolbox.close-process.DAMP,damp,True,damp browser-toolbox.close-process.DAMP opt e10s fission stylo webrender-sw,4768818,77,ms,firefox,444420299.0,1831221281,2024-01-22 13:33:02,71.4068236524472,44ed20f894fbc314cf7abdedbcb46bb2eefd4c5a,1363827,,,,,,,,,,,,,,,,,,,,,,,,,,,,,,,,,,,,,,,,,,,,,,,,,,,,,,,,,,,,,TN,TN
autoland,4769114,12,1a03ada32d4ae63ebeeb4561891b61c1e6e17a68,windows10-64-shippable-qr,True,False,,,102210fe594ee9b33d82058545b1ed14f4c8206e,browser-toolbox.close-process.DAMP,damp,True,damp browser-toolbox.close-process.DAMP opt e10s fission stylo webrender-sw,4768818,77,ms,firefox,444420296.0,1831220882,2024-01-22 13:37:03,75.005717328444,e2f90fb83fb881974e5a8f59593a3d2f7b2fe3cd,1363830,,,,,,,,,,,,,,,,,,,,,,,,,,,,,,,,,,,,,,,,,,,,,,,,,,,,,,,,,,,,,TN,TN
autoland,4769114,12,1a03ada32d4ae63ebeeb4561891b61c1e6e17a68,windows10-64-shippable-qr,True,False,,,102210fe594ee9b33d82058545b1ed14f4c8206e,browser-toolbox.close-process.DAMP,damp,True,damp browser-toolbox.close-process.DAMP opt e10s fission stylo webrender-sw,4768818,77,ms,firefox,444420302.0,1831221000,2024-01-22 13:42:29,75.52774445035902,728afac2d3ac7c49b5ddeb91690375ca297be7da,1363837,,,,,,,,,,,,,,,,,,,,,,,,,,,,,,,,,,,,,,,,,,,,,,,,,,,,,,,,,,,,,TN,TN
autoland,4769114,12,1a03ada32d4ae63ebeeb4561891b61c1e6e17a68,windows10-64-shippable-qr,True,False,,,102210fe594ee9b33d82058545b1ed14f4c8206e,browser-toolbox.close-process.DAMP,damp,True,damp browser-toolbox.close-process.DAMP opt e10s fission stylo webrender-sw,4768818,77,ms,firefox,444162812.0,1829960377,2024-01-22 15:24:53,70.65859801690385,58cedc1e4ff28881f9ebd1749feaa24edbded9ce,1363894,,,,,,,,,,,,,,,,,,,,,,,,,,,,,,,,,,,,,,,,,,,,,,,,,,,,,,,,,,,,,TN,TN
autoland,4769114,12,1a03ada32d4ae63ebeeb4561891b61c1e6e17a68,windows10-64-shippable-qr,True,False,,,102210fe594ee9b33d82058545b1ed14f4c8206e,browser-toolbox.close-process.DAMP,damp,True,damp browser-toolbox.close-process.DAMP opt e10s fission stylo webrender-sw,4768818,77,ms,firefox,444420351.0,1831221745,2024-01-22 15:46:26,71.87684000158333,8c5016fab4848251295ef7241f0f1f00e080781c,1363911,,,,,,,,,,,,,,,,,,,,,,,,,,,,,,,,,,,,,,,,,,,,,,,,,,,,,,,,,,,,,TN,TN
autoland,4769114,12,1a03ada32d4ae63ebeeb4561891b61c1e6e17a68,windows10-64-shippable-qr,True,False,,,102210fe594ee9b33d82058545b1ed14f4c8206e,browser-toolbox.close-process.DAMP,damp,True,damp browser-toolbox.close-process.DAMP opt e10s fission stylo webrender-sw,4768818,77,ms,firefox,444420647.0,1831223363,2024-01-22 15:51:50,72.9763466361328,89d1266bd4fd05a012d4428d640c256816098c5d,1363913,,,,,,,,,,,,,,,,,,,,,,,,,,,,,,,,,,,,,,,,,,,,,,,,,,,,,,,,,,,,,TN,TN
autoland,4769114,12,1a03ada32d4ae63ebeeb4561891b61c1e6e17a68,windows10-64-shippable-qr,True,False,,,102210fe594ee9b33d82058545b1ed14f4c8206e,browser-toolbox.close-process.DAMP,damp,True,damp browser-toolbox.close-process.DAMP opt e10s fission stylo webrender-sw,4768818,77,ms,firefox,444420646.0,1831223171,2024-01-22 15:52:32,74.1714046585621,3cb5e9723b0ce918d57d765f0dbc568e12330084,1363915,,,,,,,,,,,,,,,,,,,,,,,,,,,,,,,,,,,,,,,,,,,,,,,,,,,,,,,,,,,,,TN,TN
autoland,4769114,12,1a03ada32d4ae63ebeeb4561891b61c1e6e17a68,windows10-64-shippable-qr,True,False,,,102210fe594ee9b33d82058545b1ed14f4c8206e,browser-toolbox.close-process.DAMP,damp,True,damp browser-toolbox.close-process.DAMP opt e10s fission stylo webrender-sw,4768818,77,ms,firefox,444420361.0,1831221933,2024-01-22 15:53:15,75.20964718377218,3f725072dd6df0aaef9f9d75141b9d0ae2341e70,1363917,,,,,,,,,,,,,,,,,,,,,,,,,,,,,,,,,,,,,,,,,,,,,,,,,,,,,,,,,,,,,TN,TN
autoland,4769114,12,1a03ada32d4ae63ebeeb4561891b61c1e6e17a68,windows10-64-shippable-qr,True,False,,,102210fe594ee9b33d82058545b1ed14f4c8206e,browser-toolbox.close-process.DAMP,damp,True,damp browser-toolbox.close-process.DAMP opt e10s fission stylo webrender-sw,4768818,77,ms,firefox,444420362.0,1831222066,2024-01-22 15:53:59,73.44456027026172,43c823eef65dd64cf0a89a27da7e6316341ce11c,1363919,,,,,,,,,,,,,,,,,,,,,,,,,,,,,,,,,,,,,,,,,,,,,,,,,,,,,,,,,,,,,TN,TN
autoland,4769114,12,1a03ada32d4ae63ebeeb4561891b61c1e6e17a68,windows10-64-shippable-qr,True,False,,,102210fe594ee9b33d82058545b1ed14f4c8206e,browser-toolbox.close-process.DAMP,damp,True,damp browser-toolbox.close-process.DAMP opt e10s fission stylo webrender-sw,4768818,77,ms,firefox,444170250.0,1830050804,2024-01-22 15:55:20,70.54468921445368,82dfbdd770bc54674f82bae256dae683772884af,1363920,,,,,,,,,,,,,,,,,,,,,,,,,,,,,,,,,,,,,,,,,,,,,,,,,,,,,,,,,,,,,TN,TN
autoland,4769114,12,1a03ada32d4ae63ebeeb4561891b61c1e6e17a68,windows10-64-shippable-qr,True,False,,,102210fe594ee9b33d82058545b1ed14f4c8206e,browser-toolbox.close-process.DAMP,damp,True,damp browser-toolbox.close-process.DAMP opt e10s fission stylo webrender-sw,4768818,77,ms,firefox,444444155.0,1831330524,2024-01-22 18:31:56,71.37944381788839,07d3face1a123106c2b6798dbf90bf8a600d19e7,1364055,,,,,,,,,,,,,,,,,,,,,,,,,,,,,,,,,,,,,,,,,,,,,,,,,,,,,,,,,,,,,TN,TN
autoland,4769114,12,1a03ada32d4ae63ebeeb4561891b61c1e6e17a68,windows10-64-shippable-qr,True,False,,,102210fe594ee9b33d82058545b1ed14f4c8206e,browser-toolbox.close-process.DAMP,damp,True,damp browser-toolbox.close-process.DAMP opt e10s fission stylo webrender-sw,4768818,77,ms,firefox,444463578.0,1831376298,2024-01-22 18:32:44,72.09521969570778,8cb64cf70bce8384245650ea87f8e8caa24391a0,1364056,,,,,,,,,,,,,,,,,,,,,,,,,,,,,,,,,,,,,,,,,,,,,,,,,,,,,,,,,,,,,TN,TN
autoland,4769114,12,1a03ada32d4ae63ebeeb4561891b61c1e6e17a68,windows10-64-shippable-qr,True,False,,,102210fe594ee9b33d82058545b1ed14f4c8206e,browser-toolbox.close-process.DAMP,damp,True,damp browser-toolbox.close-process.DAMP opt e10s fission stylo webrender-sw,4768818,77,ms,firefox,444443342.0,1831329717,2024-01-22 18:33:27,72.98422592767747,d63609455f759d63a69696505bf999d21e0b79ca,1364057,,,,,,,,,,,,,,,,,,,,,,,,,,,,,,,,,,,,,,,,,,,,,,,,,,,,,,,,,,,,,TN,TN
autoland,4769114,12,1a03ada32d4ae63ebeeb4561891b61c1e6e17a68,windows10-64-shippable-qr,True,False,,,102210fe594ee9b33d82058545b1ed14f4c8206e,browser-toolbox.close-process.DAMP,damp,True,damp browser-toolbox.close-process.DAMP opt e10s fission stylo webrender-sw,4768818,77,ms,firefox,444444282.0,1831330230,2024-01-22 18:34:11,72.17394628641341,278693c1ad8192d883e523a24f36f112e22da417,1364059,,,,,,,,,,,,,,,,,,,,,,,,,,,,,,,,,,,,,,,,,,,,,,,,,,,,,,,,,,,,,TN,TN
autoland,4769114,12,1a03ada32d4ae63ebeeb4561891b61c1e6e17a68,windows10-64-shippable-qr,True,False,,,102210fe594ee9b33d82058545b1ed14f4c8206e,browser-toolbox.close-process.DAMP,damp,True,damp browser-toolbox.close-process.DAMP opt e10s fission stylo webrender-sw,4768818,77,ms,firefox,444445707.0,1831330646,2024-01-22 18:34:56,73.88570860984328,e3d25ff1f14d101256e4b59886aed567dc83e1b6,1364061,,,,,,,,,,,,,,,,,,,,,,,,,,,,,,,,,,,,,,,,,,,,,,,,,,,,,,,,,,,,,TN,TN
autoland,4769114,12,1a03ada32d4ae63ebeeb4561891b61c1e6e17a68,windows10-64-shippable-qr,True,False,,,102210fe594ee9b33d82058545b1ed14f4c8206e,browser-toolbox.close-process.DAMP,damp,True,damp browser-toolbox.close-process.DAMP opt e10s fission stylo webrender-sw,4768818,77,ms,firefox,444445790.0,1831330490,2024-01-22 18:35:40,75.17751049088838,46929761dbd972c7ea9ac52a2ff274fe1f413e9c,1364063,,,,,,,,,,,,,,,,,,,,,,,,,,,,,,,,,,,,,,,,,,,,,,,,,,,,,,,,,,,,,TN,TN
autoland,4769114,12,1a03ada32d4ae63ebeeb4561891b61c1e6e17a68,windows10-64-shippable-qr,True,False,,,102210fe594ee9b33d82058545b1ed14f4c8206e,browser-toolbox.close-process.DAMP,damp,True,damp browser-toolbox.close-process.DAMP opt e10s fission stylo webrender-sw,4768818,77,ms,firefox,444446234.0,1831331441,2024-01-22 18:36:51,72.87353418541898,bb96b326fd83452b72d81198a19c03ebbbfa7534,1364065,,,,,,,,,,,,,,,,,,,,,,,,,,,,,,,,,,,,,,,,,,,,,,,,,,,,,,,,,,,,,TN,TN
autoland,4769114,12,1a03ada32d4ae63ebeeb4561891b61c1e6e17a68,windows10-64-shippable-qr,True,False,,,102210fe594ee9b33d82058545b1ed14f4c8206e,browser-toolbox.close-process.DAMP,damp,True,damp browser-toolbox.close-process.DAMP opt e10s fission stylo webrender-sw,4768818,77,ms,firefox,444446241.0,1831331920,2024-01-22 18:37:43,75.10217832516355,a3d6b7811061ffa872b3836d60165130cf40457c,1364066,,,,,,,,,,,,,,,,,,,,,,,,,,,,,,,,,,,,,,,,,,,,,,,,,,,,,,,,,,,,,TN,TN
autoland,4769114,12,1a03ada32d4ae63ebeeb4561891b61c1e6e17a68,windows10-64-shippable-qr,True,False,,,102210fe594ee9b33d82058545b1ed14f4c8206e,browser-toolbox.close-process.DAMP,damp,True,damp browser-toolbox.close-process.DAMP opt e10s fission stylo webrender-sw,4768818,77,ms,firefox,444445711.0,1831330321,2024-01-22 18:38:24,71.79123790955055,6a058f549e8c0b81791a0112f0b47d6d784baf09,1364067,,,,,,,,,,,,,,,,,,,,,,,,,,,,,,,,,,,,,,,,,,,,,,,,,,,,,,,,,,,,,TN,TN
autoland,4769114,12,1a03ada32d4ae63ebeeb4561891b61c1e6e17a68,windows10-64-shippable-qr,True,False,,,102210fe594ee9b33d82058545b1ed14f4c8206e,browser-toolbox.close-process.DAMP,damp,True,damp browser-toolbox.close-process.DAMP opt e10s fission stylo webrender-sw,4768818,77,ms,firefox,444198976.0,1830135572,2024-01-22 18:55:34,69.86051074383431,ef71d190cd57de7a178f312b29fc104e6e3e98d4,1364078,,,,,,,,,,,,,,,,,,,,,,,,,,,,,,,,,,,,,,,,,,,,,,,,,,,,,,,,,,,,,TN,TN
autoland,4769114,12,1a03ada32d4ae63ebeeb4561891b61c1e6e17a68,windows10-64-shippable-qr,True,False,,,102210fe594ee9b33d82058545b1ed14f4c8206e,browser-toolbox.close-process.DAMP,damp,True,damp browser-toolbox.close-process.DAMP opt e10s fission stylo webrender-sw,4768818,77,ms,firefox,444473314.0,1831446557,2024-01-22 21:15:46,73.1724883212737,3fe8b7d8b3f7f163eafd11115c59e2f18f20cbfc,1364190,,,,,,,,,,,,,,,,,,,,,,,,,,,,,,,,,,,,,,,,,,,,,,,,,,,,,,,,,,,,,TN,TN
autoland,4769114,12,1a03ada32d4ae63ebeeb4561891b61c1e6e17a68,windows10-64-shippable-qr,True,False,,,102210fe594ee9b33d82058545b1ed14f4c8206e,browser-toolbox.close-process.DAMP,damp,True,damp browser-toolbox.close-process.DAMP opt e10s fission stylo webrender-sw,4768818,77,ms,firefox,444474134.0,1831452105,2024-01-22 21:38:35,73.50990054570138,b503ca4566e0d3dca71d694d5ca65ee980a99ebf,1364213,,,,,,,,,,,,,,,,,,,,,,,,,,,,,,,,,,,,,,,,,,,,,,,,,,,,,,,,,,,,,TN,TN
autoland,4769114,12,1a03ada32d4ae63ebeeb4561891b61c1e6e17a68,windows10-64-shippable-qr,True,False,,,102210fe594ee9b33d82058545b1ed14f4c8206e,browser-toolbox.close-process.DAMP,damp,True,damp browser-toolbox.close-process.DAMP opt e10s fission stylo webrender-sw,4768818,77,ms,firefox,444474209.0,1831453682,2024-01-22 21:58:14,73.32158009891282,a19aa74a757354ad59da48c549bbd2e1e0e8991d,1364233,,,,,,,,,,,,,,,,,,,,,,,,,,,,,,,,,,,,,,,,,,,,,,,,,,,,,,,,,,,,,TN,TN
autoland,4769114,12,1a03ada32d4ae63ebeeb4561891b61c1e6e17a68,windows10-64-shippable-qr,True,False,,,102210fe594ee9b33d82058545b1ed14f4c8206e,browser-toolbox.close-process.DAMP,damp,True,damp browser-toolbox.close-process.DAMP opt e10s fission stylo webrender-sw,4768818,77,ms,firefox,444486115.0,1831511343,2024-01-22 21:59:05,69.60772534355056,820b9e6de15beb7dd989cc4bc1d052af808080a8,1364236,,,,,,,,,,,,,,,,,,,,,,,,,,,,,,,,,,,,,,,,,,,,,,,,,,,,,,,,,,,,,TN,TN
autoland,4769114,12,1a03ada32d4ae63ebeeb4561891b61c1e6e17a68,windows10-64-shippable-qr,True,False,,,102210fe594ee9b33d82058545b1ed14f4c8206e,browser-toolbox.close-process.DAMP,damp,True,damp browser-toolbox.close-process.DAMP opt e10s fission stylo webrender-sw,4768818,77,ms,firefox,444475159.0,1831455586,2024-01-22 21:59:48,69.51501028606435,9e42a6cc01772c610bf5117d0fb3a3ae962cda69,1364238,,,,,,,,,,,,,,,,,,,,,,,,,,,,,,,,,,,,,,,,,,,,,,,,,,,,,,,,,,,,,TN,TN
autoland,4769114,12,1a03ada32d4ae63ebeeb4561891b61c1e6e17a68,windows10-64-shippable-qr,True,False,,,102210fe594ee9b33d82058545b1ed14f4c8206e,browser-toolbox.close-process.DAMP,damp,True,damp browser-toolbox.close-process.DAMP opt e10s fission stylo webrender-sw,4768818,77,ms,firefox,444473602.0,1831449130,2024-01-22 22:00:29,71.67228330382204,26ab337a55980fd3226ec95e5676220500b40843,1364239,,,,,,,,,,,,,,,,,,,,,,,,,,,,,,,,,,,,,,,,,,,,,,,,,,,,,,,,,,,,,TN,TN
autoland,4769114,12,1a03ada32d4ae63ebeeb4561891b61c1e6e17a68,windows10-64-shippable-qr,True,False,,,102210fe594ee9b33d82058545b1ed14f4c8206e,browser-toolbox.close-process.DAMP,damp,True,damp browser-toolbox.close-process.DAMP opt e10s fission stylo webrender-sw,4768818,77,ms,firefox,444477467.0,1831464951,2024-01-22 22:01:12,73.19609446061077,f27806eac17bc15be1f23b196f866c769b74e327,1364240,,,,,,,,,,,,,,,,,,,,,,,,,,,,,,,,,,,,,,,,,,,,,,,,,,,,,,,,,,,,,TN,TN
autoland,4769114,12,1a03ada32d4ae63ebeeb4561891b61c1e6e17a68,windows10-64-shippable-qr,True,False,,,102210fe594ee9b33d82058545b1ed14f4c8206e,browser-toolbox.close-process.DAMP,damp,True,damp browser-toolbox.close-process.DAMP opt e10s fission stylo webrender-sw,4768818,77,ms,firefox,444467784.0,1831391473,2024-01-22 22:02:12,69.34687517600105,fed5165a02c0898816f050464990067d20c3bcdf,1364241,,,,,,,,,,,,,,,,,,,,,,,,,,,,,,,,,,,,,,,,,,,,,,,,,,,,,,,,,,,,,TN,TN
autoland,4769114,12,1a03ada32d4ae63ebeeb4561891b61c1e6e17a68,windows10-64-shippable-qr,True,False,,,102210fe594ee9b33d82058545b1ed14f4c8206e,browser-toolbox.close-process.DAMP,damp,True,damp browser-toolbox.close-process.DAMP opt e10s fission stylo webrender-sw,4768818,77,ms,firefox,444478070.0,1831467219,2024-01-22 22:03:01,75.94153370599088,ee72c01626bf10d81fcef9e7ed3e1cf8fb00322e,1364243,,,,,,,,,,,,,,,,,,,,,,,,,,,,,,,,,,,,,,,,,,,,,,,,,,,,,,,,,,,,,TN,TN
autoland,4769114,12,1a03ada32d4ae63ebeeb4561891b61c1e6e17a68,windows10-64-shippable-qr,True,False,,,102210fe594ee9b33d82058545b1ed14f4c8206e,browser-toolbox.close-process.DAMP,damp,True,damp browser-toolbox.close-process.DAMP opt e10s fission stylo webrender-sw,4768818,77,ms,firefox,444233956.0,1830250642,2024-01-22 22:04:08,75.00413867020688,06bafd5cf7f34e757edddf2def6a98003c6b1643,1364244,,,,,,,,,,,,,,,,,,,,,,,,,,,,,,,,,,,,,,,,,,,,,,,,,,,,,,,,,,,,,TN,TN
autoland,4769114,12,1a03ada32d4ae63ebeeb4561891b61c1e6e17a68,windows10-64-shippable-qr,True,False,,,102210fe594ee9b33d82058545b1ed14f4c8206e,browser-toolbox.close-process.DAMP,damp,True,damp browser-toolbox.close-process.DAMP opt e10s fission stylo webrender-sw,4768818,77,ms,firefox,444484661.0,1831500628,2024-01-22 23:04:45,70.29127333695942,b1c04f4cc46836ca84052c2d0e4c6f556a77a864,1364290,,,,,,,,,,,,,,,,,,,,,,,,,,,,,,,,,,,,,,,,,,,,,,,,,,,,,,,,,,,,,TN,TN
autoland,4769114,12,1a03ada32d4ae63ebeeb4561891b61c1e6e17a68,windows10-64-shippable-qr,True,False,,,102210fe594ee9b33d82058545b1ed14f4c8206e,browser-toolbox.close-process.DAMP,damp,True,damp browser-toolbox.close-process.DAMP opt e10s fission stylo webrender-sw,4768818,77,ms,firefox,444474325.0,1831455042,2024-01-22 23:13:42,73.7250160768308,31949bbed218a53db7381abc3b096ccc142b42e8,1364300,,,,,,,,,,,,,,,,,,,,,,,,,,,,,,,,,,,,,,,,,,,,,,,,,,,,,,,,,,,,,TN,TN
autoland,4769114,12,1a03ada32d4ae63ebeeb4561891b61c1e6e17a68,windows10-64-shippable-qr,True,False,,,102210fe594ee9b33d82058545b1ed14f4c8206e,browser-toolbox.close-process.DAMP,damp,True,damp browser-toolbox.close-process.DAMP opt e10s fission stylo webrender-sw,4768818,77,ms,firefox,444476339.0,1831462497,2024-01-22 23:17:46,71.47148192673922,744415fe4845d57721f5b7bb5274bf61251bac81,1364306,,,,,,,,,,,,,,,,,,,,,,,,,,,,,,,,,,,,,,,,,,,,,,,,,,,,,,,,,,,,,TN,TN
autoland,4769114,12,1a03ada32d4ae63ebeeb4561891b61c1e6e17a68,windows10-64-shippable-qr,True,False,,,102210fe594ee9b33d82058545b1ed14f4c8206e,browser-toolbox.close-process.DAMP,damp,True,damp browser-toolbox.close-process.DAMP opt e10s fission stylo webrender-sw,4768818,77,ms,firefox,444483353.0,1831491329,2024-01-22 23:35:05,74.73477542142791,4499daa0d18ad8e103558e0a5e4498ddcd0f8c20,1364316,,,,,,,,,,,,,,,,,,,,,,,,,,,,,,,,,,,,,,,,,,,,,,,,,,,,,,,,,,,,,TN,TN
autoland,4769114,12,1a03ada32d4ae63ebeeb4561891b61c1e6e17a68,windows10-64-shippable-qr,True,False,,,102210fe594ee9b33d82058545b1ed14f4c8206e,browser-toolbox.close-process.DAMP,damp,True,damp browser-toolbox.close-process.DAMP opt e10s fission stylo webrender-sw,4768818,77,ms,firefox,444475989.0,1831458031,2024-01-22 23:36:24,75.35626636265079,938e67ed7818cdb5cabd386af7b01ed348094492,1364317,,,,,,,,,,,,,,,,,,,,,,,,,,,,,,,,,,,,,,,,,,,,,,,,,,,,,,,,,,,,,TN,TN
autoland,4769114,12,1a03ada32d4ae63ebeeb4561891b61c1e6e17a68,windows10-64-shippable-qr,True,False,,,102210fe594ee9b33d82058545b1ed14f4c8206e,browser-toolbox.close-process.DAMP,damp,True,damp browser-toolbox.close-process.DAMP opt e10s fission stylo webrender-sw,4768818,77,ms,firefox,444475954.0,1831456689,2024-01-23 00:04:29,74.56613127407036,b326f30c2c18078b1ccdfd4b509c79f093e7c434,1364328,,,,,,,,,,,,,,,,,,,,,,,,,,,,,,,,,,,,,,,,,,,,,,,,,,,,,,,,,,,,,TN,TN
autoland,4769114,12,1a03ada32d4ae63ebeeb4561891b61c1e6e17a68,windows10-64-shippable-qr,True,False,,,102210fe594ee9b33d82058545b1ed14f4c8206e,browser-toolbox.close-process.DAMP,damp,True,damp browser-toolbox.close-process.DAMP opt e10s fission stylo webrender-sw,4768818,77,ms,firefox,444241388.0,1830297842,2024-01-23 00:22:14,73.08996068185661,43fa5aa71c8c00288a4fe686f0e4bf72e2f5f28d,1364332,,,,,,,,,,,,,,,,,,,,,,,,,,,,,,,,,,,,,,,,,,,,,,,,,,,,,,,,,,,,,TN,TN
autoland,4769114,12,1a03ada32d4ae63ebeeb4561891b61c1e6e17a68,windows10-64-shippable-qr,True,False,,,102210fe594ee9b33d82058545b1ed14f4c8206e,browser-toolbox.close-process.DAMP,damp,True,damp browser-toolbox.close-process.DAMP opt e10s fission stylo webrender-sw,4768818,77,ms,firefox,444261233.0,1830427701,2024-01-23 05:54:31,72.76235558190092,fcdb6404eb0234c50bf85922bacad525da6851d5,1364408,,,,,,,,,,,,,,,,,,,,,,,,,,,,,,,,,,,,,,,,,,,,,,,,,,,,,,,,,,,,,TN,TN
autoland,4769114,12,1a03ada32d4ae63ebeeb4561891b61c1e6e17a68,windows10-64-shippable-qr,True,False,,,102210fe594ee9b33d82058545b1ed14f4c8206e,browser-toolbox.close-process.DAMP,damp,True,damp browser-toolbox.close-process.DAMP opt e10s fission stylo webrender-sw,4768818,77,ms,firefox,444308751.0,1830663697,2024-01-23 14:14:29,72.52159185279743,296f1b67a4750aa2166832b5b9d8ba0eee6fe635,1364570,,,,,,,,,,,,,,,,,,,,,,,,,,,,,,,,,,,,,,,,,,,,,,,,,,,,,,,,,,,,,TN,TN
autoland,4769114,12,1a03ada32d4ae63ebeeb4561891b61c1e6e17a68,windows10-64-shippable-qr,True,False,,,102210fe594ee9b33d82058545b1ed14f4c8206e,browser-toolbox.close-process.DAMP,damp,True,damp browser-toolbox.close-process.DAMP opt e10s fission stylo webrender-sw,4768818,77,ms,firefox,444622842.0,1832229052,2024-01-23 14:29:28,73.17771240092407,8af7503ecb577e1840763fe1596800deb30d03f7,1364587,,,,,,,,,,,,,,,,,,,,,,,,,,,,,,,,,,,,,,,,,,,,,,,,,,,,,,,,,,,,,TN,TN
autoland,4769114,12,1a03ada32d4ae63ebeeb4561891b61c1e6e17a68,windows10-64-shippable-qr,True,False,,,102210fe594ee9b33d82058545b1ed14f4c8206e,browser-toolbox.close-process.DAMP,damp,True,damp browser-toolbox.close-process.DAMP opt e10s fission stylo webrender-sw,4768818,77,ms,firefox,444622902.0,1832228834,2024-01-23 14:31:58,73.3736333878187,d27c32ae0908c0b5d2c9213b9a624e3d0b71e2d5,1364588,,,,,,,,,,,,,,,,,,,,,,,,,,,,,,,,,,,,,,,,,,,,,,,,,,,,,,,,,,,,,TN,TN
autoland,4769114,12,1a03ada32d4ae63ebeeb4561891b61c1e6e17a68,windows10-64-shippable-qr,True,False,,,102210fe594ee9b33d82058545b1ed14f4c8206e,browser-toolbox.close-process.DAMP,damp,True,damp browser-toolbox.close-process.DAMP opt e10s fission stylo webrender-sw,4768818,77,ms,firefox,444622961.0,1832228993,2024-01-23 14:33:09,74.39426997005648,0426af8e809aa4211a5fb9709cd734d32f62b06a,1364589,,,,,,,,,,,,,,,,,,,,,,,,,,,,,,,,,,,,,,,,,,,,,,,,,,,,,,,,,,,,,TN,TN
autoland,4769114,12,1a03ada32d4ae63ebeeb4561891b61c1e6e17a68,windows10-64-shippable-qr,True,False,,,102210fe594ee9b33d82058545b1ed14f4c8206e,browser-toolbox.close-process.DAMP,damp,True,damp browser-toolbox.close-process.DAMP opt e10s fission stylo webrender-sw,4768818,77,ms,firefox,444623056.0,1832228923,2024-01-23 14:34:19,73.18519676524738,5c38b3e5008b25db6a3c20acc5df4e5e10c7af52,1364590,,,,,,,,,,,,,,,,,,,,,,,,,,,,,,,,,,,,,,,,,,,,,,,,,,,,,,,,,,,,,TN,TN
autoland,4769114,12,1a03ada32d4ae63ebeeb4561891b61c1e6e17a68,windows10-64-shippable-qr,True,False,,,102210fe594ee9b33d82058545b1ed14f4c8206e,browser-toolbox.close-process.DAMP,damp,True,damp browser-toolbox.close-process.DAMP opt e10s fission stylo webrender-sw,4768818,77,ms,firefox,444623439.0,1832231392,2024-01-23 14:45:55,72.65364093377138,2211ddf306e059fb7dde19957b45aad3689145b5,1364597,,,,,,,,,,,,,,,,,,,,,,,,,,,,,,,,,,,,,,,,,,,,,,,,,,,,,,,,,,,,,TN,TN
autoland,4769114,12,1a03ada32d4ae63ebeeb4561891b61c1e6e17a68,windows10-64-shippable-qr,True,False,,,102210fe594ee9b33d82058545b1ed14f4c8206e,browser-toolbox.close-process.DAMP,damp,True,damp browser-toolbox.close-process.DAMP opt e10s fission stylo webrender-sw,4768818,77,ms,firefox,444623478.0,1832231854,2024-01-23 14:46:37,73.50582963498891,1133b5c975879ab506f1e70046ec70268036d3a5,1364598,,,,,,,,,,,,,,,,,,,,,,,,,,,,,,,,,,,,,,,,,,,,,,,,,,,,,,,,,,,,,TN,TN
autoland,4769114,12,1a03ada32d4ae63ebeeb4561891b61c1e6e17a68,windows10-64-shippable-qr,True,False,,,102210fe594ee9b33d82058545b1ed14f4c8206e,browser-toolbox.close-process.DAMP,damp,True,damp browser-toolbox.close-process.DAMP opt e10s fission stylo webrender-sw,4768818,77,ms,firefox,444623686.0,1832233003,2024-01-23 14:48:05,75.51377554709325,350c5c20b4dfc6f015271308efa0916d28231443,1364599,,,,,,,,,,,,,,,,,,,,,,,,,,,,,,,,,,,,,,,,,,,,,,,,,,,,,,,,,,,,,TN,TN
autoland,4769114,12,1a03ada32d4ae63ebeeb4561891b61c1e6e17a68,windows10-64-shippable-qr,True,False,,,102210fe594ee9b33d82058545b1ed14f4c8206e,browser-toolbox.close-process.DAMP,damp,True,damp browser-toolbox.close-process.DAMP opt e10s fission stylo webrender-sw,4768818,77,ms,firefox,444623610.0,1832232432,2024-01-23 14:48:50,73.71952410015365,ec465e39a54a4826987bbc0a63c3d51cd1724376,1364600,,,,,,,,,,,,,,,,,,,,,,,,,,,,,,,,,,,,,,,,,,,,,,,,,,,,,,,,,,,,,TN,TN
autoland,4769114,12,1a03ada32d4ae63ebeeb4561891b61c1e6e17a68,windows10-64-shippable-qr,True,False,,,102210fe594ee9b33d82058545b1ed14f4c8206e,browser-toolbox.close-process.DAMP,damp,True,damp browser-toolbox.close-process.DAMP opt e10s fission stylo webrender-sw,4768818,77,ms,firefox,444623604.0,1832232065,2024-01-23 14:49:33,73.13409248155222,04a36fc99efd70e08f2ee5da673e29696db90fc4,1364606,,,,,,,,,,,,,,,,,,,,,,,,,,,,,,,,,,,,,,,,,,,,,,,,,,,,,,,,,,,,,TN,TN
autoland,4769114,12,1a03ada32d4ae63ebeeb4561891b61c1e6e17a68,windows10-64-shippable-qr,True,False,,,102210fe594ee9b33d82058545b1ed14f4c8206e,browser-toolbox.close-process.DAMP,damp,True,damp browser-toolbox.close-process.DAMP opt e10s fission stylo webrender-sw,4768818,77,ms,firefox,444318614.0,1830696082,2024-01-23 14:50:16,73.87420413744985,f3efca74da0f43269bd8ac07e2a5d27e89c4d7c3,1364607,,,,,,,,,,,,,,,,,,,,,,,,,,,,,,,,,,,,,,,,,,,,,,,,,,,,,,,,,,,,,TN,TN
autoland,4769114,12,1a03ada32d4ae63ebeeb4561891b61c1e6e17a68,windows10-64-shippable-qr,True,False,,,102210fe594ee9b33d82058545b1ed14f4c8206e,browser-toolbox.close-process.DAMP,damp,True,damp browser-toolbox.close-process.DAMP opt e10s fission stylo webrender-sw,4768818,77,ms,firefox,444623057.0,1832229439,2024-01-23 15:26:09,70.94119610730195,20e975d790c813957b823a4418e599107ec2a097,1364655,,,,,,,,,,,,,,,,,,,,,,,,,,,,,,,,,,,,,,,,,,,,,,,,,,,,,,,,,,,,,TN,TN
autoland,4769114,12,1a03ada32d4ae63ebeeb4561891b61c1e6e17a68,windows10-64-shippable-qr,True,False,,,102210fe594ee9b33d82058545b1ed14f4c8206e,browser-toolbox.close-process.DAMP,damp,True,damp browser-toolbox.close-process.DAMP opt e10s fission stylo webrender-sw,4768818,77,ms,firefox,444623062.0,1832229889,2024-01-23 15:27:37,75.87640612050018,a523d1a7e54820277109a39a6e8f4fdcaf051d28,1364656,,,,,,,,,,,,,,,,,,,,,,,,,,,,,,,,,,,,,,,,,,,,,,,,,,,,,,,,,,,,,TN,TN
autoland,4769114,12,1a03ada32d4ae63ebeeb4561891b61c1e6e17a68,windows10-64-shippable-qr,True,False,,,102210fe594ee9b33d82058545b1ed14f4c8206e,browser-toolbox.close-process.DAMP,damp,True,damp browser-toolbox.close-process.DAMP opt e10s fission stylo webrender-sw,4768818,77,ms,firefox,444623481.0,1832232300,2024-01-23 15:31:35,72.21273693683906,d9365402e22ac8af80dfab11a466277db5c01985,1364659,,,,,,,,,,,,,,,,,,,,,,,,,,,,,,,,,,,,,,,,,,,,,,,,,,,,,,,,,,,,,TN,TN
autoland,4769114,12,1a03ada32d4ae63ebeeb4561891b61c1e6e17a68,windows10-64-shippable-qr,True,False,,,102210fe594ee9b33d82058545b1ed14f4c8206e,browser-toolbox.close-process.DAMP,damp,True,damp browser-toolbox.close-process.DAMP opt e10s fission stylo webrender-sw,4768818,77,ms,firefox,444623105.0,1832229790,2024-01-23 15:32:24,73.44616665928334,2d11b6847668f918156b70179cd9b96dfd7043e3,1364660,,,,,,,,,,,,,,,,,,,,,,,,,,,,,,,,,,,,,,,,,,,,,,,,,,,,,,,,,,,,,TN,TN
autoland,4769114,12,1a03ada32d4ae63ebeeb4561891b61c1e6e17a68,windows10-64-shippable-qr,True,False,,,102210fe594ee9b33d82058545b1ed14f4c8206e,browser-toolbox.close-process.DAMP,damp,True,damp browser-toolbox.close-process.DAMP opt e10s fission stylo webrender-sw,4768818,77,ms,firefox,444623640.0,1832232549,2024-01-23 15:33:06,74.17591794882901,cd7ab7cab97da5debfab77a966f3a8522c3dd916,1364661,,,,,,,,,,,,,,,,,,,,,,,,,,,,,,,,,,,,,,,,,,,,,,,,,,,,,,,,,,,,,TN,TN
autoland,4769114,12,1a03ada32d4ae63ebeeb4561891b61c1e6e17a68,windows10-64-shippable-qr,True,False,,,102210fe594ee9b33d82058545b1ed14f4c8206e,browser-toolbox.close-process.DAMP,damp,True,damp browser-toolbox.close-process.DAMP opt e10s fission stylo webrender-sw,4768818,77,ms,firefox,444623644.0,1832232759,2024-01-23 15:33:54,72.36875115841394,c46a7cea75e6f516fea201de317fd0ebc3c20de2,1364664,,,,,,,,,,,,,,,,,,,,,,,,,,,,,,,,,,,,,,,,,,,,,,,,,,,,,,,,,,,,,TN,TN
autoland,4769114,12,1a03ada32d4ae63ebeeb4561891b61c1e6e17a68,windows10-64-shippable-qr,True,False,,,102210fe594ee9b33d82058545b1ed14f4c8206e,browser-toolbox.close-process.DAMP,damp,True,damp browser-toolbox.close-process.DAMP opt e10s fission stylo webrender-sw,4768818,77,ms,firefox,444623136.0,1832229947,2024-01-23 15:34:42,71.89273655446596,7b8b6ea1e7aa48e21358dfb4db4b5c2f8728934e,1364666,,,,,,,,,,,,,,,,,,,,,,,,,,,,,,,,,,,,,,,,,,,,,,,,,,,,,,,,,,,,,TN,TN
autoland,4769114,12,1a03ada32d4ae63ebeeb4561891b61c1e6e17a68,windows10-64-shippable-qr,True,False,,,102210fe594ee9b33d82058545b1ed14f4c8206e,browser-toolbox.close-process.DAMP,damp,True,damp browser-toolbox.close-process.DAMP opt e10s fission stylo webrender-sw,4768818,77,ms,firefox,444623607.0,1832232233,2024-01-23 16:01:50,71.13968147451669,a73c4546b9861bb960800a7c5c8ac0c5952dcdd1,1364691,,,,,,,,,,,,,,,,,,,,,,,,,,,,,,,,,,,,,,,,,,,,,,,,,,,,,,,,,,,,,TN,TN
autoland,4769114,12,1a03ada32d4ae63ebeeb4561891b61c1e6e17a68,windows10-64-shippable-qr,True,False,,,102210fe594ee9b33d82058545b1ed14f4c8206e,browser-toolbox.close-process.DAMP,damp,True,damp browser-toolbox.close-process.DAMP opt e10s fission stylo webrender-sw,4768818,77,ms,firefox,444623606.0,1832232541,2024-01-23 16:09:11,74.07605254492955,850d27438a0f24f5a014b84759773d64495eacf0,1364699,,,,,,,,,,,,,,,,,,,,,,,,,,,,,,,,,,,,,,,,,,,,,,,,,,,,,,,,,,,,,TN,TN
autoland,4769114,12,1a03ada32d4ae63ebeeb4561891b61c1e6e17a68,windows10-64-shippable-qr,True,False,,,102210fe594ee9b33d82058545b1ed14f4c8206e,browser-toolbox.close-process.DAMP,damp,True,damp browser-toolbox.close-process.DAMP opt e10s fission stylo webrender-sw,4768818,77,ms,firefox,444325641.0,1830791505,2024-01-23 16:09:55,72.62694256837858,936300bf2ee78e086143fb3718e2c0af755385b0,1364702,,,,,,,,,,,,,,,,,,,,,,,,,,,,,,,,,,,,,,,,,,,,,,,,,,,,,,,,,,,,,TN,TN
autoland,4769114,12,1a03ada32d4ae63ebeeb4561891b61c1e6e17a68,windows10-64-shippable-qr,True,False,,,102210fe594ee9b33d82058545b1ed14f4c8206e,browser-toolbox.close-process.DAMP,damp,True,damp browser-toolbox.close-process.DAMP opt e10s fission stylo webrender-sw,4768818,77,ms,firefox,444623251.0,1832230421,2024-01-23 17:48:46,73.41939707592246,ee4c3e7d20ff07ae9b38415476b4bd18d7be2b28,1364795,,,,,,,,,,,,,,,,,,,,,,,,,,,,,,,,,,,,,,,,,,,,,,,,,,,,,,,,,,,,,TN,TN
autoland,4769114,12,1a03ada32d4ae63ebeeb4561891b61c1e6e17a68,windows10-64-shippable-qr,True,False,,,102210fe594ee9b33d82058545b1ed14f4c8206e,browser-toolbox.close-process.DAMP,damp,True,damp browser-toolbox.close-process.DAMP opt e10s fission stylo webrender-sw,4768818,77,ms,firefox,444623247.0,1832230206,2024-01-23 17:53:17,70.5387881158531,87af26a458726c3c74fdf50b9a88adb4fe0ac0fa,1364799,,,,,,,,,,,,,,,,,,,,,,,,,,,,,,,,,,,,,,,,,,,,,,,,,,,,,,,,,,,,,TN,TN
autoland,4769114,12,1a03ada32d4ae63ebeeb4561891b61c1e6e17a68,windows10-64-shippable-qr,True,False,,,102210fe594ee9b33d82058545b1ed14f4c8206e,browser-toolbox.close-process.DAMP,damp,True,damp browser-toolbox.close-process.DAMP opt e10s fission stylo webrender-sw,4768818,77,ms,firefox,444623252.0,1832231482,2024-01-23 18:04:28,74.5151454435545,0041856e283df9e9b91f4a5b5c59b7214bb3d8e5,1364807,,,,,,,,,,,,,,,,,,,,,,,,,,,,,,,,,,,,,,,,,,,,,,,,,,,,,,,,,,,,,TN,TN
autoland,4769114,12,1a03ada32d4ae63ebeeb4561891b61c1e6e17a68,windows10-64-shippable-qr,True,False,,,102210fe594ee9b33d82058545b1ed14f4c8206e,browser-toolbox.close-process.DAMP,damp,True,damp browser-toolbox.close-process.DAMP opt e10s fission stylo webrender-sw,4768818,77,ms,firefox,444623250.0,1832230310,2024-01-23 18:10:17,73.40223491526558,945fa6ab7a45e6e662e76daada85d90332742f75,1364810,,,,,,,,,,,,,,,,,,,,,,,,,,,,,,,,,,,,,,,,,,,,,,,,,,,,,,,,,,,,,TN,TN
autoland,4769114,12,1a03ada32d4ae63ebeeb4561891b61c1e6e17a68,windows10-64-shippable-qr,True,False,,,102210fe594ee9b33d82058545b1ed14f4c8206e,browser-toolbox.close-process.DAMP,damp,True,damp browser-toolbox.close-process.DAMP opt e10s fission stylo webrender-sw,4768818,77,ms,firefox,444623298.0,1832230928,2024-01-23 18:39:45,76.20866442751867,015918f6142338b13a563f44b9e7d80077aeb80b,1364827,,,,,,,,,,,,,,,,,,,,,,,,,,,,,,,,,,,,,,,,,,,,,,,,,,,,,,,,,,,,,TN,TN
autoland,4769114,12,1a03ada32d4ae63ebeeb4561891b61c1e6e17a68,windows10-64-shippable-qr,True,False,,,102210fe594ee9b33d82058545b1ed14f4c8206e,browser-toolbox.close-process.DAMP,damp,True,damp browser-toolbox.close-process.DAMP opt e10s fission stylo webrender-sw,4768818,77,ms,firefox,444623299.0,1832231050,2024-01-23 18:53:51,72.0382416278735,21b754dc819cc74b7a386d93624933daf6720807,1364830,,,,,,,,,,,,,,,,,,,,,,,,,,,,,,,,,,,,,,,,,,,,,,,,,,,,,,,,,,,,,TN,TN
autoland,4769114,12,1a03ada32d4ae63ebeeb4561891b61c1e6e17a68,windows10-64-shippable-qr,True,False,,,102210fe594ee9b33d82058545b1ed14f4c8206e,browser-toolbox.close-process.DAMP,damp,True,damp browser-toolbox.close-process.DAMP opt e10s fission stylo webrender-sw,4768818,77,ms,firefox,444623323.0,1832231186,2024-01-23 18:54:33,73.68849336651328,35df01cf86f03daa1a60256464b99739975b785a,1364831,,,,,,,,,,,,,,,,,,,,,,,,,,,,,,,,,,,,,,,,,,,,,,,,,,,,,,,,,,,,,TN,TN
autoland,4769114,12,1a03ada32d4ae63ebeeb4561891b61c1e6e17a68,windows10-64-shippable-qr,True,False,,,102210fe594ee9b33d82058545b1ed14f4c8206e,browser-toolbox.close-process.DAMP,damp,True,damp browser-toolbox.close-process.DAMP opt e10s fission stylo webrender-sw,4768818,77,ms,firefox,444623322.0,1832231263,2024-01-23 18:56:10,71.73160254429968,3053f05c3550dc60176efad0901c6f1778266148,1364832,,,,,,,,,,,,,,,,,,,,,,,,,,,,,,,,,,,,,,,,,,,,,,,,,,,,,,,,,,,,,TN,TN
autoland,4769114,12,1a03ada32d4ae63ebeeb4561891b61c1e6e17a68,windows10-64-shippable-qr,True,False,,,102210fe594ee9b33d82058545b1ed14f4c8206e,browser-toolbox.close-process.DAMP,damp,True,damp browser-toolbox.close-process.DAMP opt e10s fission stylo webrender-sw,4768818,77,ms,firefox,444623399.0,1832231594,2024-01-23 19:01:35,73.06346140851383,bce7b1a0fb9fe2e4a490cea60eff32ee5ad95d89,1364833,,,,,,,,,,,,,,,,,,,,,,,,,,,,,,,,,,,,,,,,,,,,,,,,,,,,,,,,,,,,,TN,TN
autoland,4769114,12,1a03ada32d4ae63ebeeb4561891b61c1e6e17a68,windows10-64-shippable-qr,True,False,,,102210fe594ee9b33d82058545b1ed14f4c8206e,browser-toolbox.close-process.DAMP,damp,True,damp browser-toolbox.close-process.DAMP opt e10s fission stylo webrender-sw,4768818,77,ms,firefox,444345356.0,1830869328,2024-01-23 19:03:54,72.75964975100942,ec71bc6778c4bdb9b4a93283fc0a3d3f302eb89e,1364834,,,,,,,,,,,,,,,,,,,,,,,,,,,,,,,,,,,,,,,,,,,,,,,,,,,,,,,,,,,,,TN,TN
autoland,4769114,12,1a03ada32d4ae63ebeeb4561891b61c1e6e17a68,windows10-64-shippable-qr,True,False,,,102210fe594ee9b33d82058545b1ed14f4c8206e,browser-toolbox.close-process.DAMP,damp,True,damp browser-toolbox.close-process.DAMP opt e10s fission stylo webrender-sw,4768818,77,ms,firefox,444651109.0,1832338752,2024-01-23 21:29:15,73.82100073457696,138173680ff833db05078ce0eb487c6bab6d232d,1364969,,,,,,,,,,,,,,,,,,,,,,,,,,,,,,,,,,,,,,,,,,,,,,,,,,,,,,,,,,,,,TN,TN
autoland,4769114,12,1a03ada32d4ae63ebeeb4561891b61c1e6e17a68,windows10-64-shippable-qr,True,False,,,102210fe594ee9b33d82058545b1ed14f4c8206e,browser-toolbox.close-process.DAMP,damp,True,damp browser-toolbox.close-process.DAMP opt e10s fission stylo webrender-sw,4768818,77,ms,firefox,444657421.0,1832388412,2024-01-23 21:31:09,73.94831804615387,bfb56a59dd117e501977c333c1ea3264313e650b,1364972,,,,,,,,,,,,,,,,,,,,,,,,,,,,,,,,,,,,,,,,,,,,,,,,,,,,,,,,,,,,,TN,TN
autoland,4769114,12,1a03ada32d4ae63ebeeb4561891b61c1e6e17a68,windows10-64-shippable-qr,True,False,,,102210fe594ee9b33d82058545b1ed14f4c8206e,browser-toolbox.close-process.DAMP,damp,True,damp browser-toolbox.close-process.DAMP opt e10s fission stylo webrender-sw,4768818,77,ms,firefox,444651391.0,1832360144,2024-01-23 21:31:53,73.7257687507954,24691f8ca5ec31c472a92876c2f5f9cefecad046,1364973,,,,,,,,,,,,,,,,,,,,,,,,,,,,,,,,,,,,,,,,,,,,,,,,,,,,,,,,,,,,,TN,TN
autoland,4769114,12,1a03ada32d4ae63ebeeb4561891b61c1e6e17a68,windows10-64-shippable-qr,True,False,,,102210fe594ee9b33d82058545b1ed14f4c8206e,browser-toolbox.close-process.DAMP,damp,True,damp browser-toolbox.close-process.DAMP opt e10s fission stylo webrender-sw,4768818,77,ms,firefox,444650918.0,1832338330,2024-01-23 21:32:37,74.43767011212185,2276ab3d40001aa70688b30569243b36dfb56302,1364974,,,,,,,,,,,,,,,,,,,,,,,,,,,,,,,,,,,,,,,,,,,,,,,,,,,,,,,,,,,,,TN,TN
autoland,4769114,12,1a03ada32d4ae63ebeeb4561891b61c1e6e17a68,windows10-64-shippable-qr,True,False,,,102210fe594ee9b33d82058545b1ed14f4c8206e,browser-toolbox.close-process.DAMP,damp,True,damp browser-toolbox.close-process.DAMP opt e10s fission stylo webrender-sw,4768818,77,ms,firefox,444649979.0,1832337595,2024-01-23 21:33:21,73.53515921669896,268aff2910e4a2b0034a5eafc9e869a42d46da00,1364975,,,,,,,,,,,,,,,,,,,,,,,,,,,,,,,,,,,,,,,,,,,,,,,,,,,,,,,,,,,,,TN,TN
autoland,4769114,12,1a03ada32d4ae63ebeeb4561891b61c1e6e17a68,windows10-64-shippable-qr,True,False,,,102210fe594ee9b33d82058545b1ed14f4c8206e,browser-toolbox.close-process.DAMP,damp,True,damp browser-toolbox.close-process.DAMP opt e10s fission stylo webrender-sw,4768818,77,ms,firefox,444652977.0,1832387567,2024-01-23 22:04:53,73.2818442411226,a9ebe6acb81933f1f04e6edf131ff096aab227fd,1365005,,,,,,,,,,,,,,,,,,,,,,,,,,,,,,,,,,,,,,,,,,,,,,,,,,,,,,,,,,,,,TN,TN
autoland,4769114,12,1a03ada32d4ae63ebeeb4561891b61c1e6e17a68,windows10-64-shippable-qr,True,False,,,102210fe594ee9b33d82058545b1ed14f4c8206e,browser-toolbox.close-process.DAMP,damp,True,damp browser-toolbox.close-process.DAMP opt e10s fission stylo webrender-sw,4768818,77,ms,firefox,444640054.0,1832289471,2024-01-23 22:06:20,70.31982267041167,d02640a982786d1a1bdf84efff9dc136176148dd,1365007,,,,,,,,,,,,,,,,,,,,,,,,,,,,,,,,,,,,,,,,,,,,,,,,,,,,,,,,,,,,,TN,TN
autoland,4769114,12,1a03ada32d4ae63ebeeb4561891b61c1e6e17a68,windows10-64-shippable-qr,True,False,,,102210fe594ee9b33d82058545b1ed14f4c8206e,browser-toolbox.close-process.DAMP,damp,True,damp browser-toolbox.close-process.DAMP opt e10s fission stylo webrender-sw,4768818,77,ms,firefox,444651306.0,1832359837,2024-01-23 22:19:45,74.2821419891552,11be855564e8bc305fa429a262ddc90d7bf647fa,1365020,,,,,,,,,,,,,,,,,,,,,,,,,,,,,,,,,,,,,,,,,,,,,,,,,,,,,,,,,,,,,TN,TN
autoland,4769114,12,1a03ada32d4ae63ebeeb4561891b61c1e6e17a68,windows10-64-shippable-qr,True,False,,,102210fe594ee9b33d82058545b1ed14f4c8206e,browser-toolbox.close-process.DAMP,damp,True,damp browser-toolbox.close-process.DAMP opt e10s fission stylo webrender-sw,4768818,77,ms,firefox,444650064.0,1832337408,2024-01-23 22:20:33,72.85024890021305,321e3bf95790205b2a020854ebb4fef5dcd16050,1365022,,,,,,,,,,,,,,,,,,,,,,,,,,,,,,,,,,,,,,,,,,,,,,,,,,,,,,,,,,,,,TN,TN
autoland,4769114,12,1a03ada32d4ae63ebeeb4561891b61c1e6e17a68,windows10-64-shippable-qr,True,False,,,102210fe594ee9b33d82058545b1ed14f4c8206e,browser-toolbox.close-process.DAMP,damp,True,damp browser-toolbox.close-process.DAMP opt e10s fission stylo webrender-sw,4768818,77,ms,firefox,444372683.0,1830995192,2024-01-23 22:21:15,73.57192789394321,25e5c4ea04b149ffa31cda5c4d75559df5369612,1365024,,,,,,,,,,,,,,,,,,,,,,,,,,,,,,,,,,,,,,,,,,,,,,,,,,,,,,,,,,,,,TN,TN
autoland,4769114,12,1a03ada32d4ae63ebeeb4561891b61c1e6e17a68,windows10-64-shippable-qr,True,False,,,102210fe594ee9b33d82058545b1ed14f4c8206e,browser-toolbox.close-process.DAMP,damp,True,damp browser-toolbox.close-process.DAMP opt e10s fission stylo webrender-sw,4768818,77,ms,firefox,444390486.0,1831063049,2024-01-24 02:38:58,68.05441540643369,a0389da68b91e5a92b02ccd9e65991bffb5d5771,1365197,,,,,,,,,,,,,,,,,,,,,,,,,,,,,,,,,,,,,,,,,,,,,,,,,,,,,,,,,,,,,TN,TN
autoland,4769114,12,1a03ada32d4ae63ebeeb4561891b61c1e6e17a68,windows10-64-shippable-qr,True,False,,,102210fe594ee9b33d82058545b1ed14f4c8206e,browser-toolbox.close-process.DAMP,damp,True,damp browser-toolbox.close-process.DAMP opt e10s fission stylo webrender-sw,4768818,77,ms,firefox,444406410.0,1831157580,2024-01-24 06:43:12,68.56878177387262,eed6f8e8fe3af01f49be74cc1be72d51e5a0933f,1365260,,,,,,,,,,,,,,,,,,,,,,,,,,,,,,,,,,,,,,,,,,,,,,,,,,,,,,,,,,,,,TN,TN
autoland,4769114,12,1a03ada32d4ae63ebeeb4561891b61c1e6e17a68,windows10-64-shippable-qr,True,False,,,102210fe594ee9b33d82058545b1ed14f4c8206e,browser-toolbox.close-process.DAMP,damp,True,damp browser-toolbox.close-process.DAMP opt e10s fission stylo webrender-sw,4768818,77,ms,firefox,444406880.0,1831184802,2024-01-24 06:57:11,73.70204608819768,7079db6b8da9081aee6b0ce96b68f368efec3277,1365262,,,,,,,,,,,,,,,,,,,,,,,,,,,,,,,,,,,,,,,,,,,,,,,,,,,,,,,,,,,,,TN,TN
autoland,4769114,12,1a03ada32d4ae63ebeeb4561891b61c1e6e17a68,windows10-64-shippable-qr,True,False,,,102210fe594ee9b33d82058545b1ed14f4c8206e,browser-toolbox.close-process.DAMP,damp,True,damp browser-toolbox.close-process.DAMP opt e10s fission stylo webrender-sw,4768818,77,ms,firefox,444458575.0,1831363651,2024-01-24 11:40:35,71.4208914325136,ce20634f32a1b78384fbbc028b4f86266056e7fb,1365369,,,,,,,,,,,,,,,,,,,,,,,,,,,,,,,,,,,,,,,,,,,,,,,,,,,,,,,,,,,,,TN,TN
autoland,4769114,12,1a03ada32d4ae63ebeeb4561891b61c1e6e17a68,windows10-64-shippable-qr,True,False,,,102210fe594ee9b33d82058545b1ed14f4c8206e,browser-toolbox.close-process.DAMP,damp,True,damp browser-toolbox.close-process.DAMP opt e10s fission stylo webrender-sw,4768818,77,ms,firefox,444487565.0,1831528176,2024-01-24 16:03:05,70.9823994669714,150dd33322ea6d34c4829f8e67efe7e37be8c48e,1365533,,,,,,,,,,,,,,,,,,,,,,,,,,,,,,,,,,,,,,,,,,,,,,,,,,,,,,,,,,,,,TN,TN
autoland,4769114,12,1a03ada32d4ae63ebeeb4561891b61c1e6e17a68,windows10-64-shippable-qr,True,False,,,102210fe594ee9b33d82058545b1ed14f4c8206e,browser-toolbox.close-process.DAMP,damp,True,damp browser-toolbox.close-process.DAMP opt e10s fission stylo webrender-sw,4768818,77,ms,firefox,444505615.0,1831617828,2024-01-24 18:01:21,71.52299887330446,e22428605dbb49942204564b03db80f474ea35ba,1365677,,,,,,,,,,,,,,,,,,,,,,,,,,,,,,,,,,,,,,,,,,,,,,,,,,,,,,,,,,,,,TN,TN
autoland,4769114,12,1a03ada32d4ae63ebeeb4561891b61c1e6e17a68,windows10-64-shippable-qr,True,False,,,102210fe594ee9b33d82058545b1ed14f4c8206e,browser-toolbox.close-process.DAMP,damp,True,damp browser-toolbox.close-process.DAMP opt e10s fission stylo webrender-sw,4768818,77,ms,firefox,444547765.0,1831848544,2024-01-25 05:05:51,72.46685990704282,ce5606473bf95f0899f69034525766ca9d0ed749,1366048,,,,,,,,,,,,,,,,,,,,,,,,,,,,,,,,,,,,,,,,,,,,,,,,,,,,,,,,,,,,,TN,TN
autoland,4769114,12,1a03ada32d4ae63ebeeb4561891b61c1e6e17a68,windows10-64-shippable-qr,True,False,,,102210fe594ee9b33d82058545b1ed14f4c8206e,browser-toolbox.close-process.DAMP,damp,True,damp browser-toolbox.close-process.DAMP opt e10s fission stylo webrender-sw,4768818,77,ms,firefox,444564067.0,1831912277,2024-01-25 07:56:38,70.81156192955314,c0289f78466cf0bf8a6871ef3417c180aab77e07,1366087,,,,,,,,,,,,,,,,,,,,,,,,,,,,,,,,,,,,,,,,,,,,,,,,,,,,,,,,,,,,,TN,TN
autoland,4769114,12,1a03ada32d4ae63ebeeb4561891b61c1e6e17a68,windows10-64-shippable-qr,True,False,,,102210fe594ee9b33d82058545b1ed14f4c8206e,browser-toolbox.close-process.DAMP,damp,True,damp browser-toolbox.close-process.DAMP opt e10s fission stylo webrender-sw,4768818,77,ms,firefox,444598216.0,1832042766,2024-01-25 12:05:33,70.71418526479829,c746000752516a4b8ede1f6a5c7b2f4be12a33d7,1366202,,,,,,,,,,,,,,,,,,,,,,,,,,,,,,,,,,,,,,,,,,,,,,,,,,,,,,,,,,,,,TN,TN
autoland,4769114,12,1a03ada32d4ae63ebeeb4561891b61c1e6e17a68,windows10-64-shippable-qr,True,False,,,102210fe594ee9b33d82058545b1ed14f4c8206e,browser-toolbox.close-process.DAMP,damp,True,damp browser-toolbox.close-process.DAMP opt e10s fission stylo webrender-sw,4768818,77,ms,firefox,444619271.0,1832164733,2024-01-25 15:26:29,71.18225096092647,34f197ce93a24d93523617eba67ecee2e990c37c,1366326,,,,,,,,,,,,,,,,,,,,,,,,,,,,,,,,,,,,,,,,,,,,,,,,,,,,,,,,,,,,,TN,TN
autoland,4769114,12,1a03ada32d4ae63ebeeb4561891b61c1e6e17a68,windows10-64-shippable-qr,True,False,,,102210fe594ee9b33d82058545b1ed14f4c8206e,browser-toolbox.close-process.DAMP,damp,True,damp browser-toolbox.close-process.DAMP opt e10s fission stylo webrender-sw,4768818,77,ms,firefox,444651411.0,1832361942,2024-01-25 20:50:47,75.54936756043753,dd2a416c0c76b4cc9f6161d6be89aa7356e4eae5,1366563,,,,,,,,,,,,,,,,,,,,,,,,,,,,,,,,,,,,,,,,,,,,,,,,,,,,,,,,,,,,,TN,TN
autoland,4769114,12,1a03ada32d4ae63ebeeb4561891b61c1e6e17a68,windows10-64-shippable-qr,True,False,,,102210fe594ee9b33d82058545b1ed14f4c8206e,browser-toolbox.close-process.DAMP,damp,True,damp browser-toolbox.close-process.DAMP opt e10s fission stylo webrender-sw,4768818,77,ms,firefox,444651270.0,1832359220,2024-01-25 20:51:29,71.62317975870974,5da1e842ef70c74d8ed72128e460f75b633fae95,1366564,,,,,,,,,,,,,,,,,,,,,,,,,,,,,,,,,,,,,,,,,,,,,,,,,,,,,,,,,,,,,TN,TN
autoland,4769114,12,1a03ada32d4ae63ebeeb4561891b61c1e6e17a68,windows10-64-shippable-qr,True,False,,,102210fe594ee9b33d82058545b1ed14f4c8206e,browser-toolbox.close-process.DAMP,damp,True,damp browser-toolbox.close-process.DAMP opt e10s fission stylo webrender-sw,4768818,77,ms,firefox,444688542.0,1832518307,2024-01-26 03:41:27,67.82496975785762,a412d893c38f632f34b44a9c5b3fd8cc30bb87be,1366751,,,,,,,,,,,,,,,,,,,,,,,,,,,,,,,,,,,,,,,,,,,,,,,,,,,,,,,,,,,,,TN,TN
autoland,4769114,12,1a03ada32d4ae63ebeeb4561891b61c1e6e17a68,windows10-64-shippable-qr,True,False,,,102210fe594ee9b33d82058545b1ed14f4c8206e,browser-toolbox.close-process.DAMP,damp,True,damp browser-toolbox.close-process.DAMP opt e10s fission stylo webrender-sw,4768818,77,ms,firefox,444743799.0,1832757982,2024-01-26 11:04:34,73.04217792772397,18f5823716e4c35d7c899d2ce4be7fcd66cab9d0,1366921,,,,,,,,,,,,,,,,,,,,,,,,,,,,,,,,,,,,,,,,,,,,,,,,,,,,,,,,,,,,,TN,TN
autoland,4769114,12,1a03ada32d4ae63ebeeb4561891b61c1e6e17a68,windows10-64-shippable-qr,True,False,,,102210fe594ee9b33d82058545b1ed14f4c8206e,browser-toolbox.close-process.DAMP,damp,True,damp browser-toolbox.close-process.DAMP opt e10s fission stylo webrender-sw,4768818,77,ms,firefox,444784381.0,1832942634,2024-01-26 15:49:43,74.79667637078092,19005661ad786853d186a7d3434e6c290bccaa95,1367044,,,,,,,,,,,,,,,,,,,,,,,,,,,,,,,,,,,,,,,,,,,,,,,,,,,,,,,,,,,,,TN,TN
autoland,4769114,12,1a03ada32d4ae63ebeeb4561891b61c1e6e17a68,windows10-64-shippable-qr,True,False,,,102210fe594ee9b33d82058545b1ed14f4c8206e,browser-toolbox.close-process.DAMP,damp,True,damp browser-toolbox.close-process.DAMP opt e10s fission stylo webrender-sw,4768818,77,ms,firefox,444785688.0,1832969609,2024-01-26 15:52:38,73.14869491309219,4641c3dcf0c3cfbdc8976f2fcc6898107149e19e,1367050,,,,,,,,,,,,,,,,,,,,,,,,,,,,,,,,,,,,,,,,,,,,,,,,,,,,,,,,,,,,,TN,TN
autoland,4769114,12,1a03ada32d4ae63ebeeb4561891b61c1e6e17a68,windows10-64-shippable-qr,True,False,,,102210fe594ee9b33d82058545b1ed14f4c8206e,browser-toolbox.close-process.DAMP,damp,True,damp browser-toolbox.close-process.DAMP opt e10s fission stylo webrender-sw,4768818,77,ms,firefox,444817041.0,1833154585,2024-01-26 20:02:47,74.58469056207105,38fb47dac16804e3d5c8211277f084198e43de88,1367207,,,,,,,,,,,,,,,,,,,,,,,,,,,,,,,,,,,,,,,,,,,,,,,,,,,,,,,,,,,,,TN,TN
autoland,4769114,12,1a03ada32d4ae63ebeeb4561891b61c1e6e17a68,windows10-64-shippable-qr,True,False,,,102210fe594ee9b33d82058545b1ed14f4c8206e,browser-toolbox.close-process.DAMP,damp,True,damp browser-toolbox.close-process.DAMP opt e10s fission stylo webrender-sw,4768818,77,ms,firefox,444810446.0,1833103789,2024-01-26 20:05:08,72.90030399161333,ac4906fa040ce76ad5ea8f73caf83045f291b613,1367213,,,,,,,,,,,,,,,,,,,,,,,,,,,,,,,,,,,,,,,,,,,,,,,,,,,,,,,,,,,,,TN,TN
autoland,4769114,12,1a03ada32d4ae63ebeeb4561891b61c1e6e17a68,windows10-64-shippable-qr,True,False,,,102210fe594ee9b33d82058545b1ed14f4c8206e,browser-toolbox.close-process.DAMP,damp,True,damp browser-toolbox.close-process.DAMP opt e10s fission stylo webrender-sw,4768818,77,ms,firefox,444836203.0,1833243056,2024-01-27 00:32:58,68.67388905365078,99babcb9f349f4d91fe26290269d9d25fc1bbd04,1367362,,,,,,,,,,,,,,,,,,,,,,,,,,,,,,,,,,,,,,,,,,,,,,,,,,,,,,,,,,,,,TN,TN
autoland,4769114,12,1a03ada32d4ae63ebeeb4561891b61c1e6e17a68,windows10-64-shippable-qr,True,False,,,102210fe594ee9b33d82058545b1ed14f4c8206e,browser-toolbox.close-process.DAMP,damp,True,damp browser-toolbox.close-process.DAMP opt e10s fission stylo webrender-sw,4768818,77,ms,firefox,444853772.0,1833434210,2024-01-27 06:05:38,69.87696629501443,1e79d9e65ec0577bb7d698c86edc6f35b4f92ce8,1367422,,,,,,,,,,,,,,,,,,,,,,,,,,,,,,,,,,,,,,,,,,,,,,,,,,,,,,,,,,,,,TN,TN
autoland,4769114,12,1a03ada32d4ae63ebeeb4561891b61c1e6e17a68,windows10-64-shippable-qr,True,False,,,102210fe594ee9b33d82058545b1ed14f4c8206e,browser-toolbox.close-process.DAMP,damp,True,damp browser-toolbox.close-process.DAMP opt e10s fission stylo webrender-sw,4768818,77,ms,firefox,444882294.0,1833622064,2024-01-27 14:01:44,70.75872925715521,09a1abcfcfb73aa1ae9781d2816102729c0f82a6,1367473,,,,,,,,,,,,,,,,,,,,,,,,,,,,,,,,,,,,,,,,,,,,,,,,,,,,,,,,,,,,,TN,TN
autoland,4769114,12,1a03ada32d4ae63ebeeb4561891b61c1e6e17a68,windows10-64-shippable-qr,True,False,,,102210fe594ee9b33d82058545b1ed14f4c8206e,browser-toolbox.close-process.DAMP,damp,True,damp browser-toolbox.close-process.DAMP opt e10s fission stylo webrender-sw,4768818,77,ms,firefox,444900426.0,1833736623,2024-01-28 01:17:56,68.47008964777342,2e376c0d1662606cf6811ab3ff138b784d465291,1367530,,,,,,,,,,,,,,,,,,,,,,,,,,,,,,,,,,,,,,,,,,,,,,,,,,,,,,,,,,,,,TN,TN
autoland,4769114,12,1a03ada32d4ae63ebeeb4561891b61c1e6e17a68,windows10-64-shippable-qr,True,False,,,102210fe594ee9b33d82058545b1ed14f4c8206e,browser-toolbox.close-process.DAMP,damp,True,damp browser-toolbox.close-process.DAMP opt e10s fission stylo webrender-sw,4768818,77,ms,firefox,444905093.0,1833767599,2024-01-28 06:00:30,68.69197972343682,0f372a16b1e1e959f46701e4210f6a6eaf4e40ec,1367545,,,,,,,,,,,,,,,,,,,,,,,,,,,,,,,,,,,,,,,,,,,,,,,,,,,,,,,,,,,,,TN,TN
autoland,4769114,12,1a03ada32d4ae63ebeeb4561891b61c1e6e17a68,windows10-64-shippable-qr,True,False,,,102210fe594ee9b33d82058545b1ed14f4c8206e,browser-toolbox.close-process.DAMP,damp,True,damp browser-toolbox.close-process.DAMP opt e10s fission stylo webrender-sw,4768818,77,ms,firefox,444937682.0,1833910539,2024-01-28 10:01:02,72.72775990325317,9b32d8116833ab08f4e3f0b18c12587ac1f9360b,1367556,,,,,,,,,,,,,,,,,,,,,,,,,,,,,,,,,,,,,,,,,,,,,,,,,,,,,,,,,,,,,TN,TN
autoland,4769114,12,1a03ada32d4ae63ebeeb4561891b61c1e6e17a68,windows10-64-shippable-qr,True,False,,,102210fe594ee9b33d82058545b1ed14f4c8206e,browser-toolbox.close-process.DAMP,damp,True,damp browser-toolbox.close-process.DAMP opt e10s fission stylo webrender-sw,4768818,77,ms,firefox,444947193.0,1833990385,2024-01-28 14:31:15,72.63976734739845,13780f5cb2f5d698f35a23f2fafa1593ef7affe9,1367584,,,,,,,,,,,,,,,,,,,,,,,,,,,,,,,,,,,,,,,,,,,,,,,,,,,,,,,,,,,,,TN,TN
autoland,4769114,12,1a03ada32d4ae63ebeeb4561891b61c1e6e17a68,windows10-64-shippable-qr,True,False,,,102210fe594ee9b33d82058545b1ed14f4c8206e,browser-toolbox.close-process.DAMP,damp,True,damp browser-toolbox.close-process.DAMP opt e10s fission stylo webrender-sw,4768818,77,ms,firefox,444969884.0,1834100826,2024-01-29 01:40:26,68.56122563226381,852acff05fb8be21502af8fc12cceeb2baa70dd7,1367631,,,,,,,,,,,,,,,,,,,,,,,,,,,,,,,,,,,,,,,,,,,,,,,,,,,,,,,,,,,,,TN,TN
autoland,4769114,12,1a03ada32d4ae63ebeeb4561891b61c1e6e17a68,windows10-64-shippable-qr,True,False,,,102210fe594ee9b33d82058545b1ed14f4c8206e,browser-toolbox.close-process.DAMP,damp,True,damp browser-toolbox.close-process.DAMP opt e10s fission stylo webrender-sw,4768818,77,ms,firefox,445012365.0,1834311030,2024-01-29 10:50:01,73.21230780782935,fce9e73861891da48d1a0b85240491fa3e042f8b,1367743,,,,,,,,,,,,,,,,,,,,,,,,,,,,,,,,,,,,,,,,,,,,,,,,,,,,,,,,,,,,,TN,TN
autoland,4769114,12,1a03ada32d4ae63ebeeb4561891b61c1e6e17a68,windows10-64-shippable-qr,True,False,,,102210fe594ee9b33d82058545b1ed14f4c8206e,browser-toolbox.close-process.DAMP,damp,True,damp browser-toolbox.close-process.DAMP opt e10s fission stylo webrender-sw,4768818,77,ms,firefox,445045978.0,1834441081,2024-01-29 14:53:09,67.62975020884187,97de3c8a7931e01c1a1c1cf6ac90a580607b77c9,1367876,,,,,,,,,,,,,,,,,,,,,,,,,,,,,,,,,,,,,,,,,,,,,,,,,,,,,,,,,,,,,TN,TN
autoland,4769114,12,1a03ada32d4ae63ebeeb4561891b61c1e6e17a68,windows10-64-shippable-qr,True,False,,,102210fe594ee9b33d82058545b1ed14f4c8206e,browser-toolbox.close-process.DAMP,damp,True,damp browser-toolbox.close-process.DAMP opt e10s fission stylo webrender-sw,4768818,77,ms,firefox,445060548.0,1834490160,2024-01-29 14:59:33,72.15483160992153,8e91f5176c0f6e1689a893ed34d5046dbbd1122e,1367883,,,,,,,,,,,,,,,,,,,,,,,,,,,,,,,,,,,,,,,,,,,,,,,,,,,,,,,,,,,,,TN,TN
autoland,4769114,12,1a03ada32d4ae63ebeeb4561891b61c1e6e17a68,windows10-64-shippable-qr,True,False,,,102210fe594ee9b33d82058545b1ed14f4c8206e,browser-toolbox.close-process.DAMP,damp,True,damp browser-toolbox.close-process.DAMP opt e10s fission stylo webrender-sw,4768818,77,ms,firefox,445074461.0,1834556182,2024-01-29 17:46:45,69.42614045382652,8913eab3409d19e1cf1a2c19f256256c293b3154,1368035,,,,,,,,,,,,,,,,,,,,,,,,,,,,,,,,,,,,,,,,,,,,,,,,,,,,,,,,,,,,,TN,TN
autoland,4769114,12,1a03ada32d4ae63ebeeb4561891b61c1e6e17a68,windows10-64-shippable-qr,True,False,,,102210fe594ee9b33d82058545b1ed14f4c8206e,browser-toolbox.close-process.DAMP,damp,True,damp browser-toolbox.close-process.DAMP opt e10s fission stylo webrender-sw,4768818,77,ms,firefox,445097081.0,1834666536,2024-01-29 21:21:15,68.63012810226064,57a27d8b6d2a7f1f5c1ec710e4a09422fb9c05e1,1368229,,,,,,,,,,,,,,,,,,,,,,,,,,,,,,,,,,,,,,,,,,,,,,,,,,,,,,,,,,,,,TN,TN
autoland,4769114,12,1a03ada32d4ae63ebeeb4561891b61c1e6e17a68,windows10-64-shippable-qr,True,False,,,102210fe594ee9b33d82058545b1ed14f4c8206e,browser-toolbox.close-process.DAMP,damp,True,damp browser-toolbox.close-process.DAMP opt e10s fission stylo webrender-sw,4768818,77,ms,firefox,445116149.0,1834743751,2024-01-30 01:21:53,66.66787271133217,265910d5bfe79cc856e1c18d9e403fed38ee5a79,1368286,,,,,,,,,,,,,,,,,,,,,,,,,,,,,,,,,,,,,,,,,,,,,,,,,,,,,,,,,,,,,TN,TN
autoland,4769114,12,1a03ada32d4ae63ebeeb4561891b61c1e6e17a68,windows10-64-shippable-qr,True,False,,,102210fe594ee9b33d82058545b1ed14f4c8206e,browser-toolbox.close-process.DAMP,damp,True,damp browser-toolbox.close-process.DAMP opt e10s fission stylo webrender-sw,4768818,77,ms,firefox,445190666.0,1835379372,2024-01-30 13:09:07,73.33557475364069,a9528d76a91bc50db12b4a18830536bb25a6e378,1368599,,,,,,,,,,,,,,,,,,,,,,,,,,,,,,,,,,,,,,,,,,,,,,,,,,,,,,,,,,,,,TN,TN
autoland,4769114,12,1a03ada32d4ae63ebeeb4561891b61c1e6e17a68,windows10-64-shippable-qr,True,False,,,102210fe594ee9b33d82058545b1ed14f4c8206e,browser-toolbox.close-process.DAMP,damp,True,damp browser-toolbox.close-process.DAMP opt e10s fission stylo webrender-sw,4768818,77,ms,firefox,445186922.0,1835273160,2024-01-30 13:14:31,71.28172517796338,91338712d82fcf42896cfc451e6341a5b95963b8,1368603,,,,,,,,,,,,,,,,,,,,,,,,,,,,,,,,,,,,,,,,,,,,,,,,,,,,,,,,,,,,,TN,TN
autoland,4769114,12,1a03ada32d4ae63ebeeb4561891b61c1e6e17a68,windows10-64-shippable-qr,True,False,,,102210fe594ee9b33d82058545b1ed14f4c8206e,browser-toolbox.close-process.DAMP,damp,True,damp browser-toolbox.close-process.DAMP opt e10s fission stylo webrender-sw,4768818,77,ms,firefox,445573430.0,1837070273,2024-01-30 13:22:56,73.96058079884097,303334fc1459c8674765c0b5561251b283be50b9,1368620,,,,,,,,,,,,,,,,,,,,,,,,,,,,,,,,,,,,,,,,,,,,,,,,,,,,,,,,,,,,,TN,TN
autoland,4769114,12,1a03ada32d4ae63ebeeb4561891b61c1e6e17a68,windows10-64-shippable-qr,True,False,,,102210fe594ee9b33d82058545b1ed14f4c8206e,browser-toolbox.close-process.DAMP,damp,True,damp browser-toolbox.close-process.DAMP opt e10s fission stylo webrender-sw,4768818,77,ms,firefox,445573450.0,1837070599,2024-01-30 13:23:47,76.01787358781439,5e806fd0138f07115f92d42bad289fa20b9caaf6,1368623,,,,,,,,,,,,,,,,,,,,,,,,,,,,,,,,,,,,,,,,,,,,,,,,,,,,,,,,,,,,,TN,TN
autoland,4769114,12,1a03ada32d4ae63ebeeb4561891b61c1e6e17a68,windows10-64-shippable-qr,True,False,,,102210fe594ee9b33d82058545b1ed14f4c8206e,browser-toolbox.close-process.DAMP,damp,True,damp browser-toolbox.close-process.DAMP opt e10s fission stylo webrender-sw,4768818,77,ms,firefox,445573452.0,1837070731,2024-01-30 13:24:35,71.38239388111833,a9fd576e6daefab0f870a9fcb84d82b405889452,1368624,,,,,,,,,,,,,,,,,,,,,,,,,,,,,,,,,,,,,,,,,,,,,,,,,,,,,,,,,,,,,TN,TN
autoland,4769114,12,1a03ada32d4ae63ebeeb4561891b61c1e6e17a68,windows10-64-shippable-qr,True,False,,,102210fe594ee9b33d82058545b1ed14f4c8206e,browser-toolbox.close-process.DAMP,damp,True,damp browser-toolbox.close-process.DAMP opt e10s fission stylo webrender-sw,4768818,77,ms,firefox,445573582.0,1837070506,2024-01-30 13:25:26,73.88100559651502,5f39128dd598c19f3244835131b4098592cc1400,1368625,,,,,,,,,,,,,,,,,,,,,,,,,,,,,,,,,,,,,,,,,,,,,,,,,,,,,,,,,,,,,TN,TN
autoland,4769114,12,1a03ada32d4ae63ebeeb4561891b61c1e6e17a68,windows10-64-shippable-qr,True,False,,,102210fe594ee9b33d82058545b1ed14f4c8206e,browser-toolbox.close-process.DAMP,damp,True,damp browser-toolbox.close-process.DAMP opt e10s fission stylo webrender-sw,4768818,77,ms,firefox,445573994.0,1837070812,2024-01-30 13:26:17,72.30311633973179,9ddeadc2e6a3ddf7de56ebf5c115ad414454aeca,1368628,,,,,,,,,,,,,,,,,,,,,,,,,,,,,,,,,,,,,,,,,,,,,,,,,,,,,,,,,,,,,TN,TN
autoland,4769114,12,1a03ada32d4ae63ebeeb4561891b61c1e6e17a68,windows10-64-shippable-qr,True,False,,,102210fe594ee9b33d82058545b1ed14f4c8206e,browser-toolbox.close-process.DAMP,damp,True,damp browser-toolbox.close-process.DAMP opt e10s fission stylo webrender-sw,4768818,77,ms,firefox,445574092.0,1837071162,2024-01-30 13:59:50,72.84030050960428,8696238cdc83aab4b9a104e9a8842f61e30fdc84,1368641,,,,,,,,,,,,,,,,,,,,,,,,,,,,,,,,,,,,,,,,,,,,,,,,,,,,,,,,,,,,,TN,TN
autoland,4769114,12,1a03ada32d4ae63ebeeb4561891b61c1e6e17a68,windows10-64-shippable-qr,True,False,,,102210fe594ee9b33d82058545b1ed14f4c8206e,browser-toolbox.close-process.DAMP,damp,True,damp browser-toolbox.close-process.DAMP opt e10s fission stylo webrender-sw,4768818,77,ms,firefox,445574097.0,1837071973,2024-01-30 14:24:23,70.15927618305432,a234c7e3987289d24292a5058b9edfd79e5b4509,1368651,,,,,,,,,,,,,,,,,,,,,,,,,,,,,,,,,,,,,,,,,,,,,,,,,,,,,,,,,,,,,TN,TN
autoland,4769114,12,1a03ada32d4ae63ebeeb4561891b61c1e6e17a68,windows10-64-shippable-qr,True,False,,,102210fe594ee9b33d82058545b1ed14f4c8206e,browser-toolbox.close-process.DAMP,damp,True,damp browser-toolbox.close-process.DAMP opt e10s fission stylo webrender-sw,4768818,77,ms,firefox,445574102.0,1837071846,2024-01-30 14:27:42,74.05073703942617,bb44589ad2d90072a266ff6ee30ee404ca568fee,1368653,,,,,,,,,,,,,,,,,,,,,,,,,,,,,,,,,,,,,,,,,,,,,,,,,,,,,,,,,,,,,TN,TN
autoland,4769114,12,1a03ada32d4ae63ebeeb4561891b61c1e6e17a68,windows10-64-shippable-qr,True,False,,,102210fe594ee9b33d82058545b1ed14f4c8206e,browser-toolbox.close-process.DAMP,damp,True,damp browser-toolbox.close-process.DAMP opt e10s fission stylo webrender-sw,4768818,77,ms,firefox,445574100.0,1837071763,2024-01-30 14:28:30,72.07173996447091,505443c66b747ccc1247f4eeb960681204fd2ac7,1368654,,,,,,,,,,,,,,,,,,,,,,,,,,,,,,,,,,,,,,,,,,,,,,,,,,,,,,,,,,,,,TN,TN
autoland,4769114,12,1a03ada32d4ae63ebeeb4561891b61c1e6e17a68,windows10-64-shippable-qr,True,False,,,102210fe594ee9b33d82058545b1ed14f4c8206e,browser-toolbox.close-process.DAMP,damp,True,damp browser-toolbox.close-process.DAMP opt e10s fission stylo webrender-sw,4768818,77,ms,firefox,445196119.0,1835386709,2024-01-30 14:29:15,71.70766023809847,1ac69623ae79a621c0035377f0841b1ba83070c1,1368655,,,,,,,,,,,,,,,,,,,,,,,,,,,,,,,,,,,,,,,,,,,,,,,,,,,,,,,,,,,,,TN,TN
autoland,4769114,12,1a03ada32d4ae63ebeeb4561891b61c1e6e17a68,windows10-64-shippable-qr,True,False,,,102210fe594ee9b33d82058545b1ed14f4c8206e,browser-toolbox.close-process.DAMP,damp,True,damp browser-toolbox.close-process.DAMP opt e10s fission stylo webrender-sw,4768818,77,ms,firefox,445602596.0,1837119823,2024-01-30 17:02:32,69.45605452048767,c293c369b9f64f9e5f945cf5f702563a0ee49977,1368757,,,,,,,,,,,,,,,,,,,,,,,,,,,,,,,,,,,,,,,,,,,,,,,,,,,,,,,,,,,,,TN,TN
autoland,4769114,12,1a03ada32d4ae63ebeeb4561891b61c1e6e17a68,windows10-64-shippable-qr,True,False,,,102210fe594ee9b33d82058545b1ed14f4c8206e,browser-toolbox.close-process.DAMP,damp,True,damp browser-toolbox.close-process.DAMP opt e10s fission stylo webrender-sw,4768818,77,ms,firefox,445585357.0,1837090354,2024-01-30 17:13:25,73.31824184631114,b760ba36570eb964096767b04a15546c8d5735e4,1368763,,,,,,,,,,,,,,,,,,,,,,,,,,,,,,,,,,,,,,,,,,,,,,,,,,,,,,,,,,,,,TN,TN
autoland,4769114,12,1a03ada32d4ae63ebeeb4561891b61c1e6e17a68,windows10-64-shippable-qr,True,False,,,102210fe594ee9b33d82058545b1ed14f4c8206e,browser-toolbox.close-process.DAMP,damp,True,damp browser-toolbox.close-process.DAMP opt e10s fission stylo webrender-sw,4768818,77,ms,firefox,445581820.0,1837088376,2024-01-30 17:25:17,74.19766200358572,6320a95180349b51de48377aebef2ea8a7f7000f,1368766,,,,,,,,,,,,,,,,,,,,,,,,,,,,,,,,,,,,,,,,,,,,,,,,,,,,,,,,,,,,,TN,TN
autoland,4769114,12,1a03ada32d4ae63ebeeb4561891b61c1e6e17a68,windows10-64-shippable-qr,True,False,,,102210fe594ee9b33d82058545b1ed14f4c8206e,browser-toolbox.close-process.DAMP,damp,True,damp browser-toolbox.close-process.DAMP opt e10s fission stylo webrender-sw,4768818,77,ms,firefox,445585121.0,1837089005,2024-01-30 17:30:10,70.2882013374765,b055f188c714dac0e4b27a8d150b31fca4f6ffc3,1368768,,,,,,,,,,,,,,,,,,,,,,,,,,,,,,,,,,,,,,,,,,,,,,,,,,,,,,,,,,,,,TN,TN
autoland,4769114,12,1a03ada32d4ae63ebeeb4561891b61c1e6e17a68,windows10-64-shippable-qr,True,False,,,102210fe594ee9b33d82058545b1ed14f4c8206e,browser-toolbox.close-process.DAMP,damp,True,damp browser-toolbox.close-process.DAMP opt e10s fission stylo webrender-sw,4768818,77,ms,firefox,445587446.0,1837094321,2024-01-30 17:44:22,72.26647233404947,b48848c32dbe3e9bf57be7e1463a51b0ca8ddff6,1368771,,,,,,,,,,,,,,,,,,,,,,,,,,,,,,,,,,,,,,,,,,,,,,,,,,,,,,,,,,,,,TN,TN
autoland,4769114,12,1a03ada32d4ae63ebeeb4561891b61c1e6e17a68,windows10-64-shippable-qr,True,False,,,102210fe594ee9b33d82058545b1ed14f4c8206e,browser-toolbox.close-process.DAMP,damp,True,damp browser-toolbox.close-process.DAMP opt e10s fission stylo webrender-sw,4768818,77,ms,firefox,445585100.0,1837089321,2024-01-30 17:49:45,74.08112197650189,624787a1c11595fa9db213874becdf7f5130a61c,1368773,,,,,,,,,,,,,,,,,,,,,,,,,,,,,,,,,,,,,,,,,,,,,,,,,,,,,,,,,,,,,TN,TN
autoland,4769114,12,1a03ada32d4ae63ebeeb4561891b61c1e6e17a68,windows10-64-shippable-qr,True,False,,,102210fe594ee9b33d82058545b1ed14f4c8206e,browser-toolbox.close-process.DAMP,damp,True,damp browser-toolbox.close-process.DAMP opt e10s fission stylo webrender-sw,4768818,77,ms,firefox,445587086.0,1837093235,2024-01-30 18:04:23,74.28639012698841,4f8dce08622ff3c8d079a6f3eae94cf54725b549,1368841,,,,,,,,,,,,,,,,,,,,,,,,,,,,,,,,,,,,,,,,,,,,,,,,,,,,,,,,,,,,,TN,TN
autoland,4769114,12,1a03ada32d4ae63ebeeb4561891b61c1e6e17a68,windows10-64-shippable-qr,True,False,,,102210fe594ee9b33d82058545b1ed14f4c8206e,browser-toolbox.close-process.DAMP,damp,True,damp browser-toolbox.close-process.DAMP opt e10s fission stylo webrender-sw,4768818,77,ms,firefox,445590398.0,1837101160,2024-01-30 18:10:40,72.43062908449065,945fe9361ecaa5839d5753fa0c23b1979c975221,1368847,,,,,,,,,,,,,,,,,,,,,,,,,,,,,,,,,,,,,,,,,,,,,,,,,,,,,,,,,,,,,TN,TN
autoland,4769114,12,1a03ada32d4ae63ebeeb4561891b61c1e6e17a68,windows10-64-shippable-qr,True,False,,,102210fe594ee9b33d82058545b1ed14f4c8206e,browser-toolbox.close-process.DAMP,damp,True,damp browser-toolbox.close-process.DAMP opt e10s fission stylo webrender-sw,4768818,77,ms,firefox,445585334.0,1837089891,2024-01-30 18:13:27,73.80198683543131,9e9da481d3d884b86803b271cb3fde3e7bbbed2f,1368848,,,,,,,,,,,,,,,,,,,,,,,,,,,,,,,,,,,,,,,,,,,,,,,,,,,,,,,,,,,,,TN,TN
autoland,4769114,12,1a03ada32d4ae63ebeeb4561891b61c1e6e17a68,windows10-64-shippable-qr,True,False,,,102210fe594ee9b33d82058545b1ed14f4c8206e,browser-toolbox.close-process.DAMP,damp,True,damp browser-toolbox.close-process.DAMP opt e10s fission stylo webrender-sw,4768818,77,ms,firefox,445238130.0,1835474163,2024-01-30 18:56:21,73.70321559728472,a3dd43748dcdec6a27a5c140bfd611d463cd9acf,1368858,,,,,,,,,,,,,,,,,,,,,,,,,,,,,,,,,,,,,,,,,,,,,,,,,,,,,,,,,,,,,TN,TN
autoland,4769114,12,1a03ada32d4ae63ebeeb4561891b61c1e6e17a68,windows10-64-shippable-qr,True,False,,,102210fe594ee9b33d82058545b1ed14f4c8206e,browser-toolbox.close-process.DAMP,damp,True,damp browser-toolbox.close-process.DAMP opt e10s fission stylo webrender-sw,4768818,77,ms,firefox,445586672.0,1837092220,2024-01-30 19:00:46,72.5113297085918,37e84289c4e26e1c35c3b56b9aad7d9ee2f2ee0c,1368865,,,,,,,,,,,,,,,,,,,,,,,,,,,,,,,,,,,,,,,,,,,,,,,,,,,,,,,,,,,,,TN,TN
autoland,4769114,12,1a03ada32d4ae63ebeeb4561891b61c1e6e17a68,windows10-64-shippable-qr,True,False,,,102210fe594ee9b33d82058545b1ed14f4c8206e,browser-toolbox.close-process.DAMP,damp,True,damp browser-toolbox.close-process.DAMP opt e10s fission stylo webrender-sw,4768818,77,ms,firefox,445612172.0,1837154226,2024-01-30 19:56:34,68.07994571436575,7c61ebfd6b9ee4f1835bfbf21223ce7e78b7759b,1368898,,,,,,,,,,,,,,,,,,,,,,,,,,,,,,,,,,,,,,,,,,,,,,,,,,,,,,,,,,,,,TN,TN
autoland,4769114,12,1a03ada32d4ae63ebeeb4561891b61c1e6e17a68,windows10-64-shippable-qr,True,False,,,102210fe594ee9b33d82058545b1ed14f4c8206e,browser-toolbox.close-process.DAMP,damp,True,damp browser-toolbox.close-process.DAMP opt e10s fission stylo webrender-sw,4768818,77,ms,firefox,445249528.0,1835531345,2024-01-30 20:08:25,75.60572920292907,06b0ce1a9748e18deb48466efed01c1f5a8ff984,1368918,,,,,,,,,,,,,,,,,,,,,,,,,,,,,,,,,,,,,,,,,,,,,,,,,,,,,,,,,,,,,TN,TN
autoland,4769114,12,1a03ada32d4ae63ebeeb4561891b61c1e6e17a68,windows10-64-shippable-qr,True,False,,,102210fe594ee9b33d82058545b1ed14f4c8206e,browser-toolbox.close-process.DAMP,damp,True,damp browser-toolbox.close-process.DAMP opt e10s fission stylo webrender-sw,4768818,77,ms,firefox,445586066.0,1837090598,2024-01-30 21:10:46,73.10393438203027,f6de722199b9c14f651c69fa56480285007494c3,1368961,,,,,,,,,,,,,,,,,,,,,,,,,,,,,,,,,,,,,,,,,,,,,,,,,,,,,,,,,,,,,TN,TN
autoland,4769114,12,1a03ada32d4ae63ebeeb4561891b61c1e6e17a68,windows10-64-shippable-qr,True,False,,,102210fe594ee9b33d82058545b1ed14f4c8206e,browser-toolbox.close-process.DAMP,damp,True,damp browser-toolbox.close-process.DAMP opt e10s fission stylo webrender-sw,4768818,77,ms,firefox,445580908.0,1837088217,2024-01-30 21:16:02,75.37438274166198,45bd6cc1bf7490f80630afce7550706e9b064f81,1368966,,,,,,,,,,,,,,,,,,,,,,,,,,,,,,,,,,,,,,,,,,,,,,,,,,,,,,,,,,,,,TN,TN
autoland,4769114,12,1a03ada32d4ae63ebeeb4561891b61c1e6e17a68,windows10-64-shippable-qr,True,False,,,102210fe594ee9b33d82058545b1ed14f4c8206e,browser-toolbox.close-process.DAMP,damp,True,damp browser-toolbox.close-process.DAMP opt e10s fission stylo webrender-sw,4768818,77,ms,firefox,445597125.0,1837116286,2024-01-30 21:32:39,72.50106495982618,e1b24807613151a80fe79473586460ccac4bf348,1368981,,,,,,,,,,,,,,,,,,,,,,,,,,,,,,,,,,,,,,,,,,,,,,,,,,,,,,,,,,,,,TN,TN
autoland,4769114,12,1a03ada32d4ae63ebeeb4561891b61c1e6e17a68,windows10-64-shippable-qr,True,False,,,102210fe594ee9b33d82058545b1ed14f4c8206e,browser-toolbox.close-process.DAMP,damp,True,damp browser-toolbox.close-process.DAMP opt e10s fission stylo webrender-sw,4768818,77,ms,firefox,445597215.0,1837116436,2024-01-30 21:33:24,70.32489466450352,460ca19eeb341393d2791ca3129505c946a1302a,1368982,,,,,,,,,,,,,,,,,,,,,,,,,,,,,,,,,,,,,,,,,,,,,,,,,,,,,,,,,,,,,TN,TN
autoland,4769114,12,1a03ada32d4ae63ebeeb4561891b61c1e6e17a68,windows10-64-shippable-qr,True,False,,,102210fe594ee9b33d82058545b1ed14f4c8206e,browser-toolbox.close-process.DAMP,damp,True,damp browser-toolbox.close-process.DAMP opt e10s fission stylo webrender-sw,4768818,77,ms,firefox,445589653.0,1837097962,2024-01-30 21:34:11,70.94424389215419,fbadb86f7e9babd913f597ea759029d18ef178d6,1368985,,,,,,,,,,,,,,,,,,,,,,,,,,,,,,,,,,,,,,,,,,,,,,,,,,,,,,,,,,,,,TN,TN
autoland,4769114,12,1a03ada32d4ae63ebeeb4561891b61c1e6e17a68,windows10-64-shippable-qr,True,False,,,102210fe594ee9b33d82058545b1ed14f4c8206e,browser-toolbox.close-process.DAMP,damp,True,damp browser-toolbox.close-process.DAMP opt e10s fission stylo webrender-sw,4768818,77,ms,firefox,445587583.0,1837095158,2024-01-30 21:55:59,70.75175607497658,e0ab6e106cd8b83e13e9f33e6770d28871cf6ff6,1369004,,,,,,,,,,,,,,,,,,,,,,,,,,,,,,,,,,,,,,,,,,,,,,,,,,,,,,,,,,,,,TN,TN
autoland,4769114,12,1a03ada32d4ae63ebeeb4561891b61c1e6e17a68,windows10-64-shippable-qr,True,False,,,102210fe594ee9b33d82058545b1ed14f4c8206e,browser-toolbox.close-process.DAMP,damp,True,damp browser-toolbox.close-process.DAMP opt e10s fission stylo webrender-sw,4768818,77,ms,firefox,445587377.0,1837093954,2024-01-30 22:17:35,74.20833801242406,985d82f54c75ea735a87568d2e3643069ab5d81c,1369018,,,,,,,,,,,,,,,,,,,,,,,,,,,,,,,,,,,,,,,,,,,,,,,,,,,,,,,,,,,,,TN,TN
autoland,4769114,12,1a03ada32d4ae63ebeeb4561891b61c1e6e17a68,windows10-64-shippable-qr,True,False,,,102210fe594ee9b33d82058545b1ed14f4c8206e,browser-toolbox.close-process.DAMP,damp,True,damp browser-toolbox.close-process.DAMP opt e10s fission stylo webrender-sw,4768818,77,ms,firefox,445590282.0,1837099320,2024-01-30 22:24:14,71.67233223207586,9d697160be48d25c6fc46ade91b2fe62477a680c,1369026,,,,,,,,,,,,,,,,,,,,,,,,,,,,,,,,,,,,,,,,,,,,,,,,,,,,,,,,,,,,,TN,TN
autoland,4769114,12,1a03ada32d4ae63ebeeb4561891b61c1e6e17a68,windows10-64-shippable-qr,True,False,,,102210fe594ee9b33d82058545b1ed14f4c8206e,browser-toolbox.close-process.DAMP,damp,True,damp browser-toolbox.close-process.DAMP opt e10s fission stylo webrender-sw,4768818,77,ms,firefox,445587701.0,1837095817,2024-01-30 22:33:16,73.13572833648504,2c2634df4f158c2a32e6ea511e96387a4f467077,1369034,,,,,,,,,,,,,,,,,,,,,,,,,,,,,,,,,,,,,,,,,,,,,,,,,,,,,,,,,,,,,TN,TN
autoland,4769114,12,1a03ada32d4ae63ebeeb4561891b61c1e6e17a68,windows10-64-shippable-qr,True,False,,,102210fe594ee9b33d82058545b1ed14f4c8206e,browser-toolbox.close-process.DAMP,damp,True,damp browser-toolbox.close-process.DAMP opt e10s fission stylo webrender-sw,4768818,77,ms,firefox,445276120.0,1835667101,2024-01-31 00:31:01,70.99368875205255,e35109546c3cb0f5957a604c27f5f1dd2b7f81c0,1369086,,,,,,,,,,,,,,,,,,,,,,,,,,,,,,,,,,,,,,,,,,,,,,,,,,,,,,,,,,,,,TN,TN
autoland,4769114,12,1a03ada32d4ae63ebeeb4561891b61c1e6e17a68,windows10-64-shippable-qr,True,False,,,102210fe594ee9b33d82058545b1ed14f4c8206e,browser-toolbox.close-process.DAMP,damp,True,damp browser-toolbox.close-process.DAMP opt e10s fission stylo webrender-sw,4768818,77,ms,firefox,445278483.0,1835688572,2024-01-31 00:32:30,74.87364699800673,2cac2f68bfdcfc9012c537044bc475f076bda7b0,1369088,,,,,,,,,,,,,,,,,,,,,,,,,,,,,,,,,,,,,,,,,,,,,,,,,,,,,,,,,,,,,TN,TN
autoland,4769114,12,1a03ada32d4ae63ebeeb4561891b61c1e6e17a68,windows10-64-shippable-qr,True,False,,,102210fe594ee9b33d82058545b1ed14f4c8206e,browser-toolbox.close-process.DAMP,damp,True,damp browser-toolbox.close-process.DAMP opt e10s fission stylo webrender-sw,4768818,77,ms,firefox,445294878.0,1835846862,2024-01-31 05:59:52,72.13030483834154,5f6f60ae2125dc46d98b4b9276bce2d562d1f1bf,1369182,,,,,,,,,,,,,,,,,,,,,,,,,,,,,,,,,,,,,,,,,,,,,,,,,,,,,,,,,,,,,TN,TN
autoland,4769114,12,1a03ada32d4ae63ebeeb4561891b61c1e6e17a68,windows10-64-shippable-qr,True,False,,,102210fe594ee9b33d82058545b1ed14f4c8206e,browser-toolbox.close-process.DAMP,damp,True,damp browser-toolbox.close-process.DAMP opt e10s fission stylo webrender-sw,4768818,77,ms,firefox,445324009.0,1835966577,2024-01-31 10:01:40,71.89273544548632,201f8fe705d53181047778d1c0722017bab79e95,1369265,,,,,,,,,,,,,,,,,,,,,,,,,,,,,,,,,,,,,,,,,,,,,,,,,,,,,,,,,,,,,TN,TN
autoland,4769114,12,1a03ada32d4ae63ebeeb4561891b61c1e6e17a68,windows10-64-shippable-qr,True,False,,,102210fe594ee9b33d82058545b1ed14f4c8206e,browser-toolbox.close-process.DAMP,damp,True,damp browser-toolbox.close-process.DAMP opt e10s fission stylo webrender-sw,4768818,77,ms,firefox,445348378.0,1836042281,2024-01-31 13:01:30,73.37924499707879,5e52e144df4112277cfdda903747f83f1f147385,1369309,,,,,,,,,,,,,,,,,,,,,,,,,,,,,,,,,,,,,,,,,,,,,,,,,,,,,,,,,,,,,TN,TN
autoland,4769114,12,1a03ada32d4ae63ebeeb4561891b61c1e6e17a68,windows10-64-shippable-qr,True,False,,,102210fe594ee9b33d82058545b1ed14f4c8206e,browser-toolbox.close-process.DAMP,damp,True,damp browser-toolbox.close-process.DAMP opt e10s fission stylo webrender-sw,4768818,77,ms,firefox,445392488.0,1836207697,2024-01-31 17:27:18,74.09358064529806,a0bd6c4162065e8caa2b60ce8082f77d53221fb7,1369495,,,,,,,,,,,,,,,,,,,,,,,,,,,,,,,,,,,,,,,,,,,,,,,,,,,,,,,,,,,,,TN,TN
autoland,4769114,12,1a03ada32d4ae63ebeeb4561891b61c1e6e17a68,windows10-64-shippable-qr,True,False,,,102210fe594ee9b33d82058545b1ed14f4c8206e,browser-toolbox.close-process.DAMP,damp,True,damp browser-toolbox.close-process.DAMP opt e10s fission stylo webrender-sw,4768818,77,ms,firefox,445398507.0,1836248764,2024-01-31 18:39:44,74.26641530886991,6bfab7427c326136417b187f0df7a7c63528daa3,1369546,,,,,,,,,,,,,,,,,,,,,,,,,,,,,,,,,,,,,,,,,,,,,,,,,,,,,,,,,,,,,TN,TN
autoland,4769114,12,1a03ada32d4ae63ebeeb4561891b61c1e6e17a68,windows10-64-shippable-qr,True,False,,,102210fe594ee9b33d82058545b1ed14f4c8206e,browser-toolbox.close-process.DAMP,damp,True,damp browser-toolbox.close-process.DAMP opt e10s fission stylo webrender-sw,4768818,77,ms,firefox,445430861.0,1836365341,2024-01-31 21:40:54,72.0588922980678,2ee5ce9b3c67b7e972b0dff7348ea32cb570880e,1369676,,,,,,,,,,,,,,,,,,,,,,,,,,,,,,,,,,,,,,,,,,,,,,,,,,,,,,,,,,,,,TN,TN
autoland,4769114,12,1a03ada32d4ae63ebeeb4561891b61c1e6e17a68,windows10-64-shippable-qr,True,False,,,102210fe594ee9b33d82058545b1ed14f4c8206e,browser-toolbox.close-process.DAMP,damp,True,damp browser-toolbox.close-process.DAMP opt e10s fission stylo webrender-sw,4768818,77,ms,firefox,445445239.0,1836441929,2024-02-01 02:14:37,68.22740168917517,6db2a1e04f4120175d3aad9831795823a4269aab,1369822,,,,,,,,,,,,,,,,,,,,,,,,,,,,,,,,,,,,,,,,,,,,,,,,,,,,,,,,,,,,,TN,TN
autoland,4769114,12,1a03ada32d4ae63ebeeb4561891b61c1e6e17a68,windows10-64-shippable-qr,True,False,,,102210fe594ee9b33d82058545b1ed14f4c8206e,browser-toolbox.close-process.DAMP,damp,True,damp browser-toolbox.close-process.DAMP opt e10s fission stylo webrender-sw,4768818,77,ms,firefox,445462957.0,1836598472,2024-02-01 06:47:17,74.85902077592618,959c3318d5c3f3881746455c2c584be49bb179b6,1369862,,,,,,,,,,,,,,,,,,,,,,,,,,,,,,,,,,,,,,,,,,,,,,,,,,,,,,,,,,,,,TN,TN
autoland,4769114,12,1a03ada32d4ae63ebeeb4561891b61c1e6e17a68,windows10-64-shippable-qr,True,False,,,102210fe594ee9b33d82058545b1ed14f4c8206e,browser-toolbox.close-process.DAMP,damp,True,damp browser-toolbox.close-process.DAMP opt e10s fission stylo webrender-sw,4768818,77,ms,firefox,445502504.0,1836720586,2024-02-01 11:14:36,74.01533950692101,a6957fa936149dccf133bd99e165c5879c2cb4d5,1370007,,,,,,,,,,,,,,,,,,,,,,,,,,,,,,,,,,,,,,,,,,,,,,,,,,,,,,,,,,,,,TN,TN
autoland,4769114,12,1a03ada32d4ae63ebeeb4561891b61c1e6e17a68,windows10-64-shippable-qr,True,False,,,102210fe594ee9b33d82058545b1ed14f4c8206e,browser-toolbox.close-process.DAMP,damp,True,damp browser-toolbox.close-process.DAMP opt e10s fission stylo webrender-sw,4768818,77,ms,firefox,445526565.0,1836785125,2024-02-01 13:09:51,69.03789755086473,93a67689b8581caaa6d429ea7105abf0dc55e98f,1370065,,,,,,,,,,,,,,,,,,,,,,,,,,,,,,,,,,,,,,,,,,,,,,,,,,,,,,,,,,,,,TN,TN
autoland,4769114,12,1a03ada32d4ae63ebeeb4561891b61c1e6e17a68,windows10-64-shippable-qr,True,False,,,102210fe594ee9b33d82058545b1ed14f4c8206e,browser-toolbox.close-process.DAMP,damp,True,damp browser-toolbox.close-process.DAMP opt e10s fission stylo webrender-sw,4768818,77,ms,firefox,445570192.0,1837063556,2024-02-01 17:13:14,70.71096673465217,f84c76f9460d8a2a4048954be483e24638c0f39c,1370273,,,,,,,,,,,,,,,,,,,,,,,,,,,,,,,,,,,,,,,,,,,,,,,,,,,,,,,,,,,,,TN,TN
autoland,4769114,12,1a03ada32d4ae63ebeeb4561891b61c1e6e17a68,windows10-64-shippable-qr,True,False,,,102210fe594ee9b33d82058545b1ed14f4c8206e,browser-toolbox.close-process.DAMP,damp,True,damp browser-toolbox.close-process.DAMP opt e10s fission stylo webrender-sw,4768818,77,ms,firefox,445577459.0,1837082722,2024-02-01 18:09:58,73.10327666738885,854c462a083b4271435625134f95ce342e243ccb,1370333,,,,,,,,,,,,,,,,,,,,,,,,,,,,,,,,,,,,,,,,,,,,,,,,,,,,,,,,,,,,,TN,TN
autoland,4769114,12,1a03ada32d4ae63ebeeb4561891b61c1e6e17a68,windows10-64-shippable-qr,True,False,,,102210fe594ee9b33d82058545b1ed14f4c8206e,browser-toolbox.close-process.DAMP,damp,True,damp browser-toolbox.close-process.DAMP opt e10s fission stylo webrender-sw,4768818,77,ms,firefox,445612935.0,1837162030,2024-02-01 22:12:05,67.634118285554,144c524a091e2ed65d62b4911026d3400cea02fa,1370552,,,,,,,,,,,,,,,,,,,,,,,,,,,,,,,,,,,,,,,,,,,,,,,,,,,,,,,,,,,,,TN,TN
autoland,4769114,12,1a03ada32d4ae63ebeeb4561891b61c1e6e17a68,windows10-64-shippable-qr,True,False,,,102210fe594ee9b33d82058545b1ed14f4c8206e,browser-toolbox.close-process.DAMP,damp,True,damp browser-toolbox.close-process.DAMP opt e10s fission stylo webrender-sw,4768818,77,ms,firefox,445616077.0,1837184183,2024-02-01 22:19:46,72.11465107730328,085a323ab16cb288d40fca29f6bb35d5d7e85753,1370561,,,,,,,,,,,,,,,,,,,,,,,,,,,,,,,,,,,,,,,,,,,,,,,,,,,,,,,,,,,,,TN,TN
autoland,4769114,12,1a03ada32d4ae63ebeeb4561891b61c1e6e17a68,windows10-64-shippable-qr,True,False,,,102210fe594ee9b33d82058545b1ed14f4c8206e,browser-toolbox.close-process.DAMP,damp,True,damp browser-toolbox.close-process.DAMP opt e10s fission stylo webrender-sw,4768818,77,ms,firefox,445629385.0,1837265666,2024-02-02 02:49:20,67.52689361202647,dd4c0135beb5076b1a073f8d52507b724781d423,1370659,,,,,,,,,,,,,,,,,,,,,,,,,,,,,,,,,,,,,,,,,,,,,,,,,,,,,,,,,,,,,TN,TN
autoland,4769114,12,1a03ada32d4ae63ebeeb4561891b61c1e6e17a68,windows10-64-shippable-qr,True,False,,,102210fe594ee9b33d82058545b1ed14f4c8206e,browser-toolbox.close-process.DAMP,damp,True,damp browser-toolbox.close-process.DAMP opt e10s fission stylo webrender-sw,4768818,77,ms,firefox,445703960.0,1837554427,2024-02-02 13:54:17,75.09824421638041,90d84a362f057a96158ef63f7aa96d639916e390,1370837,,,,,,,,,,,,,,,,,,,,,,,,,,,,,,,,,,,,,,,,,,,,,,,,,,,,,,,,,,,,,TN,TN
autoland,4769114,12,1a03ada32d4ae63ebeeb4561891b61c1e6e17a68,windows10-64-shippable-qr,True,False,,,102210fe594ee9b33d82058545b1ed14f4c8206e,browser-toolbox.close-process.DAMP,damp,True,damp browser-toolbox.close-process.DAMP opt e10s fission stylo webrender-sw,4768818,77,ms,firefox,445720571.0,1837651919,2024-02-02 14:44:09,67.39225117795286,2d3365b1475ea6b0234b76a4ccfefc8c11e491a0,1370872,,,,,,,,,,,,,,,,,,,,,,,,,,,,,,,,,,,,,,,,,,,,,,,,,,,,,,,,,,,,,TN,TN
autoland,4769114,12,1a03ada32d4ae63ebeeb4561891b61c1e6e17a68,windows10-64-shippable-qr,True,False,,,102210fe594ee9b33d82058545b1ed14f4c8206e,browser-toolbox.close-process.DAMP,damp,True,damp browser-toolbox.close-process.DAMP opt e10s fission stylo webrender-sw,4768818,77,ms,firefox,445765864.0,1837869954,2024-02-02 19:53:24,70.89438375904865,67f13af428e383eb2f3472448564da31a6cd3eae,1371106,,,,,,,,,,,,,,,,,,,,,,,,,,,,,,,,,,,,,,,,,,,,,,,,,,,,,,,,,,,,,TN,TN
autoland,4769114,12,1a03ada32d4ae63ebeeb4561891b61c1e6e17a68,windows10-64-shippable-qr,True,False,,,102210fe594ee9b33d82058545b1ed14f4c8206e,browser-toolbox.close-process.DAMP,damp,True,damp browser-toolbox.close-process.DAMP opt e10s fission stylo webrender-sw,4768818,77,ms,firefox,445774189.0,1837905537,2024-02-02 21:53:09,69.31567185753374,0a89948ba0c00bf10f2fb02375bb347cffbdc1e1,1371183,,,,,,,,,,,,,,,,,,,,,,,,,,,,,,,,,,,,,,,,,,,,,,,,,,,,,,,,,,,,,TN,TN
autoland,4769114,12,1a03ada32d4ae63ebeeb4561891b61c1e6e17a68,windows10-64-shippable-qr,True,False,,,102210fe594ee9b33d82058545b1ed14f4c8206e,browser-toolbox.close-process.DAMP,damp,True,damp browser-toolbox.close-process.DAMP opt e10s fission stylo webrender-sw,4768818,77,ms,firefox,445787054.0,1837971071,2024-02-03 02:32:07,69.31327747291652,b9172a6f32d47b58f805d7cdc242ba32e55cb4a6,1371314,,,,,,,,,,,,,,,,,,,,,,,,,,,,,,,,,,,,,,,,,,,,,,,,,,,,,,,,,,,,,TN,TN
autoland,4769114,12,1a03ada32d4ae63ebeeb4561891b61c1e6e17a68,windows10-64-shippable-qr,True,False,,,102210fe594ee9b33d82058545b1ed14f4c8206e,browser-toolbox.close-process.DAMP,damp,True,damp browser-toolbox.close-process.DAMP opt e10s fission stylo webrender-sw,4768818,77,ms,firefox,445797844.0,1838013187,2024-02-03 06:48:17,70.97871855294215,f8d442e9495d595bd8d4c6cbd272480f9d0dbfb5,1371333,,,,,,,,,,,,,,,,,,,,,,,,,,,,,,,,,,,,,,,,,,,,,,,,,,,,,,,,,,,,,TN,TN
autoland,4769114,12,1a03ada32d4ae63ebeeb4561891b61c1e6e17a68,windows10-64-shippable-qr,True,False,,,102210fe594ee9b33d82058545b1ed14f4c8206e,browser-toolbox.close-process.DAMP,damp,True,damp browser-toolbox.close-process.DAMP opt e10s fission stylo webrender-sw,4768818,77,ms,firefox,445809642.0,1838064156,2024-02-03 09:08:28,69.01124999957392,6c316fd08b2f2ac6443dd8193a52f819df23ce2e,1371368,,,,,,,,,,,,,,,,,,,,,,,,,,,,,,,,,,,,,,,,,,,,,,,,,,,,,,,,,,,,,TN,TN
autoland,4769114,12,1a03ada32d4ae63ebeeb4561891b61c1e6e17a68,windows10-64-shippable-qr,True,False,,,102210fe594ee9b33d82058545b1ed14f4c8206e,browser-toolbox.close-process.DAMP,damp,True,damp browser-toolbox.close-process.DAMP opt e10s fission stylo webrender-sw,4768818,77,ms,firefox,445831955.0,1838149599,2024-02-03 16:51:05,69.83968941403145,234a8e0fb95fc4c3f978bc6c198667481d3115da,1371417,,,,,,,,,,,,,,,,,,,,,,,,,,,,,,,,,,,,,,,,,,,,,,,,,,,,,,,,,,,,,TN,TN
autoland,4769114,12,1a03ada32d4ae63ebeeb4561891b61c1e6e17a68,windows10-64-shippable-qr,True,False,,,102210fe594ee9b33d82058545b1ed14f4c8206e,browser-toolbox.close-process.DAMP,damp,True,damp browser-toolbox.close-process.DAMP opt e10s fission stylo webrender-sw,4768818,77,ms,firefox,445850476.0,1838256154,2024-02-04 01:32:05,67.2252242473478,7a5ad9c8b72b8e9fbc0f63d91a955bff54216958,1371481,,,,,,,,,,,,,,,,,,,,,,,,,,,,,,,,,,,,,,,,,,,,,,,,,,,,,,,,,,,,,TN,TN
autoland,4769114,12,1a03ada32d4ae63ebeeb4561891b61c1e6e17a68,windows10-64-shippable-qr,True,False,,,102210fe594ee9b33d82058545b1ed14f4c8206e,browser-toolbox.close-process.DAMP,damp,True,damp browser-toolbox.close-process.DAMP opt e10s fission stylo webrender-sw,4768818,77,ms,firefox,445878775.0,1838425747,2024-02-04 11:04:08,69.4447715546994,eb281b3fd4660b5e7e7d1e77f7ebe3182c28569d,1371513,,,,,,,,,,,,,,,,,,,,,,,,,,,,,,,,,,,,,,,,,,,,,,,,,,,,,,,,,,,,,TN,TN
autoland,4769114,12,1a03ada32d4ae63ebeeb4561891b61c1e6e17a68,windows10-64-shippable-qr,True,False,,,102210fe594ee9b33d82058545b1ed14f4c8206e,browser-toolbox.close-process.DAMP,damp,True,damp browser-toolbox.close-process.DAMP opt e10s fission stylo webrender-sw,4768818,77,ms,firefox,445890256.0,1838585423,2024-02-04 18:26:12,68.81046938493091,6cb794603d85d30882e94931d5c7cba2c609e8dd,1371541,,,,,,,,,,,,,,,,,,,,,,,,,,,,,,,,,,,,,,,,,,,,,,,,,,,,,,,,,,,,,TN,TN
autoland,4769114,12,1a03ada32d4ae63ebeeb4561891b61c1e6e17a68,windows10-64-shippable-qr,True,False,,,102210fe594ee9b33d82058545b1ed14f4c8206e,browser-toolbox.close-process.DAMP,damp,True,damp browser-toolbox.close-process.DAMP opt e10s fission stylo webrender-sw,4768818,77,ms,firefox,445908038.0,1838661713,2024-02-05 01:14:58,68.76929173663666,778e884de4e5ecb46e2d212a6f5f4a13e465a3a4,1371575,,,,,,,,,,,,,,,,,,,,,,,,,,,,,,,,,,,,,,,,,,,,,,,,,,,,,,,,,,,,,TN,TN
autoland,4769114,12,1a03ada32d4ae63ebeeb4561891b61c1e6e17a68,windows10-64-shippable-qr,True,False,,,102210fe594ee9b33d82058545b1ed14f4c8206e,browser-toolbox.close-process.DAMP,damp,True,damp browser-toolbox.close-process.DAMP opt e10s fission stylo webrender-sw,4768818,77,ms,firefox,445914893.0,1838702591,2024-02-05 06:38:18,68.80359574250178,9ca12d444230411e2168420a584a7f95e90c1f97,1371605,,,,,,,,,,,,,,,,,,,,,,,,,,,,,,,,,,,,,,,,,,,,,,,,,,,,,,,,,,,,,TN,TN
autoland,4769114,12,1a03ada32d4ae63ebeeb4561891b61c1e6e17a68,windows10-64-shippable-qr,True,False,,,102210fe594ee9b33d82058545b1ed14f4c8206e,browser-toolbox.close-process.DAMP,damp,True,damp browser-toolbox.close-process.DAMP opt e10s fission stylo webrender-sw,4768818,77,ms,firefox,445953713.0,1838838217,2024-02-05 11:13:48,68.9389579634153,e026ce62cd3a8700c3c5fb7495521391420d3ef6,1371747,,,,,,,,,,,,,,,,,,,,,,,,,,,,,,,,,,,,,,,,,,,,,,,,,,,,,,,,,,,,,TN,TN
autoland,4769114,12,1a03ada32d4ae63ebeeb4561891b61c1e6e17a68,windows10-64-shippable-qr,True,False,,,102210fe594ee9b33d82058545b1ed14f4c8206e,browser-toolbox.close-process.DAMP,damp,True,damp browser-toolbox.close-process.DAMP opt e10s fission stylo webrender-sw,4768818,77,ms,firefox,445996430.0,1838965237,2024-02-05 15:06:21,71.04771728639025,d67e058935bae8bfad9fb5868b225926a25cb64a,1371897,,,,,,,,,,,,,,,,,,,,,,,,,,,,,,,,,,,,,,,,,,,,,,,,,,,,,,,,,,,,,TN,TN
autoland,4769114,12,1a03ada32d4ae63ebeeb4561891b61c1e6e17a68,windows10-64-shippable-qr,True,False,,,102210fe594ee9b33d82058545b1ed14f4c8206e,browser-toolbox.close-process.DAMP,damp,True,damp browser-toolbox.close-process.DAMP opt e10s fission stylo webrender-sw,4768818,77,ms,firefox,446025036.0,1839060187,2024-02-05 18:46:19,68.93664517405705,9559ddacce7e802c8bda80f0f58d6cfd6cdd2948,1372136,,,,,,,,,,,,,,,,,,,,,,,,,,,,,,,,,,,,,,,,,,,,,,,,,,,,,,,,,,,,,TN,TN
autoland,4769114,12,1a03ada32d4ae63ebeeb4561891b61c1e6e17a68,windows10-64-shippable-qr,True,False,,,102210fe594ee9b33d82058545b1ed14f4c8206e,browser-toolbox.close-process.DAMP,damp,True,damp browser-toolbox.close-process.DAMP opt e10s fission stylo webrender-sw,4768818,77,ms,firefox,446061472.0,1839206232,2024-02-05 23:26:30,68.11598753998987,9f16b642b137c1390a012556c58e9f957a816ef6,1372325,,,,,,,,,,,,,,,,,,,,,,,,,,,,,,,,,,,,,,,,,,,,,,,,,,,,,,,,,,,,,TN,TN
autoland,4769114,12,1a03ada32d4ae63ebeeb4561891b61c1e6e17a68,windows10-64-shippable-qr,True,False,,,102210fe594ee9b33d82058545b1ed14f4c8206e,browser-toolbox.close-process.DAMP,damp,True,damp browser-toolbox.close-process.DAMP opt e10s fission stylo webrender-sw,4768818,77,ms,firefox,446073941.0,1839281477,2024-02-06 03:53:00,70.31419066754461,1995789cfffa08b612d3571d2e8596837f772a49,1372390,,,,,,,,,,,,,,,,,,,,,,,,,,,,,,,,,,,,,,,,,,,,,,,,,,,,,,,,,,,,,TN,TN
autoland,4769114,12,1a03ada32d4ae63ebeeb4561891b61c1e6e17a68,windows10-64-shippable-qr,True,False,,,102210fe594ee9b33d82058545b1ed14f4c8206e,browser-toolbox.close-process.DAMP,damp,True,damp browser-toolbox.close-process.DAMP opt e10s fission stylo webrender-sw,4768818,77,ms,firefox,446094906.0,1839472997,2024-02-06 07:31:17,69.59095686199726,df0b9539f5604a9aefc6916ce6ecf2e52670b78b,1372455,,,,,,,,,,,,,,,,,,,,,,,,,,,,,,,,,,,,,,,,,,,,,,,,,,,,,,,,,,,,,TN,TN
autoland,4769114,12,1a03ada32d4ae63ebeeb4561891b61c1e6e17a68,windows10-64-shippable-qr,True,False,,,102210fe594ee9b33d82058545b1ed14f4c8206e,browser-toolbox.close-process.DAMP,damp,True,damp browser-toolbox.close-process.DAMP opt e10s fission stylo webrender-sw,4768818,77,ms,firefox,446146677.0,1839657813,2024-02-06 11:44:40,72.77088891377207,c48ca61bc9255db0107d377c103a752265b60eb8,1372588,,,,,,,,,,,,,,,,,,,,,,,,,,,,,,,,,,,,,,,,,,,,,,,,,,,,,,,,,,,,,TN,TN
autoland,4769114,12,1a03ada32d4ae63ebeeb4561891b61c1e6e17a68,windows10-64-shippable-qr,True,False,,,102210fe594ee9b33d82058545b1ed14f4c8206e,browser-toolbox.close-process.DAMP,damp,True,damp browser-toolbox.close-process.DAMP opt e10s fission stylo webrender-sw,4768818,77,ms,firefox,446208003.0,1839885395,2024-02-06 17:15:13,69.9601800601231,79b38383448166074627506218757a9881ca5679,1372809,,,,,,,,,,,,,,,,,,,,,,,,,,,,,,,,,,,,,,,,,,,,,,,,,,,,,,,,,,,,,TN,TN
autoland,4769114,12,1a03ada32d4ae63ebeeb4561891b61c1e6e17a68,windows10-64-shippable-qr,True,False,,,102210fe594ee9b33d82058545b1ed14f4c8206e,browser-toolbox.close-process.DAMP,damp,True,damp browser-toolbox.close-process.DAMP opt e10s fission stylo webrender-sw,4768818,77,ms,firefox,446215402.0,1839921268,2024-02-06 17:24:04,73.91515825904207,1f93ea2744765ca11b90874574cc12168d3828a5,1372818,,,,,,,,,,,,,,,,,,,,,,,,,,,,,,,,,,,,,,,,,,,,,,,,,,,,,,,,,,,,,TN,TN
autoland,4769114,12,1a03ada32d4ae63ebeeb4561891b61c1e6e17a68,windows10-64-shippable-qr,True,False,,,102210fe594ee9b33d82058545b1ed14f4c8206e,browser-toolbox.close-process.DAMP,damp,True,damp browser-toolbox.close-process.DAMP opt e10s fission stylo webrender-sw,4768818,77,ms,firefox,446278402.0,1840257349,2024-02-07 04:17:01,70.01908731763251,1d87eb92ed10d04dccab53b631b14010ca09beb6,1373159,,,,,,,,,,,,,,,,,,,,,,,,,,,,,,,,,,,,,,,,,,,,,,,,,,,,,,,,,,,,,TN,TN
autoland,4769114,12,1a03ada32d4ae63ebeeb4561891b61c1e6e17a68,windows10-64-shippable-qr,True,False,,,102210fe594ee9b33d82058545b1ed14f4c8206e,browser-toolbox.close-process.DAMP,damp,True,damp browser-toolbox.close-process.DAMP opt e10s fission stylo webrender-sw,4768818,77,ms,firefox,446280742.0,1840286056,2024-02-07 04:22:59,74.0096631549095,fce00cd55ffb9127f24e7e1d2186178f72429fce,1373168,,,,,,,,,,,,,,,,,,,,,,,,,,,,,,,,,,,,,,,,,,,,,,,,,,,,,,,,,,,,,TN,TN
autoland,4769114,12,1a03ada32d4ae63ebeeb4561891b61c1e6e17a68,windows10-64-shippable-qr,True,False,,,102210fe594ee9b33d82058545b1ed14f4c8206e,browser-toolbox.close-process.DAMP,damp,True,damp browser-toolbox.close-process.DAMP opt e10s fission stylo webrender-sw,4768818,77,ms,firefox,446305815.0,1840410666,2024-02-07 08:54:39,73.98561827852973,df59ba0b3152fb8f6812b413bd2a6869bff469c1,1373246,,,,,,,,,,,,,,,,,,,,,,,,,,,,,,,,,,,,,,,,,,,,,,,,,,,,,,,,,,,,,TN,TN
autoland,4769114,12,1a03ada32d4ae63ebeeb4561891b61c1e6e17a68,windows10-64-shippable-qr,True,False,,,102210fe594ee9b33d82058545b1ed14f4c8206e,browser-toolbox.close-process.DAMP,damp,True,damp browser-toolbox.close-process.DAMP opt e10s fission stylo webrender-sw,4768818,77,ms,firefox,446305278.0,1840401459,2024-02-07 09:01:16,68.468065018591,ab5b008e36a4742d737a89c8cbfc1a69e2b76456,1373249,,,,,,,,,,,,,,,,,,,,,,,,,,,,,,,,,,,,,,,,,,,,,,,,,,,,,,,,,,,,,TN,TN
autoland,4769114,12,1a03ada32d4ae63ebeeb4561891b61c1e6e17a68,windows10-64-shippable-qr,True,False,,,102210fe594ee9b33d82058545b1ed14f4c8206e,browser-toolbox.close-process.DAMP,damp,True,damp browser-toolbox.close-process.DAMP opt e10s fission stylo webrender-sw,4768818,77,ms,firefox,446357704.0,1840548182,2024-02-07 13:03:40,71.25592981636873,ec34bf3905e43d945effa45ba094092c7355d4b2,1373380,,,,,,,,,,,,,,,,,,,,,,,,,,,,,,,,,,,,,,,,,,,,,,,,,,,,,,,,,,,,,TN,TN
autoland,4769114,12,1a03ada32d4ae63ebeeb4561891b61c1e6e17a68,windows10-64-shippable-qr,True,False,,,102210fe594ee9b33d82058545b1ed14f4c8206e,browser-toolbox.close-process.DAMP,damp,True,damp browser-toolbox.close-process.DAMP opt e10s fission stylo webrender-sw,4768818,77,ms,firefox,446374747.0,1840614350,2024-02-07 14:05:10,69.50706013743911,fdda8b6b095615f06fbef5c21ff9ad0a90927c83,1373437,,,,,,,,,,,,,,,,,,,,,,,,,,,,,,,,,,,,,,,,,,,,,,,,,,,,,,,,,,,,,TN,TN
autoland,4769114,12,1a03ada32d4ae63ebeeb4561891b61c1e6e17a68,windows10-64-shippable-qr,True,False,,,102210fe594ee9b33d82058545b1ed14f4c8206e,browser-toolbox.close-process.DAMP,damp,True,damp browser-toolbox.close-process.DAMP opt e10s fission stylo webrender-sw,4768818,77,ms,firefox,446404628.0,1840729558,2024-02-07 17:25:01,70.81707307499892,fcafc196f2cef3d5c607edaa0f66c96cdf1708d6,1373622,,,,,,,,,,,,,,,,,,,,,,,,,,,,,,,,,,,,,,,,,,,,,,,,,,,,,,,,,,,,,TN,TN
autoland,4769114,12,1a03ada32d4ae63ebeeb4561891b61c1e6e17a68,windows10-64-shippable-qr,True,False,,,102210fe594ee9b33d82058545b1ed14f4c8206e,browser-toolbox.close-process.DAMP,damp,True,damp browser-toolbox.close-process.DAMP opt e10s fission stylo webrender-sw,4768818,77,ms,firefox,446431584.0,1840857045,2024-02-07 21:31:39,69.7586465721397,0eee0e78f83c43165f612c4e7f3f7ff52d665b9c,1373826,,,,,,,,,,,,,,,,,,,,,,,,,,,,,,,,,,,,,,,,,,,,,,,,,,,,,,,,,,,,,TN,TN
autoland,4769114,12,1a03ada32d4ae63ebeeb4561891b61c1e6e17a68,windows10-64-shippable-qr,True,False,,,102210fe594ee9b33d82058545b1ed14f4c8206e,browser-toolbox.close-process.DAMP,damp,True,damp browser-toolbox.close-process.DAMP opt e10s fission stylo webrender-sw,4768818,77,ms,firefox,446434799.0,1840880074,2024-02-07 21:36:53,71.88827357962145,1cb745ef034e9cd65d98c15632e13f5862e7390b,1373829,,,,,,,,,,,,,,,,,,,,,,,,,,,,,,,,,,,,,,,,,,,,,,,,,,,,,,,,,,,,,TN,TN
autoland,4769114,12,1a03ada32d4ae63ebeeb4561891b61c1e6e17a68,windows10-64-shippable-qr,True,False,,,102210fe594ee9b33d82058545b1ed14f4c8206e,browser-toolbox.close-process.DAMP,damp,True,damp browser-toolbox.close-process.DAMP opt e10s fission stylo webrender-sw,4768818,77,ms,firefox,446456325.0,1840966469,2024-02-08 01:47:30,68.52589763826109,0cb1cb869761baae745081466c878e32a7d83888,1373927,,,,,,,,,,,,,,,,,,,,,,,,,,,,,,,,,,,,,,,,,,,,,,,,,,,,,,,,,,,,,TN,TN
autoland,4769114,12,1a03ada32d4ae63ebeeb4561891b61c1e6e17a68,windows10-64-shippable-qr,True,False,,,102210fe594ee9b33d82058545b1ed14f4c8206e,browser-toolbox.close-process.DAMP,damp,True,damp browser-toolbox.close-process.DAMP opt e10s fission stylo webrender-sw,4768818,77,ms,firefox,446458003.0,1840983383,2024-02-08 02:38:53,70.01701205043355,bbcb9c75a4919aa67c2fc1ec689eb69d653990dd,1373953,,,,,,,,,,,,,,,,,,,,,,,,,,,,,,,,,,,,,,,,,,,,,,,,,,,,,,,,,,,,,TN,TN
autoland,4769114,12,1a03ada32d4ae63ebeeb4561891b61c1e6e17a68,windows10-64-shippable-qr,True,False,,,102210fe594ee9b33d82058545b1ed14f4c8206e,browser-toolbox.close-process.DAMP,damp,True,damp browser-toolbox.close-process.DAMP opt e10s fission stylo webrender-sw,4768818,77,ms,firefox,446471619.0,1841073984,2024-02-08 07:03:19,71.19412415043917,344524bd7c755d7d7fcfca1d69503577b07db2b7,1374007,,,,,,,,,,,,,,,,,,,,,,,,,,,,,,,,,,,,,,,,,,,,,,,,,,,,,,,,,,,,,TN,TN
autoland,4769114,12,1a03ada32d4ae63ebeeb4561891b61c1e6e17a68,windows10-64-shippable-qr,True,False,,,102210fe594ee9b33d82058545b1ed14f4c8206e,browser-toolbox.close-process.DAMP,damp,True,damp browser-toolbox.close-process.DAMP opt e10s fission stylo webrender-sw,4768818,77,ms,firefox,446530890.0,1841290318,2024-02-08 14:56:42,70.91927814885275,286029e09b16d8910d7110864541cdb9d4b84681,1374192,,,,,,,,,,,,,,,,,,,,,,,,,,,,,,,,,,,,,,,,,,,,,,,,,,,,,,,,,,,,,TN,TN
autoland,4769114,12,1a03ada32d4ae63ebeeb4561891b61c1e6e17a68,windows10-64-shippable-qr,True,False,,,102210fe594ee9b33d82058545b1ed14f4c8206e,browser-toolbox.close-process.DAMP,damp,True,damp browser-toolbox.close-process.DAMP opt e10s fission stylo webrender-sw,4768818,77,ms,firefox,446535346.0,1841312111,2024-02-08 16:03:43,68.33379697816417,590071462358f92ff5d36dc8f99a472a45101fdb,1374244,,,,,,,,,,,,,,,,,,,,,,,,,,,,,,,,,,,,,,,,,,,,,,,,,,,,,,,,,,,,,TN,TN
autoland,4769114,12,1a03ada32d4ae63ebeeb4561891b61c1e6e17a68,windows10-64-shippable-qr,True,False,,,102210fe594ee9b33d82058545b1ed14f4c8206e,browser-toolbox.close-process.DAMP,damp,True,damp browser-toolbox.close-process.DAMP opt e10s fission stylo webrender-sw,4768818,77,ms,firefox,446616581.0,1841648095,2024-02-09 04:08:21,67.5542463537422,b17a56f7d0a828b62b52f572c8237345bf64786f,1374660,,,,,,,,,,,,,,,,,,,,,,,,,,,,,,,,,,,,,,,,,,,,,,,,,,,,,,,,,,,,,TN,TN
autoland,4769114,12,1a03ada32d4ae63ebeeb4561891b61c1e6e17a68,windows10-64-shippable-qr,True,False,,,102210fe594ee9b33d82058545b1ed14f4c8206e,browser-toolbox.close-process.DAMP,damp,True,damp browser-toolbox.close-process.DAMP opt e10s fission stylo webrender-sw,4768818,77,ms,firefox,446640149.0,1841750421,2024-02-09 08:27:03,68.26933907683997,7b81e807e547afd0cca0453e9697e58369ae5e92,1374718,,,,,,,,,,,,,,,,,,,,,,,,,,,,,,,,,,,,,,,,,,,,,,,,,,,,,,,,,,,,,TN,TN
autoland,4769114,12,1a03ada32d4ae63ebeeb4561891b61c1e6e17a68,windows10-64-shippable-qr,True,False,,,102210fe594ee9b33d82058545b1ed14f4c8206e,browser-toolbox.close-process.DAMP,damp,True,damp browser-toolbox.close-process.DAMP opt e10s fission stylo webrender-sw,4768818,77,ms,firefox,446685005.0,1841906289,2024-02-09 11:56:29,69.51432762024342,045e453bba33077fb8d5641ca3706f3785ce14f5,1374806,,,,,,,,,,,,,,,,,,,,,,,,,,,,,,,,,,,,,,,,,,,,,,,,,,,,,,,,,,,,,TN,TN
autoland,4769114,12,1a03ada32d4ae63ebeeb4561891b61c1e6e17a68,windows10-64-shippable-qr,True,False,,,102210fe594ee9b33d82058545b1ed14f4c8206e,browser-toolbox.close-process.DAMP,damp,True,damp browser-toolbox.close-process.DAMP opt e10s fission stylo webrender-sw,4768818,77,ms,firefox,447111162.0,1843479525,2024-02-09 15:09:32,68.03171672039025,4db18f6ce06e4e3f1d7197c4c3e9b52cced593fa,1374919,,,,,,,,,,,,,,,,,,,,,,,,,,,,,,,,,,,,,,,,,,,,,,,,,,,,,,,,,,,,,TN,TN
autoland,4769114,12,1a03ada32d4ae63ebeeb4561891b61c1e6e17a68,windows10-64-shippable-qr,True,False,,,102210fe594ee9b33d82058545b1ed14f4c8206e,browser-toolbox.close-process.DAMP,damp,True,damp browser-toolbox.close-process.DAMP opt e10s fission stylo webrender-sw,4768818,77,ms,firefox,447111160.0,1843479315,2024-02-09 15:16:23,67.93283107280149,6b7c9fbc0ffaf2a78cc6f22c34dfab000f8aeaaf,1374925,,,,,,,,,,,,,,,,,,,,,,,,,,,,,,,,,,,,,,,,,,,,,,,,,,,,,,,,,,,,,TN,TN
autoland,4769114,12,1a03ada32d4ae63ebeeb4561891b61c1e6e17a68,windows10-64-shippable-qr,True,False,,,102210fe594ee9b33d82058545b1ed14f4c8206e,browser-toolbox.close-process.DAMP,damp,True,damp browser-toolbox.close-process.DAMP opt e10s fission stylo webrender-sw,4768818,77,ms,firefox,447111175.0,1843480624,2024-02-09 15:17:42,70.07096662542608,cd42800e011bd3c11cc8c3191a48081d3b4d12a6,1374926,,,,,,,,,,,,,,,,,,,,,,,,,,,,,,,,,,,,,,,,,,,,,,,,,,,,,,,,,,,,,TN,TN
autoland,4769114,12,1a03ada32d4ae63ebeeb4561891b61c1e6e17a68,windows10-64-shippable-qr,True,False,,,102210fe594ee9b33d82058545b1ed14f4c8206e,browser-toolbox.close-process.DAMP,damp,True,damp browser-toolbox.close-process.DAMP opt e10s fission stylo webrender-sw,4768818,77,ms,firefox,447111164.0,1843480360,2024-02-09 15:52:28,69.2029847495869,1f05e48d0a9431a49eb46675af889f78c7fcf4dd,1374946,,,,,,,,,,,,,,,,,,,,,,,,,,,,,,,,,,,,,,,,,,,,,,,,,,,,,,,,,,,,,TN,TN
autoland,4769114,12,1a03ada32d4ae63ebeeb4561891b61c1e6e17a68,windows10-64-shippable-qr,True,False,,,102210fe594ee9b33d82058545b1ed14f4c8206e,browser-toolbox.close-process.DAMP,damp,True,damp browser-toolbox.close-process.DAMP opt e10s fission stylo webrender-sw,4768818,77,ms,firefox,447111161.0,1843479665,2024-02-09 15:54:07,69.55684731146903,ce96cef0d2cd4dce98d4220e107102eebd4e21a9,1374950,,,,,,,,,,,,,,,,,,,,,,,,,,,,,,,,,,,,,,,,,,,,,,,,,,,,,,,,,,,,,TN,TN
autoland,4769114,12,1a03ada32d4ae63ebeeb4561891b61c1e6e17a68,windows10-64-shippable-qr,True,False,,,102210fe594ee9b33d82058545b1ed14f4c8206e,browser-toolbox.close-process.DAMP,damp,True,damp browser-toolbox.close-process.DAMP opt e10s fission stylo webrender-sw,4768818,77,ms,firefox,446728625.0,1842047034,2024-02-09 16:09:01,67.91083825676469,193e6982f5a17f0fa7cced978df3079f87e4ad99,1374959,,,,,,,,,,,,,,,,,,,,,,,,,,,,,,,,,,,,,,,,,,,,,,,,,,,,,,,,,,,,,TN,TN
autoland,4769114,12,1a03ada32d4ae63ebeeb4561891b61c1e6e17a68,windows10-64-shippable-qr,True,False,,,102210fe594ee9b33d82058545b1ed14f4c8206e,browser-toolbox.close-process.DAMP,damp,True,damp browser-toolbox.close-process.DAMP opt e10s fission stylo webrender-sw,4768818,77,ms,firefox,447111174.0,1843479607,2024-02-09 16:20:50,69.81630808468617,5707fb45181e2d40a3be94ac0b465a191a809014,1374965,,,,,,,,,,,,,,,,,,,,,,,,,,,,,,,,,,,,,,,,,,,,,,,,,,,,,,,,,,,,,TN,TN
autoland,4769114,12,1a03ada32d4ae63ebeeb4561891b61c1e6e17a68,windows10-64-shippable-qr,True,False,,,102210fe594ee9b33d82058545b1ed14f4c8206e,browser-toolbox.close-process.DAMP,damp,True,damp browser-toolbox.close-process.DAMP opt e10s fission stylo webrender-sw,4768818,77,ms,firefox,447111173.0,1843479964,2024-02-09 16:23:01,69.6935749835684,85a703617705ce98b8d8dfd26cdaebc74457c44c,1374968,,,,,,,,,,,,,,,,,,,,,,,,,,,,,,,,,,,,,,,,,,,,,,,,,,,,,,,,,,,,,TN,TN
autoland,4769114,12,1a03ada32d4ae63ebeeb4561891b61c1e6e17a68,windows10-64-shippable-qr,True,False,,,102210fe594ee9b33d82058545b1ed14f4c8206e,browser-toolbox.close-process.DAMP,damp,True,damp browser-toolbox.close-process.DAMP opt e10s fission stylo webrender-sw,4768818,77,ms,firefox,447111167.0,1843479405,2024-02-09 16:26:36,69.90768632123945,9793d58574ba0c44dd7cea68fdbac2405ccaa693,1374971,,,,,,,,,,,,,,,,,,,,,,,,,,,,,,,,,,,,,,,,,,,,,,,,,,,,,,,,,,,,,TN,TN
autoland,4769114,12,1a03ada32d4ae63ebeeb4561891b61c1e6e17a68,windows10-64-shippable-qr,True,False,,,102210fe594ee9b33d82058545b1ed14f4c8206e,browser-toolbox.close-process.DAMP,damp,True,damp browser-toolbox.close-process.DAMP opt e10s fission stylo webrender-sw,4768818,77,ms,firefox,446741562.0,1842117992,2024-02-09 17:06:42,68.90682557322725,39d76f98160905dab2a294ece0e03ee8ba5ba4cc,1375009,,,,,,,,,,,,,,,,,,,,,,,,,,,,,,,,,,,,,,,,,,,,,,,,,,,,,,,,,,,,,TN,TN
autoland,4769114,12,1a03ada32d4ae63ebeeb4561891b61c1e6e17a68,windows10-64-shippable-qr,True,False,,,102210fe594ee9b33d82058545b1ed14f4c8206e,browser-toolbox.close-process.DAMP,damp,True,damp browser-toolbox.close-process.DAMP opt e10s fission stylo webrender-sw,4768818,77,ms,firefox,447166809.0,1843673023,2024-02-09 18:43:30,78.48805060470477,1761a869f287c70c8a564e860d736b7b6852ee58,1375095,,,,,,,,,,,,,,,,,,,,,,,,,,,,,,,,,,,,,,,,,,,,,,,,,,,,,,,,,,,,,TN,TN
autoland,4769114,12,1a03ada32d4ae63ebeeb4561891b61c1e6e17a68,windows10-64-shippable-qr,True,False,,,102210fe594ee9b33d82058545b1ed14f4c8206e,browser-toolbox.close-process.DAMP,damp,True,damp browser-toolbox.close-process.DAMP opt e10s fission stylo webrender-sw,4768818,77,ms,firefox,447156512.0,1843644543,2024-02-09 18:46:45,68.93390854915197,742e3c60d264b3e9388fb795d9a3bb2a890baad8,1375098,,,,,,,,,,,,,,,,,,,,,,,,,,,,,,,,,,,,,,,,,,,,,,,,,,,,,,,,,,,,,TN,TN
autoland,4769114,12,1a03ada32d4ae63ebeeb4561891b61c1e6e17a68,windows10-64-shippable-qr,True,False,,,102210fe594ee9b33d82058545b1ed14f4c8206e,browser-toolbox.close-process.DAMP,damp,True,damp browser-toolbox.close-process.DAMP opt e10s fission stylo webrender-sw,4768818,77,ms,firefox,447167738.0,1843675231,2024-02-09 19:00:16,68.78967151407414,21cb063d401a49e4fe35202f92cb4f15f5a3d4b8,1375110,,,,,,,,,,,,,,,,,,,,,,,,,,,,,,,,,,,,,,,,,,,,,,,,,,,,,,,,,,,,,TN,TN
autoland,4769114,12,1a03ada32d4ae63ebeeb4561891b61c1e6e17a68,windows10-64-shippable-qr,True,False,,,102210fe594ee9b33d82058545b1ed14f4c8206e,browser-toolbox.close-process.DAMP,damp,True,damp browser-toolbox.close-process.DAMP opt e10s fission stylo webrender-sw,4768818,77,ms,firefox,447165391.0,1843669161,2024-02-09 19:04:44,72.79851206045714,ab60d28d69a4a0d7d41ba993b765e3b54ec6a398,1375115,,,,,,,,,,,,,,,,,,,,,,,,,,,,,,,,,,,,,,,,,,,,,,,,,,,,,,,,,,,,,TN,TN
autoland,4769114,12,1a03ada32d4ae63ebeeb4561891b61c1e6e17a68,windows10-64-shippable-qr,True,False,,,102210fe594ee9b33d82058545b1ed14f4c8206e,browser-toolbox.close-process.DAMP,damp,True,damp browser-toolbox.close-process.DAMP opt e10s fission stylo webrender-sw,4768818,77,ms,firefox,447149927.0,1843617897,2024-02-09 19:50:20,70.35198263297207,e64222e1cbebe755f1bff620ee349c62891a40b0,1375153,,,,,,,,,,,,,,,,,,,,,,,,,,,,,,,,,,,,,,,,,,,,,,,,,,,,,,,,,,,,,TN,TN
autoland,4769114,12,1a03ada32d4ae63ebeeb4561891b61c1e6e17a68,windows10-64-shippable-qr,True,False,,,102210fe594ee9b33d82058545b1ed14f4c8206e,browser-toolbox.close-process.DAMP,damp,True,damp browser-toolbox.close-process.DAMP opt e10s fission stylo webrender-sw,4768818,77,ms,firefox,447110180.0,1843473374,2024-02-09 20:14:35,69.8200589074113,29b472f03f87124654c8afc00ce7c0c8e1ee5201,1375176,,,,,,,,,,,,,,,,,,,,,,,,,,,,,,,,,,,,,,,,,,,,,,,,,,,,,,,,,,,,,TN,TN
autoland,4769114,12,1a03ada32d4ae63ebeeb4561891b61c1e6e17a68,windows10-64-shippable-qr,True,False,,,102210fe594ee9b33d82058545b1ed14f4c8206e,browser-toolbox.close-process.DAMP,damp,True,damp browser-toolbox.close-process.DAMP opt e10s fission stylo webrender-sw,4768818,77,ms,firefox,447114552.0,1843499063,2024-02-09 20:16:03,74.25310331575747,3181377ca26583e98567ae9024ac238eb33e2166,1375179,,,,,,,,,,,,,,,,,,,,,,,,,,,,,,,,,,,,,,,,,,,,,,,,,,,,,,,,,,,,,TN,TN
autoland,4769114,12,1a03ada32d4ae63ebeeb4561891b61c1e6e17a68,windows10-64-shippable-qr,True,False,,,102210fe594ee9b33d82058545b1ed14f4c8206e,browser-toolbox.close-process.DAMP,damp,True,damp browser-toolbox.close-process.DAMP opt e10s fission stylo webrender-sw,4768818,77,ms,firefox,447110219.0,1843473968,2024-02-09 20:25:22,67.96172841317457,0a07b15df232a43ba780337f8b49486d5afa4c32,1375190,,,,,,,,,,,,,,,,,,,,,,,,,,,,,,,,,,,,,,,,,,,,,,,,,,,,,,,,,,,,,TN,TN
autoland,4769114,12,1a03ada32d4ae63ebeeb4561891b61c1e6e17a68,windows10-64-shippable-qr,True,False,,,102210fe594ee9b33d82058545b1ed14f4c8206e,browser-toolbox.close-process.DAMP,damp,True,damp browser-toolbox.close-process.DAMP opt e10s fission stylo webrender-sw,4768818,77,ms,firefox,447110235.0,1843474120,2024-02-09 20:33:58,68.40876640918577,496c531edf871bd6b2c092635d8ed0aaedf1b94f,1375199,,,,,,,,,,,,,,,,,,,,,,,,,,,,,,,,,,,,,,,,,,,,,,,,,,,,,,,,,,,,,TN,TN
autoland,4769114,12,1a03ada32d4ae63ebeeb4561891b61c1e6e17a68,windows10-64-shippable-qr,True,False,,,102210fe594ee9b33d82058545b1ed14f4c8206e,browser-toolbox.close-process.DAMP,damp,True,damp browser-toolbox.close-process.DAMP opt e10s fission stylo webrender-sw,4768818,77,ms,firefox,447110229.0,1843474028,2024-02-09 20:45:08,70.27752130347653,f09e24073a08716de01049dce57fb6e2a69587bb,1375209,,,,,,,,,,,,,,,,,,,,,,,,,,,,,,,,,,,,,,,,,,,,,,,,,,,,,,,,,,,,,TN,TN
autoland,4769114,12,1a03ada32d4ae63ebeeb4561891b61c1e6e17a68,windows10-64-shippable-qr,True,False,,,102210fe594ee9b33d82058545b1ed14f4c8206e,browser-toolbox.close-process.DAMP,damp,True,damp browser-toolbox.close-process.DAMP opt e10s fission stylo webrender-sw,4768818,77,ms,firefox,447110414.0,1843474986,2024-02-09 21:32:42,70.19282264626236,3fe6bd949054cc4a09d7e282c149f0d97e4b7003,1375233,,,,,,,,,,,,,,,,,,,,,,,,,,,,,,,,,,,,,,,,,,,,,,,,,,,,,,,,,,,,,TN,TN
autoland,4769114,12,1a03ada32d4ae63ebeeb4561891b61c1e6e17a68,windows10-64-shippable-qr,True,False,,,102210fe594ee9b33d82058545b1ed14f4c8206e,browser-toolbox.close-process.DAMP,damp,True,damp browser-toolbox.close-process.DAMP opt e10s fission stylo webrender-sw,4768818,77,ms,firefox,446762773.0,1842201713,2024-02-09 21:47:15,68.84599775198149,0fb5f3212fd93e901bed6bb19bd8b63339869991,1375247,,,,,,,,,,,,,,,,,,,,,,,,,,,,,,,,,,,,,,,,,,,,,,,,,,,,,,,,,,,,,TN,TN
autoland,4769114,12,1a03ada32d4ae63ebeeb4561891b61c1e6e17a68,windows10-64-shippable-qr,True,False,,,102210fe594ee9b33d82058545b1ed14f4c8206e,browser-toolbox.close-process.DAMP,damp,True,damp browser-toolbox.close-process.DAMP opt e10s fission stylo webrender-sw,4768818,77,ms,firefox,447149785.0,1843617613,2024-02-09 21:53:07,68.46682361165585,312701582d838de9c481e52c93f67c4a669c75fa,1375253,,,,,,,,,,,,,,,,,,,,,,,,,,,,,,,,,,,,,,,,,,,,,,,,,,,,,,,,,,,,,TN,TN
autoland,4769114,12,1a03ada32d4ae63ebeeb4561891b61c1e6e17a68,windows10-64-shippable-qr,True,False,,,102210fe594ee9b33d82058545b1ed14f4c8206e,browser-toolbox.close-process.DAMP,damp,True,damp browser-toolbox.close-process.DAMP opt e10s fission stylo webrender-sw,4768818,77,ms,firefox,447149786.0,1843617435,2024-02-09 22:02:55,69.51929611500236,0fbb534ed5d8481c6c5e404a6a02d010a84c0059,1375264,,,,,,,,,,,,,,,,,,,,,,,,,,,,,,,,,,,,,,,,,,,,,,,,,,,,,,,,,,,,,TN,TN
autoland,4769114,12,1a03ada32d4ae63ebeeb4561891b61c1e6e17a68,windows10-64-shippable-qr,True,False,,,102210fe594ee9b33d82058545b1ed14f4c8206e,browser-toolbox.close-process.DAMP,damp,True,damp browser-toolbox.close-process.DAMP opt e10s fission stylo webrender-sw,4768818,77,ms,firefox,447167682.0,1843674811,2024-02-09 22:04:05,75.10519905897672,f19610ecbade6731196be6f4ae28200fccfe0975,1375265,,,,,,,,,,,,,,,,,,,,,,,,,,,,,,,,,,,,,,,,,,,,,,,,,,,,,,,,,,,,,TN,TN
autoland,4769114,12,1a03ada32d4ae63ebeeb4561891b61c1e6e17a68,windows10-64-shippable-qr,True,False,,,102210fe594ee9b33d82058545b1ed14f4c8206e,browser-toolbox.close-process.DAMP,damp,True,damp browser-toolbox.close-process.DAMP opt e10s fission stylo webrender-sw,4768818,77,ms,firefox,447149790.0,1843617744,2024-02-09 22:05:24,70.9657721114927,0d8efe0f8f37afd61a93314f5f2d4329cd1c8b7e,1375267,,,,,,,,,,,,,,,,,,,,,,,,,,,,,,,,,,,,,,,,,,,,,,,,,,,,,,,,,,,,,TN,TN
autoland,4769114,12,1a03ada32d4ae63ebeeb4561891b61c1e6e17a68,windows10-64-shippable-qr,True,False,,,102210fe594ee9b33d82058545b1ed14f4c8206e,browser-toolbox.close-process.DAMP,damp,True,damp browser-toolbox.close-process.DAMP opt e10s fission stylo webrender-sw,4768818,77,ms,firefox,447149789.0,1843617544,2024-02-09 22:40:07,69.1330823397875,86120bd613f951a5088bf74fb8e5383f5d19c0dc,1375285,,,,,,,,,,,,,,,,,,,,,,,,,,,,,,,,,,,,,,,,,,,,,,,,,,,,,,,,,,,,,TN,TN
autoland,4769114,12,1a03ada32d4ae63ebeeb4561891b61c1e6e17a68,windows10-64-shippable-qr,True,False,,,102210fe594ee9b33d82058545b1ed14f4c8206e,browser-toolbox.close-process.DAMP,damp,True,damp browser-toolbox.close-process.DAMP opt e10s fission stylo webrender-sw,4768818,77,ms,firefox,447149791.0,1843617686,2024-02-09 22:45:06,70.39289454316895,1273b0849db2940b84a4a0d5273c23b4620b9d90,1375287,,,,,,,,,,,,,,,,,,,,,,,,,,,,,,,,,,,,,,,,,,,,,,,,,,,,,,,,,,,,,TN,TN
autoland,4769114,12,1a03ada32d4ae63ebeeb4561891b61c1e6e17a68,windows10-64-shippable-qr,True,False,,,102210fe594ee9b33d82058545b1ed14f4c8206e,browser-toolbox.close-process.DAMP,damp,True,damp browser-toolbox.close-process.DAMP opt e10s fission stylo webrender-sw,4768818,77,ms,firefox,447149794.0,1843617807,2024-02-09 23:18:46,69.91651326573628,0bc92f4e8733dbc75bce79c3fef94c162bbbd06e,1375304,,,,,,,,,,,,,,,,,,,,,,,,,,,,,,,,,,,,,,,,,,,,,,,,,,,,,,,,,,,,,TN,TN
autoland,4769114,12,1a03ada32d4ae63ebeeb4561891b61c1e6e17a68,windows10-64-shippable-qr,True,False,,,102210fe594ee9b33d82058545b1ed14f4c8206e,browser-toolbox.close-process.DAMP,damp,True,damp browser-toolbox.close-process.DAMP opt e10s fission stylo webrender-sw,4768818,77,ms,firefox,447110164.0,1843474788,2024-02-09 23:43:37,71.68320596485137,9b5ebc2d3b4b4889b4cde0ffa5f73717a5d47e11,1375312,,,,,,,,,,,,,,,,,,,,,,,,,,,,,,,,,,,,,,,,,,,,,,,,,,,,,,,,,,,,,TN,TN
autoland,4769114,12,1a03ada32d4ae63ebeeb4561891b61c1e6e17a68,windows10-64-shippable-qr,True,False,,,102210fe594ee9b33d82058545b1ed14f4c8206e,browser-toolbox.close-process.DAMP,damp,True,damp browser-toolbox.close-process.DAMP opt e10s fission stylo webrender-sw,4768818,77,ms,firefox,447110173.0,1843473046,2024-02-09 23:52:15,68.72431256402342,0f5860b7e16072e1dd03e8477f499a6b6122911a,1375314,,,,,,,,,,,,,,,,,,,,,,,,,,,,,,,,,,,,,,,,,,,,,,,,,,,,,,,,,,,,,TN,TN
autoland,4769114,12,1a03ada32d4ae63ebeeb4561891b61c1e6e17a68,windows10-64-shippable-qr,True,False,,,102210fe594ee9b33d82058545b1ed14f4c8206e,browser-toolbox.close-process.DAMP,damp,True,damp browser-toolbox.close-process.DAMP opt e10s fission stylo webrender-sw,4768818,77,ms,firefox,447110178.0,1843473235,2024-02-10 00:22:23,68.46077308652457,f0f4df04e3c55cdcc61c1743f02b3e92a8dbcf51,1375323,,,,,,,,,,,,,,,,,,,,,,,,,,,,,,,,,,,,,,,,,,,,,,,,,,,,,,,,,,,,,TN,TN
autoland,4769114,12,1a03ada32d4ae63ebeeb4561891b61c1e6e17a68,windows10-64-shippable-qr,True,False,,,102210fe594ee9b33d82058545b1ed14f4c8206e,browser-toolbox.close-process.DAMP,damp,True,damp browser-toolbox.close-process.DAMP opt e10s fission stylo webrender-sw,4768818,77,ms,firefox,447110163.0,1843473103,2024-02-10 00:27:26,69.98102181809372,109f32d3c3a4dbce14071acf081c3cb70263c00b,1375328,,,,,,,,,,,,,,,,,,,,,,,,,,,,,,,,,,,,,,,,,,,,,,,,,,,,,,,,,,,,,TN,TN
autoland,4769114,12,1a03ada32d4ae63ebeeb4561891b61c1e6e17a68,windows10-64-shippable-qr,True,False,,,102210fe594ee9b33d82058545b1ed14f4c8206e,browser-toolbox.close-process.DAMP,damp,True,damp browser-toolbox.close-process.DAMP opt e10s fission stylo webrender-sw,4768818,77,ms,firefox,447110181.0,1843473435,2024-02-10 00:27:26,67.97574625590642,109f32d3c3a4dbce14071acf081c3cb70263c00b,1375328,,,,,,,,,,,,,,,,,,,,,,,,,,,,,,,,,,,,,,,,,,,,,,,,,,,,,,,,,,,,,TN,TN
autoland,4769114,12,1a03ada32d4ae63ebeeb4561891b61c1e6e17a68,windows10-64-shippable-qr,True,False,,,102210fe594ee9b33d82058545b1ed14f4c8206e,browser-toolbox.close-process.DAMP,damp,True,damp browser-toolbox.close-process.DAMP opt e10s fission stylo webrender-sw,4768818,77,ms,firefox,447110179.0,1843473886,2024-02-10 00:50:02,69.99119360750774,23d502ed06280881577c5f9df617026ee30500f1,1375334,,,,,,,,,,,,,,,,,,,,,,,,,,,,,,,,,,,,,,,,,,,,,,,,,,,,,,,,,,,,,TN,TN
autoland,4769114,12,1a03ada32d4ae63ebeeb4561891b61c1e6e17a68,windows10-64-shippable-qr,True,False,,,102210fe594ee9b33d82058545b1ed14f4c8206e,browser-toolbox.close-process.DAMP,damp,True,damp browser-toolbox.close-process.DAMP opt e10s fission stylo webrender-sw,4768818,77,ms,firefox,447110189.0,1843473648,2024-02-10 00:50:02,68.81081071853987,23d502ed06280881577c5f9df617026ee30500f1,1375334,,,,,,,,,,,,,,,,,,,,,,,,,,,,,,,,,,,,,,,,,,,,,,,,,,,,,,,,,,,,,TN,TN
autoland,4769114,12,1a03ada32d4ae63ebeeb4561891b61c1e6e17a68,windows10-64-shippable-qr,True,False,,,102210fe594ee9b33d82058545b1ed14f4c8206e,browser-toolbox.close-process.DAMP,damp,True,damp browser-toolbox.close-process.DAMP opt e10s fission stylo webrender-sw,4768818,77,ms,firefox,447110176.0,1843473684,2024-02-10 01:09:33,70.32508933548525,88c50740c90849f41b36a3ebdea5c1182d010b62,1375337,,,,,,,,,,,,,,,,,,,,,,,,,,,,,,,,,,,,,,,,,,,,,,,,,,,,,,,,,,,,,TN,TN
autoland,4769114,12,1a03ada32d4ae63ebeeb4561891b61c1e6e17a68,windows10-64-shippable-qr,True,False,,,102210fe594ee9b33d82058545b1ed14f4c8206e,browser-toolbox.close-process.DAMP,damp,True,damp browser-toolbox.close-process.DAMP opt e10s fission stylo webrender-sw,4768818,77,ms,firefox,447110177.0,1843473870,2024-02-10 01:20:58,69.40687882123166,7c830bff08572b8bac6f52a3bfdbdc802fb53358,1375338,,,,,,,,,,,,,,,,,,,,,,,,,,,,,,,,,,,,,,,,,,,,,,,,,,,,,,,,,,,,,TN,TN
autoland,4769114,12,1a03ada32d4ae63ebeeb4561891b61c1e6e17a68,windows10-64-shippable-qr,True,False,,,102210fe594ee9b33d82058545b1ed14f4c8206e,browser-toolbox.close-process.DAMP,damp,True,damp browser-toolbox.close-process.DAMP opt e10s fission stylo webrender-sw,4768818,77,ms,firefox,447110190.0,1843473532,2024-02-10 01:23:14,66.94942705522408,50aa70b870995f58a2e4d7814c349cb9c7b87eb3,1375340,,,,,,,,,,,,,,,,,,,,,,,,,,,,,,,,,,,,,,,,,,,,,,,,,,,,,,,,,,,,,TN,TN
autoland,4769114,12,1a03ada32d4ae63ebeeb4561891b61c1e6e17a68,windows10-64-shippable-qr,True,False,,,102210fe594ee9b33d82058545b1ed14f4c8206e,browser-toolbox.close-process.DAMP,damp,True,damp browser-toolbox.close-process.DAMP opt e10s fission stylo webrender-sw,4768818,77,ms,firefox,447110217.0,1843475196,2024-02-10 01:25:19,71.42264685613918,cae2ddb5865afe0bbfa2c2347127ab509e7fd4ac,1375341,,,,,,,,,,,,,,,,,,,,,,,,,,,,,,,,,,,,,,,,,,,,,,,,,,,,,,,,,,,,,TN,TN
autoland,4769114,12,1a03ada32d4ae63ebeeb4561891b61c1e6e17a68,windows10-64-shippable-qr,True,False,,,102210fe594ee9b33d82058545b1ed14f4c8206e,browser-toolbox.close-process.DAMP,damp,True,damp browser-toolbox.close-process.DAMP opt e10s fission stylo webrender-sw,4768818,77,ms,firefox,446787157.0,1842290903,2024-02-10 07:03:30,72.14293418674788,20876ae07c4b760464125773aa45200a98f34159,1375365,,,,,,,,,,,,,,,,,,,,,,,,,,,,,,,,,,,,,,,,,,,,,,,,,,,,,,,,,,,,,TN,TN
autoland,4769114,12,1a03ada32d4ae63ebeeb4561891b61c1e6e17a68,windows10-64-shippable-qr,True,False,,,102210fe594ee9b33d82058545b1ed14f4c8206e,browser-toolbox.close-process.DAMP,damp,True,damp browser-toolbox.close-process.DAMP opt e10s fission stylo webrender-sw,4768818,77,ms,firefox,447110231.0,1843474566,2024-02-10 07:32:54,69.35507213725941,a4ac5f36f609ad4a87fb047393aab7e4445270b4,1375368,,,,,,,,,,,,,,,,,,,,,,,,,,,,,,,,,,,,,,,,,,,,,,,,,,,,,,,,,,,,,TN,TN
autoland,4769114,12,1a03ada32d4ae63ebeeb4561891b61c1e6e17a68,windows10-64-shippable-qr,True,False,,,102210fe594ee9b33d82058545b1ed14f4c8206e,browser-toolbox.close-process.DAMP,damp,True,damp browser-toolbox.close-process.DAMP opt e10s fission stylo webrender-sw,4768818,77,ms,firefox,447117133.0,1843503857,2024-02-10 08:35:53,74.52638398413546,26caafd648a73178252634fdf71f0320fd1c9d2f,1375370,,,,,,,,,,,,,,,,,,,,,,,,,,,,,,,,,,,,,,,,,,,,,,,,,,,,,,,,,,,,,TN,TN
autoland,4769114,12,1a03ada32d4ae63ebeeb4561891b61c1e6e17a68,windows10-64-shippable-qr,True,False,,,102210fe594ee9b33d82058545b1ed14f4c8206e,browser-toolbox.close-process.DAMP,damp,True,damp browser-toolbox.close-process.DAMP opt e10s fission stylo webrender-sw,4768818,77,ms,firefox,446811642.0,1842370398,2024-02-10 13:47:16,71.58092781800951,b09350ff8440d3ef5d3ac2b811bfe9a5d243196a,1375389,,,,,,,,,,,,,,,,,,,,,,,,,,,,,,,,,,,,,,,,,,,,,,,,,,,,,,,,,,,,,TN,TN
autoland,4769114,12,1a03ada32d4ae63ebeeb4561891b61c1e6e17a68,windows10-64-shippable-qr,True,False,,,102210fe594ee9b33d82058545b1ed14f4c8206e,browser-toolbox.close-process.DAMP,damp,True,damp browser-toolbox.close-process.DAMP opt e10s fission stylo webrender-sw,4768818,77,ms,firefox,446821614.0,1842409981,2024-02-10 17:58:32,70.38194536888477,f6690a5e6ceef6b384dc31d4485e790a4935508a,1375417,,,,,,,,,,,,,,,,,,,,,,,,,,,,,,,,,,,,,,,,,,,,,,,,,,,,,,,,,,,,,TN,TN
autoland,4769114,12,1a03ada32d4ae63ebeeb4561891b61c1e6e17a68,windows10-64-shippable-qr,True,False,,,102210fe594ee9b33d82058545b1ed14f4c8206e,browser-toolbox.close-process.DAMP,damp,True,damp browser-toolbox.close-process.DAMP opt e10s fission stylo webrender-sw,4768818,77,ms,firefox,446840322.0,1842476309,2024-02-11 02:31:23,72.71774020677549,f92c77fccb76549171ecc809818a26b1eb883b43,1375439,,,,,,,,,,,,,,,,,,,,,,,,,,,,,,,,,,,,,,,,,,,,,,,,,,,,,,,,,,,,,TN,TN
autoland,4769114,12,1a03ada32d4ae63ebeeb4561891b61c1e6e17a68,windows10-64-shippable-qr,True,False,,,102210fe594ee9b33d82058545b1ed14f4c8206e,browser-toolbox.close-process.DAMP,damp,True,damp browser-toolbox.close-process.DAMP opt e10s fission stylo webrender-sw,4768818,77,ms,firefox,446873518.0,1842618405,2024-02-11 15:25:51,71.16847556176072,13676fc9b0cd8461cb9863d3a2d1b9a696a9c0f5,1375518,,,,,,,,,,,,,,,,,,,,,,,,,,,,,,,,,,,,,,,,,,,,,,,,,,,,,,,,,,,,,TN,TN
autoland,4769114,12,1a03ada32d4ae63ebeeb4561891b61c1e6e17a68,windows10-64-shippable-qr,True,False,,,102210fe594ee9b33d82058545b1ed14f4c8206e,browser-toolbox.close-process.DAMP,damp,True,damp browser-toolbox.close-process.DAMP opt e10s fission stylo webrender-sw,4768818,77,ms,firefox,446934910.0,1842887197,2024-02-12 14:26:47,70.36921995162265,d1700411923cc3f12ce388da3db2f024d7cc438d,1375793,,,,,,,,,,,,,,,,,,,,,,,,,,,,,,,,,,,,,,,,,,,,,,,,,,,,,,,,,,,,,TN,TN
autoland,4769114,12,1a03ada32d4ae63ebeeb4561891b61c1e6e17a68,windows10-64-shippable-qr,True,False,,,102210fe594ee9b33d82058545b1ed14f4c8206e,browser-toolbox.close-process.DAMP,damp,True,damp browser-toolbox.close-process.DAMP opt e10s fission stylo webrender-sw,4768818,77,ms,firefox,446944947.0,1842928148,2024-02-12 15:53:07,68.72233493806561,cab51450b6bd71ade4db0f49831f7e402b375b45,1375888,,,,,,,,,,,,,,,,,,,,,,,,,,,,,,,,,,,,,,,,,,,,,,,,,,,,,,,,,,,,,TN,TN
autoland,4769114,12,1a03ada32d4ae63ebeeb4561891b61c1e6e17a68,windows10-64-shippable-qr,True,False,,,102210fe594ee9b33d82058545b1ed14f4c8206e,browser-toolbox.close-process.DAMP,damp,True,damp browser-toolbox.close-process.DAMP opt e10s fission stylo webrender-sw,4768818,77,ms,firefox,446978429.0,1843013843,2024-02-12 20:04:04,70.95399610951426,37ec3180a6cbce3bb2544f9a16b4ded4657c6eb6,1376093,,,,,,,,,,,,,,,,,,,,,,,,,,,,,,,,,,,,,,,,,,,,,,,,,,,,,,,,,,,,,TN,TN
autoland,4769114,12,1a03ada32d4ae63ebeeb4561891b61c1e6e17a68,windows10-64-shippable-qr,True,False,,,102210fe594ee9b33d82058545b1ed14f4c8206e,browser-toolbox.close-process.DAMP,damp,True,damp browser-toolbox.close-process.DAMP opt e10s fission stylo webrender-sw,4768818,77,ms,firefox,446982558.0,1843031233,2024-02-12 20:15:07,68.84151342818222,995a3050d70cb954214be8710caa54a1794745ec,1376103,,,,,,,,,,,,,,,,,,,,,,,,,,,,,,,,,,,,,,,,,,,,,,,,,,,,,,,,,,,,,TN,TN
autoland,4769114,12,1a03ada32d4ae63ebeeb4561891b61c1e6e17a68,windows10-64-shippable-qr,True,False,,,102210fe594ee9b33d82058545b1ed14f4c8206e,browser-toolbox.close-process.DAMP,damp,True,damp browser-toolbox.close-process.DAMP opt e10s fission stylo webrender-sw,4768818,77,ms,firefox,447022116.0,1843120415,2024-02-13 00:22:17,69.47836442707921,b316bafe790ef37c5585cadd21f6a2c8ebd749b9,1376256,,,,,,,,,,,,,,,,,,,,,,,,,,,,,,,,,,,,,,,,,,,,,,,,,,,,,,,,,,,,,TN,TN
autoland,4769114,12,1a03ada32d4ae63ebeeb4561891b61c1e6e17a68,windows10-64-shippable-qr,True,False,,,102210fe594ee9b33d82058545b1ed14f4c8206e,browser-toolbox.close-process.DAMP,damp,True,damp browser-toolbox.close-process.DAMP opt e10s fission stylo webrender-sw,4768818,77,ms,firefox,447032420.0,1843163160,2024-02-13 02:51:29,68.72660160399391,52fc8e3041c5f42dfa50438336b110a9a5e77f2b,1376298,,,,,,,,,,,,,,,,,,,,,,,,,,,,,,,,,,,,,,,,,,,,,,,,,,,,,,,,,,,,,TN,TN
autoland,4769114,12,1a03ada32d4ae63ebeeb4561891b61c1e6e17a68,windows10-64-shippable-qr,True,False,,,102210fe594ee9b33d82058545b1ed14f4c8206e,browser-toolbox.close-process.DAMP,damp,True,damp browser-toolbox.close-process.DAMP opt e10s fission stylo webrender-sw,4768818,77,ms,firefox,447059263.0,1843300086,2024-02-13 06:57:28,71.75542242040683,5f6ad5b21119b4bbef2bc6c9153e0f7329c20ebe,1376370,,,,,,,,,,,,,,,,,,,,,,,,,,,,,,,,,,,,,,,,,,,,,,,,,,,,,,,,,,,,,TN,TN
autoland,4769114,12,1a03ada32d4ae63ebeeb4561891b61c1e6e17a68,windows10-64-shippable-qr,True,False,,,102210fe594ee9b33d82058545b1ed14f4c8206e,browser-toolbox.close-process.DAMP,damp,True,damp browser-toolbox.close-process.DAMP opt e10s fission stylo webrender-sw,4768818,77,ms,firefox,447091702.0,1843391983,2024-02-13 09:49:45,76.64616392861353,c5320acccd4a760b0ae41149fcdd8fe44b658ee7,1376447,,,,,,,,,,,,,,,,,,,,,,,,,,,,,,,,,,,,,,,,,,,,,,,,,,,,,,,,,,,,,TN,TN
autoland,4769114,12,1a03ada32d4ae63ebeeb4561891b61c1e6e17a68,windows10-64-shippable-qr,True,False,,,102210fe594ee9b33d82058545b1ed14f4c8206e,browser-toolbox.close-process.DAMP,damp,True,damp browser-toolbox.close-process.DAMP opt e10s fission stylo webrender-sw,4768818,77,ms,firefox,447480030.0,1844715560,2024-02-13 12:47:27,69.22187618612224,dd3f232471cc01bd23fc31424ad237182c8a44c8,1376533,,,,,,,,,,,,,,,,,,,,,,,,,,,,,,,,,,,,,,,,,,,,,,,,,,,,,,,,,,,,,TN,TN
autoland,4769114,12,1a03ada32d4ae63ebeeb4561891b61c1e6e17a68,windows10-64-shippable-qr,True,False,,,102210fe594ee9b33d82058545b1ed14f4c8206e,browser-toolbox.close-process.DAMP,damp,True,damp browser-toolbox.close-process.DAMP opt e10s fission stylo webrender-sw,4768818,77,ms,firefox,447477912.0,1844712273,2024-02-13 12:50:51,71.88166774355341,41730b4bc53afc29afd202cb52f290f3705f69e3,1376534,,,,,,,,,,,,,,,,,,,,,,,,,,,,,,,,,,,,,,,,,,,,,,,,,,,,,,,,,,,,,TN,TN
autoland,4769114,12,1a03ada32d4ae63ebeeb4561891b61c1e6e17a68,windows10-64-shippable-qr,True,False,,,102210fe594ee9b33d82058545b1ed14f4c8206e,browser-toolbox.close-process.DAMP,damp,True,damp browser-toolbox.close-process.DAMP opt e10s fission stylo webrender-sw,4768818,77,ms,firefox,447475587.0,1844706544,2024-02-13 12:51:34,74.87796477917436,e3785f5ee86b15af681720ba0c1421fcd986b133,1376535,,,,,,,,,,,,,,,,,,,,,,,,,,,,,,,,,,,,,,,,,,,,,,,,,,,,,,,,,,,,,TN,TN
autoland,4769114,12,1a03ada32d4ae63ebeeb4561891b61c1e6e17a68,windows10-64-shippable-qr,True,False,,,102210fe594ee9b33d82058545b1ed14f4c8206e,browser-toolbox.close-process.DAMP,damp,True,damp browser-toolbox.close-process.DAMP opt e10s fission stylo webrender-sw,4768818,77,ms,firefox,447471748.0,1844701003,2024-02-13 12:52:16,74.32346868451714,478cf82e702a9c4166a6acec901d92457814dba5,1376536,,,,,,,,,,,,,,,,,,,,,,,,,,,,,,,,,,,,,,,,,,,,,,,,,,,,,,,,,,,,,TN,TN
autoland,4769114,12,1a03ada32d4ae63ebeeb4561891b61c1e6e17a68,windows10-64-shippable-qr,True,False,,,102210fe594ee9b33d82058545b1ed14f4c8206e,browser-toolbox.close-process.DAMP,damp,True,damp browser-toolbox.close-process.DAMP opt e10s fission stylo webrender-sw,4768818,77,ms,firefox,447481488.0,1844723469,2024-02-13 12:53:36,71.10274388048128,99ce75dc42c534d659e372ec56b098770129dfb3,1376538,,,,,,,,,,,,,,,,,,,,,,,,,,,,,,,,,,,,,,,,,,,,,,,,,,,,,,,,,,,,,TN,TN
autoland,4769114,12,1a03ada32d4ae63ebeeb4561891b61c1e6e17a68,windows10-64-shippable-qr,True,False,,,102210fe594ee9b33d82058545b1ed14f4c8206e,browser-toolbox.close-process.DAMP,damp,True,damp browser-toolbox.close-process.DAMP opt e10s fission stylo webrender-sw,4768818,77,ms,firefox,447477398.0,1844710427,2024-02-13 12:54:19,68.17893236412783,c9ae3d72451c423298c1abec1738ad61d98eb6e5,1376539,,,,,,,,,,,,,,,,,,,,,,,,,,,,,,,,,,,,,,,,,,,,,,,,,,,,,,,,,,,,,TN,TN
autoland,4769114,12,1a03ada32d4ae63ebeeb4561891b61c1e6e17a68,windows10-64-shippable-qr,True,False,,,102210fe594ee9b33d82058545b1ed14f4c8206e,browser-toolbox.close-process.DAMP,damp,True,damp browser-toolbox.close-process.DAMP opt e10s fission stylo webrender-sw,4768818,77,ms,firefox,447480690.0,1844720211,2024-02-13 12:54:59,71.3411657888646,0b0f24bc9a21372655059735cb72d8f00340c1ba,1376540,,,,,,,,,,,,,,,,,,,,,,,,,,,,,,,,,,,,,,,,,,,,,,,,,,,,,,,,,,,,,TN,TN
autoland,4769114,12,1a03ada32d4ae63ebeeb4561891b61c1e6e17a68,windows10-64-shippable-qr,True,False,,,102210fe594ee9b33d82058545b1ed14f4c8206e,browser-toolbox.close-process.DAMP,damp,True,damp browser-toolbox.close-process.DAMP opt e10s fission stylo webrender-sw,4768818,77,ms,firefox,447480034.0,1844716493,2024-02-13 12:55:40,71.44112762974692,d21099cb54192b555075537aab79a8ed9bd5643a,1376541,,,,,,,,,,,,,,,,,,,,,,,,,,,,,,,,,,,,,,,,,,,,,,,,,,,,,,,,,,,,,TN,TN
autoland,4769114,12,1a03ada32d4ae63ebeeb4561891b61c1e6e17a68,windows10-64-shippable-qr,True,False,,,102210fe594ee9b33d82058545b1ed14f4c8206e,browser-toolbox.close-process.DAMP,damp,True,damp browser-toolbox.close-process.DAMP opt e10s fission stylo webrender-sw,4768818,77,ms,firefox,447479580.0,1844714891,2024-02-13 12:56:21,70.54559070643154,eeb5df11b720bcd86388cdb010a5b5d8edc3bdf3,1376542,,,,,,,,,,,,,,,,,,,,,,,,,,,,,,,,,,,,,,,,,,,,,,,,,,,,,,,,,,,,,TN,TN
autoland,4769114,12,1a03ada32d4ae63ebeeb4561891b61c1e6e17a68,windows10-64-shippable-qr,True,False,,,102210fe594ee9b33d82058545b1ed14f4c8206e,browser-toolbox.close-process.DAMP,damp,True,damp browser-toolbox.close-process.DAMP opt e10s fission stylo webrender-sw,4768818,77,ms,firefox,447111660.0,1843485205,2024-02-13 13:45:34,68.65565115168283,0d474eb34652f4c47a16b6d83012c0f2e026dc00,1376559,,,,,,,,,,,,,,,,,,,,,,,,,,,,,,,,,,,,,,,,,,,,,,,,,,,,,,,,,,,,,TN,TN
autoland,4769114,12,1a03ada32d4ae63ebeeb4561891b61c1e6e17a68,windows10-64-shippable-qr,True,False,,,102210fe594ee9b33d82058545b1ed14f4c8206e,browser-toolbox.close-process.DAMP,damp,True,damp browser-toolbox.close-process.DAMP opt e10s fission stylo webrender-sw,4768818,77,ms,firefox,447480656.0,1844719388,2024-02-13 15:41:22,67.47856254900398,7682952aed897b4caf7ff9a744fdd5bc0fdddf43,1376645,,,,,,,,,,,,,,,,,,,,,,,,,,,,,,,,,,,,,,,,,,,,,,,,,,,,,,,,,,,,,TN,TN
autoland,4769114,12,1a03ada32d4ae63ebeeb4561891b61c1e6e17a68,windows10-64-shippable-qr,True,False,,,102210fe594ee9b33d82058545b1ed14f4c8206e,browser-toolbox.close-process.DAMP,damp,True,damp browser-toolbox.close-process.DAMP opt e10s fission stylo webrender-sw,4768818,77,ms,firefox,447478487.0,1844713330,2024-02-13 15:51:48,75.84778594324598,23dc8ff7ac75af21911eb442a20b09462602f43c,1376654,,,,,,,,,,,,,,,,,,,,,,,,,,,,,,,,,,,,,,,,,,,,,,,,,,,,,,,,,,,,,TN,TN
autoland,4769114,12,1a03ada32d4ae63ebeeb4561891b61c1e6e17a68,windows10-64-shippable-qr,True,False,,,102210fe594ee9b33d82058545b1ed14f4c8206e,browser-toolbox.close-process.DAMP,damp,True,damp browser-toolbox.close-process.DAMP opt e10s fission stylo webrender-sw,4768818,77,ms,firefox,447481509.0,1844723939,2024-02-13 16:00:45,69.97665959881124,ee5e8cc2e91d40cf97d769d581ee1a4e9f1111fa,1376659,,,,,,,,,,,,,,,,,,,,,,,,,,,,,,,,,,,,,,,,,,,,,,,,,,,,,,,,,,,,,TN,TN
autoland,4769114,12,1a03ada32d4ae63ebeeb4561891b61c1e6e17a68,windows10-64-shippable-qr,True,False,,,102210fe594ee9b33d82058545b1ed14f4c8206e,browser-toolbox.close-process.DAMP,damp,True,damp browser-toolbox.close-process.DAMP opt e10s fission stylo webrender-sw,4768818,77,ms,firefox,447479846.0,1844715329,2024-02-13 16:10:31,72.60105082824884,262041b644913954a0fa86aeeb3b960b2b007abf,1376667,,,,,,,,,,,,,,,,,,,,,,,,,,,,,,,,,,,,,,,,,,,,,,,,,,,,,,,,,,,,,TN,TN
autoland,4769114,12,1a03ada32d4ae63ebeeb4561891b61c1e6e17a68,windows10-64-shippable-qr,True,False,,,102210fe594ee9b33d82058545b1ed14f4c8206e,browser-toolbox.close-process.DAMP,damp,True,damp browser-toolbox.close-process.DAMP opt e10s fission stylo webrender-sw,4768818,77,ms,firefox,447477846.0,1844712334,2024-02-13 16:13:20,69.0160286637838,f99efb87e51aba9303e0ccea70e1512313a6dfa4,1376669,,,,,,,,,,,,,,,,,,,,,,,,,,,,,,,,,,,,,,,,,,,,,,,,,,,,,,,,,,,,,TN,TN
autoland,4769114,12,1a03ada32d4ae63ebeeb4561891b61c1e6e17a68,windows10-64-shippable-qr,True,False,,,102210fe594ee9b33d82058545b1ed14f4c8206e,browser-toolbox.close-process.DAMP,damp,True,damp browser-toolbox.close-process.DAMP opt e10s fission stylo webrender-sw,4768818,77,ms,firefox,447477784.0,1844712386,2024-02-13 16:14:26,70.06006787077058,db0b3480970851cd36eeebfd0535ab0fac094645,1376671,,,,,,,,,,,,,,,,,,,,,,,,,,,,,,,,,,,,,,,,,,,,,,,,,,,,,,,,,,,,,TN,TN
autoland,4769114,12,1a03ada32d4ae63ebeeb4561891b61c1e6e17a68,windows10-64-shippable-qr,True,False,,,102210fe594ee9b33d82058545b1ed14f4c8206e,browser-toolbox.close-process.DAMP,damp,True,damp browser-toolbox.close-process.DAMP opt e10s fission stylo webrender-sw,4768818,77,ms,firefox,447480632.0,1844719005,2024-02-13 16:21:32,68.70027204243524,fb5a6bf3a33e904c06a307a8738e57b6277269c3,1376681,,,,,,,,,,,,,,,,,,,,,,,,,,,,,,,,,,,,,,,,,,,,,,,,,,,,,,,,,,,,,TN,TN
autoland,4769114,12,1a03ada32d4ae63ebeeb4561891b61c1e6e17a68,windows10-64-shippable-qr,True,False,,,102210fe594ee9b33d82058545b1ed14f4c8206e,browser-toolbox.close-process.DAMP,damp,True,damp browser-toolbox.close-process.DAMP opt e10s fission stylo webrender-sw,4768818,77,ms,firefox,447480641.0,1844719155,2024-02-13 16:36:53,68.09213277195522,25aa19a174c0ae86631339dac33bc10eb50c5405,1376694,,,,,,,,,,,,,,,,,,,,,,,,,,,,,,,,,,,,,,,,,,,,,,,,,,,,,,,,,,,,,TN,TN
autoland,4769114,12,1a03ada32d4ae63ebeeb4561891b61c1e6e17a68,windows10-64-shippable-qr,True,False,,,102210fe594ee9b33d82058545b1ed14f4c8206e,browser-toolbox.close-process.DAMP,damp,True,damp browser-toolbox.close-process.DAMP opt e10s fission stylo webrender-sw,4768818,77,ms,firefox,447478693.0,1844713719,2024-02-13 16:41:04,69.8403005641303,a5d935fdedd6c933cd8898a97a6cd750385bd7e8,1376699,,,,,,,,,,,,,,,,,,,,,,,,,,,,,,,,,,,,,,,,,,,,,,,,,,,,,,,,,,,,,TN,TN
autoland,4769114,12,1a03ada32d4ae63ebeeb4561891b61c1e6e17a68,windows10-64-shippable-qr,True,False,,,102210fe594ee9b33d82058545b1ed14f4c8206e,browser-toolbox.close-process.DAMP,damp,True,damp browser-toolbox.close-process.DAMP opt e10s fission stylo webrender-sw,4768818,77,ms,firefox,447131416.0,1843554077,2024-02-13 16:46:39,68.98789222607593,17329a53b9f9a20247103958883a0ce7c42af78d,1376703,,,,,,,,,,,,,,,,,,,,,,,,,,,,,,,,,,,,,,,,,,,,,,,,,,,,,,,,,,,,,TN,TN
autoland,4769114,12,1a03ada32d4ae63ebeeb4561891b61c1e6e17a68,windows10-64-shippable-qr,True,False,,,102210fe594ee9b33d82058545b1ed14f4c8206e,browser-toolbox.close-process.DAMP,damp,True,damp browser-toolbox.close-process.DAMP opt e10s fission stylo webrender-sw,4768818,77,ms,firefox,447480530.0,1844718184,2024-02-13 22:55:40,69.2606411538145,473eb25c039d65312e52f06633fb21a578cd5561,1376887,,,,,,,,,,,,,,,,,,,,,,,,,,,,,,,,,,,,,,,,,,,,,,,,,,,,,,,,,,,,,TN,TN
autoland,4769114,12,1a03ada32d4ae63ebeeb4561891b61c1e6e17a68,windows10-64-shippable-qr,True,False,,,102210fe594ee9b33d82058545b1ed14f4c8206e,browser-toolbox.close-process.DAMP,damp,True,damp browser-toolbox.close-process.DAMP opt e10s fission stylo webrender-sw,4768818,77,ms,firefox,447478185.0,1844712720,2024-02-13 23:00:51,68.84426141376389,0a293bd3834ffd32035f6611f778bf9af89aa9a0,1376889,,,,,,,,,,,,,,,,,,,,,,,,,,,,,,,,,,,,,,,,,,,,,,,,,,,,,,,,,,,,,TN,TN
autoland,4769114,12,1a03ada32d4ae63ebeeb4561891b61c1e6e17a68,windows10-64-shippable-qr,True,False,,,102210fe594ee9b33d82058545b1ed14f4c8206e,browser-toolbox.close-process.DAMP,damp,True,damp browser-toolbox.close-process.DAMP opt e10s fission stylo webrender-sw,4768818,77,ms,firefox,447477477.0,1844710702,2024-02-13 23:01:41,69.79329191138095,3b6d2e1cea3c73c85b4988c58f7ce0689c10587f,1376890,,,,,,,,,,,,,,,,,,,,,,,,,,,,,,,,,,,,,,,,,,,,,,,,,,,,,,,,,,,,,TN,TN
autoland,4769114,12,1a03ada32d4ae63ebeeb4561891b61c1e6e17a68,windows10-64-shippable-qr,True,False,,,102210fe594ee9b33d82058545b1ed14f4c8206e,browser-toolbox.close-process.DAMP,damp,True,damp browser-toolbox.close-process.DAMP opt e10s fission stylo webrender-sw,4768818,77,ms,firefox,447473258.0,1844702089,2024-02-13 23:02:21,69.68338255928393,06f49882403c83a08133123c4da14f969e63b6e6,1376892,,,,,,,,,,,,,,,,,,,,,,,,,,,,,,,,,,,,,,,,,,,,,,,,,,,,,,,,,,,,,TN,TN
autoland,4769114,12,1a03ada32d4ae63ebeeb4561891b61c1e6e17a68,windows10-64-shippable-qr,True,False,,,102210fe594ee9b33d82058545b1ed14f4c8206e,browser-toolbox.close-process.DAMP,damp,True,damp browser-toolbox.close-process.DAMP opt e10s fission stylo webrender-sw,4768818,77,ms,firefox,447479476.0,1844714779,2024-02-13 23:25:21,70.46518264058977,7c9a401e1c801d3745f0bd811d6a73727fa8dec2,1376896,,,,,,,,,,,,,,,,,,,,,,,,,,,,,,,,,,,,,,,,,,,,,,,,,,,,,,,,,,,,,TN,TN
autoland,4769114,12,1a03ada32d4ae63ebeeb4561891b61c1e6e17a68,windows10-64-shippable-qr,True,False,,,102210fe594ee9b33d82058545b1ed14f4c8206e,browser-toolbox.close-process.DAMP,damp,True,damp browser-toolbox.close-process.DAMP opt e10s fission stylo webrender-sw,4768818,77,ms,firefox,447478055.0,1844712519,2024-02-13 23:28:45,72.84154490170476,4fbc51810324c6afe978993587ef252b3f79d1f0,1376898,,,,,,,,,,,,,,,,,,,,,,,,,,,,,,,,,,,,,,,,,,,,,,,,,,,,,,,,,,,,,TN,TN
autoland,4769114,12,1a03ada32d4ae63ebeeb4561891b61c1e6e17a68,windows10-64-shippable-qr,True,False,,,102210fe594ee9b33d82058545b1ed14f4c8206e,browser-toolbox.close-process.DAMP,damp,True,damp browser-toolbox.close-process.DAMP opt e10s fission stylo webrender-sw,4768818,77,ms,firefox,447478557.0,1844713500,2024-02-13 23:57:33,69.99446016282309,d67ec2218b2289f13ae23f05094118ee55b1c95f,1376909,,,,,,,,,,,,,,,,,,,,,,,,,,,,,,,,,,,,,,,,,,,,,,,,,,,,,,,,,,,,,TN,TN
autoland,4769114,12,1a03ada32d4ae63ebeeb4561891b61c1e6e17a68,windows10-64-shippable-qr,True,False,,,102210fe594ee9b33d82058545b1ed14f4c8206e,browser-toolbox.close-process.DAMP,damp,True,damp browser-toolbox.close-process.DAMP opt e10s fission stylo webrender-sw,4768818,77,ms,firefox,447478211.0,1844712820,2024-02-13 23:59:38,68.78233916140744,8744f0c0481d359ad4492e325ad5153c22ffefa8,1376910,,,,,,,,,,,,,,,,,,,,,,,,,,,,,,,,,,,,,,,,,,,,,,,,,,,,,,,,,,,,,TN,TN
autoland,4769114,12,1a03ada32d4ae63ebeeb4561891b61c1e6e17a68,windows10-64-shippable-qr,True,False,,,102210fe594ee9b33d82058545b1ed14f4c8206e,browser-toolbox.close-process.DAMP,damp,True,damp browser-toolbox.close-process.DAMP opt e10s fission stylo webrender-sw,4768818,77,ms,firefox,447485430.0,1844729314,2024-02-14 00:06:50,77.21327624413243,58c91aae23fff2a24bc01438b41523370fa571b5,1376912,,,,,,,,,,,,,,,,,,,,,,,,,,,,,,,,,,,,,,,,,,,,,,,,,,,,,,,,,,,,,TN,TN
autoland,4769114,12,1a03ada32d4ae63ebeeb4561891b61c1e6e17a68,windows10-64-shippable-qr,True,False,,,102210fe594ee9b33d82058545b1ed14f4c8206e,browser-toolbox.close-process.DAMP,damp,True,damp browser-toolbox.close-process.DAMP opt e10s fission stylo webrender-sw,4768818,77,ms,firefox,447196364.0,1843747704,2024-02-14 00:47:09,69.18913180826348,4a18caac75720f24abc9063ce8df5fa6b7948aa4,1376921,,,,,,,,,,,,,,,,,,,,,,,,,,,,,,,,,,,,,,,,,,,,,,,,,,,,,,,,,,,,,TN,TN
autoland,4769114,12,1a03ada32d4ae63ebeeb4561891b61c1e6e17a68,windows10-64-shippable-qr,True,False,,,102210fe594ee9b33d82058545b1ed14f4c8206e,browser-toolbox.close-process.DAMP,damp,True,damp browser-toolbox.close-process.DAMP opt e10s fission stylo webrender-sw,4768818,77,ms,firefox,447478755.0,1844713823,2024-02-14 01:01:19,69.70261618840232,cc3c766053a160c8bb94177bd0030e39f05cec32,1376927,,,,,,,,,,,,,,,,,,,,,,,,,,,,,,,,,,,,,,,,,,,,,,,,,,,,,,,,,,,,,TN,TN
autoland,4769114,12,1a03ada32d4ae63ebeeb4561891b61c1e6e17a68,windows10-64-shippable-qr,True,False,,,102210fe594ee9b33d82058545b1ed14f4c8206e,browser-toolbox.close-process.DAMP,damp,True,damp browser-toolbox.close-process.DAMP opt e10s fission stylo webrender-sw,4768818,77,ms,firefox,447480080.0,1844716454,2024-02-14 01:15:52,74.25144733891648,03db92453f60e3798e341c8a86cc9e1ad0555163,1376932,,,,,,,,,,,,,,,,,,,,,,,,,,,,,,,,,,,,,,,,,,,,,,,,,,,,,,,,,,,,,TN,TN
autoland,4769114,12,1a03ada32d4ae63ebeeb4561891b61c1e6e17a68,windows10-64-shippable-qr,True,False,,,102210fe594ee9b33d82058545b1ed14f4c8206e,browser-toolbox.close-process.DAMP,damp,True,damp browser-toolbox.close-process.DAMP opt e10s fission stylo webrender-sw,4768818,77,ms,firefox,447479882.0,1844716114,2024-02-14 01:27:07,69.53629612384975,6406a92f4a33def5a8efdfcdde232b828c4d5f90,1376936,,,,,,,,,,,,,,,,,,,,,,,,,,,,,,,,,,,,,,,,,,,,,,,,,,,,,,,,,,,,,TN,TN
autoland,4769114,12,1a03ada32d4ae63ebeeb4561891b61c1e6e17a68,windows10-64-shippable-qr,True,False,,,102210fe594ee9b33d82058545b1ed14f4c8206e,browser-toolbox.close-process.DAMP,damp,True,damp browser-toolbox.close-process.DAMP opt e10s fission stylo webrender-sw,4768818,77,ms,firefox,447199591.0,1843768333,2024-02-14 01:35:59,69.05162727002607,aaaa3f2b8fed9e159a8b08e4263034e9a051be71,1376937,,,,,,,,,,,,,,,,,,,,,,,,,,,,,,,,,,,,,,,,,,,,,,,,,,,,,,,,,,,,,TN,TN
autoland,4769114,12,1a03ada32d4ae63ebeeb4561891b61c1e6e17a68,windows10-64-shippable-qr,True,False,,,102210fe594ee9b33d82058545b1ed14f4c8206e,browser-toolbox.close-process.DAMP,damp,True,damp browser-toolbox.close-process.DAMP opt e10s fission stylo webrender-sw,4768818,77,ms,firefox,447217158.0,1843835754,2024-02-14 05:55:05,69.05308688158402,1b24ea8c2e7e02f00bd61e8cd672da76b16c42a6,1376972,,,,,,,,,,,,,,,,,,,,,,,,,,,,,,,,,,,,,,,,,,,,,,,,,,,,,,,,,,,,,TN,TN
autoland,4769114,12,1a03ada32d4ae63ebeeb4561891b61c1e6e17a68,windows10-64-shippable-qr,True,False,,,102210fe594ee9b33d82058545b1ed14f4c8206e,browser-toolbox.close-process.DAMP,damp,True,damp browser-toolbox.close-process.DAMP opt e10s fission stylo webrender-sw,4768818,77,ms,firefox,447274689.0,1843992778,2024-02-14 15:32:04,69.73843245157332,dca10aca1871edfdba5107bc7766982b186d7f2c,1377071,,,,,,,,,,,,,,,,,,,,,,,,,,,,,,,,,,,,,,,,,,,,,,,,,,,,,,,,,,,,,TN,TN
autoland,4769114,12,1a03ada32d4ae63ebeeb4561891b61c1e6e17a68,windows10-64-shippable-qr,True,False,,,102210fe594ee9b33d82058545b1ed14f4c8206e,browser-toolbox.close-process.DAMP,damp,True,damp browser-toolbox.close-process.DAMP opt e10s fission stylo webrender-sw,4768818,77,ms,firefox,447280300.0,1844015353,2024-02-14 15:37:30,75.7047259346873,2ea0fda6ec6ed02a530a3a4bb67fabb0d14d403f,1377078,,,,,,,,,,,,,,,,,,,,,,,,,,,,,,,,,,,,,,,,,,,,,,,,,,,,,,,,,,,,,TN,TN
autoland,4769114,12,1a03ada32d4ae63ebeeb4561891b61c1e6e17a68,windows10-64-shippable-qr,True,False,,,102210fe594ee9b33d82058545b1ed14f4c8206e,browser-toolbox.close-process.DAMP,damp,True,damp browser-toolbox.close-process.DAMP opt e10s fission stylo webrender-sw,4768818,77,ms,firefox,447312791.0,1844098354,2024-02-14 20:39:05,69.92014860265772,b0b34dab81d56b5e5ee526c9f44e926db4b27dce,1377195,,,,,,,,,,,,,,,,,,,,,,,,,,,,,,,,,,,,,,,,,,,,,,,,,,,,,,,,,,,,,TN,TN
autoland,4769114,12,1a03ada32d4ae63ebeeb4561891b61c1e6e17a68,windows10-64-shippable-qr,True,False,,,102210fe594ee9b33d82058545b1ed14f4c8206e,browser-toolbox.close-process.DAMP,damp,True,damp browser-toolbox.close-process.DAMP opt e10s fission stylo webrender-sw,4768818,77,ms,firefox,447331717.0,1844168029,2024-02-15 00:51:05,74.63052354415413,981afc9a696a12b7e873eae165925138a2726efe,1377256,,,,,,,,,,,,,,,,,,,,,,,,,,,,,,,,,,,,,,,,,,,,,,,,,,,,,,,,,,,,,TN,TN
autoland,4769114,12,1a03ada32d4ae63ebeeb4561891b61c1e6e17a68,windows10-64-shippable-qr,True,False,,,102210fe594ee9b33d82058545b1ed14f4c8206e,browser-toolbox.close-process.DAMP,damp,True,damp browser-toolbox.close-process.DAMP opt e10s fission stylo webrender-sw,4768818,77,ms,firefox,447348975.0,1844251919,2024-02-15 04:52:31,75.91735086969857,aa5fc411278d3beae081682cb31a2167257d3aed,1377304,,,,,,,,,,,,,,,,,,,,,,,,,,,,,,,,,,,,,,,,,,,,,,,,,,,,,,,,,,,,,TN,TN
autoland,4769114,12,1a03ada32d4ae63ebeeb4561891b61c1e6e17a68,windows10-64-shippable-qr,True,False,,,102210fe594ee9b33d82058545b1ed14f4c8206e,browser-toolbox.close-process.DAMP,damp,True,damp browser-toolbox.close-process.DAMP opt e10s fission stylo webrender-sw,4768818,77,ms,firefox,447393662.0,1844406692,2024-02-15 12:49:34,69.20239124928048,2b4e9ee6225f1183da45d24404e72f48e3803f08,1377375,,,,,,,,,,,,,,,,,,,,,,,,,,,,,,,,,,,,,,,,,,,,,,,,,,,,,,,,,,,,,TN,TN
autoland,4769114,12,1a03ada32d4ae63ebeeb4561891b61c1e6e17a68,windows10-64-shippable-qr,True,False,,,102210fe594ee9b33d82058545b1ed14f4c8206e,browser-toolbox.close-process.DAMP,damp,True,damp browser-toolbox.close-process.DAMP opt e10s fission stylo webrender-sw,4768818,77,ms,firefox,447409340.0,1844471634,2024-02-15 16:23:45,68.73769493545115,dbe553dd13b79a3c4821f203f3adca31fe71cc56,1377427,,,,,,,,,,,,,,,,,,,,,,,,,,,,,,,,,,,,,,,,,,,,,,,,,,,,,,,,,,,,,TN,TN
autoland,4769114,12,1a03ada32d4ae63ebeeb4561891b61c1e6e17a68,windows10-64-shippable-qr,True,False,,,102210fe594ee9b33d82058545b1ed14f4c8206e,browser-toolbox.close-process.DAMP,damp,True,damp browser-toolbox.close-process.DAMP opt e10s fission stylo webrender-sw,4768818,77,ms,firefox,447432450.0,1844567656,2024-02-15 20:44:46,69.21368418753991,02d5bc9805676f9a22f3cef50c86ddc38e7534d9,1377493,,,,,,,,,,,,,,,,,,,,,,,,,,,,,,,,,,,,,,,,,,,,,,,,,,,,,,,,,,,,,TN,TN
autoland,4769114,12,1a03ada32d4ae63ebeeb4561891b61c1e6e17a68,windows10-64-shippable-qr,True,False,,,102210fe594ee9b33d82058545b1ed14f4c8206e,browser-toolbox.close-process.DAMP,damp,True,damp browser-toolbox.close-process.DAMP opt e10s fission stylo webrender-sw,4768818,77,ms,firefox,447449181.0,1844623645,2024-02-15 22:19:13,68.24114819210808,798af36e79586239c3954fe06796d9a27a353b92,1377518,,,,,,,,,,,,,,,,,,,,,,,,,,,,,,,,,,,,,,,,,,,,,,,,,,,,,,,,,,,,,TN,TN
autoland,4769114,12,1a03ada32d4ae63ebeeb4561891b61c1e6e17a68,windows10-64-shippable-qr,True,False,,,102210fe594ee9b33d82058545b1ed14f4c8206e,browser-toolbox.close-process.DAMP,damp,True,damp browser-toolbox.close-process.DAMP opt e10s fission stylo webrender-sw,4768818,77,ms,firefox,447482224.0,1844725245,2024-02-16 06:24:45,68.29154153933632,861d200fe3e761e23bbb6ce556446725fb01cd43,1378006,,,,,,,,,,,,,,,,,,,,,,,,,,,,,,,,,,,,,,,,,,,,,,,,,,,,,,,,,,,,,TN,TN
autoland,4769114,12,1a03ada32d4ae63ebeeb4561891b61c1e6e17a68,windows10-64-shippable-qr,True,False,,,102210fe594ee9b33d82058545b1ed14f4c8206e,browser-toolbox.close-process.DAMP,damp,True,damp browser-toolbox.close-process.DAMP opt e10s fission stylo webrender-sw,4768818,77,ms,firefox,447522243.0,1844837561,2024-02-16 14:55:53,70.08681470517331,313b43f262a908e7e012c7d19f326345a0863bae,1378386,,,,,,,,,,,,,,,,,,,,,,,,,,,,,,,,,,,,,,,,,,,,,,,,,,,,,,,,,,,,,TN,TN
autoland,4769114,12,1a03ada32d4ae63ebeeb4561891b61c1e6e17a68,windows10-64-shippable-qr,True,False,,,102210fe594ee9b33d82058545b1ed14f4c8206e,browser-toolbox.close-process.DAMP,damp,True,damp browser-toolbox.close-process.DAMP opt e10s fission stylo webrender-sw,4768818,77,ms,firefox,447565223.0,1845036531,2024-02-17 16:55:38,69.77252216273337,2af34b4c9adf8c8defd3251b569af9c38cc0a429,1378583,,,,,,,,,,,,,,,,,,,,,,,,,,,,,,,,,,,,,,,,,,,,,,,,,,,,,,,,,,,,,TN,TN
autoland,4769114,12,1a03ada32d4ae63ebeeb4561891b61c1e6e17a68,windows10-64-shippable-qr,True,False,,,102210fe594ee9b33d82058545b1ed14f4c8206e,browser-toolbox.close-process.DAMP,damp,True,damp browser-toolbox.close-process.DAMP opt e10s fission stylo webrender-sw,4768818,77,ms,firefox,447596061.0,1845214144,2024-02-19 03:31:58,69.25540295703104,fcdb3e9046c67688b2a5b8aeb6451b081b3b52ea,1378717,,,,,,,,,,,,,,,,,,,,,,,,,,,,,,,,,,,,,,,,,,,,,,,,,,,,,,,,,,,,,TN,TN
autoland,4769114,12,1a03ada32d4ae63ebeeb4561891b61c1e6e17a68,windows10-64-shippable-qr,True,False,,,102210fe594ee9b33d82058545b1ed14f4c8206e,browser-toolbox.close-process.DAMP,damp,True,damp browser-toolbox.close-process.DAMP opt e10s fission stylo webrender-sw,4768818,77,ms,firefox,447616900.0,1845298932,2024-02-19 10:14:02,69.58561429452675,1dcfa194ad7d005175d431adf6ee3b93c00fb453,1378796,,,,,,,,,,,,,,,,,,,,,,,,,,,,,,,,,,,,,,,,,,,,,,,,,,,,,,,,,,,,,TN,TN
autoland,4769114,12,1a03ada32d4ae63ebeeb4561891b61c1e6e17a68,windows10-64-shippable-qr,True,False,,,102210fe594ee9b33d82058545b1ed14f4c8206e,browser-toolbox.close-process.DAMP,damp,True,damp browser-toolbox.close-process.DAMP opt e10s fission stylo webrender-sw,4768818,77,ms,firefox,447641630.0,1845391472,2024-02-19 12:40:02,69.49876863897953,ac4ab326e785a5ad42ce51b54749c2bcce394916,1378838,,,,,,,,,,,,,,,,,,,,,,,,,,,,,,,,,,,,,,,,,,,,,,,,,,,,,,,,,,,,,TN,TN
autoland,4769114,12,1a03ada32d4ae63ebeeb4561891b61c1e6e17a68,windows10-64-shippable-qr,True,False,,,102210fe594ee9b33d82058545b1ed14f4c8206e,browser-toolbox.close-process.DAMP,damp,True,damp browser-toolbox.close-process.DAMP opt e10s fission stylo webrender-sw,4768818,77,ms,firefox,447667666.0,1845451380,2024-02-19 16:50:13,69.60882497305283,bef8b1b461b8524917fc01cd866e903290b1d7f6,1378949,,,,,,,,,,,,,,,,,,,,,,,,,,,,,,,,,,,,,,,,,,,,,,,,,,,,,,,,,,,,,TN,TN
autoland,4769114,12,1a03ada32d4ae63ebeeb4561891b61c1e6e17a68,windows10-64-shippable-qr,True,False,,,102210fe594ee9b33d82058545b1ed14f4c8206e,browser-toolbox.close-process.DAMP,damp,True,damp browser-toolbox.close-process.DAMP opt e10s fission stylo webrender-sw,4768818,77,ms,firefox,447689007.0,1845516196,2024-02-19 20:56:27,69.62857478338992,2f43b0ae1352efb25f67ffe4f86884c0eb959adb,1379008,,,,,,,,,,,,,,,,,,,,,,,,,,,,,,,,,,,,,,,,,,,,,,,,,,,,,,,,,,,,,TN,TN
autoland,4769114,12,1a03ada32d4ae63ebeeb4561891b61c1e6e17a68,windows10-64-shippable-qr,True,False,,,102210fe594ee9b33d82058545b1ed14f4c8206e,browser-toolbox.close-process.DAMP,damp,True,damp browser-toolbox.close-process.DAMP opt e10s fission stylo webrender-sw,4768818,77,ms,firefox,447699622.0,1845563374,2024-02-19 22:19:49,68.13763103784004,e9309553f817fa164bde4c229fe12ae51207bed9,1379038,,,,,,,,,,,,,,,,,,,,,,,,,,,,,,,,,,,,,,,,,,,,,,,,,,,,,,,,,,,,,TN,TN
autoland,4769114,12,1a03ada32d4ae63ebeeb4561891b61c1e6e17a68,windows10-64-shippable-qr,True,False,,,102210fe594ee9b33d82058545b1ed14f4c8206e,browser-toolbox.close-process.DAMP,damp,True,damp browser-toolbox.close-process.DAMP opt e10s fission stylo webrender-sw,4768818,77,ms,firefox,447712263.0,1845612905,2024-02-20 03:01:00,70.03244376100338,ad2add2f3c608b924436c34684c1a775130e74ce,1379095,,,,,,,,,,,,,,,,,,,,,,,,,,,,,,,,,,,,,,,,,,,,,,,,,,,,,,,,,,,,,TN,TN
autoland,4769114,12,1a03ada32d4ae63ebeeb4561891b61c1e6e17a68,windows10-64-shippable-qr,True,False,,,102210fe594ee9b33d82058545b1ed14f4c8206e,browser-toolbox.close-process.DAMP,damp,True,damp browser-toolbox.close-process.DAMP opt e10s fission stylo webrender-sw,4768818,77,ms,firefox,447732505.0,1845736725,2024-02-20 09:01:06,71.75210705319478,cc3c4937fb69e80b552b61a4f2dfd1405b518d89,1379152,,,,,,,,,,,,,,,,,,,,,,,,,,,,,,,,,,,,,,,,,,,,,,,,,,,,,,,,,,,,,TN,TN
autoland,4769114,12,1a03ada32d4ae63ebeeb4561891b61c1e6e17a68,windows10-64-shippable-qr,True,False,,,102210fe594ee9b33d82058545b1ed14f4c8206e,browser-toolbox.close-process.DAMP,damp,True,damp browser-toolbox.close-process.DAMP opt e10s fission stylo webrender-sw,4768818,77,ms,firefox,447778514.0,1845907324,2024-02-20 16:46:59,69.87050480529433,0465723cfb4ca46ccf93d696eb564093a1d9f2e6,1379390,,,,,,,,,,,,,,,,,,,,,,,,,,,,,,,,,,,,,,,,,,,,,,,,,,,,,,,,,,,,,TN,TN
autoland,4769114,12,1a03ada32d4ae63ebeeb4561891b61c1e6e17a68,windows10-64-shippable-qr,True,False,,,102210fe594ee9b33d82058545b1ed14f4c8206e,browser-toolbox.close-process.DAMP,damp,True,damp browser-toolbox.close-process.DAMP opt e10s fission stylo webrender-sw,4768818,77,ms,firefox,448171677.0,1847598844,2024-02-20 18:43:22,70.19996668586828,d7a5e99dac8424b386cd75a995c26df1c2e6ce88,1379478,,,,,,,,,,,,,,,,,,,,,,,,,,,,,,,,,,,,,,,,,,,,,,,,,,,,,,,,,,,,,TN,TN
autoland,4769114,12,1a03ada32d4ae63ebeeb4561891b61c1e6e17a68,windows10-64-shippable-qr,True,False,,,102210fe594ee9b33d82058545b1ed14f4c8206e,browser-toolbox.close-process.DAMP,damp,True,damp browser-toolbox.close-process.DAMP opt e10s fission stylo webrender-sw,4768818,77,ms,firefox,448173706.0,1847605811,2024-02-20 18:55:11,70.46186782154837,2c4646b33c7313f86fb6fb60be42fb5fcb5f106b,1379486,,,,,,,,,,,,,,,,,,,,,,,,,,,,,,,,,,,,,,,,,,,,,,,,,,,,,,,,,,,,,TN,TN
autoland,4769114,12,1a03ada32d4ae63ebeeb4561891b61c1e6e17a68,windows10-64-shippable-qr,True,False,,,102210fe594ee9b33d82058545b1ed14f4c8206e,browser-toolbox.close-process.DAMP,damp,True,damp browser-toolbox.close-process.DAMP opt e10s fission stylo webrender-sw,4768818,77,ms,firefox,448172928.0,1847601529,2024-02-20 18:57:22,71.27911616496567,d75a5d616386c23dfc72f46dc25649ca19a63990,1379487,,,,,,,,,,,,,,,,,,,,,,,,,,,,,,,,,,,,,,,,,,,,,,,,,,,,,,,,,,,,,TN,TN
autoland,4769114,12,1a03ada32d4ae63ebeeb4561891b61c1e6e17a68,windows10-64-shippable-qr,True,False,,,102210fe594ee9b33d82058545b1ed14f4c8206e,browser-toolbox.close-process.DAMP,damp,True,damp browser-toolbox.close-process.DAMP opt e10s fission stylo webrender-sw,4768818,77,ms,firefox,448173240.0,1847601995,2024-02-20 19:00:38,69.3075035242764,f77525a9adea220a696d6bfb598abd69441657db,1379490,,,,,,,,,,,,,,,,,,,,,,,,,,,,,,,,,,,,,,,,,,,,,,,,,,,,,,,,,,,,,TN,TN
autoland,4769114,12,1a03ada32d4ae63ebeeb4561891b61c1e6e17a68,windows10-64-shippable-qr,True,False,,,102210fe594ee9b33d82058545b1ed14f4c8206e,browser-toolbox.close-process.DAMP,damp,True,damp browser-toolbox.close-process.DAMP opt e10s fission stylo webrender-sw,4768818,77,ms,firefox,448173444.0,1847602756,2024-02-20 19:04:26,70.19787076447392,78501883c3b8900ca67ea4eee84c41b2ef3f2302,1379494,,,,,,,,,,,,,,,,,,,,,,,,,,,,,,,,,,,,,,,,,,,,,,,,,,,,,,,,,,,,,TN,TN
autoland,4769114,12,1a03ada32d4ae63ebeeb4561891b61c1e6e17a68,windows10-64-shippable-qr,True,False,,,102210fe594ee9b33d82058545b1ed14f4c8206e,browser-toolbox.close-process.DAMP,damp,True,damp browser-toolbox.close-process.DAMP opt e10s fission stylo webrender-sw,4768818,77,ms,firefox,448173254.0,1847602260,2024-02-20 19:33:18,69.60882497304556,a585227e0c594c972455aaacf3067742d136e630,1379506,,,,,,,,,,,,,,,,,,,,,,,,,,,,,,,,,,,,,,,,,,,,,,,,,,,,,,,,,,,,,TN,TN
autoland,4769114,12,1a03ada32d4ae63ebeeb4561891b61c1e6e17a68,windows10-64-shippable-qr,True,False,,,102210fe594ee9b33d82058545b1ed14f4c8206e,browser-toolbox.close-process.DAMP,damp,True,damp browser-toolbox.close-process.DAMP opt e10s fission stylo webrender-sw,4768818,77,ms,firefox,448173575.0,1847603462,2024-02-20 19:36:51,69.47358576286933,bee573c664c97cfff9822f297f87642abfcc3362,1379507,,,,,,,,,,,,,,,,,,,,,,,,,,,,,,,,,,,,,,,,,,,,,,,,,,,,,,,,,,,,,TN,TN
autoland,4769114,12,1a03ada32d4ae63ebeeb4561891b61c1e6e17a68,windows10-64-shippable-qr,True,False,,,102210fe594ee9b33d82058545b1ed14f4c8206e,browser-toolbox.close-process.DAMP,damp,True,damp browser-toolbox.close-process.DAMP opt e10s fission stylo webrender-sw,4768818,77,ms,firefox,448173036.0,1847601618,2024-02-20 19:43:31,69.57466787405428,695de01232f0b2d0f75cd8f82b2588a1c638a9ac,1379509,,,,,,,,,,,,,,,,,,,,,,,,,,,,,,,,,,,,,,,,,,,,,,,,,,,,,,,,,,,,,TN,TN
autoland,4769114,12,1a03ada32d4ae63ebeeb4561891b61c1e6e17a68,windows10-64-shippable-qr,True,False,,,102210fe594ee9b33d82058545b1ed14f4c8206e,browser-toolbox.close-process.DAMP,damp,True,damp browser-toolbox.close-process.DAMP opt e10s fission stylo webrender-sw,4768818,77,ms,firefox,448173304.0,1847602527,2024-02-20 19:53:39,68.88524496158061,321b20cb103fc0cb6bdef14f655a164f0fe27b3a,1379519,,,,,,,,,,,,,,,,,,,,,,,,,,,,,,,,,,,,,,,,,,,,,,,,,,,,,,,,,,,,,TN,TN
autoland,4769114,12,1a03ada32d4ae63ebeeb4561891b61c1e6e17a68,windows10-64-shippable-qr,True,False,,,102210fe594ee9b33d82058545b1ed14f4c8206e,browser-toolbox.close-process.DAMP,damp,True,damp browser-toolbox.close-process.DAMP opt e10s fission stylo webrender-sw,4768818,77,ms,firefox,447801283.0,1845975200,2024-02-20 20:06:07,70.45496669097338,53f7baad39fc2408bc5c1ab6df97372a395730a4,1379528,,,,,,,,,,,,,,,,,,,,,,,,,,,,,,,,,,,,,,,,,,,,,,,,,,,,,,,,,,,,,TN,TN
autoland,4769114,12,1a03ada32d4ae63ebeeb4561891b61c1e6e17a68,windows10-64-shippable-qr,True,False,,,102210fe594ee9b33d82058545b1ed14f4c8206e,browser-toolbox.close-process.DAMP,damp,True,damp browser-toolbox.close-process.DAMP opt e10s fission stylo webrender-sw,4768818,77,ms,firefox,448226420.0,1847788682,2024-02-20 20:35:57,68.71862718396005,47a0e9d6438f320799a437e678ea104dd9884f70,1379544,,,,,,,,,,,,,,,,,,,,,,,,,,,,,,,,,,,,,,,,,,,,,,,,,,,,,,,,,,,,,TN,TN
autoland,4769114,12,1a03ada32d4ae63ebeeb4561891b61c1e6e17a68,windows10-64-shippable-qr,True,False,,,102210fe594ee9b33d82058545b1ed14f4c8206e,browser-toolbox.close-process.DAMP,damp,True,damp browser-toolbox.close-process.DAMP opt e10s fission stylo webrender-sw,4768818,77,ms,firefox,448242370.0,1847868668,2024-02-20 20:39:54,69.188472757829,2bd838703e12ae801ec0b0b60fffb72e862c74b5,1379546,,,,,,,,,,,,,,,,,,,,,,,,,,,,,,,,,,,,,,,,,,,,,,,,,,,,,,,,,,,,,TN,TN
autoland,4769114,12,1a03ada32d4ae63ebeeb4561891b61c1e6e17a68,windows10-64-shippable-qr,True,False,,,102210fe594ee9b33d82058545b1ed14f4c8206e,browser-toolbox.close-process.DAMP,damp,True,damp browser-toolbox.close-process.DAMP opt e10s fission stylo webrender-sw,4768818,77,ms,firefox,448221802.0,1847768952,2024-02-20 20:41:50,70.53105996269733,b385f8cd621035d5b233f4043f1ac251bc7461cc,1379548,,,,,,,,,,,,,,,,,,,,,,,,,,,,,,,,,,,,,,,,,,,,,,,,,,,,,,,,,,,,,TN,TN
autoland,4769114,12,1a03ada32d4ae63ebeeb4561891b61c1e6e17a68,windows10-64-shippable-qr,True,False,,,102210fe594ee9b33d82058545b1ed14f4c8206e,browser-toolbox.close-process.DAMP,damp,True,damp browser-toolbox.close-process.DAMP opt e10s fission stylo webrender-sw,4768818,77,ms,firefox,448223669.0,1847778661,2024-02-20 20:41:50,67.89677406138799,b385f8cd621035d5b233f4043f1ac251bc7461cc,1379548,,,,,,,,,,,,,,,,,,,,,,,,,,,,,,,,,,,,,,,,,,,,,,,,,,,,,,,,,,,,,TN,TN
autoland,4769114,12,1a03ada32d4ae63ebeeb4561891b61c1e6e17a68,windows10-64-shippable-qr,True,False,,,102210fe594ee9b33d82058545b1ed14f4c8206e,browser-toolbox.close-process.DAMP,damp,True,damp browser-toolbox.close-process.DAMP opt e10s fission stylo webrender-sw,4768818,77,ms,firefox,448227024.0,1847791043,2024-02-20 21:25:16,74.69376442349312,fb3764ce8b756fcf6621245faed934f7ce159008,1379558,,,,,,,,,,,,,,,,,,,,,,,,,,,,,,,,,,,,,,,,,,,,,,,,,,,,,,,,,,,,,TN,TN
autoland,4769114,12,1a03ada32d4ae63ebeeb4561891b61c1e6e17a68,windows10-64-shippable-qr,True,False,,,102210fe594ee9b33d82058545b1ed14f4c8206e,browser-toolbox.close-process.DAMP,damp,True,damp browser-toolbox.close-process.DAMP opt e10s fission stylo webrender-sw,4768818,77,ms,firefox,448221645.0,1847768473,2024-02-20 21:49:09,69.05878959686379,39a01d2cb3e35e784f694f1b7ec18e80d2d09292,1379564,,,,,,,,,,,,,,,,,,,,,,,,,,,,,,,,,,,,,,,,,,,,,,,,,,,,,,,,,,,,,TN,TN
autoland,4769114,12,1a03ada32d4ae63ebeeb4561891b61c1e6e17a68,windows10-64-shippable-qr,True,False,,,102210fe594ee9b33d82058545b1ed14f4c8206e,browser-toolbox.close-process.DAMP,damp,True,damp browser-toolbox.close-process.DAMP opt e10s fission stylo webrender-sw,4768818,77,ms,firefox,448223498.0,1847778896,2024-02-20 21:49:09,71.5247055402142,39a01d2cb3e35e784f694f1b7ec18e80d2d09292,1379564,,,,,,,,,,,,,,,,,,,,,,,,,,,,,,,,,,,,,,,,,,,,,,,,,,,,,,,,,,,,,TN,TN
autoland,4769114,12,1a03ada32d4ae63ebeeb4561891b61c1e6e17a68,windows10-64-shippable-qr,True,False,,,102210fe594ee9b33d82058545b1ed14f4c8206e,browser-toolbox.close-process.DAMP,damp,True,damp browser-toolbox.close-process.DAMP opt e10s fission stylo webrender-sw,4768818,77,ms,firefox,448173147.0,1847601760,2024-02-20 21:59:30,69.73794829417602,7c24fd74dd2c8c4a8142b208c4797afeb99377e2,1379568,,,,,,,,,,,,,,,,,,,,,,,,,,,,,,,,,,,,,,,,,,,,,,,,,,,,,,,,,,,,,TN,TN
autoland,4769114,12,1a03ada32d4ae63ebeeb4561891b61c1e6e17a68,windows10-64-shippable-qr,True,False,,,102210fe594ee9b33d82058545b1ed14f4c8206e,browser-toolbox.close-process.DAMP,damp,True,damp browser-toolbox.close-process.DAMP opt e10s fission stylo webrender-sw,4768818,77,ms,firefox,448173200.0,1847601887,2024-02-20 22:13:38,71.18051940737496,871e61e4aa935afbfcd68ce81b469bd9a26354aa,1379575,,,,,,,,,,,,,,,,,,,,,,,,,,,,,,,,,,,,,,,,,,,,,,,,,,,,,,,,,,,,,TN,TN
autoland,4769114,12,1a03ada32d4ae63ebeeb4561891b61c1e6e17a68,windows10-64-shippable-qr,True,False,,,102210fe594ee9b33d82058545b1ed14f4c8206e,browser-toolbox.close-process.DAMP,damp,True,damp browser-toolbox.close-process.DAMP opt e10s fission stylo webrender-sw,4768818,77,ms,firefox,448174895.0,1847620701,2024-02-20 22:18:15,69.17520797465113,904f2cb2333276cb1c536bd38b9f46098c4056bb,1379579,,,,,,,,,,,,,,,,,,,,,,,,,,,,,,,,,,,,,,,,,,,,,,,,,,,,,,,,,,,,,TN,TN
autoland,4769114,12,1a03ada32d4ae63ebeeb4561891b61c1e6e17a68,windows10-64-shippable-qr,True,False,,,102210fe594ee9b33d82058545b1ed14f4c8206e,browser-toolbox.close-process.DAMP,damp,True,damp browser-toolbox.close-process.DAMP opt e10s fission stylo webrender-sw,4768818,77,ms,firefox,448167855.0,1847585412,2024-02-20 22:20:36,74.69045306916814,452f945b3774b034a8dbd56a78746308afd859ab,1379580,,,,,,,,,,,,,,,,,,,,,,,,,,,,,,,,,,,,,,,,,,,,,,,,,,,,,,,,,,,,,TN,TN
autoland,4769114,12,1a03ada32d4ae63ebeeb4561891b61c1e6e17a68,windows10-64-shippable-qr,True,False,,,102210fe594ee9b33d82058545b1ed14f4c8206e,browser-toolbox.close-process.DAMP,damp,True,damp browser-toolbox.close-process.DAMP opt e10s fission stylo webrender-sw,4768818,77,ms,firefox,448165625.0,1847547525,2024-02-20 22:41:49,75.7815931998266,0a7089e73d4ced11559363d73fe95a444b6e707d,1379588,,,,,,,,,,,,,,,,,,,,,,,,,,,,,,,,,,,,,,,,,,,,,,,,,,,,,,,,,,,,,TN,TN
autoland,4769114,12,1a03ada32d4ae63ebeeb4561891b61c1e6e17a68,windows10-64-shippable-qr,True,False,,,102210fe594ee9b33d82058545b1ed14f4c8206e,browser-toolbox.close-process.DAMP,damp,True,damp browser-toolbox.close-process.DAMP opt e10s fission stylo webrender-sw,4768818,77,ms,firefox,448165822.0,1847549477,2024-02-20 22:45:35,74.25427263637539,835a3b3d7045f712c14b572ca4dc496e7ff0f81c,1379589,,,,,,,,,,,,,,,,,,,,,,,,,,,,,,,,,,,,,,,,,,,,,,,,,,,,,,,,,,,,,TN,TN
autoland,4769114,12,1a03ada32d4ae63ebeeb4561891b61c1e6e17a68,windows10-64-shippable-qr,True,False,,,102210fe594ee9b33d82058545b1ed14f4c8206e,browser-toolbox.close-process.DAMP,damp,True,damp browser-toolbox.close-process.DAMP opt e10s fission stylo webrender-sw,4768818,77,ms,firefox,448165626.0,1847548064,2024-02-20 22:56:06,77.28240871898015,2da0c509157815c1914eeecacd8e21abb2411f85,1379591,,,,,,,,,,,,,,,,,,,,,,,,,,,,,,,,,,,,,,,,,,,,,,,,,,,,,,,,,,,,,TN,TN
autoland,4769114,12,1a03ada32d4ae63ebeeb4561891b61c1e6e17a68,windows10-64-shippable-qr,True,False,,,102210fe594ee9b33d82058545b1ed14f4c8206e,browser-toolbox.close-process.DAMP,damp,True,damp browser-toolbox.close-process.DAMP opt e10s fission stylo webrender-sw,4768818,77,ms,firefox,448165628.0,1847547878,2024-02-20 23:25:16,71.09755106861121,978a40eb07a212574f32c91b3586b2fe6a35d6bc,1379599,,,,,,,,,,,,,,,,,,,,,,,,,,,,,,,,,,,,,,,,,,,,,,,,,,,,,,,,,,,,,TN,TN
autoland,4769114,12,1a03ada32d4ae63ebeeb4561891b61c1e6e17a68,windows10-64-shippable-qr,True,False,,,102210fe594ee9b33d82058545b1ed14f4c8206e,browser-toolbox.close-process.DAMP,damp,True,damp browser-toolbox.close-process.DAMP opt e10s fission stylo webrender-sw,4768818,77,ms,firefox,448165633.0,1847548119,2024-02-20 23:27:40,72.8015376402036,88a6320423989be468cf5af74e667984a94b943c,1379600,,,,,,,,,,,,,,,,,,,,,,,,,,,,,,,,,,,,,,,,,,,,,,,,,,,,,,,,,,,,,TN,TN
autoland,4769114,12,1a03ada32d4ae63ebeeb4561891b61c1e6e17a68,windows10-64-shippable-qr,True,False,,,102210fe594ee9b33d82058545b1ed14f4c8206e,browser-toolbox.close-process.DAMP,damp,True,damp browser-toolbox.close-process.DAMP opt e10s fission stylo webrender-sw,4768818,77,ms,firefox,447831895.0,1846072185,2024-02-21 00:08:41,70.21191335048934,05e1180d2aa04a8882ff66dfaeeb0705694f7a61,1379609,,,,,,,,,,,,,,,,,,,,,,,,,,,,,,,,,,,,,,,,,,,,,,,,,,,,,,,,,,,,,TN,TN
autoland,4769114,12,1a03ada32d4ae63ebeeb4561891b61c1e6e17a68,windows10-64-shippable-qr,True,False,,,102210fe594ee9b33d82058545b1ed14f4c8206e,browser-toolbox.close-process.DAMP,damp,True,damp browser-toolbox.close-process.DAMP opt e10s fission stylo webrender-sw,4768818,77,ms,firefox,448165829.0,1847549656,2024-02-21 00:10:14,73.20796617251472,0bc93a4fd2faa1f341c25c30fbb98613a7f5e1c9,1379610,,,,,,,,,,,,,,,,,,,,,,,,,,,,,,,,,,,,,,,,,,,,,,,,,,,,,,,,,,,,,TN,TN
autoland,4769114,12,1a03ada32d4ae63ebeeb4561891b61c1e6e17a68,windows10-64-shippable-qr,True,False,,,102210fe594ee9b33d82058545b1ed14f4c8206e,browser-toolbox.close-process.DAMP,damp,True,damp browser-toolbox.close-process.DAMP opt e10s fission stylo webrender-sw,4768818,77,ms,firefox,448165860.0,1847550313,2024-02-21 00:19:55,74.73821426600625,502af1ea1f4c09e9d8ee36731cd01cd8a15113fb,1379614,,,,,,,,,,,,,,,,,,,,,,,,,,,,,,,,,,,,,,,,,,,,,,,,,,,,,,,,,,,,,TN,TN
autoland,4769114,12,1a03ada32d4ae63ebeeb4561891b61c1e6e17a68,windows10-64-shippable-qr,True,False,,,102210fe594ee9b33d82058545b1ed14f4c8206e,browser-toolbox.close-process.DAMP,damp,True,damp browser-toolbox.close-process.DAMP opt e10s fission stylo webrender-sw,4768818,77,ms,firefox,448165696.0,1847548389,2024-02-21 00:28:50,74.0746113579371,fb49272064bf6d980f0399a2ab0b9952ecc456b2,1379615,,,,,,,,,,,,,,,,,,,,,,,,,,,,,,,,,,,,,,,,,,,,,,,,,,,,,,,,,,,,,TN,TN
autoland,4769114,12,1a03ada32d4ae63ebeeb4561891b61c1e6e17a68,windows10-64-shippable-qr,True,False,,,102210fe594ee9b33d82058545b1ed14f4c8206e,browser-toolbox.close-process.DAMP,damp,True,damp browser-toolbox.close-process.DAMP opt e10s fission stylo webrender-sw,4768818,77,ms,firefox,447832972.0,1846084532,2024-02-21 00:41:01,77.05630188052601,119078d182dd2557cd70eb6933abc1ecfb499edd,1379618,,,,,,,,,,,,,,,,,,,,,,,,,,,,,,,,,,,,,,,,,,,,,,,,,,,,,,,,,,,,,TN,TN
autoland,4769114,12,1a03ada32d4ae63ebeeb4561891b61c1e6e17a68,windows10-64-shippable-qr,True,False,,,102210fe594ee9b33d82058545b1ed14f4c8206e,browser-toolbox.close-process.DAMP,damp,True,damp browser-toolbox.close-process.DAMP opt e10s fission stylo webrender-sw,4768818,77,ms,firefox,448165871.0,1847551814,2024-02-21 00:44:38,73.26647982088616,3231e8305de21b5b73d8fba796fcd054418d5aaa,1379622,,,,,,,,,,,,,,,,,,,,,,,,,,,,,,,,,,,,,,,,,,,,,,,,,,,,,,,,,,,,,TN,TN
autoland,4769114,12,1a03ada32d4ae63ebeeb4561891b61c1e6e17a68,windows10-64-shippable-qr,True,False,,,102210fe594ee9b33d82058545b1ed14f4c8206e,browser-toolbox.close-process.DAMP,damp,True,damp browser-toolbox.close-process.DAMP opt e10s fission stylo webrender-sw,4768818,77,ms,firefox,448165807.0,1847549106,2024-02-21 01:14:45,71.77795041656645,d569825df70b0d17ba27168cdee1552145d14bd2,1379646,,,,,,,,,,,,,,,,,,,,,,,,,,,,,,,,,,,,,,,,,,,,,,,,,,,,,,,,,,,,,TN,TN
autoland,4769114,12,1a03ada32d4ae63ebeeb4561891b61c1e6e17a68,windows10-64-shippable-qr,True,False,,,102210fe594ee9b33d82058545b1ed14f4c8206e,browser-toolbox.close-process.DAMP,damp,True,damp browser-toolbox.close-process.DAMP opt e10s fission stylo webrender-sw,4768818,77,ms,firefox,448165810.0,1847548969,2024-02-21 01:21:58,74.48077253250813,771144ea376d6f54b3052bb250d1077953ec040e,1379652,,,,,,,,,,,,,,,,,,,,,,,,,,,,,,,,,,,,,,,,,,,,,,,,,,,,,,,,,,,,,TN,TN
autoland,4769114,12,1a03ada32d4ae63ebeeb4561891b61c1e6e17a68,windows10-64-shippable-qr,True,False,,,102210fe594ee9b33d82058545b1ed14f4c8206e,browser-toolbox.close-process.DAMP,damp,True,damp browser-toolbox.close-process.DAMP opt e10s fission stylo webrender-sw,4768818,77,ms,firefox,448165873.0,1847552783,2024-02-21 01:46:27,74.36910582035489,558067032002ffc8a775205a29adbe2dd686df28,1379673,,,,,,,,,,,,,,,,,,,,,,,,,,,,,,,,,,,,,,,,,,,,,,,,,,,,,,,,,,,,,TN,TN
autoland,4769114,12,1a03ada32d4ae63ebeeb4561891b61c1e6e17a68,windows10-64-shippable-qr,True,False,,,102210fe594ee9b33d82058545b1ed14f4c8206e,browser-toolbox.close-process.DAMP,damp,True,damp browser-toolbox.close-process.DAMP opt e10s fission stylo webrender-sw,4768818,77,ms,firefox,448165867.0,1847551171,2024-02-21 02:44:54,71.76429708553769,3cc9041fe02428459c34580a49b35411c69dc4f1,1379722,,,,,,,,,,,,,,,,,,,,,,,,,,,,,,,,,,,,,,,,,,,,,,,,,,,,,,,,,,,,,TN,TN
autoland,4769114,12,1a03ada32d4ae63ebeeb4561891b61c1e6e17a68,windows10-64-shippable-qr,True,False,,,102210fe594ee9b33d82058545b1ed14f4c8206e,browser-toolbox.close-process.DAMP,damp,True,damp browser-toolbox.close-process.DAMP opt e10s fission stylo webrender-sw,4768818,77,ms,firefox,448165870.0,1847550693,2024-02-21 02:56:32,73.71379692520713,92da9f865b6e22cd601f889ee435d71217112f1f,1379731,,,,,,,,,,,,,,,,,,,,,,,,,,,,,,,,,,,,,,,,,,,,,,,,,,,,,,,,,,,,,TN,TN
autoland,4769114,12,1a03ada32d4ae63ebeeb4561891b61c1e6e17a68,windows10-64-shippable-qr,True,False,,,102210fe594ee9b33d82058545b1ed14f4c8206e,browser-toolbox.close-process.DAMP,damp,True,damp browser-toolbox.close-process.DAMP opt e10s fission stylo webrender-sw,4768818,77,ms,firefox,448165808.0,1847549186,2024-02-21 03:01:49,73.21767345399712,cb212fa2b4223c5ecbfff09db3206575957e1c77,1379732,,,,,,,,,,,,,,,,,,,,,,,,,,,,,,,,,,,,,,,,,,,,,,,,,,,,,,,,,,,,,TN,TN
autoland,4769114,12,1a03ada32d4ae63ebeeb4561891b61c1e6e17a68,windows10-64-shippable-qr,True,False,,,102210fe594ee9b33d82058545b1ed14f4c8206e,browser-toolbox.close-process.DAMP,damp,True,damp browser-toolbox.close-process.DAMP opt e10s fission stylo webrender-sw,4768818,77,ms,firefox,448165812.0,1847549259,2024-02-21 03:10:52,71.20343736845825,223489055d61086bb2e6f51888cb799ba2ad2efb,1379735,,,,,,,,,,,,,,,,,,,,,,,,,,,,,,,,,,,,,,,,,,,,,,,,,,,,,,,,,,,,,TN,TN
autoland,4769114,12,1a03ada32d4ae63ebeeb4561891b61c1e6e17a68,windows10-64-shippable-qr,True,False,,,102210fe594ee9b33d82058545b1ed14f4c8206e,browser-toolbox.close-process.DAMP,damp,True,damp browser-toolbox.close-process.DAMP opt e10s fission stylo webrender-sw,4768818,77,ms,firefox,448165872.0,1847552054,2024-02-21 03:34:23,69.45166459876054,1529f839fd6412861d9de30da7791aee9dfaeadf,1379741,,,,,,,,,,,,,,,,,,,,,,,,,,,,,,,,,,,,,,,,,,,,,,,,,,,,,,,,,,,,,TN,TN
autoland,4769114,12,1a03ada32d4ae63ebeeb4561891b61c1e6e17a68,windows10-64-shippable-qr,True,False,,,102210fe594ee9b33d82058545b1ed14f4c8206e,browser-toolbox.close-process.DAMP,damp,True,damp browser-toolbox.close-process.DAMP opt e10s fission stylo webrender-sw,4768818,77,ms,firefox,447846212.0,1846147910,2024-02-21 05:21:04,71.05576285836287,714d9f89093457451e3881a56b2477e958b70fe0,1379764,,,,,,,,,,,,,,,,,,,,,,,,,,,,,,,,,,,,,,,,,,,,,,,,,,,,,,,,,,,,,TN,TN
autoland,4769114,12,1a03ada32d4ae63ebeeb4561891b61c1e6e17a68,windows10-64-shippable-qr,True,False,,,102210fe594ee9b33d82058545b1ed14f4c8206e,browser-toolbox.close-process.DAMP,damp,True,damp browser-toolbox.close-process.DAMP opt e10s fission stylo webrender-sw,4768818,77,ms,firefox,447877615.0,1846264401,2024-02-21 10:11:10,74.9843157252908,764b93d1a22891bddaaec4e5f73836957d938bac,1379832,,,,,,,,,,,,,,,,,,,,,,,,,,,,,,,,,,,,,,,,,,,,,,,,,,,,,,,,,,,,,TN,TN
autoland,4769114,12,1a03ada32d4ae63ebeeb4561891b61c1e6e17a68,windows10-64-shippable-qr,True,False,,,102210fe594ee9b33d82058545b1ed14f4c8206e,browser-toolbox.close-process.DAMP,damp,True,damp browser-toolbox.close-process.DAMP opt e10s fission stylo webrender-sw,4768818,77,ms,firefox,447884494.0,1846305291,2024-02-21 10:22:21,68.23642372956965,24ffc625c71e9cb6e20c48936ac06da6ec066694,1379838,,,,,,,,,,,,,,,,,,,,,,,,,,,,,,,,,,,,,,,,,,,,,,,,,,,,,,,,,,,,,TN,TN
autoland,4769114,12,1a03ada32d4ae63ebeeb4561891b61c1e6e17a68,windows10-64-shippable-qr,True,False,,,102210fe594ee9b33d82058545b1ed14f4c8206e,browser-toolbox.close-process.DAMP,damp,True,damp browser-toolbox.close-process.DAMP opt e10s fission stylo webrender-sw,4768818,77,ms,firefox,447914958.0,1846401701,2024-02-21 14:24:58,67.19220667067566,799f79fdcedba2bbccee86179c8b547894a16162,1379926,,,,,,,,,,,,,,,,,,,,,,,,,,,,,,,,,,,,,,,,,,,,,,,,,,,,,,,,,,,,,TN,TN
autoland,4769114,12,1a03ada32d4ae63ebeeb4561891b61c1e6e17a68,windows10-64-shippable-qr,True,False,,,102210fe594ee9b33d82058545b1ed14f4c8206e,browser-toolbox.close-process.DAMP,damp,True,damp browser-toolbox.close-process.DAMP opt e10s fission stylo webrender-sw,4768818,77,ms,firefox,447921228.0,1846428188,2024-02-21 15:14:56,69.46037330885883,f8dd4015fa59fee3a1a74c00cd2393a9578e49f0,1379958,,,,,,,,,,,,,,,,,,,,,,,,,,,,,,,,,,,,,,,,,,,,,,,,,,,,,,,,,,,,,TN,TN
autoland,4769114,12,1a03ada32d4ae63ebeeb4561891b61c1e6e17a68,windows10-64-shippable-qr,True,False,,,102210fe594ee9b33d82058545b1ed14f4c8206e,browser-toolbox.close-process.DAMP,damp,True,damp browser-toolbox.close-process.DAMP opt e10s fission stylo webrender-sw,4768818,77,ms,firefox,448422638.0,1848548913,2024-02-21 17:34:40,72.22748633984884,51e701006d1dc2637467794f0591eb1cdde42b12,1380058,,,,,,,,,,,,,,,,,,,,,,,,,,,,,,,,,,,,,,,,,,,,,,,,,,,,,,,,,,,,,TN,TN
autoland,4769114,12,1a03ada32d4ae63ebeeb4561891b61c1e6e17a68,windows10-64-shippable-qr,True,False,,,102210fe594ee9b33d82058545b1ed14f4c8206e,browser-toolbox.close-process.DAMP,damp,True,damp browser-toolbox.close-process.DAMP opt e10s fission stylo webrender-sw,4768818,77,ms,firefox,448422633.0,1848549208,2024-02-21 17:59:29,70.90223569805676,0b4047d915827022c3c36fee377c4217ef011a56,1380074,,,,,,,,,,,,,,,,,,,,,,,,,,,,,,,,,,,,,,,,,,,,,,,,,,,,,,,,,,,,,TN,TN
autoland,4769114,12,1a03ada32d4ae63ebeeb4561891b61c1e6e17a68,windows10-64-shippable-qr,True,False,,,102210fe594ee9b33d82058545b1ed14f4c8206e,browser-toolbox.close-process.DAMP,damp,True,damp browser-toolbox.close-process.DAMP opt e10s fission stylo webrender-sw,4768818,77,ms,firefox,448422641.0,1848548591,2024-02-21 18:21:47,70.31984667290817,52ce40afd4f83c3c10c26e78ac08c49242c6579c,1380083,,,,,,,,,,,,,,,,,,,,,,,,,,,,,,,,,,,,,,,,,,,,,,,,,,,,,,,,,,,,,TN,TN
autoland,4769114,12,1a03ada32d4ae63ebeeb4561891b61c1e6e17a68,windows10-64-shippable-qr,True,False,,,102210fe594ee9b33d82058545b1ed14f4c8206e,browser-toolbox.close-process.DAMP,damp,True,damp browser-toolbox.close-process.DAMP opt e10s fission stylo webrender-sw,4768818,77,ms,firefox,448422632.0,1848548479,2024-02-21 18:40:33,70.30385198672593,d01e315f113e53542aaddda9311938d9d9168a04,1380098,,,,,,,,,,,,,,,,,,,,,,,,,,,,,,,,,,,,,,,,,,,,,,,,,,,,,,,,,,,,,TN,TN
autoland,4769114,12,1a03ada32d4ae63ebeeb4561891b61c1e6e17a68,windows10-64-shippable-qr,True,False,,,102210fe594ee9b33d82058545b1ed14f4c8206e,browser-toolbox.close-process.DAMP,damp,True,damp browser-toolbox.close-process.DAMP opt e10s fission stylo webrender-sw,4768818,77,ms,firefox,448422021.0,1848548773,2024-02-21 18:54:33,69.73565821934608,c676fc5d89bc208e6e87b7b13f73913bb7be4f80,1380112,,,,,,,,,,,,,,,,,,,,,,,,,,,,,,,,,,,,,,,,,,,,,,,,,,,,,,,,,,,,,TN,TN
autoland,4769114,12,1a03ada32d4ae63ebeeb4561891b61c1e6e17a68,windows10-64-shippable-qr,True,False,,,102210fe594ee9b33d82058545b1ed14f4c8206e,browser-toolbox.close-process.DAMP,damp,True,damp browser-toolbox.close-process.DAMP opt e10s fission stylo webrender-sw,4768818,77,ms,firefox,448421538.0,1848547095,2024-02-21 19:03:06,70.61336948737153,bef10fefde3d4812aea01be0356dd9a809d1ef05,1380121,,,,,,,,,,,,,,,,,,,,,,,,,,,,,,,,,,,,,,,,,,,,,,,,,,,,,,,,,,,,,TN,TN
autoland,4769114,12,1a03ada32d4ae63ebeeb4561891b61c1e6e17a68,windows10-64-shippable-qr,True,False,,,102210fe594ee9b33d82058545b1ed14f4c8206e,browser-toolbox.close-process.DAMP,damp,True,damp browser-toolbox.close-process.DAMP opt e10s fission stylo webrender-sw,4768818,77,ms,firefox,448421541.0,1848547215,2024-02-21 19:04:45,71.09716119940276,a405d082b2300b9d18f1caa6f8fbc34065fbeced,1380123,,,,,,,,,,,,,,,,,,,,,,,,,,,,,,,,,,,,,,,,,,,,,,,,,,,,,,,,,,,,,TN,TN
autoland,4769114,12,1a03ada32d4ae63ebeeb4561891b61c1e6e17a68,windows10-64-shippable-qr,True,False,,,102210fe594ee9b33d82058545b1ed14f4c8206e,browser-toolbox.close-process.DAMP,damp,True,damp browser-toolbox.close-process.DAMP opt e10s fission stylo webrender-sw,4768818,77,ms,firefox,448421651.0,1848547598,2024-02-21 19:05:33,71.23393811963615,5e94ddabdae84c38d721fc9d8b72b208708bebc9,1380125,,,,,,,,,,,,,,,,,,,,,,,,,,,,,,,,,,,,,,,,,,,,,,,,,,,,,,,,,,,,,TN,TN
autoland,4769114,12,1a03ada32d4ae63ebeeb4561891b61c1e6e17a68,windows10-64-shippable-qr,True,False,,,102210fe594ee9b33d82058545b1ed14f4c8206e,browser-toolbox.close-process.DAMP,damp,True,damp browser-toolbox.close-process.DAMP opt e10s fission stylo webrender-sw,4768818,77,ms,firefox,448421654.0,1848547339,2024-02-21 19:13:54,71.12434574897634,7d484273773bcf4a5a33284abd30265f94145972,1380134,,,,,,,,,,,,,,,,,,,,,,,,,,,,,,,,,,,,,,,,,,,,,,,,,,,,,,,,,,,,,TN,TN
autoland,4769114,12,1a03ada32d4ae63ebeeb4561891b61c1e6e17a68,windows10-64-shippable-qr,True,False,,,102210fe594ee9b33d82058545b1ed14f4c8206e,browser-toolbox.close-process.DAMP,damp,True,damp browser-toolbox.close-process.DAMP opt e10s fission stylo webrender-sw,4768818,77,ms,firefox,447956548.0,1846656502,2024-02-21 20:37:48,74.80596896732459,bec4dc4bd9ce0a51dab009936bc838963e3f16b3,1380197,,,,,,,,,,,,,,,,,,,,,,,,,,,,,,,,,,,,,,,,,,,,,,,,,,,,,,,,,,,,,TN,TN
autoland,4769114,12,1a03ada32d4ae63ebeeb4561891b61c1e6e17a68,windows10-64-shippable-qr,True,False,,,102210fe594ee9b33d82058545b1ed14f4c8206e,browser-toolbox.close-process.DAMP,damp,True,damp browser-toolbox.close-process.DAMP opt e10s fission stylo webrender-sw,4768818,77,ms,firefox,448422660.0,1848549429,2024-02-21 20:39:06,69.67970342261833,391786e96304fd53a4dc974e97b1347eff26334d,1380199,,,,,,,,,,,,,,,,,,,,,,,,,,,,,,,,,,,,,,,,,,,,,,,,,,,,,,,,,,,,,TN,TN
autoland,4769114,12,1a03ada32d4ae63ebeeb4561891b61c1e6e17a68,windows10-64-shippable-qr,True,False,,,102210fe594ee9b33d82058545b1ed14f4c8206e,browser-toolbox.close-process.DAMP,damp,True,damp browser-toolbox.close-process.DAMP opt e10s fission stylo webrender-sw,4768818,77,ms,firefox,448422655.0,1848549323,2024-02-21 20:39:52,71.68776502367109,4c2fa60c6ce50c8359721420c90e02800cccd5a7,1380201,,,,,,,,,,,,,,,,,,,,,,,,,,,,,,,,,,,,,,,,,,,,,,,,,,,,,,,,,,,,,TN,TN
autoland,4769114,12,1a03ada32d4ae63ebeeb4561891b61c1e6e17a68,windows10-64-shippable-qr,True,False,,,102210fe594ee9b33d82058545b1ed14f4c8206e,browser-toolbox.close-process.DAMP,damp,True,damp browser-toolbox.close-process.DAMP opt e10s fission stylo webrender-sw,4768818,77,ms,firefox,447961866.0,1846710189,2024-02-21 20:47:55,68.6782560612337,31b9ef95a482db91c24a809eb6a64f2c0d7f8f9d,1380210,,,,,,,,,,,,,,,,,,,,,,,,,,,,,,,,,,,,,,,,,,,,,,,,,,,,,,,,,,,,,TN,TN
autoland,4769114,12,1a03ada32d4ae63ebeeb4561891b61c1e6e17a68,windows10-64-shippable-qr,True,False,,,102210fe594ee9b33d82058545b1ed14f4c8206e,browser-toolbox.close-process.DAMP,damp,True,damp browser-toolbox.close-process.DAMP opt e10s fission stylo webrender-sw,4768818,77,ms,firefox,448500929.0,1848820109,2024-02-22 09:31:54,69.61428630916635,66928be3e7e7b6255b1cfe5f5fe129ca730f635a,1380510,,,,,,,,,,,,,,,,,,,,,,,,,,,,,,,,,,,,,,,,,,,,,,,,,,,,,,,,,,,,,TN,TN
autoland,4769114,12,1a03ada32d4ae63ebeeb4561891b61c1e6e17a68,windows10-64-shippable-qr,True,False,,,102210fe594ee9b33d82058545b1ed14f4c8206e,browser-toolbox.close-process.DAMP,damp,True,damp browser-toolbox.close-process.DAMP opt e10s fission stylo webrender-sw,4768818,77,ms,firefox,448500814.0,1848818260,2024-02-22 09:34:23,69.5170537163649,f40c582148d3999cb61acc4831ff4a5da8f6871c,1380512,,,,,,,,,,,,,,,,,,,,,,,,,,,,,,,,,,,,,,,,,,,,,,,,,,,,,,,,,,,,,TN,TN
autoland,4769114,12,1a03ada32d4ae63ebeeb4561891b61c1e6e17a68,windows10-64-shippable-qr,True,False,,,102210fe594ee9b33d82058545b1ed14f4c8206e,browser-toolbox.close-process.DAMP,damp,True,damp browser-toolbox.close-process.DAMP opt e10s fission stylo webrender-sw,4768818,77,ms,firefox,448496213.0,1848789402,2024-02-22 09:39:53,75.06452041219745,f9b8aea08320454937ebc1244185e82c5e95ff1e,1380514,,,,,,,,,,,,,,,,,,,,,,,,,,,,,,,,,,,,,,,,,,,,,,,,,,,,,,,,,,,,,TN,TN
autoland,4769114,12,1a03ada32d4ae63ebeeb4561891b61c1e6e17a68,windows10-64-shippable-qr,True,False,,,102210fe594ee9b33d82058545b1ed14f4c8206e,browser-toolbox.close-process.DAMP,damp,True,damp browser-toolbox.close-process.DAMP opt e10s fission stylo webrender-sw,4768818,77,ms,firefox,448496017.0,1848788641,2024-02-22 10:22:00,72.53790419392317,7ad5ce94cf7fa0ac0c06cb8943d8fdf24b50a51e,1380526,,,,,,,,,,,,,,,,,,,,,,,,,,,,,,,,,,,,,,,,,,,,,,,,,,,,,,,,,,,,,TN,TN
autoland,4769114,12,1a03ada32d4ae63ebeeb4561891b61c1e6e17a68,windows10-64-shippable-qr,True,False,,,102210fe594ee9b33d82058545b1ed14f4c8206e,browser-toolbox.close-process.DAMP,damp,True,damp browser-toolbox.close-process.DAMP opt e10s fission stylo webrender-sw,4768818,77,ms,firefox,448422654.0,1848549285,2024-02-22 11:03:32,70.1095883116941,c706f3410c62b8a5d3da761e6006af1ca17d778d,1380538,,,,,,,,,,,,,,,,,,,,,,,,,,,,,,,,,,,,,,,,,,,,,,,,,,,,,,,,,,,,,TN,TN
autoland,4769114,12,1a03ada32d4ae63ebeeb4561891b61c1e6e17a68,windows10-64-shippable-qr,True,False,,,102210fe594ee9b33d82058545b1ed14f4c8206e,browser-toolbox.close-process.DAMP,damp,True,damp browser-toolbox.close-process.DAMP opt e10s fission stylo webrender-sw,4768818,77,ms,firefox,448421863.0,1848548063,2024-02-22 11:06:18,67.74753335339483,61af32f407771af09be36ce9ef868587f6ca114e,1380542,,,,,,,,,,,,,,,,,,,,,,,,,,,,,,,,,,,,,,,,,,,,,,,,,,,,,,,,,,,,,TN,TN
autoland,4769114,12,1a03ada32d4ae63ebeeb4561891b61c1e6e17a68,windows10-64-shippable-qr,True,False,,,102210fe594ee9b33d82058545b1ed14f4c8206e,browser-toolbox.close-process.DAMP,damp,True,damp browser-toolbox.close-process.DAMP opt e10s fission stylo webrender-sw,4768818,77,ms,firefox,448073808.0,1847166670,2024-02-22 12:54:00,70.45389459427679,583b3985eb0c0410cf6ebaf8e2f5c576185726c5,1380594,,,,,,,,,,,,,,,,,,,,,,,,,,,,,,,,,,,,,,,,,,,,,,,,,,,,,,,,,,,,,TN,TN
autoland,4769114,12,1a03ada32d4ae63ebeeb4561891b61c1e6e17a68,windows10-64-shippable-qr,True,False,,,102210fe594ee9b33d82058545b1ed14f4c8206e,browser-toolbox.close-process.DAMP,damp,True,damp browser-toolbox.close-process.DAMP opt e10s fission stylo webrender-sw,4768818,77,ms,firefox,448478320.0,1848716519,2024-02-22 13:49:09,70.9411972718226,446f0e32848d9d580b50e6f22481f4f1d401bdf5,1380621,,,,,,,,,,,,,,,,,,,,,,,,,,,,,,,,,,,,,,,,,,,,,,,,,,,,,,,,,,,,,TN,TN
autoland,4769114,12,1a03ada32d4ae63ebeeb4561891b61c1e6e17a68,windows10-64-shippable-qr,True,False,,,102210fe594ee9b33d82058545b1ed14f4c8206e,browser-toolbox.close-process.DAMP,damp,True,damp browser-toolbox.close-process.DAMP opt e10s fission stylo webrender-sw,4768818,77,ms,firefox,448478347.0,1848716417,2024-02-22 14:31:41,69.0990433787374,d72a439b6669bc76081bb77c323a02af836a952f,1380656,,,,,,,,,,,,,,,,,,,,,,,,,,,,,,,,,,,,,,,,,,,,,,,,,,,,,,,,,,,,,TN,TN
autoland,4769114,12,1a03ada32d4ae63ebeeb4561891b61c1e6e17a68,windows10-64-shippable-qr,True,False,,,102210fe594ee9b33d82058545b1ed14f4c8206e,browser-toolbox.close-process.DAMP,damp,True,damp browser-toolbox.close-process.DAMP opt e10s fission stylo webrender-sw,4768818,77,ms,firefox,448422663.0,1848549612,2024-02-22 14:58:00,69.58178837413288,2d093d7624aece78778af6f1acee484f469f26d5,1380678,,,,,,,,,,,,,,,,,,,,,,,,,,,,,,,,,,,,,,,,,,,,,,,,,,,,,,,,,,,,,TN,TN
autoland,4769114,12,1a03ada32d4ae63ebeeb4561891b61c1e6e17a68,windows10-64-shippable-qr,True,False,,,102210fe594ee9b33d82058545b1ed14f4c8206e,browser-toolbox.close-process.DAMP,damp,True,damp browser-toolbox.close-process.DAMP opt e10s fission stylo webrender-sw,4768818,77,ms,firefox,448422670.0,1848550214,2024-02-22 15:13:30,68.4376162665576,6184a0f427bad6f368b6d3c769905e44e263106e,1380694,,,,,,,,,,,,,,,,,,,,,,,,,,,,,,,,,,,,,,,,,,,,,,,,,,,,,,,,,,,,,TN,TN
autoland,4769114,12,1a03ada32d4ae63ebeeb4561891b61c1e6e17a68,windows10-64-shippable-qr,True,False,,,102210fe594ee9b33d82058545b1ed14f4c8206e,browser-toolbox.close-process.DAMP,damp,True,damp browser-toolbox.close-process.DAMP opt e10s fission stylo webrender-sw,4768818,77,ms,firefox,448422382.0,1848548199,2024-02-22 15:54:13,70.34530003918917,cf7a5cbf62ee34715785423276f2204105ed642c,1380730,,,,,,,,,,,,,,,,,,,,,,,,,,,,,,,,,,,,,,,,,,,,,,,,,,,,,,,,,,,,,TN,TN
autoland,4769114,12,1a03ada32d4ae63ebeeb4561891b61c1e6e17a68,windows10-64-shippable-qr,True,False,,,102210fe594ee9b33d82058545b1ed14f4c8206e,browser-toolbox.close-process.DAMP,damp,True,damp browser-toolbox.close-process.DAMP opt e10s fission stylo webrender-sw,4768818,77,ms,firefox,448422665.0,1848549830,2024-02-22 16:20:11,67.60685779512278,0104eaefd1447a17677a06ee1be8f45c84d68a7a,1380761,,,,,,,,,,,,,,,,,,,,,,,,,,,,,,,,,,,,,,,,,,,,,,,,,,,,,,,,,,,,,TN,TN
autoland,4769114,12,1a03ada32d4ae63ebeeb4561891b61c1e6e17a68,windows10-64-shippable-qr,True,False,,,102210fe594ee9b33d82058545b1ed14f4c8206e,browser-toolbox.close-process.DAMP,damp,True,damp browser-toolbox.close-process.DAMP opt e10s fission stylo webrender-sw,4768818,77,ms,firefox,448422631.0,1848548256,2024-02-22 16:44:07,70.0000921599567,66fd46557554236bda962543ad2f905572e1127f,1380785,,,,,,,,,,,,,,,,,,,,,,,,,,,,,,,,,,,,,,,,,,,,,,,,,,,,,,,,,,,,,TN,TN
autoland,4769114,12,1a03ada32d4ae63ebeeb4561891b61c1e6e17a68,windows10-64-shippable-qr,True,False,,,102210fe594ee9b33d82058545b1ed14f4c8206e,browser-toolbox.close-process.DAMP,damp,True,damp browser-toolbox.close-process.DAMP opt e10s fission stylo webrender-sw,4768818,77,ms,firefox,448099746.0,1847266514,2024-02-22 16:54:14,69.80906473190407,51ea0932b27ba455533226277e6c6deeb38a8fd4,1380794,,,,,,,,,,,,,,,,,,,,,,,,,,,,,,,,,,,,,,,,,,,,,,,,,,,,,,,,,,,,,TN,TN
autoland,4769114,12,1a03ada32d4ae63ebeeb4561891b61c1e6e17a68,windows10-64-shippable-qr,True,False,,,102210fe594ee9b33d82058545b1ed14f4c8206e,browser-toolbox.close-process.DAMP,damp,True,damp browser-toolbox.close-process.DAMP opt e10s fission stylo webrender-sw,4768818,77,ms,firefox,448691106.0,1849607875,2024-02-22 21:00:06,68.41523559995403,c21d937e3026654dd8f465e39464252a31bfb4a2,1380949,,,,,,,,,,,,,,,,,,,,,,,,,,,,,,,,,,,,,,,,,,,,,,,,,,,,,,,,,,,,,TN,TN
autoland,4769114,12,1a03ada32d4ae63ebeeb4561891b61c1e6e17a68,windows10-64-shippable-qr,True,False,,,102210fe594ee9b33d82058545b1ed14f4c8206e,browser-toolbox.close-process.DAMP,damp,True,damp browser-toolbox.close-process.DAMP opt e10s fission stylo webrender-sw,4768818,77,ms,firefox,448692118.0,1849608924,2024-02-22 21:00:48,69.93228978754269,7debfeff9b413aa2c8888f9183afcc94a23366fc,1380950,,,,,,,,,,,,,,,,,,,,,,,,,,,,,,,,,,,,,,,,,,,,,,,,,,,,,,,,,,,,,TN,TN
autoland,4769114,12,1a03ada32d4ae63ebeeb4561891b61c1e6e17a68,windows10-64-shippable-qr,True,False,,,102210fe594ee9b33d82058545b1ed14f4c8206e,browser-toolbox.close-process.DAMP,damp,True,damp browser-toolbox.close-process.DAMP opt e10s fission stylo webrender-sw,4768818,77,ms,firefox,448691410.0,1849607666,2024-02-22 21:02:12,68.7135605768417,08bf38fa7ce308cc9ea7db38a6b545ba88e0270f,1380952,,,,,,,,,,,,,,,,,,,,,,,,,,,,,,,,,,,,,,,,,,,,,,,,,,,,,,,,,,,,,TN,TN
autoland,4769114,12,1a03ada32d4ae63ebeeb4561891b61c1e6e17a68,windows10-64-shippable-qr,True,False,,,102210fe594ee9b33d82058545b1ed14f4c8206e,browser-toolbox.close-process.DAMP,damp,True,damp browser-toolbox.close-process.DAMP opt e10s fission stylo webrender-sw,4768818,77,ms,firefox,448691433.0,1849608149,2024-02-22 21:03:01,67.7641342888819,561af3572275db71daa6d655dbb33049597c5ea2,1380953,,,,,,,,,,,,,,,,,,,,,,,,,,,,,,,,,,,,,,,,,,,,,,,,,,,,,,,,,,,,,TN,TN
autoland,4769114,12,1a03ada32d4ae63ebeeb4561891b61c1e6e17a68,windows10-64-shippable-qr,True,False,,,102210fe594ee9b33d82058545b1ed14f4c8206e,browser-toolbox.close-process.DAMP,damp,True,damp browser-toolbox.close-process.DAMP opt e10s fission stylo webrender-sw,4768818,77,ms,firefox,448691796.0,1849608381,2024-02-22 21:03:45,68.06358494950837,af593987c9ee9c144195d4b23802fafd1fb67f2c,1380954,,,,,,,,,,,,,,,,,,,,,,,,,,,,,,,,,,,,,,,,,,,,,,,,,,,,,,,,,,,,,TN,TN
autoland,4769114,12,1a03ada32d4ae63ebeeb4561891b61c1e6e17a68,windows10-64-shippable-qr,True,False,,,102210fe594ee9b33d82058545b1ed14f4c8206e,browser-toolbox.close-process.DAMP,damp,True,damp browser-toolbox.close-process.DAMP opt e10s fission stylo webrender-sw,4768818,77,ms,firefox,448781234.0,1849964185,2024-02-22 21:05:17,69.64876099351386,d43385ab0a2392d5bdcbbd15bdaeccd483e60efa,1380957,,,,,,,,,,,,,,,,,,,,,,,,,,,,,,,,,,,,,,,,,,,,,,,,,,,,,,,,,,,,,TN,TN
autoland,4769114,12,1a03ada32d4ae63ebeeb4561891b61c1e6e17a68,windows10-64-shippable-qr,True,False,,,102210fe594ee9b33d82058545b1ed14f4c8206e,browser-toolbox.close-process.DAMP,damp,True,damp browser-toolbox.close-process.DAMP opt e10s fission stylo webrender-sw,4768818,77,ms,firefox,448143024.0,1847417831,2024-02-22 21:59:43,72.27295565538225,1b60bca1b546c120891a0263bcdf7757d75178bc,1380998,,,,,,,,,,,,,,,,,,,,,,,,,,,,,,,,,,,,,,,,,,,,,,,,,,,,,,,,,,,,,TN,TN
autoland,4769114,12,1a03ada32d4ae63ebeeb4561891b61c1e6e17a68,windows10-64-shippable-qr,True,False,,,102210fe594ee9b33d82058545b1ed14f4c8206e,browser-toolbox.close-process.DAMP,damp,True,damp browser-toolbox.close-process.DAMP opt e10s fission stylo webrender-sw,4768818,77,ms,firefox,448691108.0,1849607532,2024-02-23 12:06:17,66.84573022502445,3475061cb5df2fea5ed9e240a7508368ff6f23b8,1381320,,,,,,,,,,,,,,,,,,,,,,,,,,,,,,,,,,,,,,,,,,,,,,,,,,,,,,,,,,,,,TN,TN
autoland,4769114,12,1a03ada32d4ae63ebeeb4561891b61c1e6e17a68,windows10-64-shippable-qr,True,False,,,102210fe594ee9b33d82058545b1ed14f4c8206e,browser-toolbox.close-process.DAMP,damp,True,damp browser-toolbox.close-process.DAMP opt e10s fission stylo webrender-sw,4768818,77,ms,firefox,448691251.0,1849607746,2024-02-23 12:36:25,68.34544897860906,b1c67b9facbd0b950bbaa7b48529e4d49834f1d4,1381327,,,,,,,,,,,,,,,,,,,,,,,,,,,,,,,,,,,,,,,,,,,,,,,,,,,,,,,,,,,,,TN,TN
autoland,4769114,12,1a03ada32d4ae63ebeeb4561891b61c1e6e17a68,windows10-64-shippable-qr,True,False,,,102210fe594ee9b33d82058545b1ed14f4c8206e,browser-toolbox.close-process.DAMP,damp,True,damp browser-toolbox.close-process.DAMP opt e10s fission stylo webrender-sw,4768818,77,ms,firefox,448691432.0,1849607973,2024-02-23 14:16:07,70.23873198742513,4cdf4dc049882ed75d287e0058f767411f511209,1381373,,,,,,,,,,,,,,,,,,,,,,,,,,,,,,,,,,,,,,,,,,,,,,,,,,,,,,,,,,,,,TN,TN
autoland,4769114,12,1a03ada32d4ae63ebeeb4561891b61c1e6e17a68,windows10-64-shippable-qr,True,False,,,102210fe594ee9b33d82058545b1ed14f4c8206e,browser-toolbox.close-process.DAMP,damp,True,damp browser-toolbox.close-process.DAMP opt e10s fission stylo webrender-sw,4768818,77,ms,firefox,448691437.0,1849608067,2024-02-23 14:24:56,67.08866808435414,80e08d441c6cb001610ee0f198a3dcf424bafd4f,1381381,,,,,,,,,,,,,,,,,,,,,,,,,,,,,,,,,,,,,,,,,,,,,,,,,,,,,,,,,,,,,TN,TN
autoland,4769114,12,1a03ada32d4ae63ebeeb4561891b61c1e6e17a68,windows10-64-shippable-qr,True,False,,,102210fe594ee9b33d82058545b1ed14f4c8206e,browser-toolbox.close-process.DAMP,damp,True,damp browser-toolbox.close-process.DAMP opt e10s fission stylo webrender-sw,4768818,77,ms,firefox,448693089.0,1849610166,2024-02-23 15:13:18,68.23522906357539,0f11d5aca9e02300b1aa70ff8c42fa6456d80ffb,1381413,,,,,,,,,,,,,,,,,,,,,,,,,,,,,,,,,,,,,,,,,,,,,,,,,,,,,,,,,,,,,TN,TN
autoland,4769114,12,1a03ada32d4ae63ebeeb4561891b61c1e6e17a68,windows10-64-shippable-qr,True,False,,,102210fe594ee9b33d82058545b1ed14f4c8206e,browser-toolbox.close-process.DAMP,damp,True,damp browser-toolbox.close-process.DAMP opt e10s fission stylo webrender-sw,4768818,77,ms,firefox,448245886.0,1847891995,2024-02-23 15:17:21,68.96126823061059,e2c67ce1b79f08538c8f70b2089d860802aa289e,1381416,,,,,,,,,,,,,,,,,,,,,,,,,,,,,,,,,,,,,,,,,,,,,,,,,,,,,,,,,,,,,TN,TN
autoland,4769114,12,1a03ada32d4ae63ebeeb4561891b61c1e6e17a68,windows10-64-shippable-qr,True,False,,,102210fe594ee9b33d82058545b1ed14f4c8206e,browser-toolbox.close-process.DAMP,damp,True,damp browser-toolbox.close-process.DAMP opt e10s fission stylo webrender-sw,4768818,77,ms,firefox,448693118.0,1849610357,2024-02-23 17:29:14,68.40026364574442,d6878a375f543d455675601d7e52f9a5ea8ac389,1381548,,,,,,,,,,,,,,,,,,,,,,,,,,,,,,,,,,,,,,,,,,,,,,,,,,,,,,,,,,,,,TN,TN
autoland,4769114,12,1a03ada32d4ae63ebeeb4561891b61c1e6e17a68,windows10-64-shippable-qr,True,False,,,102210fe594ee9b33d82058545b1ed14f4c8206e,browser-toolbox.close-process.DAMP,damp,True,damp browser-toolbox.close-process.DAMP opt e10s fission stylo webrender-sw,4768818,77,ms,firefox,448691818.0,1849608324,2024-02-23 18:11:28,68.87022627695114,0530d617f08428fa9291a004cf9d51cc9d4fed75,1381596,,,,,,,,,,,,,,,,,,,,,,,,,,,,,,,,,,,,,,,,,,,,,,,,,,,,,,,,,,,,,TN,TN
autoland,4769114,12,1a03ada32d4ae63ebeeb4561891b61c1e6e17a68,windows10-64-shippable-qr,True,False,,,102210fe594ee9b33d82058545b1ed14f4c8206e,browser-toolbox.close-process.DAMP,damp,True,damp browser-toolbox.close-process.DAMP opt e10s fission stylo webrender-sw,4768818,77,ms,firefox,448265367.0,1847971840,2024-02-23 18:14:32,68.18580557782843,dccf526bcc0afbf9f7abd33abff453ced5a76335,1381598,,,,,,,,,,,,,,,,,,,,,,,,,,,,,,,,,,,,,,,,,,,,,,,,,,,,,,,,,,,,,TN,TN
autoland,4769114,12,1a03ada32d4ae63ebeeb4561891b61c1e6e17a68,windows10-64-shippable-qr,True,False,,,102210fe594ee9b33d82058545b1ed14f4c8206e,browser-toolbox.close-process.DAMP,damp,True,damp browser-toolbox.close-process.DAMP opt e10s fission stylo webrender-sw,4768818,77,ms,firefox,448692181.0,1849609360,2024-02-23 20:32:21,73.80763835084508,1e4405b4e9db235146c60c84b31fe04f7ef58b65,1381684,,,,,,,,,,,,,,,,,,,,,,,,,,,,,,,,,,,,,,,,,,,,,,,,,,,,,,,,,,,,,TN,TN
autoland,4769114,12,1a03ada32d4ae63ebeeb4561891b61c1e6e17a68,windows10-64-shippable-qr,True,False,,,102210fe594ee9b33d82058545b1ed14f4c8206e,browser-toolbox.close-process.DAMP,damp,True,damp browser-toolbox.close-process.DAMP opt e10s fission stylo webrender-sw,4768818,77,ms,firefox,448692197.0,1849609126,2024-02-23 21:16:43,70.72600954503287,2acb906ab2fb3040c12b15c0f684f9794cb7b292,1381719,,,,,,,,,,,,,,,,,,,,,,,,,,,,,,,,,,,,,,,,,,,,,,,,,,,,,,,,,,,,,TN,TN
autoland,4769114,12,1a03ada32d4ae63ebeeb4561891b61c1e6e17a68,windows10-64-shippable-qr,True,False,,,102210fe594ee9b33d82058545b1ed14f4c8206e,browser-toolbox.close-process.DAMP,damp,True,damp browser-toolbox.close-process.DAMP opt e10s fission stylo webrender-sw,4768818,77,ms,firefox,448692185.0,1849609177,2024-02-23 21:33:18,68.63210582133615,ad3e0a193f6695c9133975ca3d272236bf4fa59f,1381732,,,,,,,,,,,,,,,,,,,,,,,,,,,,,,,,,,,,,,,,,,,,,,,,,,,,,,,,,,,,,TN,TN
autoland,4769114,12,1a03ada32d4ae63ebeeb4561891b61c1e6e17a68,windows10-64-shippable-qr,True,False,,,102210fe594ee9b33d82058545b1ed14f4c8206e,browser-toolbox.close-process.DAMP,damp,True,damp browser-toolbox.close-process.DAMP opt e10s fission stylo webrender-sw,4768818,77,ms,firefox,448692198.0,1849609499,2024-02-23 22:02:53,68.94422509981814,69009edbf485bee2b5558d1848e647dd1601e3c8,1381738,,,,,,,,,,,,,,,,,,,,,,,,,,,,,,,,,,,,,,,,,,,,,,,,,,,,,,,,,,,,,TN,TN
autoland,4769114,12,1a03ada32d4ae63ebeeb4561891b61c1e6e17a68,windows10-64-shippable-qr,True,False,,,102210fe594ee9b33d82058545b1ed14f4c8206e,browser-toolbox.close-process.DAMP,damp,True,damp browser-toolbox.close-process.DAMP opt e10s fission stylo webrender-sw,4768818,77,ms,firefox,448298092.0,1848066770,2024-02-23 22:24:23,68.49704797212326,8c239bb8c3fa84633497932b3d3a1d566f9e7581,1381790,,,,,,,,,,,,,,,,,,,,,,,,,,,,,,,,,,,,,,,,,,,,,,,,,,,,,,,,,,,,,TN,TN
autoland,4769114,12,1a03ada32d4ae63ebeeb4561891b61c1e6e17a68,windows10-64-shippable-qr,True,False,,,102210fe594ee9b33d82058545b1ed14f4c8206e,browser-toolbox.close-process.DAMP,damp,True,damp browser-toolbox.close-process.DAMP opt e10s fission stylo webrender-sw,4768818,77,ms,firefox,448303999.0,1848097262,2024-02-23 22:37:13,66.74964484247903,fc1f91bbfd85565b6b9a06155b3d750dc17812f0,1381800,,,,,,,,,,,,,,,,,,,,,,,,,,,,,,,,,,,,,,,,,,,,,,,,,,,,,,,,,,,,,TN,TN
autoland,4769114,12,1a03ada32d4ae63ebeeb4561891b61c1e6e17a68,windows10-64-shippable-qr,True,False,,,102210fe594ee9b33d82058545b1ed14f4c8206e,browser-toolbox.close-process.DAMP,damp,True,damp browser-toolbox.close-process.DAMP opt e10s fission stylo webrender-sw,4768818,77,ms,firefox,448315639.0,1848153995,2024-02-24 03:17:09,69.2895362379495,504cbf2189790d36f74d4fc454949d0c55a40c37,1381876,,,,,,,,,,,,,,,,,,,,,,,,,,,,,,,,,,,,,,,,,,,,,,,,,,,,,,,,,,,,,TN,TN
autoland,4769114,12,1a03ada32d4ae63ebeeb4561891b61c1e6e17a68,windows10-64-shippable-qr,True,False,,,102210fe594ee9b33d82058545b1ed14f4c8206e,browser-toolbox.close-process.DAMP,damp,True,damp browser-toolbox.close-process.DAMP opt e10s fission stylo webrender-sw,4768818,77,ms,firefox,448327016.0,1848232852,2024-02-24 08:59:15,69.6971351917673,f571738470f98e8161bf79b269e333053dca32c4,1381906,,,,,,,,,,,,,,,,,,,,,,,,,,,,,,,,,,,,,,,,,,,,,,,,,,,,,,,,,,,,,TN,TN
autoland,4769114,12,1a03ada32d4ae63ebeeb4561891b61c1e6e17a68,windows10-64-shippable-qr,True,False,,,102210fe594ee9b33d82058545b1ed14f4c8206e,browser-toolbox.close-process.DAMP,damp,True,damp browser-toolbox.close-process.DAMP opt e10s fission stylo webrender-sw,4768818,77,ms,firefox,448354119.0,1848320831,2024-02-24 18:15:08,67.81171269482002,fb873ef9e164e2ac423d266870ce82445945de97,1381948,,,,,,,,,,,,,,,,,,,,,,,,,,,,,,,,,,,,,,,,,,,,,,,,,,,,,,,,,,,,,TN,TN
autoland,4769114,12,1a03ada32d4ae63ebeeb4561891b61c1e6e17a68,windows10-64-shippable-qr,True,False,,,102210fe594ee9b33d82058545b1ed14f4c8206e,browser-toolbox.close-process.DAMP,damp,True,damp browser-toolbox.close-process.DAMP opt e10s fission stylo webrender-sw,4768818,77,ms,firefox,448413017.0,1848509967,2024-02-26 01:39:06,68.38924034861702,689cf8cf7e6b9b9ee5e599a77325de05487a5eed,1382090,,,,,,,,,,,,,,,,,,,,,,,,,,,,,,,,,,,,,,,,,,,,,,,,,,,,,,,,,,,,,TN,TN
autoland,4769114,12,1a03ada32d4ae63ebeeb4561891b61c1e6e17a68,windows10-64-shippable-qr,True,False,,,102210fe594ee9b33d82058545b1ed14f4c8206e,browser-toolbox.close-process.DAMP,damp,True,damp browser-toolbox.close-process.DAMP opt e10s fission stylo webrender-sw,4768818,77,ms,firefox,448446848.0,1848650168,2024-02-26 10:31:50,74.73979337755009,8268ce246a04145ed6598e99b5d061a4e1ee3ca6,1382207,,,,,,,,,,,,,,,,,,,,,,,,,,,,,,,,,,,,,,,,,,,,,,,,,,,,,,,,,,,,,TN,TN
autoland,4769114,12,1a03ada32d4ae63ebeeb4561891b61c1e6e17a68,windows10-64-shippable-qr,True,False,,,102210fe594ee9b33d82058545b1ed14f4c8206e,browser-toolbox.close-process.DAMP,damp,True,damp browser-toolbox.close-process.DAMP opt e10s fission stylo webrender-sw,4768818,77,ms,firefox,448495239.0,1848785335,2024-02-26 14:40:18,67.71825688042372,a5c1fbe78e431fe4a1db712f75edb33f6fd668e4,1382307,,,,,,,,,,,,,,,,,,,,,,,,,,,,,,,,,,,,,,,,,,,,,,,,,,,,,,,,,,,,,TN,TN
autoland,4769114,12,1a03ada32d4ae63ebeeb4561891b61c1e6e17a68,windows10-64-shippable-qr,True,False,,,102210fe594ee9b33d82058545b1ed14f4c8206e,browser-toolbox.close-process.DAMP,damp,True,damp browser-toolbox.close-process.DAMP opt e10s fission stylo webrender-sw,4768818,77,ms,firefox,448513684.0,1848890196,2024-02-26 18:24:43,67.24833309782844,b26d4c8d5e44cc544e259f32a62382902af6f7ff,1382496,,,,,,,,,,,,,,,,,,,,,,,,,,,,,,,,,,,,,,,,,,,,,,,,,,,,,,,,,,,,,TN,TN
autoland,4769114,12,1a03ada32d4ae63ebeeb4561891b61c1e6e17a68,windows10-64-shippable-qr,True,False,,,102210fe594ee9b33d82058545b1ed14f4c8206e,browser-toolbox.close-process.DAMP,damp,True,damp browser-toolbox.close-process.DAMP opt e10s fission stylo webrender-sw,4768818,77,ms,firefox,448647890.0,1849429731,2024-02-27 13:59:53,67.50114602528629,32acc4e2db50b53733cfcf554a308ccc986925b5,1383025,,,,,,,,,,,,,,,,,,,,,,,,,,,,,,,,,,,,,,,,,,,,,,,,,,,,,,,,,,,,,TN,TN
autoland,4769114,12,1a03ada32d4ae63ebeeb4561891b61c1e6e17a68,windows10-64-shippable-qr,True,False,,,102210fe594ee9b33d82058545b1ed14f4c8206e,browser-toolbox.close-process.DAMP,damp,True,damp browser-toolbox.close-process.DAMP opt e10s fission stylo webrender-sw,4768818,77,ms,firefox,448703691.0,1849643097,2024-02-27 23:02:29,67.1600066901301,06645f775e47ea71f6dfa2daff5411ab31c5a629,1383416,,,,,,,,,,,,,,,,,,,,,,,,,,,,,,,,,,,,,,,,,,,,,,,,,,,,,,,,,,,,,TN,TN
autoland,4769114,12,1a03ada32d4ae63ebeeb4561891b61c1e6e17a68,windows10-64-shippable-qr,True,False,,,102210fe594ee9b33d82058545b1ed14f4c8206e,browser-toolbox.close-process.DAMP,damp,True,damp browser-toolbox.close-process.DAMP opt e10s fission stylo webrender-sw,4768818,77,ms,firefox,448744538.0,1849830528,2024-02-28 07:34:11,68.16991030102508,710f48d1638d076913089bfa3978b6a1efc1d842,1383600,,,,,,,,,,,,,,,,,,,,,,,,,,,,,,,,,,,,,,,,,,,,,,,,,,,,,,,,,,,,,TN,TN
autoland,4769114,12,1a03ada32d4ae63ebeeb4561891b61c1e6e17a68,windows10-64-shippable-qr,True,False,,,102210fe594ee9b33d82058545b1ed14f4c8206e,browser-toolbox.close-process.DAMP,damp,True,damp browser-toolbox.close-process.DAMP opt e10s fission stylo webrender-sw,4768818,77,ms,firefox,449093513.0,1851268956,2024-02-28 09:01:45,72.10226464001607,5512c3ec56fc39e7bd0c1ec1a25ea4da720269a3,1383635,,,,,,,,,,,,,,,,,,,,,,,,,,,,,,,,,,,,,,,,,,,,,,,,,,,,,,,,,,,,,TN,TN
autoland,4769114,12,1a03ada32d4ae63ebeeb4561891b61c1e6e17a68,windows10-64-shippable-qr,True,False,,,102210fe594ee9b33d82058545b1ed14f4c8206e,browser-toolbox.close-process.DAMP,damp,True,damp browser-toolbox.close-process.DAMP opt e10s fission stylo webrender-sw,4768818,77,ms,firefox,449082599.0,1851227621,2024-02-28 10:11:44,68.51011918013683,7d6e31f4595724bff0c5a86d768209917f8e826d,1383666,,,,,,,,,,,,,,,,,,,,,,,,,,,,,,,,,,,,,,,,,,,,,,,,,,,,,,,,,,,,,TN,TN
autoland,4769114,12,1a03ada32d4ae63ebeeb4561891b61c1e6e17a68,windows10-64-shippable-qr,True,False,,,102210fe594ee9b33d82058545b1ed14f4c8206e,browser-toolbox.close-process.DAMP,damp,True,damp browser-toolbox.close-process.DAMP opt e10s fission stylo webrender-sw,4768818,77,ms,firefox,449091495.0,1851266448,2024-02-28 11:14:36,75.9058232580428,2acf56a0bec97b6fa54b88c1d6469a9ab98a4013,1383684,,,,,,,,,,,,,,,,,,,,,,,,,,,,,,,,,,,,,,,,,,,,,,,,,,,,,,,,,,,,,TN,TN
autoland,4769114,12,1a03ada32d4ae63ebeeb4561891b61c1e6e17a68,windows10-64-shippable-qr,True,False,,,102210fe594ee9b33d82058545b1ed14f4c8206e,browser-toolbox.close-process.DAMP,damp,True,damp browser-toolbox.close-process.DAMP opt e10s fission stylo webrender-sw,4768818,77,ms,firefox,449094810.0,1851279666,2024-02-28 11:23:05,71.33521680973354,0055340b9ac4155db20afb24fe98419bd5c691ef,1383687,,,,,,,,,,,,,,,,,,,,,,,,,,,,,,,,,,,,,,,,,,,,,,,,,,,,,,,,,,,,,TN,TN
autoland,4769114,12,1a03ada32d4ae63ebeeb4561891b61c1e6e17a68,windows10-64-shippable-qr,True,False,,,102210fe594ee9b33d82058545b1ed14f4c8206e,browser-toolbox.close-process.DAMP,damp,True,damp browser-toolbox.close-process.DAMP opt e10s fission stylo webrender-sw,4768818,77,ms,firefox,448805790.0,1850035147,2024-02-28 12:53:19,68.24639227548323,2356949f5c6d9a4f229d012051bac51b3eb83aec,1383715,,,,,,,,,,,,,,,,,,,,,,,,,,,,,,,,,,,,,,,,,,,,,,,,,,,,,,,,,,,,,TN,TN
autoland,4769114,12,1a03ada32d4ae63ebeeb4561891b61c1e6e17a68,windows10-64-shippable-qr,True,False,,,102210fe594ee9b33d82058545b1ed14f4c8206e,browser-toolbox.close-process.DAMP,damp,True,damp browser-toolbox.close-process.DAMP opt e10s fission stylo webrender-sw,4768818,77,ms,firefox,449157909.0,1851488495,2024-02-28 15:11:44,71.90173281369425,1fc9ad61a3d1fe0566b92e4d94c97ce008c7a6c1,1383799,,,,,,,,,,,,,,,,,,,,,,,,,,,,,,,,,,,,,,,,,,,,,,,,,,,,,,,,,,,,,TN,TN
