repository_name,signature_id,framework_id,signature_hash,machine_platform,should_alert,has_subtests,extra_options,tags,option_collection_hash,test,suite,lower_is_better,name,parent_signature,repository_id,measurement_unit,application,job_id,entry_id,push_timestamp,value,revision,push_id,test_new_value,test_classifier,alert_prev_push_revision,alert_id,test_amount_pct,alert_performance_tags,test_prev_value,alert_first_triaged,test_series_signature_has_subtests,alert_framework,test_series_signature_framework_id,test_series_signature_suite_public_name,alert_related_alerts,test_taskcluster_metadata_retry_id,alert_prev_push_id,alert_status,alert_push_id,test_status,alert_assignee_username,test_series_signature_signature_hash,test_prev_taskcluster_metadata_task_id,test_series_signature_machine_platform,alert_bug_number,alert_repository,alert_bug_due_date,test_series_signature_test_public_name,alert_issue_tracker,test_amount_abs,test_id,test_series_signature_measurement_unit,test_taskcluster_metadata_task_id,test_backfill_record_total_backfills_successful,test_summary_id,test_series_signature_option_collection_hash,test_prev_taskcluster_metadata_retry_id,test_is_regression,test_manually_created,test_classifier_email,test_backfill_record_total_backfills_failed,test_backfill_record_total_actions_triggered,alert_assignee_email,alert_creation_timestamp,test_prev_profile_url,alert_notes,test_series_signature_test,test_noise_profile,test_series_signature_lower_is_better,alert_revision,test_related_summary_id,alert_bug_updated,test_profile_url,test_backfill_record_context,test_starred,test_backfill_record_total_backfills_in_progress,test_t_value,test_series_signature_suite,test_series_signature_extra_options,test_backfill_record_status,test_series_signature_tags,alert_triage_due_date,alert_status_general,test_status_general
autoland,4405952,13,ad8d5d1385265583919f5a224e1153902b6eef60,macosx1015-64-shippable-qr,True,False,,|b|y|t|e|c|o|d|e|-|c|a|c|h|e|d| |c|o|l|d| |f|i|s|s|i|o|n| |w|e|b|r|e|n|d|e|r|,102210fe594ee9b33d82058545b1ed14f4c8206e,PerceptualSpeedIndex,twitter,True,twitter PerceptualSpeedIndex opt bytecode-cached cold fission webrender,,77,ms,firefox,,1700028819,2023-05-24 10:49:25,717.0,1db51625512e546534a6a7352ff4ff3b9c48d713,1245770,,,,,,,,,,,,,,,,,,,,,,,,,,,,,,,,,,,,,,,,,,,,,,,,,,,,,,,,,,,,,TN,TN
autoland,4405952,13,ad8d5d1385265583919f5a224e1153902b6eef60,macosx1015-64-shippable-qr,True,False,,|b|y|t|e|c|o|d|e|-|c|a|c|h|e|d| |c|o|l|d| |f|i|s|s|i|o|n| |w|e|b|r|e|n|d|e|r|,102210fe594ee9b33d82058545b1ed14f4c8206e,PerceptualSpeedIndex,twitter,True,twitter PerceptualSpeedIndex opt bytecode-cached cold fission webrender,,77,ms,firefox,,1700107237,2023-05-24 13:34:40,615.0,6a96bb1f430f92b83cc31f74db4e4c1f71e155e5,1245871,,,,,,,,,,,,,,,,,,,,,,,,,,,,,,,,,,,,,,,,,,,,,,,,,,,,,,,,,,,,,TN,TN
autoland,4405952,13,ad8d5d1385265583919f5a224e1153902b6eef60,macosx1015-64-shippable-qr,True,False,,|b|y|t|e|c|o|d|e|-|c|a|c|h|e|d| |c|o|l|d| |f|i|s|s|i|o|n| |w|e|b|r|e|n|d|e|r|,102210fe594ee9b33d82058545b1ed14f4c8206e,PerceptualSpeedIndex,twitter,True,twitter PerceptualSpeedIndex opt bytecode-cached cold fission webrender,,77,ms,firefox,,1700223126,2023-05-24 17:26:23,692.0,b9da43bde2c92655235855f4bb966f7a2537eafa,1246058,,,,,,,,,,,,,,,,,,,,,,,,,,,,,,,,,,,,,,,,,,,,,,,,,,,,,,,,,,,,,TN,TN
autoland,4405952,13,ad8d5d1385265583919f5a224e1153902b6eef60,macosx1015-64-shippable-qr,True,False,,|b|y|t|e|c|o|d|e|-|c|a|c|h|e|d| |c|o|l|d| |f|i|s|s|i|o|n| |w|e|b|r|e|n|d|e|r|,102210fe594ee9b33d82058545b1ed14f4c8206e,PerceptualSpeedIndex,twitter,True,twitter PerceptualSpeedIndex opt bytecode-cached cold fission webrender,,77,ms,firefox,,1700359286,2023-05-24 21:30:03,688.0,468123d0735b96f7486f1e1a4de373e3dd7520bd,1246204,,,,,,,,,,,,,,,,,,,,,,,,,,,,,,,,,,,,,,,,,,,,,,,,,,,,,,,,,,,,,TN,TN
autoland,4405952,13,ad8d5d1385265583919f5a224e1153902b6eef60,macosx1015-64-shippable-qr,True,False,,|b|y|t|e|c|o|d|e|-|c|a|c|h|e|d| |c|o|l|d| |f|i|s|s|i|o|n| |w|e|b|r|e|n|d|e|r|,102210fe594ee9b33d82058545b1ed14f4c8206e,PerceptualSpeedIndex,twitter,True,twitter PerceptualSpeedIndex opt bytecode-cached cold fission webrender,,77,ms,firefox,,1700418627,2023-05-25 01:52:13,693.0,c1577427eba79d954813d300bfe6d4f09e0249f0,1246339,,,,,,,,,,,,,,,,,,,,,,,,,,,,,,,,,,,,,,,,,,,,,,,,,,,,,,,,,,,,,TN,TN
autoland,4405952,13,ad8d5d1385265583919f5a224e1153902b6eef60,macosx1015-64-shippable-qr,True,False,,|b|y|t|e|c|o|d|e|-|c|a|c|h|e|d| |c|o|l|d| |f|i|s|s|i|o|n| |w|e|b|r|e|n|d|e|r|,102210fe594ee9b33d82058545b1ed14f4c8206e,PerceptualSpeedIndex,twitter,True,twitter PerceptualSpeedIndex opt bytecode-cached cold fission webrender,,77,ms,firefox,,1700476026,2023-05-25 06:53:28,692.0,ee3230b1fe26e5521d07465dcab71e75d586e422,1246434,,,,,,,,,,,,,,,,,,,,,,,,,,,,,,,,,,,,,,,,,,,,,,,,,,,,,,,,,,,,,TN,TN
autoland,4405952,13,ad8d5d1385265583919f5a224e1153902b6eef60,macosx1015-64-shippable-qr,True,False,,|b|y|t|e|c|o|d|e|-|c|a|c|h|e|d| |c|o|l|d| |f|i|s|s|i|o|n| |w|e|b|r|e|n|d|e|r|,102210fe594ee9b33d82058545b1ed14f4c8206e,PerceptualSpeedIndex,twitter,True,twitter PerceptualSpeedIndex opt bytecode-cached cold fission webrender,,77,ms,firefox,,1700541342,2023-05-25 09:03:58,687.0,0cd7e9f3c07773af459b1d5676b4f14a1a4c2844,1246517,,,,,,,,,,,,,,,,,,,,,,,,,,,,,,,,,,,,,,,,,,,,,,,,,,,,,,,,,,,,,TN,TN
autoland,4405952,13,ad8d5d1385265583919f5a224e1153902b6eef60,macosx1015-64-shippable-qr,True,False,,|b|y|t|e|c|o|d|e|-|c|a|c|h|e|d| |c|o|l|d| |f|i|s|s|i|o|n| |w|e|b|r|e|n|d|e|r|,102210fe594ee9b33d82058545b1ed14f4c8206e,PerceptualSpeedIndex,twitter,True,twitter PerceptualSpeedIndex opt bytecode-cached cold fission webrender,,77,ms,firefox,,1700664370,2023-05-25 13:17:19,723.0,09f3ed0c8776aaa707aab014022efa3a16e01a6e,1246661,,,,,,,,,,,,,,,,,,,,,,,,,,,,,,,,,,,,,,,,,,,,,,,,,,,,,,,,,,,,,TN,TN
autoland,4405952,13,ad8d5d1385265583919f5a224e1153902b6eef60,macosx1015-64-shippable-qr,True,False,,|b|y|t|e|c|o|d|e|-|c|a|c|h|e|d| |c|o|l|d| |f|i|s|s|i|o|n| |w|e|b|r|e|n|d|e|r|,102210fe594ee9b33d82058545b1ed14f4c8206e,PerceptualSpeedIndex,twitter,True,twitter PerceptualSpeedIndex opt bytecode-cached cold fission webrender,,77,ms,firefox,,1700668277,2023-05-25 13:25:13,693.0,6e07dad252683bcc1ed82d6a973adda9b490af1f,1246670,,,,,,,,,,,,,,,,,,,,,,,,,,,,,,,,,,,,,,,,,,,,,,,,,,,,,,,,,,,,,TN,TN
autoland,4405952,13,ad8d5d1385265583919f5a224e1153902b6eef60,macosx1015-64-shippable-qr,True,False,,|b|y|t|e|c|o|d|e|-|c|a|c|h|e|d| |c|o|l|d| |f|i|s|s|i|o|n| |w|e|b|r|e|n|d|e|r|,102210fe594ee9b33d82058545b1ed14f4c8206e,PerceptualSpeedIndex,twitter,True,twitter PerceptualSpeedIndex opt bytecode-cached cold fission webrender,,77,ms,firefox,,1700855103,2023-05-25 17:00:24,668.0,4971297a8917c4ce5f9136ebb0c82cde74eb50c4,1246837,,,,,,,,,,,,,,,,,,,,,,,,,,,,,,,,,,,,,,,,,,,,,,,,,,,,,,,,,,,,,TN,TN
autoland,4405952,13,ad8d5d1385265583919f5a224e1153902b6eef60,macosx1015-64-shippable-qr,True,False,,|b|y|t|e|c|o|d|e|-|c|a|c|h|e|d| |c|o|l|d| |f|i|s|s|i|o|n| |w|e|b|r|e|n|d|e|r|,102210fe594ee9b33d82058545b1ed14f4c8206e,PerceptualSpeedIndex,twitter,True,twitter PerceptualSpeedIndex opt bytecode-cached cold fission webrender,,77,ms,firefox,,1700947757,2023-05-25 20:49:35,720.0,6d91b4ed2bb8fbe97d7f5fcf7cad0e6f2bb6ad2f,1247021,,,,,,,,,,,,,,,,,,,,,,,,,,,,,,,,,,,,,,,,,,,,,,,,,,,,,,,,,,,,,TN,TN
autoland,4405952,13,ad8d5d1385265583919f5a224e1153902b6eef60,macosx1015-64-shippable-qr,True,False,,|b|y|t|e|c|o|d|e|-|c|a|c|h|e|d| |c|o|l|d| |f|i|s|s|i|o|n| |w|e|b|r|e|n|d|e|r|,102210fe594ee9b33d82058545b1ed14f4c8206e,PerceptualSpeedIndex,twitter,True,twitter PerceptualSpeedIndex opt bytecode-cached cold fission webrender,,77,ms,firefox,,1701043100,2023-05-26 00:58:32,626.0,d49f009b89ad3ae1616d96cb1d2d9234ef3f6cda,1247180,,,,,,,,,,,,,,,,,,,,,,,,,,,,,,,,,,,,,,,,,,,,,,,,,,,,,,,,,,,,,TN,TN
autoland,4405952,13,ad8d5d1385265583919f5a224e1153902b6eef60,macosx1015-64-shippable-qr,True,False,,|b|y|t|e|c|o|d|e|-|c|a|c|h|e|d| |c|o|l|d| |f|i|s|s|i|o|n| |w|e|b|r|e|n|d|e|r|,102210fe594ee9b33d82058545b1ed14f4c8206e,PerceptualSpeedIndex,twitter,True,twitter PerceptualSpeedIndex opt bytecode-cached cold fission webrender,,77,ms,firefox,,1701146004,2023-05-26 04:58:44,692.0,ffc18acbe9c027a3d6c960322b40a9d0576af311,1247241,,,,,,,,,,,,,,,,,,,,,,,,,,,,,,,,,,,,,,,,,,,,,,,,,,,,,,,,,,,,,TN,TN
autoland,4405952,13,ad8d5d1385265583919f5a224e1153902b6eef60,macosx1015-64-shippable-qr,True,False,,|b|y|t|e|c|o|d|e|-|c|a|c|h|e|d| |c|o|l|d| |f|i|s|s|i|o|n| |w|e|b|r|e|n|d|e|r|,102210fe594ee9b33d82058545b1ed14f4c8206e,PerceptualSpeedIndex,twitter,True,twitter PerceptualSpeedIndex opt bytecode-cached cold fission webrender,,77,ms,firefox,,1701228773,2023-05-26 08:30:04,726.0,35f77e2aafb53fdda81c118a9ea61aefdacd61b4,1247293,,,,,,,,,,,,,,,,,,,,,,,,,,,,,,,,,,,,,,,,,,,,,,,,,,,,,,,,,,,,,TN,TN
autoland,4405952,13,ad8d5d1385265583919f5a224e1153902b6eef60,macosx1015-64-shippable-qr,True,False,,|b|y|t|e|c|o|d|e|-|c|a|c|h|e|d| |c|o|l|d| |f|i|s|s|i|o|n| |w|e|b|r|e|n|d|e|r|,102210fe594ee9b33d82058545b1ed14f4c8206e,PerceptualSpeedIndex,twitter,True,twitter PerceptualSpeedIndex opt bytecode-cached cold fission webrender,,77,ms,firefox,,1701397306,2023-05-26 12:58:50,671.0,3999253a6a3dc448416b9a73377e8599ca6bd022,1247437,,,,,,,,,,,,,,,,,,,,,,,,,,,,,,,,,,,,,,,,,,,,,,,,,,,,,,,,,,,,,TN,TN
autoland,4405952,13,ad8d5d1385265583919f5a224e1153902b6eef60,macosx1015-64-shippable-qr,True,False,,|b|y|t|e|c|o|d|e|-|c|a|c|h|e|d| |c|o|l|d| |f|i|s|s|i|o|n| |w|e|b|r|e|n|d|e|r|,102210fe594ee9b33d82058545b1ed14f4c8206e,PerceptualSpeedIndex,twitter,True,twitter PerceptualSpeedIndex opt bytecode-cached cold fission webrender,,77,ms,firefox,,1701375583,2023-05-26 13:11:40,720.0,bb19012006135abc7ddd72be3cd269be7ef114b5,1247444,,,,,,,,,,,,,,,,,,,,,,,,,,,,,,,,,,,,,,,,,,,,,,,,,,,,,,,,,,,,,TN,TN
autoland,4405952,13,ad8d5d1385265583919f5a224e1153902b6eef60,macosx1015-64-shippable-qr,True,False,,|b|y|t|e|c|o|d|e|-|c|a|c|h|e|d| |c|o|l|d| |f|i|s|s|i|o|n| |w|e|b|r|e|n|d|e|r|,102210fe594ee9b33d82058545b1ed14f4c8206e,PerceptualSpeedIndex,twitter,True,twitter PerceptualSpeedIndex opt bytecode-cached cold fission webrender,,77,ms,firefox,,1701573642,2023-05-26 17:23:29,731.0,8ca2ea7fe36515caaf70ddf90bfd2ee269f059cf,1247619,,,,,,,,,,,,,,,,,,,,,,,,,,,,,,,,,,,,,,,,,,,,,,,,,,,,,,,,,,,,,TN,TN
autoland,4405952,13,ad8d5d1385265583919f5a224e1153902b6eef60,macosx1015-64-shippable-qr,True,False,,|b|y|t|e|c|o|d|e|-|c|a|c|h|e|d| |c|o|l|d| |f|i|s|s|i|o|n| |w|e|b|r|e|n|d|e|r|,102210fe594ee9b33d82058545b1ed14f4c8206e,PerceptualSpeedIndex,twitter,True,twitter PerceptualSpeedIndex opt bytecode-cached cold fission webrender,,77,ms,firefox,,1701807305,2023-05-26 18:57:45,698.0,f6b4fa0c88fefe367393867cc9b0a0a61ae30a86,1247663,,,,,,,,,,,,,,,,,,,,,,,,,,,,,,,,,,,,,,,,,,,,,,,,,,,,,,,,,,,,,TN,TN
autoland,4405952,13,ad8d5d1385265583919f5a224e1153902b6eef60,macosx1015-64-shippable-qr,True,False,,|b|y|t|e|c|o|d|e|-|c|a|c|h|e|d| |c|o|l|d| |f|i|s|s|i|o|n| |w|e|b|r|e|n|d|e|r|,102210fe594ee9b33d82058545b1ed14f4c8206e,PerceptualSpeedIndex,twitter,True,twitter PerceptualSpeedIndex opt bytecode-cached cold fission webrender,,77,ms,firefox,,1701812721,2023-05-26 19:09:08,733.0,224c6165eeed35754ed2edb7bcf25308c5bb56bb,1247672,,,,,,,,,,,,,,,,,,,,,,,,,,,,,,,,,,,,,,,,,,,,,,,,,,,,,,,,,,,,,TN,TN
autoland,4405952,13,ad8d5d1385265583919f5a224e1153902b6eef60,macosx1015-64-shippable-qr,True,False,,|b|y|t|e|c|o|d|e|-|c|a|c|h|e|d| |c|o|l|d| |f|i|s|s|i|o|n| |w|e|b|r|e|n|d|e|r|,102210fe594ee9b33d82058545b1ed14f4c8206e,PerceptualSpeedIndex,twitter,True,twitter PerceptualSpeedIndex opt bytecode-cached cold fission webrender,,77,ms,firefox,,1701625708,2023-05-26 19:44:57,859.0,fc6056442a0fa16146259cb730d4e34a16656952,1247712,,,,,,,,,,,,,,,,,,,,,,,,,,,,,,,,,,,,,,,,,,,,,,,,,,,,,,,,,,,,,TN,TN
autoland,4405952,13,ad8d5d1385265583919f5a224e1153902b6eef60,macosx1015-64-shippable-qr,True,False,,|b|y|t|e|c|o|d|e|-|c|a|c|h|e|d| |c|o|l|d| |f|i|s|s|i|o|n| |w|e|b|r|e|n|d|e|r|,102210fe594ee9b33d82058545b1ed14f4c8206e,PerceptualSpeedIndex,twitter,True,twitter PerceptualSpeedIndex opt bytecode-cached cold fission webrender,,77,ms,firefox,,1701740308,2023-05-27 00:56:39,795.0,b45b68be3f9bae0da4d649a44e60c6cd175f2212,1247879,,,,,,,,,,,,,,,,,,,,,,,,,,,,,,,,,,,,,,,,,,,,,,,,,,,,,,,,,,,,,TN,TN
autoland,4405952,13,ad8d5d1385265583919f5a224e1153902b6eef60,macosx1015-64-shippable-qr,True,False,,|b|y|t|e|c|o|d|e|-|c|a|c|h|e|d| |c|o|l|d| |f|i|s|s|i|o|n| |w|e|b|r|e|n|d|e|r|,102210fe594ee9b33d82058545b1ed14f4c8206e,PerceptualSpeedIndex,twitter,True,twitter PerceptualSpeedIndex opt bytecode-cached cold fission webrender,,77,ms,firefox,,1701880923,2023-05-27 11:39:36,670.0,6a941c8c6ff3290e530942915ee97161b670f15d,1247945,,,,,,,,,,,,,,,,,,,,,,,,,,,,,,,,,,,,,,,,,,,,,,,,,,,,,,,,,,,,,TN,TN
autoland,4405952,13,ad8d5d1385265583919f5a224e1153902b6eef60,macosx1015-64-shippable-qr,True,False,,|b|y|t|e|c|o|d|e|-|c|a|c|h|e|d| |c|o|l|d| |f|i|s|s|i|o|n| |w|e|b|r|e|n|d|e|r|,102210fe594ee9b33d82058545b1ed14f4c8206e,PerceptualSpeedIndex,twitter,True,twitter PerceptualSpeedIndex opt bytecode-cached cold fission webrender,,77,ms,firefox,,1701923003,2023-05-27 15:52:21,640.0,531a15ae09d49e29c270830e9b873aa625a5a8c2,1247961,,,,,,,,,,,,,,,,,,,,,,,,,,,,,,,,,,,,,,,,,,,,,,,,,,,,,,,,,,,,,TN,TN
autoland,4405952,13,ad8d5d1385265583919f5a224e1153902b6eef60,macosx1015-64-shippable-qr,True,False,,|b|y|t|e|c|o|d|e|-|c|a|c|h|e|d| |c|o|l|d| |f|i|s|s|i|o|n| |w|e|b|r|e|n|d|e|r|,102210fe594ee9b33d82058545b1ed14f4c8206e,PerceptualSpeedIndex,twitter,True,twitter PerceptualSpeedIndex opt bytecode-cached cold fission webrender,,77,ms,firefox,,1702047180,2023-05-28 20:46:15,711.0,47f0f49b40361f9c5bde3a5691dc5d65ec1e0061,1248031,,,,,,,,,,,,,,,,,,,,,,,,,,,,,,,,,,,,,,,,,,,,,,,,,,,,,,,,,,,,,TN,TN
autoland,4405952,13,ad8d5d1385265583919f5a224e1153902b6eef60,macosx1015-64-shippable-qr,True,False,,|b|y|t|e|c|o|d|e|-|c|a|c|h|e|d| |c|o|l|d| |f|i|s|s|i|o|n| |w|e|b|r|e|n|d|e|r|,102210fe594ee9b33d82058545b1ed14f4c8206e,PerceptualSpeedIndex,twitter,True,twitter PerceptualSpeedIndex opt bytecode-cached cold fission webrender,,77,ms,firefox,,1702080850,2023-05-29 02:12:22,729.0,1f8f2142966233c5d8d437f93d361aa0cc2b36c6,1248080,,,,,,,,,,,,,,,,,,,,,,,,,,,,,,,,,,,,,,,,,,,,,,,,,,,,,,,,,,,,,TN,TN
autoland,4405952,13,ad8d5d1385265583919f5a224e1153902b6eef60,macosx1015-64-shippable-qr,True,False,,|b|y|t|e|c|o|d|e|-|c|a|c|h|e|d| |c|o|l|d| |f|i|s|s|i|o|n| |w|e|b|r|e|n|d|e|r|,102210fe594ee9b33d82058545b1ed14f4c8206e,PerceptualSpeedIndex,twitter,True,twitter PerceptualSpeedIndex opt bytecode-cached cold fission webrender,,77,ms,firefox,,1702142791,2023-05-29 06:50:24,723.0,1565861edeebf64845658a3f48cb89fa4515bb68,1248115,,,,,,,,,,,,,,,,,,,,,,,,,,,,,,,,,,,,,,,,,,,,,,,,,,,,,,,,,,,,,TN,TN
autoland,4405952,13,ad8d5d1385265583919f5a224e1153902b6eef60,macosx1015-64-shippable-qr,True,False,,|b|y|t|e|c|o|d|e|-|c|a|c|h|e|d| |c|o|l|d| |f|i|s|s|i|o|n| |w|e|b|r|e|n|d|e|r|,102210fe594ee9b33d82058545b1ed14f4c8206e,PerceptualSpeedIndex,twitter,True,twitter PerceptualSpeedIndex opt bytecode-cached cold fission webrender,,77,ms,firefox,,1702160672,2023-05-29 07:27:55,725.0,31915ad324761c4fe80dac65ca36f070ab2102a2,1248125,,,,,,,,,,,,,,,,,,,,,,,,,,,,,,,,,,,,,,,,,,,,,,,,,,,,,,,,,,,,,TN,TN
autoland,4405952,13,ad8d5d1385265583919f5a224e1153902b6eef60,macosx1015-64-shippable-qr,True,False,,|b|y|t|e|c|o|d|e|-|c|a|c|h|e|d| |c|o|l|d| |f|i|s|s|i|o|n| |w|e|b|r|e|n|d|e|r|,102210fe594ee9b33d82058545b1ed14f4c8206e,PerceptualSpeedIndex,twitter,True,twitter PerceptualSpeedIndex opt bytecode-cached cold fission webrender,,77,ms,firefox,,1702554650,2023-05-29 13:34:49,686.0,fc5fe4c288f6b66527c3e44199ca2d8a6b8a11d8,1248241,,,,,,,,,,,,,,,,,,,,,,,,,,,,,,,,,,,,,,,,,,,,,,,,,,,,,,,,,,,,,TN,TN
autoland,4405952,13,ad8d5d1385265583919f5a224e1153902b6eef60,macosx1015-64-shippable-qr,True,False,,|b|y|t|e|c|o|d|e|-|c|a|c|h|e|d| |c|o|l|d| |f|i|s|s|i|o|n| |w|e|b|r|e|n|d|e|r|,102210fe594ee9b33d82058545b1ed14f4c8206e,PerceptualSpeedIndex,twitter,True,twitter PerceptualSpeedIndex opt bytecode-cached cold fission webrender,,77,ms,firefox,,1702329885,2023-05-29 15:52:56,726.0,e1a08bab18008646938a96dfab802d2471fcadc1,1248305,,,,,,,,,,,,,,,,,,,,,,,,,,,,,,,,,,,,,,,,,,,,,,,,,,,,,,,,,,,,,TN,TN
autoland,4405952,13,ad8d5d1385265583919f5a224e1153902b6eef60,macosx1015-64-shippable-qr,True,False,,|b|y|t|e|c|o|d|e|-|c|a|c|h|e|d| |c|o|l|d| |f|i|s|s|i|o|n| |w|e|b|r|e|n|d|e|r|,102210fe594ee9b33d82058545b1ed14f4c8206e,PerceptualSpeedIndex,twitter,True,twitter PerceptualSpeedIndex opt bytecode-cached cold fission webrender,,77,ms,firefox,,1702415310,2023-05-29 20:27:32,644.0,496eefc6bee2519ce93df561b640b582e869b964,1248440,,,,,,,,,,,,,,,,,,,,,,,,,,,,,,,,,,,,,,,,,,,,,,,,,,,,,,,,,,,,,TN,TN
autoland,4405952,13,ad8d5d1385265583919f5a224e1153902b6eef60,macosx1015-64-shippable-qr,True,False,,|b|y|t|e|c|o|d|e|-|c|a|c|h|e|d| |c|o|l|d| |f|i|s|s|i|o|n| |w|e|b|r|e|n|d|e|r|,102210fe594ee9b33d82058545b1ed14f4c8206e,PerceptualSpeedIndex,twitter,True,twitter PerceptualSpeedIndex opt bytecode-cached cold fission webrender,,77,ms,firefox,,1702425726,2023-05-29 20:34:18,664.0,f7d3e204b0fb015cf0fb51a08403e22986a2ae52,1248445,,,,,,,,,,,,,,,,,,,,,,,,,,,,,,,,,,,,,,,,,,,,,,,,,,,,,,,,,,,,,TN,TN
autoland,4405952,13,ad8d5d1385265583919f5a224e1153902b6eef60,macosx1015-64-shippable-qr,True,False,,|b|y|t|e|c|o|d|e|-|c|a|c|h|e|d| |c|o|l|d| |f|i|s|s|i|o|n| |w|e|b|r|e|n|d|e|r|,102210fe594ee9b33d82058545b1ed14f4c8206e,PerceptualSpeedIndex,twitter,True,twitter PerceptualSpeedIndex opt bytecode-cached cold fission webrender,,77,ms,firefox,,1702490276,2023-05-30 01:15:28,655.0,82442b2d56d94c600cca707dd62ab7a19d68bbd2,1248536,,,,,,,,,,,,,,,,,,,,,,,,,,,,,,,,,,,,,,,,,,,,,,,,,,,,,,,,,,,,,TN,TN
autoland,4405952,13,ad8d5d1385265583919f5a224e1153902b6eef60,macosx1015-64-shippable-qr,True,False,,|b|y|t|e|c|o|d|e|-|c|a|c|h|e|d| |c|o|l|d| |f|i|s|s|i|o|n| |w|e|b|r|e|n|d|e|r|,102210fe594ee9b33d82058545b1ed14f4c8206e,PerceptualSpeedIndex,twitter,True,twitter PerceptualSpeedIndex opt bytecode-cached cold fission webrender,,77,ms,firefox,,1702597256,2023-05-30 06:58:06,731.0,23a3b1b5a2b78d86456189221e567423206bc00a,1248601,,,,,,,,,,,,,,,,,,,,,,,,,,,,,,,,,,,,,,,,,,,,,,,,,,,,,,,,,,,,,TN,TN
autoland,4405952,13,ad8d5d1385265583919f5a224e1153902b6eef60,macosx1015-64-shippable-qr,True,False,,|b|y|t|e|c|o|d|e|-|c|a|c|h|e|d| |c|o|l|d| |f|i|s|s|i|o|n| |w|e|b|r|e|n|d|e|r|,102210fe594ee9b33d82058545b1ed14f4c8206e,PerceptualSpeedIndex,twitter,True,twitter PerceptualSpeedIndex opt bytecode-cached cold fission webrender,,77,ms,firefox,,1702617206,2023-05-30 07:49:46,703.0,64b2487b96b949b3c6a787dfd17210f9998fb42e,1248618,,,,,,,,,,,,,,,,,,,,,,,,,,,,,,,,,,,,,,,,,,,,,,,,,,,,,,,,,,,,,TN,TN
autoland,4405952,13,ad8d5d1385265583919f5a224e1153902b6eef60,macosx1015-64-shippable-qr,True,False,,|b|y|t|e|c|o|d|e|-|c|a|c|h|e|d| |c|o|l|d| |f|i|s|s|i|o|n| |w|e|b|r|e|n|d|e|r|,102210fe594ee9b33d82058545b1ed14f4c8206e,PerceptualSpeedIndex,twitter,True,twitter PerceptualSpeedIndex opt bytecode-cached cold fission webrender,,77,ms,firefox,,1702755638,2023-05-30 12:05:20,668.0,121d4440186ece5c7acf444a8879a3818d54fef5,1248752,,,,,,,,,,,,,,,,,,,,,,,,,,,,,,,,,,,,,,,,,,,,,,,,,,,,,,,,,,,,,TN,TN
autoland,4405952,13,ad8d5d1385265583919f5a224e1153902b6eef60,macosx1015-64-shippable-qr,True,False,,|b|y|t|e|c|o|d|e|-|c|a|c|h|e|d| |c|o|l|d| |f|i|s|s|i|o|n| |w|e|b|r|e|n|d|e|r|,102210fe594ee9b33d82058545b1ed14f4c8206e,PerceptualSpeedIndex,twitter,True,twitter PerceptualSpeedIndex opt bytecode-cached cold fission webrender,,77,ms,firefox,,1703303887,2023-05-30 14:11:57,644.0,1c86169a6ab3a53190c7fca3fe2cefe2251e4cad,1248832,,,,,,,,,,,,,,,,,,,,,,,,,,,,,,,,,,,,,,,,,,,,,,,,,,,,,,,,,,,,,TN,TN
autoland,4405952,13,ad8d5d1385265583919f5a224e1153902b6eef60,macosx1015-64-shippable-qr,True,False,,|b|y|t|e|c|o|d|e|-|c|a|c|h|e|d| |c|o|l|d| |f|i|s|s|i|o|n| |w|e|b|r|e|n|d|e|r|,102210fe594ee9b33d82058545b1ed14f4c8206e,PerceptualSpeedIndex,twitter,True,twitter PerceptualSpeedIndex opt bytecode-cached cold fission webrender,,77,ms,firefox,,1703255446,2023-05-30 14:17:42,787.0,2139914fff1c2bb8398578403a5d19f8ba7eab08,1248836,,,,,,,,,,,,,,,,,,,,,,,,,,,,,,,,,,,,,,,,,,,,,,,,,,,,,,,,,,,,,TN,TN
autoland,4405952,13,ad8d5d1385265583919f5a224e1153902b6eef60,macosx1015-64-shippable-qr,True,False,,|b|y|t|e|c|o|d|e|-|c|a|c|h|e|d| |c|o|l|d| |f|i|s|s|i|o|n| |w|e|b|r|e|n|d|e|r|,102210fe594ee9b33d82058545b1ed14f4c8206e,PerceptualSpeedIndex,twitter,True,twitter PerceptualSpeedIndex opt bytecode-cached cold fission webrender,,77,ms,firefox,,1703269461,2023-05-30 14:18:36,685.0,25819f54f4eb2233a294e431c4f84f146fc2fa5f,1248839,,,,,,,,,,,,,,,,,,,,,,,,,,,,,,,,,,,,,,,,,,,,,,,,,,,,,,,,,,,,,TN,TN
autoland,4405952,13,ad8d5d1385265583919f5a224e1153902b6eef60,macosx1015-64-shippable-qr,True,False,,|b|y|t|e|c|o|d|e|-|c|a|c|h|e|d| |c|o|l|d| |f|i|s|s|i|o|n| |w|e|b|r|e|n|d|e|r|,102210fe594ee9b33d82058545b1ed14f4c8206e,PerceptualSpeedIndex,twitter,True,twitter PerceptualSpeedIndex opt bytecode-cached cold fission webrender,,77,ms,firefox,,1703245334,2023-05-30 14:20:30,694.0,fe968fa39d7b2a02923dc930f6045d0c925149cc,1248840,,,,,,,,,,,,,,,,,,,,,,,,,,,,,,,,,,,,,,,,,,,,,,,,,,,,,,,,,,,,,TN,TN
autoland,4405952,13,ad8d5d1385265583919f5a224e1153902b6eef60,macosx1015-64-shippable-qr,True,False,,|b|y|t|e|c|o|d|e|-|c|a|c|h|e|d| |c|o|l|d| |f|i|s|s|i|o|n| |w|e|b|r|e|n|d|e|r|,102210fe594ee9b33d82058545b1ed14f4c8206e,PerceptualSpeedIndex,twitter,True,twitter PerceptualSpeedIndex opt bytecode-cached cold fission webrender,,77,ms,firefox,,1702820787,2023-05-30 15:20:14,712.0,8ddf44b47ed68e786f1ca69913136fe2ddd7f1d2,1248888,,,,,,,,,,,,,,,,,,,,,,,,,,,,,,,,,,,,,,,,,,,,,,,,,,,,,,,,,,,,,TN,TN
autoland,4405952,13,ad8d5d1385265583919f5a224e1153902b6eef60,macosx1015-64-shippable-qr,True,False,,|b|y|t|e|c|o|d|e|-|c|a|c|h|e|d| |c|o|l|d| |f|i|s|s|i|o|n| |w|e|b|r|e|n|d|e|r|,102210fe594ee9b33d82058545b1ed14f4c8206e,PerceptualSpeedIndex,twitter,True,twitter PerceptualSpeedIndex opt bytecode-cached cold fission webrender,,77,ms,firefox,,1703191160,2023-05-30 17:40:00,728.0,f283a65c051a837eb3b3eb004e258408b9aa8e53,1248971,,,,,,,,,,,,,,,,,,,,,,,,,,,,,,,,,,,,,,,,,,,,,,,,,,,,,,,,,,,,,TN,TN
autoland,4405952,13,ad8d5d1385265583919f5a224e1153902b6eef60,macosx1015-64-shippable-qr,True,False,,|b|y|t|e|c|o|d|e|-|c|a|c|h|e|d| |c|o|l|d| |f|i|s|s|i|o|n| |w|e|b|r|e|n|d|e|r|,102210fe594ee9b33d82058545b1ed14f4c8206e,PerceptualSpeedIndex,twitter,True,twitter PerceptualSpeedIndex opt bytecode-cached cold fission webrender,,77,ms,firefox,,1703189062,2023-05-30 18:28:22,697.0,3be173a1e2614e622c6c3361b457b0c2b24ff6da,1249008,,,,,,,,,,,,,,,,,,,,,,,,,,,,,,,,,,,,,,,,,,,,,,,,,,,,,,,,,,,,,TN,TN
autoland,4405952,13,ad8d5d1385265583919f5a224e1153902b6eef60,macosx1015-64-shippable-qr,True,False,,|b|y|t|e|c|o|d|e|-|c|a|c|h|e|d| |c|o|l|d| |f|i|s|s|i|o|n| |w|e|b|r|e|n|d|e|r|,102210fe594ee9b33d82058545b1ed14f4c8206e,PerceptualSpeedIndex,twitter,True,twitter PerceptualSpeedIndex opt bytecode-cached cold fission webrender,,77,ms,firefox,,1702956867,2023-05-30 19:20:55,696.0,361a866d206fd695b15823113863d449afb7c87d,1249050,,,,,,,,,,,,,,,,,,,,,,,,,,,,,,,,,,,,,,,,,,,,,,,,,,,,,,,,,,,,,TN,TN
autoland,4405952,13,ad8d5d1385265583919f5a224e1153902b6eef60,macosx1015-64-shippable-qr,True,False,,|b|y|t|e|c|o|d|e|-|c|a|c|h|e|d| |c|o|l|d| |f|i|s|s|i|o|n| |w|e|b|r|e|n|d|e|r|,102210fe594ee9b33d82058545b1ed14f4c8206e,PerceptualSpeedIndex,twitter,True,twitter PerceptualSpeedIndex opt bytecode-cached cold fission webrender,,77,ms,firefox,,1702938200,2023-05-30 19:21:44,662.0,f9dad80c02c9517d8cb38311989dab88f1236015,1249051,,,,,,,,,,,,,,,,,,,,,,,,,,,,,,,,,,,,,,,,,,,,,,,,,,,,,,,,,,,,,TN,TN
autoland,4405952,13,ad8d5d1385265583919f5a224e1153902b6eef60,macosx1015-64-shippable-qr,True,False,,|b|y|t|e|c|o|d|e|-|c|a|c|h|e|d| |c|o|l|d| |f|i|s|s|i|o|n| |w|e|b|r|e|n|d|e|r|,102210fe594ee9b33d82058545b1ed14f4c8206e,PerceptualSpeedIndex,twitter,True,twitter PerceptualSpeedIndex opt bytecode-cached cold fission webrender,,77,ms,firefox,,1703097113,2023-05-30 22:16:30,709.0,0ea1f0bff41ab8b0e92e4f35f3d6eaf801ad3fc0,1249172,,,,,,,,,,,,,,,,,,,,,,,,,,,,,,,,,,,,,,,,,,,,,,,,,,,,,,,,,,,,,TN,TN
autoland,4405952,13,ad8d5d1385265583919f5a224e1153902b6eef60,macosx1015-64-shippable-qr,True,False,,|b|y|t|e|c|o|d|e|-|c|a|c|h|e|d| |c|o|l|d| |f|i|s|s|i|o|n| |w|e|b|r|e|n|d|e|r|,102210fe594ee9b33d82058545b1ed14f4c8206e,PerceptualSpeedIndex,twitter,True,twitter PerceptualSpeedIndex opt bytecode-cached cold fission webrender,,77,ms,firefox,,1703159840,2023-05-31 02:21:54,703.0,40997d8c121ee054ffe5df2c1a10d3a392f78c3c,1249255,,,,,,,,,,,,,,,,,,,,,,,,,,,,,,,,,,,,,,,,,,,,,,,,,,,,,,,,,,,,,TN,TN
autoland,4405952,13,ad8d5d1385265583919f5a224e1153902b6eef60,macosx1015-64-shippable-qr,True,False,,|b|y|t|e|c|o|d|e|-|c|a|c|h|e|d| |c|o|l|d| |f|i|s|s|i|o|n| |w|e|b|r|e|n|d|e|r|,102210fe594ee9b33d82058545b1ed14f4c8206e,PerceptualSpeedIndex,twitter,True,twitter PerceptualSpeedIndex opt bytecode-cached cold fission webrender,,77,ms,firefox,,1704012738,2023-05-31 17:22:12,769.0,b1a1fe06a88b8bdb3f1c5564d12f6798261f34f8,1249712,,,,,,,,,,,,,,,,,,,,,,,,,,,,,,,,,,,,,,,,,,,,,,,,,,,,,,,,,,,,,TN,TN
autoland,4405952,13,ad8d5d1385265583919f5a224e1153902b6eef60,macosx1015-64-shippable-qr,True,False,,|b|y|t|e|c|o|d|e|-|c|a|c|h|e|d| |c|o|l|d| |f|i|s|s|i|o|n| |w|e|b|r|e|n|d|e|r|,102210fe594ee9b33d82058545b1ed14f4c8206e,PerceptualSpeedIndex,twitter,True,twitter PerceptualSpeedIndex opt bytecode-cached cold fission webrender,,77,ms,firefox,,1704020662,2023-05-31 20:28:19,822.0,acd631722a01cb363c4967477af9f240d35cd218,1249881,,,,,,,,,,,,,,,,,,,,,,,,,,,,,,,,,,,,,,,,,,,,,,,,,,,,,,,,,,,,,TN,TN
autoland,4405952,13,ad8d5d1385265583919f5a224e1153902b6eef60,macosx1015-64-shippable-qr,True,False,,|b|y|t|e|c|o|d|e|-|c|a|c|h|e|d| |c|o|l|d| |f|i|s|s|i|o|n| |w|e|b|r|e|n|d|e|r|,102210fe594ee9b33d82058545b1ed14f4c8206e,PerceptualSpeedIndex,twitter,True,twitter PerceptualSpeedIndex opt bytecode-cached cold fission webrender,,77,ms,firefox,,1704280279,2023-05-31 21:52:05,662.0,3e57422d355fbd79bda3cc9af613485b3bdce01e,1249959,,,,,,,,,,,,,,,,,,,,,,,,,,,,,,,,,,,,,,,,,,,,,,,,,,,,,,,,,,,,,TN,TN
autoland,4405952,13,ad8d5d1385265583919f5a224e1153902b6eef60,macosx1015-64-shippable-qr,True,False,,|b|y|t|e|c|o|d|e|-|c|a|c|h|e|d| |c|o|l|d| |f|i|s|s|i|o|n| |w|e|b|r|e|n|d|e|r|,102210fe594ee9b33d82058545b1ed14f4c8206e,PerceptualSpeedIndex,twitter,True,twitter PerceptualSpeedIndex opt bytecode-cached cold fission webrender,,77,ms,firefox,,1704291645,2023-05-31 21:52:58,664.0,1ee8fd36b1276fa713a4407e53085c5991e8ad2d,1249961,,,,,,,,,,,,,,,,,,,,,,,,,,,,,,,,,,,,,,,,,,,,,,,,,,,,,,,,,,,,,TN,TN
autoland,4405952,13,ad8d5d1385265583919f5a224e1153902b6eef60,macosx1015-64-shippable-qr,True,False,,|b|y|t|e|c|o|d|e|-|c|a|c|h|e|d| |c|o|l|d| |f|i|s|s|i|o|n| |w|e|b|r|e|n|d|e|r|,102210fe594ee9b33d82058545b1ed14f4c8206e,PerceptualSpeedIndex,twitter,True,twitter PerceptualSpeedIndex opt bytecode-cached cold fission webrender,,77,ms,firefox,,1704138153,2023-05-31 23:35:37,643.0,69cd9d943489100b8424cf1b19b0646cbc9c317c,1250055,,,,,,,,,,,,,,,,,,,,,,,,,,,,,,,,,,,,,,,,,,,,,,,,,,,,,,,,,,,,,TN,TN
autoland,4405952,13,ad8d5d1385265583919f5a224e1153902b6eef60,macosx1015-64-shippable-qr,True,False,,|b|y|t|e|c|o|d|e|-|c|a|c|h|e|d| |c|o|l|d| |f|i|s|s|i|o|n| |w|e|b|r|e|n|d|e|r|,102210fe594ee9b33d82058545b1ed14f4c8206e,PerceptualSpeedIndex,twitter,True,twitter PerceptualSpeedIndex opt bytecode-cached cold fission webrender,,77,ms,firefox,,1704233156,2023-06-01 03:44:27,694.0,5d6127a9b7ed37774d6403efd4ee1ec813503592,1250134,,,,,,,,,,,,,,,,,,,,,,,,,,,,,,,,,,,,,,,,,,,,,,,,,,,,,,,,,,,,,TN,TN
autoland,4405952,13,ad8d5d1385265583919f5a224e1153902b6eef60,macosx1015-64-shippable-qr,True,False,,|b|y|t|e|c|o|d|e|-|c|a|c|h|e|d| |c|o|l|d| |f|i|s|s|i|o|n| |w|e|b|r|e|n|d|e|r|,102210fe594ee9b33d82058545b1ed14f4c8206e,PerceptualSpeedIndex,twitter,True,twitter PerceptualSpeedIndex opt bytecode-cached cold fission webrender,,77,ms,firefox,,1704379472,2023-06-01 08:18:01,662.0,310a02cb1216c0fafadcbc049aac0875871eab96,1250206,,,,,,,,,,,,,,,,,,,,,,,,,,,,,,,,,,,,,,,,,,,,,,,,,,,,,,,,,,,,,TN,TN
autoland,4405952,13,ad8d5d1385265583919f5a224e1153902b6eef60,macosx1015-64-shippable-qr,True,False,,|b|y|t|e|c|o|d|e|-|c|a|c|h|e|d| |c|o|l|d| |f|i|s|s|i|o|n| |w|e|b|r|e|n|d|e|r|,102210fe594ee9b33d82058545b1ed14f4c8206e,PerceptualSpeedIndex,twitter,True,twitter PerceptualSpeedIndex opt bytecode-cached cold fission webrender,,77,ms,firefox,,1704435965,2023-06-01 09:51:53,812.0,3ee1184f75ef01c3b8b3acb826d84a189cac75ce,1250243,,,,,,,,,,,,,,,,,,,,,,,,,,,,,,,,,,,,,,,,,,,,,,,,,,,,,,,,,,,,,TN,TN
autoland,4405952,13,ad8d5d1385265583919f5a224e1153902b6eef60,macosx1015-64-shippable-qr,True,False,,|b|y|t|e|c|o|d|e|-|c|a|c|h|e|d| |c|o|l|d| |f|i|s|s|i|o|n| |w|e|b|r|e|n|d|e|r|,102210fe594ee9b33d82058545b1ed14f4c8206e,PerceptualSpeedIndex,twitter,True,twitter PerceptualSpeedIndex opt bytecode-cached cold fission webrender,,77,ms,firefox,,1704619858,2023-06-01 13:54:39,645.0,01e7e891e3d0793f8a185fe99b6f8cc9c6ffa74e,1250379,,,,,,,,,,,,,,,,,,,,,,,,,,,,,,,,,,,,,,,,,,,,,,,,,,,,,,,,,,,,,TN,TN
autoland,4405952,13,ad8d5d1385265583919f5a224e1153902b6eef60,macosx1015-64-shippable-qr,True,False,,|b|y|t|e|c|o|d|e|-|c|a|c|h|e|d| |c|o|l|d| |f|i|s|s|i|o|n| |w|e|b|r|e|n|d|e|r|,102210fe594ee9b33d82058545b1ed14f4c8206e,PerceptualSpeedIndex,twitter,True,twitter PerceptualSpeedIndex opt bytecode-cached cold fission webrender,,77,ms,firefox,,1704790449,2023-06-01 19:53:44,779.0,ae0f513f1d25aef3f79ad009b5f2dd7407536827,1250634,,,,,,,,,,,,,,,,,,,,,,,,,,,,,,,,,,,,,,,,,,,,,,,,,,,,,,,,,,,,,TN,TN
autoland,4405952,13,ad8d5d1385265583919f5a224e1153902b6eef60,macosx1015-64-shippable-qr,True,False,,|b|y|t|e|c|o|d|e|-|c|a|c|h|e|d| |c|o|l|d| |f|i|s|s|i|o|n| |w|e|b|r|e|n|d|e|r|,102210fe594ee9b33d82058545b1ed14f4c8206e,PerceptualSpeedIndex,twitter,True,twitter PerceptualSpeedIndex opt bytecode-cached cold fission webrender,,77,ms,firefox,,1704857356,2023-06-01 21:35:55,758.0,9718fca142ae7765c8ca6c3616fab6e303225556,1250675,,,,,,,,,,,,,,,,,,,,,,,,,,,,,,,,,,,,,,,,,,,,,,,,,,,,,,,,,,,,,TN,TN
autoland,4405952,13,ad8d5d1385265583919f5a224e1153902b6eef60,macosx1015-64-shippable-qr,True,False,,|b|y|t|e|c|o|d|e|-|c|a|c|h|e|d| |c|o|l|d| |f|i|s|s|i|o|n| |w|e|b|r|e|n|d|e|r|,102210fe594ee9b33d82058545b1ed14f4c8206e,PerceptualSpeedIndex,twitter,True,twitter PerceptualSpeedIndex opt bytecode-cached cold fission webrender,,77,ms,firefox,,1704935901,2023-06-02 02:04:00,626.0,c365694efc9c7ac4c2c010f9dc97afb7c80107ee,1250783,,,,,,,,,,,,,,,,,,,,,,,,,,,,,,,,,,,,,,,,,,,,,,,,,,,,,,,,,,,,,TN,TN
autoland,4405952,13,ad8d5d1385265583919f5a224e1153902b6eef60,macosx1015-64-shippable-qr,True,False,,|b|y|t|e|c|o|d|e|-|c|a|c|h|e|d| |c|o|l|d| |f|i|s|s|i|o|n| |w|e|b|r|e|n|d|e|r|,102210fe594ee9b33d82058545b1ed14f4c8206e,PerceptualSpeedIndex,twitter,True,twitter PerceptualSpeedIndex opt bytecode-cached cold fission webrender,,77,ms,firefox,,1705321136,2023-06-02 12:19:13,692.0,5d642eb9394b5f5e9e9f0a4b6be492055e341e31,1250979,,,,,,,,,,,,,,,,,,,,,,,,,,,,,,,,,,,,,,,,,,,,,,,,,,,,,,,,,,,,,TN,TN
autoland,4405952,13,ad8d5d1385265583919f5a224e1153902b6eef60,macosx1015-64-shippable-qr,True,False,,|b|y|t|e|c|o|d|e|-|c|a|c|h|e|d| |c|o|l|d| |f|i|s|s|i|o|n| |w|e|b|r|e|n|d|e|r|,102210fe594ee9b33d82058545b1ed14f4c8206e,PerceptualSpeedIndex,twitter,True,twitter PerceptualSpeedIndex opt bytecode-cached cold fission webrender,,77,ms,firefox,,1705323679,2023-06-02 13:27:34,684.0,e2c71d0ed1e8bb2b9752f78b13c31171d5dde3a9,1251019,,,,,,,,,,,,,,,,,,,,,,,,,,,,,,,,,,,,,,,,,,,,,,,,,,,,,,,,,,,,,TN,TN
autoland,4405952,13,ad8d5d1385265583919f5a224e1153902b6eef60,macosx1015-64-shippable-qr,True,False,,|b|y|t|e|c|o|d|e|-|c|a|c|h|e|d| |c|o|l|d| |f|i|s|s|i|o|n| |w|e|b|r|e|n|d|e|r|,102210fe594ee9b33d82058545b1ed14f4c8206e,PerceptualSpeedIndex,twitter,True,twitter PerceptualSpeedIndex opt bytecode-cached cold fission webrender,,77,ms,firefox,,1705350477,2023-06-02 17:59:13,674.0,ad7e9e56836f2bd7e0668d322719f548e825a685,1251185,,,,,,,,,,,,,,,,,,,,,,,,,,,,,,,,,,,,,,,,,,,,,,,,,,,,,,,,,,,,,TN,TN
autoland,4405952,13,ad8d5d1385265583919f5a224e1153902b6eef60,macosx1015-64-shippable-qr,True,False,,|b|y|t|e|c|o|d|e|-|c|a|c|h|e|d| |c|o|l|d| |f|i|s|s|i|o|n| |w|e|b|r|e|n|d|e|r|,102210fe594ee9b33d82058545b1ed14f4c8206e,PerceptualSpeedIndex,twitter,True,twitter PerceptualSpeedIndex opt bytecode-cached cold fission webrender,,77,ms,firefox,,1705342998,2023-06-02 18:03:52,741.0,8c3b1c60fde747fcb4e3421062a37b829d6acb9f,1251187,,,,,,,,,,,,,,,,,,,,,,,,,,,,,,,,,,,,,,,,,,,,,,,,,,,,,,,,,,,,,TN,TN
autoland,4405952,13,ad8d5d1385265583919f5a224e1153902b6eef60,macosx1015-64-shippable-qr,True,False,,|b|y|t|e|c|o|d|e|-|c|a|c|h|e|d| |c|o|l|d| |f|i|s|s|i|o|n| |w|e|b|r|e|n|d|e|r|,102210fe594ee9b33d82058545b1ed14f4c8206e,PerceptualSpeedIndex,twitter,True,twitter PerceptualSpeedIndex opt bytecode-cached cold fission webrender,,77,ms,firefox,,1705398313,2023-06-02 22:18:32,747.0,b9f63a24bc677e4c6a1f9bc801c2e3bf44dbd6e8,1251308,,,,,,,,,,,,,,,,,,,,,,,,,,,,,,,,,,,,,,,,,,,,,,,,,,,,,,,,,,,,,TN,TN
autoland,4405952,13,ad8d5d1385265583919f5a224e1153902b6eef60,macosx1015-64-shippable-qr,True,False,,|b|y|t|e|c|o|d|e|-|c|a|c|h|e|d| |c|o|l|d| |f|i|s|s|i|o|n| |w|e|b|r|e|n|d|e|r|,102210fe594ee9b33d82058545b1ed14f4c8206e,PerceptualSpeedIndex,twitter,True,twitter PerceptualSpeedIndex opt bytecode-cached cold fission webrender,,77,ms,firefox,,1705448211,2023-06-03 05:40:17,665.0,64bce9d136ae9b4bd5482515721d6daf2da53dc3,1251358,,,,,,,,,,,,,,,,,,,,,,,,,,,,,,,,,,,,,,,,,,,,,,,,,,,,,,,,,,,,,TN,TN
autoland,4405952,13,ad8d5d1385265583919f5a224e1153902b6eef60,macosx1015-64-shippable-qr,True,False,,|b|y|t|e|c|o|d|e|-|c|a|c|h|e|d| |c|o|l|d| |f|i|s|s|i|o|n| |w|e|b|r|e|n|d|e|r|,102210fe594ee9b33d82058545b1ed14f4c8206e,PerceptualSpeedIndex,twitter,True,twitter PerceptualSpeedIndex opt bytecode-cached cold fission webrender,,77,ms,firefox,,1705531513,2023-06-03 14:24:38,718.0,7bc8c25b2935765c57adc63333c221bbe5067831,1251409,,,,,,,,,,,,,,,,,,,,,,,,,,,,,,,,,,,,,,,,,,,,,,,,,,,,,,,,,,,,,TN,TN
autoland,4405952,13,ad8d5d1385265583919f5a224e1153902b6eef60,macosx1015-64-shippable-qr,True,False,,|b|y|t|e|c|o|d|e|-|c|a|c|h|e|d| |c|o|l|d| |f|i|s|s|i|o|n| |w|e|b|r|e|n|d|e|r|,102210fe594ee9b33d82058545b1ed14f4c8206e,PerceptualSpeedIndex,twitter,True,twitter PerceptualSpeedIndex opt bytecode-cached cold fission webrender,,77,ms,firefox,,1705597168,2023-06-03 23:39:13,767.0,b8f06acca6bf62e32647496ed613012fa4c27e9e,1251453,,,,,,,,,,,,,,,,,,,,,,,,,,,,,,,,,,,,,,,,,,,,,,,,,,,,,,,,,,,,,TN,TN
autoland,4405952,13,ad8d5d1385265583919f5a224e1153902b6eef60,macosx1015-64-shippable-qr,True,False,,|b|y|t|e|c|o|d|e|-|c|a|c|h|e|d| |c|o|l|d| |f|i|s|s|i|o|n| |w|e|b|r|e|n|d|e|r|,102210fe594ee9b33d82058545b1ed14f4c8206e,PerceptualSpeedIndex,twitter,True,twitter PerceptualSpeedIndex opt bytecode-cached cold fission webrender,,77,ms,firefox,,1705677438,2023-06-04 11:53:44,782.0,00802389f336283602445d4f08e53b8bd09b43eb,1251481,,,,,,,,,,,,,,,,,,,,,,,,,,,,,,,,,,,,,,,,,,,,,,,,,,,,,,,,,,,,,TN,TN
autoland,4405952,13,ad8d5d1385265583919f5a224e1153902b6eef60,macosx1015-64-shippable-qr,True,False,,|b|y|t|e|c|o|d|e|-|c|a|c|h|e|d| |c|o|l|d| |f|i|s|s|i|o|n| |w|e|b|r|e|n|d|e|r|,102210fe594ee9b33d82058545b1ed14f4c8206e,PerceptualSpeedIndex,twitter,True,twitter PerceptualSpeedIndex opt bytecode-cached cold fission webrender,,77,ms,firefox,,1705717536,2023-06-04 20:28:08,773.0,eeba3a3c20a4dc53210a44734b25d2c0870b6523,1251514,,,,,,,,,,,,,,,,,,,,,,,,,,,,,,,,,,,,,,,,,,,,,,,,,,,,,,,,,,,,,TN,TN
autoland,4405952,13,ad8d5d1385265583919f5a224e1153902b6eef60,macosx1015-64-shippable-qr,True,False,,|b|y|t|e|c|o|d|e|-|c|a|c|h|e|d| |c|o|l|d| |f|i|s|s|i|o|n| |w|e|b|r|e|n|d|e|r|,102210fe594ee9b33d82058545b1ed14f4c8206e,PerceptualSpeedIndex,twitter,True,twitter PerceptualSpeedIndex opt bytecode-cached cold fission webrender,,77,ms,firefox,,1705770371,2023-06-05 03:24:10,764.0,f8fa7749f7bdc93fa3491918a4e8b0fb4db659eb,1251552,,,,,,,,,,,,,,,,,,,,,,,,,,,,,,,,,,,,,,,,,,,,,,,,,,,,,,,,,,,,,TN,TN
autoland,4405952,13,ad8d5d1385265583919f5a224e1153902b6eef60,macosx1015-64-shippable-qr,True,False,,|b|y|t|e|c|o|d|e|-|c|a|c|h|e|d| |c|o|l|d| |f|i|s|s|i|o|n| |w|e|b|r|e|n|d|e|r|,102210fe594ee9b33d82058545b1ed14f4c8206e,PerceptualSpeedIndex,twitter,True,twitter PerceptualSpeedIndex opt bytecode-cached cold fission webrender,,77,ms,firefox,,1705801801,2023-06-05 08:05:57,717.0,61d4558543daf8b284b3194aba84289d6e31ad2f,1251588,,,,,,,,,,,,,,,,,,,,,,,,,,,,,,,,,,,,,,,,,,,,,,,,,,,,,,,,,,,,,TN,TN
autoland,4405952,13,ad8d5d1385265583919f5a224e1153902b6eef60,macosx1015-64-shippable-qr,True,False,,|b|y|t|e|c|o|d|e|-|c|a|c|h|e|d| |c|o|l|d| |f|i|s|s|i|o|n| |w|e|b|r|e|n|d|e|r|,102210fe594ee9b33d82058545b1ed14f4c8206e,PerceptualSpeedIndex,twitter,True,twitter PerceptualSpeedIndex opt bytecode-cached cold fission webrender,,77,ms,firefox,,1706373144,2023-06-05 08:13:54,752.0,b4f58b5b89c23f507f450070978c31ce37ae0bfa,1251592,,,,,,,,,,,,,,,,,,,,,,,,,,,,,,,,,,,,,,,,,,,,,,,,,,,,,,,,,,,,,TN,TN
autoland,4405952,13,ad8d5d1385265583919f5a224e1153902b6eef60,macosx1015-64-shippable-qr,True,False,,|b|y|t|e|c|o|d|e|-|c|a|c|h|e|d| |c|o|l|d| |f|i|s|s|i|o|n| |w|e|b|r|e|n|d|e|r|,102210fe594ee9b33d82058545b1ed14f4c8206e,PerceptualSpeedIndex,twitter,True,twitter PerceptualSpeedIndex opt bytecode-cached cold fission webrender,,77,ms,firefox,,1706378098,2023-06-05 09:41:40,922.0,1affd61c6142771ac7be203e33a442977866164b,1251624,,,,,,,,,,,,,,,,,,,,,,,,,,,,,,,,,,,,,,,,,,,,,,,,,,,,,,,,,,,,,TN,TN
autoland,4405952,13,ad8d5d1385265583919f5a224e1153902b6eef60,macosx1015-64-shippable-qr,True,False,,|b|y|t|e|c|o|d|e|-|c|a|c|h|e|d| |c|o|l|d| |f|i|s|s|i|o|n| |w|e|b|r|e|n|d|e|r|,102210fe594ee9b33d82058545b1ed14f4c8206e,PerceptualSpeedIndex,twitter,True,twitter PerceptualSpeedIndex opt bytecode-cached cold fission webrender,,77,ms,firefox,,1706355317,2023-06-05 09:45:03,757.0,201365a3648ecab85ffce4e3930f9e9285ec3fbe,1251629,,,,,,,,,,,,,,,,,,,,,,,,,,,,,,,,,,,,,,,,,,,,,,,,,,,,,,,,,,,,,TN,TN
autoland,4405952,13,ad8d5d1385265583919f5a224e1153902b6eef60,macosx1015-64-shippable-qr,True,False,,|b|y|t|e|c|o|d|e|-|c|a|c|h|e|d| |c|o|l|d| |f|i|s|s|i|o|n| |w|e|b|r|e|n|d|e|r|,102210fe594ee9b33d82058545b1ed14f4c8206e,PerceptualSpeedIndex,twitter,True,twitter PerceptualSpeedIndex opt bytecode-cached cold fission webrender,,77,ms,firefox,,1706366309,2023-06-05 10:13:11,772.0,95ed74f9ad6da76c6cf56a1db4cfe6afd6213af2,1251649,,,,,,,,,,,,,,,,,,,,,,,,,,,,,,,,,,,,,,,,,,,,,,,,,,,,,,,,,,,,,TN,TN
autoland,4405952,13,ad8d5d1385265583919f5a224e1153902b6eef60,macosx1015-64-shippable-qr,True,False,,|b|y|t|e|c|o|d|e|-|c|a|c|h|e|d| |c|o|l|d| |f|i|s|s|i|o|n| |w|e|b|r|e|n|d|e|r|,102210fe594ee9b33d82058545b1ed14f4c8206e,PerceptualSpeedIndex,twitter,True,twitter PerceptualSpeedIndex opt bytecode-cached cold fission webrender,,77,ms,firefox,,1706379663,2023-06-05 11:51:57,760.0,6ad4019db2d5ac7bea3f12238282b70312e33b89,1251708,,,,,,,,,,,,,,,,,,,,,,,,,,,,,,,,,,,,,,,,,,,,,,,,,,,,,,,,,,,,,TN,TN
autoland,4405952,13,ad8d5d1385265583919f5a224e1153902b6eef60,macosx1015-64-shippable-qr,True,False,,|b|y|t|e|c|o|d|e|-|c|a|c|h|e|d| |c|o|l|d| |f|i|s|s|i|o|n| |w|e|b|r|e|n|d|e|r|,102210fe594ee9b33d82058545b1ed14f4c8206e,PerceptualSpeedIndex,twitter,True,twitter PerceptualSpeedIndex opt bytecode-cached cold fission webrender,,77,ms,firefox,,1705914585,2023-06-05 12:01:26,706.0,00af548d93acc8c2c3ab652a04c882e3a80476a9,1251712,,,,,,,,,,,,,,,,,,,,,,,,,,,,,,,,,,,,,,,,,,,,,,,,,,,,,,,,,,,,,TN,TN
autoland,4405952,13,ad8d5d1385265583919f5a224e1153902b6eef60,macosx1015-64-shippable-qr,True,False,,|b|y|t|e|c|o|d|e|-|c|a|c|h|e|d| |c|o|l|d| |f|i|s|s|i|o|n| |w|e|b|r|e|n|d|e|r|,102210fe594ee9b33d82058545b1ed14f4c8206e,PerceptualSpeedIndex,twitter,True,twitter PerceptualSpeedIndex opt bytecode-cached cold fission webrender,,77,ms,firefox,,1706100688,2023-06-05 16:13:31,716.0,c8df8c0bde6047b8fe23c9716940cbc1c07c2a65,1251888,,,,,,,,,,,,,,,,,,,,,,,,,,,,,,,,,,,,,,,,,,,,,,,,,,,,,,,,,,,,,TN,TN
autoland,4405952,13,ad8d5d1385265583919f5a224e1153902b6eef60,macosx1015-64-shippable-qr,True,False,,|b|y|t|e|c|o|d|e|-|c|a|c|h|e|d| |c|o|l|d| |f|i|s|s|i|o|n| |w|e|b|r|e|n|d|e|r|,102210fe594ee9b33d82058545b1ed14f4c8206e,PerceptualSpeedIndex,twitter,True,twitter PerceptualSpeedIndex opt bytecode-cached cold fission webrender,,77,ms,firefox,,1706109478,2023-06-05 16:43:43,720.0,03d635b2bdb2041550924e64dc0dd20abf4499f9,1251915,,,,,,,,,,,,,,,,,,,,,,,,,,,,,,,,,,,,,,,,,,,,,,,,,,,,,,,,,,,,,TN,TN
autoland,4405952,13,ad8d5d1385265583919f5a224e1153902b6eef60,macosx1015-64-shippable-qr,True,False,,|b|y|t|e|c|o|d|e|-|c|a|c|h|e|d| |c|o|l|d| |f|i|s|s|i|o|n| |w|e|b|r|e|n|d|e|r|,102210fe594ee9b33d82058545b1ed14f4c8206e,PerceptualSpeedIndex,twitter,True,twitter PerceptualSpeedIndex opt bytecode-cached cold fission webrender,,77,ms,firefox,,1706216094,2023-06-05 20:14:05,755.0,d73c2643092115d9b5859c16e121e421656264bc,1252060,,,,,,,,,,,,,,,,,,,,,,,,,,,,,,,,,,,,,,,,,,,,,,,,,,,,,,,,,,,,,TN,TN
autoland,4405952,13,ad8d5d1385265583919f5a224e1153902b6eef60,macosx1015-64-shippable-qr,True,False,,|b|y|t|e|c|o|d|e|-|c|a|c|h|e|d| |c|o|l|d| |f|i|s|s|i|o|n| |w|e|b|r|e|n|d|e|r|,102210fe594ee9b33d82058545b1ed14f4c8206e,PerceptualSpeedIndex,twitter,True,twitter PerceptualSpeedIndex opt bytecode-cached cold fission webrender,,77,ms,firefox,,1706277044,2023-06-05 22:25:10,714.0,3a79e9a1c11da81af50cfb6e535537b5e8e7ce9f,1252165,,,,,,,,,,,,,,,,,,,,,,,,,,,,,,,,,,,,,,,,,,,,,,,,,,,,,,,,,,,,,TN,TN
autoland,4405952,13,ad8d5d1385265583919f5a224e1153902b6eef60,macosx1015-64-shippable-qr,True,False,,|b|y|t|e|c|o|d|e|-|c|a|c|h|e|d| |c|o|l|d| |f|i|s|s|i|o|n| |w|e|b|r|e|n|d|e|r|,102210fe594ee9b33d82058545b1ed14f4c8206e,PerceptualSpeedIndex,twitter,True,twitter PerceptualSpeedIndex opt bytecode-cached cold fission webrender,,77,ms,firefox,,1707152360,2023-06-06 07:23:00,708.0,5e6e896228e55430e8e28f173cc439d598992d1d,1252318,,,,,,,,,,,,,,,,,,,,,,,,,,,,,,,,,,,,,,,,,,,,,,,,,,,,,,,,,,,,,TN,TN
autoland,4405952,13,ad8d5d1385265583919f5a224e1153902b6eef60,macosx1015-64-shippable-qr,True,False,,|b|y|t|e|c|o|d|e|-|c|a|c|h|e|d| |c|o|l|d| |f|i|s|s|i|o|n| |w|e|b|r|e|n|d|e|r|,102210fe594ee9b33d82058545b1ed14f4c8206e,PerceptualSpeedIndex,twitter,True,twitter PerceptualSpeedIndex opt bytecode-cached cold fission webrender,,77,ms,firefox,,1706460387,2023-06-06 07:45:19,687.8,7974ac7e053aa00b02c6b9405b4fe87e6729456d,1252336,,,,,,,,,,,,,,,,,,,,,,,,,,,,,,,,,,,,,,,,,,,,,,,,,,,,,,,,,,,,,TN,TN
autoland,4405952,13,ad8d5d1385265583919f5a224e1153902b6eef60,macosx1015-64-shippable-qr,True,False,,|b|y|t|e|c|o|d|e|-|c|a|c|h|e|d| |c|o|l|d| |f|i|s|s|i|o|n| |w|e|b|r|e|n|d|e|r|,102210fe594ee9b33d82058545b1ed14f4c8206e,PerceptualSpeedIndex,twitter,True,twitter PerceptualSpeedIndex opt bytecode-cached cold fission webrender,,77,ms,firefox,,1706626350,2023-06-06 12:19:14,744.1,847d7aa42cbef71e48427dda557da27be7b8a938,1252475,,,,,,,,,,,,,,,,,,,,,,,,,,,,,,,,,,,,,,,,,,,,,,,,,,,,,,,,,,,,,TN,TN
autoland,4405952,13,ad8d5d1385265583919f5a224e1153902b6eef60,macosx1015-64-shippable-qr,True,False,,|b|y|t|e|c|o|d|e|-|c|a|c|h|e|d| |c|o|l|d| |f|i|s|s|i|o|n| |w|e|b|r|e|n|d|e|r|,102210fe594ee9b33d82058545b1ed14f4c8206e,PerceptualSpeedIndex,twitter,True,twitter PerceptualSpeedIndex opt bytecode-cached cold fission webrender,,77,ms,firefox,,1707094432,2023-06-06 12:33:25,702.5,b97c8d97b6469becb2138e0a621833d27aee5863,1252485,,,,,,,,,,,,,,,,,,,,,,,,,,,,,,,,,,,,,,,,,,,,,,,,,,,,,,,,,,,,,TN,TN
autoland,4405952,13,ad8d5d1385265583919f5a224e1153902b6eef60,macosx1015-64-shippable-qr,True,False,,|b|y|t|e|c|o|d|e|-|c|a|c|h|e|d| |c|o|l|d| |f|i|s|s|i|o|n| |w|e|b|r|e|n|d|e|r|,102210fe594ee9b33d82058545b1ed14f4c8206e,PerceptualSpeedIndex,twitter,True,twitter PerceptualSpeedIndex opt bytecode-cached cold fission webrender,,77,ms,firefox,,1707095696,2023-06-06 12:36:53,741.1,d132c75f9ca2cdd84287910ccd9100989085f9e8,1252489,,,,,,,,,,,,,,,,,,,,,,,,,,,,,,,,,,,,,,,,,,,,,,,,,,,,,,,,,,,,,TN,TN
autoland,4405952,13,ad8d5d1385265583919f5a224e1153902b6eef60,macosx1015-64-shippable-qr,True,False,,|b|y|t|e|c|o|d|e|-|c|a|c|h|e|d| |c|o|l|d| |f|i|s|s|i|o|n| |w|e|b|r|e|n|d|e|r|,102210fe594ee9b33d82058545b1ed14f4c8206e,PerceptualSpeedIndex,twitter,True,twitter PerceptualSpeedIndex opt bytecode-cached cold fission webrender,,77,ms,firefox,,1706718811,2023-06-06 15:07:26,691.4,51ecbed77cf45640a921f61934b70efadfb58982,1252589,,,,,,,,,,,,,,,,,,,,,,,,,,,,,,,,,,,,,,,,,,,,,,,,,,,,,,,,,,,,,TN,TN
autoland,4405952,13,ad8d5d1385265583919f5a224e1153902b6eef60,macosx1015-64-shippable-qr,True,False,,|b|y|t|e|c|o|d|e|-|c|a|c|h|e|d| |c|o|l|d| |f|i|s|s|i|o|n| |w|e|b|r|e|n|d|e|r|,102210fe594ee9b33d82058545b1ed14f4c8206e,PerceptualSpeedIndex,twitter,True,twitter PerceptualSpeedIndex opt bytecode-cached cold fission webrender,,77,ms,firefox,,1706881354,2023-06-06 19:22:50,739.7,3e7d709ab2a3a86ff58f4406faa05e738ca49ec9,1252721,,,,,,,,,,,,,,,,,,,,,,,,,,,,,,,,,,,,,,,,,,,,,,,,,,,,,,,,,,,,,TN,TN
autoland,4405952,13,ad8d5d1385265583919f5a224e1153902b6eef60,macosx1015-64-shippable-qr,True,False,,|b|y|t|e|c|o|d|e|-|c|a|c|h|e|d| |c|o|l|d| |f|i|s|s|i|o|n| |w|e|b|r|e|n|d|e|r|,102210fe594ee9b33d82058545b1ed14f4c8206e,PerceptualSpeedIndex,twitter,True,twitter PerceptualSpeedIndex opt bytecode-cached cold fission webrender,,77,ms,firefox,,1706905830,2023-06-06 19:49:29,763.2,9a56830b39f8d6802cef3772f81535d5f7bd475c,1252741,,,,,,,,,,,,,,,,,,,,,,,,,,,,,,,,,,,,,,,,,,,,,,,,,,,,,,,,,,,,,TN,TN
autoland,4405952,13,ad8d5d1385265583919f5a224e1153902b6eef60,macosx1015-64-shippable-qr,True,False,,|b|y|t|e|c|o|d|e|-|c|a|c|h|e|d| |c|o|l|d| |f|i|s|s|i|o|n| |w|e|b|r|e|n|d|e|r|,102210fe594ee9b33d82058545b1ed14f4c8206e,PerceptualSpeedIndex,twitter,True,twitter PerceptualSpeedIndex opt bytecode-cached cold fission webrender,,77,ms,firefox,,1706978837,2023-06-06 22:47:19,719.2,3a8e0dd854b5d9349d96a17de81427442d412db9,1252831,,,,,,,,,,,,,,,,,,,,,,,,,,,,,,,,,,,,,,,,,,,,,,,,,,,,,,,,,,,,,TN,TN
autoland,4405952,13,ad8d5d1385265583919f5a224e1153902b6eef60,macosx1015-64-shippable-qr,True,False,,|b|y|t|e|c|o|d|e|-|c|a|c|h|e|d| |c|o|l|d| |f|i|s|s|i|o|n| |w|e|b|r|e|n|d|e|r|,102210fe594ee9b33d82058545b1ed14f4c8206e,PerceptualSpeedIndex,twitter,True,twitter PerceptualSpeedIndex opt bytecode-cached cold fission webrender,,77,ms,firefox,,1707074725,2023-06-07 02:52:45,750.9,714383968fdbbcb6ef5ff4fc599e11ae386d09ce,1252906,,,,,,,,,,,,,,,,,,,,,,,,,,,,,,,,,,,,,,,,,,,,,,,,,,,,,,,,,,,,,TN,TN
autoland,4405952,13,ad8d5d1385265583919f5a224e1153902b6eef60,macosx1015-64-shippable-qr,True,False,,|b|y|t|e|c|o|d|e|-|c|a|c|h|e|d| |c|o|l|d| |f|i|s|s|i|o|n| |w|e|b|r|e|n|d|e|r|,102210fe594ee9b33d82058545b1ed14f4c8206e,PerceptualSpeedIndex,twitter,True,twitter PerceptualSpeedIndex opt bytecode-cached cold fission webrender,,77,ms,firefox,,1707202952,2023-06-07 06:55:53,722.4,29928f29c7a08d81bf5a480f4678c4c90b0abc68,1252967,,,,,,,,,,,,,,,,,,,,,,,,,,,,,,,,,,,,,,,,,,,,,,,,,,,,,,,,,,,,,TN,TN
autoland,4405952,13,ad8d5d1385265583919f5a224e1153902b6eef60,macosx1015-64-shippable-qr,True,False,,|b|y|t|e|c|o|d|e|-|c|a|c|h|e|d| |c|o|l|d| |f|i|s|s|i|o|n| |w|e|b|r|e|n|d|e|r|,102210fe594ee9b33d82058545b1ed14f4c8206e,PerceptualSpeedIndex,twitter,True,twitter PerceptualSpeedIndex opt bytecode-cached cold fission webrender,,77,ms,firefox,,1707827890,2023-06-07 08:38:12,727.4,17472385b962b35b99a2c97f0c9b3f70604fab8a,1253010,,,,,,,,,,,,,,,,,,,,,,,,,,,,,,,,,,,,,,,,,,,,,,,,,,,,,,,,,,,,,TN,TN
autoland,4405952,13,ad8d5d1385265583919f5a224e1153902b6eef60,macosx1015-64-shippable-qr,True,False,,|b|y|t|e|c|o|d|e|-|c|a|c|h|e|d| |c|o|l|d| |f|i|s|s|i|o|n| |w|e|b|r|e|n|d|e|r|,102210fe594ee9b33d82058545b1ed14f4c8206e,PerceptualSpeedIndex,twitter,True,twitter PerceptualSpeedIndex opt bytecode-cached cold fission webrender,,77,ms,firefox,,1707846081,2023-06-07 08:45:52,706.0,5ee71fd842f2101b638b15488f8e630293dacd51,1253014,,,,,,,,,,,,,,,,,,,,,,,,,,,,,,,,,,,,,,,,,,,,,,,,,,,,,,,,,,,,,TN,TN
autoland,4405952,13,ad8d5d1385265583919f5a224e1153902b6eef60,macosx1015-64-shippable-qr,True,False,,|b|y|t|e|c|o|d|e|-|c|a|c|h|e|d| |c|o|l|d| |f|i|s|s|i|o|n| |w|e|b|r|e|n|d|e|r|,102210fe594ee9b33d82058545b1ed14f4c8206e,PerceptualSpeedIndex,twitter,True,twitter PerceptualSpeedIndex opt bytecode-cached cold fission webrender,,77,ms,firefox,,1707322919,2023-06-07 11:44:03,673.2,5c2039dcc9e34d981b3343ed3819d1f65ef07909,1253076,,,,,,,,,,,,,,,,,,,,,,,,,,,,,,,,,,,,,,,,,,,,,,,,,,,,,,,,,,,,,TN,TN
autoland,4405952,13,ad8d5d1385265583919f5a224e1153902b6eef60,macosx1015-64-shippable-qr,True,False,,|b|y|t|e|c|o|d|e|-|c|a|c|h|e|d| |c|o|l|d| |f|i|s|s|i|o|n| |w|e|b|r|e|n|d|e|r|,102210fe594ee9b33d82058545b1ed14f4c8206e,PerceptualSpeedIndex,twitter,True,twitter PerceptualSpeedIndex opt bytecode-cached cold fission webrender,,77,ms,firefox,,1707358092,2023-06-07 13:36:12,786.9,ed7804ffc016687db27f68ab46e27c0ffefda3af,1253119,,,,,,,,,,,,,,,,,,,,,,,,,,,,,,,,,,,,,,,,,,,,,,,,,,,,,,,,,,,,,TN,TN
autoland,4405952,13,ad8d5d1385265583919f5a224e1153902b6eef60,macosx1015-64-shippable-qr,True,False,,|b|y|t|e|c|o|d|e|-|c|a|c|h|e|d| |c|o|l|d| |f|i|s|s|i|o|n| |w|e|b|r|e|n|d|e|r|,102210fe594ee9b33d82058545b1ed14f4c8206e,PerceptualSpeedIndex,twitter,True,twitter PerceptualSpeedIndex opt bytecode-cached cold fission webrender,,77,ms,firefox,,1707452774,2023-06-07 16:40:09,690.5,1e9ddd307894fd2055ca49dcaa461478d0acea9e,1253256,,,,,,,,,,,,,,,,,,,,,,,,,,,,,,,,,,,,,,,,,,,,,,,,,,,,,,,,,,,,,TN,TN
autoland,4405952,13,ad8d5d1385265583919f5a224e1153902b6eef60,macosx1015-64-shippable-qr,True,False,,|b|y|t|e|c|o|d|e|-|c|a|c|h|e|d| |c|o|l|d| |f|i|s|s|i|o|n| |w|e|b|r|e|n|d|e|r|,102210fe594ee9b33d82058545b1ed14f4c8206e,PerceptualSpeedIndex,twitter,True,twitter PerceptualSpeedIndex opt bytecode-cached cold fission webrender,,77,ms,firefox,,1707664499,2023-06-07 20:51:47,750.2,d777b008615418be897668f8099b9e68f6666a3c,1253401,,,,,,,,,,,,,,,,,,,,,,,,,,,,,,,,,,,,,,,,,,,,,,,,,,,,,,,,,,,,,TN,TN
autoland,4405952,13,ad8d5d1385265583919f5a224e1153902b6eef60,macosx1015-64-shippable-qr,True,False,,|b|y|t|e|c|o|d|e|-|c|a|c|h|e|d| |c|o|l|d| |f|i|s|s|i|o|n| |w|e|b|r|e|n|d|e|r|,102210fe594ee9b33d82058545b1ed14f4c8206e,PerceptualSpeedIndex,twitter,True,twitter PerceptualSpeedIndex opt bytecode-cached cold fission webrender,,77,ms,firefox,,1707693769,2023-06-07 22:54:42,783.6,c18688c9011d0dc50b79d2f830dbf323c8c75604,1253472,,,,,,,,,,,,,,,,,,,,,,,,,,,,,,,,,,,,,,,,,,,,,,,,,,,,,,,,,,,,,TN,TN
autoland,4405952,13,ad8d5d1385265583919f5a224e1153902b6eef60,macosx1015-64-shippable-qr,True,False,,|b|y|t|e|c|o|d|e|-|c|a|c|h|e|d| |c|o|l|d| |f|i|s|s|i|o|n| |w|e|b|r|e|n|d|e|r|,102210fe594ee9b33d82058545b1ed14f4c8206e,PerceptualSpeedIndex,twitter,True,twitter PerceptualSpeedIndex opt bytecode-cached cold fission webrender,,77,ms,firefox,,1707771287,2023-06-08 03:47:09,715.6,2b2fb0c1bd13f27bbd5094192791600a5e261c4b,1253596,,,,,,,,,,,,,,,,,,,,,,,,,,,,,,,,,,,,,,,,,,,,,,,,,,,,,,,,,,,,,TN,TN
autoland,4405952,13,ad8d5d1385265583919f5a224e1153902b6eef60,macosx1015-64-shippable-qr,True,False,,|b|y|t|e|c|o|d|e|-|c|a|c|h|e|d| |c|o|l|d| |f|i|s|s|i|o|n| |w|e|b|r|e|n|d|e|r|,102210fe594ee9b33d82058545b1ed14f4c8206e,PerceptualSpeedIndex,twitter,True,twitter PerceptualSpeedIndex opt bytecode-cached cold fission webrender,,77,ms,firefox,,1707856002,2023-06-08 06:27:32,693.7,d588d40904f7880592d27c083cb64d31864340cb,1253626,,,,,,,,,,,,,,,,,,,,,,,,,,,,,,,,,,,,,,,,,,,,,,,,,,,,,,,,,,,,,TN,TN
autoland,4405952,13,ad8d5d1385265583919f5a224e1153902b6eef60,macosx1015-64-shippable-qr,True,False,,|b|y|t|e|c|o|d|e|-|c|a|c|h|e|d| |c|o|l|d| |f|i|s|s|i|o|n| |w|e|b|r|e|n|d|e|r|,102210fe594ee9b33d82058545b1ed14f4c8206e,PerceptualSpeedIndex,twitter,True,twitter PerceptualSpeedIndex opt bytecode-cached cold fission webrender,,77,ms,firefox,,1707990931,2023-06-08 10:57:22,711.3,a86d5a3f177d480362c07a9ed34166ae41840ab6,1253788,,,,,,,,,,,,,,,,,,,,,,,,,,,,,,,,,,,,,,,,,,,,,,,,,,,,,,,,,,,,,TN,TN
autoland,4405952,13,ad8d5d1385265583919f5a224e1153902b6eef60,macosx1015-64-shippable-qr,True,False,,|b|y|t|e|c|o|d|e|-|c|a|c|h|e|d| |c|o|l|d| |f|i|s|s|i|o|n| |w|e|b|r|e|n|d|e|r|,102210fe594ee9b33d82058545b1ed14f4c8206e,PerceptualSpeedIndex,twitter,True,twitter PerceptualSpeedIndex opt bytecode-cached cold fission webrender,,77,ms,firefox,,1708368277,2023-06-08 21:44:04,690.6,c7b3905a77fb83c75344dddb5646c5c7f5d16714,1254265,,,,,,,,,,,,,,,,,,,,,,,,,,,,,,,,,,,,,,,,,,,,,,,,,,,,,,,,,,,,,TN,TN
autoland,4405952,13,ad8d5d1385265583919f5a224e1153902b6eef60,macosx1015-64-shippable-qr,True,False,,|b|y|t|e|c|o|d|e|-|c|a|c|h|e|d| |c|o|l|d| |f|i|s|s|i|o|n| |w|e|b|r|e|n|d|e|r|,102210fe594ee9b33d82058545b1ed14f4c8206e,PerceptualSpeedIndex,twitter,True,twitter PerceptualSpeedIndex opt bytecode-cached cold fission webrender,,77,ms,firefox,,1708429003,2023-06-09 02:20:20,861.7,d18ffb52540958c2b12d76b4a392e12df3bc4280,1254350,,,,,,,,,,,,,,,,,,,,,,,,,,,,,,,,,,,,,,,,,,,,,,,,,,,,,,,,,,,,,TN,TN
autoland,4405952,13,ad8d5d1385265583919f5a224e1153902b6eef60,macosx1015-64-shippable-qr,True,False,,|b|y|t|e|c|o|d|e|-|c|a|c|h|e|d| |c|o|l|d| |f|i|s|s|i|o|n| |w|e|b|r|e|n|d|e|r|,102210fe594ee9b33d82058545b1ed14f4c8206e,PerceptualSpeedIndex,twitter,True,twitter PerceptualSpeedIndex opt bytecode-cached cold fission webrender,,77,ms,firefox,,1708501804,2023-06-09 06:38:52,658.0,e76a7e9393add417bcf6a33d7e0c71909cc3c6d9,1254404,,,,,,,,,,,,,,,,,,,,,,,,,,,,,,,,,,,,,,,,,,,,,,,,,,,,,,,,,,,,,TN,TN
autoland,4405952,13,ad8d5d1385265583919f5a224e1153902b6eef60,macosx1015-64-shippable-qr,True,False,,|b|y|t|e|c|o|d|e|-|c|a|c|h|e|d| |c|o|l|d| |f|i|s|s|i|o|n| |w|e|b|r|e|n|d|e|r|,102210fe594ee9b33d82058545b1ed14f4c8206e,PerceptualSpeedIndex,twitter,True,twitter PerceptualSpeedIndex opt bytecode-cached cold fission webrender,,77,ms,firefox,,1708541434,2023-06-09 08:40:41,708.9,6453bd709950f540a9b961069fe05277eec38c4e,1254469,,,,,,,,,,,,,,,,,,,,,,,,,,,,,,,,,,,,,,,,,,,,,,,,,,,,,,,,,,,,,TN,TN
autoland,4405952,13,ad8d5d1385265583919f5a224e1153902b6eef60,macosx1015-64-shippable-qr,True,False,,|b|y|t|e|c|o|d|e|-|c|a|c|h|e|d| |c|o|l|d| |f|i|s|s|i|o|n| |w|e|b|r|e|n|d|e|r|,102210fe594ee9b33d82058545b1ed14f4c8206e,PerceptualSpeedIndex,twitter,True,twitter PerceptualSpeedIndex opt bytecode-cached cold fission webrender,,77,ms,firefox,,1708705358,2023-06-09 13:23:42,718.6,7467d3da5f29eddf7cf135a00cef8cf87b5c6911,1254611,,,,,,,,,,,,,,,,,,,,,,,,,,,,,,,,,,,,,,,,,,,,,,,,,,,,,,,,,,,,,TN,TN
autoland,4405952,13,ad8d5d1385265583919f5a224e1153902b6eef60,macosx1015-64-shippable-qr,True,False,,|b|y|t|e|c|o|d|e|-|c|a|c|h|e|d| |c|o|l|d| |f|i|s|s|i|o|n| |w|e|b|r|e|n|d|e|r|,102210fe594ee9b33d82058545b1ed14f4c8206e,PerceptualSpeedIndex,twitter,True,twitter PerceptualSpeedIndex opt bytecode-cached cold fission webrender,,77,ms,firefox,,1708872338,2023-06-09 18:12:56,675.8,439e88bdf46b8545bcf3fbf4d1cac9bf084df91d,1254830,,,,,,,,,,,,,,,,,,,,,,,,,,,,,,,,,,,,,,,,,,,,,,,,,,,,,,,,,,,,,TN,TN
autoland,4405952,13,ad8d5d1385265583919f5a224e1153902b6eef60,macosx1015-64-shippable-qr,True,False,,|b|y|t|e|c|o|d|e|-|c|a|c|h|e|d| |c|o|l|d| |f|i|s|s|i|o|n| |w|e|b|r|e|n|d|e|r|,102210fe594ee9b33d82058545b1ed14f4c8206e,PerceptualSpeedIndex,twitter,True,twitter PerceptualSpeedIndex opt bytecode-cached cold fission webrender,,77,ms,firefox,,1708912496,2023-06-09 19:52:31,705.9,14c10deaa83992232930103150b2cb2351a623a5,1254912,,,,,,,,,,,,,,,,,,,,,,,,,,,,,,,,,,,,,,,,,,,,,,,,,,,,,,,,,,,,,TN,TN
autoland,4405952,13,ad8d5d1385265583919f5a224e1153902b6eef60,macosx1015-64-shippable-qr,True,False,,|b|y|t|e|c|o|d|e|-|c|a|c|h|e|d| |c|o|l|d| |f|i|s|s|i|o|n| |w|e|b|r|e|n|d|e|r|,102210fe594ee9b33d82058545b1ed14f4c8206e,PerceptualSpeedIndex,twitter,True,twitter PerceptualSpeedIndex opt bytecode-cached cold fission webrender,,77,ms,firefox,,1709015684,2023-06-10 01:55:58,684.1,463e881a627c52313496a136abc6c038a4b92af6,1255101,,,,,,,,,,,,,,,,,,,,,,,,,,,,,,,,,,,,,,,,,,,,,,,,,,,,,,,,,,,,,TN,TN
autoland,4405952,13,ad8d5d1385265583919f5a224e1153902b6eef60,macosx1015-64-shippable-qr,True,False,,|b|y|t|e|c|o|d|e|-|c|a|c|h|e|d| |c|o|l|d| |f|i|s|s|i|o|n| |w|e|b|r|e|n|d|e|r|,102210fe594ee9b33d82058545b1ed14f4c8206e,PerceptualSpeedIndex,twitter,True,twitter PerceptualSpeedIndex opt bytecode-cached cold fission webrender,,77,ms,firefox,,1709149214,2023-06-10 13:36:02,750.3,9c9d29101b3d0533b84b4e75dc06e89fcad3d31a,1255207,,,,,,,,,,,,,,,,,,,,,,,,,,,,,,,,,,,,,,,,,,,,,,,,,,,,,,,,,,,,,TN,TN
autoland,4405952,13,ad8d5d1385265583919f5a224e1153902b6eef60,macosx1015-64-shippable-qr,True,False,,|b|y|t|e|c|o|d|e|-|c|a|c|h|e|d| |c|o|l|d| |f|i|s|s|i|o|n| |w|e|b|r|e|n|d|e|r|,102210fe594ee9b33d82058545b1ed14f4c8206e,PerceptualSpeedIndex,twitter,True,twitter PerceptualSpeedIndex opt bytecode-cached cold fission webrender,,77,ms,firefox,,1709232161,2023-06-10 18:37:05,707.9,879c6932bb49782e5edfdbe48e93d997a2646d84,1255264,,,,,,,,,,,,,,,,,,,,,,,,,,,,,,,,,,,,,,,,,,,,,,,,,,,,,,,,,,,,,TN,TN
autoland,4405952,13,ad8d5d1385265583919f5a224e1153902b6eef60,macosx1015-64-shippable-qr,True,False,,|b|y|t|e|c|o|d|e|-|c|a|c|h|e|d| |c|o|l|d| |f|i|s|s|i|o|n| |w|e|b|r|e|n|d|e|r|,102210fe594ee9b33d82058545b1ed14f4c8206e,PerceptualSpeedIndex,twitter,True,twitter PerceptualSpeedIndex opt bytecode-cached cold fission webrender,,77,ms,firefox,,1709266546,2023-06-10 20:39:30,674.5,711b87deb431206775bf67c5b0d04ace33eb3660,1255276,,,,,,,,,,,,,,,,,,,,,,,,,,,,,,,,,,,,,,,,,,,,,,,,,,,,,,,,,,,,,TN,TN
autoland,4405952,13,ad8d5d1385265583919f5a224e1153902b6eef60,macosx1015-64-shippable-qr,True,False,,|b|y|t|e|c|o|d|e|-|c|a|c|h|e|d| |c|o|l|d| |f|i|s|s|i|o|n| |w|e|b|r|e|n|d|e|r|,102210fe594ee9b33d82058545b1ed14f4c8206e,PerceptualSpeedIndex,twitter,True,twitter PerceptualSpeedIndex opt bytecode-cached cold fission webrender,,77,ms,firefox,,1709471205,2023-06-11 14:35:35,722.8,3904ff924b73ed2df5a530453ab025bb1c2fdf90,1255360,,,,,,,,,,,,,,,,,,,,,,,,,,,,,,,,,,,,,,,,,,,,,,,,,,,,,,,,,,,,,TN,TN
autoland,4405952,13,ad8d5d1385265583919f5a224e1153902b6eef60,macosx1015-64-shippable-qr,True,False,,|b|y|t|e|c|o|d|e|-|c|a|c|h|e|d| |c|o|l|d| |f|i|s|s|i|o|n| |w|e|b|r|e|n|d|e|r|,102210fe594ee9b33d82058545b1ed14f4c8206e,PerceptualSpeedIndex,twitter,True,twitter PerceptualSpeedIndex opt bytecode-cached cold fission webrender,,77,ms,firefox,,1709525834,2023-06-11 19:10:58,718.3,af0665af954105365927736b6a65c4d28533bc4d,1255387,,,,,,,,,,,,,,,,,,,,,,,,,,,,,,,,,,,,,,,,,,,,,,,,,,,,,,,,,,,,,TN,TN
autoland,4405952,13,ad8d5d1385265583919f5a224e1153902b6eef60,macosx1015-64-shippable-qr,True,False,,|b|y|t|e|c|o|d|e|-|c|a|c|h|e|d| |c|o|l|d| |f|i|s|s|i|o|n| |w|e|b|r|e|n|d|e|r|,102210fe594ee9b33d82058545b1ed14f4c8206e,PerceptualSpeedIndex,twitter,True,twitter PerceptualSpeedIndex opt bytecode-cached cold fission webrender,,77,ms,firefox,,1709600616,2023-06-12 00:14:44,682.1,c73c9ac3fe19822fcf08c5bd0bc112056008b4da,1255422,,,,,,,,,,,,,,,,,,,,,,,,,,,,,,,,,,,,,,,,,,,,,,,,,,,,,,,,,,,,,TN,TN
autoland,4405952,13,ad8d5d1385265583919f5a224e1153902b6eef60,macosx1015-64-shippable-qr,True,False,,|b|y|t|e|c|o|d|e|-|c|a|c|h|e|d| |c|o|l|d| |f|i|s|s|i|o|n| |w|e|b|r|e|n|d|e|r|,102210fe594ee9b33d82058545b1ed14f4c8206e,PerceptualSpeedIndex,twitter,True,twitter PerceptualSpeedIndex opt bytecode-cached cold fission webrender,,77,ms,firefox,,1709652968,2023-06-12 04:46:29,728.0,25564434f810ceea8a17b730bd5498b0ca9856c4,1255461,,,,,,,,,,,,,,,,,,,,,,,,,,,,,,,,,,,,,,,,,,,,,,,,,,,,,,,,,,,,,TN,TN
autoland,4405952,13,ad8d5d1385265583919f5a224e1153902b6eef60,macosx1015-64-shippable-qr,True,False,,|b|y|t|e|c|o|d|e|-|c|a|c|h|e|d| |c|o|l|d| |f|i|s|s|i|o|n| |w|e|b|r|e|n|d|e|r|,102210fe594ee9b33d82058545b1ed14f4c8206e,PerceptualSpeedIndex,twitter,True,twitter PerceptualSpeedIndex opt bytecode-cached cold fission webrender,,77,ms,firefox,,1709765770,2023-06-12 09:00:15,659.1,6c51face7335165a532e8f6b035a975ced1be55c,1255535,,,,,,,,,,,,,,,,,,,,,,,,,,,,,,,,,,,,,,,,,,,,,,,,,,,,,,,,,,,,,TN,TN
autoland,4405952,13,ad8d5d1385265583919f5a224e1153902b6eef60,macosx1015-64-shippable-qr,True,False,,|b|y|t|e|c|o|d|e|-|c|a|c|h|e|d| |c|o|l|d| |f|i|s|s|i|o|n| |w|e|b|r|e|n|d|e|r|,102210fe594ee9b33d82058545b1ed14f4c8206e,PerceptualSpeedIndex,twitter,True,twitter PerceptualSpeedIndex opt bytecode-cached cold fission webrender,,77,ms,firefox,,1709838649,2023-06-12 09:27:15,668.6,1dc3aecfed3a924c48ee323c36ee1e783f836dd7,1255558,,,,,,,,,,,,,,,,,,,,,,,,,,,,,,,,,,,,,,,,,,,,,,,,,,,,,,,,,,,,,TN,TN
autoland,4405952,13,ad8d5d1385265583919f5a224e1153902b6eef60,macosx1015-64-shippable-qr,True,False,,|b|y|t|e|c|o|d|e|-|c|a|c|h|e|d| |c|o|l|d| |f|i|s|s|i|o|n| |w|e|b|r|e|n|d|e|r|,102210fe594ee9b33d82058545b1ed14f4c8206e,PerceptualSpeedIndex,twitter,True,twitter PerceptualSpeedIndex opt bytecode-cached cold fission webrender,,77,ms,firefox,,1709987865,2023-06-12 14:14:19,727.0,ee618a493ff9c25c0ecb9dc6087a6179874541da,1255741,,,,,,,,,,,,,,,,,,,,,,,,,,,,,,,,,,,,,,,,,,,,,,,,,,,,,,,,,,,,,TN,TN
autoland,4405952,13,ad8d5d1385265583919f5a224e1153902b6eef60,macosx1015-64-shippable-qr,True,False,,|b|y|t|e|c|o|d|e|-|c|a|c|h|e|d| |c|o|l|d| |f|i|s|s|i|o|n| |w|e|b|r|e|n|d|e|r|,102210fe594ee9b33d82058545b1ed14f4c8206e,PerceptualSpeedIndex,twitter,True,twitter PerceptualSpeedIndex opt bytecode-cached cold fission webrender,,77,ms,firefox,,1710106061,2023-06-12 17:28:50,700.7,53b4b785ae2a7f70257069e77b138fe36b53698a,1255840,,,,,,,,,,,,,,,,,,,,,,,,,,,,,,,,,,,,,,,,,,,,,,,,,,,,,,,,,,,,,TN,TN
autoland,4405952,13,ad8d5d1385265583919f5a224e1153902b6eef60,macosx1015-64-shippable-qr,True,False,,|b|y|t|e|c|o|d|e|-|c|a|c|h|e|d| |c|o|l|d| |f|i|s|s|i|o|n| |w|e|b|r|e|n|d|e|r|,102210fe594ee9b33d82058545b1ed14f4c8206e,PerceptualSpeedIndex,twitter,True,twitter PerceptualSpeedIndex opt bytecode-cached cold fission webrender,,77,ms,firefox,,1710206753,2023-06-12 21:22:21,660.3,eff1078e2398a9021cd61a20eff8062a582128e2,1256012,,,,,,,,,,,,,,,,,,,,,,,,,,,,,,,,,,,,,,,,,,,,,,,,,,,,,,,,,,,,,TN,TN
autoland,4405952,13,ad8d5d1385265583919f5a224e1153902b6eef60,macosx1015-64-shippable-qr,True,False,,|b|y|t|e|c|o|d|e|-|c|a|c|h|e|d| |c|o|l|d| |f|i|s|s|i|o|n| |w|e|b|r|e|n|d|e|r|,102210fe594ee9b33d82058545b1ed14f4c8206e,PerceptualSpeedIndex,twitter,True,twitter PerceptualSpeedIndex opt bytecode-cached cold fission webrender,,77,ms,firefox,,1710270208,2023-06-13 02:32:41,712.0,2bdaa9d6ac390362734ba199115ca10186243e87,1256169,,,,,,,,,,,,,,,,,,,,,,,,,,,,,,,,,,,,,,,,,,,,,,,,,,,,,,,,,,,,,TN,TN
autoland,4405952,13,ad8d5d1385265583919f5a224e1153902b6eef60,macosx1015-64-shippable-qr,True,False,,|b|y|t|e|c|o|d|e|-|c|a|c|h|e|d| |c|o|l|d| |f|i|s|s|i|o|n| |w|e|b|r|e|n|d|e|r|,102210fe594ee9b33d82058545b1ed14f4c8206e,PerceptualSpeedIndex,twitter,True,twitter PerceptualSpeedIndex opt bytecode-cached cold fission webrender,,77,ms,firefox,,1710359507,2023-06-13 05:20:45,654.9,1a37acad51201ba77a18b0951d3a93bc8c9eebf7,1256212,,,,,,,,,,,,,,,,,,,,,,,,,,,,,,,,,,,,,,,,,,,,,,,,,,,,,,,,,,,,,TN,TN
autoland,4405952,13,ad8d5d1385265583919f5a224e1153902b6eef60,macosx1015-64-shippable-qr,True,False,,|b|y|t|e|c|o|d|e|-|c|a|c|h|e|d| |c|o|l|d| |f|i|s|s|i|o|n| |w|e|b|r|e|n|d|e|r|,102210fe594ee9b33d82058545b1ed14f4c8206e,PerceptualSpeedIndex,twitter,True,twitter PerceptualSpeedIndex opt bytecode-cached cold fission webrender,,77,ms,firefox,,1710451602,2023-06-13 09:27:30,687.6,c7b5ae0c3e2d58a11af3dbe818dd67837d0ff44a,1256328,,,,,,,,,,,,,,,,,,,,,,,,,,,,,,,,,,,,,,,,,,,,,,,,,,,,,,,,,,,,,TN,TN
autoland,4405952,13,ad8d5d1385265583919f5a224e1153902b6eef60,macosx1015-64-shippable-qr,True,False,,|b|y|t|e|c|o|d|e|-|c|a|c|h|e|d| |c|o|l|d| |f|i|s|s|i|o|n| |w|e|b|r|e|n|d|e|r|,102210fe594ee9b33d82058545b1ed14f4c8206e,PerceptualSpeedIndex,twitter,True,twitter PerceptualSpeedIndex opt bytecode-cached cold fission webrender,,77,ms,firefox,,1710483119,2023-06-13 10:02:00,703.1,2b9574ef0cc196618dae379b79b53958470216b3,1256346,,,,,,,,,,,,,,,,,,,,,,,,,,,,,,,,,,,,,,,,,,,,,,,,,,,,,,,,,,,,,TN,TN
autoland,4405952,13,ad8d5d1385265583919f5a224e1153902b6eef60,macosx1015-64-shippable-qr,True,False,,|b|y|t|e|c|o|d|e|-|c|a|c|h|e|d| |c|o|l|d| |f|i|s|s|i|o|n| |w|e|b|r|e|n|d|e|r|,102210fe594ee9b33d82058545b1ed14f4c8206e,PerceptualSpeedIndex,twitter,True,twitter PerceptualSpeedIndex opt bytecode-cached cold fission webrender,,77,ms,firefox,,1710978398,2023-06-13 12:47:53,661.1,c664c5443475712b02f770a02883311bc7cc80c6,1256439,,,,,,,,,,,,,,,,,,,,,,,,,,,,,,,,,,,,,,,,,,,,,,,,,,,,,,,,,,,,,TN,TN
autoland,4405952,13,ad8d5d1385265583919f5a224e1153902b6eef60,macosx1015-64-shippable-qr,True,False,,|b|y|t|e|c|o|d|e|-|c|a|c|h|e|d| |c|o|l|d| |f|i|s|s|i|o|n| |w|e|b|r|e|n|d|e|r|,102210fe594ee9b33d82058545b1ed14f4c8206e,PerceptualSpeedIndex,twitter,True,twitter PerceptualSpeedIndex opt bytecode-cached cold fission webrender,,77,ms,firefox,,1710970966,2023-06-13 12:48:46,692.6,e0c5d4002c779b972605e257db6a710408da603d,1256441,,,,,,,,,,,,,,,,,,,,,,,,,,,,,,,,,,,,,,,,,,,,,,,,,,,,,,,,,,,,,TN,TN
autoland,4405952,13,ad8d5d1385265583919f5a224e1153902b6eef60,macosx1015-64-shippable-qr,True,False,,|b|y|t|e|c|o|d|e|-|c|a|c|h|e|d| |c|o|l|d| |f|i|s|s|i|o|n| |w|e|b|r|e|n|d|e|r|,102210fe594ee9b33d82058545b1ed14f4c8206e,PerceptualSpeedIndex,twitter,True,twitter PerceptualSpeedIndex opt bytecode-cached cold fission webrender,,77,ms,firefox,,1710552981,2023-06-13 13:01:33,656.1,8cd7aee6cae85ce9804794d4a45bc2f34aa04b66,1256450,,,,,,,,,,,,,,,,,,,,,,,,,,,,,,,,,,,,,,,,,,,,,,,,,,,,,,,,,,,,,TN,TN
autoland,4405952,13,ad8d5d1385265583919f5a224e1153902b6eef60,macosx1015-64-shippable-qr,True,False,,|b|y|t|e|c|o|d|e|-|c|a|c|h|e|d| |c|o|l|d| |f|i|s|s|i|o|n| |w|e|b|r|e|n|d|e|r|,102210fe594ee9b33d82058545b1ed14f4c8206e,PerceptualSpeedIndex,twitter,True,twitter PerceptualSpeedIndex opt bytecode-cached cold fission webrender,,77,ms,firefox,,1710668103,2023-06-13 16:01:20,714.8,93520e8ffd9617b46d026ea530fde0169def3a80,1256570,,,,,,,,,,,,,,,,,,,,,,,,,,,,,,,,,,,,,,,,,,,,,,,,,,,,,,,,,,,,,TN,TN
autoland,4405952,13,ad8d5d1385265583919f5a224e1153902b6eef60,macosx1015-64-shippable-qr,True,False,,|b|y|t|e|c|o|d|e|-|c|a|c|h|e|d| |c|o|l|d| |f|i|s|s|i|o|n| |w|e|b|r|e|n|d|e|r|,102210fe594ee9b33d82058545b1ed14f4c8206e,PerceptualSpeedIndex,twitter,True,twitter PerceptualSpeedIndex opt bytecode-cached cold fission webrender,,77,ms,firefox,,1710962256,2023-06-13 17:10:55,656.6,4bc380c5e43a824ca233967781ba2e23cd65ffb3,1256622,,,,,,,,,,,,,,,,,,,,,,,,,,,,,,,,,,,,,,,,,,,,,,,,,,,,,,,,,,,,,TN,TN
autoland,4405952,13,ad8d5d1385265583919f5a224e1153902b6eef60,macosx1015-64-shippable-qr,True,False,,|b|y|t|e|c|o|d|e|-|c|a|c|h|e|d| |c|o|l|d| |f|i|s|s|i|o|n| |w|e|b|r|e|n|d|e|r|,102210fe594ee9b33d82058545b1ed14f4c8206e,PerceptualSpeedIndex,twitter,True,twitter PerceptualSpeedIndex opt bytecode-cached cold fission webrender,,77,ms,firefox,,1710946387,2023-06-13 17:25:10,695.4,1f345f63ab5a041a7f2c636003fc9201016e7051,1256628,,,,,,,,,,,,,,,,,,,,,,,,,,,,,,,,,,,,,,,,,,,,,,,,,,,,,,,,,,,,,TN,TN
autoland,4405952,13,ad8d5d1385265583919f5a224e1153902b6eef60,macosx1015-64-shippable-qr,True,False,,|b|y|t|e|c|o|d|e|-|c|a|c|h|e|d| |c|o|l|d| |f|i|s|s|i|o|n| |w|e|b|r|e|n|d|e|r|,102210fe594ee9b33d82058545b1ed14f4c8206e,PerceptualSpeedIndex,twitter,True,twitter PerceptualSpeedIndex opt bytecode-cached cold fission webrender,,77,ms,firefox,,1710760422,2023-06-13 18:36:15,683.5,2d8fa86b279358b19ca794787248a9600c86ef5a,1256676,,,,,,,,,,,,,,,,,,,,,,,,,,,,,,,,,,,,,,,,,,,,,,,,,,,,,,,,,,,,,TN,TN
autoland,4405952,13,ad8d5d1385265583919f5a224e1153902b6eef60,macosx1015-64-shippable-qr,True,False,,|b|y|t|e|c|o|d|e|-|c|a|c|h|e|d| |c|o|l|d| |f|i|s|s|i|o|n| |w|e|b|r|e|n|d|e|r|,102210fe594ee9b33d82058545b1ed14f4c8206e,PerceptualSpeedIndex,twitter,True,twitter PerceptualSpeedIndex opt bytecode-cached cold fission webrender,,77,ms,firefox,,1710851393,2023-06-13 22:49:33,658.7,0e2078b102ffd940ea83c3a5a8b1a176bdd3a8fb,1256827,,,,,,,,,,,,,,,,,,,,,,,,,,,,,,,,,,,,,,,,,,,,,,,,,,,,,,,,,,,,,TN,TN
autoland,4405952,13,ad8d5d1385265583919f5a224e1153902b6eef60,macosx1015-64-shippable-qr,True,False,,|b|y|t|e|c|o|d|e|-|c|a|c|h|e|d| |c|o|l|d| |f|i|s|s|i|o|n| |w|e|b|r|e|n|d|e|r|,102210fe594ee9b33d82058545b1ed14f4c8206e,PerceptualSpeedIndex,twitter,True,twitter PerceptualSpeedIndex opt bytecode-cached cold fission webrender,,77,ms,firefox,,1710872793,2023-06-14 00:25:00,686.2,4c6c30b03e25cbd9d4dfc96f082e8cf241f51109,1256858,,,,,,,,,,,,,,,,,,,,,,,,,,,,,,,,,,,,,,,,,,,,,,,,,,,,,,,,,,,,,TN,TN
autoland,4405952,13,ad8d5d1385265583919f5a224e1153902b6eef60,macosx1015-64-shippable-qr,True,False,,|b|y|t|e|c|o|d|e|-|c|a|c|h|e|d| |c|o|l|d| |f|i|s|s|i|o|n| |w|e|b|r|e|n|d|e|r|,102210fe594ee9b33d82058545b1ed14f4c8206e,PerceptualSpeedIndex,twitter,True,twitter PerceptualSpeedIndex opt bytecode-cached cold fission webrender,,77,ms,firefox,,1710976315,2023-06-14 05:14:15,686.7,b9e3497b939c3bdfee632c7297184b79cfeec9cc,1256948,,,,,,,,,,,,,,,,,,,,,,,,,,,,,,,,,,,,,,,,,,,,,,,,,,,,,,,,,,,,,TN,TN
autoland,4405952,13,ad8d5d1385265583919f5a224e1153902b6eef60,macosx1015-64-shippable-qr,True,False,,|b|y|t|e|c|o|d|e|-|c|a|c|h|e|d| |c|o|l|d| |f|i|s|s|i|o|n| |w|e|b|r|e|n|d|e|r|,102210fe594ee9b33d82058545b1ed14f4c8206e,PerceptualSpeedIndex,twitter,True,twitter PerceptualSpeedIndex opt bytecode-cached cold fission webrender,,77,ms,firefox,,1711080584,2023-06-14 11:48:24,774.8,c6fa16c28b26a19d81b8853153057f32cec6f2fd,1257091,,,,,,,,,,,,,,,,,,,,,,,,,,,,,,,,,,,,,,,,,,,,,,,,,,,,,,,,,,,,,TN,TN
autoland,4405952,13,ad8d5d1385265583919f5a224e1153902b6eef60,macosx1015-64-shippable-qr,True,False,,|b|y|t|e|c|o|d|e|-|c|a|c|h|e|d| |c|o|l|d| |f|i|s|s|i|o|n| |w|e|b|r|e|n|d|e|r|,102210fe594ee9b33d82058545b1ed14f4c8206e,PerceptualSpeedIndex,twitter,True,twitter PerceptualSpeedIndex opt bytecode-cached cold fission webrender,,77,ms,firefox,,1711151222,2023-06-14 13:20:02,758.1,928a5d849e038bf4277f06519f8f7ab3c94cc7ff,1257127,,,,,,,,,,,,,,,,,,,,,,,,,,,,,,,,,,,,,,,,,,,,,,,,,,,,,,,,,,,,,TN,TN
autoland,4405952,13,ad8d5d1385265583919f5a224e1153902b6eef60,macosx1015-64-shippable-qr,True,False,,|b|y|t|e|c|o|d|e|-|c|a|c|h|e|d| |c|o|l|d| |f|i|s|s|i|o|n| |w|e|b|r|e|n|d|e|r|,102210fe594ee9b33d82058545b1ed14f4c8206e,PerceptualSpeedIndex,twitter,True,twitter PerceptualSpeedIndex opt bytecode-cached cold fission webrender,,77,ms,firefox,,1711719828,2023-06-14 13:53:45,734.7,029016670d4aed9df8e1718a7ab5d9d7ec471a98,1257145,,,,,,,,,,,,,,,,,,,,,,,,,,,,,,,,,,,,,,,,,,,,,,,,,,,,,,,,,,,,,TN,TN
autoland,4405952,13,ad8d5d1385265583919f5a224e1153902b6eef60,macosx1015-64-shippable-qr,True,False,,|b|y|t|e|c|o|d|e|-|c|a|c|h|e|d| |c|o|l|d| |f|i|s|s|i|o|n| |w|e|b|r|e|n|d|e|r|,102210fe594ee9b33d82058545b1ed14f4c8206e,PerceptualSpeedIndex,twitter,True,twitter PerceptualSpeedIndex opt bytecode-cached cold fission webrender,,77,ms,firefox,,1711715189,2023-06-14 14:11:42,744.7,0accfdd3671420ce9a3da67370e1cb587c9a4161,1257150,,,,,,,,,,,,,,,,,,,,,,,,,,,,,,,,,,,,,,,,,,,,,,,,,,,,,,,,,,,,,TN,TN
autoland,4405952,13,ad8d5d1385265583919f5a224e1153902b6eef60,macosx1015-64-shippable-qr,True,False,,|b|y|t|e|c|o|d|e|-|c|a|c|h|e|d| |c|o|l|d| |f|i|s|s|i|o|n| |w|e|b|r|e|n|d|e|r|,102210fe594ee9b33d82058545b1ed14f4c8206e,PerceptualSpeedIndex,twitter,True,twitter PerceptualSpeedIndex opt bytecode-cached cold fission webrender,,77,ms,firefox,,1711438547,2023-06-14 17:41:50,687.4,933dd3c3e1c8beb677df8e4d51b1e99b41599f65,1257281,,,,,,,,,,,,,,,,,,,,,,,,,,,,,,,,,,,,,,,,,,,,,,,,,,,,,,,,,,,,,TN,TN
autoland,4405952,13,ad8d5d1385265583919f5a224e1153902b6eef60,macosx1015-64-shippable-qr,True,False,,|b|y|t|e|c|o|d|e|-|c|a|c|h|e|d| |c|o|l|d| |f|i|s|s|i|o|n| |w|e|b|r|e|n|d|e|r|,102210fe594ee9b33d82058545b1ed14f4c8206e,PerceptualSpeedIndex,twitter,True,twitter PerceptualSpeedIndex opt bytecode-cached cold fission webrender,,77,ms,firefox,,1711478145,2023-06-14 18:25:51,719.3,d730841eed9459e5541190a9525313fb1ff98e75,1257330,,,,,,,,,,,,,,,,,,,,,,,,,,,,,,,,,,,,,,,,,,,,,,,,,,,,,,,,,,,,,TN,TN
autoland,4405952,13,ad8d5d1385265583919f5a224e1153902b6eef60,macosx1015-64-shippable-qr,True,False,,|b|y|t|e|c|o|d|e|-|c|a|c|h|e|d| |c|o|l|d| |f|i|s|s|i|o|n| |w|e|b|r|e|n|d|e|r|,102210fe594ee9b33d82058545b1ed14f4c8206e,PerceptualSpeedIndex,twitter,True,twitter PerceptualSpeedIndex opt bytecode-cached cold fission webrender,,77,ms,firefox,,1711704348,2023-06-14 18:37:02,755.3,9d6b12a756cbe33157704576e141c57a2d6e2bf5,1257344,,,,,,,,,,,,,,,,,,,,,,,,,,,,,,,,,,,,,,,,,,,,,,,,,,,,,,,,,,,,,TN,TN
autoland,4405952,13,ad8d5d1385265583919f5a224e1153902b6eef60,macosx1015-64-shippable-qr,True,False,,|b|y|t|e|c|o|d|e|-|c|a|c|h|e|d| |c|o|l|d| |f|i|s|s|i|o|n| |w|e|b|r|e|n|d|e|r|,102210fe594ee9b33d82058545b1ed14f4c8206e,PerceptualSpeedIndex,twitter,True,twitter PerceptualSpeedIndex opt bytecode-cached cold fission webrender,,77,ms,firefox,,1711723753,2023-06-14 18:39:05,747.4,3e7bf8f8a9a8ecebd1c1bd851e35577660e48a97,1257346,,,,,,,,,,,,,,,,,,,,,,,,,,,,,,,,,,,,,,,,,,,,,,,,,,,,,,,,,,,,,TN,TN
autoland,4405952,13,ad8d5d1385265583919f5a224e1153902b6eef60,macosx1015-64-shippable-qr,True,False,,|b|y|t|e|c|o|d|e|-|c|a|c|h|e|d| |c|o|l|d| |f|i|s|s|i|o|n| |w|e|b|r|e|n|d|e|r|,102210fe594ee9b33d82058545b1ed14f4c8206e,PerceptualSpeedIndex,twitter,True,twitter PerceptualSpeedIndex opt bytecode-cached cold fission webrender,,77,ms,firefox,,1711529539,2023-06-14 20:09:05,801.7,ff79aa6f7ba8605e7ea59acddd521284f75136e4,1257422,,,,,,,,,,,,,,,,,,,,,,,,,,,,,,,,,,,,,,,,,,,,,,,,,,,,,,,,,,,,,TN,TN
autoland,4405952,13,ad8d5d1385265583919f5a224e1153902b6eef60,macosx1015-64-shippable-qr,True,False,,|b|y|t|e|c|o|d|e|-|c|a|c|h|e|d| |c|o|l|d| |f|i|s|s|i|o|n| |w|e|b|r|e|n|d|e|r|,102210fe594ee9b33d82058545b1ed14f4c8206e,PerceptualSpeedIndex,twitter,True,twitter PerceptualSpeedIndex opt bytecode-cached cold fission webrender,,77,ms,firefox,,1711572667,2023-06-14 21:46:45,657.3,4b1c6fc1fc0f3e664d546c4bf5c24f0c157bc2c5,1257512,,,,,,,,,,,,,,,,,,,,,,,,,,,,,,,,,,,,,,,,,,,,,,,,,,,,,,,,,,,,,TN,TN
autoland,4405952,13,ad8d5d1385265583919f5a224e1153902b6eef60,macosx1015-64-shippable-qr,True,False,,|b|y|t|e|c|o|d|e|-|c|a|c|h|e|d| |c|o|l|d| |f|i|s|s|i|o|n| |w|e|b|r|e|n|d|e|r|,102210fe594ee9b33d82058545b1ed14f4c8206e,PerceptualSpeedIndex,twitter,True,twitter PerceptualSpeedIndex opt bytecode-cached cold fission webrender,,77,ms,firefox,,1711638957,2023-06-15 01:50:09,678.5,53e8e97bbe4e0c8fc4deff56e5b8d03391c0c023,1257663,,,,,,,,,,,,,,,,,,,,,,,,,,,,,,,,,,,,,,,,,,,,,,,,,,,,,,,,,,,,,TN,TN
autoland,4405952,13,ad8d5d1385265583919f5a224e1153902b6eef60,macosx1015-64-shippable-qr,True,False,,|b|y|t|e|c|o|d|e|-|c|a|c|h|e|d| |c|o|l|d| |f|i|s|s|i|o|n| |w|e|b|r|e|n|d|e|r|,102210fe594ee9b33d82058545b1ed14f4c8206e,PerceptualSpeedIndex,twitter,True,twitter PerceptualSpeedIndex opt bytecode-cached cold fission webrender,,77,ms,firefox,,1711663521,2023-06-15 02:43:47,747.7,abf8f424d2d09f957d7ecd02af086a9b7adde3f8,1257688,,,,,,,,,,,,,,,,,,,,,,,,,,,,,,,,,,,,,,,,,,,,,,,,,,,,,,,,,,,,,TN,TN
autoland,4405952,13,ad8d5d1385265583919f5a224e1153902b6eef60,macosx1015-64-shippable-qr,True,False,,|b|y|t|e|c|o|d|e|-|c|a|c|h|e|d| |c|o|l|d| |f|i|s|s|i|o|n| |w|e|b|r|e|n|d|e|r|,102210fe594ee9b33d82058545b1ed14f4c8206e,PerceptualSpeedIndex,twitter,True,twitter PerceptualSpeedIndex opt bytecode-cached cold fission webrender,,77,ms,firefox,,1711776998,2023-06-15 06:54:30,687.0,900ba46a6df5d5b6dde0d5de391246157de49c8a,1257783,,,,,,,,,,,,,,,,,,,,,,,,,,,,,,,,,,,,,,,,,,,,,,,,,,,,,,,,,,,,,TN,TN
autoland,4405952,13,ad8d5d1385265583919f5a224e1153902b6eef60,macosx1015-64-shippable-qr,True,False,,|b|y|t|e|c|o|d|e|-|c|a|c|h|e|d| |c|o|l|d| |f|i|s|s|i|o|n| |w|e|b|r|e|n|d|e|r|,102210fe594ee9b33d82058545b1ed14f4c8206e,PerceptualSpeedIndex,twitter,True,twitter PerceptualSpeedIndex opt bytecode-cached cold fission webrender,,77,ms,firefox,,1712385124,2023-06-15 08:32:55,793.1,6b660d3dd7840217e973e778bcb419a11c7a22b4,1257839,,,,,,,,,,,,,,,,,,,,,,,,,,,,,,,,,,,,,,,,,,,,,,,,,,,,,,,,,,,,,TN,TN
autoland,4405952,13,ad8d5d1385265583919f5a224e1153902b6eef60,macosx1015-64-shippable-qr,True,False,,|b|y|t|e|c|o|d|e|-|c|a|c|h|e|d| |c|o|l|d| |f|i|s|s|i|o|n| |w|e|b|r|e|n|d|e|r|,102210fe594ee9b33d82058545b1ed14f4c8206e,PerceptualSpeedIndex,twitter,True,twitter PerceptualSpeedIndex opt bytecode-cached cold fission webrender,,77,ms,firefox,,1712396790,2023-06-15 08:36:57,786.2,6c42ef642d0b0708e9a2fa2638b6670e90ef2b3b,1257841,,,,,,,,,,,,,,,,,,,,,,,,,,,,,,,,,,,,,,,,,,,,,,,,,,,,,,,,,,,,,TN,TN
autoland,4405952,13,ad8d5d1385265583919f5a224e1153902b6eef60,macosx1015-64-shippable-qr,True,False,,|b|y|t|e|c|o|d|e|-|c|a|c|h|e|d| |c|o|l|d| |f|i|s|s|i|o|n| |w|e|b|r|e|n|d|e|r|,102210fe594ee9b33d82058545b1ed14f4c8206e,PerceptualSpeedIndex,twitter,True,twitter PerceptualSpeedIndex opt bytecode-cached cold fission webrender,,77,ms,firefox,,1711846847,2023-06-15 10:33:37,715.4,86864bda9b5f7077819eb76b661bcefb89fd19fa,1257909,,,,,,,,,,,,,,,,,,,,,,,,,,,,,,,,,,,,,,,,,,,,,,,,,,,,,,,,,,,,,TN,TN
autoland,4405952,13,ad8d5d1385265583919f5a224e1153902b6eef60,macosx1015-64-shippable-qr,True,False,,|b|y|t|e|c|o|d|e|-|c|a|c|h|e|d| |c|o|l|d| |f|i|s|s|i|o|n| |w|e|b|r|e|n|d|e|r|,102210fe594ee9b33d82058545b1ed14f4c8206e,PerceptualSpeedIndex,twitter,True,twitter PerceptualSpeedIndex opt bytecode-cached cold fission webrender,,77,ms,firefox,,1712105258,2023-06-15 14:40:40,742.9,02d601db620c1b64867202e025ce19938938a04f,1258053,,,,,,,,,,,,,,,,,,,,,,,,,,,,,,,,,,,,,,,,,,,,,,,,,,,,,,,,,,,,,TN,TN
autoland,4405952,13,ad8d5d1385265583919f5a224e1153902b6eef60,macosx1015-64-shippable-qr,True,False,,|b|y|t|e|c|o|d|e|-|c|a|c|h|e|d| |c|o|l|d| |f|i|s|s|i|o|n| |w|e|b|r|e|n|d|e|r|,102210fe594ee9b33d82058545b1ed14f4c8206e,PerceptualSpeedIndex,twitter,True,twitter PerceptualSpeedIndex opt bytecode-cached cold fission webrender,,77,ms,firefox,,1712120795,2023-06-15 14:52:05,680.3,c71789b596556b921a7d6ce12b4102f252631c4b,1258066,,,,,,,,,,,,,,,,,,,,,,,,,,,,,,,,,,,,,,,,,,,,,,,,,,,,,,,,,,,,,TN,TN
autoland,4405952,13,ad8d5d1385265583919f5a224e1153902b6eef60,macosx1015-64-shippable-qr,True,False,,|b|y|t|e|c|o|d|e|-|c|a|c|h|e|d| |c|o|l|d| |f|i|s|s|i|o|n| |w|e|b|r|e|n|d|e|r|,102210fe594ee9b33d82058545b1ed14f4c8206e,PerceptualSpeedIndex,twitter,True,twitter PerceptualSpeedIndex opt bytecode-cached cold fission webrender,,77,ms,firefox,,1712399522,2023-06-15 15:04:41,777.7,fcc729658406fdb39ee043ecc43584d2f6a0389d,1258080,,,,,,,,,,,,,,,,,,,,,,,,,,,,,,,,,,,,,,,,,,,,,,,,,,,,,,,,,,,,,TN,TN
autoland,4405952,13,ad8d5d1385265583919f5a224e1153902b6eef60,macosx1015-64-shippable-qr,True,False,,|b|y|t|e|c|o|d|e|-|c|a|c|h|e|d| |c|o|l|d| |f|i|s|s|i|o|n| |w|e|b|r|e|n|d|e|r|,102210fe594ee9b33d82058545b1ed14f4c8206e,PerceptualSpeedIndex,twitter,True,twitter PerceptualSpeedIndex opt bytecode-cached cold fission webrender,,77,ms,firefox,,1712392608,2023-06-15 15:12:55,795.4,c882e1bf805b7149ed08a3dc0ebf5c5d2e35f114,1258088,,,,,,,,,,,,,,,,,,,,,,,,,,,,,,,,,,,,,,,,,,,,,,,,,,,,,,,,,,,,,TN,TN
autoland,4405952,13,ad8d5d1385265583919f5a224e1153902b6eef60,macosx1015-64-shippable-qr,True,False,,|b|y|t|e|c|o|d|e|-|c|a|c|h|e|d| |c|o|l|d| |f|i|s|s|i|o|n| |w|e|b|r|e|n|d|e|r|,102210fe594ee9b33d82058545b1ed14f4c8206e,PerceptualSpeedIndex,twitter,True,twitter PerceptualSpeedIndex opt bytecode-cached cold fission webrender,,77,ms,firefox,,1712153178,2023-06-15 17:49:05,888.6,91738dd5bb441001f7837d0cae71c0be46925602,1258216,,,,,,,,,,,,,,,,,,,,,,,,,,,,,,,,,,,,,,,,,,,,,,,,,,,,,,,,,,,,,TN,TN
autoland,4405952,13,ad8d5d1385265583919f5a224e1153902b6eef60,macosx1015-64-shippable-qr,True,False,,|b|y|t|e|c|o|d|e|-|c|a|c|h|e|d| |c|o|l|d| |f|i|s|s|i|o|n| |w|e|b|r|e|n|d|e|r|,102210fe594ee9b33d82058545b1ed14f4c8206e,PerceptualSpeedIndex,twitter,True,twitter PerceptualSpeedIndex opt bytecode-cached cold fission webrender,,77,ms,firefox,,1712222715,2023-06-15 20:51:19,861.9,ba00fe639072b671be556332e4628092d64d31df,1258374,,,,,,,,,,,,,,,,,,,,,,,,,,,,,,,,,,,,,,,,,,,,,,,,,,,,,,,,,,,,,TN,TN
autoland,4405952,13,ad8d5d1385265583919f5a224e1153902b6eef60,macosx1015-64-shippable-qr,True,False,,|b|y|t|e|c|o|d|e|-|c|a|c|h|e|d| |c|o|l|d| |f|i|s|s|i|o|n| |w|e|b|r|e|n|d|e|r|,102210fe594ee9b33d82058545b1ed14f4c8206e,PerceptualSpeedIndex,twitter,True,twitter PerceptualSpeedIndex opt bytecode-cached cold fission webrender,,77,ms,firefox,,1712313264,2023-06-16 01:17:42,676.5,6bc2d3f9b1aaecde92c9388f00f3d564d136d00a,1258594,,,,,,,,,,,,,,,,,,,,,,,,,,,,,,,,,,,,,,,,,,,,,,,,,,,,,,,,,,,,,TN,TN
autoland,4405952,13,ad8d5d1385265583919f5a224e1153902b6eef60,macosx1015-64-shippable-qr,True,False,,|b|y|t|e|c|o|d|e|-|c|a|c|h|e|d| |c|o|l|d| |f|i|s|s|i|o|n| |w|e|b|r|e|n|d|e|r|,102210fe594ee9b33d82058545b1ed14f4c8206e,PerceptualSpeedIndex,twitter,True,twitter PerceptualSpeedIndex opt bytecode-cached cold fission webrender,,77,ms,firefox,,1712414676,2023-06-16 06:01:05,734.5,6a640a4dd3245b82ce97d863bf842b0cd4089ce5,1258674,,,,,,,,,,,,,,,,,,,,,,,,,,,,,,,,,,,,,,,,,,,,,,,,,,,,,,,,,,,,,TN,TN
autoland,4405952,13,ad8d5d1385265583919f5a224e1153902b6eef60,macosx1015-64-shippable-qr,True,False,,|b|y|t|e|c|o|d|e|-|c|a|c|h|e|d| |c|o|l|d| |f|i|s|s|i|o|n| |w|e|b|r|e|n|d|e|r|,102210fe594ee9b33d82058545b1ed14f4c8206e,PerceptualSpeedIndex,twitter,True,twitter PerceptualSpeedIndex opt bytecode-cached cold fission webrender,,77,ms,firefox,,1712482429,2023-06-16 08:20:05,713.4,34ee66e105968b161583947185cad1fcebdc6641,1258718,,,,,,,,,,,,,,,,,,,,,,,,,,,,,,,,,,,,,,,,,,,,,,,,,,,,,,,,,,,,,TN,TN
autoland,4405952,13,ad8d5d1385265583919f5a224e1153902b6eef60,macosx1015-64-shippable-qr,True,False,,|b|y|t|e|c|o|d|e|-|c|a|c|h|e|d| |c|o|l|d| |f|i|s|s|i|o|n| |w|e|b|r|e|n|d|e|r|,102210fe594ee9b33d82058545b1ed14f4c8206e,PerceptualSpeedIndex,twitter,True,twitter PerceptualSpeedIndex opt bytecode-cached cold fission webrender,,77,ms,firefox,,1712655029,2023-06-16 12:30:26,680.7,439d02859a2ebe8406cb74f8d6c7b148011d1658,1258826,,,,,,,,,,,,,,,,,,,,,,,,,,,,,,,,,,,,,,,,,,,,,,,,,,,,,,,,,,,,,TN,TN
autoland,4405952,13,ad8d5d1385265583919f5a224e1153902b6eef60,macosx1015-64-shippable-qr,True,False,,|b|y|t|e|c|o|d|e|-|c|a|c|h|e|d| |c|o|l|d| |f|i|s|s|i|o|n| |w|e|b|r|e|n|d|e|r|,102210fe594ee9b33d82058545b1ed14f4c8206e,PerceptualSpeedIndex,twitter,True,twitter PerceptualSpeedIndex opt bytecode-cached cold fission webrender,,77,ms,firefox,,1712758035,2023-06-16 14:03:27,807.1,1d8c3788eb6fa2e81d627829a32004244d0271df,1258891,,,,,,,,,,,,,,,,,,,,,,,,,,,,,,,,,,,,,,,,,,,,,,,,,,,,,,,,,,,,,TN,TN
autoland,4405952,13,ad8d5d1385265583919f5a224e1153902b6eef60,macosx1015-64-shippable-qr,True,False,,|b|y|t|e|c|o|d|e|-|c|a|c|h|e|d| |c|o|l|d| |f|i|s|s|i|o|n| |w|e|b|r|e|n|d|e|r|,102210fe594ee9b33d82058545b1ed14f4c8206e,PerceptualSpeedIndex,twitter,True,twitter PerceptualSpeedIndex opt bytecode-cached cold fission webrender,,77,ms,firefox,,1712911833,2023-06-16 16:55:49,857.0,e59de52b8ebea2db606a46a888a941400375fe0f,1259018,,,,,,,,,,,,,,,,,,,,,,,,,,,,,,,,,,,,,,,,,,,,,,,,,,,,,,,,,,,,,TN,TN
autoland,4405952,13,ad8d5d1385265583919f5a224e1153902b6eef60,macosx1015-64-shippable-qr,True,False,,|b|y|t|e|c|o|d|e|-|c|a|c|h|e|d| |c|o|l|d| |f|i|s|s|i|o|n| |w|e|b|r|e|n|d|e|r|,102210fe594ee9b33d82058545b1ed14f4c8206e,PerceptualSpeedIndex,twitter,True,twitter PerceptualSpeedIndex opt bytecode-cached cold fission webrender,,77,ms,firefox,,1712954305,2023-06-16 19:50:08,665.1,789349491e2fe15a39f350fe470db7d696989434,1259157,,,,,,,,,,,,,,,,,,,,,,,,,,,,,,,,,,,,,,,,,,,,,,,,,,,,,,,,,,,,,TN,TN
autoland,4405952,13,ad8d5d1385265583919f5a224e1153902b6eef60,macosx1015-64-shippable-qr,True,False,,|b|y|t|e|c|o|d|e|-|c|a|c|h|e|d| |c|o|l|d| |f|i|s|s|i|o|n| |w|e|b|r|e|n|d|e|r|,102210fe594ee9b33d82058545b1ed14f4c8206e,PerceptualSpeedIndex,twitter,True,twitter PerceptualSpeedIndex opt bytecode-cached cold fission webrender,,77,ms,firefox,,1713055231,2023-06-17 00:30:00,716.9,901b7ccc8be5e49a1b9736555af9653d46de349e,1259314,,,,,,,,,,,,,,,,,,,,,,,,,,,,,,,,,,,,,,,,,,,,,,,,,,,,,,,,,,,,,TN,TN
autoland,4405952,13,ad8d5d1385265583919f5a224e1153902b6eef60,macosx1015-64-shippable-qr,True,False,,|b|y|t|e|c|o|d|e|-|c|a|c|h|e|d| |c|o|l|d| |f|i|s|s|i|o|n| |w|e|b|r|e|n|d|e|r|,102210fe594ee9b33d82058545b1ed14f4c8206e,PerceptualSpeedIndex,twitter,True,twitter PerceptualSpeedIndex opt bytecode-cached cold fission webrender,,77,ms,firefox,,1713217865,2023-06-17 15:38:59,689.6,e0262ee6a9a7a642c11266a1e9cfa4bc3fbd4b3b,1259384,,,,,,,,,,,,,,,,,,,,,,,,,,,,,,,,,,,,,,,,,,,,,,,,,,,,,,,,,,,,,TN,TN
autoland,4405952,13,ad8d5d1385265583919f5a224e1153902b6eef60,macosx1015-64-shippable-qr,True,False,,|b|y|t|e|c|o|d|e|-|c|a|c|h|e|d| |c|o|l|d| |f|i|s|s|i|o|n| |w|e|b|r|e|n|d|e|r|,102210fe594ee9b33d82058545b1ed14f4c8206e,PerceptualSpeedIndex,twitter,True,twitter PerceptualSpeedIndex opt bytecode-cached cold fission webrender,,77,ms,firefox,,1713335286,2023-06-17 23:38:11,722.7,72d2cda2651d8fe01c8649f60e0620bc794a87fe,1259423,,,,,,,,,,,,,,,,,,,,,,,,,,,,,,,,,,,,,,,,,,,,,,,,,,,,,,,,,,,,,TN,TN
autoland,4405952,13,ad8d5d1385265583919f5a224e1153902b6eef60,macosx1015-64-shippable-qr,True,False,,|b|y|t|e|c|o|d|e|-|c|a|c|h|e|d| |c|o|l|d| |f|i|s|s|i|o|n| |w|e|b|r|e|n|d|e|r|,102210fe594ee9b33d82058545b1ed14f4c8206e,PerceptualSpeedIndex,twitter,True,twitter PerceptualSpeedIndex opt bytecode-cached cold fission webrender,,77,ms,firefox,,1713470755,2023-06-18 11:39:33,733.8,1634cff61cb0e270b9660ebdc234cfcf3fed2c68,1259465,,,,,,,,,,,,,,,,,,,,,,,,,,,,,,,,,,,,,,,,,,,,,,,,,,,,,,,,,,,,,TN,TN
autoland,4405952,13,ad8d5d1385265583919f5a224e1153902b6eef60,macosx1015-64-shippable-qr,True,False,,|b|y|t|e|c|o|d|e|-|c|a|c|h|e|d| |c|o|l|d| |f|i|s|s|i|o|n| |w|e|b|r|e|n|d|e|r|,102210fe594ee9b33d82058545b1ed14f4c8206e,PerceptualSpeedIndex,twitter,True,twitter PerceptualSpeedIndex opt bytecode-cached cold fission webrender,,77,ms,firefox,,1713699616,2023-06-19 00:32:35,766.1,1c059369d43547f90439b0a44cc76b54a0a3af97,1259516,,,,,,,,,,,,,,,,,,,,,,,,,,,,,,,,,,,,,,,,,,,,,,,,,,,,,,,,,,,,,TN,TN
autoland,4405952,13,ad8d5d1385265583919f5a224e1153902b6eef60,macosx1015-64-shippable-qr,True,False,,|b|y|t|e|c|o|d|e|-|c|a|c|h|e|d| |c|o|l|d| |f|i|s|s|i|o|n| |w|e|b|r|e|n|d|e|r|,102210fe594ee9b33d82058545b1ed14f4c8206e,PerceptualSpeedIndex,twitter,True,twitter PerceptualSpeedIndex opt bytecode-cached cold fission webrender,,77,ms,firefox,,1713770587,2023-06-19 05:49:35,687.8,a9e342522ebdb9602671208a06e988a285d3af18,1259544,,,,,,,,,,,,,,,,,,,,,,,,,,,,,,,,,,,,,,,,,,,,,,,,,,,,,,,,,,,,,TN,TN
autoland,4405952,13,ad8d5d1385265583919f5a224e1153902b6eef60,macosx1015-64-shippable-qr,True,False,,|b|y|t|e|c|o|d|e|-|c|a|c|h|e|d| |c|o|l|d| |f|i|s|s|i|o|n| |w|e|b|r|e|n|d|e|r|,102210fe594ee9b33d82058545b1ed14f4c8206e,PerceptualSpeedIndex,twitter,True,twitter PerceptualSpeedIndex opt bytecode-cached cold fission webrender,,77,ms,firefox,,1713899698,2023-06-19 09:32:15,722.4,0274a8c06c67e5ee1dccdb4e151ccf0ec70af43f,1259616,,,,,,,,,,,,,,,,,,,,,,,,,,,,,,,,,,,,,,,,,,,,,,,,,,,,,,,,,,,,,TN,TN
autoland,4405952,13,ad8d5d1385265583919f5a224e1153902b6eef60,macosx1015-64-shippable-qr,True,False,,|b|y|t|e|c|o|d|e|-|c|a|c|h|e|d| |c|o|l|d| |f|i|s|s|i|o|n| |w|e|b|r|e|n|d|e|r|,102210fe594ee9b33d82058545b1ed14f4c8206e,PerceptualSpeedIndex,twitter,True,twitter PerceptualSpeedIndex opt bytecode-cached cold fission webrender,,77,ms,firefox,,1714438326,2023-06-19 10:54:06,773.8,48e95e86f4c75db91d98b1e674c6fd254324b7a8,1259657,,,,,,,,,,,,,,,,,,,,,,,,,,,,,,,,,,,,,,,,,,,,,,,,,,,,,,,,,,,,,TN,TN
autoland,4405952,13,ad8d5d1385265583919f5a224e1153902b6eef60,macosx1015-64-shippable-qr,True,False,,|b|y|t|e|c|o|d|e|-|c|a|c|h|e|d| |c|o|l|d| |f|i|s|s|i|o|n| |w|e|b|r|e|n|d|e|r|,102210fe594ee9b33d82058545b1ed14f4c8206e,PerceptualSpeedIndex,twitter,True,twitter PerceptualSpeedIndex opt bytecode-cached cold fission webrender,,77,ms,firefox,,1714382823,2023-06-19 10:57:13,815.6,dcc8fc79cd80d8e3ace9dc6687916b9f166455be,1259660,,,,,,,,,,,,,,,,,,,,,,,,,,,,,,,,,,,,,,,,,,,,,,,,,,,,,,,,,,,,,TN,TN
autoland,4405952,13,ad8d5d1385265583919f5a224e1153902b6eef60,macosx1015-64-shippable-qr,True,False,,|b|y|t|e|c|o|d|e|-|c|a|c|h|e|d| |c|o|l|d| |f|i|s|s|i|o|n| |w|e|b|r|e|n|d|e|r|,102210fe594ee9b33d82058545b1ed14f4c8206e,PerceptualSpeedIndex,twitter,True,twitter PerceptualSpeedIndex opt bytecode-cached cold fission webrender,,77,ms,firefox,,1714387784,2023-06-19 10:58:05,754.6,bb1b615dd2ccf1843e88f66950b80af491bad37f,1259661,,,,,,,,,,,,,,,,,,,,,,,,,,,,,,,,,,,,,,,,,,,,,,,,,,,,,,,,,,,,,TN,TN
autoland,4405952,13,ad8d5d1385265583919f5a224e1153902b6eef60,macosx1015-64-shippable-qr,True,False,,|b|y|t|e|c|o|d|e|-|c|a|c|h|e|d| |c|o|l|d| |f|i|s|s|i|o|n| |w|e|b|r|e|n|d|e|r|,102210fe594ee9b33d82058545b1ed14f4c8206e,PerceptualSpeedIndex,twitter,True,twitter PerceptualSpeedIndex opt bytecode-cached cold fission webrender,,77,ms,firefox,,1714402419,2023-06-19 11:22:46,761.9,f8a8efb71935a31e7e12603b4edf86b90ef2cf4f,1259677,,,,,,,,,,,,,,,,,,,,,,,,,,,,,,,,,,,,,,,,,,,,,,,,,,,,,,,,,,,,,TN,TN
autoland,4405952,13,ad8d5d1385265583919f5a224e1153902b6eef60,macosx1015-64-shippable-qr,True,False,,|b|y|t|e|c|o|d|e|-|c|a|c|h|e|d| |c|o|l|d| |f|i|s|s|i|o|n| |w|e|b|r|e|n|d|e|r|,102210fe594ee9b33d82058545b1ed14f4c8206e,PerceptualSpeedIndex,twitter,True,twitter PerceptualSpeedIndex opt bytecode-cached cold fission webrender,,77,ms,firefox,,1714420151,2023-06-19 12:30:04,799.6,569ee35398db24e428d99ff22a6b9995a345395c,1259715,,,,,,,,,,,,,,,,,,,,,,,,,,,,,,,,,,,,,,,,,,,,,,,,,,,,,,,,,,,,,TN,TN
autoland,4405952,13,ad8d5d1385265583919f5a224e1153902b6eef60,macosx1015-64-shippable-qr,True,False,,|b|y|t|e|c|o|d|e|-|c|a|c|h|e|d| |c|o|l|d| |f|i|s|s|i|o|n| |w|e|b|r|e|n|d|e|r|,102210fe594ee9b33d82058545b1ed14f4c8206e,PerceptualSpeedIndex,twitter,True,twitter PerceptualSpeedIndex opt bytecode-cached cold fission webrender,,77,ms,firefox,,1714393231,2023-06-19 12:30:52,767.7,5f1f0f5559e239e38d683a443db7f8649327d102,1259716,,,,,,,,,,,,,,,,,,,,,,,,,,,,,,,,,,,,,,,,,,,,,,,,,,,,,,,,,,,,,TN,TN
autoland,4405952,13,ad8d5d1385265583919f5a224e1153902b6eef60,macosx1015-64-shippable-qr,True,False,,|b|y|t|e|c|o|d|e|-|c|a|c|h|e|d| |c|o|l|d| |f|i|s|s|i|o|n| |w|e|b|r|e|n|d|e|r|,102210fe594ee9b33d82058545b1ed14f4c8206e,PerceptualSpeedIndex,twitter,True,twitter PerceptualSpeedIndex opt bytecode-cached cold fission webrender,,77,ms,firefox,,1714006914,2023-06-19 13:01:53,725.4,89c8bf4e9209c0c4b1eb87efab68e96d6dbf8145,1259739,,,,,,,,,,,,,,,,,,,,,,,,,,,,,,,,,,,,,,,,,,,,,,,,,,,,,,,,,,,,,TN,TN
autoland,4405952,13,ad8d5d1385265583919f5a224e1153902b6eef60,macosx1015-64-shippable-qr,True,False,,|b|y|t|e|c|o|d|e|-|c|a|c|h|e|d| |c|o|l|d| |f|i|s|s|i|o|n| |w|e|b|r|e|n|d|e|r|,102210fe594ee9b33d82058545b1ed14f4c8206e,PerceptualSpeedIndex,twitter,True,twitter PerceptualSpeedIndex opt bytecode-cached cold fission webrender,,77,ms,firefox,,1714441042,2023-06-19 13:09:57,789.1,7d4649658fedcc49e21d5f950f279ff9e9e9e03f,1259747,,,,,,,,,,,,,,,,,,,,,,,,,,,,,,,,,,,,,,,,,,,,,,,,,,,,,,,,,,,,,TN,TN
autoland,4405952,13,ad8d5d1385265583919f5a224e1153902b6eef60,macosx1015-64-shippable-qr,True,False,,|b|y|t|e|c|o|d|e|-|c|a|c|h|e|d| |c|o|l|d| |f|i|s|s|i|o|n| |w|e|b|r|e|n|d|e|r|,102210fe594ee9b33d82058545b1ed14f4c8206e,PerceptualSpeedIndex,twitter,True,twitter PerceptualSpeedIndex opt bytecode-cached cold fission webrender,,77,ms,firefox,,1714409844,2023-06-19 13:22:58,773.5,ea38c77ffb12688592d8addb11d0b54e467e7547,1259760,,,,,,,,,,,,,,,,,,,,,,,,,,,,,,,,,,,,,,,,,,,,,,,,,,,,,,,,,,,,,TN,TN
autoland,4405952,13,ad8d5d1385265583919f5a224e1153902b6eef60,macosx1015-64-shippable-qr,True,False,,|b|y|t|e|c|o|d|e|-|c|a|c|h|e|d| |c|o|l|d| |f|i|s|s|i|o|n| |w|e|b|r|e|n|d|e|r|,102210fe594ee9b33d82058545b1ed14f4c8206e,PerceptualSpeedIndex,twitter,True,twitter PerceptualSpeedIndex opt bytecode-cached cold fission webrender,,77,ms,firefox,,1714066608,2023-06-19 16:21:16,707.4,9ecde3181716f5d8ad265d976575224cc04b2887,1259851,,,,,,,,,,,,,,,,,,,,,,,,,,,,,,,,,,,,,,,,,,,,,,,,,,,,,,,,,,,,,TN,TN
autoland,4405952,13,ad8d5d1385265583919f5a224e1153902b6eef60,macosx1015-64-shippable-qr,True,False,,|b|y|t|e|c|o|d|e|-|c|a|c|h|e|d| |c|o|l|d| |f|i|s|s|i|o|n| |w|e|b|r|e|n|d|e|r|,102210fe594ee9b33d82058545b1ed14f4c8206e,PerceptualSpeedIndex,twitter,True,twitter PerceptualSpeedIndex opt bytecode-cached cold fission webrender,,77,ms,firefox,,1714416380,2023-06-19 16:50:43,785.4,521a8641a60a464e937d010be64f785f88808019,1259866,,,,,,,,,,,,,,,,,,,,,,,,,,,,,,,,,,,,,,,,,,,,,,,,,,,,,,,,,,,,,TN,TN
autoland,4405952,13,ad8d5d1385265583919f5a224e1153902b6eef60,macosx1015-64-shippable-qr,True,False,,|b|y|t|e|c|o|d|e|-|c|a|c|h|e|d| |c|o|l|d| |f|i|s|s|i|o|n| |w|e|b|r|e|n|d|e|r|,102210fe594ee9b33d82058545b1ed14f4c8206e,PerceptualSpeedIndex,twitter,True,twitter PerceptualSpeedIndex opt bytecode-cached cold fission webrender,,77,ms,firefox,,1714368429,2023-06-19 16:52:27,770.9,58b351a155c80d33d20f09d5854fd88f2b967464,1259868,,,,,,,,,,,,,,,,,,,,,,,,,,,,,,,,,,,,,,,,,,,,,,,,,,,,,,,,,,,,,TN,TN
autoland,4405952,13,ad8d5d1385265583919f5a224e1153902b6eef60,macosx1015-64-shippable-qr,True,False,,|b|y|t|e|c|o|d|e|-|c|a|c|h|e|d| |c|o|l|d| |f|i|s|s|i|o|n| |w|e|b|r|e|n|d|e|r|,102210fe594ee9b33d82058545b1ed14f4c8206e,PerceptualSpeedIndex,twitter,True,twitter PerceptualSpeedIndex opt bytecode-cached cold fission webrender,,77,ms,firefox,,1714412975,2023-06-19 17:24:35,749.1,365aa505cf55da4d91335bc3d2d02e1be46eb4c4,1259880,,,,,,,,,,,,,,,,,,,,,,,,,,,,,,,,,,,,,,,,,,,,,,,,,,,,,,,,,,,,,TN,TN
autoland,4405952,13,ad8d5d1385265583919f5a224e1153902b6eef60,macosx1015-64-shippable-qr,True,False,,|b|y|t|e|c|o|d|e|-|c|a|c|h|e|d| |c|o|l|d| |f|i|s|s|i|o|n| |w|e|b|r|e|n|d|e|r|,102210fe594ee9b33d82058545b1ed14f4c8206e,PerceptualSpeedIndex,twitter,True,twitter PerceptualSpeedIndex opt bytecode-cached cold fission webrender,,77,ms,firefox,,1714425143,2023-06-19 17:28:51,778.9,f7f17f9392c5b051c786828c0a61160f0f066291,1259884,,,,,,,,,,,,,,,,,,,,,,,,,,,,,,,,,,,,,,,,,,,,,,,,,,,,,,,,,,,,,TN,TN
autoland,4405952,13,ad8d5d1385265583919f5a224e1153902b6eef60,macosx1015-64-shippable-qr,True,False,,|b|y|t|e|c|o|d|e|-|c|a|c|h|e|d| |c|o|l|d| |f|i|s|s|i|o|n| |w|e|b|r|e|n|d|e|r|,102210fe594ee9b33d82058545b1ed14f4c8206e,PerceptualSpeedIndex,twitter,True,twitter PerceptualSpeedIndex opt bytecode-cached cold fission webrender,,77,ms,firefox,,1714344724,2023-06-19 17:29:47,836.1,08f12e7fa5f04d9acf47a841046c192b3b6b9b71,1259885,,,,,,,,,,,,,,,,,,,,,,,,,,,,,,,,,,,,,,,,,,,,,,,,,,,,,,,,,,,,,TN,TN
autoland,4405952,13,ad8d5d1385265583919f5a224e1153902b6eef60,macosx1015-64-shippable-qr,True,False,,|b|y|t|e|c|o|d|e|-|c|a|c|h|e|d| |c|o|l|d| |f|i|s|s|i|o|n| |w|e|b|r|e|n|d|e|r|,102210fe594ee9b33d82058545b1ed14f4c8206e,PerceptualSpeedIndex,twitter,True,twitter PerceptualSpeedIndex opt bytecode-cached cold fission webrender,,77,ms,firefox,,1714401310,2023-06-19 17:46:12,770.5,b040fff76ed7ecee270c125c9c3229c5e9ee1ff0,1259890,,,,,,,,,,,,,,,,,,,,,,,,,,,,,,,,,,,,,,,,,,,,,,,,,,,,,,,,,,,,,TN,TN
autoland,4405952,13,ad8d5d1385265583919f5a224e1153902b6eef60,macosx1015-64-shippable-qr,True,False,,|b|y|t|e|c|o|d|e|-|c|a|c|h|e|d| |c|o|l|d| |f|i|s|s|i|o|n| |w|e|b|r|e|n|d|e|r|,102210fe594ee9b33d82058545b1ed14f4c8206e,PerceptualSpeedIndex,twitter,True,twitter PerceptualSpeedIndex opt bytecode-cached cold fission webrender,,77,ms,firefox,,1714381133,2023-06-19 18:37:51,797.7,5f266371028f0ed5fe633f259a012880a2a6df89,1259913,,,,,,,,,,,,,,,,,,,,,,,,,,,,,,,,,,,,,,,,,,,,,,,,,,,,,,,,,,,,,TN,TN
autoland,4405952,13,ad8d5d1385265583919f5a224e1153902b6eef60,macosx1015-64-shippable-qr,True,False,,|b|y|t|e|c|o|d|e|-|c|a|c|h|e|d| |c|o|l|d| |f|i|s|s|i|o|n| |w|e|b|r|e|n|d|e|r|,102210fe594ee9b33d82058545b1ed14f4c8206e,PerceptualSpeedIndex,twitter,True,twitter PerceptualSpeedIndex opt bytecode-cached cold fission webrender,,77,ms,firefox,,1714348034,2023-06-19 18:48:22,799.7,03a00f2c2bc451f4edbf350398a03d2342d68101,1259919,,,,,,,,,,,,,,,,,,,,,,,,,,,,,,,,,,,,,,,,,,,,,,,,,,,,,,,,,,,,,TN,TN
autoland,4405952,13,ad8d5d1385265583919f5a224e1153902b6eef60,macosx1015-64-shippable-qr,True,False,,|b|y|t|e|c|o|d|e|-|c|a|c|h|e|d| |c|o|l|d| |f|i|s|s|i|o|n| |w|e|b|r|e|n|d|e|r|,102210fe594ee9b33d82058545b1ed14f4c8206e,PerceptualSpeedIndex,twitter,True,twitter PerceptualSpeedIndex opt bytecode-cached cold fission webrender,,77,ms,firefox,,1714125660,2023-06-19 19:03:14,664.4,e06365982ef6b00590cb160ebe9f4978558d1052,1259928,,,,,,,,,,,,,,,,,,,,,,,,,,,,,,,,,,,,,,,,,,,,,,,,,,,,,,,,,,,,,TN,TN
autoland,4405952,13,ad8d5d1385265583919f5a224e1153902b6eef60,macosx1015-64-shippable-qr,True,False,,|b|y|t|e|c|o|d|e|-|c|a|c|h|e|d| |c|o|l|d| |f|i|s|s|i|o|n| |w|e|b|r|e|n|d|e|r|,102210fe594ee9b33d82058545b1ed14f4c8206e,PerceptualSpeedIndex,twitter,True,twitter PerceptualSpeedIndex opt bytecode-cached cold fission webrender,,77,ms,firefox,,1714212958,2023-06-19 23:03:46,782.9,edef1940a6bd4d95b235e43b1cada493f561f78a,1260042,,,,,,,,,,,,,,,,,,,,,,,,,,,,,,,,,,,,,,,,,,,,,,,,,,,,,,,,,,,,,TN,TN
autoland,4405952,13,ad8d5d1385265583919f5a224e1153902b6eef60,macosx1015-64-shippable-qr,True,False,,|b|y|t|e|c|o|d|e|-|c|a|c|h|e|d| |c|o|l|d| |f|i|s|s|i|o|n| |w|e|b|r|e|n|d|e|r|,102210fe594ee9b33d82058545b1ed14f4c8206e,PerceptualSpeedIndex,twitter,True,twitter PerceptualSpeedIndex opt bytecode-cached cold fission webrender,,77,ms,firefox,,1714377638,2023-06-20 04:00:20,804.0,a4b679a79f2fa00877013dfcc1a886078d728328,1260102,,,,,,,,,,,,,,,,,,,,,,,,,,,,,,,,,,,,,,,,,,,,,,,,,,,,,,,,,,,,,TN,TN
autoland,4405952,13,ad8d5d1385265583919f5a224e1153902b6eef60,macosx1015-64-shippable-qr,True,False,,|b|y|t|e|c|o|d|e|-|c|a|c|h|e|d| |c|o|l|d| |f|i|s|s|i|o|n| |w|e|b|r|e|n|d|e|r|,102210fe594ee9b33d82058545b1ed14f4c8206e,PerceptualSpeedIndex,twitter,True,twitter PerceptualSpeedIndex opt bytecode-cached cold fission webrender,,77,ms,firefox,,1714433569,2023-06-20 05:17:25,819.6,ce5a84713c8b968709940f18f143d251da4fcb83,1260124,,,,,,,,,,,,,,,,,,,,,,,,,,,,,,,,,,,,,,,,,,,,,,,,,,,,,,,,,,,,,TN,TN
autoland,4405952,13,ad8d5d1385265583919f5a224e1153902b6eef60,macosx1015-64-shippable-qr,True,False,,|b|y|t|e|c|o|d|e|-|c|a|c|h|e|d| |c|o|l|d| |f|i|s|s|i|o|n| |w|e|b|r|e|n|d|e|r|,102210fe594ee9b33d82058545b1ed14f4c8206e,PerceptualSpeedIndex,twitter,True,twitter PerceptualSpeedIndex opt bytecode-cached cold fission webrender,,77,ms,firefox,,1714511548,2023-06-20 09:18:46,732.1,caf02cdd31992e89c9bd81c5ec4d391070651f3a,1260213,,,,,,,,,,,,,,,,,,,,,,,,,,,,,,,,,,,,,,,,,,,,,,,,,,,,,,,,,,,,,TN,TN
autoland,4405952,13,ad8d5d1385265583919f5a224e1153902b6eef60,macosx1015-64-shippable-qr,True,False,,|b|y|t|e|c|o|d|e|-|c|a|c|h|e|d| |c|o|l|d| |f|i|s|s|i|o|n| |w|e|b|r|e|n|d|e|r|,102210fe594ee9b33d82058545b1ed14f4c8206e,PerceptualSpeedIndex,twitter,True,twitter PerceptualSpeedIndex opt bytecode-cached cold fission webrender,,77,ms,firefox,,1714720349,2023-06-20 12:29:52,695.0,5ade2b37847325019878bde832493c342759d7eb,1260284,,,,,,,,,,,,,,,,,,,,,,,,,,,,,,,,,,,,,,,,,,,,,,,,,,,,,,,,,,,,,TN,TN
autoland,4405952,13,ad8d5d1385265583919f5a224e1153902b6eef60,macosx1015-64-shippable-qr,True,False,,|b|y|t|e|c|o|d|e|-|c|a|c|h|e|d| |c|o|l|d| |f|i|s|s|i|o|n| |w|e|b|r|e|n|d|e|r|,102210fe594ee9b33d82058545b1ed14f4c8206e,PerceptualSpeedIndex,twitter,True,twitter PerceptualSpeedIndex opt bytecode-cached cold fission webrender,,77,ms,firefox,,1715374123,2023-06-20 13:16:23,766.9,2a357dfcda5c76e2730168adf7715a8b0fe64909,1260318,,,,,,,,,,,,,,,,,,,,,,,,,,,,,,,,,,,,,,,,,,,,,,,,,,,,,,,,,,,,,TN,TN
autoland,4405952,13,ad8d5d1385265583919f5a224e1153902b6eef60,macosx1015-64-shippable-qr,True,False,,|b|y|t|e|c|o|d|e|-|c|a|c|h|e|d| |c|o|l|d| |f|i|s|s|i|o|n| |w|e|b|r|e|n|d|e|r|,102210fe594ee9b33d82058545b1ed14f4c8206e,PerceptualSpeedIndex,twitter,True,twitter PerceptualSpeedIndex opt bytecode-cached cold fission webrender,,77,ms,firefox,,1715398235,2023-06-20 13:20:46,721.3,45dc6efe7f01341ff7dbed8e768ddd2f1c6c20c5,1260323,,,,,,,,,,,,,,,,,,,,,,,,,,,,,,,,,,,,,,,,,,,,,,,,,,,,,,,,,,,,,TN,TN
autoland,4405952,13,ad8d5d1385265583919f5a224e1153902b6eef60,macosx1015-64-shippable-qr,True,False,,|b|y|t|e|c|o|d|e|-|c|a|c|h|e|d| |c|o|l|d| |f|i|s|s|i|o|n| |w|e|b|r|e|n|d|e|r|,102210fe594ee9b33d82058545b1ed14f4c8206e,PerceptualSpeedIndex,twitter,True,twitter PerceptualSpeedIndex opt bytecode-cached cold fission webrender,,77,ms,firefox,,1714992418,2023-06-20 16:34:00,713.6,1877c1e6db6f8a23c52ab9238c7f62d0b696f0ce,1260512,,,,,,,,,,,,,,,,,,,,,,,,,,,,,,,,,,,,,,,,,,,,,,,,,,,,,,,,,,,,,TN,TN
autoland,4405952,13,ad8d5d1385265583919f5a224e1153902b6eef60,macosx1015-64-shippable-qr,True,False,,|b|y|t|e|c|o|d|e|-|c|a|c|h|e|d| |c|o|l|d| |f|i|s|s|i|o|n| |w|e|b|r|e|n|d|e|r|,102210fe594ee9b33d82058545b1ed14f4c8206e,PerceptualSpeedIndex,twitter,True,twitter PerceptualSpeedIndex opt bytecode-cached cold fission webrender,,77,ms,firefox,,1715009303,2023-06-20 16:35:53,787.5,2ad5c2418b372960126440af5aa568104de3bfb8,1260515,,,,,,,,,,,,,,,,,,,,,,,,,,,,,,,,,,,,,,,,,,,,,,,,,,,,,,,,,,,,,TN,TN
autoland,4405952,13,ad8d5d1385265583919f5a224e1153902b6eef60,macosx1015-64-shippable-qr,True,False,,|b|y|t|e|c|o|d|e|-|c|a|c|h|e|d| |c|o|l|d| |f|i|s|s|i|o|n| |w|e|b|r|e|n|d|e|r|,102210fe594ee9b33d82058545b1ed14f4c8206e,PerceptualSpeedIndex,twitter,True,twitter PerceptualSpeedIndex opt bytecode-cached cold fission webrender,,77,ms,firefox,,1715270138,2023-06-21 00:51:29,673.9,143aa1574b8d50e4d2ddd1a2826b25a8418f13c1,1260862,,,,,,,,,,,,,,,,,,,,,,,,,,,,,,,,,,,,,,,,,,,,,,,,,,,,,,,,,,,,,TN,TN
autoland,4405952,13,ad8d5d1385265583919f5a224e1153902b6eef60,macosx1015-64-shippable-qr,True,False,,|b|y|t|e|c|o|d|e|-|c|a|c|h|e|d| |c|o|l|d| |f|i|s|s|i|o|n| |w|e|b|r|e|n|d|e|r|,102210fe594ee9b33d82058545b1ed14f4c8206e,PerceptualSpeedIndex,twitter,True,twitter PerceptualSpeedIndex opt bytecode-cached cold fission webrender,,77,ms,firefox,,1715306742,2023-06-21 02:28:11,866.9,7bdf45ed2f6b565e69fdbc44285af78de3271a4e,1260905,,,,,,,,,,,,,,,,,,,,,,,,,,,,,,,,,,,,,,,,,,,,,,,,,,,,,,,,,,,,,TN,TN
autoland,4405952,13,ad8d5d1385265583919f5a224e1153902b6eef60,macosx1015-64-shippable-qr,True,False,,|b|y|t|e|c|o|d|e|-|c|a|c|h|e|d| |c|o|l|d| |f|i|s|s|i|o|n| |w|e|b|r|e|n|d|e|r|,102210fe594ee9b33d82058545b1ed14f4c8206e,PerceptualSpeedIndex,twitter,True,twitter PerceptualSpeedIndex opt bytecode-cached cold fission webrender,,77,ms,firefox,,1715425534,2023-06-21 06:55:17,757.7,8a382f0bd3211346516d54c647d157320335a806,1260969,,,,,,,,,,,,,,,,,,,,,,,,,,,,,,,,,,,,,,,,,,,,,,,,,,,,,,,,,,,,,TN,TN
autoland,4405952,13,ad8d5d1385265583919f5a224e1153902b6eef60,macosx1015-64-shippable-qr,True,False,,|b|y|t|e|c|o|d|e|-|c|a|c|h|e|d| |c|o|l|d| |f|i|s|s|i|o|n| |w|e|b|r|e|n|d|e|r|,102210fe594ee9b33d82058545b1ed14f4c8206e,PerceptualSpeedIndex,twitter,True,twitter PerceptualSpeedIndex opt bytecode-cached cold fission webrender,,77,ms,firefox,,1715451734,2023-06-21 07:34:24,693.7,4c90403735bebf09d72af91e99745cfcbbae2a35,1260998,,,,,,,,,,,,,,,,,,,,,,,,,,,,,,,,,,,,,,,,,,,,,,,,,,,,,,,,,,,,,TN,TN
autoland,4405952,13,ad8d5d1385265583919f5a224e1153902b6eef60,macosx1015-64-shippable-qr,True,False,,|b|y|t|e|c|o|d|e|-|c|a|c|h|e|d| |c|o|l|d| |f|i|s|s|i|o|n| |w|e|b|r|e|n|d|e|r|,102210fe594ee9b33d82058545b1ed14f4c8206e,PerceptualSpeedIndex,twitter,True,twitter PerceptualSpeedIndex opt bytecode-cached cold fission webrender,,77,ms,firefox,,1715633311,2023-06-21 12:20:35,761.1,14edc9bcbe5615f748cdb086881c6b983aedf04d,1261182,,,,,,,,,,,,,,,,,,,,,,,,,,,,,,,,,,,,,,,,,,,,,,,,,,,,,,,,,,,,,TN,TN
autoland,4405952,13,ad8d5d1385265583919f5a224e1153902b6eef60,macosx1015-64-shippable-qr,True,False,,|b|y|t|e|c|o|d|e|-|c|a|c|h|e|d| |c|o|l|d| |f|i|s|s|i|o|n| |w|e|b|r|e|n|d|e|r|,102210fe594ee9b33d82058545b1ed14f4c8206e,PerceptualSpeedIndex,twitter,True,twitter PerceptualSpeedIndex opt bytecode-cached cold fission webrender,,77,ms,firefox,,1715649174,2023-06-21 12:59:17,744.8,b94f3d418f54f964368486a65cd5d15e828867db,1261207,,,,,,,,,,,,,,,,,,,,,,,,,,,,,,,,,,,,,,,,,,,,,,,,,,,,,,,,,,,,,TN,TN
autoland,4405952,13,ad8d5d1385265583919f5a224e1153902b6eef60,macosx1015-64-shippable-qr,True,False,,|b|y|t|e|c|o|d|e|-|c|a|c|h|e|d| |c|o|l|d| |f|i|s|s|i|o|n| |w|e|b|r|e|n|d|e|r|,102210fe594ee9b33d82058545b1ed14f4c8206e,PerceptualSpeedIndex,twitter,True,twitter PerceptualSpeedIndex opt bytecode-cached cold fission webrender,,77,ms,firefox,,1715853896,2023-06-21 16:33:07,670.6,702dc0aa87a8c3e4929277c1dc8220a7dd72418f,1261278,,,,,,,,,,,,,,,,,,,,,,,,,,,,,,,,,,,,,,,,,,,,,,,,,,,,,,,,,,,,,TN,TN
autoland,4405952,13,ad8d5d1385265583919f5a224e1153902b6eef60,macosx1015-64-shippable-qr,True,False,,|b|y|t|e|c|o|d|e|-|c|a|c|h|e|d| |c|o|l|d| |f|i|s|s|i|o|n| |w|e|b|r|e|n|d|e|r|,102210fe594ee9b33d82058545b1ed14f4c8206e,PerceptualSpeedIndex,twitter,True,twitter PerceptualSpeedIndex opt bytecode-cached cold fission webrender,,77,ms,firefox,,1715943102,2023-06-21 20:43:57,694.2,78880280c2765ec0520ece3184fc8fdbac5b5356,1261541,,,,,,,,,,,,,,,,,,,,,,,,,,,,,,,,,,,,,,,,,,,,,,,,,,,,,,,,,,,,,TN,TN
autoland,4405952,13,ad8d5d1385265583919f5a224e1153902b6eef60,macosx1015-64-shippable-qr,True,False,,|b|y|t|e|c|o|d|e|-|c|a|c|h|e|d| |c|o|l|d| |f|i|s|s|i|o|n| |w|e|b|r|e|n|d|e|r|,102210fe594ee9b33d82058545b1ed14f4c8206e,PerceptualSpeedIndex,twitter,True,twitter PerceptualSpeedIndex opt bytecode-cached cold fission webrender,,77,ms,firefox,,1716026393,2023-06-22 00:43:42,666.0,109834499ca10a69681c6868a23ec828dcf160cf,1261782,,,,,,,,,,,,,,,,,,,,,,,,,,,,,,,,,,,,,,,,,,,,,,,,,,,,,,,,,,,,,TN,TN
autoland,4405952,13,ad8d5d1385265583919f5a224e1153902b6eef60,macosx1015-64-shippable-qr,True,False,,|b|y|t|e|c|o|d|e|-|c|a|c|h|e|d| |c|o|l|d| |f|i|s|s|i|o|n| |w|e|b|r|e|n|d|e|r|,102210fe594ee9b33d82058545b1ed14f4c8206e,PerceptualSpeedIndex,twitter,True,twitter PerceptualSpeedIndex opt bytecode-cached cold fission webrender,,77,ms,firefox,,1716087557,2023-06-22 05:48:27,668.2,57884604206ce9bb39718006eac660e6e32e5044,1261863,,,,,,,,,,,,,,,,,,,,,,,,,,,,,,,,,,,,,,,,,,,,,,,,,,,,,,,,,,,,,TN,TN
autoland,4405952,13,ad8d5d1385265583919f5a224e1153902b6eef60,macosx1015-64-shippable-qr,True,False,,|b|y|t|e|c|o|d|e|-|c|a|c|h|e|d| |c|o|l|d| |f|i|s|s|i|o|n| |w|e|b|r|e|n|d|e|r|,102210fe594ee9b33d82058545b1ed14f4c8206e,PerceptualSpeedIndex,twitter,True,twitter PerceptualSpeedIndex opt bytecode-cached cold fission webrender,,77,ms,firefox,,1716126022,2023-06-22 07:29:35,634.4,45769d7ff3c64d7abfcfedd8f05bb7dcb442270c,1261886,,,,,,,,,,,,,,,,,,,,,,,,,,,,,,,,,,,,,,,,,,,,,,,,,,,,,,,,,,,,,TN,TN
autoland,4405952,13,ad8d5d1385265583919f5a224e1153902b6eef60,macosx1015-64-shippable-qr,True,False,,|b|y|t|e|c|o|d|e|-|c|a|c|h|e|d| |c|o|l|d| |f|i|s|s|i|o|n| |w|e|b|r|e|n|d|e|r|,102210fe594ee9b33d82058545b1ed14f4c8206e,PerceptualSpeedIndex,twitter,True,twitter PerceptualSpeedIndex opt bytecode-cached cold fission webrender,,77,ms,firefox,,1716237929,2023-06-22 11:39:08,715.8,3d85ee9f4f736ebc38b26fed33c8681bb512aa92,1262053,,,,,,,,,,,,,,,,,,,,,,,,,,,,,,,,,,,,,,,,,,,,,,,,,,,,,,,,,,,,,TN,TN
autoland,4405952,13,ad8d5d1385265583919f5a224e1153902b6eef60,macosx1015-64-shippable-qr,True,False,,|b|y|t|e|c|o|d|e|-|c|a|c|h|e|d| |c|o|l|d| |f|i|s|s|i|o|n| |w|e|b|r|e|n|d|e|r|,102210fe594ee9b33d82058545b1ed14f4c8206e,PerceptualSpeedIndex,twitter,True,twitter PerceptualSpeedIndex opt bytecode-cached cold fission webrender,,77,ms,firefox,,1716377752,2023-06-22 14:41:02,754.0,b9e51e69d0451a93822b61cc15d72666124f02dd,1262179,,,,,,,,,,,,,,,,,,,,,,,,,,,,,,,,,,,,,,,,,,,,,,,,,,,,,,,,,,,,,TN,TN
autoland,4405952,13,ad8d5d1385265583919f5a224e1153902b6eef60,macosx1015-64-shippable-qr,True,False,,|b|y|t|e|c|o|d|e|-|c|a|c|h|e|d| |c|o|l|d| |f|i|s|s|i|o|n| |w|e|b|r|e|n|d|e|r|,102210fe594ee9b33d82058545b1ed14f4c8206e,PerceptualSpeedIndex,twitter,True,twitter PerceptualSpeedIndex opt bytecode-cached cold fission webrender,,77,ms,firefox,,1716840017,2023-06-22 16:17:16,710.7,3ca20b10728e84a6990e718a045dff56cc971095,1262281,,,,,,,,,,,,,,,,,,,,,,,,,,,,,,,,,,,,,,,,,,,,,,,,,,,,,,,,,,,,,TN,TN
autoland,4405952,13,ad8d5d1385265583919f5a224e1153902b6eef60,macosx1015-64-shippable-qr,True,False,,|b|y|t|e|c|o|d|e|-|c|a|c|h|e|d| |c|o|l|d| |f|i|s|s|i|o|n| |w|e|b|r|e|n|d|e|r|,102210fe594ee9b33d82058545b1ed14f4c8206e,PerceptualSpeedIndex,twitter,True,twitter PerceptualSpeedIndex opt bytecode-cached cold fission webrender,,77,ms,firefox,,1716820164,2023-06-22 16:18:05,693.6,8319e8c25b28a1b598027e583d0b98267a83df3b,1262282,,,,,,,,,,,,,,,,,,,,,,,,,,,,,,,,,,,,,,,,,,,,,,,,,,,,,,,,,,,,,TN,TN
autoland,4405952,13,ad8d5d1385265583919f5a224e1153902b6eef60,macosx1015-64-shippable-qr,True,False,,|b|y|t|e|c|o|d|e|-|c|a|c|h|e|d| |c|o|l|d| |f|i|s|s|i|o|n| |w|e|b|r|e|n|d|e|r|,102210fe594ee9b33d82058545b1ed14f4c8206e,PerceptualSpeedIndex,twitter,True,twitter PerceptualSpeedIndex opt bytecode-cached cold fission webrender,,77,ms,firefox,,1716823782,2023-06-22 16:44:55,705.0,ab974ebe59e520c7ccfb29a7f17742be7ae4f5e8,1262293,,,,,,,,,,,,,,,,,,,,,,,,,,,,,,,,,,,,,,,,,,,,,,,,,,,,,,,,,,,,,TN,TN
autoland,4405952,13,ad8d5d1385265583919f5a224e1153902b6eef60,macosx1015-64-shippable-qr,True,False,,|b|y|t|e|c|o|d|e|-|c|a|c|h|e|d| |c|o|l|d| |f|i|s|s|i|o|n| |w|e|b|r|e|n|d|e|r|,102210fe594ee9b33d82058545b1ed14f4c8206e,PerceptualSpeedIndex,twitter,True,twitter PerceptualSpeedIndex opt bytecode-cached cold fission webrender,,77,ms,firefox,,1716830384,2023-06-22 17:07:52,800.4,3a16cb4731cdb6baad2db46ddec526fadb078136,1262300,,,,,,,,,,,,,,,,,,,,,,,,,,,,,,,,,,,,,,,,,,,,,,,,,,,,,,,,,,,,,TN,TN
autoland,4405952,13,ad8d5d1385265583919f5a224e1153902b6eef60,macosx1015-64-shippable-qr,True,False,,|b|y|t|e|c|o|d|e|-|c|a|c|h|e|d| |c|o|l|d| |f|i|s|s|i|o|n| |w|e|b|r|e|n|d|e|r|,102210fe594ee9b33d82058545b1ed14f4c8206e,PerceptualSpeedIndex,twitter,True,twitter PerceptualSpeedIndex opt bytecode-cached cold fission webrender,,77,ms,firefox,,1716712977,2023-06-22 18:48:21,808.6,9a98c67180c5914db4ca78d4fc36d6d0721d24a9,1262325,,,,,,,,,,,,,,,,,,,,,,,,,,,,,,,,,,,,,,,,,,,,,,,,,,,,,,,,,,,,,TN,TN
autoland,4405952,13,ad8d5d1385265583919f5a224e1153902b6eef60,macosx1015-64-shippable-qr,True,False,,|b|y|t|e|c|o|d|e|-|c|a|c|h|e|d| |c|o|l|d| |f|i|s|s|i|o|n| |w|e|b|r|e|n|d|e|r|,102210fe594ee9b33d82058545b1ed14f4c8206e,PerceptualSpeedIndex,twitter,True,twitter PerceptualSpeedIndex opt bytecode-cached cold fission webrender,,77,ms,firefox,,1716719067,2023-06-22 19:02:55,744.9,4b261191412d4972eaab59ddb358f2eef865280d,1262337,,,,,,,,,,,,,,,,,,,,,,,,,,,,,,,,,,,,,,,,,,,,,,,,,,,,,,,,,,,,,TN,TN
autoland,4405952,13,ad8d5d1385265583919f5a224e1153902b6eef60,macosx1015-64-shippable-qr,True,False,,|b|y|t|e|c|o|d|e|-|c|a|c|h|e|d| |c|o|l|d| |f|i|s|s|i|o|n| |w|e|b|r|e|n|d|e|r|,102210fe594ee9b33d82058545b1ed14f4c8206e,PerceptualSpeedIndex,twitter,True,twitter PerceptualSpeedIndex opt bytecode-cached cold fission webrender,,77,ms,firefox,,1716778098,2023-06-22 22:58:49,731.1,ec702239c313d37f8ee8d6b4d9b78aba8d4b6580,1262495,,,,,,,,,,,,,,,,,,,,,,,,,,,,,,,,,,,,,,,,,,,,,,,,,,,,,,,,,,,,,TN,TN
autoland,4405952,13,ad8d5d1385265583919f5a224e1153902b6eef60,macosx1015-64-shippable-qr,True,False,,|b|y|t|e|c|o|d|e|-|c|a|c|h|e|d| |c|o|l|d| |f|i|s|s|i|o|n| |w|e|b|r|e|n|d|e|r|,102210fe594ee9b33d82058545b1ed14f4c8206e,PerceptualSpeedIndex,twitter,True,twitter PerceptualSpeedIndex opt bytecode-cached cold fission webrender,,77,ms,firefox,,1716869403,2023-06-23 03:22:10,748.2,a9c0bee966a1e0b10528a9b41b3dcea34ee95b83,1262648,,,,,,,,,,,,,,,,,,,,,,,,,,,,,,,,,,,,,,,,,,,,,,,,,,,,,,,,,,,,,TN,TN
autoland,4405952,13,ad8d5d1385265583919f5a224e1153902b6eef60,macosx1015-64-shippable-qr,True,False,,|b|y|t|e|c|o|d|e|-|c|a|c|h|e|d| |c|o|l|d| |f|i|s|s|i|o|n| |w|e|b|r|e|n|d|e|r|,102210fe594ee9b33d82058545b1ed14f4c8206e,PerceptualSpeedIndex,twitter,True,twitter PerceptualSpeedIndex opt bytecode-cached cold fission webrender,,77,ms,firefox,,1716862248,2023-06-23 06:38:21,687.4,e6ebe768e49bf43fc6465b297a817d1e4994af82,1262712,,,,,,,,,,,,,,,,,,,,,,,,,,,,,,,,,,,,,,,,,,,,,,,,,,,,,,,,,,,,,TN,TN
autoland,4405952,13,ad8d5d1385265583919f5a224e1153902b6eef60,macosx1015-64-shippable-qr,True,False,,|b|y|t|e|c|o|d|e|-|c|a|c|h|e|d| |c|o|l|d| |f|i|s|s|i|o|n| |w|e|b|r|e|n|d|e|r|,102210fe594ee9b33d82058545b1ed14f4c8206e,PerceptualSpeedIndex,twitter,True,twitter PerceptualSpeedIndex opt bytecode-cached cold fission webrender,,77,ms,firefox,,1717179914,2023-06-23 14:10:04,683.3,21d4902198ae482d7fd52735881f90fb09ffaa07,1262960,,,,,,,,,,,,,,,,,,,,,,,,,,,,,,,,,,,,,,,,,,,,,,,,,,,,,,,,,,,,,TN,TN
autoland,4405952,13,ad8d5d1385265583919f5a224e1153902b6eef60,macosx1015-64-shippable-qr,True,False,,|b|y|t|e|c|o|d|e|-|c|a|c|h|e|d| |c|o|l|d| |f|i|s|s|i|o|n| |w|e|b|r|e|n|d|e|r|,102210fe594ee9b33d82058545b1ed14f4c8206e,PerceptualSpeedIndex,twitter,True,twitter PerceptualSpeedIndex opt bytecode-cached cold fission webrender,,77,ms,firefox,,1717143075,2023-06-23 14:24:51,806.1,801ba619d741b520231e6a0791457e7b44bef641,1262973,,,,,,,,,,,,,,,,,,,,,,,,,,,,,,,,,,,,,,,,,,,,,,,,,,,,,,,,,,,,,TN,TN
autoland,4405952,13,ad8d5d1385265583919f5a224e1153902b6eef60,macosx1015-64-shippable-qr,True,False,,|b|y|t|e|c|o|d|e|-|c|a|c|h|e|d| |c|o|l|d| |f|i|s|s|i|o|n| |w|e|b|r|e|n|d|e|r|,102210fe594ee9b33d82058545b1ed14f4c8206e,PerceptualSpeedIndex,twitter,True,twitter PerceptualSpeedIndex opt bytecode-cached cold fission webrender,,77,ms,firefox,,1717218740,2023-06-23 18:49:22,694.6,efb1631077da0ef473b1fe37d64cd6f652c34f37,1263094,,,,,,,,,,,,,,,,,,,,,,,,,,,,,,,,,,,,,,,,,,,,,,,,,,,,,,,,,,,,,TN,TN
autoland,4405952,13,ad8d5d1385265583919f5a224e1153902b6eef60,macosx1015-64-shippable-qr,True,False,,|b|y|t|e|c|o|d|e|-|c|a|c|h|e|d| |c|o|l|d| |f|i|s|s|i|o|n| |w|e|b|r|e|n|d|e|r|,102210fe594ee9b33d82058545b1ed14f4c8206e,PerceptualSpeedIndex,twitter,True,twitter PerceptualSpeedIndex opt bytecode-cached cold fission webrender,,77,ms,firefox,,1717229916,2023-06-23 19:29:51,734.3,3cfaf216653a2de7529a3bc74907ea4fecc21912,1263108,,,,,,,,,,,,,,,,,,,,,,,,,,,,,,,,,,,,,,,,,,,,,,,,,,,,,,,,,,,,,TN,TN
autoland,4405952,13,ad8d5d1385265583919f5a224e1153902b6eef60,macosx1015-64-shippable-qr,True,False,,|b|y|t|e|c|o|d|e|-|c|a|c|h|e|d| |c|o|l|d| |f|i|s|s|i|o|n| |w|e|b|r|e|n|d|e|r|,102210fe594ee9b33d82058545b1ed14f4c8206e,PerceptualSpeedIndex,twitter,True,twitter PerceptualSpeedIndex opt bytecode-cached cold fission webrender,,77,ms,firefox,,1717259355,2023-06-23 23:33:35,730.6,45c221c4d7560f0ab2b6f7c4d113e2f96d73e994,1263150,,,,,,,,,,,,,,,,,,,,,,,,,,,,,,,,,,,,,,,,,,,,,,,,,,,,,,,,,,,,,TN,TN
autoland,4405952,13,ad8d5d1385265583919f5a224e1153902b6eef60,macosx1015-64-shippable-qr,True,False,,|b|y|t|e|c|o|d|e|-|c|a|c|h|e|d| |c|o|l|d| |f|i|s|s|i|o|n| |w|e|b|r|e|n|d|e|r|,102210fe594ee9b33d82058545b1ed14f4c8206e,PerceptualSpeedIndex,twitter,True,twitter PerceptualSpeedIndex opt bytecode-cached cold fission webrender,,77,ms,firefox,,1717395184,2023-06-24 17:55:21,811.9,31d5ffaf0b16a722c89e3bc6043d1a6dd2df4f59,1263267,,,,,,,,,,,,,,,,,,,,,,,,,,,,,,,,,,,,,,,,,,,,,,,,,,,,,,,,,,,,,TN,TN
autoland,4405952,13,ad8d5d1385265583919f5a224e1153902b6eef60,macosx1015-64-shippable-qr,True,False,,|b|y|t|e|c|o|d|e|-|c|a|c|h|e|d| |c|o|l|d| |f|i|s|s|i|o|n| |w|e|b|r|e|n|d|e|r|,102210fe594ee9b33d82058545b1ed14f4c8206e,PerceptualSpeedIndex,twitter,True,twitter PerceptualSpeedIndex opt bytecode-cached cold fission webrender,,77,ms,firefox,,1717503320,2023-06-25 11:25:42,677.1,a529a3830f684519fc2c2ffb6fbe1b1e77930e71,1263317,,,,,,,,,,,,,,,,,,,,,,,,,,,,,,,,,,,,,,,,,,,,,,,,,,,,,,,,,,,,,TN,TN
autoland,4405952,13,ad8d5d1385265583919f5a224e1153902b6eef60,macosx1015-64-shippable-qr,True,False,,|b|y|t|e|c|o|d|e|-|c|a|c|h|e|d| |c|o|l|d| |f|i|s|s|i|o|n| |w|e|b|r|e|n|d|e|r|,102210fe594ee9b33d82058545b1ed14f4c8206e,PerceptualSpeedIndex,twitter,True,twitter PerceptualSpeedIndex opt bytecode-cached cold fission webrender,,77,ms,firefox,,1717629433,2023-06-26 01:53:17,716.5,391b29854d65124c758af8d7a7765b53ec46b9bf,1263401,,,,,,,,,,,,,,,,,,,,,,,,,,,,,,,,,,,,,,,,,,,,,,,,,,,,,,,,,,,,,TN,TN
autoland,4405952,13,ad8d5d1385265583919f5a224e1153902b6eef60,macosx1015-64-shippable-qr,True,False,,|b|y|t|e|c|o|d|e|-|c|a|c|h|e|d| |c|o|l|d| |f|i|s|s|i|o|n| |w|e|b|r|e|n|d|e|r|,102210fe594ee9b33d82058545b1ed14f4c8206e,PerceptualSpeedIndex,twitter,True,twitter PerceptualSpeedIndex opt bytecode-cached cold fission webrender,,77,ms,firefox,,1717719831,2023-06-26 08:39:50,725.5,b8784b3350a10d9ba119e133ba1afe2fa2862b64,1263470,,,,,,,,,,,,,,,,,,,,,,,,,,,,,,,,,,,,,,,,,,,,,,,,,,,,,,,,,,,,,TN,TN
autoland,4405952,13,ad8d5d1385265583919f5a224e1153902b6eef60,macosx1015-64-shippable-qr,True,False,,|b|y|t|e|c|o|d|e|-|c|a|c|h|e|d| |c|o|l|d| |f|i|s|s|i|o|n| |w|e|b|r|e|n|d|e|r|,102210fe594ee9b33d82058545b1ed14f4c8206e,PerceptualSpeedIndex,twitter,True,twitter PerceptualSpeedIndex opt bytecode-cached cold fission webrender,,77,ms,firefox,,1717823409,2023-06-26 12:15:47,669.4,147bbf0910da38bd103a6cac5b77bca042225107,1263599,,,,,,,,,,,,,,,,,,,,,,,,,,,,,,,,,,,,,,,,,,,,,,,,,,,,,,,,,,,,,TN,TN
autoland,4405952,13,ad8d5d1385265583919f5a224e1153902b6eef60,macosx1015-64-shippable-qr,True,False,,|b|y|t|e|c|o|d|e|-|c|a|c|h|e|d| |c|o|l|d| |f|i|s|s|i|o|n| |w|e|b|r|e|n|d|e|r|,102210fe594ee9b33d82058545b1ed14f4c8206e,PerceptualSpeedIndex,twitter,True,twitter PerceptualSpeedIndex opt bytecode-cached cold fission webrender,,77,ms,firefox,,1718714050,2023-06-26 12:52:40,1038.8,0df3bf668e3f51bd027ba30815ee883bb23a0b77,1263636,,,,,,,,,,,,,,,,,,,,,,,,,,,,,,,,,,,,,,,,,,,,,,,,,,,,,,,,,,,,,TN,TN
autoland,4405952,13,ad8d5d1385265583919f5a224e1153902b6eef60,macosx1015-64-shippable-qr,True,False,,|b|y|t|e|c|o|d|e|-|c|a|c|h|e|d| |c|o|l|d| |f|i|s|s|i|o|n| |w|e|b|r|e|n|d|e|r|,102210fe594ee9b33d82058545b1ed14f4c8206e,PerceptualSpeedIndex,twitter,True,twitter PerceptualSpeedIndex opt bytecode-cached cold fission webrender,,77,ms,firefox,,1718718056,2023-06-26 13:02:45,970.2,b6233acd02848323203feb0864cfc994aaa0f4f3,1263648,,,,,,,,,,,,,,,,,,,,,,,,,,,,,,,,,,,,,,,,,,,,,,,,,,,,,,,,,,,,,TN,TN
autoland,4405952,13,ad8d5d1385265583919f5a224e1153902b6eef60,macosx1015-64-shippable-qr,True,False,,|b|y|t|e|c|o|d|e|-|c|a|c|h|e|d| |c|o|l|d| |f|i|s|s|i|o|n| |w|e|b|r|e|n|d|e|r|,102210fe594ee9b33d82058545b1ed14f4c8206e,PerceptualSpeedIndex,twitter,True,twitter PerceptualSpeedIndex opt bytecode-cached cold fission webrender,,77,ms,firefox,,1718636525,2023-06-26 19:17:54,995.7,43533d1489bc82330991d4cbac2d5b8e704b7558,1263990,,,,,,,,,,,,,,,,,,,,,,,,,,,,,,,,,,,,,,,,,,,,,,,,,,,,,,,,,,,,,TN,TN
autoland,4405952,13,ad8d5d1385265583919f5a224e1153902b6eef60,macosx1015-64-shippable-qr,True,False,,|b|y|t|e|c|o|d|e|-|c|a|c|h|e|d| |c|o|l|d| |f|i|s|s|i|o|n| |w|e|b|r|e|n|d|e|r|,102210fe594ee9b33d82058545b1ed14f4c8206e,PerceptualSpeedIndex,twitter,True,twitter PerceptualSpeedIndex opt bytecode-cached cold fission webrender,,77,ms,firefox,,1718831035,2023-06-27 04:20:21,972.8,e0d8554167a0aad02af68198462e91dd05958593,1264240,,,,,,,,,,,,,,,,,,,,,,,,,,,,,,,,,,,,,,,,,,,,,,,,,,,,,,,,,,,,,TN,TN
autoland,4405952,13,ad8d5d1385265583919f5a224e1153902b6eef60,macosx1015-64-shippable-qr,True,False,,|b|y|t|e|c|o|d|e|-|c|a|c|h|e|d| |c|o|l|d| |f|i|s|s|i|o|n| |w|e|b|r|e|n|d|e|r|,102210fe594ee9b33d82058545b1ed14f4c8206e,PerceptualSpeedIndex,twitter,True,twitter PerceptualSpeedIndex opt bytecode-cached cold fission webrender,,77,ms,firefox,,1718844807,2023-06-27 07:09:08,1051.6,e963fffcb3a0375f0c08e6c62d4300cbf79fba0b,1264287,,,,,,,,,,,,,,,,,,,,,,,,,,,,,,,,,,,,,,,,,,,,,,,,,,,,,,,,,,,,,TN,TN
autoland,4405952,13,ad8d5d1385265583919f5a224e1153902b6eef60,macosx1015-64-shippable-qr,True,False,,|b|y|t|e|c|o|d|e|-|c|a|c|h|e|d| |c|o|l|d| |f|i|s|s|i|o|n| |w|e|b|r|e|n|d|e|r|,102210fe594ee9b33d82058545b1ed14f4c8206e,PerceptualSpeedIndex,twitter,True,twitter PerceptualSpeedIndex opt bytecode-cached cold fission webrender,,77,ms,firefox,,1718927106,2023-06-27 11:13:52,959.2,96efb14c1b2e225253f22aae7b217fdd48b4cb9f,1264423,,,,,,,,,,,,,,,,,,,,,,,,,,,,,,,,,,,,,,,,,,,,,,,,,,,,,,,,,,,,,TN,TN
autoland,4405952,13,ad8d5d1385265583919f5a224e1153902b6eef60,macosx1015-64-shippable-qr,True,False,,|b|y|t|e|c|o|d|e|-|c|a|c|h|e|d| |c|o|l|d| |f|i|s|s|i|o|n| |w|e|b|r|e|n|d|e|r|,102210fe594ee9b33d82058545b1ed14f4c8206e,PerceptualSpeedIndex,twitter,True,twitter PerceptualSpeedIndex opt bytecode-cached cold fission webrender,,77,ms,firefox,,1718909170,2023-06-27 15:57:28,983.4,c041b113d5acbf06ba2e6161d9a1ef4fa5b3636b,1264575,,,,,,,,,,,,,,,,,,,,,,,,,,,,,,,,,,,,,,,,,,,,,,,,,,,,,,,,,,,,,TN,TN
autoland,4405952,13,ad8d5d1385265583919f5a224e1153902b6eef60,macosx1015-64-shippable-qr,True,False,,|b|y|t|e|c|o|d|e|-|c|a|c|h|e|d| |c|o|l|d| |f|i|s|s|i|o|n| |w|e|b|r|e|n|d|e|r|,102210fe594ee9b33d82058545b1ed14f4c8206e,PerceptualSpeedIndex,twitter,True,twitter PerceptualSpeedIndex opt bytecode-cached cold fission webrender,,77,ms,firefox,,1718883659,2023-06-27 16:17:01,983.7,da38525a017e6dd411f2c2ccd84d286d86bdad8d,1264584,,,,,,,,,,,,,,,,,,,,,,,,,,,,,,,,,,,,,,,,,,,,,,,,,,,,,,,,,,,,,TN,TN
autoland,4405952,13,ad8d5d1385265583919f5a224e1153902b6eef60,macosx1015-64-shippable-qr,True,False,,|b|y|t|e|c|o|d|e|-|c|a|c|h|e|d| |c|o|l|d| |f|i|s|s|i|o|n| |w|e|b|r|e|n|d|e|r|,102210fe594ee9b33d82058545b1ed14f4c8206e,PerceptualSpeedIndex,twitter,True,twitter PerceptualSpeedIndex opt bytecode-cached cold fission webrender,,77,ms,firefox,,1718933619,2023-06-27 20:57:27,815.4,80adb872a3d1e32f459e5cf3bc77e47008da925f,1264834,,,,,,,,,,,,,,,,,,,,,,,,,,,,,,,,,,,,,,,,,,,,,,,,,,,,,,,,,,,,,TN,TN
autoland,4405952,13,ad8d5d1385265583919f5a224e1153902b6eef60,macosx1015-64-shippable-qr,True,False,,|b|y|t|e|c|o|d|e|-|c|a|c|h|e|d| |c|o|l|d| |f|i|s|s|i|o|n| |w|e|b|r|e|n|d|e|r|,102210fe594ee9b33d82058545b1ed14f4c8206e,PerceptualSpeedIndex,twitter,True,twitter PerceptualSpeedIndex opt bytecode-cached cold fission webrender,,77,ms,firefox,,1718958514,2023-06-28 00:04:05,758.6,591e3233df273509a8c0d0ccd1cc32795ae584dc,1264952,,,,,,,,,,,,,,,,,,,,,,,,,,,,,,,,,,,,,,,,,,,,,,,,,,,,,,,,,,,,,TN,TN
autoland,4405952,13,ad8d5d1385265583919f5a224e1153902b6eef60,macosx1015-64-shippable-qr,True,False,,|b|y|t|e|c|o|d|e|-|c|a|c|h|e|d| |c|o|l|d| |f|i|s|s|i|o|n| |w|e|b|r|e|n|d|e|r|,102210fe594ee9b33d82058545b1ed14f4c8206e,PerceptualSpeedIndex,twitter,True,twitter PerceptualSpeedIndex opt bytecode-cached cold fission webrender,,77,ms,firefox,,1718978410,2023-06-28 03:09:49,705.8,ecb2997338f1c9a2059192ce04d01243537176b9,1265035,,,,,,,,,,,,,,,,,,,,,,,,,,,,,,,,,,,,,,,,,,,,,,,,,,,,,,,,,,,,,TN,TN
autoland,4405952,13,ad8d5d1385265583919f5a224e1153902b6eef60,macosx1015-64-shippable-qr,True,False,,|b|y|t|e|c|o|d|e|-|c|a|c|h|e|d| |c|o|l|d| |f|i|s|s|i|o|n| |w|e|b|r|e|n|d|e|r|,102210fe594ee9b33d82058545b1ed14f4c8206e,PerceptualSpeedIndex,twitter,True,twitter PerceptualSpeedIndex opt bytecode-cached cold fission webrender,,77,ms,firefox,,1719015952,2023-06-28 07:19:30,699.0,51b6f36ff37d4b6906ec5cab830b1e283c6f7395,1265110,,,,,,,,,,,,,,,,,,,,,,,,,,,,,,,,,,,,,,,,,,,,,,,,,,,,,,,,,,,,,TN,TN
autoland,4405952,13,ad8d5d1385265583919f5a224e1153902b6eef60,macosx1015-64-shippable-qr,True,False,,|b|y|t|e|c|o|d|e|-|c|a|c|h|e|d| |c|o|l|d| |f|i|s|s|i|o|n| |w|e|b|r|e|n|d|e|r|,102210fe594ee9b33d82058545b1ed14f4c8206e,PerceptualSpeedIndex,twitter,True,twitter PerceptualSpeedIndex opt bytecode-cached cold fission webrender,,77,ms,firefox,,1719447071,2023-06-28 11:29:09,712.1,3b7b3970a88459c11033effb61df89644e963bda,1265214,,,,,,,,,,,,,,,,,,,,,,,,,,,,,,,,,,,,,,,,,,,,,,,,,,,,,,,,,,,,,TN,TN
autoland,4405952,13,ad8d5d1385265583919f5a224e1153902b6eef60,macosx1015-64-shippable-qr,True,False,,|b|y|t|e|c|o|d|e|-|c|a|c|h|e|d| |c|o|l|d| |f|i|s|s|i|o|n| |w|e|b|r|e|n|d|e|r|,102210fe594ee9b33d82058545b1ed14f4c8206e,PerceptualSpeedIndex,twitter,True,twitter PerceptualSpeedIndex opt bytecode-cached cold fission webrender,,77,ms,firefox,,1719499281,2023-06-28 14:16:43,681.1,c20ba5651ee046629ef49efd2e49f6214c3ae520,1265309,,,,,,,,,,,,,,,,,,,,,,,,,,,,,,,,,,,,,,,,,,,,,,,,,,,,,,,,,,,,,TN,TN
autoland,4405952,13,ad8d5d1385265583919f5a224e1153902b6eef60,macosx1015-64-shippable-qr,True,False,,|b|y|t|e|c|o|d|e|-|c|a|c|h|e|d| |c|o|l|d| |f|i|s|s|i|o|n| |w|e|b|r|e|n|d|e|r|,102210fe594ee9b33d82058545b1ed14f4c8206e,PerceptualSpeedIndex,twitter,True,twitter PerceptualSpeedIndex opt bytecode-cached cold fission webrender,,77,ms,firefox,,1719613017,2023-06-28 17:30:42,727.1,7f8cab56aed6b18878c445b25ab157c73db33453,1265469,,,,,,,,,,,,,,,,,,,,,,,,,,,,,,,,,,,,,,,,,,,,,,,,,,,,,,,,,,,,,TN,TN
autoland,4405952,13,ad8d5d1385265583919f5a224e1153902b6eef60,macosx1015-64-shippable-qr,True,False,,|b|y|t|e|c|o|d|e|-|c|a|c|h|e|d| |c|o|l|d| |f|i|s|s|i|o|n| |w|e|b|r|e|n|d|e|r|,102210fe594ee9b33d82058545b1ed14f4c8206e,PerceptualSpeedIndex,twitter,True,twitter PerceptualSpeedIndex opt bytecode-cached cold fission webrender,,77,ms,firefox,,1719603425,2023-06-28 17:33:37,696.9,c5e56896abbfc645ab1dff9eba0e565d5904e98c,1265471,,,,,,,,,,,,,,,,,,,,,,,,,,,,,,,,,,,,,,,,,,,,,,,,,,,,,,,,,,,,,TN,TN
autoland,4405952,13,ad8d5d1385265583919f5a224e1153902b6eef60,macosx1015-64-shippable-qr,True,False,,|b|y|t|e|c|o|d|e|-|c|a|c|h|e|d| |c|o|l|d| |f|i|s|s|i|o|n| |w|e|b|r|e|n|d|e|r|,102210fe594ee9b33d82058545b1ed14f4c8206e,PerceptualSpeedIndex,twitter,True,twitter PerceptualSpeedIndex opt bytecode-cached cold fission webrender,,77,ms,firefox,,1719523875,2023-06-28 17:34:48,851.9,0df511b69760b69959818e34e07aa74a0ad7061a,1265473,,,,,,,,,,,,,,,,,,,,,,,,,,,,,,,,,,,,,,,,,,,,,,,,,,,,,,,,,,,,,TN,TN
autoland,4405952,13,ad8d5d1385265583919f5a224e1153902b6eef60,macosx1015-64-shippable-qr,True,False,,|b|y|t|e|c|o|d|e|-|c|a|c|h|e|d| |c|o|l|d| |f|i|s|s|i|o|n| |w|e|b|r|e|n|d|e|r|,102210fe594ee9b33d82058545b1ed14f4c8206e,PerceptualSpeedIndex,twitter,True,twitter PerceptualSpeedIndex opt bytecode-cached cold fission webrender,,77,ms,firefox,,1719606717,2023-06-28 17:43:59,813.9,3d01de27a80e9d17c671b0b47d83f082e36756e3,1265482,,,,,,,,,,,,,,,,,,,,,,,,,,,,,,,,,,,,,,,,,,,,,,,,,,,,,,,,,,,,,TN,TN
autoland,4405952,13,ad8d5d1385265583919f5a224e1153902b6eef60,macosx1015-64-shippable-qr,True,False,,|b|y|t|e|c|o|d|e|-|c|a|c|h|e|d| |c|o|l|d| |f|i|s|s|i|o|n| |w|e|b|r|e|n|d|e|r|,102210fe594ee9b33d82058545b1ed14f4c8206e,PerceptualSpeedIndex,twitter,True,twitter PerceptualSpeedIndex opt bytecode-cached cold fission webrender,,77,ms,firefox,,1719608459,2023-06-28 17:50:41,671.6,be8d0f74f05a50e82bab53a7bb9d6b7a447d1be3,1265490,,,,,,,,,,,,,,,,,,,,,,,,,,,,,,,,,,,,,,,,,,,,,,,,,,,,,,,,,,,,,TN,TN
autoland,4405952,13,ad8d5d1385265583919f5a224e1153902b6eef60,macosx1015-64-shippable-qr,True,False,,|b|y|t|e|c|o|d|e|-|c|a|c|h|e|d| |c|o|l|d| |f|i|s|s|i|o|n| |w|e|b|r|e|n|d|e|r|,102210fe594ee9b33d82058545b1ed14f4c8206e,PerceptualSpeedIndex,twitter,True,twitter PerceptualSpeedIndex opt bytecode-cached cold fission webrender,,77,ms,firefox,,1719563995,2023-06-28 21:47:35,705.8,d18ee9401610559d6724af1cf6a4ba7ca620f195,1265682,,,,,,,,,,,,,,,,,,,,,,,,,,,,,,,,,,,,,,,,,,,,,,,,,,,,,,,,,,,,,TN,TN
autoland,4405952,13,ad8d5d1385265583919f5a224e1153902b6eef60,macosx1015-64-shippable-qr,True,False,,|b|y|t|e|c|o|d|e|-|c|a|c|h|e|d| |c|o|l|d| |f|i|s|s|i|o|n| |w|e|b|r|e|n|d|e|r|,102210fe594ee9b33d82058545b1ed14f4c8206e,PerceptualSpeedIndex,twitter,True,twitter PerceptualSpeedIndex opt bytecode-cached cold fission webrender,,77,ms,firefox,,1719605619,2023-06-29 02:28:53,705.7,bab00f4f94d567cf8ccf12e64f4e5cccc2ab6783,1265821,,,,,,,,,,,,,,,,,,,,,,,,,,,,,,,,,,,,,,,,,,,,,,,,,,,,,,,,,,,,,TN,TN
autoland,4405952,13,ad8d5d1385265583919f5a224e1153902b6eef60,macosx1015-64-shippable-qr,True,False,,|b|y|t|e|c|o|d|e|-|c|a|c|h|e|d| |c|o|l|d| |f|i|s|s|i|o|n| |w|e|b|r|e|n|d|e|r|,102210fe594ee9b33d82058545b1ed14f4c8206e,PerceptualSpeedIndex,twitter,True,twitter PerceptualSpeedIndex opt bytecode-cached cold fission webrender,,77,ms,firefox,,1719706294,2023-06-29 08:54:52,654.1,046c4b8aaa8932f15825dc4decd3911bb048e7f5,1265934,,,,,,,,,,,,,,,,,,,,,,,,,,,,,,,,,,,,,,,,,,,,,,,,,,,,,,,,,,,,,TN,TN
autoland,4405952,13,ad8d5d1385265583919f5a224e1153902b6eef60,macosx1015-64-shippable-qr,True,False,,|b|y|t|e|c|o|d|e|-|c|a|c|h|e|d| |c|o|l|d| |f|i|s|s|i|o|n| |w|e|b|r|e|n|d|e|r|,102210fe594ee9b33d82058545b1ed14f4c8206e,PerceptualSpeedIndex,twitter,True,twitter PerceptualSpeedIndex opt bytecode-cached cold fission webrender,,77,ms,firefox,,1720131303,2023-06-29 11:58:43,704.4,538e7a34c2f4c6822b182c662f0f4cdb1e609965,1266013,,,,,,,,,,,,,,,,,,,,,,,,,,,,,,,,,,,,,,,,,,,,,,,,,,,,,,,,,,,,,TN,TN
autoland,4405952,13,ad8d5d1385265583919f5a224e1153902b6eef60,macosx1015-64-shippable-qr,True,False,,|b|y|t|e|c|o|d|e|-|c|a|c|h|e|d| |c|o|l|d| |f|i|s|s|i|o|n| |w|e|b|r|e|n|d|e|r|,102210fe594ee9b33d82058545b1ed14f4c8206e,PerceptualSpeedIndex,twitter,True,twitter PerceptualSpeedIndex opt bytecode-cached cold fission webrender,,77,ms,firefox,,1720128120,2023-06-29 12:23:15,662.8,729e4ffa06cf277175d86f49502ce67a383d09d2,1266022,,,,,,,,,,,,,,,,,,,,,,,,,,,,,,,,,,,,,,,,,,,,,,,,,,,,,,,,,,,,,TN,TN
autoland,4405952,13,ad8d5d1385265583919f5a224e1153902b6eef60,macosx1015-64-shippable-qr,True,False,,|b|y|t|e|c|o|d|e|-|c|a|c|h|e|d| |c|o|l|d| |f|i|s|s|i|o|n| |w|e|b|r|e|n|d|e|r|,102210fe594ee9b33d82058545b1ed14f4c8206e,PerceptualSpeedIndex,twitter,True,twitter PerceptualSpeedIndex opt bytecode-cached cold fission webrender,,77,ms,firefox,,1719824710,2023-06-29 12:57:39,670.0,e784085dfb507c237319c40245ef0b32ddcf82b0,1266033,,,,,,,,,,,,,,,,,,,,,,,,,,,,,,,,,,,,,,,,,,,,,,,,,,,,,,,,,,,,,TN,TN
autoland,4405952,13,ad8d5d1385265583919f5a224e1153902b6eef60,macosx1015-64-shippable-qr,True,False,,|b|y|t|e|c|o|d|e|-|c|a|c|h|e|d| |c|o|l|d| |f|i|s|s|i|o|n| |w|e|b|r|e|n|d|e|r|,102210fe594ee9b33d82058545b1ed14f4c8206e,PerceptualSpeedIndex,twitter,True,twitter PerceptualSpeedIndex opt bytecode-cached cold fission webrender,,77,ms,firefox,,1719915363,2023-06-29 15:22:27,749.2,573b87117fd3efdb12ffb05692f97323c07a9900,1266105,,,,,,,,,,,,,,,,,,,,,,,,,,,,,,,,,,,,,,,,,,,,,,,,,,,,,,,,,,,,,TN,TN
autoland,4405952,13,ad8d5d1385265583919f5a224e1153902b6eef60,macosx1015-64-shippable-qr,True,False,,|b|y|t|e|c|o|d|e|-|c|a|c|h|e|d| |c|o|l|d| |f|i|s|s|i|o|n| |w|e|b|r|e|n|d|e|r|,102210fe594ee9b33d82058545b1ed14f4c8206e,PerceptualSpeedIndex,twitter,True,twitter PerceptualSpeedIndex opt bytecode-cached cold fission webrender,,77,ms,firefox,,1719956573,2023-06-29 19:36:56,694.9,c5ac7e957828eeda97a3af6fc706f41aa567e48e,1266292,,,,,,,,,,,,,,,,,,,,,,,,,,,,,,,,,,,,,,,,,,,,,,,,,,,,,,,,,,,,,TN,TN
autoland,4405952,13,ad8d5d1385265583919f5a224e1153902b6eef60,macosx1015-64-shippable-qr,True,False,,|b|y|t|e|c|o|d|e|-|c|a|c|h|e|d| |c|o|l|d| |f|i|s|s|i|o|n| |w|e|b|r|e|n|d|e|r|,102210fe594ee9b33d82058545b1ed14f4c8206e,PerceptualSpeedIndex,twitter,True,twitter PerceptualSpeedIndex opt bytecode-cached cold fission webrender,,77,ms,firefox,,1719976847,2023-06-29 20:41:17,685.5,e37ddb3aa508e953837fbd08afec4a2aa6f7f5ed,1266342,,,,,,,,,,,,,,,,,,,,,,,,,,,,,,,,,,,,,,,,,,,,,,,,,,,,,,,,,,,,,TN,TN
autoland,4405952,13,ad8d5d1385265583919f5a224e1153902b6eef60,macosx1015-64-shippable-qr,True,False,,|b|y|t|e|c|o|d|e|-|c|a|c|h|e|d| |c|o|l|d| |f|i|s|s|i|o|n| |w|e|b|r|e|n|d|e|r|,102210fe594ee9b33d82058545b1ed14f4c8206e,PerceptualSpeedIndex,twitter,True,twitter PerceptualSpeedIndex opt bytecode-cached cold fission webrender,,77,ms,firefox,,1720059287,2023-06-30 01:00:02,757.4,e547d8e238568d790c74653068edac30240a95c5,1266447,,,,,,,,,,,,,,,,,,,,,,,,,,,,,,,,,,,,,,,,,,,,,,,,,,,,,,,,,,,,,TN,TN
autoland,4405952,13,ad8d5d1385265583919f5a224e1153902b6eef60,macosx1015-64-shippable-qr,True,False,,|b|y|t|e|c|o|d|e|-|c|a|c|h|e|d| |c|o|l|d| |f|i|s|s|i|o|n| |w|e|b|r|e|n|d|e|r|,102210fe594ee9b33d82058545b1ed14f4c8206e,PerceptualSpeedIndex,twitter,True,twitter PerceptualSpeedIndex opt bytecode-cached cold fission webrender,,77,ms,firefox,,1720166106,2023-06-30 08:19:33,764.1,9bc27d87fa29fd921612525cc37e24f0ec3ba76b,1266526,,,,,,,,,,,,,,,,,,,,,,,,,,,,,,,,,,,,,,,,,,,,,,,,,,,,,,,,,,,,,TN,TN
autoland,4405952,13,ad8d5d1385265583919f5a224e1153902b6eef60,macosx1015-64-shippable-qr,True,False,,|b|y|t|e|c|o|d|e|-|c|a|c|h|e|d| |c|o|l|d| |f|i|s|s|i|o|n| |w|e|b|r|e|n|d|e|r|,102210fe594ee9b33d82058545b1ed14f4c8206e,PerceptualSpeedIndex,twitter,True,twitter PerceptualSpeedIndex opt bytecode-cached cold fission webrender,,77,ms,firefox,,1720261400,2023-06-30 13:51:38,750.2,0abcd848f8218f0e2d339bbd497ac60f4a3b752c,1266633,,,,,,,,,,,,,,,,,,,,,,,,,,,,,,,,,,,,,,,,,,,,,,,,,,,,,,,,,,,,,TN,TN
autoland,4405952,13,ad8d5d1385265583919f5a224e1153902b6eef60,macosx1015-64-shippable-qr,True,False,,|b|y|t|e|c|o|d|e|-|c|a|c|h|e|d| |c|o|l|d| |f|i|s|s|i|o|n| |w|e|b|r|e|n|d|e|r|,102210fe594ee9b33d82058545b1ed14f4c8206e,PerceptualSpeedIndex,twitter,True,twitter PerceptualSpeedIndex opt bytecode-cached cold fission webrender,,77,ms,firefox,,1720364864,2023-07-01 00:00:49,827.6,8ee32af33954493677c04d2dad76681d20d37c02,1266825,,,,,,,,,,,,,,,,,,,,,,,,,,,,,,,,,,,,,,,,,,,,,,,,,,,,,,,,,,,,,TN,TN
autoland,4405952,13,ad8d5d1385265583919f5a224e1153902b6eef60,macosx1015-64-shippable-qr,True,False,,|b|y|t|e|c|o|d|e|-|c|a|c|h|e|d| |c|o|l|d| |f|i|s|s|i|o|n| |w|e|b|r|e|n|d|e|r|,102210fe594ee9b33d82058545b1ed14f4c8206e,PerceptualSpeedIndex,twitter,True,twitter PerceptualSpeedIndex opt bytecode-cached cold fission webrender,,77,ms,firefox,,1720390149,2023-07-01 02:26:01,679.4,81b43c5e095f0b0407b6d1a8d4a7f92bf7115e5e,1266845,,,,,,,,,,,,,,,,,,,,,,,,,,,,,,,,,,,,,,,,,,,,,,,,,,,,,,,,,,,,,TN,TN
autoland,4405952,13,ad8d5d1385265583919f5a224e1153902b6eef60,macosx1015-64-shippable-qr,True,False,,|b|y|t|e|c|o|d|e|-|c|a|c|h|e|d| |c|o|l|d| |f|i|s|s|i|o|n| |w|e|b|r|e|n|d|e|r|,102210fe594ee9b33d82058545b1ed14f4c8206e,PerceptualSpeedIndex,twitter,True,twitter PerceptualSpeedIndex opt bytecode-cached cold fission webrender,,77,ms,firefox,,1720482095,2023-07-02 04:09:27,699.0,e8ccd4d6629a5cde6dd4011e79c55630beb87376,1266929,,,,,,,,,,,,,,,,,,,,,,,,,,,,,,,,,,,,,,,,,,,,,,,,,,,,,,,,,,,,,TN,TN
autoland,4405952,13,ad8d5d1385265583919f5a224e1153902b6eef60,macosx1015-64-shippable-qr,True,False,,|b|y|t|e|c|o|d|e|-|c|a|c|h|e|d| |c|o|l|d| |f|i|s|s|i|o|n| |w|e|b|r|e|n|d|e|r|,102210fe594ee9b33d82058545b1ed14f4c8206e,PerceptualSpeedIndex,twitter,True,twitter PerceptualSpeedIndex opt bytecode-cached cold fission webrender,,77,ms,firefox,,1720551556,2023-07-02 10:13:29,658.3,93c2b16409e05c7d2b654d2b5356a2b7742b0d18,1266947,,,,,,,,,,,,,,,,,,,,,,,,,,,,,,,,,,,,,,,,,,,,,,,,,,,,,,,,,,,,,TN,TN
autoland,4405952,13,ad8d5d1385265583919f5a224e1153902b6eef60,macosx1015-64-shippable-qr,True,False,,|b|y|t|e|c|o|d|e|-|c|a|c|h|e|d| |c|o|l|d| |f|i|s|s|i|o|n| |w|e|b|r|e|n|d|e|r|,102210fe594ee9b33d82058545b1ed14f4c8206e,PerceptualSpeedIndex,twitter,True,twitter PerceptualSpeedIndex opt bytecode-cached cold fission webrender,,77,ms,firefox,,1720583212,2023-07-02 16:18:34,689.7,8a50b880c83f70597cd2951c74b7e9420d4b55c7,1266959,,,,,,,,,,,,,,,,,,,,,,,,,,,,,,,,,,,,,,,,,,,,,,,,,,,,,,,,,,,,,TN,TN
autoland,4405952,13,ad8d5d1385265583919f5a224e1153902b6eef60,macosx1015-64-shippable-qr,True,False,,|b|y|t|e|c|o|d|e|-|c|a|c|h|e|d| |c|o|l|d| |f|i|s|s|i|o|n| |w|e|b|r|e|n|d|e|r|,102210fe594ee9b33d82058545b1ed14f4c8206e,PerceptualSpeedIndex,twitter,True,twitter PerceptualSpeedIndex opt bytecode-cached cold fission webrender,,77,ms,firefox,,1720644647,2023-07-03 04:14:26,658.9,03b04345a888d738f358fc74595aabb1dfb2685c,1267009,,,,,,,,,,,,,,,,,,,,,,,,,,,,,,,,,,,,,,,,,,,,,,,,,,,,,,,,,,,,,TN,TN
autoland,4405952,13,ad8d5d1385265583919f5a224e1153902b6eef60,macosx1015-64-shippable-qr,True,False,,|b|y|t|e|c|o|d|e|-|c|a|c|h|e|d| |c|o|l|d| |f|i|s|s|i|o|n| |w|e|b|r|e|n|d|e|r|,102210fe594ee9b33d82058545b1ed14f4c8206e,PerceptualSpeedIndex,twitter,True,twitter PerceptualSpeedIndex opt bytecode-cached cold fission webrender,,77,ms,firefox,,1720728424,2023-07-03 08:58:45,662.1,3463727761e55956f8308f38f71b1654b79497ca,1267059,,,,,,,,,,,,,,,,,,,,,,,,,,,,,,,,,,,,,,,,,,,,,,,,,,,,,,,,,,,,,TN,TN
autoland,4405952,13,ad8d5d1385265583919f5a224e1153902b6eef60,macosx1015-64-shippable-qr,True,False,,|b|y|t|e|c|o|d|e|-|c|a|c|h|e|d| |c|o|l|d| |f|i|s|s|i|o|n| |w|e|b|r|e|n|d|e|r|,102210fe594ee9b33d82058545b1ed14f4c8206e,PerceptualSpeedIndex,twitter,True,twitter PerceptualSpeedIndex opt bytecode-cached cold fission webrender,,77,ms,firefox,,1720726577,2023-07-03 08:59:44,683.6,90c1c72030a4d515720d44706816256c0a1e30a8,1267060,,,,,,,,,,,,,,,,,,,,,,,,,,,,,,,,,,,,,,,,,,,,,,,,,,,,,,,,,,,,,TN,TN
autoland,4405952,13,ad8d5d1385265583919f5a224e1153902b6eef60,macosx1015-64-shippable-qr,True,False,,|b|y|t|e|c|o|d|e|-|c|a|c|h|e|d| |c|o|l|d| |f|i|s|s|i|o|n| |w|e|b|r|e|n|d|e|r|,102210fe594ee9b33d82058545b1ed14f4c8206e,PerceptualSpeedIndex,twitter,True,twitter PerceptualSpeedIndex opt bytecode-cached cold fission webrender,,77,ms,firefox,,1720764946,2023-07-03 14:20:46,721.5,9d50665254899d8431813bdc04178e6006ce6d59,1267108,,,,,,,,,,,,,,,,,,,,,,,,,,,,,,,,,,,,,,,,,,,,,,,,,,,,,,,,,,,,,TN,TN
autoland,4405952,13,ad8d5d1385265583919f5a224e1153902b6eef60,macosx1015-64-shippable-qr,True,False,,|b|y|t|e|c|o|d|e|-|c|a|c|h|e|d| |c|o|l|d| |f|i|s|s|i|o|n| |w|e|b|r|e|n|d|e|r|,102210fe594ee9b33d82058545b1ed14f4c8206e,PerceptualSpeedIndex,twitter,True,twitter PerceptualSpeedIndex opt bytecode-cached cold fission webrender,,77,ms,firefox,,1720892324,2023-07-03 14:22:54,756.6,aeb5ae5a78c2b7650ac9946aa8d0f40e0cfe98bb,1267111,,,,,,,,,,,,,,,,,,,,,,,,,,,,,,,,,,,,,,,,,,,,,,,,,,,,,,,,,,,,,TN,TN
autoland,4405952,13,ad8d5d1385265583919f5a224e1153902b6eef60,macosx1015-64-shippable-qr,True,False,,|b|y|t|e|c|o|d|e|-|c|a|c|h|e|d| |c|o|l|d| |f|i|s|s|i|o|n| |w|e|b|r|e|n|d|e|r|,102210fe594ee9b33d82058545b1ed14f4c8206e,PerceptualSpeedIndex,twitter,True,twitter PerceptualSpeedIndex opt bytecode-cached cold fission webrender,,77,ms,firefox,,1720848662,2023-07-04 00:08:48,683.8,a820608802f2194dfc19272bf19b7124a7349b79,1267203,,,,,,,,,,,,,,,,,,,,,,,,,,,,,,,,,,,,,,,,,,,,,,,,,,,,,,,,,,,,,TN,TN
autoland,4405952,13,ad8d5d1385265583919f5a224e1153902b6eef60,macosx1015-64-shippable-qr,True,False,,|b|y|t|e|c|o|d|e|-|c|a|c|h|e|d| |c|o|l|d| |f|i|s|s|i|o|n| |w|e|b|r|e|n|d|e|r|,102210fe594ee9b33d82058545b1ed14f4c8206e,PerceptualSpeedIndex,twitter,True,twitter PerceptualSpeedIndex opt bytecode-cached cold fission webrender,,77,ms,firefox,,1720887313,2023-07-04 04:57:05,719.0,b2af19e5ff82fa8850262a0693f4941570a30474,1267245,,,,,,,,,,,,,,,,,,,,,,,,,,,,,,,,,,,,,,,,,,,,,,,,,,,,,,,,,,,,,TN,TN
autoland,4405952,13,ad8d5d1385265583919f5a224e1153902b6eef60,macosx1015-64-shippable-qr,True,False,,|b|y|t|e|c|o|d|e|-|c|a|c|h|e|d| |c|o|l|d| |f|i|s|s|i|o|n| |w|e|b|r|e|n|d|e|r|,102210fe594ee9b33d82058545b1ed14f4c8206e,PerceptualSpeedIndex,twitter,True,twitter PerceptualSpeedIndex opt bytecode-cached cold fission webrender,,77,ms,firefox,,1720980339,2023-07-04 07:10:31,730.8,54bec48c8d6e571fdfbc0694895c371fd3fd08f9,1267272,,,,,,,,,,,,,,,,,,,,,,,,,,,,,,,,,,,,,,,,,,,,,,,,,,,,,,,,,,,,,TN,TN
autoland,4405952,13,ad8d5d1385265583919f5a224e1153902b6eef60,macosx1015-64-shippable-qr,True,False,,|b|y|t|e|c|o|d|e|-|c|a|c|h|e|d| |c|o|l|d| |f|i|s|s|i|o|n| |w|e|b|r|e|n|d|e|r|,102210fe594ee9b33d82058545b1ed14f4c8206e,PerceptualSpeedIndex,twitter,True,twitter PerceptualSpeedIndex opt bytecode-cached cold fission webrender,,77,ms,firefox,,1721106456,2023-07-04 11:21:51,726.2,da13368ff947a55756c871582b1b13ffb6fa001d,1267342,,,,,,,,,,,,,,,,,,,,,,,,,,,,,,,,,,,,,,,,,,,,,,,,,,,,,,,,,,,,,TN,TN
autoland,4405952,13,ad8d5d1385265583919f5a224e1153902b6eef60,macosx1015-64-shippable-qr,True,False,,|b|y|t|e|c|o|d|e|-|c|a|c|h|e|d| |c|o|l|d| |f|i|s|s|i|o|n| |w|e|b|r|e|n|d|e|r|,102210fe594ee9b33d82058545b1ed14f4c8206e,PerceptualSpeedIndex,twitter,True,twitter PerceptualSpeedIndex opt bytecode-cached cold fission webrender,,77,ms,firefox,,1721102945,2023-07-04 11:29:32,731.2,3aa1825bf09a37959e97ac4b5eaa3cc4b236b283,1267347,,,,,,,,,,,,,,,,,,,,,,,,,,,,,,,,,,,,,,,,,,,,,,,,,,,,,,,,,,,,,TN,TN
autoland,4405952,13,ad8d5d1385265583919f5a224e1153902b6eef60,macosx1015-64-shippable-qr,True,False,,|b|y|t|e|c|o|d|e|-|c|a|c|h|e|d| |c|o|l|d| |f|i|s|s|i|o|n| |w|e|b|r|e|n|d|e|r|,102210fe594ee9b33d82058545b1ed14f4c8206e,PerceptualSpeedIndex,twitter,True,twitter PerceptualSpeedIndex opt bytecode-cached cold fission webrender,,77,ms,firefox,,1721500668,2023-07-04 15:20:28,682.1,11784c622930ff2f209c0b20dacc04fc8a7a1141,1267501,,,,,,,,,,,,,,,,,,,,,,,,,,,,,,,,,,,,,,,,,,,,,,,,,,,,,,,,,,,,,TN,TN
autoland,4405952,13,ad8d5d1385265583919f5a224e1153902b6eef60,macosx1015-64-shippable-qr,True,False,,|b|y|t|e|c|o|d|e|-|c|a|c|h|e|d| |c|o|l|d| |f|i|s|s|i|o|n| |w|e|b|r|e|n|d|e|r|,102210fe594ee9b33d82058545b1ed14f4c8206e,PerceptualSpeedIndex,twitter,True,twitter PerceptualSpeedIndex opt bytecode-cached cold fission webrender,,77,ms,firefox,,1721496694,2023-07-04 15:21:30,697.6,0b10444298656eb14e13cce5c36dc43c4a4d1bf6,1267502,,,,,,,,,,,,,,,,,,,,,,,,,,,,,,,,,,,,,,,,,,,,,,,,,,,,,,,,,,,,,TN,TN
autoland,4405952,13,ad8d5d1385265583919f5a224e1153902b6eef60,macosx1015-64-shippable-qr,True,False,,|b|y|t|e|c|o|d|e|-|c|a|c|h|e|d| |c|o|l|d| |f|i|s|s|i|o|n| |w|e|b|r|e|n|d|e|r|,102210fe594ee9b33d82058545b1ed14f4c8206e,PerceptualSpeedIndex,twitter,True,twitter PerceptualSpeedIndex opt bytecode-cached cold fission webrender,,77,ms,firefox,,1721182818,2023-07-04 15:22:25,735.4,cf717d6692eb6ff08bb1d0342645c7c6c1dcf8f7,1267503,,,,,,,,,,,,,,,,,,,,,,,,,,,,,,,,,,,,,,,,,,,,,,,,,,,,,,,,,,,,,TN,TN
autoland,4405952,13,ad8d5d1385265583919f5a224e1153902b6eef60,macosx1015-64-shippable-qr,True,False,,|b|y|t|e|c|o|d|e|-|c|a|c|h|e|d| |c|o|l|d| |f|i|s|s|i|o|n| |w|e|b|r|e|n|d|e|r|,102210fe594ee9b33d82058545b1ed14f4c8206e,PerceptualSpeedIndex,twitter,True,twitter PerceptualSpeedIndex opt bytecode-cached cold fission webrender,,77,ms,firefox,,1721320441,2023-07-04 19:21:41,698.8,a8c47414f934fc13d47ba329f04089ab17eb2407,1267627,,,,,,,,,,,,,,,,,,,,,,,,,,,,,,,,,,,,,,,,,,,,,,,,,,,,,,,,,,,,,TN,TN
autoland,4405952,13,ad8d5d1385265583919f5a224e1153902b6eef60,macosx1015-64-shippable-qr,True,False,,|b|y|t|e|c|o|d|e|-|c|a|c|h|e|d| |c|o|l|d| |f|i|s|s|i|o|n| |w|e|b|r|e|n|d|e|r|,102210fe594ee9b33d82058545b1ed14f4c8206e,PerceptualSpeedIndex,twitter,True,twitter PerceptualSpeedIndex opt bytecode-cached cold fission webrender,,77,ms,firefox,,1721369049,2023-07-04 23:33:38,747.1,3639b6891b332ea6c4ffea87bb2d1139c38b781d,1267723,,,,,,,,,,,,,,,,,,,,,,,,,,,,,,,,,,,,,,,,,,,,,,,,,,,,,,,,,,,,,TN,TN
autoland,4405952,13,ad8d5d1385265583919f5a224e1153902b6eef60,macosx1015-64-shippable-qr,True,False,,|b|y|t|e|c|o|d|e|-|c|a|c|h|e|d| |c|o|l|d| |f|i|s|s|i|o|n| |w|e|b|r|e|n|d|e|r|,102210fe594ee9b33d82058545b1ed14f4c8206e,PerceptualSpeedIndex,twitter,True,twitter PerceptualSpeedIndex opt bytecode-cached cold fission webrender,,77,ms,firefox,,1721503939,2023-07-05 03:49:13,708.8,243ab04b37e31315f3db16a95bf6535124d9edda,1267756,,,,,,,,,,,,,,,,,,,,,,,,,,,,,,,,,,,,,,,,,,,,,,,,,,,,,,,,,,,,,TN,TN
autoland,4405952,13,ad8d5d1385265583919f5a224e1153902b6eef60,macosx1015-64-shippable-qr,True,False,,|b|y|t|e|c|o|d|e|-|c|a|c|h|e|d| |c|o|l|d| |f|i|s|s|i|o|n| |w|e|b|r|e|n|d|e|r|,102210fe594ee9b33d82058545b1ed14f4c8206e,PerceptualSpeedIndex,twitter,True,twitter PerceptualSpeedIndex opt bytecode-cached cold fission webrender,,77,ms,firefox,,1721555150,2023-07-05 07:58:23,709.1,9ab7ea679b12d7e209ada3534abf7baf704fe9d4,1267796,,,,,,,,,,,,,,,,,,,,,,,,,,,,,,,,,,,,,,,,,,,,,,,,,,,,,,,,,,,,,TN,TN
autoland,4405952,13,ad8d5d1385265583919f5a224e1153902b6eef60,macosx1015-64-shippable-qr,True,False,,|b|y|t|e|c|o|d|e|-|c|a|c|h|e|d| |c|o|l|d| |f|i|s|s|i|o|n| |w|e|b|r|e|n|d|e|r|,102210fe594ee9b33d82058545b1ed14f4c8206e,PerceptualSpeedIndex,twitter,True,twitter PerceptualSpeedIndex opt bytecode-cached cold fission webrender,,77,ms,firefox,,1721639187,2023-07-05 09:46:48,674.3,e3f62ea4e59393fe53784906952e9a1417688db1,1267838,,,,,,,,,,,,,,,,,,,,,,,,,,,,,,,,,,,,,,,,,,,,,,,,,,,,,,,,,,,,,TN,TN
autoland,4405952,13,ad8d5d1385265583919f5a224e1153902b6eef60,macosx1015-64-shippable-qr,True,False,,|b|y|t|e|c|o|d|e|-|c|a|c|h|e|d| |c|o|l|d| |f|i|s|s|i|o|n| |w|e|b|r|e|n|d|e|r|,102210fe594ee9b33d82058545b1ed14f4c8206e,PerceptualSpeedIndex,twitter,True,twitter PerceptualSpeedIndex opt bytecode-cached cold fission webrender,,77,ms,firefox,,1721869353,2023-07-05 14:18:53,702.2,cee4ab20ddeef57e9b72447e753e72ed2eb244cf,1267963,,,,,,,,,,,,,,,,,,,,,,,,,,,,,,,,,,,,,,,,,,,,,,,,,,,,,,,,,,,,,TN,TN
autoland,4405952,13,ad8d5d1385265583919f5a224e1153902b6eef60,macosx1015-64-shippable-qr,True,False,,|b|y|t|e|c|o|d|e|-|c|a|c|h|e|d| |c|o|l|d| |f|i|s|s|i|o|n| |w|e|b|r|e|n|d|e|r|,102210fe594ee9b33d82058545b1ed14f4c8206e,PerceptualSpeedIndex,twitter,True,twitter PerceptualSpeedIndex opt bytecode-cached cold fission webrender,,77,ms,firefox,,1721880397,2023-07-05 14:38:06,633.8,4613dfbe6bc2e60b1159da46db2edee3018423e1,1267976,,,,,,,,,,,,,,,,,,,,,,,,,,,,,,,,,,,,,,,,,,,,,,,,,,,,,,,,,,,,,TN,TN
autoland,4405952,13,ad8d5d1385265583919f5a224e1153902b6eef60,macosx1015-64-shippable-qr,True,False,,|b|y|t|e|c|o|d|e|-|c|a|c|h|e|d| |c|o|l|d| |f|i|s|s|i|o|n| |w|e|b|r|e|n|d|e|r|,102210fe594ee9b33d82058545b1ed14f4c8206e,PerceptualSpeedIndex,twitter,True,twitter PerceptualSpeedIndex opt bytecode-cached cold fission webrender,,77,ms,firefox,,1721936689,2023-07-05 18:29:49,746.3,674dc1b6026b9fc62707f0df292dfaf1ba6557f1,1268132,,,,,,,,,,,,,,,,,,,,,,,,,,,,,,,,,,,,,,,,,,,,,,,,,,,,,,,,,,,,,TN,TN
autoland,4405952,13,ad8d5d1385265583919f5a224e1153902b6eef60,macosx1015-64-shippable-qr,True,False,,|b|y|t|e|c|o|d|e|-|c|a|c|h|e|d| |c|o|l|d| |f|i|s|s|i|o|n| |w|e|b|r|e|n|d|e|r|,102210fe594ee9b33d82058545b1ed14f4c8206e,PerceptualSpeedIndex,twitter,True,twitter PerceptualSpeedIndex opt bytecode-cached cold fission webrender,,77,ms,firefox,,1721949894,2023-07-05 21:03:11,854.3,712427656ebd8d82b78a42d8e45b973aa7c220d7,1268236,,,,,,,,,,,,,,,,,,,,,,,,,,,,,,,,,,,,,,,,,,,,,,,,,,,,,,,,,,,,,TN,TN
autoland,4405952,13,ad8d5d1385265583919f5a224e1153902b6eef60,macosx1015-64-shippable-qr,True,False,,|b|y|t|e|c|o|d|e|-|c|a|c|h|e|d| |c|o|l|d| |f|i|s|s|i|o|n| |w|e|b|r|e|n|d|e|r|,102210fe594ee9b33d82058545b1ed14f4c8206e,PerceptualSpeedIndex,twitter,True,twitter PerceptualSpeedIndex opt bytecode-cached cold fission webrender,,77,ms,firefox,,1722016181,2023-07-06 01:07:34,758.8,a0647e42fb1f509d753d2baacd7858b3ee9a8821,1268349,,,,,,,,,,,,,,,,,,,,,,,,,,,,,,,,,,,,,,,,,,,,,,,,,,,,,,,,,,,,,TN,TN
autoland,4405952,13,ad8d5d1385265583919f5a224e1153902b6eef60,macosx1015-64-shippable-qr,True,False,,|b|y|t|e|c|o|d|e|-|c|a|c|h|e|d| |c|o|l|d| |f|i|s|s|i|o|n| |w|e|b|r|e|n|d|e|r|,102210fe594ee9b33d82058545b1ed14f4c8206e,PerceptualSpeedIndex,twitter,True,twitter PerceptualSpeedIndex opt bytecode-cached cold fission webrender,,77,ms,firefox,,1722109401,2023-07-06 06:12:07,782.2,1ba8085e68676425907973397d26e7417c1c4a74,1268405,,,,,,,,,,,,,,,,,,,,,,,,,,,,,,,,,,,,,,,,,,,,,,,,,,,,,,,,,,,,,TN,TN
autoland,4405952,13,ad8d5d1385265583919f5a224e1153902b6eef60,macosx1015-64-shippable-qr,True,False,,|b|y|t|e|c|o|d|e|-|c|a|c|h|e|d| |c|o|l|d| |f|i|s|s|i|o|n| |w|e|b|r|e|n|d|e|r|,102210fe594ee9b33d82058545b1ed14f4c8206e,PerceptualSpeedIndex,twitter,True,twitter PerceptualSpeedIndex opt bytecode-cached cold fission webrender,,77,ms,firefox,,1722317757,2023-07-06 11:48:20,768.7,becc2fa2c186914b1a887e40e6f0e9a6643273eb,1268565,,,,,,,,,,,,,,,,,,,,,,,,,,,,,,,,,,,,,,,,,,,,,,,,,,,,,,,,,,,,,TN,TN
autoland,4405952,13,ad8d5d1385265583919f5a224e1153902b6eef60,macosx1015-64-shippable-qr,True,False,,|b|y|t|e|c|o|d|e|-|c|a|c|h|e|d| |c|o|l|d| |f|i|s|s|i|o|n| |w|e|b|r|e|n|d|e|r|,102210fe594ee9b33d82058545b1ed14f4c8206e,PerceptualSpeedIndex,twitter,True,twitter PerceptualSpeedIndex opt bytecode-cached cold fission webrender,,77,ms,firefox,,1722555060,2023-07-06 12:38:53,685.3,5b919b11b30bcc659d499c9290a54c3f91d96bd2,1268598,,,,,,,,,,,,,,,,,,,,,,,,,,,,,,,,,,,,,,,,,,,,,,,,,,,,,,,,,,,,,TN,TN
autoland,4405952,13,ad8d5d1385265583919f5a224e1153902b6eef60,macosx1015-64-shippable-qr,True,False,,|b|y|t|e|c|o|d|e|-|c|a|c|h|e|d| |c|o|l|d| |f|i|s|s|i|o|n| |w|e|b|r|e|n|d|e|r|,102210fe594ee9b33d82058545b1ed14f4c8206e,PerceptualSpeedIndex,twitter,True,twitter PerceptualSpeedIndex opt bytecode-cached cold fission webrender,,77,ms,firefox,,1722494002,2023-07-06 16:43:39,726.2,433f58fbe4180052220b584f15de1d1d6fda065a,1268777,,,,,,,,,,,,,,,,,,,,,,,,,,,,,,,,,,,,,,,,,,,,,,,,,,,,,,,,,,,,,TN,TN
autoland,4405952,13,ad8d5d1385265583919f5a224e1153902b6eef60,macosx1015-64-shippable-qr,True,False,,|b|y|t|e|c|o|d|e|-|c|a|c|h|e|d| |c|o|l|d| |f|i|s|s|i|o|n| |w|e|b|r|e|n|d|e|r|,102210fe594ee9b33d82058545b1ed14f4c8206e,PerceptualSpeedIndex,twitter,True,twitter PerceptualSpeedIndex opt bytecode-cached cold fission webrender,,77,ms,firefox,,1722562167,2023-07-06 18:39:07,719.5,08f072ae172f3d48b0361ca0d34ead8a0b254e60,1268845,,,,,,,,,,,,,,,,,,,,,,,,,,,,,,,,,,,,,,,,,,,,,,,,,,,,,,,,,,,,,TN,TN
autoland,4405952,13,ad8d5d1385265583919f5a224e1153902b6eef60,macosx1015-64-shippable-qr,True,False,,|b|y|t|e|c|o|d|e|-|c|a|c|h|e|d| |c|o|l|d| |f|i|s|s|i|o|n| |w|e|b|r|e|n|d|e|r|,102210fe594ee9b33d82058545b1ed14f4c8206e,PerceptualSpeedIndex,twitter,True,twitter PerceptualSpeedIndex opt bytecode-cached cold fission webrender,,77,ms,firefox,,1722576298,2023-07-06 20:44:41,698.3,2c6190b6ecb6ab8933a296c08e753c060a3c2e9b,1268939,,,,,,,,,,,,,,,,,,,,,,,,,,,,,,,,,,,,,,,,,,,,,,,,,,,,,,,,,,,,,TN,TN
autoland,4405952,13,ad8d5d1385265583919f5a224e1153902b6eef60,macosx1015-64-shippable-qr,True,False,,|b|y|t|e|c|o|d|e|-|c|a|c|h|e|d| |c|o|l|d| |f|i|s|s|i|o|n| |w|e|b|r|e|n|d|e|r|,102210fe594ee9b33d82058545b1ed14f4c8206e,PerceptualSpeedIndex,twitter,True,twitter PerceptualSpeedIndex opt bytecode-cached cold fission webrender,,77,ms,firefox,,1722654595,2023-07-07 00:51:02,638.4,acd3d81337398ace5cd75f251f18da388ed281fa,1269038,,,,,,,,,,,,,,,,,,,,,,,,,,,,,,,,,,,,,,,,,,,,,,,,,,,,,,,,,,,,,TN,TN
autoland,4405952,13,ad8d5d1385265583919f5a224e1153902b6eef60,macosx1015-64-shippable-qr,True,False,,|b|y|t|e|c|o|d|e|-|c|a|c|h|e|d| |c|o|l|d| |f|i|s|s|i|o|n| |w|e|b|r|e|n|d|e|r|,102210fe594ee9b33d82058545b1ed14f4c8206e,PerceptualSpeedIndex,twitter,True,twitter PerceptualSpeedIndex opt bytecode-cached cold fission webrender,,77,ms,firefox,,1722669716,2023-07-07 01:49:15,665.0,013763c5f493c6232cfa8502e7bcec4b151d9161,1269055,,,,,,,,,,,,,,,,,,,,,,,,,,,,,,,,,,,,,,,,,,,,,,,,,,,,,,,,,,,,,TN,TN
autoland,4405952,13,ad8d5d1385265583919f5a224e1153902b6eef60,macosx1015-64-shippable-qr,True,False,,|b|y|t|e|c|o|d|e|-|c|a|c|h|e|d| |c|o|l|d| |f|i|s|s|i|o|n| |w|e|b|r|e|n|d|e|r|,102210fe594ee9b33d82058545b1ed14f4c8206e,PerceptualSpeedIndex,twitter,True,twitter PerceptualSpeedIndex opt bytecode-cached cold fission webrender,,77,ms,firefox,,1722702512,2023-07-07 06:17:26,687.9,e4d87ff75575880ea0c0fa09b316e360e4d9492f,1269097,,,,,,,,,,,,,,,,,,,,,,,,,,,,,,,,,,,,,,,,,,,,,,,,,,,,,,,,,,,,,TN,TN
autoland,4405952,13,ad8d5d1385265583919f5a224e1153902b6eef60,macosx1015-64-shippable-qr,True,False,,|b|y|t|e|c|o|d|e|-|c|a|c|h|e|d| |c|o|l|d| |f|i|s|s|i|o|n| |w|e|b|r|e|n|d|e|r|,102210fe594ee9b33d82058545b1ed14f4c8206e,PerceptualSpeedIndex,twitter,True,twitter PerceptualSpeedIndex opt bytecode-cached cold fission webrender,,77,ms,firefox,,1722807649,2023-07-07 10:08:37,737.3,3a88b97290a0fe46c6fbfcf6dacd91c6b6900aeb,1269195,,,,,,,,,,,,,,,,,,,,,,,,,,,,,,,,,,,,,,,,,,,,,,,,,,,,,,,,,,,,,TN,TN
autoland,4405952,13,ad8d5d1385265583919f5a224e1153902b6eef60,macosx1015-64-shippable-qr,True,False,,|b|y|t|e|c|o|d|e|-|c|a|c|h|e|d| |c|o|l|d| |f|i|s|s|i|o|n| |w|e|b|r|e|n|d|e|r|,102210fe594ee9b33d82058545b1ed14f4c8206e,PerceptualSpeedIndex,twitter,True,twitter PerceptualSpeedIndex opt bytecode-cached cold fission webrender,,77,ms,firefox,,1722906985,2023-07-07 14:06:48,723.5,fb62b8660fcaa40ecb0be50aa61ba8005dcbba27,1269286,,,,,,,,,,,,,,,,,,,,,,,,,,,,,,,,,,,,,,,,,,,,,,,,,,,,,,,,,,,,,TN,TN
autoland,4405952,13,ad8d5d1385265583919f5a224e1153902b6eef60,macosx1015-64-shippable-qr,True,False,,|b|y|t|e|c|o|d|e|-|c|a|c|h|e|d| |c|o|l|d| |f|i|s|s|i|o|n| |w|e|b|r|e|n|d|e|r|,102210fe594ee9b33d82058545b1ed14f4c8206e,PerceptualSpeedIndex,twitter,True,twitter PerceptualSpeedIndex opt bytecode-cached cold fission webrender,,77,ms,firefox,,1722990863,2023-07-07 16:51:44,683.3,43977d30a10af8e193044a9aa578f2bc8b33edf7,1269420,,,,,,,,,,,,,,,,,,,,,,,,,,,,,,,,,,,,,,,,,,,,,,,,,,,,,,,,,,,,,TN,TN
autoland,4405952,13,ad8d5d1385265583919f5a224e1153902b6eef60,macosx1015-64-shippable-qr,True,False,,|b|y|t|e|c|o|d|e|-|c|a|c|h|e|d| |c|o|l|d| |f|i|s|s|i|o|n| |w|e|b|r|e|n|d|e|r|,102210fe594ee9b33d82058545b1ed14f4c8206e,PerceptualSpeedIndex,twitter,True,twitter PerceptualSpeedIndex opt bytecode-cached cold fission webrender,,77,ms,firefox,,1723213031,2023-07-08 02:51:52,702.7,d2be18e8ce8cd63eaddb8f012d582a2863075164,1269678,,,,,,,,,,,,,,,,,,,,,,,,,,,,,,,,,,,,,,,,,,,,,,,,,,,,,,,,,,,,,TN,TN
autoland,4405952,13,ad8d5d1385265583919f5a224e1153902b6eef60,macosx1015-64-shippable-qr,True,False,,|b|y|t|e|c|o|d|e|-|c|a|c|h|e|d| |c|o|l|d| |f|i|s|s|i|o|n| |w|e|b|r|e|n|d|e|r|,102210fe594ee9b33d82058545b1ed14f4c8206e,PerceptualSpeedIndex,twitter,True,twitter PerceptualSpeedIndex opt bytecode-cached cold fission webrender,,77,ms,firefox,,1723243904,2023-07-08 06:55:09,710.6,ef7d9ea0c3f751e7c525a136923c9c404c297b1f,1269687,,,,,,,,,,,,,,,,,,,,,,,,,,,,,,,,,,,,,,,,,,,,,,,,,,,,,,,,,,,,,TN,TN
autoland,4405952,13,ad8d5d1385265583919f5a224e1153902b6eef60,macosx1015-64-shippable-qr,True,False,,|b|y|t|e|c|o|d|e|-|c|a|c|h|e|d| |c|o|l|d| |f|i|s|s|i|o|n| |w|e|b|r|e|n|d|e|r|,102210fe594ee9b33d82058545b1ed14f4c8206e,PerceptualSpeedIndex,twitter,True,twitter PerceptualSpeedIndex opt bytecode-cached cold fission webrender,,77,ms,firefox,,1723360651,2023-07-08 13:13:32,725.1,ee68eebc7bfd59157569f7de331974b06e765482,1269721,,,,,,,,,,,,,,,,,,,,,,,,,,,,,,,,,,,,,,,,,,,,,,,,,,,,,,,,,,,,,TN,TN
autoland,4405952,13,ad8d5d1385265583919f5a224e1153902b6eef60,macosx1015-64-shippable-qr,True,False,,|b|y|t|e|c|o|d|e|-|c|a|c|h|e|d| |c|o|l|d| |f|i|s|s|i|o|n| |w|e|b|r|e|n|d|e|r|,102210fe594ee9b33d82058545b1ed14f4c8206e,PerceptualSpeedIndex,twitter,True,twitter PerceptualSpeedIndex opt bytecode-cached cold fission webrender,,77,ms,firefox,,1723374005,2023-07-08 13:22:34,660.1,3809d32977a2db97fd06c8fd3214256dc18af9a0,1269723,,,,,,,,,,,,,,,,,,,,,,,,,,,,,,,,,,,,,,,,,,,,,,,,,,,,,,,,,,,,,TN,TN
autoland,4405952,13,ad8d5d1385265583919f5a224e1153902b6eef60,macosx1015-64-shippable-qr,True,False,,|b|y|t|e|c|o|d|e|-|c|a|c|h|e|d| |c|o|l|d| |f|i|s|s|i|o|n| |w|e|b|r|e|n|d|e|r|,102210fe594ee9b33d82058545b1ed14f4c8206e,PerceptualSpeedIndex,twitter,True,twitter PerceptualSpeedIndex opt bytecode-cached cold fission webrender,,77,ms,firefox,,1723423482,2023-07-08 18:13:28,660.7,3b3b41fc7f1dad97415448fb4652eb636903a02a,1269751,,,,,,,,,,,,,,,,,,,,,,,,,,,,,,,,,,,,,,,,,,,,,,,,,,,,,,,,,,,,,TN,TN
autoland,4405952,13,ad8d5d1385265583919f5a224e1153902b6eef60,macosx1015-64-shippable-qr,True,False,,|b|y|t|e|c|o|d|e|-|c|a|c|h|e|d| |c|o|l|d| |f|i|s|s|i|o|n| |w|e|b|r|e|n|d|e|r|,102210fe594ee9b33d82058545b1ed14f4c8206e,PerceptualSpeedIndex,twitter,True,twitter PerceptualSpeedIndex opt bytecode-cached cold fission webrender,,77,ms,firefox,,1723490244,2023-07-08 22:36:06,712.0,47c72d2828f6f406fbe77758e1ae8cd7837af977,1269766,,,,,,,,,,,,,,,,,,,,,,,,,,,,,,,,,,,,,,,,,,,,,,,,,,,,,,,,,,,,,TN,TN
autoland,4405952,13,ad8d5d1385265583919f5a224e1153902b6eef60,macosx1015-64-shippable-qr,True,False,,|b|y|t|e|c|o|d|e|-|c|a|c|h|e|d| |c|o|l|d| |f|i|s|s|i|o|n| |w|e|b|r|e|n|d|e|r|,102210fe594ee9b33d82058545b1ed14f4c8206e,PerceptualSpeedIndex,twitter,True,twitter PerceptualSpeedIndex opt bytecode-cached cold fission webrender,,77,ms,firefox,,1723514300,2023-07-09 03:04:33,787.1,2ac0f03815253b96c145a52b1762ed04c50f079d,1269805,,,,,,,,,,,,,,,,,,,,,,,,,,,,,,,,,,,,,,,,,,,,,,,,,,,,,,,,,,,,,TN,TN
autoland,4405952,13,ad8d5d1385265583919f5a224e1153902b6eef60,macosx1015-64-shippable-qr,True,False,,|b|y|t|e|c|o|d|e|-|c|a|c|h|e|d| |c|o|l|d| |f|i|s|s|i|o|n| |w|e|b|r|e|n|d|e|r|,102210fe594ee9b33d82058545b1ed14f4c8206e,PerceptualSpeedIndex,twitter,True,twitter PerceptualSpeedIndex opt bytecode-cached cold fission webrender,,77,ms,firefox,,1723580294,2023-07-09 11:37:17,704.7,60d4eb46c8b40ab0cd000c9ef298c63c45539be7,1269836,,,,,,,,,,,,,,,,,,,,,,,,,,,,,,,,,,,,,,,,,,,,,,,,,,,,,,,,,,,,,TN,TN
autoland,4405952,13,ad8d5d1385265583919f5a224e1153902b6eef60,macosx1015-64-shippable-qr,True,False,,|b|y|t|e|c|o|d|e|-|c|a|c|h|e|d| |c|o|l|d| |f|i|s|s|i|o|n| |w|e|b|r|e|n|d|e|r|,102210fe594ee9b33d82058545b1ed14f4c8206e,PerceptualSpeedIndex,twitter,True,twitter PerceptualSpeedIndex opt bytecode-cached cold fission webrender,,77,ms,firefox,,1723627986,2023-07-09 16:14:27,716.1,38657e8c266f862cee349b298d0679f6617a8a63,1269855,,,,,,,,,,,,,,,,,,,,,,,,,,,,,,,,,,,,,,,,,,,,,,,,,,,,,,,,,,,,,TN,TN
autoland,4405952,13,ad8d5d1385265583919f5a224e1153902b6eef60,macosx1015-64-shippable-qr,True,False,,|b|y|t|e|c|o|d|e|-|c|a|c|h|e|d| |c|o|l|d| |f|i|s|s|i|o|n| |w|e|b|r|e|n|d|e|r|,102210fe594ee9b33d82058545b1ed14f4c8206e,PerceptualSpeedIndex,twitter,True,twitter PerceptualSpeedIndex opt bytecode-cached cold fission webrender,,77,ms,firefox,,1723646467,2023-07-09 17:38:49,769.6,91d2d276f13316b73f0fed743d543009fcfade03,1269870,,,,,,,,,,,,,,,,,,,,,,,,,,,,,,,,,,,,,,,,,,,,,,,,,,,,,,,,,,,,,TN,TN
autoland,4405952,13,ad8d5d1385265583919f5a224e1153902b6eef60,macosx1015-64-shippable-qr,True,False,,|b|y|t|e|c|o|d|e|-|c|a|c|h|e|d| |c|o|l|d| |f|i|s|s|i|o|n| |w|e|b|r|e|n|d|e|r|,102210fe594ee9b33d82058545b1ed14f4c8206e,PerceptualSpeedIndex,twitter,True,twitter PerceptualSpeedIndex opt bytecode-cached cold fission webrender,,77,ms,firefox,,1723719402,2023-07-09 22:03:27,725.1,5497748101b60ab9149d6616e70cabc4c11c6cb5,1269918,,,,,,,,,,,,,,,,,,,,,,,,,,,,,,,,,,,,,,,,,,,,,,,,,,,,,,,,,,,,,TN,TN
autoland,4405952,13,ad8d5d1385265583919f5a224e1153902b6eef60,macosx1015-64-shippable-qr,True,False,,|b|y|t|e|c|o|d|e|-|c|a|c|h|e|d| |c|o|l|d| |f|i|s|s|i|o|n| |w|e|b|r|e|n|d|e|r|,102210fe594ee9b33d82058545b1ed14f4c8206e,PerceptualSpeedIndex,twitter,True,twitter PerceptualSpeedIndex opt bytecode-cached cold fission webrender,,77,ms,firefox,,1723832144,2023-07-10 02:33:11,725.0,aaa3698312c56a08a7b405178ee462fe3c2a30e7,1269963,,,,,,,,,,,,,,,,,,,,,,,,,,,,,,,,,,,,,,,,,,,,,,,,,,,,,,,,,,,,,TN,TN
autoland,4405952,13,ad8d5d1385265583919f5a224e1153902b6eef60,macosx1015-64-shippable-qr,True,False,,|b|y|t|e|c|o|d|e|-|c|a|c|h|e|d| |c|o|l|d| |f|i|s|s|i|o|n| |w|e|b|r|e|n|d|e|r|,102210fe594ee9b33d82058545b1ed14f4c8206e,PerceptualSpeedIndex,twitter,True,twitter PerceptualSpeedIndex opt bytecode-cached cold fission webrender,,77,ms,firefox,,1724098293,2023-07-10 13:07:04,771.0,70fb59178ff21c468afeb592869c28371401db6a,1270176,,,,,,,,,,,,,,,,,,,,,,,,,,,,,,,,,,,,,,,,,,,,,,,,,,,,,,,,,,,,,TN,TN
autoland,4405952,13,ad8d5d1385265583919f5a224e1153902b6eef60,macosx1015-64-shippable-qr,True,False,,|b|y|t|e|c|o|d|e|-|c|a|c|h|e|d| |c|o|l|d| |f|i|s|s|i|o|n| |w|e|b|r|e|n|d|e|r|,102210fe594ee9b33d82058545b1ed14f4c8206e,PerceptualSpeedIndex,twitter,True,twitter PerceptualSpeedIndex opt bytecode-cached cold fission webrender,,77,ms,firefox,,1724105109,2023-07-10 14:01:57,811.6,e31033710cfe590d9e7deda75757f71ddef34207,1270199,,,,,,,,,,,,,,,,,,,,,,,,,,,,,,,,,,,,,,,,,,,,,,,,,,,,,,,,,,,,,TN,TN
autoland,4405952,13,ad8d5d1385265583919f5a224e1153902b6eef60,macosx1015-64-shippable-qr,True,False,,|b|y|t|e|c|o|d|e|-|c|a|c|h|e|d| |c|o|l|d| |f|i|s|s|i|o|n| |w|e|b|r|e|n|d|e|r|,102210fe594ee9b33d82058545b1ed14f4c8206e,PerceptualSpeedIndex,twitter,True,twitter PerceptualSpeedIndex opt bytecode-cached cold fission webrender,,77,ms,firefox,,1724236668,2023-07-10 18:14:55,691.2,1c909f267af625b4c370b6735113e1cafc94bbad,1270330,,,,,,,,,,,,,,,,,,,,,,,,,,,,,,,,,,,,,,,,,,,,,,,,,,,,,,,,,,,,,TN,TN
autoland,4405952,13,ad8d5d1385265583919f5a224e1153902b6eef60,macosx1015-64-shippable-qr,True,False,,|b|y|t|e|c|o|d|e|-|c|a|c|h|e|d| |c|o|l|d| |f|i|s|s|i|o|n| |w|e|b|r|e|n|d|e|r|,102210fe594ee9b33d82058545b1ed14f4c8206e,PerceptualSpeedIndex,twitter,True,twitter PerceptualSpeedIndex opt bytecode-cached cold fission webrender,,77,ms,firefox,,1724399429,2023-07-10 18:29:35,657.1,30b26799c81ba6f393a26ac1dec94fc65c700ae2,1270336,,,,,,,,,,,,,,,,,,,,,,,,,,,,,,,,,,,,,,,,,,,,,,,,,,,,,,,,,,,,,TN,TN
autoland,4405952,13,ad8d5d1385265583919f5a224e1153902b6eef60,macosx1015-64-shippable-qr,True,False,,|b|y|t|e|c|o|d|e|-|c|a|c|h|e|d| |c|o|l|d| |f|i|s|s|i|o|n| |w|e|b|r|e|n|d|e|r|,102210fe594ee9b33d82058545b1ed14f4c8206e,PerceptualSpeedIndex,twitter,True,twitter PerceptualSpeedIndex opt bytecode-cached cold fission webrender,,77,ms,firefox,,1724404380,2023-07-10 18:33:19,680.3,96f24646390be39f604f0815e8fdc2560d4608be,1270340,,,,,,,,,,,,,,,,,,,,,,,,,,,,,,,,,,,,,,,,,,,,,,,,,,,,,,,,,,,,,TN,TN
autoland,4405952,13,ad8d5d1385265583919f5a224e1153902b6eef60,macosx1015-64-shippable-qr,True,False,,|b|y|t|e|c|o|d|e|-|c|a|c|h|e|d| |c|o|l|d| |f|i|s|s|i|o|n| |w|e|b|r|e|n|d|e|r|,102210fe594ee9b33d82058545b1ed14f4c8206e,PerceptualSpeedIndex,twitter,True,twitter PerceptualSpeedIndex opt bytecode-cached cold fission webrender,,77,ms,firefox,,1724239330,2023-07-10 19:48:56,675.8,923b28f88778b9de2f2a694c75dcb313148c0fc5,1270385,,,,,,,,,,,,,,,,,,,,,,,,,,,,,,,,,,,,,,,,,,,,,,,,,,,,,,,,,,,,,TN,TN
autoland,4405952,13,ad8d5d1385265583919f5a224e1153902b6eef60,macosx1015-64-shippable-qr,True,False,,|b|y|t|e|c|o|d|e|-|c|a|c|h|e|d| |c|o|l|d| |f|i|s|s|i|o|n| |w|e|b|r|e|n|d|e|r|,102210fe594ee9b33d82058545b1ed14f4c8206e,PerceptualSpeedIndex,twitter,True,twitter PerceptualSpeedIndex opt bytecode-cached cold fission webrender,,77,ms,firefox,,1724349182,2023-07-11 01:42:54,730.0,b6a3e16c65e1298418f1aaf966dd3071d644075b,1270560,,,,,,,,,,,,,,,,,,,,,,,,,,,,,,,,,,,,,,,,,,,,,,,,,,,,,,,,,,,,,TN,TN
autoland,4405952,13,ad8d5d1385265583919f5a224e1153902b6eef60,macosx1015-64-shippable-qr,True,False,,|b|y|t|e|c|o|d|e|-|c|a|c|h|e|d| |c|o|l|d| |f|i|s|s|i|o|n| |w|e|b|r|e|n|d|e|r|,102210fe594ee9b33d82058545b1ed14f4c8206e,PerceptualSpeedIndex,twitter,True,twitter PerceptualSpeedIndex opt bytecode-cached cold fission webrender,,77,ms,firefox,,1724431527,2023-07-11 06:35:00,732.4,bd6b3707b0b4eb7dd36fd65f81325cd71a20ab43,1270619,,,,,,,,,,,,,,,,,,,,,,,,,,,,,,,,,,,,,,,,,,,,,,,,,,,,,,,,,,,,,TN,TN
autoland,4405952,13,ad8d5d1385265583919f5a224e1153902b6eef60,macosx1015-64-shippable-qr,True,False,,|b|y|t|e|c|o|d|e|-|c|a|c|h|e|d| |c|o|l|d| |f|i|s|s|i|o|n| |w|e|b|r|e|n|d|e|r|,102210fe594ee9b33d82058545b1ed14f4c8206e,PerceptualSpeedIndex,twitter,True,twitter PerceptualSpeedIndex opt bytecode-cached cold fission webrender,,77,ms,firefox,,1724498503,2023-07-11 08:55:46,703.0,6f3d3f416c953a7c5f64b907c4afb5906a1868a3,1270644,,,,,,,,,,,,,,,,,,,,,,,,,,,,,,,,,,,,,,,,,,,,,,,,,,,,,,,,,,,,,TN,TN
autoland,4405952,13,ad8d5d1385265583919f5a224e1153902b6eef60,macosx1015-64-shippable-qr,True,False,,|b|y|t|e|c|o|d|e|-|c|a|c|h|e|d| |c|o|l|d| |f|i|s|s|i|o|n| |w|e|b|r|e|n|d|e|r|,102210fe594ee9b33d82058545b1ed14f4c8206e,PerceptualSpeedIndex,twitter,True,twitter PerceptualSpeedIndex opt bytecode-cached cold fission webrender,,77,ms,firefox,,1724597092,2023-07-11 13:33:02,689.0,0c47c1159e0a060ee709f9f8f854bfad27f86c85,1270792,,,,,,,,,,,,,,,,,,,,,,,,,,,,,,,,,,,,,,,,,,,,,,,,,,,,,,,,,,,,,TN,TN
autoland,4405952,13,ad8d5d1385265583919f5a224e1153902b6eef60,macosx1015-64-shippable-qr,True,False,,|b|y|t|e|c|o|d|e|-|c|a|c|h|e|d| |c|o|l|d| |f|i|s|s|i|o|n| |w|e|b|r|e|n|d|e|r|,102210fe594ee9b33d82058545b1ed14f4c8206e,PerceptualSpeedIndex,twitter,True,twitter PerceptualSpeedIndex opt bytecode-cached cold fission webrender,,77,ms,firefox,,1724643161,2023-07-11 14:06:52,657.7,3100a08eeee126bc592700ba015d42a4eeabd552,1270802,,,,,,,,,,,,,,,,,,,,,,,,,,,,,,,,,,,,,,,,,,,,,,,,,,,,,,,,,,,,,TN,TN
autoland,4405952,13,ad8d5d1385265583919f5a224e1153902b6eef60,macosx1015-64-shippable-qr,True,False,,|b|y|t|e|c|o|d|e|-|c|a|c|h|e|d| |c|o|l|d| |f|i|s|s|i|o|n| |w|e|b|r|e|n|d|e|r|,102210fe594ee9b33d82058545b1ed14f4c8206e,PerceptualSpeedIndex,twitter,True,twitter PerceptualSpeedIndex opt bytecode-cached cold fission webrender,,77,ms,firefox,,1724787088,2023-07-11 18:36:01,744.4,87db7bb709335405232188624e8b3fa9990fd678,1270977,,,,,,,,,,,,,,,,,,,,,,,,,,,,,,,,,,,,,,,,,,,,,,,,,,,,,,,,,,,,,TN,TN
autoland,4405952,13,ad8d5d1385265583919f5a224e1153902b6eef60,macosx1015-64-shippable-qr,True,False,,|b|y|t|e|c|o|d|e|-|c|a|c|h|e|d| |c|o|l|d| |f|i|s|s|i|o|n| |w|e|b|r|e|n|d|e|r|,102210fe594ee9b33d82058545b1ed14f4c8206e,PerceptualSpeedIndex,twitter,True,twitter PerceptualSpeedIndex opt bytecode-cached cold fission webrender,,77,ms,firefox,,1724905449,2023-07-11 22:00:07,712.0,799309422d5f66cd280bc2aa8f49a203faaf670f,1271127,,,,,,,,,,,,,,,,,,,,,,,,,,,,,,,,,,,,,,,,,,,,,,,,,,,,,,,,,,,,,TN,TN
autoland,4405952,13,ad8d5d1385265583919f5a224e1153902b6eef60,macosx1015-64-shippable-qr,True,False,,|b|y|t|e|c|o|d|e|-|c|a|c|h|e|d| |c|o|l|d| |f|i|s|s|i|o|n| |w|e|b|r|e|n|d|e|r|,102210fe594ee9b33d82058545b1ed14f4c8206e,PerceptualSpeedIndex,twitter,True,twitter PerceptualSpeedIndex opt bytecode-cached cold fission webrender,,77,ms,firefox,,1724942552,2023-07-12 03:43:13,663.4,409794f954d9150f8da58e49d75898a655aca25d,1271221,,,,,,,,,,,,,,,,,,,,,,,,,,,,,,,,,,,,,,,,,,,,,,,,,,,,,,,,,,,,,TN,TN
autoland,4405952,13,ad8d5d1385265583919f5a224e1153902b6eef60,macosx1015-64-shippable-qr,True,False,,|b|y|t|e|c|o|d|e|-|c|a|c|h|e|d| |c|o|l|d| |f|i|s|s|i|o|n| |w|e|b|r|e|n|d|e|r|,102210fe594ee9b33d82058545b1ed14f4c8206e,PerceptualSpeedIndex,twitter,True,twitter PerceptualSpeedIndex opt bytecode-cached cold fission webrender,,77,ms,firefox,,1724998545,2023-07-12 07:41:52,713.2,3df39b644daab1c941ea8f68e6f1e1018058b95e,1271289,,,,,,,,,,,,,,,,,,,,,,,,,,,,,,,,,,,,,,,,,,,,,,,,,,,,,,,,,,,,,TN,TN
autoland,4405952,13,ad8d5d1385265583919f5a224e1153902b6eef60,macosx1015-64-shippable-qr,True,False,,|b|y|t|e|c|o|d|e|-|c|a|c|h|e|d| |c|o|l|d| |f|i|s|s|i|o|n| |w|e|b|r|e|n|d|e|r|,102210fe594ee9b33d82058545b1ed14f4c8206e,PerceptualSpeedIndex,twitter,True,twitter PerceptualSpeedIndex opt bytecode-cached cold fission webrender,,77,ms,firefox,,1725191753,2023-07-12 11:57:10,713.2,323cd57deb4d5a322c892f49b9141687d7561c0b,1271397,,,,,,,,,,,,,,,,,,,,,,,,,,,,,,,,,,,,,,,,,,,,,,,,,,,,,,,,,,,,,TN,TN
autoland,4405952,13,ad8d5d1385265583919f5a224e1153902b6eef60,macosx1015-64-shippable-qr,True,False,,|b|y|t|e|c|o|d|e|-|c|a|c|h|e|d| |c|o|l|d| |f|i|s|s|i|o|n| |w|e|b|r|e|n|d|e|r|,102210fe594ee9b33d82058545b1ed14f4c8206e,PerceptualSpeedIndex,twitter,True,twitter PerceptualSpeedIndex opt bytecode-cached cold fission webrender,,77,ms,firefox,,1725236049,2023-07-12 14:40:04,684.9,09a138b12b3b18e85b4234788a6f92fa756908af,1271467,,,,,,,,,,,,,,,,,,,,,,,,,,,,,,,,,,,,,,,,,,,,,,,,,,,,,,,,,,,,,TN,TN
autoland,4405952,13,ad8d5d1385265583919f5a224e1153902b6eef60,macosx1015-64-shippable-qr,True,False,,|b|y|t|e|c|o|d|e|-|c|a|c|h|e|d| |c|o|l|d| |f|i|s|s|i|o|n| |w|e|b|r|e|n|d|e|r|,102210fe594ee9b33d82058545b1ed14f4c8206e,PerceptualSpeedIndex,twitter,True,twitter PerceptualSpeedIndex opt bytecode-cached cold fission webrender,,77,ms,firefox,,1725272895,2023-07-12 19:44:39,738.8,5af60a4168846b5be7576faecbb5050fa6d965cf,1271665,,,,,,,,,,,,,,,,,,,,,,,,,,,,,,,,,,,,,,,,,,,,,,,,,,,,,,,,,,,,,TN,TN
autoland,4405952,13,ad8d5d1385265583919f5a224e1153902b6eef60,macosx1015-64-shippable-qr,True,False,,|b|y|t|e|c|o|d|e|-|c|a|c|h|e|d| |c|o|l|d| |f|i|s|s|i|o|n| |w|e|b|r|e|n|d|e|r|,102210fe594ee9b33d82058545b1ed14f4c8206e,PerceptualSpeedIndex,twitter,True,twitter PerceptualSpeedIndex opt bytecode-cached cold fission webrender,,77,ms,firefox,,1725347386,2023-07-12 23:52:09,695.3,48bcd4c43c3e833bc33696496138c36bdddef23d,1271821,,,,,,,,,,,,,,,,,,,,,,,,,,,,,,,,,,,,,,,,,,,,,,,,,,,,,,,,,,,,,TN,TN
autoland,4405952,13,ad8d5d1385265583919f5a224e1153902b6eef60,macosx1015-64-shippable-qr,True,False,,|b|y|t|e|c|o|d|e|-|c|a|c|h|e|d| |c|o|l|d| |f|i|s|s|i|o|n| |w|e|b|r|e|n|d|e|r|,102210fe594ee9b33d82058545b1ed14f4c8206e,PerceptualSpeedIndex,twitter,True,twitter PerceptualSpeedIndex opt bytecode-cached cold fission webrender,,77,ms,firefox,,1725399940,2023-07-13 04:00:14,663.3,0724fde82b2fe250010f13a500b6c525eaf3abb5,1271916,,,,,,,,,,,,,,,,,,,,,,,,,,,,,,,,,,,,,,,,,,,,,,,,,,,,,,,,,,,,,TN,TN
autoland,4405952,13,ad8d5d1385265583919f5a224e1153902b6eef60,macosx1015-64-shippable-qr,True,False,,|b|y|t|e|c|o|d|e|-|c|a|c|h|e|d| |c|o|l|d| |f|i|s|s|i|o|n| |w|e|b|r|e|n|d|e|r|,102210fe594ee9b33d82058545b1ed14f4c8206e,PerceptualSpeedIndex,twitter,True,twitter PerceptualSpeedIndex opt bytecode-cached cold fission webrender,,77,ms,firefox,,1725463003,2023-07-13 08:20:37,759.1,3170f4f57d01091d2a74fe40ee6f4ab8efa7351a,1271978,,,,,,,,,,,,,,,,,,,,,,,,,,,,,,,,,,,,,,,,,,,,,,,,,,,,,,,,,,,,,TN,TN
autoland,4405952,13,ad8d5d1385265583919f5a224e1153902b6eef60,macosx1015-64-shippable-qr,True,False,,|b|y|t|e|c|o|d|e|-|c|a|c|h|e|d| |c|o|l|d| |f|i|s|s|i|o|n| |w|e|b|r|e|n|d|e|r|,102210fe594ee9b33d82058545b1ed14f4c8206e,PerceptualSpeedIndex,twitter,True,twitter PerceptualSpeedIndex opt bytecode-cached cold fission webrender,,77,ms,firefox,,1725550836,2023-07-13 11:47:10,779.0,1bfb25414a090700f286cd06319e91cb9ac6e336,1272070,,,,,,,,,,,,,,,,,,,,,,,,,,,,,,,,,,,,,,,,,,,,,,,,,,,,,,,,,,,,,TN,TN
autoland,4405952,13,ad8d5d1385265583919f5a224e1153902b6eef60,macosx1015-64-shippable-qr,True,False,,|b|y|t|e|c|o|d|e|-|c|a|c|h|e|d| |c|o|l|d| |f|i|s|s|i|o|n| |w|e|b|r|e|n|d|e|r|,102210fe594ee9b33d82058545b1ed14f4c8206e,PerceptualSpeedIndex,twitter,True,twitter PerceptualSpeedIndex opt bytecode-cached cold fission webrender,,77,ms,firefox,,1725711309,2023-07-13 14:50:19,703.9,411654dc3bffdf2358079fc20c662dc3c58a2363,1272192,,,,,,,,,,,,,,,,,,,,,,,,,,,,,,,,,,,,,,,,,,,,,,,,,,,,,,,,,,,,,TN,TN
autoland,4405952,13,ad8d5d1385265583919f5a224e1153902b6eef60,macosx1015-64-shippable-qr,True,False,,|b|y|t|e|c|o|d|e|-|c|a|c|h|e|d| |c|o|l|d| |f|i|s|s|i|o|n| |w|e|b|r|e|n|d|e|r|,102210fe594ee9b33d82058545b1ed14f4c8206e,PerceptualSpeedIndex,twitter,True,twitter PerceptualSpeedIndex opt bytecode-cached cold fission webrender,,77,ms,firefox,,1725856120,2023-07-13 19:23:25,714.4,93efae7712c8170b189d6e2d626af9bc74ee9f33,1272383,,,,,,,,,,,,,,,,,,,,,,,,,,,,,,,,,,,,,,,,,,,,,,,,,,,,,,,,,,,,,TN,TN
autoland,4405952,13,ad8d5d1385265583919f5a224e1153902b6eef60,macosx1015-64-shippable-qr,True,False,,|b|y|t|e|c|o|d|e|-|c|a|c|h|e|d| |c|o|l|d| |f|i|s|s|i|o|n| |w|e|b|r|e|n|d|e|r|,102210fe594ee9b33d82058545b1ed14f4c8206e,PerceptualSpeedIndex,twitter,True,twitter PerceptualSpeedIndex opt bytecode-cached cold fission webrender,,77,ms,firefox,,1725970320,2023-07-13 19:24:59,692.2,bbf3c24cbbc7b98b52113accc0c5cd377e1bb198,1272385,,,,,,,,,,,,,,,,,,,,,,,,,,,,,,,,,,,,,,,,,,,,,,,,,,,,,,,,,,,,,TN,TN
autoland,4405952,13,ad8d5d1385265583919f5a224e1153902b6eef60,macosx1015-64-shippable-qr,True,False,,|b|y|t|e|c|o|d|e|-|c|a|c|h|e|d| |c|o|l|d| |f|i|s|s|i|o|n| |w|e|b|r|e|n|d|e|r|,102210fe594ee9b33d82058545b1ed14f4c8206e,PerceptualSpeedIndex,twitter,True,twitter PerceptualSpeedIndex opt bytecode-cached cold fission webrender,,77,ms,firefox,,1725999651,2023-07-13 19:30:44,657.3,1feed58581ba17fdd979df109fe14c7a2b3d9843,1272388,,,,,,,,,,,,,,,,,,,,,,,,,,,,,,,,,,,,,,,,,,,,,,,,,,,,,,,,,,,,,TN,TN
autoland,4405952,13,ad8d5d1385265583919f5a224e1153902b6eef60,macosx1015-64-shippable-qr,True,False,,|b|y|t|e|c|o|d|e|-|c|a|c|h|e|d| |c|o|l|d| |f|i|s|s|i|o|n| |w|e|b|r|e|n|d|e|r|,102210fe594ee9b33d82058545b1ed14f4c8206e,PerceptualSpeedIndex,twitter,True,twitter PerceptualSpeedIndex opt bytecode-cached cold fission webrender,,77,ms,firefox,,1725943093,2023-07-13 23:46:26,740.1,d7363bddf2b82c4f02c60bf1f3236c1853a1d788,1272530,,,,,,,,,,,,,,,,,,,,,,,,,,,,,,,,,,,,,,,,,,,,,,,,,,,,,,,,,,,,,TN,TN
autoland,4405952,13,ad8d5d1385265583919f5a224e1153902b6eef60,macosx1015-64-shippable-qr,True,False,,|b|y|t|e|c|o|d|e|-|c|a|c|h|e|d| |c|o|l|d| |f|i|s|s|i|o|n| |w|e|b|r|e|n|d|e|r|,102210fe594ee9b33d82058545b1ed14f4c8206e,PerceptualSpeedIndex,twitter,True,twitter PerceptualSpeedIndex opt bytecode-cached cold fission webrender,,77,ms,firefox,,1725953234,2023-07-14 00:33:08,711.6,ce811b4b8e62538cba1620fbe1f66b6963a00103,1272546,,,,,,,,,,,,,,,,,,,,,,,,,,,,,,,,,,,,,,,,,,,,,,,,,,,,,,,,,,,,,TN,TN
autoland,4405952,13,ad8d5d1385265583919f5a224e1153902b6eef60,macosx1015-64-shippable-qr,True,False,,|b|y|t|e|c|o|d|e|-|c|a|c|h|e|d| |c|o|l|d| |f|i|s|s|i|o|n| |w|e|b|r|e|n|d|e|r|,102210fe594ee9b33d82058545b1ed14f4c8206e,PerceptualSpeedIndex,twitter,True,twitter PerceptualSpeedIndex opt bytecode-cached cold fission webrender,,77,ms,firefox,,1725988656,2023-07-14 05:34:55,710.8,196cda3a105202c8969a926a0637db0e0014c07d,1272621,,,,,,,,,,,,,,,,,,,,,,,,,,,,,,,,,,,,,,,,,,,,,,,,,,,,,,,,,,,,,TN,TN
autoland,4405952,13,ad8d5d1385265583919f5a224e1153902b6eef60,macosx1015-64-shippable-qr,True,False,,|b|y|t|e|c|o|d|e|-|c|a|c|h|e|d| |c|o|l|d| |f|i|s|s|i|o|n| |w|e|b|r|e|n|d|e|r|,102210fe594ee9b33d82058545b1ed14f4c8206e,PerceptualSpeedIndex,twitter,True,twitter PerceptualSpeedIndex opt bytecode-cached cold fission webrender,,77,ms,firefox,,1726352475,2023-07-14 12:49:37,721.2,f04d14e8c457c340e7bb0c8955b7a42e3ed32c84,1272721,,,,,,,,,,,,,,,,,,,,,,,,,,,,,,,,,,,,,,,,,,,,,,,,,,,,,,,,,,,,,TN,TN
autoland,4405952,13,ad8d5d1385265583919f5a224e1153902b6eef60,macosx1015-64-shippable-qr,True,False,,|b|y|t|e|c|o|d|e|-|c|a|c|h|e|d| |c|o|l|d| |f|i|s|s|i|o|n| |w|e|b|r|e|n|d|e|r|,102210fe594ee9b33d82058545b1ed14f4c8206e,PerceptualSpeedIndex,twitter,True,twitter PerceptualSpeedIndex opt bytecode-cached cold fission webrender,,77,ms,firefox,,1726442135,2023-07-14 16:10:08,704.5,379fa15b7cfddd1f92027d8c39b32706dc0f59a8,1272833,,,,,,,,,,,,,,,,,,,,,,,,,,,,,,,,,,,,,,,,,,,,,,,,,,,,,,,,,,,,,TN,TN
autoland,4405952,13,ad8d5d1385265583919f5a224e1153902b6eef60,macosx1015-64-shippable-qr,True,False,,|b|y|t|e|c|o|d|e|-|c|a|c|h|e|d| |c|o|l|d| |f|i|s|s|i|o|n| |w|e|b|r|e|n|d|e|r|,102210fe594ee9b33d82058545b1ed14f4c8206e,PerceptualSpeedIndex,twitter,True,twitter PerceptualSpeedIndex opt bytecode-cached cold fission webrender,,77,ms,firefox,,1726483646,2023-07-14 21:22:48,756.7,f65db437bbbe4d54d073843c79519c0a373ada5c,1272987,,,,,,,,,,,,,,,,,,,,,,,,,,,,,,,,,,,,,,,,,,,,,,,,,,,,,,,,,,,,,TN,TN
autoland,4405952,13,ad8d5d1385265583919f5a224e1153902b6eef60,macosx1015-64-shippable-qr,True,False,,|b|y|t|e|c|o|d|e|-|c|a|c|h|e|d| |c|o|l|d| |f|i|s|s|i|o|n| |w|e|b|r|e|n|d|e|r|,102210fe594ee9b33d82058545b1ed14f4c8206e,PerceptualSpeedIndex,twitter,True,twitter PerceptualSpeedIndex opt bytecode-cached cold fission webrender,,77,ms,firefox,,1726493909,2023-07-14 22:30:09,704.4,2fa0f2941257f51a55bcabee0f1913fe395266b0,1273018,,,,,,,,,,,,,,,,,,,,,,,,,,,,,,,,,,,,,,,,,,,,,,,,,,,,,,,,,,,,,TN,TN
autoland,4405952,13,ad8d5d1385265583919f5a224e1153902b6eef60,macosx1015-64-shippable-qr,True,False,,|b|y|t|e|c|o|d|e|-|c|a|c|h|e|d| |c|o|l|d| |f|i|s|s|i|o|n| |w|e|b|r|e|n|d|e|r|,102210fe594ee9b33d82058545b1ed14f4c8206e,PerceptualSpeedIndex,twitter,True,twitter PerceptualSpeedIndex opt bytecode-cached cold fission webrender,,77,ms,firefox,,1726525096,2023-07-15 02:41:28,693.9,1e09c6aabfcd1088a923373e95d74f457e863755,1273070,,,,,,,,,,,,,,,,,,,,,,,,,,,,,,,,,,,,,,,,,,,,,,,,,,,,,,,,,,,,,TN,TN
autoland,4405952,13,ad8d5d1385265583919f5a224e1153902b6eef60,macosx1015-64-shippable-qr,True,False,,|b|y|t|e|c|o|d|e|-|c|a|c|h|e|d| |c|o|l|d| |f|i|s|s|i|o|n| |w|e|b|r|e|n|d|e|r|,102210fe594ee9b33d82058545b1ed14f4c8206e,PerceptualSpeedIndex,twitter,True,twitter PerceptualSpeedIndex opt bytecode-cached cold fission webrender,,77,ms,firefox,,1726588166,2023-07-15 12:36:57,681.7,3a71e5ba50017ceb558d246e6ea58f8d5a57a3af,1273110,,,,,,,,,,,,,,,,,,,,,,,,,,,,,,,,,,,,,,,,,,,,,,,,,,,,,,,,,,,,,TN,TN
autoland,4405952,13,ad8d5d1385265583919f5a224e1153902b6eef60,macosx1015-64-shippable-qr,True,False,,|b|y|t|e|c|o|d|e|-|c|a|c|h|e|d| |c|o|l|d| |f|i|s|s|i|o|n| |w|e|b|r|e|n|d|e|r|,102210fe594ee9b33d82058545b1ed14f4c8206e,PerceptualSpeedIndex,twitter,True,twitter PerceptualSpeedIndex opt bytecode-cached cold fission webrender,,77,ms,firefox,,1726626902,2023-07-15 18:59:02,719.0,23e9067195200f00248b6c027bfae113965bf3ea,1273125,,,,,,,,,,,,,,,,,,,,,,,,,,,,,,,,,,,,,,,,,,,,,,,,,,,,,,,,,,,,,TN,TN
autoland,4405952,13,ad8d5d1385265583919f5a224e1153902b6eef60,macosx1015-64-shippable-qr,True,False,,|b|y|t|e|c|o|d|e|-|c|a|c|h|e|d| |c|o|l|d| |f|i|s|s|i|o|n| |w|e|b|r|e|n|d|e|r|,102210fe594ee9b33d82058545b1ed14f4c8206e,PerceptualSpeedIndex,twitter,True,twitter PerceptualSpeedIndex opt bytecode-cached cold fission webrender,,77,ms,firefox,,1726674586,2023-07-16 02:22:04,713.0,29be5ceedcdd2e835a383389153d9264d9b81217,1273151,,,,,,,,,,,,,,,,,,,,,,,,,,,,,,,,,,,,,,,,,,,,,,,,,,,,,,,,,,,,,TN,TN
autoland,4405952,13,ad8d5d1385265583919f5a224e1153902b6eef60,macosx1015-64-shippable-qr,True,False,,|b|y|t|e|c|o|d|e|-|c|a|c|h|e|d| |c|o|l|d| |f|i|s|s|i|o|n| |w|e|b|r|e|n|d|e|r|,102210fe594ee9b33d82058545b1ed14f4c8206e,PerceptualSpeedIndex,twitter,True,twitter PerceptualSpeedIndex opt bytecode-cached cold fission webrender,,77,ms,firefox,,1726764920,2023-07-16 17:40:24,661.7,2d64faa1590722f6ec14781ee5e175a2c875171c,1273186,,,,,,,,,,,,,,,,,,,,,,,,,,,,,,,,,,,,,,,,,,,,,,,,,,,,,,,,,,,,,TN,TN
autoland,4405952,13,ad8d5d1385265583919f5a224e1153902b6eef60,macosx1015-64-shippable-qr,True,False,,|b|y|t|e|c|o|d|e|-|c|a|c|h|e|d| |c|o|l|d| |f|i|s|s|i|o|n| |w|e|b|r|e|n|d|e|r|,102210fe594ee9b33d82058545b1ed14f4c8206e,PerceptualSpeedIndex,twitter,True,twitter PerceptualSpeedIndex opt bytecode-cached cold fission webrender,,77,ms,firefox,,1726894637,2023-07-17 10:08:58,679.3,ef60c7cdcb76172f1caf579529cf9fb756de4dbd,1273362,,,,,,,,,,,,,,,,,,,,,,,,,,,,,,,,,,,,,,,,,,,,,,,,,,,,,,,,,,,,,TN,TN
autoland,4405952,13,ad8d5d1385265583919f5a224e1153902b6eef60,macosx1015-64-shippable-qr,True,False,,|b|y|t|e|c|o|d|e|-|c|a|c|h|e|d| |c|o|l|d| |f|i|s|s|i|o|n| |w|e|b|r|e|n|d|e|r|,102210fe594ee9b33d82058545b1ed14f4c8206e,PerceptualSpeedIndex,twitter,True,twitter PerceptualSpeedIndex opt bytecode-cached cold fission webrender,,77,ms,firefox,,1727325127,2023-07-17 10:10:51,704.6,953e77c13acb077960f863612d3036a0d8724008,1273366,,,,,,,,,,,,,,,,,,,,,,,,,,,,,,,,,,,,,,,,,,,,,,,,,,,,,,,,,,,,,TN,TN
autoland,4405952,13,ad8d5d1385265583919f5a224e1153902b6eef60,macosx1015-64-shippable-qr,True,False,,|b|y|t|e|c|o|d|e|-|c|a|c|h|e|d| |c|o|l|d| |f|i|s|s|i|o|n| |w|e|b|r|e|n|d|e|r|,102210fe594ee9b33d82058545b1ed14f4c8206e,PerceptualSpeedIndex,twitter,True,twitter PerceptualSpeedIndex opt bytecode-cached cold fission webrender,,77,ms,firefox,,1727311117,2023-07-17 11:01:52,733.1,2a006f66fd1958496f7cae9c174e45a5a5403b1d,1273381,,,,,,,,,,,,,,,,,,,,,,,,,,,,,,,,,,,,,,,,,,,,,,,,,,,,,,,,,,,,,TN,TN
autoland,4405952,13,ad8d5d1385265583919f5a224e1153902b6eef60,macosx1015-64-shippable-qr,True,False,,|b|y|t|e|c|o|d|e|-|c|a|c|h|e|d| |c|o|l|d| |f|i|s|s|i|o|n| |w|e|b|r|e|n|d|e|r|,102210fe594ee9b33d82058545b1ed14f4c8206e,PerceptualSpeedIndex,twitter,True,twitter PerceptualSpeedIndex opt bytecode-cached cold fission webrender,,77,ms,firefox,,1727273722,2023-07-17 13:42:26,793.9,b80c658a6c19f373d458a6ca866c32d87a5f579b,1273443,,,,,,,,,,,,,,,,,,,,,,,,,,,,,,,,,,,,,,,,,,,,,,,,,,,,,,,,,,,,,TN,TN
autoland,4405952,13,ad8d5d1385265583919f5a224e1153902b6eef60,macosx1015-64-shippable-qr,True,False,,|b|y|t|e|c|o|d|e|-|c|a|c|h|e|d| |c|o|l|d| |f|i|s|s|i|o|n| |w|e|b|r|e|n|d|e|r|,102210fe594ee9b33d82058545b1ed14f4c8206e,PerceptualSpeedIndex,twitter,True,twitter PerceptualSpeedIndex opt bytecode-cached cold fission webrender,,77,ms,firefox,,1727333794,2023-07-17 13:56:56,761.1,480a4843ee4329760fdea6dff2b457ff8cc95eb9,1273451,,,,,,,,,,,,,,,,,,,,,,,,,,,,,,,,,,,,,,,,,,,,,,,,,,,,,,,,,,,,,TN,TN
autoland,4405952,13,ad8d5d1385265583919f5a224e1153902b6eef60,macosx1015-64-shippable-qr,True,False,,|b|y|t|e|c|o|d|e|-|c|a|c|h|e|d| |c|o|l|d| |f|i|s|s|i|o|n| |w|e|b|r|e|n|d|e|r|,102210fe594ee9b33d82058545b1ed14f4c8206e,PerceptualSpeedIndex,twitter,True,twitter PerceptualSpeedIndex opt bytecode-cached cold fission webrender,,77,ms,firefox,,1727007625,2023-07-17 14:30:30,915.3,e90e64d1c5a944feafdb48fe3527c9aeeac00ec9,1273474,,,,,,,,,,,,,,,,,,,,,,,,,,,,,,,,,,,,,,,,,,,,,,,,,,,,,,,,,,,,,TN,TN
autoland,4405952,13,ad8d5d1385265583919f5a224e1153902b6eef60,macosx1015-64-shippable-qr,True,False,,|b|y|t|e|c|o|d|e|-|c|a|c|h|e|d| |c|o|l|d| |f|i|s|s|i|o|n| |w|e|b|r|e|n|d|e|r|,102210fe594ee9b33d82058545b1ed14f4c8206e,PerceptualSpeedIndex,twitter,True,twitter PerceptualSpeedIndex opt bytecode-cached cold fission webrender,,77,ms,firefox,,1727326832,2023-07-17 15:18:16,813.4,c59cb36c74f432b44e7148682b572301b05ed1e0,1273503,,,,,,,,,,,,,,,,,,,,,,,,,,,,,,,,,,,,,,,,,,,,,,,,,,,,,,,,,,,,,TN,TN
autoland,4405952,13,ad8d5d1385265583919f5a224e1153902b6eef60,macosx1015-64-shippable-qr,True,False,,|b|y|t|e|c|o|d|e|-|c|a|c|h|e|d| |c|o|l|d| |f|i|s|s|i|o|n| |w|e|b|r|e|n|d|e|r|,102210fe594ee9b33d82058545b1ed14f4c8206e,PerceptualSpeedIndex,twitter,True,twitter PerceptualSpeedIndex opt bytecode-cached cold fission webrender,,77,ms,firefox,,1727303921,2023-07-17 15:59:39,723.2,80a9077fa5eadb649347ccfdf256cdc5c647f611,1273518,,,,,,,,,,,,,,,,,,,,,,,,,,,,,,,,,,,,,,,,,,,,,,,,,,,,,,,,,,,,,TN,TN
autoland,4405952,13,ad8d5d1385265583919f5a224e1153902b6eef60,macosx1015-64-shippable-qr,True,False,,|b|y|t|e|c|o|d|e|-|c|a|c|h|e|d| |c|o|l|d| |f|i|s|s|i|o|n| |w|e|b|r|e|n|d|e|r|,102210fe594ee9b33d82058545b1ed14f4c8206e,PerceptualSpeedIndex,twitter,True,twitter PerceptualSpeedIndex opt bytecode-cached cold fission webrender,,77,ms,firefox,,1727078359,2023-07-17 16:07:24,741.6,01dc0385e5b93df37aef43d60cd1105523eae328,1273529,,,,,,,,,,,,,,,,,,,,,,,,,,,,,,,,,,,,,,,,,,,,,,,,,,,,,,,,,,,,,TN,TN
autoland,4405952,13,ad8d5d1385265583919f5a224e1153902b6eef60,macosx1015-64-shippable-qr,True,False,,|b|y|t|e|c|o|d|e|-|c|a|c|h|e|d| |c|o|l|d| |f|i|s|s|i|o|n| |w|e|b|r|e|n|d|e|r|,102210fe594ee9b33d82058545b1ed14f4c8206e,PerceptualSpeedIndex,twitter,True,twitter PerceptualSpeedIndex opt bytecode-cached cold fission webrender,,77,ms,firefox,,1727305387,2023-07-17 16:23:13,721.5,49cff8f1d0b45289c21ac815c0e150bdf80b3e3c,1273535,,,,,,,,,,,,,,,,,,,,,,,,,,,,,,,,,,,,,,,,,,,,,,,,,,,,,,,,,,,,,TN,TN
autoland,4405952,13,ad8d5d1385265583919f5a224e1153902b6eef60,macosx1015-64-shippable-qr,True,False,,|b|y|t|e|c|o|d|e|-|c|a|c|h|e|d| |c|o|l|d| |f|i|s|s|i|o|n| |w|e|b|r|e|n|d|e|r|,102210fe594ee9b33d82058545b1ed14f4c8206e,PerceptualSpeedIndex,twitter,True,twitter PerceptualSpeedIndex opt bytecode-cached cold fission webrender,,77,ms,firefox,,1727137101,2023-07-17 20:04:09,705.7,f2c1249026167b30c81eff3368093a442a915826,1273673,,,,,,,,,,,,,,,,,,,,,,,,,,,,,,,,,,,,,,,,,,,,,,,,,,,,,,,,,,,,,TN,TN
autoland,4405952,13,ad8d5d1385265583919f5a224e1153902b6eef60,macosx1015-64-shippable-qr,True,False,,|b|y|t|e|c|o|d|e|-|c|a|c|h|e|d| |c|o|l|d| |f|i|s|s|i|o|n| |w|e|b|r|e|n|d|e|r|,102210fe594ee9b33d82058545b1ed14f4c8206e,PerceptualSpeedIndex,twitter,True,twitter PerceptualSpeedIndex opt bytecode-cached cold fission webrender,,77,ms,firefox,,1727208929,2023-07-17 23:40:15,724.7,bbea40f618ed9435d7c989dcb18dc1ba34d55d4c,1273797,,,,,,,,,,,,,,,,,,,,,,,,,,,,,,,,,,,,,,,,,,,,,,,,,,,,,,,,,,,,,TN,TN
autoland,4405952,13,ad8d5d1385265583919f5a224e1153902b6eef60,macosx1015-64-shippable-qr,True,False,,|b|y|t|e|c|o|d|e|-|c|a|c|h|e|d| |c|o|l|d| |f|i|s|s|i|o|n| |w|e|b|r|e|n|d|e|r|,102210fe594ee9b33d82058545b1ed14f4c8206e,PerceptualSpeedIndex,twitter,True,twitter PerceptualSpeedIndex opt bytecode-cached cold fission webrender,,77,ms,firefox,,1727293251,2023-07-18 04:33:35,725.2,35e42e5979dac0b99828194869d5dc00365b37fb,1273869,,,,,,,,,,,,,,,,,,,,,,,,,,,,,,,,,,,,,,,,,,,,,,,,,,,,,,,,,,,,,TN,TN
autoland,4405952,13,ad8d5d1385265583919f5a224e1153902b6eef60,macosx1015-64-shippable-qr,True,False,,|b|y|t|e|c|o|d|e|-|c|a|c|h|e|d| |c|o|l|d| |f|i|s|s|i|o|n| |w|e|b|r|e|n|d|e|r|,102210fe594ee9b33d82058545b1ed14f4c8206e,PerceptualSpeedIndex,twitter,True,twitter PerceptualSpeedIndex opt bytecode-cached cold fission webrender,,77,ms,firefox,,1727399579,2023-07-18 08:33:44,825.5,ff623ceacdca87e37ceaa8e2d7f2072d5a7ae7fb,1273935,,,,,,,,,,,,,,,,,,,,,,,,,,,,,,,,,,,,,,,,,,,,,,,,,,,,,,,,,,,,,TN,TN
autoland,4405952,13,ad8d5d1385265583919f5a224e1153902b6eef60,macosx1015-64-shippable-qr,True,False,,|b|y|t|e|c|o|d|e|-|c|a|c|h|e|d| |c|o|l|d| |f|i|s|s|i|o|n| |w|e|b|r|e|n|d|e|r|,102210fe594ee9b33d82058545b1ed14f4c8206e,PerceptualSpeedIndex,twitter,True,twitter PerceptualSpeedIndex opt bytecode-cached cold fission webrender,,77,ms,firefox,,1727391460,2023-07-18 08:34:31,822.6,ed8bcaa0195e582a53b92eeac99b65a9c1f06da2,1273936,,,,,,,,,,,,,,,,,,,,,,,,,,,,,,,,,,,,,,,,,,,,,,,,,,,,,,,,,,,,,TN,TN
autoland,4405952,13,ad8d5d1385265583919f5a224e1153902b6eef60,macosx1015-64-shippable-qr,True,False,,|b|y|t|e|c|o|d|e|-|c|a|c|h|e|d| |c|o|l|d| |f|i|s|s|i|o|n| |w|e|b|r|e|n|d|e|r|,102210fe594ee9b33d82058545b1ed14f4c8206e,PerceptualSpeedIndex,twitter,True,twitter PerceptualSpeedIndex opt bytecode-cached cold fission webrender,,77,ms,firefox,,1727555074,2023-07-18 13:03:29,699.9,bcffaa369c722f4ebfa7cb8af6a3fc605e2efa10,1274068,,,,,,,,,,,,,,,,,,,,,,,,,,,,,,,,,,,,,,,,,,,,,,,,,,,,,,,,,,,,,TN,TN
autoland,4405952,13,ad8d5d1385265583919f5a224e1153902b6eef60,macosx1015-64-shippable-qr,True,False,,|b|y|t|e|c|o|d|e|-|c|a|c|h|e|d| |c|o|l|d| |f|i|s|s|i|o|n| |w|e|b|r|e|n|d|e|r|,102210fe594ee9b33d82058545b1ed14f4c8206e,PerceptualSpeedIndex,twitter,True,twitter PerceptualSpeedIndex opt bytecode-cached cold fission webrender,,77,ms,firefox,,1727562667,2023-07-18 13:45:23,705.2,0de8fdd9abfcc9f9019857d255157b5eb799f98b,1274096,,,,,,,,,,,,,,,,,,,,,,,,,,,,,,,,,,,,,,,,,,,,,,,,,,,,,,,,,,,,,TN,TN
autoland,4405952,13,ad8d5d1385265583919f5a224e1153902b6eef60,macosx1015-64-shippable-qr,True,False,,|b|y|t|e|c|o|d|e|-|c|a|c|h|e|d| |c|o|l|d| |f|i|s|s|i|o|n| |w|e|b|r|e|n|d|e|r|,102210fe594ee9b33d82058545b1ed14f4c8206e,PerceptualSpeedIndex,twitter,True,twitter PerceptualSpeedIndex opt bytecode-cached cold fission webrender,,77,ms,firefox,,1727662674,2023-07-18 17:24:29,736.7,9330f8cb5765b67a89ac1427300f344a63d42cdc,1274230,,,,,,,,,,,,,,,,,,,,,,,,,,,,,,,,,,,,,,,,,,,,,,,,,,,,,,,,,,,,,TN,TN
autoland,4405952,13,ad8d5d1385265583919f5a224e1153902b6eef60,macosx1015-64-shippable-qr,True,False,,|b|y|t|e|c|o|d|e|-|c|a|c|h|e|d| |c|o|l|d| |f|i|s|s|i|o|n| |w|e|b|r|e|n|d|e|r|,102210fe594ee9b33d82058545b1ed14f4c8206e,PerceptualSpeedIndex,twitter,True,twitter PerceptualSpeedIndex opt bytecode-cached cold fission webrender,,77,ms,firefox,,1727832449,2023-07-18 22:22:09,693.8,b39dcefbe15f24fbf00da64782588b71ef8277a6,1274408,,,,,,,,,,,,,,,,,,,,,,,,,,,,,,,,,,,,,,,,,,,,,,,,,,,,,,,,,,,,,TN,TN
autoland,4405952,13,ad8d5d1385265583919f5a224e1153902b6eef60,macosx1015-64-shippable-qr,True,False,,|b|y|t|e|c|o|d|e|-|c|a|c|h|e|d| |c|o|l|d| |f|i|s|s|i|o|n| |w|e|b|r|e|n|d|e|r|,102210fe594ee9b33d82058545b1ed14f4c8206e,PerceptualSpeedIndex,twitter,True,twitter PerceptualSpeedIndex opt bytecode-cached cold fission webrender,,77,ms,firefox,,1727857240,2023-07-18 23:34:55,685.3,a8acb9b8880c2f1c2cf5891e5a20997a21d9d909,1274454,,,,,,,,,,,,,,,,,,,,,,,,,,,,,,,,,,,,,,,,,,,,,,,,,,,,,,,,,,,,,TN,TN
autoland,4405952,13,ad8d5d1385265583919f5a224e1153902b6eef60,macosx1015-64-shippable-qr,True,False,,|b|y|t|e|c|o|d|e|-|c|a|c|h|e|d| |c|o|l|d| |f|i|s|s|i|o|n| |w|e|b|r|e|n|d|e|r|,102210fe594ee9b33d82058545b1ed14f4c8206e,PerceptualSpeedIndex,twitter,True,twitter PerceptualSpeedIndex opt bytecode-cached cold fission webrender,,77,ms,firefox,,1727958427,2023-07-19 05:12:28,749.0,49a85b3b07e07c1158f9cb0c1f58b67fc2d659f7,1274587,,,,,,,,,,,,,,,,,,,,,,,,,,,,,,,,,,,,,,,,,,,,,,,,,,,,,,,,,,,,,TN,TN
autoland,4405952,13,ad8d5d1385265583919f5a224e1153902b6eef60,macosx1015-64-shippable-qr,True,False,,|b|y|t|e|c|o|d|e|-|c|a|c|h|e|d| |c|o|l|d| |f|i|s|s|i|o|n| |w|e|b|r|e|n|d|e|r|,102210fe594ee9b33d82058545b1ed14f4c8206e,PerceptualSpeedIndex,twitter,True,twitter PerceptualSpeedIndex opt bytecode-cached cold fission webrender,,77,ms,firefox,,1728021170,2023-07-19 08:12:16,746.4,140d21dede36ec0333dbfd36cf0d1320eee6cba4,1274646,,,,,,,,,,,,,,,,,,,,,,,,,,,,,,,,,,,,,,,,,,,,,,,,,,,,,,,,,,,,,TN,TN
autoland,4405952,13,ad8d5d1385265583919f5a224e1153902b6eef60,macosx1015-64-shippable-qr,True,False,,|b|y|t|e|c|o|d|e|-|c|a|c|h|e|d| |c|o|l|d| |f|i|s|s|i|o|n| |w|e|b|r|e|n|d|e|r|,102210fe594ee9b33d82058545b1ed14f4c8206e,PerceptualSpeedIndex,twitter,True,twitter PerceptualSpeedIndex opt bytecode-cached cold fission webrender,,77,ms,firefox,,1728320429,2023-07-19 12:13:12,705.3,b8d9ace4647851e162743362d884084c81a969ab,1274744,,,,,,,,,,,,,,,,,,,,,,,,,,,,,,,,,,,,,,,,,,,,,,,,,,,,,,,,,,,,,TN,TN
autoland,4405952,13,ad8d5d1385265583919f5a224e1153902b6eef60,macosx1015-64-shippable-qr,True,False,,|b|y|t|e|c|o|d|e|-|c|a|c|h|e|d| |c|o|l|d| |f|i|s|s|i|o|n| |w|e|b|r|e|n|d|e|r|,102210fe594ee9b33d82058545b1ed14f4c8206e,PerceptualSpeedIndex,twitter,True,twitter PerceptualSpeedIndex opt bytecode-cached cold fission webrender,,77,ms,firefox,,1728796208,2023-07-19 13:05:01,683.2,c0352b508434cf5db2d851fafc0d3a6f9eb7cc84,1274780,,,,,,,,,,,,,,,,,,,,,,,,,,,,,,,,,,,,,,,,,,,,,,,,,,,,,,,,,,,,,TN,TN
autoland,4405952,13,ad8d5d1385265583919f5a224e1153902b6eef60,macosx1015-64-shippable-qr,True,False,,|b|y|t|e|c|o|d|e|-|c|a|c|h|e|d| |c|o|l|d| |f|i|s|s|i|o|n| |w|e|b|r|e|n|d|e|r|,102210fe594ee9b33d82058545b1ed14f4c8206e,PerceptualSpeedIndex,twitter,True,twitter PerceptualSpeedIndex opt bytecode-cached cold fission webrender,,77,ms,firefox,,1728778824,2023-07-19 13:06:35,698.5,b4b23feef55a5201adccb65558c2f936b437b03c,1274782,,,,,,,,,,,,,,,,,,,,,,,,,,,,,,,,,,,,,,,,,,,,,,,,,,,,,,,,,,,,,TN,TN
autoland,4405952,13,ad8d5d1385265583919f5a224e1153902b6eef60,macosx1015-64-shippable-qr,True,False,,|b|y|t|e|c|o|d|e|-|c|a|c|h|e|d| |c|o|l|d| |f|i|s|s|i|o|n| |w|e|b|r|e|n|d|e|r|,102210fe594ee9b33d82058545b1ed14f4c8206e,PerceptualSpeedIndex,twitter,True,twitter PerceptualSpeedIndex opt bytecode-cached cold fission webrender,,77,ms,firefox,,1728653694,2023-07-19 14:37:00,690.2,c1d9936545b5ba143392d27280eb1d56af5ac580,1274851,,,,,,,,,,,,,,,,,,,,,,,,,,,,,,,,,,,,,,,,,,,,,,,,,,,,,,,,,,,,,TN,TN
autoland,4405952,13,ad8d5d1385265583919f5a224e1153902b6eef60,macosx1015-64-shippable-qr,True,False,,|b|y|t|e|c|o|d|e|-|c|a|c|h|e|d| |c|o|l|d| |f|i|s|s|i|o|n| |w|e|b|r|e|n|d|e|r|,102210fe594ee9b33d82058545b1ed14f4c8206e,PerceptualSpeedIndex,twitter,True,twitter PerceptualSpeedIndex opt bytecode-cached cold fission webrender,,77,ms,firefox,,1728784877,2023-07-19 16:22:57,787.7,42e0b293b3a65df8406e58d9a703707f07ca64e3,1274925,,,,,,,,,,,,,,,,,,,,,,,,,,,,,,,,,,,,,,,,,,,,,,,,,,,,,,,,,,,,,TN,TN
autoland,4405952,13,ad8d5d1385265583919f5a224e1153902b6eef60,macosx1015-64-shippable-qr,True,False,,|b|y|t|e|c|o|d|e|-|c|a|c|h|e|d| |c|o|l|d| |f|i|s|s|i|o|n| |w|e|b|r|e|n|d|e|r|,102210fe594ee9b33d82058545b1ed14f4c8206e,PerceptualSpeedIndex,twitter,True,twitter PerceptualSpeedIndex opt bytecode-cached cold fission webrender,,77,ms,firefox,,1728795465,2023-07-19 16:24:52,859.4,d05e7eb6194b6ed6a17fa804338e80e604d05426,1274926,,,,,,,,,,,,,,,,,,,,,,,,,,,,,,,,,,,,,,,,,,,,,,,,,,,,,,,,,,,,,TN,TN
autoland,4405952,13,ad8d5d1385265583919f5a224e1153902b6eef60,macosx1015-64-shippable-qr,True,False,,|b|y|t|e|c|o|d|e|-|c|a|c|h|e|d| |c|o|l|d| |f|i|s|s|i|o|n| |w|e|b|r|e|n|d|e|r|,102210fe594ee9b33d82058545b1ed14f4c8206e,PerceptualSpeedIndex,twitter,True,twitter PerceptualSpeedIndex opt bytecode-cached cold fission webrender,,77,ms,firefox,,1728676114,2023-07-19 18:46:51,761.7,a4cb1e2b9e3d0583fb35c77b1b5a61823240d23a,1275034,,,,,,,,,,,,,,,,,,,,,,,,,,,,,,,,,,,,,,,,,,,,,,,,,,,,,,,,,,,,,TN,TN
autoland,4405952,13,ad8d5d1385265583919f5a224e1153902b6eef60,macosx1015-64-shippable-qr,True,False,,|b|y|t|e|c|o|d|e|-|c|a|c|h|e|d| |c|o|l|d| |f|i|s|s|i|o|n| |w|e|b|r|e|n|d|e|r|,102210fe594ee9b33d82058545b1ed14f4c8206e,PerceptualSpeedIndex,twitter,True,twitter PerceptualSpeedIndex opt bytecode-cached cold fission webrender,,77,ms,firefox,,1728696728,2023-07-19 22:17:04,706.4,7d1e4a896dd81d294b7bccc7c20345d7c0432b47,1275176,,,,,,,,,,,,,,,,,,,,,,,,,,,,,,,,,,,,,,,,,,,,,,,,,,,,,,,,,,,,,TN,TN
autoland,4405952,13,ad8d5d1385265583919f5a224e1153902b6eef60,macosx1015-64-shippable-qr,True,False,,|b|y|t|e|c|o|d|e|-|c|a|c|h|e|d| |c|o|l|d| |f|i|s|s|i|o|n| |w|e|b|r|e|n|d|e|r|,102210fe594ee9b33d82058545b1ed14f4c8206e,PerceptualSpeedIndex,twitter,True,twitter PerceptualSpeedIndex opt bytecode-cached cold fission webrender,,77,ms,firefox,,1728775000,2023-07-20 03:34:20,708.5,e73cc92e62dbaf2e2cdb70a1d9890da611a2b772,1275291,,,,,,,,,,,,,,,,,,,,,,,,,,,,,,,,,,,,,,,,,,,,,,,,,,,,,,,,,,,,,TN,TN
autoland,4405952,13,ad8d5d1385265583919f5a224e1153902b6eef60,macosx1015-64-shippable-qr,True,False,,|b|y|t|e|c|o|d|e|-|c|a|c|h|e|d| |c|o|l|d| |f|i|s|s|i|o|n| |w|e|b|r|e|n|d|e|r|,102210fe594ee9b33d82058545b1ed14f4c8206e,PerceptualSpeedIndex,twitter,True,twitter PerceptualSpeedIndex opt bytecode-cached cold fission webrender,,77,ms,firefox,,1728947361,2023-07-20 07:42:09,697.4,9a6d93f12d75deb2d5f6662ca35347a774d7cd6f,1275344,,,,,,,,,,,,,,,,,,,,,,,,,,,,,,,,,,,,,,,,,,,,,,,,,,,,,,,,,,,,,TN,TN
autoland,4405952,13,ad8d5d1385265583919f5a224e1153902b6eef60,macosx1015-64-shippable-qr,True,False,,|b|y|t|e|c|o|d|e|-|c|a|c|h|e|d| |c|o|l|d| |f|i|s|s|i|o|n| |w|e|b|r|e|n|d|e|r|,102210fe594ee9b33d82058545b1ed14f4c8206e,PerceptualSpeedIndex,twitter,True,twitter PerceptualSpeedIndex opt bytecode-cached cold fission webrender,,77,ms,firefox,,1729048896,2023-07-20 12:22:04,693.7,0278b86272728b17ade153f25ef5ec4442158066,1275437,,,,,,,,,,,,,,,,,,,,,,,,,,,,,,,,,,,,,,,,,,,,,,,,,,,,,,,,,,,,,TN,TN
autoland,4405952,13,ad8d5d1385265583919f5a224e1153902b6eef60,macosx1015-64-shippable-qr,True,False,,|b|y|t|e|c|o|d|e|-|c|a|c|h|e|d| |c|o|l|d| |f|i|s|s|i|o|n| |w|e|b|r|e|n|d|e|r|,102210fe594ee9b33d82058545b1ed14f4c8206e,PerceptualSpeedIndex,twitter,True,twitter PerceptualSpeedIndex opt bytecode-cached cold fission webrender,,77,ms,firefox,,1729486931,2023-07-20 13:21:00,734.2,f33e1ce6dcf19e47952f3963c8e970c7c380acd2,1275460,,,,,,,,,,,,,,,,,,,,,,,,,,,,,,,,,,,,,,,,,,,,,,,,,,,,,,,,,,,,,TN,TN
autoland,4405952,13,ad8d5d1385265583919f5a224e1153902b6eef60,macosx1015-64-shippable-qr,True,False,,|b|y|t|e|c|o|d|e|-|c|a|c|h|e|d| |c|o|l|d| |f|i|s|s|i|o|n| |w|e|b|r|e|n|d|e|r|,102210fe594ee9b33d82058545b1ed14f4c8206e,PerceptualSpeedIndex,twitter,True,twitter PerceptualSpeedIndex opt bytecode-cached cold fission webrender,,77,ms,firefox,,1729470174,2023-07-20 13:24:59,731.1,a90f231791f03487ec9a1beab731726e345264d3,1275463,,,,,,,,,,,,,,,,,,,,,,,,,,,,,,,,,,,,,,,,,,,,,,,,,,,,,,,,,,,,,TN,TN
autoland,4405952,13,ad8d5d1385265583919f5a224e1153902b6eef60,macosx1015-64-shippable-qr,True,False,,|b|y|t|e|c|o|d|e|-|c|a|c|h|e|d| |c|o|l|d| |f|i|s|s|i|o|n| |w|e|b|r|e|n|d|e|r|,102210fe594ee9b33d82058545b1ed14f4c8206e,PerceptualSpeedIndex,twitter,True,twitter PerceptualSpeedIndex opt bytecode-cached cold fission webrender,,77,ms,firefox,,1729118074,2023-07-20 15:24:57,660.0,0bc898fe076442e9a552e9918f1b50ece1c87859,1275543,,,,,,,,,,,,,,,,,,,,,,,,,,,,,,,,,,,,,,,,,,,,,,,,,,,,,,,,,,,,,TN,TN
autoland,4405952,13,ad8d5d1385265583919f5a224e1153902b6eef60,macosx1015-64-shippable-qr,True,False,,|b|y|t|e|c|o|d|e|-|c|a|c|h|e|d| |c|o|l|d| |f|i|s|s|i|o|n| |w|e|b|r|e|n|d|e|r|,102210fe594ee9b33d82058545b1ed14f4c8206e,PerceptualSpeedIndex,twitter,True,twitter PerceptualSpeedIndex opt bytecode-cached cold fission webrender,,77,ms,firefox,,1729475879,2023-07-20 15:49:41,757.6,61e3c35c5ec858d73be3f12db7911814c97662d1,1275563,,,,,,,,,,,,,,,,,,,,,,,,,,,,,,,,,,,,,,,,,,,,,,,,,,,,,,,,,,,,,TN,TN
autoland,4405952,13,ad8d5d1385265583919f5a224e1153902b6eef60,macosx1015-64-shippable-qr,True,False,,|b|y|t|e|c|o|d|e|-|c|a|c|h|e|d| |c|o|l|d| |f|i|s|s|i|o|n| |w|e|b|r|e|n|d|e|r|,102210fe594ee9b33d82058545b1ed14f4c8206e,PerceptualSpeedIndex,twitter,True,twitter PerceptualSpeedIndex opt bytecode-cached cold fission webrender,,77,ms,firefox,,1729480271,2023-07-20 15:57:36,733.3,e19f10f18cc2b743954df29e6df658ad01a8d71f,1275568,,,,,,,,,,,,,,,,,,,,,,,,,,,,,,,,,,,,,,,,,,,,,,,,,,,,,,,,,,,,,TN,TN
autoland,4405952,13,ad8d5d1385265583919f5a224e1153902b6eef60,macosx1015-64-shippable-qr,True,False,,|b|y|t|e|c|o|d|e|-|c|a|c|h|e|d| |c|o|l|d| |f|i|s|s|i|o|n| |w|e|b|r|e|n|d|e|r|,102210fe594ee9b33d82058545b1ed14f4c8206e,PerceptualSpeedIndex,twitter,True,twitter PerceptualSpeedIndex opt bytecode-cached cold fission webrender,,77,ms,firefox,,1729315114,2023-07-20 19:57:27,785.4,1474bffb9d2bc609c90f59cdbd875d90f152f78b,1275751,,,,,,,,,,,,,,,,,,,,,,,,,,,,,,,,,,,,,,,,,,,,,,,,,,,,,,,,,,,,,TN,TN
autoland,4405952,13,ad8d5d1385265583919f5a224e1153902b6eef60,macosx1015-64-shippable-qr,True,False,,|b|y|t|e|c|o|d|e|-|c|a|c|h|e|d| |c|o|l|d| |f|i|s|s|i|o|n| |w|e|b|r|e|n|d|e|r|,102210fe594ee9b33d82058545b1ed14f4c8206e,PerceptualSpeedIndex,twitter,True,twitter PerceptualSpeedIndex opt bytecode-cached cold fission webrender,,77,ms,firefox,,1729394361,2023-07-20 23:58:39,704.8,a81b4cfa355314c5644c5a1924408dd57a6451ba,1275867,,,,,,,,,,,,,,,,,,,,,,,,,,,,,,,,,,,,,,,,,,,,,,,,,,,,,,,,,,,,,TN,TN
autoland,4405952,13,ad8d5d1385265583919f5a224e1153902b6eef60,macosx1015-64-shippable-qr,True,False,,|b|y|t|e|c|o|d|e|-|c|a|c|h|e|d| |c|o|l|d| |f|i|s|s|i|o|n| |w|e|b|r|e|n|d|e|r|,102210fe594ee9b33d82058545b1ed14f4c8206e,PerceptualSpeedIndex,twitter,True,twitter PerceptualSpeedIndex opt bytecode-cached cold fission webrender,,77,ms,firefox,,1729440496,2023-07-21 02:12:29,711.0,561b7f418a4da2b68cf411804f9a6dcc542bf5d4,1275913,,,,,,,,,,,,,,,,,,,,,,,,,,,,,,,,,,,,,,,,,,,,,,,,,,,,,,,,,,,,,TN,TN
autoland,4405952,13,ad8d5d1385265583919f5a224e1153902b6eef60,macosx1015-64-shippable-qr,True,False,,|b|y|t|e|c|o|d|e|-|c|a|c|h|e|d| |c|o|l|d| |f|i|s|s|i|o|n| |w|e|b|r|e|n|d|e|r|,102210fe594ee9b33d82058545b1ed14f4c8206e,PerceptualSpeedIndex,twitter,True,twitter PerceptualSpeedIndex opt bytecode-cached cold fission webrender,,77,ms,firefox,,1729593582,2023-07-21 09:50:03,733.7,a2fe9197bad582dee22ed11cd3cec32073abcbb1,1276015,,,,,,,,,,,,,,,,,,,,,,,,,,,,,,,,,,,,,,,,,,,,,,,,,,,,,,,,,,,,,TN,TN
autoland,4405952,13,ad8d5d1385265583919f5a224e1153902b6eef60,macosx1015-64-shippable-qr,True,False,,|b|y|t|e|c|o|d|e|-|c|a|c|h|e|d| |c|o|l|d| |f|i|s|s|i|o|n| |w|e|b|r|e|n|d|e|r|,102210fe594ee9b33d82058545b1ed14f4c8206e,PerceptualSpeedIndex,twitter,True,twitter PerceptualSpeedIndex opt bytecode-cached cold fission webrender,,77,ms,firefox,,1729670679,2023-07-21 13:55:08,669.9,9df47ce85e0472ca3ad7784cdf4c5640950ed7d9,1276152,,,,,,,,,,,,,,,,,,,,,,,,,,,,,,,,,,,,,,,,,,,,,,,,,,,,,,,,,,,,,TN,TN
autoland,4405952,13,ad8d5d1385265583919f5a224e1153902b6eef60,macosx1015-64-shippable-qr,True,False,,|b|y|t|e|c|o|d|e|-|c|a|c|h|e|d| |c|o|l|d| |f|i|s|s|i|o|n| |w|e|b|r|e|n|d|e|r|,102210fe594ee9b33d82058545b1ed14f4c8206e,PerceptualSpeedIndex,twitter,True,twitter PerceptualSpeedIndex opt bytecode-cached cold fission webrender,,77,ms,firefox,,1729969401,2023-07-21 14:57:13,700.7,b545926f1ae26978c1d882b547b81c46cc2d13b1,1276194,,,,,,,,,,,,,,,,,,,,,,,,,,,,,,,,,,,,,,,,,,,,,,,,,,,,,,,,,,,,,TN,TN
autoland,4405952,13,ad8d5d1385265583919f5a224e1153902b6eef60,macosx1015-64-shippable-qr,True,False,,|b|y|t|e|c|o|d|e|-|c|a|c|h|e|d| |c|o|l|d| |f|i|s|s|i|o|n| |w|e|b|r|e|n|d|e|r|,102210fe594ee9b33d82058545b1ed14f4c8206e,PerceptualSpeedIndex,twitter,True,twitter PerceptualSpeedIndex opt bytecode-cached cold fission webrender,,77,ms,firefox,,1729967834,2023-07-21 15:37:35,688.0,9fb23e77a86d962610c8be2392b3d05732b94847,1276218,,,,,,,,,,,,,,,,,,,,,,,,,,,,,,,,,,,,,,,,,,,,,,,,,,,,,,,,,,,,,TN,TN
autoland,4405952,13,ad8d5d1385265583919f5a224e1153902b6eef60,macosx1015-64-shippable-qr,True,False,,|b|y|t|e|c|o|d|e|-|c|a|c|h|e|d| |c|o|l|d| |f|i|s|s|i|o|n| |w|e|b|r|e|n|d|e|r|,102210fe594ee9b33d82058545b1ed14f4c8206e,PerceptualSpeedIndex,twitter,True,twitter PerceptualSpeedIndex opt bytecode-cached cold fission webrender,,77,ms,firefox,,1729772487,2023-07-21 17:11:12,776.3,e289c1fd943bfc8c2973687da74a008f86d9e60f,1276290,,,,,,,,,,,,,,,,,,,,,,,,,,,,,,,,,,,,,,,,,,,,,,,,,,,,,,,,,,,,,TN,TN
autoland,4405952,13,ad8d5d1385265583919f5a224e1153902b6eef60,macosx1015-64-shippable-qr,True,False,,|b|y|t|e|c|o|d|e|-|c|a|c|h|e|d| |c|o|l|d| |f|i|s|s|i|o|n| |w|e|b|r|e|n|d|e|r|,102210fe594ee9b33d82058545b1ed14f4c8206e,PerceptualSpeedIndex,twitter,True,twitter PerceptualSpeedIndex opt bytecode-cached cold fission webrender,,77,ms,firefox,,1729893452,2023-07-21 21:17:12,718.7,f13e959d38c7e8d9590bbc8d44f95149bbe180d1,1276495,,,,,,,,,,,,,,,,,,,,,,,,,,,,,,,,,,,,,,,,,,,,,,,,,,,,,,,,,,,,,TN,TN
autoland,4405952,13,ad8d5d1385265583919f5a224e1153902b6eef60,macosx1015-64-shippable-qr,True,False,,|b|y|t|e|c|o|d|e|-|c|a|c|h|e|d| |c|o|l|d| |f|i|s|s|i|o|n| |w|e|b|r|e|n|d|e|r|,102210fe594ee9b33d82058545b1ed14f4c8206e,PerceptualSpeedIndex,twitter,True,twitter PerceptualSpeedIndex opt bytecode-cached cold fission webrender,,77,ms,firefox,,1729893501,2023-07-21 22:20:56,759.7,50344759578b6b2e1851c6a6133121c4d89b4f0d,1276531,,,,,,,,,,,,,,,,,,,,,,,,,,,,,,,,,,,,,,,,,,,,,,,,,,,,,,,,,,,,,TN,TN
autoland,4405952,13,ad8d5d1385265583919f5a224e1153902b6eef60,macosx1015-64-shippable-qr,True,False,,|b|y|t|e|c|o|d|e|-|c|a|c|h|e|d| |c|o|l|d| |f|i|s|s|i|o|n| |w|e|b|r|e|n|d|e|r|,102210fe594ee9b33d82058545b1ed14f4c8206e,PerceptualSpeedIndex,twitter,True,twitter PerceptualSpeedIndex opt bytecode-cached cold fission webrender,,77,ms,firefox,,1729944231,2023-07-22 03:42:46,699.2,e4939251f81ca8c6a2fb9db3bbd4416e04dff97d,1276588,,,,,,,,,,,,,,,,,,,,,,,,,,,,,,,,,,,,,,,,,,,,,,,,,,,,,,,,,,,,,TN,TN
autoland,4405952,13,ad8d5d1385265583919f5a224e1153902b6eef60,macosx1015-64-shippable-qr,True,False,,|b|y|t|e|c|o|d|e|-|c|a|c|h|e|d| |c|o|l|d| |f|i|s|s|i|o|n| |w|e|b|r|e|n|d|e|r|,102210fe594ee9b33d82058545b1ed14f4c8206e,PerceptualSpeedIndex,twitter,True,twitter PerceptualSpeedIndex opt bytecode-cached cold fission webrender,,77,ms,firefox,,1730021491,2023-07-22 08:58:42,662.3,c95ec2e13d66e06547002bd008e87bea4f94c022,1276620,,,,,,,,,,,,,,,,,,,,,,,,,,,,,,,,,,,,,,,,,,,,,,,,,,,,,,,,,,,,,TN,TN
autoland,4405952,13,ad8d5d1385265583919f5a224e1153902b6eef60,macosx1015-64-shippable-qr,True,False,,|b|y|t|e|c|o|d|e|-|c|a|c|h|e|d| |c|o|l|d| |f|i|s|s|i|o|n| |w|e|b|r|e|n|d|e|r|,102210fe594ee9b33d82058545b1ed14f4c8206e,PerceptualSpeedIndex,twitter,True,twitter PerceptualSpeedIndex opt bytecode-cached cold fission webrender,,77,ms,firefox,,1730134370,2023-07-22 14:13:52,739.3,b16351df250c572a14efa126f7702fe104ac9fd7,1276645,,,,,,,,,,,,,,,,,,,,,,,,,,,,,,,,,,,,,,,,,,,,,,,,,,,,,,,,,,,,,TN,TN
autoland,4405952,13,ad8d5d1385265583919f5a224e1153902b6eef60,macosx1015-64-shippable-qr,True,False,,|b|y|t|e|c|o|d|e|-|c|a|c|h|e|d| |c|o|l|d| |f|i|s|s|i|o|n| |w|e|b|r|e|n|d|e|r|,102210fe594ee9b33d82058545b1ed14f4c8206e,PerceptualSpeedIndex,twitter,True,twitter PerceptualSpeedIndex opt bytecode-cached cold fission webrender,,77,ms,firefox,,1730219230,2023-07-23 02:59:53,734.7,829bb0f62051beedfe5ba05f679d3b6c8e0d1a3b,1276677,,,,,,,,,,,,,,,,,,,,,,,,,,,,,,,,,,,,,,,,,,,,,,,,,,,,,,,,,,,,,TN,TN
autoland,4405952,13,ad8d5d1385265583919f5a224e1153902b6eef60,macosx1015-64-shippable-qr,True,False,,|b|y|t|e|c|o|d|e|-|c|a|c|h|e|d| |c|o|l|d| |f|i|s|s|i|o|n| |w|e|b|r|e|n|d|e|r|,102210fe594ee9b33d82058545b1ed14f4c8206e,PerceptualSpeedIndex,twitter,True,twitter PerceptualSpeedIndex opt bytecode-cached cold fission webrender,,77,ms,firefox,,1730272098,2023-07-23 12:16:45,687.4,bd6c5007212e7ee9ecc312d4ef096252a9702033,1276689,,,,,,,,,,,,,,,,,,,,,,,,,,,,,,,,,,,,,,,,,,,,,,,,,,,,,,,,,,,,,TN,TN
autoland,4405952,13,ad8d5d1385265583919f5a224e1153902b6eef60,macosx1015-64-shippable-qr,True,False,,|b|y|t|e|c|o|d|e|-|c|a|c|h|e|d| |c|o|l|d| |f|i|s|s|i|o|n| |w|e|b|r|e|n|d|e|r|,102210fe594ee9b33d82058545b1ed14f4c8206e,PerceptualSpeedIndex,twitter,True,twitter PerceptualSpeedIndex opt bytecode-cached cold fission webrender,,77,ms,firefox,,1730337754,2023-07-23 17:37:04,784.3,2fd3284df4616a8723f5b749c4652a682c7b5372,1276726,,,,,,,,,,,,,,,,,,,,,,,,,,,,,,,,,,,,,,,,,,,,,,,,,,,,,,,,,,,,,TN,TN
autoland,4405952,13,ad8d5d1385265583919f5a224e1153902b6eef60,macosx1015-64-shippable-qr,True,False,,|b|y|t|e|c|o|d|e|-|c|a|c|h|e|d| |c|o|l|d| |f|i|s|s|i|o|n| |w|e|b|r|e|n|d|e|r|,102210fe594ee9b33d82058545b1ed14f4c8206e,PerceptualSpeedIndex,twitter,True,twitter PerceptualSpeedIndex opt bytecode-cached cold fission webrender,,77,ms,firefox,,1730398849,2023-07-24 00:19:00,683.7,7e5acc812edd3bcb93cfaf76eaab2c3fd6c4d274,1276767,,,,,,,,,,,,,,,,,,,,,,,,,,,,,,,,,,,,,,,,,,,,,,,,,,,,,,,,,,,,,TN,TN
autoland,4405952,13,ad8d5d1385265583919f5a224e1153902b6eef60,macosx1015-64-shippable-qr,True,False,,|b|y|t|e|c|o|d|e|-|c|a|c|h|e|d| |c|o|l|d| |f|i|s|s|i|o|n| |w|e|b|r|e|n|d|e|r|,102210fe594ee9b33d82058545b1ed14f4c8206e,PerceptualSpeedIndex,twitter,True,twitter PerceptualSpeedIndex opt bytecode-cached cold fission webrender,,77,ms,firefox,,1730433081,2023-07-24 03:08:06,716.6,7b6332c9bce4487c1db3384523b5991fef31e28c,1276802,,,,,,,,,,,,,,,,,,,,,,,,,,,,,,,,,,,,,,,,,,,,,,,,,,,,,,,,,,,,,TN,TN
autoland,4405952,13,ad8d5d1385265583919f5a224e1153902b6eef60,macosx1015-64-shippable-qr,True,False,,|b|y|t|e|c|o|d|e|-|c|a|c|h|e|d| |c|o|l|d| |f|i|s|s|i|o|n| |w|e|b|r|e|n|d|e|r|,102210fe594ee9b33d82058545b1ed14f4c8206e,PerceptualSpeedIndex,twitter,True,twitter PerceptualSpeedIndex opt bytecode-cached cold fission webrender,,77,ms,firefox,,1730507294,2023-07-24 07:35:58,689.4,91b590f6e608c6c3787304fa0010ce58519bde50,1276834,,,,,,,,,,,,,,,,,,,,,,,,,,,,,,,,,,,,,,,,,,,,,,,,,,,,,,,,,,,,,TN,TN
autoland,4405952,13,ad8d5d1385265583919f5a224e1153902b6eef60,macosx1015-64-shippable-qr,True,False,,|b|y|t|e|c|o|d|e|-|c|a|c|h|e|d| |c|o|l|d| |f|i|s|s|i|o|n| |w|e|b|r|e|n|d|e|r|,102210fe594ee9b33d82058545b1ed14f4c8206e,PerceptualSpeedIndex,twitter,True,twitter PerceptualSpeedIndex opt bytecode-cached cold fission webrender,,77,ms,firefox,,1730670220,2023-07-24 11:14:54,682.9,b1a1263e67ce531d13e0a5e2e77c737b114e38b0,1276910,,,,,,,,,,,,,,,,,,,,,,,,,,,,,,,,,,,,,,,,,,,,,,,,,,,,,,,,,,,,,TN,TN
autoland,4405952,13,ad8d5d1385265583919f5a224e1153902b6eef60,macosx1015-64-shippable-qr,True,False,,|b|y|t|e|c|o|d|e|-|c|a|c|h|e|d| |c|o|l|d| |f|i|s|s|i|o|n| |w|e|b|r|e|n|d|e|r|,102210fe594ee9b33d82058545b1ed14f4c8206e,PerceptualSpeedIndex,twitter,True,twitter PerceptualSpeedIndex opt bytecode-cached cold fission webrender,,77,ms,firefox,,1731049535,2023-07-24 12:11:00,715.1,23577cb64636c92dfc2f0a73ececd631f05b3414,1276938,,,,,,,,,,,,,,,,,,,,,,,,,,,,,,,,,,,,,,,,,,,,,,,,,,,,,,,,,,,,,TN,TN
autoland,4405952,13,ad8d5d1385265583919f5a224e1153902b6eef60,macosx1015-64-shippable-qr,True,False,,|b|y|t|e|c|o|d|e|-|c|a|c|h|e|d| |c|o|l|d| |f|i|s|s|i|o|n| |w|e|b|r|e|n|d|e|r|,102210fe594ee9b33d82058545b1ed14f4c8206e,PerceptualSpeedIndex,twitter,True,twitter PerceptualSpeedIndex opt bytecode-cached cold fission webrender,,77,ms,firefox,,1731041414,2023-07-24 12:15:49,803.7,8f3d9e59939f99a34bb59db9bca3680462fbc7e9,1276939,,,,,,,,,,,,,,,,,,,,,,,,,,,,,,,,,,,,,,,,,,,,,,,,,,,,,,,,,,,,,TN,TN
autoland,4405952,13,ad8d5d1385265583919f5a224e1153902b6eef60,macosx1015-64-shippable-qr,True,False,,|b|y|t|e|c|o|d|e|-|c|a|c|h|e|d| |c|o|l|d| |f|i|s|s|i|o|n| |w|e|b|r|e|n|d|e|r|,102210fe594ee9b33d82058545b1ed14f4c8206e,PerceptualSpeedIndex,twitter,True,twitter PerceptualSpeedIndex opt bytecode-cached cold fission webrender,,77,ms,firefox,,1731045295,2023-07-24 14:37:08,666.7,fcb2279fe7287100ede1a2fdd72043fbb1787a74,1277022,,,,,,,,,,,,,,,,,,,,,,,,,,,,,,,,,,,,,,,,,,,,,,,,,,,,,,,,,,,,,TN,TN
autoland,4405952,13,ad8d5d1385265583919f5a224e1153902b6eef60,macosx1015-64-shippable-qr,True,False,,|b|y|t|e|c|o|d|e|-|c|a|c|h|e|d| |c|o|l|d| |f|i|s|s|i|o|n| |w|e|b|r|e|n|d|e|r|,102210fe594ee9b33d82058545b1ed14f4c8206e,PerceptualSpeedIndex,twitter,True,twitter PerceptualSpeedIndex opt bytecode-cached cold fission webrender,,77,ms,firefox,,1731036762,2023-07-24 14:56:47,681.7,2ec32cd8e72a81b580f53114dd636edb8b3ff177,1277037,,,,,,,,,,,,,,,,,,,,,,,,,,,,,,,,,,,,,,,,,,,,,,,,,,,,,,,,,,,,,TN,TN
autoland,4405952,13,ad8d5d1385265583919f5a224e1153902b6eef60,macosx1015-64-shippable-qr,True,False,,|b|y|t|e|c|o|d|e|-|c|a|c|h|e|d| |c|o|l|d| |f|i|s|s|i|o|n| |w|e|b|r|e|n|d|e|r|,102210fe594ee9b33d82058545b1ed14f4c8206e,PerceptualSpeedIndex,twitter,True,twitter PerceptualSpeedIndex opt bytecode-cached cold fission webrender,,77,ms,firefox,,1730857921,2023-07-24 16:02:50,692.4,2483fdffbe5e3c051a32bcf141fb33e9803c0afc,1277068,,,,,,,,,,,,,,,,,,,,,,,,,,,,,,,,,,,,,,,,,,,,,,,,,,,,,,,,,,,,,TN,TN
autoland,4405952,13,ad8d5d1385265583919f5a224e1153902b6eef60,macosx1015-64-shippable-qr,True,False,,|b|y|t|e|c|o|d|e|-|c|a|c|h|e|d| |c|o|l|d| |f|i|s|s|i|o|n| |w|e|b|r|e|n|d|e|r|,102210fe594ee9b33d82058545b1ed14f4c8206e,PerceptualSpeedIndex,twitter,True,twitter PerceptualSpeedIndex opt bytecode-cached cold fission webrender,,77,ms,firefox,,1730868254,2023-07-24 19:16:11,716.3,f9c12557d7a4e074be3fc45027ae8ffbb8f27aaf,1277230,,,,,,,,,,,,,,,,,,,,,,,,,,,,,,,,,,,,,,,,,,,,,,,,,,,,,,,,,,,,,TN,TN
autoland,4405952,13,ad8d5d1385265583919f5a224e1153902b6eef60,macosx1015-64-shippable-qr,True,False,,|b|y|t|e|c|o|d|e|-|c|a|c|h|e|d| |c|o|l|d| |f|i|s|s|i|o|n| |w|e|b|r|e|n|d|e|r|,102210fe594ee9b33d82058545b1ed14f4c8206e,PerceptualSpeedIndex,twitter,True,twitter PerceptualSpeedIndex opt bytecode-cached cold fission webrender,,77,ms,firefox,,1730960041,2023-07-24 23:43:54,692.4,bd745245ac70d82630be9e971b5a9077b5f514e8,1277393,,,,,,,,,,,,,,,,,,,,,,,,,,,,,,,,,,,,,,,,,,,,,,,,,,,,,,,,,,,,,TN,TN
autoland,4405952,13,ad8d5d1385265583919f5a224e1153902b6eef60,macosx1015-64-shippable-qr,True,False,,|b|y|t|e|c|o|d|e|-|c|a|c|h|e|d| |c|o|l|d| |f|i|s|s|i|o|n| |w|e|b|r|e|n|d|e|r|,102210fe594ee9b33d82058545b1ed14f4c8206e,PerceptualSpeedIndex,twitter,True,twitter PerceptualSpeedIndex opt bytecode-cached cold fission webrender,,77,ms,firefox,,1730972220,2023-07-25 00:28:34,772.4,1084bcb2a2550fee8fad1f0be69e603b6c8d67bd,1277414,,,,,,,,,,,,,,,,,,,,,,,,,,,,,,,,,,,,,,,,,,,,,,,,,,,,,,,,,,,,,TN,TN
autoland,4405952,13,ad8d5d1385265583919f5a224e1153902b6eef60,macosx1015-64-shippable-qr,True,False,,|b|y|t|e|c|o|d|e|-|c|a|c|h|e|d| |c|o|l|d| |f|i|s|s|i|o|n| |w|e|b|r|e|n|d|e|r|,102210fe594ee9b33d82058545b1ed14f4c8206e,PerceptualSpeedIndex,twitter,True,twitter PerceptualSpeedIndex opt bytecode-cached cold fission webrender,,77,ms,firefox,,1731056186,2023-07-25 04:47:38,692.4,862d1cf3d7a17e3dde9bda49c5561ec902bb8136,1277485,,,,,,,,,,,,,,,,,,,,,,,,,,,,,,,,,,,,,,,,,,,,,,,,,,,,,,,,,,,,,TN,TN
autoland,4405952,13,ad8d5d1385265583919f5a224e1153902b6eef60,macosx1015-64-shippable-qr,True,False,,|b|y|t|e|c|o|d|e|-|c|a|c|h|e|d| |c|o|l|d| |f|i|s|s|i|o|n| |w|e|b|r|e|n|d|e|r|,102210fe594ee9b33d82058545b1ed14f4c8206e,PerceptualSpeedIndex,twitter,True,twitter PerceptualSpeedIndex opt bytecode-cached cold fission webrender,,77,ms,firefox,,1731165224,2023-07-25 10:29:47,744.4,45a52966f9649f4dc9b8bbb6a8e68cdcc63ee287,1277576,,,,,,,,,,,,,,,,,,,,,,,,,,,,,,,,,,,,,,,,,,,,,,,,,,,,,,,,,,,,,TN,TN
autoland,4405952,13,ad8d5d1385265583919f5a224e1153902b6eef60,macosx1015-64-shippable-qr,True,False,,|b|y|t|e|c|o|d|e|-|c|a|c|h|e|d| |c|o|l|d| |f|i|s|s|i|o|n| |w|e|b|r|e|n|d|e|r|,102210fe594ee9b33d82058545b1ed14f4c8206e,PerceptualSpeedIndex,twitter,True,twitter PerceptualSpeedIndex opt bytecode-cached cold fission webrender,,77,ms,firefox,,1731272847,2023-07-25 14:49:04,662.2,1ae7562fa2353aa63871f769d4e0a1cdd9becf78,1277682,,,,,,,,,,,,,,,,,,,,,,,,,,,,,,,,,,,,,,,,,,,,,,,,,,,,,,,,,,,,,TN,TN
autoland,4405952,13,ad8d5d1385265583919f5a224e1153902b6eef60,macosx1015-64-shippable-qr,True,False,,|b|y|t|e|c|o|d|e|-|c|a|c|h|e|d| |c|o|l|d| |f|i|s|s|i|o|n| |w|e|b|r|e|n|d|e|r|,102210fe594ee9b33d82058545b1ed14f4c8206e,PerceptualSpeedIndex,twitter,True,twitter PerceptualSpeedIndex opt bytecode-cached cold fission webrender,,77,ms,firefox,,1731329439,2023-07-25 15:17:56,734.0,c30662ce80ba57a0977cdeb03e776a28af4fa2fb,1277708,,,,,,,,,,,,,,,,,,,,,,,,,,,,,,,,,,,,,,,,,,,,,,,,,,,,,,,,,,,,,TN,TN
autoland,4405952,13,ad8d5d1385265583919f5a224e1153902b6eef60,macosx1015-64-shippable-qr,True,False,,|b|y|t|e|c|o|d|e|-|c|a|c|h|e|d| |c|o|l|d| |f|i|s|s|i|o|n| |w|e|b|r|e|n|d|e|r|,102210fe594ee9b33d82058545b1ed14f4c8206e,PerceptualSpeedIndex,twitter,True,twitter PerceptualSpeedIndex opt bytecode-cached cold fission webrender,,77,ms,firefox,,1731435350,2023-07-25 23:05:26,756.9,9a2f59dbe5917068801919377341eb7c1ea2030d,1278011,,,,,,,,,,,,,,,,,,,,,,,,,,,,,,,,,,,,,,,,,,,,,,,,,,,,,,,,,,,,,TN,TN
autoland,4405952,13,ad8d5d1385265583919f5a224e1153902b6eef60,macosx1015-64-shippable-qr,True,False,,|b|y|t|e|c|o|d|e|-|c|a|c|h|e|d| |c|o|l|d| |f|i|s|s|i|o|n| |w|e|b|r|e|n|d|e|r|,102210fe594ee9b33d82058545b1ed14f4c8206e,PerceptualSpeedIndex,twitter,True,twitter PerceptualSpeedIndex opt bytecode-cached cold fission webrender,,77,ms,firefox,,1731481215,2023-07-26 02:26:30,681.2,6a9aca2a1b89781175cdec2df700998fa9209282,1278087,,,,,,,,,,,,,,,,,,,,,,,,,,,,,,,,,,,,,,,,,,,,,,,,,,,,,,,,,,,,,TN,TN
autoland,4405952,13,ad8d5d1385265583919f5a224e1153902b6eef60,macosx1015-64-shippable-qr,True,False,,|b|y|t|e|c|o|d|e|-|c|a|c|h|e|d| |c|o|l|d| |f|i|s|s|i|o|n| |w|e|b|r|e|n|d|e|r|,102210fe594ee9b33d82058545b1ed14f4c8206e,PerceptualSpeedIndex,twitter,True,twitter PerceptualSpeedIndex opt bytecode-cached cold fission webrender,,77,ms,firefox,,1731548298,2023-07-26 06:49:07,741.9,8470bc21f160f3c1fecb034308c203412e1fcb3c,1278154,,,,,,,,,,,,,,,,,,,,,,,,,,,,,,,,,,,,,,,,,,,,,,,,,,,,,,,,,,,,,TN,TN
autoland,4405952,13,ad8d5d1385265583919f5a224e1153902b6eef60,macosx1015-64-shippable-qr,True,False,,|b|y|t|e|c|o|d|e|-|c|a|c|h|e|d| |c|o|l|d| |f|i|s|s|i|o|n| |w|e|b|r|e|n|d|e|r|,102210fe594ee9b33d82058545b1ed14f4c8206e,PerceptualSpeedIndex,twitter,True,twitter PerceptualSpeedIndex opt bytecode-cached cold fission webrender,,77,ms,firefox,,1731623652,2023-07-26 09:35:06,761.9,87846ae3f12d74bcc97619bea65453ce0aca0e54,1278218,,,,,,,,,,,,,,,,,,,,,,,,,,,,,,,,,,,,,,,,,,,,,,,,,,,,,,,,,,,,,TN,TN
autoland,4405952,13,ad8d5d1385265583919f5a224e1153902b6eef60,macosx1015-64-shippable-qr,True,False,,|b|y|t|e|c|o|d|e|-|c|a|c|h|e|d| |c|o|l|d| |f|i|s|s|i|o|n| |w|e|b|r|e|n|d|e|r|,102210fe594ee9b33d82058545b1ed14f4c8206e,PerceptualSpeedIndex,twitter,True,twitter PerceptualSpeedIndex opt bytecode-cached cold fission webrender,,77,ms,firefox,,1731816203,2023-07-26 15:38:17,711.8,b65b154c05c37b796b5c0ef7cc01fd37ecfdea1c,1278401,,,,,,,,,,,,,,,,,,,,,,,,,,,,,,,,,,,,,,,,,,,,,,,,,,,,,,,,,,,,,TN,TN
autoland,4405952,13,ad8d5d1385265583919f5a224e1153902b6eef60,macosx1015-64-shippable-qr,True,False,,|b|y|t|e|c|o|d|e|-|c|a|c|h|e|d| |c|o|l|d| |f|i|s|s|i|o|n| |w|e|b|r|e|n|d|e|r|,102210fe594ee9b33d82058545b1ed14f4c8206e,PerceptualSpeedIndex,twitter,True,twitter PerceptualSpeedIndex opt bytecode-cached cold fission webrender,,77,ms,firefox,,1731888580,2023-07-26 23:24:58,663.8,84a5d1af6f7ff3689a022412a1fbc2c6632a5f96,1278695,,,,,,,,,,,,,,,,,,,,,,,,,,,,,,,,,,,,,,,,,,,,,,,,,,,,,,,,,,,,,TN,TN
autoland,4405952,13,ad8d5d1385265583919f5a224e1153902b6eef60,macosx1015-64-shippable-qr,True,False,,|b|y|t|e|c|o|d|e|-|c|a|c|h|e|d| |c|o|l|d| |f|i|s|s|i|o|n| |w|e|b|r|e|n|d|e|r|,102210fe594ee9b33d82058545b1ed14f4c8206e,PerceptualSpeedIndex,twitter,True,twitter PerceptualSpeedIndex opt bytecode-cached cold fission webrender,,77,ms,firefox,,1731979568,2023-07-27 01:40:00,778.4,3e5ffa17cbfe0cff1585c411714ca008dc6ae15e,1278764,,,,,,,,,,,,,,,,,,,,,,,,,,,,,,,,,,,,,,,,,,,,,,,,,,,,,,,,,,,,,TN,TN
autoland,4405952,13,ad8d5d1385265583919f5a224e1153902b6eef60,macosx1015-64-shippable-qr,True,False,,|b|y|t|e|c|o|d|e|-|c|a|c|h|e|d| |c|o|l|d| |f|i|s|s|i|o|n| |w|e|b|r|e|n|d|e|r|,102210fe594ee9b33d82058545b1ed14f4c8206e,PerceptualSpeedIndex,twitter,True,twitter PerceptualSpeedIndex opt bytecode-cached cold fission webrender,,77,ms,firefox,,1732604760,2023-07-27 10:53:12,630.3,49616ee80814eb0968b0e2523383748fdb2c7aad,1278923,,,,,,,,,,,,,,,,,,,,,,,,,,,,,,,,,,,,,,,,,,,,,,,,,,,,,,,,,,,,,TN,TN
autoland,4405952,13,ad8d5d1385265583919f5a224e1153902b6eef60,macosx1015-64-shippable-qr,True,False,,|b|y|t|e|c|o|d|e|-|c|a|c|h|e|d| |c|o|l|d| |f|i|s|s|i|o|n| |w|e|b|r|e|n|d|e|r|,102210fe594ee9b33d82058545b1ed14f4c8206e,PerceptualSpeedIndex,twitter,True,twitter PerceptualSpeedIndex opt bytecode-cached cold fission webrender,,77,ms,firefox,,1732130441,2023-07-27 11:30:20,785.6,84800a0d7e6ed9c82449cedd7ba57c2061572292,1278928,,,,,,,,,,,,,,,,,,,,,,,,,,,,,,,,,,,,,,,,,,,,,,,,,,,,,,,,,,,,,TN,TN
autoland,4405952,13,ad8d5d1385265583919f5a224e1153902b6eef60,macosx1015-64-shippable-qr,True,False,,|b|y|t|e|c|o|d|e|-|c|a|c|h|e|d| |c|o|l|d| |f|i|s|s|i|o|n| |w|e|b|r|e|n|d|e|r|,102210fe594ee9b33d82058545b1ed14f4c8206e,PerceptualSpeedIndex,twitter,True,twitter PerceptualSpeedIndex opt bytecode-cached cold fission webrender,,77,ms,firefox,,1732265968,2023-07-27 15:18:37,695.6,481bfcb7b2201e1eb04cebbeee74480be11095cc,1279069,,,,,,,,,,,,,,,,,,,,,,,,,,,,,,,,,,,,,,,,,,,,,,,,,,,,,,,,,,,,,TN,TN
autoland,4405952,13,ad8d5d1385265583919f5a224e1153902b6eef60,macosx1015-64-shippable-qr,True,False,,|b|y|t|e|c|o|d|e|-|c|a|c|h|e|d| |c|o|l|d| |f|i|s|s|i|o|n| |w|e|b|r|e|n|d|e|r|,102210fe594ee9b33d82058545b1ed14f4c8206e,PerceptualSpeedIndex,twitter,True,twitter PerceptualSpeedIndex opt bytecode-cached cold fission webrender,,77,ms,firefox,,1732437682,2023-07-27 19:34:25,628.3,f50f1984cd54c49748c94ebf3f3709aa4c582ead,1279276,,,,,,,,,,,,,,,,,,,,,,,,,,,,,,,,,,,,,,,,,,,,,,,,,,,,,,,,,,,,,TN,TN
autoland,4405952,13,ad8d5d1385265583919f5a224e1153902b6eef60,macosx1015-64-shippable-qr,True,False,,|b|y|t|e|c|o|d|e|-|c|a|c|h|e|d| |c|o|l|d| |f|i|s|s|i|o|n| |w|e|b|r|e|n|d|e|r|,102210fe594ee9b33d82058545b1ed14f4c8206e,PerceptualSpeedIndex,twitter,True,twitter PerceptualSpeedIndex opt bytecode-cached cold fission webrender,,77,ms,firefox,,1732510873,2023-07-27 23:35:22,625.7,0b367e70ac913aeec6308d2b941cff4dc929cd22,1279407,,,,,,,,,,,,,,,,,,,,,,,,,,,,,,,,,,,,,,,,,,,,,,,,,,,,,,,,,,,,,TN,TN
autoland,4405952,13,ad8d5d1385265583919f5a224e1153902b6eef60,macosx1015-64-shippable-qr,True,False,,|b|y|t|e|c|o|d|e|-|c|a|c|h|e|d| |c|o|l|d| |f|i|s|s|i|o|n| |w|e|b|r|e|n|d|e|r|,102210fe594ee9b33d82058545b1ed14f4c8206e,PerceptualSpeedIndex,twitter,True,twitter PerceptualSpeedIndex opt bytecode-cached cold fission webrender,,77,ms,firefox,,1732533199,2023-07-28 01:05:08,642.1,36ce680ea81ccb2f123f0f6831596185e6ea4e83,1279448,,,,,,,,,,,,,,,,,,,,,,,,,,,,,,,,,,,,,,,,,,,,,,,,,,,,,,,,,,,,,TN,TN
autoland,4405952,13,ad8d5d1385265583919f5a224e1153902b6eef60,macosx1015-64-shippable-qr,True,False,,|b|y|t|e|c|o|d|e|-|c|a|c|h|e|d| |c|o|l|d| |f|i|s|s|i|o|n| |w|e|b|r|e|n|d|e|r|,102210fe594ee9b33d82058545b1ed14f4c8206e,PerceptualSpeedIndex,twitter,True,twitter PerceptualSpeedIndex opt bytecode-cached cold fission webrender,,77,ms,firefox,,1732611715,2023-07-28 05:46:55,613.0,10692fd51184d10f78fb0eb56090f3c55827b561,1279508,,,,,,,,,,,,,,,,,,,,,,,,,,,,,,,,,,,,,,,,,,,,,,,,,,,,,,,,,,,,,TN,TN
autoland,4405952,13,ad8d5d1385265583919f5a224e1153902b6eef60,macosx1015-64-shippable-qr,True,False,,|b|y|t|e|c|o|d|e|-|c|a|c|h|e|d| |c|o|l|d| |f|i|s|s|i|o|n| |w|e|b|r|e|n|d|e|r|,102210fe594ee9b33d82058545b1ed14f4c8206e,PerceptualSpeedIndex,twitter,True,twitter PerceptualSpeedIndex opt bytecode-cached cold fission webrender,,77,ms,firefox,,1732730810,2023-07-28 11:09:37,636.8,af33198f4756b96446ab9cb00f77cc6e2b27f314,1279609,,,,,,,,,,,,,,,,,,,,,,,,,,,,,,,,,,,,,,,,,,,,,,,,,,,,,,,,,,,,,TN,TN
autoland,4405952,13,ad8d5d1385265583919f5a224e1153902b6eef60,macosx1015-64-shippable-qr,True,False,,|b|y|t|e|c|o|d|e|-|c|a|c|h|e|d| |c|o|l|d| |f|i|s|s|i|o|n| |w|e|b|r|e|n|d|e|r|,102210fe594ee9b33d82058545b1ed14f4c8206e,PerceptualSpeedIndex,twitter,True,twitter PerceptualSpeedIndex opt bytecode-cached cold fission webrender,,77,ms,firefox,,1733058528,2023-07-28 13:57:10,712.1,148b5471e5886061d13d6a4fb357e0791b2afb34,1279692,,,,,,,,,,,,,,,,,,,,,,,,,,,,,,,,,,,,,,,,,,,,,,,,,,,,,,,,,,,,,TN,TN
autoland,4405952,13,ad8d5d1385265583919f5a224e1153902b6eef60,macosx1015-64-shippable-qr,True,False,,|b|y|t|e|c|o|d|e|-|c|a|c|h|e|d| |c|o|l|d| |f|i|s|s|i|o|n| |w|e|b|r|e|n|d|e|r|,102210fe594ee9b33d82058545b1ed14f4c8206e,PerceptualSpeedIndex,twitter,True,twitter PerceptualSpeedIndex opt bytecode-cached cold fission webrender,,77,ms,firefox,,1733065674,2023-07-28 14:25:46,639.8,0f04283fe1434b754418b878f1af044b40bfa55d,1279708,,,,,,,,,,,,,,,,,,,,,,,,,,,,,,,,,,,,,,,,,,,,,,,,,,,,,,,,,,,,,TN,TN
autoland,4405952,13,ad8d5d1385265583919f5a224e1153902b6eef60,macosx1015-64-shippable-qr,True,False,,|b|y|t|e|c|o|d|e|-|c|a|c|h|e|d| |c|o|l|d| |f|i|s|s|i|o|n| |w|e|b|r|e|n|d|e|r|,102210fe594ee9b33d82058545b1ed14f4c8206e,PerceptualSpeedIndex,twitter,True,twitter PerceptualSpeedIndex opt bytecode-cached cold fission webrender,,77,ms,firefox,,1732929069,2023-07-28 14:46:21,619.6,08098e30932d89da82f6e452fff88fee938088d7,1279720,,,,,,,,,,,,,,,,,,,,,,,,,,,,,,,,,,,,,,,,,,,,,,,,,,,,,,,,,,,,,TN,TN
autoland,4405952,13,ad8d5d1385265583919f5a224e1153902b6eef60,macosx1015-64-shippable-qr,True,False,,|b|y|t|e|c|o|d|e|-|c|a|c|h|e|d| |c|o|l|d| |f|i|s|s|i|o|n| |w|e|b|r|e|n|d|e|r|,102210fe594ee9b33d82058545b1ed14f4c8206e,PerceptualSpeedIndex,twitter,True,twitter PerceptualSpeedIndex opt bytecode-cached cold fission webrender,,77,ms,firefox,,1732972333,2023-07-28 18:48:27,623.5,2f51f44f5da6afbdb8a587b03f47fcdc7b672475,1279862,,,,,,,,,,,,,,,,,,,,,,,,,,,,,,,,,,,,,,,,,,,,,,,,,,,,,,,,,,,,,TN,TN
autoland,4405952,13,ad8d5d1385265583919f5a224e1153902b6eef60,macosx1015-64-shippable-qr,True,False,,|b|y|t|e|c|o|d|e|-|c|a|c|h|e|d| |c|o|l|d| |f|i|s|s|i|o|n| |w|e|b|r|e|n|d|e|r|,102210fe594ee9b33d82058545b1ed14f4c8206e,PerceptualSpeedIndex,twitter,True,twitter PerceptualSpeedIndex opt bytecode-cached cold fission webrender,,77,ms,firefox,,1732999284,2023-07-28 22:56:39,626.6,95255b6bb2d51d6c10d6a3471da82aeaf7512c0f,1279985,,,,,,,,,,,,,,,,,,,,,,,,,,,,,,,,,,,,,,,,,,,,,,,,,,,,,,,,,,,,,TN,TN
autoland,4405952,13,ad8d5d1385265583919f5a224e1153902b6eef60,macosx1015-64-shippable-qr,True,False,,|b|y|t|e|c|o|d|e|-|c|a|c|h|e|d| |c|o|l|d| |f|i|s|s|i|o|n| |w|e|b|r|e|n|d|e|r|,102210fe594ee9b33d82058545b1ed14f4c8206e,PerceptualSpeedIndex,twitter,True,twitter PerceptualSpeedIndex opt bytecode-cached cold fission webrender,,77,ms,firefox,,1733040341,2023-07-29 03:44:49,718.7,1c410aed156878dc739ffdb4343c315fb0bb0a00,1280031,,,,,,,,,,,,,,,,,,,,,,,,,,,,,,,,,,,,,,,,,,,,,,,,,,,,,,,,,,,,,TN,TN
autoland,4405952,13,ad8d5d1385265583919f5a224e1153902b6eef60,macosx1015-64-shippable-qr,True,False,,|b|y|t|e|c|o|d|e|-|c|a|c|h|e|d| |c|o|l|d| |f|i|s|s|i|o|n| |w|e|b|r|e|n|d|e|r|,102210fe594ee9b33d82058545b1ed14f4c8206e,PerceptualSpeedIndex,twitter,True,twitter PerceptualSpeedIndex opt bytecode-cached cold fission webrender,,77,ms,firefox,,1733113941,2023-07-29 09:43:33,643.5,5f1e1cd609f68ff20fbea6b02e5a3444f7dd303d,1280059,,,,,,,,,,,,,,,,,,,,,,,,,,,,,,,,,,,,,,,,,,,,,,,,,,,,,,,,,,,,,TN,TN
autoland,4405952,13,ad8d5d1385265583919f5a224e1153902b6eef60,macosx1015-64-shippable-qr,True,False,,|b|y|t|e|c|o|d|e|-|c|a|c|h|e|d| |c|o|l|d| |f|i|s|s|i|o|n| |w|e|b|r|e|n|d|e|r|,102210fe594ee9b33d82058545b1ed14f4c8206e,PerceptualSpeedIndex,twitter,True,twitter PerceptualSpeedIndex opt bytecode-cached cold fission webrender,,77,ms,firefox,,1733192678,2023-07-30 01:23:54,643.4,9a9597eb50561ea739c8a26da45dcbad6557a326,1280105,,,,,,,,,,,,,,,,,,,,,,,,,,,,,,,,,,,,,,,,,,,,,,,,,,,,,,,,,,,,,TN,TN
autoland,4405952,13,ad8d5d1385265583919f5a224e1153902b6eef60,macosx1015-64-shippable-qr,True,False,,|b|y|t|e|c|o|d|e|-|c|a|c|h|e|d| |c|o|l|d| |f|i|s|s|i|o|n| |w|e|b|r|e|n|d|e|r|,102210fe594ee9b33d82058545b1ed14f4c8206e,PerceptualSpeedIndex,twitter,True,twitter PerceptualSpeedIndex opt bytecode-cached cold fission webrender,,77,ms,firefox,,1733273661,2023-07-30 13:52:06,664.4,ce5b2b0d4bc01294b78eeb50a7738e0b5755b3a4,1280125,,,,,,,,,,,,,,,,,,,,,,,,,,,,,,,,,,,,,,,,,,,,,,,,,,,,,,,,,,,,,TN,TN
autoland,4405952,13,ad8d5d1385265583919f5a224e1153902b6eef60,macosx1015-64-shippable-qr,True,False,,|b|y|t|e|c|o|d|e|-|c|a|c|h|e|d| |c|o|l|d| |f|i|s|s|i|o|n| |w|e|b|r|e|n|d|e|r|,102210fe594ee9b33d82058545b1ed14f4c8206e,PerceptualSpeedIndex,twitter,True,twitter PerceptualSpeedIndex opt bytecode-cached cold fission webrender,,77,ms,firefox,,1733341691,2023-07-31 04:52:45,718.1,91dd0dbb8e738b29e6f14bdbaaf28f2b1f531b2b,1280185,,,,,,,,,,,,,,,,,,,,,,,,,,,,,,,,,,,,,,,,,,,,,,,,,,,,,,,,,,,,,TN,TN
autoland,4405952,13,ad8d5d1385265583919f5a224e1153902b6eef60,macosx1015-64-shippable-qr,True,False,,|b|y|t|e|c|o|d|e|-|c|a|c|h|e|d| |c|o|l|d| |f|i|s|s|i|o|n| |w|e|b|r|e|n|d|e|r|,102210fe594ee9b33d82058545b1ed14f4c8206e,PerceptualSpeedIndex,twitter,True,twitter PerceptualSpeedIndex opt bytecode-cached cold fission webrender,,77,ms,firefox,,1733449026,2023-07-31 09:26:34,619.4,2b4f8ad0cecd1e9ce287bf572fd28b8b94d91717,1280244,,,,,,,,,,,,,,,,,,,,,,,,,,,,,,,,,,,,,,,,,,,,,,,,,,,,,,,,,,,,,TN,TN
autoland,4405952,13,ad8d5d1385265583919f5a224e1153902b6eef60,macosx1015-64-shippable-qr,True,False,,|b|y|t|e|c|o|d|e|-|c|a|c|h|e|d| |c|o|l|d| |f|i|s|s|i|o|n| |w|e|b|r|e|n|d|e|r|,102210fe594ee9b33d82058545b1ed14f4c8206e,PerceptualSpeedIndex,twitter,True,twitter PerceptualSpeedIndex opt bytecode-cached cold fission webrender,,77,ms,firefox,,1733458239,2023-07-31 10:39:42,638.1,805b1cd5321098059e548eed4aa9db6f43cd833e,1280276,,,,,,,,,,,,,,,,,,,,,,,,,,,,,,,,,,,,,,,,,,,,,,,,,,,,,,,,,,,,,TN,TN
autoland,4405952,13,ad8d5d1385265583919f5a224e1153902b6eef60,macosx1015-64-shippable-qr,True,False,,|b|y|t|e|c|o|d|e|-|c|a|c|h|e|d| |c|o|l|d| |f|i|s|s|i|o|n| |w|e|b|r|e|n|d|e|r|,102210fe594ee9b33d82058545b1ed14f4c8206e,PerceptualSpeedIndex,twitter,True,twitter PerceptualSpeedIndex opt bytecode-cached cold fission webrender,,77,ms,firefox,,1733655088,2023-07-31 14:45:15,621.3,7cad7000bc1c51f14ca241ac2aa08ac299612b8c,1280380,,,,,,,,,,,,,,,,,,,,,,,,,,,,,,,,,,,,,,,,,,,,,,,,,,,,,,,,,,,,,TN,TN
autoland,4405952,13,ad8d5d1385265583919f5a224e1153902b6eef60,macosx1015-64-shippable-qr,True,False,,|b|y|t|e|c|o|d|e|-|c|a|c|h|e|d| |c|o|l|d| |f|i|s|s|i|o|n| |w|e|b|r|e|n|d|e|r|,102210fe594ee9b33d82058545b1ed14f4c8206e,PerceptualSpeedIndex,twitter,True,twitter PerceptualSpeedIndex opt bytecode-cached cold fission webrender,,77,ms,firefox,,1733963528,2023-07-31 14:55:33,622.7,9e236040dbebcbd0457b0eeedbe2f9c748222f7e,1280390,,,,,,,,,,,,,,,,,,,,,,,,,,,,,,,,,,,,,,,,,,,,,,,,,,,,,,,,,,,,,TN,TN
autoland,4405952,13,ad8d5d1385265583919f5a224e1153902b6eef60,macosx1015-64-shippable-qr,True,False,,|b|y|t|e|c|o|d|e|-|c|a|c|h|e|d| |c|o|l|d| |f|i|s|s|i|o|n| |w|e|b|r|e|n|d|e|r|,102210fe594ee9b33d82058545b1ed14f4c8206e,PerceptualSpeedIndex,twitter,True,twitter PerceptualSpeedIndex opt bytecode-cached cold fission webrender,,77,ms,firefox,,1733927156,2023-07-31 15:11:07,666.2,546ff8a87052dd519d6886aaf27a95450b6e4444,1280402,,,,,,,,,,,,,,,,,,,,,,,,,,,,,,,,,,,,,,,,,,,,,,,,,,,,,,,,,,,,,TN,TN
autoland,4405952,13,ad8d5d1385265583919f5a224e1153902b6eef60,macosx1015-64-shippable-qr,True,False,,|b|y|t|e|c|o|d|e|-|c|a|c|h|e|d| |c|o|l|d| |f|i|s|s|i|o|n| |w|e|b|r|e|n|d|e|r|,102210fe594ee9b33d82058545b1ed14f4c8206e,PerceptualSpeedIndex,twitter,True,twitter PerceptualSpeedIndex opt bytecode-cached cold fission webrender,,77,ms,firefox,,1733664680,2023-07-31 16:08:26,751.7,0a238650aa096b0da883226d02d11fc5178541f3,1280438,,,,,,,,,,,,,,,,,,,,,,,,,,,,,,,,,,,,,,,,,,,,,,,,,,,,,,,,,,,,,TN,TN
autoland,4405952,13,ad8d5d1385265583919f5a224e1153902b6eef60,macosx1015-64-shippable-qr,True,False,,|b|y|t|e|c|o|d|e|-|c|a|c|h|e|d| |c|o|l|d| |f|i|s|s|i|o|n| |w|e|b|r|e|n|d|e|r|,102210fe594ee9b33d82058545b1ed14f4c8206e,PerceptualSpeedIndex,twitter,True,twitter PerceptualSpeedIndex opt bytecode-cached cold fission webrender,,77,ms,firefox,,1733790541,2023-07-31 21:31:29,639.9,2d698aca1dece26df297dd085dbde9216e3b2e66,1280612,,,,,,,,,,,,,,,,,,,,,,,,,,,,,,,,,,,,,,,,,,,,,,,,,,,,,,,,,,,,,TN,TN
autoland,4405952,13,ad8d5d1385265583919f5a224e1153902b6eef60,macosx1015-64-shippable-qr,True,False,,|b|y|t|e|c|o|d|e|-|c|a|c|h|e|d| |c|o|l|d| |f|i|s|s|i|o|n| |w|e|b|r|e|n|d|e|r|,102210fe594ee9b33d82058545b1ed14f4c8206e,PerceptualSpeedIndex,twitter,True,twitter PerceptualSpeedIndex opt bytecode-cached cold fission webrender,,77,ms,firefox,,1733783410,2023-07-31 21:34:42,871.9,28250de453513da3369c412cbce0f35b97146bec,1280618,,,,,,,,,,,,,,,,,,,,,,,,,,,,,,,,,,,,,,,,,,,,,,,,,,,,,,,,,,,,,TN,TN
autoland,4405952,13,ad8d5d1385265583919f5a224e1153902b6eef60,macosx1015-64-shippable-qr,True,False,,|b|y|t|e|c|o|d|e|-|c|a|c|h|e|d| |c|o|l|d| |f|i|s|s|i|o|n| |w|e|b|r|e|n|d|e|r|,102210fe594ee9b33d82058545b1ed14f4c8206e,PerceptualSpeedIndex,twitter,True,twitter PerceptualSpeedIndex opt bytecode-cached cold fission webrender,,77,ms,firefox,,1733799672,2023-07-31 23:41:21,633.6,195161a06a7a71dbce0ee5e8ddb8c84f3cb03df7,1280694,,,,,,,,,,,,,,,,,,,,,,,,,,,,,,,,,,,,,,,,,,,,,,,,,,,,,,,,,,,,,TN,TN
autoland,4405952,13,ad8d5d1385265583919f5a224e1153902b6eef60,macosx1015-64-shippable-qr,True,False,,|b|y|t|e|c|o|d|e|-|c|a|c|h|e|d| |c|o|l|d| |f|i|s|s|i|o|n| |w|e|b|r|e|n|d|e|r|,102210fe594ee9b33d82058545b1ed14f4c8206e,PerceptualSpeedIndex,twitter,True,twitter PerceptualSpeedIndex opt bytecode-cached cold fission webrender,,77,ms,firefox,,1733938748,2023-08-01 03:53:20,720.3,ca66ac527c958bd3f26f8c86f291fa85de21ec56,1280753,,,,,,,,,,,,,,,,,,,,,,,,,,,,,,,,,,,,,,,,,,,,,,,,,,,,,,,,,,,,,TN,TN
autoland,4405952,13,ad8d5d1385265583919f5a224e1153902b6eef60,macosx1015-64-shippable-qr,True,False,,|b|y|t|e|c|o|d|e|-|c|a|c|h|e|d| |c|o|l|d| |f|i|s|s|i|o|n| |w|e|b|r|e|n|d|e|r|,102210fe594ee9b33d82058545b1ed14f4c8206e,PerceptualSpeedIndex,twitter,True,twitter PerceptualSpeedIndex opt bytecode-cached cold fission webrender,,77,ms,firefox,,1733911644,2023-08-01 04:02:13,640.8,d5ecff066adaf3a4029a970db93a9f23f1ed2587,1280758,,,,,,,,,,,,,,,,,,,,,,,,,,,,,,,,,,,,,,,,,,,,,,,,,,,,,,,,,,,,,TN,TN
autoland,4405952,13,ad8d5d1385265583919f5a224e1153902b6eef60,macosx1015-64-shippable-qr,True,False,,|b|y|t|e|c|o|d|e|-|c|a|c|h|e|d| |c|o|l|d| |f|i|s|s|i|o|n| |w|e|b|r|e|n|d|e|r|,102210fe594ee9b33d82058545b1ed14f4c8206e,PerceptualSpeedIndex,twitter,True,twitter PerceptualSpeedIndex opt bytecode-cached cold fission webrender,,77,ms,firefox,,1734003984,2023-08-01 08:15:56,627.5,5201d6f4a7e8740bd42f08295800c15e0e18cd7e,1280812,,,,,,,,,,,,,,,,,,,,,,,,,,,,,,,,,,,,,,,,,,,,,,,,,,,,,,,,,,,,,TN,TN
autoland,4405952,13,ad8d5d1385265583919f5a224e1153902b6eef60,macosx1015-64-shippable-qr,True,False,,|b|y|t|e|c|o|d|e|-|c|a|c|h|e|d| |c|o|l|d| |f|i|s|s|i|o|n| |w|e|b|r|e|n|d|e|r|,102210fe594ee9b33d82058545b1ed14f4c8206e,PerceptualSpeedIndex,twitter,True,twitter PerceptualSpeedIndex opt bytecode-cached cold fission webrender,,77,ms,firefox,,1734001589,2023-08-01 08:24:47,641.2,b83cfea645752706c643567095d49b349cb9e610,1280822,,,,,,,,,,,,,,,,,,,,,,,,,,,,,,,,,,,,,,,,,,,,,,,,,,,,,,,,,,,,,TN,TN
autoland,4405952,13,ad8d5d1385265583919f5a224e1153902b6eef60,macosx1015-64-shippable-qr,True,False,,|b|y|t|e|c|o|d|e|-|c|a|c|h|e|d| |c|o|l|d| |f|i|s|s|i|o|n| |w|e|b|r|e|n|d|e|r|,102210fe594ee9b33d82058545b1ed14f4c8206e,PerceptualSpeedIndex,twitter,True,twitter PerceptualSpeedIndex opt bytecode-cached cold fission webrender,,77,ms,firefox,,1734118961,2023-08-01 12:32:45,646.7,90b19e0d07e5d2cd137f135b860f0357df90e338,1280938,,,,,,,,,,,,,,,,,,,,,,,,,,,,,,,,,,,,,,,,,,,,,,,,,,,,,,,,,,,,,TN,TN
autoland,4405952,13,ad8d5d1385265583919f5a224e1153902b6eef60,macosx1015-64-shippable-qr,True,False,,|b|y|t|e|c|o|d|e|-|c|a|c|h|e|d| |c|o|l|d| |f|i|s|s|i|o|n| |w|e|b|r|e|n|d|e|r|,102210fe594ee9b33d82058545b1ed14f4c8206e,PerceptualSpeedIndex,twitter,True,twitter PerceptualSpeedIndex opt bytecode-cached cold fission webrender,,77,ms,firefox,,1734117169,2023-08-01 12:49:44,627.1,61356e1447e3bb09709883f8b5806a201d39c5a4,1280953,,,,,,,,,,,,,,,,,,,,,,,,,,,,,,,,,,,,,,,,,,,,,,,,,,,,,,,,,,,,,TN,TN
autoland,4405952,13,ad8d5d1385265583919f5a224e1153902b6eef60,macosx1015-64-shippable-qr,True,False,,|b|y|t|e|c|o|d|e|-|c|a|c|h|e|d| |c|o|l|d| |f|i|s|s|i|o|n| |w|e|b|r|e|n|d|e|r|,102210fe594ee9b33d82058545b1ed14f4c8206e,PerceptualSpeedIndex,twitter,True,twitter PerceptualSpeedIndex opt bytecode-cached cold fission webrender,,77,ms,firefox,,1734224367,2023-08-01 15:48:38,648.6,ea7df1f8976b5cdf0d7ddbc918c38d7fffcee983,1281058,,,,,,,,,,,,,,,,,,,,,,,,,,,,,,,,,,,,,,,,,,,,,,,,,,,,,,,,,,,,,TN,TN
autoland,4405952,13,ad8d5d1385265583919f5a224e1153902b6eef60,macosx1015-64-shippable-qr,True,False,,|b|y|t|e|c|o|d|e|-|c|a|c|h|e|d| |c|o|l|d| |f|i|s|s|i|o|n| |w|e|b|r|e|n|d|e|r|,102210fe594ee9b33d82058545b1ed14f4c8206e,PerceptualSpeedIndex,twitter,True,twitter PerceptualSpeedIndex opt bytecode-cached cold fission webrender,,77,ms,firefox,,1734319057,2023-08-01 20:02:17,612.5,fd6f3d21ce3f450906d293c067fdadc62ea991a6,1281212,,,,,,,,,,,,,,,,,,,,,,,,,,,,,,,,,,,,,,,,,,,,,,,,,,,,,,,,,,,,,TN,TN
autoland,4405952,13,ad8d5d1385265583919f5a224e1153902b6eef60,macosx1015-64-shippable-qr,True,False,,|b|y|t|e|c|o|d|e|-|c|a|c|h|e|d| |c|o|l|d| |f|i|s|s|i|o|n| |w|e|b|r|e|n|d|e|r|,102210fe594ee9b33d82058545b1ed14f4c8206e,PerceptualSpeedIndex,twitter,True,twitter PerceptualSpeedIndex opt bytecode-cached cold fission webrender,,77,ms,firefox,,1734377319,2023-08-02 00:13:38,612.8,323a980eddb18489b9d7de1ffeff427026574b4c,1281337,,,,,,,,,,,,,,,,,,,,,,,,,,,,,,,,,,,,,,,,,,,,,,,,,,,,,,,,,,,,,TN,TN
autoland,4405952,13,ad8d5d1385265583919f5a224e1153902b6eef60,macosx1015-64-shippable-qr,True,False,,|b|y|t|e|c|o|d|e|-|c|a|c|h|e|d| |c|o|l|d| |f|i|s|s|i|o|n| |w|e|b|r|e|n|d|e|r|,102210fe594ee9b33d82058545b1ed14f4c8206e,PerceptualSpeedIndex,twitter,True,twitter PerceptualSpeedIndex opt bytecode-cached cold fission webrender,,77,ms,firefox,,1734504616,2023-08-02 06:07:22,647.8,7ee1dad073d03db2f730fd5c2baf77f37e458feb,1281414,,,,,,,,,,,,,,,,,,,,,,,,,,,,,,,,,,,,,,,,,,,,,,,,,,,,,,,,,,,,,TN,TN
autoland,4405952,13,ad8d5d1385265583919f5a224e1153902b6eef60,macosx1015-64-shippable-qr,True,False,,|b|y|t|e|c|o|d|e|-|c|a|c|h|e|d| |c|o|l|d| |f|i|s|s|i|o|n| |w|e|b|r|e|n|d|e|r|,102210fe594ee9b33d82058545b1ed14f4c8206e,PerceptualSpeedIndex,twitter,True,twitter PerceptualSpeedIndex opt bytecode-cached cold fission webrender,,77,ms,firefox,,1734492421,2023-08-02 06:35:09,634.7,a8968f9e8cf0bba14f132004f11b34a8abb93165,1281421,,,,,,,,,,,,,,,,,,,,,,,,,,,,,,,,,,,,,,,,,,,,,,,,,,,,,,,,,,,,,TN,TN
autoland,4405952,13,ad8d5d1385265583919f5a224e1153902b6eef60,macosx1015-64-shippable-qr,True,False,,|b|y|t|e|c|o|d|e|-|c|a|c|h|e|d| |c|o|l|d| |f|i|s|s|i|o|n| |w|e|b|r|e|n|d|e|r|,102210fe594ee9b33d82058545b1ed14f4c8206e,PerceptualSpeedIndex,twitter,True,twitter PerceptualSpeedIndex opt bytecode-cached cold fission webrender,,77,ms,firefox,,1734660950,2023-08-02 10:39:12,694.6,338c2c8d91af0f92fa1a7a3b5fb1830adb54b373,1281520,,,,,,,,,,,,,,,,,,,,,,,,,,,,,,,,,,,,,,,,,,,,,,,,,,,,,,,,,,,,,TN,TN
autoland,4405952,13,ad8d5d1385265583919f5a224e1153902b6eef60,macosx1015-64-shippable-qr,True,False,,|b|y|t|e|c|o|d|e|-|c|a|c|h|e|d| |c|o|l|d| |f|i|s|s|i|o|n| |w|e|b|r|e|n|d|e|r|,102210fe594ee9b33d82058545b1ed14f4c8206e,PerceptualSpeedIndex,twitter,True,twitter PerceptualSpeedIndex opt bytecode-cached cold fission webrender,,77,ms,firefox,,1734676998,2023-08-02 12:59:29,709.3,b21c8906db6d0a7e0fbae7e609d90da9cf977fbb,1281568,,,,,,,,,,,,,,,,,,,,,,,,,,,,,,,,,,,,,,,,,,,,,,,,,,,,,,,,,,,,,TN,TN
autoland,4405952,13,ad8d5d1385265583919f5a224e1153902b6eef60,macosx1015-64-shippable-qr,True,False,,|b|y|t|e|c|o|d|e|-|c|a|c|h|e|d| |c|o|l|d| |f|i|s|s|i|o|n| |w|e|b|r|e|n|d|e|r|,102210fe594ee9b33d82058545b1ed14f4c8206e,PerceptualSpeedIndex,twitter,True,twitter PerceptualSpeedIndex opt bytecode-cached cold fission webrender,,77,ms,firefox,,1735136945,2023-08-02 15:00:42,601.9,493b4e3a7627b3c038bbe926859df076a3342ea8,1281631,,,,,,,,,,,,,,,,,,,,,,,,,,,,,,,,,,,,,,,,,,,,,,,,,,,,,,,,,,,,,TN,TN
autoland,4405952,13,ad8d5d1385265583919f5a224e1153902b6eef60,macosx1015-64-shippable-qr,True,False,,|b|y|t|e|c|o|d|e|-|c|a|c|h|e|d| |c|o|l|d| |f|i|s|s|i|o|n| |w|e|b|r|e|n|d|e|r|,102210fe594ee9b33d82058545b1ed14f4c8206e,PerceptualSpeedIndex,twitter,True,twitter PerceptualSpeedIndex opt bytecode-cached cold fission webrender,,77,ms,firefox,,1734833774,2023-08-02 16:29:38,624.9,90ca26ab8ee142d08164d3ed9761aa023bc4e2aa,1281697,,,,,,,,,,,,,,,,,,,,,,,,,,,,,,,,,,,,,,,,,,,,,,,,,,,,,,,,,,,,,TN,TN
autoland,4405952,13,ad8d5d1385265583919f5a224e1153902b6eef60,macosx1015-64-shippable-qr,True,False,,|b|y|t|e|c|o|d|e|-|c|a|c|h|e|d| |c|o|l|d| |f|i|s|s|i|o|n| |w|e|b|r|e|n|d|e|r|,102210fe594ee9b33d82058545b1ed14f4c8206e,PerceptualSpeedIndex,twitter,True,twitter PerceptualSpeedIndex opt bytecode-cached cold fission webrender,,77,ms,firefox,,1735035209,2023-08-03 00:54:50,626.7,9836af94c959ecca4666d7f0c19125b41969ff65,1282044,,,,,,,,,,,,,,,,,,,,,,,,,,,,,,,,,,,,,,,,,,,,,,,,,,,,,,,,,,,,,TN,TN
autoland,4405952,13,ad8d5d1385265583919f5a224e1153902b6eef60,macosx1015-64-shippable-qr,True,False,,|b|y|t|e|c|o|d|e|-|c|a|c|h|e|d| |c|o|l|d| |f|i|s|s|i|o|n| |w|e|b|r|e|n|d|e|r|,102210fe594ee9b33d82058545b1ed14f4c8206e,PerceptualSpeedIndex,twitter,True,twitter PerceptualSpeedIndex opt bytecode-cached cold fission webrender,,77,ms,firefox,,1735044021,2023-08-03 00:55:51,620.0,c37e853eb755f0f4110f01509516da8c93baf284,1282045,,,,,,,,,,,,,,,,,,,,,,,,,,,,,,,,,,,,,,,,,,,,,,,,,,,,,,,,,,,,,TN,TN
autoland,4405952,13,ad8d5d1385265583919f5a224e1153902b6eef60,macosx1015-64-shippable-qr,True,False,,|b|y|t|e|c|o|d|e|-|c|a|c|h|e|d| |c|o|l|d| |f|i|s|s|i|o|n| |w|e|b|r|e|n|d|e|r|,102210fe594ee9b33d82058545b1ed14f4c8206e,PerceptualSpeedIndex,twitter,True,twitter PerceptualSpeedIndex opt bytecode-cached cold fission webrender,,77,ms,firefox,,1735142938,2023-08-03 05:32:27,638.4,1eb2f6905e74aa982d6b71bec524ccfde726bb7b,1282117,,,,,,,,,,,,,,,,,,,,,,,,,,,,,,,,,,,,,,,,,,,,,,,,,,,,,,,,,,,,,TN,TN
autoland,4405952,13,ad8d5d1385265583919f5a224e1153902b6eef60,macosx1015-64-shippable-qr,True,False,,|b|y|t|e|c|o|d|e|-|c|a|c|h|e|d| |c|o|l|d| |f|i|s|s|i|o|n| |w|e|b|r|e|n|d|e|r|,102210fe594ee9b33d82058545b1ed14f4c8206e,PerceptualSpeedIndex,twitter,True,twitter PerceptualSpeedIndex opt bytecode-cached cold fission webrender,,77,ms,firefox,,1735248432,2023-08-03 09:35:33,616.8,6f55c55c40c70eff3b82d3129f516257598ea115,1282197,,,,,,,,,,,,,,,,,,,,,,,,,,,,,,,,,,,,,,,,,,,,,,,,,,,,,,,,,,,,,TN,TN
autoland,4405952,13,ad8d5d1385265583919f5a224e1153902b6eef60,macosx1015-64-shippable-qr,True,False,,|b|y|t|e|c|o|d|e|-|c|a|c|h|e|d| |c|o|l|d| |f|i|s|s|i|o|n| |w|e|b|r|e|n|d|e|r|,102210fe594ee9b33d82058545b1ed14f4c8206e,PerceptualSpeedIndex,twitter,True,twitter PerceptualSpeedIndex opt bytecode-cached cold fission webrender,,77,ms,firefox,,1735261625,2023-08-03 11:38:24,628.3,9a8ae552959ec73c3546151f30d131552d64bce0,1282235,,,,,,,,,,,,,,,,,,,,,,,,,,,,,,,,,,,,,,,,,,,,,,,,,,,,,,,,,,,,,TN,TN
autoland,4405952,13,ad8d5d1385265583919f5a224e1153902b6eef60,macosx1015-64-shippable-qr,True,False,,|b|y|t|e|c|o|d|e|-|c|a|c|h|e|d| |c|o|l|d| |f|i|s|s|i|o|n| |w|e|b|r|e|n|d|e|r|,102210fe594ee9b33d82058545b1ed14f4c8206e,PerceptualSpeedIndex,twitter,True,twitter PerceptualSpeedIndex opt bytecode-cached cold fission webrender,,77,ms,firefox,,1735585481,2023-08-03 15:46:38,740.5,b801323d1ecc3535a192916c7cb0575710458777,1282361,,,,,,,,,,,,,,,,,,,,,,,,,,,,,,,,,,,,,,,,,,,,,,,,,,,,,,,,,,,,,TN,TN
autoland,4405952,13,ad8d5d1385265583919f5a224e1153902b6eef60,macosx1015-64-shippable-qr,True,False,,|b|y|t|e|c|o|d|e|-|c|a|c|h|e|d| |c|o|l|d| |f|i|s|s|i|o|n| |w|e|b|r|e|n|d|e|r|,102210fe594ee9b33d82058545b1ed14f4c8206e,PerceptualSpeedIndex,twitter,True,twitter PerceptualSpeedIndex opt bytecode-cached cold fission webrender,,77,ms,firefox,,1735567755,2023-08-03 16:00:50,620.3,58d067f89f59472dc1a89d573ccebb4850863efa,1282374,,,,,,,,,,,,,,,,,,,,,,,,,,,,,,,,,,,,,,,,,,,,,,,,,,,,,,,,,,,,,TN,TN
autoland,4405952,13,ad8d5d1385265583919f5a224e1153902b6eef60,macosx1015-64-shippable-qr,True,False,,|b|y|t|e|c|o|d|e|-|c|a|c|h|e|d| |c|o|l|d| |f|i|s|s|i|o|n| |w|e|b|r|e|n|d|e|r|,102210fe594ee9b33d82058545b1ed14f4c8206e,PerceptualSpeedIndex,twitter,True,twitter PerceptualSpeedIndex opt bytecode-cached cold fission webrender,,77,ms,firefox,,1735644920,2023-08-03 22:02:40,683.1,3922ccc760667154aea7a174114abfacb17fe35e,1282606,,,,,,,,,,,,,,,,,,,,,,,,,,,,,,,,,,,,,,,,,,,,,,,,,,,,,,,,,,,,,TN,TN
autoland,4405952,13,ad8d5d1385265583919f5a224e1153902b6eef60,macosx1015-64-shippable-qr,True,False,,|b|y|t|e|c|o|d|e|-|c|a|c|h|e|d| |c|o|l|d| |f|i|s|s|i|o|n| |w|e|b|r|e|n|d|e|r|,102210fe594ee9b33d82058545b1ed14f4c8206e,PerceptualSpeedIndex,twitter,True,twitter PerceptualSpeedIndex opt bytecode-cached cold fission webrender,,77,ms,firefox,,1735720126,2023-08-04 02:28:33,627.5,2b60f9868271a131fa342332b78f3968159fa46e,1282715,,,,,,,,,,,,,,,,,,,,,,,,,,,,,,,,,,,,,,,,,,,,,,,,,,,,,,,,,,,,,TN,TN
autoland,4405952,13,ad8d5d1385265583919f5a224e1153902b6eef60,macosx1015-64-shippable-qr,True,False,,|b|y|t|e|c|o|d|e|-|c|a|c|h|e|d| |c|o|l|d| |f|i|s|s|i|o|n| |w|e|b|r|e|n|d|e|r|,102210fe594ee9b33d82058545b1ed14f4c8206e,PerceptualSpeedIndex,twitter,True,twitter PerceptualSpeedIndex opt bytecode-cached cold fission webrender,,77,ms,firefox,,1735829119,2023-08-04 06:28:57,686.5,94da8bb07baea6212776a4b3ddcebff2c08eab98,1282781,,,,,,,,,,,,,,,,,,,,,,,,,,,,,,,,,,,,,,,,,,,,,,,,,,,,,,,,,,,,,TN,TN
autoland,4405952,13,ad8d5d1385265583919f5a224e1153902b6eef60,macosx1015-64-shippable-qr,True,False,,|b|y|t|e|c|o|d|e|-|c|a|c|h|e|d| |c|o|l|d| |f|i|s|s|i|o|n| |w|e|b|r|e|n|d|e|r|,102210fe594ee9b33d82058545b1ed14f4c8206e,PerceptualSpeedIndex,twitter,True,twitter PerceptualSpeedIndex opt bytecode-cached cold fission webrender,,77,ms,firefox,,1735915252,2023-08-04 09:04:37,627.4,386212864d07a46141ce5bca1ef4988cefa4bad7,1282830,,,,,,,,,,,,,,,,,,,,,,,,,,,,,,,,,,,,,,,,,,,,,,,,,,,,,,,,,,,,,TN,TN
autoland,4405952,13,ad8d5d1385265583919f5a224e1153902b6eef60,macosx1015-64-shippable-qr,True,False,,|b|y|t|e|c|o|d|e|-|c|a|c|h|e|d| |c|o|l|d| |f|i|s|s|i|o|n| |w|e|b|r|e|n|d|e|r|,102210fe594ee9b33d82058545b1ed14f4c8206e,PerceptualSpeedIndex,twitter,True,twitter PerceptualSpeedIndex opt bytecode-cached cold fission webrender,,77,ms,firefox,,1736000223,2023-08-04 13:05:51,876.0,3a8e173a97d02ae7b0aa11e9ca6f35b1fe8fa926,1282936,,,,,,,,,,,,,,,,,,,,,,,,,,,,,,,,,,,,,,,,,,,,,,,,,,,,,,,,,,,,,TN,TN
autoland,4405952,13,ad8d5d1385265583919f5a224e1153902b6eef60,macosx1015-64-shippable-qr,True,False,,|b|y|t|e|c|o|d|e|-|c|a|c|h|e|d| |c|o|l|d| |f|i|s|s|i|o|n| |w|e|b|r|e|n|d|e|r|,102210fe594ee9b33d82058545b1ed14f4c8206e,PerceptualSpeedIndex,twitter,True,twitter PerceptualSpeedIndex opt bytecode-cached cold fission webrender,,77,ms,firefox,,1736036816,2023-08-04 14:26:38,632.4,8b506ab414513f3320eb7747254e94b37808bb75,1282995,,,,,,,,,,,,,,,,,,,,,,,,,,,,,,,,,,,,,,,,,,,,,,,,,,,,,,,,,,,,,TN,TN
autoland,4405952,13,ad8d5d1385265583919f5a224e1153902b6eef60,macosx1015-64-shippable-qr,True,False,,|b|y|t|e|c|o|d|e|-|c|a|c|h|e|d| |c|o|l|d| |f|i|s|s|i|o|n| |w|e|b|r|e|n|d|e|r|,102210fe594ee9b33d82058545b1ed14f4c8206e,PerceptualSpeedIndex,twitter,True,twitter PerceptualSpeedIndex opt bytecode-cached cold fission webrender,,77,ms,firefox,,1736136419,2023-08-04 17:20:09,641.7,e8c6dc4a318cb8af6210801b4271ea32ee9f324a,1283108,,,,,,,,,,,,,,,,,,,,,,,,,,,,,,,,,,,,,,,,,,,,,,,,,,,,,,,,,,,,,TN,TN
autoland,4405952,13,ad8d5d1385265583919f5a224e1153902b6eef60,macosx1015-64-shippable-qr,True,False,,|b|y|t|e|c|o|d|e|-|c|a|c|h|e|d| |c|o|l|d| |f|i|s|s|i|o|n| |w|e|b|r|e|n|d|e|r|,102210fe594ee9b33d82058545b1ed14f4c8206e,PerceptualSpeedIndex,twitter,True,twitter PerceptualSpeedIndex opt bytecode-cached cold fission webrender,,77,ms,firefox,,1736291776,2023-08-04 21:22:40,657.3,de6dcf5a4c0eec5ef6847cde00ec5da4fcee2e8c,1283226,,,,,,,,,,,,,,,,,,,,,,,,,,,,,,,,,,,,,,,,,,,,,,,,,,,,,,,,,,,,,TN,TN
autoland,4405952,13,ad8d5d1385265583919f5a224e1153902b6eef60,macosx1015-64-shippable-qr,True,False,,|b|y|t|e|c|o|d|e|-|c|a|c|h|e|d| |c|o|l|d| |f|i|s|s|i|o|n| |w|e|b|r|e|n|d|e|r|,102210fe594ee9b33d82058545b1ed14f4c8206e,PerceptualSpeedIndex,twitter,True,twitter PerceptualSpeedIndex opt bytecode-cached cold fission webrender,,77,ms,firefox,,1736305938,2023-08-04 23:16:08,631.4,421628bd5a5c1cf8c64cb86994b1e6dc738abb49,1283269,,,,,,,,,,,,,,,,,,,,,,,,,,,,,,,,,,,,,,,,,,,,,,,,,,,,,,,,,,,,,TN,TN
autoland,4405952,13,ad8d5d1385265583919f5a224e1153902b6eef60,macosx1015-64-shippable-qr,True,False,,|b|y|t|e|c|o|d|e|-|c|a|c|h|e|d| |c|o|l|d| |f|i|s|s|i|o|n| |w|e|b|r|e|n|d|e|r|,102210fe594ee9b33d82058545b1ed14f4c8206e,PerceptualSpeedIndex,twitter,True,twitter PerceptualSpeedIndex opt bytecode-cached cold fission webrender,,77,ms,firefox,,1736440389,2023-08-05 11:44:34,626.7,9e73058ab4aadee7e12b26a9be296b2bbc04cf74,1283328,,,,,,,,,,,,,,,,,,,,,,,,,,,,,,,,,,,,,,,,,,,,,,,,,,,,,,,,,,,,,TN,TN
autoland,4405952,13,ad8d5d1385265583919f5a224e1153902b6eef60,macosx1015-64-shippable-qr,True,False,,|b|y|t|e|c|o|d|e|-|c|a|c|h|e|d| |c|o|l|d| |f|i|s|s|i|o|n| |w|e|b|r|e|n|d|e|r|,102210fe594ee9b33d82058545b1ed14f4c8206e,PerceptualSpeedIndex,twitter,True,twitter PerceptualSpeedIndex opt bytecode-cached cold fission webrender,,77,ms,firefox,,1736464989,2023-08-05 16:15:02,645.2,b0538d39e8c853c9e07b359df9c740d5175e7077,1283346,,,,,,,,,,,,,,,,,,,,,,,,,,,,,,,,,,,,,,,,,,,,,,,,,,,,,,,,,,,,,TN,TN
autoland,4405952,13,ad8d5d1385265583919f5a224e1153902b6eef60,macosx1015-64-shippable-qr,True,False,,|b|y|t|e|c|o|d|e|-|c|a|c|h|e|d| |c|o|l|d| |f|i|s|s|i|o|n| |w|e|b|r|e|n|d|e|r|,102210fe594ee9b33d82058545b1ed14f4c8206e,PerceptualSpeedIndex,twitter,True,twitter PerceptualSpeedIndex opt bytecode-cached cold fission webrender,,77,ms,firefox,,1736626489,2023-08-06 23:55:51,658.9,a777f43c4d9cabe80f2fc3aea6bf95c7e3e9c4c1,1283445,,,,,,,,,,,,,,,,,,,,,,,,,,,,,,,,,,,,,,,,,,,,,,,,,,,,,,,,,,,,,TN,TN
autoland,4405952,13,ad8d5d1385265583919f5a224e1153902b6eef60,macosx1015-64-shippable-qr,True,False,,|b|y|t|e|c|o|d|e|-|c|a|c|h|e|d| |c|o|l|d| |f|i|s|s|i|o|n| |w|e|b|r|e|n|d|e|r|,102210fe594ee9b33d82058545b1ed14f4c8206e,PerceptualSpeedIndex,twitter,True,twitter PerceptualSpeedIndex opt bytecode-cached cold fission webrender,,77,ms,firefox,,1736654309,2023-08-07 02:09:17,655.2,a86a27857ef685b0547d023a29fb8c8bb3f8fc1d,1283462,,,,,,,,,,,,,,,,,,,,,,,,,,,,,,,,,,,,,,,,,,,,,,,,,,,,,,,,,,,,,TN,TN
autoland,4405952,13,ad8d5d1385265583919f5a224e1153902b6eef60,macosx1015-64-shippable-qr,True,False,,|b|y|t|e|c|o|d|e|-|c|a|c|h|e|d| |c|o|l|d| |f|i|s|s|i|o|n| |w|e|b|r|e|n|d|e|r|,102210fe594ee9b33d82058545b1ed14f4c8206e,PerceptualSpeedIndex,twitter,True,twitter PerceptualSpeedIndex opt bytecode-cached cold fission webrender,,77,ms,firefox,,1737270621,2023-08-07 04:48:50,696.0,9555a7afb7209f87b299f3b014bb364b34f6e095,1283483,,,,,,,,,,,,,,,,,,,,,,,,,,,,,,,,,,,,,,,,,,,,,,,,,,,,,,,,,,,,,TN,TN
autoland,4405952,13,ad8d5d1385265583919f5a224e1153902b6eef60,macosx1015-64-shippable-qr,True,False,,|b|y|t|e|c|o|d|e|-|c|a|c|h|e|d| |c|o|l|d| |f|i|s|s|i|o|n| |w|e|b|r|e|n|d|e|r|,102210fe594ee9b33d82058545b1ed14f4c8206e,PerceptualSpeedIndex,twitter,True,twitter PerceptualSpeedIndex opt bytecode-cached cold fission webrender,,77,ms,firefox,,1737252179,2023-08-07 04:55:58,651.0,4389f1c2b8cc83eafdc84eb81353a028baaebb55,1283484,,,,,,,,,,,,,,,,,,,,,,,,,,,,,,,,,,,,,,,,,,,,,,,,,,,,,,,,,,,,,TN,TN
autoland,4405952,13,ad8d5d1385265583919f5a224e1153902b6eef60,macosx1015-64-shippable-qr,True,False,,|b|y|t|e|c|o|d|e|-|c|a|c|h|e|d| |c|o|l|d| |f|i|s|s|i|o|n| |w|e|b|r|e|n|d|e|r|,102210fe594ee9b33d82058545b1ed14f4c8206e,PerceptualSpeedIndex,twitter,True,twitter PerceptualSpeedIndex opt bytecode-cached cold fission webrender,,77,ms,firefox,,1736700739,2023-08-07 06:19:47,689.0,6d877fdb9a1e892fe6528a26aab81b53cfae55c5,1283519,,,,,,,,,,,,,,,,,,,,,,,,,,,,,,,,,,,,,,,,,,,,,,,,,,,,,,,,,,,,,TN,TN
autoland,4405952,13,ad8d5d1385265583919f5a224e1153902b6eef60,macosx1015-64-shippable-qr,True,False,,|b|y|t|e|c|o|d|e|-|c|a|c|h|e|d| |c|o|l|d| |f|i|s|s|i|o|n| |w|e|b|r|e|n|d|e|r|,102210fe594ee9b33d82058545b1ed14f4c8206e,PerceptualSpeedIndex,twitter,True,twitter PerceptualSpeedIndex opt bytecode-cached cold fission webrender,,77,ms,firefox,,1736785274,2023-08-07 09:17:55,639.7,2f07664dbc304adeae1029ead0f4ab014aaa02a8,1283581,,,,,,,,,,,,,,,,,,,,,,,,,,,,,,,,,,,,,,,,,,,,,,,,,,,,,,,,,,,,,TN,TN
autoland,4405952,13,ad8d5d1385265583919f5a224e1153902b6eef60,macosx1015-64-shippable-qr,True,False,,|b|y|t|e|c|o|d|e|-|c|a|c|h|e|d| |c|o|l|d| |f|i|s|s|i|o|n| |w|e|b|r|e|n|d|e|r|,102210fe594ee9b33d82058545b1ed14f4c8206e,PerceptualSpeedIndex,twitter,True,twitter PerceptualSpeedIndex opt bytecode-cached cold fission webrender,,77,ms,firefox,,1736882570,2023-08-07 13:44:02,653.0,d59d0a5038b29cdbcbb2d4b003d642a2617e297f,1283713,,,,,,,,,,,,,,,,,,,,,,,,,,,,,,,,,,,,,,,,,,,,,,,,,,,,,,,,,,,,,TN,TN
autoland,4405952,13,ad8d5d1385265583919f5a224e1153902b6eef60,macosx1015-64-shippable-qr,True,False,,|b|y|t|e|c|o|d|e|-|c|a|c|h|e|d| |c|o|l|d| |f|i|s|s|i|o|n| |w|e|b|r|e|n|d|e|r|,102210fe594ee9b33d82058545b1ed14f4c8206e,PerceptualSpeedIndex,twitter,True,twitter PerceptualSpeedIndex opt bytecode-cached cold fission webrender,,77,ms,firefox,,1737250245,2023-08-07 14:25:14,615.4,617205b5b34e3efa0afc95d965a8404aef4ddb36,1283736,,,,,,,,,,,,,,,,,,,,,,,,,,,,,,,,,,,,,,,,,,,,,,,,,,,,,,,,,,,,,TN,TN
autoland,4405952,13,ad8d5d1385265583919f5a224e1153902b6eef60,macosx1015-64-shippable-qr,True,False,,|b|y|t|e|c|o|d|e|-|c|a|c|h|e|d| |c|o|l|d| |f|i|s|s|i|o|n| |w|e|b|r|e|n|d|e|r|,102210fe594ee9b33d82058545b1ed14f4c8206e,PerceptualSpeedIndex,twitter,True,twitter PerceptualSpeedIndex opt bytecode-cached cold fission webrender,,77,ms,firefox,,1737242176,2023-08-07 14:37:37,633.0,6a6e81b1dfb459262cd93ce0448837be1183f628,1283747,,,,,,,,,,,,,,,,,,,,,,,,,,,,,,,,,,,,,,,,,,,,,,,,,,,,,,,,,,,,,TN,TN
autoland,4405952,13,ad8d5d1385265583919f5a224e1153902b6eef60,macosx1015-64-shippable-qr,True,False,,|b|y|t|e|c|o|d|e|-|c|a|c|h|e|d| |c|o|l|d| |f|i|s|s|i|o|n| |w|e|b|r|e|n|d|e|r|,102210fe594ee9b33d82058545b1ed14f4c8206e,PerceptualSpeedIndex,twitter,True,twitter PerceptualSpeedIndex opt bytecode-cached cold fission webrender,,77,ms,firefox,,1736975466,2023-08-07 16:46:35,626.5,969534e114528550edbcaf30931bc5e255ac2475,1283815,,,,,,,,,,,,,,,,,,,,,,,,,,,,,,,,,,,,,,,,,,,,,,,,,,,,,,,,,,,,,TN,TN
autoland,4405952,13,ad8d5d1385265583919f5a224e1153902b6eef60,macosx1015-64-shippable-qr,True,False,,|b|y|t|e|c|o|d|e|-|c|a|c|h|e|d| |c|o|l|d| |f|i|s|s|i|o|n| |w|e|b|r|e|n|d|e|r|,102210fe594ee9b33d82058545b1ed14f4c8206e,PerceptualSpeedIndex,twitter,True,twitter PerceptualSpeedIndex opt bytecode-cached cold fission webrender,,77,ms,firefox,,1737065914,2023-08-07 20:52:42,638.4,588b596bcb73c4c9cf235c8df1dc04fc9475c321,1283921,,,,,,,,,,,,,,,,,,,,,,,,,,,,,,,,,,,,,,,,,,,,,,,,,,,,,,,,,,,,,TN,TN
autoland,4405952,13,ad8d5d1385265583919f5a224e1153902b6eef60,macosx1015-64-shippable-qr,True,False,,|b|y|t|e|c|o|d|e|-|c|a|c|h|e|d| |c|o|l|d| |f|i|s|s|i|o|n| |w|e|b|r|e|n|d|e|r|,102210fe594ee9b33d82058545b1ed14f4c8206e,PerceptualSpeedIndex,twitter,True,twitter PerceptualSpeedIndex opt bytecode-cached cold fission webrender,,77,ms,firefox,,1737124553,2023-08-07 21:31:10,642.9,0d1a783351f683e500d6e8f83d3dc430b2afdcbf,1283941,,,,,,,,,,,,,,,,,,,,,,,,,,,,,,,,,,,,,,,,,,,,,,,,,,,,,,,,,,,,,TN,TN
autoland,4405952,13,ad8d5d1385265583919f5a224e1153902b6eef60,macosx1015-64-shippable-qr,True,False,,|b|y|t|e|c|o|d|e|-|c|a|c|h|e|d| |c|o|l|d| |f|i|s|s|i|o|n| |w|e|b|r|e|n|d|e|r|,102210fe594ee9b33d82058545b1ed14f4c8206e,PerceptualSpeedIndex,twitter,True,twitter PerceptualSpeedIndex opt bytecode-cached cold fission webrender,,77,ms,firefox,,1737207503,2023-08-08 01:47:48,656.0,7053ad5afbc40a1a98d9e4e447c98e2fd6d70f04,1284029,,,,,,,,,,,,,,,,,,,,,,,,,,,,,,,,,,,,,,,,,,,,,,,,,,,,,,,,,,,,,TN,TN
autoland,4405952,13,ad8d5d1385265583919f5a224e1153902b6eef60,macosx1015-64-shippable-qr,True,False,,|b|y|t|e|c|o|d|e|-|c|a|c|h|e|d| |c|o|l|d| |f|i|s|s|i|o|n| |w|e|b|r|e|n|d|e|r|,102210fe594ee9b33d82058545b1ed14f4c8206e,PerceptualSpeedIndex,twitter,True,twitter PerceptualSpeedIndex opt bytecode-cached cold fission webrender,,77,ms,firefox,,1737320775,2023-08-08 08:03:57,635.9,201950bdeb03d34c7ad70702b52d28c3e0f6a448,1284128,,,,,,,,,,,,,,,,,,,,,,,,,,,,,,,,,,,,,,,,,,,,,,,,,,,,,,,,,,,,,TN,TN
autoland,4405952,13,ad8d5d1385265583919f5a224e1153902b6eef60,macosx1015-64-shippable-qr,True,False,,|b|y|t|e|c|o|d|e|-|c|a|c|h|e|d| |c|o|l|d| |f|i|s|s|i|o|n| |w|e|b|r|e|n|d|e|r|,102210fe594ee9b33d82058545b1ed14f4c8206e,PerceptualSpeedIndex,twitter,True,twitter PerceptualSpeedIndex opt bytecode-cached cold fission webrender,,77,ms,firefox,,1737394551,2023-08-08 12:10:40,594.0,d1fbe6c1f87656fb4f55677904f55f6df433ea9a,1284255,,,,,,,,,,,,,,,,,,,,,,,,,,,,,,,,,,,,,,,,,,,,,,,,,,,,,,,,,,,,,TN,TN
autoland,4405952,13,ad8d5d1385265583919f5a224e1153902b6eef60,macosx1015-64-shippable-qr,True,False,,|b|y|t|e|c|o|d|e|-|c|a|c|h|e|d| |c|o|l|d| |f|i|s|s|i|o|n| |w|e|b|r|e|n|d|e|r|,102210fe594ee9b33d82058545b1ed14f4c8206e,PerceptualSpeedIndex,twitter,True,twitter PerceptualSpeedIndex opt bytecode-cached cold fission webrender,,77,ms,firefox,,1737407150,2023-08-08 12:20:31,641.5,062a5e5729067f579bd6d1ab2f1a3021d7fd291a,1284261,,,,,,,,,,,,,,,,,,,,,,,,,,,,,,,,,,,,,,,,,,,,,,,,,,,,,,,,,,,,,TN,TN
autoland,4405952,13,ad8d5d1385265583919f5a224e1153902b6eef60,macosx1015-64-shippable-qr,True,False,,|b|y|t|e|c|o|d|e|-|c|a|c|h|e|d| |c|o|l|d| |f|i|s|s|i|o|n| |w|e|b|r|e|n|d|e|r|,102210fe594ee9b33d82058545b1ed14f4c8206e,PerceptualSpeedIndex,twitter,True,twitter PerceptualSpeedIndex opt bytecode-cached cold fission webrender,,77,ms,firefox,,1737560281,2023-08-08 16:23:23,630.3,855c69dcdcc457c3e5a54150cdd89a71a2527e2b,1284396,,,,,,,,,,,,,,,,,,,,,,,,,,,,,,,,,,,,,,,,,,,,,,,,,,,,,,,,,,,,,TN,TN
autoland,4405952,13,ad8d5d1385265583919f5a224e1153902b6eef60,macosx1015-64-shippable-qr,True,False,,|b|y|t|e|c|o|d|e|-|c|a|c|h|e|d| |c|o|l|d| |f|i|s|s|i|o|n| |w|e|b|r|e|n|d|e|r|,102210fe594ee9b33d82058545b1ed14f4c8206e,PerceptualSpeedIndex,twitter,True,twitter PerceptualSpeedIndex opt bytecode-cached cold fission webrender,,77,ms,firefox,,1737568425,2023-08-08 18:03:32,625.4,b19ed5a6579d312e71c03201698107835378c612,1284479,,,,,,,,,,,,,,,,,,,,,,,,,,,,,,,,,,,,,,,,,,,,,,,,,,,,,,,,,,,,,TN,TN
autoland,4405952,13,ad8d5d1385265583919f5a224e1153902b6eef60,macosx1015-64-shippable-qr,True,False,,|b|y|t|e|c|o|d|e|-|c|a|c|h|e|d| |c|o|l|d| |f|i|s|s|i|o|n| |w|e|b|r|e|n|d|e|r|,102210fe594ee9b33d82058545b1ed14f4c8206e,PerceptualSpeedIndex,twitter,True,twitter PerceptualSpeedIndex opt bytecode-cached cold fission webrender,,77,ms,firefox,,1737765431,2023-08-08 21:27:09,620.2,4abb9ce2fb8e4174171b3478d6f28b78bf3f214a,1284603,,,,,,,,,,,,,,,,,,,,,,,,,,,,,,,,,,,,,,,,,,,,,,,,,,,,,,,,,,,,,TN,TN
autoland,4405952,13,ad8d5d1385265583919f5a224e1153902b6eef60,macosx1015-64-shippable-qr,True,False,,|b|y|t|e|c|o|d|e|-|c|a|c|h|e|d| |c|o|l|d| |f|i|s|s|i|o|n| |w|e|b|r|e|n|d|e|r|,102210fe594ee9b33d82058545b1ed14f4c8206e,PerceptualSpeedIndex,twitter,True,twitter PerceptualSpeedIndex opt bytecode-cached cold fission webrender,,77,ms,firefox,,1737886127,2023-08-09 02:34:29,632.7,25a29224e55d9a839d6fddde206208a453535ec8,1284750,,,,,,,,,,,,,,,,,,,,,,,,,,,,,,,,,,,,,,,,,,,,,,,,,,,,,,,,,,,,,TN,TN
autoland,4405952,13,ad8d5d1385265583919f5a224e1153902b6eef60,macosx1015-64-shippable-qr,True,False,,|b|y|t|e|c|o|d|e|-|c|a|c|h|e|d| |c|o|l|d| |f|i|s|s|i|o|n| |w|e|b|r|e|n|d|e|r|,102210fe594ee9b33d82058545b1ed14f4c8206e,PerceptualSpeedIndex,twitter,True,twitter PerceptualSpeedIndex opt bytecode-cached cold fission webrender,,77,ms,firefox,,1738532942,2023-08-09 11:39:18,635.4,3951ba8d46ada1b519bccbff6c94ced52fd96cd0,1284953,,,,,,,,,,,,,,,,,,,,,,,,,,,,,,,,,,,,,,,,,,,,,,,,,,,,,,,,,,,,,TN,TN
autoland,4405952,13,ad8d5d1385265583919f5a224e1153902b6eef60,macosx1015-64-shippable-qr,True,False,,|b|y|t|e|c|o|d|e|-|c|a|c|h|e|d| |c|o|l|d| |f|i|s|s|i|o|n| |w|e|b|r|e|n|d|e|r|,102210fe594ee9b33d82058545b1ed14f4c8206e,PerceptualSpeedIndex,twitter,True,twitter PerceptualSpeedIndex opt bytecode-cached cold fission webrender,,77,ms,firefox,,1738528631,2023-08-09 11:55:28,609.1,ed039eae768be7f3b20683997b4fe970d4b8bd82,1284958,,,,,,,,,,,,,,,,,,,,,,,,,,,,,,,,,,,,,,,,,,,,,,,,,,,,,,,,,,,,,TN,TN
autoland,4405952,13,ad8d5d1385265583919f5a224e1153902b6eef60,macosx1015-64-shippable-qr,True,False,,|b|y|t|e|c|o|d|e|-|c|a|c|h|e|d| |c|o|l|d| |f|i|s|s|i|o|n| |w|e|b|r|e|n|d|e|r|,102210fe594ee9b33d82058545b1ed14f4c8206e,PerceptualSpeedIndex,twitter,True,twitter PerceptualSpeedIndex opt bytecode-cached cold fission webrender,,77,ms,firefox,,1738002819,2023-08-09 13:49:06,649.9,46b5603cd2b8de629b659ec8d44fc7b086782c46,1285020,,,,,,,,,,,,,,,,,,,,,,,,,,,,,,,,,,,,,,,,,,,,,,,,,,,,,,,,,,,,,TN,TN
autoland,4405952,13,ad8d5d1385265583919f5a224e1153902b6eef60,macosx1015-64-shippable-qr,True,False,,|b|y|t|e|c|o|d|e|-|c|a|c|h|e|d| |c|o|l|d| |f|i|s|s|i|o|n| |w|e|b|r|e|n|d|e|r|,102210fe594ee9b33d82058545b1ed14f4c8206e,PerceptualSpeedIndex,twitter,True,twitter PerceptualSpeedIndex opt bytecode-cached cold fission webrender,,77,ms,firefox,,1738186368,2023-08-09 17:29:37,611.6,299828b58af2fd55f393babed8ea8db6425040df,1285186,,,,,,,,,,,,,,,,,,,,,,,,,,,,,,,,,,,,,,,,,,,,,,,,,,,,,,,,,,,,,TN,TN
autoland,4405952,13,ad8d5d1385265583919f5a224e1153902b6eef60,macosx1015-64-shippable-qr,True,False,,|b|y|t|e|c|o|d|e|-|c|a|c|h|e|d| |c|o|l|d| |f|i|s|s|i|o|n| |w|e|b|r|e|n|d|e|r|,102210fe594ee9b33d82058545b1ed14f4c8206e,PerceptualSpeedIndex,twitter,True,twitter PerceptualSpeedIndex opt bytecode-cached cold fission webrender,,77,ms,firefox,,1738355690,2023-08-09 20:56:32,607.3,9766f63db97d1b85b2f2f47d2b3cb3ee3782ae85,1285337,,,,,,,,,,,,,,,,,,,,,,,,,,,,,,,,,,,,,,,,,,,,,,,,,,,,,,,,,,,,,TN,TN
autoland,4405952,13,ad8d5d1385265583919f5a224e1153902b6eef60,macosx1015-64-shippable-qr,True,False,,|b|y|t|e|c|o|d|e|-|c|a|c|h|e|d| |c|o|l|d| |f|i|s|s|i|o|n| |w|e|b|r|e|n|d|e|r|,102210fe594ee9b33d82058545b1ed14f4c8206e,PerceptualSpeedIndex,twitter,True,twitter PerceptualSpeedIndex opt bytecode-cached cold fission webrender,,77,ms,firefox,,1738408693,2023-08-10 01:02:34,647.5,b2b54f91567d2de224314e03fc81ba6e815e2fa7,1285442,,,,,,,,,,,,,,,,,,,,,,,,,,,,,,,,,,,,,,,,,,,,,,,,,,,,,,,,,,,,,TN,TN
autoland,4405952,13,ad8d5d1385265583919f5a224e1153902b6eef60,macosx1015-64-shippable-qr,True,False,,|b|y|t|e|c|o|d|e|-|c|a|c|h|e|d| |c|o|l|d| |f|i|s|s|i|o|n| |w|e|b|r|e|n|d|e|r|,102210fe594ee9b33d82058545b1ed14f4c8206e,PerceptualSpeedIndex,twitter,True,twitter PerceptualSpeedIndex opt bytecode-cached cold fission webrender,,77,ms,firefox,,1738436708,2023-08-10 02:22:08,614.7,7704c89f0e6bc2ca33282a228b42fb5cd7aa072c,1285454,,,,,,,,,,,,,,,,,,,,,,,,,,,,,,,,,,,,,,,,,,,,,,,,,,,,,,,,,,,,,TN,TN
autoland,4405952,13,ad8d5d1385265583919f5a224e1153902b6eef60,macosx1015-64-shippable-qr,True,False,,|b|y|t|e|c|o|d|e|-|c|a|c|h|e|d| |c|o|l|d| |f|i|s|s|i|o|n| |w|e|b|r|e|n|d|e|r|,102210fe594ee9b33d82058545b1ed14f4c8206e,PerceptualSpeedIndex,twitter,True,twitter PerceptualSpeedIndex opt bytecode-cached cold fission webrender,,77,ms,firefox,,1738551669,2023-08-10 06:54:21,606.7,24eb42c9b3d9f910ba5afe124232608f70532552,1285524,,,,,,,,,,,,,,,,,,,,,,,,,,,,,,,,,,,,,,,,,,,,,,,,,,,,,,,,,,,,,TN,TN
autoland,4405952,13,ad8d5d1385265583919f5a224e1153902b6eef60,macosx1015-64-shippable-qr,True,False,,|b|y|t|e|c|o|d|e|-|c|a|c|h|e|d| |c|o|l|d| |f|i|s|s|i|o|n| |w|e|b|r|e|n|d|e|r|,102210fe594ee9b33d82058545b1ed14f4c8206e,PerceptualSpeedIndex,twitter,True,twitter PerceptualSpeedIndex opt bytecode-cached cold fission webrender,,77,ms,firefox,,1738659036,2023-08-10 07:38:16,642.6,f688cd32ea991c3f0e62e19b43efc48cb4cc183a,1285542,,,,,,,,,,,,,,,,,,,,,,,,,,,,,,,,,,,,,,,,,,,,,,,,,,,,,,,,,,,,,TN,TN
autoland,4405952,13,ad8d5d1385265583919f5a224e1153902b6eef60,macosx1015-64-shippable-qr,True,False,,|b|y|t|e|c|o|d|e|-|c|a|c|h|e|d| |c|o|l|d| |f|i|s|s|i|o|n| |w|e|b|r|e|n|d|e|r|,102210fe594ee9b33d82058545b1ed14f4c8206e,PerceptualSpeedIndex,twitter,True,twitter PerceptualSpeedIndex opt bytecode-cached cold fission webrender,,77,ms,firefox,,1738720222,2023-08-10 11:47:02,632.5,b544a2a999190b3345911b807fac8392e1360811,1285658,,,,,,,,,,,,,,,,,,,,,,,,,,,,,,,,,,,,,,,,,,,,,,,,,,,,,,,,,,,,,TN,TN
autoland,4405952,13,ad8d5d1385265583919f5a224e1153902b6eef60,macosx1015-64-shippable-qr,True,False,,|b|y|t|e|c|o|d|e|-|c|a|c|h|e|d| |c|o|l|d| |f|i|s|s|i|o|n| |w|e|b|r|e|n|d|e|r|,102210fe594ee9b33d82058545b1ed14f4c8206e,PerceptualSpeedIndex,twitter,True,twitter PerceptualSpeedIndex opt bytecode-cached cold fission webrender,,77,ms,firefox,,1738898061,2023-08-10 13:06:38,627.4,11f47f2a1cf08c1e0b5bb6374f2a7dd1f49c8cac,1285701,,,,,,,,,,,,,,,,,,,,,,,,,,,,,,,,,,,,,,,,,,,,,,,,,,,,,,,,,,,,,TN,TN
autoland,4405952,13,ad8d5d1385265583919f5a224e1153902b6eef60,macosx1015-64-shippable-qr,True,False,,|b|y|t|e|c|o|d|e|-|c|a|c|h|e|d| |c|o|l|d| |f|i|s|s|i|o|n| |w|e|b|r|e|n|d|e|r|,102210fe594ee9b33d82058545b1ed14f4c8206e,PerceptualSpeedIndex,twitter,True,twitter PerceptualSpeedIndex opt bytecode-cached cold fission webrender,,77,ms,firefox,,1739029541,2023-08-10 15:43:03,699.0,5dd3cd2421b46ac8062d03aab70251276fd58962,1285787,,,,,,,,,,,,,,,,,,,,,,,,,,,,,,,,,,,,,,,,,,,,,,,,,,,,,,,,,,,,,TN,TN
autoland,4405952,13,ad8d5d1385265583919f5a224e1153902b6eef60,macosx1015-64-shippable-qr,True,False,,|b|y|t|e|c|o|d|e|-|c|a|c|h|e|d| |c|o|l|d| |f|i|s|s|i|o|n| |w|e|b|r|e|n|d|e|r|,102210fe594ee9b33d82058545b1ed14f4c8206e,PerceptualSpeedIndex,twitter,True,twitter PerceptualSpeedIndex opt bytecode-cached cold fission webrender,,77,ms,firefox,,1739034109,2023-08-10 15:45:51,602.2,cb7f80daa8c82ee9dd68e66a2792421be67d2821,1285790,,,,,,,,,,,,,,,,,,,,,,,,,,,,,,,,,,,,,,,,,,,,,,,,,,,,,,,,,,,,,TN,TN
autoland,4405952,13,ad8d5d1385265583919f5a224e1153902b6eef60,macosx1015-64-shippable-qr,True,False,,|b|y|t|e|c|o|d|e|-|c|a|c|h|e|d| |c|o|l|d| |f|i|s|s|i|o|n| |w|e|b|r|e|n|d|e|r|,102210fe594ee9b33d82058545b1ed14f4c8206e,PerceptualSpeedIndex,twitter,True,twitter PerceptualSpeedIndex opt bytecode-cached cold fission webrender,,77,ms,firefox,,1738910203,2023-08-10 16:07:39,630.9,42a4b2af29229dbfd0675767afaf6965d292e4a7,1285800,,,,,,,,,,,,,,,,,,,,,,,,,,,,,,,,,,,,,,,,,,,,,,,,,,,,,,,,,,,,,TN,TN
autoland,4405952,13,ad8d5d1385265583919f5a224e1153902b6eef60,macosx1015-64-shippable-qr,True,False,,|b|y|t|e|c|o|d|e|-|c|a|c|h|e|d| |c|o|l|d| |f|i|s|s|i|o|n| |w|e|b|r|e|n|d|e|r|,102210fe594ee9b33d82058545b1ed14f4c8206e,PerceptualSpeedIndex,twitter,True,twitter PerceptualSpeedIndex opt bytecode-cached cold fission webrender,,77,ms,firefox,,1738915973,2023-08-10 18:32:11,623.9,fae9c8496544fb4597f4094d95b81fdefec01628,1285918,,,,,,,,,,,,,,,,,,,,,,,,,,,,,,,,,,,,,,,,,,,,,,,,,,,,,,,,,,,,,TN,TN
autoland,4405952,13,ad8d5d1385265583919f5a224e1153902b6eef60,macosx1015-64-shippable-qr,True,False,,|b|y|t|e|c|o|d|e|-|c|a|c|h|e|d| |c|o|l|d| |f|i|s|s|i|o|n| |w|e|b|r|e|n|d|e|r|,102210fe594ee9b33d82058545b1ed14f4c8206e,PerceptualSpeedIndex,twitter,True,twitter PerceptualSpeedIndex opt bytecode-cached cold fission webrender,,77,ms,firefox,,1738998807,2023-08-10 21:59:13,622.9,389f1009f2db207be63aacd4c9c54990f9d1104b,1286074,,,,,,,,,,,,,,,,,,,,,,,,,,,,,,,,,,,,,,,,,,,,,,,,,,,,,,,,,,,,,TN,TN
autoland,4405952,13,ad8d5d1385265583919f5a224e1153902b6eef60,macosx1015-64-shippable-qr,True,False,,|b|y|t|e|c|o|d|e|-|c|a|c|h|e|d| |c|o|l|d| |f|i|s|s|i|o|n| |w|e|b|r|e|n|d|e|r|,102210fe594ee9b33d82058545b1ed14f4c8206e,PerceptualSpeedIndex,twitter,True,twitter PerceptualSpeedIndex opt bytecode-cached cold fission webrender,,77,ms,firefox,,1739038037,2023-08-11 03:08:44,625.7,05da0ca6db46baad5f6e45489d80d5097053bb42,1286160,,,,,,,,,,,,,,,,,,,,,,,,,,,,,,,,,,,,,,,,,,,,,,,,,,,,,,,,,,,,,TN,TN
autoland,4405952,13,ad8d5d1385265583919f5a224e1153902b6eef60,macosx1015-64-shippable-qr,True,False,,|b|y|t|e|c|o|d|e|-|c|a|c|h|e|d| |c|o|l|d| |f|i|s|s|i|o|n| |w|e|b|r|e|n|d|e|r|,102210fe594ee9b33d82058545b1ed14f4c8206e,PerceptualSpeedIndex,twitter,True,twitter PerceptualSpeedIndex opt bytecode-cached cold fission webrender,,77,ms,firefox,,1739081354,2023-08-11 07:27:06,719.1,efb44db563b1abcb74959e12c6ce8e577cd213f2,1286189,,,,,,,,,,,,,,,,,,,,,,,,,,,,,,,,,,,,,,,,,,,,,,,,,,,,,,,,,,,,,TN,TN
autoland,4405952,13,ad8d5d1385265583919f5a224e1153902b6eef60,macosx1015-64-shippable-qr,True,False,,|b|y|t|e|c|o|d|e|-|c|a|c|h|e|d| |c|o|l|d| |f|i|s|s|i|o|n| |w|e|b|r|e|n|d|e|r|,102210fe594ee9b33d82058545b1ed14f4c8206e,PerceptualSpeedIndex,twitter,True,twitter PerceptualSpeedIndex opt bytecode-cached cold fission webrender,,77,ms,firefox,,1739194692,2023-08-11 08:27:25,747.8,cda91469ef2a9b195d09f702816a5f7aec451d02,1286199,,,,,,,,,,,,,,,,,,,,,,,,,,,,,,,,,,,,,,,,,,,,,,,,,,,,,,,,,,,,,TN,TN
autoland,4405952,13,ad8d5d1385265583919f5a224e1153902b6eef60,macosx1015-64-shippable-qr,True,False,,|b|y|t|e|c|o|d|e|-|c|a|c|h|e|d| |c|o|l|d| |f|i|s|s|i|o|n| |w|e|b|r|e|n|d|e|r|,102210fe594ee9b33d82058545b1ed14f4c8206e,PerceptualSpeedIndex,twitter,True,twitter PerceptualSpeedIndex opt bytecode-cached cold fission webrender,,77,ms,firefox,,1739325937,2023-08-11 14:16:15,600.5,21aaca8e9cca74e93bf7c9c3a6c05b78a0d46a06,1286315,,,,,,,,,,,,,,,,,,,,,,,,,,,,,,,,,,,,,,,,,,,,,,,,,,,,,,,,,,,,,TN,TN
autoland,4405952,13,ad8d5d1385265583919f5a224e1153902b6eef60,macosx1015-64-shippable-qr,True,False,,|b|y|t|e|c|o|d|e|-|c|a|c|h|e|d| |c|o|l|d| |f|i|s|s|i|o|n| |w|e|b|r|e|n|d|e|r|,102210fe594ee9b33d82058545b1ed14f4c8206e,PerceptualSpeedIndex,twitter,True,twitter PerceptualSpeedIndex opt bytecode-cached cold fission webrender,,77,ms,firefox,,1739454659,2023-08-11 16:12:07,614.2,16838b515ded4549918a4ebf3e3fa8a0b427e1f4,1286403,,,,,,,,,,,,,,,,,,,,,,,,,,,,,,,,,,,,,,,,,,,,,,,,,,,,,,,,,,,,,TN,TN
autoland,4405952,13,ad8d5d1385265583919f5a224e1153902b6eef60,macosx1015-64-shippable-qr,True,False,,|b|y|t|e|c|o|d|e|-|c|a|c|h|e|d| |c|o|l|d| |f|i|s|s|i|o|n| |w|e|b|r|e|n|d|e|r|,102210fe594ee9b33d82058545b1ed14f4c8206e,PerceptualSpeedIndex,twitter,True,twitter PerceptualSpeedIndex opt bytecode-cached cold fission webrender,,77,ms,firefox,,1739492205,2023-08-11 20:27:04,630.3,700d98d93bde10f22824d5d41b863f4a108f832b,1286565,,,,,,,,,,,,,,,,,,,,,,,,,,,,,,,,,,,,,,,,,,,,,,,,,,,,,,,,,,,,,TN,TN
autoland,4405952,13,ad8d5d1385265583919f5a224e1153902b6eef60,macosx1015-64-shippable-qr,True,False,,|b|y|t|e|c|o|d|e|-|c|a|c|h|e|d| |c|o|l|d| |f|i|s|s|i|o|n| |w|e|b|r|e|n|d|e|r|,102210fe594ee9b33d82058545b1ed14f4c8206e,PerceptualSpeedIndex,twitter,True,twitter PerceptualSpeedIndex opt bytecode-cached cold fission webrender,,77,ms,firefox,,1739538023,2023-08-11 21:04:25,601.9,51c1600372ae1fc4b34d3f3d0d77d993ebba6dee,1286579,,,,,,,,,,,,,,,,,,,,,,,,,,,,,,,,,,,,,,,,,,,,,,,,,,,,,,,,,,,,,TN,TN
autoland,4405952,13,ad8d5d1385265583919f5a224e1153902b6eef60,macosx1015-64-shippable-qr,True,False,,|b|y|t|e|c|o|d|e|-|c|a|c|h|e|d| |c|o|l|d| |f|i|s|s|i|o|n| |w|e|b|r|e|n|d|e|r|,102210fe594ee9b33d82058545b1ed14f4c8206e,PerceptualSpeedIndex,twitter,True,twitter PerceptualSpeedIndex opt bytecode-cached cold fission webrender,,77,ms,firefox,,1739543192,2023-08-11 21:21:38,600.2,d276fb10dd5967d5a7779c681e5fb051233edc53,1286581,,,,,,,,,,,,,,,,,,,,,,,,,,,,,,,,,,,,,,,,,,,,,,,,,,,,,,,,,,,,,TN,TN
autoland,4405952,13,ad8d5d1385265583919f5a224e1153902b6eef60,macosx1015-64-shippable-qr,True,False,,|b|y|t|e|c|o|d|e|-|c|a|c|h|e|d| |c|o|l|d| |f|i|s|s|i|o|n| |w|e|b|r|e|n|d|e|r|,102210fe594ee9b33d82058545b1ed14f4c8206e,PerceptualSpeedIndex,twitter,True,twitter PerceptualSpeedIndex opt bytecode-cached cold fission webrender,,77,ms,firefox,,1739551078,2023-08-12 05:14:02,598.7,8dd752fc2bce87d04b7ae3bab02bb57d59c64e8a,1286635,,,,,,,,,,,,,,,,,,,,,,,,,,,,,,,,,,,,,,,,,,,,,,,,,,,,,,,,,,,,,TN,TN
autoland,4405952,13,ad8d5d1385265583919f5a224e1153902b6eef60,macosx1015-64-shippable-qr,True,False,,|b|y|t|e|c|o|d|e|-|c|a|c|h|e|d| |c|o|l|d| |f|i|s|s|i|o|n| |w|e|b|r|e|n|d|e|r|,102210fe594ee9b33d82058545b1ed14f4c8206e,PerceptualSpeedIndex,twitter,True,twitter PerceptualSpeedIndex opt bytecode-cached cold fission webrender,,77,ms,firefox,,1739556774,2023-08-12 05:14:50,620.7,f20040ae7b2f3e1499ea3b90639fd96566103125,1286636,,,,,,,,,,,,,,,,,,,,,,,,,,,,,,,,,,,,,,,,,,,,,,,,,,,,,,,,,,,,,TN,TN
autoland,4405952,13,ad8d5d1385265583919f5a224e1153902b6eef60,macosx1015-64-shippable-qr,True,False,,|b|y|t|e|c|o|d|e|-|c|a|c|h|e|d| |c|o|l|d| |f|i|s|s|i|o|n| |w|e|b|r|e|n|d|e|r|,102210fe594ee9b33d82058545b1ed14f4c8206e,PerceptualSpeedIndex,twitter,True,twitter PerceptualSpeedIndex opt bytecode-cached cold fission webrender,,77,ms,firefox,,1739628923,2023-08-12 12:22:39,634.3,6386291adbedd6140dfbf10b071e5cc82f5433a1,1286663,,,,,,,,,,,,,,,,,,,,,,,,,,,,,,,,,,,,,,,,,,,,,,,,,,,,,,,,,,,,,TN,TN
autoland,4405952,13,ad8d5d1385265583919f5a224e1153902b6eef60,macosx1015-64-shippable-qr,True,False,,|b|y|t|e|c|o|d|e|-|c|a|c|h|e|d| |c|o|l|d| |f|i|s|s|i|o|n| |w|e|b|r|e|n|d|e|r|,102210fe594ee9b33d82058545b1ed14f4c8206e,PerceptualSpeedIndex,twitter,True,twitter PerceptualSpeedIndex opt bytecode-cached cold fission webrender,,77,ms,firefox,,1739681396,2023-08-12 17:53:09,600.0,9a15449ff274a89d15ae4d345601385b371c2dff,1286688,,,,,,,,,,,,,,,,,,,,,,,,,,,,,,,,,,,,,,,,,,,,,,,,,,,,,,,,,,,,,TN,TN
autoland,4405952,13,ad8d5d1385265583919f5a224e1153902b6eef60,macosx1015-64-shippable-qr,True,False,,|b|y|t|e|c|o|d|e|-|c|a|c|h|e|d| |c|o|l|d| |f|i|s|s|i|o|n| |w|e|b|r|e|n|d|e|r|,102210fe594ee9b33d82058545b1ed14f4c8206e,PerceptualSpeedIndex,twitter,True,twitter PerceptualSpeedIndex opt bytecode-cached cold fission webrender,,77,ms,firefox,,1739751851,2023-08-13 04:26:09,626.1,dcf2ddfaffbf9900de8ba4a674708bf996d147b6,1286737,,,,,,,,,,,,,,,,,,,,,,,,,,,,,,,,,,,,,,,,,,,,,,,,,,,,,,,,,,,,,TN,TN
autoland,4405952,13,ad8d5d1385265583919f5a224e1153902b6eef60,macosx1015-64-shippable-qr,True,False,,|b|y|t|e|c|o|d|e|-|c|a|c|h|e|d| |c|o|l|d| |f|i|s|s|i|o|n| |w|e|b|r|e|n|d|e|r|,102210fe594ee9b33d82058545b1ed14f4c8206e,PerceptualSpeedIndex,twitter,True,twitter PerceptualSpeedIndex opt bytecode-cached cold fission webrender,,77,ms,firefox,,1739836802,2023-08-13 16:54:11,613.7,cbfbab86b8f2ad4e39c90caa2d8e55102609b72d,1286762,,,,,,,,,,,,,,,,,,,,,,,,,,,,,,,,,,,,,,,,,,,,,,,,,,,,,,,,,,,,,TN,TN
autoland,4405952,13,ad8d5d1385265583919f5a224e1153902b6eef60,macosx1015-64-shippable-qr,True,False,,|b|y|t|e|c|o|d|e|-|c|a|c|h|e|d| |c|o|l|d| |f|i|s|s|i|o|n| |w|e|b|r|e|n|d|e|r|,102210fe594ee9b33d82058545b1ed14f4c8206e,PerceptualSpeedIndex,twitter,True,twitter PerceptualSpeedIndex opt bytecode-cached cold fission webrender,,77,ms,firefox,,1739909745,2023-08-14 00:32:30,734.8,bdeed1276a3515d597485fc241f9757ff607a9d1,1286792,,,,,,,,,,,,,,,,,,,,,,,,,,,,,,,,,,,,,,,,,,,,,,,,,,,,,,,,,,,,,TN,TN
autoland,4405952,13,ad8d5d1385265583919f5a224e1153902b6eef60,macosx1015-64-shippable-qr,True,False,,|b|y|t|e|c|o|d|e|-|c|a|c|h|e|d| |c|o|l|d| |f|i|s|s|i|o|n| |w|e|b|r|e|n|d|e|r|,102210fe594ee9b33d82058545b1ed14f4c8206e,PerceptualSpeedIndex,twitter,True,twitter PerceptualSpeedIndex opt bytecode-cached cold fission webrender,,77,ms,firefox,,1739949045,2023-08-14 06:39:21,599.4,a5bcd3edffd78b69932e1ea7c5dda0894107edaa,1286822,,,,,,,,,,,,,,,,,,,,,,,,,,,,,,,,,,,,,,,,,,,,,,,,,,,,,,,,,,,,,TN,TN
autoland,4405952,13,ad8d5d1385265583919f5a224e1153902b6eef60,macosx1015-64-shippable-qr,True,False,,|b|y|t|e|c|o|d|e|-|c|a|c|h|e|d| |c|o|l|d| |f|i|s|s|i|o|n| |w|e|b|r|e|n|d|e|r|,102210fe594ee9b33d82058545b1ed14f4c8206e,PerceptualSpeedIndex,twitter,True,twitter PerceptualSpeedIndex opt bytecode-cached cold fission webrender,,77,ms,firefox,,1740049666,2023-08-14 10:48:55,604.9,64a1445ac4138d208b6412914b12fd0a2e9ff945,1286891,,,,,,,,,,,,,,,,,,,,,,,,,,,,,,,,,,,,,,,,,,,,,,,,,,,,,,,,,,,,,TN,TN
autoland,4405952,13,ad8d5d1385265583919f5a224e1153902b6eef60,macosx1015-64-shippable-qr,True,False,,|b|y|t|e|c|o|d|e|-|c|a|c|h|e|d| |c|o|l|d| |f|i|s|s|i|o|n| |w|e|b|r|e|n|d|e|r|,102210fe594ee9b33d82058545b1ed14f4c8206e,PerceptualSpeedIndex,twitter,True,twitter PerceptualSpeedIndex opt bytecode-cached cold fission webrender,,77,ms,firefox,,1740085271,2023-08-14 14:03:37,621.0,966f06db181d109fbc6ac97a296ac28efbb8a5f2,1286990,,,,,,,,,,,,,,,,,,,,,,,,,,,,,,,,,,,,,,,,,,,,,,,,,,,,,,,,,,,,,TN,TN
autoland,4405952,13,ad8d5d1385265583919f5a224e1153902b6eef60,macosx1015-64-shippable-qr,True,False,,|b|y|t|e|c|o|d|e|-|c|a|c|h|e|d| |c|o|l|d| |f|i|s|s|i|o|n| |w|e|b|r|e|n|d|e|r|,102210fe594ee9b33d82058545b1ed14f4c8206e,PerceptualSpeedIndex,twitter,True,twitter PerceptualSpeedIndex opt bytecode-cached cold fission webrender,,77,ms,firefox,,1740473881,2023-08-14 14:08:51,637.5,31e28d290422a1535f35bcc058af1c08f4c7359b,1286994,,,,,,,,,,,,,,,,,,,,,,,,,,,,,,,,,,,,,,,,,,,,,,,,,,,,,,,,,,,,,TN,TN
autoland,4405952,13,ad8d5d1385265583919f5a224e1153902b6eef60,macosx1015-64-shippable-qr,True,False,,|b|y|t|e|c|o|d|e|-|c|a|c|h|e|d| |c|o|l|d| |f|i|s|s|i|o|n| |w|e|b|r|e|n|d|e|r|,102210fe594ee9b33d82058545b1ed14f4c8206e,PerceptualSpeedIndex,twitter,True,twitter PerceptualSpeedIndex opt bytecode-cached cold fission webrender,,77,ms,firefox,,1740472428,2023-08-14 14:09:39,625.7,8d9f5cc542b6dad03ce85719537d30c4469e20b1,1286995,,,,,,,,,,,,,,,,,,,,,,,,,,,,,,,,,,,,,,,,,,,,,,,,,,,,,,,,,,,,,TN,TN
autoland,4405952,13,ad8d5d1385265583919f5a224e1153902b6eef60,macosx1015-64-shippable-qr,True,False,,|b|y|t|e|c|o|d|e|-|c|a|c|h|e|d| |c|o|l|d| |f|i|s|s|i|o|n| |w|e|b|r|e|n|d|e|r|,102210fe594ee9b33d82058545b1ed14f4c8206e,PerceptualSpeedIndex,twitter,True,twitter PerceptualSpeedIndex opt bytecode-cached cold fission webrender,,77,ms,firefox,,1740244483,2023-08-14 16:54:04,617.0,5b1987d52ae19ebe1b311fec0f664563b5bf198d,1287092,,,,,,,,,,,,,,,,,,,,,,,,,,,,,,,,,,,,,,,,,,,,,,,,,,,,,,,,,,,,,TN,TN
autoland,4405952,13,ad8d5d1385265583919f5a224e1153902b6eef60,macosx1015-64-shippable-qr,True,False,,|b|y|t|e|c|o|d|e|-|c|a|c|h|e|d| |c|o|l|d| |f|i|s|s|i|o|n| |w|e|b|r|e|n|d|e|r|,102210fe594ee9b33d82058545b1ed14f4c8206e,PerceptualSpeedIndex,twitter,True,twitter PerceptualSpeedIndex opt bytecode-cached cold fission webrender,,77,ms,firefox,,1740490792,2023-08-14 18:39:26,614.3,e69719641442a9b020920854741bcc703d699bc9,1287157,,,,,,,,,,,,,,,,,,,,,,,,,,,,,,,,,,,,,,,,,,,,,,,,,,,,,,,,,,,,,TN,TN
autoland,4405952,13,ad8d5d1385265583919f5a224e1153902b6eef60,macosx1015-64-shippable-qr,True,False,,|b|y|t|e|c|o|d|e|-|c|a|c|h|e|d| |c|o|l|d| |f|i|s|s|i|o|n| |w|e|b|r|e|n|d|e|r|,102210fe594ee9b33d82058545b1ed14f4c8206e,PerceptualSpeedIndex,twitter,True,twitter PerceptualSpeedIndex opt bytecode-cached cold fission webrender,,77,ms,firefox,,1740483287,2023-08-14 18:43:30,637.6,98ec3e8e37bd0c1dd0d57c0b66e97f6de4d5f66c,1287159,,,,,,,,,,,,,,,,,,,,,,,,,,,,,,,,,,,,,,,,,,,,,,,,,,,,,,,,,,,,,TN,TN
autoland,4405952,13,ad8d5d1385265583919f5a224e1153902b6eef60,macosx1015-64-shippable-qr,True,False,,|b|y|t|e|c|o|d|e|-|c|a|c|h|e|d| |c|o|l|d| |f|i|s|s|i|o|n| |w|e|b|r|e|n|d|e|r|,102210fe594ee9b33d82058545b1ed14f4c8206e,PerceptualSpeedIndex,twitter,True,twitter PerceptualSpeedIndex opt bytecode-cached cold fission webrender,,77,ms,firefox,,1740346835,2023-08-14 21:20:15,611.6,7081c01a8f314a82bc3c055c11f0880dc2b706fb,1287268,,,,,,,,,,,,,,,,,,,,,,,,,,,,,,,,,,,,,,,,,,,,,,,,,,,,,,,,,,,,,TN,TN
autoland,4405952,13,ad8d5d1385265583919f5a224e1153902b6eef60,macosx1015-64-shippable-qr,True,False,,|b|y|t|e|c|o|d|e|-|c|a|c|h|e|d| |c|o|l|d| |f|i|s|s|i|o|n| |w|e|b|r|e|n|d|e|r|,102210fe594ee9b33d82058545b1ed14f4c8206e,PerceptualSpeedIndex,twitter,True,twitter PerceptualSpeedIndex opt bytecode-cached cold fission webrender,,77,ms,firefox,,1740376559,2023-08-14 23:25:21,632.5,88ec6682eab1c5c36cb839c8db0156446559a1cb,1287331,,,,,,,,,,,,,,,,,,,,,,,,,,,,,,,,,,,,,,,,,,,,,,,,,,,,,,,,,,,,,TN,TN
autoland,4405952,13,ad8d5d1385265583919f5a224e1153902b6eef60,macosx1015-64-shippable-qr,True,False,,|b|y|t|e|c|o|d|e|-|c|a|c|h|e|d| |c|o|l|d| |f|i|s|s|i|o|n| |w|e|b|r|e|n|d|e|r|,102210fe594ee9b33d82058545b1ed14f4c8206e,PerceptualSpeedIndex,twitter,True,twitter PerceptualSpeedIndex opt bytecode-cached cold fission webrender,,77,ms,firefox,,1740456452,2023-08-15 03:40:03,630.7,ef2753ba331b17b408096bfd42e83a91039b995d,1287395,,,,,,,,,,,,,,,,,,,,,,,,,,,,,,,,,,,,,,,,,,,,,,,,,,,,,,,,,,,,,TN,TN
autoland,4405952,13,ad8d5d1385265583919f5a224e1153902b6eef60,macosx1015-64-shippable-qr,True,False,,|b|y|t|e|c|o|d|e|-|c|a|c|h|e|d| |c|o|l|d| |f|i|s|s|i|o|n| |w|e|b|r|e|n|d|e|r|,102210fe594ee9b33d82058545b1ed14f4c8206e,PerceptualSpeedIndex,twitter,True,twitter PerceptualSpeedIndex opt bytecode-cached cold fission webrender,,77,ms,firefox,,1740676993,2023-08-15 12:15:00,626.7,0038346134ec0c0912660c19edced48ff4c9996b,1287534,,,,,,,,,,,,,,,,,,,,,,,,,,,,,,,,,,,,,,,,,,,,,,,,,,,,,,,,,,,,,TN,TN
autoland,4405952,13,ad8d5d1385265583919f5a224e1153902b6eef60,macosx1015-64-shippable-qr,True,False,,|b|y|t|e|c|o|d|e|-|c|a|c|h|e|d| |c|o|l|d| |f|i|s|s|i|o|n| |w|e|b|r|e|n|d|e|r|,102210fe594ee9b33d82058545b1ed14f4c8206e,PerceptualSpeedIndex,twitter,True,twitter PerceptualSpeedIndex opt bytecode-cached cold fission webrender,,77,ms,firefox,,1740684787,2023-08-15 12:16:05,678.5,34ea39f6bd8afd706e571c5a5c5557f8f02274c7,1287535,,,,,,,,,,,,,,,,,,,,,,,,,,,,,,,,,,,,,,,,,,,,,,,,,,,,,,,,,,,,,TN,TN
autoland,4405952,13,ad8d5d1385265583919f5a224e1153902b6eef60,macosx1015-64-shippable-qr,True,False,,|b|y|t|e|c|o|d|e|-|c|a|c|h|e|d| |c|o|l|d| |f|i|s|s|i|o|n| |w|e|b|r|e|n|d|e|r|,102210fe594ee9b33d82058545b1ed14f4c8206e,PerceptualSpeedIndex,twitter,True,twitter PerceptualSpeedIndex opt bytecode-cached cold fission webrender,,77,ms,firefox,,1741113159,2023-08-15 12:37:24,626.3,e22b9fd845f91f33a25fd6da2d0f6c46e5a73fda,1287550,,,,,,,,,,,,,,,,,,,,,,,,,,,,,,,,,,,,,,,,,,,,,,,,,,,,,,,,,,,,,TN,TN
autoland,4405952,13,ad8d5d1385265583919f5a224e1153902b6eef60,macosx1015-64-shippable-qr,True,False,,|b|y|t|e|c|o|d|e|-|c|a|c|h|e|d| |c|o|l|d| |f|i|s|s|i|o|n| |w|e|b|r|e|n|d|e|r|,102210fe594ee9b33d82058545b1ed14f4c8206e,PerceptualSpeedIndex,twitter,True,twitter PerceptualSpeedIndex opt bytecode-cached cold fission webrender,,77,ms,firefox,,1741108973,2023-08-15 12:57:24,642.5,98924afbd295dc09b62c5086c76b9e8ff5089521,1287555,,,,,,,,,,,,,,,,,,,,,,,,,,,,,,,,,,,,,,,,,,,,,,,,,,,,,,,,,,,,,TN,TN
autoland,4405952,13,ad8d5d1385265583919f5a224e1153902b6eef60,macosx1015-64-shippable-qr,True,False,,|b|y|t|e|c|o|d|e|-|c|a|c|h|e|d| |c|o|l|d| |f|i|s|s|i|o|n| |w|e|b|r|e|n|d|e|r|,102210fe594ee9b33d82058545b1ed14f4c8206e,PerceptualSpeedIndex,twitter,True,twitter PerceptualSpeedIndex opt bytecode-cached cold fission webrender,,77,ms,firefox,,1740866263,2023-08-15 17:48:00,644.4,c01a1256082294777509d59591b44cc1a9a54101,1287732,,,,,,,,,,,,,,,,,,,,,,,,,,,,,,,,,,,,,,,,,,,,,,,,,,,,,,,,,,,,,TN,TN
autoland,4405952,13,ad8d5d1385265583919f5a224e1153902b6eef60,macosx1015-64-shippable-qr,True,False,,|b|y|t|e|c|o|d|e|-|c|a|c|h|e|d| |c|o|l|d| |f|i|s|s|i|o|n| |w|e|b|r|e|n|d|e|r|,102210fe594ee9b33d82058545b1ed14f4c8206e,PerceptualSpeedIndex,twitter,True,twitter PerceptualSpeedIndex opt bytecode-cached cold fission webrender,,77,ms,firefox,,1740921833,2023-08-15 20:18:28,627.4,b6d00af33f9f1879900a9ff148f77a03de4ca507,1287829,,,,,,,,,,,,,,,,,,,,,,,,,,,,,,,,,,,,,,,,,,,,,,,,,,,,,,,,,,,,,TN,TN
autoland,4405952,13,ad8d5d1385265583919f5a224e1153902b6eef60,macosx1015-64-shippable-qr,True,False,,|b|y|t|e|c|o|d|e|-|c|a|c|h|e|d| |c|o|l|d| |f|i|s|s|i|o|n| |w|e|b|r|e|n|d|e|r|,102210fe594ee9b33d82058545b1ed14f4c8206e,PerceptualSpeedIndex,twitter,True,twitter PerceptualSpeedIndex opt bytecode-cached cold fission webrender,,77,ms,firefox,,1741847486,2023-08-15 23:56:07,600.8,d89c15eac4ec564501a3193bdcd58be7d02393c5,1287949,,,,,,,,,,,,,,,,,,,,,,,,,,,,,,,,,,,,,,,,,,,,,,,,,,,,,,,,,,,,,TN,TN
autoland,4405952,13,ad8d5d1385265583919f5a224e1153902b6eef60,macosx1015-64-shippable-qr,True,False,,|b|y|t|e|c|o|d|e|-|c|a|c|h|e|d| |c|o|l|d| |f|i|s|s|i|o|n| |w|e|b|r|e|n|d|e|r|,102210fe594ee9b33d82058545b1ed14f4c8206e,PerceptualSpeedIndex,twitter,True,twitter PerceptualSpeedIndex opt bytecode-cached cold fission webrender,,77,ms,firefox,,1741846453,2023-08-16 00:04:54,609.7,e3e4e48f102fd5baecd164c042650d7ed05a3d4a,1287957,,,,,,,,,,,,,,,,,,,,,,,,,,,,,,,,,,,,,,,,,,,,,,,,,,,,,,,,,,,,,TN,TN
autoland,4405952,13,ad8d5d1385265583919f5a224e1153902b6eef60,macosx1015-64-shippable-qr,True,False,,|b|y|t|e|c|o|d|e|-|c|a|c|h|e|d| |c|o|l|d| |f|i|s|s|i|o|n| |w|e|b|r|e|n|d|e|r|,102210fe594ee9b33d82058545b1ed14f4c8206e,PerceptualSpeedIndex,twitter,True,twitter PerceptualSpeedIndex opt bytecode-cached cold fission webrender,,77,ms,firefox,,1741039484,2023-08-16 01:44:13,603.1,af1979bb2dd22b96889d47af7852253d7f161693,1287987,,,,,,,,,,,,,,,,,,,,,,,,,,,,,,,,,,,,,,,,,,,,,,,,,,,,,,,,,,,,,TN,TN
autoland,4405952,13,ad8d5d1385265583919f5a224e1153902b6eef60,macosx1015-64-shippable-qr,True,False,,|b|y|t|e|c|o|d|e|-|c|a|c|h|e|d| |c|o|l|d| |f|i|s|s|i|o|n| |w|e|b|r|e|n|d|e|r|,102210fe594ee9b33d82058545b1ed14f4c8206e,PerceptualSpeedIndex,twitter,True,twitter PerceptualSpeedIndex opt bytecode-cached cold fission webrender,,77,ms,firefox,,1741157402,2023-08-16 06:09:24,630.4,4d7123b9c5729f33db3288141ea7502fae3cbadc,1288100,,,,,,,,,,,,,,,,,,,,,,,,,,,,,,,,,,,,,,,,,,,,,,,,,,,,,,,,,,,,,TN,TN
autoland,4405952,13,ad8d5d1385265583919f5a224e1153902b6eef60,macosx1015-64-shippable-qr,True,False,,|b|y|t|e|c|o|d|e|-|c|a|c|h|e|d| |c|o|l|d| |f|i|s|s|i|o|n| |w|e|b|r|e|n|d|e|r|,102210fe594ee9b33d82058545b1ed14f4c8206e,PerceptualSpeedIndex,twitter,True,twitter PerceptualSpeedIndex opt bytecode-cached cold fission webrender,,77,ms,firefox,,1741208333,2023-08-16 07:28:11,620.1,3ba3d3cb9bb7860efcbb623d34fc5d721fc7cfcb,1288129,,,,,,,,,,,,,,,,,,,,,,,,,,,,,,,,,,,,,,,,,,,,,,,,,,,,,,,,,,,,,TN,TN
autoland,4405952,13,ad8d5d1385265583919f5a224e1153902b6eef60,macosx1015-64-shippable-qr,True,False,,|b|y|t|e|c|o|d|e|-|c|a|c|h|e|d| |c|o|l|d| |f|i|s|s|i|o|n| |w|e|b|r|e|n|d|e|r|,102210fe594ee9b33d82058545b1ed14f4c8206e,PerceptualSpeedIndex,twitter,True,twitter PerceptualSpeedIndex opt bytecode-cached cold fission webrender,,77,ms,firefox,,1741326277,2023-08-16 10:40:28,627.5,3cbe8cb45dab35d18ef4ffb5481be55dfabf47c7,1288233,,,,,,,,,,,,,,,,,,,,,,,,,,,,,,,,,,,,,,,,,,,,,,,,,,,,,,,,,,,,,TN,TN
autoland,4405952,13,ad8d5d1385265583919f5a224e1153902b6eef60,macosx1015-64-shippable-qr,True,False,,|b|y|t|e|c|o|d|e|-|c|a|c|h|e|d| |c|o|l|d| |f|i|s|s|i|o|n| |w|e|b|r|e|n|d|e|r|,102210fe594ee9b33d82058545b1ed14f4c8206e,PerceptualSpeedIndex,twitter,True,twitter PerceptualSpeedIndex opt bytecode-cached cold fission webrender,,77,ms,firefox,,1741802326,2023-08-16 12:28:12,615.4,8a73ffb04e0b980e31fed0ef3226cec7dc161d52,1288290,,,,,,,,,,,,,,,,,,,,,,,,,,,,,,,,,,,,,,,,,,,,,,,,,,,,,,,,,,,,,TN,TN
autoland,4405952,13,ad8d5d1385265583919f5a224e1153902b6eef60,macosx1015-64-shippable-qr,True,False,,|b|y|t|e|c|o|d|e|-|c|a|c|h|e|d| |c|o|l|d| |f|i|s|s|i|o|n| |w|e|b|r|e|n|d|e|r|,102210fe594ee9b33d82058545b1ed14f4c8206e,PerceptualSpeedIndex,twitter,True,twitter PerceptualSpeedIndex opt bytecode-cached cold fission webrender,,77,ms,firefox,,1741840205,2023-08-16 13:01:50,590.3,7122f40ccb24e35d458d3a857d77fe59f96a6f12,1288300,,,,,,,,,,,,,,,,,,,,,,,,,,,,,,,,,,,,,,,,,,,,,,,,,,,,,,,,,,,,,TN,TN
autoland,4405952,13,ad8d5d1385265583919f5a224e1153902b6eef60,macosx1015-64-shippable-qr,True,False,,|b|y|t|e|c|o|d|e|-|c|a|c|h|e|d| |c|o|l|d| |f|i|s|s|i|o|n| |w|e|b|r|e|n|d|e|r|,102210fe594ee9b33d82058545b1ed14f4c8206e,PerceptualSpeedIndex,twitter,True,twitter PerceptualSpeedIndex opt bytecode-cached cold fission webrender,,77,ms,firefox,,1741488950,2023-08-16 14:37:22,606.4,1cafd355bbcf32aae501b9419edec5e7c8a59968,1288343,,,,,,,,,,,,,,,,,,,,,,,,,,,,,,,,,,,,,,,,,,,,,,,,,,,,,,,,,,,,,TN,TN
autoland,4405952,13,ad8d5d1385265583919f5a224e1153902b6eef60,macosx1015-64-shippable-qr,True,False,,|b|y|t|e|c|o|d|e|-|c|a|c|h|e|d| |c|o|l|d| |f|i|s|s|i|o|n| |w|e|b|r|e|n|d|e|r|,102210fe594ee9b33d82058545b1ed14f4c8206e,PerceptualSpeedIndex,twitter,True,twitter PerceptualSpeedIndex opt bytecode-cached cold fission webrender,,77,ms,firefox,,1741814284,2023-08-16 17:18:17,624.0,76c2ef9d279ab62d4513c845d1c71e49aaf07d8c,1288437,,,,,,,,,,,,,,,,,,,,,,,,,,,,,,,,,,,,,,,,,,,,,,,,,,,,,,,,,,,,,TN,TN
autoland,4405952,13,ad8d5d1385265583919f5a224e1153902b6eef60,macosx1015-64-shippable-qr,True,False,,|b|y|t|e|c|o|d|e|-|c|a|c|h|e|d| |c|o|l|d| |f|i|s|s|i|o|n| |w|e|b|r|e|n|d|e|r|,102210fe594ee9b33d82058545b1ed14f4c8206e,PerceptualSpeedIndex,twitter,True,twitter PerceptualSpeedIndex opt bytecode-cached cold fission webrender,,77,ms,firefox,,1741853070,2023-08-16 17:19:17,600.9,e679173f9fd8ae276789ca7302817d53d23baab4,1288439,,,,,,,,,,,,,,,,,,,,,,,,,,,,,,,,,,,,,,,,,,,,,,,,,,,,,,,,,,,,,TN,TN
autoland,4405952,13,ad8d5d1385265583919f5a224e1153902b6eef60,macosx1015-64-shippable-qr,True,False,,|b|y|t|e|c|o|d|e|-|c|a|c|h|e|d| |c|o|l|d| |f|i|s|s|i|o|n| |w|e|b|r|e|n|d|e|r|,102210fe594ee9b33d82058545b1ed14f4c8206e,PerceptualSpeedIndex,twitter,True,twitter PerceptualSpeedIndex opt bytecode-cached cold fission webrender,,77,ms,firefox,,1741644521,2023-08-16 18:57:22,619.3,1c8dec8815d59d488dc44109a4361dcec573ec0a,1288496,,,,,,,,,,,,,,,,,,,,,,,,,,,,,,,,,,,,,,,,,,,,,,,,,,,,,,,,,,,,,TN,TN
autoland,4405952,13,ad8d5d1385265583919f5a224e1153902b6eef60,macosx1015-64-shippable-qr,True,False,,|b|y|t|e|c|o|d|e|-|c|a|c|h|e|d| |c|o|l|d| |f|i|s|s|i|o|n| |w|e|b|r|e|n|d|e|r|,102210fe594ee9b33d82058545b1ed14f4c8206e,PerceptualSpeedIndex,twitter,True,twitter PerceptualSpeedIndex opt bytecode-cached cold fission webrender,,77,ms,firefox,,1741730516,2023-08-16 23:04:52,610.1,4e21d241af64f5d1f3b4796d48ab8d58a961f081,1288666,,,,,,,,,,,,,,,,,,,,,,,,,,,,,,,,,,,,,,,,,,,,,,,,,,,,,,,,,,,,,TN,TN
autoland,4405952,13,ad8d5d1385265583919f5a224e1153902b6eef60,macosx1015-64-shippable-qr,True,False,,|b|y|t|e|c|o|d|e|-|c|a|c|h|e|d| |c|o|l|d| |f|i|s|s|i|o|n| |w|e|b|r|e|n|d|e|r|,102210fe594ee9b33d82058545b1ed14f4c8206e,PerceptualSpeedIndex,twitter,True,twitter PerceptualSpeedIndex opt bytecode-cached cold fission webrender,,77,ms,firefox,,1741717853,2023-08-16 23:22:50,648.0,200aa08042f1b584401fd4aca219d4b68edf7973,1288675,,,,,,,,,,,,,,,,,,,,,,,,,,,,,,,,,,,,,,,,,,,,,,,,,,,,,,,,,,,,,TN,TN
autoland,4405952,13,ad8d5d1385265583919f5a224e1153902b6eef60,macosx1015-64-shippable-qr,True,False,,|b|y|t|e|c|o|d|e|-|c|a|c|h|e|d| |c|o|l|d| |f|i|s|s|i|o|n| |w|e|b|r|e|n|d|e|r|,102210fe594ee9b33d82058545b1ed14f4c8206e,PerceptualSpeedIndex,twitter,True,twitter PerceptualSpeedIndex opt bytecode-cached cold fission webrender,,77,ms,firefox,,1741831534,2023-08-17 04:16:28,606.1,18db2934736dc8d16e5b5840ec0b170aef5c0c3b,1288753,,,,,,,,,,,,,,,,,,,,,,,,,,,,,,,,,,,,,,,,,,,,,,,,,,,,,,,,,,,,,TN,TN
autoland,4405952,13,ad8d5d1385265583919f5a224e1153902b6eef60,macosx1015-64-shippable-qr,True,False,,|b|y|t|e|c|o|d|e|-|c|a|c|h|e|d| |c|o|l|d| |f|i|s|s|i|o|n| |w|e|b|r|e|n|d|e|r|,102210fe594ee9b33d82058545b1ed14f4c8206e,PerceptualSpeedIndex,twitter,True,twitter PerceptualSpeedIndex opt bytecode-cached cold fission webrender,,77,ms,firefox,,1741940662,2023-08-17 08:24:55,606.5,bee27401511bf375891968a9ca78d7ef74d19962,1288813,,,,,,,,,,,,,,,,,,,,,,,,,,,,,,,,,,,,,,,,,,,,,,,,,,,,,,,,,,,,,TN,TN
autoland,4405952,13,ad8d5d1385265583919f5a224e1153902b6eef60,macosx1015-64-shippable-qr,True,False,,|b|y|t|e|c|o|d|e|-|c|a|c|h|e|d| |c|o|l|d| |f|i|s|s|i|o|n| |w|e|b|r|e|n|d|e|r|,102210fe594ee9b33d82058545b1ed14f4c8206e,PerceptualSpeedIndex,twitter,True,twitter PerceptualSpeedIndex opt bytecode-cached cold fission webrender,,77,ms,firefox,,1742026257,2023-08-17 10:09:55,610.2,78e7cb2837e7dec0ef55a2f5f383625335ad2520,1288847,,,,,,,,,,,,,,,,,,,,,,,,,,,,,,,,,,,,,,,,,,,,,,,,,,,,,,,,,,,,,TN,TN
autoland,4405952,13,ad8d5d1385265583919f5a224e1153902b6eef60,macosx1015-64-shippable-qr,True,False,,|b|y|t|e|c|o|d|e|-|c|a|c|h|e|d| |c|o|l|d| |f|i|s|s|i|o|n| |w|e|b|r|e|n|d|e|r|,102210fe594ee9b33d82058545b1ed14f4c8206e,PerceptualSpeedIndex,twitter,True,twitter PerceptualSpeedIndex opt bytecode-cached cold fission webrender,,77,ms,firefox,,1742195536,2023-08-17 14:34:38,615.5,776fbad509150f69418e1f44fa2580c651211253,1288953,,,,,,,,,,,,,,,,,,,,,,,,,,,,,,,,,,,,,,,,,,,,,,,,,,,,,,,,,,,,,TN,TN
autoland,4405952,13,ad8d5d1385265583919f5a224e1153902b6eef60,macosx1015-64-shippable-qr,True,False,,|b|y|t|e|c|o|d|e|-|c|a|c|h|e|d| |c|o|l|d| |f|i|s|s|i|o|n| |w|e|b|r|e|n|d|e|r|,102210fe594ee9b33d82058545b1ed14f4c8206e,PerceptualSpeedIndex,twitter,True,twitter PerceptualSpeedIndex opt bytecode-cached cold fission webrender,,77,ms,firefox,,1742245658,2023-08-17 16:13:13,627.5,aac1f1d71d5251ffb80e7a22087e1c473e53069d,1289025,,,,,,,,,,,,,,,,,,,,,,,,,,,,,,,,,,,,,,,,,,,,,,,,,,,,,,,,,,,,,TN,TN
autoland,4405952,13,ad8d5d1385265583919f5a224e1153902b6eef60,macosx1015-64-shippable-qr,True,False,,|b|y|t|e|c|o|d|e|-|c|a|c|h|e|d| |c|o|l|d| |f|i|s|s|i|o|n| |w|e|b|r|e|n|d|e|r|,102210fe594ee9b33d82058545b1ed14f4c8206e,PerceptualSpeedIndex,twitter,True,twitter PerceptualSpeedIndex opt bytecode-cached cold fission webrender,,77,ms,firefox,,1742615986,2023-08-17 18:39:00,619.7,d6e3a985fda44edfa84fae3ecc4b52e6b732f09e,1289103,,,,,,,,,,,,,,,,,,,,,,,,,,,,,,,,,,,,,,,,,,,,,,,,,,,,,,,,,,,,,TN,TN
autoland,4405952,13,ad8d5d1385265583919f5a224e1153902b6eef60,macosx1015-64-shippable-qr,True,False,,|b|y|t|e|c|o|d|e|-|c|a|c|h|e|d| |c|o|l|d| |f|i|s|s|i|o|n| |w|e|b|r|e|n|d|e|r|,102210fe594ee9b33d82058545b1ed14f4c8206e,PerceptualSpeedIndex,twitter,True,twitter PerceptualSpeedIndex opt bytecode-cached cold fission webrender,,77,ms,firefox,,1742643328,2023-08-17 18:44:39,637.6,42f016209a0fa6eb7e2f00106a5dea63b63bf689,1289111,,,,,,,,,,,,,,,,,,,,,,,,,,,,,,,,,,,,,,,,,,,,,,,,,,,,,,,,,,,,,TN,TN
autoland,4405952,13,ad8d5d1385265583919f5a224e1153902b6eef60,macosx1015-64-shippable-qr,True,False,,|b|y|t|e|c|o|d|e|-|c|a|c|h|e|d| |c|o|l|d| |f|i|s|s|i|o|n| |w|e|b|r|e|n|d|e|r|,102210fe594ee9b33d82058545b1ed14f4c8206e,PerceptualSpeedIndex,twitter,True,twitter PerceptualSpeedIndex opt bytecode-cached cold fission webrender,,77,ms,firefox,,1742648391,2023-08-17 19:33:04,622.0,a317d1d25b687e15043cbc110d81765aeb149752,1289134,,,,,,,,,,,,,,,,,,,,,,,,,,,,,,,,,,,,,,,,,,,,,,,,,,,,,,,,,,,,,TN,TN
autoland,4405952,13,ad8d5d1385265583919f5a224e1153902b6eef60,macosx1015-64-shippable-qr,True,False,,|b|y|t|e|c|o|d|e|-|c|a|c|h|e|d| |c|o|l|d| |f|i|s|s|i|o|n| |w|e|b|r|e|n|d|e|r|,102210fe594ee9b33d82058545b1ed14f4c8206e,PerceptualSpeedIndex,twitter,True,twitter PerceptualSpeedIndex opt bytecode-cached cold fission webrender,,77,ms,firefox,,1742321098,2023-08-17 19:44:04,627.9,e3a24ea4f8b0be504990cbc266d7af273804678e,1289144,,,,,,,,,,,,,,,,,,,,,,,,,,,,,,,,,,,,,,,,,,,,,,,,,,,,,,,,,,,,,TN,TN
autoland,4405952,13,ad8d5d1385265583919f5a224e1153902b6eef60,macosx1015-64-shippable-qr,True,False,,|b|y|t|e|c|o|d|e|-|c|a|c|h|e|d| |c|o|l|d| |f|i|s|s|i|o|n| |w|e|b|r|e|n|d|e|r|,102210fe594ee9b33d82058545b1ed14f4c8206e,PerceptualSpeedIndex,twitter,True,twitter PerceptualSpeedIndex opt bytecode-cached cold fission webrender,,77,ms,firefox,,1742444609,2023-08-18 00:01:41,605.9,990790cb4b9bfd20fd7683f2815d50585f5dcba2,1289285,,,,,,,,,,,,,,,,,,,,,,,,,,,,,,,,,,,,,,,,,,,,,,,,,,,,,,,,,,,,,TN,TN
autoland,4405952,13,ad8d5d1385265583919f5a224e1153902b6eef60,macosx1015-64-shippable-qr,True,False,,|b|y|t|e|c|o|d|e|-|c|a|c|h|e|d| |c|o|l|d| |f|i|s|s|i|o|n| |w|e|b|r|e|n|d|e|r|,102210fe594ee9b33d82058545b1ed14f4c8206e,PerceptualSpeedIndex,twitter,True,twitter PerceptualSpeedIndex opt bytecode-cached cold fission webrender,,77,ms,firefox,,1742634793,2023-08-18 04:25:36,711.4,deca2c956e89b8e65d2a1b0fcb79db8b991a7046,1289346,,,,,,,,,,,,,,,,,,,,,,,,,,,,,,,,,,,,,,,,,,,,,,,,,,,,,,,,,,,,,TN,TN
autoland,4405952,13,ad8d5d1385265583919f5a224e1153902b6eef60,macosx1015-64-shippable-qr,True,False,,|b|y|t|e|c|o|d|e|-|c|a|c|h|e|d| |c|o|l|d| |f|i|s|s|i|o|n| |w|e|b|r|e|n|d|e|r|,102210fe594ee9b33d82058545b1ed14f4c8206e,PerceptualSpeedIndex,twitter,True,twitter PerceptualSpeedIndex opt bytecode-cached cold fission webrender,,77,ms,firefox,,1742651697,2023-08-18 05:21:52,625.4,87da0265a044885f5ed64cc9ce2b961721d2142e,1289351,,,,,,,,,,,,,,,,,,,,,,,,,,,,,,,,,,,,,,,,,,,,,,,,,,,,,,,,,,,,,TN,TN
autoland,4405952,13,ad8d5d1385265583919f5a224e1153902b6eef60,macosx1015-64-shippable-qr,True,False,,|b|y|t|e|c|o|d|e|-|c|a|c|h|e|d| |c|o|l|d| |f|i|s|s|i|o|n| |w|e|b|r|e|n|d|e|r|,102210fe594ee9b33d82058545b1ed14f4c8206e,PerceptualSpeedIndex,twitter,True,twitter PerceptualSpeedIndex opt bytecode-cached cold fission webrender,,77,ms,firefox,,1742818030,2023-08-18 14:09:35,760.5,e2305368eaae41c8b47dd15f03addc2ec4fe0504,1289469,,,,,,,,,,,,,,,,,,,,,,,,,,,,,,,,,,,,,,,,,,,,,,,,,,,,,,,,,,,,,TN,TN
autoland,4405952,13,ad8d5d1385265583919f5a224e1153902b6eef60,macosx1015-64-shippable-qr,True,False,,|b|y|t|e|c|o|d|e|-|c|a|c|h|e|d| |c|o|l|d| |f|i|s|s|i|o|n| |w|e|b|r|e|n|d|e|r|,102210fe594ee9b33d82058545b1ed14f4c8206e,PerceptualSpeedIndex,twitter,True,twitter PerceptualSpeedIndex opt bytecode-cached cold fission webrender,,77,ms,firefox,,1742952983,2023-08-18 19:46:30,759.4,62feb2305afdcba50bd84b58cd2ab152d53c61e7,1289627,,,,,,,,,,,,,,,,,,,,,,,,,,,,,,,,,,,,,,,,,,,,,,,,,,,,,,,,,,,,,TN,TN
autoland,4405952,13,ad8d5d1385265583919f5a224e1153902b6eef60,macosx1015-64-shippable-qr,True,False,,|b|y|t|e|c|o|d|e|-|c|a|c|h|e|d| |c|o|l|d| |f|i|s|s|i|o|n| |w|e|b|r|e|n|d|e|r|,102210fe594ee9b33d82058545b1ed14f4c8206e,PerceptualSpeedIndex,twitter,True,twitter PerceptualSpeedIndex opt bytecode-cached cold fission webrender,,77,ms,firefox,,1743068306,2023-08-19 05:41:08,766.6,9814020284505cbc4a6075b3b7aba216be0632f8,1289731,,,,,,,,,,,,,,,,,,,,,,,,,,,,,,,,,,,,,,,,,,,,,,,,,,,,,,,,,,,,,TN,TN
autoland,4405952,13,ad8d5d1385265583919f5a224e1153902b6eef60,macosx1015-64-shippable-qr,True,False,,|b|y|t|e|c|o|d|e|-|c|a|c|h|e|d| |c|o|l|d| |f|i|s|s|i|o|n| |w|e|b|r|e|n|d|e|r|,102210fe594ee9b33d82058545b1ed14f4c8206e,PerceptualSpeedIndex,twitter,True,twitter PerceptualSpeedIndex opt bytecode-cached cold fission webrender,,77,ms,firefox,,1743120065,2023-08-19 11:55:58,770.5,8fefefd6da577f8b3d842ea07120af9e964c09b5,1289750,,,,,,,,,,,,,,,,,,,,,,,,,,,,,,,,,,,,,,,,,,,,,,,,,,,,,,,,,,,,,TN,TN
autoland,4405952,13,ad8d5d1385265583919f5a224e1153902b6eef60,macosx1015-64-shippable-qr,True,False,,|b|y|t|e|c|o|d|e|-|c|a|c|h|e|d| |c|o|l|d| |f|i|s|s|i|o|n| |w|e|b|r|e|n|d|e|r|,102210fe594ee9b33d82058545b1ed14f4c8206e,PerceptualSpeedIndex,twitter,True,twitter PerceptualSpeedIndex opt bytecode-cached cold fission webrender,,77,ms,firefox,,1743146151,2023-08-19 16:49:23,757.9,00ae001484c9ff1069878dc66b64e3cd07b706f4,1289762,,,,,,,,,,,,,,,,,,,,,,,,,,,,,,,,,,,,,,,,,,,,,,,,,,,,,,,,,,,,,TN,TN
autoland,4405952,13,ad8d5d1385265583919f5a224e1153902b6eef60,macosx1015-64-shippable-qr,True,False,,|b|y|t|e|c|o|d|e|-|c|a|c|h|e|d| |c|o|l|d| |f|i|s|s|i|o|n| |w|e|b|r|e|n|d|e|r|,102210fe594ee9b33d82058545b1ed14f4c8206e,PerceptualSpeedIndex,twitter,True,twitter PerceptualSpeedIndex opt bytecode-cached cold fission webrender,,77,ms,firefox,,1743435113,2023-08-21 01:56:25,609.5,80d255ac1919800d21a7e2a610fbcd6fda43ed99,1289869,,,,,,,,,,,,,,,,,,,,,,,,,,,,,,,,,,,,,,,,,,,,,,,,,,,,,,,,,,,,,TN,TN
autoland,4405952,13,ad8d5d1385265583919f5a224e1153902b6eef60,macosx1015-64-shippable-qr,True,False,,|b|y|t|e|c|o|d|e|-|c|a|c|h|e|d| |c|o|l|d| |f|i|s|s|i|o|n| |w|e|b|r|e|n|d|e|r|,102210fe594ee9b33d82058545b1ed14f4c8206e,PerceptualSpeedIndex,twitter,True,twitter PerceptualSpeedIndex opt bytecode-cached cold fission webrender,,77,ms,firefox,,1743499043,2023-08-21 07:01:47,617.6,a4b3b09ad08da2e5b588b641b24f767ff91e5912,1289886,,,,,,,,,,,,,,,,,,,,,,,,,,,,,,,,,,,,,,,,,,,,,,,,,,,,,,,,,,,,,TN,TN
autoland,4405952,13,ad8d5d1385265583919f5a224e1153902b6eef60,macosx1015-64-shippable-qr,True,False,,|b|y|t|e|c|o|d|e|-|c|a|c|h|e|d| |c|o|l|d| |f|i|s|s|i|o|n| |w|e|b|r|e|n|d|e|r|,102210fe594ee9b33d82058545b1ed14f4c8206e,PerceptualSpeedIndex,twitter,True,twitter PerceptualSpeedIndex opt bytecode-cached cold fission webrender,,77,ms,firefox,,1743909245,2023-08-21 07:09:12,716.0,6c526147a8f6f14623f079b95e0ca9104043b0f5,1289888,,,,,,,,,,,,,,,,,,,,,,,,,,,,,,,,,,,,,,,,,,,,,,,,,,,,,,,,,,,,,TN,TN
autoland,4405952,13,ad8d5d1385265583919f5a224e1153902b6eef60,macosx1015-64-shippable-qr,True,False,,|b|y|t|e|c|o|d|e|-|c|a|c|h|e|d| |c|o|l|d| |f|i|s|s|i|o|n| |w|e|b|r|e|n|d|e|r|,102210fe594ee9b33d82058545b1ed14f4c8206e,PerceptualSpeedIndex,twitter,True,twitter PerceptualSpeedIndex opt bytecode-cached cold fission webrender,,77,ms,firefox,,1743909660,2023-08-21 08:09:02,590.6,d7221a353257ebd1c2305ece38857e1850ef2fbf,1289906,,,,,,,,,,,,,,,,,,,,,,,,,,,,,,,,,,,,,,,,,,,,,,,,,,,,,,,,,,,,,TN,TN
autoland,4405952,13,ad8d5d1385265583919f5a224e1153902b6eef60,macosx1015-64-shippable-qr,True,False,,|b|y|t|e|c|o|d|e|-|c|a|c|h|e|d| |c|o|l|d| |f|i|s|s|i|o|n| |w|e|b|r|e|n|d|e|r|,102210fe594ee9b33d82058545b1ed14f4c8206e,PerceptualSpeedIndex,twitter,True,twitter PerceptualSpeedIndex opt bytecode-cached cold fission webrender,,77,ms,firefox,,1743695926,2023-08-21 15:24:43,730.2,bc597f54f9cf91b3284e6f593c33ca79ec723077,1290025,,,,,,,,,,,,,,,,,,,,,,,,,,,,,,,,,,,,,,,,,,,,,,,,,,,,,,,,,,,,,TN,TN
autoland,4405952,13,ad8d5d1385265583919f5a224e1153902b6eef60,macosx1015-64-shippable-qr,True,False,,|b|y|t|e|c|o|d|e|-|c|a|c|h|e|d| |c|o|l|d| |f|i|s|s|i|o|n| |w|e|b|r|e|n|d|e|r|,102210fe594ee9b33d82058545b1ed14f4c8206e,PerceptualSpeedIndex,twitter,True,twitter PerceptualSpeedIndex opt bytecode-cached cold fission webrender,,77,ms,firefox,,1743748004,2023-08-21 19:46:12,639.1,82b916987920b0a9e2071c575073cbcff078021a,1290082,,,,,,,,,,,,,,,,,,,,,,,,,,,,,,,,,,,,,,,,,,,,,,,,,,,,,,,,,,,,,TN,TN
autoland,4405952,13,ad8d5d1385265583919f5a224e1153902b6eef60,macosx1015-64-shippable-qr,True,False,,|b|y|t|e|c|o|d|e|-|c|a|c|h|e|d| |c|o|l|d| |f|i|s|s|i|o|n| |w|e|b|r|e|n|d|e|r|,102210fe594ee9b33d82058545b1ed14f4c8206e,PerceptualSpeedIndex,twitter,True,twitter PerceptualSpeedIndex opt bytecode-cached cold fission webrender,,77,ms,firefox,,1743826470,2023-08-22 01:01:20,712.5,1bbf9fc4d2dc2a1ff3ccf67fb65cedc71fcc0291,1290123,,,,,,,,,,,,,,,,,,,,,,,,,,,,,,,,,,,,,,,,,,,,,,,,,,,,,,,,,,,,,TN,TN
autoland,4405952,13,ad8d5d1385265583919f5a224e1153902b6eef60,macosx1015-64-shippable-qr,True,False,,|b|y|t|e|c|o|d|e|-|c|a|c|h|e|d| |c|o|l|d| |f|i|s|s|i|o|n| |w|e|b|r|e|n|d|e|r|,102210fe594ee9b33d82058545b1ed14f4c8206e,PerceptualSpeedIndex,twitter,True,twitter PerceptualSpeedIndex opt bytecode-cached cold fission webrender,,77,ms,firefox,,1744466858,2023-08-22 11:00:38,645.2,e5eaba75408ae99aad9253d54cd09efb8f5a50ec,1290200,,,,,,,,,,,,,,,,,,,,,,,,,,,,,,,,,,,,,,,,,,,,,,,,,,,,,,,,,,,,,TN,TN
autoland,4405952,13,ad8d5d1385265583919f5a224e1153902b6eef60,macosx1015-64-shippable-qr,True,False,,|b|y|t|e|c|o|d|e|-|c|a|c|h|e|d| |c|o|l|d| |f|i|s|s|i|o|n| |w|e|b|r|e|n|d|e|r|,102210fe594ee9b33d82058545b1ed14f4c8206e,PerceptualSpeedIndex,twitter,True,twitter PerceptualSpeedIndex opt bytecode-cached cold fission webrender,,77,ms,firefox,,1744037010,2023-08-22 11:50:17,625.9,81c3a95411ab3d706659872a9aedef21494cac9c,1290203,,,,,,,,,,,,,,,,,,,,,,,,,,,,,,,,,,,,,,,,,,,,,,,,,,,,,,,,,,,,,TN,TN
autoland,4405952,13,ad8d5d1385265583919f5a224e1153902b6eef60,macosx1015-64-shippable-qr,True,False,,|b|y|t|e|c|o|d|e|-|c|a|c|h|e|d| |c|o|l|d| |f|i|s|s|i|o|n| |w|e|b|r|e|n|d|e|r|,102210fe594ee9b33d82058545b1ed14f4c8206e,PerceptualSpeedIndex,twitter,True,twitter PerceptualSpeedIndex opt bytecode-cached cold fission webrender,,77,ms,firefox,,1744259359,2023-08-22 15:58:55,639.0,eccdb961d59ca1e4315f6b2d255d638be86d8f63,1290279,,,,,,,,,,,,,,,,,,,,,,,,,,,,,,,,,,,,,,,,,,,,,,,,,,,,,,,,,,,,,TN,TN
autoland,4405952,13,ad8d5d1385265583919f5a224e1153902b6eef60,macosx1015-64-shippable-qr,True,False,,|b|y|t|e|c|o|d|e|-|c|a|c|h|e|d| |c|o|l|d| |f|i|s|s|i|o|n| |w|e|b|r|e|n|d|e|r|,102210fe594ee9b33d82058545b1ed14f4c8206e,PerceptualSpeedIndex,twitter,True,twitter PerceptualSpeedIndex opt bytecode-cached cold fission webrender,,77,ms,firefox,,1744264608,2023-08-22 16:02:39,634.2,ece9fb8fbedfa6acc08840151034f2468832c851,1290281,,,,,,,,,,,,,,,,,,,,,,,,,,,,,,,,,,,,,,,,,,,,,,,,,,,,,,,,,,,,,TN,TN
autoland,4405952,13,ad8d5d1385265583919f5a224e1153902b6eef60,macosx1015-64-shippable-qr,True,False,,|b|y|t|e|c|o|d|e|-|c|a|c|h|e|d| |c|o|l|d| |f|i|s|s|i|o|n| |w|e|b|r|e|n|d|e|r|,102210fe594ee9b33d82058545b1ed14f4c8206e,PerceptualSpeedIndex,twitter,True,twitter PerceptualSpeedIndex opt bytecode-cached cold fission webrender,,77,ms,firefox,,1744329280,2023-08-22 20:17:58,610.6,a1487474ef2708086b96f2b3625f244382eb9f4a,1290386,,,,,,,,,,,,,,,,,,,,,,,,,,,,,,,,,,,,,,,,,,,,,,,,,,,,,,,,,,,,,TN,TN
autoland,4405952,13,ad8d5d1385265583919f5a224e1153902b6eef60,macosx1015-64-shippable-qr,True,False,,|b|y|t|e|c|o|d|e|-|c|a|c|h|e|d| |c|o|l|d| |f|i|s|s|i|o|n| |w|e|b|r|e|n|d|e|r|,102210fe594ee9b33d82058545b1ed14f4c8206e,PerceptualSpeedIndex,twitter,True,twitter PerceptualSpeedIndex opt bytecode-cached cold fission webrender,,77,ms,firefox,,1744354447,2023-08-22 22:10:32,727.7,959c2f0abc19c494aba15ae7513fff9f59631cc1,1290435,,,,,,,,,,,,,,,,,,,,,,,,,,,,,,,,,,,,,,,,,,,,,,,,,,,,,,,,,,,,,TN,TN
autoland,4405952,13,ad8d5d1385265583919f5a224e1153902b6eef60,macosx1015-64-shippable-qr,True,False,,|b|y|t|e|c|o|d|e|-|c|a|c|h|e|d| |c|o|l|d| |f|i|s|s|i|o|n| |w|e|b|r|e|n|d|e|r|,102210fe594ee9b33d82058545b1ed14f4c8206e,PerceptualSpeedIndex,twitter,True,twitter PerceptualSpeedIndex opt bytecode-cached cold fission webrender,,77,ms,firefox,,1744434497,2023-08-23 02:11:44,614.1,df1f27dc099011a97267a844e60b1350575fc73c,1290482,,,,,,,,,,,,,,,,,,,,,,,,,,,,,,,,,,,,,,,,,,,,,,,,,,,,,,,,,,,,,TN,TN
autoland,4405952,13,ad8d5d1385265583919f5a224e1153902b6eef60,macosx1015-64-shippable-qr,True,False,,|b|y|t|e|c|o|d|e|-|c|a|c|h|e|d| |c|o|l|d| |f|i|s|s|i|o|n| |w|e|b|r|e|n|d|e|r|,102210fe594ee9b33d82058545b1ed14f4c8206e,PerceptualSpeedIndex,twitter,True,twitter PerceptualSpeedIndex opt bytecode-cached cold fission webrender,,77,ms,firefox,,1744531374,2023-08-23 06:45:25,641.1,991ab6dbc55b4783dc5a6f561a9cc22cb4408e38,1290546,,,,,,,,,,,,,,,,,,,,,,,,,,,,,,,,,,,,,,,,,,,,,,,,,,,,,,,,,,,,,TN,TN
autoland,4405952,13,ad8d5d1385265583919f5a224e1153902b6eef60,macosx1015-64-shippable-qr,True,False,,|b|y|t|e|c|o|d|e|-|c|a|c|h|e|d| |c|o|l|d| |f|i|s|s|i|o|n| |w|e|b|r|e|n|d|e|r|,102210fe594ee9b33d82058545b1ed14f4c8206e,PerceptualSpeedIndex,twitter,True,twitter PerceptualSpeedIndex opt bytecode-cached cold fission webrender,,77,ms,firefox,,1744556773,2023-08-23 07:14:41,632.4,4a4d5e64aec5efa71e7c743f4c968544faee5332,1290556,,,,,,,,,,,,,,,,,,,,,,,,,,,,,,,,,,,,,,,,,,,,,,,,,,,,,,,,,,,,,TN,TN
autoland,4405952,13,ad8d5d1385265583919f5a224e1153902b6eef60,macosx1015-64-shippable-qr,True,False,,|b|y|t|e|c|o|d|e|-|c|a|c|h|e|d| |c|o|l|d| |f|i|s|s|i|o|n| |w|e|b|r|e|n|d|e|r|,102210fe594ee9b33d82058545b1ed14f4c8206e,PerceptualSpeedIndex,twitter,True,twitter PerceptualSpeedIndex opt bytecode-cached cold fission webrender,,77,ms,firefox,,1744672815,2023-08-23 11:20:43,625.1,c3bfc7b73e9fc06ec28663e6501728233eb0d574,1290592,,,,,,,,,,,,,,,,,,,,,,,,,,,,,,,,,,,,,,,,,,,,,,,,,,,,,,,,,,,,,TN,TN
autoland,4405952,13,ad8d5d1385265583919f5a224e1153902b6eef60,macosx1015-64-shippable-qr,True,False,,|b|y|t|e|c|o|d|e|-|c|a|c|h|e|d| |c|o|l|d| |f|i|s|s|i|o|n| |w|e|b|r|e|n|d|e|r|,102210fe594ee9b33d82058545b1ed14f4c8206e,PerceptualSpeedIndex,twitter,True,twitter PerceptualSpeedIndex opt bytecode-cached cold fission webrender,,77,ms,firefox,,1744763726,2023-08-23 15:20:56,621.6,a7db5ff392b1f3d18507813fbd65458438b3cbc4,1290685,,,,,,,,,,,,,,,,,,,,,,,,,,,,,,,,,,,,,,,,,,,,,,,,,,,,,,,,,,,,,TN,TN
autoland,4405952,13,ad8d5d1385265583919f5a224e1153902b6eef60,macosx1015-64-shippable-qr,True,False,,|b|y|t|e|c|o|d|e|-|c|a|c|h|e|d| |c|o|l|d| |f|i|s|s|i|o|n| |w|e|b|r|e|n|d|e|r|,102210fe594ee9b33d82058545b1ed14f4c8206e,PerceptualSpeedIndex,twitter,True,twitter PerceptualSpeedIndex opt bytecode-cached cold fission webrender,,77,ms,firefox,,1744817031,2023-08-23 16:55:50,643.8,40a8041d06707a315c5f6e4b541dbe805bf34ec7,1290727,,,,,,,,,,,,,,,,,,,,,,,,,,,,,,,,,,,,,,,,,,,,,,,,,,,,,,,,,,,,,TN,TN
autoland,4405952,13,ad8d5d1385265583919f5a224e1153902b6eef60,macosx1015-64-shippable-qr,True,False,,|b|y|t|e|c|o|d|e|-|c|a|c|h|e|d| |c|o|l|d| |f|i|s|s|i|o|n| |w|e|b|r|e|n|d|e|r|,102210fe594ee9b33d82058545b1ed14f4c8206e,PerceptualSpeedIndex,twitter,True,twitter PerceptualSpeedIndex opt bytecode-cached cold fission webrender,,77,ms,firefox,,1744903746,2023-08-23 20:58:03,629.6,b5371614cd5a3e19ca3e500a87546023aea8eb5d,1290847,,,,,,,,,,,,,,,,,,,,,,,,,,,,,,,,,,,,,,,,,,,,,,,,,,,,,,,,,,,,,TN,TN
autoland,4405952,13,ad8d5d1385265583919f5a224e1153902b6eef60,macosx1015-64-shippable-qr,True,False,,|b|y|t|e|c|o|d|e|-|c|a|c|h|e|d| |c|o|l|d| |f|i|s|s|i|o|n| |w|e|b|r|e|n|d|e|r|,102210fe594ee9b33d82058545b1ed14f4c8206e,PerceptualSpeedIndex,twitter,True,twitter PerceptualSpeedIndex opt bytecode-cached cold fission webrender,,77,ms,firefox,,1744993123,2023-08-23 22:59:05,641.4,25936c5809e05c5b5d28810efdfb0af9bb2f1792,1290874,,,,,,,,,,,,,,,,,,,,,,,,,,,,,,,,,,,,,,,,,,,,,,,,,,,,,,,,,,,,,TN,TN
autoland,4405952,13,ad8d5d1385265583919f5a224e1153902b6eef60,macosx1015-64-shippable-qr,True,False,,|b|y|t|e|c|o|d|e|-|c|a|c|h|e|d| |c|o|l|d| |f|i|s|s|i|o|n| |w|e|b|r|e|n|d|e|r|,102210fe594ee9b33d82058545b1ed14f4c8206e,PerceptualSpeedIndex,twitter,True,twitter PerceptualSpeedIndex opt bytecode-cached cold fission webrender,,77,ms,firefox,,1745103489,2023-08-24 03:53:22,618.8,332b088b314103bc02b008e08f1567f092cd6ca1,1290918,,,,,,,,,,,,,,,,,,,,,,,,,,,,,,,,,,,,,,,,,,,,,,,,,,,,,,,,,,,,,TN,TN
autoland,4405952,13,ad8d5d1385265583919f5a224e1153902b6eef60,macosx1015-64-shippable-qr,True,False,,|b|y|t|e|c|o|d|e|-|c|a|c|h|e|d| |c|o|l|d| |f|i|s|s|i|o|n| |w|e|b|r|e|n|d|e|r|,102210fe594ee9b33d82058545b1ed14f4c8206e,PerceptualSpeedIndex,twitter,True,twitter PerceptualSpeedIndex opt bytecode-cached cold fission webrender,,77,ms,firefox,,1745198355,2023-08-24 11:04:38,709.7,fbbf71ea5127f6cc74aab13a3817349afe93580c,1291003,,,,,,,,,,,,,,,,,,,,,,,,,,,,,,,,,,,,,,,,,,,,,,,,,,,,,,,,,,,,,TN,TN
autoland,4405952,13,ad8d5d1385265583919f5a224e1153902b6eef60,macosx1015-64-shippable-qr,True,False,,|b|y|t|e|c|o|d|e|-|c|a|c|h|e|d| |c|o|l|d| |f|i|s|s|i|o|n| |w|e|b|r|e|n|d|e|r|,102210fe594ee9b33d82058545b1ed14f4c8206e,PerceptualSpeedIndex,twitter,True,twitter PerceptualSpeedIndex opt bytecode-cached cold fission webrender,,77,ms,firefox,,1745301257,2023-08-24 13:41:33,739.4,9d2df5cf36fbb1712a62be68c4a309e2451e2d35,1291057,,,,,,,,,,,,,,,,,,,,,,,,,,,,,,,,,,,,,,,,,,,,,,,,,,,,,,,,,,,,,TN,TN
autoland,4405952,13,ad8d5d1385265583919f5a224e1153902b6eef60,macosx1015-64-shippable-qr,True,False,,|b|y|t|e|c|o|d|e|-|c|a|c|h|e|d| |c|o|l|d| |f|i|s|s|i|o|n| |w|e|b|r|e|n|d|e|r|,102210fe594ee9b33d82058545b1ed14f4c8206e,PerceptualSpeedIndex,twitter,True,twitter PerceptualSpeedIndex opt bytecode-cached cold fission webrender,,77,ms,firefox,,1745495527,2023-08-24 18:48:40,638.6,6089e7f0fa57a29c6d080f135f65e146c34457d8,1291216,,,,,,,,,,,,,,,,,,,,,,,,,,,,,,,,,,,,,,,,,,,,,,,,,,,,,,,,,,,,,TN,TN
autoland,4405952,13,ad8d5d1385265583919f5a224e1153902b6eef60,macosx1015-64-shippable-qr,True,False,,|b|y|t|e|c|o|d|e|-|c|a|c|h|e|d| |c|o|l|d| |f|i|s|s|i|o|n| |w|e|b|r|e|n|d|e|r|,102210fe594ee9b33d82058545b1ed14f4c8206e,PerceptualSpeedIndex,twitter,True,twitter PerceptualSpeedIndex opt bytecode-cached cold fission webrender,,77,ms,firefox,,1745653793,2023-08-25 00:48:43,612.3,0129f728663fcc0bcc1f816e006f1eb2635780e4,1291339,,,,,,,,,,,,,,,,,,,,,,,,,,,,,,,,,,,,,,,,,,,,,,,,,,,,,,,,,,,,,TN,TN
autoland,4405952,13,ad8d5d1385265583919f5a224e1153902b6eef60,macosx1015-64-shippable-qr,True,False,,|b|y|t|e|c|o|d|e|-|c|a|c|h|e|d| |c|o|l|d| |f|i|s|s|i|o|n| |w|e|b|r|e|n|d|e|r|,102210fe594ee9b33d82058545b1ed14f4c8206e,PerceptualSpeedIndex,twitter,True,twitter PerceptualSpeedIndex opt bytecode-cached cold fission webrender,,77,ms,firefox,,1745809391,2023-08-25 11:24:50,744.4,e5ba3b52ebac2d2582cecd6122443fc024cd24c9,1291437,,,,,,,,,,,,,,,,,,,,,,,,,,,,,,,,,,,,,,,,,,,,,,,,,,,,,,,,,,,,,TN,TN
autoland,4405952,13,ad8d5d1385265583919f5a224e1153902b6eef60,macosx1015-64-shippable-qr,True,False,,|b|y|t|e|c|o|d|e|-|c|a|c|h|e|d| |c|o|l|d| |f|i|s|s|i|o|n| |w|e|b|r|e|n|d|e|r|,102210fe594ee9b33d82058545b1ed14f4c8206e,PerceptualSpeedIndex,twitter,True,twitter PerceptualSpeedIndex opt bytecode-cached cold fission webrender,,77,ms,firefox,,1745984016,2023-08-25 15:32:54,631.6,059b77df2394c7caf1061e1b817e004878738efa,1291507,,,,,,,,,,,,,,,,,,,,,,,,,,,,,,,,,,,,,,,,,,,,,,,,,,,,,,,,,,,,,TN,TN
autoland,4405952,13,ad8d5d1385265583919f5a224e1153902b6eef60,macosx1015-64-shippable-qr,True,False,,|b|y|t|e|c|o|d|e|-|c|a|c|h|e|d| |c|o|l|d| |f|i|s|s|i|o|n| |w|e|b|r|e|n|d|e|r|,102210fe594ee9b33d82058545b1ed14f4c8206e,PerceptualSpeedIndex,twitter,True,twitter PerceptualSpeedIndex opt bytecode-cached cold fission webrender,,77,ms,firefox,,1746117450,2023-08-25 19:36:02,607.6,47efe79717796bf6f3a70e5733e99a98b0d9fad4,1291599,,,,,,,,,,,,,,,,,,,,,,,,,,,,,,,,,,,,,,,,,,,,,,,,,,,,,,,,,,,,,TN,TN
autoland,4405952,13,ad8d5d1385265583919f5a224e1153902b6eef60,macosx1015-64-shippable-qr,True,False,,|b|y|t|e|c|o|d|e|-|c|a|c|h|e|d| |c|o|l|d| |f|i|s|s|i|o|n| |w|e|b|r|e|n|d|e|r|,102210fe594ee9b33d82058545b1ed14f4c8206e,PerceptualSpeedIndex,twitter,True,twitter PerceptualSpeedIndex opt bytecode-cached cold fission webrender,,77,ms,firefox,,1746224606,2023-08-26 03:22:14,626.4,ddc3d1e9268d9abde51f1082490491f544286b16,1291695,,,,,,,,,,,,,,,,,,,,,,,,,,,,,,,,,,,,,,,,,,,,,,,,,,,,,,,,,,,,,TN,TN
autoland,4405952,13,ad8d5d1385265583919f5a224e1153902b6eef60,macosx1015-64-shippable-qr,True,False,,|b|y|t|e|c|o|d|e|-|c|a|c|h|e|d| |c|o|l|d| |f|i|s|s|i|o|n| |w|e|b|r|e|n|d|e|r|,102210fe594ee9b33d82058545b1ed14f4c8206e,PerceptualSpeedIndex,twitter,True,twitter PerceptualSpeedIndex opt bytecode-cached cold fission webrender,,77,ms,firefox,,1746393248,2023-08-26 13:17:30,609.7,cc8d561a9b401f3ebfda56de56c018b287d8b340,1291872,,,,,,,,,,,,,,,,,,,,,,,,,,,,,,,,,,,,,,,,,,,,,,,,,,,,,,,,,,,,,TN,TN
autoland,4405952,13,ad8d5d1385265583919f5a224e1153902b6eef60,macosx1015-64-shippable-qr,True,False,,|b|y|t|e|c|o|d|e|-|c|a|c|h|e|d| |c|o|l|d| |f|i|s|s|i|o|n| |w|e|b|r|e|n|d|e|r|,102210fe594ee9b33d82058545b1ed14f4c8206e,PerceptualSpeedIndex,twitter,True,twitter PerceptualSpeedIndex opt bytecode-cached cold fission webrender,,77,ms,firefox,,1746593440,2023-08-26 23:47:49,638.7,140288e1dd6073b83aa67b725aa9a96945374a82,1292019,,,,,,,,,,,,,,,,,,,,,,,,,,,,,,,,,,,,,,,,,,,,,,,,,,,,,,,,,,,,,TN,TN
autoland,4405952,13,ad8d5d1385265583919f5a224e1153902b6eef60,macosx1015-64-shippable-qr,True,False,,|b|y|t|e|c|o|d|e|-|c|a|c|h|e|d| |c|o|l|d| |f|i|s|s|i|o|n| |w|e|b|r|e|n|d|e|r|,102210fe594ee9b33d82058545b1ed14f4c8206e,PerceptualSpeedIndex,twitter,True,twitter PerceptualSpeedIndex opt bytecode-cached cold fission webrender,,77,ms,firefox,,1746730781,2023-08-27 23:31:15,646.9,6aaf2cf582814f5a76c09fa2ac7cc760a5886134,1292080,,,,,,,,,,,,,,,,,,,,,,,,,,,,,,,,,,,,,,,,,,,,,,,,,,,,,,,,,,,,,TN,TN
autoland,4405952,13,ad8d5d1385265583919f5a224e1153902b6eef60,macosx1015-64-shippable-qr,True,False,,|b|y|t|e|c|o|d|e|-|c|a|c|h|e|d| |c|o|l|d| |f|i|s|s|i|o|n| |w|e|b|r|e|n|d|e|r|,102210fe594ee9b33d82058545b1ed14f4c8206e,PerceptualSpeedIndex,twitter,True,twitter PerceptualSpeedIndex opt bytecode-cached cold fission webrender,,77,ms,firefox,,1746842152,2023-08-28 10:38:35,623.0,2303dc7d775759ce8737630e7762c69d2beac062,1292181,,,,,,,,,,,,,,,,,,,,,,,,,,,,,,,,,,,,,,,,,,,,,,,,,,,,,,,,,,,,,TN,TN
autoland,4405952,13,ad8d5d1385265583919f5a224e1153902b6eef60,macosx1015-64-shippable-qr,True,False,,|b|y|t|e|c|o|d|e|-|c|a|c|h|e|d| |c|o|l|d| |f|i|s|s|i|o|n| |w|e|b|r|e|n|d|e|r|,102210fe594ee9b33d82058545b1ed14f4c8206e,PerceptualSpeedIndex,twitter,True,twitter PerceptualSpeedIndex opt bytecode-cached cold fission webrender,,77,ms,firefox,,1746994039,2023-08-28 14:50:25,628.4,f8e518c6ab37a0144872f6158300e1de85034002,1292276,,,,,,,,,,,,,,,,,,,,,,,,,,,,,,,,,,,,,,,,,,,,,,,,,,,,,,,,,,,,,TN,TN
autoland,4405952,13,ad8d5d1385265583919f5a224e1153902b6eef60,macosx1015-64-shippable-qr,True,False,,|b|y|t|e|c|o|d|e|-|c|a|c|h|e|d| |c|o|l|d| |f|i|s|s|i|o|n| |w|e|b|r|e|n|d|e|r|,102210fe594ee9b33d82058545b1ed14f4c8206e,PerceptualSpeedIndex,twitter,True,twitter PerceptualSpeedIndex opt bytecode-cached cold fission webrender,,77,ms,firefox,,1747060545,2023-08-28 18:02:15,654.2,7ef66afbcd94bc7787448a9d797ec662b02fe58a,1292360,,,,,,,,,,,,,,,,,,,,,,,,,,,,,,,,,,,,,,,,,,,,,,,,,,,,,,,,,,,,,TN,TN
autoland,4405952,13,ad8d5d1385265583919f5a224e1153902b6eef60,macosx1015-64-shippable-qr,True,False,,|b|y|t|e|c|o|d|e|-|c|a|c|h|e|d| |c|o|l|d| |f|i|s|s|i|o|n| |w|e|b|r|e|n|d|e|r|,102210fe594ee9b33d82058545b1ed14f4c8206e,PerceptualSpeedIndex,twitter,True,twitter PerceptualSpeedIndex opt bytecode-cached cold fission webrender,,77,ms,firefox,,1747145755,2023-08-28 20:37:08,611.3,9451de3148827dbd587f22175b6c0453c7a605db,1292463,,,,,,,,,,,,,,,,,,,,,,,,,,,,,,,,,,,,,,,,,,,,,,,,,,,,,,,,,,,,,TN,TN
autoland,4405952,13,ad8d5d1385265583919f5a224e1153902b6eef60,macosx1015-64-shippable-qr,True,False,,|b|y|t|e|c|o|d|e|-|c|a|c|h|e|d| |c|o|l|d| |f|i|s|s|i|o|n| |w|e|b|r|e|n|d|e|r|,102210fe594ee9b33d82058545b1ed14f4c8206e,PerceptualSpeedIndex,twitter,True,twitter PerceptualSpeedIndex opt bytecode-cached cold fission webrender,,77,ms,firefox,,1747257968,2023-08-29 02:20:20,616.5,4cca72b5cd903bbb8bdc66098aaeb1eb12d8dddd,1292618,,,,,,,,,,,,,,,,,,,,,,,,,,,,,,,,,,,,,,,,,,,,,,,,,,,,,,,,,,,,,TN,TN
autoland,4405952,13,ad8d5d1385265583919f5a224e1153902b6eef60,macosx1015-64-shippable-qr,True,False,,|b|y|t|e|c|o|d|e|-|c|a|c|h|e|d| |c|o|l|d| |f|i|s|s|i|o|n| |w|e|b|r|e|n|d|e|r|,102210fe594ee9b33d82058545b1ed14f4c8206e,PerceptualSpeedIndex,twitter,True,twitter PerceptualSpeedIndex opt bytecode-cached cold fission webrender,,77,ms,firefox,,1747263153,2023-08-29 03:02:37,615.4,f79fe732a6b523e66f30e056118cdd2cff02a5ca,1292639,,,,,,,,,,,,,,,,,,,,,,,,,,,,,,,,,,,,,,,,,,,,,,,,,,,,,,,,,,,,,TN,TN
autoland,4405952,13,ad8d5d1385265583919f5a224e1153902b6eef60,macosx1015-64-shippable-qr,True,False,,|b|y|t|e|c|o|d|e|-|c|a|c|h|e|d| |c|o|l|d| |f|i|s|s|i|o|n| |w|e|b|r|e|n|d|e|r|,102210fe594ee9b33d82058545b1ed14f4c8206e,PerceptualSpeedIndex,twitter,True,twitter PerceptualSpeedIndex opt bytecode-cached cold fission webrender,,77,ms,firefox,,1747349146,2023-08-29 07:11:54,629.8,801325776b1492f30ec6ac7c770000fa8c894d2a,1292691,,,,,,,,,,,,,,,,,,,,,,,,,,,,,,,,,,,,,,,,,,,,,,,,,,,,,,,,,,,,,TN,TN
autoland,4405952,13,ad8d5d1385265583919f5a224e1153902b6eef60,macosx1015-64-shippable-qr,True,False,,|b|y|t|e|c|o|d|e|-|c|a|c|h|e|d| |c|o|l|d| |f|i|s|s|i|o|n| |w|e|b|r|e|n|d|e|r|,102210fe594ee9b33d82058545b1ed14f4c8206e,PerceptualSpeedIndex,twitter,True,twitter PerceptualSpeedIndex opt bytecode-cached cold fission webrender,,77,ms,firefox,,1747577877,2023-08-29 11:18:23,617.6,843a6e4db35622bdd606d6cdd7c0f1a05828a89e,1292770,,,,,,,,,,,,,,,,,,,,,,,,,,,,,,,,,,,,,,,,,,,,,,,,,,,,,,,,,,,,,TN,TN
autoland,4405952,13,ad8d5d1385265583919f5a224e1153902b6eef60,macosx1015-64-shippable-qr,True,False,,|b|y|t|e|c|o|d|e|-|c|a|c|h|e|d| |c|o|l|d| |f|i|s|s|i|o|n| |w|e|b|r|e|n|d|e|r|,102210fe594ee9b33d82058545b1ed14f4c8206e,PerceptualSpeedIndex,twitter,True,twitter PerceptualSpeedIndex opt bytecode-cached cold fission webrender,,77,ms,firefox,,1747542743,2023-08-29 11:21:44,619.1,abe9789555b5960e5b395aba02b4891c388e4839,1292771,,,,,,,,,,,,,,,,,,,,,,,,,,,,,,,,,,,,,,,,,,,,,,,,,,,,,,,,,,,,,TN,TN
autoland,4405952,13,ad8d5d1385265583919f5a224e1153902b6eef60,macosx1015-64-shippable-qr,True,False,,|b|y|t|e|c|o|d|e|-|c|a|c|h|e|d| |c|o|l|d| |f|i|s|s|i|o|n| |w|e|b|r|e|n|d|e|r|,102210fe594ee9b33d82058545b1ed14f4c8206e,PerceptualSpeedIndex,twitter,True,twitter PerceptualSpeedIndex opt bytecode-cached cold fission webrender,,77,ms,firefox,,1747737718,2023-08-29 16:25:43,627.5,0bb8944a5c2a783f353dc7595b2171844923a934,1292913,,,,,,,,,,,,,,,,,,,,,,,,,,,,,,,,,,,,,,,,,,,,,,,,,,,,,,,,,,,,,TN,TN
autoland,4405952,13,ad8d5d1385265583919f5a224e1153902b6eef60,macosx1015-64-shippable-qr,True,False,,|b|y|t|e|c|o|d|e|-|c|a|c|h|e|d| |c|o|l|d| |f|i|s|s|i|o|n| |w|e|b|r|e|n|d|e|r|,102210fe594ee9b33d82058545b1ed14f4c8206e,PerceptualSpeedIndex,twitter,True,twitter PerceptualSpeedIndex opt bytecode-cached cold fission webrender,,77,ms,firefox,,1747882192,2023-08-29 18:40:33,612.4,ab673eef69bf3656d8814e2758dff9da25527e74,1292984,,,,,,,,,,,,,,,,,,,,,,,,,,,,,,,,,,,,,,,,,,,,,,,,,,,,,,,,,,,,,TN,TN
autoland,4405952,13,ad8d5d1385265583919f5a224e1153902b6eef60,macosx1015-64-shippable-qr,True,False,,|b|y|t|e|c|o|d|e|-|c|a|c|h|e|d| |c|o|l|d| |f|i|s|s|i|o|n| |w|e|b|r|e|n|d|e|r|,102210fe594ee9b33d82058545b1ed14f4c8206e,PerceptualSpeedIndex,twitter,True,twitter PerceptualSpeedIndex opt bytecode-cached cold fission webrender,,77,ms,firefox,,1747906070,2023-08-29 18:52:04,619.8,cb5ac3a7a82f68e5ca26d454b7615329d487cdd1,1292994,,,,,,,,,,,,,,,,,,,,,,,,,,,,,,,,,,,,,,,,,,,,,,,,,,,,,,,,,,,,,TN,TN
autoland,4405952,13,ad8d5d1385265583919f5a224e1153902b6eef60,macosx1015-64-shippable-qr,True,False,,|b|y|t|e|c|o|d|e|-|c|a|c|h|e|d| |c|o|l|d| |f|i|s|s|i|o|n| |w|e|b|r|e|n|d|e|r|,102210fe594ee9b33d82058545b1ed14f4c8206e,PerceptualSpeedIndex,twitter,True,twitter PerceptualSpeedIndex opt bytecode-cached cold fission webrender,,77,ms,firefox,,1747813200,2023-08-29 20:54:58,633.1,16c71fac642647b97c85d086e54342a5addaaf13,1293039,,,,,,,,,,,,,,,,,,,,,,,,,,,,,,,,,,,,,,,,,,,,,,,,,,,,,,,,,,,,,TN,TN
autoland,4405952,13,ad8d5d1385265583919f5a224e1153902b6eef60,macosx1015-64-shippable-qr,True,False,,|b|y|t|e|c|o|d|e|-|c|a|c|h|e|d| |c|o|l|d| |f|i|s|s|i|o|n| |w|e|b|r|e|n|d|e|r|,102210fe594ee9b33d82058545b1ed14f4c8206e,PerceptualSpeedIndex,twitter,True,twitter PerceptualSpeedIndex opt bytecode-cached cold fission webrender,,77,ms,firefox,,1747855308,2023-08-30 01:49:26,641.5,34dcd8f28e9a642600425b3383df225859ea91cd,1293133,,,,,,,,,,,,,,,,,,,,,,,,,,,,,,,,,,,,,,,,,,,,,,,,,,,,,,,,,,,,,TN,TN
autoland,4405952,13,ad8d5d1385265583919f5a224e1153902b6eef60,macosx1015-64-shippable-qr,True,False,,|b|y|t|e|c|o|d|e|-|c|a|c|h|e|d| |c|o|l|d| |f|i|s|s|i|o|n| |w|e|b|r|e|n|d|e|r|,102210fe594ee9b33d82058545b1ed14f4c8206e,PerceptualSpeedIndex,twitter,True,twitter PerceptualSpeedIndex opt bytecode-cached cold fission webrender,,77,ms,firefox,,1748008403,2023-08-30 13:43:19,628.4,379bb5e39311a7878ea31b7eb0dd39fdef1ab15a,1293343,,,,,,,,,,,,,,,,,,,,,,,,,,,,,,,,,,,,,,,,,,,,,,,,,,,,,,,,,,,,,TN,TN
autoland,4405952,13,ad8d5d1385265583919f5a224e1153902b6eef60,macosx1015-64-shippable-qr,True,False,,|b|y|t|e|c|o|d|e|-|c|a|c|h|e|d| |c|o|l|d| |f|i|s|s|i|o|n| |w|e|b|r|e|n|d|e|r|,102210fe594ee9b33d82058545b1ed14f4c8206e,PerceptualSpeedIndex,twitter,True,twitter PerceptualSpeedIndex opt bytecode-cached cold fission webrender,,77,ms,firefox,,1748081101,2023-08-30 16:15:47,623.8,f648d27187b6f45ac21ab6bf0ca9673dcfc55cf4,1293412,,,,,,,,,,,,,,,,,,,,,,,,,,,,,,,,,,,,,,,,,,,,,,,,,,,,,,,,,,,,,TN,TN
autoland,4405952,13,ad8d5d1385265583919f5a224e1153902b6eef60,macosx1015-64-shippable-qr,True,False,,|b|y|t|e|c|o|d|e|-|c|a|c|h|e|d| |c|o|l|d| |f|i|s|s|i|o|n| |w|e|b|r|e|n|d|e|r|,102210fe594ee9b33d82058545b1ed14f4c8206e,PerceptualSpeedIndex,twitter,True,twitter PerceptualSpeedIndex opt bytecode-cached cold fission webrender,,77,ms,firefox,,1748161006,2023-08-30 20:58:03,622.0,7643e2c34ec4fce31fb741b2e7003adc7e547e36,1293585,,,,,,,,,,,,,,,,,,,,,,,,,,,,,,,,,,,,,,,,,,,,,,,,,,,,,,,,,,,,,TN,TN
autoland,4405952,13,ad8d5d1385265583919f5a224e1153902b6eef60,macosx1015-64-shippable-qr,True,False,,|b|y|t|e|c|o|d|e|-|c|a|c|h|e|d| |c|o|l|d| |f|i|s|s|i|o|n| |w|e|b|r|e|n|d|e|r|,102210fe594ee9b33d82058545b1ed14f4c8206e,PerceptualSpeedIndex,twitter,True,twitter PerceptualSpeedIndex opt bytecode-cached cold fission webrender,,77,ms,firefox,,1748208952,2023-08-30 23:31:09,610.7,8db6a3b432759fd37b677c455c7d9ecedafd7e77,1293654,,,,,,,,,,,,,,,,,,,,,,,,,,,,,,,,,,,,,,,,,,,,,,,,,,,,,,,,,,,,,TN,TN
autoland,4405952,13,ad8d5d1385265583919f5a224e1153902b6eef60,macosx1015-64-shippable-qr,True,False,,|b|y|t|e|c|o|d|e|-|c|a|c|h|e|d| |c|o|l|d| |f|i|s|s|i|o|n| |w|e|b|r|e|n|d|e|r|,102210fe594ee9b33d82058545b1ed14f4c8206e,PerceptualSpeedIndex,twitter,True,twitter PerceptualSpeedIndex opt bytecode-cached cold fission webrender,,77,ms,firefox,,1748245030,2023-08-31 03:36:38,744.7,bcc1470439818e29a38c29432af9fd130b8ec931,1293720,,,,,,,,,,,,,,,,,,,,,,,,,,,,,,,,,,,,,,,,,,,,,,,,,,,,,,,,,,,,,TN,TN
autoland,4405952,13,ad8d5d1385265583919f5a224e1153902b6eef60,macosx1015-64-shippable-qr,True,False,,|b|y|t|e|c|o|d|e|-|c|a|c|h|e|d| |c|o|l|d| |f|i|s|s|i|o|n| |w|e|b|r|e|n|d|e|r|,102210fe594ee9b33d82058545b1ed14f4c8206e,PerceptualSpeedIndex,twitter,True,twitter PerceptualSpeedIndex opt bytecode-cached cold fission webrender,,77,ms,firefox,,1748388939,2023-08-31 09:19:24,625.6,e2d1d56b4cb882f210d71f021a2f804a56d718e6,1293811,,,,,,,,,,,,,,,,,,,,,,,,,,,,,,,,,,,,,,,,,,,,,,,,,,,,,,,,,,,,,TN,TN
autoland,4405952,13,ad8d5d1385265583919f5a224e1153902b6eef60,macosx1015-64-shippable-qr,True,False,,|b|y|t|e|c|o|d|e|-|c|a|c|h|e|d| |c|o|l|d| |f|i|s|s|i|o|n| |w|e|b|r|e|n|d|e|r|,102210fe594ee9b33d82058545b1ed14f4c8206e,PerceptualSpeedIndex,twitter,True,twitter PerceptualSpeedIndex opt bytecode-cached cold fission webrender,,77,ms,firefox,,1748613543,2023-08-31 14:04:37,644.8,79fd00522da11013e2076ceccfd842c54d2f0822,1293937,,,,,,,,,,,,,,,,,,,,,,,,,,,,,,,,,,,,,,,,,,,,,,,,,,,,,,,,,,,,,TN,TN
autoland,4405952,13,ad8d5d1385265583919f5a224e1153902b6eef60,macosx1015-64-shippable-qr,True,False,,|b|y|t|e|c|o|d|e|-|c|a|c|h|e|d| |c|o|l|d| |f|i|s|s|i|o|n| |w|e|b|r|e|n|d|e|r|,102210fe594ee9b33d82058545b1ed14f4c8206e,PerceptualSpeedIndex,twitter,True,twitter PerceptualSpeedIndex opt bytecode-cached cold fission webrender,,77,ms,firefox,,1748640531,2023-08-31 18:09:30,628.9,bd48139a6966dfb067c7b31bdf2021bd85a1f6a9,1294069,,,,,,,,,,,,,,,,,,,,,,,,,,,,,,,,,,,,,,,,,,,,,,,,,,,,,,,,,,,,,TN,TN
autoland,4405952,13,ad8d5d1385265583919f5a224e1153902b6eef60,macosx1015-64-shippable-qr,True,False,,|b|y|t|e|c|o|d|e|-|c|a|c|h|e|d| |c|o|l|d| |f|i|s|s|i|o|n| |w|e|b|r|e|n|d|e|r|,102210fe594ee9b33d82058545b1ed14f4c8206e,PerceptualSpeedIndex,twitter,True,twitter PerceptualSpeedIndex opt bytecode-cached cold fission webrender,,77,ms,firefox,,1748843270,2023-08-31 19:30:57,603.0,14117ed3c63a444931eb69e3a486bde4be07b6cc,1294120,,,,,,,,,,,,,,,,,,,,,,,,,,,,,,,,,,,,,,,,,,,,,,,,,,,,,,,,,,,,,TN,TN
autoland,4405952,13,ad8d5d1385265583919f5a224e1153902b6eef60,macosx1015-64-shippable-qr,True,False,,|b|y|t|e|c|o|d|e|-|c|a|c|h|e|d| |c|o|l|d| |f|i|s|s|i|o|n| |w|e|b|r|e|n|d|e|r|,102210fe594ee9b33d82058545b1ed14f4c8206e,PerceptualSpeedIndex,twitter,True,twitter PerceptualSpeedIndex opt bytecode-cached cold fission webrender,,77,ms,firefox,,1748657442,2023-08-31 19:33:29,629.5,a0d77e120c268cc1e877891df07436c1128dde4f,1294123,,,,,,,,,,,,,,,,,,,,,,,,,,,,,,,,,,,,,,,,,,,,,,,,,,,,,,,,,,,,,TN,TN
autoland,4405952,13,ad8d5d1385265583919f5a224e1153902b6eef60,macosx1015-64-shippable-qr,True,False,,|b|y|t|e|c|o|d|e|-|c|a|c|h|e|d| |c|o|l|d| |f|i|s|s|i|o|n| |w|e|b|r|e|n|d|e|r|,102210fe594ee9b33d82058545b1ed14f4c8206e,PerceptualSpeedIndex,twitter,True,twitter PerceptualSpeedIndex opt bytecode-cached cold fission webrender,,77,ms,firefox,,1748836224,2023-08-31 20:20:26,614.8,6433f4d865eef19ec6c2110009e4e3a281c59799,1294162,,,,,,,,,,,,,,,,,,,,,,,,,,,,,,,,,,,,,,,,,,,,,,,,,,,,,,,,,,,,,TN,TN
autoland,4405952,13,ad8d5d1385265583919f5a224e1153902b6eef60,macosx1015-64-shippable-qr,True,False,,|b|y|t|e|c|o|d|e|-|c|a|c|h|e|d| |c|o|l|d| |f|i|s|s|i|o|n| |w|e|b|r|e|n|d|e|r|,102210fe594ee9b33d82058545b1ed14f4c8206e,PerceptualSpeedIndex,twitter,True,twitter PerceptualSpeedIndex opt bytecode-cached cold fission webrender,,77,ms,firefox,,1748841186,2023-08-31 20:42:50,616.2,d5b172f3396fca2c5326f7c289b87ec3ddd75533,1294180,,,,,,,,,,,,,,,,,,,,,,,,,,,,,,,,,,,,,,,,,,,,,,,,,,,,,,,,,,,,,TN,TN
autoland,4405952,13,ad8d5d1385265583919f5a224e1153902b6eef60,macosx1015-64-shippable-qr,True,False,,|b|y|t|e|c|o|d|e|-|c|a|c|h|e|d| |c|o|l|d| |f|i|s|s|i|o|n| |w|e|b|r|e|n|d|e|r|,102210fe594ee9b33d82058545b1ed14f4c8206e,PerceptualSpeedIndex,twitter,True,twitter PerceptualSpeedIndex opt bytecode-cached cold fission webrender,,77,ms,firefox,,1748755047,2023-09-01 00:39:38,729.6,27ce38e0ae179241f6afc83c246df3113fc76eb5,1294315,,,,,,,,,,,,,,,,,,,,,,,,,,,,,,,,,,,,,,,,,,,,,,,,,,,,,,,,,,,,,TN,TN
autoland,4405952,13,ad8d5d1385265583919f5a224e1153902b6eef60,macosx1015-64-shippable-qr,True,False,,|b|y|t|e|c|o|d|e|-|c|a|c|h|e|d| |c|o|l|d| |f|i|s|s|i|o|n| |w|e|b|r|e|n|d|e|r|,102210fe594ee9b33d82058545b1ed14f4c8206e,PerceptualSpeedIndex,twitter,True,twitter PerceptualSpeedIndex opt bytecode-cached cold fission webrender,,77,ms,firefox,,1748763135,2023-09-01 01:00:26,721.7,9034f1db1295f77ef75c8afa9ac280788649b1c4,1294322,,,,,,,,,,,,,,,,,,,,,,,,,,,,,,,,,,,,,,,,,,,,,,,,,,,,,,,,,,,,,TN,TN
autoland,4405952,13,ad8d5d1385265583919f5a224e1153902b6eef60,macosx1015-64-shippable-qr,True,False,,|b|y|t|e|c|o|d|e|-|c|a|c|h|e|d| |c|o|l|d| |f|i|s|s|i|o|n| |w|e|b|r|e|n|d|e|r|,102210fe594ee9b33d82058545b1ed14f4c8206e,PerceptualSpeedIndex,twitter,True,twitter PerceptualSpeedIndex opt bytecode-cached cold fission webrender,,77,ms,firefox,,1748913470,2023-09-01 06:26:09,623.4,ae769caa17a3a27e7fed2cfd78ea439adf051dc8,1294426,,,,,,,,,,,,,,,,,,,,,,,,,,,,,,,,,,,,,,,,,,,,,,,,,,,,,,,,,,,,,TN,TN
autoland,4405952,13,ad8d5d1385265583919f5a224e1153902b6eef60,macosx1015-64-shippable-qr,True,False,,|b|y|t|e|c|o|d|e|-|c|a|c|h|e|d| |c|o|l|d| |f|i|s|s|i|o|n| |w|e|b|r|e|n|d|e|r|,102210fe594ee9b33d82058545b1ed14f4c8206e,PerceptualSpeedIndex,twitter,True,twitter PerceptualSpeedIndex opt bytecode-cached cold fission webrender,,77,ms,firefox,,1749074649,2023-09-01 10:42:21,630.3,2e446d8859cc4a60faa49f68ed5445c534e47850,1294509,,,,,,,,,,,,,,,,,,,,,,,,,,,,,,,,,,,,,,,,,,,,,,,,,,,,,,,,,,,,,TN,TN
autoland,4405952,13,ad8d5d1385265583919f5a224e1153902b6eef60,macosx1015-64-shippable-qr,True,False,,|b|y|t|e|c|o|d|e|-|c|a|c|h|e|d| |c|o|l|d| |f|i|s|s|i|o|n| |w|e|b|r|e|n|d|e|r|,102210fe594ee9b33d82058545b1ed14f4c8206e,PerceptualSpeedIndex,twitter,True,twitter PerceptualSpeedIndex opt bytecode-cached cold fission webrender,,77,ms,firefox,,1749546559,2023-09-01 11:07:42,612.7,dfc8a4578c404856f2c383d037d44dab021f40c3,1294519,,,,,,,,,,,,,,,,,,,,,,,,,,,,,,,,,,,,,,,,,,,,,,,,,,,,,,,,,,,,,TN,TN
autoland,4405952,13,ad8d5d1385265583919f5a224e1153902b6eef60,macosx1015-64-shippable-qr,True,False,,|b|y|t|e|c|o|d|e|-|c|a|c|h|e|d| |c|o|l|d| |f|i|s|s|i|o|n| |w|e|b|r|e|n|d|e|r|,102210fe594ee9b33d82058545b1ed14f4c8206e,PerceptualSpeedIndex,twitter,True,twitter PerceptualSpeedIndex opt bytecode-cached cold fission webrender,,77,ms,firefox,,1749545941,2023-09-01 11:44:03,632.2,c12da820266b0537b4b77b3b9609c089eafd3e4d,1294531,,,,,,,,,,,,,,,,,,,,,,,,,,,,,,,,,,,,,,,,,,,,,,,,,,,,,,,,,,,,,TN,TN
autoland,4405952,13,ad8d5d1385265583919f5a224e1153902b6eef60,macosx1015-64-shippable-qr,True,False,,|b|y|t|e|c|o|d|e|-|c|a|c|h|e|d| |c|o|l|d| |f|i|s|s|i|o|n| |w|e|b|r|e|n|d|e|r|,102210fe594ee9b33d82058545b1ed14f4c8206e,PerceptualSpeedIndex,twitter,True,twitter PerceptualSpeedIndex opt bytecode-cached cold fission webrender,,77,ms,firefox,,1749098228,2023-09-01 11:44:59,610.5,bf57203fdaf0f91ccecca73cc02286e5c20686be,1294532,,,,,,,,,,,,,,,,,,,,,,,,,,,,,,,,,,,,,,,,,,,,,,,,,,,,,,,,,,,,,TN,TN
autoland,4405952,13,ad8d5d1385265583919f5a224e1153902b6eef60,macosx1015-64-shippable-qr,True,False,,|b|y|t|e|c|o|d|e|-|c|a|c|h|e|d| |c|o|l|d| |f|i|s|s|i|o|n| |w|e|b|r|e|n|d|e|r|,102210fe594ee9b33d82058545b1ed14f4c8206e,PerceptualSpeedIndex,twitter,True,twitter PerceptualSpeedIndex opt bytecode-cached cold fission webrender,,77,ms,firefox,,1749231079,2023-09-01 15:47:54,625.8,ad7684944accdb72fb27cae1118a774a95ed9c55,1294651,,,,,,,,,,,,,,,,,,,,,,,,,,,,,,,,,,,,,,,,,,,,,,,,,,,,,,,,,,,,,TN,TN
autoland,4405952,13,ad8d5d1385265583919f5a224e1153902b6eef60,macosx1015-64-shippable-qr,True,False,,|b|y|t|e|c|o|d|e|-|c|a|c|h|e|d| |c|o|l|d| |f|i|s|s|i|o|n| |w|e|b|r|e|n|d|e|r|,102210fe594ee9b33d82058545b1ed14f4c8206e,PerceptualSpeedIndex,twitter,True,twitter PerceptualSpeedIndex opt bytecode-cached cold fission webrender,,77,ms,firefox,,1749245270,2023-09-01 17:12:14,632.3,fccf186ac4e88bf822ac830ba689a15017be05e1,1294691,,,,,,,,,,,,,,,,,,,,,,,,,,,,,,,,,,,,,,,,,,,,,,,,,,,,,,,,,,,,,TN,TN
autoland,4405952,13,ad8d5d1385265583919f5a224e1153902b6eef60,macosx1015-64-shippable-qr,True,False,,|b|y|t|e|c|o|d|e|-|c|a|c|h|e|d| |c|o|l|d| |f|i|s|s|i|o|n| |w|e|b|r|e|n|d|e|r|,102210fe594ee9b33d82058545b1ed14f4c8206e,PerceptualSpeedIndex,twitter,True,twitter PerceptualSpeedIndex opt bytecode-cached cold fission webrender,,77,ms,firefox,,1749533269,2023-09-02 01:00:47,631.9,99eed791079c7b72126fee110226a0f9c519a053,1294900,,,,,,,,,,,,,,,,,,,,,,,,,,,,,,,,,,,,,,,,,,,,,,,,,,,,,,,,,,,,,TN,TN
autoland,4405952,13,ad8d5d1385265583919f5a224e1153902b6eef60,macosx1015-64-shippable-qr,True,False,,|b|y|t|e|c|o|d|e|-|c|a|c|h|e|d| |c|o|l|d| |f|i|s|s|i|o|n| |w|e|b|r|e|n|d|e|r|,102210fe594ee9b33d82058545b1ed14f4c8206e,PerceptualSpeedIndex,twitter,True,twitter PerceptualSpeedIndex opt bytecode-cached cold fission webrender,,77,ms,firefox,,1749561532,2023-09-02 06:50:37,609.3,0d100cd406fac31edd725aaa2ca36c72593b7207,1294943,,,,,,,,,,,,,,,,,,,,,,,,,,,,,,,,,,,,,,,,,,,,,,,,,,,,,,,,,,,,,TN,TN
autoland,4405952,13,ad8d5d1385265583919f5a224e1153902b6eef60,macosx1015-64-shippable-qr,True,False,,|b|y|t|e|c|o|d|e|-|c|a|c|h|e|d| |c|o|l|d| |f|i|s|s|i|o|n| |w|e|b|r|e|n|d|e|r|,102210fe594ee9b33d82058545b1ed14f4c8206e,PerceptualSpeedIndex,twitter,True,twitter PerceptualSpeedIndex opt bytecode-cached cold fission webrender,,77,ms,firefox,,1749619510,2023-09-02 11:43:51,607.8,66f85436a9395093f71f506f8cdc16623cbbb38e,1294960,,,,,,,,,,,,,,,,,,,,,,,,,,,,,,,,,,,,,,,,,,,,,,,,,,,,,,,,,,,,,TN,TN
autoland,4405952,13,ad8d5d1385265583919f5a224e1153902b6eef60,macosx1015-64-shippable-qr,True,False,,|b|y|t|e|c|o|d|e|-|c|a|c|h|e|d| |c|o|l|d| |f|i|s|s|i|o|n| |w|e|b|r|e|n|d|e|r|,102210fe594ee9b33d82058545b1ed14f4c8206e,PerceptualSpeedIndex,twitter,True,twitter PerceptualSpeedIndex opt bytecode-cached cold fission webrender,,77,ms,firefox,,1749645805,2023-09-02 16:16:12,626.3,ee62282ee19c0c3cceebbdb2cd283127260a46d6,1294982,,,,,,,,,,,,,,,,,,,,,,,,,,,,,,,,,,,,,,,,,,,,,,,,,,,,,,,,,,,,,TN,TN
autoland,4405952,13,ad8d5d1385265583919f5a224e1153902b6eef60,macosx1015-64-shippable-qr,True,False,,|b|y|t|e|c|o|d|e|-|c|a|c|h|e|d| |c|o|l|d| |f|i|s|s|i|o|n| |w|e|b|r|e|n|d|e|r|,102210fe594ee9b33d82058545b1ed14f4c8206e,PerceptualSpeedIndex,twitter,True,twitter PerceptualSpeedIndex opt bytecode-cached cold fission webrender,,77,ms,firefox,,1749839340,2023-09-03 15:28:00,607.2,e2d4c17692b7650a5aefa27823ab8cb72dc06fe6,1295071,,,,,,,,,,,,,,,,,,,,,,,,,,,,,,,,,,,,,,,,,,,,,,,,,,,,,,,,,,,,,TN,TN
autoland,4405952,13,ad8d5d1385265583919f5a224e1153902b6eef60,macosx1015-64-shippable-qr,True,False,,|b|y|t|e|c|o|d|e|-|c|a|c|h|e|d| |c|o|l|d| |f|i|s|s|i|o|n| |w|e|b|r|e|n|d|e|r|,102210fe594ee9b33d82058545b1ed14f4c8206e,PerceptualSpeedIndex,twitter,True,twitter PerceptualSpeedIndex opt bytecode-cached cold fission webrender,,77,ms,firefox,,1749876951,2023-09-03 17:48:29,642.3,39747a728e31525f254d25d9fa323a491dda5b09,1295079,,,,,,,,,,,,,,,,,,,,,,,,,,,,,,,,,,,,,,,,,,,,,,,,,,,,,,,,,,,,,TN,TN
autoland,4405952,13,ad8d5d1385265583919f5a224e1153902b6eef60,macosx1015-64-shippable-qr,True,False,,|b|y|t|e|c|o|d|e|-|c|a|c|h|e|d| |c|o|l|d| |f|i|s|s|i|o|n| |w|e|b|r|e|n|d|e|r|,102210fe594ee9b33d82058545b1ed14f4c8206e,PerceptualSpeedIndex,twitter,True,twitter PerceptualSpeedIndex opt bytecode-cached cold fission webrender,,77,ms,firefox,,1749976482,2023-09-04 00:54:15,618.6,9398dc74275ecd37eab02b496051302e67ce059f,1295103,,,,,,,,,,,,,,,,,,,,,,,,,,,,,,,,,,,,,,,,,,,,,,,,,,,,,,,,,,,,,TN,TN
autoland,4405952,13,ad8d5d1385265583919f5a224e1153902b6eef60,macosx1015-64-shippable-qr,True,False,,|b|y|t|e|c|o|d|e|-|c|a|c|h|e|d| |c|o|l|d| |f|i|s|s|i|o|n| |w|e|b|r|e|n|d|e|r|,102210fe594ee9b33d82058545b1ed14f4c8206e,PerceptualSpeedIndex,twitter,True,twitter PerceptualSpeedIndex opt bytecode-cached cold fission webrender,,77,ms,firefox,,1750037085,2023-09-04 05:09:42,604.5,738c0a460acb30ab2ab419f4c0dc93fa9af200d6,1295121,,,,,,,,,,,,,,,,,,,,,,,,,,,,,,,,,,,,,,,,,,,,,,,,,,,,,,,,,,,,,TN,TN
autoland,4405952,13,ad8d5d1385265583919f5a224e1153902b6eef60,macosx1015-64-shippable-qr,True,False,,|b|y|t|e|c|o|d|e|-|c|a|c|h|e|d| |c|o|l|d| |f|i|s|s|i|o|n| |w|e|b|r|e|n|d|e|r|,102210fe594ee9b33d82058545b1ed14f4c8206e,PerceptualSpeedIndex,twitter,True,twitter PerceptualSpeedIndex opt bytecode-cached cold fission webrender,,77,ms,firefox,,1750076662,2023-09-04 08:06:31,613.9,5378e223b13ecd8d32d6afddc956d8bdca322ef0,1295171,,,,,,,,,,,,,,,,,,,,,,,,,,,,,,,,,,,,,,,,,,,,,,,,,,,,,,,,,,,,,TN,TN
autoland,4405952,13,ad8d5d1385265583919f5a224e1153902b6eef60,macosx1015-64-shippable-qr,True,False,,|b|y|t|e|c|o|d|e|-|c|a|c|h|e|d| |c|o|l|d| |f|i|s|s|i|o|n| |w|e|b|r|e|n|d|e|r|,102210fe594ee9b33d82058545b1ed14f4c8206e,PerceptualSpeedIndex,twitter,True,twitter PerceptualSpeedIndex opt bytecode-cached cold fission webrender,,77,ms,firefox,,1750221490,2023-09-04 12:17:38,646.9,16cc1aa2701e0b2cf32665cee19dc11308a4760a,1295286,,,,,,,,,,,,,,,,,,,,,,,,,,,,,,,,,,,,,,,,,,,,,,,,,,,,,,,,,,,,,TN,TN
autoland,4405952,13,ad8d5d1385265583919f5a224e1153902b6eef60,macosx1015-64-shippable-qr,True,False,,|b|y|t|e|c|o|d|e|-|c|a|c|h|e|d| |c|o|l|d| |f|i|s|s|i|o|n| |w|e|b|r|e|n|d|e|r|,102210fe594ee9b33d82058545b1ed14f4c8206e,PerceptualSpeedIndex,twitter,True,twitter PerceptualSpeedIndex opt bytecode-cached cold fission webrender,,77,ms,firefox,,1750329527,2023-09-04 20:09:20,636.4,2c0ab3a7f1f3e1e095a0175f8a6096d10a311a5a,1295407,,,,,,,,,,,,,,,,,,,,,,,,,,,,,,,,,,,,,,,,,,,,,,,,,,,,,,,,,,,,,TN,TN
autoland,4405952,13,ad8d5d1385265583919f5a224e1153902b6eef60,macosx1015-64-shippable-qr,True,False,,|b|y|t|e|c|o|d|e|-|c|a|c|h|e|d| |c|o|l|d| |f|i|s|s|i|o|n| |w|e|b|r|e|n|d|e|r|,102210fe594ee9b33d82058545b1ed14f4c8206e,PerceptualSpeedIndex,twitter,True,twitter PerceptualSpeedIndex opt bytecode-cached cold fission webrender,,77,ms,firefox,,1750394782,2023-09-05 01:26:26,618.0,530fe27f752d2f1fa88cd1013b419d7c1ca1a2e0,1295456,,,,,,,,,,,,,,,,,,,,,,,,,,,,,,,,,,,,,,,,,,,,,,,,,,,,,,,,,,,,,TN,TN
autoland,4405952,13,ad8d5d1385265583919f5a224e1153902b6eef60,macosx1015-64-shippable-qr,True,False,,|b|y|t|e|c|o|d|e|-|c|a|c|h|e|d| |c|o|l|d| |f|i|s|s|i|o|n| |w|e|b|r|e|n|d|e|r|,102210fe594ee9b33d82058545b1ed14f4c8206e,PerceptualSpeedIndex,twitter,True,twitter PerceptualSpeedIndex opt bytecode-cached cold fission webrender,,77,ms,firefox,,1750493429,2023-09-05 06:45:05,609.8,55f5393d14f682f76c2d9f9c857c9f0890ee2a7f,1295504,,,,,,,,,,,,,,,,,,,,,,,,,,,,,,,,,,,,,,,,,,,,,,,,,,,,,,,,,,,,,TN,TN
autoland,4405952,13,ad8d5d1385265583919f5a224e1153902b6eef60,macosx1015-64-shippable-qr,True,False,,|b|y|t|e|c|o|d|e|-|c|a|c|h|e|d| |c|o|l|d| |f|i|s|s|i|o|n| |w|e|b|r|e|n|d|e|r|,102210fe594ee9b33d82058545b1ed14f4c8206e,PerceptualSpeedIndex,twitter,True,twitter PerceptualSpeedIndex opt bytecode-cached cold fission webrender,,77,ms,firefox,,1750612452,2023-09-05 11:29:45,612.5,27708fc6f6648945c105baa6a5c63f9d62f265b5,1295622,,,,,,,,,,,,,,,,,,,,,,,,,,,,,,,,,,,,,,,,,,,,,,,,,,,,,,,,,,,,,TN,TN
autoland,4405952,13,ad8d5d1385265583919f5a224e1153902b6eef60,macosx1015-64-shippable-qr,True,False,,|b|y|t|e|c|o|d|e|-|c|a|c|h|e|d| |c|o|l|d| |f|i|s|s|i|o|n| |w|e|b|r|e|n|d|e|r|,102210fe594ee9b33d82058545b1ed14f4c8206e,PerceptualSpeedIndex,twitter,True,twitter PerceptualSpeedIndex opt bytecode-cached cold fission webrender,,77,ms,firefox,,1750620733,2023-09-05 11:45:39,634.0,42d664dd03163fb19554f6e18c4163b8622b4401,1295627,,,,,,,,,,,,,,,,,,,,,,,,,,,,,,,,,,,,,,,,,,,,,,,,,,,,,,,,,,,,,TN,TN
autoland,4405952,13,ad8d5d1385265583919f5a224e1153902b6eef60,macosx1015-64-shippable-qr,True,False,,|b|y|t|e|c|o|d|e|-|c|a|c|h|e|d| |c|o|l|d| |f|i|s|s|i|o|n| |w|e|b|r|e|n|d|e|r|,102210fe594ee9b33d82058545b1ed14f4c8206e,PerceptualSpeedIndex,twitter,True,twitter PerceptualSpeedIndex opt bytecode-cached cold fission webrender,,77,ms,firefox,,1750738638,2023-09-05 15:46:18,628.0,40053facf08c6ea9bc6a6f5ae223a6faa89ebc08,1295770,,,,,,,,,,,,,,,,,,,,,,,,,,,,,,,,,,,,,,,,,,,,,,,,,,,,,,,,,,,,,TN,TN
autoland,4405952,13,ad8d5d1385265583919f5a224e1153902b6eef60,macosx1015-64-shippable-qr,True,False,,|b|y|t|e|c|o|d|e|-|c|a|c|h|e|d| |c|o|l|d| |f|i|s|s|i|o|n| |w|e|b|r|e|n|d|e|r|,102210fe594ee9b33d82058545b1ed14f4c8206e,PerceptualSpeedIndex,twitter,True,twitter PerceptualSpeedIndex opt bytecode-cached cold fission webrender,,77,ms,firefox,,1750745107,2023-09-05 16:15:45,598.3,08da3ca498f61eb9acb594038c5e764cfb37d735,1295791,,,,,,,,,,,,,,,,,,,,,,,,,,,,,,,,,,,,,,,,,,,,,,,,,,,,,,,,,,,,,TN,TN
autoland,4405952,13,ad8d5d1385265583919f5a224e1153902b6eef60,macosx1015-64-shippable-qr,True,False,,|b|y|t|e|c|o|d|e|-|c|a|c|h|e|d| |c|o|l|d| |f|i|s|s|i|o|n| |w|e|b|r|e|n|d|e|r|,102210fe594ee9b33d82058545b1ed14f4c8206e,PerceptualSpeedIndex,twitter,True,twitter PerceptualSpeedIndex opt bytecode-cached cold fission webrender,,77,ms,firefox,,1750813406,2023-09-05 19:25:11,624.5,e6278ccb302b74ca329c17e5d00508b795c54eec,1295926,,,,,,,,,,,,,,,,,,,,,,,,,,,,,,,,,,,,,,,,,,,,,,,,,,,,,,,,,,,,,TN,TN
autoland,4405952,13,ad8d5d1385265583919f5a224e1153902b6eef60,macosx1015-64-shippable-qr,True,False,,|b|y|t|e|c|o|d|e|-|c|a|c|h|e|d| |c|o|l|d| |f|i|s|s|i|o|n| |w|e|b|r|e|n|d|e|r|,102210fe594ee9b33d82058545b1ed14f4c8206e,PerceptualSpeedIndex,twitter,True,twitter PerceptualSpeedIndex opt bytecode-cached cold fission webrender,,77,ms,firefox,,1750969633,2023-09-05 23:38:09,641.2,b34280e9a0872e3b3f0893cd3bd78bf94b421612,1296071,,,,,,,,,,,,,,,,,,,,,,,,,,,,,,,,,,,,,,,,,,,,,,,,,,,,,,,,,,,,,TN,TN
autoland,4405952,13,ad8d5d1385265583919f5a224e1153902b6eef60,macosx1015-64-shippable-qr,True,False,,|b|y|t|e|c|o|d|e|-|c|a|c|h|e|d| |c|o|l|d| |f|i|s|s|i|o|n| |w|e|b|r|e|n|d|e|r|,102210fe594ee9b33d82058545b1ed14f4c8206e,PerceptualSpeedIndex,twitter,True,twitter PerceptualSpeedIndex opt bytecode-cached cold fission webrender,,77,ms,firefox,,1751007806,2023-09-06 00:54:53,712.0,ff7e2e9adbc1753b1f3e01a3f2eb8a91bb911418,1296116,,,,,,,,,,,,,,,,,,,,,,,,,,,,,,,,,,,,,,,,,,,,,,,,,,,,,,,,,,,,,TN,TN
autoland,4405952,13,ad8d5d1385265583919f5a224e1153902b6eef60,macosx1015-64-shippable-qr,True,False,,|b|y|t|e|c|o|d|e|-|c|a|c|h|e|d| |c|o|l|d| |f|i|s|s|i|o|n| |w|e|b|r|e|n|d|e|r|,102210fe594ee9b33d82058545b1ed14f4c8206e,PerceptualSpeedIndex,twitter,True,twitter PerceptualSpeedIndex opt bytecode-cached cold fission webrender,,77,ms,firefox,,1751090602,2023-09-06 05:00:41,617.1,5c56b92baa65aa27df61f84718594767ef8f26f4,1296186,,,,,,,,,,,,,,,,,,,,,,,,,,,,,,,,,,,,,,,,,,,,,,,,,,,,,,,,,,,,,TN,TN
autoland,4405952,13,ad8d5d1385265583919f5a224e1153902b6eef60,macosx1015-64-shippable-qr,True,False,,|b|y|t|e|c|o|d|e|-|c|a|c|h|e|d| |c|o|l|d| |f|i|s|s|i|o|n| |w|e|b|r|e|n|d|e|r|,102210fe594ee9b33d82058545b1ed14f4c8206e,PerceptualSpeedIndex,twitter,True,twitter PerceptualSpeedIndex opt bytecode-cached cold fission webrender,,77,ms,firefox,,1751216929,2023-09-06 10:31:58,609.0,6631a30338d3de03925f76afd071a29511729440,1296288,,,,,,,,,,,,,,,,,,,,,,,,,,,,,,,,,,,,,,,,,,,,,,,,,,,,,,,,,,,,,TN,TN
autoland,4405952,13,ad8d5d1385265583919f5a224e1153902b6eef60,macosx1015-64-shippable-qr,True,False,,|b|y|t|e|c|o|d|e|-|c|a|c|h|e|d| |c|o|l|d| |f|i|s|s|i|o|n| |w|e|b|r|e|n|d|e|r|,102210fe594ee9b33d82058545b1ed14f4c8206e,PerceptualSpeedIndex,twitter,True,twitter PerceptualSpeedIndex opt bytecode-cached cold fission webrender,,77,ms,firefox,,1751232921,2023-09-06 11:18:29,641.5,e43370e4259f61e0c264dbcef8b45e2862b3c5e8,1296309,,,,,,,,,,,,,,,,,,,,,,,,,,,,,,,,,,,,,,,,,,,,,,,,,,,,,,,,,,,,,TN,TN
autoland,4405952,13,ad8d5d1385265583919f5a224e1153902b6eef60,macosx1015-64-shippable-qr,True,False,,|b|y|t|e|c|o|d|e|-|c|a|c|h|e|d| |c|o|l|d| |f|i|s|s|i|o|n| |w|e|b|r|e|n|d|e|r|,102210fe594ee9b33d82058545b1ed14f4c8206e,PerceptualSpeedIndex,twitter,True,twitter PerceptualSpeedIndex opt bytecode-cached cold fission webrender,,77,ms,firefox,,1751645888,2023-09-06 12:46:11,605.5,1efdead581242a06398d33ea25040ec415b4051a,1296355,,,,,,,,,,,,,,,,,,,,,,,,,,,,,,,,,,,,,,,,,,,,,,,,,,,,,,,,,,,,,TN,TN
autoland,4405952,13,ad8d5d1385265583919f5a224e1153902b6eef60,macosx1015-64-shippable-qr,True,False,,|b|y|t|e|c|o|d|e|-|c|a|c|h|e|d| |c|o|l|d| |f|i|s|s|i|o|n| |w|e|b|r|e|n|d|e|r|,102210fe594ee9b33d82058545b1ed14f4c8206e,PerceptualSpeedIndex,twitter,True,twitter PerceptualSpeedIndex opt bytecode-cached cold fission webrender,,77,ms,firefox,,1751648793,2023-09-06 12:47:02,634.0,90f7ca5b0ec6598e9a3298d82a4a34df06986322,1296356,,,,,,,,,,,,,,,,,,,,,,,,,,,,,,,,,,,,,,,,,,,,,,,,,,,,,,,,,,,,,TN,TN
autoland,4405952,13,ad8d5d1385265583919f5a224e1153902b6eef60,macosx1015-64-shippable-qr,True,False,,|b|y|t|e|c|o|d|e|-|c|a|c|h|e|d| |c|o|l|d| |f|i|s|s|i|o|n| |w|e|b|r|e|n|d|e|r|,102210fe594ee9b33d82058545b1ed14f4c8206e,PerceptualSpeedIndex,twitter,True,twitter PerceptualSpeedIndex opt bytecode-cached cold fission webrender,,77,ms,firefox,,1751330778,2023-09-06 14:28:21,751.3,0315c2d875ca2a95bbb65ef4a1f7b75f72ed7263,1296418,,,,,,,,,,,,,,,,,,,,,,,,,,,,,,,,,,,,,,,,,,,,,,,,,,,,,,,,,,,,,TN,TN
autoland,4405952,13,ad8d5d1385265583919f5a224e1153902b6eef60,macosx1015-64-shippable-qr,True,False,,|b|y|t|e|c|o|d|e|-|c|a|c|h|e|d| |c|o|l|d| |f|i|s|s|i|o|n| |w|e|b|r|e|n|d|e|r|,102210fe594ee9b33d82058545b1ed14f4c8206e,PerceptualSpeedIndex,twitter,True,twitter PerceptualSpeedIndex opt bytecode-cached cold fission webrender,,77,ms,firefox,,1751641728,2023-09-06 16:46:52,633.6,0489416a8aec949f888e29303c9bbe21ed1f99e7,1296506,,,,,,,,,,,,,,,,,,,,,,,,,,,,,,,,,,,,,,,,,,,,,,,,,,,,,,,,,,,,,TN,TN
autoland,4405952,13,ad8d5d1385265583919f5a224e1153902b6eef60,macosx1015-64-shippable-qr,True,False,,|b|y|t|e|c|o|d|e|-|c|a|c|h|e|d| |c|o|l|d| |f|i|s|s|i|o|n| |w|e|b|r|e|n|d|e|r|,102210fe594ee9b33d82058545b1ed14f4c8206e,PerceptualSpeedIndex,twitter,True,twitter PerceptualSpeedIndex opt bytecode-cached cold fission webrender,,77,ms,firefox,,1751607340,2023-09-06 16:49:32,631.2,e7a99f508f56aad179face2013609fc9498d0c8f,1296508,,,,,,,,,,,,,,,,,,,,,,,,,,,,,,,,,,,,,,,,,,,,,,,,,,,,,,,,,,,,,TN,TN
autoland,4405952,13,ad8d5d1385265583919f5a224e1153902b6eef60,macosx1015-64-shippable-qr,True,False,,|b|y|t|e|c|o|d|e|-|c|a|c|h|e|d| |c|o|l|d| |f|i|s|s|i|o|n| |w|e|b|r|e|n|d|e|r|,102210fe594ee9b33d82058545b1ed14f4c8206e,PerceptualSpeedIndex,twitter,True,twitter PerceptualSpeedIndex opt bytecode-cached cold fission webrender,,77,ms,firefox,,1751382004,2023-09-06 18:00:42,612.6,340378041fcfd986f6c0edb18a81efbc36f930c1,1296561,,,,,,,,,,,,,,,,,,,,,,,,,,,,,,,,,,,,,,,,,,,,,,,,,,,,,,,,,,,,,TN,TN
autoland,4405952,13,ad8d5d1385265583919f5a224e1153902b6eef60,macosx1015-64-shippable-qr,True,False,,|b|y|t|e|c|o|d|e|-|c|a|c|h|e|d| |c|o|l|d| |f|i|s|s|i|o|n| |w|e|b|r|e|n|d|e|r|,102210fe594ee9b33d82058545b1ed14f4c8206e,PerceptualSpeedIndex,twitter,True,twitter PerceptualSpeedIndex opt bytecode-cached cold fission webrender,,77,ms,firefox,,1751532965,2023-09-06 21:18:27,609.1,6e5768f3fc480965c2b67e5006ad8351d30a27b2,1296699,,,,,,,,,,,,,,,,,,,,,,,,,,,,,,,,,,,,,,,,,,,,,,,,,,,,,,,,,,,,,TN,TN
autoland,4405952,13,ad8d5d1385265583919f5a224e1153902b6eef60,macosx1015-64-shippable-qr,True,False,,|b|y|t|e|c|o|d|e|-|c|a|c|h|e|d| |c|o|l|d| |f|i|s|s|i|o|n| |w|e|b|r|e|n|d|e|r|,102210fe594ee9b33d82058545b1ed14f4c8206e,PerceptualSpeedIndex,twitter,True,twitter PerceptualSpeedIndex opt bytecode-cached cold fission webrender,,77,ms,firefox,,1751586386,2023-09-07 02:02:33,619.1,172ac46f5fd5a20a001b2cbed27df0ffb44ef6a6,1296842,,,,,,,,,,,,,,,,,,,,,,,,,,,,,,,,,,,,,,,,,,,,,,,,,,,,,,,,,,,,,TN,TN
autoland,4405952,13,ad8d5d1385265583919f5a224e1153902b6eef60,macosx1015-64-shippable-qr,True,False,,|b|y|t|e|c|o|d|e|-|c|a|c|h|e|d| |c|o|l|d| |f|i|s|s|i|o|n| |w|e|b|r|e|n|d|e|r|,102210fe594ee9b33d82058545b1ed14f4c8206e,PerceptualSpeedIndex,twitter,True,twitter PerceptualSpeedIndex opt bytecode-cached cold fission webrender,,77,ms,firefox,,1751660175,2023-09-07 05:47:53,628.8,c8b40099127c273a58ba6defbe045c55752f0f64,1296880,,,,,,,,,,,,,,,,,,,,,,,,,,,,,,,,,,,,,,,,,,,,,,,,,,,,,,,,,,,,,TN,TN
autoland,4405952,13,ad8d5d1385265583919f5a224e1153902b6eef60,macosx1015-64-shippable-qr,True,False,,|b|y|t|e|c|o|d|e|-|c|a|c|h|e|d| |c|o|l|d| |f|i|s|s|i|o|n| |w|e|b|r|e|n|d|e|r|,102210fe594ee9b33d82058545b1ed14f4c8206e,PerceptualSpeedIndex,twitter,True,twitter PerceptualSpeedIndex opt bytecode-cached cold fission webrender,,77,ms,firefox,,1751781728,2023-09-07 10:02:59,848.3,72c09a220d986d7af3fa78b07b9b87cd943f9ab5,1296967,,,,,,,,,,,,,,,,,,,,,,,,,,,,,,,,,,,,,,,,,,,,,,,,,,,,,,,,,,,,,TN,TN
autoland,4405952,13,ad8d5d1385265583919f5a224e1153902b6eef60,macosx1015-64-shippable-qr,True,False,,|b|y|t|e|c|o|d|e|-|c|a|c|h|e|d| |c|o|l|d| |f|i|s|s|i|o|n| |w|e|b|r|e|n|d|e|r|,102210fe594ee9b33d82058545b1ed14f4c8206e,PerceptualSpeedIndex,twitter,True,twitter PerceptualSpeedIndex opt bytecode-cached cold fission webrender,,77,ms,firefox,,1751839057,2023-09-07 12:32:17,614.5,31aee1c71573016a4a40410e1c41adad2304c430,1297037,,,,,,,,,,,,,,,,,,,,,,,,,,,,,,,,,,,,,,,,,,,,,,,,,,,,,,,,,,,,,TN,TN
autoland,4405952,13,ad8d5d1385265583919f5a224e1153902b6eef60,macosx1015-64-shippable-qr,True,False,,|b|y|t|e|c|o|d|e|-|c|a|c|h|e|d| |c|o|l|d| |f|i|s|s|i|o|n| |w|e|b|r|e|n|d|e|r|,102210fe594ee9b33d82058545b1ed14f4c8206e,PerceptualSpeedIndex,twitter,True,twitter PerceptualSpeedIndex opt bytecode-cached cold fission webrender,,77,ms,firefox,,1751920728,2023-09-07 16:05:38,597.5,be838735b3cf99411aaa287377f080810144f92d,1297179,,,,,,,,,,,,,,,,,,,,,,,,,,,,,,,,,,,,,,,,,,,,,,,,,,,,,,,,,,,,,TN,TN
autoland,4405952,13,ad8d5d1385265583919f5a224e1153902b6eef60,macosx1015-64-shippable-qr,True,False,,|b|y|t|e|c|o|d|e|-|c|a|c|h|e|d| |c|o|l|d| |f|i|s|s|i|o|n| |w|e|b|r|e|n|d|e|r|,102210fe594ee9b33d82058545b1ed14f4c8206e,PerceptualSpeedIndex,twitter,True,twitter PerceptualSpeedIndex opt bytecode-cached cold fission webrender,,77,ms,firefox,,1752315419,2023-09-07 16:07:31,605.2,ab58e27cf5b6fa10352b2aab7515d67826afc2b7,1297180,,,,,,,,,,,,,,,,,,,,,,,,,,,,,,,,,,,,,,,,,,,,,,,,,,,,,,,,,,,,,TN,TN
autoland,4405952,13,ad8d5d1385265583919f5a224e1153902b6eef60,macosx1015-64-shippable-qr,True,False,,|b|y|t|e|c|o|d|e|-|c|a|c|h|e|d| |c|o|l|d| |f|i|s|s|i|o|n| |w|e|b|r|e|n|d|e|r|,102210fe594ee9b33d82058545b1ed14f4c8206e,PerceptualSpeedIndex,twitter,True,twitter PerceptualSpeedIndex opt bytecode-cached cold fission webrender,,77,ms,firefox,,1752303736,2023-09-07 16:19:54,633.0,83e2fb4331f8fa061470e0f9823cdcdb78eb8a56,1297187,,,,,,,,,,,,,,,,,,,,,,,,,,,,,,,,,,,,,,,,,,,,,,,,,,,,,,,,,,,,,TN,TN
autoland,4405952,13,ad8d5d1385265583919f5a224e1153902b6eef60,macosx1015-64-shippable-qr,True,False,,|b|y|t|e|c|o|d|e|-|c|a|c|h|e|d| |c|o|l|d| |f|i|s|s|i|o|n| |w|e|b|r|e|n|d|e|r|,102210fe594ee9b33d82058545b1ed14f4c8206e,PerceptualSpeedIndex,twitter,True,twitter PerceptualSpeedIndex opt bytecode-cached cold fission webrender,,77,ms,firefox,,1752070230,2023-09-07 18:57:03,616.5,25b4a7559a80b3970d88de68b2ac92420ca025c8,1297304,,,,,,,,,,,,,,,,,,,,,,,,,,,,,,,,,,,,,,,,,,,,,,,,,,,,,,,,,,,,,TN,TN
autoland,4405952,13,ad8d5d1385265583919f5a224e1153902b6eef60,macosx1015-64-shippable-qr,True,False,,|b|y|t|e|c|o|d|e|-|c|a|c|h|e|d| |c|o|l|d| |f|i|s|s|i|o|n| |w|e|b|r|e|n|d|e|r|,102210fe594ee9b33d82058545b1ed14f4c8206e,PerceptualSpeedIndex,twitter,True,twitter PerceptualSpeedIndex opt bytecode-cached cold fission webrender,,77,ms,firefox,,1752188595,2023-09-07 23:16:45,633.0,6fb5507c20420498c1ebe5f2b6df35394d980f1c,1297446,,,,,,,,,,,,,,,,,,,,,,,,,,,,,,,,,,,,,,,,,,,,,,,,,,,,,,,,,,,,,TN,TN
autoland,4405952,13,ad8d5d1385265583919f5a224e1153902b6eef60,macosx1015-64-shippable-qr,True,False,,|b|y|t|e|c|o|d|e|-|c|a|c|h|e|d| |c|o|l|d| |f|i|s|s|i|o|n| |w|e|b|r|e|n|d|e|r|,102210fe594ee9b33d82058545b1ed14f4c8206e,PerceptualSpeedIndex,twitter,True,twitter PerceptualSpeedIndex opt bytecode-cached cold fission webrender,,77,ms,firefox,,1752199629,2023-09-07 23:39:19,631.2,3096b15a785accc50f5e96ad64eed31ebd5ae045,1297453,,,,,,,,,,,,,,,,,,,,,,,,,,,,,,,,,,,,,,,,,,,,,,,,,,,,,,,,,,,,,TN,TN
autoland,4405952,13,ad8d5d1385265583919f5a224e1153902b6eef60,macosx1015-64-shippable-qr,True,False,,|b|y|t|e|c|o|d|e|-|c|a|c|h|e|d| |c|o|l|d| |f|i|s|s|i|o|n| |w|e|b|r|e|n|d|e|r|,102210fe594ee9b33d82058545b1ed14f4c8206e,PerceptualSpeedIndex,twitter,True,twitter PerceptualSpeedIndex opt bytecode-cached cold fission webrender,,77,ms,firefox,,1752292798,2023-09-08 04:28:36,638.6,9cf29328d69c6278a4d9e184fcf79d33542cb600,1297535,,,,,,,,,,,,,,,,,,,,,,,,,,,,,,,,,,,,,,,,,,,,,,,,,,,,,,,,,,,,,TN,TN
autoland,4405952,13,ad8d5d1385265583919f5a224e1153902b6eef60,macosx1015-64-shippable-qr,True,False,,|b|y|t|e|c|o|d|e|-|c|a|c|h|e|d| |c|o|l|d| |f|i|s|s|i|o|n| |w|e|b|r|e|n|d|e|r|,102210fe594ee9b33d82058545b1ed14f4c8206e,PerceptualSpeedIndex,twitter,True,twitter PerceptualSpeedIndex opt bytecode-cached cold fission webrender,,77,ms,firefox,,1752425492,2023-09-08 08:33:18,599.9,850826d930dbbaab76c864c8e0c815e741d335ec,1297602,,,,,,,,,,,,,,,,,,,,,,,,,,,,,,,,,,,,,,,,,,,,,,,,,,,,,,,,,,,,,TN,TN
autoland,4405952,13,ad8d5d1385265583919f5a224e1153902b6eef60,macosx1015-64-shippable-qr,True,False,,|b|y|t|e|c|o|d|e|-|c|a|c|h|e|d| |c|o|l|d| |f|i|s|s|i|o|n| |w|e|b|r|e|n|d|e|r|,102210fe594ee9b33d82058545b1ed14f4c8206e,PerceptualSpeedIndex,twitter,True,twitter PerceptualSpeedIndex opt bytecode-cached cold fission webrender,,77,ms,firefox,,1752493886,2023-09-08 09:52:44,629.6,274b1d437629e97813d0b7fe7e8b4912cf84cf32,1297644,,,,,,,,,,,,,,,,,,,,,,,,,,,,,,,,,,,,,,,,,,,,,,,,,,,,,,,,,,,,,TN,TN
autoland,4405952,13,ad8d5d1385265583919f5a224e1153902b6eef60,macosx1015-64-shippable-qr,True,False,,|b|y|t|e|c|o|d|e|-|c|a|c|h|e|d| |c|o|l|d| |f|i|s|s|i|o|n| |w|e|b|r|e|n|d|e|r|,102210fe594ee9b33d82058545b1ed14f4c8206e,PerceptualSpeedIndex,twitter,True,twitter PerceptualSpeedIndex opt bytecode-cached cold fission webrender,,77,ms,firefox,,1752591906,2023-09-08 14:14:09,619.1,822367e291b07b889b553a6beaa660fd1d4bf101,1297788,,,,,,,,,,,,,,,,,,,,,,,,,,,,,,,,,,,,,,,,,,,,,,,,,,,,,,,,,,,,,TN,TN
autoland,4405952,13,ad8d5d1385265583919f5a224e1153902b6eef60,macosx1015-64-shippable-qr,True,False,,|b|y|t|e|c|o|d|e|-|c|a|c|h|e|d| |c|o|l|d| |f|i|s|s|i|o|n| |w|e|b|r|e|n|d|e|r|,102210fe594ee9b33d82058545b1ed14f4c8206e,PerceptualSpeedIndex,twitter,True,twitter PerceptualSpeedIndex opt bytecode-cached cold fission webrender,,77,ms,firefox,,1752655460,2023-09-08 14:59:47,616.3,bde2db6f12ce1100b2bbb4b10916f7be1cf90f3a,1297817,,,,,,,,,,,,,,,,,,,,,,,,,,,,,,,,,,,,,,,,,,,,,,,,,,,,,,,,,,,,,TN,TN
autoland,4405952,13,ad8d5d1385265583919f5a224e1153902b6eef60,macosx1015-64-shippable-qr,True,False,,|b|y|t|e|c|o|d|e|-|c|a|c|h|e|d| |c|o|l|d| |f|i|s|s|i|o|n| |w|e|b|r|e|n|d|e|r|,102210fe594ee9b33d82058545b1ed14f4c8206e,PerceptualSpeedIndex,twitter,True,twitter PerceptualSpeedIndex opt bytecode-cached cold fission webrender,,77,ms,firefox,,1752713332,2023-09-08 18:04:40,609.4,27b2bca6565fd4a7d724617dc2a06ad4433d5e7d,1297929,,,,,,,,,,,,,,,,,,,,,,,,,,,,,,,,,,,,,,,,,,,,,,,,,,,,,,,,,,,,,TN,TN
autoland,4405952,13,ad8d5d1385265583919f5a224e1153902b6eef60,macosx1015-64-shippable-qr,True,False,,|b|y|t|e|c|o|d|e|-|c|a|c|h|e|d| |c|o|l|d| |f|i|s|s|i|o|n| |w|e|b|r|e|n|d|e|r|,102210fe594ee9b33d82058545b1ed14f4c8206e,PerceptualSpeedIndex,twitter,True,twitter PerceptualSpeedIndex opt bytecode-cached cold fission webrender,,77,ms,firefox,,1752853463,2023-09-08 22:44:42,605.9,caabab6fd2b88b34f1344af40c555fed0a039949,1298112,,,,,,,,,,,,,,,,,,,,,,,,,,,,,,,,,,,,,,,,,,,,,,,,,,,,,,,,,,,,,TN,TN
autoland,4405952,13,ad8d5d1385265583919f5a224e1153902b6eef60,macosx1015-64-shippable-qr,True,False,,|b|y|t|e|c|o|d|e|-|c|a|c|h|e|d| |c|o|l|d| |f|i|s|s|i|o|n| |w|e|b|r|e|n|d|e|r|,102210fe594ee9b33d82058545b1ed14f4c8206e,PerceptualSpeedIndex,twitter,True,twitter PerceptualSpeedIndex opt bytecode-cached cold fission webrender,,77,ms,firefox,,1752918426,2023-09-09 01:11:00,615.9,266305ba8989b3072ea042b1a3130ddfb89960e1,1298167,,,,,,,,,,,,,,,,,,,,,,,,,,,,,,,,,,,,,,,,,,,,,,,,,,,,,,,,,,,,,TN,TN
autoland,4405952,13,ad8d5d1385265583919f5a224e1153902b6eef60,macosx1015-64-shippable-qr,True,False,,|b|y|t|e|c|o|d|e|-|c|a|c|h|e|d| |c|o|l|d| |f|i|s|s|i|o|n| |w|e|b|r|e|n|d|e|r|,102210fe594ee9b33d82058545b1ed14f4c8206e,PerceptualSpeedIndex,twitter,True,twitter PerceptualSpeedIndex opt bytecode-cached cold fission webrender,,77,ms,firefox,,1752968366,2023-09-09 05:59:08,622.1,02f7c436b43f486a8aec92c449f2df1fedf9226a,1298196,,,,,,,,,,,,,,,,,,,,,,,,,,,,,,,,,,,,,,,,,,,,,,,,,,,,,,,,,,,,,TN,TN
autoland,4405952,13,ad8d5d1385265583919f5a224e1153902b6eef60,macosx1015-64-shippable-qr,True,False,,|b|y|t|e|c|o|d|e|-|c|a|c|h|e|d| |c|o|l|d| |f|i|s|s|i|o|n| |w|e|b|r|e|n|d|e|r|,102210fe594ee9b33d82058545b1ed14f4c8206e,PerceptualSpeedIndex,twitter,True,twitter PerceptualSpeedIndex opt bytecode-cached cold fission webrender,,77,ms,firefox,,1753067829,2023-09-09 12:58:29,676.7,52b4a28cd9d7623a471a02cb994a2aebbd5d7403,1298223,,,,,,,,,,,,,,,,,,,,,,,,,,,,,,,,,,,,,,,,,,,,,,,,,,,,,,,,,,,,,TN,TN
autoland,4405952,13,ad8d5d1385265583919f5a224e1153902b6eef60,macosx1015-64-shippable-qr,True,False,,|b|y|t|e|c|o|d|e|-|c|a|c|h|e|d| |c|o|l|d| |f|i|s|s|i|o|n| |w|e|b|r|e|n|d|e|r|,102210fe594ee9b33d82058545b1ed14f4c8206e,PerceptualSpeedIndex,twitter,True,twitter PerceptualSpeedIndex opt bytecode-cached cold fission webrender,,77,ms,firefox,,1753199714,2023-09-09 23:18:35,614.5,df18c9cb1487f09a89e27eabbd0819691c70701b,1298263,,,,,,,,,,,,,,,,,,,,,,,,,,,,,,,,,,,,,,,,,,,,,,,,,,,,,,,,,,,,,TN,TN
autoland,4405952,13,ad8d5d1385265583919f5a224e1153902b6eef60,macosx1015-64-shippable-qr,True,False,,|b|y|t|e|c|o|d|e|-|c|a|c|h|e|d| |c|o|l|d| |f|i|s|s|i|o|n| |w|e|b|r|e|n|d|e|r|,102210fe594ee9b33d82058545b1ed14f4c8206e,PerceptualSpeedIndex,twitter,True,twitter PerceptualSpeedIndex opt bytecode-cached cold fission webrender,,77,ms,firefox,,1753256377,2023-09-10 03:51:10,597.2,7faa89970aed2f2e16f538aba1a7465bb6a5ea20,1298271,,,,,,,,,,,,,,,,,,,,,,,,,,,,,,,,,,,,,,,,,,,,,,,,,,,,,,,,,,,,,TN,TN
autoland,4405952,13,ad8d5d1385265583919f5a224e1153902b6eef60,macosx1015-64-shippable-qr,True,False,,|b|y|t|e|c|o|d|e|-|c|a|c|h|e|d| |c|o|l|d| |f|i|s|s|i|o|n| |w|e|b|r|e|n|d|e|r|,102210fe594ee9b33d82058545b1ed14f4c8206e,PerceptualSpeedIndex,twitter,True,twitter PerceptualSpeedIndex opt bytecode-cached cold fission webrender,,77,ms,firefox,,1753416153,2023-09-10 10:15:01,616.9,2e1c2dd8ef65a6914ebc4e0bc0a0a274c31e29bc,1298293,,,,,,,,,,,,,,,,,,,,,,,,,,,,,,,,,,,,,,,,,,,,,,,,,,,,,,,,,,,,,TN,TN
autoland,4405952,13,ad8d5d1385265583919f5a224e1153902b6eef60,macosx1015-64-shippable-qr,True,False,,|b|y|t|e|c|o|d|e|-|c|a|c|h|e|d| |c|o|l|d| |f|i|s|s|i|o|n| |w|e|b|r|e|n|d|e|r|,102210fe594ee9b33d82058545b1ed14f4c8206e,PerceptualSpeedIndex,twitter,True,twitter PerceptualSpeedIndex opt bytecode-cached cold fission webrender,,77,ms,firefox,,1753503259,2023-09-10 12:24:34,635.7,640ad6a53cf88f878095f49f98b720a99c2762bd,1298303,,,,,,,,,,,,,,,,,,,,,,,,,,,,,,,,,,,,,,,,,,,,,,,,,,,,,,,,,,,,,TN,TN
autoland,4405952,13,ad8d5d1385265583919f5a224e1153902b6eef60,macosx1015-64-shippable-qr,True,False,,|b|y|t|e|c|o|d|e|-|c|a|c|h|e|d| |c|o|l|d| |f|i|s|s|i|o|n| |w|e|b|r|e|n|d|e|r|,102210fe594ee9b33d82058545b1ed14f4c8206e,PerceptualSpeedIndex,twitter,True,twitter PerceptualSpeedIndex opt bytecode-cached cold fission webrender,,77,ms,firefox,,1753607602,2023-09-10 16:24:53,605.2,e91d172728590586e38bc431f3dc779479e365d5,1298313,,,,,,,,,,,,,,,,,,,,,,,,,,,,,,,,,,,,,,,,,,,,,,,,,,,,,,,,,,,,,TN,TN
autoland,4405952,13,ad8d5d1385265583919f5a224e1153902b6eef60,macosx1015-64-shippable-qr,True,False,,|b|y|t|e|c|o|d|e|-|c|a|c|h|e|d| |c|o|l|d| |f|i|s|s|i|o|n| |w|e|b|r|e|n|d|e|r|,102210fe594ee9b33d82058545b1ed14f4c8206e,PerceptualSpeedIndex,twitter,True,twitter PerceptualSpeedIndex opt bytecode-cached cold fission webrender,,77,ms,firefox,,1753732232,2023-09-10 22:24:39,623.7,fff502a8f26bdfc51eada3cf32107848bff64a76,1298356,,,,,,,,,,,,,,,,,,,,,,,,,,,,,,,,,,,,,,,,,,,,,,,,,,,,,,,,,,,,,TN,TN
autoland,4405952,13,ad8d5d1385265583919f5a224e1153902b6eef60,macosx1015-64-shippable-qr,True,False,,|b|y|t|e|c|o|d|e|-|c|a|c|h|e|d| |c|o|l|d| |f|i|s|s|i|o|n| |w|e|b|r|e|n|d|e|r|,102210fe594ee9b33d82058545b1ed14f4c8206e,PerceptualSpeedIndex,twitter,True,twitter PerceptualSpeedIndex opt bytecode-cached cold fission webrender,,77,ms,firefox,,1753841324,2023-09-11 04:00:08,631.6,5f5a3f190fdfa0947a671467171ab2b3cee62c38,1298396,,,,,,,,,,,,,,,,,,,,,,,,,,,,,,,,,,,,,,,,,,,,,,,,,,,,,,,,,,,,,TN,TN
autoland,4405952,13,ad8d5d1385265583919f5a224e1153902b6eef60,macosx1015-64-shippable-qr,True,False,,|b|y|t|e|c|o|d|e|-|c|a|c|h|e|d| |c|o|l|d| |f|i|s|s|i|o|n| |w|e|b|r|e|n|d|e|r|,102210fe594ee9b33d82058545b1ed14f4c8206e,PerceptualSpeedIndex,twitter,True,twitter PerceptualSpeedIndex opt bytecode-cached cold fission webrender,,77,ms,firefox,,1753895063,2023-09-11 08:01:16,628.7,35ae39561912dad340dac47c7c1dc3af6ead952b,1298437,,,,,,,,,,,,,,,,,,,,,,,,,,,,,,,,,,,,,,,,,,,,,,,,,,,,,,,,,,,,,TN,TN
autoland,4405952,13,ad8d5d1385265583919f5a224e1153902b6eef60,macosx1015-64-shippable-qr,True,False,,|b|y|t|e|c|o|d|e|-|c|a|c|h|e|d| |c|o|l|d| |f|i|s|s|i|o|n| |w|e|b|r|e|n|d|e|r|,102210fe594ee9b33d82058545b1ed14f4c8206e,PerceptualSpeedIndex,twitter,True,twitter PerceptualSpeedIndex opt bytecode-cached cold fission webrender,,77,ms,firefox,,1753959434,2023-09-11 10:09:23,630.5,16a377bb7b5f9713ac6a5fae21ce043c7de7cd67,1298486,,,,,,,,,,,,,,,,,,,,,,,,,,,,,,,,,,,,,,,,,,,,,,,,,,,,,,,,,,,,,TN,TN
autoland,4405952,13,ad8d5d1385265583919f5a224e1153902b6eef60,macosx1015-64-shippable-qr,True,False,,|b|y|t|e|c|o|d|e|-|c|a|c|h|e|d| |c|o|l|d| |f|i|s|s|i|o|n| |w|e|b|r|e|n|d|e|r|,102210fe594ee9b33d82058545b1ed14f4c8206e,PerceptualSpeedIndex,twitter,True,twitter PerceptualSpeedIndex opt bytecode-cached cold fission webrender,,77,ms,firefox,,1754110774,2023-09-11 13:54:23,619.1,2ea4fd5d517a2b5edf081c9e2ccd8c014f6dc171,1298638,,,,,,,,,,,,,,,,,,,,,,,,,,,,,,,,,,,,,,,,,,,,,,,,,,,,,,,,,,,,,TN,TN
autoland,4405952,13,ad8d5d1385265583919f5a224e1153902b6eef60,macosx1015-64-shippable-qr,True,False,,|b|y|t|e|c|o|d|e|-|c|a|c|h|e|d| |c|o|l|d| |f|i|s|s|i|o|n| |w|e|b|r|e|n|d|e|r|,102210fe594ee9b33d82058545b1ed14f4c8206e,PerceptualSpeedIndex,twitter,True,twitter PerceptualSpeedIndex opt bytecode-cached cold fission webrender,,77,ms,firefox,,1754307869,2023-09-11 17:41:44,654.4,f28ec98bf27ffbc0952af3f4ff0ffec4218a6554,1298761,,,,,,,,,,,,,,,,,,,,,,,,,,,,,,,,,,,,,,,,,,,,,,,,,,,,,,,,,,,,,TN,TN
autoland,4405952,13,ad8d5d1385265583919f5a224e1153902b6eef60,macosx1015-64-shippable-qr,True,False,,|b|y|t|e|c|o|d|e|-|c|a|c|h|e|d| |c|o|l|d| |f|i|s|s|i|o|n| |w|e|b|r|e|n|d|e|r|,102210fe594ee9b33d82058545b1ed14f4c8206e,PerceptualSpeedIndex,twitter,True,twitter PerceptualSpeedIndex opt bytecode-cached cold fission webrender,,77,ms,firefox,,1754371785,2023-09-11 21:44:17,656.3,4a10a12f6006582e936c81baefda439d8f078729,1298874,,,,,,,,,,,,,,,,,,,,,,,,,,,,,,,,,,,,,,,,,,,,,,,,,,,,,,,,,,,,,TN,TN
autoland,4405952,13,ad8d5d1385265583919f5a224e1153902b6eef60,macosx1015-64-shippable-qr,True,False,,|b|y|t|e|c|o|d|e|-|c|a|c|h|e|d| |c|o|l|d| |f|i|s|s|i|o|n| |w|e|b|r|e|n|d|e|r|,102210fe594ee9b33d82058545b1ed14f4c8206e,PerceptualSpeedIndex,twitter,True,twitter PerceptualSpeedIndex opt bytecode-cached cold fission webrender,,77,ms,firefox,,1754384114,2023-09-11 22:07:56,623.2,12882fe96164b756c60fff4549300977b85af06f,1298881,,,,,,,,,,,,,,,,,,,,,,,,,,,,,,,,,,,,,,,,,,,,,,,,,,,,,,,,,,,,,TN,TN
autoland,4405952,13,ad8d5d1385265583919f5a224e1153902b6eef60,macosx1015-64-shippable-qr,True,False,,|b|y|t|e|c|o|d|e|-|c|a|c|h|e|d| |c|o|l|d| |f|i|s|s|i|o|n| |w|e|b|r|e|n|d|e|r|,102210fe594ee9b33d82058545b1ed14f4c8206e,PerceptualSpeedIndex,twitter,True,twitter PerceptualSpeedIndex opt bytecode-cached cold fission webrender,,77,ms,firefox,,1754543436,2023-09-12 02:35:45,726.4,cdcc536589320caec69ec36416058cd46b8d4178,1298976,,,,,,,,,,,,,,,,,,,,,,,,,,,,,,,,,,,,,,,,,,,,,,,,,,,,,,,,,,,,,TN,TN
autoland,4405952,13,ad8d5d1385265583919f5a224e1153902b6eef60,macosx1015-64-shippable-qr,True,False,,|b|y|t|e|c|o|d|e|-|c|a|c|h|e|d| |c|o|l|d| |f|i|s|s|i|o|n| |w|e|b|r|e|n|d|e|r|,102210fe594ee9b33d82058545b1ed14f4c8206e,PerceptualSpeedIndex,twitter,True,twitter PerceptualSpeedIndex opt bytecode-cached cold fission webrender,,77,ms,firefox,,1754640498,2023-09-12 07:31:58,624.0,2e2360c55e7b421532f4d12b7a36a0e0f943a1e9,1299027,,,,,,,,,,,,,,,,,,,,,,,,,,,,,,,,,,,,,,,,,,,,,,,,,,,,,,,,,,,,,TN,TN
autoland,4405952,13,ad8d5d1385265583919f5a224e1153902b6eef60,macosx1015-64-shippable-qr,True,False,,|b|y|t|e|c|o|d|e|-|c|a|c|h|e|d| |c|o|l|d| |f|i|s|s|i|o|n| |w|e|b|r|e|n|d|e|r|,102210fe594ee9b33d82058545b1ed14f4c8206e,PerceptualSpeedIndex,twitter,True,twitter PerceptualSpeedIndex opt bytecode-cached cold fission webrender,,77,ms,firefox,,1754758562,2023-09-12 11:48:24,635.9,4cca882e069d67c3a9a9064ac603b0dca23a5b39,1299122,,,,,,,,,,,,,,,,,,,,,,,,,,,,,,,,,,,,,,,,,,,,,,,,,,,,,,,,,,,,,TN,TN
autoland,4405952,13,ad8d5d1385265583919f5a224e1153902b6eef60,macosx1015-64-shippable-qr,True,False,,|b|y|t|e|c|o|d|e|-|c|a|c|h|e|d| |c|o|l|d| |f|i|s|s|i|o|n| |w|e|b|r|e|n|d|e|r|,102210fe594ee9b33d82058545b1ed14f4c8206e,PerceptualSpeedIndex,twitter,True,twitter PerceptualSpeedIndex opt bytecode-cached cold fission webrender,,77,ms,firefox,,1755255329,2023-09-12 11:51:18,598.1,291b2b068eff119f82ed59b6c11d63f427f457fa,1299123,,,,,,,,,,,,,,,,,,,,,,,,,,,,,,,,,,,,,,,,,,,,,,,,,,,,,,,,,,,,,TN,TN
autoland,4405952,13,ad8d5d1385265583919f5a224e1153902b6eef60,macosx1015-64-shippable-qr,True,False,,|b|y|t|e|c|o|d|e|-|c|a|c|h|e|d| |c|o|l|d| |f|i|s|s|i|o|n| |w|e|b|r|e|n|d|e|r|,102210fe594ee9b33d82058545b1ed14f4c8206e,PerceptualSpeedIndex,twitter,True,twitter PerceptualSpeedIndex opt bytecode-cached cold fission webrender,,77,ms,firefox,,1754828228,2023-09-12 12:34:27,727.8,f302f4a5371614cb2d42fbbe4ddfdd068aae146d,1299141,,,,,,,,,,,,,,,,,,,,,,,,,,,,,,,,,,,,,,,,,,,,,,,,,,,,,,,,,,,,,TN,TN
autoland,4405952,13,ad8d5d1385265583919f5a224e1153902b6eef60,macosx1015-64-shippable-qr,True,False,,|b|y|t|e|c|o|d|e|-|c|a|c|h|e|d| |c|o|l|d| |f|i|s|s|i|o|n| |w|e|b|r|e|n|d|e|r|,102210fe594ee9b33d82058545b1ed14f4c8206e,PerceptualSpeedIndex,twitter,True,twitter PerceptualSpeedIndex opt bytecode-cached cold fission webrender,,77,ms,firefox,,1754992908,2023-09-12 16:35:29,632.2,1b3be6b61583c53c2cb899ffc91c921c022e8162,1299257,,,,,,,,,,,,,,,,,,,,,,,,,,,,,,,,,,,,,,,,,,,,,,,,,,,,,,,,,,,,,TN,TN
autoland,4405952,13,ad8d5d1385265583919f5a224e1153902b6eef60,macosx1015-64-shippable-qr,True,False,,|b|y|t|e|c|o|d|e|-|c|a|c|h|e|d| |c|o|l|d| |f|i|s|s|i|o|n| |w|e|b|r|e|n|d|e|r|,102210fe594ee9b33d82058545b1ed14f4c8206e,PerceptualSpeedIndex,twitter,True,twitter PerceptualSpeedIndex opt bytecode-cached cold fission webrender,,77,ms,firefox,,1755055993,2023-09-12 17:51:01,592.9,c77f534dc9b99192eca371e3917ffc5b504bd055,1299297,,,,,,,,,,,,,,,,,,,,,,,,,,,,,,,,,,,,,,,,,,,,,,,,,,,,,,,,,,,,,TN,TN
autoland,4405952,13,ad8d5d1385265583919f5a224e1153902b6eef60,macosx1015-64-shippable-qr,True,False,,|b|y|t|e|c|o|d|e|-|c|a|c|h|e|d| |c|o|l|d| |f|i|s|s|i|o|n| |w|e|b|r|e|n|d|e|r|,102210fe594ee9b33d82058545b1ed14f4c8206e,PerceptualSpeedIndex,twitter,True,twitter PerceptualSpeedIndex opt bytecode-cached cold fission webrender,,77,ms,firefox,,1755159194,2023-09-12 22:44:58,607.2,0339e9d43c22845d7589528bc8a08eee6b2d5c7a,1299446,,,,,,,,,,,,,,,,,,,,,,,,,,,,,,,,,,,,,,,,,,,,,,,,,,,,,,,,,,,,,TN,TN
autoland,4405952,13,ad8d5d1385265583919f5a224e1153902b6eef60,macosx1015-64-shippable-qr,True,False,,|b|y|t|e|c|o|d|e|-|c|a|c|h|e|d| |c|o|l|d| |f|i|s|s|i|o|n| |w|e|b|r|e|n|d|e|r|,102210fe594ee9b33d82058545b1ed14f4c8206e,PerceptualSpeedIndex,twitter,True,twitter PerceptualSpeedIndex opt bytecode-cached cold fission webrender,,77,ms,firefox,,1755161743,2023-09-12 23:09:22,616.9,d238756ba039d0430074dea8fa1db0c2b75b8184,1299456,,,,,,,,,,,,,,,,,,,,,,,,,,,,,,,,,,,,,,,,,,,,,,,,,,,,,,,,,,,,,TN,TN
autoland,4405952,13,ad8d5d1385265583919f5a224e1153902b6eef60,macosx1015-64-shippable-qr,True,False,,|b|y|t|e|c|o|d|e|-|c|a|c|h|e|d| |c|o|l|d| |f|i|s|s|i|o|n| |w|e|b|r|e|n|d|e|r|,102210fe594ee9b33d82058545b1ed14f4c8206e,PerceptualSpeedIndex,twitter,True,twitter PerceptualSpeedIndex opt bytecode-cached cold fission webrender,,77,ms,firefox,,1755241448,2023-09-13 03:21:32,601.0,daceab96e9588ecb729cc3648c7980f1d9928ef1,1299496,,,,,,,,,,,,,,,,,,,,,,,,,,,,,,,,,,,,,,,,,,,,,,,,,,,,,,,,,,,,,TN,TN
autoland,4405952,13,ad8d5d1385265583919f5a224e1153902b6eef60,macosx1015-64-shippable-qr,True,False,,|b|y|t|e|c|o|d|e|-|c|a|c|h|e|d| |c|o|l|d| |f|i|s|s|i|o|n| |w|e|b|r|e|n|d|e|r|,102210fe594ee9b33d82058545b1ed14f4c8206e,PerceptualSpeedIndex,twitter,True,twitter PerceptualSpeedIndex opt bytecode-cached cold fission webrender,,77,ms,firefox,,1755302235,2023-09-13 08:07:28,612.0,00a66a4ea7d34e12302bd63f68a950cbff5a9ffa,1299529,,,,,,,,,,,,,,,,,,,,,,,,,,,,,,,,,,,,,,,,,,,,,,,,,,,,,,,,,,,,,TN,TN
autoland,4405952,13,ad8d5d1385265583919f5a224e1153902b6eef60,macosx1015-64-shippable-qr,True,False,,|b|y|t|e|c|o|d|e|-|c|a|c|h|e|d| |c|o|l|d| |f|i|s|s|i|o|n| |w|e|b|r|e|n|d|e|r|,102210fe594ee9b33d82058545b1ed14f4c8206e,PerceptualSpeedIndex,twitter,True,twitter PerceptualSpeedIndex opt bytecode-cached cold fission webrender,,77,ms,firefox,,1756095966,2023-09-13 08:35:12,639.3,d495f0f008a3f8e3744708840003854f68717a05,1299543,,,,,,,,,,,,,,,,,,,,,,,,,,,,,,,,,,,,,,,,,,,,,,,,,,,,,,,,,,,,,TN,TN
autoland,4405952,13,ad8d5d1385265583919f5a224e1153902b6eef60,macosx1015-64-shippable-qr,True,False,,|b|y|t|e|c|o|d|e|-|c|a|c|h|e|d| |c|o|l|d| |f|i|s|s|i|o|n| |w|e|b|r|e|n|d|e|r|,102210fe594ee9b33d82058545b1ed14f4c8206e,PerceptualSpeedIndex,twitter,True,twitter PerceptualSpeedIndex opt bytecode-cached cold fission webrender,,77,ms,firefox,,1756122472,2023-09-13 09:27:08,643.3,553a9965853cc36518deed2d2f9e4141c0e52ead,1299568,,,,,,,,,,,,,,,,,,,,,,,,,,,,,,,,,,,,,,,,,,,,,,,,,,,,,,,,,,,,,TN,TN
autoland,4405952,13,ad8d5d1385265583919f5a224e1153902b6eef60,macosx1015-64-shippable-qr,True,False,,|b|y|t|e|c|o|d|e|-|c|a|c|h|e|d| |c|o|l|d| |f|i|s|s|i|o|n| |w|e|b|r|e|n|d|e|r|,102210fe594ee9b33d82058545b1ed14f4c8206e,PerceptualSpeedIndex,twitter,True,twitter PerceptualSpeedIndex opt bytecode-cached cold fission webrender,,77,ms,firefox,,1755532310,2023-09-13 11:26:03,591.3,1a4b8c41b3c3efb7f5870fb99730fc6b08a44cc1,1299625,,,,,,,,,,,,,,,,,,,,,,,,,,,,,,,,,,,,,,,,,,,,,,,,,,,,,,,,,,,,,TN,TN
autoland,4405952,13,ad8d5d1385265583919f5a224e1153902b6eef60,macosx1015-64-shippable-qr,True,False,,|b|y|t|e|c|o|d|e|-|c|a|c|h|e|d| |c|o|l|d| |f|i|s|s|i|o|n| |w|e|b|r|e|n|d|e|r|,102210fe594ee9b33d82058545b1ed14f4c8206e,PerceptualSpeedIndex,twitter,True,twitter PerceptualSpeedIndex opt bytecode-cached cold fission webrender,,77,ms,firefox,,1756156958,2023-09-13 14:30:16,645.1,dc8f31b9bc187dab586c4f70cd2bfc3b0d5d6ae4,1299754,,,,,,,,,,,,,,,,,,,,,,,,,,,,,,,,,,,,,,,,,,,,,,,,,,,,,,,,,,,,,TN,TN
autoland,4405952,13,ad8d5d1385265583919f5a224e1153902b6eef60,macosx1015-64-shippable-qr,True,False,,|b|y|t|e|c|o|d|e|-|c|a|c|h|e|d| |c|o|l|d| |f|i|s|s|i|o|n| |w|e|b|r|e|n|d|e|r|,102210fe594ee9b33d82058545b1ed14f4c8206e,PerceptualSpeedIndex,twitter,True,twitter PerceptualSpeedIndex opt bytecode-cached cold fission webrender,,77,ms,firefox,,1756118166,2023-09-13 14:34:20,660.3,7ac06c7aba78c22b33f18766dcab08b889a7864c,1299757,,,,,,,,,,,,,,,,,,,,,,,,,,,,,,,,,,,,,,,,,,,,,,,,,,,,,,,,,,,,,TN,TN
autoland,4405952,13,ad8d5d1385265583919f5a224e1153902b6eef60,macosx1015-64-shippable-qr,True,False,,|b|y|t|e|c|o|d|e|-|c|a|c|h|e|d| |c|o|l|d| |f|i|s|s|i|o|n| |w|e|b|r|e|n|d|e|r|,102210fe594ee9b33d82058545b1ed14f4c8206e,PerceptualSpeedIndex,twitter,True,twitter PerceptualSpeedIndex opt bytecode-cached cold fission webrender,,77,ms,firefox,,1755730354,2023-09-13 15:38:40,626.8,49a7e292daad5c6727d745e6910b8bde5c3f59a6,1299802,,,,,,,,,,,,,,,,,,,,,,,,,,,,,,,,,,,,,,,,,,,,,,,,,,,,,,,,,,,,,TN,TN
autoland,4405952,13,ad8d5d1385265583919f5a224e1153902b6eef60,macosx1015-64-shippable-qr,True,False,,|b|y|t|e|c|o|d|e|-|c|a|c|h|e|d| |c|o|l|d| |f|i|s|s|i|o|n| |w|e|b|r|e|n|d|e|r|,102210fe594ee9b33d82058545b1ed14f4c8206e,PerceptualSpeedIndex,twitter,True,twitter PerceptualSpeedIndex opt bytecode-cached cold fission webrender,,77,ms,firefox,,1755767151,2023-09-13 16:07:42,644.2,ce9c917d3e22a86f9e2a6fb5d5b68cd6d56fb687,1299823,,,,,,,,,,,,,,,,,,,,,,,,,,,,,,,,,,,,,,,,,,,,,,,,,,,,,,,,,,,,,TN,TN
autoland,4405952,13,ad8d5d1385265583919f5a224e1153902b6eef60,macosx1015-64-shippable-qr,True,False,,|b|y|t|e|c|o|d|e|-|c|a|c|h|e|d| |c|o|l|d| |f|i|s|s|i|o|n| |w|e|b|r|e|n|d|e|r|,102210fe594ee9b33d82058545b1ed14f4c8206e,PerceptualSpeedIndex,twitter,True,twitter PerceptualSpeedIndex opt bytecode-cached cold fission webrender,,77,ms,firefox,,1755907639,2023-09-13 20:42:18,665.6,ab101a976da356370e4d513e38e73a1fa55b1597,1300022,,,,,,,,,,,,,,,,,,,,,,,,,,,,,,,,,,,,,,,,,,,,,,,,,,,,,,,,,,,,,TN,TN
autoland,4405952,13,ad8d5d1385265583919f5a224e1153902b6eef60,macosx1015-64-shippable-qr,True,False,,|b|y|t|e|c|o|d|e|-|c|a|c|h|e|d| |c|o|l|d| |f|i|s|s|i|o|n| |w|e|b|r|e|n|d|e|r|,102210fe594ee9b33d82058545b1ed14f4c8206e,PerceptualSpeedIndex,twitter,True,twitter PerceptualSpeedIndex opt bytecode-cached cold fission webrender,,77,ms,firefox,,1756159207,2023-09-13 22:03:21,642.1,fc58fac540690555892621f6baed2284f400b915,1300077,,,,,,,,,,,,,,,,,,,,,,,,,,,,,,,,,,,,,,,,,,,,,,,,,,,,,,,,,,,,,TN,TN
autoland,4405952,13,ad8d5d1385265583919f5a224e1153902b6eef60,macosx1015-64-shippable-qr,True,False,,|b|y|t|e|c|o|d|e|-|c|a|c|h|e|d| |c|o|l|d| |f|i|s|s|i|o|n| |w|e|b|r|e|n|d|e|r|,102210fe594ee9b33d82058545b1ed14f4c8206e,PerceptualSpeedIndex,twitter,True,twitter PerceptualSpeedIndex opt bytecode-cached cold fission webrender,,77,ms,firefox,,1756152225,2023-09-13 22:40:28,622.7,17e683a390bfaef02374d3553fd9e056c9c15927,1300094,,,,,,,,,,,,,,,,,,,,,,,,,,,,,,,,,,,,,,,,,,,,,,,,,,,,,,,,,,,,,TN,TN
autoland,4405952,13,ad8d5d1385265583919f5a224e1153902b6eef60,macosx1015-64-shippable-qr,True,False,,|b|y|t|e|c|o|d|e|-|c|a|c|h|e|d| |c|o|l|d| |f|i|s|s|i|o|n| |w|e|b|r|e|n|d|e|r|,102210fe594ee9b33d82058545b1ed14f4c8206e,PerceptualSpeedIndex,twitter,True,twitter PerceptualSpeedIndex opt bytecode-cached cold fission webrender,,77,ms,firefox,,1755924592,2023-09-13 23:14:42,670.4,8f5a11c1eb0b7598d1415f6efa9c360191a423f8,1300119,,,,,,,,,,,,,,,,,,,,,,,,,,,,,,,,,,,,,,,,,,,,,,,,,,,,,,,,,,,,,TN,TN
autoland,4405952,13,ad8d5d1385265583919f5a224e1153902b6eef60,macosx1015-64-shippable-qr,True,False,,|b|y|t|e|c|o|d|e|-|c|a|c|h|e|d| |c|o|l|d| |f|i|s|s|i|o|n| |w|e|b|r|e|n|d|e|r|,102210fe594ee9b33d82058545b1ed14f4c8206e,PerceptualSpeedIndex,twitter,True,twitter PerceptualSpeedIndex opt bytecode-cached cold fission webrender,,77,ms,firefox,,1756122505,2023-09-14 04:10:41,636.5,c57de172952ed6dfa84943bd2175574e4c87e92b,1300187,,,,,,,,,,,,,,,,,,,,,,,,,,,,,,,,,,,,,,,,,,,,,,,,,,,,,,,,,,,,,TN,TN
autoland,4405952,13,ad8d5d1385265583919f5a224e1153902b6eef60,macosx1015-64-shippable-qr,True,False,,|b|y|t|e|c|o|d|e|-|c|a|c|h|e|d| |c|o|l|d| |f|i|s|s|i|o|n| |w|e|b|r|e|n|d|e|r|,102210fe594ee9b33d82058545b1ed14f4c8206e,PerceptualSpeedIndex,twitter,True,twitter PerceptualSpeedIndex opt bytecode-cached cold fission webrender,,77,ms,firefox,,1756373195,2023-09-14 09:30:23,680.0,69c7e9b937f817f1bee50511a690a35aa3b49793,1300302,,,,,,,,,,,,,,,,,,,,,,,,,,,,,,,,,,,,,,,,,,,,,,,,,,,,,,,,,,,,,TN,TN
autoland,4405952,13,ad8d5d1385265583919f5a224e1153902b6eef60,macosx1015-64-shippable-qr,True,False,,|b|y|t|e|c|o|d|e|-|c|a|c|h|e|d| |c|o|l|d| |f|i|s|s|i|o|n| |w|e|b|r|e|n|d|e|r|,102210fe594ee9b33d82058545b1ed14f4c8206e,PerceptualSpeedIndex,twitter,True,twitter PerceptualSpeedIndex opt bytecode-cached cold fission webrender,,77,ms,firefox,,1756385094,2023-09-14 11:38:04,648.2,76116e6c2476f694d9cd5db9c69d9065e3b2cbbd,1300382,,,,,,,,,,,,,,,,,,,,,,,,,,,,,,,,,,,,,,,,,,,,,,,,,,,,,,,,,,,,,TN,TN
autoland,4405952,13,ad8d5d1385265583919f5a224e1153902b6eef60,macosx1015-64-shippable-qr,True,False,,|b|y|t|e|c|o|d|e|-|c|a|c|h|e|d| |c|o|l|d| |f|i|s|s|i|o|n| |w|e|b|r|e|n|d|e|r|,102210fe594ee9b33d82058545b1ed14f4c8206e,PerceptualSpeedIndex,twitter,True,twitter PerceptualSpeedIndex opt bytecode-cached cold fission webrender,,77,ms,firefox,,1756567896,2023-09-14 15:44:34,636.2,3b93c8502571e31ff0926a4911fae422c3c2118c,1300523,,,,,,,,,,,,,,,,,,,,,,,,,,,,,,,,,,,,,,,,,,,,,,,,,,,,,,,,,,,,,TN,TN
autoland,4405952,13,ad8d5d1385265583919f5a224e1153902b6eef60,macosx1015-64-shippable-qr,True,False,,|b|y|t|e|c|o|d|e|-|c|a|c|h|e|d| |c|o|l|d| |f|i|s|s|i|o|n| |w|e|b|r|e|n|d|e|r|,102210fe594ee9b33d82058545b1ed14f4c8206e,PerceptualSpeedIndex,twitter,True,twitter PerceptualSpeedIndex opt bytecode-cached cold fission webrender,,77,ms,firefox,,1756599873,2023-09-14 16:38:11,648.7,98de7bc404c3786a5459a205dea174bdf39d3dbf,1300546,,,,,,,,,,,,,,,,,,,,,,,,,,,,,,,,,,,,,,,,,,,,,,,,,,,,,,,,,,,,,TN,TN
autoland,4405952,13,ad8d5d1385265583919f5a224e1153902b6eef60,macosx1015-64-shippable-qr,True,False,,|b|y|t|e|c|o|d|e|-|c|a|c|h|e|d| |c|o|l|d| |f|i|s|s|i|o|n| |w|e|b|r|e|n|d|e|r|,102210fe594ee9b33d82058545b1ed14f4c8206e,PerceptualSpeedIndex,twitter,True,twitter PerceptualSpeedIndex opt bytecode-cached cold fission webrender,,77,ms,firefox,,1757544986,2023-09-15 00:25:19,718.3,7bf127e6049ad217b3567e11ce2c53369aa3e9fb,1300840,,,,,,,,,,,,,,,,,,,,,,,,,,,,,,,,,,,,,,,,,,,,,,,,,,,,,,,,,,,,,TN,TN
autoland,4405952,13,ad8d5d1385265583919f5a224e1153902b6eef60,macosx1015-64-shippable-qr,True,False,,|b|y|t|e|c|o|d|e|-|c|a|c|h|e|d| |c|o|l|d| |f|i|s|s|i|o|n| |w|e|b|r|e|n|d|e|r|,102210fe594ee9b33d82058545b1ed14f4c8206e,PerceptualSpeedIndex,twitter,True,twitter PerceptualSpeedIndex opt bytecode-cached cold fission webrender,,77,ms,firefox,,1756805359,2023-09-15 00:53:43,615.9,cfbd0bd9bc623276a862481e44bd71e1d57e2eac,1300850,,,,,,,,,,,,,,,,,,,,,,,,,,,,,,,,,,,,,,,,,,,,,,,,,,,,,,,,,,,,,TN,TN
autoland,4405952,13,ad8d5d1385265583919f5a224e1153902b6eef60,macosx1015-64-shippable-qr,True,False,,|b|y|t|e|c|o|d|e|-|c|a|c|h|e|d| |c|o|l|d| |f|i|s|s|i|o|n| |w|e|b|r|e|n|d|e|r|,102210fe594ee9b33d82058545b1ed14f4c8206e,PerceptualSpeedIndex,twitter,True,twitter PerceptualSpeedIndex opt bytecode-cached cold fission webrender,,77,ms,firefox,,1756934811,2023-09-15 06:04:49,618.3,8f99acff4cbc8f25f158dc6ff079042f02768f05,1300927,,,,,,,,,,,,,,,,,,,,,,,,,,,,,,,,,,,,,,,,,,,,,,,,,,,,,,,,,,,,,TN,TN
autoland,4405952,13,ad8d5d1385265583919f5a224e1153902b6eef60,macosx1015-64-shippable-qr,True,False,,|b|y|t|e|c|o|d|e|-|c|a|c|h|e|d| |c|o|l|d| |f|i|s|s|i|o|n| |w|e|b|r|e|n|d|e|r|,102210fe594ee9b33d82058545b1ed14f4c8206e,PerceptualSpeedIndex,twitter,True,twitter PerceptualSpeedIndex opt bytecode-cached cold fission webrender,,77,ms,firefox,,1756963717,2023-09-15 06:59:31,619.7,0a032c6f1d5da0740059f67c499e0e9f7ab88650,1300939,,,,,,,,,,,,,,,,,,,,,,,,,,,,,,,,,,,,,,,,,,,,,,,,,,,,,,,,,,,,,TN,TN
autoland,4405952,13,ad8d5d1385265583919f5a224e1153902b6eef60,macosx1015-64-shippable-qr,True,False,,|b|y|t|e|c|o|d|e|-|c|a|c|h|e|d| |c|o|l|d| |f|i|s|s|i|o|n| |w|e|b|r|e|n|d|e|r|,102210fe594ee9b33d82058545b1ed14f4c8206e,PerceptualSpeedIndex,twitter,True,twitter PerceptualSpeedIndex opt bytecode-cached cold fission webrender,,77,ms,firefox,,1757209277,2023-09-15 14:51:55,613.0,079079610ac2a41dba72a91cbe2867519e2bc5bd,1301175,,,,,,,,,,,,,,,,,,,,,,,,,,,,,,,,,,,,,,,,,,,,,,,,,,,,,,,,,,,,,TN,TN
autoland,4405952,13,ad8d5d1385265583919f5a224e1153902b6eef60,macosx1015-64-shippable-qr,True,False,,|b|y|t|e|c|o|d|e|-|c|a|c|h|e|d| |c|o|l|d| |f|i|s|s|i|o|n| |w|e|b|r|e|n|d|e|r|,102210fe594ee9b33d82058545b1ed14f4c8206e,PerceptualSpeedIndex,twitter,True,twitter PerceptualSpeedIndex opt bytecode-cached cold fission webrender,,77,ms,firefox,,1757303976,2023-09-15 17:51:06,611.1,fec6b3b46bc6439ac98e03aa73938deaf6323f5c,1301318,,,,,,,,,,,,,,,,,,,,,,,,,,,,,,,,,,,,,,,,,,,,,,,,,,,,,,,,,,,,,TN,TN
autoland,4405952,13,ad8d5d1385265583919f5a224e1153902b6eef60,macosx1015-64-shippable-qr,True,False,,|b|y|t|e|c|o|d|e|-|c|a|c|h|e|d| |c|o|l|d| |f|i|s|s|i|o|n| |w|e|b|r|e|n|d|e|r|,102210fe594ee9b33d82058545b1ed14f4c8206e,PerceptualSpeedIndex,twitter,True,twitter PerceptualSpeedIndex opt bytecode-cached cold fission webrender,,77,ms,firefox,,1757354011,2023-09-15 20:04:54,615.5,99357ab2bb639918d2ea0e8f391494df18c24cb9,1301421,,,,,,,,,,,,,,,,,,,,,,,,,,,,,,,,,,,,,,,,,,,,,,,,,,,,,,,,,,,,,TN,TN
autoland,4405952,13,ad8d5d1385265583919f5a224e1153902b6eef60,macosx1015-64-shippable-qr,True,False,,|b|y|t|e|c|o|d|e|-|c|a|c|h|e|d| |c|o|l|d| |f|i|s|s|i|o|n| |w|e|b|r|e|n|d|e|r|,102210fe594ee9b33d82058545b1ed14f4c8206e,PerceptualSpeedIndex,twitter,True,twitter PerceptualSpeedIndex opt bytecode-cached cold fission webrender,,77,ms,firefox,,1757492854,2023-09-16 00:25:52,618.1,aa4e3903740dfa0ed175c6ff18e57b8fbe82afd7,1301531,,,,,,,,,,,,,,,,,,,,,,,,,,,,,,,,,,,,,,,,,,,,,,,,,,,,,,,,,,,,,TN,TN
autoland,4405952,13,ad8d5d1385265583919f5a224e1153902b6eef60,macosx1015-64-shippable-qr,True,False,,|b|y|t|e|c|o|d|e|-|c|a|c|h|e|d| |c|o|l|d| |f|i|s|s|i|o|n| |w|e|b|r|e|n|d|e|r|,102210fe594ee9b33d82058545b1ed14f4c8206e,PerceptualSpeedIndex,twitter,True,twitter PerceptualSpeedIndex opt bytecode-cached cold fission webrender,,77,ms,firefox,,1757473860,2023-09-16 00:35:43,626.0,69d0f600b52641dd114b02da128a162f86f09395,1301538,,,,,,,,,,,,,,,,,,,,,,,,,,,,,,,,,,,,,,,,,,,,,,,,,,,,,,,,,,,,,TN,TN
autoland,4405952,13,ad8d5d1385265583919f5a224e1153902b6eef60,macosx1015-64-shippable-qr,True,False,,|b|y|t|e|c|o|d|e|-|c|a|c|h|e|d| |c|o|l|d| |f|i|s|s|i|o|n| |w|e|b|r|e|n|d|e|r|,102210fe594ee9b33d82058545b1ed14f4c8206e,PerceptualSpeedIndex,twitter,True,twitter PerceptualSpeedIndex opt bytecode-cached cold fission webrender,,77,ms,firefox,,1757562971,2023-09-16 05:54:34,608.1,7fcd45f7f407a0c756c8b8292b1df8d8162cdce6,1301559,,,,,,,,,,,,,,,,,,,,,,,,,,,,,,,,,,,,,,,,,,,,,,,,,,,,,,,,,,,,,TN,TN
autoland,4405952,13,ad8d5d1385265583919f5a224e1153902b6eef60,macosx1015-64-shippable-qr,True,False,,|b|y|t|e|c|o|d|e|-|c|a|c|h|e|d| |c|o|l|d| |f|i|s|s|i|o|n| |w|e|b|r|e|n|d|e|r|,102210fe594ee9b33d82058545b1ed14f4c8206e,PerceptualSpeedIndex,twitter,True,twitter PerceptualSpeedIndex opt bytecode-cached cold fission webrender,,77,ms,firefox,,1757644154,2023-09-16 12:53:39,599.9,745d8130d1ac2d3e0ae51f2f22896853f0d34479,1301583,,,,,,,,,,,,,,,,,,,,,,,,,,,,,,,,,,,,,,,,,,,,,,,,,,,,,,,,,,,,,TN,TN
autoland,4405952,13,ad8d5d1385265583919f5a224e1153902b6eef60,macosx1015-64-shippable-qr,True,False,,|b|y|t|e|c|o|d|e|-|c|a|c|h|e|d| |c|o|l|d| |f|i|s|s|i|o|n| |w|e|b|r|e|n|d|e|r|,102210fe594ee9b33d82058545b1ed14f4c8206e,PerceptualSpeedIndex,twitter,True,twitter PerceptualSpeedIndex opt bytecode-cached cold fission webrender,,77,ms,firefox,,1757688440,2023-09-16 18:13:35,658.0,a7bddb715bd51687e4f52876beeb747f6a19cb0d,1301606,,,,,,,,,,,,,,,,,,,,,,,,,,,,,,,,,,,,,,,,,,,,,,,,,,,,,,,,,,,,,TN,TN
autoland,4405952,13,ad8d5d1385265583919f5a224e1153902b6eef60,macosx1015-64-shippable-qr,True,False,,|b|y|t|e|c|o|d|e|-|c|a|c|h|e|d| |c|o|l|d| |f|i|s|s|i|o|n| |w|e|b|r|e|n|d|e|r|,102210fe594ee9b33d82058545b1ed14f4c8206e,PerceptualSpeedIndex,twitter,True,twitter PerceptualSpeedIndex opt bytecode-cached cold fission webrender,,77,ms,firefox,,1757801534,2023-09-17 06:44:56,628.5,d1558269e35b364c189cb76982dfc3fdd465224b,1301647,,,,,,,,,,,,,,,,,,,,,,,,,,,,,,,,,,,,,,,,,,,,,,,,,,,,,,,,,,,,,TN,TN
autoland,4405952,13,ad8d5d1385265583919f5a224e1153902b6eef60,macosx1015-64-shippable-qr,True,False,,|b|y|t|e|c|o|d|e|-|c|a|c|h|e|d| |c|o|l|d| |f|i|s|s|i|o|n| |w|e|b|r|e|n|d|e|r|,102210fe594ee9b33d82058545b1ed14f4c8206e,PerceptualSpeedIndex,twitter,True,twitter PerceptualSpeedIndex opt bytecode-cached cold fission webrender,,77,ms,firefox,,1757879047,2023-09-17 09:36:28,619.4,16afd66ac7be7ee4ffc61599d0241c28d47c74c7,1301654,,,,,,,,,,,,,,,,,,,,,,,,,,,,,,,,,,,,,,,,,,,,,,,,,,,,,,,,,,,,,TN,TN
autoland,4405952,13,ad8d5d1385265583919f5a224e1153902b6eef60,macosx1015-64-shippable-qr,True,False,,|b|y|t|e|c|o|d|e|-|c|a|c|h|e|d| |c|o|l|d| |f|i|s|s|i|o|n| |w|e|b|r|e|n|d|e|r|,102210fe594ee9b33d82058545b1ed14f4c8206e,PerceptualSpeedIndex,twitter,True,twitter PerceptualSpeedIndex opt bytecode-cached cold fission webrender,,77,ms,firefox,,1757913946,2023-09-17 14:36:55,701.8,17a576f280a8e27d78d7247f1f451ca46a64d0f4,1301663,,,,,,,,,,,,,,,,,,,,,,,,,,,,,,,,,,,,,,,,,,,,,,,,,,,,,,,,,,,,,TN,TN
autoland,4405952,13,ad8d5d1385265583919f5a224e1153902b6eef60,macosx1015-64-shippable-qr,True,False,,|b|y|t|e|c|o|d|e|-|c|a|c|h|e|d| |c|o|l|d| |f|i|s|s|i|o|n| |w|e|b|r|e|n|d|e|r|,102210fe594ee9b33d82058545b1ed14f4c8206e,PerceptualSpeedIndex,twitter,True,twitter PerceptualSpeedIndex opt bytecode-cached cold fission webrender,,77,ms,firefox,,1757958444,2023-09-17 18:44:53,622.8,76aa4dfe7e88c5e43988e15fd032c3b9678cfebd,1301677,,,,,,,,,,,,,,,,,,,,,,,,,,,,,,,,,,,,,,,,,,,,,,,,,,,,,,,,,,,,,TN,TN
autoland,4405952,13,ad8d5d1385265583919f5a224e1153902b6eef60,macosx1015-64-shippable-qr,True,False,,|b|y|t|e|c|o|d|e|-|c|a|c|h|e|d| |c|o|l|d| |f|i|s|s|i|o|n| |w|e|b|r|e|n|d|e|r|,102210fe594ee9b33d82058545b1ed14f4c8206e,PerceptualSpeedIndex,twitter,True,twitter PerceptualSpeedIndex opt bytecode-cached cold fission webrender,,77,ms,firefox,,1758008428,2023-09-17 22:46:46,603.5,4333e71e3754938bc5beee5baabbfd6657869bc6,1301700,,,,,,,,,,,,,,,,,,,,,,,,,,,,,,,,,,,,,,,,,,,,,,,,,,,,,,,,,,,,,TN,TN
autoland,4405952,13,ad8d5d1385265583919f5a224e1153902b6eef60,macosx1015-64-shippable-qr,True,False,,|b|y|t|e|c|o|d|e|-|c|a|c|h|e|d| |c|o|l|d| |f|i|s|s|i|o|n| |w|e|b|r|e|n|d|e|r|,102210fe594ee9b33d82058545b1ed14f4c8206e,PerceptualSpeedIndex,twitter,True,twitter PerceptualSpeedIndex opt bytecode-cached cold fission webrender,,77,ms,firefox,,1758066822,2023-09-18 03:57:39,614.9,d395f485b3a2b96c9d6f47f5167308b763c1891b,1301730,,,,,,,,,,,,,,,,,,,,,,,,,,,,,,,,,,,,,,,,,,,,,,,,,,,,,,,,,,,,,TN,TN
autoland,4405952,13,ad8d5d1385265583919f5a224e1153902b6eef60,macosx1015-64-shippable-qr,True,False,,|b|y|t|e|c|o|d|e|-|c|a|c|h|e|d| |c|o|l|d| |f|i|s|s|i|o|n| |w|e|b|r|e|n|d|e|r|,102210fe594ee9b33d82058545b1ed14f4c8206e,PerceptualSpeedIndex,twitter,True,twitter PerceptualSpeedIndex opt bytecode-cached cold fission webrender,,77,ms,firefox,,1758238089,2023-09-18 09:50:33,614.6,11fb2a6e434951fbef0791563a159cbbdd42f4c8,1301818,,,,,,,,,,,,,,,,,,,,,,,,,,,,,,,,,,,,,,,,,,,,,,,,,,,,,,,,,,,,,TN,TN
autoland,4405952,13,ad8d5d1385265583919f5a224e1153902b6eef60,macosx1015-64-shippable-qr,True,False,,|b|y|t|e|c|o|d|e|-|c|a|c|h|e|d| |c|o|l|d| |f|i|s|s|i|o|n| |w|e|b|r|e|n|d|e|r|,102210fe594ee9b33d82058545b1ed14f4c8206e,PerceptualSpeedIndex,twitter,True,twitter PerceptualSpeedIndex opt bytecode-cached cold fission webrender,,77,ms,firefox,,1758411883,2023-09-18 14:45:06,603.4,7a51e2aa7d09aac78f5c93c25c65e83cb1272b7d,1301994,,,,,,,,,,,,,,,,,,,,,,,,,,,,,,,,,,,,,,,,,,,,,,,,,,,,,,,,,,,,,TN,TN
autoland,4405952,13,ad8d5d1385265583919f5a224e1153902b6eef60,macosx1015-64-shippable-qr,True,False,,|b|y|t|e|c|o|d|e|-|c|a|c|h|e|d| |c|o|l|d| |f|i|s|s|i|o|n| |w|e|b|r|e|n|d|e|r|,102210fe594ee9b33d82058545b1ed14f4c8206e,PerceptualSpeedIndex,twitter,True,twitter PerceptualSpeedIndex opt bytecode-cached cold fission webrender,,77,ms,firefox,,1758602587,2023-09-18 21:05:31,630.0,44aa0c56427a5e659c7bec91e3b608472cb6f763,1302247,,,,,,,,,,,,,,,,,,,,,,,,,,,,,,,,,,,,,,,,,,,,,,,,,,,,,,,,,,,,,TN,TN
autoland,4405952,13,ad8d5d1385265583919f5a224e1153902b6eef60,macosx1015-64-shippable-qr,True,False,,|b|y|t|e|c|o|d|e|-|c|a|c|h|e|d| |c|o|l|d| |f|i|s|s|i|o|n| |w|e|b|r|e|n|d|e|r|,102210fe594ee9b33d82058545b1ed14f4c8206e,PerceptualSpeedIndex,twitter,True,twitter PerceptualSpeedIndex opt bytecode-cached cold fission webrender,,77,ms,firefox,,1758746009,2023-09-18 21:07:39,628.4,924c329a0e3413e329eeab1cab9a2d1b09dc4711,1302250,,,,,,,,,,,,,,,,,,,,,,,,,,,,,,,,,,,,,,,,,,,,,,,,,,,,,,,,,,,,,TN,TN
autoland,4405952,13,ad8d5d1385265583919f5a224e1153902b6eef60,macosx1015-64-shippable-qr,True,False,,|b|y|t|e|c|o|d|e|-|c|a|c|h|e|d| |c|o|l|d| |f|i|s|s|i|o|n| |w|e|b|r|e|n|d|e|r|,102210fe594ee9b33d82058545b1ed14f4c8206e,PerceptualSpeedIndex,twitter,True,twitter PerceptualSpeedIndex opt bytecode-cached cold fission webrender,,77,ms,firefox,,1758626467,2023-09-18 22:22:31,658.2,3a523925f8ff99d5984169d7fbae7e4d1fc1cd18,1302316,,,,,,,,,,,,,,,,,,,,,,,,,,,,,,,,,,,,,,,,,,,,,,,,,,,,,,,,,,,,,TN,TN
autoland,4405952,13,ad8d5d1385265583919f5a224e1153902b6eef60,macosx1015-64-shippable-qr,True,False,,|b|y|t|e|c|o|d|e|-|c|a|c|h|e|d| |c|o|l|d| |f|i|s|s|i|o|n| |w|e|b|r|e|n|d|e|r|,102210fe594ee9b33d82058545b1ed14f4c8206e,PerceptualSpeedIndex,twitter,True,twitter PerceptualSpeedIndex opt bytecode-cached cold fission webrender,,77,ms,firefox,,1758675046,2023-09-19 00:36:20,638.1,b0769fdf63e5e9d7ac3ef647f895b15971a8dc99,1302387,,,,,,,,,,,,,,,,,,,,,,,,,,,,,,,,,,,,,,,,,,,,,,,,,,,,,,,,,,,,,TN,TN
autoland,4405952,13,ad8d5d1385265583919f5a224e1153902b6eef60,macosx1015-64-shippable-qr,True,False,,|b|y|t|e|c|o|d|e|-|c|a|c|h|e|d| |c|o|l|d| |f|i|s|s|i|o|n| |w|e|b|r|e|n|d|e|r|,102210fe594ee9b33d82058545b1ed14f4c8206e,PerceptualSpeedIndex,twitter,True,twitter PerceptualSpeedIndex opt bytecode-cached cold fission webrender,,77,ms,firefox,,1758743279,2023-09-19 04:53:23,621.9,6589c0d4d3d3aaed578f6d60cc1831f6cdf79b7c,1302461,,,,,,,,,,,,,,,,,,,,,,,,,,,,,,,,,,,,,,,,,,,,,,,,,,,,,,,,,,,,,TN,TN
autoland,4405952,13,ad8d5d1385265583919f5a224e1153902b6eef60,macosx1015-64-shippable-qr,True,False,,|b|y|t|e|c|o|d|e|-|c|a|c|h|e|d| |c|o|l|d| |f|i|s|s|i|o|n| |w|e|b|r|e|n|d|e|r|,102210fe594ee9b33d82058545b1ed14f4c8206e,PerceptualSpeedIndex,twitter,True,twitter PerceptualSpeedIndex opt bytecode-cached cold fission webrender,,77,ms,firefox,,1758838152,2023-09-19 06:42:05,607.9,0a60f8be5517ddc928471d4a378b46228773fbc5,1302480,,,,,,,,,,,,,,,,,,,,,,,,,,,,,,,,,,,,,,,,,,,,,,,,,,,,,,,,,,,,,TN,TN
autoland,4405952,13,ad8d5d1385265583919f5a224e1153902b6eef60,macosx1015-64-shippable-qr,True,False,,|b|y|t|e|c|o|d|e|-|c|a|c|h|e|d| |c|o|l|d| |f|i|s|s|i|o|n| |w|e|b|r|e|n|d|e|r|,102210fe594ee9b33d82058545b1ed14f4c8206e,PerceptualSpeedIndex,twitter,True,twitter PerceptualSpeedIndex opt bytecode-cached cold fission webrender,,77,ms,firefox,,1758937263,2023-09-19 10:00:51,621.5,f257c2f8440fe82c3833f2d719a2bf3420df9120,1302573,,,,,,,,,,,,,,,,,,,,,,,,,,,,,,,,,,,,,,,,,,,,,,,,,,,,,,,,,,,,,TN,TN
autoland,4405952,13,ad8d5d1385265583919f5a224e1153902b6eef60,macosx1015-64-shippable-qr,True,False,,|b|y|t|e|c|o|d|e|-|c|a|c|h|e|d| |c|o|l|d| |f|i|s|s|i|o|n| |w|e|b|r|e|n|d|e|r|,102210fe594ee9b33d82058545b1ed14f4c8206e,PerceptualSpeedIndex,twitter,True,twitter PerceptualSpeedIndex opt bytecode-cached cold fission webrender,,77,ms,firefox,,1759061558,2023-09-19 13:32:40,619.0,dd890d993c3039c40d9a50218bd3284a9810cc85,1302692,,,,,,,,,,,,,,,,,,,,,,,,,,,,,,,,,,,,,,,,,,,,,,,,,,,,,,,,,,,,,TN,TN
autoland,4405952,13,ad8d5d1385265583919f5a224e1153902b6eef60,macosx1015-64-shippable-qr,True,False,,|b|y|t|e|c|o|d|e|-|c|a|c|h|e|d| |c|o|l|d| |f|i|s|s|i|o|n| |w|e|b|r|e|n|d|e|r|,102210fe594ee9b33d82058545b1ed14f4c8206e,PerceptualSpeedIndex,twitter,True,twitter PerceptualSpeedIndex opt bytecode-cached cold fission webrender,,77,ms,firefox,,1759172424,2023-09-19 16:21:41,650.6,e9e7852ce74f241f2a4f0ffac475410d0ea9a8a4,1302819,,,,,,,,,,,,,,,,,,,,,,,,,,,,,,,,,,,,,,,,,,,,,,,,,,,,,,,,,,,,,TN,TN
autoland,4405952,13,ad8d5d1385265583919f5a224e1153902b6eef60,macosx1015-64-shippable-qr,True,False,,|b|y|t|e|c|o|d|e|-|c|a|c|h|e|d| |c|o|l|d| |f|i|s|s|i|o|n| |w|e|b|r|e|n|d|e|r|,102210fe594ee9b33d82058545b1ed14f4c8206e,PerceptualSpeedIndex,twitter,True,twitter PerceptualSpeedIndex opt bytecode-cached cold fission webrender,,77,ms,firefox,,1759355626,2023-09-19 20:31:47,632.5,f97675e331c2e3f8e3a7649cb722085b3360163c,1303015,,,,,,,,,,,,,,,,,,,,,,,,,,,,,,,,,,,,,,,,,,,,,,,,,,,,,,,,,,,,,TN,TN
autoland,4405952,13,ad8d5d1385265583919f5a224e1153902b6eef60,macosx1015-64-shippable-qr,True,False,,|b|y|t|e|c|o|d|e|-|c|a|c|h|e|d| |c|o|l|d| |f|i|s|s|i|o|n| |w|e|b|r|e|n|d|e|r|,102210fe594ee9b33d82058545b1ed14f4c8206e,PerceptualSpeedIndex,twitter,True,twitter PerceptualSpeedIndex opt bytecode-cached cold fission webrender,,77,ms,firefox,,1759358439,2023-09-19 20:45:08,621.8,abf74735208c16d3b467c2acb344f3030fc5aacb,1303026,,,,,,,,,,,,,,,,,,,,,,,,,,,,,,,,,,,,,,,,,,,,,,,,,,,,,,,,,,,,,TN,TN
autoland,4405952,13,ad8d5d1385265583919f5a224e1153902b6eef60,macosx1015-64-shippable-qr,True,False,,|b|y|t|e|c|o|d|e|-|c|a|c|h|e|d| |c|o|l|d| |f|i|s|s|i|o|n| |w|e|b|r|e|n|d|e|r|,102210fe594ee9b33d82058545b1ed14f4c8206e,PerceptualSpeedIndex,twitter,True,twitter PerceptualSpeedIndex opt bytecode-cached cold fission webrender,,77,ms,firefox,,1759436513,2023-09-20 00:59:14,699.6,71a9b5a8ec8503f993e8d7e8f1b2b98ff57ed283,1303207,,,,,,,,,,,,,,,,,,,,,,,,,,,,,,,,,,,,,,,,,,,,,,,,,,,,,,,,,,,,,TN,TN
autoland,4405952,13,ad8d5d1385265583919f5a224e1153902b6eef60,macosx1015-64-shippable-qr,True,False,,|b|y|t|e|c|o|d|e|-|c|a|c|h|e|d| |c|o|l|d| |f|i|s|s|i|o|n| |w|e|b|r|e|n|d|e|r|,102210fe594ee9b33d82058545b1ed14f4c8206e,PerceptualSpeedIndex,twitter,True,twitter PerceptualSpeedIndex opt bytecode-cached cold fission webrender,,77,ms,firefox,,1759533941,2023-09-20 05:02:26,601.6,71c800e8074fa9f5e246acbf09097a0f15d4eb09,1303254,,,,,,,,,,,,,,,,,,,,,,,,,,,,,,,,,,,,,,,,,,,,,,,,,,,,,,,,,,,,,TN,TN
autoland,4405952,13,ad8d5d1385265583919f5a224e1153902b6eef60,macosx1015-64-shippable-qr,True,False,,|b|y|t|e|c|o|d|e|-|c|a|c|h|e|d| |c|o|l|d| |f|i|s|s|i|o|n| |w|e|b|r|e|n|d|e|r|,102210fe594ee9b33d82058545b1ed14f4c8206e,PerceptualSpeedIndex,twitter,True,twitter PerceptualSpeedIndex opt bytecode-cached cold fission webrender,,77,ms,firefox,,1759697928,2023-09-20 09:03:21,584.6,2664490a1b4aeb2b2bd98c81ac43b68b1a24ea2f,1303343,,,,,,,,,,,,,,,,,,,,,,,,,,,,,,,,,,,,,,,,,,,,,,,,,,,,,,,,,,,,,TN,TN
autoland,4405952,13,ad8d5d1385265583919f5a224e1153902b6eef60,macosx1015-64-shippable-qr,True,False,,|b|y|t|e|c|o|d|e|-|c|a|c|h|e|d| |c|o|l|d| |f|i|s|s|i|o|n| |w|e|b|r|e|n|d|e|r|,102210fe594ee9b33d82058545b1ed14f4c8206e,PerceptualSpeedIndex,twitter,True,twitter PerceptualSpeedIndex opt bytecode-cached cold fission webrender,,77,ms,firefox,,1759723166,2023-09-20 10:40:44,638.4,e11a98968ec15b84dc772d997bc0789a0a078549,1303401,,,,,,,,,,,,,,,,,,,,,,,,,,,,,,,,,,,,,,,,,,,,,,,,,,,,,,,,,,,,,TN,TN
autoland,4405952,13,ad8d5d1385265583919f5a224e1153902b6eef60,macosx1015-64-shippable-qr,True,False,,|b|y|t|e|c|o|d|e|-|c|a|c|h|e|d| |c|o|l|d| |f|i|s|s|i|o|n| |w|e|b|r|e|n|d|e|r|,102210fe594ee9b33d82058545b1ed14f4c8206e,PerceptualSpeedIndex,twitter,True,twitter PerceptualSpeedIndex opt bytecode-cached cold fission webrender,,77,ms,firefox,,1759838312,2023-09-20 14:03:46,623.7,5baf76c5d8f19d35c8e7710816a726d92cfff8bb,1303541,,,,,,,,,,,,,,,,,,,,,,,,,,,,,,,,,,,,,,,,,,,,,,,,,,,,,,,,,,,,,TN,TN
autoland,4405952,13,ad8d5d1385265583919f5a224e1153902b6eef60,macosx1015-64-shippable-qr,True,False,,|b|y|t|e|c|o|d|e|-|c|a|c|h|e|d| |c|o|l|d| |f|i|s|s|i|o|n| |w|e|b|r|e|n|d|e|r|,102210fe594ee9b33d82058545b1ed14f4c8206e,PerceptualSpeedIndex,twitter,True,twitter PerceptualSpeedIndex opt bytecode-cached cold fission webrender,,77,ms,firefox,,1760075524,2023-09-20 17:47:40,599.3,07c4a658632d6c11d371f974b56a6365212bef62,1303718,,,,,,,,,,,,,,,,,,,,,,,,,,,,,,,,,,,,,,,,,,,,,,,,,,,,,,,,,,,,,TN,TN
autoland,4405952,13,ad8d5d1385265583919f5a224e1153902b6eef60,macosx1015-64-shippable-qr,True,False,,|b|y|t|e|c|o|d|e|-|c|a|c|h|e|d| |c|o|l|d| |f|i|s|s|i|o|n| |w|e|b|r|e|n|d|e|r|,102210fe594ee9b33d82058545b1ed14f4c8206e,PerceptualSpeedIndex,twitter,True,twitter PerceptualSpeedIndex opt bytecode-cached cold fission webrender,,77,ms,firefox,,1760117843,2023-09-20 21:06:43,633.7,137b5966e6ec0a63006a36cac0a3f1c4e3f5cefe,1303845,,,,,,,,,,,,,,,,,,,,,,,,,,,,,,,,,,,,,,,,,,,,,,,,,,,,,,,,,,,,,TN,TN
autoland,4405952,13,ad8d5d1385265583919f5a224e1153902b6eef60,macosx1015-64-shippable-qr,True,False,,|b|y|t|e|c|o|d|e|-|c|a|c|h|e|d| |c|o|l|d| |f|i|s|s|i|o|n| |w|e|b|r|e|n|d|e|r|,102210fe594ee9b33d82058545b1ed14f4c8206e,PerceptualSpeedIndex,twitter,True,twitter PerceptualSpeedIndex opt bytecode-cached cold fission webrender,,77,ms,firefox,,1760135428,2023-09-20 23:02:53,607.2,a94c799a5be0d573f8c654b43966b4b772ded228,1303924,,,,,,,,,,,,,,,,,,,,,,,,,,,,,,,,,,,,,,,,,,,,,,,,,,,,,,,,,,,,,TN,TN
autoland,4405952,13,ad8d5d1385265583919f5a224e1153902b6eef60,macosx1015-64-shippable-qr,True,False,,|b|y|t|e|c|o|d|e|-|c|a|c|h|e|d| |c|o|l|d| |f|i|s|s|i|o|n| |w|e|b|r|e|n|d|e|r|,102210fe594ee9b33d82058545b1ed14f4c8206e,PerceptualSpeedIndex,twitter,True,twitter PerceptualSpeedIndex opt bytecode-cached cold fission webrender,,77,ms,firefox,,1760243285,2023-09-21 04:47:54,607.7,7c6496f92bb0572d56513d645f3d6201f77a5653,1304025,,,,,,,,,,,,,,,,,,,,,,,,,,,,,,,,,,,,,,,,,,,,,,,,,,,,,,,,,,,,,TN,TN
autoland,4405952,13,ad8d5d1385265583919f5a224e1153902b6eef60,macosx1015-64-shippable-qr,True,False,,|b|y|t|e|c|o|d|e|-|c|a|c|h|e|d| |c|o|l|d| |f|i|s|s|i|o|n| |w|e|b|r|e|n|d|e|r|,102210fe594ee9b33d82058545b1ed14f4c8206e,PerceptualSpeedIndex,twitter,True,twitter PerceptualSpeedIndex opt bytecode-cached cold fission webrender,,77,ms,firefox,,1760380394,2023-09-21 08:45:10,612.1,e98350675c5a294fe5c7a4138a5b16c4f6992907,1304121,,,,,,,,,,,,,,,,,,,,,,,,,,,,,,,,,,,,,,,,,,,,,,,,,,,,,,,,,,,,,TN,TN
autoland,4405952,13,ad8d5d1385265583919f5a224e1153902b6eef60,macosx1015-64-shippable-qr,True,False,,|b|y|t|e|c|o|d|e|-|c|a|c|h|e|d| |c|o|l|d| |f|i|s|s|i|o|n| |w|e|b|r|e|n|d|e|r|,102210fe594ee9b33d82058545b1ed14f4c8206e,PerceptualSpeedIndex,twitter,True,twitter PerceptualSpeedIndex opt bytecode-cached cold fission webrender,,77,ms,firefox,,1760526271,2023-09-21 12:54:54,654.6,bd8d8c1ecad7cda50d42ce2dfde7fabc50a48948,1304268,,,,,,,,,,,,,,,,,,,,,,,,,,,,,,,,,,,,,,,,,,,,,,,,,,,,,,,,,,,,,TN,TN
autoland,4405952,13,ad8d5d1385265583919f5a224e1153902b6eef60,macosx1015-64-shippable-qr,True,False,,|b|y|t|e|c|o|d|e|-|c|a|c|h|e|d| |c|o|l|d| |f|i|s|s|i|o|n| |w|e|b|r|e|n|d|e|r|,102210fe594ee9b33d82058545b1ed14f4c8206e,PerceptualSpeedIndex,twitter,True,twitter PerceptualSpeedIndex opt bytecode-cached cold fission webrender,,77,ms,firefox,,1760547008,2023-09-21 14:02:07,609.0,6e82382700fc8345a06dc3efd346a25826fa1bf2,1304316,,,,,,,,,,,,,,,,,,,,,,,,,,,,,,,,,,,,,,,,,,,,,,,,,,,,,,,,,,,,,TN,TN
autoland,4405952,13,ad8d5d1385265583919f5a224e1153902b6eef60,macosx1015-64-shippable-qr,True,False,,|b|y|t|e|c|o|d|e|-|c|a|c|h|e|d| |c|o|l|d| |f|i|s|s|i|o|n| |w|e|b|r|e|n|d|e|r|,102210fe594ee9b33d82058545b1ed14f4c8206e,PerceptualSpeedIndex,twitter,True,twitter PerceptualSpeedIndex opt bytecode-cached cold fission webrender,,77,ms,firefox,,1760898998,2023-09-21 15:38:38,626.0,a2d7613e206fa711d809ee5dbffc2bf3ff8c75a4,1304385,,,,,,,,,,,,,,,,,,,,,,,,,,,,,,,,,,,,,,,,,,,,,,,,,,,,,,,,,,,,,TN,TN
autoland,4405952,13,ad8d5d1385265583919f5a224e1153902b6eef60,macosx1015-64-shippable-qr,True,False,,|b|y|t|e|c|o|d|e|-|c|a|c|h|e|d| |c|o|l|d| |f|i|s|s|i|o|n| |w|e|b|r|e|n|d|e|r|,102210fe594ee9b33d82058545b1ed14f4c8206e,PerceptualSpeedIndex,twitter,True,twitter PerceptualSpeedIndex opt bytecode-cached cold fission webrender,,77,ms,firefox,,1760888760,2023-09-21 15:46:13,608.0,984c001954dbafa02f989a9529a8b8477999ea83,1304391,,,,,,,,,,,,,,,,,,,,,,,,,,,,,,,,,,,,,,,,,,,,,,,,,,,,,,,,,,,,,TN,TN
autoland,4405952,13,ad8d5d1385265583919f5a224e1153902b6eef60,macosx1015-64-shippable-qr,True,False,,|b|y|t|e|c|o|d|e|-|c|a|c|h|e|d| |c|o|l|d| |f|i|s|s|i|o|n| |w|e|b|r|e|n|d|e|r|,102210fe594ee9b33d82058545b1ed14f4c8206e,PerceptualSpeedIndex,twitter,True,twitter PerceptualSpeedIndex opt bytecode-cached cold fission webrender,,77,ms,firefox,,1760890946,2023-09-21 15:46:13,597.5,984c001954dbafa02f989a9529a8b8477999ea83,1304391,,,,,,,,,,,,,,,,,,,,,,,,,,,,,,,,,,,,,,,,,,,,,,,,,,,,,,,,,,,,,TN,TN
autoland,4405952,13,ad8d5d1385265583919f5a224e1153902b6eef60,macosx1015-64-shippable-qr,True,False,,|b|y|t|e|c|o|d|e|-|c|a|c|h|e|d| |c|o|l|d| |f|i|s|s|i|o|n| |w|e|b|r|e|n|d|e|r|,102210fe594ee9b33d82058545b1ed14f4c8206e,PerceptualSpeedIndex,twitter,True,twitter PerceptualSpeedIndex opt bytecode-cached cold fission webrender,,77,ms,firefox,,1760906911,2023-09-21 15:48:43,600.1,3dbbf33d280bfd8c07b86b15238bbb6d1e1755db,1304392,,,,,,,,,,,,,,,,,,,,,,,,,,,,,,,,,,,,,,,,,,,,,,,,,,,,,,,,,,,,,TN,TN
autoland,4405952,13,ad8d5d1385265583919f5a224e1153902b6eef60,macosx1015-64-shippable-qr,True,False,,|b|y|t|e|c|o|d|e|-|c|a|c|h|e|d| |c|o|l|d| |f|i|s|s|i|o|n| |w|e|b|r|e|n|d|e|r|,102210fe594ee9b33d82058545b1ed14f4c8206e,PerceptualSpeedIndex,twitter,True,twitter PerceptualSpeedIndex opt bytecode-cached cold fission webrender,,77,ms,firefox,,1760905298,2023-09-21 16:35:46,723.4,028b2e51863828f9d6a1e00a8c085845e63f72e0,1304430,,,,,,,,,,,,,,,,,,,,,,,,,,,,,,,,,,,,,,,,,,,,,,,,,,,,,,,,,,,,,TN,TN
autoland,4405952,13,ad8d5d1385265583919f5a224e1153902b6eef60,macosx1015-64-shippable-qr,True,False,,|b|y|t|e|c|o|d|e|-|c|a|c|h|e|d| |c|o|l|d| |f|i|s|s|i|o|n| |w|e|b|r|e|n|d|e|r|,102210fe594ee9b33d82058545b1ed14f4c8206e,PerceptualSpeedIndex,twitter,True,twitter PerceptualSpeedIndex opt bytecode-cached cold fission webrender,,77,ms,firefox,,1760900891,2023-09-21 17:31:33,640.1,c3b23fbbe898130deb34c48569c8e7201ffabffb,1304471,,,,,,,,,,,,,,,,,,,,,,,,,,,,,,,,,,,,,,,,,,,,,,,,,,,,,,,,,,,,,TN,TN
autoland,4405952,13,ad8d5d1385265583919f5a224e1153902b6eef60,macosx1015-64-shippable-qr,True,False,,|b|y|t|e|c|o|d|e|-|c|a|c|h|e|d| |c|o|l|d| |f|i|s|s|i|o|n| |w|e|b|r|e|n|d|e|r|,102210fe594ee9b33d82058545b1ed14f4c8206e,PerceptualSpeedIndex,twitter,True,twitter PerceptualSpeedIndex opt bytecode-cached cold fission webrender,,77,ms,firefox,,1760673506,2023-09-21 18:54:27,626.8,114bde678f299872db02fe1116ecfd3a7ada9381,1304515,,,,,,,,,,,,,,,,,,,,,,,,,,,,,,,,,,,,,,,,,,,,,,,,,,,,,,,,,,,,,TN,TN
autoland,4405952,13,ad8d5d1385265583919f5a224e1153902b6eef60,macosx1015-64-shippable-qr,True,False,,|b|y|t|e|c|o|d|e|-|c|a|c|h|e|d| |c|o|l|d| |f|i|s|s|i|o|n| |w|e|b|r|e|n|d|e|r|,102210fe594ee9b33d82058545b1ed14f4c8206e,PerceptualSpeedIndex,twitter,True,twitter PerceptualSpeedIndex opt bytecode-cached cold fission webrender,,77,ms,firefox,,1760696412,2023-09-21 19:19:33,645.5,86fd71ad69b346f713966a8f18ec97a5b99a0aee,1304533,,,,,,,,,,,,,,,,,,,,,,,,,,,,,,,,,,,,,,,,,,,,,,,,,,,,,,,,,,,,,TN,TN
autoland,4405952,13,ad8d5d1385265583919f5a224e1153902b6eef60,macosx1015-64-shippable-qr,True,False,,|b|y|t|e|c|o|d|e|-|c|a|c|h|e|d| |c|o|l|d| |f|i|s|s|i|o|n| |w|e|b|r|e|n|d|e|r|,102210fe594ee9b33d82058545b1ed14f4c8206e,PerceptualSpeedIndex,twitter,True,twitter PerceptualSpeedIndex opt bytecode-cached cold fission webrender,,77,ms,firefox,,1760776818,2023-09-21 23:47:59,617.5,efa8aa7a4f5484f349595a2c97ba6a2c6f214c66,1304690,,,,,,,,,,,,,,,,,,,,,,,,,,,,,,,,,,,,,,,,,,,,,,,,,,,,,,,,,,,,,TN,TN
autoland,4405952,13,ad8d5d1385265583919f5a224e1153902b6eef60,macosx1015-64-shippable-qr,True,False,,|b|y|t|e|c|o|d|e|-|c|a|c|h|e|d| |c|o|l|d| |f|i|s|s|i|o|n| |w|e|b|r|e|n|d|e|r|,102210fe594ee9b33d82058545b1ed14f4c8206e,PerceptualSpeedIndex,twitter,True,twitter PerceptualSpeedIndex opt bytecode-cached cold fission webrender,,77,ms,firefox,,1760879938,2023-09-22 04:42:00,615.7,2de4a198348cc150a0c3ce328c42beade9646190,1304767,,,,,,,,,,,,,,,,,,,,,,,,,,,,,,,,,,,,,,,,,,,,,,,,,,,,,,,,,,,,,TN,TN
autoland,4405952,13,ad8d5d1385265583919f5a224e1153902b6eef60,macosx1015-64-shippable-qr,True,False,,|b|y|t|e|c|o|d|e|-|c|a|c|h|e|d| |c|o|l|d| |f|i|s|s|i|o|n| |w|e|b|r|e|n|d|e|r|,102210fe594ee9b33d82058545b1ed14f4c8206e,PerceptualSpeedIndex,twitter,True,twitter PerceptualSpeedIndex opt bytecode-cached cold fission webrender,,77,ms,firefox,,1761043885,2023-09-22 11:33:15,692.0,6da1ce80e10cc6744801930434a44df21da87140,1304916,,,,,,,,,,,,,,,,,,,,,,,,,,,,,,,,,,,,,,,,,,,,,,,,,,,,,,,,,,,,,TN,TN
autoland,4405952,13,ad8d5d1385265583919f5a224e1153902b6eef60,macosx1015-64-shippable-qr,True,False,,|b|y|t|e|c|o|d|e|-|c|a|c|h|e|d| |c|o|l|d| |f|i|s|s|i|o|n| |w|e|b|r|e|n|d|e|r|,102210fe594ee9b33d82058545b1ed14f4c8206e,PerceptualSpeedIndex,twitter,True,twitter PerceptualSpeedIndex opt bytecode-cached cold fission webrender,,77,ms,firefox,,1761118283,2023-09-22 15:35:17,597.6,d244d17a8e9ac94aa05c3bf0c2659104c7b15f76,1305037,,,,,,,,,,,,,,,,,,,,,,,,,,,,,,,,,,,,,,,,,,,,,,,,,,,,,,,,,,,,,TN,TN
autoland,4405952,13,ad8d5d1385265583919f5a224e1153902b6eef60,macosx1015-64-shippable-qr,True,False,,|b|y|t|e|c|o|d|e|-|c|a|c|h|e|d| |c|o|l|d| |f|i|s|s|i|o|n| |w|e|b|r|e|n|d|e|r|,102210fe594ee9b33d82058545b1ed14f4c8206e,PerceptualSpeedIndex,twitter,True,twitter PerceptualSpeedIndex opt bytecode-cached cold fission webrender,,77,ms,firefox,,1761124841,2023-09-22 16:10:00,637.3,aee77156969b7d1f696e8952bc590e1449a16f85,1305065,,,,,,,,,,,,,,,,,,,,,,,,,,,,,,,,,,,,,,,,,,,,,,,,,,,,,,,,,,,,,TN,TN
autoland,4405952,13,ad8d5d1385265583919f5a224e1153902b6eef60,macosx1015-64-shippable-qr,True,False,,|b|y|t|e|c|o|d|e|-|c|a|c|h|e|d| |c|o|l|d| |f|i|s|s|i|o|n| |w|e|b|r|e|n|d|e|r|,102210fe594ee9b33d82058545b1ed14f4c8206e,PerceptualSpeedIndex,twitter,True,twitter PerceptualSpeedIndex opt bytecode-cached cold fission webrender,,77,ms,firefox,,1761222561,2023-09-22 20:28:01,603.7,80cfc74bb77e6c4abfd0d70c51b274e4b036a05b,1305231,,,,,,,,,,,,,,,,,,,,,,,,,,,,,,,,,,,,,,,,,,,,,,,,,,,,,,,,,,,,,TN,TN
autoland,4405952,13,ad8d5d1385265583919f5a224e1153902b6eef60,macosx1015-64-shippable-qr,True,False,,|b|y|t|e|c|o|d|e|-|c|a|c|h|e|d| |c|o|l|d| |f|i|s|s|i|o|n| |w|e|b|r|e|n|d|e|r|,102210fe594ee9b33d82058545b1ed14f4c8206e,PerceptualSpeedIndex,twitter,True,twitter PerceptualSpeedIndex opt bytecode-cached cold fission webrender,,77,ms,firefox,,1761337760,2023-09-23 00:28:09,619.3,5ce53217bf3e4d42db88aab74741654bfc634cc8,1305322,,,,,,,,,,,,,,,,,,,,,,,,,,,,,,,,,,,,,,,,,,,,,,,,,,,,,,,,,,,,,TN,TN
autoland,4405952,13,ad8d5d1385265583919f5a224e1153902b6eef60,macosx1015-64-shippable-qr,True,False,,|b|y|t|e|c|o|d|e|-|c|a|c|h|e|d| |c|o|l|d| |f|i|s|s|i|o|n| |w|e|b|r|e|n|d|e|r|,102210fe594ee9b33d82058545b1ed14f4c8206e,PerceptualSpeedIndex,twitter,True,twitter PerceptualSpeedIndex opt bytecode-cached cold fission webrender,,77,ms,firefox,,1761339428,2023-09-23 00:41:33,639.2,1d9627a1274de78256ecdee1e8058e6b32392404,1305328,,,,,,,,,,,,,,,,,,,,,,,,,,,,,,,,,,,,,,,,,,,,,,,,,,,,,,,,,,,,,TN,TN
autoland,4405952,13,ad8d5d1385265583919f5a224e1153902b6eef60,macosx1015-64-shippable-qr,True,False,,|b|y|t|e|c|o|d|e|-|c|a|c|h|e|d| |c|o|l|d| |f|i|s|s|i|o|n| |w|e|b|r|e|n|d|e|r|,102210fe594ee9b33d82058545b1ed14f4c8206e,PerceptualSpeedIndex,twitter,True,twitter PerceptualSpeedIndex opt bytecode-cached cold fission webrender,,77,ms,firefox,,1761447609,2023-09-23 16:39:34,599.5,e85748b0b9880ee586b2c155a4d84c1cdf3f31b4,1305402,,,,,,,,,,,,,,,,,,,,,,,,,,,,,,,,,,,,,,,,,,,,,,,,,,,,,,,,,,,,,TN,TN
autoland,4405952,13,ad8d5d1385265583919f5a224e1153902b6eef60,macosx1015-64-shippable-qr,True,False,,|b|y|t|e|c|o|d|e|-|c|a|c|h|e|d| |c|o|l|d| |f|i|s|s|i|o|n| |w|e|b|r|e|n|d|e|r|,102210fe594ee9b33d82058545b1ed14f4c8206e,PerceptualSpeedIndex,twitter,True,twitter PerceptualSpeedIndex opt bytecode-cached cold fission webrender,,77,ms,firefox,,1761482299,2023-09-23 21:16:13,597.0,f4a2f296a2ea585882f2a2a627c036538eb875b0,1305420,,,,,,,,,,,,,,,,,,,,,,,,,,,,,,,,,,,,,,,,,,,,,,,,,,,,,,,,,,,,,TN,TN
autoland,4405952,13,ad8d5d1385265583919f5a224e1153902b6eef60,macosx1015-64-shippable-qr,True,False,,|b|y|t|e|c|o|d|e|-|c|a|c|h|e|d| |c|o|l|d| |f|i|s|s|i|o|n| |w|e|b|r|e|n|d|e|r|,102210fe594ee9b33d82058545b1ed14f4c8206e,PerceptualSpeedIndex,twitter,True,twitter PerceptualSpeedIndex opt bytecode-cached cold fission webrender,,77,ms,firefox,,1761672678,2023-09-25 06:00:52,643.9,68035862c82691cc5ad039c1067c1fd24d048350,1305598,,,,,,,,,,,,,,,,,,,,,,,,,,,,,,,,,,,,,,,,,,,,,,,,,,,,,,,,,,,,,TN,TN
autoland,4405952,13,ad8d5d1385265583919f5a224e1153902b6eef60,macosx1015-64-shippable-qr,True,False,,|b|y|t|e|c|o|d|e|-|c|a|c|h|e|d| |c|o|l|d| |f|i|s|s|i|o|n| |w|e|b|r|e|n|d|e|r|,102210fe594ee9b33d82058545b1ed14f4c8206e,PerceptualSpeedIndex,twitter,True,twitter PerceptualSpeedIndex opt bytecode-cached cold fission webrender,,77,ms,firefox,,1761723398,2023-09-25 08:45:06,641.5,27778dad58d148bf24097e327e55eb3b8631b902,1305656,,,,,,,,,,,,,,,,,,,,,,,,,,,,,,,,,,,,,,,,,,,,,,,,,,,,,,,,,,,,,TN,TN
autoland,4405952,13,ad8d5d1385265583919f5a224e1153902b6eef60,macosx1015-64-shippable-qr,True,False,,|b|y|t|e|c|o|d|e|-|c|a|c|h|e|d| |c|o|l|d| |f|i|s|s|i|o|n| |w|e|b|r|e|n|d|e|r|,102210fe594ee9b33d82058545b1ed14f4c8206e,PerceptualSpeedIndex,twitter,True,twitter PerceptualSpeedIndex opt bytecode-cached cold fission webrender,,77,ms,firefox,,1762200514,2023-09-25 12:15:51,615.3,a8305ea48b4ca432c6e10ea45d475586512c6037,1305772,,,,,,,,,,,,,,,,,,,,,,,,,,,,,,,,,,,,,,,,,,,,,,,,,,,,,,,,,,,,,TN,TN
autoland,4405952,13,ad8d5d1385265583919f5a224e1153902b6eef60,macosx1015-64-shippable-qr,True,False,,|b|y|t|e|c|o|d|e|-|c|a|c|h|e|d| |c|o|l|d| |f|i|s|s|i|o|n| |w|e|b|r|e|n|d|e|r|,102210fe594ee9b33d82058545b1ed14f4c8206e,PerceptualSpeedIndex,twitter,True,twitter PerceptualSpeedIndex opt bytecode-cached cold fission webrender,,77,ms,firefox,,1762211870,2023-09-25 12:29:44,611.1,a151165c8ba1e0a95cf626dc3f30b3fab32f12a5,1305784,,,,,,,,,,,,,,,,,,,,,,,,,,,,,,,,,,,,,,,,,,,,,,,,,,,,,,,,,,,,,TN,TN
autoland,4405952,13,ad8d5d1385265583919f5a224e1153902b6eef60,macosx1015-64-shippable-qr,True,False,,|b|y|t|e|c|o|d|e|-|c|a|c|h|e|d| |c|o|l|d| |f|i|s|s|i|o|n| |w|e|b|r|e|n|d|e|r|,102210fe594ee9b33d82058545b1ed14f4c8206e,PerceptualSpeedIndex,twitter,True,twitter PerceptualSpeedIndex opt bytecode-cached cold fission webrender,,77,ms,firefox,,1762194401,2023-09-25 12:30:33,627.9,7095adada0469a26b7fb47fc05017c5d8b95e1fb,1305789,,,,,,,,,,,,,,,,,,,,,,,,,,,,,,,,,,,,,,,,,,,,,,,,,,,,,,,,,,,,,TN,TN
autoland,4405952,13,ad8d5d1385265583919f5a224e1153902b6eef60,macosx1015-64-shippable-qr,True,False,,|b|y|t|e|c|o|d|e|-|c|a|c|h|e|d| |c|o|l|d| |f|i|s|s|i|o|n| |w|e|b|r|e|n|d|e|r|,102210fe594ee9b33d82058545b1ed14f4c8206e,PerceptualSpeedIndex,twitter,True,twitter PerceptualSpeedIndex opt bytecode-cached cold fission webrender,,77,ms,firefox,,1762200546,2023-09-25 12:30:33,603.5,7095adada0469a26b7fb47fc05017c5d8b95e1fb,1305789,,,,,,,,,,,,,,,,,,,,,,,,,,,,,,,,,,,,,,,,,,,,,,,,,,,,,,,,,,,,,TN,TN
autoland,4405952,13,ad8d5d1385265583919f5a224e1153902b6eef60,macosx1015-64-shippable-qr,True,False,,|b|y|t|e|c|o|d|e|-|c|a|c|h|e|d| |c|o|l|d| |f|i|s|s|i|o|n| |w|e|b|r|e|n|d|e|r|,102210fe594ee9b33d82058545b1ed14f4c8206e,PerceptualSpeedIndex,twitter,True,twitter PerceptualSpeedIndex opt bytecode-cached cold fission webrender,,77,ms,firefox,,1761847932,2023-09-25 12:33:35,611.2,9a8976307af6049000ae1a1623fd71bd62850a10,1305791,,,,,,,,,,,,,,,,,,,,,,,,,,,,,,,,,,,,,,,,,,,,,,,,,,,,,,,,,,,,,TN,TN
autoland,4405952,13,ad8d5d1385265583919f5a224e1153902b6eef60,macosx1015-64-shippable-qr,True,False,,|b|y|t|e|c|o|d|e|-|c|a|c|h|e|d| |c|o|l|d| |f|i|s|s|i|o|n| |w|e|b|r|e|n|d|e|r|,102210fe594ee9b33d82058545b1ed14f4c8206e,PerceptualSpeedIndex,twitter,True,twitter PerceptualSpeedIndex opt bytecode-cached cold fission webrender,,77,ms,firefox,,1762058921,2023-09-25 20:45:54,609.7,6a7f708c3d0458c9b30efa2bdfde6e7812554d1e,1306210,,,,,,,,,,,,,,,,,,,,,,,,,,,,,,,,,,,,,,,,,,,,,,,,,,,,,,,,,,,,,TN,TN
autoland,4405952,13,ad8d5d1385265583919f5a224e1153902b6eef60,macosx1015-64-shippable-qr,True,False,,|b|y|t|e|c|o|d|e|-|c|a|c|h|e|d| |c|o|l|d| |f|i|s|s|i|o|n| |w|e|b|r|e|n|d|e|r|,102210fe594ee9b33d82058545b1ed14f4c8206e,PerceptualSpeedIndex,twitter,True,twitter PerceptualSpeedIndex opt bytecode-cached cold fission webrender,,77,ms,firefox,,1762126384,2023-09-26 00:20:03,598.7,844608487349450c789be0794a915bb90d90b133,1306338,,,,,,,,,,,,,,,,,,,,,,,,,,,,,,,,,,,,,,,,,,,,,,,,,,,,,,,,,,,,,TN,TN
autoland,4405952,13,ad8d5d1385265583919f5a224e1153902b6eef60,macosx1015-64-shippable-qr,True,False,,|b|y|t|e|c|o|d|e|-|c|a|c|h|e|d| |c|o|l|d| |f|i|s|s|i|o|n| |w|e|b|r|e|n|d|e|r|,102210fe594ee9b33d82058545b1ed14f4c8206e,PerceptualSpeedIndex,twitter,True,twitter PerceptualSpeedIndex opt bytecode-cached cold fission webrender,,77,ms,firefox,,1762828908,2023-09-26 02:51:20,714.9,956fe894deba1ba357c2699828221cda94a938a0,1306370,,,,,,,,,,,,,,,,,,,,,,,,,,,,,,,,,,,,,,,,,,,,,,,,,,,,,,,,,,,,,TN,TN
autoland,4405952,13,ad8d5d1385265583919f5a224e1153902b6eef60,macosx1015-64-shippable-qr,True,False,,|b|y|t|e|c|o|d|e|-|c|a|c|h|e|d| |c|o|l|d| |f|i|s|s|i|o|n| |w|e|b|r|e|n|d|e|r|,102210fe594ee9b33d82058545b1ed14f4c8206e,PerceptualSpeedIndex,twitter,True,twitter PerceptualSpeedIndex opt bytecode-cached cold fission webrender,,77,ms,firefox,,1762850337,2023-09-26 02:57:49,625.8,d6b39ea73d85054019ddee8cf425a34c549015d5,1306372,,,,,,,,,,,,,,,,,,,,,,,,,,,,,,,,,,,,,,,,,,,,,,,,,,,,,,,,,,,,,TN,TN
autoland,4405952,13,ad8d5d1385265583919f5a224e1153902b6eef60,macosx1015-64-shippable-qr,True,False,,|b|y|t|e|c|o|d|e|-|c|a|c|h|e|d| |c|o|l|d| |f|i|s|s|i|o|n| |w|e|b|r|e|n|d|e|r|,102210fe594ee9b33d82058545b1ed14f4c8206e,PerceptualSpeedIndex,twitter,True,twitter PerceptualSpeedIndex opt bytecode-cached cold fission webrender,,77,ms,firefox,,1762213122,2023-09-26 05:18:37,617.8,5c61430973af5452b01293947d0f76b758b97c28,1306392,,,,,,,,,,,,,,,,,,,,,,,,,,,,,,,,,,,,,,,,,,,,,,,,,,,,,,,,,,,,,TN,TN
autoland,4405952,13,ad8d5d1385265583919f5a224e1153902b6eef60,macosx1015-64-shippable-qr,True,False,,|b|y|t|e|c|o|d|e|-|c|a|c|h|e|d| |c|o|l|d| |f|i|s|s|i|o|n| |w|e|b|r|e|n|d|e|r|,102210fe594ee9b33d82058545b1ed14f4c8206e,PerceptualSpeedIndex,twitter,True,twitter PerceptualSpeedIndex opt bytecode-cached cold fission webrender,,77,ms,firefox,,1762835598,2023-09-26 07:22:43,596.6,0b480081dd33a59f2e3c247ebf9eaa36c90a926a,1306422,,,,,,,,,,,,,,,,,,,,,,,,,,,,,,,,,,,,,,,,,,,,,,,,,,,,,,,,,,,,,TN,TN
autoland,4405952,13,ad8d5d1385265583919f5a224e1153902b6eef60,macosx1015-64-shippable-qr,True,False,,|b|y|t|e|c|o|d|e|-|c|a|c|h|e|d| |c|o|l|d| |f|i|s|s|i|o|n| |w|e|b|r|e|n|d|e|r|,102210fe594ee9b33d82058545b1ed14f4c8206e,PerceptualSpeedIndex,twitter,True,twitter PerceptualSpeedIndex opt bytecode-cached cold fission webrender,,77,ms,firefox,,1762814629,2023-09-26 07:47:07,596.0,a7382d4a1a052e1b25d2ad2dd2bdbbf16ed3ecd7,1306433,,,,,,,,,,,,,,,,,,,,,,,,,,,,,,,,,,,,,,,,,,,,,,,,,,,,,,,,,,,,,TN,TN
autoland,4405952,13,ad8d5d1385265583919f5a224e1153902b6eef60,macosx1015-64-shippable-qr,True,False,,|b|y|t|e|c|o|d|e|-|c|a|c|h|e|d| |c|o|l|d| |f|i|s|s|i|o|n| |w|e|b|r|e|n|d|e|r|,102210fe594ee9b33d82058545b1ed14f4c8206e,PerceptualSpeedIndex,twitter,True,twitter PerceptualSpeedIndex opt bytecode-cached cold fission webrender,,77,ms,firefox,,1762278843,2023-09-26 07:48:07,609.1,920e4f82b3485f132edc7f551ecd9334fa702021,1306435,,,,,,,,,,,,,,,,,,,,,,,,,,,,,,,,,,,,,,,,,,,,,,,,,,,,,,,,,,,,,TN,TN
autoland,4405952,13,ad8d5d1385265583919f5a224e1153902b6eef60,macosx1015-64-shippable-qr,True,False,,|b|y|t|e|c|o|d|e|-|c|a|c|h|e|d| |c|o|l|d| |f|i|s|s|i|o|n| |w|e|b|r|e|n|d|e|r|,102210fe594ee9b33d82058545b1ed14f4c8206e,PerceptualSpeedIndex,twitter,True,twitter PerceptualSpeedIndex opt bytecode-cached cold fission webrender,,77,ms,firefox,,1762464517,2023-09-26 12:02:33,724.0,e60c3407f3620f94624c0ac7484a7d1b257be989,1306598,,,,,,,,,,,,,,,,,,,,,,,,,,,,,,,,,,,,,,,,,,,,,,,,,,,,,,,,,,,,,TN,TN
autoland,4405952,13,ad8d5d1385265583919f5a224e1153902b6eef60,macosx1015-64-shippable-qr,True,False,,|b|y|t|e|c|o|d|e|-|c|a|c|h|e|d| |c|o|l|d| |f|i|s|s|i|o|n| |w|e|b|r|e|n|d|e|r|,102210fe594ee9b33d82058545b1ed14f4c8206e,PerceptualSpeedIndex,twitter,True,twitter PerceptualSpeedIndex opt bytecode-cached cold fission webrender,,77,ms,firefox,,1762514808,2023-09-26 15:03:48,614.7,f6c351ade4f28a1ce3843d0af7e5ec35b37a3576,1306757,,,,,,,,,,,,,,,,,,,,,,,,,,,,,,,,,,,,,,,,,,,,,,,,,,,,,,,,,,,,,TN,TN
autoland,4405952,13,ad8d5d1385265583919f5a224e1153902b6eef60,macosx1015-64-shippable-qr,True,False,,|b|y|t|e|c|o|d|e|-|c|a|c|h|e|d| |c|o|l|d| |f|i|s|s|i|o|n| |w|e|b|r|e|n|d|e|r|,102210fe594ee9b33d82058545b1ed14f4c8206e,PerceptualSpeedIndex,twitter,True,twitter PerceptualSpeedIndex opt bytecode-cached cold fission webrender,,77,ms,firefox,,1762687486,2023-09-26 21:35:50,615.1,7a98d860920f5f74014454ce20ec6739e8a16878,1307018,,,,,,,,,,,,,,,,,,,,,,,,,,,,,,,,,,,,,,,,,,,,,,,,,,,,,,,,,,,,,TN,TN
autoland,4405952,13,ad8d5d1385265583919f5a224e1153902b6eef60,macosx1015-64-shippable-qr,True,False,,|b|y|t|e|c|o|d|e|-|c|a|c|h|e|d| |c|o|l|d| |f|i|s|s|i|o|n| |w|e|b|r|e|n|d|e|r|,102210fe594ee9b33d82058545b1ed14f4c8206e,PerceptualSpeedIndex,twitter,True,twitter PerceptualSpeedIndex opt bytecode-cached cold fission webrender,,77,ms,firefox,,1762812330,2023-09-27 02:35:37,623.3,583cfd323dab818e35dc1f15fa3e92a503e56e11,1307110,,,,,,,,,,,,,,,,,,,,,,,,,,,,,,,,,,,,,,,,,,,,,,,,,,,,,,,,,,,,,TN,TN
autoland,4405952,13,ad8d5d1385265583919f5a224e1153902b6eef60,macosx1015-64-shippable-qr,True,False,,|b|y|t|e|c|o|d|e|-|c|a|c|h|e|d| |c|o|l|d| |f|i|s|s|i|o|n| |w|e|b|r|e|n|d|e|r|,102210fe594ee9b33d82058545b1ed14f4c8206e,PerceptualSpeedIndex,twitter,True,twitter PerceptualSpeedIndex opt bytecode-cached cold fission webrender,,77,ms,firefox,,1762880405,2023-09-27 06:23:31,641.2,82ae09837aed66d319e3280febbf971a401bd8a6,1307163,,,,,,,,,,,,,,,,,,,,,,,,,,,,,,,,,,,,,,,,,,,,,,,,,,,,,,,,,,,,,TN,TN
autoland,4405952,13,ad8d5d1385265583919f5a224e1153902b6eef60,macosx1015-64-shippable-qr,True,False,,|b|y|t|e|c|o|d|e|-|c|a|c|h|e|d| |c|o|l|d| |f|i|s|s|i|o|n| |w|e|b|r|e|n|d|e|r|,102210fe594ee9b33d82058545b1ed14f4c8206e,PerceptualSpeedIndex,twitter,True,twitter PerceptualSpeedIndex opt bytecode-cached cold fission webrender,,77,ms,firefox,,1763008035,2023-09-27 10:25:54,629.6,a1a8c2eeff55a4651fa01530fa3ec3ab3bec9b31,1307283,,,,,,,,,,,,,,,,,,,,,,,,,,,,,,,,,,,,,,,,,,,,,,,,,,,,,,,,,,,,,TN,TN
autoland,4405952,13,ad8d5d1385265583919f5a224e1153902b6eef60,macosx1015-64-shippable-qr,True,False,,|b|y|t|e|c|o|d|e|-|c|a|c|h|e|d| |c|o|l|d| |f|i|s|s|i|o|n| |w|e|b|r|e|n|d|e|r|,102210fe594ee9b33d82058545b1ed14f4c8206e,PerceptualSpeedIndex,twitter,True,twitter PerceptualSpeedIndex opt bytecode-cached cold fission webrender,,77,ms,firefox,,1763014816,2023-09-27 10:32:06,667.6,af764baf74a1dd0e0b863a8cf26c25266bdcbc14,1307289,,,,,,,,,,,,,,,,,,,,,,,,,,,,,,,,,,,,,,,,,,,,,,,,,,,,,,,,,,,,,TN,TN
autoland,4405952,13,ad8d5d1385265583919f5a224e1153902b6eef60,macosx1015-64-shippable-qr,True,False,,|b|y|t|e|c|o|d|e|-|c|a|c|h|e|d| |c|o|l|d| |f|i|s|s|i|o|n| |w|e|b|r|e|n|d|e|r|,102210fe594ee9b33d82058545b1ed14f4c8206e,PerceptualSpeedIndex,twitter,True,twitter PerceptualSpeedIndex opt bytecode-cached cold fission webrender,,77,ms,firefox,,1763694827,2023-09-27 12:47:16,625.9,980fa29a4d6158b8727d4f95c9acc919dc65d05c,1307354,,,,,,,,,,,,,,,,,,,,,,,,,,,,,,,,,,,,,,,,,,,,,,,,,,,,,,,,,,,,,TN,TN
autoland,4405952,13,ad8d5d1385265583919f5a224e1153902b6eef60,macosx1015-64-shippable-qr,True,False,,|b|y|t|e|c|o|d|e|-|c|a|c|h|e|d| |c|o|l|d| |f|i|s|s|i|o|n| |w|e|b|r|e|n|d|e|r|,102210fe594ee9b33d82058545b1ed14f4c8206e,PerceptualSpeedIndex,twitter,True,twitter PerceptualSpeedIndex opt bytecode-cached cold fission webrender,,77,ms,firefox,,1763690088,2023-09-27 12:48:19,624.6,b02ccb907221ffc44b9ebee03d8e03282071e929,1307357,,,,,,,,,,,,,,,,,,,,,,,,,,,,,,,,,,,,,,,,,,,,,,,,,,,,,,,,,,,,,TN,TN
autoland,4405952,13,ad8d5d1385265583919f5a224e1153902b6eef60,macosx1015-64-shippable-qr,True,False,,|b|y|t|e|c|o|d|e|-|c|a|c|h|e|d| |c|o|l|d| |f|i|s|s|i|o|n| |w|e|b|r|e|n|d|e|r|,102210fe594ee9b33d82058545b1ed14f4c8206e,PerceptualSpeedIndex,twitter,True,twitter PerceptualSpeedIndex opt bytecode-cached cold fission webrender,,77,ms,firefox,,1763335692,2023-09-27 17:53:51,615.8,7768cf51f090145a9009fb37298f3c1da7d60a2f,1307581,,,,,,,,,,,,,,,,,,,,,,,,,,,,,,,,,,,,,,,,,,,,,,,,,,,,,,,,,,,,,TN,TN
autoland,4405952,13,ad8d5d1385265583919f5a224e1153902b6eef60,macosx1015-64-shippable-qr,True,False,,|b|y|t|e|c|o|d|e|-|c|a|c|h|e|d| |c|o|l|d| |f|i|s|s|i|o|n| |w|e|b|r|e|n|d|e|r|,102210fe594ee9b33d82058545b1ed14f4c8206e,PerceptualSpeedIndex,twitter,True,twitter PerceptualSpeedIndex opt bytecode-cached cold fission webrender,,77,ms,firefox,,1763534823,2023-09-27 23:11:22,632.4,d60788c1a5064d4f45dd33001554cde650df86be,1307771,,,,,,,,,,,,,,,,,,,,,,,,,,,,,,,,,,,,,,,,,,,,,,,,,,,,,,,,,,,,,TN,TN
autoland,4405952,13,ad8d5d1385265583919f5a224e1153902b6eef60,macosx1015-64-shippable-qr,True,False,,|b|y|t|e|c|o|d|e|-|c|a|c|h|e|d| |c|o|l|d| |f|i|s|s|i|o|n| |w|e|b|r|e|n|d|e|r|,102210fe594ee9b33d82058545b1ed14f4c8206e,PerceptualSpeedIndex,twitter,True,twitter PerceptualSpeedIndex opt bytecode-cached cold fission webrender,,77,ms,firefox,,1763688202,2023-09-28 04:14:46,619.2,d1fc71cc3817fe3529b10939ed53c1d395a346fa,1307836,,,,,,,,,,,,,,,,,,,,,,,,,,,,,,,,,,,,,,,,,,,,,,,,,,,,,,,,,,,,,TN,TN
autoland,4405952,13,ad8d5d1385265583919f5a224e1153902b6eef60,macosx1015-64-shippable-qr,True,False,,|b|y|t|e|c|o|d|e|-|c|a|c|h|e|d| |c|o|l|d| |f|i|s|s|i|o|n| |w|e|b|r|e|n|d|e|r|,102210fe594ee9b33d82058545b1ed14f4c8206e,PerceptualSpeedIndex,twitter,True,twitter PerceptualSpeedIndex opt bytecode-cached cold fission webrender,,77,ms,firefox,,1763796277,2023-09-28 08:00:04,629.7,d330b8e9f58e1065d1ca63ac5f284f7d1865e83c,1307885,,,,,,,,,,,,,,,,,,,,,,,,,,,,,,,,,,,,,,,,,,,,,,,,,,,,,,,,,,,,,TN,TN
autoland,4405952,13,ad8d5d1385265583919f5a224e1153902b6eef60,macosx1015-64-shippable-qr,True,False,,|b|y|t|e|c|o|d|e|-|c|a|c|h|e|d| |c|o|l|d| |f|i|s|s|i|o|n| |w|e|b|r|e|n|d|e|r|,102210fe594ee9b33d82058545b1ed14f4c8206e,PerceptualSpeedIndex,twitter,True,twitter PerceptualSpeedIndex opt bytecode-cached cold fission webrender,,77,ms,firefox,,1763901087,2023-09-28 11:44:43,621.1,a5fd40a8bf47afafdda240c7b8f1b1b911d2d937,1308037,,,,,,,,,,,,,,,,,,,,,,,,,,,,,,,,,,,,,,,,,,,,,,,,,,,,,,,,,,,,,TN,TN
autoland,4405952,13,ad8d5d1385265583919f5a224e1153902b6eef60,macosx1015-64-shippable-qr,True,False,,|b|y|t|e|c|o|d|e|-|c|a|c|h|e|d| |c|o|l|d| |f|i|s|s|i|o|n| |w|e|b|r|e|n|d|e|r|,102210fe594ee9b33d82058545b1ed14f4c8206e,PerceptualSpeedIndex,twitter,True,twitter PerceptualSpeedIndex opt bytecode-cached cold fission webrender,,77,ms,firefox,,1764179243,2023-09-28 15:45:35,602.6,0df79cc60ea0ef86258f3b33d533c75e91805d8b,1308186,,,,,,,,,,,,,,,,,,,,,,,,,,,,,,,,,,,,,,,,,,,,,,,,,,,,,,,,,,,,,TN,TN
autoland,4405952,13,ad8d5d1385265583919f5a224e1153902b6eef60,macosx1015-64-shippable-qr,True,False,,|b|y|t|e|c|o|d|e|-|c|a|c|h|e|d| |c|o|l|d| |f|i|s|s|i|o|n| |w|e|b|r|e|n|d|e|r|,102210fe594ee9b33d82058545b1ed14f4c8206e,PerceptualSpeedIndex,twitter,True,twitter PerceptualSpeedIndex opt bytecode-cached cold fission webrender,,77,ms,firefox,,1764222673,2023-09-28 16:38:20,730.5,a216736126b15f69ebee5d940a5c3394f95759cb,1308227,,,,,,,,,,,,,,,,,,,,,,,,,,,,,,,,,,,,,,,,,,,,,,,,,,,,,,,,,,,,,TN,TN
autoland,4405952,13,ad8d5d1385265583919f5a224e1153902b6eef60,macosx1015-64-shippable-qr,True,False,,|b|y|t|e|c|o|d|e|-|c|a|c|h|e|d| |c|o|l|d| |f|i|s|s|i|o|n| |w|e|b|r|e|n|d|e|r|,102210fe594ee9b33d82058545b1ed14f4c8206e,PerceptualSpeedIndex,twitter,True,twitter PerceptualSpeedIndex opt bytecode-cached cold fission webrender,,77,ms,firefox,,1764292011,2023-09-28 19:24:36,637.5,cd324cfaf45936b4670a6c0d15cbfe22d0e2f609,1308380,,,,,,,,,,,,,,,,,,,,,,,,,,,,,,,,,,,,,,,,,,,,,,,,,,,,,,,,,,,,,TN,TN
autoland,4405952,13,ad8d5d1385265583919f5a224e1153902b6eef60,macosx1015-64-shippable-qr,True,False,,|b|y|t|e|c|o|d|e|-|c|a|c|h|e|d| |c|o|l|d| |f|i|s|s|i|o|n| |w|e|b|r|e|n|d|e|r|,102210fe594ee9b33d82058545b1ed14f4c8206e,PerceptualSpeedIndex,twitter,True,twitter PerceptualSpeedIndex opt bytecode-cached cold fission webrender,,77,ms,firefox,,1764319380,2023-09-28 22:48:25,603.9,72bb9164219d9f54440ccfa7f55dc02f195190f9,1308491,,,,,,,,,,,,,,,,,,,,,,,,,,,,,,,,,,,,,,,,,,,,,,,,,,,,,,,,,,,,,TN,TN
autoland,4405952,13,ad8d5d1385265583919f5a224e1153902b6eef60,macosx1015-64-shippable-qr,True,False,,|b|y|t|e|c|o|d|e|-|c|a|c|h|e|d| |c|o|l|d| |f|i|s|s|i|o|n| |w|e|b|r|e|n|d|e|r|,102210fe594ee9b33d82058545b1ed14f4c8206e,PerceptualSpeedIndex,twitter,True,twitter PerceptualSpeedIndex opt bytecode-cached cold fission webrender,,77,ms,firefox,,1764504616,2023-09-29 05:26:28,621.0,4fd1c7c2dcf2973c3285d981e74b08dee641a0fc,1308580,,,,,,,,,,,,,,,,,,,,,,,,,,,,,,,,,,,,,,,,,,,,,,,,,,,,,,,,,,,,,TN,TN
autoland,4405952,13,ad8d5d1385265583919f5a224e1153902b6eef60,macosx1015-64-shippable-qr,True,False,,|b|y|t|e|c|o|d|e|-|c|a|c|h|e|d| |c|o|l|d| |f|i|s|s|i|o|n| |w|e|b|r|e|n|d|e|r|,102210fe594ee9b33d82058545b1ed14f4c8206e,PerceptualSpeedIndex,twitter,True,twitter PerceptualSpeedIndex opt bytecode-cached cold fission webrender,,77,ms,firefox,,1764630338,2023-09-29 09:03:41,620.0,6453cd78e4f187bc198e83900dd9937c3cc6d0fc,1308650,,,,,,,,,,,,,,,,,,,,,,,,,,,,,,,,,,,,,,,,,,,,,,,,,,,,,,,,,,,,,TN,TN
autoland,4405952,13,ad8d5d1385265583919f5a224e1153902b6eef60,macosx1015-64-shippable-qr,True,False,,|b|y|t|e|c|o|d|e|-|c|a|c|h|e|d| |c|o|l|d| |f|i|s|s|i|o|n| |w|e|b|r|e|n|d|e|r|,102210fe594ee9b33d82058545b1ed14f4c8206e,PerceptualSpeedIndex,twitter,True,twitter PerceptualSpeedIndex opt bytecode-cached cold fission webrender,,77,ms,firefox,,1764763344,2023-09-29 13:06:51,624.4,dfea5c2f2737b0334921941ecd0f5f235432942e,1308761,,,,,,,,,,,,,,,,,,,,,,,,,,,,,,,,,,,,,,,,,,,,,,,,,,,,,,,,,,,,,TN,TN
autoland,4405952,13,ad8d5d1385265583919f5a224e1153902b6eef60,macosx1015-64-shippable-qr,True,False,,|b|y|t|e|c|o|d|e|-|c|a|c|h|e|d| |c|o|l|d| |f|i|s|s|i|o|n| |w|e|b|r|e|n|d|e|r|,102210fe594ee9b33d82058545b1ed14f4c8206e,PerceptualSpeedIndex,twitter,True,twitter PerceptualSpeedIndex opt bytecode-cached cold fission webrender,,77,ms,firefox,,1764843219,2023-09-29 14:43:48,626.0,e2d3169fc579506294a164827b60ea38b9295bb1,1308803,,,,,,,,,,,,,,,,,,,,,,,,,,,,,,,,,,,,,,,,,,,,,,,,,,,,,,,,,,,,,TN,TN
autoland,4405952,13,ad8d5d1385265583919f5a224e1153902b6eef60,macosx1015-64-shippable-qr,True,False,,|b|y|t|e|c|o|d|e|-|c|a|c|h|e|d| |c|o|l|d| |f|i|s|s|i|o|n| |w|e|b|r|e|n|d|e|r|,102210fe594ee9b33d82058545b1ed14f4c8206e,PerceptualSpeedIndex,twitter,True,twitter PerceptualSpeedIndex opt bytecode-cached cold fission webrender,,77,ms,firefox,,1765187696,2023-09-29 17:22:14,623.7,51fa8a3c99f0609ebc42be909905d3b3360c6909,1308879,,,,,,,,,,,,,,,,,,,,,,,,,,,,,,,,,,,,,,,,,,,,,,,,,,,,,,,,,,,,,TN,TN
autoland,4405952,13,ad8d5d1385265583919f5a224e1153902b6eef60,macosx1015-64-shippable-qr,True,False,,|b|y|t|e|c|o|d|e|-|c|a|c|h|e|d| |c|o|l|d| |f|i|s|s|i|o|n| |w|e|b|r|e|n|d|e|r|,102210fe594ee9b33d82058545b1ed14f4c8206e,PerceptualSpeedIndex,twitter,True,twitter PerceptualSpeedIndex opt bytecode-cached cold fission webrender,,77,ms,firefox,,1765175614,2023-09-29 17:23:30,643.3,3677fd4aebcb91190a1d79fc4deeee12bf903671,1308882,,,,,,,,,,,,,,,,,,,,,,,,,,,,,,,,,,,,,,,,,,,,,,,,,,,,,,,,,,,,,TN,TN
autoland,4405952,13,ad8d5d1385265583919f5a224e1153902b6eef60,macosx1015-64-shippable-qr,True,False,,|b|y|t|e|c|o|d|e|-|c|a|c|h|e|d| |c|o|l|d| |f|i|s|s|i|o|n| |w|e|b|r|e|n|d|e|r|,102210fe594ee9b33d82058545b1ed14f4c8206e,PerceptualSpeedIndex,twitter,True,twitter PerceptualSpeedIndex opt bytecode-cached cold fission webrender,,77,ms,firefox,,1765174291,2023-09-29 17:37:10,627.0,8068f7fac7d44e5f28fec14686fc33ad260de99d,1308888,,,,,,,,,,,,,,,,,,,,,,,,,,,,,,,,,,,,,,,,,,,,,,,,,,,,,,,,,,,,,TN,TN
autoland,4405952,13,ad8d5d1385265583919f5a224e1153902b6eef60,macosx1015-64-shippable-qr,True,False,,|b|y|t|e|c|o|d|e|-|c|a|c|h|e|d| |c|o|l|d| |f|i|s|s|i|o|n| |w|e|b|r|e|n|d|e|r|,102210fe594ee9b33d82058545b1ed14f4c8206e,PerceptualSpeedIndex,twitter,True,twitter PerceptualSpeedIndex opt bytecode-cached cold fission webrender,,77,ms,firefox,,1765209438,2023-09-29 17:38:01,610.2,dbbfb173932c7a5d8d65faa382f881197bff8d18,1308889,,,,,,,,,,,,,,,,,,,,,,,,,,,,,,,,,,,,,,,,,,,,,,,,,,,,,,,,,,,,,TN,TN
autoland,4405952,13,ad8d5d1385265583919f5a224e1153902b6eef60,macosx1015-64-shippable-qr,True,False,,|b|y|t|e|c|o|d|e|-|c|a|c|h|e|d| |c|o|l|d| |f|i|s|s|i|o|n| |w|e|b|r|e|n|d|e|r|,102210fe594ee9b33d82058545b1ed14f4c8206e,PerceptualSpeedIndex,twitter,True,twitter PerceptualSpeedIndex opt bytecode-cached cold fission webrender,,77,ms,firefox,,1765190621,2023-09-29 22:04:24,614.6,bcd2222b6b08b09cee468dff6e7f94400e02b303,1309030,,,,,,,,,,,,,,,,,,,,,,,,,,,,,,,,,,,,,,,,,,,,,,,,,,,,,,,,,,,,,TN,TN
autoland,4405952,13,ad8d5d1385265583919f5a224e1153902b6eef60,macosx1015-64-shippable-qr,True,False,,|b|y|t|e|c|o|d|e|-|c|a|c|h|e|d| |c|o|l|d| |f|i|s|s|i|o|n| |w|e|b|r|e|n|d|e|r|,102210fe594ee9b33d82058545b1ed14f4c8206e,PerceptualSpeedIndex,twitter,True,twitter PerceptualSpeedIndex opt bytecode-cached cold fission webrender,,77,ms,firefox,,1765162025,2023-09-29 22:10:32,623.5,eee85ca883b58f7e7ed94e3a2e4ed573475159d4,1309031,,,,,,,,,,,,,,,,,,,,,,,,,,,,,,,,,,,,,,,,,,,,,,,,,,,,,,,,,,,,,TN,TN
autoland,4405952,13,ad8d5d1385265583919f5a224e1153902b6eef60,macosx1015-64-shippable-qr,True,False,,|b|y|t|e|c|o|d|e|-|c|a|c|h|e|d| |c|o|l|d| |f|i|s|s|i|o|n| |w|e|b|r|e|n|d|e|r|,102210fe594ee9b33d82058545b1ed14f4c8206e,PerceptualSpeedIndex,twitter,True,twitter PerceptualSpeedIndex opt bytecode-cached cold fission webrender,,77,ms,firefox,,1765213167,2023-09-30 06:24:14,643.7,c0cfc8c5836260ab8706d5b737a4f4f654da4610,1309077,,,,,,,,,,,,,,,,,,,,,,,,,,,,,,,,,,,,,,,,,,,,,,,,,,,,,,,,,,,,,TN,TN
autoland,4405952,13,ad8d5d1385265583919f5a224e1153902b6eef60,macosx1015-64-shippable-qr,True,False,,|b|y|t|e|c|o|d|e|-|c|a|c|h|e|d| |c|o|l|d| |f|i|s|s|i|o|n| |w|e|b|r|e|n|d|e|r|,102210fe594ee9b33d82058545b1ed14f4c8206e,PerceptualSpeedIndex,twitter,True,twitter PerceptualSpeedIndex opt bytecode-cached cold fission webrender,,77,ms,firefox,,1765332131,2023-09-30 15:09:24,614.4,0d5209658cf41a9d6d9f6c74890ecf69602525c4,1309133,,,,,,,,,,,,,,,,,,,,,,,,,,,,,,,,,,,,,,,,,,,,,,,,,,,,,,,,,,,,,TN,TN
autoland,4405952,13,ad8d5d1385265583919f5a224e1153902b6eef60,macosx1015-64-shippable-qr,True,False,,|b|y|t|e|c|o|d|e|-|c|a|c|h|e|d| |c|o|l|d| |f|i|s|s|i|o|n| |w|e|b|r|e|n|d|e|r|,102210fe594ee9b33d82058545b1ed14f4c8206e,PerceptualSpeedIndex,twitter,True,twitter PerceptualSpeedIndex opt bytecode-cached cold fission webrender,,77,ms,firefox,,1765351909,2023-09-30 15:56:32,619.1,8c9ba927121cd7f1cb5b31ffb86addc4c34b59a8,1309136,,,,,,,,,,,,,,,,,,,,,,,,,,,,,,,,,,,,,,,,,,,,,,,,,,,,,,,,,,,,,TN,TN
autoland,4405952,13,ad8d5d1385265583919f5a224e1153902b6eef60,macosx1015-64-shippable-qr,True,False,,|b|y|t|e|c|o|d|e|-|c|a|c|h|e|d| |c|o|l|d| |f|i|s|s|i|o|n| |w|e|b|r|e|n|d|e|r|,102210fe594ee9b33d82058545b1ed14f4c8206e,PerceptualSpeedIndex,twitter,True,twitter PerceptualSpeedIndex opt bytecode-cached cold fission webrender,,77,ms,firefox,,1765381084,2023-09-30 20:01:07,634.6,bacf4fcba00b9d708012b5c8144292e5362ed452,1309152,,,,,,,,,,,,,,,,,,,,,,,,,,,,,,,,,,,,,,,,,,,,,,,,,,,,,,,,,,,,,TN,TN
autoland,4405952,13,ad8d5d1385265583919f5a224e1153902b6eef60,macosx1015-64-shippable-qr,True,False,,|b|y|t|e|c|o|d|e|-|c|a|c|h|e|d| |c|o|l|d| |f|i|s|s|i|o|n| |w|e|b|r|e|n|d|e|r|,102210fe594ee9b33d82058545b1ed14f4c8206e,PerceptualSpeedIndex,twitter,True,twitter PerceptualSpeedIndex opt bytecode-cached cold fission webrender,,77,ms,firefox,,1765436625,2023-10-01 02:27:22,616.2,b781e655236dff9086d1be5c4b59b0263a9cee56,1309171,,,,,,,,,,,,,,,,,,,,,,,,,,,,,,,,,,,,,,,,,,,,,,,,,,,,,,,,,,,,,TN,TN
autoland,4405952,13,ad8d5d1385265583919f5a224e1153902b6eef60,macosx1015-64-shippable-qr,True,False,,|b|y|t|e|c|o|d|e|-|c|a|c|h|e|d| |c|o|l|d| |f|i|s|s|i|o|n| |w|e|b|r|e|n|d|e|r|,102210fe594ee9b33d82058545b1ed14f4c8206e,PerceptualSpeedIndex,twitter,True,twitter PerceptualSpeedIndex opt bytecode-cached cold fission webrender,,77,ms,firefox,,1765549756,2023-10-01 15:08:35,595.2,1abb269d873e8bda2c0fa1b4f26f481c89584ca6,1309237,,,,,,,,,,,,,,,,,,,,,,,,,,,,,,,,,,,,,,,,,,,,,,,,,,,,,,,,,,,,,TN,TN
autoland,4405952,13,ad8d5d1385265583919f5a224e1153902b6eef60,macosx1015-64-shippable-qr,True,False,,|b|y|t|e|c|o|d|e|-|c|a|c|h|e|d| |c|o|l|d| |f|i|s|s|i|o|n| |w|e|b|r|e|n|d|e|r|,102210fe594ee9b33d82058545b1ed14f4c8206e,PerceptualSpeedIndex,twitter,True,twitter PerceptualSpeedIndex opt bytecode-cached cold fission webrender,,77,ms,firefox,,1765603802,2023-10-01 19:57:41,609.1,72adc901a818435f7ba23e492963c7e1bf526be1,1309256,,,,,,,,,,,,,,,,,,,,,,,,,,,,,,,,,,,,,,,,,,,,,,,,,,,,,,,,,,,,,TN,TN
autoland,4405952,13,ad8d5d1385265583919f5a224e1153902b6eef60,macosx1015-64-shippable-qr,True,False,,|b|y|t|e|c|o|d|e|-|c|a|c|h|e|d| |c|o|l|d| |f|i|s|s|i|o|n| |w|e|b|r|e|n|d|e|r|,102210fe594ee9b33d82058545b1ed14f4c8206e,PerceptualSpeedIndex,twitter,True,twitter PerceptualSpeedIndex opt bytecode-cached cold fission webrender,,77,ms,firefox,,1765599366,2023-10-01 20:03:17,612.1,1c52958ae6ea59e32694986c0d6332b8171aca86,1309258,,,,,,,,,,,,,,,,,,,,,,,,,,,,,,,,,,,,,,,,,,,,,,,,,,,,,,,,,,,,,TN,TN
autoland,4405952,13,ad8d5d1385265583919f5a224e1153902b6eef60,macosx1015-64-shippable-qr,True,False,,|b|y|t|e|c|o|d|e|-|c|a|c|h|e|d| |c|o|l|d| |f|i|s|s|i|o|n| |w|e|b|r|e|n|d|e|r|,102210fe594ee9b33d82058545b1ed14f4c8206e,PerceptualSpeedIndex,twitter,True,twitter PerceptualSpeedIndex opt bytecode-cached cold fission webrender,,77,ms,firefox,,1765700092,2023-10-02 00:31:45,642.5,55fc90da3cff35171d66e3dcf280575bef8c17a6,1309288,,,,,,,,,,,,,,,,,,,,,,,,,,,,,,,,,,,,,,,,,,,,,,,,,,,,,,,,,,,,,TN,TN
autoland,4405952,13,ad8d5d1385265583919f5a224e1153902b6eef60,macosx1015-64-shippable-qr,True,False,,|b|y|t|e|c|o|d|e|-|c|a|c|h|e|d| |c|o|l|d| |f|i|s|s|i|o|n| |w|e|b|r|e|n|d|e|r|,102210fe594ee9b33d82058545b1ed14f4c8206e,PerceptualSpeedIndex,twitter,True,twitter PerceptualSpeedIndex opt bytecode-cached cold fission webrender,,77,ms,firefox,,1766487365,2023-10-02 13:23:04,604.8,d4e50ba4e3bb32cd117ee7c751c056f37b00e6f4,1309543,,,,,,,,,,,,,,,,,,,,,,,,,,,,,,,,,,,,,,,,,,,,,,,,,,,,,,,,,,,,,TN,TN
autoland,4405952,13,ad8d5d1385265583919f5a224e1153902b6eef60,macosx1015-64-shippable-qr,True,False,,|b|y|t|e|c|o|d|e|-|c|a|c|h|e|d| |c|o|l|d| |f|i|s|s|i|o|n| |w|e|b|r|e|n|d|e|r|,102210fe594ee9b33d82058545b1ed14f4c8206e,PerceptualSpeedIndex,twitter,True,twitter PerceptualSpeedIndex opt bytecode-cached cold fission webrender,,77,ms,firefox,,1766407461,2023-10-02 13:24:00,623.3,1404f0f8f3636b099bf2bce17070418ad38f1890,1309544,,,,,,,,,,,,,,,,,,,,,,,,,,,,,,,,,,,,,,,,,,,,,,,,,,,,,,,,,,,,,TN,TN
autoland,4405952,13,ad8d5d1385265583919f5a224e1153902b6eef60,macosx1015-64-shippable-qr,True,False,,|b|y|t|e|c|o|d|e|-|c|a|c|h|e|d| |c|o|l|d| |f|i|s|s|i|o|n| |w|e|b|r|e|n|d|e|r|,102210fe594ee9b33d82058545b1ed14f4c8206e,PerceptualSpeedIndex,twitter,True,twitter PerceptualSpeedIndex opt bytecode-cached cold fission webrender,,77,ms,firefox,,1766402797,2023-10-02 13:24:51,736.6,ee29ea36851a37d2f52579657e670838c92d0068,1309545,,,,,,,,,,,,,,,,,,,,,,,,,,,,,,,,,,,,,,,,,,,,,,,,,,,,,,,,,,,,,TN,TN
autoland,4405952,13,ad8d5d1385265583919f5a224e1153902b6eef60,macosx1015-64-shippable-qr,True,False,,|b|y|t|e|c|o|d|e|-|c|a|c|h|e|d| |c|o|l|d| |f|i|s|s|i|o|n| |w|e|b|r|e|n|d|e|r|,102210fe594ee9b33d82058545b1ed14f4c8206e,PerceptualSpeedIndex,twitter,True,twitter PerceptualSpeedIndex opt bytecode-cached cold fission webrender,,77,ms,firefox,,1766104817,2023-10-02 16:59:31,611.6,db33a2d0d6c36f0c15318f1c5ffaa7498a1ee4f3,1309721,,,,,,,,,,,,,,,,,,,,,,,,,,,,,,,,,,,,,,,,,,,,,,,,,,,,,,,,,,,,,TN,TN
autoland,4405952,13,ad8d5d1385265583919f5a224e1153902b6eef60,macosx1015-64-shippable-qr,True,False,,|b|y|t|e|c|o|d|e|-|c|a|c|h|e|d| |c|o|l|d| |f|i|s|s|i|o|n| |w|e|b|r|e|n|d|e|r|,102210fe594ee9b33d82058545b1ed14f4c8206e,PerceptualSpeedIndex,twitter,True,twitter PerceptualSpeedIndex opt bytecode-cached cold fission webrender,,77,ms,firefox,,1766395822,2023-10-03 05:01:50,623.6,53af11a26cb69e0616d9f481f988276e0a6da93e,1310080,,,,,,,,,,,,,,,,,,,,,,,,,,,,,,,,,,,,,,,,,,,,,,,,,,,,,,,,,,,,,TN,TN
autoland,4405952,13,ad8d5d1385265583919f5a224e1153902b6eef60,macosx1015-64-shippable-qr,True,False,,|b|y|t|e|c|o|d|e|-|c|a|c|h|e|d| |c|o|l|d| |f|i|s|s|i|o|n| |w|e|b|r|e|n|d|e|r|,102210fe594ee9b33d82058545b1ed14f4c8206e,PerceptualSpeedIndex,twitter,True,twitter PerceptualSpeedIndex opt bytecode-cached cold fission webrender,,77,ms,firefox,,1766753072,2023-10-03 11:04:59,611.5,f003c74ca9f9399bc6db342491d997d682efc357,1310236,,,,,,,,,,,,,,,,,,,,,,,,,,,,,,,,,,,,,,,,,,,,,,,,,,,,,,,,,,,,,TN,TN
autoland,4405952,13,ad8d5d1385265583919f5a224e1153902b6eef60,macosx1015-64-shippable-qr,True,False,,|b|y|t|e|c|o|d|e|-|c|a|c|h|e|d| |c|o|l|d| |f|i|s|s|i|o|n| |w|e|b|r|e|n|d|e|r|,102210fe594ee9b33d82058545b1ed14f4c8206e,PerceptualSpeedIndex,twitter,True,twitter PerceptualSpeedIndex opt bytecode-cached cold fission webrender,,77,ms,firefox,,1766774506,2023-10-03 12:29:11,749.3,e17d7235b6833e36a524263990347804df15c7fb,1310274,,,,,,,,,,,,,,,,,,,,,,,,,,,,,,,,,,,,,,,,,,,,,,,,,,,,,,,,,,,,,TN,TN
autoland,4405952,13,ad8d5d1385265583919f5a224e1153902b6eef60,macosx1015-64-shippable-qr,True,False,,|b|y|t|e|c|o|d|e|-|c|a|c|h|e|d| |c|o|l|d| |f|i|s|s|i|o|n| |w|e|b|r|e|n|d|e|r|,102210fe594ee9b33d82058545b1ed14f4c8206e,PerceptualSpeedIndex,twitter,True,twitter PerceptualSpeedIndex opt bytecode-cached cold fission webrender,,77,ms,firefox,,1767302698,2023-10-03 15:17:19,596.2,b3b1aa7e76bca656376581afa36895bcaf2c2bca,1310382,,,,,,,,,,,,,,,,,,,,,,,,,,,,,,,,,,,,,,,,,,,,,,,,,,,,,,,,,,,,,TN,TN
autoland,4405952,13,ad8d5d1385265583919f5a224e1153902b6eef60,macosx1015-64-shippable-qr,True,False,,|b|y|t|e|c|o|d|e|-|c|a|c|h|e|d| |c|o|l|d| |f|i|s|s|i|o|n| |w|e|b|r|e|n|d|e|r|,102210fe594ee9b33d82058545b1ed14f4c8206e,PerceptualSpeedIndex,twitter,True,twitter PerceptualSpeedIndex opt bytecode-cached cold fission webrender,,77,ms,firefox,,1767327958,2023-10-03 15:19:21,609.4,226b3a89b9be28eabc8c9c4dfebb5eac585c4a66,1310384,,,,,,,,,,,,,,,,,,,,,,,,,,,,,,,,,,,,,,,,,,,,,,,,,,,,,,,,,,,,,TN,TN
autoland,4405952,13,ad8d5d1385265583919f5a224e1153902b6eef60,macosx1015-64-shippable-qr,True,False,,|b|y|t|e|c|o|d|e|-|c|a|c|h|e|d| |c|o|l|d| |f|i|s|s|i|o|n| |w|e|b|r|e|n|d|e|r|,102210fe594ee9b33d82058545b1ed14f4c8206e,PerceptualSpeedIndex,twitter,True,twitter PerceptualSpeedIndex opt bytecode-cached cold fission webrender,,77,ms,firefox,,1767005541,2023-10-03 16:51:48,628.6,b93578d846b3af884d0a623f8ce43e0183c8307f,1310439,,,,,,,,,,,,,,,,,,,,,,,,,,,,,,,,,,,,,,,,,,,,,,,,,,,,,,,,,,,,,TN,TN
autoland,4405952,13,ad8d5d1385265583919f5a224e1153902b6eef60,macosx1015-64-shippable-qr,True,False,,|b|y|t|e|c|o|d|e|-|c|a|c|h|e|d| |c|o|l|d| |f|i|s|s|i|o|n| |w|e|b|r|e|n|d|e|r|,102210fe594ee9b33d82058545b1ed14f4c8206e,PerceptualSpeedIndex,twitter,True,twitter PerceptualSpeedIndex opt bytecode-cached cold fission webrender,,77,ms,firefox,,1767315636,2023-10-03 18:55:57,613.2,40e8e79805b33e9018a2ef43bb9b0edfd9bd0ec0,1310528,,,,,,,,,,,,,,,,,,,,,,,,,,,,,,,,,,,,,,,,,,,,,,,,,,,,,,,,,,,,,TN,TN
autoland,4405952,13,ad8d5d1385265583919f5a224e1153902b6eef60,macosx1015-64-shippable-qr,True,False,,|b|y|t|e|c|o|d|e|-|c|a|c|h|e|d| |c|o|l|d| |f|i|s|s|i|o|n| |w|e|b|r|e|n|d|e|r|,102210fe594ee9b33d82058545b1ed14f4c8206e,PerceptualSpeedIndex,twitter,True,twitter PerceptualSpeedIndex opt bytecode-cached cold fission webrender,,77,ms,firefox,,1767333078,2023-10-03 18:59:16,625.9,629886ef61b65a57dcc4e49625313b4c6b8c8b7e,1310533,,,,,,,,,,,,,,,,,,,,,,,,,,,,,,,,,,,,,,,,,,,,,,,,,,,,,,,,,,,,,TN,TN
autoland,4405952,13,ad8d5d1385265583919f5a224e1153902b6eef60,macosx1015-64-shippable-qr,True,False,,|b|y|t|e|c|o|d|e|-|c|a|c|h|e|d| |c|o|l|d| |f|i|s|s|i|o|n| |w|e|b|r|e|n|d|e|r|,102210fe594ee9b33d82058545b1ed14f4c8206e,PerceptualSpeedIndex,twitter,True,twitter PerceptualSpeedIndex opt bytecode-cached cold fission webrender,,77,ms,firefox,,1767110482,2023-10-03 20:26:11,614.0,422c0919f37048afb02dc4d87dfc018baa718a5b,1310584,,,,,,,,,,,,,,,,,,,,,,,,,,,,,,,,,,,,,,,,,,,,,,,,,,,,,,,,,,,,,TN,TN
autoland,4405952,13,ad8d5d1385265583919f5a224e1153902b6eef60,macosx1015-64-shippable-qr,True,False,,|b|y|t|e|c|o|d|e|-|c|a|c|h|e|d| |c|o|l|d| |f|i|s|s|i|o|n| |w|e|b|r|e|n|d|e|r|,102210fe594ee9b33d82058545b1ed14f4c8206e,PerceptualSpeedIndex,twitter,True,twitter PerceptualSpeedIndex opt bytecode-cached cold fission webrender,,77,ms,firefox,,1767138336,2023-10-04 00:09:44,608.7,3fb508020251d2cb191f2d62714da25ec3f35118,1310704,,,,,,,,,,,,,,,,,,,,,,,,,,,,,,,,,,,,,,,,,,,,,,,,,,,,,,,,,,,,,TN,TN
autoland,4405952,13,ad8d5d1385265583919f5a224e1153902b6eef60,macosx1015-64-shippable-qr,True,False,,|b|y|t|e|c|o|d|e|-|c|a|c|h|e|d| |c|o|l|d| |f|i|s|s|i|o|n| |w|e|b|r|e|n|d|e|r|,102210fe594ee9b33d82058545b1ed14f4c8206e,PerceptualSpeedIndex,twitter,True,twitter PerceptualSpeedIndex opt bytecode-cached cold fission webrender,,77,ms,firefox,,1767355351,2023-10-04 04:52:48,596.3,413c83e8ccdad48a5ea3e58243d8ec9bb8c317fd,1310758,,,,,,,,,,,,,,,,,,,,,,,,,,,,,,,,,,,,,,,,,,,,,,,,,,,,,,,,,,,,,TN,TN
autoland,4405952,13,ad8d5d1385265583919f5a224e1153902b6eef60,macosx1015-64-shippable-qr,True,False,,|b|y|t|e|c|o|d|e|-|c|a|c|h|e|d| |c|o|l|d| |f|i|s|s|i|o|n| |w|e|b|r|e|n|d|e|r|,102210fe594ee9b33d82058545b1ed14f4c8206e,PerceptualSpeedIndex,twitter,True,twitter PerceptualSpeedIndex opt bytecode-cached cold fission webrender,,77,ms,firefox,,1767403432,2023-10-04 07:37:17,615.5,ee60a98b1285e84f8466d929dd7197b4cb9e3beb,1310806,,,,,,,,,,,,,,,,,,,,,,,,,,,,,,,,,,,,,,,,,,,,,,,,,,,,,,,,,,,,,TN,TN
autoland,4405952,13,ad8d5d1385265583919f5a224e1153902b6eef60,macosx1015-64-shippable-qr,True,False,,|b|y|t|e|c|o|d|e|-|c|a|c|h|e|d| |c|o|l|d| |f|i|s|s|i|o|n| |w|e|b|r|e|n|d|e|r|,102210fe594ee9b33d82058545b1ed14f4c8206e,PerceptualSpeedIndex,twitter,True,twitter PerceptualSpeedIndex opt bytecode-cached cold fission webrender,,77,ms,firefox,,1768118408,2023-10-04 09:49:47,579.2,1c1b0e052b07035c225a9cfda5aa8f87ea21e372,1310877,,,,,,,,,,,,,,,,,,,,,,,,,,,,,,,,,,,,,,,,,,,,,,,,,,,,,,,,,,,,,TN,TN
autoland,4405952,13,ad8d5d1385265583919f5a224e1153902b6eef60,macosx1015-64-shippable-qr,True,False,,|b|y|t|e|c|o|d|e|-|c|a|c|h|e|d| |c|o|l|d| |f|i|s|s|i|o|n| |w|e|b|r|e|n|d|e|r|,102210fe594ee9b33d82058545b1ed14f4c8206e,PerceptualSpeedIndex,twitter,True,twitter PerceptualSpeedIndex opt bytecode-cached cold fission webrender,,77,ms,firefox,,1768126960,2023-10-04 09:51:53,607.8,5bf3ad80b3ec559fbfff98aed41d9b68c097f72a,1310879,,,,,,,,,,,,,,,,,,,,,,,,,,,,,,,,,,,,,,,,,,,,,,,,,,,,,,,,,,,,,TN,TN
autoland,4405952,13,ad8d5d1385265583919f5a224e1153902b6eef60,macosx1015-64-shippable-qr,True,False,,|b|y|t|e|c|o|d|e|-|c|a|c|h|e|d| |c|o|l|d| |f|i|s|s|i|o|n| |w|e|b|r|e|n|d|e|r|,102210fe594ee9b33d82058545b1ed14f4c8206e,PerceptualSpeedIndex,twitter,True,twitter PerceptualSpeedIndex opt bytecode-cached cold fission webrender,,77,ms,firefox,,1767747859,2023-10-04 11:43:59,612.5,c559095402a2380ba171d9c60662e36c8d5e948d,1310929,,,,,,,,,,,,,,,,,,,,,,,,,,,,,,,,,,,,,,,,,,,,,,,,,,,,,,,,,,,,,TN,TN
autoland,4405952,13,ad8d5d1385265583919f5a224e1153902b6eef60,macosx1015-64-shippable-qr,True,False,,|b|y|t|e|c|o|d|e|-|c|a|c|h|e|d| |c|o|l|d| |f|i|s|s|i|o|n| |w|e|b|r|e|n|d|e|r|,102210fe594ee9b33d82058545b1ed14f4c8206e,PerceptualSpeedIndex,twitter,True,twitter PerceptualSpeedIndex opt bytecode-cached cold fission webrender,,77,ms,firefox,,1767708726,2023-10-04 13:35:26,647.5,764533656770292f05824c8125c45832ba08baa6,1311025,,,,,,,,,,,,,,,,,,,,,,,,,,,,,,,,,,,,,,,,,,,,,,,,,,,,,,,,,,,,,TN,TN
autoland,4405952,13,ad8d5d1385265583919f5a224e1153902b6eef60,macosx1015-64-shippable-qr,True,False,,|b|y|t|e|c|o|d|e|-|c|a|c|h|e|d| |c|o|l|d| |f|i|s|s|i|o|n| |w|e|b|r|e|n|d|e|r|,102210fe594ee9b33d82058545b1ed14f4c8206e,PerceptualSpeedIndex,twitter,True,twitter PerceptualSpeedIndex opt bytecode-cached cold fission webrender,,77,ms,firefox,,1767842222,2023-10-04 16:58:39,608.6,ce4c0f200f3bbd6681a6313aebf0d64f7ea8afe5,1311191,,,,,,,,,,,,,,,,,,,,,,,,,,,,,,,,,,,,,,,,,,,,,,,,,,,,,,,,,,,,,TN,TN
autoland,4405952,13,ad8d5d1385265583919f5a224e1153902b6eef60,macosx1015-64-shippable-qr,True,False,,|b|y|t|e|c|o|d|e|-|c|a|c|h|e|d| |c|o|l|d| |f|i|s|s|i|o|n| |w|e|b|r|e|n|d|e|r|,102210fe594ee9b33d82058545b1ed14f4c8206e,PerceptualSpeedIndex,twitter,True,twitter PerceptualSpeedIndex opt bytecode-cached cold fission webrender,,77,ms,firefox,,1767902764,2023-10-04 20:54:48,630.2,e557eb7d97ce665fd81c680ed136877f12572c13,1311395,,,,,,,,,,,,,,,,,,,,,,,,,,,,,,,,,,,,,,,,,,,,,,,,,,,,,,,,,,,,,TN,TN
autoland,4405952,13,ad8d5d1385265583919f5a224e1153902b6eef60,macosx1015-64-shippable-qr,True,False,,|b|y|t|e|c|o|d|e|-|c|a|c|h|e|d| |c|o|l|d| |f|i|s|s|i|o|n| |w|e|b|r|e|n|d|e|r|,102210fe594ee9b33d82058545b1ed14f4c8206e,PerceptualSpeedIndex,twitter,True,twitter PerceptualSpeedIndex opt bytecode-cached cold fission webrender,,77,ms,firefox,,1768002894,2023-10-05 00:01:56,607.5,59f4df7189285072039d3a68afd88090443edb71,1311536,,,,,,,,,,,,,,,,,,,,,,,,,,,,,,,,,,,,,,,,,,,,,,,,,,,,,,,,,,,,,TN,TN
autoland,4405952,13,ad8d5d1385265583919f5a224e1153902b6eef60,macosx1015-64-shippable-qr,True,False,,|b|y|t|e|c|o|d|e|-|c|a|c|h|e|d| |c|o|l|d| |f|i|s|s|i|o|n| |w|e|b|r|e|n|d|e|r|,102210fe594ee9b33d82058545b1ed14f4c8206e,PerceptualSpeedIndex,twitter,True,twitter PerceptualSpeedIndex opt bytecode-cached cold fission webrender,,77,ms,firefox,,1768109647,2023-10-05 04:15:14,614.9,c406ccc1889d7f77e187d219bc9800009e26c02e,1311596,,,,,,,,,,,,,,,,,,,,,,,,,,,,,,,,,,,,,,,,,,,,,,,,,,,,,,,,,,,,,TN,TN
autoland,4405952,13,ad8d5d1385265583919f5a224e1153902b6eef60,macosx1015-64-shippable-qr,True,False,,|b|y|t|e|c|o|d|e|-|c|a|c|h|e|d| |c|o|l|d| |f|i|s|s|i|o|n| |w|e|b|r|e|n|d|e|r|,102210fe594ee9b33d82058545b1ed14f4c8206e,PerceptualSpeedIndex,twitter,True,twitter PerceptualSpeedIndex opt bytecode-cached cold fission webrender,,77,ms,firefox,,1768181584,2023-10-05 08:15:44,591.2,526604ee2cd434fcf94020c1c8b6b96d253a6e83,1311663,,,,,,,,,,,,,,,,,,,,,,,,,,,,,,,,,,,,,,,,,,,,,,,,,,,,,,,,,,,,,TN,TN
autoland,4405952,13,ad8d5d1385265583919f5a224e1153902b6eef60,macosx1015-64-shippable-qr,True,False,,|b|y|t|e|c|o|d|e|-|c|a|c|h|e|d| |c|o|l|d| |f|i|s|s|i|o|n| |w|e|b|r|e|n|d|e|r|,102210fe594ee9b33d82058545b1ed14f4c8206e,PerceptualSpeedIndex,twitter,True,twitter PerceptualSpeedIndex opt bytecode-cached cold fission webrender,,77,ms,firefox,,1768187144,2023-10-05 08:43:24,726.8,352fa7471fb72db127fc25a7723d201abec7bd50,1311677,,,,,,,,,,,,,,,,,,,,,,,,,,,,,,,,,,,,,,,,,,,,,,,,,,,,,,,,,,,,,TN,TN
autoland,4405952,13,ad8d5d1385265583919f5a224e1153902b6eef60,macosx1015-64-shippable-qr,True,False,,|b|y|t|e|c|o|d|e|-|c|a|c|h|e|d| |c|o|l|d| |f|i|s|s|i|o|n| |w|e|b|r|e|n|d|e|r|,102210fe594ee9b33d82058545b1ed14f4c8206e,PerceptualSpeedIndex,twitter,True,twitter PerceptualSpeedIndex opt bytecode-cached cold fission webrender,,77,ms,firefox,,1768415877,2023-10-05 13:03:19,606.0,071a248f1589b12a9d492997caf012ac6a813d61,1311840,,,,,,,,,,,,,,,,,,,,,,,,,,,,,,,,,,,,,,,,,,,,,,,,,,,,,,,,,,,,,TN,TN
autoland,4405952,13,ad8d5d1385265583919f5a224e1153902b6eef60,macosx1015-64-shippable-qr,True,False,,|b|y|t|e|c|o|d|e|-|c|a|c|h|e|d| |c|o|l|d| |f|i|s|s|i|o|n| |w|e|b|r|e|n|d|e|r|,102210fe594ee9b33d82058545b1ed14f4c8206e,PerceptualSpeedIndex,twitter,True,twitter PerceptualSpeedIndex opt bytecode-cached cold fission webrender,,77,ms,firefox,,1768434258,2023-10-05 14:07:33,609.5,38a59b940c35dfab50ff2deda3fe6f27bfa99213,1311899,,,,,,,,,,,,,,,,,,,,,,,,,,,,,,,,,,,,,,,,,,,,,,,,,,,,,,,,,,,,,TN,TN
autoland,4405952,13,ad8d5d1385265583919f5a224e1153902b6eef60,macosx1015-64-shippable-qr,True,False,,|b|y|t|e|c|o|d|e|-|c|a|c|h|e|d| |c|o|l|d| |f|i|s|s|i|o|n| |w|e|b|r|e|n|d|e|r|,102210fe594ee9b33d82058545b1ed14f4c8206e,PerceptualSpeedIndex,twitter,True,twitter PerceptualSpeedIndex opt bytecode-cached cold fission webrender,,77,ms,firefox,,1768697663,2023-10-05 17:18:24,599.4,def7651a06fb17bb344eaf48cc6daa6047be722e,1312069,,,,,,,,,,,,,,,,,,,,,,,,,,,,,,,,,,,,,,,,,,,,,,,,,,,,,,,,,,,,,TN,TN
autoland,4405952,13,ad8d5d1385265583919f5a224e1153902b6eef60,macosx1015-64-shippable-qr,True,False,,|b|y|t|e|c|o|d|e|-|c|a|c|h|e|d| |c|o|l|d| |f|i|s|s|i|o|n| |w|e|b|r|e|n|d|e|r|,102210fe594ee9b33d82058545b1ed14f4c8206e,PerceptualSpeedIndex,twitter,True,twitter PerceptualSpeedIndex opt bytecode-cached cold fission webrender,,77,ms,firefox,,1768809478,2023-10-05 19:49:01,613.6,5cb270a4e6b6f0aa6cd6865b7f8daf75ad10263c,1312160,,,,,,,,,,,,,,,,,,,,,,,,,,,,,,,,,,,,,,,,,,,,,,,,,,,,,,,,,,,,,TN,TN
autoland,4405952,13,ad8d5d1385265583919f5a224e1153902b6eef60,macosx1015-64-shippable-qr,True,False,,|b|y|t|e|c|o|d|e|-|c|a|c|h|e|d| |c|o|l|d| |f|i|s|s|i|o|n| |w|e|b|r|e|n|d|e|r|,102210fe594ee9b33d82058545b1ed14f4c8206e,PerceptualSpeedIndex,twitter,True,twitter PerceptualSpeedIndex opt bytecode-cached cold fission webrender,,77,ms,firefox,,1768956461,2023-10-06 01:08:36,596.3,461a9c98a535b9896e9d394bdfee72ce90cf7afd,1312319,,,,,,,,,,,,,,,,,,,,,,,,,,,,,,,,,,,,,,,,,,,,,,,,,,,,,,,,,,,,,TN,TN
autoland,4405952,13,ad8d5d1385265583919f5a224e1153902b6eef60,macosx1015-64-shippable-qr,True,False,,|b|y|t|e|c|o|d|e|-|c|a|c|h|e|d| |c|o|l|d| |f|i|s|s|i|o|n| |w|e|b|r|e|n|d|e|r|,102210fe594ee9b33d82058545b1ed14f4c8206e,PerceptualSpeedIndex,twitter,True,twitter PerceptualSpeedIndex opt bytecode-cached cold fission webrender,,77,ms,firefox,,1768979899,2023-10-06 04:02:35,602.5,055e1badb79853e71fe9123f8e0c60a4381a1239,1312369,,,,,,,,,,,,,,,,,,,,,,,,,,,,,,,,,,,,,,,,,,,,,,,,,,,,,,,,,,,,,TN,TN
autoland,4405952,13,ad8d5d1385265583919f5a224e1153902b6eef60,macosx1015-64-shippable-qr,True,False,,|b|y|t|e|c|o|d|e|-|c|a|c|h|e|d| |c|o|l|d| |f|i|s|s|i|o|n| |w|e|b|r|e|n|d|e|r|,102210fe594ee9b33d82058545b1ed14f4c8206e,PerceptualSpeedIndex,twitter,True,twitter PerceptualSpeedIndex opt bytecode-cached cold fission webrender,,77,ms,firefox,,1769065802,2023-10-06 08:43:18,604.0,00b027478170756439b780282f9cfdf15edea985,1312452,,,,,,,,,,,,,,,,,,,,,,,,,,,,,,,,,,,,,,,,,,,,,,,,,,,,,,,,,,,,,TN,TN
autoland,4405952,13,ad8d5d1385265583919f5a224e1153902b6eef60,macosx1015-64-shippable-qr,True,False,,|b|y|t|e|c|o|d|e|-|c|a|c|h|e|d| |c|o|l|d| |f|i|s|s|i|o|n| |w|e|b|r|e|n|d|e|r|,102210fe594ee9b33d82058545b1ed14f4c8206e,PerceptualSpeedIndex,twitter,True,twitter PerceptualSpeedIndex opt bytecode-cached cold fission webrender,,77,ms,firefox,,1769250447,2023-10-06 12:06:22,606.6,9b362770f30bc360df921ba24ace5de8c387e631,1312537,,,,,,,,,,,,,,,,,,,,,,,,,,,,,,,,,,,,,,,,,,,,,,,,,,,,,,,,,,,,,TN,TN
autoland,4405952,13,ad8d5d1385265583919f5a224e1153902b6eef60,macosx1015-64-shippable-qr,True,False,,|b|y|t|e|c|o|d|e|-|c|a|c|h|e|d| |c|o|l|d| |f|i|s|s|i|o|n| |w|e|b|r|e|n|d|e|r|,102210fe594ee9b33d82058545b1ed14f4c8206e,PerceptualSpeedIndex,twitter,True,twitter PerceptualSpeedIndex opt bytecode-cached cold fission webrender,,77,ms,firefox,,1769626853,2023-10-06 13:46:53,630.2,8de2cc7842d02711e15c523c1ef655d13a93d459,1312613,,,,,,,,,,,,,,,,,,,,,,,,,,,,,,,,,,,,,,,,,,,,,,,,,,,,,,,,,,,,,TN,TN
autoland,4405952,13,ad8d5d1385265583919f5a224e1153902b6eef60,macosx1015-64-shippable-qr,True,False,,|b|y|t|e|c|o|d|e|-|c|a|c|h|e|d| |c|o|l|d| |f|i|s|s|i|o|n| |w|e|b|r|e|n|d|e|r|,102210fe594ee9b33d82058545b1ed14f4c8206e,PerceptualSpeedIndex,twitter,True,twitter PerceptualSpeedIndex opt bytecode-cached cold fission webrender,,77,ms,firefox,,1769628845,2023-10-06 13:56:34,622.7,200aa4c0347a88e2cc21215f1cbe2441ea2feed1,1312619,,,,,,,,,,,,,,,,,,,,,,,,,,,,,,,,,,,,,,,,,,,,,,,,,,,,,,,,,,,,,TN,TN
autoland,4405952,13,ad8d5d1385265583919f5a224e1153902b6eef60,macosx1015-64-shippable-qr,True,False,,|b|y|t|e|c|o|d|e|-|c|a|c|h|e|d| |c|o|l|d| |f|i|s|s|i|o|n| |w|e|b|r|e|n|d|e|r|,102210fe594ee9b33d82058545b1ed14f4c8206e,PerceptualSpeedIndex,twitter,True,twitter PerceptualSpeedIndex opt bytecode-cached cold fission webrender,,77,ms,firefox,,1769461803,2023-10-06 19:00:40,615.9,c561ffa6099b97fd965811d77fd98de66c44d32b,1312844,,,,,,,,,,,,,,,,,,,,,,,,,,,,,,,,,,,,,,,,,,,,,,,,,,,,,,,,,,,,,TN,TN
autoland,4405952,13,ad8d5d1385265583919f5a224e1153902b6eef60,macosx1015-64-shippable-qr,True,False,,|b|y|t|e|c|o|d|e|-|c|a|c|h|e|d| |c|o|l|d| |f|i|s|s|i|o|n| |w|e|b|r|e|n|d|e|r|,102210fe594ee9b33d82058545b1ed14f4c8206e,PerceptualSpeedIndex,twitter,True,twitter PerceptualSpeedIndex opt bytecode-cached cold fission webrender,,77,ms,firefox,,1769559630,2023-10-06 23:09:23,625.7,1d25ed23e85a3a9d0d9117997337757d0ff718a2,1312997,,,,,,,,,,,,,,,,,,,,,,,,,,,,,,,,,,,,,,,,,,,,,,,,,,,,,,,,,,,,,TN,TN
autoland,4405952,13,ad8d5d1385265583919f5a224e1153902b6eef60,macosx1015-64-shippable-qr,True,False,,|b|y|t|e|c|o|d|e|-|c|a|c|h|e|d| |c|o|l|d| |f|i|s|s|i|o|n| |w|e|b|r|e|n|d|e|r|,102210fe594ee9b33d82058545b1ed14f4c8206e,PerceptualSpeedIndex,twitter,True,twitter PerceptualSpeedIndex opt bytecode-cached cold fission webrender,,77,ms,firefox,,1769601207,2023-10-07 03:35:30,573.9,4db29be9ee2947a3d67a996fefc3ff1cb94a6fcc,1313062,,,,,,,,,,,,,,,,,,,,,,,,,,,,,,,,,,,,,,,,,,,,,,,,,,,,,,,,,,,,,TN,TN
autoland,4405952,13,ad8d5d1385265583919f5a224e1153902b6eef60,macosx1015-64-shippable-qr,True,False,,|b|y|t|e|c|o|d|e|-|c|a|c|h|e|d| |c|o|l|d| |f|i|s|s|i|o|n| |w|e|b|r|e|n|d|e|r|,102210fe594ee9b33d82058545b1ed14f4c8206e,PerceptualSpeedIndex,twitter,True,twitter PerceptualSpeedIndex opt bytecode-cached cold fission webrender,,77,ms,firefox,,1769644101,2023-10-07 06:02:53,620.0,c4c56469518a5ccc9349ed7d29a0d56eba776df6,1313071,,,,,,,,,,,,,,,,,,,,,,,,,,,,,,,,,,,,,,,,,,,,,,,,,,,,,,,,,,,,,TN,TN
autoland,4405952,13,ad8d5d1385265583919f5a224e1153902b6eef60,macosx1015-64-shippable-qr,True,False,,|b|y|t|e|c|o|d|e|-|c|a|c|h|e|d| |c|o|l|d| |f|i|s|s|i|o|n| |w|e|b|r|e|n|d|e|r|,102210fe594ee9b33d82058545b1ed14f4c8206e,PerceptualSpeedIndex,twitter,True,twitter PerceptualSpeedIndex opt bytecode-cached cold fission webrender,,77,ms,firefox,,1769785188,2023-10-07 13:52:35,622.1,ef73c2e8cd831f2a46ff5704623db63232fd912d,1313122,,,,,,,,,,,,,,,,,,,,,,,,,,,,,,,,,,,,,,,,,,,,,,,,,,,,,,,,,,,,,TN,TN
autoland,4405952,13,ad8d5d1385265583919f5a224e1153902b6eef60,macosx1015-64-shippable-qr,True,False,,|b|y|t|e|c|o|d|e|-|c|a|c|h|e|d| |c|o|l|d| |f|i|s|s|i|o|n| |w|e|b|r|e|n|d|e|r|,102210fe594ee9b33d82058545b1ed14f4c8206e,PerceptualSpeedIndex,twitter,True,twitter PerceptualSpeedIndex opt bytecode-cached cold fission webrender,,77,ms,firefox,,1769815762,2023-10-07 18:43:49,620.7,8db232d0f8c742a85eb803c996ef87edac9d5c81,1313149,,,,,,,,,,,,,,,,,,,,,,,,,,,,,,,,,,,,,,,,,,,,,,,,,,,,,,,,,,,,,TN,TN
autoland,4405952,13,ad8d5d1385265583919f5a224e1153902b6eef60,macosx1015-64-shippable-qr,True,False,,|b|y|t|e|c|o|d|e|-|c|a|c|h|e|d| |c|o|l|d| |f|i|s|s|i|o|n| |w|e|b|r|e|n|d|e|r|,102210fe594ee9b33d82058545b1ed14f4c8206e,PerceptualSpeedIndex,twitter,True,twitter PerceptualSpeedIndex opt bytecode-cached cold fission webrender,,77,ms,firefox,,1769877817,2023-10-07 23:15:17,610.1,fba49989dde6aa32244c622fd43abe19a32128ae,1313184,,,,,,,,,,,,,,,,,,,,,,,,,,,,,,,,,,,,,,,,,,,,,,,,,,,,,,,,,,,,,TN,TN
autoland,4405952,13,ad8d5d1385265583919f5a224e1153902b6eef60,macosx1015-64-shippable-qr,True,False,,|b|y|t|e|c|o|d|e|-|c|a|c|h|e|d| |c|o|l|d| |f|i|s|s|i|o|n| |w|e|b|r|e|n|d|e|r|,102210fe594ee9b33d82058545b1ed14f4c8206e,PerceptualSpeedIndex,twitter,True,twitter PerceptualSpeedIndex opt bytecode-cached cold fission webrender,,77,ms,firefox,,1770010788,2023-10-08 08:55:12,633.3,68e866f36130edd1c8de093ac6d8a0fb78006527,1313211,,,,,,,,,,,,,,,,,,,,,,,,,,,,,,,,,,,,,,,,,,,,,,,,,,,,,,,,,,,,,TN,TN
autoland,4405952,13,ad8d5d1385265583919f5a224e1153902b6eef60,macosx1015-64-shippable-qr,True,False,,|b|y|t|e|c|o|d|e|-|c|a|c|h|e|d| |c|o|l|d| |f|i|s|s|i|o|n| |w|e|b|r|e|n|d|e|r|,102210fe594ee9b33d82058545b1ed14f4c8206e,PerceptualSpeedIndex,twitter,True,twitter PerceptualSpeedIndex opt bytecode-cached cold fission webrender,,77,ms,firefox,,1770209312,2023-10-08 23:28:16,600.2,38314c6dc43eed509bfa7c922dbbc4147ac2ce34,1313289,,,,,,,,,,,,,,,,,,,,,,,,,,,,,,,,,,,,,,,,,,,,,,,,,,,,,,,,,,,,,TN,TN
autoland,4405952,13,ad8d5d1385265583919f5a224e1153902b6eef60,macosx1015-64-shippable-qr,True,False,,|b|y|t|e|c|o|d|e|-|c|a|c|h|e|d| |c|o|l|d| |f|i|s|s|i|o|n| |w|e|b|r|e|n|d|e|r|,102210fe594ee9b33d82058545b1ed14f4c8206e,PerceptualSpeedIndex,twitter,True,twitter PerceptualSpeedIndex opt bytecode-cached cold fission webrender,,77,ms,firefox,,1770264056,2023-10-09 04:48:12,605.3,d5fd5e481ff21f14c9771aa58f8fb378a8430cdf,1313332,,,,,,,,,,,,,,,,,,,,,,,,,,,,,,,,,,,,,,,,,,,,,,,,,,,,,,,,,,,,,TN,TN
autoland,4405952,13,ad8d5d1385265583919f5a224e1153902b6eef60,macosx1015-64-shippable-qr,True,False,,|b|y|t|e|c|o|d|e|-|c|a|c|h|e|d| |c|o|l|d| |f|i|s|s|i|o|n| |w|e|b|r|e|n|d|e|r|,102210fe594ee9b33d82058545b1ed14f4c8206e,PerceptualSpeedIndex,twitter,True,twitter PerceptualSpeedIndex opt bytecode-cached cold fission webrender,,77,ms,firefox,,1770338929,2023-10-09 08:48:33,635.1,77c18c08c9ff87c6ff0e5b546ac609296d5e04db,1313413,,,,,,,,,,,,,,,,,,,,,,,,,,,,,,,,,,,,,,,,,,,,,,,,,,,,,,,,,,,,,TN,TN
autoland,4405952,13,ad8d5d1385265583919f5a224e1153902b6eef60,macosx1015-64-shippable-qr,True,False,,|b|y|t|e|c|o|d|e|-|c|a|c|h|e|d| |c|o|l|d| |f|i|s|s|i|o|n| |w|e|b|r|e|n|d|e|r|,102210fe594ee9b33d82058545b1ed14f4c8206e,PerceptualSpeedIndex,twitter,True,twitter PerceptualSpeedIndex opt bytecode-cached cold fission webrender,,77,ms,firefox,,1770449975,2023-10-09 11:45:29,623.1,70c980c054e9a0693d3bee343b1235d47894163d,1313495,,,,,,,,,,,,,,,,,,,,,,,,,,,,,,,,,,,,,,,,,,,,,,,,,,,,,,,,,,,,,TN,TN
autoland,4405952,13,ad8d5d1385265583919f5a224e1153902b6eef60,macosx1015-64-shippable-qr,True,False,,|b|y|t|e|c|o|d|e|-|c|a|c|h|e|d| |c|o|l|d| |f|i|s|s|i|o|n| |w|e|b|r|e|n|d|e|r|,102210fe594ee9b33d82058545b1ed14f4c8206e,PerceptualSpeedIndex,twitter,True,twitter PerceptualSpeedIndex opt bytecode-cached cold fission webrender,,77,ms,firefox,,1770602070,2023-10-09 16:17:23,604.2,86e82f01df51429edbb4cfa27823d4d71e7844ab,1313678,,,,,,,,,,,,,,,,,,,,,,,,,,,,,,,,,,,,,,,,,,,,,,,,,,,,,,,,,,,,,TN,TN
autoland,4405952,13,ad8d5d1385265583919f5a224e1153902b6eef60,macosx1015-64-shippable-qr,True,False,,|b|y|t|e|c|o|d|e|-|c|a|c|h|e|d| |c|o|l|d| |f|i|s|s|i|o|n| |w|e|b|r|e|n|d|e|r|,102210fe594ee9b33d82058545b1ed14f4c8206e,PerceptualSpeedIndex,twitter,True,twitter PerceptualSpeedIndex opt bytecode-cached cold fission webrender,,77,ms,firefox,,1770619987,2023-10-09 16:47:54,652.3,9591bcc532c4599dba688d3555c6a0135139c39a,1313694,,,,,,,,,,,,,,,,,,,,,,,,,,,,,,,,,,,,,,,,,,,,,,,,,,,,,,,,,,,,,TN,TN
autoland,4405952,13,ad8d5d1385265583919f5a224e1153902b6eef60,macosx1015-64-shippable-qr,True,False,,|b|y|t|e|c|o|d|e|-|c|a|c|h|e|d| |c|o|l|d| |f|i|s|s|i|o|n| |w|e|b|r|e|n|d|e|r|,102210fe594ee9b33d82058545b1ed14f4c8206e,PerceptualSpeedIndex,twitter,True,twitter PerceptualSpeedIndex opt bytecode-cached cold fission webrender,,77,ms,firefox,,1770752886,2023-10-09 21:45:38,610.2,3d1ac3fb7670dd794589cae42735270de4266f4c,1313856,,,,,,,,,,,,,,,,,,,,,,,,,,,,,,,,,,,,,,,,,,,,,,,,,,,,,,,,,,,,,TN,TN
autoland,4405952,13,ad8d5d1385265583919f5a224e1153902b6eef60,macosx1015-64-shippable-qr,True,False,,|b|y|t|e|c|o|d|e|-|c|a|c|h|e|d| |c|o|l|d| |f|i|s|s|i|o|n| |w|e|b|r|e|n|d|e|r|,102210fe594ee9b33d82058545b1ed14f4c8206e,PerceptualSpeedIndex,twitter,True,twitter PerceptualSpeedIndex opt bytecode-cached cold fission webrender,,77,ms,firefox,,1770794714,2023-10-10 02:31:01,621.4,935a0ba75b642adf295d7792f8ad8129f87e4c03,1313960,,,,,,,,,,,,,,,,,,,,,,,,,,,,,,,,,,,,,,,,,,,,,,,,,,,,,,,,,,,,,TN,TN
autoland,4405952,13,ad8d5d1385265583919f5a224e1153902b6eef60,macosx1015-64-shippable-qr,True,False,,|b|y|t|e|c|o|d|e|-|c|a|c|h|e|d| |c|o|l|d| |f|i|s|s|i|o|n| |w|e|b|r|e|n|d|e|r|,102210fe594ee9b33d82058545b1ed14f4c8206e,PerceptualSpeedIndex,twitter,True,twitter PerceptualSpeedIndex opt bytecode-cached cold fission webrender,,77,ms,firefox,,1770851601,2023-10-10 06:35:36,630.9,de9287a68ed836a8fd2eb2ba90de0770a18c877a,1314004,,,,,,,,,,,,,,,,,,,,,,,,,,,,,,,,,,,,,,,,,,,,,,,,,,,,,,,,,,,,,TN,TN
autoland,4405952,13,ad8d5d1385265583919f5a224e1153902b6eef60,macosx1015-64-shippable-qr,True,False,,|b|y|t|e|c|o|d|e|-|c|a|c|h|e|d| |c|o|l|d| |f|i|s|s|i|o|n| |w|e|b|r|e|n|d|e|r|,102210fe594ee9b33d82058545b1ed14f4c8206e,PerceptualSpeedIndex,twitter,True,twitter PerceptualSpeedIndex opt bytecode-cached cold fission webrender,,77,ms,firefox,,1770895450,2023-10-10 08:23:57,623.7,bec78f6e89cdb3b51ac879af75533217f38970cf,1314048,,,,,,,,,,,,,,,,,,,,,,,,,,,,,,,,,,,,,,,,,,,,,,,,,,,,,,,,,,,,,TN,TN
autoland,4405952,13,ad8d5d1385265583919f5a224e1153902b6eef60,macosx1015-64-shippable-qr,True,False,,|b|y|t|e|c|o|d|e|-|c|a|c|h|e|d| |c|o|l|d| |f|i|s|s|i|o|n| |w|e|b|r|e|n|d|e|r|,102210fe594ee9b33d82058545b1ed14f4c8206e,PerceptualSpeedIndex,twitter,True,twitter PerceptualSpeedIndex opt bytecode-cached cold fission webrender,,77,ms,firefox,,1771038825,2023-10-10 12:59:15,618.4,7a4c861a2d10a6757c8844de9bd8f71c94cb6150,1314216,,,,,,,,,,,,,,,,,,,,,,,,,,,,,,,,,,,,,,,,,,,,,,,,,,,,,,,,,,,,,TN,TN
autoland,4405952,13,ad8d5d1385265583919f5a224e1153902b6eef60,macosx1015-64-shippable-qr,True,False,,|b|y|t|e|c|o|d|e|-|c|a|c|h|e|d| |c|o|l|d| |f|i|s|s|i|o|n| |w|e|b|r|e|n|d|e|r|,102210fe594ee9b33d82058545b1ed14f4c8206e,PerceptualSpeedIndex,twitter,True,twitter PerceptualSpeedIndex opt bytecode-cached cold fission webrender,,77,ms,firefox,,1771483734,2023-10-10 13:04:52,594.4,fcde87df3b93db3d958e21f5a1824932b5a1e3af,1314219,,,,,,,,,,,,,,,,,,,,,,,,,,,,,,,,,,,,,,,,,,,,,,,,,,,,,,,,,,,,,TN,TN
autoland,4405952,13,ad8d5d1385265583919f5a224e1153902b6eef60,macosx1015-64-shippable-qr,True,False,,|b|y|t|e|c|o|d|e|-|c|a|c|h|e|d| |c|o|l|d| |f|i|s|s|i|o|n| |w|e|b|r|e|n|d|e|r|,102210fe594ee9b33d82058545b1ed14f4c8206e,PerceptualSpeedIndex,twitter,True,twitter PerceptualSpeedIndex opt bytecode-cached cold fission webrender,,77,ms,firefox,,1771493519,2023-10-10 13:32:03,604.5,45b924a9f0ce3bb7897eba747182390358f0aab5,1314244,,,,,,,,,,,,,,,,,,,,,,,,,,,,,,,,,,,,,,,,,,,,,,,,,,,,,,,,,,,,,TN,TN
autoland,4405952,13,ad8d5d1385265583919f5a224e1153902b6eef60,macosx1015-64-shippable-qr,True,False,,|b|y|t|e|c|o|d|e|-|c|a|c|h|e|d| |c|o|l|d| |f|i|s|s|i|o|n| |w|e|b|r|e|n|d|e|r|,102210fe594ee9b33d82058545b1ed14f4c8206e,PerceptualSpeedIndex,twitter,True,twitter PerceptualSpeedIndex opt bytecode-cached cold fission webrender,,77,ms,firefox,,1771485827,2023-10-10 14:21:52,602.4,a356f20620ff71f1baee4893e21927c48f8da223,1314283,,,,,,,,,,,,,,,,,,,,,,,,,,,,,,,,,,,,,,,,,,,,,,,,,,,,,,,,,,,,,TN,TN
autoland,4405952,13,ad8d5d1385265583919f5a224e1153902b6eef60,macosx1015-64-shippable-qr,True,False,,|b|y|t|e|c|o|d|e|-|c|a|c|h|e|d| |c|o|l|d| |f|i|s|s|i|o|n| |w|e|b|r|e|n|d|e|r|,102210fe594ee9b33d82058545b1ed14f4c8206e,PerceptualSpeedIndex,twitter,True,twitter PerceptualSpeedIndex opt bytecode-cached cold fission webrender,,77,ms,firefox,,1771475497,2023-10-10 14:39:22,615.8,60af720985092b2072845a378ab68a4c3f98670a,1314303,,,,,,,,,,,,,,,,,,,,,,,,,,,,,,,,,,,,,,,,,,,,,,,,,,,,,,,,,,,,,TN,TN
autoland,4405952,13,ad8d5d1385265583919f5a224e1153902b6eef60,macosx1015-64-shippable-qr,True,False,,|b|y|t|e|c|o|d|e|-|c|a|c|h|e|d| |c|o|l|d| |f|i|s|s|i|o|n| |w|e|b|r|e|n|d|e|r|,102210fe594ee9b33d82058545b1ed14f4c8206e,PerceptualSpeedIndex,twitter,True,twitter PerceptualSpeedIndex opt bytecode-cached cold fission webrender,,77,ms,firefox,,1771123316,2023-10-10 15:20:47,611.9,686073214e498a3ed6018f15d9cd093812f5ab6f,1314341,,,,,,,,,,,,,,,,,,,,,,,,,,,,,,,,,,,,,,,,,,,,,,,,,,,,,,,,,,,,,TN,TN
autoland,4405952,13,ad8d5d1385265583919f5a224e1153902b6eef60,macosx1015-64-shippable-qr,True,False,,|b|y|t|e|c|o|d|e|-|c|a|c|h|e|d| |c|o|l|d| |f|i|s|s|i|o|n| |w|e|b|r|e|n|d|e|r|,102210fe594ee9b33d82058545b1ed14f4c8206e,PerceptualSpeedIndex,twitter,True,twitter PerceptualSpeedIndex opt bytecode-cached cold fission webrender,,77,ms,firefox,,1771302477,2023-10-10 18:56:17,605.2,e746122083e758920b17ca0fd4726093187f3715,1314490,,,,,,,,,,,,,,,,,,,,,,,,,,,,,,,,,,,,,,,,,,,,,,,,,,,,,,,,,,,,,TN,TN
autoland,4405952,13,ad8d5d1385265583919f5a224e1153902b6eef60,macosx1015-64-shippable-qr,True,False,,|b|y|t|e|c|o|d|e|-|c|a|c|h|e|d| |c|o|l|d| |f|i|s|s|i|o|n| |w|e|b|r|e|n|d|e|r|,102210fe594ee9b33d82058545b1ed14f4c8206e,PerceptualSpeedIndex,twitter,True,twitter PerceptualSpeedIndex opt bytecode-cached cold fission webrender,,77,ms,firefox,,1771374446,2023-10-10 21:46:34,624.4,32a23612bb297f386b6239e7bff0be58b62b2f73,1314585,,,,,,,,,,,,,,,,,,,,,,,,,,,,,,,,,,,,,,,,,,,,,,,,,,,,,,,,,,,,,TN,TN
autoland,4405952,13,ad8d5d1385265583919f5a224e1153902b6eef60,macosx1015-64-shippable-qr,True,False,,|b|y|t|e|c|o|d|e|-|c|a|c|h|e|d| |c|o|l|d| |f|i|s|s|i|o|n| |w|e|b|r|e|n|d|e|r|,102210fe594ee9b33d82058545b1ed14f4c8206e,PerceptualSpeedIndex,twitter,True,twitter PerceptualSpeedIndex opt bytecode-cached cold fission webrender,,77,ms,firefox,,1772168103,2023-10-11 00:09:28,647.3,88753a02fc62dc29db2d5f9f6c8eb7d599f6d39f,1314684,,,,,,,,,,,,,,,,,,,,,,,,,,,,,,,,,,,,,,,,,,,,,,,,,,,,,,,,,,,,,TN,TN
autoland,4405952,13,ad8d5d1385265583919f5a224e1153902b6eef60,macosx1015-64-shippable-qr,True,False,,|b|y|t|e|c|o|d|e|-|c|a|c|h|e|d| |c|o|l|d| |f|i|s|s|i|o|n| |w|e|b|r|e|n|d|e|r|,102210fe594ee9b33d82058545b1ed14f4c8206e,PerceptualSpeedIndex,twitter,True,twitter PerceptualSpeedIndex opt bytecode-cached cold fission webrender,,77,ms,firefox,,1772169140,2023-10-11 00:33:20,619.0,d96615dc7b30363d62e6f07d235da826838846bc,1314688,,,,,,,,,,,,,,,,,,,,,,,,,,,,,,,,,,,,,,,,,,,,,,,,,,,,,,,,,,,,,TN,TN
autoland,4405952,13,ad8d5d1385265583919f5a224e1153902b6eef60,macosx1015-64-shippable-qr,True,False,,|b|y|t|e|c|o|d|e|-|c|a|c|h|e|d| |c|o|l|d| |f|i|s|s|i|o|n| |w|e|b|r|e|n|d|e|r|,102210fe594ee9b33d82058545b1ed14f4c8206e,PerceptualSpeedIndex,twitter,True,twitter PerceptualSpeedIndex opt bytecode-cached cold fission webrender,,77,ms,firefox,,1771461356,2023-10-11 04:35:52,611.6,fb1c93363030ee78f4a3ea0da9854fb688a630b8,1314760,,,,,,,,,,,,,,,,,,,,,,,,,,,,,,,,,,,,,,,,,,,,,,,,,,,,,,,,,,,,,TN,TN
autoland,4405952,13,ad8d5d1385265583919f5a224e1153902b6eef60,macosx1015-64-shippable-qr,True,False,,|b|y|t|e|c|o|d|e|-|c|a|c|h|e|d| |c|o|l|d| |f|i|s|s|i|o|n| |w|e|b|r|e|n|d|e|r|,102210fe594ee9b33d82058545b1ed14f4c8206e,PerceptualSpeedIndex,twitter,True,twitter PerceptualSpeedIndex opt bytecode-cached cold fission webrender,,77,ms,firefox,,1771509437,2023-10-11 05:18:39,607.1,d677f2833f2cf056757a6a3cf8c2e8b4273fb788,1314767,,,,,,,,,,,,,,,,,,,,,,,,,,,,,,,,,,,,,,,,,,,,,,,,,,,,,,,,,,,,,TN,TN
autoland,4405952,13,ad8d5d1385265583919f5a224e1153902b6eef60,macosx1015-64-shippable-qr,True,False,,|b|y|t|e|c|o|d|e|-|c|a|c|h|e|d| |c|o|l|d| |f|i|s|s|i|o|n| |w|e|b|r|e|n|d|e|r|,102210fe594ee9b33d82058545b1ed14f4c8206e,PerceptualSpeedIndex,twitter,True,twitter PerceptualSpeedIndex opt bytecode-cached cold fission webrender,,77,ms,firefox,,1771642216,2023-10-11 09:29:42,608.7,2124c3eebcb12eb72e8ced7bfb3c8521a028af8d,1314864,,,,,,,,,,,,,,,,,,,,,,,,,,,,,,,,,,,,,,,,,,,,,,,,,,,,,,,,,,,,,TN,TN
autoland,4405952,13,ad8d5d1385265583919f5a224e1153902b6eef60,macosx1015-64-shippable-qr,True,False,,|b|y|t|e|c|o|d|e|-|c|a|c|h|e|d| |c|o|l|d| |f|i|s|s|i|o|n| |w|e|b|r|e|n|d|e|r|,102210fe594ee9b33d82058545b1ed14f4c8206e,PerceptualSpeedIndex,twitter,True,twitter PerceptualSpeedIndex opt bytecode-cached cold fission webrender,,77,ms,firefox,,1771682897,2023-10-11 10:39:45,633.8,e4751df31e7494090d14b0ab8ff52bab6c1391d7,1314918,,,,,,,,,,,,,,,,,,,,,,,,,,,,,,,,,,,,,,,,,,,,,,,,,,,,,,,,,,,,,TN,TN
autoland,4405952,13,ad8d5d1385265583919f5a224e1153902b6eef60,macosx1015-64-shippable-qr,True,False,,|b|y|t|e|c|o|d|e|-|c|a|c|h|e|d| |c|o|l|d| |f|i|s|s|i|o|n| |w|e|b|r|e|n|d|e|r|,102210fe594ee9b33d82058545b1ed14f4c8206e,PerceptualSpeedIndex,twitter,True,twitter PerceptualSpeedIndex opt bytecode-cached cold fission webrender,,77,ms,firefox,,1771779006,2023-10-11 14:42:40,599.6,2f6d9a971e1895c3186c6f2cdc2286c9f6e9694e,1315015,,,,,,,,,,,,,,,,,,,,,,,,,,,,,,,,,,,,,,,,,,,,,,,,,,,,,,,,,,,,,TN,TN
autoland,4405952,13,ad8d5d1385265583919f5a224e1153902b6eef60,macosx1015-64-shippable-qr,True,False,,|b|y|t|e|c|o|d|e|-|c|a|c|h|e|d| |c|o|l|d| |f|i|s|s|i|o|n| |w|e|b|r|e|n|d|e|r|,102210fe594ee9b33d82058545b1ed14f4c8206e,PerceptualSpeedIndex,twitter,True,twitter PerceptualSpeedIndex opt bytecode-cached cold fission webrender,,77,ms,firefox,,1771813945,2023-10-11 15:07:05,624.1,a710f6c3ab82ca81444f0478a4882217c3628bf0,1315029,,,,,,,,,,,,,,,,,,,,,,,,,,,,,,,,,,,,,,,,,,,,,,,,,,,,,,,,,,,,,TN,TN
autoland,4405952,13,ad8d5d1385265583919f5a224e1153902b6eef60,macosx1015-64-shippable-qr,True,False,,|b|y|t|e|c|o|d|e|-|c|a|c|h|e|d| |c|o|l|d| |f|i|s|s|i|o|n| |w|e|b|r|e|n|d|e|r|,102210fe594ee9b33d82058545b1ed14f4c8206e,PerceptualSpeedIndex,twitter,True,twitter PerceptualSpeedIndex opt bytecode-cached cold fission webrender,,77,ms,firefox,,1771837261,2023-10-11 17:21:18,619.5,be8d8e6ec4b7216d8dcb9b4ff8c8a413fc83da74,1315168,,,,,,,,,,,,,,,,,,,,,,,,,,,,,,,,,,,,,,,,,,,,,,,,,,,,,,,,,,,,,TN,TN
autoland,4405952,13,ad8d5d1385265583919f5a224e1153902b6eef60,macosx1015-64-shippable-qr,True,False,,|b|y|t|e|c|o|d|e|-|c|a|c|h|e|d| |c|o|l|d| |f|i|s|s|i|o|n| |w|e|b|r|e|n|d|e|r|,102210fe594ee9b33d82058545b1ed14f4c8206e,PerceptualSpeedIndex,twitter,True,twitter PerceptualSpeedIndex opt bytecode-cached cold fission webrender,,77,ms,firefox,,1772023458,2023-10-11 21:29:22,652.1,dfe9eba9757679d9dda934ba7dd5798a0c3360fe,1315364,,,,,,,,,,,,,,,,,,,,,,,,,,,,,,,,,,,,,,,,,,,,,,,,,,,,,,,,,,,,,TN,TN
autoland,4405952,13,ad8d5d1385265583919f5a224e1153902b6eef60,macosx1015-64-shippable-qr,True,False,,|b|y|t|e|c|o|d|e|-|c|a|c|h|e|d| |c|o|l|d| |f|i|s|s|i|o|n| |w|e|b|r|e|n|d|e|r|,102210fe594ee9b33d82058545b1ed14f4c8206e,PerceptualSpeedIndex,twitter,True,twitter PerceptualSpeedIndex opt bytecode-cached cold fission webrender,,77,ms,firefox,,1772026469,2023-10-11 21:41:54,613.7,2cbc64e7dbb0cd771d39710e5c3f2ed9a7e02b50,1315372,,,,,,,,,,,,,,,,,,,,,,,,,,,,,,,,,,,,,,,,,,,,,,,,,,,,,,,,,,,,,TN,TN
autoland,4405952,13,ad8d5d1385265583919f5a224e1153902b6eef60,macosx1015-64-shippable-qr,True,False,,|b|y|t|e|c|o|d|e|-|c|a|c|h|e|d| |c|o|l|d| |f|i|s|s|i|o|n| |w|e|b|r|e|n|d|e|r|,102210fe594ee9b33d82058545b1ed14f4c8206e,PerceptualSpeedIndex,twitter,True,twitter PerceptualSpeedIndex opt bytecode-cached cold fission webrender,,77,ms,firefox,,1772143304,2023-10-12 04:10:05,616.1,c77a5d731bccf47b2b9f0714e44d5943f903d95e,1315494,,,,,,,,,,,,,,,,,,,,,,,,,,,,,,,,,,,,,,,,,,,,,,,,,,,,,,,,,,,,,TN,TN
autoland,4405952,13,ad8d5d1385265583919f5a224e1153902b6eef60,macosx1015-64-shippable-qr,True,False,,|b|y|t|e|c|o|d|e|-|c|a|c|h|e|d| |c|o|l|d| |f|i|s|s|i|o|n| |w|e|b|r|e|n|d|e|r|,102210fe594ee9b33d82058545b1ed14f4c8206e,PerceptualSpeedIndex,twitter,True,twitter PerceptualSpeedIndex opt bytecode-cached cold fission webrender,,77,ms,firefox,,1772250975,2023-10-12 08:16:23,610.9,d64dc6406137711ffbc7f0bc42f6794a1c4ad236,1315559,,,,,,,,,,,,,,,,,,,,,,,,,,,,,,,,,,,,,,,,,,,,,,,,,,,,,,,,,,,,,TN,TN
autoland,4405952,13,ad8d5d1385265583919f5a224e1153902b6eef60,macosx1015-64-shippable-qr,True,False,,|b|y|t|e|c|o|d|e|-|c|a|c|h|e|d| |c|o|l|d| |f|i|s|s|i|o|n| |w|e|b|r|e|n|d|e|r|,102210fe594ee9b33d82058545b1ed14f4c8206e,PerceptualSpeedIndex,twitter,True,twitter PerceptualSpeedIndex opt bytecode-cached cold fission webrender,,77,ms,firefox,,1772349243,2023-10-12 09:32:06,606.1,6eb785f75431f10faa331dabd429029e6dd1224e,1315613,,,,,,,,,,,,,,,,,,,,,,,,,,,,,,,,,,,,,,,,,,,,,,,,,,,,,,,,,,,,,TN,TN
autoland,4405952,13,ad8d5d1385265583919f5a224e1153902b6eef60,macosx1015-64-shippable-qr,True,False,,|b|y|t|e|c|o|d|e|-|c|a|c|h|e|d| |c|o|l|d| |f|i|s|s|i|o|n| |w|e|b|r|e|n|d|e|r|,102210fe594ee9b33d82058545b1ed14f4c8206e,PerceptualSpeedIndex,twitter,True,twitter PerceptualSpeedIndex opt bytecode-cached cold fission webrender,,77,ms,firefox,,1772856742,2023-10-12 09:47:02,577.3,c25b3a0b864c4419985106ff938b73a7e1a43cb0,1315625,,,,,,,,,,,,,,,,,,,,,,,,,,,,,,,,,,,,,,,,,,,,,,,,,,,,,,,,,,,,,TN,TN
autoland,4405952,13,ad8d5d1385265583919f5a224e1153902b6eef60,macosx1015-64-shippable-qr,True,False,,|b|y|t|e|c|o|d|e|-|c|a|c|h|e|d| |c|o|l|d| |f|i|s|s|i|o|n| |w|e|b|r|e|n|d|e|r|,102210fe594ee9b33d82058545b1ed14f4c8206e,PerceptualSpeedIndex,twitter,True,twitter PerceptualSpeedIndex opt bytecode-cached cold fission webrender,,77,ms,firefox,,1772835636,2023-10-12 09:59:06,600.3,9e5296fd6179caf9546e8478d7d34b22972ea0ed,1315630,,,,,,,,,,,,,,,,,,,,,,,,,,,,,,,,,,,,,,,,,,,,,,,,,,,,,,,,,,,,,TN,TN
autoland,4405952,13,ad8d5d1385265583919f5a224e1153902b6eef60,macosx1015-64-shippable-qr,True,False,,|b|y|t|e|c|o|d|e|-|c|a|c|h|e|d| |c|o|l|d| |f|i|s|s|i|o|n| |w|e|b|r|e|n|d|e|r|,102210fe594ee9b33d82058545b1ed14f4c8206e,PerceptualSpeedIndex,twitter,True,twitter PerceptualSpeedIndex opt bytecode-cached cold fission webrender,,77,ms,firefox,,1772441716,2023-10-12 12:42:22,602.7,d3c6163a42b6002297fdb7cbb78395ee4495a357,1315709,,,,,,,,,,,,,,,,,,,,,,,,,,,,,,,,,,,,,,,,,,,,,,,,,,,,,,,,,,,,,TN,TN
autoland,4405952,13,ad8d5d1385265583919f5a224e1153902b6eef60,macosx1015-64-shippable-qr,True,False,,|b|y|t|e|c|o|d|e|-|c|a|c|h|e|d| |c|o|l|d| |f|i|s|s|i|o|n| |w|e|b|r|e|n|d|e|r|,102210fe594ee9b33d82058545b1ed14f4c8206e,PerceptualSpeedIndex,twitter,True,twitter PerceptualSpeedIndex opt bytecode-cached cold fission webrender,,77,ms,firefox,,1772515245,2023-10-12 17:01:35,621.0,c09a0d19d99b488a292e3583cd0bb488afc74173,1315902,,,,,,,,,,,,,,,,,,,,,,,,,,,,,,,,,,,,,,,,,,,,,,,,,,,,,,,,,,,,,TN,TN
autoland,4405952,13,ad8d5d1385265583919f5a224e1153902b6eef60,macosx1015-64-shippable-qr,True,False,,|b|y|t|e|c|o|d|e|-|c|a|c|h|e|d| |c|o|l|d| |f|i|s|s|i|o|n| |w|e|b|r|e|n|d|e|r|,102210fe594ee9b33d82058545b1ed14f4c8206e,PerceptualSpeedIndex,twitter,True,twitter PerceptualSpeedIndex opt bytecode-cached cold fission webrender,,77,ms,firefox,,1772578670,2023-10-12 17:02:35,630.0,a5369079cd89dd91a42689da9aad1fc607ef9146,1315903,,,,,,,,,,,,,,,,,,,,,,,,,,,,,,,,,,,,,,,,,,,,,,,,,,,,,,,,,,,,,TN,TN
autoland,4405952,13,ad8d5d1385265583919f5a224e1153902b6eef60,macosx1015-64-shippable-qr,True,False,,|b|y|t|e|c|o|d|e|-|c|a|c|h|e|d| |c|o|l|d| |f|i|s|s|i|o|n| |w|e|b|r|e|n|d|e|r|,102210fe594ee9b33d82058545b1ed14f4c8206e,PerceptualSpeedIndex,twitter,True,twitter PerceptualSpeedIndex opt bytecode-cached cold fission webrender,,77,ms,firefox,,1772598434,2023-10-12 19:48:41,624.0,b9478e8898d6397ccb0ca6d2f90b882083ef91d2,1316052,,,,,,,,,,,,,,,,,,,,,,,,,,,,,,,,,,,,,,,,,,,,,,,,,,,,,,,,,,,,,TN,TN
autoland,4405952,13,ad8d5d1385265583919f5a224e1153902b6eef60,macosx1015-64-shippable-qr,True,False,,|b|y|t|e|c|o|d|e|-|c|a|c|h|e|d| |c|o|l|d| |f|i|s|s|i|o|n| |w|e|b|r|e|n|d|e|r|,102210fe594ee9b33d82058545b1ed14f4c8206e,PerceptualSpeedIndex,twitter,True,twitter PerceptualSpeedIndex opt bytecode-cached cold fission webrender,,77,ms,firefox,,1772725659,2023-10-12 23:58:41,657.9,6769216667ff487b1442f654ee41dc5f12c23983,1316211,,,,,,,,,,,,,,,,,,,,,,,,,,,,,,,,,,,,,,,,,,,,,,,,,,,,,,,,,,,,,TN,TN
autoland,4405952,13,ad8d5d1385265583919f5a224e1153902b6eef60,macosx1015-64-shippable-qr,True,False,,|b|y|t|e|c|o|d|e|-|c|a|c|h|e|d| |c|o|l|d| |f|i|s|s|i|o|n| |w|e|b|r|e|n|d|e|r|,102210fe594ee9b33d82058545b1ed14f4c8206e,PerceptualSpeedIndex,twitter,True,twitter PerceptualSpeedIndex opt bytecode-cached cold fission webrender,,77,ms,firefox,,1772885924,2023-10-13 06:04:39,605.4,810153993fc0b06ce0eabae2602fc7f74ed9be18,1316292,,,,,,,,,,,,,,,,,,,,,,,,,,,,,,,,,,,,,,,,,,,,,,,,,,,,,,,,,,,,,TN,TN
autoland,4405952,13,ad8d5d1385265583919f5a224e1153902b6eef60,macosx1015-64-shippable-qr,True,False,,|b|y|t|e|c|o|d|e|-|c|a|c|h|e|d| |c|o|l|d| |f|i|s|s|i|o|n| |w|e|b|r|e|n|d|e|r|,102210fe594ee9b33d82058545b1ed14f4c8206e,PerceptualSpeedIndex,twitter,True,twitter PerceptualSpeedIndex opt bytecode-cached cold fission webrender,,77,ms,firefox,,1772881300,2023-10-13 06:28:51,613.5,930888998f68ddfb0f36d898e98305e459d7cbb2,1316299,,,,,,,,,,,,,,,,,,,,,,,,,,,,,,,,,,,,,,,,,,,,,,,,,,,,,,,,,,,,,TN,TN
autoland,4405952,13,ad8d5d1385265583919f5a224e1153902b6eef60,macosx1015-64-shippable-qr,True,False,,|b|y|t|e|c|o|d|e|-|c|a|c|h|e|d| |c|o|l|d| |f|i|s|s|i|o|n| |w|e|b|r|e|n|d|e|r|,102210fe594ee9b33d82058545b1ed14f4c8206e,PerceptualSpeedIndex,twitter,True,twitter PerceptualSpeedIndex opt bytecode-cached cold fission webrender,,77,ms,firefox,,1773000187,2023-10-13 10:45:16,687.7,0db2502d9e9503580a800e13235be8c02043bbc0,1316413,,,,,,,,,,,,,,,,,,,,,,,,,,,,,,,,,,,,,,,,,,,,,,,,,,,,,,,,,,,,,TN,TN
autoland,4405952,13,ad8d5d1385265583919f5a224e1153902b6eef60,macosx1015-64-shippable-qr,True,False,,|b|y|t|e|c|o|d|e|-|c|a|c|h|e|d| |c|o|l|d| |f|i|s|s|i|o|n| |w|e|b|r|e|n|d|e|r|,102210fe594ee9b33d82058545b1ed14f4c8206e,PerceptualSpeedIndex,twitter,True,twitter PerceptualSpeedIndex opt bytecode-cached cold fission webrender,,77,ms,firefox,,1773009329,2023-10-13 11:42:22,720.1,8246d773a07ce105d3a9f92b96007867c7df3cc4,1316442,,,,,,,,,,,,,,,,,,,,,,,,,,,,,,,,,,,,,,,,,,,,,,,,,,,,,,,,,,,,,TN,TN
autoland,4405952,13,ad8d5d1385265583919f5a224e1153902b6eef60,macosx1015-64-shippable-qr,True,False,,|b|y|t|e|c|o|d|e|-|c|a|c|h|e|d| |c|o|l|d| |f|i|s|s|i|o|n| |w|e|b|r|e|n|d|e|r|,102210fe594ee9b33d82058545b1ed14f4c8206e,PerceptualSpeedIndex,twitter,True,twitter PerceptualSpeedIndex opt bytecode-cached cold fission webrender,,77,ms,firefox,,1773348340,2023-10-13 14:26:35,614.9,d92869043e48f272340ceae0f119dd775474cb62,1316557,,,,,,,,,,,,,,,,,,,,,,,,,,,,,,,,,,,,,,,,,,,,,,,,,,,,,,,,,,,,,TN,TN
autoland,4405952,13,ad8d5d1385265583919f5a224e1153902b6eef60,macosx1015-64-shippable-qr,True,False,,|b|y|t|e|c|o|d|e|-|c|a|c|h|e|d| |c|o|l|d| |f|i|s|s|i|o|n| |w|e|b|r|e|n|d|e|r|,102210fe594ee9b33d82058545b1ed14f4c8206e,PerceptualSpeedIndex,twitter,True,twitter PerceptualSpeedIndex opt bytecode-cached cold fission webrender,,77,ms,firefox,,1773353919,2023-10-13 14:55:48,600.6,0038344669650c895c3351ddfb62b9f89119d0e3,1316590,,,,,,,,,,,,,,,,,,,,,,,,,,,,,,,,,,,,,,,,,,,,,,,,,,,,,,,,,,,,,TN,TN
autoland,4405952,13,ad8d5d1385265583919f5a224e1153902b6eef60,macosx1015-64-shippable-qr,True,False,,|b|y|t|e|c|o|d|e|-|c|a|c|h|e|d| |c|o|l|d| |f|i|s|s|i|o|n| |w|e|b|r|e|n|d|e|r|,102210fe594ee9b33d82058545b1ed14f4c8206e,PerceptualSpeedIndex,twitter,True,twitter PerceptualSpeedIndex opt bytecode-cached cold fission webrender,,77,ms,firefox,,1773124036,2023-10-13 15:49:30,622.8,8adc92d3a6a8eeeefd63f98296c29907c3838316,1316607,,,,,,,,,,,,,,,,,,,,,,,,,,,,,,,,,,,,,,,,,,,,,,,,,,,,,,,,,,,,,TN,TN
autoland,4405952,13,ad8d5d1385265583919f5a224e1153902b6eef60,macosx1015-64-shippable-qr,True,False,,|b|y|t|e|c|o|d|e|-|c|a|c|h|e|d| |c|o|l|d| |f|i|s|s|i|o|n| |w|e|b|r|e|n|d|e|r|,102210fe594ee9b33d82058545b1ed14f4c8206e,PerceptualSpeedIndex,twitter,True,twitter PerceptualSpeedIndex opt bytecode-cached cold fission webrender,,77,ms,firefox,,1773230873,2023-10-13 16:11:23,604.3,9ba44fb4eeafba4229fe28a6f3b42c79d8d05692,1316611,,,,,,,,,,,,,,,,,,,,,,,,,,,,,,,,,,,,,,,,,,,,,,,,,,,,,,,,,,,,,TN,TN
autoland,4405952,13,ad8d5d1385265583919f5a224e1153902b6eef60,macosx1015-64-shippable-qr,True,False,,|b|y|t|e|c|o|d|e|-|c|a|c|h|e|d| |c|o|l|d| |f|i|s|s|i|o|n| |w|e|b|r|e|n|d|e|r|,102210fe594ee9b33d82058545b1ed14f4c8206e,PerceptualSpeedIndex,twitter,True,twitter PerceptualSpeedIndex opt bytecode-cached cold fission webrender,,77,ms,firefox,,1773247875,2023-10-13 20:17:54,580.5,35e20e70da91e5ef4caee7c732541350343fe927,1316790,,,,,,,,,,,,,,,,,,,,,,,,,,,,,,,,,,,,,,,,,,,,,,,,,,,,,,,,,,,,,TN,TN
autoland,4405952,13,ad8d5d1385265583919f5a224e1153902b6eef60,macosx1015-64-shippable-qr,True,False,,|b|y|t|e|c|o|d|e|-|c|a|c|h|e|d| |c|o|l|d| |f|i|s|s|i|o|n| |w|e|b|r|e|n|d|e|r|,102210fe594ee9b33d82058545b1ed14f4c8206e,PerceptualSpeedIndex,twitter,True,twitter PerceptualSpeedIndex opt bytecode-cached cold fission webrender,,77,ms,firefox,,1773325200,2023-10-14 00:40:19,618.8,bcd044cb6c313be98b766d19688066871ddaa6b3,1316857,,,,,,,,,,,,,,,,,,,,,,,,,,,,,,,,,,,,,,,,,,,,,,,,,,,,,,,,,,,,,TN,TN
autoland,4405952,13,ad8d5d1385265583919f5a224e1153902b6eef60,macosx1015-64-shippable-qr,True,False,,|b|y|t|e|c|o|d|e|-|c|a|c|h|e|d| |c|o|l|d| |f|i|s|s|i|o|n| |w|e|b|r|e|n|d|e|r|,102210fe594ee9b33d82058545b1ed14f4c8206e,PerceptualSpeedIndex,twitter,True,twitter PerceptualSpeedIndex opt bytecode-cached cold fission webrender,,77,ms,firefox,,1773370508,2023-10-14 05:14:50,637.0,19db6b0f6713fdb1f311426a7899070e3ca19d6b,1316873,,,,,,,,,,,,,,,,,,,,,,,,,,,,,,,,,,,,,,,,,,,,,,,,,,,,,,,,,,,,,TN,TN
autoland,4405952,13,ad8d5d1385265583919f5a224e1153902b6eef60,macosx1015-64-shippable-qr,True,False,,|b|y|t|e|c|o|d|e|-|c|a|c|h|e|d| |c|o|l|d| |f|i|s|s|i|o|n| |w|e|b|r|e|n|d|e|r|,102210fe594ee9b33d82058545b1ed14f4c8206e,PerceptualSpeedIndex,twitter,True,twitter PerceptualSpeedIndex opt bytecode-cached cold fission webrender,,77,ms,firefox,,1773431575,2023-10-14 09:25:57,607.7,1e870b95242b07bc4961bf7558d0703dd03814b3,1316895,,,,,,,,,,,,,,,,,,,,,,,,,,,,,,,,,,,,,,,,,,,,,,,,,,,,,,,,,,,,,TN,TN
autoland,4405952,13,ad8d5d1385265583919f5a224e1153902b6eef60,macosx1015-64-shippable-qr,True,False,,|b|y|t|e|c|o|d|e|-|c|a|c|h|e|d| |c|o|l|d| |f|i|s|s|i|o|n| |w|e|b|r|e|n|d|e|r|,102210fe594ee9b33d82058545b1ed14f4c8206e,PerceptualSpeedIndex,twitter,True,twitter PerceptualSpeedIndex opt bytecode-cached cold fission webrender,,77,ms,firefox,,1773547197,2023-10-14 16:14:11,618.6,3f99c563251ec523301e9d46e6904989fc827306,1316942,,,,,,,,,,,,,,,,,,,,,,,,,,,,,,,,,,,,,,,,,,,,,,,,,,,,,,,,,,,,,TN,TN
autoland,4405952,13,ad8d5d1385265583919f5a224e1153902b6eef60,macosx1015-64-shippable-qr,True,False,,|b|y|t|e|c|o|d|e|-|c|a|c|h|e|d| |c|o|l|d| |f|i|s|s|i|o|n| |w|e|b|r|e|n|d|e|r|,102210fe594ee9b33d82058545b1ed14f4c8206e,PerceptualSpeedIndex,twitter,True,twitter PerceptualSpeedIndex opt bytecode-cached cold fission webrender,,77,ms,firefox,,1773692069,2023-10-15 06:24:19,662.1,468469f54da6070a84314dc3c4ddcdfaca74b714,1316977,,,,,,,,,,,,,,,,,,,,,,,,,,,,,,,,,,,,,,,,,,,,,,,,,,,,,,,,,,,,,TN,TN
autoland,4405952,13,ad8d5d1385265583919f5a224e1153902b6eef60,macosx1015-64-shippable-qr,True,False,,|b|y|t|e|c|o|d|e|-|c|a|c|h|e|d| |c|o|l|d| |f|i|s|s|i|o|n| |w|e|b|r|e|n|d|e|r|,102210fe594ee9b33d82058545b1ed14f4c8206e,PerceptualSpeedIndex,twitter,True,twitter PerceptualSpeedIndex opt bytecode-cached cold fission webrender,,77,ms,firefox,,1773755793,2023-10-15 10:45:53,604.5,91657cb1296c904004ace38877b9ca91f502be3f,1317007,,,,,,,,,,,,,,,,,,,,,,,,,,,,,,,,,,,,,,,,,,,,,,,,,,,,,,,,,,,,,TN,TN
autoland,4405952,13,ad8d5d1385265583919f5a224e1153902b6eef60,macosx1015-64-shippable-qr,True,False,,|b|y|t|e|c|o|d|e|-|c|a|c|h|e|d| |c|o|l|d| |f|i|s|s|i|o|n| |w|e|b|r|e|n|d|e|r|,102210fe594ee9b33d82058545b1ed14f4c8206e,PerceptualSpeedIndex,twitter,True,twitter PerceptualSpeedIndex opt bytecode-cached cold fission webrender,,77,ms,firefox,,1773810003,2023-10-15 15:32:44,743.1,aba20bc488e22880b8ef5a89916ecabb51cee798,1317021,,,,,,,,,,,,,,,,,,,,,,,,,,,,,,,,,,,,,,,,,,,,,,,,,,,,,,,,,,,,,TN,TN
autoland,4405952,13,ad8d5d1385265583919f5a224e1153902b6eef60,macosx1015-64-shippable-qr,True,False,,|b|y|t|e|c|o|d|e|-|c|a|c|h|e|d| |c|o|l|d| |f|i|s|s|i|o|n| |w|e|b|r|e|n|d|e|r|,102210fe594ee9b33d82058545b1ed14f4c8206e,PerceptualSpeedIndex,twitter,True,twitter PerceptualSpeedIndex opt bytecode-cached cold fission webrender,,77,ms,firefox,,1773910484,2023-10-16 01:55:37,628.9,f3de6f924333ec7c359d81d9fb16a9fca07ee42e,1317071,,,,,,,,,,,,,,,,,,,,,,,,,,,,,,,,,,,,,,,,,,,,,,,,,,,,,,,,,,,,,TN,TN
autoland,4405952,13,ad8d5d1385265583919f5a224e1153902b6eef60,macosx1015-64-shippable-qr,True,False,,|b|y|t|e|c|o|d|e|-|c|a|c|h|e|d| |c|o|l|d| |f|i|s|s|i|o|n| |w|e|b|r|e|n|d|e|r|,102210fe594ee9b33d82058545b1ed14f4c8206e,PerceptualSpeedIndex,twitter,True,twitter PerceptualSpeedIndex opt bytecode-cached cold fission webrender,,77,ms,firefox,,1773953511,2023-10-16 05:57:00,611.7,e891ad8158b3106dceb2199ed2c74c0c2f05fa88,1317093,,,,,,,,,,,,,,,,,,,,,,,,,,,,,,,,,,,,,,,,,,,,,,,,,,,,,,,,,,,,,TN,TN
autoland,4405952,13,ad8d5d1385265583919f5a224e1153902b6eef60,macosx1015-64-shippable-qr,True,False,,|b|y|t|e|c|o|d|e|-|c|a|c|h|e|d| |c|o|l|d| |f|i|s|s|i|o|n| |w|e|b|r|e|n|d|e|r|,102210fe594ee9b33d82058545b1ed14f4c8206e,PerceptualSpeedIndex,twitter,True,twitter PerceptualSpeedIndex opt bytecode-cached cold fission webrender,,77,ms,firefox,,1774704569,2023-10-16 08:23:09,617.8,56bf1b814b61d03feb5af78e0597df5e42a3d9b1,1317139,,,,,,,,,,,,,,,,,,,,,,,,,,,,,,,,,,,,,,,,,,,,,,,,,,,,,,,,,,,,,TN,TN
autoland,4405952,13,ad8d5d1385265583919f5a224e1153902b6eef60,macosx1015-64-shippable-qr,True,False,,|b|y|t|e|c|o|d|e|-|c|a|c|h|e|d| |c|o|l|d| |f|i|s|s|i|o|n| |w|e|b|r|e|n|d|e|r|,102210fe594ee9b33d82058545b1ed14f4c8206e,PerceptualSpeedIndex,twitter,True,twitter PerceptualSpeedIndex opt bytecode-cached cold fission webrender,,77,ms,firefox,,1774671638,2023-10-16 08:56:06,616.4,fd6b422ae3e6288547b10ebdb73868dbf8146f3c,1317154,,,,,,,,,,,,,,,,,,,,,,,,,,,,,,,,,,,,,,,,,,,,,,,,,,,,,,,,,,,,,TN,TN
autoland,4405952,13,ad8d5d1385265583919f5a224e1153902b6eef60,macosx1015-64-shippable-qr,True,False,,|b|y|t|e|c|o|d|e|-|c|a|c|h|e|d| |c|o|l|d| |f|i|s|s|i|o|n| |w|e|b|r|e|n|d|e|r|,102210fe594ee9b33d82058545b1ed14f4c8206e,PerceptualSpeedIndex,twitter,True,twitter PerceptualSpeedIndex opt bytecode-cached cold fission webrender,,77,ms,firefox,,1774709655,2023-10-16 08:56:06,600.8,fd6b422ae3e6288547b10ebdb73868dbf8146f3c,1317154,,,,,,,,,,,,,,,,,,,,,,,,,,,,,,,,,,,,,,,,,,,,,,,,,,,,,,,,,,,,,TN,TN
autoland,4405952,13,ad8d5d1385265583919f5a224e1153902b6eef60,macosx1015-64-shippable-qr,True,False,,|b|y|t|e|c|o|d|e|-|c|a|c|h|e|d| |c|o|l|d| |f|i|s|s|i|o|n| |w|e|b|r|e|n|d|e|r|,102210fe594ee9b33d82058545b1ed14f4c8206e,PerceptualSpeedIndex,twitter,True,twitter PerceptualSpeedIndex opt bytecode-cached cold fission webrender,,77,ms,firefox,,1774701583,2023-10-16 08:59:07,584.6,0ae489476d37cd7110a2ac3774b5cbcb97accfad,1317156,,,,,,,,,,,,,,,,,,,,,,,,,,,,,,,,,,,,,,,,,,,,,,,,,,,,,,,,,,,,,TN,TN
autoland,4405952,13,ad8d5d1385265583919f5a224e1153902b6eef60,macosx1015-64-shippable-qr,True,False,,|b|y|t|e|c|o|d|e|-|c|a|c|h|e|d| |c|o|l|d| |f|i|s|s|i|o|n| |w|e|b|r|e|n|d|e|r|,102210fe594ee9b33d82058545b1ed14f4c8206e,PerceptualSpeedIndex,twitter,True,twitter PerceptualSpeedIndex opt bytecode-cached cold fission webrender,,77,ms,firefox,,1774123581,2023-10-16 10:06:37,620.7,e009aa26b6f79e7e5af18000b983f6decaa90eed,1317197,,,,,,,,,,,,,,,,,,,,,,,,,,,,,,,,,,,,,,,,,,,,,,,,,,,,,,,,,,,,,TN,TN
autoland,4405952,13,ad8d5d1385265583919f5a224e1153902b6eef60,macosx1015-64-shippable-qr,True,False,,|b|y|t|e|c|o|d|e|-|c|a|c|h|e|d| |c|o|l|d| |f|i|s|s|i|o|n| |w|e|b|r|e|n|d|e|r|,102210fe594ee9b33d82058545b1ed14f4c8206e,PerceptualSpeedIndex,twitter,True,twitter PerceptualSpeedIndex opt bytecode-cached cold fission webrender,,77,ms,firefox,,1774153144,2023-10-16 11:25:28,617.6,8cb2f63a1e705ad6bf77a8f6dcb151aa3b67d2e6,1317241,,,,,,,,,,,,,,,,,,,,,,,,,,,,,,,,,,,,,,,,,,,,,,,,,,,,,,,,,,,,,TN,TN
autoland,4405952,13,ad8d5d1385265583919f5a224e1153902b6eef60,macosx1015-64-shippable-qr,True,False,,|b|y|t|e|c|o|d|e|-|c|a|c|h|e|d| |c|o|l|d| |f|i|s|s|i|o|n| |w|e|b|r|e|n|d|e|r|,102210fe594ee9b33d82058545b1ed14f4c8206e,PerceptualSpeedIndex,twitter,True,twitter PerceptualSpeedIndex opt bytecode-cached cold fission webrender,,77,ms,firefox,,1774257979,2023-10-16 15:34:18,617.6,e0dd0b10e8fd0ea751f11fb0a6548ad9b6780e16,1317419,,,,,,,,,,,,,,,,,,,,,,,,,,,,,,,,,,,,,,,,,,,,,,,,,,,,,,,,,,,,,TN,TN
autoland,4405952,13,ad8d5d1385265583919f5a224e1153902b6eef60,macosx1015-64-shippable-qr,True,False,,|b|y|t|e|c|o|d|e|-|c|a|c|h|e|d| |c|o|l|d| |f|i|s|s|i|o|n| |w|e|b|r|e|n|d|e|r|,102210fe594ee9b33d82058545b1ed14f4c8206e,PerceptualSpeedIndex,twitter,True,twitter PerceptualSpeedIndex opt bytecode-cached cold fission webrender,,77,ms,firefox,,1774500407,2023-10-16 19:06:00,641.4,36e5163d2528daaa5669d0f9284470b070c8882e,1317546,,,,,,,,,,,,,,,,,,,,,,,,,,,,,,,,,,,,,,,,,,,,,,,,,,,,,,,,,,,,,TN,TN
autoland,4405952,13,ad8d5d1385265583919f5a224e1153902b6eef60,macosx1015-64-shippable-qr,True,False,,|b|y|t|e|c|o|d|e|-|c|a|c|h|e|d| |c|o|l|d| |f|i|s|s|i|o|n| |w|e|b|r|e|n|d|e|r|,102210fe594ee9b33d82058545b1ed14f4c8206e,PerceptualSpeedIndex,twitter,True,twitter PerceptualSpeedIndex opt bytecode-cached cold fission webrender,,77,ms,firefox,,1774680854,2023-10-16 22:21:52,597.5,aeef1b6cce72a720b2929b2f6c4de35348378a73,1317658,,,,,,,,,,,,,,,,,,,,,,,,,,,,,,,,,,,,,,,,,,,,,,,,,,,,,,,,,,,,,TN,TN
autoland,4405952,13,ad8d5d1385265583919f5a224e1153902b6eef60,macosx1015-64-shippable-qr,True,False,,|b|y|t|e|c|o|d|e|-|c|a|c|h|e|d| |c|o|l|d| |f|i|s|s|i|o|n| |w|e|b|r|e|n|d|e|r|,102210fe594ee9b33d82058545b1ed14f4c8206e,PerceptualSpeedIndex,twitter,True,twitter PerceptualSpeedIndex opt bytecode-cached cold fission webrender,,77,ms,firefox,,1774683573,2023-10-16 22:29:18,597.6,0c243e4e632e879acf3987d71245084b00de62fb,1317664,,,,,,,,,,,,,,,,,,,,,,,,,,,,,,,,,,,,,,,,,,,,,,,,,,,,,,,,,,,,,TN,TN
autoland,4405952,13,ad8d5d1385265583919f5a224e1153902b6eef60,macosx1015-64-shippable-qr,True,False,,|b|y|t|e|c|o|d|e|-|c|a|c|h|e|d| |c|o|l|d| |f|i|s|s|i|o|n| |w|e|b|r|e|n|d|e|r|,102210fe594ee9b33d82058545b1ed14f4c8206e,PerceptualSpeedIndex,twitter,True,twitter PerceptualSpeedIndex opt bytecode-cached cold fission webrender,,77,ms,firefox,,1774572590,2023-10-17 00:17:31,616.4,e4bf7b3e037323072304a1b1327df57c4a54b560,1317700,,,,,,,,,,,,,,,,,,,,,,,,,,,,,,,,,,,,,,,,,,,,,,,,,,,,,,,,,,,,,TN,TN
autoland,4405952,13,ad8d5d1385265583919f5a224e1153902b6eef60,macosx1015-64-shippable-qr,True,False,,|b|y|t|e|c|o|d|e|-|c|a|c|h|e|d| |c|o|l|d| |f|i|s|s|i|o|n| |w|e|b|r|e|n|d|e|r|,102210fe594ee9b33d82058545b1ed14f4c8206e,PerceptualSpeedIndex,twitter,True,twitter PerceptualSpeedIndex opt bytecode-cached cold fission webrender,,77,ms,firefox,,1774691117,2023-10-17 05:18:57,623.4,896b283a3e7185d805f59d4dcb3d6bb89e9e62d8,1317768,,,,,,,,,,,,,,,,,,,,,,,,,,,,,,,,,,,,,,,,,,,,,,,,,,,,,,,,,,,,,TN,TN
autoland,4405952,13,ad8d5d1385265583919f5a224e1153902b6eef60,macosx1015-64-shippable-qr,True,False,,|b|y|t|e|c|o|d|e|-|c|a|c|h|e|d| |c|o|l|d| |f|i|s|s|i|o|n| |w|e|b|r|e|n|d|e|r|,102210fe594ee9b33d82058545b1ed14f4c8206e,PerceptualSpeedIndex,twitter,True,twitter PerceptualSpeedIndex opt bytecode-cached cold fission webrender,,77,ms,firefox,,1774714486,2023-10-17 06:01:55,636.9,ca60a5861d4a8bd5de1c8e5a9f76c9e35767c38c,1317782,,,,,,,,,,,,,,,,,,,,,,,,,,,,,,,,,,,,,,,,,,,,,,,,,,,,,,,,,,,,,TN,TN
autoland,4405952,13,ad8d5d1385265583919f5a224e1153902b6eef60,macosx1015-64-shippable-qr,True,False,,|b|y|t|e|c|o|d|e|-|c|a|c|h|e|d| |c|o|l|d| |f|i|s|s|i|o|n| |w|e|b|r|e|n|d|e|r|,102210fe594ee9b33d82058545b1ed14f4c8206e,PerceptualSpeedIndex,twitter,True,twitter PerceptualSpeedIndex opt bytecode-cached cold fission webrender,,77,ms,firefox,,1774880985,2023-10-17 10:34:28,611.0,d59eb47c0fe47f9dd6886090330bcd49c47262ce,1317920,,,,,,,,,,,,,,,,,,,,,,,,,,,,,,,,,,,,,,,,,,,,,,,,,,,,,,,,,,,,,TN,TN
autoland,4405952,13,ad8d5d1385265583919f5a224e1153902b6eef60,macosx1015-64-shippable-qr,True,False,,|b|y|t|e|c|o|d|e|-|c|a|c|h|e|d| |c|o|l|d| |f|i|s|s|i|o|n| |w|e|b|r|e|n|d|e|r|,102210fe594ee9b33d82058545b1ed14f4c8206e,PerceptualSpeedIndex,twitter,True,twitter PerceptualSpeedIndex opt bytecode-cached cold fission webrender,,77,ms,firefox,,1775030680,2023-10-17 13:02:41,597.9,9b7c81791d7f619271724e082934a933604e20da,1318010,,,,,,,,,,,,,,,,,,,,,,,,,,,,,,,,,,,,,,,,,,,,,,,,,,,,,,,,,,,,,TN,TN
autoland,4405952,13,ad8d5d1385265583919f5a224e1153902b6eef60,macosx1015-64-shippable-qr,True,False,,|b|y|t|e|c|o|d|e|-|c|a|c|h|e|d| |c|o|l|d| |f|i|s|s|i|o|n| |w|e|b|r|e|n|d|e|r|,102210fe594ee9b33d82058545b1ed14f4c8206e,PerceptualSpeedIndex,twitter,True,twitter PerceptualSpeedIndex opt bytecode-cached cold fission webrender,,77,ms,firefox,,1775597506,2023-10-17 14:44:37,608.3,4df3ab50f61692827e109b3ba0bc095436aefc36,1318087,,,,,,,,,,,,,,,,,,,,,,,,,,,,,,,,,,,,,,,,,,,,,,,,,,,,,,,,,,,,,TN,TN
autoland,4405952,13,ad8d5d1385265583919f5a224e1153902b6eef60,macosx1015-64-shippable-qr,True,False,,|b|y|t|e|c|o|d|e|-|c|a|c|h|e|d| |c|o|l|d| |f|i|s|s|i|o|n| |w|e|b|r|e|n|d|e|r|,102210fe594ee9b33d82058545b1ed14f4c8206e,PerceptualSpeedIndex,twitter,True,twitter PerceptualSpeedIndex opt bytecode-cached cold fission webrender,,77,ms,firefox,,1775646002,2023-10-17 14:48:54,617.6,d08a4dbb9e1717c5718d158d2ccfbb8bd38ef48d,1318094,,,,,,,,,,,,,,,,,,,,,,,,,,,,,,,,,,,,,,,,,,,,,,,,,,,,,,,,,,,,,TN,TN
autoland,4405952,13,ad8d5d1385265583919f5a224e1153902b6eef60,macosx1015-64-shippable-qr,True,False,,|b|y|t|e|c|o|d|e|-|c|a|c|h|e|d| |c|o|l|d| |f|i|s|s|i|o|n| |w|e|b|r|e|n|d|e|r|,102210fe594ee9b33d82058545b1ed14f4c8206e,PerceptualSpeedIndex,twitter,True,twitter PerceptualSpeedIndex opt bytecode-cached cold fission webrender,,77,ms,firefox,,1775139322,2023-10-17 16:53:16,618.2,684641630402200d14bf5126668b97a4f280fe59,1318176,,,,,,,,,,,,,,,,,,,,,,,,,,,,,,,,,,,,,,,,,,,,,,,,,,,,,,,,,,,,,TN,TN
autoland,4405952,13,ad8d5d1385265583919f5a224e1153902b6eef60,macosx1015-64-shippable-qr,True,False,,|b|y|t|e|c|o|d|e|-|c|a|c|h|e|d| |c|o|l|d| |f|i|s|s|i|o|n| |w|e|b|r|e|n|d|e|r|,102210fe594ee9b33d82058545b1ed14f4c8206e,PerceptualSpeedIndex,twitter,True,twitter PerceptualSpeedIndex opt bytecode-cached cold fission webrender,,77,ms,firefox,,1775414305,2023-10-17 21:03:18,601.8,421ffc7aa24ace087dc2a09680943f412adc38ff,1318349,,,,,,,,,,,,,,,,,,,,,,,,,,,,,,,,,,,,,,,,,,,,,,,,,,,,,,,,,,,,,TN,TN
autoland,4405952,13,ad8d5d1385265583919f5a224e1153902b6eef60,macosx1015-64-shippable-qr,True,False,,|b|y|t|e|c|o|d|e|-|c|a|c|h|e|d| |c|o|l|d| |f|i|s|s|i|o|n| |w|e|b|r|e|n|d|e|r|,102210fe594ee9b33d82058545b1ed14f4c8206e,PerceptualSpeedIndex,twitter,True,twitter PerceptualSpeedIndex opt bytecode-cached cold fission webrender,,77,ms,firefox,,1775383922,2023-10-17 21:04:13,649.6,4091bed4a0aae7772537e08e6cb49bf0bc7434c9,1318350,,,,,,,,,,,,,,,,,,,,,,,,,,,,,,,,,,,,,,,,,,,,,,,,,,,,,,,,,,,,,TN,TN
autoland,4405952,13,ad8d5d1385265583919f5a224e1153902b6eef60,macosx1015-64-shippable-qr,True,False,,|b|y|t|e|c|o|d|e|-|c|a|c|h|e|d| |c|o|l|d| |f|i|s|s|i|o|n| |w|e|b|r|e|n|d|e|r|,102210fe594ee9b33d82058545b1ed14f4c8206e,PerceptualSpeedIndex,twitter,True,twitter PerceptualSpeedIndex opt bytecode-cached cold fission webrender,,77,ms,firefox,,1775561047,2023-10-18 01:40:11,596.3,ba691c21c968a48e1bd212426fcc20fa5f4c276d,1318466,,,,,,,,,,,,,,,,,,,,,,,,,,,,,,,,,,,,,,,,,,,,,,,,,,,,,,,,,,,,,TN,TN
autoland,4405952,13,ad8d5d1385265583919f5a224e1153902b6eef60,macosx1015-64-shippable-qr,True,False,,|b|y|t|e|c|o|d|e|-|c|a|c|h|e|d| |c|o|l|d| |f|i|s|s|i|o|n| |w|e|b|r|e|n|d|e|r|,102210fe594ee9b33d82058545b1ed14f4c8206e,PerceptualSpeedIndex,twitter,True,twitter PerceptualSpeedIndex opt bytecode-cached cold fission webrender,,77,ms,firefox,,1775678051,2023-10-18 07:31:34,715.0,47d77a0e86e138652fedb38962b9709f9c0fb98d,1318540,,,,,,,,,,,,,,,,,,,,,,,,,,,,,,,,,,,,,,,,,,,,,,,,,,,,,,,,,,,,,TN,TN
autoland,4405952,13,ad8d5d1385265583919f5a224e1153902b6eef60,macosx1015-64-shippable-qr,True,False,,|b|y|t|e|c|o|d|e|-|c|a|c|h|e|d| |c|o|l|d| |f|i|s|s|i|o|n| |w|e|b|r|e|n|d|e|r|,102210fe594ee9b33d82058545b1ed14f4c8206e,PerceptualSpeedIndex,twitter,True,twitter PerceptualSpeedIndex opt bytecode-cached cold fission webrender,,77,ms,firefox,,1776635021,2023-10-18 07:54:20,609.1,9e4f4dfc09522e65b6dfe0113cac8c8fba516089,1318546,,,,,,,,,,,,,,,,,,,,,,,,,,,,,,,,,,,,,,,,,,,,,,,,,,,,,,,,,,,,,TN,TN
autoland,4405952,13,ad8d5d1385265583919f5a224e1153902b6eef60,macosx1015-64-shippable-qr,True,False,,|b|y|t|e|c|o|d|e|-|c|a|c|h|e|d| |c|o|l|d| |f|i|s|s|i|o|n| |w|e|b|r|e|n|d|e|r|,102210fe594ee9b33d82058545b1ed14f4c8206e,PerceptualSpeedIndex,twitter,True,twitter PerceptualSpeedIndex opt bytecode-cached cold fission webrender,,77,ms,firefox,,1776633507,2023-10-18 08:00:45,606.5,ee3b3779af7fc81a53859fa92856ef9deae17a75,1318549,,,,,,,,,,,,,,,,,,,,,,,,,,,,,,,,,,,,,,,,,,,,,,,,,,,,,,,,,,,,,TN,TN
autoland,4405952,13,ad8d5d1385265583919f5a224e1153902b6eef60,macosx1015-64-shippable-qr,True,False,,|b|y|t|e|c|o|d|e|-|c|a|c|h|e|d| |c|o|l|d| |f|i|s|s|i|o|n| |w|e|b|r|e|n|d|e|r|,102210fe594ee9b33d82058545b1ed14f4c8206e,PerceptualSpeedIndex,twitter,True,twitter PerceptualSpeedIndex opt bytecode-cached cold fission webrender,,77,ms,firefox,,1775850749,2023-10-18 11:51:04,605.4,639c0da2250e38bb3102b66c6105aaf808e2a817,1318689,,,,,,,,,,,,,,,,,,,,,,,,,,,,,,,,,,,,,,,,,,,,,,,,,,,,,,,,,,,,,TN,TN
autoland,4405952,13,ad8d5d1385265583919f5a224e1153902b6eef60,macosx1015-64-shippable-qr,True,False,,|b|y|t|e|c|o|d|e|-|c|a|c|h|e|d| |c|o|l|d| |f|i|s|s|i|o|n| |w|e|b|r|e|n|d|e|r|,102210fe594ee9b33d82058545b1ed14f4c8206e,PerceptualSpeedIndex,twitter,True,twitter PerceptualSpeedIndex opt bytecode-cached cold fission webrender,,77,ms,firefox,,1776074358,2023-10-18 16:05:19,688.0,023ae54874d34eb300cdfa9630da4455cb406ad3,1318932,,,,,,,,,,,,,,,,,,,,,,,,,,,,,,,,,,,,,,,,,,,,,,,,,,,,,,,,,,,,,TN,TN
autoland,4405952,13,ad8d5d1385265583919f5a224e1153902b6eef60,macosx1015-64-shippable-qr,True,False,,|b|y|t|e|c|o|d|e|-|c|a|c|h|e|d| |c|o|l|d| |f|i|s|s|i|o|n| |w|e|b|r|e|n|d|e|r|,102210fe594ee9b33d82058545b1ed14f4c8206e,PerceptualSpeedIndex,twitter,True,twitter PerceptualSpeedIndex opt bytecode-cached cold fission webrender,,77,ms,firefox,,1776101513,2023-10-18 16:32:33,597.9,361e571454e94ba0cfa1a86d2a7f63a24455581c,1318947,,,,,,,,,,,,,,,,,,,,,,,,,,,,,,,,,,,,,,,,,,,,,,,,,,,,,,,,,,,,,TN,TN
autoland,4405952,13,ad8d5d1385265583919f5a224e1153902b6eef60,macosx1015-64-shippable-qr,True,False,,|b|y|t|e|c|o|d|e|-|c|a|c|h|e|d| |c|o|l|d| |f|i|s|s|i|o|n| |w|e|b|r|e|n|d|e|r|,102210fe594ee9b33d82058545b1ed14f4c8206e,PerceptualSpeedIndex,twitter,True,twitter PerceptualSpeedIndex opt bytecode-cached cold fission webrender,,77,ms,firefox,,1776318163,2023-10-18 20:42:45,629.9,77f05957a4fc15dc053469145b93089adfec3484,1319167,,,,,,,,,,,,,,,,,,,,,,,,,,,,,,,,,,,,,,,,,,,,,,,,,,,,,,,,,,,,,TN,TN
autoland,4405952,13,ad8d5d1385265583919f5a224e1153902b6eef60,macosx1015-64-shippable-qr,True,False,,|b|y|t|e|c|o|d|e|-|c|a|c|h|e|d| |c|o|l|d| |f|i|s|s|i|o|n| |w|e|b|r|e|n|d|e|r|,102210fe594ee9b33d82058545b1ed14f4c8206e,PerceptualSpeedIndex,twitter,True,twitter PerceptualSpeedIndex opt bytecode-cached cold fission webrender,,77,ms,firefox,,1776301391,2023-10-18 20:46:18,621.5,e059b0995a2a62238ca266c3ed9955434ac43517,1319169,,,,,,,,,,,,,,,,,,,,,,,,,,,,,,,,,,,,,,,,,,,,,,,,,,,,,,,,,,,,,TN,TN
autoland,4405952,13,ad8d5d1385265583919f5a224e1153902b6eef60,macosx1015-64-shippable-qr,True,False,,|b|y|t|e|c|o|d|e|-|c|a|c|h|e|d| |c|o|l|d| |f|i|s|s|i|o|n| |w|e|b|r|e|n|d|e|r|,102210fe594ee9b33d82058545b1ed14f4c8206e,PerceptualSpeedIndex,twitter,True,twitter PerceptualSpeedIndex opt bytecode-cached cold fission webrender,,77,ms,firefox,,1776448817,2023-10-18 23:25:14,609.4,beb80bb8c90921077e9c1130ad5a8e925dc060b7,1319276,,,,,,,,,,,,,,,,,,,,,,,,,,,,,,,,,,,,,,,,,,,,,,,,,,,,,,,,,,,,,TN,TN
autoland,4405952,13,ad8d5d1385265583919f5a224e1153902b6eef60,macosx1015-64-shippable-qr,True,False,,|b|y|t|e|c|o|d|e|-|c|a|c|h|e|d| |c|o|l|d| |f|i|s|s|i|o|n| |w|e|b|r|e|n|d|e|r|,102210fe594ee9b33d82058545b1ed14f4c8206e,PerceptualSpeedIndex,twitter,True,twitter PerceptualSpeedIndex opt bytecode-cached cold fission webrender,,77,ms,firefox,,1776645781,2023-10-19 04:23:12,603.5,53cee944c60ac3c237a9aa2dacd19aa6bde80c2a,1319373,,,,,,,,,,,,,,,,,,,,,,,,,,,,,,,,,,,,,,,,,,,,,,,,,,,,,,,,,,,,,TN,TN
autoland,4405952,13,ad8d5d1385265583919f5a224e1153902b6eef60,macosx1015-64-shippable-qr,True,False,,|b|y|t|e|c|o|d|e|-|c|a|c|h|e|d| |c|o|l|d| |f|i|s|s|i|o|n| |w|e|b|r|e|n|d|e|r|,102210fe594ee9b33d82058545b1ed14f4c8206e,PerceptualSpeedIndex,twitter,True,twitter PerceptualSpeedIndex opt bytecode-cached cold fission webrender,,77,ms,firefox,,1776722980,2023-10-19 08:39:29,589.3,a9a0ca5dc9605973d81ded607dfccd4d0a08dc68,1319455,,,,,,,,,,,,,,,,,,,,,,,,,,,,,,,,,,,,,,,,,,,,,,,,,,,,,,,,,,,,,TN,TN
autoland,4405952,13,ad8d5d1385265583919f5a224e1153902b6eef60,macosx1015-64-shippable-qr,True,False,,|b|y|t|e|c|o|d|e|-|c|a|c|h|e|d| |c|o|l|d| |f|i|s|s|i|o|n| |w|e|b|r|e|n|d|e|r|,102210fe594ee9b33d82058545b1ed14f4c8206e,PerceptualSpeedIndex,twitter,True,twitter PerceptualSpeedIndex opt bytecode-cached cold fission webrender,,77,ms,firefox,,1776852425,2023-10-19 12:43:18,580.8,2981b7bbee06c518301e1542545e92b6d80a8d0b,1319613,,,,,,,,,,,,,,,,,,,,,,,,,,,,,,,,,,,,,,,,,,,,,,,,,,,,,,,,,,,,,TN,TN
autoland,4405952,13,ad8d5d1385265583919f5a224e1153902b6eef60,macosx1015-64-shippable-qr,True,False,,|b|y|t|e|c|o|d|e|-|c|a|c|h|e|d| |c|o|l|d| |f|i|s|s|i|o|n| |w|e|b|r|e|n|d|e|r|,102210fe594ee9b33d82058545b1ed14f4c8206e,PerceptualSpeedIndex,twitter,True,twitter PerceptualSpeedIndex opt bytecode-cached cold fission webrender,,77,ms,firefox,,1776857979,2023-10-19 12:48:25,607.8,8be39770f68cb52d1a2b14bdf31a34f5e54212e8,1319617,,,,,,,,,,,,,,,,,,,,,,,,,,,,,,,,,,,,,,,,,,,,,,,,,,,,,,,,,,,,,TN,TN
autoland,4405952,13,ad8d5d1385265583919f5a224e1153902b6eef60,macosx1015-64-shippable-qr,True,False,,|b|y|t|e|c|o|d|e|-|c|a|c|h|e|d| |c|o|l|d| |f|i|s|s|i|o|n| |w|e|b|r|e|n|d|e|r|,102210fe594ee9b33d82058545b1ed14f4c8206e,PerceptualSpeedIndex,twitter,True,twitter PerceptualSpeedIndex opt bytecode-cached cold fission webrender,,77,ms,firefox,,1776949593,2023-10-19 17:06:19,609.2,fafeb43eefd13b4df24d6526d729b15fb42b7d27,1319833,,,,,,,,,,,,,,,,,,,,,,,,,,,,,,,,,,,,,,,,,,,,,,,,,,,,,,,,,,,,,TN,TN
autoland,4405952,13,ad8d5d1385265583919f5a224e1153902b6eef60,macosx1015-64-shippable-qr,True,False,,|b|y|t|e|c|o|d|e|-|c|a|c|h|e|d| |c|o|l|d| |f|i|s|s|i|o|n| |w|e|b|r|e|n|d|e|r|,102210fe594ee9b33d82058545b1ed14f4c8206e,PerceptualSpeedIndex,twitter,True,twitter PerceptualSpeedIndex opt bytecode-cached cold fission webrender,,77,ms,firefox,,1777207101,2023-10-19 20:56:13,592.4,6ae72d4d62c421303fd85fb0939f9baaa5594d83,1319988,,,,,,,,,,,,,,,,,,,,,,,,,,,,,,,,,,,,,,,,,,,,,,,,,,,,,,,,,,,,,TN,TN
autoland,4405952,13,ad8d5d1385265583919f5a224e1153902b6eef60,macosx1015-64-shippable-qr,True,False,,|b|y|t|e|c|o|d|e|-|c|a|c|h|e|d| |c|o|l|d| |f|i|s|s|i|o|n| |w|e|b|r|e|n|d|e|r|,102210fe594ee9b33d82058545b1ed14f4c8206e,PerceptualSpeedIndex,twitter,True,twitter PerceptualSpeedIndex opt bytecode-cached cold fission webrender,,77,ms,firefox,,1777221331,2023-10-19 20:58:51,586.6,b61e815058043ef79ba03f013bdf41ef57651fa5,1320000,,,,,,,,,,,,,,,,,,,,,,,,,,,,,,,,,,,,,,,,,,,,,,,,,,,,,,,,,,,,,TN,TN
autoland,4405952,13,ad8d5d1385265583919f5a224e1153902b6eef60,macosx1015-64-shippable-qr,True,False,,|b|y|t|e|c|o|d|e|-|c|a|c|h|e|d| |c|o|l|d| |f|i|s|s|i|o|n| |w|e|b|r|e|n|d|e|r|,102210fe594ee9b33d82058545b1ed14f4c8206e,PerceptualSpeedIndex,twitter,True,twitter PerceptualSpeedIndex opt bytecode-cached cold fission webrender,,77,ms,firefox,,1777078504,2023-10-19 22:45:17,647.4,b557109f1b5dd0a5c7be013c630945f886e17708,1320076,,,,,,,,,,,,,,,,,,,,,,,,,,,,,,,,,,,,,,,,,,,,,,,,,,,,,,,,,,,,,TN,TN
autoland,4405952,13,ad8d5d1385265583919f5a224e1153902b6eef60,macosx1015-64-shippable-qr,True,False,,|b|y|t|e|c|o|d|e|-|c|a|c|h|e|d| |c|o|l|d| |f|i|s|s|i|o|n| |w|e|b|r|e|n|d|e|r|,102210fe594ee9b33d82058545b1ed14f4c8206e,PerceptualSpeedIndex,twitter,True,twitter PerceptualSpeedIndex opt bytecode-cached cold fission webrender,,77,ms,firefox,,1777087631,2023-10-19 22:59:16,609.7,0546c85daa8d8b6f7a8c5a842fdf1a990215e249,1320081,,,,,,,,,,,,,,,,,,,,,,,,,,,,,,,,,,,,,,,,,,,,,,,,,,,,,,,,,,,,,TN,TN
autoland,4405952,13,ad8d5d1385265583919f5a224e1153902b6eef60,macosx1015-64-shippable-qr,True,False,,|b|y|t|e|c|o|d|e|-|c|a|c|h|e|d| |c|o|l|d| |f|i|s|s|i|o|n| |w|e|b|r|e|n|d|e|r|,102210fe594ee9b33d82058545b1ed14f4c8206e,PerceptualSpeedIndex,twitter,True,twitter PerceptualSpeedIndex opt bytecode-cached cold fission webrender,,77,ms,firefox,,1777191773,2023-10-20 03:32:37,609.8,dc0d913ecc2486cafc7a005d2fe6705f2c7da222,1320137,,,,,,,,,,,,,,,,,,,,,,,,,,,,,,,,,,,,,,,,,,,,,,,,,,,,,,,,,,,,,TN,TN
autoland,4405952,13,ad8d5d1385265583919f5a224e1153902b6eef60,macosx1015-64-shippable-qr,True,False,,|b|y|t|e|c|o|d|e|-|c|a|c|h|e|d| |c|o|l|d| |f|i|s|s|i|o|n| |w|e|b|r|e|n|d|e|r|,102210fe594ee9b33d82058545b1ed14f4c8206e,PerceptualSpeedIndex,twitter,True,twitter PerceptualSpeedIndex opt bytecode-cached cold fission webrender,,77,ms,firefox,,1777346173,2023-10-20 09:14:56,605.8,5ebf0b67d0519897b95e84598900434fe92b7abb,1320186,,,,,,,,,,,,,,,,,,,,,,,,,,,,,,,,,,,,,,,,,,,,,,,,,,,,,,,,,,,,,TN,TN
autoland,4405952,13,ad8d5d1385265583919f5a224e1153902b6eef60,macosx1015-64-shippable-qr,True,False,,|b|y|t|e|c|o|d|e|-|c|a|c|h|e|d| |c|o|l|d| |f|i|s|s|i|o|n| |w|e|b|r|e|n|d|e|r|,102210fe594ee9b33d82058545b1ed14f4c8206e,PerceptualSpeedIndex,twitter,True,twitter PerceptualSpeedIndex opt bytecode-cached cold fission webrender,,77,ms,firefox,,1777414006,2023-10-20 14:06:35,581.5,dfa7f17930eb1b48ff7435494924a0711114e40a,1320283,,,,,,,,,,,,,,,,,,,,,,,,,,,,,,,,,,,,,,,,,,,,,,,,,,,,,,,,,,,,,TN,TN
autoland,4405952,13,ad8d5d1385265583919f5a224e1153902b6eef60,macosx1015-64-shippable-qr,True,False,,|b|y|t|e|c|o|d|e|-|c|a|c|h|e|d| |c|o|l|d| |f|i|s|s|i|o|n| |w|e|b|r|e|n|d|e|r|,102210fe594ee9b33d82058545b1ed14f4c8206e,PerceptualSpeedIndex,twitter,True,twitter PerceptualSpeedIndex opt bytecode-cached cold fission webrender,,77,ms,firefox,,1777435235,2023-10-20 15:24:34,594.3,8f4fc4b6cc05c16482986671d19d546faf6cb212,1320314,,,,,,,,,,,,,,,,,,,,,,,,,,,,,,,,,,,,,,,,,,,,,,,,,,,,,,,,,,,,,TN,TN
autoland,4405952,13,ad8d5d1385265583919f5a224e1153902b6eef60,macosx1015-64-shippable-qr,True,False,,|b|y|t|e|c|o|d|e|-|c|a|c|h|e|d| |c|o|l|d| |f|i|s|s|i|o|n| |w|e|b|r|e|n|d|e|r|,102210fe594ee9b33d82058545b1ed14f4c8206e,PerceptualSpeedIndex,twitter,True,twitter PerceptualSpeedIndex opt bytecode-cached cold fission webrender,,77,ms,firefox,,1777548969,2023-10-20 21:24:05,601.4,f4da998c2ad5be8d29b4e2523b56d9d5e2a58984,1320380,,,,,,,,,,,,,,,,,,,,,,,,,,,,,,,,,,,,,,,,,,,,,,,,,,,,,,,,,,,,,TN,TN
autoland,4405952,13,ad8d5d1385265583919f5a224e1153902b6eef60,macosx1015-64-shippable-qr,True,False,,|b|y|t|e|c|o|d|e|-|c|a|c|h|e|d| |c|o|l|d| |f|i|s|s|i|o|n| |w|e|b|r|e|n|d|e|r|,102210fe594ee9b33d82058545b1ed14f4c8206e,PerceptualSpeedIndex,twitter,True,twitter PerceptualSpeedIndex opt bytecode-cached cold fission webrender,,77,ms,firefox,,1777668235,2023-10-21 14:30:38,595.1,4124eee4f58ca46e13cb937c757a2fe1875120f0,1320453,,,,,,,,,,,,,,,,,,,,,,,,,,,,,,,,,,,,,,,,,,,,,,,,,,,,,,,,,,,,,TN,TN
autoland,4405952,13,ad8d5d1385265583919f5a224e1153902b6eef60,macosx1015-64-shippable-qr,True,False,,|b|y|t|e|c|o|d|e|-|c|a|c|h|e|d| |c|o|l|d| |f|i|s|s|i|o|n| |w|e|b|r|e|n|d|e|r|,102210fe594ee9b33d82058545b1ed14f4c8206e,PerceptualSpeedIndex,twitter,True,twitter PerceptualSpeedIndex opt bytecode-cached cold fission webrender,,77,ms,firefox,,1777791477,2023-10-22 19:07:04,598.0,529ec79bcdfd6a273fe6607c2a34bcc93c009ec5,1320522,,,,,,,,,,,,,,,,,,,,,,,,,,,,,,,,,,,,,,,,,,,,,,,,,,,,,,,,,,,,,TN,TN
autoland,4405952,13,ad8d5d1385265583919f5a224e1153902b6eef60,macosx1015-64-shippable-qr,True,False,,|b|y|t|e|c|o|d|e|-|c|a|c|h|e|d| |c|o|l|d| |f|i|s|s|i|o|n| |w|e|b|r|e|n|d|e|r|,102210fe594ee9b33d82058545b1ed14f4c8206e,PerceptualSpeedIndex,twitter,True,twitter PerceptualSpeedIndex opt bytecode-cached cold fission webrender,,77,ms,firefox,,1777883489,2023-10-22 21:46:31,606.7,52f2e6e80f6f7d8ab6eaaa36c4aa47c5be27a7a1,1320539,,,,,,,,,,,,,,,,,,,,,,,,,,,,,,,,,,,,,,,,,,,,,,,,,,,,,,,,,,,,,TN,TN
autoland,4405952,13,ad8d5d1385265583919f5a224e1153902b6eef60,macosx1015-64-shippable-qr,True,False,,|b|y|t|e|c|o|d|e|-|c|a|c|h|e|d| |c|o|l|d| |f|i|s|s|i|o|n| |w|e|b|r|e|n|d|e|r|,102210fe594ee9b33d82058545b1ed14f4c8206e,PerceptualSpeedIndex,twitter,True,twitter PerceptualSpeedIndex opt bytecode-cached cold fission webrender,,77,ms,firefox,,1778881940,2023-10-23 09:45:25,739.8,f1426851ae3049d6f44ef0e9da7b601c73ea435a,1320692,,,,,,,,,,,,,,,,,,,,,,,,,,,,,,,,,,,,,,,,,,,,,,,,,,,,,,,,,,,,,TN,TN
autoland,4405952,13,ad8d5d1385265583919f5a224e1153902b6eef60,macosx1015-64-shippable-qr,True,False,,|b|y|t|e|c|o|d|e|-|c|a|c|h|e|d| |c|o|l|d| |f|i|s|s|i|o|n| |w|e|b|r|e|n|d|e|r|,102210fe594ee9b33d82058545b1ed14f4c8206e,PerceptualSpeedIndex,twitter,True,twitter PerceptualSpeedIndex opt bytecode-cached cold fission webrender,,77,ms,firefox,,1778797053,2023-10-23 09:59:46,588.7,3b1bb1524b9060ea54f96bef98b0c53eed1cb7e3,1320702,,,,,,,,,,,,,,,,,,,,,,,,,,,,,,,,,,,,,,,,,,,,,,,,,,,,,,,,,,,,,TN,TN
autoland,4405952,13,ad8d5d1385265583919f5a224e1153902b6eef60,macosx1015-64-shippable-qr,True,False,,|b|y|t|e|c|o|d|e|-|c|a|c|h|e|d| |c|o|l|d| |f|i|s|s|i|o|n| |w|e|b|r|e|n|d|e|r|,102210fe594ee9b33d82058545b1ed14f4c8206e,PerceptualSpeedIndex,twitter,True,twitter PerceptualSpeedIndex opt bytecode-cached cold fission webrender,,77,ms,firefox,,1778816324,2023-10-23 10:46:08,630.6,fe4e67ae521b5b29efef2be635e0085c2aad1448,1320734,,,,,,,,,,,,,,,,,,,,,,,,,,,,,,,,,,,,,,,,,,,,,,,,,,,,,,,,,,,,,TN,TN
autoland,4405952,13,ad8d5d1385265583919f5a224e1153902b6eef60,macosx1015-64-shippable-qr,True,False,,|b|y|t|e|c|o|d|e|-|c|a|c|h|e|d| |c|o|l|d| |f|i|s|s|i|o|n| |w|e|b|r|e|n|d|e|r|,102210fe594ee9b33d82058545b1ed14f4c8206e,PerceptualSpeedIndex,twitter,True,twitter PerceptualSpeedIndex opt bytecode-cached cold fission webrender,,77,ms,firefox,,1778037989,2023-10-23 11:07:29,614.7,acba8a75249bc2b26b143d4d2830575cf0d7bcc2,1320744,,,,,,,,,,,,,,,,,,,,,,,,,,,,,,,,,,,,,,,,,,,,,,,,,,,,,,,,,,,,,TN,TN
autoland,4405952,13,ad8d5d1385265583919f5a224e1153902b6eef60,macosx1015-64-shippable-qr,True,False,,|b|y|t|e|c|o|d|e|-|c|a|c|h|e|d| |c|o|l|d| |f|i|s|s|i|o|n| |w|e|b|r|e|n|d|e|r|,102210fe594ee9b33d82058545b1ed14f4c8206e,PerceptualSpeedIndex,twitter,True,twitter PerceptualSpeedIndex opt bytecode-cached cold fission webrender,,77,ms,firefox,,1778820132,2023-10-23 12:10:22,609.4,4c6d299e86ebe5d31f47c71505844335e119cf21,1320774,,,,,,,,,,,,,,,,,,,,,,,,,,,,,,,,,,,,,,,,,,,,,,,,,,,,,,,,,,,,,TN,TN
autoland,4405952,13,ad8d5d1385265583919f5a224e1153902b6eef60,macosx1015-64-shippable-qr,True,False,,|b|y|t|e|c|o|d|e|-|c|a|c|h|e|d| |c|o|l|d| |f|i|s|s|i|o|n| |w|e|b|r|e|n|d|e|r|,102210fe594ee9b33d82058545b1ed14f4c8206e,PerceptualSpeedIndex,twitter,True,twitter PerceptualSpeedIndex opt bytecode-cached cold fission webrender,,77,ms,firefox,,1778828079,2023-10-23 12:15:00,642.7,c858c7fc7c4b572acc8dfce2e3c4ff73fc2fa44f,1320776,,,,,,,,,,,,,,,,,,,,,,,,,,,,,,,,,,,,,,,,,,,,,,,,,,,,,,,,,,,,,TN,TN
autoland,4405952,13,ad8d5d1385265583919f5a224e1153902b6eef60,macosx1015-64-shippable-qr,True,False,,|b|y|t|e|c|o|d|e|-|c|a|c|h|e|d| |c|o|l|d| |f|i|s|s|i|o|n| |w|e|b|r|e|n|d|e|r|,102210fe594ee9b33d82058545b1ed14f4c8206e,PerceptualSpeedIndex,twitter,True,twitter PerceptualSpeedIndex opt bytecode-cached cold fission webrender,,77,ms,firefox,,1778121951,2023-10-23 12:26:53,604.7,818b5938920e6868a3f3b5a16b0c972bd8ec5cfc,1320781,,,,,,,,,,,,,,,,,,,,,,,,,,,,,,,,,,,,,,,,,,,,,,,,,,,,,,,,,,,,,TN,TN
autoland,4405952,13,ad8d5d1385265583919f5a224e1153902b6eef60,macosx1015-64-shippable-qr,True,False,,|b|y|t|e|c|o|d|e|-|c|a|c|h|e|d| |c|o|l|d| |f|i|s|s|i|o|n| |w|e|b|r|e|n|d|e|r|,102210fe594ee9b33d82058545b1ed14f4c8206e,PerceptualSpeedIndex,twitter,True,twitter PerceptualSpeedIndex opt bytecode-cached cold fission webrender,,77,ms,firefox,,1778855697,2023-10-23 13:41:17,646.7,82c0efe382655a52d0d24628862fa416c4f66c0a,1320840,,,,,,,,,,,,,,,,,,,,,,,,,,,,,,,,,,,,,,,,,,,,,,,,,,,,,,,,,,,,,TN,TN
autoland,4405952,13,ad8d5d1385265583919f5a224e1153902b6eef60,macosx1015-64-shippable-qr,True,False,,|b|y|t|e|c|o|d|e|-|c|a|c|h|e|d| |c|o|l|d| |f|i|s|s|i|o|n| |w|e|b|r|e|n|d|e|r|,102210fe594ee9b33d82058545b1ed14f4c8206e,PerceptualSpeedIndex,twitter,True,twitter PerceptualSpeedIndex opt bytecode-cached cold fission webrender,,77,ms,firefox,,1778942272,2023-10-23 14:02:43,668.2,02eefc6ff7a472c3443d7c9dce3479eb24a2c821,1320867,,,,,,,,,,,,,,,,,,,,,,,,,,,,,,,,,,,,,,,,,,,,,,,,,,,,,,,,,,,,,TN,TN
autoland,4405952,13,ad8d5d1385265583919f5a224e1153902b6eef60,macosx1015-64-shippable-qr,True,False,,|b|y|t|e|c|o|d|e|-|c|a|c|h|e|d| |c|o|l|d| |f|i|s|s|i|o|n| |w|e|b|r|e|n|d|e|r|,102210fe594ee9b33d82058545b1ed14f4c8206e,PerceptualSpeedIndex,twitter,True,twitter PerceptualSpeedIndex opt bytecode-cached cold fission webrender,,77,ms,firefox,,1778308751,2023-10-23 15:48:05,618.9,f222bdcd6517e233cb62a3164afd50fd17a55e62,1320978,,,,,,,,,,,,,,,,,,,,,,,,,,,,,,,,,,,,,,,,,,,,,,,,,,,,,,,,,,,,,TN,TN
autoland,4405952,13,ad8d5d1385265583919f5a224e1153902b6eef60,macosx1015-64-shippable-qr,True,False,,|b|y|t|e|c|o|d|e|-|c|a|c|h|e|d| |c|o|l|d| |f|i|s|s|i|o|n| |w|e|b|r|e|n|d|e|r|,102210fe594ee9b33d82058545b1ed14f4c8206e,PerceptualSpeedIndex,twitter,True,twitter PerceptualSpeedIndex opt bytecode-cached cold fission webrender,,77,ms,firefox,,1778365145,2023-10-23 17:53:04,601.6,00c1813123fd4ca7ec1446ebdabe2848814e550e,1321095,,,,,,,,,,,,,,,,,,,,,,,,,,,,,,,,,,,,,,,,,,,,,,,,,,,,,,,,,,,,,TN,TN
autoland,4405952,13,ad8d5d1385265583919f5a224e1153902b6eef60,macosx1015-64-shippable-qr,True,False,,|b|y|t|e|c|o|d|e|-|c|a|c|h|e|d| |c|o|l|d| |f|i|s|s|i|o|n| |w|e|b|r|e|n|d|e|r|,102210fe594ee9b33d82058545b1ed14f4c8206e,PerceptualSpeedIndex,twitter,True,twitter PerceptualSpeedIndex opt bytecode-cached cold fission webrender,,77,ms,firefox,,1778526323,2023-10-23 20:36:06,600.6,0fdbf0a455f26afa0a7a0390d6a380e318fce9d4,1321210,,,,,,,,,,,,,,,,,,,,,,,,,,,,,,,,,,,,,,,,,,,,,,,,,,,,,,,,,,,,,TN,TN
autoland,4405952,13,ad8d5d1385265583919f5a224e1153902b6eef60,macosx1015-64-shippable-qr,True,False,,|b|y|t|e|c|o|d|e|-|c|a|c|h|e|d| |c|o|l|d| |f|i|s|s|i|o|n| |w|e|b|r|e|n|d|e|r|,102210fe594ee9b33d82058545b1ed14f4c8206e,PerceptualSpeedIndex,twitter,True,twitter PerceptualSpeedIndex opt bytecode-cached cold fission webrender,,77,ms,firefox,,1778738477,2023-10-24 00:49:55,624.7,ed9d130c38a8858740845db8ec5c8bb7e68cce65,1321359,,,,,,,,,,,,,,,,,,,,,,,,,,,,,,,,,,,,,,,,,,,,,,,,,,,,,,,,,,,,,TN,TN
autoland,4405952,13,ad8d5d1385265583919f5a224e1153902b6eef60,macosx1015-64-shippable-qr,True,False,,|b|y|t|e|c|o|d|e|-|c|a|c|h|e|d| |c|o|l|d| |f|i|s|s|i|o|n| |w|e|b|r|e|n|d|e|r|,102210fe594ee9b33d82058545b1ed14f4c8206e,PerceptualSpeedIndex,twitter,True,twitter PerceptualSpeedIndex opt bytecode-cached cold fission webrender,,77,ms,firefox,,1778865600,2023-10-24 05:06:29,655.0,bcdbc81d4adffb0c3b1e04e1854e43cf49314d92,1321416,,,,,,,,,,,,,,,,,,,,,,,,,,,,,,,,,,,,,,,,,,,,,,,,,,,,,,,,,,,,,TN,TN
autoland,4405952,13,ad8d5d1385265583919f5a224e1153902b6eef60,macosx1015-64-shippable-qr,True,False,,|b|y|t|e|c|o|d|e|-|c|a|c|h|e|d| |c|o|l|d| |f|i|s|s|i|o|n| |w|e|b|r|e|n|d|e|r|,102210fe594ee9b33d82058545b1ed14f4c8206e,PerceptualSpeedIndex,twitter,True,twitter PerceptualSpeedIndex opt bytecode-cached cold fission webrender,,77,ms,firefox,,1778957264,2023-10-24 08:18:26,630.4,36a87a6432703a1f3a1f2a92756c90146a19e5f2,1321456,,,,,,,,,,,,,,,,,,,,,,,,,,,,,,,,,,,,,,,,,,,,,,,,,,,,,,,,,,,,,TN,TN
autoland,4405952,13,ad8d5d1385265583919f5a224e1153902b6eef60,macosx1015-64-shippable-qr,True,False,,|b|y|t|e|c|o|d|e|-|c|a|c|h|e|d| |c|o|l|d| |f|i|s|s|i|o|n| |w|e|b|r|e|n|d|e|r|,102210fe594ee9b33d82058545b1ed14f4c8206e,PerceptualSpeedIndex,twitter,True,twitter PerceptualSpeedIndex opt bytecode-cached cold fission webrender,,77,ms,firefox,,1779216353,2023-10-24 12:23:09,638.5,ea758c7008d76a67d75d4874bb1a1a00838f4128,1321565,,,,,,,,,,,,,,,,,,,,,,,,,,,,,,,,,,,,,,,,,,,,,,,,,,,,,,,,,,,,,TN,TN
autoland,4405952,13,ad8d5d1385265583919f5a224e1153902b6eef60,macosx1015-64-shippable-qr,True,False,,|b|y|t|e|c|o|d|e|-|c|a|c|h|e|d| |c|o|l|d| |f|i|s|s|i|o|n| |w|e|b|r|e|n|d|e|r|,102210fe594ee9b33d82058545b1ed14f4c8206e,PerceptualSpeedIndex,twitter,True,twitter PerceptualSpeedIndex opt bytecode-cached cold fission webrender,,77,ms,firefox,,1779709150,2023-10-24 13:05:55,644.9,0900a57bd906196091cc9315cc1480b9457b5089,1321592,,,,,,,,,,,,,,,,,,,,,,,,,,,,,,,,,,,,,,,,,,,,,,,,,,,,,,,,,,,,,TN,TN
autoland,4405952,13,ad8d5d1385265583919f5a224e1153902b6eef60,macosx1015-64-shippable-qr,True,False,,|b|y|t|e|c|o|d|e|-|c|a|c|h|e|d| |c|o|l|d| |f|i|s|s|i|o|n| |w|e|b|r|e|n|d|e|r|,102210fe594ee9b33d82058545b1ed14f4c8206e,PerceptualSpeedIndex,twitter,True,twitter PerceptualSpeedIndex opt bytecode-cached cold fission webrender,,77,ms,firefox,,1779708767,2023-10-24 13:09:05,665.3,f6e5fecee879e3d0cd8b2e91df7cfe30f2b5610c,1321594,,,,,,,,,,,,,,,,,,,,,,,,,,,,,,,,,,,,,,,,,,,,,,,,,,,,,,,,,,,,,TN,TN
autoland,4405952,13,ad8d5d1385265583919f5a224e1153902b6eef60,macosx1015-64-shippable-qr,True,False,,|b|y|t|e|c|o|d|e|-|c|a|c|h|e|d| |c|o|l|d| |f|i|s|s|i|o|n| |w|e|b|r|e|n|d|e|r|,102210fe594ee9b33d82058545b1ed14f4c8206e,PerceptualSpeedIndex,twitter,True,twitter PerceptualSpeedIndex opt bytecode-cached cold fission webrender,,77,ms,firefox,,1779524203,2023-10-24 13:48:19,633.2,eccda51a6f68b20cfe9af1e94b9336b9856b103e,1321616,,,,,,,,,,,,,,,,,,,,,,,,,,,,,,,,,,,,,,,,,,,,,,,,,,,,,,,,,,,,,TN,TN
autoland,4405952,13,ad8d5d1385265583919f5a224e1153902b6eef60,macosx1015-64-shippable-qr,True,False,,|b|y|t|e|c|o|d|e|-|c|a|c|h|e|d| |c|o|l|d| |f|i|s|s|i|o|n| |w|e|b|r|e|n|d|e|r|,102210fe594ee9b33d82058545b1ed14f4c8206e,PerceptualSpeedIndex,twitter,True,twitter PerceptualSpeedIndex opt bytecode-cached cold fission webrender,,77,ms,firefox,,1779538846,2023-10-24 17:52:45,620.0,b2dec8a51f6e781be65a730cfde18a11c9569f94,1321799,,,,,,,,,,,,,,,,,,,,,,,,,,,,,,,,,,,,,,,,,,,,,,,,,,,,,,,,,,,,,TN,TN
autoland,4405952,13,ad8d5d1385265583919f5a224e1153902b6eef60,macosx1015-64-shippable-qr,True,False,,|b|y|t|e|c|o|d|e|-|c|a|c|h|e|d| |c|o|l|d| |f|i|s|s|i|o|n| |w|e|b|r|e|n|d|e|r|,102210fe594ee9b33d82058545b1ed14f4c8206e,PerceptualSpeedIndex,twitter,True,twitter PerceptualSpeedIndex opt bytecode-cached cold fission webrender,,77,ms,firefox,,1779592256,2023-10-24 21:54:59,629.5,27ee97bc90986bde66dfb122cc4c8a6a3730e4a3,1321984,,,,,,,,,,,,,,,,,,,,,,,,,,,,,,,,,,,,,,,,,,,,,,,,,,,,,,,,,,,,,TN,TN
autoland,4405952,13,ad8d5d1385265583919f5a224e1153902b6eef60,macosx1015-64-shippable-qr,True,False,,|b|y|t|e|c|o|d|e|-|c|a|c|h|e|d| |c|o|l|d| |f|i|s|s|i|o|n| |w|e|b|r|e|n|d|e|r|,102210fe594ee9b33d82058545b1ed14f4c8206e,PerceptualSpeedIndex,twitter,True,twitter PerceptualSpeedIndex opt bytecode-cached cold fission webrender,,77,ms,firefox,,1779678634,2023-10-25 01:35:01,646.5,edfb4ab939a51c9dc131c959da539ef71f17cf5f,1322066,,,,,,,,,,,,,,,,,,,,,,,,,,,,,,,,,,,,,,,,,,,,,,,,,,,,,,,,,,,,,TN,TN
autoland,4405952,13,ad8d5d1385265583919f5a224e1153902b6eef60,macosx1015-64-shippable-qr,True,False,,|b|y|t|e|c|o|d|e|-|c|a|c|h|e|d| |c|o|l|d| |f|i|s|s|i|o|n| |w|e|b|r|e|n|d|e|r|,102210fe594ee9b33d82058545b1ed14f4c8206e,PerceptualSpeedIndex,twitter,True,twitter PerceptualSpeedIndex opt bytecode-cached cold fission webrender,,77,ms,firefox,,1779749161,2023-10-25 05:46:17,631.5,c00936a538d944ced81780de7e2670806145f0ec,1322115,,,,,,,,,,,,,,,,,,,,,,,,,,,,,,,,,,,,,,,,,,,,,,,,,,,,,,,,,,,,,TN,TN
autoland,4405952,13,ad8d5d1385265583919f5a224e1153902b6eef60,macosx1015-64-shippable-qr,True,False,,|b|y|t|e|c|o|d|e|-|c|a|c|h|e|d| |c|o|l|d| |f|i|s|s|i|o|n| |w|e|b|r|e|n|d|e|r|,102210fe594ee9b33d82058545b1ed14f4c8206e,PerceptualSpeedIndex,twitter,True,twitter PerceptualSpeedIndex opt bytecode-cached cold fission webrender,,77,ms,firefox,,1779918083,2023-10-25 09:46:40,619.4,03d61eb955a9ac6e3374ca4c5504edc41cd1aa4a,1322203,,,,,,,,,,,,,,,,,,,,,,,,,,,,,,,,,,,,,,,,,,,,,,,,,,,,,,,,,,,,,TN,TN
autoland,4405952,13,ad8d5d1385265583919f5a224e1153902b6eef60,macosx1015-64-shippable-qr,True,False,,|b|y|t|e|c|o|d|e|-|c|a|c|h|e|d| |c|o|l|d| |f|i|s|s|i|o|n| |w|e|b|r|e|n|d|e|r|,102210fe594ee9b33d82058545b1ed14f4c8206e,PerceptualSpeedIndex,twitter,True,twitter PerceptualSpeedIndex opt bytecode-cached cold fission webrender,,77,ms,firefox,,1779989039,2023-10-25 12:40:12,613.4,44697a7ca8612ae5a4807f530347c3df1d2c191a,1322280,,,,,,,,,,,,,,,,,,,,,,,,,,,,,,,,,,,,,,,,,,,,,,,,,,,,,,,,,,,,,TN,TN
autoland,4405952,13,ad8d5d1385265583919f5a224e1153902b6eef60,macosx1015-64-shippable-qr,True,False,,|b|y|t|e|c|o|d|e|-|c|a|c|h|e|d| |c|o|l|d| |f|i|s|s|i|o|n| |w|e|b|r|e|n|d|e|r|,102210fe594ee9b33d82058545b1ed14f4c8206e,PerceptualSpeedIndex,twitter,True,twitter PerceptualSpeedIndex opt bytecode-cached cold fission webrender,,77,ms,firefox,,1780194835,2023-10-25 16:42:09,617.2,b8c2a1837c16c66a12ef79eaf5545e92ae448768,1322418,,,,,,,,,,,,,,,,,,,,,,,,,,,,,,,,,,,,,,,,,,,,,,,,,,,,,,,,,,,,,TN,TN
autoland,4405952,13,ad8d5d1385265583919f5a224e1153902b6eef60,macosx1015-64-shippable-qr,True,False,,|b|y|t|e|c|o|d|e|-|c|a|c|h|e|d| |c|o|l|d| |f|i|s|s|i|o|n| |w|e|b|r|e|n|d|e|r|,102210fe594ee9b33d82058545b1ed14f4c8206e,PerceptualSpeedIndex,twitter,True,twitter PerceptualSpeedIndex opt bytecode-cached cold fission webrender,,77,ms,firefox,,1780214534,2023-10-25 18:17:29,587.6,691148c77012c40658cd4a6e4ee3ca178d1c1ca8,1322468,,,,,,,,,,,,,,,,,,,,,,,,,,,,,,,,,,,,,,,,,,,,,,,,,,,,,,,,,,,,,TN,TN
autoland,4405952,13,ad8d5d1385265583919f5a224e1153902b6eef60,macosx1015-64-shippable-qr,True,False,,|b|y|t|e|c|o|d|e|-|c|a|c|h|e|d| |c|o|l|d| |f|i|s|s|i|o|n| |w|e|b|r|e|n|d|e|r|,102210fe594ee9b33d82058545b1ed14f4c8206e,PerceptualSpeedIndex,twitter,True,twitter PerceptualSpeedIndex opt bytecode-cached cold fission webrender,,77,ms,firefox,,1780402515,2023-10-25 21:16:28,614.8,e6a52d2c9941178fa5113e3c7af81f561078c5f5,1322573,,,,,,,,,,,,,,,,,,,,,,,,,,,,,,,,,,,,,,,,,,,,,,,,,,,,,,,,,,,,,TN,TN
autoland,4405952,13,ad8d5d1385265583919f5a224e1153902b6eef60,macosx1015-64-shippable-qr,True,False,,|b|y|t|e|c|o|d|e|-|c|a|c|h|e|d| |c|o|l|d| |f|i|s|s|i|o|n| |w|e|b|r|e|n|d|e|r|,102210fe594ee9b33d82058545b1ed14f4c8206e,PerceptualSpeedIndex,twitter,True,twitter PerceptualSpeedIndex opt bytecode-cached cold fission webrender,,77,ms,firefox,,1780527938,2023-10-26 00:52:13,616.5,68373a168c7ca93b1aa9bb3016a1ffa9ad6b7aac,1322694,,,,,,,,,,,,,,,,,,,,,,,,,,,,,,,,,,,,,,,,,,,,,,,,,,,,,,,,,,,,,TN,TN
autoland,4405952,13,ad8d5d1385265583919f5a224e1153902b6eef60,macosx1015-64-shippable-qr,True,False,,|b|y|t|e|c|o|d|e|-|c|a|c|h|e|d| |c|o|l|d| |f|i|s|s|i|o|n| |w|e|b|r|e|n|d|e|r|,102210fe594ee9b33d82058545b1ed14f4c8206e,PerceptualSpeedIndex,twitter,True,twitter PerceptualSpeedIndex opt bytecode-cached cold fission webrender,,77,ms,firefox,,1780694218,2023-10-26 04:52:14,611.5,62489b97d11d4bb88f1184670849ed8c9dc61708,1322765,,,,,,,,,,,,,,,,,,,,,,,,,,,,,,,,,,,,,,,,,,,,,,,,,,,,,,,,,,,,,TN,TN
autoland,4405952,13,ad8d5d1385265583919f5a224e1153902b6eef60,macosx1015-64-shippable-qr,True,False,,|b|y|t|e|c|o|d|e|-|c|a|c|h|e|d| |c|o|l|d| |f|i|s|s|i|o|n| |w|e|b|r|e|n|d|e|r|,102210fe594ee9b33d82058545b1ed14f4c8206e,PerceptualSpeedIndex,twitter,True,twitter PerceptualSpeedIndex opt bytecode-cached cold fission webrender,,77,ms,firefox,,1780874393,2023-10-26 09:06:19,633.0,8923dca93b808a23856287229fc8f1c0c1d1e20e,1322848,,,,,,,,,,,,,,,,,,,,,,,,,,,,,,,,,,,,,,,,,,,,,,,,,,,,,,,,,,,,,TN,TN
autoland,4405952,13,ad8d5d1385265583919f5a224e1153902b6eef60,macosx1015-64-shippable-qr,True,False,,|b|y|t|e|c|o|d|e|-|c|a|c|h|e|d| |c|o|l|d| |f|i|s|s|i|o|n| |w|e|b|r|e|n|d|e|r|,102210fe594ee9b33d82058545b1ed14f4c8206e,PerceptualSpeedIndex,twitter,True,twitter PerceptualSpeedIndex opt bytecode-cached cold fission webrender,,77,ms,firefox,,1780893569,2023-10-26 09:07:41,627.5,4d2c1911361bbc41f63b4e807070a3d83596b70c,1322851,,,,,,,,,,,,,,,,,,,,,,,,,,,,,,,,,,,,,,,,,,,,,,,,,,,,,,,,,,,,,TN,TN
autoland,4405952,13,ad8d5d1385265583919f5a224e1153902b6eef60,macosx1015-64-shippable-qr,True,False,,|b|y|t|e|c|o|d|e|-|c|a|c|h|e|d| |c|o|l|d| |f|i|s|s|i|o|n| |w|e|b|r|e|n|d|e|r|,102210fe594ee9b33d82058545b1ed14f4c8206e,PerceptualSpeedIndex,twitter,True,twitter PerceptualSpeedIndex opt bytecode-cached cold fission webrender,,77,ms,firefox,,1781002114,2023-10-26 13:14:16,619.5,db6b75385ffe5e764d60c5842add31b3a90c0587,1322985,,,,,,,,,,,,,,,,,,,,,,,,,,,,,,,,,,,,,,,,,,,,,,,,,,,,,,,,,,,,,TN,TN
autoland,4405952,13,ad8d5d1385265583919f5a224e1153902b6eef60,macosx1015-64-shippable-qr,True,False,,|b|y|t|e|c|o|d|e|-|c|a|c|h|e|d| |c|o|l|d| |f|i|s|s|i|o|n| |w|e|b|r|e|n|d|e|r|,102210fe594ee9b33d82058545b1ed14f4c8206e,PerceptualSpeedIndex,twitter,True,twitter PerceptualSpeedIndex opt bytecode-cached cold fission webrender,,77,ms,firefox,,1781021657,2023-10-26 13:50:58,599.0,630864299a197bf416ac18d405063b7ec40c3644,1323009,,,,,,,,,,,,,,,,,,,,,,,,,,,,,,,,,,,,,,,,,,,,,,,,,,,,,,,,,,,,,TN,TN
autoland,4405952,13,ad8d5d1385265583919f5a224e1153902b6eef60,macosx1015-64-shippable-qr,True,False,,|b|y|t|e|c|o|d|e|-|c|a|c|h|e|d| |c|o|l|d| |f|i|s|s|i|o|n| |w|e|b|r|e|n|d|e|r|,102210fe594ee9b33d82058545b1ed14f4c8206e,PerceptualSpeedIndex,twitter,True,twitter PerceptualSpeedIndex opt bytecode-cached cold fission webrender,,77,ms,firefox,,1781393176,2023-10-26 17:52:00,775.9,945d53ccf09fe8c263a6a24db6604162a4707ff9,1323156,,,,,,,,,,,,,,,,,,,,,,,,,,,,,,,,,,,,,,,,,,,,,,,,,,,,,,,,,,,,,TN,TN
autoland,4405952,13,ad8d5d1385265583919f5a224e1153902b6eef60,macosx1015-64-shippable-qr,True,False,,|b|y|t|e|c|o|d|e|-|c|a|c|h|e|d| |c|o|l|d| |f|i|s|s|i|o|n| |w|e|b|r|e|n|d|e|r|,102210fe594ee9b33d82058545b1ed14f4c8206e,PerceptualSpeedIndex,twitter,True,twitter PerceptualSpeedIndex opt bytecode-cached cold fission webrender,,77,ms,firefox,,1781564112,2023-10-26 17:59:55,713.5,36c2d201b88e94ad4448c10d6d73ab2433ee0a46,1323163,,,,,,,,,,,,,,,,,,,,,,,,,,,,,,,,,,,,,,,,,,,,,,,,,,,,,,,,,,,,,TN,TN
autoland,4405952,13,ad8d5d1385265583919f5a224e1153902b6eef60,macosx1015-64-shippable-qr,True,False,,|b|y|t|e|c|o|d|e|-|c|a|c|h|e|d| |c|o|l|d| |f|i|s|s|i|o|n| |w|e|b|r|e|n|d|e|r|,102210fe594ee9b33d82058545b1ed14f4c8206e,PerceptualSpeedIndex,twitter,True,twitter PerceptualSpeedIndex opt bytecode-cached cold fission webrender,,77,ms,firefox,,1781403378,2023-10-26 19:25:04,689.2,a1dbe7d2099563e23614b7c0d0b0f6923ab447f7,1323220,,,,,,,,,,,,,,,,,,,,,,,,,,,,,,,,,,,,,,,,,,,,,,,,,,,,,,,,,,,,,TN,TN
autoland,4405952,13,ad8d5d1385265583919f5a224e1153902b6eef60,macosx1015-64-shippable-qr,True,False,,|b|y|t|e|c|o|d|e|-|c|a|c|h|e|d| |c|o|l|d| |f|i|s|s|i|o|n| |w|e|b|r|e|n|d|e|r|,102210fe594ee9b33d82058545b1ed14f4c8206e,PerceptualSpeedIndex,twitter,True,twitter PerceptualSpeedIndex opt bytecode-cached cold fission webrender,,77,ms,firefox,,1781463382,2023-10-26 23:27:25,582.4,a880804c93083962e65cea658b69a28c06528e8e,1323339,,,,,,,,,,,,,,,,,,,,,,,,,,,,,,,,,,,,,,,,,,,,,,,,,,,,,,,,,,,,,TN,TN
autoland,4405952,13,ad8d5d1385265583919f5a224e1153902b6eef60,macosx1015-64-shippable-qr,True,False,,|b|y|t|e|c|o|d|e|-|c|a|c|h|e|d| |c|o|l|d| |f|i|s|s|i|o|n| |w|e|b|r|e|n|d|e|r|,102210fe594ee9b33d82058545b1ed14f4c8206e,PerceptualSpeedIndex,twitter,True,twitter PerceptualSpeedIndex opt bytecode-cached cold fission webrender,,77,ms,firefox,,1781474770,2023-10-27 00:10:25,626.0,6d47bee6d52ee11125f54db9df7336cbe69593c0,1323363,,,,,,,,,,,,,,,,,,,,,,,,,,,,,,,,,,,,,,,,,,,,,,,,,,,,,,,,,,,,,TN,TN
autoland,4405952,13,ad8d5d1385265583919f5a224e1153902b6eef60,macosx1015-64-shippable-qr,True,False,,|b|y|t|e|c|o|d|e|-|c|a|c|h|e|d| |c|o|l|d| |f|i|s|s|i|o|n| |w|e|b|r|e|n|d|e|r|,102210fe594ee9b33d82058545b1ed14f4c8206e,PerceptualSpeedIndex,twitter,True,twitter PerceptualSpeedIndex opt bytecode-cached cold fission webrender,,77,ms,firefox,,1781622675,2023-10-27 05:17:25,731.9,4024630f5ffa1704a32f70c816f1003b0af9f105,1323421,,,,,,,,,,,,,,,,,,,,,,,,,,,,,,,,,,,,,,,,,,,,,,,,,,,,,,,,,,,,,TN,TN
autoland,4405952,13,ad8d5d1385265583919f5a224e1153902b6eef60,macosx1015-64-shippable-qr,True,False,,|b|y|t|e|c|o|d|e|-|c|a|c|h|e|d| |c|o|l|d| |f|i|s|s|i|o|n| |w|e|b|r|e|n|d|e|r|,102210fe594ee9b33d82058545b1ed14f4c8206e,PerceptualSpeedIndex,twitter,True,twitter PerceptualSpeedIndex opt bytecode-cached cold fission webrender,,77,ms,firefox,,1781718575,2023-10-27 08:56:16,611.2,6e09ac4a4c291480d5951adca6d1659a46f571b2,1323505,,,,,,,,,,,,,,,,,,,,,,,,,,,,,,,,,,,,,,,,,,,,,,,,,,,,,,,,,,,,,TN,TN
autoland,4405952,13,ad8d5d1385265583919f5a224e1153902b6eef60,macosx1015-64-shippable-qr,True,False,,|b|y|t|e|c|o|d|e|-|c|a|c|h|e|d| |c|o|l|d| |f|i|s|s|i|o|n| |w|e|b|r|e|n|d|e|r|,102210fe594ee9b33d82058545b1ed14f4c8206e,PerceptualSpeedIndex,twitter,True,twitter PerceptualSpeedIndex opt bytecode-cached cold fission webrender,,77,ms,firefox,,1781909545,2023-10-27 13:05:02,582.5,6013b7df2b9133416d4244ef4d45c492f215c3d0,1323649,,,,,,,,,,,,,,,,,,,,,,,,,,,,,,,,,,,,,,,,,,,,,,,,,,,,,,,,,,,,,TN,TN
autoland,4405952,13,ad8d5d1385265583919f5a224e1153902b6eef60,macosx1015-64-shippable-qr,True,False,,|b|y|t|e|c|o|d|e|-|c|a|c|h|e|d| |c|o|l|d| |f|i|s|s|i|o|n| |w|e|b|r|e|n|d|e|r|,102210fe594ee9b33d82058545b1ed14f4c8206e,PerceptualSpeedIndex,twitter,True,twitter PerceptualSpeedIndex opt bytecode-cached cold fission webrender,,77,ms,firefox,,1781966072,2023-10-27 13:54:58,623.0,cda838e04db16590f96ddeaa7d7d54cc80e12a03,1323685,,,,,,,,,,,,,,,,,,,,,,,,,,,,,,,,,,,,,,,,,,,,,,,,,,,,,,,,,,,,,TN,TN
autoland,4405952,13,ad8d5d1385265583919f5a224e1153902b6eef60,macosx1015-64-shippable-qr,True,False,,|b|y|t|e|c|o|d|e|-|c|a|c|h|e|d| |c|o|l|d| |f|i|s|s|i|o|n| |w|e|b|r|e|n|d|e|r|,102210fe594ee9b33d82058545b1ed14f4c8206e,PerceptualSpeedIndex,twitter,True,twitter PerceptualSpeedIndex opt bytecode-cached cold fission webrender,,77,ms,firefox,,1782530968,2023-10-27 16:27:11,599.6,d4e3485d6f1d579bd3d64e8e2778f9f93a2ee587,1323775,,,,,,,,,,,,,,,,,,,,,,,,,,,,,,,,,,,,,,,,,,,,,,,,,,,,,,,,,,,,,TN,TN
autoland,4405952,13,ad8d5d1385265583919f5a224e1153902b6eef60,macosx1015-64-shippable-qr,True,False,,|b|y|t|e|c|o|d|e|-|c|a|c|h|e|d| |c|o|l|d| |f|i|s|s|i|o|n| |w|e|b|r|e|n|d|e|r|,102210fe594ee9b33d82058545b1ed14f4c8206e,PerceptualSpeedIndex,twitter,True,twitter PerceptualSpeedIndex opt bytecode-cached cold fission webrender,,77,ms,firefox,,1782529268,2023-10-27 16:29:24,610.6,a844b03832eeff18db233edb38c228f3911be765,1323776,,,,,,,,,,,,,,,,,,,,,,,,,,,,,,,,,,,,,,,,,,,,,,,,,,,,,,,,,,,,,TN,TN
autoland,4405952,13,ad8d5d1385265583919f5a224e1153902b6eef60,macosx1015-64-shippable-qr,True,False,,|b|y|t|e|c|o|d|e|-|c|a|c|h|e|d| |c|o|l|d| |f|i|s|s|i|o|n| |w|e|b|r|e|n|d|e|r|,102210fe594ee9b33d82058545b1ed14f4c8206e,PerceptualSpeedIndex,twitter,True,twitter PerceptualSpeedIndex opt bytecode-cached cold fission webrender,,77,ms,firefox,,1782076572,2023-10-27 17:16:47,623.1,b6d6a9c84257af5a3d659491a2ab963896e70d0d,1323813,,,,,,,,,,,,,,,,,,,,,,,,,,,,,,,,,,,,,,,,,,,,,,,,,,,,,,,,,,,,,TN,TN
autoland,4405952,13,ad8d5d1385265583919f5a224e1153902b6eef60,macosx1015-64-shippable-qr,True,False,,|b|y|t|e|c|o|d|e|-|c|a|c|h|e|d| |c|o|l|d| |f|i|s|s|i|o|n| |w|e|b|r|e|n|d|e|r|,102210fe594ee9b33d82058545b1ed14f4c8206e,PerceptualSpeedIndex,twitter,True,twitter PerceptualSpeedIndex opt bytecode-cached cold fission webrender,,77,ms,firefox,,1782325894,2023-10-27 22:11:30,621.5,2744df17e06b25289ca5dd01128e6c4f237d7a7c,1323968,,,,,,,,,,,,,,,,,,,,,,,,,,,,,,,,,,,,,,,,,,,,,,,,,,,,,,,,,,,,,TN,TN
autoland,4405952,13,ad8d5d1385265583919f5a224e1153902b6eef60,macosx1015-64-shippable-qr,True,False,,|b|y|t|e|c|o|d|e|-|c|a|c|h|e|d| |c|o|l|d| |f|i|s|s|i|o|n| |w|e|b|r|e|n|d|e|r|,102210fe594ee9b33d82058545b1ed14f4c8206e,PerceptualSpeedIndex,twitter,True,twitter PerceptualSpeedIndex opt bytecode-cached cold fission webrender,,77,ms,firefox,,1782348054,2023-10-27 23:12:32,612.5,5c87acee8b894f06e4b248cb602b36ccfcef1615,1323985,,,,,,,,,,,,,,,,,,,,,,,,,,,,,,,,,,,,,,,,,,,,,,,,,,,,,,,,,,,,,TN,TN
autoland,4405952,13,ad8d5d1385265583919f5a224e1153902b6eef60,macosx1015-64-shippable-qr,True,False,,|b|y|t|e|c|o|d|e|-|c|a|c|h|e|d| |c|o|l|d| |f|i|s|s|i|o|n| |w|e|b|r|e|n|d|e|r|,102210fe594ee9b33d82058545b1ed14f4c8206e,PerceptualSpeedIndex,twitter,True,twitter PerceptualSpeedIndex opt bytecode-cached cold fission webrender,,77,ms,firefox,,1782476851,2023-10-28 03:14:30,606.9,0be08aa0812f81d5eb9f2235165d8478ebaf825b,1324017,,,,,,,,,,,,,,,,,,,,,,,,,,,,,,,,,,,,,,,,,,,,,,,,,,,,,,,,,,,,,TN,TN
autoland,4405952,13,ad8d5d1385265583919f5a224e1153902b6eef60,macosx1015-64-shippable-qr,True,False,,|b|y|t|e|c|o|d|e|-|c|a|c|h|e|d| |c|o|l|d| |f|i|s|s|i|o|n| |w|e|b|r|e|n|d|e|r|,102210fe594ee9b33d82058545b1ed14f4c8206e,PerceptualSpeedIndex,twitter,True,twitter PerceptualSpeedIndex opt bytecode-cached cold fission webrender,,77,ms,firefox,,1783046276,2023-10-29 17:34:24,618.6,da935aab57913c853df3002f297cc6eb76175828,1324194,,,,,,,,,,,,,,,,,,,,,,,,,,,,,,,,,,,,,,,,,,,,,,,,,,,,,,,,,,,,,TN,TN
autoland,4405952,13,ad8d5d1385265583919f5a224e1153902b6eef60,macosx1015-64-shippable-qr,True,False,,|b|y|t|e|c|o|d|e|-|c|a|c|h|e|d| |c|o|l|d| |f|i|s|s|i|o|n| |w|e|b|r|e|n|d|e|r|,102210fe594ee9b33d82058545b1ed14f4c8206e,PerceptualSpeedIndex,twitter,True,twitter PerceptualSpeedIndex opt bytecode-cached cold fission webrender,,77,ms,firefox,,1783125872,2023-10-29 22:37:58,615.0,61e57e6ba3b7e09a71062e7cdc44f395af832716,1324214,,,,,,,,,,,,,,,,,,,,,,,,,,,,,,,,,,,,,,,,,,,,,,,,,,,,,,,,,,,,,TN,TN
autoland,4405952,13,ad8d5d1385265583919f5a224e1153902b6eef60,macosx1015-64-shippable-qr,True,False,,|b|y|t|e|c|o|d|e|-|c|a|c|h|e|d| |c|o|l|d| |f|i|s|s|i|o|n| |w|e|b|r|e|n|d|e|r|,102210fe594ee9b33d82058545b1ed14f4c8206e,PerceptualSpeedIndex,twitter,True,twitter PerceptualSpeedIndex opt bytecode-cached cold fission webrender,,77,ms,firefox,,1783250459,2023-10-30 03:06:34,591.3,cfc1bbb8edcc79491d2e1267e84338d155b2ee3c,1324224,,,,,,,,,,,,,,,,,,,,,,,,,,,,,,,,,,,,,,,,,,,,,,,,,,,,,,,,,,,,,TN,TN
autoland,4405952,13,ad8d5d1385265583919f5a224e1153902b6eef60,macosx1015-64-shippable-qr,True,False,,|b|y|t|e|c|o|d|e|-|c|a|c|h|e|d| |c|o|l|d| |f|i|s|s|i|o|n| |w|e|b|r|e|n|d|e|r|,102210fe594ee9b33d82058545b1ed14f4c8206e,PerceptualSpeedIndex,twitter,True,twitter PerceptualSpeedIndex opt bytecode-cached cold fission webrender,,77,ms,firefox,,1783334252,2023-10-30 07:08:15,613.9,07ff1e2e4f656661631e6746f339e6232b59ebfd,1324243,,,,,,,,,,,,,,,,,,,,,,,,,,,,,,,,,,,,,,,,,,,,,,,,,,,,,,,,,,,,,TN,TN
autoland,4405952,13,ad8d5d1385265583919f5a224e1153902b6eef60,macosx1015-64-shippable-qr,True,False,,|b|y|t|e|c|o|d|e|-|c|a|c|h|e|d| |c|o|l|d| |f|i|s|s|i|o|n| |w|e|b|r|e|n|d|e|r|,102210fe594ee9b33d82058545b1ed14f4c8206e,PerceptualSpeedIndex,twitter,True,twitter PerceptualSpeedIndex opt bytecode-cached cold fission webrender,,77,ms,firefox,,1784188826,2023-10-30 09:49:11,619.2,667502cd02b265ad789b4ee291e456bac0e09235,1324304,,,,,,,,,,,,,,,,,,,,,,,,,,,,,,,,,,,,,,,,,,,,,,,,,,,,,,,,,,,,,TN,TN
autoland,4405952,13,ad8d5d1385265583919f5a224e1153902b6eef60,macosx1015-64-shippable-qr,True,False,,|b|y|t|e|c|o|d|e|-|c|a|c|h|e|d| |c|o|l|d| |f|i|s|s|i|o|n| |w|e|b|r|e|n|d|e|r|,102210fe594ee9b33d82058545b1ed14f4c8206e,PerceptualSpeedIndex,twitter,True,twitter PerceptualSpeedIndex opt bytecode-cached cold fission webrender,,77,ms,firefox,,1784195065,2023-10-30 10:32:34,673.8,5e0414b6e7a9fa6193d4558f3715934aab7c7891,1324328,,,,,,,,,,,,,,,,,,,,,,,,,,,,,,,,,,,,,,,,,,,,,,,,,,,,,,,,,,,,,TN,TN
autoland,4405952,13,ad8d5d1385265583919f5a224e1153902b6eef60,macosx1015-64-shippable-qr,True,False,,|b|y|t|e|c|o|d|e|-|c|a|c|h|e|d| |c|o|l|d| |f|i|s|s|i|o|n| |w|e|b|r|e|n|d|e|r|,102210fe594ee9b33d82058545b1ed14f4c8206e,PerceptualSpeedIndex,twitter,True,twitter PerceptualSpeedIndex opt bytecode-cached cold fission webrender,,77,ms,firefox,,1783563257,2023-10-30 12:36:41,625.8,9c6272da5dc92ff944d294d9a026bd42a408c784,1324389,,,,,,,,,,,,,,,,,,,,,,,,,,,,,,,,,,,,,,,,,,,,,,,,,,,,,,,,,,,,,TN,TN
autoland,4405952,13,ad8d5d1385265583919f5a224e1153902b6eef60,macosx1015-64-shippable-qr,True,False,,|b|y|t|e|c|o|d|e|-|c|a|c|h|e|d| |c|o|l|d| |f|i|s|s|i|o|n| |w|e|b|r|e|n|d|e|r|,102210fe594ee9b33d82058545b1ed14f4c8206e,PerceptualSpeedIndex,twitter,True,twitter PerceptualSpeedIndex opt bytecode-cached cold fission webrender,,77,ms,firefox,,1783739624,2023-10-30 13:43:34,614.9,d2a035a8329b5914bcd659ea1ea427c251c4d138,1324429,,,,,,,,,,,,,,,,,,,,,,,,,,,,,,,,,,,,,,,,,,,,,,,,,,,,,,,,,,,,,TN,TN
autoland,4405952,13,ad8d5d1385265583919f5a224e1153902b6eef60,macosx1015-64-shippable-qr,True,False,,|b|y|t|e|c|o|d|e|-|c|a|c|h|e|d| |c|o|l|d| |f|i|s|s|i|o|n| |w|e|b|r|e|n|d|e|r|,102210fe594ee9b33d82058545b1ed14f4c8206e,PerceptualSpeedIndex,twitter,True,twitter PerceptualSpeedIndex opt bytecode-cached cold fission webrender,,77,ms,firefox,,1784170288,2023-10-30 15:39:07,614.4,3b1635a4b3cbb3f1af8b8df29319ec738b2356d5,1324527,,,,,,,,,,,,,,,,,,,,,,,,,,,,,,,,,,,,,,,,,,,,,,,,,,,,,,,,,,,,,TN,TN
autoland,4405952,13,ad8d5d1385265583919f5a224e1153902b6eef60,macosx1015-64-shippable-qr,True,False,,|b|y|t|e|c|o|d|e|-|c|a|c|h|e|d| |c|o|l|d| |f|i|s|s|i|o|n| |w|e|b|r|e|n|d|e|r|,102210fe594ee9b33d82058545b1ed14f4c8206e,PerceptualSpeedIndex,twitter,True,twitter PerceptualSpeedIndex opt bytecode-cached cold fission webrender,,77,ms,firefox,,1784202960,2023-10-30 15:46:43,623.2,1b472d6498203a4f89b245e60fa313ec3e4886b2,1324534,,,,,,,,,,,,,,,,,,,,,,,,,,,,,,,,,,,,,,,,,,,,,,,,,,,,,,,,,,,,,TN,TN
autoland,4405952,13,ad8d5d1385265583919f5a224e1153902b6eef60,macosx1015-64-shippable-qr,True,False,,|b|y|t|e|c|o|d|e|-|c|a|c|h|e|d| |c|o|l|d| |f|i|s|s|i|o|n| |w|e|b|r|e|n|d|e|r|,102210fe594ee9b33d82058545b1ed14f4c8206e,PerceptualSpeedIndex,twitter,True,twitter PerceptualSpeedIndex opt bytecode-cached cold fission webrender,,77,ms,firefox,,1783954745,2023-10-30 17:20:21,604.0,277907757ae0f5c9f9a9b4b15473ec6f3eab7674,1324599,,,,,,,,,,,,,,,,,,,,,,,,,,,,,,,,,,,,,,,,,,,,,,,,,,,,,,,,,,,,,TN,TN
autoland,4405952,13,ad8d5d1385265583919f5a224e1153902b6eef60,macosx1015-64-shippable-qr,True,False,,|b|y|t|e|c|o|d|e|-|c|a|c|h|e|d| |c|o|l|d| |f|i|s|s|i|o|n| |w|e|b|r|e|n|d|e|r|,102210fe594ee9b33d82058545b1ed14f4c8206e,PerceptualSpeedIndex,twitter,True,twitter PerceptualSpeedIndex opt bytecode-cached cold fission webrender,,77,ms,firefox,,1783974600,2023-10-30 21:26:51,618.2,250d50a3e9aedba6c41312d2ce03b03eabac5c84,1324725,,,,,,,,,,,,,,,,,,,,,,,,,,,,,,,,,,,,,,,,,,,,,,,,,,,,,,,,,,,,,TN,TN
autoland,4405952,13,ad8d5d1385265583919f5a224e1153902b6eef60,macosx1015-64-shippable-qr,True,False,,|b|y|t|e|c|o|d|e|-|c|a|c|h|e|d| |c|o|l|d| |f|i|s|s|i|o|n| |w|e|b|r|e|n|d|e|r|,102210fe594ee9b33d82058545b1ed14f4c8206e,PerceptualSpeedIndex,twitter,True,twitter PerceptualSpeedIndex opt bytecode-cached cold fission webrender,,77,ms,firefox,,1784167134,2023-10-30 22:07:45,614.5,49bcf5f146b911757fd23c8fef4193c975f04403,1324747,,,,,,,,,,,,,,,,,,,,,,,,,,,,,,,,,,,,,,,,,,,,,,,,,,,,,,,,,,,,,TN,TN
autoland,4405952,13,ad8d5d1385265583919f5a224e1153902b6eef60,macosx1015-64-shippable-qr,True,False,,|b|y|t|e|c|o|d|e|-|c|a|c|h|e|d| |c|o|l|d| |f|i|s|s|i|o|n| |w|e|b|r|e|n|d|e|r|,102210fe594ee9b33d82058545b1ed14f4c8206e,PerceptualSpeedIndex,twitter,True,twitter PerceptualSpeedIndex opt bytecode-cached cold fission webrender,,77,ms,firefox,,1784200703,2023-10-30 22:14:50,614.5,be34980d62f85760d6c6e963c70ae22f2ffc9461,1324750,,,,,,,,,,,,,,,,,,,,,,,,,,,,,,,,,,,,,,,,,,,,,,,,,,,,,,,,,,,,,TN,TN
autoland,4405952,13,ad8d5d1385265583919f5a224e1153902b6eef60,macosx1015-64-shippable-qr,True,False,,|b|y|t|e|c|o|d|e|-|c|a|c|h|e|d| |c|o|l|d| |f|i|s|s|i|o|n| |w|e|b|r|e|n|d|e|r|,102210fe594ee9b33d82058545b1ed14f4c8206e,PerceptualSpeedIndex,twitter,True,twitter PerceptualSpeedIndex opt bytecode-cached cold fission webrender,,77,ms,firefox,,1784000235,2023-10-30 22:47:24,649.8,9d87d8875f3012f1cb5e065b5861f41a29d1173c,1324763,,,,,,,,,,,,,,,,,,,,,,,,,,,,,,,,,,,,,,,,,,,,,,,,,,,,,,,,,,,,,TN,TN
autoland,4405952,13,ad8d5d1385265583919f5a224e1153902b6eef60,macosx1015-64-shippable-qr,True,False,,|b|y|t|e|c|o|d|e|-|c|a|c|h|e|d| |c|o|l|d| |f|i|s|s|i|o|n| |w|e|b|r|e|n|d|e|r|,102210fe594ee9b33d82058545b1ed14f4c8206e,PerceptualSpeedIndex,twitter,True,twitter PerceptualSpeedIndex opt bytecode-cached cold fission webrender,,77,ms,firefox,,1784159320,2023-10-31 03:27:18,601.8,88295a805fb918c5a40c57d9827608c50c65da1a,1324833,,,,,,,,,,,,,,,,,,,,,,,,,,,,,,,,,,,,,,,,,,,,,,,,,,,,,,,,,,,,,TN,TN
autoland,4405952,13,ad8d5d1385265583919f5a224e1153902b6eef60,macosx1015-64-shippable-qr,True,False,,|b|y|t|e|c|o|d|e|-|c|a|c|h|e|d| |c|o|l|d| |f|i|s|s|i|o|n| |w|e|b|r|e|n|d|e|r|,102210fe594ee9b33d82058545b1ed14f4c8206e,PerceptualSpeedIndex,twitter,True,twitter PerceptualSpeedIndex opt bytecode-cached cold fission webrender,,77,ms,firefox,,1784415751,2023-10-31 08:52:16,603.6,26a58e0274b4491ce07587bf329d30954bfa36a5,1324883,,,,,,,,,,,,,,,,,,,,,,,,,,,,,,,,,,,,,,,,,,,,,,,,,,,,,,,,,,,,,TN,TN
autoland,4405952,13,ad8d5d1385265583919f5a224e1153902b6eef60,macosx1015-64-shippable-qr,True,False,,|b|y|t|e|c|o|d|e|-|c|a|c|h|e|d| |c|o|l|d| |f|i|s|s|i|o|n| |w|e|b|r|e|n|d|e|r|,102210fe594ee9b33d82058545b1ed14f4c8206e,PerceptualSpeedIndex,twitter,True,twitter PerceptualSpeedIndex opt bytecode-cached cold fission webrender,,77,ms,firefox,,1784530023,2023-10-31 10:24:24,614.6,173608723df3997c0b39049e55f7e4f529974bd1,1324925,,,,,,,,,,,,,,,,,,,,,,,,,,,,,,,,,,,,,,,,,,,,,,,,,,,,,,,,,,,,,TN,TN
autoland,4405952,13,ad8d5d1385265583919f5a224e1153902b6eef60,macosx1015-64-shippable-qr,True,False,,|b|y|t|e|c|o|d|e|-|c|a|c|h|e|d| |c|o|l|d| |f|i|s|s|i|o|n| |w|e|b|r|e|n|d|e|r|,102210fe594ee9b33d82058545b1ed14f4c8206e,PerceptualSpeedIndex,twitter,True,twitter PerceptualSpeedIndex opt bytecode-cached cold fission webrender,,77,ms,firefox,,1784595863,2023-10-31 14:28:55,616.0,d93c1e224fa334cb0e1a4faf860be329181c1d60,1325039,,,,,,,,,,,,,,,,,,,,,,,,,,,,,,,,,,,,,,,,,,,,,,,,,,,,,,,,,,,,,TN,TN
autoland,4405952,13,ad8d5d1385265583919f5a224e1153902b6eef60,macosx1015-64-shippable-qr,True,False,,|b|y|t|e|c|o|d|e|-|c|a|c|h|e|d| |c|o|l|d| |f|i|s|s|i|o|n| |w|e|b|r|e|n|d|e|r|,102210fe594ee9b33d82058545b1ed14f4c8206e,PerceptualSpeedIndex,twitter,True,twitter PerceptualSpeedIndex opt bytecode-cached cold fission webrender,,77,ms,firefox,,1784759259,2023-10-31 15:46:12,622.0,4712d595873a538c628ea09a2826c33e3f2e383d,1325101,,,,,,,,,,,,,,,,,,,,,,,,,,,,,,,,,,,,,,,,,,,,,,,,,,,,,,,,,,,,,TN,TN
autoland,4405952,13,ad8d5d1385265583919f5a224e1153902b6eef60,macosx1015-64-shippable-qr,True,False,,|b|y|t|e|c|o|d|e|-|c|a|c|h|e|d| |c|o|l|d| |f|i|s|s|i|o|n| |w|e|b|r|e|n|d|e|r|,102210fe594ee9b33d82058545b1ed14f4c8206e,PerceptualSpeedIndex,twitter,True,twitter PerceptualSpeedIndex opt bytecode-cached cold fission webrender,,77,ms,firefox,,1784798323,2023-10-31 20:04:41,605.4,5624631ba42eb404a5c5b4e50e9c4fbc826eef31,1325256,,,,,,,,,,,,,,,,,,,,,,,,,,,,,,,,,,,,,,,,,,,,,,,,,,,,,,,,,,,,,TN,TN
autoland,4405952,13,ad8d5d1385265583919f5a224e1153902b6eef60,macosx1015-64-shippable-qr,True,False,,|b|y|t|e|c|o|d|e|-|c|a|c|h|e|d| |c|o|l|d| |f|i|s|s|i|o|n| |w|e|b|r|e|n|d|e|r|,102210fe594ee9b33d82058545b1ed14f4c8206e,PerceptualSpeedIndex,twitter,True,twitter PerceptualSpeedIndex opt bytecode-cached cold fission webrender,,77,ms,firefox,,1784857703,2023-10-31 22:59:03,828.7,251055c46bfcc027766c9bdaccaaa919c3e6c8f6,1325343,835.11,mozilla-ldap/afinder@mozilla.com,5624631ba42eb404a5c5b4e50e9c4fbc826eef31,40093.0,35.65,infra,615.63,2023-11-03 08:47:13.251288,False,13.0,13.0,,,,1325256.0,7.0,1325343.0,4.0,mozilla-ldap/afinder@mozilla.com,ad8d5d1385265583919f5a224e1153902b6eef60,,macosx1015-64-shippable-qr,,autoland,2023-11-10 00:36:14.105185,,1.0,219.47,183020.0,ms,,,40093.0,102210fe594ee9b33d82058545b1ed14f4c8206e,,True,False,afinder@mozilla.com,,,afinder@mozilla.com,2023-11-03 00:36:14.105185,,,PerceptualSpeedIndex,OUTLIERS,True,251055c46bfcc027766c9bdaccaaa919c3e6c8f6,,,,,False,,18.59,twitter,"bytecode-cached, cold, fission, webrender",,"bytecode-cached, cold, fission, webrender",2023-11-08 00:36:14.105185,TP,TP
autoland,4405952,13,ad8d5d1385265583919f5a224e1153902b6eef60,macosx1015-64-shippable-qr,True,False,,|b|y|t|e|c|o|d|e|-|c|a|c|h|e|d| |c|o|l|d| |f|i|s|s|i|o|n| |w|e|b|r|e|n|d|e|r|,102210fe594ee9b33d82058545b1ed14f4c8206e,PerceptualSpeedIndex,twitter,True,twitter PerceptualSpeedIndex opt bytecode-cached cold fission webrender,,77,ms,firefox,,1785095829,2023-11-01 04:08:21,828.1,b73ef4c8979fb0702de9f4bf2fdf986b1d0fd487,1325446,,,,,,,,,,,,,,,,,,,,,,,,,,,,,,,,,,,,,,,,,,,,,,,,,,,,,,,,,,,,,TN,TN
autoland,4405952,13,ad8d5d1385265583919f5a224e1153902b6eef60,macosx1015-64-shippable-qr,True,False,,|b|y|t|e|c|o|d|e|-|c|a|c|h|e|d| |c|o|l|d| |f|i|s|s|i|o|n| |w|e|b|r|e|n|d|e|r|,102210fe594ee9b33d82058545b1ed14f4c8206e,PerceptualSpeedIndex,twitter,True,twitter PerceptualSpeedIndex opt bytecode-cached cold fission webrender,,77,ms,firefox,,1785254053,2023-11-01 08:27:37,844.4,5db6f03a7c103189ba38ef4c4687a046566f4e5b,1325492,,,,,,,,,,,,,,,,,,,,,,,,,,,,,,,,,,,,,,,,,,,,,,,,,,,,,,,,,,,,,TN,TN
autoland,4405952,13,ad8d5d1385265583919f5a224e1153902b6eef60,macosx1015-64-shippable-qr,True,False,,|b|y|t|e|c|o|d|e|-|c|a|c|h|e|d| |c|o|l|d| |f|i|s|s|i|o|n| |w|e|b|r|e|n|d|e|r|,102210fe594ee9b33d82058545b1ed14f4c8206e,PerceptualSpeedIndex,twitter,True,twitter PerceptualSpeedIndex opt bytecode-cached cold fission webrender,,77,ms,firefox,,1785396324,2023-11-01 15:00:09,948.0,dee5e3c280a214c32ea4f7a2b6446bbe456ecb54,1325661,,,,,,,,,,,,,,,,,,,,,,,,,,,,,,,,,,,,,,,,,,,,,,,,,,,,,,,,,,,,,TN,TN
autoland,4405952,13,ad8d5d1385265583919f5a224e1153902b6eef60,macosx1015-64-shippable-qr,True,False,,|b|y|t|e|c|o|d|e|-|c|a|c|h|e|d| |c|o|l|d| |f|i|s|s|i|o|n| |w|e|b|r|e|n|d|e|r|,102210fe594ee9b33d82058545b1ed14f4c8206e,PerceptualSpeedIndex,twitter,True,twitter PerceptualSpeedIndex opt bytecode-cached cold fission webrender,,77,ms,firefox,,1785601346,2023-11-01 21:17:16,841.1,3eea9367b17b3c112968a3f0e008b1005452bbdd,1325895,,,,,,,,,,,,,,,,,,,,,,,,,,,,,,,,,,,,,,,,,,,,,,,,,,,,,,,,,,,,,TN,TN
autoland,4405952,13,ad8d5d1385265583919f5a224e1153902b6eef60,macosx1015-64-shippable-qr,True,False,,|b|y|t|e|c|o|d|e|-|c|a|c|h|e|d| |c|o|l|d| |f|i|s|s|i|o|n| |w|e|b|r|e|n|d|e|r|,102210fe594ee9b33d82058545b1ed14f4c8206e,PerceptualSpeedIndex,twitter,True,twitter PerceptualSpeedIndex opt bytecode-cached cold fission webrender,,77,ms,firefox,,1785824792,2023-11-02 01:36:12,831.6,0ea21c7c9ab7dcf411a8094c876b12784bc6343c,1325979,,,,,,,,,,,,,,,,,,,,,,,,,,,,,,,,,,,,,,,,,,,,,,,,,,,,,,,,,,,,,TN,TN
autoland,4405952,13,ad8d5d1385265583919f5a224e1153902b6eef60,macosx1015-64-shippable-qr,True,False,,|b|y|t|e|c|o|d|e|-|c|a|c|h|e|d| |c|o|l|d| |f|i|s|s|i|o|n| |w|e|b|r|e|n|d|e|r|,102210fe594ee9b33d82058545b1ed14f4c8206e,PerceptualSpeedIndex,twitter,True,twitter PerceptualSpeedIndex opt bytecode-cached cold fission webrender,,77,ms,firefox,,1785837917,2023-11-02 06:18:28,815.5,1fcf041bc427507f767a28519182263ab9925550,1326017,,,,,,,,,,,,,,,,,,,,,,,,,,,,,,,,,,,,,,,,,,,,,,,,,,,,,,,,,,,,,TN,TN
autoland,4405952,13,ad8d5d1385265583919f5a224e1153902b6eef60,macosx1015-64-shippable-qr,True,False,,|b|y|t|e|c|o|d|e|-|c|a|c|h|e|d| |c|o|l|d| |f|i|s|s|i|o|n| |w|e|b|r|e|n|d|e|r|,102210fe594ee9b33d82058545b1ed14f4c8206e,PerceptualSpeedIndex,twitter,True,twitter PerceptualSpeedIndex opt bytecode-cached cold fission webrender,,77,ms,firefox,,1786159302,2023-11-02 10:56:45,848.8,86b37d608b6dff619ef21dd6df25970d2f35504f,1326103,,,,,,,,,,,,,,,,,,,,,,,,,,,,,,,,,,,,,,,,,,,,,,,,,,,,,,,,,,,,,TN,TN
autoland,4405952,13,ad8d5d1385265583919f5a224e1153902b6eef60,macosx1015-64-shippable-qr,True,False,,|b|y|t|e|c|o|d|e|-|c|a|c|h|e|d| |c|o|l|d| |f|i|s|s|i|o|n| |w|e|b|r|e|n|d|e|r|,102210fe594ee9b33d82058545b1ed14f4c8206e,PerceptualSpeedIndex,twitter,True,twitter PerceptualSpeedIndex opt bytecode-cached cold fission webrender,,77,ms,firefox,,1786286081,2023-11-02 12:13:53,834.9,59754ae1b71386535d42979e577deaaad4aa522f,1326138,,,,,,,,,,,,,,,,,,,,,,,,,,,,,,,,,,,,,,,,,,,,,,,,,,,,,,,,,,,,,TN,TN
autoland,4405952,13,ad8d5d1385265583919f5a224e1153902b6eef60,macosx1015-64-shippable-qr,True,False,,|b|y|t|e|c|o|d|e|-|c|a|c|h|e|d| |c|o|l|d| |f|i|s|s|i|o|n| |w|e|b|r|e|n|d|e|r|,102210fe594ee9b33d82058545b1ed14f4c8206e,PerceptualSpeedIndex,twitter,True,twitter PerceptualSpeedIndex opt bytecode-cached cold fission webrender,,77,ms,firefox,,1786554443,2023-11-02 13:30:08,833.5,42ea9e037ab397f0632ce37f1bd8709b44ffa6ff,1326191,,,,,,,,,,,,,,,,,,,,,,,,,,,,,,,,,,,,,,,,,,,,,,,,,,,,,,,,,,,,,TN,TN
autoland,4405952,13,ad8d5d1385265583919f5a224e1153902b6eef60,macosx1015-64-shippable-qr,True,False,,|b|y|t|e|c|o|d|e|-|c|a|c|h|e|d| |c|o|l|d| |f|i|s|s|i|o|n| |w|e|b|r|e|n|d|e|r|,102210fe594ee9b33d82058545b1ed14f4c8206e,PerceptualSpeedIndex,twitter,True,twitter PerceptualSpeedIndex opt bytecode-cached cold fission webrender,,77,ms,firefox,,1786559281,2023-11-02 13:48:11,790.8,08cb433e982fa288536eb388ba3946a21ef856c1,1326209,,,,,,,,,,,,,,,,,,,,,,,,,,,,,,,,,,,,,,,,,,,,,,,,,,,,,,,,,,,,,TN,TN
autoland,4405952,13,ad8d5d1385265583919f5a224e1153902b6eef60,macosx1015-64-shippable-qr,True,False,,|b|y|t|e|c|o|d|e|-|c|a|c|h|e|d| |c|o|l|d| |f|i|s|s|i|o|n| |w|e|b|r|e|n|d|e|r|,102210fe594ee9b33d82058545b1ed14f4c8206e,PerceptualSpeedIndex,twitter,True,twitter PerceptualSpeedIndex opt bytecode-cached cold fission webrender,,77,ms,firefox,,1786393353,2023-11-02 15:35:11,798.4,b32fede7af3947e835399bab4d1d7f096517521f,1326301,,,,,,,,,,,,,,,,,,,,,,,,,,,,,,,,,,,,,,,,,,,,,,,,,,,,,,,,,,,,,TN,TN
autoland,4405952,13,ad8d5d1385265583919f5a224e1153902b6eef60,macosx1015-64-shippable-qr,True,False,,|b|y|t|e|c|o|d|e|-|c|a|c|h|e|d| |c|o|l|d| |f|i|s|s|i|o|n| |w|e|b|r|e|n|d|e|r|,102210fe594ee9b33d82058545b1ed14f4c8206e,PerceptualSpeedIndex,twitter,True,twitter PerceptualSpeedIndex opt bytecode-cached cold fission webrender,,77,ms,firefox,,1786430608,2023-11-02 19:35:23,803.5,94e5f553d8ee5632338645c8928e3cc1454d7b5b,1326465,,,,,,,,,,,,,,,,,,,,,,,,,,,,,,,,,,,,,,,,,,,,,,,,,,,,,,,,,,,,,TN,TN
autoland,4405952,13,ad8d5d1385265583919f5a224e1153902b6eef60,macosx1015-64-shippable-qr,True,False,,|b|y|t|e|c|o|d|e|-|c|a|c|h|e|d| |c|o|l|d| |f|i|s|s|i|o|n| |w|e|b|r|e|n|d|e|r|,102210fe594ee9b33d82058545b1ed14f4c8206e,PerceptualSpeedIndex,twitter,True,twitter PerceptualSpeedIndex opt bytecode-cached cold fission webrender,,77,ms,firefox,,1794653075,2023-11-02 21:29:57,592.5,eb4c4b32c59b92ff4f750980b1a14d005c05d0ac,1326568,,,,,,,,,,,,,,,,,,,,,,,,,,,,,,,,,,,,,,,,,,,,,,,,,,,,,,,,,,,,,TN,TN
autoland,4405952,13,ad8d5d1385265583919f5a224e1153902b6eef60,macosx1015-64-shippable-qr,True,False,,|b|y|t|e|c|o|d|e|-|c|a|c|h|e|d| |c|o|l|d| |f|i|s|s|i|o|n| |w|e|b|r|e|n|d|e|r|,102210fe594ee9b33d82058545b1ed14f4c8206e,PerceptualSpeedIndex,twitter,True,twitter PerceptualSpeedIndex opt bytecode-cached cold fission webrender,,77,ms,firefox,,1794653047,2023-11-02 21:30:58,601.5,e7dc2508bf17fdcd70c12a6f6b1af2f5cc33b868,1326570,,,,,,,,,,,,,,,,,,,,,,,,,,,,,,,,,,,,,,,,,,,,,,,,,,,,,,,,,,,,,TN,TN
autoland,4405952,13,ad8d5d1385265583919f5a224e1153902b6eef60,macosx1015-64-shippable-qr,True,False,,|b|y|t|e|c|o|d|e|-|c|a|c|h|e|d| |c|o|l|d| |f|i|s|s|i|o|n| |w|e|b|r|e|n|d|e|r|,102210fe594ee9b33d82058545b1ed14f4c8206e,PerceptualSpeedIndex,twitter,True,twitter PerceptualSpeedIndex opt bytecode-cached cold fission webrender,,77,ms,firefox,,1794653335,2023-11-02 21:32:31,588.3,7280e09f5120f1823677233916cab1793f629152,1326571,,,,,,,,,,,,,,,,,,,,,,,,,,,,,,,,,,,,,,,,,,,,,,,,,,,,,,,,,,,,,TN,TN
autoland,4405952,13,ad8d5d1385265583919f5a224e1153902b6eef60,macosx1015-64-shippable-qr,True,False,,|b|y|t|e|c|o|d|e|-|c|a|c|h|e|d| |c|o|l|d| |f|i|s|s|i|o|n| |w|e|b|r|e|n|d|e|r|,102210fe594ee9b33d82058545b1ed14f4c8206e,PerceptualSpeedIndex,twitter,True,twitter PerceptualSpeedIndex opt bytecode-cached cold fission webrender,,77,ms,firefox,,1794653364,2023-11-02 21:35:23,606.5,cdc41c01594a4a52e5cac09dbdeb0df6f1bb6663,1326572,,,,,,,,,,,,,,,,,,,,,,,,,,,,,,,,,,,,,,,,,,,,,,,,,,,,,,,,,,,,,TN,TN
autoland,4405952,13,ad8d5d1385265583919f5a224e1153902b6eef60,macosx1015-64-shippable-qr,True,False,,|b|y|t|e|c|o|d|e|-|c|a|c|h|e|d| |c|o|l|d| |f|i|s|s|i|o|n| |w|e|b|r|e|n|d|e|r|,102210fe594ee9b33d82058545b1ed14f4c8206e,PerceptualSpeedIndex,twitter,True,twitter PerceptualSpeedIndex opt bytecode-cached cold fission webrender,,77,ms,firefox,,1794653108,2023-11-02 22:13:47,600.7,0bd712b787cb4c15d58e1c3f5dc1f6c9feb5343c,1326589,,,,,,,,,,,,,,,,,,,,,,,,,,,,,,,,,,,,,,,,,,,,,,,,,,,,,,,,,,,,,TN,TN
autoland,4405952,13,ad8d5d1385265583919f5a224e1153902b6eef60,macosx1015-64-shippable-qr,True,False,,|b|y|t|e|c|o|d|e|-|c|a|c|h|e|d| |c|o|l|d| |f|i|s|s|i|o|n| |w|e|b|r|e|n|d|e|r|,102210fe594ee9b33d82058545b1ed14f4c8206e,PerceptualSpeedIndex,twitter,True,twitter PerceptualSpeedIndex opt bytecode-cached cold fission webrender,,77,ms,firefox,,1786464818,2023-11-02 22:16:50,798.3,e76a1dc1e2e5cfa536e6893665fb8d42d2669341,1326592,,,,,,,,,,,,,,,,,,,,,,,,,,,,,,,,,,,,,,,,,,,,,,,,,,,,,,,,,,,,,TN,TN
autoland,4405952,13,ad8d5d1385265583919f5a224e1153902b6eef60,macosx1015-64-shippable-qr,True,False,,|b|y|t|e|c|o|d|e|-|c|a|c|h|e|d| |c|o|l|d| |f|i|s|s|i|o|n| |w|e|b|r|e|n|d|e|r|,102210fe594ee9b33d82058545b1ed14f4c8206e,PerceptualSpeedIndex,twitter,True,twitter PerceptualSpeedIndex opt bytecode-cached cold fission webrender,,77,ms,firefox,,1794652845,2023-11-02 22:16:50,620.0,e76a1dc1e2e5cfa536e6893665fb8d42d2669341,1326592,,,,,,,,,,,,,,,,,,,,,,,,,,,,,,,,,,,,,,,,,,,,,,,,,,,,,,,,,,,,,TN,TN
autoland,4405952,13,ad8d5d1385265583919f5a224e1153902b6eef60,macosx1015-64-shippable-qr,True,False,,|b|y|t|e|c|o|d|e|-|c|a|c|h|e|d| |c|o|l|d| |f|i|s|s|i|o|n| |w|e|b|r|e|n|d|e|r|,102210fe594ee9b33d82058545b1ed14f4c8206e,PerceptualSpeedIndex,twitter,True,twitter PerceptualSpeedIndex opt bytecode-cached cold fission webrender,,77,ms,firefox,,1794652884,2023-11-02 22:18:18,621.3,ce2c3463c07f335d286ceb88cf112042b57a7256,1326595,,,,,,,,,,,,,,,,,,,,,,,,,,,,,,,,,,,,,,,,,,,,,,,,,,,,,,,,,,,,,TN,TN
autoland,4405952,13,ad8d5d1385265583919f5a224e1153902b6eef60,macosx1015-64-shippable-qr,True,False,,|b|y|t|e|c|o|d|e|-|c|a|c|h|e|d| |c|o|l|d| |f|i|s|s|i|o|n| |w|e|b|r|e|n|d|e|r|,102210fe594ee9b33d82058545b1ed14f4c8206e,PerceptualSpeedIndex,twitter,True,twitter PerceptualSpeedIndex opt bytecode-cached cold fission webrender,,77,ms,firefox,,1794653893,2023-11-02 22:19:09,623.9,b361ef38ca02f068697280f6ca1bc626415fb2c5,1326597,,,,,,,,,,,,,,,,,,,,,,,,,,,,,,,,,,,,,,,,,,,,,,,,,,,,,,,,,,,,,TN,TN
autoland,4405952,13,ad8d5d1385265583919f5a224e1153902b6eef60,macosx1015-64-shippable-qr,True,False,,|b|y|t|e|c|o|d|e|-|c|a|c|h|e|d| |c|o|l|d| |f|i|s|s|i|o|n| |w|e|b|r|e|n|d|e|r|,102210fe594ee9b33d82058545b1ed14f4c8206e,PerceptualSpeedIndex,twitter,True,twitter PerceptualSpeedIndex opt bytecode-cached cold fission webrender,,77,ms,firefox,,1794653915,2023-11-02 22:26:56,596.5,8afb0f64ad7a78470082bf47ccc290278f27a90c,1326601,,,,,,,,,,,,,,,,,,,,,,,,,,,,,,,,,,,,,,,,,,,,,,,,,,,,,,,,,,,,,TN,TN
autoland,4405952,13,ad8d5d1385265583919f5a224e1153902b6eef60,macosx1015-64-shippable-qr,True,False,,|b|y|t|e|c|o|d|e|-|c|a|c|h|e|d| |c|o|l|d| |f|i|s|s|i|o|n| |w|e|b|r|e|n|d|e|r|,102210fe594ee9b33d82058545b1ed14f4c8206e,PerceptualSpeedIndex,twitter,True,twitter PerceptualSpeedIndex opt bytecode-cached cold fission webrender,,77,ms,firefox,,1794654144,2023-11-02 22:45:29,716.8,a3014ce3c54adc66cde7bc69bd6f9e8325f0ccf8,1326606,,,,,,,,,,,,,,,,,,,,,,,,,,,,,,,,,,,,,,,,,,,,,,,,,,,,,,,,,,,,,TN,TN
autoland,4405952,13,ad8d5d1385265583919f5a224e1153902b6eef60,macosx1015-64-shippable-qr,True,False,,|b|y|t|e|c|o|d|e|-|c|a|c|h|e|d| |c|o|l|d| |f|i|s|s|i|o|n| |w|e|b|r|e|n|d|e|r|,102210fe594ee9b33d82058545b1ed14f4c8206e,PerceptualSpeedIndex,twitter,True,twitter PerceptualSpeedIndex opt bytecode-cached cold fission webrender,,77,ms,firefox,,1794654166,2023-11-03 01:11:05,586.3,36f2efb02d4349901b7d36c17e45fd550a7aad2b,1326640,,,,,,,,,,,,,,,,,,,,,,,,,,,,,,,,,,,,,,,,,,,,,,,,,,,,,,,,,,,,,TN,TN
autoland,4405952,13,ad8d5d1385265583919f5a224e1153902b6eef60,macosx1015-64-shippable-qr,True,False,,|b|y|t|e|c|o|d|e|-|c|a|c|h|e|d| |c|o|l|d| |f|i|s|s|i|o|n| |w|e|b|r|e|n|d|e|r|,102210fe594ee9b33d82058545b1ed14f4c8206e,PerceptualSpeedIndex,twitter,True,twitter PerceptualSpeedIndex opt bytecode-cached cold fission webrender,,77,ms,firefox,,1794654769,2023-11-03 01:52:04,602.3,74d7322a0dc48e7a0b87bca4351e9394d0b0205d,1326655,,,,,,,,,,,,,,,,,,,,,,,,,,,,,,,,,,,,,,,,,,,,,,,,,,,,,,,,,,,,,TN,TN
autoland,4405952,13,ad8d5d1385265583919f5a224e1153902b6eef60,macosx1015-64-shippable-qr,True,False,,|b|y|t|e|c|o|d|e|-|c|a|c|h|e|d| |c|o|l|d| |f|i|s|s|i|o|n| |w|e|b|r|e|n|d|e|r|,102210fe594ee9b33d82058545b1ed14f4c8206e,PerceptualSpeedIndex,twitter,True,twitter PerceptualSpeedIndex opt bytecode-cached cold fission webrender,,77,ms,firefox,,1786488320,2023-11-03 02:17:21,795.7,7398cacb1ad3e7be98ad07eff3a56fd050025c48,1326661,,,,,,,,,,,,,,,,,,,,,,,,,,,,,,,,,,,,,,,,,,,,,,,,,,,,,,,,,,,,,TN,TN
autoland,4405952,13,ad8d5d1385265583919f5a224e1153902b6eef60,macosx1015-64-shippable-qr,True,False,,|b|y|t|e|c|o|d|e|-|c|a|c|h|e|d| |c|o|l|d| |f|i|s|s|i|o|n| |w|e|b|r|e|n|d|e|r|,102210fe594ee9b33d82058545b1ed14f4c8206e,PerceptualSpeedIndex,twitter,True,twitter PerceptualSpeedIndex opt bytecode-cached cold fission webrender,,77,ms,firefox,,1794654509,2023-11-03 02:17:21,625.2,7398cacb1ad3e7be98ad07eff3a56fd050025c48,1326661,,,,,,,,,,,,,,,,,,,,,,,,,,,,,,,,,,,,,,,,,,,,,,,,,,,,,,,,,,,,,TN,TN
autoland,4405952,13,ad8d5d1385265583919f5a224e1153902b6eef60,macosx1015-64-shippable-qr,True,False,,|b|y|t|e|c|o|d|e|-|c|a|c|h|e|d| |c|o|l|d| |f|i|s|s|i|o|n| |w|e|b|r|e|n|d|e|r|,102210fe594ee9b33d82058545b1ed14f4c8206e,PerceptualSpeedIndex,twitter,True,twitter PerceptualSpeedIndex opt bytecode-cached cold fission webrender,,77,ms,firefox,,1794654544,2023-11-03 04:08:25,616.7,8be76292bf3f6acbc6d7d87935f7eb147bbf27ca,1326703,,,,,,,,,,,,,,,,,,,,,,,,,,,,,,,,,,,,,,,,,,,,,,,,,,,,,,,,,,,,,TN,TN
autoland,4405952,13,ad8d5d1385265583919f5a224e1153902b6eef60,macosx1015-64-shippable-qr,True,False,,|b|y|t|e|c|o|d|e|-|c|a|c|h|e|d| |c|o|l|d| |f|i|s|s|i|o|n| |w|e|b|r|e|n|d|e|r|,102210fe594ee9b33d82058545b1ed14f4c8206e,PerceptualSpeedIndex,twitter,True,twitter PerceptualSpeedIndex opt bytecode-cached cold fission webrender,,77,ms,firefox,,1794654408,2023-11-03 04:20:42,640.4,4184b410e6d5681549f012fecc1f8b842e141b26,1326704,,,,,,,,,,,,,,,,,,,,,,,,,,,,,,,,,,,,,,,,,,,,,,,,,,,,,,,,,,,,,TN,TN
autoland,4405952,13,ad8d5d1385265583919f5a224e1153902b6eef60,macosx1015-64-shippable-qr,True,False,,|b|y|t|e|c|o|d|e|-|c|a|c|h|e|d| |c|o|l|d| |f|i|s|s|i|o|n| |w|e|b|r|e|n|d|e|r|,102210fe594ee9b33d82058545b1ed14f4c8206e,PerceptualSpeedIndex,twitter,True,twitter PerceptualSpeedIndex opt bytecode-cached cold fission webrender,,77,ms,firefox,,1794628911,2023-11-03 04:51:35,618.1,66a36c6e56c8b40c4bbf326973befc12d3188b98,1326712,,,,,,,,,,,,,,,,,,,,,,,,,,,,,,,,,,,,,,,,,,,,,,,,,,,,,,,,,,,,,TN,TN
autoland,4405952,13,ad8d5d1385265583919f5a224e1153902b6eef60,macosx1015-64-shippable-qr,True,False,,|b|y|t|e|c|o|d|e|-|c|a|c|h|e|d| |c|o|l|d| |f|i|s|s|i|o|n| |w|e|b|r|e|n|d|e|r|,102210fe594ee9b33d82058545b1ed14f4c8206e,PerceptualSpeedIndex,twitter,True,twitter PerceptualSpeedIndex opt bytecode-cached cold fission webrender,,77,ms,firefox,,1794654372,2023-11-03 04:51:35,704.2,66a36c6e56c8b40c4bbf326973befc12d3188b98,1326712,,,,,,,,,,,,,,,,,,,,,,,,,,,,,,,,,,,,,,,,,,,,,,,,,,,,,,,,,,,,,TN,TN
autoland,4405952,13,ad8d5d1385265583919f5a224e1153902b6eef60,macosx1015-64-shippable-qr,True,False,,|b|y|t|e|c|o|d|e|-|c|a|c|h|e|d| |c|o|l|d| |f|i|s|s|i|o|n| |w|e|b|r|e|n|d|e|r|,102210fe594ee9b33d82058545b1ed14f4c8206e,PerceptualSpeedIndex,twitter,True,twitter PerceptualSpeedIndex opt bytecode-cached cold fission webrender,,77,ms,firefox,,1786568696,2023-11-03 06:29:48,818.4,63221dffde4f2b6c134c16fb540dea75d856626d,1326720,,,,,,,,,,,,,,,,,,,,,,,,,,,,,,,,,,,,,,,,,,,,,,,,,,,,,,,,,,,,,TN,TN
autoland,4405952,13,ad8d5d1385265583919f5a224e1153902b6eef60,macosx1015-64-shippable-qr,True,False,,|b|y|t|e|c|o|d|e|-|c|a|c|h|e|d| |c|o|l|d| |f|i|s|s|i|o|n| |w|e|b|r|e|n|d|e|r|,102210fe594ee9b33d82058545b1ed14f4c8206e,PerceptualSpeedIndex,twitter,True,twitter PerceptualSpeedIndex opt bytecode-cached cold fission webrender,,77,ms,firefox,,1794628949,2023-11-03 06:29:48,618.8,63221dffde4f2b6c134c16fb540dea75d856626d,1326720,,,,,,,,,,,,,,,,,,,,,,,,,,,,,,,,,,,,,,,,,,,,,,,,,,,,,,,,,,,,,TN,TN
autoland,4405952,13,ad8d5d1385265583919f5a224e1153902b6eef60,macosx1015-64-shippable-qr,True,False,,|b|y|t|e|c|o|d|e|-|c|a|c|h|e|d| |c|o|l|d| |f|i|s|s|i|o|n| |w|e|b|r|e|n|d|e|r|,102210fe594ee9b33d82058545b1ed14f4c8206e,PerceptualSpeedIndex,twitter,True,twitter PerceptualSpeedIndex opt bytecode-cached cold fission webrender,,77,ms,firefox,,1794654710,2023-11-03 06:29:48,589.1,63221dffde4f2b6c134c16fb540dea75d856626d,1326720,,,,,,,,,,,,,,,,,,,,,,,,,,,,,,,,,,,,,,,,,,,,,,,,,,,,,,,,,,,,,TN,TN
autoland,4405952,13,ad8d5d1385265583919f5a224e1153902b6eef60,macosx1015-64-shippable-qr,True,False,,|b|y|t|e|c|o|d|e|-|c|a|c|h|e|d| |c|o|l|d| |f|i|s|s|i|o|n| |w|e|b|r|e|n|d|e|r|,102210fe594ee9b33d82058545b1ed14f4c8206e,PerceptualSpeedIndex,twitter,True,twitter PerceptualSpeedIndex opt bytecode-cached cold fission webrender,,77,ms,firefox,,1794629593,2023-11-03 06:58:55,624.3,3b2e87a93f83951048307cbc49600161594f24fc,1326722,,,,,,,,,,,,,,,,,,,,,,,,,,,,,,,,,,,,,,,,,,,,,,,,,,,,,,,,,,,,,TN,TN
autoland,4405952,13,ad8d5d1385265583919f5a224e1153902b6eef60,macosx1015-64-shippable-qr,True,False,,|b|y|t|e|c|o|d|e|-|c|a|c|h|e|d| |c|o|l|d| |f|i|s|s|i|o|n| |w|e|b|r|e|n|d|e|r|,102210fe594ee9b33d82058545b1ed14f4c8206e,PerceptualSpeedIndex,twitter,True,twitter PerceptualSpeedIndex opt bytecode-cached cold fission webrender,,77,ms,firefox,,1794654476,2023-11-03 06:58:55,647.6,3b2e87a93f83951048307cbc49600161594f24fc,1326722,,,,,,,,,,,,,,,,,,,,,,,,,,,,,,,,,,,,,,,,,,,,,,,,,,,,,,,,,,,,,TN,TN
autoland,4405952,13,ad8d5d1385265583919f5a224e1153902b6eef60,macosx1015-64-shippable-qr,True,False,,|b|y|t|e|c|o|d|e|-|c|a|c|h|e|d| |c|o|l|d| |f|i|s|s|i|o|n| |w|e|b|r|e|n|d|e|r|,102210fe594ee9b33d82058545b1ed14f4c8206e,PerceptualSpeedIndex,twitter,True,twitter PerceptualSpeedIndex opt bytecode-cached cold fission webrender,,77,ms,firefox,,1794629614,2023-11-03 07:36:07,699.9,b22bbe4260314e1412d7b27c4116cd80a3334dea,1326733,,,,,,,,,,,,,,,,,,,,,,,,,,,,,,,,,,,,,,,,,,,,,,,,,,,,,,,,,,,,,TN,TN
autoland,4405952,13,ad8d5d1385265583919f5a224e1153902b6eef60,macosx1015-64-shippable-qr,True,False,,|b|y|t|e|c|o|d|e|-|c|a|c|h|e|d| |c|o|l|d| |f|i|s|s|i|o|n| |w|e|b|r|e|n|d|e|r|,102210fe594ee9b33d82058545b1ed14f4c8206e,PerceptualSpeedIndex,twitter,True,twitter PerceptualSpeedIndex opt bytecode-cached cold fission webrender,,77,ms,firefox,,1794654744,2023-11-03 07:36:07,589.7,b22bbe4260314e1412d7b27c4116cd80a3334dea,1326733,,,,,,,,,,,,,,,,,,,,,,,,,,,,,,,,,,,,,,,,,,,,,,,,,,,,,,,,,,,,,TN,TN
autoland,4405952,13,ad8d5d1385265583919f5a224e1153902b6eef60,macosx1015-64-shippable-qr,True,False,,|b|y|t|e|c|o|d|e|-|c|a|c|h|e|d| |c|o|l|d| |f|i|s|s|i|o|n| |w|e|b|r|e|n|d|e|r|,102210fe594ee9b33d82058545b1ed14f4c8206e,PerceptualSpeedIndex,twitter,True,twitter PerceptualSpeedIndex opt bytecode-cached cold fission webrender,,77,ms,firefox,,1794629059,2023-11-03 08:19:03,612.6,b8d7ddef8a12d2762b4df028073939ad1508d0a4,1326743,,,,,,,,,,,,,,,,,,,,,,,,,,,,,,,,,,,,,,,,,,,,,,,,,,,,,,,,,,,,,TN,TN
autoland,4405952,13,ad8d5d1385265583919f5a224e1153902b6eef60,macosx1015-64-shippable-qr,True,False,,|b|y|t|e|c|o|d|e|-|c|a|c|h|e|d| |c|o|l|d| |f|i|s|s|i|o|n| |w|e|b|r|e|n|d|e|r|,102210fe594ee9b33d82058545b1ed14f4c8206e,PerceptualSpeedIndex,twitter,True,twitter PerceptualSpeedIndex opt bytecode-cached cold fission webrender,,77,ms,firefox,,1794654288,2023-11-03 08:19:03,622.7,b8d7ddef8a12d2762b4df028073939ad1508d0a4,1326743,,,,,,,,,,,,,,,,,,,,,,,,,,,,,,,,,,,,,,,,,,,,,,,,,,,,,,,,,,,,,TN,TN
autoland,4405952,13,ad8d5d1385265583919f5a224e1153902b6eef60,macosx1015-64-shippable-qr,True,False,,|b|y|t|e|c|o|d|e|-|c|a|c|h|e|d| |c|o|l|d| |f|i|s|s|i|o|n| |w|e|b|r|e|n|d|e|r|,102210fe594ee9b33d82058545b1ed14f4c8206e,PerceptualSpeedIndex,twitter,True,twitter PerceptualSpeedIndex opt bytecode-cached cold fission webrender,,77,ms,firefox,,1794629640,2023-11-03 09:09:22,620.8,124a723cd010dfbd667203d480325aa24380f6d4,1326753,,,,,,,,,,,,,,,,,,,,,,,,,,,,,,,,,,,,,,,,,,,,,,,,,,,,,,,,,,,,,TN,TN
autoland,4405952,13,ad8d5d1385265583919f5a224e1153902b6eef60,macosx1015-64-shippable-qr,True,False,,|b|y|t|e|c|o|d|e|-|c|a|c|h|e|d| |c|o|l|d| |f|i|s|s|i|o|n| |w|e|b|r|e|n|d|e|r|,102210fe594ee9b33d82058545b1ed14f4c8206e,PerceptualSpeedIndex,twitter,True,twitter PerceptualSpeedIndex opt bytecode-cached cold fission webrender,,77,ms,firefox,,1794655721,2023-11-03 09:09:22,659.1,124a723cd010dfbd667203d480325aa24380f6d4,1326753,,,,,,,,,,,,,,,,,,,,,,,,,,,,,,,,,,,,,,,,,,,,,,,,,,,,,,,,,,,,,TN,TN
autoland,4405952,13,ad8d5d1385265583919f5a224e1153902b6eef60,macosx1015-64-shippable-qr,True,False,,|b|y|t|e|c|o|d|e|-|c|a|c|h|e|d| |c|o|l|d| |f|i|s|s|i|o|n| |w|e|b|r|e|n|d|e|r|,102210fe594ee9b33d82058545b1ed14f4c8206e,PerceptualSpeedIndex,twitter,True,twitter PerceptualSpeedIndex opt bytecode-cached cold fission webrender,,77,ms,firefox,,1794628890,2023-11-03 09:13:52,602.9,7dd4084a322471851e49b87b3a617befb0375765,1326754,,,,,,,,,,,,,,,,,,,,,,,,,,,,,,,,,,,,,,,,,,,,,,,,,,,,,,,,,,,,,TN,TN
autoland,4405952,13,ad8d5d1385265583919f5a224e1153902b6eef60,macosx1015-64-shippable-qr,True,False,,|b|y|t|e|c|o|d|e|-|c|a|c|h|e|d| |c|o|l|d| |f|i|s|s|i|o|n| |w|e|b|r|e|n|d|e|r|,102210fe594ee9b33d82058545b1ed14f4c8206e,PerceptualSpeedIndex,twitter,True,twitter PerceptualSpeedIndex opt bytecode-cached cold fission webrender,,77,ms,firefox,,1794653271,2023-11-03 09:13:52,602.4,7dd4084a322471851e49b87b3a617befb0375765,1326754,,,,,,,,,,,,,,,,,,,,,,,,,,,,,,,,,,,,,,,,,,,,,,,,,,,,,,,,,,,,,TN,TN
autoland,4405952,13,ad8d5d1385265583919f5a224e1153902b6eef60,macosx1015-64-shippable-qr,True,False,,|b|y|t|e|c|o|d|e|-|c|a|c|h|e|d| |c|o|l|d| |f|i|s|s|i|o|n| |w|e|b|r|e|n|d|e|r|,102210fe594ee9b33d82058545b1ed14f4c8206e,PerceptualSpeedIndex,twitter,True,twitter PerceptualSpeedIndex opt bytecode-cached cold fission webrender,,77,ms,firefox,,1794628994,2023-11-03 09:17:10,619.9,3d9fe41a25152c0c6672f138ea09debecd5143cf,1326755,,,,,,,,,,,,,,,,,,,,,,,,,,,,,,,,,,,,,,,,,,,,,,,,,,,,,,,,,,,,,TN,TN
autoland,4405952,13,ad8d5d1385265583919f5a224e1153902b6eef60,macosx1015-64-shippable-qr,True,False,,|b|y|t|e|c|o|d|e|-|c|a|c|h|e|d| |c|o|l|d| |f|i|s|s|i|o|n| |w|e|b|r|e|n|d|e|r|,102210fe594ee9b33d82058545b1ed14f4c8206e,PerceptualSpeedIndex,twitter,True,twitter PerceptualSpeedIndex opt bytecode-cached cold fission webrender,,77,ms,firefox,,1794653182,2023-11-03 09:17:10,610.4,3d9fe41a25152c0c6672f138ea09debecd5143cf,1326755,,,,,,,,,,,,,,,,,,,,,,,,,,,,,,,,,,,,,,,,,,,,,,,,,,,,,,,,,,,,,TN,TN
autoland,4405952,13,ad8d5d1385265583919f5a224e1153902b6eef60,macosx1015-64-shippable-qr,True,False,,|b|y|t|e|c|o|d|e|-|c|a|c|h|e|d| |c|o|l|d| |f|i|s|s|i|o|n| |w|e|b|r|e|n|d|e|r|,102210fe594ee9b33d82058545b1ed14f4c8206e,PerceptualSpeedIndex,twitter,True,twitter PerceptualSpeedIndex opt bytecode-cached cold fission webrender,,77,ms,firefox,,1794628997,2023-11-03 09:42:39,692.2,4492a1a7f6e79ee78ecaa1b7c93899342d32df2e,1326765,,,,,,,,,,,,,,,,,,,,,,,,,,,,,,,,,,,,,,,,,,,,,,,,,,,,,,,,,,,,,TN,TN
autoland,4405952,13,ad8d5d1385265583919f5a224e1153902b6eef60,macosx1015-64-shippable-qr,True,False,,|b|y|t|e|c|o|d|e|-|c|a|c|h|e|d| |c|o|l|d| |f|i|s|s|i|o|n| |w|e|b|r|e|n|d|e|r|,102210fe594ee9b33d82058545b1ed14f4c8206e,PerceptualSpeedIndex,twitter,True,twitter PerceptualSpeedIndex opt bytecode-cached cold fission webrender,,77,ms,firefox,,1794653101,2023-11-03 09:42:39,602.3,4492a1a7f6e79ee78ecaa1b7c93899342d32df2e,1326765,,,,,,,,,,,,,,,,,,,,,,,,,,,,,,,,,,,,,,,,,,,,,,,,,,,,,,,,,,,,,TN,TN
autoland,4405952,13,ad8d5d1385265583919f5a224e1153902b6eef60,macosx1015-64-shippable-qr,True,False,,|b|y|t|e|c|o|d|e|-|c|a|c|h|e|d| |c|o|l|d| |f|i|s|s|i|o|n| |w|e|b|r|e|n|d|e|r|,102210fe594ee9b33d82058545b1ed14f4c8206e,PerceptualSpeedIndex,twitter,True,twitter PerceptualSpeedIndex opt bytecode-cached cold fission webrender,,77,ms,firefox,,1794628115,2023-11-03 09:43:52,637.8,6c29477373c7502d2ca6e660b3acc28c18ba6974,1326767,,,,,,,,,,,,,,,,,,,,,,,,,,,,,,,,,,,,,,,,,,,,,,,,,,,,,,,,,,,,,TN,TN
autoland,4405952,13,ad8d5d1385265583919f5a224e1153902b6eef60,macosx1015-64-shippable-qr,True,False,,|b|y|t|e|c|o|d|e|-|c|a|c|h|e|d| |c|o|l|d| |f|i|s|s|i|o|n| |w|e|b|r|e|n|d|e|r|,102210fe594ee9b33d82058545b1ed14f4c8206e,PerceptualSpeedIndex,twitter,True,twitter PerceptualSpeedIndex opt bytecode-cached cold fission webrender,,77,ms,firefox,,1794629037,2023-11-03 09:43:52,613.3,6c29477373c7502d2ca6e660b3acc28c18ba6974,1326767,,,,,,,,,,,,,,,,,,,,,,,,,,,,,,,,,,,,,,,,,,,,,,,,,,,,,,,,,,,,,TN,TN
autoland,4405952,13,ad8d5d1385265583919f5a224e1153902b6eef60,macosx1015-64-shippable-qr,True,False,,|b|y|t|e|c|o|d|e|-|c|a|c|h|e|d| |c|o|l|d| |f|i|s|s|i|o|n| |w|e|b|r|e|n|d|e|r|,102210fe594ee9b33d82058545b1ed14f4c8206e,PerceptualSpeedIndex,twitter,True,twitter PerceptualSpeedIndex opt bytecode-cached cold fission webrender,,77,ms,firefox,,1794653294,2023-11-03 09:43:52,629.4,6c29477373c7502d2ca6e660b3acc28c18ba6974,1326767,,,,,,,,,,,,,,,,,,,,,,,,,,,,,,,,,,,,,,,,,,,,,,,,,,,,,,,,,,,,,TN,TN
autoland,4405952,13,ad8d5d1385265583919f5a224e1153902b6eef60,macosx1015-64-shippable-qr,True,False,,|b|y|t|e|c|o|d|e|-|c|a|c|h|e|d| |c|o|l|d| |f|i|s|s|i|o|n| |w|e|b|r|e|n|d|e|r|,102210fe594ee9b33d82058545b1ed14f4c8206e,PerceptualSpeedIndex,twitter,True,twitter PerceptualSpeedIndex opt bytecode-cached cold fission webrender,,77,ms,firefox,,1786696047,2023-11-03 09:45:55,779.4,fef2ab0f10caa08593c20e7febc4cec185670a4a,1326769,,,,,,,,,,,,,,,,,,,,,,,,,,,,,,,,,,,,,,,,,,,,,,,,,,,,,,,,,,,,,TN,TN
autoland,4405952,13,ad8d5d1385265583919f5a224e1153902b6eef60,macosx1015-64-shippable-qr,True,False,,|b|y|t|e|c|o|d|e|-|c|a|c|h|e|d| |c|o|l|d| |f|i|s|s|i|o|n| |w|e|b|r|e|n|d|e|r|,102210fe594ee9b33d82058545b1ed14f4c8206e,PerceptualSpeedIndex,twitter,True,twitter PerceptualSpeedIndex opt bytecode-cached cold fission webrender,,77,ms,firefox,,1794628591,2023-11-03 09:45:55,638.4,fef2ab0f10caa08593c20e7febc4cec185670a4a,1326769,,,,,,,,,,,,,,,,,,,,,,,,,,,,,,,,,,,,,,,,,,,,,,,,,,,,,,,,,,,,,TN,TN
autoland,4405952,13,ad8d5d1385265583919f5a224e1153902b6eef60,macosx1015-64-shippable-qr,True,False,,|b|y|t|e|c|o|d|e|-|c|a|c|h|e|d| |c|o|l|d| |f|i|s|s|i|o|n| |w|e|b|r|e|n|d|e|r|,102210fe594ee9b33d82058545b1ed14f4c8206e,PerceptualSpeedIndex,twitter,True,twitter PerceptualSpeedIndex opt bytecode-cached cold fission webrender,,77,ms,firefox,,1794628651,2023-11-03 09:45:55,620.6,fef2ab0f10caa08593c20e7febc4cec185670a4a,1326769,,,,,,,,,,,,,,,,,,,,,,,,,,,,,,,,,,,,,,,,,,,,,,,,,,,,,,,,,,,,,TN,TN
autoland,4405952,13,ad8d5d1385265583919f5a224e1153902b6eef60,macosx1015-64-shippable-qr,True,False,,|b|y|t|e|c|o|d|e|-|c|a|c|h|e|d| |c|o|l|d| |f|i|s|s|i|o|n| |w|e|b|r|e|n|d|e|r|,102210fe594ee9b33d82058545b1ed14f4c8206e,PerceptualSpeedIndex,twitter,True,twitter PerceptualSpeedIndex opt bytecode-cached cold fission webrender,,77,ms,firefox,,1794628673,2023-11-03 09:45:55,598.4,fef2ab0f10caa08593c20e7febc4cec185670a4a,1326769,,,,,,,,,,,,,,,,,,,,,,,,,,,,,,,,,,,,,,,,,,,,,,,,,,,,,,,,,,,,,TN,TN
autoland,4405952,13,ad8d5d1385265583919f5a224e1153902b6eef60,macosx1015-64-shippable-qr,True,False,,|b|y|t|e|c|o|d|e|-|c|a|c|h|e|d| |c|o|l|d| |f|i|s|s|i|o|n| |w|e|b|r|e|n|d|e|r|,102210fe594ee9b33d82058545b1ed14f4c8206e,PerceptualSpeedIndex,twitter,True,twitter PerceptualSpeedIndex opt bytecode-cached cold fission webrender,,77,ms,firefox,,1794628864,2023-11-03 09:45:55,608.6,fef2ab0f10caa08593c20e7febc4cec185670a4a,1326769,,,,,,,,,,,,,,,,,,,,,,,,,,,,,,,,,,,,,,,,,,,,,,,,,,,,,,,,,,,,,TN,TN
autoland,4405952,13,ad8d5d1385265583919f5a224e1153902b6eef60,macosx1015-64-shippable-qr,True,False,,|b|y|t|e|c|o|d|e|-|c|a|c|h|e|d| |c|o|l|d| |f|i|s|s|i|o|n| |w|e|b|r|e|n|d|e|r|,102210fe594ee9b33d82058545b1ed14f4c8206e,PerceptualSpeedIndex,twitter,True,twitter PerceptualSpeedIndex opt bytecode-cached cold fission webrender,,77,ms,firefox,,1794629558,2023-11-03 09:45:55,620.6,fef2ab0f10caa08593c20e7febc4cec185670a4a,1326769,,,,,,,,,,,,,,,,,,,,,,,,,,,,,,,,,,,,,,,,,,,,,,,,,,,,,,,,,,,,,TN,TN
autoland,4405952,13,ad8d5d1385265583919f5a224e1153902b6eef60,macosx1015-64-shippable-qr,True,False,,|b|y|t|e|c|o|d|e|-|c|a|c|h|e|d| |c|o|l|d| |f|i|s|s|i|o|n| |w|e|b|r|e|n|d|e|r|,102210fe594ee9b33d82058545b1ed14f4c8206e,PerceptualSpeedIndex,twitter,True,twitter PerceptualSpeedIndex opt bytecode-cached cold fission webrender,,77,ms,firefox,,1794629536,2023-11-03 10:02:57,622.7,839d107030fb1827d316e5f3c349f008611458c2,1326776,,,,,,,,,,,,,,,,,,,,,,,,,,,,,,,,,,,,,,,,,,,,,,,,,,,,,,,,,,,,,TN,TN
autoland,4405952,13,ad8d5d1385265583919f5a224e1153902b6eef60,macosx1015-64-shippable-qr,True,False,,|b|y|t|e|c|o|d|e|-|c|a|c|h|e|d| |c|o|l|d| |f|i|s|s|i|o|n| |w|e|b|r|e|n|d|e|r|,102210fe594ee9b33d82058545b1ed14f4c8206e,PerceptualSpeedIndex,twitter,True,twitter PerceptualSpeedIndex opt bytecode-cached cold fission webrender,,77,ms,firefox,,1794628504,2023-11-03 10:08:49,608.1,71a6642aae88f5511a0f489c4e967e11d0c28842,1326783,,,,,,,,,,,,,,,,,,,,,,,,,,,,,,,,,,,,,,,,,,,,,,,,,,,,,,,,,,,,,TN,TN
autoland,4405952,13,ad8d5d1385265583919f5a224e1153902b6eef60,macosx1015-64-shippable-qr,True,False,,|b|y|t|e|c|o|d|e|-|c|a|c|h|e|d| |c|o|l|d| |f|i|s|s|i|o|n| |w|e|b|r|e|n|d|e|r|,102210fe594ee9b33d82058545b1ed14f4c8206e,PerceptualSpeedIndex,twitter,True,twitter PerceptualSpeedIndex opt bytecode-cached cold fission webrender,,77,ms,firefox,,1794628396,2023-11-03 10:17:11,603.2,69a9a6852a6b33c38352663e36f30c7a56325fa9,1326785,,,,,,,,,,,,,,,,,,,,,,,,,,,,,,,,,,,,,,,,,,,,,,,,,,,,,,,,,,,,,TN,TN
autoland,4405952,13,ad8d5d1385265583919f5a224e1153902b6eef60,macosx1015-64-shippable-qr,True,False,,|b|y|t|e|c|o|d|e|-|c|a|c|h|e|d| |c|o|l|d| |f|i|s|s|i|o|n| |w|e|b|r|e|n|d|e|r|,102210fe594ee9b33d82058545b1ed14f4c8206e,PerceptualSpeedIndex,twitter,True,twitter PerceptualSpeedIndex opt bytecode-cached cold fission webrender,,77,ms,firefox,,1794628281,2023-11-03 10:47:31,604.7,bd833134cb89a4af54fc5e6a2659dff9876378cf,1326793,,,,,,,,,,,,,,,,,,,,,,,,,,,,,,,,,,,,,,,,,,,,,,,,,,,,,,,,,,,,,TN,TN
autoland,4405952,13,ad8d5d1385265583919f5a224e1153902b6eef60,macosx1015-64-shippable-qr,True,False,,|b|y|t|e|c|o|d|e|-|c|a|c|h|e|d| |c|o|l|d| |f|i|s|s|i|o|n| |w|e|b|r|e|n|d|e|r|,102210fe594ee9b33d82058545b1ed14f4c8206e,PerceptualSpeedIndex,twitter,True,twitter PerceptualSpeedIndex opt bytecode-cached cold fission webrender,,77,ms,firefox,,1794629469,2023-11-03 10:49:36,619.5,e15962ef39ac75d15c7425eae4be43126c085e47,1326796,,,,,,,,,,,,,,,,,,,,,,,,,,,,,,,,,,,,,,,,,,,,,,,,,,,,,,,,,,,,,TN,TN
autoland,4405952,13,ad8d5d1385265583919f5a224e1153902b6eef60,macosx1015-64-shippable-qr,True,False,,|b|y|t|e|c|o|d|e|-|c|a|c|h|e|d| |c|o|l|d| |f|i|s|s|i|o|n| |w|e|b|r|e|n|d|e|r|,102210fe594ee9b33d82058545b1ed14f4c8206e,PerceptualSpeedIndex,twitter,True,twitter PerceptualSpeedIndex opt bytecode-cached cold fission webrender,,77,ms,firefox,,1794629513,2023-11-03 10:50:42,656.6,51901c4ba87a34c5bdccc9cd91afe1caa7e0e322,1326797,,,,,,,,,,,,,,,,,,,,,,,,,,,,,,,,,,,,,,,,,,,,,,,,,,,,,,,,,,,,,TN,TN
autoland,4405952,13,ad8d5d1385265583919f5a224e1153902b6eef60,macosx1015-64-shippable-qr,True,False,,|b|y|t|e|c|o|d|e|-|c|a|c|h|e|d| |c|o|l|d| |f|i|s|s|i|o|n| |w|e|b|r|e|n|d|e|r|,102210fe594ee9b33d82058545b1ed14f4c8206e,PerceptualSpeedIndex,twitter,True,twitter PerceptualSpeedIndex opt bytecode-cached cold fission webrender,,77,ms,firefox,,1794628616,2023-11-03 12:03:10,611.8,ea3dba2fdcbeb46c4e6ac7852b33f1b1bde7aef1,1326814,,,,,,,,,,,,,,,,,,,,,,,,,,,,,,,,,,,,,,,,,,,,,,,,,,,,,,,,,,,,,TN,TN
autoland,4405952,13,ad8d5d1385265583919f5a224e1153902b6eef60,macosx1015-64-shippable-qr,True,False,,|b|y|t|e|c|o|d|e|-|c|a|c|h|e|d| |c|o|l|d| |f|i|s|s|i|o|n| |w|e|b|r|e|n|d|e|r|,102210fe594ee9b33d82058545b1ed14f4c8206e,PerceptualSpeedIndex,twitter,True,twitter PerceptualSpeedIndex opt bytecode-cached cold fission webrender,,77,ms,firefox,,1794629236,2023-11-03 13:02:47,616.1,85dc4cc089fc06a35299f11e9118cc4f1c55e601,1326842,,,,,,,,,,,,,,,,,,,,,,,,,,,,,,,,,,,,,,,,,,,,,,,,,,,,,,,,,,,,,TN,TN
autoland,4405952,13,ad8d5d1385265583919f5a224e1153902b6eef60,macosx1015-64-shippable-qr,True,False,,|b|y|t|e|c|o|d|e|-|c|a|c|h|e|d| |c|o|l|d| |f|i|s|s|i|o|n| |w|e|b|r|e|n|d|e|r|,102210fe594ee9b33d82058545b1ed14f4c8206e,PerceptualSpeedIndex,twitter,True,twitter PerceptualSpeedIndex opt bytecode-cached cold fission webrender,,77,ms,firefox,,1787103368,2023-11-03 14:08:17,603.6,db8c28afe588aab0cd434e280a4614c075350cde,1326874,609.89,mozilla-ldap/aesanu@mozilla.com,fef2ab0f10caa08593c20e7febc4cec185670a4a,40121.0,24.93,infra,812.4,2023-11-06 09:20:16.340450,False,13.0,13.0,,,,1326769.0,4.0,1326874.0,4.0,mozilla-ldap/aesanu@mozilla.com,ad8d5d1385265583919f5a224e1153902b6eef60,,macosx1015-64-shippable-qr,,autoland,2023-11-13 14:32:45.704437,,1.0,-202.51,183305.0,ms,,,40121.0,102210fe594ee9b33d82058545b1ed14f4c8206e,,False,False,aesanu@mozilla.com,,,aesanu@mozilla.com,2023-11-05 14:32:45.704437,,,PerceptualSpeedIndex,OK,True,db8c28afe588aab0cd434e280a4614c075350cde,,,,,False,,24.67,twitter,"bytecode-cached, cold, fission, webrender",,"bytecode-cached, cold, fission, webrender",2023-11-09 14:32:45.704437,TP,TP
autoland,4405952,13,ad8d5d1385265583919f5a224e1153902b6eef60,macosx1015-64-shippable-qr,True,False,,|b|y|t|e|c|o|d|e|-|c|a|c|h|e|d| |c|o|l|d| |f|i|s|s|i|o|n| |w|e|b|r|e|n|d|e|r|,102210fe594ee9b33d82058545b1ed14f4c8206e,PerceptualSpeedIndex,twitter,True,twitter PerceptualSpeedIndex opt bytecode-cached cold fission webrender,,77,ms,firefox,,1787192358,2023-11-03 14:30:10,626.2,218b0b33b6bb55913c005cf174b1dcc8c1fb63ba,1326901,,,,,,,,,,,,,,,,,,,,,,,,,,,,,,,,,,,,,,,,,,,,,,,,,,,,,,,,,,,,,TN,TN
autoland,4405952,13,ad8d5d1385265583919f5a224e1153902b6eef60,macosx1015-64-shippable-qr,True,False,,|b|y|t|e|c|o|d|e|-|c|a|c|h|e|d| |c|o|l|d| |f|i|s|s|i|o|n| |w|e|b|r|e|n|d|e|r|,102210fe594ee9b33d82058545b1ed14f4c8206e,PerceptualSpeedIndex,twitter,True,twitter PerceptualSpeedIndex opt bytecode-cached cold fission webrender,,77,ms,firefox,,1787195454,2023-11-03 14:52:04,608.6,0896ccb4c8266515669efe20006dd62d7cc46e05,1326910,,,,,,,,,,,,,,,,,,,,,,,,,,,,,,,,,,,,,,,,,,,,,,,,,,,,,,,,,,,,,TN,TN
autoland,4405952,13,ad8d5d1385265583919f5a224e1153902b6eef60,macosx1015-64-shippable-qr,True,False,,|b|y|t|e|c|o|d|e|-|c|a|c|h|e|d| |c|o|l|d| |f|i|s|s|i|o|n| |w|e|b|r|e|n|d|e|r|,102210fe594ee9b33d82058545b1ed14f4c8206e,PerceptualSpeedIndex,twitter,True,twitter PerceptualSpeedIndex opt bytecode-cached cold fission webrender,,77,ms,firefox,,1787135562,2023-11-03 15:30:02,597.1,c1bbed9e33815cc111047e95375c6446ad566b5b,1326932,,,,,,,,,,,,,,,,,,,,,,,,,,,,,,,,,,,,,,,,,,,,,,,,,,,,,,,,,,,,,TN,TN
autoland,4405952,13,ad8d5d1385265583919f5a224e1153902b6eef60,macosx1015-64-shippable-qr,True,False,,|b|y|t|e|c|o|d|e|-|c|a|c|h|e|d| |c|o|l|d| |f|i|s|s|i|o|n| |w|e|b|r|e|n|d|e|r|,102210fe594ee9b33d82058545b1ed14f4c8206e,PerceptualSpeedIndex,twitter,True,twitter PerceptualSpeedIndex opt bytecode-cached cold fission webrender,,77,ms,firefox,,1787157304,2023-11-03 19:29:08,617.8,3483c8458f12814829ccacc001ce04923ce9c601,1327119,,,,,,,,,,,,,,,,,,,,,,,,,,,,,,,,,,,,,,,,,,,,,,,,,,,,,,,,,,,,,TN,TN
autoland,4405952,13,ad8d5d1385265583919f5a224e1153902b6eef60,macosx1015-64-shippable-qr,True,False,,|b|y|t|e|c|o|d|e|-|c|a|c|h|e|d| |c|o|l|d| |f|i|s|s|i|o|n| |w|e|b|r|e|n|d|e|r|,102210fe594ee9b33d82058545b1ed14f4c8206e,PerceptualSpeedIndex,twitter,True,twitter PerceptualSpeedIndex opt bytecode-cached cold fission webrender,,77,ms,firefox,,1787181693,2023-11-04 00:04:01,585.3,71b8373e6622cf42c02a4244f2c2629c6afed2db,1327246,,,,,,,,,,,,,,,,,,,,,,,,,,,,,,,,,,,,,,,,,,,,,,,,,,,,,,,,,,,,,TN,TN
autoland,4405952,13,ad8d5d1385265583919f5a224e1153902b6eef60,macosx1015-64-shippable-qr,True,False,,|b|y|t|e|c|o|d|e|-|c|a|c|h|e|d| |c|o|l|d| |f|i|s|s|i|o|n| |w|e|b|r|e|n|d|e|r|,102210fe594ee9b33d82058545b1ed14f4c8206e,PerceptualSpeedIndex,twitter,True,twitter PerceptualSpeedIndex opt bytecode-cached cold fission webrender,,77,ms,firefox,,1787190583,2023-11-04 01:35:30,626.6,fa8ebe703963d027ce9185c21a4e7bdc98f8cd68,1327271,,,,,,,,,,,,,,,,,,,,,,,,,,,,,,,,,,,,,,,,,,,,,,,,,,,,,,,,,,,,,TN,TN
autoland,4405952,13,ad8d5d1385265583919f5a224e1153902b6eef60,macosx1015-64-shippable-qr,True,False,,|b|y|t|e|c|o|d|e|-|c|a|c|h|e|d| |c|o|l|d| |f|i|s|s|i|o|n| |w|e|b|r|e|n|d|e|r|,102210fe594ee9b33d82058545b1ed14f4c8206e,PerceptualSpeedIndex,twitter,True,twitter PerceptualSpeedIndex opt bytecode-cached cold fission webrender,,77,ms,firefox,,1787222657,2023-11-04 08:24:01,608.4,f65c77517e3e8d32a23f3607a039a558abd2b12c,1327306,,,,,,,,,,,,,,,,,,,,,,,,,,,,,,,,,,,,,,,,,,,,,,,,,,,,,,,,,,,,,TN,TN
autoland,4405952,13,ad8d5d1385265583919f5a224e1153902b6eef60,macosx1015-64-shippable-qr,True,False,,|b|y|t|e|c|o|d|e|-|c|a|c|h|e|d| |c|o|l|d| |f|i|s|s|i|o|n| |w|e|b|r|e|n|d|e|r|,102210fe594ee9b33d82058545b1ed14f4c8206e,PerceptualSpeedIndex,twitter,True,twitter PerceptualSpeedIndex opt bytecode-cached cold fission webrender,,77,ms,firefox,,1787350283,2023-11-04 14:15:16,618.5,90f5a1a99e4af4267d041ebe447fe2c0d6028eec,1327379,,,,,,,,,,,,,,,,,,,,,,,,,,,,,,,,,,,,,,,,,,,,,,,,,,,,,,,,,,,,,TN,TN
autoland,4405952,13,ad8d5d1385265583919f5a224e1153902b6eef60,macosx1015-64-shippable-qr,True,False,,|b|y|t|e|c|o|d|e|-|c|a|c|h|e|d| |c|o|l|d| |f|i|s|s|i|o|n| |w|e|b|r|e|n|d|e|r|,102210fe594ee9b33d82058545b1ed14f4c8206e,PerceptualSpeedIndex,twitter,True,twitter PerceptualSpeedIndex opt bytecode-cached cold fission webrender,,77,ms,firefox,,1787439155,2023-11-04 18:45:40,585.4,55a02a6f1e91945e24618f64bd61b9f3a0beeea0,1327418,,,,,,,,,,,,,,,,,,,,,,,,,,,,,,,,,,,,,,,,,,,,,,,,,,,,,,,,,,,,,TN,TN
autoland,4405952,13,ad8d5d1385265583919f5a224e1153902b6eef60,macosx1015-64-shippable-qr,True,False,,|b|y|t|e|c|o|d|e|-|c|a|c|h|e|d| |c|o|l|d| |f|i|s|s|i|o|n| |w|e|b|r|e|n|d|e|r|,102210fe594ee9b33d82058545b1ed14f4c8206e,PerceptualSpeedIndex,twitter,True,twitter PerceptualSpeedIndex opt bytecode-cached cold fission webrender,,77,ms,firefox,,1787507429,2023-11-04 23:01:16,608.7,c6d6218c85ae690d272c8b978051ec7c2718b1b2,1327454,,,,,,,,,,,,,,,,,,,,,,,,,,,,,,,,,,,,,,,,,,,,,,,,,,,,,,,,,,,,,TN,TN
autoland,4405952,13,ad8d5d1385265583919f5a224e1153902b6eef60,macosx1015-64-shippable-qr,True,False,,|b|y|t|e|c|o|d|e|-|c|a|c|h|e|d| |c|o|l|d| |f|i|s|s|i|o|n| |w|e|b|r|e|n|d|e|r|,102210fe594ee9b33d82058545b1ed14f4c8206e,PerceptualSpeedIndex,twitter,True,twitter PerceptualSpeedIndex opt bytecode-cached cold fission webrender,,77,ms,firefox,,1787737470,2023-11-05 12:31:02,632.5,6e473b5825d2acd52739d9cc4cdec6ea5e26c9d1,1327508,,,,,,,,,,,,,,,,,,,,,,,,,,,,,,,,,,,,,,,,,,,,,,,,,,,,,,,,,,,,,TN,TN
autoland,4405952,13,ad8d5d1385265583919f5a224e1153902b6eef60,macosx1015-64-shippable-qr,True,False,,|b|y|t|e|c|o|d|e|-|c|a|c|h|e|d| |c|o|l|d| |f|i|s|s|i|o|n| |w|e|b|r|e|n|d|e|r|,102210fe594ee9b33d82058545b1ed14f4c8206e,PerceptualSpeedIndex,twitter,True,twitter PerceptualSpeedIndex opt bytecode-cached cold fission webrender,,77,ms,firefox,,1787869149,2023-11-05 17:15:11,626.0,e4d362eebc148baf8432d0b013b6233995a2f16e,1327546,,,,,,,,,,,,,,,,,,,,,,,,,,,,,,,,,,,,,,,,,,,,,,,,,,,,,,,,,,,,,TN,TN
autoland,4405952,13,ad8d5d1385265583919f5a224e1153902b6eef60,macosx1015-64-shippable-qr,True,False,,|b|y|t|e|c|o|d|e|-|c|a|c|h|e|d| |c|o|l|d| |f|i|s|s|i|o|n| |w|e|b|r|e|n|d|e|r|,102210fe594ee9b33d82058545b1ed14f4c8206e,PerceptualSpeedIndex,twitter,True,twitter PerceptualSpeedIndex opt bytecode-cached cold fission webrender,,77,ms,firefox,,1787976052,2023-11-05 22:35:05,706.8,1995198e0bee1b9f7d4ac3a5286fb89a8305fa28,1327567,,,,,,,,,,,,,,,,,,,,,,,,,,,,,,,,,,,,,,,,,,,,,,,,,,,,,,,,,,,,,TN,TN
autoland,4405952,13,ad8d5d1385265583919f5a224e1153902b6eef60,macosx1015-64-shippable-qr,True,False,,|b|y|t|e|c|o|d|e|-|c|a|c|h|e|d| |c|o|l|d| |f|i|s|s|i|o|n| |w|e|b|r|e|n|d|e|r|,102210fe594ee9b33d82058545b1ed14f4c8206e,PerceptualSpeedIndex,twitter,True,twitter PerceptualSpeedIndex opt bytecode-cached cold fission webrender,,77,ms,firefox,,1788209722,2023-11-06 03:28:15,589.8,925231a8fb5eccf055afb3e9921596d8f990128b,1327590,,,,,,,,,,,,,,,,,,,,,,,,,,,,,,,,,,,,,,,,,,,,,,,,,,,,,,,,,,,,,TN,TN
autoland,4405952,13,ad8d5d1385265583919f5a224e1153902b6eef60,macosx1015-64-shippable-qr,True,False,,|b|y|t|e|c|o|d|e|-|c|a|c|h|e|d| |c|o|l|d| |f|i|s|s|i|o|n| |w|e|b|r|e|n|d|e|r|,102210fe594ee9b33d82058545b1ed14f4c8206e,PerceptualSpeedIndex,twitter,True,twitter PerceptualSpeedIndex opt bytecode-cached cold fission webrender,,77,ms,firefox,,1788299341,2023-11-06 06:27:10,609.3,58f61f19462af6371405866cd0506983856d5433,1327613,,,,,,,,,,,,,,,,,,,,,,,,,,,,,,,,,,,,,,,,,,,,,,,,,,,,,,,,,,,,,TN,TN
autoland,4405952,13,ad8d5d1385265583919f5a224e1153902b6eef60,macosx1015-64-shippable-qr,True,False,,|b|y|t|e|c|o|d|e|-|c|a|c|h|e|d| |c|o|l|d| |f|i|s|s|i|o|n| |w|e|b|r|e|n|d|e|r|,102210fe594ee9b33d82058545b1ed14f4c8206e,PerceptualSpeedIndex,twitter,True,twitter PerceptualSpeedIndex opt bytecode-cached cold fission webrender,,77,ms,firefox,,1788445496,2023-11-06 10:22:32,601.8,47130f8e8a79f36f7bea8cf4a4a19a3ef155e539,1327714,,,,,,,,,,,,,,,,,,,,,,,,,,,,,,,,,,,,,,,,,,,,,,,,,,,,,,,,,,,,,TN,TN
autoland,4405952,13,ad8d5d1385265583919f5a224e1153902b6eef60,macosx1015-64-shippable-qr,True,False,,|b|y|t|e|c|o|d|e|-|c|a|c|h|e|d| |c|o|l|d| |f|i|s|s|i|o|n| |w|e|b|r|e|n|d|e|r|,102210fe594ee9b33d82058545b1ed14f4c8206e,PerceptualSpeedIndex,twitter,True,twitter PerceptualSpeedIndex opt bytecode-cached cold fission webrender,,77,ms,firefox,,1788590327,2023-11-06 14:23:08,603.5,e85ef9b0c6ee61f9f14bf8b49cd5f6e0a5fac3d7,1327890,,,,,,,,,,,,,,,,,,,,,,,,,,,,,,,,,,,,,,,,,,,,,,,,,,,,,,,,,,,,,TN,TN
autoland,4405952,13,ad8d5d1385265583919f5a224e1153902b6eef60,macosx1015-64-shippable-qr,True,False,,|b|y|t|e|c|o|d|e|-|c|a|c|h|e|d| |c|o|l|d| |f|i|s|s|i|o|n| |w|e|b|r|e|n|d|e|r|,102210fe594ee9b33d82058545b1ed14f4c8206e,PerceptualSpeedIndex,twitter,True,twitter PerceptualSpeedIndex opt bytecode-cached cold fission webrender,,77,ms,firefox,,1788757356,2023-11-06 17:39:09,629.3,6d5e2f6a296345f3afbeecf2e34bf0f7da7c7991,1328028,,,,,,,,,,,,,,,,,,,,,,,,,,,,,,,,,,,,,,,,,,,,,,,,,,,,,,,,,,,,,TN,TN
autoland,4405952,13,ad8d5d1385265583919f5a224e1153902b6eef60,macosx1015-64-shippable-qr,True,False,,|b|y|t|e|c|o|d|e|-|c|a|c|h|e|d| |c|o|l|d| |f|i|s|s|i|o|n| |w|e|b|r|e|n|d|e|r|,102210fe594ee9b33d82058545b1ed14f4c8206e,PerceptualSpeedIndex,twitter,True,twitter PerceptualSpeedIndex opt bytecode-cached cold fission webrender,,77,ms,firefox,,1789123763,2023-11-06 19:35:04,622.8,503650406cb658c3bb6b55a44c03d5b95ae8ff5b,1328081,,,,,,,,,,,,,,,,,,,,,,,,,,,,,,,,,,,,,,,,,,,,,,,,,,,,,,,,,,,,,TN,TN
autoland,4405952,13,ad8d5d1385265583919f5a224e1153902b6eef60,macosx1015-64-shippable-qr,True,False,,|b|y|t|e|c|o|d|e|-|c|a|c|h|e|d| |c|o|l|d| |f|i|s|s|i|o|n| |w|e|b|r|e|n|d|e|r|,102210fe594ee9b33d82058545b1ed14f4c8206e,PerceptualSpeedIndex,twitter,True,twitter PerceptualSpeedIndex opt bytecode-cached cold fission webrender,,77,ms,firefox,,1789002405,2023-11-06 19:36:11,639.8,89a118c5878608de9ce47ac8182b338e6ef13c33,1328083,,,,,,,,,,,,,,,,,,,,,,,,,,,,,,,,,,,,,,,,,,,,,,,,,,,,,,,,,,,,,TN,TN
autoland,4405952,13,ad8d5d1385265583919f5a224e1153902b6eef60,macosx1015-64-shippable-qr,True,False,,|b|y|t|e|c|o|d|e|-|c|a|c|h|e|d| |c|o|l|d| |f|i|s|s|i|o|n| |w|e|b|r|e|n|d|e|r|,102210fe594ee9b33d82058545b1ed14f4c8206e,PerceptualSpeedIndex,twitter,True,twitter PerceptualSpeedIndex opt bytecode-cached cold fission webrender,,77,ms,firefox,,1789069104,2023-11-06 19:52:32,615.2,ffb99ffa3c65771df47bdf63bc01d231c1b8de95,1328090,,,,,,,,,,,,,,,,,,,,,,,,,,,,,,,,,,,,,,,,,,,,,,,,,,,,,,,,,,,,,TN,TN
autoland,4405952,13,ad8d5d1385265583919f5a224e1153902b6eef60,macosx1015-64-shippable-qr,True,False,,|b|y|t|e|c|o|d|e|-|c|a|c|h|e|d| |c|o|l|d| |f|i|s|s|i|o|n| |w|e|b|r|e|n|d|e|r|,102210fe594ee9b33d82058545b1ed14f4c8206e,PerceptualSpeedIndex,twitter,True,twitter PerceptualSpeedIndex opt bytecode-cached cold fission webrender,,77,ms,firefox,,1789100986,2023-11-06 19:53:36,594.8,14364903b3513c984be3affb09c263c89bd313c6,1328091,,,,,,,,,,,,,,,,,,,,,,,,,,,,,,,,,,,,,,,,,,,,,,,,,,,,,,,,,,,,,TN,TN
autoland,4405952,13,ad8d5d1385265583919f5a224e1153902b6eef60,macosx1015-64-shippable-qr,True,False,,|b|y|t|e|c|o|d|e|-|c|a|c|h|e|d| |c|o|l|d| |f|i|s|s|i|o|n| |w|e|b|r|e|n|d|e|r|,102210fe594ee9b33d82058545b1ed14f4c8206e,PerceptualSpeedIndex,twitter,True,twitter PerceptualSpeedIndex opt bytecode-cached cold fission webrender,,77,ms,firefox,,1788849522,2023-11-06 20:45:17,599.2,cfad60e16bc9ffd1123a5eb881ba42aaa60b9b18,1328100,,,,,,,,,,,,,,,,,,,,,,,,,,,,,,,,,,,,,,,,,,,,,,,,,,,,,,,,,,,,,TN,TN
autoland,4405952,13,ad8d5d1385265583919f5a224e1153902b6eef60,macosx1015-64-shippable-qr,True,False,,|b|y|t|e|c|o|d|e|-|c|a|c|h|e|d| |c|o|l|d| |f|i|s|s|i|o|n| |w|e|b|r|e|n|d|e|r|,102210fe594ee9b33d82058545b1ed14f4c8206e,PerceptualSpeedIndex,twitter,True,twitter PerceptualSpeedIndex opt bytecode-cached cold fission webrender,,77,ms,firefox,,1788950969,2023-11-07 01:37:21,609.1,05f23c29b41cfcb7bfe0b081854260fa6d04388f,1328269,,,,,,,,,,,,,,,,,,,,,,,,,,,,,,,,,,,,,,,,,,,,,,,,,,,,,,,,,,,,,TN,TN
autoland,4405952,13,ad8d5d1385265583919f5a224e1153902b6eef60,macosx1015-64-shippable-qr,True,False,,|b|y|t|e|c|o|d|e|-|c|a|c|h|e|d| |c|o|l|d| |f|i|s|s|i|o|n| |w|e|b|r|e|n|d|e|r|,102210fe594ee9b33d82058545b1ed14f4c8206e,PerceptualSpeedIndex,twitter,True,twitter PerceptualSpeedIndex opt bytecode-cached cold fission webrender,,77,ms,firefox,,1789135294,2023-11-07 05:57:42,604.4,5f6163941f402e507f0d384b9904f2a425a28d57,1328312,,,,,,,,,,,,,,,,,,,,,,,,,,,,,,,,,,,,,,,,,,,,,,,,,,,,,,,,,,,,,TN,TN
autoland,4405952,13,ad8d5d1385265583919f5a224e1153902b6eef60,macosx1015-64-shippable-qr,True,False,,|b|y|t|e|c|o|d|e|-|c|a|c|h|e|d| |c|o|l|d| |f|i|s|s|i|o|n| |w|e|b|r|e|n|d|e|r|,102210fe594ee9b33d82058545b1ed14f4c8206e,PerceptualSpeedIndex,twitter,True,twitter PerceptualSpeedIndex opt bytecode-cached cold fission webrender,,77,ms,firefox,,1789158804,2023-11-07 07:13:43,603.4,7a3978f0626b31f7d311cbc700a8ad6eef3c38a7,1328322,,,,,,,,,,,,,,,,,,,,,,,,,,,,,,,,,,,,,,,,,,,,,,,,,,,,,,,,,,,,,TN,TN
autoland,4405952,13,ad8d5d1385265583919f5a224e1153902b6eef60,macosx1015-64-shippable-qr,True,False,,|b|y|t|e|c|o|d|e|-|c|a|c|h|e|d| |c|o|l|d| |f|i|s|s|i|o|n| |w|e|b|r|e|n|d|e|r|,102210fe594ee9b33d82058545b1ed14f4c8206e,PerceptualSpeedIndex,twitter,True,twitter PerceptualSpeedIndex opt bytecode-cached cold fission webrender,,77,ms,firefox,,1789374047,2023-11-07 15:22:28,640.4,3a6678776d36c32f58fe521d73f09bbc1478cbbb,1328534,,,,,,,,,,,,,,,,,,,,,,,,,,,,,,,,,,,,,,,,,,,,,,,,,,,,,,,,,,,,,TN,TN
autoland,4405952,13,ad8d5d1385265583919f5a224e1153902b6eef60,macosx1015-64-shippable-qr,True,False,,|b|y|t|e|c|o|d|e|-|c|a|c|h|e|d| |c|o|l|d| |f|i|s|s|i|o|n| |w|e|b|r|e|n|d|e|r|,102210fe594ee9b33d82058545b1ed14f4c8206e,PerceptualSpeedIndex,twitter,True,twitter PerceptualSpeedIndex opt bytecode-cached cold fission webrender,,77,ms,firefox,,1789543823,2023-11-07 20:38:50,610.7,2f5322fade4338f844537e7e14979d023e4b7d48,1328596,,,,,,,,,,,,,,,,,,,,,,,,,,,,,,,,,,,,,,,,,,,,,,,,,,,,,,,,,,,,,TN,TN
autoland,4405952,13,ad8d5d1385265583919f5a224e1153902b6eef60,macosx1015-64-shippable-qr,True,False,,|b|y|t|e|c|o|d|e|-|c|a|c|h|e|d| |c|o|l|d| |f|i|s|s|i|o|n| |w|e|b|r|e|n|d|e|r|,102210fe594ee9b33d82058545b1ed14f4c8206e,PerceptualSpeedIndex,twitter,True,twitter PerceptualSpeedIndex opt bytecode-cached cold fission webrender,,77,ms,firefox,,1789814499,2023-11-07 20:41:36,621.6,a68dd6c75952b039fd90f5f3236f2bb2c5313d30,1328601,,,,,,,,,,,,,,,,,,,,,,,,,,,,,,,,,,,,,,,,,,,,,,,,,,,,,,,,,,,,,TN,TN
autoland,4405952,13,ad8d5d1385265583919f5a224e1153902b6eef60,macosx1015-64-shippable-qr,True,False,,|b|y|t|e|c|o|d|e|-|c|a|c|h|e|d| |c|o|l|d| |f|i|s|s|i|o|n| |w|e|b|r|e|n|d|e|r|,102210fe594ee9b33d82058545b1ed14f4c8206e,PerceptualSpeedIndex,twitter,True,twitter PerceptualSpeedIndex opt bytecode-cached cold fission webrender,,77,ms,firefox,,1789823391,2023-11-07 20:42:28,605.5,7ec4b8cb61720f01749a68ec9a3e7a9d62f9edca,1328602,,,,,,,,,,,,,,,,,,,,,,,,,,,,,,,,,,,,,,,,,,,,,,,,,,,,,,,,,,,,,TN,TN
autoland,4405952,13,ad8d5d1385265583919f5a224e1153902b6eef60,macosx1015-64-shippable-qr,True,False,,|b|y|t|e|c|o|d|e|-|c|a|c|h|e|d| |c|o|l|d| |f|i|s|s|i|o|n| |w|e|b|r|e|n|d|e|r|,102210fe594ee9b33d82058545b1ed14f4c8206e,PerceptualSpeedIndex,twitter,True,twitter PerceptualSpeedIndex opt bytecode-cached cold fission webrender,,77,ms,firefox,,1789822582,2023-11-07 20:42:28,701.7,7ec4b8cb61720f01749a68ec9a3e7a9d62f9edca,1328602,,,,,,,,,,,,,,,,,,,,,,,,,,,,,,,,,,,,,,,,,,,,,,,,,,,,,,,,,,,,,TN,TN
autoland,4405952,13,ad8d5d1385265583919f5a224e1153902b6eef60,macosx1015-64-shippable-qr,True,False,,|b|y|t|e|c|o|d|e|-|c|a|c|h|e|d| |c|o|l|d| |f|i|s|s|i|o|n| |w|e|b|r|e|n|d|e|r|,102210fe594ee9b33d82058545b1ed14f4c8206e,PerceptualSpeedIndex,twitter,True,twitter PerceptualSpeedIndex opt bytecode-cached cold fission webrender,,77,ms,firefox,,1789777516,2023-11-07 20:43:20,605.5,0cb5b12aa2dffce0f3c4119e0e4a1bdeeb5bbd31,1328605,,,,,,,,,,,,,,,,,,,,,,,,,,,,,,,,,,,,,,,,,,,,,,,,,,,,,,,,,,,,,TN,TN
autoland,4405952,13,ad8d5d1385265583919f5a224e1153902b6eef60,macosx1015-64-shippable-qr,True,False,,|b|y|t|e|c|o|d|e|-|c|a|c|h|e|d| |c|o|l|d| |f|i|s|s|i|o|n| |w|e|b|r|e|n|d|e|r|,102210fe594ee9b33d82058545b1ed14f4c8206e,PerceptualSpeedIndex,twitter,True,twitter PerceptualSpeedIndex opt bytecode-cached cold fission webrender,,77,ms,firefox,,1789683799,2023-11-07 23:09:36,704.2,146ef5c46755802d7609ece035e0115301c936bd,1328770,,,,,,,,,,,,,,,,,,,,,,,,,,,,,,,,,,,,,,,,,,,,,,,,,,,,,,,,,,,,,TN,TN
autoland,4405952,13,ad8d5d1385265583919f5a224e1153902b6eef60,macosx1015-64-shippable-qr,True,False,,|b|y|t|e|c|o|d|e|-|c|a|c|h|e|d| |c|o|l|d| |f|i|s|s|i|o|n| |w|e|b|r|e|n|d|e|r|,102210fe594ee9b33d82058545b1ed14f4c8206e,PerceptualSpeedIndex,twitter,True,twitter PerceptualSpeedIndex opt bytecode-cached cold fission webrender,,77,ms,firefox,,1790632194,2023-11-08 00:10:31,622.4,bf0c12a3c9849d9076678237eb16ad1452df16bd,1328803,,,,,,,,,,,,,,,,,,,,,,,,,,,,,,,,,,,,,,,,,,,,,,,,,,,,,,,,,,,,,TN,TN
autoland,4405952,13,ad8d5d1385265583919f5a224e1153902b6eef60,macosx1015-64-shippable-qr,True,False,,|b|y|t|e|c|o|d|e|-|c|a|c|h|e|d| |c|o|l|d| |f|i|s|s|i|o|n| |w|e|b|r|e|n|d|e|r|,102210fe594ee9b33d82058545b1ed14f4c8206e,PerceptualSpeedIndex,twitter,True,twitter PerceptualSpeedIndex opt bytecode-cached cold fission webrender,,77,ms,firefox,,1790633068,2023-11-08 00:11:37,620.4,36cd4787833aa50ad51341da086befe9ab591119,1328804,,,,,,,,,,,,,,,,,,,,,,,,,,,,,,,,,,,,,,,,,,,,,,,,,,,,,,,,,,,,,TN,TN
autoland,4405952,13,ad8d5d1385265583919f5a224e1153902b6eef60,macosx1015-64-shippable-qr,True,False,,|b|y|t|e|c|o|d|e|-|c|a|c|h|e|d| |c|o|l|d| |f|i|s|s|i|o|n| |w|e|b|r|e|n|d|e|r|,102210fe594ee9b33d82058545b1ed14f4c8206e,PerceptualSpeedIndex,twitter,True,twitter PerceptualSpeedIndex opt bytecode-cached cold fission webrender,,77,ms,firefox,,1789692183,2023-11-08 00:15:37,626.4,54f6a0fa6c5ffe3ce0a5f981a4cdedc058256898,1328812,,,,,,,,,,,,,,,,,,,,,,,,,,,,,,,,,,,,,,,,,,,,,,,,,,,,,,,,,,,,,TN,TN
autoland,4405952,13,ad8d5d1385265583919f5a224e1153902b6eef60,macosx1015-64-shippable-qr,True,False,,|b|y|t|e|c|o|d|e|-|c|a|c|h|e|d| |c|o|l|d| |f|i|s|s|i|o|n| |w|e|b|r|e|n|d|e|r|,102210fe594ee9b33d82058545b1ed14f4c8206e,PerceptualSpeedIndex,twitter,True,twitter PerceptualSpeedIndex opt bytecode-cached cold fission webrender,,77,ms,firefox,,1789845766,2023-11-08 05:24:12,596.3,68721f0d6aec0facf9c8f271ea2bb2719348014a,1328912,,,,,,,,,,,,,,,,,,,,,,,,,,,,,,,,,,,,,,,,,,,,,,,,,,,,,,,,,,,,,TN,TN
autoland,4405952,13,ad8d5d1385265583919f5a224e1153902b6eef60,macosx1015-64-shippable-qr,True,False,,|b|y|t|e|c|o|d|e|-|c|a|c|h|e|d| |c|o|l|d| |f|i|s|s|i|o|n| |w|e|b|r|e|n|d|e|r|,102210fe594ee9b33d82058545b1ed14f4c8206e,PerceptualSpeedIndex,twitter,True,twitter PerceptualSpeedIndex opt bytecode-cached cold fission webrender,,77,ms,firefox,,1789987853,2023-11-08 09:44:01,627.7,578787894d0e996af4d743caf71b5501330fb2ab,1328973,,,,,,,,,,,,,,,,,,,,,,,,,,,,,,,,,,,,,,,,,,,,,,,,,,,,,,,,,,,,,TN,TN
autoland,4405952,13,ad8d5d1385265583919f5a224e1153902b6eef60,macosx1015-64-shippable-qr,True,False,,|b|y|t|e|c|o|d|e|-|c|a|c|h|e|d| |c|o|l|d| |f|i|s|s|i|o|n| |w|e|b|r|e|n|d|e|r|,102210fe594ee9b33d82058545b1ed14f4c8206e,PerceptualSpeedIndex,twitter,True,twitter PerceptualSpeedIndex opt bytecode-cached cold fission webrender,,77,ms,firefox,,1789995172,2023-11-08 09:46:58,624.9,e65fca949600e3163fd1befd6423958e0bc70029,1328975,,,,,,,,,,,,,,,,,,,,,,,,,,,,,,,,,,,,,,,,,,,,,,,,,,,,,,,,,,,,,TN,TN
autoland,4405952,13,ad8d5d1385265583919f5a224e1153902b6eef60,macosx1015-64-shippable-qr,True,False,,|b|y|t|e|c|o|d|e|-|c|a|c|h|e|d| |c|o|l|d| |f|i|s|s|i|o|n| |w|e|b|r|e|n|d|e|r|,102210fe594ee9b33d82058545b1ed14f4c8206e,PerceptualSpeedIndex,twitter,True,twitter PerceptualSpeedIndex opt bytecode-cached cold fission webrender,,77,ms,firefox,,1790634787,2023-11-08 11:14:55,607.9,41529cdc86384f74205666f1f5b781a95de98e58,1329030,,,,,,,,,,,,,,,,,,,,,,,,,,,,,,,,,,,,,,,,,,,,,,,,,,,,,,,,,,,,,TN,TN
autoland,4405952,13,ad8d5d1385265583919f5a224e1153902b6eef60,macosx1015-64-shippable-qr,True,False,,|b|y|t|e|c|o|d|e|-|c|a|c|h|e|d| |c|o|l|d| |f|i|s|s|i|o|n| |w|e|b|r|e|n|d|e|r|,102210fe594ee9b33d82058545b1ed14f4c8206e,PerceptualSpeedIndex,twitter,True,twitter PerceptualSpeedIndex opt bytecode-cached cold fission webrender,,77,ms,firefox,,1790650244,2023-11-08 11:17:38,626.1,008d97a8a9a984bfdc4a96e3ce3340b1b4e998ce,1329031,,,,,,,,,,,,,,,,,,,,,,,,,,,,,,,,,,,,,,,,,,,,,,,,,,,,,,,,,,,,,TN,TN
autoland,4405952,13,ad8d5d1385265583919f5a224e1153902b6eef60,macosx1015-64-shippable-qr,True,False,,|b|y|t|e|c|o|d|e|-|c|a|c|h|e|d| |c|o|l|d| |f|i|s|s|i|o|n| |w|e|b|r|e|n|d|e|r|,102210fe594ee9b33d82058545b1ed14f4c8206e,PerceptualSpeedIndex,twitter,True,twitter PerceptualSpeedIndex opt bytecode-cached cold fission webrender,,77,ms,firefox,,1790092887,2023-11-08 13:41:28,606.8,ae536a17c1ffbb830141240a38f81e032b6645ea,1329115,,,,,,,,,,,,,,,,,,,,,,,,,,,,,,,,,,,,,,,,,,,,,,,,,,,,,,,,,,,,,TN,TN
autoland,4405952,13,ad8d5d1385265583919f5a224e1153902b6eef60,macosx1015-64-shippable-qr,True,False,,|b|y|t|e|c|o|d|e|-|c|a|c|h|e|d| |c|o|l|d| |f|i|s|s|i|o|n| |w|e|b|r|e|n|d|e|r|,102210fe594ee9b33d82058545b1ed14f4c8206e,PerceptualSpeedIndex,twitter,True,twitter PerceptualSpeedIndex opt bytecode-cached cold fission webrender,,77,ms,firefox,,1790188727,2023-11-08 17:45:21,605.8,f1fb5f0afb5896b5c30e6a9b1439a9c4de4a3db2,1329261,,,,,,,,,,,,,,,,,,,,,,,,,,,,,,,,,,,,,,,,,,,,,,,,,,,,,,,,,,,,,TN,TN
autoland,4405952,13,ad8d5d1385265583919f5a224e1153902b6eef60,macosx1015-64-shippable-qr,True,False,,|b|y|t|e|c|o|d|e|-|c|a|c|h|e|d| |c|o|l|d| |f|i|s|s|i|o|n| |w|e|b|r|e|n|d|e|r|,102210fe594ee9b33d82058545b1ed14f4c8206e,PerceptualSpeedIndex,twitter,True,twitter PerceptualSpeedIndex opt bytecode-cached cold fission webrender,,77,ms,firefox,,1790408059,2023-11-08 23:10:55,578.6,9b044e3ed5981e128922152098934a6691bfcd97,1329500,,,,,,,,,,,,,,,,,,,,,,,,,,,,,,,,,,,,,,,,,,,,,,,,,,,,,,,,,,,,,TN,TN
autoland,4405952,13,ad8d5d1385265583919f5a224e1153902b6eef60,macosx1015-64-shippable-qr,True,False,,|b|y|t|e|c|o|d|e|-|c|a|c|h|e|d| |c|o|l|d| |f|i|s|s|i|o|n| |w|e|b|r|e|n|d|e|r|,102210fe594ee9b33d82058545b1ed14f4c8206e,PerceptualSpeedIndex,twitter,True,twitter PerceptualSpeedIndex opt bytecode-cached cold fission webrender,,77,ms,firefox,,1790419832,2023-11-09 00:04:05,633.4,fd3f50f4dce00592f4da8f972037ced4a0c9f5be,1329532,,,,,,,,,,,,,,,,,,,,,,,,,,,,,,,,,,,,,,,,,,,,,,,,,,,,,,,,,,,,,TN,TN
autoland,4405952,13,ad8d5d1385265583919f5a224e1153902b6eef60,macosx1015-64-shippable-qr,True,False,,|b|y|t|e|c|o|d|e|-|c|a|c|h|e|d| |c|o|l|d| |f|i|s|s|i|o|n| |w|e|b|r|e|n|d|e|r|,102210fe594ee9b33d82058545b1ed14f4c8206e,PerceptualSpeedIndex,twitter,True,twitter PerceptualSpeedIndex opt bytecode-cached cold fission webrender,,77,ms,firefox,,1790598360,2023-11-09 04:14:58,613.0,975206b939dc6e4f823a1a29c703dd586e4157b9,1329628,,,,,,,,,,,,,,,,,,,,,,,,,,,,,,,,,,,,,,,,,,,,,,,,,,,,,,,,,,,,,TN,TN
autoland,4405952,13,ad8d5d1385265583919f5a224e1153902b6eef60,macosx1015-64-shippable-qr,True,False,,|b|y|t|e|c|o|d|e|-|c|a|c|h|e|d| |c|o|l|d| |f|i|s|s|i|o|n| |w|e|b|r|e|n|d|e|r|,102210fe594ee9b33d82058545b1ed14f4c8206e,PerceptualSpeedIndex,twitter,True,twitter PerceptualSpeedIndex opt bytecode-cached cold fission webrender,,77,ms,firefox,,1790752230,2023-11-09 08:18:01,599.0,d0c4fdebcd36de1f0361cb29103afbf36e498521,1329688,,,,,,,,,,,,,,,,,,,,,,,,,,,,,,,,,,,,,,,,,,,,,,,,,,,,,,,,,,,,,TN,TN
autoland,4405952,13,ad8d5d1385265583919f5a224e1153902b6eef60,macosx1015-64-shippable-qr,True,False,,|b|y|t|e|c|o|d|e|-|c|a|c|h|e|d| |c|o|l|d| |f|i|s|s|i|o|n| |w|e|b|r|e|n|d|e|r|,102210fe594ee9b33d82058545b1ed14f4c8206e,PerceptualSpeedIndex,twitter,True,twitter PerceptualSpeedIndex opt bytecode-cached cold fission webrender,,77,ms,firefox,,1790764569,2023-11-09 08:32:31,615.4,5392006086fa6f66b9c2f5919b8c65d04cf44936,1329693,,,,,,,,,,,,,,,,,,,,,,,,,,,,,,,,,,,,,,,,,,,,,,,,,,,,,,,,,,,,,TN,TN
autoland,4405952,13,ad8d5d1385265583919f5a224e1153902b6eef60,macosx1015-64-shippable-qr,True,False,,|b|y|t|e|c|o|d|e|-|c|a|c|h|e|d| |c|o|l|d| |f|i|s|s|i|o|n| |w|e|b|r|e|n|d|e|r|,102210fe594ee9b33d82058545b1ed14f4c8206e,PerceptualSpeedIndex,twitter,True,twitter PerceptualSpeedIndex opt bytecode-cached cold fission webrender,,77,ms,firefox,,1791196535,2023-11-09 12:39:55,655.2,0d25aa82c9421a1a0e1d9bf224094a9feaa083c0,1329818,,,,,,,,,,,,,,,,,,,,,,,,,,,,,,,,,,,,,,,,,,,,,,,,,,,,,,,,,,,,,TN,TN
autoland,4405952,13,ad8d5d1385265583919f5a224e1153902b6eef60,macosx1015-64-shippable-qr,True,False,,|b|y|t|e|c|o|d|e|-|c|a|c|h|e|d| |c|o|l|d| |f|i|s|s|i|o|n| |w|e|b|r|e|n|d|e|r|,102210fe594ee9b33d82058545b1ed14f4c8206e,PerceptualSpeedIndex,twitter,True,twitter PerceptualSpeedIndex opt bytecode-cached cold fission webrender,,77,ms,firefox,,1791209921,2023-11-09 13:52:13,627.3,af9d30c92582a30a1e7987079e780e59aa69ab7b,1329843,,,,,,,,,,,,,,,,,,,,,,,,,,,,,,,,,,,,,,,,,,,,,,,,,,,,,,,,,,,,,TN,TN
autoland,4405952,13,ad8d5d1385265583919f5a224e1153902b6eef60,macosx1015-64-shippable-qr,True,False,,|b|y|t|e|c|o|d|e|-|c|a|c|h|e|d| |c|o|l|d| |f|i|s|s|i|o|n| |w|e|b|r|e|n|d|e|r|,102210fe594ee9b33d82058545b1ed14f4c8206e,PerceptualSpeedIndex,twitter,True,twitter PerceptualSpeedIndex opt bytecode-cached cold fission webrender,,77,ms,firefox,,1791319694,2023-11-09 18:06:54,616.5,1eda7f37f458e81d7c275eb0a3e1959cdfdb5053,1329987,,,,,,,,,,,,,,,,,,,,,,,,,,,,,,,,,,,,,,,,,,,,,,,,,,,,,,,,,,,,,TN,TN
autoland,4405952,13,ad8d5d1385265583919f5a224e1153902b6eef60,macosx1015-64-shippable-qr,True,False,,|b|y|t|e|c|o|d|e|-|c|a|c|h|e|d| |c|o|l|d| |f|i|s|s|i|o|n| |w|e|b|r|e|n|d|e|r|,102210fe594ee9b33d82058545b1ed14f4c8206e,PerceptualSpeedIndex,twitter,True,twitter PerceptualSpeedIndex opt bytecode-cached cold fission webrender,,77,ms,firefox,,1791322764,2023-11-09 18:57:17,598.8,938e6fc607623834483a5ab95019520814f10ee8,1330029,,,,,,,,,,,,,,,,,,,,,,,,,,,,,,,,,,,,,,,,,,,,,,,,,,,,,,,,,,,,,TN,TN
autoland,4405952,13,ad8d5d1385265583919f5a224e1153902b6eef60,macosx1015-64-shippable-qr,True,False,,|b|y|t|e|c|o|d|e|-|c|a|c|h|e|d| |c|o|l|d| |f|i|s|s|i|o|n| |w|e|b|r|e|n|d|e|r|,102210fe594ee9b33d82058545b1ed14f4c8206e,PerceptualSpeedIndex,twitter,True,twitter PerceptualSpeedIndex opt bytecode-cached cold fission webrender,,77,ms,firefox,,1791396115,2023-11-09 23:53:27,604.6,d3aff5d6c69730c6f26eb54b7e24fdd203480069,1330185,,,,,,,,,,,,,,,,,,,,,,,,,,,,,,,,,,,,,,,,,,,,,,,,,,,,,,,,,,,,,TN,TN
autoland,4405952,13,ad8d5d1385265583919f5a224e1153902b6eef60,macosx1015-64-shippable-qr,True,False,,|b|y|t|e|c|o|d|e|-|c|a|c|h|e|d| |c|o|l|d| |f|i|s|s|i|o|n| |w|e|b|r|e|n|d|e|r|,102210fe594ee9b33d82058545b1ed14f4c8206e,PerceptualSpeedIndex,twitter,True,twitter PerceptualSpeedIndex opt bytecode-cached cold fission webrender,,77,ms,firefox,,1791407680,2023-11-10 00:18:00,603.9,543c915fc8c6775cd665ad6ebe58df0f46e9198c,1330200,,,,,,,,,,,,,,,,,,,,,,,,,,,,,,,,,,,,,,,,,,,,,,,,,,,,,,,,,,,,,TN,TN
autoland,4405952,13,ad8d5d1385265583919f5a224e1153902b6eef60,macosx1015-64-shippable-qr,True,False,,|b|y|t|e|c|o|d|e|-|c|a|c|h|e|d| |c|o|l|d| |f|i|s|s|i|o|n| |w|e|b|r|e|n|d|e|r|,102210fe594ee9b33d82058545b1ed14f4c8206e,PerceptualSpeedIndex,twitter,True,twitter PerceptualSpeedIndex opt bytecode-cached cold fission webrender,,77,ms,firefox,,1791575379,2023-11-10 06:00:15,591.5,5fcc529533b87c657e0dd95ea8cdd37f7cbac5c0,1330263,,,,,,,,,,,,,,,,,,,,,,,,,,,,,,,,,,,,,,,,,,,,,,,,,,,,,,,,,,,,,TN,TN
autoland,4405952,13,ad8d5d1385265583919f5a224e1153902b6eef60,macosx1015-64-shippable-qr,True,False,,|b|y|t|e|c|o|d|e|-|c|a|c|h|e|d| |c|o|l|d| |f|i|s|s|i|o|n| |w|e|b|r|e|n|d|e|r|,102210fe594ee9b33d82058545b1ed14f4c8206e,PerceptualSpeedIndex,twitter,True,twitter PerceptualSpeedIndex opt bytecode-cached cold fission webrender,,77,ms,firefox,,1791721937,2023-11-10 10:16:47,615.7,2033848fe740a46b19d19b2689365e6d5122d399,1330353,,,,,,,,,,,,,,,,,,,,,,,,,,,,,,,,,,,,,,,,,,,,,,,,,,,,,,,,,,,,,TN,TN
autoland,4405952,13,ad8d5d1385265583919f5a224e1153902b6eef60,macosx1015-64-shippable-qr,True,False,,|b|y|t|e|c|o|d|e|-|c|a|c|h|e|d| |c|o|l|d| |f|i|s|s|i|o|n| |w|e|b|r|e|n|d|e|r|,102210fe594ee9b33d82058545b1ed14f4c8206e,PerceptualSpeedIndex,twitter,True,twitter PerceptualSpeedIndex opt bytecode-cached cold fission webrender,,77,ms,firefox,,1791832328,2023-11-10 14:18:06,624.5,e2c6fa08aa82b40d8316fc19e08ea45be70e9292,1330451,,,,,,,,,,,,,,,,,,,,,,,,,,,,,,,,,,,,,,,,,,,,,,,,,,,,,,,,,,,,,TN,TN
autoland,4405952,13,ad8d5d1385265583919f5a224e1153902b6eef60,macosx1015-64-shippable-qr,True,False,,|b|y|t|e|c|o|d|e|-|c|a|c|h|e|d| |c|o|l|d| |f|i|s|s|i|o|n| |w|e|b|r|e|n|d|e|r|,102210fe594ee9b33d82058545b1ed14f4c8206e,PerceptualSpeedIndex,twitter,True,twitter PerceptualSpeedIndex opt bytecode-cached cold fission webrender,,77,ms,firefox,,1792239102,2023-11-10 14:36:50,716.0,5333a7b4673f82c2a84b3bf4e2547ca4b7f058f1,1330458,,,,,,,,,,,,,,,,,,,,,,,,,,,,,,,,,,,,,,,,,,,,,,,,,,,,,,,,,,,,,TN,TN
autoland,4405952,13,ad8d5d1385265583919f5a224e1153902b6eef60,macosx1015-64-shippable-qr,True,False,,|b|y|t|e|c|o|d|e|-|c|a|c|h|e|d| |c|o|l|d| |f|i|s|s|i|o|n| |w|e|b|r|e|n|d|e|r|,102210fe594ee9b33d82058545b1ed14f4c8206e,PerceptualSpeedIndex,twitter,True,twitter PerceptualSpeedIndex opt bytecode-cached cold fission webrender,,77,ms,firefox,,1792240406,2023-11-10 14:39:32,606.3,b2f6c4b727ceb6bc9b6101de6557ff283ca94816,1330462,,,,,,,,,,,,,,,,,,,,,,,,,,,,,,,,,,,,,,,,,,,,,,,,,,,,,,,,,,,,,TN,TN
autoland,4405952,13,ad8d5d1385265583919f5a224e1153902b6eef60,macosx1015-64-shippable-qr,True,False,,|b|y|t|e|c|o|d|e|-|c|a|c|h|e|d| |c|o|l|d| |f|i|s|s|i|o|n| |w|e|b|r|e|n|d|e|r|,102210fe594ee9b33d82058545b1ed14f4c8206e,PerceptualSpeedIndex,twitter,True,twitter PerceptualSpeedIndex opt bytecode-cached cold fission webrender,,77,ms,firefox,,1791842312,2023-11-10 14:48:51,721.5,f90b853d9b0b112db86ff41fcce843afb13939ce,1330467,,,,,,,,,,,,,,,,,,,,,,,,,,,,,,,,,,,,,,,,,,,,,,,,,,,,,,,,,,,,,TN,TN
autoland,4405952,13,ad8d5d1385265583919f5a224e1153902b6eef60,macosx1015-64-shippable-qr,True,False,,|b|y|t|e|c|o|d|e|-|c|a|c|h|e|d| |c|o|l|d| |f|i|s|s|i|o|n| |w|e|b|r|e|n|d|e|r|,102210fe594ee9b33d82058545b1ed14f4c8206e,PerceptualSpeedIndex,twitter,True,twitter PerceptualSpeedIndex opt bytecode-cached cold fission webrender,,77,ms,firefox,,1792127984,2023-11-10 23:46:31,644.1,740891aba7f0d05a95960669bd6efe7b25177226,1330635,,,,,,,,,,,,,,,,,,,,,,,,,,,,,,,,,,,,,,,,,,,,,,,,,,,,,,,,,,,,,TN,TN
autoland,4405952,13,ad8d5d1385265583919f5a224e1153902b6eef60,macosx1015-64-shippable-qr,True,False,,|b|y|t|e|c|o|d|e|-|c|a|c|h|e|d| |c|o|l|d| |f|i|s|s|i|o|n| |w|e|b|r|e|n|d|e|r|,102210fe594ee9b33d82058545b1ed14f4c8206e,PerceptualSpeedIndex,twitter,True,twitter PerceptualSpeedIndex opt bytecode-cached cold fission webrender,,77,ms,firefox,,1792287348,2023-11-11 06:55:04,602.1,94bbd4bd056a20549029ecbc07c9a4b5da968789,1330673,,,,,,,,,,,,,,,,,,,,,,,,,,,,,,,,,,,,,,,,,,,,,,,,,,,,,,,,,,,,,TN,TN
autoland,4405952,13,ad8d5d1385265583919f5a224e1153902b6eef60,macosx1015-64-shippable-qr,True,False,,|b|y|t|e|c|o|d|e|-|c|a|c|h|e|d| |c|o|l|d| |f|i|s|s|i|o|n| |w|e|b|r|e|n|d|e|r|,102210fe594ee9b33d82058545b1ed14f4c8206e,PerceptualSpeedIndex,twitter,True,twitter PerceptualSpeedIndex opt bytecode-cached cold fission webrender,,77,ms,firefox,,1792330730,2023-11-11 08:27:10,611.1,29fb30143955ee92cd789fd467326c47f82f7968,1330680,,,,,,,,,,,,,,,,,,,,,,,,,,,,,,,,,,,,,,,,,,,,,,,,,,,,,,,,,,,,,TN,TN
autoland,4405952,13,ad8d5d1385265583919f5a224e1153902b6eef60,macosx1015-64-shippable-qr,True,False,,|b|y|t|e|c|o|d|e|-|c|a|c|h|e|d| |c|o|l|d| |f|i|s|s|i|o|n| |w|e|b|r|e|n|d|e|r|,102210fe594ee9b33d82058545b1ed14f4c8206e,PerceptualSpeedIndex,twitter,True,twitter PerceptualSpeedIndex opt bytecode-cached cold fission webrender,,77,ms,firefox,,1792459265,2023-11-11 12:34:55,594.7,81243364a707b159122b0c5ee8e682567162117c,1330712,,,,,,,,,,,,,,,,,,,,,,,,,,,,,,,,,,,,,,,,,,,,,,,,,,,,,,,,,,,,,TN,TN
autoland,4405952,13,ad8d5d1385265583919f5a224e1153902b6eef60,macosx1015-64-shippable-qr,True,False,,|b|y|t|e|c|o|d|e|-|c|a|c|h|e|d| |c|o|l|d| |f|i|s|s|i|o|n| |w|e|b|r|e|n|d|e|r|,102210fe594ee9b33d82058545b1ed14f4c8206e,PerceptualSpeedIndex,twitter,True,twitter PerceptualSpeedIndex opt bytecode-cached cold fission webrender,,77,ms,firefox,,1792716054,2023-11-11 23:06:06,622.8,3c8320ef59532128e1a7589968f497f0efcabbaf,1330750,,,,,,,,,,,,,,,,,,,,,,,,,,,,,,,,,,,,,,,,,,,,,,,,,,,,,,,,,,,,,TN,TN
autoland,4405952,13,ad8d5d1385265583919f5a224e1153902b6eef60,macosx1015-64-shippable-qr,True,False,,|b|y|t|e|c|o|d|e|-|c|a|c|h|e|d| |c|o|l|d| |f|i|s|s|i|o|n| |w|e|b|r|e|n|d|e|r|,102210fe594ee9b33d82058545b1ed14f4c8206e,PerceptualSpeedIndex,twitter,True,twitter PerceptualSpeedIndex opt bytecode-cached cold fission webrender,,77,ms,firefox,,1792786325,2023-11-12 05:45:19,613.1,43bee97ffb8cfcea7412fb86386ea2cb2a1b9b49,1330766,,,,,,,,,,,,,,,,,,,,,,,,,,,,,,,,,,,,,,,,,,,,,,,,,,,,,,,,,,,,,TN,TN
autoland,4405952,13,ad8d5d1385265583919f5a224e1153902b6eef60,macosx1015-64-shippable-qr,True,False,,|b|y|t|e|c|o|d|e|-|c|a|c|h|e|d| |c|o|l|d| |f|i|s|s|i|o|n| |w|e|b|r|e|n|d|e|r|,102210fe594ee9b33d82058545b1ed14f4c8206e,PerceptualSpeedIndex,twitter,True,twitter PerceptualSpeedIndex opt bytecode-cached cold fission webrender,,77,ms,firefox,,1793073117,2023-11-13 00:59:12,621.2,211dc86c8f534a950af69434fa996976b566a6a0,1330865,,,,,,,,,,,,,,,,,,,,,,,,,,,,,,,,,,,,,,,,,,,,,,,,,,,,,,,,,,,,,TN,TN
autoland,4405952,13,ad8d5d1385265583919f5a224e1153902b6eef60,macosx1015-64-shippable-qr,True,False,,|b|y|t|e|c|o|d|e|-|c|a|c|h|e|d| |c|o|l|d| |f|i|s|s|i|o|n| |w|e|b|r|e|n|d|e|r|,102210fe594ee9b33d82058545b1ed14f4c8206e,PerceptualSpeedIndex,twitter,True,twitter PerceptualSpeedIndex opt bytecode-cached cold fission webrender,,77,ms,firefox,,1793205124,2023-11-13 10:08:58,609.9,25308a5c7e551cda7c3cfd77836eff8610462eae,1330949,,,,,,,,,,,,,,,,,,,,,,,,,,,,,,,,,,,,,,,,,,,,,,,,,,,,,,,,,,,,,TN,TN
autoland,4405952,13,ad8d5d1385265583919f5a224e1153902b6eef60,macosx1015-64-shippable-qr,True,False,,|b|y|t|e|c|o|d|e|-|c|a|c|h|e|d| |c|o|l|d| |f|i|s|s|i|o|n| |w|e|b|r|e|n|d|e|r|,102210fe594ee9b33d82058545b1ed14f4c8206e,PerceptualSpeedIndex,twitter,True,twitter PerceptualSpeedIndex opt bytecode-cached cold fission webrender,,77,ms,firefox,,1793814041,2023-11-13 13:46:12,596.8,076ac3911ce97e80547b7576a608d0faf34afa0b,1331038,,,,,,,,,,,,,,,,,,,,,,,,,,,,,,,,,,,,,,,,,,,,,,,,,,,,,,,,,,,,,TN,TN
autoland,4405952,13,ad8d5d1385265583919f5a224e1153902b6eef60,macosx1015-64-shippable-qr,True,False,,|b|y|t|e|c|o|d|e|-|c|a|c|h|e|d| |c|o|l|d| |f|i|s|s|i|o|n| |w|e|b|r|e|n|d|e|r|,102210fe594ee9b33d82058545b1ed14f4c8206e,PerceptualSpeedIndex,twitter,True,twitter PerceptualSpeedIndex opt bytecode-cached cold fission webrender,,77,ms,firefox,,1793806549,2023-11-13 13:55:57,598.4,3344f9adce95adb868093dd5732c536e6d291805,1331044,,,,,,,,,,,,,,,,,,,,,,,,,,,,,,,,,,,,,,,,,,,,,,,,,,,,,,,,,,,,,TN,TN
autoland,4405952,13,ad8d5d1385265583919f5a224e1153902b6eef60,macosx1015-64-shippable-qr,True,False,,|b|y|t|e|c|o|d|e|-|c|a|c|h|e|d| |c|o|l|d| |f|i|s|s|i|o|n| |w|e|b|r|e|n|d|e|r|,102210fe594ee9b33d82058545b1ed14f4c8206e,PerceptualSpeedIndex,twitter,True,twitter PerceptualSpeedIndex opt bytecode-cached cold fission webrender,,77,ms,firefox,,1793809678,2023-11-13 14:06:51,724.2,69230ff99fdf9f440bef8c61123bce26e14c86b0,1331048,,,,,,,,,,,,,,,,,,,,,,,,,,,,,,,,,,,,,,,,,,,,,,,,,,,,,,,,,,,,,TN,TN
autoland,4405952,13,ad8d5d1385265583919f5a224e1153902b6eef60,macosx1015-64-shippable-qr,True,False,,|b|y|t|e|c|o|d|e|-|c|a|c|h|e|d| |c|o|l|d| |f|i|s|s|i|o|n| |w|e|b|r|e|n|d|e|r|,102210fe594ee9b33d82058545b1ed14f4c8206e,PerceptualSpeedIndex,twitter,True,twitter PerceptualSpeedIndex opt bytecode-cached cold fission webrender,,77,ms,firefox,,1793448856,2023-11-13 14:09:58,611.1,54d191b31d03235c75592d07a8c538749933a18f,1331049,,,,,,,,,,,,,,,,,,,,,,,,,,,,,,,,,,,,,,,,,,,,,,,,,,,,,,,,,,,,,TN,TN
autoland,4405952,13,ad8d5d1385265583919f5a224e1153902b6eef60,macosx1015-64-shippable-qr,True,False,,|b|y|t|e|c|o|d|e|-|c|a|c|h|e|d| |c|o|l|d| |f|i|s|s|i|o|n| |w|e|b|r|e|n|d|e|r|,102210fe594ee9b33d82058545b1ed14f4c8206e,PerceptualSpeedIndex,twitter,True,twitter PerceptualSpeedIndex opt bytecode-cached cold fission webrender,,77,ms,firefox,,1793464216,2023-11-13 15:01:04,641.0,70f361f21a24a6e9fc53cb014e28172d360fa851,1331086,,,,,,,,,,,,,,,,,,,,,,,,,,,,,,,,,,,,,,,,,,,,,,,,,,,,,,,,,,,,,TN,TN
autoland,4405952,13,ad8d5d1385265583919f5a224e1153902b6eef60,macosx1015-64-shippable-qr,True,False,,|b|y|t|e|c|o|d|e|-|c|a|c|h|e|d| |c|o|l|d| |f|i|s|s|i|o|n| |w|e|b|r|e|n|d|e|r|,102210fe594ee9b33d82058545b1ed14f4c8206e,PerceptualSpeedIndex,twitter,True,twitter PerceptualSpeedIndex opt bytecode-cached cold fission webrender,,77,ms,firefox,,1793538433,2023-11-13 18:41:52,607.2,9850dc0fc0707517b3a304d673f219842e499cac,1331218,,,,,,,,,,,,,,,,,,,,,,,,,,,,,,,,,,,,,,,,,,,,,,,,,,,,,,,,,,,,,TN,TN
autoland,4405952,13,ad8d5d1385265583919f5a224e1153902b6eef60,macosx1015-64-shippable-qr,True,False,,|b|y|t|e|c|o|d|e|-|c|a|c|h|e|d| |c|o|l|d| |f|i|s|s|i|o|n| |w|e|b|r|e|n|d|e|r|,102210fe594ee9b33d82058545b1ed14f4c8206e,PerceptualSpeedIndex,twitter,True,twitter PerceptualSpeedIndex opt bytecode-cached cold fission webrender,,77,ms,firefox,,1793679799,2023-11-13 22:35:59,639.4,9d523f46c7d8642d6601894c5166ddcd17b6388a,1331378,,,,,,,,,,,,,,,,,,,,,,,,,,,,,,,,,,,,,,,,,,,,,,,,,,,,,,,,,,,,,TN,TN
autoland,4405952,13,ad8d5d1385265583919f5a224e1153902b6eef60,macosx1015-64-shippable-qr,True,False,,|b|y|t|e|c|o|d|e|-|c|a|c|h|e|d| |c|o|l|d| |f|i|s|s|i|o|n| |w|e|b|r|e|n|d|e|r|,102210fe594ee9b33d82058545b1ed14f4c8206e,PerceptualSpeedIndex,twitter,True,twitter PerceptualSpeedIndex opt bytecode-cached cold fission webrender,,77,ms,firefox,,1793785202,2023-11-14 03:20:13,620.7,2628fd55e661366941f56769829687c53da4669b,1331480,,,,,,,,,,,,,,,,,,,,,,,,,,,,,,,,,,,,,,,,,,,,,,,,,,,,,,,,,,,,,TN,TN
autoland,4405952,13,ad8d5d1385265583919f5a224e1153902b6eef60,macosx1015-64-shippable-qr,True,False,,|b|y|t|e|c|o|d|e|-|c|a|c|h|e|d| |c|o|l|d| |f|i|s|s|i|o|n| |w|e|b|r|e|n|d|e|r|,102210fe594ee9b33d82058545b1ed14f4c8206e,PerceptualSpeedIndex,twitter,True,twitter PerceptualSpeedIndex opt bytecode-cached cold fission webrender,,77,ms,firefox,,1793827310,2023-11-14 06:06:45,640.5,acdcddac0b907d2e59d6d0fa1f96fff98453093a,1331509,,,,,,,,,,,,,,,,,,,,,,,,,,,,,,,,,,,,,,,,,,,,,,,,,,,,,,,,,,,,,TN,TN
autoland,4405952,13,ad8d5d1385265583919f5a224e1153902b6eef60,macosx1015-64-shippable-qr,True,False,,|b|y|t|e|c|o|d|e|-|c|a|c|h|e|d| |c|o|l|d| |f|i|s|s|i|o|n| |w|e|b|r|e|n|d|e|r|,102210fe594ee9b33d82058545b1ed14f4c8206e,PerceptualSpeedIndex,twitter,True,twitter PerceptualSpeedIndex opt bytecode-cached cold fission webrender,,77,ms,firefox,,1794122141,2023-11-14 15:09:42,601.5,cb79861638fa94cb8c4df5b5e303dc4bd22f762c,1331752,,,,,,,,,,,,,,,,,,,,,,,,,,,,,,,,,,,,,,,,,,,,,,,,,,,,,,,,,,,,,TN,TN
autoland,4405952,13,ad8d5d1385265583919f5a224e1153902b6eef60,macosx1015-64-shippable-qr,True,False,,|b|y|t|e|c|o|d|e|-|c|a|c|h|e|d| |c|o|l|d| |f|i|s|s|i|o|n| |w|e|b|r|e|n|d|e|r|,102210fe594ee9b33d82058545b1ed14f4c8206e,PerceptualSpeedIndex,twitter,True,twitter PerceptualSpeedIndex opt bytecode-cached cold fission webrender,,77,ms,firefox,,1794103491,2023-11-14 15:18:46,655.1,1d700517893b09ca1438b9111ea148a71e7398ae,1331762,,,,,,,,,,,,,,,,,,,,,,,,,,,,,,,,,,,,,,,,,,,,,,,,,,,,,,,,,,,,,TN,TN
autoland,4405952,13,ad8d5d1385265583919f5a224e1153902b6eef60,macosx1015-64-shippable-qr,True,False,,|b|y|t|e|c|o|d|e|-|c|a|c|h|e|d| |c|o|l|d| |f|i|s|s|i|o|n| |w|e|b|r|e|n|d|e|r|,102210fe594ee9b33d82058545b1ed14f4c8206e,PerceptualSpeedIndex,twitter,True,twitter PerceptualSpeedIndex opt bytecode-cached cold fission webrender,,77,ms,firefox,,1794220959,2023-11-14 18:32:45,593.3,cee24679e2a2e085bdefdbd66106fa1a805db56d,1331906,,,,,,,,,,,,,,,,,,,,,,,,,,,,,,,,,,,,,,,,,,,,,,,,,,,,,,,,,,,,,TN,TN
autoland,4405952,13,ad8d5d1385265583919f5a224e1153902b6eef60,macosx1015-64-shippable-qr,True,False,,|b|y|t|e|c|o|d|e|-|c|a|c|h|e|d| |c|o|l|d| |f|i|s|s|i|o|n| |w|e|b|r|e|n|d|e|r|,102210fe594ee9b33d82058545b1ed14f4c8206e,PerceptualSpeedIndex,twitter,True,twitter PerceptualSpeedIndex opt bytecode-cached cold fission webrender,,77,ms,firefox,,1794321612,2023-11-14 20:17:49,594.3,45f7ef4749636f24bbab519e5d4e3851950ccacc,1331971,,,,,,,,,,,,,,,,,,,,,,,,,,,,,,,,,,,,,,,,,,,,,,,,,,,,,,,,,,,,,TN,TN
autoland,4405952,13,ad8d5d1385265583919f5a224e1153902b6eef60,macosx1015-64-shippable-qr,True,False,,|b|y|t|e|c|o|d|e|-|c|a|c|h|e|d| |c|o|l|d| |f|i|s|s|i|o|n| |w|e|b|r|e|n|d|e|r|,102210fe594ee9b33d82058545b1ed14f4c8206e,PerceptualSpeedIndex,twitter,True,twitter PerceptualSpeedIndex opt bytecode-cached cold fission webrender,,77,ms,firefox,,1794512945,2023-11-15 01:57:11,705.8,0083ca2f4709e599083520545d538d1ee1b8356d,1332132,,,,,,,,,,,,,,,,,,,,,,,,,,,,,,,,,,,,,,,,,,,,,,,,,,,,,,,,,,,,,TN,TN
autoland,4405952,13,ad8d5d1385265583919f5a224e1153902b6eef60,macosx1015-64-shippable-qr,True,False,,|b|y|t|e|c|o|d|e|-|c|a|c|h|e|d| |c|o|l|d| |f|i|s|s|i|o|n| |w|e|b|r|e|n|d|e|r|,102210fe594ee9b33d82058545b1ed14f4c8206e,PerceptualSpeedIndex,twitter,True,twitter PerceptualSpeedIndex opt bytecode-cached cold fission webrender,,77,ms,firefox,,1794518572,2023-11-15 03:02:01,595.4,d9f2158d4d442a658bb2029948eeebd438457667,1332148,,,,,,,,,,,,,,,,,,,,,,,,,,,,,,,,,,,,,,,,,,,,,,,,,,,,,,,,,,,,,TN,TN
autoland,4405952,13,ad8d5d1385265583919f5a224e1153902b6eef60,macosx1015-64-shippable-qr,True,False,,|b|y|t|e|c|o|d|e|-|c|a|c|h|e|d| |c|o|l|d| |f|i|s|s|i|o|n| |w|e|b|r|e|n|d|e|r|,102210fe594ee9b33d82058545b1ed14f4c8206e,PerceptualSpeedIndex,twitter,True,twitter PerceptualSpeedIndex opt bytecode-cached cold fission webrender,,77,ms,firefox,,1794603266,2023-11-15 07:02:46,608.4,d12a09b7c773efc37f5d0e37cc52339e25f07b6c,1332195,,,,,,,,,,,,,,,,,,,,,,,,,,,,,,,,,,,,,,,,,,,,,,,,,,,,,,,,,,,,,TN,TN
autoland,4405952,13,ad8d5d1385265583919f5a224e1153902b6eef60,macosx1015-64-shippable-qr,True,False,,|b|y|t|e|c|o|d|e|-|c|a|c|h|e|d| |c|o|l|d| |f|i|s|s|i|o|n| |w|e|b|r|e|n|d|e|r|,102210fe594ee9b33d82058545b1ed14f4c8206e,PerceptualSpeedIndex,twitter,True,twitter PerceptualSpeedIndex opt bytecode-cached cold fission webrender,,77,ms,firefox,,1794709275,2023-11-15 12:47:49,595.0,571c293cedd28db6ac86fd553e2810f40e382e80,1332324,,,,,,,,,,,,,,,,,,,,,,,,,,,,,,,,,,,,,,,,,,,,,,,,,,,,,,,,,,,,,TN,TN
autoland,4405952,13,ad8d5d1385265583919f5a224e1153902b6eef60,macosx1015-64-shippable-qr,True,False,,|b|y|t|e|c|o|d|e|-|c|a|c|h|e|d| |c|o|l|d| |f|i|s|s|i|o|n| |w|e|b|r|e|n|d|e|r|,102210fe594ee9b33d82058545b1ed14f4c8206e,PerceptualSpeedIndex,twitter,True,twitter PerceptualSpeedIndex opt bytecode-cached cold fission webrender,,77,ms,firefox,,1794855222,2023-11-15 15:33:52,594.0,58fc056d56521455bb36e7bd4fcce81222093c75,1332438,,,,,,,,,,,,,,,,,,,,,,,,,,,,,,,,,,,,,,,,,,,,,,,,,,,,,,,,,,,,,TN,TN
autoland,4405952,13,ad8d5d1385265583919f5a224e1153902b6eef60,macosx1015-64-shippable-qr,True,False,,|b|y|t|e|c|o|d|e|-|c|a|c|h|e|d| |c|o|l|d| |f|i|s|s|i|o|n| |w|e|b|r|e|n|d|e|r|,102210fe594ee9b33d82058545b1ed14f4c8206e,PerceptualSpeedIndex,twitter,True,twitter PerceptualSpeedIndex opt bytecode-cached cold fission webrender,,77,ms,firefox,,1795182915,2023-11-15 16:29:36,624.8,497808953269f774584b606c234a60b31c92f137,1332499,,,,,,,,,,,,,,,,,,,,,,,,,,,,,,,,,,,,,,,,,,,,,,,,,,,,,,,,,,,,,TN,TN
autoland,4405952,13,ad8d5d1385265583919f5a224e1153902b6eef60,macosx1015-64-shippable-qr,True,False,,|b|y|t|e|c|o|d|e|-|c|a|c|h|e|d| |c|o|l|d| |f|i|s|s|i|o|n| |w|e|b|r|e|n|d|e|r|,102210fe594ee9b33d82058545b1ed14f4c8206e,PerceptualSpeedIndex,twitter,True,twitter PerceptualSpeedIndex opt bytecode-cached cold fission webrender,,77,ms,firefox,,1795179994,2023-11-15 16:34:55,601.6,aa00d6d7589c4174ecfcf5332944aa8a8ee720c3,1332507,,,,,,,,,,,,,,,,,,,,,,,,,,,,,,,,,,,,,,,,,,,,,,,,,,,,,,,,,,,,,TN,TN
autoland,4405952,13,ad8d5d1385265583919f5a224e1153902b6eef60,macosx1015-64-shippable-qr,True,False,,|b|y|t|e|c|o|d|e|-|c|a|c|h|e|d| |c|o|l|d| |f|i|s|s|i|o|n| |w|e|b|r|e|n|d|e|r|,102210fe594ee9b33d82058545b1ed14f4c8206e,PerceptualSpeedIndex,twitter,True,twitter PerceptualSpeedIndex opt bytecode-cached cold fission webrender,,77,ms,firefox,,1795098650,2023-11-15 16:43:35,605.5,a70ee84d8943b9a1eaaf0fb3a0df60a1595f5782,1332515,,,,,,,,,,,,,,,,,,,,,,,,,,,,,,,,,,,,,,,,,,,,,,,,,,,,,,,,,,,,,TN,TN
autoland,4405952,13,ad8d5d1385265583919f5a224e1153902b6eef60,macosx1015-64-shippable-qr,True,False,,|b|y|t|e|c|o|d|e|-|c|a|c|h|e|d| |c|o|l|d| |f|i|s|s|i|o|n| |w|e|b|r|e|n|d|e|r|,102210fe594ee9b33d82058545b1ed14f4c8206e,PerceptualSpeedIndex,twitter,True,twitter PerceptualSpeedIndex opt bytecode-cached cold fission webrender,,77,ms,firefox,,1795137937,2023-11-15 23:08:22,689.8,eb78feb610e5d895bd63b81693cde56dd08d82df,1332792,,,,,,,,,,,,,,,,,,,,,,,,,,,,,,,,,,,,,,,,,,,,,,,,,,,,,,,,,,,,,TN,TN
autoland,4405952,13,ad8d5d1385265583919f5a224e1153902b6eef60,macosx1015-64-shippable-qr,True,False,,|b|y|t|e|c|o|d|e|-|c|a|c|h|e|d| |c|o|l|d| |f|i|s|s|i|o|n| |w|e|b|r|e|n|d|e|r|,102210fe594ee9b33d82058545b1ed14f4c8206e,PerceptualSpeedIndex,twitter,True,twitter PerceptualSpeedIndex opt bytecode-cached cold fission webrender,,77,ms,firefox,,1795412409,2023-11-16 09:33:00,600.1,ffd7ebdedeacec6717a3e8904121052ebbe61fe6,1332997,,,,,,,,,,,,,,,,,,,,,,,,,,,,,,,,,,,,,,,,,,,,,,,,,,,,,,,,,,,,,TN,TN
autoland,4405952,13,ad8d5d1385265583919f5a224e1153902b6eef60,macosx1015-64-shippable-qr,True,False,,|b|y|t|e|c|o|d|e|-|c|a|c|h|e|d| |c|o|l|d| |f|i|s|s|i|o|n| |w|e|b|r|e|n|d|e|r|,102210fe594ee9b33d82058545b1ed14f4c8206e,PerceptualSpeedIndex,twitter,True,twitter PerceptualSpeedIndex opt bytecode-cached cold fission webrender,,77,ms,firefox,,1795481698,2023-11-16 13:34:03,604.1,71ef91d3bf98c6475cfe762c0152d5b31588182c,1333089,,,,,,,,,,,,,,,,,,,,,,,,,,,,,,,,,,,,,,,,,,,,,,,,,,,,,,,,,,,,,TN,TN
autoland,4405952,13,ad8d5d1385265583919f5a224e1153902b6eef60,macosx1015-64-shippable-qr,True,False,,|b|y|t|e|c|o|d|e|-|c|a|c|h|e|d| |c|o|l|d| |f|i|s|s|i|o|n| |w|e|b|r|e|n|d|e|r|,102210fe594ee9b33d82058545b1ed14f4c8206e,PerceptualSpeedIndex,twitter,True,twitter PerceptualSpeedIndex opt bytecode-cached cold fission webrender,,77,ms,firefox,,1795486913,2023-11-16 15:30:11,609.5,5dba86b1842a5256c2845d69a7cebd605267d535,1333183,,,,,,,,,,,,,,,,,,,,,,,,,,,,,,,,,,,,,,,,,,,,,,,,,,,,,,,,,,,,,TN,TN
autoland,4405952,13,ad8d5d1385265583919f5a224e1153902b6eef60,macosx1015-64-shippable-qr,True,False,,|b|y|t|e|c|o|d|e|-|c|a|c|h|e|d| |c|o|l|d| |f|i|s|s|i|o|n| |w|e|b|r|e|n|d|e|r|,102210fe594ee9b33d82058545b1ed14f4c8206e,PerceptualSpeedIndex,twitter,True,twitter PerceptualSpeedIndex opt bytecode-cached cold fission webrender,,77,ms,firefox,,1795562100,2023-11-16 20:27:49,630.6,53b2405c0e70ae3283dbbba0d568665110f0db23,1333335,,,,,,,,,,,,,,,,,,,,,,,,,,,,,,,,,,,,,,,,,,,,,,,,,,,,,,,,,,,,,TN,TN
autoland,4405952,13,ad8d5d1385265583919f5a224e1153902b6eef60,macosx1015-64-shippable-qr,True,False,,|b|y|t|e|c|o|d|e|-|c|a|c|h|e|d| |c|o|l|d| |f|i|s|s|i|o|n| |w|e|b|r|e|n|d|e|r|,102210fe594ee9b33d82058545b1ed14f4c8206e,PerceptualSpeedIndex,twitter,True,twitter PerceptualSpeedIndex opt bytecode-cached cold fission webrender,,77,ms,firefox,,1795609904,2023-11-16 23:04:46,601.7,3b45d04f6865b297c8b2548a2c24424c5e9467e9,1333418,,,,,,,,,,,,,,,,,,,,,,,,,,,,,,,,,,,,,,,,,,,,,,,,,,,,,,,,,,,,,TN,TN
autoland,4405952,13,ad8d5d1385265583919f5a224e1153902b6eef60,macosx1015-64-shippable-qr,True,False,,|b|y|t|e|c|o|d|e|-|c|a|c|h|e|d| |c|o|l|d| |f|i|s|s|i|o|n| |w|e|b|r|e|n|d|e|r|,102210fe594ee9b33d82058545b1ed14f4c8206e,PerceptualSpeedIndex,twitter,True,twitter PerceptualSpeedIndex opt bytecode-cached cold fission webrender,,77,ms,firefox,,1795787122,2023-11-17 06:40:14,616.0,8a71397fb808df79e78f3023bf95b46f7cc2d2a4,1333538,,,,,,,,,,,,,,,,,,,,,,,,,,,,,,,,,,,,,,,,,,,,,,,,,,,,,,,,,,,,,TN,TN
autoland,4405952,13,ad8d5d1385265583919f5a224e1153902b6eef60,macosx1015-64-shippable-qr,True,False,,|b|y|t|e|c|o|d|e|-|c|a|c|h|e|d| |c|o|l|d| |f|i|s|s|i|o|n| |w|e|b|r|e|n|d|e|r|,102210fe594ee9b33d82058545b1ed14f4c8206e,PerceptualSpeedIndex,twitter,True,twitter PerceptualSpeedIndex opt bytecode-cached cold fission webrender,,77,ms,firefox,,1795903071,2023-11-17 10:54:07,599.0,ff5810792fa57d1b0a1076b4c90b3a83ac0242ca,1333644,,,,,,,,,,,,,,,,,,,,,,,,,,,,,,,,,,,,,,,,,,,,,,,,,,,,,,,,,,,,,TN,TN
autoland,4405952,13,ad8d5d1385265583919f5a224e1153902b6eef60,macosx1015-64-shippable-qr,True,False,,|b|y|t|e|c|o|d|e|-|c|a|c|h|e|d| |c|o|l|d| |f|i|s|s|i|o|n| |w|e|b|r|e|n|d|e|r|,102210fe594ee9b33d82058545b1ed14f4c8206e,PerceptualSpeedIndex,twitter,True,twitter PerceptualSpeedIndex opt bytecode-cached cold fission webrender,,77,ms,firefox,,1796079014,2023-11-17 15:35:00,613.3,f3b46286b5bad609725e65f541d6609a1bafcbce,1333770,,,,,,,,,,,,,,,,,,,,,,,,,,,,,,,,,,,,,,,,,,,,,,,,,,,,,,,,,,,,,TN,TN
autoland,4405952,13,ad8d5d1385265583919f5a224e1153902b6eef60,macosx1015-64-shippable-qr,True,False,,|b|y|t|e|c|o|d|e|-|c|a|c|h|e|d| |c|o|l|d| |f|i|s|s|i|o|n| |w|e|b|r|e|n|d|e|r|,102210fe594ee9b33d82058545b1ed14f4c8206e,PerceptualSpeedIndex,twitter,True,twitter PerceptualSpeedIndex opt bytecode-cached cold fission webrender,,77,ms,firefox,,1796209434,2023-11-17 21:05:40,600.4,b3bec7a68bb8ccbb4c637b64bec4dc0c806fecb3,1334007,,,,,,,,,,,,,,,,,,,,,,,,,,,,,,,,,,,,,,,,,,,,,,,,,,,,,,,,,,,,,TN,TN
autoland,4405952,13,ad8d5d1385265583919f5a224e1153902b6eef60,macosx1015-64-shippable-qr,True,False,,|b|y|t|e|c|o|d|e|-|c|a|c|h|e|d| |c|o|l|d| |f|i|s|s|i|o|n| |w|e|b|r|e|n|d|e|r|,102210fe594ee9b33d82058545b1ed14f4c8206e,PerceptualSpeedIndex,twitter,True,twitter PerceptualSpeedIndex opt bytecode-cached cold fission webrender,,77,ms,firefox,,1796267448,2023-11-18 01:23:43,598.0,391181d97b6bb5b53fe8a1186c8a1a85971812de,1334085,,,,,,,,,,,,,,,,,,,,,,,,,,,,,,,,,,,,,,,,,,,,,,,,,,,,,,,,,,,,,TN,TN
autoland,4405952,13,ad8d5d1385265583919f5a224e1153902b6eef60,macosx1015-64-shippable-qr,True,False,,|b|y|t|e|c|o|d|e|-|c|a|c|h|e|d| |c|o|l|d| |f|i|s|s|i|o|n| |w|e|b|r|e|n|d|e|r|,102210fe594ee9b33d82058545b1ed14f4c8206e,PerceptualSpeedIndex,twitter,True,twitter PerceptualSpeedIndex opt bytecode-cached cold fission webrender,,77,ms,firefox,,1796439327,2023-11-18 14:15:26,717.4,2cf1b902ea75e1237bbd69eaf02c889bc2924d10,1334153,,,,,,,,,,,,,,,,,,,,,,,,,,,,,,,,,,,,,,,,,,,,,,,,,,,,,,,,,,,,,TN,TN
autoland,4405952,13,ad8d5d1385265583919f5a224e1153902b6eef60,macosx1015-64-shippable-qr,True,False,,|b|y|t|e|c|o|d|e|-|c|a|c|h|e|d| |c|o|l|d| |f|i|s|s|i|o|n| |w|e|b|r|e|n|d|e|r|,102210fe594ee9b33d82058545b1ed14f4c8206e,PerceptualSpeedIndex,twitter,True,twitter PerceptualSpeedIndex opt bytecode-cached cold fission webrender,,77,ms,firefox,,1796555937,2023-11-19 06:03:16,609.0,98917be406eeca58f61d8aeaf62aa4cae5be2137,1334239,,,,,,,,,,,,,,,,,,,,,,,,,,,,,,,,,,,,,,,,,,,,,,,,,,,,,,,,,,,,,TN,TN
autoland,4405952,13,ad8d5d1385265583919f5a224e1153902b6eef60,macosx1015-64-shippable-qr,True,False,,|b|y|t|e|c|o|d|e|-|c|a|c|h|e|d| |c|o|l|d| |f|i|s|s|i|o|n| |w|e|b|r|e|n|d|e|r|,102210fe594ee9b33d82058545b1ed14f4c8206e,PerceptualSpeedIndex,twitter,True,twitter PerceptualSpeedIndex opt bytecode-cached cold fission webrender,,77,ms,firefox,,1796623576,2023-11-19 11:10:53,595.6,b403bb5b1c833d29961882402a090cf08f44c190,1334278,,,,,,,,,,,,,,,,,,,,,,,,,,,,,,,,,,,,,,,,,,,,,,,,,,,,,,,,,,,,,TN,TN
autoland,4405952,13,ad8d5d1385265583919f5a224e1153902b6eef60,macosx1015-64-shippable-qr,True,False,,|b|y|t|e|c|o|d|e|-|c|a|c|h|e|d| |c|o|l|d| |f|i|s|s|i|o|n| |w|e|b|r|e|n|d|e|r|,102210fe594ee9b33d82058545b1ed14f4c8206e,PerceptualSpeedIndex,twitter,True,twitter PerceptualSpeedIndex opt bytecode-cached cold fission webrender,,77,ms,firefox,,1796696292,2023-11-19 15:28:11,598.2,1044018d08bd15166ae94a05bf5299b0701f4109,1334290,,,,,,,,,,,,,,,,,,,,,,,,,,,,,,,,,,,,,,,,,,,,,,,,,,,,,,,,,,,,,TN,TN
autoland,4405952,13,ad8d5d1385265583919f5a224e1153902b6eef60,macosx1015-64-shippable-qr,True,False,,|b|y|t|e|c|o|d|e|-|c|a|c|h|e|d| |c|o|l|d| |f|i|s|s|i|o|n| |w|e|b|r|e|n|d|e|r|,102210fe594ee9b33d82058545b1ed14f4c8206e,PerceptualSpeedIndex,twitter,True,twitter PerceptualSpeedIndex opt bytecode-cached cold fission webrender,,77,ms,firefox,,1796894782,2023-11-19 15:33:21,604.5,bc206f18ecb2a36a3e014e37cf5265f04eb7db7c,1334291,,,,,,,,,,,,,,,,,,,,,,,,,,,,,,,,,,,,,,,,,,,,,,,,,,,,,,,,,,,,,TN,TN
autoland,4405952,13,ad8d5d1385265583919f5a224e1153902b6eef60,macosx1015-64-shippable-qr,True,False,,|b|y|t|e|c|o|d|e|-|c|a|c|h|e|d| |c|o|l|d| |f|i|s|s|i|o|n| |w|e|b|r|e|n|d|e|r|,102210fe594ee9b33d82058545b1ed14f4c8206e,PerceptualSpeedIndex,twitter,True,twitter PerceptualSpeedIndex opt bytecode-cached cold fission webrender,,77,ms,firefox,,1796807691,2023-11-20 01:53:49,597.1,73f60b8af6dadb15fb13d768baf6b4c3313d939b,1334371,,,,,,,,,,,,,,,,,,,,,,,,,,,,,,,,,,,,,,,,,,,,,,,,,,,,,,,,,,,,,TN,TN
autoland,4405952,13,ad8d5d1385265583919f5a224e1153902b6eef60,macosx1015-64-shippable-qr,True,False,,|b|y|t|e|c|o|d|e|-|c|a|c|h|e|d| |c|o|l|d| |f|i|s|s|i|o|n| |w|e|b|r|e|n|d|e|r|,102210fe594ee9b33d82058545b1ed14f4c8206e,PerceptualSpeedIndex,twitter,True,twitter PerceptualSpeedIndex opt bytecode-cached cold fission webrender,,77,ms,firefox,,1797055612,2023-11-20 09:30:46,612.1,86da25fdbc81a93ed888df6b8a9f7cc128fb9b5b,1334455,,,,,,,,,,,,,,,,,,,,,,,,,,,,,,,,,,,,,,,,,,,,,,,,,,,,,,,,,,,,,TN,TN
autoland,4405952,13,ad8d5d1385265583919f5a224e1153902b6eef60,macosx1015-64-shippable-qr,True,False,,|b|y|t|e|c|o|d|e|-|c|a|c|h|e|d| |c|o|l|d| |f|i|s|s|i|o|n| |w|e|b|r|e|n|d|e|r|,102210fe594ee9b33d82058545b1ed14f4c8206e,PerceptualSpeedIndex,twitter,True,twitter PerceptualSpeedIndex opt bytecode-cached cold fission webrender,,77,ms,firefox,,1797114129,2023-11-20 12:44:46,582.4,de35cb5de97565935b503eade2990b5c385c7293,1334619,,,,,,,,,,,,,,,,,,,,,,,,,,,,,,,,,,,,,,,,,,,,,,,,,,,,,,,,,,,,,TN,TN
autoland,4405952,13,ad8d5d1385265583919f5a224e1153902b6eef60,macosx1015-64-shippable-qr,True,False,,|b|y|t|e|c|o|d|e|-|c|a|c|h|e|d| |c|o|l|d| |f|i|s|s|i|o|n| |w|e|b|r|e|n|d|e|r|,102210fe594ee9b33d82058545b1ed14f4c8206e,PerceptualSpeedIndex,twitter,True,twitter PerceptualSpeedIndex opt bytecode-cached cold fission webrender,,77,ms,firefox,,1797705124,2023-11-20 12:49:26,606.4,38489d98c5bcdeb3759137e96ed433b4ced7b298,1334626,,,,,,,,,,,,,,,,,,,,,,,,,,,,,,,,,,,,,,,,,,,,,,,,,,,,,,,,,,,,,TN,TN
autoland,4405952,13,ad8d5d1385265583919f5a224e1153902b6eef60,macosx1015-64-shippable-qr,True,False,,|b|y|t|e|c|o|d|e|-|c|a|c|h|e|d| |c|o|l|d| |f|i|s|s|i|o|n| |w|e|b|r|e|n|d|e|r|,102210fe594ee9b33d82058545b1ed14f4c8206e,PerceptualSpeedIndex,twitter,True,twitter PerceptualSpeedIndex opt bytecode-cached cold fission webrender,,77,ms,firefox,,1797711261,2023-11-20 12:58:48,603.1,9b797f214f1999e79623b4afc161911d82bbf0b3,1334633,,,,,,,,,,,,,,,,,,,,,,,,,,,,,,,,,,,,,,,,,,,,,,,,,,,,,,,,,,,,,TN,TN
autoland,4405952,13,ad8d5d1385265583919f5a224e1153902b6eef60,macosx1015-64-shippable-qr,True,False,,|b|y|t|e|c|o|d|e|-|c|a|c|h|e|d| |c|o|l|d| |f|i|s|s|i|o|n| |w|e|b|r|e|n|d|e|r|,102210fe594ee9b33d82058545b1ed14f4c8206e,PerceptualSpeedIndex,twitter,True,twitter PerceptualSpeedIndex opt bytecode-cached cold fission webrender,,77,ms,firefox,,1797731952,2023-11-20 12:58:48,625.5,9b797f214f1999e79623b4afc161911d82bbf0b3,1334633,,,,,,,,,,,,,,,,,,,,,,,,,,,,,,,,,,,,,,,,,,,,,,,,,,,,,,,,,,,,,TN,TN
autoland,4405952,13,ad8d5d1385265583919f5a224e1153902b6eef60,macosx1015-64-shippable-qr,True,False,,|b|y|t|e|c|o|d|e|-|c|a|c|h|e|d| |c|o|l|d| |f|i|s|s|i|o|n| |w|e|b|r|e|n|d|e|r|,102210fe594ee9b33d82058545b1ed14f4c8206e,PerceptualSpeedIndex,twitter,True,twitter PerceptualSpeedIndex opt bytecode-cached cold fission webrender,,77,ms,firefox,,1797728308,2023-11-20 13:01:35,597.8,9517987e19427c2900046f62ca816d243d1f1403,1334636,,,,,,,,,,,,,,,,,,,,,,,,,,,,,,,,,,,,,,,,,,,,,,,,,,,,,,,,,,,,,TN,TN
autoland,4405952,13,ad8d5d1385265583919f5a224e1153902b6eef60,macosx1015-64-shippable-qr,True,False,,|b|y|t|e|c|o|d|e|-|c|a|c|h|e|d| |c|o|l|d| |f|i|s|s|i|o|n| |w|e|b|r|e|n|d|e|r|,102210fe594ee9b33d82058545b1ed14f4c8206e,PerceptualSpeedIndex,twitter,True,twitter PerceptualSpeedIndex opt bytecode-cached cold fission webrender,,77,ms,firefox,,1797366492,2023-11-20 16:13:55,608.8,f78453d754386d0000dae39e031b91b0d0c4b07f,1334757,,,,,,,,,,,,,,,,,,,,,,,,,,,,,,,,,,,,,,,,,,,,,,,,,,,,,,,,,,,,,TN,TN
autoland,4405952,13,ad8d5d1385265583919f5a224e1153902b6eef60,macosx1015-64-shippable-qr,True,False,,|b|y|t|e|c|o|d|e|-|c|a|c|h|e|d| |c|o|l|d| |f|i|s|s|i|o|n| |w|e|b|r|e|n|d|e|r|,102210fe594ee9b33d82058545b1ed14f4c8206e,PerceptualSpeedIndex,twitter,True,twitter PerceptualSpeedIndex opt bytecode-cached cold fission webrender,,77,ms,firefox,,1797378367,2023-11-20 18:08:54,597.0,a2089603188c4136890163ddd71b1d4e60e1c396,1334868,,,,,,,,,,,,,,,,,,,,,,,,,,,,,,,,,,,,,,,,,,,,,,,,,,,,,,,,,,,,,TN,TN
autoland,4405952,13,ad8d5d1385265583919f5a224e1153902b6eef60,macosx1015-64-shippable-qr,True,False,,|b|y|t|e|c|o|d|e|-|c|a|c|h|e|d| |c|o|l|d| |f|i|s|s|i|o|n| |w|e|b|r|e|n|d|e|r|,102210fe594ee9b33d82058545b1ed14f4c8206e,PerceptualSpeedIndex,twitter,True,twitter PerceptualSpeedIndex opt bytecode-cached cold fission webrender,,77,ms,firefox,,1797576721,2023-11-20 23:09:27,601.6,7b567ceeead73f84de62ab77b4b6c87450b347fa,1335119,,,,,,,,,,,,,,,,,,,,,,,,,,,,,,,,,,,,,,,,,,,,,,,,,,,,,,,,,,,,,TN,TN
autoland,4405952,13,ad8d5d1385265583919f5a224e1153902b6eef60,macosx1015-64-shippable-qr,True,False,,|b|y|t|e|c|o|d|e|-|c|a|c|h|e|d| |c|o|l|d| |f|i|s|s|i|o|n| |w|e|b|r|e|n|d|e|r|,102210fe594ee9b33d82058545b1ed14f4c8206e,PerceptualSpeedIndex,twitter,True,twitter PerceptualSpeedIndex opt bytecode-cached cold fission webrender,,77,ms,firefox,,1797661000,2023-11-21 01:49:39,707.3,b9fe9a49496aa38ca77c335f20236610ef01a582,1335206,,,,,,,,,,,,,,,,,,,,,,,,,,,,,,,,,,,,,,,,,,,,,,,,,,,,,,,,,,,,,TN,TN
autoland,4405952,13,ad8d5d1385265583919f5a224e1153902b6eef60,macosx1015-64-shippable-qr,True,False,,|b|y|t|e|c|o|d|e|-|c|a|c|h|e|d| |c|o|l|d| |f|i|s|s|i|o|n| |w|e|b|r|e|n|d|e|r|,102210fe594ee9b33d82058545b1ed14f4c8206e,PerceptualSpeedIndex,twitter,True,twitter PerceptualSpeedIndex opt bytecode-cached cold fission webrender,,77,ms,firefox,,1797800359,2023-11-21 08:38:33,630.0,fddad0a59b2d028b2147493bf9ba8cc953d9e3eb,1335289,,,,,,,,,,,,,,,,,,,,,,,,,,,,,,,,,,,,,,,,,,,,,,,,,,,,,,,,,,,,,TN,TN
autoland,4405952,13,ad8d5d1385265583919f5a224e1153902b6eef60,macosx1015-64-shippable-qr,True,False,,|b|y|t|e|c|o|d|e|-|c|a|c|h|e|d| |c|o|l|d| |f|i|s|s|i|o|n| |w|e|b|r|e|n|d|e|r|,102210fe594ee9b33d82058545b1ed14f4c8206e,PerceptualSpeedIndex,twitter,True,twitter PerceptualSpeedIndex opt bytecode-cached cold fission webrender,,77,ms,firefox,,1797907873,2023-11-21 12:15:20,589.9,1ff1d467cb8d49467127613245f448026cd7df9e,1335466,,,,,,,,,,,,,,,,,,,,,,,,,,,,,,,,,,,,,,,,,,,,,,,,,,,,,,,,,,,,,TN,TN
autoland,4405952,13,ad8d5d1385265583919f5a224e1153902b6eef60,macosx1015-64-shippable-qr,True,False,,|b|y|t|e|c|o|d|e|-|c|a|c|h|e|d| |c|o|l|d| |f|i|s|s|i|o|n| |w|e|b|r|e|n|d|e|r|,102210fe594ee9b33d82058545b1ed14f4c8206e,PerceptualSpeedIndex,twitter,True,twitter PerceptualSpeedIndex opt bytecode-cached cold fission webrender,,77,ms,firefox,,1798375084,2023-11-21 16:44:13,638.8,a5a183d53f8edc045639859ff059a5220516b33e,1335665,,,,,,,,,,,,,,,,,,,,,,,,,,,,,,,,,,,,,,,,,,,,,,,,,,,,,,,,,,,,,TN,TN
autoland,4405952,13,ad8d5d1385265583919f5a224e1153902b6eef60,macosx1015-64-shippable-qr,True,False,,|b|y|t|e|c|o|d|e|-|c|a|c|h|e|d| |c|o|l|d| |f|i|s|s|i|o|n| |w|e|b|r|e|n|d|e|r|,102210fe594ee9b33d82058545b1ed14f4c8206e,PerceptualSpeedIndex,twitter,True,twitter PerceptualSpeedIndex opt bytecode-cached cold fission webrender,,77,ms,firefox,,1798161263,2023-11-21 17:01:46,625.3,cbc5eb28277f8e6d60fede93a822ede9eb7f01a5,1335682,,,,,,,,,,,,,,,,,,,,,,,,,,,,,,,,,,,,,,,,,,,,,,,,,,,,,,,,,,,,,TN,TN
autoland,4405952,13,ad8d5d1385265583919f5a224e1153902b6eef60,macosx1015-64-shippable-qr,True,False,,|b|y|t|e|c|o|d|e|-|c|a|c|h|e|d| |c|o|l|d| |f|i|s|s|i|o|n| |w|e|b|r|e|n|d|e|r|,102210fe594ee9b33d82058545b1ed14f4c8206e,PerceptualSpeedIndex,twitter,True,twitter PerceptualSpeedIndex opt bytecode-cached cold fission webrender,,77,ms,firefox,,1798254807,2023-11-21 21:47:24,620.5,62f686461927825493253d0f82a43804b3eddf71,1335911,,,,,,,,,,,,,,,,,,,,,,,,,,,,,,,,,,,,,,,,,,,,,,,,,,,,,,,,,,,,,TN,TN
autoland,4405952,13,ad8d5d1385265583919f5a224e1153902b6eef60,macosx1015-64-shippable-qr,True,False,,|b|y|t|e|c|o|d|e|-|c|a|c|h|e|d| |c|o|l|d| |f|i|s|s|i|o|n| |w|e|b|r|e|n|d|e|r|,102210fe594ee9b33d82058545b1ed14f4c8206e,PerceptualSpeedIndex,twitter,True,twitter PerceptualSpeedIndex opt bytecode-cached cold fission webrender,,77,ms,firefox,,1798277007,2023-11-21 21:50:11,582.5,ef0b50d89a7f6107932087c2c1adc2f6fd9ab06a,1335914,,,,,,,,,,,,,,,,,,,,,,,,,,,,,,,,,,,,,,,,,,,,,,,,,,,,,,,,,,,,,TN,TN
autoland,4405952,13,ad8d5d1385265583919f5a224e1153902b6eef60,macosx1015-64-shippable-qr,True,False,,|b|y|t|e|c|o|d|e|-|c|a|c|h|e|d| |c|o|l|d| |f|i|s|s|i|o|n| |w|e|b|r|e|n|d|e|r|,102210fe594ee9b33d82058545b1ed14f4c8206e,PerceptualSpeedIndex,twitter,True,twitter PerceptualSpeedIndex opt bytecode-cached cold fission webrender,,77,ms,firefox,,1798440228,2023-11-21 21:52:47,610.4,f1790974c5ecfa33fe7799087c80dba8b83fb78c,1335917,,,,,,,,,,,,,,,,,,,,,,,,,,,,,,,,,,,,,,,,,,,,,,,,,,,,,,,,,,,,,TN,TN
autoland,4405952,13,ad8d5d1385265583919f5a224e1153902b6eef60,macosx1015-64-shippable-qr,True,False,,|b|y|t|e|c|o|d|e|-|c|a|c|h|e|d| |c|o|l|d| |f|i|s|s|i|o|n| |w|e|b|r|e|n|d|e|r|,102210fe594ee9b33d82058545b1ed14f4c8206e,PerceptualSpeedIndex,twitter,True,twitter PerceptualSpeedIndex opt bytecode-cached cold fission webrender,,77,ms,firefox,,1798349995,2023-11-22 01:56:32,587.8,7dc6122ebd68b46a9d4320c40c86f20c2b78984a,1336017,,,,,,,,,,,,,,,,,,,,,,,,,,,,,,,,,,,,,,,,,,,,,,,,,,,,,,,,,,,,,TN,TN
autoland,4405952,13,ad8d5d1385265583919f5a224e1153902b6eef60,macosx1015-64-shippable-qr,True,False,,|b|y|t|e|c|o|d|e|-|c|a|c|h|e|d| |c|o|l|d| |f|i|s|s|i|o|n| |w|e|b|r|e|n|d|e|r|,102210fe594ee9b33d82058545b1ed14f4c8206e,PerceptualSpeedIndex,twitter,True,twitter PerceptualSpeedIndex opt bytecode-cached cold fission webrender,,77,ms,firefox,,1798448408,2023-11-22 05:59:37,625.3,ed20a8b98a8f2d8593dbbbd9b5df993e3e91433f,1336060,,,,,,,,,,,,,,,,,,,,,,,,,,,,,,,,,,,,,,,,,,,,,,,,,,,,,,,,,,,,,TN,TN
autoland,4405952,13,ad8d5d1385265583919f5a224e1153902b6eef60,macosx1015-64-shippable-qr,True,False,,|b|y|t|e|c|o|d|e|-|c|a|c|h|e|d| |c|o|l|d| |f|i|s|s|i|o|n| |w|e|b|r|e|n|d|e|r|,102210fe594ee9b33d82058545b1ed14f4c8206e,PerceptualSpeedIndex,twitter,True,twitter PerceptualSpeedIndex opt bytecode-cached cold fission webrender,,77,ms,firefox,,1798477699,2023-11-22 07:16:13,604.3,0222787eb3244ffb2e62210f697d039bdef46036,1336076,,,,,,,,,,,,,,,,,,,,,,,,,,,,,,,,,,,,,,,,,,,,,,,,,,,,,,,,,,,,,TN,TN
autoland,4405952,13,ad8d5d1385265583919f5a224e1153902b6eef60,macosx1015-64-shippable-qr,True,False,,|b|y|t|e|c|o|d|e|-|c|a|c|h|e|d| |c|o|l|d| |f|i|s|s|i|o|n| |w|e|b|r|e|n|d|e|r|,102210fe594ee9b33d82058545b1ed14f4c8206e,PerceptualSpeedIndex,twitter,True,twitter PerceptualSpeedIndex opt bytecode-cached cold fission webrender,,77,ms,firefox,,1798738618,2023-11-22 13:00:34,598.4,b90083f581e182455cf23aaacb125b728b3ccb32,1336296,,,,,,,,,,,,,,,,,,,,,,,,,,,,,,,,,,,,,,,,,,,,,,,,,,,,,,,,,,,,,TN,TN
autoland,4405952,13,ad8d5d1385265583919f5a224e1153902b6eef60,macosx1015-64-shippable-qr,True,False,,|b|y|t|e|c|o|d|e|-|c|a|c|h|e|d| |c|o|l|d| |f|i|s|s|i|o|n| |w|e|b|r|e|n|d|e|r|,102210fe594ee9b33d82058545b1ed14f4c8206e,PerceptualSpeedIndex,twitter,True,twitter PerceptualSpeedIndex opt bytecode-cached cold fission webrender,,77,ms,firefox,,1799384267,2023-11-22 16:04:36,614.2,3d393874d4d797a664c536c3da3fef33489e9287,1336396,,,,,,,,,,,,,,,,,,,,,,,,,,,,,,,,,,,,,,,,,,,,,,,,,,,,,,,,,,,,,TN,TN
autoland,4405952,13,ad8d5d1385265583919f5a224e1153902b6eef60,macosx1015-64-shippable-qr,True,False,,|b|y|t|e|c|o|d|e|-|c|a|c|h|e|d| |c|o|l|d| |f|i|s|s|i|o|n| |w|e|b|r|e|n|d|e|r|,102210fe594ee9b33d82058545b1ed14f4c8206e,PerceptualSpeedIndex,twitter,True,twitter PerceptualSpeedIndex opt bytecode-cached cold fission webrender,,77,ms,firefox,,1799339953,2023-11-22 16:08:48,640.8,823341e5f5121d198fed2a8fc4d2abd6e68951d8,1336398,,,,,,,,,,,,,,,,,,,,,,,,,,,,,,,,,,,,,,,,,,,,,,,,,,,,,,,,,,,,,TN,TN
autoland,4405952,13,ad8d5d1385265583919f5a224e1153902b6eef60,macosx1015-64-shippable-qr,True,False,,|b|y|t|e|c|o|d|e|-|c|a|c|h|e|d| |c|o|l|d| |f|i|s|s|i|o|n| |w|e|b|r|e|n|d|e|r|,102210fe594ee9b33d82058545b1ed14f4c8206e,PerceptualSpeedIndex,twitter,True,twitter PerceptualSpeedIndex opt bytecode-cached cold fission webrender,,77,ms,firefox,,1799003785,2023-11-22 16:22:37,672.6,f4fae08660c1f3323af7bdef3ed152a3d34bc751,1336410,,,,,,,,,,,,,,,,,,,,,,,,,,,,,,,,,,,,,,,,,,,,,,,,,,,,,,,,,,,,,TN,TN
autoland,4405952,13,ad8d5d1385265583919f5a224e1153902b6eef60,macosx1015-64-shippable-qr,True,False,,|b|y|t|e|c|o|d|e|-|c|a|c|h|e|d| |c|o|l|d| |f|i|s|s|i|o|n| |w|e|b|r|e|n|d|e|r|,102210fe594ee9b33d82058545b1ed14f4c8206e,PerceptualSpeedIndex,twitter,True,twitter PerceptualSpeedIndex opt bytecode-cached cold fission webrender,,77,ms,firefox,,1799154046,2023-11-22 19:14:54,591.6,bcdbc1e5d9a7c0fea2fcdc91ab0eebe908b34ece,1336555,,,,,,,,,,,,,,,,,,,,,,,,,,,,,,,,,,,,,,,,,,,,,,,,,,,,,,,,,,,,,TN,TN
autoland,4405952,13,ad8d5d1385265583919f5a224e1153902b6eef60,macosx1015-64-shippable-qr,True,False,,|b|y|t|e|c|o|d|e|-|c|a|c|h|e|d| |c|o|l|d| |f|i|s|s|i|o|n| |w|e|b|r|e|n|d|e|r|,102210fe594ee9b33d82058545b1ed14f4c8206e,PerceptualSpeedIndex,twitter,True,twitter PerceptualSpeedIndex opt bytecode-cached cold fission webrender,,77,ms,firefox,,1799384294,2023-11-22 19:54:40,635.1,417b9a914e84789562a33c0f87dffc79ab476132,1336588,,,,,,,,,,,,,,,,,,,,,,,,,,,,,,,,,,,,,,,,,,,,,,,,,,,,,,,,,,,,,TN,TN
autoland,4405952,13,ad8d5d1385265583919f5a224e1153902b6eef60,macosx1015-64-shippable-qr,True,False,,|b|y|t|e|c|o|d|e|-|c|a|c|h|e|d| |c|o|l|d| |f|i|s|s|i|o|n| |w|e|b|r|e|n|d|e|r|,102210fe594ee9b33d82058545b1ed14f4c8206e,PerceptualSpeedIndex,twitter,True,twitter PerceptualSpeedIndex opt bytecode-cached cold fission webrender,,77,ms,firefox,,1799390939,2023-11-22 19:56:19,593.4,28e1518994cbbad28b51800e62abeb93ad9fbb03,1336589,,,,,,,,,,,,,,,,,,,,,,,,,,,,,,,,,,,,,,,,,,,,,,,,,,,,,,,,,,,,,TN,TN
autoland,4405952,13,ad8d5d1385265583919f5a224e1153902b6eef60,macosx1015-64-shippable-qr,True,False,,|b|y|t|e|c|o|d|e|-|c|a|c|h|e|d| |c|o|l|d| |f|i|s|s|i|o|n| |w|e|b|r|e|n|d|e|r|,102210fe594ee9b33d82058545b1ed14f4c8206e,PerceptualSpeedIndex,twitter,True,twitter PerceptualSpeedIndex opt bytecode-cached cold fission webrender,,77,ms,firefox,,1799187262,2023-11-22 23:02:09,601.4,3122924cd341ff55738fd6a06d4bd708010c15e4,1336681,,,,,,,,,,,,,,,,,,,,,,,,,,,,,,,,,,,,,,,,,,,,,,,,,,,,,,,,,,,,,TN,TN
autoland,4405952,13,ad8d5d1385265583919f5a224e1153902b6eef60,macosx1015-64-shippable-qr,True,False,,|b|y|t|e|c|o|d|e|-|c|a|c|h|e|d| |c|o|l|d| |f|i|s|s|i|o|n| |w|e|b|r|e|n|d|e|r|,102210fe594ee9b33d82058545b1ed14f4c8206e,PerceptualSpeedIndex,twitter,True,twitter PerceptualSpeedIndex opt bytecode-cached cold fission webrender,,77,ms,firefox,,1800142310,2023-11-23 02:36:04,705.7,ad28a3a25b2a199ffa143a0f35905438495a0931,1336744,,,,,,,,,,,,,,,,,,,,,,,,,,,,,,,,,,,,,,,,,,,,,,,,,,,,,,,,,,,,,TN,TN
autoland,4405952,13,ad8d5d1385265583919f5a224e1153902b6eef60,macosx1015-64-shippable-qr,True,False,,|b|y|t|e|c|o|d|e|-|c|a|c|h|e|d| |c|o|l|d| |f|i|s|s|i|o|n| |w|e|b|r|e|n|d|e|r|,102210fe594ee9b33d82058545b1ed14f4c8206e,PerceptualSpeedIndex,twitter,True,twitter PerceptualSpeedIndex opt bytecode-cached cold fission webrender,,77,ms,firefox,,1799365715,2023-11-23 04:10:29,603.8,8366d9b1b0ca63aa3b706dd53ce23f052221c11b,1336756,,,,,,,,,,,,,,,,,,,,,,,,,,,,,,,,,,,,,,,,,,,,,,,,,,,,,,,,,,,,,TN,TN
autoland,4405952,13,ad8d5d1385265583919f5a224e1153902b6eef60,macosx1015-64-shippable-qr,True,False,,|b|y|t|e|c|o|d|e|-|c|a|c|h|e|d| |c|o|l|d| |f|i|s|s|i|o|n| |w|e|b|r|e|n|d|e|r|,102210fe594ee9b33d82058545b1ed14f4c8206e,PerceptualSpeedIndex,twitter,True,twitter PerceptualSpeedIndex opt bytecode-cached cold fission webrender,,77,ms,firefox,,1799491133,2023-11-23 08:19:48,629.8,023a5c518562ad97c805915ae5addfcad59d1223,1336795,,,,,,,,,,,,,,,,,,,,,,,,,,,,,,,,,,,,,,,,,,,,,,,,,,,,,,,,,,,,,TN,TN
autoland,4405952,13,ad8d5d1385265583919f5a224e1153902b6eef60,macosx1015-64-shippable-qr,True,False,,|b|y|t|e|c|o|d|e|-|c|a|c|h|e|d| |c|o|l|d| |f|i|s|s|i|o|n| |w|e|b|r|e|n|d|e|r|,102210fe594ee9b33d82058545b1ed14f4c8206e,PerceptualSpeedIndex,twitter,True,twitter PerceptualSpeedIndex opt bytecode-cached cold fission webrender,,77,ms,firefox,,1799591470,2023-11-23 10:10:14,595.3,7392664630b156e348b2a77aef6fdd70004c9b47,1336839,,,,,,,,,,,,,,,,,,,,,,,,,,,,,,,,,,,,,,,,,,,,,,,,,,,,,,,,,,,,,TN,TN
autoland,4405952,13,ad8d5d1385265583919f5a224e1153902b6eef60,macosx1015-64-shippable-qr,True,False,,|b|y|t|e|c|o|d|e|-|c|a|c|h|e|d| |c|o|l|d| |f|i|s|s|i|o|n| |w|e|b|r|e|n|d|e|r|,102210fe594ee9b33d82058545b1ed14f4c8206e,PerceptualSpeedIndex,twitter,True,twitter PerceptualSpeedIndex opt bytecode-cached cold fission webrender,,77,ms,firefox,,1800198050,2023-11-23 14:15:32,620.8,ef4f4ed6516d3a46177c934be7a763ff8f2f9ac7,1336997,,,,,,,,,,,,,,,,,,,,,,,,,,,,,,,,,,,,,,,,,,,,,,,,,,,,,,,,,,,,,TN,TN
autoland,4405952,13,ad8d5d1385265583919f5a224e1153902b6eef60,macosx1015-64-shippable-qr,True,False,,|b|y|t|e|c|o|d|e|-|c|a|c|h|e|d| |c|o|l|d| |f|i|s|s|i|o|n| |w|e|b|r|e|n|d|e|r|,102210fe594ee9b33d82058545b1ed14f4c8206e,PerceptualSpeedIndex,twitter,True,twitter PerceptualSpeedIndex opt bytecode-cached cold fission webrender,,77,ms,firefox,,1800211274,2023-11-23 14:16:51,605.7,82dbcd75918f0eb33795da023e71e8241f428bbe,1336999,,,,,,,,,,,,,,,,,,,,,,,,,,,,,,,,,,,,,,,,,,,,,,,,,,,,,,,,,,,,,TN,TN
autoland,4405952,13,ad8d5d1385265583919f5a224e1153902b6eef60,macosx1015-64-shippable-qr,True,False,,|b|y|t|e|c|o|d|e|-|c|a|c|h|e|d| |c|o|l|d| |f|i|s|s|i|o|n| |w|e|b|r|e|n|d|e|r|,102210fe594ee9b33d82058545b1ed14f4c8206e,PerceptualSpeedIndex,twitter,True,twitter PerceptualSpeedIndex opt bytecode-cached cold fission webrender,,77,ms,firefox,,1799828253,2023-11-23 15:57:23,598.1,872aa271adfdb73a79c09de279f0001bf419850c,1337066,,,,,,,,,,,,,,,,,,,,,,,,,,,,,,,,,,,,,,,,,,,,,,,,,,,,,,,,,,,,,TN,TN
autoland,4405952,13,ad8d5d1385265583919f5a224e1153902b6eef60,macosx1015-64-shippable-qr,True,False,,|b|y|t|e|c|o|d|e|-|c|a|c|h|e|d| |c|o|l|d| |f|i|s|s|i|o|n| |w|e|b|r|e|n|d|e|r|,102210fe594ee9b33d82058545b1ed14f4c8206e,PerceptualSpeedIndex,twitter,True,twitter PerceptualSpeedIndex opt bytecode-cached cold fission webrender,,77,ms,firefox,,1800205377,2023-11-23 19:02:08,615.0,40bc8612037f1efc2ea0a5ff2a12b8d8b3a86f72,1337209,,,,,,,,,,,,,,,,,,,,,,,,,,,,,,,,,,,,,,,,,,,,,,,,,,,,,,,,,,,,,TN,TN
autoland,4405952,13,ad8d5d1385265583919f5a224e1153902b6eef60,macosx1015-64-shippable-qr,True,False,,|b|y|t|e|c|o|d|e|-|c|a|c|h|e|d| |c|o|l|d| |f|i|s|s|i|o|n| |w|e|b|r|e|n|d|e|r|,102210fe594ee9b33d82058545b1ed14f4c8206e,PerceptualSpeedIndex,twitter,True,twitter PerceptualSpeedIndex opt bytecode-cached cold fission webrender,,77,ms,firefox,,1800208172,2023-11-23 19:11:00,609.2,84d22a46a333ec5fdfd6664fe37443349d696922,1337217,,,,,,,,,,,,,,,,,,,,,,,,,,,,,,,,,,,,,,,,,,,,,,,,,,,,,,,,,,,,,TN,TN
autoland,4405952,13,ad8d5d1385265583919f5a224e1153902b6eef60,macosx1015-64-shippable-qr,True,False,,|b|y|t|e|c|o|d|e|-|c|a|c|h|e|d| |c|o|l|d| |f|i|s|s|i|o|n| |w|e|b|r|e|n|d|e|r|,102210fe594ee9b33d82058545b1ed14f4c8206e,PerceptualSpeedIndex,twitter,True,twitter PerceptualSpeedIndex opt bytecode-cached cold fission webrender,,77,ms,firefox,,1799974165,2023-11-23 19:58:47,623.4,180501fca2278e97c30e09ab097da1cb514f5ca1,1337231,,,,,,,,,,,,,,,,,,,,,,,,,,,,,,,,,,,,,,,,,,,,,,,,,,,,,,,,,,,,,TN,TN
autoland,4405952,13,ad8d5d1385265583919f5a224e1153902b6eef60,macosx1015-64-shippable-qr,True,False,,|b|y|t|e|c|o|d|e|-|c|a|c|h|e|d| |c|o|l|d| |f|i|s|s|i|o|n| |w|e|b|r|e|n|d|e|r|,102210fe594ee9b33d82058545b1ed14f4c8206e,PerceptualSpeedIndex,twitter,True,twitter PerceptualSpeedIndex opt bytecode-cached cold fission webrender,,77,ms,firefox,,1800035086,2023-11-23 23:50:52,598.3,29d489a7e05adef3300e076dd1c46d14928ddf24,1337321,,,,,,,,,,,,,,,,,,,,,,,,,,,,,,,,,,,,,,,,,,,,,,,,,,,,,,,,,,,,,TN,TN
autoland,4405952,13,ad8d5d1385265583919f5a224e1153902b6eef60,macosx1015-64-shippable-qr,True,False,,|b|y|t|e|c|o|d|e|-|c|a|c|h|e|d| |c|o|l|d| |f|i|s|s|i|o|n| |w|e|b|r|e|n|d|e|r|,102210fe594ee9b33d82058545b1ed14f4c8206e,PerceptualSpeedIndex,twitter,True,twitter PerceptualSpeedIndex opt bytecode-cached cold fission webrender,,77,ms,firefox,,1800216744,2023-11-24 05:36:58,584.2,dbd1a6aef0a74dc60875a4904d9eddb5ca9afbb7,1337356,,,,,,,,,,,,,,,,,,,,,,,,,,,,,,,,,,,,,,,,,,,,,,,,,,,,,,,,,,,,,TN,TN
autoland,4405952,13,ad8d5d1385265583919f5a224e1153902b6eef60,macosx1015-64-shippable-qr,True,False,,|b|y|t|e|c|o|d|e|-|c|a|c|h|e|d| |c|o|l|d| |f|i|s|s|i|o|n| |w|e|b|r|e|n|d|e|r|,102210fe594ee9b33d82058545b1ed14f4c8206e,PerceptualSpeedIndex,twitter,True,twitter PerceptualSpeedIndex opt bytecode-cached cold fission webrender,,77,ms,firefox,,1800370575,2023-11-24 09:28:03,577.8,8bec1f302a76929843c944e27b75ddcbf1f21954,1337436,,,,,,,,,,,,,,,,,,,,,,,,,,,,,,,,,,,,,,,,,,,,,,,,,,,,,,,,,,,,,TN,TN
autoland,4405952,13,ad8d5d1385265583919f5a224e1153902b6eef60,macosx1015-64-shippable-qr,True,False,,|b|y|t|e|c|o|d|e|-|c|a|c|h|e|d| |c|o|l|d| |f|i|s|s|i|o|n| |w|e|b|r|e|n|d|e|r|,102210fe594ee9b33d82058545b1ed14f4c8206e,PerceptualSpeedIndex,twitter,True,twitter PerceptualSpeedIndex opt bytecode-cached cold fission webrender,,77,ms,firefox,,1800448844,2023-11-24 13:31:32,636.1,1e01aa4b558aff87267a6384c318e6963b66a0d8,1337559,,,,,,,,,,,,,,,,,,,,,,,,,,,,,,,,,,,,,,,,,,,,,,,,,,,,,,,,,,,,,TN,TN
autoland,4405952,13,ad8d5d1385265583919f5a224e1153902b6eef60,macosx1015-64-shippable-qr,True,False,,|b|y|t|e|c|o|d|e|-|c|a|c|h|e|d| |c|o|l|d| |f|i|s|s|i|o|n| |w|e|b|r|e|n|d|e|r|,102210fe594ee9b33d82058545b1ed14f4c8206e,PerceptualSpeedIndex,twitter,True,twitter PerceptualSpeedIndex opt bytecode-cached cold fission webrender,,77,ms,firefox,,1800471730,2023-11-24 14:07:25,585.1,6354cfb105a6c9a46216d5c8ea95ee463892366e,1337582,,,,,,,,,,,,,,,,,,,,,,,,,,,,,,,,,,,,,,,,,,,,,,,,,,,,,,,,,,,,,TN,TN
autoland,4405952,13,ad8d5d1385265583919f5a224e1153902b6eef60,macosx1015-64-shippable-qr,True,False,,|b|y|t|e|c|o|d|e|-|c|a|c|h|e|d| |c|o|l|d| |f|i|s|s|i|o|n| |w|e|b|r|e|n|d|e|r|,102210fe594ee9b33d82058545b1ed14f4c8206e,PerceptualSpeedIndex,twitter,True,twitter PerceptualSpeedIndex opt bytecode-cached cold fission webrender,,77,ms,firefox,,1800755360,2023-11-24 21:51:55,618.3,f905e9024322370d02da128ab9ea37861774f2a5,1337759,,,,,,,,,,,,,,,,,,,,,,,,,,,,,,,,,,,,,,,,,,,,,,,,,,,,,,,,,,,,,TN,TN
autoland,4405952,13,ad8d5d1385265583919f5a224e1153902b6eef60,macosx1015-64-shippable-qr,True,False,,|b|y|t|e|c|o|d|e|-|c|a|c|h|e|d| |c|o|l|d| |f|i|s|s|i|o|n| |w|e|b|r|e|n|d|e|r|,102210fe594ee9b33d82058545b1ed14f4c8206e,PerceptualSpeedIndex,twitter,True,twitter PerceptualSpeedIndex opt bytecode-cached cold fission webrender,,77,ms,firefox,,1800687600,2023-11-24 21:54:25,626.2,8875acba4f482b90d60501b953fb4530b361bd8f,1337760,,,,,,,,,,,,,,,,,,,,,,,,,,,,,,,,,,,,,,,,,,,,,,,,,,,,,,,,,,,,,TN,TN
autoland,4405952,13,ad8d5d1385265583919f5a224e1153902b6eef60,macosx1015-64-shippable-qr,True,False,,|b|y|t|e|c|o|d|e|-|c|a|c|h|e|d| |c|o|l|d| |f|i|s|s|i|o|n| |w|e|b|r|e|n|d|e|r|,102210fe594ee9b33d82058545b1ed14f4c8206e,PerceptualSpeedIndex,twitter,True,twitter PerceptualSpeedIndex opt bytecode-cached cold fission webrender,,77,ms,firefox,,1800737064,2023-11-25 04:13:26,600.1,a137631f73ce188671f50c5225295d64d427fec2,1337799,,,,,,,,,,,,,,,,,,,,,,,,,,,,,,,,,,,,,,,,,,,,,,,,,,,,,,,,,,,,,TN,TN
autoland,4405952,13,ad8d5d1385265583919f5a224e1153902b6eef60,macosx1015-64-shippable-qr,True,False,,|b|y|t|e|c|o|d|e|-|c|a|c|h|e|d| |c|o|l|d| |f|i|s|s|i|o|n| |w|e|b|r|e|n|d|e|r|,102210fe594ee9b33d82058545b1ed14f4c8206e,PerceptualSpeedIndex,twitter,True,twitter PerceptualSpeedIndex opt bytecode-cached cold fission webrender,,77,ms,firefox,,1800836661,2023-11-25 09:26:54,596.1,860c52f225fa7410ed4a4bf3bd0eb0846483e08d,1337840,,,,,,,,,,,,,,,,,,,,,,,,,,,,,,,,,,,,,,,,,,,,,,,,,,,,,,,,,,,,,TN,TN
autoland,4405952,13,ad8d5d1385265583919f5a224e1153902b6eef60,macosx1015-64-shippable-qr,True,False,,|b|y|t|e|c|o|d|e|-|c|a|c|h|e|d| |c|o|l|d| |f|i|s|s|i|o|n| |w|e|b|r|e|n|d|e|r|,102210fe594ee9b33d82058545b1ed14f4c8206e,PerceptualSpeedIndex,twitter,True,twitter PerceptualSpeedIndex opt bytecode-cached cold fission webrender,,77,ms,firefox,,1800875255,2023-11-25 14:41:03,626.3,2ff68fa9f49916065f4ebb7a74c0940bf425f396,1337869,,,,,,,,,,,,,,,,,,,,,,,,,,,,,,,,,,,,,,,,,,,,,,,,,,,,,,,,,,,,,TN,TN
autoland,4405952,13,ad8d5d1385265583919f5a224e1153902b6eef60,macosx1015-64-shippable-qr,True,False,,|b|y|t|e|c|o|d|e|-|c|a|c|h|e|d| |c|o|l|d| |f|i|s|s|i|o|n| |w|e|b|r|e|n|d|e|r|,102210fe594ee9b33d82058545b1ed14f4c8206e,PerceptualSpeedIndex,twitter,True,twitter PerceptualSpeedIndex opt bytecode-cached cold fission webrender,,77,ms,firefox,,1801007189,2023-11-26 15:57:31,618.6,0cd5e7d76f8ac3e26423c36c9d06f91a310dab45,1337946,,,,,,,,,,,,,,,,,,,,,,,,,,,,,,,,,,,,,,,,,,,,,,,,,,,,,,,,,,,,,TN,TN
autoland,4405952,13,ad8d5d1385265583919f5a224e1153902b6eef60,macosx1015-64-shippable-qr,True,False,,|b|y|t|e|c|o|d|e|-|c|a|c|h|e|d| |c|o|l|d| |f|i|s|s|i|o|n| |w|e|b|r|e|n|d|e|r|,102210fe594ee9b33d82058545b1ed14f4c8206e,PerceptualSpeedIndex,twitter,True,twitter PerceptualSpeedIndex opt bytecode-cached cold fission webrender,,77,ms,firefox,,1801039828,2023-11-26 18:39:37,626.3,ffaaa99c517223770b014031e25b54d585f95ef2,1337950,,,,,,,,,,,,,,,,,,,,,,,,,,,,,,,,,,,,,,,,,,,,,,,,,,,,,,,,,,,,,TN,TN
autoland,4405952,13,ad8d5d1385265583919f5a224e1153902b6eef60,macosx1015-64-shippable-qr,True,False,,|b|y|t|e|c|o|d|e|-|c|a|c|h|e|d| |c|o|l|d| |f|i|s|s|i|o|n| |w|e|b|r|e|n|d|e|r|,102210fe594ee9b33d82058545b1ed14f4c8206e,PerceptualSpeedIndex,twitter,True,twitter PerceptualSpeedIndex opt bytecode-cached cold fission webrender,,77,ms,firefox,,1801189673,2023-11-27 01:49:37,638.6,edf9292c0bc9c671afa4de12648c16622e9d418c,1337984,,,,,,,,,,,,,,,,,,,,,,,,,,,,,,,,,,,,,,,,,,,,,,,,,,,,,,,,,,,,,TN,TN
autoland,4405952,13,ad8d5d1385265583919f5a224e1153902b6eef60,macosx1015-64-shippable-qr,True,False,,|b|y|t|e|c|o|d|e|-|c|a|c|h|e|d| |c|o|l|d| |f|i|s|s|i|o|n| |w|e|b|r|e|n|d|e|r|,102210fe594ee9b33d82058545b1ed14f4c8206e,PerceptualSpeedIndex,twitter,True,twitter PerceptualSpeedIndex opt bytecode-cached cold fission webrender,,77,ms,firefox,,1801906106,2023-11-27 03:19:14,609.7,600b27fdf4a03735007bce03c5c2617adeeb1416,1337993,,,,,,,,,,,,,,,,,,,,,,,,,,,,,,,,,,,,,,,,,,,,,,,,,,,,,,,,,,,,,TN,TN
autoland,4405952,13,ad8d5d1385265583919f5a224e1153902b6eef60,macosx1015-64-shippable-qr,True,False,,|b|y|t|e|c|o|d|e|-|c|a|c|h|e|d| |c|o|l|d| |f|i|s|s|i|o|n| |w|e|b|r|e|n|d|e|r|,102210fe594ee9b33d82058545b1ed14f4c8206e,PerceptualSpeedIndex,twitter,True,twitter PerceptualSpeedIndex opt bytecode-cached cold fission webrender,,77,ms,firefox,,1801340510,2023-11-27 10:22:36,637.7,c1a92ff5b44e8a296b847ed428ebeec04f7f8f72,1338085,,,,,,,,,,,,,,,,,,,,,,,,,,,,,,,,,,,,,,,,,,,,,,,,,,,,,,,,,,,,,TN,TN
autoland,4405952,13,ad8d5d1385265583919f5a224e1153902b6eef60,macosx1015-64-shippable-qr,True,False,,|b|y|t|e|c|o|d|e|-|c|a|c|h|e|d| |c|o|l|d| |f|i|s|s|i|o|n| |w|e|b|r|e|n|d|e|r|,102210fe594ee9b33d82058545b1ed14f4c8206e,PerceptualSpeedIndex,twitter,True,twitter PerceptualSpeedIndex opt bytecode-cached cold fission webrender,,77,ms,firefox,,1801887994,2023-11-27 14:03:54,599.1,3a166ac6c074ba6311e10b4a679ed7951f8c7046,1338213,,,,,,,,,,,,,,,,,,,,,,,,,,,,,,,,,,,,,,,,,,,,,,,,,,,,,,,,,,,,,TN,TN
autoland,4405952,13,ad8d5d1385265583919f5a224e1153902b6eef60,macosx1015-64-shippable-qr,True,False,,|b|y|t|e|c|o|d|e|-|c|a|c|h|e|d| |c|o|l|d| |f|i|s|s|i|o|n| |w|e|b|r|e|n|d|e|r|,102210fe594ee9b33d82058545b1ed14f4c8206e,PerceptualSpeedIndex,twitter,True,twitter PerceptualSpeedIndex opt bytecode-cached cold fission webrender,,77,ms,firefox,,1801879055,2023-11-27 14:04:48,596.7,ab3f06ef0efa62a6f988339fc477cd5c937a0f91,1338214,,,,,,,,,,,,,,,,,,,,,,,,,,,,,,,,,,,,,,,,,,,,,,,,,,,,,,,,,,,,,TN,TN
autoland,4405952,13,ad8d5d1385265583919f5a224e1153902b6eef60,macosx1015-64-shippable-qr,True,False,,|b|y|t|e|c|o|d|e|-|c|a|c|h|e|d| |c|o|l|d| |f|i|s|s|i|o|n| |w|e|b|r|e|n|d|e|r|,102210fe594ee9b33d82058545b1ed14f4c8206e,PerceptualSpeedIndex,twitter,True,twitter PerceptualSpeedIndex opt bytecode-cached cold fission webrender,,77,ms,firefox,,1801417647,2023-11-27 14:05:43,624.7,9ca2bcf6799b1a5f71d2d58db26f6b6c16a90427,1338215,,,,,,,,,,,,,,,,,,,,,,,,,,,,,,,,,,,,,,,,,,,,,,,,,,,,,,,,,,,,,TN,TN
autoland,4405952,13,ad8d5d1385265583919f5a224e1153902b6eef60,macosx1015-64-shippable-qr,True,False,,|b|y|t|e|c|o|d|e|-|c|a|c|h|e|d| |c|o|l|d| |f|i|s|s|i|o|n| |w|e|b|r|e|n|d|e|r|,102210fe594ee9b33d82058545b1ed14f4c8206e,PerceptualSpeedIndex,twitter,True,twitter PerceptualSpeedIndex opt bytecode-cached cold fission webrender,,77,ms,firefox,,1801884913,2023-11-27 15:33:40,625.2,019c38ef6a2fb136b3ab9b94384971863607fba4,1338282,,,,,,,,,,,,,,,,,,,,,,,,,,,,,,,,,,,,,,,,,,,,,,,,,,,,,,,,,,,,,TN,TN
autoland,4405952,13,ad8d5d1385265583919f5a224e1153902b6eef60,macosx1015-64-shippable-qr,True,False,,|b|y|t|e|c|o|d|e|-|c|a|c|h|e|d| |c|o|l|d| |f|i|s|s|i|o|n| |w|e|b|r|e|n|d|e|r|,102210fe594ee9b33d82058545b1ed14f4c8206e,PerceptualSpeedIndex,twitter,True,twitter PerceptualSpeedIndex opt bytecode-cached cold fission webrender,,77,ms,firefox,,1801896336,2023-11-27 15:42:45,605.1,e98889428f47cd8a7d6f3132b25982d107cff514,1338288,,,,,,,,,,,,,,,,,,,,,,,,,,,,,,,,,,,,,,,,,,,,,,,,,,,,,,,,,,,,,TN,TN
autoland,4405952,13,ad8d5d1385265583919f5a224e1153902b6eef60,macosx1015-64-shippable-qr,True,False,,|b|y|t|e|c|o|d|e|-|c|a|c|h|e|d| |c|o|l|d| |f|i|s|s|i|o|n| |w|e|b|r|e|n|d|e|r|,102210fe594ee9b33d82058545b1ed14f4c8206e,PerceptualSpeedIndex,twitter,True,twitter PerceptualSpeedIndex opt bytecode-cached cold fission webrender,,77,ms,firefox,,1801573149,2023-11-27 17:34:20,670.1,6aa54d6d7cbf1a46e62c6765c489a940322b6bca,1338399,,,,,,,,,,,,,,,,,,,,,,,,,,,,,,,,,,,,,,,,,,,,,,,,,,,,,,,,,,,,,TN,TN
autoland,4405952,13,ad8d5d1385265583919f5a224e1153902b6eef60,macosx1015-64-shippable-qr,True,False,,|b|y|t|e|c|o|d|e|-|c|a|c|h|e|d| |c|o|l|d| |f|i|s|s|i|o|n| |w|e|b|r|e|n|d|e|r|,102210fe594ee9b33d82058545b1ed14f4c8206e,PerceptualSpeedIndex,twitter,True,twitter PerceptualSpeedIndex opt bytecode-cached cold fission webrender,,77,ms,firefox,,1801683877,2023-11-27 20:49:55,607.0,5be201dbf09fac369541142298547108c80b52dd,1338533,,,,,,,,,,,,,,,,,,,,,,,,,,,,,,,,,,,,,,,,,,,,,,,,,,,,,,,,,,,,,TN,TN
autoland,4405952,13,ad8d5d1385265583919f5a224e1153902b6eef60,macosx1015-64-shippable-qr,True,False,,|b|y|t|e|c|o|d|e|-|c|a|c|h|e|d| |c|o|l|d| |f|i|s|s|i|o|n| |w|e|b|r|e|n|d|e|r|,102210fe594ee9b33d82058545b1ed14f4c8206e,PerceptualSpeedIndex,twitter,True,twitter PerceptualSpeedIndex opt bytecode-cached cold fission webrender,,77,ms,firefox,,1801901358,2023-11-28 05:10:16,624.0,fbcb2af38cdaecde2b2da1efc0fc49b82fa9749e,1338781,,,,,,,,,,,,,,,,,,,,,,,,,,,,,,,,,,,,,,,,,,,,,,,,,,,,,,,,,,,,,TN,TN
autoland,4405952,13,ad8d5d1385265583919f5a224e1153902b6eef60,macosx1015-64-shippable-qr,True,False,,|b|y|t|e|c|o|d|e|-|c|a|c|h|e|d| |c|o|l|d| |f|i|s|s|i|o|n| |w|e|b|r|e|n|d|e|r|,102210fe594ee9b33d82058545b1ed14f4c8206e,PerceptualSpeedIndex,twitter,True,twitter PerceptualSpeedIndex opt bytecode-cached cold fission webrender,,77,ms,firefox,,1801995778,2023-11-28 08:42:21,589.6,785b3d438fe5a8cba4caf5f4a2ed7250d324096c,1338855,,,,,,,,,,,,,,,,,,,,,,,,,,,,,,,,,,,,,,,,,,,,,,,,,,,,,,,,,,,,,TN,TN
autoland,4405952,13,ad8d5d1385265583919f5a224e1153902b6eef60,macosx1015-64-shippable-qr,True,False,,|b|y|t|e|c|o|d|e|-|c|a|c|h|e|d| |c|o|l|d| |f|i|s|s|i|o|n| |w|e|b|r|e|n|d|e|r|,102210fe594ee9b33d82058545b1ed14f4c8206e,PerceptualSpeedIndex,twitter,True,twitter PerceptualSpeedIndex opt bytecode-cached cold fission webrender,,77,ms,firefox,,1802140722,2023-11-28 13:17:34,617.1,1957c4453ab1dfba8b7820dbf2fe772220e6eedc,1339007,,,,,,,,,,,,,,,,,,,,,,,,,,,,,,,,,,,,,,,,,,,,,,,,,,,,,,,,,,,,,TN,TN
autoland,4405952,13,ad8d5d1385265583919f5a224e1153902b6eef60,macosx1015-64-shippable-qr,True,False,,|b|y|t|e|c|o|d|e|-|c|a|c|h|e|d| |c|o|l|d| |f|i|s|s|i|o|n| |w|e|b|r|e|n|d|e|r|,102210fe594ee9b33d82058545b1ed14f4c8206e,PerceptualSpeedIndex,twitter,True,twitter PerceptualSpeedIndex opt bytecode-cached cold fission webrender,,77,ms,firefox,,1802189747,2023-11-28 14:12:32,612.9,0745c3e29ba3856c91cbae74bd41d2135137bfd0,1339043,,,,,,,,,,,,,,,,,,,,,,,,,,,,,,,,,,,,,,,,,,,,,,,,,,,,,,,,,,,,,TN,TN
autoland,4405952,13,ad8d5d1385265583919f5a224e1153902b6eef60,macosx1015-64-shippable-qr,True,False,,|b|y|t|e|c|o|d|e|-|c|a|c|h|e|d| |c|o|l|d| |f|i|s|s|i|o|n| |w|e|b|r|e|n|d|e|r|,102210fe594ee9b33d82058545b1ed14f4c8206e,PerceptualSpeedIndex,twitter,True,twitter PerceptualSpeedIndex opt bytecode-cached cold fission webrender,,77,ms,firefox,,1802659159,2023-11-28 16:53:43,605.9,c1578c9d7374f0a4d2f60dd492afff5058476d7c,1339126,,,,,,,,,,,,,,,,,,,,,,,,,,,,,,,,,,,,,,,,,,,,,,,,,,,,,,,,,,,,,TN,TN
autoland,4405952,13,ad8d5d1385265583919f5a224e1153902b6eef60,macosx1015-64-shippable-qr,True,False,,|b|y|t|e|c|o|d|e|-|c|a|c|h|e|d| |c|o|l|d| |f|i|s|s|i|o|n| |w|e|b|r|e|n|d|e|r|,102210fe594ee9b33d82058545b1ed14f4c8206e,PerceptualSpeedIndex,twitter,True,twitter PerceptualSpeedIndex opt bytecode-cached cold fission webrender,,77,ms,firefox,,1802702129,2023-11-28 16:54:57,627.2,811f3fca797dc74faed8ca9ae123fb8b16a88701,1339130,,,,,,,,,,,,,,,,,,,,,,,,,,,,,,,,,,,,,,,,,,,,,,,,,,,,,,,,,,,,,TN,TN
autoland,4405952,13,ad8d5d1385265583919f5a224e1153902b6eef60,macosx1015-64-shippable-qr,True,False,,|b|y|t|e|c|o|d|e|-|c|a|c|h|e|d| |c|o|l|d| |f|i|s|s|i|o|n| |w|e|b|r|e|n|d|e|r|,102210fe594ee9b33d82058545b1ed14f4c8206e,PerceptualSpeedIndex,twitter,True,twitter PerceptualSpeedIndex opt bytecode-cached cold fission webrender,,77,ms,firefox,,1802334223,2023-11-28 17:36:07,600.7,691b7e1a899214d8685841da762bd2b2415fa569,1339183,,,,,,,,,,,,,,,,,,,,,,,,,,,,,,,,,,,,,,,,,,,,,,,,,,,,,,,,,,,,,TN,TN
autoland,4405952,13,ad8d5d1385265583919f5a224e1153902b6eef60,macosx1015-64-shippable-qr,True,False,,|b|y|t|e|c|o|d|e|-|c|a|c|h|e|d| |c|o|l|d| |f|i|s|s|i|o|n| |w|e|b|r|e|n|d|e|r|,102210fe594ee9b33d82058545b1ed14f4c8206e,PerceptualSpeedIndex,twitter,True,twitter PerceptualSpeedIndex opt bytecode-cached cold fission webrender,,77,ms,firefox,,1802487854,2023-11-28 21:29:24,612.2,000fea3a9ed37b16c009c76e8af859a50c9234dc,1339366,,,,,,,,,,,,,,,,,,,,,,,,,,,,,,,,,,,,,,,,,,,,,,,,,,,,,,,,,,,,,TN,TN
autoland,4405952,13,ad8d5d1385265583919f5a224e1153902b6eef60,macosx1015-64-shippable-qr,True,False,,|b|y|t|e|c|o|d|e|-|c|a|c|h|e|d| |c|o|l|d| |f|i|s|s|i|o|n| |w|e|b|r|e|n|d|e|r|,102210fe594ee9b33d82058545b1ed14f4c8206e,PerceptualSpeedIndex,twitter,True,twitter PerceptualSpeedIndex opt bytecode-cached cold fission webrender,,77,ms,firefox,,1802574416,2023-11-29 01:28:26,613.4,a162f6ee0eef32a68c73ddb77aa04efda3afeb7c,1339520,,,,,,,,,,,,,,,,,,,,,,,,,,,,,,,,,,,,,,,,,,,,,,,,,,,,,,,,,,,,,TN,TN
autoland,4405952,13,ad8d5d1385265583919f5a224e1153902b6eef60,macosx1015-64-shippable-qr,True,False,,|b|y|t|e|c|o|d|e|-|c|a|c|h|e|d| |c|o|l|d| |f|i|s|s|i|o|n| |w|e|b|r|e|n|d|e|r|,102210fe594ee9b33d82058545b1ed14f4c8206e,PerceptualSpeedIndex,twitter,True,twitter PerceptualSpeedIndex opt bytecode-cached cold fission webrender,,77,ms,firefox,,1802768839,2023-11-29 06:56:45,603.5,b675f0a9e569a63bedb249150a2be6b3e15197f9,1339623,,,,,,,,,,,,,,,,,,,,,,,,,,,,,,,,,,,,,,,,,,,,,,,,,,,,,,,,,,,,,TN,TN
autoland,4405952,13,ad8d5d1385265583919f5a224e1153902b6eef60,macosx1015-64-shippable-qr,True,False,,|b|y|t|e|c|o|d|e|-|c|a|c|h|e|d| |c|o|l|d| |f|i|s|s|i|o|n| |w|e|b|r|e|n|d|e|r|,102210fe594ee9b33d82058545b1ed14f4c8206e,PerceptualSpeedIndex,twitter,True,twitter PerceptualSpeedIndex opt bytecode-cached cold fission webrender,,77,ms,firefox,,1802793924,2023-11-29 09:02:39,609.7,66c2fb78dfe25ce9af21d0e1dd82f62dbb5da53f,1339662,,,,,,,,,,,,,,,,,,,,,,,,,,,,,,,,,,,,,,,,,,,,,,,,,,,,,,,,,,,,,TN,TN
autoland,4405952,13,ad8d5d1385265583919f5a224e1153902b6eef60,macosx1015-64-shippable-qr,True,False,,|b|y|t|e|c|o|d|e|-|c|a|c|h|e|d| |c|o|l|d| |f|i|s|s|i|o|n| |w|e|b|r|e|n|d|e|r|,102210fe594ee9b33d82058545b1ed14f4c8206e,PerceptualSpeedIndex,twitter,True,twitter PerceptualSpeedIndex opt bytecode-cached cold fission webrender,,77,ms,firefox,,1803078486,2023-11-29 13:11:23,639.0,be2b109ddbb7f38c98c25b3c79c036f6f06f81fb,1339776,,,,,,,,,,,,,,,,,,,,,,,,,,,,,,,,,,,,,,,,,,,,,,,,,,,,,,,,,,,,,TN,TN
autoland,4405952,13,ad8d5d1385265583919f5a224e1153902b6eef60,macosx1015-64-shippable-qr,True,False,,|b|y|t|e|c|o|d|e|-|c|a|c|h|e|d| |c|o|l|d| |f|i|s|s|i|o|n| |w|e|b|r|e|n|d|e|r|,102210fe594ee9b33d82058545b1ed14f4c8206e,PerceptualSpeedIndex,twitter,True,twitter PerceptualSpeedIndex opt bytecode-cached cold fission webrender,,77,ms,firefox,,1803558086,2023-11-29 13:16:15,631.2,74f50e5d5557c1a8977dbafaa1f73d141c2380a8,1339778,,,,,,,,,,,,,,,,,,,,,,,,,,,,,,,,,,,,,,,,,,,,,,,,,,,,,,,,,,,,,TN,TN
autoland,4405952,13,ad8d5d1385265583919f5a224e1153902b6eef60,macosx1015-64-shippable-qr,True,False,,|b|y|t|e|c|o|d|e|-|c|a|c|h|e|d| |c|o|l|d| |f|i|s|s|i|o|n| |w|e|b|r|e|n|d|e|r|,102210fe594ee9b33d82058545b1ed14f4c8206e,PerceptualSpeedIndex,twitter,True,twitter PerceptualSpeedIndex opt bytecode-cached cold fission webrender,,77,ms,firefox,,1803608202,2023-11-29 13:25:22,624.2,f5a30ad398a0617b6209b0fb871a4aa1c87ed26c,1339781,,,,,,,,,,,,,,,,,,,,,,,,,,,,,,,,,,,,,,,,,,,,,,,,,,,,,,,,,,,,,TN,TN
autoland,4405952,13,ad8d5d1385265583919f5a224e1153902b6eef60,macosx1015-64-shippable-qr,True,False,,|b|y|t|e|c|o|d|e|-|c|a|c|h|e|d| |c|o|l|d| |f|i|s|s|i|o|n| |w|e|b|r|e|n|d|e|r|,102210fe594ee9b33d82058545b1ed14f4c8206e,PerceptualSpeedIndex,twitter,True,twitter PerceptualSpeedIndex opt bytecode-cached cold fission webrender,,77,ms,firefox,,1803550397,2023-11-29 14:26:21,590.0,e85c84028c440fb186322761a11035030f0eb94a,1339813,,,,,,,,,,,,,,,,,,,,,,,,,,,,,,,,,,,,,,,,,,,,,,,,,,,,,,,,,,,,,TN,TN
autoland,4405952,13,ad8d5d1385265583919f5a224e1153902b6eef60,macosx1015-64-shippable-qr,True,False,,|b|y|t|e|c|o|d|e|-|c|a|c|h|e|d| |c|o|l|d| |f|i|s|s|i|o|n| |w|e|b|r|e|n|d|e|r|,102210fe594ee9b33d82058545b1ed14f4c8206e,PerceptualSpeedIndex,twitter,True,twitter PerceptualSpeedIndex opt bytecode-cached cold fission webrender,,77,ms,firefox,,1803569334,2023-11-29 14:33:23,617.6,fd253d27e64ec2f0a321ef83bffbcf28392e9f88,1339819,,,,,,,,,,,,,,,,,,,,,,,,,,,,,,,,,,,,,,,,,,,,,,,,,,,,,,,,,,,,,TN,TN
autoland,4405952,13,ad8d5d1385265583919f5a224e1153902b6eef60,macosx1015-64-shippable-qr,True,False,,|b|y|t|e|c|o|d|e|-|c|a|c|h|e|d| |c|o|l|d| |f|i|s|s|i|o|n| |w|e|b|r|e|n|d|e|r|,102210fe594ee9b33d82058545b1ed14f4c8206e,PerceptualSpeedIndex,twitter,True,twitter PerceptualSpeedIndex opt bytecode-cached cold fission webrender,,77,ms,firefox,,1803602852,2023-11-29 14:35:24,614.5,dd4895b622d097df1c1335545c2b0b884709db00,1339824,,,,,,,,,,,,,,,,,,,,,,,,,,,,,,,,,,,,,,,,,,,,,,,,,,,,,,,,,,,,,TN,TN
autoland,4405952,13,ad8d5d1385265583919f5a224e1153902b6eef60,macosx1015-64-shippable-qr,True,False,,|b|y|t|e|c|o|d|e|-|c|a|c|h|e|d| |c|o|l|d| |f|i|s|s|i|o|n| |w|e|b|r|e|n|d|e|r|,102210fe594ee9b33d82058545b1ed14f4c8206e,PerceptualSpeedIndex,twitter,True,twitter PerceptualSpeedIndex opt bytecode-cached cold fission webrender,,77,ms,firefox,,1803578121,2023-11-29 14:36:19,595.6,4c5b2b4298575e99e99d7203ecdb33fe66c65358,1339826,,,,,,,,,,,,,,,,,,,,,,,,,,,,,,,,,,,,,,,,,,,,,,,,,,,,,,,,,,,,,TN,TN
autoland,4405952,13,ad8d5d1385265583919f5a224e1153902b6eef60,macosx1015-64-shippable-qr,True,False,,|b|y|t|e|c|o|d|e|-|c|a|c|h|e|d| |c|o|l|d| |f|i|s|s|i|o|n| |w|e|b|r|e|n|d|e|r|,102210fe594ee9b33d82058545b1ed14f4c8206e,PerceptualSpeedIndex,twitter,True,twitter PerceptualSpeedIndex opt bytecode-cached cold fission webrender,,77,ms,firefox,,1803275764,2023-11-29 17:15:33,584.1,0008fcc93b9b4a6aa22e3abf1888be08024320e9,1339929,,,,,,,,,,,,,,,,,,,,,,,,,,,,,,,,,,,,,,,,,,,,,,,,,,,,,,,,,,,,,TN,TN
autoland,4405952,13,ad8d5d1385265583919f5a224e1153902b6eef60,macosx1015-64-shippable-qr,True,False,,|b|y|t|e|c|o|d|e|-|c|a|c|h|e|d| |c|o|l|d| |f|i|s|s|i|o|n| |w|e|b|r|e|n|d|e|r|,102210fe594ee9b33d82058545b1ed14f4c8206e,PerceptualSpeedIndex,twitter,True,twitter PerceptualSpeedIndex opt bytecode-cached cold fission webrender,,77,ms,firefox,,1803308743,2023-11-29 22:52:27,623.4,65a0553b296ae1432e5d18c3d2d607cacbb0a35e,1340166,,,,,,,,,,,,,,,,,,,,,,,,,,,,,,,,,,,,,,,,,,,,,,,,,,,,,,,,,,,,,TN,TN
autoland,4405952,13,ad8d5d1385265583919f5a224e1153902b6eef60,macosx1015-64-shippable-qr,True,False,,|b|y|t|e|c|o|d|e|-|c|a|c|h|e|d| |c|o|l|d| |f|i|s|s|i|o|n| |w|e|b|r|e|n|d|e|r|,102210fe594ee9b33d82058545b1ed14f4c8206e,PerceptualSpeedIndex,twitter,True,twitter PerceptualSpeedIndex opt bytecode-cached cold fission webrender,,77,ms,firefox,,1803312983,2023-11-29 22:59:56,610.1,4bbe309179a5869e893e8f9ed2b110ef00ccec95,1340178,,,,,,,,,,,,,,,,,,,,,,,,,,,,,,,,,,,,,,,,,,,,,,,,,,,,,,,,,,,,,TN,TN
autoland,4405952,13,ad8d5d1385265583919f5a224e1153902b6eef60,macosx1015-64-shippable-qr,True,False,,|b|y|t|e|c|o|d|e|-|c|a|c|h|e|d| |c|o|l|d| |f|i|s|s|i|o|n| |w|e|b|r|e|n|d|e|r|,102210fe594ee9b33d82058545b1ed14f4c8206e,PerceptualSpeedIndex,twitter,True,twitter PerceptualSpeedIndex opt bytecode-cached cold fission webrender,,77,ms,firefox,,1803597479,2023-11-29 23:02:37,598.6,7e08f5f9cbb4e38b3579328b49609d065203415a,1340181,,,,,,,,,,,,,,,,,,,,,,,,,,,,,,,,,,,,,,,,,,,,,,,,,,,,,,,,,,,,,TN,TN
autoland,4405952,13,ad8d5d1385265583919f5a224e1153902b6eef60,macosx1015-64-shippable-qr,True,False,,|b|y|t|e|c|o|d|e|-|c|a|c|h|e|d| |c|o|l|d| |f|i|s|s|i|o|n| |w|e|b|r|e|n|d|e|r|,102210fe594ee9b33d82058545b1ed14f4c8206e,PerceptualSpeedIndex,twitter,True,twitter PerceptualSpeedIndex opt bytecode-cached cold fission webrender,,77,ms,firefox,,1803565975,2023-11-29 23:03:31,618.8,48f667e357c8e6dea764cb3ad69d2bce2f1e093b,1340182,,,,,,,,,,,,,,,,,,,,,,,,,,,,,,,,,,,,,,,,,,,,,,,,,,,,,,,,,,,,,TN,TN
autoland,4405952,13,ad8d5d1385265583919f5a224e1153902b6eef60,macosx1015-64-shippable-qr,True,False,,|b|y|t|e|c|o|d|e|-|c|a|c|h|e|d| |c|o|l|d| |f|i|s|s|i|o|n| |w|e|b|r|e|n|d|e|r|,102210fe594ee9b33d82058545b1ed14f4c8206e,PerceptualSpeedIndex,twitter,True,twitter PerceptualSpeedIndex opt bytecode-cached cold fission webrender,,77,ms,firefox,,1803538204,2023-11-30 04:33:01,625.1,556c8b22cbbbcc165c42b2c52ebdfd01be3cee6b,1340302,,,,,,,,,,,,,,,,,,,,,,,,,,,,,,,,,,,,,,,,,,,,,,,,,,,,,,,,,,,,,TN,TN
autoland,4405952,13,ad8d5d1385265583919f5a224e1153902b6eef60,macosx1015-64-shippable-qr,True,False,,|b|y|t|e|c|o|d|e|-|c|a|c|h|e|d| |c|o|l|d| |f|i|s|s|i|o|n| |w|e|b|r|e|n|d|e|r|,102210fe594ee9b33d82058545b1ed14f4c8206e,PerceptualSpeedIndex,twitter,True,twitter PerceptualSpeedIndex opt bytecode-cached cold fission webrender,,77,ms,firefox,,1803948810,2023-11-30 13:07:37,598.2,120432262a8cb73f69c8d683b4ddec3a037cbd91,1340520,,,,,,,,,,,,,,,,,,,,,,,,,,,,,,,,,,,,,,,,,,,,,,,,,,,,,,,,,,,,,TN,TN
autoland,4405952,13,ad8d5d1385265583919f5a224e1153902b6eef60,macosx1015-64-shippable-qr,True,False,,|b|y|t|e|c|o|d|e|-|c|a|c|h|e|d| |c|o|l|d| |f|i|s|s|i|o|n| |w|e|b|r|e|n|d|e|r|,102210fe594ee9b33d82058545b1ed14f4c8206e,PerceptualSpeedIndex,twitter,True,twitter PerceptualSpeedIndex opt bytecode-cached cold fission webrender,,77,ms,firefox,,1803973990,2023-11-30 13:51:04,675.1,1d1fb9d5a4974d94e8c317f226c962fd351eae27,1340541,,,,,,,,,,,,,,,,,,,,,,,,,,,,,,,,,,,,,,,,,,,,,,,,,,,,,,,,,,,,,TN,TN
autoland,4405952,13,ad8d5d1385265583919f5a224e1153902b6eef60,macosx1015-64-shippable-qr,True,False,,|b|y|t|e|c|o|d|e|-|c|a|c|h|e|d| |c|o|l|d| |f|i|s|s|i|o|n| |w|e|b|r|e|n|d|e|r|,102210fe594ee9b33d82058545b1ed14f4c8206e,PerceptualSpeedIndex,twitter,True,twitter PerceptualSpeedIndex opt bytecode-cached cold fission webrender,,77,ms,firefox,,1804185660,2023-11-30 16:04:41,696.1,fc19848f02cea14c4cf8e366ff394ce03a4f08d6,1340656,,,,,,,,,,,,,,,,,,,,,,,,,,,,,,,,,,,,,,,,,,,,,,,,,,,,,,,,,,,,,TN,TN
autoland,4405952,13,ad8d5d1385265583919f5a224e1153902b6eef60,macosx1015-64-shippable-qr,True,False,,|b|y|t|e|c|o|d|e|-|c|a|c|h|e|d| |c|o|l|d| |f|i|s|s|i|o|n| |w|e|b|r|e|n|d|e|r|,102210fe594ee9b33d82058545b1ed14f4c8206e,PerceptualSpeedIndex,twitter,True,twitter PerceptualSpeedIndex opt bytecode-cached cold fission webrender,,77,ms,firefox,,1804195522,2023-11-30 16:12:44,592.6,cfbcbcd48790bbc8b8a901aeacef87a2bd174e5c,1340664,,,,,,,,,,,,,,,,,,,,,,,,,,,,,,,,,,,,,,,,,,,,,,,,,,,,,,,,,,,,,TN,TN
autoland,4405952,13,ad8d5d1385265583919f5a224e1153902b6eef60,macosx1015-64-shippable-qr,True,False,,|b|y|t|e|c|o|d|e|-|c|a|c|h|e|d| |c|o|l|d| |f|i|s|s|i|o|n| |w|e|b|r|e|n|d|e|r|,102210fe594ee9b33d82058545b1ed14f4c8206e,PerceptualSpeedIndex,twitter,True,twitter PerceptualSpeedIndex opt bytecode-cached cold fission webrender,,77,ms,firefox,,1804069358,2023-11-30 17:04:12,625.3,3ec1ddf45e5a6562bd1d81fe4144541880bf3a24,1340716,,,,,,,,,,,,,,,,,,,,,,,,,,,,,,,,,,,,,,,,,,,,,,,,,,,,,,,,,,,,,TN,TN
autoland,4405952,13,ad8d5d1385265583919f5a224e1153902b6eef60,macosx1015-64-shippable-qr,True,False,,|b|y|t|e|c|o|d|e|-|c|a|c|h|e|d| |c|o|l|d| |f|i|s|s|i|o|n| |w|e|b|r|e|n|d|e|r|,102210fe594ee9b33d82058545b1ed14f4c8206e,PerceptualSpeedIndex,twitter,True,twitter PerceptualSpeedIndex opt bytecode-cached cold fission webrender,,77,ms,firefox,,1804198924,2023-11-30 17:37:56,587.4,8dde1f563468bd246dff71c96a31d7f075ce7d56,1340742,,,,,,,,,,,,,,,,,,,,,,,,,,,,,,,,,,,,,,,,,,,,,,,,,,,,,,,,,,,,,TN,TN
autoland,4405952,13,ad8d5d1385265583919f5a224e1153902b6eef60,macosx1015-64-shippable-qr,True,False,,|b|y|t|e|c|o|d|e|-|c|a|c|h|e|d| |c|o|l|d| |f|i|s|s|i|o|n| |w|e|b|r|e|n|d|e|r|,102210fe594ee9b33d82058545b1ed14f4c8206e,PerceptualSpeedIndex,twitter,True,twitter PerceptualSpeedIndex opt bytecode-cached cold fission webrender,,77,ms,firefox,,1804170786,2023-11-30 17:40:15,610.5,df0f4cc6bda107aa2615bb366ec2b7d26773e889,1340743,,,,,,,,,,,,,,,,,,,,,,,,,,,,,,,,,,,,,,,,,,,,,,,,,,,,,,,,,,,,,TN,TN
autoland,4405952,13,ad8d5d1385265583919f5a224e1153902b6eef60,macosx1015-64-shippable-qr,True,False,,|b|y|t|e|c|o|d|e|-|c|a|c|h|e|d| |c|o|l|d| |f|i|s|s|i|o|n| |w|e|b|r|e|n|d|e|r|,102210fe594ee9b33d82058545b1ed14f4c8206e,PerceptualSpeedIndex,twitter,True,twitter PerceptualSpeedIndex opt bytecode-cached cold fission webrender,,77,ms,firefox,,1804076090,2023-11-30 20:20:14,591.1,620e49ab6438e8c933133e9b4eb7a11188514a70,1340881,,,,,,,,,,,,,,,,,,,,,,,,,,,,,,,,,,,,,,,,,,,,,,,,,,,,,,,,,,,,,TN,TN
autoland,4405952,13,ad8d5d1385265583919f5a224e1153902b6eef60,macosx1015-64-shippable-qr,True,False,,|b|y|t|e|c|o|d|e|-|c|a|c|h|e|d| |c|o|l|d| |f|i|s|s|i|o|n| |w|e|b|r|e|n|d|e|r|,102210fe594ee9b33d82058545b1ed14f4c8206e,PerceptualSpeedIndex,twitter,True,twitter PerceptualSpeedIndex opt bytecode-cached cold fission webrender,,77,ms,firefox,,1804164899,2023-11-30 20:22:02,608.1,e6f456e40dda9f799c2fef84edc219d26631e268,1340886,,,,,,,,,,,,,,,,,,,,,,,,,,,,,,,,,,,,,,,,,,,,,,,,,,,,,,,,,,,,,TN,TN
autoland,4405952,13,ad8d5d1385265583919f5a224e1153902b6eef60,macosx1015-64-shippable-qr,True,False,,|b|y|t|e|c|o|d|e|-|c|a|c|h|e|d| |c|o|l|d| |f|i|s|s|i|o|n| |w|e|b|r|e|n|d|e|r|,102210fe594ee9b33d82058545b1ed14f4c8206e,PerceptualSpeedIndex,twitter,True,twitter PerceptualSpeedIndex opt bytecode-cached cold fission webrender,,77,ms,firefox,,1804206852,2023-11-30 20:24:49,635.3,faeaf5bd4445bd6831e09956e6f78eb06629517d,1340888,,,,,,,,,,,,,,,,,,,,,,,,,,,,,,,,,,,,,,,,,,,,,,,,,,,,,,,,,,,,,TN,TN
autoland,4405952,13,ad8d5d1385265583919f5a224e1153902b6eef60,macosx1015-64-shippable-qr,True,False,,|b|y|t|e|c|o|d|e|-|c|a|c|h|e|d| |c|o|l|d| |f|i|s|s|i|o|n| |w|e|b|r|e|n|d|e|r|,102210fe594ee9b33d82058545b1ed14f4c8206e,PerceptualSpeedIndex,twitter,True,twitter PerceptualSpeedIndex opt bytecode-cached cold fission webrender,,77,ms,firefox,,1804091941,2023-11-30 22:54:04,612.9,68378d2409bc693ef00f3f157ecaea7067df7edc,1340995,,,,,,,,,,,,,,,,,,,,,,,,,,,,,,,,,,,,,,,,,,,,,,,,,,,,,,,,,,,,,TN,TN
autoland,4405952,13,ad8d5d1385265583919f5a224e1153902b6eef60,macosx1015-64-shippable-qr,True,False,,|b|y|t|e|c|o|d|e|-|c|a|c|h|e|d| |c|o|l|d| |f|i|s|s|i|o|n| |w|e|b|r|e|n|d|e|r|,102210fe594ee9b33d82058545b1ed14f4c8206e,PerceptualSpeedIndex,twitter,True,twitter PerceptualSpeedIndex opt bytecode-cached cold fission webrender,,77,ms,firefox,,1804110529,2023-12-01 03:29:20,603.6,a1795b069cc23fbcb93366d99b3ddfb8664f054c,1341103,,,,,,,,,,,,,,,,,,,,,,,,,,,,,,,,,,,,,,,,,,,,,,,,,,,,,,,,,,,,,TN,TN
autoland,4405952,13,ad8d5d1385265583919f5a224e1153902b6eef60,macosx1015-64-shippable-qr,True,False,,|b|y|t|e|c|o|d|e|-|c|a|c|h|e|d| |c|o|l|d| |f|i|s|s|i|o|n| |w|e|b|r|e|n|d|e|r|,102210fe594ee9b33d82058545b1ed14f4c8206e,PerceptualSpeedIndex,twitter,True,twitter PerceptualSpeedIndex opt bytecode-cached cold fission webrender,,77,ms,firefox,,1804225049,2023-12-01 07:13:54,601.0,81869d55a8d7b3d1d573810ab4e99f63cbe11a8a,1341156,,,,,,,,,,,,,,,,,,,,,,,,,,,,,,,,,,,,,,,,,,,,,,,,,,,,,,,,,,,,,TN,TN
autoland,4405952,13,ad8d5d1385265583919f5a224e1153902b6eef60,macosx1015-64-shippable-qr,True,False,,|b|y|t|e|c|o|d|e|-|c|a|c|h|e|d| |c|o|l|d| |f|i|s|s|i|o|n| |w|e|b|r|e|n|d|e|r|,102210fe594ee9b33d82058545b1ed14f4c8206e,PerceptualSpeedIndex,twitter,True,twitter PerceptualSpeedIndex opt bytecode-cached cold fission webrender,,77,ms,firefox,,1804404874,2023-12-01 11:47:02,597.7,7440634a33a31738fc145eeac0bb47bc73fc64a0,1341285,,,,,,,,,,,,,,,,,,,,,,,,,,,,,,,,,,,,,,,,,,,,,,,,,,,,,,,,,,,,,TN,TN
autoland,4405952,13,ad8d5d1385265583919f5a224e1153902b6eef60,macosx1015-64-shippable-qr,True,False,,|b|y|t|e|c|o|d|e|-|c|a|c|h|e|d| |c|o|l|d| |f|i|s|s|i|o|n| |w|e|b|r|e|n|d|e|r|,102210fe594ee9b33d82058545b1ed14f4c8206e,PerceptualSpeedIndex,twitter,True,twitter PerceptualSpeedIndex opt bytecode-cached cold fission webrender,,77,ms,firefox,,1804448369,2023-12-01 14:17:01,594.7,22b9561cfef1c56a9940f5117d7ff6a754861629,1341402,,,,,,,,,,,,,,,,,,,,,,,,,,,,,,,,,,,,,,,,,,,,,,,,,,,,,,,,,,,,,TN,TN
autoland,4405952,13,ad8d5d1385265583919f5a224e1153902b6eef60,macosx1015-64-shippable-qr,True,False,,|b|y|t|e|c|o|d|e|-|c|a|c|h|e|d| |c|o|l|d| |f|i|s|s|i|o|n| |w|e|b|r|e|n|d|e|r|,102210fe594ee9b33d82058545b1ed14f4c8206e,PerceptualSpeedIndex,twitter,True,twitter PerceptualSpeedIndex opt bytecode-cached cold fission webrender,,77,ms,firefox,,1804578313,2023-12-01 17:28:20,612.9,efe09552a4d3540f0639e50d023f74997921fa37,1341534,,,,,,,,,,,,,,,,,,,,,,,,,,,,,,,,,,,,,,,,,,,,,,,,,,,,,,,,,,,,,TN,TN
autoland,4405952,13,ad8d5d1385265583919f5a224e1153902b6eef60,macosx1015-64-shippable-qr,True,False,,|b|y|t|e|c|o|d|e|-|c|a|c|h|e|d| |c|o|l|d| |f|i|s|s|i|o|n| |w|e|b|r|e|n|d|e|r|,102210fe594ee9b33d82058545b1ed14f4c8206e,PerceptualSpeedIndex,twitter,True,twitter PerceptualSpeedIndex opt bytecode-cached cold fission webrender,,77,ms,firefox,,1804788363,2023-12-01 19:21:29,605.8,395e2da83ee8013844620d77f01730af2164eafc,1341607,,,,,,,,,,,,,,,,,,,,,,,,,,,,,,,,,,,,,,,,,,,,,,,,,,,,,,,,,,,,,TN,TN
autoland,4405952,13,ad8d5d1385265583919f5a224e1153902b6eef60,macosx1015-64-shippable-qr,True,False,,|b|y|t|e|c|o|d|e|-|c|a|c|h|e|d| |c|o|l|d| |f|i|s|s|i|o|n| |w|e|b|r|e|n|d|e|r|,102210fe594ee9b33d82058545b1ed14f4c8206e,PerceptualSpeedIndex,twitter,True,twitter PerceptualSpeedIndex opt bytecode-cached cold fission webrender,,77,ms,firefox,,1804791503,2023-12-01 19:22:33,628.5,79ab6b2ca205df8f3aea4a749d7f81c062b9d1cb,1341609,,,,,,,,,,,,,,,,,,,,,,,,,,,,,,,,,,,,,,,,,,,,,,,,,,,,,,,,,,,,,TN,TN
autoland,4405952,13,ad8d5d1385265583919f5a224e1153902b6eef60,macosx1015-64-shippable-qr,True,False,,|b|y|t|e|c|o|d|e|-|c|a|c|h|e|d| |c|o|l|d| |f|i|s|s|i|o|n| |w|e|b|r|e|n|d|e|r|,102210fe594ee9b33d82058545b1ed14f4c8206e,PerceptualSpeedIndex,twitter,True,twitter PerceptualSpeedIndex opt bytecode-cached cold fission webrender,,77,ms,firefox,,1804772119,2023-12-01 19:31:46,627.9,97bd03fdb1bec86b388b3393aa328608da4b388d,1341619,,,,,,,,,,,,,,,,,,,,,,,,,,,,,,,,,,,,,,,,,,,,,,,,,,,,,,,,,,,,,TN,TN
autoland,4405952,13,ad8d5d1385265583919f5a224e1153902b6eef60,macosx1015-64-shippable-qr,True,False,,|b|y|t|e|c|o|d|e|-|c|a|c|h|e|d| |c|o|l|d| |f|i|s|s|i|o|n| |w|e|b|r|e|n|d|e|r|,102210fe594ee9b33d82058545b1ed14f4c8206e,PerceptualSpeedIndex,twitter,True,twitter PerceptualSpeedIndex opt bytecode-cached cold fission webrender,,77,ms,firefox,,1804781921,2023-12-01 20:03:19,595.4,9f4e654aca48bbf21fe893213989c7eef3cac4d7,1341635,,,,,,,,,,,,,,,,,,,,,,,,,,,,,,,,,,,,,,,,,,,,,,,,,,,,,,,,,,,,,TN,TN
autoland,4405952,13,ad8d5d1385265583919f5a224e1153902b6eef60,macosx1015-64-shippable-qr,True,False,,|b|y|t|e|c|o|d|e|-|c|a|c|h|e|d| |c|o|l|d| |f|i|s|s|i|o|n| |w|e|b|r|e|n|d|e|r|,102210fe594ee9b33d82058545b1ed14f4c8206e,PerceptualSpeedIndex,twitter,True,twitter PerceptualSpeedIndex opt bytecode-cached cold fission webrender,,77,ms,firefox,,1804694057,2023-12-01 20:34:55,624.5,a5a9381a759e44485d639727614ceb2b77851c90,1341661,,,,,,,,,,,,,,,,,,,,,,,,,,,,,,,,,,,,,,,,,,,,,,,,,,,,,,,,,,,,,TN,TN
autoland,4405952,13,ad8d5d1385265583919f5a224e1153902b6eef60,macosx1015-64-shippable-qr,True,False,,|b|y|t|e|c|o|d|e|-|c|a|c|h|e|d| |c|o|l|d| |f|i|s|s|i|o|n| |w|e|b|r|e|n|d|e|r|,102210fe594ee9b33d82058545b1ed14f4c8206e,PerceptualSpeedIndex,twitter,True,twitter PerceptualSpeedIndex opt bytecode-cached cold fission webrender,,77,ms,firefox,,1804763826,2023-12-01 20:38:14,643.0,31ee979a197aa22bdbd9ddf747e6adccea5b591d,1341662,,,,,,,,,,,,,,,,,,,,,,,,,,,,,,,,,,,,,,,,,,,,,,,,,,,,,,,,,,,,,TN,TN
autoland,4405952,13,ad8d5d1385265583919f5a224e1153902b6eef60,macosx1015-64-shippable-qr,True,False,,|b|y|t|e|c|o|d|e|-|c|a|c|h|e|d| |c|o|l|d| |f|i|s|s|i|o|n| |w|e|b|r|e|n|d|e|r|,102210fe594ee9b33d82058545b1ed14f4c8206e,PerceptualSpeedIndex,twitter,True,twitter PerceptualSpeedIndex opt bytecode-cached cold fission webrender,,77,ms,firefox,,1804766476,2023-12-01 20:38:14,623.3,31ee979a197aa22bdbd9ddf747e6adccea5b591d,1341662,,,,,,,,,,,,,,,,,,,,,,,,,,,,,,,,,,,,,,,,,,,,,,,,,,,,,,,,,,,,,TN,TN
autoland,4405952,13,ad8d5d1385265583919f5a224e1153902b6eef60,macosx1015-64-shippable-qr,True,False,,|b|y|t|e|c|o|d|e|-|c|a|c|h|e|d| |c|o|l|d| |f|i|s|s|i|o|n| |w|e|b|r|e|n|d|e|r|,102210fe594ee9b33d82058545b1ed14f4c8206e,PerceptualSpeedIndex,twitter,True,twitter PerceptualSpeedIndex opt bytecode-cached cold fission webrender,,77,ms,firefox,,1804765676,2023-12-01 20:53:45,624.8,2a52041afc10652845d2b12c671546363922fbdd,1341673,,,,,,,,,,,,,,,,,,,,,,,,,,,,,,,,,,,,,,,,,,,,,,,,,,,,,,,,,,,,,TN,TN
autoland,4405952,13,ad8d5d1385265583919f5a224e1153902b6eef60,macosx1015-64-shippable-qr,True,False,,|b|y|t|e|c|o|d|e|-|c|a|c|h|e|d| |c|o|l|d| |f|i|s|s|i|o|n| |w|e|b|r|e|n|d|e|r|,102210fe594ee9b33d82058545b1ed14f4c8206e,PerceptualSpeedIndex,twitter,True,twitter PerceptualSpeedIndex opt bytecode-cached cold fission webrender,,77,ms,firefox,,1804799621,2023-12-01 23:29:44,610.2,387f8657fe91f06ad2988f2381601d3f55533a9b,1341770,,,,,,,,,,,,,,,,,,,,,,,,,,,,,,,,,,,,,,,,,,,,,,,,,,,,,,,,,,,,,TN,TN
autoland,4405952,13,ad8d5d1385265583919f5a224e1153902b6eef60,macosx1015-64-shippable-qr,True,False,,|b|y|t|e|c|o|d|e|-|c|a|c|h|e|d| |c|o|l|d| |f|i|s|s|i|o|n| |w|e|b|r|e|n|d|e|r|,102210fe594ee9b33d82058545b1ed14f4c8206e,PerceptualSpeedIndex,twitter,True,twitter PerceptualSpeedIndex opt bytecode-cached cold fission webrender,,77,ms,firefox,,1804800922,2023-12-01 23:35:18,590.7,b2c7644e41eb5e082bf26a7b02cf780d20bada1c,1341772,,,,,,,,,,,,,,,,,,,,,,,,,,,,,,,,,,,,,,,,,,,,,,,,,,,,,,,,,,,,,TN,TN
autoland,4405952,13,ad8d5d1385265583919f5a224e1153902b6eef60,macosx1015-64-shippable-qr,True,False,,|b|y|t|e|c|o|d|e|-|c|a|c|h|e|d| |c|o|l|d| |f|i|s|s|i|o|n| |w|e|b|r|e|n|d|e|r|,102210fe594ee9b33d82058545b1ed14f4c8206e,PerceptualSpeedIndex,twitter,True,twitter PerceptualSpeedIndex opt bytecode-cached cold fission webrender,,77,ms,firefox,,1804724142,2023-12-02 01:52:53,675.1,bf4c1083cec10076ccbf07f2cfc3e18b04d0bf72,1341816,,,,,,,,,,,,,,,,,,,,,,,,,,,,,,,,,,,,,,,,,,,,,,,,,,,,,,,,,,,,,TN,TN
autoland,4405952,13,ad8d5d1385265583919f5a224e1153902b6eef60,macosx1015-64-shippable-qr,True,False,,|b|y|t|e|c|o|d|e|-|c|a|c|h|e|d| |c|o|l|d| |f|i|s|s|i|o|n| |w|e|b|r|e|n|d|e|r|,102210fe594ee9b33d82058545b1ed14f4c8206e,PerceptualSpeedIndex,twitter,True,twitter PerceptualSpeedIndex opt bytecode-cached cold fission webrender,,77,ms,firefox,,1804857606,2023-12-02 08:10:23,629.3,965cddb8421900af69da86a586e617bf7dec3b56,1341832,,,,,,,,,,,,,,,,,,,,,,,,,,,,,,,,,,,,,,,,,,,,,,,,,,,,,,,,,,,,,TN,TN
autoland,4405952,13,ad8d5d1385265583919f5a224e1153902b6eef60,macosx1015-64-shippable-qr,True,False,,|b|y|t|e|c|o|d|e|-|c|a|c|h|e|d| |c|o|l|d| |f|i|s|s|i|o|n| |w|e|b|r|e|n|d|e|r|,102210fe594ee9b33d82058545b1ed14f4c8206e,PerceptualSpeedIndex,twitter,True,twitter PerceptualSpeedIndex opt bytecode-cached cold fission webrender,,77,ms,firefox,,1804961491,2023-12-02 14:39:28,692.9,2d582fee4916ee442de05970cc77f7be702c22a2,1341863,,,,,,,,,,,,,,,,,,,,,,,,,,,,,,,,,,,,,,,,,,,,,,,,,,,,,,,,,,,,,TN,TN
autoland,4405952,13,ad8d5d1385265583919f5a224e1153902b6eef60,macosx1015-64-shippable-qr,True,False,,|b|y|t|e|c|o|d|e|-|c|a|c|h|e|d| |c|o|l|d| |f|i|s|s|i|o|n| |w|e|b|r|e|n|d|e|r|,102210fe594ee9b33d82058545b1ed14f4c8206e,PerceptualSpeedIndex,twitter,True,twitter PerceptualSpeedIndex opt bytecode-cached cold fission webrender,,77,ms,firefox,,1805021087,2023-12-02 18:55:31,622.1,d5a2cb7b9272b5c9cdfe4a0397c570ce5f9260bf,1341891,,,,,,,,,,,,,,,,,,,,,,,,,,,,,,,,,,,,,,,,,,,,,,,,,,,,,,,,,,,,,TN,TN
autoland,4405952,13,ad8d5d1385265583919f5a224e1153902b6eef60,macosx1015-64-shippable-qr,True,False,,|b|y|t|e|c|o|d|e|-|c|a|c|h|e|d| |c|o|l|d| |f|i|s|s|i|o|n| |w|e|b|r|e|n|d|e|r|,102210fe594ee9b33d82058545b1ed14f4c8206e,PerceptualSpeedIndex,twitter,True,twitter PerceptualSpeedIndex opt bytecode-cached cold fission webrender,,77,ms,firefox,,1805077650,2023-12-03 00:49:27,583.7,fe75ab906c798b6697934b3789355dceb5748966,1341930,,,,,,,,,,,,,,,,,,,,,,,,,,,,,,,,,,,,,,,,,,,,,,,,,,,,,,,,,,,,,TN,TN
autoland,4405952,13,ad8d5d1385265583919f5a224e1153902b6eef60,macosx1015-64-shippable-qr,True,False,,|b|y|t|e|c|o|d|e|-|c|a|c|h|e|d| |c|o|l|d| |f|i|s|s|i|o|n| |w|e|b|r|e|n|d|e|r|,102210fe594ee9b33d82058545b1ed14f4c8206e,PerceptualSpeedIndex,twitter,True,twitter PerceptualSpeedIndex opt bytecode-cached cold fission webrender,,77,ms,firefox,,1805122114,2023-12-03 05:05:07,614.1,8e959a7ded5f111e711c06a6728f76d3bd660699,1341942,,,,,,,,,,,,,,,,,,,,,,,,,,,,,,,,,,,,,,,,,,,,,,,,,,,,,,,,,,,,,TN,TN
autoland,4405952,13,ad8d5d1385265583919f5a224e1153902b6eef60,macosx1015-64-shippable-qr,True,False,,|b|y|t|e|c|o|d|e|-|c|a|c|h|e|d| |c|o|l|d| |f|i|s|s|i|o|n| |w|e|b|r|e|n|d|e|r|,102210fe594ee9b33d82058545b1ed14f4c8206e,PerceptualSpeedIndex,twitter,True,twitter PerceptualSpeedIndex opt bytecode-cached cold fission webrender,,77,ms,firefox,,1805239721,2023-12-03 10:45:57,604.9,5d84c395021682cc2af1bf5da98c205cfbc32f76,1341997,,,,,,,,,,,,,,,,,,,,,,,,,,,,,,,,,,,,,,,,,,,,,,,,,,,,,,,,,,,,,TN,TN
autoland,4405952,13,ad8d5d1385265583919f5a224e1153902b6eef60,macosx1015-64-shippable-qr,True,False,,|b|y|t|e|c|o|d|e|-|c|a|c|h|e|d| |c|o|l|d| |f|i|s|s|i|o|n| |w|e|b|r|e|n|d|e|r|,102210fe594ee9b33d82058545b1ed14f4c8206e,PerceptualSpeedIndex,twitter,True,twitter PerceptualSpeedIndex opt bytecode-cached cold fission webrender,,77,ms,firefox,,1805251593,2023-12-03 12:21:22,628.1,3445cc3f842050a3cdfc4da74ce254df933f7e7b,1342011,,,,,,,,,,,,,,,,,,,,,,,,,,,,,,,,,,,,,,,,,,,,,,,,,,,,,,,,,,,,,TN,TN
autoland,4405952,13,ad8d5d1385265583919f5a224e1153902b6eef60,macosx1015-64-shippable-qr,True,False,,|b|y|t|e|c|o|d|e|-|c|a|c|h|e|d| |c|o|l|d| |f|i|s|s|i|o|n| |w|e|b|r|e|n|d|e|r|,102210fe594ee9b33d82058545b1ed14f4c8206e,PerceptualSpeedIndex,twitter,True,twitter PerceptualSpeedIndex opt bytecode-cached cold fission webrender,,77,ms,firefox,,1805310949,2023-12-03 18:05:44,593.1,8038f0b90bbd46dcb74eaaddf1fd1c6871dc4426,1342033,,,,,,,,,,,,,,,,,,,,,,,,,,,,,,,,,,,,,,,,,,,,,,,,,,,,,,,,,,,,,TN,TN
autoland,4405952,13,ad8d5d1385265583919f5a224e1153902b6eef60,macosx1015-64-shippable-qr,True,False,,|b|y|t|e|c|o|d|e|-|c|a|c|h|e|d| |c|o|l|d| |f|i|s|s|i|o|n| |w|e|b|r|e|n|d|e|r|,102210fe594ee9b33d82058545b1ed14f4c8206e,PerceptualSpeedIndex,twitter,True,twitter PerceptualSpeedIndex opt bytecode-cached cold fission webrender,,77,ms,firefox,,1805408150,2023-12-04 01:54:51,593.9,369922cc5c4efad6c87b13600325eb5a989cde81,1342108,,,,,,,,,,,,,,,,,,,,,,,,,,,,,,,,,,,,,,,,,,,,,,,,,,,,,,,,,,,,,TN,TN
autoland,4405952,13,ad8d5d1385265583919f5a224e1153902b6eef60,macosx1015-64-shippable-qr,True,False,,|b|y|t|e|c|o|d|e|-|c|a|c|h|e|d| |c|o|l|d| |f|i|s|s|i|o|n| |w|e|b|r|e|n|d|e|r|,102210fe594ee9b33d82058545b1ed14f4c8206e,PerceptualSpeedIndex,twitter,True,twitter PerceptualSpeedIndex opt bytecode-cached cold fission webrender,,77,ms,firefox,,1805704955,2023-12-04 11:05:28,625.9,223106736a61f5cc112b0cc9d38ab1f63e034f89,1342238,,,,,,,,,,,,,,,,,,,,,,,,,,,,,,,,,,,,,,,,,,,,,,,,,,,,,,,,,,,,,TN,TN
autoland,4405952,13,ad8d5d1385265583919f5a224e1153902b6eef60,macosx1015-64-shippable-qr,True,False,,|b|y|t|e|c|o|d|e|-|c|a|c|h|e|d| |c|o|l|d| |f|i|s|s|i|o|n| |w|e|b|r|e|n|d|e|r|,102210fe594ee9b33d82058545b1ed14f4c8206e,PerceptualSpeedIndex,twitter,True,twitter PerceptualSpeedIndex opt bytecode-cached cold fission webrender,,77,ms,firefox,,1805709261,2023-12-04 11:06:23,626.9,20b709d0fa5633c408dd900f830b09af96c0465d,1342240,,,,,,,,,,,,,,,,,,,,,,,,,,,,,,,,,,,,,,,,,,,,,,,,,,,,,,,,,,,,,TN,TN
autoland,4405952,13,ad8d5d1385265583919f5a224e1153902b6eef60,macosx1015-64-shippable-qr,True,False,,|b|y|t|e|c|o|d|e|-|c|a|c|h|e|d| |c|o|l|d| |f|i|s|s|i|o|n| |w|e|b|r|e|n|d|e|r|,102210fe594ee9b33d82058545b1ed14f4c8206e,PerceptualSpeedIndex,twitter,True,twitter PerceptualSpeedIndex opt bytecode-cached cold fission webrender,,77,ms,firefox,,1806206988,2023-12-04 13:16:38,581.0,97f759dedbc9028323bba1817bba400e8c09e9de,1342301,,,,,,,,,,,,,,,,,,,,,,,,,,,,,,,,,,,,,,,,,,,,,,,,,,,,,,,,,,,,,TN,TN
autoland,4405952,13,ad8d5d1385265583919f5a224e1153902b6eef60,macosx1015-64-shippable-qr,True,False,,|b|y|t|e|c|o|d|e|-|c|a|c|h|e|d| |c|o|l|d| |f|i|s|s|i|o|n| |w|e|b|r|e|n|d|e|r|,102210fe594ee9b33d82058545b1ed14f4c8206e,PerceptualSpeedIndex,twitter,True,twitter PerceptualSpeedIndex opt bytecode-cached cold fission webrender,,77,ms,firefox,,1806212378,2023-12-04 13:59:28,596.5,4f1343fb977425ae4f66a42bd000c5fe434b9902,1342330,,,,,,,,,,,,,,,,,,,,,,,,,,,,,,,,,,,,,,,,,,,,,,,,,,,,,,,,,,,,,TN,TN
autoland,4405952,13,ad8d5d1385265583919f5a224e1153902b6eef60,macosx1015-64-shippable-qr,True,False,,|b|y|t|e|c|o|d|e|-|c|a|c|h|e|d| |c|o|l|d| |f|i|s|s|i|o|n| |w|e|b|r|e|n|d|e|r|,102210fe594ee9b33d82058545b1ed14f4c8206e,PerceptualSpeedIndex,twitter,True,twitter PerceptualSpeedIndex opt bytecode-cached cold fission webrender,,77,ms,firefox,,1806228413,2023-12-04 14:24:03,661.4,c937411c15e54bfe69abb088c2721fec07a2d5a4,1342356,,,,,,,,,,,,,,,,,,,,,,,,,,,,,,,,,,,,,,,,,,,,,,,,,,,,,,,,,,,,,TN,TN
autoland,4405952,13,ad8d5d1385265583919f5a224e1153902b6eef60,macosx1015-64-shippable-qr,True,False,,|b|y|t|e|c|o|d|e|-|c|a|c|h|e|d| |c|o|l|d| |f|i|s|s|i|o|n| |w|e|b|r|e|n|d|e|r|,102210fe594ee9b33d82058545b1ed14f4c8206e,PerceptualSpeedIndex,twitter,True,twitter PerceptualSpeedIndex opt bytecode-cached cold fission webrender,,77,ms,firefox,,1806202710,2023-12-04 14:29:26,629.3,1512f0acb58b18405278e4c90a67e3007f15f786,1342361,,,,,,,,,,,,,,,,,,,,,,,,,,,,,,,,,,,,,,,,,,,,,,,,,,,,,,,,,,,,,TN,TN
autoland,4405952,13,ad8d5d1385265583919f5a224e1153902b6eef60,macosx1015-64-shippable-qr,True,False,,|b|y|t|e|c|o|d|e|-|c|a|c|h|e|d| |c|o|l|d| |f|i|s|s|i|o|n| |w|e|b|r|e|n|d|e|r|,102210fe594ee9b33d82058545b1ed14f4c8206e,PerceptualSpeedIndex,twitter,True,twitter PerceptualSpeedIndex opt bytecode-cached cold fission webrender,,77,ms,firefox,,1805879941,2023-12-04 14:54:31,601.6,38094e01a744c421fe469d9a01cbfe12a1ee949b,1342377,,,,,,,,,,,,,,,,,,,,,,,,,,,,,,,,,,,,,,,,,,,,,,,,,,,,,,,,,,,,,TN,TN
autoland,4405952,13,ad8d5d1385265583919f5a224e1153902b6eef60,macosx1015-64-shippable-qr,True,False,,|b|y|t|e|c|o|d|e|-|c|a|c|h|e|d| |c|o|l|d| |f|i|s|s|i|o|n| |w|e|b|r|e|n|d|e|r|,102210fe594ee9b33d82058545b1ed14f4c8206e,PerceptualSpeedIndex,twitter,True,twitter PerceptualSpeedIndex opt bytecode-cached cold fission webrender,,77,ms,firefox,,1806102574,2023-12-04 19:05:48,607.3,72ca57fdc9feb1e9765ce2cc4f26b6b60135122f,1342587,,,,,,,,,,,,,,,,,,,,,,,,,,,,,,,,,,,,,,,,,,,,,,,,,,,,,,,,,,,,,TN,TN
autoland,4405952,13,ad8d5d1385265583919f5a224e1153902b6eef60,macosx1015-64-shippable-qr,True,False,,|b|y|t|e|c|o|d|e|-|c|a|c|h|e|d| |c|o|l|d| |f|i|s|s|i|o|n| |w|e|b|r|e|n|d|e|r|,102210fe594ee9b33d82058545b1ed14f4c8206e,PerceptualSpeedIndex,twitter,True,twitter PerceptualSpeedIndex opt bytecode-cached cold fission webrender,,77,ms,firefox,,1806148295,2023-12-05 02:36:15,601.0,39486bb8305a2e3128c6ecd97d33378744922507,1342897,,,,,,,,,,,,,,,,,,,,,,,,,,,,,,,,,,,,,,,,,,,,,,,,,,,,,,,,,,,,,TN,TN
autoland,4405952,13,ad8d5d1385265583919f5a224e1153902b6eef60,macosx1015-64-shippable-qr,True,False,,|b|y|t|e|c|o|d|e|-|c|a|c|h|e|d| |c|o|l|d| |f|i|s|s|i|o|n| |w|e|b|r|e|n|d|e|r|,102210fe594ee9b33d82058545b1ed14f4c8206e,PerceptualSpeedIndex,twitter,True,twitter PerceptualSpeedIndex opt bytecode-cached cold fission webrender,,77,ms,firefox,,1806193296,2023-12-05 03:50:36,610.5,775ade8b04da775ad41d5d135baae415863a874c,1342908,,,,,,,,,,,,,,,,,,,,,,,,,,,,,,,,,,,,,,,,,,,,,,,,,,,,,,,,,,,,,TN,TN
autoland,4405952,13,ad8d5d1385265583919f5a224e1153902b6eef60,macosx1015-64-shippable-qr,True,False,,|b|y|t|e|c|o|d|e|-|c|a|c|h|e|d| |c|o|l|d| |f|i|s|s|i|o|n| |w|e|b|r|e|n|d|e|r|,102210fe594ee9b33d82058545b1ed14f4c8206e,PerceptualSpeedIndex,twitter,True,twitter PerceptualSpeedIndex opt bytecode-cached cold fission webrender,,77,ms,firefox,,1806360431,2023-12-05 08:48:01,606.8,429e8cc8473b4c76828d06e2f07abbeb9dbebd81,1342965,,,,,,,,,,,,,,,,,,,,,,,,,,,,,,,,,,,,,,,,,,,,,,,,,,,,,,,,,,,,,TN,TN
autoland,4405952,13,ad8d5d1385265583919f5a224e1153902b6eef60,macosx1015-64-shippable-qr,True,False,,|b|y|t|e|c|o|d|e|-|c|a|c|h|e|d| |c|o|l|d| |f|i|s|s|i|o|n| |w|e|b|r|e|n|d|e|r|,102210fe594ee9b33d82058545b1ed14f4c8206e,PerceptualSpeedIndex,twitter,True,twitter PerceptualSpeedIndex opt bytecode-cached cold fission webrender,,77,ms,firefox,,1806399221,2023-12-05 11:07:31,595.9,10602eb918edd2ccf85a22fb60b3dc62c845c42a,1343031,,,,,,,,,,,,,,,,,,,,,,,,,,,,,,,,,,,,,,,,,,,,,,,,,,,,,,,,,,,,,TN,TN
autoland,4405952,13,ad8d5d1385265583919f5a224e1153902b6eef60,macosx1015-64-shippable-qr,True,False,,|b|y|t|e|c|o|d|e|-|c|a|c|h|e|d| |c|o|l|d| |f|i|s|s|i|o|n| |w|e|b|r|e|n|d|e|r|,102210fe594ee9b33d82058545b1ed14f4c8206e,PerceptualSpeedIndex,twitter,True,twitter PerceptualSpeedIndex opt bytecode-cached cold fission webrender,,77,ms,firefox,,1806912007,2023-12-05 14:09:06,611.4,91c058c18c2a5e76a0f90fce266b0fcbe74f5ad3,1343100,,,,,,,,,,,,,,,,,,,,,,,,,,,,,,,,,,,,,,,,,,,,,,,,,,,,,,,,,,,,,TN,TN
autoland,4405952,13,ad8d5d1385265583919f5a224e1153902b6eef60,macosx1015-64-shippable-qr,True,False,,|b|y|t|e|c|o|d|e|-|c|a|c|h|e|d| |c|o|l|d| |f|i|s|s|i|o|n| |w|e|b|r|e|n|d|e|r|,102210fe594ee9b33d82058545b1ed14f4c8206e,PerceptualSpeedIndex,twitter,True,twitter PerceptualSpeedIndex opt bytecode-cached cold fission webrender,,77,ms,firefox,,1806942823,2023-12-05 14:30:17,584.6,d7ec576e1046afdd1d78ec401cb31a844b623ce9,1343108,,,,,,,,,,,,,,,,,,,,,,,,,,,,,,,,,,,,,,,,,,,,,,,,,,,,,,,,,,,,,TN,TN
autoland,4405952,13,ad8d5d1385265583919f5a224e1153902b6eef60,macosx1015-64-shippable-qr,True,False,,|b|y|t|e|c|o|d|e|-|c|a|c|h|e|d| |c|o|l|d| |f|i|s|s|i|o|n| |w|e|b|r|e|n|d|e|r|,102210fe594ee9b33d82058545b1ed14f4c8206e,PerceptualSpeedIndex,twitter,True,twitter PerceptualSpeedIndex opt bytecode-cached cold fission webrender,,77,ms,firefox,,1806645991,2023-12-05 15:11:37,602.2,e603b8b016d76de025bea02bfdc1e0590166c2c0,1343145,,,,,,,,,,,,,,,,,,,,,,,,,,,,,,,,,,,,,,,,,,,,,,,,,,,,,,,,,,,,,TN,TN
autoland,4405952,13,ad8d5d1385265583919f5a224e1153902b6eef60,macosx1015-64-shippable-qr,True,False,,|b|y|t|e|c|o|d|e|-|c|a|c|h|e|d| |c|o|l|d| |f|i|s|s|i|o|n| |w|e|b|r|e|n|d|e|r|,102210fe594ee9b33d82058545b1ed14f4c8206e,PerceptualSpeedIndex,twitter,True,twitter PerceptualSpeedIndex opt bytecode-cached cold fission webrender,,77,ms,firefox,,1806809837,2023-12-05 16:28:46,620.3,91bda8b5915b84ed6533a6620f955f271dc5aac3,1343203,,,,,,,,,,,,,,,,,,,,,,,,,,,,,,,,,,,,,,,,,,,,,,,,,,,,,,,,,,,,,TN,TN
autoland,4405952,13,ad8d5d1385265583919f5a224e1153902b6eef60,macosx1015-64-shippable-qr,True,False,,|b|y|t|e|c|o|d|e|-|c|a|c|h|e|d| |c|o|l|d| |f|i|s|s|i|o|n| |w|e|b|r|e|n|d|e|r|,102210fe594ee9b33d82058545b1ed14f4c8206e,PerceptualSpeedIndex,twitter,True,twitter PerceptualSpeedIndex opt bytecode-cached cold fission webrender,,77,ms,firefox,,1806859145,2023-12-05 20:37:35,710.9,f778448a1da5f0622c4361d37810461a035f4627,1343409,,,,,,,,,,,,,,,,,,,,,,,,,,,,,,,,,,,,,,,,,,,,,,,,,,,,,,,,,,,,,TN,TN
autoland,4405952,13,ad8d5d1385265583919f5a224e1153902b6eef60,macosx1015-64-shippable-qr,True,False,,|b|y|t|e|c|o|d|e|-|c|a|c|h|e|d| |c|o|l|d| |f|i|s|s|i|o|n| |w|e|b|r|e|n|d|e|r|,102210fe594ee9b33d82058545b1ed14f4c8206e,PerceptualSpeedIndex,twitter,True,twitter PerceptualSpeedIndex opt bytecode-cached cold fission webrender,,77,ms,firefox,,1806869121,2023-12-05 21:38:52,746.6,177375e24d1352ab203de0ac3aa53003c5d0ffd2,1343440,,,,,,,,,,,,,,,,,,,,,,,,,,,,,,,,,,,,,,,,,,,,,,,,,,,,,,,,,,,,,TN,TN
autoland,4405952,13,ad8d5d1385265583919f5a224e1153902b6eef60,macosx1015-64-shippable-qr,True,False,,|b|y|t|e|c|o|d|e|-|c|a|c|h|e|d| |c|o|l|d| |f|i|s|s|i|o|n| |w|e|b|r|e|n|d|e|r|,102210fe594ee9b33d82058545b1ed14f4c8206e,PerceptualSpeedIndex,twitter,True,twitter PerceptualSpeedIndex opt bytecode-cached cold fission webrender,,77,ms,firefox,,1806897999,2023-12-06 02:13:38,627.2,30004166d9f2cc3399da68e8762c35b1b886c0dc,1343563,,,,,,,,,,,,,,,,,,,,,,,,,,,,,,,,,,,,,,,,,,,,,,,,,,,,,,,,,,,,,TN,TN
autoland,4405952,13,ad8d5d1385265583919f5a224e1153902b6eef60,macosx1015-64-shippable-qr,True,False,,|b|y|t|e|c|o|d|e|-|c|a|c|h|e|d| |c|o|l|d| |f|i|s|s|i|o|n| |w|e|b|r|e|n|d|e|r|,102210fe594ee9b33d82058545b1ed14f4c8206e,PerceptualSpeedIndex,twitter,True,twitter PerceptualSpeedIndex opt bytecode-cached cold fission webrender,,77,ms,firefox,,1807010130,2023-12-06 09:09:58,620.0,63afa0f8febdc8b199d998d50bb76fc8f7945c3e,1343650,,,,,,,,,,,,,,,,,,,,,,,,,,,,,,,,,,,,,,,,,,,,,,,,,,,,,,,,,,,,,TN,TN
autoland,4405952,13,ad8d5d1385265583919f5a224e1153902b6eef60,macosx1015-64-shippable-qr,True,False,,|b|y|t|e|c|o|d|e|-|c|a|c|h|e|d| |c|o|l|d| |f|i|s|s|i|o|n| |w|e|b|r|e|n|d|e|r|,102210fe594ee9b33d82058545b1ed14f4c8206e,PerceptualSpeedIndex,twitter,True,twitter PerceptualSpeedIndex opt bytecode-cached cold fission webrender,,77,ms,firefox,,1807567333,2023-12-06 11:41:32,603.9,bd72dc9af1136390dd2d815e8d54aaeccb716364,1343706,,,,,,,,,,,,,,,,,,,,,,,,,,,,,,,,,,,,,,,,,,,,,,,,,,,,,,,,,,,,,TN,TN
autoland,4405952,13,ad8d5d1385265583919f5a224e1153902b6eef60,macosx1015-64-shippable-qr,True,False,,|b|y|t|e|c|o|d|e|-|c|a|c|h|e|d| |c|o|l|d| |f|i|s|s|i|o|n| |w|e|b|r|e|n|d|e|r|,102210fe594ee9b33d82058545b1ed14f4c8206e,PerceptualSpeedIndex,twitter,True,twitter PerceptualSpeedIndex opt bytecode-cached cold fission webrender,,77,ms,firefox,,1807564553,2023-12-06 13:05:41,606.1,2f3297d504f3c523b74f99bff2204116513e0d48,1343730,,,,,,,,,,,,,,,,,,,,,,,,,,,,,,,,,,,,,,,,,,,,,,,,,,,,,,,,,,,,,TN,TN
autoland,4405952,13,ad8d5d1385265583919f5a224e1153902b6eef60,macosx1015-64-shippable-qr,True,False,,|b|y|t|e|c|o|d|e|-|c|a|c|h|e|d| |c|o|l|d| |f|i|s|s|i|o|n| |w|e|b|r|e|n|d|e|r|,102210fe594ee9b33d82058545b1ed14f4c8206e,PerceptualSpeedIndex,twitter,True,twitter PerceptualSpeedIndex opt bytecode-cached cold fission webrender,,77,ms,firefox,,1807185224,2023-12-06 13:42:54,715.7,52f516546de7ac66228e074000877d32ebf093af,1343745,,,,,,,,,,,,,,,,,,,,,,,,,,,,,,,,,,,,,,,,,,,,,,,,,,,,,,,,,,,,,TN,TN
autoland,4405952,13,ad8d5d1385265583919f5a224e1153902b6eef60,macosx1015-64-shippable-qr,True,False,,|b|y|t|e|c|o|d|e|-|c|a|c|h|e|d| |c|o|l|d| |f|i|s|s|i|o|n| |w|e|b|r|e|n|d|e|r|,102210fe594ee9b33d82058545b1ed14f4c8206e,PerceptualSpeedIndex,twitter,True,twitter PerceptualSpeedIndex opt bytecode-cached cold fission webrender,,77,ms,firefox,,1807189670,2023-12-06 14:11:26,676.8,a035ddfc75fc597cd1df3c347d2cbbc50568f884,1343771,,,,,,,,,,,,,,,,,,,,,,,,,,,,,,,,,,,,,,,,,,,,,,,,,,,,,,,,,,,,,TN,TN
autoland,4405952,13,ad8d5d1385265583919f5a224e1153902b6eef60,macosx1015-64-shippable-qr,True,False,,|b|y|t|e|c|o|d|e|-|c|a|c|h|e|d| |c|o|l|d| |f|i|s|s|i|o|n| |w|e|b|r|e|n|d|e|r|,102210fe594ee9b33d82058545b1ed14f4c8206e,PerceptualSpeedIndex,twitter,True,twitter PerceptualSpeedIndex opt bytecode-cached cold fission webrender,,77,ms,firefox,,1807564364,2023-12-06 16:34:41,682.7,a69c40accbf099d041417ce4da9b82829f044167,1343891,,,,,,,,,,,,,,,,,,,,,,,,,,,,,,,,,,,,,,,,,,,,,,,,,,,,,,,,,,,,,TN,TN
autoland,4405952,13,ad8d5d1385265583919f5a224e1153902b6eef60,macosx1015-64-shippable-qr,True,False,,|b|y|t|e|c|o|d|e|-|c|a|c|h|e|d| |c|o|l|d| |f|i|s|s|i|o|n| |w|e|b|r|e|n|d|e|r|,102210fe594ee9b33d82058545b1ed14f4c8206e,PerceptualSpeedIndex,twitter,True,twitter PerceptualSpeedIndex opt bytecode-cached cold fission webrender,,77,ms,firefox,,1807576389,2023-12-06 16:56:14,594.0,ef4b8028299fa2b731c2ac785839a0bba06025d9,1343908,,,,,,,,,,,,,,,,,,,,,,,,,,,,,,,,,,,,,,,,,,,,,,,,,,,,,,,,,,,,,TN,TN
autoland,4405952,13,ad8d5d1385265583919f5a224e1153902b6eef60,macosx1015-64-shippable-qr,True,False,,|b|y|t|e|c|o|d|e|-|c|a|c|h|e|d| |c|o|l|d| |f|i|s|s|i|o|n| |w|e|b|r|e|n|d|e|r|,102210fe594ee9b33d82058545b1ed14f4c8206e,PerceptualSpeedIndex,twitter,True,twitter PerceptualSpeedIndex opt bytecode-cached cold fission webrender,,77,ms,firefox,,1807330792,2023-12-06 18:17:17,582.9,ab110e2fcc6ab3c8e078fe970b109f482069386e,1343990,,,,,,,,,,,,,,,,,,,,,,,,,,,,,,,,,,,,,,,,,,,,,,,,,,,,,,,,,,,,,TN,TN
autoland,4405952,13,ad8d5d1385265583919f5a224e1153902b6eef60,macosx1015-64-shippable-qr,True,False,,|b|y|t|e|c|o|d|e|-|c|a|c|h|e|d| |c|o|l|d| |f|i|s|s|i|o|n| |w|e|b|r|e|n|d|e|r|,102210fe594ee9b33d82058545b1ed14f4c8206e,PerceptualSpeedIndex,twitter,True,twitter PerceptualSpeedIndex opt bytecode-cached cold fission webrender,,77,ms,firefox,,1807461328,2023-12-06 22:50:02,609.3,f3fc0213f527ba806a10092bbadec34e00dbe4f6,1344189,,,,,,,,,,,,,,,,,,,,,,,,,,,,,,,,,,,,,,,,,,,,,,,,,,,,,,,,,,,,,TN,TN
autoland,4405952,13,ad8d5d1385265583919f5a224e1153902b6eef60,macosx1015-64-shippable-qr,True,False,,|b|y|t|e|c|o|d|e|-|c|a|c|h|e|d| |c|o|l|d| |f|i|s|s|i|o|n| |w|e|b|r|e|n|d|e|r|,102210fe594ee9b33d82058545b1ed14f4c8206e,PerceptualSpeedIndex,twitter,True,twitter PerceptualSpeedIndex opt bytecode-cached cold fission webrender,,77,ms,firefox,,1808454623,2023-12-07 02:13:26,617.7,9259a4ff84a40f3ba6516914e0b3a56b8d0c1f6c,1344265,,,,,,,,,,,,,,,,,,,,,,,,,,,,,,,,,,,,,,,,,,,,,,,,,,,,,,,,,,,,,TN,TN
autoland,4405952,13,ad8d5d1385265583919f5a224e1153902b6eef60,macosx1015-64-shippable-qr,True,False,,|b|y|t|e|c|o|d|e|-|c|a|c|h|e|d| |c|o|l|d| |f|i|s|s|i|o|n| |w|e|b|r|e|n|d|e|r|,102210fe594ee9b33d82058545b1ed14f4c8206e,PerceptualSpeedIndex,twitter,True,twitter PerceptualSpeedIndex opt bytecode-cached cold fission webrender,,77,ms,firefox,,1808461062,2023-12-07 02:14:19,583.3,a69f0b0ab3518bb6ff95e488df4d7fb3c442e0fb,1344266,,,,,,,,,,,,,,,,,,,,,,,,,,,,,,,,,,,,,,,,,,,,,,,,,,,,,,,,,,,,,TN,TN
autoland,4405952,13,ad8d5d1385265583919f5a224e1153902b6eef60,macosx1015-64-shippable-qr,True,False,,|b|y|t|e|c|o|d|e|-|c|a|c|h|e|d| |c|o|l|d| |f|i|s|s|i|o|n| |w|e|b|r|e|n|d|e|r|,102210fe594ee9b33d82058545b1ed14f4c8206e,PerceptualSpeedIndex,twitter,True,twitter PerceptualSpeedIndex opt bytecode-cached cold fission webrender,,77,ms,firefox,,1807535716,2023-12-07 04:18:34,614.4,93a04e8835aaaf359b24f47f54d622f7d36fd813,1344290,,,,,,,,,,,,,,,,,,,,,,,,,,,,,,,,,,,,,,,,,,,,,,,,,,,,,,,,,,,,,TN,TN
autoland,4405952,13,ad8d5d1385265583919f5a224e1153902b6eef60,macosx1015-64-shippable-qr,True,False,,|b|y|t|e|c|o|d|e|-|c|a|c|h|e|d| |c|o|l|d| |f|i|s|s|i|o|n| |w|e|b|r|e|n|d|e|r|,102210fe594ee9b33d82058545b1ed14f4c8206e,PerceptualSpeedIndex,twitter,True,twitter PerceptualSpeedIndex opt bytecode-cached cold fission webrender,,77,ms,firefox,,1807639308,2023-12-07 09:07:30,633.4,f5d904bee3fe6c9e79061b56c8499b6154f7d3ff,1344349,,,,,,,,,,,,,,,,,,,,,,,,,,,,,,,,,,,,,,,,,,,,,,,,,,,,,,,,,,,,,TN,TN
autoland,4405952,13,ad8d5d1385265583919f5a224e1153902b6eef60,macosx1015-64-shippable-qr,True,False,,|b|y|t|e|c|o|d|e|-|c|a|c|h|e|d| |c|o|l|d| |f|i|s|s|i|o|n| |w|e|b|r|e|n|d|e|r|,102210fe594ee9b33d82058545b1ed14f4c8206e,PerceptualSpeedIndex,twitter,True,twitter PerceptualSpeedIndex opt bytecode-cached cold fission webrender,,77,ms,firefox,,1807766378,2023-12-07 12:51:56,637.1,bea12a00706c3b2951d467008996bf7e89d17e5b,1344456,,,,,,,,,,,,,,,,,,,,,,,,,,,,,,,,,,,,,,,,,,,,,,,,,,,,,,,,,,,,,TN,TN
autoland,4405952,13,ad8d5d1385265583919f5a224e1153902b6eef60,macosx1015-64-shippable-qr,True,False,,|b|y|t|e|c|o|d|e|-|c|a|c|h|e|d| |c|o|l|d| |f|i|s|s|i|o|n| |w|e|b|r|e|n|d|e|r|,102210fe594ee9b33d82058545b1ed14f4c8206e,PerceptualSpeedIndex,twitter,True,twitter PerceptualSpeedIndex opt bytecode-cached cold fission webrender,,77,ms,firefox,,1808424377,2023-12-07 13:24:55,609.0,ee83b5ce89b76ccac425ff061ab7b9242f847931,1344468,,,,,,,,,,,,,,,,,,,,,,,,,,,,,,,,,,,,,,,,,,,,,,,,,,,,,,,,,,,,,TN,TN
autoland,4405952,13,ad8d5d1385265583919f5a224e1153902b6eef60,macosx1015-64-shippable-qr,True,False,,|b|y|t|e|c|o|d|e|-|c|a|c|h|e|d| |c|o|l|d| |f|i|s|s|i|o|n| |w|e|b|r|e|n|d|e|r|,102210fe594ee9b33d82058545b1ed14f4c8206e,PerceptualSpeedIndex,twitter,True,twitter PerceptualSpeedIndex opt bytecode-cached cold fission webrender,,77,ms,firefox,,1808418530,2023-12-07 13:38:59,620.3,47051dc8963377742b4656efbc924fdb4e2faf6f,1344471,,,,,,,,,,,,,,,,,,,,,,,,,,,,,,,,,,,,,,,,,,,,,,,,,,,,,,,,,,,,,TN,TN
autoland,4405952,13,ad8d5d1385265583919f5a224e1153902b6eef60,macosx1015-64-shippable-qr,True,False,,|b|y|t|e|c|o|d|e|-|c|a|c|h|e|d| |c|o|l|d| |f|i|s|s|i|o|n| |w|e|b|r|e|n|d|e|r|,102210fe594ee9b33d82058545b1ed14f4c8206e,PerceptualSpeedIndex,twitter,True,twitter PerceptualSpeedIndex opt bytecode-cached cold fission webrender,,77,ms,firefox,,1808407830,2023-12-07 14:19:42,599.2,86eea6f5893cc797c622501ea8a8d4714bf5bfe6,1344486,,,,,,,,,,,,,,,,,,,,,,,,,,,,,,,,,,,,,,,,,,,,,,,,,,,,,,,,,,,,,TN,TN
autoland,4405952,13,ad8d5d1385265583919f5a224e1153902b6eef60,macosx1015-64-shippable-qr,True,False,,|b|y|t|e|c|o|d|e|-|c|a|c|h|e|d| |c|o|l|d| |f|i|s|s|i|o|n| |w|e|b|r|e|n|d|e|r|,102210fe594ee9b33d82058545b1ed14f4c8206e,PerceptualSpeedIndex,twitter,True,twitter PerceptualSpeedIndex opt bytecode-cached cold fission webrender,,77,ms,firefox,,1808464394,2023-12-07 14:20:39,628.1,6d46d01f4af40e60ef81eef9a5bd88afda7b7aab,1344488,,,,,,,,,,,,,,,,,,,,,,,,,,,,,,,,,,,,,,,,,,,,,,,,,,,,,,,,,,,,,TN,TN
autoland,4405952,13,ad8d5d1385265583919f5a224e1153902b6eef60,macosx1015-64-shippable-qr,True,False,,|b|y|t|e|c|o|d|e|-|c|a|c|h|e|d| |c|o|l|d| |f|i|s|s|i|o|n| |w|e|b|r|e|n|d|e|r|,102210fe594ee9b33d82058545b1ed14f4c8206e,PerceptualSpeedIndex,twitter,True,twitter PerceptualSpeedIndex opt bytecode-cached cold fission webrender,,77,ms,firefox,,1808092643,2023-12-07 21:41:48,706.2,797281d7e3b5fdd5f6a033248fec7bd885227546,1344786,,,,,,,,,,,,,,,,,,,,,,,,,,,,,,,,,,,,,,,,,,,,,,,,,,,,,,,,,,,,,TN,TN
autoland,4405952,13,ad8d5d1385265583919f5a224e1153902b6eef60,macosx1015-64-shippable-qr,True,False,,|b|y|t|e|c|o|d|e|-|c|a|c|h|e|d| |c|o|l|d| |f|i|s|s|i|o|n| |w|e|b|r|e|n|d|e|r|,102210fe594ee9b33d82058545b1ed14f4c8206e,PerceptualSpeedIndex,twitter,True,twitter PerceptualSpeedIndex opt bytecode-cached cold fission webrender,,77,ms,firefox,,1808446319,2023-12-07 21:42:43,608.1,75e0ede09503eccf1cbef8632f794d1929320b8c,1344787,,,,,,,,,,,,,,,,,,,,,,,,,,,,,,,,,,,,,,,,,,,,,,,,,,,,,,,,,,,,,TN,TN
autoland,4405952,13,ad8d5d1385265583919f5a224e1153902b6eef60,macosx1015-64-shippable-qr,True,False,,|b|y|t|e|c|o|d|e|-|c|a|c|h|e|d| |c|o|l|d| |f|i|s|s|i|o|n| |w|e|b|r|e|n|d|e|r|,102210fe594ee9b33d82058545b1ed14f4c8206e,PerceptualSpeedIndex,twitter,True,twitter PerceptualSpeedIndex opt bytecode-cached cold fission webrender,,77,ms,firefox,,1808415912,2023-12-07 21:43:35,614.7,a9e008e57ceeb52687048bd12fae3896ec5ac4a3,1344788,,,,,,,,,,,,,,,,,,,,,,,,,,,,,,,,,,,,,,,,,,,,,,,,,,,,,,,,,,,,,TN,TN
autoland,4405952,13,ad8d5d1385265583919f5a224e1153902b6eef60,macosx1015-64-shippable-qr,True,False,,|b|y|t|e|c|o|d|e|-|c|a|c|h|e|d| |c|o|l|d| |f|i|s|s|i|o|n| |w|e|b|r|e|n|d|e|r|,102210fe594ee9b33d82058545b1ed14f4c8206e,PerceptualSpeedIndex,twitter,True,twitter PerceptualSpeedIndex opt bytecode-cached cold fission webrender,,77,ms,firefox,,1808119256,2023-12-07 22:56:27,696.8,c34126c5e2a85c81e511c7c4017e7f2694ddce13,1344823,,,,,,,,,,,,,,,,,,,,,,,,,,,,,,,,,,,,,,,,,,,,,,,,,,,,,,,,,,,,,TN,TN
autoland,4405952,13,ad8d5d1385265583919f5a224e1153902b6eef60,macosx1015-64-shippable-qr,True,False,,|b|y|t|e|c|o|d|e|-|c|a|c|h|e|d| |c|o|l|d| |f|i|s|s|i|o|n| |w|e|b|r|e|n|d|e|r|,102210fe594ee9b33d82058545b1ed14f4c8206e,PerceptualSpeedIndex,twitter,True,twitter PerceptualSpeedIndex opt bytecode-cached cold fission webrender,,77,ms,firefox,,1808435750,2023-12-08 04:49:01,624.2,3152110c63b5c99048b0651867ecf7723aa5ddf8,1344948,,,,,,,,,,,,,,,,,,,,,,,,,,,,,,,,,,,,,,,,,,,,,,,,,,,,,,,,,,,,,TN,TN
autoland,4405952,13,ad8d5d1385265583919f5a224e1153902b6eef60,macosx1015-64-shippable-qr,True,False,,|b|y|t|e|c|o|d|e|-|c|a|c|h|e|d| |c|o|l|d| |f|i|s|s|i|o|n| |w|e|b|r|e|n|d|e|r|,102210fe594ee9b33d82058545b1ed14f4c8206e,PerceptualSpeedIndex,twitter,True,twitter PerceptualSpeedIndex opt bytecode-cached cold fission webrender,,77,ms,firefox,,1808853406,2023-12-08 09:01:47,593.9,ff785fa504232b935c33c7d8c38a1cdc2f8d2d35,1345044,,,,,,,,,,,,,,,,,,,,,,,,,,,,,,,,,,,,,,,,,,,,,,,,,,,,,,,,,,,,,TN,TN
autoland,4405952,13,ad8d5d1385265583919f5a224e1153902b6eef60,macosx1015-64-shippable-qr,True,False,,|b|y|t|e|c|o|d|e|-|c|a|c|h|e|d| |c|o|l|d| |f|i|s|s|i|o|n| |w|e|b|r|e|n|d|e|r|,102210fe594ee9b33d82058545b1ed14f4c8206e,PerceptualSpeedIndex,twitter,True,twitter PerceptualSpeedIndex opt bytecode-cached cold fission webrender,,77,ms,firefox,,1808884110,2023-12-08 14:53:30,581.2,84f194823b719420c22157f7e540e660397a17f2,1345173,,,,,,,,,,,,,,,,,,,,,,,,,,,,,,,,,,,,,,,,,,,,,,,,,,,,,,,,,,,,,TN,TN
autoland,4405952,13,ad8d5d1385265583919f5a224e1153902b6eef60,macosx1015-64-shippable-qr,True,False,,|b|y|t|e|c|o|d|e|-|c|a|c|h|e|d| |c|o|l|d| |f|i|s|s|i|o|n| |w|e|b|r|e|n|d|e|r|,102210fe594ee9b33d82058545b1ed14f4c8206e,PerceptualSpeedIndex,twitter,True,twitter PerceptualSpeedIndex opt bytecode-cached cold fission webrender,,77,ms,firefox,,1809034333,2023-12-08 20:09:00,610.4,6f5601bcf5ef9fa22b46e44e1d5e34893a04fc9e,1345337,,,,,,,,,,,,,,,,,,,,,,,,,,,,,,,,,,,,,,,,,,,,,,,,,,,,,,,,,,,,,TN,TN
autoland,4405952,13,ad8d5d1385265583919f5a224e1153902b6eef60,macosx1015-64-shippable-qr,True,False,,|b|y|t|e|c|o|d|e|-|c|a|c|h|e|d| |c|o|l|d| |f|i|s|s|i|o|n| |w|e|b|r|e|n|d|e|r|,102210fe594ee9b33d82058545b1ed14f4c8206e,PerceptualSpeedIndex,twitter,True,twitter PerceptualSpeedIndex opt bytecode-cached cold fission webrender,,77,ms,firefox,,1809056314,2023-12-09 00:35:37,614.5,5e7ca7b9c60d764540bfc20b243ffaa67dfbfaa9,1345495,,,,,,,,,,,,,,,,,,,,,,,,,,,,,,,,,,,,,,,,,,,,,,,,,,,,,,,,,,,,,TN,TN
autoland,4405952,13,ad8d5d1385265583919f5a224e1153902b6eef60,macosx1015-64-shippable-qr,True,False,,|b|y|t|e|c|o|d|e|-|c|a|c|h|e|d| |c|o|l|d| |f|i|s|s|i|o|n| |w|e|b|r|e|n|d|e|r|,102210fe594ee9b33d82058545b1ed14f4c8206e,PerceptualSpeedIndex,twitter,True,twitter PerceptualSpeedIndex opt bytecode-cached cold fission webrender,,77,ms,firefox,,1809060195,2023-12-09 00:36:34,611.8,9536c8afccb6fe6adb81c34e04ad22608a1cc454,1345496,,,,,,,,,,,,,,,,,,,,,,,,,,,,,,,,,,,,,,,,,,,,,,,,,,,,,,,,,,,,,TN,TN
autoland,4405952,13,ad8d5d1385265583919f5a224e1153902b6eef60,macosx1015-64-shippable-qr,True,False,,|b|y|t|e|c|o|d|e|-|c|a|c|h|e|d| |c|o|l|d| |f|i|s|s|i|o|n| |w|e|b|r|e|n|d|e|r|,102210fe594ee9b33d82058545b1ed14f4c8206e,PerceptualSpeedIndex,twitter,True,twitter PerceptualSpeedIndex opt bytecode-cached cold fission webrender,,77,ms,firefox,,1809237660,2023-12-09 11:58:04,598.4,ce53d4215ca91122e12f63ca196acefc22a8d98c,1345582,,,,,,,,,,,,,,,,,,,,,,,,,,,,,,,,,,,,,,,,,,,,,,,,,,,,,,,,,,,,,TN,TN
autoland,4405952,13,ad8d5d1385265583919f5a224e1153902b6eef60,macosx1015-64-shippable-qr,True,False,,|b|y|t|e|c|o|d|e|-|c|a|c|h|e|d| |c|o|l|d| |f|i|s|s|i|o|n| |w|e|b|r|e|n|d|e|r|,102210fe594ee9b33d82058545b1ed14f4c8206e,PerceptualSpeedIndex,twitter,True,twitter PerceptualSpeedIndex opt bytecode-cached cold fission webrender,,77,ms,firefox,,1809268772,2023-12-09 16:44:21,602.8,199c3dc51f2dd8c55a3346ac587238e6376b7236,1345611,,,,,,,,,,,,,,,,,,,,,,,,,,,,,,,,,,,,,,,,,,,,,,,,,,,,,,,,,,,,,TN,TN
autoland,4405952,13,ad8d5d1385265583919f5a224e1153902b6eef60,macosx1015-64-shippable-qr,True,False,,|b|y|t|e|c|o|d|e|-|c|a|c|h|e|d| |c|o|l|d| |f|i|s|s|i|o|n| |w|e|b|r|e|n|d|e|r|,102210fe594ee9b33d82058545b1ed14f4c8206e,PerceptualSpeedIndex,twitter,True,twitter PerceptualSpeedIndex opt bytecode-cached cold fission webrender,,77,ms,firefox,,1809293112,2023-12-09 17:32:11,616.0,037b4a8e4edce03936a64d9d073da41b8b1bd9fb,1345614,,,,,,,,,,,,,,,,,,,,,,,,,,,,,,,,,,,,,,,,,,,,,,,,,,,,,,,,,,,,,TN,TN
autoland,4405952,13,ad8d5d1385265583919f5a224e1153902b6eef60,macosx1015-64-shippable-qr,True,False,,|b|y|t|e|c|o|d|e|-|c|a|c|h|e|d| |c|o|l|d| |f|i|s|s|i|o|n| |w|e|b|r|e|n|d|e|r|,102210fe594ee9b33d82058545b1ed14f4c8206e,PerceptualSpeedIndex,twitter,True,twitter PerceptualSpeedIndex opt bytecode-cached cold fission webrender,,77,ms,firefox,,1809372986,2023-12-10 03:19:38,695.7,815bf21f166b5019bdab6ec104bc2f4475a7b553,1345657,,,,,,,,,,,,,,,,,,,,,,,,,,,,,,,,,,,,,,,,,,,,,,,,,,,,,,,,,,,,,TN,TN
autoland,4405952,13,ad8d5d1385265583919f5a224e1153902b6eef60,macosx1015-64-shippable-qr,True,False,,|b|y|t|e|c|o|d|e|-|c|a|c|h|e|d| |c|o|l|d| |f|i|s|s|i|o|n| |w|e|b|r|e|n|d|e|r|,102210fe594ee9b33d82058545b1ed14f4c8206e,PerceptualSpeedIndex,twitter,True,twitter PerceptualSpeedIndex opt bytecode-cached cold fission webrender,,77,ms,firefox,,1809494085,2023-12-11 00:42:11,617.3,d4ee61633ce965862e2ee27be32e8a58344a7b03,1345765,,,,,,,,,,,,,,,,,,,,,,,,,,,,,,,,,,,,,,,,,,,,,,,,,,,,,,,,,,,,,TN,TN
autoland,4405952,13,ad8d5d1385265583919f5a224e1153902b6eef60,macosx1015-64-shippable-qr,True,False,,|b|y|t|e|c|o|d|e|-|c|a|c|h|e|d| |c|o|l|d| |f|i|s|s|i|o|n| |w|e|b|r|e|n|d|e|r|,102210fe594ee9b33d82058545b1ed14f4c8206e,PerceptualSpeedIndex,twitter,True,twitter PerceptualSpeedIndex opt bytecode-cached cold fission webrender,,77,ms,firefox,,1809537561,2023-12-11 06:57:03,615.1,e84648aa607a32b9e4bbd2378f5a7caf9e31264a,1345835,,,,,,,,,,,,,,,,,,,,,,,,,,,,,,,,,,,,,,,,,,,,,,,,,,,,,,,,,,,,,TN,TN
autoland,4405952,13,ad8d5d1385265583919f5a224e1153902b6eef60,macosx1015-64-shippable-qr,True,False,,|b|y|t|e|c|o|d|e|-|c|a|c|h|e|d| |c|o|l|d| |f|i|s|s|i|o|n| |w|e|b|r|e|n|d|e|r|,102210fe594ee9b33d82058545b1ed14f4c8206e,PerceptualSpeedIndex,twitter,True,twitter PerceptualSpeedIndex opt bytecode-cached cold fission webrender,,77,ms,firefox,,1809581743,2023-12-11 09:13:41,599.7,25a3d6c779f3ef9a9220e2d972c18f2e5a039cb2,1345868,,,,,,,,,,,,,,,,,,,,,,,,,,,,,,,,,,,,,,,,,,,,,,,,,,,,,,,,,,,,,TN,TN
autoland,4405952,13,ad8d5d1385265583919f5a224e1153902b6eef60,macosx1015-64-shippable-qr,True,False,,|b|y|t|e|c|o|d|e|-|c|a|c|h|e|d| |c|o|l|d| |f|i|s|s|i|o|n| |w|e|b|r|e|n|d|e|r|,102210fe594ee9b33d82058545b1ed14f4c8206e,PerceptualSpeedIndex,twitter,True,twitter PerceptualSpeedIndex opt bytecode-cached cold fission webrender,,77,ms,firefox,,1809788699,2023-12-11 13:39:55,603.6,46d1ac4f2e9c8c9c173c430225737701542931bb,1346049,,,,,,,,,,,,,,,,,,,,,,,,,,,,,,,,,,,,,,,,,,,,,,,,,,,,,,,,,,,,,TN,TN
autoland,4405952,13,ad8d5d1385265583919f5a224e1153902b6eef60,macosx1015-64-shippable-qr,True,False,,|b|y|t|e|c|o|d|e|-|c|a|c|h|e|d| |c|o|l|d| |f|i|s|s|i|o|n| |w|e|b|r|e|n|d|e|r|,102210fe594ee9b33d82058545b1ed14f4c8206e,PerceptualSpeedIndex,twitter,True,twitter PerceptualSpeedIndex opt bytecode-cached cold fission webrender,,77,ms,firefox,,1810182428,2023-12-11 13:42:36,584.9,4a4a406091cd38a7f1c47c0603c7b4dfb4aecd36,1346052,,,,,,,,,,,,,,,,,,,,,,,,,,,,,,,,,,,,,,,,,,,,,,,,,,,,,,,,,,,,,TN,TN
autoland,4405952,13,ad8d5d1385265583919f5a224e1153902b6eef60,macosx1015-64-shippable-qr,True,False,,|b|y|t|e|c|o|d|e|-|c|a|c|h|e|d| |c|o|l|d| |f|i|s|s|i|o|n| |w|e|b|r|e|n|d|e|r|,102210fe594ee9b33d82058545b1ed14f4c8206e,PerceptualSpeedIndex,twitter,True,twitter PerceptualSpeedIndex opt bytecode-cached cold fission webrender,,77,ms,firefox,,1810174068,2023-12-11 13:54:53,625.5,2e39f61cacdfbdc31348aa972854eddb30572c10,1346062,,,,,,,,,,,,,,,,,,,,,,,,,,,,,,,,,,,,,,,,,,,,,,,,,,,,,,,,,,,,,TN,TN
autoland,4405952,13,ad8d5d1385265583919f5a224e1153902b6eef60,macosx1015-64-shippable-qr,True,False,,|b|y|t|e|c|o|d|e|-|c|a|c|h|e|d| |c|o|l|d| |f|i|s|s|i|o|n| |w|e|b|r|e|n|d|e|r|,102210fe594ee9b33d82058545b1ed14f4c8206e,PerceptualSpeedIndex,twitter,True,twitter PerceptualSpeedIndex opt bytecode-cached cold fission webrender,,77,ms,firefox,,1810156078,2023-12-11 14:00:48,616.5,148b695e58fcfac3de4d0c3b3507d3a86d2bfb87,1346066,,,,,,,,,,,,,,,,,,,,,,,,,,,,,,,,,,,,,,,,,,,,,,,,,,,,,,,,,,,,,TN,TN
autoland,4405952,13,ad8d5d1385265583919f5a224e1153902b6eef60,macosx1015-64-shippable-qr,True,False,,|b|y|t|e|c|o|d|e|-|c|a|c|h|e|d| |c|o|l|d| |f|i|s|s|i|o|n| |w|e|b|r|e|n|d|e|r|,102210fe594ee9b33d82058545b1ed14f4c8206e,PerceptualSpeedIndex,twitter,True,twitter PerceptualSpeedIndex opt bytecode-cached cold fission webrender,,77,ms,firefox,,1810156127,2023-12-11 14:11:51,617.2,a1e3aa7070c3265a2460dd9f59444244ab30a373,1346073,,,,,,,,,,,,,,,,,,,,,,,,,,,,,,,,,,,,,,,,,,,,,,,,,,,,,,,,,,,,,TN,TN
autoland,4405952,13,ad8d5d1385265583919f5a224e1153902b6eef60,macosx1015-64-shippable-qr,True,False,,|b|y|t|e|c|o|d|e|-|c|a|c|h|e|d| |c|o|l|d| |f|i|s|s|i|o|n| |w|e|b|r|e|n|d|e|r|,102210fe594ee9b33d82058545b1ed14f4c8206e,PerceptualSpeedIndex,twitter,True,twitter PerceptualSpeedIndex opt bytecode-cached cold fission webrender,,77,ms,firefox,,1809818581,2023-12-11 15:49:45,598.5,fbda7db8e39b50ebf5ed7092f81706bd1d8c91ab,1346158,,,,,,,,,,,,,,,,,,,,,,,,,,,,,,,,,,,,,,,,,,,,,,,,,,,,,,,,,,,,,TN,TN
autoland,4405952,13,ad8d5d1385265583919f5a224e1153902b6eef60,macosx1015-64-shippable-qr,True,False,,|b|y|t|e|c|o|d|e|-|c|a|c|h|e|d| |c|o|l|d| |f|i|s|s|i|o|n| |w|e|b|r|e|n|d|e|r|,102210fe594ee9b33d82058545b1ed14f4c8206e,PerceptualSpeedIndex,twitter,True,twitter PerceptualSpeedIndex opt bytecode-cached cold fission webrender,,77,ms,firefox,,1809893540,2023-12-11 18:22:43,618.5,8043d7693dbaf145c601652e0b8947d55f399fd8,1346298,,,,,,,,,,,,,,,,,,,,,,,,,,,,,,,,,,,,,,,,,,,,,,,,,,,,,,,,,,,,,TN,TN
autoland,4405952,13,ad8d5d1385265583919f5a224e1153902b6eef60,macosx1015-64-shippable-qr,True,False,,|b|y|t|e|c|o|d|e|-|c|a|c|h|e|d| |c|o|l|d| |f|i|s|s|i|o|n| |w|e|b|r|e|n|d|e|r|,102210fe594ee9b33d82058545b1ed14f4c8206e,PerceptualSpeedIndex,twitter,True,twitter PerceptualSpeedIndex opt bytecode-cached cold fission webrender,,77,ms,firefox,,1809980876,2023-12-11 21:32:13,599.4,c2126b815d283d4d848e431071fa77e023b06eb2,1346462,,,,,,,,,,,,,,,,,,,,,,,,,,,,,,,,,,,,,,,,,,,,,,,,,,,,,,,,,,,,,TN,TN
autoland,4405952,13,ad8d5d1385265583919f5a224e1153902b6eef60,macosx1015-64-shippable-qr,True,False,,|b|y|t|e|c|o|d|e|-|c|a|c|h|e|d| |c|o|l|d| |f|i|s|s|i|o|n| |w|e|b|r|e|n|d|e|r|,102210fe594ee9b33d82058545b1ed14f4c8206e,PerceptualSpeedIndex,twitter,True,twitter PerceptualSpeedIndex opt bytecode-cached cold fission webrender,,77,ms,firefox,,1810077528,2023-12-12 01:33:17,594.0,6e08bc24f0ba8814dfda465963c22d139bf6e80b,1346620,,,,,,,,,,,,,,,,,,,,,,,,,,,,,,,,,,,,,,,,,,,,,,,,,,,,,,,,,,,,,TN,TN
autoland,4405952,13,ad8d5d1385265583919f5a224e1153902b6eef60,macosx1015-64-shippable-qr,True,False,,|b|y|t|e|c|o|d|e|-|c|a|c|h|e|d| |c|o|l|d| |f|i|s|s|i|o|n| |w|e|b|r|e|n|d|e|r|,102210fe594ee9b33d82058545b1ed14f4c8206e,PerceptualSpeedIndex,twitter,True,twitter PerceptualSpeedIndex opt bytecode-cached cold fission webrender,,77,ms,firefox,,1810092766,2023-12-12 04:01:22,605.2,55cd203304b8d5343dd941d772085dc25fd278c4,1346691,,,,,,,,,,,,,,,,,,,,,,,,,,,,,,,,,,,,,,,,,,,,,,,,,,,,,,,,,,,,,TN,TN
autoland,4405952,13,ad8d5d1385265583919f5a224e1153902b6eef60,macosx1015-64-shippable-qr,True,False,,|b|y|t|e|c|o|d|e|-|c|a|c|h|e|d| |c|o|l|d| |f|i|s|s|i|o|n| |w|e|b|r|e|n|d|e|r|,102210fe594ee9b33d82058545b1ed14f4c8206e,PerceptualSpeedIndex,twitter,True,twitter PerceptualSpeedIndex opt bytecode-cached cold fission webrender,,77,ms,firefox,,1810226094,2023-12-12 08:08:04,604.3,64c2a5cd2e5c12acc49f695acaca7fc074be00ef,1346735,,,,,,,,,,,,,,,,,,,,,,,,,,,,,,,,,,,,,,,,,,,,,,,,,,,,,,,,,,,,,TN,TN
autoland,4405952,13,ad8d5d1385265583919f5a224e1153902b6eef60,macosx1015-64-shippable-qr,True,False,,|b|y|t|e|c|o|d|e|-|c|a|c|h|e|d| |c|o|l|d| |f|i|s|s|i|o|n| |w|e|b|r|e|n|d|e|r|,102210fe594ee9b33d82058545b1ed14f4c8206e,PerceptualSpeedIndex,twitter,True,twitter PerceptualSpeedIndex opt bytecode-cached cold fission webrender,,77,ms,firefox,,1810435218,2023-12-12 13:15:06,592.6,378226435d1f217637869bc238a2bff9ae584e04,1346892,,,,,,,,,,,,,,,,,,,,,,,,,,,,,,,,,,,,,,,,,,,,,,,,,,,,,,,,,,,,,TN,TN
autoland,4405952,13,ad8d5d1385265583919f5a224e1153902b6eef60,macosx1015-64-shippable-qr,True,False,,|b|y|t|e|c|o|d|e|-|c|a|c|h|e|d| |c|o|l|d| |f|i|s|s|i|o|n| |w|e|b|r|e|n|d|e|r|,102210fe594ee9b33d82058545b1ed14f4c8206e,PerceptualSpeedIndex,twitter,True,twitter PerceptualSpeedIndex opt bytecode-cached cold fission webrender,,77,ms,firefox,,1810476647,2023-12-12 13:20:17,625.0,661e5ee3675f09044e67f461631530ae9bc19953,1346894,,,,,,,,,,,,,,,,,,,,,,,,,,,,,,,,,,,,,,,,,,,,,,,,,,,,,,,,,,,,,TN,TN
autoland,4405952,13,ad8d5d1385265583919f5a224e1153902b6eef60,macosx1015-64-shippable-qr,True,False,,|b|y|t|e|c|o|d|e|-|c|a|c|h|e|d| |c|o|l|d| |f|i|s|s|i|o|n| |w|e|b|r|e|n|d|e|r|,102210fe594ee9b33d82058545b1ed14f4c8206e,PerceptualSpeedIndex,twitter,True,twitter PerceptualSpeedIndex opt bytecode-cached cold fission webrender,,77,ms,firefox,,1810546877,2023-12-12 17:56:51,601.0,89856dfbbbb09660fd0b56d3d9ba6f60c823c81f,1347131,,,,,,,,,,,,,,,,,,,,,,,,,,,,,,,,,,,,,,,,,,,,,,,,,,,,,,,,,,,,,TN,TN
autoland,4405952,13,ad8d5d1385265583919f5a224e1153902b6eef60,macosx1015-64-shippable-qr,True,False,,|b|y|t|e|c|o|d|e|-|c|a|c|h|e|d| |c|o|l|d| |f|i|s|s|i|o|n| |w|e|b|r|e|n|d|e|r|,102210fe594ee9b33d82058545b1ed14f4c8206e,PerceptualSpeedIndex,twitter,True,twitter PerceptualSpeedIndex opt bytecode-cached cold fission webrender,,77,ms,firefox,,1810596639,2023-12-12 18:39:48,627.2,b7336e3f433e4055ba8a7fcb5c2f756e0e9b59ef,1347165,,,,,,,,,,,,,,,,,,,,,,,,,,,,,,,,,,,,,,,,,,,,,,,,,,,,,,,,,,,,,TN,TN
autoland,4405952,13,ad8d5d1385265583919f5a224e1153902b6eef60,macosx1015-64-shippable-qr,True,False,,|b|y|t|e|c|o|d|e|-|c|a|c|h|e|d| |c|o|l|d| |f|i|s|s|i|o|n| |w|e|b|r|e|n|d|e|r|,102210fe594ee9b33d82058545b1ed14f4c8206e,PerceptualSpeedIndex,twitter,True,twitter PerceptualSpeedIndex opt bytecode-cached cold fission webrender,,77,ms,firefox,,1810620757,2023-12-12 20:06:07,678.1,7272d706196d83e16ea8366481dce5127407ba4d,1347223,,,,,,,,,,,,,,,,,,,,,,,,,,,,,,,,,,,,,,,,,,,,,,,,,,,,,,,,,,,,,TN,TN
autoland,4405952,13,ad8d5d1385265583919f5a224e1153902b6eef60,macosx1015-64-shippable-qr,True,False,,|b|y|t|e|c|o|d|e|-|c|a|c|h|e|d| |c|o|l|d| |f|i|s|s|i|o|n| |w|e|b|r|e|n|d|e|r|,102210fe594ee9b33d82058545b1ed14f4c8206e,PerceptualSpeedIndex,twitter,True,twitter PerceptualSpeedIndex opt bytecode-cached cold fission webrender,,77,ms,firefox,,1810782042,2023-12-13 00:40:28,627.8,f823ab1d9a00b627089b75899e588823b584a9c4,1347426,,,,,,,,,,,,,,,,,,,,,,,,,,,,,,,,,,,,,,,,,,,,,,,,,,,,,,,,,,,,,TN,TN
autoland,4405952,13,ad8d5d1385265583919f5a224e1153902b6eef60,macosx1015-64-shippable-qr,True,False,,|b|y|t|e|c|o|d|e|-|c|a|c|h|e|d| |c|o|l|d| |f|i|s|s|i|o|n| |w|e|b|r|e|n|d|e|r|,102210fe594ee9b33d82058545b1ed14f4c8206e,PerceptualSpeedIndex,twitter,True,twitter PerceptualSpeedIndex opt bytecode-cached cold fission webrender,,77,ms,firefox,,1810802465,2023-12-13 01:59:28,610.0,c7169e7d15af250d7b1ffb91c072a4b2309457c1,1347482,,,,,,,,,,,,,,,,,,,,,,,,,,,,,,,,,,,,,,,,,,,,,,,,,,,,,,,,,,,,,TN,TN
autoland,4405952,13,ad8d5d1385265583919f5a224e1153902b6eef60,macosx1015-64-shippable-qr,True,False,,|b|y|t|e|c|o|d|e|-|c|a|c|h|e|d| |c|o|l|d| |f|i|s|s|i|o|n| |w|e|b|r|e|n|d|e|r|,102210fe594ee9b33d82058545b1ed14f4c8206e,PerceptualSpeedIndex,twitter,True,twitter PerceptualSpeedIndex opt bytecode-cached cold fission webrender,,77,ms,firefox,,1810836426,2023-12-13 03:53:55,600.8,de73ddb24c16e91d220095612fc21b6636e51f81,1347525,,,,,,,,,,,,,,,,,,,,,,,,,,,,,,,,,,,,,,,,,,,,,,,,,,,,,,,,,,,,,TN,TN
autoland,4405952,13,ad8d5d1385265583919f5a224e1153902b6eef60,macosx1015-64-shippable-qr,True,False,,|b|y|t|e|c|o|d|e|-|c|a|c|h|e|d| |c|o|l|d| |f|i|s|s|i|o|n| |w|e|b|r|e|n|d|e|r|,102210fe594ee9b33d82058545b1ed14f4c8206e,PerceptualSpeedIndex,twitter,True,twitter PerceptualSpeedIndex opt bytecode-cached cold fission webrender,,77,ms,firefox,,1810906215,2023-12-13 08:08:28,595.2,de61802013d3eabd67e8f7c4382ab95c650835ba,1347584,,,,,,,,,,,,,,,,,,,,,,,,,,,,,,,,,,,,,,,,,,,,,,,,,,,,,,,,,,,,,TN,TN
autoland,4405952,13,ad8d5d1385265583919f5a224e1153902b6eef60,macosx1015-64-shippable-qr,True,False,,|b|y|t|e|c|o|d|e|-|c|a|c|h|e|d| |c|o|l|d| |f|i|s|s|i|o|n| |w|e|b|r|e|n|d|e|r|,102210fe594ee9b33d82058545b1ed14f4c8206e,PerceptualSpeedIndex,twitter,True,twitter PerceptualSpeedIndex opt bytecode-cached cold fission webrender,,77,ms,firefox,,1811226746,2023-12-13 10:08:23,600.2,12f45306a093afef1d1ed86121d9fcd9e8c69e15,1347641,,,,,,,,,,,,,,,,,,,,,,,,,,,,,,,,,,,,,,,,,,,,,,,,,,,,,,,,,,,,,TN,TN
autoland,4405952,13,ad8d5d1385265583919f5a224e1153902b6eef60,macosx1015-64-shippable-qr,True,False,,|b|y|t|e|c|o|d|e|-|c|a|c|h|e|d| |c|o|l|d| |f|i|s|s|i|o|n| |w|e|b|r|e|n|d|e|r|,102210fe594ee9b33d82058545b1ed14f4c8206e,PerceptualSpeedIndex,twitter,True,twitter PerceptualSpeedIndex opt bytecode-cached cold fission webrender,,77,ms,firefox,,1811461884,2023-12-13 11:56:46,624.1,86021bfb36c3767a431a670a48505835ae7413cf,1347715,,,,,,,,,,,,,,,,,,,,,,,,,,,,,,,,,,,,,,,,,,,,,,,,,,,,,,,,,,,,,TN,TN
autoland,4405952,13,ad8d5d1385265583919f5a224e1153902b6eef60,macosx1015-64-shippable-qr,True,False,,|b|y|t|e|c|o|d|e|-|c|a|c|h|e|d| |c|o|l|d| |f|i|s|s|i|o|n| |w|e|b|r|e|n|d|e|r|,102210fe594ee9b33d82058545b1ed14f4c8206e,PerceptualSpeedIndex,twitter,True,twitter PerceptualSpeedIndex opt bytecode-cached cold fission webrender,,77,ms,firefox,,1811457635,2023-12-13 11:58:25,612.5,fd1dd6b4ce421a61e2258a1d2712f3193f997c0a,1347716,,,,,,,,,,,,,,,,,,,,,,,,,,,,,,,,,,,,,,,,,,,,,,,,,,,,,,,,,,,,,TN,TN
autoland,4405952,13,ad8d5d1385265583919f5a224e1153902b6eef60,macosx1015-64-shippable-qr,True,False,,|b|y|t|e|c|o|d|e|-|c|a|c|h|e|d| |c|o|l|d| |f|i|s|s|i|o|n| |w|e|b|r|e|n|d|e|r|,102210fe594ee9b33d82058545b1ed14f4c8206e,PerceptualSpeedIndex,twitter,True,twitter PerceptualSpeedIndex opt bytecode-cached cold fission webrender,,77,ms,firefox,,1811269554,2023-12-13 13:51:07,670.5,a54a846dda9a20948451fa14e9ebbd3bb19c826c,1347765,,,,,,,,,,,,,,,,,,,,,,,,,,,,,,,,,,,,,,,,,,,,,,,,,,,,,,,,,,,,,TN,TN
autoland,4405952,13,ad8d5d1385265583919f5a224e1153902b6eef60,macosx1015-64-shippable-qr,True,False,,|b|y|t|e|c|o|d|e|-|c|a|c|h|e|d| |c|o|l|d| |f|i|s|s|i|o|n| |w|e|b|r|e|n|d|e|r|,102210fe594ee9b33d82058545b1ed14f4c8206e,PerceptualSpeedIndex,twitter,True,twitter PerceptualSpeedIndex opt bytecode-cached cold fission webrender,,77,ms,firefox,,1811278176,2023-12-13 17:42:49,601.7,951b244454e1790b94e5fa8474efc7fb8c990e28,1347961,,,,,,,,,,,,,,,,,,,,,,,,,,,,,,,,,,,,,,,,,,,,,,,,,,,,,,,,,,,,,TN,TN
autoland,4405952,13,ad8d5d1385265583919f5a224e1153902b6eef60,macosx1015-64-shippable-qr,True,False,,|b|y|t|e|c|o|d|e|-|c|a|c|h|e|d| |c|o|l|d| |f|i|s|s|i|o|n| |w|e|b|r|e|n|d|e|r|,102210fe594ee9b33d82058545b1ed14f4c8206e,PerceptualSpeedIndex,twitter,True,twitter PerceptualSpeedIndex opt bytecode-cached cold fission webrender,,77,ms,firefox,,1811467565,2023-12-13 19:13:20,585.0,e9933f26f0f34b5bcd3500f5780efd5cce45b9f8,1348064,,,,,,,,,,,,,,,,,,,,,,,,,,,,,,,,,,,,,,,,,,,,,,,,,,,,,,,,,,,,,TN,TN
autoland,4405952,13,ad8d5d1385265583919f5a224e1153902b6eef60,macosx1015-64-shippable-qr,True,False,,|b|y|t|e|c|o|d|e|-|c|a|c|h|e|d| |c|o|l|d| |f|i|s|s|i|o|n| |w|e|b|r|e|n|d|e|r|,102210fe594ee9b33d82058545b1ed14f4c8206e,PerceptualSpeedIndex,twitter,True,twitter PerceptualSpeedIndex opt bytecode-cached cold fission webrender,,77,ms,firefox,,1811463644,2023-12-13 19:30:00,603.2,32d5edd3ad279bbcc378b59e2b3d2cc93a57737c,1348065,,,,,,,,,,,,,,,,,,,,,,,,,,,,,,,,,,,,,,,,,,,,,,,,,,,,,,,,,,,,,TN,TN
autoland,4405952,13,ad8d5d1385265583919f5a224e1153902b6eef60,macosx1015-64-shippable-qr,True,False,,|b|y|t|e|c|o|d|e|-|c|a|c|h|e|d| |c|o|l|d| |f|i|s|s|i|o|n| |w|e|b|r|e|n|d|e|r|,102210fe594ee9b33d82058545b1ed14f4c8206e,PerceptualSpeedIndex,twitter,True,twitter PerceptualSpeedIndex opt bytecode-cached cold fission webrender,,77,ms,firefox,,1811335283,2023-12-13 20:42:40,632.8,b89dc85aa7e47069b80251ce43d7d66c034a5b88,1348117,,,,,,,,,,,,,,,,,,,,,,,,,,,,,,,,,,,,,,,,,,,,,,,,,,,,,,,,,,,,,TN,TN
autoland,4405952,13,ad8d5d1385265583919f5a224e1153902b6eef60,macosx1015-64-shippable-qr,True,False,,|b|y|t|e|c|o|d|e|-|c|a|c|h|e|d| |c|o|l|d| |f|i|s|s|i|o|n| |w|e|b|r|e|n|d|e|r|,102210fe594ee9b33d82058545b1ed14f4c8206e,PerceptualSpeedIndex,twitter,True,twitter PerceptualSpeedIndex opt bytecode-cached cold fission webrender,,77,ms,firefox,,1811386271,2023-12-14 01:23:55,600.7,12888ec6533c4e6ec49c2d7081e67ac660129ab6,1348332,,,,,,,,,,,,,,,,,,,,,,,,,,,,,,,,,,,,,,,,,,,,,,,,,,,,,,,,,,,,,TN,TN
autoland,4405952,13,ad8d5d1385265583919f5a224e1153902b6eef60,macosx1015-64-shippable-qr,True,False,,|b|y|t|e|c|o|d|e|-|c|a|c|h|e|d| |c|o|l|d| |f|i|s|s|i|o|n| |w|e|b|r|e|n|d|e|r|,102210fe594ee9b33d82058545b1ed14f4c8206e,PerceptualSpeedIndex,twitter,True,twitter PerceptualSpeedIndex opt bytecode-cached cold fission webrender,,77,ms,firefox,,1811479431,2023-12-14 06:57:49,608.6,3af75f3310fc53f70cba7e6c5a7e7bec2d3381dc,1348404,,,,,,,,,,,,,,,,,,,,,,,,,,,,,,,,,,,,,,,,,,,,,,,,,,,,,,,,,,,,,TN,TN
autoland,4405952,13,ad8d5d1385265583919f5a224e1153902b6eef60,macosx1015-64-shippable-qr,True,False,,|b|y|t|e|c|o|d|e|-|c|a|c|h|e|d| |c|o|l|d| |f|i|s|s|i|o|n| |w|e|b|r|e|n|d|e|r|,102210fe594ee9b33d82058545b1ed14f4c8206e,PerceptualSpeedIndex,twitter,True,twitter PerceptualSpeedIndex opt bytecode-cached cold fission webrender,,77,ms,firefox,,1811552233,2023-12-14 09:15:58,606.4,1c0fd259312d4631a0d1a7e0ea0560cff577beba,1348457,,,,,,,,,,,,,,,,,,,,,,,,,,,,,,,,,,,,,,,,,,,,,,,,,,,,,,,,,,,,,TN,TN
autoland,4405952,13,ad8d5d1385265583919f5a224e1153902b6eef60,macosx1015-64-shippable-qr,True,False,,|b|y|t|e|c|o|d|e|-|c|a|c|h|e|d| |c|o|l|d| |f|i|s|s|i|o|n| |w|e|b|r|e|n|d|e|r|,102210fe594ee9b33d82058545b1ed14f4c8206e,PerceptualSpeedIndex,twitter,True,twitter PerceptualSpeedIndex opt bytecode-cached cold fission webrender,,77,ms,firefox,,1811742604,2023-12-14 13:22:59,622.0,31a1108bee2768e6f329db2b083b5066b2c83def,1348529,,,,,,,,,,,,,,,,,,,,,,,,,,,,,,,,,,,,,,,,,,,,,,,,,,,,,,,,,,,,,TN,TN
autoland,4405952,13,ad8d5d1385265583919f5a224e1153902b6eef60,macosx1015-64-shippable-qr,True,False,,|b|y|t|e|c|o|d|e|-|c|a|c|h|e|d| |c|o|l|d| |f|i|s|s|i|o|n| |w|e|b|r|e|n|d|e|r|,102210fe594ee9b33d82058545b1ed14f4c8206e,PerceptualSpeedIndex,twitter,True,twitter PerceptualSpeedIndex opt bytecode-cached cold fission webrender,,77,ms,firefox,,1811835787,2023-12-14 15:25:58,600.9,44c4e62a38e1a18cd9c3cdc37be672c5b2eccb06,1348605,,,,,,,,,,,,,,,,,,,,,,,,,,,,,,,,,,,,,,,,,,,,,,,,,,,,,,,,,,,,,TN,TN
autoland,4405952,13,ad8d5d1385265583919f5a224e1153902b6eef60,macosx1015-64-shippable-qr,True,False,,|b|y|t|e|c|o|d|e|-|c|a|c|h|e|d| |c|o|l|d| |f|i|s|s|i|o|n| |w|e|b|r|e|n|d|e|r|,102210fe594ee9b33d82058545b1ed14f4c8206e,PerceptualSpeedIndex,twitter,True,twitter PerceptualSpeedIndex opt bytecode-cached cold fission webrender,,77,ms,firefox,,1812386896,2023-12-14 19:23:56,662.2,78c7be7943b18dd539b6178da71c8c4a66089305,1348840,,,,,,,,,,,,,,,,,,,,,,,,,,,,,,,,,,,,,,,,,,,,,,,,,,,,,,,,,,,,,TN,TN
autoland,4405952,13,ad8d5d1385265583919f5a224e1153902b6eef60,macosx1015-64-shippable-qr,True,False,,|b|y|t|e|c|o|d|e|-|c|a|c|h|e|d| |c|o|l|d| |f|i|s|s|i|o|n| |w|e|b|r|e|n|d|e|r|,102210fe594ee9b33d82058545b1ed14f4c8206e,PerceptualSpeedIndex,twitter,True,twitter PerceptualSpeedIndex opt bytecode-cached cold fission webrender,,77,ms,firefox,,1812029419,2023-12-14 19:45:40,603.2,5b5faa47b870a45949438e5959b9ef04204a9bac,1348855,,,,,,,,,,,,,,,,,,,,,,,,,,,,,,,,,,,,,,,,,,,,,,,,,,,,,,,,,,,,,TN,TN
autoland,4405952,13,ad8d5d1385265583919f5a224e1153902b6eef60,macosx1015-64-shippable-qr,True,False,,|b|y|t|e|c|o|d|e|-|c|a|c|h|e|d| |c|o|l|d| |f|i|s|s|i|o|n| |w|e|b|r|e|n|d|e|r|,102210fe594ee9b33d82058545b1ed14f4c8206e,PerceptualSpeedIndex,twitter,True,twitter PerceptualSpeedIndex opt bytecode-cached cold fission webrender,,77,ms,firefox,,1812205293,2023-12-14 21:45:13,619.0,04ae3a53d7df39b7ef7380e872889038951a9e63,1348957,,,,,,,,,,,,,,,,,,,,,,,,,,,,,,,,,,,,,,,,,,,,,,,,,,,,,,,,,,,,,TN,TN
autoland,4405952,13,ad8d5d1385265583919f5a224e1153902b6eef60,macosx1015-64-shippable-qr,True,False,,|b|y|t|e|c|o|d|e|-|c|a|c|h|e|d| |c|o|l|d| |f|i|s|s|i|o|n| |w|e|b|r|e|n|d|e|r|,102210fe594ee9b33d82058545b1ed14f4c8206e,PerceptualSpeedIndex,twitter,True,twitter PerceptualSpeedIndex opt bytecode-cached cold fission webrender,,77,ms,firefox,,1812295252,2023-12-15 01:58:19,620.5,efffe49c7c1c0f6b54d9f752224880e07e588f36,1349130,,,,,,,,,,,,,,,,,,,,,,,,,,,,,,,,,,,,,,,,,,,,,,,,,,,,,,,,,,,,,TN,TN
autoland,4405952,13,ad8d5d1385265583919f5a224e1153902b6eef60,macosx1015-64-shippable-qr,True,False,,|b|y|t|e|c|o|d|e|-|c|a|c|h|e|d| |c|o|l|d| |f|i|s|s|i|o|n| |w|e|b|r|e|n|d|e|r|,102210fe594ee9b33d82058545b1ed14f4c8206e,PerceptualSpeedIndex,twitter,True,twitter PerceptualSpeedIndex opt bytecode-cached cold fission webrender,,77,ms,firefox,,1812587646,2023-12-15 11:00:39,605.9,d3a29d02b3dd8d8cfbfff6fcad00d94226e102e8,1349239,,,,,,,,,,,,,,,,,,,,,,,,,,,,,,,,,,,,,,,,,,,,,,,,,,,,,,,,,,,,,TN,TN
autoland,4405952,13,ad8d5d1385265583919f5a224e1153902b6eef60,macosx1015-64-shippable-qr,True,False,,|b|y|t|e|c|o|d|e|-|c|a|c|h|e|d| |c|o|l|d| |f|i|s|s|i|o|n| |w|e|b|r|e|n|d|e|r|,102210fe594ee9b33d82058545b1ed14f4c8206e,PerceptualSpeedIndex,twitter,True,twitter PerceptualSpeedIndex opt bytecode-cached cold fission webrender,,77,ms,firefox,,1813075043,2023-12-15 11:33:40,618.7,1b43e68405d00eda15832b113572cef3c3f91d0b,1349256,,,,,,,,,,,,,,,,,,,,,,,,,,,,,,,,,,,,,,,,,,,,,,,,,,,,,,,,,,,,,TN,TN
autoland,4405952,13,ad8d5d1385265583919f5a224e1153902b6eef60,macosx1015-64-shippable-qr,True,False,,|b|y|t|e|c|o|d|e|-|c|a|c|h|e|d| |c|o|l|d| |f|i|s|s|i|o|n| |w|e|b|r|e|n|d|e|r|,102210fe594ee9b33d82058545b1ed14f4c8206e,PerceptualSpeedIndex,twitter,True,twitter PerceptualSpeedIndex opt bytecode-cached cold fission webrender,,77,ms,firefox,,1813076268,2023-12-15 13:11:42,694.8,52110e0439924fde2539fa4e09821a9381655c91,1349281,,,,,,,,,,,,,,,,,,,,,,,,,,,,,,,,,,,,,,,,,,,,,,,,,,,,,,,,,,,,,TN,TN
autoland,4405952,13,ad8d5d1385265583919f5a224e1153902b6eef60,macosx1015-64-shippable-qr,True,False,,|b|y|t|e|c|o|d|e|-|c|a|c|h|e|d| |c|o|l|d| |f|i|s|s|i|o|n| |w|e|b|r|e|n|d|e|r|,102210fe594ee9b33d82058545b1ed14f4c8206e,PerceptualSpeedIndex,twitter,True,twitter PerceptualSpeedIndex opt bytecode-cached cold fission webrender,,77,ms,firefox,,1812602548,2023-12-15 15:09:59,624.4,8fd04cb03fbd84435d9834d1de340c2f64e013bb,1349331,,,,,,,,,,,,,,,,,,,,,,,,,,,,,,,,,,,,,,,,,,,,,,,,,,,,,,,,,,,,,TN,TN
autoland,4405952,13,ad8d5d1385265583919f5a224e1153902b6eef60,macosx1015-64-shippable-qr,True,False,,|b|y|t|e|c|o|d|e|-|c|a|c|h|e|d| |c|o|l|d| |f|i|s|s|i|o|n| |w|e|b|r|e|n|d|e|r|,102210fe594ee9b33d82058545b1ed14f4c8206e,PerceptualSpeedIndex,twitter,True,twitter PerceptualSpeedIndex opt bytecode-cached cold fission webrender,,77,ms,firefox,,1812833505,2023-12-15 20:18:56,636.4,8f1a041ed5a88918a5fe585c89ffabd9450bc0ef,1349528,,,,,,,,,,,,,,,,,,,,,,,,,,,,,,,,,,,,,,,,,,,,,,,,,,,,,,,,,,,,,TN,TN
autoland,4405952,13,ad8d5d1385265583919f5a224e1153902b6eef60,macosx1015-64-shippable-qr,True,False,,|b|y|t|e|c|o|d|e|-|c|a|c|h|e|d| |c|o|l|d| |f|i|s|s|i|o|n| |w|e|b|r|e|n|d|e|r|,102210fe594ee9b33d82058545b1ed14f4c8206e,PerceptualSpeedIndex,twitter,True,twitter PerceptualSpeedIndex opt bytecode-cached cold fission webrender,,77,ms,firefox,,1813076291,2023-12-15 21:55:29,591.9,44e8ffbec880bf30f09db0da6825bbe4fc3e1352,1349589,,,,,,,,,,,,,,,,,,,,,,,,,,,,,,,,,,,,,,,,,,,,,,,,,,,,,,,,,,,,,TN,TN
autoland,4405952,13,ad8d5d1385265583919f5a224e1153902b6eef60,macosx1015-64-shippable-qr,True,False,,|b|y|t|e|c|o|d|e|-|c|a|c|h|e|d| |c|o|l|d| |f|i|s|s|i|o|n| |w|e|b|r|e|n|d|e|r|,102210fe594ee9b33d82058545b1ed14f4c8206e,PerceptualSpeedIndex,twitter,True,twitter PerceptualSpeedIndex opt bytecode-cached cold fission webrender,,77,ms,firefox,,1813031844,2023-12-15 22:23:20,593.9,cb0fb07166b17b6a9b02be0ce0b759a8ee337c3d,1349599,,,,,,,,,,,,,,,,,,,,,,,,,,,,,,,,,,,,,,,,,,,,,,,,,,,,,,,,,,,,,TN,TN
autoland,4405952,13,ad8d5d1385265583919f5a224e1153902b6eef60,macosx1015-64-shippable-qr,True,False,,|b|y|t|e|c|o|d|e|-|c|a|c|h|e|d| |c|o|l|d| |f|i|s|s|i|o|n| |w|e|b|r|e|n|d|e|r|,102210fe594ee9b33d82058545b1ed14f4c8206e,PerceptualSpeedIndex,twitter,True,twitter PerceptualSpeedIndex opt bytecode-cached cold fission webrender,,77,ms,firefox,,1813008018,2023-12-16 02:28:17,614.8,33b0a0fecfd912ef3f540060b5e13f54db31d5cd,1349675,,,,,,,,,,,,,,,,,,,,,,,,,,,,,,,,,,,,,,,,,,,,,,,,,,,,,,,,,,,,,TN,TN
autoland,4405952,13,ad8d5d1385265583919f5a224e1153902b6eef60,macosx1015-64-shippable-qr,True,False,,|b|y|t|e|c|o|d|e|-|c|a|c|h|e|d| |c|o|l|d| |f|i|s|s|i|o|n| |w|e|b|r|e|n|d|e|r|,102210fe594ee9b33d82058545b1ed14f4c8206e,PerceptualSpeedIndex,twitter,True,twitter PerceptualSpeedIndex opt bytecode-cached cold fission webrender,,77,ms,firefox,,1813174558,2023-12-16 14:03:11,621.3,6d6d4867b0f48dce26d871d94c5f74f5a8ac6aaf,1349726,,,,,,,,,,,,,,,,,,,,,,,,,,,,,,,,,,,,,,,,,,,,,,,,,,,,,,,,,,,,,TN,TN
autoland,4405952,13,ad8d5d1385265583919f5a224e1153902b6eef60,macosx1015-64-shippable-qr,True,False,,|b|y|t|e|c|o|d|e|-|c|a|c|h|e|d| |c|o|l|d| |f|i|s|s|i|o|n| |w|e|b|r|e|n|d|e|r|,102210fe594ee9b33d82058545b1ed14f4c8206e,PerceptualSpeedIndex,twitter,True,twitter PerceptualSpeedIndex opt bytecode-cached cold fission webrender,,77,ms,firefox,,1813339607,2023-12-17 06:27:55,627.5,2d19e1f44e562ba1bb3be1f4b8f95b9884d9b07d,1349827,,,,,,,,,,,,,,,,,,,,,,,,,,,,,,,,,,,,,,,,,,,,,,,,,,,,,,,,,,,,,TN,TN
autoland,4405952,13,ad8d5d1385265583919f5a224e1153902b6eef60,macosx1015-64-shippable-qr,True,False,,|b|y|t|e|c|o|d|e|-|c|a|c|h|e|d| |c|o|l|d| |f|i|s|s|i|o|n| |w|e|b|r|e|n|d|e|r|,102210fe594ee9b33d82058545b1ed14f4c8206e,PerceptualSpeedIndex,twitter,True,twitter PerceptualSpeedIndex opt bytecode-cached cold fission webrender,,77,ms,firefox,,1813435692,2023-12-17 14:26:46,588.4,ab5e2f241728caa5dc020e829b1045df55247758,1349862,,,,,,,,,,,,,,,,,,,,,,,,,,,,,,,,,,,,,,,,,,,,,,,,,,,,,,,,,,,,,TN,TN
autoland,4405952,13,ad8d5d1385265583919f5a224e1153902b6eef60,macosx1015-64-shippable-qr,True,False,,|b|y|t|e|c|o|d|e|-|c|a|c|h|e|d| |c|o|l|d| |f|i|s|s|i|o|n| |w|e|b|r|e|n|d|e|r|,102210fe594ee9b33d82058545b1ed14f4c8206e,PerceptualSpeedIndex,twitter,True,twitter PerceptualSpeedIndex opt bytecode-cached cold fission webrender,,77,ms,firefox,,1813530238,2023-12-18 01:43:16,614.4,b46057158b0694677a8174089de1cb8929d3116b,1349993,,,,,,,,,,,,,,,,,,,,,,,,,,,,,,,,,,,,,,,,,,,,,,,,,,,,,,,,,,,,,TN,TN
autoland,4405952,13,ad8d5d1385265583919f5a224e1153902b6eef60,macosx1015-64-shippable-qr,True,False,,|b|y|t|e|c|o|d|e|-|c|a|c|h|e|d| |c|o|l|d| |f|i|s|s|i|o|n| |w|e|b|r|e|n|d|e|r|,102210fe594ee9b33d82058545b1ed14f4c8206e,PerceptualSpeedIndex,twitter,True,twitter PerceptualSpeedIndex opt bytecode-cached cold fission webrender,,77,ms,firefox,,1813566815,2023-12-18 05:48:57,610.7,1d2ed0b2947385e77bd609220eb0e453b44d4cb3,1350028,,,,,,,,,,,,,,,,,,,,,,,,,,,,,,,,,,,,,,,,,,,,,,,,,,,,,,,,,,,,,TN,TN
autoland,4405952,13,ad8d5d1385265583919f5a224e1153902b6eef60,macosx1015-64-shippable-qr,True,False,,|b|y|t|e|c|o|d|e|-|c|a|c|h|e|d| |c|o|l|d| |f|i|s|s|i|o|n| |w|e|b|r|e|n|d|e|r|,102210fe594ee9b33d82058545b1ed14f4c8206e,PerceptualSpeedIndex,twitter,True,twitter PerceptualSpeedIndex opt bytecode-cached cold fission webrender,,77,ms,firefox,,1814025304,2023-12-18 10:08:52,589.2,1f7904968650806af8d68bbc64a717bac22df318,1350088,,,,,,,,,,,,,,,,,,,,,,,,,,,,,,,,,,,,,,,,,,,,,,,,,,,,,,,,,,,,,TN,TN
autoland,4405952,13,ad8d5d1385265583919f5a224e1153902b6eef60,macosx1015-64-shippable-qr,True,False,,|b|y|t|e|c|o|d|e|-|c|a|c|h|e|d| |c|o|l|d| |f|i|s|s|i|o|n| |w|e|b|r|e|n|d|e|r|,102210fe594ee9b33d82058545b1ed14f4c8206e,PerceptualSpeedIndex,twitter,True,twitter PerceptualSpeedIndex opt bytecode-cached cold fission webrender,,77,ms,firefox,,1814036589,2023-12-18 14:56:17,621.5,8942476b2dcd0a89abfb3183ea577d611785e77e,1350212,,,,,,,,,,,,,,,,,,,,,,,,,,,,,,,,,,,,,,,,,,,,,,,,,,,,,,,,,,,,,TN,TN
autoland,4405952,13,ad8d5d1385265583919f5a224e1153902b6eef60,macosx1015-64-shippable-qr,True,False,,|b|y|t|e|c|o|d|e|-|c|a|c|h|e|d| |c|o|l|d| |f|i|s|s|i|o|n| |w|e|b|r|e|n|d|e|r|,102210fe594ee9b33d82058545b1ed14f4c8206e,PerceptualSpeedIndex,twitter,True,twitter PerceptualSpeedIndex opt bytecode-cached cold fission webrender,,77,ms,firefox,,1814044850,2023-12-18 15:53:23,613.3,e409a860d27d9dbd962eb6568c1700e2aa2716aa,1350255,,,,,,,,,,,,,,,,,,,,,,,,,,,,,,,,,,,,,,,,,,,,,,,,,,,,,,,,,,,,,TN,TN
autoland,4405952,13,ad8d5d1385265583919f5a224e1153902b6eef60,macosx1015-64-shippable-qr,True,False,,|b|y|t|e|c|o|d|e|-|c|a|c|h|e|d| |c|o|l|d| |f|i|s|s|i|o|n| |w|e|b|r|e|n|d|e|r|,102210fe594ee9b33d82058545b1ed14f4c8206e,PerceptualSpeedIndex,twitter,True,twitter PerceptualSpeedIndex opt bytecode-cached cold fission webrender,,77,ms,firefox,,1814071335,2023-12-18 18:13:05,611.7,c909d207f316bf0512f63f8262872083353a6ef5,1350369,,,,,,,,,,,,,,,,,,,,,,,,,,,,,,,,,,,,,,,,,,,,,,,,,,,,,,,,,,,,,TN,TN
autoland,4405952,13,ad8d5d1385265583919f5a224e1153902b6eef60,macosx1015-64-shippable-qr,True,False,,|b|y|t|e|c|o|d|e|-|c|a|c|h|e|d| |c|o|l|d| |f|i|s|s|i|o|n| |w|e|b|r|e|n|d|e|r|,102210fe594ee9b33d82058545b1ed14f4c8206e,PerceptualSpeedIndex,twitter,True,twitter PerceptualSpeedIndex opt bytecode-cached cold fission webrender,,77,ms,firefox,,1814092233,2023-12-18 20:47:25,627.4,593e78a41c38b062baab03b6280366f86d0d233c,1350523,,,,,,,,,,,,,,,,,,,,,,,,,,,,,,,,,,,,,,,,,,,,,,,,,,,,,,,,,,,,,TN,TN
autoland,4405952,13,ad8d5d1385265583919f5a224e1153902b6eef60,macosx1015-64-shippable-qr,True,False,,|b|y|t|e|c|o|d|e|-|c|a|c|h|e|d| |c|o|l|d| |f|i|s|s|i|o|n| |w|e|b|r|e|n|d|e|r|,102210fe594ee9b33d82058545b1ed14f4c8206e,PerceptualSpeedIndex,twitter,True,twitter PerceptualSpeedIndex opt bytecode-cached cold fission webrender,,77,ms,firefox,,1814101877,2023-12-19 00:56:17,608.2,4bc62630a431fca569dfb1add5eee214dcdd091c,1350695,,,,,,,,,,,,,,,,,,,,,,,,,,,,,,,,,,,,,,,,,,,,,,,,,,,,,,,,,,,,,TN,TN
autoland,4405952,13,ad8d5d1385265583919f5a224e1153902b6eef60,macosx1015-64-shippable-qr,True,False,,|b|y|t|e|c|o|d|e|-|c|a|c|h|e|d| |c|o|l|d| |f|i|s|s|i|o|n| |w|e|b|r|e|n|d|e|r|,102210fe594ee9b33d82058545b1ed14f4c8206e,PerceptualSpeedIndex,twitter,True,twitter PerceptualSpeedIndex opt bytecode-cached cold fission webrender,,77,ms,firefox,,1814113137,2023-12-19 02:00:57,619.5,7e32f178b02fef938f803492c4bfd6d897ffcb21,1350710,,,,,,,,,,,,,,,,,,,,,,,,,,,,,,,,,,,,,,,,,,,,,,,,,,,,,,,,,,,,,TN,TN
autoland,4405952,13,ad8d5d1385265583919f5a224e1153902b6eef60,macosx1015-64-shippable-qr,True,False,,|b|y|t|e|c|o|d|e|-|c|a|c|h|e|d| |c|o|l|d| |f|i|s|s|i|o|n| |w|e|b|r|e|n|d|e|r|,102210fe594ee9b33d82058545b1ed14f4c8206e,PerceptualSpeedIndex,twitter,True,twitter PerceptualSpeedIndex opt bytecode-cached cold fission webrender,,77,ms,firefox,,1814195855,2023-12-19 06:19:40,603.0,05b607c3bbe6ca02e9133ecb969e033fd3d7959e,1350758,,,,,,,,,,,,,,,,,,,,,,,,,,,,,,,,,,,,,,,,,,,,,,,,,,,,,,,,,,,,,TN,TN
autoland,4405952,13,ad8d5d1385265583919f5a224e1153902b6eef60,macosx1015-64-shippable-qr,True,False,,|b|y|t|e|c|o|d|e|-|c|a|c|h|e|d| |c|o|l|d| |f|i|s|s|i|o|n| |w|e|b|r|e|n|d|e|r|,102210fe594ee9b33d82058545b1ed14f4c8206e,PerceptualSpeedIndex,twitter,True,twitter PerceptualSpeedIndex opt bytecode-cached cold fission webrender,,77,ms,firefox,,1814333843,2023-12-19 10:31:52,600.6,8efb8cc3558006677c6d18fcf41c3445498e257c,1350823,,,,,,,,,,,,,,,,,,,,,,,,,,,,,,,,,,,,,,,,,,,,,,,,,,,,,,,,,,,,,TN,TN
autoland,4405952,13,ad8d5d1385265583919f5a224e1153902b6eef60,macosx1015-64-shippable-qr,True,False,,|b|y|t|e|c|o|d|e|-|c|a|c|h|e|d| |c|o|l|d| |f|i|s|s|i|o|n| |w|e|b|r|e|n|d|e|r|,102210fe594ee9b33d82058545b1ed14f4c8206e,PerceptualSpeedIndex,twitter,True,twitter PerceptualSpeedIndex opt bytecode-cached cold fission webrender,,77,ms,firefox,,1814351121,2023-12-19 10:59:27,587.5,e382d15d709c00d2fc941c2d6e9344b826246c27,1350835,,,,,,,,,,,,,,,,,,,,,,,,,,,,,,,,,,,,,,,,,,,,,,,,,,,,,,,,,,,,,TN,TN
autoland,4405952,13,ad8d5d1385265583919f5a224e1153902b6eef60,macosx1015-64-shippable-qr,True,False,,|b|y|t|e|c|o|d|e|-|c|a|c|h|e|d| |c|o|l|d| |f|i|s|s|i|o|n| |w|e|b|r|e|n|d|e|r|,102210fe594ee9b33d82058545b1ed14f4c8206e,PerceptualSpeedIndex,twitter,True,twitter PerceptualSpeedIndex opt bytecode-cached cold fission webrender,,77,ms,firefox,,1814923453,2023-12-19 13:19:02,603.4,be64555d77f881872b0f03c41f3ab33631d3ac01,1350903,,,,,,,,,,,,,,,,,,,,,,,,,,,,,,,,,,,,,,,,,,,,,,,,,,,,,,,,,,,,,TN,TN
autoland,4405952,13,ad8d5d1385265583919f5a224e1153902b6eef60,macosx1015-64-shippable-qr,True,False,,|b|y|t|e|c|o|d|e|-|c|a|c|h|e|d| |c|o|l|d| |f|i|s|s|i|o|n| |w|e|b|r|e|n|d|e|r|,102210fe594ee9b33d82058545b1ed14f4c8206e,PerceptualSpeedIndex,twitter,True,twitter PerceptualSpeedIndex opt bytecode-cached cold fission webrender,,77,ms,firefox,,1814927832,2023-12-19 13:50:50,602.9,b6f6bcaf2283fe3a010ced1fe192f3a3f164b583,1350921,,,,,,,,,,,,,,,,,,,,,,,,,,,,,,,,,,,,,,,,,,,,,,,,,,,,,,,,,,,,,TN,TN
autoland,4405952,13,ad8d5d1385265583919f5a224e1153902b6eef60,macosx1015-64-shippable-qr,True,False,,|b|y|t|e|c|o|d|e|-|c|a|c|h|e|d| |c|o|l|d| |f|i|s|s|i|o|n| |w|e|b|r|e|n|d|e|r|,102210fe594ee9b33d82058545b1ed14f4c8206e,PerceptualSpeedIndex,twitter,True,twitter PerceptualSpeedIndex opt bytecode-cached cold fission webrender,,77,ms,firefox,,1814935706,2023-12-19 13:51:47,709.0,3e5f50c1f3ddf4e4cdc9218c20a6fda61fb8072f,1350923,,,,,,,,,,,,,,,,,,,,,,,,,,,,,,,,,,,,,,,,,,,,,,,,,,,,,,,,,,,,,TN,TN
autoland,4405952,13,ad8d5d1385265583919f5a224e1153902b6eef60,macosx1015-64-shippable-qr,True,False,,|b|y|t|e|c|o|d|e|-|c|a|c|h|e|d| |c|o|l|d| |f|i|s|s|i|o|n| |w|e|b|r|e|n|d|e|r|,102210fe594ee9b33d82058545b1ed14f4c8206e,PerceptualSpeedIndex,twitter,True,twitter PerceptualSpeedIndex opt bytecode-cached cold fission webrender,,77,ms,firefox,,1814627705,2023-12-19 15:05:00,583.6,58a9c7e82a58e7e951a669f0634901963c5ed696,1350969,,,,,,,,,,,,,,,,,,,,,,,,,,,,,,,,,,,,,,,,,,,,,,,,,,,,,,,,,,,,,TN,TN
autoland,4405952,13,ad8d5d1385265583919f5a224e1153902b6eef60,macosx1015-64-shippable-qr,True,False,,|b|y|t|e|c|o|d|e|-|c|a|c|h|e|d| |c|o|l|d| |f|i|s|s|i|o|n| |w|e|b|r|e|n|d|e|r|,102210fe594ee9b33d82058545b1ed14f4c8206e,PerceptualSpeedIndex,twitter,True,twitter PerceptualSpeedIndex opt bytecode-cached cold fission webrender,,77,ms,firefox,,1814596186,2023-12-19 15:55:04,616.2,ffd610f5a3bc262042d0839f354a1cf0cc9d5dff,1351025,,,,,,,,,,,,,,,,,,,,,,,,,,,,,,,,,,,,,,,,,,,,,,,,,,,,,,,,,,,,,TN,TN
autoland,4405952,13,ad8d5d1385265583919f5a224e1153902b6eef60,macosx1015-64-shippable-qr,True,False,,|b|y|t|e|c|o|d|e|-|c|a|c|h|e|d| |c|o|l|d| |f|i|s|s|i|o|n| |w|e|b|r|e|n|d|e|r|,102210fe594ee9b33d82058545b1ed14f4c8206e,PerceptualSpeedIndex,twitter,True,twitter PerceptualSpeedIndex opt bytecode-cached cold fission webrender,,77,ms,firefox,,1814708564,2023-12-19 20:21:31,608.8,b50326daf412a23a363c8ca18b03b1dcede121ff,1351238,,,,,,,,,,,,,,,,,,,,,,,,,,,,,,,,,,,,,,,,,,,,,,,,,,,,,,,,,,,,,TN,TN
autoland,4405952,13,ad8d5d1385265583919f5a224e1153902b6eef60,macosx1015-64-shippable-qr,True,False,,|b|y|t|e|c|o|d|e|-|c|a|c|h|e|d| |c|o|l|d| |f|i|s|s|i|o|n| |w|e|b|r|e|n|d|e|r|,102210fe594ee9b33d82058545b1ed14f4c8206e,PerceptualSpeedIndex,twitter,True,twitter PerceptualSpeedIndex opt bytecode-cached cold fission webrender,,77,ms,firefox,,1814793869,2023-12-19 21:18:40,637.2,31eaa2b1cf1b61e0b8868c53cf6bdbfc14805942,1351276,,,,,,,,,,,,,,,,,,,,,,,,,,,,,,,,,,,,,,,,,,,,,,,,,,,,,,,,,,,,,TN,TN
autoland,4405952,13,ad8d5d1385265583919f5a224e1153902b6eef60,macosx1015-64-shippable-qr,True,False,,|b|y|t|e|c|o|d|e|-|c|a|c|h|e|d| |c|o|l|d| |f|i|s|s|i|o|n| |w|e|b|r|e|n|d|e|r|,102210fe594ee9b33d82058545b1ed14f4c8206e,PerceptualSpeedIndex,twitter,True,twitter PerceptualSpeedIndex opt bytecode-cached cold fission webrender,,77,ms,firefox,,1814849063,2023-12-20 02:06:01,728.0,9ac6d461916454c17cd8c7dfc7f73401ef3da12a,1351432,,,,,,,,,,,,,,,,,,,,,,,,,,,,,,,,,,,,,,,,,,,,,,,,,,,,,,,,,,,,,TN,TN
autoland,4405952,13,ad8d5d1385265583919f5a224e1153902b6eef60,macosx1015-64-shippable-qr,True,False,,|b|y|t|e|c|o|d|e|-|c|a|c|h|e|d| |c|o|l|d| |f|i|s|s|i|o|n| |w|e|b|r|e|n|d|e|r|,102210fe594ee9b33d82058545b1ed14f4c8206e,PerceptualSpeedIndex,twitter,True,twitter PerceptualSpeedIndex opt bytecode-cached cold fission webrender,,77,ms,firefox,,1814914858,2023-12-20 04:26:18,609.8,e3bf6261f6fc31e78c716c97399a60f6f575ebcd,1351473,,,,,,,,,,,,,,,,,,,,,,,,,,,,,,,,,,,,,,,,,,,,,,,,,,,,,,,,,,,,,TN,TN
autoland,4405952,13,ad8d5d1385265583919f5a224e1153902b6eef60,macosx1015-64-shippable-qr,True,False,,|b|y|t|e|c|o|d|e|-|c|a|c|h|e|d| |c|o|l|d| |f|i|s|s|i|o|n| |w|e|b|r|e|n|d|e|r|,102210fe594ee9b33d82058545b1ed14f4c8206e,PerceptualSpeedIndex,twitter,True,twitter PerceptualSpeedIndex opt bytecode-cached cold fission webrender,,77,ms,firefox,,1815053295,2023-12-20 09:15:46,595.1,4d6eabdc6228d414c7043c4fabdddfd95a3afb0e,1351517,,,,,,,,,,,,,,,,,,,,,,,,,,,,,,,,,,,,,,,,,,,,,,,,,,,,,,,,,,,,,TN,TN
autoland,4405952,13,ad8d5d1385265583919f5a224e1153902b6eef60,macosx1015-64-shippable-qr,True,False,,|b|y|t|e|c|o|d|e|-|c|a|c|h|e|d| |c|o|l|d| |f|i|s|s|i|o|n| |w|e|b|r|e|n|d|e|r|,102210fe594ee9b33d82058545b1ed14f4c8206e,PerceptualSpeedIndex,twitter,True,twitter PerceptualSpeedIndex opt bytecode-cached cold fission webrender,,77,ms,firefox,,1815165298,2023-12-20 13:10:00,613.4,97f2e0f6b821072bc498a3bc7921831eb6d10d38,1351639,,,,,,,,,,,,,,,,,,,,,,,,,,,,,,,,,,,,,,,,,,,,,,,,,,,,,,,,,,,,,TN,TN
autoland,4405952,13,ad8d5d1385265583919f5a224e1153902b6eef60,macosx1015-64-shippable-qr,True,False,,|b|y|t|e|c|o|d|e|-|c|a|c|h|e|d| |c|o|l|d| |f|i|s|s|i|o|n| |w|e|b|r|e|n|d|e|r|,102210fe594ee9b33d82058545b1ed14f4c8206e,PerceptualSpeedIndex,twitter,True,twitter PerceptualSpeedIndex opt bytecode-cached cold fission webrender,,77,ms,firefox,,1815380339,2023-12-20 17:43:19,601.3,c12f6936509f05b3caad77d4cb4b783a38761897,1351821,,,,,,,,,,,,,,,,,,,,,,,,,,,,,,,,,,,,,,,,,,,,,,,,,,,,,,,,,,,,,TN,TN
autoland,4405952,13,ad8d5d1385265583919f5a224e1153902b6eef60,macosx1015-64-shippable-qr,True,False,,|b|y|t|e|c|o|d|e|-|c|a|c|h|e|d| |c|o|l|d| |f|i|s|s|i|o|n| |w|e|b|r|e|n|d|e|r|,102210fe594ee9b33d82058545b1ed14f4c8206e,PerceptualSpeedIndex,twitter,True,twitter PerceptualSpeedIndex opt bytecode-cached cold fission webrender,,77,ms,firefox,,1815480086,2023-12-20 21:55:32,617.9,aa4d4fecaf969d49a7ecf2568e3dda25cd2a7f1d,1352017,,,,,,,,,,,,,,,,,,,,,,,,,,,,,,,,,,,,,,,,,,,,,,,,,,,,,,,,,,,,,TN,TN
autoland,4405952,13,ad8d5d1385265583919f5a224e1153902b6eef60,macosx1015-64-shippable-qr,True,False,,|b|y|t|e|c|o|d|e|-|c|a|c|h|e|d| |c|o|l|d| |f|i|s|s|i|o|n| |w|e|b|r|e|n|d|e|r|,102210fe594ee9b33d82058545b1ed14f4c8206e,PerceptualSpeedIndex,twitter,True,twitter PerceptualSpeedIndex opt bytecode-cached cold fission webrender,,77,ms,firefox,,1815465721,2023-12-20 21:58:53,616.2,dfc7e32798343d88b72708bf68fc966d1e088330,1352020,,,,,,,,,,,,,,,,,,,,,,,,,,,,,,,,,,,,,,,,,,,,,,,,,,,,,,,,,,,,,TN,TN
autoland,4405952,13,ad8d5d1385265583919f5a224e1153902b6eef60,macosx1015-64-shippable-qr,True,False,,|b|y|t|e|c|o|d|e|-|c|a|c|h|e|d| |c|o|l|d| |f|i|s|s|i|o|n| |w|e|b|r|e|n|d|e|r|,102210fe594ee9b33d82058545b1ed14f4c8206e,PerceptualSpeedIndex,twitter,True,twitter PerceptualSpeedIndex opt bytecode-cached cold fission webrender,,77,ms,firefox,,1815583645,2023-12-21 03:06:09,610.0,37657c7691664026e54babf7d1cf608fe58a92fb,1352135,,,,,,,,,,,,,,,,,,,,,,,,,,,,,,,,,,,,,,,,,,,,,,,,,,,,,,,,,,,,,TN,TN
autoland,4405952,13,ad8d5d1385265583919f5a224e1153902b6eef60,macosx1015-64-shippable-qr,True,False,,|b|y|t|e|c|o|d|e|-|c|a|c|h|e|d| |c|o|l|d| |f|i|s|s|i|o|n| |w|e|b|r|e|n|d|e|r|,102210fe594ee9b33d82058545b1ed14f4c8206e,PerceptualSpeedIndex,twitter,True,twitter PerceptualSpeedIndex opt bytecode-cached cold fission webrender,,77,ms,firefox,,1815656948,2023-12-21 06:56:11,605.7,2339ef37f5863c45acf6280581ec0994b40f11d5,1352164,,,,,,,,,,,,,,,,,,,,,,,,,,,,,,,,,,,,,,,,,,,,,,,,,,,,,,,,,,,,,TN,TN
autoland,4405952,13,ad8d5d1385265583919f5a224e1153902b6eef60,macosx1015-64-shippable-qr,True,False,,|b|y|t|e|c|o|d|e|-|c|a|c|h|e|d| |c|o|l|d| |f|i|s|s|i|o|n| |w|e|b|r|e|n|d|e|r|,102210fe594ee9b33d82058545b1ed14f4c8206e,PerceptualSpeedIndex,twitter,True,twitter PerceptualSpeedIndex opt bytecode-cached cold fission webrender,,77,ms,firefox,,1815773257,2023-12-21 11:39:11,585.2,5e551f2bacc3d6a8294dcb0273e8299cf7a17e2d,1352265,,,,,,,,,,,,,,,,,,,,,,,,,,,,,,,,,,,,,,,,,,,,,,,,,,,,,,,,,,,,,TN,TN
autoland,4405952,13,ad8d5d1385265583919f5a224e1153902b6eef60,macosx1015-64-shippable-qr,True,False,,|b|y|t|e|c|o|d|e|-|c|a|c|h|e|d| |c|o|l|d| |f|i|s|s|i|o|n| |w|e|b|r|e|n|d|e|r|,102210fe594ee9b33d82058545b1ed14f4c8206e,PerceptualSpeedIndex,twitter,True,twitter PerceptualSpeedIndex opt bytecode-cached cold fission webrender,,77,ms,firefox,,1815820673,2023-12-21 13:05:54,636.0,8b474eeffbe09d0e5e30675fa595293863b0db34,1352315,,,,,,,,,,,,,,,,,,,,,,,,,,,,,,,,,,,,,,,,,,,,,,,,,,,,,,,,,,,,,TN,TN
autoland,4405952,13,ad8d5d1385265583919f5a224e1153902b6eef60,macosx1015-64-shippable-qr,True,False,,|b|y|t|e|c|o|d|e|-|c|a|c|h|e|d| |c|o|l|d| |f|i|s|s|i|o|n| |w|e|b|r|e|n|d|e|r|,102210fe594ee9b33d82058545b1ed14f4c8206e,PerceptualSpeedIndex,twitter,True,twitter PerceptualSpeedIndex opt bytecode-cached cold fission webrender,,77,ms,firefox,,1816079189,2023-12-21 18:00:27,623.2,e685307ecb90f0e91ef9f3781b3614b7308384b9,1352454,,,,,,,,,,,,,,,,,,,,,,,,,,,,,,,,,,,,,,,,,,,,,,,,,,,,,,,,,,,,,TN,TN
autoland,4405952,13,ad8d5d1385265583919f5a224e1153902b6eef60,macosx1015-64-shippable-qr,True,False,,|b|y|t|e|c|o|d|e|-|c|a|c|h|e|d| |c|o|l|d| |f|i|s|s|i|o|n| |w|e|b|r|e|n|d|e|r|,102210fe594ee9b33d82058545b1ed14f4c8206e,PerceptualSpeedIndex,twitter,True,twitter PerceptualSpeedIndex opt bytecode-cached cold fission webrender,,77,ms,firefox,,1816089460,2023-12-21 18:17:05,580.4,14c89fd054c7ac54bac01a4fcb619d5dff3cc6ef,1352468,,,,,,,,,,,,,,,,,,,,,,,,,,,,,,,,,,,,,,,,,,,,,,,,,,,,,,,,,,,,,TN,TN
autoland,4405952,13,ad8d5d1385265583919f5a224e1153902b6eef60,macosx1015-64-shippable-qr,True,False,,|b|y|t|e|c|o|d|e|-|c|a|c|h|e|d| |c|o|l|d| |f|i|s|s|i|o|n| |w|e|b|r|e|n|d|e|r|,102210fe594ee9b33d82058545b1ed14f4c8206e,PerceptualSpeedIndex,twitter,True,twitter PerceptualSpeedIndex opt bytecode-cached cold fission webrender,,77,ms,firefox,,1816149228,2023-12-21 22:08:07,700.1,e20257bfa3ef6e394b6669c19aa1a165ee73fefa,1352650,,,,,,,,,,,,,,,,,,,,,,,,,,,,,,,,,,,,,,,,,,,,,,,,,,,,,,,,,,,,,TN,TN
autoland,4405952,13,ad8d5d1385265583919f5a224e1153902b6eef60,macosx1015-64-shippable-qr,True,False,,|b|y|t|e|c|o|d|e|-|c|a|c|h|e|d| |c|o|l|d| |f|i|s|s|i|o|n| |w|e|b|r|e|n|d|e|r|,102210fe594ee9b33d82058545b1ed14f4c8206e,PerceptualSpeedIndex,twitter,True,twitter PerceptualSpeedIndex opt bytecode-cached cold fission webrender,,77,ms,firefox,,1816248922,2023-12-22 08:16:59,690.4,6814c9419790a8ee7c93cac282a82a11d93d16ba,1352807,,,,,,,,,,,,,,,,,,,,,,,,,,,,,,,,,,,,,,,,,,,,,,,,,,,,,,,,,,,,,TN,TN
autoland,4405952,13,ad8d5d1385265583919f5a224e1153902b6eef60,macosx1015-64-shippable-qr,True,False,,|b|y|t|e|c|o|d|e|-|c|a|c|h|e|d| |c|o|l|d| |f|i|s|s|i|o|n| |w|e|b|r|e|n|d|e|r|,102210fe594ee9b33d82058545b1ed14f4c8206e,PerceptualSpeedIndex,twitter,True,twitter PerceptualSpeedIndex opt bytecode-cached cold fission webrender,,77,ms,firefox,,1816489448,2023-12-22 13:33:45,585.6,3189af86c93aef59c4fc9363b40f92eb4ef0358f,1352859,,,,,,,,,,,,,,,,,,,,,,,,,,,,,,,,,,,,,,,,,,,,,,,,,,,,,,,,,,,,,TN,TN
autoland,4405952,13,ad8d5d1385265583919f5a224e1153902b6eef60,macosx1015-64-shippable-qr,True,False,,|b|y|t|e|c|o|d|e|-|c|a|c|h|e|d| |c|o|l|d| |f|i|s|s|i|o|n| |w|e|b|r|e|n|d|e|r|,102210fe594ee9b33d82058545b1ed14f4c8206e,PerceptualSpeedIndex,twitter,True,twitter PerceptualSpeedIndex opt bytecode-cached cold fission webrender,,77,ms,firefox,,1816481560,2023-12-22 13:41:08,607.9,8cd1fc9da2b45034679cc880c08d91e84d8e9516,1352862,,,,,,,,,,,,,,,,,,,,,,,,,,,,,,,,,,,,,,,,,,,,,,,,,,,,,,,,,,,,,TN,TN
autoland,4405952,13,ad8d5d1385265583919f5a224e1153902b6eef60,macosx1015-64-shippable-qr,True,False,,|b|y|t|e|c|o|d|e|-|c|a|c|h|e|d| |c|o|l|d| |f|i|s|s|i|o|n| |w|e|b|r|e|n|d|e|r|,102210fe594ee9b33d82058545b1ed14f4c8206e,PerceptualSpeedIndex,twitter,True,twitter PerceptualSpeedIndex opt bytecode-cached cold fission webrender,,77,ms,firefox,,1816501243,2023-12-22 19:27:05,602.4,ac9f813bbc0f39b5e52be4229972795f2ca6309b,1353028,,,,,,,,,,,,,,,,,,,,,,,,,,,,,,,,,,,,,,,,,,,,,,,,,,,,,,,,,,,,,TN,TN
autoland,4405952,13,ad8d5d1385265583919f5a224e1153902b6eef60,macosx1015-64-shippable-qr,True,False,,|b|y|t|e|c|o|d|e|-|c|a|c|h|e|d| |c|o|l|d| |f|i|s|s|i|o|n| |w|e|b|r|e|n|d|e|r|,102210fe594ee9b33d82058545b1ed14f4c8206e,PerceptualSpeedIndex,twitter,True,twitter PerceptualSpeedIndex opt bytecode-cached cold fission webrender,,77,ms,firefox,,1816584334,2023-12-23 00:08:27,606.9,58581f618255e51b846d0792b6abc3e5c2c67d51,1353154,,,,,,,,,,,,,,,,,,,,,,,,,,,,,,,,,,,,,,,,,,,,,,,,,,,,,,,,,,,,,TN,TN
autoland,4405952,13,ad8d5d1385265583919f5a224e1153902b6eef60,macosx1015-64-shippable-qr,True,False,,|b|y|t|e|c|o|d|e|-|c|a|c|h|e|d| |c|o|l|d| |f|i|s|s|i|o|n| |w|e|b|r|e|n|d|e|r|,102210fe594ee9b33d82058545b1ed14f4c8206e,PerceptualSpeedIndex,twitter,True,twitter PerceptualSpeedIndex opt bytecode-cached cold fission webrender,,77,ms,firefox,,1816645541,2023-12-23 05:47:03,630.5,8b92fb4e3f41d856629818bd2ecfc25bed23a643,1353193,,,,,,,,,,,,,,,,,,,,,,,,,,,,,,,,,,,,,,,,,,,,,,,,,,,,,,,,,,,,,TN,TN
autoland,4405952,13,ad8d5d1385265583919f5a224e1153902b6eef60,macosx1015-64-shippable-qr,True,False,,|b|y|t|e|c|o|d|e|-|c|a|c|h|e|d| |c|o|l|d| |f|i|s|s|i|o|n| |w|e|b|r|e|n|d|e|r|,102210fe594ee9b33d82058545b1ed14f4c8206e,PerceptualSpeedIndex,twitter,True,twitter PerceptualSpeedIndex opt bytecode-cached cold fission webrender,,77,ms,firefox,,1816675528,2023-12-23 08:44:57,596.4,6f7de1b98becd7269380a213d3eff367b81efe72,1353213,,,,,,,,,,,,,,,,,,,,,,,,,,,,,,,,,,,,,,,,,,,,,,,,,,,,,,,,,,,,,TN,TN
autoland,4405952,13,ad8d5d1385265583919f5a224e1153902b6eef60,macosx1015-64-shippable-qr,True,False,,|b|y|t|e|c|o|d|e|-|c|a|c|h|e|d| |c|o|l|d| |f|i|s|s|i|o|n| |w|e|b|r|e|n|d|e|r|,102210fe594ee9b33d82058545b1ed14f4c8206e,PerceptualSpeedIndex,twitter,True,twitter PerceptualSpeedIndex opt bytecode-cached cold fission webrender,,77,ms,firefox,,1816768503,2023-12-23 15:53:06,682.8,e6f85355d2f352d6bc64a11372bc8efc1ced07b8,1353251,,,,,,,,,,,,,,,,,,,,,,,,,,,,,,,,,,,,,,,,,,,,,,,,,,,,,,,,,,,,,TN,TN
autoland,4405952,13,ad8d5d1385265583919f5a224e1153902b6eef60,macosx1015-64-shippable-qr,True,False,,|b|y|t|e|c|o|d|e|-|c|a|c|h|e|d| |c|o|l|d| |f|i|s|s|i|o|n| |w|e|b|r|e|n|d|e|r|,102210fe594ee9b33d82058545b1ed14f4c8206e,PerceptualSpeedIndex,twitter,True,twitter PerceptualSpeedIndex opt bytecode-cached cold fission webrender,,77,ms,firefox,,1816837564,2023-12-24 06:04:04,594.4,0f896a4a54629904c55cc5e18aa1f6e387c9a697,1353282,,,,,,,,,,,,,,,,,,,,,,,,,,,,,,,,,,,,,,,,,,,,,,,,,,,,,,,,,,,,,TN,TN
autoland,4405952,13,ad8d5d1385265583919f5a224e1153902b6eef60,macosx1015-64-shippable-qr,True,False,,|b|y|t|e|c|o|d|e|-|c|a|c|h|e|d| |c|o|l|d| |f|i|s|s|i|o|n| |w|e|b|r|e|n|d|e|r|,102210fe594ee9b33d82058545b1ed14f4c8206e,PerceptualSpeedIndex,twitter,True,twitter PerceptualSpeedIndex opt bytecode-cached cold fission webrender,,77,ms,firefox,,1816936222,2023-12-24 13:46:59,649.6,a15215077df33152e936203ec411ea07343a3f36,1353302,,,,,,,,,,,,,,,,,,,,,,,,,,,,,,,,,,,,,,,,,,,,,,,,,,,,,,,,,,,,,TN,TN
autoland,4405952,13,ad8d5d1385265583919f5a224e1153902b6eef60,macosx1015-64-shippable-qr,True,False,,|b|y|t|e|c|o|d|e|-|c|a|c|h|e|d| |c|o|l|d| |f|i|s|s|i|o|n| |w|e|b|r|e|n|d|e|r|,102210fe594ee9b33d82058545b1ed14f4c8206e,PerceptualSpeedIndex,twitter,True,twitter PerceptualSpeedIndex opt bytecode-cached cold fission webrender,,77,ms,firefox,,1816968947,2023-12-24 18:13:48,595.6,65471d13c8aaa5b3c5aa872ca12360b7f26ad6e0,1353317,,,,,,,,,,,,,,,,,,,,,,,,,,,,,,,,,,,,,,,,,,,,,,,,,,,,,,,,,,,,,TN,TN
autoland,4405952,13,ad8d5d1385265583919f5a224e1153902b6eef60,macosx1015-64-shippable-qr,True,False,,|b|y|t|e|c|o|d|e|-|c|a|c|h|e|d| |c|o|l|d| |f|i|s|s|i|o|n| |w|e|b|r|e|n|d|e|r|,102210fe594ee9b33d82058545b1ed14f4c8206e,PerceptualSpeedIndex,twitter,True,twitter PerceptualSpeedIndex opt bytecode-cached cold fission webrender,,77,ms,firefox,,1817037902,2023-12-25 01:21:58,702.9,29784c387017c900dc842f070d5cd88464dfc494,1353335,,,,,,,,,,,,,,,,,,,,,,,,,,,,,,,,,,,,,,,,,,,,,,,,,,,,,,,,,,,,,TN,TN
autoland,4405952,13,ad8d5d1385265583919f5a224e1153902b6eef60,macosx1015-64-shippable-qr,True,False,,|b|y|t|e|c|o|d|e|-|c|a|c|h|e|d| |c|o|l|d| |f|i|s|s|i|o|n| |w|e|b|r|e|n|d|e|r|,102210fe594ee9b33d82058545b1ed14f4c8206e,PerceptualSpeedIndex,twitter,True,twitter PerceptualSpeedIndex opt bytecode-cached cold fission webrender,,77,ms,firefox,,1817089873,2023-12-25 05:53:22,595.5,f69f493b2f3cde5ef4b46b9675cfd4708287666e,1353343,,,,,,,,,,,,,,,,,,,,,,,,,,,,,,,,,,,,,,,,,,,,,,,,,,,,,,,,,,,,,TN,TN
autoland,4405952,13,ad8d5d1385265583919f5a224e1153902b6eef60,macosx1015-64-shippable-qr,True,False,,|b|y|t|e|c|o|d|e|-|c|a|c|h|e|d| |c|o|l|d| |f|i|s|s|i|o|n| |w|e|b|r|e|n|d|e|r|,102210fe594ee9b33d82058545b1ed14f4c8206e,PerceptualSpeedIndex,twitter,True,twitter PerceptualSpeedIndex opt bytecode-cached cold fission webrender,,77,ms,firefox,,1817169981,2023-12-25 12:57:04,703.1,b9600c5aa59e300200656691d1f1997593caafbd,1353372,,,,,,,,,,,,,,,,,,,,,,,,,,,,,,,,,,,,,,,,,,,,,,,,,,,,,,,,,,,,,TN,TN
autoland,4405952,13,ad8d5d1385265583919f5a224e1153902b6eef60,macosx1015-64-shippable-qr,True,False,,|b|y|t|e|c|o|d|e|-|c|a|c|h|e|d| |c|o|l|d| |f|i|s|s|i|o|n| |w|e|b|r|e|n|d|e|r|,102210fe594ee9b33d82058545b1ed14f4c8206e,PerceptualSpeedIndex,twitter,True,twitter PerceptualSpeedIndex opt bytecode-cached cold fission webrender,,77,ms,firefox,,1817204468,2023-12-25 17:10:06,615.0,fdd85a789550f85e20e7b7128f2b3316cbc76640,1353386,,,,,,,,,,,,,,,,,,,,,,,,,,,,,,,,,,,,,,,,,,,,,,,,,,,,,,,,,,,,,TN,TN
autoland,4405952,13,ad8d5d1385265583919f5a224e1153902b6eef60,macosx1015-64-shippable-qr,True,False,,|b|y|t|e|c|o|d|e|-|c|a|c|h|e|d| |c|o|l|d| |f|i|s|s|i|o|n| |w|e|b|r|e|n|d|e|r|,102210fe594ee9b33d82058545b1ed14f4c8206e,PerceptualSpeedIndex,twitter,True,twitter PerceptualSpeedIndex opt bytecode-cached cold fission webrender,,77,ms,firefox,,1817233854,2023-12-25 21:32:12,595.3,ba6abbd36b496501cea141e17b61af674a18e279,1353402,,,,,,,,,,,,,,,,,,,,,,,,,,,,,,,,,,,,,,,,,,,,,,,,,,,,,,,,,,,,,TN,TN
autoland,4405952,13,ad8d5d1385265583919f5a224e1153902b6eef60,macosx1015-64-shippable-qr,True,False,,|b|y|t|e|c|o|d|e|-|c|a|c|h|e|d| |c|o|l|d| |f|i|s|s|i|o|n| |w|e|b|r|e|n|d|e|r|,102210fe594ee9b33d82058545b1ed14f4c8206e,PerceptualSpeedIndex,twitter,True,twitter PerceptualSpeedIndex opt bytecode-cached cold fission webrender,,77,ms,firefox,441391149.0,1817290197,2023-12-26 03:31:03,592.3,280c0b4dd9140984e6177c89f5858ceac6ae0107,1353431,,,,,,,,,,,,,,,,,,,,,,,,,,,,,,,,,,,,,,,,,,,,,,,,,,,,,,,,,,,,,TN,TN
autoland,4405952,13,ad8d5d1385265583919f5a224e1153902b6eef60,macosx1015-64-shippable-qr,True,False,,|b|y|t|e|c|o|d|e|-|c|a|c|h|e|d| |c|o|l|d| |f|i|s|s|i|o|n| |w|e|b|r|e|n|d|e|r|,102210fe594ee9b33d82058545b1ed14f4c8206e,PerceptualSpeedIndex,twitter,True,twitter PerceptualSpeedIndex opt bytecode-cached cold fission webrender,,77,ms,firefox,441397556.0,1817364302,2023-12-26 07:50:55,619.2,7503b1d6a430d23303b6ec356b3388951a1eca83,1353461,,,,,,,,,,,,,,,,,,,,,,,,,,,,,,,,,,,,,,,,,,,,,,,,,,,,,,,,,,,,,TN,TN
autoland,4405952,13,ad8d5d1385265583919f5a224e1153902b6eef60,macosx1015-64-shippable-qr,True,False,,|b|y|t|e|c|o|d|e|-|c|a|c|h|e|d| |c|o|l|d| |f|i|s|s|i|o|n| |w|e|b|r|e|n|d|e|r|,102210fe594ee9b33d82058545b1ed14f4c8206e,PerceptualSpeedIndex,twitter,True,twitter PerceptualSpeedIndex opt bytecode-cached cold fission webrender,,77,ms,firefox,441423149.0,1817456765,2023-12-26 11:52:29,609.8,807f04c86e5d02f04afa662ade3d505a80a4f660,1353488,,,,,,,,,,,,,,,,,,,,,,,,,,,,,,,,,,,,,,,,,,,,,,,,,,,,,,,,,,,,,TN,TN
autoland,4405952,13,ad8d5d1385265583919f5a224e1153902b6eef60,macosx1015-64-shippable-qr,True,False,,|b|y|t|e|c|o|d|e|-|c|a|c|h|e|d| |c|o|l|d| |f|i|s|s|i|o|n| |w|e|b|r|e|n|d|e|r|,102210fe594ee9b33d82058545b1ed14f4c8206e,PerceptualSpeedIndex,twitter,True,twitter PerceptualSpeedIndex opt bytecode-cached cold fission webrender,,77,ms,firefox,441454647.0,1817566988,2023-12-27 02:56:18,597.1,6d9a0abd0a3c26f4337aff723c15795fe91fe884,1353555,,,,,,,,,,,,,,,,,,,,,,,,,,,,,,,,,,,,,,,,,,,,,,,,,,,,,,,,,,,,,TN,TN
autoland,4405952,13,ad8d5d1385265583919f5a224e1153902b6eef60,macosx1015-64-shippable-qr,True,False,,|b|y|t|e|c|o|d|e|-|c|a|c|h|e|d| |c|o|l|d| |f|i|s|s|i|o|n| |w|e|b|r|e|n|d|e|r|,102210fe594ee9b33d82058545b1ed14f4c8206e,PerceptualSpeedIndex,twitter,True,twitter PerceptualSpeedIndex opt bytecode-cached cold fission webrender,,77,ms,firefox,441496206.0,1817764080,2023-12-27 14:58:54,620.3,856e86584c4c811f064f93e2b734dd374c787eaf,1353654,,,,,,,,,,,,,,,,,,,,,,,,,,,,,,,,,,,,,,,,,,,,,,,,,,,,,,,,,,,,,TN,TN
autoland,4405952,13,ad8d5d1385265583919f5a224e1153902b6eef60,macosx1015-64-shippable-qr,True,False,,|b|y|t|e|c|o|d|e|-|c|a|c|h|e|d| |c|o|l|d| |f|i|s|s|i|o|n| |w|e|b|r|e|n|d|e|r|,102210fe594ee9b33d82058545b1ed14f4c8206e,PerceptualSpeedIndex,twitter,True,twitter PerceptualSpeedIndex opt bytecode-cached cold fission webrender,,77,ms,firefox,441507758.0,1817827839,2023-12-27 20:22:55,619.8,97a27d8a860d5bd8ab2962d2f0e5e376287e527c,1353722,,,,,,,,,,,,,,,,,,,,,,,,,,,,,,,,,,,,,,,,,,,,,,,,,,,,,,,,,,,,,TN,TN
autoland,4405952,13,ad8d5d1385265583919f5a224e1153902b6eef60,macosx1015-64-shippable-qr,True,False,,|b|y|t|e|c|o|d|e|-|c|a|c|h|e|d| |c|o|l|d| |f|i|s|s|i|o|n| |w|e|b|r|e|n|d|e|r|,102210fe594ee9b33d82058545b1ed14f4c8206e,PerceptualSpeedIndex,twitter,True,twitter PerceptualSpeedIndex opt bytecode-cached cold fission webrender,,77,ms,firefox,441527500.0,1817895967,2023-12-28 01:36:38,592.4,00fe06571a66e6773ca7801e6747493299cf4bda,1353793,,,,,,,,,,,,,,,,,,,,,,,,,,,,,,,,,,,,,,,,,,,,,,,,,,,,,,,,,,,,,TN,TN
autoland,4405952,13,ad8d5d1385265583919f5a224e1153902b6eef60,macosx1015-64-shippable-qr,True,False,,|b|y|t|e|c|o|d|e|-|c|a|c|h|e|d| |c|o|l|d| |f|i|s|s|i|o|n| |w|e|b|r|e|n|d|e|r|,102210fe594ee9b33d82058545b1ed14f4c8206e,PerceptualSpeedIndex,twitter,True,twitter PerceptualSpeedIndex opt bytecode-cached cold fission webrender,,77,ms,firefox,441553342.0,1818016655,2023-12-28 13:32:35,630.3,10aa7423789835a7dbd24b0b44ad1ae2ad77b59b,1353834,,,,,,,,,,,,,,,,,,,,,,,,,,,,,,,,,,,,,,,,,,,,,,,,,,,,,,,,,,,,,TN,TN
autoland,4405952,13,ad8d5d1385265583919f5a224e1153902b6eef60,macosx1015-64-shippable-qr,True,False,,|b|y|t|e|c|o|d|e|-|c|a|c|h|e|d| |c|o|l|d| |f|i|s|s|i|o|n| |w|e|b|r|e|n|d|e|r|,102210fe594ee9b33d82058545b1ed14f4c8206e,PerceptualSpeedIndex,twitter,True,twitter PerceptualSpeedIndex opt bytecode-cached cold fission webrender,,77,ms,firefox,441574951.0,1818196931,2023-12-28 17:48:27,607.5,659e4e8345823ce8331b67df6c3865b76063e2c2,1353939,,,,,,,,,,,,,,,,,,,,,,,,,,,,,,,,,,,,,,,,,,,,,,,,,,,,,,,,,,,,,TN,TN
autoland,4405952,13,ad8d5d1385265583919f5a224e1153902b6eef60,macosx1015-64-shippable-qr,True,False,,|b|y|t|e|c|o|d|e|-|c|a|c|h|e|d| |c|o|l|d| |f|i|s|s|i|o|n| |w|e|b|r|e|n|d|e|r|,102210fe594ee9b33d82058545b1ed14f4c8206e,PerceptualSpeedIndex,twitter,True,twitter PerceptualSpeedIndex opt bytecode-cached cold fission webrender,,77,ms,firefox,441601489.0,1818270556,2023-12-28 23:04:44,624.3,0bd8678e10b6f0eb1d7e16cfe010ca8856e2bfcc,1354003,,,,,,,,,,,,,,,,,,,,,,,,,,,,,,,,,,,,,,,,,,,,,,,,,,,,,,,,,,,,,TN,TN
autoland,4405952,13,ad8d5d1385265583919f5a224e1153902b6eef60,macosx1015-64-shippable-qr,True,False,,|b|y|t|e|c|o|d|e|-|c|a|c|h|e|d| |c|o|l|d| |f|i|s|s|i|o|n| |w|e|b|r|e|n|d|e|r|,102210fe594ee9b33d82058545b1ed14f4c8206e,PerceptualSpeedIndex,twitter,True,twitter PerceptualSpeedIndex opt bytecode-cached cold fission webrender,,77,ms,firefox,441710237.0,1818695837,2023-12-28 23:05:25,617.8,94b0152f259ce9de504474454b05fc7c8bbfc2d7,1354004,,,,,,,,,,,,,,,,,,,,,,,,,,,,,,,,,,,,,,,,,,,,,,,,,,,,,,,,,,,,,TN,TN
autoland,4405952,13,ad8d5d1385265583919f5a224e1153902b6eef60,macosx1015-64-shippable-qr,True,False,,|b|y|t|e|c|o|d|e|-|c|a|c|h|e|d| |c|o|l|d| |f|i|s|s|i|o|n| |w|e|b|r|e|n|d|e|r|,102210fe594ee9b33d82058545b1ed14f4c8206e,PerceptualSpeedIndex,twitter,True,twitter PerceptualSpeedIndex opt bytecode-cached cold fission webrender,,77,ms,firefox,441709960.0,1818694901,2023-12-29 00:42:39,588.1,3044b295163bf51b01ccef2119d14af563f23a89,1354024,,,,,,,,,,,,,,,,,,,,,,,,,,,,,,,,,,,,,,,,,,,,,,,,,,,,,,,,,,,,,TN,TN
autoland,4405952,13,ad8d5d1385265583919f5a224e1153902b6eef60,macosx1015-64-shippable-qr,True,False,,|b|y|t|e|c|o|d|e|-|c|a|c|h|e|d| |c|o|l|d| |f|i|s|s|i|o|n| |w|e|b|r|e|n|d|e|r|,102210fe594ee9b33d82058545b1ed14f4c8206e,PerceptualSpeedIndex,twitter,True,twitter PerceptualSpeedIndex opt bytecode-cached cold fission webrender,,77,ms,firefox,441615407.0,1818350424,2023-12-29 05:51:26,607.3,25b973ec90316da3daa35b031e4a4e089d70443a,1354078,,,,,,,,,,,,,,,,,,,,,,,,,,,,,,,,,,,,,,,,,,,,,,,,,,,,,,,,,,,,,TN,TN
autoland,4405952,13,ad8d5d1385265583919f5a224e1153902b6eef60,macosx1015-64-shippable-qr,True,False,,|b|y|t|e|c|o|d|e|-|c|a|c|h|e|d| |c|o|l|d| |f|i|s|s|i|o|n| |w|e|b|r|e|n|d|e|r|,102210fe594ee9b33d82058545b1ed14f4c8206e,PerceptualSpeedIndex,twitter,True,twitter PerceptualSpeedIndex opt bytecode-cached cold fission webrender,,77,ms,firefox,441662290.0,1818493521,2023-12-29 14:24:04,602.9,4d00abb11b573ff386a9f02816ff81f2030e6dfe,1354164,,,,,,,,,,,,,,,,,,,,,,,,,,,,,,,,,,,,,,,,,,,,,,,,,,,,,,,,,,,,,TN,TN
autoland,4405952,13,ad8d5d1385265583919f5a224e1153902b6eef60,macosx1015-64-shippable-qr,True,False,,|b|y|t|e|c|o|d|e|-|c|a|c|h|e|d| |c|o|l|d| |f|i|s|s|i|o|n| |w|e|b|r|e|n|d|e|r|,102210fe594ee9b33d82058545b1ed14f4c8206e,PerceptualSpeedIndex,twitter,True,twitter PerceptualSpeedIndex opt bytecode-cached cold fission webrender,,77,ms,firefox,441669087.0,1818526020,2023-12-29 16:09:29,682.1,52b5c5b51719976906d668db1cd59b2b49315565,1354179,,,,,,,,,,,,,,,,,,,,,,,,,,,,,,,,,,,,,,,,,,,,,,,,,,,,,,,,,,,,,TN,TN
autoland,4405952,13,ad8d5d1385265583919f5a224e1153902b6eef60,macosx1015-64-shippable-qr,True,False,,|b|y|t|e|c|o|d|e|-|c|a|c|h|e|d| |c|o|l|d| |f|i|s|s|i|o|n| |w|e|b|r|e|n|d|e|r|,102210fe594ee9b33d82058545b1ed14f4c8206e,PerceptualSpeedIndex,twitter,True,twitter PerceptualSpeedIndex opt bytecode-cached cold fission webrender,,77,ms,firefox,441690917.0,1818597063,2023-12-29 20:10:09,613.3,8d822c618985176a1d4ebc4eedcd5a388e798418,1354279,,,,,,,,,,,,,,,,,,,,,,,,,,,,,,,,,,,,,,,,,,,,,,,,,,,,,,,,,,,,,TN,TN
autoland,4405952,13,ad8d5d1385265583919f5a224e1153902b6eef60,macosx1015-64-shippable-qr,True,False,,|b|y|t|e|c|o|d|e|-|c|a|c|h|e|d| |c|o|l|d| |f|i|s|s|i|o|n| |w|e|b|r|e|n|d|e|r|,102210fe594ee9b33d82058545b1ed14f4c8206e,PerceptualSpeedIndex,twitter,True,twitter PerceptualSpeedIndex opt bytecode-cached cold fission webrender,,77,ms,firefox,441708395.0,1818674320,2023-12-30 03:46:41,612.5,15c3c77f07b45a04b27a42ab403aadaaed857fff,1354316,,,,,,,,,,,,,,,,,,,,,,,,,,,,,,,,,,,,,,,,,,,,,,,,,,,,,,,,,,,,,TN,TN
autoland,4405952,13,ad8d5d1385265583919f5a224e1153902b6eef60,macosx1015-64-shippable-qr,True,False,,|b|y|t|e|c|o|d|e|-|c|a|c|h|e|d| |c|o|l|d| |f|i|s|s|i|o|n| |w|e|b|r|e|n|d|e|r|,102210fe594ee9b33d82058545b1ed14f4c8206e,PerceptualSpeedIndex,twitter,True,twitter PerceptualSpeedIndex opt bytecode-cached cold fission webrender,,77,ms,firefox,441717211.0,1818731631,2023-12-30 08:00:00,595.1,9660032084db64efbe9cbbf4c47a38d0a6c36c9f,1354351,,,,,,,,,,,,,,,,,,,,,,,,,,,,,,,,,,,,,,,,,,,,,,,,,,,,,,,,,,,,,TN,TN
autoland,4405952,13,ad8d5d1385265583919f5a224e1153902b6eef60,macosx1015-64-shippable-qr,True,False,,|b|y|t|e|c|o|d|e|-|c|a|c|h|e|d| |c|o|l|d| |f|i|s|s|i|o|n| |w|e|b|r|e|n|d|e|r|,102210fe594ee9b33d82058545b1ed14f4c8206e,PerceptualSpeedIndex,twitter,True,twitter PerceptualSpeedIndex opt bytecode-cached cold fission webrender,,77,ms,firefox,441761893.0,1818925668,2023-12-30 12:53:05,613.8,94ab264a143c3086d948c401c047297f01b76527,1354380,,,,,,,,,,,,,,,,,,,,,,,,,,,,,,,,,,,,,,,,,,,,,,,,,,,,,,,,,,,,,TN,TN
autoland,4405952,13,ad8d5d1385265583919f5a224e1153902b6eef60,macosx1015-64-shippable-qr,True,False,,|b|y|t|e|c|o|d|e|-|c|a|c|h|e|d| |c|o|l|d| |f|i|s|s|i|o|n| |w|e|b|r|e|n|d|e|r|,102210fe594ee9b33d82058545b1ed14f4c8206e,PerceptualSpeedIndex,twitter,True,twitter PerceptualSpeedIndex opt bytecode-cached cold fission webrender,,77,ms,firefox,441762085.0,1818927355,2023-12-30 17:18:37,696.4,3e9c9290e422e1f39255953e22e3d8bfe8234425,1354396,,,,,,,,,,,,,,,,,,,,,,,,,,,,,,,,,,,,,,,,,,,,,,,,,,,,,,,,,,,,,TN,TN
autoland,4405952,13,ad8d5d1385265583919f5a224e1153902b6eef60,macosx1015-64-shippable-qr,True,False,,|b|y|t|e|c|o|d|e|-|c|a|c|h|e|d| |c|o|l|d| |f|i|s|s|i|o|n| |w|e|b|r|e|n|d|e|r|,102210fe594ee9b33d82058545b1ed14f4c8206e,PerceptualSpeedIndex,twitter,True,twitter PerceptualSpeedIndex opt bytecode-cached cold fission webrender,,77,ms,firefox,441777666.0,1818974800,2023-12-31 00:47:53,608.6,be0bfc7f906523649c68f45d4b25ca752bfc701c,1354421,,,,,,,,,,,,,,,,,,,,,,,,,,,,,,,,,,,,,,,,,,,,,,,,,,,,,,,,,,,,,TN,TN
autoland,4405952,13,ad8d5d1385265583919f5a224e1153902b6eef60,macosx1015-64-shippable-qr,True,False,,|b|y|t|e|c|o|d|e|-|c|a|c|h|e|d| |c|o|l|d| |f|i|s|s|i|o|n| |w|e|b|r|e|n|d|e|r|,102210fe594ee9b33d82058545b1ed14f4c8206e,PerceptualSpeedIndex,twitter,True,twitter PerceptualSpeedIndex opt bytecode-cached cold fission webrender,,77,ms,firefox,441811568.0,1819147853,2023-12-31 16:29:03,602.1,30b0d1ecdc26a3e4753bef7807739106282ed827,1354470,,,,,,,,,,,,,,,,,,,,,,,,,,,,,,,,,,,,,,,,,,,,,,,,,,,,,,,,,,,,,TN,TN
autoland,4405952,13,ad8d5d1385265583919f5a224e1153902b6eef60,macosx1015-64-shippable-qr,True,False,,|b|y|t|e|c|o|d|e|-|c|a|c|h|e|d| |c|o|l|d| |f|i|s|s|i|o|n| |w|e|b|r|e|n|d|e|r|,102210fe594ee9b33d82058545b1ed14f4c8206e,PerceptualSpeedIndex,twitter,True,twitter PerceptualSpeedIndex opt bytecode-cached cold fission webrender,,77,ms,firefox,441826245.0,1819201630,2023-12-31 21:56:05,769.2,430d1a5b377307a1050c23ae96cab333c5a33be8,1354489,,,,,,,,,,,,,,,,,,,,,,,,,,,,,,,,,,,,,,,,,,,,,,,,,,,,,,,,,,,,,TN,TN
autoland,4405952,13,ad8d5d1385265583919f5a224e1153902b6eef60,macosx1015-64-shippable-qr,True,False,,|b|y|t|e|c|o|d|e|-|c|a|c|h|e|d| |c|o|l|d| |f|i|s|s|i|o|n| |w|e|b|r|e|n|d|e|r|,102210fe594ee9b33d82058545b1ed14f4c8206e,PerceptualSpeedIndex,twitter,True,twitter PerceptualSpeedIndex opt bytecode-cached cold fission webrender,,77,ms,firefox,441858254.0,1819376936,2024-01-01 15:22:20,617.0,da3b8f5f832d95192044762406363fda8d55ef19,1354571,,,,,,,,,,,,,,,,,,,,,,,,,,,,,,,,,,,,,,,,,,,,,,,,,,,,,,,,,,,,,TN,TN
autoland,4405952,13,ad8d5d1385265583919f5a224e1153902b6eef60,macosx1015-64-shippable-qr,True,False,,|b|y|t|e|c|o|d|e|-|c|a|c|h|e|d| |c|o|l|d| |f|i|s|s|i|o|n| |w|e|b|r|e|n|d|e|r|,102210fe594ee9b33d82058545b1ed14f4c8206e,PerceptualSpeedIndex,twitter,True,twitter PerceptualSpeedIndex opt bytecode-cached cold fission webrender,,77,ms,firefox,441858607.0,1819379139,2024-01-01 20:27:36,589.0,42461c8e1289d1829e0902914b12524c1fffa0a1,1354574,,,,,,,,,,,,,,,,,,,,,,,,,,,,,,,,,,,,,,,,,,,,,,,,,,,,,,,,,,,,,TN,TN
autoland,4405952,13,ad8d5d1385265583919f5a224e1153902b6eef60,macosx1015-64-shippable-qr,True,False,,|b|y|t|e|c|o|d|e|-|c|a|c|h|e|d| |c|o|l|d| |f|i|s|s|i|o|n| |w|e|b|r|e|n|d|e|r|,102210fe594ee9b33d82058545b1ed14f4c8206e,PerceptualSpeedIndex,twitter,True,twitter PerceptualSpeedIndex opt bytecode-cached cold fission webrender,,77,ms,firefox,441879637.0,1819461392,2024-01-02 07:16:40,606.8,60c369c930dc96abae06a2e0ad6833a3574b803f,1354603,,,,,,,,,,,,,,,,,,,,,,,,,,,,,,,,,,,,,,,,,,,,,,,,,,,,,,,,,,,,,TN,TN
autoland,4405952,13,ad8d5d1385265583919f5a224e1153902b6eef60,macosx1015-64-shippable-qr,True,False,,|b|y|t|e|c|o|d|e|-|c|a|c|h|e|d| |c|o|l|d| |f|i|s|s|i|o|n| |w|e|b|r|e|n|d|e|r|,102210fe594ee9b33d82058545b1ed14f4c8206e,PerceptualSpeedIndex,twitter,True,twitter PerceptualSpeedIndex opt bytecode-cached cold fission webrender,,77,ms,firefox,441928554.0,1819671775,2024-01-02 11:19:41,611.3,399d9781e72b3a4a01e67c7f902f80c9df9da386,1354672,,,,,,,,,,,,,,,,,,,,,,,,,,,,,,,,,,,,,,,,,,,,,,,,,,,,,,,,,,,,,TN,TN
autoland,4405952,13,ad8d5d1385265583919f5a224e1153902b6eef60,macosx1015-64-shippable-qr,True,False,,|b|y|t|e|c|o|d|e|-|c|a|c|h|e|d| |c|o|l|d| |f|i|s|s|i|o|n| |w|e|b|r|e|n|d|e|r|,102210fe594ee9b33d82058545b1ed14f4c8206e,PerceptualSpeedIndex,twitter,True,twitter PerceptualSpeedIndex opt bytecode-cached cold fission webrender,,77,ms,firefox,441955355.0,1819779585,2024-01-02 15:21:54,621.6,9f15f6c0236cc27aa82549841609068645c13445,1354784,,,,,,,,,,,,,,,,,,,,,,,,,,,,,,,,,,,,,,,,,,,,,,,,,,,,,,,,,,,,,TN,TN
autoland,4405952,13,ad8d5d1385265583919f5a224e1153902b6eef60,macosx1015-64-shippable-qr,True,False,,|b|y|t|e|c|o|d|e|-|c|a|c|h|e|d| |c|o|l|d| |f|i|s|s|i|o|n| |w|e|b|r|e|n|d|e|r|,102210fe594ee9b33d82058545b1ed14f4c8206e,PerceptualSpeedIndex,twitter,True,twitter PerceptualSpeedIndex opt bytecode-cached cold fission webrender,,77,ms,firefox,441955850.0,1819785677,2024-01-02 15:38:43,591.7,c44f0d09630a8cf36dac42c4eb31bf2a9395bf90,1354794,,,,,,,,,,,,,,,,,,,,,,,,,,,,,,,,,,,,,,,,,,,,,,,,,,,,,,,,,,,,,TN,TN
autoland,4405952,13,ad8d5d1385265583919f5a224e1153902b6eef60,macosx1015-64-shippable-qr,True,False,,|b|y|t|e|c|o|d|e|-|c|a|c|h|e|d| |c|o|l|d| |f|i|s|s|i|o|n| |w|e|b|r|e|n|d|e|r|,102210fe594ee9b33d82058545b1ed14f4c8206e,PerceptualSpeedIndex,twitter,True,twitter PerceptualSpeedIndex opt bytecode-cached cold fission webrender,,77,ms,firefox,441974389.0,1819826432,2024-01-02 20:40:29,608.3,cc67c788cded515a24f96c72c8a12b87a2cd1b3a,1354935,,,,,,,,,,,,,,,,,,,,,,,,,,,,,,,,,,,,,,,,,,,,,,,,,,,,,,,,,,,,,TN,TN
autoland,4405952,13,ad8d5d1385265583919f5a224e1153902b6eef60,macosx1015-64-shippable-qr,True,False,,|b|y|t|e|c|o|d|e|-|c|a|c|h|e|d| |c|o|l|d| |f|i|s|s|i|o|n| |w|e|b|r|e|n|d|e|r|,102210fe594ee9b33d82058545b1ed14f4c8206e,PerceptualSpeedIndex,twitter,True,twitter PerceptualSpeedIndex opt bytecode-cached cold fission webrender,,77,ms,firefox,441998125.0,1819931664,2024-01-03 08:18:49,591.3,655286516798565db497786ca92d9a8f7f7744bf,1355061,,,,,,,,,,,,,,,,,,,,,,,,,,,,,,,,,,,,,,,,,,,,,,,,,,,,,,,,,,,,,TN,TN
autoland,4405952,13,ad8d5d1385265583919f5a224e1153902b6eef60,macosx1015-64-shippable-qr,True,False,,|b|y|t|e|c|o|d|e|-|c|a|c|h|e|d| |c|o|l|d| |f|i|s|s|i|o|n| |w|e|b|r|e|n|d|e|r|,102210fe594ee9b33d82058545b1ed14f4c8206e,PerceptualSpeedIndex,twitter,True,twitter PerceptualSpeedIndex opt bytecode-cached cold fission webrender,,77,ms,firefox,442038707.0,1820051802,2024-01-03 12:27:12,599.8,9ea90dc23395fc3e2d9d2bd18598cc49434eeff1,1355126,,,,,,,,,,,,,,,,,,,,,,,,,,,,,,,,,,,,,,,,,,,,,,,,,,,,,,,,,,,,,TN,TN
autoland,4405952,13,ad8d5d1385265583919f5a224e1153902b6eef60,macosx1015-64-shippable-qr,True,False,,|b|y|t|e|c|o|d|e|-|c|a|c|h|e|d| |c|o|l|d| |f|i|s|s|i|o|n| |w|e|b|r|e|n|d|e|r|,102210fe594ee9b33d82058545b1ed14f4c8206e,PerceptualSpeedIndex,twitter,True,twitter PerceptualSpeedIndex opt bytecode-cached cold fission webrender,,77,ms,firefox,442055463.0,1820143343,2024-01-03 16:19:36,586.5,6aab4af4cab879cc95debd549578bc909a21cff7,1355230,,,,,,,,,,,,,,,,,,,,,,,,,,,,,,,,,,,,,,,,,,,,,,,,,,,,,,,,,,,,,TN,TN
autoland,4405952,13,ad8d5d1385265583919f5a224e1153902b6eef60,macosx1015-64-shippable-qr,True,False,,|b|y|t|e|c|o|d|e|-|c|a|c|h|e|d| |c|o|l|d| |f|i|s|s|i|o|n| |w|e|b|r|e|n|d|e|r|,102210fe594ee9b33d82058545b1ed14f4c8206e,PerceptualSpeedIndex,twitter,True,twitter PerceptualSpeedIndex opt bytecode-cached cold fission webrender,,77,ms,firefox,442093397.0,1820298542,2024-01-03 20:41:01,601.3,c5a68fbf81d038a69c4e9be728d50030fd0d6271,1355381,,,,,,,,,,,,,,,,,,,,,,,,,,,,,,,,,,,,,,,,,,,,,,,,,,,,,,,,,,,,,TN,TN
autoland,4405952,13,ad8d5d1385265583919f5a224e1153902b6eef60,macosx1015-64-shippable-qr,True,False,,|b|y|t|e|c|o|d|e|-|c|a|c|h|e|d| |c|o|l|d| |f|i|s|s|i|o|n| |w|e|b|r|e|n|d|e|r|,102210fe594ee9b33d82058545b1ed14f4c8206e,PerceptualSpeedIndex,twitter,True,twitter PerceptualSpeedIndex opt bytecode-cached cold fission webrender,,77,ms,firefox,442093764.0,1820299580,2024-01-03 20:57:48,612.1,d071b2f4ff07e1815cfa6650ffafb87c9b7e9fb1,1355389,,,,,,,,,,,,,,,,,,,,,,,,,,,,,,,,,,,,,,,,,,,,,,,,,,,,,,,,,,,,,TN,TN
autoland,4405952,13,ad8d5d1385265583919f5a224e1153902b6eef60,macosx1015-64-shippable-qr,True,False,,|b|y|t|e|c|o|d|e|-|c|a|c|h|e|d| |c|o|l|d| |f|i|s|s|i|o|n| |w|e|b|r|e|n|d|e|r|,102210fe594ee9b33d82058545b1ed14f4c8206e,PerceptualSpeedIndex,twitter,True,twitter PerceptualSpeedIndex opt bytecode-cached cold fission webrender,,77,ms,firefox,442097102.0,1820315950,2024-01-04 01:41:43,694.6,99d5c9d12fe8a000d9b092346826d2101720ee5f,1355473,,,,,,,,,,,,,,,,,,,,,,,,,,,,,,,,,,,,,,,,,,,,,,,,,,,,,,,,,,,,,TN,TN
autoland,4405952,13,ad8d5d1385265583919f5a224e1153902b6eef60,macosx1015-64-shippable-qr,True,False,,|b|y|t|e|c|o|d|e|-|c|a|c|h|e|d| |c|o|l|d| |f|i|s|s|i|o|n| |w|e|b|r|e|n|d|e|r|,102210fe594ee9b33d82058545b1ed14f4c8206e,PerceptualSpeedIndex,twitter,True,twitter PerceptualSpeedIndex opt bytecode-cached cold fission webrender,,77,ms,firefox,442119275.0,1820427240,2024-01-04 05:54:21,615.4,c285a1e59436529ca8d4acd4acf55d45e4277b1b,1355496,,,,,,,,,,,,,,,,,,,,,,,,,,,,,,,,,,,,,,,,,,,,,,,,,,,,,,,,,,,,,TN,TN
autoland,4405952,13,ad8d5d1385265583919f5a224e1153902b6eef60,macosx1015-64-shippable-qr,True,False,,|b|y|t|e|c|o|d|e|-|c|a|c|h|e|d| |c|o|l|d| |f|i|s|s|i|o|n| |w|e|b|r|e|n|d|e|r|,102210fe594ee9b33d82058545b1ed14f4c8206e,PerceptualSpeedIndex,twitter,True,twitter PerceptualSpeedIndex opt bytecode-cached cold fission webrender,,77,ms,firefox,442164020.0,1820603453,2024-01-04 11:10:14,613.1,740351987a4ee46ea2c571e5824e859680bda968,1355581,,,,,,,,,,,,,,,,,,,,,,,,,,,,,,,,,,,,,,,,,,,,,,,,,,,,,,,,,,,,,TN,TN
autoland,4405952,13,ad8d5d1385265583919f5a224e1153902b6eef60,macosx1015-64-shippable-qr,True,False,,|b|y|t|e|c|o|d|e|-|c|a|c|h|e|d| |c|o|l|d| |f|i|s|s|i|o|n| |w|e|b|r|e|n|d|e|r|,102210fe594ee9b33d82058545b1ed14f4c8206e,PerceptualSpeedIndex,twitter,True,twitter PerceptualSpeedIndex opt bytecode-cached cold fission webrender,,77,ms,firefox,442194442.0,1820733696,2024-01-04 15:17:03,607.0,45533d2448ef281f6e604ca7626c0a6ecce3e188,1355683,,,,,,,,,,,,,,,,,,,,,,,,,,,,,,,,,,,,,,,,,,,,,,,,,,,,,,,,,,,,,TN,TN
autoland,4405952,13,ad8d5d1385265583919f5a224e1153902b6eef60,macosx1015-64-shippable-qr,True,False,,|b|y|t|e|c|o|d|e|-|c|a|c|h|e|d| |c|o|l|d| |f|i|s|s|i|o|n| |w|e|b|r|e|n|d|e|r|,102210fe594ee9b33d82058545b1ed14f4c8206e,PerceptualSpeedIndex,twitter,True,twitter PerceptualSpeedIndex opt bytecode-cached cold fission webrender,,77,ms,firefox,442199908.0,1820743639,2024-01-04 15:42:51,622.3,0a133d5fd15504b371307e44739e8f97c80096b9,1355702,,,,,,,,,,,,,,,,,,,,,,,,,,,,,,,,,,,,,,,,,,,,,,,,,,,,,,,,,,,,,TN,TN
autoland,4405952,13,ad8d5d1385265583919f5a224e1153902b6eef60,macosx1015-64-shippable-qr,True,False,,|b|y|t|e|c|o|d|e|-|c|a|c|h|e|d| |c|o|l|d| |f|i|s|s|i|o|n| |w|e|b|r|e|n|d|e|r|,102210fe594ee9b33d82058545b1ed14f4c8206e,PerceptualSpeedIndex,twitter,True,twitter PerceptualSpeedIndex opt bytecode-cached cold fission webrender,,77,ms,firefox,442203943.0,1820777931,2024-01-04 19:37:18,602.7,048b65210703dec3aec972f180b52548b2664f7d,1355859,,,,,,,,,,,,,,,,,,,,,,,,,,,,,,,,,,,,,,,,,,,,,,,,,,,,,,,,,,,,,TN,TN
autoland,4405952,13,ad8d5d1385265583919f5a224e1153902b6eef60,macosx1015-64-shippable-qr,True,False,,|b|y|t|e|c|o|d|e|-|c|a|c|h|e|d| |c|o|l|d| |f|i|s|s|i|o|n| |w|e|b|r|e|n|d|e|r|,102210fe594ee9b33d82058545b1ed14f4c8206e,PerceptualSpeedIndex,twitter,True,twitter PerceptualSpeedIndex opt bytecode-cached cold fission webrender,,77,ms,firefox,442256420.0,1821058180,2024-01-04 20:17:07,599.1,e3fea180f63a43f43dcc79e23886260f8127de0b,1355885,,,,,,,,,,,,,,,,,,,,,,,,,,,,,,,,,,,,,,,,,,,,,,,,,,,,,,,,,,,,,TN,TN
autoland,4405952,13,ad8d5d1385265583919f5a224e1153902b6eef60,macosx1015-64-shippable-qr,True,False,,|b|y|t|e|c|o|d|e|-|c|a|c|h|e|d| |c|o|l|d| |f|i|s|s|i|o|n| |w|e|b|r|e|n|d|e|r|,102210fe594ee9b33d82058545b1ed14f4c8206e,PerceptualSpeedIndex,twitter,True,twitter PerceptualSpeedIndex opt bytecode-cached cold fission webrender,,77,ms,firefox,442258026.0,1821063972,2024-01-04 20:21:02,631.0,db832cc2d4e687b96654cf986f58183ba6ec8190,1355889,,,,,,,,,,,,,,,,,,,,,,,,,,,,,,,,,,,,,,,,,,,,,,,,,,,,,,,,,,,,,TN,TN
autoland,4405952,13,ad8d5d1385265583919f5a224e1153902b6eef60,macosx1015-64-shippable-qr,True,False,,|b|y|t|e|c|o|d|e|-|c|a|c|h|e|d| |c|o|l|d| |f|i|s|s|i|o|n| |w|e|b|r|e|n|d|e|r|,102210fe594ee9b33d82058545b1ed14f4c8206e,PerceptualSpeedIndex,twitter,True,twitter PerceptualSpeedIndex opt bytecode-cached cold fission webrender,,77,ms,firefox,442238213.0,1820938833,2024-01-05 00:18:01,608.3,84d53ee96a81d7e514d24d1fb3160e91d9cee533,1356034,,,,,,,,,,,,,,,,,,,,,,,,,,,,,,,,,,,,,,,,,,,,,,,,,,,,,,,,,,,,,TN,TN
autoland,4405952,13,ad8d5d1385265583919f5a224e1153902b6eef60,macosx1015-64-shippable-qr,True,False,,|b|y|t|e|c|o|d|e|-|c|a|c|h|e|d| |c|o|l|d| |f|i|s|s|i|o|n| |w|e|b|r|e|n|d|e|r|,102210fe594ee9b33d82058545b1ed14f4c8206e,PerceptualSpeedIndex,twitter,True,twitter PerceptualSpeedIndex opt bytecode-cached cold fission webrender,,77,ms,firefox,442238931.0,1820961338,2024-01-05 00:22:57,627.3,fab155eb519c68377a585ffdc537174653ab847b,1356036,,,,,,,,,,,,,,,,,,,,,,,,,,,,,,,,,,,,,,,,,,,,,,,,,,,,,,,,,,,,,TN,TN
autoland,4405952,13,ad8d5d1385265583919f5a224e1153902b6eef60,macosx1015-64-shippable-qr,True,False,,|b|y|t|e|c|o|d|e|-|c|a|c|h|e|d| |c|o|l|d| |f|i|s|s|i|o|n| |w|e|b|r|e|n|d|e|r|,102210fe594ee9b33d82058545b1ed14f4c8206e,PerceptualSpeedIndex,twitter,True,twitter PerceptualSpeedIndex opt bytecode-cached cold fission webrender,,77,ms,firefox,442255689.0,1821051061,2024-01-05 04:43:02,614.5,376266ac23d50822ae8c18d60d1577f0b89b7c03,1356081,,,,,,,,,,,,,,,,,,,,,,,,,,,,,,,,,,,,,,,,,,,,,,,,,,,,,,,,,,,,,TN,TN
autoland,4405952,13,ad8d5d1385265583919f5a224e1153902b6eef60,macosx1015-64-shippable-qr,True,False,,|b|y|t|e|c|o|d|e|-|c|a|c|h|e|d| |c|o|l|d| |f|i|s|s|i|o|n| |w|e|b|r|e|n|d|e|r|,102210fe594ee9b33d82058545b1ed14f4c8206e,PerceptualSpeedIndex,twitter,True,twitter PerceptualSpeedIndex opt bytecode-cached cold fission webrender,,77,ms,firefox,442266757.0,1821102478,2024-01-05 08:43:49,615.4,fa9bfcd5f0dbd19a8aaafddc25f6f73e4bcfd484,1356147,,,,,,,,,,,,,,,,,,,,,,,,,,,,,,,,,,,,,,,,,,,,,,,,,,,,,,,,,,,,,TN,TN
autoland,4405952,13,ad8d5d1385265583919f5a224e1153902b6eef60,macosx1015-64-shippable-qr,True,False,,|b|y|t|e|c|o|d|e|-|c|a|c|h|e|d| |c|o|l|d| |f|i|s|s|i|o|n| |w|e|b|r|e|n|d|e|r|,102210fe594ee9b33d82058545b1ed14f4c8206e,PerceptualSpeedIndex,twitter,True,twitter PerceptualSpeedIndex opt bytecode-cached cold fission webrender,,77,ms,firefox,442388457.0,1821554056,2024-01-05 12:49:29,604.7,30bc5759ffcd80a2febc0a054214a3c910d31aea,1356208,,,,,,,,,,,,,,,,,,,,,,,,,,,,,,,,,,,,,,,,,,,,,,,,,,,,,,,,,,,,,TN,TN
autoland,4405952,13,ad8d5d1385265583919f5a224e1153902b6eef60,macosx1015-64-shippable-qr,True,False,,|b|y|t|e|c|o|d|e|-|c|a|c|h|e|d| |c|o|l|d| |f|i|s|s|i|o|n| |w|e|b|r|e|n|d|e|r|,102210fe594ee9b33d82058545b1ed14f4c8206e,PerceptualSpeedIndex,twitter,True,twitter PerceptualSpeedIndex opt bytecode-cached cold fission webrender,,77,ms,firefox,442389909.0,1821578882,2024-01-05 17:02:32,602.7,d2e417f0f208016a0a4e369e822a12e20ef4fc5f,1356351,,,,,,,,,,,,,,,,,,,,,,,,,,,,,,,,,,,,,,,,,,,,,,,,,,,,,,,,,,,,,TN,TN
autoland,4405952,13,ad8d5d1385265583919f5a224e1153902b6eef60,macosx1015-64-shippable-qr,True,False,,|b|y|t|e|c|o|d|e|-|c|a|c|h|e|d| |c|o|l|d| |f|i|s|s|i|o|n| |w|e|b|r|e|n|d|e|r|,102210fe594ee9b33d82058545b1ed14f4c8206e,PerceptualSpeedIndex,twitter,True,twitter PerceptualSpeedIndex opt bytecode-cached cold fission webrender,,77,ms,firefox,442390880.0,1821588662,2024-01-05 19:52:18,616.9,567f5a81c44108f44c4e694af42be8f209da4c0a,1356444,,,,,,,,,,,,,,,,,,,,,,,,,,,,,,,,,,,,,,,,,,,,,,,,,,,,,,,,,,,,,TN,TN
autoland,4405952,13,ad8d5d1385265583919f5a224e1153902b6eef60,macosx1015-64-shippable-qr,True,False,,|b|y|t|e|c|o|d|e|-|c|a|c|h|e|d| |c|o|l|d| |f|i|s|s|i|o|n| |w|e|b|r|e|n|d|e|r|,102210fe594ee9b33d82058545b1ed14f4c8206e,PerceptualSpeedIndex,twitter,True,twitter PerceptualSpeedIndex opt bytecode-cached cold fission webrender,,77,ms,firefox,442397402.0,1821624463,2024-01-05 22:36:58,644.5,0dece7636f83e4d8e406c0f28d75ab83079a80d8,1356512,,,,,,,,,,,,,,,,,,,,,,,,,,,,,,,,,,,,,,,,,,,,,,,,,,,,,,,,,,,,,TN,TN
autoland,4405952,13,ad8d5d1385265583919f5a224e1153902b6eef60,macosx1015-64-shippable-qr,True,False,,|b|y|t|e|c|o|d|e|-|c|a|c|h|e|d| |c|o|l|d| |f|i|s|s|i|o|n| |w|e|b|r|e|n|d|e|r|,102210fe594ee9b33d82058545b1ed14f4c8206e,PerceptualSpeedIndex,twitter,True,twitter PerceptualSpeedIndex opt bytecode-cached cold fission webrender,,77,ms,firefox,442396232.0,1821621351,2024-01-05 22:37:55,616.5,d6443c86506e0e25a31501bde35b4baf10cbf339,1356513,,,,,,,,,,,,,,,,,,,,,,,,,,,,,,,,,,,,,,,,,,,,,,,,,,,,,,,,,,,,,TN,TN
autoland,4405952,13,ad8d5d1385265583919f5a224e1153902b6eef60,macosx1015-64-shippable-qr,True,False,,|b|y|t|e|c|o|d|e|-|c|a|c|h|e|d| |c|o|l|d| |f|i|s|s|i|o|n| |w|e|b|r|e|n|d|e|r|,102210fe594ee9b33d82058545b1ed14f4c8206e,PerceptualSpeedIndex,twitter,True,twitter PerceptualSpeedIndex opt bytecode-cached cold fission webrender,,77,ms,firefox,442394816.0,1821611193,2024-01-06 00:04:36,605.1,2a86438878465bd10e251c52285e2455425bfeb9,1356549,,,,,,,,,,,,,,,,,,,,,,,,,,,,,,,,,,,,,,,,,,,,,,,,,,,,,,,,,,,,,TN,TN
autoland,4405952,13,ad8d5d1385265583919f5a224e1153902b6eef60,macosx1015-64-shippable-qr,True,False,,|b|y|t|e|c|o|d|e|-|c|a|c|h|e|d| |c|o|l|d| |f|i|s|s|i|o|n| |w|e|b|r|e|n|d|e|r|,102210fe594ee9b33d82058545b1ed14f4c8206e,PerceptualSpeedIndex,twitter,True,twitter PerceptualSpeedIndex opt bytecode-cached cold fission webrender,,77,ms,firefox,442395673.0,1821612643,2024-01-06 00:21:54,597.3,ce6cf7dcf8b16c2a478f122f8bab575231c99881,1356554,,,,,,,,,,,,,,,,,,,,,,,,,,,,,,,,,,,,,,,,,,,,,,,,,,,,,,,,,,,,,TN,TN
autoland,4405952,13,ad8d5d1385265583919f5a224e1153902b6eef60,macosx1015-64-shippable-qr,True,False,,|b|y|t|e|c|o|d|e|-|c|a|c|h|e|d| |c|o|l|d| |f|i|s|s|i|o|n| |w|e|b|r|e|n|d|e|r|,102210fe594ee9b33d82058545b1ed14f4c8206e,PerceptualSpeedIndex,twitter,True,twitter PerceptualSpeedIndex opt bytecode-cached cold fission webrender,,77,ms,firefox,442417824.0,1821697963,2024-01-06 12:48:14,599.9,b54f34f26a3a753076473795a42574f426a960ee,1356631,,,,,,,,,,,,,,,,,,,,,,,,,,,,,,,,,,,,,,,,,,,,,,,,,,,,,,,,,,,,,TN,TN
autoland,4405952,13,ad8d5d1385265583919f5a224e1153902b6eef60,macosx1015-64-shippable-qr,True,False,,|b|y|t|e|c|o|d|e|-|c|a|c|h|e|d| |c|o|l|d| |f|i|s|s|i|o|n| |w|e|b|r|e|n|d|e|r|,102210fe594ee9b33d82058545b1ed14f4c8206e,PerceptualSpeedIndex,twitter,True,twitter PerceptualSpeedIndex opt bytecode-cached cold fission webrender,,77,ms,firefox,442426545.0,1821745142,2024-01-06 17:09:10,696.8,d6318b034527ed62918fa4fd893f093c084a6ccb,1356650,,,,,,,,,,,,,,,,,,,,,,,,,,,,,,,,,,,,,,,,,,,,,,,,,,,,,,,,,,,,,TN,TN
autoland,4405952,13,ad8d5d1385265583919f5a224e1153902b6eef60,macosx1015-64-shippable-qr,True,False,,|b|y|t|e|c|o|d|e|-|c|a|c|h|e|d| |c|o|l|d| |f|i|s|s|i|o|n| |w|e|b|r|e|n|d|e|r|,102210fe594ee9b33d82058545b1ed14f4c8206e,PerceptualSpeedIndex,twitter,True,twitter PerceptualSpeedIndex opt bytecode-cached cold fission webrender,,77,ms,firefox,442443539.0,1821806408,2024-01-06 21:44:09,604.0,1d9422a3e1d878f2f2c54ef4e836faabebfdfc9a,1356666,,,,,,,,,,,,,,,,,,,,,,,,,,,,,,,,,,,,,,,,,,,,,,,,,,,,,,,,,,,,,TN,TN
autoland,4405952,13,ad8d5d1385265583919f5a224e1153902b6eef60,macosx1015-64-shippable-qr,True,False,,|b|y|t|e|c|o|d|e|-|c|a|c|h|e|d| |c|o|l|d| |f|i|s|s|i|o|n| |w|e|b|r|e|n|d|e|r|,102210fe594ee9b33d82058545b1ed14f4c8206e,PerceptualSpeedIndex,twitter,True,twitter PerceptualSpeedIndex opt bytecode-cached cold fission webrender,,77,ms,firefox,442482020.0,1822024474,2024-01-07 23:26:49,607.1,47fc814524de5c30dfd7711cf3eda088303ad905,1356765,,,,,,,,,,,,,,,,,,,,,,,,,,,,,,,,,,,,,,,,,,,,,,,,,,,,,,,,,,,,,TN,TN
autoland,4405952,13,ad8d5d1385265583919f5a224e1153902b6eef60,macosx1015-64-shippable-qr,True,False,,|b|y|t|e|c|o|d|e|-|c|a|c|h|e|d| |c|o|l|d| |f|i|s|s|i|o|n| |w|e|b|r|e|n|d|e|r|,102210fe594ee9b33d82058545b1ed14f4c8206e,PerceptualSpeedIndex,twitter,True,twitter PerceptualSpeedIndex opt bytecode-cached cold fission webrender,,77,ms,firefox,442485866.0,1822050323,2024-01-08 02:39:55,594.6,750c44842f26873f40a2d09bc4ee94ecc4c39997,1356771,,,,,,,,,,,,,,,,,,,,,,,,,,,,,,,,,,,,,,,,,,,,,,,,,,,,,,,,,,,,,TN,TN
autoland,4405952,13,ad8d5d1385265583919f5a224e1153902b6eef60,macosx1015-64-shippable-qr,True,False,,|b|y|t|e|c|o|d|e|-|c|a|c|h|e|d| |c|o|l|d| |f|i|s|s|i|o|n| |w|e|b|r|e|n|d|e|r|,102210fe594ee9b33d82058545b1ed14f4c8206e,PerceptualSpeedIndex,twitter,True,twitter PerceptualSpeedIndex opt bytecode-cached cold fission webrender,,77,ms,firefox,442531576.0,1822206212,2024-01-08 11:59:03,589.4,f0a524f0a0085554a1bfdfe1320ee1e87caf7a94,1356886,,,,,,,,,,,,,,,,,,,,,,,,,,,,,,,,,,,,,,,,,,,,,,,,,,,,,,,,,,,,,TN,TN
autoland,4405952,13,ad8d5d1385265583919f5a224e1153902b6eef60,macosx1015-64-shippable-qr,True,False,,|b|y|t|e|c|o|d|e|-|c|a|c|h|e|d| |c|o|l|d| |f|i|s|s|i|o|n| |w|e|b|r|e|n|d|e|r|,102210fe594ee9b33d82058545b1ed14f4c8206e,PerceptualSpeedIndex,twitter,True,twitter PerceptualSpeedIndex opt bytecode-cached cold fission webrender,,77,ms,firefox,442646717.0,1822747899,2024-01-08 13:59:36,645.3,3b8b6ba44de3870a21b3f250a24e6eae455bf564,1356959,,,,,,,,,,,,,,,,,,,,,,,,,,,,,,,,,,,,,,,,,,,,,,,,,,,,,,,,,,,,,TN,TN
autoland,4405952,13,ad8d5d1385265583919f5a224e1153902b6eef60,macosx1015-64-shippable-qr,True,False,,|b|y|t|e|c|o|d|e|-|c|a|c|h|e|d| |c|o|l|d| |f|i|s|s|i|o|n| |w|e|b|r|e|n|d|e|r|,102210fe594ee9b33d82058545b1ed14f4c8206e,PerceptualSpeedIndex,twitter,True,twitter PerceptualSpeedIndex opt bytecode-cached cold fission webrender,,77,ms,firefox,442645943.0,1822735829,2024-01-08 14:18:59,668.9,c0b65b260d5fbb61bfacc80d014afb017086dc3d,1356978,,,,,,,,,,,,,,,,,,,,,,,,,,,,,,,,,,,,,,,,,,,,,,,,,,,,,,,,,,,,,TN,TN
autoland,4405952,13,ad8d5d1385265583919f5a224e1153902b6eef60,macosx1015-64-shippable-qr,True,False,,|b|y|t|e|c|o|d|e|-|c|a|c|h|e|d| |c|o|l|d| |f|i|s|s|i|o|n| |w|e|b|r|e|n|d|e|r|,102210fe594ee9b33d82058545b1ed14f4c8206e,PerceptualSpeedIndex,twitter,True,twitter PerceptualSpeedIndex opt bytecode-cached cold fission webrender,,77,ms,firefox,442645165.0,1822729495,2024-01-08 15:17:36,689.1,7613e62377713778fccf1bbcf2d0d974a9d54d62,1357023,,,,,,,,,,,,,,,,,,,,,,,,,,,,,,,,,,,,,,,,,,,,,,,,,,,,,,,,,,,,,TN,TN
autoland,4405952,13,ad8d5d1385265583919f5a224e1153902b6eef60,macosx1015-64-shippable-qr,True,False,,|b|y|t|e|c|o|d|e|-|c|a|c|h|e|d| |c|o|l|d| |f|i|s|s|i|o|n| |w|e|b|r|e|n|d|e|r|,102210fe594ee9b33d82058545b1ed14f4c8206e,PerceptualSpeedIndex,twitter,True,twitter PerceptualSpeedIndex opt bytecode-cached cold fission webrender,,77,ms,firefox,442646101.0,1822740800,2024-01-08 15:20:01,616.8,96dbd42557569de364e38f42a4d6592922dc824e,1357024,,,,,,,,,,,,,,,,,,,,,,,,,,,,,,,,,,,,,,,,,,,,,,,,,,,,,,,,,,,,,TN,TN
autoland,4405952,13,ad8d5d1385265583919f5a224e1153902b6eef60,macosx1015-64-shippable-qr,True,False,,|b|y|t|e|c|o|d|e|-|c|a|c|h|e|d| |c|o|l|d| |f|i|s|s|i|o|n| |w|e|b|r|e|n|d|e|r|,102210fe594ee9b33d82058545b1ed14f4c8206e,PerceptualSpeedIndex,twitter,True,twitter PerceptualSpeedIndex opt bytecode-cached cold fission webrender,,77,ms,firefox,442572437.0,1822385652,2024-01-08 15:57:02,605.4,fa142c3f71b8a5f5e5781fe41471dc1528cecd75,1357053,,,,,,,,,,,,,,,,,,,,,,,,,,,,,,,,,,,,,,,,,,,,,,,,,,,,,,,,,,,,,TN,TN
autoland,4405952,13,ad8d5d1385265583919f5a224e1153902b6eef60,macosx1015-64-shippable-qr,True,False,,|b|y|t|e|c|o|d|e|-|c|a|c|h|e|d| |c|o|l|d| |f|i|s|s|i|o|n| |w|e|b|r|e|n|d|e|r|,102210fe594ee9b33d82058545b1ed14f4c8206e,PerceptualSpeedIndex,twitter,True,twitter PerceptualSpeedIndex opt bytecode-cached cold fission webrender,,77,ms,firefox,442644584.0,1822718259,2024-01-08 16:27:18,632.2,f94198e20472275db87efe7b903db30b13a368d6,1357067,,,,,,,,,,,,,,,,,,,,,,,,,,,,,,,,,,,,,,,,,,,,,,,,,,,,,,,,,,,,,TN,TN
autoland,4405952,13,ad8d5d1385265583919f5a224e1153902b6eef60,macosx1015-64-shippable-qr,True,False,,|b|y|t|e|c|o|d|e|-|c|a|c|h|e|d| |c|o|l|d| |f|i|s|s|i|o|n| |w|e|b|r|e|n|d|e|r|,102210fe594ee9b33d82058545b1ed14f4c8206e,PerceptualSpeedIndex,twitter,True,twitter PerceptualSpeedIndex opt bytecode-cached cold fission webrender,,77,ms,firefox,442642201.0,1822699806,2024-01-08 16:28:27,618.1,60f04fbada705752ff9cfd6d7f18f73b71d812b7,1357071,,,,,,,,,,,,,,,,,,,,,,,,,,,,,,,,,,,,,,,,,,,,,,,,,,,,,,,,,,,,,TN,TN
autoland,4405952,13,ad8d5d1385265583919f5a224e1153902b6eef60,macosx1015-64-shippable-qr,True,False,,|b|y|t|e|c|o|d|e|-|c|a|c|h|e|d| |c|o|l|d| |f|i|s|s|i|o|n| |w|e|b|r|e|n|d|e|r|,102210fe594ee9b33d82058545b1ed14f4c8206e,PerceptualSpeedIndex,twitter,True,twitter PerceptualSpeedIndex opt bytecode-cached cold fission webrender,,77,ms,firefox,442637249.0,1822659979,2024-01-08 20:04:05,589.3,41ae953b02271ceda653046c5072bfe0329c7e96,1357175,,,,,,,,,,,,,,,,,,,,,,,,,,,,,,,,,,,,,,,,,,,,,,,,,,,,,,,,,,,,,TN,TN
autoland,4405952,13,ad8d5d1385265583919f5a224e1153902b6eef60,macosx1015-64-shippable-qr,True,False,,|b|y|t|e|c|o|d|e|-|c|a|c|h|e|d| |c|o|l|d| |f|i|s|s|i|o|n| |w|e|b|r|e|n|d|e|r|,102210fe594ee9b33d82058545b1ed14f4c8206e,PerceptualSpeedIndex,twitter,True,twitter PerceptualSpeedIndex opt bytecode-cached cold fission webrender,,77,ms,firefox,442642584.0,1822709108,2024-01-08 21:33:29,612.4,4dc4f0070bb9c1118742b60f998c761de468ca6e,1357225,,,,,,,,,,,,,,,,,,,,,,,,,,,,,,,,,,,,,,,,,,,,,,,,,,,,,,,,,,,,,TN,TN
autoland,4405952,13,ad8d5d1385265583919f5a224e1153902b6eef60,macosx1015-64-shippable-qr,True,False,,|b|y|t|e|c|o|d|e|-|c|a|c|h|e|d| |c|o|l|d| |f|i|s|s|i|o|n| |w|e|b|r|e|n|d|e|r|,102210fe594ee9b33d82058545b1ed14f4c8206e,PerceptualSpeedIndex,twitter,True,twitter PerceptualSpeedIndex opt bytecode-cached cold fission webrender,,77,ms,firefox,442640294.0,1822678495,2024-01-08 21:39:10,590.3,ebfdca0b0aecf8d9304a25f7913ec89b746a6ec1,1357230,,,,,,,,,,,,,,,,,,,,,,,,,,,,,,,,,,,,,,,,,,,,,,,,,,,,,,,,,,,,,TN,TN
autoland,4405952,13,ad8d5d1385265583919f5a224e1153902b6eef60,macosx1015-64-shippable-qr,True,False,,|b|y|t|e|c|o|d|e|-|c|a|c|h|e|d| |c|o|l|d| |f|i|s|s|i|o|n| |w|e|b|r|e|n|d|e|r|,102210fe594ee9b33d82058545b1ed14f4c8206e,PerceptualSpeedIndex,twitter,True,twitter PerceptualSpeedIndex opt bytecode-cached cold fission webrender,,77,ms,firefox,442641271.0,1822692080,2024-01-09 02:28:42,589.8,ea866029ce2e23f03843038e1fd8ba7ca9ea30bb,1357330,,,,,,,,,,,,,,,,,,,,,,,,,,,,,,,,,,,,,,,,,,,,,,,,,,,,,,,,,,,,,TN,TN
autoland,4405952,13,ad8d5d1385265583919f5a224e1153902b6eef60,macosx1015-64-shippable-qr,True,False,,|b|y|t|e|c|o|d|e|-|c|a|c|h|e|d| |c|o|l|d| |f|i|s|s|i|o|n| |w|e|b|r|e|n|d|e|r|,102210fe594ee9b33d82058545b1ed14f4c8206e,PerceptualSpeedIndex,twitter,True,twitter PerceptualSpeedIndex opt bytecode-cached cold fission webrender,,77,ms,firefox,442681197.0,1822932398,2024-01-09 11:20:33,621.6,b29d6ace45f4ca84cd58b15ab4430194755a7056,1357465,,,,,,,,,,,,,,,,,,,,,,,,,,,,,,,,,,,,,,,,,,,,,,,,,,,,,,,,,,,,,TN,TN
autoland,4405952,13,ad8d5d1385265583919f5a224e1153902b6eef60,macosx1015-64-shippable-qr,True,False,,|b|y|t|e|c|o|d|e|-|c|a|c|h|e|d| |c|o|l|d| |f|i|s|s|i|o|n| |w|e|b|r|e|n|d|e|r|,102210fe594ee9b33d82058545b1ed14f4c8206e,PerceptualSpeedIndex,twitter,True,twitter PerceptualSpeedIndex opt bytecode-cached cold fission webrender,,77,ms,firefox,442688023.0,1822952758,2024-01-09 11:56:06,605.5,051ee8b6b5420d6e2ef877ed6ff3a70306257659,1357476,,,,,,,,,,,,,,,,,,,,,,,,,,,,,,,,,,,,,,,,,,,,,,,,,,,,,,,,,,,,,TN,TN
autoland,4405952,13,ad8d5d1385265583919f5a224e1153902b6eef60,macosx1015-64-shippable-qr,True,False,,|b|y|t|e|c|o|d|e|-|c|a|c|h|e|d| |c|o|l|d| |f|i|s|s|i|o|n| |w|e|b|r|e|n|d|e|r|,102210fe594ee9b33d82058545b1ed14f4c8206e,PerceptualSpeedIndex,twitter,True,twitter PerceptualSpeedIndex opt bytecode-cached cold fission webrender,,77,ms,firefox,442790433.0,1823470108,2024-01-09 14:07:58,595.5,0184455feb69351f7ba6e6a9bc02f7417c5c6475,1357525,,,,,,,,,,,,,,,,,,,,,,,,,,,,,,,,,,,,,,,,,,,,,,,,,,,,,,,,,,,,,TN,TN
autoland,4405952,13,ad8d5d1385265583919f5a224e1153902b6eef60,macosx1015-64-shippable-qr,True,False,,|b|y|t|e|c|o|d|e|-|c|a|c|h|e|d| |c|o|l|d| |f|i|s|s|i|o|n| |w|e|b|r|e|n|d|e|r|,102210fe594ee9b33d82058545b1ed14f4c8206e,PerceptualSpeedIndex,twitter,True,twitter PerceptualSpeedIndex opt bytecode-cached cold fission webrender,,77,ms,firefox,442791103.0,1823482546,2024-01-09 14:34:37,621.9,183931c45d316e57ad9529199745dd0005a44f8a,1357538,,,,,,,,,,,,,,,,,,,,,,,,,,,,,,,,,,,,,,,,,,,,,,,,,,,,,,,,,,,,,TN,TN
autoland,4405952,13,ad8d5d1385265583919f5a224e1153902b6eef60,macosx1015-64-shippable-qr,True,False,,|b|y|t|e|c|o|d|e|-|c|a|c|h|e|d| |c|o|l|d| |f|i|s|s|i|o|n| |w|e|b|r|e|n|d|e|r|,102210fe594ee9b33d82058545b1ed14f4c8206e,PerceptualSpeedIndex,twitter,True,twitter PerceptualSpeedIndex opt bytecode-cached cold fission webrender,,77,ms,firefox,442736628.0,1823189566,2024-01-09 16:23:43,608.0,39da72deac75c8026ae23df612934a7fc7c3693a,1357611,,,,,,,,,,,,,,,,,,,,,,,,,,,,,,,,,,,,,,,,,,,,,,,,,,,,,,,,,,,,,TN,TN
autoland,4405952,13,ad8d5d1385265583919f5a224e1153902b6eef60,macosx1015-64-shippable-qr,True,False,,|b|y|t|e|c|o|d|e|-|c|a|c|h|e|d| |c|o|l|d| |f|i|s|s|i|o|n| |w|e|b|r|e|n|d|e|r|,102210fe594ee9b33d82058545b1ed14f4c8206e,PerceptualSpeedIndex,twitter,True,twitter PerceptualSpeedIndex opt bytecode-cached cold fission webrender,,77,ms,firefox,442745953.0,1823233850,2024-01-09 17:04:21,593.0,65446098ef641575f65d67f1db14e51401e565de,1357636,,,,,,,,,,,,,,,,,,,,,,,,,,,,,,,,,,,,,,,,,,,,,,,,,,,,,,,,,,,,,TN,TN
autoland,4405952,13,ad8d5d1385265583919f5a224e1153902b6eef60,macosx1015-64-shippable-qr,True,False,,|b|y|t|e|c|o|d|e|-|c|a|c|h|e|d| |c|o|l|d| |f|i|s|s|i|o|n| |w|e|b|r|e|n|d|e|r|,102210fe594ee9b33d82058545b1ed14f4c8206e,PerceptualSpeedIndex,twitter,True,twitter PerceptualSpeedIndex opt bytecode-cached cold fission webrender,,77,ms,firefox,442790583.0,1823475002,2024-01-09 20:39:11,603.2,199101385cfb15dcb58d0abdf1204d8bd155b53f,1357761,,,,,,,,,,,,,,,,,,,,,,,,,,,,,,,,,,,,,,,,,,,,,,,,,,,,,,,,,,,,,TN,TN
autoland,4405952,13,ad8d5d1385265583919f5a224e1153902b6eef60,macosx1015-64-shippable-qr,True,False,,|b|y|t|e|c|o|d|e|-|c|a|c|h|e|d| |c|o|l|d| |f|i|s|s|i|o|n| |w|e|b|r|e|n|d|e|r|,102210fe594ee9b33d82058545b1ed14f4c8206e,PerceptualSpeedIndex,twitter,True,twitter PerceptualSpeedIndex opt bytecode-cached cold fission webrender,,77,ms,firefox,442790461.0,1823471155,2024-01-09 20:46:16,683.0,d4ff02b92c066b55eaedf705b0bec7eab81178b7,1357768,,,,,,,,,,,,,,,,,,,,,,,,,,,,,,,,,,,,,,,,,,,,,,,,,,,,,,,,,,,,,TN,TN
autoland,4405952,13,ad8d5d1385265583919f5a224e1153902b6eef60,macosx1015-64-shippable-qr,True,False,,|b|y|t|e|c|o|d|e|-|c|a|c|h|e|d| |c|o|l|d| |f|i|s|s|i|o|n| |w|e|b|r|e|n|d|e|r|,102210fe594ee9b33d82058545b1ed14f4c8206e,PerceptualSpeedIndex,twitter,True,twitter PerceptualSpeedIndex opt bytecode-cached cold fission webrender,,77,ms,firefox,442758182.0,1823273124,2024-01-09 20:55:28,622.2,b089f828d54fe4d5fff32c8f142a603bc9d51325,1357773,,,,,,,,,,,,,,,,,,,,,,,,,,,,,,,,,,,,,,,,,,,,,,,,,,,,,,,,,,,,,TN,TN
autoland,4405952,13,ad8d5d1385265583919f5a224e1153902b6eef60,macosx1015-64-shippable-qr,True,False,,|b|y|t|e|c|o|d|e|-|c|a|c|h|e|d| |c|o|l|d| |f|i|s|s|i|o|n| |w|e|b|r|e|n|d|e|r|,102210fe594ee9b33d82058545b1ed14f4c8206e,PerceptualSpeedIndex,twitter,True,twitter PerceptualSpeedIndex opt bytecode-cached cold fission webrender,,77,ms,firefox,442766762.0,1823331492,2024-01-09 23:58:45,628.5,33d47d05c368a7b03c3843f70deb11c351eab0e7,1357896,,,,,,,,,,,,,,,,,,,,,,,,,,,,,,,,,,,,,,,,,,,,,,,,,,,,,,,,,,,,,TN,TN
autoland,4405952,13,ad8d5d1385265583919f5a224e1153902b6eef60,macosx1015-64-shippable-qr,True,False,,|b|y|t|e|c|o|d|e|-|c|a|c|h|e|d| |c|o|l|d| |f|i|s|s|i|o|n| |w|e|b|r|e|n|d|e|r|,102210fe594ee9b33d82058545b1ed14f4c8206e,PerceptualSpeedIndex,twitter,True,twitter PerceptualSpeedIndex opt bytecode-cached cold fission webrender,,77,ms,firefox,442918523.0,1824012744,2024-01-10 01:41:22,659.2,c208c35aa08ce571b9fe86e213c1e1b443e8b7c0,1357928,,,,,,,,,,,,,,,,,,,,,,,,,,,,,,,,,,,,,,,,,,,,,,,,,,,,,,,,,,,,,TN,TN
autoland,4405952,13,ad8d5d1385265583919f5a224e1153902b6eef60,macosx1015-64-shippable-qr,True,False,,|b|y|t|e|c|o|d|e|-|c|a|c|h|e|d| |c|o|l|d| |f|i|s|s|i|o|n| |w|e|b|r|e|n|d|e|r|,102210fe594ee9b33d82058545b1ed14f4c8206e,PerceptualSpeedIndex,twitter,True,twitter PerceptualSpeedIndex opt bytecode-cached cold fission webrender,,77,ms,firefox,442918692.0,1824017037,2024-01-10 02:03:50,583.5,03be6a45140bf15382b04777d0e3abf02d7af112,1357936,,,,,,,,,,,,,,,,,,,,,,,,,,,,,,,,,,,,,,,,,,,,,,,,,,,,,,,,,,,,,TN,TN
autoland,4405952,13,ad8d5d1385265583919f5a224e1153902b6eef60,macosx1015-64-shippable-qr,True,False,,|b|y|t|e|c|o|d|e|-|c|a|c|h|e|d| |c|o|l|d| |f|i|s|s|i|o|n| |w|e|b|r|e|n|d|e|r|,102210fe594ee9b33d82058545b1ed14f4c8206e,PerceptualSpeedIndex,twitter,True,twitter PerceptualSpeedIndex opt bytecode-cached cold fission webrender,,77,ms,firefox,442792049.0,1823492992,2024-01-10 06:33:00,606.6,8d93c10892064c983f5603645b9f6db6494fac24,1357998,,,,,,,,,,,,,,,,,,,,,,,,,,,,,,,,,,,,,,,,,,,,,,,,,,,,,,,,,,,,,TN,TN
autoland,4405952,13,ad8d5d1385265583919f5a224e1153902b6eef60,macosx1015-64-shippable-qr,True,False,,|b|y|t|e|c|o|d|e|-|c|a|c|h|e|d| |c|o|l|d| |f|i|s|s|i|o|n| |w|e|b|r|e|n|d|e|r|,102210fe594ee9b33d82058545b1ed14f4c8206e,PerceptualSpeedIndex,twitter,True,twitter PerceptualSpeedIndex opt bytecode-cached cold fission webrender,,77,ms,firefox,442847261.0,1823686351,2024-01-10 10:37:21,599.2,c892e00c62dbbeba07a14640ce9baf3a7c27383d,1358093,,,,,,,,,,,,,,,,,,,,,,,,,,,,,,,,,,,,,,,,,,,,,,,,,,,,,,,,,,,,,TN,TN
autoland,4405952,13,ad8d5d1385265583919f5a224e1153902b6eef60,macosx1015-64-shippable-qr,True,False,,|b|y|t|e|c|o|d|e|-|c|a|c|h|e|d| |c|o|l|d| |f|i|s|s|i|o|n| |w|e|b|r|e|n|d|e|r|,102210fe594ee9b33d82058545b1ed14f4c8206e,PerceptualSpeedIndex,twitter,True,twitter PerceptualSpeedIndex opt bytecode-cached cold fission webrender,,77,ms,firefox,442851148.0,1823702867,2024-01-10 11:50:05,648.0,645f7ed438fb8172e3e4db34d3d7821251ae066c,1358132,,,,,,,,,,,,,,,,,,,,,,,,,,,,,,,,,,,,,,,,,,,,,,,,,,,,,,,,,,,,,TN,TN
autoland,4405952,13,ad8d5d1385265583919f5a224e1153902b6eef60,macosx1015-64-shippable-qr,True,False,,|b|y|t|e|c|o|d|e|-|c|a|c|h|e|d| |c|o|l|d| |f|i|s|s|i|o|n| |w|e|b|r|e|n|d|e|r|,102210fe594ee9b33d82058545b1ed14f4c8206e,PerceptualSpeedIndex,twitter,True,twitter PerceptualSpeedIndex opt bytecode-cached cold fission webrender,,77,ms,firefox,442859227.0,1823729019,2024-01-10 15:53:53,607.3,abbd6756776d8ea1ff22b8a5ee76e1417583f893,1358258,,,,,,,,,,,,,,,,,,,,,,,,,,,,,,,,,,,,,,,,,,,,,,,,,,,,,,,,,,,,,TN,TN
autoland,4405952,13,ad8d5d1385265583919f5a224e1153902b6eef60,macosx1015-64-shippable-qr,True,False,,|b|y|t|e|c|o|d|e|-|c|a|c|h|e|d| |c|o|l|d| |f|i|s|s|i|o|n| |w|e|b|r|e|n|d|e|r|,102210fe594ee9b33d82058545b1ed14f4c8206e,PerceptualSpeedIndex,twitter,True,twitter PerceptualSpeedIndex opt bytecode-cached cold fission webrender,,77,ms,firefox,442917785.0,1824004985,2024-01-10 17:13:27,608.3,a6a3c60d31894fa2c788c6498b98e529a6ce0202,1358311,,,,,,,,,,,,,,,,,,,,,,,,,,,,,,,,,,,,,,,,,,,,,,,,,,,,,,,,,,,,,TN,TN
autoland,4405952,13,ad8d5d1385265583919f5a224e1153902b6eef60,macosx1015-64-shippable-qr,True,False,,|b|y|t|e|c|o|d|e|-|c|a|c|h|e|d| |c|o|l|d| |f|i|s|s|i|o|n| |w|e|b|r|e|n|d|e|r|,102210fe594ee9b33d82058545b1ed14f4c8206e,PerceptualSpeedIndex,twitter,True,twitter PerceptualSpeedIndex opt bytecode-cached cold fission webrender,,77,ms,firefox,442917401.0,1824000886,2024-01-10 17:16:57,599.5,cefca88dbb5f5ddbed3d4d2d541ce66924187b3f,1358312,,,,,,,,,,,,,,,,,,,,,,,,,,,,,,,,,,,,,,,,,,,,,,,,,,,,,,,,,,,,,TN,TN
autoland,4405952,13,ad8d5d1385265583919f5a224e1153902b6eef60,macosx1015-64-shippable-qr,True,False,,|b|y|t|e|c|o|d|e|-|c|a|c|h|e|d| |c|o|l|d| |f|i|s|s|i|o|n| |w|e|b|r|e|n|d|e|r|,102210fe594ee9b33d82058545b1ed14f4c8206e,PerceptualSpeedIndex,twitter,True,twitter PerceptualSpeedIndex opt bytecode-cached cold fission webrender,,77,ms,firefox,442917928.0,1824012683,2024-01-10 17:17:38,607.1,8ce5b5a3f4cb435bbade6c5ce303b682c2624aca,1358313,,,,,,,,,,,,,,,,,,,,,,,,,,,,,,,,,,,,,,,,,,,,,,,,,,,,,,,,,,,,,TN,TN
autoland,4405952,13,ad8d5d1385265583919f5a224e1153902b6eef60,macosx1015-64-shippable-qr,True,False,,|b|y|t|e|c|o|d|e|-|c|a|c|h|e|d| |c|o|l|d| |f|i|s|s|i|o|n| |w|e|b|r|e|n|d|e|r|,102210fe594ee9b33d82058545b1ed14f4c8206e,PerceptualSpeedIndex,twitter,True,twitter PerceptualSpeedIndex opt bytecode-cached cold fission webrender,,77,ms,firefox,442879372.0,1823861531,2024-01-10 20:02:55,586.6,13107fcd50cf2795a397cd8d72ce290a0b34a909,1358406,,,,,,,,,,,,,,,,,,,,,,,,,,,,,,,,,,,,,,,,,,,,,,,,,,,,,,,,,,,,,TN,TN
autoland,4405952,13,ad8d5d1385265583919f5a224e1153902b6eef60,macosx1015-64-shippable-qr,True,False,,|b|y|t|e|c|o|d|e|-|c|a|c|h|e|d| |c|o|l|d| |f|i|s|s|i|o|n| |w|e|b|r|e|n|d|e|r|,102210fe594ee9b33d82058545b1ed14f4c8206e,PerceptualSpeedIndex,twitter,True,twitter PerceptualSpeedIndex opt bytecode-cached cold fission webrender,,77,ms,firefox,442906554.0,1823951055,2024-01-11 01:22:24,607.7,1a93f0a64a7f897212da58c5753433922e0953cb,1358548,,,,,,,,,,,,,,,,,,,,,,,,,,,,,,,,,,,,,,,,,,,,,,,,,,,,,,,,,,,,,TN,TN
autoland,4405952,13,ad8d5d1385265583919f5a224e1153902b6eef60,macosx1015-64-shippable-qr,True,False,,|b|y|t|e|c|o|d|e|-|c|a|c|h|e|d| |c|o|l|d| |f|i|s|s|i|o|n| |w|e|b|r|e|n|d|e|r|,102210fe594ee9b33d82058545b1ed14f4c8206e,PerceptualSpeedIndex,twitter,True,twitter PerceptualSpeedIndex opt bytecode-cached cold fission webrender,,77,ms,firefox,442925847.0,1824052803,2024-01-11 07:34:58,673.5,53b379d2ca1da12d341d8c9f8e59575152c88b27,1358622,,,,,,,,,,,,,,,,,,,,,,,,,,,,,,,,,,,,,,,,,,,,,,,,,,,,,,,,,,,,,TN,TN
autoland,4405952,13,ad8d5d1385265583919f5a224e1153902b6eef60,macosx1015-64-shippable-qr,True,False,,|b|y|t|e|c|o|d|e|-|c|a|c|h|e|d| |c|o|l|d| |f|i|s|s|i|o|n| |w|e|b|r|e|n|d|e|r|,102210fe594ee9b33d82058545b1ed14f4c8206e,PerceptualSpeedIndex,twitter,True,twitter PerceptualSpeedIndex opt bytecode-cached cold fission webrender,,77,ms,firefox,442935538.0,1824087850,2024-01-11 09:13:52,724.3,0bd36479d605b1a8748ee37096ff0d54383f0402,1358650,,,,,,,,,,,,,,,,,,,,,,,,,,,,,,,,,,,,,,,,,,,,,,,,,,,,,,,,,,,,,TN,TN
autoland,4405952,13,ad8d5d1385265583919f5a224e1153902b6eef60,macosx1015-64-shippable-qr,True,False,,|b|y|t|e|c|o|d|e|-|c|a|c|h|e|d| |c|o|l|d| |f|i|s|s|i|o|n| |w|e|b|r|e|n|d|e|r|,102210fe594ee9b33d82058545b1ed14f4c8206e,PerceptualSpeedIndex,twitter,True,twitter PerceptualSpeedIndex opt bytecode-cached cold fission webrender,,77,ms,firefox,442970017.0,1824223769,2024-01-11 13:33:40,617.9,9e9da9a3335070604e4d44a2a97d897ca73a4c16,1358737,,,,,,,,,,,,,,,,,,,,,,,,,,,,,,,,,,,,,,,,,,,,,,,,,,,,,,,,,,,,,TN,TN
autoland,4405952,13,ad8d5d1385265583919f5a224e1153902b6eef60,macosx1015-64-shippable-qr,True,False,,|b|y|t|e|c|o|d|e|-|c|a|c|h|e|d| |c|o|l|d| |f|i|s|s|i|o|n| |w|e|b|r|e|n|d|e|r|,102210fe594ee9b33d82058545b1ed14f4c8206e,PerceptualSpeedIndex,twitter,True,twitter PerceptualSpeedIndex opt bytecode-cached cold fission webrender,,77,ms,firefox,442983151.0,1824276465,2024-01-11 15:31:24,598.5,0fbc415c1704aee17dbd065e8d41e057993f1797,1358816,,,,,,,,,,,,,,,,,,,,,,,,,,,,,,,,,,,,,,,,,,,,,,,,,,,,,,,,,,,,,TN,TN
autoland,4405952,13,ad8d5d1385265583919f5a224e1153902b6eef60,macosx1015-64-shippable-qr,True,False,,|b|y|t|e|c|o|d|e|-|c|a|c|h|e|d| |c|o|l|d| |f|i|s|s|i|o|n| |w|e|b|r|e|n|d|e|r|,102210fe594ee9b33d82058545b1ed14f4c8206e,PerceptualSpeedIndex,twitter,True,twitter PerceptualSpeedIndex opt bytecode-cached cold fission webrender,,77,ms,firefox,443074465.0,1824724228,2024-01-11 18:18:15,632.2,c968fa42e944e86d2ef0e1790169260c72d1767b,1358919,,,,,,,,,,,,,,,,,,,,,,,,,,,,,,,,,,,,,,,,,,,,,,,,,,,,,,,,,,,,,TN,TN
autoland,4405952,13,ad8d5d1385265583919f5a224e1153902b6eef60,macosx1015-64-shippable-qr,True,False,,|b|y|t|e|c|o|d|e|-|c|a|c|h|e|d| |c|o|l|d| |f|i|s|s|i|o|n| |w|e|b|r|e|n|d|e|r|,102210fe594ee9b33d82058545b1ed14f4c8206e,PerceptualSpeedIndex,twitter,True,twitter PerceptualSpeedIndex opt bytecode-cached cold fission webrender,,77,ms,firefox,443075043.0,1824731464,2024-01-11 18:24:24,598.3,c742a756f169303b59bc595b6ad84ce7314a1789,1358925,,,,,,,,,,,,,,,,,,,,,,,,,,,,,,,,,,,,,,,,,,,,,,,,,,,,,,,,,,,,,TN,TN
autoland,4405952,13,ad8d5d1385265583919f5a224e1153902b6eef60,macosx1015-64-shippable-qr,True,False,,|b|y|t|e|c|o|d|e|-|c|a|c|h|e|d| |c|o|l|d| |f|i|s|s|i|o|n| |w|e|b|r|e|n|d|e|r|,102210fe594ee9b33d82058545b1ed14f4c8206e,PerceptualSpeedIndex,twitter,True,twitter PerceptualSpeedIndex opt bytecode-cached cold fission webrender,,77,ms,firefox,443025832.0,1824439025,2024-01-11 19:45:18,596.6,51d3d025e7fa3113193da45b9c1b1d792060a4c3,1358981,,,,,,,,,,,,,,,,,,,,,,,,,,,,,,,,,,,,,,,,,,,,,,,,,,,,,,,,,,,,,TN,TN
autoland,4405952,13,ad8d5d1385265583919f5a224e1153902b6eef60,macosx1015-64-shippable-qr,True,False,,|b|y|t|e|c|o|d|e|-|c|a|c|h|e|d| |c|o|l|d| |f|i|s|s|i|o|n| |w|e|b|r|e|n|d|e|r|,102210fe594ee9b33d82058545b1ed14f4c8206e,PerceptualSpeedIndex,twitter,True,twitter PerceptualSpeedIndex opt bytecode-cached cold fission webrender,,77,ms,firefox,443074180.0,1824719592,2024-01-11 19:53:37,589.3,dfcfa98a7e21b51e5559d4bee58d465a40576f31,1358986,,,,,,,,,,,,,,,,,,,,,,,,,,,,,,,,,,,,,,,,,,,,,,,,,,,,,,,,,,,,,TN,TN
autoland,4405952,13,ad8d5d1385265583919f5a224e1153902b6eef60,macosx1015-64-shippable-qr,True,False,,|b|y|t|e|c|o|d|e|-|c|a|c|h|e|d| |c|o|l|d| |f|i|s|s|i|o|n| |w|e|b|r|e|n|d|e|r|,102210fe594ee9b33d82058545b1ed14f4c8206e,PerceptualSpeedIndex,twitter,True,twitter PerceptualSpeedIndex opt bytecode-cached cold fission webrender,,77,ms,firefox,443020034.0,1824429974,2024-01-11 20:05:09,613.8,8f1e9e2c902a89cfb9f9ea20307fb3ee8a91a4af,1358995,,,,,,,,,,,,,,,,,,,,,,,,,,,,,,,,,,,,,,,,,,,,,,,,,,,,,,,,,,,,,TN,TN
autoland,4405952,13,ad8d5d1385265583919f5a224e1153902b6eef60,macosx1015-64-shippable-qr,True,False,,|b|y|t|e|c|o|d|e|-|c|a|c|h|e|d| |c|o|l|d| |f|i|s|s|i|o|n| |w|e|b|r|e|n|d|e|r|,102210fe594ee9b33d82058545b1ed14f4c8206e,PerceptualSpeedIndex,twitter,True,twitter PerceptualSpeedIndex opt bytecode-cached cold fission webrender,,77,ms,firefox,443054054.0,1824576427,2024-01-12 01:35:24,616.3,1d2ccbe0bb6db4d9628b16914b33c5dc5e9406dc,1359176,,,,,,,,,,,,,,,,,,,,,,,,,,,,,,,,,,,,,,,,,,,,,,,,,,,,,,,,,,,,,TN,TN
autoland,4405952,13,ad8d5d1385265583919f5a224e1153902b6eef60,macosx1015-64-shippable-qr,True,False,,|b|y|t|e|c|o|d|e|-|c|a|c|h|e|d| |c|o|l|d| |f|i|s|s|i|o|n| |w|e|b|r|e|n|d|e|r|,102210fe594ee9b33d82058545b1ed14f4c8206e,PerceptualSpeedIndex,twitter,True,twitter PerceptualSpeedIndex opt bytecode-cached cold fission webrender,,77,ms,firefox,443073134.0,1824704502,2024-01-12 05:09:20,591.7,1dc9f987063cf678f5c26e7534eadc8bfd186fa9,1359210,,,,,,,,,,,,,,,,,,,,,,,,,,,,,,,,,,,,,,,,,,,,,,,,,,,,,,,,,,,,,TN,TN
autoland,4405952,13,ad8d5d1385265583919f5a224e1153902b6eef60,macosx1015-64-shippable-qr,True,False,,|b|y|t|e|c|o|d|e|-|c|a|c|h|e|d| |c|o|l|d| |f|i|s|s|i|o|n| |w|e|b|r|e|n|d|e|r|,102210fe594ee9b33d82058545b1ed14f4c8206e,PerceptualSpeedIndex,twitter,True,twitter PerceptualSpeedIndex opt bytecode-cached cold fission webrender,,77,ms,firefox,443100537.0,1824871051,2024-01-12 09:17:33,612.7,734e2e027196a9d64120ebf11a01a1b03e494d43,1359269,,,,,,,,,,,,,,,,,,,,,,,,,,,,,,,,,,,,,,,,,,,,,,,,,,,,,,,,,,,,,TN,TN
autoland,4405952,13,ad8d5d1385265583919f5a224e1153902b6eef60,macosx1015-64-shippable-qr,True,False,,|b|y|t|e|c|o|d|e|-|c|a|c|h|e|d| |c|o|l|d| |f|i|s|s|i|o|n| |w|e|b|r|e|n|d|e|r|,102210fe594ee9b33d82058545b1ed14f4c8206e,PerceptualSpeedIndex,twitter,True,twitter PerceptualSpeedIndex opt bytecode-cached cold fission webrender,,77,ms,firefox,443098799.0,1824855271,2024-01-12 09:50:00,607.3,04e959fcffc3608cfdc8e3812cac822a94eb7f79,1359287,,,,,,,,,,,,,,,,,,,,,,,,,,,,,,,,,,,,,,,,,,,,,,,,,,,,,,,,,,,,,TN,TN
autoland,4405952,13,ad8d5d1385265583919f5a224e1153902b6eef60,macosx1015-64-shippable-qr,True,False,,|b|y|t|e|c|o|d|e|-|c|a|c|h|e|d| |c|o|l|d| |f|i|s|s|i|o|n| |w|e|b|r|e|n|d|e|r|,102210fe594ee9b33d82058545b1ed14f4c8206e,PerceptualSpeedIndex,twitter,True,twitter PerceptualSpeedIndex opt bytecode-cached cold fission webrender,,77,ms,firefox,443194872.0,1825368681,2024-01-12 13:49:10,585.5,897e093ce0acdad2e945ff5f23e6d89f77ac22a2,1359374,,,,,,,,,,,,,,,,,,,,,,,,,,,,,,,,,,,,,,,,,,,,,,,,,,,,,,,,,,,,,TN,TN
autoland,4405952,13,ad8d5d1385265583919f5a224e1153902b6eef60,macosx1015-64-shippable-qr,True,False,,|b|y|t|e|c|o|d|e|-|c|a|c|h|e|d| |c|o|l|d| |f|i|s|s|i|o|n| |w|e|b|r|e|n|d|e|r|,102210fe594ee9b33d82058545b1ed14f4c8206e,PerceptualSpeedIndex,twitter,True,twitter PerceptualSpeedIndex opt bytecode-cached cold fission webrender,,77,ms,firefox,443131909.0,1825040911,2024-01-12 13:58:07,604.6,ce67ec7f0570e0dbbb4af59d868791341b3ae825,1359382,,,,,,,,,,,,,,,,,,,,,,,,,,,,,,,,,,,,,,,,,,,,,,,,,,,,,,,,,,,,,TN,TN
autoland,4405952,13,ad8d5d1385265583919f5a224e1153902b6eef60,macosx1015-64-shippable-qr,True,False,,|b|y|t|e|c|o|d|e|-|c|a|c|h|e|d| |c|o|l|d| |f|i|s|s|i|o|n| |w|e|b|r|e|n|d|e|r|,102210fe594ee9b33d82058545b1ed14f4c8206e,PerceptualSpeedIndex,twitter,True,twitter PerceptualSpeedIndex opt bytecode-cached cold fission webrender,,77,ms,firefox,443137890.0,1825077132,2024-01-12 15:59:03,603.1,ca885660ea6d70595474b1663ce6806f7a86a6ea,1359473,,,,,,,,,,,,,,,,,,,,,,,,,,,,,,,,,,,,,,,,,,,,,,,,,,,,,,,,,,,,,TN,TN
autoland,4405952,13,ad8d5d1385265583919f5a224e1153902b6eef60,macosx1015-64-shippable-qr,True,False,,|b|y|t|e|c|o|d|e|-|c|a|c|h|e|d| |c|o|l|d| |f|i|s|s|i|o|n| |w|e|b|r|e|n|d|e|r|,102210fe594ee9b33d82058545b1ed14f4c8206e,PerceptualSpeedIndex,twitter,True,twitter PerceptualSpeedIndex opt bytecode-cached cold fission webrender,,77,ms,firefox,443167477.0,1825231413,2024-01-12 19:38:29,621.1,00f949eecc1be917553e235f582aeb7e1e1146fd,1359666,,,,,,,,,,,,,,,,,,,,,,,,,,,,,,,,,,,,,,,,,,,,,,,,,,,,,,,,,,,,,TN,TN
autoland,4405952,13,ad8d5d1385265583919f5a224e1153902b6eef60,macosx1015-64-shippable-qr,True,False,,|b|y|t|e|c|o|d|e|-|c|a|c|h|e|d| |c|o|l|d| |f|i|s|s|i|o|n| |w|e|b|r|e|n|d|e|r|,102210fe594ee9b33d82058545b1ed14f4c8206e,PerceptualSpeedIndex,twitter,True,twitter PerceptualSpeedIndex opt bytecode-cached cold fission webrender,,77,ms,firefox,443195033.0,1825372233,2024-01-12 22:22:32,632.0,941c30d075424ce679789d63701ca84aa524da86,1359751,,,,,,,,,,,,,,,,,,,,,,,,,,,,,,,,,,,,,,,,,,,,,,,,,,,,,,,,,,,,,TN,TN
autoland,4405952,13,ad8d5d1385265583919f5a224e1153902b6eef60,macosx1015-64-shippable-qr,True,False,,|b|y|t|e|c|o|d|e|-|c|a|c|h|e|d| |c|o|l|d| |f|i|s|s|i|o|n| |w|e|b|r|e|n|d|e|r|,102210fe594ee9b33d82058545b1ed14f4c8206e,PerceptualSpeedIndex,twitter,True,twitter PerceptualSpeedIndex opt bytecode-cached cold fission webrender,,77,ms,firefox,443193722.0,1825347045,2024-01-12 22:24:41,583.1,e9c1463b56151bf940fe442f91aeabc8a811573d,1359754,,,,,,,,,,,,,,,,,,,,,,,,,,,,,,,,,,,,,,,,,,,,,,,,,,,,,,,,,,,,,TN,TN
autoland,4405952,13,ad8d5d1385265583919f5a224e1153902b6eef60,macosx1015-64-shippable-qr,True,False,,|b|y|t|e|c|o|d|e|-|c|a|c|h|e|d| |c|o|l|d| |f|i|s|s|i|o|n| |w|e|b|r|e|n|d|e|r|,102210fe594ee9b33d82058545b1ed14f4c8206e,PerceptualSpeedIndex,twitter,True,twitter PerceptualSpeedIndex opt bytecode-cached cold fission webrender,,77,ms,firefox,443185014.0,1825296614,2024-01-12 23:40:01,647.8,53d4d65c33f1a556689dd9de738b173142e52749,1359778,,,,,,,,,,,,,,,,,,,,,,,,,,,,,,,,,,,,,,,,,,,,,,,,,,,,,,,,,,,,,TN,TN
autoland,4405952,13,ad8d5d1385265583919f5a224e1153902b6eef60,macosx1015-64-shippable-qr,True,False,,|b|y|t|e|c|o|d|e|-|c|a|c|h|e|d| |c|o|l|d| |f|i|s|s|i|o|n| |w|e|b|r|e|n|d|e|r|,102210fe594ee9b33d82058545b1ed14f4c8206e,PerceptualSpeedIndex,twitter,True,twitter PerceptualSpeedIndex opt bytecode-cached cold fission webrender,,77,ms,firefox,443204648.0,1825426016,2024-01-13 08:47:40,601.5,1c1cef3dae75411dbe9bc03547274f506cade636,1359844,,,,,,,,,,,,,,,,,,,,,,,,,,,,,,,,,,,,,,,,,,,,,,,,,,,,,,,,,,,,,TN,TN
autoland,4405952,13,ad8d5d1385265583919f5a224e1153902b6eef60,macosx1015-64-shippable-qr,True,False,,|b|y|t|e|c|o|d|e|-|c|a|c|h|e|d| |c|o|l|d| |f|i|s|s|i|o|n| |w|e|b|r|e|n|d|e|r|,102210fe594ee9b33d82058545b1ed14f4c8206e,PerceptualSpeedIndex,twitter,True,twitter PerceptualSpeedIndex opt bytecode-cached cold fission webrender,,77,ms,firefox,443228599.0,1825519004,2024-01-13 14:38:07,605.5,9e96d1447f6c77f15bcd1c7fa432cefae4418038,1359886,,,,,,,,,,,,,,,,,,,,,,,,,,,,,,,,,,,,,,,,,,,,,,,,,,,,,,,,,,,,,TN,TN
autoland,4405952,13,ad8d5d1385265583919f5a224e1153902b6eef60,macosx1015-64-shippable-qr,True,False,,|b|y|t|e|c|o|d|e|-|c|a|c|h|e|d| |c|o|l|d| |f|i|s|s|i|o|n| |w|e|b|r|e|n|d|e|r|,102210fe594ee9b33d82058545b1ed14f4c8206e,PerceptualSpeedIndex,twitter,True,twitter PerceptualSpeedIndex opt bytecode-cached cold fission webrender,,77,ms,firefox,443249701.0,1825614289,2024-01-13 23:22:39,598.4,05b08c9f9a5822b969513dda16d5f55e322ade4f,1359908,,,,,,,,,,,,,,,,,,,,,,,,,,,,,,,,,,,,,,,,,,,,,,,,,,,,,,,,,,,,,TN,TN
autoland,4405952,13,ad8d5d1385265583919f5a224e1153902b6eef60,macosx1015-64-shippable-qr,True,False,,|b|y|t|e|c|o|d|e|-|c|a|c|h|e|d| |c|o|l|d| |f|i|s|s|i|o|n| |w|e|b|r|e|n|d|e|r|,102210fe594ee9b33d82058545b1ed14f4c8206e,PerceptualSpeedIndex,twitter,True,twitter PerceptualSpeedIndex opt bytecode-cached cold fission webrender,,77,ms,firefox,443275288.0,1825765508,2024-01-14 13:25:52,621.1,b24d63d72f77a64fe5d8bce6420b88e7e0c4d9da,1359942,,,,,,,,,,,,,,,,,,,,,,,,,,,,,,,,,,,,,,,,,,,,,,,,,,,,,,,,,,,,,TN,TN
autoland,4405952,13,ad8d5d1385265583919f5a224e1153902b6eef60,macosx1015-64-shippable-qr,True,False,,|b|y|t|e|c|o|d|e|-|c|a|c|h|e|d| |c|o|l|d| |f|i|s|s|i|o|n| |w|e|b|r|e|n|d|e|r|,102210fe594ee9b33d82058545b1ed14f4c8206e,PerceptualSpeedIndex,twitter,True,twitter PerceptualSpeedIndex opt bytecode-cached cold fission webrender,,77,ms,firefox,443302841.0,1825889969,2024-01-15 05:08:04,608.6,de4567bec5231630b24dbc8a0f117c108e274afc,1360013,,,,,,,,,,,,,,,,,,,,,,,,,,,,,,,,,,,,,,,,,,,,,,,,,,,,,,,,,,,,,TN,TN
autoland,4405952,13,ad8d5d1385265583919f5a224e1153902b6eef60,macosx1015-64-shippable-qr,True,False,,|b|y|t|e|c|o|d|e|-|c|a|c|h|e|d| |c|o|l|d| |f|i|s|s|i|o|n| |w|e|b|r|e|n|d|e|r|,102210fe594ee9b33d82058545b1ed14f4c8206e,PerceptualSpeedIndex,twitter,True,twitter PerceptualSpeedIndex opt bytecode-cached cold fission webrender,,77,ms,firefox,443302406.0,1825881855,2024-01-15 06:43:10,620.2,fed0bf16c40eba956c10bb3214420acaf75ee212,1360023,,,,,,,,,,,,,,,,,,,,,,,,,,,,,,,,,,,,,,,,,,,,,,,,,,,,,,,,,,,,,TN,TN
autoland,4405952,13,ad8d5d1385265583919f5a224e1153902b6eef60,macosx1015-64-shippable-qr,True,False,,|b|y|t|e|c|o|d|e|-|c|a|c|h|e|d| |c|o|l|d| |f|i|s|s|i|o|n| |w|e|b|r|e|n|d|e|r|,102210fe594ee9b33d82058545b1ed14f4c8206e,PerceptualSpeedIndex,twitter,True,twitter PerceptualSpeedIndex opt bytecode-cached cold fission webrender,,77,ms,firefox,443332232.0,1825987009,2024-01-15 11:02:38,599.0,43598f45eee98e83ea2f55ce9a36e000770cf985,1360080,,,,,,,,,,,,,,,,,,,,,,,,,,,,,,,,,,,,,,,,,,,,,,,,,,,,,,,,,,,,,TN,TN
autoland,4405952,13,ad8d5d1385265583919f5a224e1153902b6eef60,macosx1015-64-shippable-qr,True,False,,|b|y|t|e|c|o|d|e|-|c|a|c|h|e|d| |c|o|l|d| |f|i|s|s|i|o|n| |w|e|b|r|e|n|d|e|r|,102210fe594ee9b33d82058545b1ed14f4c8206e,PerceptualSpeedIndex,twitter,True,twitter PerceptualSpeedIndex opt bytecode-cached cold fission webrender,,77,ms,firefox,443343113.0,1826049902,2024-01-15 13:01:22,606.7,253b1ef032b4e35683449c7af5d9effaa417e813,1360125,,,,,,,,,,,,,,,,,,,,,,,,,,,,,,,,,,,,,,,,,,,,,,,,,,,,,,,,,,,,,TN,TN
autoland,4405952,13,ad8d5d1385265583919f5a224e1153902b6eef60,macosx1015-64-shippable-qr,True,False,,|b|y|t|e|c|o|d|e|-|c|a|c|h|e|d| |c|o|l|d| |f|i|s|s|i|o|n| |w|e|b|r|e|n|d|e|r|,102210fe594ee9b33d82058545b1ed14f4c8206e,PerceptualSpeedIndex,twitter,True,twitter PerceptualSpeedIndex opt bytecode-cached cold fission webrender,,77,ms,firefox,443431185.0,1826428809,2024-01-15 13:14:28,588.6,96407685e7579866b7cb890b16c2d05cde908fed,1360129,,,,,,,,,,,,,,,,,,,,,,,,,,,,,,,,,,,,,,,,,,,,,,,,,,,,,,,,,,,,,TN,TN
autoland,4405952,13,ad8d5d1385265583919f5a224e1153902b6eef60,macosx1015-64-shippable-qr,True,False,,|b|y|t|e|c|o|d|e|-|c|a|c|h|e|d| |c|o|l|d| |f|i|s|s|i|o|n| |w|e|b|r|e|n|d|e|r|,102210fe594ee9b33d82058545b1ed14f4c8206e,PerceptualSpeedIndex,twitter,True,twitter PerceptualSpeedIndex opt bytecode-cached cold fission webrender,,77,ms,firefox,443430232.0,1826418448,2024-01-15 14:24:27,605.3,8188051a080f272a706f8fb169248c4677069f6b,1360138,,,,,,,,,,,,,,,,,,,,,,,,,,,,,,,,,,,,,,,,,,,,,,,,,,,,,,,,,,,,,TN,TN
autoland,4405952,13,ad8d5d1385265583919f5a224e1153902b6eef60,macosx1015-64-shippable-qr,True,False,,|b|y|t|e|c|o|d|e|-|c|a|c|h|e|d| |c|o|l|d| |f|i|s|s|i|o|n| |w|e|b|r|e|n|d|e|r|,102210fe594ee9b33d82058545b1ed14f4c8206e,PerceptualSpeedIndex,twitter,True,twitter PerceptualSpeedIndex opt bytecode-cached cold fission webrender,,77,ms,firefox,443434287.0,1826454358,2024-01-15 16:25:19,606.2,c99a236b215f1a49f9abf0d88cc6217ddc6d0623,1360277,,,,,,,,,,,,,,,,,,,,,,,,,,,,,,,,,,,,,,,,,,,,,,,,,,,,,,,,,,,,,TN,TN
autoland,4405952,13,ad8d5d1385265583919f5a224e1153902b6eef60,macosx1015-64-shippable-qr,True,False,,|b|y|t|e|c|o|d|e|-|c|a|c|h|e|d| |c|o|l|d| |f|i|s|s|i|o|n| |w|e|b|r|e|n|d|e|r|,102210fe594ee9b33d82058545b1ed14f4c8206e,PerceptualSpeedIndex,twitter,True,twitter PerceptualSpeedIndex opt bytecode-cached cold fission webrender,,77,ms,firefox,443430275.0,1826418706,2024-01-15 16:26:09,643.0,dc36bc5a45acf968a84adb6249e9193a2307c43e,1360279,,,,,,,,,,,,,,,,,,,,,,,,,,,,,,,,,,,,,,,,,,,,,,,,,,,,,,,,,,,,,TN,TN
autoland,4405952,13,ad8d5d1385265583919f5a224e1153902b6eef60,macosx1015-64-shippable-qr,True,False,,|b|y|t|e|c|o|d|e|-|c|a|c|h|e|d| |c|o|l|d| |f|i|s|s|i|o|n| |w|e|b|r|e|n|d|e|r|,102210fe594ee9b33d82058545b1ed14f4c8206e,PerceptualSpeedIndex,twitter,True,twitter PerceptualSpeedIndex opt bytecode-cached cold fission webrender,,77,ms,firefox,443373455.0,1826205014,2024-01-15 16:45:21,636.5,a9ede7f8216422a86a2b25e0696d884c8a069b78,1360291,,,,,,,,,,,,,,,,,,,,,,,,,,,,,,,,,,,,,,,,,,,,,,,,,,,,,,,,,,,,,TN,TN
autoland,4405952,13,ad8d5d1385265583919f5a224e1153902b6eef60,macosx1015-64-shippable-qr,True,False,,|b|y|t|e|c|o|d|e|-|c|a|c|h|e|d| |c|o|l|d| |f|i|s|s|i|o|n| |w|e|b|r|e|n|d|e|r|,102210fe594ee9b33d82058545b1ed14f4c8206e,PerceptualSpeedIndex,twitter,True,twitter PerceptualSpeedIndex opt bytecode-cached cold fission webrender,,77,ms,firefox,443404828.0,1826299368,2024-01-15 21:04:35,608.7,8a68c5a8cac8300a140767d36eaed293e8f2664c,1360446,,,,,,,,,,,,,,,,,,,,,,,,,,,,,,,,,,,,,,,,,,,,,,,,,,,,,,,,,,,,,TN,TN
autoland,4405952,13,ad8d5d1385265583919f5a224e1153902b6eef60,macosx1015-64-shippable-qr,True,False,,|b|y|t|e|c|o|d|e|-|c|a|c|h|e|d| |c|o|l|d| |f|i|s|s|i|o|n| |w|e|b|r|e|n|d|e|r|,102210fe594ee9b33d82058545b1ed14f4c8206e,PerceptualSpeedIndex,twitter,True,twitter PerceptualSpeedIndex opt bytecode-cached cold fission webrender,,77,ms,firefox,443423737.0,1826373188,2024-01-16 02:30:18,607.3,02d1a62ad90af487d859bc4971a43862dceeda6e,1360561,,,,,,,,,,,,,,,,,,,,,,,,,,,,,,,,,,,,,,,,,,,,,,,,,,,,,,,,,,,,,TN,TN
autoland,4405952,13,ad8d5d1385265583919f5a224e1153902b6eef60,macosx1015-64-shippable-qr,True,False,,|b|y|t|e|c|o|d|e|-|c|a|c|h|e|d| |c|o|l|d| |f|i|s|s|i|o|n| |w|e|b|r|e|n|d|e|r|,102210fe594ee9b33d82058545b1ed14f4c8206e,PerceptualSpeedIndex,twitter,True,twitter PerceptualSpeedIndex opt bytecode-cached cold fission webrender,,77,ms,firefox,443428446.0,1826397244,2024-01-16 03:41:09,599.0,70cdba288eb3585a65e68748b4aecfe615cf92e8,1360576,,,,,,,,,,,,,,,,,,,,,,,,,,,,,,,,,,,,,,,,,,,,,,,,,,,,,,,,,,,,,TN,TN
autoland,4405952,13,ad8d5d1385265583919f5a224e1153902b6eef60,macosx1015-64-shippable-qr,True,False,,|b|y|t|e|c|o|d|e|-|c|a|c|h|e|d| |c|o|l|d| |f|i|s|s|i|o|n| |w|e|b|r|e|n|d|e|r|,102210fe594ee9b33d82058545b1ed14f4c8206e,PerceptualSpeedIndex,twitter,True,twitter PerceptualSpeedIndex opt bytecode-cached cold fission webrender,,77,ms,firefox,443447066.0,1826523964,2024-01-16 08:02:14,596.6,f2c924263ffece6d0b30e6a52dfd32792c5bf5ab,1360634,,,,,,,,,,,,,,,,,,,,,,,,,,,,,,,,,,,,,,,,,,,,,,,,,,,,,,,,,,,,,TN,TN
autoland,4405952,13,ad8d5d1385265583919f5a224e1153902b6eef60,macosx1015-64-shippable-qr,True,False,,|b|y|t|e|c|o|d|e|-|c|a|c|h|e|d| |c|o|l|d| |f|i|s|s|i|o|n| |w|e|b|r|e|n|d|e|r|,102210fe594ee9b33d82058545b1ed14f4c8206e,PerceptualSpeedIndex,twitter,True,twitter PerceptualSpeedIndex opt bytecode-cached cold fission webrender,,77,ms,firefox,443485743.0,1826657056,2024-01-16 12:14:54,599.7,b7a792b71de6beb8e167d10494fa1c387f55f9c2,1360755,,,,,,,,,,,,,,,,,,,,,,,,,,,,,,,,,,,,,,,,,,,,,,,,,,,,,,,,,,,,,TN,TN
autoland,4405952,13,ad8d5d1385265583919f5a224e1153902b6eef60,macosx1015-64-shippable-qr,True,False,,|b|y|t|e|c|o|d|e|-|c|a|c|h|e|d| |c|o|l|d| |f|i|s|s|i|o|n| |w|e|b|r|e|n|d|e|r|,102210fe594ee9b33d82058545b1ed14f4c8206e,PerceptualSpeedIndex,twitter,True,twitter PerceptualSpeedIndex opt bytecode-cached cold fission webrender,,77,ms,firefox,443570842.0,1827071469,2024-01-16 16:07:16,598.3,07af0d2b5ced38fc72f57fb9619e9e8430edc630,1360917,,,,,,,,,,,,,,,,,,,,,,,,,,,,,,,,,,,,,,,,,,,,,,,,,,,,,,,,,,,,,TN,TN
autoland,4405952,13,ad8d5d1385265583919f5a224e1153902b6eef60,macosx1015-64-shippable-qr,True,False,,|b|y|t|e|c|o|d|e|-|c|a|c|h|e|d| |c|o|l|d| |f|i|s|s|i|o|n| |w|e|b|r|e|n|d|e|r|,102210fe594ee9b33d82058545b1ed14f4c8206e,PerceptualSpeedIndex,twitter,True,twitter PerceptualSpeedIndex opt bytecode-cached cold fission webrender,,77,ms,firefox,443576108.0,1827098376,2024-01-16 16:09:52,637.8,63082f3bb107e1a4f6692ea836f8812a9af8f74c,1360920,,,,,,,,,,,,,,,,,,,,,,,,,,,,,,,,,,,,,,,,,,,,,,,,,,,,,,,,,,,,,TN,TN
autoland,4405952,13,ad8d5d1385265583919f5a224e1153902b6eef60,macosx1015-64-shippable-qr,True,False,,|b|y|t|e|c|o|d|e|-|c|a|c|h|e|d| |c|o|l|d| |f|i|s|s|i|o|n| |w|e|b|r|e|n|d|e|r|,102210fe594ee9b33d82058545b1ed14f4c8206e,PerceptualSpeedIndex,twitter,True,twitter PerceptualSpeedIndex opt bytecode-cached cold fission webrender,,77,ms,firefox,443511420.0,1826791272,2024-01-16 16:10:42,608.5,c57d859580d036c47f9c0140e247b012211f6475,1360921,,,,,,,,,,,,,,,,,,,,,,,,,,,,,,,,,,,,,,,,,,,,,,,,,,,,,,,,,,,,,TN,TN
autoland,4405952,13,ad8d5d1385265583919f5a224e1153902b6eef60,macosx1015-64-shippable-qr,True,False,,|b|y|t|e|c|o|d|e|-|c|a|c|h|e|d| |c|o|l|d| |f|i|s|s|i|o|n| |w|e|b|r|e|n|d|e|r|,102210fe594ee9b33d82058545b1ed14f4c8206e,PerceptualSpeedIndex,twitter,True,twitter PerceptualSpeedIndex opt bytecode-cached cold fission webrender,,77,ms,firefox,443520499.0,1826828054,2024-01-16 18:47:57,598.1,70d83d705e48aa6e7e7f765142176e775044db26,1361053,,,,,,,,,,,,,,,,,,,,,,,,,,,,,,,,,,,,,,,,,,,,,,,,,,,,,,,,,,,,,TN,TN
autoland,4405952,13,ad8d5d1385265583919f5a224e1153902b6eef60,macosx1015-64-shippable-qr,True,False,,|b|y|t|e|c|o|d|e|-|c|a|c|h|e|d| |c|o|l|d| |f|i|s|s|i|o|n| |w|e|b|r|e|n|d|e|r|,102210fe594ee9b33d82058545b1ed14f4c8206e,PerceptualSpeedIndex,twitter,True,twitter PerceptualSpeedIndex opt bytecode-cached cold fission webrender,,77,ms,firefox,443539544.0,1826888442,2024-01-16 21:05:47,610.1,be11cd2890f611f1552236eed7ffe53fba913a46,1361171,,,,,,,,,,,,,,,,,,,,,,,,,,,,,,,,,,,,,,,,,,,,,,,,,,,,,,,,,,,,,TN,TN
autoland,4405952,13,ad8d5d1385265583919f5a224e1153902b6eef60,macosx1015-64-shippable-qr,True,False,,|b|y|t|e|c|o|d|e|-|c|a|c|h|e|d| |c|o|l|d| |f|i|s|s|i|o|n| |w|e|b|r|e|n|d|e|r|,102210fe594ee9b33d82058545b1ed14f4c8206e,PerceptualSpeedIndex,twitter,True,twitter PerceptualSpeedIndex opt bytecode-cached cold fission webrender,,77,ms,firefox,443575750.0,1827096946,2024-01-16 21:13:17,597.8,e14244196def7be57366bd3c3b31e7218266e883,1361177,,,,,,,,,,,,,,,,,,,,,,,,,,,,,,,,,,,,,,,,,,,,,,,,,,,,,,,,,,,,,TN,TN
autoland,4405952,13,ad8d5d1385265583919f5a224e1153902b6eef60,macosx1015-64-shippable-qr,True,False,,|b|y|t|e|c|o|d|e|-|c|a|c|h|e|d| |c|o|l|d| |f|i|s|s|i|o|n| |w|e|b|r|e|n|d|e|r|,102210fe594ee9b33d82058545b1ed14f4c8206e,PerceptualSpeedIndex,twitter,True,twitter PerceptualSpeedIndex opt bytecode-cached cold fission webrender,,77,ms,firefox,443573423.0,1827080446,2024-01-16 21:16:43,622.6,7a65679aabcf9e5a522b9fbd3463109e4b2946c2,1361180,,,,,,,,,,,,,,,,,,,,,,,,,,,,,,,,,,,,,,,,,,,,,,,,,,,,,,,,,,,,,TN,TN
autoland,4405952,13,ad8d5d1385265583919f5a224e1153902b6eef60,macosx1015-64-shippable-qr,True,False,,|b|y|t|e|c|o|d|e|-|c|a|c|h|e|d| |c|o|l|d| |f|i|s|s|i|o|n| |w|e|b|r|e|n|d|e|r|,102210fe594ee9b33d82058545b1ed14f4c8206e,PerceptualSpeedIndex,twitter,True,twitter PerceptualSpeedIndex opt bytecode-cached cold fission webrender,,77,ms,firefox,443555136.0,1826961067,2024-01-17 00:27:37,593.0,2425c93f20f61b806df955141332d7cb553c6efb,1361277,,,,,,,,,,,,,,,,,,,,,,,,,,,,,,,,,,,,,,,,,,,,,,,,,,,,,,,,,,,,,TN,TN
autoland,4405952,13,ad8d5d1385265583919f5a224e1153902b6eef60,macosx1015-64-shippable-qr,True,False,,|b|y|t|e|c|o|d|e|-|c|a|c|h|e|d| |c|o|l|d| |f|i|s|s|i|o|n| |w|e|b|r|e|n|d|e|r|,102210fe594ee9b33d82058545b1ed14f4c8206e,PerceptualSpeedIndex,twitter,True,twitter PerceptualSpeedIndex opt bytecode-cached cold fission webrender,,77,ms,firefox,443573735.0,1827081274,2024-01-17 05:04:36,602.1,71000174812fc0992b6793e53ac5f11f1b87bdc0,1361364,,,,,,,,,,,,,,,,,,,,,,,,,,,,,,,,,,,,,,,,,,,,,,,,,,,,,,,,,,,,,TN,TN
autoland,4405952,13,ad8d5d1385265583919f5a224e1153902b6eef60,macosx1015-64-shippable-qr,True,False,,|b|y|t|e|c|o|d|e|-|c|a|c|h|e|d| |c|o|l|d| |f|i|s|s|i|o|n| |w|e|b|r|e|n|d|e|r|,102210fe594ee9b33d82058545b1ed14f4c8206e,PerceptualSpeedIndex,twitter,True,twitter PerceptualSpeedIndex opt bytecode-cached cold fission webrender,,77,ms,firefox,443609487.0,1827229520,2024-01-17 09:39:35,595.9,504ffc20d2ebb35be48357830d614ec96765c802,1361428,,,,,,,,,,,,,,,,,,,,,,,,,,,,,,,,,,,,,,,,,,,,,,,,,,,,,,,,,,,,,TN,TN
autoland,4405952,13,ad8d5d1385265583919f5a224e1153902b6eef60,macosx1015-64-shippable-qr,True,False,,|b|y|t|e|c|o|d|e|-|c|a|c|h|e|d| |c|o|l|d| |f|i|s|s|i|o|n| |w|e|b|r|e|n|d|e|r|,102210fe594ee9b33d82058545b1ed14f4c8206e,PerceptualSpeedIndex,twitter,True,twitter PerceptualSpeedIndex opt bytecode-cached cold fission webrender,,77,ms,firefox,443621474.0,1827251630,2024-01-17 11:04:44,595.1,362d9aca9e101b9ee8f7efe2a7c456e245e6313c,1361499,,,,,,,,,,,,,,,,,,,,,,,,,,,,,,,,,,,,,,,,,,,,,,,,,,,,,,,,,,,,,TN,TN
autoland,4405952,13,ad8d5d1385265583919f5a224e1153902b6eef60,macosx1015-64-shippable-qr,True,False,,|b|y|t|e|c|o|d|e|-|c|a|c|h|e|d| |c|o|l|d| |f|i|s|s|i|o|n| |w|e|b|r|e|n|d|e|r|,102210fe594ee9b33d82058545b1ed14f4c8206e,PerceptualSpeedIndex,twitter,True,twitter PerceptualSpeedIndex opt bytecode-cached cold fission webrender,,77,ms,firefox,443737601.0,1827832386,2024-01-17 14:10:14,617.7,a4394526f54b75a6396802e446f5c6741b17bfdd,1361593,,,,,,,,,,,,,,,,,,,,,,,,,,,,,,,,,,,,,,,,,,,,,,,,,,,,,,,,,,,,,TN,TN
autoland,4405952,13,ad8d5d1385265583919f5a224e1153902b6eef60,macosx1015-64-shippable-qr,True,False,,|b|y|t|e|c|o|d|e|-|c|a|c|h|e|d| |c|o|l|d| |f|i|s|s|i|o|n| |w|e|b|r|e|n|d|e|r|,102210fe594ee9b33d82058545b1ed14f4c8206e,PerceptualSpeedIndex,twitter,True,twitter PerceptualSpeedIndex opt bytecode-cached cold fission webrender,,77,ms,firefox,443735982.0,1827817129,2024-01-17 14:11:04,593.4,51ded5545163f1a0a3ff3790e9a25c0351e5d7b6,1361596,,,,,,,,,,,,,,,,,,,,,,,,,,,,,,,,,,,,,,,,,,,,,,,,,,,,,,,,,,,,,TN,TN
autoland,4405952,13,ad8d5d1385265583919f5a224e1153902b6eef60,macosx1015-64-shippable-qr,True,False,,|b|y|t|e|c|o|d|e|-|c|a|c|h|e|d| |c|o|l|d| |f|i|s|s|i|o|n| |w|e|b|r|e|n|d|e|r|,102210fe594ee9b33d82058545b1ed14f4c8206e,PerceptualSpeedIndex,twitter,True,twitter PerceptualSpeedIndex opt bytecode-cached cold fission webrender,,77,ms,firefox,443672835.0,1827438056,2024-01-17 15:07:48,611.9,848e3e2acdf34af9e6862b8a77a8d1ea39c48098,1361632,,,,,,,,,,,,,,,,,,,,,,,,,,,,,,,,,,,,,,,,,,,,,,,,,,,,,,,,,,,,,TN,TN
autoland,4405952,13,ad8d5d1385265583919f5a224e1153902b6eef60,macosx1015-64-shippable-qr,True,False,,|b|y|t|e|c|o|d|e|-|c|a|c|h|e|d| |c|o|l|d| |f|i|s|s|i|o|n| |w|e|b|r|e|n|d|e|r|,102210fe594ee9b33d82058545b1ed14f4c8206e,PerceptualSpeedIndex,twitter,True,twitter PerceptualSpeedIndex opt bytecode-cached cold fission webrender,,77,ms,firefox,443673298.0,1827449809,2024-01-17 15:18:54,608.6,a11dab561c63102a4ed97f42068f448ec332c652,1361644,,,,,,,,,,,,,,,,,,,,,,,,,,,,,,,,,,,,,,,,,,,,,,,,,,,,,,,,,,,,,TN,TN
autoland,4405952,13,ad8d5d1385265583919f5a224e1153902b6eef60,macosx1015-64-shippable-qr,True,False,,|b|y|t|e|c|o|d|e|-|c|a|c|h|e|d| |c|o|l|d| |f|i|s|s|i|o|n| |w|e|b|r|e|n|d|e|r|,102210fe594ee9b33d82058545b1ed14f4c8206e,PerceptualSpeedIndex,twitter,True,twitter PerceptualSpeedIndex opt bytecode-cached cold fission webrender,,77,ms,firefox,443716818.0,1827679535,2024-01-17 23:49:06,606.5,fe239ad8a8aea4198d356ae3ab92415c5237b530,1361957,,,,,,,,,,,,,,,,,,,,,,,,,,,,,,,,,,,,,,,,,,,,,,,,,,,,,,,,,,,,,TN,TN
autoland,4405952,13,ad8d5d1385265583919f5a224e1153902b6eef60,macosx1015-64-shippable-qr,True,False,,|b|y|t|e|c|o|d|e|-|c|a|c|h|e|d| |c|o|l|d| |f|i|s|s|i|o|n| |w|e|b|r|e|n|d|e|r|,102210fe594ee9b33d82058545b1ed14f4c8206e,PerceptualSpeedIndex,twitter,True,twitter PerceptualSpeedIndex opt bytecode-cached cold fission webrender,,77,ms,firefox,443719636.0,1827709073,2024-01-17 23:52:50,622.6,79a6322a49b2f811fe674c1802ab75b99d9c95a3,1361961,,,,,,,,,,,,,,,,,,,,,,,,,,,,,,,,,,,,,,,,,,,,,,,,,,,,,,,,,,,,,TN,TN
autoland,4405952,13,ad8d5d1385265583919f5a224e1153902b6eef60,macosx1015-64-shippable-qr,True,False,,|b|y|t|e|c|o|d|e|-|c|a|c|h|e|d| |c|o|l|d| |f|i|s|s|i|o|n| |w|e|b|r|e|n|d|e|r|,102210fe594ee9b33d82058545b1ed14f4c8206e,PerceptualSpeedIndex,twitter,True,twitter PerceptualSpeedIndex opt bytecode-cached cold fission webrender,,77,ms,firefox,443726796.0,1827755213,2024-01-18 01:49:32,575.3,c38d482445a0c034ac7b8fc0219092fccdbc58b2,1362034,,,,,,,,,,,,,,,,,,,,,,,,,,,,,,,,,,,,,,,,,,,,,,,,,,,,,,,,,,,,,TN,TN
autoland,4405952,13,ad8d5d1385265583919f5a224e1153902b6eef60,macosx1015-64-shippable-qr,True,False,,|b|y|t|e|c|o|d|e|-|c|a|c|h|e|d| |c|o|l|d| |f|i|s|s|i|o|n| |w|e|b|r|e|n|d|e|r|,102210fe594ee9b33d82058545b1ed14f4c8206e,PerceptualSpeedIndex,twitter,True,twitter PerceptualSpeedIndex opt bytecode-cached cold fission webrender,,77,ms,firefox,443756823.0,1827907407,2024-01-18 06:50:06,612.2,a505d6315623943fb581b7f21beece40fc6faf17,1362092,,,,,,,,,,,,,,,,,,,,,,,,,,,,,,,,,,,,,,,,,,,,,,,,,,,,,,,,,,,,,TN,TN
autoland,4405952,13,ad8d5d1385265583919f5a224e1153902b6eef60,macosx1015-64-shippable-qr,True,False,,|b|y|t|e|c|o|d|e|-|c|a|c|h|e|d| |c|o|l|d| |f|i|s|s|i|o|n| |w|e|b|r|e|n|d|e|r|,102210fe594ee9b33d82058545b1ed14f4c8206e,PerceptualSpeedIndex,twitter,True,twitter PerceptualSpeedIndex opt bytecode-cached cold fission webrender,,77,ms,firefox,444580057.0,1831975989,2024-01-18 06:50:06,607.5,a505d6315623943fb581b7f21beece40fc6faf17,1362092,,,,,,,,,,,,,,,,,,,,,,,,,,,,,,,,,,,,,,,,,,,,,,,,,,,,,,,,,,,,,TN,TN
autoland,4405952,13,ad8d5d1385265583919f5a224e1153902b6eef60,macosx1015-64-shippable-qr,True,False,,|b|y|t|e|c|o|d|e|-|c|a|c|h|e|d| |c|o|l|d| |f|i|s|s|i|o|n| |w|e|b|r|e|n|d|e|r|,102210fe594ee9b33d82058545b1ed14f4c8206e,PerceptualSpeedIndex,twitter,True,twitter PerceptualSpeedIndex opt bytecode-cached cold fission webrender,,77,ms,firefox,444580112.0,1831976138,2024-01-18 06:50:06,614.9,a505d6315623943fb581b7f21beece40fc6faf17,1362092,,,,,,,,,,,,,,,,,,,,,,,,,,,,,,,,,,,,,,,,,,,,,,,,,,,,,,,,,,,,,TN,TN
autoland,4405952,13,ad8d5d1385265583919f5a224e1153902b6eef60,macosx1015-64-shippable-qr,True,False,,|b|y|t|e|c|o|d|e|-|c|a|c|h|e|d| |c|o|l|d| |f|i|s|s|i|o|n| |w|e|b|r|e|n|d|e|r|,102210fe594ee9b33d82058545b1ed14f4c8206e,PerceptualSpeedIndex,twitter,True,twitter PerceptualSpeedIndex opt bytecode-cached cold fission webrender,,77,ms,firefox,444580047.0,1831977685,2024-01-18 07:02:41,614.4,842adcf822fc168da5c9a2745cacfe10d05a0d8b,1362099,,,,,,,,,,,,,,,,,,,,,,,,,,,,,,,,,,,,,,,,,,,,,,,,,,,,,,,,,,,,,TN,TN
autoland,4405952,13,ad8d5d1385265583919f5a224e1153902b6eef60,macosx1015-64-shippable-qr,True,False,,|b|y|t|e|c|o|d|e|-|c|a|c|h|e|d| |c|o|l|d| |f|i|s|s|i|o|n| |w|e|b|r|e|n|d|e|r|,102210fe594ee9b33d82058545b1ed14f4c8206e,PerceptualSpeedIndex,twitter,True,twitter PerceptualSpeedIndex opt bytecode-cached cold fission webrender,,77,ms,firefox,444580111.0,1831976560,2024-01-18 07:02:41,605.5,842adcf822fc168da5c9a2745cacfe10d05a0d8b,1362099,,,,,,,,,,,,,,,,,,,,,,,,,,,,,,,,,,,,,,,,,,,,,,,,,,,,,,,,,,,,,TN,TN
autoland,4405952,13,ad8d5d1385265583919f5a224e1153902b6eef60,macosx1015-64-shippable-qr,True,False,,|b|y|t|e|c|o|d|e|-|c|a|c|h|e|d| |c|o|l|d| |f|i|s|s|i|o|n| |w|e|b|r|e|n|d|e|r|,102210fe594ee9b33d82058545b1ed14f4c8206e,PerceptualSpeedIndex,twitter,True,twitter PerceptualSpeedIndex opt bytecode-cached cold fission webrender,,77,ms,firefox,444580053.0,1831976014,2024-01-18 07:08:03,603.9,b99c279d3a01dbaa4447662211a6aebc83e2cd33,1362102,,,,,,,,,,,,,,,,,,,,,,,,,,,,,,,,,,,,,,,,,,,,,,,,,,,,,,,,,,,,,TN,TN
autoland,4405952,13,ad8d5d1385265583919f5a224e1153902b6eef60,macosx1015-64-shippable-qr,True,False,,|b|y|t|e|c|o|d|e|-|c|a|c|h|e|d| |c|o|l|d| |f|i|s|s|i|o|n| |w|e|b|r|e|n|d|e|r|,102210fe594ee9b33d82058545b1ed14f4c8206e,PerceptualSpeedIndex,twitter,True,twitter PerceptualSpeedIndex opt bytecode-cached cold fission webrender,,77,ms,firefox,444580107.0,1831976110,2024-01-18 07:08:03,586.8,b99c279d3a01dbaa4447662211a6aebc83e2cd33,1362102,,,,,,,,,,,,,,,,,,,,,,,,,,,,,,,,,,,,,,,,,,,,,,,,,,,,,,,,,,,,,TN,TN
autoland,4405952,13,ad8d5d1385265583919f5a224e1153902b6eef60,macosx1015-64-shippable-qr,True,False,,|b|y|t|e|c|o|d|e|-|c|a|c|h|e|d| |c|o|l|d| |f|i|s|s|i|o|n| |w|e|b|r|e|n|d|e|r|,102210fe594ee9b33d82058545b1ed14f4c8206e,PerceptualSpeedIndex,twitter,True,twitter PerceptualSpeedIndex opt bytecode-cached cold fission webrender,,77,ms,firefox,444580051.0,1831975252,2024-01-18 07:15:13,604.6,ec2f6ca29b9e512436a034bcc95fc8a3b1f1aa45,1362103,,,,,,,,,,,,,,,,,,,,,,,,,,,,,,,,,,,,,,,,,,,,,,,,,,,,,,,,,,,,,TN,TN
autoland,4405952,13,ad8d5d1385265583919f5a224e1153902b6eef60,macosx1015-64-shippable-qr,True,False,,|b|y|t|e|c|o|d|e|-|c|a|c|h|e|d| |c|o|l|d| |f|i|s|s|i|o|n| |w|e|b|r|e|n|d|e|r|,102210fe594ee9b33d82058545b1ed14f4c8206e,PerceptualSpeedIndex,twitter,True,twitter PerceptualSpeedIndex opt bytecode-cached cold fission webrender,,77,ms,firefox,444580256.0,1831977422,2024-01-18 07:15:13,595.5,ec2f6ca29b9e512436a034bcc95fc8a3b1f1aa45,1362103,,,,,,,,,,,,,,,,,,,,,,,,,,,,,,,,,,,,,,,,,,,,,,,,,,,,,,,,,,,,,TN,TN
autoland,4405952,13,ad8d5d1385265583919f5a224e1153902b6eef60,macosx1015-64-shippable-qr,True,False,,|b|y|t|e|c|o|d|e|-|c|a|c|h|e|d| |c|o|l|d| |f|i|s|s|i|o|n| |w|e|b|r|e|n|d|e|r|,102210fe594ee9b33d82058545b1ed14f4c8206e,PerceptualSpeedIndex,twitter,True,twitter PerceptualSpeedIndex opt bytecode-cached cold fission webrender,,77,ms,firefox,444580055.0,1831975560,2024-01-18 07:44:53,605.7,8f688ebed34e24b876330dc1811d16f542552354,1362115,,,,,,,,,,,,,,,,,,,,,,,,,,,,,,,,,,,,,,,,,,,,,,,,,,,,,,,,,,,,,TN,TN
autoland,4405952,13,ad8d5d1385265583919f5a224e1153902b6eef60,macosx1015-64-shippable-qr,True,False,,|b|y|t|e|c|o|d|e|-|c|a|c|h|e|d| |c|o|l|d| |f|i|s|s|i|o|n| |w|e|b|r|e|n|d|e|r|,102210fe594ee9b33d82058545b1ed14f4c8206e,PerceptualSpeedIndex,twitter,True,twitter PerceptualSpeedIndex opt bytecode-cached cold fission webrender,,77,ms,firefox,444580109.0,1831977772,2024-01-18 07:44:53,761.5,8f688ebed34e24b876330dc1811d16f542552354,1362115,,,,,,,,,,,,,,,,,,,,,,,,,,,,,,,,,,,,,,,,,,,,,,,,,,,,,,,,,,,,,TN,TN
autoland,4405952,13,ad8d5d1385265583919f5a224e1153902b6eef60,macosx1015-64-shippable-qr,True,False,,|b|y|t|e|c|o|d|e|-|c|a|c|h|e|d| |c|o|l|d| |f|i|s|s|i|o|n| |w|e|b|r|e|n|d|e|r|,102210fe594ee9b33d82058545b1ed14f4c8206e,PerceptualSpeedIndex,twitter,True,twitter PerceptualSpeedIndex opt bytecode-cached cold fission webrender,,77,ms,firefox,444580052.0,1831975500,2024-01-18 08:39:28,606.6,cb7f55b1b973c4a8d7462df283879d087fc23045,1362139,,,,,,,,,,,,,,,,,,,,,,,,,,,,,,,,,,,,,,,,,,,,,,,,,,,,,,,,,,,,,TN,TN
autoland,4405952,13,ad8d5d1385265583919f5a224e1153902b6eef60,macosx1015-64-shippable-qr,True,False,,|b|y|t|e|c|o|d|e|-|c|a|c|h|e|d| |c|o|l|d| |f|i|s|s|i|o|n| |w|e|b|r|e|n|d|e|r|,102210fe594ee9b33d82058545b1ed14f4c8206e,PerceptualSpeedIndex,twitter,True,twitter PerceptualSpeedIndex opt bytecode-cached cold fission webrender,,77,ms,firefox,444580110.0,1831976536,2024-01-18 08:39:28,598.6,cb7f55b1b973c4a8d7462df283879d087fc23045,1362139,,,,,,,,,,,,,,,,,,,,,,,,,,,,,,,,,,,,,,,,,,,,,,,,,,,,,,,,,,,,,TN,TN
autoland,4405952,13,ad8d5d1385265583919f5a224e1153902b6eef60,macosx1015-64-shippable-qr,True,False,,|b|y|t|e|c|o|d|e|-|c|a|c|h|e|d| |c|o|l|d| |f|i|s|s|i|o|n| |w|e|b|r|e|n|d|e|r|,102210fe594ee9b33d82058545b1ed14f4c8206e,PerceptualSpeedIndex,twitter,True,twitter PerceptualSpeedIndex opt bytecode-cached cold fission webrender,,77,ms,firefox,444580056.0,1831975488,2024-01-18 09:13:04,598.9,2916a04fa1be98f705d99257f771050fbc179e06,1362154,,,,,,,,,,,,,,,,,,,,,,,,,,,,,,,,,,,,,,,,,,,,,,,,,,,,,,,,,,,,,TN,TN
autoland,4405952,13,ad8d5d1385265583919f5a224e1153902b6eef60,macosx1015-64-shippable-qr,True,False,,|b|y|t|e|c|o|d|e|-|c|a|c|h|e|d| |c|o|l|d| |f|i|s|s|i|o|n| |w|e|b|r|e|n|d|e|r|,102210fe594ee9b33d82058545b1ed14f4c8206e,PerceptualSpeedIndex,twitter,True,twitter PerceptualSpeedIndex opt bytecode-cached cold fission webrender,,77,ms,firefox,444580113.0,1831976792,2024-01-18 09:13:04,641.2,2916a04fa1be98f705d99257f771050fbc179e06,1362154,,,,,,,,,,,,,,,,,,,,,,,,,,,,,,,,,,,,,,,,,,,,,,,,,,,,,,,,,,,,,TN,TN
autoland,4405952,13,ad8d5d1385265583919f5a224e1153902b6eef60,macosx1015-64-shippable-qr,True,False,,|b|y|t|e|c|o|d|e|-|c|a|c|h|e|d| |c|o|l|d| |f|i|s|s|i|o|n| |w|e|b|r|e|n|d|e|r|,102210fe594ee9b33d82058545b1ed14f4c8206e,PerceptualSpeedIndex,twitter,True,twitter PerceptualSpeedIndex opt bytecode-cached cold fission webrender,,77,ms,firefox,444580070.0,1831976257,2024-01-18 10:28:42,611.6,60c297a70f0e3eb084407c8ebdea2e1ab6681b07,1362177,,,,,,,,,,,,,,,,,,,,,,,,,,,,,,,,,,,,,,,,,,,,,,,,,,,,,,,,,,,,,TN,TN
autoland,4405952,13,ad8d5d1385265583919f5a224e1153902b6eef60,macosx1015-64-shippable-qr,True,False,,|b|y|t|e|c|o|d|e|-|c|a|c|h|e|d| |c|o|l|d| |f|i|s|s|i|o|n| |w|e|b|r|e|n|d|e|r|,102210fe594ee9b33d82058545b1ed14f4c8206e,PerceptualSpeedIndex,twitter,True,twitter PerceptualSpeedIndex opt bytecode-cached cold fission webrender,,77,ms,firefox,444580114.0,1831977063,2024-01-18 10:28:42,588.1,60c297a70f0e3eb084407c8ebdea2e1ab6681b07,1362177,,,,,,,,,,,,,,,,,,,,,,,,,,,,,,,,,,,,,,,,,,,,,,,,,,,,,,,,,,,,,TN,TN
autoland,4405952,13,ad8d5d1385265583919f5a224e1153902b6eef60,macosx1015-64-shippable-qr,True,False,,|b|y|t|e|c|o|d|e|-|c|a|c|h|e|d| |c|o|l|d| |f|i|s|s|i|o|n| |w|e|b|r|e|n|d|e|r|,102210fe594ee9b33d82058545b1ed14f4c8206e,PerceptualSpeedIndex,twitter,True,twitter PerceptualSpeedIndex opt bytecode-cached cold fission webrender,,77,ms,firefox,443780707.0,1828043405,2024-01-18 10:52:50,660.6,0688ca401470034e41e10f2480620e88cac2700f,1362184,,,,,,,,,,,,,,,,,,,,,,,,,,,,,,,,,,,,,,,,,,,,,,,,,,,,,,,,,,,,,TN,TN
autoland,4405952,13,ad8d5d1385265583919f5a224e1153902b6eef60,macosx1015-64-shippable-qr,True,False,,|b|y|t|e|c|o|d|e|-|c|a|c|h|e|d| |c|o|l|d| |f|i|s|s|i|o|n| |w|e|b|r|e|n|d|e|r|,102210fe594ee9b33d82058545b1ed14f4c8206e,PerceptualSpeedIndex,twitter,True,twitter PerceptualSpeedIndex opt bytecode-cached cold fission webrender,,77,ms,firefox,444580019.0,1831975100,2024-01-18 10:52:50,610.2,0688ca401470034e41e10f2480620e88cac2700f,1362184,,,,,,,,,,,,,,,,,,,,,,,,,,,,,,,,,,,,,,,,,,,,,,,,,,,,,,,,,,,,,TN,TN
autoland,4405952,13,ad8d5d1385265583919f5a224e1153902b6eef60,macosx1015-64-shippable-qr,True,False,,|b|y|t|e|c|o|d|e|-|c|a|c|h|e|d| |c|o|l|d| |f|i|s|s|i|o|n| |w|e|b|r|e|n|d|e|r|,102210fe594ee9b33d82058545b1ed14f4c8206e,PerceptualSpeedIndex,twitter,True,twitter PerceptualSpeedIndex opt bytecode-cached cold fission webrender,,77,ms,firefox,444580031.0,1831974979,2024-01-18 10:52:50,607.9,0688ca401470034e41e10f2480620e88cac2700f,1362184,,,,,,,,,,,,,,,,,,,,,,,,,,,,,,,,,,,,,,,,,,,,,,,,,,,,,,,,,,,,,TN,TN
autoland,4405952,13,ad8d5d1385265583919f5a224e1153902b6eef60,macosx1015-64-shippable-qr,True,False,,|b|y|t|e|c|o|d|e|-|c|a|c|h|e|d| |c|o|l|d| |f|i|s|s|i|o|n| |w|e|b|r|e|n|d|e|r|,102210fe594ee9b33d82058545b1ed14f4c8206e,PerceptualSpeedIndex,twitter,True,twitter PerceptualSpeedIndex opt bytecode-cached cold fission webrender,,77,ms,firefox,444580048.0,1831975318,2024-01-18 10:52:50,607.2,0688ca401470034e41e10f2480620e88cac2700f,1362184,,,,,,,,,,,,,,,,,,,,,,,,,,,,,,,,,,,,,,,,,,,,,,,,,,,,,,,,,,,,,TN,TN
autoland,4405952,13,ad8d5d1385265583919f5a224e1153902b6eef60,macosx1015-64-shippable-qr,True,False,,|b|y|t|e|c|o|d|e|-|c|a|c|h|e|d| |c|o|l|d| |f|i|s|s|i|o|n| |w|e|b|r|e|n|d|e|r|,102210fe594ee9b33d82058545b1ed14f4c8206e,PerceptualSpeedIndex,twitter,True,twitter PerceptualSpeedIndex opt bytecode-cached cold fission webrender,,77,ms,firefox,444580050.0,1831975210,2024-01-18 10:52:50,701.8,0688ca401470034e41e10f2480620e88cac2700f,1362184,,,,,,,,,,,,,,,,,,,,,,,,,,,,,,,,,,,,,,,,,,,,,,,,,,,,,,,,,,,,,TN,TN
autoland,4405952,13,ad8d5d1385265583919f5a224e1153902b6eef60,macosx1015-64-shippable-qr,True,False,,|b|y|t|e|c|o|d|e|-|c|a|c|h|e|d| |c|o|l|d| |f|i|s|s|i|o|n| |w|e|b|r|e|n|d|e|r|,102210fe594ee9b33d82058545b1ed14f4c8206e,PerceptualSpeedIndex,twitter,True,twitter PerceptualSpeedIndex opt bytecode-cached cold fission webrender,,77,ms,firefox,444580146.0,1831976726,2024-01-18 10:52:50,597.7,0688ca401470034e41e10f2480620e88cac2700f,1362184,,,,,,,,,,,,,,,,,,,,,,,,,,,,,,,,,,,,,,,,,,,,,,,,,,,,,,,,,,,,,TN,TN
autoland,4405952,13,ad8d5d1385265583919f5a224e1153902b6eef60,macosx1015-64-shippable-qr,True,False,,|b|y|t|e|c|o|d|e|-|c|a|c|h|e|d| |c|o|l|d| |f|i|s|s|i|o|n| |w|e|b|r|e|n|d|e|r|,102210fe594ee9b33d82058545b1ed14f4c8206e,PerceptualSpeedIndex,twitter,True,twitter PerceptualSpeedIndex opt bytecode-cached cold fission webrender,,77,ms,firefox,444580150.0,1831976693,2024-01-18 10:52:50,634.8,0688ca401470034e41e10f2480620e88cac2700f,1362184,,,,,,,,,,,,,,,,,,,,,,,,,,,,,,,,,,,,,,,,,,,,,,,,,,,,,,,,,,,,,TN,TN
autoland,4405952,13,ad8d5d1385265583919f5a224e1153902b6eef60,macosx1015-64-shippable-qr,True,False,,|b|y|t|e|c|o|d|e|-|c|a|c|h|e|d| |c|o|l|d| |f|i|s|s|i|o|n| |w|e|b|r|e|n|d|e|r|,102210fe594ee9b33d82058545b1ed14f4c8206e,PerceptualSpeedIndex,twitter,True,twitter PerceptualSpeedIndex opt bytecode-cached cold fission webrender,,77,ms,firefox,443896170.0,1828648449,2024-01-18 11:51:21,645.7,b0cfcec88155f8d78471d5ec65ef775e7f6b2eb5,1362206,,,,,,,,,,,,,,,,,,,,,,,,,,,,,,,,,,,,,,,,,,,,,,,,,,,,,,,,,,,,,TN,TN
autoland,4405952,13,ad8d5d1385265583919f5a224e1153902b6eef60,macosx1015-64-shippable-qr,True,False,,|b|y|t|e|c|o|d|e|-|c|a|c|h|e|d| |c|o|l|d| |f|i|s|s|i|o|n| |w|e|b|r|e|n|d|e|r|,102210fe594ee9b33d82058545b1ed14f4c8206e,PerceptualSpeedIndex,twitter,True,twitter PerceptualSpeedIndex opt bytecode-cached cold fission webrender,,77,ms,firefox,443896734.0,1828649324,2024-01-18 11:53:45,662.2,be072303feafdac9f5574eb97613a65b9784d9b7,1362207,,,,,,,,,,,,,,,,,,,,,,,,,,,,,,,,,,,,,,,,,,,,,,,,,,,,,,,,,,,,,TN,TN
autoland,4405952,13,ad8d5d1385265583919f5a224e1153902b6eef60,macosx1015-64-shippable-qr,True,False,,|b|y|t|e|c|o|d|e|-|c|a|c|h|e|d| |c|o|l|d| |f|i|s|s|i|o|n| |w|e|b|r|e|n|d|e|r|,102210fe594ee9b33d82058545b1ed14f4c8206e,PerceptualSpeedIndex,twitter,True,twitter PerceptualSpeedIndex opt bytecode-cached cold fission webrender,,77,ms,firefox,443800644.0,1828148904,2024-01-18 13:21:23,638.9,68ff26df33468fe750b39f175b43b8507718ece4,1362232,,,,,,,,,,,,,,,,,,,,,,,,,,,,,,,,,,,,,,,,,,,,,,,,,,,,,,,,,,,,,TN,TN
autoland,4405952,13,ad8d5d1385265583919f5a224e1153902b6eef60,macosx1015-64-shippable-qr,True,False,,|b|y|t|e|c|o|d|e|-|c|a|c|h|e|d| |c|o|l|d| |f|i|s|s|i|o|n| |w|e|b|r|e|n|d|e|r|,102210fe594ee9b33d82058545b1ed14f4c8206e,PerceptualSpeedIndex,twitter,True,twitter PerceptualSpeedIndex opt bytecode-cached cold fission webrender,,77,ms,firefox,443894485.0,1828632635,2024-01-18 16:01:44,604.6,b3320921a0a66b56eb50ebd3bd8baf0ebd8d44d2,1362331,,,,,,,,,,,,,,,,,,,,,,,,,,,,,,,,,,,,,,,,,,,,,,,,,,,,,,,,,,,,,TN,TN
autoland,4405952,13,ad8d5d1385265583919f5a224e1153902b6eef60,macosx1015-64-shippable-qr,True,False,,|b|y|t|e|c|o|d|e|-|c|a|c|h|e|d| |c|o|l|d| |f|i|s|s|i|o|n| |w|e|b|r|e|n|d|e|r|,102210fe594ee9b33d82058545b1ed14f4c8206e,PerceptualSpeedIndex,twitter,True,twitter PerceptualSpeedIndex opt bytecode-cached cold fission webrender,,77,ms,firefox,443894585.0,1828634574,2024-01-18 16:29:27,655.2,da092d881d44f60e7c5ae33f596dcdf706117ced,1362347,,,,,,,,,,,,,,,,,,,,,,,,,,,,,,,,,,,,,,,,,,,,,,,,,,,,,,,,,,,,,TN,TN
autoland,4405952,13,ad8d5d1385265583919f5a224e1153902b6eef60,macosx1015-64-shippable-qr,True,False,,|b|y|t|e|c|o|d|e|-|c|a|c|h|e|d| |c|o|l|d| |f|i|s|s|i|o|n| |w|e|b|r|e|n|d|e|r|,102210fe594ee9b33d82058545b1ed14f4c8206e,PerceptualSpeedIndex,twitter,True,twitter PerceptualSpeedIndex opt bytecode-cached cold fission webrender,,77,ms,firefox,443830203.0,1828334655,2024-01-18 17:52:02,677.7,2b70f662a79773d519e78f0b8b64723a20b1e788,1362427,,,,,,,,,,,,,,,,,,,,,,,,,,,,,,,,,,,,,,,,,,,,,,,,,,,,,,,,,,,,,TN,TN
autoland,4405952,13,ad8d5d1385265583919f5a224e1153902b6eef60,macosx1015-64-shippable-qr,True,False,,|b|y|t|e|c|o|d|e|-|c|a|c|h|e|d| |c|o|l|d| |f|i|s|s|i|o|n| |w|e|b|r|e|n|d|e|r|,102210fe594ee9b33d82058545b1ed14f4c8206e,PerceptualSpeedIndex,twitter,True,twitter PerceptualSpeedIndex opt bytecode-cached cold fission webrender,,77,ms,firefox,444599003.0,1832039222,2024-01-18 17:52:02,611.0,2b70f662a79773d519e78f0b8b64723a20b1e788,1362427,,,,,,,,,,,,,,,,,,,,,,,,,,,,,,,,,,,,,,,,,,,,,,,,,,,,,,,,,,,,,TN,TN
autoland,4405952,13,ad8d5d1385265583919f5a224e1153902b6eef60,macosx1015-64-shippable-qr,True,False,,|b|y|t|e|c|o|d|e|-|c|a|c|h|e|d| |c|o|l|d| |f|i|s|s|i|o|n| |w|e|b|r|e|n|d|e|r|,102210fe594ee9b33d82058545b1ed14f4c8206e,PerceptualSpeedIndex,twitter,True,twitter PerceptualSpeedIndex opt bytecode-cached cold fission webrender,,77,ms,firefox,444599048.0,1832039269,2024-01-18 17:52:02,609.4,2b70f662a79773d519e78f0b8b64723a20b1e788,1362427,,,,,,,,,,,,,,,,,,,,,,,,,,,,,,,,,,,,,,,,,,,,,,,,,,,,,,,,,,,,,TN,TN
autoland,4405952,13,ad8d5d1385265583919f5a224e1153902b6eef60,macosx1015-64-shippable-qr,True,False,,|b|y|t|e|c|o|d|e|-|c|a|c|h|e|d| |c|o|l|d| |f|i|s|s|i|o|n| |w|e|b|r|e|n|d|e|r|,102210fe594ee9b33d82058545b1ed14f4c8206e,PerceptualSpeedIndex,twitter,True,twitter PerceptualSpeedIndex opt bytecode-cached cold fission webrender,,77,ms,firefox,444599050.0,1832039198,2024-01-18 17:52:02,605.0,2b70f662a79773d519e78f0b8b64723a20b1e788,1362427,,,,,,,,,,,,,,,,,,,,,,,,,,,,,,,,,,,,,,,,,,,,,,,,,,,,,,,,,,,,,TN,TN
autoland,4405952,13,ad8d5d1385265583919f5a224e1153902b6eef60,macosx1015-64-shippable-qr,True,False,,|b|y|t|e|c|o|d|e|-|c|a|c|h|e|d| |c|o|l|d| |f|i|s|s|i|o|n| |w|e|b|r|e|n|d|e|r|,102210fe594ee9b33d82058545b1ed14f4c8206e,PerceptualSpeedIndex,twitter,True,twitter PerceptualSpeedIndex opt bytecode-cached cold fission webrender,,77,ms,firefox,443875412.0,1828513239,2024-01-18 23:10:50,649.6,ef9ad6a28dae5d4efbe723dde5068cfdde493918,1362632,,,,,,,,,,,,,,,,,,,,,,,,,,,,,,,,,,,,,,,,,,,,,,,,,,,,,,,,,,,,,TN,TN
autoland,4405952,13,ad8d5d1385265583919f5a224e1153902b6eef60,macosx1015-64-shippable-qr,True,False,,|b|y|t|e|c|o|d|e|-|c|a|c|h|e|d| |c|o|l|d| |f|i|s|s|i|o|n| |w|e|b|r|e|n|d|e|r|,102210fe594ee9b33d82058545b1ed14f4c8206e,PerceptualSpeedIndex,twitter,True,twitter PerceptualSpeedIndex opt bytecode-cached cold fission webrender,,77,ms,firefox,444593528.0,1832003389,2024-01-18 23:10:50,619.4,ef9ad6a28dae5d4efbe723dde5068cfdde493918,1362632,,,,,,,,,,,,,,,,,,,,,,,,,,,,,,,,,,,,,,,,,,,,,,,,,,,,,,,,,,,,,TN,TN
autoland,4405952,13,ad8d5d1385265583919f5a224e1153902b6eef60,macosx1015-64-shippable-qr,True,False,,|b|y|t|e|c|o|d|e|-|c|a|c|h|e|d| |c|o|l|d| |f|i|s|s|i|o|n| |w|e|b|r|e|n|d|e|r|,102210fe594ee9b33d82058545b1ed14f4c8206e,PerceptualSpeedIndex,twitter,True,twitter PerceptualSpeedIndex opt bytecode-cached cold fission webrender,,77,ms,firefox,444593529.0,1832003444,2024-01-18 23:10:50,618.7,ef9ad6a28dae5d4efbe723dde5068cfdde493918,1362632,,,,,,,,,,,,,,,,,,,,,,,,,,,,,,,,,,,,,,,,,,,,,,,,,,,,,,,,,,,,,TN,TN
autoland,4405952,13,ad8d5d1385265583919f5a224e1153902b6eef60,macosx1015-64-shippable-qr,True,False,,|b|y|t|e|c|o|d|e|-|c|a|c|h|e|d| |c|o|l|d| |f|i|s|s|i|o|n| |w|e|b|r|e|n|d|e|r|,102210fe594ee9b33d82058545b1ed14f4c8206e,PerceptualSpeedIndex,twitter,True,twitter PerceptualSpeedIndex opt bytecode-cached cold fission webrender,,77,ms,firefox,444593530.0,1832005197,2024-01-18 23:10:50,599.1,ef9ad6a28dae5d4efbe723dde5068cfdde493918,1362632,,,,,,,,,,,,,,,,,,,,,,,,,,,,,,,,,,,,,,,,,,,,,,,,,,,,,,,,,,,,,TN,TN
autoland,4405952,13,ad8d5d1385265583919f5a224e1153902b6eef60,macosx1015-64-shippable-qr,True,False,,|b|y|t|e|c|o|d|e|-|c|a|c|h|e|d| |c|o|l|d| |f|i|s|s|i|o|n| |w|e|b|r|e|n|d|e|r|,102210fe594ee9b33d82058545b1ed14f4c8206e,PerceptualSpeedIndex,twitter,True,twitter PerceptualSpeedIndex opt bytecode-cached cold fission webrender,,77,ms,firefox,443876675.0,1828526935,2024-01-18 23:17:45,636.6,5624cd2e1525fd15b148c44ce2106fce74d6f297,1362637,,,,,,,,,,,,,,,,,,,,,,,,,,,,,,,,,,,,,,,,,,,,,,,,,,,,,,,,,,,,,TN,TN
autoland,4405952,13,ad8d5d1385265583919f5a224e1153902b6eef60,macosx1015-64-shippable-qr,True,False,,|b|y|t|e|c|o|d|e|-|c|a|c|h|e|d| |c|o|l|d| |f|i|s|s|i|o|n| |w|e|b|r|e|n|d|e|r|,102210fe594ee9b33d82058545b1ed14f4c8206e,PerceptualSpeedIndex,twitter,True,twitter PerceptualSpeedIndex opt bytecode-cached cold fission webrender,,77,ms,firefox,443893777.0,1828617242,2024-01-19 04:17:47,630.8,b6393478fdf670fcce10fd4334c2601561eaea5d,1362724,,,,,,,,,,,,,,,,,,,,,,,,,,,,,,,,,,,,,,,,,,,,,,,,,,,,,,,,,,,,,TN,TN
autoland,4405952,13,ad8d5d1385265583919f5a224e1153902b6eef60,macosx1015-64-shippable-qr,True,False,,|b|y|t|e|c|o|d|e|-|c|a|c|h|e|d| |c|o|l|d| |f|i|s|s|i|o|n| |w|e|b|r|e|n|d|e|r|,102210fe594ee9b33d82058545b1ed14f4c8206e,PerceptualSpeedIndex,twitter,True,twitter PerceptualSpeedIndex opt bytecode-cached cold fission webrender,,77,ms,firefox,444595775.0,1832029821,2024-01-19 04:17:47,621.4,b6393478fdf670fcce10fd4334c2601561eaea5d,1362724,,,,,,,,,,,,,,,,,,,,,,,,,,,,,,,,,,,,,,,,,,,,,,,,,,,,,,,,,,,,,TN,TN
autoland,4405952,13,ad8d5d1385265583919f5a224e1153902b6eef60,macosx1015-64-shippable-qr,True,False,,|b|y|t|e|c|o|d|e|-|c|a|c|h|e|d| |c|o|l|d| |f|i|s|s|i|o|n| |w|e|b|r|e|n|d|e|r|,102210fe594ee9b33d82058545b1ed14f4c8206e,PerceptualSpeedIndex,twitter,True,twitter PerceptualSpeedIndex opt bytecode-cached cold fission webrender,,77,ms,firefox,444595776.0,1832029746,2024-01-19 04:17:47,596.6,b6393478fdf670fcce10fd4334c2601561eaea5d,1362724,,,,,,,,,,,,,,,,,,,,,,,,,,,,,,,,,,,,,,,,,,,,,,,,,,,,,,,,,,,,,TN,TN
autoland,4405952,13,ad8d5d1385265583919f5a224e1153902b6eef60,macosx1015-64-shippable-qr,True,False,,|b|y|t|e|c|o|d|e|-|c|a|c|h|e|d| |c|o|l|d| |f|i|s|s|i|o|n| |w|e|b|r|e|n|d|e|r|,102210fe594ee9b33d82058545b1ed14f4c8206e,PerceptualSpeedIndex,twitter,True,twitter PerceptualSpeedIndex opt bytecode-cached cold fission webrender,,77,ms,firefox,444595777.0,1832029767,2024-01-19 04:17:47,591.5,b6393478fdf670fcce10fd4334c2601561eaea5d,1362724,,,,,,,,,,,,,,,,,,,,,,,,,,,,,,,,,,,,,,,,,,,,,,,,,,,,,,,,,,,,,TN,TN
autoland,4405952,13,ad8d5d1385265583919f5a224e1153902b6eef60,macosx1015-64-shippable-qr,True,False,,|b|y|t|e|c|o|d|e|-|c|a|c|h|e|d| |c|o|l|d| |f|i|s|s|i|o|n| |w|e|b|r|e|n|d|e|r|,102210fe594ee9b33d82058545b1ed14f4c8206e,PerceptualSpeedIndex,twitter,True,twitter PerceptualSpeedIndex opt bytecode-cached cold fission webrender,,77,ms,firefox,444595792.0,1832030005,2024-01-19 04:17:47,601.4,b6393478fdf670fcce10fd4334c2601561eaea5d,1362724,,,,,,,,,,,,,,,,,,,,,,,,,,,,,,,,,,,,,,,,,,,,,,,,,,,,,,,,,,,,,TN,TN
autoland,4405952,13,ad8d5d1385265583919f5a224e1153902b6eef60,macosx1015-64-shippable-qr,True,False,,|b|y|t|e|c|o|d|e|-|c|a|c|h|e|d| |c|o|l|d| |f|i|s|s|i|o|n| |w|e|b|r|e|n|d|e|r|,102210fe594ee9b33d82058545b1ed14f4c8206e,PerceptualSpeedIndex,twitter,True,twitter PerceptualSpeedIndex opt bytecode-cached cold fission webrender,,77,ms,firefox,443925542.0,1828762396,2024-01-19 10:07:40,729.4,99bf71eaca444aa371e7c84536a1b8aa434ef205,1362807,,,,,,,,,,,,,,,,,,,,,,,,,,,,,,,,,,,,,,,,,,,,,,,,,,,,,,,,,,,,,TN,TN
autoland,4405952,13,ad8d5d1385265583919f5a224e1153902b6eef60,macosx1015-64-shippable-qr,True,False,,|b|y|t|e|c|o|d|e|-|c|a|c|h|e|d| |c|o|l|d| |f|i|s|s|i|o|n| |w|e|b|r|e|n|d|e|r|,102210fe594ee9b33d82058545b1ed14f4c8206e,PerceptualSpeedIndex,twitter,True,twitter PerceptualSpeedIndex opt bytecode-cached cold fission webrender,,77,ms,firefox,443928559.0,1828777980,2024-01-19 10:28:03,640.6,7459e9088955262e4430e24661d856acc7ca8929,1362814,,,,,,,,,,,,,,,,,,,,,,,,,,,,,,,,,,,,,,,,,,,,,,,,,,,,,,,,,,,,,TN,TN
autoland,4405952,13,ad8d5d1385265583919f5a224e1153902b6eef60,macosx1015-64-shippable-qr,True,False,,|b|y|t|e|c|o|d|e|-|c|a|c|h|e|d| |c|o|l|d| |f|i|s|s|i|o|n| |w|e|b|r|e|n|d|e|r|,102210fe594ee9b33d82058545b1ed14f4c8206e,PerceptualSpeedIndex,twitter,True,twitter PerceptualSpeedIndex opt bytecode-cached cold fission webrender,,77,ms,firefox,444600399.0,1832040175,2024-01-19 10:28:03,616.5,7459e9088955262e4430e24661d856acc7ca8929,1362814,,,,,,,,,,,,,,,,,,,,,,,,,,,,,,,,,,,,,,,,,,,,,,,,,,,,,,,,,,,,,TN,TN
autoland,4405952,13,ad8d5d1385265583919f5a224e1153902b6eef60,macosx1015-64-shippable-qr,True,False,,|b|y|t|e|c|o|d|e|-|c|a|c|h|e|d| |c|o|l|d| |f|i|s|s|i|o|n| |w|e|b|r|e|n|d|e|r|,102210fe594ee9b33d82058545b1ed14f4c8206e,PerceptualSpeedIndex,twitter,True,twitter PerceptualSpeedIndex opt bytecode-cached cold fission webrender,,77,ms,firefox,444600400.0,1832040087,2024-01-19 10:28:03,597.5,7459e9088955262e4430e24661d856acc7ca8929,1362814,,,,,,,,,,,,,,,,,,,,,,,,,,,,,,,,,,,,,,,,,,,,,,,,,,,,,,,,,,,,,TN,TN
autoland,4405952,13,ad8d5d1385265583919f5a224e1153902b6eef60,macosx1015-64-shippable-qr,True,False,,|b|y|t|e|c|o|d|e|-|c|a|c|h|e|d| |c|o|l|d| |f|i|s|s|i|o|n| |w|e|b|r|e|n|d|e|r|,102210fe594ee9b33d82058545b1ed14f4c8206e,PerceptualSpeedIndex,twitter,True,twitter PerceptualSpeedIndex opt bytecode-cached cold fission webrender,,77,ms,firefox,444600454.0,1832040987,2024-01-19 10:28:03,595.8,7459e9088955262e4430e24661d856acc7ca8929,1362814,,,,,,,,,,,,,,,,,,,,,,,,,,,,,,,,,,,,,,,,,,,,,,,,,,,,,,,,,,,,,TN,TN
autoland,4405952,13,ad8d5d1385265583919f5a224e1153902b6eef60,macosx1015-64-shippable-qr,True,False,,|b|y|t|e|c|o|d|e|-|c|a|c|h|e|d| |c|o|l|d| |f|i|s|s|i|o|n| |w|e|b|r|e|n|d|e|r|,102210fe594ee9b33d82058545b1ed14f4c8206e,PerceptualSpeedIndex,twitter,True,twitter PerceptualSpeedIndex opt bytecode-cached cold fission webrender,,77,ms,firefox,444013143.0,1829307168,2024-01-19 13:26:37,625.3,4ec2b9afc62ae7c623f8c0ab5ced5f9ce44bcc0c,1362882,,,,,,,,,,,,,,,,,,,,,,,,,,,,,,,,,,,,,,,,,,,,,,,,,,,,,,,,,,,,,TN,TN
autoland,4405952,13,ad8d5d1385265583919f5a224e1153902b6eef60,macosx1015-64-shippable-qr,True,False,,|b|y|t|e|c|o|d|e|-|c|a|c|h|e|d| |c|o|l|d| |f|i|s|s|i|o|n| |w|e|b|r|e|n|d|e|r|,102210fe594ee9b33d82058545b1ed14f4c8206e,PerceptualSpeedIndex,twitter,True,twitter PerceptualSpeedIndex opt bytecode-cached cold fission webrender,,77,ms,firefox,443955122.0,1828876178,2024-01-19 14:55:23,647.4,3aabb457a4630b878d121ef2eb9d2f0448847a6b,1362913,,,,,,,,,,,,,,,,,,,,,,,,,,,,,,,,,,,,,,,,,,,,,,,,,,,,,,,,,,,,,TN,TN
autoland,4405952,13,ad8d5d1385265583919f5a224e1153902b6eef60,macosx1015-64-shippable-qr,True,False,,|b|y|t|e|c|o|d|e|-|c|a|c|h|e|d| |c|o|l|d| |f|i|s|s|i|o|n| |w|e|b|r|e|n|d|e|r|,102210fe594ee9b33d82058545b1ed14f4c8206e,PerceptualSpeedIndex,twitter,True,twitter PerceptualSpeedIndex opt bytecode-cached cold fission webrender,,77,ms,firefox,443977570.0,1828985427,2024-01-19 19:17:59,660.0,1ccd394332683308e570afe9039275d8e79be900,1363113,,,,,,,,,,,,,,,,,,,,,,,,,,,,,,,,,,,,,,,,,,,,,,,,,,,,,,,,,,,,,TN,TN
autoland,4405952,13,ad8d5d1385265583919f5a224e1153902b6eef60,macosx1015-64-shippable-qr,True,False,,|b|y|t|e|c|o|d|e|-|c|a|c|h|e|d| |c|o|l|d| |f|i|s|s|i|o|n| |w|e|b|r|e|n|d|e|r|,102210fe594ee9b33d82058545b1ed14f4c8206e,PerceptualSpeedIndex,twitter,True,twitter PerceptualSpeedIndex opt bytecode-cached cold fission webrender,,77,ms,firefox,444003740.0,1829199524,2024-01-20 00:04:44,618.6,6d2ef7f226a0360135c1955b8805bd41d9af41e4,1363285,,,,,,,,,,,,,,,,,,,,,,,,,,,,,,,,,,,,,,,,,,,,,,,,,,,,,,,,,,,,,TN,TN
autoland,4405952,13,ad8d5d1385265583919f5a224e1153902b6eef60,macosx1015-64-shippable-qr,True,False,,|b|y|t|e|c|o|d|e|-|c|a|c|h|e|d| |c|o|l|d| |f|i|s|s|i|o|n| |w|e|b|r|e|n|d|e|r|,102210fe594ee9b33d82058545b1ed14f4c8206e,PerceptualSpeedIndex,twitter,True,twitter PerceptualSpeedIndex opt bytecode-cached cold fission webrender,,77,ms,firefox,444012000.0,1829290876,2024-01-20 04:18:19,606.8,5471899cc9d0a7dfda174e9d7cfc986c2820eff8,1363367,,,,,,,,,,,,,,,,,,,,,,,,,,,,,,,,,,,,,,,,,,,,,,,,,,,,,,,,,,,,,TN,TN
autoland,4405952,13,ad8d5d1385265583919f5a224e1153902b6eef60,macosx1015-64-shippable-qr,True,False,,|b|y|t|e|c|o|d|e|-|c|a|c|h|e|d| |c|o|l|d| |f|i|s|s|i|o|n| |w|e|b|r|e|n|d|e|r|,102210fe594ee9b33d82058545b1ed14f4c8206e,PerceptualSpeedIndex,twitter,True,twitter PerceptualSpeedIndex opt bytecode-cached cold fission webrender,,77,ms,firefox,444040978.0,1829484527,2024-01-21 00:59:25,687.4,4f4fa003a90f9d818ecfa36474300a11af18be25,1363463,,,,,,,,,,,,,,,,,,,,,,,,,,,,,,,,,,,,,,,,,,,,,,,,,,,,,,,,,,,,,TN,TN
autoland,4405952,13,ad8d5d1385265583919f5a224e1153902b6eef60,macosx1015-64-shippable-qr,True,False,,|b|y|t|e|c|o|d|e|-|c|a|c|h|e|d| |c|o|l|d| |f|i|s|s|i|o|n| |w|e|b|r|e|n|d|e|r|,102210fe594ee9b33d82058545b1ed14f4c8206e,PerceptualSpeedIndex,twitter,True,twitter PerceptualSpeedIndex opt bytecode-cached cold fission webrender,,77,ms,firefox,444068256.0,1829574525,2024-01-21 14:36:57,602.6,0361c1f29babcfb2f10e1646dffe72cd452a3df4,1363517,,,,,,,,,,,,,,,,,,,,,,,,,,,,,,,,,,,,,,,,,,,,,,,,,,,,,,,,,,,,,TN,TN
autoland,4405952,13,ad8d5d1385265583919f5a224e1153902b6eef60,macosx1015-64-shippable-qr,True,False,,|b|y|t|e|c|o|d|e|-|c|a|c|h|e|d| |c|o|l|d| |f|i|s|s|i|o|n| |w|e|b|r|e|n|d|e|r|,102210fe594ee9b33d82058545b1ed14f4c8206e,PerceptualSpeedIndex,twitter,True,twitter PerceptualSpeedIndex opt bytecode-cached cold fission webrender,,77,ms,firefox,444096804.0,1829698607,2024-01-22 07:43:27,626.6,6b4a069fe37d2413229dda3b61ccaf7b8f3a5f5d,1363663,,,,,,,,,,,,,,,,,,,,,,,,,,,,,,,,,,,,,,,,,,,,,,,,,,,,,,,,,,,,,TN,TN
autoland,4405952,13,ad8d5d1385265583919f5a224e1153902b6eef60,macosx1015-64-shippable-qr,True,False,,|b|y|t|e|c|o|d|e|-|c|a|c|h|e|d| |c|o|l|d| |f|i|s|s|i|o|n| |w|e|b|r|e|n|d|e|r|,102210fe594ee9b33d82058545b1ed14f4c8206e,PerceptualSpeedIndex,twitter,True,twitter PerceptualSpeedIndex opt bytecode-cached cold fission webrender,,77,ms,firefox,444257002.0,1830389324,2024-01-22 09:29:20,595.9,f2c793f1a792004e2561484f40df1c1d0f3bce55,1363693,,,,,,,,,,,,,,,,,,,,,,,,,,,,,,,,,,,,,,,,,,,,,,,,,,,,,,,,,,,,,TN,TN
autoland,4405952,13,ad8d5d1385265583919f5a224e1153902b6eef60,macosx1015-64-shippable-qr,True,False,,|b|y|t|e|c|o|d|e|-|c|a|c|h|e|d| |c|o|l|d| |f|i|s|s|i|o|n| |w|e|b|r|e|n|d|e|r|,102210fe594ee9b33d82058545b1ed14f4c8206e,PerceptualSpeedIndex,twitter,True,twitter PerceptualSpeedIndex opt bytecode-cached cold fission webrender,,77,ms,firefox,444257098.0,1830393124,2024-01-22 09:55:26,611.7,4de25e9a950057c7f2f7ca5b4730c41df1d2bfe1,1363706,,,,,,,,,,,,,,,,,,,,,,,,,,,,,,,,,,,,,,,,,,,,,,,,,,,,,,,,,,,,,TN,TN
autoland,4405952,13,ad8d5d1385265583919f5a224e1153902b6eef60,macosx1015-64-shippable-qr,True,False,,|b|y|t|e|c|o|d|e|-|c|a|c|h|e|d| |c|o|l|d| |f|i|s|s|i|o|n| |w|e|b|r|e|n|d|e|r|,102210fe594ee9b33d82058545b1ed14f4c8206e,PerceptualSpeedIndex,twitter,True,twitter PerceptualSpeedIndex opt bytecode-cached cold fission webrender,,77,ms,firefox,444123785.0,1829847985,2024-01-22 10:58:56,604.1,095c9da9e10fc012c2e6a7d929fdcc7c03d09373,1363731,,,,,,,,,,,,,,,,,,,,,,,,,,,,,,,,,,,,,,,,,,,,,,,,,,,,,,,,,,,,,TN,TN
autoland,4405952,13,ad8d5d1385265583919f5a224e1153902b6eef60,macosx1015-64-shippable-qr,True,False,,|b|y|t|e|c|o|d|e|-|c|a|c|h|e|d| |c|o|l|d| |f|i|s|s|i|o|n| |w|e|b|r|e|n|d|e|r|,102210fe594ee9b33d82058545b1ed14f4c8206e,PerceptualSpeedIndex,twitter,True,twitter PerceptualSpeedIndex opt bytecode-cached cold fission webrender,,77,ms,firefox,444163355.0,1829969226,2024-01-22 15:24:53,635.0,58cedc1e4ff28881f9ebd1749feaa24edbded9ce,1363894,,,,,,,,,,,,,,,,,,,,,,,,,,,,,,,,,,,,,,,,,,,,,,,,,,,,,,,,,,,,,TN,TN
autoland,4405952,13,ad8d5d1385265583919f5a224e1153902b6eef60,macosx1015-64-shippable-qr,True,False,,|b|y|t|e|c|o|d|e|-|c|a|c|h|e|d| |c|o|l|d| |f|i|s|s|i|o|n| |w|e|b|r|e|n|d|e|r|,102210fe594ee9b33d82058545b1ed14f4c8206e,PerceptualSpeedIndex,twitter,True,twitter PerceptualSpeedIndex opt bytecode-cached cold fission webrender,,77,ms,firefox,444173563.0,1830042793,2024-01-22 15:55:20,611.8,82dfbdd770bc54674f82bae256dae683772884af,1363920,,,,,,,,,,,,,,,,,,,,,,,,,,,,,,,,,,,,,,,,,,,,,,,,,,,,,,,,,,,,,TN,TN
autoland,4405952,13,ad8d5d1385265583919f5a224e1153902b6eef60,macosx1015-64-shippable-qr,True,False,,|b|y|t|e|c|o|d|e|-|c|a|c|h|e|d| |c|o|l|d| |f|i|s|s|i|o|n| |w|e|b|r|e|n|d|e|r|,102210fe594ee9b33d82058545b1ed14f4c8206e,PerceptualSpeedIndex,twitter,True,twitter PerceptualSpeedIndex opt bytecode-cached cold fission webrender,,77,ms,firefox,444198238.0,1830108837,2024-01-22 18:55:34,605.6,ef71d190cd57de7a178f312b29fc104e6e3e98d4,1364078,,,,,,,,,,,,,,,,,,,,,,,,,,,,,,,,,,,,,,,,,,,,,,,,,,,,,,,,,,,,,TN,TN
autoland,4405952,13,ad8d5d1385265583919f5a224e1153902b6eef60,macosx1015-64-shippable-qr,True,False,,|b|y|t|e|c|o|d|e|-|c|a|c|h|e|d| |c|o|l|d| |f|i|s|s|i|o|n| |w|e|b|r|e|n|d|e|r|,102210fe594ee9b33d82058545b1ed14f4c8206e,PerceptualSpeedIndex,twitter,True,twitter PerceptualSpeedIndex opt bytecode-cached cold fission webrender,,77,ms,firefox,444232003.0,1830238547,2024-01-22 22:04:08,600.2,06bafd5cf7f34e757edddf2def6a98003c6b1643,1364244,,,,,,,,,,,,,,,,,,,,,,,,,,,,,,,,,,,,,,,,,,,,,,,,,,,,,,,,,,,,,TN,TN
autoland,4405952,13,ad8d5d1385265583919f5a224e1153902b6eef60,macosx1015-64-shippable-qr,True,False,,|b|y|t|e|c|o|d|e|-|c|a|c|h|e|d| |c|o|l|d| |f|i|s|s|i|o|n| |w|e|b|r|e|n|d|e|r|,102210fe594ee9b33d82058545b1ed14f4c8206e,PerceptualSpeedIndex,twitter,True,twitter PerceptualSpeedIndex opt bytecode-cached cold fission webrender,,77,ms,firefox,444241165.0,1830286507,2024-01-23 00:22:14,678.3,43fa5aa71c8c00288a4fe686f0e4bf72e2f5f28d,1364332,,,,,,,,,,,,,,,,,,,,,,,,,,,,,,,,,,,,,,,,,,,,,,,,,,,,,,,,,,,,,TN,TN
autoland,4405952,13,ad8d5d1385265583919f5a224e1153902b6eef60,macosx1015-64-shippable-qr,True,False,,|b|y|t|e|c|o|d|e|-|c|a|c|h|e|d| |c|o|l|d| |f|i|s|s|i|o|n| |w|e|b|r|e|n|d|e|r|,102210fe594ee9b33d82058545b1ed14f4c8206e,PerceptualSpeedIndex,twitter,True,twitter PerceptualSpeedIndex opt bytecode-cached cold fission webrender,,77,ms,firefox,444261086.0,1830430075,2024-01-23 05:54:31,677.3,fcdb6404eb0234c50bf85922bacad525da6851d5,1364408,,,,,,,,,,,,,,,,,,,,,,,,,,,,,,,,,,,,,,,,,,,,,,,,,,,,,,,,,,,,,TN,TN
autoland,4405952,13,ad8d5d1385265583919f5a224e1153902b6eef60,macosx1015-64-shippable-qr,True,False,,|b|y|t|e|c|o|d|e|-|c|a|c|h|e|d| |c|o|l|d| |f|i|s|s|i|o|n| |w|e|b|r|e|n|d|e|r|,102210fe594ee9b33d82058545b1ed14f4c8206e,PerceptualSpeedIndex,twitter,True,twitter PerceptualSpeedIndex opt bytecode-cached cold fission webrender,,77,ms,firefox,444321989.0,1830696782,2024-01-23 14:14:29,617.9,296f1b67a4750aa2166832b5b9d8ba0eee6fe635,1364570,,,,,,,,,,,,,,,,,,,,,,,,,,,,,,,,,,,,,,,,,,,,,,,,,,,,,,,,,,,,,TN,TN
autoland,4405952,13,ad8d5d1385265583919f5a224e1153902b6eef60,macosx1015-64-shippable-qr,True,False,,|b|y|t|e|c|o|d|e|-|c|a|c|h|e|d| |c|o|l|d| |f|i|s|s|i|o|n| |w|e|b|r|e|n|d|e|r|,102210fe594ee9b33d82058545b1ed14f4c8206e,PerceptualSpeedIndex,twitter,True,twitter PerceptualSpeedIndex opt bytecode-cached cold fission webrender,,77,ms,firefox,444324683.0,1830720913,2024-01-23 14:50:16,602.7,f3efca74da0f43269bd8ac07e2a5d27e89c4d7c3,1364607,,,,,,,,,,,,,,,,,,,,,,,,,,,,,,,,,,,,,,,,,,,,,,,,,,,,,,,,,,,,,TN,TN
autoland,4405952,13,ad8d5d1385265583919f5a224e1153902b6eef60,macosx1015-64-shippable-qr,True,False,,|b|y|t|e|c|o|d|e|-|c|a|c|h|e|d| |c|o|l|d| |f|i|s|s|i|o|n| |w|e|b|r|e|n|d|e|r|,102210fe594ee9b33d82058545b1ed14f4c8206e,PerceptualSpeedIndex,twitter,True,twitter PerceptualSpeedIndex opt bytecode-cached cold fission webrender,,77,ms,firefox,444391528.0,1831084682,2024-01-23 15:33:06,610.9,cd7ab7cab97da5debfab77a966f3a8522c3dd916,1364661,,,,,,,,,,,,,,,,,,,,,,,,,,,,,,,,,,,,,,,,,,,,,,,,,,,,,,,,,,,,,TN,TN
autoland,4405952,13,ad8d5d1385265583919f5a224e1153902b6eef60,macosx1015-64-shippable-qr,True,False,,|b|y|t|e|c|o|d|e|-|c|a|c|h|e|d| |c|o|l|d| |f|i|s|s|i|o|n| |w|e|b|r|e|n|d|e|r|,102210fe594ee9b33d82058545b1ed14f4c8206e,PerceptualSpeedIndex,twitter,True,twitter PerceptualSpeedIndex opt bytecode-cached cold fission webrender,,77,ms,firefox,444391430.0,1831083654,2024-01-23 15:33:54,594.6,c46a7cea75e6f516fea201de317fd0ebc3c20de2,1364664,,,,,,,,,,,,,,,,,,,,,,,,,,,,,,,,,,,,,,,,,,,,,,,,,,,,,,,,,,,,,TN,TN
autoland,4405952,13,ad8d5d1385265583919f5a224e1153902b6eef60,macosx1015-64-shippable-qr,True,False,,|b|y|t|e|c|o|d|e|-|c|a|c|h|e|d| |c|o|l|d| |f|i|s|s|i|o|n| |w|e|b|r|e|n|d|e|r|,102210fe594ee9b33d82058545b1ed14f4c8206e,PerceptualSpeedIndex,twitter,True,twitter PerceptualSpeedIndex opt bytecode-cached cold fission webrender,,77,ms,firefox,444325367.0,1830731168,2024-01-23 16:09:55,617.1,936300bf2ee78e086143fb3718e2c0af755385b0,1364702,,,,,,,,,,,,,,,,,,,,,,,,,,,,,,,,,,,,,,,,,,,,,,,,,,,,,,,,,,,,,TN,TN
autoland,4405952,13,ad8d5d1385265583919f5a224e1153902b6eef60,macosx1015-64-shippable-qr,True,False,,|b|y|t|e|c|o|d|e|-|c|a|c|h|e|d| |c|o|l|d| |f|i|s|s|i|o|n| |w|e|b|r|e|n|d|e|r|,102210fe594ee9b33d82058545b1ed14f4c8206e,PerceptualSpeedIndex,twitter,True,twitter PerceptualSpeedIndex opt bytecode-cached cold fission webrender,,77,ms,firefox,444342769.0,1830845407,2024-01-23 19:03:54,628.5,ec71bc6778c4bdb9b4a93283fc0a3d3f302eb89e,1364834,,,,,,,,,,,,,,,,,,,,,,,,,,,,,,,,,,,,,,,,,,,,,,,,,,,,,,,,,,,,,TN,TN
autoland,4405952,13,ad8d5d1385265583919f5a224e1153902b6eef60,macosx1015-64-shippable-qr,True,False,,|b|y|t|e|c|o|d|e|-|c|a|c|h|e|d| |c|o|l|d| |f|i|s|s|i|o|n| |w|e|b|r|e|n|d|e|r|,102210fe594ee9b33d82058545b1ed14f4c8206e,PerceptualSpeedIndex,twitter,True,twitter PerceptualSpeedIndex opt bytecode-cached cold fission webrender,,77,ms,firefox,444374144.0,1831001641,2024-01-23 22:21:15,612.5,25e5c4ea04b149ffa31cda5c4d75559df5369612,1365024,,,,,,,,,,,,,,,,,,,,,,,,,,,,,,,,,,,,,,,,,,,,,,,,,,,,,,,,,,,,,TN,TN
autoland,4405952,13,ad8d5d1385265583919f5a224e1153902b6eef60,macosx1015-64-shippable-qr,True,False,,|b|y|t|e|c|o|d|e|-|c|a|c|h|e|d| |c|o|l|d| |f|i|s|s|i|o|n| |w|e|b|r|e|n|d|e|r|,102210fe594ee9b33d82058545b1ed14f4c8206e,PerceptualSpeedIndex,twitter,True,twitter PerceptualSpeedIndex opt bytecode-cached cold fission webrender,,77,ms,firefox,444546919.0,1831821321,2024-01-24 01:36:46,676.7,9d584197c87fdcf2d80ad4dd2989ead88349b0c8,1365186,,,,,,,,,,,,,,,,,,,,,,,,,,,,,,,,,,,,,,,,,,,,,,,,,,,,,,,,,,,,,TN,TN
autoland,4405952,13,ad8d5d1385265583919f5a224e1153902b6eef60,macosx1015-64-shippable-qr,True,False,,|b|y|t|e|c|o|d|e|-|c|a|c|h|e|d| |c|o|l|d| |f|i|s|s|i|o|n| |w|e|b|r|e|n|d|e|r|,102210fe594ee9b33d82058545b1ed14f4c8206e,PerceptualSpeedIndex,twitter,True,twitter PerceptualSpeedIndex opt bytecode-cached cold fission webrender,,77,ms,firefox,444388662.0,1831052669,2024-01-24 02:38:58,608.1,a0389da68b91e5a92b02ccd9e65991bffb5d5771,1365197,,,,,,,,,,,,,,,,,,,,,,,,,,,,,,,,,,,,,,,,,,,,,,,,,,,,,,,,,,,,,TN,TN
autoland,4405952,13,ad8d5d1385265583919f5a224e1153902b6eef60,macosx1015-64-shippable-qr,True,False,,|b|y|t|e|c|o|d|e|-|c|a|c|h|e|d| |c|o|l|d| |f|i|s|s|i|o|n| |w|e|b|r|e|n|d|e|r|,102210fe594ee9b33d82058545b1ed14f4c8206e,PerceptualSpeedIndex,twitter,True,twitter PerceptualSpeedIndex opt bytecode-cached cold fission webrender,,77,ms,firefox,444407748.0,1831171579,2024-01-24 06:43:12,592.4,eed6f8e8fe3af01f49be74cc1be72d51e5a0933f,1365260,,,,,,,,,,,,,,,,,,,,,,,,,,,,,,,,,,,,,,,,,,,,,,,,,,,,,,,,,,,,,TN,TN
autoland,4405952,13,ad8d5d1385265583919f5a224e1153902b6eef60,macosx1015-64-shippable-qr,True,False,,|b|y|t|e|c|o|d|e|-|c|a|c|h|e|d| |c|o|l|d| |f|i|s|s|i|o|n| |w|e|b|r|e|n|d|e|r|,102210fe594ee9b33d82058545b1ed14f4c8206e,PerceptualSpeedIndex,twitter,True,twitter PerceptualSpeedIndex opt bytecode-cached cold fission webrender,,77,ms,firefox,444408486.0,1831180826,2024-01-24 06:57:11,595.5,7079db6b8da9081aee6b0ce96b68f368efec3277,1365262,,,,,,,,,,,,,,,,,,,,,,,,,,,,,,,,,,,,,,,,,,,,,,,,,,,,,,,,,,,,,TN,TN
autoland,4405952,13,ad8d5d1385265583919f5a224e1153902b6eef60,macosx1015-64-shippable-qr,True,False,,|b|y|t|e|c|o|d|e|-|c|a|c|h|e|d| |c|o|l|d| |f|i|s|s|i|o|n| |w|e|b|r|e|n|d|e|r|,102210fe594ee9b33d82058545b1ed14f4c8206e,PerceptualSpeedIndex,twitter,True,twitter PerceptualSpeedIndex opt bytecode-cached cold fission webrender,,77,ms,firefox,444470244.0,1831396584,2024-01-24 11:40:35,603.8,ce20634f32a1b78384fbbc028b4f86266056e7fb,1365369,,,,,,,,,,,,,,,,,,,,,,,,,,,,,,,,,,,,,,,,,,,,,,,,,,,,,,,,,,,,,TN,TN
autoland,4405952,13,ad8d5d1385265583919f5a224e1153902b6eef60,macosx1015-64-shippable-qr,True,False,,|b|y|t|e|c|o|d|e|-|c|a|c|h|e|d| |c|o|l|d| |f|i|s|s|i|o|n| |w|e|b|r|e|n|d|e|r|,102210fe594ee9b33d82058545b1ed14f4c8206e,PerceptualSpeedIndex,twitter,True,twitter PerceptualSpeedIndex opt bytecode-cached cold fission webrender,,77,ms,firefox,444546626.0,1831818371,2024-01-24 13:36:01,594.7,be8632f7e7d18102bb10385103f6cef2a0615b03,1365437,,,,,,,,,,,,,,,,,,,,,,,,,,,,,,,,,,,,,,,,,,,,,,,,,,,,,,,,,,,,,TN,TN
autoland,4405952,13,ad8d5d1385265583919f5a224e1153902b6eef60,macosx1015-64-shippable-qr,True,False,,|b|y|t|e|c|o|d|e|-|c|a|c|h|e|d| |c|o|l|d| |f|i|s|s|i|o|n| |w|e|b|r|e|n|d|e|r|,102210fe594ee9b33d82058545b1ed14f4c8206e,PerceptualSpeedIndex,twitter,True,twitter PerceptualSpeedIndex opt bytecode-cached cold fission webrender,,77,ms,firefox,444546401.0,1831815845,2024-01-24 14:06:56,585.2,848327e627b55c5a1265d68591ecf4c756ce58e5,1365454,,,,,,,,,,,,,,,,,,,,,,,,,,,,,,,,,,,,,,,,,,,,,,,,,,,,,,,,,,,,,TN,TN
autoland,4405952,13,ad8d5d1385265583919f5a224e1153902b6eef60,macosx1015-64-shippable-qr,True,False,,|b|y|t|e|c|o|d|e|-|c|a|c|h|e|d| |c|o|l|d| |f|i|s|s|i|o|n| |w|e|b|r|e|n|d|e|r|,102210fe594ee9b33d82058545b1ed14f4c8206e,PerceptualSpeedIndex,twitter,True,twitter PerceptualSpeedIndex opt bytecode-cached cold fission webrender,,77,ms,firefox,444494109.0,1831566863,2024-01-24 16:03:05,627.9,150dd33322ea6d34c4829f8e67efe7e37be8c48e,1365533,,,,,,,,,,,,,,,,,,,,,,,,,,,,,,,,,,,,,,,,,,,,,,,,,,,,,,,,,,,,,TN,TN
autoland,4405952,13,ad8d5d1385265583919f5a224e1153902b6eef60,macosx1015-64-shippable-qr,True,False,,|b|y|t|e|c|o|d|e|-|c|a|c|h|e|d| |c|o|l|d| |f|i|s|s|i|o|n| |w|e|b|r|e|n|d|e|r|,102210fe594ee9b33d82058545b1ed14f4c8206e,PerceptualSpeedIndex,twitter,True,twitter PerceptualSpeedIndex opt bytecode-cached cold fission webrender,,77,ms,firefox,444503410.0,1831594767,2024-01-24 18:01:21,602.6,e22428605dbb49942204564b03db80f474ea35ba,1365677,,,,,,,,,,,,,,,,,,,,,,,,,,,,,,,,,,,,,,,,,,,,,,,,,,,,,,,,,,,,,TN,TN
autoland,4405952,13,ad8d5d1385265583919f5a224e1153902b6eef60,macosx1015-64-shippable-qr,True,False,,|b|y|t|e|c|o|d|e|-|c|a|c|h|e|d| |c|o|l|d| |f|i|s|s|i|o|n| |w|e|b|r|e|n|d|e|r|,102210fe594ee9b33d82058545b1ed14f4c8206e,PerceptualSpeedIndex,twitter,True,twitter PerceptualSpeedIndex opt bytecode-cached cold fission webrender,,77,ms,firefox,444537195.0,1831763273,2024-01-24 22:08:16,620.6,b8b82bd9546fe4e63cd5e9d29248d87665c548b8,1365907,,,,,,,,,,,,,,,,,,,,,,,,,,,,,,,,,,,,,,,,,,,,,,,,,,,,,,,,,,,,,TN,TN
autoland,4405952,13,ad8d5d1385265583919f5a224e1153902b6eef60,macosx1015-64-shippable-qr,True,False,,|b|y|t|e|c|o|d|e|-|c|a|c|h|e|d| |c|o|l|d| |f|i|s|s|i|o|n| |w|e|b|r|e|n|d|e|r|,102210fe594ee9b33d82058545b1ed14f4c8206e,PerceptualSpeedIndex,twitter,True,twitter PerceptualSpeedIndex opt bytecode-cached cold fission webrender,,77,ms,firefox,444548001.0,1831830173,2024-01-25 05:05:51,615.0,ce5606473bf95f0899f69034525766ca9d0ed749,1366048,,,,,,,,,,,,,,,,,,,,,,,,,,,,,,,,,,,,,,,,,,,,,,,,,,,,,,,,,,,,,TN,TN
autoland,4405952,13,ad8d5d1385265583919f5a224e1153902b6eef60,macosx1015-64-shippable-qr,True,False,,|b|y|t|e|c|o|d|e|-|c|a|c|h|e|d| |c|o|l|d| |f|i|s|s|i|o|n| |w|e|b|r|e|n|d|e|r|,102210fe594ee9b33d82058545b1ed14f4c8206e,PerceptualSpeedIndex,twitter,True,twitter PerceptualSpeedIndex opt bytecode-cached cold fission webrender,,77,ms,firefox,444557827.0,1831875489,2024-01-25 07:56:38,600.8,c0289f78466cf0bf8a6871ef3417c180aab77e07,1366087,,,,,,,,,,,,,,,,,,,,,,,,,,,,,,,,,,,,,,,,,,,,,,,,,,,,,,,,,,,,,TN,TN
autoland,4405952,13,ad8d5d1385265583919f5a224e1153902b6eef60,macosx1015-64-shippable-qr,True,False,,|b|y|t|e|c|o|d|e|-|c|a|c|h|e|d| |c|o|l|d| |f|i|s|s|i|o|n| |w|e|b|r|e|n|d|e|r|,102210fe594ee9b33d82058545b1ed14f4c8206e,PerceptualSpeedIndex,twitter,True,twitter PerceptualSpeedIndex opt bytecode-cached cold fission webrender,,77,ms,firefox,444597225.0,1832034033,2024-01-25 12:05:33,607.2,c746000752516a4b8ede1f6a5c7b2f4be12a33d7,1366202,,,,,,,,,,,,,,,,,,,,,,,,,,,,,,,,,,,,,,,,,,,,,,,,,,,,,,,,,,,,,TN,TN
autoland,4405952,13,ad8d5d1385265583919f5a224e1153902b6eef60,macosx1015-64-shippable-qr,True,False,,|b|y|t|e|c|o|d|e|-|c|a|c|h|e|d| |c|o|l|d| |f|i|s|s|i|o|n| |w|e|b|r|e|n|d|e|r|,102210fe594ee9b33d82058545b1ed14f4c8206e,PerceptualSpeedIndex,twitter,True,twitter PerceptualSpeedIndex opt bytecode-cached cold fission webrender,,77,ms,firefox,444618219.0,1832151822,2024-01-25 15:26:29,606.1,34f197ce93a24d93523617eba67ecee2e990c37c,1366326,,,,,,,,,,,,,,,,,,,,,,,,,,,,,,,,,,,,,,,,,,,,,,,,,,,,,,,,,,,,,TN,TN
autoland,4405952,13,ad8d5d1385265583919f5a224e1153902b6eef60,macosx1015-64-shippable-qr,True,False,,|b|y|t|e|c|o|d|e|-|c|a|c|h|e|d| |c|o|l|d| |f|i|s|s|i|o|n| |w|e|b|r|e|n|d|e|r|,102210fe594ee9b33d82058545b1ed14f4c8206e,PerceptualSpeedIndex,twitter,True,twitter PerceptualSpeedIndex opt bytecode-cached cold fission webrender,,77,ms,firefox,444661968.0,1832411101,2024-01-25 20:50:47,649.3,dd2a416c0c76b4cc9f6161d6be89aa7356e4eae5,1366563,,,,,,,,,,,,,,,,,,,,,,,,,,,,,,,,,,,,,,,,,,,,,,,,,,,,,,,,,,,,,TN,TN
autoland,4405952,13,ad8d5d1385265583919f5a224e1153902b6eef60,macosx1015-64-shippable-qr,True,False,,|b|y|t|e|c|o|d|e|-|c|a|c|h|e|d| |c|o|l|d| |f|i|s|s|i|o|n| |w|e|b|r|e|n|d|e|r|,102210fe594ee9b33d82058545b1ed14f4c8206e,PerceptualSpeedIndex,twitter,True,twitter PerceptualSpeedIndex opt bytecode-cached cold fission webrender,,77,ms,firefox,444666674.0,1832427483,2024-01-25 20:51:29,611.3,5da1e842ef70c74d8ed72128e460f75b633fae95,1366564,,,,,,,,,,,,,,,,,,,,,,,,,,,,,,,,,,,,,,,,,,,,,,,,,,,,,,,,,,,,,TN,TN
autoland,4405952,13,ad8d5d1385265583919f5a224e1153902b6eef60,macosx1015-64-shippable-qr,True,False,,|b|y|t|e|c|o|d|e|-|c|a|c|h|e|d| |c|o|l|d| |f|i|s|s|i|o|n| |w|e|b|r|e|n|d|e|r|,102210fe594ee9b33d82058545b1ed14f4c8206e,PerceptualSpeedIndex,twitter,True,twitter PerceptualSpeedIndex opt bytecode-cached cold fission webrender,,77,ms,firefox,444691224.0,1832546821,2024-01-26 03:41:27,617.7,a412d893c38f632f34b44a9c5b3fd8cc30bb87be,1366751,,,,,,,,,,,,,,,,,,,,,,,,,,,,,,,,,,,,,,,,,,,,,,,,,,,,,,,,,,,,,TN,TN
autoland,4405952,13,ad8d5d1385265583919f5a224e1153902b6eef60,macosx1015-64-shippable-qr,True,False,,|b|y|t|e|c|o|d|e|-|c|a|c|h|e|d| |c|o|l|d| |f|i|s|s|i|o|n| |w|e|b|r|e|n|d|e|r|,102210fe594ee9b33d82058545b1ed14f4c8206e,PerceptualSpeedIndex,twitter,True,twitter PerceptualSpeedIndex opt bytecode-cached cold fission webrender,,77,ms,firefox,444740727.0,1832718991,2024-01-26 11:04:34,628.5,18f5823716e4c35d7c899d2ce4be7fcd66cab9d0,1366921,,,,,,,,,,,,,,,,,,,,,,,,,,,,,,,,,,,,,,,,,,,,,,,,,,,,,,,,,,,,,TN,TN
autoland,4405952,13,ad8d5d1385265583919f5a224e1153902b6eef60,macosx1015-64-shippable-qr,True,False,,|b|y|t|e|c|o|d|e|-|c|a|c|h|e|d| |c|o|l|d| |f|i|s|s|i|o|n| |w|e|b|r|e|n|d|e|r|,102210fe594ee9b33d82058545b1ed14f4c8206e,PerceptualSpeedIndex,twitter,True,twitter PerceptualSpeedIndex opt bytecode-cached cold fission webrender,,77,ms,firefox,444784162.0,1832934060,2024-01-26 15:49:43,592.2,19005661ad786853d186a7d3434e6c290bccaa95,1367044,,,,,,,,,,,,,,,,,,,,,,,,,,,,,,,,,,,,,,,,,,,,,,,,,,,,,,,,,,,,,TN,TN
autoland,4405952,13,ad8d5d1385265583919f5a224e1153902b6eef60,macosx1015-64-shippable-qr,True,False,,|b|y|t|e|c|o|d|e|-|c|a|c|h|e|d| |c|o|l|d| |f|i|s|s|i|o|n| |w|e|b|r|e|n|d|e|r|,102210fe594ee9b33d82058545b1ed14f4c8206e,PerceptualSpeedIndex,twitter,True,twitter PerceptualSpeedIndex opt bytecode-cached cold fission webrender,,77,ms,firefox,444784556.0,1832941076,2024-01-26 15:52:38,622.3,4641c3dcf0c3cfbdc8976f2fcc6898107149e19e,1367050,,,,,,,,,,,,,,,,,,,,,,,,,,,,,,,,,,,,,,,,,,,,,,,,,,,,,,,,,,,,,TN,TN
autoland,4405952,13,ad8d5d1385265583919f5a224e1153902b6eef60,macosx1015-64-shippable-qr,True,False,,|b|y|t|e|c|o|d|e|-|c|a|c|h|e|d| |c|o|l|d| |f|i|s|s|i|o|n| |w|e|b|r|e|n|d|e|r|,102210fe594ee9b33d82058545b1ed14f4c8206e,PerceptualSpeedIndex,twitter,True,twitter PerceptualSpeedIndex opt bytecode-cached cold fission webrender,,77,ms,firefox,444815258.0,1833128179,2024-01-26 20:02:47,586.4,38fb47dac16804e3d5c8211277f084198e43de88,1367207,,,,,,,,,,,,,,,,,,,,,,,,,,,,,,,,,,,,,,,,,,,,,,,,,,,,,,,,,,,,,TN,TN
autoland,4405952,13,ad8d5d1385265583919f5a224e1153902b6eef60,macosx1015-64-shippable-qr,True,False,,|b|y|t|e|c|o|d|e|-|c|a|c|h|e|d| |c|o|l|d| |f|i|s|s|i|o|n| |w|e|b|r|e|n|d|e|r|,102210fe594ee9b33d82058545b1ed14f4c8206e,PerceptualSpeedIndex,twitter,True,twitter PerceptualSpeedIndex opt bytecode-cached cold fission webrender,,77,ms,firefox,444813572.0,1833109952,2024-01-26 20:05:08,592.6,ac4906fa040ce76ad5ea8f73caf83045f291b613,1367213,,,,,,,,,,,,,,,,,,,,,,,,,,,,,,,,,,,,,,,,,,,,,,,,,,,,,,,,,,,,,TN,TN
autoland,4405952,13,ad8d5d1385265583919f5a224e1153902b6eef60,macosx1015-64-shippable-qr,True,False,,|b|y|t|e|c|o|d|e|-|c|a|c|h|e|d| |c|o|l|d| |f|i|s|s|i|o|n| |w|e|b|r|e|n|d|e|r|,102210fe594ee9b33d82058545b1ed14f4c8206e,PerceptualSpeedIndex,twitter,True,twitter PerceptualSpeedIndex opt bytecode-cached cold fission webrender,,77,ms,firefox,444836060.0,1833242369,2024-01-27 00:32:58,585.5,99babcb9f349f4d91fe26290269d9d25fc1bbd04,1367362,,,,,,,,,,,,,,,,,,,,,,,,,,,,,,,,,,,,,,,,,,,,,,,,,,,,,,,,,,,,,TN,TN
autoland,4405952,13,ad8d5d1385265583919f5a224e1153902b6eef60,macosx1015-64-shippable-qr,True,False,,|b|y|t|e|c|o|d|e|-|c|a|c|h|e|d| |c|o|l|d| |f|i|s|s|i|o|n| |w|e|b|r|e|n|d|e|r|,102210fe594ee9b33d82058545b1ed14f4c8206e,PerceptualSpeedIndex,twitter,True,twitter PerceptualSpeedIndex opt bytecode-cached cold fission webrender,,77,ms,firefox,444860796.0,1833482809,2024-01-27 06:05:38,616.4,1e79d9e65ec0577bb7d698c86edc6f35b4f92ce8,1367422,,,,,,,,,,,,,,,,,,,,,,,,,,,,,,,,,,,,,,,,,,,,,,,,,,,,,,,,,,,,,TN,TN
autoland,4405952,13,ad8d5d1385265583919f5a224e1153902b6eef60,macosx1015-64-shippable-qr,True,False,,|b|y|t|e|c|o|d|e|-|c|a|c|h|e|d| |c|o|l|d| |f|i|s|s|i|o|n| |w|e|b|r|e|n|d|e|r|,102210fe594ee9b33d82058545b1ed14f4c8206e,PerceptualSpeedIndex,twitter,True,twitter PerceptualSpeedIndex opt bytecode-cached cold fission webrender,,77,ms,firefox,444879995.0,1833594943,2024-01-27 14:01:44,609.0,09a1abcfcfb73aa1ae9781d2816102729c0f82a6,1367473,,,,,,,,,,,,,,,,,,,,,,,,,,,,,,,,,,,,,,,,,,,,,,,,,,,,,,,,,,,,,TN,TN
autoland,4405952,13,ad8d5d1385265583919f5a224e1153902b6eef60,macosx1015-64-shippable-qr,True,False,,|b|y|t|e|c|o|d|e|-|c|a|c|h|e|d| |c|o|l|d| |f|i|s|s|i|o|n| |w|e|b|r|e|n|d|e|r|,102210fe594ee9b33d82058545b1ed14f4c8206e,PerceptualSpeedIndex,twitter,True,twitter PerceptualSpeedIndex opt bytecode-cached cold fission webrender,,77,ms,firefox,444900003.0,1833729830,2024-01-28 01:17:56,596.7,2e376c0d1662606cf6811ab3ff138b784d465291,1367530,,,,,,,,,,,,,,,,,,,,,,,,,,,,,,,,,,,,,,,,,,,,,,,,,,,,,,,,,,,,,TN,TN
autoland,4405952,13,ad8d5d1385265583919f5a224e1153902b6eef60,macosx1015-64-shippable-qr,True,False,,|b|y|t|e|c|o|d|e|-|c|a|c|h|e|d| |c|o|l|d| |f|i|s|s|i|o|n| |w|e|b|r|e|n|d|e|r|,102210fe594ee9b33d82058545b1ed14f4c8206e,PerceptualSpeedIndex,twitter,True,twitter PerceptualSpeedIndex opt bytecode-cached cold fission webrender,,77,ms,firefox,444904763.0,1833761945,2024-01-28 06:00:30,599.1,0f372a16b1e1e959f46701e4210f6a6eaf4e40ec,1367545,,,,,,,,,,,,,,,,,,,,,,,,,,,,,,,,,,,,,,,,,,,,,,,,,,,,,,,,,,,,,TN,TN
autoland,4405952,13,ad8d5d1385265583919f5a224e1153902b6eef60,macosx1015-64-shippable-qr,True,False,,|b|y|t|e|c|o|d|e|-|c|a|c|h|e|d| |c|o|l|d| |f|i|s|s|i|o|n| |w|e|b|r|e|n|d|e|r|,102210fe594ee9b33d82058545b1ed14f4c8206e,PerceptualSpeedIndex,twitter,True,twitter PerceptualSpeedIndex opt bytecode-cached cold fission webrender,,77,ms,firefox,444934079.0,1833913693,2024-01-28 10:01:02,607.5,9b32d8116833ab08f4e3f0b18c12587ac1f9360b,1367556,,,,,,,,,,,,,,,,,,,,,,,,,,,,,,,,,,,,,,,,,,,,,,,,,,,,,,,,,,,,,TN,TN
autoland,4405952,13,ad8d5d1385265583919f5a224e1153902b6eef60,macosx1015-64-shippable-qr,True,False,,|b|y|t|e|c|o|d|e|-|c|a|c|h|e|d| |c|o|l|d| |f|i|s|s|i|o|n| |w|e|b|r|e|n|d|e|r|,102210fe594ee9b33d82058545b1ed14f4c8206e,PerceptualSpeedIndex,twitter,True,twitter PerceptualSpeedIndex opt bytecode-cached cold fission webrender,,77,ms,firefox,444946360.0,1833978186,2024-01-28 14:31:15,603.9,13780f5cb2f5d698f35a23f2fafa1593ef7affe9,1367584,,,,,,,,,,,,,,,,,,,,,,,,,,,,,,,,,,,,,,,,,,,,,,,,,,,,,,,,,,,,,TN,TN
autoland,4405952,13,ad8d5d1385265583919f5a224e1153902b6eef60,macosx1015-64-shippable-qr,True,False,,|b|y|t|e|c|o|d|e|-|c|a|c|h|e|d| |c|o|l|d| |f|i|s|s|i|o|n| |w|e|b|r|e|n|d|e|r|,102210fe594ee9b33d82058545b1ed14f4c8206e,PerceptualSpeedIndex,twitter,True,twitter PerceptualSpeedIndex opt bytecode-cached cold fission webrender,,77,ms,firefox,444969563.0,1834093846,2024-01-29 01:40:26,581.1,852acff05fb8be21502af8fc12cceeb2baa70dd7,1367631,,,,,,,,,,,,,,,,,,,,,,,,,,,,,,,,,,,,,,,,,,,,,,,,,,,,,,,,,,,,,TN,TN
autoland,4405952,13,ad8d5d1385265583919f5a224e1153902b6eef60,macosx1015-64-shippable-qr,True,False,,|b|y|t|e|c|o|d|e|-|c|a|c|h|e|d| |c|o|l|d| |f|i|s|s|i|o|n| |w|e|b|r|e|n|d|e|r|,102210fe594ee9b33d82058545b1ed14f4c8206e,PerceptualSpeedIndex,twitter,True,twitter PerceptualSpeedIndex opt bytecode-cached cold fission webrender,,77,ms,firefox,445007186.0,1834285861,2024-01-29 10:50:01,613.0,fce9e73861891da48d1a0b85240491fa3e042f8b,1367743,,,,,,,,,,,,,,,,,,,,,,,,,,,,,,,,,,,,,,,,,,,,,,,,,,,,,,,,,,,,,TN,TN
autoland,4405952,13,ad8d5d1385265583919f5a224e1153902b6eef60,macosx1015-64-shippable-qr,True,False,,|b|y|t|e|c|o|d|e|-|c|a|c|h|e|d| |c|o|l|d| |f|i|s|s|i|o|n| |w|e|b|r|e|n|d|e|r|,102210fe594ee9b33d82058545b1ed14f4c8206e,PerceptualSpeedIndex,twitter,True,twitter PerceptualSpeedIndex opt bytecode-cached cold fission webrender,,77,ms,firefox,445043661.0,1834551912,2024-01-29 14:53:09,624.6,97de3c8a7931e01c1a1c1cf6ac90a580607b77c9,1367876,,,,,,,,,,,,,,,,,,,,,,,,,,,,,,,,,,,,,,,,,,,,,,,,,,,,,,,,,,,,,TN,TN
autoland,4405952,13,ad8d5d1385265583919f5a224e1153902b6eef60,macosx1015-64-shippable-qr,True,False,,|b|y|t|e|c|o|d|e|-|c|a|c|h|e|d| |c|o|l|d| |f|i|s|s|i|o|n| |w|e|b|r|e|n|d|e|r|,102210fe594ee9b33d82058545b1ed14f4c8206e,PerceptualSpeedIndex,twitter,True,twitter PerceptualSpeedIndex opt bytecode-cached cold fission webrender,,77,ms,firefox,445043373.0,1834428312,2024-01-29 14:59:33,599.0,8e91f5176c0f6e1689a893ed34d5046dbbd1122e,1367883,,,,,,,,,,,,,,,,,,,,,,,,,,,,,,,,,,,,,,,,,,,,,,,,,,,,,,,,,,,,,TN,TN
autoland,4405952,13,ad8d5d1385265583919f5a224e1153902b6eef60,macosx1015-64-shippable-qr,True,False,,|b|y|t|e|c|o|d|e|-|c|a|c|h|e|d| |c|o|l|d| |f|i|s|s|i|o|n| |w|e|b|r|e|n|d|e|r|,102210fe594ee9b33d82058545b1ed14f4c8206e,PerceptualSpeedIndex,twitter,True,twitter PerceptualSpeedIndex opt bytecode-cached cold fission webrender,,77,ms,firefox,445072780.0,1834589257,2024-01-29 17:46:45,607.5,8913eab3409d19e1cf1a2c19f256256c293b3154,1368035,,,,,,,,,,,,,,,,,,,,,,,,,,,,,,,,,,,,,,,,,,,,,,,,,,,,,,,,,,,,,TN,TN
autoland,4405952,13,ad8d5d1385265583919f5a224e1153902b6eef60,macosx1015-64-shippable-qr,True,False,,|b|y|t|e|c|o|d|e|-|c|a|c|h|e|d| |c|o|l|d| |f|i|s|s|i|o|n| |w|e|b|r|e|n|d|e|r|,102210fe594ee9b33d82058545b1ed14f4c8206e,PerceptualSpeedIndex,twitter,True,twitter PerceptualSpeedIndex opt bytecode-cached cold fission webrender,,77,ms,firefox,445105400.0,1834704688,2024-01-29 21:21:15,613.2,57a27d8b6d2a7f1f5c1ec710e4a09422fb9c05e1,1368229,,,,,,,,,,,,,,,,,,,,,,,,,,,,,,,,,,,,,,,,,,,,,,,,,,,,,,,,,,,,,TN,TN
autoland,4405952,13,ad8d5d1385265583919f5a224e1153902b6eef60,macosx1015-64-shippable-qr,True,False,,|b|y|t|e|c|o|d|e|-|c|a|c|h|e|d| |c|o|l|d| |f|i|s|s|i|o|n| |w|e|b|r|e|n|d|e|r|,102210fe594ee9b33d82058545b1ed14f4c8206e,PerceptualSpeedIndex,twitter,True,twitter PerceptualSpeedIndex opt bytecode-cached cold fission webrender,,77,ms,firefox,445123435.0,1834776544,2024-01-29 23:10:28,618.1,b762b1918611946f2efce40512efc3b9e5dffeb4,1368268,,,,,,,,,,,,,,,,,,,,,,,,,,,,,,,,,,,,,,,,,,,,,,,,,,,,,,,,,,,,,TN,TN
autoland,4405952,13,ad8d5d1385265583919f5a224e1153902b6eef60,macosx1015-64-shippable-qr,True,False,,|b|y|t|e|c|o|d|e|-|c|a|c|h|e|d| |c|o|l|d| |f|i|s|s|i|o|n| |w|e|b|r|e|n|d|e|r|,102210fe594ee9b33d82058545b1ed14f4c8206e,PerceptualSpeedIndex,twitter,True,twitter PerceptualSpeedIndex opt bytecode-cached cold fission webrender,,77,ms,firefox,445123621.0,1834778429,2024-01-29 23:11:10,625.9,cf44126862404cba2f62cb4052b457b4a17052c2,1368269,,,,,,,,,,,,,,,,,,,,,,,,,,,,,,,,,,,,,,,,,,,,,,,,,,,,,,,,,,,,,TN,TN
autoland,4405952,13,ad8d5d1385265583919f5a224e1153902b6eef60,macosx1015-64-shippable-qr,True,False,,|b|y|t|e|c|o|d|e|-|c|a|c|h|e|d| |c|o|l|d| |f|i|s|s|i|o|n| |w|e|b|r|e|n|d|e|r|,102210fe594ee9b33d82058545b1ed14f4c8206e,PerceptualSpeedIndex,twitter,True,twitter PerceptualSpeedIndex opt bytecode-cached cold fission webrender,,77,ms,firefox,445115470.0,1834738745,2024-01-30 01:21:53,619.9,265910d5bfe79cc856e1c18d9e403fed38ee5a79,1368286,,,,,,,,,,,,,,,,,,,,,,,,,,,,,,,,,,,,,,,,,,,,,,,,,,,,,,,,,,,,,TN,TN
autoland,4405952,13,ad8d5d1385265583919f5a224e1153902b6eef60,macosx1015-64-shippable-qr,True,False,,|b|y|t|e|c|o|d|e|-|c|a|c|h|e|d| |c|o|l|d| |f|i|s|s|i|o|n| |w|e|b|r|e|n|d|e|r|,102210fe594ee9b33d82058545b1ed14f4c8206e,PerceptualSpeedIndex,twitter,True,twitter PerceptualSpeedIndex opt bytecode-cached cold fission webrender,,77,ms,firefox,445295563.0,1835839534,2024-01-30 02:38:36,614.6,ab57d25172caf6ccb530b4064f03630a54325d5d,1368358,,,,,,,,,,,,,,,,,,,,,,,,,,,,,,,,,,,,,,,,,,,,,,,,,,,,,,,,,,,,,TN,TN
autoland,4405952,13,ad8d5d1385265583919f5a224e1153902b6eef60,macosx1015-64-shippable-qr,True,False,,|b|y|t|e|c|o|d|e|-|c|a|c|h|e|d| |c|o|l|d| |f|i|s|s|i|o|n| |w|e|b|r|e|n|d|e|r|,102210fe594ee9b33d82058545b1ed14f4c8206e,PerceptualSpeedIndex,twitter,True,twitter PerceptualSpeedIndex opt bytecode-cached cold fission webrender,,77,ms,firefox,445295119.0,1835824722,2024-01-30 02:48:40,588.6,5d6eda16e0084bfea54586bd3a7cecf7c6a2c86b,1368362,,,,,,,,,,,,,,,,,,,,,,,,,,,,,,,,,,,,,,,,,,,,,,,,,,,,,,,,,,,,,TN,TN
autoland,4405952,13,ad8d5d1385265583919f5a224e1153902b6eef60,macosx1015-64-shippable-qr,True,False,,|b|y|t|e|c|o|d|e|-|c|a|c|h|e|d| |c|o|l|d| |f|i|s|s|i|o|n| |w|e|b|r|e|n|d|e|r|,102210fe594ee9b33d82058545b1ed14f4c8206e,PerceptualSpeedIndex,twitter,True,twitter PerceptualSpeedIndex opt bytecode-cached cold fission webrender,,77,ms,firefox,445184563.0,1835435526,2024-01-30 13:09:07,590.4,a9528d76a91bc50db12b4a18830536bb25a6e378,1368599,,,,,,,,,,,,,,,,,,,,,,,,,,,,,,,,,,,,,,,,,,,,,,,,,,,,,,,,,,,,,TN,TN
autoland,4405952,13,ad8d5d1385265583919f5a224e1153902b6eef60,macosx1015-64-shippable-qr,True,False,,|b|y|t|e|c|o|d|e|-|c|a|c|h|e|d| |c|o|l|d| |f|i|s|s|i|o|n| |w|e|b|r|e|n|d|e|r|,102210fe594ee9b33d82058545b1ed14f4c8206e,PerceptualSpeedIndex,twitter,True,twitter PerceptualSpeedIndex opt bytecode-cached cold fission webrender,,77,ms,firefox,445188187.0,1835455508,2024-01-30 13:14:31,616.7,91338712d82fcf42896cfc451e6341a5b95963b8,1368603,,,,,,,,,,,,,,,,,,,,,,,,,,,,,,,,,,,,,,,,,,,,,,,,,,,,,,,,,,,,,TN,TN
autoland,4405952,13,ad8d5d1385265583919f5a224e1153902b6eef60,macosx1015-64-shippable-qr,True,False,,|b|y|t|e|c|o|d|e|-|c|a|c|h|e|d| |c|o|l|d| |f|i|s|s|i|o|n| |w|e|b|r|e|n|d|e|r|,102210fe594ee9b33d82058545b1ed14f4c8206e,PerceptualSpeedIndex,twitter,True,twitter PerceptualSpeedIndex opt bytecode-cached cold fission webrender,,77,ms,firefox,445293004.0,1835793645,2024-01-30 13:22:04,621.9,5eb08718b0d730bce22d08716392a14c090bbc8c,1368619,,,,,,,,,,,,,,,,,,,,,,,,,,,,,,,,,,,,,,,,,,,,,,,,,,,,,,,,,,,,,TN,TN
autoland,4405952,13,ad8d5d1385265583919f5a224e1153902b6eef60,macosx1015-64-shippable-qr,True,False,,|b|y|t|e|c|o|d|e|-|c|a|c|h|e|d| |c|o|l|d| |f|i|s|s|i|o|n| |w|e|b|r|e|n|d|e|r|,102210fe594ee9b33d82058545b1ed14f4c8206e,PerceptualSpeedIndex,twitter,True,twitter PerceptualSpeedIndex opt bytecode-cached cold fission webrender,,77,ms,firefox,445295212.0,1835831726,2024-01-30 13:22:56,629.6,303334fc1459c8674765c0b5561251b283be50b9,1368620,,,,,,,,,,,,,,,,,,,,,,,,,,,,,,,,,,,,,,,,,,,,,,,,,,,,,,,,,,,,,TN,TN
autoland,4405952,13,ad8d5d1385265583919f5a224e1153902b6eef60,macosx1015-64-shippable-qr,True,False,,|b|y|t|e|c|o|d|e|-|c|a|c|h|e|d| |c|o|l|d| |f|i|s|s|i|o|n| |w|e|b|r|e|n|d|e|r|,102210fe594ee9b33d82058545b1ed14f4c8206e,PerceptualSpeedIndex,twitter,True,twitter PerceptualSpeedIndex opt bytecode-cached cold fission webrender,,77,ms,firefox,445195717.0,1835472777,2024-01-30 14:29:15,612.7,1ac69623ae79a621c0035377f0841b1ba83070c1,1368655,,,,,,,,,,,,,,,,,,,,,,,,,,,,,,,,,,,,,,,,,,,,,,,,,,,,,,,,,,,,,TN,TN
autoland,4405952,13,ad8d5d1385265583919f5a224e1153902b6eef60,macosx1015-64-shippable-qr,True,False,,|b|y|t|e|c|o|d|e|-|c|a|c|h|e|d| |c|o|l|d| |f|i|s|s|i|o|n| |w|e|b|r|e|n|d|e|r|,102210fe594ee9b33d82058545b1ed14f4c8206e,PerceptualSpeedIndex,twitter,True,twitter PerceptualSpeedIndex opt bytecode-cached cold fission webrender,,77,ms,firefox,445238712.0,1835572561,2024-01-30 18:56:21,579.2,a3dd43748dcdec6a27a5c140bfd611d463cd9acf,1368858,,,,,,,,,,,,,,,,,,,,,,,,,,,,,,,,,,,,,,,,,,,,,,,,,,,,,,,,,,,,,TN,TN
autoland,4405952,13,ad8d5d1385265583919f5a224e1153902b6eef60,macosx1015-64-shippable-qr,True,False,,|b|y|t|e|c|o|d|e|-|c|a|c|h|e|d| |c|o|l|d| |f|i|s|s|i|o|n| |w|e|b|r|e|n|d|e|r|,102210fe594ee9b33d82058545b1ed14f4c8206e,PerceptualSpeedIndex,twitter,True,twitter PerceptualSpeedIndex opt bytecode-cached cold fission webrender,,77,ms,firefox,445246553.0,1835583521,2024-01-30 20:08:25,596.6,06b0ce1a9748e18deb48466efed01c1f5a8ff984,1368918,,,,,,,,,,,,,,,,,,,,,,,,,,,,,,,,,,,,,,,,,,,,,,,,,,,,,,,,,,,,,TN,TN
autoland,4405952,13,ad8d5d1385265583919f5a224e1153902b6eef60,macosx1015-64-shippable-qr,True,False,,|b|y|t|e|c|o|d|e|-|c|a|c|h|e|d| |c|o|l|d| |f|i|s|s|i|o|n| |w|e|b|r|e|n|d|e|r|,102210fe594ee9b33d82058545b1ed14f4c8206e,PerceptualSpeedIndex,twitter,True,twitter PerceptualSpeedIndex opt bytecode-cached cold fission webrender,,77,ms,firefox,445293132.0,1835817471,2024-01-30 20:13:45,639.4,63688f915f53e04177a572d08a5064a8a019c0ba,1368925,,,,,,,,,,,,,,,,,,,,,,,,,,,,,,,,,,,,,,,,,,,,,,,,,,,,,,,,,,,,,TN,TN
autoland,4405952,13,ad8d5d1385265583919f5a224e1153902b6eef60,macosx1015-64-shippable-qr,True,False,,|b|y|t|e|c|o|d|e|-|c|a|c|h|e|d| |c|o|l|d| |f|i|s|s|i|o|n| |w|e|b|r|e|n|d|e|r|,102210fe594ee9b33d82058545b1ed14f4c8206e,PerceptualSpeedIndex,twitter,True,twitter PerceptualSpeedIndex opt bytecode-cached cold fission webrender,,77,ms,firefox,445294625.0,1835819241,2024-01-30 20:14:27,585.8,e2dede5cbdb79929f778f477a6c8b412f31ea798,1368926,,,,,,,,,,,,,,,,,,,,,,,,,,,,,,,,,,,,,,,,,,,,,,,,,,,,,,,,,,,,,TN,TN
autoland,4405952,13,ad8d5d1385265583919f5a224e1153902b6eef60,macosx1015-64-shippable-qr,True,False,,|b|y|t|e|c|o|d|e|-|c|a|c|h|e|d| |c|o|l|d| |f|i|s|s|i|o|n| |w|e|b|r|e|n|d|e|r|,102210fe594ee9b33d82058545b1ed14f4c8206e,PerceptualSpeedIndex,twitter,True,twitter PerceptualSpeedIndex opt bytecode-cached cold fission webrender,,77,ms,firefox,445280404.0,1835691500,2024-01-31 00:31:01,615.9,e35109546c3cb0f5957a604c27f5f1dd2b7f81c0,1369086,,,,,,,,,,,,,,,,,,,,,,,,,,,,,,,,,,,,,,,,,,,,,,,,,,,,,,,,,,,,,TN,TN
autoland,4405952,13,ad8d5d1385265583919f5a224e1153902b6eef60,macosx1015-64-shippable-qr,True,False,,|b|y|t|e|c|o|d|e|-|c|a|c|h|e|d| |c|o|l|d| |f|i|s|s|i|o|n| |w|e|b|r|e|n|d|e|r|,102210fe594ee9b33d82058545b1ed14f4c8206e,PerceptualSpeedIndex,twitter,True,twitter PerceptualSpeedIndex opt bytecode-cached cold fission webrender,,77,ms,firefox,445281065.0,1835698007,2024-01-31 00:32:30,613.8,2cac2f68bfdcfc9012c537044bc475f076bda7b0,1369088,,,,,,,,,,,,,,,,,,,,,,,,,,,,,,,,,,,,,,,,,,,,,,,,,,,,,,,,,,,,,TN,TN
autoland,4405952,13,ad8d5d1385265583919f5a224e1153902b6eef60,macosx1015-64-shippable-qr,True,False,,|b|y|t|e|c|o|d|e|-|c|a|c|h|e|d| |c|o|l|d| |f|i|s|s|i|o|n| |w|e|b|r|e|n|d|e|r|,102210fe594ee9b33d82058545b1ed14f4c8206e,PerceptualSpeedIndex,twitter,True,twitter PerceptualSpeedIndex opt bytecode-cached cold fission webrender,,77,ms,firefox,445447242.0,1836462095,2024-01-31 02:25:46,622.0,4bad0524f4b8414b9df64413ea27b7af4ec48644,1369133,,,,,,,,,,,,,,,,,,,,,,,,,,,,,,,,,,,,,,,,,,,,,,,,,,,,,,,,,,,,,TN,TN
autoland,4405952,13,ad8d5d1385265583919f5a224e1153902b6eef60,macosx1015-64-shippable-qr,True,False,,|b|y|t|e|c|o|d|e|-|c|a|c|h|e|d| |c|o|l|d| |f|i|s|s|i|o|n| |w|e|b|r|e|n|d|e|r|,102210fe594ee9b33d82058545b1ed14f4c8206e,PerceptualSpeedIndex,twitter,True,twitter PerceptualSpeedIndex opt bytecode-cached cold fission webrender,,77,ms,firefox,445457713.0,1836554365,2024-01-31 02:44:42,609.0,6c256fa0d22a5793a40b8ab6aafb34d0dd55cffb,1369143,,,,,,,,,,,,,,,,,,,,,,,,,,,,,,,,,,,,,,,,,,,,,,,,,,,,,,,,,,,,,TN,TN
autoland,4405952,13,ad8d5d1385265583919f5a224e1153902b6eef60,macosx1015-64-shippable-qr,True,False,,|b|y|t|e|c|o|d|e|-|c|a|c|h|e|d| |c|o|l|d| |f|i|s|s|i|o|n| |w|e|b|r|e|n|d|e|r|,102210fe594ee9b33d82058545b1ed14f4c8206e,PerceptualSpeedIndex,twitter,True,twitter PerceptualSpeedIndex opt bytecode-cached cold fission webrender,,77,ms,firefox,445295791.0,1835843410,2024-01-31 05:59:52,592.7,5f6f60ae2125dc46d98b4b9276bce2d562d1f1bf,1369182,,,,,,,,,,,,,,,,,,,,,,,,,,,,,,,,,,,,,,,,,,,,,,,,,,,,,,,,,,,,,TN,TN
autoland,4405952,13,ad8d5d1385265583919f5a224e1153902b6eef60,macosx1015-64-shippable-qr,True,False,,|b|y|t|e|c|o|d|e|-|c|a|c|h|e|d| |c|o|l|d| |f|i|s|s|i|o|n| |w|e|b|r|e|n|d|e|r|,102210fe594ee9b33d82058545b1ed14f4c8206e,PerceptualSpeedIndex,twitter,True,twitter PerceptualSpeedIndex opt bytecode-cached cold fission webrender,,77,ms,firefox,445346260.0,1836027330,2024-01-31 13:01:30,602.0,5e52e144df4112277cfdda903747f83f1f147385,1369309,,,,,,,,,,,,,,,,,,,,,,,,,,,,,,,,,,,,,,,,,,,,,,,,,,,,,,,,,,,,,TN,TN
autoland,4405952,13,ad8d5d1385265583919f5a224e1153902b6eef60,macosx1015-64-shippable-qr,True,False,,|b|y|t|e|c|o|d|e|-|c|a|c|h|e|d| |c|o|l|d| |f|i|s|s|i|o|n| |w|e|b|r|e|n|d|e|r|,102210fe594ee9b33d82058545b1ed14f4c8206e,PerceptualSpeedIndex,twitter,True,twitter PerceptualSpeedIndex opt bytecode-cached cold fission webrender,,77,ms,firefox,445457279.0,1836543937,2024-01-31 15:58:13,605.0,b7dab3b0d3f470193a71c5bea19ee5fbaa6530f1,1369399,,,,,,,,,,,,,,,,,,,,,,,,,,,,,,,,,,,,,,,,,,,,,,,,,,,,,,,,,,,,,TN,TN
autoland,4405952,13,ad8d5d1385265583919f5a224e1153902b6eef60,macosx1015-64-shippable-qr,True,False,,|b|y|t|e|c|o|d|e|-|c|a|c|h|e|d| |c|o|l|d| |f|i|s|s|i|o|n| |w|e|b|r|e|n|d|e|r|,102210fe594ee9b33d82058545b1ed14f4c8206e,PerceptualSpeedIndex,twitter,True,twitter PerceptualSpeedIndex opt bytecode-cached cold fission webrender,,77,ms,firefox,445458921.0,1836564725,2024-01-31 16:10:27,601.1,e5ffa1d00efcd98c1b4b7d4587f0ba8ea89a0db2,1369414,,,,,,,,,,,,,,,,,,,,,,,,,,,,,,,,,,,,,,,,,,,,,,,,,,,,,,,,,,,,,TN,TN
autoland,4405952,13,ad8d5d1385265583919f5a224e1153902b6eef60,macosx1015-64-shippable-qr,True,False,,|b|y|t|e|c|o|d|e|-|c|a|c|h|e|d| |c|o|l|d| |f|i|s|s|i|o|n| |w|e|b|r|e|n|d|e|r|,102210fe594ee9b33d82058545b1ed14f4c8206e,PerceptualSpeedIndex,twitter,True,twitter PerceptualSpeedIndex opt bytecode-cached cold fission webrender,,77,ms,firefox,445385135.0,1836177580,2024-01-31 17:27:18,597.3,a0bd6c4162065e8caa2b60ce8082f77d53221fb7,1369495,,,,,,,,,,,,,,,,,,,,,,,,,,,,,,,,,,,,,,,,,,,,,,,,,,,,,,,,,,,,,TN,TN
autoland,4405952,13,ad8d5d1385265583919f5a224e1153902b6eef60,macosx1015-64-shippable-qr,True,False,,|b|y|t|e|c|o|d|e|-|c|a|c|h|e|d| |c|o|l|d| |f|i|s|s|i|o|n| |w|e|b|r|e|n|d|e|r|,102210fe594ee9b33d82058545b1ed14f4c8206e,PerceptualSpeedIndex,twitter,True,twitter PerceptualSpeedIndex opt bytecode-cached cold fission webrender,,77,ms,firefox,445456228.0,1836516244,2024-01-31 18:16:51,608.3,51cfd5dc22d96a1bf9482904157e76f085fa7da7,1369525,,,,,,,,,,,,,,,,,,,,,,,,,,,,,,,,,,,,,,,,,,,,,,,,,,,,,,,,,,,,,TN,TN
autoland,4405952,13,ad8d5d1385265583919f5a224e1153902b6eef60,macosx1015-64-shippable-qr,True,False,,|b|y|t|e|c|o|d|e|-|c|a|c|h|e|d| |c|o|l|d| |f|i|s|s|i|o|n| |w|e|b|r|e|n|d|e|r|,102210fe594ee9b33d82058545b1ed14f4c8206e,PerceptualSpeedIndex,twitter,True,twitter PerceptualSpeedIndex opt bytecode-cached cold fission webrender,,77,ms,firefox,445457466.0,1836549521,2024-01-31 18:17:34,599.1,e0dd05f7816f3194d0a0a1d44ea0ebc55454b442,1369526,,,,,,,,,,,,,,,,,,,,,,,,,,,,,,,,,,,,,,,,,,,,,,,,,,,,,,,,,,,,,TN,TN
autoland,4405952,13,ad8d5d1385265583919f5a224e1153902b6eef60,macosx1015-64-shippable-qr,True,False,,|b|y|t|e|c|o|d|e|-|c|a|c|h|e|d| |c|o|l|d| |f|i|s|s|i|o|n| |w|e|b|r|e|n|d|e|r|,102210fe594ee9b33d82058545b1ed14f4c8206e,PerceptualSpeedIndex,twitter,True,twitter PerceptualSpeedIndex opt bytecode-cached cold fission webrender,,77,ms,firefox,445458813.0,1836561982,2024-01-31 18:17:34,591.5,e0dd05f7816f3194d0a0a1d44ea0ebc55454b442,1369526,,,,,,,,,,,,,,,,,,,,,,,,,,,,,,,,,,,,,,,,,,,,,,,,,,,,,,,,,,,,,TN,TN
autoland,4405952,13,ad8d5d1385265583919f5a224e1153902b6eef60,macosx1015-64-shippable-qr,True,False,,|b|y|t|e|c|o|d|e|-|c|a|c|h|e|d| |c|o|l|d| |f|i|s|s|i|o|n| |w|e|b|r|e|n|d|e|r|,102210fe594ee9b33d82058545b1ed14f4c8206e,PerceptualSpeedIndex,twitter,True,twitter PerceptualSpeedIndex opt bytecode-cached cold fission webrender,,77,ms,firefox,445455321.0,1836505665,2024-01-31 18:24:40,602.9,79a0d8770b55cb81f688dd50a56f2c84295b70f2,1369535,,,,,,,,,,,,,,,,,,,,,,,,,,,,,,,,,,,,,,,,,,,,,,,,,,,,,,,,,,,,,TN,TN
autoland,4405952,13,ad8d5d1385265583919f5a224e1153902b6eef60,macosx1015-64-shippable-qr,True,False,,|b|y|t|e|c|o|d|e|-|c|a|c|h|e|d| |c|o|l|d| |f|i|s|s|i|o|n| |w|e|b|r|e|n|d|e|r|,102210fe594ee9b33d82058545b1ed14f4c8206e,PerceptualSpeedIndex,twitter,True,twitter PerceptualSpeedIndex opt bytecode-cached cold fission webrender,,77,ms,firefox,445396495.0,1836235908,2024-01-31 18:39:44,572.5,6bfab7427c326136417b187f0df7a7c63528daa3,1369546,,,,,,,,,,,,,,,,,,,,,,,,,,,,,,,,,,,,,,,,,,,,,,,,,,,,,,,,,,,,,TN,TN
autoland,4405952,13,ad8d5d1385265583919f5a224e1153902b6eef60,macosx1015-64-shippable-qr,True,False,,|b|y|t|e|c|o|d|e|-|c|a|c|h|e|d| |c|o|l|d| |f|i|s|s|i|o|n| |w|e|b|r|e|n|d|e|r|,102210fe594ee9b33d82058545b1ed14f4c8206e,PerceptualSpeedIndex,twitter,True,twitter PerceptualSpeedIndex opt bytecode-cached cold fission webrender,,77,ms,firefox,445435470.0,1836402020,2024-01-31 21:40:54,592.1,2ee5ce9b3c67b7e972b0dff7348ea32cb570880e,1369676,,,,,,,,,,,,,,,,,,,,,,,,,,,,,,,,,,,,,,,,,,,,,,,,,,,,,,,,,,,,,TN,TN
autoland,4405952,13,ad8d5d1385265583919f5a224e1153902b6eef60,macosx1015-64-shippable-qr,True,False,,|b|y|t|e|c|o|d|e|-|c|a|c|h|e|d| |c|o|l|d| |f|i|s|s|i|o|n| |w|e|b|r|e|n|d|e|r|,102210fe594ee9b33d82058545b1ed14f4c8206e,PerceptualSpeedIndex,twitter,True,twitter PerceptualSpeedIndex opt bytecode-cached cold fission webrender,,77,ms,firefox,445446550.0,1836452025,2024-02-01 02:14:37,589.1,6db2a1e04f4120175d3aad9831795823a4269aab,1369822,,,,,,,,,,,,,,,,,,,,,,,,,,,,,,,,,,,,,,,,,,,,,,,,,,,,,,,,,,,,,TN,TN
autoland,4405952,13,ad8d5d1385265583919f5a224e1153902b6eef60,macosx1015-64-shippable-qr,True,False,,|b|y|t|e|c|o|d|e|-|c|a|c|h|e|d| |c|o|l|d| |f|i|s|s|i|o|n| |w|e|b|r|e|n|d|e|r|,102210fe594ee9b33d82058545b1ed14f4c8206e,PerceptualSpeedIndex,twitter,True,twitter PerceptualSpeedIndex opt bytecode-cached cold fission webrender,,77,ms,firefox,445462240.0,1836568145,2024-02-01 06:47:17,634.5,959c3318d5c3f3881746455c2c584be49bb179b6,1369862,,,,,,,,,,,,,,,,,,,,,,,,,,,,,,,,,,,,,,,,,,,,,,,,,,,,,,,,,,,,,TN,TN
autoland,4405952,13,ad8d5d1385265583919f5a224e1153902b6eef60,macosx1015-64-shippable-qr,True,False,,|b|y|t|e|c|o|d|e|-|c|a|c|h|e|d| |c|o|l|d| |f|i|s|s|i|o|n| |w|e|b|r|e|n|d|e|r|,102210fe594ee9b33d82058545b1ed14f4c8206e,PerceptualSpeedIndex,twitter,True,twitter PerceptualSpeedIndex opt bytecode-cached cold fission webrender,,77,ms,firefox,445497861.0,1836707140,2024-02-01 11:14:36,692.7,a6957fa936149dccf133bd99e165c5879c2cb4d5,1370007,,,,,,,,,,,,,,,,,,,,,,,,,,,,,,,,,,,,,,,,,,,,,,,,,,,,,,,,,,,,,TN,TN
autoland,4405952,13,ad8d5d1385265583919f5a224e1153902b6eef60,macosx1015-64-shippable-qr,True,False,,|b|y|t|e|c|o|d|e|-|c|a|c|h|e|d| |c|o|l|d| |f|i|s|s|i|o|n| |w|e|b|r|e|n|d|e|r|,102210fe594ee9b33d82058545b1ed14f4c8206e,PerceptualSpeedIndex,twitter,True,twitter PerceptualSpeedIndex opt bytecode-cached cold fission webrender,,77,ms,firefox,445522097.0,1837062428,2024-02-01 13:09:51,614.0,93a67689b8581caaa6d429ea7105abf0dc55e98f,1370065,,,,,,,,,,,,,,,,,,,,,,,,,,,,,,,,,,,,,,,,,,,,,,,,,,,,,,,,,,,,,TN,TN
autoland,4405952,13,ad8d5d1385265583919f5a224e1153902b6eef60,macosx1015-64-shippable-qr,True,False,,|b|y|t|e|c|o|d|e|-|c|a|c|h|e|d| |c|o|l|d| |f|i|s|s|i|o|n| |w|e|b|r|e|n|d|e|r|,102210fe594ee9b33d82058545b1ed14f4c8206e,PerceptualSpeedIndex,twitter,True,twitter PerceptualSpeedIndex opt bytecode-cached cold fission webrender,,77,ms,firefox,445577606.0,1837135028,2024-02-01 17:13:14,599.1,f84c76f9460d8a2a4048954be483e24638c0f39c,1370273,,,,,,,,,,,,,,,,,,,,,,,,,,,,,,,,,,,,,,,,,,,,,,,,,,,,,,,,,,,,,TN,TN
autoland,4405952,13,ad8d5d1385265583919f5a224e1153902b6eef60,macosx1015-64-shippable-qr,True,False,,|b|y|t|e|c|o|d|e|-|c|a|c|h|e|d| |c|o|l|d| |f|i|s|s|i|o|n| |w|e|b|r|e|n|d|e|r|,102210fe594ee9b33d82058545b1ed14f4c8206e,PerceptualSpeedIndex,twitter,True,twitter PerceptualSpeedIndex opt bytecode-cached cold fission webrender,,77,ms,firefox,445577874.0,1837148270,2024-02-01 18:09:58,596.3,854c462a083b4271435625134f95ce342e243ccb,1370333,,,,,,,,,,,,,,,,,,,,,,,,,,,,,,,,,,,,,,,,,,,,,,,,,,,,,,,,,,,,,TN,TN
autoland,4405952,13,ad8d5d1385265583919f5a224e1153902b6eef60,macosx1015-64-shippable-qr,True,False,,|b|y|t|e|c|o|d|e|-|c|a|c|h|e|d| |c|o|l|d| |f|i|s|s|i|o|n| |w|e|b|r|e|n|d|e|r|,102210fe594ee9b33d82058545b1ed14f4c8206e,PerceptualSpeedIndex,twitter,True,twitter PerceptualSpeedIndex opt bytecode-cached cold fission webrender,,77,ms,firefox,445615231.0,1837197536,2024-02-01 22:12:05,587.8,144c524a091e2ed65d62b4911026d3400cea02fa,1370552,,,,,,,,,,,,,,,,,,,,,,,,,,,,,,,,,,,,,,,,,,,,,,,,,,,,,,,,,,,,,TN,TN
autoland,4405952,13,ad8d5d1385265583919f5a224e1153902b6eef60,macosx1015-64-shippable-qr,True,False,,|b|y|t|e|c|o|d|e|-|c|a|c|h|e|d| |c|o|l|d| |f|i|s|s|i|o|n| |w|e|b|r|e|n|d|e|r|,102210fe594ee9b33d82058545b1ed14f4c8206e,PerceptualSpeedIndex,twitter,True,twitter PerceptualSpeedIndex opt bytecode-cached cold fission webrender,,77,ms,firefox,445614948.0,1837191270,2024-02-01 22:19:46,590.9,085a323ab16cb288d40fca29f6bb35d5d7e85753,1370561,,,,,,,,,,,,,,,,,,,,,,,,,,,,,,,,,,,,,,,,,,,,,,,,,,,,,,,,,,,,,TN,TN
autoland,4405952,13,ad8d5d1385265583919f5a224e1153902b6eef60,macosx1015-64-shippable-qr,True,False,,|b|y|t|e|c|o|d|e|-|c|a|c|h|e|d| |c|o|l|d| |f|i|s|s|i|o|n| |w|e|b|r|e|n|d|e|r|,102210fe594ee9b33d82058545b1ed14f4c8206e,PerceptualSpeedIndex,twitter,True,twitter PerceptualSpeedIndex opt bytecode-cached cold fission webrender,,77,ms,firefox,445627408.0,1837248431,2024-02-02 02:49:20,606.9,dd4c0135beb5076b1a073f8d52507b724781d423,1370659,,,,,,,,,,,,,,,,,,,,,,,,,,,,,,,,,,,,,,,,,,,,,,,,,,,,,,,,,,,,,TN,TN
autoland,4405952,13,ad8d5d1385265583919f5a224e1153902b6eef60,macosx1015-64-shippable-qr,True,False,,|b|y|t|e|c|o|d|e|-|c|a|c|h|e|d| |c|o|l|d| |f|i|s|s|i|o|n| |w|e|b|r|e|n|d|e|r|,102210fe594ee9b33d82058545b1ed14f4c8206e,PerceptualSpeedIndex,twitter,True,twitter PerceptualSpeedIndex opt bytecode-cached cold fission webrender,,77,ms,firefox,445701541.0,1837549864,2024-02-02 13:54:17,626.0,90d84a362f057a96158ef63f7aa96d639916e390,1370837,,,,,,,,,,,,,,,,,,,,,,,,,,,,,,,,,,,,,,,,,,,,,,,,,,,,,,,,,,,,,TN,TN
autoland,4405952,13,ad8d5d1385265583919f5a224e1153902b6eef60,macosx1015-64-shippable-qr,True,False,,|b|y|t|e|c|o|d|e|-|c|a|c|h|e|d| |c|o|l|d| |f|i|s|s|i|o|n| |w|e|b|r|e|n|d|e|r|,102210fe594ee9b33d82058545b1ed14f4c8206e,PerceptualSpeedIndex,twitter,True,twitter PerceptualSpeedIndex opt bytecode-cached cold fission webrender,,77,ms,firefox,445790898.0,1837988811,2024-02-02 13:58:28,594.4,85d4a93d2fce8e976fce8c0e6ae573731793a21d,1370841,,,,,,,,,,,,,,,,,,,,,,,,,,,,,,,,,,,,,,,,,,,,,,,,,,,,,,,,,,,,,TN,TN
autoland,4405952,13,ad8d5d1385265583919f5a224e1153902b6eef60,macosx1015-64-shippable-qr,True,False,,|b|y|t|e|c|o|d|e|-|c|a|c|h|e|d| |c|o|l|d| |f|i|s|s|i|o|n| |w|e|b|r|e|n|d|e|r|,102210fe594ee9b33d82058545b1ed14f4c8206e,PerceptualSpeedIndex,twitter,True,twitter PerceptualSpeedIndex opt bytecode-cached cold fission webrender,,77,ms,firefox,445707600.0,1837578805,2024-02-02 14:44:09,582.3,2d3365b1475ea6b0234b76a4ccfefc8c11e491a0,1370872,,,,,,,,,,,,,,,,,,,,,,,,,,,,,,,,,,,,,,,,,,,,,,,,,,,,,,,,,,,,,TN,TN
autoland,4405952,13,ad8d5d1385265583919f5a224e1153902b6eef60,macosx1015-64-shippable-qr,True,False,,|b|y|t|e|c|o|d|e|-|c|a|c|h|e|d| |c|o|l|d| |f|i|s|s|i|o|n| |w|e|b|r|e|n|d|e|r|,102210fe594ee9b33d82058545b1ed14f4c8206e,PerceptualSpeedIndex,twitter,True,twitter PerceptualSpeedIndex opt bytecode-cached cold fission webrender,,77,ms,firefox,445758829.0,1837870480,2024-02-02 19:53:24,600.3,67f13af428e383eb2f3472448564da31a6cd3eae,1371106,,,,,,,,,,,,,,,,,,,,,,,,,,,,,,,,,,,,,,,,,,,,,,,,,,,,,,,,,,,,,TN,TN
autoland,4405952,13,ad8d5d1385265583919f5a224e1153902b6eef60,macosx1015-64-shippable-qr,True,False,,|b|y|t|e|c|o|d|e|-|c|a|c|h|e|d| |c|o|l|d| |f|i|s|s|i|o|n| |w|e|b|r|e|n|d|e|r|,102210fe594ee9b33d82058545b1ed14f4c8206e,PerceptualSpeedIndex,twitter,True,twitter PerceptualSpeedIndex opt bytecode-cached cold fission webrender,,77,ms,firefox,445772874.0,1837897399,2024-02-02 21:53:09,616.4,0a89948ba0c00bf10f2fb02375bb347cffbdc1e1,1371183,,,,,,,,,,,,,,,,,,,,,,,,,,,,,,,,,,,,,,,,,,,,,,,,,,,,,,,,,,,,,TN,TN
autoland,4405952,13,ad8d5d1385265583919f5a224e1153902b6eef60,macosx1015-64-shippable-qr,True,False,,|b|y|t|e|c|o|d|e|-|c|a|c|h|e|d| |c|o|l|d| |f|i|s|s|i|o|n| |w|e|b|r|e|n|d|e|r|,102210fe594ee9b33d82058545b1ed14f4c8206e,PerceptualSpeedIndex,twitter,True,twitter PerceptualSpeedIndex opt bytecode-cached cold fission webrender,,77,ms,firefox,445785184.0,1837957316,2024-02-03 02:32:07,679.0,b9172a6f32d47b58f805d7cdc242ba32e55cb4a6,1371314,,,,,,,,,,,,,,,,,,,,,,,,,,,,,,,,,,,,,,,,,,,,,,,,,,,,,,,,,,,,,TN,TN
autoland,4405952,13,ad8d5d1385265583919f5a224e1153902b6eef60,macosx1015-64-shippable-qr,True,False,,|b|y|t|e|c|o|d|e|-|c|a|c|h|e|d| |c|o|l|d| |f|i|s|s|i|o|n| |w|e|b|r|e|n|d|e|r|,102210fe594ee9b33d82058545b1ed14f4c8206e,PerceptualSpeedIndex,twitter,True,twitter PerceptualSpeedIndex opt bytecode-cached cold fission webrender,,77,ms,firefox,445797206.0,1838008691,2024-02-03 06:48:17,608.7,f8d442e9495d595bd8d4c6cbd272480f9d0dbfb5,1371333,,,,,,,,,,,,,,,,,,,,,,,,,,,,,,,,,,,,,,,,,,,,,,,,,,,,,,,,,,,,,TN,TN
autoland,4405952,13,ad8d5d1385265583919f5a224e1153902b6eef60,macosx1015-64-shippable-qr,True,False,,|b|y|t|e|c|o|d|e|-|c|a|c|h|e|d| |c|o|l|d| |f|i|s|s|i|o|n| |w|e|b|r|e|n|d|e|r|,102210fe594ee9b33d82058545b1ed14f4c8206e,PerceptualSpeedIndex,twitter,True,twitter PerceptualSpeedIndex opt bytecode-cached cold fission webrender,,77,ms,firefox,445809108.0,1838054687,2024-02-03 09:08:28,579.2,6c316fd08b2f2ac6443dd8193a52f819df23ce2e,1371368,,,,,,,,,,,,,,,,,,,,,,,,,,,,,,,,,,,,,,,,,,,,,,,,,,,,,,,,,,,,,TN,TN
autoland,4405952,13,ad8d5d1385265583919f5a224e1153902b6eef60,macosx1015-64-shippable-qr,True,False,,|b|y|t|e|c|o|d|e|-|c|a|c|h|e|d| |c|o|l|d| |f|i|s|s|i|o|n| |w|e|b|r|e|n|d|e|r|,102210fe594ee9b33d82058545b1ed14f4c8206e,PerceptualSpeedIndex,twitter,True,twitter PerceptualSpeedIndex opt bytecode-cached cold fission webrender,,77,ms,firefox,445832160.0,1838151387,2024-02-03 16:51:05,576.7,234a8e0fb95fc4c3f978bc6c198667481d3115da,1371417,,,,,,,,,,,,,,,,,,,,,,,,,,,,,,,,,,,,,,,,,,,,,,,,,,,,,,,,,,,,,TN,TN
autoland,4405952,13,ad8d5d1385265583919f5a224e1153902b6eef60,macosx1015-64-shippable-qr,True,False,,|b|y|t|e|c|o|d|e|-|c|a|c|h|e|d| |c|o|l|d| |f|i|s|s|i|o|n| |w|e|b|r|e|n|d|e|r|,102210fe594ee9b33d82058545b1ed14f4c8206e,PerceptualSpeedIndex,twitter,True,twitter PerceptualSpeedIndex opt bytecode-cached cold fission webrender,,77,ms,firefox,445849851.0,1838250606,2024-02-04 01:32:05,632.3,7a5ad9c8b72b8e9fbc0f63d91a955bff54216958,1371481,,,,,,,,,,,,,,,,,,,,,,,,,,,,,,,,,,,,,,,,,,,,,,,,,,,,,,,,,,,,,TN,TN
autoland,4405952,13,ad8d5d1385265583919f5a224e1153902b6eef60,macosx1015-64-shippable-qr,True,False,,|b|y|t|e|c|o|d|e|-|c|a|c|h|e|d| |c|o|l|d| |f|i|s|s|i|o|n| |w|e|b|r|e|n|d|e|r|,102210fe594ee9b33d82058545b1ed14f4c8206e,PerceptualSpeedIndex,twitter,True,twitter PerceptualSpeedIndex opt bytecode-cached cold fission webrender,,77,ms,firefox,445878990.0,1838426041,2024-02-04 11:04:08,597.9,eb281b3fd4660b5e7e7d1e77f7ebe3182c28569d,1371513,,,,,,,,,,,,,,,,,,,,,,,,,,,,,,,,,,,,,,,,,,,,,,,,,,,,,,,,,,,,,TN,TN
autoland,4405952,13,ad8d5d1385265583919f5a224e1153902b6eef60,macosx1015-64-shippable-qr,True,False,,|b|y|t|e|c|o|d|e|-|c|a|c|h|e|d| |c|o|l|d| |f|i|s|s|i|o|n| |w|e|b|r|e|n|d|e|r|,102210fe594ee9b33d82058545b1ed14f4c8206e,PerceptualSpeedIndex,twitter,True,twitter PerceptualSpeedIndex opt bytecode-cached cold fission webrender,,77,ms,firefox,445890654.0,1838594140,2024-02-04 18:26:12,627.7,6cb794603d85d30882e94931d5c7cba2c609e8dd,1371541,,,,,,,,,,,,,,,,,,,,,,,,,,,,,,,,,,,,,,,,,,,,,,,,,,,,,,,,,,,,,TN,TN
autoland,4405952,13,ad8d5d1385265583919f5a224e1153902b6eef60,macosx1015-64-shippable-qr,True,False,,|b|y|t|e|c|o|d|e|-|c|a|c|h|e|d| |c|o|l|d| |f|i|s|s|i|o|n| |w|e|b|r|e|n|d|e|r|,102210fe594ee9b33d82058545b1ed14f4c8206e,PerceptualSpeedIndex,twitter,True,twitter PerceptualSpeedIndex opt bytecode-cached cold fission webrender,,77,ms,firefox,445908412.0,1838666819,2024-02-05 01:14:58,606.7,778e884de4e5ecb46e2d212a6f5f4a13e465a3a4,1371575,,,,,,,,,,,,,,,,,,,,,,,,,,,,,,,,,,,,,,,,,,,,,,,,,,,,,,,,,,,,,TN,TN
autoland,4405952,13,ad8d5d1385265583919f5a224e1153902b6eef60,macosx1015-64-shippable-qr,True,False,,|b|y|t|e|c|o|d|e|-|c|a|c|h|e|d| |c|o|l|d| |f|i|s|s|i|o|n| |w|e|b|r|e|n|d|e|r|,102210fe594ee9b33d82058545b1ed14f4c8206e,PerceptualSpeedIndex,twitter,True,twitter PerceptualSpeedIndex opt bytecode-cached cold fission webrender,,77,ms,firefox,445914223.0,1838694217,2024-02-05 06:38:18,610.9,9ca12d444230411e2168420a584a7f95e90c1f97,1371605,,,,,,,,,,,,,,,,,,,,,,,,,,,,,,,,,,,,,,,,,,,,,,,,,,,,,,,,,,,,,TN,TN
autoland,4405952,13,ad8d5d1385265583919f5a224e1153902b6eef60,macosx1015-64-shippable-qr,True,False,,|b|y|t|e|c|o|d|e|-|c|a|c|h|e|d| |c|o|l|d| |f|i|s|s|i|o|n| |w|e|b|r|e|n|d|e|r|,102210fe594ee9b33d82058545b1ed14f4c8206e,PerceptualSpeedIndex,twitter,True,twitter PerceptualSpeedIndex opt bytecode-cached cold fission webrender,,77,ms,firefox,445950037.0,1838829580,2024-02-05 11:13:48,612.4,e026ce62cd3a8700c3c5fb7495521391420d3ef6,1371747,,,,,,,,,,,,,,,,,,,,,,,,,,,,,,,,,,,,,,,,,,,,,,,,,,,,,,,,,,,,,TN,TN
autoland,4405952,13,ad8d5d1385265583919f5a224e1153902b6eef60,macosx1015-64-shippable-qr,True,False,,|b|y|t|e|c|o|d|e|-|c|a|c|h|e|d| |c|o|l|d| |f|i|s|s|i|o|n| |w|e|b|r|e|n|d|e|r|,102210fe594ee9b33d82058545b1ed14f4c8206e,PerceptualSpeedIndex,twitter,True,twitter PerceptualSpeedIndex opt bytecode-cached cold fission webrender,,77,ms,firefox,445987295.0,1838958845,2024-02-05 15:06:21,630.9,d67e058935bae8bfad9fb5868b225926a25cb64a,1371897,,,,,,,,,,,,,,,,,,,,,,,,,,,,,,,,,,,,,,,,,,,,,,,,,,,,,,,,,,,,,TN,TN
autoland,4405952,13,ad8d5d1385265583919f5a224e1153902b6eef60,macosx1015-64-shippable-qr,True,False,,|b|y|t|e|c|o|d|e|-|c|a|c|h|e|d| |c|o|l|d| |f|i|s|s|i|o|n| |w|e|b|r|e|n|d|e|r|,102210fe594ee9b33d82058545b1ed14f4c8206e,PerceptualSpeedIndex,twitter,True,twitter PerceptualSpeedIndex opt bytecode-cached cold fission webrender,,77,ms,firefox,446078423.0,1839400789,2024-02-05 17:21:25,597.4,a3f956419067fa1803aa9210eb8252a3fc3daefa,1372043,,,,,,,,,,,,,,,,,,,,,,,,,,,,,,,,,,,,,,,,,,,,,,,,,,,,,,,,,,,,,TN,TN
autoland,4405952,13,ad8d5d1385265583919f5a224e1153902b6eef60,macosx1015-64-shippable-qr,True,False,,|b|y|t|e|c|o|d|e|-|c|a|c|h|e|d| |c|o|l|d| |f|i|s|s|i|o|n| |w|e|b|r|e|n|d|e|r|,102210fe594ee9b33d82058545b1ed14f4c8206e,PerceptualSpeedIndex,twitter,True,twitter PerceptualSpeedIndex opt bytecode-cached cold fission webrender,,77,ms,firefox,446078514.0,1839413124,2024-02-05 17:33:45,605.8,ae1411029bf854cc5f5d7da7a72697df01667583,1372057,,,,,,,,,,,,,,,,,,,,,,,,,,,,,,,,,,,,,,,,,,,,,,,,,,,,,,,,,,,,,TN,TN
autoland,4405952,13,ad8d5d1385265583919f5a224e1153902b6eef60,macosx1015-64-shippable-qr,True,False,,|b|y|t|e|c|o|d|e|-|c|a|c|h|e|d| |c|o|l|d| |f|i|s|s|i|o|n| |w|e|b|r|e|n|d|e|r|,102210fe594ee9b33d82058545b1ed14f4c8206e,PerceptualSpeedIndex,twitter,True,twitter PerceptualSpeedIndex opt bytecode-cached cold fission webrender,,77,ms,firefox,446021511.0,1839044164,2024-02-05 18:46:19,600.4,9559ddacce7e802c8bda80f0f58d6cfd6cdd2948,1372136,,,,,,,,,,,,,,,,,,,,,,,,,,,,,,,,,,,,,,,,,,,,,,,,,,,,,,,,,,,,,TN,TN
autoland,4405952,13,ad8d5d1385265583919f5a224e1153902b6eef60,macosx1015-64-shippable-qr,True,False,,|b|y|t|e|c|o|d|e|-|c|a|c|h|e|d| |c|o|l|d| |f|i|s|s|i|o|n| |w|e|b|r|e|n|d|e|r|,102210fe594ee9b33d82058545b1ed14f4c8206e,PerceptualSpeedIndex,twitter,True,twitter PerceptualSpeedIndex opt bytecode-cached cold fission webrender,,77,ms,firefox,446070513.0,1839239560,2024-02-05 23:26:30,615.3,9f16b642b137c1390a012556c58e9f957a816ef6,1372325,,,,,,,,,,,,,,,,,,,,,,,,,,,,,,,,,,,,,,,,,,,,,,,,,,,,,,,,,,,,,TN,TN
autoland,4405952,13,ad8d5d1385265583919f5a224e1153902b6eef60,macosx1015-64-shippable-qr,True,False,,|b|y|t|e|c|o|d|e|-|c|a|c|h|e|d| |c|o|l|d| |f|i|s|s|i|o|n| |w|e|b|r|e|n|d|e|r|,102210fe594ee9b33d82058545b1ed14f4c8206e,PerceptualSpeedIndex,twitter,True,twitter PerceptualSpeedIndex opt bytecode-cached cold fission webrender,,77,ms,firefox,446076783.0,1839359910,2024-02-06 03:53:00,611.3,1995789cfffa08b612d3571d2e8596837f772a49,1372390,,,,,,,,,,,,,,,,,,,,,,,,,,,,,,,,,,,,,,,,,,,,,,,,,,,,,,,,,,,,,TN,TN
autoland,4405952,13,ad8d5d1385265583919f5a224e1153902b6eef60,macosx1015-64-shippable-qr,True,False,,|b|y|t|e|c|o|d|e|-|c|a|c|h|e|d| |c|o|l|d| |f|i|s|s|i|o|n| |w|e|b|r|e|n|d|e|r|,102210fe594ee9b33d82058545b1ed14f4c8206e,PerceptualSpeedIndex,twitter,True,twitter PerceptualSpeedIndex opt bytecode-cached cold fission webrender,,77,ms,firefox,446093005.0,1839480350,2024-02-06 07:31:17,579.6,df0b9539f5604a9aefc6916ce6ecf2e52670b78b,1372455,,,,,,,,,,,,,,,,,,,,,,,,,,,,,,,,,,,,,,,,,,,,,,,,,,,,,,,,,,,,,TN,TN
autoland,4405952,13,ad8d5d1385265583919f5a224e1153902b6eef60,macosx1015-64-shippable-qr,True,False,,|b|y|t|e|c|o|d|e|-|c|a|c|h|e|d| |c|o|l|d| |f|i|s|s|i|o|n| |w|e|b|r|e|n|d|e|r|,102210fe594ee9b33d82058545b1ed14f4c8206e,PerceptualSpeedIndex,twitter,True,twitter PerceptualSpeedIndex opt bytecode-cached cold fission webrender,,77,ms,firefox,446169622.0,1840164069,2024-02-06 11:44:40,604.7,c48ca61bc9255db0107d377c103a752265b60eb8,1372588,,,,,,,,,,,,,,,,,,,,,,,,,,,,,,,,,,,,,,,,,,,,,,,,,,,,,,,,,,,,,TN,TN
autoland,4405952,13,ad8d5d1385265583919f5a224e1153902b6eef60,macosx1015-64-shippable-qr,True,False,,|b|y|t|e|c|o|d|e|-|c|a|c|h|e|d| |c|o|l|d| |f|i|s|s|i|o|n| |w|e|b|r|e|n|d|e|r|,102210fe594ee9b33d82058545b1ed14f4c8206e,PerceptualSpeedIndex,twitter,True,twitter PerceptualSpeedIndex opt bytecode-cached cold fission webrender,,77,ms,firefox,446212686.0,1840192245,2024-02-06 17:15:13,609.7,79b38383448166074627506218757a9881ca5679,1372809,,,,,,,,,,,,,,,,,,,,,,,,,,,,,,,,,,,,,,,,,,,,,,,,,,,,,,,,,,,,,TN,TN
autoland,4405952,13,ad8d5d1385265583919f5a224e1153902b6eef60,macosx1015-64-shippable-qr,True,False,,|b|y|t|e|c|o|d|e|-|c|a|c|h|e|d| |c|o|l|d| |f|i|s|s|i|o|n| |w|e|b|r|e|n|d|e|r|,102210fe594ee9b33d82058545b1ed14f4c8206e,PerceptualSpeedIndex,twitter,True,twitter PerceptualSpeedIndex opt bytecode-cached cold fission webrender,,77,ms,firefox,446225822.0,1840195846,2024-02-06 17:24:04,590.2,1f93ea2744765ca11b90874574cc12168d3828a5,1372818,,,,,,,,,,,,,,,,,,,,,,,,,,,,,,,,,,,,,,,,,,,,,,,,,,,,,,,,,,,,,TN,TN
autoland,4405952,13,ad8d5d1385265583919f5a224e1153902b6eef60,macosx1015-64-shippable-qr,True,False,,|b|y|t|e|c|o|d|e|-|c|a|c|h|e|d| |c|o|l|d| |f|i|s|s|i|o|n| |w|e|b|r|e|n|d|e|r|,102210fe594ee9b33d82058545b1ed14f4c8206e,PerceptualSpeedIndex,twitter,True,twitter PerceptualSpeedIndex opt bytecode-cached cold fission webrender,,77,ms,firefox,446285758.0,1840327036,2024-02-06 18:54:58,601.4,7b42121a4f48dfc82d82b04a831204e7b9fa7cdb,1372905,,,,,,,,,,,,,,,,,,,,,,,,,,,,,,,,,,,,,,,,,,,,,,,,,,,,,,,,,,,,,TN,TN
autoland,4405952,13,ad8d5d1385265583919f5a224e1153902b6eef60,macosx1015-64-shippable-qr,True,False,,|b|y|t|e|c|o|d|e|-|c|a|c|h|e|d| |c|o|l|d| |f|i|s|s|i|o|n| |w|e|b|r|e|n|d|e|r|,102210fe594ee9b33d82058545b1ed14f4c8206e,PerceptualSpeedIndex,twitter,True,twitter PerceptualSpeedIndex opt bytecode-cached cold fission webrender,,77,ms,firefox,446296657.0,1840470825,2024-02-06 18:55:39,595.5,e3c76a18de2b4456900f94551dae44407d64eaa3,1372906,,,,,,,,,,,,,,,,,,,,,,,,,,,,,,,,,,,,,,,,,,,,,,,,,,,,,,,,,,,,,TN,TN
autoland,4405952,13,ad8d5d1385265583919f5a224e1153902b6eef60,macosx1015-64-shippable-qr,True,False,,|b|y|t|e|c|o|d|e|-|c|a|c|h|e|d| |c|o|l|d| |f|i|s|s|i|o|n| |w|e|b|r|e|n|d|e|r|,102210fe594ee9b33d82058545b1ed14f4c8206e,PerceptualSpeedIndex,twitter,True,twitter PerceptualSpeedIndex opt bytecode-cached cold fission webrender,,77,ms,firefox,446284932.0,1840316631,2024-02-07 04:17:01,573.1,1d87eb92ed10d04dccab53b631b14010ca09beb6,1373159,,,,,,,,,,,,,,,,,,,,,,,,,,,,,,,,,,,,,,,,,,,,,,,,,,,,,,,,,,,,,TN,TN
autoland,4405952,13,ad8d5d1385265583919f5a224e1153902b6eef60,macosx1015-64-shippable-qr,True,False,,|b|y|t|e|c|o|d|e|-|c|a|c|h|e|d| |c|o|l|d| |f|i|s|s|i|o|n| |w|e|b|r|e|n|d|e|r|,102210fe594ee9b33d82058545b1ed14f4c8206e,PerceptualSpeedIndex,twitter,True,twitter PerceptualSpeedIndex opt bytecode-cached cold fission webrender,,77,ms,firefox,446285194.0,1840319306,2024-02-07 04:22:59,605.0,fce00cd55ffb9127f24e7e1d2186178f72429fce,1373168,,,,,,,,,,,,,,,,,,,,,,,,,,,,,,,,,,,,,,,,,,,,,,,,,,,,,,,,,,,,,TN,TN
autoland,4405952,13,ad8d5d1385265583919f5a224e1153902b6eef60,macosx1015-64-shippable-qr,True,False,,|b|y|t|e|c|o|d|e|-|c|a|c|h|e|d| |c|o|l|d| |f|i|s|s|i|o|n| |w|e|b|r|e|n|d|e|r|,102210fe594ee9b33d82058545b1ed14f4c8206e,PerceptualSpeedIndex,twitter,True,twitter PerceptualSpeedIndex opt bytecode-cached cold fission webrender,,77,ms,firefox,446303701.0,1840480810,2024-02-07 08:54:39,598.1,df59ba0b3152fb8f6812b413bd2a6869bff469c1,1373246,,,,,,,,,,,,,,,,,,,,,,,,,,,,,,,,,,,,,,,,,,,,,,,,,,,,,,,,,,,,,TN,TN
autoland,4405952,13,ad8d5d1385265583919f5a224e1153902b6eef60,macosx1015-64-shippable-qr,True,False,,|b|y|t|e|c|o|d|e|-|c|a|c|h|e|d| |c|o|l|d| |f|i|s|s|i|o|n| |w|e|b|r|e|n|d|e|r|,102210fe594ee9b33d82058545b1ed14f4c8206e,PerceptualSpeedIndex,twitter,True,twitter PerceptualSpeedIndex opt bytecode-cached cold fission webrender,,77,ms,firefox,446309768.0,1840494203,2024-02-07 09:01:16,632.4,ab5b008e36a4742d737a89c8cbfc1a69e2b76456,1373249,,,,,,,,,,,,,,,,,,,,,,,,,,,,,,,,,,,,,,,,,,,,,,,,,,,,,,,,,,,,,TN,TN
autoland,4405952,13,ad8d5d1385265583919f5a224e1153902b6eef60,macosx1015-64-shippable-qr,True,False,,|b|y|t|e|c|o|d|e|-|c|a|c|h|e|d| |c|o|l|d| |f|i|s|s|i|o|n| |w|e|b|r|e|n|d|e|r|,102210fe594ee9b33d82058545b1ed14f4c8206e,PerceptualSpeedIndex,twitter,True,twitter PerceptualSpeedIndex opt bytecode-cached cold fission webrender,,77,ms,firefox,446355649.0,1840544746,2024-02-07 13:03:40,613.0,ec34bf3905e43d945effa45ba094092c7355d4b2,1373380,,,,,,,,,,,,,,,,,,,,,,,,,,,,,,,,,,,,,,,,,,,,,,,,,,,,,,,,,,,,,TN,TN
autoland,4405952,13,ad8d5d1385265583919f5a224e1153902b6eef60,macosx1015-64-shippable-qr,True,False,,|b|y|t|e|c|o|d|e|-|c|a|c|h|e|d| |c|o|l|d| |f|i|s|s|i|o|n| |w|e|b|r|e|n|d|e|r|,102210fe594ee9b33d82058545b1ed14f4c8206e,PerceptualSpeedIndex,twitter,True,twitter PerceptualSpeedIndex opt bytecode-cached cold fission webrender,,77,ms,firefox,446394085.0,1840796188,2024-02-07 14:05:10,607.2,fdda8b6b095615f06fbef5c21ff9ad0a90927c83,1373437,,,,,,,,,,,,,,,,,,,,,,,,,,,,,,,,,,,,,,,,,,,,,,,,,,,,,,,,,,,,,TN,TN
autoland,4405952,13,ad8d5d1385265583919f5a224e1153902b6eef60,macosx1015-64-shippable-qr,True,False,,|b|y|t|e|c|o|d|e|-|c|a|c|h|e|d| |c|o|l|d| |f|i|s|s|i|o|n| |w|e|b|r|e|n|d|e|r|,102210fe594ee9b33d82058545b1ed14f4c8206e,PerceptualSpeedIndex,twitter,True,twitter PerceptualSpeedIndex opt bytecode-cached cold fission webrender,,77,ms,firefox,446468490.0,1841055312,2024-02-07 16:25:30,588.3,1e73637ac83a296d733bc304b12c2e2f1ba09fe1,1373562,,,,,,,,,,,,,,,,,,,,,,,,,,,,,,,,,,,,,,,,,,,,,,,,,,,,,,,,,,,,,TN,TN
autoland,4405952,13,ad8d5d1385265583919f5a224e1153902b6eef60,macosx1015-64-shippable-qr,True,False,,|b|y|t|e|c|o|d|e|-|c|a|c|h|e|d| |c|o|l|d| |f|i|s|s|i|o|n| |w|e|b|r|e|n|d|e|r|,102210fe594ee9b33d82058545b1ed14f4c8206e,PerceptualSpeedIndex,twitter,True,twitter PerceptualSpeedIndex opt bytecode-cached cold fission webrender,,77,ms,firefox,446467734.0,1841052006,2024-02-07 16:59:51,597.5,b2e92a2d742f43ad92c80b206b3db15a6256fdd8,1373603,,,,,,,,,,,,,,,,,,,,,,,,,,,,,,,,,,,,,,,,,,,,,,,,,,,,,,,,,,,,,TN,TN
autoland,4405952,13,ad8d5d1385265583919f5a224e1153902b6eef60,macosx1015-64-shippable-qr,True,False,,|b|y|t|e|c|o|d|e|-|c|a|c|h|e|d| |c|o|l|d| |f|i|s|s|i|o|n| |w|e|b|r|e|n|d|e|r|,102210fe594ee9b33d82058545b1ed14f4c8206e,PerceptualSpeedIndex,twitter,True,twitter PerceptualSpeedIndex opt bytecode-cached cold fission webrender,,77,ms,firefox,446403680.0,1840806552,2024-02-07 17:25:01,596.9,fcafc196f2cef3d5c607edaa0f66c96cdf1708d6,1373622,,,,,,,,,,,,,,,,,,,,,,,,,,,,,,,,,,,,,,,,,,,,,,,,,,,,,,,,,,,,,TN,TN
autoland,4405952,13,ad8d5d1385265583919f5a224e1153902b6eef60,macosx1015-64-shippable-qr,True,False,,|b|y|t|e|c|o|d|e|-|c|a|c|h|e|d| |c|o|l|d| |f|i|s|s|i|o|n| |w|e|b|r|e|n|d|e|r|,102210fe594ee9b33d82058545b1ed14f4c8206e,PerceptualSpeedIndex,twitter,True,twitter PerceptualSpeedIndex opt bytecode-cached cold fission webrender,,77,ms,firefox,446434047.0,1840906989,2024-02-07 21:31:39,592.7,0eee0e78f83c43165f612c4e7f3f7ff52d665b9c,1373826,,,,,,,,,,,,,,,,,,,,,,,,,,,,,,,,,,,,,,,,,,,,,,,,,,,,,,,,,,,,,TN,TN
autoland,4405952,13,ad8d5d1385265583919f5a224e1153902b6eef60,macosx1015-64-shippable-qr,True,False,,|b|y|t|e|c|o|d|e|-|c|a|c|h|e|d| |c|o|l|d| |f|i|s|s|i|o|n| |w|e|b|r|e|n|d|e|r|,102210fe594ee9b33d82058545b1ed14f4c8206e,PerceptualSpeedIndex,twitter,True,twitter PerceptualSpeedIndex opt bytecode-cached cold fission webrender,,77,ms,firefox,446435880.0,1840921817,2024-02-07 21:36:53,596.4,1cb745ef034e9cd65d98c15632e13f5862e7390b,1373829,,,,,,,,,,,,,,,,,,,,,,,,,,,,,,,,,,,,,,,,,,,,,,,,,,,,,,,,,,,,,TN,TN
autoland,4405952,13,ad8d5d1385265583919f5a224e1153902b6eef60,macosx1015-64-shippable-qr,True,False,,|b|y|t|e|c|o|d|e|-|c|a|c|h|e|d| |c|o|l|d| |f|i|s|s|i|o|n| |w|e|b|r|e|n|d|e|r|,102210fe594ee9b33d82058545b1ed14f4c8206e,PerceptualSpeedIndex,twitter,True,twitter PerceptualSpeedIndex opt bytecode-cached cold fission webrender,,77,ms,firefox,446454990.0,1840972363,2024-02-08 01:47:30,608.9,0cb1cb869761baae745081466c878e32a7d83888,1373927,,,,,,,,,,,,,,,,,,,,,,,,,,,,,,,,,,,,,,,,,,,,,,,,,,,,,,,,,,,,,TN,TN
autoland,4405952,13,ad8d5d1385265583919f5a224e1153902b6eef60,macosx1015-64-shippable-qr,True,False,,|b|y|t|e|c|o|d|e|-|c|a|c|h|e|d| |c|o|l|d| |f|i|s|s|i|o|n| |w|e|b|r|e|n|d|e|r|,102210fe594ee9b33d82058545b1ed14f4c8206e,PerceptualSpeedIndex,twitter,True,twitter PerceptualSpeedIndex opt bytecode-cached cold fission webrender,,77,ms,firefox,446457674.0,1840982340,2024-02-08 02:38:53,599.0,bbcb9c75a4919aa67c2fc1ec689eb69d653990dd,1373953,,,,,,,,,,,,,,,,,,,,,,,,,,,,,,,,,,,,,,,,,,,,,,,,,,,,,,,,,,,,,TN,TN
autoland,4405952,13,ad8d5d1385265583919f5a224e1153902b6eef60,macosx1015-64-shippable-qr,True,False,,|b|y|t|e|c|o|d|e|-|c|a|c|h|e|d| |c|o|l|d| |f|i|s|s|i|o|n| |w|e|b|r|e|n|d|e|r|,102210fe594ee9b33d82058545b1ed14f4c8206e,PerceptualSpeedIndex,twitter,True,twitter PerceptualSpeedIndex opt bytecode-cached cold fission webrender,,77,ms,firefox,446470828.0,1841067145,2024-02-08 07:03:19,604.4,344524bd7c755d7d7fcfca1d69503577b07db2b7,1374007,,,,,,,,,,,,,,,,,,,,,,,,,,,,,,,,,,,,,,,,,,,,,,,,,,,,,,,,,,,,,TN,TN
autoland,4405952,13,ad8d5d1385265583919f5a224e1153902b6eef60,macosx1015-64-shippable-qr,True,False,,|b|y|t|e|c|o|d|e|-|c|a|c|h|e|d| |c|o|l|d| |f|i|s|s|i|o|n| |w|e|b|r|e|n|d|e|r|,102210fe594ee9b33d82058545b1ed14f4c8206e,PerceptualSpeedIndex,twitter,True,twitter PerceptualSpeedIndex opt bytecode-cached cold fission webrender,,77,ms,firefox,446540296.0,1841325544,2024-02-08 14:56:42,600.3,286029e09b16d8910d7110864541cdb9d4b84681,1374192,,,,,,,,,,,,,,,,,,,,,,,,,,,,,,,,,,,,,,,,,,,,,,,,,,,,,,,,,,,,,TN,TN
autoland,4405952,13,ad8d5d1385265583919f5a224e1153902b6eef60,macosx1015-64-shippable-qr,True,False,,|b|y|t|e|c|o|d|e|-|c|a|c|h|e|d| |c|o|l|d| |f|i|s|s|i|o|n| |w|e|b|r|e|n|d|e|r|,102210fe594ee9b33d82058545b1ed14f4c8206e,PerceptualSpeedIndex,twitter,True,twitter PerceptualSpeedIndex opt bytecode-cached cold fission webrender,,77,ms,firefox,446598082.0,1841581332,2024-02-08 23:27:55,615.9,ba6c8f006d21287c25440f5141e3eead45bd9f96,1374577,,,,,,,,,,,,,,,,,,,,,,,,,,,,,,,,,,,,,,,,,,,,,,,,,,,,,,,,,,,,,TN,TN
autoland,4405952,13,ad8d5d1385265583919f5a224e1153902b6eef60,macosx1015-64-shippable-qr,True,False,,|b|y|t|e|c|o|d|e|-|c|a|c|h|e|d| |c|o|l|d| |f|i|s|s|i|o|n| |w|e|b|r|e|n|d|e|r|,102210fe594ee9b33d82058545b1ed14f4c8206e,PerceptualSpeedIndex,twitter,True,twitter PerceptualSpeedIndex opt bytecode-cached cold fission webrender,,77,ms,firefox,446618276.0,1841658161,2024-02-09 04:08:21,588.0,b17a56f7d0a828b62b52f572c8237345bf64786f,1374660,,,,,,,,,,,,,,,,,,,,,,,,,,,,,,,,,,,,,,,,,,,,,,,,,,,,,,,,,,,,,TN,TN
autoland,4405952,13,ad8d5d1385265583919f5a224e1153902b6eef60,macosx1015-64-shippable-qr,True,False,,|b|y|t|e|c|o|d|e|-|c|a|c|h|e|d| |c|o|l|d| |f|i|s|s|i|o|n| |w|e|b|r|e|n|d|e|r|,102210fe594ee9b33d82058545b1ed14f4c8206e,PerceptualSpeedIndex,twitter,True,twitter PerceptualSpeedIndex opt bytecode-cached cold fission webrender,,77,ms,firefox,446638995.0,1841774125,2024-02-09 08:27:03,587.1,7b81e807e547afd0cca0453e9697e58369ae5e92,1374718,,,,,,,,,,,,,,,,,,,,,,,,,,,,,,,,,,,,,,,,,,,,,,,,,,,,,,,,,,,,,TN,TN
autoland,4405952,13,ad8d5d1385265583919f5a224e1153902b6eef60,macosx1015-64-shippable-qr,True,False,,|b|y|t|e|c|o|d|e|-|c|a|c|h|e|d| |c|o|l|d| |f|i|s|s|i|o|n| |w|e|b|r|e|n|d|e|r|,102210fe594ee9b33d82058545b1ed14f4c8206e,PerceptualSpeedIndex,twitter,True,twitter PerceptualSpeedIndex opt bytecode-cached cold fission webrender,,77,ms,firefox,446683412.0,1841914362,2024-02-09 11:56:29,595.1,045e453bba33077fb8d5641ca3706f3785ce14f5,1374806,,,,,,,,,,,,,,,,,,,,,,,,,,,,,,,,,,,,,,,,,,,,,,,,,,,,,,,,,,,,,TN,TN
autoland,4405952,13,ad8d5d1385265583919f5a224e1153902b6eef60,macosx1015-64-shippable-qr,True,False,,|b|y|t|e|c|o|d|e|-|c|a|c|h|e|d| |c|o|l|d| |f|i|s|s|i|o|n| |w|e|b|r|e|n|d|e|r|,102210fe594ee9b33d82058545b1ed14f4c8206e,PerceptualSpeedIndex,twitter,True,twitter PerceptualSpeedIndex opt bytecode-cached cold fission webrender,,77,ms,firefox,446725816.0,1842073636,2024-02-09 16:09:01,621.7,193e6982f5a17f0fa7cced978df3079f87e4ad99,1374959,,,,,,,,,,,,,,,,,,,,,,,,,,,,,,,,,,,,,,,,,,,,,,,,,,,,,,,,,,,,,TN,TN
autoland,4405952,13,ad8d5d1385265583919f5a224e1153902b6eef60,macosx1015-64-shippable-qr,True,False,,|b|y|t|e|c|o|d|e|-|c|a|c|h|e|d| |c|o|l|d| |f|i|s|s|i|o|n| |w|e|b|r|e|n|d|e|r|,102210fe594ee9b33d82058545b1ed14f4c8206e,PerceptualSpeedIndex,twitter,True,twitter PerceptualSpeedIndex opt bytecode-cached cold fission webrender,,77,ms,firefox,446734417.0,1842090829,2024-02-09 17:06:42,596.1,39d76f98160905dab2a294ece0e03ee8ba5ba4cc,1375009,,,,,,,,,,,,,,,,,,,,,,,,,,,,,,,,,,,,,,,,,,,,,,,,,,,,,,,,,,,,,TN,TN
autoland,4405952,13,ad8d5d1385265583919f5a224e1153902b6eef60,macosx1015-64-shippable-qr,True,False,,|b|y|t|e|c|o|d|e|-|c|a|c|h|e|d| |c|o|l|d| |f|i|s|s|i|o|n| |w|e|b|r|e|n|d|e|r|,102210fe594ee9b33d82058545b1ed14f4c8206e,PerceptualSpeedIndex,twitter,True,twitter PerceptualSpeedIndex opt bytecode-cached cold fission webrender,,77,ms,firefox,446777741.0,1842246596,2024-02-09 21:47:15,800.7,0fb5f3212fd93e901bed6bb19bd8b63339869991,1375247,,,,,,,,,,,,,,,,,,,,,,,,,,,,,,,,,,,,,,,,,,,,,,,,,,,,,,,,,,,,,TN,TN
autoland,4405952,13,ad8d5d1385265583919f5a224e1153902b6eef60,macosx1015-64-shippable-qr,True,False,,|b|y|t|e|c|o|d|e|-|c|a|c|h|e|d| |c|o|l|d| |f|i|s|s|i|o|n| |w|e|b|r|e|n|d|e|r|,102210fe594ee9b33d82058545b1ed14f4c8206e,PerceptualSpeedIndex,twitter,True,twitter PerceptualSpeedIndex opt bytecode-cached cold fission webrender,,77,ms,firefox,446787571.0,1842295967,2024-02-10 07:03:30,621.0,20876ae07c4b760464125773aa45200a98f34159,1375365,,,,,,,,,,,,,,,,,,,,,,,,,,,,,,,,,,,,,,,,,,,,,,,,,,,,,,,,,,,,,TN,TN
autoland,4405952,13,ad8d5d1385265583919f5a224e1153902b6eef60,macosx1015-64-shippable-qr,True,False,,|b|y|t|e|c|o|d|e|-|c|a|c|h|e|d| |c|o|l|d| |f|i|s|s|i|o|n| |w|e|b|r|e|n|d|e|r|,102210fe594ee9b33d82058545b1ed14f4c8206e,PerceptualSpeedIndex,twitter,True,twitter PerceptualSpeedIndex opt bytecode-cached cold fission webrender,,77,ms,firefox,446810499.0,1842363108,2024-02-10 13:47:16,610.8,b09350ff8440d3ef5d3ac2b811bfe9a5d243196a,1375389,,,,,,,,,,,,,,,,,,,,,,,,,,,,,,,,,,,,,,,,,,,,,,,,,,,,,,,,,,,,,TN,TN
autoland,4405952,13,ad8d5d1385265583919f5a224e1153902b6eef60,macosx1015-64-shippable-qr,True,False,,|b|y|t|e|c|o|d|e|-|c|a|c|h|e|d| |c|o|l|d| |f|i|s|s|i|o|n| |w|e|b|r|e|n|d|e|r|,102210fe594ee9b33d82058545b1ed14f4c8206e,PerceptualSpeedIndex,twitter,True,twitter PerceptualSpeedIndex opt bytecode-cached cold fission webrender,,77,ms,firefox,446820328.0,1842405017,2024-02-10 17:58:32,611.8,f6690a5e6ceef6b384dc31d4485e790a4935508a,1375417,,,,,,,,,,,,,,,,,,,,,,,,,,,,,,,,,,,,,,,,,,,,,,,,,,,,,,,,,,,,,TN,TN
autoland,4405952,13,ad8d5d1385265583919f5a224e1153902b6eef60,macosx1015-64-shippable-qr,True,False,,|b|y|t|e|c|o|d|e|-|c|a|c|h|e|d| |c|o|l|d| |f|i|s|s|i|o|n| |w|e|b|r|e|n|d|e|r|,102210fe594ee9b33d82058545b1ed14f4c8206e,PerceptualSpeedIndex,twitter,True,twitter PerceptualSpeedIndex opt bytecode-cached cold fission webrender,,77,ms,firefox,446840088.0,1842471922,2024-02-11 02:31:23,619.4,f92c77fccb76549171ecc809818a26b1eb883b43,1375439,,,,,,,,,,,,,,,,,,,,,,,,,,,,,,,,,,,,,,,,,,,,,,,,,,,,,,,,,,,,,TN,TN
autoland,4405952,13,ad8d5d1385265583919f5a224e1153902b6eef60,macosx1015-64-shippable-qr,True,False,,|b|y|t|e|c|o|d|e|-|c|a|c|h|e|d| |c|o|l|d| |f|i|s|s|i|o|n| |w|e|b|r|e|n|d|e|r|,102210fe594ee9b33d82058545b1ed14f4c8206e,PerceptualSpeedIndex,twitter,True,twitter PerceptualSpeedIndex opt bytecode-cached cold fission webrender,,77,ms,firefox,446873087.0,1842611195,2024-02-11 15:25:51,592.9,13676fc9b0cd8461cb9863d3a2d1b9a696a9c0f5,1375518,,,,,,,,,,,,,,,,,,,,,,,,,,,,,,,,,,,,,,,,,,,,,,,,,,,,,,,,,,,,,TN,TN
autoland,4405952,13,ad8d5d1385265583919f5a224e1153902b6eef60,macosx1015-64-shippable-qr,True,False,,|b|y|t|e|c|o|d|e|-|c|a|c|h|e|d| |c|o|l|d| |f|i|s|s|i|o|n| |w|e|b|r|e|n|d|e|r|,102210fe594ee9b33d82058545b1ed14f4c8206e,PerceptualSpeedIndex,twitter,True,twitter PerceptualSpeedIndex opt bytecode-cached cold fission webrender,,77,ms,firefox,447058001.0,1843299927,2024-02-12 15:03:24,633.8,1d7c6ca36b30093e9822c8c2e74db03474e093cd,1375832,,,,,,,,,,,,,,,,,,,,,,,,,,,,,,,,,,,,,,,,,,,,,,,,,,,,,,,,,,,,,TN,TN
autoland,4405952,13,ad8d5d1385265583919f5a224e1153902b6eef60,macosx1015-64-shippable-qr,True,False,,|b|y|t|e|c|o|d|e|-|c|a|c|h|e|d| |c|o|l|d| |f|i|s|s|i|o|n| |w|e|b|r|e|n|d|e|r|,102210fe594ee9b33d82058545b1ed14f4c8206e,PerceptualSpeedIndex,twitter,True,twitter PerceptualSpeedIndex opt bytecode-cached cold fission webrender,,77,ms,firefox,447053211.0,1843277978,2024-02-12 15:04:07,582.1,39631cf9791b027f8480e62183e72f6daf8ae046,1375833,,,,,,,,,,,,,,,,,,,,,,,,,,,,,,,,,,,,,,,,,,,,,,,,,,,,,,,,,,,,,TN,TN
autoland,4405952,13,ad8d5d1385265583919f5a224e1153902b6eef60,macosx1015-64-shippable-qr,True,False,,|b|y|t|e|c|o|d|e|-|c|a|c|h|e|d| |c|o|l|d| |f|i|s|s|i|o|n| |w|e|b|r|e|n|d|e|r|,102210fe594ee9b33d82058545b1ed14f4c8206e,PerceptualSpeedIndex,twitter,True,twitter PerceptualSpeedIndex opt bytecode-cached cold fission webrender,,77,ms,firefox,446945279.0,1842926960,2024-02-12 15:53:07,629.0,cab51450b6bd71ade4db0f49831f7e402b375b45,1375888,,,,,,,,,,,,,,,,,,,,,,,,,,,,,,,,,,,,,,,,,,,,,,,,,,,,,,,,,,,,,TN,TN
autoland,4405952,13,ad8d5d1385265583919f5a224e1153902b6eef60,macosx1015-64-shippable-qr,True,False,,|b|y|t|e|c|o|d|e|-|c|a|c|h|e|d| |c|o|l|d| |f|i|s|s|i|o|n| |w|e|b|r|e|n|d|e|r|,102210fe594ee9b33d82058545b1ed14f4c8206e,PerceptualSpeedIndex,twitter,True,twitter PerceptualSpeedIndex opt bytecode-cached cold fission webrender,,77,ms,firefox,447056190.0,1843285230,2024-02-12 18:30:03,625.2,753f8762281c81c9add69b918aa492348b16768f,1376028,,,,,,,,,,,,,,,,,,,,,,,,,,,,,,,,,,,,,,,,,,,,,,,,,,,,,,,,,,,,,TN,TN
autoland,4405952,13,ad8d5d1385265583919f5a224e1153902b6eef60,macosx1015-64-shippable-qr,True,False,,|b|y|t|e|c|o|d|e|-|c|a|c|h|e|d| |c|o|l|d| |f|i|s|s|i|o|n| |w|e|b|r|e|n|d|e|r|,102210fe594ee9b33d82058545b1ed14f4c8206e,PerceptualSpeedIndex,twitter,True,twitter PerceptualSpeedIndex opt bytecode-cached cold fission webrender,,77,ms,firefox,447056688.0,1843290134,2024-02-12 18:31:48,616.2,86ac645e866184f4a0cbb7bcbebf05d1fd15b3b7,1376029,,,,,,,,,,,,,,,,,,,,,,,,,,,,,,,,,,,,,,,,,,,,,,,,,,,,,,,,,,,,,TN,TN
autoland,4405952,13,ad8d5d1385265583919f5a224e1153902b6eef60,macosx1015-64-shippable-qr,True,False,,|b|y|t|e|c|o|d|e|-|c|a|c|h|e|d| |c|o|l|d| |f|i|s|s|i|o|n| |w|e|b|r|e|n|d|e|r|,102210fe594ee9b33d82058545b1ed14f4c8206e,PerceptualSpeedIndex,twitter,True,twitter PerceptualSpeedIndex opt bytecode-cached cold fission webrender,,77,ms,firefox,446977343.0,1843050319,2024-02-12 20:04:04,597.7,37ec3180a6cbce3bb2544f9a16b4ded4657c6eb6,1376093,,,,,,,,,,,,,,,,,,,,,,,,,,,,,,,,,,,,,,,,,,,,,,,,,,,,,,,,,,,,,TN,TN
autoland,4405952,13,ad8d5d1385265583919f5a224e1153902b6eef60,macosx1015-64-shippable-qr,True,False,,|b|y|t|e|c|o|d|e|-|c|a|c|h|e|d| |c|o|l|d| |f|i|s|s|i|o|n| |w|e|b|r|e|n|d|e|r|,102210fe594ee9b33d82058545b1ed14f4c8206e,PerceptualSpeedIndex,twitter,True,twitter PerceptualSpeedIndex opt bytecode-cached cold fission webrender,,77,ms,firefox,446983905.0,1843058805,2024-02-12 20:15:07,616.1,995a3050d70cb954214be8710caa54a1794745ec,1376103,,,,,,,,,,,,,,,,,,,,,,,,,,,,,,,,,,,,,,,,,,,,,,,,,,,,,,,,,,,,,TN,TN
autoland,4405952,13,ad8d5d1385265583919f5a224e1153902b6eef60,macosx1015-64-shippable-qr,True,False,,|b|y|t|e|c|o|d|e|-|c|a|c|h|e|d| |c|o|l|d| |f|i|s|s|i|o|n| |w|e|b|r|e|n|d|e|r|,102210fe594ee9b33d82058545b1ed14f4c8206e,PerceptualSpeedIndex,twitter,True,twitter PerceptualSpeedIndex opt bytecode-cached cold fission webrender,,77,ms,firefox,447054095.0,1843285611,2024-02-12 23:09:02,796.6,e7724c952412d5b322b1352d9665d9c956af76e8,1376230,,,,,,,,,,,,,,,,,,,,,,,,,,,,,,,,,,,,,,,,,,,,,,,,,,,,,,,,,,,,,TN,TN
autoland,4405952,13,ad8d5d1385265583919f5a224e1153902b6eef60,macosx1015-64-shippable-qr,True,False,,|b|y|t|e|c|o|d|e|-|c|a|c|h|e|d| |c|o|l|d| |f|i|s|s|i|o|n| |w|e|b|r|e|n|d|e|r|,102210fe594ee9b33d82058545b1ed14f4c8206e,PerceptualSpeedIndex,twitter,True,twitter PerceptualSpeedIndex opt bytecode-cached cold fission webrender,,77,ms,firefox,447052786.0,1843269476,2024-02-12 23:09:49,588.8,81c51e73deee4f4acc645831425d6a915b7977e4,1376231,,,,,,,,,,,,,,,,,,,,,,,,,,,,,,,,,,,,,,,,,,,,,,,,,,,,,,,,,,,,,TN,TN
autoland,4405952,13,ad8d5d1385265583919f5a224e1153902b6eef60,macosx1015-64-shippable-qr,True,False,,|b|y|t|e|c|o|d|e|-|c|a|c|h|e|d| |c|o|l|d| |f|i|s|s|i|o|n| |w|e|b|r|e|n|d|e|r|,102210fe594ee9b33d82058545b1ed14f4c8206e,PerceptualSpeedIndex,twitter,True,twitter PerceptualSpeedIndex opt bytecode-cached cold fission webrender,,77,ms,firefox,447021871.0,1843117143,2024-02-13 00:22:17,679.9,b316bafe790ef37c5585cadd21f6a2c8ebd749b9,1376256,,,,,,,,,,,,,,,,,,,,,,,,,,,,,,,,,,,,,,,,,,,,,,,,,,,,,,,,,,,,,TN,TN
autoland,4405952,13,ad8d5d1385265583919f5a224e1153902b6eef60,macosx1015-64-shippable-qr,True,False,,|b|y|t|e|c|o|d|e|-|c|a|c|h|e|d| |c|o|l|d| |f|i|s|s|i|o|n| |w|e|b|r|e|n|d|e|r|,102210fe594ee9b33d82058545b1ed14f4c8206e,PerceptualSpeedIndex,twitter,True,twitter PerceptualSpeedIndex opt bytecode-cached cold fission webrender,,77,ms,firefox,447030559.0,1843149820,2024-02-13 02:51:29,617.0,52fc8e3041c5f42dfa50438336b110a9a5e77f2b,1376298,,,,,,,,,,,,,,,,,,,,,,,,,,,,,,,,,,,,,,,,,,,,,,,,,,,,,,,,,,,,,TN,TN
autoland,4405952,13,ad8d5d1385265583919f5a224e1153902b6eef60,macosx1015-64-shippable-qr,True,False,,|b|y|t|e|c|o|d|e|-|c|a|c|h|e|d| |c|o|l|d| |f|i|s|s|i|o|n| |w|e|b|r|e|n|d|e|r|,102210fe594ee9b33d82058545b1ed14f4c8206e,PerceptualSpeedIndex,twitter,True,twitter PerceptualSpeedIndex opt bytecode-cached cold fission webrender,,77,ms,firefox,447059595.0,1843305374,2024-02-13 06:57:28,615.5,5f6ad5b21119b4bbef2bc6c9153e0f7329c20ebe,1376370,,,,,,,,,,,,,,,,,,,,,,,,,,,,,,,,,,,,,,,,,,,,,,,,,,,,,,,,,,,,,TN,TN
autoland,4405952,13,ad8d5d1385265583919f5a224e1153902b6eef60,macosx1015-64-shippable-qr,True,False,,|b|y|t|e|c|o|d|e|-|c|a|c|h|e|d| |c|o|l|d| |f|i|s|s|i|o|n| |w|e|b|r|e|n|d|e|r|,102210fe594ee9b33d82058545b1ed14f4c8206e,PerceptualSpeedIndex,twitter,True,twitter PerceptualSpeedIndex opt bytecode-cached cold fission webrender,,77,ms,firefox,447087785.0,1843389077,2024-02-13 09:49:45,618.1,c5320acccd4a760b0ae41149fcdd8fe44b658ee7,1376447,,,,,,,,,,,,,,,,,,,,,,,,,,,,,,,,,,,,,,,,,,,,,,,,,,,,,,,,,,,,,TN,TN
autoland,4405952,13,ad8d5d1385265583919f5a224e1153902b6eef60,macosx1015-64-shippable-qr,True,False,,|b|y|t|e|c|o|d|e|-|c|a|c|h|e|d| |c|o|l|d| |f|i|s|s|i|o|n| |w|e|b|r|e|n|d|e|r|,102210fe594ee9b33d82058545b1ed14f4c8206e,PerceptualSpeedIndex,twitter,True,twitter PerceptualSpeedIndex opt bytecode-cached cold fission webrender,,77,ms,firefox,447151431.0,1843628265,2024-02-13 16:46:39,606.9,17329a53b9f9a20247103958883a0ce7c42af78d,1376703,,,,,,,,,,,,,,,,,,,,,,,,,,,,,,,,,,,,,,,,,,,,,,,,,,,,,,,,,,,,,TN,TN
autoland,4405952,13,ad8d5d1385265583919f5a224e1153902b6eef60,macosx1015-64-shippable-qr,True,False,,|b|y|t|e|c|o|d|e|-|c|a|c|h|e|d| |c|o|l|d| |f|i|s|s|i|o|n| |w|e|b|r|e|n|d|e|r|,102210fe594ee9b33d82058545b1ed14f4c8206e,PerceptualSpeedIndex,twitter,True,twitter PerceptualSpeedIndex opt bytecode-cached cold fission webrender,,77,ms,firefox,447194494.0,1843748664,2024-02-14 00:47:09,590.4,4a18caac75720f24abc9063ce8df5fa6b7948aa4,1376921,,,,,,,,,,,,,,,,,,,,,,,,,,,,,,,,,,,,,,,,,,,,,,,,,,,,,,,,,,,,,TN,TN
autoland,4405952,13,ad8d5d1385265583919f5a224e1153902b6eef60,macosx1015-64-shippable-qr,True,False,,|b|y|t|e|c|o|d|e|-|c|a|c|h|e|d| |c|o|l|d| |f|i|s|s|i|o|n| |w|e|b|r|e|n|d|e|r|,102210fe594ee9b33d82058545b1ed14f4c8206e,PerceptualSpeedIndex,twitter,True,twitter PerceptualSpeedIndex opt bytecode-cached cold fission webrender,,77,ms,firefox,447197777.0,1843758513,2024-02-14 01:35:59,604.2,aaaa3f2b8fed9e159a8b08e4263034e9a051be71,1376937,,,,,,,,,,,,,,,,,,,,,,,,,,,,,,,,,,,,,,,,,,,,,,,,,,,,,,,,,,,,,TN,TN
autoland,4405952,13,ad8d5d1385265583919f5a224e1153902b6eef60,macosx1015-64-shippable-qr,True,False,,|b|y|t|e|c|o|d|e|-|c|a|c|h|e|d| |c|o|l|d| |f|i|s|s|i|o|n| |w|e|b|r|e|n|d|e|r|,102210fe594ee9b33d82058545b1ed14f4c8206e,PerceptualSpeedIndex,twitter,True,twitter PerceptualSpeedIndex opt bytecode-cached cold fission webrender,,77,ms,firefox,447218867.0,1843840207,2024-02-14 05:55:05,584.4,1b24ea8c2e7e02f00bd61e8cd672da76b16c42a6,1376972,,,,,,,,,,,,,,,,,,,,,,,,,,,,,,,,,,,,,,,,,,,,,,,,,,,,,,,,,,,,,TN,TN
autoland,4405952,13,ad8d5d1385265583919f5a224e1153902b6eef60,macosx1015-64-shippable-qr,True,False,,|b|y|t|e|c|o|d|e|-|c|a|c|h|e|d| |c|o|l|d| |f|i|s|s|i|o|n| |w|e|b|r|e|n|d|e|r|,102210fe594ee9b33d82058545b1ed14f4c8206e,PerceptualSpeedIndex,twitter,True,twitter PerceptualSpeedIndex opt bytecode-cached cold fission webrender,,77,ms,firefox,447276474.0,1844021351,2024-02-14 15:32:04,586.8,dca10aca1871edfdba5107bc7766982b186d7f2c,1377071,,,,,,,,,,,,,,,,,,,,,,,,,,,,,,,,,,,,,,,,,,,,,,,,,,,,,,,,,,,,,TN,TN
autoland,4405952,13,ad8d5d1385265583919f5a224e1153902b6eef60,macosx1015-64-shippable-qr,True,False,,|b|y|t|e|c|o|d|e|-|c|a|c|h|e|d| |c|o|l|d| |f|i|s|s|i|o|n| |w|e|b|r|e|n|d|e|r|,102210fe594ee9b33d82058545b1ed14f4c8206e,PerceptualSpeedIndex,twitter,True,twitter PerceptualSpeedIndex opt bytecode-cached cold fission webrender,,77,ms,firefox,447281792.0,1844036698,2024-02-14 15:37:30,608.6,2ea0fda6ec6ed02a530a3a4bb67fabb0d14d403f,1377078,,,,,,,,,,,,,,,,,,,,,,,,,,,,,,,,,,,,,,,,,,,,,,,,,,,,,,,,,,,,,TN,TN
autoland,4405952,13,ad8d5d1385265583919f5a224e1153902b6eef60,macosx1015-64-shippable-qr,True,False,,|b|y|t|e|c|o|d|e|-|c|a|c|h|e|d| |c|o|l|d| |f|i|s|s|i|o|n| |w|e|b|r|e|n|d|e|r|,102210fe594ee9b33d82058545b1ed14f4c8206e,PerceptualSpeedIndex,twitter,True,twitter PerceptualSpeedIndex opt bytecode-cached cold fission webrender,,77,ms,firefox,447349185.0,1844252450,2024-02-14 17:52:22,575.1,466985b4c0ca5b200d4dac6fe17e528f81b1c8a7,1377119,,,,,,,,,,,,,,,,,,,,,,,,,,,,,,,,,,,,,,,,,,,,,,,,,,,,,,,,,,,,,TN,TN
autoland,4405952,13,ad8d5d1385265583919f5a224e1153902b6eef60,macosx1015-64-shippable-qr,True,False,,|b|y|t|e|c|o|d|e|-|c|a|c|h|e|d| |c|o|l|d| |f|i|s|s|i|o|n| |w|e|b|r|e|n|d|e|r|,102210fe594ee9b33d82058545b1ed14f4c8206e,PerceptualSpeedIndex,twitter,True,twitter PerceptualSpeedIndex opt bytecode-cached cold fission webrender,,77,ms,firefox,447349525.0,1844259122,2024-02-14 17:53:01,596.4,223dbcb9e4a51eb75c8c9ed3cd201826a8600b3b,1377120,,,,,,,,,,,,,,,,,,,,,,,,,,,,,,,,,,,,,,,,,,,,,,,,,,,,,,,,,,,,,TN,TN
autoland,4405952,13,ad8d5d1385265583919f5a224e1153902b6eef60,macosx1015-64-shippable-qr,True,False,,|b|y|t|e|c|o|d|e|-|c|a|c|h|e|d| |c|o|l|d| |f|i|s|s|i|o|n| |w|e|b|r|e|n|d|e|r|,102210fe594ee9b33d82058545b1ed14f4c8206e,PerceptualSpeedIndex,twitter,True,twitter PerceptualSpeedIndex opt bytecode-cached cold fission webrender,,77,ms,firefox,447311787.0,1844096831,2024-02-14 20:39:05,672.4,b0b34dab81d56b5e5ee526c9f44e926db4b27dce,1377195,,,,,,,,,,,,,,,,,,,,,,,,,,,,,,,,,,,,,,,,,,,,,,,,,,,,,,,,,,,,,TN,TN
autoland,4405952,13,ad8d5d1385265583919f5a224e1153902b6eef60,macosx1015-64-shippable-qr,True,False,,|b|y|t|e|c|o|d|e|-|c|a|c|h|e|d| |c|o|l|d| |f|i|s|s|i|o|n| |w|e|b|r|e|n|d|e|r|,102210fe594ee9b33d82058545b1ed14f4c8206e,PerceptualSpeedIndex,twitter,True,twitter PerceptualSpeedIndex opt bytecode-cached cold fission webrender,,77,ms,firefox,447333191.0,1844171508,2024-02-15 00:51:05,631.2,981afc9a696a12b7e873eae165925138a2726efe,1377256,,,,,,,,,,,,,,,,,,,,,,,,,,,,,,,,,,,,,,,,,,,,,,,,,,,,,,,,,,,,,TN,TN
autoland,4405952,13,ad8d5d1385265583919f5a224e1153902b6eef60,macosx1015-64-shippable-qr,True,False,,|b|y|t|e|c|o|d|e|-|c|a|c|h|e|d| |c|o|l|d| |f|i|s|s|i|o|n| |w|e|b|r|e|n|d|e|r|,102210fe594ee9b33d82058545b1ed14f4c8206e,PerceptualSpeedIndex,twitter,True,twitter PerceptualSpeedIndex opt bytecode-cached cold fission webrender,,77,ms,firefox,447348657.0,1844246717,2024-02-15 04:52:31,625.5,aa5fc411278d3beae081682cb31a2167257d3aed,1377304,,,,,,,,,,,,,,,,,,,,,,,,,,,,,,,,,,,,,,,,,,,,,,,,,,,,,,,,,,,,,TN,TN
autoland,4405952,13,ad8d5d1385265583919f5a224e1153902b6eef60,macosx1015-64-shippable-qr,True,False,,|b|y|t|e|c|o|d|e|-|c|a|c|h|e|d| |c|o|l|d| |f|i|s|s|i|o|n| |w|e|b|r|e|n|d|e|r|,102210fe594ee9b33d82058545b1ed14f4c8206e,PerceptualSpeedIndex,twitter,True,twitter PerceptualSpeedIndex opt bytecode-cached cold fission webrender,,77,ms,firefox,447407782.0,1844459678,2024-02-15 16:23:45,603.3,dbe553dd13b79a3c4821f203f3adca31fe71cc56,1377427,,,,,,,,,,,,,,,,,,,,,,,,,,,,,,,,,,,,,,,,,,,,,,,,,,,,,,,,,,,,,TN,TN
autoland,4405952,13,ad8d5d1385265583919f5a224e1153902b6eef60,macosx1015-64-shippable-qr,True,False,,|b|y|t|e|c|o|d|e|-|c|a|c|h|e|d| |c|o|l|d| |f|i|s|s|i|o|n| |w|e|b|r|e|n|d|e|r|,102210fe594ee9b33d82058545b1ed14f4c8206e,PerceptualSpeedIndex,twitter,True,twitter PerceptualSpeedIndex opt bytecode-cached cold fission webrender,,77,ms,firefox,447487051.0,1844735956,2024-02-15 16:24:25,618.6,960b4f0570e98c1d761e11649d09838eb8123a33,1377428,,,,,,,,,,,,,,,,,,,,,,,,,,,,,,,,,,,,,,,,,,,,,,,,,,,,,,,,,,,,,TN,TN
autoland,4405952,13,ad8d5d1385265583919f5a224e1153902b6eef60,macosx1015-64-shippable-qr,True,False,,|b|y|t|e|c|o|d|e|-|c|a|c|h|e|d| |c|o|l|d| |f|i|s|s|i|o|n| |w|e|b|r|e|n|d|e|r|,102210fe594ee9b33d82058545b1ed14f4c8206e,PerceptualSpeedIndex,twitter,True,twitter PerceptualSpeedIndex opt bytecode-cached cold fission webrender,,77,ms,firefox,447431713.0,1844591278,2024-02-15 20:44:46,602.8,02d5bc9805676f9a22f3cef50c86ddc38e7534d9,1377493,,,,,,,,,,,,,,,,,,,,,,,,,,,,,,,,,,,,,,,,,,,,,,,,,,,,,,,,,,,,,TN,TN
autoland,4405952,13,ad8d5d1385265583919f5a224e1153902b6eef60,macosx1015-64-shippable-qr,True,False,,|b|y|t|e|c|o|d|e|-|c|a|c|h|e|d| |c|o|l|d| |f|i|s|s|i|o|n| |w|e|b|r|e|n|d|e|r|,102210fe594ee9b33d82058545b1ed14f4c8206e,PerceptualSpeedIndex,twitter,True,twitter PerceptualSpeedIndex opt bytecode-cached cold fission webrender,,77,ms,firefox,447437261.0,1844604703,2024-02-15 22:19:13,634.8,798af36e79586239c3954fe06796d9a27a353b92,1377518,,,,,,,,,,,,,,,,,,,,,,,,,,,,,,,,,,,,,,,,,,,,,,,,,,,,,,,,,,,,,TN,TN
autoland,4405952,13,ad8d5d1385265583919f5a224e1153902b6eef60,macosx1015-64-shippable-qr,True,False,,|b|y|t|e|c|o|d|e|-|c|a|c|h|e|d| |c|o|l|d| |f|i|s|s|i|o|n| |w|e|b|r|e|n|d|e|r|,102210fe594ee9b33d82058545b1ed14f4c8206e,PerceptualSpeedIndex,twitter,True,twitter PerceptualSpeedIndex opt bytecode-cached cold fission webrender,,77,ms,firefox,447487417.0,1844738851,2024-02-16 06:24:45,611.9,861d200fe3e761e23bbb6ce556446725fb01cd43,1378006,,,,,,,,,,,,,,,,,,,,,,,,,,,,,,,,,,,,,,,,,,,,,,,,,,,,,,,,,,,,,TN,TN
autoland,4405952,13,ad8d5d1385265583919f5a224e1153902b6eef60,macosx1015-64-shippable-qr,True,False,,|b|y|t|e|c|o|d|e|-|c|a|c|h|e|d| |c|o|l|d| |f|i|s|s|i|o|n| |w|e|b|r|e|n|d|e|r|,102210fe594ee9b33d82058545b1ed14f4c8206e,PerceptualSpeedIndex,twitter,True,twitter PerceptualSpeedIndex opt bytecode-cached cold fission webrender,,77,ms,firefox,447521209.0,1844834599,2024-02-16 14:55:53,588.1,313b43f262a908e7e012c7d19f326345a0863bae,1378386,,,,,,,,,,,,,,,,,,,,,,,,,,,,,,,,,,,,,,,,,,,,,,,,,,,,,,,,,,,,,TN,TN
autoland,4405952,13,ad8d5d1385265583919f5a224e1153902b6eef60,macosx1015-64-shippable-qr,True,False,,|b|y|t|e|c|o|d|e|-|c|a|c|h|e|d| |c|o|l|d| |f|i|s|s|i|o|n| |w|e|b|r|e|n|d|e|r|,102210fe594ee9b33d82058545b1ed14f4c8206e,PerceptualSpeedIndex,twitter,True,twitter PerceptualSpeedIndex opt bytecode-cached cold fission webrender,,77,ms,firefox,447564923.0,1845030880,2024-02-17 16:55:38,599.4,2af34b4c9adf8c8defd3251b569af9c38cc0a429,1378583,,,,,,,,,,,,,,,,,,,,,,,,,,,,,,,,,,,,,,,,,,,,,,,,,,,,,,,,,,,,,TN,TN
autoland,4405952,13,ad8d5d1385265583919f5a224e1153902b6eef60,macosx1015-64-shippable-qr,True,False,,|b|y|t|e|c|o|d|e|-|c|a|c|h|e|d| |c|o|l|d| |f|i|s|s|i|o|n| |w|e|b|r|e|n|d|e|r|,102210fe594ee9b33d82058545b1ed14f4c8206e,PerceptualSpeedIndex,twitter,True,twitter PerceptualSpeedIndex opt bytecode-cached cold fission webrender,,77,ms,firefox,447595177.0,1845201493,2024-02-19 03:31:58,596.6,fcdb3e9046c67688b2a5b8aeb6451b081b3b52ea,1378717,,,,,,,,,,,,,,,,,,,,,,,,,,,,,,,,,,,,,,,,,,,,,,,,,,,,,,,,,,,,,TN,TN
autoland,4405952,13,ad8d5d1385265583919f5a224e1153902b6eef60,macosx1015-64-shippable-qr,True,False,,|b|y|t|e|c|o|d|e|-|c|a|c|h|e|d| |c|o|l|d| |f|i|s|s|i|o|n| |w|e|b|r|e|n|d|e|r|,102210fe594ee9b33d82058545b1ed14f4c8206e,PerceptualSpeedIndex,twitter,True,twitter PerceptualSpeedIndex opt bytecode-cached cold fission webrender,,77,ms,firefox,447623798.0,1845367304,2024-02-19 10:14:02,609.4,1dcfa194ad7d005175d431adf6ee3b93c00fb453,1378796,,,,,,,,,,,,,,,,,,,,,,,,,,,,,,,,,,,,,,,,,,,,,,,,,,,,,,,,,,,,,TN,TN
autoland,4405952,13,ad8d5d1385265583919f5a224e1153902b6eef60,macosx1015-64-shippable-qr,True,False,,|b|y|t|e|c|o|d|e|-|c|a|c|h|e|d| |c|o|l|d| |f|i|s|s|i|o|n| |w|e|b|r|e|n|d|e|r|,102210fe594ee9b33d82058545b1ed14f4c8206e,PerceptualSpeedIndex,twitter,True,twitter PerceptualSpeedIndex opt bytecode-cached cold fission webrender,,77,ms,firefox,447641378.0,1845390889,2024-02-19 12:40:02,602.7,ac4ab326e785a5ad42ce51b54749c2bcce394916,1378838,,,,,,,,,,,,,,,,,,,,,,,,,,,,,,,,,,,,,,,,,,,,,,,,,,,,,,,,,,,,,TN,TN
autoland,4405952,13,ad8d5d1385265583919f5a224e1153902b6eef60,macosx1015-64-shippable-qr,True,False,,|b|y|t|e|c|o|d|e|-|c|a|c|h|e|d| |c|o|l|d| |f|i|s|s|i|o|n| |w|e|b|r|e|n|d|e|r|,102210fe594ee9b33d82058545b1ed14f4c8206e,PerceptualSpeedIndex,twitter,True,twitter PerceptualSpeedIndex opt bytecode-cached cold fission webrender,,77,ms,firefox,447667355.0,1845448128,2024-02-19 16:50:13,605.3,bef8b1b461b8524917fc01cd866e903290b1d7f6,1378949,,,,,,,,,,,,,,,,,,,,,,,,,,,,,,,,,,,,,,,,,,,,,,,,,,,,,,,,,,,,,TN,TN
autoland,4405952,13,ad8d5d1385265583919f5a224e1153902b6eef60,macosx1015-64-shippable-qr,True,False,,|b|y|t|e|c|o|d|e|-|c|a|c|h|e|d| |c|o|l|d| |f|i|s|s|i|o|n| |w|e|b|r|e|n|d|e|r|,102210fe594ee9b33d82058545b1ed14f4c8206e,PerceptualSpeedIndex,twitter,True,twitter PerceptualSpeedIndex opt bytecode-cached cold fission webrender,,77,ms,firefox,447690231.0,1845531498,2024-02-19 20:56:27,640.7,2f43b0ae1352efb25f67ffe4f86884c0eb959adb,1379008,,,,,,,,,,,,,,,,,,,,,,,,,,,,,,,,,,,,,,,,,,,,,,,,,,,,,,,,,,,,,TN,TN
autoland,4405952,13,ad8d5d1385265583919f5a224e1153902b6eef60,macosx1015-64-shippable-qr,True,False,,|b|y|t|e|c|o|d|e|-|c|a|c|h|e|d| |c|o|l|d| |f|i|s|s|i|o|n| |w|e|b|r|e|n|d|e|r|,102210fe594ee9b33d82058545b1ed14f4c8206e,PerceptualSpeedIndex,twitter,True,twitter PerceptualSpeedIndex opt bytecode-cached cold fission webrender,,77,ms,firefox,447698598.0,1845558753,2024-02-19 22:19:49,658.3,e9309553f817fa164bde4c229fe12ae51207bed9,1379038,,,,,,,,,,,,,,,,,,,,,,,,,,,,,,,,,,,,,,,,,,,,,,,,,,,,,,,,,,,,,TN,TN
autoland,4405952,13,ad8d5d1385265583919f5a224e1153902b6eef60,macosx1015-64-shippable-qr,True,False,,|b|y|t|e|c|o|d|e|-|c|a|c|h|e|d| |c|o|l|d| |f|i|s|s|i|o|n| |w|e|b|r|e|n|d|e|r|,102210fe594ee9b33d82058545b1ed14f4c8206e,PerceptualSpeedIndex,twitter,True,twitter PerceptualSpeedIndex opt bytecode-cached cold fission webrender,,77,ms,firefox,447716541.0,1845656561,2024-02-19 22:21:54,591.2,da0966c2c2d5b4f7c7f1b4d5702cd8c1f77e8633,1379039,,,,,,,,,,,,,,,,,,,,,,,,,,,,,,,,,,,,,,,,,,,,,,,,,,,,,,,,,,,,,TN,TN
autoland,4405952,13,ad8d5d1385265583919f5a224e1153902b6eef60,macosx1015-64-shippable-qr,True,False,,|b|y|t|e|c|o|d|e|-|c|a|c|h|e|d| |c|o|l|d| |f|i|s|s|i|o|n| |w|e|b|r|e|n|d|e|r|,102210fe594ee9b33d82058545b1ed14f4c8206e,PerceptualSpeedIndex,twitter,True,twitter PerceptualSpeedIndex opt bytecode-cached cold fission webrender,,77,ms,firefox,447713981.0,1845625738,2024-02-20 03:01:00,627.2,ad2add2f3c608b924436c34684c1a775130e74ce,1379095,,,,,,,,,,,,,,,,,,,,,,,,,,,,,,,,,,,,,,,,,,,,,,,,,,,,,,,,,,,,,TN,TN
autoland,4405952,13,ad8d5d1385265583919f5a224e1153902b6eef60,macosx1015-64-shippable-qr,True,False,,|b|y|t|e|c|o|d|e|-|c|a|c|h|e|d| |c|o|l|d| |f|i|s|s|i|o|n| |w|e|b|r|e|n|d|e|r|,102210fe594ee9b33d82058545b1ed14f4c8206e,PerceptualSpeedIndex,twitter,True,twitter PerceptualSpeedIndex opt bytecode-cached cold fission webrender,,77,ms,firefox,447728245.0,1845708923,2024-02-20 09:01:06,605.6,cc3c4937fb69e80b552b61a4f2dfd1405b518d89,1379152,,,,,,,,,,,,,,,,,,,,,,,,,,,,,,,,,,,,,,,,,,,,,,,,,,,,,,,,,,,,,TN,TN
autoland,4405952,13,ad8d5d1385265583919f5a224e1153902b6eef60,macosx1015-64-shippable-qr,True,False,,|b|y|t|e|c|o|d|e|-|c|a|c|h|e|d| |c|o|l|d| |f|i|s|s|i|o|n| |w|e|b|r|e|n|d|e|r|,102210fe594ee9b33d82058545b1ed14f4c8206e,PerceptualSpeedIndex,twitter,True,twitter PerceptualSpeedIndex opt bytecode-cached cold fission webrender,,77,ms,firefox,447779509.0,1845912579,2024-02-20 16:46:59,676.6,0465723cfb4ca46ccf93d696eb564093a1d9f2e6,1379390,,,,,,,,,,,,,,,,,,,,,,,,,,,,,,,,,,,,,,,,,,,,,,,,,,,,,,,,,,,,,TN,TN
autoland,4405952,13,ad8d5d1385265583919f5a224e1153902b6eef60,macosx1015-64-shippable-qr,True,False,,|b|y|t|e|c|o|d|e|-|c|a|c|h|e|d| |c|o|l|d| |f|i|s|s|i|o|n| |w|e|b|r|e|n|d|e|r|,102210fe594ee9b33d82058545b1ed14f4c8206e,PerceptualSpeedIndex,twitter,True,twitter PerceptualSpeedIndex opt bytecode-cached cold fission webrender,,77,ms,firefox,447800737.0,1845983737,2024-02-20 20:06:07,623.5,53f7baad39fc2408bc5c1ab6df97372a395730a4,1379528,,,,,,,,,,,,,,,,,,,,,,,,,,,,,,,,,,,,,,,,,,,,,,,,,,,,,,,,,,,,,TN,TN
autoland,4405952,13,ad8d5d1385265583919f5a224e1153902b6eef60,macosx1015-64-shippable-qr,True,False,,|b|y|t|e|c|o|d|e|-|c|a|c|h|e|d| |c|o|l|d| |f|i|s|s|i|o|n| |w|e|b|r|e|n|d|e|r|,102210fe594ee9b33d82058545b1ed14f4c8206e,PerceptualSpeedIndex,twitter,True,twitter PerceptualSpeedIndex opt bytecode-cached cold fission webrender,,77,ms,firefox,447831016.0,1846059299,2024-02-21 00:08:41,615.9,05e1180d2aa04a8882ff66dfaeeb0705694f7a61,1379609,,,,,,,,,,,,,,,,,,,,,,,,,,,,,,,,,,,,,,,,,,,,,,,,,,,,,,,,,,,,,TN,TN
autoland,4405952,13,ad8d5d1385265583919f5a224e1153902b6eef60,macosx1015-64-shippable-qr,True,False,,|b|y|t|e|c|o|d|e|-|c|a|c|h|e|d| |c|o|l|d| |f|i|s|s|i|o|n| |w|e|b|r|e|n|d|e|r|,102210fe594ee9b33d82058545b1ed14f4c8206e,PerceptualSpeedIndex,twitter,True,twitter PerceptualSpeedIndex opt bytecode-cached cold fission webrender,,77,ms,firefox,447833228.0,1846084928,2024-02-21 00:41:01,630.6,119078d182dd2557cd70eb6933abc1ecfb499edd,1379618,,,,,,,,,,,,,,,,,,,,,,,,,,,,,,,,,,,,,,,,,,,,,,,,,,,,,,,,,,,,,TN,TN
autoland,4405952,13,ad8d5d1385265583919f5a224e1153902b6eef60,macosx1015-64-shippable-qr,True,False,,|b|y|t|e|c|o|d|e|-|c|a|c|h|e|d| |c|o|l|d| |f|i|s|s|i|o|n| |w|e|b|r|e|n|d|e|r|,102210fe594ee9b33d82058545b1ed14f4c8206e,PerceptualSpeedIndex,twitter,True,twitter PerceptualSpeedIndex opt bytecode-cached cold fission webrender,,77,ms,firefox,447856931.0,1846184859,2024-02-21 05:21:04,602.2,714d9f89093457451e3881a56b2477e958b70fe0,1379764,,,,,,,,,,,,,,,,,,,,,,,,,,,,,,,,,,,,,,,,,,,,,,,,,,,,,,,,,,,,,TN,TN
autoland,4405952,13,ad8d5d1385265583919f5a224e1153902b6eef60,macosx1015-64-shippable-qr,True,False,,|b|y|t|e|c|o|d|e|-|c|a|c|h|e|d| |c|o|l|d| |f|i|s|s|i|o|n| |w|e|b|r|e|n|d|e|r|,102210fe594ee9b33d82058545b1ed14f4c8206e,PerceptualSpeedIndex,twitter,True,twitter PerceptualSpeedIndex opt bytecode-cached cold fission webrender,,77,ms,firefox,447879639.0,1846284297,2024-02-21 10:11:10,608.4,764b93d1a22891bddaaec4e5f73836957d938bac,1379832,,,,,,,,,,,,,,,,,,,,,,,,,,,,,,,,,,,,,,,,,,,,,,,,,,,,,,,,,,,,,TN,TN
autoland,4405952,13,ad8d5d1385265583919f5a224e1153902b6eef60,macosx1015-64-shippable-qr,True,False,,|b|y|t|e|c|o|d|e|-|c|a|c|h|e|d| |c|o|l|d| |f|i|s|s|i|o|n| |w|e|b|r|e|n|d|e|r|,102210fe594ee9b33d82058545b1ed14f4c8206e,PerceptualSpeedIndex,twitter,True,twitter PerceptualSpeedIndex opt bytecode-cached cold fission webrender,,77,ms,firefox,447878318.0,1846271297,2024-02-21 10:22:21,588.8,24ffc625c71e9cb6e20c48936ac06da6ec066694,1379838,,,,,,,,,,,,,,,,,,,,,,,,,,,,,,,,,,,,,,,,,,,,,,,,,,,,,,,,,,,,,TN,TN
autoland,4405952,13,ad8d5d1385265583919f5a224e1153902b6eef60,macosx1015-64-shippable-qr,True,False,,|b|y|t|e|c|o|d|e|-|c|a|c|h|e|d| |c|o|l|d| |f|i|s|s|i|o|n| |w|e|b|r|e|n|d|e|r|,102210fe594ee9b33d82058545b1ed14f4c8206e,PerceptualSpeedIndex,twitter,True,twitter PerceptualSpeedIndex opt bytecode-cached cold fission webrender,,77,ms,firefox,447914495.0,1846400509,2024-02-21 14:24:58,630.6,799f79fdcedba2bbccee86179c8b547894a16162,1379926,,,,,,,,,,,,,,,,,,,,,,,,,,,,,,,,,,,,,,,,,,,,,,,,,,,,,,,,,,,,,TN,TN
autoland,4405952,13,ad8d5d1385265583919f5a224e1153902b6eef60,macosx1015-64-shippable-qr,True,False,,|b|y|t|e|c|o|d|e|-|c|a|c|h|e|d| |c|o|l|d| |f|i|s|s|i|o|n| |w|e|b|r|e|n|d|e|r|,102210fe594ee9b33d82058545b1ed14f4c8206e,PerceptualSpeedIndex,twitter,True,twitter PerceptualSpeedIndex opt bytecode-cached cold fission webrender,,77,ms,firefox,447924480.0,1846451594,2024-02-21 15:14:56,605.2,f8dd4015fa59fee3a1a74c00cd2393a9578e49f0,1379958,,,,,,,,,,,,,,,,,,,,,,,,,,,,,,,,,,,,,,,,,,,,,,,,,,,,,,,,,,,,,TN,TN
autoland,4405952,13,ad8d5d1385265583919f5a224e1153902b6eef60,macosx1015-64-shippable-qr,True,False,,|b|y|t|e|c|o|d|e|-|c|a|c|h|e|d| |c|o|l|d| |f|i|s|s|i|o|n| |w|e|b|r|e|n|d|e|r|,102210fe594ee9b33d82058545b1ed14f4c8206e,PerceptualSpeedIndex,twitter,True,twitter PerceptualSpeedIndex opt bytecode-cached cold fission webrender,,77,ms,firefox,447998636.0,1846853594,2024-02-21 20:37:48,594.4,bec4dc4bd9ce0a51dab009936bc838963e3f16b3,1380197,,,,,,,,,,,,,,,,,,,,,,,,,,,,,,,,,,,,,,,,,,,,,,,,,,,,,,,,,,,,,TN,TN
autoland,4405952,13,ad8d5d1385265583919f5a224e1153902b6eef60,macosx1015-64-shippable-qr,True,False,,|b|y|t|e|c|o|d|e|-|c|a|c|h|e|d| |c|o|l|d| |f|i|s|s|i|o|n| |w|e|b|r|e|n|d|e|r|,102210fe594ee9b33d82058545b1ed14f4c8206e,PerceptualSpeedIndex,twitter,True,twitter PerceptualSpeedIndex opt bytecode-cached cold fission webrender,,77,ms,firefox,447995679.0,1846823573,2024-02-21 20:47:55,599.4,31b9ef95a482db91c24a809eb6a64f2c0d7f8f9d,1380210,,,,,,,,,,,,,,,,,,,,,,,,,,,,,,,,,,,,,,,,,,,,,,,,,,,,,,,,,,,,,TN,TN
autoland,4405952,13,ad8d5d1385265583919f5a224e1153902b6eef60,macosx1015-64-shippable-qr,True,False,,|b|y|t|e|c|o|d|e|-|c|a|c|h|e|d| |c|o|l|d| |f|i|s|s|i|o|n| |w|e|b|r|e|n|d|e|r|,102210fe594ee9b33d82058545b1ed14f4c8206e,PerceptualSpeedIndex,twitter,True,twitter PerceptualSpeedIndex opt bytecode-cached cold fission webrender,,77,ms,firefox,447997319.0,1846836759,2024-02-22 00:49:41,598.6,445c60e096fe3cdc8b7169881875c476febfe082,1380338,,,,,,,,,,,,,,,,,,,,,,,,,,,,,,,,,,,,,,,,,,,,,,,,,,,,,,,,,,,,,TN,TN
autoland,4405952,13,ad8d5d1385265583919f5a224e1153902b6eef60,macosx1015-64-shippable-qr,True,False,,|b|y|t|e|c|o|d|e|-|c|a|c|h|e|d| |c|o|l|d| |f|i|s|s|i|o|n| |w|e|b|r|e|n|d|e|r|,102210fe594ee9b33d82058545b1ed14f4c8206e,PerceptualSpeedIndex,twitter,True,twitter PerceptualSpeedIndex opt bytecode-cached cold fission webrender,,77,ms,firefox,448160976.0,1847495896,2024-02-22 00:56:42,629.8,c5e3b3132f32b45a2d65870d86690f854c5531fb,1380343,,,,,,,,,,,,,,,,,,,,,,,,,,,,,,,,,,,,,,,,,,,,,,,,,,,,,,,,,,,,,TN,TN
autoland,4405952,13,ad8d5d1385265583919f5a224e1153902b6eef60,macosx1015-64-shippable-qr,True,False,,|b|y|t|e|c|o|d|e|-|c|a|c|h|e|d| |c|o|l|d| |f|i|s|s|i|o|n| |w|e|b|r|e|n|d|e|r|,102210fe594ee9b33d82058545b1ed14f4c8206e,PerceptualSpeedIndex,twitter,True,twitter PerceptualSpeedIndex opt bytecode-cached cold fission webrender,,77,ms,firefox,448161029.0,1847496800,2024-02-22 02:02:43,641.1,c5bcba5528449aa68d66ae69932dfb3ae2d19030,1380372,,,,,,,,,,,,,,,,,,,,,,,,,,,,,,,,,,,,,,,,,,,,,,,,,,,,,,,,,,,,,TN,TN
autoland,4405952,13,ad8d5d1385265583919f5a224e1153902b6eef60,macosx1015-64-shippable-qr,True,False,,|b|y|t|e|c|o|d|e|-|c|a|c|h|e|d| |c|o|l|d| |f|i|s|s|i|o|n| |w|e|b|r|e|n|d|e|r|,102210fe594ee9b33d82058545b1ed14f4c8206e,PerceptualSpeedIndex,twitter,True,twitter PerceptualSpeedIndex opt bytecode-cached cold fission webrender,,77,ms,firefox,447997637.0,1846843056,2024-02-22 02:03:24,609.5,093d37f32ef033aa168508e96b9ec2e753850ccc,1380373,,,,,,,,,,,,,,,,,,,,,,,,,,,,,,,,,,,,,,,,,,,,,,,,,,,,,,,,,,,,,TN,TN
autoland,4405952,13,ad8d5d1385265583919f5a224e1153902b6eef60,macosx1015-64-shippable-qr,True,False,,|b|y|t|e|c|o|d|e|-|c|a|c|h|e|d| |c|o|l|d| |f|i|s|s|i|o|n| |w|e|b|r|e|n|d|e|r|,102210fe594ee9b33d82058545b1ed14f4c8206e,PerceptualSpeedIndex,twitter,True,twitter PerceptualSpeedIndex opt bytecode-cached cold fission webrender,,77,ms,firefox,448016794.0,1846943795,2024-02-22 06:55:22,658.9,e32e8effe8493ec71ad7a3b2b043f7742905b2be,1380445,,,,,,,,,,,,,,,,,,,,,,,,,,,,,,,,,,,,,,,,,,,,,,,,,,,,,,,,,,,,,TN,TN
autoland,4405952,13,ad8d5d1385265583919f5a224e1153902b6eef60,macosx1015-64-shippable-qr,True,False,,|b|y|t|e|c|o|d|e|-|c|a|c|h|e|d| |c|o|l|d| |f|i|s|s|i|o|n| |w|e|b|r|e|n|d|e|r|,102210fe594ee9b33d82058545b1ed14f4c8206e,PerceptualSpeedIndex,twitter,True,twitter PerceptualSpeedIndex opt bytecode-cached cold fission webrender,,77,ms,firefox,448059320.0,1847120885,2024-02-22 08:58:43,656.6,836800665817ebbf328952caef8477f135630733,1380488,,,,,,,,,,,,,,,,,,,,,,,,,,,,,,,,,,,,,,,,,,,,,,,,,,,,,,,,,,,,,TN,TN
autoland,4405952,13,ad8d5d1385265583919f5a224e1153902b6eef60,macosx1015-64-shippable-qr,True,False,,|b|y|t|e|c|o|d|e|-|c|a|c|h|e|d| |c|o|l|d| |f|i|s|s|i|o|n| |w|e|b|r|e|n|d|e|r|,102210fe594ee9b33d82058545b1ed14f4c8206e,PerceptualSpeedIndex,twitter,True,twitter PerceptualSpeedIndex opt bytecode-cached cold fission webrender,,77,ms,firefox,448084738.0,1847219160,2024-02-22 12:54:00,604.2,583b3985eb0c0410cf6ebaf8e2f5c576185726c5,1380594,,,,,,,,,,,,,,,,,,,,,,,,,,,,,,,,,,,,,,,,,,,,,,,,,,,,,,,,,,,,,TN,TN
autoland,4405952,13,ad8d5d1385265583919f5a224e1153902b6eef60,macosx1015-64-shippable-qr,True,False,,|b|y|t|e|c|o|d|e|-|c|a|c|h|e|d| |c|o|l|d| |f|i|s|s|i|o|n| |w|e|b|r|e|n|d|e|r|,102210fe594ee9b33d82058545b1ed14f4c8206e,PerceptualSpeedIndex,twitter,True,twitter PerceptualSpeedIndex opt bytecode-cached cold fission webrender,,77,ms,firefox,448166991.0,1847572098,2024-02-22 13:02:14,617.6,97926aad2648cc77b8f5753c0c31e56cb3ca5f7d,1380599,,,,,,,,,,,,,,,,,,,,,,,,,,,,,,,,,,,,,,,,,,,,,,,,,,,,,,,,,,,,,TN,TN
autoland,4405952,13,ad8d5d1385265583919f5a224e1153902b6eef60,macosx1015-64-shippable-qr,True,False,,|b|y|t|e|c|o|d|e|-|c|a|c|h|e|d| |c|o|l|d| |f|i|s|s|i|o|n| |w|e|b|r|e|n|d|e|r|,102210fe594ee9b33d82058545b1ed14f4c8206e,PerceptualSpeedIndex,twitter,True,twitter PerceptualSpeedIndex opt bytecode-cached cold fission webrender,,77,ms,firefox,448167232.0,1847577231,2024-02-22 13:09:22,603.8,7bc8ecb228993ee2c97c23dca54d66d6419999dc,1380603,,,,,,,,,,,,,,,,,,,,,,,,,,,,,,,,,,,,,,,,,,,,,,,,,,,,,,,,,,,,,TN,TN
autoland,4405952,13,ad8d5d1385265583919f5a224e1153902b6eef60,macosx1015-64-shippable-qr,True,False,,|b|y|t|e|c|o|d|e|-|c|a|c|h|e|d| |c|o|l|d| |f|i|s|s|i|o|n| |w|e|b|r|e|n|d|e|r|,102210fe594ee9b33d82058545b1ed14f4c8206e,PerceptualSpeedIndex,twitter,True,twitter PerceptualSpeedIndex opt bytecode-cached cold fission webrender,,77,ms,firefox,448166472.0,1847561785,2024-02-22 14:58:00,607.4,2d093d7624aece78778af6f1acee484f469f26d5,1380678,,,,,,,,,,,,,,,,,,,,,,,,,,,,,,,,,,,,,,,,,,,,,,,,,,,,,,,,,,,,,TN,TN
autoland,4405952,13,ad8d5d1385265583919f5a224e1153902b6eef60,macosx1015-64-shippable-qr,True,False,,|b|y|t|e|c|o|d|e|-|c|a|c|h|e|d| |c|o|l|d| |f|i|s|s|i|o|n| |w|e|b|r|e|n|d|e|r|,102210fe594ee9b33d82058545b1ed14f4c8206e,PerceptualSpeedIndex,twitter,True,twitter PerceptualSpeedIndex opt bytecode-cached cold fission webrender,,77,ms,firefox,448166221.0,1847557906,2024-02-22 15:08:55,604.4,eaba203b7e9f80d2f6f8c1e80a832c1401ae2b9f,1380688,,,,,,,,,,,,,,,,,,,,,,,,,,,,,,,,,,,,,,,,,,,,,,,,,,,,,,,,,,,,,TN,TN
autoland,4405952,13,ad8d5d1385265583919f5a224e1153902b6eef60,macosx1015-64-shippable-qr,True,False,,|b|y|t|e|c|o|d|e|-|c|a|c|h|e|d| |c|o|l|d| |f|i|s|s|i|o|n| |w|e|b|r|e|n|d|e|r|,102210fe594ee9b33d82058545b1ed14f4c8206e,PerceptualSpeedIndex,twitter,True,twitter PerceptualSpeedIndex opt bytecode-cached cold fission webrender,,77,ms,firefox,448103530.0,1847290305,2024-02-22 16:54:14,691.9,51ea0932b27ba455533226277e6c6deeb38a8fd4,1380794,,,,,,,,,,,,,,,,,,,,,,,,,,,,,,,,,,,,,,,,,,,,,,,,,,,,,,,,,,,,,TN,TN
autoland,4405952,13,ad8d5d1385265583919f5a224e1153902b6eef60,macosx1015-64-shippable-qr,True,False,,|b|y|t|e|c|o|d|e|-|c|a|c|h|e|d| |c|o|l|d| |f|i|s|s|i|o|n| |w|e|b|r|e|n|d|e|r|,102210fe594ee9b33d82058545b1ed14f4c8206e,PerceptualSpeedIndex,twitter,True,twitter PerceptualSpeedIndex opt bytecode-cached cold fission webrender,,77,ms,firefox,448106395.0,1847295547,2024-02-22 17:17:40,666.7,aac0a57bd987ca0633e2f48ca37f8564344749b9,1380806,,,,,,,,,,,,,,,,,,,,,,,,,,,,,,,,,,,,,,,,,,,,,,,,,,,,,,,,,,,,,TN,TN
autoland,4405952,13,ad8d5d1385265583919f5a224e1153902b6eef60,macosx1015-64-shippable-qr,True,False,,|b|y|t|e|c|o|d|e|-|c|a|c|h|e|d| |c|o|l|d| |f|i|s|s|i|o|n| |w|e|b|r|e|n|d|e|r|,102210fe594ee9b33d82058545b1ed14f4c8206e,PerceptualSpeedIndex,twitter,True,twitter PerceptualSpeedIndex opt bytecode-cached cold fission webrender,,77,ms,firefox,448152627.0,1847470582,2024-02-22 21:59:43,574.0,1b60bca1b546c120891a0263bcdf7757d75178bc,1380998,,,,,,,,,,,,,,,,,,,,,,,,,,,,,,,,,,,,,,,,,,,,,,,,,,,,,,,,,,,,,TN,TN
autoland,4405952,13,ad8d5d1385265583919f5a224e1153902b6eef60,macosx1015-64-shippable-qr,True,False,,|b|y|t|e|c|o|d|e|-|c|a|c|h|e|d| |c|o|l|d| |f|i|s|s|i|o|n| |w|e|b|r|e|n|d|e|r|,102210fe594ee9b33d82058545b1ed14f4c8206e,PerceptualSpeedIndex,twitter,True,twitter PerceptualSpeedIndex opt bytecode-cached cold fission webrender,,77,ms,firefox,448151685.0,1847461979,2024-02-22 22:05:44,607.5,3157eece201c15988ff693f9746bc767ad633fa8,1381007,,,,,,,,,,,,,,,,,,,,,,,,,,,,,,,,,,,,,,,,,,,,,,,,,,,,,,,,,,,,,TN,TN
autoland,4405952,13,ad8d5d1385265583919f5a224e1153902b6eef60,macosx1015-64-shippable-qr,True,False,,|b|y|t|e|c|o|d|e|-|c|a|c|h|e|d| |c|o|l|d| |f|i|s|s|i|o|n| |w|e|b|r|e|n|d|e|r|,102210fe594ee9b33d82058545b1ed14f4c8206e,PerceptualSpeedIndex,twitter,True,twitter PerceptualSpeedIndex opt bytecode-cached cold fission webrender,,77,ms,firefox,448165429.0,1847542717,2024-02-23 03:42:44,630.9,90d2dd7d6b48918404ecc4906e62fa106b4238a9,1381156,,,,,,,,,,,,,,,,,,,,,,,,,,,,,,,,,,,,,,,,,,,,,,,,,,,,,,,,,,,,,TN,TN
autoland,4405952,13,ad8d5d1385265583919f5a224e1153902b6eef60,macosx1015-64-shippable-qr,True,False,,|b|y|t|e|c|o|d|e|-|c|a|c|h|e|d| |c|o|l|d| |f|i|s|s|i|o|n| |w|e|b|r|e|n|d|e|r|,102210fe594ee9b33d82058545b1ed14f4c8206e,PerceptualSpeedIndex,twitter,True,twitter PerceptualSpeedIndex opt bytecode-cached cold fission webrender,,77,ms,firefox,448174434.0,1847617456,2024-02-23 07:23:44,672.3,21d2a36f8f072b9b57adbeb73eca449f62093ca3,1381206,,,,,,,,,,,,,,,,,,,,,,,,,,,,,,,,,,,,,,,,,,,,,,,,,,,,,,,,,,,,,TN,TN
autoland,4405952,13,ad8d5d1385265583919f5a224e1153902b6eef60,macosx1015-64-shippable-qr,True,False,,|b|y|t|e|c|o|d|e|-|c|a|c|h|e|d| |c|o|l|d| |f|i|s|s|i|o|n| |w|e|b|r|e|n|d|e|r|,102210fe594ee9b33d82058545b1ed14f4c8206e,PerceptualSpeedIndex,twitter,True,twitter PerceptualSpeedIndex opt bytecode-cached cold fission webrender,,77,ms,firefox,448216887.0,1847754784,2024-02-23 12:03:57,582.0,75e12d12d89c2d79200c0057830f9e0c37f973f5,1381319,,,,,,,,,,,,,,,,,,,,,,,,,,,,,,,,,,,,,,,,,,,,,,,,,,,,,,,,,,,,,TN,TN
autoland,4405952,13,ad8d5d1385265583919f5a224e1153902b6eef60,macosx1015-64-shippable-qr,True,False,,|b|y|t|e|c|o|d|e|-|c|a|c|h|e|d| |c|o|l|d| |f|i|s|s|i|o|n| |w|e|b|r|e|n|d|e|r|,102210fe594ee9b33d82058545b1ed14f4c8206e,PerceptualSpeedIndex,twitter,True,twitter PerceptualSpeedIndex opt bytecode-cached cold fission webrender,,77,ms,firefox,448317449.0,1848188658,2024-02-23 14:24:56,626.1,80e08d441c6cb001610ee0f198a3dcf424bafd4f,1381381,,,,,,,,,,,,,,,,,,,,,,,,,,,,,,,,,,,,,,,,,,,,,,,,,,,,,,,,,,,,,TN,TN
autoland,4405952,13,ad8d5d1385265583919f5a224e1153902b6eef60,macosx1015-64-shippable-qr,True,False,,|b|y|t|e|c|o|d|e|-|c|a|c|h|e|d| |c|o|l|d| |f|i|s|s|i|o|n| |w|e|b|r|e|n|d|e|r|,102210fe594ee9b33d82058545b1ed14f4c8206e,PerceptualSpeedIndex,twitter,True,twitter PerceptualSpeedIndex opt bytecode-cached cold fission webrender,,77,ms,firefox,448315149.0,1848147474,2024-02-23 14:54:44,627.9,a700ab961a223f6d614abe258766bed35dab027b,1381402,,,,,,,,,,,,,,,,,,,,,,,,,,,,,,,,,,,,,,,,,,,,,,,,,,,,,,,,,,,,,TN,TN
autoland,4405952,13,ad8d5d1385265583919f5a224e1153902b6eef60,macosx1015-64-shippable-qr,True,False,,|b|y|t|e|c|o|d|e|-|c|a|c|h|e|d| |c|o|l|d| |f|i|s|s|i|o|n| |w|e|b|r|e|n|d|e|r|,102210fe594ee9b33d82058545b1ed14f4c8206e,PerceptualSpeedIndex,twitter,True,twitter PerceptualSpeedIndex opt bytecode-cached cold fission webrender,,77,ms,firefox,448240828.0,1847862030,2024-02-23 15:17:21,620.3,e2c67ce1b79f08538c8f70b2089d860802aa289e,1381416,,,,,,,,,,,,,,,,,,,,,,,,,,,,,,,,,,,,,,,,,,,,,,,,,,,,,,,,,,,,,TN,TN
autoland,4405952,13,ad8d5d1385265583919f5a224e1153902b6eef60,macosx1015-64-shippable-qr,True,False,,|b|y|t|e|c|o|d|e|-|c|a|c|h|e|d| |c|o|l|d| |f|i|s|s|i|o|n| |w|e|b|r|e|n|d|e|r|,102210fe594ee9b33d82058545b1ed14f4c8206e,PerceptualSpeedIndex,twitter,True,twitter PerceptualSpeedIndex opt bytecode-cached cold fission webrender,,77,ms,firefox,448262198.0,1847963016,2024-02-23 18:14:32,600.5,dccf526bcc0afbf9f7abd33abff453ced5a76335,1381598,,,,,,,,,,,,,,,,,,,,,,,,,,,,,,,,,,,,,,,,,,,,,,,,,,,,,,,,,,,,,TN,TN
autoland,4405952,13,ad8d5d1385265583919f5a224e1153902b6eef60,macosx1015-64-shippable-qr,True,False,,|b|y|t|e|c|o|d|e|-|c|a|c|h|e|d| |c|o|l|d| |f|i|s|s|i|o|n| |w|e|b|r|e|n|d|e|r|,102210fe594ee9b33d82058545b1ed14f4c8206e,PerceptualSpeedIndex,twitter,True,twitter PerceptualSpeedIndex opt bytecode-cached cold fission webrender,,77,ms,firefox,448317009.0,1848181021,2024-02-23 18:28:43,643.8,85863a9ea2f0fb7ef6aeecaafc6836e9ae4a8178,1381603,,,,,,,,,,,,,,,,,,,,,,,,,,,,,,,,,,,,,,,,,,,,,,,,,,,,,,,,,,,,,TN,TN
autoland,4405952,13,ad8d5d1385265583919f5a224e1153902b6eef60,macosx1015-64-shippable-qr,True,False,,|b|y|t|e|c|o|d|e|-|c|a|c|h|e|d| |c|o|l|d| |f|i|s|s|i|o|n| |w|e|b|r|e|n|d|e|r|,102210fe594ee9b33d82058545b1ed14f4c8206e,PerceptualSpeedIndex,twitter,True,twitter PerceptualSpeedIndex opt bytecode-cached cold fission webrender,,77,ms,firefox,448317383.0,1848188549,2024-02-23 18:35:41,599.3,d2eef8673a91da595254a8300b7af61b8e569b63,1381609,,,,,,,,,,,,,,,,,,,,,,,,,,,,,,,,,,,,,,,,,,,,,,,,,,,,,,,,,,,,,TN,TN
autoland,4405952,13,ad8d5d1385265583919f5a224e1153902b6eef60,macosx1015-64-shippable-qr,True,False,,|b|y|t|e|c|o|d|e|-|c|a|c|h|e|d| |c|o|l|d| |f|i|s|s|i|o|n| |w|e|b|r|e|n|d|e|r|,102210fe594ee9b33d82058545b1ed14f4c8206e,PerceptualSpeedIndex,twitter,True,twitter PerceptualSpeedIndex opt bytecode-cached cold fission webrender,,77,ms,firefox,448298551.0,1848090522,2024-02-23 22:24:23,591.7,8c239bb8c3fa84633497932b3d3a1d566f9e7581,1381790,,,,,,,,,,,,,,,,,,,,,,,,,,,,,,,,,,,,,,,,,,,,,,,,,,,,,,,,,,,,,TN,TN
autoland,4405952,13,ad8d5d1385265583919f5a224e1153902b6eef60,macosx1015-64-shippable-qr,True,False,,|b|y|t|e|c|o|d|e|-|c|a|c|h|e|d| |c|o|l|d| |f|i|s|s|i|o|n| |w|e|b|r|e|n|d|e|r|,102210fe594ee9b33d82058545b1ed14f4c8206e,PerceptualSpeedIndex,twitter,True,twitter PerceptualSpeedIndex opt bytecode-cached cold fission webrender,,77,ms,firefox,448301340.0,1848096492,2024-02-23 22:37:13,564.3,fc1f91bbfd85565b6b9a06155b3d750dc17812f0,1381800,,,,,,,,,,,,,,,,,,,,,,,,,,,,,,,,,,,,,,,,,,,,,,,,,,,,,,,,,,,,,TN,TN
autoland,4405952,13,ad8d5d1385265583919f5a224e1153902b6eef60,macosx1015-64-shippable-qr,True,False,,|b|y|t|e|c|o|d|e|-|c|a|c|h|e|d| |c|o|l|d| |f|i|s|s|i|o|n| |w|e|b|r|e|n|d|e|r|,102210fe594ee9b33d82058545b1ed14f4c8206e,PerceptualSpeedIndex,twitter,True,twitter PerceptualSpeedIndex opt bytecode-cached cold fission webrender,,77,ms,firefox,448315969.0,1848156926,2024-02-24 03:17:09,565.4,504cbf2189790d36f74d4fc454949d0c55a40c37,1381876,,,,,,,,,,,,,,,,,,,,,,,,,,,,,,,,,,,,,,,,,,,,,,,,,,,,,,,,,,,,,TN,TN
autoland,4405952,13,ad8d5d1385265583919f5a224e1153902b6eef60,macosx1015-64-shippable-qr,True,False,,|b|y|t|e|c|o|d|e|-|c|a|c|h|e|d| |c|o|l|d| |f|i|s|s|i|o|n| |w|e|b|r|e|n|d|e|r|,102210fe594ee9b33d82058545b1ed14f4c8206e,PerceptualSpeedIndex,twitter,True,twitter PerceptualSpeedIndex opt bytecode-cached cold fission webrender,,77,ms,firefox,448326889.0,1848230111,2024-02-24 08:59:15,605.0,f571738470f98e8161bf79b269e333053dca32c4,1381906,,,,,,,,,,,,,,,,,,,,,,,,,,,,,,,,,,,,,,,,,,,,,,,,,,,,,,,,,,,,,TN,TN
autoland,4405952,13,ad8d5d1385265583919f5a224e1153902b6eef60,macosx1015-64-shippable-qr,True,False,,|b|y|t|e|c|o|d|e|-|c|a|c|h|e|d| |c|o|l|d| |f|i|s|s|i|o|n| |w|e|b|r|e|n|d|e|r|,102210fe594ee9b33d82058545b1ed14f4c8206e,PerceptualSpeedIndex,twitter,True,twitter PerceptualSpeedIndex opt bytecode-cached cold fission webrender,,77,ms,firefox,448353436.0,1848317217,2024-02-24 18:15:08,684.5,fb873ef9e164e2ac423d266870ce82445945de97,1381948,,,,,,,,,,,,,,,,,,,,,,,,,,,,,,,,,,,,,,,,,,,,,,,,,,,,,,,,,,,,,TN,TN
autoland,4405952,13,ad8d5d1385265583919f5a224e1153902b6eef60,macosx1015-64-shippable-qr,True,False,,|b|y|t|e|c|o|d|e|-|c|a|c|h|e|d| |c|o|l|d| |f|i|s|s|i|o|n| |w|e|b|r|e|n|d|e|r|,102210fe594ee9b33d82058545b1ed14f4c8206e,PerceptualSpeedIndex,twitter,True,twitter PerceptualSpeedIndex opt bytecode-cached cold fission webrender,,77,ms,firefox,448374658.0,1848381367,2024-02-25 01:06:55,591.6,fedd91b7af1e6b3c4a7d6f58b8bce94d55eb9d74,1381999,,,,,,,,,,,,,,,,,,,,,,,,,,,,,,,,,,,,,,,,,,,,,,,,,,,,,,,,,,,,,TN,TN
autoland,4405952,13,ad8d5d1385265583919f5a224e1153902b6eef60,macosx1015-64-shippable-qr,True,False,,|b|y|t|e|c|o|d|e|-|c|a|c|h|e|d| |c|o|l|d| |f|i|s|s|i|o|n| |w|e|b|r|e|n|d|e|r|,102210fe594ee9b33d82058545b1ed14f4c8206e,PerceptualSpeedIndex,twitter,True,twitter PerceptualSpeedIndex opt bytecode-cached cold fission webrender,,77,ms,firefox,448412802.0,1848507082,2024-02-26 01:39:06,683.4,689cf8cf7e6b9b9ee5e599a77325de05487a5eed,1382090,,,,,,,,,,,,,,,,,,,,,,,,,,,,,,,,,,,,,,,,,,,,,,,,,,,,,,,,,,,,,TN,TN
autoland,4405952,13,ad8d5d1385265583919f5a224e1153902b6eef60,macosx1015-64-shippable-qr,True,False,,|b|y|t|e|c|o|d|e|-|c|a|c|h|e|d| |c|o|l|d| |f|i|s|s|i|o|n| |w|e|b|r|e|n|d|e|r|,102210fe594ee9b33d82058545b1ed14f4c8206e,PerceptualSpeedIndex,twitter,True,twitter PerceptualSpeedIndex opt bytecode-cached cold fission webrender,,77,ms,firefox,448582196.0,1849195435,2024-02-26 08:26:30,609.5,3af6901e77d5b3f960f24207e6d8a296508c685c,1382148,,,,,,,,,,,,,,,,,,,,,,,,,,,,,,,,,,,,,,,,,,,,,,,,,,,,,,,,,,,,,TN,TN
autoland,4405952,13,ad8d5d1385265583919f5a224e1153902b6eef60,macosx1015-64-shippable-qr,True,False,,|b|y|t|e|c|o|d|e|-|c|a|c|h|e|d| |c|o|l|d| |f|i|s|s|i|o|n| |w|e|b|r|e|n|d|e|r|,102210fe594ee9b33d82058545b1ed14f4c8206e,PerceptualSpeedIndex,twitter,True,twitter PerceptualSpeedIndex opt bytecode-cached cold fission webrender,,77,ms,firefox,448579705.0,1849167958,2024-02-26 08:29:13,606.7,9efb6f33056715dde89a576fe22714c2e6f3e7a9,1382149,,,,,,,,,,,,,,,,,,,,,,,,,,,,,,,,,,,,,,,,,,,,,,,,,,,,,,,,,,,,,TN,TN
autoland,4405952,13,ad8d5d1385265583919f5a224e1153902b6eef60,macosx1015-64-shippable-qr,True,False,,|b|y|t|e|c|o|d|e|-|c|a|c|h|e|d| |c|o|l|d| |f|i|s|s|i|o|n| |w|e|b|r|e|n|d|e|r|,102210fe594ee9b33d82058545b1ed14f4c8206e,PerceptualSpeedIndex,twitter,True,twitter PerceptualSpeedIndex opt bytecode-cached cold fission webrender,,77,ms,firefox,448449343.0,1848662985,2024-02-26 10:31:50,602.2,8268ce246a04145ed6598e99b5d061a4e1ee3ca6,1382207,,,,,,,,,,,,,,,,,,,,,,,,,,,,,,,,,,,,,,,,,,,,,,,,,,,,,,,,,,,,,TN,TN
autoland,4405952,13,ad8d5d1385265583919f5a224e1153902b6eef60,macosx1015-64-shippable-qr,True,False,,|b|y|t|e|c|o|d|e|-|c|a|c|h|e|d| |c|o|l|d| |f|i|s|s|i|o|n| |w|e|b|r|e|n|d|e|r|,102210fe594ee9b33d82058545b1ed14f4c8206e,PerceptualSpeedIndex,twitter,True,twitter PerceptualSpeedIndex opt bytecode-cached cold fission webrender,,77,ms,firefox,448582285.0,1849196846,2024-02-26 13:55:05,679.0,20ea3f74f4fe9153bbc8d976f6e5df94c464dc30,1382274,,,,,,,,,,,,,,,,,,,,,,,,,,,,,,,,,,,,,,,,,,,,,,,,,,,,,,,,,,,,,TN,TN
autoland,4405952,13,ad8d5d1385265583919f5a224e1153902b6eef60,macosx1015-64-shippable-qr,True,False,,|b|y|t|e|c|o|d|e|-|c|a|c|h|e|d| |c|o|l|d| |f|i|s|s|i|o|n| |w|e|b|r|e|n|d|e|r|,102210fe594ee9b33d82058545b1ed14f4c8206e,PerceptualSpeedIndex,twitter,True,twitter PerceptualSpeedIndex opt bytecode-cached cold fission webrender,,77,ms,firefox,448582938.0,1849199944,2024-02-26 14:13:27,614.1,4dc477669dc382edf409e1b691b033c7243b97cd,1382289,,,,,,,,,,,,,,,,,,,,,,,,,,,,,,,,,,,,,,,,,,,,,,,,,,,,,,,,,,,,,TN,TN
autoland,4405952,13,ad8d5d1385265583919f5a224e1153902b6eef60,macosx1015-64-shippable-qr,True,False,,|b|y|t|e|c|o|d|e|-|c|a|c|h|e|d| |c|o|l|d| |f|i|s|s|i|o|n| |w|e|b|r|e|n|d|e|r|,102210fe594ee9b33d82058545b1ed14f4c8206e,PerceptualSpeedIndex,twitter,True,twitter PerceptualSpeedIndex opt bytecode-cached cold fission webrender,,77,ms,firefox,448486083.0,1848750333,2024-02-26 14:40:18,610.4,a5c1fbe78e431fe4a1db712f75edb33f6fd668e4,1382307,,,,,,,,,,,,,,,,,,,,,,,,,,,,,,,,,,,,,,,,,,,,,,,,,,,,,,,,,,,,,TN,TN
autoland,4405952,13,ad8d5d1385265583919f5a224e1153902b6eef60,macosx1015-64-shippable-qr,True,False,,|b|y|t|e|c|o|d|e|-|c|a|c|h|e|d| |c|o|l|d| |f|i|s|s|i|o|n| |w|e|b|r|e|n|d|e|r|,102210fe594ee9b33d82058545b1ed14f4c8206e,PerceptualSpeedIndex,twitter,True,twitter PerceptualSpeedIndex opt bytecode-cached cold fission webrender,,77,ms,firefox,448487710.0,1848761783,2024-02-26 15:06:28,692.6,621c8480cd3562f3f61966b4219a0335ce72f698,1382323,,,,,,,,,,,,,,,,,,,,,,,,,,,,,,,,,,,,,,,,,,,,,,,,,,,,,,,,,,,,,TN,TN
autoland,4405952,13,ad8d5d1385265583919f5a224e1153902b6eef60,macosx1015-64-shippable-qr,True,False,,|b|y|t|e|c|o|d|e|-|c|a|c|h|e|d| |c|o|l|d| |f|i|s|s|i|o|n| |w|e|b|r|e|n|d|e|r|,102210fe594ee9b33d82058545b1ed14f4c8206e,PerceptualSpeedIndex,twitter,True,twitter PerceptualSpeedIndex opt bytecode-cached cold fission webrender,,77,ms,firefox,448511684.0,1848883590,2024-02-26 18:24:43,600.7,b26d4c8d5e44cc544e259f32a62382902af6f7ff,1382496,,,,,,,,,,,,,,,,,,,,,,,,,,,,,,,,,,,,,,,,,,,,,,,,,,,,,,,,,,,,,TN,TN
autoland,4405952,13,ad8d5d1385265583919f5a224e1153902b6eef60,macosx1015-64-shippable-qr,True,False,,|b|y|t|e|c|o|d|e|-|c|a|c|h|e|d| |c|o|l|d| |f|i|s|s|i|o|n| |w|e|b|r|e|n|d|e|r|,102210fe594ee9b33d82058545b1ed14f4c8206e,PerceptualSpeedIndex,twitter,True,twitter PerceptualSpeedIndex opt bytecode-cached cold fission webrender,,77,ms,firefox,448544192.0,1848983185,2024-02-26 22:27:48,594.6,2bd01d77bc4d2a1ad705bb1ecb8e793864a737ee,1382641,,,,,,,,,,,,,,,,,,,,,,,,,,,,,,,,,,,,,,,,,,,,,,,,,,,,,,,,,,,,,TN,TN
autoland,4405952,13,ad8d5d1385265583919f5a224e1153902b6eef60,macosx1015-64-shippable-qr,True,False,,|b|y|t|e|c|o|d|e|-|c|a|c|h|e|d| |c|o|l|d| |f|i|s|s|i|o|n| |w|e|b|r|e|n|d|e|r|,102210fe594ee9b33d82058545b1ed14f4c8206e,PerceptualSpeedIndex,twitter,True,twitter PerceptualSpeedIndex opt bytecode-cached cold fission webrender,,77,ms,firefox,448581374.0,1849180456,2024-02-27 03:06:58,615.1,74094dc4022c8437eb87a7e25bf6433fb07a7fbb,1382765,,,,,,,,,,,,,,,,,,,,,,,,,,,,,,,,,,,,,,,,,,,,,,,,,,,,,,,,,,,,,TN,TN
autoland,4405952,13,ad8d5d1385265583919f5a224e1153902b6eef60,macosx1015-64-shippable-qr,True,False,,|b|y|t|e|c|o|d|e|-|c|a|c|h|e|d| |c|o|l|d| |f|i|s|s|i|o|n| |w|e|b|r|e|n|d|e|r|,102210fe594ee9b33d82058545b1ed14f4c8206e,PerceptualSpeedIndex,twitter,True,twitter PerceptualSpeedIndex opt bytecode-cached cold fission webrender,,77,ms,firefox,448621613.0,1849357762,2024-02-27 10:31:28,595.6,f0fd4d27a58991220e91d1c086442a03b0a52117,1382887,,,,,,,,,,,,,,,,,,,,,,,,,,,,,,,,,,,,,,,,,,,,,,,,,,,,,,,,,,,,,TN,TN
autoland,4405952,13,ad8d5d1385265583919f5a224e1153902b6eef60,macosx1015-64-shippable-qr,True,False,,|b|y|t|e|c|o|d|e|-|c|a|c|h|e|d| |c|o|l|d| |f|i|s|s|i|o|n| |w|e|b|r|e|n|d|e|r|,102210fe594ee9b33d82058545b1ed14f4c8206e,PerceptualSpeedIndex,twitter,True,twitter PerceptualSpeedIndex opt bytecode-cached cold fission webrender,,77,ms,firefox,448639448.0,1849409255,2024-02-27 13:59:53,578.6,32acc4e2db50b53733cfcf554a308ccc986925b5,1383025,,,,,,,,,,,,,,,,,,,,,,,,,,,,,,,,,,,,,,,,,,,,,,,,,,,,,,,,,,,,,TN,TN
autoland,4405952,13,ad8d5d1385265583919f5a224e1153902b6eef60,macosx1015-64-shippable-qr,True,False,,|b|y|t|e|c|o|d|e|-|c|a|c|h|e|d| |c|o|l|d| |f|i|s|s|i|o|n| |w|e|b|r|e|n|d|e|r|,102210fe594ee9b33d82058545b1ed14f4c8206e,PerceptualSpeedIndex,twitter,True,twitter PerceptualSpeedIndex opt bytecode-cached cold fission webrender,,77,ms,firefox,448676194.0,1849558563,2024-02-27 19:00:03,662.5,149f61eecb69d6cf570be79260785c5b4a42e516,1383277,,,,,,,,,,,,,,,,,,,,,,,,,,,,,,,,,,,,,,,,,,,,,,,,,,,,,,,,,,,,,TN,TN
autoland,4405952,13,ad8d5d1385265583919f5a224e1153902b6eef60,macosx1015-64-shippable-qr,True,False,,|b|y|t|e|c|o|d|e|-|c|a|c|h|e|d| |c|o|l|d| |f|i|s|s|i|o|n| |w|e|b|r|e|n|d|e|r|,102210fe594ee9b33d82058545b1ed14f4c8206e,PerceptualSpeedIndex,twitter,True,twitter PerceptualSpeedIndex opt bytecode-cached cold fission webrender,,77,ms,firefox,448704155.0,1849653420,2024-02-27 23:02:29,672.3,06645f775e47ea71f6dfa2daff5411ab31c5a629,1383416,,,,,,,,,,,,,,,,,,,,,,,,,,,,,,,,,,,,,,,,,,,,,,,,,,,,,,,,,,,,,TN,TN
autoland,4405952,13,ad8d5d1385265583919f5a224e1153902b6eef60,macosx1015-64-shippable-qr,True,False,,|b|y|t|e|c|o|d|e|-|c|a|c|h|e|d| |c|o|l|d| |f|i|s|s|i|o|n| |w|e|b|r|e|n|d|e|r|,102210fe594ee9b33d82058545b1ed14f4c8206e,PerceptualSpeedIndex,twitter,True,twitter PerceptualSpeedIndex opt bytecode-cached cold fission webrender,,77,ms,firefox,448704580.0,1849667537,2024-02-27 23:18:10,604.4,c2895c7db175458e315a65fd8d5e9385e60a76d3,1383436,,,,,,,,,,,,,,,,,,,,,,,,,,,,,,,,,,,,,,,,,,,,,,,,,,,,,,,,,,,,,TN,TN
autoland,4405952,13,ad8d5d1385265583919f5a224e1153902b6eef60,macosx1015-64-shippable-qr,True,False,,|b|y|t|e|c|o|d|e|-|c|a|c|h|e|d| |c|o|l|d| |f|i|s|s|i|o|n| |w|e|b|r|e|n|d|e|r|,102210fe594ee9b33d82058545b1ed14f4c8206e,PerceptualSpeedIndex,twitter,True,twitter PerceptualSpeedIndex opt bytecode-cached cold fission webrender,,77,ms,firefox,448725791.0,1849780338,2024-02-28 03:31:31,656.9,41ceb034dc709c821d837a321d2c5fb944bd4231,1383545,,,,,,,,,,,,,,,,,,,,,,,,,,,,,,,,,,,,,,,,,,,,,,,,,,,,,,,,,,,,,TN,TN
autoland,4405952,13,ad8d5d1385265583919f5a224e1153902b6eef60,macosx1015-64-shippable-qr,True,False,,|b|y|t|e|c|o|d|e|-|c|a|c|h|e|d| |c|o|l|d| |f|i|s|s|i|o|n| |w|e|b|r|e|n|d|e|r|,102210fe594ee9b33d82058545b1ed14f4c8206e,PerceptualSpeedIndex,twitter,True,twitter PerceptualSpeedIndex opt bytecode-cached cold fission webrender,,77,ms,firefox,448750295.0,1849858880,2024-02-28 07:34:11,649.5,710f48d1638d076913089bfa3978b6a1efc1d842,1383600,,,,,,,,,,,,,,,,,,,,,,,,,,,,,,,,,,,,,,,,,,,,,,,,,,,,,,,,,,,,,TN,TN
autoland,4405952,13,ad8d5d1385265583919f5a224e1153902b6eef60,macosx1015-64-shippable-qr,True,False,,|b|y|t|e|c|o|d|e|-|c|a|c|h|e|d| |c|o|l|d| |f|i|s|s|i|o|n| |w|e|b|r|e|n|d|e|r|,102210fe594ee9b33d82058545b1ed14f4c8206e,PerceptualSpeedIndex,twitter,True,twitter PerceptualSpeedIndex opt bytecode-cached cold fission webrender,,77,ms,firefox,448761968.0,1849939713,2024-02-28 08:18:18,643.2,85f3a9a2a4155f207064d78c57f79611f7332287,1383612,,,,,,,,,,,,,,,,,,,,,,,,,,,,,,,,,,,,,,,,,,,,,,,,,,,,,,,,,,,,,TN,TN
autoland,4405952,13,ad8d5d1385265583919f5a224e1153902b6eef60,macosx1015-64-shippable-qr,True,False,,|b|y|t|e|c|o|d|e|-|c|a|c|h|e|d| |c|o|l|d| |f|i|s|s|i|o|n| |w|e|b|r|e|n|d|e|r|,102210fe594ee9b33d82058545b1ed14f4c8206e,PerceptualSpeedIndex,twitter,True,twitter PerceptualSpeedIndex opt bytecode-cached cold fission webrender,,77,ms,firefox,448798427.0,1850009189,2024-02-28 12:53:19,630.4,2356949f5c6d9a4f229d012051bac51b3eb83aec,1383715,,,,,,,,,,,,,,,,,,,,,,,,,,,,,,,,,,,,,,,,,,,,,,,,,,,,,,,,,,,,,TN,TN
autoland,4405952,13,ad8d5d1385265583919f5a224e1153902b6eef60,macosx1015-64-shippable-qr,True,False,,|b|y|t|e|c|o|d|e|-|c|a|c|h|e|d| |c|o|l|d| |f|i|s|s|i|o|n| |w|e|b|r|e|n|d|e|r|,102210fe594ee9b33d82058545b1ed14f4c8206e,PerceptualSpeedIndex,twitter,True,twitter PerceptualSpeedIndex opt bytecode-cached cold fission webrender,,77,ms,firefox,448800272.0,1850024926,2024-02-28 14:06:22,615.0,6583cb878dec05576053eaa9368a4eb5bbbbbedc,1383751,,,,,,,,,,,,,,,,,,,,,,,,,,,,,,,,,,,,,,,,,,,,,,,,,,,,,,,,,,,,,TN,TN
autoland,4405952,13,ad8d5d1385265583919f5a224e1153902b6eef60,macosx1015-64-shippable-qr,True,False,,|b|y|t|e|c|o|d|e|-|c|a|c|h|e|d| |c|o|l|d| |f|i|s|s|i|o|n| |w|e|b|r|e|n|d|e|r|,102210fe594ee9b33d82058545b1ed14f4c8206e,PerceptualSpeedIndex,twitter,True,twitter PerceptualSpeedIndex opt bytecode-cached cold fission webrender,,77,ms,firefox,448904750.0,1850418129,2024-02-28 16:55:42,664.6,3f69b2549451d64ce2da31b3073267541ae38398,1383877,,,,,,,,,,,,,,,,,,,,,,,,,,,,,,,,,,,,,,,,,,,,,,,,,,,,,,,,,,,,,TN,TN
autoland,4405952,13,ad8d5d1385265583919f5a224e1153902b6eef60,macosx1015-64-shippable-qr,True,False,,|b|y|t|e|c|o|d|e|-|c|a|c|h|e|d| |c|o|l|d| |f|i|s|s|i|o|n| |w|e|b|r|e|n|d|e|r|,102210fe594ee9b33d82058545b1ed14f4c8206e,PerceptualSpeedIndex,twitter,True,twitter PerceptualSpeedIndex opt bytecode-cached cold fission webrender,,77,ms,firefox,448904798.0,1850418734,2024-02-28 17:06:06,662.1,b281b2ba71defd226d3230f9c164786827f3de70,1383880,,,,,,,,,,,,,,,,,,,,,,,,,,,,,,,,,,,,,,,,,,,,,,,,,,,,,,,,,,,,,TN,TN
autoland,4405952,13,ad8d5d1385265583919f5a224e1153902b6eef60,macosx1015-64-shippable-qr,True,False,,|b|y|t|e|c|o|d|e|-|c|a|c|h|e|d| |c|o|l|d| |f|i|s|s|i|o|n| |w|e|b|r|e|n|d|e|r|,102210fe594ee9b33d82058545b1ed14f4c8206e,PerceptualSpeedIndex,twitter,True,twitter PerceptualSpeedIndex opt bytecode-cached cold fission webrender,,77,ms,firefox,448822183.0,1850123366,2024-02-28 17:56:27,585.6,32ca524f7abf0664a2f0d882868c3e913297f446,1383890,,,,,,,,,,,,,,,,,,,,,,,,,,,,,,,,,,,,,,,,,,,,,,,,,,,,,,,,,,,,,TN,TN
autoland,4405952,13,ad8d5d1385265583919f5a224e1153902b6eef60,macosx1015-64-shippable-qr,True,False,,|b|y|t|e|c|o|d|e|-|c|a|c|h|e|d| |c|o|l|d| |f|i|s|s|i|o|n| |w|e|b|r|e|n|d|e|r|,102210fe594ee9b33d82058545b1ed14f4c8206e,PerceptualSpeedIndex,twitter,True,twitter PerceptualSpeedIndex opt bytecode-cached cold fission webrender,,77,ms,firefox,448877905.0,1850294427,2024-02-28 20:42:42,599.4,da466faa7aee60bdeeca32b0767a1f0b9b964272,1384009,,,,,,,,,,,,,,,,,,,,,,,,,,,,,,,,,,,,,,,,,,,,,,,,,,,,,,,,,,,,,TN,TN
autoland,4405952,13,ad8d5d1385265583919f5a224e1153902b6eef60,macosx1015-64-shippable-qr,True,False,,|b|y|t|e|c|o|d|e|-|c|a|c|h|e|d| |c|o|l|d| |f|i|s|s|i|o|n| |w|e|b|r|e|n|d|e|r|,102210fe594ee9b33d82058545b1ed14f4c8206e,PerceptualSpeedIndex,twitter,True,twitter PerceptualSpeedIndex opt bytecode-cached cold fission webrender,,77,ms,firefox,448899452.0,1850376678,2024-02-29 00:51:41,616.7,cbef4527f79aadfe5c4dd940effe9b01df8734b1,1384174,,,,,,,,,,,,,,,,,,,,,,,,,,,,,,,,,,,,,,,,,,,,,,,,,,,,,,,,,,,,,TN,TN
autoland,4405952,13,ad8d5d1385265583919f5a224e1153902b6eef60,macosx1015-64-shippable-qr,True,False,,|b|y|t|e|c|o|d|e|-|c|a|c|h|e|d| |c|o|l|d| |f|i|s|s|i|o|n| |w|e|b|r|e|n|d|e|r|,102210fe594ee9b33d82058545b1ed14f4c8206e,PerceptualSpeedIndex,twitter,True,twitter PerceptualSpeedIndex opt bytecode-cached cold fission webrender,,77,ms,firefox,448900538.0,1850381267,2024-02-29 01:20:40,621.7,f21a5f54b6ecffa5b49d4944c32c752ea622e3c6,1384182,,,,,,,,,,,,,,,,,,,,,,,,,,,,,,,,,,,,,,,,,,,,,,,,,,,,,,,,,,,,,TN,TN
autoland,4405952,13,ad8d5d1385265583919f5a224e1153902b6eef60,macosx1015-64-shippable-qr,True,False,,|b|y|t|e|c|o|d|e|-|c|a|c|h|e|d| |c|o|l|d| |f|i|s|s|i|o|n| |w|e|b|r|e|n|d|e|r|,102210fe594ee9b33d82058545b1ed14f4c8206e,PerceptualSpeedIndex,twitter,True,twitter PerceptualSpeedIndex opt bytecode-cached cold fission webrender,,77,ms,firefox,449058558.0,1851159131,2024-02-29 02:29:01,631.8,64915858a170d28a53a5fecf27f85f9c633ec87f,1384204,,,,,,,,,,,,,,,,,,,,,,,,,,,,,,,,,,,,,,,,,,,,,,,,,,,,,,,,,,,,,TN,TN
autoland,4405952,13,ad8d5d1385265583919f5a224e1153902b6eef60,macosx1015-64-shippable-qr,True,False,,|b|y|t|e|c|o|d|e|-|c|a|c|h|e|d| |c|o|l|d| |f|i|s|s|i|o|n| |w|e|b|r|e|n|d|e|r|,102210fe594ee9b33d82058545b1ed14f4c8206e,PerceptualSpeedIndex,twitter,True,twitter PerceptualSpeedIndex opt bytecode-cached cold fission webrender,,77,ms,firefox,449058385.0,1851153150,2024-02-29 02:49:12,595.3,5640911065b0971e369a205bd76962548ee3cab6,1384218,,,,,,,,,,,,,,,,,,,,,,,,,,,,,,,,,,,,,,,,,,,,,,,,,,,,,,,,,,,,,TN,TN
autoland,4405952,13,ad8d5d1385265583919f5a224e1153902b6eef60,macosx1015-64-shippable-qr,True,False,,|b|y|t|e|c|o|d|e|-|c|a|c|h|e|d| |c|o|l|d| |f|i|s|s|i|o|n| |w|e|b|r|e|n|d|e|r|,102210fe594ee9b33d82058545b1ed14f4c8206e,PerceptualSpeedIndex,twitter,True,twitter PerceptualSpeedIndex opt bytecode-cached cold fission webrender,,77,ms,firefox,448922309.0,1850493176,2024-02-29 06:49:17,620.2,bb7b045d24f7773df5e27742496f2c0bb95d780f,1384273,,,,,,,,,,,,,,,,,,,,,,,,,,,,,,,,,,,,,,,,,,,,,,,,,,,,,,,,,,,,,TN,TN
autoland,4405952,13,ad8d5d1385265583919f5a224e1153902b6eef60,macosx1015-64-shippable-qr,True,False,,|b|y|t|e|c|o|d|e|-|c|a|c|h|e|d| |c|o|l|d| |f|i|s|s|i|o|n| |w|e|b|r|e|n|d|e|r|,102210fe594ee9b33d82058545b1ed14f4c8206e,PerceptualSpeedIndex,twitter,True,twitter PerceptualSpeedIndex opt bytecode-cached cold fission webrender,,77,ms,firefox,448945232.0,1850624731,2024-02-29 10:50:05,681.6,fbb087d5e5b8af76523b084cba81dc1be84c7fb4,1384399,,,,,,,,,,,,,,,,,,,,,,,,,,,,,,,,,,,,,,,,,,,,,,,,,,,,,,,,,,,,,TN,TN
autoland,4405952,13,ad8d5d1385265583919f5a224e1153902b6eef60,macosx1015-64-shippable-qr,True,False,,|b|y|t|e|c|o|d|e|-|c|a|c|h|e|d| |c|o|l|d| |f|i|s|s|i|o|n| |w|e|b|r|e|n|d|e|r|,102210fe594ee9b33d82058545b1ed14f4c8206e,PerceptualSpeedIndex,twitter,True,twitter PerceptualSpeedIndex opt bytecode-cached cold fission webrender,,77,ms,firefox,448964735.0,1850737706,2024-02-29 13:22:41,622.5,42781edfbf79030ca8e6f7c1584ebfc2bd31935c,1384414,,,,,,,,,,,,,,,,,,,,,,,,,,,,,,,,,,,,,,,,,,,,,,,,,,,,,,,,,,,,,TN,TN
autoland,4405952,13,ad8d5d1385265583919f5a224e1153902b6eef60,macosx1015-64-shippable-qr,True,False,,|b|y|t|e|c|o|d|e|-|c|a|c|h|e|d| |c|o|l|d| |f|i|s|s|i|o|n| |w|e|b|r|e|n|d|e|r|,102210fe594ee9b33d82058545b1ed14f4c8206e,PerceptualSpeedIndex,twitter,True,twitter PerceptualSpeedIndex opt bytecode-cached cold fission webrender,,77,ms,firefox,449032617.0,1851013881,2024-02-29 17:24:54,601.6,4b82553ad6abc0079d2d7a0642c099ca93d1d156,1384673,,,,,,,,,,,,,,,,,,,,,,,,,,,,,,,,,,,,,,,,,,,,,,,,,,,,,,,,,,,,,TN,TN
autoland,4405952,13,ad8d5d1385265583919f5a224e1153902b6eef60,macosx1015-64-shippable-qr,True,False,,|b|y|t|e|c|o|d|e|-|c|a|c|h|e|d| |c|o|l|d| |f|i|s|s|i|o|n| |w|e|b|r|e|n|d|e|r|,102210fe594ee9b33d82058545b1ed14f4c8206e,PerceptualSpeedIndex,twitter,True,twitter PerceptualSpeedIndex opt bytecode-cached cold fission webrender,,77,ms,firefox,449032717.0,1851019419,2024-02-29 17:36:34,617.0,636cf8095a0f42555363480bc387b9a5aad03efe,1384681,,,,,,,,,,,,,,,,,,,,,,,,,,,,,,,,,,,,,,,,,,,,,,,,,,,,,,,,,,,,,TN,TN
autoland,4405952,13,ad8d5d1385265583919f5a224e1153902b6eef60,macosx1015-64-shippable-qr,True,False,,|b|y|t|e|c|o|d|e|-|c|a|c|h|e|d| |c|o|l|d| |f|i|s|s|i|o|n| |w|e|b|r|e|n|d|e|r|,102210fe594ee9b33d82058545b1ed14f4c8206e,PerceptualSpeedIndex,twitter,True,twitter PerceptualSpeedIndex opt bytecode-cached cold fission webrender,,77,ms,firefox,449036524.0,1851032224,2024-02-29 21:50:05,593.2,1a461feeeb4e7725855a242023e45625b9bddae4,1384804,,,,,,,,,,,,,,,,,,,,,,,,,,,,,,,,,,,,,,,,,,,,,,,,,,,,,,,,,,,,,TN,TN
autoland,4405952,13,ad8d5d1385265583919f5a224e1153902b6eef60,macosx1015-64-shippable-qr,True,False,,|b|y|t|e|c|o|d|e|-|c|a|c|h|e|d| |c|o|l|d| |f|i|s|s|i|o|n| |w|e|b|r|e|n|d|e|r|,102210fe594ee9b33d82058545b1ed14f4c8206e,PerceptualSpeedIndex,twitter,True,twitter PerceptualSpeedIndex opt bytecode-cached cold fission webrender,,77,ms,firefox,449039743.0,1851045769,2024-02-29 21:57:41,590.4,415f94176c1508d1acb91186346a42009b378ca7,1384812,,,,,,,,,,,,,,,,,,,,,,,,,,,,,,,,,,,,,,,,,,,,,,,,,,,,,,,,,,,,,TN,TN
autoland,4405952,13,ad8d5d1385265583919f5a224e1153902b6eef60,macosx1015-64-shippable-qr,True,False,,|b|y|t|e|c|o|d|e|-|c|a|c|h|e|d| |c|o|l|d| |f|i|s|s|i|o|n| |w|e|b|r|e|n|d|e|r|,102210fe594ee9b33d82058545b1ed14f4c8206e,PerceptualSpeedIndex,twitter,True,twitter PerceptualSpeedIndex opt bytecode-cached cold fission webrender,,77,ms,firefox,449055639.0,1851122071,2024-03-01 02:06:20,592.8,3ed1cc3830b2bb116e2875dedadc6ea20235768a,1385033,,,,,,,,,,,,,,,,,,,,,,,,,,,,,,,,,,,,,,,,,,,,,,,,,,,,,,,,,,,,,TN,TN
autoland,4405952,13,ad8d5d1385265583919f5a224e1153902b6eef60,macosx1015-64-shippable-qr,True,False,,|b|y|t|e|c|o|d|e|-|c|a|c|h|e|d| |c|o|l|d| |f|i|s|s|i|o|n| |w|e|b|r|e|n|d|e|r|,102210fe594ee9b33d82058545b1ed14f4c8206e,PerceptualSpeedIndex,twitter,True,twitter PerceptualSpeedIndex opt bytecode-cached cold fission webrender,,77,ms,firefox,449055493.0,1851120428,2024-03-01 02:09:48,594.0,c726403b9a5aaed84563fd210952c3858369c756,1385038,,,,,,,,,,,,,,,,,,,,,,,,,,,,,,,,,,,,,,,,,,,,,,,,,,,,,,,,,,,,,TN,TN
autoland,4405952,13,ad8d5d1385265583919f5a224e1153902b6eef60,macosx1015-64-shippable-qr,True,False,,|b|y|t|e|c|o|d|e|-|c|a|c|h|e|d| |c|o|l|d| |f|i|s|s|i|o|n| |w|e|b|r|e|n|d|e|r|,102210fe594ee9b33d82058545b1ed14f4c8206e,PerceptualSpeedIndex,twitter,True,twitter PerceptualSpeedIndex opt bytecode-cached cold fission webrender,,77,ms,firefox,449097260.0,1851304797,2024-03-01 11:09:10,624.7,b921bb1aee11c101ece321f78bcc56942889bac9,1385336,,,,,,,,,,,,,,,,,,,,,,,,,,,,,,,,,,,,,,,,,,,,,,,,,,,,,,,,,,,,,TN,TN
autoland,4405952,13,ad8d5d1385265583919f5a224e1153902b6eef60,macosx1015-64-shippable-qr,True,False,,|b|y|t|e|c|o|d|e|-|c|a|c|h|e|d| |c|o|l|d| |f|i|s|s|i|o|n| |w|e|b|r|e|n|d|e|r|,102210fe594ee9b33d82058545b1ed14f4c8206e,PerceptualSpeedIndex,twitter,True,twitter PerceptualSpeedIndex opt bytecode-cached cold fission webrender,,77,ms,firefox,449144127.0,1851435644,2024-03-01 15:15:21,617.5,ab2f491c1f6a1907e3cd7de371a27940c1b7ae66,1385464,,,,,,,,,,,,,,,,,,,,,,,,,,,,,,,,,,,,,,,,,,,,,,,,,,,,,,,,,,,,,TN,TN
autoland,4405952,13,ad8d5d1385265583919f5a224e1153902b6eef60,macosx1015-64-shippable-qr,True,False,,|b|y|t|e|c|o|d|e|-|c|a|c|h|e|d| |c|o|l|d| |f|i|s|s|i|o|n| |w|e|b|r|e|n|d|e|r|,102210fe594ee9b33d82058545b1ed14f4c8206e,PerceptualSpeedIndex,twitter,True,twitter PerceptualSpeedIndex opt bytecode-cached cold fission webrender,,77,ms,firefox,449144477.0,1851446829,2024-03-01 15:18:33,608.1,179ceb82c9e5e6619e0a43e7c9a8682bff1f55ac,1385469,,,,,,,,,,,,,,,,,,,,,,,,,,,,,,,,,,,,,,,,,,,,,,,,,,,,,,,,,,,,,TN,TN
autoland,4405952,13,ad8d5d1385265583919f5a224e1153902b6eef60,macosx1015-64-shippable-qr,True,False,,|b|y|t|e|c|o|d|e|-|c|a|c|h|e|d| |c|o|l|d| |f|i|s|s|i|o|n| |w|e|b|r|e|n|d|e|r|,102210fe594ee9b33d82058545b1ed14f4c8206e,PerceptualSpeedIndex,twitter,True,twitter PerceptualSpeedIndex opt bytecode-cached cold fission webrender,,77,ms,firefox,449160807.0,1851516464,2024-03-01 19:33:22,591.4,c12ee5058abff427e2fd65f86c453b2c0ef5c315,1385653,,,,,,,,,,,,,,,,,,,,,,,,,,,,,,,,,,,,,,,,,,,,,,,,,,,,,,,,,,,,,TN,TN
autoland,4405952,13,ad8d5d1385265583919f5a224e1153902b6eef60,macosx1015-64-shippable-qr,True,False,,|b|y|t|e|c|o|d|e|-|c|a|c|h|e|d| |c|o|l|d| |f|i|s|s|i|o|n| |w|e|b|r|e|n|d|e|r|,102210fe594ee9b33d82058545b1ed14f4c8206e,PerceptualSpeedIndex,twitter,True,twitter PerceptualSpeedIndex opt bytecode-cached cold fission webrender,,77,ms,firefox,449196833.0,1851656773,2024-03-02 08:44:09,682.9,ac7b674e512d88788161e657fbc3371b8d955c65,1385889,,,,,,,,,,,,,,,,,,,,,,,,,,,,,,,,,,,,,,,,,,,,,,,,,,,,,,,,,,,,,TN,TN
autoland,4405952,13,ad8d5d1385265583919f5a224e1153902b6eef60,macosx1015-64-shippable-qr,True,False,,|b|y|t|e|c|o|d|e|-|c|a|c|h|e|d| |c|o|l|d| |f|i|s|s|i|o|n| |w|e|b|r|e|n|d|e|r|,102210fe594ee9b33d82058545b1ed14f4c8206e,PerceptualSpeedIndex,twitter,True,twitter PerceptualSpeedIndex opt bytecode-cached cold fission webrender,,77,ms,firefox,449218933.0,1851749486,2024-03-02 12:50:07,611.3,6263d391d703f61cfd3ddbb3791adc628a603520,1385922,,,,,,,,,,,,,,,,,,,,,,,,,,,,,,,,,,,,,,,,,,,,,,,,,,,,,,,,,,,,,TN,TN
autoland,4405952,13,ad8d5d1385265583919f5a224e1153902b6eef60,macosx1015-64-shippable-qr,True,False,,|b|y|t|e|c|o|d|e|-|c|a|c|h|e|d| |c|o|l|d| |f|i|s|s|i|o|n| |w|e|b|r|e|n|d|e|r|,102210fe594ee9b33d82058545b1ed14f4c8206e,PerceptualSpeedIndex,twitter,True,twitter PerceptualSpeedIndex opt bytecode-cached cold fission webrender,,77,ms,firefox,449248611.0,1851897703,2024-03-02 18:47:19,608.8,a2ddc20095d176734a72080712b366c74a36c934,1385949,,,,,,,,,,,,,,,,,,,,,,,,,,,,,,,,,,,,,,,,,,,,,,,,,,,,,,,,,,,,,TN,TN
autoland,4405952,13,ad8d5d1385265583919f5a224e1153902b6eef60,macosx1015-64-shippable-qr,True,False,,|b|y|t|e|c|o|d|e|-|c|a|c|h|e|d| |c|o|l|d| |f|i|s|s|i|o|n| |w|e|b|r|e|n|d|e|r|,102210fe594ee9b33d82058545b1ed14f4c8206e,PerceptualSpeedIndex,twitter,True,twitter PerceptualSpeedIndex opt bytecode-cached cold fission webrender,,77,ms,firefox,449252466.0,1851925532,2024-03-02 19:45:31,664.4,8042d9f9b7b6eb6e6a6fbefba554c035ef6bbda1,1385954,,,,,,,,,,,,,,,,,,,,,,,,,,,,,,,,,,,,,,,,,,,,,,,,,,,,,,,,,,,,,TN,TN
autoland,4405952,13,ad8d5d1385265583919f5a224e1153902b6eef60,macosx1015-64-shippable-qr,True,False,,|b|y|t|e|c|o|d|e|-|c|a|c|h|e|d| |c|o|l|d| |f|i|s|s|i|o|n| |w|e|b|r|e|n|d|e|r|,102210fe594ee9b33d82058545b1ed14f4c8206e,PerceptualSpeedIndex,twitter,True,twitter PerceptualSpeedIndex opt bytecode-cached cold fission webrender,,77,ms,firefox,449278133.0,1851999066,2024-03-03 01:04:11,634.3,c5ddc3b211e53221a5b12ce6c8a5a523bba3641f,1385990,,,,,,,,,,,,,,,,,,,,,,,,,,,,,,,,,,,,,,,,,,,,,,,,,,,,,,,,,,,,,TN,TN
autoland,4405952,13,ad8d5d1385265583919f5a224e1153902b6eef60,macosx1015-64-shippable-qr,True,False,,|b|y|t|e|c|o|d|e|-|c|a|c|h|e|d| |c|o|l|d| |f|i|s|s|i|o|n| |w|e|b|r|e|n|d|e|r|,102210fe594ee9b33d82058545b1ed14f4c8206e,PerceptualSpeedIndex,twitter,True,twitter PerceptualSpeedIndex opt bytecode-cached cold fission webrender,,77,ms,firefox,449314929.0,1852134365,2024-03-03 12:29:51,619.3,62056fe89aac9d2f369746854f0e3a55ad7153d0,1386069,,,,,,,,,,,,,,,,,,,,,,,,,,,,,,,,,,,,,,,,,,,,,,,,,,,,,,,,,,,,,TN,TN
autoland,4405952,13,ad8d5d1385265583919f5a224e1153902b6eef60,macosx1015-64-shippable-qr,True,False,,|b|y|t|e|c|o|d|e|-|c|a|c|h|e|d| |c|o|l|d| |f|i|s|s|i|o|n| |w|e|b|r|e|n|d|e|r|,102210fe594ee9b33d82058545b1ed14f4c8206e,PerceptualSpeedIndex,twitter,True,twitter PerceptualSpeedIndex opt bytecode-cached cold fission webrender,,77,ms,firefox,449343129.0,1852230306,2024-03-04 01:21:19,603.5,499cae53f42dfc8f376fd97d0a83c1f8e85e274c,1386148,,,,,,,,,,,,,,,,,,,,,,,,,,,,,,,,,,,,,,,,,,,,,,,,,,,,,,,,,,,,,TN,TN
autoland,4405952,13,ad8d5d1385265583919f5a224e1153902b6eef60,macosx1015-64-shippable-qr,True,False,,|b|y|t|e|c|o|d|e|-|c|a|c|h|e|d| |c|o|l|d| |f|i|s|s|i|o|n| |w|e|b|r|e|n|d|e|r|,102210fe594ee9b33d82058545b1ed14f4c8206e,PerceptualSpeedIndex,twitter,True,twitter PerceptualSpeedIndex opt bytecode-cached cold fission webrender,,77,ms,firefox,449354048.0,1852286091,2024-03-04 06:32:50,655.8,79823348e9cf740dbe5ae11eb654b1a85ea0ecbc,1386182,,,,,,,,,,,,,,,,,,,,,,,,,,,,,,,,,,,,,,,,,,,,,,,,,,,,,,,,,,,,,TN,TN
autoland,4405952,13,ad8d5d1385265583919f5a224e1153902b6eef60,macosx1015-64-shippable-qr,True,False,,|b|y|t|e|c|o|d|e|-|c|a|c|h|e|d| |c|o|l|d| |f|i|s|s|i|o|n| |w|e|b|r|e|n|d|e|r|,102210fe594ee9b33d82058545b1ed14f4c8206e,PerceptualSpeedIndex,twitter,True,twitter PerceptualSpeedIndex opt bytecode-cached cold fission webrender,,77,ms,firefox,449369511.0,1852371373,2024-03-04 08:48:22,632.6,54c13c0498731427f23aff4c7e87900a715761b0,1386226,,,,,,,,,,,,,,,,,,,,,,,,,,,,,,,,,,,,,,,,,,,,,,,,,,,,,,,,,,,,,TN,TN
autoland,4405952,13,ad8d5d1385265583919f5a224e1153902b6eef60,macosx1015-64-shippable-qr,True,False,,|b|y|t|e|c|o|d|e|-|c|a|c|h|e|d| |c|o|l|d| |f|i|s|s|i|o|n| |w|e|b|r|e|n|d|e|r|,102210fe594ee9b33d82058545b1ed14f4c8206e,PerceptualSpeedIndex,twitter,True,twitter PerceptualSpeedIndex opt bytecode-cached cold fission webrender,,77,ms,firefox,449416939.0,1852507827,2024-03-04 12:51:58,629.8,938c019ec0d1f3f1c0932e575d8f9e9f4c387320,1386363,,,,,,,,,,,,,,,,,,,,,,,,,,,,,,,,,,,,,,,,,,,,,,,,,,,,,,,,,,,,,TN,TN
autoland,4405952,13,ad8d5d1385265583919f5a224e1153902b6eef60,macosx1015-64-shippable-qr,True,False,,|b|y|t|e|c|o|d|e|-|c|a|c|h|e|d| |c|o|l|d| |f|i|s|s|i|o|n| |w|e|b|r|e|n|d|e|r|,102210fe594ee9b33d82058545b1ed14f4c8206e,PerceptualSpeedIndex,twitter,True,twitter PerceptualSpeedIndex opt bytecode-cached cold fission webrender,,77,ms,firefox,449549204.0,1853011485,2024-03-04 13:05:50,616.1,ebe362ea0bcdad9ff347eb250a8e26d408e47215,1386367,,,,,,,,,,,,,,,,,,,,,,,,,,,,,,,,,,,,,,,,,,,,,,,,,,,,,,,,,,,,,TN,TN
autoland,4405952,13,ad8d5d1385265583919f5a224e1153902b6eef60,macosx1015-64-shippable-qr,True,False,,|b|y|t|e|c|o|d|e|-|c|a|c|h|e|d| |c|o|l|d| |f|i|s|s|i|o|n| |w|e|b|r|e|n|d|e|r|,102210fe594ee9b33d82058545b1ed14f4c8206e,PerceptualSpeedIndex,twitter,True,twitter PerceptualSpeedIndex opt bytecode-cached cold fission webrender,,77,ms,firefox,449545136.0,1852993147,2024-03-04 13:19:08,668.7,b277bde0552da0099eed99380ad5b8eaa6402a30,1386372,,,,,,,,,,,,,,,,,,,,,,,,,,,,,,,,,,,,,,,,,,,,,,,,,,,,,,,,,,,,,TN,TN
autoland,4405952,13,ad8d5d1385265583919f5a224e1153902b6eef60,macosx1015-64-shippable-qr,True,False,,|b|y|t|e|c|o|d|e|-|c|a|c|h|e|d| |c|o|l|d| |f|i|s|s|i|o|n| |w|e|b|r|e|n|d|e|r|,102210fe594ee9b33d82058545b1ed14f4c8206e,PerceptualSpeedIndex,twitter,True,twitter PerceptualSpeedIndex opt bytecode-cached cold fission webrender,,77,ms,firefox,449432332.0,1852540461,2024-03-04 14:27:11,616.0,c90923a84670e17105b275c5be4a3c2842cb248e,1386418,,,,,,,,,,,,,,,,,,,,,,,,,,,,,,,,,,,,,,,,,,,,,,,,,,,,,,,,,,,,,TN,TN
autoland,4405952,13,ad8d5d1385265583919f5a224e1153902b6eef60,macosx1015-64-shippable-qr,True,False,,|b|y|t|e|c|o|d|e|-|c|a|c|h|e|d| |c|o|l|d| |f|i|s|s|i|o|n| |w|e|b|r|e|n|d|e|r|,102210fe594ee9b33d82058545b1ed14f4c8206e,PerceptualSpeedIndex,twitter,True,twitter PerceptualSpeedIndex opt bytecode-cached cold fission webrender,,77,ms,firefox,449452544.0,1852621817,2024-03-04 16:31:41,601.4,6c8dfd2a5bcafec953d7303c1fc35ec76d05f6ac,1386528,,,,,,,,,,,,,,,,,,,,,,,,,,,,,,,,,,,,,,,,,,,,,,,,,,,,,,,,,,,,,TN,TN
autoland,4405952,13,ad8d5d1385265583919f5a224e1153902b6eef60,macosx1015-64-shippable-qr,True,False,,|b|y|t|e|c|o|d|e|-|c|a|c|h|e|d| |c|o|l|d| |f|i|s|s|i|o|n| |w|e|b|r|e|n|d|e|r|,102210fe594ee9b33d82058545b1ed14f4c8206e,PerceptualSpeedIndex,twitter,True,twitter PerceptualSpeedIndex opt bytecode-cached cold fission webrender,,77,ms,firefox,449493924.0,1852813534,2024-03-04 20:31:42,676.5,430bda8b01b3b00b083a0034de19b12b032caf6b,1386698,,,,,,,,,,,,,,,,,,,,,,,,,,,,,,,,,,,,,,,,,,,,,,,,,,,,,,,,,,,,,TN,TN
autoland,4405952,13,ad8d5d1385265583919f5a224e1153902b6eef60,macosx1015-64-shippable-qr,True,False,,|b|y|t|e|c|o|d|e|-|c|a|c|h|e|d| |c|o|l|d| |f|i|s|s|i|o|n| |w|e|b|r|e|n|d|e|r|,102210fe594ee9b33d82058545b1ed14f4c8206e,PerceptualSpeedIndex,twitter,True,twitter PerceptualSpeedIndex opt bytecode-cached cold fission webrender,,77,ms,firefox,449503930.0,1852838560,2024-03-04 21:16:05,608.8,5b706eb2187070200b3eecb6d99a95e750c3266e,1386717,,,,,,,,,,,,,,,,,,,,,,,,,,,,,,,,,,,,,,,,,,,,,,,,,,,,,,,,,,,,,TN,TN
autoland,4405952,13,ad8d5d1385265583919f5a224e1153902b6eef60,macosx1015-64-shippable-qr,True,False,,|b|y|t|e|c|o|d|e|-|c|a|c|h|e|d| |c|o|l|d| |f|i|s|s|i|o|n| |w|e|b|r|e|n|d|e|r|,102210fe594ee9b33d82058545b1ed14f4c8206e,PerceptualSpeedIndex,twitter,True,twitter PerceptualSpeedIndex opt bytecode-cached cold fission webrender,,77,ms,firefox,449535311.0,1852902222,2024-03-05 01:28:34,594.0,2b54764bcf2909b800951938d1f6fd47752c91b6,1386871,,,,,,,,,,,,,,,,,,,,,,,,,,,,,,,,,,,,,,,,,,,,,,,,,,,,,,,,,,,,,TN,TN
autoland,4405952,13,ad8d5d1385265583919f5a224e1153902b6eef60,macosx1015-64-shippable-qr,True,False,,|b|y|t|e|c|o|d|e|-|c|a|c|h|e|d| |c|o|l|d| |f|i|s|s|i|o|n| |w|e|b|r|e|n|d|e|r|,102210fe594ee9b33d82058545b1ed14f4c8206e,PerceptualSpeedIndex,twitter,True,twitter PerceptualSpeedIndex opt bytecode-cached cold fission webrender,,77,ms,firefox,449549939.0,1853015041,2024-03-05 05:25:14,627.0,61bb37d1ba16985ef9e5cd99cd02912849f743a3,1386945,,,,,,,,,,,,,,,,,,,,,,,,,,,,,,,,,,,,,,,,,,,,,,,,,,,,,,,,,,,,,TN,TN
autoland,4405952,13,ad8d5d1385265583919f5a224e1153902b6eef60,macosx1015-64-shippable-qr,True,False,,|b|y|t|e|c|o|d|e|-|c|a|c|h|e|d| |c|o|l|d| |f|i|s|s|i|o|n| |w|e|b|r|e|n|d|e|r|,102210fe594ee9b33d82058545b1ed14f4c8206e,PerceptualSpeedIndex,twitter,True,twitter PerceptualSpeedIndex opt bytecode-cached cold fission webrender,,77,ms,firefox,449578699.0,1853131190,2024-03-05 09:36:09,682.9,20859a1f25eb48ec31fdd24c0552b9fa83c5dcf2,1387072,,,,,,,,,,,,,,,,,,,,,,,,,,,,,,,,,,,,,,,,,,,,,,,,,,,,,,,,,,,,,TN,TN
autoland,4405952,13,ad8d5d1385265583919f5a224e1153902b6eef60,macosx1015-64-shippable-qr,True,False,,|b|y|t|e|c|o|d|e|-|c|a|c|h|e|d| |c|o|l|d| |f|i|s|s|i|o|n| |w|e|b|r|e|n|d|e|r|,102210fe594ee9b33d82058545b1ed14f4c8206e,PerceptualSpeedIndex,twitter,True,twitter PerceptualSpeedIndex opt bytecode-cached cold fission webrender,,77,ms,firefox,449602229.0,1853184908,2024-03-05 11:43:18,600.9,300643546ea85a42a1f88a11595ebbb0b7157128,1387157,,,,,,,,,,,,,,,,,,,,,,,,,,,,,,,,,,,,,,,,,,,,,,,,,,,,,,,,,,,,,TN,TN
autoland,4405952,13,ad8d5d1385265583919f5a224e1153902b6eef60,macosx1015-64-shippable-qr,True,False,,|b|y|t|e|c|o|d|e|-|c|a|c|h|e|d| |c|o|l|d| |f|i|s|s|i|o|n| |w|e|b|r|e|n|d|e|r|,102210fe594ee9b33d82058545b1ed14f4c8206e,PerceptualSpeedIndex,twitter,True,twitter PerceptualSpeedIndex opt bytecode-cached cold fission webrender,,77,ms,firefox,449725049.0,1853620236,2024-03-05 13:23:13,609.6,ce04bfaf8a42c978750bbc90600639374bf1293a,1387210,,,,,,,,,,,,,,,,,,,,,,,,,,,,,,,,,,,,,,,,,,,,,,,,,,,,,,,,,,,,,TN,TN
autoland,4405952,13,ad8d5d1385265583919f5a224e1153902b6eef60,macosx1015-64-shippable-qr,True,False,,|b|y|t|e|c|o|d|e|-|c|a|c|h|e|d| |c|o|l|d| |f|i|s|s|i|o|n| |w|e|b|r|e|n|d|e|r|,102210fe594ee9b33d82058545b1ed14f4c8206e,PerceptualSpeedIndex,twitter,True,twitter PerceptualSpeedIndex opt bytecode-cached cold fission webrender,,77,ms,firefox,449725658.0,1853625781,2024-03-05 13:27:30,596.5,33e78b58e39fe602a8fcc6ab12a2f2bc513b66e3,1387213,,,,,,,,,,,,,,,,,,,,,,,,,,,,,,,,,,,,,,,,,,,,,,,,,,,,,,,,,,,,,TN,TN
autoland,4405952,13,ad8d5d1385265583919f5a224e1153902b6eef60,macosx1015-64-shippable-qr,True,False,,|b|y|t|e|c|o|d|e|-|c|a|c|h|e|d| |c|o|l|d| |f|i|s|s|i|o|n| |w|e|b|r|e|n|d|e|r|,102210fe594ee9b33d82058545b1ed14f4c8206e,PerceptualSpeedIndex,twitter,True,twitter PerceptualSpeedIndex opt bytecode-cached cold fission webrender,,77,ms,firefox,449725980.0,1853631290,2024-03-05 14:21:00,609.1,4132892d754dddce6198ca04a7119f25a8ebfa9e,1387261,,,,,,,,,,,,,,,,,,,,,,,,,,,,,,,,,,,,,,,,,,,,,,,,,,,,,,,,,,,,,TN,TN
autoland,4405952,13,ad8d5d1385265583919f5a224e1153902b6eef60,macosx1015-64-shippable-qr,True,False,,|b|y|t|e|c|o|d|e|-|c|a|c|h|e|d| |c|o|l|d| |f|i|s|s|i|o|n| |w|e|b|r|e|n|d|e|r|,102210fe594ee9b33d82058545b1ed14f4c8206e,PerceptualSpeedIndex,twitter,True,twitter PerceptualSpeedIndex opt bytecode-cached cold fission webrender,,77,ms,firefox,449726228.0,1853635011,2024-03-05 14:25:39,662.4,a01a55c90524c2dd692e9c4343b58f8cf797775f,1387264,,,,,,,,,,,,,,,,,,,,,,,,,,,,,,,,,,,,,,,,,,,,,,,,,,,,,,,,,,,,,TN,TN
autoland,4405952,13,ad8d5d1385265583919f5a224e1153902b6eef60,macosx1015-64-shippable-qr,True,False,,|b|y|t|e|c|o|d|e|-|c|a|c|h|e|d| |c|o|l|d| |f|i|s|s|i|o|n| |w|e|b|r|e|n|d|e|r|,102210fe594ee9b33d82058545b1ed14f4c8206e,PerceptualSpeedIndex,twitter,True,twitter PerceptualSpeedIndex opt bytecode-cached cold fission webrender,,77,ms,firefox,449630139.0,1853273621,2024-03-05 15:52:09,608.8,adf17fc47c84c0fa237aecff550ba42344a5c629,1387348,,,,,,,,,,,,,,,,,,,,,,,,,,,,,,,,,,,,,,,,,,,,,,,,,,,,,,,,,,,,,TN,TN
autoland,4405952,13,ad8d5d1385265583919f5a224e1153902b6eef60,macosx1015-64-shippable-qr,True,False,,|b|y|t|e|c|o|d|e|-|c|a|c|h|e|d| |c|o|l|d| |f|i|s|s|i|o|n| |w|e|b|r|e|n|d|e|r|,102210fe594ee9b33d82058545b1ed14f4c8206e,PerceptualSpeedIndex,twitter,True,twitter PerceptualSpeedIndex opt bytecode-cached cold fission webrender,,77,ms,firefox,449724865.0,1853615379,2024-03-05 18:29:32,585.0,592e22279f895d585e8f156ec76d4ad64c779ad0,1387494,,,,,,,,,,,,,,,,,,,,,,,,,,,,,,,,,,,,,,,,,,,,,,,,,,,,,,,,,,,,,TN,TN
autoland,4405952,13,ad8d5d1385265583919f5a224e1153902b6eef60,macosx1015-64-shippable-qr,True,False,,|b|y|t|e|c|o|d|e|-|c|a|c|h|e|d| |c|o|l|d| |f|i|s|s|i|o|n| |w|e|b|r|e|n|d|e|r|,102210fe594ee9b33d82058545b1ed14f4c8206e,PerceptualSpeedIndex,twitter,True,twitter PerceptualSpeedIndex opt bytecode-cached cold fission webrender,,77,ms,firefox,449724088.0,1853613722,2024-03-05 18:30:41,614.3,867bf0a906009a7dd84967547a5fbb8e9bf6bb5f,1387498,,,,,,,,,,,,,,,,,,,,,,,,,,,,,,,,,,,,,,,,,,,,,,,,,,,,,,,,,,,,,TN,TN
autoland,4405952,13,ad8d5d1385265583919f5a224e1153902b6eef60,macosx1015-64-shippable-qr,True,False,,|b|y|t|e|c|o|d|e|-|c|a|c|h|e|d| |c|o|l|d| |f|i|s|s|i|o|n| |w|e|b|r|e|n|d|e|r|,102210fe594ee9b33d82058545b1ed14f4c8206e,PerceptualSpeedIndex,twitter,True,twitter PerceptualSpeedIndex opt bytecode-cached cold fission webrender,,77,ms,firefox,449720194.0,1853579751,2024-03-05 18:33:24,621.0,b1dedc536b88c9f5c0e91eeb84892e9328eb67cb,1387501,,,,,,,,,,,,,,,,,,,,,,,,,,,,,,,,,,,,,,,,,,,,,,,,,,,,,,,,,,,,,TN,TN
autoland,4405952,13,ad8d5d1385265583919f5a224e1153902b6eef60,macosx1015-64-shippable-qr,True,False,,|b|y|t|e|c|o|d|e|-|c|a|c|h|e|d| |c|o|l|d| |f|i|s|s|i|o|n| |w|e|b|r|e|n|d|e|r|,102210fe594ee9b33d82058545b1ed14f4c8206e,PerceptualSpeedIndex,twitter,True,twitter PerceptualSpeedIndex opt bytecode-cached cold fission webrender,,77,ms,firefox,449719935.0,1853574092,2024-03-05 18:34:14,599.5,8632754daac15f378926a4efb6bd274adfe643b3,1387502,,,,,,,,,,,,,,,,,,,,,,,,,,,,,,,,,,,,,,,,,,,,,,,,,,,,,,,,,,,,,TN,TN
autoland,4405952,13,ad8d5d1385265583919f5a224e1153902b6eef60,macosx1015-64-shippable-qr,True,False,,|b|y|t|e|c|o|d|e|-|c|a|c|h|e|d| |c|o|l|d| |f|i|s|s|i|o|n| |w|e|b|r|e|n|d|e|r|,102210fe594ee9b33d82058545b1ed14f4c8206e,PerceptualSpeedIndex,twitter,True,twitter PerceptualSpeedIndex opt bytecode-cached cold fission webrender,,77,ms,firefox,449664539.0,1853373380,2024-03-05 19:23:59,641.0,c13ff57ddd8d6b9f971a631b45c6da97b3c14fb9,1387560,,,,,,,,,,,,,,,,,,,,,,,,,,,,,,,,,,,,,,,,,,,,,,,,,,,,,,,,,,,,,TN,TN
autoland,4405952,13,ad8d5d1385265583919f5a224e1153902b6eef60,macosx1015-64-shippable-qr,True,False,,|b|y|t|e|c|o|d|e|-|c|a|c|h|e|d| |c|o|l|d| |f|i|s|s|i|o|n| |w|e|b|r|e|n|d|e|r|,102210fe594ee9b33d82058545b1ed14f4c8206e,PerceptualSpeedIndex,twitter,True,twitter PerceptualSpeedIndex opt bytecode-cached cold fission webrender,,77,ms,firefox,449687324.0,1853458502,2024-03-05 22:16:54,592.6,099f52f30c39008328dfbc02ff824310e082a8da,1387647,,,,,,,,,,,,,,,,,,,,,,,,,,,,,,,,,,,,,,,,,,,,,,,,,,,,,,,,,,,,,TN,TN
autoland,4405952,13,ad8d5d1385265583919f5a224e1153902b6eef60,macosx1015-64-shippable-qr,True,False,,|b|y|t|e|c|o|d|e|-|c|a|c|h|e|d| |c|o|l|d| |f|i|s|s|i|o|n| |w|e|b|r|e|n|d|e|r|,102210fe594ee9b33d82058545b1ed14f4c8206e,PerceptualSpeedIndex,twitter,True,twitter PerceptualSpeedIndex opt bytecode-cached cold fission webrender,,77,ms,firefox,449713958.0,1853548901,2024-03-06 02:53:23,699.9,488c772c72746cdfbf99e927acee696c4d6a5aef,1387831,,,,,,,,,,,,,,,,,,,,,,,,,,,,,,,,,,,,,,,,,,,,,,,,,,,,,,,,,,,,,TN,TN
autoland,4405952,13,ad8d5d1385265583919f5a224e1153902b6eef60,macosx1015-64-shippable-qr,True,False,,|b|y|t|e|c|o|d|e|-|c|a|c|h|e|d| |c|o|l|d| |f|i|s|s|i|o|n| |w|e|b|r|e|n|d|e|r|,102210fe594ee9b33d82058545b1ed14f4c8206e,PerceptualSpeedIndex,twitter,True,twitter PerceptualSpeedIndex opt bytecode-cached cold fission webrender,,77,ms,firefox,449794648.0,1853845110,2024-03-06 14:00:28,643.0,143c3925806ed35200c2a71e650e7e74f58520a7,1388157,,,,,,,,,,,,,,,,,,,,,,,,,,,,,,,,,,,,,,,,,,,,,,,,,,,,,,,,,,,,,TN,TN
autoland,4405952,13,ad8d5d1385265583919f5a224e1153902b6eef60,macosx1015-64-shippable-qr,True,False,,|b|y|t|e|c|o|d|e|-|c|a|c|h|e|d| |c|o|l|d| |f|i|s|s|i|o|n| |w|e|b|r|e|n|d|e|r|,102210fe594ee9b33d82058545b1ed14f4c8206e,PerceptualSpeedIndex,twitter,True,twitter PerceptualSpeedIndex opt bytecode-cached cold fission webrender,,77,ms,firefox,449833116.0,1854005770,2024-03-06 18:03:03,595.7,03e6d6ff8bde56b645cfbc34dee452ff375ff3ca,1388329,,,,,,,,,,,,,,,,,,,,,,,,,,,,,,,,,,,,,,,,,,,,,,,,,,,,,,,,,,,,,TN,TN
autoland,4405952,13,ad8d5d1385265583919f5a224e1153902b6eef60,macosx1015-64-shippable-qr,True,False,,|b|y|t|e|c|o|d|e|-|c|a|c|h|e|d| |c|o|l|d| |f|i|s|s|i|o|n| |w|e|b|r|e|n|d|e|r|,102210fe594ee9b33d82058545b1ed14f4c8206e,PerceptualSpeedIndex,twitter,True,twitter PerceptualSpeedIndex opt bytecode-cached cold fission webrender,,77,ms,firefox,449897104.0,1854321252,2024-03-06 18:04:52,599.8,2a33c6ffb867576c11fa7edb2e13b7bf5b39d650,1388332,,,,,,,,,,,,,,,,,,,,,,,,,,,,,,,,,,,,,,,,,,,,,,,,,,,,,,,,,,,,,TN,TN
autoland,4405952,13,ad8d5d1385265583919f5a224e1153902b6eef60,macosx1015-64-shippable-qr,True,False,,|b|y|t|e|c|o|d|e|-|c|a|c|h|e|d| |c|o|l|d| |f|i|s|s|i|o|n| |w|e|b|r|e|n|d|e|r|,102210fe594ee9b33d82058545b1ed14f4c8206e,PerceptualSpeedIndex,twitter,True,twitter PerceptualSpeedIndex opt bytecode-cached cold fission webrender,,77,ms,firefox,449834281.0,1854019686,2024-03-06 18:05:41,591.6,f408182c4687f0490084c35cc766e637d0bdfd0f,1388333,,,,,,,,,,,,,,,,,,,,,,,,,,,,,,,,,,,,,,,,,,,,,,,,,,,,,,,,,,,,,TN,TN
autoland,4405952,13,ad8d5d1385265583919f5a224e1153902b6eef60,macosx1015-64-shippable-qr,True,False,,|b|y|t|e|c|o|d|e|-|c|a|c|h|e|d| |c|o|l|d| |f|i|s|s|i|o|n| |w|e|b|r|e|n|d|e|r|,102210fe594ee9b33d82058545b1ed14f4c8206e,PerceptualSpeedIndex,twitter,True,twitter PerceptualSpeedIndex opt bytecode-cached cold fission webrender,,77,ms,firefox,449850184.0,1854075962,2024-03-06 20:32:27,607.3,cbcc69d30489c534df28a444097bd87fcf8d8352,1388530,,,,,,,,,,,,,,,,,,,,,,,,,,,,,,,,,,,,,,,,,,,,,,,,,,,,,,,,,,,,,TN,TN
autoland,4405952,13,ad8d5d1385265583919f5a224e1153902b6eef60,macosx1015-64-shippable-qr,True,False,,|b|y|t|e|c|o|d|e|-|c|a|c|h|e|d| |c|o|l|d| |f|i|s|s|i|o|n| |w|e|b|r|e|n|d|e|r|,102210fe594ee9b33d82058545b1ed14f4c8206e,PerceptualSpeedIndex,twitter,True,twitter PerceptualSpeedIndex opt bytecode-cached cold fission webrender,,77,ms,firefox,449898267.0,1854338094,2024-03-06 22:04:29,607.2,fff42f9943259b806c262822a11bb3c2108a64a3,1388615,,,,,,,,,,,,,,,,,,,,,,,,,,,,,,,,,,,,,,,,,,,,,,,,,,,,,,,,,,,,,TN,TN
autoland,4405952,13,ad8d5d1385265583919f5a224e1153902b6eef60,macosx1015-64-shippable-qr,True,False,,|b|y|t|e|c|o|d|e|-|c|a|c|h|e|d| |c|o|l|d| |f|i|s|s|i|o|n| |w|e|b|r|e|n|d|e|r|,102210fe594ee9b33d82058545b1ed14f4c8206e,PerceptualSpeedIndex,twitter,True,twitter PerceptualSpeedIndex opt bytecode-cached cold fission webrender,,77,ms,firefox,449897389.0,1854326980,2024-03-06 22:29:06,609.2,e7c0504a7b8d395173d0b7b8caf998da6d799fa0,1388634,,,,,,,,,,,,,,,,,,,,,,,,,,,,,,,,,,,,,,,,,,,,,,,,,,,,,,,,,,,,,TN,TN
autoland,4405952,13,ad8d5d1385265583919f5a224e1153902b6eef60,macosx1015-64-shippable-qr,True,False,,|b|y|t|e|c|o|d|e|-|c|a|c|h|e|d| |c|o|l|d| |f|i|s|s|i|o|n| |w|e|b|r|e|n|d|e|r|,102210fe594ee9b33d82058545b1ed14f4c8206e,PerceptualSpeedIndex,twitter,True,twitter PerceptualSpeedIndex opt bytecode-cached cold fission webrender,,77,ms,firefox,449874702.0,1854170143,2024-03-06 22:58:04,606.7,98eadcb9210580189dd1cb9eb2cad1362b0c2835,1388664,,,,,,,,,,,,,,,,,,,,,,,,,,,,,,,,,,,,,,,,,,,,,,,,,,,,,,,,,,,,,TN,TN
autoland,4405952,13,ad8d5d1385265583919f5a224e1153902b6eef60,macosx1015-64-shippable-qr,True,False,,|b|y|t|e|c|o|d|e|-|c|a|c|h|e|d| |c|o|l|d| |f|i|s|s|i|o|n| |w|e|b|r|e|n|d|e|r|,102210fe594ee9b33d82058545b1ed14f4c8206e,PerceptualSpeedIndex,twitter,True,twitter PerceptualSpeedIndex opt bytecode-cached cold fission webrender,,77,ms,firefox,449893231.0,1854265065,2024-03-07 03:21:51,634.6,62ed755b7c5e2b357e66b4f19a5419c685e87a47,1388820,,,,,,,,,,,,,,,,,,,,,,,,,,,,,,,,,,,,,,,,,,,,,,,,,,,,,,,,,,,,,TN,TN
autoland,4405952,13,ad8d5d1385265583919f5a224e1153902b6eef60,macosx1015-64-shippable-qr,True,False,,|b|y|t|e|c|o|d|e|-|c|a|c|h|e|d| |c|o|l|d| |f|i|s|s|i|o|n| |w|e|b|r|e|n|d|e|r|,102210fe594ee9b33d82058545b1ed14f4c8206e,PerceptualSpeedIndex,twitter,True,twitter PerceptualSpeedIndex opt bytecode-cached cold fission webrender,,77,ms,firefox,449901156.0,1854350216,2024-03-07 06:37:03,606.4,d48a42b340b69771d9dc99ddf1303d3f88ae9165,1388849,,,,,,,,,,,,,,,,,,,,,,,,,,,,,,,,,,,,,,,,,,,,,,,,,,,,,,,,,,,,,TN,TN
autoland,4405952,13,ad8d5d1385265583919f5a224e1153902b6eef60,macosx1015-64-shippable-qr,True,False,,|b|y|t|e|c|o|d|e|-|c|a|c|h|e|d| |c|o|l|d| |f|i|s|s|i|o|n| |w|e|b|r|e|n|d|e|r|,102210fe594ee9b33d82058545b1ed14f4c8206e,PerceptualSpeedIndex,twitter,True,twitter PerceptualSpeedIndex opt bytecode-cached cold fission webrender,,77,ms,firefox,449924729.0,1854458234,2024-03-07 10:49:51,593.1,cfe658475285f9b5c867bcbd191d2e1332df885e,1388876,,,,,,,,,,,,,,,,,,,,,,,,,,,,,,,,,,,,,,,,,,,,,,,,,,,,,,,,,,,,,TN,TN
autoland,4405952,13,ad8d5d1385265583919f5a224e1153902b6eef60,macosx1015-64-shippable-qr,True,False,,|b|y|t|e|c|o|d|e|-|c|a|c|h|e|d| |c|o|l|d| |f|i|s|s|i|o|n| |w|e|b|r|e|n|d|e|r|,102210fe594ee9b33d82058545b1ed14f4c8206e,PerceptualSpeedIndex,twitter,True,twitter PerceptualSpeedIndex opt bytecode-cached cold fission webrender,,77,ms,firefox,449936221.0,1854506393,2024-03-07 13:27:03,624.7,0027da61966ddaf727a4c543b4541d0e175cb354,1388885,,,,,,,,,,,,,,,,,,,,,,,,,,,,,,,,,,,,,,,,,,,,,,,,,,,,,,,,,,,,,TN,TN
autoland,4405952,13,ad8d5d1385265583919f5a224e1153902b6eef60,macosx1015-64-shippable-qr,True,False,,|b|y|t|e|c|o|d|e|-|c|a|c|h|e|d| |c|o|l|d| |f|i|s|s|i|o|n| |w|e|b|r|e|n|d|e|r|,102210fe594ee9b33d82058545b1ed14f4c8206e,PerceptualSpeedIndex,twitter,True,twitter PerceptualSpeedIndex opt bytecode-cached cold fission webrender,,77,ms,firefox,449978238.0,1854684200,2024-03-07 20:11:01,597.7,c9b3f598aa024ffbe096094ee8845222b7483c50,1389147,,,,,,,,,,,,,,,,,,,,,,,,,,,,,,,,,,,,,,,,,,,,,,,,,,,,,,,,,,,,,TN,TN
autoland,4405952,13,ad8d5d1385265583919f5a224e1153902b6eef60,macosx1015-64-shippable-qr,True,False,,|b|y|t|e|c|o|d|e|-|c|a|c|h|e|d| |c|o|l|d| |f|i|s|s|i|o|n| |w|e|b|r|e|n|d|e|r|,102210fe594ee9b33d82058545b1ed14f4c8206e,PerceptualSpeedIndex,twitter,True,twitter PerceptualSpeedIndex opt bytecode-cached cold fission webrender,,77,ms,firefox,450012111.0,1854818976,2024-03-08 00:14:27,683.1,f9c5e71ad2de0632a1d833b02eb16cd13e4eabc1,1389377,,,,,,,,,,,,,,,,,,,,,,,,,,,,,,,,,,,,,,,,,,,,,,,,,,,,,,,,,,,,,TN,TN
autoland,4405952,13,ad8d5d1385265583919f5a224e1153902b6eef60,macosx1015-64-shippable-qr,True,False,,|b|y|t|e|c|o|d|e|-|c|a|c|h|e|d| |c|o|l|d| |f|i|s|s|i|o|n| |w|e|b|r|e|n|d|e|r|,102210fe594ee9b33d82058545b1ed14f4c8206e,PerceptualSpeedIndex,twitter,True,twitter PerceptualSpeedIndex opt bytecode-cached cold fission webrender,,77,ms,firefox,450014607.0,1854832707,2024-03-08 01:03:56,601.1,ac5529a784bdd0522e58c4bcdb3293674601ac52,1389404,,,,,,,,,,,,,,,,,,,,,,,,,,,,,,,,,,,,,,,,,,,,,,,,,,,,,,,,,,,,,TN,TN
autoland,4405952,13,ad8d5d1385265583919f5a224e1153902b6eef60,macosx1015-64-shippable-qr,True,False,,|b|y|t|e|c|o|d|e|-|c|a|c|h|e|d| |c|o|l|d| |f|i|s|s|i|o|n| |w|e|b|r|e|n|d|e|r|,102210fe594ee9b33d82058545b1ed14f4c8206e,PerceptualSpeedIndex,twitter,True,twitter PerceptualSpeedIndex opt bytecode-cached cold fission webrender,,77,ms,firefox,450054580.0,1855054794,2024-03-08 09:44:20,617.3,fe38c21e5d5ba7ab071d13411995b46f31d7862c,1389593,,,,,,,,,,,,,,,,,,,,,,,,,,,,,,,,,,,,,,,,,,,,,,,,,,,,,,,,,,,,,TN,TN
autoland,4405952,13,ad8d5d1385265583919f5a224e1153902b6eef60,macosx1015-64-shippable-qr,True,False,,|b|y|t|e|c|o|d|e|-|c|a|c|h|e|d| |c|o|l|d| |f|i|s|s|i|o|n| |w|e|b|r|e|n|d|e|r|,102210fe594ee9b33d82058545b1ed14f4c8206e,PerceptualSpeedIndex,twitter,True,twitter PerceptualSpeedIndex opt bytecode-cached cold fission webrender,,77,ms,firefox,450075663.0,1855117500,2024-03-08 13:47:55,621.5,e38d79679348570701c9c0b244b0d905b241b83b,1389613,,,,,,,,,,,,,,,,,,,,,,,,,,,,,,,,,,,,,,,,,,,,,,,,,,,,,,,,,,,,,TN,TN
autoland,4405952,13,ad8d5d1385265583919f5a224e1153902b6eef60,macosx1015-64-shippable-qr,True,False,,|b|y|t|e|c|o|d|e|-|c|a|c|h|e|d| |c|o|l|d| |f|i|s|s|i|o|n| |w|e|b|r|e|n|d|e|r|,102210fe594ee9b33d82058545b1ed14f4c8206e,PerceptualSpeedIndex,twitter,True,twitter PerceptualSpeedIndex opt bytecode-cached cold fission webrender,,77,ms,firefox,450094135.0,1855188739,2024-03-08 15:54:44,581.2,c306d54c8963e4dda4426d48bf41774947f5138d,1389685,,,,,,,,,,,,,,,,,,,,,,,,,,,,,,,,,,,,,,,,,,,,,,,,,,,,,,,,,,,,,TN,TN
autoland,4405952,13,ad8d5d1385265583919f5a224e1153902b6eef60,macosx1015-64-shippable-qr,True,False,,|b|y|t|e|c|o|d|e|-|c|a|c|h|e|d| |c|o|l|d| |f|i|s|s|i|o|n| |w|e|b|r|e|n|d|e|r|,102210fe594ee9b33d82058545b1ed14f4c8206e,PerceptualSpeedIndex,twitter,True,twitter PerceptualSpeedIndex opt bytecode-cached cold fission webrender,,77,ms,firefox,450146974.0,1855436724,2024-03-09 00:01:41,582.0,e40628b4cd80f3469e6fb5836c1e513e3e058225,1390115,,,,,,,,,,,,,,,,,,,,,,,,,,,,,,,,,,,,,,,,,,,,,,,,,,,,,,,,,,,,,TN,TN
autoland,4405952,13,ad8d5d1385265583919f5a224e1153902b6eef60,macosx1015-64-shippable-qr,True,False,,|b|y|t|e|c|o|d|e|-|c|a|c|h|e|d| |c|o|l|d| |f|i|s|s|i|o|n| |w|e|b|r|e|n|d|e|r|,102210fe594ee9b33d82058545b1ed14f4c8206e,PerceptualSpeedIndex,twitter,True,twitter PerceptualSpeedIndex opt bytecode-cached cold fission webrender,,77,ms,firefox,450147530.0,1855444516,2024-03-09 00:02:45,596.5,4d67ec80ce46b924295e599b81d0db0071664eca,1390116,,,,,,,,,,,,,,,,,,,,,,,,,,,,,,,,,,,,,,,,,,,,,,,,,,,,,,,,,,,,,TN,TN
autoland,4405952,13,ad8d5d1385265583919f5a224e1153902b6eef60,macosx1015-64-shippable-qr,True,False,,|b|y|t|e|c|o|d|e|-|c|a|c|h|e|d| |c|o|l|d| |f|i|s|s|i|o|n| |w|e|b|r|e|n|d|e|r|,102210fe594ee9b33d82058545b1ed14f4c8206e,PerceptualSpeedIndex,twitter,True,twitter PerceptualSpeedIndex opt bytecode-cached cold fission webrender,,77,ms,firefox,450148096.0,1855447005,2024-03-09 00:03:40,618.5,fb2eeb44f22026d0a1c7b18f8cb0786169300c1b,1390117,,,,,,,,,,,,,,,,,,,,,,,,,,,,,,,,,,,,,,,,,,,,,,,,,,,,,,,,,,,,,TN,TN
autoland,4405952,13,ad8d5d1385265583919f5a224e1153902b6eef60,macosx1015-64-shippable-qr,True,False,,|b|y|t|e|c|o|d|e|-|c|a|c|h|e|d| |c|o|l|d| |f|i|s|s|i|o|n| |w|e|b|r|e|n|d|e|r|,102210fe594ee9b33d82058545b1ed14f4c8206e,PerceptualSpeedIndex,twitter,True,twitter PerceptualSpeedIndex opt bytecode-cached cold fission webrender,,77,ms,firefox,450165165.0,1855518894,2024-03-09 05:38:15,671.8,efb6c465b7de5cb34b029bb51e5b445952bdd9b2,1390162,,,,,,,,,,,,,,,,,,,,,,,,,,,,,,,,,,,,,,,,,,,,,,,,,,,,,,,,,,,,,TN,TN
autoland,4405952,13,ad8d5d1385265583919f5a224e1153902b6eef60,macosx1015-64-shippable-qr,True,False,,|b|y|t|e|c|o|d|e|-|c|a|c|h|e|d| |c|o|l|d| |f|i|s|s|i|o|n| |w|e|b|r|e|n|d|e|r|,102210fe594ee9b33d82058545b1ed14f4c8206e,PerceptualSpeedIndex,twitter,True,twitter PerceptualSpeedIndex opt bytecode-cached cold fission webrender,,77,ms,firefox,450190765.0,1855598214,2024-03-09 10:41:02,695.1,1d530888568c2a44fc30d9b6567ab6195f238cb2,1390188,,,,,,,,,,,,,,,,,,,,,,,,,,,,,,,,,,,,,,,,,,,,,,,,,,,,,,,,,,,,,TN,TN
autoland,4405952,13,ad8d5d1385265583919f5a224e1153902b6eef60,macosx1015-64-shippable-qr,True,False,,|b|y|t|e|c|o|d|e|-|c|a|c|h|e|d| |c|o|l|d| |f|i|s|s|i|o|n| |w|e|b|r|e|n|d|e|r|,102210fe594ee9b33d82058545b1ed14f4c8206e,PerceptualSpeedIndex,twitter,True,twitter PerceptualSpeedIndex opt bytecode-cached cold fission webrender,,77,ms,firefox,450205369.0,1855639181,2024-03-09 15:33:05,608.8,10af6b2ff03bd7512d53f3ed02f7e83dba7c57ba,1390221,,,,,,,,,,,,,,,,,,,,,,,,,,,,,,,,,,,,,,,,,,,,,,,,,,,,,,,,,,,,,TN,TN
autoland,4405952,13,ad8d5d1385265583919f5a224e1153902b6eef60,macosx1015-64-shippable-qr,True,False,,|b|y|t|e|c|o|d|e|-|c|a|c|h|e|d| |c|o|l|d| |f|i|s|s|i|o|n| |w|e|b|r|e|n|d|e|r|,102210fe594ee9b33d82058545b1ed14f4c8206e,PerceptualSpeedIndex,twitter,True,twitter PerceptualSpeedIndex opt bytecode-cached cold fission webrender,,77,ms,firefox,450216874.0,1855677483,2024-03-09 20:59:44,608.9,9768cd53e66eef4a715150196cfa1138f7edf7ba,1390244,,,,,,,,,,,,,,,,,,,,,,,,,,,,,,,,,,,,,,,,,,,,,,,,,,,,,,,,,,,,,TN,TN
autoland,4405952,13,ad8d5d1385265583919f5a224e1153902b6eef60,macosx1015-64-shippable-qr,True,False,,|b|y|t|e|c|o|d|e|-|c|a|c|h|e|d| |c|o|l|d| |f|i|s|s|i|o|n| |w|e|b|r|e|n|d|e|r|,102210fe594ee9b33d82058545b1ed14f4c8206e,PerceptualSpeedIndex,twitter,True,twitter PerceptualSpeedIndex opt bytecode-cached cold fission webrender,,77,ms,firefox,450254074.0,1855807999,2024-03-10 13:59:13,643.0,f8edec6de8b50f0f6809208600e5c8ab87dd12d4,1390283,,,,,,,,,,,,,,,,,,,,,,,,,,,,,,,,,,,,,,,,,,,,,,,,,,,,,,,,,,,,,TN,TN
autoland,4405952,13,ad8d5d1385265583919f5a224e1153902b6eef60,macosx1015-64-shippable-qr,True,False,,|b|y|t|e|c|o|d|e|-|c|a|c|h|e|d| |c|o|l|d| |f|i|s|s|i|o|n| |w|e|b|r|e|n|d|e|r|,102210fe594ee9b33d82058545b1ed14f4c8206e,PerceptualSpeedIndex,twitter,True,twitter PerceptualSpeedIndex opt bytecode-cached cold fission webrender,,77,ms,firefox,450259188.0,1855831747,2024-03-10 18:05:45,600.5,059c20bed3da7a717ee144e4c2339499009d7c44,1390298,,,,,,,,,,,,,,,,,,,,,,,,,,,,,,,,,,,,,,,,,,,,,,,,,,,,,,,,,,,,,TN,TN
autoland,4405952,13,ad8d5d1385265583919f5a224e1153902b6eef60,macosx1015-64-shippable-qr,True,False,,|b|y|t|e|c|o|d|e|-|c|a|c|h|e|d| |c|o|l|d| |f|i|s|s|i|o|n| |w|e|b|r|e|n|d|e|r|,102210fe594ee9b33d82058545b1ed14f4c8206e,PerceptualSpeedIndex,twitter,True,twitter PerceptualSpeedIndex opt bytecode-cached cold fission webrender,,77,ms,firefox,450280583.0,1855935486,2024-03-11 02:48:56,684.3,0f63ab5624960b1aa464bb2e3bd76c6cd196f186,1390365,,,,,,,,,,,,,,,,,,,,,,,,,,,,,,,,,,,,,,,,,,,,,,,,,,,,,,,,,,,,,TN,TN
autoland,4405952,13,ad8d5d1385265583919f5a224e1153902b6eef60,macosx1015-64-shippable-qr,True,False,,|b|y|t|e|c|o|d|e|-|c|a|c|h|e|d| |c|o|l|d| |f|i|s|s|i|o|n| |w|e|b|r|e|n|d|e|r|,102210fe594ee9b33d82058545b1ed14f4c8206e,PerceptualSpeedIndex,twitter,True,twitter PerceptualSpeedIndex opt bytecode-cached cold fission webrender,,77,ms,firefox,450305849.0,1856057263,2024-03-11 09:18:44,635.0,343e945a502ea35f40687ffca3eab7543522fe79,1390442,,,,,,,,,,,,,,,,,,,,,,,,,,,,,,,,,,,,,,,,,,,,,,,,,,,,,,,,,,,,,TN,TN
autoland,4405952,13,ad8d5d1385265583919f5a224e1153902b6eef60,macosx1015-64-shippable-qr,True,False,,|b|y|t|e|c|o|d|e|-|c|a|c|h|e|d| |c|o|l|d| |f|i|s|s|i|o|n| |w|e|b|r|e|n|d|e|r|,102210fe594ee9b33d82058545b1ed14f4c8206e,PerceptualSpeedIndex,twitter,True,twitter PerceptualSpeedIndex opt bytecode-cached cold fission webrender,,77,ms,firefox,450428185.0,1856478287,2024-03-11 09:24:54,642.5,2a132ae2427f76ce68c19e08ce3960465c65dc3a,1390444,,,,,,,,,,,,,,,,,,,,,,,,,,,,,,,,,,,,,,,,,,,,,,,,,,,,,,,,,,,,,TN,TN
autoland,4405952,13,ad8d5d1385265583919f5a224e1153902b6eef60,macosx1015-64-shippable-qr,True,False,,|b|y|t|e|c|o|d|e|-|c|a|c|h|e|d| |c|o|l|d| |f|i|s|s|i|o|n| |w|e|b|r|e|n|d|e|r|,102210fe594ee9b33d82058545b1ed14f4c8206e,PerceptualSpeedIndex,twitter,True,twitter PerceptualSpeedIndex opt bytecode-cached cold fission webrender,,77,ms,firefox,450428861.0,1856487670,2024-03-11 09:48:07,595.5,2692de58a79eac06924d27eda115f3f14c8c206c,1390457,,,,,,,,,,,,,,,,,,,,,,,,,,,,,,,,,,,,,,,,,,,,,,,,,,,,,,,,,,,,,TN,TN
autoland,4405952,13,ad8d5d1385265583919f5a224e1153902b6eef60,macosx1015-64-shippable-qr,True,False,,|b|y|t|e|c|o|d|e|-|c|a|c|h|e|d| |c|o|l|d| |f|i|s|s|i|o|n| |w|e|b|r|e|n|d|e|r|,102210fe594ee9b33d82058545b1ed14f4c8206e,PerceptualSpeedIndex,twitter,True,twitter PerceptualSpeedIndex opt bytecode-cached cold fission webrender,,77,ms,firefox,450428067.0,1856478330,2024-03-11 12:32:27,606.7,856a612ce3d555ad6ec378bc99e74accba55c54a,1390498,,,,,,,,,,,,,,,,,,,,,,,,,,,,,,,,,,,,,,,,,,,,,,,,,,,,,,,,,,,,,TN,TN
autoland,4405952,13,ad8d5d1385265583919f5a224e1153902b6eef60,macosx1015-64-shippable-qr,True,False,,|b|y|t|e|c|o|d|e|-|c|a|c|h|e|d| |c|o|l|d| |f|i|s|s|i|o|n| |w|e|b|r|e|n|d|e|r|,102210fe594ee9b33d82058545b1ed14f4c8206e,PerceptualSpeedIndex,twitter,True,twitter PerceptualSpeedIndex opt bytecode-cached cold fission webrender,,77,ms,firefox,450428895.0,1856488153,2024-03-11 12:39:30,594.4,715d05429686085f90ae695d4bec02a707e3e4cc,1390500,,,,,,,,,,,,,,,,,,,,,,,,,,,,,,,,,,,,,,,,,,,,,,,,,,,,,,,,,,,,,TN,TN
autoland,4405952,13,ad8d5d1385265583919f5a224e1153902b6eef60,macosx1015-64-shippable-qr,True,False,,|b|y|t|e|c|o|d|e|-|c|a|c|h|e|d| |c|o|l|d| |f|i|s|s|i|o|n| |w|e|b|r|e|n|d|e|r|,102210fe594ee9b33d82058545b1ed14f4c8206e,PerceptualSpeedIndex,twitter,True,twitter PerceptualSpeedIndex opt bytecode-cached cold fission webrender,,77,ms,firefox,450332718.0,1856131770,2024-03-11 13:24:20,617.8,23b4081496822ae44a0f120f8429c0c57a864325,1390505,,,,,,,,,,,,,,,,,,,,,,,,,,,,,,,,,,,,,,,,,,,,,,,,,,,,,,,,,,,,,TN,TN
autoland,4405952,13,ad8d5d1385265583919f5a224e1153902b6eef60,macosx1015-64-shippable-qr,True,False,,|b|y|t|e|c|o|d|e|-|c|a|c|h|e|d| |c|o|l|d| |f|i|s|s|i|o|n| |w|e|b|r|e|n|d|e|r|,102210fe594ee9b33d82058545b1ed14f4c8206e,PerceptualSpeedIndex,twitter,True,twitter PerceptualSpeedIndex opt bytecode-cached cold fission webrender,,77,ms,firefox,450339097.0,1856165661,2024-03-11 14:23:46,678.0,ec25d27f83b73ab4fbd93c737d29b732042c2139,1390552,,,,,,,,,,,,,,,,,,,,,,,,,,,,,,,,,,,,,,,,,,,,,,,,,,,,,,,,,,,,,TN,TN
autoland,4405952,13,ad8d5d1385265583919f5a224e1153902b6eef60,macosx1015-64-shippable-qr,True,False,,|b|y|t|e|c|o|d|e|-|c|a|c|h|e|d| |c|o|l|d| |f|i|s|s|i|o|n| |w|e|b|r|e|n|d|e|r|,102210fe594ee9b33d82058545b1ed14f4c8206e,PerceptualSpeedIndex,twitter,True,twitter PerceptualSpeedIndex opt bytecode-cached cold fission webrender,,77,ms,firefox,450369069.0,1856281200,2024-03-11 18:03:14,607.5,b5f646ecf7f3ca586020974d36c3f4c4fca4a3a3,1390747,,,,,,,,,,,,,,,,,,,,,,,,,,,,,,,,,,,,,,,,,,,,,,,,,,,,,,,,,,,,,TN,TN
autoland,4405952,13,ad8d5d1385265583919f5a224e1153902b6eef60,macosx1015-64-shippable-qr,True,False,,|b|y|t|e|c|o|d|e|-|c|a|c|h|e|d| |c|o|l|d| |f|i|s|s|i|o|n| |w|e|b|r|e|n|d|e|r|,102210fe594ee9b33d82058545b1ed14f4c8206e,PerceptualSpeedIndex,twitter,True,twitter PerceptualSpeedIndex opt bytecode-cached cold fission webrender,,77,ms,firefox,450390807.0,1856327612,2024-03-11 19:41:42,589.8,4984afdb79c55a76ef741d1667378c296f74240f,1390851,,,,,,,,,,,,,,,,,,,,,,,,,,,,,,,,,,,,,,,,,,,,,,,,,,,,,,,,,,,,,TN,TN
autoland,4405952,13,ad8d5d1385265583919f5a224e1153902b6eef60,macosx1015-64-shippable-qr,True,False,,|b|y|t|e|c|o|d|e|-|c|a|c|h|e|d| |c|o|l|d| |f|i|s|s|i|o|n| |w|e|b|r|e|n|d|e|r|,102210fe594ee9b33d82058545b1ed14f4c8206e,PerceptualSpeedIndex,twitter,True,twitter PerceptualSpeedIndex opt bytecode-cached cold fission webrender,,77,ms,firefox,450432051.0,1856513731,2024-03-11 22:07:57,574.6,b09474764fb5539e6a0804ccf511ccf5a4dab743,1391017,,,,,,,,,,,,,,,,,,,,,,,,,,,,,,,,,,,,,,,,,,,,,,,,,,,,,,,,,,,,,TN,TN
autoland,4405952,13,ad8d5d1385265583919f5a224e1153902b6eef60,macosx1015-64-shippable-qr,True,False,,|b|y|t|e|c|o|d|e|-|c|a|c|h|e|d| |c|o|l|d| |f|i|s|s|i|o|n| |w|e|b|r|e|n|d|e|r|,102210fe594ee9b33d82058545b1ed14f4c8206e,PerceptualSpeedIndex,twitter,True,twitter PerceptualSpeedIndex opt bytecode-cached cold fission webrender,,77,ms,firefox,450430788.0,1856509365,2024-03-11 22:09:50,620.9,cc3717eca9f6e97d26aa079dfb5a0d95afffbbde,1391018,,,,,,,,,,,,,,,,,,,,,,,,,,,,,,,,,,,,,,,,,,,,,,,,,,,,,,,,,,,,,TN,TN
autoland,4405952,13,ad8d5d1385265583919f5a224e1153902b6eef60,macosx1015-64-shippable-qr,True,False,,|b|y|t|e|c|o|d|e|-|c|a|c|h|e|d| |c|o|l|d| |f|i|s|s|i|o|n| |w|e|b|r|e|n|d|e|r|,102210fe594ee9b33d82058545b1ed14f4c8206e,PerceptualSpeedIndex,twitter,True,twitter PerceptualSpeedIndex opt bytecode-cached cold fission webrender,,77,ms,firefox,450432176.0,1856517768,2024-03-11 22:11:33,604.6,e7bb5a728361f4b05cdc970a020bbe0b89e1a10b,1391020,,,,,,,,,,,,,,,,,,,,,,,,,,,,,,,,,,,,,,,,,,,,,,,,,,,,,,,,,,,,,TN,TN
autoland,4405952,13,ad8d5d1385265583919f5a224e1153902b6eef60,macosx1015-64-shippable-qr,True,False,,|b|y|t|e|c|o|d|e|-|c|a|c|h|e|d| |c|o|l|d| |f|i|s|s|i|o|n| |w|e|b|r|e|n|d|e|r|,102210fe594ee9b33d82058545b1ed14f4c8206e,PerceptualSpeedIndex,twitter,True,twitter PerceptualSpeedIndex opt bytecode-cached cold fission webrender,,77,ms,firefox,450431066.0,1856512308,2024-03-11 22:12:28,604.3,1aef65c426c611042b513e7e8af814f1191c7692,1391028,,,,,,,,,,,,,,,,,,,,,,,,,,,,,,,,,,,,,,,,,,,,,,,,,,,,,,,,,,,,,TN,TN
autoland,4405952,13,ad8d5d1385265583919f5a224e1153902b6eef60,macosx1015-64-shippable-qr,True,False,,|b|y|t|e|c|o|d|e|-|c|a|c|h|e|d| |c|o|l|d| |f|i|s|s|i|o|n| |w|e|b|r|e|n|d|e|r|,102210fe594ee9b33d82058545b1ed14f4c8206e,PerceptualSpeedIndex,twitter,True,twitter PerceptualSpeedIndex opt bytecode-cached cold fission webrender,,77,ms,firefox,450427092.0,1856456994,2024-03-12 03:06:47,590.9,5dbe89396d7f52d57c4a21457fcf95d4e1ae24c3,1391174,,,,,,,,,,,,,,,,,,,,,,,,,,,,,,,,,,,,,,,,,,,,,,,,,,,,,,,,,,,,,TN,TN
autoland,4405952,13,ad8d5d1385265583919f5a224e1153902b6eef60,macosx1015-64-shippable-qr,True,False,,|b|y|t|e|c|o|d|e|-|c|a|c|h|e|d| |c|o|l|d| |f|i|s|s|i|o|n| |w|e|b|r|e|n|d|e|r|,102210fe594ee9b33d82058545b1ed14f4c8206e,PerceptualSpeedIndex,twitter,True,twitter PerceptualSpeedIndex opt bytecode-cached cold fission webrender,,77,ms,firefox,450433781.0,1856538139,2024-03-12 07:06:36,589.1,45bdb06ed9f6ae6b675b169c0b4dbd488363098d,1391218,,,,,,,,,,,,,,,,,,,,,,,,,,,,,,,,,,,,,,,,,,,,,,,,,,,,,,,,,,,,,TN,TN
autoland,4405952,13,ad8d5d1385265583919f5a224e1153902b6eef60,macosx1015-64-shippable-qr,True,False,,|b|y|t|e|c|o|d|e|-|c|a|c|h|e|d| |c|o|l|d| |f|i|s|s|i|o|n| |w|e|b|r|e|n|d|e|r|,102210fe594ee9b33d82058545b1ed14f4c8206e,PerceptualSpeedIndex,twitter,True,twitter PerceptualSpeedIndex opt bytecode-cached cold fission webrender,,77,ms,firefox,450571670.0,1857008278,2024-03-12 08:58:41,640.7,74baace7eeb366eee357e89b04dac7178961a2a9,1391222,,,,,,,,,,,,,,,,,,,,,,,,,,,,,,,,,,,,,,,,,,,,,,,,,,,,,,,,,,,,,TN,TN
autoland,4405952,13,ad8d5d1385265583919f5a224e1153902b6eef60,macosx1015-64-shippable-qr,True,False,,|b|y|t|e|c|o|d|e|-|c|a|c|h|e|d| |c|o|l|d| |f|i|s|s|i|o|n| |w|e|b|r|e|n|d|e|r|,102210fe594ee9b33d82058545b1ed14f4c8206e,PerceptualSpeedIndex,twitter,True,twitter PerceptualSpeedIndex opt bytecode-cached cold fission webrender,,77,ms,firefox,450573527.0,1857025758,2024-03-12 09:05:05,647.7,3e91ddebfb8efe05daac1d48ac4a3d30e0ec1885,1391223,,,,,,,,,,,,,,,,,,,,,,,,,,,,,,,,,,,,,,,,,,,,,,,,,,,,,,,,,,,,,TN,TN
autoland,4405952,13,ad8d5d1385265583919f5a224e1153902b6eef60,macosx1015-64-shippable-qr,True,False,,|b|y|t|e|c|o|d|e|-|c|a|c|h|e|d| |c|o|l|d| |f|i|s|s|i|o|n| |w|e|b|r|e|n|d|e|r|,102210fe594ee9b33d82058545b1ed14f4c8206e,PerceptualSpeedIndex,twitter,True,twitter PerceptualSpeedIndex opt bytecode-cached cold fission webrender,,77,ms,firefox,450455219.0,1856612415,2024-03-12 11:26:19,608.6,8c1e5f6bca5a8f2ab2297cff5c736e61d3a3bd27,1391230,,,,,,,,,,,,,,,,,,,,,,,,,,,,,,,,,,,,,,,,,,,,,,,,,,,,,,,,,,,,,TN,TN
autoland,4405952,13,ad8d5d1385265583919f5a224e1153902b6eef60,macosx1015-64-shippable-qr,True,False,,|b|y|t|e|c|o|d|e|-|c|a|c|h|e|d| |c|o|l|d| |f|i|s|s|i|o|n| |w|e|b|r|e|n|d|e|r|,102210fe594ee9b33d82058545b1ed14f4c8206e,PerceptualSpeedIndex,twitter,True,twitter PerceptualSpeedIndex opt bytecode-cached cold fission webrender,,77,ms,firefox,450499398.0,1856738129,2024-03-12 14:58:20,600.6,c93ce7649d8d7d874130caed9005d92be916b10e,1391396,,,,,,,,,,,,,,,,,,,,,,,,,,,,,,,,,,,,,,,,,,,,,,,,,,,,,,,,,,,,,TN,TN
autoland,4405952,13,ad8d5d1385265583919f5a224e1153902b6eef60,macosx1015-64-shippable-qr,True,False,,|b|y|t|e|c|o|d|e|-|c|a|c|h|e|d| |c|o|l|d| |f|i|s|s|i|o|n| |w|e|b|r|e|n|d|e|r|,102210fe594ee9b33d82058545b1ed14f4c8206e,PerceptualSpeedIndex,twitter,True,twitter PerceptualSpeedIndex opt bytecode-cached cold fission webrender,,77,ms,firefox,450572466.0,1857019914,2024-03-12 15:04:24,603.8,48a907540cf263a7246d86efb7d4159c0b4597f5,1391401,,,,,,,,,,,,,,,,,,,,,,,,,,,,,,,,,,,,,,,,,,,,,,,,,,,,,,,,,,,,,TN,TN
autoland,4405952,13,ad8d5d1385265583919f5a224e1153902b6eef60,macosx1015-64-shippable-qr,True,False,,|b|y|t|e|c|o|d|e|-|c|a|c|h|e|d| |c|o|l|d| |f|i|s|s|i|o|n| |w|e|b|r|e|n|d|e|r|,102210fe594ee9b33d82058545b1ed14f4c8206e,PerceptualSpeedIndex,twitter,True,twitter PerceptualSpeedIndex opt bytecode-cached cold fission webrender,,77,ms,firefox,450572891.0,1857014722,2024-03-12 15:07:58,595.5,06a229e6d63a6d3497e21a0c1fce3ed4d13e9733,1391404,,,,,,,,,,,,,,,,,,,,,,,,,,,,,,,,,,,,,,,,,,,,,,,,,,,,,,,,,,,,,TN,TN
autoland,4405952,13,ad8d5d1385265583919f5a224e1153902b6eef60,macosx1015-64-shippable-qr,True,False,,|b|y|t|e|c|o|d|e|-|c|a|c|h|e|d| |c|o|l|d| |f|i|s|s|i|o|n| |w|e|b|r|e|n|d|e|r|,102210fe594ee9b33d82058545b1ed14f4c8206e,PerceptualSpeedIndex,twitter,True,twitter PerceptualSpeedIndex opt bytecode-cached cold fission webrender,,77,ms,firefox,450534510.0,1856901042,2024-03-12 19:37:06,598.2,d91b0606279d7c22a0119cdc8061cdeffe233787,1391673,,,,,,,,,,,,,,,,,,,,,,,,,,,,,,,,,,,,,,,,,,,,,,,,,,,,,,,,,,,,,TN,TN
autoland,4405952,13,ad8d5d1385265583919f5a224e1153902b6eef60,macosx1015-64-shippable-qr,True,False,,|b|y|t|e|c|o|d|e|-|c|a|c|h|e|d| |c|o|l|d| |f|i|s|s|i|o|n| |w|e|b|r|e|n|d|e|r|,102210fe594ee9b33d82058545b1ed14f4c8206e,PerceptualSpeedIndex,twitter,True,twitter PerceptualSpeedIndex opt bytecode-cached cold fission webrender,,77,ms,firefox,450556656.0,1856942771,2024-03-12 23:13:34,599.0,bb96cef2989d78eaa9d2485bb379b29449a815b2,1391824,,,,,,,,,,,,,,,,,,,,,,,,,,,,,,,,,,,,,,,,,,,,,,,,,,,,,,,,,,,,,TN,TN
autoland,4405952,13,ad8d5d1385265583919f5a224e1153902b6eef60,macosx1015-64-shippable-qr,True,False,,|b|y|t|e|c|o|d|e|-|c|a|c|h|e|d| |c|o|l|d| |f|i|s|s|i|o|n| |w|e|b|r|e|n|d|e|r|,102210fe594ee9b33d82058545b1ed14f4c8206e,PerceptualSpeedIndex,twitter,True,twitter PerceptualSpeedIndex opt bytecode-cached cold fission webrender,,77,ms,firefox,450581184.0,1857049747,2024-03-13 07:01:16,660.4,2dfb9f01e06f190da79fb195ea51dac2be58dde7,1392060,,,,,,,,,,,,,,,,,,,,,,,,,,,,,,,,,,,,,,,,,,,,,,,,,,,,,,,,,,,,,TN,TN
autoland,4405952,13,ad8d5d1385265583919f5a224e1153902b6eef60,macosx1015-64-shippable-qr,True,False,,|b|y|t|e|c|o|d|e|-|c|a|c|h|e|d| |c|o|l|d| |f|i|s|s|i|o|n| |w|e|b|r|e|n|d|e|r|,102210fe594ee9b33d82058545b1ed14f4c8206e,PerceptualSpeedIndex,twitter,True,twitter PerceptualSpeedIndex opt bytecode-cached cold fission webrender,,77,ms,firefox,450614546.0,1857233129,2024-03-13 11:15:45,599.6,ae0da9180abdc1990832791041b323e05082f6f8,1392165,,,,,,,,,,,,,,,,,,,,,,,,,,,,,,,,,,,,,,,,,,,,,,,,,,,,,,,,,,,,,TN,TN
autoland,4405952,13,ad8d5d1385265583919f5a224e1153902b6eef60,macosx1015-64-shippable-qr,True,False,,|b|y|t|e|c|o|d|e|-|c|a|c|h|e|d| |c|o|l|d| |f|i|s|s|i|o|n| |w|e|b|r|e|n|d|e|r|,102210fe594ee9b33d82058545b1ed14f4c8206e,PerceptualSpeedIndex,twitter,True,twitter PerceptualSpeedIndex opt bytecode-cached cold fission webrender,,77,ms,firefox,450646973.0,1857374169,2024-03-13 15:23:46,581.7,49e9b26b528b94a9db43d4b65112add1268f64fc,1392302,,,,,,,,,,,,,,,,,,,,,,,,,,,,,,,,,,,,,,,,,,,,,,,,,,,,,,,,,,,,,TN,TN
autoland,4405952,13,ad8d5d1385265583919f5a224e1153902b6eef60,macosx1015-64-shippable-qr,True,False,,|b|y|t|e|c|o|d|e|-|c|a|c|h|e|d| |c|o|l|d| |f|i|s|s|i|o|n| |w|e|b|r|e|n|d|e|r|,102210fe594ee9b33d82058545b1ed14f4c8206e,PerceptualSpeedIndex,twitter,True,twitter PerceptualSpeedIndex opt bytecode-cached cold fission webrender,,77,ms,firefox,450648162.0,1857381157,2024-03-13 15:33:19,598.2,35c5c892ca1e96f731d20bc6edd310a5d4e13bad,1392307,,,,,,,,,,,,,,,,,,,,,,,,,,,,,,,,,,,,,,,,,,,,,,,,,,,,,,,,,,,,,TN,TN
autoland,4405952,13,ad8d5d1385265583919f5a224e1153902b6eef60,macosx1015-64-shippable-qr,True,False,,|b|y|t|e|c|o|d|e|-|c|a|c|h|e|d| |c|o|l|d| |f|i|s|s|i|o|n| |w|e|b|r|e|n|d|e|r|,102210fe594ee9b33d82058545b1ed14f4c8206e,PerceptualSpeedIndex,twitter,True,twitter PerceptualSpeedIndex opt bytecode-cached cold fission webrender,,77,ms,firefox,450658843.0,1857445330,2024-03-13 18:41:03,714.3,ebcab57cf7cd8a64a561c831dc4d1bf6694f82b8,1392487,,,,,,,,,,,,,,,,,,,,,,,,,,,,,,,,,,,,,,,,,,,,,,,,,,,,,,,,,,,,,TN,TN
autoland,4405952,13,ad8d5d1385265583919f5a224e1153902b6eef60,macosx1015-64-shippable-qr,True,False,,|b|y|t|e|c|o|d|e|-|c|a|c|h|e|d| |c|o|l|d| |f|i|s|s|i|o|n| |w|e|b|r|e|n|d|e|r|,102210fe594ee9b33d82058545b1ed14f4c8206e,PerceptualSpeedIndex,twitter,True,twitter PerceptualSpeedIndex opt bytecode-cached cold fission webrender,,77,ms,firefox,450697346.0,1857627844,2024-03-13 21:49:05,608.2,1f3b4df016ac965dd3a2c97cb547c495364fdeef,1392594,,,,,,,,,,,,,,,,,,,,,,,,,,,,,,,,,,,,,,,,,,,,,,,,,,,,,,,,,,,,,TN,TN
autoland,4405952,13,ad8d5d1385265583919f5a224e1153902b6eef60,macosx1015-64-shippable-qr,True,False,,|b|y|t|e|c|o|d|e|-|c|a|c|h|e|d| |c|o|l|d| |f|i|s|s|i|o|n| |w|e|b|r|e|n|d|e|r|,102210fe594ee9b33d82058545b1ed14f4c8206e,PerceptualSpeedIndex,twitter,True,twitter PerceptualSpeedIndex opt bytecode-cached cold fission webrender,,77,ms,firefox,452145631.0,1863630307,2024-03-13 21:49:05,609.4,1f3b4df016ac965dd3a2c97cb547c495364fdeef,1392594,,,,,,,,,,,,,,,,,,,,,,,,,,,,,,,,,,,,,,,,,,,,,,,,,,,,,,,,,,,,,TN,TN
autoland,4405952,13,ad8d5d1385265583919f5a224e1153902b6eef60,macosx1015-64-shippable-qr,True,False,,|b|y|t|e|c|o|d|e|-|c|a|c|h|e|d| |c|o|l|d| |f|i|s|s|i|o|n| |w|e|b|r|e|n|d|e|r|,102210fe594ee9b33d82058545b1ed14f4c8206e,PerceptualSpeedIndex,twitter,True,twitter PerceptualSpeedIndex opt bytecode-cached cold fission webrender,,77,ms,firefox,452145632.0,1863630333,2024-03-13 21:49:05,619.2,1f3b4df016ac965dd3a2c97cb547c495364fdeef,1392594,,,,,,,,,,,,,,,,,,,,,,,,,,,,,,,,,,,,,,,,,,,,,,,,,,,,,,,,,,,,,TN,TN
autoland,4405952,13,ad8d5d1385265583919f5a224e1153902b6eef60,macosx1015-64-shippable-qr,True,False,,|b|y|t|e|c|o|d|e|-|c|a|c|h|e|d| |c|o|l|d| |f|i|s|s|i|o|n| |w|e|b|r|e|n|d|e|r|,102210fe594ee9b33d82058545b1ed14f4c8206e,PerceptualSpeedIndex,twitter,True,twitter PerceptualSpeedIndex opt bytecode-cached cold fission webrender,,77,ms,firefox,452145638.0,1863630356,2024-03-13 21:49:05,581.7,1f3b4df016ac965dd3a2c97cb547c495364fdeef,1392594,,,,,,,,,,,,,,,,,,,,,,,,,,,,,,,,,,,,,,,,,,,,,,,,,,,,,,,,,,,,,TN,TN
autoland,4405952,13,ad8d5d1385265583919f5a224e1153902b6eef60,macosx1015-64-shippable-qr,True,False,,|b|y|t|e|c|o|d|e|-|c|a|c|h|e|d| |c|o|l|d| |f|i|s|s|i|o|n| |w|e|b|r|e|n|d|e|r|,102210fe594ee9b33d82058545b1ed14f4c8206e,PerceptualSpeedIndex,twitter,True,twitter PerceptualSpeedIndex opt bytecode-cached cold fission webrender,,77,ms,firefox,452145991.0,1863631071,2024-03-13 21:49:05,642.1,1f3b4df016ac965dd3a2c97cb547c495364fdeef,1392594,,,,,,,,,,,,,,,,,,,,,,,,,,,,,,,,,,,,,,,,,,,,,,,,,,,,,,,,,,,,,TN,TN
autoland,4405952,13,ad8d5d1385265583919f5a224e1153902b6eef60,macosx1015-64-shippable-qr,True,False,,|b|y|t|e|c|o|d|e|-|c|a|c|h|e|d| |c|o|l|d| |f|i|s|s|i|o|n| |w|e|b|r|e|n|d|e|r|,102210fe594ee9b33d82058545b1ed14f4c8206e,PerceptualSpeedIndex,twitter,True,twitter PerceptualSpeedIndex opt bytecode-cached cold fission webrender,,77,ms,firefox,452146214.0,1863631492,2024-03-13 21:49:05,598.6,1f3b4df016ac965dd3a2c97cb547c495364fdeef,1392594,,,,,,,,,,,,,,,,,,,,,,,,,,,,,,,,,,,,,,,,,,,,,,,,,,,,,,,,,,,,,TN,TN
autoland,4405952,13,ad8d5d1385265583919f5a224e1153902b6eef60,macosx1015-64-shippable-qr,True,False,,|b|y|t|e|c|o|d|e|-|c|a|c|h|e|d| |c|o|l|d| |f|i|s|s|i|o|n| |w|e|b|r|e|n|d|e|r|,102210fe594ee9b33d82058545b1ed14f4c8206e,PerceptualSpeedIndex,twitter,True,twitter PerceptualSpeedIndex opt bytecode-cached cold fission webrender,,77,ms,firefox,452146600.0,1863631685,2024-03-13 21:49:05,588.4,1f3b4df016ac965dd3a2c97cb547c495364fdeef,1392594,,,,,,,,,,,,,,,,,,,,,,,,,,,,,,,,,,,,,,,,,,,,,,,,,,,,,,,,,,,,,TN,TN
autoland,4405952,13,ad8d5d1385265583919f5a224e1153902b6eef60,macosx1015-64-shippable-qr,True,False,,|b|y|t|e|c|o|d|e|-|c|a|c|h|e|d| |c|o|l|d| |f|i|s|s|i|o|n| |w|e|b|r|e|n|d|e|r|,102210fe594ee9b33d82058545b1ed14f4c8206e,PerceptualSpeedIndex,twitter,True,twitter PerceptualSpeedIndex opt bytecode-cached cold fission webrender,,77,ms,firefox,452146619.0,1863631610,2024-03-13 21:49:05,615.4,1f3b4df016ac965dd3a2c97cb547c495364fdeef,1392594,,,,,,,,,,,,,,,,,,,,,,,,,,,,,,,,,,,,,,,,,,,,,,,,,,,,,,,,,,,,,TN,TN
autoland,4405952,13,ad8d5d1385265583919f5a224e1153902b6eef60,macosx1015-64-shippable-qr,True,False,,|b|y|t|e|c|o|d|e|-|c|a|c|h|e|d| |c|o|l|d| |f|i|s|s|i|o|n| |w|e|b|r|e|n|d|e|r|,102210fe594ee9b33d82058545b1ed14f4c8206e,PerceptualSpeedIndex,twitter,True,twitter PerceptualSpeedIndex opt bytecode-cached cold fission webrender,,77,ms,firefox,452146633.0,1863631773,2024-03-13 21:49:05,592.8,1f3b4df016ac965dd3a2c97cb547c495364fdeef,1392594,,,,,,,,,,,,,,,,,,,,,,,,,,,,,,,,,,,,,,,,,,,,,,,,,,,,,,,,,,,,,TN,TN
autoland,4405952,13,ad8d5d1385265583919f5a224e1153902b6eef60,macosx1015-64-shippable-qr,True,False,,|b|y|t|e|c|o|d|e|-|c|a|c|h|e|d| |c|o|l|d| |f|i|s|s|i|o|n| |w|e|b|r|e|n|d|e|r|,102210fe594ee9b33d82058545b1ed14f4c8206e,PerceptualSpeedIndex,twitter,True,twitter PerceptualSpeedIndex opt bytecode-cached cold fission webrender,,77,ms,firefox,450711289.0,1857665796,2024-03-14 04:20:25,606.0,2333872b0f5028fa1f0e9236440fe58df07a0235,1392734,,,,,,,,,,,,,,,,,,,,,,,,,,,,,,,,,,,,,,,,,,,,,,,,,,,,,,,,,,,,,TN,TN
autoland,4405952,13,ad8d5d1385265583919f5a224e1153902b6eef60,macosx1015-64-shippable-qr,True,False,,|b|y|t|e|c|o|d|e|-|c|a|c|h|e|d| |c|o|l|d| |f|i|s|s|i|o|n| |w|e|b|r|e|n|d|e|r|,102210fe594ee9b33d82058545b1ed14f4c8206e,PerceptualSpeedIndex,twitter,True,twitter PerceptualSpeedIndex opt bytecode-cached cold fission webrender,,77,ms,firefox,450725530.0,1857730005,2024-03-14 06:52:21,657.8,0c82ff77321a85c36f1c5b27c99d25bad8603028,1392758,,,,,,,,,,,,,,,,,,,,,,,,,,,,,,,,,,,,,,,,,,,,,,,,,,,,,,,,,,,,,TN,TN
autoland,4405952,13,ad8d5d1385265583919f5a224e1153902b6eef60,macosx1015-64-shippable-qr,True,False,,|b|y|t|e|c|o|d|e|-|c|a|c|h|e|d| |c|o|l|d| |f|i|s|s|i|o|n| |w|e|b|r|e|n|d|e|r|,102210fe594ee9b33d82058545b1ed14f4c8206e,PerceptualSpeedIndex,twitter,True,twitter PerceptualSpeedIndex opt bytecode-cached cold fission webrender,,77,ms,firefox,450759661.0,1857839807,2024-03-14 10:59:46,603.9,1f30bd08be619a6ea06444a2a6e36123f7baad65,1392883,,,,,,,,,,,,,,,,,,,,,,,,,,,,,,,,,,,,,,,,,,,,,,,,,,,,,,,,,,,,,TN,TN
autoland,4405952,13,ad8d5d1385265583919f5a224e1153902b6eef60,macosx1015-64-shippable-qr,True,False,,|b|y|t|e|c|o|d|e|-|c|a|c|h|e|d| |c|o|l|d| |f|i|s|s|i|o|n| |w|e|b|r|e|n|d|e|r|,102210fe594ee9b33d82058545b1ed14f4c8206e,PerceptualSpeedIndex,twitter,True,twitter PerceptualSpeedIndex opt bytecode-cached cold fission webrender,,77,ms,firefox,450861283.0,1858348729,2024-03-14 14:03:42,625.0,bbf56ec305f01be8420bbfe6d13e34ec85bf45d6,1392963,,,,,,,,,,,,,,,,,,,,,,,,,,,,,,,,,,,,,,,,,,,,,,,,,,,,,,,,,,,,,TN,TN
autoland,4405952,13,ad8d5d1385265583919f5a224e1153902b6eef60,macosx1015-64-shippable-qr,True,False,,|b|y|t|e|c|o|d|e|-|c|a|c|h|e|d| |c|o|l|d| |f|i|s|s|i|o|n| |w|e|b|r|e|n|d|e|r|,102210fe594ee9b33d82058545b1ed14f4c8206e,PerceptualSpeedIndex,twitter,True,twitter PerceptualSpeedIndex opt bytecode-cached cold fission webrender,,77,ms,firefox,450859074.0,1858327831,2024-03-14 14:08:54,636.1,284c6596726d5dc4300413356fa75acde7f6dedd,1392971,,,,,,,,,,,,,,,,,,,,,,,,,,,,,,,,,,,,,,,,,,,,,,,,,,,,,,,,,,,,,TN,TN
autoland,4405952,13,ad8d5d1385265583919f5a224e1153902b6eef60,macosx1015-64-shippable-qr,True,False,,|b|y|t|e|c|o|d|e|-|c|a|c|h|e|d| |c|o|l|d| |f|i|s|s|i|o|n| |w|e|b|r|e|n|d|e|r|,102210fe594ee9b33d82058545b1ed14f4c8206e,PerceptualSpeedIndex,twitter,True,twitter PerceptualSpeedIndex opt bytecode-cached cold fission webrender,,77,ms,firefox,450858718.0,1858325684,2024-03-14 14:09:44,605.6,e172f064ce25ea0f25f8bd0f418f3370ee51e17f,1392974,,,,,,,,,,,,,,,,,,,,,,,,,,,,,,,,,,,,,,,,,,,,,,,,,,,,,,,,,,,,,TN,TN
autoland,4405952,13,ad8d5d1385265583919f5a224e1153902b6eef60,macosx1015-64-shippable-qr,True,False,,|b|y|t|e|c|o|d|e|-|c|a|c|h|e|d| |c|o|l|d| |f|i|s|s|i|o|n| |w|e|b|r|e|n|d|e|r|,102210fe594ee9b33d82058545b1ed14f4c8206e,PerceptualSpeedIndex,twitter,True,twitter PerceptualSpeedIndex opt bytecode-cached cold fission webrender,,77,ms,firefox,451862249.0,1862378948,2024-03-14 17:36:00,650.6,eb65fb93262537bad82d2eb3fc084d7f7b393e07,1393176,,,,,,,,,,,,,,,,,,,,,,,,,,,,,,,,,,,,,,,,,,,,,,,,,,,,,,,,,,,,,TN,TN
autoland,4405952,13,ad8d5d1385265583919f5a224e1153902b6eef60,macosx1015-64-shippable-qr,True,False,,|b|y|t|e|c|o|d|e|-|c|a|c|h|e|d| |c|o|l|d| |f|i|s|s|i|o|n| |w|e|b|r|e|n|d|e|r|,102210fe594ee9b33d82058545b1ed14f4c8206e,PerceptualSpeedIndex,twitter,True,twitter PerceptualSpeedIndex opt bytecode-cached cold fission webrender,,77,ms,firefox,452141284.0,1863586366,2024-03-14 17:36:00,602.7,eb65fb93262537bad82d2eb3fc084d7f7b393e07,1393176,,,,,,,,,,,,,,,,,,,,,,,,,,,,,,,,,,,,,,,,,,,,,,,,,,,,,,,,,,,,,TN,TN
autoland,4405952,13,ad8d5d1385265583919f5a224e1153902b6eef60,macosx1015-64-shippable-qr,True,False,,|b|y|t|e|c|o|d|e|-|c|a|c|h|e|d| |c|o|l|d| |f|i|s|s|i|o|n| |w|e|b|r|e|n|d|e|r|,102210fe594ee9b33d82058545b1ed14f4c8206e,PerceptualSpeedIndex,twitter,True,twitter PerceptualSpeedIndex opt bytecode-cached cold fission webrender,,77,ms,firefox,450804072.0,1858007501,2024-03-14 17:45:33,664.2,e0d1a1dbfd5c36a2527b566ff831a989ca5ae5f5,1393195,,,,,,,,,,,,,,,,,,,,,,,,,,,,,,,,,,,,,,,,,,,,,,,,,,,,,,,,,,,,,TN,TN
autoland,4405952,13,ad8d5d1385265583919f5a224e1153902b6eef60,macosx1015-64-shippable-qr,True,False,,|b|y|t|e|c|o|d|e|-|c|a|c|h|e|d| |c|o|l|d| |f|i|s|s|i|o|n| |w|e|b|r|e|n|d|e|r|,102210fe594ee9b33d82058545b1ed14f4c8206e,PerceptualSpeedIndex,twitter,True,twitter PerceptualSpeedIndex opt bytecode-cached cold fission webrender,,77,ms,firefox,451862259.0,1862379317,2024-03-14 17:45:33,594.2,e0d1a1dbfd5c36a2527b566ff831a989ca5ae5f5,1393195,,,,,,,,,,,,,,,,,,,,,,,,,,,,,,,,,,,,,,,,,,,,,,,,,,,,,,,,,,,,,TN,TN
autoland,4405952,13,ad8d5d1385265583919f5a224e1153902b6eef60,macosx1015-64-shippable-qr,True,False,,|b|y|t|e|c|o|d|e|-|c|a|c|h|e|d| |c|o|l|d| |f|i|s|s|i|o|n| |w|e|b|r|e|n|d|e|r|,102210fe594ee9b33d82058545b1ed14f4c8206e,PerceptualSpeedIndex,twitter,True,twitter PerceptualSpeedIndex opt bytecode-cached cold fission webrender,,77,ms,firefox,452140979.0,1863585569,2024-03-14 17:45:33,628.8,e0d1a1dbfd5c36a2527b566ff831a989ca5ae5f5,1393195,,,,,,,,,,,,,,,,,,,,,,,,,,,,,,,,,,,,,,,,,,,,,,,,,,,,,,,,,,,,,TN,TN
autoland,4405952,13,ad8d5d1385265583919f5a224e1153902b6eef60,macosx1015-64-shippable-qr,True,False,,|b|y|t|e|c|o|d|e|-|c|a|c|h|e|d| |c|o|l|d| |f|i|s|s|i|o|n| |w|e|b|r|e|n|d|e|r|,102210fe594ee9b33d82058545b1ed14f4c8206e,PerceptualSpeedIndex,twitter,True,twitter PerceptualSpeedIndex opt bytecode-cached cold fission webrender,,77,ms,firefox,452141002.0,1863585691,2024-03-14 17:45:33,602.1,e0d1a1dbfd5c36a2527b566ff831a989ca5ae5f5,1393195,,,,,,,,,,,,,,,,,,,,,,,,,,,,,,,,,,,,,,,,,,,,,,,,,,,,,,,,,,,,,TN,TN
autoland,4405952,13,ad8d5d1385265583919f5a224e1153902b6eef60,macosx1015-64-shippable-qr,True,False,,|b|y|t|e|c|o|d|e|-|c|a|c|h|e|d| |c|o|l|d| |f|i|s|s|i|o|n| |w|e|b|r|e|n|d|e|r|,102210fe594ee9b33d82058545b1ed14f4c8206e,PerceptualSpeedIndex,twitter,True,twitter PerceptualSpeedIndex opt bytecode-cached cold fission webrender,,77,ms,firefox,452141287.0,1863585834,2024-03-14 17:45:33,601.6,e0d1a1dbfd5c36a2527b566ff831a989ca5ae5f5,1393195,,,,,,,,,,,,,,,,,,,,,,,,,,,,,,,,,,,,,,,,,,,,,,,,,,,,,,,,,,,,,TN,TN
autoland,4405952,13,ad8d5d1385265583919f5a224e1153902b6eef60,macosx1015-64-shippable-qr,True,False,,|b|y|t|e|c|o|d|e|-|c|a|c|h|e|d| |c|o|l|d| |f|i|s|s|i|o|n| |w|e|b|r|e|n|d|e|r|,102210fe594ee9b33d82058545b1ed14f4c8206e,PerceptualSpeedIndex,twitter,True,twitter PerceptualSpeedIndex opt bytecode-cached cold fission webrender,,77,ms,firefox,451862250.0,1862379142,2024-03-14 17:53:38,609.6,5b75492ce9a7ea8539d2add87bcdb4585c474a9b,1393198,,,,,,,,,,,,,,,,,,,,,,,,,,,,,,,,,,,,,,,,,,,,,,,,,,,,,,,,,,,,,TN,TN
autoland,4405952,13,ad8d5d1385265583919f5a224e1153902b6eef60,macosx1015-64-shippable-qr,True,False,,|b|y|t|e|c|o|d|e|-|c|a|c|h|e|d| |c|o|l|d| |f|i|s|s|i|o|n| |w|e|b|r|e|n|d|e|r|,102210fe594ee9b33d82058545b1ed14f4c8206e,PerceptualSpeedIndex,twitter,True,twitter PerceptualSpeedIndex opt bytecode-cached cold fission webrender,,77,ms,firefox,452140965.0,1863585881,2024-03-14 17:53:38,613.2,5b75492ce9a7ea8539d2add87bcdb4585c474a9b,1393198,,,,,,,,,,,,,,,,,,,,,,,,,,,,,,,,,,,,,,,,,,,,,,,,,,,,,,,,,,,,,TN,TN
autoland,4405952,13,ad8d5d1385265583919f5a224e1153902b6eef60,macosx1015-64-shippable-qr,True,False,,|b|y|t|e|c|o|d|e|-|c|a|c|h|e|d| |c|o|l|d| |f|i|s|s|i|o|n| |w|e|b|r|e|n|d|e|r|,102210fe594ee9b33d82058545b1ed14f4c8206e,PerceptualSpeedIndex,twitter,True,twitter PerceptualSpeedIndex opt bytecode-cached cold fission webrender,,77,ms,firefox,452140966.0,1863586342,2024-03-14 17:53:38,595.9,5b75492ce9a7ea8539d2add87bcdb4585c474a9b,1393198,,,,,,,,,,,,,,,,,,,,,,,,,,,,,,,,,,,,,,,,,,,,,,,,,,,,,,,,,,,,,TN,TN
autoland,4405952,13,ad8d5d1385265583919f5a224e1153902b6eef60,macosx1015-64-shippable-qr,True,False,,|b|y|t|e|c|o|d|e|-|c|a|c|h|e|d| |c|o|l|d| |f|i|s|s|i|o|n| |w|e|b|r|e|n|d|e|r|,102210fe594ee9b33d82058545b1ed14f4c8206e,PerceptualSpeedIndex,twitter,True,twitter PerceptualSpeedIndex opt bytecode-cached cold fission webrender,,77,ms,firefox,452141909.0,1863589333,2024-03-14 17:53:38,677.4,5b75492ce9a7ea8539d2add87bcdb4585c474a9b,1393198,,,,,,,,,,,,,,,,,,,,,,,,,,,,,,,,,,,,,,,,,,,,,,,,,,,,,,,,,,,,,TN,TN
autoland,4405952,13,ad8d5d1385265583919f5a224e1153902b6eef60,macosx1015-64-shippable-qr,True,False,,|b|y|t|e|c|o|d|e|-|c|a|c|h|e|d| |c|o|l|d| |f|i|s|s|i|o|n| |w|e|b|r|e|n|d|e|r|,102210fe594ee9b33d82058545b1ed14f4c8206e,PerceptualSpeedIndex,twitter,True,twitter PerceptualSpeedIndex opt bytecode-cached cold fission webrender,,77,ms,firefox,451862256.0,1862379243,2024-03-14 18:10:45,610.1,5804e635dd1e6f9bac06c845381fc1e3c434e72e,1393215,,,,,,,,,,,,,,,,,,,,,,,,,,,,,,,,,,,,,,,,,,,,,,,,,,,,,,,,,,,,,TN,TN
autoland,4405952,13,ad8d5d1385265583919f5a224e1153902b6eef60,macosx1015-64-shippable-qr,True,False,,|b|y|t|e|c|o|d|e|-|c|a|c|h|e|d| |c|o|l|d| |f|i|s|s|i|o|n| |w|e|b|r|e|n|d|e|r|,102210fe594ee9b33d82058545b1ed14f4c8206e,PerceptualSpeedIndex,twitter,True,twitter PerceptualSpeedIndex opt bytecode-cached cold fission webrender,,77,ms,firefox,452140915.0,1863585740,2024-03-14 18:10:45,619.4,5804e635dd1e6f9bac06c845381fc1e3c434e72e,1393215,,,,,,,,,,,,,,,,,,,,,,,,,,,,,,,,,,,,,,,,,,,,,,,,,,,,,,,,,,,,,TN,TN
autoland,4405952,13,ad8d5d1385265583919f5a224e1153902b6eef60,macosx1015-64-shippable-qr,True,False,,|b|y|t|e|c|o|d|e|-|c|a|c|h|e|d| |c|o|l|d| |f|i|s|s|i|o|n| |w|e|b|r|e|n|d|e|r|,102210fe594ee9b33d82058545b1ed14f4c8206e,PerceptualSpeedIndex,twitter,True,twitter PerceptualSpeedIndex opt bytecode-cached cold fission webrender,,77,ms,firefox,452140951.0,1863585801,2024-03-14 18:10:45,592.7,5804e635dd1e6f9bac06c845381fc1e3c434e72e,1393215,,,,,,,,,,,,,,,,,,,,,,,,,,,,,,,,,,,,,,,,,,,,,,,,,,,,,,,,,,,,,TN,TN
autoland,4405952,13,ad8d5d1385265583919f5a224e1153902b6eef60,macosx1015-64-shippable-qr,True,False,,|b|y|t|e|c|o|d|e|-|c|a|c|h|e|d| |c|o|l|d| |f|i|s|s|i|o|n| |w|e|b|r|e|n|d|e|r|,102210fe594ee9b33d82058545b1ed14f4c8206e,PerceptualSpeedIndex,twitter,True,twitter PerceptualSpeedIndex opt bytecode-cached cold fission webrender,,77,ms,firefox,452141887.0,1863589845,2024-03-14 18:10:45,620.3,5804e635dd1e6f9bac06c845381fc1e3c434e72e,1393215,,,,,,,,,,,,,,,,,,,,,,,,,,,,,,,,,,,,,,,,,,,,,,,,,,,,,,,,,,,,,TN,TN
autoland,4405952,13,ad8d5d1385265583919f5a224e1153902b6eef60,macosx1015-64-shippable-qr,True,False,,|b|y|t|e|c|o|d|e|-|c|a|c|h|e|d| |c|o|l|d| |f|i|s|s|i|o|n| |w|e|b|r|e|n|d|e|r|,102210fe594ee9b33d82058545b1ed14f4c8206e,PerceptualSpeedIndex,twitter,True,twitter PerceptualSpeedIndex opt bytecode-cached cold fission webrender,,77,ms,firefox,451862258.0,1862379169,2024-03-14 18:25:35,614.2,b55a2672a570303223d03e32da7933521c414717,1393225,,,,,,,,,,,,,,,,,,,,,,,,,,,,,,,,,,,,,,,,,,,,,,,,,,,,,,,,,,,,,TN,TN
autoland,4405952,13,ad8d5d1385265583919f5a224e1153902b6eef60,macosx1015-64-shippable-qr,True,False,,|b|y|t|e|c|o|d|e|-|c|a|c|h|e|d| |c|o|l|d| |f|i|s|s|i|o|n| |w|e|b|r|e|n|d|e|r|,102210fe594ee9b33d82058545b1ed14f4c8206e,PerceptualSpeedIndex,twitter,True,twitter PerceptualSpeedIndex opt bytecode-cached cold fission webrender,,77,ms,firefox,452140868.0,1863585385,2024-03-14 18:25:35,646.4,b55a2672a570303223d03e32da7933521c414717,1393225,,,,,,,,,,,,,,,,,,,,,,,,,,,,,,,,,,,,,,,,,,,,,,,,,,,,,,,,,,,,,TN,TN
autoland,4405952,13,ad8d5d1385265583919f5a224e1153902b6eef60,macosx1015-64-shippable-qr,True,False,,|b|y|t|e|c|o|d|e|-|c|a|c|h|e|d| |c|o|l|d| |f|i|s|s|i|o|n| |w|e|b|r|e|n|d|e|r|,102210fe594ee9b33d82058545b1ed14f4c8206e,PerceptualSpeedIndex,twitter,True,twitter PerceptualSpeedIndex opt bytecode-cached cold fission webrender,,77,ms,firefox,452141824.0,1863588677,2024-03-14 18:25:35,625.9,b55a2672a570303223d03e32da7933521c414717,1393225,,,,,,,,,,,,,,,,,,,,,,,,,,,,,,,,,,,,,,,,,,,,,,,,,,,,,,,,,,,,,TN,TN
autoland,4405952,13,ad8d5d1385265583919f5a224e1153902b6eef60,macosx1015-64-shippable-qr,True,False,,|b|y|t|e|c|o|d|e|-|c|a|c|h|e|d| |c|o|l|d| |f|i|s|s|i|o|n| |w|e|b|r|e|n|d|e|r|,102210fe594ee9b33d82058545b1ed14f4c8206e,PerceptualSpeedIndex,twitter,True,twitter PerceptualSpeedIndex opt bytecode-cached cold fission webrender,,77,ms,firefox,452141827.0,1863590094,2024-03-14 18:25:35,593.3,b55a2672a570303223d03e32da7933521c414717,1393225,,,,,,,,,,,,,,,,,,,,,,,,,,,,,,,,,,,,,,,,,,,,,,,,,,,,,,,,,,,,,TN,TN
autoland,4405952,13,ad8d5d1385265583919f5a224e1153902b6eef60,macosx1015-64-shippable-qr,True,False,,|b|y|t|e|c|o|d|e|-|c|a|c|h|e|d| |c|o|l|d| |f|i|s|s|i|o|n| |w|e|b|r|e|n|d|e|r|,102210fe594ee9b33d82058545b1ed14f4c8206e,PerceptualSpeedIndex,twitter,True,twitter PerceptualSpeedIndex opt bytecode-cached cold fission webrender,,77,ms,firefox,452141843.0,1863588901,2024-03-14 18:25:35,605.7,b55a2672a570303223d03e32da7933521c414717,1393225,,,,,,,,,,,,,,,,,,,,,,,,,,,,,,,,,,,,,,,,,,,,,,,,,,,,,,,,,,,,,TN,TN
autoland,4405952,13,ad8d5d1385265583919f5a224e1153902b6eef60,macosx1015-64-shippable-qr,True,False,,|b|y|t|e|c|o|d|e|-|c|a|c|h|e|d| |c|o|l|d| |f|i|s|s|i|o|n| |w|e|b|r|e|n|d|e|r|,102210fe594ee9b33d82058545b1ed14f4c8206e,PerceptualSpeedIndex,twitter,True,twitter PerceptualSpeedIndex opt bytecode-cached cold fission webrender,,77,ms,firefox,452141844.0,1863589139,2024-03-14 18:25:35,608.5,b55a2672a570303223d03e32da7933521c414717,1393225,,,,,,,,,,,,,,,,,,,,,,,,,,,,,,,,,,,,,,,,,,,,,,,,,,,,,,,,,,,,,TN,TN
autoland,4405952,13,ad8d5d1385265583919f5a224e1153902b6eef60,macosx1015-64-shippable-qr,True,False,,|b|y|t|e|c|o|d|e|-|c|a|c|h|e|d| |c|o|l|d| |f|i|s|s|i|o|n| |w|e|b|r|e|n|d|e|r|,102210fe594ee9b33d82058545b1ed14f4c8206e,PerceptualSpeedIndex,twitter,True,twitter PerceptualSpeedIndex opt bytecode-cached cold fission webrender,,77,ms,firefox,451862261.0,1862379194,2024-03-14 18:31:15,641.5,d355d851f95ebdd3e41b0b9bda3eee9f1edb926c,1393231,,,,,,,,,,,,,,,,,,,,,,,,,,,,,,,,,,,,,,,,,,,,,,,,,,,,,,,,,,,,,TN,TN
autoland,4405952,13,ad8d5d1385265583919f5a224e1153902b6eef60,macosx1015-64-shippable-qr,True,False,,|b|y|t|e|c|o|d|e|-|c|a|c|h|e|d| |c|o|l|d| |f|i|s|s|i|o|n| |w|e|b|r|e|n|d|e|r|,102210fe594ee9b33d82058545b1ed14f4c8206e,PerceptualSpeedIndex,twitter,True,twitter PerceptualSpeedIndex opt bytecode-cached cold fission webrender,,77,ms,firefox,452140869.0,1863585656,2024-03-14 18:31:15,600.3,d355d851f95ebdd3e41b0b9bda3eee9f1edb926c,1393231,,,,,,,,,,,,,,,,,,,,,,,,,,,,,,,,,,,,,,,,,,,,,,,,,,,,,,,,,,,,,TN,TN
autoland,4405952,13,ad8d5d1385265583919f5a224e1153902b6eef60,macosx1015-64-shippable-qr,True,False,,|b|y|t|e|c|o|d|e|-|c|a|c|h|e|d| |c|o|l|d| |f|i|s|s|i|o|n| |w|e|b|r|e|n|d|e|r|,102210fe594ee9b33d82058545b1ed14f4c8206e,PerceptualSpeedIndex,twitter,True,twitter PerceptualSpeedIndex opt bytecode-cached cold fission webrender,,77,ms,firefox,452140882.0,1863585616,2024-03-14 18:31:15,611.3,d355d851f95ebdd3e41b0b9bda3eee9f1edb926c,1393231,,,,,,,,,,,,,,,,,,,,,,,,,,,,,,,,,,,,,,,,,,,,,,,,,,,,,,,,,,,,,TN,TN
autoland,4405952,13,ad8d5d1385265583919f5a224e1153902b6eef60,macosx1015-64-shippable-qr,True,False,,|b|y|t|e|c|o|d|e|-|c|a|c|h|e|d| |c|o|l|d| |f|i|s|s|i|o|n| |w|e|b|r|e|n|d|e|r|,102210fe594ee9b33d82058545b1ed14f4c8206e,PerceptualSpeedIndex,twitter,True,twitter PerceptualSpeedIndex opt bytecode-cached cold fission webrender,,77,ms,firefox,452141807.0,1863588335,2024-03-14 18:31:15,599.1,d355d851f95ebdd3e41b0b9bda3eee9f1edb926c,1393231,,,,,,,,,,,,,,,,,,,,,,,,,,,,,,,,,,,,,,,,,,,,,,,,,,,,,,,,,,,,,TN,TN
autoland,4405952,13,ad8d5d1385265583919f5a224e1153902b6eef60,macosx1015-64-shippable-qr,True,False,,|b|y|t|e|c|o|d|e|-|c|a|c|h|e|d| |c|o|l|d| |f|i|s|s|i|o|n| |w|e|b|r|e|n|d|e|r|,102210fe594ee9b33d82058545b1ed14f4c8206e,PerceptualSpeedIndex,twitter,True,twitter PerceptualSpeedIndex opt bytecode-cached cold fission webrender,,77,ms,firefox,452141868.0,1863589389,2024-03-14 18:31:15,599.1,d355d851f95ebdd3e41b0b9bda3eee9f1edb926c,1393231,,,,,,,,,,,,,,,,,,,,,,,,,,,,,,,,,,,,,,,,,,,,,,,,,,,,,,,,,,,,,TN,TN
autoland,4405952,13,ad8d5d1385265583919f5a224e1153902b6eef60,macosx1015-64-shippable-qr,True,False,,|b|y|t|e|c|o|d|e|-|c|a|c|h|e|d| |c|o|l|d| |f|i|s|s|i|o|n| |w|e|b|r|e|n|d|e|r|,102210fe594ee9b33d82058545b1ed14f4c8206e,PerceptualSpeedIndex,twitter,True,twitter PerceptualSpeedIndex opt bytecode-cached cold fission webrender,,77,ms,firefox,452141873.0,1863589062,2024-03-14 18:31:15,618.1,d355d851f95ebdd3e41b0b9bda3eee9f1edb926c,1393231,,,,,,,,,,,,,,,,,,,,,,,,,,,,,,,,,,,,,,,,,,,,,,,,,,,,,,,,,,,,,TN,TN
autoland,4405952,13,ad8d5d1385265583919f5a224e1153902b6eef60,macosx1015-64-shippable-qr,True,False,,|b|y|t|e|c|o|d|e|-|c|a|c|h|e|d| |c|o|l|d| |f|i|s|s|i|o|n| |w|e|b|r|e|n|d|e|r|,102210fe594ee9b33d82058545b1ed14f4c8206e,PerceptualSpeedIndex,twitter,True,twitter PerceptualSpeedIndex opt bytecode-cached cold fission webrender,,77,ms,firefox,451862420.0,1862379514,2024-03-14 19:22:00,591.5,cb325dd60cf2278346666d539689b3a1ac1bbf37,1393254,,,,,,,,,,,,,,,,,,,,,,,,,,,,,,,,,,,,,,,,,,,,,,,,,,,,,,,,,,,,,TN,TN
autoland,4405952,13,ad8d5d1385265583919f5a224e1153902b6eef60,macosx1015-64-shippable-qr,True,False,,|b|y|t|e|c|o|d|e|-|c|a|c|h|e|d| |c|o|l|d| |f|i|s|s|i|o|n| |w|e|b|r|e|n|d|e|r|,102210fe594ee9b33d82058545b1ed14f4c8206e,PerceptualSpeedIndex,twitter,True,twitter PerceptualSpeedIndex opt bytecode-cached cold fission webrender,,77,ms,firefox,452140456.0,1863584916,2024-03-14 19:22:00,594.0,cb325dd60cf2278346666d539689b3a1ac1bbf37,1393254,,,,,,,,,,,,,,,,,,,,,,,,,,,,,,,,,,,,,,,,,,,,,,,,,,,,,,,,,,,,,TN,TN
autoland,4405952,13,ad8d5d1385265583919f5a224e1153902b6eef60,macosx1015-64-shippable-qr,True,False,,|b|y|t|e|c|o|d|e|-|c|a|c|h|e|d| |c|o|l|d| |f|i|s|s|i|o|n| |w|e|b|r|e|n|d|e|r|,102210fe594ee9b33d82058545b1ed14f4c8206e,PerceptualSpeedIndex,twitter,True,twitter PerceptualSpeedIndex opt bytecode-cached cold fission webrender,,77,ms,firefox,452140603.0,1863584951,2024-03-14 19:22:00,604.6,cb325dd60cf2278346666d539689b3a1ac1bbf37,1393254,,,,,,,,,,,,,,,,,,,,,,,,,,,,,,,,,,,,,,,,,,,,,,,,,,,,,,,,,,,,,TN,TN
autoland,4405952,13,ad8d5d1385265583919f5a224e1153902b6eef60,macosx1015-64-shippable-qr,True,False,,|b|y|t|e|c|o|d|e|-|c|a|c|h|e|d| |c|o|l|d| |f|i|s|s|i|o|n| |w|e|b|r|e|n|d|e|r|,102210fe594ee9b33d82058545b1ed14f4c8206e,PerceptualSpeedIndex,twitter,True,twitter PerceptualSpeedIndex opt bytecode-cached cold fission webrender,,77,ms,firefox,452140717.0,1863584837,2024-03-14 19:22:00,610.6,cb325dd60cf2278346666d539689b3a1ac1bbf37,1393254,,,,,,,,,,,,,,,,,,,,,,,,,,,,,,,,,,,,,,,,,,,,,,,,,,,,,,,,,,,,,TN,TN
autoland,4405952,13,ad8d5d1385265583919f5a224e1153902b6eef60,macosx1015-64-shippable-qr,True,False,,|b|y|t|e|c|o|d|e|-|c|a|c|h|e|d| |c|o|l|d| |f|i|s|s|i|o|n| |w|e|b|r|e|n|d|e|r|,102210fe594ee9b33d82058545b1ed14f4c8206e,PerceptualSpeedIndex,twitter,True,twitter PerceptualSpeedIndex opt bytecode-cached cold fission webrender,,77,ms,firefox,452140850.0,1863585123,2024-03-14 19:22:00,585.9,cb325dd60cf2278346666d539689b3a1ac1bbf37,1393254,,,,,,,,,,,,,,,,,,,,,,,,,,,,,,,,,,,,,,,,,,,,,,,,,,,,,,,,,,,,,TN,TN
autoland,4405952,13,ad8d5d1385265583919f5a224e1153902b6eef60,macosx1015-64-shippable-qr,True,False,,|b|y|t|e|c|o|d|e|-|c|a|c|h|e|d| |c|o|l|d| |f|i|s|s|i|o|n| |w|e|b|r|e|n|d|e|r|,102210fe594ee9b33d82058545b1ed14f4c8206e,PerceptualSpeedIndex,twitter,True,twitter PerceptualSpeedIndex opt bytecode-cached cold fission webrender,,77,ms,firefox,452141780.0,1863587908,2024-03-14 19:22:00,591.9,cb325dd60cf2278346666d539689b3a1ac1bbf37,1393254,,,,,,,,,,,,,,,,,,,,,,,,,,,,,,,,,,,,,,,,,,,,,,,,,,,,,,,,,,,,,TN,TN
autoland,4405952,13,ad8d5d1385265583919f5a224e1153902b6eef60,macosx1015-64-shippable-qr,True,False,,|b|y|t|e|c|o|d|e|-|c|a|c|h|e|d| |c|o|l|d| |f|i|s|s|i|o|n| |w|e|b|r|e|n|d|e|r|,102210fe594ee9b33d82058545b1ed14f4c8206e,PerceptualSpeedIndex,twitter,True,twitter PerceptualSpeedIndex opt bytecode-cached cold fission webrender,,77,ms,firefox,452141871.0,1863589122,2024-03-14 19:22:00,612.8,cb325dd60cf2278346666d539689b3a1ac1bbf37,1393254,,,,,,,,,,,,,,,,,,,,,,,,,,,,,,,,,,,,,,,,,,,,,,,,,,,,,,,,,,,,,TN,TN
autoland,4405952,13,ad8d5d1385265583919f5a224e1153902b6eef60,macosx1015-64-shippable-qr,True,False,,|b|y|t|e|c|o|d|e|-|c|a|c|h|e|d| |c|o|l|d| |f|i|s|s|i|o|n| |w|e|b|r|e|n|d|e|r|,102210fe594ee9b33d82058545b1ed14f4c8206e,PerceptualSpeedIndex,twitter,True,twitter PerceptualSpeedIndex opt bytecode-cached cold fission webrender,,77,ms,firefox,452141875.0,1863589441,2024-03-14 19:22:00,617.9,cb325dd60cf2278346666d539689b3a1ac1bbf37,1393254,,,,,,,,,,,,,,,,,,,,,,,,,,,,,,,,,,,,,,,,,,,,,,,,,,,,,,,,,,,,,TN,TN
autoland,4405952,13,ad8d5d1385265583919f5a224e1153902b6eef60,macosx1015-64-shippable-qr,True,False,,|b|y|t|e|c|o|d|e|-|c|a|c|h|e|d| |c|o|l|d| |f|i|s|s|i|o|n| |w|e|b|r|e|n|d|e|r|,102210fe594ee9b33d82058545b1ed14f4c8206e,PerceptualSpeedIndex,twitter,True,twitter PerceptualSpeedIndex opt bytecode-cached cold fission webrender,,77,ms,firefox,451862267.0,1862379437,2024-03-14 19:49:28,600.2,df657b8117d29c613b49ddd147b0f6688de87ee1,1393267,,,,,,,,,,,,,,,,,,,,,,,,,,,,,,,,,,,,,,,,,,,,,,,,,,,,,,,,,,,,,TN,TN
autoland,4405952,13,ad8d5d1385265583919f5a224e1153902b6eef60,macosx1015-64-shippable-qr,True,False,,|b|y|t|e|c|o|d|e|-|c|a|c|h|e|d| |c|o|l|d| |f|i|s|s|i|o|n| |w|e|b|r|e|n|d|e|r|,102210fe594ee9b33d82058545b1ed14f4c8206e,PerceptualSpeedIndex,twitter,True,twitter PerceptualSpeedIndex opt bytecode-cached cold fission webrender,,77,ms,firefox,452140426.0,1863584284,2024-03-14 19:49:28,618.4,df657b8117d29c613b49ddd147b0f6688de87ee1,1393267,,,,,,,,,,,,,,,,,,,,,,,,,,,,,,,,,,,,,,,,,,,,,,,,,,,,,,,,,,,,,TN,TN
autoland,4405952,13,ad8d5d1385265583919f5a224e1153902b6eef60,macosx1015-64-shippable-qr,True,False,,|b|y|t|e|c|o|d|e|-|c|a|c|h|e|d| |c|o|l|d| |f|i|s|s|i|o|n| |w|e|b|r|e|n|d|e|r|,102210fe594ee9b33d82058545b1ed14f4c8206e,PerceptualSpeedIndex,twitter,True,twitter PerceptualSpeedIndex opt bytecode-cached cold fission webrender,,77,ms,firefox,452141700.0,1863587118,2024-03-14 19:49:28,625.1,df657b8117d29c613b49ddd147b0f6688de87ee1,1393267,,,,,,,,,,,,,,,,,,,,,,,,,,,,,,,,,,,,,,,,,,,,,,,,,,,,,,,,,,,,,TN,TN
autoland,4405952,13,ad8d5d1385265583919f5a224e1153902b6eef60,macosx1015-64-shippable-qr,True,False,,|b|y|t|e|c|o|d|e|-|c|a|c|h|e|d| |c|o|l|d| |f|i|s|s|i|o|n| |w|e|b|r|e|n|d|e|r|,102210fe594ee9b33d82058545b1ed14f4c8206e,PerceptualSpeedIndex,twitter,True,twitter PerceptualSpeedIndex opt bytecode-cached cold fission webrender,,77,ms,firefox,452141701.0,1863586500,2024-03-14 19:49:28,610.7,df657b8117d29c613b49ddd147b0f6688de87ee1,1393267,,,,,,,,,,,,,,,,,,,,,,,,,,,,,,,,,,,,,,,,,,,,,,,,,,,,,,,,,,,,,TN,TN
autoland,4405952,13,ad8d5d1385265583919f5a224e1153902b6eef60,macosx1015-64-shippable-qr,True,False,,|b|y|t|e|c|o|d|e|-|c|a|c|h|e|d| |c|o|l|d| |f|i|s|s|i|o|n| |w|e|b|r|e|n|d|e|r|,102210fe594ee9b33d82058545b1ed14f4c8206e,PerceptualSpeedIndex,twitter,True,twitter PerceptualSpeedIndex opt bytecode-cached cold fission webrender,,77,ms,firefox,452141867.0,1863588771,2024-03-14 19:49:28,601.1,df657b8117d29c613b49ddd147b0f6688de87ee1,1393267,,,,,,,,,,,,,,,,,,,,,,,,,,,,,,,,,,,,,,,,,,,,,,,,,,,,,,,,,,,,,TN,TN
autoland,4405952,13,ad8d5d1385265583919f5a224e1153902b6eef60,macosx1015-64-shippable-qr,True,False,,|b|y|t|e|c|o|d|e|-|c|a|c|h|e|d| |c|o|l|d| |f|i|s|s|i|o|n| |w|e|b|r|e|n|d|e|r|,102210fe594ee9b33d82058545b1ed14f4c8206e,PerceptualSpeedIndex,twitter,True,twitter PerceptualSpeedIndex opt bytecode-cached cold fission webrender,,77,ms,firefox,452141876.0,1863588055,2024-03-14 19:49:28,655.5,df657b8117d29c613b49ddd147b0f6688de87ee1,1393267,,,,,,,,,,,,,,,,,,,,,,,,,,,,,,,,,,,,,,,,,,,,,,,,,,,,,,,,,,,,,TN,TN
autoland,4405952,13,ad8d5d1385265583919f5a224e1153902b6eef60,macosx1015-64-shippable-qr,True,False,,|b|y|t|e|c|o|d|e|-|c|a|c|h|e|d| |c|o|l|d| |f|i|s|s|i|o|n| |w|e|b|r|e|n|d|e|r|,102210fe594ee9b33d82058545b1ed14f4c8206e,PerceptualSpeedIndex,twitter,True,twitter PerceptualSpeedIndex opt bytecode-cached cold fission webrender,,77,ms,firefox,452141908.0,1863589232,2024-03-14 19:49:28,619.0,df657b8117d29c613b49ddd147b0f6688de87ee1,1393267,,,,,,,,,,,,,,,,,,,,,,,,,,,,,,,,,,,,,,,,,,,,,,,,,,,,,,,,,,,,,TN,TN
autoland,4405952,13,ad8d5d1385265583919f5a224e1153902b6eef60,macosx1015-64-shippable-qr,True,False,,|b|y|t|e|c|o|d|e|-|c|a|c|h|e|d| |c|o|l|d| |f|i|s|s|i|o|n| |w|e|b|r|e|n|d|e|r|,102210fe594ee9b33d82058545b1ed14f4c8206e,PerceptualSpeedIndex,twitter,True,twitter PerceptualSpeedIndex opt bytecode-cached cold fission webrender,,77,ms,firefox,451862422.0,1862379537,2024-03-14 20:35:13,596.5,db17994abe63b839d18b9907fbb09b2ec02a6683,1393282,,,,,,,,,,,,,,,,,,,,,,,,,,,,,,,,,,,,,,,,,,,,,,,,,,,,,,,,,,,,,TN,TN
autoland,4405952,13,ad8d5d1385265583919f5a224e1153902b6eef60,macosx1015-64-shippable-qr,True,False,,|b|y|t|e|c|o|d|e|-|c|a|c|h|e|d| |c|o|l|d| |f|i|s|s|i|o|n| |w|e|b|r|e|n|d|e|r|,102210fe594ee9b33d82058545b1ed14f4c8206e,PerceptualSpeedIndex,twitter,True,twitter PerceptualSpeedIndex opt bytecode-cached cold fission webrender,,77,ms,firefox,452141554.0,1863586545,2024-03-14 20:35:13,597.0,db17994abe63b839d18b9907fbb09b2ec02a6683,1393282,,,,,,,,,,,,,,,,,,,,,,,,,,,,,,,,,,,,,,,,,,,,,,,,,,,,,,,,,,,,,TN,TN
autoland,4405952,13,ad8d5d1385265583919f5a224e1153902b6eef60,macosx1015-64-shippable-qr,True,False,,|b|y|t|e|c|o|d|e|-|c|a|c|h|e|d| |c|o|l|d| |f|i|s|s|i|o|n| |w|e|b|r|e|n|d|e|r|,102210fe594ee9b33d82058545b1ed14f4c8206e,PerceptualSpeedIndex,twitter,True,twitter PerceptualSpeedIndex opt bytecode-cached cold fission webrender,,77,ms,firefox,452141720.0,1863587177,2024-03-14 20:35:13,612.2,db17994abe63b839d18b9907fbb09b2ec02a6683,1393282,,,,,,,,,,,,,,,,,,,,,,,,,,,,,,,,,,,,,,,,,,,,,,,,,,,,,,,,,,,,,TN,TN
autoland,4405952,13,ad8d5d1385265583919f5a224e1153902b6eef60,macosx1015-64-shippable-qr,True,False,,|b|y|t|e|c|o|d|e|-|c|a|c|h|e|d| |c|o|l|d| |f|i|s|s|i|o|n| |w|e|b|r|e|n|d|e|r|,102210fe594ee9b33d82058545b1ed14f4c8206e,PerceptualSpeedIndex,twitter,True,twitter PerceptualSpeedIndex opt bytecode-cached cold fission webrender,,77,ms,firefox,452141725.0,1863586655,2024-03-14 20:35:13,649.5,db17994abe63b839d18b9907fbb09b2ec02a6683,1393282,,,,,,,,,,,,,,,,,,,,,,,,,,,,,,,,,,,,,,,,,,,,,,,,,,,,,,,,,,,,,TN,TN
autoland,4405952,13,ad8d5d1385265583919f5a224e1153902b6eef60,macosx1015-64-shippable-qr,True,False,,|b|y|t|e|c|o|d|e|-|c|a|c|h|e|d| |c|o|l|d| |f|i|s|s|i|o|n| |w|e|b|r|e|n|d|e|r|,102210fe594ee9b33d82058545b1ed14f4c8206e,PerceptualSpeedIndex,twitter,True,twitter PerceptualSpeedIndex opt bytecode-cached cold fission webrender,,77,ms,firefox,452141870.0,1863589172,2024-03-14 20:35:13,568.6,db17994abe63b839d18b9907fbb09b2ec02a6683,1393282,,,,,,,,,,,,,,,,,,,,,,,,,,,,,,,,,,,,,,,,,,,,,,,,,,,,,,,,,,,,,TN,TN
autoland,4405952,13,ad8d5d1385265583919f5a224e1153902b6eef60,macosx1015-64-shippable-qr,True,False,,|b|y|t|e|c|o|d|e|-|c|a|c|h|e|d| |c|o|l|d| |f|i|s|s|i|o|n| |w|e|b|r|e|n|d|e|r|,102210fe594ee9b33d82058545b1ed14f4c8206e,PerceptualSpeedIndex,twitter,True,twitter PerceptualSpeedIndex opt bytecode-cached cold fission webrender,,77,ms,firefox,452141874.0,1863589095,2024-03-14 20:35:13,621.3,db17994abe63b839d18b9907fbb09b2ec02a6683,1393282,,,,,,,,,,,,,,,,,,,,,,,,,,,,,,,,,,,,,,,,,,,,,,,,,,,,,,,,,,,,,TN,TN
autoland,4405952,13,ad8d5d1385265583919f5a224e1153902b6eef60,macosx1015-64-shippable-qr,True,False,,|b|y|t|e|c|o|d|e|-|c|a|c|h|e|d| |c|o|l|d| |f|i|s|s|i|o|n| |w|e|b|r|e|n|d|e|r|,102210fe594ee9b33d82058545b1ed14f4c8206e,PerceptualSpeedIndex,twitter,True,twitter PerceptualSpeedIndex opt bytecode-cached cold fission webrender,,77,ms,firefox,452141883.0,1863589413,2024-03-14 20:35:13,609.5,db17994abe63b839d18b9907fbb09b2ec02a6683,1393282,,,,,,,,,,,,,,,,,,,,,,,,,,,,,,,,,,,,,,,,,,,,,,,,,,,,,,,,,,,,,TN,TN
autoland,4405952,13,ad8d5d1385265583919f5a224e1153902b6eef60,macosx1015-64-shippable-qr,True,False,,|b|y|t|e|c|o|d|e|-|c|a|c|h|e|d| |c|o|l|d| |f|i|s|s|i|o|n| |w|e|b|r|e|n|d|e|r|,102210fe594ee9b33d82058545b1ed14f4c8206e,PerceptualSpeedIndex,twitter,True,twitter PerceptualSpeedIndex opt bytecode-cached cold fission webrender,,77,ms,firefox,452141907.0,1863589289,2024-03-14 20:35:13,682.5,db17994abe63b839d18b9907fbb09b2ec02a6683,1393282,,,,,,,,,,,,,,,,,,,,,,,,,,,,,,,,,,,,,,,,,,,,,,,,,,,,,,,,,,,,,TN,TN
autoland,4405952,13,ad8d5d1385265583919f5a224e1153902b6eef60,macosx1015-64-shippable-qr,True,False,,|b|y|t|e|c|o|d|e|-|c|a|c|h|e|d| |c|o|l|d| |f|i|s|s|i|o|n| |w|e|b|r|e|n|d|e|r|,102210fe594ee9b33d82058545b1ed14f4c8206e,PerceptualSpeedIndex,twitter,True,twitter PerceptualSpeedIndex opt bytecode-cached cold fission webrender,,77,ms,firefox,451862581.0,1862379409,2024-03-14 20:43:56,577.2,6becfa99ec06b6016872ebe106c564d0be49ac10,1393288,,,,,,,,,,,,,,,,,,,,,,,,,,,,,,,,,,,,,,,,,,,,,,,,,,,,,,,,,,,,,TN,TN
autoland,4405952,13,ad8d5d1385265583919f5a224e1153902b6eef60,macosx1015-64-shippable-qr,True,False,,|b|y|t|e|c|o|d|e|-|c|a|c|h|e|d| |c|o|l|d| |f|i|s|s|i|o|n| |w|e|b|r|e|n|d|e|r|,102210fe594ee9b33d82058545b1ed14f4c8206e,PerceptualSpeedIndex,twitter,True,twitter PerceptualSpeedIndex opt bytecode-cached cold fission webrender,,77,ms,firefox,452117074.0,1863471806,2024-03-14 20:43:56,590.0,6becfa99ec06b6016872ebe106c564d0be49ac10,1393288,,,,,,,,,,,,,,,,,,,,,,,,,,,,,,,,,,,,,,,,,,,,,,,,,,,,,,,,,,,,,TN,TN
autoland,4405952,13,ad8d5d1385265583919f5a224e1153902b6eef60,macosx1015-64-shippable-qr,True,False,,|b|y|t|e|c|o|d|e|-|c|a|c|h|e|d| |c|o|l|d| |f|i|s|s|i|o|n| |w|e|b|r|e|n|d|e|r|,102210fe594ee9b33d82058545b1ed14f4c8206e,PerceptualSpeedIndex,twitter,True,twitter PerceptualSpeedIndex opt bytecode-cached cold fission webrender,,77,ms,firefox,452117075.0,1863471831,2024-03-14 20:43:56,578.9,6becfa99ec06b6016872ebe106c564d0be49ac10,1393288,,,,,,,,,,,,,,,,,,,,,,,,,,,,,,,,,,,,,,,,,,,,,,,,,,,,,,,,,,,,,TN,TN
autoland,4405952,13,ad8d5d1385265583919f5a224e1153902b6eef60,macosx1015-64-shippable-qr,True,False,,|b|y|t|e|c|o|d|e|-|c|a|c|h|e|d| |c|o|l|d| |f|i|s|s|i|o|n| |w|e|b|r|e|n|d|e|r|,102210fe594ee9b33d82058545b1ed14f4c8206e,PerceptualSpeedIndex,twitter,True,twitter PerceptualSpeedIndex opt bytecode-cached cold fission webrender,,77,ms,firefox,452140240.0,1863582851,2024-03-14 20:43:56,600.0,6becfa99ec06b6016872ebe106c564d0be49ac10,1393288,,,,,,,,,,,,,,,,,,,,,,,,,,,,,,,,,,,,,,,,,,,,,,,,,,,,,,,,,,,,,TN,TN
autoland,4405952,13,ad8d5d1385265583919f5a224e1153902b6eef60,macosx1015-64-shippable-qr,True,False,,|b|y|t|e|c|o|d|e|-|c|a|c|h|e|d| |c|o|l|d| |f|i|s|s|i|o|n| |w|e|b|r|e|n|d|e|r|,102210fe594ee9b33d82058545b1ed14f4c8206e,PerceptualSpeedIndex,twitter,True,twitter PerceptualSpeedIndex opt bytecode-cached cold fission webrender,,77,ms,firefox,452140265.0,1863583010,2024-03-14 20:43:56,627.2,6becfa99ec06b6016872ebe106c564d0be49ac10,1393288,,,,,,,,,,,,,,,,,,,,,,,,,,,,,,,,,,,,,,,,,,,,,,,,,,,,,,,,,,,,,TN,TN
autoland,4405952,13,ad8d5d1385265583919f5a224e1153902b6eef60,macosx1015-64-shippable-qr,True,False,,|b|y|t|e|c|o|d|e|-|c|a|c|h|e|d| |c|o|l|d| |f|i|s|s|i|o|n| |w|e|b|r|e|n|d|e|r|,102210fe594ee9b33d82058545b1ed14f4c8206e,PerceptualSpeedIndex,twitter,True,twitter PerceptualSpeedIndex opt bytecode-cached cold fission webrender,,77,ms,firefox,452140718.0,1863584553,2024-03-14 20:43:56,614.5,6becfa99ec06b6016872ebe106c564d0be49ac10,1393288,,,,,,,,,,,,,,,,,,,,,,,,,,,,,,,,,,,,,,,,,,,,,,,,,,,,,,,,,,,,,TN,TN
autoland,4405952,13,ad8d5d1385265583919f5a224e1153902b6eef60,macosx1015-64-shippable-qr,True,False,,|b|y|t|e|c|o|d|e|-|c|a|c|h|e|d| |c|o|l|d| |f|i|s|s|i|o|n| |w|e|b|r|e|n|d|e|r|,102210fe594ee9b33d82058545b1ed14f4c8206e,PerceptualSpeedIndex,twitter,True,twitter PerceptualSpeedIndex opt bytecode-cached cold fission webrender,,77,ms,firefox,450860395.0,1858340884,2024-03-14 20:45:39,614.3,02dd9b09a010712f21eedc050648369c27e2a8ef,1393290,,,,,,,,,,,,,,,,,,,,,,,,,,,,,,,,,,,,,,,,,,,,,,,,,,,,,,,,,,,,,TN,TN
autoland,4405952,13,ad8d5d1385265583919f5a224e1153902b6eef60,macosx1015-64-shippable-qr,True,False,,|b|y|t|e|c|o|d|e|-|c|a|c|h|e|d| |c|o|l|d| |f|i|s|s|i|o|n| |w|e|b|r|e|n|d|e|r|,102210fe594ee9b33d82058545b1ed14f4c8206e,PerceptualSpeedIndex,twitter,True,twitter PerceptualSpeedIndex opt bytecode-cached cold fission webrender,,77,ms,firefox,451862599.0,1862379585,2024-03-14 20:45:39,582.2,02dd9b09a010712f21eedc050648369c27e2a8ef,1393290,,,,,,,,,,,,,,,,,,,,,,,,,,,,,,,,,,,,,,,,,,,,,,,,,,,,,,,,,,,,,TN,TN
autoland,4405952,13,ad8d5d1385265583919f5a224e1153902b6eef60,macosx1015-64-shippable-qr,True,False,,|b|y|t|e|c|o|d|e|-|c|a|c|h|e|d| |c|o|l|d| |f|i|s|s|i|o|n| |w|e|b|r|e|n|d|e|r|,102210fe594ee9b33d82058545b1ed14f4c8206e,PerceptualSpeedIndex,twitter,True,twitter PerceptualSpeedIndex opt bytecode-cached cold fission webrender,,77,ms,firefox,452117085.0,1863471760,2024-03-14 20:45:39,618.5,02dd9b09a010712f21eedc050648369c27e2a8ef,1393290,,,,,,,,,,,,,,,,,,,,,,,,,,,,,,,,,,,,,,,,,,,,,,,,,,,,,,,,,,,,,TN,TN
autoland,4405952,13,ad8d5d1385265583919f5a224e1153902b6eef60,macosx1015-64-shippable-qr,True,False,,|b|y|t|e|c|o|d|e|-|c|a|c|h|e|d| |c|o|l|d| |f|i|s|s|i|o|n| |w|e|b|r|e|n|d|e|r|,102210fe594ee9b33d82058545b1ed14f4c8206e,PerceptualSpeedIndex,twitter,True,twitter PerceptualSpeedIndex opt bytecode-cached cold fission webrender,,77,ms,firefox,452117086.0,1863471783,2024-03-14 20:45:39,630.0,02dd9b09a010712f21eedc050648369c27e2a8ef,1393290,,,,,,,,,,,,,,,,,,,,,,,,,,,,,,,,,,,,,,,,,,,,,,,,,,,,,,,,,,,,,TN,TN
autoland,4405952,13,ad8d5d1385265583919f5a224e1153902b6eef60,macosx1015-64-shippable-qr,True,False,,|b|y|t|e|c|o|d|e|-|c|a|c|h|e|d| |c|o|l|d| |f|i|s|s|i|o|n| |w|e|b|r|e|n|d|e|r|,102210fe594ee9b33d82058545b1ed14f4c8206e,PerceptualSpeedIndex,twitter,True,twitter PerceptualSpeedIndex opt bytecode-cached cold fission webrender,,77,ms,firefox,450860173.0,1858338663,2024-03-14 20:46:30,651.1,65df374506551b71fd3759cdb913ccc38d3900ea,1393291,,,,,,,,,,,,,,,,,,,,,,,,,,,,,,,,,,,,,,,,,,,,,,,,,,,,,,,,,,,,,TN,TN
autoland,4405952,13,ad8d5d1385265583919f5a224e1153902b6eef60,macosx1015-64-shippable-qr,True,False,,|b|y|t|e|c|o|d|e|-|c|a|c|h|e|d| |c|o|l|d| |f|i|s|s|i|o|n| |w|e|b|r|e|n|d|e|r|,102210fe594ee9b33d82058545b1ed14f4c8206e,PerceptualSpeedIndex,twitter,True,twitter PerceptualSpeedIndex opt bytecode-cached cold fission webrender,,77,ms,firefox,451862596.0,1862380265,2024-03-14 20:46:30,594.9,65df374506551b71fd3759cdb913ccc38d3900ea,1393291,,,,,,,,,,,,,,,,,,,,,,,,,,,,,,,,,,,,,,,,,,,,,,,,,,,,,,,,,,,,,TN,TN
autoland,4405952,13,ad8d5d1385265583919f5a224e1153902b6eef60,macosx1015-64-shippable-qr,True,False,,|b|y|t|e|c|o|d|e|-|c|a|c|h|e|d| |c|o|l|d| |f|i|s|s|i|o|n| |w|e|b|r|e|n|d|e|r|,102210fe594ee9b33d82058545b1ed14f4c8206e,PerceptualSpeedIndex,twitter,True,twitter PerceptualSpeedIndex opt bytecode-cached cold fission webrender,,77,ms,firefox,452117078.0,1863472191,2024-03-14 20:46:30,663.2,65df374506551b71fd3759cdb913ccc38d3900ea,1393291,,,,,,,,,,,,,,,,,,,,,,,,,,,,,,,,,,,,,,,,,,,,,,,,,,,,,,,,,,,,,TN,TN
autoland,4405952,13,ad8d5d1385265583919f5a224e1153902b6eef60,macosx1015-64-shippable-qr,True,False,,|b|y|t|e|c|o|d|e|-|c|a|c|h|e|d| |c|o|l|d| |f|i|s|s|i|o|n| |w|e|b|r|e|n|d|e|r|,102210fe594ee9b33d82058545b1ed14f4c8206e,PerceptualSpeedIndex,twitter,True,twitter PerceptualSpeedIndex opt bytecode-cached cold fission webrender,,77,ms,firefox,452117079.0,1863472289,2024-03-14 20:46:30,671.8,65df374506551b71fd3759cdb913ccc38d3900ea,1393291,,,,,,,,,,,,,,,,,,,,,,,,,,,,,,,,,,,,,,,,,,,,,,,,,,,,,,,,,,,,,TN,TN
autoland,4405952,13,ad8d5d1385265583919f5a224e1153902b6eef60,macosx1015-64-shippable-qr,True,False,,|b|y|t|e|c|o|d|e|-|c|a|c|h|e|d| |c|o|l|d| |f|i|s|s|i|o|n| |w|e|b|r|e|n|d|e|r|,102210fe594ee9b33d82058545b1ed14f4c8206e,PerceptualSpeedIndex,twitter,True,twitter PerceptualSpeedIndex opt bytecode-cached cold fission webrender,,77,ms,firefox,452118068.0,1863477558,2024-03-14 20:46:30,576.3,65df374506551b71fd3759cdb913ccc38d3900ea,1393291,,,,,,,,,,,,,,,,,,,,,,,,,,,,,,,,,,,,,,,,,,,,,,,,,,,,,,,,,,,,,TN,TN
autoland,4405952,13,ad8d5d1385265583919f5a224e1153902b6eef60,macosx1015-64-shippable-qr,True,False,,|b|y|t|e|c|o|d|e|-|c|a|c|h|e|d| |c|o|l|d| |f|i|s|s|i|o|n| |w|e|b|r|e|n|d|e|r|,102210fe594ee9b33d82058545b1ed14f4c8206e,PerceptualSpeedIndex,twitter,True,twitter PerceptualSpeedIndex opt bytecode-cached cold fission webrender,,77,ms,firefox,452118069.0,1863477609,2024-03-14 20:46:30,566.9,65df374506551b71fd3759cdb913ccc38d3900ea,1393291,,,,,,,,,,,,,,,,,,,,,,,,,,,,,,,,,,,,,,,,,,,,,,,,,,,,,,,,,,,,,TN,TN
autoland,4405952,13,ad8d5d1385265583919f5a224e1153902b6eef60,macosx1015-64-shippable-qr,True,False,,|b|y|t|e|c|o|d|e|-|c|a|c|h|e|d| |c|o|l|d| |f|i|s|s|i|o|n| |w|e|b|r|e|n|d|e|r|,102210fe594ee9b33d82058545b1ed14f4c8206e,PerceptualSpeedIndex,twitter,True,twitter PerceptualSpeedIndex opt bytecode-cached cold fission webrender,,77,ms,firefox,452118070.0,1863477584,2024-03-14 20:46:30,577.9,65df374506551b71fd3759cdb913ccc38d3900ea,1393291,,,,,,,,,,,,,,,,,,,,,,,,,,,,,,,,,,,,,,,,,,,,,,,,,,,,,,,,,,,,,TN,TN
autoland,4405952,13,ad8d5d1385265583919f5a224e1153902b6eef60,macosx1015-64-shippable-qr,True,False,,|b|y|t|e|c|o|d|e|-|c|a|c|h|e|d| |c|o|l|d| |f|i|s|s|i|o|n| |w|e|b|r|e|n|d|e|r|,102210fe594ee9b33d82058545b1ed14f4c8206e,PerceptualSpeedIndex,twitter,True,twitter PerceptualSpeedIndex opt bytecode-cached cold fission webrender,,77,ms,firefox,452118254.0,1863478491,2024-03-14 20:46:30,575.6,65df374506551b71fd3759cdb913ccc38d3900ea,1393291,,,,,,,,,,,,,,,,,,,,,,,,,,,,,,,,,,,,,,,,,,,,,,,,,,,,,,,,,,,,,TN,TN
autoland,4405952,13,ad8d5d1385265583919f5a224e1153902b6eef60,macosx1015-64-shippable-qr,True,False,,|b|y|t|e|c|o|d|e|-|c|a|c|h|e|d| |c|o|l|d| |f|i|s|s|i|o|n| |w|e|b|r|e|n|d|e|r|,102210fe594ee9b33d82058545b1ed14f4c8206e,PerceptualSpeedIndex,twitter,True,twitter PerceptualSpeedIndex opt bytecode-cached cold fission webrender,,77,ms,firefox,452118255.0,1863478515,2024-03-14 20:46:30,564.7,65df374506551b71fd3759cdb913ccc38d3900ea,1393291,,,,,,,,,,,,,,,,,,,,,,,,,,,,,,,,,,,,,,,,,,,,,,,,,,,,,,,,,,,,,TN,TN
autoland,4405952,13,ad8d5d1385265583919f5a224e1153902b6eef60,macosx1015-64-shippable-qr,True,False,,|b|y|t|e|c|o|d|e|-|c|a|c|h|e|d| |c|o|l|d| |f|i|s|s|i|o|n| |w|e|b|r|e|n|d|e|r|,102210fe594ee9b33d82058545b1ed14f4c8206e,PerceptualSpeedIndex,twitter,True,twitter PerceptualSpeedIndex opt bytecode-cached cold fission webrender,,77,ms,firefox,451862597.0,1862380293,2024-03-14 20:47:27,607.2,4aafa3f8df2d114c339ecbbb31ec97cc28d9c6e5,1393292,,,,,,,,,,,,,,,,,,,,,,,,,,,,,,,,,,,,,,,,,,,,,,,,,,,,,,,,,,,,,TN,TN
autoland,4405952,13,ad8d5d1385265583919f5a224e1153902b6eef60,macosx1015-64-shippable-qr,True,False,,|b|y|t|e|c|o|d|e|-|c|a|c|h|e|d| |c|o|l|d| |f|i|s|s|i|o|n| |w|e|b|r|e|n|d|e|r|,102210fe594ee9b33d82058545b1ed14f4c8206e,PerceptualSpeedIndex,twitter,True,twitter PerceptualSpeedIndex opt bytecode-cached cold fission webrender,,77,ms,firefox,452117081.0,1863472336,2024-03-14 20:47:27,576.2,4aafa3f8df2d114c339ecbbb31ec97cc28d9c6e5,1393292,,,,,,,,,,,,,,,,,,,,,,,,,,,,,,,,,,,,,,,,,,,,,,,,,,,,,,,,,,,,,TN,TN
autoland,4405952,13,ad8d5d1385265583919f5a224e1153902b6eef60,macosx1015-64-shippable-qr,True,False,,|b|y|t|e|c|o|d|e|-|c|a|c|h|e|d| |c|o|l|d| |f|i|s|s|i|o|n| |w|e|b|r|e|n|d|e|r|,102210fe594ee9b33d82058545b1ed14f4c8206e,PerceptualSpeedIndex,twitter,True,twitter PerceptualSpeedIndex opt bytecode-cached cold fission webrender,,77,ms,firefox,452117083.0,1863472359,2024-03-14 20:47:27,575.6,4aafa3f8df2d114c339ecbbb31ec97cc28d9c6e5,1393292,,,,,,,,,,,,,,,,,,,,,,,,,,,,,,,,,,,,,,,,,,,,,,,,,,,,,,,,,,,,,TN,TN
autoland,4405952,13,ad8d5d1385265583919f5a224e1153902b6eef60,macosx1015-64-shippable-qr,True,False,,|b|y|t|e|c|o|d|e|-|c|a|c|h|e|d| |c|o|l|d| |f|i|s|s|i|o|n| |w|e|b|r|e|n|d|e|r|,102210fe594ee9b33d82058545b1ed14f4c8206e,PerceptualSpeedIndex,twitter,True,twitter PerceptualSpeedIndex opt bytecode-cached cold fission webrender,,77,ms,firefox,452118251.0,1863478415,2024-03-14 20:47:27,573.3,4aafa3f8df2d114c339ecbbb31ec97cc28d9c6e5,1393292,,,,,,,,,,,,,,,,,,,,,,,,,,,,,,,,,,,,,,,,,,,,,,,,,,,,,,,,,,,,,TN,TN
autoland,4405952,13,ad8d5d1385265583919f5a224e1153902b6eef60,macosx1015-64-shippable-qr,True,False,,|b|y|t|e|c|o|d|e|-|c|a|c|h|e|d| |c|o|l|d| |f|i|s|s|i|o|n| |w|e|b|r|e|n|d|e|r|,102210fe594ee9b33d82058545b1ed14f4c8206e,PerceptualSpeedIndex,twitter,True,twitter PerceptualSpeedIndex opt bytecode-cached cold fission webrender,,77,ms,firefox,452118252.0,1863478462,2024-03-14 20:47:27,584.8,4aafa3f8df2d114c339ecbbb31ec97cc28d9c6e5,1393292,,,,,,,,,,,,,,,,,,,,,,,,,,,,,,,,,,,,,,,,,,,,,,,,,,,,,,,,,,,,,TN,TN
autoland,4405952,13,ad8d5d1385265583919f5a224e1153902b6eef60,macosx1015-64-shippable-qr,True,False,,|b|y|t|e|c|o|d|e|-|c|a|c|h|e|d| |c|o|l|d| |f|i|s|s|i|o|n| |w|e|b|r|e|n|d|e|r|,102210fe594ee9b33d82058545b1ed14f4c8206e,PerceptualSpeedIndex,twitter,True,twitter PerceptualSpeedIndex opt bytecode-cached cold fission webrender,,77,ms,firefox,452118253.0,1863478798,2024-03-14 20:47:27,588.3,4aafa3f8df2d114c339ecbbb31ec97cc28d9c6e5,1393292,,,,,,,,,,,,,,,,,,,,,,,,,,,,,,,,,,,,,,,,,,,,,,,,,,,,,,,,,,,,,TN,TN
autoland,4405952,13,ad8d5d1385265583919f5a224e1153902b6eef60,macosx1015-64-shippable-qr,True,False,,|b|y|t|e|c|o|d|e|-|c|a|c|h|e|d| |c|o|l|d| |f|i|s|s|i|o|n| |w|e|b|r|e|n|d|e|r|,102210fe594ee9b33d82058545b1ed14f4c8206e,PerceptualSpeedIndex,twitter,True,twitter PerceptualSpeedIndex opt bytecode-cached cold fission webrender,,77,ms,firefox,451862602.0,1862380242,2024-03-14 20:48:19,647.7,763032da4fc34b77771e2ab90f9c00c25a8178bb,1393293,,,,,,,,,,,,,,,,,,,,,,,,,,,,,,,,,,,,,,,,,,,,,,,,,,,,,,,,,,,,,TN,TN
autoland,4405952,13,ad8d5d1385265583919f5a224e1153902b6eef60,macosx1015-64-shippable-qr,True,False,,|b|y|t|e|c|o|d|e|-|c|a|c|h|e|d| |c|o|l|d| |f|i|s|s|i|o|n| |w|e|b|r|e|n|d|e|r|,102210fe594ee9b33d82058545b1ed14f4c8206e,PerceptualSpeedIndex,twitter,True,twitter PerceptualSpeedIndex opt bytecode-cached cold fission webrender,,77,ms,firefox,452117082.0,1863472481,2024-03-14 20:48:19,652.5,763032da4fc34b77771e2ab90f9c00c25a8178bb,1393293,,,,,,,,,,,,,,,,,,,,,,,,,,,,,,,,,,,,,,,,,,,,,,,,,,,,,,,,,,,,,TN,TN
autoland,4405952,13,ad8d5d1385265583919f5a224e1153902b6eef60,macosx1015-64-shippable-qr,True,False,,|b|y|t|e|c|o|d|e|-|c|a|c|h|e|d| |c|o|l|d| |f|i|s|s|i|o|n| |w|e|b|r|e|n|d|e|r|,102210fe594ee9b33d82058545b1ed14f4c8206e,PerceptualSpeedIndex,twitter,True,twitter PerceptualSpeedIndex opt bytecode-cached cold fission webrender,,77,ms,firefox,452117084.0,1863472553,2024-03-14 20:48:19,587.9,763032da4fc34b77771e2ab90f9c00c25a8178bb,1393293,,,,,,,,,,,,,,,,,,,,,,,,,,,,,,,,,,,,,,,,,,,,,,,,,,,,,,,,,,,,,TN,TN
autoland,4405952,13,ad8d5d1385265583919f5a224e1153902b6eef60,macosx1015-64-shippable-qr,True,False,,|b|y|t|e|c|o|d|e|-|c|a|c|h|e|d| |c|o|l|d| |f|i|s|s|i|o|n| |w|e|b|r|e|n|d|e|r|,102210fe594ee9b33d82058545b1ed14f4c8206e,PerceptualSpeedIndex,twitter,True,twitter PerceptualSpeedIndex opt bytecode-cached cold fission webrender,,77,ms,firefox,451862603.0,1862380334,2024-03-14 20:49:11,588.9,45479c42ced9e048a32e2b1f410788b7602ac63c,1393294,,,,,,,,,,,,,,,,,,,,,,,,,,,,,,,,,,,,,,,,,,,,,,,,,,,,,,,,,,,,,TN,TN
autoland,4405952,13,ad8d5d1385265583919f5a224e1153902b6eef60,macosx1015-64-shippable-qr,True,False,,|b|y|t|e|c|o|d|e|-|c|a|c|h|e|d| |c|o|l|d| |f|i|s|s|i|o|n| |w|e|b|r|e|n|d|e|r|,102210fe594ee9b33d82058545b1ed14f4c8206e,PerceptualSpeedIndex,twitter,True,twitter PerceptualSpeedIndex opt bytecode-cached cold fission webrender,,77,ms,firefox,452117077.0,1863472266,2024-03-14 20:49:11,571.0,45479c42ced9e048a32e2b1f410788b7602ac63c,1393294,,,,,,,,,,,,,,,,,,,,,,,,,,,,,,,,,,,,,,,,,,,,,,,,,,,,,,,,,,,,,TN,TN
autoland,4405952,13,ad8d5d1385265583919f5a224e1153902b6eef60,macosx1015-64-shippable-qr,True,False,,|b|y|t|e|c|o|d|e|-|c|a|c|h|e|d| |c|o|l|d| |f|i|s|s|i|o|n| |w|e|b|r|e|n|d|e|r|,102210fe594ee9b33d82058545b1ed14f4c8206e,PerceptualSpeedIndex,twitter,True,twitter PerceptualSpeedIndex opt bytecode-cached cold fission webrender,,77,ms,firefox,452117080.0,1863472089,2024-03-14 20:49:11,635.7,45479c42ced9e048a32e2b1f410788b7602ac63c,1393294,,,,,,,,,,,,,,,,,,,,,,,,,,,,,,,,,,,,,,,,,,,,,,,,,,,,,,,,,,,,,TN,TN
autoland,4405952,13,ad8d5d1385265583919f5a224e1153902b6eef60,macosx1015-64-shippable-qr,True,False,,|b|y|t|e|c|o|d|e|-|c|a|c|h|e|d| |c|o|l|d| |f|i|s|s|i|o|n| |w|e|b|r|e|n|d|e|r|,102210fe594ee9b33d82058545b1ed14f4c8206e,PerceptualSpeedIndex,twitter,True,twitter PerceptualSpeedIndex opt bytecode-cached cold fission webrender,,77,ms,firefox,452118624.0,1863481046,2024-03-14 20:49:11,578.3,45479c42ced9e048a32e2b1f410788b7602ac63c,1393294,,,,,,,,,,,,,,,,,,,,,,,,,,,,,,,,,,,,,,,,,,,,,,,,,,,,,,,,,,,,,TN,TN
autoland,4405952,13,ad8d5d1385265583919f5a224e1153902b6eef60,macosx1015-64-shippable-qr,True,False,,|b|y|t|e|c|o|d|e|-|c|a|c|h|e|d| |c|o|l|d| |f|i|s|s|i|o|n| |w|e|b|r|e|n|d|e|r|,102210fe594ee9b33d82058545b1ed14f4c8206e,PerceptualSpeedIndex,twitter,True,twitter PerceptualSpeedIndex opt bytecode-cached cold fission webrender,,77,ms,firefox,452118625.0,1863481087,2024-03-14 20:49:11,568.2,45479c42ced9e048a32e2b1f410788b7602ac63c,1393294,,,,,,,,,,,,,,,,,,,,,,,,,,,,,,,,,,,,,,,,,,,,,,,,,,,,,,,,,,,,,TN,TN
autoland,4405952,13,ad8d5d1385265583919f5a224e1153902b6eef60,macosx1015-64-shippable-qr,True,False,,|b|y|t|e|c|o|d|e|-|c|a|c|h|e|d| |c|o|l|d| |f|i|s|s|i|o|n| |w|e|b|r|e|n|d|e|r|,102210fe594ee9b33d82058545b1ed14f4c8206e,PerceptualSpeedIndex,twitter,True,twitter PerceptualSpeedIndex opt bytecode-cached cold fission webrender,,77,ms,firefox,452118626.0,1863481199,2024-03-14 20:49:11,588.4,45479c42ced9e048a32e2b1f410788b7602ac63c,1393294,,,,,,,,,,,,,,,,,,,,,,,,,,,,,,,,,,,,,,,,,,,,,,,,,,,,,,,,,,,,,TN,TN
autoland,4405952,13,ad8d5d1385265583919f5a224e1153902b6eef60,macosx1015-64-shippable-qr,True,False,,|b|y|t|e|c|o|d|e|-|c|a|c|h|e|d| |c|o|l|d| |f|i|s|s|i|o|n| |w|e|b|r|e|n|d|e|r|,102210fe594ee9b33d82058545b1ed14f4c8206e,PerceptualSpeedIndex,twitter,True,twitter PerceptualSpeedIndex opt bytecode-cached cold fission webrender,,77,ms,firefox,452118657.0,1863481139,2024-03-14 20:49:11,594.7,45479c42ced9e048a32e2b1f410788b7602ac63c,1393294,,,,,,,,,,,,,,,,,,,,,,,,,,,,,,,,,,,,,,,,,,,,,,,,,,,,,,,,,,,,,TN,TN
autoland,4405952,13,ad8d5d1385265583919f5a224e1153902b6eef60,macosx1015-64-shippable-qr,True,False,,|b|y|t|e|c|o|d|e|-|c|a|c|h|e|d| |c|o|l|d| |f|i|s|s|i|o|n| |w|e|b|r|e|n|d|e|r|,102210fe594ee9b33d82058545b1ed14f4c8206e,PerceptualSpeedIndex,twitter,True,twitter PerceptualSpeedIndex opt bytecode-cached cold fission webrender,,77,ms,firefox,452118658.0,1863481038,2024-03-14 20:49:11,628.6,45479c42ced9e048a32e2b1f410788b7602ac63c,1393294,,,,,,,,,,,,,,,,,,,,,,,,,,,,,,,,,,,,,,,,,,,,,,,,,,,,,,,,,,,,,TN,TN
autoland,4405952,13,ad8d5d1385265583919f5a224e1153902b6eef60,macosx1015-64-shippable-qr,True,False,,|b|y|t|e|c|o|d|e|-|c|a|c|h|e|d| |c|o|l|d| |f|i|s|s|i|o|n| |w|e|b|r|e|n|d|e|r|,102210fe594ee9b33d82058545b1ed14f4c8206e,PerceptualSpeedIndex,twitter,True,twitter PerceptualSpeedIndex opt bytecode-cached cold fission webrender,,77,ms,firefox,452118659.0,1863481113,2024-03-14 20:49:11,574.1,45479c42ced9e048a32e2b1f410788b7602ac63c,1393294,,,,,,,,,,,,,,,,,,,,,,,,,,,,,,,,,,,,,,,,,,,,,,,,,,,,,,,,,,,,,TN,TN
autoland,4405952,13,ad8d5d1385265583919f5a224e1153902b6eef60,macosx1015-64-shippable-qr,True,False,,|b|y|t|e|c|o|d|e|-|c|a|c|h|e|d| |c|o|l|d| |f|i|s|s|i|o|n| |w|e|b|r|e|n|d|e|r|,102210fe594ee9b33d82058545b1ed14f4c8206e,PerceptualSpeedIndex,twitter,True,twitter PerceptualSpeedIndex opt bytecode-cached cold fission webrender,,77,ms,firefox,451862607.0,1862380366,2024-03-14 20:50:01,650.6,4f9493a15fc3d28baff0e5b7cba3e41c8c23aa21,1393295,,,,,,,,,,,,,,,,,,,,,,,,,,,,,,,,,,,,,,,,,,,,,,,,,,,,,,,,,,,,,TN,TN
autoland,4405952,13,ad8d5d1385265583919f5a224e1153902b6eef60,macosx1015-64-shippable-qr,True,False,,|b|y|t|e|c|o|d|e|-|c|a|c|h|e|d| |c|o|l|d| |f|i|s|s|i|o|n| |w|e|b|r|e|n|d|e|r|,102210fe594ee9b33d82058545b1ed14f4c8206e,PerceptualSpeedIndex,twitter,True,twitter PerceptualSpeedIndex opt bytecode-cached cold fission webrender,,77,ms,firefox,452117087.0,1863472428,2024-03-14 20:50:01,574.5,4f9493a15fc3d28baff0e5b7cba3e41c8c23aa21,1393295,,,,,,,,,,,,,,,,,,,,,,,,,,,,,,,,,,,,,,,,,,,,,,,,,,,,,,,,,,,,,TN,TN
autoland,4405952,13,ad8d5d1385265583919f5a224e1153902b6eef60,macosx1015-64-shippable-qr,True,False,,|b|y|t|e|c|o|d|e|-|c|a|c|h|e|d| |c|o|l|d| |f|i|s|s|i|o|n| |w|e|b|r|e|n|d|e|r|,102210fe594ee9b33d82058545b1ed14f4c8206e,PerceptualSpeedIndex,twitter,True,twitter PerceptualSpeedIndex opt bytecode-cached cold fission webrender,,77,ms,firefox,452117088.0,1863472382,2024-03-14 20:50:01,583.8,4f9493a15fc3d28baff0e5b7cba3e41c8c23aa21,1393295,,,,,,,,,,,,,,,,,,,,,,,,,,,,,,,,,,,,,,,,,,,,,,,,,,,,,,,,,,,,,TN,TN
autoland,4405952,13,ad8d5d1385265583919f5a224e1153902b6eef60,macosx1015-64-shippable-qr,True,False,,|b|y|t|e|c|o|d|e|-|c|a|c|h|e|d| |c|o|l|d| |f|i|s|s|i|o|n| |w|e|b|r|e|n|d|e|r|,102210fe594ee9b33d82058545b1ed14f4c8206e,PerceptualSpeedIndex,twitter,True,twitter PerceptualSpeedIndex opt bytecode-cached cold fission webrender,,77,ms,firefox,450846651.0,1858165385,2024-03-14 21:51:03,585.5,278273f1c1fdca23ad419f0bd277a616aa240d1e,1393332,,,,,,,,,,,,,,,,,,,,,,,,,,,,,,,,,,,,,,,,,,,,,,,,,,,,,,,,,,,,,TN,TN
autoland,4405952,13,ad8d5d1385265583919f5a224e1153902b6eef60,macosx1015-64-shippable-qr,True,False,,|b|y|t|e|c|o|d|e|-|c|a|c|h|e|d| |c|o|l|d| |f|i|s|s|i|o|n| |w|e|b|r|e|n|d|e|r|,102210fe594ee9b33d82058545b1ed14f4c8206e,PerceptualSpeedIndex,twitter,True,twitter PerceptualSpeedIndex opt bytecode-cached cold fission webrender,,77,ms,firefox,452117202.0,1863473042,2024-03-14 21:51:03,645.2,278273f1c1fdca23ad419f0bd277a616aa240d1e,1393332,,,,,,,,,,,,,,,,,,,,,,,,,,,,,,,,,,,,,,,,,,,,,,,,,,,,,,,,,,,,,TN,TN
autoland,4405952,13,ad8d5d1385265583919f5a224e1153902b6eef60,macosx1015-64-shippable-qr,True,False,,|b|y|t|e|c|o|d|e|-|c|a|c|h|e|d| |c|o|l|d| |f|i|s|s|i|o|n| |w|e|b|r|e|n|d|e|r|,102210fe594ee9b33d82058545b1ed14f4c8206e,PerceptualSpeedIndex,twitter,True,twitter PerceptualSpeedIndex opt bytecode-cached cold fission webrender,,77,ms,firefox,452117203.0,1863473103,2024-03-14 21:51:03,641.3,278273f1c1fdca23ad419f0bd277a616aa240d1e,1393332,,,,,,,,,,,,,,,,,,,,,,,,,,,,,,,,,,,,,,,,,,,,,,,,,,,,,,,,,,,,,TN,TN
autoland,4405952,13,ad8d5d1385265583919f5a224e1153902b6eef60,macosx1015-64-shippable-qr,True,False,,|b|y|t|e|c|o|d|e|-|c|a|c|h|e|d| |c|o|l|d| |f|i|s|s|i|o|n| |w|e|b|r|e|n|d|e|r|,102210fe594ee9b33d82058545b1ed14f4c8206e,PerceptualSpeedIndex,twitter,True,twitter PerceptualSpeedIndex opt bytecode-cached cold fission webrender,,77,ms,firefox,452117204.0,1863473126,2024-03-14 21:51:03,593.2,278273f1c1fdca23ad419f0bd277a616aa240d1e,1393332,,,,,,,,,,,,,,,,,,,,,,,,,,,,,,,,,,,,,,,,,,,,,,,,,,,,,,,,,,,,,TN,TN
autoland,4405952,13,ad8d5d1385265583919f5a224e1153902b6eef60,macosx1015-64-shippable-qr,True,False,,|b|y|t|e|c|o|d|e|-|c|a|c|h|e|d| |c|o|l|d| |f|i|s|s|i|o|n| |w|e|b|r|e|n|d|e|r|,102210fe594ee9b33d82058545b1ed14f4c8206e,PerceptualSpeedIndex,twitter,True,twitter PerceptualSpeedIndex opt bytecode-cached cold fission webrender,,77,ms,firefox,452117205.0,1863473195,2024-03-14 21:51:03,575.2,278273f1c1fdca23ad419f0bd277a616aa240d1e,1393332,,,,,,,,,,,,,,,,,,,,,,,,,,,,,,,,,,,,,,,,,,,,,,,,,,,,,,,,,,,,,TN,TN
autoland,4405952,13,ad8d5d1385265583919f5a224e1153902b6eef60,macosx1015-64-shippable-qr,True,False,,|b|y|t|e|c|o|d|e|-|c|a|c|h|e|d| |c|o|l|d| |f|i|s|s|i|o|n| |w|e|b|r|e|n|d|e|r|,102210fe594ee9b33d82058545b1ed14f4c8206e,PerceptualSpeedIndex,twitter,True,twitter PerceptualSpeedIndex opt bytecode-cached cold fission webrender,,77,ms,firefox,452146526.0,1863632065,2024-03-14 21:51:03,586.4,278273f1c1fdca23ad419f0bd277a616aa240d1e,1393332,,,,,,,,,,,,,,,,,,,,,,,,,,,,,,,,,,,,,,,,,,,,,,,,,,,,,,,,,,,,,TN,TN
autoland,4405952,13,ad8d5d1385265583919f5a224e1153902b6eef60,macosx1015-64-shippable-qr,True,False,,|b|y|t|e|c|o|d|e|-|c|a|c|h|e|d| |c|o|l|d| |f|i|s|s|i|o|n| |w|e|b|r|e|n|d|e|r|,102210fe594ee9b33d82058545b1ed14f4c8206e,PerceptualSpeedIndex,twitter,True,twitter PerceptualSpeedIndex opt bytecode-cached cold fission webrender,,77,ms,firefox,452146616.0,1863632598,2024-03-14 22:20:08,656.9,c23cf6deede38f8c97dc6dc9b36b9afefe5b5010,1393354,,,,,,,,,,,,,,,,,,,,,,,,,,,,,,,,,,,,,,,,,,,,,,,,,,,,,,,,,,,,,TN,TN
autoland,4405952,13,ad8d5d1385265583919f5a224e1153902b6eef60,macosx1015-64-shippable-qr,True,False,,|b|y|t|e|c|o|d|e|-|c|a|c|h|e|d| |c|o|l|d| |f|i|s|s|i|o|n| |w|e|b|r|e|n|d|e|r|,102210fe594ee9b33d82058545b1ed14f4c8206e,PerceptualSpeedIndex,twitter,True,twitter PerceptualSpeedIndex opt bytecode-cached cold fission webrender,,77,ms,firefox,450848698.0,1858191740,2024-03-15 00:00:33,581.0,e18af9ec05f36a6f63a2e3889d5bc27f11be4267,1393414,,,,,,,,,,,,,,,,,,,,,,,,,,,,,,,,,,,,,,,,,,,,,,,,,,,,,,,,,,,,,TN,TN
autoland,4405952,13,ad8d5d1385265583919f5a224e1153902b6eef60,macosx1015-64-shippable-qr,True,False,,|b|y|t|e|c|o|d|e|-|c|a|c|h|e|d| |c|o|l|d| |f|i|s|s|i|o|n| |w|e|b|r|e|n|d|e|r|,102210fe594ee9b33d82058545b1ed14f4c8206e,PerceptualSpeedIndex,twitter,True,twitter PerceptualSpeedIndex opt bytecode-cached cold fission webrender,,77,ms,firefox,452146160.0,1863631956,2024-03-15 00:00:33,572.7,e18af9ec05f36a6f63a2e3889d5bc27f11be4267,1393414,,,,,,,,,,,,,,,,,,,,,,,,,,,,,,,,,,,,,,,,,,,,,,,,,,,,,,,,,,,,,TN,TN
autoland,4405952,13,ad8d5d1385265583919f5a224e1153902b6eef60,macosx1015-64-shippable-qr,True,False,,|b|y|t|e|c|o|d|e|-|c|a|c|h|e|d| |c|o|l|d| |f|i|s|s|i|o|n| |w|e|b|r|e|n|d|e|r|,102210fe594ee9b33d82058545b1ed14f4c8206e,PerceptualSpeedIndex,twitter,True,twitter PerceptualSpeedIndex opt bytecode-cached cold fission webrender,,77,ms,firefox,452146161.0,1863632027,2024-03-15 00:00:33,579.3,e18af9ec05f36a6f63a2e3889d5bc27f11be4267,1393414,,,,,,,,,,,,,,,,,,,,,,,,,,,,,,,,,,,,,,,,,,,,,,,,,,,,,,,,,,,,,TN,TN
autoland,4405952,13,ad8d5d1385265583919f5a224e1153902b6eef60,macosx1015-64-shippable-qr,True,False,,|b|y|t|e|c|o|d|e|-|c|a|c|h|e|d| |c|o|l|d| |f|i|s|s|i|o|n| |w|e|b|r|e|n|d|e|r|,102210fe594ee9b33d82058545b1ed14f4c8206e,PerceptualSpeedIndex,twitter,True,twitter PerceptualSpeedIndex opt bytecode-cached cold fission webrender,,77,ms,firefox,452146164.0,1863632091,2024-03-15 00:00:33,588.9,e18af9ec05f36a6f63a2e3889d5bc27f11be4267,1393414,,,,,,,,,,,,,,,,,,,,,,,,,,,,,,,,,,,,,,,,,,,,,,,,,,,,,,,,,,,,,TN,TN
autoland,4405952,13,ad8d5d1385265583919f5a224e1153902b6eef60,macosx1015-64-shippable-qr,True,False,,|b|y|t|e|c|o|d|e|-|c|a|c|h|e|d| |c|o|l|d| |f|i|s|s|i|o|n| |w|e|b|r|e|n|d|e|r|,102210fe594ee9b33d82058545b1ed14f4c8206e,PerceptualSpeedIndex,twitter,True,twitter PerceptualSpeedIndex opt bytecode-cached cold fission webrender,,77,ms,firefox,450980042.0,1858864586,2024-03-15 00:02:35,601.1,be3fca116905314a5c3ce1953ed6d67269b2ea13,1393418,,,,,,,,,,,,,,,,,,,,,,,,,,,,,,,,,,,,,,,,,,,,,,,,,,,,,,,,,,,,,TN,TN
autoland,4405952,13,ad8d5d1385265583919f5a224e1153902b6eef60,macosx1015-64-shippable-qr,True,False,,|b|y|t|e|c|o|d|e|-|c|a|c|h|e|d| |c|o|l|d| |f|i|s|s|i|o|n| |w|e|b|r|e|n|d|e|r|,102210fe594ee9b33d82058545b1ed14f4c8206e,PerceptualSpeedIndex,twitter,True,twitter PerceptualSpeedIndex opt bytecode-cached cold fission webrender,,77,ms,firefox,450980515.0,1858874825,2024-03-15 00:03:24,578.4,a4b18fc0529b53bf1ce429dbb5bc790ea118db90,1393419,,,,,,,,,,,,,,,,,,,,,,,,,,,,,,,,,,,,,,,,,,,,,,,,,,,,,,,,,,,,,TN,TN
autoland,4405952,13,ad8d5d1385265583919f5a224e1153902b6eef60,macosx1015-64-shippable-qr,True,False,,|b|y|t|e|c|o|d|e|-|c|a|c|h|e|d| |c|o|l|d| |f|i|s|s|i|o|n| |w|e|b|r|e|n|d|e|r|,102210fe594ee9b33d82058545b1ed14f4c8206e,PerceptualSpeedIndex,twitter,True,twitter PerceptualSpeedIndex opt bytecode-cached cold fission webrender,,77,ms,firefox,450863802.0,1858367824,2024-03-15 06:02:39,564.7,0eb2b661743e4b5d2ed6cf61116bc5ade9da405b,1393511,,,,,,,,,,,,,,,,,,,,,,,,,,,,,,,,,,,,,,,,,,,,,,,,,,,,,,,,,,,,,TN,TN
autoland,4405952,13,ad8d5d1385265583919f5a224e1153902b6eef60,macosx1015-64-shippable-qr,True,False,,|b|y|t|e|c|o|d|e|-|c|a|c|h|e|d| |c|o|l|d| |f|i|s|s|i|o|n| |w|e|b|r|e|n|d|e|r|,102210fe594ee9b33d82058545b1ed14f4c8206e,PerceptualSpeedIndex,twitter,True,twitter PerceptualSpeedIndex opt bytecode-cached cold fission webrender,,77,ms,firefox,450887021.0,1858474690,2024-03-15 09:39:32,569.3,02d8b0bd788352c236ca20d0163498e5ee3faa07,1393552,,,,,,,,,,,,,,,,,,,,,,,,,,,,,,,,,,,,,,,,,,,,,,,,,,,,,,,,,,,,,TN,TN
autoland,4405952,13,ad8d5d1385265583919f5a224e1153902b6eef60,macosx1015-64-shippable-qr,True,False,,|b|y|t|e|c|o|d|e|-|c|a|c|h|e|d| |c|o|l|d| |f|i|s|s|i|o|n| |w|e|b|r|e|n|d|e|r|,102210fe594ee9b33d82058545b1ed14f4c8206e,PerceptualSpeedIndex,twitter,True,twitter PerceptualSpeedIndex opt bytecode-cached cold fission webrender,,77,ms,firefox,450909442.0,1858563869,2024-03-15 14:14:34,579.2,4b69d32113781e4489234ce2c9cf8f5b5dcbce5a,1393636,,,,,,,,,,,,,,,,,,,,,,,,,,,,,,,,,,,,,,,,,,,,,,,,,,,,,,,,,,,,,TN,TN
autoland,4405952,13,ad8d5d1385265583919f5a224e1153902b6eef60,macosx1015-64-shippable-qr,True,False,,|b|y|t|e|c|o|d|e|-|c|a|c|h|e|d| |c|o|l|d| |f|i|s|s|i|o|n| |w|e|b|r|e|n|d|e|r|,102210fe594ee9b33d82058545b1ed14f4c8206e,PerceptualSpeedIndex,twitter,True,twitter PerceptualSpeedIndex opt bytecode-cached cold fission webrender,,77,ms,firefox,450925511.0,1858624584,2024-03-15 16:14:11,580.9,eff5ebeb21a902d6ed24f356b4a4b41e89ff1172,1393715,,,,,,,,,,,,,,,,,,,,,,,,,,,,,,,,,,,,,,,,,,,,,,,,,,,,,,,,,,,,,TN,TN
autoland,4405952,13,ad8d5d1385265583919f5a224e1153902b6eef60,macosx1015-64-shippable-qr,True,False,,|b|y|t|e|c|o|d|e|-|c|a|c|h|e|d| |c|o|l|d| |f|i|s|s|i|o|n| |w|e|b|r|e|n|d|e|r|,102210fe594ee9b33d82058545b1ed14f4c8206e,PerceptualSpeedIndex,twitter,True,twitter PerceptualSpeedIndex opt bytecode-cached cold fission webrender,,77,ms,firefox,450969085.0,1858799473,2024-03-15 20:55:49,582.4,f4367b1826eb51a4bbcde0cd6ae1a5b1644115d0,1393941,,,,,,,,,,,,,,,,,,,,,,,,,,,,,,,,,,,,,,,,,,,,,,,,,,,,,,,,,,,,,TN,TN
autoland,4405952,13,ad8d5d1385265583919f5a224e1153902b6eef60,macosx1015-64-shippable-qr,True,False,,|b|y|t|e|c|o|d|e|-|c|a|c|h|e|d| |c|o|l|d| |f|i|s|s|i|o|n| |w|e|b|r|e|n|d|e|r|,102210fe594ee9b33d82058545b1ed14f4c8206e,PerceptualSpeedIndex,twitter,True,twitter PerceptualSpeedIndex opt bytecode-cached cold fission webrender,,77,ms,firefox,450975272.0,1858830967,2024-03-16 01:29:19,567.4,bbe046e25d1447071e399f377b669bbe9cbf3bf3,1394036,,,,,,,,,,,,,,,,,,,,,,,,,,,,,,,,,,,,,,,,,,,,,,,,,,,,,,,,,,,,,TN,TN
autoland,4405952,13,ad8d5d1385265583919f5a224e1153902b6eef60,macosx1015-64-shippable-qr,True,False,,|b|y|t|e|c|o|d|e|-|c|a|c|h|e|d| |c|o|l|d| |f|i|s|s|i|o|n| |w|e|b|r|e|n|d|e|r|,102210fe594ee9b33d82058545b1ed14f4c8206e,PerceptualSpeedIndex,twitter,True,twitter PerceptualSpeedIndex opt bytecode-cached cold fission webrender,,77,ms,firefox,452147100.0,1863633545,2024-03-16 01:29:19,564.9,bbe046e25d1447071e399f377b669bbe9cbf3bf3,1394036,,,,,,,,,,,,,,,,,,,,,,,,,,,,,,,,,,,,,,,,,,,,,,,,,,,,,,,,,,,,,TN,TN
autoland,4405952,13,ad8d5d1385265583919f5a224e1153902b6eef60,macosx1015-64-shippable-qr,True,False,,|b|y|t|e|c|o|d|e|-|c|a|c|h|e|d| |c|o|l|d| |f|i|s|s|i|o|n| |w|e|b|r|e|n|d|e|r|,102210fe594ee9b33d82058545b1ed14f4c8206e,PerceptualSpeedIndex,twitter,True,twitter PerceptualSpeedIndex opt bytecode-cached cold fission webrender,,77,ms,firefox,452147106.0,1863633311,2024-03-16 01:29:19,592.1,bbe046e25d1447071e399f377b669bbe9cbf3bf3,1394036,,,,,,,,,,,,,,,,,,,,,,,,,,,,,,,,,,,,,,,,,,,,,,,,,,,,,,,,,,,,,TN,TN
autoland,4405952,13,ad8d5d1385265583919f5a224e1153902b6eef60,macosx1015-64-shippable-qr,True,False,,|b|y|t|e|c|o|d|e|-|c|a|c|h|e|d| |c|o|l|d| |f|i|s|s|i|o|n| |w|e|b|r|e|n|d|e|r|,102210fe594ee9b33d82058545b1ed14f4c8206e,PerceptualSpeedIndex,twitter,True,twitter PerceptualSpeedIndex opt bytecode-cached cold fission webrender,,77,ms,firefox,452147124.0,1863635059,2024-03-16 01:29:19,594.3,bbe046e25d1447071e399f377b669bbe9cbf3bf3,1394036,,,,,,,,,,,,,,,,,,,,,,,,,,,,,,,,,,,,,,,,,,,,,,,,,,,,,,,,,,,,,TN,TN
autoland,4405952,13,ad8d5d1385265583919f5a224e1153902b6eef60,macosx1015-64-shippable-qr,True,False,,|b|y|t|e|c|o|d|e|-|c|a|c|h|e|d| |c|o|l|d| |f|i|s|s|i|o|n| |w|e|b|r|e|n|d|e|r|,102210fe594ee9b33d82058545b1ed14f4c8206e,PerceptualSpeedIndex,twitter,True,twitter PerceptualSpeedIndex opt bytecode-cached cold fission webrender,,77,ms,firefox,452147129.0,1863633817,2024-03-16 01:29:19,588.2,bbe046e25d1447071e399f377b669bbe9cbf3bf3,1394036,,,,,,,,,,,,,,,,,,,,,,,,,,,,,,,,,,,,,,,,,,,,,,,,,,,,,,,,,,,,,TN,TN
autoland,4405952,13,ad8d5d1385265583919f5a224e1153902b6eef60,macosx1015-64-shippable-qr,True,False,,|b|y|t|e|c|o|d|e|-|c|a|c|h|e|d| |c|o|l|d| |f|i|s|s|i|o|n| |w|e|b|r|e|n|d|e|r|,102210fe594ee9b33d82058545b1ed14f4c8206e,PerceptualSpeedIndex,twitter,True,twitter PerceptualSpeedIndex opt bytecode-cached cold fission webrender,,77,ms,firefox,450981435.0,1858884055,2024-03-16 06:01:10,578.9,a7134d792577d5d0529bf81b769c32138f7bb0c0,1394058,,,,,,,,,,,,,,,,,,,,,,,,,,,,,,,,,,,,,,,,,,,,,,,,,,,,,,,,,,,,,TN,TN
autoland,4405952,13,ad8d5d1385265583919f5a224e1153902b6eef60,macosx1015-64-shippable-qr,True,False,,|b|y|t|e|c|o|d|e|-|c|a|c|h|e|d| |c|o|l|d| |f|i|s|s|i|o|n| |w|e|b|r|e|n|d|e|r|,102210fe594ee9b33d82058545b1ed14f4c8206e,PerceptualSpeedIndex,twitter,True,twitter PerceptualSpeedIndex opt bytecode-cached cold fission webrender,,77,ms,firefox,451015809.0,1859000859,2024-03-16 15:16:53,595.2,a65344e02551e44aca46a84016a3a07cce9d23e6,1394103,,,,,,,,,,,,,,,,,,,,,,,,,,,,,,,,,,,,,,,,,,,,,,,,,,,,,,,,,,,,,TN,TN
autoland,4405952,13,ad8d5d1385265583919f5a224e1153902b6eef60,macosx1015-64-shippable-qr,True,False,,|b|y|t|e|c|o|d|e|-|c|a|c|h|e|d| |c|o|l|d| |f|i|s|s|i|o|n| |w|e|b|r|e|n|d|e|r|,102210fe594ee9b33d82058545b1ed14f4c8206e,PerceptualSpeedIndex,twitter,True,twitter PerceptualSpeedIndex opt bytecode-cached cold fission webrender,,77,ms,firefox,451026326.0,1859074626,2024-03-16 21:40:10,578.4,bc06944d050ccff5aed2248b83d51d946814e90d,1394130,,,,,,,,,,,,,,,,,,,,,,,,,,,,,,,,,,,,,,,,,,,,,,,,,,,,,,,,,,,,,TN,TN
autoland,4405952,13,ad8d5d1385265583919f5a224e1153902b6eef60,macosx1015-64-shippable-qr,True,False,,|b|y|t|e|c|o|d|e|-|c|a|c|h|e|d| |c|o|l|d| |f|i|s|s|i|o|n| |w|e|b|r|e|n|d|e|r|,102210fe594ee9b33d82058545b1ed14f4c8206e,PerceptualSpeedIndex,twitter,True,twitter PerceptualSpeedIndex opt bytecode-cached cold fission webrender,,77,ms,firefox,451041407.0,1859130712,2024-03-17 07:03:06,582.3,7ef716435af3dee46482a893f4a3b29a4d3faafe,1394146,,,,,,,,,,,,,,,,,,,,,,,,,,,,,,,,,,,,,,,,,,,,,,,,,,,,,,,,,,,,,TN,TN
autoland,4405952,13,ad8d5d1385265583919f5a224e1153902b6eef60,macosx1015-64-shippable-qr,True,False,,|b|y|t|e|c|o|d|e|-|c|a|c|h|e|d| |c|o|l|d| |f|i|s|s|i|o|n| |w|e|b|r|e|n|d|e|r|,102210fe594ee9b33d82058545b1ed14f4c8206e,PerceptualSpeedIndex,twitter,True,twitter PerceptualSpeedIndex opt bytecode-cached cold fission webrender,,77,ms,firefox,451051056.0,1859161288,2024-03-17 13:56:17,587.3,47d63b18299914bf2eecdeb64fe8df0a52605aec,1394162,,,,,,,,,,,,,,,,,,,,,,,,,,,,,,,,,,,,,,,,,,,,,,,,,,,,,,,,,,,,,TN,TN
autoland,4405952,13,ad8d5d1385265583919f5a224e1153902b6eef60,macosx1015-64-shippable-qr,True,False,,|b|y|t|e|c|o|d|e|-|c|a|c|h|e|d| |c|o|l|d| |f|i|s|s|i|o|n| |w|e|b|r|e|n|d|e|r|,102210fe594ee9b33d82058545b1ed14f4c8206e,PerceptualSpeedIndex,twitter,True,twitter PerceptualSpeedIndex opt bytecode-cached cold fission webrender,,77,ms,firefox,452147009.0,1863632947,2024-03-17 13:56:17,587.6,47d63b18299914bf2eecdeb64fe8df0a52605aec,1394162,,,,,,,,,,,,,,,,,,,,,,,,,,,,,,,,,,,,,,,,,,,,,,,,,,,,,,,,,,,,,TN,TN
autoland,4405952,13,ad8d5d1385265583919f5a224e1153902b6eef60,macosx1015-64-shippable-qr,True,False,,|b|y|t|e|c|o|d|e|-|c|a|c|h|e|d| |c|o|l|d| |f|i|s|s|i|o|n| |w|e|b|r|e|n|d|e|r|,102210fe594ee9b33d82058545b1ed14f4c8206e,PerceptualSpeedIndex,twitter,True,twitter PerceptualSpeedIndex opt bytecode-cached cold fission webrender,,77,ms,firefox,452147011.0,1863632895,2024-03-17 13:56:17,583.0,47d63b18299914bf2eecdeb64fe8df0a52605aec,1394162,,,,,,,,,,,,,,,,,,,,,,,,,,,,,,,,,,,,,,,,,,,,,,,,,,,,,,,,,,,,,TN,TN
autoland,4405952,13,ad8d5d1385265583919f5a224e1153902b6eef60,macosx1015-64-shippable-qr,True,False,,|b|y|t|e|c|o|d|e|-|c|a|c|h|e|d| |c|o|l|d| |f|i|s|s|i|o|n| |w|e|b|r|e|n|d|e|r|,102210fe594ee9b33d82058545b1ed14f4c8206e,PerceptualSpeedIndex,twitter,True,twitter PerceptualSpeedIndex opt bytecode-cached cold fission webrender,,77,ms,firefox,452147088.0,1863632970,2024-03-17 13:56:17,592.7,47d63b18299914bf2eecdeb64fe8df0a52605aec,1394162,,,,,,,,,,,,,,,,,,,,,,,,,,,,,,,,,,,,,,,,,,,,,,,,,,,,,,,,,,,,,TN,TN
autoland,4405952,13,ad8d5d1385265583919f5a224e1153902b6eef60,macosx1015-64-shippable-qr,True,False,,|b|y|t|e|c|o|d|e|-|c|a|c|h|e|d| |c|o|l|d| |f|i|s|s|i|o|n| |w|e|b|r|e|n|d|e|r|,102210fe594ee9b33d82058545b1ed14f4c8206e,PerceptualSpeedIndex,twitter,True,twitter PerceptualSpeedIndex opt bytecode-cached cold fission webrender,,77,ms,firefox,452147092.0,1863632919,2024-03-17 13:56:17,583.7,47d63b18299914bf2eecdeb64fe8df0a52605aec,1394162,,,,,,,,,,,,,,,,,,,,,,,,,,,,,,,,,,,,,,,,,,,,,,,,,,,,,,,,,,,,,TN,TN
autoland,4405952,13,ad8d5d1385265583919f5a224e1153902b6eef60,macosx1015-64-shippable-qr,True,False,,|b|y|t|e|c|o|d|e|-|c|a|c|h|e|d| |c|o|l|d| |f|i|s|s|i|o|n| |w|e|b|r|e|n|d|e|r|,102210fe594ee9b33d82058545b1ed14f4c8206e,PerceptualSpeedIndex,twitter,True,twitter PerceptualSpeedIndex opt bytecode-cached cold fission webrender,,77,ms,firefox,451056103.0,1859194226,2024-03-17 19:02:19,572.6,164fcac77feead59372521b0072049f25a4c9692,1394171,,,,,,,,,,,,,,,,,,,,,,,,,,,,,,,,,,,,,,,,,,,,,,,,,,,,,,,,,,,,,TN,TN
autoland,4405952,13,ad8d5d1385265583919f5a224e1153902b6eef60,macosx1015-64-shippable-qr,True,False,,|b|y|t|e|c|o|d|e|-|c|a|c|h|e|d| |c|o|l|d| |f|i|s|s|i|o|n| |w|e|b|r|e|n|d|e|r|,102210fe594ee9b33d82058545b1ed14f4c8206e,PerceptualSpeedIndex,twitter,True,twitter PerceptualSpeedIndex opt bytecode-cached cold fission webrender,,77,ms,firefox,451076504.0,1859309626,2024-03-18 01:14:25,574.7,469d4a744966c133ae480dc66643d47b77aa3209,1394186,,,,,,,,,,,,,,,,,,,,,,,,,,,,,,,,,,,,,,,,,,,,,,,,,,,,,,,,,,,,,TN,TN
autoland,4405952,13,ad8d5d1385265583919f5a224e1153902b6eef60,macosx1015-64-shippable-qr,True,False,,|b|y|t|e|c|o|d|e|-|c|a|c|h|e|d| |c|o|l|d| |f|i|s|s|i|o|n| |w|e|b|r|e|n|d|e|r|,102210fe594ee9b33d82058545b1ed14f4c8206e,PerceptualSpeedIndex,twitter,True,twitter PerceptualSpeedIndex opt bytecode-cached cold fission webrender,,77,ms,firefox,452149693.0,1863634847,2024-03-18 01:14:25,580.0,469d4a744966c133ae480dc66643d47b77aa3209,1394186,,,,,,,,,,,,,,,,,,,,,,,,,,,,,,,,,,,,,,,,,,,,,,,,,,,,,,,,,,,,,TN,TN
autoland,4405952,13,ad8d5d1385265583919f5a224e1153902b6eef60,macosx1015-64-shippable-qr,True,False,,|b|y|t|e|c|o|d|e|-|c|a|c|h|e|d| |c|o|l|d| |f|i|s|s|i|o|n| |w|e|b|r|e|n|d|e|r|,102210fe594ee9b33d82058545b1ed14f4c8206e,PerceptualSpeedIndex,twitter,True,twitter PerceptualSpeedIndex opt bytecode-cached cold fission webrender,,77,ms,firefox,452149700.0,1863634943,2024-03-18 01:14:25,581.6,469d4a744966c133ae480dc66643d47b77aa3209,1394186,,,,,,,,,,,,,,,,,,,,,,,,,,,,,,,,,,,,,,,,,,,,,,,,,,,,,,,,,,,,,TN,TN
autoland,4405952,13,ad8d5d1385265583919f5a224e1153902b6eef60,macosx1015-64-shippable-qr,True,False,,|b|y|t|e|c|o|d|e|-|c|a|c|h|e|d| |c|o|l|d| |f|i|s|s|i|o|n| |w|e|b|r|e|n|d|e|r|,102210fe594ee9b33d82058545b1ed14f4c8206e,PerceptualSpeedIndex,twitter,True,twitter PerceptualSpeedIndex opt bytecode-cached cold fission webrender,,77,ms,firefox,452149701.0,1863634851,2024-03-18 01:14:25,663.2,469d4a744966c133ae480dc66643d47b77aa3209,1394186,,,,,,,,,,,,,,,,,,,,,,,,,,,,,,,,,,,,,,,,,,,,,,,,,,,,,,,,,,,,,TN,TN
autoland,4405952,13,ad8d5d1385265583919f5a224e1153902b6eef60,macosx1015-64-shippable-qr,True,False,,|b|y|t|e|c|o|d|e|-|c|a|c|h|e|d| |c|o|l|d| |f|i|s|s|i|o|n| |w|e|b|r|e|n|d|e|r|,102210fe594ee9b33d82058545b1ed14f4c8206e,PerceptualSpeedIndex,twitter,True,twitter PerceptualSpeedIndex opt bytecode-cached cold fission webrender,,77,ms,firefox,451091268.0,1859424523,2024-03-18 07:02:14,581.7,9ae71156ef3c731f44e2af8d1d9c34b7eb7c6c9b,1394207,,,,,,,,,,,,,,,,,,,,,,,,,,,,,,,,,,,,,,,,,,,,,,,,,,,,,,,,,,,,,TN,TN
autoland,4405952,13,ad8d5d1385265583919f5a224e1153902b6eef60,macosx1015-64-shippable-qr,True,False,,|b|y|t|e|c|o|d|e|-|c|a|c|h|e|d| |c|o|l|d| |f|i|s|s|i|o|n| |w|e|b|r|e|n|d|e|r|,102210fe594ee9b33d82058545b1ed14f4c8206e,PerceptualSpeedIndex,twitter,True,twitter PerceptualSpeedIndex opt bytecode-cached cold fission webrender,,77,ms,firefox,451100450.0,1859459761,2024-03-18 09:15:45,583.2,d3946837037d31a7b6f83b1977e57c4ea384c904,1394248,,,,,,,,,,,,,,,,,,,,,,,,,,,,,,,,,,,,,,,,,,,,,,,,,,,,,,,,,,,,,TN,TN
autoland,4405952,13,ad8d5d1385265583919f5a224e1153902b6eef60,macosx1015-64-shippable-qr,True,False,,|b|y|t|e|c|o|d|e|-|c|a|c|h|e|d| |c|o|l|d| |f|i|s|s|i|o|n| |w|e|b|r|e|n|d|e|r|,102210fe594ee9b33d82058545b1ed14f4c8206e,PerceptualSpeedIndex,twitter,True,twitter PerceptualSpeedIndex opt bytecode-cached cold fission webrender,,77,ms,firefox,451200735.0,1859874513,2024-03-18 16:13:31,578.4,9a84c7a992c26cd844507c8b4a7215e1aa1dd56e,1394426,,,,,,,,,,,,,,,,,,,,,,,,,,,,,,,,,,,,,,,,,,,,,,,,,,,,,,,,,,,,,TN,TN
autoland,4405952,13,ad8d5d1385265583919f5a224e1153902b6eef60,macosx1015-64-shippable-qr,True,False,,|b|y|t|e|c|o|d|e|-|c|a|c|h|e|d| |c|o|l|d| |f|i|s|s|i|o|n| |w|e|b|r|e|n|d|e|r|,102210fe594ee9b33d82058545b1ed14f4c8206e,PerceptualSpeedIndex,twitter,True,twitter PerceptualSpeedIndex opt bytecode-cached cold fission webrender,,77,ms,firefox,451201784.0,1859896810,2024-03-18 17:45:54,599.5,ab4a4d632bcfcdcb0f37c6791a75467e73c47795,1394460,,,,,,,,,,,,,,,,,,,,,,,,,,,,,,,,,,,,,,,,,,,,,,,,,,,,,,,,,,,,,TN,TN
autoland,4405952,13,ad8d5d1385265583919f5a224e1153902b6eef60,macosx1015-64-shippable-qr,True,False,,|b|y|t|e|c|o|d|e|-|c|a|c|h|e|d| |c|o|l|d| |f|i|s|s|i|o|n| |w|e|b|r|e|n|d|e|r|,102210fe594ee9b33d82058545b1ed14f4c8206e,PerceptualSpeedIndex,twitter,True,twitter PerceptualSpeedIndex opt bytecode-cached cold fission webrender,,77,ms,firefox,451201832.0,1859899285,2024-03-18 20:20:59,577.9,3d0c771e9c28d7bad460e8683406e4a832de5d93,1394525,,,,,,,,,,,,,,,,,,,,,,,,,,,,,,,,,,,,,,,,,,,,,,,,,,,,,,,,,,,,,TN,TN
autoland,4405952,13,ad8d5d1385265583919f5a224e1153902b6eef60,macosx1015-64-shippable-qr,True,False,,|b|y|t|e|c|o|d|e|-|c|a|c|h|e|d| |c|o|l|d| |f|i|s|s|i|o|n| |w|e|b|r|e|n|d|e|r|,102210fe594ee9b33d82058545b1ed14f4c8206e,PerceptualSpeedIndex,twitter,True,twitter PerceptualSpeedIndex opt bytecode-cached cold fission webrender,,77,ms,firefox,452147156.0,1863634500,2024-03-18 20:20:59,574.2,3d0c771e9c28d7bad460e8683406e4a832de5d93,1394525,,,,,,,,,,,,,,,,,,,,,,,,,,,,,,,,,,,,,,,,,,,,,,,,,,,,,,,,,,,,,TN,TN
autoland,4405952,13,ad8d5d1385265583919f5a224e1153902b6eef60,macosx1015-64-shippable-qr,True,False,,|b|y|t|e|c|o|d|e|-|c|a|c|h|e|d| |c|o|l|d| |f|i|s|s|i|o|n| |w|e|b|r|e|n|d|e|r|,102210fe594ee9b33d82058545b1ed14f4c8206e,PerceptualSpeedIndex,twitter,True,twitter PerceptualSpeedIndex opt bytecode-cached cold fission webrender,,77,ms,firefox,452147157.0,1863634492,2024-03-18 20:20:59,647.5,3d0c771e9c28d7bad460e8683406e4a832de5d93,1394525,,,,,,,,,,,,,,,,,,,,,,,,,,,,,,,,,,,,,,,,,,,,,,,,,,,,,,,,,,,,,TN,TN
autoland,4405952,13,ad8d5d1385265583919f5a224e1153902b6eef60,macosx1015-64-shippable-qr,True,False,,|b|y|t|e|c|o|d|e|-|c|a|c|h|e|d| |c|o|l|d| |f|i|s|s|i|o|n| |w|e|b|r|e|n|d|e|r|,102210fe594ee9b33d82058545b1ed14f4c8206e,PerceptualSpeedIndex,twitter,True,twitter PerceptualSpeedIndex opt bytecode-cached cold fission webrender,,77,ms,firefox,452147158.0,1863634537,2024-03-18 20:20:59,578.4,3d0c771e9c28d7bad460e8683406e4a832de5d93,1394525,,,,,,,,,,,,,,,,,,,,,,,,,,,,,,,,,,,,,,,,,,,,,,,,,,,,,,,,,,,,,TN,TN
autoland,4405952,13,ad8d5d1385265583919f5a224e1153902b6eef60,macosx1015-64-shippable-qr,True,False,,|b|y|t|e|c|o|d|e|-|c|a|c|h|e|d| |c|o|l|d| |f|i|s|s|i|o|n| |w|e|b|r|e|n|d|e|r|,102210fe594ee9b33d82058545b1ed14f4c8206e,PerceptualSpeedIndex,twitter,True,twitter PerceptualSpeedIndex opt bytecode-cached cold fission webrender,,77,ms,firefox,452147178.0,1863634589,2024-03-18 20:20:59,579.2,3d0c771e9c28d7bad460e8683406e4a832de5d93,1394525,,,,,,,,,,,,,,,,,,,,,,,,,,,,,,,,,,,,,,,,,,,,,,,,,,,,,,,,,,,,,TN,TN
autoland,4405952,13,ad8d5d1385265583919f5a224e1153902b6eef60,macosx1015-64-shippable-qr,True,False,,|b|y|t|e|c|o|d|e|-|c|a|c|h|e|d| |c|o|l|d| |f|i|s|s|i|o|n| |w|e|b|r|e|n|d|e|r|,102210fe594ee9b33d82058545b1ed14f4c8206e,PerceptualSpeedIndex,twitter,True,twitter PerceptualSpeedIndex opt bytecode-cached cold fission webrender,,77,ms,firefox,451219703.0,1859961940,2024-03-19 01:00:45,589.0,0febedb51783638cc944e4b495547ccfedb4c43f,1394573,,,,,,,,,,,,,,,,,,,,,,,,,,,,,,,,,,,,,,,,,,,,,,,,,,,,,,,,,,,,,TN,TN
autoland,4405952,13,ad8d5d1385265583919f5a224e1153902b6eef60,macosx1015-64-shippable-qr,True,False,,|b|y|t|e|c|o|d|e|-|c|a|c|h|e|d| |c|o|l|d| |f|i|s|s|i|o|n| |w|e|b|r|e|n|d|e|r|,102210fe594ee9b33d82058545b1ed14f4c8206e,PerceptualSpeedIndex,twitter,True,twitter PerceptualSpeedIndex opt bytecode-cached cold fission webrender,,77,ms,firefox,451225475.0,1859973369,2024-03-19 02:26:21,581.6,16ddc2d8ba870a73f3a200338e1400a51d2299c1,1394599,,,,,,,,,,,,,,,,,,,,,,,,,,,,,,,,,,,,,,,,,,,,,,,,,,,,,,,,,,,,,TN,TN
autoland,4405952,13,ad8d5d1385265583919f5a224e1153902b6eef60,macosx1015-64-shippable-qr,True,False,,|b|y|t|e|c|o|d|e|-|c|a|c|h|e|d| |c|o|l|d| |f|i|s|s|i|o|n| |w|e|b|r|e|n|d|e|r|,102210fe594ee9b33d82058545b1ed14f4c8206e,PerceptualSpeedIndex,twitter,True,twitter PerceptualSpeedIndex opt bytecode-cached cold fission webrender,,77,ms,firefox,451242892.0,1860047236,2024-03-19 06:03:35,584.5,0fbe242e1d975dcdea4df1bc8187bd9ecfe80291,1394632,,,,,,,,,,,,,,,,,,,,,,,,,,,,,,,,,,,,,,,,,,,,,,,,,,,,,,,,,,,,,TN,TN
autoland,4405952,13,ad8d5d1385265583919f5a224e1153902b6eef60,macosx1015-64-shippable-qr,True,False,,|b|y|t|e|c|o|d|e|-|c|a|c|h|e|d| |c|o|l|d| |f|i|s|s|i|o|n| |w|e|b|r|e|n|d|e|r|,102210fe594ee9b33d82058545b1ed14f4c8206e,PerceptualSpeedIndex,twitter,True,twitter PerceptualSpeedIndex opt bytecode-cached cold fission webrender,,77,ms,firefox,451289359.0,1860483013,2024-03-19 11:15:16,574.6,a4280d9d04d7841f3a7286d7cb6d9667ed276e03,1394711,,,,,,,,,,,,,,,,,,,,,,,,,,,,,,,,,,,,,,,,,,,,,,,,,,,,,,,,,,,,,TN,TN
autoland,4405952,13,ad8d5d1385265583919f5a224e1153902b6eef60,macosx1015-64-shippable-qr,True,False,,|b|y|t|e|c|o|d|e|-|c|a|c|h|e|d| |c|o|l|d| |f|i|s|s|i|o|n| |w|e|b|r|e|n|d|e|r|,102210fe594ee9b33d82058545b1ed14f4c8206e,PerceptualSpeedIndex,twitter,True,twitter PerceptualSpeedIndex opt bytecode-cached cold fission webrender,,77,ms,firefox,451316907.0,1860516549,2024-03-19 13:28:22,652.1,43d89580ba9c295f67bc3df94ba1aac23b435b63,1394763,,,,,,,,,,,,,,,,,,,,,,,,,,,,,,,,,,,,,,,,,,,,,,,,,,,,,,,,,,,,,TN,TN
autoland,4405952,13,ad8d5d1385265583919f5a224e1153902b6eef60,macosx1015-64-shippable-qr,True,False,,|b|y|t|e|c|o|d|e|-|c|a|c|h|e|d| |c|o|l|d| |f|i|s|s|i|o|n| |w|e|b|r|e|n|d|e|r|,102210fe594ee9b33d82058545b1ed14f4c8206e,PerceptualSpeedIndex,twitter,True,twitter PerceptualSpeedIndex opt bytecode-cached cold fission webrender,,77,ms,firefox,451430484.0,1860776435,2024-03-19 17:01:41,633.2,f1fbe41260ccd8c334edcef9a356b9484bd15710,1394871,,,,,,,,,,,,,,,,,,,,,,,,,,,,,,,,,,,,,,,,,,,,,,,,,,,,,,,,,,,,,TN,TN
autoland,4405952,13,ad8d5d1385265583919f5a224e1153902b6eef60,macosx1015-64-shippable-qr,True,False,,|b|y|t|e|c|o|d|e|-|c|a|c|h|e|d| |c|o|l|d| |f|i|s|s|i|o|n| |w|e|b|r|e|n|d|e|r|,102210fe594ee9b33d82058545b1ed14f4c8206e,PerceptualSpeedIndex,twitter,True,twitter PerceptualSpeedIndex opt bytecode-cached cold fission webrender,,77,ms,firefox,451431004.0,1860786968,2024-03-19 17:02:34,571.4,90c7bb425e9215f104b1646f0cb78f064eee85b8,1394872,,,,,,,,,,,,,,,,,,,,,,,,,,,,,,,,,,,,,,,,,,,,,,,,,,,,,,,,,,,,,TN,TN
autoland,4405952,13,ad8d5d1385265583919f5a224e1153902b6eef60,macosx1015-64-shippable-qr,True,False,,|b|y|t|e|c|o|d|e|-|c|a|c|h|e|d| |c|o|l|d| |f|i|s|s|i|o|n| |w|e|b|r|e|n|d|e|r|,102210fe594ee9b33d82058545b1ed14f4c8206e,PerceptualSpeedIndex,twitter,True,twitter PerceptualSpeedIndex opt bytecode-cached cold fission webrender,,77,ms,firefox,451359120.0,1860547664,2024-03-19 17:03:22,591.1,3d4f500d317cd4c54e93299c01efed1c4354deb7,1394873,,,,,,,,,,,,,,,,,,,,,,,,,,,,,,,,,,,,,,,,,,,,,,,,,,,,,,,,,,,,,TN,TN
autoland,4405952,13,ad8d5d1385265583919f5a224e1153902b6eef60,macosx1015-64-shippable-qr,True,False,,|b|y|t|e|c|o|d|e|-|c|a|c|h|e|d| |c|o|l|d| |f|i|s|s|i|o|n| |w|e|b|r|e|n|d|e|r|,102210fe594ee9b33d82058545b1ed14f4c8206e,PerceptualSpeedIndex,twitter,True,twitter PerceptualSpeedIndex opt bytecode-cached cold fission webrender,,77,ms,firefox,451430759.0,1860781037,2024-03-19 17:10:24,589.9,075d02b3d330cb754d21972246fd20adb3ec0b41,1394878,,,,,,,,,,,,,,,,,,,,,,,,,,,,,,,,,,,,,,,,,,,,,,,,,,,,,,,,,,,,,TN,TN
autoland,4405952,13,ad8d5d1385265583919f5a224e1153902b6eef60,macosx1015-64-shippable-qr,True,False,,|b|y|t|e|c|o|d|e|-|c|a|c|h|e|d| |c|o|l|d| |f|i|s|s|i|o|n| |w|e|b|r|e|n|d|e|r|,102210fe594ee9b33d82058545b1ed14f4c8206e,PerceptualSpeedIndex,twitter,True,twitter PerceptualSpeedIndex opt bytecode-cached cold fission webrender,,77,ms,firefox,451430222.0,1860767854,2024-03-19 17:11:12,599.3,b2f4fc8e6b027e886b2e54c0810b8338eae1f9a0,1394879,,,,,,,,,,,,,,,,,,,,,,,,,,,,,,,,,,,,,,,,,,,,,,,,,,,,,,,,,,,,,TN,TN
autoland,4405952,13,ad8d5d1385265583919f5a224e1153902b6eef60,macosx1015-64-shippable-qr,True,False,,|b|y|t|e|c|o|d|e|-|c|a|c|h|e|d| |c|o|l|d| |f|i|s|s|i|o|n| |w|e|b|r|e|n|d|e|r|,102210fe594ee9b33d82058545b1ed14f4c8206e,PerceptualSpeedIndex,twitter,True,twitter PerceptualSpeedIndex opt bytecode-cached cold fission webrender,,77,ms,firefox,451586739.0,1861383817,2024-03-19 19:46:44,571.4,a87db3b698e19b65bc001936fc7a8b80239a25dd,1394942,,,,,,,,,,,,,,,,,,,,,,,,,,,,,,,,,,,,,,,,,,,,,,,,,,,,,,,,,,,,,TN,TN
autoland,4405952,13,ad8d5d1385265583919f5a224e1153902b6eef60,macosx1015-64-shippable-qr,True,False,,|b|y|t|e|c|o|d|e|-|c|a|c|h|e|d| |c|o|l|d| |f|i|s|s|i|o|n| |w|e|b|r|e|n|d|e|r|,102210fe594ee9b33d82058545b1ed14f4c8206e,PerceptualSpeedIndex,twitter,True,twitter PerceptualSpeedIndex opt bytecode-cached cold fission webrender,,77,ms,firefox,451586653.0,1861383600,2024-03-19 19:47:51,573.4,f5ac2d368c7d44f585bea0397dedcd879e2b8ab4,1394944,,,,,,,,,,,,,,,,,,,,,,,,,,,,,,,,,,,,,,,,,,,,,,,,,,,,,,,,,,,,,TN,TN
autoland,4405952,13,ad8d5d1385265583919f5a224e1153902b6eef60,macosx1015-64-shippable-qr,True,False,,|b|y|t|e|c|o|d|e|-|c|a|c|h|e|d| |c|o|l|d| |f|i|s|s|i|o|n| |w|e|b|r|e|n|d|e|r|,102210fe594ee9b33d82058545b1ed14f4c8206e,PerceptualSpeedIndex,twitter,True,twitter PerceptualSpeedIndex opt bytecode-cached cold fission webrender,,77,ms,firefox,451377785.0,1860591814,2024-03-19 19:48:40,585.8,7c0de707e2a448dd3846c81f12ee9bae3ebca9d3,1394945,,,,,,,,,,,,,,,,,,,,,,,,,,,,,,,,,,,,,,,,,,,,,,,,,,,,,,,,,,,,,TN,TN
autoland,4405952,13,ad8d5d1385265583919f5a224e1153902b6eef60,macosx1015-64-shippable-qr,True,False,,|b|y|t|e|c|o|d|e|-|c|a|c|h|e|d| |c|o|l|d| |f|i|s|s|i|o|n| |w|e|b|r|e|n|d|e|r|,102210fe594ee9b33d82058545b1ed14f4c8206e,PerceptualSpeedIndex,twitter,True,twitter PerceptualSpeedIndex opt bytecode-cached cold fission webrender,,77,ms,firefox,451429667.0,1860764780,2024-03-19 19:50:51,588.9,acccc0eb50c9a1111b4f152c608de7a230877385,1394948,,,,,,,,,,,,,,,,,,,,,,,,,,,,,,,,,,,,,,,,,,,,,,,,,,,,,,,,,,,,,TN,TN
autoland,4405952,13,ad8d5d1385265583919f5a224e1153902b6eef60,macosx1015-64-shippable-qr,True,False,,|b|y|t|e|c|o|d|e|-|c|a|c|h|e|d| |c|o|l|d| |f|i|s|s|i|o|n| |w|e|b|r|e|n|d|e|r|,102210fe594ee9b33d82058545b1ed14f4c8206e,PerceptualSpeedIndex,twitter,True,twitter PerceptualSpeedIndex opt bytecode-cached cold fission webrender,,77,ms,firefox,451430395.0,1860773948,2024-03-19 19:55:18,582.6,8cd1f5a5caf1d710563af9a6e3a77a1371d35d0f,1394950,,,,,,,,,,,,,,,,,,,,,,,,,,,,,,,,,,,,,,,,,,,,,,,,,,,,,,,,,,,,,TN,TN
autoland,4405952,13,ad8d5d1385265583919f5a224e1153902b6eef60,macosx1015-64-shippable-qr,True,False,,|b|y|t|e|c|o|d|e|-|c|a|c|h|e|d| |c|o|l|d| |f|i|s|s|i|o|n| |w|e|b|r|e|n|d|e|r|,102210fe594ee9b33d82058545b1ed14f4c8206e,PerceptualSpeedIndex,twitter,True,twitter PerceptualSpeedIndex opt bytecode-cached cold fission webrender,,77,ms,firefox,451408443.0,1860638487,2024-03-20 00:04:56,570.1,25a7b6dcdd27704494317e01334be69707ff521f,1395012,,,,,,,,,,,,,,,,,,,,,,,,,,,,,,,,,,,,,,,,,,,,,,,,,,,,,,,,,,,,,TN,TN
autoland,4405952,13,ad8d5d1385265583919f5a224e1153902b6eef60,macosx1015-64-shippable-qr,True,False,,|b|y|t|e|c|o|d|e|-|c|a|c|h|e|d| |c|o|l|d| |f|i|s|s|i|o|n| |w|e|b|r|e|n|d|e|r|,102210fe594ee9b33d82058545b1ed14f4c8206e,PerceptualSpeedIndex,twitter,True,twitter PerceptualSpeedIndex opt bytecode-cached cold fission webrender,,77,ms,firefox,451432283.0,1860792537,2024-03-20 06:31:28,564.9,dbb1856b4f3345f0353d4ea33ed0f83a90420827,1395067,,,,,,,,,,,,,,,,,,,,,,,,,,,,,,,,,,,,,,,,,,,,,,,,,,,,,,,,,,,,,TN,TN
autoland,4405952,13,ad8d5d1385265583919f5a224e1153902b6eef60,macosx1015-64-shippable-qr,True,False,,|b|y|t|e|c|o|d|e|-|c|a|c|h|e|d| |c|o|l|d| |f|i|s|s|i|o|n| |w|e|b|r|e|n|d|e|r|,102210fe594ee9b33d82058545b1ed14f4c8206e,PerceptualSpeedIndex,twitter,True,twitter PerceptualSpeedIndex opt bytecode-cached cold fission webrender,,77,ms,firefox,451463802.0,1860947552,2024-03-20 10:14:04,596.9,89f62e190e69ddb95685488010b5807b31491168,1395103,,,,,,,,,,,,,,,,,,,,,,,,,,,,,,,,,,,,,,,,,,,,,,,,,,,,,,,,,,,,,TN,TN
autoland,4405952,13,ad8d5d1385265583919f5a224e1153902b6eef60,macosx1015-64-shippable-qr,True,False,,|b|y|t|e|c|o|d|e|-|c|a|c|h|e|d| |c|o|l|d| |f|i|s|s|i|o|n| |w|e|b|r|e|n|d|e|r|,102210fe594ee9b33d82058545b1ed14f4c8206e,PerceptualSpeedIndex,twitter,True,twitter PerceptualSpeedIndex opt bytecode-cached cold fission webrender,,77,ms,firefox,451619467.0,1861504919,2024-03-20 12:31:36,578.4,c831c4fb57a5247bedd50033fe2b46e3bfecea5b,1395145,,,,,,,,,,,,,,,,,,,,,,,,,,,,,,,,,,,,,,,,,,,,,,,,,,,,,,,,,,,,,TN,TN
autoland,4405952,13,ad8d5d1385265583919f5a224e1153902b6eef60,macosx1015-64-shippable-qr,True,False,,|b|y|t|e|c|o|d|e|-|c|a|c|h|e|d| |c|o|l|d| |f|i|s|s|i|o|n| |w|e|b|r|e|n|d|e|r|,102210fe594ee9b33d82058545b1ed14f4c8206e,PerceptualSpeedIndex,twitter,True,twitter PerceptualSpeedIndex opt bytecode-cached cold fission webrender,,77,ms,firefox,451620747.0,1861510652,2024-03-20 13:28:41,569.6,8eb7b62278abdd1879878cc07955c579617203e5,1395172,,,,,,,,,,,,,,,,,,,,,,,,,,,,,,,,,,,,,,,,,,,,,,,,,,,,,,,,,,,,,TN,TN
autoland,4405952,13,ad8d5d1385265583919f5a224e1153902b6eef60,macosx1015-64-shippable-qr,True,False,,|b|y|t|e|c|o|d|e|-|c|a|c|h|e|d| |c|o|l|d| |f|i|s|s|i|o|n| |w|e|b|r|e|n|d|e|r|,102210fe594ee9b33d82058545b1ed14f4c8206e,PerceptualSpeedIndex,twitter,True,twitter PerceptualSpeedIndex opt bytecode-cached cold fission webrender,,77,ms,firefox,451513862.0,1861051270,2024-03-20 14:37:05,578.7,533a3c2e587f7ea99fde847c499dbb77d1d7c623,1395197,,,,,,,,,,,,,,,,,,,,,,,,,,,,,,,,,,,,,,,,,,,,,,,,,,,,,,,,,,,,,TN,TN
autoland,4405952,13,ad8d5d1385265583919f5a224e1153902b6eef60,macosx1015-64-shippable-qr,True,False,,|b|y|t|e|c|o|d|e|-|c|a|c|h|e|d| |c|o|l|d| |f|i|s|s|i|o|n| |w|e|b|r|e|n|d|e|r|,102210fe594ee9b33d82058545b1ed14f4c8206e,PerceptualSpeedIndex,twitter,True,twitter PerceptualSpeedIndex opt bytecode-cached cold fission webrender,,77,ms,firefox,451617261.0,1861491170,2024-03-20 14:58:00,570.1,abc6d755ba19ab107510d746a7774bdd92ee42a3,1395213,,,,,,,,,,,,,,,,,,,,,,,,,,,,,,,,,,,,,,,,,,,,,,,,,,,,,,,,,,,,,TN,TN
autoland,4405952,13,ad8d5d1385265583919f5a224e1153902b6eef60,macosx1015-64-shippable-qr,True,False,,|b|y|t|e|c|o|d|e|-|c|a|c|h|e|d| |c|o|l|d| |f|i|s|s|i|o|n| |w|e|b|r|e|n|d|e|r|,102210fe594ee9b33d82058545b1ed14f4c8206e,PerceptualSpeedIndex,twitter,True,twitter PerceptualSpeedIndex opt bytecode-cached cold fission webrender,,77,ms,firefox,451555356.0,1861211602,2024-03-20 16:49:51,583.5,44ee710d3a49501b5b000c7e0f6d2167c47ac041,1395254,,,,,,,,,,,,,,,,,,,,,,,,,,,,,,,,,,,,,,,,,,,,,,,,,,,,,,,,,,,,,TN,TN
autoland,4405952,13,ad8d5d1385265583919f5a224e1153902b6eef60,macosx1015-64-shippable-qr,True,False,,|b|y|t|e|c|o|d|e|-|c|a|c|h|e|d| |c|o|l|d| |f|i|s|s|i|o|n| |w|e|b|r|e|n|d|e|r|,102210fe594ee9b33d82058545b1ed14f4c8206e,PerceptualSpeedIndex,twitter,True,twitter PerceptualSpeedIndex opt bytecode-cached cold fission webrender,,77,ms,firefox,451588216.0,1861387897,2024-03-20 21:30:57,573.1,7e65c2e3fa5893e80c6f6f8ef4deef5861f82edc,1395367,,,,,,,,,,,,,,,,,,,,,,,,,,,,,,,,,,,,,,,,,,,,,,,,,,,,,,,,,,,,,TN,TN
autoland,4405952,13,ad8d5d1385265583919f5a224e1153902b6eef60,macosx1015-64-shippable-qr,True,False,,|b|y|t|e|c|o|d|e|-|c|a|c|h|e|d| |c|o|l|d| |f|i|s|s|i|o|n| |w|e|b|r|e|n|d|e|r|,102210fe594ee9b33d82058545b1ed14f4c8206e,PerceptualSpeedIndex,twitter,True,twitter PerceptualSpeedIndex opt bytecode-cached cold fission webrender,,77,ms,firefox,451608513.0,1861456473,2024-03-21 02:02:41,582.9,cd39ad6d1934b2a8d659607d5fc0c1f88df011ba,1395495,,,,,,,,,,,,,,,,,,,,,,,,,,,,,,,,,,,,,,,,,,,,,,,,,,,,,,,,,,,,,TN,TN
autoland,4405952,13,ad8d5d1385265583919f5a224e1153902b6eef60,macosx1015-64-shippable-qr,True,False,,|b|y|t|e|c|o|d|e|-|c|a|c|h|e|d| |c|o|l|d| |f|i|s|s|i|o|n| |w|e|b|r|e|n|d|e|r|,102210fe594ee9b33d82058545b1ed14f4c8206e,PerceptualSpeedIndex,twitter,True,twitter PerceptualSpeedIndex opt bytecode-cached cold fission webrender,,77,ms,firefox,451623087.0,1861539120,2024-03-21 06:23:30,583.3,ed7ada93d4ad18f5c9f613bf5ce8d5f89bdaa140,1395640,,,,,,,,,,,,,,,,,,,,,,,,,,,,,,,,,,,,,,,,,,,,,,,,,,,,,,,,,,,,,TN,TN
autoland,4405952,13,ad8d5d1385265583919f5a224e1153902b6eef60,macosx1015-64-shippable-qr,True,False,,|b|y|t|e|c|o|d|e|-|c|a|c|h|e|d| |c|o|l|d| |f|i|s|s|i|o|n| |w|e|b|r|e|n|d|e|r|,102210fe594ee9b33d82058545b1ed14f4c8206e,PerceptualSpeedIndex,twitter,True,twitter PerceptualSpeedIndex opt bytecode-cached cold fission webrender,,77,ms,firefox,451705980.0,1861847153,2024-03-21 08:38:48,570.0,335ba8ea2f56243d2cb6a5bc7aa4d0d0f3c415c7,1395685,,,,,,,,,,,,,,,,,,,,,,,,,,,,,,,,,,,,,,,,,,,,,,,,,,,,,,,,,,,,,TN,TN
autoland,4405952,13,ad8d5d1385265583919f5a224e1153902b6eef60,macosx1015-64-shippable-qr,True,False,,|b|y|t|e|c|o|d|e|-|c|a|c|h|e|d| |c|o|l|d| |f|i|s|s|i|o|n| |w|e|b|r|e|n|d|e|r|,102210fe594ee9b33d82058545b1ed14f4c8206e,PerceptualSpeedIndex,twitter,True,twitter PerceptualSpeedIndex opt bytecode-cached cold fission webrender,,77,ms,firefox,451851109.0,1862322468,2024-03-21 08:42:18,576.1,42e0c42e5e1c3fc7c0ad70a25fb2ef3cc909e5d1,1395691,,,,,,,,,,,,,,,,,,,,,,,,,,,,,,,,,,,,,,,,,,,,,,,,,,,,,,,,,,,,,TN,TN
autoland,4405952,13,ad8d5d1385265583919f5a224e1153902b6eef60,macosx1015-64-shippable-qr,True,False,,|b|y|t|e|c|o|d|e|-|c|a|c|h|e|d| |c|o|l|d| |f|i|s|s|i|o|n| |w|e|b|r|e|n|d|e|r|,102210fe594ee9b33d82058545b1ed14f4c8206e,PerceptualSpeedIndex,twitter,True,twitter PerceptualSpeedIndex opt bytecode-cached cold fission webrender,,77,ms,firefox,451743880.0,1861959269,2024-03-21 12:46:07,576.0,d90b4451e543266ae9d98982a92dafa311c75db6,1395897,,,,,,,,,,,,,,,,,,,,,,,,,,,,,,,,,,,,,,,,,,,,,,,,,,,,,,,,,,,,,TN,TN
autoland,4405952,13,ad8d5d1385265583919f5a224e1153902b6eef60,macosx1015-64-shippable-qr,True,False,,|b|y|t|e|c|o|d|e|-|c|a|c|h|e|d| |c|o|l|d| |f|i|s|s|i|o|n| |w|e|b|r|e|n|d|e|r|,102210fe594ee9b33d82058545b1ed14f4c8206e,PerceptualSpeedIndex,twitter,True,twitter PerceptualSpeedIndex opt bytecode-cached cold fission webrender,,77,ms,firefox,451746004.0,1861975073,2024-03-21 13:53:06,580.8,dbfd6042b4d2b3a3b509b22f41276fdfdd6a17b0,1395978,,,,,,,,,,,,,,,,,,,,,,,,,,,,,,,,,,,,,,,,,,,,,,,,,,,,,,,,,,,,,TN,TN
autoland,4405952,13,ad8d5d1385265583919f5a224e1153902b6eef60,macosx1015-64-shippable-qr,True,False,,|b|y|t|e|c|o|d|e|-|c|a|c|h|e|d| |c|o|l|d| |f|i|s|s|i|o|n| |w|e|b|r|e|n|d|e|r|,102210fe594ee9b33d82058545b1ed14f4c8206e,PerceptualSpeedIndex,twitter,True,twitter PerceptualSpeedIndex opt bytecode-cached cold fission webrender,,77,ms,firefox,451748801.0,1861993328,2024-03-21 17:29:27,579.7,6a09c380e669a377e8254dd93ff3485ae0ec96c4,1396220,,,,,,,,,,,,,,,,,,,,,,,,,,,,,,,,,,,,,,,,,,,,,,,,,,,,,,,,,,,,,TN,TN
autoland,4405952,13,ad8d5d1385265583919f5a224e1153902b6eef60,macosx1015-64-shippable-qr,True,False,,|b|y|t|e|c|o|d|e|-|c|a|c|h|e|d| |c|o|l|d| |f|i|s|s|i|o|n| |w|e|b|r|e|n|d|e|r|,102210fe594ee9b33d82058545b1ed14f4c8206e,PerceptualSpeedIndex,twitter,True,twitter PerceptualSpeedIndex opt bytecode-cached cold fission webrender,,77,ms,firefox,451857780.0,1862351081,2024-03-21 18:45:37,574.6,761aa95394f28659c52a30a4cf4bbb9de1bf1fcd,1396356,,,,,,,,,,,,,,,,,,,,,,,,,,,,,,,,,,,,,,,,,,,,,,,,,,,,,,,,,,,,,TN,TN
autoland,4405952,13,ad8d5d1385265583919f5a224e1153902b6eef60,macosx1015-64-shippable-qr,True,False,,|b|y|t|e|c|o|d|e|-|c|a|c|h|e|d| |c|o|l|d| |f|i|s|s|i|o|n| |w|e|b|r|e|n|d|e|r|,102210fe594ee9b33d82058545b1ed14f4c8206e,PerceptualSpeedIndex,twitter,True,twitter PerceptualSpeedIndex opt bytecode-cached cold fission webrender,,77,ms,firefox,451860825.0,1862375538,2024-03-21 18:46:28,572.9,bb41b62cad53dc168eae7ef8e5dd62439925c999,1396358,,,,,,,,,,,,,,,,,,,,,,,,,,,,,,,,,,,,,,,,,,,,,,,,,,,,,,,,,,,,,TN,TN
autoland,4405952,13,ad8d5d1385265583919f5a224e1153902b6eef60,macosx1015-64-shippable-qr,True,False,,|b|y|t|e|c|o|d|e|-|c|a|c|h|e|d| |c|o|l|d| |f|i|s|s|i|o|n| |w|e|b|r|e|n|d|e|r|,102210fe594ee9b33d82058545b1ed14f4c8206e,PerceptualSpeedIndex,twitter,True,twitter PerceptualSpeedIndex opt bytecode-cached cold fission webrender,,77,ms,firefox,451749911.0,1861999875,2024-03-21 18:47:13,582.2,c83258a2f5a9fd7b7107508c07827d9aa1a83035,1396360,,,,,,,,,,,,,,,,,,,,,,,,,,,,,,,,,,,,,,,,,,,,,,,,,,,,,,,,,,,,,TN,TN
autoland,4405952,13,ad8d5d1385265583919f5a224e1153902b6eef60,macosx1015-64-shippable-qr,True,False,,|b|y|t|e|c|o|d|e|-|c|a|c|h|e|d| |c|o|l|d| |f|i|s|s|i|o|n| |w|e|b|r|e|n|d|e|r|,102210fe594ee9b33d82058545b1ed14f4c8206e,PerceptualSpeedIndex,twitter,True,twitter PerceptualSpeedIndex opt bytecode-cached cold fission webrender,,77,ms,firefox,451769952.0,1862069092,2024-03-21 21:19:12,578.4,3e3e5631944ec7d9d81a7c8ca0c3b5998ad044b3,1396573,,,,,,,,,,,,,,,,,,,,,,,,,,,,,,,,,,,,,,,,,,,,,,,,,,,,,,,,,,,,,TN,TN
autoland,4405952,13,ad8d5d1385265583919f5a224e1153902b6eef60,macosx1015-64-shippable-qr,True,False,,|b|y|t|e|c|o|d|e|-|c|a|c|h|e|d| |c|o|l|d| |f|i|s|s|i|o|n| |w|e|b|r|e|n|d|e|r|,102210fe594ee9b33d82058545b1ed14f4c8206e,PerceptualSpeedIndex,twitter,True,twitter PerceptualSpeedIndex opt bytecode-cached cold fission webrender,,77,ms,firefox,451830323.0,1862204262,2024-03-22 02:33:11,576.0,a64d6cbeaa4f78ec1f700f6123469eb1b3a31608,1396939,,,,,,,,,,,,,,,,,,,,,,,,,,,,,,,,,,,,,,,,,,,,,,,,,,,,,,,,,,,,,TN,TN
autoland,4405952,13,ad8d5d1385265583919f5a224e1153902b6eef60,macosx1015-64-shippable-qr,True,False,,|b|y|t|e|c|o|d|e|-|c|a|c|h|e|d| |c|o|l|d| |f|i|s|s|i|o|n| |w|e|b|r|e|n|d|e|r|,102210fe594ee9b33d82058545b1ed14f4c8206e,PerceptualSpeedIndex,twitter,True,twitter PerceptualSpeedIndex opt bytecode-cached cold fission webrender,,77,ms,firefox,451879027.0,1862478802,2024-03-22 05:34:14,579.7,5d6efea5e0bbc9c3cb2231d09450c2c7dd045122,1397066,,,,,,,,,,,,,,,,,,,,,,,,,,,,,,,,,,,,,,,,,,,,,,,,,,,,,,,,,,,,,TN,TN
autoland,4405952,13,ad8d5d1385265583919f5a224e1153902b6eef60,macosx1015-64-shippable-qr,True,False,,|b|y|t|e|c|o|d|e|-|c|a|c|h|e|d| |c|o|l|d| |f|i|s|s|i|o|n| |w|e|b|r|e|n|d|e|r|,102210fe594ee9b33d82058545b1ed14f4c8206e,PerceptualSpeedIndex,twitter,True,twitter PerceptualSpeedIndex opt bytecode-cached cold fission webrender,,77,ms,firefox,451906225.0,1862571224,2024-03-22 10:08:21,596.0,48b19f0a3ca9e2d02e502182cb41095a870c3c30,1397249,,,,,,,,,,,,,,,,,,,,,,,,,,,,,,,,,,,,,,,,,,,,,,,,,,,,,,,,,,,,,TN,TN
autoland,4405952,13,ad8d5d1385265583919f5a224e1153902b6eef60,macosx1015-64-shippable-qr,True,False,,|b|y|t|e|c|o|d|e|-|c|a|c|h|e|d| |c|o|l|d| |f|i|s|s|i|o|n| |w|e|b|r|e|n|d|e|r|,102210fe594ee9b33d82058545b1ed14f4c8206e,PerceptualSpeedIndex,twitter,True,twitter PerceptualSpeedIndex opt bytecode-cached cold fission webrender,,77,ms,firefox,451960108.0,1862793917,2024-03-22 13:22:55,640.4,640f274ba8d721083e3a62631c1c96e652d0965c,1397337,,,,,,,,,,,,,,,,,,,,,,,,,,,,,,,,,,,,,,,,,,,,,,,,,,,,,,,,,,,,,TN,TN
autoland,4405952,13,ad8d5d1385265583919f5a224e1153902b6eef60,macosx1015-64-shippable-qr,True,False,,|b|y|t|e|c|o|d|e|-|c|a|c|h|e|d| |c|o|l|d| |f|i|s|s|i|o|n| |w|e|b|r|e|n|d|e|r|,102210fe594ee9b33d82058545b1ed14f4c8206e,PerceptualSpeedIndex,twitter,True,twitter PerceptualSpeedIndex opt bytecode-cached cold fission webrender,,77,ms,firefox,451979530.0,1862873518,2024-03-22 17:28:16,635.2,d12a19660d53686074475ffbbed160cc788ebe05,1397524,,,,,,,,,,,,,,,,,,,,,,,,,,,,,,,,,,,,,,,,,,,,,,,,,,,,,,,,,,,,,TN,TN
autoland,4405952,13,ad8d5d1385265583919f5a224e1153902b6eef60,macosx1015-64-shippable-qr,True,False,,|b|y|t|e|c|o|d|e|-|c|a|c|h|e|d| |c|o|l|d| |f|i|s|s|i|o|n| |w|e|b|r|e|n|d|e|r|,102210fe594ee9b33d82058545b1ed14f4c8206e,PerceptualSpeedIndex,twitter,True,twitter PerceptualSpeedIndex opt bytecode-cached cold fission webrender,,77,ms,firefox,451983975.0,1862907543,2024-03-22 22:43:04,628.2,a008405a9171acdb92d2997564e16713185f054f,1397682,,,,,,,,,,,,,,,,,,,,,,,,,,,,,,,,,,,,,,,,,,,,,,,,,,,,,,,,,,,,,TN,TN
autoland,4405952,13,ad8d5d1385265583919f5a224e1153902b6eef60,macosx1015-64-shippable-qr,True,False,,|b|y|t|e|c|o|d|e|-|c|a|c|h|e|d| |c|o|l|d| |f|i|s|s|i|o|n| |w|e|b|r|e|n|d|e|r|,102210fe594ee9b33d82058545b1ed14f4c8206e,PerceptualSpeedIndex,twitter,True,twitter PerceptualSpeedIndex opt bytecode-cached cold fission webrender,,77,ms,firefox,451986008.0,1862931579,2024-03-23 04:11:22,586.0,341c752f9f931ed8ca1220eb7006bdfcd026038e,1397768,,,,,,,,,,,,,,,,,,,,,,,,,,,,,,,,,,,,,,,,,,,,,,,,,,,,,,,,,,,,,TN,TN
autoland,4405952,13,ad8d5d1385265583919f5a224e1153902b6eef60,macosx1015-64-shippable-qr,True,False,,|b|y|t|e|c|o|d|e|-|c|a|c|h|e|d| |c|o|l|d| |f|i|s|s|i|o|n| |w|e|b|r|e|n|d|e|r|,102210fe594ee9b33d82058545b1ed14f4c8206e,PerceptualSpeedIndex,twitter,True,twitter PerceptualSpeedIndex opt bytecode-cached cold fission webrender,,77,ms,firefox,451998244.0,1862981124,2024-03-23 08:45:37,576.1,7575296d6781e483bc76a289f68623eb548baac4,1397819,,,,,,,,,,,,,,,,,,,,,,,,,,,,,,,,,,,,,,,,,,,,,,,,,,,,,,,,,,,,,TN,TN
autoland,4405952,13,ad8d5d1385265583919f5a224e1153902b6eef60,macosx1015-64-shippable-qr,True,False,,|b|y|t|e|c|o|d|e|-|c|a|c|h|e|d| |c|o|l|d| |f|i|s|s|i|o|n| |w|e|b|r|e|n|d|e|r|,102210fe594ee9b33d82058545b1ed14f4c8206e,PerceptualSpeedIndex,twitter,True,twitter PerceptualSpeedIndex opt bytecode-cached cold fission webrender,,77,ms,firefox,452018525.0,1863049103,2024-03-23 13:51:59,575.6,47e43ed2bb6cad873900cd00ccf834a51f3dfe83,1397843,,,,,,,,,,,,,,,,,,,,,,,,,,,,,,,,,,,,,,,,,,,,,,,,,,,,,,,,,,,,,TN,TN
autoland,4405952,13,ad8d5d1385265583919f5a224e1153902b6eef60,macosx1015-64-shippable-qr,True,False,,|b|y|t|e|c|o|d|e|-|c|a|c|h|e|d| |c|o|l|d| |f|i|s|s|i|o|n| |w|e|b|r|e|n|d|e|r|,102210fe594ee9b33d82058545b1ed14f4c8206e,PerceptualSpeedIndex,twitter,True,twitter PerceptualSpeedIndex opt bytecode-cached cold fission webrender,,77,ms,firefox,452028729.0,1863090897,2024-03-23 18:44:13,637.9,69c342123c6fdb9190169823dd12a42a77559b9f,1397871,,,,,,,,,,,,,,,,,,,,,,,,,,,,,,,,,,,,,,,,,,,,,,,,,,,,,,,,,,,,,TN,TN
autoland,4405952,13,ad8d5d1385265583919f5a224e1153902b6eef60,macosx1015-64-shippable-qr,True,False,,|b|y|t|e|c|o|d|e|-|c|a|c|h|e|d| |c|o|l|d| |f|i|s|s|i|o|n| |w|e|b|r|e|n|d|e|r|,102210fe594ee9b33d82058545b1ed14f4c8206e,PerceptualSpeedIndex,twitter,True,twitter PerceptualSpeedIndex opt bytecode-cached cold fission webrender,,77,ms,firefox,452053817.0,1863223966,2024-03-24 00:54:50,685.2,c43bc8bba8a808b2f5005002f96936afa3697b34,1397899,,,,,,,,,,,,,,,,,,,,,,,,,,,,,,,,,,,,,,,,,,,,,,,,,,,,,,,,,,,,,TN,TN
autoland,4405952,13,ad8d5d1385265583919f5a224e1153902b6eef60,macosx1015-64-shippable-qr,True,False,,|b|y|t|e|c|o|d|e|-|c|a|c|h|e|d| |c|o|l|d| |f|i|s|s|i|o|n| |w|e|b|r|e|n|d|e|r|,102210fe594ee9b33d82058545b1ed14f4c8206e,PerceptualSpeedIndex,twitter,True,twitter PerceptualSpeedIndex opt bytecode-cached cold fission webrender,,77,ms,firefox,452056397.0,1863233529,2024-03-24 07:02:41,577.8,fa1b327e74e89e08f7fff24dbb35f11e48736aab,1397916,,,,,,,,,,,,,,,,,,,,,,,,,,,,,,,,,,,,,,,,,,,,,,,,,,,,,,,,,,,,,TN,TN
autoland,4405952,13,ad8d5d1385265583919f5a224e1153902b6eef60,macosx1015-64-shippable-qr,True,False,,|b|y|t|e|c|o|d|e|-|c|a|c|h|e|d| |c|o|l|d| |f|i|s|s|i|o|n| |w|e|b|r|e|n|d|e|r|,102210fe594ee9b33d82058545b1ed14f4c8206e,PerceptualSpeedIndex,twitter,True,twitter PerceptualSpeedIndex opt bytecode-cached cold fission webrender,,77,ms,firefox,452075361.0,1863296932,2024-03-24 11:13:54,583.9,f0597fea22797603c0e45ec1c43433afa5ed6dcd,1397937,,,,,,,,,,,,,,,,,,,,,,,,,,,,,,,,,,,,,,,,,,,,,,,,,,,,,,,,,,,,,TN,TN
autoland,4405952,13,ad8d5d1385265583919f5a224e1153902b6eef60,macosx1015-64-shippable-qr,True,False,,|b|y|t|e|c|o|d|e|-|c|a|c|h|e|d| |c|o|l|d| |f|i|s|s|i|o|n| |w|e|b|r|e|n|d|e|r|,102210fe594ee9b33d82058545b1ed14f4c8206e,PerceptualSpeedIndex,twitter,True,twitter PerceptualSpeedIndex opt bytecode-cached cold fission webrender,,77,ms,firefox,452092348.0,1863351860,2024-03-24 18:59:17,587.5,6ec4249c788c48dc30dfb8737228af711e49fde2,1397954,,,,,,,,,,,,,,,,,,,,,,,,,,,,,,,,,,,,,,,,,,,,,,,,,,,,,,,,,,,,,TN,TN
autoland,4405952,13,ad8d5d1385265583919f5a224e1153902b6eef60,macosx1015-64-shippable-qr,True,False,,|b|y|t|e|c|o|d|e|-|c|a|c|h|e|d| |c|o|l|d| |f|i|s|s|i|o|n| |w|e|b|r|e|n|d|e|r|,102210fe594ee9b33d82058545b1ed14f4c8206e,PerceptualSpeedIndex,twitter,True,twitter PerceptualSpeedIndex opt bytecode-cached cold fission webrender,,77,ms,firefox,452105801.0,1863406639,2024-03-24 23:02:44,645.8,f16b84d2aab6142f8b4fd6de574e96c2f551ebc7,1397973,,,,,,,,,,,,,,,,,,,,,,,,,,,,,,,,,,,,,,,,,,,,,,,,,,,,,,,,,,,,,TN,TN
autoland,4405952,13,ad8d5d1385265583919f5a224e1153902b6eef60,macosx1015-64-shippable-qr,True,False,,|b|y|t|e|c|o|d|e|-|c|a|c|h|e|d| |c|o|l|d| |f|i|s|s|i|o|n| |w|e|b|r|e|n|d|e|r|,102210fe594ee9b33d82058545b1ed14f4c8206e,PerceptualSpeedIndex,twitter,True,twitter PerceptualSpeedIndex opt bytecode-cached cold fission webrender,,77,ms,firefox,452115308.0,1863445298,2024-03-25 03:31:22,569.5,19d905446a32ebc5b281e61c8ee49718ee784a25,1397989,,,,,,,,,,,,,,,,,,,,,,,,,,,,,,,,,,,,,,,,,,,,,,,,,,,,,,,,,,,,,TN,TN
autoland,4405952,13,ad8d5d1385265583919f5a224e1153902b6eef60,macosx1015-64-shippable-qr,True,False,,|b|y|t|e|c|o|d|e|-|c|a|c|h|e|d| |c|o|l|d| |f|i|s|s|i|o|n| |w|e|b|r|e|n|d|e|r|,102210fe594ee9b33d82058545b1ed14f4c8206e,PerceptualSpeedIndex,twitter,True,twitter PerceptualSpeedIndex opt bytecode-cached cold fission webrender,,77,ms,firefox,452184268.0,1863720376,2024-03-25 08:43:58,577.4,db7773c959d542b2327b7158f769c657e46e2992,1398035,,,,,,,,,,,,,,,,,,,,,,,,,,,,,,,,,,,,,,,,,,,,,,,,,,,,,,,,,,,,,TN,TN
autoland,4405952,13,ad8d5d1385265583919f5a224e1153902b6eef60,macosx1015-64-shippable-qr,True,False,,|b|y|t|e|c|o|d|e|-|c|a|c|h|e|d| |c|o|l|d| |f|i|s|s|i|o|n| |w|e|b|r|e|n|d|e|r|,102210fe594ee9b33d82058545b1ed14f4c8206e,PerceptualSpeedIndex,twitter,True,twitter PerceptualSpeedIndex opt bytecode-cached cold fission webrender,,77,ms,firefox,452191459.0,1863737829,2024-03-25 09:25:18,642.3,71c813e27dff32e4664eb9116e60097837485bfb,1398057,,,,,,,,,,,,,,,,,,,,,,,,,,,,,,,,,,,,,,,,,,,,,,,,,,,,,,,,,,,,,TN,TN
autoland,4405952,13,ad8d5d1385265583919f5a224e1153902b6eef60,macosx1015-64-shippable-qr,True,False,,|b|y|t|e|c|o|d|e|-|c|a|c|h|e|d| |c|o|l|d| |f|i|s|s|i|o|n| |w|e|b|r|e|n|d|e|r|,102210fe594ee9b33d82058545b1ed14f4c8206e,PerceptualSpeedIndex,twitter,True,twitter PerceptualSpeedIndex opt bytecode-cached cold fission webrender,,77,ms,firefox,452293780.0,1864163496,2024-03-25 13:40:37,593.2,5969005dae85cc8ac486b2f0bdbb7454b660f252,1398214,,,,,,,,,,,,,,,,,,,,,,,,,,,,,,,,,,,,,,,,,,,,,,,,,,,,,,,,,,,,,TN,TN
autoland,4405952,13,ad8d5d1385265583919f5a224e1153902b6eef60,macosx1015-64-shippable-qr,True,False,,|b|y|t|e|c|o|d|e|-|c|a|c|h|e|d| |c|o|l|d| |f|i|s|s|i|o|n| |w|e|b|r|e|n|d|e|r|,102210fe594ee9b33d82058545b1ed14f4c8206e,PerceptualSpeedIndex,twitter,True,twitter PerceptualSpeedIndex opt bytecode-cached cold fission webrender,,77,ms,firefox,452294348.0,1864170176,2024-03-25 14:05:55,576.3,19dcff1ee3fcbb431110e0639c80a3ba51ee0a34,1398235,,,,,,,,,,,,,,,,,,,,,,,,,,,,,,,,,,,,,,,,,,,,,,,,,,,,,,,,,,,,,TN,TN
autoland,4405952,13,ad8d5d1385265583919f5a224e1153902b6eef60,macosx1015-64-shippable-qr,True,False,,|b|y|t|e|c|o|d|e|-|c|a|c|h|e|d| |c|o|l|d| |f|i|s|s|i|o|n| |w|e|b|r|e|n|d|e|r|,102210fe594ee9b33d82058545b1ed14f4c8206e,PerceptualSpeedIndex,twitter,True,twitter PerceptualSpeedIndex opt bytecode-cached cold fission webrender,,77,ms,firefox,452399841.0,1864613678,2024-03-25 14:40:25,579.1,1ccfb1fee9008dff43ef927076a3c5188eb2e683,1398263,,,,,,,,,,,,,,,,,,,,,,,,,,,,,,,,,,,,,,,,,,,,,,,,,,,,,,,,,,,,,TN,TN
autoland,4405952,13,ad8d5d1385265583919f5a224e1153902b6eef60,macosx1015-64-shippable-qr,True,False,,|b|y|t|e|c|o|d|e|-|c|a|c|h|e|d| |c|o|l|d| |f|i|s|s|i|o|n| |w|e|b|r|e|n|d|e|r|,102210fe594ee9b33d82058545b1ed14f4c8206e,PerceptualSpeedIndex,twitter,True,twitter PerceptualSpeedIndex opt bytecode-cached cold fission webrender,,77,ms,firefox,452378909.0,1864540814,2024-03-25 14:55:12,588.9,4c62ed2fd27692e962d9d0568404bbc956674765,1398275,,,,,,,,,,,,,,,,,,,,,,,,,,,,,,,,,,,,,,,,,,,,,,,,,,,,,,,,,,,,,TN,TN
autoland,4405952,13,ad8d5d1385265583919f5a224e1153902b6eef60,macosx1015-64-shippable-qr,True,False,,|b|y|t|e|c|o|d|e|-|c|a|c|h|e|d| |c|o|l|d| |f|i|s|s|i|o|n| |w|e|b|r|e|n|d|e|r|,102210fe594ee9b33d82058545b1ed14f4c8206e,PerceptualSpeedIndex,twitter,True,twitter PerceptualSpeedIndex opt bytecode-cached cold fission webrender,,77,ms,firefox,452399766.0,1864611403,2024-03-25 16:24:33,576.7,83e8fe031f9498f26b15b45bed88798d2ec510d6,1398337,,,,,,,,,,,,,,,,,,,,,,,,,,,,,,,,,,,,,,,,,,,,,,,,,,,,,,,,,,,,,TN,TN
autoland,4405952,13,ad8d5d1385265583919f5a224e1153902b6eef60,macosx1015-64-shippable-qr,True,False,,|b|y|t|e|c|o|d|e|-|c|a|c|h|e|d| |c|o|l|d| |f|i|s|s|i|o|n| |w|e|b|r|e|n|d|e|r|,102210fe594ee9b33d82058545b1ed14f4c8206e,PerceptualSpeedIndex,twitter,True,twitter PerceptualSpeedIndex opt bytecode-cached cold fission webrender,,77,ms,firefox,452403022.0,1864616436,2024-03-25 16:26:02,571.0,2bd9a68e0e0eed71138c8a8cd57f238938d37bad,1398338,,,,,,,,,,,,,,,,,,,,,,,,,,,,,,,,,,,,,,,,,,,,,,,,,,,,,,,,,,,,,TN,TN
autoland,4405952,13,ad8d5d1385265583919f5a224e1153902b6eef60,macosx1015-64-shippable-qr,True,False,,|b|y|t|e|c|o|d|e|-|c|a|c|h|e|d| |c|o|l|d| |f|i|s|s|i|o|n| |w|e|b|r|e|n|d|e|r|,102210fe594ee9b33d82058545b1ed14f4c8206e,PerceptualSpeedIndex,twitter,True,twitter PerceptualSpeedIndex opt bytecode-cached cold fission webrender,,77,ms,firefox,452334471.0,1864368302,2024-03-25 17:00:38,576.6,9b5934ed0d6138133e3cab84d859a8e38bd43683,1398374,,,,,,,,,,,,,,,,,,,,,,,,,,,,,,,,,,,,,,,,,,,,,,,,,,,,,,,,,,,,,TN,TN
autoland,4405952,13,ad8d5d1385265583919f5a224e1153902b6eef60,macosx1015-64-shippable-qr,True,False,,|b|y|t|e|c|o|d|e|-|c|a|c|h|e|d| |c|o|l|d| |f|i|s|s|i|o|n| |w|e|b|r|e|n|d|e|r|,102210fe594ee9b33d82058545b1ed14f4c8206e,PerceptualSpeedIndex,twitter,True,twitter PerceptualSpeedIndex opt bytecode-cached cold fission webrender,,77,ms,firefox,452338169.0,1864379720,2024-03-25 20:16:40,573.2,05ef22f3485b9acca72235e56c8e11abea982310,1398545,,,,,,,,,,,,,,,,,,,,,,,,,,,,,,,,,,,,,,,,,,,,,,,,,,,,,,,,,,,,,TN,TN
autoland,4405952,13,ad8d5d1385265583919f5a224e1153902b6eef60,macosx1015-64-shippable-qr,True,False,,|b|y|t|e|c|o|d|e|-|c|a|c|h|e|d| |c|o|l|d| |f|i|s|s|i|o|n| |w|e|b|r|e|n|d|e|r|,102210fe594ee9b33d82058545b1ed14f4c8206e,PerceptualSpeedIndex,twitter,True,twitter PerceptualSpeedIndex opt bytecode-cached cold fission webrender,,77,ms,firefox,452370997.0,1864484015,2024-03-26 00:18:31,582.4,af6fe1ffacb6272ced1d27e874f376c671a19461,1398725,,,,,,,,,,,,,,,,,,,,,,,,,,,,,,,,,,,,,,,,,,,,,,,,,,,,,,,,,,,,,TN,TN
autoland,4405952,13,ad8d5d1385265583919f5a224e1153902b6eef60,macosx1015-64-shippable-qr,True,False,,|b|y|t|e|c|o|d|e|-|c|a|c|h|e|d| |c|o|l|d| |f|i|s|s|i|o|n| |w|e|b|r|e|n|d|e|r|,102210fe594ee9b33d82058545b1ed14f4c8206e,PerceptualSpeedIndex,twitter,True,twitter PerceptualSpeedIndex opt bytecode-cached cold fission webrender,,77,ms,firefox,452377162.0,1864506348,2024-03-26 01:24:19,569.8,f0c093accca57074b185d7b3a5a76937ae8c57ed,1398741,,,,,,,,,,,,,,,,,,,,,,,,,,,,,,,,,,,,,,,,,,,,,,,,,,,,,,,,,,,,,TN,TN
autoland,4405952,13,ad8d5d1385265583919f5a224e1153902b6eef60,macosx1015-64-shippable-qr,True,False,,|b|y|t|e|c|o|d|e|-|c|a|c|h|e|d| |c|o|l|d| |f|i|s|s|i|o|n| |w|e|b|r|e|n|d|e|r|,102210fe594ee9b33d82058545b1ed14f4c8206e,PerceptualSpeedIndex,twitter,True,twitter PerceptualSpeedIndex opt bytecode-cached cold fission webrender,,77,ms,firefox,452463226.0,1864894432,2024-03-26 04:41:36,564.7,1ae61dcda070d554cd7c9925dce2611bc43f0c02,1398794,,,,,,,,,,,,,,,,,,,,,,,,,,,,,,,,,,,,,,,,,,,,,,,,,,,,,,,,,,,,,TN,TN
autoland,4405952,13,ad8d5d1385265583919f5a224e1153902b6eef60,macosx1015-64-shippable-qr,True,False,,|b|y|t|e|c|o|d|e|-|c|a|c|h|e|d| |c|o|l|d| |f|i|s|s|i|o|n| |w|e|b|r|e|n|d|e|r|,102210fe594ee9b33d82058545b1ed14f4c8206e,PerceptualSpeedIndex,twitter,True,twitter PerceptualSpeedIndex opt bytecode-cached cold fission webrender,,77,ms,firefox,452462134.0,1864883095,2024-03-26 04:44:39,590.3,c1b5b1e89360513f3c4b81679bb7a25e0482a533,1398796,,,,,,,,,,,,,,,,,,,,,,,,,,,,,,,,,,,,,,,,,,,,,,,,,,,,,,,,,,,,,TN,TN
autoland,4405952,13,ad8d5d1385265583919f5a224e1153902b6eef60,macosx1015-64-shippable-qr,True,False,,|b|y|t|e|c|o|d|e|-|c|a|c|h|e|d| |c|o|l|d| |f|i|s|s|i|o|n| |w|e|b|r|e|n|d|e|r|,102210fe594ee9b33d82058545b1ed14f4c8206e,PerceptualSpeedIndex,twitter,True,twitter PerceptualSpeedIndex opt bytecode-cached cold fission webrender,,77,ms,firefox,452404752.0,1864624065,2024-03-26 06:19:49,606.1,f76227b1c05f51b70e7d261e993b5cfa5fd8ee70,1398803,,,,,,,,,,,,,,,,,,,,,,,,,,,,,,,,,,,,,,,,,,,,,,,,,,,,,,,,,,,,,TN,TN
autoland,4405952,13,ad8d5d1385265583919f5a224e1153902b6eef60,macosx1015-64-shippable-qr,True,False,,|b|y|t|e|c|o|d|e|-|c|a|c|h|e|d| |c|o|l|d| |f|i|s|s|i|o|n| |w|e|b|r|e|n|d|e|r|,102210fe594ee9b33d82058545b1ed14f4c8206e,PerceptualSpeedIndex,twitter,True,twitter PerceptualSpeedIndex opt bytecode-cached cold fission webrender,,77,ms,firefox,452405883.0,1864634703,2024-03-26 09:05:54,578.8,e02aed8fb19856047df1d2cb7de887404e2b6956,1398850,,,,,,,,,,,,,,,,,,,,,,,,,,,,,,,,,,,,,,,,,,,,,,,,,,,,,,,,,,,,,TN,TN
autoland,4405952,13,ad8d5d1385265583919f5a224e1153902b6eef60,macosx1015-64-shippable-qr,True,False,,|b|y|t|e|c|o|d|e|-|c|a|c|h|e|d| |c|o|l|d| |f|i|s|s|i|o|n| |w|e|b|r|e|n|d|e|r|,102210fe594ee9b33d82058545b1ed14f4c8206e,PerceptualSpeedIndex,twitter,True,twitter PerceptualSpeedIndex opt bytecode-cached cold fission webrender,,77,ms,firefox,452469090.0,1864938932,2024-03-26 12:41:45,645.8,1710585070f00b71f9dc85559d71f4504cb8ffbf,1398957,,,,,,,,,,,,,,,,,,,,,,,,,,,,,,,,,,,,,,,,,,,,,,,,,,,,,,,,,,,,,TN,TN
autoland,4405952,13,ad8d5d1385265583919f5a224e1153902b6eef60,macosx1015-64-shippable-qr,True,False,,|b|y|t|e|c|o|d|e|-|c|a|c|h|e|d| |c|o|l|d| |f|i|s|s|i|o|n| |w|e|b|r|e|n|d|e|r|,102210fe594ee9b33d82058545b1ed14f4c8206e,PerceptualSpeedIndex,twitter,True,twitter PerceptualSpeedIndex opt bytecode-cached cold fission webrender,,77,ms,firefox,452469635.0,1864940892,2024-03-26 12:54:29,568.2,2e46f8032c78c727d5e4202817d08e677b5804b2,1398963,,,,,,,,,,,,,,,,,,,,,,,,,,,,,,,,,,,,,,,,,,,,,,,,,,,,,,,,,,,,,TN,TN
autoland,4405952,13,ad8d5d1385265583919f5a224e1153902b6eef60,macosx1015-64-shippable-qr,True,False,,|b|y|t|e|c|o|d|e|-|c|a|c|h|e|d| |c|o|l|d| |f|i|s|s|i|o|n| |w|e|b|r|e|n|d|e|r|,102210fe594ee9b33d82058545b1ed14f4c8206e,PerceptualSpeedIndex,twitter,True,twitter PerceptualSpeedIndex opt bytecode-cached cold fission webrender,,77,ms,firefox,452409456.0,1864651058,2024-03-26 12:57:56,574.0,8bfc3595e66f8c45af3a35d0489015d7522799d3,1398965,,,,,,,,,,,,,,,,,,,,,,,,,,,,,,,,,,,,,,,,,,,,,,,,,,,,,,,,,,,,,TN,TN
autoland,4405952,13,ad8d5d1385265583919f5a224e1153902b6eef60,macosx1015-64-shippable-qr,True,False,,|b|y|t|e|c|o|d|e|-|c|a|c|h|e|d| |c|o|l|d| |f|i|s|s|i|o|n| |w|e|b|r|e|n|d|e|r|,102210fe594ee9b33d82058545b1ed14f4c8206e,PerceptualSpeedIndex,twitter,True,twitter PerceptualSpeedIndex opt bytecode-cached cold fission webrender,,77,ms,firefox,452411055.0,1864659853,2024-03-26 16:59:38,581.0,a95909edf99f57b3e1ff98f748fd9e2ff57447da,1399161,,,,,,,,,,,,,,,,,,,,,,,,,,,,,,,,,,,,,,,,,,,,,,,,,,,,,,,,,,,,,TN,TN
autoland,4405952,13,ad8d5d1385265583919f5a224e1153902b6eef60,macosx1015-64-shippable-qr,True,False,,|b|y|t|e|c|o|d|e|-|c|a|c|h|e|d| |c|o|l|d| |f|i|s|s|i|o|n| |w|e|b|r|e|n|d|e|r|,102210fe594ee9b33d82058545b1ed14f4c8206e,PerceptualSpeedIndex,twitter,True,twitter PerceptualSpeedIndex opt bytecode-cached cold fission webrender,,77,ms,firefox,452413180.0,1864669441,2024-03-26 17:44:32,577.1,a93eeb987e4a1e533ac94ec0d1703c6f9b52b9ef,1399196,,,,,,,,,,,,,,,,,,,,,,,,,,,,,,,,,,,,,,,,,,,,,,,,,,,,,,,,,,,,,TN,TN
autoland,4405952,13,ad8d5d1385265583919f5a224e1153902b6eef60,macosx1015-64-shippable-qr,True,False,,|b|y|t|e|c|o|d|e|-|c|a|c|h|e|d| |c|o|l|d| |f|i|s|s|i|o|n| |w|e|b|r|e|n|d|e|r|,102210fe594ee9b33d82058545b1ed14f4c8206e,PerceptualSpeedIndex,twitter,True,twitter PerceptualSpeedIndex opt bytecode-cached cold fission webrender,,77,ms,firefox,452462403.0,1864886968,2024-03-26 18:41:01,637.8,883e713c301355d165c64ba2ea14c7656f777c11,1399241,,,,,,,,,,,,,,,,,,,,,,,,,,,,,,,,,,,,,,,,,,,,,,,,,,,,,,,,,,,,,TN,TN
autoland,4405952,13,ad8d5d1385265583919f5a224e1153902b6eef60,macosx1015-64-shippable-qr,True,False,,|b|y|t|e|c|o|d|e|-|c|a|c|h|e|d| |c|o|l|d| |f|i|s|s|i|o|n| |w|e|b|r|e|n|d|e|r|,102210fe594ee9b33d82058545b1ed14f4c8206e,PerceptualSpeedIndex,twitter,True,twitter PerceptualSpeedIndex opt bytecode-cached cold fission webrender,,77,ms,firefox,452466050.0,1864905714,2024-03-26 18:41:57,575.7,4e4e3eb212c5618c3d27c5729b6dad691c4d3ca7,1399243,,,,,,,,,,,,,,,,,,,,,,,,,,,,,,,,,,,,,,,,,,,,,,,,,,,,,,,,,,,,,TN,TN
autoland,4405952,13,ad8d5d1385265583919f5a224e1153902b6eef60,macosx1015-64-shippable-qr,True,False,,|b|y|t|e|c|o|d|e|-|c|a|c|h|e|d| |c|o|l|d| |f|i|s|s|i|o|n| |w|e|b|r|e|n|d|e|r|,102210fe594ee9b33d82058545b1ed14f4c8206e,PerceptualSpeedIndex,twitter,True,twitter PerceptualSpeedIndex opt bytecode-cached cold fission webrender,,77,ms,firefox,452415430.0,1864678762,2024-03-26 19:19:03,575.9,dfd96ba0e09153e6f98c22d8adcaf944059434ac,1399261,,,,,,,,,,,,,,,,,,,,,,,,,,,,,,,,,,,,,,,,,,,,,,,,,,,,,,,,,,,,,TN,TN
autoland,4405952,13,ad8d5d1385265583919f5a224e1153902b6eef60,macosx1015-64-shippable-qr,True,False,,|b|y|t|e|c|o|d|e|-|c|a|c|h|e|d| |c|o|l|d| |f|i|s|s|i|o|n| |w|e|b|r|e|n|d|e|r|,102210fe594ee9b33d82058545b1ed14f4c8206e,PerceptualSpeedIndex,twitter,True,twitter PerceptualSpeedIndex opt bytecode-cached cold fission webrender,,77,ms,firefox,452462060.0,1864881866,2024-03-26 19:19:54,567.1,aa1041e84618525b4fff77ccce55ab917a531b1c,1399262,,,,,,,,,,,,,,,,,,,,,,,,,,,,,,,,,,,,,,,,,,,,,,,,,,,,,,,,,,,,,TN,TN
autoland,4405952,13,ad8d5d1385265583919f5a224e1153902b6eef60,macosx1015-64-shippable-qr,True,False,,|b|y|t|e|c|o|d|e|-|c|a|c|h|e|d| |c|o|l|d| |f|i|s|s|i|o|n| |w|e|b|r|e|n|d|e|r|,102210fe594ee9b33d82058545b1ed14f4c8206e,PerceptualSpeedIndex,twitter,True,twitter PerceptualSpeedIndex opt bytecode-cached cold fission webrender,,77,ms,firefox,452468074.0,1864926128,2024-03-26 19:20:40,571.5,e59265cb671fad14d00aea4eb38d55c300d7c3ef,1399263,,,,,,,,,,,,,,,,,,,,,,,,,,,,,,,,,,,,,,,,,,,,,,,,,,,,,,,,,,,,,TN,TN
autoland,4405952,13,ad8d5d1385265583919f5a224e1153902b6eef60,macosx1015-64-shippable-qr,True,False,,|b|y|t|e|c|o|d|e|-|c|a|c|h|e|d| |c|o|l|d| |f|i|s|s|i|o|n| |w|e|b|r|e|n|d|e|r|,102210fe594ee9b33d82058545b1ed14f4c8206e,PerceptualSpeedIndex,twitter,True,twitter PerceptualSpeedIndex opt bytecode-cached cold fission webrender,,77,ms,firefox,452432661.0,1864744708,2024-03-26 22:59:31,584.6,babb5943701ffb0ddb6991106d28f73ad2061bb6,1399480,,,,,,,,,,,,,,,,,,,,,,,,,,,,,,,,,,,,,,,,,,,,,,,,,,,,,,,,,,,,,TN,TN
autoland,4405952,13,ad8d5d1385265583919f5a224e1153902b6eef60,macosx1015-64-shippable-qr,True,False,,|b|y|t|e|c|o|d|e|-|c|a|c|h|e|d| |c|o|l|d| |f|i|s|s|i|o|n| |w|e|b|r|e|n|d|e|r|,102210fe594ee9b33d82058545b1ed14f4c8206e,PerceptualSpeedIndex,twitter,True,twitter PerceptualSpeedIndex opt bytecode-cached cold fission webrender,,77,ms,firefox,452481326.0,1865006476,2024-03-27 06:25:00,575.3,1e79b6199559c2d8acfccdb5e9d5bc62033e6c15,1399622,,,,,,,,,,,,,,,,,,,,,,,,,,,,,,,,,,,,,,,,,,,,,,,,,,,,,,,,,,,,,TN,TN
autoland,4405952,13,ad8d5d1385265583919f5a224e1153902b6eef60,macosx1015-64-shippable-qr,True,False,,|b|y|t|e|c|o|d|e|-|c|a|c|h|e|d| |c|o|l|d| |f|i|s|s|i|o|n| |w|e|b|r|e|n|d|e|r|,102210fe594ee9b33d82058545b1ed14f4c8206e,PerceptualSpeedIndex,twitter,True,twitter PerceptualSpeedIndex opt bytecode-cached cold fission webrender,,77,ms,firefox,452629161.0,1865584483,2024-03-27 06:38:16,570.5,622bd952017025edfe3b7763206ce176b1fd01a7,1399627,,,,,,,,,,,,,,,,,,,,,,,,,,,,,,,,,,,,,,,,,,,,,,,,,,,,,,,,,,,,,TN,TN
autoland,4405952,13,ad8d5d1385265583919f5a224e1153902b6eef60,macosx1015-64-shippable-qr,True,False,,|b|y|t|e|c|o|d|e|-|c|a|c|h|e|d| |c|o|l|d| |f|i|s|s|i|o|n| |w|e|b|r|e|n|d|e|r|,102210fe594ee9b33d82058545b1ed14f4c8206e,PerceptualSpeedIndex,twitter,True,twitter PerceptualSpeedIndex opt bytecode-cached cold fission webrender,,77,ms,firefox,452628511.0,1865579600,2024-03-27 06:40:48,583.6,b3b57606103afb4c7c6eb41d87b2ccb21add6030,1399631,,,,,,,,,,,,,,,,,,,,,,,,,,,,,,,,,,,,,,,,,,,,,,,,,,,,,,,,,,,,,TN,TN
autoland,4405952,13,ad8d5d1385265583919f5a224e1153902b6eef60,macosx1015-64-shippable-qr,True,False,,|b|y|t|e|c|o|d|e|-|c|a|c|h|e|d| |c|o|l|d| |f|i|s|s|i|o|n| |w|e|b|r|e|n|d|e|r|,102210fe594ee9b33d82058545b1ed14f4c8206e,PerceptualSpeedIndex,twitter,True,twitter PerceptualSpeedIndex opt bytecode-cached cold fission webrender,,77,ms,firefox,452494491.0,1865060147,2024-03-27 09:31:11,643.4,7f2993771f48536c575137e4b51984ab6d3de136,1399694,,,,,,,,,,,,,,,,,,,,,,,,,,,,,,,,,,,,,,,,,,,,,,,,,,,,,,,,,,,,,TN,TN
autoland,4405952,13,ad8d5d1385265583919f5a224e1153902b6eef60,macosx1015-64-shippable-qr,True,False,,|b|y|t|e|c|o|d|e|-|c|a|c|h|e|d| |c|o|l|d| |f|i|s|s|i|o|n| |w|e|b|r|e|n|d|e|r|,102210fe594ee9b33d82058545b1ed14f4c8206e,PerceptualSpeedIndex,twitter,True,twitter PerceptualSpeedIndex opt bytecode-cached cold fission webrender,,77,ms,firefox,452535760.0,1865241133,2024-03-27 13:38:48,644.3,bc7ca80e302a788b0c3cc63cb148c628351b4946,1399827,,,,,,,,,,,,,,,,,,,,,,,,,,,,,,,,,,,,,,,,,,,,,,,,,,,,,,,,,,,,,TN,TN
autoland,4405952,13,ad8d5d1385265583919f5a224e1153902b6eef60,macosx1015-64-shippable-qr,True,False,,|b|y|t|e|c|o|d|e|-|c|a|c|h|e|d| |c|o|l|d| |f|i|s|s|i|o|n| |w|e|b|r|e|n|d|e|r|,102210fe594ee9b33d82058545b1ed14f4c8206e,PerceptualSpeedIndex,twitter,True,twitter PerceptualSpeedIndex opt bytecode-cached cold fission webrender,,77,ms,firefox,452548784.0,1865283245,2024-03-27 15:45:41,589.4,f8ac03b3c764017d5704deed413c8d35c99978fd,1399897,,,,,,,,,,,,,,,,,,,,,,,,,,,,,,,,,,,,,,,,,,,,,,,,,,,,,,,,,,,,,TN,TN
autoland,4405952,13,ad8d5d1385265583919f5a224e1153902b6eef60,macosx1015-64-shippable-qr,True,False,,|b|y|t|e|c|o|d|e|-|c|a|c|h|e|d| |c|o|l|d| |f|i|s|s|i|o|n| |w|e|b|r|e|n|d|e|r|,102210fe594ee9b33d82058545b1ed14f4c8206e,PerceptualSpeedIndex,twitter,True,twitter PerceptualSpeedIndex opt bytecode-cached cold fission webrender,,77,ms,firefox,452621066.0,1865538090,2024-03-28 01:10:01,572.7,b1cc62489fae8d475f67dec2d9abdf69e2d47614,1400291,,,,,,,,,,,,,,,,,,,,,,,,,,,,,,,,,,,,,,,,,,,,,,,,,,,,,,,,,,,,,TN,TN
autoland,4405952,13,ad8d5d1385265583919f5a224e1153902b6eef60,macosx1015-64-shippable-qr,True,False,,|b|y|t|e|c|o|d|e|-|c|a|c|h|e|d| |c|o|l|d| |f|i|s|s|i|o|n| |w|e|b|r|e|n|d|e|r|,102210fe594ee9b33d82058545b1ed14f4c8206e,PerceptualSpeedIndex,twitter,True,twitter PerceptualSpeedIndex opt bytecode-cached cold fission webrender,,77,ms,firefox,452670992.0,1865726125,2024-03-28 09:47:39,581.4,1e7411c6b6399b5f5595f99e8d08576e473af625,1400442,,,,,,,,,,,,,,,,,,,,,,,,,,,,,,,,,,,,,,,,,,,,,,,,,,,,,,,,,,,,,TN,TN
autoland,4405952,13,ad8d5d1385265583919f5a224e1153902b6eef60,macosx1015-64-shippable-qr,True,False,,|b|y|t|e|c|o|d|e|-|c|a|c|h|e|d| |c|o|l|d| |f|i|s|s|i|o|n| |w|e|b|r|e|n|d|e|r|,102210fe594ee9b33d82058545b1ed14f4c8206e,PerceptualSpeedIndex,twitter,True,twitter PerceptualSpeedIndex opt bytecode-cached cold fission webrender,,77,ms,firefox,452673862.0,1865736755,2024-03-28 10:32:02,585.4,55aaac6352fb1fbc44f600408b2bd5a63b4ae440,1400466,,,,,,,,,,,,,,,,,,,,,,,,,,,,,,,,,,,,,,,,,,,,,,,,,,,,,,,,,,,,,TN,TN
autoland,4405952,13,ad8d5d1385265583919f5a224e1153902b6eef60,macosx1015-64-shippable-qr,True,False,,|b|y|t|e|c|o|d|e|-|c|a|c|h|e|d| |c|o|l|d| |f|i|s|s|i|o|n| |w|e|b|r|e|n|d|e|r|,102210fe594ee9b33d82058545b1ed14f4c8206e,PerceptualSpeedIndex,twitter,True,twitter PerceptualSpeedIndex opt bytecode-cached cold fission webrender,,77,ms,firefox,452888930.0,1866608766,2024-03-28 12:44:44,586.0,bbd8d31961c44a5970a51986b7c9a59266dce635,1400526,,,,,,,,,,,,,,,,,,,,,,,,,,,,,,,,,,,,,,,,,,,,,,,,,,,,,,,,,,,,,TN,TN
autoland,4405952,13,ad8d5d1385265583919f5a224e1153902b6eef60,macosx1015-64-shippable-qr,True,False,,|b|y|t|e|c|o|d|e|-|c|a|c|h|e|d| |c|o|l|d| |f|i|s|s|i|o|n| |w|e|b|r|e|n|d|e|r|,102210fe594ee9b33d82058545b1ed14f4c8206e,PerceptualSpeedIndex,twitter,True,twitter PerceptualSpeedIndex opt bytecode-cached cold fission webrender,,77,ms,firefox,452889975.0,1866613225,2024-03-28 12:45:30,588.4,ace4b125b6e06909b7a5d35847873198b28f2d27,1400527,,,,,,,,,,,,,,,,,,,,,,,,,,,,,,,,,,,,,,,,,,,,,,,,,,,,,,,,,,,,,TN,TN
autoland,4405952,13,ad8d5d1385265583919f5a224e1153902b6eef60,macosx1015-64-shippable-qr,True,False,,|b|y|t|e|c|o|d|e|-|c|a|c|h|e|d| |c|o|l|d| |f|i|s|s|i|o|n| |w|e|b|r|e|n|d|e|r|,102210fe594ee9b33d82058545b1ed14f4c8206e,PerceptualSpeedIndex,twitter,True,twitter PerceptualSpeedIndex opt bytecode-cached cold fission webrender,,77,ms,firefox,452701812.0,1865847694,2024-03-28 14:53:03,573.1,1c98db62bb1a20d26f812d28d86672158450e71c,1400606,,,,,,,,,,,,,,,,,,,,,,,,,,,,,,,,,,,,,,,,,,,,,,,,,,,,,,,,,,,,,TN,TN
autoland,4405952,13,ad8d5d1385265583919f5a224e1153902b6eef60,macosx1015-64-shippable-qr,True,False,,|b|y|t|e|c|o|d|e|-|c|a|c|h|e|d| |c|o|l|d| |f|i|s|s|i|o|n| |w|e|b|r|e|n|d|e|r|,102210fe594ee9b33d82058545b1ed14f4c8206e,PerceptualSpeedIndex,twitter,True,twitter PerceptualSpeedIndex opt bytecode-cached cold fission webrender,,77,ms,firefox,452706733.0,1865867550,2024-03-28 15:08:02,594.3,2b1a58a2fa54e47a357b20bda28512cebd79f732,1400620,,,,,,,,,,,,,,,,,,,,,,,,,,,,,,,,,,,,,,,,,,,,,,,,,,,,,,,,,,,,,TN,TN
autoland,4405952,13,ad8d5d1385265583919f5a224e1153902b6eef60,macosx1015-64-shippable-qr,True,False,,|b|y|t|e|c|o|d|e|-|c|a|c|h|e|d| |c|o|l|d| |f|i|s|s|i|o|n| |w|e|b|r|e|n|d|e|r|,102210fe594ee9b33d82058545b1ed14f4c8206e,PerceptualSpeedIndex,twitter,True,twitter PerceptualSpeedIndex opt bytecode-cached cold fission webrender,,77,ms,firefox,452888656.0,1866605349,2024-03-28 17:32:47,635.6,bae88db81951e0561249da8a92815ef5d459c933,1400723,,,,,,,,,,,,,,,,,,,,,,,,,,,,,,,,,,,,,,,,,,,,,,,,,,,,,,,,,,,,,TN,TN
autoland,4405952,13,ad8d5d1385265583919f5a224e1153902b6eef60,macosx1015-64-shippable-qr,True,False,,|b|y|t|e|c|o|d|e|-|c|a|c|h|e|d| |c|o|l|d| |f|i|s|s|i|o|n| |w|e|b|r|e|n|d|e|r|,102210fe594ee9b33d82058545b1ed14f4c8206e,PerceptualSpeedIndex,twitter,True,twitter PerceptualSpeedIndex opt bytecode-cached cold fission webrender,,77,ms,firefox,452771089.0,1866128449,2024-03-28 19:06:21,610.7,b9f38a3edd45f19c8f1f0e6f96e11dea269f3399,1400789,,,,,,,,,,,,,,,,,,,,,,,,,,,,,,,,,,,,,,,,,,,,,,,,,,,,,,,,,,,,,TN,TN
autoland,4405952,13,ad8d5d1385265583919f5a224e1153902b6eef60,macosx1015-64-shippable-qr,True,False,,|b|y|t|e|c|o|d|e|-|c|a|c|h|e|d| |c|o|l|d| |f|i|s|s|i|o|n| |w|e|b|r|e|n|d|e|r|,102210fe594ee9b33d82058545b1ed14f4c8206e,PerceptualSpeedIndex,twitter,True,twitter PerceptualSpeedIndex opt bytecode-cached cold fission webrender,,77,ms,firefox,452772338.0,1866134686,2024-03-28 23:11:00,587.9,8b46ddebfb7e99c2dd8d13182e11398381eda976,1400928,,,,,,,,,,,,,,,,,,,,,,,,,,,,,,,,,,,,,,,,,,,,,,,,,,,,,,,,,,,,,TN,TN
autoland,4405952,13,ad8d5d1385265583919f5a224e1153902b6eef60,macosx1015-64-shippable-qr,True,False,,|b|y|t|e|c|o|d|e|-|c|a|c|h|e|d| |c|o|l|d| |f|i|s|s|i|o|n| |w|e|b|r|e|n|d|e|r|,102210fe594ee9b33d82058545b1ed14f4c8206e,PerceptualSpeedIndex,twitter,True,twitter PerceptualSpeedIndex opt bytecode-cached cold fission webrender,,77,ms,firefox,452775194.0,1866148600,2024-03-29 00:03:22,602.3,28b4eaeb70285be21ee6612c4e891e41c7949b68,1400956,,,,,,,,,,,,,,,,,,,,,,,,,,,,,,,,,,,,,,,,,,,,,,,,,,,,,,,,,,,,,TN,TN
autoland,4405952,13,ad8d5d1385265583919f5a224e1153902b6eef60,macosx1015-64-shippable-qr,True,False,,|b|y|t|e|c|o|d|e|-|c|a|c|h|e|d| |c|o|l|d| |f|i|s|s|i|o|n| |w|e|b|r|e|n|d|e|r|,102210fe594ee9b33d82058545b1ed14f4c8206e,PerceptualSpeedIndex,twitter,True,twitter PerceptualSpeedIndex opt bytecode-cached cold fission webrender,,77,ms,firefox,452883469.0,1866581061,2024-03-29 04:27:46,606.0,4120fb3d12f57159ca2e6809f555312e00adda5d,1401028,,,,,,,,,,,,,,,,,,,,,,,,,,,,,,,,,,,,,,,,,,,,,,,,,,,,,,,,,,,,,TN,TN
autoland,4405952,13,ad8d5d1385265583919f5a224e1153902b6eef60,macosx1015-64-shippable-qr,True,False,,|b|y|t|e|c|o|d|e|-|c|a|c|h|e|d| |c|o|l|d| |f|i|s|s|i|o|n| |w|e|b|r|e|n|d|e|r|,102210fe594ee9b33d82058545b1ed14f4c8206e,PerceptualSpeedIndex,twitter,True,twitter PerceptualSpeedIndex opt bytecode-cached cold fission webrender,,77,ms,firefox,452897047.0,1866663214,2024-03-29 12:22:16,623.9,39124d8575b2fb025ca7fd37b91e052f28e88e67,1401116,,,,,,,,,,,,,,,,,,,,,,,,,,,,,,,,,,,,,,,,,,,,,,,,,,,,,,,,,,,,,TN,TN
autoland,4405952,13,ad8d5d1385265583919f5a224e1153902b6eef60,macosx1015-64-shippable-qr,True,False,,|b|y|t|e|c|o|d|e|-|c|a|c|h|e|d| |c|o|l|d| |f|i|s|s|i|o|n| |w|e|b|r|e|n|d|e|r|,102210fe594ee9b33d82058545b1ed14f4c8206e,PerceptualSpeedIndex,twitter,True,twitter PerceptualSpeedIndex opt bytecode-cached cold fission webrender,,77,ms,firefox,452908214.0,1866709982,2024-03-29 16:11:04,670.3,33becba24b3c497daf0c1180e5c659ed3cc9028c,1401211,,,,,,,,,,,,,,,,,,,,,,,,,,,,,,,,,,,,,,,,,,,,,,,,,,,,,,,,,,,,,TN,TN
autoland,4405952,13,ad8d5d1385265583919f5a224e1153902b6eef60,macosx1015-64-shippable-qr,True,False,,|b|y|t|e|c|o|d|e|-|c|a|c|h|e|d| |c|o|l|d| |f|i|s|s|i|o|n| |w|e|b|r|e|n|d|e|r|,102210fe594ee9b33d82058545b1ed14f4c8206e,PerceptualSpeedIndex,twitter,True,twitter PerceptualSpeedIndex opt bytecode-cached cold fission webrender,,77,ms,firefox,452908787.0,1866717915,2024-03-29 20:24:43,611.7,dd4f0b5931701d3aa7f7ed94fd3ba8c45816316c,1401326,,,,,,,,,,,,,,,,,,,,,,,,,,,,,,,,,,,,,,,,,,,,,,,,,,,,,,,,,,,,,TN,TN
autoland,4405952,13,ad8d5d1385265583919f5a224e1153902b6eef60,macosx1015-64-shippable-qr,True,False,,|b|y|t|e|c|o|d|e|-|c|a|c|h|e|d| |c|o|l|d| |f|i|s|s|i|o|n| |w|e|b|r|e|n|d|e|r|,102210fe594ee9b33d82058545b1ed14f4c8206e,PerceptualSpeedIndex,twitter,True,twitter PerceptualSpeedIndex opt bytecode-cached cold fission webrender,,77,ms,firefox,452912095.0,1866738127,2024-03-30 04:38:25,612.4,2fe1ab05c8fa00d73df88b20df9bc87301a46d46,1401437,,,,,,,,,,,,,,,,,,,,,,,,,,,,,,,,,,,,,,,,,,,,,,,,,,,,,,,,,,,,,TN,TN
autoland,4405952,13,ad8d5d1385265583919f5a224e1153902b6eef60,macosx1015-64-shippable-qr,True,False,,|b|y|t|e|c|o|d|e|-|c|a|c|h|e|d| |c|o|l|d| |f|i|s|s|i|o|n| |w|e|b|r|e|n|d|e|r|,102210fe594ee9b33d82058545b1ed14f4c8206e,PerceptualSpeedIndex,twitter,True,twitter PerceptualSpeedIndex opt bytecode-cached cold fission webrender,,77,ms,firefox,452920733.0,1866771806,2024-03-30 08:43:08,590.9,3e1a0031f44e72f557f0ec79cf8423168b952d80,1401445,,,,,,,,,,,,,,,,,,,,,,,,,,,,,,,,,,,,,,,,,,,,,,,,,,,,,,,,,,,,,TN,TN
autoland,4405952,13,ad8d5d1385265583919f5a224e1153902b6eef60,macosx1015-64-shippable-qr,True,False,,|b|y|t|e|c|o|d|e|-|c|a|c|h|e|d| |c|o|l|d| |f|i|s|s|i|o|n| |w|e|b|r|e|n|d|e|r|,102210fe594ee9b33d82058545b1ed14f4c8206e,PerceptualSpeedIndex,twitter,True,twitter PerceptualSpeedIndex opt bytecode-cached cold fission webrender,,77,ms,firefox,452933817.0,1866815690,2024-03-30 16:23:17,621.1,dea770591ed30035f88966bbf45cbbcc6557cdcc,1401476,,,,,,,,,,,,,,,,,,,,,,,,,,,,,,,,,,,,,,,,,,,,,,,,,,,,,,,,,,,,,TN,TN
autoland,4405952,13,ad8d5d1385265583919f5a224e1153902b6eef60,macosx1015-64-shippable-qr,True,False,,|b|y|t|e|c|o|d|e|-|c|a|c|h|e|d| |c|o|l|d| |f|i|s|s|i|o|n| |w|e|b|r|e|n|d|e|r|,102210fe594ee9b33d82058545b1ed14f4c8206e,PerceptualSpeedIndex,twitter,True,twitter PerceptualSpeedIndex opt bytecode-cached cold fission webrender,,77,ms,firefox,452939506.0,1866844652,2024-03-30 17:37:54,616.4,d7916bbe3cb4118dd9464ef3af064b13b3b0d0c4,1401479,,,,,,,,,,,,,,,,,,,,,,,,,,,,,,,,,,,,,,,,,,,,,,,,,,,,,,,,,,,,,TN,TN
autoland,4405952,13,ad8d5d1385265583919f5a224e1153902b6eef60,macosx1015-64-shippable-qr,True,False,,|b|y|t|e|c|o|d|e|-|c|a|c|h|e|d| |c|o|l|d| |f|i|s|s|i|o|n| |w|e|b|r|e|n|d|e|r|,102210fe594ee9b33d82058545b1ed14f4c8206e,PerceptualSpeedIndex,twitter,True,twitter PerceptualSpeedIndex opt bytecode-cached cold fission webrender,,77,ms,firefox,452989428.0,1867010207,2024-03-31 07:04:36,603.6,579426b2f39c365731042d79d87533ac3f616461,1401509,,,,,,,,,,,,,,,,,,,,,,,,,,,,,,,,,,,,,,,,,,,,,,,,,,,,,,,,,,,,,TN,TN
autoland,4405952,13,ad8d5d1385265583919f5a224e1153902b6eef60,macosx1015-64-shippable-qr,True,False,,|b|y|t|e|c|o|d|e|-|c|a|c|h|e|d| |c|o|l|d| |f|i|s|s|i|o|n| |w|e|b|r|e|n|d|e|r|,102210fe594ee9b33d82058545b1ed14f4c8206e,PerceptualSpeedIndex,twitter,True,twitter PerceptualSpeedIndex opt bytecode-cached cold fission webrender,,77,ms,firefox,452989657.0,1867016053,2024-03-31 14:47:20,593.1,dfc3fd176c4fcd62b5a28dcfedea3c509f24ebf5,1401533,,,,,,,,,,,,,,,,,,,,,,,,,,,,,,,,,,,,,,,,,,,,,,,,,,,,,,,,,,,,,TN,TN
autoland,4405952,13,ad8d5d1385265583919f5a224e1153902b6eef60,macosx1015-64-shippable-qr,True,False,,|b|y|t|e|c|o|d|e|-|c|a|c|h|e|d| |c|o|l|d| |f|i|s|s|i|o|n| |w|e|b|r|e|n|d|e|r|,102210fe594ee9b33d82058545b1ed14f4c8206e,PerceptualSpeedIndex,twitter,True,twitter PerceptualSpeedIndex opt bytecode-cached cold fission webrender,,77,ms,firefox,452994093.0,1867045101,2024-03-31 19:03:22,621.0,334eacacff83840ceed0bb2077c0a2a527e491a5,1401545,,,,,,,,,,,,,,,,,,,,,,,,,,,,,,,,,,,,,,,,,,,,,,,,,,,,,,,,,,,,,TN,TN
autoland,4405952,13,ad8d5d1385265583919f5a224e1153902b6eef60,macosx1015-64-shippable-qr,True,False,,|b|y|t|e|c|o|d|e|-|c|a|c|h|e|d| |c|o|l|d| |f|i|s|s|i|o|n| |w|e|b|r|e|n|d|e|r|,102210fe594ee9b33d82058545b1ed14f4c8206e,PerceptualSpeedIndex,twitter,True,twitter PerceptualSpeedIndex opt bytecode-cached cold fission webrender,,77,ms,firefox,453017511.0,1867136909,2024-04-01 07:03:36,605.7,5d97e037b69610f99c35f4bbd65d27bafc5605fc,1401600,,,,,,,,,,,,,,,,,,,,,,,,,,,,,,,,,,,,,,,,,,,,,,,,,,,,,,,,,,,,,TN,TN
autoland,4405952,13,ad8d5d1385265583919f5a224e1153902b6eef60,macosx1015-64-shippable-qr,True,False,,|b|y|t|e|c|o|d|e|-|c|a|c|h|e|d| |c|o|l|d| |f|i|s|s|i|o|n| |w|e|b|r|e|n|d|e|r|,102210fe594ee9b33d82058545b1ed14f4c8206e,PerceptualSpeedIndex,twitter,True,twitter PerceptualSpeedIndex opt bytecode-cached cold fission webrender,,77,ms,firefox,453039633.0,1867203506,2024-04-01 11:30:18,612.4,9546c05d8f57091e5d3e12129a49f11b8b027da7,1401661,,,,,,,,,,,,,,,,,,,,,,,,,,,,,,,,,,,,,,,,,,,,,,,,,,,,,,,,,,,,,TN,TN
autoland,4405952,13,ad8d5d1385265583919f5a224e1153902b6eef60,macosx1015-64-shippable-qr,True,False,,|b|y|t|e|c|o|d|e|-|c|a|c|h|e|d| |c|o|l|d| |f|i|s|s|i|o|n| |w|e|b|r|e|n|d|e|r|,102210fe594ee9b33d82058545b1ed14f4c8206e,PerceptualSpeedIndex,twitter,True,twitter PerceptualSpeedIndex opt bytecode-cached cold fission webrender,,77,ms,firefox,453061397.0,1867243009,2024-04-01 13:16:41,599.4,26157b52a8c30d72d8e065cc4a8286633ee85b63,1401687,,,,,,,,,,,,,,,,,,,,,,,,,,,,,,,,,,,,,,,,,,,,,,,,,,,,,,,,,,,,,TN,TN
autoland,4405952,13,ad8d5d1385265583919f5a224e1153902b6eef60,macosx1015-64-shippable-qr,True,False,,|b|y|t|e|c|o|d|e|-|c|a|c|h|e|d| |c|o|l|d| |f|i|s|s|i|o|n| |w|e|b|r|e|n|d|e|r|,102210fe594ee9b33d82058545b1ed14f4c8206e,PerceptualSpeedIndex,twitter,True,twitter PerceptualSpeedIndex opt bytecode-cached cold fission webrender,,77,ms,firefox,453093286.0,1867367344,2024-04-01 18:19:29,606.0,57354c5689ef8a5f598978d912570706445e1034,1401826,,,,,,,,,,,,,,,,,,,,,,,,,,,,,,,,,,,,,,,,,,,,,,,,,,,,,,,,,,,,,TN,TN
autoland,4405952,13,ad8d5d1385265583919f5a224e1153902b6eef60,macosx1015-64-shippable-qr,True,False,,|b|y|t|e|c|o|d|e|-|c|a|c|h|e|d| |c|o|l|d| |f|i|s|s|i|o|n| |w|e|b|r|e|n|d|e|r|,102210fe594ee9b33d82058545b1ed14f4c8206e,PerceptualSpeedIndex,twitter,True,twitter PerceptualSpeedIndex opt bytecode-cached cold fission webrender,,77,ms,firefox,453137592.0,1867520340,2024-04-01 22:35:55,600.6,13111643fbf4557d26174a12b2cde1954182b0ab,1402004,,,,,,,,,,,,,,,,,,,,,,,,,,,,,,,,,,,,,,,,,,,,,,,,,,,,,,,,,,,,,TN,TN
autoland,4405952,13,ad8d5d1385265583919f5a224e1153902b6eef60,macosx1015-64-shippable-qr,True,False,,|b|y|t|e|c|o|d|e|-|c|a|c|h|e|d| |c|o|l|d| |f|i|s|s|i|o|n| |w|e|b|r|e|n|d|e|r|,102210fe594ee9b33d82058545b1ed14f4c8206e,PerceptualSpeedIndex,twitter,True,twitter PerceptualSpeedIndex opt bytecode-cached cold fission webrender,,77,ms,firefox,453134276.0,1867503257,2024-04-01 22:39:43,603.3,e7ec5d35ae0d80f4a77b6705e1a393c637da672e,1402007,,,,,,,,,,,,,,,,,,,,,,,,,,,,,,,,,,,,,,,,,,,,,,,,,,,,,,,,,,,,,TN,TN
autoland,4405952,13,ad8d5d1385265583919f5a224e1153902b6eef60,macosx1015-64-shippable-qr,True,False,,|b|y|t|e|c|o|d|e|-|c|a|c|h|e|d| |c|o|l|d| |f|i|s|s|i|o|n| |w|e|b|r|e|n|d|e|r|,102210fe594ee9b33d82058545b1ed14f4c8206e,PerceptualSpeedIndex,twitter,True,twitter PerceptualSpeedIndex opt bytecode-cached cold fission webrender,,77,ms,firefox,453153161.0,1867623630,2024-04-02 04:32:43,679.3,de086751acb845c252c37aab95a7e6b265df39a6,1402085,,,,,,,,,,,,,,,,,,,,,,,,,,,,,,,,,,,,,,,,,,,,,,,,,,,,,,,,,,,,,TN,TN
autoland,4405952,13,ad8d5d1385265583919f5a224e1153902b6eef60,macosx1015-64-shippable-qr,True,False,,|b|y|t|e|c|o|d|e|-|c|a|c|h|e|d| |c|o|l|d| |f|i|s|s|i|o|n| |w|e|b|r|e|n|d|e|r|,102210fe594ee9b33d82058545b1ed14f4c8206e,PerceptualSpeedIndex,twitter,True,twitter PerceptualSpeedIndex opt bytecode-cached cold fission webrender,,77,ms,firefox,453418378.0,1868611092,2024-04-03 12:19:12,639.9,81ea9950a766d85ced5d1db992689422649c3b26,1403087,,,,,,,,,,,,,,,,,,,,,,,,,,,,,,,,,,,,,,,,,,,,,,,,,,,,,,,,,,,,,TN,TN
autoland,4405952,13,ad8d5d1385265583919f5a224e1153902b6eef60,macosx1015-64-shippable-qr,True,False,,|b|y|t|e|c|o|d|e|-|c|a|c|h|e|d| |c|o|l|d| |f|i|s|s|i|o|n| |w|e|b|r|e|n|d|e|r|,102210fe594ee9b33d82058545b1ed14f4c8206e,PerceptualSpeedIndex,twitter,True,twitter PerceptualSpeedIndex opt bytecode-cached cold fission webrender,,77,ms,firefox,453420649.0,1868625990,2024-04-03 15:08:48,622.0,31ead35d5981bb6a0da919643013edfb0b8934b6,1403194,,,,,,,,,,,,,,,,,,,,,,,,,,,,,,,,,,,,,,,,,,,,,,,,,,,,,,,,,,,,,TN,TN
autoland,4405952,13,ad8d5d1385265583919f5a224e1153902b6eef60,macosx1015-64-shippable-qr,True,False,,|b|y|t|e|c|o|d|e|-|c|a|c|h|e|d| |c|o|l|d| |f|i|s|s|i|o|n| |w|e|b|r|e|n|d|e|r|,102210fe594ee9b33d82058545b1ed14f4c8206e,PerceptualSpeedIndex,twitter,True,twitter PerceptualSpeedIndex opt bytecode-cached cold fission webrender,,77,ms,firefox,453454385.0,1868733064,2024-04-03 16:14:29,604.1,a9ffaf77a5b0635bebc58e9cf9c0fb26f5444d3d,1403253,,,,,,,,,,,,,,,,,,,,,,,,,,,,,,,,,,,,,,,,,,,,,,,,,,,,,,,,,,,,,TN,TN
autoland,4405952,13,ad8d5d1385265583919f5a224e1153902b6eef60,macosx1015-64-shippable-qr,True,False,,|b|y|t|e|c|o|d|e|-|c|a|c|h|e|d| |c|o|l|d| |f|i|s|s|i|o|n| |w|e|b|r|e|n|d|e|r|,102210fe594ee9b33d82058545b1ed14f4c8206e,PerceptualSpeedIndex,twitter,True,twitter PerceptualSpeedIndex opt bytecode-cached cold fission webrender,,77,ms,firefox,453505920.0,1869005658,2024-04-03 16:15:23,598.1,b27e71b032d1cc8cba63e44da1cee14deda5e942,1403255,,,,,,,,,,,,,,,,,,,,,,,,,,,,,,,,,,,,,,,,,,,,,,,,,,,,,,,,,,,,,TN,TN
autoland,4405952,13,ad8d5d1385265583919f5a224e1153902b6eef60,macosx1015-64-shippable-qr,True,False,,|b|y|t|e|c|o|d|e|-|c|a|c|h|e|d| |c|o|l|d| |f|i|s|s|i|o|n| |w|e|b|r|e|n|d|e|r|,102210fe594ee9b33d82058545b1ed14f4c8206e,PerceptualSpeedIndex,twitter,True,twitter PerceptualSpeedIndex opt bytecode-cached cold fission webrender,,77,ms,firefox,453476863.0,1868844357,2024-04-03 23:35:22,609.2,aedb2756de7fa4089d89d53f49a007290003d58d,1403575,,,,,,,,,,,,,,,,,,,,,,,,,,,,,,,,,,,,,,,,,,,,,,,,,,,,,,,,,,,,,TN,TN
autoland,4405952,13,ad8d5d1385265583919f5a224e1153902b6eef60,macosx1015-64-shippable-qr,True,False,,|b|y|t|e|c|o|d|e|-|c|a|c|h|e|d| |c|o|l|d| |f|i|s|s|i|o|n| |w|e|b|r|e|n|d|e|r|,102210fe594ee9b33d82058545b1ed14f4c8206e,PerceptualSpeedIndex,twitter,True,twitter PerceptualSpeedIndex opt bytecode-cached cold fission webrender,,77,ms,firefox,453497834.0,1868950070,2024-04-04 04:04:35,613.9,f2360b4c9b8a110f0b1c40841a767a47da5b85be,1403674,,,,,,,,,,,,,,,,,,,,,,,,,,,,,,,,,,,,,,,,,,,,,,,,,,,,,,,,,,,,,TN,TN
autoland,4405952,13,ad8d5d1385265583919f5a224e1153902b6eef60,macosx1015-64-shippable-qr,True,False,,|b|y|t|e|c|o|d|e|-|c|a|c|h|e|d| |c|o|l|d| |f|i|s|s|i|o|n| |w|e|b|r|e|n|d|e|r|,102210fe594ee9b33d82058545b1ed14f4c8206e,PerceptualSpeedIndex,twitter,True,twitter PerceptualSpeedIndex opt bytecode-cached cold fission webrender,,77,ms,firefox,453513230.0,1869020878,2024-04-04 08:28:09,605.3,08ea8edc42ee204a4f50aae52417198c7a11d742,1403757,,,,,,,,,,,,,,,,,,,,,,,,,,,,,,,,,,,,,,,,,,,,,,,,,,,,,,,,,,,,,TN,TN
autoland,4405952,13,ad8d5d1385265583919f5a224e1153902b6eef60,macosx1015-64-shippable-qr,True,False,,|b|y|t|e|c|o|d|e|-|c|a|c|h|e|d| |c|o|l|d| |f|i|s|s|i|o|n| |w|e|b|r|e|n|d|e|r|,102210fe594ee9b33d82058545b1ed14f4c8206e,PerceptualSpeedIndex,twitter,True,twitter PerceptualSpeedIndex opt bytecode-cached cold fission webrender,,77,ms,firefox,453521805.0,1869053003,2024-04-04 12:29:27,614.3,a260c2683052c9aa36748f1ded4e99c0d2bcf63e,1403877,,,,,,,,,,,,,,,,,,,,,,,,,,,,,,,,,,,,,,,,,,,,,,,,,,,,,,,,,,,,,TN,TN
autoland,4405952,13,ad8d5d1385265583919f5a224e1153902b6eef60,macosx1015-64-shippable-qr,True,False,,|b|y|t|e|c|o|d|e|-|c|a|c|h|e|d| |c|o|l|d| |f|i|s|s|i|o|n| |w|e|b|r|e|n|d|e|r|,102210fe594ee9b33d82058545b1ed14f4c8206e,PerceptualSpeedIndex,twitter,True,twitter PerceptualSpeedIndex opt bytecode-cached cold fission webrender,,77,ms,firefox,453535117.0,1869107483,2024-04-04 15:41:47,595.3,e633b6ff34e81c89b87f1d4e3b18fcae399b3d37,1404042,,,,,,,,,,,,,,,,,,,,,,,,,,,,,,,,,,,,,,,,,,,,,,,,,,,,,,,,,,,,,TN,TN
autoland,4405952,13,ad8d5d1385265583919f5a224e1153902b6eef60,macosx1015-64-shippable-qr,True,False,,|b|y|t|e|c|o|d|e|-|c|a|c|h|e|d| |c|o|l|d| |f|i|s|s|i|o|n| |w|e|b|r|e|n|d|e|r|,102210fe594ee9b33d82058545b1ed14f4c8206e,PerceptualSpeedIndex,twitter,True,twitter PerceptualSpeedIndex opt bytecode-cached cold fission webrender,,77,ms,firefox,453546376.0,1869164209,2024-04-04 17:55:39,602.9,2b8e4c563c2fa403003707729e7fd66dd5909763,1404131,,,,,,,,,,,,,,,,,,,,,,,,,,,,,,,,,,,,,,,,,,,,,,,,,,,,,,,,,,,,,TN,TN
autoland,4405952,13,ad8d5d1385265583919f5a224e1153902b6eef60,macosx1015-64-shippable-qr,True,False,,|b|y|t|e|c|o|d|e|-|c|a|c|h|e|d| |c|o|l|d| |f|i|s|s|i|o|n| |w|e|b|r|e|n|d|e|r|,102210fe594ee9b33d82058545b1ed14f4c8206e,PerceptualSpeedIndex,twitter,True,twitter PerceptualSpeedIndex opt bytecode-cached cold fission webrender,,77,ms,firefox,453571315.0,1869259438,2024-04-04 22:08:58,598.7,7689f9c266fcdf019b8bea308bf5569885d72ed3,1404331,,,,,,,,,,,,,,,,,,,,,,,,,,,,,,,,,,,,,,,,,,,,,,,,,,,,,,,,,,,,,TN,TN
autoland,4405952,13,ad8d5d1385265583919f5a224e1153902b6eef60,macosx1015-64-shippable-qr,True,False,,|b|y|t|e|c|o|d|e|-|c|a|c|h|e|d| |c|o|l|d| |f|i|s|s|i|o|n| |w|e|b|r|e|n|d|e|r|,102210fe594ee9b33d82058545b1ed14f4c8206e,PerceptualSpeedIndex,twitter,True,twitter PerceptualSpeedIndex opt bytecode-cached cold fission webrender,,77,ms,firefox,453584942.0,1869308092,2024-04-05 00:24:01,582.0,8600529acb2a250f255ea4d80486fecb2b7dc31b,1404399,,,,,,,,,,,,,,,,,,,,,,,,,,,,,,,,,,,,,,,,,,,,,,,,,,,,,,,,,,,,,TN,TN
autoland,4405952,13,ad8d5d1385265583919f5a224e1153902b6eef60,macosx1015-64-shippable-qr,True,False,,|b|y|t|e|c|o|d|e|-|c|a|c|h|e|d| |c|o|l|d| |f|i|s|s|i|o|n| |w|e|b|r|e|n|d|e|r|,102210fe594ee9b33d82058545b1ed14f4c8206e,PerceptualSpeedIndex,twitter,True,twitter PerceptualSpeedIndex opt bytecode-cached cold fission webrender,,77,ms,firefox,453596627.0,1869356106,2024-04-05 04:36:57,655.1,ea8ea972270ddb95f071f900f9199fb7ff95bb10,1404445,,,,,,,,,,,,,,,,,,,,,,,,,,,,,,,,,,,,,,,,,,,,,,,,,,,,,,,,,,,,,TN,TN
autoland,4405952,13,ad8d5d1385265583919f5a224e1153902b6eef60,macosx1015-64-shippable-qr,True,False,,|b|y|t|e|c|o|d|e|-|c|a|c|h|e|d| |c|o|l|d| |f|i|s|s|i|o|n| |w|e|b|r|e|n|d|e|r|,102210fe594ee9b33d82058545b1ed14f4c8206e,PerceptualSpeedIndex,twitter,True,twitter PerceptualSpeedIndex opt bytecode-cached cold fission webrender,,77,ms,firefox,453707052.0,1869787821,2024-04-05 13:56:08,637.3,e25a9624d6d92e1a88da8b414e3ea781e4e25a07,1404693,,,,,,,,,,,,,,,,,,,,,,,,,,,,,,,,,,,,,,,,,,,,,,,,,,,,,,,,,,,,,TN,TN
autoland,4405952,13,ad8d5d1385265583919f5a224e1153902b6eef60,macosx1015-64-shippable-qr,True,False,,|b|y|t|e|c|o|d|e|-|c|a|c|h|e|d| |c|o|l|d| |f|i|s|s|i|o|n| |w|e|b|r|e|n|d|e|r|,102210fe594ee9b33d82058545b1ed14f4c8206e,PerceptualSpeedIndex,twitter,True,twitter PerceptualSpeedIndex opt bytecode-cached cold fission webrender,,77,ms,firefox,453731923.0,1869953709,2024-04-05 21:22:34,615.4,1564b30ff7230370f1d96bdfc88b528c6dbf1f37,1405040,,,,,,,,,,,,,,,,,,,,,,,,,,,,,,,,,,,,,,,,,,,,,,,,,,,,,,,,,,,,,TN,TN
autoland,4405952,13,ad8d5d1385265583919f5a224e1153902b6eef60,macosx1015-64-shippable-qr,True,False,,|b|y|t|e|c|o|d|e|-|c|a|c|h|e|d| |c|o|l|d| |f|i|s|s|i|o|n| |w|e|b|r|e|n|d|e|r|,102210fe594ee9b33d82058545b1ed14f4c8206e,PerceptualSpeedIndex,twitter,True,twitter PerceptualSpeedIndex opt bytecode-cached cold fission webrender,,77,ms,firefox,453716943.0,1869840032,2024-04-05 21:23:25,580.3,bcbab342eed82aec3d4dd40516bf07e1ee96e716,1405041,,,,,,,,,,,,,,,,,,,,,,,,,,,,,,,,,,,,,,,,,,,,,,,,,,,,,,,,,,,,,TN,TN
autoland,4405952,13,ad8d5d1385265583919f5a224e1153902b6eef60,macosx1015-64-shippable-qr,True,False,,|b|y|t|e|c|o|d|e|-|c|a|c|h|e|d| |c|o|l|d| |f|i|s|s|i|o|n| |w|e|b|r|e|n|d|e|r|,102210fe594ee9b33d82058545b1ed14f4c8206e,PerceptualSpeedIndex,twitter,True,twitter PerceptualSpeedIndex opt bytecode-cached cold fission webrender,,77,ms,firefox,453729839.0,1869923691,2024-04-06 02:12:01,602.8,5695ee1969a8c3cddf47affcdc2358c67fa09729,1405161,,,,,,,,,,,,,,,,,,,,,,,,,,,,,,,,,,,,,,,,,,,,,,,,,,,,,,,,,,,,,TN,TN
autoland,4405952,13,ad8d5d1385265583919f5a224e1153902b6eef60,macosx1015-64-shippable-qr,True,False,,|b|y|t|e|c|o|d|e|-|c|a|c|h|e|d| |c|o|l|d| |f|i|s|s|i|o|n| |w|e|b|r|e|n|d|e|r|,102210fe594ee9b33d82058545b1ed14f4c8206e,PerceptualSpeedIndex,twitter,True,twitter PerceptualSpeedIndex opt bytecode-cached cold fission webrender,,77,ms,firefox,453756954.0,1870048574,2024-04-06 08:07:05,616.0,9fc8fef3e3ad12973fa215fac0d8ce85b8476e0a,1405200,,,,,,,,,,,,,,,,,,,,,,,,,,,,,,,,,,,,,,,,,,,,,,,,,,,,,,,,,,,,,TN,TN
autoland,4405952,13,ad8d5d1385265583919f5a224e1153902b6eef60,macosx1015-64-shippable-qr,True,False,,|b|y|t|e|c|o|d|e|-|c|a|c|h|e|d| |c|o|l|d| |f|i|s|s|i|o|n| |w|e|b|r|e|n|d|e|r|,102210fe594ee9b33d82058545b1ed14f4c8206e,PerceptualSpeedIndex,twitter,True,twitter PerceptualSpeedIndex opt bytecode-cached cold fission webrender,,77,ms,firefox,453804398.0,1870239115,2024-04-06 09:10:48,604.8,efb8ceaaddf1096a2a68534d60681deac7fbfbb7,1405212,,,,,,,,,,,,,,,,,,,,,,,,,,,,,,,,,,,,,,,,,,,,,,,,,,,,,,,,,,,,,TN,TN
autoland,4405952,13,ad8d5d1385265583919f5a224e1153902b6eef60,macosx1015-64-shippable-qr,True,False,,|b|y|t|e|c|o|d|e|-|c|a|c|h|e|d| |c|o|l|d| |f|i|s|s|i|o|n| |w|e|b|r|e|n|d|e|r|,102210fe594ee9b33d82058545b1ed14f4c8206e,PerceptualSpeedIndex,twitter,True,twitter PerceptualSpeedIndex opt bytecode-cached cold fission webrender,,77,ms,firefox,453804258.0,1870234982,2024-04-06 09:11:43,605.5,1e56e647f8d57834bb7fa2d951e64b2fa4b3487f,1405213,,,,,,,,,,,,,,,,,,,,,,,,,,,,,,,,,,,,,,,,,,,,,,,,,,,,,,,,,,,,,TN,TN
autoland,4405952,13,ad8d5d1385265583919f5a224e1153902b6eef60,macosx1015-64-shippable-qr,True,False,,|b|y|t|e|c|o|d|e|-|c|a|c|h|e|d| |c|o|l|d| |f|i|s|s|i|o|n| |w|e|b|r|e|n|d|e|r|,102210fe594ee9b33d82058545b1ed14f4c8206e,PerceptualSpeedIndex,twitter,True,twitter PerceptualSpeedIndex opt bytecode-cached cold fission webrender,,77,ms,firefox,453769104.0,1870092547,2024-04-06 12:49:36,605.0,0f5a5f081afbca1abac9185c32c792b9c3550264,1405245,,,,,,,,,,,,,,,,,,,,,,,,,,,,,,,,,,,,,,,,,,,,,,,,,,,,,,,,,,,,,TN,TN
autoland,4405952,13,ad8d5d1385265583919f5a224e1153902b6eef60,macosx1015-64-shippable-qr,True,False,,|b|y|t|e|c|o|d|e|-|c|a|c|h|e|d| |c|o|l|d| |f|i|s|s|i|o|n| |w|e|b|r|e|n|d|e|r|,102210fe594ee9b33d82058545b1ed14f4c8206e,PerceptualSpeedIndex,twitter,True,twitter PerceptualSpeedIndex opt bytecode-cached cold fission webrender,,77,ms,firefox,453780198.0,1870145899,2024-04-06 19:13:32,615.6,3719e5d315bba4fd2d01a2bb964ff7d7c6521282,1405288,,,,,,,,,,,,,,,,,,,,,,,,,,,,,,,,,,,,,,,,,,,,,,,,,,,,,,,,,,,,,TN,TN
autoland,4405952,13,ad8d5d1385265583919f5a224e1153902b6eef60,macosx1015-64-shippable-qr,True,False,,|b|y|t|e|c|o|d|e|-|c|a|c|h|e|d| |c|o|l|d| |f|i|s|s|i|o|n| |w|e|b|r|e|n|d|e|r|,102210fe594ee9b33d82058545b1ed14f4c8206e,PerceptualSpeedIndex,twitter,True,twitter PerceptualSpeedIndex opt bytecode-cached cold fission webrender,,77,ms,firefox,453795567.0,1870206860,2024-04-07 00:18:02,613.2,7362d727c60c8a1b15c8e7357969595c93c659c6,1405303,,,,,,,,,,,,,,,,,,,,,,,,,,,,,,,,,,,,,,,,,,,,,,,,,,,,,,,,,,,,,TN,TN
autoland,4405952,13,ad8d5d1385265583919f5a224e1153902b6eef60,macosx1015-64-shippable-qr,True,False,,|b|y|t|e|c|o|d|e|-|c|a|c|h|e|d| |c|o|l|d| |f|i|s|s|i|o|n| |w|e|b|r|e|n|d|e|r|,102210fe594ee9b33d82058545b1ed14f4c8206e,PerceptualSpeedIndex,twitter,True,twitter PerceptualSpeedIndex opt bytecode-cached cold fission webrender,,77,ms,firefox,453827179.0,1870329447,2024-04-07 12:29:26,615.3,56daf0a3e72bc04ceb0b6d6a5e8b51b32333fe11,1405334,,,,,,,,,,,,,,,,,,,,,,,,,,,,,,,,,,,,,,,,,,,,,,,,,,,,,,,,,,,,,TN,TN
autoland,4405952,13,ad8d5d1385265583919f5a224e1153902b6eef60,macosx1015-64-shippable-qr,True,False,,|b|y|t|e|c|o|d|e|-|c|a|c|h|e|d| |c|o|l|d| |f|i|s|s|i|o|n| |w|e|b|r|e|n|d|e|r|,102210fe594ee9b33d82058545b1ed14f4c8206e,PerceptualSpeedIndex,twitter,True,twitter PerceptualSpeedIndex opt bytecode-cached cold fission webrender,,77,ms,firefox,453837485.0,1870368386,2024-04-07 17:34:38,627.7,c59be65c8118a8e4c60719162c4426e511ee042c,1405352,,,,,,,,,,,,,,,,,,,,,,,,,,,,,,,,,,,,,,,,,,,,,,,,,,,,,,,,,,,,,TN,TN
autoland,4405952,13,ad8d5d1385265583919f5a224e1153902b6eef60,macosx1015-64-shippable-qr,True,False,,|b|y|t|e|c|o|d|e|-|c|a|c|h|e|d| |c|o|l|d| |f|i|s|s|i|o|n| |w|e|b|r|e|n|d|e|r|,102210fe594ee9b33d82058545b1ed14f4c8206e,PerceptualSpeedIndex,twitter,True,twitter PerceptualSpeedIndex opt bytecode-cached cold fission webrender,,77,ms,firefox,453849882.0,1870421504,2024-04-07 22:40:32,663.5,a5f6bf0601900e20973b195443e8431788bf1494,1405368,,,,,,,,,,,,,,,,,,,,,,,,,,,,,,,,,,,,,,,,,,,,,,,,,,,,,,,,,,,,,TN,TN
autoland,4405952,13,ad8d5d1385265583919f5a224e1153902b6eef60,macosx1015-64-shippable-qr,True,False,,|b|y|t|e|c|o|d|e|-|c|a|c|h|e|d| |c|o|l|d| |f|i|s|s|i|o|n| |w|e|b|r|e|n|d|e|r|,102210fe594ee9b33d82058545b1ed14f4c8206e,PerceptualSpeedIndex,twitter,True,twitter PerceptualSpeedIndex opt bytecode-cached cold fission webrender,,77,ms,firefox,454018237.0,1871112918,2024-04-08 00:16:58,613.4,d61d36a30ac8194456d356ab948a2a962e330d3c,1405370,,,,,,,,,,,,,,,,,,,,,,,,,,,,,,,,,,,,,,,,,,,,,,,,,,,,,,,,,,,,,TN,TN
autoland,4405952,13,ad8d5d1385265583919f5a224e1153902b6eef60,macosx1015-64-shippable-qr,True,False,,|b|y|t|e|c|o|d|e|-|c|a|c|h|e|d| |c|o|l|d| |f|i|s|s|i|o|n| |w|e|b|r|e|n|d|e|r|,102210fe594ee9b33d82058545b1ed14f4c8206e,PerceptualSpeedIndex,twitter,True,twitter PerceptualSpeedIndex opt bytecode-cached cold fission webrender,,77,ms,firefox,454017401.0,1871096147,2024-04-08 01:48:27,627.6,954dbbb81dcb5f155221a82c048a31260aad2f4f,1405376,,,,,,,,,,,,,,,,,,,,,,,,,,,,,,,,,,,,,,,,,,,,,,,,,,,,,,,,,,,,,TN,TN
autoland,4405952,13,ad8d5d1385265583919f5a224e1153902b6eef60,macosx1015-64-shippable-qr,True,False,,|b|y|t|e|c|o|d|e|-|c|a|c|h|e|d| |c|o|l|d| |f|i|s|s|i|o|n| |w|e|b|r|e|n|d|e|r|,102210fe594ee9b33d82058545b1ed14f4c8206e,PerceptualSpeedIndex,twitter,True,twitter PerceptualSpeedIndex opt bytecode-cached cold fission webrender,,77,ms,firefox,453859070.0,1870458836,2024-04-08 04:43:41,596.6,93d08e6b3d615ead541eee15f876af2c74e90d53,1405385,,,,,,,,,,,,,,,,,,,,,,,,,,,,,,,,,,,,,,,,,,,,,,,,,,,,,,,,,,,,,TN,TN
autoland,4405952,13,ad8d5d1385265583919f5a224e1153902b6eef60,macosx1015-64-shippable-qr,True,False,,|b|y|t|e|c|o|d|e|-|c|a|c|h|e|d| |c|o|l|d| |f|i|s|s|i|o|n| |w|e|b|r|e|n|d|e|r|,102210fe594ee9b33d82058545b1ed14f4c8206e,PerceptualSpeedIndex,twitter,True,twitter PerceptualSpeedIndex opt bytecode-cached cold fission webrender,,77,ms,firefox,453921073.0,1870734187,2024-04-08 09:12:14,652.3,7fdec039f49159c7769bb304ab5f0a97f9dde43f,1405465,,,,,,,,,,,,,,,,,,,,,,,,,,,,,,,,,,,,,,,,,,,,,,,,,,,,,,,,,,,,,TN,TN
autoland,4405952,13,ad8d5d1385265583919f5a224e1153902b6eef60,macosx1015-64-shippable-qr,True,False,,|b|y|t|e|c|o|d|e|-|c|a|c|h|e|d| |c|o|l|d| |f|i|s|s|i|o|n| |w|e|b|r|e|n|d|e|r|,102210fe594ee9b33d82058545b1ed14f4c8206e,PerceptualSpeedIndex,twitter,True,twitter PerceptualSpeedIndex opt bytecode-cached cold fission webrender,,77,ms,firefox,454018141.0,1871111319,2024-04-08 09:14:11,585.3,83eae9239b46f03f52da5463ad71098ca7791ea0,1405468,,,,,,,,,,,,,,,,,,,,,,,,,,,,,,,,,,,,,,,,,,,,,,,,,,,,,,,,,,,,,TN,TN
autoland,4405952,13,ad8d5d1385265583919f5a224e1153902b6eef60,macosx1015-64-shippable-qr,True,False,,|b|y|t|e|c|o|d|e|-|c|a|c|h|e|d| |c|o|l|d| |f|i|s|s|i|o|n| |w|e|b|r|e|n|d|e|r|,102210fe594ee9b33d82058545b1ed14f4c8206e,PerceptualSpeedIndex,twitter,True,twitter PerceptualSpeedIndex opt bytecode-cached cold fission webrender,,77,ms,firefox,454018589.0,1871126079,2024-04-08 09:15:02,601.5,8f90997050c158167089ac3c0b526920d3f7bb82,1405470,,,,,,,,,,,,,,,,,,,,,,,,,,,,,,,,,,,,,,,,,,,,,,,,,,,,,,,,,,,,,TN,TN
autoland,4405952,13,ad8d5d1385265583919f5a224e1153902b6eef60,macosx1015-64-shippable-qr,True,False,,|b|y|t|e|c|o|d|e|-|c|a|c|h|e|d| |c|o|l|d| |f|i|s|s|i|o|n| |w|e|b|r|e|n|d|e|r|,102210fe594ee9b33d82058545b1ed14f4c8206e,PerceptualSpeedIndex,twitter,True,twitter PerceptualSpeedIndex opt bytecode-cached cold fission webrender,,77,ms,firefox,454018510.0,1871123080,2024-04-08 11:42:34,603.6,2d1a289ac036edc287917e987f17d8d1f1607f39,1405553,,,,,,,,,,,,,,,,,,,,,,,,,,,,,,,,,,,,,,,,,,,,,,,,,,,,,,,,,,,,,TN,TN
autoland,4405952,13,ad8d5d1385265583919f5a224e1153902b6eef60,macosx1015-64-shippable-qr,True,False,,|b|y|t|e|c|o|d|e|-|c|a|c|h|e|d| |c|o|l|d| |f|i|s|s|i|o|n| |w|e|b|r|e|n|d|e|r|,102210fe594ee9b33d82058545b1ed14f4c8206e,PerceptualSpeedIndex,twitter,True,twitter PerceptualSpeedIndex opt bytecode-cached cold fission webrender,,77,ms,firefox,454020443.0,1871145833,2024-04-08 11:52:58,579.4,8aa3f0cfdd9cc43a71881956b4d48edd5af26a75,1405560,,,,,,,,,,,,,,,,,,,,,,,,,,,,,,,,,,,,,,,,,,,,,,,,,,,,,,,,,,,,,TN,TN
autoland,4405952,13,ad8d5d1385265583919f5a224e1153902b6eef60,macosx1015-64-shippable-qr,True,False,,|b|y|t|e|c|o|d|e|-|c|a|c|h|e|d| |c|o|l|d| |f|i|s|s|i|o|n| |w|e|b|r|e|n|d|e|r|,102210fe594ee9b33d82058545b1ed14f4c8206e,PerceptualSpeedIndex,twitter,True,twitter PerceptualSpeedIndex opt bytecode-cached cold fission webrender,,77,ms,firefox,453918853.0,1870724463,2024-04-08 13:49:41,622.1,1b56c653a5ee3a14ec0955b092498999e9333bfa,1405618,,,,,,,,,,,,,,,,,,,,,,,,,,,,,,,,,,,,,,,,,,,,,,,,,,,,,,,,,,,,,TN,TN
autoland,4405952,13,ad8d5d1385265583919f5a224e1153902b6eef60,macosx1015-64-shippable-qr,True,False,,|b|y|t|e|c|o|d|e|-|c|a|c|h|e|d| |c|o|l|d| |f|i|s|s|i|o|n| |w|e|b|r|e|n|d|e|r|,102210fe594ee9b33d82058545b1ed14f4c8206e,PerceptualSpeedIndex,twitter,True,twitter PerceptualSpeedIndex opt bytecode-cached cold fission webrender,,77,ms,firefox,454016824.0,1871094732,2024-04-08 16:11:07,607.5,a549052e0246a7e3e6baecb8a5f7263439d50fd0,1405753,,,,,,,,,,,,,,,,,,,,,,,,,,,,,,,,,,,,,,,,,,,,,,,,,,,,,,,,,,,,,TN,TN
autoland,4405952,13,ad8d5d1385265583919f5a224e1153902b6eef60,macosx1015-64-shippable-qr,True,False,,|b|y|t|e|c|o|d|e|-|c|a|c|h|e|d| |c|o|l|d| |f|i|s|s|i|o|n| |w|e|b|r|e|n|d|e|r|,102210fe594ee9b33d82058545b1ed14f4c8206e,PerceptualSpeedIndex,twitter,True,twitter PerceptualSpeedIndex opt bytecode-cached cold fission webrender,,77,ms,firefox,453958258.0,1870833856,2024-04-08 19:08:45,661.6,79551503d77c8353439905d86ec3033546f0c874,1405880,,,,,,,,,,,,,,,,,,,,,,,,,,,,,,,,,,,,,,,,,,,,,,,,,,,,,,,,,,,,,TN,TN
autoland,4405952,13,ad8d5d1385265583919f5a224e1153902b6eef60,macosx1015-64-shippable-qr,True,False,,|b|y|t|e|c|o|d|e|-|c|a|c|h|e|d| |c|o|l|d| |f|i|s|s|i|o|n| |w|e|b|r|e|n|d|e|r|,102210fe594ee9b33d82058545b1ed14f4c8206e,PerceptualSpeedIndex,twitter,True,twitter PerceptualSpeedIndex opt bytecode-cached cold fission webrender,,77,ms,firefox,453994061.0,1870967847,2024-04-08 23:24:57,629.2,c19d16f89e851b3d8052fb11a8e8f0ae3f4cb9b7,1406026,,,,,,,,,,,,,,,,,,,,,,,,,,,,,,,,,,,,,,,,,,,,,,,,,,,,,,,,,,,,,TN,TN
autoland,4405952,13,ad8d5d1385265583919f5a224e1153902b6eef60,macosx1015-64-shippable-qr,True,False,,|b|y|t|e|c|o|d|e|-|c|a|c|h|e|d| |c|o|l|d| |f|i|s|s|i|o|n| |w|e|b|r|e|n|d|e|r|,102210fe594ee9b33d82058545b1ed14f4c8206e,PerceptualSpeedIndex,twitter,True,twitter PerceptualSpeedIndex opt bytecode-cached cold fission webrender,,77,ms,firefox,454019696.0,1871138567,2024-04-09 06:15:12,670.4,643848d855ebb8ab8d9d7009ca7ce9d21d267b34,1406147,,,,,,,,,,,,,,,,,,,,,,,,,,,,,,,,,,,,,,,,,,,,,,,,,,,,,,,,,,,,,TN,TN
autoland,4405952,13,ad8d5d1385265583919f5a224e1153902b6eef60,macosx1015-64-shippable-qr,True,False,,|b|y|t|e|c|o|d|e|-|c|a|c|h|e|d| |c|o|l|d| |f|i|s|s|i|o|n| |w|e|b|r|e|n|d|e|r|,102210fe594ee9b33d82058545b1ed14f4c8206e,PerceptualSpeedIndex,twitter,True,twitter PerceptualSpeedIndex opt bytecode-cached cold fission webrender,,77,ms,firefox,454058896.0,1871298474,2024-04-09 10:19:15,618.7,7cd4aaac69823ebb7b440d4e14d05275ba50a073,1406264,,,,,,,,,,,,,,,,,,,,,,,,,,,,,,,,,,,,,,,,,,,,,,,,,,,,,,,,,,,,,TN,TN
autoland,4405952,13,ad8d5d1385265583919f5a224e1153902b6eef60,macosx1015-64-shippable-qr,True,False,,|b|y|t|e|c|o|d|e|-|c|a|c|h|e|d| |c|o|l|d| |f|i|s|s|i|o|n| |w|e|b|r|e|n|d|e|r|,102210fe594ee9b33d82058545b1ed14f4c8206e,PerceptualSpeedIndex,twitter,True,twitter PerceptualSpeedIndex opt bytecode-cached cold fission webrender,,77,ms,firefox,454143228.0,1871733539,2024-04-09 13:18:22,657.0,d74b7b0696b5cf43a1196eb49d3ee3d6fd5be939,1406384,,,,,,,,,,,,,,,,,,,,,,,,,,,,,,,,,,,,,,,,,,,,,,,,,,,,,,,,,,,,,TN,TN
autoland,4405952,13,ad8d5d1385265583919f5a224e1153902b6eef60,macosx1015-64-shippable-qr,True,False,,|b|y|t|e|c|o|d|e|-|c|a|c|h|e|d| |c|o|l|d| |f|i|s|s|i|o|n| |w|e|b|r|e|n|d|e|r|,102210fe594ee9b33d82058545b1ed14f4c8206e,PerceptualSpeedIndex,twitter,True,twitter PerceptualSpeedIndex opt bytecode-cached cold fission webrender,,77,ms,firefox,454144575.0,1871742494,2024-04-09 13:31:54,598.2,4f295f84763cdb0699eaf30eb9984e7fe1de74e5,1406402,,,,,,,,,,,,,,,,,,,,,,,,,,,,,,,,,,,,,,,,,,,,,,,,,,,,,,,,,,,,,TN,TN
autoland,4405952,13,ad8d5d1385265583919f5a224e1153902b6eef60,macosx1015-64-shippable-qr,True,False,,|b|y|t|e|c|o|d|e|-|c|a|c|h|e|d| |c|o|l|d| |f|i|s|s|i|o|n| |w|e|b|r|e|n|d|e|r|,102210fe594ee9b33d82058545b1ed14f4c8206e,PerceptualSpeedIndex,twitter,True,twitter PerceptualSpeedIndex opt bytecode-cached cold fission webrender,,77,ms,firefox,454073527.0,1871372301,2024-04-09 14:26:21,602.2,34fef7e7706b912024aa3ba8826647e5ddc0a0ab,1406452,,,,,,,,,,,,,,,,,,,,,,,,,,,,,,,,,,,,,,,,,,,,,,,,,,,,,,,,,,,,,TN,TN
autoland,4405952,13,ad8d5d1385265583919f5a224e1153902b6eef60,macosx1015-64-shippable-qr,True,False,,|b|y|t|e|c|o|d|e|-|c|a|c|h|e|d| |c|o|l|d| |f|i|s|s|i|o|n| |w|e|b|r|e|n|d|e|r|,102210fe594ee9b33d82058545b1ed14f4c8206e,PerceptualSpeedIndex,twitter,True,twitter PerceptualSpeedIndex opt bytecode-cached cold fission webrender,,77,ms,firefox,454141249.0,1871707650,2024-04-09 16:33:24,656.5,c3cd9a2f257b5976229a43d8d3cff6d96d02fe11,1406558,,,,,,,,,,,,,,,,,,,,,,,,,,,,,,,,,,,,,,,,,,,,,,,,,,,,,,,,,,,,,TN,TN
autoland,4405952,13,ad8d5d1385265583919f5a224e1153902b6eef60,macosx1015-64-shippable-qr,True,False,,|b|y|t|e|c|o|d|e|-|c|a|c|h|e|d| |c|o|l|d| |f|i|s|s|i|o|n| |w|e|b|r|e|n|d|e|r|,102210fe594ee9b33d82058545b1ed14f4c8206e,PerceptualSpeedIndex,twitter,True,twitter PerceptualSpeedIndex opt bytecode-cached cold fission webrender,,77,ms,firefox,454087312.0,1871451079,2024-04-09 17:03:26,599.1,e3c9c90141d0f6b39792470ce489a5af6123cc15,1406581,,,,,,,,,,,,,,,,,,,,,,,,,,,,,,,,,,,,,,,,,,,,,,,,,,,,,,,,,,,,,TN,TN
autoland,4405952,13,ad8d5d1385265583919f5a224e1153902b6eef60,macosx1015-64-shippable-qr,True,False,,|b|y|t|e|c|o|d|e|-|c|a|c|h|e|d| |c|o|l|d| |f|i|s|s|i|o|n| |w|e|b|r|e|n|d|e|r|,102210fe594ee9b33d82058545b1ed14f4c8206e,PerceptualSpeedIndex,twitter,True,twitter PerceptualSpeedIndex opt bytecode-cached cold fission webrender,,77,ms,firefox,454111350.0,1871544667,2024-04-09 20:18:20,596.4,42fe954d2d47356658d58a292876a6f15d6cbc51,1406718,,,,,,,,,,,,,,,,,,,,,,,,,,,,,,,,,,,,,,,,,,,,,,,,,,,,,,,,,,,,,TN,TN
autoland,4405952,13,ad8d5d1385265583919f5a224e1153902b6eef60,macosx1015-64-shippable-qr,True,False,,|b|y|t|e|c|o|d|e|-|c|a|c|h|e|d| |c|o|l|d| |f|i|s|s|i|o|n| |w|e|b|r|e|n|d|e|r|,102210fe594ee9b33d82058545b1ed14f4c8206e,PerceptualSpeedIndex,twitter,True,twitter PerceptualSpeedIndex opt bytecode-cached cold fission webrender,,77,ms,firefox,454132187.0,1871638445,2024-04-10 00:18:40,604.3,c6228adca1a9c453ab8514c86ee26ee9a7903d27,1406841,,,,,,,,,,,,,,,,,,,,,,,,,,,,,,,,,,,,,,,,,,,,,,,,,,,,,,,,,,,,,TN,TN
autoland,4405952,13,ad8d5d1385265583919f5a224e1153902b6eef60,macosx1015-64-shippable-qr,True,False,,|b|y|t|e|c|o|d|e|-|c|a|c|h|e|d| |c|o|l|d| |f|i|s|s|i|o|n| |w|e|b|r|e|n|d|e|r|,102210fe594ee9b33d82058545b1ed14f4c8206e,PerceptualSpeedIndex,twitter,True,twitter PerceptualSpeedIndex opt bytecode-cached cold fission webrender,,77,ms,firefox,454142791.0,1871725708,2024-04-10 05:00:45,616.4,a3f0d7e2d176a84f97e08088b78e1abe8da0a5f7,1406899,,,,,,,,,,,,,,,,,,,,,,,,,,,,,,,,,,,,,,,,,,,,,,,,,,,,,,,,,,,,,TN,TN
autoland,4405952,13,ad8d5d1385265583919f5a224e1153902b6eef60,macosx1015-64-shippable-qr,True,False,,|b|y|t|e|c|o|d|e|-|c|a|c|h|e|d| |c|o|l|d| |f|i|s|s|i|o|n| |w|e|b|r|e|n|d|e|r|,102210fe594ee9b33d82058545b1ed14f4c8206e,PerceptualSpeedIndex,twitter,True,twitter PerceptualSpeedIndex opt bytecode-cached cold fission webrender,,77,ms,firefox,454190119.0,1871926132,2024-04-10 09:31:15,594.0,cb449d228d38790ba76f64d551817f6a804c044e,1406973,,,,,,,,,,,,,,,,,,,,,,,,,,,,,,,,,,,,,,,,,,,,,,,,,,,,,,,,,,,,,TN,TN
autoland,4405952,13,ad8d5d1385265583919f5a224e1153902b6eef60,macosx1015-64-shippable-qr,True,False,,|b|y|t|e|c|o|d|e|-|c|a|c|h|e|d| |c|o|l|d| |f|i|s|s|i|o|n| |w|e|b|r|e|n|d|e|r|,102210fe594ee9b33d82058545b1ed14f4c8206e,PerceptualSpeedIndex,twitter,True,twitter PerceptualSpeedIndex opt bytecode-cached cold fission webrender,,77,ms,firefox,454269525.0,1872386892,2024-04-10 13:14:00,691.8,17662e43cc8542dd0a35b099169dfcc2b23b2d59,1407072,,,,,,,,,,,,,,,,,,,,,,,,,,,,,,,,,,,,,,,,,,,,,,,,,,,,,,,,,,,,,TN,TN
autoland,4405952,13,ad8d5d1385265583919f5a224e1153902b6eef60,macosx1015-64-shippable-qr,True,False,,|b|y|t|e|c|o|d|e|-|c|a|c|h|e|d| |c|o|l|d| |f|i|s|s|i|o|n| |w|e|b|r|e|n|d|e|r|,102210fe594ee9b33d82058545b1ed14f4c8206e,PerceptualSpeedIndex,twitter,True,twitter PerceptualSpeedIndex opt bytecode-cached cold fission webrender,,77,ms,firefox,454196079.0,1871981180,2024-04-10 13:31:55,629.9,53228f89fadff09aff9d51b46652c77d94059014,1407087,,,,,,,,,,,,,,,,,,,,,,,,,,,,,,,,,,,,,,,,,,,,,,,,,,,,,,,,,,,,,TN,TN
autoland,4405952,13,ad8d5d1385265583919f5a224e1153902b6eef60,macosx1015-64-shippable-qr,True,False,,|b|y|t|e|c|o|d|e|-|c|a|c|h|e|d| |c|o|l|d| |f|i|s|s|i|o|n| |w|e|b|r|e|n|d|e|r|,102210fe594ee9b33d82058545b1ed14f4c8206e,PerceptualSpeedIndex,twitter,True,twitter PerceptualSpeedIndex opt bytecode-cached cold fission webrender,,77,ms,firefox,454221441.0,1872113764,2024-04-10 17:21:37,600.0,a30d53cfa601940935af0c765cccbdde2178bb67,1407259,,,,,,,,,,,,,,,,,,,,,,,,,,,,,,,,,,,,,,,,,,,,,,,,,,,,,,,,,,,,,TN,TN
autoland,4405952,13,ad8d5d1385265583919f5a224e1153902b6eef60,macosx1015-64-shippable-qr,True,False,,|b|y|t|e|c|o|d|e|-|c|a|c|h|e|d| |c|o|l|d| |f|i|s|s|i|o|n| |w|e|b|r|e|n|d|e|r|,102210fe594ee9b33d82058545b1ed14f4c8206e,PerceptualSpeedIndex,twitter,True,twitter PerceptualSpeedIndex opt bytecode-cached cold fission webrender,,77,ms,firefox,454270689.0,1872395408,2024-04-10 17:51:13,665.9,658f4b57b8ecb99f066d0c342241810adb16c5b7,1407289,,,,,,,,,,,,,,,,,,,,,,,,,,,,,,,,,,,,,,,,,,,,,,,,,,,,,,,,,,,,,TN,TN
autoland,4405952,13,ad8d5d1385265583919f5a224e1153902b6eef60,macosx1015-64-shippable-qr,True,False,,|b|y|t|e|c|o|d|e|-|c|a|c|h|e|d| |c|o|l|d| |f|i|s|s|i|o|n| |w|e|b|r|e|n|d|e|r|,102210fe594ee9b33d82058545b1ed14f4c8206e,PerceptualSpeedIndex,twitter,True,twitter PerceptualSpeedIndex opt bytecode-cached cold fission webrender,,77,ms,firefox,454269867.0,1872394730,2024-04-10 18:14:03,594.5,df5d696fe260420dcfaa26f75edc59908f157545,1407304,,,,,,,,,,,,,,,,,,,,,,,,,,,,,,,,,,,,,,,,,,,,,,,,,,,,,,,,,,,,,TN,TN
autoland,4405952,13,ad8d5d1385265583919f5a224e1153902b6eef60,macosx1015-64-shippable-qr,True,False,,|b|y|t|e|c|o|d|e|-|c|a|c|h|e|d| |c|o|l|d| |f|i|s|s|i|o|n| |w|e|b|r|e|n|d|e|r|,102210fe594ee9b33d82058545b1ed14f4c8206e,PerceptualSpeedIndex,twitter,True,twitter PerceptualSpeedIndex opt bytecode-cached cold fission webrender,,77,ms,firefox,454272400.0,1872405591,2024-04-10 19:30:38,666.3,399bfc5051b26618286e3ba39745bc52ad99fcbd,1407363,,,,,,,,,,,,,,,,,,,,,,,,,,,,,,,,,,,,,,,,,,,,,,,,,,,,,,,,,,,,,TN,TN
autoland,4405952,13,ad8d5d1385265583919f5a224e1153902b6eef60,macosx1015-64-shippable-qr,True,False,,|b|y|t|e|c|o|d|e|-|c|a|c|h|e|d| |c|o|l|d| |f|i|s|s|i|o|n| |w|e|b|r|e|n|d|e|r|,102210fe594ee9b33d82058545b1ed14f4c8206e,PerceptualSpeedIndex,twitter,True,twitter PerceptualSpeedIndex opt bytecode-cached cold fission webrender,,77,ms,firefox,454272595.0,1872408750,2024-04-10 19:31:26,669.8,1b6bb55f1ad9e598178ec9d9e3659e43ae01f879,1407365,,,,,,,,,,,,,,,,,,,,,,,,,,,,,,,,,,,,,,,,,,,,,,,,,,,,,,,,,,,,,TN,TN
autoland,4405952,13,ad8d5d1385265583919f5a224e1153902b6eef60,macosx1015-64-shippable-qr,True,False,,|b|y|t|e|c|o|d|e|-|c|a|c|h|e|d| |c|o|l|d| |f|i|s|s|i|o|n| |w|e|b|r|e|n|d|e|r|,102210fe594ee9b33d82058545b1ed14f4c8206e,PerceptualSpeedIndex,twitter,True,twitter PerceptualSpeedIndex opt bytecode-cached cold fission webrender,,77,ms,firefox,454237815.0,1872194549,2024-04-10 20:55:18,624.2,bc425d90bbe9987cc754323772553d4be3e6de83,1407422,,,,,,,,,,,,,,,,,,,,,,,,,,,,,,,,,,,,,,,,,,,,,,,,,,,,,,,,,,,,,TN,TN
autoland,4405952,13,ad8d5d1385265583919f5a224e1153902b6eef60,macosx1015-64-shippable-qr,True,False,,|b|y|t|e|c|o|d|e|-|c|a|c|h|e|d| |c|o|l|d| |f|i|s|s|i|o|n| |w|e|b|r|e|n|d|e|r|,102210fe594ee9b33d82058545b1ed14f4c8206e,PerceptualSpeedIndex,twitter,True,twitter PerceptualSpeedIndex opt bytecode-cached cold fission webrender,,77,ms,firefox,454255335.0,1872278347,2024-04-11 01:15:30,605.9,1ae79ee05e2fe6a64e1916d65c78979921af1e5e,1407545,,,,,,,,,,,,,,,,,,,,,,,,,,,,,,,,,,,,,,,,,,,,,,,,,,,,,,,,,,,,,TN,TN
autoland,4405952,13,ad8d5d1385265583919f5a224e1153902b6eef60,macosx1015-64-shippable-qr,True,False,,|b|y|t|e|c|o|d|e|-|c|a|c|h|e|d| |c|o|l|d| |f|i|s|s|i|o|n| |w|e|b|r|e|n|d|e|r|,102210fe594ee9b33d82058545b1ed14f4c8206e,PerceptualSpeedIndex,twitter,True,twitter PerceptualSpeedIndex opt bytecode-cached cold fission webrender,,77,ms,firefox,454275265.0,1872438956,2024-04-11 06:36:24,577.9,7a8a0223fffe0f06dd2e7aad79bf1920cf1430c0,1407612,,,,,,,,,,,,,,,,,,,,,,,,,,,,,,,,,,,,,,,,,,,,,,,,,,,,,,,,,,,,,TN,TN
autoland,4405952,13,ad8d5d1385265583919f5a224e1153902b6eef60,macosx1015-64-shippable-qr,True,False,,|b|y|t|e|c|o|d|e|-|c|a|c|h|e|d| |c|o|l|d| |f|i|s|s|i|o|n| |w|e|b|r|e|n|d|e|r|,102210fe594ee9b33d82058545b1ed14f4c8206e,PerceptualSpeedIndex,twitter,True,twitter PerceptualSpeedIndex opt bytecode-cached cold fission webrender,,77,ms,firefox,454323721.0,1872766494,2024-04-11 15:41:30,633.7,bbca818d6385ef61c987f967ebccfe9df63fc36b,1407834,,,,,,,,,,,,,,,,,,,,,,,,,,,,,,,,,,,,,,,,,,,,,,,,,,,,,,,,,,,,,TN,TN
autoland,4405952,13,ad8d5d1385265583919f5a224e1153902b6eef60,macosx1015-64-shippable-qr,True,False,,|b|y|t|e|c|o|d|e|-|c|a|c|h|e|d| |c|o|l|d| |f|i|s|s|i|o|n| |w|e|b|r|e|n|d|e|r|,102210fe594ee9b33d82058545b1ed14f4c8206e,PerceptualSpeedIndex,twitter,True,twitter PerceptualSpeedIndex opt bytecode-cached cold fission webrender,,77,ms,firefox,454375527.0,1873038034,2024-04-11 16:23:59,606.9,a6c95ed12e514ccf3e43f7cf11dfa317ab376543,1407894,,,,,,,,,,,,,,,,,,,,,,,,,,,,,,,,,,,,,,,,,,,,,,,,,,,,,,,,,,,,,TN,TN
autoland,4405952,13,ad8d5d1385265583919f5a224e1153902b6eef60,macosx1015-64-shippable-qr,True,False,,|b|y|t|e|c|o|d|e|-|c|a|c|h|e|d| |c|o|l|d| |f|i|s|s|i|o|n| |w|e|b|r|e|n|d|e|r|,102210fe594ee9b33d82058545b1ed14f4c8206e,PerceptualSpeedIndex,twitter,True,twitter PerceptualSpeedIndex opt bytecode-cached cold fission webrender,,77,ms,firefox,454375782.0,1873045052,2024-04-11 16:26:59,603.8,283a71abb547740e1fe56c6d669272379b47afcb,1407898,,,,,,,,,,,,,,,,,,,,,,,,,,,,,,,,,,,,,,,,,,,,,,,,,,,,,,,,,,,,,TN,TN
autoland,4405952,13,ad8d5d1385265583919f5a224e1153902b6eef60,macosx1015-64-shippable-qr,True,False,,|b|y|t|e|c|o|d|e|-|c|a|c|h|e|d| |c|o|l|d| |f|i|s|s|i|o|n| |w|e|b|r|e|n|d|e|r|,102210fe594ee9b33d82058545b1ed14f4c8206e,PerceptualSpeedIndex,twitter,True,twitter PerceptualSpeedIndex opt bytecode-cached cold fission webrender,,77,ms,firefox,454338998.0,1872860059,2024-04-11 18:08:24,586.7,036ac9a41b52b5af1836d103d3a7aefad37e2b87,1407970,,,,,,,,,,,,,,,,,,,,,,,,,,,,,,,,,,,,,,,,,,,,,,,,,,,,,,,,,,,,,TN,TN
autoland,4405952,13,ad8d5d1385265583919f5a224e1153902b6eef60,macosx1015-64-shippable-qr,True,False,,|b|y|t|e|c|o|d|e|-|c|a|c|h|e|d| |c|o|l|d| |f|i|s|s|i|o|n| |w|e|b|r|e|n|d|e|r|,102210fe594ee9b33d82058545b1ed14f4c8206e,PerceptualSpeedIndex,twitter,True,twitter PerceptualSpeedIndex opt bytecode-cached cold fission webrender,,77,ms,firefox,454366802.0,1872966806,2024-04-11 23:15:25,601.7,90ef908ff18573cca9f4f0e5d676df56875c68b5,1408175,,,,,,,,,,,,,,,,,,,,,,,,,,,,,,,,,,,,,,,,,,,,,,,,,,,,,,,,,,,,,TN,TN
autoland,4405952,13,ad8d5d1385265583919f5a224e1153902b6eef60,macosx1015-64-shippable-qr,True,False,,|b|y|t|e|c|o|d|e|-|c|a|c|h|e|d| |c|o|l|d| |f|i|s|s|i|o|n| |w|e|b|r|e|n|d|e|r|,102210fe594ee9b33d82058545b1ed14f4c8206e,PerceptualSpeedIndex,twitter,True,twitter PerceptualSpeedIndex opt bytecode-cached cold fission webrender,,77,ms,firefox,454419232.0,1873281942,2024-04-12 14:13:45,588.9,be4463b26a49bdb9c791eaf7d0b41ff9eb0294d3,1408318,,,,,,,,,,,,,,,,,,,,,,,,,,,,,,,,,,,,,,,,,,,,,,,,,,,,,,,,,,,,,TN,TN
autoland,4405952,13,ad8d5d1385265583919f5a224e1153902b6eef60,macosx1015-64-shippable-qr,True,False,,|b|y|t|e|c|o|d|e|-|c|a|c|h|e|d| |c|o|l|d| |f|i|s|s|i|o|n| |w|e|b|r|e|n|d|e|r|,102210fe594ee9b33d82058545b1ed14f4c8206e,PerceptualSpeedIndex,twitter,True,twitter PerceptualSpeedIndex opt bytecode-cached cold fission webrender,,77,ms,firefox,454435994.0,1873367448,2024-04-12 20:21:58,591.6,5e5bc998487f4e6ee9fe6fe52ca5eb66cd37de03,1408379,,,,,,,,,,,,,,,,,,,,,,,,,,,,,,,,,,,,,,,,,,,,,,,,,,,,,,,,,,,,,TN,TN
autoland,4405952,13,ad8d5d1385265583919f5a224e1153902b6eef60,macosx1015-64-shippable-qr,True,False,,|b|y|t|e|c|o|d|e|-|c|a|c|h|e|d| |c|o|l|d| |f|i|s|s|i|o|n| |w|e|b|r|e|n|d|e|r|,102210fe594ee9b33d82058545b1ed14f4c8206e,PerceptualSpeedIndex,twitter,True,twitter PerceptualSpeedIndex opt bytecode-cached cold fission webrender,,77,ms,firefox,454440325.0,1873409562,2024-04-13 06:05:05,588.6,39657b697a7ffcda0f07cae917b68f1e84f57d54,1408439,,,,,,,,,,,,,,,,,,,,,,,,,,,,,,,,,,,,,,,,,,,,,,,,,,,,,,,,,,,,,TN,TN
autoland,4405952,13,ad8d5d1385265583919f5a224e1153902b6eef60,macosx1015-64-shippable-qr,True,False,,|b|y|t|e|c|o|d|e|-|c|a|c|h|e|d| |c|o|l|d| |f|i|s|s|i|o|n| |w|e|b|r|e|n|d|e|r|,102210fe594ee9b33d82058545b1ed14f4c8206e,PerceptualSpeedIndex,twitter,True,twitter PerceptualSpeedIndex opt bytecode-cached cold fission webrender,,77,ms,firefox,454463807.0,1873512759,2024-04-13 20:36:37,582.2,1dc823d4e96db6fe0450fcb588466eff7038b4cc,1408512,,,,,,,,,,,,,,,,,,,,,,,,,,,,,,,,,,,,,,,,,,,,,,,,,,,,,,,,,,,,,TN,TN
autoland,4405952,13,ad8d5d1385265583919f5a224e1153902b6eef60,macosx1015-64-shippable-qr,True,False,,|b|y|t|e|c|o|d|e|-|c|a|c|h|e|d| |c|o|l|d| |f|i|s|s|i|o|n| |w|e|b|r|e|n|d|e|r|,102210fe594ee9b33d82058545b1ed14f4c8206e,PerceptualSpeedIndex,twitter,True,twitter PerceptualSpeedIndex opt bytecode-cached cold fission webrender,,77,ms,firefox,454485057.0,1873672769,2024-04-14 12:41:18,669.8,25a22c2f939167a119d912b3fe61312db879d576,1408562,,,,,,,,,,,,,,,,,,,,,,,,,,,,,,,,,,,,,,,,,,,,,,,,,,,,,,,,,,,,,TN,TN
autoland,4405952,13,ad8d5d1385265583919f5a224e1153902b6eef60,macosx1015-64-shippable-qr,True,False,,|b|y|t|e|c|o|d|e|-|c|a|c|h|e|d| |c|o|l|d| |f|i|s|s|i|o|n| |w|e|b|r|e|n|d|e|r|,102210fe594ee9b33d82058545b1ed14f4c8206e,PerceptualSpeedIndex,twitter,True,twitter PerceptualSpeedIndex opt bytecode-cached cold fission webrender,,77,ms,firefox,454505152.0,1873807631,2024-04-15 00:20:26,595.3,8c457b0d7626241855c3c025a2531eb5f00b8cfc,1408605,,,,,,,,,,,,,,,,,,,,,,,,,,,,,,,,,,,,,,,,,,,,,,,,,,,,,,,,,,,,,TN,TN
autoland,4405952,13,ad8d5d1385265583919f5a224e1153902b6eef60,macosx1015-64-shippable-qr,True,False,,|b|y|t|e|c|o|d|e|-|c|a|c|h|e|d| |c|o|l|d| |f|i|s|s|i|o|n| |w|e|b|r|e|n|d|e|r|,102210fe594ee9b33d82058545b1ed14f4c8206e,PerceptualSpeedIndex,twitter,True,twitter PerceptualSpeedIndex opt bytecode-cached cold fission webrender,,77,ms,firefox,454511681.0,1873842962,2024-04-15 05:51:41,598.3,4b17d2a2a7ae64b3c8d364d200a6b97cc636dffd,1408627,,,,,,,,,,,,,,,,,,,,,,,,,,,,,,,,,,,,,,,,,,,,,,,,,,,,,,,,,,,,,TN,TN
autoland,4405952,13,ad8d5d1385265583919f5a224e1153902b6eef60,macosx1015-64-shippable-qr,True,False,,|b|y|t|e|c|o|d|e|-|c|a|c|h|e|d| |c|o|l|d| |f|i|s|s|i|o|n| |w|e|b|r|e|n|d|e|r|,102210fe594ee9b33d82058545b1ed14f4c8206e,PerceptualSpeedIndex,twitter,True,twitter PerceptualSpeedIndex opt bytecode-cached cold fission webrender,,77,ms,firefox,454535388.0,1873968724,2024-04-15 10:25:42,631.4,177f569e862519d4372977ba20b630f95e24ef1c,1408738,,,,,,,,,,,,,,,,,,,,,,,,,,,,,,,,,,,,,,,,,,,,,,,,,,,,,,,,,,,,,TN,TN
autoland,4405952,13,ad8d5d1385265583919f5a224e1153902b6eef60,macosx1015-64-shippable-qr,True,False,,|b|y|t|e|c|o|d|e|-|c|a|c|h|e|d| |c|o|l|d| |f|i|s|s|i|o|n| |w|e|b|r|e|n|d|e|r|,102210fe594ee9b33d82058545b1ed14f4c8206e,PerceptualSpeedIndex,twitter,True,twitter PerceptualSpeedIndex opt bytecode-cached cold fission webrender,,77,ms,firefox,454584428.0,1874150680,2024-04-15 14:58:12,591.1,4897460458d13272e6016fd9e4c184c3c41cbd74,1408898,,,,,,,,,,,,,,,,,,,,,,,,,,,,,,,,,,,,,,,,,,,,,,,,,,,,,,,,,,,,,TN,TN
autoland,4405952,13,ad8d5d1385265583919f5a224e1153902b6eef60,macosx1015-64-shippable-qr,True,False,,|b|y|t|e|c|o|d|e|-|c|a|c|h|e|d| |c|o|l|d| |f|i|s|s|i|o|n| |w|e|b|r|e|n|d|e|r|,102210fe594ee9b33d82058545b1ed14f4c8206e,PerceptualSpeedIndex,twitter,True,twitter PerceptualSpeedIndex opt bytecode-cached cold fission webrender,,77,ms,firefox,454601245.0,1874247509,2024-04-15 18:18:39,599.9,d49ecc17e4ae83fbccee8ffbe50a119039d1e408,1409057,,,,,,,,,,,,,,,,,,,,,,,,,,,,,,,,,,,,,,,,,,,,,,,,,,,,,,,,,,,,,TN,TN
autoland,4405952,13,ad8d5d1385265583919f5a224e1153902b6eef60,macosx1015-64-shippable-qr,True,False,,|b|y|t|e|c|o|d|e|-|c|a|c|h|e|d| |c|o|l|d| |f|i|s|s|i|o|n| |w|e|b|r|e|n|d|e|r|,102210fe594ee9b33d82058545b1ed14f4c8206e,PerceptualSpeedIndex,twitter,True,twitter PerceptualSpeedIndex opt bytecode-cached cold fission webrender,,77,ms,firefox,454627932.0,1874384094,2024-04-15 20:13:44,600.0,8d488b7ac977a67ba128a580f6959fe058df2fe5,1409141,,,,,,,,,,,,,,,,,,,,,,,,,,,,,,,,,,,,,,,,,,,,,,,,,,,,,,,,,,,,,TN,TN
autoland,4405952,13,ad8d5d1385265583919f5a224e1153902b6eef60,macosx1015-64-shippable-qr,True,False,,|b|y|t|e|c|o|d|e|-|c|a|c|h|e|d| |c|o|l|d| |f|i|s|s|i|o|n| |w|e|b|r|e|n|d|e|r|,102210fe594ee9b33d82058545b1ed14f4c8206e,PerceptualSpeedIndex,twitter,True,twitter PerceptualSpeedIndex opt bytecode-cached cold fission webrender,,77,ms,firefox,454634688.0,1874421379,2024-04-15 21:50:25,664.4,547363a98ae60f0645c5cc21aeecffb7e0ddb047,1409212,,,,,,,,,,,,,,,,,,,,,,,,,,,,,,,,,,,,,,,,,,,,,,,,,,,,,,,,,,,,,TN,TN
autoland,4405952,13,ad8d5d1385265583919f5a224e1153902b6eef60,macosx1015-64-shippable-qr,True,False,,|b|y|t|e|c|o|d|e|-|c|a|c|h|e|d| |c|o|l|d| |f|i|s|s|i|o|n| |w|e|b|r|e|n|d|e|r|,102210fe594ee9b33d82058545b1ed14f4c8206e,PerceptualSpeedIndex,twitter,True,twitter PerceptualSpeedIndex opt bytecode-cached cold fission webrender,,77,ms,firefox,454645942.0,1874465531,2024-04-16 00:41:18,652.7,5a31505f08c64efa6eb7a8ed02d5e9c0db448e37,1409277,,,,,,,,,,,,,,,,,,,,,,,,,,,,,,,,,,,,,,,,,,,,,,,,,,,,,,,,,,,,,TN,TN
autoland,4405952,13,ad8d5d1385265583919f5a224e1153902b6eef60,macosx1015-64-shippable-qr,True,False,,|b|y|t|e|c|o|d|e|-|c|a|c|h|e|d| |c|o|l|d| |f|i|s|s|i|o|n| |w|e|b|r|e|n|d|e|r|,102210fe594ee9b33d82058545b1ed14f4c8206e,PerceptualSpeedIndex,twitter,True,twitter PerceptualSpeedIndex opt bytecode-cached cold fission webrender,,77,ms,firefox,454666376.0,1874553535,2024-04-16 05:04:40,622.7,69a1a1d802b357216fef131d6ad99816defddc1f,1409360,,,,,,,,,,,,,,,,,,,,,,,,,,,,,,,,,,,,,,,,,,,,,,,,,,,,,,,,,,,,,TN,TN
autoland,4405952,13,ad8d5d1385265583919f5a224e1153902b6eef60,macosx1015-64-shippable-qr,True,False,,|b|y|t|e|c|o|d|e|-|c|a|c|h|e|d| |c|o|l|d| |f|i|s|s|i|o|n| |w|e|b|r|e|n|d|e|r|,102210fe594ee9b33d82058545b1ed14f4c8206e,PerceptualSpeedIndex,twitter,True,twitter PerceptualSpeedIndex opt bytecode-cached cold fission webrender,,77,ms,firefox,454694568.0,1874633342,2024-04-16 09:18:49,600.7,2949cb403e680d76f7bcb101117ceefeb480b064,1409480,,,,,,,,,,,,,,,,,,,,,,,,,,,,,,,,,,,,,,,,,,,,,,,,,,,,,,,,,,,,,TN,TN
autoland,4405952,13,ad8d5d1385265583919f5a224e1153902b6eef60,macosx1015-64-shippable-qr,True,False,,|b|y|t|e|c|o|d|e|-|c|a|c|h|e|d| |c|o|l|d| |f|i|s|s|i|o|n| |w|e|b|r|e|n|d|e|r|,102210fe594ee9b33d82058545b1ed14f4c8206e,PerceptualSpeedIndex,twitter,True,twitter PerceptualSpeedIndex opt bytecode-cached cold fission webrender,,77,ms,firefox,454715495.0,1874741811,2024-04-16 13:28:04,650.3,11d1c89ad8b2dad0cee1caf733cd833e448945eb,1409649,,,,,,,,,,,,,,,,,,,,,,,,,,,,,,,,,,,,,,,,,,,,,,,,,,,,,,,,,,,,,TN,TN
autoland,4405952,13,ad8d5d1385265583919f5a224e1153902b6eef60,macosx1015-64-shippable-qr,True,False,,|b|y|t|e|c|o|d|e|-|c|a|c|h|e|d| |c|o|l|d| |f|i|s|s|i|o|n| |w|e|b|r|e|n|d|e|r|,102210fe594ee9b33d82058545b1ed14f4c8206e,PerceptualSpeedIndex,twitter,True,twitter PerceptualSpeedIndex opt bytecode-cached cold fission webrender,,77,ms,firefox,454740927.0,1874903693,2024-04-16 17:33:30,642.5,12c7f0b00cd7ce4e2edde6ff37daf12e807388b1,1409875,,,,,,,,,,,,,,,,,,,,,,,,,,,,,,,,,,,,,,,,,,,,,,,,,,,,,,,,,,,,,TN,TN
autoland,4405952,13,ad8d5d1385265583919f5a224e1153902b6eef60,macosx1015-64-shippable-qr,True,False,,|b|y|t|e|c|o|d|e|-|c|a|c|h|e|d| |c|o|l|d| |f|i|s|s|i|o|n| |w|e|b|r|e|n|d|e|r|,102210fe594ee9b33d82058545b1ed14f4c8206e,PerceptualSpeedIndex,twitter,True,twitter PerceptualSpeedIndex opt bytecode-cached cold fission webrender,,77,ms,firefox,454757839.0,1874977113,2024-04-16 20:13:25,607.3,852d3945e38d8d16c4cf17918e862882d7ef363c,1409984,,,,,,,,,,,,,,,,,,,,,,,,,,,,,,,,,,,,,,,,,,,,,,,,,,,,,,,,,,,,,TN,TN
autoland,4405952,13,ad8d5d1385265583919f5a224e1153902b6eef60,macosx1015-64-shippable-qr,True,False,,|b|y|t|e|c|o|d|e|-|c|a|c|h|e|d| |c|o|l|d| |f|i|s|s|i|o|n| |w|e|b|r|e|n|d|e|r|,102210fe594ee9b33d82058545b1ed14f4c8206e,PerceptualSpeedIndex,twitter,True,twitter PerceptualSpeedIndex opt bytecode-cached cold fission webrender,,77,ms,firefox,454777867.0,1875075744,2024-04-17 00:00:12,602.8,3f5bf473ca3cf95233298d16ad833028500755e6,1410132,,,,,,,,,,,,,,,,,,,,,,,,,,,,,,,,,,,,,,,,,,,,,,,,,,,,,,,,,,,,,TN,TN
autoland,4405952,13,ad8d5d1385265583919f5a224e1153902b6eef60,macosx1015-64-shippable-qr,True,False,,|b|y|t|e|c|o|d|e|-|c|a|c|h|e|d| |c|o|l|d| |f|i|s|s|i|o|n| |w|e|b|r|e|n|d|e|r|,102210fe594ee9b33d82058545b1ed14f4c8206e,PerceptualSpeedIndex,twitter,True,twitter PerceptualSpeedIndex opt bytecode-cached cold fission webrender,,77,ms,firefox,454798816.0,1875229543,2024-04-17 04:14:52,584.4,7900ea0538965c6aba695fd896a6e2833d781007,1410204,,,,,,,,,,,,,,,,,,,,,,,,,,,,,,,,,,,,,,,,,,,,,,,,,,,,,,,,,,,,,TN,TN
autoland,4405952,13,ad8d5d1385265583919f5a224e1153902b6eef60,macosx1015-64-shippable-qr,True,False,,|b|y|t|e|c|o|d|e|-|c|a|c|h|e|d| |c|o|l|d| |f|i|s|s|i|o|n| |w|e|b|r|e|n|d|e|r|,102210fe594ee9b33d82058545b1ed14f4c8206e,PerceptualSpeedIndex,twitter,True,twitter PerceptualSpeedIndex opt bytecode-cached cold fission webrender,,77,ms,firefox,454838587.0,1875380972,2024-04-17 08:24:06,616.1,acabdf625d68e5d96c49e0eebb5c71f4286e5ffd,1410333,,,,,,,,,,,,,,,,,,,,,,,,,,,,,,,,,,,,,,,,,,,,,,,,,,,,,,,,,,,,,TN,TN
autoland,4405952,13,ad8d5d1385265583919f5a224e1153902b6eef60,macosx1015-64-shippable-qr,True,False,,|b|y|t|e|c|o|d|e|-|c|a|c|h|e|d| |c|o|l|d| |f|i|s|s|i|o|n| |w|e|b|r|e|n|d|e|r|,102210fe594ee9b33d82058545b1ed14f4c8206e,PerceptualSpeedIndex,twitter,True,twitter PerceptualSpeedIndex opt bytecode-cached cold fission webrender,,77,ms,firefox,454864718.0,1875447025,2024-04-17 11:47:51,582.9,05ad651d0c97009f3d906febefe9888c127c2660,1410461,,,,,,,,,,,,,,,,,,,,,,,,,,,,,,,,,,,,,,,,,,,,,,,,,,,,,,,,,,,,,TN,TN
autoland,4405952,13,ad8d5d1385265583919f5a224e1153902b6eef60,macosx1015-64-shippable-qr,True,False,,|b|y|t|e|c|o|d|e|-|c|a|c|h|e|d| |c|o|l|d| |f|i|s|s|i|o|n| |w|e|b|r|e|n|d|e|r|,102210fe594ee9b33d82058545b1ed14f4c8206e,PerceptualSpeedIndex,twitter,True,twitter PerceptualSpeedIndex opt bytecode-cached cold fission webrender,,77,ms,firefox,454959169.0,1875860305,2024-04-17 12:34:17,655.5,4bf7684679058a9cea70efbf2306566e43ddbd57,1410496,,,,,,,,,,,,,,,,,,,,,,,,,,,,,,,,,,,,,,,,,,,,,,,,,,,,,,,,,,,,,TN,TN
autoland,4405952,13,ad8d5d1385265583919f5a224e1153902b6eef60,macosx1015-64-shippable-qr,True,False,,|b|y|t|e|c|o|d|e|-|c|a|c|h|e|d| |c|o|l|d| |f|i|s|s|i|o|n| |w|e|b|r|e|n|d|e|r|,102210fe594ee9b33d82058545b1ed14f4c8206e,PerceptualSpeedIndex,twitter,True,twitter PerceptualSpeedIndex opt bytecode-cached cold fission webrender,,77,ms,firefox,454959699.0,1875863062,2024-04-17 12:37:32,590.5,32f820922a96457623c5707ec70ed65ff3537597,1410498,,,,,,,,,,,,,,,,,,,,,,,,,,,,,,,,,,,,,,,,,,,,,,,,,,,,,,,,,,,,,TN,TN
autoland,4405952,13,ad8d5d1385265583919f5a224e1153902b6eef60,macosx1015-64-shippable-qr,True,False,,|b|y|t|e|c|o|d|e|-|c|a|c|h|e|d| |c|o|l|d| |f|i|s|s|i|o|n| |w|e|b|r|e|n|d|e|r|,102210fe594ee9b33d82058545b1ed14f4c8206e,PerceptualSpeedIndex,twitter,True,twitter PerceptualSpeedIndex opt bytecode-cached cold fission webrender,,77,ms,firefox,454875474.0,1875498099,2024-04-17 13:57:03,595.1,57f6925a520cf97f4af35e42db00435e817475dc,1410569,,,,,,,,,,,,,,,,,,,,,,,,,,,,,,,,,,,,,,,,,,,,,,,,,,,,,,,,,,,,,TN,TN
autoland,4405952,13,ad8d5d1385265583919f5a224e1153902b6eef60,macosx1015-64-shippable-qr,True,False,,|b|y|t|e|c|o|d|e|-|c|a|c|h|e|d| |c|o|l|d| |f|i|s|s|i|o|n| |w|e|b|r|e|n|d|e|r|,102210fe594ee9b33d82058545b1ed14f4c8206e,PerceptualSpeedIndex,twitter,True,twitter PerceptualSpeedIndex opt bytecode-cached cold fission webrender,,77,ms,firefox,454959923.0,1875866684,2024-04-17 13:58:01,583.3,9cb15fbf3387b57dedc490cfbdf02cf3837c4fd9,1410571,,,,,,,,,,,,,,,,,,,,,,,,,,,,,,,,,,,,,,,,,,,,,,,,,,,,,,,,,,,,,TN,TN
autoland,4405952,13,ad8d5d1385265583919f5a224e1153902b6eef60,macosx1015-64-shippable-qr,True,False,,|b|y|t|e|c|o|d|e|-|c|a|c|h|e|d| |c|o|l|d| |f|i|s|s|i|o|n| |w|e|b|r|e|n|d|e|r|,102210fe594ee9b33d82058545b1ed14f4c8206e,PerceptualSpeedIndex,twitter,True,twitter PerceptualSpeedIndex opt bytecode-cached cold fission webrender,,77,ms,firefox,454959098.0,1875857264,2024-04-17 14:29:06,591.3,975f45b6eb35d30e4fb742aa8d34792a54cb42d7,1410605,,,,,,,,,,,,,,,,,,,,,,,,,,,,,,,,,,,,,,,,,,,,,,,,,,,,,,,,,,,,,TN,TN
autoland,4405952,13,ad8d5d1385265583919f5a224e1153902b6eef60,macosx1015-64-shippable-qr,True,False,,|b|y|t|e|c|o|d|e|-|c|a|c|h|e|d| |c|o|l|d| |f|i|s|s|i|o|n| |w|e|b|r|e|n|d|e|r|,102210fe594ee9b33d82058545b1ed14f4c8206e,PerceptualSpeedIndex,twitter,True,twitter PerceptualSpeedIndex opt bytecode-cached cold fission webrender,,77,ms,firefox,454957959.0,1875839786,2024-04-17 16:46:44,588.9,1d9301697aa0ac99d1a7eba6aa3ddefa0327d4c6,1410713,,,,,,,,,,,,,,,,,,,,,,,,,,,,,,,,,,,,,,,,,,,,,,,,,,,,,,,,,,,,,TN,TN
autoland,4405952,13,ad8d5d1385265583919f5a224e1153902b6eef60,macosx1015-64-shippable-qr,True,False,,|b|y|t|e|c|o|d|e|-|c|a|c|h|e|d| |c|o|l|d| |f|i|s|s|i|o|n| |w|e|b|r|e|n|d|e|r|,102210fe594ee9b33d82058545b1ed14f4c8206e,PerceptualSpeedIndex,twitter,True,twitter PerceptualSpeedIndex opt bytecode-cached cold fission webrender,,77,ms,firefox,454957794.0,1875833740,2024-04-17 16:47:37,573.6,d58df5e2d05c48b077fbc55bb4c851270a79904b,1410714,,,,,,,,,,,,,,,,,,,,,,,,,,,,,,,,,,,,,,,,,,,,,,,,,,,,,,,,,,,,,TN,TN
autoland,4405952,13,ad8d5d1385265583919f5a224e1153902b6eef60,macosx1015-64-shippable-qr,True,False,,|b|y|t|e|c|o|d|e|-|c|a|c|h|e|d| |c|o|l|d| |f|i|s|s|i|o|n| |w|e|b|r|e|n|d|e|r|,102210fe594ee9b33d82058545b1ed14f4c8206e,PerceptualSpeedIndex,twitter,True,twitter PerceptualSpeedIndex opt bytecode-cached cold fission webrender,,77,ms,firefox,454907324.0,1875616310,2024-04-17 18:33:15,611.1,25500210a453fec07cc9d95612bbe778bae07f71,1410800,,,,,,,,,,,,,,,,,,,,,,,,,,,,,,,,,,,,,,,,,,,,,,,,,,,,,,,,,,,,,TN,TN
autoland,4405952,13,ad8d5d1385265583919f5a224e1153902b6eef60,macosx1015-64-shippable-qr,True,False,,|b|y|t|e|c|o|d|e|-|c|a|c|h|e|d| |c|o|l|d| |f|i|s|s|i|o|n| |w|e|b|r|e|n|d|e|r|,102210fe594ee9b33d82058545b1ed14f4c8206e,PerceptualSpeedIndex,twitter,True,twitter PerceptualSpeedIndex opt bytecode-cached cold fission webrender,,77,ms,firefox,454920014.0,1875668218,2024-04-17 20:25:11,606.1,d35a7bf5f1fc33f0f83edc8fdcffd17131fd9b82,1410917,,,,,,,,,,,,,,,,,,,,,,,,,,,,,,,,,,,,,,,,,,,,,,,,,,,,,,,,,,,,,TN,TN
autoland,4405952,13,ad8d5d1385265583919f5a224e1153902b6eef60,macosx1015-64-shippable-qr,True,False,,|b|y|t|e|c|o|d|e|-|c|a|c|h|e|d| |c|o|l|d| |f|i|s|s|i|o|n| |w|e|b|r|e|n|d|e|r|,102210fe594ee9b33d82058545b1ed14f4c8206e,PerceptualSpeedIndex,twitter,True,twitter PerceptualSpeedIndex opt bytecode-cached cold fission webrender,,77,ms,firefox,454938337.0,1875748842,2024-04-18 00:20:10,588.5,1bf7d54b4913d7994ed2ce4b07f0426fc70b4b7e,1411120,,,,,,,,,,,,,,,,,,,,,,,,,,,,,,,,,,,,,,,,,,,,,,,,,,,,,,,,,,,,,TN,TN
autoland,4405952,13,ad8d5d1385265583919f5a224e1153902b6eef60,macosx1015-64-shippable-qr,True,False,,|b|y|t|e|c|o|d|e|-|c|a|c|h|e|d| |c|o|l|d| |f|i|s|s|i|o|n| |w|e|b|r|e|n|d|e|r|,102210fe594ee9b33d82058545b1ed14f4c8206e,PerceptualSpeedIndex,twitter,True,twitter PerceptualSpeedIndex opt bytecode-cached cold fission webrender,,77,ms,firefox,454958232.0,1875843739,2024-04-18 03:49:51,600.4,12adf93b9ad4085d4f0b493c368533bb040dce46,1411204,,,,,,,,,,,,,,,,,,,,,,,,,,,,,,,,,,,,,,,,,,,,,,,,,,,,,,,,,,,,,TN,TN
autoland,4405952,13,ad8d5d1385265583919f5a224e1153902b6eef60,macosx1015-64-shippable-qr,True,False,,|b|y|t|e|c|o|d|e|-|c|a|c|h|e|d| |c|o|l|d| |f|i|s|s|i|o|n| |w|e|b|r|e|n|d|e|r|,102210fe594ee9b33d82058545b1ed14f4c8206e,PerceptualSpeedIndex,twitter,True,twitter PerceptualSpeedIndex opt bytecode-cached cold fission webrender,,77,ms,firefox,454976132.0,1875948185,2024-04-18 07:53:55,585.4,d4cde5148929d0d9587580bca2d37027d7424348,1411277,,,,,,,,,,,,,,,,,,,,,,,,,,,,,,,,,,,,,,,,,,,,,,,,,,,,,,,,,,,,,TN,TN
autoland,4405952,13,ad8d5d1385265583919f5a224e1153902b6eef60,macosx1015-64-shippable-qr,True,False,,|b|y|t|e|c|o|d|e|-|c|a|c|h|e|d| |c|o|l|d| |f|i|s|s|i|o|n| |w|e|b|r|e|n|d|e|r|,102210fe594ee9b33d82058545b1ed14f4c8206e,PerceptualSpeedIndex,twitter,True,twitter PerceptualSpeedIndex opt bytecode-cached cold fission webrender,,77,ms,firefox,455005143.0,1876081029,2024-04-18 12:14:33,621.1,123e0c272c21270c6f9a5e2fca3bfbc72c7b5ef9,1411435,,,,,,,,,,,,,,,,,,,,,,,,,,,,,,,,,,,,,,,,,,,,,,,,,,,,,,,,,,,,,TN,TN
autoland,4405952,13,ad8d5d1385265583919f5a224e1153902b6eef60,macosx1015-64-shippable-qr,True,False,,|b|y|t|e|c|o|d|e|-|c|a|c|h|e|d| |c|o|l|d| |f|i|s|s|i|o|n| |w|e|b|r|e|n|d|e|r|,102210fe594ee9b33d82058545b1ed14f4c8206e,PerceptualSpeedIndex,twitter,True,twitter PerceptualSpeedIndex opt bytecode-cached cold fission webrender,,77,ms,firefox,455065929.0,1876326262,2024-04-18 15:42:46,713.1,257d3013546c7ec40031343c459162a0b69fa6f2,1411573,,,,,,,,,,,,,,,,,,,,,,,,,,,,,,,,,,,,,,,,,,,,,,,,,,,,,,,,,,,,,TN,TN
autoland,4405952,13,ad8d5d1385265583919f5a224e1153902b6eef60,macosx1015-64-shippable-qr,True,False,,|b|y|t|e|c|o|d|e|-|c|a|c|h|e|d| |c|o|l|d| |f|i|s|s|i|o|n| |w|e|b|r|e|n|d|e|r|,102210fe594ee9b33d82058545b1ed14f4c8206e,PerceptualSpeedIndex,twitter,True,twitter PerceptualSpeedIndex opt bytecode-cached cold fission webrender,,77,ms,firefox,455080598.0,1876412300,2024-04-18 18:28:28,700.5,0f5d446707971afc1fab01c0a28b208101241b8a,1411727,,,,,,,,,,,,,,,,,,,,,,,,,,,,,,,,,,,,,,,,,,,,,,,,,,,,,,,,,,,,,TN,TN
autoland,4405952,13,ad8d5d1385265583919f5a224e1153902b6eef60,macosx1015-64-shippable-qr,True,False,,|b|y|t|e|c|o|d|e|-|c|a|c|h|e|d| |c|o|l|d| |f|i|s|s|i|o|n| |w|e|b|r|e|n|d|e|r|,102210fe594ee9b33d82058545b1ed14f4c8206e,PerceptualSpeedIndex,twitter,True,twitter PerceptualSpeedIndex opt bytecode-cached cold fission webrender,,77,ms,firefox,455117335.0,1876756255,2024-04-18 18:38:31,614.5,1161842c1c20d7700df1b0815fc6ac6cb35706ab,1411735,,,,,,,,,,,,,,,,,,,,,,,,,,,,,,,,,,,,,,,,,,,,,,,,,,,,,,,,,,,,,TN,TN
autoland,4405952,13,ad8d5d1385265583919f5a224e1153902b6eef60,macosx1015-64-shippable-qr,True,False,,|b|y|t|e|c|o|d|e|-|c|a|c|h|e|d| |c|o|l|d| |f|i|s|s|i|o|n| |w|e|b|r|e|n|d|e|r|,102210fe594ee9b33d82058545b1ed14f4c8206e,PerceptualSpeedIndex,twitter,True,twitter PerceptualSpeedIndex opt bytecode-cached cold fission webrender,,77,ms,firefox,455117894.0,1876763913,2024-04-18 18:49:22,601.9,83b9c7e20aec8a8544ef8cbe7b065c56df94db97,1411745,,,,,,,,,,,,,,,,,,,,,,,,,,,,,,,,,,,,,,,,,,,,,,,,,,,,,,,,,,,,,TN,TN
autoland,4405952,13,ad8d5d1385265583919f5a224e1153902b6eef60,macosx1015-64-shippable-qr,True,False,,|b|y|t|e|c|o|d|e|-|c|a|c|h|e|d| |c|o|l|d| |f|i|s|s|i|o|n| |w|e|b|r|e|n|d|e|r|,102210fe594ee9b33d82058545b1ed14f4c8206e,PerceptualSpeedIndex,twitter,True,twitter PerceptualSpeedIndex opt bytecode-cached cold fission webrender,,77,ms,firefox,455117495.0,1876759451,2024-04-18 21:12:29,587.6,9f733bac89327bde042222de14857bc9838c6cdb,1411840,,,,,,,,,,,,,,,,,,,,,,,,,,,,,,,,,,,,,,,,,,,,,,,,,,,,,,,,,,,,,TN,TN
autoland,4405952,13,ad8d5d1385265583919f5a224e1153902b6eef60,macosx1015-64-shippable-qr,True,False,,|b|y|t|e|c|o|d|e|-|c|a|c|h|e|d| |c|o|l|d| |f|i|s|s|i|o|n| |w|e|b|r|e|n|d|e|r|,102210fe594ee9b33d82058545b1ed14f4c8206e,PerceptualSpeedIndex,twitter,True,twitter PerceptualSpeedIndex opt bytecode-cached cold fission webrender,,77,ms,firefox,455111837.0,1876670036,2024-04-18 21:13:34,823.1,bb8f4afc1b2b8fb8965b67c3f8cc898cef63a5b3,1411843,,,,,,,,,,,,,,,,,,,,,,,,,,,,,,,,,,,,,,,,,,,,,,,,,,,,,,,,,,,,,TN,TN
autoland,4405952,13,ad8d5d1385265583919f5a224e1153902b6eef60,macosx1015-64-shippable-qr,True,False,,|b|y|t|e|c|o|d|e|-|c|a|c|h|e|d| |c|o|l|d| |f|i|s|s|i|o|n| |w|e|b|r|e|n|d|e|r|,102210fe594ee9b33d82058545b1ed14f4c8206e,PerceptualSpeedIndex,twitter,True,twitter PerceptualSpeedIndex opt bytecode-cached cold fission webrender,,77,ms,firefox,455095320.0,1876516459,2024-04-18 21:15:15,667.1,eed297665148d999a1c59d7d6e66f6973e0dd84c,1411845,,,,,,,,,,,,,,,,,,,,,,,,,,,,,,,,,,,,,,,,,,,,,,,,,,,,,,,,,,,,,TN,TN
autoland,4405952,13,ad8d5d1385265583919f5a224e1153902b6eef60,macosx1015-64-shippable-qr,True,False,,|b|y|t|e|c|o|d|e|-|c|a|c|h|e|d| |c|o|l|d| |f|i|s|s|i|o|n| |w|e|b|r|e|n|d|e|r|,102210fe594ee9b33d82058545b1ed14f4c8206e,PerceptualSpeedIndex,twitter,True,twitter PerceptualSpeedIndex opt bytecode-cached cold fission webrender,,77,ms,firefox,455110628.0,1876651792,2024-04-19 01:55:54,678.9,3e097fca93b9af809ad16ed1d5f0bdd874f8f8e2,1411981,,,,,,,,,,,,,,,,,,,,,,,,,,,,,,,,,,,,,,,,,,,,,,,,,,,,,,,,,,,,,TN,TN
autoland,4405952,13,ad8d5d1385265583919f5a224e1153902b6eef60,macosx1015-64-shippable-qr,True,False,,|b|y|t|e|c|o|d|e|-|c|a|c|h|e|d| |c|o|l|d| |f|i|s|s|i|o|n| |w|e|b|r|e|n|d|e|r|,102210fe594ee9b33d82058545b1ed14f4c8206e,PerceptualSpeedIndex,twitter,True,twitter PerceptualSpeedIndex opt bytecode-cached cold fission webrender,,77,ms,firefox,455119090.0,1876794904,2024-04-19 06:08:52,572.5,99364906cd1d11016d0fc2dc03a8b7fd11705aa4,1412057,,,,,,,,,,,,,,,,,,,,,,,,,,,,,,,,,,,,,,,,,,,,,,,,,,,,,,,,,,,,,TN,TN
autoland,4405952,13,ad8d5d1385265583919f5a224e1153902b6eef60,macosx1015-64-shippable-qr,True,False,,|b|y|t|e|c|o|d|e|-|c|a|c|h|e|d| |c|o|l|d| |f|i|s|s|i|o|n| |w|e|b|r|e|n|d|e|r|,102210fe594ee9b33d82058545b1ed14f4c8206e,PerceptualSpeedIndex,twitter,True,twitter PerceptualSpeedIndex opt bytecode-cached cold fission webrender,,77,ms,firefox,455150968.0,1876997369,2024-04-19 10:27:22,601.4,465ebfc7da3d3a6de812574016249ab37ab8605c,1412150,,,,,,,,,,,,,,,,,,,,,,,,,,,,,,,,,,,,,,,,,,,,,,,,,,,,,,,,,,,,,TN,TN
autoland,4405952,13,ad8d5d1385265583919f5a224e1153902b6eef60,macosx1015-64-shippable-qr,True,False,,|b|y|t|e|c|o|d|e|-|c|a|c|h|e|d| |c|o|l|d| |f|i|s|s|i|o|n| |w|e|b|r|e|n|d|e|r|,102210fe594ee9b33d82058545b1ed14f4c8206e,PerceptualSpeedIndex,twitter,True,twitter PerceptualSpeedIndex opt bytecode-cached cold fission webrender,,77,ms,firefox,455186301.0,1877116467,2024-04-19 14:48:08,617.5,4b196ac64ccbf1061ee2c2835e31fe8b071b9099,1412270,,,,,,,,,,,,,,,,,,,,,,,,,,,,,,,,,,,,,,,,,,,,,,,,,,,,,,,,,,,,,TN,TN
autoland,4405952,13,ad8d5d1385265583919f5a224e1153902b6eef60,macosx1015-64-shippable-qr,True,False,,|b|y|t|e|c|o|d|e|-|c|a|c|h|e|d| |c|o|l|d| |f|i|s|s|i|o|n| |w|e|b|r|e|n|d|e|r|,102210fe594ee9b33d82058545b1ed14f4c8206e,PerceptualSpeedIndex,twitter,True,twitter PerceptualSpeedIndex opt bytecode-cached cold fission webrender,,77,ms,firefox,455214038.0,1877262048,2024-04-19 18:48:31,586.2,cf54488baa94dff90075eb1c2e96afc7353a4eee,1412477,,,,,,,,,,,,,,,,,,,,,,,,,,,,,,,,,,,,,,,,,,,,,,,,,,,,,,,,,,,,,TN,TN
autoland,4405952,13,ad8d5d1385265583919f5a224e1153902b6eef60,macosx1015-64-shippable-qr,True,False,,|b|y|t|e|c|o|d|e|-|c|a|c|h|e|d| |c|o|l|d| |f|i|s|s|i|o|n| |w|e|b|r|e|n|d|e|r|,102210fe594ee9b33d82058545b1ed14f4c8206e,PerceptualSpeedIndex,twitter,True,twitter PerceptualSpeedIndex opt bytecode-cached cold fission webrender,,77,ms,firefox,455253514.0,1877515067,2024-04-20 05:31:24,576.5,4797f0a19ccc6dca6f6aa6710f76967e23ba6276,1412701,,,,,,,,,,,,,,,,,,,,,,,,,,,,,,,,,,,,,,,,,,,,,,,,,,,,,,,,,,,,,TN,TN
autoland,4405952,13,ad8d5d1385265583919f5a224e1153902b6eef60,macosx1015-64-shippable-qr,True,False,,|b|y|t|e|c|o|d|e|-|c|a|c|h|e|d| |c|o|l|d| |f|i|s|s|i|o|n| |w|e|b|r|e|n|d|e|r|,102210fe594ee9b33d82058545b1ed14f4c8206e,PerceptualSpeedIndex,twitter,True,twitter PerceptualSpeedIndex opt bytecode-cached cold fission webrender,,77,ms,firefox,455283218.0,1877627669,2024-04-20 15:42:35,571.0,f5d9ea237d971478f314e77299398079989b786c,1412749,,,,,,,,,,,,,,,,,,,,,,,,,,,,,,,,,,,,,,,,,,,,,,,,,,,,,,,,,,,,,TN,TN
autoland,4405952,13,ad8d5d1385265583919f5a224e1153902b6eef60,macosx1015-64-shippable-qr,True,False,,|b|y|t|e|c|o|d|e|-|c|a|c|h|e|d| |c|o|l|d| |f|i|s|s|i|o|n| |w|e|b|r|e|n|d|e|r|,102210fe594ee9b33d82058545b1ed14f4c8206e,PerceptualSpeedIndex,twitter,True,twitter PerceptualSpeedIndex opt bytecode-cached cold fission webrender,,77,ms,firefox,455289087.0,1877665799,2024-04-21 00:18:25,653.5,65ceed609eb489d653eefc7e22fa34f869027a26,1412781,,,,,,,,,,,,,,,,,,,,,,,,,,,,,,,,,,,,,,,,,,,,,,,,,,,,,,,,,,,,,TN,TN
autoland,4405952,13,ad8d5d1385265583919f5a224e1153902b6eef60,macosx1015-64-shippable-qr,True,False,,|b|y|t|e|c|o|d|e|-|c|a|c|h|e|d| |c|o|l|d| |f|i|s|s|i|o|n| |w|e|b|r|e|n|d|e|r|,102210fe594ee9b33d82058545b1ed14f4c8206e,PerceptualSpeedIndex,twitter,True,twitter PerceptualSpeedIndex opt bytecode-cached cold fission webrender,,77,ms,firefox,455324793.0,1877853096,2024-04-21 21:40:30,683.5,400d4e6908a3aef8f83ae4db204d62e3e028f704,1412843,,,,,,,,,,,,,,,,,,,,,,,,,,,,,,,,,,,,,,,,,,,,,,,,,,,,,,,,,,,,,TN,TN
autoland,4405952,13,ad8d5d1385265583919f5a224e1153902b6eef60,macosx1015-64-shippable-qr,True,False,,|b|y|t|e|c|o|d|e|-|c|a|c|h|e|d| |c|o|l|d| |f|i|s|s|i|o|n| |w|e|b|r|e|n|d|e|r|,102210fe594ee9b33d82058545b1ed14f4c8206e,PerceptualSpeedIndex,twitter,True,twitter PerceptualSpeedIndex opt bytecode-cached cold fission webrender,,77,ms,firefox,455335260.0,1877965624,2024-04-22 04:00:04,587.6,d4a6129fdbbe32300d5069df6ce47dd92f665c96,1412913,,,,,,,,,,,,,,,,,,,,,,,,,,,,,,,,,,,,,,,,,,,,,,,,,,,,,,,,,,,,,TN,TN
autoland,4405952,13,ad8d5d1385265583919f5a224e1153902b6eef60,macosx1015-64-shippable-qr,True,False,,|b|y|t|e|c|o|d|e|-|c|a|c|h|e|d| |c|o|l|d| |f|i|s|s|i|o|n| |w|e|b|r|e|n|d|e|r|,102210fe594ee9b33d82058545b1ed14f4c8206e,PerceptualSpeedIndex,twitter,True,twitter PerceptualSpeedIndex opt bytecode-cached cold fission webrender,,77,ms,firefox,455350193.0,1878048562,2024-04-22 08:07:09,619.9,5a83d047329402d960e6c402c6deb27927a436c9,1412944,,,,,,,,,,,,,,,,,,,,,,,,,,,,,,,,,,,,,,,,,,,,,,,,,,,,,,,,,,,,,TN,TN
autoland,4405952,13,ad8d5d1385265583919f5a224e1153902b6eef60,macosx1015-64-shippable-qr,True,False,,|b|y|t|e|c|o|d|e|-|c|a|c|h|e|d| |c|o|l|d| |f|i|s|s|i|o|n| |w|e|b|r|e|n|d|e|r|,102210fe594ee9b33d82058545b1ed14f4c8206e,PerceptualSpeedIndex,twitter,True,twitter PerceptualSpeedIndex opt bytecode-cached cold fission webrender,,77,ms,firefox,455386337.0,1878166157,2024-04-22 12:07:57,657.1,1c34b0b26d5a556ee695c70bd744ca9f129f456e,1413048,,,,,,,,,,,,,,,,,,,,,,,,,,,,,,,,,,,,,,,,,,,,,,,,,,,,,,,,,,,,,TN,TN
autoland,4405952,13,ad8d5d1385265583919f5a224e1153902b6eef60,macosx1015-64-shippable-qr,True,False,,|b|y|t|e|c|o|d|e|-|c|a|c|h|e|d| |c|o|l|d| |f|i|s|s|i|o|n| |w|e|b|r|e|n|d|e|r|,102210fe594ee9b33d82058545b1ed14f4c8206e,PerceptualSpeedIndex,twitter,True,twitter PerceptualSpeedIndex opt bytecode-cached cold fission webrender,,77,ms,firefox,455489961.0,1878686506,2024-04-22 15:49:08,603.5,074b8a59783fe1d8f28029851f978ffe9241e3ad,1413205,,,,,,,,,,,,,,,,,,,,,,,,,,,,,,,,,,,,,,,,,,,,,,,,,,,,,,,,,,,,,TN,TN
autoland,4405952,13,ad8d5d1385265583919f5a224e1153902b6eef60,macosx1015-64-shippable-qr,True,False,,|b|y|t|e|c|o|d|e|-|c|a|c|h|e|d| |c|o|l|d| |f|i|s|s|i|o|n| |w|e|b|r|e|n|d|e|r|,102210fe594ee9b33d82058545b1ed14f4c8206e,PerceptualSpeedIndex,twitter,True,twitter PerceptualSpeedIndex opt bytecode-cached cold fission webrender,,77,ms,firefox,455490584.0,1878693067,2024-04-22 16:00:04,596.1,936f17cdc5b5d160df1a4947540a1d24b6394d57,1413215,,,,,,,,,,,,,,,,,,,,,,,,,,,,,,,,,,,,,,,,,,,,,,,,,,,,,,,,,,,,,TN,TN
autoland,4405952,13,ad8d5d1385265583919f5a224e1153902b6eef60,macosx1015-64-shippable-qr,True,False,,|b|y|t|e|c|o|d|e|-|c|a|c|h|e|d| |c|o|l|d| |f|i|s|s|i|o|n| |w|e|b|r|e|n|d|e|r|,102210fe594ee9b33d82058545b1ed14f4c8206e,PerceptualSpeedIndex,twitter,True,twitter PerceptualSpeedIndex opt bytecode-cached cold fission webrender,,77,ms,firefox,455436255.0,1878348819,2024-04-22 19:20:17,649.9,ed724b89a2c25252a6eab99f0fa48f85f2523b66,1413379,,,,,,,,,,,,,,,,,,,,,,,,,,,,,,,,,,,,,,,,,,,,,,,,,,,,,,,,,,,,,TN,TN
autoland,4405952,13,ad8d5d1385265583919f5a224e1153902b6eef60,macosx1015-64-shippable-qr,True,False,,|b|y|t|e|c|o|d|e|-|c|a|c|h|e|d| |c|o|l|d| |f|i|s|s|i|o|n| |w|e|b|r|e|n|d|e|r|,102210fe594ee9b33d82058545b1ed14f4c8206e,PerceptualSpeedIndex,twitter,True,twitter PerceptualSpeedIndex opt bytecode-cached cold fission webrender,,77,ms,firefox,455475431.0,1878577536,2024-04-22 23:20:55,674.4,294255d7250372c7cd6256cb6d1da23325d1f728,1413581,,,,,,,,,,,,,,,,,,,,,,,,,,,,,,,,,,,,,,,,,,,,,,,,,,,,,,,,,,,,,TN,TN
autoland,4405952,13,ad8d5d1385265583919f5a224e1153902b6eef60,macosx1015-64-shippable-qr,True,False,,|b|y|t|e|c|o|d|e|-|c|a|c|h|e|d| |c|o|l|d| |f|i|s|s|i|o|n| |w|e|b|r|e|n|d|e|r|,102210fe594ee9b33d82058545b1ed14f4c8206e,PerceptualSpeedIndex,twitter,True,twitter PerceptualSpeedIndex opt bytecode-cached cold fission webrender,,77,ms,firefox,455506713.0,1878776788,2024-04-23 08:01:00,589.3,5519716422b3e14060894caded45bac7a3aeb773,1413770,,,,,,,,,,,,,,,,,,,,,,,,,,,,,,,,,,,,,,,,,,,,,,,,,,,,,,,,,,,,,TN,TN
autoland,4405952,13,ad8d5d1385265583919f5a224e1153902b6eef60,macosx1015-64-shippable-qr,True,False,,|b|y|t|e|c|o|d|e|-|c|a|c|h|e|d| |c|o|l|d| |f|i|s|s|i|o|n| |w|e|b|r|e|n|d|e|r|,102210fe594ee9b33d82058545b1ed14f4c8206e,PerceptualSpeedIndex,twitter,True,twitter PerceptualSpeedIndex opt bytecode-cached cold fission webrender,,77,ms,firefox,455536373.0,1878869066,2024-04-23 11:54:58,659.4,d0b5d121d8fc8ffddbec3e026a455ecfe0071347,1413921,,,,,,,,,,,,,,,,,,,,,,,,,,,,,,,,,,,,,,,,,,,,,,,,,,,,,,,,,,,,,TN,TN
autoland,4405952,13,ad8d5d1385265583919f5a224e1153902b6eef60,macosx1015-64-shippable-qr,True,False,,|b|y|t|e|c|o|d|e|-|c|a|c|h|e|d| |c|o|l|d| |f|i|s|s|i|o|n| |w|e|b|r|e|n|d|e|r|,102210fe594ee9b33d82058545b1ed14f4c8206e,PerceptualSpeedIndex,twitter,True,twitter PerceptualSpeedIndex opt bytecode-cached cold fission webrender,,77,ms,firefox,455632270.0,1879464909,2024-04-23 13:23:36,582.6,3670eb21452ed6a6d994b7c9197e9eb8dce496fc,1413985,,,,,,,,,,,,,,,,,,,,,,,,,,,,,,,,,,,,,,,,,,,,,,,,,,,,,,,,,,,,,TN,TN
autoland,4405952,13,ad8d5d1385265583919f5a224e1153902b6eef60,macosx1015-64-shippable-qr,True,False,,|b|y|t|e|c|o|d|e|-|c|a|c|h|e|d| |c|o|l|d| |f|i|s|s|i|o|n| |w|e|b|r|e|n|d|e|r|,102210fe594ee9b33d82058545b1ed14f4c8206e,PerceptualSpeedIndex,twitter,True,twitter PerceptualSpeedIndex opt bytecode-cached cold fission webrender,,77,ms,firefox,455632625.0,1879470530,2024-04-23 13:24:27,666.2,403992af097e07dbee379c1772c8ff1b21690142,1413988,,,,,,,,,,,,,,,,,,,,,,,,,,,,,,,,,,,,,,,,,,,,,,,,,,,,,,,,,,,,,TN,TN
autoland,4405952,13,ad8d5d1385265583919f5a224e1153902b6eef60,macosx1015-64-shippable-qr,True,False,,|b|y|t|e|c|o|d|e|-|c|a|c|h|e|d| |c|o|l|d| |f|i|s|s|i|o|n| |w|e|b|r|e|n|d|e|r|,102210fe594ee9b33d82058545b1ed14f4c8206e,PerceptualSpeedIndex,twitter,True,twitter PerceptualSpeedIndex opt bytecode-cached cold fission webrender,,77,ms,firefox,455560412.0,1879032928,2024-04-23 15:44:45,608.2,058dc2e8394c7361874508e49f2bbbfc3173f1a9,1414120,,,,,,,,,,,,,,,,,,,,,,,,,,,,,,,,,,,,,,,,,,,,,,,,,,,,,,,,,,,,,TN,TN
autoland,4405952,13,ad8d5d1385265583919f5a224e1153902b6eef60,macosx1015-64-shippable-qr,True,False,,|b|y|t|e|c|o|d|e|-|c|a|c|h|e|d| |c|o|l|d| |f|i|s|s|i|o|n| |w|e|b|r|e|n|d|e|r|,102210fe594ee9b33d82058545b1ed14f4c8206e,PerceptualSpeedIndex,twitter,True,twitter PerceptualSpeedIndex opt bytecode-cached cold fission webrender,,77,ms,firefox,455587634.0,1879212251,2024-04-23 18:21:27,660.5,1c40eb01d534a1c361c5c6fe0b3fdc64aed2c883,1414216,,,,,,,,,,,,,,,,,,,,,,,,,,,,,,,,,,,,,,,,,,,,,,,,,,,,,,,,,,,,,TN,TN
autoland,4405952,13,ad8d5d1385265583919f5a224e1153902b6eef60,macosx1015-64-shippable-qr,True,False,,|b|y|t|e|c|o|d|e|-|c|a|c|h|e|d| |c|o|l|d| |f|i|s|s|i|o|n| |w|e|b|r|e|n|d|e|r|,102210fe594ee9b33d82058545b1ed14f4c8206e,PerceptualSpeedIndex,twitter,True,twitter PerceptualSpeedIndex opt bytecode-cached cold fission webrender,,77,ms,firefox,455613371.0,1879336942,2024-04-23 22:59:53,608.3,b516592332299274cdbcfd113f1d8a97cc0ee8af,1414419,,,,,,,,,,,,,,,,,,,,,,,,,,,,,,,,,,,,,,,,,,,,,,,,,,,,,,,,,,,,,TN,TN
autoland,4405952,13,ad8d5d1385265583919f5a224e1153902b6eef60,macosx1015-64-shippable-qr,True,False,,|b|y|t|e|c|o|d|e|-|c|a|c|h|e|d| |c|o|l|d| |f|i|s|s|i|o|n| |w|e|b|r|e|n|d|e|r|,102210fe594ee9b33d82058545b1ed14f4c8206e,PerceptualSpeedIndex,twitter,True,twitter PerceptualSpeedIndex opt bytecode-cached cold fission webrender,,77,ms,firefox,455630777.0,1879446517,2024-04-24 03:55:37,590.3,3de3f9428f138bf269718fceb36c5112a195ca37,1414529,,,,,,,,,,,,,,,,,,,,,,,,,,,,,,,,,,,,,,,,,,,,,,,,,,,,,,,,,,,,,TN,TN
autoland,4405952,13,ad8d5d1385265583919f5a224e1153902b6eef60,macosx1015-64-shippable-qr,True,False,,|b|y|t|e|c|o|d|e|-|c|a|c|h|e|d| |c|o|l|d| |f|i|s|s|i|o|n| |w|e|b|r|e|n|d|e|r|,102210fe594ee9b33d82058545b1ed14f4c8206e,PerceptualSpeedIndex,twitter,True,twitter PerceptualSpeedIndex opt bytecode-cached cold fission webrender,,77,ms,firefox,455652694.0,1879596615,2024-04-24 07:56:15,603.0,fd7d96cffddb9a76a1ecc148c3b284e8003fe6b9,1414632,,,,,,,,,,,,,,,,,,,,,,,,,,,,,,,,,,,,,,,,,,,,,,,,,,,,,,,,,,,,,TN,TN
autoland,4405952,13,ad8d5d1385265583919f5a224e1153902b6eef60,macosx1015-64-shippable-qr,True,False,,|b|y|t|e|c|o|d|e|-|c|a|c|h|e|d| |c|o|l|d| |f|i|s|s|i|o|n| |w|e|b|r|e|n|d|e|r|,102210fe594ee9b33d82058545b1ed14f4c8206e,PerceptualSpeedIndex,twitter,True,twitter PerceptualSpeedIndex opt bytecode-cached cold fission webrender,,77,ms,firefox,455706905.0,1879825211,2024-04-24 12:15:38,589.4,87963547052db96296ae50e55c8266cbfc3bd922,1414844,,,,,,,,,,,,,,,,,,,,,,,,,,,,,,,,,,,,,,,,,,,,,,,,,,,,,,,,,,,,,TN,TN
autoland,4405952,13,ad8d5d1385265583919f5a224e1153902b6eef60,macosx1015-64-shippable-qr,True,False,,|b|y|t|e|c|o|d|e|-|c|a|c|h|e|d| |c|o|l|d| |f|i|s|s|i|o|n| |w|e|b|r|e|n|d|e|r|,102210fe594ee9b33d82058545b1ed14f4c8206e,PerceptualSpeedIndex,twitter,True,twitter PerceptualSpeedIndex opt bytecode-cached cold fission webrender,,77,ms,firefox,455757074.0,170240,2024-04-25 00:20:54,610.5,ec5140ea1b1384a44d1ce6e0271fc97472399e96,1415370,,,,,,,,,,,,,,,,,,,,,,,,,,,,,,,,,,,,,,,,,,,,,,,,,,,,,,,,,,,,,TN,TN
autoland,4405952,13,ad8d5d1385265583919f5a224e1153902b6eef60,macosx1015-64-shippable-qr,True,False,,|b|y|t|e|c|o|d|e|-|c|a|c|h|e|d| |c|o|l|d| |f|i|s|s|i|o|n| |w|e|b|r|e|n|d|e|r|,102210fe594ee9b33d82058545b1ed14f4c8206e,PerceptualSpeedIndex,twitter,True,twitter PerceptualSpeedIndex opt bytecode-cached cold fission webrender,,77,ms,firefox,455792202.0,388849,2024-04-25 02:34:18,585.9,cffa531d3b2e833bda2b3f035d37edb92f838428,1415633,,,,,,,,,,,,,,,,,,,,,,,,,,,,,,,,,,,,,,,,,,,,,,,,,,,,,,,,,,,,,TN,TN
autoland,4405952,13,ad8d5d1385265583919f5a224e1153902b6eef60,macosx1015-64-shippable-qr,True,False,,|b|y|t|e|c|o|d|e|-|c|a|c|h|e|d| |c|o|l|d| |f|i|s|s|i|o|n| |w|e|b|r|e|n|d|e|r|,102210fe594ee9b33d82058545b1ed14f4c8206e,PerceptualSpeedIndex,twitter,True,twitter PerceptualSpeedIndex opt bytecode-cached cold fission webrender,,77,ms,firefox,455798540.0,448764,2024-04-25 05:01:58,653.8,792c9892791495e8f13e77e5a78bfda83ab7a455,1415718,,,,,,,,,,,,,,,,,,,,,,,,,,,,,,,,,,,,,,,,,,,,,,,,,,,,,,,,,,,,,TN,TN
autoland,4405952,13,ad8d5d1385265583919f5a224e1153902b6eef60,macosx1015-64-shippable-qr,True,False,,|b|y|t|e|c|o|d|e|-|c|a|c|h|e|d| |c|o|l|d| |f|i|s|s|i|o|n| |w|e|b|r|e|n|d|e|r|,102210fe594ee9b33d82058545b1ed14f4c8206e,PerceptualSpeedIndex,twitter,True,twitter PerceptualSpeedIndex opt bytecode-cached cold fission webrender,,77,ms,firefox,455827073.0,573150,2024-04-25 09:09:49,595.2,5b0d6bb6f3780aaf074d79548381fd6e7a565b85,1415822,,,,,,,,,,,,,,,,,,,,,,,,,,,,,,,,,,,,,,,,,,,,,,,,,,,,,,,,,,,,,TN,TN
autoland,4405952,13,ad8d5d1385265583919f5a224e1153902b6eef60,macosx1015-64-shippable-qr,True,False,,|b|y|t|e|c|o|d|e|-|c|a|c|h|e|d| |c|o|l|d| |f|i|s|s|i|o|n| |w|e|b|r|e|n|d|e|r|,102210fe594ee9b33d82058545b1ed14f4c8206e,PerceptualSpeedIndex,twitter,True,twitter PerceptualSpeedIndex opt bytecode-cached cold fission webrender,,77,ms,firefox,455854583.0,656605,2024-04-25 13:10:04,596.7,88f7b12683ce863c6ca742ac14e176ee045383bd,1416008,,,,,,,,,,,,,,,,,,,,,,,,,,,,,,,,,,,,,,,,,,,,,,,,,,,,,,,,,,,,,TN,TN
autoland,4405952,13,ad8d5d1385265583919f5a224e1153902b6eef60,macosx1015-64-shippable-qr,True,False,,|b|y|t|e|c|o|d|e|-|c|a|c|h|e|d| |c|o|l|d| |f|i|s|s|i|o|n| |w|e|b|r|e|n|d|e|r|,102210fe594ee9b33d82058545b1ed14f4c8206e,PerceptualSpeedIndex,twitter,True,twitter PerceptualSpeedIndex opt bytecode-cached cold fission webrender,,77,ms,firefox,455954773.0,1107456,2024-04-25 15:42:52,603.7,a913463932b70a4b7504d40b66173c0b20e76894,1416136,,,,,,,,,,,,,,,,,,,,,,,,,,,,,,,,,,,,,,,,,,,,,,,,,,,,,,,,,,,,,TN,TN
autoland,4405952,13,ad8d5d1385265583919f5a224e1153902b6eef60,macosx1015-64-shippable-qr,True,False,,|b|y|t|e|c|o|d|e|-|c|a|c|h|e|d| |c|o|l|d| |f|i|s|s|i|o|n| |w|e|b|r|e|n|d|e|r|,102210fe594ee9b33d82058545b1ed14f4c8206e,PerceptualSpeedIndex,twitter,True,twitter PerceptualSpeedIndex opt bytecode-cached cold fission webrender,,77,ms,firefox,455953923.0,1096096,2024-04-25 15:59:28,598.8,b743d99059effb91581a29dcf6595a01d5c1716d,1416150,,,,,,,,,,,,,,,,,,,,,,,,,,,,,,,,,,,,,,,,,,,,,,,,,,,,,,,,,,,,,TN,TN
autoland,4405952,13,ad8d5d1385265583919f5a224e1153902b6eef60,macosx1015-64-shippable-qr,True,False,,|b|y|t|e|c|o|d|e|-|c|a|c|h|e|d| |c|o|l|d| |f|i|s|s|i|o|n| |w|e|b|r|e|n|d|e|r|,102210fe594ee9b33d82058545b1ed14f4c8206e,PerceptualSpeedIndex,twitter,True,twitter PerceptualSpeedIndex opt bytecode-cached cold fission webrender,,77,ms,firefox,455878796.0,766990,2024-04-25 16:29:00,649.7,6611338ffbdafbbc5b82211b1c255353bdb30763,1416183,,,,,,,,,,,,,,,,,,,,,,,,,,,,,,,,,,,,,,,,,,,,,,,,,,,,,,,,,,,,,TN,TN
autoland,4405952,13,ad8d5d1385265583919f5a224e1153902b6eef60,macosx1015-64-shippable-qr,True,False,,|b|y|t|e|c|o|d|e|-|c|a|c|h|e|d| |c|o|l|d| |f|i|s|s|i|o|n| |w|e|b|r|e|n|d|e|r|,102210fe594ee9b33d82058545b1ed14f4c8206e,PerceptualSpeedIndex,twitter,True,twitter PerceptualSpeedIndex opt bytecode-cached cold fission webrender,,77,ms,firefox,455927322.0,985433,2024-04-25 21:12:20,609.7,6a497992821d53c3704819a4f43c6a7d3234c5a2,1416361,,,,,,,,,,,,,,,,,,,,,,,,,,,,,,,,,,,,,,,,,,,,,,,,,,,,,,,,,,,,,TN,TN
autoland,4405952,13,ad8d5d1385265583919f5a224e1153902b6eef60,macosx1015-64-shippable-qr,True,False,,|b|y|t|e|c|o|d|e|-|c|a|c|h|e|d| |c|o|l|d| |f|i|s|s|i|o|n| |w|e|b|r|e|n|d|e|r|,102210fe594ee9b33d82058545b1ed14f4c8206e,PerceptualSpeedIndex,twitter,True,twitter PerceptualSpeedIndex opt bytecode-cached cold fission webrender,,77,ms,firefox,455944531.0,1040098,2024-04-26 01:33:24,629.7,b89431ee0f24bcb481d894ad21288e4f09e1960d,1416487,,,,,,,,,,,,,,,,,,,,,,,,,,,,,,,,,,,,,,,,,,,,,,,,,,,,,,,,,,,,,TN,TN
autoland,4405952,13,ad8d5d1385265583919f5a224e1153902b6eef60,macosx1015-64-shippable-qr,True,False,,|b|y|t|e|c|o|d|e|-|c|a|c|h|e|d| |c|o|l|d| |f|i|s|s|i|o|n| |w|e|b|r|e|n|d|e|r|,102210fe594ee9b33d82058545b1ed14f4c8206e,PerceptualSpeedIndex,twitter,True,twitter PerceptualSpeedIndex opt bytecode-cached cold fission webrender,,77,ms,firefox,455956669.0,1129170,2024-04-26 05:34:38,612.1,ed2448d27fe2e034cd5804dc7310c3f72ac2eaa5,1416537,,,,,,,,,,,,,,,,,,,,,,,,,,,,,,,,,,,,,,,,,,,,,,,,,,,,,,,,,,,,,TN,TN
autoland,4405952,13,ad8d5d1385265583919f5a224e1153902b6eef60,macosx1015-64-shippable-qr,True,False,,|b|y|t|e|c|o|d|e|-|c|a|c|h|e|d| |c|o|l|d| |f|i|s|s|i|o|n| |w|e|b|r|e|n|d|e|r|,102210fe594ee9b33d82058545b1ed14f4c8206e,PerceptualSpeedIndex,twitter,True,twitter PerceptualSpeedIndex opt bytecode-cached cold fission webrender,,77,ms,firefox,455993089.0,1301280,2024-04-26 09:39:43,584.7,c8be3827903b85cfb4313957b4f308f696d3b0fe,1416671,,,,,,,,,,,,,,,,,,,,,,,,,,,,,,,,,,,,,,,,,,,,,,,,,,,,,,,,,,,,,TN,TN
autoland,4405952,13,ad8d5d1385265583919f5a224e1153902b6eef60,macosx1015-64-shippable-qr,True,False,,|b|y|t|e|c|o|d|e|-|c|a|c|h|e|d| |c|o|l|d| |f|i|s|s|i|o|n| |w|e|b|r|e|n|d|e|r|,102210fe594ee9b33d82058545b1ed14f4c8206e,PerceptualSpeedIndex,twitter,True,twitter PerceptualSpeedIndex opt bytecode-cached cold fission webrender,,77,ms,firefox,456023623.0,1393498,2024-04-26 13:51:38,601.9,462f013c08cacd7abfae1f2d1bf26354372a829f,1416831,,,,,,,,,,,,,,,,,,,,,,,,,,,,,,,,,,,,,,,,,,,,,,,,,,,,,,,,,,,,,TN,TN
autoland,4405952,13,ad8d5d1385265583919f5a224e1153902b6eef60,macosx1015-64-shippable-qr,True,False,,|b|y|t|e|c|o|d|e|-|c|a|c|h|e|d| |c|o|l|d| |f|i|s|s|i|o|n| |w|e|b|r|e|n|d|e|r|,102210fe594ee9b33d82058545b1ed14f4c8206e,PerceptualSpeedIndex,twitter,True,twitter PerceptualSpeedIndex opt bytecode-cached cold fission webrender,,77,ms,firefox,456056700.0,1568176,2024-04-26 17:53:01,659.6,ed101e266315213d1ad0a423c49bade6ff5df172,1417003,,,,,,,,,,,,,,,,,,,,,,,,,,,,,,,,,,,,,,,,,,,,,,,,,,,,,,,,,,,,,TN,TN
autoland,4405952,13,ad8d5d1385265583919f5a224e1153902b6eef60,macosx1015-64-shippable-qr,True,False,,|b|y|t|e|c|o|d|e|-|c|a|c|h|e|d| |c|o|l|d| |f|i|s|s|i|o|n| |w|e|b|r|e|n|d|e|r|,102210fe594ee9b33d82058545b1ed14f4c8206e,PerceptualSpeedIndex,twitter,True,twitter PerceptualSpeedIndex opt bytecode-cached cold fission webrender,,77,ms,firefox,456079894.0,1661436,2024-04-26 22:54:36,607.5,7b85c82d731ddab976c6abe7e54685cacaebba41,1417188,,,,,,,,,,,,,,,,,,,,,,,,,,,,,,,,,,,,,,,,,,,,,,,,,,,,,,,,,,,,,TN,TN
autoland,4405952,13,ad8d5d1385265583919f5a224e1153902b6eef60,macosx1015-64-shippable-qr,True,False,,|b|y|t|e|c|o|d|e|-|c|a|c|h|e|d| |c|o|l|d| |f|i|s|s|i|o|n| |w|e|b|r|e|n|d|e|r|,102210fe594ee9b33d82058545b1ed14f4c8206e,PerceptualSpeedIndex,twitter,True,twitter PerceptualSpeedIndex opt bytecode-cached cold fission webrender,,77,ms,firefox,456093688.0,1746682,2024-04-27 03:46:15,635.6,45defed78aafc90410c68310027bf771bcfc5968,1417229,,,,,,,,,,,,,,,,,,,,,,,,,,,,,,,,,,,,,,,,,,,,,,,,,,,,,,,,,,,,,TN,TN
autoland,4405952,13,ad8d5d1385265583919f5a224e1153902b6eef60,macosx1015-64-shippable-qr,True,False,,|b|y|t|e|c|o|d|e|-|c|a|c|h|e|d| |c|o|l|d| |f|i|s|s|i|o|n| |w|e|b|r|e|n|d|e|r|,102210fe594ee9b33d82058545b1ed14f4c8206e,PerceptualSpeedIndex,twitter,True,twitter PerceptualSpeedIndex opt bytecode-cached cold fission webrender,,77,ms,firefox,456113207.0,1840285,2024-04-27 10:47:32,666.7,b694b588a2936a5c99a0ecf2d9d8fb6382a2bff4,1417256,,,,,,,,,,,,,,,,,,,,,,,,,,,,,,,,,,,,,,,,,,,,,,,,,,,,,,,,,,,,,TN,TN
autoland,4405952,13,ad8d5d1385265583919f5a224e1153902b6eef60,macosx1015-64-shippable-qr,True,False,,|b|y|t|e|c|o|d|e|-|c|a|c|h|e|d| |c|o|l|d| |f|i|s|s|i|o|n| |w|e|b|r|e|n|d|e|r|,102210fe594ee9b33d82058545b1ed14f4c8206e,PerceptualSpeedIndex,twitter,True,twitter PerceptualSpeedIndex opt bytecode-cached cold fission webrender,,77,ms,firefox,456136149.0,1949648,2024-04-27 18:43:51,623.2,69bb72420e433fa8d66fff354e5ce90402289ac1,1417294,,,,,,,,,,,,,,,,,,,,,,,,,,,,,,,,,,,,,,,,,,,,,,,,,,,,,,,,,,,,,TN,TN
autoland,4405952,13,ad8d5d1385265583919f5a224e1153902b6eef60,macosx1015-64-shippable-qr,True,False,,|b|y|t|e|c|o|d|e|-|c|a|c|h|e|d| |c|o|l|d| |f|i|s|s|i|o|n| |w|e|b|r|e|n|d|e|r|,102210fe594ee9b33d82058545b1ed14f4c8206e,PerceptualSpeedIndex,twitter,True,twitter PerceptualSpeedIndex opt bytecode-cached cold fission webrender,,77,ms,firefox,456150634.0,2019203,2024-04-27 22:45:22,608.5,8256dde0533523666a60914881f81717e1705f8a,1417317,,,,,,,,,,,,,,,,,,,,,,,,,,,,,,,,,,,,,,,,,,,,,,,,,,,,,,,,,,,,,TN,TN
autoland,4405952,13,ad8d5d1385265583919f5a224e1153902b6eef60,macosx1015-64-shippable-qr,True,False,,|b|y|t|e|c|o|d|e|-|c|a|c|h|e|d| |c|o|l|d| |f|i|s|s|i|o|n| |w|e|b|r|e|n|d|e|r|,102210fe594ee9b33d82058545b1ed14f4c8206e,PerceptualSpeedIndex,twitter,True,twitter PerceptualSpeedIndex opt bytecode-cached cold fission webrender,,77,ms,firefox,456156863.0,2052560,2024-04-28 03:23:06,581.2,d1651fe33156a2aab5884ab1eaaaa8c5dd64631d,1417329,,,,,,,,,,,,,,,,,,,,,,,,,,,,,,,,,,,,,,,,,,,,,,,,,,,,,,,,,,,,,TN,TN
autoland,4405952,13,ad8d5d1385265583919f5a224e1153902b6eef60,macosx1015-64-shippable-qr,True,False,,|b|y|t|e|c|o|d|e|-|c|a|c|h|e|d| |c|o|l|d| |f|i|s|s|i|o|n| |w|e|b|r|e|n|d|e|r|,102210fe594ee9b33d82058545b1ed14f4c8206e,PerceptualSpeedIndex,twitter,True,twitter PerceptualSpeedIndex opt bytecode-cached cold fission webrender,,77,ms,firefox,456177795.0,2138150,2024-04-28 10:04:44,596.5,e479324bc8bb9135d7a48ad8ebc677725f27de37,1417378,,,,,,,,,,,,,,,,,,,,,,,,,,,,,,,,,,,,,,,,,,,,,,,,,,,,,,,,,,,,,TN,TN
autoland,4405952,13,ad8d5d1385265583919f5a224e1153902b6eef60,macosx1015-64-shippable-qr,True,False,,|b|y|t|e|c|o|d|e|-|c|a|c|h|e|d| |c|o|l|d| |f|i|s|s|i|o|n| |w|e|b|r|e|n|d|e|r|,102210fe594ee9b33d82058545b1ed14f4c8206e,PerceptualSpeedIndex,twitter,True,twitter PerceptualSpeedIndex opt bytecode-cached cold fission webrender,,77,ms,firefox,456186501.0,2178905,2024-04-28 14:13:44,658.8,f157e5d64220507743654737cdd9b5e74f4f3ed5,1417383,,,,,,,,,,,,,,,,,,,,,,,,,,,,,,,,,,,,,,,,,,,,,,,,,,,,,,,,,,,,,TN,TN
autoland,4405952,13,ad8d5d1385265583919f5a224e1153902b6eef60,macosx1015-64-shippable-qr,True,False,,|b|y|t|e|c|o|d|e|-|c|a|c|h|e|d| |c|o|l|d| |f|i|s|s|i|o|n| |w|e|b|r|e|n|d|e|r|,102210fe594ee9b33d82058545b1ed14f4c8206e,PerceptualSpeedIndex,twitter,True,twitter PerceptualSpeedIndex opt bytecode-cached cold fission webrender,,77,ms,firefox,456191845.0,2219302,2024-04-28 19:02:33,595.2,717a883474bedbbf5f420ffd52c76d3f6d4b910d,1417402,,,,,,,,,,,,,,,,,,,,,,,,,,,,,,,,,,,,,,,,,,,,,,,,,,,,,,,,,,,,,TN,TN
autoland,4405952,13,ad8d5d1385265583919f5a224e1153902b6eef60,macosx1015-64-shippable-qr,True,False,,|b|y|t|e|c|o|d|e|-|c|a|c|h|e|d| |c|o|l|d| |f|i|s|s|i|o|n| |w|e|b|r|e|n|d|e|r|,102210fe594ee9b33d82058545b1ed14f4c8206e,PerceptualSpeedIndex,twitter,True,twitter PerceptualSpeedIndex opt bytecode-cached cold fission webrender,,77,ms,firefox,456207967.0,2289188,2024-04-29 00:22:43,599.2,0481d43263e16ab0b359e3c85888197704857817,1417434,,,,,,,,,,,,,,,,,,,,,,,,,,,,,,,,,,,,,,,,,,,,,,,,,,,,,,,,,,,,,TN,TN
autoland,4405952,13,ad8d5d1385265583919f5a224e1153902b6eef60,macosx1015-64-shippable-qr,True,False,,|b|y|t|e|c|o|d|e|-|c|a|c|h|e|d| |c|o|l|d| |f|i|s|s|i|o|n| |w|e|b|r|e|n|d|e|r|,102210fe594ee9b33d82058545b1ed14f4c8206e,PerceptualSpeedIndex,twitter,True,twitter PerceptualSpeedIndex opt bytecode-cached cold fission webrender,,77,ms,firefox,456215845.0,2351149,2024-04-29 06:17:09,592.3,6b17c605c084e2db078b234e703a176d3b427fe1,1417456,,,,,,,,,,,,,,,,,,,,,,,,,,,,,,,,,,,,,,,,,,,,,,,,,,,,,,,,,,,,,TN,TN
autoland,4405952,13,ad8d5d1385265583919f5a224e1153902b6eef60,macosx1015-64-shippable-qr,True,False,,|b|y|t|e|c|o|d|e|-|c|a|c|h|e|d| |c|o|l|d| |f|i|s|s|i|o|n| |w|e|b|r|e|n|d|e|r|,102210fe594ee9b33d82058545b1ed14f4c8206e,PerceptualSpeedIndex,twitter,True,twitter PerceptualSpeedIndex opt bytecode-cached cold fission webrender,,77,ms,firefox,456246355.0,2526998,2024-04-29 10:38:34,656.7,04a668ef9c909b54153526f6b4e28b4287e80664,1417565,,,,,,,,,,,,,,,,,,,,,,,,,,,,,,,,,,,,,,,,,,,,,,,,,,,,,,,,,,,,,TN,TN
autoland,4405952,13,ad8d5d1385265583919f5a224e1153902b6eef60,macosx1015-64-shippable-qr,True,False,,|b|y|t|e|c|o|d|e|-|c|a|c|h|e|d| |c|o|l|d| |f|i|s|s|i|o|n| |w|e|b|r|e|n|d|e|r|,102210fe594ee9b33d82058545b1ed14f4c8206e,PerceptualSpeedIndex,twitter,True,twitter PerceptualSpeedIndex opt bytecode-cached cold fission webrender,,77,ms,firefox,456296889.0,2739680,2024-04-29 14:46:23,621.3,650dda9187436a12c66c2e81441e68e1d481e164,1417768,,,,,,,,,,,,,,,,,,,,,,,,,,,,,,,,,,,,,,,,,,,,,,,,,,,,,,,,,,,,,TN,TN
autoland,4405952,13,ad8d5d1385265583919f5a224e1153902b6eef60,macosx1015-64-shippable-qr,True,False,,|b|y|t|e|c|o|d|e|-|c|a|c|h|e|d| |c|o|l|d| |f|i|s|s|i|o|n| |w|e|b|r|e|n|d|e|r|,102210fe594ee9b33d82058545b1ed14f4c8206e,PerceptualSpeedIndex,twitter,True,twitter PerceptualSpeedIndex opt bytecode-cached cold fission webrender,,77,ms,firefox,456379212.0,3145658,2024-04-29 14:47:47,609.8,efdaf7a2b304f9e71ba7b718af54373670cf6f93,1417771,,,,,,,,,,,,,,,,,,,,,,,,,,,,,,,,,,,,,,,,,,,,,,,,,,,,,,,,,,,,,TN,TN
autoland,4405952,13,ad8d5d1385265583919f5a224e1153902b6eef60,macosx1015-64-shippable-qr,True,False,,|b|y|t|e|c|o|d|e|-|c|a|c|h|e|d| |c|o|l|d| |f|i|s|s|i|o|n| |w|e|b|r|e|n|d|e|r|,102210fe594ee9b33d82058545b1ed14f4c8206e,PerceptualSpeedIndex,twitter,True,twitter PerceptualSpeedIndex opt bytecode-cached cold fission webrender,,77,ms,firefox,456380728.0,3163348,2024-04-29 15:00:21,600.1,dc425d760d0918fee1c46e930cf3badd1f1f0fb9,1417778,,,,,,,,,,,,,,,,,,,,,,,,,,,,,,,,,,,,,,,,,,,,,,,,,,,,,,,,,,,,,TN,TN
autoland,4405952,13,ad8d5d1385265583919f5a224e1153902b6eef60,macosx1015-64-shippable-qr,True,False,,|b|y|t|e|c|o|d|e|-|c|a|c|h|e|d| |c|o|l|d| |f|i|s|s|i|o|n| |w|e|b|r|e|n|d|e|r|,102210fe594ee9b33d82058545b1ed14f4c8206e,PerceptualSpeedIndex,twitter,True,twitter PerceptualSpeedIndex opt bytecode-cached cold fission webrender,,77,ms,firefox,456319062.0,2862496,2024-04-29 17:19:25,658.8,fb9d21d9a3f911f1748f03b323b8358292a5588c,1417921,,,,,,,,,,,,,,,,,,,,,,,,,,,,,,,,,,,,,,,,,,,,,,,,,,,,,,,,,,,,,TN,TN
autoland,4405952,13,ad8d5d1385265583919f5a224e1153902b6eef60,macosx1015-64-shippable-qr,True,False,,|b|y|t|e|c|o|d|e|-|c|a|c|h|e|d| |c|o|l|d| |f|i|s|s|i|o|n| |w|e|b|r|e|n|d|e|r|,102210fe594ee9b33d82058545b1ed14f4c8206e,PerceptualSpeedIndex,twitter,True,twitter PerceptualSpeedIndex opt bytecode-cached cold fission webrender,,77,ms,firefox,456335381.0,2965947,2024-04-29 19:52:22,618.0,e9cdeeb2f957d210479897325c1d72ded8f512a4,1418020,,,,,,,,,,,,,,,,,,,,,,,,,,,,,,,,,,,,,,,,,,,,,,,,,,,,,,,,,,,,,TN,TN
autoland,4405952,13,ad8d5d1385265583919f5a224e1153902b6eef60,macosx1015-64-shippable-qr,True,False,,|b|y|t|e|c|o|d|e|-|c|a|c|h|e|d| |c|o|l|d| |f|i|s|s|i|o|n| |w|e|b|r|e|n|d|e|r|,102210fe594ee9b33d82058545b1ed14f4c8206e,PerceptualSpeedIndex,twitter,True,twitter PerceptualSpeedIndex opt bytecode-cached cold fission webrender,,77,ms,firefox,456368963.0,3085705,2024-04-30 00:02:50,607.1,660a39c9cdc7fc3c728c5da5ccaa8856854fa346,1418169,,,,,,,,,,,,,,,,,,,,,,,,,,,,,,,,,,,,,,,,,,,,,,,,,,,,,,,,,,,,,TN,TN
autoland,4405952,13,ad8d5d1385265583919f5a224e1153902b6eef60,macosx1015-64-shippable-qr,True,False,,|b|y|t|e|c|o|d|e|-|c|a|c|h|e|d| |c|o|l|d| |f|i|s|s|i|o|n| |w|e|b|r|e|n|d|e|r|,102210fe594ee9b33d82058545b1ed14f4c8206e,PerceptualSpeedIndex,twitter,True,twitter PerceptualSpeedIndex opt bytecode-cached cold fission webrender,,77,ms,firefox,456379668.0,3150459,2024-04-30 05:00:53,666.1,0c6cd807867dbaf592b3c7db4eef81220fe03acf,1418256,,,,,,,,,,,,,,,,,,,,,,,,,,,,,,,,,,,,,,,,,,,,,,,,,,,,,,,,,,,,,TN,TN
autoland,4405952,13,ad8d5d1385265583919f5a224e1153902b6eef60,macosx1015-64-shippable-qr,True,False,,|b|y|t|e|c|o|d|e|-|c|a|c|h|e|d| |c|o|l|d| |f|i|s|s|i|o|n| |w|e|b|r|e|n|d|e|r|,102210fe594ee9b33d82058545b1ed14f4c8206e,PerceptualSpeedIndex,twitter,True,twitter PerceptualSpeedIndex opt bytecode-cached cold fission webrender,,77,ms,firefox,456412731.0,3311645,2024-04-30 09:02:30,584.4,5502377f2629549b2b7c5368c980d0487ed281d4,1418348,,,,,,,,,,,,,,,,,,,,,,,,,,,,,,,,,,,,,,,,,,,,,,,,,,,,,,,,,,,,,TN,TN
autoland,4405952,13,ad8d5d1385265583919f5a224e1153902b6eef60,macosx1015-64-shippable-qr,True,False,,|b|y|t|e|c|o|d|e|-|c|a|c|h|e|d| |c|o|l|d| |f|i|s|s|i|o|n| |w|e|b|r|e|n|d|e|r|,102210fe594ee9b33d82058545b1ed14f4c8206e,PerceptualSpeedIndex,twitter,True,twitter PerceptualSpeedIndex opt bytecode-cached cold fission webrender,,77,ms,firefox,456525686.0,3852741,2024-04-30 09:34:04,685.8,26390589f165128dffd39f91181ed9c9daf7afaa,1418368,,,,,,,,,,,,,,,,,,,,,,,,,,,,,,,,,,,,,,,,,,,,,,,,,,,,,,,,,,,,,TN,TN
autoland,4405952,13,ad8d5d1385265583919f5a224e1153902b6eef60,macosx1015-64-shippable-qr,True,False,,|b|y|t|e|c|o|d|e|-|c|a|c|h|e|d| |c|o|l|d| |f|i|s|s|i|o|n| |w|e|b|r|e|n|d|e|r|,102210fe594ee9b33d82058545b1ed14f4c8206e,PerceptualSpeedIndex,twitter,True,twitter PerceptualSpeedIndex opt bytecode-cached cold fission webrender,,77,ms,firefox,456525517.0,3850794,2024-04-30 10:38:29,612.8,d642b8b54c96cbe8ecce5112f12979726ab9eec9,1418396,,,,,,,,,,,,,,,,,,,,,,,,,,,,,,,,,,,,,,,,,,,,,,,,,,,,,,,,,,,,,TN,TN
autoland,4405952,13,ad8d5d1385265583919f5a224e1153902b6eef60,macosx1015-64-shippable-qr,True,False,,|b|y|t|e|c|o|d|e|-|c|a|c|h|e|d| |c|o|l|d| |f|i|s|s|i|o|n| |w|e|b|r|e|n|d|e|r|,102210fe594ee9b33d82058545b1ed14f4c8206e,PerceptualSpeedIndex,twitter,True,twitter PerceptualSpeedIndex opt bytecode-cached cold fission webrender,,77,ms,firefox,456438909.0,3387973,2024-04-30 13:09:55,602.4,df31c6244c03bc65932fec706fefedf091587459,1418487,,,,,,,,,,,,,,,,,,,,,,,,,,,,,,,,,,,,,,,,,,,,,,,,,,,,,,,,,,,,,TN,TN
autoland,4405952,13,ad8d5d1385265583919f5a224e1153902b6eef60,macosx1015-64-shippable-qr,True,False,,|b|y|t|e|c|o|d|e|-|c|a|c|h|e|d| |c|o|l|d| |f|i|s|s|i|o|n| |w|e|b|r|e|n|d|e|r|,102210fe594ee9b33d82058545b1ed14f4c8206e,PerceptualSpeedIndex,twitter,True,twitter PerceptualSpeedIndex opt bytecode-cached cold fission webrender,,77,ms,firefox,456526515.0,3858973,2024-04-30 15:40:12,606.9,c6a1a0587644242ad8f8fc0bcf0a94c8e485fc19,1418640,,,,,,,,,,,,,,,,,,,,,,,,,,,,,,,,,,,,,,,,,,,,,,,,,,,,,,,,,,,,,TN,TN
autoland,4405952,13,ad8d5d1385265583919f5a224e1153902b6eef60,macosx1015-64-shippable-qr,True,False,,|b|y|t|e|c|o|d|e|-|c|a|c|h|e|d| |c|o|l|d| |f|i|s|s|i|o|n| |w|e|b|r|e|n|d|e|r|,102210fe594ee9b33d82058545b1ed14f4c8206e,PerceptualSpeedIndex,twitter,True,twitter PerceptualSpeedIndex opt bytecode-cached cold fission webrender,,77,ms,firefox,456525570.0,3851464,2024-04-30 15:58:16,616.1,ba7ae57dce0dd88946407baf4899d321ca533e03,1418659,,,,,,,,,,,,,,,,,,,,,,,,,,,,,,,,,,,,,,,,,,,,,,,,,,,,,,,,,,,,,TN,TN
autoland,4405952,13,ad8d5d1385265583919f5a224e1153902b6eef60,macosx1015-64-shippable-qr,True,False,,|b|y|t|e|c|o|d|e|-|c|a|c|h|e|d| |c|o|l|d| |f|i|s|s|i|o|n| |w|e|b|r|e|n|d|e|r|,102210fe594ee9b33d82058545b1ed14f4c8206e,PerceptualSpeedIndex,twitter,True,twitter PerceptualSpeedIndex opt bytecode-cached cold fission webrender,,77,ms,firefox,456462161.0,3537681,2024-04-30 16:26:23,639.9,8f7500d7e530d9db7e5101922db97ea633705f4e,1418685,,,,,,,,,,,,,,,,,,,,,,,,,,,,,,,,,,,,,,,,,,,,,,,,,,,,,,,,,,,,,TN,TN
autoland,4405952,13,ad8d5d1385265583919f5a224e1153902b6eef60,macosx1015-64-shippable-qr,True,False,,|b|y|t|e|c|o|d|e|-|c|a|c|h|e|d| |c|o|l|d| |f|i|s|s|i|o|n| |w|e|b|r|e|n|d|e|r|,102210fe594ee9b33d82058545b1ed14f4c8206e,PerceptualSpeedIndex,twitter,True,twitter PerceptualSpeedIndex opt bytecode-cached cold fission webrender,,77,ms,firefox,456481449.0,3619686,2024-04-30 19:24:53,612.2,ec8f015d7e7237118cd2c9633310bf3b43bc902b,1418797,,,,,,,,,,,,,,,,,,,,,,,,,,,,,,,,,,,,,,,,,,,,,,,,,,,,,,,,,,,,,TN,TN
autoland,4405952,13,ad8d5d1385265583919f5a224e1153902b6eef60,macosx1015-64-shippable-qr,True,False,,|b|y|t|e|c|o|d|e|-|c|a|c|h|e|d| |c|o|l|d| |f|i|s|s|i|o|n| |w|e|b|r|e|n|d|e|r|,102210fe594ee9b33d82058545b1ed14f4c8206e,PerceptualSpeedIndex,twitter,True,twitter PerceptualSpeedIndex opt bytecode-cached cold fission webrender,,77,ms,firefox,456515919.0,3765550,2024-04-30 23:32:26,590.6,cd22a3f9463d7df724c7e17c83b6f9d8fe0dd54e,1418926,,,,,,,,,,,,,,,,,,,,,,,,,,,,,,,,,,,,,,,,,,,,,,,,,,,,,,,,,,,,,TN,TN
autoland,4405952,13,ad8d5d1385265583919f5a224e1153902b6eef60,macosx1015-64-shippable-qr,True,False,,|b|y|t|e|c|o|d|e|-|c|a|c|h|e|d| |c|o|l|d| |f|i|s|s|i|o|n| |w|e|b|r|e|n|d|e|r|,102210fe594ee9b33d82058545b1ed14f4c8206e,PerceptualSpeedIndex,twitter,True,twitter PerceptualSpeedIndex opt bytecode-cached cold fission webrender,,77,ms,firefox,456524353.0,3834666,2024-05-01 03:47:22,587.6,5801de1f3daa092cf721149dc96e7b073c172a92,1419018,,,,,,,,,,,,,,,,,,,,,,,,,,,,,,,,,,,,,,,,,,,,,,,,,,,,,,,,,,,,,TN,TN
autoland,4405952,13,ad8d5d1385265583919f5a224e1153902b6eef60,macosx1015-64-shippable-qr,True,False,,|b|y|t|e|c|o|d|e|-|c|a|c|h|e|d| |c|o|l|d| |f|i|s|s|i|o|n| |w|e|b|r|e|n|d|e|r|,102210fe594ee9b33d82058545b1ed14f4c8206e,PerceptualSpeedIndex,twitter,True,twitter PerceptualSpeedIndex opt bytecode-cached cold fission webrender,,77,ms,firefox,456531527.0,3888369,2024-05-01 07:50:28,599.1,287f670c824ebf9c8dbde990f795f92c94af4882,1419058,,,,,,,,,,,,,,,,,,,,,,,,,,,,,,,,,,,,,,,,,,,,,,,,,,,,,,,,,,,,,TN,TN
autoland,4405952,13,ad8d5d1385265583919f5a224e1153902b6eef60,macosx1015-64-shippable-qr,True,False,,|b|y|t|e|c|o|d|e|-|c|a|c|h|e|d| |c|o|l|d| |f|i|s|s|i|o|n| |w|e|b|r|e|n|d|e|r|,102210fe594ee9b33d82058545b1ed14f4c8206e,PerceptualSpeedIndex,twitter,True,twitter PerceptualSpeedIndex opt bytecode-cached cold fission webrender,,77,ms,firefox,456577484.0,4068397,2024-05-01 18:27:07,649.6,0c09216614e40f92d253d63a3699eb680be6773a,1419281,,,,,,,,,,,,,,,,,,,,,,,,,,,,,,,,,,,,,,,,,,,,,,,,,,,,,,,,,,,,,TN,TN
autoland,4405952,13,ad8d5d1385265583919f5a224e1153902b6eef60,macosx1015-64-shippable-qr,True,False,,|b|y|t|e|c|o|d|e|-|c|a|c|h|e|d| |c|o|l|d| |f|i|s|s|i|o|n| |w|e|b|r|e|n|d|e|r|,102210fe594ee9b33d82058545b1ed14f4c8206e,PerceptualSpeedIndex,twitter,True,twitter PerceptualSpeedIndex opt bytecode-cached cold fission webrender,,77,ms,firefox,456602690.0,4230141,2024-05-01 20:27:27,618.2,b8f4a7d4d873dccbf25b9bc2f3510753c2b3fde7,1419379,,,,,,,,,,,,,,,,,,,,,,,,,,,,,,,,,,,,,,,,,,,,,,,,,,,,,,,,,,,,,TN,TN
autoland,4405952,13,ad8d5d1385265583919f5a224e1153902b6eef60,macosx1015-64-shippable-qr,True,False,,|b|y|t|e|c|o|d|e|-|c|a|c|h|e|d| |c|o|l|d| |f|i|s|s|i|o|n| |w|e|b|r|e|n|d|e|r|,102210fe594ee9b33d82058545b1ed14f4c8206e,PerceptualSpeedIndex,twitter,True,twitter PerceptualSpeedIndex opt bytecode-cached cold fission webrender,,77,ms,firefox,456639498.0,4424789,2024-05-01 22:41:28,593.0,c20a8162786c1c65c5f6de523fe04ed01e365e70,1419434,,,,,,,,,,,,,,,,,,,,,,,,,,,,,,,,,,,,,,,,,,,,,,,,,,,,,,,,,,,,,TN,TN
autoland,4405952,13,ad8d5d1385265583919f5a224e1153902b6eef60,macosx1015-64-shippable-qr,True,False,,|b|y|t|e|c|o|d|e|-|c|a|c|h|e|d| |c|o|l|d| |f|i|s|s|i|o|n| |w|e|b|r|e|n|d|e|r|,102210fe594ee9b33d82058545b1ed14f4c8206e,PerceptualSpeedIndex,twitter,True,twitter PerceptualSpeedIndex opt bytecode-cached cold fission webrender,,77,ms,firefox,456638579.0,4410604,2024-05-01 22:42:15,663.9,cc7310ddf9a3d299491efc7c2b1279cef8b05ae7,1419435,,,,,,,,,,,,,,,,,,,,,,,,,,,,,,,,,,,,,,,,,,,,,,,,,,,,,,,,,,,,,TN,TN
autoland,4405952,13,ad8d5d1385265583919f5a224e1153902b6eef60,macosx1015-64-shippable-qr,True,False,,|b|y|t|e|c|o|d|e|-|c|a|c|h|e|d| |c|o|l|d| |f|i|s|s|i|o|n| |w|e|b|r|e|n|d|e|r|,102210fe594ee9b33d82058545b1ed14f4c8206e,PerceptualSpeedIndex,twitter,True,twitter PerceptualSpeedIndex opt bytecode-cached cold fission webrender,,77,ms,firefox,456638091.0,4402095,2024-05-01 22:43:04,607.3,f873ea171aa0a79e19d6d38f0801893b0fb7127f,1419437,,,,,,,,,,,,,,,,,,,,,,,,,,,,,,,,,,,,,,,,,,,,,,,,,,,,,,,,,,,,,TN,TN
autoland,4405952,13,ad8d5d1385265583919f5a224e1153902b6eef60,macosx1015-64-shippable-qr,True,False,,|b|y|t|e|c|o|d|e|-|c|a|c|h|e|d| |c|o|l|d| |f|i|s|s|i|o|n| |w|e|b|r|e|n|d|e|r|,102210fe594ee9b33d82058545b1ed14f4c8206e,PerceptualSpeedIndex,twitter,True,twitter PerceptualSpeedIndex opt bytecode-cached cold fission webrender,,77,ms,firefox,456614985.0,4288217,2024-05-01 23:13:57,601.0,533fbd9c5056d0b2611e332cddafd7337193d64f,1419453,,,,,,,,,,,,,,,,,,,,,,,,,,,,,,,,,,,,,,,,,,,,,,,,,,,,,,,,,,,,,TN,TN
autoland,4405952,13,ad8d5d1385265583919f5a224e1153902b6eef60,macosx1015-64-shippable-qr,True,False,,|b|y|t|e|c|o|d|e|-|c|a|c|h|e|d| |c|o|l|d| |f|i|s|s|i|o|n| |w|e|b|r|e|n|d|e|r|,102210fe594ee9b33d82058545b1ed14f4c8206e,PerceptualSpeedIndex,twitter,True,twitter PerceptualSpeedIndex opt bytecode-cached cold fission webrender,,77,ms,firefox,456637126.0,4396321,2024-05-02 04:22:12,598.2,dda5d5286866494223d6cc52382d52032d961218,1419529,,,,,,,,,,,,,,,,,,,,,,,,,,,,,,,,,,,,,,,,,,,,,,,,,,,,,,,,,,,,,TN,TN
autoland,4405952,13,ad8d5d1385265583919f5a224e1153902b6eef60,macosx1015-64-shippable-qr,True,False,,|b|y|t|e|c|o|d|e|-|c|a|c|h|e|d| |c|o|l|d| |f|i|s|s|i|o|n| |w|e|b|r|e|n|d|e|r|,102210fe594ee9b33d82058545b1ed14f4c8206e,PerceptualSpeedIndex,twitter,True,twitter PerceptualSpeedIndex opt bytecode-cached cold fission webrender,,77,ms,firefox,456779538.0,5166681,2024-05-02 08:48:43,597.8,8f1e622a3413df009913d856f603c77b8e637efc,1419618,,,,,,,,,,,,,,,,,,,,,,,,,,,,,,,,,,,,,,,,,,,,,,,,,,,,,,,,,,,,,TN,TN
autoland,4405952,13,ad8d5d1385265583919f5a224e1153902b6eef60,macosx1015-64-shippable-qr,True,False,,|b|y|t|e|c|o|d|e|-|c|a|c|h|e|d| |c|o|l|d| |f|i|s|s|i|o|n| |w|e|b|r|e|n|d|e|r|,102210fe594ee9b33d82058545b1ed14f4c8206e,PerceptualSpeedIndex,twitter,True,twitter PerceptualSpeedIndex opt bytecode-cached cold fission webrender,,77,ms,firefox,456780391.0,5177994,2024-05-02 12:53:32,583.9,ea25d02dac47e6880ab5b936adc308c24cbeab32,1419765,,,,,,,,,,,,,,,,,,,,,,,,,,,,,,,,,,,,,,,,,,,,,,,,,,,,,,,,,,,,,TN,TN
autoland,4405952,13,ad8d5d1385265583919f5a224e1153902b6eef60,macosx1015-64-shippable-qr,True,False,,|b|y|t|e|c|o|d|e|-|c|a|c|h|e|d| |c|o|l|d| |f|i|s|s|i|o|n| |w|e|b|r|e|n|d|e|r|,102210fe594ee9b33d82058545b1ed14f4c8206e,PerceptualSpeedIndex,twitter,True,twitter PerceptualSpeedIndex opt bytecode-cached cold fission webrender,,77,ms,firefox,456782027.0,5192983,2024-05-02 15:44:03,605.0,91cfcfc5935b5ac51c36c1a08a064c33a2d96fd5,1419950,,,,,,,,,,,,,,,,,,,,,,,,,,,,,,,,,,,,,,,,,,,,,,,,,,,,,,,,,,,,,TN,TN
autoland,4405952,13,ad8d5d1385265583919f5a224e1153902b6eef60,macosx1015-64-shippable-qr,True,False,,|b|y|t|e|c|o|d|e|-|c|a|c|h|e|d| |c|o|l|d| |f|i|s|s|i|o|n| |w|e|b|r|e|n|d|e|r|,102210fe594ee9b33d82058545b1ed14f4c8206e,PerceptualSpeedIndex,twitter,True,twitter PerceptualSpeedIndex opt bytecode-cached cold fission webrender,,77,ms,firefox,456783126.0,5206595,2024-05-02 17:57:36,588.5,3a0b95c0a8b3e334c5811a26420f39aaba7e5be3,1420053,,,,,,,,,,,,,,,,,,,,,,,,,,,,,,,,,,,,,,,,,,,,,,,,,,,,,,,,,,,,,TN,TN
autoland,4405952,13,ad8d5d1385265583919f5a224e1153902b6eef60,macosx1015-64-shippable-qr,True,False,,|b|y|t|e|c|o|d|e|-|c|a|c|h|e|d| |c|o|l|d| |f|i|s|s|i|o|n| |w|e|b|r|e|n|d|e|r|,102210fe594ee9b33d82058545b1ed14f4c8206e,PerceptualSpeedIndex,twitter,True,twitter PerceptualSpeedIndex opt bytecode-cached cold fission webrender,,77,ms,firefox,456783996.0,5208740,2024-05-02 23:51:01,663.2,f5cfc0ea73926b119ca193381efffbfa5859d867,1420328,,,,,,,,,,,,,,,,,,,,,,,,,,,,,,,,,,,,,,,,,,,,,,,,,,,,,,,,,,,,,TN,TN
autoland,4405952,13,ad8d5d1385265583919f5a224e1153902b6eef60,macosx1015-64-shippable-qr,True,False,,|b|y|t|e|c|o|d|e|-|c|a|c|h|e|d| |c|o|l|d| |f|i|s|s|i|o|n| |w|e|b|r|e|n|d|e|r|,102210fe594ee9b33d82058545b1ed14f4c8206e,PerceptualSpeedIndex,twitter,True,twitter PerceptualSpeedIndex opt bytecode-cached cold fission webrender,,77,ms,firefox,456806827.0,5345118,2024-05-03 04:04:06,588.7,c5c13444d9afc38f2ee8d567a1a17f26a9b6659b,1420386,,,,,,,,,,,,,,,,,,,,,,,,,,,,,,,,,,,,,,,,,,,,,,,,,,,,,,,,,,,,,TN,TN
autoland,4405952,13,ad8d5d1385265583919f5a224e1153902b6eef60,macosx1015-64-shippable-qr,True,False,,|b|y|t|e|c|o|d|e|-|c|a|c|h|e|d| |c|o|l|d| |f|i|s|s|i|o|n| |w|e|b|r|e|n|d|e|r|,102210fe594ee9b33d82058545b1ed14f4c8206e,PerceptualSpeedIndex,twitter,True,twitter PerceptualSpeedIndex opt bytecode-cached cold fission webrender,,77,ms,firefox,456813106.0,5364929,2024-05-03 08:10:40,589.7,fd534101970b397f34b099196fabc43b927c7fcf,1420452,,,,,,,,,,,,,,,,,,,,,,,,,,,,,,,,,,,,,,,,,,,,,,,,,,,,,,,,,,,,,TN,TN
autoland,4405952,13,ad8d5d1385265583919f5a224e1153902b6eef60,macosx1015-64-shippable-qr,True,False,,|b|y|t|e|c|o|d|e|-|c|a|c|h|e|d| |c|o|l|d| |f|i|s|s|i|o|n| |w|e|b|r|e|n|d|e|r|,102210fe594ee9b33d82058545b1ed14f4c8206e,PerceptualSpeedIndex,twitter,True,twitter PerceptualSpeedIndex opt bytecode-cached cold fission webrender,,77,ms,firefox,456853741.0,5530489,2024-05-03 12:18:12,593.6,e91d8e436dcc57f87d15822b1dc5b12644cb980e,1420590,,,,,,,,,,,,,,,,,,,,,,,,,,,,,,,,,,,,,,,,,,,,,,,,,,,,,,,,,,,,,TN,TN
autoland,4405952,13,ad8d5d1385265583919f5a224e1153902b6eef60,macosx1015-64-shippable-qr,True,False,,|b|y|t|e|c|o|d|e|-|c|a|c|h|e|d| |c|o|l|d| |f|i|s|s|i|o|n| |w|e|b|r|e|n|d|e|r|,102210fe594ee9b33d82058545b1ed14f4c8206e,PerceptualSpeedIndex,twitter,True,twitter PerceptualSpeedIndex opt bytecode-cached cold fission webrender,,77,ms,firefox,456944717.0,6175613,2024-05-03 14:27:41,587.1,e3c2a1a1c6f49f351ee44f96a5a16f7ba91bd9ea,1420712,,,,,,,,,,,,,,,,,,,,,,,,,,,,,,,,,,,,,,,,,,,,,,,,,,,,,,,,,,,,,TN,TN
autoland,4405952,13,ad8d5d1385265583919f5a224e1153902b6eef60,macosx1015-64-shippable-qr,True,False,,|b|y|t|e|c|o|d|e|-|c|a|c|h|e|d| |c|o|l|d| |f|i|s|s|i|o|n| |w|e|b|r|e|n|d|e|r|,102210fe594ee9b33d82058545b1ed14f4c8206e,PerceptualSpeedIndex,twitter,True,twitter PerceptualSpeedIndex opt bytecode-cached cold fission webrender,,77,ms,firefox,456944571.0,6175543,2024-05-03 14:31:38,597.6,e22820789eaab8ed7ab2e189a831c85a008f0f58,1420719,,,,,,,,,,,,,,,,,,,,,,,,,,,,,,,,,,,,,,,,,,,,,,,,,,,,,,,,,,,,,TN,TN
autoland,4405952,13,ad8d5d1385265583919f5a224e1153902b6eef60,macosx1015-64-shippable-qr,True,False,,|b|y|t|e|c|o|d|e|-|c|a|c|h|e|d| |c|o|l|d| |f|i|s|s|i|o|n| |w|e|b|r|e|n|d|e|r|,102210fe594ee9b33d82058545b1ed14f4c8206e,PerceptualSpeedIndex,twitter,True,twitter PerceptualSpeedIndex opt bytecode-cached cold fission webrender,,77,ms,firefox,456888498.0,5777208,2024-05-03 16:29:14,590.6,0a8a8f84140a331e815f8520a76a3c928e4486ea,1420823,,,,,,,,,,,,,,,,,,,,,,,,,,,,,,,,,,,,,,,,,,,,,,,,,,,,,,,,,,,,,TN,TN
autoland,4405952,13,ad8d5d1385265583919f5a224e1153902b6eef60,macosx1015-64-shippable-qr,True,False,,|b|y|t|e|c|o|d|e|-|c|a|c|h|e|d| |c|o|l|d| |f|i|s|s|i|o|n| |w|e|b|r|e|n|d|e|r|,102210fe594ee9b33d82058545b1ed14f4c8206e,PerceptualSpeedIndex,twitter,True,twitter PerceptualSpeedIndex opt bytecode-cached cold fission webrender,,77,ms,firefox,456921886.0,6057192,2024-05-03 19:41:01,605.3,1e88e24f01e40c6d9b7e3f222f4fbb0d55c9639d,1420975,,,,,,,,,,,,,,,,,,,,,,,,,,,,,,,,,,,,,,,,,,,,,,,,,,,,,,,,,,,,,TN,TN
autoland,4405952,13,ad8d5d1385265583919f5a224e1153902b6eef60,macosx1015-64-shippable-qr,True,False,,|b|y|t|e|c|o|d|e|-|c|a|c|h|e|d| |c|o|l|d| |f|i|s|s|i|o|n| |w|e|b|r|e|n|d|e|r|,102210fe594ee9b33d82058545b1ed14f4c8206e,PerceptualSpeedIndex,twitter,True,twitter PerceptualSpeedIndex opt bytecode-cached cold fission webrender,,77,ms,firefox,456936636.0,6112374,2024-05-04 00:06:35,596.4,b5ebcaf20c9cca5a0f4b965c398f0f26296df1b5,1421120,,,,,,,,,,,,,,,,,,,,,,,,,,,,,,,,,,,,,,,,,,,,,,,,,,,,,,,,,,,,,TN,TN
autoland,4405952,13,ad8d5d1385265583919f5a224e1153902b6eef60,macosx1015-64-shippable-qr,True,False,,|b|y|t|e|c|o|d|e|-|c|a|c|h|e|d| |c|o|l|d| |f|i|s|s|i|o|n| |w|e|b|r|e|n|d|e|r|,102210fe594ee9b33d82058545b1ed14f4c8206e,PerceptualSpeedIndex,twitter,True,twitter PerceptualSpeedIndex opt bytecode-cached cold fission webrender,,77,ms,firefox,456967363.0,6294492,2024-05-04 09:19:48,595.7,a546ec29a8018c8e98e738460e9bdfd5d4003690,1421174,,,,,,,,,,,,,,,,,,,,,,,,,,,,,,,,,,,,,,,,,,,,,,,,,,,,,,,,,,,,,TN,TN
autoland,4405952,13,ad8d5d1385265583919f5a224e1153902b6eef60,macosx1015-64-shippable-qr,True,False,,|b|y|t|e|c|o|d|e|-|c|a|c|h|e|d| |c|o|l|d| |f|i|s|s|i|o|n| |w|e|b|r|e|n|d|e|r|,102210fe594ee9b33d82058545b1ed14f4c8206e,PerceptualSpeedIndex,twitter,True,twitter PerceptualSpeedIndex opt bytecode-cached cold fission webrender,,77,ms,firefox,456979117.0,6346038,2024-05-04 19:44:42,678.4,422a6a673019bc0e2dfd459eceee9594246a0a9d,1421318,,,,,,,,,,,,,,,,,,,,,,,,,,,,,,,,,,,,,,,,,,,,,,,,,,,,,,,,,,,,,TN,TN
autoland,4405952,13,ad8d5d1385265583919f5a224e1153902b6eef60,macosx1015-64-shippable-qr,True,False,,|b|y|t|e|c|o|d|e|-|c|a|c|h|e|d| |c|o|l|d| |f|i|s|s|i|o|n| |w|e|b|r|e|n|d|e|r|,102210fe594ee9b33d82058545b1ed14f4c8206e,PerceptualSpeedIndex,twitter,True,twitter PerceptualSpeedIndex opt bytecode-cached cold fission webrender,,77,ms,firefox,456995880.0,6413717,2024-05-05 00:17:27,606.6,1343ec609dea28acb4b297bebd481211e1742b11,1421344,,,,,,,,,,,,,,,,,,,,,,,,,,,,,,,,,,,,,,,,,,,,,,,,,,,,,,,,,,,,,TN,TN
autoland,4405952,13,ad8d5d1385265583919f5a224e1153902b6eef60,macosx1015-64-shippable-qr,True,False,,|b|y|t|e|c|o|d|e|-|c|a|c|h|e|d| |c|o|l|d| |f|i|s|s|i|o|n| |w|e|b|r|e|n|d|e|r|,102210fe594ee9b33d82058545b1ed14f4c8206e,PerceptualSpeedIndex,twitter,True,twitter PerceptualSpeedIndex opt bytecode-cached cold fission webrender,,77,ms,firefox,457030988.0,6611385,2024-05-05 08:06:08,597.1,5c3e0ef9b916432dfc42f800c3c7997f58ae5a63,1421422,,,,,,,,,,,,,,,,,,,,,,,,,,,,,,,,,,,,,,,,,,,,,,,,,,,,,,,,,,,,,TN,TN
autoland,4405952,13,ad8d5d1385265583919f5a224e1153902b6eef60,macosx1015-64-shippable-qr,True,False,,|b|y|t|e|c|o|d|e|-|c|a|c|h|e|d| |c|o|l|d| |f|i|s|s|i|o|n| |w|e|b|r|e|n|d|e|r|,102210fe594ee9b33d82058545b1ed14f4c8206e,PerceptualSpeedIndex,twitter,True,twitter PerceptualSpeedIndex opt bytecode-cached cold fission webrender,,77,ms,firefox,457031559.0,6627411,2024-05-05 13:09:56,617.4,286a373804e5360a54d51ec691ba7bfd02def155,1421444,,,,,,,,,,,,,,,,,,,,,,,,,,,,,,,,,,,,,,,,,,,,,,,,,,,,,,,,,,,,,TN,TN
autoland,4405952,13,ad8d5d1385265583919f5a224e1153902b6eef60,macosx1015-64-shippable-qr,True,False,,|b|y|t|e|c|o|d|e|-|c|a|c|h|e|d| |c|o|l|d| |f|i|s|s|i|o|n| |w|e|b|r|e|n|d|e|r|,102210fe594ee9b33d82058545b1ed14f4c8206e,PerceptualSpeedIndex,twitter,True,twitter PerceptualSpeedIndex opt bytecode-cached cold fission webrender,,77,ms,firefox,457036273.0,6674678,2024-05-05 17:38:00,581.8,a6cb5ac7a79af000e99bf48f04ecb2943fcd3c68,1421459,,,,,,,,,,,,,,,,,,,,,,,,,,,,,,,,,,,,,,,,,,,,,,,,,,,,,,,,,,,,,TN,TN
autoland,4405952,13,ad8d5d1385265583919f5a224e1153902b6eef60,macosx1015-64-shippable-qr,True,False,,|b|y|t|e|c|o|d|e|-|c|a|c|h|e|d| |c|o|l|d| |f|i|s|s|i|o|n| |w|e|b|r|e|n|d|e|r|,102210fe594ee9b33d82058545b1ed14f4c8206e,PerceptualSpeedIndex,twitter,True,twitter PerceptualSpeedIndex opt bytecode-cached cold fission webrender,,77,ms,firefox,457055791.0,6791476,2024-05-05 22:09:52,617.5,ea67e3b59c22cea8a2c797ce9a6608d3ddeaeca9,1421479,,,,,,,,,,,,,,,,,,,,,,,,,,,,,,,,,,,,,,,,,,,,,,,,,,,,,,,,,,,,,TN,TN
autoland,4405952,13,ad8d5d1385265583919f5a224e1153902b6eef60,macosx1015-64-shippable-qr,True,False,,|b|y|t|e|c|o|d|e|-|c|a|c|h|e|d| |c|o|l|d| |f|i|s|s|i|o|n| |w|e|b|r|e|n|d|e|r|,102210fe594ee9b33d82058545b1ed14f4c8206e,PerceptualSpeedIndex,twitter,True,twitter PerceptualSpeedIndex opt bytecode-cached cold fission webrender,,77,ms,firefox,457060601.0,6832047,2024-05-06 03:19:39,691.4,ab041350c7569b831b00994a96625b9354dcf6b6,1421502,,,,,,,,,,,,,,,,,,,,,,,,,,,,,,,,,,,,,,,,,,,,,,,,,,,,,,,,,,,,,TN,TN
autoland,4405952,13,ad8d5d1385265583919f5a224e1153902b6eef60,macosx1015-64-shippable-qr,True,False,,|b|y|t|e|c|o|d|e|-|c|a|c|h|e|d| |c|o|l|d| |f|i|s|s|i|o|n| |w|e|b|r|e|n|d|e|r|,102210fe594ee9b33d82058545b1ed14f4c8206e,PerceptualSpeedIndex,twitter,True,twitter PerceptualSpeedIndex opt bytecode-cached cold fission webrender,,77,ms,firefox,457221285.0,7558287,2024-05-06 03:26:48,608.1,35d94430dcd939821a6eb019d739ae0d4077b831,1421504,,,,,,,,,,,,,,,,,,,,,,,,,,,,,,,,,,,,,,,,,,,,,,,,,,,,,,,,,,,,,TN,TN
autoland,4405952,13,ad8d5d1385265583919f5a224e1153902b6eef60,macosx1015-64-shippable-qr,True,False,,|b|y|t|e|c|o|d|e|-|c|a|c|h|e|d| |c|o|l|d| |f|i|s|s|i|o|n| |w|e|b|r|e|n|d|e|r|,102210fe594ee9b33d82058545b1ed14f4c8206e,PerceptualSpeedIndex,twitter,True,twitter PerceptualSpeedIndex opt bytecode-cached cold fission webrender,,77,ms,firefox,457069837.0,6896462,2024-05-06 07:31:35,603.9,65e120a9c1dcb9c8f1c8930e808b03aa149eaf40,1421524,,,,,,,,,,,,,,,,,,,,,,,,,,,,,,,,,,,,,,,,,,,,,,,,,,,,,,,,,,,,,TN,TN
autoland,4405952,13,ad8d5d1385265583919f5a224e1153902b6eef60,macosx1015-64-shippable-qr,True,False,,|b|y|t|e|c|o|d|e|-|c|a|c|h|e|d| |c|o|l|d| |f|i|s|s|i|o|n| |w|e|b|r|e|n|d|e|r|,102210fe594ee9b33d82058545b1ed14f4c8206e,PerceptualSpeedIndex,twitter,True,twitter PerceptualSpeedIndex opt bytecode-cached cold fission webrender,,77,ms,firefox,457101906.0,7032515,2024-05-06 11:33:14,574.2,13b26e8e0e39998b30b388bb6f5d84c0e8067c03,1421623,,,,,,,,,,,,,,,,,,,,,,,,,,,,,,,,,,,,,,,,,,,,,,,,,,,,,,,,,,,,,TN,TN
autoland,4405952,13,ad8d5d1385265583919f5a224e1153902b6eef60,macosx1015-64-shippable-qr,True,False,,|b|y|t|e|c|o|d|e|-|c|a|c|h|e|d| |c|o|l|d| |f|i|s|s|i|o|n| |w|e|b|r|e|n|d|e|r|,102210fe594ee9b33d82058545b1ed14f4c8206e,PerceptualSpeedIndex,twitter,True,twitter PerceptualSpeedIndex opt bytecode-cached cold fission webrender,,77,ms,firefox,457135119.0,7195918,2024-05-06 15:35:21,650.6,26e8012d5da938871783505e3753b681ab8cb186,1421812,,,,,,,,,,,,,,,,,,,,,,,,,,,,,,,,,,,,,,,,,,,,,,,,,,,,,,,,,,,,,TN,TN
autoland,4405952,13,ad8d5d1385265583919f5a224e1153902b6eef60,macosx1015-64-shippable-qr,True,False,,|b|y|t|e|c|o|d|e|-|c|a|c|h|e|d| |c|o|l|d| |f|i|s|s|i|o|n| |w|e|b|r|e|n|d|e|r|,102210fe594ee9b33d82058545b1ed14f4c8206e,PerceptualSpeedIndex,twitter,True,twitter PerceptualSpeedIndex opt bytecode-cached cold fission webrender,,77,ms,firefox,457150967.0,7254303,2024-05-06 17:44:25,614.0,eb10b86b18adfc70952409e13993f834d33fa099,1421908,,,,,,,,,,,,,,,,,,,,,,,,,,,,,,,,,,,,,,,,,,,,,,,,,,,,,,,,,,,,,TN,TN
autoland,4405952,13,ad8d5d1385265583919f5a224e1153902b6eef60,macosx1015-64-shippable-qr,True,False,,|b|y|t|e|c|o|d|e|-|c|a|c|h|e|d| |c|o|l|d| |f|i|s|s|i|o|n| |w|e|b|r|e|n|d|e|r|,102210fe594ee9b33d82058545b1ed14f4c8206e,PerceptualSpeedIndex,twitter,True,twitter PerceptualSpeedIndex opt bytecode-cached cold fission webrender,,77,ms,firefox,457174027.0,7340868,2024-05-06 20:39:16,617.7,4c7b1942b455d9c365693e5584f7ea86c5b33615,1422073,,,,,,,,,,,,,,,,,,,,,,,,,,,,,,,,,,,,,,,,,,,,,,,,,,,,,,,,,,,,,TN,TN
autoland,4405952,13,ad8d5d1385265583919f5a224e1153902b6eef60,macosx1015-64-shippable-qr,True,False,,|b|y|t|e|c|o|d|e|-|c|a|c|h|e|d| |c|o|l|d| |f|i|s|s|i|o|n| |w|e|b|r|e|n|d|e|r|,102210fe594ee9b33d82058545b1ed14f4c8206e,PerceptualSpeedIndex,twitter,True,twitter PerceptualSpeedIndex opt bytecode-cached cold fission webrender,,77,ms,firefox,457212426.0,7522133,2024-05-07 01:41:54,613.3,945bbd356b57424bcdb359e6d88c48cd03ff2c10,1422278,,,,,,,,,,,,,,,,,,,,,,,,,,,,,,,,,,,,,,,,,,,,,,,,,,,,,,,,,,,,,TN,TN
autoland,4405952,13,ad8d5d1385265583919f5a224e1153902b6eef60,macosx1015-64-shippable-qr,True,False,,|b|y|t|e|c|o|d|e|-|c|a|c|h|e|d| |c|o|l|d| |f|i|s|s|i|o|n| |w|e|b|r|e|n|d|e|r|,102210fe594ee9b33d82058545b1ed14f4c8206e,PerceptualSpeedIndex,twitter,True,twitter PerceptualSpeedIndex opt bytecode-cached cold fission webrender,,77,ms,firefox,457227319.0,7593062,2024-05-07 06:04:59,602.6,80150ac16109a11457c3103e68bf1c7ac29270c0,1422341,,,,,,,,,,,,,,,,,,,,,,,,,,,,,,,,,,,,,,,,,,,,,,,,,,,,,,,,,,,,,TN,TN
autoland,4405952,13,ad8d5d1385265583919f5a224e1153902b6eef60,macosx1015-64-shippable-qr,True,False,,|b|y|t|e|c|o|d|e|-|c|a|c|h|e|d| |c|o|l|d| |f|i|s|s|i|o|n| |w|e|b|r|e|n|d|e|r|,102210fe594ee9b33d82058545b1ed14f4c8206e,PerceptualSpeedIndex,twitter,True,twitter PerceptualSpeedIndex opt bytecode-cached cold fission webrender,,77,ms,firefox,457275477.0,7769434,2024-05-07 10:41:19,573.5,641e15621e7bd2e0e8a2fab82d2b9838e386c3c4,1422484,,,,,,,,,,,,,,,,,,,,,,,,,,,,,,,,,,,,,,,,,,,,,,,,,,,,,,,,,,,,,TN,TN
autoland,4405952,13,ad8d5d1385265583919f5a224e1153902b6eef60,macosx1015-64-shippable-qr,True,False,,|b|y|t|e|c|o|d|e|-|c|a|c|h|e|d| |c|o|l|d| |f|i|s|s|i|o|n| |w|e|b|r|e|n|d|e|r|,102210fe594ee9b33d82058545b1ed14f4c8206e,PerceptualSpeedIndex,twitter,True,twitter PerceptualSpeedIndex opt bytecode-cached cold fission webrender,,77,ms,firefox,457310092.0,7927030,2024-05-07 14:42:49,577.2,0041f761ddff5c598852d2b5cc41772a3a11cd0b,1422671,,,,,,,,,,,,,,,,,,,,,,,,,,,,,,,,,,,,,,,,,,,,,,,,,,,,,,,,,,,,,TN,TN
autoland,4405952,13,ad8d5d1385265583919f5a224e1153902b6eef60,macosx1015-64-shippable-qr,True,False,,|b|y|t|e|c|o|d|e|-|c|a|c|h|e|d| |c|o|l|d| |f|i|s|s|i|o|n| |w|e|b|r|e|n|d|e|r|,102210fe594ee9b33d82058545b1ed14f4c8206e,PerceptualSpeedIndex,twitter,True,twitter PerceptualSpeedIndex opt bytecode-cached cold fission webrender,,77,ms,firefox,457343284.0,8108362,2024-05-07 18:25:44,565.4,425b44586178edae02872c1fbc0220a0b4ff4c1d,1422943,,,,,,,,,,,,,,,,,,,,,,,,,,,,,,,,,,,,,,,,,,,,,,,,,,,,,,,,,,,,,TN,TN
autoland,4405952,13,ad8d5d1385265583919f5a224e1153902b6eef60,macosx1015-64-shippable-qr,True,False,,|b|y|t|e|c|o|d|e|-|c|a|c|h|e|d| |c|o|l|d| |f|i|s|s|i|o|n| |w|e|b|r|e|n|d|e|r|,102210fe594ee9b33d82058545b1ed14f4c8206e,PerceptualSpeedIndex,twitter,True,twitter PerceptualSpeedIndex opt bytecode-cached cold fission webrender,,77,ms,firefox,457378514.0,8322104,2024-05-07 22:14:58,576.6,149e752fdb3fa75a3a02f55e7c7c91f7f704cf8a,1423124,,,,,,,,,,,,,,,,,,,,,,,,,,,,,,,,,,,,,,,,,,,,,,,,,,,,,,,,,,,,,TN,TN
autoland,4405952,13,ad8d5d1385265583919f5a224e1153902b6eef60,macosx1015-64-shippable-qr,True,False,,|b|y|t|e|c|o|d|e|-|c|a|c|h|e|d| |c|o|l|d| |f|i|s|s|i|o|n| |w|e|b|r|e|n|d|e|r|,102210fe594ee9b33d82058545b1ed14f4c8206e,PerceptualSpeedIndex,twitter,True,twitter PerceptualSpeedIndex opt bytecode-cached cold fission webrender,,77,ms,firefox,457409388.0,8464219,2024-05-08 04:41:52,588.6,a0b3e2669a2dc49c467521cb9b7966ca05e3dbc3,1423269,,,,,,,,,,,,,,,,,,,,,,,,,,,,,,,,,,,,,,,,,,,,,,,,,,,,,,,,,,,,,TN,TN
autoland,4405952,13,ad8d5d1385265583919f5a224e1153902b6eef60,macosx1015-64-shippable-qr,True,False,,|b|y|t|e|c|o|d|e|-|c|a|c|h|e|d| |c|o|l|d| |f|i|s|s|i|o|n| |w|e|b|r|e|n|d|e|r|,102210fe594ee9b33d82058545b1ed14f4c8206e,PerceptualSpeedIndex,twitter,True,twitter PerceptualSpeedIndex opt bytecode-cached cold fission webrender,,77,ms,firefox,457422144.0,8541075,2024-05-08 08:48:11,592.5,bec816ef2f2c29ed86b08bb592d6283618418e16,1423316,,,,,,,,,,,,,,,,,,,,,,,,,,,,,,,,,,,,,,,,,,,,,,,,,,,,,,,,,,,,,TN,TN
autoland,4405952,13,ad8d5d1385265583919f5a224e1153902b6eef60,macosx1015-64-shippable-qr,True,False,,|b|y|t|e|c|o|d|e|-|c|a|c|h|e|d| |c|o|l|d| |f|i|s|s|i|o|n| |w|e|b|r|e|n|d|e|r|,102210fe594ee9b33d82058545b1ed14f4c8206e,PerceptualSpeedIndex,twitter,True,twitter PerceptualSpeedIndex opt bytecode-cached cold fission webrender,,77,ms,firefox,457458628.0,8684930,2024-05-08 13:09:13,557.7,ed7b6f65910afcd687ef5aaa25605666805796bb,1423417,,,,,,,,,,,,,,,,,,,,,,,,,,,,,,,,,,,,,,,,,,,,,,,,,,,,,,,,,,,,,TN,TN
