repository_name,signature_id,framework_id,signature_hash,machine_platform,should_alert,has_subtests,extra_options,tags,option_collection_hash,test,suite,lower_is_better,name,parent_signature,repository_id,measurement_unit,application,job_id,entry_id,push_timestamp,value,revision,push_id,test_new_value,test_classifier,alert_prev_push_revision,alert_id,test_amount_pct,alert_performance_tags,test_prev_value,alert_first_triaged,test_series_signature_has_subtests,alert_framework,test_series_signature_framework_id,test_series_signature_suite_public_name,alert_related_alerts,test_taskcluster_metadata_retry_id,alert_prev_push_id,alert_status,alert_push_id,test_status,alert_assignee_username,test_series_signature_signature_hash,test_prev_taskcluster_metadata_task_id,test_series_signature_machine_platform,alert_bug_number,alert_repository,alert_bug_due_date,test_series_signature_test_public_name,alert_issue_tracker,test_amount_abs,test_id,test_series_signature_measurement_unit,test_taskcluster_metadata_task_id,test_backfill_record_total_backfills_successful,test_summary_id,test_series_signature_option_collection_hash,test_prev_taskcluster_metadata_retry_id,test_is_regression,test_manually_created,test_classifier_email,test_backfill_record_total_backfills_failed,test_backfill_record_total_actions_triggered,alert_assignee_email,alert_creation_timestamp,test_prev_profile_url,alert_notes,test_series_signature_test,test_noise_profile,test_series_signature_lower_is_better,alert_revision,test_related_summary_id,alert_bug_updated,test_profile_url,test_backfill_record_context,test_starred,test_backfill_record_total_backfills_in_progress,test_t_value,test_series_signature_suite,test_series_signature_extra_options,test_backfill_record_status,test_series_signature_tags,alert_triage_due_date,alert_status_general,test_status_general
autoland,4767314,1,247a31fb40b3ac0b152bd3554743d742a3892fe3,linux1804-64-shippable-qr,True,False,,,102210fe594ee9b33d82058545b1ed14f4c8206e,id-getter-5.html,perf_reftest_singletons,True,perf_reftest_singletons id-getter-5.html opt e10s fission stylo webrender,4767299,77,ms,firefox,,1700010054,2023-05-24 10:49:25,673.53,1db51625512e546534a6a7352ff4ff3b9c48d713,1245770,,,,,,,,,,,,,,,,,,,,,,,,,,,,,,,,,,,,,,,,,,,,,,,,,,,,,,,,,,,,,TN,TN
autoland,4767314,1,247a31fb40b3ac0b152bd3554743d742a3892fe3,linux1804-64-shippable-qr,True,False,,,102210fe594ee9b33d82058545b1ed14f4c8206e,id-getter-5.html,perf_reftest_singletons,True,perf_reftest_singletons id-getter-5.html opt e10s fission stylo webrender,4767299,77,ms,firefox,,1700074423,2023-05-24 13:34:40,678.0,6a96bb1f430f92b83cc31f74db4e4c1f71e155e5,1245871,,,,,,,,,,,,,,,,,,,,,,,,,,,,,,,,,,,,,,,,,,,,,,,,,,,,,,,,,,,,,TN,TN
autoland,4767314,1,247a31fb40b3ac0b152bd3554743d742a3892fe3,linux1804-64-shippable-qr,True,False,,,102210fe594ee9b33d82058545b1ed14f4c8206e,id-getter-5.html,perf_reftest_singletons,True,perf_reftest_singletons id-getter-5.html opt e10s fission stylo webrender,4767299,77,ms,firefox,,1700198648,2023-05-24 17:26:23,706.04,b9da43bde2c92655235855f4bb966f7a2537eafa,1246058,,,,,,,,,,,,,,,,,,,,,,,,,,,,,,,,,,,,,,,,,,,,,,,,,,,,,,,,,,,,,TN,TN
autoland,4767314,1,247a31fb40b3ac0b152bd3554743d742a3892fe3,linux1804-64-shippable-qr,True,False,,,102210fe594ee9b33d82058545b1ed14f4c8206e,id-getter-5.html,perf_reftest_singletons,True,perf_reftest_singletons id-getter-5.html opt e10s fission stylo webrender,4767299,77,ms,firefox,,1700294877,2023-05-24 21:30:03,698.48,468123d0735b96f7486f1e1a4de373e3dd7520bd,1246204,,,,,,,,,,,,,,,,,,,,,,,,,,,,,,,,,,,,,,,,,,,,,,,,,,,,,,,,,,,,,TN,TN
autoland,4767314,1,247a31fb40b3ac0b152bd3554743d742a3892fe3,linux1804-64-shippable-qr,True,False,,,102210fe594ee9b33d82058545b1ed14f4c8206e,id-getter-5.html,perf_reftest_singletons,True,perf_reftest_singletons id-getter-5.html opt e10s fission stylo webrender,4767299,77,ms,firefox,,1700405485,2023-05-25 01:52:13,691.39,c1577427eba79d954813d300bfe6d4f09e0249f0,1246339,,,,,,,,,,,,,,,,,,,,,,,,,,,,,,,,,,,,,,,,,,,,,,,,,,,,,,,,,,,,,TN,TN
autoland,4767314,1,247a31fb40b3ac0b152bd3554743d742a3892fe3,linux1804-64-shippable-qr,True,False,,,102210fe594ee9b33d82058545b1ed14f4c8206e,id-getter-5.html,perf_reftest_singletons,True,perf_reftest_singletons id-getter-5.html opt e10s fission stylo webrender,4767299,77,ms,firefox,,1700461524,2023-05-25 06:53:28,682.78,ee3230b1fe26e5521d07465dcab71e75d586e422,1246434,,,,,,,,,,,,,,,,,,,,,,,,,,,,,,,,,,,,,,,,,,,,,,,,,,,,,,,,,,,,,TN,TN
autoland,4767314,1,247a31fb40b3ac0b152bd3554743d742a3892fe3,linux1804-64-shippable-qr,True,False,,,102210fe594ee9b33d82058545b1ed14f4c8206e,id-getter-5.html,perf_reftest_singletons,True,perf_reftest_singletons id-getter-5.html opt e10s fission stylo webrender,4767299,77,ms,firefox,,1700504571,2023-05-25 09:03:58,678.3299999999999,0cd7e9f3c07773af459b1d5676b4f14a1a4c2844,1246517,,,,,,,,,,,,,,,,,,,,,,,,,,,,,,,,,,,,,,,,,,,,,,,,,,,,,,,,,,,,,TN,TN
autoland,4767314,1,247a31fb40b3ac0b152bd3554743d742a3892fe3,linux1804-64-shippable-qr,True,False,,,102210fe594ee9b33d82058545b1ed14f4c8206e,id-getter-5.html,perf_reftest_singletons,True,perf_reftest_singletons id-getter-5.html opt e10s fission stylo webrender,4767299,77,ms,firefox,,1700624429,2023-05-25 13:17:19,676.0,09f3ed0c8776aaa707aab014022efa3a16e01a6e,1246661,,,,,,,,,,,,,,,,,,,,,,,,,,,,,,,,,,,,,,,,,,,,,,,,,,,,,,,,,,,,,TN,TN
autoland,4767314,1,247a31fb40b3ac0b152bd3554743d742a3892fe3,linux1804-64-shippable-qr,True,False,,,102210fe594ee9b33d82058545b1ed14f4c8206e,id-getter-5.html,perf_reftest_singletons,True,perf_reftest_singletons id-getter-5.html opt e10s fission stylo webrender,4767299,77,ms,firefox,,1700632789,2023-05-25 13:25:13,678.8,6e07dad252683bcc1ed82d6a973adda9b490af1f,1246670,,,,,,,,,,,,,,,,,,,,,,,,,,,,,,,,,,,,,,,,,,,,,,,,,,,,,,,,,,,,,TN,TN
autoland,4767314,1,247a31fb40b3ac0b152bd3554743d742a3892fe3,linux1804-64-shippable-qr,True,False,,,102210fe594ee9b33d82058545b1ed14f4c8206e,id-getter-5.html,perf_reftest_singletons,True,perf_reftest_singletons id-getter-5.html opt e10s fission stylo webrender,4767299,77,ms,firefox,,1700734096,2023-05-25 17:00:24,756.23,4971297a8917c4ce5f9136ebb0c82cde74eb50c4,1246837,,,,,,,,,,,,,,,,,,,,,,,,,,,,,,,,,,,,,,,,,,,,,,,,,,,,,,,,,,,,,TN,TN
autoland,4767314,1,247a31fb40b3ac0b152bd3554743d742a3892fe3,linux1804-64-shippable-qr,True,False,,,102210fe594ee9b33d82058545b1ed14f4c8206e,id-getter-5.html,perf_reftest_singletons,True,perf_reftest_singletons id-getter-5.html opt e10s fission stylo webrender,4767299,77,ms,firefox,,1700909957,2023-05-25 20:49:35,666.55,6d91b4ed2bb8fbe97d7f5fcf7cad0e6f2bb6ad2f,1247021,,,,,,,,,,,,,,,,,,,,,,,,,,,,,,,,,,,,,,,,,,,,,,,,,,,,,,,,,,,,,TN,TN
autoland,4767314,1,247a31fb40b3ac0b152bd3554743d742a3892fe3,linux1804-64-shippable-qr,True,False,,,102210fe594ee9b33d82058545b1ed14f4c8206e,id-getter-5.html,perf_reftest_singletons,True,perf_reftest_singletons id-getter-5.html opt e10s fission stylo webrender,4767299,77,ms,firefox,,1701028107,2023-05-26 00:58:32,679.38,d49f009b89ad3ae1616d96cb1d2d9234ef3f6cda,1247180,,,,,,,,,,,,,,,,,,,,,,,,,,,,,,,,,,,,,,,,,,,,,,,,,,,,,,,,,,,,,TN,TN
autoland,4767314,1,247a31fb40b3ac0b152bd3554743d742a3892fe3,linux1804-64-shippable-qr,True,False,,,102210fe594ee9b33d82058545b1ed14f4c8206e,id-getter-5.html,perf_reftest_singletons,True,perf_reftest_singletons id-getter-5.html opt e10s fission stylo webrender,4767299,77,ms,firefox,,1701128966,2023-05-26 04:58:44,686.28,ffc18acbe9c027a3d6c960322b40a9d0576af311,1247241,,,,,,,,,,,,,,,,,,,,,,,,,,,,,,,,,,,,,,,,,,,,,,,,,,,,,,,,,,,,,TN,TN
autoland,4767314,1,247a31fb40b3ac0b152bd3554743d742a3892fe3,linux1804-64-shippable-qr,True,False,,,102210fe594ee9b33d82058545b1ed14f4c8206e,id-getter-5.html,perf_reftest_singletons,True,perf_reftest_singletons id-getter-5.html opt e10s fission stylo webrender,4767299,77,ms,firefox,,1701204516,2023-05-26 08:30:04,694.7,35f77e2aafb53fdda81c118a9ea61aefdacd61b4,1247293,,,,,,,,,,,,,,,,,,,,,,,,,,,,,,,,,,,,,,,,,,,,,,,,,,,,,,,,,,,,,TN,TN
autoland,4767314,1,247a31fb40b3ac0b152bd3554743d742a3892fe3,linux1804-64-shippable-qr,True,False,,,102210fe594ee9b33d82058545b1ed14f4c8206e,id-getter-5.html,perf_reftest_singletons,True,perf_reftest_singletons id-getter-5.html opt e10s fission stylo webrender,4767299,77,ms,firefox,,1701332743,2023-05-26 12:58:50,685.6800000000001,3999253a6a3dc448416b9a73377e8599ca6bd022,1247437,,,,,,,,,,,,,,,,,,,,,,,,,,,,,,,,,,,,,,,,,,,,,,,,,,,,,,,,,,,,,TN,TN
autoland,4767314,1,247a31fb40b3ac0b152bd3554743d742a3892fe3,linux1804-64-shippable-qr,True,False,,,102210fe594ee9b33d82058545b1ed14f4c8206e,id-getter-5.html,perf_reftest_singletons,True,perf_reftest_singletons id-getter-5.html opt e10s fission stylo webrender,4767299,77,ms,firefox,,1701338827,2023-05-26 13:11:40,695.3299999999999,bb19012006135abc7ddd72be3cd269be7ef114b5,1247444,,,,,,,,,,,,,,,,,,,,,,,,,,,,,,,,,,,,,,,,,,,,,,,,,,,,,,,,,,,,,TN,TN
autoland,4767314,1,247a31fb40b3ac0b152bd3554743d742a3892fe3,linux1804-64-shippable-qr,True,False,,,102210fe594ee9b33d82058545b1ed14f4c8206e,id-getter-5.html,perf_reftest_singletons,True,perf_reftest_singletons id-getter-5.html opt e10s fission stylo webrender,4767299,77,ms,firefox,,1701538859,2023-05-26 17:23:29,687.29,8ca2ea7fe36515caaf70ddf90bfd2ee269f059cf,1247619,,,,,,,,,,,,,,,,,,,,,,,,,,,,,,,,,,,,,,,,,,,,,,,,,,,,,,,,,,,,,TN,TN
autoland,4767314,1,247a31fb40b3ac0b152bd3554743d742a3892fe3,linux1804-64-shippable-qr,True,False,,,102210fe594ee9b33d82058545b1ed14f4c8206e,id-getter-5.html,perf_reftest_singletons,True,perf_reftest_singletons id-getter-5.html opt e10s fission stylo webrender,4767299,77,ms,firefox,,1701594858,2023-05-26 19:44:57,671.4300000000001,fc6056442a0fa16146259cb730d4e34a16656952,1247712,,,,,,,,,,,,,,,,,,,,,,,,,,,,,,,,,,,,,,,,,,,,,,,,,,,,,,,,,,,,,TN,TN
autoland,4767314,1,247a31fb40b3ac0b152bd3554743d742a3892fe3,linux1804-64-shippable-qr,True,False,,,102210fe594ee9b33d82058545b1ed14f4c8206e,id-getter-5.html,perf_reftest_singletons,True,perf_reftest_singletons id-getter-5.html opt e10s fission stylo webrender,4767299,77,ms,firefox,,1701720679,2023-05-27 00:56:39,683.1700000000001,b45b68be3f9bae0da4d649a44e60c6cd175f2212,1247879,,,,,,,,,,,,,,,,,,,,,,,,,,,,,,,,,,,,,,,,,,,,,,,,,,,,,,,,,,,,,TN,TN
autoland,4767314,1,247a31fb40b3ac0b152bd3554743d742a3892fe3,linux1804-64-shippable-qr,True,False,,,102210fe594ee9b33d82058545b1ed14f4c8206e,id-getter-5.html,perf_reftest_singletons,True,perf_reftest_singletons id-getter-5.html opt e10s fission stylo webrender,4767299,77,ms,firefox,,1701873328,2023-05-27 11:39:36,678.27,6a941c8c6ff3290e530942915ee97161b670f15d,1247945,,,,,,,,,,,,,,,,,,,,,,,,,,,,,,,,,,,,,,,,,,,,,,,,,,,,,,,,,,,,,TN,TN
autoland,4767314,1,247a31fb40b3ac0b152bd3554743d742a3892fe3,linux1804-64-shippable-qr,True,False,,,102210fe594ee9b33d82058545b1ed14f4c8206e,id-getter-5.html,perf_reftest_singletons,True,perf_reftest_singletons id-getter-5.html opt e10s fission stylo webrender,4767299,77,ms,firefox,,1701911364,2023-05-27 15:52:21,660.66,531a15ae09d49e29c270830e9b873aa625a5a8c2,1247961,,,,,,,,,,,,,,,,,,,,,,,,,,,,,,,,,,,,,,,,,,,,,,,,,,,,,,,,,,,,,TN,TN
autoland,4767314,1,247a31fb40b3ac0b152bd3554743d742a3892fe3,linux1804-64-shippable-qr,True,False,,,102210fe594ee9b33d82058545b1ed14f4c8206e,id-getter-5.html,perf_reftest_singletons,True,perf_reftest_singletons id-getter-5.html opt e10s fission stylo webrender,4767299,77,ms,firefox,,1702035713,2023-05-28 20:46:15,675.98,47f0f49b40361f9c5bde3a5691dc5d65ec1e0061,1248031,,,,,,,,,,,,,,,,,,,,,,,,,,,,,,,,,,,,,,,,,,,,,,,,,,,,,,,,,,,,,TN,TN
autoland,4767314,1,247a31fb40b3ac0b152bd3554743d742a3892fe3,linux1804-64-shippable-qr,True,False,,,102210fe594ee9b33d82058545b1ed14f4c8206e,id-getter-5.html,perf_reftest_singletons,True,perf_reftest_singletons id-getter-5.html opt e10s fission stylo webrender,4767299,77,ms,firefox,,1702067204,2023-05-29 02:12:22,648.84,1f8f2142966233c5d8d437f93d361aa0cc2b36c6,1248080,,,,,,,,,,,,,,,,,,,,,,,,,,,,,,,,,,,,,,,,,,,,,,,,,,,,,,,,,,,,,TN,TN
autoland,4767314,1,247a31fb40b3ac0b152bd3554743d742a3892fe3,linux1804-64-shippable-qr,True,False,,,102210fe594ee9b33d82058545b1ed14f4c8206e,id-getter-5.html,perf_reftest_singletons,True,perf_reftest_singletons id-getter-5.html opt e10s fission stylo webrender,4767299,77,ms,firefox,,1702124927,2023-05-29 06:50:24,748.5699999999999,1565861edeebf64845658a3f48cb89fa4515bb68,1248115,,,,,,,,,,,,,,,,,,,,,,,,,,,,,,,,,,,,,,,,,,,,,,,,,,,,,,,,,,,,,TN,TN
autoland,4767314,1,247a31fb40b3ac0b152bd3554743d742a3892fe3,linux1804-64-shippable-qr,True,False,,,102210fe594ee9b33d82058545b1ed14f4c8206e,id-getter-5.html,perf_reftest_singletons,True,perf_reftest_singletons id-getter-5.html opt e10s fission stylo webrender,4767299,77,ms,firefox,,1702142899,2023-05-29 07:27:55,674.91,31915ad324761c4fe80dac65ca36f070ab2102a2,1248125,,,,,,,,,,,,,,,,,,,,,,,,,,,,,,,,,,,,,,,,,,,,,,,,,,,,,,,,,,,,,TN,TN
autoland,4767314,1,247a31fb40b3ac0b152bd3554743d742a3892fe3,linux1804-64-shippable-qr,True,False,,,102210fe594ee9b33d82058545b1ed14f4c8206e,id-getter-5.html,perf_reftest_singletons,True,perf_reftest_singletons id-getter-5.html opt e10s fission stylo webrender,4767299,77,ms,firefox,,1702316378,2023-05-29 15:52:56,690.01,e1a08bab18008646938a96dfab802d2471fcadc1,1248305,,,,,,,,,,,,,,,,,,,,,,,,,,,,,,,,,,,,,,,,,,,,,,,,,,,,,,,,,,,,,TN,TN
autoland,4767314,1,247a31fb40b3ac0b152bd3554743d742a3892fe3,linux1804-64-shippable-qr,True,False,,,102210fe594ee9b33d82058545b1ed14f4c8206e,id-getter-5.html,perf_reftest_singletons,True,perf_reftest_singletons id-getter-5.html opt e10s fission stylo webrender,4767299,77,ms,firefox,,1702405474,2023-05-29 20:27:32,667.35,496eefc6bee2519ce93df561b640b582e869b964,1248440,,,,,,,,,,,,,,,,,,,,,,,,,,,,,,,,,,,,,,,,,,,,,,,,,,,,,,,,,,,,,TN,TN
autoland,4767314,1,247a31fb40b3ac0b152bd3554743d742a3892fe3,linux1804-64-shippable-qr,True,False,,,102210fe594ee9b33d82058545b1ed14f4c8206e,id-getter-5.html,perf_reftest_singletons,True,perf_reftest_singletons id-getter-5.html opt e10s fission stylo webrender,4767299,77,ms,firefox,,1702389027,2023-05-29 20:34:18,697.67,f7d3e204b0fb015cf0fb51a08403e22986a2ae52,1248445,,,,,,,,,,,,,,,,,,,,,,,,,,,,,,,,,,,,,,,,,,,,,,,,,,,,,,,,,,,,,TN,TN
autoland,4767314,1,247a31fb40b3ac0b152bd3554743d742a3892fe3,linux1804-64-shippable-qr,True,False,,,102210fe594ee9b33d82058545b1ed14f4c8206e,id-getter-5.html,perf_reftest_singletons,True,perf_reftest_singletons id-getter-5.html opt e10s fission stylo webrender,4767299,77,ms,firefox,,1702479927,2023-05-30 01:15:28,684.47,82442b2d56d94c600cca707dd62ab7a19d68bbd2,1248536,,,,,,,,,,,,,,,,,,,,,,,,,,,,,,,,,,,,,,,,,,,,,,,,,,,,,,,,,,,,,TN,TN
autoland,4767314,1,247a31fb40b3ac0b152bd3554743d742a3892fe3,linux1804-64-shippable-qr,True,False,,,102210fe594ee9b33d82058545b1ed14f4c8206e,id-getter-5.html,perf_reftest_singletons,True,perf_reftest_singletons id-getter-5.html opt e10s fission stylo webrender,4767299,77,ms,firefox,,1702571796,2023-05-30 06:58:06,687.9,23a3b1b5a2b78d86456189221e567423206bc00a,1248601,,,,,,,,,,,,,,,,,,,,,,,,,,,,,,,,,,,,,,,,,,,,,,,,,,,,,,,,,,,,,TN,TN
autoland,4767314,1,247a31fb40b3ac0b152bd3554743d742a3892fe3,linux1804-64-shippable-qr,True,False,,,102210fe594ee9b33d82058545b1ed14f4c8206e,id-getter-5.html,perf_reftest_singletons,True,perf_reftest_singletons id-getter-5.html opt e10s fission stylo webrender,4767299,77,ms,firefox,,1702597658,2023-05-30 07:49:46,705.28,64b2487b96b949b3c6a787dfd17210f9998fb42e,1248618,,,,,,,,,,,,,,,,,,,,,,,,,,,,,,,,,,,,,,,,,,,,,,,,,,,,,,,,,,,,,TN,TN
autoland,4767314,1,247a31fb40b3ac0b152bd3554743d742a3892fe3,linux1804-64-shippable-qr,True,False,,,102210fe594ee9b33d82058545b1ed14f4c8206e,id-getter-5.html,perf_reftest_singletons,True,perf_reftest_singletons id-getter-5.html opt e10s fission stylo webrender,4767299,77,ms,firefox,,1702734436,2023-05-30 12:05:20,708.71,121d4440186ece5c7acf444a8879a3818d54fef5,1248752,,,,,,,,,,,,,,,,,,,,,,,,,,,,,,,,,,,,,,,,,,,,,,,,,,,,,,,,,,,,,TN,TN
autoland,4767314,1,247a31fb40b3ac0b152bd3554743d742a3892fe3,linux1804-64-shippable-qr,True,False,,,102210fe594ee9b33d82058545b1ed14f4c8206e,id-getter-5.html,perf_reftest_singletons,True,perf_reftest_singletons id-getter-5.html opt e10s fission stylo webrender,4767299,77,ms,firefox,,1702805709,2023-05-30 15:20:14,676.87,8ddf44b47ed68e786f1ca69913136fe2ddd7f1d2,1248888,,,,,,,,,,,,,,,,,,,,,,,,,,,,,,,,,,,,,,,,,,,,,,,,,,,,,,,,,,,,,TN,TN
autoland,4767314,1,247a31fb40b3ac0b152bd3554743d742a3892fe3,linux1804-64-shippable-qr,True,False,,,102210fe594ee9b33d82058545b1ed14f4c8206e,id-getter-5.html,perf_reftest_singletons,True,perf_reftest_singletons id-getter-5.html opt e10s fission stylo webrender,4767299,77,ms,firefox,,1702902033,2023-05-30 19:20:55,683.55,361a866d206fd695b15823113863d449afb7c87d,1249050,,,,,,,,,,,,,,,,,,,,,,,,,,,,,,,,,,,,,,,,,,,,,,,,,,,,,,,,,,,,,TN,TN
autoland,4767314,1,247a31fb40b3ac0b152bd3554743d742a3892fe3,linux1804-64-shippable-qr,True,False,,,102210fe594ee9b33d82058545b1ed14f4c8206e,id-getter-5.html,perf_reftest_singletons,True,perf_reftest_singletons id-getter-5.html opt e10s fission stylo webrender,4767299,77,ms,firefox,,1702916272,2023-05-30 19:21:44,665.15,f9dad80c02c9517d8cb38311989dab88f1236015,1249051,,,,,,,,,,,,,,,,,,,,,,,,,,,,,,,,,,,,,,,,,,,,,,,,,,,,,,,,,,,,,TN,TN
autoland,4767314,1,247a31fb40b3ac0b152bd3554743d742a3892fe3,linux1804-64-shippable-qr,True,False,,,102210fe594ee9b33d82058545b1ed14f4c8206e,id-getter-5.html,perf_reftest_singletons,True,perf_reftest_singletons id-getter-5.html opt e10s fission stylo webrender,4767299,77,ms,firefox,,1703035300,2023-05-30 22:16:30,709.15,0ea1f0bff41ab8b0e92e4f35f3d6eaf801ad3fc0,1249172,,,,,,,,,,,,,,,,,,,,,,,,,,,,,,,,,,,,,,,,,,,,,,,,,,,,,,,,,,,,,TN,TN
autoland,4767314,1,247a31fb40b3ac0b152bd3554743d742a3892fe3,linux1804-64-shippable-qr,True,False,,,102210fe594ee9b33d82058545b1ed14f4c8206e,id-getter-5.html,perf_reftest_singletons,True,perf_reftest_singletons id-getter-5.html opt e10s fission stylo webrender,4767299,77,ms,firefox,,1703142220,2023-05-31 02:21:54,673.96,40997d8c121ee054ffe5df2c1a10d3a392f78c3c,1249255,,,,,,,,,,,,,,,,,,,,,,,,,,,,,,,,,,,,,,,,,,,,,,,,,,,,,,,,,,,,,TN,TN
autoland,4767314,1,247a31fb40b3ac0b152bd3554743d742a3892fe3,linux1804-64-shippable-qr,True,False,,,102210fe594ee9b33d82058545b1ed14f4c8206e,id-getter-5.html,perf_reftest_singletons,True,perf_reftest_singletons id-getter-5.html opt e10s fission stylo webrender,4767299,77,ms,firefox,,1703382953,2023-05-31 09:56:26,646.1800000000001,2317c21d7aeb68528ec7946980e7ca68d74c451a,1249439,,,,,,,,,,,,,,,,,,,,,,,,,,,,,,,,,,,,,,,,,,,,,,,,,,,,,,,,,,,,,TN,TN
autoland,4767314,1,247a31fb40b3ac0b152bd3554743d742a3892fe3,linux1804-64-shippable-qr,True,False,,,102210fe594ee9b33d82058545b1ed14f4c8206e,id-getter-5.html,perf_reftest_singletons,True,perf_reftest_singletons id-getter-5.html opt e10s fission stylo webrender,4767299,77,ms,firefox,,1703667797,2023-05-31 14:02:33,673.24,7d2ea0789fc8c8538febac2643670ed4a46de087,1249550,,,,,,,,,,,,,,,,,,,,,,,,,,,,,,,,,,,,,,,,,,,,,,,,,,,,,,,,,,,,,TN,TN
autoland,4767314,1,247a31fb40b3ac0b152bd3554743d742a3892fe3,linux1804-64-shippable-qr,True,False,,,102210fe594ee9b33d82058545b1ed14f4c8206e,id-getter-5.html,perf_reftest_singletons,True,perf_reftest_singletons id-getter-5.html opt e10s fission stylo webrender,4767299,77,ms,firefox,,1703732824,2023-05-31 15:08:35,697.46,513ac812d28fbd668a0b4216f4f52aef38b29501,1249582,,,,,,,,,,,,,,,,,,,,,,,,,,,,,,,,,,,,,,,,,,,,,,,,,,,,,,,,,,,,,TN,TN
autoland,4767314,1,247a31fb40b3ac0b152bd3554743d742a3892fe3,linux1804-64-shippable-qr,True,False,,,102210fe594ee9b33d82058545b1ed14f4c8206e,id-getter-5.html,perf_reftest_singletons,True,perf_reftest_singletons id-getter-5.html opt e10s fission stylo webrender,4767299,77,ms,firefox,,1703848368,2023-05-31 17:22:12,679.77,b1a1fe06a88b8bdb3f1c5564d12f6798261f34f8,1249712,,,,,,,,,,,,,,,,,,,,,,,,,,,,,,,,,,,,,,,,,,,,,,,,,,,,,,,,,,,,,TN,TN
autoland,4767314,1,247a31fb40b3ac0b152bd3554743d742a3892fe3,linux1804-64-shippable-qr,True,False,,,102210fe594ee9b33d82058545b1ed14f4c8206e,id-getter-5.html,perf_reftest_singletons,True,perf_reftest_singletons id-getter-5.html opt e10s fission stylo webrender,4767299,77,ms,firefox,,1703979501,2023-05-31 20:28:19,677.4300000000001,acd631722a01cb363c4967477af9f240d35cd218,1249881,,,,,,,,,,,,,,,,,,,,,,,,,,,,,,,,,,,,,,,,,,,,,,,,,,,,,,,,,,,,,TN,TN
autoland,4767314,1,247a31fb40b3ac0b152bd3554743d742a3892fe3,linux1804-64-shippable-qr,True,False,,,102210fe594ee9b33d82058545b1ed14f4c8206e,id-getter-5.html,perf_reftest_singletons,True,perf_reftest_singletons id-getter-5.html opt e10s fission stylo webrender,4767299,77,ms,firefox,,1704123142,2023-05-31 23:35:37,695.8199999999999,69cd9d943489100b8424cf1b19b0646cbc9c317c,1250055,,,,,,,,,,,,,,,,,,,,,,,,,,,,,,,,,,,,,,,,,,,,,,,,,,,,,,,,,,,,,TN,TN
autoland,4767314,1,247a31fb40b3ac0b152bd3554743d742a3892fe3,linux1804-64-shippable-qr,True,False,,,102210fe594ee9b33d82058545b1ed14f4c8206e,id-getter-5.html,perf_reftest_singletons,True,perf_reftest_singletons id-getter-5.html opt e10s fission stylo webrender,4767299,77,ms,firefox,,1704228296,2023-06-01 03:44:27,681.69,5d6127a9b7ed37774d6403efd4ee1ec813503592,1250134,,,,,,,,,,,,,,,,,,,,,,,,,,,,,,,,,,,,,,,,,,,,,,,,,,,,,,,,,,,,,TN,TN
autoland,4767314,1,247a31fb40b3ac0b152bd3554743d742a3892fe3,linux1804-64-shippable-qr,True,False,,,102210fe594ee9b33d82058545b1ed14f4c8206e,id-getter-5.html,perf_reftest_singletons,True,perf_reftest_singletons id-getter-5.html opt e10s fission stylo webrender,4767299,77,ms,firefox,,1704337209,2023-06-01 08:18:01,682.0799999999999,310a02cb1216c0fafadcbc049aac0875871eab96,1250206,,,,,,,,,,,,,,,,,,,,,,,,,,,,,,,,,,,,,,,,,,,,,,,,,,,,,,,,,,,,,TN,TN
autoland,4767314,1,247a31fb40b3ac0b152bd3554743d742a3892fe3,linux1804-64-shippable-qr,True,False,,,102210fe594ee9b33d82058545b1ed14f4c8206e,id-getter-5.html,perf_reftest_singletons,True,perf_reftest_singletons id-getter-5.html opt e10s fission stylo webrender,4767299,77,ms,firefox,,1704404989,2023-06-01 09:51:53,693.21,3ee1184f75ef01c3b8b3acb826d84a189cac75ce,1250243,,,,,,,,,,,,,,,,,,,,,,,,,,,,,,,,,,,,,,,,,,,,,,,,,,,,,,,,,,,,,TN,TN
autoland,4767314,1,247a31fb40b3ac0b152bd3554743d742a3892fe3,linux1804-64-shippable-qr,True,False,,,102210fe594ee9b33d82058545b1ed14f4c8206e,id-getter-5.html,perf_reftest_singletons,True,perf_reftest_singletons id-getter-5.html opt e10s fission stylo webrender,4767299,77,ms,firefox,,1704590618,2023-06-01 13:54:39,681.1500000000001,01e7e891e3d0793f8a185fe99b6f8cc9c6ffa74e,1250379,,,,,,,,,,,,,,,,,,,,,,,,,,,,,,,,,,,,,,,,,,,,,,,,,,,,,,,,,,,,,TN,TN
autoland,4767314,1,247a31fb40b3ac0b152bd3554743d742a3892fe3,linux1804-64-shippable-qr,True,False,,,102210fe594ee9b33d82058545b1ed14f4c8206e,id-getter-5.html,perf_reftest_singletons,True,perf_reftest_singletons id-getter-5.html opt e10s fission stylo webrender,4767299,77,ms,firefox,,1704752734,2023-06-01 19:53:44,703.94,ae0f513f1d25aef3f79ad009b5f2dd7407536827,1250634,,,,,,,,,,,,,,,,,,,,,,,,,,,,,,,,,,,,,,,,,,,,,,,,,,,,,,,,,,,,,TN,TN
autoland,4767314,1,247a31fb40b3ac0b152bd3554743d742a3892fe3,linux1804-64-shippable-qr,True,False,,,102210fe594ee9b33d82058545b1ed14f4c8206e,id-getter-5.html,perf_reftest_singletons,True,perf_reftest_singletons id-getter-5.html opt e10s fission stylo webrender,4767299,77,ms,firefox,,1704816907,2023-06-01 21:35:55,685.99,9718fca142ae7765c8ca6c3616fab6e303225556,1250675,,,,,,,,,,,,,,,,,,,,,,,,,,,,,,,,,,,,,,,,,,,,,,,,,,,,,,,,,,,,,TN,TN
autoland,4767314,1,247a31fb40b3ac0b152bd3554743d742a3892fe3,linux1804-64-shippable-qr,True,False,,,102210fe594ee9b33d82058545b1ed14f4c8206e,id-getter-5.html,perf_reftest_singletons,True,perf_reftest_singletons id-getter-5.html opt e10s fission stylo webrender,4767299,77,ms,firefox,,1704905584,2023-06-02 02:04:00,679.7,c365694efc9c7ac4c2c010f9dc97afb7c80107ee,1250783,,,,,,,,,,,,,,,,,,,,,,,,,,,,,,,,,,,,,,,,,,,,,,,,,,,,,,,,,,,,,TN,TN
autoland,4767314,1,247a31fb40b3ac0b152bd3554743d742a3892fe3,linux1804-64-shippable-qr,True,False,,,102210fe594ee9b33d82058545b1ed14f4c8206e,id-getter-5.html,perf_reftest_singletons,True,perf_reftest_singletons id-getter-5.html opt e10s fission stylo webrender,4767299,77,ms,firefox,,1705147055,2023-06-02 12:19:13,686.3599999999999,5d642eb9394b5f5e9e9f0a4b6be492055e341e31,1250979,,,,,,,,,,,,,,,,,,,,,,,,,,,,,,,,,,,,,,,,,,,,,,,,,,,,,,,,,,,,,TN,TN
autoland,4767314,1,247a31fb40b3ac0b152bd3554743d742a3892fe3,linux1804-64-shippable-qr,True,False,,,102210fe594ee9b33d82058545b1ed14f4c8206e,id-getter-5.html,perf_reftest_singletons,True,perf_reftest_singletons id-getter-5.html opt e10s fission stylo webrender,4767299,77,ms,firefox,,1705174620,2023-06-02 13:27:34,679.11,e2c71d0ed1e8bb2b9752f78b13c31171d5dde3a9,1251019,,,,,,,,,,,,,,,,,,,,,,,,,,,,,,,,,,,,,,,,,,,,,,,,,,,,,,,,,,,,,TN,TN
autoland,4767314,1,247a31fb40b3ac0b152bd3554743d742a3892fe3,linux1804-64-shippable-qr,True,False,,,102210fe594ee9b33d82058545b1ed14f4c8206e,id-getter-5.html,perf_reftest_singletons,True,perf_reftest_singletons id-getter-5.html opt e10s fission stylo webrender,4767299,77,ms,firefox,,1705277099,2023-06-02 17:59:13,688.78,ad7e9e56836f2bd7e0668d322719f548e825a685,1251185,,,,,,,,,,,,,,,,,,,,,,,,,,,,,,,,,,,,,,,,,,,,,,,,,,,,,,,,,,,,,TN,TN
autoland,4767314,1,247a31fb40b3ac0b152bd3554743d742a3892fe3,linux1804-64-shippable-qr,True,False,,,102210fe594ee9b33d82058545b1ed14f4c8206e,id-getter-5.html,perf_reftest_singletons,True,perf_reftest_singletons id-getter-5.html opt e10s fission stylo webrender,4767299,77,ms,firefox,,1705265285,2023-06-02 18:03:52,690.53,8c3b1c60fde747fcb4e3421062a37b829d6acb9f,1251187,,,,,,,,,,,,,,,,,,,,,,,,,,,,,,,,,,,,,,,,,,,,,,,,,,,,,,,,,,,,,TN,TN
autoland,4767314,1,247a31fb40b3ac0b152bd3554743d742a3892fe3,linux1804-64-shippable-qr,True,False,,,102210fe594ee9b33d82058545b1ed14f4c8206e,id-getter-5.html,perf_reftest_singletons,True,perf_reftest_singletons id-getter-5.html opt e10s fission stylo webrender,4767299,77,ms,firefox,,1705373979,2023-06-02 22:18:32,697.3900000000001,b9f63a24bc677e4c6a1f9bc801c2e3bf44dbd6e8,1251308,,,,,,,,,,,,,,,,,,,,,,,,,,,,,,,,,,,,,,,,,,,,,,,,,,,,,,,,,,,,,TN,TN
autoland,4767314,1,247a31fb40b3ac0b152bd3554743d742a3892fe3,linux1804-64-shippable-qr,True,False,,,102210fe594ee9b33d82058545b1ed14f4c8206e,id-getter-5.html,perf_reftest_singletons,True,perf_reftest_singletons id-getter-5.html opt e10s fission stylo webrender,4767299,77,ms,firefox,,1705436397,2023-06-03 05:40:17,693.41,64bce9d136ae9b4bd5482515721d6daf2da53dc3,1251358,,,,,,,,,,,,,,,,,,,,,,,,,,,,,,,,,,,,,,,,,,,,,,,,,,,,,,,,,,,,,TN,TN
autoland,4767314,1,247a31fb40b3ac0b152bd3554743d742a3892fe3,linux1804-64-shippable-qr,True,False,,,102210fe594ee9b33d82058545b1ed14f4c8206e,id-getter-5.html,perf_reftest_singletons,True,perf_reftest_singletons id-getter-5.html opt e10s fission stylo webrender,4767299,77,ms,firefox,,1705514279,2023-06-03 14:24:38,674.64,7bc8c25b2935765c57adc63333c221bbe5067831,1251409,,,,,,,,,,,,,,,,,,,,,,,,,,,,,,,,,,,,,,,,,,,,,,,,,,,,,,,,,,,,,TN,TN
autoland,4767314,1,247a31fb40b3ac0b152bd3554743d742a3892fe3,linux1804-64-shippable-qr,True,False,,,102210fe594ee9b33d82058545b1ed14f4c8206e,id-getter-5.html,perf_reftest_singletons,True,perf_reftest_singletons id-getter-5.html opt e10s fission stylo webrender,4767299,77,ms,firefox,,1705582390,2023-06-03 23:39:13,694.96,b8f06acca6bf62e32647496ed613012fa4c27e9e,1251453,,,,,,,,,,,,,,,,,,,,,,,,,,,,,,,,,,,,,,,,,,,,,,,,,,,,,,,,,,,,,TN,TN
autoland,4767314,1,247a31fb40b3ac0b152bd3554743d742a3892fe3,linux1804-64-shippable-qr,True,False,,,102210fe594ee9b33d82058545b1ed14f4c8206e,id-getter-5.html,perf_reftest_singletons,True,perf_reftest_singletons id-getter-5.html opt e10s fission stylo webrender,4767299,77,ms,firefox,,1705665174,2023-06-04 11:53:44,728.66,00802389f336283602445d4f08e53b8bd09b43eb,1251481,,,,,,,,,,,,,,,,,,,,,,,,,,,,,,,,,,,,,,,,,,,,,,,,,,,,,,,,,,,,,TN,TN
autoland,4767314,1,247a31fb40b3ac0b152bd3554743d742a3892fe3,linux1804-64-shippable-qr,True,False,,,102210fe594ee9b33d82058545b1ed14f4c8206e,id-getter-5.html,perf_reftest_singletons,True,perf_reftest_singletons id-getter-5.html opt e10s fission stylo webrender,4767299,77,ms,firefox,,1705705065,2023-06-04 20:28:08,709.5,eeba3a3c20a4dc53210a44734b25d2c0870b6523,1251514,,,,,,,,,,,,,,,,,,,,,,,,,,,,,,,,,,,,,,,,,,,,,,,,,,,,,,,,,,,,,TN,TN
autoland,4767314,1,247a31fb40b3ac0b152bd3554743d742a3892fe3,linux1804-64-shippable-qr,True,False,,,102210fe594ee9b33d82058545b1ed14f4c8206e,id-getter-5.html,perf_reftest_singletons,True,perf_reftest_singletons id-getter-5.html opt e10s fission stylo webrender,4767299,77,ms,firefox,,1705753537,2023-06-05 03:24:10,700.3100000000001,f8fa7749f7bdc93fa3491918a4e8b0fb4db659eb,1251552,,,,,,,,,,,,,,,,,,,,,,,,,,,,,,,,,,,,,,,,,,,,,,,,,,,,,,,,,,,,,TN,TN
autoland,4767314,1,247a31fb40b3ac0b152bd3554743d742a3892fe3,linux1804-64-shippable-qr,True,False,,,102210fe594ee9b33d82058545b1ed14f4c8206e,id-getter-5.html,perf_reftest_singletons,True,perf_reftest_singletons id-getter-5.html opt e10s fission stylo webrender,4767299,77,ms,firefox,,1705787635,2023-06-05 08:05:57,680.8299999999999,61d4558543daf8b284b3194aba84289d6e31ad2f,1251588,,,,,,,,,,,,,,,,,,,,,,,,,,,,,,,,,,,,,,,,,,,,,,,,,,,,,,,,,,,,,TN,TN
autoland,4767314,1,247a31fb40b3ac0b152bd3554743d742a3892fe3,linux1804-64-shippable-qr,True,False,,,102210fe594ee9b33d82058545b1ed14f4c8206e,id-getter-5.html,perf_reftest_singletons,True,perf_reftest_singletons id-getter-5.html opt e10s fission stylo webrender,4767299,77,ms,firefox,,1705896826,2023-06-05 12:01:26,679.54,00af548d93acc8c2c3ab652a04c882e3a80476a9,1251712,,,,,,,,,,,,,,,,,,,,,,,,,,,,,,,,,,,,,,,,,,,,,,,,,,,,,,,,,,,,,TN,TN
autoland,4767314,1,247a31fb40b3ac0b152bd3554743d742a3892fe3,linux1804-64-shippable-qr,True,False,,,102210fe594ee9b33d82058545b1ed14f4c8206e,id-getter-5.html,perf_reftest_singletons,True,perf_reftest_singletons id-getter-5.html opt e10s fission stylo webrender,4767299,77,ms,firefox,,1706022241,2023-06-05 16:13:31,681.06,c8df8c0bde6047b8fe23c9716940cbc1c07c2a65,1251888,,,,,,,,,,,,,,,,,,,,,,,,,,,,,,,,,,,,,,,,,,,,,,,,,,,,,,,,,,,,,TN,TN
autoland,4767314,1,247a31fb40b3ac0b152bd3554743d742a3892fe3,linux1804-64-shippable-qr,True,False,,,102210fe594ee9b33d82058545b1ed14f4c8206e,id-getter-5.html,perf_reftest_singletons,True,perf_reftest_singletons id-getter-5.html opt e10s fission stylo webrender,4767299,77,ms,firefox,,1706059617,2023-06-05 16:43:43,706.64,03d635b2bdb2041550924e64dc0dd20abf4499f9,1251915,,,,,,,,,,,,,,,,,,,,,,,,,,,,,,,,,,,,,,,,,,,,,,,,,,,,,,,,,,,,,TN,TN
autoland,4767314,1,247a31fb40b3ac0b152bd3554743d742a3892fe3,linux1804-64-shippable-qr,True,False,,,102210fe594ee9b33d82058545b1ed14f4c8206e,id-getter-5.html,perf_reftest_singletons,True,perf_reftest_singletons id-getter-5.html opt e10s fission stylo webrender,4767299,77,ms,firefox,,1706161250,2023-06-05 20:14:05,704.21,d73c2643092115d9b5859c16e121e421656264bc,1252060,,,,,,,,,,,,,,,,,,,,,,,,,,,,,,,,,,,,,,,,,,,,,,,,,,,,,,,,,,,,,TN,TN
autoland,4767314,1,247a31fb40b3ac0b152bd3554743d742a3892fe3,linux1804-64-shippable-qr,True,False,,,102210fe594ee9b33d82058545b1ed14f4c8206e,id-getter-5.html,perf_reftest_singletons,True,perf_reftest_singletons id-getter-5.html opt e10s fission stylo webrender,4767299,77,ms,firefox,,1706255064,2023-06-05 22:25:10,673.74,3a79e9a1c11da81af50cfb6e535537b5e8e7ce9f,1252165,,,,,,,,,,,,,,,,,,,,,,,,,,,,,,,,,,,,,,,,,,,,,,,,,,,,,,,,,,,,,TN,TN
autoland,4767314,1,247a31fb40b3ac0b152bd3554743d742a3892fe3,linux1804-64-shippable-qr,True,False,,,102210fe594ee9b33d82058545b1ed14f4c8206e,id-getter-5.html,perf_reftest_singletons,True,perf_reftest_singletons id-getter-5.html opt e10s fission stylo webrender,4767299,77,ms,firefox,,1706419198,2023-06-06 07:45:19,673.04,7974ac7e053aa00b02c6b9405b4fe87e6729456d,1252336,,,,,,,,,,,,,,,,,,,,,,,,,,,,,,,,,,,,,,,,,,,,,,,,,,,,,,,,,,,,,TN,TN
autoland,4767314,1,247a31fb40b3ac0b152bd3554743d742a3892fe3,linux1804-64-shippable-qr,True,False,,,102210fe594ee9b33d82058545b1ed14f4c8206e,id-getter-5.html,perf_reftest_singletons,True,perf_reftest_singletons id-getter-5.html opt e10s fission stylo webrender,4767299,77,ms,firefox,,1706591950,2023-06-06 12:19:14,657.62,847d7aa42cbef71e48427dda557da27be7b8a938,1252475,,,,,,,,,,,,,,,,,,,,,,,,,,,,,,,,,,,,,,,,,,,,,,,,,,,,,,,,,,,,,TN,TN
autoland,4767314,1,247a31fb40b3ac0b152bd3554743d742a3892fe3,linux1804-64-shippable-qr,True,False,,,102210fe594ee9b33d82058545b1ed14f4c8206e,id-getter-5.html,perf_reftest_singletons,True,perf_reftest_singletons id-getter-5.html opt e10s fission stylo webrender,4767299,77,ms,firefox,,1706682742,2023-06-06 15:07:26,675.72,51ecbed77cf45640a921f61934b70efadfb58982,1252589,,,,,,,,,,,,,,,,,,,,,,,,,,,,,,,,,,,,,,,,,,,,,,,,,,,,,,,,,,,,,TN,TN
autoland,4767314,1,247a31fb40b3ac0b152bd3554743d742a3892fe3,linux1804-64-shippable-qr,True,False,,,102210fe594ee9b33d82058545b1ed14f4c8206e,id-getter-5.html,perf_reftest_singletons,True,perf_reftest_singletons id-getter-5.html opt e10s fission stylo webrender,4767299,77,ms,firefox,,1706844502,2023-06-06 19:22:50,679.75,3e7d709ab2a3a86ff58f4406faa05e738ca49ec9,1252721,,,,,,,,,,,,,,,,,,,,,,,,,,,,,,,,,,,,,,,,,,,,,,,,,,,,,,,,,,,,,TN,TN
autoland,4767314,1,247a31fb40b3ac0b152bd3554743d742a3892fe3,linux1804-64-shippable-qr,True,False,,,102210fe594ee9b33d82058545b1ed14f4c8206e,id-getter-5.html,perf_reftest_singletons,True,perf_reftest_singletons id-getter-5.html opt e10s fission stylo webrender,4767299,77,ms,firefox,,1706877657,2023-06-06 19:49:29,663.77,9a56830b39f8d6802cef3772f81535d5f7bd475c,1252741,,,,,,,,,,,,,,,,,,,,,,,,,,,,,,,,,,,,,,,,,,,,,,,,,,,,,,,,,,,,,TN,TN
autoland,4767314,1,247a31fb40b3ac0b152bd3554743d742a3892fe3,linux1804-64-shippable-qr,True,False,,,102210fe594ee9b33d82058545b1ed14f4c8206e,id-getter-5.html,perf_reftest_singletons,True,perf_reftest_singletons id-getter-5.html opt e10s fission stylo webrender,4767299,77,ms,firefox,,1706951220,2023-06-06 22:47:19,690.82,3a8e0dd854b5d9349d96a17de81427442d412db9,1252831,,,,,,,,,,,,,,,,,,,,,,,,,,,,,,,,,,,,,,,,,,,,,,,,,,,,,,,,,,,,,TN,TN
autoland,4767314,1,247a31fb40b3ac0b152bd3554743d742a3892fe3,linux1804-64-shippable-qr,True,False,,,102210fe594ee9b33d82058545b1ed14f4c8206e,id-getter-5.html,perf_reftest_singletons,True,perf_reftest_singletons id-getter-5.html opt e10s fission stylo webrender,4767299,77,ms,firefox,,1707055656,2023-06-07 02:52:45,704.2,714383968fdbbcb6ef5ff4fc599e11ae386d09ce,1252906,,,,,,,,,,,,,,,,,,,,,,,,,,,,,,,,,,,,,,,,,,,,,,,,,,,,,,,,,,,,,TN,TN
autoland,4767314,1,247a31fb40b3ac0b152bd3554743d742a3892fe3,linux1804-64-shippable-qr,True,False,,,102210fe594ee9b33d82058545b1ed14f4c8206e,id-getter-5.html,perf_reftest_singletons,True,perf_reftest_singletons id-getter-5.html opt e10s fission stylo webrender,4767299,77,ms,firefox,,1707203237,2023-06-07 06:55:53,682.27,29928f29c7a08d81bf5a480f4678c4c90b0abc68,1252967,,,,,,,,,,,,,,,,,,,,,,,,,,,,,,,,,,,,,,,,,,,,,,,,,,,,,,,,,,,,,TN,TN
autoland,4767314,1,247a31fb40b3ac0b152bd3554743d742a3892fe3,linux1804-64-shippable-qr,True,False,,,102210fe594ee9b33d82058545b1ed14f4c8206e,id-getter-5.html,perf_reftest_singletons,True,perf_reftest_singletons id-getter-5.html opt e10s fission stylo webrender,4767299,77,ms,firefox,,1707303756,2023-06-07 11:44:03,727.35,5c2039dcc9e34d981b3343ed3819d1f65ef07909,1253076,,,,,,,,,,,,,,,,,,,,,,,,,,,,,,,,,,,,,,,,,,,,,,,,,,,,,,,,,,,,,TN,TN
autoland,4767314,1,247a31fb40b3ac0b152bd3554743d742a3892fe3,linux1804-64-shippable-qr,True,False,,,102210fe594ee9b33d82058545b1ed14f4c8206e,id-getter-5.html,perf_reftest_singletons,True,perf_reftest_singletons id-getter-5.html opt e10s fission stylo webrender,4767299,77,ms,firefox,,1707344176,2023-06-07 13:36:12,691.8199999999999,ed7804ffc016687db27f68ab46e27c0ffefda3af,1253119,,,,,,,,,,,,,,,,,,,,,,,,,,,,,,,,,,,,,,,,,,,,,,,,,,,,,,,,,,,,,TN,TN
autoland,4767314,1,247a31fb40b3ac0b152bd3554743d742a3892fe3,linux1804-64-shippable-qr,True,False,,,102210fe594ee9b33d82058545b1ed14f4c8206e,id-getter-5.html,perf_reftest_singletons,True,perf_reftest_singletons id-getter-5.html opt e10s fission stylo webrender,4767299,77,ms,firefox,,1707430978,2023-06-07 16:40:09,688.96,1e9ddd307894fd2055ca49dcaa461478d0acea9e,1253256,,,,,,,,,,,,,,,,,,,,,,,,,,,,,,,,,,,,,,,,,,,,,,,,,,,,,,,,,,,,,TN,TN
autoland,4767314,1,247a31fb40b3ac0b152bd3554743d742a3892fe3,linux1804-64-shippable-qr,True,False,,,102210fe594ee9b33d82058545b1ed14f4c8206e,id-getter-5.html,perf_reftest_singletons,True,perf_reftest_singletons id-getter-5.html opt e10s fission stylo webrender,4767299,77,ms,firefox,,1707560504,2023-06-07 20:51:47,726.18,d777b008615418be897668f8099b9e68f6666a3c,1253401,,,,,,,,,,,,,,,,,,,,,,,,,,,,,,,,,,,,,,,,,,,,,,,,,,,,,,,,,,,,,TN,TN
autoland,4767314,1,247a31fb40b3ac0b152bd3554743d742a3892fe3,linux1804-64-shippable-qr,True,False,,,102210fe594ee9b33d82058545b1ed14f4c8206e,id-getter-5.html,perf_reftest_singletons,True,perf_reftest_singletons id-getter-5.html opt e10s fission stylo webrender,4767299,77,ms,firefox,,1707636016,2023-06-07 22:54:42,682.24,c18688c9011d0dc50b79d2f830dbf323c8c75604,1253472,,,,,,,,,,,,,,,,,,,,,,,,,,,,,,,,,,,,,,,,,,,,,,,,,,,,,,,,,,,,,TN,TN
autoland,4767314,1,247a31fb40b3ac0b152bd3554743d742a3892fe3,linux1804-64-shippable-qr,True,False,,,102210fe594ee9b33d82058545b1ed14f4c8206e,id-getter-5.html,perf_reftest_singletons,True,perf_reftest_singletons id-getter-5.html opt e10s fission stylo webrender,4767299,77,ms,firefox,,1709280856,2023-06-07 23:27:07,677.5999999999999,8d2b1e733b506c2aa6eec6f498fb950ba21ed4d7,1253493,,,,,,,,,,,,,,,,,,,,,,,,,,,,,,,,,,,,,,,,,,,,,,,,,,,,,,,,,,,,,TN,TN
autoland,4767314,1,247a31fb40b3ac0b152bd3554743d742a3892fe3,linux1804-64-shippable-qr,True,False,,,102210fe594ee9b33d82058545b1ed14f4c8206e,id-getter-5.html,perf_reftest_singletons,True,perf_reftest_singletons id-getter-5.html opt e10s fission stylo webrender,4767299,77,ms,firefox,,1709278962,2023-06-08 00:09:23,683.8599999999999,d7616232740d98904aa4ef6fc6940308faec0846,1253514,,,,,,,,,,,,,,,,,,,,,,,,,,,,,,,,,,,,,,,,,,,,,,,,,,,,,,,,,,,,,TN,TN
autoland,4767314,1,247a31fb40b3ac0b152bd3554743d742a3892fe3,linux1804-64-shippable-qr,True,False,,,102210fe594ee9b33d82058545b1ed14f4c8206e,id-getter-5.html,perf_reftest_singletons,True,perf_reftest_singletons id-getter-5.html opt e10s fission stylo webrender,4767299,77,ms,firefox,,1709266948,2023-06-08 00:18:49,690.22,8676cb5ae56b68f2978f3077163c1aee6deda801,1253523,,,,,,,,,,,,,,,,,,,,,,,,,,,,,,,,,,,,,,,,,,,,,,,,,,,,,,,,,,,,,TN,TN
autoland,4767314,1,247a31fb40b3ac0b152bd3554743d742a3892fe3,linux1804-64-shippable-qr,True,False,,,102210fe594ee9b33d82058545b1ed14f4c8206e,id-getter-5.html,perf_reftest_singletons,True,perf_reftest_singletons id-getter-5.html opt e10s fission stylo webrender,4767299,77,ms,firefox,,1709278531,2023-06-08 00:35:16,680.4000000000001,38223a5468bb2b7e280f1f85ec7cd63161bb66da,1253534,,,,,,,,,,,,,,,,,,,,,,,,,,,,,,,,,,,,,,,,,,,,,,,,,,,,,,,,,,,,,TN,TN
autoland,4767314,1,247a31fb40b3ac0b152bd3554743d742a3892fe3,linux1804-64-shippable-qr,True,False,,,102210fe594ee9b33d82058545b1ed14f4c8206e,id-getter-5.html,perf_reftest_singletons,True,perf_reftest_singletons id-getter-5.html opt e10s fission stylo webrender,4767299,77,ms,firefox,,1709268710,2023-06-08 01:20:23,705.3599999999999,ae3297a52338b10fabe0751d18510a1d0984bd6a,1253551,,,,,,,,,,,,,,,,,,,,,,,,,,,,,,,,,,,,,,,,,,,,,,,,,,,,,,,,,,,,,TN,TN
autoland,4767314,1,247a31fb40b3ac0b152bd3554743d742a3892fe3,linux1804-64-shippable-qr,True,False,,,102210fe594ee9b33d82058545b1ed14f4c8206e,id-getter-5.html,perf_reftest_singletons,True,perf_reftest_singletons id-getter-5.html opt e10s fission stylo webrender,4767299,77,ms,firefox,,1707776347,2023-06-08 03:47:09,675.34,2b2fb0c1bd13f27bbd5094192791600a5e261c4b,1253596,,,,,,,,,,,,,,,,,,,,,,,,,,,,,,,,,,,,,,,,,,,,,,,,,,,,,,,,,,,,,TN,TN
autoland,4767314,1,247a31fb40b3ac0b152bd3554743d742a3892fe3,linux1804-64-shippable-qr,True,False,,,102210fe594ee9b33d82058545b1ed14f4c8206e,id-getter-5.html,perf_reftest_singletons,True,perf_reftest_singletons id-getter-5.html opt e10s fission stylo webrender,4767299,77,ms,firefox,,1709280002,2023-06-08 06:00:44,679.55,e7d45a4cb7431d3fb28bd2ad600c571c9859cd5d,1253619,,,,,,,,,,,,,,,,,,,,,,,,,,,,,,,,,,,,,,,,,,,,,,,,,,,,,,,,,,,,,TN,TN
autoland,4767314,1,247a31fb40b3ac0b152bd3554743d742a3892fe3,linux1804-64-shippable-qr,True,False,,,102210fe594ee9b33d82058545b1ed14f4c8206e,id-getter-5.html,perf_reftest_singletons,True,perf_reftest_singletons id-getter-5.html opt e10s fission stylo webrender,4767299,77,ms,firefox,,1709278849,2023-06-08 06:02:01,636.58,4013650c8887fdf8aa5c205a87a95da9e6112631,1253620,,,,,,,,,,,,,,,,,,,,,,,,,,,,,,,,,,,,,,,,,,,,,,,,,,,,,,,,,,,,,TN,TN
autoland,4767314,1,247a31fb40b3ac0b152bd3554743d742a3892fe3,linux1804-64-shippable-qr,True,False,,,102210fe594ee9b33d82058545b1ed14f4c8206e,id-getter-5.html,perf_reftest_singletons,True,perf_reftest_singletons id-getter-5.html opt e10s fission stylo webrender,4767299,77,ms,firefox,,1709280225,2023-06-08 06:02:51,693.0799999999999,b4107d979cbe0f7a4c9f729940c6fe0b4c2904e7,1253622,,,,,,,,,,,,,,,,,,,,,,,,,,,,,,,,,,,,,,,,,,,,,,,,,,,,,,,,,,,,,TN,TN
autoland,4767314,1,247a31fb40b3ac0b152bd3554743d742a3892fe3,linux1804-64-shippable-qr,True,False,,,102210fe594ee9b33d82058545b1ed14f4c8206e,id-getter-5.html,perf_reftest_singletons,True,perf_reftest_singletons id-getter-5.html opt e10s fission stylo webrender,4767299,77,ms,firefox,,1707833290,2023-06-08 06:27:32,680.96,d588d40904f7880592d27c083cb64d31864340cb,1253626,,,,,,,,,,,,,,,,,,,,,,,,,,,,,,,,,,,,,,,,,,,,,,,,,,,,,,,,,,,,,TN,TN
autoland,4767314,1,247a31fb40b3ac0b152bd3554743d742a3892fe3,linux1804-64-shippable-qr,True,False,,,102210fe594ee9b33d82058545b1ed14f4c8206e,id-getter-5.html,perf_reftest_singletons,True,perf_reftest_singletons id-getter-5.html opt e10s fission stylo webrender,4767299,77,ms,firefox,,1709960389,2023-06-08 08:05:38,665.78,7e4a4a92e121f5987d2d16e2344ae4c05144fa4a,1253670,,,,,,,,,,,,,,,,,,,,,,,,,,,,,,,,,,,,,,,,,,,,,,,,,,,,,,,,,,,,,TN,TN
autoland,4767314,1,247a31fb40b3ac0b152bd3554743d742a3892fe3,linux1804-64-shippable-qr,True,False,,,102210fe594ee9b33d82058545b1ed14f4c8206e,id-getter-5.html,perf_reftest_singletons,True,perf_reftest_singletons id-getter-5.html opt e10s fission stylo webrender,4767299,77,ms,firefox,,1709961578,2023-06-08 08:05:38,650.16,7e4a4a92e121f5987d2d16e2344ae4c05144fa4a,1253670,,,,,,,,,,,,,,,,,,,,,,,,,,,,,,,,,,,,,,,,,,,,,,,,,,,,,,,,,,,,,TN,TN
autoland,4767314,1,247a31fb40b3ac0b152bd3554743d742a3892fe3,linux1804-64-shippable-qr,True,False,,,102210fe594ee9b33d82058545b1ed14f4c8206e,id-getter-5.html,perf_reftest_singletons,True,perf_reftest_singletons id-getter-5.html opt e10s fission stylo webrender,4767299,77,ms,firefox,,1709961688,2023-06-08 08:36:38,670.3800000000001,b78c7333f0fdf9378eaf33b8ff1b60f4a9a69378,1253692,,,,,,,,,,,,,,,,,,,,,,,,,,,,,,,,,,,,,,,,,,,,,,,,,,,,,,,,,,,,,TN,TN
autoland,4767314,1,247a31fb40b3ac0b152bd3554743d742a3892fe3,linux1804-64-shippable-qr,True,False,,,102210fe594ee9b33d82058545b1ed14f4c8206e,id-getter-5.html,perf_reftest_singletons,True,perf_reftest_singletons id-getter-5.html opt e10s fission stylo webrender,4767299,77,ms,firefox,,1709963691,2023-06-08 08:36:38,678.03,b78c7333f0fdf9378eaf33b8ff1b60f4a9a69378,1253692,,,,,,,,,,,,,,,,,,,,,,,,,,,,,,,,,,,,,,,,,,,,,,,,,,,,,,,,,,,,,TN,TN
autoland,4767314,1,247a31fb40b3ac0b152bd3554743d742a3892fe3,linux1804-64-shippable-qr,True,False,,,102210fe594ee9b33d82058545b1ed14f4c8206e,id-getter-5.html,perf_reftest_singletons,True,perf_reftest_singletons id-getter-5.html opt e10s fission stylo webrender,4767299,77,ms,firefox,,1709961954,2023-06-08 08:42:19,690.19,236a3de9726eb6ab518b7dd8556ed8d1c94c480d,1253698,,,,,,,,,,,,,,,,,,,,,,,,,,,,,,,,,,,,,,,,,,,,,,,,,,,,,,,,,,,,,TN,TN
autoland,4767314,1,247a31fb40b3ac0b152bd3554743d742a3892fe3,linux1804-64-shippable-qr,True,False,,,102210fe594ee9b33d82058545b1ed14f4c8206e,id-getter-5.html,perf_reftest_singletons,True,perf_reftest_singletons id-getter-5.html opt e10s fission stylo webrender,4767299,77,ms,firefox,,1709962961,2023-06-08 08:42:19,700.98,236a3de9726eb6ab518b7dd8556ed8d1c94c480d,1253698,,,,,,,,,,,,,,,,,,,,,,,,,,,,,,,,,,,,,,,,,,,,,,,,,,,,,,,,,,,,,TN,TN
autoland,4767314,1,247a31fb40b3ac0b152bd3554743d742a3892fe3,linux1804-64-shippable-qr,True,False,,,102210fe594ee9b33d82058545b1ed14f4c8206e,id-getter-5.html,perf_reftest_singletons,True,perf_reftest_singletons id-getter-5.html opt e10s fission stylo webrender,4767299,77,ms,firefox,,1709964406,2023-06-08 08:47:54,689.7099999999999,a0158a7be73e0e51c3767075eb2251ced2625a41,1253702,,,,,,,,,,,,,,,,,,,,,,,,,,,,,,,,,,,,,,,,,,,,,,,,,,,,,,,,,,,,,TN,TN
autoland,4767314,1,247a31fb40b3ac0b152bd3554743d742a3892fe3,linux1804-64-shippable-qr,True,False,,,102210fe594ee9b33d82058545b1ed14f4c8206e,id-getter-5.html,perf_reftest_singletons,True,perf_reftest_singletons id-getter-5.html opt e10s fission stylo webrender,4767299,77,ms,firefox,,1709961764,2023-06-08 08:47:54,681.3,a0158a7be73e0e51c3767075eb2251ced2625a41,1253702,,,,,,,,,,,,,,,,,,,,,,,,,,,,,,,,,,,,,,,,,,,,,,,,,,,,,,,,,,,,,TN,TN
autoland,4767314,1,247a31fb40b3ac0b152bd3554743d742a3892fe3,linux1804-64-shippable-qr,True,False,,,102210fe594ee9b33d82058545b1ed14f4c8206e,id-getter-5.html,perf_reftest_singletons,True,perf_reftest_singletons id-getter-5.html opt e10s fission stylo webrender,4767299,77,ms,firefox,,1709961725,2023-06-08 08:51:17,681.8299999999999,26223a83a24f664231ce6fd54367411ffff5389b,1253706,,,,,,,,,,,,,,,,,,,,,,,,,,,,,,,,,,,,,,,,,,,,,,,,,,,,,,,,,,,,,TN,TN
autoland,4767314,1,247a31fb40b3ac0b152bd3554743d742a3892fe3,linux1804-64-shippable-qr,True,False,,,102210fe594ee9b33d82058545b1ed14f4c8206e,id-getter-5.html,perf_reftest_singletons,True,perf_reftest_singletons id-getter-5.html opt e10s fission stylo webrender,4767299,77,ms,firefox,,1709963499,2023-06-08 08:51:17,675.66,26223a83a24f664231ce6fd54367411ffff5389b,1253706,,,,,,,,,,,,,,,,,,,,,,,,,,,,,,,,,,,,,,,,,,,,,,,,,,,,,,,,,,,,,TN,TN
autoland,4767314,1,247a31fb40b3ac0b152bd3554743d742a3892fe3,linux1804-64-shippable-qr,True,False,,,102210fe594ee9b33d82058545b1ed14f4c8206e,id-getter-5.html,perf_reftest_singletons,True,perf_reftest_singletons id-getter-5.html opt e10s fission stylo webrender,4767299,77,ms,firefox,,1709962203,2023-06-08 08:54:39,688.35,f3379049ea2faeabf1b5a17917a851485c50c986,1253710,,,,,,,,,,,,,,,,,,,,,,,,,,,,,,,,,,,,,,,,,,,,,,,,,,,,,,,,,,,,,TN,TN
autoland,4767314,1,247a31fb40b3ac0b152bd3554743d742a3892fe3,linux1804-64-shippable-qr,True,False,,,102210fe594ee9b33d82058545b1ed14f4c8206e,id-getter-5.html,perf_reftest_singletons,True,perf_reftest_singletons id-getter-5.html opt e10s fission stylo webrender,4767299,77,ms,firefox,,1709963602,2023-06-08 08:54:39,677.5,f3379049ea2faeabf1b5a17917a851485c50c986,1253710,,,,,,,,,,,,,,,,,,,,,,,,,,,,,,,,,,,,,,,,,,,,,,,,,,,,,,,,,,,,,TN,TN
autoland,4767314,1,247a31fb40b3ac0b152bd3554743d742a3892fe3,linux1804-64-shippable-qr,True,False,,,102210fe594ee9b33d82058545b1ed14f4c8206e,id-getter-5.html,perf_reftest_singletons,True,perf_reftest_singletons id-getter-5.html opt e10s fission stylo webrender,4767299,77,ms,firefox,,1709964491,2023-06-08 08:59:45,686.74,3ca2cc6f49ed260c43068aca6a6950863f9ae15b,1253714,,,,,,,,,,,,,,,,,,,,,,,,,,,,,,,,,,,,,,,,,,,,,,,,,,,,,,,,,,,,,TN,TN
autoland,4767314,1,247a31fb40b3ac0b152bd3554743d742a3892fe3,linux1804-64-shippable-qr,True,False,,,102210fe594ee9b33d82058545b1ed14f4c8206e,id-getter-5.html,perf_reftest_singletons,True,perf_reftest_singletons id-getter-5.html opt e10s fission stylo webrender,4767299,77,ms,firefox,,1709967537,2023-06-08 08:59:45,680.64,3ca2cc6f49ed260c43068aca6a6950863f9ae15b,1253714,,,,,,,,,,,,,,,,,,,,,,,,,,,,,,,,,,,,,,,,,,,,,,,,,,,,,,,,,,,,,TN,TN
autoland,4767314,1,247a31fb40b3ac0b152bd3554743d742a3892fe3,linux1804-64-shippable-qr,True,False,,,102210fe594ee9b33d82058545b1ed14f4c8206e,id-getter-5.html,perf_reftest_singletons,True,perf_reftest_singletons id-getter-5.html opt e10s fission stylo webrender,4767299,77,ms,firefox,,1709961874,2023-06-08 09:05:09,684.69,cae55cbd915d51c3eed59a32ca2b7f8502bf0239,1253718,,,,,,,,,,,,,,,,,,,,,,,,,,,,,,,,,,,,,,,,,,,,,,,,,,,,,,,,,,,,,TN,TN
autoland,4767314,1,247a31fb40b3ac0b152bd3554743d742a3892fe3,linux1804-64-shippable-qr,True,False,,,102210fe594ee9b33d82058545b1ed14f4c8206e,id-getter-5.html,perf_reftest_singletons,True,perf_reftest_singletons id-getter-5.html opt e10s fission stylo webrender,4767299,77,ms,firefox,,1709965073,2023-06-08 09:05:09,664.81,cae55cbd915d51c3eed59a32ca2b7f8502bf0239,1253718,,,,,,,,,,,,,,,,,,,,,,,,,,,,,,,,,,,,,,,,,,,,,,,,,,,,,,,,,,,,,TN,TN
autoland,4767314,1,247a31fb40b3ac0b152bd3554743d742a3892fe3,linux1804-64-shippable-qr,True,False,,,102210fe594ee9b33d82058545b1ed14f4c8206e,id-getter-5.html,perf_reftest_singletons,True,perf_reftest_singletons id-getter-5.html opt e10s fission stylo webrender,4767299,77,ms,firefox,,1709962674,2023-06-08 09:15:06,669.6,c7b58ffeb92bc7c684aebb8f162b5816c8bc013b,1253724,,,,,,,,,,,,,,,,,,,,,,,,,,,,,,,,,,,,,,,,,,,,,,,,,,,,,,,,,,,,,TN,TN
autoland,4767314,1,247a31fb40b3ac0b152bd3554743d742a3892fe3,linux1804-64-shippable-qr,True,False,,,102210fe594ee9b33d82058545b1ed14f4c8206e,id-getter-5.html,perf_reftest_singletons,True,perf_reftest_singletons id-getter-5.html opt e10s fission stylo webrender,4767299,77,ms,firefox,,1709965850,2023-06-08 09:15:06,681.27,c7b58ffeb92bc7c684aebb8f162b5816c8bc013b,1253724,,,,,,,,,,,,,,,,,,,,,,,,,,,,,,,,,,,,,,,,,,,,,,,,,,,,,,,,,,,,,TN,TN
autoland,4767314,1,247a31fb40b3ac0b152bd3554743d742a3892fe3,linux1804-64-shippable-qr,True,False,,,102210fe594ee9b33d82058545b1ed14f4c8206e,id-getter-5.html,perf_reftest_singletons,True,perf_reftest_singletons id-getter-5.html opt e10s fission stylo webrender,4767299,77,ms,firefox,,1709269793,2023-06-08 09:17:16,741.53,365842f16aa5b25f2a7434af70ab992176e9b20c,1253725,,,,,,,,,,,,,,,,,,,,,,,,,,,,,,,,,,,,,,,,,,,,,,,,,,,,,,,,,,,,,TN,TN
autoland,4767314,1,247a31fb40b3ac0b152bd3554743d742a3892fe3,linux1804-64-shippable-qr,True,False,,,102210fe594ee9b33d82058545b1ed14f4c8206e,id-getter-5.html,perf_reftest_singletons,True,perf_reftest_singletons id-getter-5.html opt e10s fission stylo webrender,4767299,77,ms,firefox,,1709280585,2023-06-08 09:22:20,687.14,9d0f5d3a4e4f2692b689bbdd0a832e56f4fd836b,1253728,,,,,,,,,,,,,,,,,,,,,,,,,,,,,,,,,,,,,,,,,,,,,,,,,,,,,,,,,,,,,TN,TN
autoland,4767314,1,247a31fb40b3ac0b152bd3554743d742a3892fe3,linux1804-64-shippable-qr,True,False,,,102210fe594ee9b33d82058545b1ed14f4c8206e,id-getter-5.html,perf_reftest_singletons,True,perf_reftest_singletons id-getter-5.html opt e10s fission stylo webrender,4767299,77,ms,firefox,,1709268880,2023-06-08 09:42:17,701.24,b59d1203e6bdd6f11c4a3f150e0ccd4abf963942,1253741,,,,,,,,,,,,,,,,,,,,,,,,,,,,,,,,,,,,,,,,,,,,,,,,,,,,,,,,,,,,,TN,TN
autoland,4767314,1,247a31fb40b3ac0b152bd3554743d742a3892fe3,linux1804-64-shippable-qr,True,False,,,102210fe594ee9b33d82058545b1ed14f4c8206e,id-getter-5.html,perf_reftest_singletons,True,perf_reftest_singletons id-getter-5.html opt e10s fission stylo webrender,4767299,77,ms,firefox,,1709268336,2023-06-08 09:43:54,686.31,e175f4307abd01f65e7f4a63b8ff3168c3893673,1253744,,,,,,,,,,,,,,,,,,,,,,,,,,,,,,,,,,,,,,,,,,,,,,,,,,,,,,,,,,,,,TN,TN
autoland,4767314,1,247a31fb40b3ac0b152bd3554743d742a3892fe3,linux1804-64-shippable-qr,True,False,,,102210fe594ee9b33d82058545b1ed14f4c8206e,id-getter-5.html,perf_reftest_singletons,True,perf_reftest_singletons id-getter-5.html opt e10s fission stylo webrender,4767299,77,ms,firefox,,1709282000,2023-06-08 09:53:44,654.8800000000001,2bc9b7e916d866afe0f6b086e7f3cbd4247a2fc1,1253752,,,,,,,,,,,,,,,,,,,,,,,,,,,,,,,,,,,,,,,,,,,,,,,,,,,,,,,,,,,,,TN,TN
autoland,4767314,1,247a31fb40b3ac0b152bd3554743d742a3892fe3,linux1804-64-shippable-qr,True,False,,,102210fe594ee9b33d82058545b1ed14f4c8206e,id-getter-5.html,perf_reftest_singletons,True,perf_reftest_singletons id-getter-5.html opt e10s fission stylo webrender,4767299,77,ms,firefox,,1709267902,2023-06-08 10:01:38,732.6800000000001,088d80e864aa6aa906131f3cb49219677b876b51,1253757,,,,,,,,,,,,,,,,,,,,,,,,,,,,,,,,,,,,,,,,,,,,,,,,,,,,,,,,,,,,,TN,TN
autoland,4767314,1,247a31fb40b3ac0b152bd3554743d742a3892fe3,linux1804-64-shippable-qr,True,False,,,102210fe594ee9b33d82058545b1ed14f4c8206e,id-getter-5.html,perf_reftest_singletons,True,perf_reftest_singletons id-getter-5.html opt e10s fission stylo webrender,4767299,77,ms,firefox,,1709267962,2023-06-08 10:06:40,679.95,e4245b1c6a2bbcf858120a03a13ffb43b1377484,1253759,,,,,,,,,,,,,,,,,,,,,,,,,,,,,,,,,,,,,,,,,,,,,,,,,,,,,,,,,,,,,TN,TN
autoland,4767314,1,247a31fb40b3ac0b152bd3554743d742a3892fe3,linux1804-64-shippable-qr,True,False,,,102210fe594ee9b33d82058545b1ed14f4c8206e,id-getter-5.html,perf_reftest_singletons,True,perf_reftest_singletons id-getter-5.html opt e10s fission stylo webrender,4767299,77,ms,firefox,,1709267712,2023-06-08 10:25:29,673.9100000000001,ea98530d092c9703ec748d61ed60996c3c24d49d,1253769,,,,,,,,,,,,,,,,,,,,,,,,,,,,,,,,,,,,,,,,,,,,,,,,,,,,,,,,,,,,,TN,TN
autoland,4767314,1,247a31fb40b3ac0b152bd3554743d742a3892fe3,linux1804-64-shippable-qr,True,False,,,102210fe594ee9b33d82058545b1ed14f4c8206e,id-getter-5.html,perf_reftest_singletons,True,perf_reftest_singletons id-getter-5.html opt e10s fission stylo webrender,4767299,77,ms,firefox,,1709268259,2023-06-08 10:26:45,693.6700000000001,801e7b4abef9144f14dbc905e326e5c0dac18866,1253771,,,,,,,,,,,,,,,,,,,,,,,,,,,,,,,,,,,,,,,,,,,,,,,,,,,,,,,,,,,,,TN,TN
autoland,4767314,1,247a31fb40b3ac0b152bd3554743d742a3892fe3,linux1804-64-shippable-qr,True,False,,,102210fe594ee9b33d82058545b1ed14f4c8206e,id-getter-5.html,perf_reftest_singletons,True,perf_reftest_singletons id-getter-5.html opt e10s fission stylo webrender,4767299,77,ms,firefox,,1707986301,2023-06-08 10:57:22,684.46,a86d5a3f177d480362c07a9ed34166ae41840ab6,1253788,,,,,,,,,,,,,,,,,,,,,,,,,,,,,,,,,,,,,,,,,,,,,,,,,,,,,,,,,,,,,TN,TN
autoland,4767314,1,247a31fb40b3ac0b152bd3554743d742a3892fe3,linux1804-64-shippable-qr,True,False,,,102210fe594ee9b33d82058545b1ed14f4c8206e,id-getter-5.html,perf_reftest_singletons,True,perf_reftest_singletons id-getter-5.html opt e10s fission stylo webrender,4767299,77,ms,firefox,,1709243829,2023-06-08 13:05:09,660.0600000000001,ef632cc478598421debbd79e8c395b6fcd1213d9,1253864,,,,,,,,,,,,,,,,,,,,,,,,,,,,,,,,,,,,,,,,,,,,,,,,,,,,,,,,,,,,,TN,TN
autoland,4767314,1,247a31fb40b3ac0b152bd3554743d742a3892fe3,linux1804-64-shippable-qr,True,False,,,102210fe594ee9b33d82058545b1ed14f4c8206e,id-getter-5.html,perf_reftest_singletons,True,perf_reftest_singletons id-getter-5.html opt e10s fission stylo webrender,4767299,77,ms,firefox,,1708114176,2023-06-08 15:05:55,687.32,581d6b2a5146b01bfc5a4a599127e2e794918f78,1253951,,,,,,,,,,,,,,,,,,,,,,,,,,,,,,,,,,,,,,,,,,,,,,,,,,,,,,,,,,,,,TN,TN
autoland,4767314,1,247a31fb40b3ac0b152bd3554743d742a3892fe3,linux1804-64-shippable-qr,True,False,,,102210fe594ee9b33d82058545b1ed14f4c8206e,id-getter-5.html,perf_reftest_singletons,True,perf_reftest_singletons id-getter-5.html opt e10s fission stylo webrender,4767299,77,ms,firefox,,1708117384,2023-06-08 15:14:50,685.1700000000001,954d7d588e595404fbe8f79a002de1a32f4175fc,1253958,,,,,,,,,,,,,,,,,,,,,,,,,,,,,,,,,,,,,,,,,,,,,,,,,,,,,,,,,,,,,TN,TN
autoland,4767314,1,247a31fb40b3ac0b152bd3554743d742a3892fe3,linux1804-64-shippable-qr,True,False,,,102210fe594ee9b33d82058545b1ed14f4c8206e,id-getter-5.html,perf_reftest_singletons,True,perf_reftest_singletons id-getter-5.html opt e10s fission stylo webrender,4767299,77,ms,firefox,,1708334652,2023-06-08 21:44:04,687.2,c7b3905a77fb83c75344dddb5646c5c7f5d16714,1254265,,,,,,,,,,,,,,,,,,,,,,,,,,,,,,,,,,,,,,,,,,,,,,,,,,,,,,,,,,,,,TN,TN
autoland,4767314,1,247a31fb40b3ac0b152bd3554743d742a3892fe3,linux1804-64-shippable-qr,True,False,,,102210fe594ee9b33d82058545b1ed14f4c8206e,id-getter-5.html,perf_reftest_singletons,True,perf_reftest_singletons id-getter-5.html opt e10s fission stylo webrender,4767299,77,ms,firefox,,1708417813,2023-06-09 02:20:20,695.22,d18ffb52540958c2b12d76b4a392e12df3bc4280,1254350,,,,,,,,,,,,,,,,,,,,,,,,,,,,,,,,,,,,,,,,,,,,,,,,,,,,,,,,,,,,,TN,TN
autoland,4767314,1,247a31fb40b3ac0b152bd3554743d742a3892fe3,linux1804-64-shippable-qr,True,False,,,102210fe594ee9b33d82058545b1ed14f4c8206e,id-getter-5.html,perf_reftest_singletons,True,perf_reftest_singletons id-getter-5.html opt e10s fission stylo webrender,4767299,77,ms,firefox,,1708488393,2023-06-09 06:38:52,683.96,e76a7e9393add417bcf6a33d7e0c71909cc3c6d9,1254404,,,,,,,,,,,,,,,,,,,,,,,,,,,,,,,,,,,,,,,,,,,,,,,,,,,,,,,,,,,,,TN,TN
autoland,4767314,1,247a31fb40b3ac0b152bd3554743d742a3892fe3,linux1804-64-shippable-qr,True,False,,,102210fe594ee9b33d82058545b1ed14f4c8206e,id-getter-5.html,perf_reftest_singletons,True,perf_reftest_singletons id-getter-5.html opt e10s fission stylo webrender,4767299,77,ms,firefox,,1708520252,2023-06-09 08:40:41,681.76,6453bd709950f540a9b961069fe05277eec38c4e,1254469,,,,,,,,,,,,,,,,,,,,,,,,,,,,,,,,,,,,,,,,,,,,,,,,,,,,,,,,,,,,,TN,TN
autoland,4767314,1,247a31fb40b3ac0b152bd3554743d742a3892fe3,linux1804-64-shippable-qr,True,False,,,102210fe594ee9b33d82058545b1ed14f4c8206e,id-getter-5.html,perf_reftest_singletons,True,perf_reftest_singletons id-getter-5.html opt e10s fission stylo webrender,4767299,77,ms,firefox,,1708673285,2023-06-09 13:23:42,679.52,7467d3da5f29eddf7cf135a00cef8cf87b5c6911,1254611,,,,,,,,,,,,,,,,,,,,,,,,,,,,,,,,,,,,,,,,,,,,,,,,,,,,,,,,,,,,,TN,TN
autoland,4767314,1,247a31fb40b3ac0b152bd3554743d742a3892fe3,linux1804-64-shippable-qr,True,False,,,102210fe594ee9b33d82058545b1ed14f4c8206e,id-getter-5.html,perf_reftest_singletons,True,perf_reftest_singletons id-getter-5.html opt e10s fission stylo webrender,4767299,77,ms,firefox,,1708828611,2023-06-09 18:12:56,655.5,439e88bdf46b8545bcf3fbf4d1cac9bf084df91d,1254830,,,,,,,,,,,,,,,,,,,,,,,,,,,,,,,,,,,,,,,,,,,,,,,,,,,,,,,,,,,,,TN,TN
autoland,4767314,1,247a31fb40b3ac0b152bd3554743d742a3892fe3,linux1804-64-shippable-qr,True,False,,,102210fe594ee9b33d82058545b1ed14f4c8206e,id-getter-5.html,perf_reftest_singletons,True,perf_reftest_singletons id-getter-5.html opt e10s fission stylo webrender,4767299,77,ms,firefox,,1708881808,2023-06-09 19:52:31,683.31,14c10deaa83992232930103150b2cb2351a623a5,1254912,,,,,,,,,,,,,,,,,,,,,,,,,,,,,,,,,,,,,,,,,,,,,,,,,,,,,,,,,,,,,TN,TN
autoland,4767314,1,247a31fb40b3ac0b152bd3554743d742a3892fe3,linux1804-64-shippable-qr,True,False,,,102210fe594ee9b33d82058545b1ed14f4c8206e,id-getter-5.html,perf_reftest_singletons,True,perf_reftest_singletons id-getter-5.html opt e10s fission stylo webrender,4767299,77,ms,firefox,,1709002311,2023-06-10 01:55:58,678.0899999999999,463e881a627c52313496a136abc6c038a4b92af6,1255101,,,,,,,,,,,,,,,,,,,,,,,,,,,,,,,,,,,,,,,,,,,,,,,,,,,,,,,,,,,,,TN,TN
autoland,4767314,1,247a31fb40b3ac0b152bd3554743d742a3892fe3,linux1804-64-shippable-qr,True,False,,,102210fe594ee9b33d82058545b1ed14f4c8206e,id-getter-5.html,perf_reftest_singletons,True,perf_reftest_singletons id-getter-5.html opt e10s fission stylo webrender,4767299,77,ms,firefox,,1709103194,2023-06-10 13:36:02,693.87,9c9d29101b3d0533b84b4e75dc06e89fcad3d31a,1255207,,,,,,,,,,,,,,,,,,,,,,,,,,,,,,,,,,,,,,,,,,,,,,,,,,,,,,,,,,,,,TN,TN
autoland,4767314,1,247a31fb40b3ac0b152bd3554743d742a3892fe3,linux1804-64-shippable-qr,True,False,,,102210fe594ee9b33d82058545b1ed14f4c8206e,id-getter-5.html,perf_reftest_singletons,True,perf_reftest_singletons id-getter-5.html opt e10s fission stylo webrender,4767299,77,ms,firefox,,1709220005,2023-06-10 18:37:05,690.0999999999999,879c6932bb49782e5edfdbe48e93d997a2646d84,1255264,,,,,,,,,,,,,,,,,,,,,,,,,,,,,,,,,,,,,,,,,,,,,,,,,,,,,,,,,,,,,TN,TN
autoland,4767314,1,247a31fb40b3ac0b152bd3554743d742a3892fe3,linux1804-64-shippable-qr,True,False,,,102210fe594ee9b33d82058545b1ed14f4c8206e,id-getter-5.html,perf_reftest_singletons,True,perf_reftest_singletons id-getter-5.html opt e10s fission stylo webrender,4767299,77,ms,firefox,,1709247316,2023-06-10 20:39:30,693.29,711b87deb431206775bf67c5b0d04ace33eb3660,1255276,,,,,,,,,,,,,,,,,,,,,,,,,,,,,,,,,,,,,,,,,,,,,,,,,,,,,,,,,,,,,TN,TN
autoland,4767314,1,247a31fb40b3ac0b152bd3554743d742a3892fe3,linux1804-64-shippable-qr,True,False,,,102210fe594ee9b33d82058545b1ed14f4c8206e,id-getter-5.html,perf_reftest_singletons,True,perf_reftest_singletons id-getter-5.html opt e10s fission stylo webrender,4767299,77,ms,firefox,,1709460094,2023-06-11 14:35:35,684.44,3904ff924b73ed2df5a530453ab025bb1c2fdf90,1255360,,,,,,,,,,,,,,,,,,,,,,,,,,,,,,,,,,,,,,,,,,,,,,,,,,,,,,,,,,,,,TN,TN
autoland,4767314,1,247a31fb40b3ac0b152bd3554743d742a3892fe3,linux1804-64-shippable-qr,True,False,,,102210fe594ee9b33d82058545b1ed14f4c8206e,id-getter-5.html,perf_reftest_singletons,True,perf_reftest_singletons id-getter-5.html opt e10s fission stylo webrender,4767299,77,ms,firefox,,1709516874,2023-06-11 19:10:58,671.51,af0665af954105365927736b6a65c4d28533bc4d,1255387,,,,,,,,,,,,,,,,,,,,,,,,,,,,,,,,,,,,,,,,,,,,,,,,,,,,,,,,,,,,,TN,TN
autoland,4767314,1,247a31fb40b3ac0b152bd3554743d742a3892fe3,linux1804-64-shippable-qr,True,False,,,102210fe594ee9b33d82058545b1ed14f4c8206e,id-getter-5.html,perf_reftest_singletons,True,perf_reftest_singletons id-getter-5.html opt e10s fission stylo webrender,4767299,77,ms,firefox,,1709590462,2023-06-12 00:14:44,673.7,c73c9ac3fe19822fcf08c5bd0bc112056008b4da,1255422,,,,,,,,,,,,,,,,,,,,,,,,,,,,,,,,,,,,,,,,,,,,,,,,,,,,,,,,,,,,,TN,TN
autoland,4767314,1,247a31fb40b3ac0b152bd3554743d742a3892fe3,linux1804-64-shippable-qr,True,False,,,102210fe594ee9b33d82058545b1ed14f4c8206e,id-getter-5.html,perf_reftest_singletons,True,perf_reftest_singletons id-getter-5.html opt e10s fission stylo webrender,4767299,77,ms,firefox,,1709638378,2023-06-12 04:46:29,681.6400000000001,25564434f810ceea8a17b730bd5498b0ca9856c4,1255461,,,,,,,,,,,,,,,,,,,,,,,,,,,,,,,,,,,,,,,,,,,,,,,,,,,,,,,,,,,,,TN,TN
autoland,4767314,1,247a31fb40b3ac0b152bd3554743d742a3892fe3,linux1804-64-shippable-qr,True,False,,,102210fe594ee9b33d82058545b1ed14f4c8206e,id-getter-5.html,perf_reftest_singletons,True,perf_reftest_singletons id-getter-5.html opt e10s fission stylo webrender,4767299,77,ms,firefox,,1709726543,2023-06-12 09:00:15,693.39,6c51face7335165a532e8f6b035a975ced1be55c,1255535,,,,,,,,,,,,,,,,,,,,,,,,,,,,,,,,,,,,,,,,,,,,,,,,,,,,,,,,,,,,,TN,TN
autoland,4767314,1,247a31fb40b3ac0b152bd3554743d742a3892fe3,linux1804-64-shippable-qr,True,False,,,102210fe594ee9b33d82058545b1ed14f4c8206e,id-getter-5.html,perf_reftest_singletons,True,perf_reftest_singletons id-getter-5.html opt e10s fission stylo webrender,4767299,77,ms,firefox,,1709751849,2023-06-12 09:27:15,687.21,1dc3aecfed3a924c48ee323c36ee1e783f836dd7,1255558,,,,,,,,,,,,,,,,,,,,,,,,,,,,,,,,,,,,,,,,,,,,,,,,,,,,,,,,,,,,,TN,TN
autoland,4767314,1,247a31fb40b3ac0b152bd3554743d742a3892fe3,linux1804-64-shippable-qr,True,False,,,102210fe594ee9b33d82058545b1ed14f4c8206e,id-getter-5.html,perf_reftest_singletons,True,perf_reftest_singletons id-getter-5.html opt e10s fission stylo webrender,4767299,77,ms,firefox,,1709952045,2023-06-12 14:14:19,669.9200000000001,ee618a493ff9c25c0ecb9dc6087a6179874541da,1255741,,,,,,,,,,,,,,,,,,,,,,,,,,,,,,,,,,,,,,,,,,,,,,,,,,,,,,,,,,,,,TN,TN
autoland,4767314,1,247a31fb40b3ac0b152bd3554743d742a3892fe3,linux1804-64-shippable-qr,True,False,,,102210fe594ee9b33d82058545b1ed14f4c8206e,id-getter-5.html,perf_reftest_singletons,True,perf_reftest_singletons id-getter-5.html opt e10s fission stylo webrender,4767299,77,ms,firefox,,1710054197,2023-06-12 17:28:50,691.6500000000001,53b4b785ae2a7f70257069e77b138fe36b53698a,1255840,,,,,,,,,,,,,,,,,,,,,,,,,,,,,,,,,,,,,,,,,,,,,,,,,,,,,,,,,,,,,TN,TN
autoland,4767314,1,247a31fb40b3ac0b152bd3554743d742a3892fe3,linux1804-64-shippable-qr,True,False,,,102210fe594ee9b33d82058545b1ed14f4c8206e,id-getter-5.html,perf_reftest_singletons,True,perf_reftest_singletons id-getter-5.html opt e10s fission stylo webrender,4767299,77,ms,firefox,,1710179937,2023-06-12 21:22:21,682.06,eff1078e2398a9021cd61a20eff8062a582128e2,1256012,,,,,,,,,,,,,,,,,,,,,,,,,,,,,,,,,,,,,,,,,,,,,,,,,,,,,,,,,,,,,TN,TN
autoland,4767314,1,247a31fb40b3ac0b152bd3554743d742a3892fe3,linux1804-64-shippable-qr,True,False,,,102210fe594ee9b33d82058545b1ed14f4c8206e,id-getter-5.html,perf_reftest_singletons,True,perf_reftest_singletons id-getter-5.html opt e10s fission stylo webrender,4767299,77,ms,firefox,,1710260185,2023-06-13 02:32:41,683.01,2bdaa9d6ac390362734ba199115ca10186243e87,1256169,,,,,,,,,,,,,,,,,,,,,,,,,,,,,,,,,,,,,,,,,,,,,,,,,,,,,,,,,,,,,TN,TN
autoland,4767314,1,247a31fb40b3ac0b152bd3554743d742a3892fe3,linux1804-64-shippable-qr,True,False,,,102210fe594ee9b33d82058545b1ed14f4c8206e,id-getter-5.html,perf_reftest_singletons,True,perf_reftest_singletons id-getter-5.html opt e10s fission stylo webrender,4767299,77,ms,firefox,,1710325602,2023-06-13 05:20:45,676.59,1a37acad51201ba77a18b0951d3a93bc8c9eebf7,1256212,,,,,,,,,,,,,,,,,,,,,,,,,,,,,,,,,,,,,,,,,,,,,,,,,,,,,,,,,,,,,TN,TN
autoland,4767314,1,247a31fb40b3ac0b152bd3554743d742a3892fe3,linux1804-64-shippable-qr,True,False,,,102210fe594ee9b33d82058545b1ed14f4c8206e,id-getter-5.html,perf_reftest_singletons,True,perf_reftest_singletons id-getter-5.html opt e10s fission stylo webrender,4767299,77,ms,firefox,,1710404359,2023-06-13 09:27:30,680.77,c7b5ae0c3e2d58a11af3dbe818dd67837d0ff44a,1256328,,,,,,,,,,,,,,,,,,,,,,,,,,,,,,,,,,,,,,,,,,,,,,,,,,,,,,,,,,,,,TN,TN
autoland,4767314,1,247a31fb40b3ac0b152bd3554743d742a3892fe3,linux1804-64-shippable-qr,True,False,,,102210fe594ee9b33d82058545b1ed14f4c8206e,id-getter-5.html,perf_reftest_singletons,True,perf_reftest_singletons id-getter-5.html opt e10s fission stylo webrender,4767299,77,ms,firefox,,1710443335,2023-06-13 10:02:00,683.65,2b9574ef0cc196618dae379b79b53958470216b3,1256346,,,,,,,,,,,,,,,,,,,,,,,,,,,,,,,,,,,,,,,,,,,,,,,,,,,,,,,,,,,,,TN,TN
autoland,4767314,1,247a31fb40b3ac0b152bd3554743d742a3892fe3,linux1804-64-shippable-qr,True,False,,,102210fe594ee9b33d82058545b1ed14f4c8206e,id-getter-5.html,perf_reftest_singletons,True,perf_reftest_singletons id-getter-5.html opt e10s fission stylo webrender,4767299,77,ms,firefox,,1710526021,2023-06-13 13:01:33,681.87,8cd7aee6cae85ce9804794d4a45bc2f34aa04b66,1256450,,,,,,,,,,,,,,,,,,,,,,,,,,,,,,,,,,,,,,,,,,,,,,,,,,,,,,,,,,,,,TN,TN
autoland,4767314,1,247a31fb40b3ac0b152bd3554743d742a3892fe3,linux1804-64-shippable-qr,True,False,,,102210fe594ee9b33d82058545b1ed14f4c8206e,id-getter-5.html,perf_reftest_singletons,True,perf_reftest_singletons id-getter-5.html opt e10s fission stylo webrender,4767299,77,ms,firefox,,1710645085,2023-06-13 16:01:20,685.54,93520e8ffd9617b46d026ea530fde0169def3a80,1256570,,,,,,,,,,,,,,,,,,,,,,,,,,,,,,,,,,,,,,,,,,,,,,,,,,,,,,,,,,,,,TN,TN
autoland,4767314,1,247a31fb40b3ac0b152bd3554743d742a3892fe3,linux1804-64-shippable-qr,True,False,,,102210fe594ee9b33d82058545b1ed14f4c8206e,id-getter-5.html,perf_reftest_singletons,True,perf_reftest_singletons id-getter-5.html opt e10s fission stylo webrender,4767299,77,ms,firefox,,1710741040,2023-06-13 18:36:15,669.0799999999999,2d8fa86b279358b19ca794787248a9600c86ef5a,1256676,,,,,,,,,,,,,,,,,,,,,,,,,,,,,,,,,,,,,,,,,,,,,,,,,,,,,,,,,,,,,TN,TN
autoland,4767314,1,247a31fb40b3ac0b152bd3554743d742a3892fe3,linux1804-64-shippable-qr,True,False,,,102210fe594ee9b33d82058545b1ed14f4c8206e,id-getter-5.html,perf_reftest_singletons,True,perf_reftest_singletons id-getter-5.html opt e10s fission stylo webrender,4767299,77,ms,firefox,,1710835126,2023-06-13 22:49:33,693.3800000000001,0e2078b102ffd940ea83c3a5a8b1a176bdd3a8fb,1256827,,,,,,,,,,,,,,,,,,,,,,,,,,,,,,,,,,,,,,,,,,,,,,,,,,,,,,,,,,,,,TN,TN
autoland,4767314,1,247a31fb40b3ac0b152bd3554743d742a3892fe3,linux1804-64-shippable-qr,True,False,,,102210fe594ee9b33d82058545b1ed14f4c8206e,id-getter-5.html,perf_reftest_singletons,True,perf_reftest_singletons id-getter-5.html opt e10s fission stylo webrender,4767299,77,ms,firefox,,1710863943,2023-06-14 00:25:00,689.46,4c6c30b03e25cbd9d4dfc96f082e8cf241f51109,1256858,,,,,,,,,,,,,,,,,,,,,,,,,,,,,,,,,,,,,,,,,,,,,,,,,,,,,,,,,,,,,TN,TN
autoland,4767314,1,247a31fb40b3ac0b152bd3554743d742a3892fe3,linux1804-64-shippable-qr,True,False,,,102210fe594ee9b33d82058545b1ed14f4c8206e,id-getter-5.html,perf_reftest_singletons,True,perf_reftest_singletons id-getter-5.html opt e10s fission stylo webrender,4767299,77,ms,firefox,,1710943266,2023-06-14 05:14:15,679.8499999999999,b9e3497b939c3bdfee632c7297184b79cfeec9cc,1256948,,,,,,,,,,,,,,,,,,,,,,,,,,,,,,,,,,,,,,,,,,,,,,,,,,,,,,,,,,,,,TN,TN
autoland,4767314,1,247a31fb40b3ac0b152bd3554743d742a3892fe3,linux1804-64-shippable-qr,True,False,,,102210fe594ee9b33d82058545b1ed14f4c8206e,id-getter-5.html,perf_reftest_singletons,True,perf_reftest_singletons id-getter-5.html opt e10s fission stylo webrender,4767299,77,ms,firefox,,1711053520,2023-06-14 11:48:24,682.91,c6fa16c28b26a19d81b8853153057f32cec6f2fd,1257091,,,,,,,,,,,,,,,,,,,,,,,,,,,,,,,,,,,,,,,,,,,,,,,,,,,,,,,,,,,,,TN,TN
autoland,4767314,1,247a31fb40b3ac0b152bd3554743d742a3892fe3,linux1804-64-shippable-qr,True,False,,,102210fe594ee9b33d82058545b1ed14f4c8206e,id-getter-5.html,perf_reftest_singletons,True,perf_reftest_singletons id-getter-5.html opt e10s fission stylo webrender,4767299,77,ms,firefox,,1711119011,2023-06-14 13:20:02,688.46,928a5d849e038bf4277f06519f8f7ab3c94cc7ff,1257127,,,,,,,,,,,,,,,,,,,,,,,,,,,,,,,,,,,,,,,,,,,,,,,,,,,,,,,,,,,,,TN,TN
autoland,4767314,1,247a31fb40b3ac0b152bd3554743d742a3892fe3,linux1804-64-shippable-qr,True,False,,,102210fe594ee9b33d82058545b1ed14f4c8206e,id-getter-5.html,perf_reftest_singletons,True,perf_reftest_singletons id-getter-5.html opt e10s fission stylo webrender,4767299,77,ms,firefox,,1711323514,2023-06-14 17:41:50,699.21,933dd3c3e1c8beb677df8e4d51b1e99b41599f65,1257281,,,,,,,,,,,,,,,,,,,,,,,,,,,,,,,,,,,,,,,,,,,,,,,,,,,,,,,,,,,,,TN,TN
autoland,4767314,1,247a31fb40b3ac0b152bd3554743d742a3892fe3,linux1804-64-shippable-qr,True,False,,,102210fe594ee9b33d82058545b1ed14f4c8206e,id-getter-5.html,perf_reftest_singletons,True,perf_reftest_singletons id-getter-5.html opt e10s fission stylo webrender,4767299,77,ms,firefox,,1711351679,2023-06-14 18:25:51,667.3299999999999,d730841eed9459e5541190a9525313fb1ff98e75,1257330,,,,,,,,,,,,,,,,,,,,,,,,,,,,,,,,,,,,,,,,,,,,,,,,,,,,,,,,,,,,,TN,TN
autoland,4767314,1,247a31fb40b3ac0b152bd3554743d742a3892fe3,linux1804-64-shippable-qr,True,False,,,102210fe594ee9b33d82058545b1ed14f4c8206e,id-getter-5.html,perf_reftest_singletons,True,perf_reftest_singletons id-getter-5.html opt e10s fission stylo webrender,4767299,77,ms,firefox,,1712682915,2023-06-14 18:39:05,674.75,3e7bf8f8a9a8ecebd1c1bd851e35577660e48a97,1257346,,,,,,,,,,,,,,,,,,,,,,,,,,,,,,,,,,,,,,,,,,,,,,,,,,,,,,,,,,,,,TN,TN
autoland,4767314,1,247a31fb40b3ac0b152bd3554743d742a3892fe3,linux1804-64-shippable-qr,True,False,,,102210fe594ee9b33d82058545b1ed14f4c8206e,id-getter-5.html,perf_reftest_singletons,True,perf_reftest_singletons id-getter-5.html opt e10s fission stylo webrender,4767299,77,ms,firefox,,1712684367,2023-06-14 18:39:57,670.53,3fc04d8eb32b11cf44fd5ad011b0b37d26d39ffe,1257348,,,,,,,,,,,,,,,,,,,,,,,,,,,,,,,,,,,,,,,,,,,,,,,,,,,,,,,,,,,,,TN,TN
autoland,4767314,1,247a31fb40b3ac0b152bd3554743d742a3892fe3,linux1804-64-shippable-qr,True,False,,,102210fe594ee9b33d82058545b1ed14f4c8206e,id-getter-5.html,perf_reftest_singletons,True,perf_reftest_singletons id-getter-5.html opt e10s fission stylo webrender,4767299,77,ms,firefox,,1712681937,2023-06-14 19:00:00,659.54,e19ae5c23602616b51de95ef61320cce476075f9,1257364,,,,,,,,,,,,,,,,,,,,,,,,,,,,,,,,,,,,,,,,,,,,,,,,,,,,,,,,,,,,,TN,TN
autoland,4767314,1,247a31fb40b3ac0b152bd3554743d742a3892fe3,linux1804-64-shippable-qr,True,False,,,102210fe594ee9b33d82058545b1ed14f4c8206e,id-getter-5.html,perf_reftest_singletons,True,perf_reftest_singletons id-getter-5.html opt e10s fission stylo webrender,4767299,77,ms,firefox,,1712683064,2023-06-14 19:34:22,660.3,994e9952a43f470cbcf8b6adbb357108df62b605,1257392,,,,,,,,,,,,,,,,,,,,,,,,,,,,,,,,,,,,,,,,,,,,,,,,,,,,,,,,,,,,,TN,TN
autoland,4767314,1,247a31fb40b3ac0b152bd3554743d742a3892fe3,linux1804-64-shippable-qr,True,False,,,102210fe594ee9b33d82058545b1ed14f4c8206e,id-getter-5.html,perf_reftest_singletons,True,perf_reftest_singletons id-getter-5.html opt e10s fission stylo webrender,4767299,77,ms,firefox,,1712682639,2023-06-14 19:57:10,672.79,5f7eb725bf615f42134068dbd1d2f5709f711db1,1257409,,,,,,,,,,,,,,,,,,,,,,,,,,,,,,,,,,,,,,,,,,,,,,,,,,,,,,,,,,,,,TN,TN
autoland,4767314,1,247a31fb40b3ac0b152bd3554743d742a3892fe3,linux1804-64-shippable-qr,True,False,,,102210fe594ee9b33d82058545b1ed14f4c8206e,id-getter-5.html,perf_reftest_singletons,True,perf_reftest_singletons id-getter-5.html opt e10s fission stylo webrender,4767299,77,ms,firefox,,1712684021,2023-06-14 20:01:18,683.98,53fec5502cf3e4886eb964cc9bec801a59984545,1257413,,,,,,,,,,,,,,,,,,,,,,,,,,,,,,,,,,,,,,,,,,,,,,,,,,,,,,,,,,,,,TN,TN
autoland,4767314,1,247a31fb40b3ac0b152bd3554743d742a3892fe3,linux1804-64-shippable-qr,True,False,,,102210fe594ee9b33d82058545b1ed14f4c8206e,id-getter-5.html,perf_reftest_singletons,True,perf_reftest_singletons id-getter-5.html opt e10s fission stylo webrender,4767299,77,ms,firefox,,1712685890,2023-06-14 20:05:50,677.28,26245e28e9f548ab614699cb18dee53da42ca198,1257418,,,,,,,,,,,,,,,,,,,,,,,,,,,,,,,,,,,,,,,,,,,,,,,,,,,,,,,,,,,,,TN,TN
autoland,4767314,1,247a31fb40b3ac0b152bd3554743d742a3892fe3,linux1804-64-shippable-qr,True,False,,,102210fe594ee9b33d82058545b1ed14f4c8206e,id-getter-5.html,perf_reftest_singletons,True,perf_reftest_singletons id-getter-5.html opt e10s fission stylo webrender,4767299,77,ms,firefox,,1712685469,2023-06-14 20:07:21,676.11,4a5cb40ff785016beea761b45d924da213a0d4d2,1257420,,,,,,,,,,,,,,,,,,,,,,,,,,,,,,,,,,,,,,,,,,,,,,,,,,,,,,,,,,,,,TN,TN
autoland,4767314,1,247a31fb40b3ac0b152bd3554743d742a3892fe3,linux1804-64-shippable-qr,True,False,,,102210fe594ee9b33d82058545b1ed14f4c8206e,id-getter-5.html,perf_reftest_singletons,True,perf_reftest_singletons id-getter-5.html opt e10s fission stylo webrender,4767299,77,ms,firefox,,1712685322,2023-06-14 20:08:13,678.3199999999999,0bb27b8dc59539d28a87d8b2c58d8be4ea1eb014,1257421,,,,,,,,,,,,,,,,,,,,,,,,,,,,,,,,,,,,,,,,,,,,,,,,,,,,,,,,,,,,,TN,TN
autoland,4767314,1,247a31fb40b3ac0b152bd3554743d742a3892fe3,linux1804-64-shippable-qr,True,False,,,102210fe594ee9b33d82058545b1ed14f4c8206e,id-getter-5.html,perf_reftest_singletons,True,perf_reftest_singletons id-getter-5.html opt e10s fission stylo webrender,4767299,77,ms,firefox,,1711417910,2023-06-14 20:09:05,682.45,ff79aa6f7ba8605e7ea59acddd521284f75136e4,1257422,,,,,,,,,,,,,,,,,,,,,,,,,,,,,,,,,,,,,,,,,,,,,,,,,,,,,,,,,,,,,TN,TN
autoland,4767314,1,247a31fb40b3ac0b152bd3554743d742a3892fe3,linux1804-64-shippable-qr,True,False,,,102210fe594ee9b33d82058545b1ed14f4c8206e,id-getter-5.html,perf_reftest_singletons,True,perf_reftest_singletons id-getter-5.html opt e10s fission stylo webrender,4767299,77,ms,firefox,,1712746886,2023-06-14 20:09:57,667.4100000000001,f2877dc596a5c7045290b04e4bfb8ac50ba6fda5,1257425,,,,,,,,,,,,,,,,,,,,,,,,,,,,,,,,,,,,,,,,,,,,,,,,,,,,,,,,,,,,,TN,TN
autoland,4767314,1,247a31fb40b3ac0b152bd3554743d742a3892fe3,linux1804-64-shippable-qr,True,False,,,102210fe594ee9b33d82058545b1ed14f4c8206e,id-getter-5.html,perf_reftest_singletons,True,perf_reftest_singletons id-getter-5.html opt e10s fission stylo webrender,4767299,77,ms,firefox,,1712744285,2023-06-14 20:10:45,652.9100000000001,bb54a9a1a871a840ab60911d2afc6be3d1d9f963,1257426,,,,,,,,,,,,,,,,,,,,,,,,,,,,,,,,,,,,,,,,,,,,,,,,,,,,,,,,,,,,,TN,TN
autoland,4767314,1,247a31fb40b3ac0b152bd3554743d742a3892fe3,linux1804-64-shippable-qr,True,False,,,102210fe594ee9b33d82058545b1ed14f4c8206e,id-getter-5.html,perf_reftest_singletons,True,perf_reftest_singletons id-getter-5.html opt e10s fission stylo webrender,4767299,77,ms,firefox,,1712743754,2023-06-14 20:11:36,700.28,9f664ee4b4935db3075c070cc0f8b46344e06dc0,1257428,,,,,,,,,,,,,,,,,,,,,,,,,,,,,,,,,,,,,,,,,,,,,,,,,,,,,,,,,,,,,TN,TN
autoland,4767314,1,247a31fb40b3ac0b152bd3554743d742a3892fe3,linux1804-64-shippable-qr,True,False,,,102210fe594ee9b33d82058545b1ed14f4c8206e,id-getter-5.html,perf_reftest_singletons,True,perf_reftest_singletons id-getter-5.html opt e10s fission stylo webrender,4767299,77,ms,firefox,,1712747927,2023-06-14 20:12:28,710.81,103cc6a61d4f313f46776d0c12342cd6694d1824,1257429,,,,,,,,,,,,,,,,,,,,,,,,,,,,,,,,,,,,,,,,,,,,,,,,,,,,,,,,,,,,,TN,TN
autoland,4767314,1,247a31fb40b3ac0b152bd3554743d742a3892fe3,linux1804-64-shippable-qr,True,False,,,102210fe594ee9b33d82058545b1ed14f4c8206e,id-getter-5.html,perf_reftest_singletons,True,perf_reftest_singletons id-getter-5.html opt e10s fission stylo webrender,4767299,77,ms,firefox,,1712742875,2023-06-14 20:13:19,686.76,0c9826866a249678d1aabcde225269b903ebf17f,1257430,,,,,,,,,,,,,,,,,,,,,,,,,,,,,,,,,,,,,,,,,,,,,,,,,,,,,,,,,,,,,TN,TN
autoland,4767314,1,247a31fb40b3ac0b152bd3554743d742a3892fe3,linux1804-64-shippable-qr,True,False,,,102210fe594ee9b33d82058545b1ed14f4c8206e,id-getter-5.html,perf_reftest_singletons,True,perf_reftest_singletons id-getter-5.html opt e10s fission stylo webrender,4767299,77,ms,firefox,,1712751161,2023-06-14 20:14:10,688.0,d7b6a94cfbe283d38ed153073d81a63959edb5ed,1257432,,,,,,,,,,,,,,,,,,,,,,,,,,,,,,,,,,,,,,,,,,,,,,,,,,,,,,,,,,,,,TN,TN
autoland,4767314,1,247a31fb40b3ac0b152bd3554743d742a3892fe3,linux1804-64-shippable-qr,True,False,,,102210fe594ee9b33d82058545b1ed14f4c8206e,id-getter-5.html,perf_reftest_singletons,True,perf_reftest_singletons id-getter-5.html opt e10s fission stylo webrender,4767299,77,ms,firefox,,1712750312,2023-06-14 20:16:11,681.9000000000001,c111129f07510c557220acb709a51aa35ffae343,1257435,,,,,,,,,,,,,,,,,,,,,,,,,,,,,,,,,,,,,,,,,,,,,,,,,,,,,,,,,,,,,TN,TN
autoland,4767314,1,247a31fb40b3ac0b152bd3554743d742a3892fe3,linux1804-64-shippable-qr,True,False,,,102210fe594ee9b33d82058545b1ed14f4c8206e,id-getter-5.html,perf_reftest_singletons,True,perf_reftest_singletons id-getter-5.html opt e10s fission stylo webrender,4767299,77,ms,firefox,,1712691274,2023-06-14 21:08:53,705.3199999999999,0777b9d58e41e986b655ef4768c5c7501638717e,1257471,,,,,,,,,,,,,,,,,,,,,,,,,,,,,,,,,,,,,,,,,,,,,,,,,,,,,,,,,,,,,TN,TN
autoland,4767314,1,247a31fb40b3ac0b152bd3554743d742a3892fe3,linux1804-64-shippable-qr,True,False,,,102210fe594ee9b33d82058545b1ed14f4c8206e,id-getter-5.html,perf_reftest_singletons,True,perf_reftest_singletons id-getter-5.html opt e10s fission stylo webrender,4767299,77,ms,firefox,,1712691411,2023-06-14 21:09:54,677.46,9e72228ed1e3f61fbaf9bf4d179d6a25220f1912,1257474,,,,,,,,,,,,,,,,,,,,,,,,,,,,,,,,,,,,,,,,,,,,,,,,,,,,,,,,,,,,,TN,TN
autoland,4767314,1,247a31fb40b3ac0b152bd3554743d742a3892fe3,linux1804-64-shippable-qr,True,False,,,102210fe594ee9b33d82058545b1ed14f4c8206e,id-getter-5.html,perf_reftest_singletons,True,perf_reftest_singletons id-getter-5.html opt e10s fission stylo webrender,4767299,77,ms,firefox,,1712691396,2023-06-14 21:10:53,691.06,ebe58b0d7ffc212a93981259605c60c9b54a5b18,1257475,,,,,,,,,,,,,,,,,,,,,,,,,,,,,,,,,,,,,,,,,,,,,,,,,,,,,,,,,,,,,TN,TN
autoland,4767314,1,247a31fb40b3ac0b152bd3554743d742a3892fe3,linux1804-64-shippable-qr,True,False,,,102210fe594ee9b33d82058545b1ed14f4c8206e,id-getter-5.html,perf_reftest_singletons,True,perf_reftest_singletons id-getter-5.html opt e10s fission stylo webrender,4767299,77,ms,firefox,,1712684523,2023-06-14 21:11:42,677.8599999999999,e29245b924d668d1f9ebd201253efd9bbe760b42,1257477,,,,,,,,,,,,,,,,,,,,,,,,,,,,,,,,,,,,,,,,,,,,,,,,,,,,,,,,,,,,,TN,TN
autoland,4767314,1,247a31fb40b3ac0b152bd3554743d742a3892fe3,linux1804-64-shippable-qr,True,False,,,102210fe594ee9b33d82058545b1ed14f4c8206e,id-getter-5.html,perf_reftest_singletons,True,perf_reftest_singletons id-getter-5.html opt e10s fission stylo webrender,4767299,77,ms,firefox,,1712709011,2023-06-14 21:11:42,682.13,e29245b924d668d1f9ebd201253efd9bbe760b42,1257477,,,,,,,,,,,,,,,,,,,,,,,,,,,,,,,,,,,,,,,,,,,,,,,,,,,,,,,,,,,,,TN,TN
autoland,4767314,1,247a31fb40b3ac0b152bd3554743d742a3892fe3,linux1804-64-shippable-qr,True,False,,,102210fe594ee9b33d82058545b1ed14f4c8206e,id-getter-5.html,perf_reftest_singletons,True,perf_reftest_singletons id-getter-5.html opt e10s fission stylo webrender,4767299,77,ms,firefox,,1712685183,2023-06-14 21:12:34,701.6099999999999,77c00d26c5f93e24f31ae9135d83e3ed0b90e2d6,1257478,,,,,,,,,,,,,,,,,,,,,,,,,,,,,,,,,,,,,,,,,,,,,,,,,,,,,,,,,,,,,TN,TN
autoland,4767314,1,247a31fb40b3ac0b152bd3554743d742a3892fe3,linux1804-64-shippable-qr,True,False,,,102210fe594ee9b33d82058545b1ed14f4c8206e,id-getter-5.html,perf_reftest_singletons,True,perf_reftest_singletons id-getter-5.html opt e10s fission stylo webrender,4767299,77,ms,firefox,,1712710113,2023-06-14 21:12:34,696.3,77c00d26c5f93e24f31ae9135d83e3ed0b90e2d6,1257478,,,,,,,,,,,,,,,,,,,,,,,,,,,,,,,,,,,,,,,,,,,,,,,,,,,,,,,,,,,,,TN,TN
autoland,4767314,1,247a31fb40b3ac0b152bd3554743d742a3892fe3,linux1804-64-shippable-qr,True,False,,,102210fe594ee9b33d82058545b1ed14f4c8206e,id-getter-5.html,perf_reftest_singletons,True,perf_reftest_singletons id-getter-5.html opt e10s fission stylo webrender,4767299,77,ms,firefox,,1712684948,2023-06-14 21:13:23,708.44,9ba5a5405490d5aac649c3827b230fd700ca1449,1257480,,,,,,,,,,,,,,,,,,,,,,,,,,,,,,,,,,,,,,,,,,,,,,,,,,,,,,,,,,,,,TN,TN
autoland,4767314,1,247a31fb40b3ac0b152bd3554743d742a3892fe3,linux1804-64-shippable-qr,True,False,,,102210fe594ee9b33d82058545b1ed14f4c8206e,id-getter-5.html,perf_reftest_singletons,True,perf_reftest_singletons id-getter-5.html opt e10s fission stylo webrender,4767299,77,ms,firefox,,1712709410,2023-06-14 21:13:23,690.99,9ba5a5405490d5aac649c3827b230fd700ca1449,1257480,,,,,,,,,,,,,,,,,,,,,,,,,,,,,,,,,,,,,,,,,,,,,,,,,,,,,,,,,,,,,TN,TN
autoland,4767314,1,247a31fb40b3ac0b152bd3554743d742a3892fe3,linux1804-64-shippable-qr,True,False,,,102210fe594ee9b33d82058545b1ed14f4c8206e,id-getter-5.html,perf_reftest_singletons,True,perf_reftest_singletons id-getter-5.html opt e10s fission stylo webrender,4767299,77,ms,firefox,,1712685852,2023-06-14 21:14:12,665.97,44e3de76601103aeb357b50fbbc851a815248bc9,1257481,,,,,,,,,,,,,,,,,,,,,,,,,,,,,,,,,,,,,,,,,,,,,,,,,,,,,,,,,,,,,TN,TN
autoland,4767314,1,247a31fb40b3ac0b152bd3554743d742a3892fe3,linux1804-64-shippable-qr,True,False,,,102210fe594ee9b33d82058545b1ed14f4c8206e,id-getter-5.html,perf_reftest_singletons,True,perf_reftest_singletons id-getter-5.html opt e10s fission stylo webrender,4767299,77,ms,firefox,,1712709529,2023-06-14 21:14:12,680.96,44e3de76601103aeb357b50fbbc851a815248bc9,1257481,,,,,,,,,,,,,,,,,,,,,,,,,,,,,,,,,,,,,,,,,,,,,,,,,,,,,,,,,,,,,TN,TN
autoland,4767314,1,247a31fb40b3ac0b152bd3554743d742a3892fe3,linux1804-64-shippable-qr,True,False,,,102210fe594ee9b33d82058545b1ed14f4c8206e,id-getter-5.html,perf_reftest_singletons,True,perf_reftest_singletons id-getter-5.html opt e10s fission stylo webrender,4767299,77,ms,firefox,,1712685768,2023-06-14 21:15:08,691.5699999999999,b4f612b0cfb8e477f969160baeb5bf89d8e66f46,1257482,,,,,,,,,,,,,,,,,,,,,,,,,,,,,,,,,,,,,,,,,,,,,,,,,,,,,,,,,,,,,TN,TN
autoland,4767314,1,247a31fb40b3ac0b152bd3554743d742a3892fe3,linux1804-64-shippable-qr,True,False,,,102210fe594ee9b33d82058545b1ed14f4c8206e,id-getter-5.html,perf_reftest_singletons,True,perf_reftest_singletons id-getter-5.html opt e10s fission stylo webrender,4767299,77,ms,firefox,,1712711578,2023-06-14 21:15:08,709.6600000000001,b4f612b0cfb8e477f969160baeb5bf89d8e66f46,1257482,,,,,,,,,,,,,,,,,,,,,,,,,,,,,,,,,,,,,,,,,,,,,,,,,,,,,,,,,,,,,TN,TN
autoland,4767314,1,247a31fb40b3ac0b152bd3554743d742a3892fe3,linux1804-64-shippable-qr,True,False,,,102210fe594ee9b33d82058545b1ed14f4c8206e,id-getter-5.html,perf_reftest_singletons,True,perf_reftest_singletons id-getter-5.html opt e10s fission stylo webrender,4767299,77,ms,firefox,,1712687572,2023-06-14 21:16:13,701.38,63ccd00a399a8423226295df82ff93920cfa1889,1257486,,,,,,,,,,,,,,,,,,,,,,,,,,,,,,,,,,,,,,,,,,,,,,,,,,,,,,,,,,,,,TN,TN
autoland,4767314,1,247a31fb40b3ac0b152bd3554743d742a3892fe3,linux1804-64-shippable-qr,True,False,,,102210fe594ee9b33d82058545b1ed14f4c8206e,id-getter-5.html,perf_reftest_singletons,True,perf_reftest_singletons id-getter-5.html opt e10s fission stylo webrender,4767299,77,ms,firefox,,1712710879,2023-06-14 21:16:13,696.8800000000001,63ccd00a399a8423226295df82ff93920cfa1889,1257486,,,,,,,,,,,,,,,,,,,,,,,,,,,,,,,,,,,,,,,,,,,,,,,,,,,,,,,,,,,,,TN,TN
autoland,4767314,1,247a31fb40b3ac0b152bd3554743d742a3892fe3,linux1804-64-shippable-qr,True,False,,,102210fe594ee9b33d82058545b1ed14f4c8206e,id-getter-5.html,perf_reftest_singletons,True,perf_reftest_singletons id-getter-5.html opt e10s fission stylo webrender,4767299,77,ms,firefox,,1712687763,2023-06-14 21:17:26,696.9300000000001,0ebda393786b0626290fd39412c47a8ba21e2171,1257487,,,,,,,,,,,,,,,,,,,,,,,,,,,,,,,,,,,,,,,,,,,,,,,,,,,,,,,,,,,,,TN,TN
autoland,4767314,1,247a31fb40b3ac0b152bd3554743d742a3892fe3,linux1804-64-shippable-qr,True,False,,,102210fe594ee9b33d82058545b1ed14f4c8206e,id-getter-5.html,perf_reftest_singletons,True,perf_reftest_singletons id-getter-5.html opt e10s fission stylo webrender,4767299,77,ms,firefox,,1712709580,2023-06-14 21:17:26,702.05,0ebda393786b0626290fd39412c47a8ba21e2171,1257487,,,,,,,,,,,,,,,,,,,,,,,,,,,,,,,,,,,,,,,,,,,,,,,,,,,,,,,,,,,,,TN,TN
autoland,4767314,1,247a31fb40b3ac0b152bd3554743d742a3892fe3,linux1804-64-shippable-qr,True,False,,,102210fe594ee9b33d82058545b1ed14f4c8206e,id-getter-5.html,perf_reftest_singletons,True,perf_reftest_singletons id-getter-5.html opt e10s fission stylo webrender,4767299,77,ms,firefox,,1712688864,2023-06-14 21:18:20,675.63,4aafabc53b6a7176800f2cea70fe967b27303659,1257489,,,,,,,,,,,,,,,,,,,,,,,,,,,,,,,,,,,,,,,,,,,,,,,,,,,,,,,,,,,,,TN,TN
autoland,4767314,1,247a31fb40b3ac0b152bd3554743d742a3892fe3,linux1804-64-shippable-qr,True,False,,,102210fe594ee9b33d82058545b1ed14f4c8206e,id-getter-5.html,perf_reftest_singletons,True,perf_reftest_singletons id-getter-5.html opt e10s fission stylo webrender,4767299,77,ms,firefox,,1712711191,2023-06-14 21:18:20,681.73,4aafabc53b6a7176800f2cea70fe967b27303659,1257489,,,,,,,,,,,,,,,,,,,,,,,,,,,,,,,,,,,,,,,,,,,,,,,,,,,,,,,,,,,,,TN,TN
autoland,4767314,1,247a31fb40b3ac0b152bd3554743d742a3892fe3,linux1804-64-shippable-qr,True,False,,,102210fe594ee9b33d82058545b1ed14f4c8206e,id-getter-5.html,perf_reftest_singletons,True,perf_reftest_singletons id-getter-5.html opt e10s fission stylo webrender,4767299,77,ms,firefox,,1712690235,2023-06-14 21:19:47,697.3900000000001,30738d539d3f3e96904c86962d622b68d2469a70,1257490,,,,,,,,,,,,,,,,,,,,,,,,,,,,,,,,,,,,,,,,,,,,,,,,,,,,,,,,,,,,,TN,TN
autoland,4767314,1,247a31fb40b3ac0b152bd3554743d742a3892fe3,linux1804-64-shippable-qr,True,False,,,102210fe594ee9b33d82058545b1ed14f4c8206e,id-getter-5.html,perf_reftest_singletons,True,perf_reftest_singletons id-getter-5.html opt e10s fission stylo webrender,4767299,77,ms,firefox,,1712712617,2023-06-14 21:19:47,694.55,30738d539d3f3e96904c86962d622b68d2469a70,1257490,,,,,,,,,,,,,,,,,,,,,,,,,,,,,,,,,,,,,,,,,,,,,,,,,,,,,,,,,,,,,TN,TN
autoland,4767314,1,247a31fb40b3ac0b152bd3554743d742a3892fe3,linux1804-64-shippable-qr,True,False,,,102210fe594ee9b33d82058545b1ed14f4c8206e,id-getter-5.html,perf_reftest_singletons,True,perf_reftest_singletons id-getter-5.html opt e10s fission stylo webrender,4767299,77,ms,firefox,,1711532939,2023-06-14 21:46:45,682.64,4b1c6fc1fc0f3e664d546c4bf5c24f0c157bc2c5,1257512,,,,,,,,,,,,,,,,,,,,,,,,,,,,,,,,,,,,,,,,,,,,,,,,,,,,,,,,,,,,,TN,TN
autoland,4767314,1,247a31fb40b3ac0b152bd3554743d742a3892fe3,linux1804-64-shippable-qr,True,False,,,102210fe594ee9b33d82058545b1ed14f4c8206e,id-getter-5.html,perf_reftest_singletons,True,perf_reftest_singletons id-getter-5.html opt e10s fission stylo webrender,4767299,77,ms,firefox,,1712687251,2023-06-14 23:31:39,708.17,e637dc2466d46339bd454a36b17578805a703e93,1257603,,,,,,,,,,,,,,,,,,,,,,,,,,,,,,,,,,,,,,,,,,,,,,,,,,,,,,,,,,,,,TN,TN
autoland,4767314,1,247a31fb40b3ac0b152bd3554743d742a3892fe3,linux1804-64-shippable-qr,True,False,,,102210fe594ee9b33d82058545b1ed14f4c8206e,id-getter-5.html,perf_reftest_singletons,True,perf_reftest_singletons id-getter-5.html opt e10s fission stylo webrender,4767299,77,ms,firefox,,1712686665,2023-06-14 23:33:14,694.22,f3ec770d7511f21a227ace0a843acb622f686a1c,1257604,,,,,,,,,,,,,,,,,,,,,,,,,,,,,,,,,,,,,,,,,,,,,,,,,,,,,,,,,,,,,TN,TN
autoland,4767314,1,247a31fb40b3ac0b152bd3554743d742a3892fe3,linux1804-64-shippable-qr,True,False,,,102210fe594ee9b33d82058545b1ed14f4c8206e,id-getter-5.html,perf_reftest_singletons,True,perf_reftest_singletons id-getter-5.html opt e10s fission stylo webrender,4767299,77,ms,firefox,,1712687306,2023-06-14 23:36:14,657.14,46e2145e66ddbaba1b9185cebd86c76f60270473,1257607,,,,,,,,,,,,,,,,,,,,,,,,,,,,,,,,,,,,,,,,,,,,,,,,,,,,,,,,,,,,,TN,TN
autoland,4767314,1,247a31fb40b3ac0b152bd3554743d742a3892fe3,linux1804-64-shippable-qr,True,False,,,102210fe594ee9b33d82058545b1ed14f4c8206e,id-getter-5.html,perf_reftest_singletons,True,perf_reftest_singletons id-getter-5.html opt e10s fission stylo webrender,4767299,77,ms,firefox,,1712687651,2023-06-14 23:36:14,658.69,46e2145e66ddbaba1b9185cebd86c76f60270473,1257607,,,,,,,,,,,,,,,,,,,,,,,,,,,,,,,,,,,,,,,,,,,,,,,,,,,,,,,,,,,,,TN,TN
autoland,4767314,1,247a31fb40b3ac0b152bd3554743d742a3892fe3,linux1804-64-shippable-qr,True,False,,,102210fe594ee9b33d82058545b1ed14f4c8206e,id-getter-5.html,perf_reftest_singletons,True,perf_reftest_singletons id-getter-5.html opt e10s fission stylo webrender,4767299,77,ms,firefox,,1712686041,2023-06-15 00:21:58,690.85,2200d22a37dd7278fa6f151c2d1a1100efaec0e7,1257627,,,,,,,,,,,,,,,,,,,,,,,,,,,,,,,,,,,,,,,,,,,,,,,,,,,,,,,,,,,,,TN,TN
autoland,4767314,1,247a31fb40b3ac0b152bd3554743d742a3892fe3,linux1804-64-shippable-qr,True,False,,,102210fe594ee9b33d82058545b1ed14f4c8206e,id-getter-5.html,perf_reftest_singletons,True,perf_reftest_singletons id-getter-5.html opt e10s fission stylo webrender,4767299,77,ms,firefox,,1712687468,2023-06-15 00:32:06,686.3699999999999,dd8c4852148ddcef2fa3b1723d80559b663bcfa9,1257632,,,,,,,,,,,,,,,,,,,,,,,,,,,,,,,,,,,,,,,,,,,,,,,,,,,,,,,,,,,,,TN,TN
autoland,4767314,1,247a31fb40b3ac0b152bd3554743d742a3892fe3,linux1804-64-shippable-qr,True,False,,,102210fe594ee9b33d82058545b1ed14f4c8206e,id-getter-5.html,perf_reftest_singletons,True,perf_reftest_singletons id-getter-5.html opt e10s fission stylo webrender,4767299,77,ms,firefox,,1712687709,2023-06-15 01:10:18,709.64,f79a5c376cee537c475ff187d9003ec2a28a2127,1257643,,,,,,,,,,,,,,,,,,,,,,,,,,,,,,,,,,,,,,,,,,,,,,,,,,,,,,,,,,,,,TN,TN
autoland,4767314,1,247a31fb40b3ac0b152bd3554743d742a3892fe3,linux1804-64-shippable-qr,True,False,,,102210fe594ee9b33d82058545b1ed14f4c8206e,id-getter-5.html,perf_reftest_singletons,True,perf_reftest_singletons id-getter-5.html opt e10s fission stylo webrender,4767299,77,ms,firefox,,1712688172,2023-06-15 01:34:18,674.64,d3f82b96482962efb74477843c8255914df72629,1257651,,,,,,,,,,,,,,,,,,,,,,,,,,,,,,,,,,,,,,,,,,,,,,,,,,,,,,,,,,,,,TN,TN
autoland,4767314,1,247a31fb40b3ac0b152bd3554743d742a3892fe3,linux1804-64-shippable-qr,True,False,,,102210fe594ee9b33d82058545b1ed14f4c8206e,id-getter-5.html,perf_reftest_singletons,True,perf_reftest_singletons id-getter-5.html opt e10s fission stylo webrender,4767299,77,ms,firefox,,1712690372,2023-06-15 01:34:18,689.3299999999999,d3f82b96482962efb74477843c8255914df72629,1257651,,,,,,,,,,,,,,,,,,,,,,,,,,,,,,,,,,,,,,,,,,,,,,,,,,,,,,,,,,,,,TN,TN
autoland,4767314,1,247a31fb40b3ac0b152bd3554743d742a3892fe3,linux1804-64-shippable-qr,True,False,,,102210fe594ee9b33d82058545b1ed14f4c8206e,id-getter-5.html,perf_reftest_singletons,True,perf_reftest_singletons id-getter-5.html opt e10s fission stylo webrender,4767299,77,ms,firefox,,1712688135,2023-06-15 01:36:53,685.1,2f7a472cb1c647dd4070e755b7ea245a4df13392,1257653,,,,,,,,,,,,,,,,,,,,,,,,,,,,,,,,,,,,,,,,,,,,,,,,,,,,,,,,,,,,,TN,TN
autoland,4767314,1,247a31fb40b3ac0b152bd3554743d742a3892fe3,linux1804-64-shippable-qr,True,False,,,102210fe594ee9b33d82058545b1ed14f4c8206e,id-getter-5.html,perf_reftest_singletons,True,perf_reftest_singletons id-getter-5.html opt e10s fission stylo webrender,4767299,77,ms,firefox,,1712688827,2023-06-15 01:44:38,700.58,300ef25e8fb35e15e35570e898293698df57bd34,1257659,,,,,,,,,,,,,,,,,,,,,,,,,,,,,,,,,,,,,,,,,,,,,,,,,,,,,,,,,,,,,TN,TN
autoland,4767314,1,247a31fb40b3ac0b152bd3554743d742a3892fe3,linux1804-64-shippable-qr,True,False,,,102210fe594ee9b33d82058545b1ed14f4c8206e,id-getter-5.html,perf_reftest_singletons,True,perf_reftest_singletons id-getter-5.html opt e10s fission stylo webrender,4767299,77,ms,firefox,,1711624185,2023-06-15 01:50:09,693.5899999999999,53e8e97bbe4e0c8fc4deff56e5b8d03391c0c023,1257663,,,,,,,,,,,,,,,,,,,,,,,,,,,,,,,,,,,,,,,,,,,,,,,,,,,,,,,,,,,,,TN,TN
autoland,4767314,1,247a31fb40b3ac0b152bd3554743d742a3892fe3,linux1804-64-shippable-qr,True,False,,,102210fe594ee9b33d82058545b1ed14f4c8206e,id-getter-5.html,perf_reftest_singletons,True,perf_reftest_singletons id-getter-5.html opt e10s fission stylo webrender,4767299,77,ms,firefox,,1712689655,2023-06-15 02:05:40,672.3,28b5b95614645f144616ac0634a5d72ffb2c4752,1257677,,,,,,,,,,,,,,,,,,,,,,,,,,,,,,,,,,,,,,,,,,,,,,,,,,,,,,,,,,,,,TN,TN
autoland,4767314,1,247a31fb40b3ac0b152bd3554743d742a3892fe3,linux1804-64-shippable-qr,True,False,,,102210fe594ee9b33d82058545b1ed14f4c8206e,id-getter-5.html,perf_reftest_singletons,True,perf_reftest_singletons id-getter-5.html opt e10s fission stylo webrender,4767299,77,ms,firefox,,1711646384,2023-06-15 02:43:47,663.73,abf8f424d2d09f957d7ecd02af086a9b7adde3f8,1257688,,,,,,,,,,,,,,,,,,,,,,,,,,,,,,,,,,,,,,,,,,,,,,,,,,,,,,,,,,,,,TN,TN
autoland,4767314,1,247a31fb40b3ac0b152bd3554743d742a3892fe3,linux1804-64-shippable-qr,True,False,,,102210fe594ee9b33d82058545b1ed14f4c8206e,id-getter-5.html,perf_reftest_singletons,True,perf_reftest_singletons id-getter-5.html opt e10s fission stylo webrender,4767299,77,ms,firefox,,1711740164,2023-06-15 06:54:30,690.9599999999999,900ba46a6df5d5b6dde0d5de391246157de49c8a,1257783,,,,,,,,,,,,,,,,,,,,,,,,,,,,,,,,,,,,,,,,,,,,,,,,,,,,,,,,,,,,,TN,TN
autoland,4767314,1,247a31fb40b3ac0b152bd3554743d742a3892fe3,linux1804-64-shippable-qr,True,False,,,102210fe594ee9b33d82058545b1ed14f4c8206e,id-getter-5.html,perf_reftest_singletons,True,perf_reftest_singletons id-getter-5.html opt e10s fission stylo webrender,4767299,77,ms,firefox,,1711822516,2023-06-15 10:33:37,682.5,86864bda9b5f7077819eb76b661bcefb89fd19fa,1257909,,,,,,,,,,,,,,,,,,,,,,,,,,,,,,,,,,,,,,,,,,,,,,,,,,,,,,,,,,,,,TN,TN
autoland,4767314,1,247a31fb40b3ac0b152bd3554743d742a3892fe3,linux1804-64-shippable-qr,True,False,,,102210fe594ee9b33d82058545b1ed14f4c8206e,id-getter-5.html,perf_reftest_singletons,True,perf_reftest_singletons id-getter-5.html opt e10s fission stylo webrender,4767299,77,ms,firefox,,1711944460,2023-06-15 14:40:40,709.6800000000001,02d601db620c1b64867202e025ce19938938a04f,1258053,,,,,,,,,,,,,,,,,,,,,,,,,,,,,,,,,,,,,,,,,,,,,,,,,,,,,,,,,,,,,TN,TN
autoland,4767314,1,247a31fb40b3ac0b152bd3554743d742a3892fe3,linux1804-64-shippable-qr,True,False,,,102210fe594ee9b33d82058545b1ed14f4c8206e,id-getter-5.html,perf_reftest_singletons,True,perf_reftest_singletons id-getter-5.html opt e10s fission stylo webrender,4767299,77,ms,firefox,,1711961954,2023-06-15 14:52:05,683.4300000000001,c71789b596556b921a7d6ce12b4102f252631c4b,1258066,,,,,,,,,,,,,,,,,,,,,,,,,,,,,,,,,,,,,,,,,,,,,,,,,,,,,,,,,,,,,TN,TN
autoland,4767314,1,247a31fb40b3ac0b152bd3554743d742a3892fe3,linux1804-64-shippable-qr,True,False,,,102210fe594ee9b33d82058545b1ed14f4c8206e,id-getter-5.html,perf_reftest_singletons,True,perf_reftest_singletons id-getter-5.html opt e10s fission stylo webrender,4767299,77,ms,firefox,,1712079039,2023-06-15 17:49:05,696.0799999999999,91738dd5bb441001f7837d0cae71c0be46925602,1258216,,,,,,,,,,,,,,,,,,,,,,,,,,,,,,,,,,,,,,,,,,,,,,,,,,,,,,,,,,,,,TN,TN
autoland,4767314,1,247a31fb40b3ac0b152bd3554743d742a3892fe3,linux1804-64-shippable-qr,True,False,,,102210fe594ee9b33d82058545b1ed14f4c8206e,id-getter-5.html,perf_reftest_singletons,True,perf_reftest_singletons id-getter-5.html opt e10s fission stylo webrender,4767299,77,ms,firefox,,1712188669,2023-06-15 20:51:19,702.47,ba00fe639072b671be556332e4628092d64d31df,1258374,,,,,,,,,,,,,,,,,,,,,,,,,,,,,,,,,,,,,,,,,,,,,,,,,,,,,,,,,,,,,TN,TN
autoland,4767314,1,247a31fb40b3ac0b152bd3554743d742a3892fe3,linux1804-64-shippable-qr,True,False,,,102210fe594ee9b33d82058545b1ed14f4c8206e,id-getter-5.html,perf_reftest_singletons,True,perf_reftest_singletons id-getter-5.html opt e10s fission stylo webrender,4767299,77,ms,firefox,,1713905427,2023-06-15 22:25:53,680.13,3b0228cca008167f79ffd8fc270b2279b2f96941,1258453,,,,,,,,,,,,,,,,,,,,,,,,,,,,,,,,,,,,,,,,,,,,,,,,,,,,,,,,,,,,,TN,TN
autoland,4767314,1,247a31fb40b3ac0b152bd3554743d742a3892fe3,linux1804-64-shippable-qr,True,False,,,102210fe594ee9b33d82058545b1ed14f4c8206e,id-getter-5.html,perf_reftest_singletons,True,perf_reftest_singletons id-getter-5.html opt e10s fission stylo webrender,4767299,77,ms,firefox,,1713907035,2023-06-15 22:25:53,740.05,3b0228cca008167f79ffd8fc270b2279b2f96941,1258453,,,,,,,,,,,,,,,,,,,,,,,,,,,,,,,,,,,,,,,,,,,,,,,,,,,,,,,,,,,,,TN,TN
autoland,4767314,1,247a31fb40b3ac0b152bd3554743d742a3892fe3,linux1804-64-shippable-qr,True,False,,,102210fe594ee9b33d82058545b1ed14f4c8206e,id-getter-5.html,perf_reftest_singletons,True,perf_reftest_singletons id-getter-5.html opt e10s fission stylo webrender,4767299,77,ms,firefox,,1713905592,2023-06-15 22:30:32,688.8800000000001,eafce10b1632c73750e254e838387d1ea12de820,1258459,,,,,,,,,,,,,,,,,,,,,,,,,,,,,,,,,,,,,,,,,,,,,,,,,,,,,,,,,,,,,TN,TN
autoland,4767314,1,247a31fb40b3ac0b152bd3554743d742a3892fe3,linux1804-64-shippable-qr,True,False,,,102210fe594ee9b33d82058545b1ed14f4c8206e,id-getter-5.html,perf_reftest_singletons,True,perf_reftest_singletons id-getter-5.html opt e10s fission stylo webrender,4767299,77,ms,firefox,,1713907171,2023-06-15 22:30:32,681.04,eafce10b1632c73750e254e838387d1ea12de820,1258459,,,,,,,,,,,,,,,,,,,,,,,,,,,,,,,,,,,,,,,,,,,,,,,,,,,,,,,,,,,,,TN,TN
autoland,4767314,1,247a31fb40b3ac0b152bd3554743d742a3892fe3,linux1804-64-shippable-qr,True,False,,,102210fe594ee9b33d82058545b1ed14f4c8206e,id-getter-5.html,perf_reftest_singletons,True,perf_reftest_singletons id-getter-5.html opt e10s fission stylo webrender,4767299,77,ms,firefox,,1713905484,2023-06-15 22:51:10,686.01,78204d8945ed635f208bee5527e6c693160f7992,1258476,,,,,,,,,,,,,,,,,,,,,,,,,,,,,,,,,,,,,,,,,,,,,,,,,,,,,,,,,,,,,TN,TN
autoland,4767314,1,247a31fb40b3ac0b152bd3554743d742a3892fe3,linux1804-64-shippable-qr,True,False,,,102210fe594ee9b33d82058545b1ed14f4c8206e,id-getter-5.html,perf_reftest_singletons,True,perf_reftest_singletons id-getter-5.html opt e10s fission stylo webrender,4767299,77,ms,firefox,,1713907383,2023-06-15 22:51:10,693.54,78204d8945ed635f208bee5527e6c693160f7992,1258476,,,,,,,,,,,,,,,,,,,,,,,,,,,,,,,,,,,,,,,,,,,,,,,,,,,,,,,,,,,,,TN,TN
autoland,4767314,1,247a31fb40b3ac0b152bd3554743d742a3892fe3,linux1804-64-shippable-qr,True,False,,,102210fe594ee9b33d82058545b1ed14f4c8206e,id-getter-5.html,perf_reftest_singletons,True,perf_reftest_singletons id-getter-5.html opt e10s fission stylo webrender,4767299,77,ms,firefox,,1713905555,2023-06-15 23:14:46,678.77,3b18400b7e1a9aab0d7d9fdd88e18576367ee5d5,1258494,,,,,,,,,,,,,,,,,,,,,,,,,,,,,,,,,,,,,,,,,,,,,,,,,,,,,,,,,,,,,TN,TN
autoland,4767314,1,247a31fb40b3ac0b152bd3554743d742a3892fe3,linux1804-64-shippable-qr,True,False,,,102210fe594ee9b33d82058545b1ed14f4c8206e,id-getter-5.html,perf_reftest_singletons,True,perf_reftest_singletons id-getter-5.html opt e10s fission stylo webrender,4767299,77,ms,firefox,,1713906998,2023-06-15 23:14:46,669.96,3b18400b7e1a9aab0d7d9fdd88e18576367ee5d5,1258494,,,,,,,,,,,,,,,,,,,,,,,,,,,,,,,,,,,,,,,,,,,,,,,,,,,,,,,,,,,,,TN,TN
autoland,4767314,1,247a31fb40b3ac0b152bd3554743d742a3892fe3,linux1804-64-shippable-qr,True,False,,,102210fe594ee9b33d82058545b1ed14f4c8206e,id-getter-5.html,perf_reftest_singletons,True,perf_reftest_singletons id-getter-5.html opt e10s fission stylo webrender,4767299,77,ms,firefox,,1713907214,2023-06-16 00:17:21,684.55,08fd41d3ba9b86259882ef3f3a02a49faa61a5c5,1258544,,,,,,,,,,,,,,,,,,,,,,,,,,,,,,,,,,,,,,,,,,,,,,,,,,,,,,,,,,,,,TN,TN
autoland,4767314,1,247a31fb40b3ac0b152bd3554743d742a3892fe3,linux1804-64-shippable-qr,True,False,,,102210fe594ee9b33d82058545b1ed14f4c8206e,id-getter-5.html,perf_reftest_singletons,True,perf_reftest_singletons id-getter-5.html opt e10s fission stylo webrender,4767299,77,ms,firefox,,1713905957,2023-06-16 00:17:21,682.8799999999999,08fd41d3ba9b86259882ef3f3a02a49faa61a5c5,1258544,,,,,,,,,,,,,,,,,,,,,,,,,,,,,,,,,,,,,,,,,,,,,,,,,,,,,,,,,,,,,TN,TN
autoland,4767314,1,247a31fb40b3ac0b152bd3554743d742a3892fe3,linux1804-64-shippable-qr,True,False,,,102210fe594ee9b33d82058545b1ed14f4c8206e,id-getter-5.html,perf_reftest_singletons,True,perf_reftest_singletons id-getter-5.html opt e10s fission stylo webrender,4767299,77,ms,firefox,,1713907251,2023-06-16 00:28:10,694.45,e600dd0bf914eb759d814e2ed7dc54f62d07c843,1258555,,,,,,,,,,,,,,,,,,,,,,,,,,,,,,,,,,,,,,,,,,,,,,,,,,,,,,,,,,,,,TN,TN
autoland,4767314,1,247a31fb40b3ac0b152bd3554743d742a3892fe3,linux1804-64-shippable-qr,True,False,,,102210fe594ee9b33d82058545b1ed14f4c8206e,id-getter-5.html,perf_reftest_singletons,True,perf_reftest_singletons id-getter-5.html opt e10s fission stylo webrender,4767299,77,ms,firefox,,1713906002,2023-06-16 00:28:10,720.88,e600dd0bf914eb759d814e2ed7dc54f62d07c843,1258555,,,,,,,,,,,,,,,,,,,,,,,,,,,,,,,,,,,,,,,,,,,,,,,,,,,,,,,,,,,,,TN,TN
autoland,4767314,1,247a31fb40b3ac0b152bd3554743d742a3892fe3,linux1804-64-shippable-qr,True,False,,,102210fe594ee9b33d82058545b1ed14f4c8206e,id-getter-5.html,perf_reftest_singletons,True,perf_reftest_singletons id-getter-5.html opt e10s fission stylo webrender,4767299,77,ms,firefox,,1712295888,2023-06-16 01:17:42,664.06,6bc2d3f9b1aaecde92c9388f00f3d564d136d00a,1258594,,,,,,,,,,,,,,,,,,,,,,,,,,,,,,,,,,,,,,,,,,,,,,,,,,,,,,,,,,,,,TN,TN
autoland,4767314,1,247a31fb40b3ac0b152bd3554743d742a3892fe3,linux1804-64-shippable-qr,True,False,,,102210fe594ee9b33d82058545b1ed14f4c8206e,id-getter-5.html,perf_reftest_singletons,True,perf_reftest_singletons id-getter-5.html opt e10s fission stylo webrender,4767299,77,ms,firefox,,1713907119,2023-06-16 01:17:42,652.3299999999999,6bc2d3f9b1aaecde92c9388f00f3d564d136d00a,1258594,,,,,,,,,,,,,,,,,,,,,,,,,,,,,,,,,,,,,,,,,,,,,,,,,,,,,,,,,,,,,TN,TN
autoland,4767314,1,247a31fb40b3ac0b152bd3554743d742a3892fe3,linux1804-64-shippable-qr,True,False,,,102210fe594ee9b33d82058545b1ed14f4c8206e,id-getter-5.html,perf_reftest_singletons,True,perf_reftest_singletons id-getter-5.html opt e10s fission stylo webrender,4767299,77,ms,firefox,,1713905902,2023-06-16 01:17:42,650.72,6bc2d3f9b1aaecde92c9388f00f3d564d136d00a,1258594,,,,,,,,,,,,,,,,,,,,,,,,,,,,,,,,,,,,,,,,,,,,,,,,,,,,,,,,,,,,,TN,TN
autoland,4767314,1,247a31fb40b3ac0b152bd3554743d742a3892fe3,linux1804-64-shippable-qr,True,False,,,102210fe594ee9b33d82058545b1ed14f4c8206e,id-getter-5.html,perf_reftest_singletons,True,perf_reftest_singletons id-getter-5.html opt e10s fission stylo webrender,4767299,77,ms,firefox,,1713907451,2023-06-16 03:40:15,690.1800000000001,d665bf53ace671a0f2c71491e23f8989a008cd70,1258623,,,,,,,,,,,,,,,,,,,,,,,,,,,,,,,,,,,,,,,,,,,,,,,,,,,,,,,,,,,,,TN,TN
autoland,4767314,1,247a31fb40b3ac0b152bd3554743d742a3892fe3,linux1804-64-shippable-qr,True,False,,,102210fe594ee9b33d82058545b1ed14f4c8206e,id-getter-5.html,perf_reftest_singletons,True,perf_reftest_singletons id-getter-5.html opt e10s fission stylo webrender,4767299,77,ms,firefox,,1713907662,2023-06-16 03:40:15,700.19,d665bf53ace671a0f2c71491e23f8989a008cd70,1258623,,,,,,,,,,,,,,,,,,,,,,,,,,,,,,,,,,,,,,,,,,,,,,,,,,,,,,,,,,,,,TN,TN
autoland,4767314,1,247a31fb40b3ac0b152bd3554743d742a3892fe3,linux1804-64-shippable-qr,True,False,,,102210fe594ee9b33d82058545b1ed14f4c8206e,id-getter-5.html,perf_reftest_singletons,True,perf_reftest_singletons id-getter-5.html opt e10s fission stylo webrender,4767299,77,ms,firefox,,1713907488,2023-06-16 05:11:53,683.72,cb7a3fba21afc5df5abfecc6d5d7b7b414a6d634,1258647,,,,,,,,,,,,,,,,,,,,,,,,,,,,,,,,,,,,,,,,,,,,,,,,,,,,,,,,,,,,,TN,TN
autoland,4767314,1,247a31fb40b3ac0b152bd3554743d742a3892fe3,linux1804-64-shippable-qr,True,False,,,102210fe594ee9b33d82058545b1ed14f4c8206e,id-getter-5.html,perf_reftest_singletons,True,perf_reftest_singletons id-getter-5.html opt e10s fission stylo webrender,4767299,77,ms,firefox,,1713907603,2023-06-16 05:11:53,687.8,cb7a3fba21afc5df5abfecc6d5d7b7b414a6d634,1258647,,,,,,,,,,,,,,,,,,,,,,,,,,,,,,,,,,,,,,,,,,,,,,,,,,,,,,,,,,,,,TN,TN
autoland,4767314,1,247a31fb40b3ac0b152bd3554743d742a3892fe3,linux1804-64-shippable-qr,True,False,,,102210fe594ee9b33d82058545b1ed14f4c8206e,id-getter-5.html,perf_reftest_singletons,True,perf_reftest_singletons id-getter-5.html opt e10s fission stylo webrender,4767299,77,ms,firefox,,1712391231,2023-06-16 06:01:05,678.5699999999999,6a640a4dd3245b82ce97d863bf842b0cd4089ce5,1258674,,,,,,,,,,,,,,,,,,,,,,,,,,,,,,,,,,,,,,,,,,,,,,,,,,,,,,,,,,,,,TN,TN
autoland,4767314,1,247a31fb40b3ac0b152bd3554743d742a3892fe3,linux1804-64-shippable-qr,True,False,,,102210fe594ee9b33d82058545b1ed14f4c8206e,id-getter-5.html,perf_reftest_singletons,True,perf_reftest_singletons id-getter-5.html opt e10s fission stylo webrender,4767299,77,ms,firefox,,1712459432,2023-06-16 08:20:05,688.83,34ee66e105968b161583947185cad1fcebdc6641,1258718,,,,,,,,,,,,,,,,,,,,,,,,,,,,,,,,,,,,,,,,,,,,,,,,,,,,,,,,,,,,,TN,TN
autoland,4767314,1,247a31fb40b3ac0b152bd3554743d742a3892fe3,linux1804-64-shippable-qr,True,False,,,102210fe594ee9b33d82058545b1ed14f4c8206e,id-getter-5.html,perf_reftest_singletons,True,perf_reftest_singletons id-getter-5.html opt e10s fission stylo webrender,4767299,77,ms,firefox,,1712640655,2023-06-16 12:30:26,631.82,439d02859a2ebe8406cb74f8d6c7b148011d1658,1258826,,,,,,,,,,,,,,,,,,,,,,,,,,,,,,,,,,,,,,,,,,,,,,,,,,,,,,,,,,,,,TN,TN
autoland,4767314,1,247a31fb40b3ac0b152bd3554743d742a3892fe3,linux1804-64-shippable-qr,True,False,,,102210fe594ee9b33d82058545b1ed14f4c8206e,id-getter-5.html,perf_reftest_singletons,True,perf_reftest_singletons id-getter-5.html opt e10s fission stylo webrender,4767299,77,ms,firefox,,1712663028,2023-06-16 14:03:27,684.88,1d8c3788eb6fa2e81d627829a32004244d0271df,1258891,,,,,,,,,,,,,,,,,,,,,,,,,,,,,,,,,,,,,,,,,,,,,,,,,,,,,,,,,,,,,TN,TN
autoland,4767314,1,247a31fb40b3ac0b152bd3554743d742a3892fe3,linux1804-64-shippable-qr,True,False,,,102210fe594ee9b33d82058545b1ed14f4c8206e,id-getter-5.html,perf_reftest_singletons,True,perf_reftest_singletons id-getter-5.html opt e10s fission stylo webrender,4767299,77,ms,firefox,,1712814099,2023-06-16 16:55:49,701.6,e59de52b8ebea2db606a46a888a941400375fe0f,1259018,,,,,,,,,,,,,,,,,,,,,,,,,,,,,,,,,,,,,,,,,,,,,,,,,,,,,,,,,,,,,TN,TN
autoland,4767314,1,247a31fb40b3ac0b152bd3554743d742a3892fe3,linux1804-64-shippable-qr,True,False,,,102210fe594ee9b33d82058545b1ed14f4c8206e,id-getter-5.html,perf_reftest_singletons,True,perf_reftest_singletons id-getter-5.html opt e10s fission stylo webrender,4767299,77,ms,firefox,,1712931961,2023-06-16 19:50:08,681.7,789349491e2fe15a39f350fe470db7d696989434,1259157,,,,,,,,,,,,,,,,,,,,,,,,,,,,,,,,,,,,,,,,,,,,,,,,,,,,,,,,,,,,,TN,TN
autoland,4767314,1,247a31fb40b3ac0b152bd3554743d742a3892fe3,linux1804-64-shippable-qr,True,False,,,102210fe594ee9b33d82058545b1ed14f4c8206e,id-getter-5.html,perf_reftest_singletons,True,perf_reftest_singletons id-getter-5.html opt e10s fission stylo webrender,4767299,77,ms,firefox,,1715871895,2023-06-16 23:46:48,746.12,9f9195f908480a7a4d5f0281a1c316ee3b183ba5,1259300,,,,,,,,,,,,,,,,,,,,,,,,,,,,,,,,,,,,,,,,,,,,,,,,,,,,,,,,,,,,,TN,TN
autoland,4767314,1,247a31fb40b3ac0b152bd3554743d742a3892fe3,linux1804-64-shippable-qr,True,False,,,102210fe594ee9b33d82058545b1ed14f4c8206e,id-getter-5.html,perf_reftest_singletons,True,perf_reftest_singletons id-getter-5.html opt e10s fission stylo webrender,4767299,77,ms,firefox,,1713033202,2023-06-17 00:30:00,683.0899999999999,901b7ccc8be5e49a1b9736555af9653d46de349e,1259314,,,,,,,,,,,,,,,,,,,,,,,,,,,,,,,,,,,,,,,,,,,,,,,,,,,,,,,,,,,,,TN,TN
autoland,4767314,1,247a31fb40b3ac0b152bd3554743d742a3892fe3,linux1804-64-shippable-qr,True,False,,,102210fe594ee9b33d82058545b1ed14f4c8206e,id-getter-5.html,perf_reftest_singletons,True,perf_reftest_singletons id-getter-5.html opt e10s fission stylo webrender,4767299,77,ms,firefox,,1715800971,2023-06-17 00:30:00,668.15,901b7ccc8be5e49a1b9736555af9653d46de349e,1259314,,,,,,,,,,,,,,,,,,,,,,,,,,,,,,,,,,,,,,,,,,,,,,,,,,,,,,,,,,,,,TN,TN
autoland,4767314,1,247a31fb40b3ac0b152bd3554743d742a3892fe3,linux1804-64-shippable-qr,True,False,,,102210fe594ee9b33d82058545b1ed14f4c8206e,id-getter-5.html,perf_reftest_singletons,True,perf_reftest_singletons id-getter-5.html opt e10s fission stylo webrender,4767299,77,ms,firefox,,1715873657,2023-06-17 02:24:46,692.74,29e4ffb2c3974dbb81fcc5ca102c6b5bd98f271f,1259334,,,,,,,,,,,,,,,,,,,,,,,,,,,,,,,,,,,,,,,,,,,,,,,,,,,,,,,,,,,,,TN,TN
autoland,4767314,1,247a31fb40b3ac0b152bd3554743d742a3892fe3,linux1804-64-shippable-qr,True,False,,,102210fe594ee9b33d82058545b1ed14f4c8206e,id-getter-5.html,perf_reftest_singletons,True,perf_reftest_singletons id-getter-5.html opt e10s fission stylo webrender,4767299,77,ms,firefox,,1715876982,2023-06-17 03:09:18,680.01,3e48dd6c32cf6f88efd5ef3a6ccde721d1c4bf67,1259339,,,,,,,,,,,,,,,,,,,,,,,,,,,,,,,,,,,,,,,,,,,,,,,,,,,,,,,,,,,,,TN,TN
autoland,4767314,1,247a31fb40b3ac0b152bd3554743d742a3892fe3,linux1804-64-shippable-qr,True,False,,,102210fe594ee9b33d82058545b1ed14f4c8206e,id-getter-5.html,perf_reftest_singletons,True,perf_reftest_singletons id-getter-5.html opt e10s fission stylo webrender,4767299,77,ms,firefox,,1715876841,2023-06-17 07:03:01,695.63,bc845039bead49ac91138453f0a90aa3fdaa1195,1259350,,,,,,,,,,,,,,,,,,,,,,,,,,,,,,,,,,,,,,,,,,,,,,,,,,,,,,,,,,,,,TN,TN
autoland,4767314,1,247a31fb40b3ac0b152bd3554743d742a3892fe3,linux1804-64-shippable-qr,True,False,,,102210fe594ee9b33d82058545b1ed14f4c8206e,id-getter-5.html,perf_reftest_singletons,True,perf_reftest_singletons id-getter-5.html opt e10s fission stylo webrender,4767299,77,ms,firefox,,1715877473,2023-06-17 07:29:27,678.51,ee558fb646d4b5a7a9ae86533e990944fc11cf13,1259352,,,,,,,,,,,,,,,,,,,,,,,,,,,,,,,,,,,,,,,,,,,,,,,,,,,,,,,,,,,,,TN,TN
autoland,4767314,1,247a31fb40b3ac0b152bd3554743d742a3892fe3,linux1804-64-shippable-qr,True,False,,,102210fe594ee9b33d82058545b1ed14f4c8206e,id-getter-5.html,perf_reftest_singletons,True,perf_reftest_singletons id-getter-5.html opt e10s fission stylo webrender,4767299,77,ms,firefox,,1713206027,2023-06-17 15:38:59,743.3399999999999,e0262ee6a9a7a642c11266a1e9cfa4bc3fbd4b3b,1259384,,,,,,,,,,,,,,,,,,,,,,,,,,,,,,,,,,,,,,,,,,,,,,,,,,,,,,,,,,,,,TN,TN
autoland,4767314,1,247a31fb40b3ac0b152bd3554743d742a3892fe3,linux1804-64-shippable-qr,True,False,,,102210fe594ee9b33d82058545b1ed14f4c8206e,id-getter-5.html,perf_reftest_singletons,True,perf_reftest_singletons id-getter-5.html opt e10s fission stylo webrender,4767299,77,ms,firefox,,1715801041,2023-06-17 15:38:59,678.5699999999999,e0262ee6a9a7a642c11266a1e9cfa4bc3fbd4b3b,1259384,,,,,,,,,,,,,,,,,,,,,,,,,,,,,,,,,,,,,,,,,,,,,,,,,,,,,,,,,,,,,TN,TN
autoland,4767314,1,247a31fb40b3ac0b152bd3554743d742a3892fe3,linux1804-64-shippable-qr,True,False,,,102210fe594ee9b33d82058545b1ed14f4c8206e,id-getter-5.html,perf_reftest_singletons,True,perf_reftest_singletons id-getter-5.html opt e10s fission stylo webrender,4767299,77,ms,firefox,,1715876443,2023-06-17 17:04:58,679.86,8740be66493fa62886c4df2a8895068ed554ef44,1259391,,,,,,,,,,,,,,,,,,,,,,,,,,,,,,,,,,,,,,,,,,,,,,,,,,,,,,,,,,,,,TN,TN
autoland,4767314,1,247a31fb40b3ac0b152bd3554743d742a3892fe3,linux1804-64-shippable-qr,True,False,,,102210fe594ee9b33d82058545b1ed14f4c8206e,id-getter-5.html,perf_reftest_singletons,True,perf_reftest_singletons id-getter-5.html opt e10s fission stylo webrender,4767299,77,ms,firefox,,1715876588,2023-06-17 18:59:12,690.7,4133c6a5cb5820dfc5fd417b2e675aefa32c1052,1259409,,,,,,,,,,,,,,,,,,,,,,,,,,,,,,,,,,,,,,,,,,,,,,,,,,,,,,,,,,,,,TN,TN
autoland,4767314,1,247a31fb40b3ac0b152bd3554743d742a3892fe3,linux1804-64-shippable-qr,True,False,,,102210fe594ee9b33d82058545b1ed14f4c8206e,id-getter-5.html,perf_reftest_singletons,True,perf_reftest_singletons id-getter-5.html opt e10s fission stylo webrender,4767299,77,ms,firefox,,1715801283,2023-06-17 19:10:12,691.41,ad499e552dc45d5c5cbbed8685facb397a1cec88,1259410,,,,,,,,,,,,,,,,,,,,,,,,,,,,,,,,,,,,,,,,,,,,,,,,,,,,,,,,,,,,,TN,TN
autoland,4767314,1,247a31fb40b3ac0b152bd3554743d742a3892fe3,linux1804-64-shippable-qr,True,False,,,102210fe594ee9b33d82058545b1ed14f4c8206e,id-getter-5.html,perf_reftest_singletons,True,perf_reftest_singletons id-getter-5.html opt e10s fission stylo webrender,4767299,77,ms,firefox,,1715801143,2023-06-17 20:17:23,684.01,681bc40a701e3804ffedb2333c1b389537a0d7e3,1259411,,,,,,,,,,,,,,,,,,,,,,,,,,,,,,,,,,,,,,,,,,,,,,,,,,,,,,,,,,,,,TN,TN
autoland,4767314,1,247a31fb40b3ac0b152bd3554743d742a3892fe3,linux1804-64-shippable-qr,True,False,,,102210fe594ee9b33d82058545b1ed14f4c8206e,id-getter-5.html,perf_reftest_singletons,True,perf_reftest_singletons id-getter-5.html opt e10s fission stylo webrender,4767299,77,ms,firefox,,1715872477,2023-06-17 21:02:08,706.1899999999999,3f67a7b1978fa234f2e44ef0f7341a79aadd2bed,1259414,,,,,,,,,,,,,,,,,,,,,,,,,,,,,,,,,,,,,,,,,,,,,,,,,,,,,,,,,,,,,TN,TN
autoland,4767314,1,247a31fb40b3ac0b152bd3554743d742a3892fe3,linux1804-64-shippable-qr,True,False,,,102210fe594ee9b33d82058545b1ed14f4c8206e,id-getter-5.html,perf_reftest_singletons,True,perf_reftest_singletons id-getter-5.html opt e10s fission stylo webrender,4767299,77,ms,firefox,,1713324042,2023-06-17 23:38:11,681.99,72d2cda2651d8fe01c8649f60e0620bc794a87fe,1259423,,,,,,,,,,,,,,,,,,,,,,,,,,,,,,,,,,,,,,,,,,,,,,,,,,,,,,,,,,,,,TN,TN
autoland,4767314,1,247a31fb40b3ac0b152bd3554743d742a3892fe3,linux1804-64-shippable-qr,True,False,,,102210fe594ee9b33d82058545b1ed14f4c8206e,id-getter-5.html,perf_reftest_singletons,True,perf_reftest_singletons id-getter-5.html opt e10s fission stylo webrender,4767299,77,ms,firefox,,1715801328,2023-06-17 23:38:11,675.3199999999999,72d2cda2651d8fe01c8649f60e0620bc794a87fe,1259423,,,,,,,,,,,,,,,,,,,,,,,,,,,,,,,,,,,,,,,,,,,,,,,,,,,,,,,,,,,,,TN,TN
autoland,4767314,1,247a31fb40b3ac0b152bd3554743d742a3892fe3,linux1804-64-shippable-qr,True,False,,,102210fe594ee9b33d82058545b1ed14f4c8206e,id-getter-5.html,perf_reftest_singletons,True,perf_reftest_singletons id-getter-5.html opt e10s fission stylo webrender,4767299,77,ms,firefox,,1715872176,2023-06-18 07:01:38,681.1700000000001,18e2d4517ab6d34ec1e9fbef706a1bafe33162c1,1259447,,,,,,,,,,,,,,,,,,,,,,,,,,,,,,,,,,,,,,,,,,,,,,,,,,,,,,,,,,,,,TN,TN
autoland,4767314,1,247a31fb40b3ac0b152bd3554743d742a3892fe3,linux1804-64-shippable-qr,True,False,,,102210fe594ee9b33d82058545b1ed14f4c8206e,id-getter-5.html,perf_reftest_singletons,True,perf_reftest_singletons id-getter-5.html opt e10s fission stylo webrender,4767299,77,ms,firefox,,1715875789,2023-06-18 10:38:14,676.5,ae57cf9741f22f0e75c8ee9c1a72fdf518aef221,1259463,,,,,,,,,,,,,,,,,,,,,,,,,,,,,,,,,,,,,,,,,,,,,,,,,,,,,,,,,,,,,TN,TN
autoland,4767314,1,247a31fb40b3ac0b152bd3554743d742a3892fe3,linux1804-64-shippable-qr,True,False,,,102210fe594ee9b33d82058545b1ed14f4c8206e,id-getter-5.html,perf_reftest_singletons,True,perf_reftest_singletons id-getter-5.html opt e10s fission stylo webrender,4767299,77,ms,firefox,,1713463592,2023-06-18 11:39:33,674.6899999999999,1634cff61cb0e270b9660ebdc234cfcf3fed2c68,1259465,,,,,,,,,,,,,,,,,,,,,,,,,,,,,,,,,,,,,,,,,,,,,,,,,,,,,,,,,,,,,TN,TN
autoland,4767314,1,247a31fb40b3ac0b152bd3554743d742a3892fe3,linux1804-64-shippable-qr,True,False,,,102210fe594ee9b33d82058545b1ed14f4c8206e,id-getter-5.html,perf_reftest_singletons,True,perf_reftest_singletons id-getter-5.html opt e10s fission stylo webrender,4767299,77,ms,firefox,,1715801400,2023-06-18 11:39:33,669.62,1634cff61cb0e270b9660ebdc234cfcf3fed2c68,1259465,,,,,,,,,,,,,,,,,,,,,,,,,,,,,,,,,,,,,,,,,,,,,,,,,,,,,,,,,,,,,TN,TN
autoland,4767314,1,247a31fb40b3ac0b152bd3554743d742a3892fe3,linux1804-64-shippable-qr,True,False,,,102210fe594ee9b33d82058545b1ed14f4c8206e,id-getter-5.html,perf_reftest_singletons,True,perf_reftest_singletons id-getter-5.html opt e10s fission stylo webrender,4767299,77,ms,firefox,,1715873696,2023-06-18 19:00:13,672.77,b49f25afebdd8a184017d3864a9676275cc44552,1259477,,,,,,,,,,,,,,,,,,,,,,,,,,,,,,,,,,,,,,,,,,,,,,,,,,,,,,,,,,,,,TN,TN
autoland,4767314,1,247a31fb40b3ac0b152bd3554743d742a3892fe3,linux1804-64-shippable-qr,True,False,,,102210fe594ee9b33d82058545b1ed14f4c8206e,id-getter-5.html,perf_reftest_singletons,True,perf_reftest_singletons id-getter-5.html opt e10s fission stylo webrender,4767299,77,ms,firefox,,1713690852,2023-06-19 00:32:35,655.9,1c059369d43547f90439b0a44cc76b54a0a3af97,1259516,,,,,,,,,,,,,,,,,,,,,,,,,,,,,,,,,,,,,,,,,,,,,,,,,,,,,,,,,,,,,TN,TN
autoland,4767314,1,247a31fb40b3ac0b152bd3554743d742a3892fe3,linux1804-64-shippable-qr,True,False,,,102210fe594ee9b33d82058545b1ed14f4c8206e,id-getter-5.html,perf_reftest_singletons,True,perf_reftest_singletons id-getter-5.html opt e10s fission stylo webrender,4767299,77,ms,firefox,,1715801367,2023-06-19 00:32:35,651.47,1c059369d43547f90439b0a44cc76b54a0a3af97,1259516,,,,,,,,,,,,,,,,,,,,,,,,,,,,,,,,,,,,,,,,,,,,,,,,,,,,,,,,,,,,,TN,TN
autoland,4767314,1,247a31fb40b3ac0b152bd3554743d742a3892fe3,linux1804-64-shippable-qr,True,False,,,102210fe594ee9b33d82058545b1ed14f4c8206e,id-getter-5.html,perf_reftest_singletons,True,perf_reftest_singletons id-getter-5.html opt e10s fission stylo webrender,4767299,77,ms,firefox,,1715801447,2023-06-19 02:37:45,676.94,45c64956278d14799ff8a8713c37b38aaa4cd58f,1259525,,,,,,,,,,,,,,,,,,,,,,,,,,,,,,,,,,,,,,,,,,,,,,,,,,,,,,,,,,,,,TN,TN
autoland,4767314,1,247a31fb40b3ac0b152bd3554743d742a3892fe3,linux1804-64-shippable-qr,True,False,,,102210fe594ee9b33d82058545b1ed14f4c8206e,id-getter-5.html,perf_reftest_singletons,True,perf_reftest_singletons id-getter-5.html opt e10s fission stylo webrender,4767299,77,ms,firefox,,1715481638,2023-06-19 04:26:54,681.8900000000001,64a74f5c324cada7c9dc3043ee4ea1d038b3ff11,1259531,,,,,,,,,,,,,,,,,,,,,,,,,,,,,,,,,,,,,,,,,,,,,,,,,,,,,,,,,,,,,TN,TN
autoland,4767314,1,247a31fb40b3ac0b152bd3554743d742a3892fe3,linux1804-64-shippable-qr,True,False,,,102210fe594ee9b33d82058545b1ed14f4c8206e,id-getter-5.html,perf_reftest_singletons,True,perf_reftest_singletons id-getter-5.html opt e10s fission stylo webrender,4767299,77,ms,firefox,,1713758516,2023-06-19 05:49:35,677.29,a9e342522ebdb9602671208a06e988a285d3af18,1259544,,,,,,,,,,,,,,,,,,,,,,,,,,,,,,,,,,,,,,,,,,,,,,,,,,,,,,,,,,,,,TN,TN
autoland,4767314,1,247a31fb40b3ac0b152bd3554743d742a3892fe3,linux1804-64-shippable-qr,True,False,,,102210fe594ee9b33d82058545b1ed14f4c8206e,id-getter-5.html,perf_reftest_singletons,True,perf_reftest_singletons id-getter-5.html opt e10s fission stylo webrender,4767299,77,ms,firefox,,1715482574,2023-06-19 07:00:55,703.46,7f2f2bfb71760da911abb1e0795352c850bac426,1259557,,,,,,,,,,,,,,,,,,,,,,,,,,,,,,,,,,,,,,,,,,,,,,,,,,,,,,,,,,,,,TN,TN
autoland,4767314,1,247a31fb40b3ac0b152bd3554743d742a3892fe3,linux1804-64-shippable-qr,True,False,,,102210fe594ee9b33d82058545b1ed14f4c8206e,id-getter-5.html,perf_reftest_singletons,True,perf_reftest_singletons id-getter-5.html opt e10s fission stylo webrender,4767299,77,ms,firefox,,1715482734,2023-06-19 07:52:05,681.6700000000001,ef725e0a6e5d4de9613fc2c961b48dcb8d49dd32,1259581,,,,,,,,,,,,,,,,,,,,,,,,,,,,,,,,,,,,,,,,,,,,,,,,,,,,,,,,,,,,,TN,TN
autoland,4767314,1,247a31fb40b3ac0b152bd3554743d742a3892fe3,linux1804-64-shippable-qr,True,False,,,102210fe594ee9b33d82058545b1ed14f4c8206e,id-getter-5.html,perf_reftest_singletons,True,perf_reftest_singletons id-getter-5.html opt e10s fission stylo webrender,4767299,77,ms,firefox,,1715482912,2023-06-19 08:18:22,686.39,09073d17c6819b180c15a1692615cc1aecc121ce,1259592,,,,,,,,,,,,,,,,,,,,,,,,,,,,,,,,,,,,,,,,,,,,,,,,,,,,,,,,,,,,,TN,TN
autoland,4767314,1,247a31fb40b3ac0b152bd3554743d742a3892fe3,linux1804-64-shippable-qr,True,False,,,102210fe594ee9b33d82058545b1ed14f4c8206e,id-getter-5.html,perf_reftest_singletons,True,perf_reftest_singletons id-getter-5.html opt e10s fission stylo webrender,4767299,77,ms,firefox,,1715483236,2023-06-19 08:27:42,686.88,7524a63fd9e815bedb91d25238d84a3ed2723d92,1259599,,,,,,,,,,,,,,,,,,,,,,,,,,,,,,,,,,,,,,,,,,,,,,,,,,,,,,,,,,,,,TN,TN
autoland,4767314,1,247a31fb40b3ac0b152bd3554743d742a3892fe3,linux1804-64-shippable-qr,True,False,,,102210fe594ee9b33d82058545b1ed14f4c8206e,id-getter-5.html,perf_reftest_singletons,True,perf_reftest_singletons id-getter-5.html opt e10s fission stylo webrender,4767299,77,ms,firefox,,1715665889,2023-06-19 08:27:42,676.96,7524a63fd9e815bedb91d25238d84a3ed2723d92,1259599,,,,,,,,,,,,,,,,,,,,,,,,,,,,,,,,,,,,,,,,,,,,,,,,,,,,,,,,,,,,,TN,TN
autoland,4767314,1,247a31fb40b3ac0b152bd3554743d742a3892fe3,linux1804-64-shippable-qr,True,False,,,102210fe594ee9b33d82058545b1ed14f4c8206e,id-getter-5.html,perf_reftest_singletons,True,perf_reftest_singletons id-getter-5.html opt e10s fission stylo webrender,4767299,77,ms,firefox,,1715453682,2023-06-19 09:07:21,695.05,9d0febec22e44c8ed71d569f8c03733102c47199,1259607,,,,,,,,,,,,,,,,,,,,,,,,,,,,,,,,,,,,,,,,,,,,,,,,,,,,,,,,,,,,,TN,TN
autoland,4767314,1,247a31fb40b3ac0b152bd3554743d742a3892fe3,linux1804-64-shippable-qr,True,False,,,102210fe594ee9b33d82058545b1ed14f4c8206e,id-getter-5.html,perf_reftest_singletons,True,perf_reftest_singletons id-getter-5.html opt e10s fission stylo webrender,4767299,77,ms,firefox,,1715666277,2023-06-19 09:07:21,679.11,9d0febec22e44c8ed71d569f8c03733102c47199,1259607,,,,,,,,,,,,,,,,,,,,,,,,,,,,,,,,,,,,,,,,,,,,,,,,,,,,,,,,,,,,,TN,TN
autoland,4767314,1,247a31fb40b3ac0b152bd3554743d742a3892fe3,linux1804-64-shippable-qr,True,False,,,102210fe594ee9b33d82058545b1ed14f4c8206e,id-getter-5.html,perf_reftest_singletons,True,perf_reftest_singletons id-getter-5.html opt e10s fission stylo webrender,4767299,77,ms,firefox,,1715483578,2023-06-19 09:10:20,682.32,a97115e2be2374e480bb480120c62488e87739d5,1259610,,,,,,,,,,,,,,,,,,,,,,,,,,,,,,,,,,,,,,,,,,,,,,,,,,,,,,,,,,,,,TN,TN
autoland,4767314,1,247a31fb40b3ac0b152bd3554743d742a3892fe3,linux1804-64-shippable-qr,True,False,,,102210fe594ee9b33d82058545b1ed14f4c8206e,id-getter-5.html,perf_reftest_singletons,True,perf_reftest_singletons id-getter-5.html opt e10s fission stylo webrender,4767299,77,ms,firefox,,1715666172,2023-06-19 09:10:20,687.6899999999999,a97115e2be2374e480bb480120c62488e87739d5,1259610,,,,,,,,,,,,,,,,,,,,,,,,,,,,,,,,,,,,,,,,,,,,,,,,,,,,,,,,,,,,,TN,TN
autoland,4767314,1,247a31fb40b3ac0b152bd3554743d742a3892fe3,linux1804-64-shippable-qr,True,False,,,102210fe594ee9b33d82058545b1ed14f4c8206e,id-getter-5.html,perf_reftest_singletons,True,perf_reftest_singletons id-getter-5.html opt e10s fission stylo webrender,4767299,77,ms,firefox,,1716315933,2023-06-19 09:10:20,674.52,a97115e2be2374e480bb480120c62488e87739d5,1259610,,,,,,,,,,,,,,,,,,,,,,,,,,,,,,,,,,,,,,,,,,,,,,,,,,,,,,,,,,,,,TN,TN
autoland,4767314,1,247a31fb40b3ac0b152bd3554743d742a3892fe3,linux1804-64-shippable-qr,True,False,,,102210fe594ee9b33d82058545b1ed14f4c8206e,id-getter-5.html,perf_reftest_singletons,True,perf_reftest_singletons id-getter-5.html opt e10s fission stylo webrender,4767299,77,ms,firefox,,1716316766,2023-06-19 09:10:20,676.41,a97115e2be2374e480bb480120c62488e87739d5,1259610,,,,,,,,,,,,,,,,,,,,,,,,,,,,,,,,,,,,,,,,,,,,,,,,,,,,,,,,,,,,,TN,TN
autoland,4767314,1,247a31fb40b3ac0b152bd3554743d742a3892fe3,linux1804-64-shippable-qr,True,False,,,102210fe594ee9b33d82058545b1ed14f4c8206e,id-getter-5.html,perf_reftest_singletons,True,perf_reftest_singletons id-getter-5.html opt e10s fission stylo webrender,4767299,77,ms,firefox,,1715481979,2023-06-19 09:31:25,687.8899999999999,c6ba7e7602d85a24db682c500d6d9dbef68437cb,1259615,,,,,,,,,,,,,,,,,,,,,,,,,,,,,,,,,,,,,,,,,,,,,,,,,,,,,,,,,,,,,TN,TN
autoland,4767314,1,247a31fb40b3ac0b152bd3554743d742a3892fe3,linux1804-64-shippable-qr,True,False,,,102210fe594ee9b33d82058545b1ed14f4c8206e,id-getter-5.html,perf_reftest_singletons,True,perf_reftest_singletons id-getter-5.html opt e10s fission stylo webrender,4767299,77,ms,firefox,,1715666328,2023-06-19 09:31:25,677.3299999999999,c6ba7e7602d85a24db682c500d6d9dbef68437cb,1259615,,,,,,,,,,,,,,,,,,,,,,,,,,,,,,,,,,,,,,,,,,,,,,,,,,,,,,,,,,,,,TN,TN
autoland,4767314,1,247a31fb40b3ac0b152bd3554743d742a3892fe3,linux1804-64-shippable-qr,True,False,,,102210fe594ee9b33d82058545b1ed14f4c8206e,id-getter-5.html,perf_reftest_singletons,True,perf_reftest_singletons id-getter-5.html opt e10s fission stylo webrender,4767299,77,ms,firefox,,1716315887,2023-06-19 09:31:25,699.1700000000001,c6ba7e7602d85a24db682c500d6d9dbef68437cb,1259615,,,,,,,,,,,,,,,,,,,,,,,,,,,,,,,,,,,,,,,,,,,,,,,,,,,,,,,,,,,,,TN,TN
autoland,4767314,1,247a31fb40b3ac0b152bd3554743d742a3892fe3,linux1804-64-shippable-qr,True,False,,,102210fe594ee9b33d82058545b1ed14f4c8206e,id-getter-5.html,perf_reftest_singletons,True,perf_reftest_singletons id-getter-5.html opt e10s fission stylo webrender,4767299,77,ms,firefox,,1716315507,2023-06-19 09:31:25,683.9300000000001,c6ba7e7602d85a24db682c500d6d9dbef68437cb,1259615,,,,,,,,,,,,,,,,,,,,,,,,,,,,,,,,,,,,,,,,,,,,,,,,,,,,,,,,,,,,,TN,TN
autoland,4767314,1,247a31fb40b3ac0b152bd3554743d742a3892fe3,linux1804-64-shippable-qr,True,False,,,102210fe594ee9b33d82058545b1ed14f4c8206e,id-getter-5.html,perf_reftest_singletons,True,perf_reftest_singletons id-getter-5.html opt e10s fission stylo webrender,4767299,77,ms,firefox,,1713826132,2023-06-19 09:32:15,673.81,0274a8c06c67e5ee1dccdb4e151ccf0ec70af43f,1259616,,,,,,,,,,,,,,,,,,,,,,,,,,,,,,,,,,,,,,,,,,,,,,,,,,,,,,,,,,,,,TN,TN
autoland,4767314,1,247a31fb40b3ac0b152bd3554743d742a3892fe3,linux1804-64-shippable-qr,True,False,,,102210fe594ee9b33d82058545b1ed14f4c8206e,id-getter-5.html,perf_reftest_singletons,True,perf_reftest_singletons id-getter-5.html opt e10s fission stylo webrender,4767299,77,ms,firefox,,1715666571,2023-06-19 09:32:15,684.51,0274a8c06c67e5ee1dccdb4e151ccf0ec70af43f,1259616,,,,,,,,,,,,,,,,,,,,,,,,,,,,,,,,,,,,,,,,,,,,,,,,,,,,,,,,,,,,,TN,TN
autoland,4767314,1,247a31fb40b3ac0b152bd3554743d742a3892fe3,linux1804-64-shippable-qr,True,False,,,102210fe594ee9b33d82058545b1ed14f4c8206e,id-getter-5.html,perf_reftest_singletons,True,perf_reftest_singletons id-getter-5.html opt e10s fission stylo webrender,4767299,77,ms,firefox,,1716317555,2023-06-19 09:32:15,681.85,0274a8c06c67e5ee1dccdb4e151ccf0ec70af43f,1259616,,,,,,,,,,,,,,,,,,,,,,,,,,,,,,,,,,,,,,,,,,,,,,,,,,,,,,,,,,,,,TN,TN
autoland,4767314,1,247a31fb40b3ac0b152bd3554743d742a3892fe3,linux1804-64-shippable-qr,True,False,,,102210fe594ee9b33d82058545b1ed14f4c8206e,id-getter-5.html,perf_reftest_singletons,True,perf_reftest_singletons id-getter-5.html opt e10s fission stylo webrender,4767299,77,ms,firefox,,1716317753,2023-06-19 09:32:15,692.71,0274a8c06c67e5ee1dccdb4e151ccf0ec70af43f,1259616,,,,,,,,,,,,,,,,,,,,,,,,,,,,,,,,,,,,,,,,,,,,,,,,,,,,,,,,,,,,,TN,TN
autoland,4767314,1,247a31fb40b3ac0b152bd3554743d742a3892fe3,linux1804-64-shippable-qr,True,False,,,102210fe594ee9b33d82058545b1ed14f4c8206e,id-getter-5.html,perf_reftest_singletons,True,perf_reftest_singletons id-getter-5.html opt e10s fission stylo webrender,4767299,77,ms,firefox,,1715667002,2023-06-19 09:52:14,686.8299999999999,eca52f74d619c31d42722a8e1378bcd68b2b1380,1259623,,,,,,,,,,,,,,,,,,,,,,,,,,,,,,,,,,,,,,,,,,,,,,,,,,,,,,,,,,,,,TN,TN
autoland,4767314,1,247a31fb40b3ac0b152bd3554743d742a3892fe3,linux1804-64-shippable-qr,True,False,,,102210fe594ee9b33d82058545b1ed14f4c8206e,id-getter-5.html,perf_reftest_singletons,True,perf_reftest_singletons id-getter-5.html opt e10s fission stylo webrender,4767299,77,ms,firefox,,1716317031,2023-06-19 09:52:14,678.15,eca52f74d619c31d42722a8e1378bcd68b2b1380,1259623,,,,,,,,,,,,,,,,,,,,,,,,,,,,,,,,,,,,,,,,,,,,,,,,,,,,,,,,,,,,,TN,TN
autoland,4767314,1,247a31fb40b3ac0b152bd3554743d742a3892fe3,linux1804-64-shippable-qr,True,False,,,102210fe594ee9b33d82058545b1ed14f4c8206e,id-getter-5.html,perf_reftest_singletons,True,perf_reftest_singletons id-getter-5.html opt e10s fission stylo webrender,4767299,77,ms,firefox,,1716317293,2023-06-19 09:52:14,678.8699999999999,eca52f74d619c31d42722a8e1378bcd68b2b1380,1259623,,,,,,,,,,,,,,,,,,,,,,,,,,,,,,,,,,,,,,,,,,,,,,,,,,,,,,,,,,,,,TN,TN
autoland,4767314,1,247a31fb40b3ac0b152bd3554743d742a3892fe3,linux1804-64-shippable-qr,True,False,,,102210fe594ee9b33d82058545b1ed14f4c8206e,id-getter-5.html,perf_reftest_singletons,True,perf_reftest_singletons id-getter-5.html opt e10s fission stylo webrender,4767299,77,ms,firefox,,1715667623,2023-06-19 09:54:27,697.27,480153d9246e848074856acda051fdddb0584246,1259625,,,,,,,,,,,,,,,,,,,,,,,,,,,,,,,,,,,,,,,,,,,,,,,,,,,,,,,,,,,,,TN,TN
autoland,4767314,1,247a31fb40b3ac0b152bd3554743d742a3892fe3,linux1804-64-shippable-qr,True,False,,,102210fe594ee9b33d82058545b1ed14f4c8206e,id-getter-5.html,perf_reftest_singletons,True,perf_reftest_singletons id-getter-5.html opt e10s fission stylo webrender,4767299,77,ms,firefox,,1716318207,2023-06-19 09:54:27,698.38,480153d9246e848074856acda051fdddb0584246,1259625,,,,,,,,,,,,,,,,,,,,,,,,,,,,,,,,,,,,,,,,,,,,,,,,,,,,,,,,,,,,,TN,TN
autoland,4767314,1,247a31fb40b3ac0b152bd3554743d742a3892fe3,linux1804-64-shippable-qr,True,False,,,102210fe594ee9b33d82058545b1ed14f4c8206e,id-getter-5.html,perf_reftest_singletons,True,perf_reftest_singletons id-getter-5.html opt e10s fission stylo webrender,4767299,77,ms,firefox,,1716318309,2023-06-19 09:54:27,690.15,480153d9246e848074856acda051fdddb0584246,1259625,,,,,,,,,,,,,,,,,,,,,,,,,,,,,,,,,,,,,,,,,,,,,,,,,,,,,,,,,,,,,TN,TN
autoland,4767314,1,247a31fb40b3ac0b152bd3554743d742a3892fe3,linux1804-64-shippable-qr,True,False,,,102210fe594ee9b33d82058545b1ed14f4c8206e,id-getter-5.html,perf_reftest_singletons,True,perf_reftest_singletons id-getter-5.html opt e10s fission stylo webrender,4767299,77,ms,firefox,,1715668005,2023-06-19 10:16:41,678.25,b289ac5d9c2a586f78a29e0b54ec2dae1c132aad,1259642,,,,,,,,,,,,,,,,,,,,,,,,,,,,,,,,,,,,,,,,,,,,,,,,,,,,,,,,,,,,,TN,TN
autoland,4767314,1,247a31fb40b3ac0b152bd3554743d742a3892fe3,linux1804-64-shippable-qr,True,False,,,102210fe594ee9b33d82058545b1ed14f4c8206e,id-getter-5.html,perf_reftest_singletons,True,perf_reftest_singletons id-getter-5.html opt e10s fission stylo webrender,4767299,77,ms,firefox,,1716326491,2023-06-19 10:16:41,679.0799999999999,b289ac5d9c2a586f78a29e0b54ec2dae1c132aad,1259642,,,,,,,,,,,,,,,,,,,,,,,,,,,,,,,,,,,,,,,,,,,,,,,,,,,,,,,,,,,,,TN,TN
autoland,4767314,1,247a31fb40b3ac0b152bd3554743d742a3892fe3,linux1804-64-shippable-qr,True,False,,,102210fe594ee9b33d82058545b1ed14f4c8206e,id-getter-5.html,perf_reftest_singletons,True,perf_reftest_singletons id-getter-5.html opt e10s fission stylo webrender,4767299,77,ms,firefox,,1716326350,2023-06-19 10:16:41,676.4000000000001,b289ac5d9c2a586f78a29e0b54ec2dae1c132aad,1259642,,,,,,,,,,,,,,,,,,,,,,,,,,,,,,,,,,,,,,,,,,,,,,,,,,,,,,,,,,,,,TN,TN
autoland,4767314,1,247a31fb40b3ac0b152bd3554743d742a3892fe3,linux1804-64-shippable-qr,True,False,,,102210fe594ee9b33d82058545b1ed14f4c8206e,id-getter-5.html,perf_reftest_singletons,True,perf_reftest_singletons id-getter-5.html opt e10s fission stylo webrender,4767299,77,ms,firefox,,1715667458,2023-06-19 10:32:26,684.5899999999999,adc3f9bddb8cf0c2bf3ede9f48648c4598dadef7,1259650,,,,,,,,,,,,,,,,,,,,,,,,,,,,,,,,,,,,,,,,,,,,,,,,,,,,,,,,,,,,,TN,TN
autoland,4767314,1,247a31fb40b3ac0b152bd3554743d742a3892fe3,linux1804-64-shippable-qr,True,False,,,102210fe594ee9b33d82058545b1ed14f4c8206e,id-getter-5.html,perf_reftest_singletons,True,perf_reftest_singletons id-getter-5.html opt e10s fission stylo webrender,4767299,77,ms,firefox,,1716317671,2023-06-19 10:32:26,695.23,adc3f9bddb8cf0c2bf3ede9f48648c4598dadef7,1259650,,,,,,,,,,,,,,,,,,,,,,,,,,,,,,,,,,,,,,,,,,,,,,,,,,,,,,,,,,,,,TN,TN
autoland,4767314,1,247a31fb40b3ac0b152bd3554743d742a3892fe3,linux1804-64-shippable-qr,True,False,,,102210fe594ee9b33d82058545b1ed14f4c8206e,id-getter-5.html,perf_reftest_singletons,True,perf_reftest_singletons id-getter-5.html opt e10s fission stylo webrender,4767299,77,ms,firefox,,1716317714,2023-06-19 10:32:26,677.8,adc3f9bddb8cf0c2bf3ede9f48648c4598dadef7,1259650,,,,,,,,,,,,,,,,,,,,,,,,,,,,,,,,,,,,,,,,,,,,,,,,,,,,,,,,,,,,,TN,TN
autoland,4767314,1,247a31fb40b3ac0b152bd3554743d742a3892fe3,linux1804-64-shippable-qr,True,False,,,102210fe594ee9b33d82058545b1ed14f4c8206e,id-getter-5.html,perf_reftest_singletons,True,perf_reftest_singletons id-getter-5.html opt e10s fission stylo webrender,4767299,77,ms,firefox,,1715668796,2023-06-19 10:42:47,676.0799999999999,163eab9d0e761802f32c649f1ae209f714094900,1259653,,,,,,,,,,,,,,,,,,,,,,,,,,,,,,,,,,,,,,,,,,,,,,,,,,,,,,,,,,,,,TN,TN
autoland,4767314,1,247a31fb40b3ac0b152bd3554743d742a3892fe3,linux1804-64-shippable-qr,True,False,,,102210fe594ee9b33d82058545b1ed14f4c8206e,id-getter-5.html,perf_reftest_singletons,True,perf_reftest_singletons id-getter-5.html opt e10s fission stylo webrender,4767299,77,ms,firefox,,1716318388,2023-06-19 10:42:47,677.79,163eab9d0e761802f32c649f1ae209f714094900,1259653,,,,,,,,,,,,,,,,,,,,,,,,,,,,,,,,,,,,,,,,,,,,,,,,,,,,,,,,,,,,,TN,TN
autoland,4767314,1,247a31fb40b3ac0b152bd3554743d742a3892fe3,linux1804-64-shippable-qr,True,False,,,102210fe594ee9b33d82058545b1ed14f4c8206e,id-getter-5.html,perf_reftest_singletons,True,perf_reftest_singletons id-getter-5.html opt e10s fission stylo webrender,4767299,77,ms,firefox,,1716318505,2023-06-19 10:42:47,684.97,163eab9d0e761802f32c649f1ae209f714094900,1259653,,,,,,,,,,,,,,,,,,,,,,,,,,,,,,,,,,,,,,,,,,,,,,,,,,,,,,,,,,,,,TN,TN
autoland,4767314,1,247a31fb40b3ac0b152bd3554743d742a3892fe3,linux1804-64-shippable-qr,True,False,,,102210fe594ee9b33d82058545b1ed14f4c8206e,id-getter-5.html,perf_reftest_singletons,True,perf_reftest_singletons id-getter-5.html opt e10s fission stylo webrender,4767299,77,ms,firefox,,1715665329,2023-06-19 10:54:06,678.39,48e95e86f4c75db91d98b1e674c6fd254324b7a8,1259657,,,,,,,,,,,,,,,,,,,,,,,,,,,,,,,,,,,,,,,,,,,,,,,,,,,,,,,,,,,,,TN,TN
autoland,4767314,1,247a31fb40b3ac0b152bd3554743d742a3892fe3,linux1804-64-shippable-qr,True,False,,,102210fe594ee9b33d82058545b1ed14f4c8206e,id-getter-5.html,perf_reftest_singletons,True,perf_reftest_singletons id-getter-5.html opt e10s fission stylo webrender,4767299,77,ms,firefox,,1715669602,2023-06-19 10:54:06,684.01,48e95e86f4c75db91d98b1e674c6fd254324b7a8,1259657,,,,,,,,,,,,,,,,,,,,,,,,,,,,,,,,,,,,,,,,,,,,,,,,,,,,,,,,,,,,,TN,TN
autoland,4767314,1,247a31fb40b3ac0b152bd3554743d742a3892fe3,linux1804-64-shippable-qr,True,False,,,102210fe594ee9b33d82058545b1ed14f4c8206e,id-getter-5.html,perf_reftest_singletons,True,perf_reftest_singletons id-getter-5.html opt e10s fission stylo webrender,4767299,77,ms,firefox,,1716318662,2023-06-19 10:54:06,678.6700000000001,48e95e86f4c75db91d98b1e674c6fd254324b7a8,1259657,,,,,,,,,,,,,,,,,,,,,,,,,,,,,,,,,,,,,,,,,,,,,,,,,,,,,,,,,,,,,TN,TN
autoland,4767314,1,247a31fb40b3ac0b152bd3554743d742a3892fe3,linux1804-64-shippable-qr,True,False,,,102210fe594ee9b33d82058545b1ed14f4c8206e,id-getter-5.html,perf_reftest_singletons,True,perf_reftest_singletons id-getter-5.html opt e10s fission stylo webrender,4767299,77,ms,firefox,,1716318834,2023-06-19 10:54:06,670.52,48e95e86f4c75db91d98b1e674c6fd254324b7a8,1259657,,,,,,,,,,,,,,,,,,,,,,,,,,,,,,,,,,,,,,,,,,,,,,,,,,,,,,,,,,,,,TN,TN
autoland,4767314,1,247a31fb40b3ac0b152bd3554743d742a3892fe3,linux1804-64-shippable-qr,True,False,,,102210fe594ee9b33d82058545b1ed14f4c8206e,id-getter-5.html,perf_reftest_singletons,True,perf_reftest_singletons id-getter-5.html opt e10s fission stylo webrender,4767299,77,ms,firefox,,1715665494,2023-06-19 10:57:13,685.89,dcc8fc79cd80d8e3ace9dc6687916b9f166455be,1259660,,,,,,,,,,,,,,,,,,,,,,,,,,,,,,,,,,,,,,,,,,,,,,,,,,,,,,,,,,,,,TN,TN
autoland,4767314,1,247a31fb40b3ac0b152bd3554743d742a3892fe3,linux1804-64-shippable-qr,True,False,,,102210fe594ee9b33d82058545b1ed14f4c8206e,id-getter-5.html,perf_reftest_singletons,True,perf_reftest_singletons id-getter-5.html opt e10s fission stylo webrender,4767299,77,ms,firefox,,1715669421,2023-06-19 10:57:13,682.31,dcc8fc79cd80d8e3ace9dc6687916b9f166455be,1259660,,,,,,,,,,,,,,,,,,,,,,,,,,,,,,,,,,,,,,,,,,,,,,,,,,,,,,,,,,,,,TN,TN
autoland,4767314,1,247a31fb40b3ac0b152bd3554743d742a3892fe3,linux1804-64-shippable-qr,True,False,,,102210fe594ee9b33d82058545b1ed14f4c8206e,id-getter-5.html,perf_reftest_singletons,True,perf_reftest_singletons id-getter-5.html opt e10s fission stylo webrender,4767299,77,ms,firefox,,1716319461,2023-06-19 10:57:13,699.9,dcc8fc79cd80d8e3ace9dc6687916b9f166455be,1259660,,,,,,,,,,,,,,,,,,,,,,,,,,,,,,,,,,,,,,,,,,,,,,,,,,,,,,,,,,,,,TN,TN
autoland,4767314,1,247a31fb40b3ac0b152bd3554743d742a3892fe3,linux1804-64-shippable-qr,True,False,,,102210fe594ee9b33d82058545b1ed14f4c8206e,id-getter-5.html,perf_reftest_singletons,True,perf_reftest_singletons id-getter-5.html opt e10s fission stylo webrender,4767299,77,ms,firefox,,1716319638,2023-06-19 10:57:13,685.4399999999999,dcc8fc79cd80d8e3ace9dc6687916b9f166455be,1259660,,,,,,,,,,,,,,,,,,,,,,,,,,,,,,,,,,,,,,,,,,,,,,,,,,,,,,,,,,,,,TN,TN
autoland,4767314,1,247a31fb40b3ac0b152bd3554743d742a3892fe3,linux1804-64-shippable-qr,True,False,,,102210fe594ee9b33d82058545b1ed14f4c8206e,id-getter-5.html,perf_reftest_singletons,True,perf_reftest_singletons id-getter-5.html opt e10s fission stylo webrender,4767299,77,ms,firefox,,1715665560,2023-06-19 10:58:05,677.0899999999999,bb1b615dd2ccf1843e88f66950b80af491bad37f,1259661,,,,,,,,,,,,,,,,,,,,,,,,,,,,,,,,,,,,,,,,,,,,,,,,,,,,,,,,,,,,,TN,TN
autoland,4767314,1,247a31fb40b3ac0b152bd3554743d742a3892fe3,linux1804-64-shippable-qr,True,False,,,102210fe594ee9b33d82058545b1ed14f4c8206e,id-getter-5.html,perf_reftest_singletons,True,perf_reftest_singletons id-getter-5.html opt e10s fission stylo webrender,4767299,77,ms,firefox,,1715669883,2023-06-19 10:58:05,700.1,bb1b615dd2ccf1843e88f66950b80af491bad37f,1259661,,,,,,,,,,,,,,,,,,,,,,,,,,,,,,,,,,,,,,,,,,,,,,,,,,,,,,,,,,,,,TN,TN
autoland,4767314,1,247a31fb40b3ac0b152bd3554743d742a3892fe3,linux1804-64-shippable-qr,True,False,,,102210fe594ee9b33d82058545b1ed14f4c8206e,id-getter-5.html,perf_reftest_singletons,True,perf_reftest_singletons id-getter-5.html opt e10s fission stylo webrender,4767299,77,ms,firefox,,1716319226,2023-06-19 10:58:05,671.1699999999998,bb1b615dd2ccf1843e88f66950b80af491bad37f,1259661,,,,,,,,,,,,,,,,,,,,,,,,,,,,,,,,,,,,,,,,,,,,,,,,,,,,,,,,,,,,,TN,TN
autoland,4767314,1,247a31fb40b3ac0b152bd3554743d742a3892fe3,linux1804-64-shippable-qr,True,False,,,102210fe594ee9b33d82058545b1ed14f4c8206e,id-getter-5.html,perf_reftest_singletons,True,perf_reftest_singletons id-getter-5.html opt e10s fission stylo webrender,4767299,77,ms,firefox,,1716318918,2023-06-19 10:58:05,701.44,bb1b615dd2ccf1843e88f66950b80af491bad37f,1259661,,,,,,,,,,,,,,,,,,,,,,,,,,,,,,,,,,,,,,,,,,,,,,,,,,,,,,,,,,,,,TN,TN
autoland,4767314,1,247a31fb40b3ac0b152bd3554743d742a3892fe3,linux1804-64-shippable-qr,True,False,,,102210fe594ee9b33d82058545b1ed14f4c8206e,id-getter-5.html,perf_reftest_singletons,True,perf_reftest_singletons id-getter-5.html opt e10s fission stylo webrender,4767299,77,ms,firefox,,1715665663,2023-06-19 11:22:46,689.4300000000001,f8a8efb71935a31e7e12603b4edf86b90ef2cf4f,1259677,,,,,,,,,,,,,,,,,,,,,,,,,,,,,,,,,,,,,,,,,,,,,,,,,,,,,,,,,,,,,TN,TN
autoland,4767314,1,247a31fb40b3ac0b152bd3554743d742a3892fe3,linux1804-64-shippable-qr,True,False,,,102210fe594ee9b33d82058545b1ed14f4c8206e,id-getter-5.html,perf_reftest_singletons,True,perf_reftest_singletons id-getter-5.html opt e10s fission stylo webrender,4767299,77,ms,firefox,,1715669922,2023-06-19 11:22:46,668.73,f8a8efb71935a31e7e12603b4edf86b90ef2cf4f,1259677,,,,,,,,,,,,,,,,,,,,,,,,,,,,,,,,,,,,,,,,,,,,,,,,,,,,,,,,,,,,,TN,TN
autoland,4767314,1,247a31fb40b3ac0b152bd3554743d742a3892fe3,linux1804-64-shippable-qr,True,False,,,102210fe594ee9b33d82058545b1ed14f4c8206e,id-getter-5.html,perf_reftest_singletons,True,perf_reftest_singletons id-getter-5.html opt e10s fission stylo webrender,4767299,77,ms,firefox,,1716319675,2023-06-19 11:22:46,674.3199999999999,f8a8efb71935a31e7e12603b4edf86b90ef2cf4f,1259677,,,,,,,,,,,,,,,,,,,,,,,,,,,,,,,,,,,,,,,,,,,,,,,,,,,,,,,,,,,,,TN,TN
autoland,4767314,1,247a31fb40b3ac0b152bd3554743d742a3892fe3,linux1804-64-shippable-qr,True,False,,,102210fe594ee9b33d82058545b1ed14f4c8206e,id-getter-5.html,perf_reftest_singletons,True,perf_reftest_singletons id-getter-5.html opt e10s fission stylo webrender,4767299,77,ms,firefox,,1716319718,2023-06-19 11:22:46,674.46,f8a8efb71935a31e7e12603b4edf86b90ef2cf4f,1259677,,,,,,,,,,,,,,,,,,,,,,,,,,,,,,,,,,,,,,,,,,,,,,,,,,,,,,,,,,,,,TN,TN
autoland,4767314,1,247a31fb40b3ac0b152bd3554743d742a3892fe3,linux1804-64-shippable-qr,True,False,,,102210fe594ee9b33d82058545b1ed14f4c8206e,id-getter-5.html,perf_reftest_singletons,True,perf_reftest_singletons id-getter-5.html opt e10s fission stylo webrender,4767299,77,ms,firefox,,1715665740,2023-06-19 11:44:20,675.0600000000001,99ac9d9076781caac5820ebf1f1f3cbf53dc5321,1259696,,,,,,,,,,,,,,,,,,,,,,,,,,,,,,,,,,,,,,,,,,,,,,,,,,,,,,,,,,,,,TN,TN
autoland,4767314,1,247a31fb40b3ac0b152bd3554743d742a3892fe3,linux1804-64-shippable-qr,True,False,,,102210fe594ee9b33d82058545b1ed14f4c8206e,id-getter-5.html,perf_reftest_singletons,True,perf_reftest_singletons id-getter-5.html opt e10s fission stylo webrender,4767299,77,ms,firefox,,1715669964,2023-06-19 11:44:20,678.27,99ac9d9076781caac5820ebf1f1f3cbf53dc5321,1259696,,,,,,,,,,,,,,,,,,,,,,,,,,,,,,,,,,,,,,,,,,,,,,,,,,,,,,,,,,,,,TN,TN
autoland,4767314,1,247a31fb40b3ac0b152bd3554743d742a3892fe3,linux1804-64-shippable-qr,True,False,,,102210fe594ee9b33d82058545b1ed14f4c8206e,id-getter-5.html,perf_reftest_singletons,True,perf_reftest_singletons id-getter-5.html opt e10s fission stylo webrender,4767299,77,ms,firefox,,1716320193,2023-06-19 11:44:20,666.9200000000001,99ac9d9076781caac5820ebf1f1f3cbf53dc5321,1259696,,,,,,,,,,,,,,,,,,,,,,,,,,,,,,,,,,,,,,,,,,,,,,,,,,,,,,,,,,,,,TN,TN
autoland,4767314,1,247a31fb40b3ac0b152bd3554743d742a3892fe3,linux1804-64-shippable-qr,True,False,,,102210fe594ee9b33d82058545b1ed14f4c8206e,id-getter-5.html,perf_reftest_singletons,True,perf_reftest_singletons id-getter-5.html opt e10s fission stylo webrender,4767299,77,ms,firefox,,1716319896,2023-06-19 11:44:20,724.5799999999999,99ac9d9076781caac5820ebf1f1f3cbf53dc5321,1259696,,,,,,,,,,,,,,,,,,,,,,,,,,,,,,,,,,,,,,,,,,,,,,,,,,,,,,,,,,,,,TN,TN
autoland,4767314,1,247a31fb40b3ac0b152bd3554743d742a3892fe3,linux1804-64-shippable-qr,True,False,,,102210fe594ee9b33d82058545b1ed14f4c8206e,id-getter-5.html,perf_reftest_singletons,True,perf_reftest_singletons id-getter-5.html opt e10s fission stylo webrender,4767299,77,ms,firefox,,1715453584,2023-06-19 12:21:35,704.0,4cfdbab324ecef776398e73d2e7d7df276627d85,1259709,,,,,,,,,,,,,,,,,,,,,,,,,,,,,,,,,,,,,,,,,,,,,,,,,,,,,,,,,,,,,TN,TN
autoland,4767314,1,247a31fb40b3ac0b152bd3554743d742a3892fe3,linux1804-64-shippable-qr,True,False,,,102210fe594ee9b33d82058545b1ed14f4c8206e,id-getter-5.html,perf_reftest_singletons,True,perf_reftest_singletons id-getter-5.html opt e10s fission stylo webrender,4767299,77,ms,firefox,,1716320117,2023-06-19 12:21:35,688.21,4cfdbab324ecef776398e73d2e7d7df276627d85,1259709,,,,,,,,,,,,,,,,,,,,,,,,,,,,,,,,,,,,,,,,,,,,,,,,,,,,,,,,,,,,,TN,TN
autoland,4767314,1,247a31fb40b3ac0b152bd3554743d742a3892fe3,linux1804-64-shippable-qr,True,False,,,102210fe594ee9b33d82058545b1ed14f4c8206e,id-getter-5.html,perf_reftest_singletons,True,perf_reftest_singletons id-getter-5.html opt e10s fission stylo webrender,4767299,77,ms,firefox,,1716320598,2023-06-19 12:21:35,689.96,4cfdbab324ecef776398e73d2e7d7df276627d85,1259709,,,,,,,,,,,,,,,,,,,,,,,,,,,,,,,,,,,,,,,,,,,,,,,,,,,,,,,,,,,,,TN,TN
autoland,4767314,1,247a31fb40b3ac0b152bd3554743d742a3892fe3,linux1804-64-shippable-qr,True,False,,,102210fe594ee9b33d82058545b1ed14f4c8206e,id-getter-5.html,perf_reftest_singletons,True,perf_reftest_singletons id-getter-5.html opt e10s fission stylo webrender,4767299,77,ms,firefox,,1715453748,2023-06-19 12:29:14,690.38,d9bcdd99921a975e7d59491a3061b03900fe175c,1259714,,,,,,,,,,,,,,,,,,,,,,,,,,,,,,,,,,,,,,,,,,,,,,,,,,,,,,,,,,,,,TN,TN
autoland,4767314,1,247a31fb40b3ac0b152bd3554743d742a3892fe3,linux1804-64-shippable-qr,True,False,,,102210fe594ee9b33d82058545b1ed14f4c8206e,id-getter-5.html,perf_reftest_singletons,True,perf_reftest_singletons id-getter-5.html opt e10s fission stylo webrender,4767299,77,ms,firefox,,1716320695,2023-06-19 12:29:14,683.9000000000001,d9bcdd99921a975e7d59491a3061b03900fe175c,1259714,,,,,,,,,,,,,,,,,,,,,,,,,,,,,,,,,,,,,,,,,,,,,,,,,,,,,,,,,,,,,TN,TN
autoland,4767314,1,247a31fb40b3ac0b152bd3554743d742a3892fe3,linux1804-64-shippable-qr,True,False,,,102210fe594ee9b33d82058545b1ed14f4c8206e,id-getter-5.html,perf_reftest_singletons,True,perf_reftest_singletons id-getter-5.html opt e10s fission stylo webrender,4767299,77,ms,firefox,,1716320812,2023-06-19 12:29:14,687.0899999999999,d9bcdd99921a975e7d59491a3061b03900fe175c,1259714,,,,,,,,,,,,,,,,,,,,,,,,,,,,,,,,,,,,,,,,,,,,,,,,,,,,,,,,,,,,,TN,TN
autoland,4767314,1,247a31fb40b3ac0b152bd3554743d742a3892fe3,linux1804-64-shippable-qr,True,False,,,102210fe594ee9b33d82058545b1ed14f4c8206e,id-getter-5.html,perf_reftest_singletons,True,perf_reftest_singletons id-getter-5.html opt e10s fission stylo webrender,4767299,77,ms,firefox,,1715454938,2023-06-19 12:30:04,690.54,569ee35398db24e428d99ff22a6b9995a345395c,1259715,,,,,,,,,,,,,,,,,,,,,,,,,,,,,,,,,,,,,,,,,,,,,,,,,,,,,,,,,,,,,TN,TN
autoland,4767314,1,247a31fb40b3ac0b152bd3554743d742a3892fe3,linux1804-64-shippable-qr,True,False,,,102210fe594ee9b33d82058545b1ed14f4c8206e,id-getter-5.html,perf_reftest_singletons,True,perf_reftest_singletons id-getter-5.html opt e10s fission stylo webrender,4767299,77,ms,firefox,,1715455005,2023-06-19 12:30:52,701.52,5f1f0f5559e239e38d683a443db7f8649327d102,1259716,,,,,,,,,,,,,,,,,,,,,,,,,,,,,,,,,,,,,,,,,,,,,,,,,,,,,,,,,,,,,TN,TN
autoland,4767314,1,247a31fb40b3ac0b152bd3554743d742a3892fe3,linux1804-64-shippable-qr,True,False,,,102210fe594ee9b33d82058545b1ed14f4c8206e,id-getter-5.html,perf_reftest_singletons,True,perf_reftest_singletons id-getter-5.html opt e10s fission stylo webrender,4767299,77,ms,firefox,,1715453769,2023-06-19 12:46:32,675.0799999999999,1f44bd42ebc26f6649ceb625e083dd37727b6611,1259727,,,,,,,,,,,,,,,,,,,,,,,,,,,,,,,,,,,,,,,,,,,,,,,,,,,,,,,,,,,,,TN,TN
autoland,4767314,1,247a31fb40b3ac0b152bd3554743d742a3892fe3,linux1804-64-shippable-qr,True,False,,,102210fe594ee9b33d82058545b1ed14f4c8206e,id-getter-5.html,perf_reftest_singletons,True,perf_reftest_singletons id-getter-5.html opt e10s fission stylo webrender,4767299,77,ms,firefox,,1713960479,2023-06-19 13:01:53,677.4200000000001,89c8bf4e9209c0c4b1eb87efab68e96d6dbf8145,1259739,,,,,,,,,,,,,,,,,,,,,,,,,,,,,,,,,,,,,,,,,,,,,,,,,,,,,,,,,,,,,TN,TN
autoland,4767314,1,247a31fb40b3ac0b152bd3554743d742a3892fe3,linux1804-64-shippable-qr,True,False,,,102210fe594ee9b33d82058545b1ed14f4c8206e,id-getter-5.html,perf_reftest_singletons,True,perf_reftest_singletons id-getter-5.html opt e10s fission stylo webrender,4767299,77,ms,firefox,,1715464249,2023-06-19 15:02:14,669.75,8b00e3ecb05c7b19cc9945a01725d8083612f071,1259812,,,,,,,,,,,,,,,,,,,,,,,,,,,,,,,,,,,,,,,,,,,,,,,,,,,,,,,,,,,,,TN,TN
autoland,4767314,1,247a31fb40b3ac0b152bd3554743d742a3892fe3,linux1804-64-shippable-qr,True,False,,,102210fe594ee9b33d82058545b1ed14f4c8206e,id-getter-5.html,perf_reftest_singletons,True,perf_reftest_singletons id-getter-5.html opt e10s fission stylo webrender,4767299,77,ms,firefox,,1715483483,2023-06-19 15:03:02,753.1,d84bcf432e12c2a8385aa5fadb41f973bbb10a56,1259813,,,,,,,,,,,,,,,,,,,,,,,,,,,,,,,,,,,,,,,,,,,,,,,,,,,,,,,,,,,,,TN,TN
autoland,4767314,1,247a31fb40b3ac0b152bd3554743d742a3892fe3,linux1804-64-shippable-qr,True,False,,,102210fe594ee9b33d82058545b1ed14f4c8206e,id-getter-5.html,perf_reftest_singletons,True,perf_reftest_singletons id-getter-5.html opt e10s fission stylo webrender,4767299,77,ms,firefox,,1715481437,2023-06-19 15:03:54,691.9300000000001,d6954fee046033204051091189999f6c520deea6,1259814,,,,,,,,,,,,,,,,,,,,,,,,,,,,,,,,,,,,,,,,,,,,,,,,,,,,,,,,,,,,,TN,TN
autoland,4767314,1,247a31fb40b3ac0b152bd3554743d742a3892fe3,linux1804-64-shippable-qr,True,False,,,102210fe594ee9b33d82058545b1ed14f4c8206e,id-getter-5.html,perf_reftest_singletons,True,perf_reftest_singletons id-getter-5.html opt e10s fission stylo webrender,4767299,77,ms,firefox,,1715482296,2023-06-19 15:37:57,673.6899999999999,83770e500714a732d514758e51c41484608f7dce,1259823,,,,,,,,,,,,,,,,,,,,,,,,,,,,,,,,,,,,,,,,,,,,,,,,,,,,,,,,,,,,,TN,TN
autoland,4767314,1,247a31fb40b3ac0b152bd3554743d742a3892fe3,linux1804-64-shippable-qr,True,False,,,102210fe594ee9b33d82058545b1ed14f4c8206e,id-getter-5.html,perf_reftest_singletons,True,perf_reftest_singletons id-getter-5.html opt e10s fission stylo webrender,4767299,77,ms,firefox,,1715482456,2023-06-19 15:43:30,692.72,41581deb338a0f524c02f374390e58c71f6656ec,1259827,,,,,,,,,,,,,,,,,,,,,,,,,,,,,,,,,,,,,,,,,,,,,,,,,,,,,,,,,,,,,TN,TN
autoland,4767314,1,247a31fb40b3ac0b152bd3554743d742a3892fe3,linux1804-64-shippable-qr,True,False,,,102210fe594ee9b33d82058545b1ed14f4c8206e,id-getter-5.html,perf_reftest_singletons,True,perf_reftest_singletons id-getter-5.html opt e10s fission stylo webrender,4767299,77,ms,firefox,,1715482683,2023-06-19 15:44:33,671.64,b2d23872d92d11290c2c43d919562305d2173902,1259828,,,,,,,,,,,,,,,,,,,,,,,,,,,,,,,,,,,,,,,,,,,,,,,,,,,,,,,,,,,,,TN,TN
autoland,4767314,1,247a31fb40b3ac0b152bd3554743d742a3892fe3,linux1804-64-shippable-qr,True,False,,,102210fe594ee9b33d82058545b1ed14f4c8206e,id-getter-5.html,perf_reftest_singletons,True,perf_reftest_singletons id-getter-5.html opt e10s fission stylo webrender,4767299,77,ms,firefox,,1715461504,2023-06-19 15:45:32,657.69,a7d3d1ff5e6d4107158c82919ff558a386e43b93,1259829,,,,,,,,,,,,,,,,,,,,,,,,,,,,,,,,,,,,,,,,,,,,,,,,,,,,,,,,,,,,,TN,TN
autoland,4767314,1,247a31fb40b3ac0b152bd3554743d742a3892fe3,linux1804-64-shippable-qr,True,False,,,102210fe594ee9b33d82058545b1ed14f4c8206e,id-getter-5.html,perf_reftest_singletons,True,perf_reftest_singletons id-getter-5.html opt e10s fission stylo webrender,4767299,77,ms,firefox,,1715482823,2023-06-19 15:51:53,696.31,009415898de1b16fd6b0a7bc9fe889f5b6033e9f,1259832,,,,,,,,,,,,,,,,,,,,,,,,,,,,,,,,,,,,,,,,,,,,,,,,,,,,,,,,,,,,,TN,TN
autoland,4767314,1,247a31fb40b3ac0b152bd3554743d742a3892fe3,linux1804-64-shippable-qr,True,False,,,102210fe594ee9b33d82058545b1ed14f4c8206e,id-getter-5.html,perf_reftest_singletons,True,perf_reftest_singletons id-getter-5.html opt e10s fission stylo webrender,4767299,77,ms,firefox,,1715483663,2023-06-19 16:01:29,736.34,2e0c179db6fbc7070ab826bc771fa7c04ff51a68,1259836,,,,,,,,,,,,,,,,,,,,,,,,,,,,,,,,,,,,,,,,,,,,,,,,,,,,,,,,,,,,,TN,TN
autoland,4767314,1,247a31fb40b3ac0b152bd3554743d742a3892fe3,linux1804-64-shippable-qr,True,False,,,102210fe594ee9b33d82058545b1ed14f4c8206e,id-getter-5.html,perf_reftest_singletons,True,perf_reftest_singletons id-getter-5.html opt e10s fission stylo webrender,4767299,77,ms,firefox,,1714054990,2023-06-19 16:21:16,683.3900000000001,9ecde3181716f5d8ad265d976575224cc04b2887,1259851,,,,,,,,,,,,,,,,,,,,,,,,,,,,,,,,,,,,,,,,,,,,,,,,,,,,,,,,,,,,,TN,TN
autoland,4767314,1,247a31fb40b3ac0b152bd3554743d742a3892fe3,linux1804-64-shippable-qr,True,False,,,102210fe594ee9b33d82058545b1ed14f4c8206e,id-getter-5.html,perf_reftest_singletons,True,perf_reftest_singletons id-getter-5.html opt e10s fission stylo webrender,4767299,77,ms,firefox,,1715865374,2023-06-19 16:23:02,674.73,2d66e7379ba2f9b9cf4400e5403cefb65b1d694e,1259855,,,,,,,,,,,,,,,,,,,,,,,,,,,,,,,,,,,,,,,,,,,,,,,,,,,,,,,,,,,,,TN,TN
autoland,4767314,1,247a31fb40b3ac0b152bd3554743d742a3892fe3,linux1804-64-shippable-qr,True,False,,,102210fe594ee9b33d82058545b1ed14f4c8206e,id-getter-5.html,perf_reftest_singletons,True,perf_reftest_singletons id-getter-5.html opt e10s fission stylo webrender,4767299,77,ms,firefox,,1715876918,2023-06-19 16:24:00,661.81,9049c7d3b7c2d2af0776382a37dbcc39e624a506,1259856,,,,,,,,,,,,,,,,,,,,,,,,,,,,,,,,,,,,,,,,,,,,,,,,,,,,,,,,,,,,,TN,TN
autoland,4767314,1,247a31fb40b3ac0b152bd3554743d742a3892fe3,linux1804-64-shippable-qr,True,False,,,102210fe594ee9b33d82058545b1ed14f4c8206e,id-getter-5.html,perf_reftest_singletons,True,perf_reftest_singletons id-getter-5.html opt e10s fission stylo webrender,4767299,77,ms,firefox,,1715803062,2023-06-19 16:33:26,686.04,e7e1efea4e065b17e16b9793b68cec9d489aa4a6,1259860,,,,,,,,,,,,,,,,,,,,,,,,,,,,,,,,,,,,,,,,,,,,,,,,,,,,,,,,,,,,,TN,TN
autoland,4767314,1,247a31fb40b3ac0b152bd3554743d742a3892fe3,linux1804-64-shippable-qr,True,False,,,102210fe594ee9b33d82058545b1ed14f4c8206e,id-getter-5.html,perf_reftest_singletons,True,perf_reftest_singletons id-getter-5.html opt e10s fission stylo webrender,4767299,77,ms,firefox,,1715802687,2023-06-19 16:50:43,680.74,521a8641a60a464e937d010be64f785f88808019,1259866,,,,,,,,,,,,,,,,,,,,,,,,,,,,,,,,,,,,,,,,,,,,,,,,,,,,,,,,,,,,,TN,TN
autoland,4767314,1,247a31fb40b3ac0b152bd3554743d742a3892fe3,linux1804-64-shippable-qr,True,False,,,102210fe594ee9b33d82058545b1ed14f4c8206e,id-getter-5.html,perf_reftest_singletons,True,perf_reftest_singletons id-getter-5.html opt e10s fission stylo webrender,4767299,77,ms,firefox,,1715803408,2023-06-19 16:52:27,686.25,58b351a155c80d33d20f09d5854fd88f2b967464,1259868,,,,,,,,,,,,,,,,,,,,,,,,,,,,,,,,,,,,,,,,,,,,,,,,,,,,,,,,,,,,,TN,TN
autoland,4767314,1,247a31fb40b3ac0b152bd3554743d742a3892fe3,linux1804-64-shippable-qr,True,False,,,102210fe594ee9b33d82058545b1ed14f4c8206e,id-getter-5.html,perf_reftest_singletons,True,perf_reftest_singletons id-getter-5.html opt e10s fission stylo webrender,4767299,77,ms,firefox,,1715876707,2023-06-19 16:53:19,674.78,f581664bf461d863ec5977fac8a92143b1ab0303,1259869,,,,,,,,,,,,,,,,,,,,,,,,,,,,,,,,,,,,,,,,,,,,,,,,,,,,,,,,,,,,,TN,TN
autoland,4767314,1,247a31fb40b3ac0b152bd3554743d742a3892fe3,linux1804-64-shippable-qr,True,False,,,102210fe594ee9b33d82058545b1ed14f4c8206e,id-getter-5.html,perf_reftest_singletons,True,perf_reftest_singletons id-getter-5.html opt e10s fission stylo webrender,4767299,77,ms,firefox,,1715802885,2023-06-19 17:24:35,735.3999999999999,365aa505cf55da4d91335bc3d2d02e1be46eb4c4,1259880,,,,,,,,,,,,,,,,,,,,,,,,,,,,,,,,,,,,,,,,,,,,,,,,,,,,,,,,,,,,,TN,TN
autoland,4767314,1,247a31fb40b3ac0b152bd3554743d742a3892fe3,linux1804-64-shippable-qr,True,False,,,102210fe594ee9b33d82058545b1ed14f4c8206e,id-getter-5.html,perf_reftest_singletons,True,perf_reftest_singletons id-getter-5.html opt e10s fission stylo webrender,4767299,77,ms,firefox,,1715803183,2023-06-19 17:28:51,656.8199999999999,f7f17f9392c5b051c786828c0a61160f0f066291,1259884,,,,,,,,,,,,,,,,,,,,,,,,,,,,,,,,,,,,,,,,,,,,,,,,,,,,,,,,,,,,,TN,TN
autoland,4767314,1,247a31fb40b3ac0b152bd3554743d742a3892fe3,linux1804-64-shippable-qr,True,False,,,102210fe594ee9b33d82058545b1ed14f4c8206e,id-getter-5.html,perf_reftest_singletons,True,perf_reftest_singletons id-getter-5.html opt e10s fission stylo webrender,4767299,77,ms,firefox,,1716328452,2023-06-19 17:28:51,658.2,f7f17f9392c5b051c786828c0a61160f0f066291,1259884,,,,,,,,,,,,,,,,,,,,,,,,,,,,,,,,,,,,,,,,,,,,,,,,,,,,,,,,,,,,,TN,TN
autoland,4767314,1,247a31fb40b3ac0b152bd3554743d742a3892fe3,linux1804-64-shippable-qr,True,False,,,102210fe594ee9b33d82058545b1ed14f4c8206e,id-getter-5.html,perf_reftest_singletons,True,perf_reftest_singletons id-getter-5.html opt e10s fission stylo webrender,4767299,77,ms,firefox,,1716328504,2023-06-19 17:28:51,654.28,f7f17f9392c5b051c786828c0a61160f0f066291,1259884,,,,,,,,,,,,,,,,,,,,,,,,,,,,,,,,,,,,,,,,,,,,,,,,,,,,,,,,,,,,,TN,TN
autoland,4767314,1,247a31fb40b3ac0b152bd3554743d742a3892fe3,linux1804-64-shippable-qr,True,False,,,102210fe594ee9b33d82058545b1ed14f4c8206e,id-getter-5.html,perf_reftest_singletons,True,perf_reftest_singletons id-getter-5.html opt e10s fission stylo webrender,4767299,77,ms,firefox,,1716328879,2023-06-19 17:28:51,656.26,f7f17f9392c5b051c786828c0a61160f0f066291,1259884,,,,,,,,,,,,,,,,,,,,,,,,,,,,,,,,,,,,,,,,,,,,,,,,,,,,,,,,,,,,,TN,TN
autoland,4767314,1,247a31fb40b3ac0b152bd3554743d742a3892fe3,linux1804-64-shippable-qr,True,False,,,102210fe594ee9b33d82058545b1ed14f4c8206e,id-getter-5.html,perf_reftest_singletons,True,perf_reftest_singletons id-getter-5.html opt e10s fission stylo webrender,4767299,77,ms,firefox,,1715803463,2023-06-19 17:29:47,653.29,08f12e7fa5f04d9acf47a841046c192b3b6b9b71,1259885,,,,,,,,,,,,,,,,,,,,,,,,,,,,,,,,,,,,,,,,,,,,,,,,,,,,,,,,,,,,,TN,TN
autoland,4767314,1,247a31fb40b3ac0b152bd3554743d742a3892fe3,linux1804-64-shippable-qr,True,False,,,102210fe594ee9b33d82058545b1ed14f4c8206e,id-getter-5.html,perf_reftest_singletons,True,perf_reftest_singletons id-getter-5.html opt e10s fission stylo webrender,4767299,77,ms,firefox,,1716328393,2023-06-19 17:29:47,637.31,08f12e7fa5f04d9acf47a841046c192b3b6b9b71,1259885,,,,,,,,,,,,,,,,,,,,,,,,,,,,,,,,,,,,,,,,,,,,,,,,,,,,,,,,,,,,,TN,TN
autoland,4767314,1,247a31fb40b3ac0b152bd3554743d742a3892fe3,linux1804-64-shippable-qr,True,False,,,102210fe594ee9b33d82058545b1ed14f4c8206e,id-getter-5.html,perf_reftest_singletons,True,perf_reftest_singletons id-getter-5.html opt e10s fission stylo webrender,4767299,77,ms,firefox,,1716328737,2023-06-19 17:29:47,650.8199999999999,08f12e7fa5f04d9acf47a841046c192b3b6b9b71,1259885,,,,,,,,,,,,,,,,,,,,,,,,,,,,,,,,,,,,,,,,,,,,,,,,,,,,,,,,,,,,,TN,TN
autoland,4767314,1,247a31fb40b3ac0b152bd3554743d742a3892fe3,linux1804-64-shippable-qr,True,False,,,102210fe594ee9b33d82058545b1ed14f4c8206e,id-getter-5.html,perf_reftest_singletons,True,perf_reftest_singletons id-getter-5.html opt e10s fission stylo webrender,4767299,77,ms,firefox,,1716327860,2023-06-19 17:29:47,638.52,08f12e7fa5f04d9acf47a841046c192b3b6b9b71,1259885,,,,,,,,,,,,,,,,,,,,,,,,,,,,,,,,,,,,,,,,,,,,,,,,,,,,,,,,,,,,,TN,TN
autoland,4767314,1,247a31fb40b3ac0b152bd3554743d742a3892fe3,linux1804-64-shippable-qr,True,False,,,102210fe594ee9b33d82058545b1ed14f4c8206e,id-getter-5.html,perf_reftest_singletons,True,perf_reftest_singletons id-getter-5.html opt e10s fission stylo webrender,4767299,77,ms,firefox,,1715453943,2023-06-19 17:46:12,698.46,b040fff76ed7ecee270c125c9c3229c5e9ee1ff0,1259890,,,,,,,,,,,,,,,,,,,,,,,,,,,,,,,,,,,,,,,,,,,,,,,,,,,,,,,,,,,,,TN,TN
autoland,4767314,1,247a31fb40b3ac0b152bd3554743d742a3892fe3,linux1804-64-shippable-qr,True,False,,,102210fe594ee9b33d82058545b1ed14f4c8206e,id-getter-5.html,perf_reftest_singletons,True,perf_reftest_singletons id-getter-5.html opt e10s fission stylo webrender,4767299,77,ms,firefox,,1716328185,2023-06-19 17:46:12,703.79,b040fff76ed7ecee270c125c9c3229c5e9ee1ff0,1259890,,,,,,,,,,,,,,,,,,,,,,,,,,,,,,,,,,,,,,,,,,,,,,,,,,,,,,,,,,,,,TN,TN
autoland,4767314,1,247a31fb40b3ac0b152bd3554743d742a3892fe3,linux1804-64-shippable-qr,True,False,,,102210fe594ee9b33d82058545b1ed14f4c8206e,id-getter-5.html,perf_reftest_singletons,True,perf_reftest_singletons id-getter-5.html opt e10s fission stylo webrender,4767299,77,ms,firefox,,1716328243,2023-06-19 17:46:12,700.49,b040fff76ed7ecee270c125c9c3229c5e9ee1ff0,1259890,,,,,,,,,,,,,,,,,,,,,,,,,,,,,,,,,,,,,,,,,,,,,,,,,,,,,,,,,,,,,TN,TN
autoland,4767314,1,247a31fb40b3ac0b152bd3554743d742a3892fe3,linux1804-64-shippable-qr,True,False,,,102210fe594ee9b33d82058545b1ed14f4c8206e,id-getter-5.html,perf_reftest_singletons,True,perf_reftest_singletons id-getter-5.html opt e10s fission stylo webrender,4767299,77,ms,firefox,,1716327966,2023-06-19 17:46:12,722.25,b040fff76ed7ecee270c125c9c3229c5e9ee1ff0,1259890,,,,,,,,,,,,,,,,,,,,,,,,,,,,,,,,,,,,,,,,,,,,,,,,,,,,,,,,,,,,,TN,TN
autoland,4767314,1,247a31fb40b3ac0b152bd3554743d742a3892fe3,linux1804-64-shippable-qr,True,False,,,102210fe594ee9b33d82058545b1ed14f4c8206e,id-getter-5.html,perf_reftest_singletons,True,perf_reftest_singletons id-getter-5.html opt e10s fission stylo webrender,4767299,77,ms,firefox,,1715461281,2023-06-19 18:01:00,678.56,f9f8e7cfe057c0d11fd0795b1b8da2400880840c,1259896,,,,,,,,,,,,,,,,,,,,,,,,,,,,,,,,,,,,,,,,,,,,,,,,,,,,,,,,,,,,,TN,TN
autoland,4767314,1,247a31fb40b3ac0b152bd3554743d742a3892fe3,linux1804-64-shippable-qr,True,False,,,102210fe594ee9b33d82058545b1ed14f4c8206e,id-getter-5.html,perf_reftest_singletons,True,perf_reftest_singletons id-getter-5.html opt e10s fission stylo webrender,4767299,77,ms,firefox,,1716328284,2023-06-19 18:01:00,675.6899999999999,f9f8e7cfe057c0d11fd0795b1b8da2400880840c,1259896,,,,,,,,,,,,,,,,,,,,,,,,,,,,,,,,,,,,,,,,,,,,,,,,,,,,,,,,,,,,,TN,TN
autoland,4767314,1,247a31fb40b3ac0b152bd3554743d742a3892fe3,linux1804-64-shippable-qr,True,False,,,102210fe594ee9b33d82058545b1ed14f4c8206e,id-getter-5.html,perf_reftest_singletons,True,perf_reftest_singletons id-getter-5.html opt e10s fission stylo webrender,4767299,77,ms,firefox,,1716328549,2023-06-19 18:01:00,676.1400000000001,f9f8e7cfe057c0d11fd0795b1b8da2400880840c,1259896,,,,,,,,,,,,,,,,,,,,,,,,,,,,,,,,,,,,,,,,,,,,,,,,,,,,,,,,,,,,,TN,TN
autoland,4767314,1,247a31fb40b3ac0b152bd3554743d742a3892fe3,linux1804-64-shippable-qr,True,False,,,102210fe594ee9b33d82058545b1ed14f4c8206e,id-getter-5.html,perf_reftest_singletons,True,perf_reftest_singletons id-getter-5.html opt e10s fission stylo webrender,4767299,77,ms,firefox,,1716328835,2023-06-19 18:01:00,696.68,f9f8e7cfe057c0d11fd0795b1b8da2400880840c,1259896,,,,,,,,,,,,,,,,,,,,,,,,,,,,,,,,,,,,,,,,,,,,,,,,,,,,,,,,,,,,,TN,TN
autoland,4767314,1,247a31fb40b3ac0b152bd3554743d742a3892fe3,linux1804-64-shippable-qr,True,False,,,102210fe594ee9b33d82058545b1ed14f4c8206e,id-getter-5.html,perf_reftest_singletons,True,perf_reftest_singletons id-getter-5.html opt e10s fission stylo webrender,4767299,77,ms,firefox,,1715483620,2023-06-19 18:26:12,630.06,c8f1d9f2dbf28345000613f309fdf7de281beb74,1259906,,,,,,,,,,,,,,,,,,,,,,,,,,,,,,,,,,,,,,,,,,,,,,,,,,,,,,,,,,,,,TN,TN
autoland,4767314,1,247a31fb40b3ac0b152bd3554743d742a3892fe3,linux1804-64-shippable-qr,True,False,,,102210fe594ee9b33d82058545b1ed14f4c8206e,id-getter-5.html,perf_reftest_singletons,True,perf_reftest_singletons id-getter-5.html opt e10s fission stylo webrender,4767299,77,ms,firefox,,1715455429,2023-06-19 18:37:51,684.75,5f266371028f0ed5fe633f259a012880a2a6df89,1259913,,,,,,,,,,,,,,,,,,,,,,,,,,,,,,,,,,,,,,,,,,,,,,,,,,,,,,,,,,,,,TN,TN
autoland,4767314,1,247a31fb40b3ac0b152bd3554743d742a3892fe3,linux1804-64-shippable-qr,True,False,,,102210fe594ee9b33d82058545b1ed14f4c8206e,id-getter-5.html,perf_reftest_singletons,True,perf_reftest_singletons id-getter-5.html opt e10s fission stylo webrender,4767299,77,ms,firefox,,1715455392,2023-06-19 18:48:22,697.0500000000001,03a00f2c2bc451f4edbf350398a03d2342d68101,1259919,,,,,,,,,,,,,,,,,,,,,,,,,,,,,,,,,,,,,,,,,,,,,,,,,,,,,,,,,,,,,TN,TN
autoland,4767314,1,247a31fb40b3ac0b152bd3554743d742a3892fe3,linux1804-64-shippable-qr,True,False,,,102210fe594ee9b33d82058545b1ed14f4c8206e,id-getter-5.html,perf_reftest_singletons,True,perf_reftest_singletons id-getter-5.html opt e10s fission stylo webrender,4767299,77,ms,firefox,,1715481886,2023-06-19 18:59:52,675.9000000000001,d248322e9501e005fe38de9e614a734fba6a4e86,1259927,,,,,,,,,,,,,,,,,,,,,,,,,,,,,,,,,,,,,,,,,,,,,,,,,,,,,,,,,,,,,TN,TN
autoland,4767314,1,247a31fb40b3ac0b152bd3554743d742a3892fe3,linux1804-64-shippable-qr,True,False,,,102210fe594ee9b33d82058545b1ed14f4c8206e,id-getter-5.html,perf_reftest_singletons,True,perf_reftest_singletons id-getter-5.html opt e10s fission stylo webrender,4767299,77,ms,firefox,,1714111373,2023-06-19 19:03:14,678.4,e06365982ef6b00590cb160ebe9f4978558d1052,1259928,,,,,,,,,,,,,,,,,,,,,,,,,,,,,,,,,,,,,,,,,,,,,,,,,,,,,,,,,,,,,TN,TN
autoland,4767314,1,247a31fb40b3ac0b152bd3554743d742a3892fe3,linux1804-64-shippable-qr,True,False,,,102210fe594ee9b33d82058545b1ed14f4c8206e,id-getter-5.html,perf_reftest_singletons,True,perf_reftest_singletons id-getter-5.html opt e10s fission stylo webrender,4767299,77,ms,firefox,,1715683955,2023-06-19 20:29:31,661.75,1096905e1a6abf5085d4ae9197b139c4f6004e83,1259963,,,,,,,,,,,,,,,,,,,,,,,,,,,,,,,,,,,,,,,,,,,,,,,,,,,,,,,,,,,,,TN,TN
autoland,4767314,1,247a31fb40b3ac0b152bd3554743d742a3892fe3,linux1804-64-shippable-qr,True,False,,,102210fe594ee9b33d82058545b1ed14f4c8206e,id-getter-5.html,perf_reftest_singletons,True,perf_reftest_singletons id-getter-5.html opt e10s fission stylo webrender,4767299,77,ms,firefox,,1715671312,2023-06-19 20:31:54,686.8100000000001,66787f25062db3f4db2e9931d54b8939c10ad3be,1259964,,,,,,,,,,,,,,,,,,,,,,,,,,,,,,,,,,,,,,,,,,,,,,,,,,,,,,,,,,,,,TN,TN
autoland,4767314,1,247a31fb40b3ac0b152bd3554743d742a3892fe3,linux1804-64-shippable-qr,True,False,,,102210fe594ee9b33d82058545b1ed14f4c8206e,id-getter-5.html,perf_reftest_singletons,True,perf_reftest_singletons id-getter-5.html opt e10s fission stylo webrender,4767299,77,ms,firefox,,1715671705,2023-06-19 20:35:26,685.76,b575ffe09cdb53fb7ee2c8f4702164d4c7bf3601,1259965,,,,,,,,,,,,,,,,,,,,,,,,,,,,,,,,,,,,,,,,,,,,,,,,,,,,,,,,,,,,,TN,TN
autoland,4767314,1,247a31fb40b3ac0b152bd3554743d742a3892fe3,linux1804-64-shippable-qr,True,False,,,102210fe594ee9b33d82058545b1ed14f4c8206e,id-getter-5.html,perf_reftest_singletons,True,perf_reftest_singletons id-getter-5.html opt e10s fission stylo webrender,4767299,77,ms,firefox,,1715685798,2023-06-19 20:52:27,692.38,7cebe3215c7d9c9fac055234e967913b672aa4cf,1259978,,,,,,,,,,,,,,,,,,,,,,,,,,,,,,,,,,,,,,,,,,,,,,,,,,,,,,,,,,,,,TN,TN
autoland,4767314,1,247a31fb40b3ac0b152bd3554743d742a3892fe3,linux1804-64-shippable-qr,True,False,,,102210fe594ee9b33d82058545b1ed14f4c8206e,id-getter-5.html,perf_reftest_singletons,True,perf_reftest_singletons id-getter-5.html opt e10s fission stylo webrender,4767299,77,ms,firefox,,1715665178,2023-06-19 20:57:02,686.45,c59c33e5030cfdcee4136b22af8344e90af67367,1259984,,,,,,,,,,,,,,,,,,,,,,,,,,,,,,,,,,,,,,,,,,,,,,,,,,,,,,,,,,,,,TN,TN
autoland,4767314,1,247a31fb40b3ac0b152bd3554743d742a3892fe3,linux1804-64-shippable-qr,True,False,,,102210fe594ee9b33d82058545b1ed14f4c8206e,id-getter-5.html,perf_reftest_singletons,True,perf_reftest_singletons id-getter-5.html opt e10s fission stylo webrender,4767299,77,ms,firefox,,1715665366,2023-06-19 20:57:02,698.28,c59c33e5030cfdcee4136b22af8344e90af67367,1259984,,,,,,,,,,,,,,,,,,,,,,,,,,,,,,,,,,,,,,,,,,,,,,,,,,,,,,,,,,,,,TN,TN
autoland,4767314,1,247a31fb40b3ac0b152bd3554743d742a3892fe3,linux1804-64-shippable-qr,True,False,,,102210fe594ee9b33d82058545b1ed14f4c8206e,id-getter-5.html,perf_reftest_singletons,True,perf_reftest_singletons id-getter-5.html opt e10s fission stylo webrender,4767299,77,ms,firefox,,1715682620,2023-06-19 21:50:44,687.7,3984b650b6ff5c6592fbda7e3c9a3b7c58b3a61f,1260016,,,,,,,,,,,,,,,,,,,,,,,,,,,,,,,,,,,,,,,,,,,,,,,,,,,,,,,,,,,,,TN,TN
autoland,4767314,1,247a31fb40b3ac0b152bd3554743d742a3892fe3,linux1804-64-shippable-qr,True,False,,,102210fe594ee9b33d82058545b1ed14f4c8206e,id-getter-5.html,perf_reftest_singletons,True,perf_reftest_singletons id-getter-5.html opt e10s fission stylo webrender,4767299,77,ms,firefox,,1715682680,2023-06-19 21:50:44,690.6600000000001,3984b650b6ff5c6592fbda7e3c9a3b7c58b3a61f,1260016,,,,,,,,,,,,,,,,,,,,,,,,,,,,,,,,,,,,,,,,,,,,,,,,,,,,,,,,,,,,,TN,TN
autoland,4767314,1,247a31fb40b3ac0b152bd3554743d742a3892fe3,linux1804-64-shippable-qr,True,False,,,102210fe594ee9b33d82058545b1ed14f4c8206e,id-getter-5.html,perf_reftest_singletons,True,perf_reftest_singletons id-getter-5.html opt e10s fission stylo webrender,4767299,77,ms,firefox,,1715683678,2023-06-19 21:51:41,690.13,1d7787405985e0804ee3e4f4187777dfad6fdd2d,1260017,,,,,,,,,,,,,,,,,,,,,,,,,,,,,,,,,,,,,,,,,,,,,,,,,,,,,,,,,,,,,TN,TN
autoland,4767314,1,247a31fb40b3ac0b152bd3554743d742a3892fe3,linux1804-64-shippable-qr,True,False,,,102210fe594ee9b33d82058545b1ed14f4c8206e,id-getter-5.html,perf_reftest_singletons,True,perf_reftest_singletons id-getter-5.html opt e10s fission stylo webrender,4767299,77,ms,firefox,,1715683814,2023-06-19 21:51:41,760.6700000000001,1d7787405985e0804ee3e4f4187777dfad6fdd2d,1260017,,,,,,,,,,,,,,,,,,,,,,,,,,,,,,,,,,,,,,,,,,,,,,,,,,,,,,,,,,,,,TN,TN
autoland,4767314,1,247a31fb40b3ac0b152bd3554743d742a3892fe3,linux1804-64-shippable-qr,True,False,,,102210fe594ee9b33d82058545b1ed14f4c8206e,id-getter-5.html,perf_reftest_singletons,True,perf_reftest_singletons id-getter-5.html opt e10s fission stylo webrender,4767299,77,ms,firefox,,1715683992,2023-06-19 22:05:27,681.3199999999999,5f4aecabd0376981a5f837f5de593c106c194712,1260021,,,,,,,,,,,,,,,,,,,,,,,,,,,,,,,,,,,,,,,,,,,,,,,,,,,,,,,,,,,,,TN,TN
autoland,4767314,1,247a31fb40b3ac0b152bd3554743d742a3892fe3,linux1804-64-shippable-qr,True,False,,,102210fe594ee9b33d82058545b1ed14f4c8206e,id-getter-5.html,perf_reftest_singletons,True,perf_reftest_singletons id-getter-5.html opt e10s fission stylo webrender,4767299,77,ms,firefox,,1715685600,2023-06-19 22:05:27,677.97,5f4aecabd0376981a5f837f5de593c106c194712,1260021,,,,,,,,,,,,,,,,,,,,,,,,,,,,,,,,,,,,,,,,,,,,,,,,,,,,,,,,,,,,,TN,TN
autoland,4767314,1,247a31fb40b3ac0b152bd3554743d742a3892fe3,linux1804-64-shippable-qr,True,False,,,102210fe594ee9b33d82058545b1ed14f4c8206e,id-getter-5.html,perf_reftest_singletons,True,perf_reftest_singletons id-getter-5.html opt e10s fission stylo webrender,4767299,77,ms,firefox,,1715671444,2023-06-19 22:55:19,678.88,9b440a54162076ced76e97777779c2c53619086d,1260038,,,,,,,,,,,,,,,,,,,,,,,,,,,,,,,,,,,,,,,,,,,,,,,,,,,,,,,,,,,,,TN,TN
autoland,4767314,1,247a31fb40b3ac0b152bd3554743d742a3892fe3,linux1804-64-shippable-qr,True,False,,,102210fe594ee9b33d82058545b1ed14f4c8206e,id-getter-5.html,perf_reftest_singletons,True,perf_reftest_singletons id-getter-5.html opt e10s fission stylo webrender,4767299,77,ms,firefox,,1715671492,2023-06-19 22:55:19,677.4000000000001,9b440a54162076ced76e97777779c2c53619086d,1260038,,,,,,,,,,,,,,,,,,,,,,,,,,,,,,,,,,,,,,,,,,,,,,,,,,,,,,,,,,,,,TN,TN
autoland,4767314,1,247a31fb40b3ac0b152bd3554743d742a3892fe3,linux1804-64-shippable-qr,True,False,,,102210fe594ee9b33d82058545b1ed14f4c8206e,id-getter-5.html,perf_reftest_singletons,True,perf_reftest_singletons id-getter-5.html opt e10s fission stylo webrender,4767299,77,ms,firefox,,1714204869,2023-06-19 23:03:46,685.14,edef1940a6bd4d95b235e43b1cada493f561f78a,1260042,,,,,,,,,,,,,,,,,,,,,,,,,,,,,,,,,,,,,,,,,,,,,,,,,,,,,,,,,,,,,TN,TN
autoland,4767314,1,247a31fb40b3ac0b152bd3554743d742a3892fe3,linux1804-64-shippable-qr,True,False,,,102210fe594ee9b33d82058545b1ed14f4c8206e,id-getter-5.html,perf_reftest_singletons,True,perf_reftest_singletons id-getter-5.html opt e10s fission stylo webrender,4767299,77,ms,firefox,,1715684069,2023-06-19 23:52:46,679.89,1c6e9d4668f7c8922d9e622072fef1a28b813049,1260051,,,,,,,,,,,,,,,,,,,,,,,,,,,,,,,,,,,,,,,,,,,,,,,,,,,,,,,,,,,,,TN,TN
autoland,4767314,1,247a31fb40b3ac0b152bd3554743d742a3892fe3,linux1804-64-shippable-qr,True,False,,,102210fe594ee9b33d82058545b1ed14f4c8206e,id-getter-5.html,perf_reftest_singletons,True,perf_reftest_singletons id-getter-5.html opt e10s fission stylo webrender,4767299,77,ms,firefox,,1715671133,2023-06-20 01:36:46,678.78,9fb58fa7b8b6ef4311a4f56a75eba93bbece1bb5,1260069,,,,,,,,,,,,,,,,,,,,,,,,,,,,,,,,,,,,,,,,,,,,,,,,,,,,,,,,,,,,,TN,TN
autoland,4767314,1,247a31fb40b3ac0b152bd3554743d742a3892fe3,linux1804-64-shippable-qr,True,False,,,102210fe594ee9b33d82058545b1ed14f4c8206e,id-getter-5.html,perf_reftest_singletons,True,perf_reftest_singletons id-getter-5.html opt e10s fission stylo webrender,4767299,77,ms,firefox,,1715685896,2023-06-20 02:00:05,684.74,a9ef0fac7c93abd27c6fbfa099f5581ef170b569,1260078,,,,,,,,,,,,,,,,,,,,,,,,,,,,,,,,,,,,,,,,,,,,,,,,,,,,,,,,,,,,,TN,TN
autoland,4767314,1,247a31fb40b3ac0b152bd3554743d742a3892fe3,linux1804-64-shippable-qr,True,False,,,102210fe594ee9b33d82058545b1ed14f4c8206e,id-getter-5.html,perf_reftest_singletons,True,perf_reftest_singletons id-getter-5.html opt e10s fission stylo webrender,4767299,77,ms,firefox,,1714370783,2023-06-20 04:00:20,677.6700000000001,a4b679a79f2fa00877013dfcc1a886078d728328,1260102,,,,,,,,,,,,,,,,,,,,,,,,,,,,,,,,,,,,,,,,,,,,,,,,,,,,,,,,,,,,,TN,TN
autoland,4767314,1,247a31fb40b3ac0b152bd3554743d742a3892fe3,linux1804-64-shippable-qr,True,False,,,102210fe594ee9b33d82058545b1ed14f4c8206e,id-getter-5.html,perf_reftest_singletons,True,perf_reftest_singletons id-getter-5.html opt e10s fission stylo webrender,4767299,77,ms,firefox,,1714530997,2023-06-20 05:17:25,672.8,ce5a84713c8b968709940f18f143d251da4fcb83,1260124,,,,,,,,,,,,,,,,,,,,,,,,,,,,,,,,,,,,,,,,,,,,,,,,,,,,,,,,,,,,,TN,TN
autoland,4767314,1,247a31fb40b3ac0b152bd3554743d742a3892fe3,linux1804-64-shippable-qr,True,False,,,102210fe594ee9b33d82058545b1ed14f4c8206e,id-getter-5.html,perf_reftest_singletons,True,perf_reftest_singletons id-getter-5.html opt e10s fission stylo webrender,4767299,77,ms,firefox,,1714555596,2023-06-20 09:18:46,690.0899999999999,caf02cdd31992e89c9bd81c5ec4d391070651f3a,1260213,,,,,,,,,,,,,,,,,,,,,,,,,,,,,,,,,,,,,,,,,,,,,,,,,,,,,,,,,,,,,TN,TN
autoland,4767314,1,247a31fb40b3ac0b152bd3554743d742a3892fe3,linux1804-64-shippable-qr,True,False,,,102210fe594ee9b33d82058545b1ed14f4c8206e,id-getter-5.html,perf_reftest_singletons,True,perf_reftest_singletons id-getter-5.html opt e10s fission stylo webrender,4767299,77,ms,firefox,,1714676213,2023-06-20 12:29:52,680.65,5ade2b37847325019878bde832493c342759d7eb,1260284,,,,,,,,,,,,,,,,,,,,,,,,,,,,,,,,,,,,,,,,,,,,,,,,,,,,,,,,,,,,,TN,TN
autoland,4767314,1,247a31fb40b3ac0b152bd3554743d742a3892fe3,linux1804-64-shippable-qr,True,False,,,102210fe594ee9b33d82058545b1ed14f4c8206e,id-getter-5.html,perf_reftest_singletons,True,perf_reftest_singletons id-getter-5.html opt e10s fission stylo webrender,4767299,77,ms,firefox,,1714868479,2023-06-20 16:34:00,681.4100000000001,1877c1e6db6f8a23c52ab9238c7f62d0b696f0ce,1260512,,,,,,,,,,,,,,,,,,,,,,,,,,,,,,,,,,,,,,,,,,,,,,,,,,,,,,,,,,,,,TN,TN
autoland,4767314,1,247a31fb40b3ac0b152bd3554743d742a3892fe3,linux1804-64-shippable-qr,True,False,,,102210fe594ee9b33d82058545b1ed14f4c8206e,id-getter-5.html,perf_reftest_singletons,True,perf_reftest_singletons id-getter-5.html opt e10s fission stylo webrender,4767299,77,ms,firefox,,1714969796,2023-06-20 16:35:53,680.18,2ad5c2418b372960126440af5aa568104de3bfb8,1260515,,,,,,,,,,,,,,,,,,,,,,,,,,,,,,,,,,,,,,,,,,,,,,,,,,,,,,,,,,,,,TN,TN
autoland,4767314,1,247a31fb40b3ac0b152bd3554743d742a3892fe3,linux1804-64-shippable-qr,True,False,,,102210fe594ee9b33d82058545b1ed14f4c8206e,id-getter-5.html,perf_reftest_singletons,True,perf_reftest_singletons id-getter-5.html opt e10s fission stylo webrender,4767299,77,ms,firefox,,1715245441,2023-06-21 00:51:29,687.09,143aa1574b8d50e4d2ddd1a2826b25a8418f13c1,1260862,,,,,,,,,,,,,,,,,,,,,,,,,,,,,,,,,,,,,,,,,,,,,,,,,,,,,,,,,,,,,TN,TN
autoland,4767314,1,247a31fb40b3ac0b152bd3554743d742a3892fe3,linux1804-64-shippable-qr,True,False,,,102210fe594ee9b33d82058545b1ed14f4c8206e,id-getter-5.html,perf_reftest_singletons,True,perf_reftest_singletons id-getter-5.html opt e10s fission stylo webrender,4767299,77,ms,firefox,,1715296470,2023-06-21 02:28:11,677.36,7bdf45ed2f6b565e69fdbc44285af78de3271a4e,1260905,,,,,,,,,,,,,,,,,,,,,,,,,,,,,,,,,,,,,,,,,,,,,,,,,,,,,,,,,,,,,TN,TN
autoland,4767314,1,247a31fb40b3ac0b152bd3554743d742a3892fe3,linux1804-64-shippable-qr,True,False,,,102210fe594ee9b33d82058545b1ed14f4c8206e,id-getter-5.html,perf_reftest_singletons,True,perf_reftest_singletons id-getter-5.html opt e10s fission stylo webrender,4767299,77,ms,firefox,,1715406098,2023-06-21 06:55:17,676.0699999999999,8a382f0bd3211346516d54c647d157320335a806,1260969,,,,,,,,,,,,,,,,,,,,,,,,,,,,,,,,,,,,,,,,,,,,,,,,,,,,,,,,,,,,,TN,TN
autoland,4767314,1,247a31fb40b3ac0b152bd3554743d742a3892fe3,linux1804-64-shippable-qr,True,False,,,102210fe594ee9b33d82058545b1ed14f4c8206e,id-getter-5.html,perf_reftest_singletons,True,perf_reftest_singletons id-getter-5.html opt e10s fission stylo webrender,4767299,77,ms,firefox,,1715431861,2023-06-21 07:34:24,647.28,4c90403735bebf09d72af91e99745cfcbbae2a35,1260998,,,,,,,,,,,,,,,,,,,,,,,,,,,,,,,,,,,,,,,,,,,,,,,,,,,,,,,,,,,,,TN,TN
autoland,4767314,1,247a31fb40b3ac0b152bd3554743d742a3892fe3,linux1804-64-shippable-qr,True,False,,,102210fe594ee9b33d82058545b1ed14f4c8206e,id-getter-5.html,perf_reftest_singletons,True,perf_reftest_singletons id-getter-5.html opt e10s fission stylo webrender,4767299,77,ms,firefox,,1715610191,2023-06-21 12:20:35,671.07,14edc9bcbe5615f748cdb086881c6b983aedf04d,1261182,,,,,,,,,,,,,,,,,,,,,,,,,,,,,,,,,,,,,,,,,,,,,,,,,,,,,,,,,,,,,TN,TN
autoland,4767314,1,247a31fb40b3ac0b152bd3554743d742a3892fe3,linux1804-64-shippable-qr,True,False,,,102210fe594ee9b33d82058545b1ed14f4c8206e,id-getter-5.html,perf_reftest_singletons,True,perf_reftest_singletons id-getter-5.html opt e10s fission stylo webrender,4767299,77,ms,firefox,,1715630290,2023-06-21 12:59:17,677.0,b94f3d418f54f964368486a65cd5d15e828867db,1261207,,,,,,,,,,,,,,,,,,,,,,,,,,,,,,,,,,,,,,,,,,,,,,,,,,,,,,,,,,,,,TN,TN
autoland,4767314,1,247a31fb40b3ac0b152bd3554743d742a3892fe3,linux1804-64-shippable-qr,True,False,,,102210fe594ee9b33d82058545b1ed14f4c8206e,id-getter-5.html,perf_reftest_singletons,True,perf_reftest_singletons id-getter-5.html opt e10s fission stylo webrender,4767299,77,ms,firefox,,1715716829,2023-06-21 16:33:07,702.6600000000001,702dc0aa87a8c3e4929277c1dc8220a7dd72418f,1261278,,,,,,,,,,,,,,,,,,,,,,,,,,,,,,,,,,,,,,,,,,,,,,,,,,,,,,,,,,,,,TN,TN
autoland,4767314,1,247a31fb40b3ac0b152bd3554743d742a3892fe3,linux1804-64-shippable-qr,True,False,,,102210fe594ee9b33d82058545b1ed14f4c8206e,id-getter-5.html,perf_reftest_singletons,True,perf_reftest_singletons id-getter-5.html opt e10s fission stylo webrender,4767299,77,ms,firefox,,1715910628,2023-06-21 20:43:57,655.85,78880280c2765ec0520ece3184fc8fdbac5b5356,1261541,,,,,,,,,,,,,,,,,,,,,,,,,,,,,,,,,,,,,,,,,,,,,,,,,,,,,,,,,,,,,TN,TN
autoland,4767314,1,247a31fb40b3ac0b152bd3554743d742a3892fe3,linux1804-64-shippable-qr,True,False,,,102210fe594ee9b33d82058545b1ed14f4c8206e,id-getter-5.html,perf_reftest_singletons,True,perf_reftest_singletons id-getter-5.html opt e10s fission stylo webrender,4767299,77,ms,firefox,,1716006270,2023-06-22 00:43:42,681.9300000000001,109834499ca10a69681c6868a23ec828dcf160cf,1261782,,,,,,,,,,,,,,,,,,,,,,,,,,,,,,,,,,,,,,,,,,,,,,,,,,,,,,,,,,,,,TN,TN
autoland,4767314,1,247a31fb40b3ac0b152bd3554743d742a3892fe3,linux1804-64-shippable-qr,True,False,,,102210fe594ee9b33d82058545b1ed14f4c8206e,id-getter-5.html,perf_reftest_singletons,True,perf_reftest_singletons id-getter-5.html opt e10s fission stylo webrender,4767299,77,ms,firefox,,1716073795,2023-06-22 05:48:27,686.48,57884604206ce9bb39718006eac660e6e32e5044,1261863,,,,,,,,,,,,,,,,,,,,,,,,,,,,,,,,,,,,,,,,,,,,,,,,,,,,,,,,,,,,,TN,TN
autoland,4767314,1,247a31fb40b3ac0b152bd3554743d742a3892fe3,linux1804-64-shippable-qr,True,False,,,102210fe594ee9b33d82058545b1ed14f4c8206e,id-getter-5.html,perf_reftest_singletons,True,perf_reftest_singletons id-getter-5.html opt e10s fission stylo webrender,4767299,77,ms,firefox,,1716101876,2023-06-22 07:29:35,691.7199999999999,45769d7ff3c64d7abfcfedd8f05bb7dcb442270c,1261886,,,,,,,,,,,,,,,,,,,,,,,,,,,,,,,,,,,,,,,,,,,,,,,,,,,,,,,,,,,,,TN,TN
autoland,4767314,1,247a31fb40b3ac0b152bd3554743d742a3892fe3,linux1804-64-shippable-qr,True,False,,,102210fe594ee9b33d82058545b1ed14f4c8206e,id-getter-5.html,perf_reftest_singletons,True,perf_reftest_singletons id-getter-5.html opt e10s fission stylo webrender,4767299,77,ms,firefox,,1716217365,2023-06-22 11:39:08,693.8700000000001,3d85ee9f4f736ebc38b26fed33c8681bb512aa92,1262053,,,,,,,,,,,,,,,,,,,,,,,,,,,,,,,,,,,,,,,,,,,,,,,,,,,,,,,,,,,,,TN,TN
autoland,4767314,1,247a31fb40b3ac0b152bd3554743d742a3892fe3,linux1804-64-shippable-qr,True,False,,,102210fe594ee9b33d82058545b1ed14f4c8206e,id-getter-5.html,perf_reftest_singletons,True,perf_reftest_singletons id-getter-5.html opt e10s fission stylo webrender,4767299,77,ms,firefox,,1716350145,2023-06-22 14:41:02,641.1700000000001,b9e51e69d0451a93822b61cc15d72666124f02dd,1262179,,,,,,,,,,,,,,,,,,,,,,,,,,,,,,,,,,,,,,,,,,,,,,,,,,,,,,,,,,,,,TN,TN
autoland,4767314,1,247a31fb40b3ac0b152bd3554743d742a3892fe3,linux1804-64-shippable-qr,True,False,,,102210fe594ee9b33d82058545b1ed14f4c8206e,id-getter-5.html,perf_reftest_singletons,True,perf_reftest_singletons id-getter-5.html opt e10s fission stylo webrender,4767299,77,ms,firefox,,1716447704,2023-06-22 18:48:21,648.97,9a98c67180c5914db4ca78d4fc36d6d0721d24a9,1262325,,,,,,,,,,,,,,,,,,,,,,,,,,,,,,,,,,,,,,,,,,,,,,,,,,,,,,,,,,,,,TN,TN
autoland,4767314,1,247a31fb40b3ac0b152bd3554743d742a3892fe3,linux1804-64-shippable-qr,True,False,,,102210fe594ee9b33d82058545b1ed14f4c8206e,id-getter-5.html,perf_reftest_singletons,True,perf_reftest_singletons id-getter-5.html opt e10s fission stylo webrender,4767299,77,ms,firefox,,1716460359,2023-06-22 19:02:55,654.8199999999999,4b261191412d4972eaab59ddb358f2eef865280d,1262337,,,,,,,,,,,,,,,,,,,,,,,,,,,,,,,,,,,,,,,,,,,,,,,,,,,,,,,,,,,,,TN,TN
autoland,4767314,1,247a31fb40b3ac0b152bd3554743d742a3892fe3,linux1804-64-shippable-qr,True,False,,,102210fe594ee9b33d82058545b1ed14f4c8206e,id-getter-5.html,perf_reftest_singletons,True,perf_reftest_singletons id-getter-5.html opt e10s fission stylo webrender,4767299,77,ms,firefox,,1716559766,2023-06-22 22:58:49,671.8799999999999,ec702239c313d37f8ee8d6b4d9b78aba8d4b6580,1262495,,,,,,,,,,,,,,,,,,,,,,,,,,,,,,,,,,,,,,,,,,,,,,,,,,,,,,,,,,,,,TN,TN
autoland,4767314,1,247a31fb40b3ac0b152bd3554743d742a3892fe3,linux1804-64-shippable-qr,True,False,,,102210fe594ee9b33d82058545b1ed14f4c8206e,id-getter-5.html,perf_reftest_singletons,True,perf_reftest_singletons id-getter-5.html opt e10s fission stylo webrender,4767299,77,ms,firefox,,1716687264,2023-06-23 03:22:10,677.21,a9c0bee966a1e0b10528a9b41b3dcea34ee95b83,1262648,,,,,,,,,,,,,,,,,,,,,,,,,,,,,,,,,,,,,,,,,,,,,,,,,,,,,,,,,,,,,TN,TN
autoland,4767314,1,247a31fb40b3ac0b152bd3554743d742a3892fe3,linux1804-64-shippable-qr,True,False,,,102210fe594ee9b33d82058545b1ed14f4c8206e,id-getter-5.html,perf_reftest_singletons,True,perf_reftest_singletons id-getter-5.html opt e10s fission stylo webrender,4767299,77,ms,firefox,,1716823125,2023-06-23 06:38:21,659.6700000000001,e6ebe768e49bf43fc6465b297a817d1e4994af82,1262712,,,,,,,,,,,,,,,,,,,,,,,,,,,,,,,,,,,,,,,,,,,,,,,,,,,,,,,,,,,,,TN,TN
autoland,4767314,1,247a31fb40b3ac0b152bd3554743d742a3892fe3,linux1804-64-shippable-qr,True,False,,,102210fe594ee9b33d82058545b1ed14f4c8206e,id-getter-5.html,perf_reftest_singletons,True,perf_reftest_singletons id-getter-5.html opt e10s fission stylo webrender,4767299,77,ms,firefox,,1716993128,2023-06-23 10:04:46,654.36,bd328e6b49f984c8a1b8e2e0e0b2194267d023ac,1262825,,,,,,,,,,,,,,,,,,,,,,,,,,,,,,,,,,,,,,,,,,,,,,,,,,,,,,,,,,,,,TN,TN
autoland,4767314,1,247a31fb40b3ac0b152bd3554743d742a3892fe3,linux1804-64-shippable-qr,True,False,,,102210fe594ee9b33d82058545b1ed14f4c8206e,id-getter-5.html,perf_reftest_singletons,True,perf_reftest_singletons id-getter-5.html opt e10s fission stylo webrender,4767299,77,ms,firefox,,1717055593,2023-06-23 14:10:04,669.96,21d4902198ae482d7fd52735881f90fb09ffaa07,1262960,,,,,,,,,,,,,,,,,,,,,,,,,,,,,,,,,,,,,,,,,,,,,,,,,,,,,,,,,,,,,TN,TN
autoland,4767314,1,247a31fb40b3ac0b152bd3554743d742a3892fe3,linux1804-64-shippable-qr,True,False,,,102210fe594ee9b33d82058545b1ed14f4c8206e,id-getter-5.html,perf_reftest_singletons,True,perf_reftest_singletons id-getter-5.html opt e10s fission stylo webrender,4767299,77,ms,firefox,,1721072564,2023-06-23 14:10:04,667.06,21d4902198ae482d7fd52735881f90fb09ffaa07,1262960,,,,,,,,,,,,,,,,,,,,,,,,,,,,,,,,,,,,,,,,,,,,,,,,,,,,,,,,,,,,,TN,TN
autoland,4767314,1,247a31fb40b3ac0b152bd3554743d742a3892fe3,linux1804-64-shippable-qr,True,False,,,102210fe594ee9b33d82058545b1ed14f4c8206e,id-getter-5.html,perf_reftest_singletons,True,perf_reftest_singletons id-getter-5.html opt e10s fission stylo webrender,4767299,77,ms,firefox,,1721072689,2023-06-23 14:15:50,656.38,ec9819462d39952672ba4191d75f16ffb5eda080,1262966,,,,,,,,,,,,,,,,,,,,,,,,,,,,,,,,,,,,,,,,,,,,,,,,,,,,,,,,,,,,,TN,TN
autoland,4767314,1,247a31fb40b3ac0b152bd3554743d742a3892fe3,linux1804-64-shippable-qr,True,False,,,102210fe594ee9b33d82058545b1ed14f4c8206e,id-getter-5.html,perf_reftest_singletons,True,perf_reftest_singletons id-getter-5.html opt e10s fission stylo webrender,4767299,77,ms,firefox,,1721072667,2023-06-23 14:17:21,664.2099999999999,a6bea1cf301ad839d4d32462a249f1942550d379,1262968,,,,,,,,,,,,,,,,,,,,,,,,,,,,,,,,,,,,,,,,,,,,,,,,,,,,,,,,,,,,,TN,TN
autoland,4767314,1,247a31fb40b3ac0b152bd3554743d742a3892fe3,linux1804-64-shippable-qr,True,False,,,102210fe594ee9b33d82058545b1ed14f4c8206e,id-getter-5.html,perf_reftest_singletons,True,perf_reftest_singletons id-getter-5.html opt e10s fission stylo webrender,4767299,77,ms,firefox,,1717066735,2023-06-23 14:24:51,677.14,801ba619d741b520231e6a0791457e7b44bef641,1262973,,,,,,,,,,,,,,,,,,,,,,,,,,,,,,,,,,,,,,,,,,,,,,,,,,,,,,,,,,,,,TN,TN
autoland,4767314,1,247a31fb40b3ac0b152bd3554743d742a3892fe3,linux1804-64-shippable-qr,True,False,,,102210fe594ee9b33d82058545b1ed14f4c8206e,id-getter-5.html,perf_reftest_singletons,True,perf_reftest_singletons id-getter-5.html opt e10s fission stylo webrender,4767299,77,ms,firefox,,1721072814,2023-06-23 14:24:51,668.69,801ba619d741b520231e6a0791457e7b44bef641,1262973,,,,,,,,,,,,,,,,,,,,,,,,,,,,,,,,,,,,,,,,,,,,,,,,,,,,,,,,,,,,,TN,TN
autoland,4767314,1,247a31fb40b3ac0b152bd3554743d742a3892fe3,linux1804-64-shippable-qr,True,False,,,102210fe594ee9b33d82058545b1ed14f4c8206e,id-getter-5.html,perf_reftest_singletons,True,perf_reftest_singletons id-getter-5.html opt e10s fission stylo webrender,4767299,77,ms,firefox,,1721072456,2023-06-23 15:12:34,656.77,936de0ebea835b1d1ac7899f4c1f1d69deb9ed44,1262991,,,,,,,,,,,,,,,,,,,,,,,,,,,,,,,,,,,,,,,,,,,,,,,,,,,,,,,,,,,,,TN,TN
autoland,4767314,1,247a31fb40b3ac0b152bd3554743d742a3892fe3,linux1804-64-shippable-qr,True,False,,,102210fe594ee9b33d82058545b1ed14f4c8206e,id-getter-5.html,perf_reftest_singletons,True,perf_reftest_singletons id-getter-5.html opt e10s fission stylo webrender,4767299,77,ms,firefox,,1721072498,2023-06-23 15:14:08,662.4300000000001,dfe0fed4de685cbc50763cc830e1f18b10fbb78e,1262992,,,,,,,,,,,,,,,,,,,,,,,,,,,,,,,,,,,,,,,,,,,,,,,,,,,,,,,,,,,,,TN,TN
autoland,4767314,1,247a31fb40b3ac0b152bd3554743d742a3892fe3,linux1804-64-shippable-qr,True,False,,,102210fe594ee9b33d82058545b1ed14f4c8206e,id-getter-5.html,perf_reftest_singletons,True,perf_reftest_singletons id-getter-5.html opt e10s fission stylo webrender,4767299,77,ms,firefox,,1721073103,2023-06-23 15:17:26,683.42,7b1e1da4c908e0d82fc999ba126df85ac7f4ad2d,1262993,,,,,,,,,,,,,,,,,,,,,,,,,,,,,,,,,,,,,,,,,,,,,,,,,,,,,,,,,,,,,TN,TN
autoland,4767314,1,247a31fb40b3ac0b152bd3554743d742a3892fe3,linux1804-64-shippable-qr,True,False,,,102210fe594ee9b33d82058545b1ed14f4c8206e,id-getter-5.html,perf_reftest_singletons,True,perf_reftest_singletons id-getter-5.html opt e10s fission stylo webrender,4767299,77,ms,firefox,,1721072777,2023-06-23 15:26:28,664.76,7a9232452ebfd4250aa0e97cefaa032789594f62,1262994,,,,,,,,,,,,,,,,,,,,,,,,,,,,,,,,,,,,,,,,,,,,,,,,,,,,,,,,,,,,,TN,TN
autoland,4767314,1,247a31fb40b3ac0b152bd3554743d742a3892fe3,linux1804-64-shippable-qr,True,False,,,102210fe594ee9b33d82058545b1ed14f4c8206e,id-getter-5.html,perf_reftest_singletons,True,perf_reftest_singletons id-getter-5.html opt e10s fission stylo webrender,4767299,77,ms,firefox,,1721072983,2023-06-23 15:46:51,679.13,3768596754d956fc7b9ac38e131d284bd8911840,1262995,,,,,,,,,,,,,,,,,,,,,,,,,,,,,,,,,,,,,,,,,,,,,,,,,,,,,,,,,,,,,TN,TN
autoland,4767314,1,247a31fb40b3ac0b152bd3554743d742a3892fe3,linux1804-64-shippable-qr,True,False,,,102210fe594ee9b33d82058545b1ed14f4c8206e,id-getter-5.html,perf_reftest_singletons,True,perf_reftest_singletons id-getter-5.html opt e10s fission stylo webrender,4767299,77,ms,firefox,,1721072622,2023-06-23 15:58:03,655.1800000000001,8c6697a800d8ce3d4d0fe67cea877a0f9e21378a,1262996,,,,,,,,,,,,,,,,,,,,,,,,,,,,,,,,,,,,,,,,,,,,,,,,,,,,,,,,,,,,,TN,TN
autoland,4767314,1,247a31fb40b3ac0b152bd3554743d742a3892fe3,linux1804-64-shippable-qr,True,False,,,102210fe594ee9b33d82058545b1ed14f4c8206e,id-getter-5.html,perf_reftest_singletons,True,perf_reftest_singletons id-getter-5.html opt e10s fission stylo webrender,4767299,77,ms,firefox,,1721072563,2023-06-23 16:05:06,692.91,6af266d60efe2b682ae42f22039a5b2de1fa7b80,1262998,,,,,,,,,,,,,,,,,,,,,,,,,,,,,,,,,,,,,,,,,,,,,,,,,,,,,,,,,,,,,TN,TN
autoland,4767314,1,247a31fb40b3ac0b152bd3554743d742a3892fe3,linux1804-64-shippable-qr,True,False,,,102210fe594ee9b33d82058545b1ed14f4c8206e,id-getter-5.html,perf_reftest_singletons,True,perf_reftest_singletons id-getter-5.html opt e10s fission stylo webrender,4767299,77,ms,firefox,,1721072852,2023-06-23 16:11:13,663.76,8ea07e3a172f8659564a46923981c7e73c60cbdc,1262999,,,,,,,,,,,,,,,,,,,,,,,,,,,,,,,,,,,,,,,,,,,,,,,,,,,,,,,,,,,,,TN,TN
autoland,4767314,1,247a31fb40b3ac0b152bd3554743d742a3892fe3,linux1804-64-shippable-qr,True,False,,,102210fe594ee9b33d82058545b1ed14f4c8206e,id-getter-5.html,perf_reftest_singletons,True,perf_reftest_singletons id-getter-5.html opt e10s fission stylo webrender,4767299,77,ms,firefox,,1721073141,2023-06-23 16:27:32,679.36,006c43fdfa9661af8b83296dd4a1e5b0dbfc38bd,1263000,,,,,,,,,,,,,,,,,,,,,,,,,,,,,,,,,,,,,,,,,,,,,,,,,,,,,,,,,,,,,TN,TN
autoland,4767314,1,247a31fb40b3ac0b152bd3554743d742a3892fe3,linux1804-64-shippable-qr,True,False,,,102210fe594ee9b33d82058545b1ed14f4c8206e,id-getter-5.html,perf_reftest_singletons,True,perf_reftest_singletons id-getter-5.html opt e10s fission stylo webrender,4767299,77,ms,firefox,,1721072935,2023-06-23 16:30:57,678.21,60db60f0de3da4aea6b80de3e71465b633eb4027,1263001,,,,,,,,,,,,,,,,,,,,,,,,,,,,,,,,,,,,,,,,,,,,,,,,,,,,,,,,,,,,,TN,TN
autoland,4767314,1,247a31fb40b3ac0b152bd3554743d742a3892fe3,linux1804-64-shippable-qr,True,False,,,102210fe594ee9b33d82058545b1ed14f4c8206e,id-getter-5.html,perf_reftest_singletons,True,perf_reftest_singletons id-getter-5.html opt e10s fission stylo webrender,4767299,77,ms,firefox,,1721073033,2023-06-23 16:34:37,656.53,57f287d30fc0267698cfa64b2618790a8e749f39,1263002,,,,,,,,,,,,,,,,,,,,,,,,,,,,,,,,,,,,,,,,,,,,,,,,,,,,,,,,,,,,,TN,TN
autoland,4767314,1,247a31fb40b3ac0b152bd3554743d742a3892fe3,linux1804-64-shippable-qr,True,False,,,102210fe594ee9b33d82058545b1ed14f4c8206e,id-getter-5.html,perf_reftest_singletons,True,perf_reftest_singletons id-getter-5.html opt e10s fission stylo webrender,4767299,77,ms,firefox,,1721072894,2023-06-23 17:59:11,679.1400000000001,1680bc957eca399a1dbc31f7c3d3c201c28c594e,1263067,,,,,,,,,,,,,,,,,,,,,,,,,,,,,,,,,,,,,,,,,,,,,,,,,,,,,,,,,,,,,TN,TN
autoland,4767314,1,247a31fb40b3ac0b152bd3554743d742a3892fe3,linux1804-64-shippable-qr,True,False,,,102210fe594ee9b33d82058545b1ed14f4c8206e,id-getter-5.html,perf_reftest_singletons,True,perf_reftest_singletons id-getter-5.html opt e10s fission stylo webrender,4767299,77,ms,firefox,,1721073186,2023-06-23 18:00:05,643.76,47d6f0032249c871a8f87250d91a0b5d0b73f81f,1263068,,,,,,,,,,,,,,,,,,,,,,,,,,,,,,,,,,,,,,,,,,,,,,,,,,,,,,,,,,,,,TN,TN
autoland,4767314,1,247a31fb40b3ac0b152bd3554743d742a3892fe3,linux1804-64-shippable-qr,True,False,,,102210fe594ee9b33d82058545b1ed14f4c8206e,id-getter-5.html,perf_reftest_singletons,True,perf_reftest_singletons id-getter-5.html opt e10s fission stylo webrender,4767299,77,ms,firefox,,1721073387,2023-06-23 18:01:02,708.6600000000001,304d01f5488b384023a1c647e8c5c2f5cee32a5b,1263069,,,,,,,,,,,,,,,,,,,,,,,,,,,,,,,,,,,,,,,,,,,,,,,,,,,,,,,,,,,,,TN,TN
autoland,4767314,1,247a31fb40b3ac0b152bd3554743d742a3892fe3,linux1804-64-shippable-qr,True,False,,,102210fe594ee9b33d82058545b1ed14f4c8206e,id-getter-5.html,perf_reftest_singletons,True,perf_reftest_singletons id-getter-5.html opt e10s fission stylo webrender,4767299,77,ms,firefox,,1721073224,2023-06-23 18:01:57,647.0999999999999,897b88c7e2ed402ae0bd51a5e0174c7637699fd7,1263071,,,,,,,,,,,,,,,,,,,,,,,,,,,,,,,,,,,,,,,,,,,,,,,,,,,,,,,,,,,,,TN,TN
autoland,4767314,1,247a31fb40b3ac0b152bd3554743d742a3892fe3,linux1804-64-shippable-qr,True,False,,,102210fe594ee9b33d82058545b1ed14f4c8206e,id-getter-5.html,perf_reftest_singletons,True,perf_reftest_singletons id-getter-5.html opt e10s fission stylo webrender,4767299,77,ms,firefox,,1717168018,2023-06-23 18:49:22,641.8399999999999,efb1631077da0ef473b1fe37d64cd6f652c34f37,1263094,,,,,,,,,,,,,,,,,,,,,,,,,,,,,,,,,,,,,,,,,,,,,,,,,,,,,,,,,,,,,TN,TN
autoland,4767314,1,247a31fb40b3ac0b152bd3554743d742a3892fe3,linux1804-64-shippable-qr,True,False,,,102210fe594ee9b33d82058545b1ed14f4c8206e,id-getter-5.html,perf_reftest_singletons,True,perf_reftest_singletons id-getter-5.html opt e10s fission stylo webrender,4767299,77,ms,firefox,,1717200277,2023-06-23 19:29:51,640.16,3cfaf216653a2de7529a3bc74907ea4fecc21912,1263108,,,,,,,,,,,,,,,,,,,,,,,,,,,,,,,,,,,,,,,,,,,,,,,,,,,,,,,,,,,,,TN,TN
autoland,4767314,1,247a31fb40b3ac0b152bd3554743d742a3892fe3,linux1804-64-shippable-qr,True,False,,,102210fe594ee9b33d82058545b1ed14f4c8206e,id-getter-5.html,perf_reftest_singletons,True,perf_reftest_singletons id-getter-5.html opt e10s fission stylo webrender,4767299,77,ms,firefox,,1717247745,2023-06-23 23:33:35,666.51,45c221c4d7560f0ab2b6f7c4d113e2f96d73e994,1263150,,,,,,,,,,,,,,,,,,,,,,,,,,,,,,,,,,,,,,,,,,,,,,,,,,,,,,,,,,,,,TN,TN
autoland,4767314,1,247a31fb40b3ac0b152bd3554743d742a3892fe3,linux1804-64-shippable-qr,True,False,,,102210fe594ee9b33d82058545b1ed14f4c8206e,id-getter-5.html,perf_reftest_singletons,True,perf_reftest_singletons id-getter-5.html opt e10s fission stylo webrender,4767299,77,ms,firefox,,1717370160,2023-06-24 17:55:21,650.68,31d5ffaf0b16a722c89e3bc6043d1a6dd2df4f59,1263267,,,,,,,,,,,,,,,,,,,,,,,,,,,,,,,,,,,,,,,,,,,,,,,,,,,,,,,,,,,,,TN,TN
autoland,4767314,1,247a31fb40b3ac0b152bd3554743d742a3892fe3,linux1804-64-shippable-qr,True,False,,,102210fe594ee9b33d82058545b1ed14f4c8206e,id-getter-5.html,perf_reftest_singletons,True,perf_reftest_singletons id-getter-5.html opt e10s fission stylo webrender,4767299,77,ms,firefox,,1717491219,2023-06-25 11:25:42,646.25,a529a3830f684519fc2c2ffb6fbe1b1e77930e71,1263317,,,,,,,,,,,,,,,,,,,,,,,,,,,,,,,,,,,,,,,,,,,,,,,,,,,,,,,,,,,,,TN,TN
autoland,4767314,1,247a31fb40b3ac0b152bd3554743d742a3892fe3,linux1804-64-shippable-qr,True,False,,,102210fe594ee9b33d82058545b1ed14f4c8206e,id-getter-5.html,perf_reftest_singletons,True,perf_reftest_singletons id-getter-5.html opt e10s fission stylo webrender,4767299,77,ms,firefox,,1717618718,2023-06-26 01:53:17,660.02,391b29854d65124c758af8d7a7765b53ec46b9bf,1263401,,,,,,,,,,,,,,,,,,,,,,,,,,,,,,,,,,,,,,,,,,,,,,,,,,,,,,,,,,,,,TN,TN
autoland,4767314,1,247a31fb40b3ac0b152bd3554743d742a3892fe3,linux1804-64-shippable-qr,True,False,,,102210fe594ee9b33d82058545b1ed14f4c8206e,id-getter-5.html,perf_reftest_singletons,True,perf_reftest_singletons id-getter-5.html opt e10s fission stylo webrender,4767299,77,ms,firefox,,1717708898,2023-06-26 08:39:50,625.04,b8784b3350a10d9ba119e133ba1afe2fa2862b64,1263470,,,,,,,,,,,,,,,,,,,,,,,,,,,,,,,,,,,,,,,,,,,,,,,,,,,,,,,,,,,,,TN,TN
autoland,4767314,1,247a31fb40b3ac0b152bd3554743d742a3892fe3,linux1804-64-shippable-qr,True,False,,,102210fe594ee9b33d82058545b1ed14f4c8206e,id-getter-5.html,perf_reftest_singletons,True,perf_reftest_singletons id-getter-5.html opt e10s fission stylo webrender,4767299,77,ms,firefox,,1717808328,2023-06-26 12:15:47,651.8,147bbf0910da38bd103a6cac5b77bca042225107,1263599,,,,,,,,,,,,,,,,,,,,,,,,,,,,,,,,,,,,,,,,,,,,,,,,,,,,,,,,,,,,,TN,TN
autoland,4767314,1,247a31fb40b3ac0b152bd3554743d742a3892fe3,linux1804-64-shippable-qr,True,False,,,102210fe594ee9b33d82058545b1ed14f4c8206e,id-getter-5.html,perf_reftest_singletons,True,perf_reftest_singletons id-getter-5.html opt e10s fission stylo webrender,4767299,77,ms,firefox,,1717913815,2023-06-26 15:17:27,639.73,a9a1430953c45602083b397b0d0bb8e55a69fa46,1263769,,,,,,,,,,,,,,,,,,,,,,,,,,,,,,,,,,,,,,,,,,,,,,,,,,,,,,,,,,,,,TN,TN
autoland,4767314,1,247a31fb40b3ac0b152bd3554743d742a3892fe3,linux1804-64-shippable-qr,True,False,,,102210fe594ee9b33d82058545b1ed14f4c8206e,id-getter-5.html,perf_reftest_singletons,True,perf_reftest_singletons id-getter-5.html opt e10s fission stylo webrender,4767299,77,ms,firefox,,1718075981,2023-06-26 19:17:54,645.04,43533d1489bc82330991d4cbac2d5b8e704b7558,1263990,,,,,,,,,,,,,,,,,,,,,,,,,,,,,,,,,,,,,,,,,,,,,,,,,,,,,,,,,,,,,TN,TN
autoland,4767314,1,247a31fb40b3ac0b152bd3554743d742a3892fe3,linux1804-64-shippable-qr,True,False,,,102210fe594ee9b33d82058545b1ed14f4c8206e,id-getter-5.html,perf_reftest_singletons,True,perf_reftest_singletons id-getter-5.html opt e10s fission stylo webrender,4767299,77,ms,firefox,,1718236727,2023-06-26 23:32:18,648.2,4bdb9438b18b4b7ad15d5f4f62fd67cad4308d62,1264157,,,,,,,,,,,,,,,,,,,,,,,,,,,,,,,,,,,,,,,,,,,,,,,,,,,,,,,,,,,,,TN,TN
autoland,4767314,1,247a31fb40b3ac0b152bd3554743d742a3892fe3,linux1804-64-shippable-qr,True,False,,,102210fe594ee9b33d82058545b1ed14f4c8206e,id-getter-5.html,perf_reftest_singletons,True,perf_reftest_singletons id-getter-5.html opt e10s fission stylo webrender,4767299,77,ms,firefox,,1718244047,2023-06-26 23:58:56,678.58,b34d04613ffa3abda9bcdd07fc5185a34cdc407b,1264185,,,,,,,,,,,,,,,,,,,,,,,,,,,,,,,,,,,,,,,,,,,,,,,,,,,,,,,,,,,,,TN,TN
autoland,4767314,1,247a31fb40b3ac0b152bd3554743d742a3892fe3,linux1804-64-shippable-qr,True,False,,,102210fe594ee9b33d82058545b1ed14f4c8206e,id-getter-5.html,perf_reftest_singletons,True,perf_reftest_singletons id-getter-5.html opt e10s fission stylo webrender,4767299,77,ms,firefox,,1718331737,2023-06-27 04:20:21,644.9200000000001,e0d8554167a0aad02af68198462e91dd05958593,1264240,,,,,,,,,,,,,,,,,,,,,,,,,,,,,,,,,,,,,,,,,,,,,,,,,,,,,,,,,,,,,TN,TN
autoland,4767314,1,247a31fb40b3ac0b152bd3554743d742a3892fe3,linux1804-64-shippable-qr,True,False,,,102210fe594ee9b33d82058545b1ed14f4c8206e,id-getter-5.html,perf_reftest_singletons,True,perf_reftest_singletons id-getter-5.html opt e10s fission stylo webrender,4767299,77,ms,firefox,,1718410516,2023-06-27 07:09:08,640.6199999999999,e963fffcb3a0375f0c08e6c62d4300cbf79fba0b,1264287,,,,,,,,,,,,,,,,,,,,,,,,,,,,,,,,,,,,,,,,,,,,,,,,,,,,,,,,,,,,,TN,TN
autoland,4767314,1,247a31fb40b3ac0b152bd3554743d742a3892fe3,linux1804-64-shippable-qr,True,False,,,102210fe594ee9b33d82058545b1ed14f4c8206e,id-getter-5.html,perf_reftest_singletons,True,perf_reftest_singletons id-getter-5.html opt e10s fission stylo webrender,4767299,77,ms,firefox,,1718511463,2023-06-27 11:13:52,637.19,96efb14c1b2e225253f22aae7b217fdd48b4cb9f,1264423,,,,,,,,,,,,,,,,,,,,,,,,,,,,,,,,,,,,,,,,,,,,,,,,,,,,,,,,,,,,,TN,TN
autoland,4767314,1,247a31fb40b3ac0b152bd3554743d742a3892fe3,linux1804-64-shippable-qr,True,False,,,102210fe594ee9b33d82058545b1ed14f4c8206e,id-getter-5.html,perf_reftest_singletons,True,perf_reftest_singletons id-getter-5.html opt e10s fission stylo webrender,4767299,77,ms,firefox,,1718611351,2023-06-27 15:57:28,649.1600000000001,c041b113d5acbf06ba2e6161d9a1ef4fa5b3636b,1264575,,,,,,,,,,,,,,,,,,,,,,,,,,,,,,,,,,,,,,,,,,,,,,,,,,,,,,,,,,,,,TN,TN
autoland,4767314,1,247a31fb40b3ac0b152bd3554743d742a3892fe3,linux1804-64-shippable-qr,True,False,,,102210fe594ee9b33d82058545b1ed14f4c8206e,id-getter-5.html,perf_reftest_singletons,True,perf_reftest_singletons id-getter-5.html opt e10s fission stylo webrender,4767299,77,ms,firefox,,1718619847,2023-06-27 16:17:01,640.77,da38525a017e6dd411f2c2ccd84d286d86bdad8d,1264584,,,,,,,,,,,,,,,,,,,,,,,,,,,,,,,,,,,,,,,,,,,,,,,,,,,,,,,,,,,,,TN,TN
autoland,4767314,1,247a31fb40b3ac0b152bd3554743d742a3892fe3,linux1804-64-shippable-qr,True,False,,,102210fe594ee9b33d82058545b1ed14f4c8206e,id-getter-5.html,perf_reftest_singletons,True,perf_reftest_singletons id-getter-5.html opt e10s fission stylo webrender,4767299,77,ms,firefox,,1718747722,2023-06-27 20:57:27,649.73,80adb872a3d1e32f459e5cf3bc77e47008da925f,1264834,,,,,,,,,,,,,,,,,,,,,,,,,,,,,,,,,,,,,,,,,,,,,,,,,,,,,,,,,,,,,TN,TN
autoland,4767314,1,247a31fb40b3ac0b152bd3554743d742a3892fe3,linux1804-64-shippable-qr,True,False,,,102210fe594ee9b33d82058545b1ed14f4c8206e,id-getter-5.html,perf_reftest_singletons,True,perf_reftest_singletons id-getter-5.html opt e10s fission stylo webrender,4767299,77,ms,firefox,,1718832275,2023-06-28 00:04:05,647.09,591e3233df273509a8c0d0ccd1cc32795ae584dc,1264952,,,,,,,,,,,,,,,,,,,,,,,,,,,,,,,,,,,,,,,,,,,,,,,,,,,,,,,,,,,,,TN,TN
autoland,4767314,1,247a31fb40b3ac0b152bd3554743d742a3892fe3,linux1804-64-shippable-qr,True,False,,,102210fe594ee9b33d82058545b1ed14f4c8206e,id-getter-5.html,perf_reftest_singletons,True,perf_reftest_singletons id-getter-5.html opt e10s fission stylo webrender,4767299,77,ms,firefox,,1718924204,2023-06-28 03:09:49,643.37,ecb2997338f1c9a2059192ce04d01243537176b9,1265035,,,,,,,,,,,,,,,,,,,,,,,,,,,,,,,,,,,,,,,,,,,,,,,,,,,,,,,,,,,,,TN,TN
autoland,4767314,1,247a31fb40b3ac0b152bd3554743d742a3892fe3,linux1804-64-shippable-qr,True,False,,,102210fe594ee9b33d82058545b1ed14f4c8206e,id-getter-5.html,perf_reftest_singletons,True,perf_reftest_singletons id-getter-5.html opt e10s fission stylo webrender,4767299,77,ms,firefox,,1719005369,2023-06-28 07:19:30,638.94,51b6f36ff37d4b6906ec5cab830b1e283c6f7395,1265110,,,,,,,,,,,,,,,,,,,,,,,,,,,,,,,,,,,,,,,,,,,,,,,,,,,,,,,,,,,,,TN,TN
autoland,4767314,1,247a31fb40b3ac0b152bd3554743d742a3892fe3,linux1804-64-shippable-qr,True,False,,,102210fe594ee9b33d82058545b1ed14f4c8206e,id-getter-5.html,perf_reftest_singletons,True,perf_reftest_singletons id-getter-5.html opt e10s fission stylo webrender,4767299,77,ms,firefox,,1719104331,2023-06-28 11:29:09,703.66,3b7b3970a88459c11033effb61df89644e963bda,1265214,,,,,,,,,,,,,,,,,,,,,,,,,,,,,,,,,,,,,,,,,,,,,,,,,,,,,,,,,,,,,TN,TN
autoland,4767314,1,247a31fb40b3ac0b152bd3554743d742a3892fe3,linux1804-64-shippable-qr,True,False,,,102210fe594ee9b33d82058545b1ed14f4c8206e,id-getter-5.html,perf_reftest_singletons,True,perf_reftest_singletons id-getter-5.html opt e10s fission stylo webrender,4767299,77,ms,firefox,,1719191462,2023-06-28 14:16:43,637.28,c20ba5651ee046629ef49efd2e49f6214c3ae520,1265309,,,,,,,,,,,,,,,,,,,,,,,,,,,,,,,,,,,,,,,,,,,,,,,,,,,,,,,,,,,,,TN,TN
autoland,4767314,1,247a31fb40b3ac0b152bd3554743d742a3892fe3,linux1804-64-shippable-qr,True,False,,,102210fe594ee9b33d82058545b1ed14f4c8206e,id-getter-5.html,perf_reftest_singletons,True,perf_reftest_singletons id-getter-5.html opt e10s fission stylo webrender,4767299,77,ms,firefox,,1719288515,2023-06-28 17:34:48,656.26,0df511b69760b69959818e34e07aa74a0ad7061a,1265473,,,,,,,,,,,,,,,,,,,,,,,,,,,,,,,,,,,,,,,,,,,,,,,,,,,,,,,,,,,,,TN,TN
autoland,4767314,1,247a31fb40b3ac0b152bd3554743d742a3892fe3,linux1804-64-shippable-qr,True,False,,,102210fe594ee9b33d82058545b1ed14f4c8206e,id-getter-5.html,perf_reftest_singletons,True,perf_reftest_singletons id-getter-5.html opt e10s fission stylo webrender,4767299,77,ms,firefox,,1719387148,2023-06-28 21:47:35,662.3199999999999,d18ee9401610559d6724af1cf6a4ba7ca620f195,1265682,,,,,,,,,,,,,,,,,,,,,,,,,,,,,,,,,,,,,,,,,,,,,,,,,,,,,,,,,,,,,TN,TN
autoland,4767314,1,247a31fb40b3ac0b152bd3554743d742a3892fe3,linux1804-64-shippable-qr,True,False,,,102210fe594ee9b33d82058545b1ed14f4c8206e,id-getter-5.html,perf_reftest_singletons,True,perf_reftest_singletons id-getter-5.html opt e10s fission stylo webrender,4767299,77,ms,firefox,,1719529359,2023-06-29 02:28:53,612.26,bab00f4f94d567cf8ccf12e64f4e5cccc2ab6783,1265821,,,,,,,,,,,,,,,,,,,,,,,,,,,,,,,,,,,,,,,,,,,,,,,,,,,,,,,,,,,,,TN,TN
autoland,4767314,1,247a31fb40b3ac0b152bd3554743d742a3892fe3,linux1804-64-shippable-qr,True,False,,,102210fe594ee9b33d82058545b1ed14f4c8206e,id-getter-5.html,perf_reftest_singletons,True,perf_reftest_singletons id-getter-5.html opt e10s fission stylo webrender,4767299,77,ms,firefox,,1719687883,2023-06-29 08:54:52,652.21,046c4b8aaa8932f15825dc4decd3911bb048e7f5,1265934,,,,,,,,,,,,,,,,,,,,,,,,,,,,,,,,,,,,,,,,,,,,,,,,,,,,,,,,,,,,,TN,TN
autoland,4767314,1,247a31fb40b3ac0b152bd3554743d742a3892fe3,linux1804-64-shippable-qr,True,False,,,102210fe594ee9b33d82058545b1ed14f4c8206e,id-getter-5.html,perf_reftest_singletons,True,perf_reftest_singletons id-getter-5.html opt e10s fission stylo webrender,4767299,77,ms,firefox,,1719781548,2023-06-29 12:57:39,656.72,e784085dfb507c237319c40245ef0b32ddcf82b0,1266033,,,,,,,,,,,,,,,,,,,,,,,,,,,,,,,,,,,,,,,,,,,,,,,,,,,,,,,,,,,,,TN,TN
autoland,4767314,1,247a31fb40b3ac0b152bd3554743d742a3892fe3,linux1804-64-shippable-qr,True,False,,,102210fe594ee9b33d82058545b1ed14f4c8206e,id-getter-5.html,perf_reftest_singletons,True,perf_reftest_singletons id-getter-5.html opt e10s fission stylo webrender,4767299,77,ms,firefox,,1719851061,2023-06-29 15:22:27,634.7,573b87117fd3efdb12ffb05692f97323c07a9900,1266105,,,,,,,,,,,,,,,,,,,,,,,,,,,,,,,,,,,,,,,,,,,,,,,,,,,,,,,,,,,,,TN,TN
autoland,4767314,1,247a31fb40b3ac0b152bd3554743d742a3892fe3,linux1804-64-shippable-qr,True,False,,,102210fe594ee9b33d82058545b1ed14f4c8206e,id-getter-5.html,perf_reftest_singletons,True,perf_reftest_singletons id-getter-5.html opt e10s fission stylo webrender,4767299,77,ms,firefox,,1719943615,2023-06-29 19:36:56,646.69,c5ac7e957828eeda97a3af6fc706f41aa567e48e,1266292,,,,,,,,,,,,,,,,,,,,,,,,,,,,,,,,,,,,,,,,,,,,,,,,,,,,,,,,,,,,,TN,TN
autoland,4767314,1,247a31fb40b3ac0b152bd3554743d742a3892fe3,linux1804-64-shippable-qr,True,False,,,102210fe594ee9b33d82058545b1ed14f4c8206e,id-getter-5.html,perf_reftest_singletons,True,perf_reftest_singletons id-getter-5.html opt e10s fission stylo webrender,4767299,77,ms,firefox,,1719964907,2023-06-29 20:41:17,638.15,e37ddb3aa508e953837fbd08afec4a2aa6f7f5ed,1266342,,,,,,,,,,,,,,,,,,,,,,,,,,,,,,,,,,,,,,,,,,,,,,,,,,,,,,,,,,,,,TN,TN
autoland,4767314,1,247a31fb40b3ac0b152bd3554743d742a3892fe3,linux1804-64-shippable-qr,True,False,,,102210fe594ee9b33d82058545b1ed14f4c8206e,id-getter-5.html,perf_reftest_singletons,True,perf_reftest_singletons id-getter-5.html opt e10s fission stylo webrender,4767299,77,ms,firefox,,1720047254,2023-06-30 01:00:02,642.6500000000001,e547d8e238568d790c74653068edac30240a95c5,1266447,,,,,,,,,,,,,,,,,,,,,,,,,,,,,,,,,,,,,,,,,,,,,,,,,,,,,,,,,,,,,TN,TN
autoland,4767314,1,247a31fb40b3ac0b152bd3554743d742a3892fe3,linux1804-64-shippable-qr,True,False,,,102210fe594ee9b33d82058545b1ed14f4c8206e,id-getter-5.html,perf_reftest_singletons,True,perf_reftest_singletons id-getter-5.html opt e10s fission stylo webrender,4767299,77,ms,firefox,,1720152754,2023-06-30 08:19:33,638.56,9bc27d87fa29fd921612525cc37e24f0ec3ba76b,1266526,,,,,,,,,,,,,,,,,,,,,,,,,,,,,,,,,,,,,,,,,,,,,,,,,,,,,,,,,,,,,TN,TN
autoland,4767314,1,247a31fb40b3ac0b152bd3554743d742a3892fe3,linux1804-64-shippable-qr,True,False,,,102210fe594ee9b33d82058545b1ed14f4c8206e,id-getter-5.html,perf_reftest_singletons,True,perf_reftest_singletons id-getter-5.html opt e10s fission stylo webrender,4767299,77,ms,firefox,,1720237510,2023-06-30 13:51:38,640.29,0abcd848f8218f0e2d339bbd497ac60f4a3b752c,1266633,,,,,,,,,,,,,,,,,,,,,,,,,,,,,,,,,,,,,,,,,,,,,,,,,,,,,,,,,,,,,TN,TN
autoland,4767314,1,247a31fb40b3ac0b152bd3554743d742a3892fe3,linux1804-64-shippable-qr,True,False,,,102210fe594ee9b33d82058545b1ed14f4c8206e,id-getter-5.html,perf_reftest_singletons,True,perf_reftest_singletons id-getter-5.html opt e10s fission stylo webrender,4767299,77,ms,firefox,,1720352746,2023-07-01 00:00:49,641.8,8ee32af33954493677c04d2dad76681d20d37c02,1266825,,,,,,,,,,,,,,,,,,,,,,,,,,,,,,,,,,,,,,,,,,,,,,,,,,,,,,,,,,,,,TN,TN
autoland,4767314,1,247a31fb40b3ac0b152bd3554743d742a3892fe3,linux1804-64-shippable-qr,True,False,,,102210fe594ee9b33d82058545b1ed14f4c8206e,id-getter-5.html,perf_reftest_singletons,True,perf_reftest_singletons id-getter-5.html opt e10s fission stylo webrender,4767299,77,ms,firefox,,1720384706,2023-07-01 02:26:01,645.58,81b43c5e095f0b0407b6d1a8d4a7f92bf7115e5e,1266845,,,,,,,,,,,,,,,,,,,,,,,,,,,,,,,,,,,,,,,,,,,,,,,,,,,,,,,,,,,,,TN,TN
autoland,4767314,1,247a31fb40b3ac0b152bd3554743d742a3892fe3,linux1804-64-shippable-qr,True,False,,,102210fe594ee9b33d82058545b1ed14f4c8206e,id-getter-5.html,perf_reftest_singletons,True,perf_reftest_singletons id-getter-5.html opt e10s fission stylo webrender,4767299,77,ms,firefox,,1720472165,2023-07-02 04:09:27,640.38,e8ccd4d6629a5cde6dd4011e79c55630beb87376,1266929,,,,,,,,,,,,,,,,,,,,,,,,,,,,,,,,,,,,,,,,,,,,,,,,,,,,,,,,,,,,,TN,TN
autoland,4767314,1,247a31fb40b3ac0b152bd3554743d742a3892fe3,linux1804-64-shippable-qr,True,False,,,102210fe594ee9b33d82058545b1ed14f4c8206e,id-getter-5.html,perf_reftest_singletons,True,perf_reftest_singletons id-getter-5.html opt e10s fission stylo webrender,4767299,77,ms,firefox,,1720538829,2023-07-02 10:13:29,643.91,93c2b16409e05c7d2b654d2b5356a2b7742b0d18,1266947,,,,,,,,,,,,,,,,,,,,,,,,,,,,,,,,,,,,,,,,,,,,,,,,,,,,,,,,,,,,,TN,TN
autoland,4767314,1,247a31fb40b3ac0b152bd3554743d742a3892fe3,linux1804-64-shippable-qr,True,False,,,102210fe594ee9b33d82058545b1ed14f4c8206e,id-getter-5.html,perf_reftest_singletons,True,perf_reftest_singletons id-getter-5.html opt e10s fission stylo webrender,4767299,77,ms,firefox,,1720575227,2023-07-02 16:18:34,654.37,8a50b880c83f70597cd2951c74b7e9420d4b55c7,1266959,,,,,,,,,,,,,,,,,,,,,,,,,,,,,,,,,,,,,,,,,,,,,,,,,,,,,,,,,,,,,TN,TN
autoland,4767314,1,247a31fb40b3ac0b152bd3554743d742a3892fe3,linux1804-64-shippable-qr,True,False,,,102210fe594ee9b33d82058545b1ed14f4c8206e,id-getter-5.html,perf_reftest_singletons,True,perf_reftest_singletons id-getter-5.html opt e10s fission stylo webrender,4767299,77,ms,firefox,,1720629643,2023-07-03 04:14:26,648.51,03b04345a888d738f358fc74595aabb1dfb2685c,1267009,,,,,,,,,,,,,,,,,,,,,,,,,,,,,,,,,,,,,,,,,,,,,,,,,,,,,,,,,,,,,TN,TN
autoland,4767314,1,247a31fb40b3ac0b152bd3554743d742a3892fe3,linux1804-64-shippable-qr,True,False,,,102210fe594ee9b33d82058545b1ed14f4c8206e,id-getter-5.html,perf_reftest_singletons,True,perf_reftest_singletons id-getter-5.html opt e10s fission stylo webrender,4767299,77,ms,firefox,,1720732693,2023-07-03 08:58:45,666.56,3463727761e55956f8308f38f71b1654b79497ca,1267059,,,,,,,,,,,,,,,,,,,,,,,,,,,,,,,,,,,,,,,,,,,,,,,,,,,,,,,,,,,,,TN,TN
autoland,4767314,1,247a31fb40b3ac0b152bd3554743d742a3892fe3,linux1804-64-shippable-qr,True,False,,,102210fe594ee9b33d82058545b1ed14f4c8206e,id-getter-5.html,perf_reftest_singletons,True,perf_reftest_singletons id-getter-5.html opt e10s fission stylo webrender,4767299,77,ms,firefox,,1720711907,2023-07-03 08:59:44,654.36,90c1c72030a4d515720d44706816256c0a1e30a8,1267060,,,,,,,,,,,,,,,,,,,,,,,,,,,,,,,,,,,,,,,,,,,,,,,,,,,,,,,,,,,,,TN,TN
autoland,4767314,1,247a31fb40b3ac0b152bd3554743d742a3892fe3,linux1804-64-shippable-qr,True,False,,,102210fe594ee9b33d82058545b1ed14f4c8206e,id-getter-5.html,perf_reftest_singletons,True,perf_reftest_singletons id-getter-5.html opt e10s fission stylo webrender,4767299,77,ms,firefox,,1720754024,2023-07-03 14:20:46,642.25,9d50665254899d8431813bdc04178e6006ce6d59,1267108,,,,,,,,,,,,,,,,,,,,,,,,,,,,,,,,,,,,,,,,,,,,,,,,,,,,,,,,,,,,,TN,TN
autoland,4767314,1,247a31fb40b3ac0b152bd3554743d742a3892fe3,linux1804-64-shippable-qr,True,False,,,102210fe594ee9b33d82058545b1ed14f4c8206e,id-getter-5.html,perf_reftest_singletons,True,perf_reftest_singletons id-getter-5.html opt e10s fission stylo webrender,4767299,77,ms,firefox,,1720836545,2023-07-04 00:08:48,644.96,a820608802f2194dfc19272bf19b7124a7349b79,1267203,,,,,,,,,,,,,,,,,,,,,,,,,,,,,,,,,,,,,,,,,,,,,,,,,,,,,,,,,,,,,TN,TN
autoland,4767314,1,247a31fb40b3ac0b152bd3554743d742a3892fe3,linux1804-64-shippable-qr,True,False,,,102210fe594ee9b33d82058545b1ed14f4c8206e,id-getter-5.html,perf_reftest_singletons,True,perf_reftest_singletons id-getter-5.html opt e10s fission stylo webrender,4767299,77,ms,firefox,,1720894553,2023-07-04 04:57:05,644.56,b2af19e5ff82fa8850262a0693f4941570a30474,1267245,,,,,,,,,,,,,,,,,,,,,,,,,,,,,,,,,,,,,,,,,,,,,,,,,,,,,,,,,,,,,TN,TN
autoland,4767314,1,247a31fb40b3ac0b152bd3554743d742a3892fe3,linux1804-64-shippable-qr,True,False,,,102210fe594ee9b33d82058545b1ed14f4c8206e,id-getter-5.html,perf_reftest_singletons,True,perf_reftest_singletons id-getter-5.html opt e10s fission stylo webrender,4767299,77,ms,firefox,,1720912639,2023-07-04 07:10:31,643.6100000000001,54bec48c8d6e571fdfbc0694895c371fd3fd08f9,1267272,,,,,,,,,,,,,,,,,,,,,,,,,,,,,,,,,,,,,,,,,,,,,,,,,,,,,,,,,,,,,TN,TN
autoland,4767314,1,247a31fb40b3ac0b152bd3554743d742a3892fe3,linux1804-64-shippable-qr,True,False,,,102210fe594ee9b33d82058545b1ed14f4c8206e,id-getter-5.html,perf_reftest_singletons,True,perf_reftest_singletons id-getter-5.html opt e10s fission stylo webrender,4767299,77,ms,firefox,,1721051983,2023-07-04 11:21:51,609.26,da13368ff947a55756c871582b1b13ffb6fa001d,1267342,,,,,,,,,,,,,,,,,,,,,,,,,,,,,,,,,,,,,,,,,,,,,,,,,,,,,,,,,,,,,TN,TN
autoland,4767314,1,247a31fb40b3ac0b152bd3554743d742a3892fe3,linux1804-64-shippable-qr,True,False,,,102210fe594ee9b33d82058545b1ed14f4c8206e,id-getter-5.html,perf_reftest_singletons,True,perf_reftest_singletons id-getter-5.html opt e10s fission stylo webrender,4767299,77,ms,firefox,,1721062547,2023-07-04 11:29:32,644.25,3aa1825bf09a37959e97ac4b5eaa3cc4b236b283,1267347,,,,,,,,,,,,,,,,,,,,,,,,,,,,,,,,,,,,,,,,,,,,,,,,,,,,,,,,,,,,,TN,TN
autoland,4767314,1,247a31fb40b3ac0b152bd3554743d742a3892fe3,linux1804-64-shippable-qr,True,False,,,102210fe594ee9b33d82058545b1ed14f4c8206e,id-getter-5.html,perf_reftest_singletons,True,perf_reftest_singletons id-getter-5.html opt e10s fission stylo webrender,4767299,77,ms,firefox,,1721148989,2023-07-04 15:22:25,645.48,cf717d6692eb6ff08bb1d0342645c7c6c1dcf8f7,1267503,,,,,,,,,,,,,,,,,,,,,,,,,,,,,,,,,,,,,,,,,,,,,,,,,,,,,,,,,,,,,TN,TN
autoland,4767314,1,247a31fb40b3ac0b152bd3554743d742a3892fe3,linux1804-64-shippable-qr,True,False,,,102210fe594ee9b33d82058545b1ed14f4c8206e,id-getter-5.html,perf_reftest_singletons,True,perf_reftest_singletons id-getter-5.html opt e10s fission stylo webrender,4767299,77,ms,firefox,,1721241409,2023-07-04 19:21:41,646.74,a8c47414f934fc13d47ba329f04089ab17eb2407,1267627,,,,,,,,,,,,,,,,,,,,,,,,,,,,,,,,,,,,,,,,,,,,,,,,,,,,,,,,,,,,,TN,TN
autoland,4767314,1,247a31fb40b3ac0b152bd3554743d742a3892fe3,linux1804-64-shippable-qr,True,False,,,102210fe594ee9b33d82058545b1ed14f4c8206e,id-getter-5.html,perf_reftest_singletons,True,perf_reftest_singletons id-getter-5.html opt e10s fission stylo webrender,4767299,77,ms,firefox,,1721358233,2023-07-04 23:33:38,636.44,3639b6891b332ea6c4ffea87bb2d1139c38b781d,1267723,,,,,,,,,,,,,,,,,,,,,,,,,,,,,,,,,,,,,,,,,,,,,,,,,,,,,,,,,,,,,TN,TN
autoland,4767314,1,247a31fb40b3ac0b152bd3554743d742a3892fe3,linux1804-64-shippable-qr,True,False,,,102210fe594ee9b33d82058545b1ed14f4c8206e,id-getter-5.html,perf_reftest_singletons,True,perf_reftest_singletons id-getter-5.html opt e10s fission stylo webrender,4767299,77,ms,firefox,,1721447106,2023-07-05 03:49:13,642.04,243ab04b37e31315f3db16a95bf6535124d9edda,1267756,,,,,,,,,,,,,,,,,,,,,,,,,,,,,,,,,,,,,,,,,,,,,,,,,,,,,,,,,,,,,TN,TN
autoland,4767314,1,247a31fb40b3ac0b152bd3554743d742a3892fe3,linux1804-64-shippable-qr,True,False,,,102210fe594ee9b33d82058545b1ed14f4c8206e,id-getter-5.html,perf_reftest_singletons,True,perf_reftest_singletons id-getter-5.html opt e10s fission stylo webrender,4767299,77,ms,firefox,,1721537767,2023-07-05 07:58:23,643.86,9ab7ea679b12d7e209ada3534abf7baf704fe9d4,1267796,,,,,,,,,,,,,,,,,,,,,,,,,,,,,,,,,,,,,,,,,,,,,,,,,,,,,,,,,,,,,TN,TN
autoland,4767314,1,247a31fb40b3ac0b152bd3554743d742a3892fe3,linux1804-64-shippable-qr,True,False,,,102210fe594ee9b33d82058545b1ed14f4c8206e,id-getter-5.html,perf_reftest_singletons,True,perf_reftest_singletons id-getter-5.html opt e10s fission stylo webrender,4767299,77,ms,firefox,,1721573887,2023-07-05 09:46:48,648.3199999999999,e3f62ea4e59393fe53784906952e9a1417688db1,1267838,,,,,,,,,,,,,,,,,,,,,,,,,,,,,,,,,,,,,,,,,,,,,,,,,,,,,,,,,,,,,TN,TN
autoland,4767314,1,247a31fb40b3ac0b152bd3554743d742a3892fe3,linux1804-64-shippable-qr,True,False,,,102210fe594ee9b33d82058545b1ed14f4c8206e,id-getter-5.html,perf_reftest_singletons,True,perf_reftest_singletons id-getter-5.html opt e10s fission stylo webrender,4767299,77,ms,firefox,,1722981160,2023-07-05 09:48:57,647.73,5a3635bcdc01fb3d4b1d6e1d7410110c54a0fc2b,1267839,,,,,,,,,,,,,,,,,,,,,,,,,,,,,,,,,,,,,,,,,,,,,,,,,,,,,,,,,,,,,TN,TN
autoland,4767314,1,247a31fb40b3ac0b152bd3554743d742a3892fe3,linux1804-64-shippable-qr,True,False,,,102210fe594ee9b33d82058545b1ed14f4c8206e,id-getter-5.html,perf_reftest_singletons,True,perf_reftest_singletons id-getter-5.html opt e10s fission stylo webrender,4767299,77,ms,firefox,,1722981324,2023-07-05 10:08:21,660.44,422af19ca706a86ef5b9a2ad0fa46e701b8a137d,1267848,,,,,,,,,,,,,,,,,,,,,,,,,,,,,,,,,,,,,,,,,,,,,,,,,,,,,,,,,,,,,TN,TN
autoland,4767314,1,247a31fb40b3ac0b152bd3554743d742a3892fe3,linux1804-64-shippable-qr,True,False,,,102210fe594ee9b33d82058545b1ed14f4c8206e,id-getter-5.html,perf_reftest_singletons,True,perf_reftest_singletons id-getter-5.html opt e10s fission stylo webrender,4767299,77,ms,firefox,,1722983217,2023-07-05 10:53:55,634.58,5c41fbcf7b66e2d288fad13ace0f00ed433b5c3a,1267859,,,,,,,,,,,,,,,,,,,,,,,,,,,,,,,,,,,,,,,,,,,,,,,,,,,,,,,,,,,,,TN,TN
autoland,4767314,1,247a31fb40b3ac0b152bd3554743d742a3892fe3,linux1804-64-shippable-qr,True,False,,,102210fe594ee9b33d82058545b1ed14f4c8206e,id-getter-5.html,perf_reftest_singletons,True,perf_reftest_singletons id-getter-5.html opt e10s fission stylo webrender,4767299,77,ms,firefox,,1722981870,2023-07-05 11:55:10,659.8800000000001,e1b5dd2da037a4e05c12adef050ee8860fb3ddb6,1267876,,,,,,,,,,,,,,,,,,,,,,,,,,,,,,,,,,,,,,,,,,,,,,,,,,,,,,,,,,,,,TN,TN
autoland,4767314,1,247a31fb40b3ac0b152bd3554743d742a3892fe3,linux1804-64-shippable-qr,True,False,,,102210fe594ee9b33d82058545b1ed14f4c8206e,id-getter-5.html,perf_reftest_singletons,True,perf_reftest_singletons id-getter-5.html opt e10s fission stylo webrender,4767299,77,ms,firefox,,1722982001,2023-07-05 11:56:10,644.02,3c8034b8e9a3e527c611ffb080e6fb73a6f1697c,1267877,,,,,,,,,,,,,,,,,,,,,,,,,,,,,,,,,,,,,,,,,,,,,,,,,,,,,,,,,,,,,TN,TN
autoland,4767314,1,247a31fb40b3ac0b152bd3554743d742a3892fe3,linux1804-64-shippable-qr,True,False,,,102210fe594ee9b33d82058545b1ed14f4c8206e,id-getter-5.html,perf_reftest_singletons,True,perf_reftest_singletons id-getter-5.html opt e10s fission stylo webrender,4767299,77,ms,firefox,,1722982319,2023-07-05 12:10:09,655.73,da5bd5a07d3e1c5aa0e7d94b874efd7423934192,1267886,,,,,,,,,,,,,,,,,,,,,,,,,,,,,,,,,,,,,,,,,,,,,,,,,,,,,,,,,,,,,TN,TN
autoland,4767314,1,247a31fb40b3ac0b152bd3554743d742a3892fe3,linux1804-64-shippable-qr,True,False,,,102210fe594ee9b33d82058545b1ed14f4c8206e,id-getter-5.html,perf_reftest_singletons,True,perf_reftest_singletons id-getter-5.html opt e10s fission stylo webrender,4767299,77,ms,firefox,,1722982465,2023-07-05 12:22:26,638.33,b18f00d7416e1bffc01a9b84a59ee6818d72670c,1267894,,,,,,,,,,,,,,,,,,,,,,,,,,,,,,,,,,,,,,,,,,,,,,,,,,,,,,,,,,,,,TN,TN
autoland,4767314,1,247a31fb40b3ac0b152bd3554743d742a3892fe3,linux1804-64-shippable-qr,True,False,,,102210fe594ee9b33d82058545b1ed14f4c8206e,id-getter-5.html,perf_reftest_singletons,True,perf_reftest_singletons id-getter-5.html opt e10s fission stylo webrender,4767299,77,ms,firefox,,1722982512,2023-07-05 12:28:06,656.49,2eadb68b62f945f50c1a4b28b6e7ca13b9afc1da,1267900,,,,,,,,,,,,,,,,,,,,,,,,,,,,,,,,,,,,,,,,,,,,,,,,,,,,,,,,,,,,,TN,TN
autoland,4767314,1,247a31fb40b3ac0b152bd3554743d742a3892fe3,linux1804-64-shippable-qr,True,False,,,102210fe594ee9b33d82058545b1ed14f4c8206e,id-getter-5.html,perf_reftest_singletons,True,perf_reftest_singletons id-getter-5.html opt e10s fission stylo webrender,4767299,77,ms,firefox,,1722983159,2023-07-05 13:36:09,647.56,e41ee303fa03d631d4c51a59a0a816ce3036932d,1267937,,,,,,,,,,,,,,,,,,,,,,,,,,,,,,,,,,,,,,,,,,,,,,,,,,,,,,,,,,,,,TN,TN
autoland,4767314,1,247a31fb40b3ac0b152bd3554743d742a3892fe3,linux1804-64-shippable-qr,True,False,,,102210fe594ee9b33d82058545b1ed14f4c8206e,id-getter-5.html,perf_reftest_singletons,True,perf_reftest_singletons id-getter-5.html opt e10s fission stylo webrender,4767299,77,ms,firefox,,1721700135,2023-07-05 14:18:53,651.29,cee4ab20ddeef57e9b72447e753e72ed2eb244cf,1267963,,,,,,,,,,,,,,,,,,,,,,,,,,,,,,,,,,,,,,,,,,,,,,,,,,,,,,,,,,,,,TN,TN
autoland,4767314,1,247a31fb40b3ac0b152bd3554743d742a3892fe3,linux1804-64-shippable-qr,True,False,,,102210fe594ee9b33d82058545b1ed14f4c8206e,id-getter-5.html,perf_reftest_singletons,True,perf_reftest_singletons id-getter-5.html opt e10s fission stylo webrender,4767299,77,ms,firefox,,1722851641,2023-07-05 14:19:56,678.0699999999999,5409ce5bbc96f5e669988fecfeda482b825c372a,1267964,,,,,,,,,,,,,,,,,,,,,,,,,,,,,,,,,,,,,,,,,,,,,,,,,,,,,,,,,,,,,TN,TN
autoland,4767314,1,247a31fb40b3ac0b152bd3554743d742a3892fe3,linux1804-64-shippable-qr,True,False,,,102210fe594ee9b33d82058545b1ed14f4c8206e,id-getter-5.html,perf_reftest_singletons,True,perf_reftest_singletons id-getter-5.html opt e10s fission stylo webrender,4767299,77,ms,firefox,,1722851733,2023-07-05 14:20:48,680.49,f7ee3b7391818ebc151d1aea94279ae4163d5b41,1267965,,,,,,,,,,,,,,,,,,,,,,,,,,,,,,,,,,,,,,,,,,,,,,,,,,,,,,,,,,,,,TN,TN
autoland,4767314,1,247a31fb40b3ac0b152bd3554743d742a3892fe3,linux1804-64-shippable-qr,True,False,,,102210fe594ee9b33d82058545b1ed14f4c8206e,id-getter-5.html,perf_reftest_singletons,True,perf_reftest_singletons id-getter-5.html opt e10s fission stylo webrender,4767299,77,ms,firefox,,1722851787,2023-07-05 14:21:38,643.87,38b06f0c751021f94bebb032242b2326666ec476,1267967,,,,,,,,,,,,,,,,,,,,,,,,,,,,,,,,,,,,,,,,,,,,,,,,,,,,,,,,,,,,,TN,TN
autoland,4767314,1,247a31fb40b3ac0b152bd3554743d742a3892fe3,linux1804-64-shippable-qr,True,False,,,102210fe594ee9b33d82058545b1ed14f4c8206e,id-getter-5.html,perf_reftest_singletons,True,perf_reftest_singletons id-getter-5.html opt e10s fission stylo webrender,4767299,77,ms,firefox,,1722851987,2023-07-05 14:22:39,646.23,27dfafd3d2a2efe57272d05468e809a8ab27dc57,1267968,,,,,,,,,,,,,,,,,,,,,,,,,,,,,,,,,,,,,,,,,,,,,,,,,,,,,,,,,,,,,TN,TN
autoland,4767314,1,247a31fb40b3ac0b152bd3554743d742a3892fe3,linux1804-64-shippable-qr,True,False,,,102210fe594ee9b33d82058545b1ed14f4c8206e,id-getter-5.html,perf_reftest_singletons,True,perf_reftest_singletons id-getter-5.html opt e10s fission stylo webrender,4767299,77,ms,firefox,,1722852122,2023-07-05 14:23:55,651.5799999999999,8f7835cd7d0ccebe73f1ae422adea68ae4120403,1267969,,,,,,,,,,,,,,,,,,,,,,,,,,,,,,,,,,,,,,,,,,,,,,,,,,,,,,,,,,,,,TN,TN
autoland,4767314,1,247a31fb40b3ac0b152bd3554743d742a3892fe3,linux1804-64-shippable-qr,True,False,,,102210fe594ee9b33d82058545b1ed14f4c8206e,id-getter-5.html,perf_reftest_singletons,True,perf_reftest_singletons id-getter-5.html opt e10s fission stylo webrender,4767299,77,ms,firefox,,1722852278,2023-07-05 14:24:45,636.7,e4feb54cd43cf5f994e64363f5d192f5545f9fcf,1267970,,,,,,,,,,,,,,,,,,,,,,,,,,,,,,,,,,,,,,,,,,,,,,,,,,,,,,,,,,,,,TN,TN
autoland,4767314,1,247a31fb40b3ac0b152bd3554743d742a3892fe3,linux1804-64-shippable-qr,True,False,,,102210fe594ee9b33d82058545b1ed14f4c8206e,id-getter-5.html,perf_reftest_singletons,True,perf_reftest_singletons id-getter-5.html opt e10s fission stylo webrender,4767299,77,ms,firefox,,1722852072,2023-07-05 14:28:11,633.55,63c2183104b181c3082ebebd3afff8b039080652,1267972,,,,,,,,,,,,,,,,,,,,,,,,,,,,,,,,,,,,,,,,,,,,,,,,,,,,,,,,,,,,,TN,TN
autoland,4767314,1,247a31fb40b3ac0b152bd3554743d742a3892fe3,linux1804-64-shippable-qr,True,False,,,102210fe594ee9b33d82058545b1ed14f4c8206e,id-getter-5.html,perf_reftest_singletons,True,perf_reftest_singletons id-getter-5.html opt e10s fission stylo webrender,4767299,77,ms,firefox,,1722852164,2023-07-05 14:31:34,639.1999999999999,e0d642bf72e6c9fc5149ee2d9bc95ee0e790c002,1267974,,,,,,,,,,,,,,,,,,,,,,,,,,,,,,,,,,,,,,,,,,,,,,,,,,,,,,,,,,,,,TN,TN
autoland,4767314,1,247a31fb40b3ac0b152bd3554743d742a3892fe3,linux1804-64-shippable-qr,True,False,,,102210fe594ee9b33d82058545b1ed14f4c8206e,id-getter-5.html,perf_reftest_singletons,True,perf_reftest_singletons id-getter-5.html opt e10s fission stylo webrender,4767299,77,ms,firefox,,1722852413,2023-07-05 14:33:40,654.35,6f0fb39ed2208b9a890b7a96df7fe97053d3c37c,1267975,,,,,,,,,,,,,,,,,,,,,,,,,,,,,,,,,,,,,,,,,,,,,,,,,,,,,,,,,,,,,TN,TN
autoland,4767314,1,247a31fb40b3ac0b152bd3554743d742a3892fe3,linux1804-64-shippable-qr,True,False,,,102210fe594ee9b33d82058545b1ed14f4c8206e,id-getter-5.html,perf_reftest_singletons,True,perf_reftest_singletons id-getter-5.html opt e10s fission stylo webrender,4767299,77,ms,firefox,,1721730594,2023-07-05 14:38:06,654.6300000000001,4613dfbe6bc2e60b1159da46db2edee3018423e1,1267976,,,,,,,,,,,,,,,,,,,,,,,,,,,,,,,,,,,,,,,,,,,,,,,,,,,,,,,,,,,,,TN,TN
autoland,4767314,1,247a31fb40b3ac0b152bd3554743d742a3892fe3,linux1804-64-shippable-qr,True,False,,,102210fe594ee9b33d82058545b1ed14f4c8206e,id-getter-5.html,perf_reftest_singletons,True,perf_reftest_singletons id-getter-5.html opt e10s fission stylo webrender,4767299,77,ms,firefox,,1723040826,2023-07-05 14:39:01,645.1199999999999,d619ad58f951905f48571e1804cf9132885ce885,1267978,,,,,,,,,,,,,,,,,,,,,,,,,,,,,,,,,,,,,,,,,,,,,,,,,,,,,,,,,,,,,TN,TN
autoland,4767314,1,247a31fb40b3ac0b152bd3554743d742a3892fe3,linux1804-64-shippable-qr,True,False,,,102210fe594ee9b33d82058545b1ed14f4c8206e,id-getter-5.html,perf_reftest_singletons,True,perf_reftest_singletons id-getter-5.html opt e10s fission stylo webrender,4767299,77,ms,firefox,,1724057986,2023-07-05 14:39:01,642.8700000000001,d619ad58f951905f48571e1804cf9132885ce885,1267978,,,,,,,,,,,,,,,,,,,,,,,,,,,,,,,,,,,,,,,,,,,,,,,,,,,,,,,,,,,,,TN,TN
autoland,4767314,1,247a31fb40b3ac0b152bd3554743d742a3892fe3,linux1804-64-shippable-qr,True,False,,,102210fe594ee9b33d82058545b1ed14f4c8206e,id-getter-5.html,perf_reftest_singletons,True,perf_reftest_singletons id-getter-5.html opt e10s fission stylo webrender,4767299,77,ms,firefox,,1724058180,2023-07-05 14:39:01,639.31,d619ad58f951905f48571e1804cf9132885ce885,1267978,,,,,,,,,,,,,,,,,,,,,,,,,,,,,,,,,,,,,,,,,,,,,,,,,,,,,,,,,,,,,TN,TN
autoland,4767314,1,247a31fb40b3ac0b152bd3554743d742a3892fe3,linux1804-64-shippable-qr,True,False,,,102210fe594ee9b33d82058545b1ed14f4c8206e,id-getter-5.html,perf_reftest_singletons,True,perf_reftest_singletons id-getter-5.html opt e10s fission stylo webrender,4767299,77,ms,firefox,,1724058268,2023-07-05 14:39:01,642.21,d619ad58f951905f48571e1804cf9132885ce885,1267978,,,,,,,,,,,,,,,,,,,,,,,,,,,,,,,,,,,,,,,,,,,,,,,,,,,,,,,,,,,,,TN,TN
autoland,4767314,1,247a31fb40b3ac0b152bd3554743d742a3892fe3,linux1804-64-shippable-qr,True,False,,,102210fe594ee9b33d82058545b1ed14f4c8206e,id-getter-5.html,perf_reftest_singletons,True,perf_reftest_singletons id-getter-5.html opt e10s fission stylo webrender,4767299,77,ms,firefox,,1724058426,2023-07-05 14:39:01,635.5899999999999,d619ad58f951905f48571e1804cf9132885ce885,1267978,,,,,,,,,,,,,,,,,,,,,,,,,,,,,,,,,,,,,,,,,,,,,,,,,,,,,,,,,,,,,TN,TN
autoland,4767314,1,247a31fb40b3ac0b152bd3554743d742a3892fe3,linux1804-64-shippable-qr,True,False,,,102210fe594ee9b33d82058545b1ed14f4c8206e,id-getter-5.html,perf_reftest_singletons,True,perf_reftest_singletons id-getter-5.html opt e10s fission stylo webrender,4767299,77,ms,firefox,,1722851568,2023-07-05 15:39:55,533.2,502f57bb0ebbce52ba15616a4aa213f2478f8e1f,1268005,,,,,,,,,,,,,,,,,,,,,,,,,,,,,,,,,,,,,,,,,,,,,,,,,,,,,,,,,,,,,TN,TN
autoland,4767314,1,247a31fb40b3ac0b152bd3554743d742a3892fe3,linux1804-64-shippable-qr,True,False,,,102210fe594ee9b33d82058545b1ed14f4c8206e,id-getter-5.html,perf_reftest_singletons,True,perf_reftest_singletons id-getter-5.html opt e10s fission stylo webrender,4767299,77,ms,firefox,,1724031941,2023-07-05 15:39:55,528.78,502f57bb0ebbce52ba15616a4aa213f2478f8e1f,1268005,,,,,,,,,,,,,,,,,,,,,,,,,,,,,,,,,,,,,,,,,,,,,,,,,,,,,,,,,,,,,TN,TN
autoland,4767314,1,247a31fb40b3ac0b152bd3554743d742a3892fe3,linux1804-64-shippable-qr,True,False,,,102210fe594ee9b33d82058545b1ed14f4c8206e,id-getter-5.html,perf_reftest_singletons,True,perf_reftest_singletons id-getter-5.html opt e10s fission stylo webrender,4767299,77,ms,firefox,,1724033083,2023-07-05 15:39:55,530.18,502f57bb0ebbce52ba15616a4aa213f2478f8e1f,1268005,,,,,,,,,,,,,,,,,,,,,,,,,,,,,,,,,,,,,,,,,,,,,,,,,,,,,,,,,,,,,TN,TN
autoland,4767314,1,247a31fb40b3ac0b152bd3554743d742a3892fe3,linux1804-64-shippable-qr,True,False,,,102210fe594ee9b33d82058545b1ed14f4c8206e,id-getter-5.html,perf_reftest_singletons,True,perf_reftest_singletons id-getter-5.html opt e10s fission stylo webrender,4767299,77,ms,firefox,,1724057358,2023-07-05 15:39:55,540.94,502f57bb0ebbce52ba15616a4aa213f2478f8e1f,1268005,,,,,,,,,,,,,,,,,,,,,,,,,,,,,,,,,,,,,,,,,,,,,,,,,,,,,,,,,,,,,TN,TN
autoland,4767314,1,247a31fb40b3ac0b152bd3554743d742a3892fe3,linux1804-64-shippable-qr,True,False,,,102210fe594ee9b33d82058545b1ed14f4c8206e,id-getter-5.html,perf_reftest_singletons,True,perf_reftest_singletons id-getter-5.html opt e10s fission stylo webrender,4767299,77,ms,firefox,,1724057139,2023-07-05 15:39:55,530.29,502f57bb0ebbce52ba15616a4aa213f2478f8e1f,1268005,,,,,,,,,,,,,,,,,,,,,,,,,,,,,,,,,,,,,,,,,,,,,,,,,,,,,,,,,,,,,TN,TN
autoland,4767314,1,247a31fb40b3ac0b152bd3554743d742a3892fe3,linux1804-64-shippable-qr,True,False,,,102210fe594ee9b33d82058545b1ed14f4c8206e,id-getter-5.html,perf_reftest_singletons,True,perf_reftest_singletons id-getter-5.html opt e10s fission stylo webrender,4767299,77,ms,firefox,,1722851844,2023-07-05 15:40:57,542.0,95c936b7d536ff5c0b761109cf772d3ab6112d32,1268006,,,,,,,,,,,,,,,,,,,,,,,,,,,,,,,,,,,,,,,,,,,,,,,,,,,,,,,,,,,,,TN,TN
autoland,4767314,1,247a31fb40b3ac0b152bd3554743d742a3892fe3,linux1804-64-shippable-qr,True,False,,,102210fe594ee9b33d82058545b1ed14f4c8206e,id-getter-5.html,perf_reftest_singletons,True,perf_reftest_singletons id-getter-5.html opt e10s fission stylo webrender,4767299,77,ms,firefox,,1724056409,2023-07-05 15:40:57,531.23,95c936b7d536ff5c0b761109cf772d3ab6112d32,1268006,,,,,,,,,,,,,,,,,,,,,,,,,,,,,,,,,,,,,,,,,,,,,,,,,,,,,,,,,,,,,TN,TN
autoland,4767314,1,247a31fb40b3ac0b152bd3554743d742a3892fe3,linux1804-64-shippable-qr,True,False,,,102210fe594ee9b33d82058545b1ed14f4c8206e,id-getter-5.html,perf_reftest_singletons,True,perf_reftest_singletons id-getter-5.html opt e10s fission stylo webrender,4767299,77,ms,firefox,,1724056455,2023-07-05 15:40:57,525.9100000000001,95c936b7d536ff5c0b761109cf772d3ab6112d32,1268006,,,,,,,,,,,,,,,,,,,,,,,,,,,,,,,,,,,,,,,,,,,,,,,,,,,,,,,,,,,,,TN,TN
autoland,4767314,1,247a31fb40b3ac0b152bd3554743d742a3892fe3,linux1804-64-shippable-qr,True,False,,,102210fe594ee9b33d82058545b1ed14f4c8206e,id-getter-5.html,perf_reftest_singletons,True,perf_reftest_singletons id-getter-5.html opt e10s fission stylo webrender,4767299,77,ms,firefox,,1724056907,2023-07-05 15:40:57,534.97,95c936b7d536ff5c0b761109cf772d3ab6112d32,1268006,,,,,,,,,,,,,,,,,,,,,,,,,,,,,,,,,,,,,,,,,,,,,,,,,,,,,,,,,,,,,TN,TN
autoland,4767314,1,247a31fb40b3ac0b152bd3554743d742a3892fe3,linux1804-64-shippable-qr,True,False,,,102210fe594ee9b33d82058545b1ed14f4c8206e,id-getter-5.html,perf_reftest_singletons,True,perf_reftest_singletons id-getter-5.html opt e10s fission stylo webrender,4767299,77,ms,firefox,,1724061563,2023-07-05 15:40:57,529.9300000000001,95c936b7d536ff5c0b761109cf772d3ab6112d32,1268006,,,,,,,,,,,,,,,,,,,,,,,,,,,,,,,,,,,,,,,,,,,,,,,,,,,,,,,,,,,,,TN,TN
autoland,4767314,1,247a31fb40b3ac0b152bd3554743d742a3892fe3,linux1804-64-shippable-qr,True,False,,,102210fe594ee9b33d82058545b1ed14f4c8206e,id-getter-5.html,perf_reftest_singletons,True,perf_reftest_singletons id-getter-5.html opt e10s fission stylo webrender,4767299,77,ms,firefox,,1724061503,2023-07-05 15:40:57,527.03,95c936b7d536ff5c0b761109cf772d3ab6112d32,1268006,,,,,,,,,,,,,,,,,,,,,,,,,,,,,,,,,,,,,,,,,,,,,,,,,,,,,,,,,,,,,TN,TN
autoland,4767314,1,247a31fb40b3ac0b152bd3554743d742a3892fe3,linux1804-64-shippable-qr,True,False,,,102210fe594ee9b33d82058545b1ed14f4c8206e,id-getter-5.html,perf_reftest_singletons,True,perf_reftest_singletons id-getter-5.html opt e10s fission stylo webrender,4767299,77,ms,firefox,,1722852026,2023-07-05 15:42:18,645.95,9fa248115d04c4c176d45c9843ac4f4e4c91c35f,1268009,,,,,,,,,,,,,,,,,,,,,,,,,,,,,,,,,,,,,,,,,,,,,,,,,,,,,,,,,,,,,TN,TN
autoland,4767314,1,247a31fb40b3ac0b152bd3554743d742a3892fe3,linux1804-64-shippable-qr,True,False,,,102210fe594ee9b33d82058545b1ed14f4c8206e,id-getter-5.html,perf_reftest_singletons,True,perf_reftest_singletons id-getter-5.html opt e10s fission stylo webrender,4767299,77,ms,firefox,,1722851700,2023-07-05 15:43:36,527.95,ad7e8a2b535b206b4c64d764a65a3bfcd1048a3b,1268011,,,,,,,,,,,,,,,,,,,,,,,,,,,,,,,,,,,,,,,,,,,,,,,,,,,,,,,,,,,,,TN,TN
autoland,4767314,1,247a31fb40b3ac0b152bd3554743d742a3892fe3,linux1804-64-shippable-qr,True,False,,,102210fe594ee9b33d82058545b1ed14f4c8206e,id-getter-5.html,perf_reftest_singletons,True,perf_reftest_singletons id-getter-5.html opt e10s fission stylo webrender,4767299,77,ms,firefox,,1722851886,2023-07-05 15:46:19,637.7199999999999,5f3bdce0e3a185c78db0aeda1ae577216309e7eb,1268013,,,,,,,,,,,,,,,,,,,,,,,,,,,,,,,,,,,,,,,,,,,,,,,,,,,,,,,,,,,,,TN,TN
autoland,4767314,1,247a31fb40b3ac0b152bd3554743d742a3892fe3,linux1804-64-shippable-qr,True,False,,,102210fe594ee9b33d82058545b1ed14f4c8206e,id-getter-5.html,perf_reftest_singletons,True,perf_reftest_singletons id-getter-5.html opt e10s fission stylo webrender,4767299,77,ms,firefox,,1722852201,2023-07-05 15:50:52,530.1800000000001,b87c580577d02fb9d1b6f888cacb9db69a443e5a,1268018,,,,,,,,,,,,,,,,,,,,,,,,,,,,,,,,,,,,,,,,,,,,,,,,,,,,,,,,,,,,,TN,TN
autoland,4767314,1,247a31fb40b3ac0b152bd3554743d742a3892fe3,linux1804-64-shippable-qr,True,False,,,102210fe594ee9b33d82058545b1ed14f4c8206e,id-getter-5.html,perf_reftest_singletons,True,perf_reftest_singletons id-getter-5.html opt e10s fission stylo webrender,4767299,77,ms,firefox,,1722852240,2023-07-05 15:58:48,625.87,b2154b397ef787592eb1b88ebade9957d33df816,1268023,,,,,,,,,,,,,,,,,,,,,,,,,,,,,,,,,,,,,,,,,,,,,,,,,,,,,,,,,,,,,TN,TN
autoland,4767314,1,247a31fb40b3ac0b152bd3554743d742a3892fe3,linux1804-64-shippable-qr,True,False,,,102210fe594ee9b33d82058545b1ed14f4c8206e,id-getter-5.html,perf_reftest_singletons,True,perf_reftest_singletons id-getter-5.html opt e10s fission stylo webrender,4767299,77,ms,firefox,,1722852315,2023-07-05 16:51:22,641.79,0f08c46deb0e9d27840717141cc877b4a0d54e23,1268046,,,,,,,,,,,,,,,,,,,,,,,,,,,,,,,,,,,,,,,,,,,,,,,,,,,,,,,,,,,,,TN,TN
autoland,4767314,1,247a31fb40b3ac0b152bd3554743d742a3892fe3,linux1804-64-shippable-qr,True,False,,,102210fe594ee9b33d82058545b1ed14f4c8206e,id-getter-5.html,perf_reftest_singletons,True,perf_reftest_singletons id-getter-5.html opt e10s fission stylo webrender,4767299,77,ms,firefox,,1722835058,2023-07-05 18:20:19,523.9200000000001,0e8e81c68d5f2b8d0058d18c9692c610f37b52bc,1268114,548.78,mozilla-ldap/aglavic@mozilla.com,4613dfbe6bc2e60b1159da46db2edee3018423e1,38945.0,14.87,,644.67,2023-07-10 15:38:57.013274,False,1.0,1.0,,,,1267976.0,2.0,1268114.0,2.0,mozilla-ldap/aglavic@mozilla.com,247a31fb40b3ac0b152bd3554743d742a3892fe3,,linux1804-64-shippable-qr,,autoland,2023-07-14 14:09:42.189797,,1.0,-95.89,178281.0,ms,,,38945.0,102210fe594ee9b33d82058545b1ed14f4c8206e,,False,False,aglavic@mozilla.com,,,aglavic@mozilla.com,2023-07-07 14:09:42.189797,,,id-getter-5.html,SKEWED,True,0e8e81c68d5f2b8d0058d18c9692c610f37b52bc,38976.0,,,,False,,7.17,perf_reftest_singletons,"e10s, fission, stylo, webrender",,,2023-07-12 14:09:42.189797,TP,TP
autoland,4767314,1,247a31fb40b3ac0b152bd3554743d742a3892fe3,linux1804-64-shippable-qr,True,False,,,102210fe594ee9b33d82058545b1ed14f4c8206e,id-getter-5.html,perf_reftest_singletons,True,perf_reftest_singletons id-getter-5.html opt e10s fission stylo webrender,4767299,77,ms,firefox,,1722836544,2023-07-05 18:21:18,646.92,09daa709ca35269c0786a2a9f717b1b55a1a4387,1268116,,,,,,,,,,,,,,,,,,,,,,,,,,,,,,,,,,,,,,,,,,,,,,,,,,,,,,,,,,,,,TN,TN
autoland,4767314,1,247a31fb40b3ac0b152bd3554743d742a3892fe3,linux1804-64-shippable-qr,True,False,,,102210fe594ee9b33d82058545b1ed14f4c8206e,id-getter-5.html,perf_reftest_singletons,True,perf_reftest_singletons id-getter-5.html opt e10s fission stylo webrender,4767299,77,ms,firefox,,1722836600,2023-07-05 18:22:09,641.3399999999999,b94ebbc25e0365a900ce1cffc0085f040062a832,1268119,,,,,,,,,,,,,,,,,,,,,,,,,,,,,,,,,,,,,,,,,,,,,,,,,,,,,,,,,,,,,TN,TN
autoland,4767314,1,247a31fb40b3ac0b152bd3554743d742a3892fe3,linux1804-64-shippable-qr,True,False,,,102210fe594ee9b33d82058545b1ed14f4c8206e,id-getter-5.html,perf_reftest_singletons,True,perf_reftest_singletons id-getter-5.html opt e10s fission stylo webrender,4767299,77,ms,firefox,,1722835134,2023-07-05 18:23:02,532.73,93ab703992f90d1e0ae2314686183e1bb08febd9,1268120,,,,,,,,,,,,,,,,,,,,,,,,,,,,,,,,,,,,,,,,,,,,,,,,,,,,,,,,,,,,,TN,TN
autoland,4767314,1,247a31fb40b3ac0b152bd3554743d742a3892fe3,linux1804-64-shippable-qr,True,False,,,102210fe594ee9b33d82058545b1ed14f4c8206e,id-getter-5.html,perf_reftest_singletons,True,perf_reftest_singletons id-getter-5.html opt e10s fission stylo webrender,4767299,77,ms,firefox,,1722835276,2023-07-05 18:23:58,640.5,6e7721ce39246523853331c2ac40e5783554f51c,1268121,,,,,,,,,,,,,,,,,,,,,,,,,,,,,,,,,,,,,,,,,,,,,,,,,,,,,,,,,,,,,TN,TN
autoland,4767314,1,247a31fb40b3ac0b152bd3554743d742a3892fe3,linux1804-64-shippable-qr,True,False,,,102210fe594ee9b33d82058545b1ed14f4c8206e,id-getter-5.html,perf_reftest_singletons,True,perf_reftest_singletons id-getter-5.html opt e10s fission stylo webrender,4767299,77,ms,firefox,,1722835198,2023-07-05 18:24:55,534.3800000000001,c7fe6d85db557608216cb2e870d26127bf42dfbe,1268124,,,,,,,,,,,,,,,,,,,,,,,,,,,,,,,,,,,,,,,,,,,,,,,,,,,,,,,,,,,,,TN,TN
autoland,4767314,1,247a31fb40b3ac0b152bd3554743d742a3892fe3,linux1804-64-shippable-qr,True,False,,,102210fe594ee9b33d82058545b1ed14f4c8206e,id-getter-5.html,perf_reftest_singletons,True,perf_reftest_singletons id-getter-5.html opt e10s fission stylo webrender,4767299,77,ms,firefox,,1722836902,2023-07-05 18:25:49,530.93,8efc65a77701390b2bd18840ac0b5e19d292abf5,1268125,,,,,,,,,,,,,,,,,,,,,,,,,,,,,,,,,,,,,,,,,,,,,,,,,,,,,,,,,,,,,TN,TN
autoland,4767314,1,247a31fb40b3ac0b152bd3554743d742a3892fe3,linux1804-64-shippable-qr,True,False,,,102210fe594ee9b33d82058545b1ed14f4c8206e,id-getter-5.html,perf_reftest_singletons,True,perf_reftest_singletons id-getter-5.html opt e10s fission stylo webrender,4767299,77,ms,firefox,,1722835434,2023-07-05 18:26:40,527.8800000000001,79bdd5a85918f7de7c26f8c592b1cc9858404734,1268127,,,,,,,,,,,,,,,,,,,,,,,,,,,,,,,,,,,,,,,,,,,,,,,,,,,,,,,,,,,,,TN,TN
autoland,4767314,1,247a31fb40b3ac0b152bd3554743d742a3892fe3,linux1804-64-shippable-qr,True,False,,,102210fe594ee9b33d82058545b1ed14f4c8206e,id-getter-5.html,perf_reftest_singletons,True,perf_reftest_singletons id-getter-5.html opt e10s fission stylo webrender,4767299,77,ms,firefox,,1722835471,2023-07-05 18:28:34,520.9300000000001,c744a2111c3b894f66af628b182eb0ae80b9a70f,1268129,,,,,,,,,,,,,,,,,,,,,,,,,,,,,,,,,,,,,,,,,,,,,,,,,,,,,,,,,,,,,TN,TN
autoland,4767314,1,247a31fb40b3ac0b152bd3554743d742a3892fe3,linux1804-64-shippable-qr,True,False,,,102210fe594ee9b33d82058545b1ed14f4c8206e,id-getter-5.html,perf_reftest_singletons,True,perf_reftest_singletons id-getter-5.html opt e10s fission stylo webrender,4767299,77,ms,firefox,,1721872939,2023-07-05 18:29:49,538.6200000000001,674dc1b6026b9fc62707f0df292dfaf1ba6557f1,1268132,,,,,,,,,,,,,,,,,,,,,,,,,,,,,,,,,,,,,,,,,,,,,,,,,,,,,,,,,,,,,TN,TN
autoland,4767314,1,247a31fb40b3ac0b152bd3554743d742a3892fe3,linux1804-64-shippable-qr,True,False,,,102210fe594ee9b33d82058545b1ed14f4c8206e,id-getter-5.html,perf_reftest_singletons,True,perf_reftest_singletons id-getter-5.html opt e10s fission stylo webrender,4767299,77,ms,firefox,,1722870347,2023-07-05 20:52:26,638.88,73ee623a68c47f911e711f01db46952c5d4d55bd,1268222,,,,,,,,,,,,,,,,,,,,,,,,,,,,,,,,,,,,,,,,,,,,,,,,,,,,,,,,,,,,,TN,TN
autoland,4767314,1,247a31fb40b3ac0b152bd3554743d742a3892fe3,linux1804-64-shippable-qr,True,False,,,102210fe594ee9b33d82058545b1ed14f4c8206e,id-getter-5.html,perf_reftest_singletons,True,perf_reftest_singletons id-getter-5.html opt e10s fission stylo webrender,4767299,77,ms,firefox,,1722870168,2023-07-05 20:55:17,696.37,e9251e249c27a9f695341d5ba28a9a04e3ebd6a7,1268226,,,,,,,,,,,,,,,,,,,,,,,,,,,,,,,,,,,,,,,,,,,,,,,,,,,,,,,,,,,,,TN,TN
autoland,4767314,1,247a31fb40b3ac0b152bd3554743d742a3892fe3,linux1804-64-shippable-qr,True,False,,,102210fe594ee9b33d82058545b1ed14f4c8206e,id-getter-5.html,perf_reftest_singletons,True,perf_reftest_singletons id-getter-5.html opt e10s fission stylo webrender,4767299,77,ms,firefox,,1722897780,2023-07-05 20:56:12,649.1800000000001,0f0668b2eeb544fddd48900cc975ecf764d03b2a,1268227,,,,,,,,,,,,,,,,,,,,,,,,,,,,,,,,,,,,,,,,,,,,,,,,,,,,,,,,,,,,,TN,TN
autoland,4767314,1,247a31fb40b3ac0b152bd3554743d742a3892fe3,linux1804-64-shippable-qr,True,False,,,102210fe594ee9b33d82058545b1ed14f4c8206e,id-getter-5.html,perf_reftest_singletons,True,perf_reftest_singletons id-getter-5.html opt e10s fission stylo webrender,4767299,77,ms,firefox,,1722907119,2023-07-05 20:57:08,536.63,7e78cd8ecee6c5b404d69dc9c74be7b91ab9d3a5,1268229,,,,,,,,,,,,,,,,,,,,,,,,,,,,,,,,,,,,,,,,,,,,,,,,,,,,,,,,,,,,,TN,TN
autoland,4767314,1,247a31fb40b3ac0b152bd3554743d742a3892fe3,linux1804-64-shippable-qr,True,False,,,102210fe594ee9b33d82058545b1ed14f4c8206e,id-getter-5.html,perf_reftest_singletons,True,perf_reftest_singletons id-getter-5.html opt e10s fission stylo webrender,4767299,77,ms,firefox,,1722872323,2023-07-05 20:58:25,522.35,548365f1d102075b3ec1ade2bf5907142e343580,1268230,,,,,,,,,,,,,,,,,,,,,,,,,,,,,,,,,,,,,,,,,,,,,,,,,,,,,,,,,,,,,TN,TN
autoland,4767314,1,247a31fb40b3ac0b152bd3554743d742a3892fe3,linux1804-64-shippable-qr,True,False,,,102210fe594ee9b33d82058545b1ed14f4c8206e,id-getter-5.html,perf_reftest_singletons,True,perf_reftest_singletons id-getter-5.html opt e10s fission stylo webrender,4767299,77,ms,firefox,,1722873988,2023-07-05 20:59:19,640.7,a60baa68669b1d5df71edae212b893831d2aa02c,1268231,,,,,,,,,,,,,,,,,,,,,,,,,,,,,,,,,,,,,,,,,,,,,,,,,,,,,,,,,,,,,TN,TN
autoland,4767314,1,247a31fb40b3ac0b152bd3554743d742a3892fe3,linux1804-64-shippable-qr,True,False,,,102210fe594ee9b33d82058545b1ed14f4c8206e,id-getter-5.html,perf_reftest_singletons,True,perf_reftest_singletons id-getter-5.html opt e10s fission stylo webrender,4767299,77,ms,firefox,,1722870872,2023-07-05 21:00:10,531.29,6d2d5f1d2f9d772cf23e24fb68aaaf4d8fe7466d,1268232,,,,,,,,,,,,,,,,,,,,,,,,,,,,,,,,,,,,,,,,,,,,,,,,,,,,,,,,,,,,,TN,TN
autoland,4767314,1,247a31fb40b3ac0b152bd3554743d742a3892fe3,linux1804-64-shippable-qr,True,False,,,102210fe594ee9b33d82058545b1ed14f4c8206e,id-getter-5.html,perf_reftest_singletons,True,perf_reftest_singletons id-getter-5.html opt e10s fission stylo webrender,4767299,77,ms,firefox,,1722870498,2023-07-05 21:01:13,527.9,b5482dea9fce37f40cc9a27c2851a416b80a0ee7,1268234,,,,,,,,,,,,,,,,,,,,,,,,,,,,,,,,,,,,,,,,,,,,,,,,,,,,,,,,,,,,,TN,TN
autoland,4767314,1,247a31fb40b3ac0b152bd3554743d742a3892fe3,linux1804-64-shippable-qr,True,False,,,102210fe594ee9b33d82058545b1ed14f4c8206e,id-getter-5.html,perf_reftest_singletons,True,perf_reftest_singletons id-getter-5.html opt e10s fission stylo webrender,4767299,77,ms,firefox,,1722869225,2023-07-05 21:02:13,536.19,0e87ff548b9093f591e1fa73577c116547bcc045,1268235,,,,,,,,,,,,,,,,,,,,,,,,,,,,,,,,,,,,,,,,,,,,,,,,,,,,,,,,,,,,,TN,TN
autoland,4767314,1,247a31fb40b3ac0b152bd3554743d742a3892fe3,linux1804-64-shippable-qr,True,False,,,102210fe594ee9b33d82058545b1ed14f4c8206e,id-getter-5.html,perf_reftest_singletons,True,perf_reftest_singletons id-getter-5.html opt e10s fission stylo webrender,4767299,77,ms,firefox,,1721909129,2023-07-05 21:03:11,520.63,712427656ebd8d82b78a42d8e45b973aa7c220d7,1268236,,,,,,,,,,,,,,,,,,,,,,,,,,,,,,,,,,,,,,,,,,,,,,,,,,,,,,,,,,,,,TN,TN
autoland,4767314,1,247a31fb40b3ac0b152bd3554743d742a3892fe3,linux1804-64-shippable-qr,True,False,,,102210fe594ee9b33d82058545b1ed14f4c8206e,id-getter-5.html,perf_reftest_singletons,True,perf_reftest_singletons id-getter-5.html opt e10s fission stylo webrender,4767299,77,ms,firefox,,1722900779,2023-07-05 22:32:47,647.19,e12e730ee31126f75a305775c8d9e84125f79890,1268279,,,,,,,,,,,,,,,,,,,,,,,,,,,,,,,,,,,,,,,,,,,,,,,,,,,,,,,,,,,,,TN,TN
autoland,4767314,1,247a31fb40b3ac0b152bd3554743d742a3892fe3,linux1804-64-shippable-qr,True,False,,,102210fe594ee9b33d82058545b1ed14f4c8206e,id-getter-5.html,perf_reftest_singletons,True,perf_reftest_singletons id-getter-5.html opt e10s fission stylo webrender,4767299,77,ms,firefox,,1722926065,2023-07-05 22:34:28,534.34,2ea8f35756209d8f6bd78199432e08c248d4f90f,1268280,,,,,,,,,,,,,,,,,,,,,,,,,,,,,,,,,,,,,,,,,,,,,,,,,,,,,,,,,,,,,TN,TN
autoland,4767314,1,247a31fb40b3ac0b152bd3554743d742a3892fe3,linux1804-64-shippable-qr,True,False,,,102210fe594ee9b33d82058545b1ed14f4c8206e,id-getter-5.html,perf_reftest_singletons,True,perf_reftest_singletons id-getter-5.html opt e10s fission stylo webrender,4767299,77,ms,firefox,,1722904474,2023-07-05 22:35:19,641.19,9aecd29d3377bef23aa1daa28ab78722509dc019,1268281,,,,,,,,,,,,,,,,,,,,,,,,,,,,,,,,,,,,,,,,,,,,,,,,,,,,,,,,,,,,,TN,TN
autoland,4767314,1,247a31fb40b3ac0b152bd3554743d742a3892fe3,linux1804-64-shippable-qr,True,False,,,102210fe594ee9b33d82058545b1ed14f4c8206e,id-getter-5.html,perf_reftest_singletons,True,perf_reftest_singletons id-getter-5.html opt e10s fission stylo webrender,4767299,77,ms,firefox,,1722903544,2023-07-05 22:36:28,528.1199999999999,4c734e25263096799e6eb1f430c92e69443d5144,1268282,,,,,,,,,,,,,,,,,,,,,,,,,,,,,,,,,,,,,,,,,,,,,,,,,,,,,,,,,,,,,TN,TN
autoland,4767314,1,247a31fb40b3ac0b152bd3554743d742a3892fe3,linux1804-64-shippable-qr,True,False,,,102210fe594ee9b33d82058545b1ed14f4c8206e,id-getter-5.html,perf_reftest_singletons,True,perf_reftest_singletons id-getter-5.html opt e10s fission stylo webrender,4767299,77,ms,firefox,,1722902133,2023-07-05 22:53:13,638.61,8957a62b3ade02160943e6768e5a46441a56b3ab,1268292,,,,,,,,,,,,,,,,,,,,,,,,,,,,,,,,,,,,,,,,,,,,,,,,,,,,,,,,,,,,,TN,TN
autoland,4767314,1,247a31fb40b3ac0b152bd3554743d742a3892fe3,linux1804-64-shippable-qr,True,False,,,102210fe594ee9b33d82058545b1ed14f4c8206e,id-getter-5.html,perf_reftest_singletons,True,perf_reftest_singletons id-getter-5.html opt e10s fission stylo webrender,4767299,77,ms,firefox,,1722905234,2023-07-05 23:13:33,522.93,11cd360b1745940041f9dac35738bbd36bdc6999,1268301,,,,,,,,,,,,,,,,,,,,,,,,,,,,,,,,,,,,,,,,,,,,,,,,,,,,,,,,,,,,,TN,TN
autoland,4767314,1,247a31fb40b3ac0b152bd3554743d742a3892fe3,linux1804-64-shippable-qr,True,False,,,102210fe594ee9b33d82058545b1ed14f4c8206e,id-getter-5.html,perf_reftest_singletons,True,perf_reftest_singletons id-getter-5.html opt e10s fission stylo webrender,4767299,77,ms,firefox,,1722905166,2023-07-05 23:25:47,637.96,83d2865e9b1d3015c4e2c3377cdaa48efc6c413d,1268304,,,,,,,,,,,,,,,,,,,,,,,,,,,,,,,,,,,,,,,,,,,,,,,,,,,,,,,,,,,,,TN,TN
autoland,4767314,1,247a31fb40b3ac0b152bd3554743d742a3892fe3,linux1804-64-shippable-qr,True,False,,,102210fe594ee9b33d82058545b1ed14f4c8206e,id-getter-5.html,perf_reftest_singletons,True,perf_reftest_singletons id-getter-5.html opt e10s fission stylo webrender,4767299,77,ms,firefox,,1722852783,2023-07-06 00:11:42,646.1600000000001,67bb53c9cb10a8b606a7a853694b209aaf2f580f,1268318,,,,,,,,,,,,,,,,,,,,,,,,,,,,,,,,,,,,,,,,,,,,,,,,,,,,,,,,,,,,,TN,TN
autoland,4767314,1,247a31fb40b3ac0b152bd3554743d742a3892fe3,linux1804-64-shippable-qr,True,False,,,102210fe594ee9b33d82058545b1ed14f4c8206e,id-getter-5.html,perf_reftest_singletons,True,perf_reftest_singletons id-getter-5.html opt e10s fission stylo webrender,4767299,77,ms,firefox,,1722908155,2023-07-06 01:00:40,527.8199999999999,0e5963968c3c430828d9ddeb8a55a3d3be3b5b5b,1268347,,,,,,,,,,,,,,,,,,,,,,,,,,,,,,,,,,,,,,,,,,,,,,,,,,,,,,,,,,,,,TN,TN
autoland,4767314,1,247a31fb40b3ac0b152bd3554743d742a3892fe3,linux1804-64-shippable-qr,True,False,,,102210fe594ee9b33d82058545b1ed14f4c8206e,id-getter-5.html,perf_reftest_singletons,True,perf_reftest_singletons id-getter-5.html opt e10s fission stylo webrender,4767299,77,ms,firefox,,1722015335,2023-07-06 01:07:34,525.9499999999999,a0647e42fb1f509d753d2baacd7858b3ee9a8821,1268349,,,,,,,,,,,,,,,,,,,,,,,,,,,,,,,,,,,,,,,,,,,,,,,,,,,,,,,,,,,,,TN,TN
autoland,4767314,1,247a31fb40b3ac0b152bd3554743d742a3892fe3,linux1804-64-shippable-qr,True,False,,,102210fe594ee9b33d82058545b1ed14f4c8206e,id-getter-5.html,perf_reftest_singletons,True,perf_reftest_singletons id-getter-5.html opt e10s fission stylo webrender,4767299,77,ms,firefox,,1722090475,2023-07-06 06:12:07,642.94,1ba8085e68676425907973397d26e7417c1c4a74,1268405,,,,,,,,,,,,,,,,,,,,,,,,,,,,,,,,,,,,,,,,,,,,,,,,,,,,,,,,,,,,,TN,TN
autoland,4767314,1,247a31fb40b3ac0b152bd3554743d742a3892fe3,linux1804-64-shippable-qr,True,False,,,102210fe594ee9b33d82058545b1ed14f4c8206e,id-getter-5.html,perf_reftest_singletons,True,perf_reftest_singletons id-getter-5.html opt e10s fission stylo webrender,4767299,77,ms,firefox,,1722199833,2023-07-06 11:48:20,649.76,becc2fa2c186914b1a887e40e6f0e9a6643273eb,1268565,,,,,,,,,,,,,,,,,,,,,,,,,,,,,,,,,,,,,,,,,,,,,,,,,,,,,,,,,,,,,TN,TN
autoland,4767314,1,247a31fb40b3ac0b152bd3554743d742a3892fe3,linux1804-64-shippable-qr,True,False,,,102210fe594ee9b33d82058545b1ed14f4c8206e,id-getter-5.html,perf_reftest_singletons,True,perf_reftest_singletons id-getter-5.html opt e10s fission stylo webrender,4767299,77,ms,firefox,,1722218496,2023-07-06 12:38:53,535.4000000000001,5b919b11b30bcc659d499c9290a54c3f91d96bd2,1268598,,,,,,,,,,,,,,,,,,,,,,,,,,,,,,,,,,,,,,,,,,,,,,,,,,,,,,,,,,,,,TN,TN
autoland,4767314,1,247a31fb40b3ac0b152bd3554743d742a3892fe3,linux1804-64-shippable-qr,True,False,,,102210fe594ee9b33d82058545b1ed14f4c8206e,id-getter-5.html,perf_reftest_singletons,True,perf_reftest_singletons id-getter-5.html opt e10s fission stylo webrender,4767299,77,ms,firefox,,1722353243,2023-07-06 16:43:39,533.89,433f58fbe4180052220b584f15de1d1d6fda065a,1268777,,,,,,,,,,,,,,,,,,,,,,,,,,,,,,,,,,,,,,,,,,,,,,,,,,,,,,,,,,,,,TN,TN
autoland,4767314,1,247a31fb40b3ac0b152bd3554743d742a3892fe3,linux1804-64-shippable-qr,True,False,,,102210fe594ee9b33d82058545b1ed14f4c8206e,id-getter-5.html,perf_reftest_singletons,True,perf_reftest_singletons id-getter-5.html opt e10s fission stylo webrender,4767299,77,ms,firefox,,1722441425,2023-07-06 18:39:07,526.5699999999999,08f072ae172f3d48b0361ca0d34ead8a0b254e60,1268845,,,,,,,,,,,,,,,,,,,,,,,,,,,,,,,,,,,,,,,,,,,,,,,,,,,,,,,,,,,,,TN,TN
autoland,4767314,1,247a31fb40b3ac0b152bd3554743d742a3892fe3,linux1804-64-shippable-qr,True,False,,,102210fe594ee9b33d82058545b1ed14f4c8206e,id-getter-5.html,perf_reftest_singletons,True,perf_reftest_singletons id-getter-5.html opt e10s fission stylo webrender,4767299,77,ms,firefox,,1722512658,2023-07-06 20:44:41,530.37,2c6190b6ecb6ab8933a296c08e753c060a3c2e9b,1268939,,,,,,,,,,,,,,,,,,,,,,,,,,,,,,,,,,,,,,,,,,,,,,,,,,,,,,,,,,,,,TN,TN
autoland,4767314,1,247a31fb40b3ac0b152bd3554743d742a3892fe3,linux1804-64-shippable-qr,True,False,,,102210fe594ee9b33d82058545b1ed14f4c8206e,id-getter-5.html,perf_reftest_singletons,True,perf_reftest_singletons id-getter-5.html opt e10s fission stylo webrender,4767299,77,ms,firefox,,1722639173,2023-07-07 00:51:02,524.5799999999999,acd3d81337398ace5cd75f251f18da388ed281fa,1269038,,,,,,,,,,,,,,,,,,,,,,,,,,,,,,,,,,,,,,,,,,,,,,,,,,,,,,,,,,,,,TN,TN
autoland,4767314,1,247a31fb40b3ac0b152bd3554743d742a3892fe3,linux1804-64-shippable-qr,True,False,,,102210fe594ee9b33d82058545b1ed14f4c8206e,id-getter-5.html,perf_reftest_singletons,True,perf_reftest_singletons id-getter-5.html opt e10s fission stylo webrender,4767299,77,ms,firefox,,1722654637,2023-07-07 01:49:15,534.8299999999999,013763c5f493c6232cfa8502e7bcec4b151d9161,1269055,,,,,,,,,,,,,,,,,,,,,,,,,,,,,,,,,,,,,,,,,,,,,,,,,,,,,,,,,,,,,TN,TN
autoland,4767314,1,247a31fb40b3ac0b152bd3554743d742a3892fe3,linux1804-64-shippable-qr,True,False,,,102210fe594ee9b33d82058545b1ed14f4c8206e,id-getter-5.html,perf_reftest_singletons,True,perf_reftest_singletons id-getter-5.html opt e10s fission stylo webrender,4767299,77,ms,firefox,,1722699385,2023-07-07 06:17:26,531.23,e4d87ff75575880ea0c0fa09b316e360e4d9492f,1269097,,,,,,,,,,,,,,,,,,,,,,,,,,,,,,,,,,,,,,,,,,,,,,,,,,,,,,,,,,,,,TN,TN
autoland,4767314,1,247a31fb40b3ac0b152bd3554743d742a3892fe3,linux1804-64-shippable-qr,True,False,,,102210fe594ee9b33d82058545b1ed14f4c8206e,id-getter-5.html,perf_reftest_singletons,True,perf_reftest_singletons id-getter-5.html opt e10s fission stylo webrender,4767299,77,ms,firefox,,1722825341,2023-07-07 10:08:37,522.3800000000001,3a88b97290a0fe46c6fbfcf6dacd91c6b6900aeb,1269195,,,,,,,,,,,,,,,,,,,,,,,,,,,,,,,,,,,,,,,,,,,,,,,,,,,,,,,,,,,,,TN,TN
autoland,4767314,1,247a31fb40b3ac0b152bd3554743d742a3892fe3,linux1804-64-shippable-qr,True,False,,,102210fe594ee9b33d82058545b1ed14f4c8206e,id-getter-5.html,perf_reftest_singletons,True,perf_reftest_singletons id-getter-5.html opt e10s fission stylo webrender,4767299,77,ms,firefox,,1722884461,2023-07-07 14:06:48,526.6400000000001,fb62b8660fcaa40ecb0be50aa61ba8005dcbba27,1269286,,,,,,,,,,,,,,,,,,,,,,,,,,,,,,,,,,,,,,,,,,,,,,,,,,,,,,,,,,,,,TN,TN
autoland,4767314,1,247a31fb40b3ac0b152bd3554743d742a3892fe3,linux1804-64-shippable-qr,True,False,,,102210fe594ee9b33d82058545b1ed14f4c8206e,id-getter-5.html,perf_reftest_singletons,True,perf_reftest_singletons id-getter-5.html opt e10s fission stylo webrender,4767299,77,ms,firefox,,1722954831,2023-07-07 16:51:44,534.29,43977d30a10af8e193044a9aa578f2bc8b33edf7,1269420,,,,,,,,,,,,,,,,,,,,,,,,,,,,,,,,,,,,,,,,,,,,,,,,,,,,,,,,,,,,,TN,TN
autoland,4767314,1,247a31fb40b3ac0b152bd3554743d742a3892fe3,linux1804-64-shippable-qr,True,False,,,102210fe594ee9b33d82058545b1ed14f4c8206e,id-getter-5.html,perf_reftest_singletons,True,perf_reftest_singletons id-getter-5.html opt e10s fission stylo webrender,4767299,77,ms,firefox,,1723213812,2023-07-08 02:51:52,642.3,d2be18e8ce8cd63eaddb8f012d582a2863075164,1269678,,,,,,,,,,,,,,,,,,,,,,,,,,,,,,,,,,,,,,,,,,,,,,,,,,,,,,,,,,,,,TN,TN
autoland,4767314,1,247a31fb40b3ac0b152bd3554743d742a3892fe3,linux1804-64-shippable-qr,True,False,,,102210fe594ee9b33d82058545b1ed14f4c8206e,id-getter-5.html,perf_reftest_singletons,True,perf_reftest_singletons id-getter-5.html opt e10s fission stylo webrender,4767299,77,ms,firefox,,1723239197,2023-07-08 06:55:09,539.43,ef7d9ea0c3f751e7c525a136923c9c404c297b1f,1269687,,,,,,,,,,,,,,,,,,,,,,,,,,,,,,,,,,,,,,,,,,,,,,,,,,,,,,,,,,,,,TN,TN
autoland,4767314,1,247a31fb40b3ac0b152bd3554743d742a3892fe3,linux1804-64-shippable-qr,True,False,,,102210fe594ee9b33d82058545b1ed14f4c8206e,id-getter-5.html,perf_reftest_singletons,True,perf_reftest_singletons id-getter-5.html opt e10s fission stylo webrender,4767299,77,ms,firefox,,1723340972,2023-07-08 13:13:32,526.0999999999999,ee68eebc7bfd59157569f7de331974b06e765482,1269721,,,,,,,,,,,,,,,,,,,,,,,,,,,,,,,,,,,,,,,,,,,,,,,,,,,,,,,,,,,,,TN,TN
autoland,4767314,1,247a31fb40b3ac0b152bd3554743d742a3892fe3,linux1804-64-shippable-qr,True,False,,,102210fe594ee9b33d82058545b1ed14f4c8206e,id-getter-5.html,perf_reftest_singletons,True,perf_reftest_singletons id-getter-5.html opt e10s fission stylo webrender,4767299,77,ms,firefox,,1723354286,2023-07-08 13:22:34,526.0799999999999,3809d32977a2db97fd06c8fd3214256dc18af9a0,1269723,,,,,,,,,,,,,,,,,,,,,,,,,,,,,,,,,,,,,,,,,,,,,,,,,,,,,,,,,,,,,TN,TN
autoland,4767314,1,247a31fb40b3ac0b152bd3554743d742a3892fe3,linux1804-64-shippable-qr,True,False,,,102210fe594ee9b33d82058545b1ed14f4c8206e,id-getter-5.html,perf_reftest_singletons,True,perf_reftest_singletons id-getter-5.html opt e10s fission stylo webrender,4767299,77,ms,firefox,,1723416049,2023-07-08 18:13:28,544.29,3b3b41fc7f1dad97415448fb4652eb636903a02a,1269751,,,,,,,,,,,,,,,,,,,,,,,,,,,,,,,,,,,,,,,,,,,,,,,,,,,,,,,,,,,,,TN,TN
autoland,4767314,1,247a31fb40b3ac0b152bd3554743d742a3892fe3,linux1804-64-shippable-qr,True,False,,,102210fe594ee9b33d82058545b1ed14f4c8206e,id-getter-5.html,perf_reftest_singletons,True,perf_reftest_singletons id-getter-5.html opt e10s fission stylo webrender,4767299,77,ms,firefox,,1723478050,2023-07-08 22:36:06,525.8799999999999,47c72d2828f6f406fbe77758e1ae8cd7837af977,1269766,,,,,,,,,,,,,,,,,,,,,,,,,,,,,,,,,,,,,,,,,,,,,,,,,,,,,,,,,,,,,TN,TN
autoland,4767314,1,247a31fb40b3ac0b152bd3554743d742a3892fe3,linux1804-64-shippable-qr,True,False,,,102210fe594ee9b33d82058545b1ed14f4c8206e,id-getter-5.html,perf_reftest_singletons,True,perf_reftest_singletons id-getter-5.html opt e10s fission stylo webrender,4767299,77,ms,firefox,,1723517957,2023-07-09 03:04:33,539.0,2ac0f03815253b96c145a52b1762ed04c50f079d,1269805,,,,,,,,,,,,,,,,,,,,,,,,,,,,,,,,,,,,,,,,,,,,,,,,,,,,,,,,,,,,,TN,TN
autoland,4767314,1,247a31fb40b3ac0b152bd3554743d742a3892fe3,linux1804-64-shippable-qr,True,False,,,102210fe594ee9b33d82058545b1ed14f4c8206e,id-getter-5.html,perf_reftest_singletons,True,perf_reftest_singletons id-getter-5.html opt e10s fission stylo webrender,4767299,77,ms,firefox,,1723575916,2023-07-09 11:37:17,586.0799999999999,60d4eb46c8b40ab0cd000c9ef298c63c45539be7,1269836,,,,,,,,,,,,,,,,,,,,,,,,,,,,,,,,,,,,,,,,,,,,,,,,,,,,,,,,,,,,,TN,TN
autoland,4767314,1,247a31fb40b3ac0b152bd3554743d742a3892fe3,linux1804-64-shippable-qr,True,False,,,102210fe594ee9b33d82058545b1ed14f4c8206e,id-getter-5.html,perf_reftest_singletons,True,perf_reftest_singletons id-getter-5.html opt e10s fission stylo webrender,4767299,77,ms,firefox,,1723625364,2023-07-09 16:14:27,528.45,38657e8c266f862cee349b298d0679f6617a8a63,1269855,,,,,,,,,,,,,,,,,,,,,,,,,,,,,,,,,,,,,,,,,,,,,,,,,,,,,,,,,,,,,TN,TN
autoland,4767314,1,247a31fb40b3ac0b152bd3554743d742a3892fe3,linux1804-64-shippable-qr,True,False,,,102210fe594ee9b33d82058545b1ed14f4c8206e,id-getter-5.html,perf_reftest_singletons,True,perf_reftest_singletons id-getter-5.html opt e10s fission stylo webrender,4767299,77,ms,firefox,,1723655864,2023-07-09 17:38:49,641.03,91d2d276f13316b73f0fed743d543009fcfade03,1269870,,,,,,,,,,,,,,,,,,,,,,,,,,,,,,,,,,,,,,,,,,,,,,,,,,,,,,,,,,,,,TN,TN
autoland,4767314,1,247a31fb40b3ac0b152bd3554743d742a3892fe3,linux1804-64-shippable-qr,True,False,,,102210fe594ee9b33d82058545b1ed14f4c8206e,id-getter-5.html,perf_reftest_singletons,True,perf_reftest_singletons id-getter-5.html opt e10s fission stylo webrender,4767299,77,ms,firefox,,1723728198,2023-07-09 22:03:27,541.89,5497748101b60ab9149d6616e70cabc4c11c6cb5,1269918,,,,,,,,,,,,,,,,,,,,,,,,,,,,,,,,,,,,,,,,,,,,,,,,,,,,,,,,,,,,,TN,TN
autoland,4767314,1,247a31fb40b3ac0b152bd3554743d742a3892fe3,linux1804-64-shippable-qr,True,False,,,102210fe594ee9b33d82058545b1ed14f4c8206e,id-getter-5.html,perf_reftest_singletons,True,perf_reftest_singletons id-getter-5.html opt e10s fission stylo webrender,4767299,77,ms,firefox,,1723828309,2023-07-10 02:33:11,651.01,aaa3698312c56a08a7b405178ee462fe3c2a30e7,1269963,,,,,,,,,,,,,,,,,,,,,,,,,,,,,,,,,,,,,,,,,,,,,,,,,,,,,,,,,,,,,TN,TN
autoland,4767314,1,247a31fb40b3ac0b152bd3554743d742a3892fe3,linux1804-64-shippable-qr,True,False,,,102210fe594ee9b33d82058545b1ed14f4c8206e,id-getter-5.html,perf_reftest_singletons,True,perf_reftest_singletons id-getter-5.html opt e10s fission stylo webrender,4767299,77,ms,firefox,,1723898070,2023-07-10 08:51:48,536.05,7313b6429e48b58bd38ab3be47999be475f2ba6b,1270053,,,,,,,,,,,,,,,,,,,,,,,,,,,,,,,,,,,,,,,,,,,,,,,,,,,,,,,,,,,,,TN,TN
autoland,4767314,1,247a31fb40b3ac0b152bd3554743d742a3892fe3,linux1804-64-shippable-qr,True,False,,,102210fe594ee9b33d82058545b1ed14f4c8206e,id-getter-5.html,perf_reftest_singletons,True,perf_reftest_singletons id-getter-5.html opt e10s fission stylo webrender,4767299,77,ms,firefox,,1724007451,2023-07-10 13:07:04,526.67,70fb59178ff21c468afeb592869c28371401db6a,1270176,,,,,,,,,,,,,,,,,,,,,,,,,,,,,,,,,,,,,,,,,,,,,,,,,,,,,,,,,,,,,TN,TN
autoland,4767314,1,247a31fb40b3ac0b152bd3554743d742a3892fe3,linux1804-64-shippable-qr,True,False,,,102210fe594ee9b33d82058545b1ed14f4c8206e,id-getter-5.html,perf_reftest_singletons,True,perf_reftest_singletons id-getter-5.html opt e10s fission stylo webrender,4767299,77,ms,firefox,,1724038250,2023-07-10 14:01:57,543.53,e31033710cfe590d9e7deda75757f71ddef34207,1270199,,,,,,,,,,,,,,,,,,,,,,,,,,,,,,,,,,,,,,,,,,,,,,,,,,,,,,,,,,,,,TN,TN
autoland,4767314,1,247a31fb40b3ac0b152bd3554743d742a3892fe3,linux1804-64-shippable-qr,True,False,,,102210fe594ee9b33d82058545b1ed14f4c8206e,id-getter-5.html,perf_reftest_singletons,True,perf_reftest_singletons id-getter-5.html opt e10s fission stylo webrender,4767299,77,ms,firefox,,1724183341,2023-07-10 18:14:55,531.43,1c909f267af625b4c370b6735113e1cafc94bbad,1270330,,,,,,,,,,,,,,,,,,,,,,,,,,,,,,,,,,,,,,,,,,,,,,,,,,,,,,,,,,,,,TN,TN
autoland,4767314,1,247a31fb40b3ac0b152bd3554743d742a3892fe3,linux1804-64-shippable-qr,True,False,,,102210fe594ee9b33d82058545b1ed14f4c8206e,id-getter-5.html,perf_reftest_singletons,True,perf_reftest_singletons id-getter-5.html opt e10s fission stylo webrender,4767299,77,ms,firefox,,1724262923,2023-07-10 19:48:56,529.0,923b28f88778b9de2f2a694c75dcb313148c0fc5,1270385,,,,,,,,,,,,,,,,,,,,,,,,,,,,,,,,,,,,,,,,,,,,,,,,,,,,,,,,,,,,,TN,TN
autoland,4767314,1,247a31fb40b3ac0b152bd3554743d742a3892fe3,linux1804-64-shippable-qr,True,False,,,102210fe594ee9b33d82058545b1ed14f4c8206e,id-getter-5.html,perf_reftest_singletons,True,perf_reftest_singletons id-getter-5.html opt e10s fission stylo webrender,4767299,77,ms,firefox,,1724338352,2023-07-11 01:42:54,536.13,b6a3e16c65e1298418f1aaf966dd3071d644075b,1270560,,,,,,,,,,,,,,,,,,,,,,,,,,,,,,,,,,,,,,,,,,,,,,,,,,,,,,,,,,,,,TN,TN
autoland,4767314,1,247a31fb40b3ac0b152bd3554743d742a3892fe3,linux1804-64-shippable-qr,True,False,,,102210fe594ee9b33d82058545b1ed14f4c8206e,id-getter-5.html,perf_reftest_singletons,True,perf_reftest_singletons id-getter-5.html opt e10s fission stylo webrender,4767299,77,ms,firefox,,1724442906,2023-07-11 06:35:00,522.97,bd6b3707b0b4eb7dd36fd65f81325cd71a20ab43,1270619,,,,,,,,,,,,,,,,,,,,,,,,,,,,,,,,,,,,,,,,,,,,,,,,,,,,,,,,,,,,,TN,TN
autoland,4767314,1,247a31fb40b3ac0b152bd3554743d742a3892fe3,linux1804-64-shippable-qr,True,False,,,102210fe594ee9b33d82058545b1ed14f4c8206e,id-getter-5.html,perf_reftest_singletons,True,perf_reftest_singletons id-getter-5.html opt e10s fission stylo webrender,4767299,77,ms,firefox,,1724488028,2023-07-11 08:55:46,529.9300000000001,6f3d3f416c953a7c5f64b907c4afb5906a1868a3,1270644,,,,,,,,,,,,,,,,,,,,,,,,,,,,,,,,,,,,,,,,,,,,,,,,,,,,,,,,,,,,,TN,TN
autoland,4767314,1,247a31fb40b3ac0b152bd3554743d742a3892fe3,linux1804-64-shippable-qr,True,False,,,102210fe594ee9b33d82058545b1ed14f4c8206e,id-getter-5.html,perf_reftest_singletons,True,perf_reftest_singletons id-getter-5.html opt e10s fission stylo webrender,4767299,77,ms,firefox,,1724596412,2023-07-11 13:33:02,533.3299999999999,0c47c1159e0a060ee709f9f8f854bfad27f86c85,1270792,,,,,,,,,,,,,,,,,,,,,,,,,,,,,,,,,,,,,,,,,,,,,,,,,,,,,,,,,,,,,TN,TN
autoland,4767314,1,247a31fb40b3ac0b152bd3554743d742a3892fe3,linux1804-64-shippable-qr,True,False,,,102210fe594ee9b33d82058545b1ed14f4c8206e,id-getter-5.html,perf_reftest_singletons,True,perf_reftest_singletons id-getter-5.html opt e10s fission stylo webrender,4767299,77,ms,firefox,,1724624017,2023-07-11 14:06:52,531.9300000000001,3100a08eeee126bc592700ba015d42a4eeabd552,1270802,,,,,,,,,,,,,,,,,,,,,,,,,,,,,,,,,,,,,,,,,,,,,,,,,,,,,,,,,,,,,TN,TN
autoland,4767314,1,247a31fb40b3ac0b152bd3554743d742a3892fe3,linux1804-64-shippable-qr,True,False,,,102210fe594ee9b33d82058545b1ed14f4c8206e,id-getter-5.html,perf_reftest_singletons,True,perf_reftest_singletons id-getter-5.html opt e10s fission stylo webrender,4767299,77,ms,firefox,,1724791131,2023-07-11 18:36:01,533.62,87db7bb709335405232188624e8b3fa9990fd678,1270977,,,,,,,,,,,,,,,,,,,,,,,,,,,,,,,,,,,,,,,,,,,,,,,,,,,,,,,,,,,,,TN,TN
autoland,4767314,1,247a31fb40b3ac0b152bd3554743d742a3892fe3,linux1804-64-shippable-qr,True,False,,,102210fe594ee9b33d82058545b1ed14f4c8206e,id-getter-5.html,perf_reftest_singletons,True,perf_reftest_singletons id-getter-5.html opt e10s fission stylo webrender,4767299,77,ms,firefox,,1724855342,2023-07-11 22:00:07,541.55,799309422d5f66cd280bc2aa8f49a203faaf670f,1271127,,,,,,,,,,,,,,,,,,,,,,,,,,,,,,,,,,,,,,,,,,,,,,,,,,,,,,,,,,,,,TN,TN
autoland,4767314,1,247a31fb40b3ac0b152bd3554743d742a3892fe3,linux1804-64-shippable-qr,True,False,,,102210fe594ee9b33d82058545b1ed14f4c8206e,id-getter-5.html,perf_reftest_singletons,True,perf_reftest_singletons id-getter-5.html opt e10s fission stylo webrender,4767299,77,ms,firefox,,1724939657,2023-07-12 03:43:13,531.55,409794f954d9150f8da58e49d75898a655aca25d,1271221,,,,,,,,,,,,,,,,,,,,,,,,,,,,,,,,,,,,,,,,,,,,,,,,,,,,,,,,,,,,,TN,TN
autoland,4767314,1,247a31fb40b3ac0b152bd3554743d742a3892fe3,linux1804-64-shippable-qr,True,False,,,102210fe594ee9b33d82058545b1ed14f4c8206e,id-getter-5.html,perf_reftest_singletons,True,perf_reftest_singletons id-getter-5.html opt e10s fission stylo webrender,4767299,77,ms,firefox,,1725000223,2023-07-12 07:41:52,527.22,3df39b644daab1c941ea8f68e6f1e1018058b95e,1271289,,,,,,,,,,,,,,,,,,,,,,,,,,,,,,,,,,,,,,,,,,,,,,,,,,,,,,,,,,,,,TN,TN
autoland,4767314,1,247a31fb40b3ac0b152bd3554743d742a3892fe3,linux1804-64-shippable-qr,True,False,,,102210fe594ee9b33d82058545b1ed14f4c8206e,id-getter-5.html,perf_reftest_singletons,True,perf_reftest_singletons id-getter-5.html opt e10s fission stylo webrender,4767299,77,ms,firefox,,1725108831,2023-07-12 11:57:10,521.0899999999999,323cd57deb4d5a322c892f49b9141687d7561c0b,1271397,,,,,,,,,,,,,,,,,,,,,,,,,,,,,,,,,,,,,,,,,,,,,,,,,,,,,,,,,,,,,TN,TN
autoland,4767314,1,247a31fb40b3ac0b152bd3554743d742a3892fe3,linux1804-64-shippable-qr,True,False,,,102210fe594ee9b33d82058545b1ed14f4c8206e,id-getter-5.html,perf_reftest_singletons,True,perf_reftest_singletons id-getter-5.html opt e10s fission stylo webrender,4767299,77,ms,firefox,,1725174416,2023-07-12 14:40:04,527.77,09a138b12b3b18e85b4234788a6f92fa756908af,1271467,,,,,,,,,,,,,,,,,,,,,,,,,,,,,,,,,,,,,,,,,,,,,,,,,,,,,,,,,,,,,TN,TN
autoland,4767314,1,247a31fb40b3ac0b152bd3554743d742a3892fe3,linux1804-64-shippable-qr,True,False,,,102210fe594ee9b33d82058545b1ed14f4c8206e,id-getter-5.html,perf_reftest_singletons,True,perf_reftest_singletons id-getter-5.html opt e10s fission stylo webrender,4767299,77,ms,firefox,,1725261332,2023-07-12 19:44:39,535.69,5af60a4168846b5be7576faecbb5050fa6d965cf,1271665,,,,,,,,,,,,,,,,,,,,,,,,,,,,,,,,,,,,,,,,,,,,,,,,,,,,,,,,,,,,,TN,TN
autoland,4767314,1,247a31fb40b3ac0b152bd3554743d742a3892fe3,linux1804-64-shippable-qr,True,False,,,102210fe594ee9b33d82058545b1ed14f4c8206e,id-getter-5.html,perf_reftest_singletons,True,perf_reftest_singletons id-getter-5.html opt e10s fission stylo webrender,4767299,77,ms,firefox,,1725381264,2023-07-13 04:00:14,542.0999999999999,0724fde82b2fe250010f13a500b6c525eaf3abb5,1271916,,,,,,,,,,,,,,,,,,,,,,,,,,,,,,,,,,,,,,,,,,,,,,,,,,,,,,,,,,,,,TN,TN
autoland,4767314,1,247a31fb40b3ac0b152bd3554743d742a3892fe3,linux1804-64-shippable-qr,True,False,,,102210fe594ee9b33d82058545b1ed14f4c8206e,id-getter-5.html,perf_reftest_singletons,True,perf_reftest_singletons id-getter-5.html opt e10s fission stylo webrender,4767299,77,ms,firefox,,1725553639,2023-07-13 11:47:10,527.65,1bfb25414a090700f286cd06319e91cb9ac6e336,1272070,,,,,,,,,,,,,,,,,,,,,,,,,,,,,,,,,,,,,,,,,,,,,,,,,,,,,,,,,,,,,TN,TN
autoland,4767314,1,247a31fb40b3ac0b152bd3554743d742a3892fe3,linux1804-64-shippable-qr,True,False,,,102210fe594ee9b33d82058545b1ed14f4c8206e,id-getter-5.html,perf_reftest_singletons,True,perf_reftest_singletons id-getter-5.html opt e10s fission stylo webrender,4767299,77,ms,firefox,,1725682737,2023-07-13 14:50:19,533.88,411654dc3bffdf2358079fc20c662dc3c58a2363,1272192,,,,,,,,,,,,,,,,,,,,,,,,,,,,,,,,,,,,,,,,,,,,,,,,,,,,,,,,,,,,,TN,TN
autoland,4767314,1,247a31fb40b3ac0b152bd3554743d742a3892fe3,linux1804-64-shippable-qr,True,False,,,102210fe594ee9b33d82058545b1ed14f4c8206e,id-getter-5.html,perf_reftest_singletons,True,perf_reftest_singletons id-getter-5.html opt e10s fission stylo webrender,4767299,77,ms,firefox,,1725812793,2023-07-13 19:23:25,538.5899999999999,93efae7712c8170b189d6e2d626af9bc74ee9f33,1272383,,,,,,,,,,,,,,,,,,,,,,,,,,,,,,,,,,,,,,,,,,,,,,,,,,,,,,,,,,,,,TN,TN
autoland,4767314,1,247a31fb40b3ac0b152bd3554743d742a3892fe3,linux1804-64-shippable-qr,True,False,,,102210fe594ee9b33d82058545b1ed14f4c8206e,id-getter-5.html,perf_reftest_singletons,True,perf_reftest_singletons id-getter-5.html opt e10s fission stylo webrender,4767299,77,ms,firefox,,1725911222,2023-07-13 23:46:26,540.67,d7363bddf2b82c4f02c60bf1f3236c1853a1d788,1272530,,,,,,,,,,,,,,,,,,,,,,,,,,,,,,,,,,,,,,,,,,,,,,,,,,,,,,,,,,,,,TN,TN
autoland,4767314,1,247a31fb40b3ac0b152bd3554743d742a3892fe3,linux1804-64-shippable-qr,True,False,,,102210fe594ee9b33d82058545b1ed14f4c8206e,id-getter-5.html,perf_reftest_singletons,True,perf_reftest_singletons id-getter-5.html opt e10s fission stylo webrender,4767299,77,ms,firefox,,1725920910,2023-07-14 00:33:08,534.37,ce811b4b8e62538cba1620fbe1f66b6963a00103,1272546,,,,,,,,,,,,,,,,,,,,,,,,,,,,,,,,,,,,,,,,,,,,,,,,,,,,,,,,,,,,,TN,TN
autoland,4767314,1,247a31fb40b3ac0b152bd3554743d742a3892fe3,linux1804-64-shippable-qr,True,False,,,102210fe594ee9b33d82058545b1ed14f4c8206e,id-getter-5.html,perf_reftest_singletons,True,perf_reftest_singletons id-getter-5.html opt e10s fission stylo webrender,4767299,77,ms,firefox,,1727175824,2023-07-14 00:46:34,533.3,c22bc82a349a5a72d5142e046a50ed32d7aad1e5,1272552,,,,,,,,,,,,,,,,,,,,,,,,,,,,,,,,,,,,,,,,,,,,,,,,,,,,,,,,,,,,,TN,TN
autoland,4767314,1,247a31fb40b3ac0b152bd3554743d742a3892fe3,linux1804-64-shippable-qr,True,False,,,102210fe594ee9b33d82058545b1ed14f4c8206e,id-getter-5.html,perf_reftest_singletons,True,perf_reftest_singletons id-getter-5.html opt e10s fission stylo webrender,4767299,77,ms,firefox,,1727177392,2023-07-14 01:11:18,527.87,f618f6a4a70637b41d4a107142559ff792c89a2c,1272563,,,,,,,,,,,,,,,,,,,,,,,,,,,,,,,,,,,,,,,,,,,,,,,,,,,,,,,,,,,,,TN,TN
autoland,4767314,1,247a31fb40b3ac0b152bd3554743d742a3892fe3,linux1804-64-shippable-qr,True,False,,,102210fe594ee9b33d82058545b1ed14f4c8206e,id-getter-5.html,perf_reftest_singletons,True,perf_reftest_singletons id-getter-5.html opt e10s fission stylo webrender,4767299,77,ms,firefox,,1727194757,2023-07-14 01:17:15,543.8199999999999,148252770707c3fa81b571457399de56f41cac9e,1272564,,,,,,,,,,,,,,,,,,,,,,,,,,,,,,,,,,,,,,,,,,,,,,,,,,,,,,,,,,,,,TN,TN
autoland,4767314,1,247a31fb40b3ac0b152bd3554743d742a3892fe3,linux1804-64-shippable-qr,True,False,,,102210fe594ee9b33d82058545b1ed14f4c8206e,id-getter-5.html,perf_reftest_singletons,True,perf_reftest_singletons id-getter-5.html opt e10s fission stylo webrender,4767299,77,ms,firefox,,1727179118,2023-07-14 01:23:09,548.17,7a73b6202373416adf1c0196c9f9bddba15d74dd,1272568,,,,,,,,,,,,,,,,,,,,,,,,,,,,,,,,,,,,,,,,,,,,,,,,,,,,,,,,,,,,,TN,TN
autoland,4767314,1,247a31fb40b3ac0b152bd3554743d742a3892fe3,linux1804-64-shippable-qr,True,False,,,102210fe594ee9b33d82058545b1ed14f4c8206e,id-getter-5.html,perf_reftest_singletons,True,perf_reftest_singletons id-getter-5.html opt e10s fission stylo webrender,4767299,77,ms,firefox,,1727178724,2023-07-14 03:20:25,526.37,9e0fbfeb53e244640f8aa0ff6db7aa8327c4b4e7,1272586,,,,,,,,,,,,,,,,,,,,,,,,,,,,,,,,,,,,,,,,,,,,,,,,,,,,,,,,,,,,,TN,TN
autoland,4767314,1,247a31fb40b3ac0b152bd3554743d742a3892fe3,linux1804-64-shippable-qr,True,False,,,102210fe594ee9b33d82058545b1ed14f4c8206e,id-getter-5.html,perf_reftest_singletons,True,perf_reftest_singletons id-getter-5.html opt e10s fission stylo webrender,4767299,77,ms,firefox,,1727178479,2023-07-14 03:34:14,519.79,f24143c8fef9323da075be1bc4080114656fbd75,1272591,,,,,,,,,,,,,,,,,,,,,,,,,,,,,,,,,,,,,,,,,,,,,,,,,,,,,,,,,,,,,TN,TN
autoland,4767314,1,247a31fb40b3ac0b152bd3554743d742a3892fe3,linux1804-64-shippable-qr,True,False,,,102210fe594ee9b33d82058545b1ed14f4c8206e,id-getter-5.html,perf_reftest_singletons,True,perf_reftest_singletons id-getter-5.html opt e10s fission stylo webrender,4767299,77,ms,firefox,,1727179531,2023-07-14 03:37:24,535.95,51221b6d7ce2b112a9a3dc1470ff708cdeb5c883,1272592,,,,,,,,,,,,,,,,,,,,,,,,,,,,,,,,,,,,,,,,,,,,,,,,,,,,,,,,,,,,,TN,TN
autoland,4767314,1,247a31fb40b3ac0b152bd3554743d742a3892fe3,linux1804-64-shippable-qr,True,False,,,102210fe594ee9b33d82058545b1ed14f4c8206e,id-getter-5.html,perf_reftest_singletons,True,perf_reftest_singletons id-getter-5.html opt e10s fission stylo webrender,4767299,77,ms,firefox,,1727192390,2023-07-14 04:23:47,539.8499999999999,022cf2c9b3116cf4a417feeedf4dba8a6655d914,1272599,,,,,,,,,,,,,,,,,,,,,,,,,,,,,,,,,,,,,,,,,,,,,,,,,,,,,,,,,,,,,TN,TN
autoland,4767314,1,247a31fb40b3ac0b152bd3554743d742a3892fe3,linux1804-64-shippable-qr,True,False,,,102210fe594ee9b33d82058545b1ed14f4c8206e,id-getter-5.html,perf_reftest_singletons,True,perf_reftest_singletons id-getter-5.html opt e10s fission stylo webrender,4767299,77,ms,firefox,,1725986697,2023-07-14 05:34:55,532.23,196cda3a105202c8969a926a0637db0e0014c07d,1272621,,,,,,,,,,,,,,,,,,,,,,,,,,,,,,,,,,,,,,,,,,,,,,,,,,,,,,,,,,,,,TN,TN
autoland,4767314,1,247a31fb40b3ac0b152bd3554743d742a3892fe3,linux1804-64-shippable-qr,True,False,,,102210fe594ee9b33d82058545b1ed14f4c8206e,id-getter-5.html,perf_reftest_singletons,True,perf_reftest_singletons id-getter-5.html opt e10s fission stylo webrender,4767299,77,ms,firefox,,1727177888,2023-07-14 06:38:00,523.87,842622032a267a077068b2268337721c59b08925,1272635,,,,,,,,,,,,,,,,,,,,,,,,,,,,,,,,,,,,,,,,,,,,,,,,,,,,,,,,,,,,,TN,TN
autoland,4767314,1,247a31fb40b3ac0b152bd3554743d742a3892fe3,linux1804-64-shippable-qr,True,False,,,102210fe594ee9b33d82058545b1ed14f4c8206e,id-getter-5.html,perf_reftest_singletons,True,perf_reftest_singletons id-getter-5.html opt e10s fission stylo webrender,4767299,77,ms,firefox,,1727178226,2023-07-14 06:45:45,535.49,6c00250ffff46a34878604d3fa956f9e3379ba34,1272641,,,,,,,,,,,,,,,,,,,,,,,,,,,,,,,,,,,,,,,,,,,,,,,,,,,,,,,,,,,,,TN,TN
autoland,4767314,1,247a31fb40b3ac0b152bd3554743d742a3892fe3,linux1804-64-shippable-qr,True,False,,,102210fe594ee9b33d82058545b1ed14f4c8206e,id-getter-5.html,perf_reftest_singletons,True,perf_reftest_singletons id-getter-5.html opt e10s fission stylo webrender,4767299,77,ms,firefox,,1727176683,2023-07-14 06:54:20,522.02,68bc85e673030b498ffc2481d42f2643e86dbca4,1272643,,,,,,,,,,,,,,,,,,,,,,,,,,,,,,,,,,,,,,,,,,,,,,,,,,,,,,,,,,,,,TN,TN
autoland,4767314,1,247a31fb40b3ac0b152bd3554743d742a3892fe3,linux1804-64-shippable-qr,True,False,,,102210fe594ee9b33d82058545b1ed14f4c8206e,id-getter-5.html,perf_reftest_singletons,True,perf_reftest_singletons id-getter-5.html opt e10s fission stylo webrender,4767299,77,ms,firefox,,1727180579,2023-07-14 07:00:00,525.51,ddf0f10919759992543593aab79c2d809668b4c2,1272645,,,,,,,,,,,,,,,,,,,,,,,,,,,,,,,,,,,,,,,,,,,,,,,,,,,,,,,,,,,,,TN,TN
autoland,4767314,1,247a31fb40b3ac0b152bd3554743d742a3892fe3,linux1804-64-shippable-qr,True,False,,,102210fe594ee9b33d82058545b1ed14f4c8206e,id-getter-5.html,perf_reftest_singletons,True,perf_reftest_singletons id-getter-5.html opt e10s fission stylo webrender,4767299,77,ms,firefox,,1727217119,2023-07-14 07:11:29,526.99,22e827b2b2ce6545aa89a9f03b65edc605a2aca3,1272647,,,,,,,,,,,,,,,,,,,,,,,,,,,,,,,,,,,,,,,,,,,,,,,,,,,,,,,,,,,,,TN,TN
autoland,4767314,1,247a31fb40b3ac0b152bd3554743d742a3892fe3,linux1804-64-shippable-qr,True,False,,,102210fe594ee9b33d82058545b1ed14f4c8206e,id-getter-5.html,perf_reftest_singletons,True,perf_reftest_singletons id-getter-5.html opt e10s fission stylo webrender,4767299,77,ms,firefox,,1727194222,2023-07-14 07:39:04,531.0799999999999,62a52c4b011046affa456d5a2f9da76c72253692,1272653,,,,,,,,,,,,,,,,,,,,,,,,,,,,,,,,,,,,,,,,,,,,,,,,,,,,,,,,,,,,,TN,TN
autoland,4767314,1,247a31fb40b3ac0b152bd3554743d742a3892fe3,linux1804-64-shippable-qr,True,False,,,102210fe594ee9b33d82058545b1ed14f4c8206e,id-getter-5.html,perf_reftest_singletons,True,perf_reftest_singletons id-getter-5.html opt e10s fission stylo webrender,4767299,77,ms,firefox,,1727185601,2023-07-14 08:14:12,529.98,71c85aaa5ff76034827b4a582372aedce34f8f43,1272665,,,,,,,,,,,,,,,,,,,,,,,,,,,,,,,,,,,,,,,,,,,,,,,,,,,,,,,,,,,,,TN,TN
autoland,4767314,1,247a31fb40b3ac0b152bd3554743d742a3892fe3,linux1804-64-shippable-qr,True,False,,,102210fe594ee9b33d82058545b1ed14f4c8206e,id-getter-5.html,perf_reftest_singletons,True,perf_reftest_singletons id-getter-5.html opt e10s fission stylo webrender,4767299,77,ms,firefox,,1727178926,2023-07-14 08:30:59,534.2,65de67ceb4f8f8551175cf981eceeb13bdbcbb29,1272672,,,,,,,,,,,,,,,,,,,,,,,,,,,,,,,,,,,,,,,,,,,,,,,,,,,,,,,,,,,,,TN,TN
autoland,4767314,1,247a31fb40b3ac0b152bd3554743d742a3892fe3,linux1804-64-shippable-qr,True,False,,,102210fe594ee9b33d82058545b1ed14f4c8206e,id-getter-5.html,perf_reftest_singletons,True,perf_reftest_singletons id-getter-5.html opt e10s fission stylo webrender,4767299,77,ms,firefox,,1727181512,2023-07-14 08:37:32,564.54,e978ba270cf08576ca3f3155590465e102c31f2c,1272673,,,,,,,,,,,,,,,,,,,,,,,,,,,,,,,,,,,,,,,,,,,,,,,,,,,,,,,,,,,,,TN,TN
autoland,4767314,1,247a31fb40b3ac0b152bd3554743d742a3892fe3,linux1804-64-shippable-qr,True,False,,,102210fe594ee9b33d82058545b1ed14f4c8206e,id-getter-5.html,perf_reftest_singletons,True,perf_reftest_singletons id-getter-5.html opt e10s fission stylo webrender,4767299,77,ms,firefox,,1727477628,2023-07-14 08:37:32,520.53,e978ba270cf08576ca3f3155590465e102c31f2c,1272673,,,,,,,,,,,,,,,,,,,,,,,,,,,,,,,,,,,,,,,,,,,,,,,,,,,,,,,,,,,,,TN,TN
autoland,4767314,1,247a31fb40b3ac0b152bd3554743d742a3892fe3,linux1804-64-shippable-qr,True,False,,,102210fe594ee9b33d82058545b1ed14f4c8206e,id-getter-5.html,perf_reftest_singletons,True,perf_reftest_singletons id-getter-5.html opt e10s fission stylo webrender,4767299,77,ms,firefox,,1727477821,2023-07-14 08:37:32,518.9,e978ba270cf08576ca3f3155590465e102c31f2c,1272673,,,,,,,,,,,,,,,,,,,,,,,,,,,,,,,,,,,,,,,,,,,,,,,,,,,,,,,,,,,,,TN,TN
autoland,4767314,1,247a31fb40b3ac0b152bd3554743d742a3892fe3,linux1804-64-shippable-qr,True,False,,,102210fe594ee9b33d82058545b1ed14f4c8206e,id-getter-5.html,perf_reftest_singletons,True,perf_reftest_singletons id-getter-5.html opt e10s fission stylo webrender,4767299,77,ms,firefox,,1726123452,2023-07-14 08:41:57,562.74,2c2b2040f7a3a963eaf19ecd574a96682fb4e6c3,1272676,,,,,,,,,,,,,,,,,,,,,,,,,,,,,,,,,,,,,,,,,,,,,,,,,,,,,,,,,,,,,TN,TN
autoland,4767314,1,247a31fb40b3ac0b152bd3554743d742a3892fe3,linux1804-64-shippable-qr,True,False,,,102210fe594ee9b33d82058545b1ed14f4c8206e,id-getter-5.html,perf_reftest_singletons,True,perf_reftest_singletons id-getter-5.html opt e10s fission stylo webrender,4767299,77,ms,firefox,,1727477669,2023-07-14 08:41:57,531.26,2c2b2040f7a3a963eaf19ecd574a96682fb4e6c3,1272676,,,,,,,,,,,,,,,,,,,,,,,,,,,,,,,,,,,,,,,,,,,,,,,,,,,,,,,,,,,,,TN,TN
autoland,4767314,1,247a31fb40b3ac0b152bd3554743d742a3892fe3,linux1804-64-shippable-qr,True,False,,,102210fe594ee9b33d82058545b1ed14f4c8206e,id-getter-5.html,perf_reftest_singletons,True,perf_reftest_singletons id-getter-5.html opt e10s fission stylo webrender,4767299,77,ms,firefox,,1727477772,2023-07-14 08:41:57,528.1700000000001,2c2b2040f7a3a963eaf19ecd574a96682fb4e6c3,1272676,,,,,,,,,,,,,,,,,,,,,,,,,,,,,,,,,,,,,,,,,,,,,,,,,,,,,,,,,,,,,TN,TN
autoland,4767314,1,247a31fb40b3ac0b152bd3554743d742a3892fe3,linux1804-64-shippable-qr,True,False,,,102210fe594ee9b33d82058545b1ed14f4c8206e,id-getter-5.html,perf_reftest_singletons,True,perf_reftest_singletons id-getter-5.html opt e10s fission stylo webrender,4767299,77,ms,firefox,,1727181627,2023-07-14 09:00:17,524.3499999999999,a3382c455833c1c6621a4a5698d2c89d3766f2c2,1272677,,,,,,,,,,,,,,,,,,,,,,,,,,,,,,,,,,,,,,,,,,,,,,,,,,,,,,,,,,,,,TN,TN
autoland,4767314,1,247a31fb40b3ac0b152bd3554743d742a3892fe3,linux1804-64-shippable-qr,True,False,,,102210fe594ee9b33d82058545b1ed14f4c8206e,id-getter-5.html,perf_reftest_singletons,True,perf_reftest_singletons id-getter-5.html opt e10s fission stylo webrender,4767299,77,ms,firefox,,1727181052,2023-07-14 09:01:06,526.34,b97351c934b3ddcc5cf03ee467763df2cb766786,1272678,,,,,,,,,,,,,,,,,,,,,,,,,,,,,,,,,,,,,,,,,,,,,,,,,,,,,,,,,,,,,TN,TN
autoland,4767314,1,247a31fb40b3ac0b152bd3554743d742a3892fe3,linux1804-64-shippable-qr,True,False,,,102210fe594ee9b33d82058545b1ed14f4c8206e,id-getter-5.html,perf_reftest_singletons,True,perf_reftest_singletons id-getter-5.html opt e10s fission stylo webrender,4767299,77,ms,firefox,,1727178761,2023-07-14 09:31:10,544.47,997b62a4232ecf66d63e1e085549a49858ce08a1,1272686,,,,,,,,,,,,,,,,,,,,,,,,,,,,,,,,,,,,,,,,,,,,,,,,,,,,,,,,,,,,,TN,TN
autoland,4767314,1,247a31fb40b3ac0b152bd3554743d742a3892fe3,linux1804-64-shippable-qr,True,False,,,102210fe594ee9b33d82058545b1ed14f4c8206e,id-getter-5.html,perf_reftest_singletons,True,perf_reftest_singletons id-getter-5.html opt e10s fission stylo webrender,4767299,77,ms,firefox,,1727183054,2023-07-14 09:54:04,524.88,86c4224dbd46f4ffe99cb2b9720f19aaa7359816,1272688,,,,,,,,,,,,,,,,,,,,,,,,,,,,,,,,,,,,,,,,,,,,,,,,,,,,,,,,,,,,,TN,TN
autoland,4767314,1,247a31fb40b3ac0b152bd3554743d742a3892fe3,linux1804-64-shippable-qr,True,False,,,102210fe594ee9b33d82058545b1ed14f4c8206e,id-getter-5.html,perf_reftest_singletons,True,perf_reftest_singletons id-getter-5.html opt e10s fission stylo webrender,4767299,77,ms,firefox,,1727180402,2023-07-14 10:58:34,526.6500000000001,399f6ba3d5a5fc1f8b506fa39a2774b1961bdfc5,1272697,,,,,,,,,,,,,,,,,,,,,,,,,,,,,,,,,,,,,,,,,,,,,,,,,,,,,,,,,,,,,TN,TN
autoland,4767314,1,247a31fb40b3ac0b152bd3554743d742a3892fe3,linux1804-64-shippable-qr,True,False,,,102210fe594ee9b33d82058545b1ed14f4c8206e,id-getter-5.html,perf_reftest_singletons,True,perf_reftest_singletons id-getter-5.html opt e10s fission stylo webrender,4767299,77,ms,firefox,,1727179334,2023-07-14 11:00:56,524.74,6cceaca5e65378578d497c70b63cf0aabbdbe91d,1272698,,,,,,,,,,,,,,,,,,,,,,,,,,,,,,,,,,,,,,,,,,,,,,,,,,,,,,,,,,,,,TN,TN
autoland,4767314,1,247a31fb40b3ac0b152bd3554743d742a3892fe3,linux1804-64-shippable-qr,True,False,,,102210fe594ee9b33d82058545b1ed14f4c8206e,id-getter-5.html,perf_reftest_singletons,True,perf_reftest_singletons id-getter-5.html opt e10s fission stylo webrender,4767299,77,ms,firefox,,1727180413,2023-07-14 11:36:53,526.0899999999999,6e70628351a75499bdf837decb951d8596836a20,1272709,,,,,,,,,,,,,,,,,,,,,,,,,,,,,,,,,,,,,,,,,,,,,,,,,,,,,,,,,,,,,TN,TN
autoland,4767314,1,247a31fb40b3ac0b152bd3554743d742a3892fe3,linux1804-64-shippable-qr,True,False,,,102210fe594ee9b33d82058545b1ed14f4c8206e,id-getter-5.html,perf_reftest_singletons,True,perf_reftest_singletons id-getter-5.html opt e10s fission stylo webrender,4767299,77,ms,firefox,,1726175562,2023-07-14 12:49:37,525.52,f04d14e8c457c340e7bb0c8955b7a42e3ed32c84,1272721,,,,,,,,,,,,,,,,,,,,,,,,,,,,,,,,,,,,,,,,,,,,,,,,,,,,,,,,,,,,,TN,TN
autoland,4767314,1,247a31fb40b3ac0b152bd3554743d742a3892fe3,linux1804-64-shippable-qr,True,False,,,102210fe594ee9b33d82058545b1ed14f4c8206e,id-getter-5.html,perf_reftest_singletons,True,perf_reftest_singletons id-getter-5.html opt e10s fission stylo webrender,4767299,77,ms,firefox,,1727175219,2023-07-14 13:57:08,533.74,1b4f01ed349796fa5b5df3bb37f0e73fd9c21858,1272760,,,,,,,,,,,,,,,,,,,,,,,,,,,,,,,,,,,,,,,,,,,,,,,,,,,,,,,,,,,,,TN,TN
autoland,4767314,1,247a31fb40b3ac0b152bd3554743d742a3892fe3,linux1804-64-shippable-qr,True,False,,,102210fe594ee9b33d82058545b1ed14f4c8206e,id-getter-5.html,perf_reftest_singletons,True,perf_reftest_singletons id-getter-5.html opt e10s fission stylo webrender,4767299,77,ms,firefox,,1727175782,2023-07-14 13:57:56,518.56,fd22ef44166c6450d6d1daf11541de3625fa4ef1,1272761,,,,,,,,,,,,,,,,,,,,,,,,,,,,,,,,,,,,,,,,,,,,,,,,,,,,,,,,,,,,,TN,TN
autoland,4767314,1,247a31fb40b3ac0b152bd3554743d742a3892fe3,linux1804-64-shippable-qr,True,False,,,102210fe594ee9b33d82058545b1ed14f4c8206e,id-getter-5.html,perf_reftest_singletons,True,perf_reftest_singletons id-getter-5.html opt e10s fission stylo webrender,4767299,77,ms,firefox,,1727181008,2023-07-14 14:06:14,528.28,7af2b04879fca56da28646d4789eb82bb7a6b983,1272766,,,,,,,,,,,,,,,,,,,,,,,,,,,,,,,,,,,,,,,,,,,,,,,,,,,,,,,,,,,,,TN,TN
autoland,4767314,1,247a31fb40b3ac0b152bd3554743d742a3892fe3,linux1804-64-shippable-qr,True,False,,,102210fe594ee9b33d82058545b1ed14f4c8206e,id-getter-5.html,perf_reftest_singletons,True,perf_reftest_singletons id-getter-5.html opt e10s fission stylo webrender,4767299,77,ms,firefox,,1727180935,2023-07-14 14:36:12,521.91,e1c387461f1491b8b63445d4505d5617392ed527,1272773,,,,,,,,,,,,,,,,,,,,,,,,,,,,,,,,,,,,,,,,,,,,,,,,,,,,,,,,,,,,,TN,TN
autoland,4767314,1,247a31fb40b3ac0b152bd3554743d742a3892fe3,linux1804-64-shippable-qr,True,False,,,102210fe594ee9b33d82058545b1ed14f4c8206e,id-getter-5.html,perf_reftest_singletons,True,perf_reftest_singletons id-getter-5.html opt e10s fission stylo webrender,4767299,77,ms,firefox,,1727181269,2023-07-14 14:50:30,527.84,fa0b61933d0a1777839303bd86315c77a9e3095a,1272781,,,,,,,,,,,,,,,,,,,,,,,,,,,,,,,,,,,,,,,,,,,,,,,,,,,,,,,,,,,,,TN,TN
autoland,4767314,1,247a31fb40b3ac0b152bd3554743d742a3892fe3,linux1804-64-shippable-qr,True,False,,,102210fe594ee9b33d82058545b1ed14f4c8206e,id-getter-5.html,perf_reftest_singletons,True,perf_reftest_singletons id-getter-5.html opt e10s fission stylo webrender,4767299,77,ms,firefox,,1727181105,2023-07-14 15:08:26,526.3499999999999,8b2d117f2a501b3fb047654b41b3f563057b3478,1272785,,,,,,,,,,,,,,,,,,,,,,,,,,,,,,,,,,,,,,,,,,,,,,,,,,,,,,,,,,,,,TN,TN
autoland,4767314,1,247a31fb40b3ac0b152bd3554743d742a3892fe3,linux1804-64-shippable-qr,True,False,,,102210fe594ee9b33d82058545b1ed14f4c8206e,id-getter-5.html,perf_reftest_singletons,True,perf_reftest_singletons id-getter-5.html opt e10s fission stylo webrender,4767299,77,ms,firefox,,1727180476,2023-07-14 15:49:04,526.26,bd60ffa103f05c0f04d21fdc8e6561e16076b951,1272815,,,,,,,,,,,,,,,,,,,,,,,,,,,,,,,,,,,,,,,,,,,,,,,,,,,,,,,,,,,,,TN,TN
autoland,4767314,1,247a31fb40b3ac0b152bd3554743d742a3892fe3,linux1804-64-shippable-qr,True,False,,,102210fe594ee9b33d82058545b1ed14f4c8206e,id-getter-5.html,perf_reftest_singletons,True,perf_reftest_singletons id-getter-5.html opt e10s fission stylo webrender,4767299,77,ms,firefox,,1727181834,2023-07-14 15:56:36,538.5699999999999,db50582c2b9f032cf0d70e4846d84dc16c8d3904,1272821,,,,,,,,,,,,,,,,,,,,,,,,,,,,,,,,,,,,,,,,,,,,,,,,,,,,,,,,,,,,,TN,TN
autoland,4767314,1,247a31fb40b3ac0b152bd3554743d742a3892fe3,linux1804-64-shippable-qr,True,False,,,102210fe594ee9b33d82058545b1ed14f4c8206e,id-getter-5.html,perf_reftest_singletons,True,perf_reftest_singletons id-getter-5.html opt e10s fission stylo webrender,4767299,77,ms,firefox,,1727179268,2023-07-14 16:09:20,530.79,5a5f988799e8feb5b5b387fdb14557c4f44193a4,1272831,,,,,,,,,,,,,,,,,,,,,,,,,,,,,,,,,,,,,,,,,,,,,,,,,,,,,,,,,,,,,TN,TN
autoland,4767314,1,247a31fb40b3ac0b152bd3554743d742a3892fe3,linux1804-64-shippable-qr,True,False,,,102210fe594ee9b33d82058545b1ed14f4c8206e,id-getter-5.html,perf_reftest_singletons,True,perf_reftest_singletons id-getter-5.html opt e10s fission stylo webrender,4767299,77,ms,firefox,,1726320969,2023-07-14 16:10:08,539.05,379fa15b7cfddd1f92027d8c39b32706dc0f59a8,1272833,,,,,,,,,,,,,,,,,,,,,,,,,,,,,,,,,,,,,,,,,,,,,,,,,,,,,,,,,,,,,TN,TN
autoland,4767314,1,247a31fb40b3ac0b152bd3554743d742a3892fe3,linux1804-64-shippable-qr,True,False,,,102210fe594ee9b33d82058545b1ed14f4c8206e,id-getter-5.html,perf_reftest_singletons,True,perf_reftest_singletons id-getter-5.html opt e10s fission stylo webrender,4767299,77,ms,firefox,,1726467102,2023-07-14 21:22:48,522.48,f65db437bbbe4d54d073843c79519c0a373ada5c,1272987,,,,,,,,,,,,,,,,,,,,,,,,,,,,,,,,,,,,,,,,,,,,,,,,,,,,,,,,,,,,,TN,TN
autoland,4767314,1,247a31fb40b3ac0b152bd3554743d742a3892fe3,linux1804-64-shippable-qr,True,False,,,102210fe594ee9b33d82058545b1ed14f4c8206e,id-getter-5.html,perf_reftest_singletons,True,perf_reftest_singletons id-getter-5.html opt e10s fission stylo webrender,4767299,77,ms,firefox,,1726494955,2023-07-14 22:30:09,532.0899999999999,2fa0f2941257f51a55bcabee0f1913fe395266b0,1273018,,,,,,,,,,,,,,,,,,,,,,,,,,,,,,,,,,,,,,,,,,,,,,,,,,,,,,,,,,,,,TN,TN
autoland,4767314,1,247a31fb40b3ac0b152bd3554743d742a3892fe3,linux1804-64-shippable-qr,True,False,,,102210fe594ee9b33d82058545b1ed14f4c8206e,id-getter-5.html,perf_reftest_singletons,True,perf_reftest_singletons id-getter-5.html opt e10s fission stylo webrender,4767299,77,ms,firefox,,1726521734,2023-07-15 02:41:28,520.19,1e09c6aabfcd1088a923373e95d74f457e863755,1273070,,,,,,,,,,,,,,,,,,,,,,,,,,,,,,,,,,,,,,,,,,,,,,,,,,,,,,,,,,,,,TN,TN
autoland,4767314,1,247a31fb40b3ac0b152bd3554743d742a3892fe3,linux1804-64-shippable-qr,True,False,,,102210fe594ee9b33d82058545b1ed14f4c8206e,id-getter-5.html,perf_reftest_singletons,True,perf_reftest_singletons id-getter-5.html opt e10s fission stylo webrender,4767299,77,ms,firefox,,1726587061,2023-07-15 12:36:57,521.6,3a71e5ba50017ceb558d246e6ea58f8d5a57a3af,1273110,,,,,,,,,,,,,,,,,,,,,,,,,,,,,,,,,,,,,,,,,,,,,,,,,,,,,,,,,,,,,TN,TN
autoland,4767314,1,247a31fb40b3ac0b152bd3554743d742a3892fe3,linux1804-64-shippable-qr,True,False,,,102210fe594ee9b33d82058545b1ed14f4c8206e,id-getter-5.html,perf_reftest_singletons,True,perf_reftest_singletons id-getter-5.html opt e10s fission stylo webrender,4767299,77,ms,firefox,,1726627092,2023-07-15 18:59:02,529.66,23e9067195200f00248b6c027bfae113965bf3ea,1273125,,,,,,,,,,,,,,,,,,,,,,,,,,,,,,,,,,,,,,,,,,,,,,,,,,,,,,,,,,,,,TN,TN
autoland,4767314,1,247a31fb40b3ac0b152bd3554743d742a3892fe3,linux1804-64-shippable-qr,True,False,,,102210fe594ee9b33d82058545b1ed14f4c8206e,id-getter-5.html,perf_reftest_singletons,True,perf_reftest_singletons id-getter-5.html opt e10s fission stylo webrender,4767299,77,ms,firefox,,1726680062,2023-07-16 02:22:04,530.25,29be5ceedcdd2e835a383389153d9264d9b81217,1273151,,,,,,,,,,,,,,,,,,,,,,,,,,,,,,,,,,,,,,,,,,,,,,,,,,,,,,,,,,,,,TN,TN
autoland,4767314,1,247a31fb40b3ac0b152bd3554743d742a3892fe3,linux1804-64-shippable-qr,True,False,,,102210fe594ee9b33d82058545b1ed14f4c8206e,id-getter-5.html,perf_reftest_singletons,True,perf_reftest_singletons id-getter-5.html opt e10s fission stylo webrender,4767299,77,ms,firefox,,1726770656,2023-07-16 17:40:24,536.98,2d64faa1590722f6ec14781ee5e175a2c875171c,1273186,,,,,,,,,,,,,,,,,,,,,,,,,,,,,,,,,,,,,,,,,,,,,,,,,,,,,,,,,,,,,TN,TN
autoland,4767314,1,247a31fb40b3ac0b152bd3554743d742a3892fe3,linux1804-64-shippable-qr,True,False,,,102210fe594ee9b33d82058545b1ed14f4c8206e,id-getter-5.html,perf_reftest_singletons,True,perf_reftest_singletons id-getter-5.html opt e10s fission stylo webrender,4767299,77,ms,firefox,,1726893698,2023-07-17 10:08:58,524.8100000000001,ef60c7cdcb76172f1caf579529cf9fb756de4dbd,1273362,,,,,,,,,,,,,,,,,,,,,,,,,,,,,,,,,,,,,,,,,,,,,,,,,,,,,,,,,,,,,TN,TN
autoland,4767314,1,247a31fb40b3ac0b152bd3554743d742a3892fe3,linux1804-64-shippable-qr,True,False,,,102210fe594ee9b33d82058545b1ed14f4c8206e,id-getter-5.html,perf_reftest_singletons,True,perf_reftest_singletons id-getter-5.html opt e10s fission stylo webrender,4767299,77,ms,firefox,,1726959435,2023-07-17 14:30:30,532.94,e90e64d1c5a944feafdb48fe3527c9aeeac00ec9,1273474,,,,,,,,,,,,,,,,,,,,,,,,,,,,,,,,,,,,,,,,,,,,,,,,,,,,,,,,,,,,,TN,TN
autoland,4767314,1,247a31fb40b3ac0b152bd3554743d742a3892fe3,linux1804-64-shippable-qr,True,False,,,102210fe594ee9b33d82058545b1ed14f4c8206e,id-getter-5.html,perf_reftest_singletons,True,perf_reftest_singletons id-getter-5.html opt e10s fission stylo webrender,4767299,77,ms,firefox,,1727035754,2023-07-17 16:07:24,522.43,01dc0385e5b93df37aef43d60cd1105523eae328,1273529,,,,,,,,,,,,,,,,,,,,,,,,,,,,,,,,,,,,,,,,,,,,,,,,,,,,,,,,,,,,,TN,TN
autoland,4767314,1,247a31fb40b3ac0b152bd3554743d742a3892fe3,linux1804-64-shippable-qr,True,False,,,102210fe594ee9b33d82058545b1ed14f4c8206e,id-getter-5.html,perf_reftest_singletons,True,perf_reftest_singletons id-getter-5.html opt e10s fission stylo webrender,4767299,77,ms,firefox,,1727135872,2023-07-17 20:04:09,523.04,f2c1249026167b30c81eff3368093a442a915826,1273673,,,,,,,,,,,,,,,,,,,,,,,,,,,,,,,,,,,,,,,,,,,,,,,,,,,,,,,,,,,,,TN,TN
autoland,4767314,1,247a31fb40b3ac0b152bd3554743d742a3892fe3,linux1804-64-shippable-qr,True,False,,,102210fe594ee9b33d82058545b1ed14f4c8206e,id-getter-5.html,perf_reftest_singletons,True,perf_reftest_singletons id-getter-5.html opt e10s fission stylo webrender,4767299,77,ms,firefox,,1727208053,2023-07-17 23:40:15,535.51,bbea40f618ed9435d7c989dcb18dc1ba34d55d4c,1273797,,,,,,,,,,,,,,,,,,,,,,,,,,,,,,,,,,,,,,,,,,,,,,,,,,,,,,,,,,,,,TN,TN
autoland,4767314,1,247a31fb40b3ac0b152bd3554743d742a3892fe3,linux1804-64-shippable-qr,True,False,,,102210fe594ee9b33d82058545b1ed14f4c8206e,id-getter-5.html,perf_reftest_singletons,True,perf_reftest_singletons id-getter-5.html opt e10s fission stylo webrender,4767299,77,ms,firefox,,1727293614,2023-07-18 04:33:35,531.55,35e42e5979dac0b99828194869d5dc00365b37fb,1273869,,,,,,,,,,,,,,,,,,,,,,,,,,,,,,,,,,,,,,,,,,,,,,,,,,,,,,,,,,,,,TN,TN
autoland,4767314,1,247a31fb40b3ac0b152bd3554743d742a3892fe3,linux1804-64-shippable-qr,True,False,,,102210fe594ee9b33d82058545b1ed14f4c8206e,id-getter-5.html,perf_reftest_singletons,True,perf_reftest_singletons id-getter-5.html opt e10s fission stylo webrender,4767299,77,ms,firefox,,1727436045,2023-07-18 08:33:44,534.9300000000001,ff623ceacdca87e37ceaa8e2d7f2072d5a7ae7fb,1273935,,,,,,,,,,,,,,,,,,,,,,,,,,,,,,,,,,,,,,,,,,,,,,,,,,,,,,,,,,,,,TN,TN
autoland,4767314,1,247a31fb40b3ac0b152bd3554743d742a3892fe3,linux1804-64-shippable-qr,True,False,,,102210fe594ee9b33d82058545b1ed14f4c8206e,id-getter-5.html,perf_reftest_singletons,True,perf_reftest_singletons id-getter-5.html opt e10s fission stylo webrender,4767299,77,ms,firefox,,1727454604,2023-07-18 08:34:31,534.27,ed8bcaa0195e582a53b92eeac99b65a9c1f06da2,1273936,,,,,,,,,,,,,,,,,,,,,,,,,,,,,,,,,,,,,,,,,,,,,,,,,,,,,,,,,,,,,TN,TN
autoland,4767314,1,247a31fb40b3ac0b152bd3554743d742a3892fe3,linux1804-64-shippable-qr,True,False,,,102210fe594ee9b33d82058545b1ed14f4c8206e,id-getter-5.html,perf_reftest_singletons,True,perf_reftest_singletons id-getter-5.html opt e10s fission stylo webrender,4767299,77,ms,firefox,,1727526841,2023-07-18 13:03:29,535.8399999999999,bcffaa369c722f4ebfa7cb8af6a3fc605e2efa10,1274068,,,,,,,,,,,,,,,,,,,,,,,,,,,,,,,,,,,,,,,,,,,,,,,,,,,,,,,,,,,,,TN,TN
autoland,4767314,1,247a31fb40b3ac0b152bd3554743d742a3892fe3,linux1804-64-shippable-qr,True,False,,,102210fe594ee9b33d82058545b1ed14f4c8206e,id-getter-5.html,perf_reftest_singletons,True,perf_reftest_singletons id-getter-5.html opt e10s fission stylo webrender,4767299,77,ms,firefox,,1727553297,2023-07-18 13:45:23,533.01,0de8fdd9abfcc9f9019857d255157b5eb799f98b,1274096,,,,,,,,,,,,,,,,,,,,,,,,,,,,,,,,,,,,,,,,,,,,,,,,,,,,,,,,,,,,,TN,TN
autoland,4767314,1,247a31fb40b3ac0b152bd3554743d742a3892fe3,linux1804-64-shippable-qr,True,False,,,102210fe594ee9b33d82058545b1ed14f4c8206e,id-getter-5.html,perf_reftest_singletons,True,perf_reftest_singletons id-getter-5.html opt e10s fission stylo webrender,4767299,77,ms,firefox,,1727664044,2023-07-18 17:24:29,526.8,9330f8cb5765b67a89ac1427300f344a63d42cdc,1274230,,,,,,,,,,,,,,,,,,,,,,,,,,,,,,,,,,,,,,,,,,,,,,,,,,,,,,,,,,,,,TN,TN
autoland,4767314,1,247a31fb40b3ac0b152bd3554743d742a3892fe3,linux1804-64-shippable-qr,True,False,,,102210fe594ee9b33d82058545b1ed14f4c8206e,id-getter-5.html,perf_reftest_singletons,True,perf_reftest_singletons id-getter-5.html opt e10s fission stylo webrender,4767299,77,ms,firefox,,1727810910,2023-07-18 22:22:09,533.35,b39dcefbe15f24fbf00da64782588b71ef8277a6,1274408,,,,,,,,,,,,,,,,,,,,,,,,,,,,,,,,,,,,,,,,,,,,,,,,,,,,,,,,,,,,,TN,TN
autoland,4767314,1,247a31fb40b3ac0b152bd3554743d742a3892fe3,linux1804-64-shippable-qr,True,False,,,102210fe594ee9b33d82058545b1ed14f4c8206e,id-getter-5.html,perf_reftest_singletons,True,perf_reftest_singletons id-getter-5.html opt e10s fission stylo webrender,4767299,77,ms,firefox,,1727855019,2023-07-18 23:34:55,526.51,a8acb9b8880c2f1c2cf5891e5a20997a21d9d909,1274454,,,,,,,,,,,,,,,,,,,,,,,,,,,,,,,,,,,,,,,,,,,,,,,,,,,,,,,,,,,,,TN,TN
autoland,4767314,1,247a31fb40b3ac0b152bd3554743d742a3892fe3,linux1804-64-shippable-qr,True,False,,,102210fe594ee9b33d82058545b1ed14f4c8206e,id-getter-5.html,perf_reftest_singletons,True,perf_reftest_singletons id-getter-5.html opt e10s fission stylo webrender,4767299,77,ms,firefox,,1727948123,2023-07-19 05:12:28,537.09,49a85b3b07e07c1158f9cb0c1f58b67fc2d659f7,1274587,,,,,,,,,,,,,,,,,,,,,,,,,,,,,,,,,,,,,,,,,,,,,,,,,,,,,,,,,,,,,TN,TN
autoland,4767314,1,247a31fb40b3ac0b152bd3554743d742a3892fe3,linux1804-64-shippable-qr,True,False,,,102210fe594ee9b33d82058545b1ed14f4c8206e,id-getter-5.html,perf_reftest_singletons,True,perf_reftest_singletons id-getter-5.html opt e10s fission stylo webrender,4767299,77,ms,firefox,,1728004626,2023-07-19 08:12:16,533.0899999999999,140d21dede36ec0333dbfd36cf0d1320eee6cba4,1274646,,,,,,,,,,,,,,,,,,,,,,,,,,,,,,,,,,,,,,,,,,,,,,,,,,,,,,,,,,,,,TN,TN
autoland,4767314,1,247a31fb40b3ac0b152bd3554743d742a3892fe3,linux1804-64-shippable-qr,True,False,,,102210fe594ee9b33d82058545b1ed14f4c8206e,id-getter-5.html,perf_reftest_singletons,True,perf_reftest_singletons id-getter-5.html opt e10s fission stylo webrender,4767299,77,ms,firefox,,1728247608,2023-07-19 12:13:12,538.61,b8d9ace4647851e162743362d884084c81a969ab,1274744,,,,,,,,,,,,,,,,,,,,,,,,,,,,,,,,,,,,,,,,,,,,,,,,,,,,,,,,,,,,,TN,TN
autoland,4767314,1,247a31fb40b3ac0b152bd3554743d742a3892fe3,linux1804-64-shippable-qr,True,False,,,102210fe594ee9b33d82058545b1ed14f4c8206e,id-getter-5.html,perf_reftest_singletons,True,perf_reftest_singletons id-getter-5.html opt e10s fission stylo webrender,4767299,77,ms,firefox,,1728339736,2023-07-19 14:37:00,528.79,c1d9936545b5ba143392d27280eb1d56af5ac580,1274851,,,,,,,,,,,,,,,,,,,,,,,,,,,,,,,,,,,,,,,,,,,,,,,,,,,,,,,,,,,,,TN,TN
autoland,4767314,1,247a31fb40b3ac0b152bd3554743d742a3892fe3,linux1804-64-shippable-qr,True,False,,,102210fe594ee9b33d82058545b1ed14f4c8206e,id-getter-5.html,perf_reftest_singletons,True,perf_reftest_singletons id-getter-5.html opt e10s fission stylo webrender,4767299,77,ms,firefox,,1728619499,2023-07-19 18:46:51,529.8199999999999,a4cb1e2b9e3d0583fb35c77b1b5a61823240d23a,1275034,,,,,,,,,,,,,,,,,,,,,,,,,,,,,,,,,,,,,,,,,,,,,,,,,,,,,,,,,,,,,TN,TN
autoland,4767314,1,247a31fb40b3ac0b152bd3554743d742a3892fe3,linux1804-64-shippable-qr,True,False,,,102210fe594ee9b33d82058545b1ed14f4c8206e,id-getter-5.html,perf_reftest_singletons,True,perf_reftest_singletons id-getter-5.html opt e10s fission stylo webrender,4767299,77,ms,firefox,,1728659925,2023-07-19 22:17:04,532.26,7d1e4a896dd81d294b7bccc7c20345d7c0432b47,1275176,,,,,,,,,,,,,,,,,,,,,,,,,,,,,,,,,,,,,,,,,,,,,,,,,,,,,,,,,,,,,TN,TN
autoland,4767314,1,247a31fb40b3ac0b152bd3554743d742a3892fe3,linux1804-64-shippable-qr,True,False,,,102210fe594ee9b33d82058545b1ed14f4c8206e,id-getter-5.html,perf_reftest_singletons,True,perf_reftest_singletons id-getter-5.html opt e10s fission stylo webrender,4767299,77,ms,firefox,,1728727553,2023-07-20 03:34:20,533.1,e73cc92e62dbaf2e2cdb70a1d9890da611a2b772,1275291,,,,,,,,,,,,,,,,,,,,,,,,,,,,,,,,,,,,,,,,,,,,,,,,,,,,,,,,,,,,,TN,TN
autoland,4767314,1,247a31fb40b3ac0b152bd3554743d742a3892fe3,linux1804-64-shippable-qr,True,False,,,102210fe594ee9b33d82058545b1ed14f4c8206e,id-getter-5.html,perf_reftest_singletons,True,perf_reftest_singletons id-getter-5.html opt e10s fission stylo webrender,4767299,77,ms,firefox,,1728934780,2023-07-20 07:42:09,537.22,9a6d93f12d75deb2d5f6662ca35347a774d7cd6f,1275344,,,,,,,,,,,,,,,,,,,,,,,,,,,,,,,,,,,,,,,,,,,,,,,,,,,,,,,,,,,,,TN,TN
autoland,4767314,1,247a31fb40b3ac0b152bd3554743d742a3892fe3,linux1804-64-shippable-qr,True,False,,,102210fe594ee9b33d82058545b1ed14f4c8206e,id-getter-5.html,perf_reftest_singletons,True,perf_reftest_singletons id-getter-5.html opt e10s fission stylo webrender,4767299,77,ms,firefox,,1729018457,2023-07-20 12:22:04,534.24,0278b86272728b17ade153f25ef5ec4442158066,1275437,,,,,,,,,,,,,,,,,,,,,,,,,,,,,,,,,,,,,,,,,,,,,,,,,,,,,,,,,,,,,TN,TN
autoland,4767314,1,247a31fb40b3ac0b152bd3554743d742a3892fe3,linux1804-64-shippable-qr,True,False,,,102210fe594ee9b33d82058545b1ed14f4c8206e,id-getter-5.html,perf_reftest_singletons,True,perf_reftest_singletons id-getter-5.html opt e10s fission stylo webrender,4767299,77,ms,firefox,,1729096111,2023-07-20 15:24:57,532.9300000000001,0bc898fe076442e9a552e9918f1b50ece1c87859,1275543,,,,,,,,,,,,,,,,,,,,,,,,,,,,,,,,,,,,,,,,,,,,,,,,,,,,,,,,,,,,,TN,TN
autoland,4767314,1,247a31fb40b3ac0b152bd3554743d742a3892fe3,linux1804-64-shippable-qr,True,False,,,102210fe594ee9b33d82058545b1ed14f4c8206e,id-getter-5.html,perf_reftest_singletons,True,perf_reftest_singletons id-getter-5.html opt e10s fission stylo webrender,4767299,77,ms,firefox,,1729279688,2023-07-20 19:57:27,522.29,1474bffb9d2bc609c90f59cdbd875d90f152f78b,1275751,,,,,,,,,,,,,,,,,,,,,,,,,,,,,,,,,,,,,,,,,,,,,,,,,,,,,,,,,,,,,TN,TN
autoland,4767314,1,247a31fb40b3ac0b152bd3554743d742a3892fe3,linux1804-64-shippable-qr,True,False,,,102210fe594ee9b33d82058545b1ed14f4c8206e,id-getter-5.html,perf_reftest_singletons,True,perf_reftest_singletons id-getter-5.html opt e10s fission stylo webrender,4767299,77,ms,firefox,,1729405505,2023-07-20 23:58:39,534.97,a81b4cfa355314c5644c5a1924408dd57a6451ba,1275867,,,,,,,,,,,,,,,,,,,,,,,,,,,,,,,,,,,,,,,,,,,,,,,,,,,,,,,,,,,,,TN,TN
autoland,4767314,1,247a31fb40b3ac0b152bd3554743d742a3892fe3,linux1804-64-shippable-qr,True,False,,,102210fe594ee9b33d82058545b1ed14f4c8206e,id-getter-5.html,perf_reftest_singletons,True,perf_reftest_singletons id-getter-5.html opt e10s fission stylo webrender,4767299,77,ms,firefox,,1729423290,2023-07-21 02:12:29,522.3100000000001,561b7f418a4da2b68cf411804f9a6dcc542bf5d4,1275913,,,,,,,,,,,,,,,,,,,,,,,,,,,,,,,,,,,,,,,,,,,,,,,,,,,,,,,,,,,,,TN,TN
autoland,4767314,1,247a31fb40b3ac0b152bd3554743d742a3892fe3,linux1804-64-shippable-qr,True,False,,,102210fe594ee9b33d82058545b1ed14f4c8206e,id-getter-5.html,perf_reftest_singletons,True,perf_reftest_singletons id-getter-5.html opt e10s fission stylo webrender,4767299,77,ms,firefox,,1729601742,2023-07-21 09:50:03,526.3299999999999,a2fe9197bad582dee22ed11cd3cec32073abcbb1,1276015,,,,,,,,,,,,,,,,,,,,,,,,,,,,,,,,,,,,,,,,,,,,,,,,,,,,,,,,,,,,,TN,TN
autoland,4767314,1,247a31fb40b3ac0b152bd3554743d742a3892fe3,linux1804-64-shippable-qr,True,False,,,102210fe594ee9b33d82058545b1ed14f4c8206e,id-getter-5.html,perf_reftest_singletons,True,perf_reftest_singletons id-getter-5.html opt e10s fission stylo webrender,4767299,77,ms,firefox,,1729670474,2023-07-21 13:55:08,525.34,9df47ce85e0472ca3ad7784cdf4c5640950ed7d9,1276152,,,,,,,,,,,,,,,,,,,,,,,,,,,,,,,,,,,,,,,,,,,,,,,,,,,,,,,,,,,,,TN,TN
autoland,4767314,1,247a31fb40b3ac0b152bd3554743d742a3892fe3,linux1804-64-shippable-qr,True,False,,,102210fe594ee9b33d82058545b1ed14f4c8206e,id-getter-5.html,perf_reftest_singletons,True,perf_reftest_singletons id-getter-5.html opt e10s fission stylo webrender,4767299,77,ms,firefox,,1729750946,2023-07-21 17:11:12,527.03,e289c1fd943bfc8c2973687da74a008f86d9e60f,1276290,,,,,,,,,,,,,,,,,,,,,,,,,,,,,,,,,,,,,,,,,,,,,,,,,,,,,,,,,,,,,TN,TN
autoland,4767314,1,247a31fb40b3ac0b152bd3554743d742a3892fe3,linux1804-64-shippable-qr,True,False,,,102210fe594ee9b33d82058545b1ed14f4c8206e,id-getter-5.html,perf_reftest_singletons,True,perf_reftest_singletons id-getter-5.html opt e10s fission stylo webrender,4767299,77,ms,firefox,,1729869408,2023-07-21 21:17:12,541.9,f13e959d38c7e8d9590bbc8d44f95149bbe180d1,1276495,,,,,,,,,,,,,,,,,,,,,,,,,,,,,,,,,,,,,,,,,,,,,,,,,,,,,,,,,,,,,TN,TN
autoland,4767314,1,247a31fb40b3ac0b152bd3554743d742a3892fe3,linux1804-64-shippable-qr,True,False,,,102210fe594ee9b33d82058545b1ed14f4c8206e,id-getter-5.html,perf_reftest_singletons,True,perf_reftest_singletons id-getter-5.html opt e10s fission stylo webrender,4767299,77,ms,firefox,,1729887138,2023-07-21 22:20:56,523.06,50344759578b6b2e1851c6a6133121c4d89b4f0d,1276531,,,,,,,,,,,,,,,,,,,,,,,,,,,,,,,,,,,,,,,,,,,,,,,,,,,,,,,,,,,,,TN,TN
autoland,4767314,1,247a31fb40b3ac0b152bd3554743d742a3892fe3,linux1804-64-shippable-qr,True,False,,,102210fe594ee9b33d82058545b1ed14f4c8206e,id-getter-5.html,perf_reftest_singletons,True,perf_reftest_singletons id-getter-5.html opt e10s fission stylo webrender,4767299,77,ms,firefox,,1729944359,2023-07-22 03:42:46,531.89,e4939251f81ca8c6a2fb9db3bbd4416e04dff97d,1276588,,,,,,,,,,,,,,,,,,,,,,,,,,,,,,,,,,,,,,,,,,,,,,,,,,,,,,,,,,,,,TN,TN
autoland,4767314,1,247a31fb40b3ac0b152bd3554743d742a3892fe3,linux1804-64-shippable-qr,True,False,,,102210fe594ee9b33d82058545b1ed14f4c8206e,id-getter-5.html,perf_reftest_singletons,True,perf_reftest_singletons id-getter-5.html opt e10s fission stylo webrender,4767299,77,ms,firefox,,1730009940,2023-07-22 08:58:42,523.5,c95ec2e13d66e06547002bd008e87bea4f94c022,1276620,,,,,,,,,,,,,,,,,,,,,,,,,,,,,,,,,,,,,,,,,,,,,,,,,,,,,,,,,,,,,TN,TN
autoland,4767314,1,247a31fb40b3ac0b152bd3554743d742a3892fe3,linux1804-64-shippable-qr,True,False,,,102210fe594ee9b33d82058545b1ed14f4c8206e,id-getter-5.html,perf_reftest_singletons,True,perf_reftest_singletons id-getter-5.html opt e10s fission stylo webrender,4767299,77,ms,firefox,,1730100123,2023-07-22 14:13:52,539.51,b16351df250c572a14efa126f7702fe104ac9fd7,1276645,,,,,,,,,,,,,,,,,,,,,,,,,,,,,,,,,,,,,,,,,,,,,,,,,,,,,,,,,,,,,TN,TN
autoland,4767314,1,247a31fb40b3ac0b152bd3554743d742a3892fe3,linux1804-64-shippable-qr,True,False,,,102210fe594ee9b33d82058545b1ed14f4c8206e,id-getter-5.html,perf_reftest_singletons,True,perf_reftest_singletons id-getter-5.html opt e10s fission stylo webrender,4767299,77,ms,firefox,,1730207263,2023-07-23 02:59:53,524.15,829bb0f62051beedfe5ba05f679d3b6c8e0d1a3b,1276677,,,,,,,,,,,,,,,,,,,,,,,,,,,,,,,,,,,,,,,,,,,,,,,,,,,,,,,,,,,,,TN,TN
autoland,4767314,1,247a31fb40b3ac0b152bd3554743d742a3892fe3,linux1804-64-shippable-qr,True,False,,,102210fe594ee9b33d82058545b1ed14f4c8206e,id-getter-5.html,perf_reftest_singletons,True,perf_reftest_singletons id-getter-5.html opt e10s fission stylo webrender,4767299,77,ms,firefox,,1730272408,2023-07-23 12:16:45,522.2,bd6c5007212e7ee9ecc312d4ef096252a9702033,1276689,,,,,,,,,,,,,,,,,,,,,,,,,,,,,,,,,,,,,,,,,,,,,,,,,,,,,,,,,,,,,TN,TN
autoland,4767314,1,247a31fb40b3ac0b152bd3554743d742a3892fe3,linux1804-64-shippable-qr,True,False,,,102210fe594ee9b33d82058545b1ed14f4c8206e,id-getter-5.html,perf_reftest_singletons,True,perf_reftest_singletons id-getter-5.html opt e10s fission stylo webrender,4767299,77,ms,firefox,,1730328625,2023-07-23 17:37:04,529.95,2fd3284df4616a8723f5b749c4652a682c7b5372,1276726,,,,,,,,,,,,,,,,,,,,,,,,,,,,,,,,,,,,,,,,,,,,,,,,,,,,,,,,,,,,,TN,TN
autoland,4767314,1,247a31fb40b3ac0b152bd3554743d742a3892fe3,linux1804-64-shippable-qr,True,False,,,102210fe594ee9b33d82058545b1ed14f4c8206e,id-getter-5.html,perf_reftest_singletons,True,perf_reftest_singletons id-getter-5.html opt e10s fission stylo webrender,4767299,77,ms,firefox,,1730404971,2023-07-24 00:19:00,529.14,7e5acc812edd3bcb93cfaf76eaab2c3fd6c4d274,1276767,,,,,,,,,,,,,,,,,,,,,,,,,,,,,,,,,,,,,,,,,,,,,,,,,,,,,,,,,,,,,TN,TN
autoland,4767314,1,247a31fb40b3ac0b152bd3554743d742a3892fe3,linux1804-64-shippable-qr,True,False,,,102210fe594ee9b33d82058545b1ed14f4c8206e,id-getter-5.html,perf_reftest_singletons,True,perf_reftest_singletons id-getter-5.html opt e10s fission stylo webrender,4767299,77,ms,firefox,,1730430170,2023-07-24 03:08:06,539.61,7b6332c9bce4487c1db3384523b5991fef31e28c,1276802,,,,,,,,,,,,,,,,,,,,,,,,,,,,,,,,,,,,,,,,,,,,,,,,,,,,,,,,,,,,,TN,TN
autoland,4767314,1,247a31fb40b3ac0b152bd3554743d742a3892fe3,linux1804-64-shippable-qr,True,False,,,102210fe594ee9b33d82058545b1ed14f4c8206e,id-getter-5.html,perf_reftest_singletons,True,perf_reftest_singletons id-getter-5.html opt e10s fission stylo webrender,4767299,77,ms,firefox,,1730477502,2023-07-24 07:35:58,522.6,91b590f6e608c6c3787304fa0010ce58519bde50,1276834,,,,,,,,,,,,,,,,,,,,,,,,,,,,,,,,,,,,,,,,,,,,,,,,,,,,,,,,,,,,,TN,TN
autoland,4767314,1,247a31fb40b3ac0b152bd3554743d742a3892fe3,linux1804-64-shippable-qr,True,False,,,102210fe594ee9b33d82058545b1ed14f4c8206e,id-getter-5.html,perf_reftest_singletons,True,perf_reftest_singletons id-getter-5.html opt e10s fission stylo webrender,4767299,77,ms,firefox,,1730713907,2023-07-24 11:14:54,523.77,b1a1263e67ce531d13e0a5e2e77c737b114e38b0,1276910,,,,,,,,,,,,,,,,,,,,,,,,,,,,,,,,,,,,,,,,,,,,,,,,,,,,,,,,,,,,,TN,TN
autoland,4767314,1,247a31fb40b3ac0b152bd3554743d742a3892fe3,linux1804-64-shippable-qr,True,False,,,102210fe594ee9b33d82058545b1ed14f4c8206e,id-getter-5.html,perf_reftest_singletons,True,perf_reftest_singletons id-getter-5.html opt e10s fission stylo webrender,4767299,77,ms,firefox,,1730806194,2023-07-24 16:02:50,530.74,2483fdffbe5e3c051a32bcf141fb33e9803c0afc,1277068,,,,,,,,,,,,,,,,,,,,,,,,,,,,,,,,,,,,,,,,,,,,,,,,,,,,,,,,,,,,,TN,TN
autoland,4767314,1,247a31fb40b3ac0b152bd3554743d742a3892fe3,linux1804-64-shippable-qr,True,False,,,102210fe594ee9b33d82058545b1ed14f4c8206e,id-getter-5.html,perf_reftest_singletons,True,perf_reftest_singletons id-getter-5.html opt e10s fission stylo webrender,4767299,77,ms,firefox,,1730863272,2023-07-24 19:16:11,543.08,f9c12557d7a4e074be3fc45027ae8ffbb8f27aaf,1277230,,,,,,,,,,,,,,,,,,,,,,,,,,,,,,,,,,,,,,,,,,,,,,,,,,,,,,,,,,,,,TN,TN
autoland,4767314,1,247a31fb40b3ac0b152bd3554743d742a3892fe3,linux1804-64-shippable-qr,True,False,,,102210fe594ee9b33d82058545b1ed14f4c8206e,id-getter-5.html,perf_reftest_singletons,True,perf_reftest_singletons id-getter-5.html opt e10s fission stylo webrender,4767299,77,ms,firefox,,1730963024,2023-07-24 23:43:54,531.9200000000001,bd745245ac70d82630be9e971b5a9077b5f514e8,1277393,,,,,,,,,,,,,,,,,,,,,,,,,,,,,,,,,,,,,,,,,,,,,,,,,,,,,,,,,,,,,TN,TN
autoland,4767314,1,247a31fb40b3ac0b152bd3554743d742a3892fe3,linux1804-64-shippable-qr,True,False,,,102210fe594ee9b33d82058545b1ed14f4c8206e,id-getter-5.html,perf_reftest_singletons,True,perf_reftest_singletons id-getter-5.html opt e10s fission stylo webrender,4767299,77,ms,firefox,,1730971277,2023-07-25 00:28:34,581.75,1084bcb2a2550fee8fad1f0be69e603b6c8d67bd,1277414,,,,,,,,,,,,,,,,,,,,,,,,,,,,,,,,,,,,,,,,,,,,,,,,,,,,,,,,,,,,,TN,TN
autoland,4767314,1,247a31fb40b3ac0b152bd3554743d742a3892fe3,linux1804-64-shippable-qr,True,False,,,102210fe594ee9b33d82058545b1ed14f4c8206e,id-getter-5.html,perf_reftest_singletons,True,perf_reftest_singletons id-getter-5.html opt e10s fission stylo webrender,4767299,77,ms,firefox,,1731030047,2023-07-25 04:47:38,526.38,862d1cf3d7a17e3dde9bda49c5561ec902bb8136,1277485,,,,,,,,,,,,,,,,,,,,,,,,,,,,,,,,,,,,,,,,,,,,,,,,,,,,,,,,,,,,,TN,TN
autoland,4767314,1,247a31fb40b3ac0b152bd3554743d742a3892fe3,linux1804-64-shippable-qr,True,False,,,102210fe594ee9b33d82058545b1ed14f4c8206e,id-getter-5.html,perf_reftest_singletons,True,perf_reftest_singletons id-getter-5.html opt e10s fission stylo webrender,4767299,77,ms,firefox,,1731141315,2023-07-25 10:29:47,539.98,45a52966f9649f4dc9b8bbb6a8e68cdcc63ee287,1277576,,,,,,,,,,,,,,,,,,,,,,,,,,,,,,,,,,,,,,,,,,,,,,,,,,,,,,,,,,,,,TN,TN
autoland,4767314,1,247a31fb40b3ac0b152bd3554743d742a3892fe3,linux1804-64-shippable-qr,True,False,,,102210fe594ee9b33d82058545b1ed14f4c8206e,id-getter-5.html,perf_reftest_singletons,True,perf_reftest_singletons id-getter-5.html opt e10s fission stylo webrender,4767299,77,ms,firefox,,1731243918,2023-07-25 14:49:04,537.9200000000001,1ae7562fa2353aa63871f769d4e0a1cdd9becf78,1277682,,,,,,,,,,,,,,,,,,,,,,,,,,,,,,,,,,,,,,,,,,,,,,,,,,,,,,,,,,,,,TN,TN
autoland,4767314,1,247a31fb40b3ac0b152bd3554743d742a3892fe3,linux1804-64-shippable-qr,True,False,,,102210fe594ee9b33d82058545b1ed14f4c8206e,id-getter-5.html,perf_reftest_singletons,True,perf_reftest_singletons id-getter-5.html opt e10s fission stylo webrender,4767299,77,ms,firefox,,1731234872,2023-07-25 15:17:56,538.3,c30662ce80ba57a0977cdeb03e776a28af4fa2fb,1277708,,,,,,,,,,,,,,,,,,,,,,,,,,,,,,,,,,,,,,,,,,,,,,,,,,,,,,,,,,,,,TN,TN
autoland,4767314,1,247a31fb40b3ac0b152bd3554743d742a3892fe3,linux1804-64-shippable-qr,True,False,,,102210fe594ee9b33d82058545b1ed14f4c8206e,id-getter-5.html,perf_reftest_singletons,True,perf_reftest_singletons id-getter-5.html opt e10s fission stylo webrender,4767299,77,ms,firefox,,1731426390,2023-07-25 23:05:26,537.9100000000001,9a2f59dbe5917068801919377341eb7c1ea2030d,1278011,,,,,,,,,,,,,,,,,,,,,,,,,,,,,,,,,,,,,,,,,,,,,,,,,,,,,,,,,,,,,TN,TN
autoland,4767314,1,247a31fb40b3ac0b152bd3554743d742a3892fe3,linux1804-64-shippable-qr,True,False,,,102210fe594ee9b33d82058545b1ed14f4c8206e,id-getter-5.html,perf_reftest_singletons,True,perf_reftest_singletons id-getter-5.html opt e10s fission stylo webrender,4767299,77,ms,firefox,,1731477011,2023-07-26 02:26:30,528.66,6a9aca2a1b89781175cdec2df700998fa9209282,1278087,,,,,,,,,,,,,,,,,,,,,,,,,,,,,,,,,,,,,,,,,,,,,,,,,,,,,,,,,,,,,TN,TN
autoland,4767314,1,247a31fb40b3ac0b152bd3554743d742a3892fe3,linux1804-64-shippable-qr,True,False,,,102210fe594ee9b33d82058545b1ed14f4c8206e,id-getter-5.html,perf_reftest_singletons,True,perf_reftest_singletons id-getter-5.html opt e10s fission stylo webrender,4767299,77,ms,firefox,,1731533805,2023-07-26 06:49:07,527.6200000000001,8470bc21f160f3c1fecb034308c203412e1fcb3c,1278154,,,,,,,,,,,,,,,,,,,,,,,,,,,,,,,,,,,,,,,,,,,,,,,,,,,,,,,,,,,,,TN,TN
autoland,4767314,1,247a31fb40b3ac0b152bd3554743d742a3892fe3,linux1804-64-shippable-qr,True,False,,,102210fe594ee9b33d82058545b1ed14f4c8206e,id-getter-5.html,perf_reftest_singletons,True,perf_reftest_singletons id-getter-5.html opt e10s fission stylo webrender,4767299,77,ms,firefox,,1731580072,2023-07-26 09:35:06,523.3900000000001,87846ae3f12d74bcc97619bea65453ce0aca0e54,1278218,,,,,,,,,,,,,,,,,,,,,,,,,,,,,,,,,,,,,,,,,,,,,,,,,,,,,,,,,,,,,TN,TN
autoland,4767314,1,247a31fb40b3ac0b152bd3554743d742a3892fe3,linux1804-64-shippable-qr,True,False,,,102210fe594ee9b33d82058545b1ed14f4c8206e,id-getter-5.html,perf_reftest_singletons,True,perf_reftest_singletons id-getter-5.html opt e10s fission stylo webrender,4767299,77,ms,firefox,,1731730254,2023-07-26 15:38:17,548.26,b65b154c05c37b796b5c0ef7cc01fd37ecfdea1c,1278401,,,,,,,,,,,,,,,,,,,,,,,,,,,,,,,,,,,,,,,,,,,,,,,,,,,,,,,,,,,,,TN,TN
autoland,4767314,1,247a31fb40b3ac0b152bd3554743d742a3892fe3,linux1804-64-shippable-qr,True,False,,,102210fe594ee9b33d82058545b1ed14f4c8206e,id-getter-5.html,perf_reftest_singletons,True,perf_reftest_singletons id-getter-5.html opt e10s fission stylo webrender,4767299,77,ms,firefox,,1731922128,2023-07-26 23:24:58,534.0,84a5d1af6f7ff3689a022412a1fbc2c6632a5f96,1278695,,,,,,,,,,,,,,,,,,,,,,,,,,,,,,,,,,,,,,,,,,,,,,,,,,,,,,,,,,,,,TN,TN
autoland,4767314,1,247a31fb40b3ac0b152bd3554743d742a3892fe3,linux1804-64-shippable-qr,True,False,,,102210fe594ee9b33d82058545b1ed14f4c8206e,id-getter-5.html,perf_reftest_singletons,True,perf_reftest_singletons id-getter-5.html opt e10s fission stylo webrender,4767299,77,ms,firefox,,1731972185,2023-07-27 01:40:00,527.0799999999999,3e5ffa17cbfe0cff1585c411714ca008dc6ae15e,1278764,,,,,,,,,,,,,,,,,,,,,,,,,,,,,,,,,,,,,,,,,,,,,,,,,,,,,,,,,,,,,TN,TN
autoland,4767314,1,247a31fb40b3ac0b152bd3554743d742a3892fe3,linux1804-64-shippable-qr,True,False,,,102210fe594ee9b33d82058545b1ed14f4c8206e,id-getter-5.html,perf_reftest_singletons,True,perf_reftest_singletons id-getter-5.html opt e10s fission stylo webrender,4767299,77,ms,firefox,,1732126889,2023-07-27 11:30:20,532.6,84800a0d7e6ed9c82449cedd7ba57c2061572292,1278928,,,,,,,,,,,,,,,,,,,,,,,,,,,,,,,,,,,,,,,,,,,,,,,,,,,,,,,,,,,,,TN,TN
autoland,4767314,1,247a31fb40b3ac0b152bd3554743d742a3892fe3,linux1804-64-shippable-qr,True,False,,,102210fe594ee9b33d82058545b1ed14f4c8206e,id-getter-5.html,perf_reftest_singletons,True,perf_reftest_singletons id-getter-5.html opt e10s fission stylo webrender,4767299,77,ms,firefox,,1732258803,2023-07-27 15:18:37,529.24,481bfcb7b2201e1eb04cebbeee74480be11095cc,1279069,,,,,,,,,,,,,,,,,,,,,,,,,,,,,,,,,,,,,,,,,,,,,,,,,,,,,,,,,,,,,TN,TN
autoland,4767314,1,247a31fb40b3ac0b152bd3554743d742a3892fe3,linux1804-64-shippable-qr,True,False,,,102210fe594ee9b33d82058545b1ed14f4c8206e,id-getter-5.html,perf_reftest_singletons,True,perf_reftest_singletons id-getter-5.html opt e10s fission stylo webrender,4767299,77,ms,firefox,,1732417745,2023-07-27 19:34:25,541.88,f50f1984cd54c49748c94ebf3f3709aa4c582ead,1279276,,,,,,,,,,,,,,,,,,,,,,,,,,,,,,,,,,,,,,,,,,,,,,,,,,,,,,,,,,,,,TN,TN
autoland,4767314,1,247a31fb40b3ac0b152bd3554743d742a3892fe3,linux1804-64-shippable-qr,True,False,,,102210fe594ee9b33d82058545b1ed14f4c8206e,id-getter-5.html,perf_reftest_singletons,True,perf_reftest_singletons id-getter-5.html opt e10s fission stylo webrender,4767299,77,ms,firefox,,1732487075,2023-07-27 23:35:22,526.4000000000001,0b367e70ac913aeec6308d2b941cff4dc929cd22,1279407,,,,,,,,,,,,,,,,,,,,,,,,,,,,,,,,,,,,,,,,,,,,,,,,,,,,,,,,,,,,,TN,TN
autoland,4767314,1,247a31fb40b3ac0b152bd3554743d742a3892fe3,linux1804-64-shippable-qr,True,False,,,102210fe594ee9b33d82058545b1ed14f4c8206e,id-getter-5.html,perf_reftest_singletons,True,perf_reftest_singletons id-getter-5.html opt e10s fission stylo webrender,4767299,77,ms,firefox,,1732525843,2023-07-28 01:05:08,535.06,36ce680ea81ccb2f123f0f6831596185e6ea4e83,1279448,,,,,,,,,,,,,,,,,,,,,,,,,,,,,,,,,,,,,,,,,,,,,,,,,,,,,,,,,,,,,TN,TN
autoland,4767314,1,247a31fb40b3ac0b152bd3554743d742a3892fe3,linux1804-64-shippable-qr,True,False,,,102210fe594ee9b33d82058545b1ed14f4c8206e,id-getter-5.html,perf_reftest_singletons,True,perf_reftest_singletons id-getter-5.html opt e10s fission stylo webrender,4767299,77,ms,firefox,,1732609349,2023-07-28 05:46:55,520.74,10692fd51184d10f78fb0eb56090f3c55827b561,1279508,,,,,,,,,,,,,,,,,,,,,,,,,,,,,,,,,,,,,,,,,,,,,,,,,,,,,,,,,,,,,TN,TN
autoland,4767314,1,247a31fb40b3ac0b152bd3554743d742a3892fe3,linux1804-64-shippable-qr,True,False,,,102210fe594ee9b33d82058545b1ed14f4c8206e,id-getter-5.html,perf_reftest_singletons,True,perf_reftest_singletons id-getter-5.html opt e10s fission stylo webrender,4767299,77,ms,firefox,,1732716157,2023-07-28 11:09:37,535.4000000000001,af33198f4756b96446ab9cb00f77cc6e2b27f314,1279609,,,,,,,,,,,,,,,,,,,,,,,,,,,,,,,,,,,,,,,,,,,,,,,,,,,,,,,,,,,,,TN,TN
autoland,4767314,1,247a31fb40b3ac0b152bd3554743d742a3892fe3,linux1804-64-shippable-qr,True,False,,,102210fe594ee9b33d82058545b1ed14f4c8206e,id-getter-5.html,perf_reftest_singletons,True,perf_reftest_singletons id-getter-5.html opt e10s fission stylo webrender,4767299,77,ms,firefox,,1732810089,2023-07-28 14:46:21,543.42,08098e30932d89da82f6e452fff88fee938088d7,1279720,,,,,,,,,,,,,,,,,,,,,,,,,,,,,,,,,,,,,,,,,,,,,,,,,,,,,,,,,,,,,TN,TN
autoland,4767314,1,247a31fb40b3ac0b152bd3554743d742a3892fe3,linux1804-64-shippable-qr,True,False,,,102210fe594ee9b33d82058545b1ed14f4c8206e,id-getter-5.html,perf_reftest_singletons,True,perf_reftest_singletons id-getter-5.html opt e10s fission stylo webrender,4767299,77,ms,firefox,,1732936333,2023-07-28 18:48:27,517.1099999999999,2f51f44f5da6afbdb8a587b03f47fcdc7b672475,1279862,,,,,,,,,,,,,,,,,,,,,,,,,,,,,,,,,,,,,,,,,,,,,,,,,,,,,,,,,,,,,TN,TN
autoland,4767314,1,247a31fb40b3ac0b152bd3554743d742a3892fe3,linux1804-64-shippable-qr,True,False,,,102210fe594ee9b33d82058545b1ed14f4c8206e,id-getter-5.html,perf_reftest_singletons,True,perf_reftest_singletons id-getter-5.html opt e10s fission stylo webrender,4767299,77,ms,firefox,,1732996950,2023-07-28 22:56:39,528.87,95255b6bb2d51d6c10d6a3471da82aeaf7512c0f,1279985,,,,,,,,,,,,,,,,,,,,,,,,,,,,,,,,,,,,,,,,,,,,,,,,,,,,,,,,,,,,,TN,TN
autoland,4767314,1,247a31fb40b3ac0b152bd3554743d742a3892fe3,linux1804-64-shippable-qr,True,False,,,102210fe594ee9b33d82058545b1ed14f4c8206e,id-getter-5.html,perf_reftest_singletons,True,perf_reftest_singletons id-getter-5.html opt e10s fission stylo webrender,4767299,77,ms,firefox,,1733043422,2023-07-29 03:44:49,540.6600000000001,1c410aed156878dc739ffdb4343c315fb0bb0a00,1280031,,,,,,,,,,,,,,,,,,,,,,,,,,,,,,,,,,,,,,,,,,,,,,,,,,,,,,,,,,,,,TN,TN
autoland,4767314,1,247a31fb40b3ac0b152bd3554743d742a3892fe3,linux1804-64-shippable-qr,True,False,,,102210fe594ee9b33d82058545b1ed14f4c8206e,id-getter-5.html,perf_reftest_singletons,True,perf_reftest_singletons id-getter-5.html opt e10s fission stylo webrender,4767299,77,ms,firefox,,1733104596,2023-07-29 09:43:33,531.0999999999999,5f1e1cd609f68ff20fbea6b02e5a3444f7dd303d,1280059,,,,,,,,,,,,,,,,,,,,,,,,,,,,,,,,,,,,,,,,,,,,,,,,,,,,,,,,,,,,,TN,TN
autoland,4767314,1,247a31fb40b3ac0b152bd3554743d742a3892fe3,linux1804-64-shippable-qr,True,False,,,102210fe594ee9b33d82058545b1ed14f4c8206e,id-getter-5.html,perf_reftest_singletons,True,perf_reftest_singletons id-getter-5.html opt e10s fission stylo webrender,4767299,77,ms,firefox,,1733188223,2023-07-30 01:23:54,537.51,9a9597eb50561ea739c8a26da45dcbad6557a326,1280105,,,,,,,,,,,,,,,,,,,,,,,,,,,,,,,,,,,,,,,,,,,,,,,,,,,,,,,,,,,,,TN,TN
autoland,4767314,1,247a31fb40b3ac0b152bd3554743d742a3892fe3,linux1804-64-shippable-qr,True,False,,,102210fe594ee9b33d82058545b1ed14f4c8206e,id-getter-5.html,perf_reftest_singletons,True,perf_reftest_singletons id-getter-5.html opt e10s fission stylo webrender,4767299,77,ms,firefox,,1733274190,2023-07-30 13:52:06,523.6899999999999,ce5b2b0d4bc01294b78eeb50a7738e0b5755b3a4,1280125,,,,,,,,,,,,,,,,,,,,,,,,,,,,,,,,,,,,,,,,,,,,,,,,,,,,,,,,,,,,,TN,TN
autoland,4767314,1,247a31fb40b3ac0b152bd3554743d742a3892fe3,linux1804-64-shippable-qr,True,False,,,102210fe594ee9b33d82058545b1ed14f4c8206e,id-getter-5.html,perf_reftest_singletons,True,perf_reftest_singletons id-getter-5.html opt e10s fission stylo webrender,4767299,77,ms,firefox,,1733345149,2023-07-31 04:52:45,528.04,91dd0dbb8e738b29e6f14bdbaaf28f2b1f531b2b,1280185,,,,,,,,,,,,,,,,,,,,,,,,,,,,,,,,,,,,,,,,,,,,,,,,,,,,,,,,,,,,,TN,TN
autoland,4767314,1,247a31fb40b3ac0b152bd3554743d742a3892fe3,linux1804-64-shippable-qr,True,False,,,102210fe594ee9b33d82058545b1ed14f4c8206e,id-getter-5.html,perf_reftest_singletons,True,perf_reftest_singletons id-getter-5.html opt e10s fission stylo webrender,4767299,77,ms,firefox,,1733393135,2023-07-31 09:26:34,539.87,2b4f8ad0cecd1e9ce287bf572fd28b8b94d91717,1280244,,,,,,,,,,,,,,,,,,,,,,,,,,,,,,,,,,,,,,,,,,,,,,,,,,,,,,,,,,,,,TN,TN
autoland,4767314,1,247a31fb40b3ac0b152bd3554743d742a3892fe3,linux1804-64-shippable-qr,True,False,,,102210fe594ee9b33d82058545b1ed14f4c8206e,id-getter-5.html,perf_reftest_singletons,True,perf_reftest_singletons id-getter-5.html opt e10s fission stylo webrender,4767299,77,ms,firefox,,1733450263,2023-07-31 10:39:42,535.98,805b1cd5321098059e548eed4aa9db6f43cd833e,1280276,,,,,,,,,,,,,,,,,,,,,,,,,,,,,,,,,,,,,,,,,,,,,,,,,,,,,,,,,,,,,TN,TN
autoland,4767314,1,247a31fb40b3ac0b152bd3554743d742a3892fe3,linux1804-64-shippable-qr,True,False,,,102210fe594ee9b33d82058545b1ed14f4c8206e,id-getter-5.html,perf_reftest_singletons,True,perf_reftest_singletons id-getter-5.html opt e10s fission stylo webrender,4767299,77,ms,firefox,,1733652131,2023-07-31 14:45:15,533.37,7cad7000bc1c51f14ca241ac2aa08ac299612b8c,1280380,,,,,,,,,,,,,,,,,,,,,,,,,,,,,,,,,,,,,,,,,,,,,,,,,,,,,,,,,,,,,TN,TN
autoland,4767314,1,247a31fb40b3ac0b152bd3554743d742a3892fe3,linux1804-64-shippable-qr,True,False,,,102210fe594ee9b33d82058545b1ed14f4c8206e,id-getter-5.html,perf_reftest_singletons,True,perf_reftest_singletons id-getter-5.html opt e10s fission stylo webrender,4767299,77,ms,firefox,,1733629674,2023-07-31 16:08:26,526.54,0a238650aa096b0da883226d02d11fc5178541f3,1280438,,,,,,,,,,,,,,,,,,,,,,,,,,,,,,,,,,,,,,,,,,,,,,,,,,,,,,,,,,,,,TN,TN
autoland,4767314,1,247a31fb40b3ac0b152bd3554743d742a3892fe3,linux1804-64-shippable-qr,True,False,,,102210fe594ee9b33d82058545b1ed14f4c8206e,id-getter-5.html,perf_reftest_singletons,True,perf_reftest_singletons id-getter-5.html opt e10s fission stylo webrender,4767299,77,ms,firefox,,1733716819,2023-07-31 21:31:29,534.96,2d698aca1dece26df297dd085dbde9216e3b2e66,1280612,,,,,,,,,,,,,,,,,,,,,,,,,,,,,,,,,,,,,,,,,,,,,,,,,,,,,,,,,,,,,TN,TN
autoland,4767314,1,247a31fb40b3ac0b152bd3554743d742a3892fe3,linux1804-64-shippable-qr,True,False,,,102210fe594ee9b33d82058545b1ed14f4c8206e,id-getter-5.html,perf_reftest_singletons,True,perf_reftest_singletons id-getter-5.html opt e10s fission stylo webrender,4767299,77,ms,firefox,,1733767728,2023-07-31 21:34:42,534.0,28250de453513da3369c412cbce0f35b97146bec,1280618,,,,,,,,,,,,,,,,,,,,,,,,,,,,,,,,,,,,,,,,,,,,,,,,,,,,,,,,,,,,,TN,TN
autoland,4767314,1,247a31fb40b3ac0b152bd3554743d742a3892fe3,linux1804-64-shippable-qr,True,False,,,102210fe594ee9b33d82058545b1ed14f4c8206e,id-getter-5.html,perf_reftest_singletons,True,perf_reftest_singletons id-getter-5.html opt e10s fission stylo webrender,4767299,77,ms,firefox,,1733792276,2023-07-31 23:41:21,532.12,195161a06a7a71dbce0ee5e8ddb8c84f3cb03df7,1280694,,,,,,,,,,,,,,,,,,,,,,,,,,,,,,,,,,,,,,,,,,,,,,,,,,,,,,,,,,,,,TN,TN
autoland,4767314,1,247a31fb40b3ac0b152bd3554743d742a3892fe3,linux1804-64-shippable-qr,True,False,,,102210fe594ee9b33d82058545b1ed14f4c8206e,id-getter-5.html,perf_reftest_singletons,True,perf_reftest_singletons id-getter-5.html opt e10s fission stylo webrender,4767299,77,ms,firefox,,1733908109,2023-08-01 03:53:20,535.45,ca66ac527c958bd3f26f8c86f291fa85de21ec56,1280753,,,,,,,,,,,,,,,,,,,,,,,,,,,,,,,,,,,,,,,,,,,,,,,,,,,,,,,,,,,,,TN,TN
autoland,4767314,1,247a31fb40b3ac0b152bd3554743d742a3892fe3,linux1804-64-shippable-qr,True,False,,,102210fe594ee9b33d82058545b1ed14f4c8206e,id-getter-5.html,perf_reftest_singletons,True,perf_reftest_singletons id-getter-5.html opt e10s fission stylo webrender,4767299,77,ms,firefox,,1733883097,2023-08-01 04:02:13,541.1700000000001,d5ecff066adaf3a4029a970db93a9f23f1ed2587,1280758,,,,,,,,,,,,,,,,,,,,,,,,,,,,,,,,,,,,,,,,,,,,,,,,,,,,,,,,,,,,,TN,TN
autoland,4767314,1,247a31fb40b3ac0b152bd3554743d742a3892fe3,linux1804-64-shippable-qr,True,False,,,102210fe594ee9b33d82058545b1ed14f4c8206e,id-getter-5.html,perf_reftest_singletons,True,perf_reftest_singletons id-getter-5.html opt e10s fission stylo webrender,4767299,77,ms,firefox,,1733983260,2023-08-01 08:15:56,541.72,5201d6f4a7e8740bd42f08295800c15e0e18cd7e,1280812,,,,,,,,,,,,,,,,,,,,,,,,,,,,,,,,,,,,,,,,,,,,,,,,,,,,,,,,,,,,,TN,TN
autoland,4767314,1,247a31fb40b3ac0b152bd3554743d742a3892fe3,linux1804-64-shippable-qr,True,False,,,102210fe594ee9b33d82058545b1ed14f4c8206e,id-getter-5.html,perf_reftest_singletons,True,perf_reftest_singletons id-getter-5.html opt e10s fission stylo webrender,4767299,77,ms,firefox,,1734086409,2023-08-01 12:32:45,521.91,90b19e0d07e5d2cd137f135b860f0357df90e338,1280938,,,,,,,,,,,,,,,,,,,,,,,,,,,,,,,,,,,,,,,,,,,,,,,,,,,,,,,,,,,,,TN,TN
autoland,4767314,1,247a31fb40b3ac0b152bd3554743d742a3892fe3,linux1804-64-shippable-qr,True,False,,,102210fe594ee9b33d82058545b1ed14f4c8206e,id-getter-5.html,perf_reftest_singletons,True,perf_reftest_singletons id-getter-5.html opt e10s fission stylo webrender,4767299,77,ms,firefox,,1734100332,2023-08-01 12:49:44,528.34,61356e1447e3bb09709883f8b5806a201d39c5a4,1280953,,,,,,,,,,,,,,,,,,,,,,,,,,,,,,,,,,,,,,,,,,,,,,,,,,,,,,,,,,,,,TN,TN
autoland,4767314,1,247a31fb40b3ac0b152bd3554743d742a3892fe3,linux1804-64-shippable-qr,True,False,,,102210fe594ee9b33d82058545b1ed14f4c8206e,id-getter-5.html,perf_reftest_singletons,True,perf_reftest_singletons id-getter-5.html opt e10s fission stylo webrender,4767299,77,ms,firefox,,1734157065,2023-08-01 15:48:38,528.64,ea7df1f8976b5cdf0d7ddbc918c38d7fffcee983,1281058,,,,,,,,,,,,,,,,,,,,,,,,,,,,,,,,,,,,,,,,,,,,,,,,,,,,,,,,,,,,,TN,TN
autoland,4767314,1,247a31fb40b3ac0b152bd3554743d742a3892fe3,linux1804-64-shippable-qr,True,False,,,102210fe594ee9b33d82058545b1ed14f4c8206e,id-getter-5.html,perf_reftest_singletons,True,perf_reftest_singletons id-getter-5.html opt e10s fission stylo webrender,4767299,77,ms,firefox,,1734317806,2023-08-01 20:02:17,530.02,fd6f3d21ce3f450906d293c067fdadc62ea991a6,1281212,,,,,,,,,,,,,,,,,,,,,,,,,,,,,,,,,,,,,,,,,,,,,,,,,,,,,,,,,,,,,TN,TN
autoland,4767314,1,247a31fb40b3ac0b152bd3554743d742a3892fe3,linux1804-64-shippable-qr,True,False,,,102210fe594ee9b33d82058545b1ed14f4c8206e,id-getter-5.html,perf_reftest_singletons,True,perf_reftest_singletons id-getter-5.html opt e10s fission stylo webrender,4767299,77,ms,firefox,,1734381489,2023-08-02 00:13:38,530.9599999999999,323a980eddb18489b9d7de1ffeff427026574b4c,1281337,,,,,,,,,,,,,,,,,,,,,,,,,,,,,,,,,,,,,,,,,,,,,,,,,,,,,,,,,,,,,TN,TN
autoland,4767314,1,247a31fb40b3ac0b152bd3554743d742a3892fe3,linux1804-64-shippable-qr,True,False,,,102210fe594ee9b33d82058545b1ed14f4c8206e,id-getter-5.html,perf_reftest_singletons,True,perf_reftest_singletons id-getter-5.html opt e10s fission stylo webrender,4767299,77,ms,firefox,,1734502841,2023-08-02 06:07:22,559.85,7ee1dad073d03db2f730fd5c2baf77f37e458feb,1281414,,,,,,,,,,,,,,,,,,,,,,,,,,,,,,,,,,,,,,,,,,,,,,,,,,,,,,,,,,,,,TN,TN
autoland,4767314,1,247a31fb40b3ac0b152bd3554743d742a3892fe3,linux1804-64-shippable-qr,True,False,,,102210fe594ee9b33d82058545b1ed14f4c8206e,id-getter-5.html,perf_reftest_singletons,True,perf_reftest_singletons id-getter-5.html opt e10s fission stylo webrender,4767299,77,ms,firefox,,1734484037,2023-08-02 06:35:09,567.6500000000001,a8968f9e8cf0bba14f132004f11b34a8abb93165,1281421,,,,,,,,,,,,,,,,,,,,,,,,,,,,,,,,,,,,,,,,,,,,,,,,,,,,,,,,,,,,,TN,TN
autoland,4767314,1,247a31fb40b3ac0b152bd3554743d742a3892fe3,linux1804-64-shippable-qr,True,False,,,102210fe594ee9b33d82058545b1ed14f4c8206e,id-getter-5.html,perf_reftest_singletons,True,perf_reftest_singletons id-getter-5.html opt e10s fission stylo webrender,4767299,77,ms,firefox,,1734585253,2023-08-02 10:39:12,528.01,338c2c8d91af0f92fa1a7a3b5fb1830adb54b373,1281520,,,,,,,,,,,,,,,,,,,,,,,,,,,,,,,,,,,,,,,,,,,,,,,,,,,,,,,,,,,,,TN,TN
autoland,4767314,1,247a31fb40b3ac0b152bd3554743d742a3892fe3,linux1804-64-shippable-qr,True,False,,,102210fe594ee9b33d82058545b1ed14f4c8206e,id-getter-5.html,perf_reftest_singletons,True,perf_reftest_singletons id-getter-5.html opt e10s fission stylo webrender,4767299,77,ms,firefox,,1734631730,2023-08-02 12:59:29,543.51,b21c8906db6d0a7e0fbae7e609d90da9cf977fbb,1281568,,,,,,,,,,,,,,,,,,,,,,,,,,,,,,,,,,,,,,,,,,,,,,,,,,,,,,,,,,,,,TN,TN
autoland,4767314,1,247a31fb40b3ac0b152bd3554743d742a3892fe3,linux1804-64-shippable-qr,True,False,,,102210fe594ee9b33d82058545b1ed14f4c8206e,id-getter-5.html,perf_reftest_singletons,True,perf_reftest_singletons id-getter-5.html opt e10s fission stylo webrender,4767299,77,ms,firefox,,1734717350,2023-08-02 16:29:38,530.67,90ca26ab8ee142d08164d3ed9761aa023bc4e2aa,1281697,,,,,,,,,,,,,,,,,,,,,,,,,,,,,,,,,,,,,,,,,,,,,,,,,,,,,,,,,,,,,TN,TN
autoland,4767314,1,247a31fb40b3ac0b152bd3554743d742a3892fe3,linux1804-64-shippable-qr,True,False,,,102210fe594ee9b33d82058545b1ed14f4c8206e,id-getter-5.html,perf_reftest_singletons,True,perf_reftest_singletons id-getter-5.html opt e10s fission stylo webrender,4767299,77,ms,firefox,,1735010767,2023-08-03 00:54:50,536.78,9836af94c959ecca4666d7f0c19125b41969ff65,1282044,,,,,,,,,,,,,,,,,,,,,,,,,,,,,,,,,,,,,,,,,,,,,,,,,,,,,,,,,,,,,TN,TN
autoland,4767314,1,247a31fb40b3ac0b152bd3554743d742a3892fe3,linux1804-64-shippable-qr,True,False,,,102210fe594ee9b33d82058545b1ed14f4c8206e,id-getter-5.html,perf_reftest_singletons,True,perf_reftest_singletons id-getter-5.html opt e10s fission stylo webrender,4767299,77,ms,firefox,,1735038365,2023-08-03 00:55:51,527.61,c37e853eb755f0f4110f01509516da8c93baf284,1282045,,,,,,,,,,,,,,,,,,,,,,,,,,,,,,,,,,,,,,,,,,,,,,,,,,,,,,,,,,,,,TN,TN
autoland,4767314,1,247a31fb40b3ac0b152bd3554743d742a3892fe3,linux1804-64-shippable-qr,True,False,,,102210fe594ee9b33d82058545b1ed14f4c8206e,id-getter-5.html,perf_reftest_singletons,True,perf_reftest_singletons id-getter-5.html opt e10s fission stylo webrender,4767299,77,ms,firefox,,1735150025,2023-08-03 05:32:27,520.49,1eb2f6905e74aa982d6b71bec524ccfde726bb7b,1282117,,,,,,,,,,,,,,,,,,,,,,,,,,,,,,,,,,,,,,,,,,,,,,,,,,,,,,,,,,,,,TN,TN
autoland,4767314,1,247a31fb40b3ac0b152bd3554743d742a3892fe3,linux1804-64-shippable-qr,True,False,,,102210fe594ee9b33d82058545b1ed14f4c8206e,id-getter-5.html,perf_reftest_singletons,True,perf_reftest_singletons id-getter-5.html opt e10s fission stylo webrender,4767299,77,ms,firefox,,1735197959,2023-08-03 09:35:33,535.79,6f55c55c40c70eff3b82d3129f516257598ea115,1282197,,,,,,,,,,,,,,,,,,,,,,,,,,,,,,,,,,,,,,,,,,,,,,,,,,,,,,,,,,,,,TN,TN
autoland,4767314,1,247a31fb40b3ac0b152bd3554743d742a3892fe3,linux1804-64-shippable-qr,True,False,,,102210fe594ee9b33d82058545b1ed14f4c8206e,id-getter-5.html,perf_reftest_singletons,True,perf_reftest_singletons id-getter-5.html opt e10s fission stylo webrender,4767299,77,ms,firefox,,1735262860,2023-08-03 11:38:24,532.55,9a8ae552959ec73c3546151f30d131552d64bce0,1282235,,,,,,,,,,,,,,,,,,,,,,,,,,,,,,,,,,,,,,,,,,,,,,,,,,,,,,,,,,,,,TN,TN
autoland,4767314,1,247a31fb40b3ac0b152bd3554743d742a3892fe3,linux1804-64-shippable-qr,True,False,,,102210fe594ee9b33d82058545b1ed14f4c8206e,id-getter-5.html,perf_reftest_singletons,True,perf_reftest_singletons id-getter-5.html opt e10s fission stylo webrender,4767299,77,ms,firefox,,1735444529,2023-08-03 15:46:38,542.96,b801323d1ecc3535a192916c7cb0575710458777,1282361,,,,,,,,,,,,,,,,,,,,,,,,,,,,,,,,,,,,,,,,,,,,,,,,,,,,,,,,,,,,,TN,TN
autoland,4767314,1,247a31fb40b3ac0b152bd3554743d742a3892fe3,linux1804-64-shippable-qr,True,False,,,102210fe594ee9b33d82058545b1ed14f4c8206e,id-getter-5.html,perf_reftest_singletons,True,perf_reftest_singletons id-getter-5.html opt e10s fission stylo webrender,4767299,77,ms,firefox,,1735455948,2023-08-03 16:00:50,524.74,58d067f89f59472dc1a89d573ccebb4850863efa,1282374,,,,,,,,,,,,,,,,,,,,,,,,,,,,,,,,,,,,,,,,,,,,,,,,,,,,,,,,,,,,,TN,TN
autoland,4767314,1,247a31fb40b3ac0b152bd3554743d742a3892fe3,linux1804-64-shippable-qr,True,False,,,102210fe594ee9b33d82058545b1ed14f4c8206e,id-getter-5.html,perf_reftest_singletons,True,perf_reftest_singletons id-getter-5.html opt e10s fission stylo webrender,4767299,77,ms,firefox,,1735527978,2023-08-03 19:10:36,555.79,8527a2500a35867e4319772e3be1f2756dfcfced,1282500,,,,,,,,,,,,,,,,,,,,,,,,,,,,,,,,,,,,,,,,,,,,,,,,,,,,,,,,,,,,,TN,TN
autoland,4767314,1,247a31fb40b3ac0b152bd3554743d742a3892fe3,linux1804-64-shippable-qr,True,False,,,102210fe594ee9b33d82058545b1ed14f4c8206e,id-getter-5.html,perf_reftest_singletons,True,perf_reftest_singletons id-getter-5.html opt e10s fission stylo webrender,4767299,77,ms,firefox,,1735636140,2023-08-03 22:02:40,542.72,3922ccc760667154aea7a174114abfacb17fe35e,1282606,,,,,,,,,,,,,,,,,,,,,,,,,,,,,,,,,,,,,,,,,,,,,,,,,,,,,,,,,,,,,TN,TN
autoland,4767314,1,247a31fb40b3ac0b152bd3554743d742a3892fe3,linux1804-64-shippable-qr,True,False,,,102210fe594ee9b33d82058545b1ed14f4c8206e,id-getter-5.html,perf_reftest_singletons,True,perf_reftest_singletons id-getter-5.html opt e10s fission stylo webrender,4767299,77,ms,firefox,,1735720556,2023-08-04 02:28:33,525.87,2b60f9868271a131fa342332b78f3968159fa46e,1282715,,,,,,,,,,,,,,,,,,,,,,,,,,,,,,,,,,,,,,,,,,,,,,,,,,,,,,,,,,,,,TN,TN
autoland,4767314,1,247a31fb40b3ac0b152bd3554743d742a3892fe3,linux1804-64-shippable-qr,True,False,,,102210fe594ee9b33d82058545b1ed14f4c8206e,id-getter-5.html,perf_reftest_singletons,True,perf_reftest_singletons id-getter-5.html opt e10s fission stylo webrender,4767299,77,ms,firefox,,1735821806,2023-08-04 06:28:57,528.01,94da8bb07baea6212776a4b3ddcebff2c08eab98,1282781,,,,,,,,,,,,,,,,,,,,,,,,,,,,,,,,,,,,,,,,,,,,,,,,,,,,,,,,,,,,,TN,TN
autoland,4767314,1,247a31fb40b3ac0b152bd3554743d742a3892fe3,linux1804-64-shippable-qr,True,False,,,102210fe594ee9b33d82058545b1ed14f4c8206e,id-getter-5.html,perf_reftest_singletons,True,perf_reftest_singletons id-getter-5.html opt e10s fission stylo webrender,4767299,77,ms,firefox,,1735853493,2023-08-04 09:04:37,522.63,386212864d07a46141ce5bca1ef4988cefa4bad7,1282830,,,,,,,,,,,,,,,,,,,,,,,,,,,,,,,,,,,,,,,,,,,,,,,,,,,,,,,,,,,,,TN,TN
autoland,4767314,1,247a31fb40b3ac0b152bd3554743d742a3892fe3,linux1804-64-shippable-qr,True,False,,,102210fe594ee9b33d82058545b1ed14f4c8206e,id-getter-5.html,perf_reftest_singletons,True,perf_reftest_singletons id-getter-5.html opt e10s fission stylo webrender,4767299,77,ms,firefox,,1735981443,2023-08-04 13:05:51,530.92,3a8e173a97d02ae7b0aa11e9ca6f35b1fe8fa926,1282936,,,,,,,,,,,,,,,,,,,,,,,,,,,,,,,,,,,,,,,,,,,,,,,,,,,,,,,,,,,,,TN,TN
autoland,4767314,1,247a31fb40b3ac0b152bd3554743d742a3892fe3,linux1804-64-shippable-qr,True,False,,,102210fe594ee9b33d82058545b1ed14f4c8206e,id-getter-5.html,perf_reftest_singletons,True,perf_reftest_singletons id-getter-5.html opt e10s fission stylo webrender,4767299,77,ms,firefox,,1735994672,2023-08-04 14:26:38,537.4,8b506ab414513f3320eb7747254e94b37808bb75,1282995,,,,,,,,,,,,,,,,,,,,,,,,,,,,,,,,,,,,,,,,,,,,,,,,,,,,,,,,,,,,,TN,TN
autoland,4767314,1,247a31fb40b3ac0b152bd3554743d742a3892fe3,linux1804-64-shippable-qr,True,False,,,102210fe594ee9b33d82058545b1ed14f4c8206e,id-getter-5.html,perf_reftest_singletons,True,perf_reftest_singletons id-getter-5.html opt e10s fission stylo webrender,4767299,77,ms,firefox,,1736112823,2023-08-04 17:20:09,529.46,e8c6dc4a318cb8af6210801b4271ea32ee9f324a,1283108,,,,,,,,,,,,,,,,,,,,,,,,,,,,,,,,,,,,,,,,,,,,,,,,,,,,,,,,,,,,,TN,TN
autoland,4767314,1,247a31fb40b3ac0b152bd3554743d742a3892fe3,linux1804-64-shippable-qr,True,False,,,102210fe594ee9b33d82058545b1ed14f4c8206e,id-getter-5.html,perf_reftest_singletons,True,perf_reftest_singletons id-getter-5.html opt e10s fission stylo webrender,4767299,77,ms,firefox,,1736271337,2023-08-04 21:22:40,524.16,de6dcf5a4c0eec5ef6847cde00ec5da4fcee2e8c,1283226,,,,,,,,,,,,,,,,,,,,,,,,,,,,,,,,,,,,,,,,,,,,,,,,,,,,,,,,,,,,,TN,TN
autoland,4767314,1,247a31fb40b3ac0b152bd3554743d742a3892fe3,linux1804-64-shippable-qr,True,False,,,102210fe594ee9b33d82058545b1ed14f4c8206e,id-getter-5.html,perf_reftest_singletons,True,perf_reftest_singletons id-getter-5.html opt e10s fission stylo webrender,4767299,77,ms,firefox,,1736317287,2023-08-04 23:16:08,520.22,421628bd5a5c1cf8c64cb86994b1e6dc738abb49,1283269,,,,,,,,,,,,,,,,,,,,,,,,,,,,,,,,,,,,,,,,,,,,,,,,,,,,,,,,,,,,,TN,TN
autoland,4767314,1,247a31fb40b3ac0b152bd3554743d742a3892fe3,linux1804-64-shippable-qr,True,False,,,102210fe594ee9b33d82058545b1ed14f4c8206e,id-getter-5.html,perf_reftest_singletons,True,perf_reftest_singletons id-getter-5.html opt e10s fission stylo webrender,4767299,77,ms,firefox,,1736438441,2023-08-05 11:44:34,531.02,9e73058ab4aadee7e12b26a9be296b2bbc04cf74,1283328,,,,,,,,,,,,,,,,,,,,,,,,,,,,,,,,,,,,,,,,,,,,,,,,,,,,,,,,,,,,,TN,TN
autoland,4767314,1,247a31fb40b3ac0b152bd3554743d742a3892fe3,linux1804-64-shippable-qr,True,False,,,102210fe594ee9b33d82058545b1ed14f4c8206e,id-getter-5.html,perf_reftest_singletons,True,perf_reftest_singletons id-getter-5.html opt e10s fission stylo webrender,4767299,77,ms,firefox,,1736463613,2023-08-05 16:15:02,543.1600000000001,b0538d39e8c853c9e07b359df9c740d5175e7077,1283346,,,,,,,,,,,,,,,,,,,,,,,,,,,,,,,,,,,,,,,,,,,,,,,,,,,,,,,,,,,,,TN,TN
autoland,4767314,1,247a31fb40b3ac0b152bd3554743d742a3892fe3,linux1804-64-shippable-qr,True,False,,,102210fe594ee9b33d82058545b1ed14f4c8206e,id-getter-5.html,perf_reftest_singletons,True,perf_reftest_singletons id-getter-5.html opt e10s fission stylo webrender,4767299,77,ms,firefox,,1736617439,2023-08-06 23:55:51,520.0900000000001,a777f43c4d9cabe80f2fc3aea6bf95c7e3e9c4c1,1283445,,,,,,,,,,,,,,,,,,,,,,,,,,,,,,,,,,,,,,,,,,,,,,,,,,,,,,,,,,,,,TN,TN
autoland,4767314,1,247a31fb40b3ac0b152bd3554743d742a3892fe3,linux1804-64-shippable-qr,True,False,,,102210fe594ee9b33d82058545b1ed14f4c8206e,id-getter-5.html,perf_reftest_singletons,True,perf_reftest_singletons id-getter-5.html opt e10s fission stylo webrender,4767299,77,ms,firefox,,1736657111,2023-08-07 02:09:17,526.74,a86a27857ef685b0547d023a29fb8c8bb3f8fc1d,1283462,,,,,,,,,,,,,,,,,,,,,,,,,,,,,,,,,,,,,,,,,,,,,,,,,,,,,,,,,,,,,TN,TN
autoland,4767314,1,247a31fb40b3ac0b152bd3554743d742a3892fe3,linux1804-64-shippable-qr,True,False,,,102210fe594ee9b33d82058545b1ed14f4c8206e,id-getter-5.html,perf_reftest_singletons,True,perf_reftest_singletons id-getter-5.html opt e10s fission stylo webrender,4767299,77,ms,firefox,,1736699354,2023-08-07 06:19:47,523.45,6d877fdb9a1e892fe6528a26aab81b53cfae55c5,1283519,,,,,,,,,,,,,,,,,,,,,,,,,,,,,,,,,,,,,,,,,,,,,,,,,,,,,,,,,,,,,TN,TN
autoland,4767314,1,247a31fb40b3ac0b152bd3554743d742a3892fe3,linux1804-64-shippable-qr,True,False,,,102210fe594ee9b33d82058545b1ed14f4c8206e,id-getter-5.html,perf_reftest_singletons,True,perf_reftest_singletons id-getter-5.html opt e10s fission stylo webrender,4767299,77,ms,firefox,,1736756094,2023-08-07 09:17:55,538.37,2f07664dbc304adeae1029ead0f4ab014aaa02a8,1283581,,,,,,,,,,,,,,,,,,,,,,,,,,,,,,,,,,,,,,,,,,,,,,,,,,,,,,,,,,,,,TN,TN
autoland,4767314,1,247a31fb40b3ac0b152bd3554743d742a3892fe3,linux1804-64-shippable-qr,True,False,,,102210fe594ee9b33d82058545b1ed14f4c8206e,id-getter-5.html,perf_reftest_singletons,True,perf_reftest_singletons id-getter-5.html opt e10s fission stylo webrender,4767299,77,ms,firefox,,1736883694,2023-08-07 13:44:02,527.51,d59d0a5038b29cdbcbb2d4b003d642a2617e297f,1283713,,,,,,,,,,,,,,,,,,,,,,,,,,,,,,,,,,,,,,,,,,,,,,,,,,,,,,,,,,,,,TN,TN
autoland,4767314,1,247a31fb40b3ac0b152bd3554743d742a3892fe3,linux1804-64-shippable-qr,True,False,,,102210fe594ee9b33d82058545b1ed14f4c8206e,id-getter-5.html,perf_reftest_singletons,True,perf_reftest_singletons id-getter-5.html opt e10s fission stylo webrender,4767299,77,ms,firefox,,1736967385,2023-08-07 16:46:35,529.49,969534e114528550edbcaf30931bc5e255ac2475,1283815,,,,,,,,,,,,,,,,,,,,,,,,,,,,,,,,,,,,,,,,,,,,,,,,,,,,,,,,,,,,,TN,TN
autoland,4767314,1,247a31fb40b3ac0b152bd3554743d742a3892fe3,linux1804-64-shippable-qr,True,False,,,102210fe594ee9b33d82058545b1ed14f4c8206e,id-getter-5.html,perf_reftest_singletons,True,perf_reftest_singletons id-getter-5.html opt e10s fission stylo webrender,4767299,77,ms,firefox,,1737054633,2023-08-07 20:52:42,535.3199999999999,588b596bcb73c4c9cf235c8df1dc04fc9475c321,1283921,,,,,,,,,,,,,,,,,,,,,,,,,,,,,,,,,,,,,,,,,,,,,,,,,,,,,,,,,,,,,TN,TN
autoland,4767314,1,247a31fb40b3ac0b152bd3554743d742a3892fe3,linux1804-64-shippable-qr,True,False,,,102210fe594ee9b33d82058545b1ed14f4c8206e,id-getter-5.html,perf_reftest_singletons,True,perf_reftest_singletons id-getter-5.html opt e10s fission stylo webrender,4767299,77,ms,firefox,,1737100479,2023-08-07 21:31:10,523.58,0d1a783351f683e500d6e8f83d3dc430b2afdcbf,1283941,,,,,,,,,,,,,,,,,,,,,,,,,,,,,,,,,,,,,,,,,,,,,,,,,,,,,,,,,,,,,TN,TN
autoland,4767314,1,247a31fb40b3ac0b152bd3554743d742a3892fe3,linux1804-64-shippable-qr,True,False,,,102210fe594ee9b33d82058545b1ed14f4c8206e,id-getter-5.html,perf_reftest_singletons,True,perf_reftest_singletons id-getter-5.html opt e10s fission stylo webrender,4767299,77,ms,firefox,,1737210065,2023-08-08 01:47:48,535.51,7053ad5afbc40a1a98d9e4e447c98e2fd6d70f04,1284029,,,,,,,,,,,,,,,,,,,,,,,,,,,,,,,,,,,,,,,,,,,,,,,,,,,,,,,,,,,,,TN,TN
autoland,4767314,1,247a31fb40b3ac0b152bd3554743d742a3892fe3,linux1804-64-shippable-qr,True,False,,,102210fe594ee9b33d82058545b1ed14f4c8206e,id-getter-5.html,perf_reftest_singletons,True,perf_reftest_singletons id-getter-5.html opt e10s fission stylo webrender,4767299,77,ms,firefox,,1737296231,2023-08-08 08:03:57,538.16,201950bdeb03d34c7ad70702b52d28c3e0f6a448,1284128,,,,,,,,,,,,,,,,,,,,,,,,,,,,,,,,,,,,,,,,,,,,,,,,,,,,,,,,,,,,,TN,TN
autoland,4767314,1,247a31fb40b3ac0b152bd3554743d742a3892fe3,linux1804-64-shippable-qr,True,False,,,102210fe594ee9b33d82058545b1ed14f4c8206e,id-getter-5.html,perf_reftest_singletons,True,perf_reftest_singletons id-getter-5.html opt e10s fission stylo webrender,4767299,77,ms,firefox,,1737377184,2023-08-08 12:10:40,574.7,d1fbe6c1f87656fb4f55677904f55f6df433ea9a,1284255,,,,,,,,,,,,,,,,,,,,,,,,,,,,,,,,,,,,,,,,,,,,,,,,,,,,,,,,,,,,,TN,TN
autoland,4767314,1,247a31fb40b3ac0b152bd3554743d742a3892fe3,linux1804-64-shippable-qr,True,False,,,102210fe594ee9b33d82058545b1ed14f4c8206e,id-getter-5.html,perf_reftest_singletons,True,perf_reftest_singletons id-getter-5.html opt e10s fission stylo webrender,4767299,77,ms,firefox,,1737404164,2023-08-08 12:20:31,529.95,062a5e5729067f579bd6d1ab2f1a3021d7fd291a,1284261,,,,,,,,,,,,,,,,,,,,,,,,,,,,,,,,,,,,,,,,,,,,,,,,,,,,,,,,,,,,,TN,TN
autoland,4767314,1,247a31fb40b3ac0b152bd3554743d742a3892fe3,linux1804-64-shippable-qr,True,False,,,102210fe594ee9b33d82058545b1ed14f4c8206e,id-getter-5.html,perf_reftest_singletons,True,perf_reftest_singletons id-getter-5.html opt e10s fission stylo webrender,4767299,77,ms,firefox,,1737485982,2023-08-08 16:23:23,572.06,855c69dcdcc457c3e5a54150cdd89a71a2527e2b,1284396,,,,,,,,,,,,,,,,,,,,,,,,,,,,,,,,,,,,,,,,,,,,,,,,,,,,,,,,,,,,,TN,TN
autoland,4767314,1,247a31fb40b3ac0b152bd3554743d742a3892fe3,linux1804-64-shippable-qr,True,False,,,102210fe594ee9b33d82058545b1ed14f4c8206e,id-getter-5.html,perf_reftest_singletons,True,perf_reftest_singletons id-getter-5.html opt e10s fission stylo webrender,4767299,77,ms,firefox,,1737607397,2023-08-08 18:03:32,532.76,b19ed5a6579d312e71c03201698107835378c612,1284479,,,,,,,,,,,,,,,,,,,,,,,,,,,,,,,,,,,,,,,,,,,,,,,,,,,,,,,,,,,,,TN,TN
autoland,4767314,1,247a31fb40b3ac0b152bd3554743d742a3892fe3,linux1804-64-shippable-qr,True,False,,,102210fe594ee9b33d82058545b1ed14f4c8206e,id-getter-5.html,perf_reftest_singletons,True,perf_reftest_singletons id-getter-5.html opt e10s fission stylo webrender,4767299,77,ms,firefox,,1737661919,2023-08-08 21:27:09,527.98,4abb9ce2fb8e4174171b3478d6f28b78bf3f214a,1284603,,,,,,,,,,,,,,,,,,,,,,,,,,,,,,,,,,,,,,,,,,,,,,,,,,,,,,,,,,,,,TN,TN
autoland,4767314,1,247a31fb40b3ac0b152bd3554743d742a3892fe3,linux1804-64-shippable-qr,True,False,,,102210fe594ee9b33d82058545b1ed14f4c8206e,id-getter-5.html,perf_reftest_singletons,True,perf_reftest_singletons id-getter-5.html opt e10s fission stylo webrender,4767299,77,ms,firefox,,1737768701,2023-08-09 02:34:29,531.46,25a29224e55d9a839d6fddde206208a453535ec8,1284750,,,,,,,,,,,,,,,,,,,,,,,,,,,,,,,,,,,,,,,,,,,,,,,,,,,,,,,,,,,,,TN,TN
autoland,4767314,1,247a31fb40b3ac0b152bd3554743d742a3892fe3,linux1804-64-shippable-qr,True,False,,,102210fe594ee9b33d82058545b1ed14f4c8206e,id-getter-5.html,perf_reftest_singletons,True,perf_reftest_singletons id-getter-5.html opt e10s fission stylo webrender,4767299,77,ms,firefox,,1738003086,2023-08-09 13:49:06,524.75,46b5603cd2b8de629b659ec8d44fc7b086782c46,1285020,,,,,,,,,,,,,,,,,,,,,,,,,,,,,,,,,,,,,,,,,,,,,,,,,,,,,,,,,,,,,TN,TN
autoland,4767314,1,247a31fb40b3ac0b152bd3554743d742a3892fe3,linux1804-64-shippable-qr,True,False,,,102210fe594ee9b33d82058545b1ed14f4c8206e,id-getter-5.html,perf_reftest_singletons,True,perf_reftest_singletons id-getter-5.html opt e10s fission stylo webrender,4767299,77,ms,firefox,,1738198005,2023-08-09 17:29:37,527.5500000000001,299828b58af2fd55f393babed8ea8db6425040df,1285186,,,,,,,,,,,,,,,,,,,,,,,,,,,,,,,,,,,,,,,,,,,,,,,,,,,,,,,,,,,,,TN,TN
autoland,4767314,1,247a31fb40b3ac0b152bd3554743d742a3892fe3,linux1804-64-shippable-qr,True,False,,,102210fe594ee9b33d82058545b1ed14f4c8206e,id-getter-5.html,perf_reftest_singletons,True,perf_reftest_singletons id-getter-5.html opt e10s fission stylo webrender,4767299,77,ms,firefox,,1738302642,2023-08-09 20:56:32,526.63,9766f63db97d1b85b2f2f47d2b3cb3ee3782ae85,1285337,,,,,,,,,,,,,,,,,,,,,,,,,,,,,,,,,,,,,,,,,,,,,,,,,,,,,,,,,,,,,TN,TN
autoland,4767314,1,247a31fb40b3ac0b152bd3554743d742a3892fe3,linux1804-64-shippable-qr,True,False,,,102210fe594ee9b33d82058545b1ed14f4c8206e,id-getter-5.html,perf_reftest_singletons,True,perf_reftest_singletons id-getter-5.html opt e10s fission stylo webrender,4767299,77,ms,firefox,,1738382325,2023-08-10 01:02:34,542.14,b2b54f91567d2de224314e03fc81ba6e815e2fa7,1285442,,,,,,,,,,,,,,,,,,,,,,,,,,,,,,,,,,,,,,,,,,,,,,,,,,,,,,,,,,,,,TN,TN
autoland,4767314,1,247a31fb40b3ac0b152bd3554743d742a3892fe3,linux1804-64-shippable-qr,True,False,,,102210fe594ee9b33d82058545b1ed14f4c8206e,id-getter-5.html,perf_reftest_singletons,True,perf_reftest_singletons id-getter-5.html opt e10s fission stylo webrender,4767299,77,ms,firefox,,1738423356,2023-08-10 02:22:08,524.0999999999999,7704c89f0e6bc2ca33282a228b42fb5cd7aa072c,1285454,,,,,,,,,,,,,,,,,,,,,,,,,,,,,,,,,,,,,,,,,,,,,,,,,,,,,,,,,,,,,TN,TN
autoland,4767314,1,247a31fb40b3ac0b152bd3554743d742a3892fe3,linux1804-64-shippable-qr,True,False,,,102210fe594ee9b33d82058545b1ed14f4c8206e,id-getter-5.html,perf_reftest_singletons,True,perf_reftest_singletons id-getter-5.html opt e10s fission stylo webrender,4767299,77,ms,firefox,,1738528200,2023-08-10 06:54:21,535.37,24eb42c9b3d9f910ba5afe124232608f70532552,1285524,,,,,,,,,,,,,,,,,,,,,,,,,,,,,,,,,,,,,,,,,,,,,,,,,,,,,,,,,,,,,TN,TN
autoland,4767314,1,247a31fb40b3ac0b152bd3554743d742a3892fe3,linux1804-64-shippable-qr,True,False,,,102210fe594ee9b33d82058545b1ed14f4c8206e,id-getter-5.html,perf_reftest_singletons,True,perf_reftest_singletons id-getter-5.html opt e10s fission stylo webrender,4767299,77,ms,firefox,,1738547546,2023-08-10 07:38:16,526.95,f688cd32ea991c3f0e62e19b43efc48cb4cc183a,1285542,,,,,,,,,,,,,,,,,,,,,,,,,,,,,,,,,,,,,,,,,,,,,,,,,,,,,,,,,,,,,TN,TN
autoland,4767314,1,247a31fb40b3ac0b152bd3554743d742a3892fe3,linux1804-64-shippable-qr,True,False,,,102210fe594ee9b33d82058545b1ed14f4c8206e,id-getter-5.html,perf_reftest_singletons,True,perf_reftest_singletons id-getter-5.html opt e10s fission stylo webrender,4767299,77,ms,firefox,,1738642791,2023-08-10 11:47:02,528.39,b544a2a999190b3345911b807fac8392e1360811,1285658,,,,,,,,,,,,,,,,,,,,,,,,,,,,,,,,,,,,,,,,,,,,,,,,,,,,,,,,,,,,,TN,TN
autoland,4767314,1,247a31fb40b3ac0b152bd3554743d742a3892fe3,linux1804-64-shippable-qr,True,False,,,102210fe594ee9b33d82058545b1ed14f4c8206e,id-getter-5.html,perf_reftest_singletons,True,perf_reftest_singletons id-getter-5.html opt e10s fission stylo webrender,4767299,77,ms,firefox,,1738678686,2023-08-10 13:06:38,532.2,11f47f2a1cf08c1e0b5bb6374f2a7dd1f49c8cac,1285701,,,,,,,,,,,,,,,,,,,,,,,,,,,,,,,,,,,,,,,,,,,,,,,,,,,,,,,,,,,,,TN,TN
autoland,4767314,1,247a31fb40b3ac0b152bd3554743d742a3892fe3,linux1804-64-shippable-qr,True,False,,,102210fe594ee9b33d82058545b1ed14f4c8206e,id-getter-5.html,perf_reftest_singletons,True,perf_reftest_singletons id-getter-5.html opt e10s fission stylo webrender,4767299,77,ms,firefox,,1738774322,2023-08-10 16:07:39,541.2,42a4b2af29229dbfd0675767afaf6965d292e4a7,1285800,,,,,,,,,,,,,,,,,,,,,,,,,,,,,,,,,,,,,,,,,,,,,,,,,,,,,,,,,,,,,TN,TN
autoland,4767314,1,247a31fb40b3ac0b152bd3554743d742a3892fe3,linux1804-64-shippable-qr,True,False,,,102210fe594ee9b33d82058545b1ed14f4c8206e,id-getter-5.html,perf_reftest_singletons,True,perf_reftest_singletons id-getter-5.html opt e10s fission stylo webrender,4767299,77,ms,firefox,,1738855700,2023-08-10 18:32:11,530.43,fae9c8496544fb4597f4094d95b81fdefec01628,1285918,,,,,,,,,,,,,,,,,,,,,,,,,,,,,,,,,,,,,,,,,,,,,,,,,,,,,,,,,,,,,TN,TN
autoland,4767314,1,247a31fb40b3ac0b152bd3554743d742a3892fe3,linux1804-64-shippable-qr,True,False,,,102210fe594ee9b33d82058545b1ed14f4c8206e,id-getter-5.html,perf_reftest_singletons,True,perf_reftest_singletons id-getter-5.html opt e10s fission stylo webrender,4767299,77,ms,firefox,,1738964691,2023-08-10 21:59:13,530.25,389f1009f2db207be63aacd4c9c54990f9d1104b,1286074,,,,,,,,,,,,,,,,,,,,,,,,,,,,,,,,,,,,,,,,,,,,,,,,,,,,,,,,,,,,,TN,TN
autoland,4767314,1,247a31fb40b3ac0b152bd3554743d742a3892fe3,linux1804-64-shippable-qr,True,False,,,102210fe594ee9b33d82058545b1ed14f4c8206e,id-getter-5.html,perf_reftest_singletons,True,perf_reftest_singletons id-getter-5.html opt e10s fission stylo webrender,4767299,77,ms,firefox,,1739007742,2023-08-11 03:08:44,528.3,05da0ca6db46baad5f6e45489d80d5097053bb42,1286160,,,,,,,,,,,,,,,,,,,,,,,,,,,,,,,,,,,,,,,,,,,,,,,,,,,,,,,,,,,,,TN,TN
autoland,4767314,1,247a31fb40b3ac0b152bd3554743d742a3892fe3,linux1804-64-shippable-qr,True,False,,,102210fe594ee9b33d82058545b1ed14f4c8206e,id-getter-5.html,perf_reftest_singletons,True,perf_reftest_singletons id-getter-5.html opt e10s fission stylo webrender,4767299,77,ms,firefox,,1739081484,2023-08-11 07:27:06,522.02,efb44db563b1abcb74959e12c6ce8e577cd213f2,1286189,,,,,,,,,,,,,,,,,,,,,,,,,,,,,,,,,,,,,,,,,,,,,,,,,,,,,,,,,,,,,TN,TN
autoland,4767314,1,247a31fb40b3ac0b152bd3554743d742a3892fe3,linux1804-64-shippable-qr,True,False,,,102210fe594ee9b33d82058545b1ed14f4c8206e,id-getter-5.html,perf_reftest_singletons,True,perf_reftest_singletons id-getter-5.html opt e10s fission stylo webrender,4767299,77,ms,firefox,,1739117520,2023-08-11 08:27:25,524.5699999999999,cda91469ef2a9b195d09f702816a5f7aec451d02,1286199,,,,,,,,,,,,,,,,,,,,,,,,,,,,,,,,,,,,,,,,,,,,,,,,,,,,,,,,,,,,,TN,TN
autoland,4767314,1,247a31fb40b3ac0b152bd3554743d742a3892fe3,linux1804-64-shippable-qr,True,False,,,102210fe594ee9b33d82058545b1ed14f4c8206e,id-getter-5.html,perf_reftest_singletons,True,perf_reftest_singletons id-getter-5.html opt e10s fission stylo webrender,4767299,77,ms,firefox,,1739249964,2023-08-11 14:16:15,540.3199999999999,21aaca8e9cca74e93bf7c9c3a6c05b78a0d46a06,1286315,,,,,,,,,,,,,,,,,,,,,,,,,,,,,,,,,,,,,,,,,,,,,,,,,,,,,,,,,,,,,TN,TN
autoland,4767314,1,247a31fb40b3ac0b152bd3554743d742a3892fe3,linux1804-64-shippable-qr,True,False,,,102210fe594ee9b33d82058545b1ed14f4c8206e,id-getter-5.html,perf_reftest_singletons,True,perf_reftest_singletons id-getter-5.html opt e10s fission stylo webrender,4767299,77,ms,firefox,,1739295098,2023-08-11 16:12:07,526.63,16838b515ded4549918a4ebf3e3fa8a0b427e1f4,1286403,,,,,,,,,,,,,,,,,,,,,,,,,,,,,,,,,,,,,,,,,,,,,,,,,,,,,,,,,,,,,TN,TN
autoland,4767314,1,247a31fb40b3ac0b152bd3554743d742a3892fe3,linux1804-64-shippable-qr,True,False,,,102210fe594ee9b33d82058545b1ed14f4c8206e,id-getter-5.html,perf_reftest_singletons,True,perf_reftest_singletons id-getter-5.html opt e10s fission stylo webrender,4767299,77,ms,firefox,,1739409207,2023-08-11 20:27:04,527.47,700d98d93bde10f22824d5d41b863f4a108f832b,1286565,,,,,,,,,,,,,,,,,,,,,,,,,,,,,,,,,,,,,,,,,,,,,,,,,,,,,,,,,,,,,TN,TN
autoland,4767314,1,247a31fb40b3ac0b152bd3554743d742a3892fe3,linux1804-64-shippable-qr,True,False,,,102210fe594ee9b33d82058545b1ed14f4c8206e,id-getter-5.html,perf_reftest_singletons,True,perf_reftest_singletons id-getter-5.html opt e10s fission stylo webrender,4767299,77,ms,firefox,,1739569773,2023-08-12 05:14:02,525.53,8dd752fc2bce87d04b7ae3bab02bb57d59c64e8a,1286635,,,,,,,,,,,,,,,,,,,,,,,,,,,,,,,,,,,,,,,,,,,,,,,,,,,,,,,,,,,,,TN,TN
autoland,4767314,1,247a31fb40b3ac0b152bd3554743d742a3892fe3,linux1804-64-shippable-qr,True,False,,,102210fe594ee9b33d82058545b1ed14f4c8206e,id-getter-5.html,perf_reftest_singletons,True,perf_reftest_singletons id-getter-5.html opt e10s fission stylo webrender,4767299,77,ms,firefox,,1739558535,2023-08-12 05:14:50,523.31,f20040ae7b2f3e1499ea3b90639fd96566103125,1286636,,,,,,,,,,,,,,,,,,,,,,,,,,,,,,,,,,,,,,,,,,,,,,,,,,,,,,,,,,,,,TN,TN
autoland,4767314,1,247a31fb40b3ac0b152bd3554743d742a3892fe3,linux1804-64-shippable-qr,True,False,,,102210fe594ee9b33d82058545b1ed14f4c8206e,id-getter-5.html,perf_reftest_singletons,True,perf_reftest_singletons id-getter-5.html opt e10s fission stylo webrender,4767299,77,ms,firefox,,1739628113,2023-08-12 12:22:39,529.43,6386291adbedd6140dfbf10b071e5cc82f5433a1,1286663,,,,,,,,,,,,,,,,,,,,,,,,,,,,,,,,,,,,,,,,,,,,,,,,,,,,,,,,,,,,,TN,TN
autoland,4767314,1,247a31fb40b3ac0b152bd3554743d742a3892fe3,linux1804-64-shippable-qr,True,False,,,102210fe594ee9b33d82058545b1ed14f4c8206e,id-getter-5.html,perf_reftest_singletons,True,perf_reftest_singletons id-getter-5.html opt e10s fission stylo webrender,4767299,77,ms,firefox,,1739674062,2023-08-12 17:53:09,537.79,9a15449ff274a89d15ae4d345601385b371c2dff,1286688,,,,,,,,,,,,,,,,,,,,,,,,,,,,,,,,,,,,,,,,,,,,,,,,,,,,,,,,,,,,,TN,TN
autoland,4767314,1,247a31fb40b3ac0b152bd3554743d742a3892fe3,linux1804-64-shippable-qr,True,False,,,102210fe594ee9b33d82058545b1ed14f4c8206e,id-getter-5.html,perf_reftest_singletons,True,perf_reftest_singletons id-getter-5.html opt e10s fission stylo webrender,4767299,77,ms,firefox,,1739747332,2023-08-13 04:26:09,534.84,dcf2ddfaffbf9900de8ba4a674708bf996d147b6,1286737,,,,,,,,,,,,,,,,,,,,,,,,,,,,,,,,,,,,,,,,,,,,,,,,,,,,,,,,,,,,,TN,TN
autoland,4767314,1,247a31fb40b3ac0b152bd3554743d742a3892fe3,linux1804-64-shippable-qr,True,False,,,102210fe594ee9b33d82058545b1ed14f4c8206e,id-getter-5.html,perf_reftest_singletons,True,perf_reftest_singletons id-getter-5.html opt e10s fission stylo webrender,4767299,77,ms,firefox,,1739816990,2023-08-13 16:54:11,533.72,cbfbab86b8f2ad4e39c90caa2d8e55102609b72d,1286762,,,,,,,,,,,,,,,,,,,,,,,,,,,,,,,,,,,,,,,,,,,,,,,,,,,,,,,,,,,,,TN,TN
autoland,4767314,1,247a31fb40b3ac0b152bd3554743d742a3892fe3,linux1804-64-shippable-qr,True,False,,,102210fe594ee9b33d82058545b1ed14f4c8206e,id-getter-5.html,perf_reftest_singletons,True,perf_reftest_singletons id-getter-5.html opt e10s fission stylo webrender,4767299,77,ms,firefox,,1739911244,2023-08-14 00:32:30,526.73,bdeed1276a3515d597485fc241f9757ff607a9d1,1286792,,,,,,,,,,,,,,,,,,,,,,,,,,,,,,,,,,,,,,,,,,,,,,,,,,,,,,,,,,,,,TN,TN
autoland,4767314,1,247a31fb40b3ac0b152bd3554743d742a3892fe3,linux1804-64-shippable-qr,True,False,,,102210fe594ee9b33d82058545b1ed14f4c8206e,id-getter-5.html,perf_reftest_singletons,True,perf_reftest_singletons id-getter-5.html opt e10s fission stylo webrender,4767299,77,ms,firefox,,1739947456,2023-08-14 06:39:21,525.94,a5bcd3edffd78b69932e1ea7c5dda0894107edaa,1286822,,,,,,,,,,,,,,,,,,,,,,,,,,,,,,,,,,,,,,,,,,,,,,,,,,,,,,,,,,,,,TN,TN
autoland,4767314,1,247a31fb40b3ac0b152bd3554743d742a3892fe3,linux1804-64-shippable-qr,True,False,,,102210fe594ee9b33d82058545b1ed14f4c8206e,id-getter-5.html,perf_reftest_singletons,True,perf_reftest_singletons id-getter-5.html opt e10s fission stylo webrender,4767299,77,ms,firefox,,1740036258,2023-08-14 10:48:55,522.49,64a1445ac4138d208b6412914b12fd0a2e9ff945,1286891,,,,,,,,,,,,,,,,,,,,,,,,,,,,,,,,,,,,,,,,,,,,,,,,,,,,,,,,,,,,,TN,TN
autoland,4767314,1,247a31fb40b3ac0b152bd3554743d742a3892fe3,linux1804-64-shippable-qr,True,False,,,102210fe594ee9b33d82058545b1ed14f4c8206e,id-getter-5.html,perf_reftest_singletons,True,perf_reftest_singletons id-getter-5.html opt e10s fission stylo webrender,4767299,77,ms,firefox,,1740079133,2023-08-14 14:03:37,532.39,966f06db181d109fbc6ac97a296ac28efbb8a5f2,1286990,,,,,,,,,,,,,,,,,,,,,,,,,,,,,,,,,,,,,,,,,,,,,,,,,,,,,,,,,,,,,TN,TN
autoland,4767314,1,247a31fb40b3ac0b152bd3554743d742a3892fe3,linux1804-64-shippable-qr,True,False,,,102210fe594ee9b33d82058545b1ed14f4c8206e,id-getter-5.html,perf_reftest_singletons,True,perf_reftest_singletons id-getter-5.html opt e10s fission stylo webrender,4767299,77,ms,firefox,,1740169007,2023-08-14 16:54:04,532.41,5b1987d52ae19ebe1b311fec0f664563b5bf198d,1287092,,,,,,,,,,,,,,,,,,,,,,,,,,,,,,,,,,,,,,,,,,,,,,,,,,,,,,,,,,,,,TN,TN
autoland,4767314,1,247a31fb40b3ac0b152bd3554743d742a3892fe3,linux1804-64-shippable-qr,True,False,,,102210fe594ee9b33d82058545b1ed14f4c8206e,id-getter-5.html,perf_reftest_singletons,True,perf_reftest_singletons id-getter-5.html opt e10s fission stylo webrender,4767299,77,ms,firefox,,1740290152,2023-08-14 21:20:15,534.2,7081c01a8f314a82bc3c055c11f0880dc2b706fb,1287268,,,,,,,,,,,,,,,,,,,,,,,,,,,,,,,,,,,,,,,,,,,,,,,,,,,,,,,,,,,,,TN,TN
autoland,4767314,1,247a31fb40b3ac0b152bd3554743d742a3892fe3,linux1804-64-shippable-qr,True,False,,,102210fe594ee9b33d82058545b1ed14f4c8206e,id-getter-5.html,perf_reftest_singletons,True,perf_reftest_singletons id-getter-5.html opt e10s fission stylo webrender,4767299,77,ms,firefox,,1740367365,2023-08-14 23:25:21,538.06,88ec6682eab1c5c36cb839c8db0156446559a1cb,1287331,,,,,,,,,,,,,,,,,,,,,,,,,,,,,,,,,,,,,,,,,,,,,,,,,,,,,,,,,,,,,TN,TN
autoland,4767314,1,247a31fb40b3ac0b152bd3554743d742a3892fe3,linux1804-64-shippable-qr,True,False,,,102210fe594ee9b33d82058545b1ed14f4c8206e,id-getter-5.html,perf_reftest_singletons,True,perf_reftest_singletons id-getter-5.html opt e10s fission stylo webrender,4767299,77,ms,firefox,,1740429938,2023-08-15 03:40:03,530.25,ef2753ba331b17b408096bfd42e83a91039b995d,1287395,,,,,,,,,,,,,,,,,,,,,,,,,,,,,,,,,,,,,,,,,,,,,,,,,,,,,,,,,,,,,TN,TN
autoland,4767314,1,247a31fb40b3ac0b152bd3554743d742a3892fe3,linux1804-64-shippable-qr,True,False,,,102210fe594ee9b33d82058545b1ed14f4c8206e,id-getter-5.html,perf_reftest_singletons,True,perf_reftest_singletons id-getter-5.html opt e10s fission stylo webrender,4767299,77,ms,firefox,,1740644279,2023-08-15 12:15:00,532.12,0038346134ec0c0912660c19edced48ff4c9996b,1287534,,,,,,,,,,,,,,,,,,,,,,,,,,,,,,,,,,,,,,,,,,,,,,,,,,,,,,,,,,,,,TN,TN
autoland,4767314,1,247a31fb40b3ac0b152bd3554743d742a3892fe3,linux1804-64-shippable-qr,True,False,,,102210fe594ee9b33d82058545b1ed14f4c8206e,id-getter-5.html,perf_reftest_singletons,True,perf_reftest_singletons id-getter-5.html opt e10s fission stylo webrender,4767299,77,ms,firefox,,1740627387,2023-08-15 12:16:05,542.63,34ea39f6bd8afd706e571c5a5c5557f8f02274c7,1287535,,,,,,,,,,,,,,,,,,,,,,,,,,,,,,,,,,,,,,,,,,,,,,,,,,,,,,,,,,,,,TN,TN
autoland,4767314,1,247a31fb40b3ac0b152bd3554743d742a3892fe3,linux1804-64-shippable-qr,True,False,,,102210fe594ee9b33d82058545b1ed14f4c8206e,id-getter-5.html,perf_reftest_singletons,True,perf_reftest_singletons id-getter-5.html opt e10s fission stylo webrender,4767299,77,ms,firefox,,1740811107,2023-08-15 17:48:00,536.6999999999999,c01a1256082294777509d59591b44cc1a9a54101,1287732,,,,,,,,,,,,,,,,,,,,,,,,,,,,,,,,,,,,,,,,,,,,,,,,,,,,,,,,,,,,,TN,TN
autoland,4767314,1,247a31fb40b3ac0b152bd3554743d742a3892fe3,linux1804-64-shippable-qr,True,False,,,102210fe594ee9b33d82058545b1ed14f4c8206e,id-getter-5.html,perf_reftest_singletons,True,perf_reftest_singletons id-getter-5.html opt e10s fission stylo webrender,4767299,77,ms,firefox,,1740913741,2023-08-15 20:18:28,521.14,b6d00af33f9f1879900a9ff148f77a03de4ca507,1287829,,,,,,,,,,,,,,,,,,,,,,,,,,,,,,,,,,,,,,,,,,,,,,,,,,,,,,,,,,,,,TN,TN
autoland,4767314,1,247a31fb40b3ac0b152bd3554743d742a3892fe3,linux1804-64-shippable-qr,True,False,,,102210fe594ee9b33d82058545b1ed14f4c8206e,id-getter-5.html,perf_reftest_singletons,True,perf_reftest_singletons id-getter-5.html opt e10s fission stylo webrender,4767299,77,ms,firefox,,1741037228,2023-08-16 01:44:13,528.05,af1979bb2dd22b96889d47af7852253d7f161693,1287987,,,,,,,,,,,,,,,,,,,,,,,,,,,,,,,,,,,,,,,,,,,,,,,,,,,,,,,,,,,,,TN,TN
autoland,4767314,1,247a31fb40b3ac0b152bd3554743d742a3892fe3,linux1804-64-shippable-qr,True,False,,,102210fe594ee9b33d82058545b1ed14f4c8206e,id-getter-5.html,perf_reftest_singletons,True,perf_reftest_singletons id-getter-5.html opt e10s fission stylo webrender,4767299,77,ms,firefox,,1741140953,2023-08-16 06:09:24,521.6700000000001,4d7123b9c5729f33db3288141ea7502fae3cbadc,1288100,,,,,,,,,,,,,,,,,,,,,,,,,,,,,,,,,,,,,,,,,,,,,,,,,,,,,,,,,,,,,TN,TN
autoland,4767314,1,247a31fb40b3ac0b152bd3554743d742a3892fe3,linux1804-64-shippable-qr,True,False,,,102210fe594ee9b33d82058545b1ed14f4c8206e,id-getter-5.html,perf_reftest_singletons,True,perf_reftest_singletons id-getter-5.html opt e10s fission stylo webrender,4767299,77,ms,firefox,,1741178533,2023-08-16 07:28:11,523.4100000000001,3ba3d3cb9bb7860efcbb623d34fc5d721fc7cfcb,1288129,,,,,,,,,,,,,,,,,,,,,,,,,,,,,,,,,,,,,,,,,,,,,,,,,,,,,,,,,,,,,TN,TN
autoland,4767314,1,247a31fb40b3ac0b152bd3554743d742a3892fe3,linux1804-64-shippable-qr,True,False,,,102210fe594ee9b33d82058545b1ed14f4c8206e,id-getter-5.html,perf_reftest_singletons,True,perf_reftest_singletons id-getter-5.html opt e10s fission stylo webrender,4767299,77,ms,firefox,,1741293655,2023-08-16 10:40:28,529.8499999999999,3cbe8cb45dab35d18ef4ffb5481be55dfabf47c7,1288233,,,,,,,,,,,,,,,,,,,,,,,,,,,,,,,,,,,,,,,,,,,,,,,,,,,,,,,,,,,,,TN,TN
autoland,4767314,1,247a31fb40b3ac0b152bd3554743d742a3892fe3,linux1804-64-shippable-qr,True,False,,,102210fe594ee9b33d82058545b1ed14f4c8206e,id-getter-5.html,perf_reftest_singletons,True,perf_reftest_singletons id-getter-5.html opt e10s fission stylo webrender,4767299,77,ms,firefox,,1741401258,2023-08-16 14:37:22,528.96,1cafd355bbcf32aae501b9419edec5e7c8a59968,1288343,,,,,,,,,,,,,,,,,,,,,,,,,,,,,,,,,,,,,,,,,,,,,,,,,,,,,,,,,,,,,TN,TN
autoland,4767314,1,247a31fb40b3ac0b152bd3554743d742a3892fe3,linux1804-64-shippable-qr,True,False,,,102210fe594ee9b33d82058545b1ed14f4c8206e,id-getter-5.html,perf_reftest_singletons,True,perf_reftest_singletons id-getter-5.html opt e10s fission stylo webrender,4767299,77,ms,firefox,,1741581270,2023-08-16 18:57:22,550.01,1c8dec8815d59d488dc44109a4361dcec573ec0a,1288496,,,,,,,,,,,,,,,,,,,,,,,,,,,,,,,,,,,,,,,,,,,,,,,,,,,,,,,,,,,,,TN,TN
autoland,4767314,1,247a31fb40b3ac0b152bd3554743d742a3892fe3,linux1804-64-shippable-qr,True,False,,,102210fe594ee9b33d82058545b1ed14f4c8206e,id-getter-5.html,perf_reftest_singletons,True,perf_reftest_singletons id-getter-5.html opt e10s fission stylo webrender,4767299,77,ms,firefox,,1741689716,2023-08-16 23:04:52,516.63,4e21d241af64f5d1f3b4796d48ab8d58a961f081,1288666,,,,,,,,,,,,,,,,,,,,,,,,,,,,,,,,,,,,,,,,,,,,,,,,,,,,,,,,,,,,,TN,TN
autoland,4767314,1,247a31fb40b3ac0b152bd3554743d742a3892fe3,linux1804-64-shippable-qr,True,False,,,102210fe594ee9b33d82058545b1ed14f4c8206e,id-getter-5.html,perf_reftest_singletons,True,perf_reftest_singletons id-getter-5.html opt e10s fission stylo webrender,4767299,77,ms,firefox,,1741708573,2023-08-16 23:22:50,528.14,200aa08042f1b584401fd4aca219d4b68edf7973,1288675,,,,,,,,,,,,,,,,,,,,,,,,,,,,,,,,,,,,,,,,,,,,,,,,,,,,,,,,,,,,,TN,TN
autoland,4767314,1,247a31fb40b3ac0b152bd3554743d742a3892fe3,linux1804-64-shippable-qr,True,False,,,102210fe594ee9b33d82058545b1ed14f4c8206e,id-getter-5.html,perf_reftest_singletons,True,perf_reftest_singletons id-getter-5.html opt e10s fission stylo webrender,4767299,77,ms,firefox,,1741813453,2023-08-17 04:16:28,537.8900000000001,18db2934736dc8d16e5b5840ec0b170aef5c0c3b,1288753,,,,,,,,,,,,,,,,,,,,,,,,,,,,,,,,,,,,,,,,,,,,,,,,,,,,,,,,,,,,,TN,TN
autoland,4767314,1,247a31fb40b3ac0b152bd3554743d742a3892fe3,linux1804-64-shippable-qr,True,False,,,102210fe594ee9b33d82058545b1ed14f4c8206e,id-getter-5.html,perf_reftest_singletons,True,perf_reftest_singletons id-getter-5.html opt e10s fission stylo webrender,4767299,77,ms,firefox,,1741929833,2023-08-17 08:24:55,539.44,bee27401511bf375891968a9ca78d7ef74d19962,1288813,,,,,,,,,,,,,,,,,,,,,,,,,,,,,,,,,,,,,,,,,,,,,,,,,,,,,,,,,,,,,TN,TN
autoland,4767314,1,247a31fb40b3ac0b152bd3554743d742a3892fe3,linux1804-64-shippable-qr,True,False,,,102210fe594ee9b33d82058545b1ed14f4c8206e,id-getter-5.html,perf_reftest_singletons,True,perf_reftest_singletons id-getter-5.html opt e10s fission stylo webrender,4767299,77,ms,firefox,,1741999309,2023-08-17 10:09:55,521.52,78e7cb2837e7dec0ef55a2f5f383625335ad2520,1288847,,,,,,,,,,,,,,,,,,,,,,,,,,,,,,,,,,,,,,,,,,,,,,,,,,,,,,,,,,,,,TN,TN
autoland,4767314,1,247a31fb40b3ac0b152bd3554743d742a3892fe3,linux1804-64-shippable-qr,True,False,,,102210fe594ee9b33d82058545b1ed14f4c8206e,id-getter-5.html,perf_reftest_singletons,True,perf_reftest_singletons id-getter-5.html opt e10s fission stylo webrender,4767299,77,ms,firefox,,1742146748,2023-08-17 14:34:38,543.45,776fbad509150f69418e1f44fa2580c651211253,1288953,,,,,,,,,,,,,,,,,,,,,,,,,,,,,,,,,,,,,,,,,,,,,,,,,,,,,,,,,,,,,TN,TN
autoland,4767314,1,247a31fb40b3ac0b152bd3554743d742a3892fe3,linux1804-64-shippable-qr,True,False,,,102210fe594ee9b33d82058545b1ed14f4c8206e,id-getter-5.html,perf_reftest_singletons,True,perf_reftest_singletons id-getter-5.html opt e10s fission stylo webrender,4767299,77,ms,firefox,,1742165724,2023-08-17 16:13:13,523.4000000000001,aac1f1d71d5251ffb80e7a22087e1c473e53069d,1289025,,,,,,,,,,,,,,,,,,,,,,,,,,,,,,,,,,,,,,,,,,,,,,,,,,,,,,,,,,,,,TN,TN
autoland,4767314,1,247a31fb40b3ac0b152bd3554743d742a3892fe3,linux1804-64-shippable-qr,True,False,,,102210fe594ee9b33d82058545b1ed14f4c8206e,id-getter-5.html,perf_reftest_singletons,True,perf_reftest_singletons id-getter-5.html opt e10s fission stylo webrender,4767299,77,ms,firefox,,1742343126,2023-08-17 19:44:04,530.13,e3a24ea4f8b0be504990cbc266d7af273804678e,1289144,,,,,,,,,,,,,,,,,,,,,,,,,,,,,,,,,,,,,,,,,,,,,,,,,,,,,,,,,,,,,TN,TN
autoland,4767314,1,247a31fb40b3ac0b152bd3554743d742a3892fe3,linux1804-64-shippable-qr,True,False,,,102210fe594ee9b33d82058545b1ed14f4c8206e,id-getter-5.html,perf_reftest_singletons,True,perf_reftest_singletons id-getter-5.html opt e10s fission stylo webrender,4767299,77,ms,firefox,,1742444049,2023-08-18 00:01:41,526.97,990790cb4b9bfd20fd7683f2815d50585f5dcba2,1289285,,,,,,,,,,,,,,,,,,,,,,,,,,,,,,,,,,,,,,,,,,,,,,,,,,,,,,,,,,,,,TN,TN
autoland,4767314,1,247a31fb40b3ac0b152bd3554743d742a3892fe3,linux1804-64-shippable-qr,True,False,,,102210fe594ee9b33d82058545b1ed14f4c8206e,id-getter-5.html,perf_reftest_singletons,True,perf_reftest_singletons id-getter-5.html opt e10s fission stylo webrender,4767299,77,ms,firefox,,1742622083,2023-08-18 04:25:36,530.76,deca2c956e89b8e65d2a1b0fcb79db8b991a7046,1289346,,,,,,,,,,,,,,,,,,,,,,,,,,,,,,,,,,,,,,,,,,,,,,,,,,,,,,,,,,,,,TN,TN
autoland,4767314,1,247a31fb40b3ac0b152bd3554743d742a3892fe3,linux1804-64-shippable-qr,True,False,,,102210fe594ee9b33d82058545b1ed14f4c8206e,id-getter-5.html,perf_reftest_singletons,True,perf_reftest_singletons id-getter-5.html opt e10s fission stylo webrender,4767299,77,ms,firefox,,1742663321,2023-08-18 05:21:52,528.22,87da0265a044885f5ed64cc9ce2b961721d2142e,1289351,,,,,,,,,,,,,,,,,,,,,,,,,,,,,,,,,,,,,,,,,,,,,,,,,,,,,,,,,,,,,TN,TN
autoland,4767314,1,247a31fb40b3ac0b152bd3554743d742a3892fe3,linux1804-64-shippable-qr,True,False,,,102210fe594ee9b33d82058545b1ed14f4c8206e,id-getter-5.html,perf_reftest_singletons,True,perf_reftest_singletons id-getter-5.html opt e10s fission stylo webrender,4767299,77,ms,firefox,,1742815098,2023-08-18 14:09:35,538.5,e2305368eaae41c8b47dd15f03addc2ec4fe0504,1289469,,,,,,,,,,,,,,,,,,,,,,,,,,,,,,,,,,,,,,,,,,,,,,,,,,,,,,,,,,,,,TN,TN
autoland,4767314,1,247a31fb40b3ac0b152bd3554743d742a3892fe3,linux1804-64-shippable-qr,True,False,,,102210fe594ee9b33d82058545b1ed14f4c8206e,id-getter-5.html,perf_reftest_singletons,True,perf_reftest_singletons id-getter-5.html opt e10s fission stylo webrender,4767299,77,ms,firefox,,1742946805,2023-08-18 19:46:30,527.5699999999999,62feb2305afdcba50bd84b58cd2ab152d53c61e7,1289627,,,,,,,,,,,,,,,,,,,,,,,,,,,,,,,,,,,,,,,,,,,,,,,,,,,,,,,,,,,,,TN,TN
autoland,4767314,1,247a31fb40b3ac0b152bd3554743d742a3892fe3,linux1804-64-shippable-qr,True,False,,,102210fe594ee9b33d82058545b1ed14f4c8206e,id-getter-5.html,perf_reftest_singletons,True,perf_reftest_singletons id-getter-5.html opt e10s fission stylo webrender,4767299,77,ms,firefox,,1743059982,2023-08-19 05:41:08,548.5799999999999,9814020284505cbc4a6075b3b7aba216be0632f8,1289731,,,,,,,,,,,,,,,,,,,,,,,,,,,,,,,,,,,,,,,,,,,,,,,,,,,,,,,,,,,,,TN,TN
autoland,4767314,1,247a31fb40b3ac0b152bd3554743d742a3892fe3,linux1804-64-shippable-qr,True,False,,,102210fe594ee9b33d82058545b1ed14f4c8206e,id-getter-5.html,perf_reftest_singletons,True,perf_reftest_singletons id-getter-5.html opt e10s fission stylo webrender,4767299,77,ms,firefox,,1743120103,2023-08-19 11:55:58,535.65,8fefefd6da577f8b3d842ea07120af9e964c09b5,1289750,,,,,,,,,,,,,,,,,,,,,,,,,,,,,,,,,,,,,,,,,,,,,,,,,,,,,,,,,,,,,TN,TN
autoland,4767314,1,247a31fb40b3ac0b152bd3554743d742a3892fe3,linux1804-64-shippable-qr,True,False,,,102210fe594ee9b33d82058545b1ed14f4c8206e,id-getter-5.html,perf_reftest_singletons,True,perf_reftest_singletons id-getter-5.html opt e10s fission stylo webrender,4767299,77,ms,firefox,,1743142643,2023-08-19 16:49:23,545.79,00ae001484c9ff1069878dc66b64e3cd07b706f4,1289762,,,,,,,,,,,,,,,,,,,,,,,,,,,,,,,,,,,,,,,,,,,,,,,,,,,,,,,,,,,,,TN,TN
autoland,4767314,1,247a31fb40b3ac0b152bd3554743d742a3892fe3,linux1804-64-shippable-qr,True,False,,,102210fe594ee9b33d82058545b1ed14f4c8206e,id-getter-5.html,perf_reftest_singletons,True,perf_reftest_singletons id-getter-5.html opt e10s fission stylo webrender,4767299,77,ms,firefox,,1743434980,2023-08-21 01:56:25,527.01,80d255ac1919800d21a7e2a610fbcd6fda43ed99,1289869,,,,,,,,,,,,,,,,,,,,,,,,,,,,,,,,,,,,,,,,,,,,,,,,,,,,,,,,,,,,,TN,TN
autoland,4767314,1,247a31fb40b3ac0b152bd3554743d742a3892fe3,linux1804-64-shippable-qr,True,False,,,102210fe594ee9b33d82058545b1ed14f4c8206e,id-getter-5.html,perf_reftest_singletons,True,perf_reftest_singletons id-getter-5.html opt e10s fission stylo webrender,4767299,77,ms,firefox,,1743503265,2023-08-21 07:01:47,526.12,a4b3b09ad08da2e5b588b641b24f767ff91e5912,1289886,,,,,,,,,,,,,,,,,,,,,,,,,,,,,,,,,,,,,,,,,,,,,,,,,,,,,,,,,,,,,TN,TN
autoland,4767314,1,247a31fb40b3ac0b152bd3554743d742a3892fe3,linux1804-64-shippable-qr,True,False,,,102210fe594ee9b33d82058545b1ed14f4c8206e,id-getter-5.html,perf_reftest_singletons,True,perf_reftest_singletons id-getter-5.html opt e10s fission stylo webrender,4767299,77,ms,firefox,,1743686528,2023-08-21 15:24:43,523.3599999999999,bc597f54f9cf91b3284e6f593c33ca79ec723077,1290025,,,,,,,,,,,,,,,,,,,,,,,,,,,,,,,,,,,,,,,,,,,,,,,,,,,,,,,,,,,,,TN,TN
autoland,4767314,1,247a31fb40b3ac0b152bd3554743d742a3892fe3,linux1804-64-shippable-qr,True,False,,,102210fe594ee9b33d82058545b1ed14f4c8206e,id-getter-5.html,perf_reftest_singletons,True,perf_reftest_singletons id-getter-5.html opt e10s fission stylo webrender,4767299,77,ms,firefox,,1743742905,2023-08-21 19:46:12,524.85,82b916987920b0a9e2071c575073cbcff078021a,1290082,,,,,,,,,,,,,,,,,,,,,,,,,,,,,,,,,,,,,,,,,,,,,,,,,,,,,,,,,,,,,TN,TN
autoland,4767314,1,247a31fb40b3ac0b152bd3554743d742a3892fe3,linux1804-64-shippable-qr,True,False,,,102210fe594ee9b33d82058545b1ed14f4c8206e,id-getter-5.html,perf_reftest_singletons,True,perf_reftest_singletons id-getter-5.html opt e10s fission stylo webrender,4767299,77,ms,firefox,,1743821456,2023-08-22 01:01:20,545.84,1bbf9fc4d2dc2a1ff3ccf67fb65cedc71fcc0291,1290123,,,,,,,,,,,,,,,,,,,,,,,,,,,,,,,,,,,,,,,,,,,,,,,,,,,,,,,,,,,,,TN,TN
autoland,4767314,1,247a31fb40b3ac0b152bd3554743d742a3892fe3,linux1804-64-shippable-qr,True,False,,,102210fe594ee9b33d82058545b1ed14f4c8206e,id-getter-5.html,perf_reftest_singletons,True,perf_reftest_singletons id-getter-5.html opt e10s fission stylo webrender,4767299,77,ms,firefox,,1744030458,2023-08-22 11:50:17,522.7199999999999,81c3a95411ab3d706659872a9aedef21494cac9c,1290203,,,,,,,,,,,,,,,,,,,,,,,,,,,,,,,,,,,,,,,,,,,,,,,,,,,,,,,,,,,,,TN,TN
autoland,4767314,1,247a31fb40b3ac0b152bd3554743d742a3892fe3,linux1804-64-shippable-qr,True,False,,,102210fe594ee9b33d82058545b1ed14f4c8206e,id-getter-5.html,perf_reftest_singletons,True,perf_reftest_singletons id-getter-5.html opt e10s fission stylo webrender,4767299,77,ms,firefox,,1744213463,2023-08-22 15:58:55,532.58,eccdb961d59ca1e4315f6b2d255d638be86d8f63,1290279,,,,,,,,,,,,,,,,,,,,,,,,,,,,,,,,,,,,,,,,,,,,,,,,,,,,,,,,,,,,,TN,TN
autoland,4767314,1,247a31fb40b3ac0b152bd3554743d742a3892fe3,linux1804-64-shippable-qr,True,False,,,102210fe594ee9b33d82058545b1ed14f4c8206e,id-getter-5.html,perf_reftest_singletons,True,perf_reftest_singletons id-getter-5.html opt e10s fission stylo webrender,4767299,77,ms,firefox,,1744238299,2023-08-22 16:02:39,534.55,ece9fb8fbedfa6acc08840151034f2468832c851,1290281,,,,,,,,,,,,,,,,,,,,,,,,,,,,,,,,,,,,,,,,,,,,,,,,,,,,,,,,,,,,,TN,TN
autoland,4767314,1,247a31fb40b3ac0b152bd3554743d742a3892fe3,linux1804-64-shippable-qr,True,False,,,102210fe594ee9b33d82058545b1ed14f4c8206e,id-getter-5.html,perf_reftest_singletons,True,perf_reftest_singletons id-getter-5.html opt e10s fission stylo webrender,4767299,77,ms,firefox,,1744315952,2023-08-22 20:17:58,530.22,a1487474ef2708086b96f2b3625f244382eb9f4a,1290386,,,,,,,,,,,,,,,,,,,,,,,,,,,,,,,,,,,,,,,,,,,,,,,,,,,,,,,,,,,,,TN,TN
autoland,4767314,1,247a31fb40b3ac0b152bd3554743d742a3892fe3,linux1804-64-shippable-qr,True,False,,,102210fe594ee9b33d82058545b1ed14f4c8206e,id-getter-5.html,perf_reftest_singletons,True,perf_reftest_singletons id-getter-5.html opt e10s fission stylo webrender,4767299,77,ms,firefox,,1744356947,2023-08-22 22:10:32,566.8399999999999,959c2f0abc19c494aba15ae7513fff9f59631cc1,1290435,,,,,,,,,,,,,,,,,,,,,,,,,,,,,,,,,,,,,,,,,,,,,,,,,,,,,,,,,,,,,TN,TN
autoland,4767314,1,247a31fb40b3ac0b152bd3554743d742a3892fe3,linux1804-64-shippable-qr,True,False,,,102210fe594ee9b33d82058545b1ed14f4c8206e,id-getter-5.html,perf_reftest_singletons,True,perf_reftest_singletons id-getter-5.html opt e10s fission stylo webrender,4767299,77,ms,firefox,,1744427088,2023-08-23 02:11:44,532.09,df1f27dc099011a97267a844e60b1350575fc73c,1290482,,,,,,,,,,,,,,,,,,,,,,,,,,,,,,,,,,,,,,,,,,,,,,,,,,,,,,,,,,,,,TN,TN
autoland,4767314,1,247a31fb40b3ac0b152bd3554743d742a3892fe3,linux1804-64-shippable-qr,True,False,,,102210fe594ee9b33d82058545b1ed14f4c8206e,id-getter-5.html,perf_reftest_singletons,True,perf_reftest_singletons id-getter-5.html opt e10s fission stylo webrender,4767299,77,ms,firefox,,1744537573,2023-08-23 06:45:25,525.81,991ab6dbc55b4783dc5a6f561a9cc22cb4408e38,1290546,,,,,,,,,,,,,,,,,,,,,,,,,,,,,,,,,,,,,,,,,,,,,,,,,,,,,,,,,,,,,TN,TN
autoland,4767314,1,247a31fb40b3ac0b152bd3554743d742a3892fe3,linux1804-64-shippable-qr,True,False,,,102210fe594ee9b33d82058545b1ed14f4c8206e,id-getter-5.html,perf_reftest_singletons,True,perf_reftest_singletons id-getter-5.html opt e10s fission stylo webrender,4767299,77,ms,firefox,,1744545630,2023-08-23 07:14:41,525.81,4a4d5e64aec5efa71e7c743f4c968544faee5332,1290556,,,,,,,,,,,,,,,,,,,,,,,,,,,,,,,,,,,,,,,,,,,,,,,,,,,,,,,,,,,,,TN,TN
autoland,4767314,1,247a31fb40b3ac0b152bd3554743d742a3892fe3,linux1804-64-shippable-qr,True,False,,,102210fe594ee9b33d82058545b1ed14f4c8206e,id-getter-5.html,perf_reftest_singletons,True,perf_reftest_singletons id-getter-5.html opt e10s fission stylo webrender,4767299,77,ms,firefox,,1744661752,2023-08-23 11:20:43,538.49,c3bfc7b73e9fc06ec28663e6501728233eb0d574,1290592,,,,,,,,,,,,,,,,,,,,,,,,,,,,,,,,,,,,,,,,,,,,,,,,,,,,,,,,,,,,,TN,TN
autoland,4767314,1,247a31fb40b3ac0b152bd3554743d742a3892fe3,linux1804-64-shippable-qr,True,False,,,102210fe594ee9b33d82058545b1ed14f4c8206e,id-getter-5.html,perf_reftest_singletons,True,perf_reftest_singletons id-getter-5.html opt e10s fission stylo webrender,4767299,77,ms,firefox,,1744765200,2023-08-23 15:20:56,543.97,a7db5ff392b1f3d18507813fbd65458438b3cbc4,1290685,,,,,,,,,,,,,,,,,,,,,,,,,,,,,,,,,,,,,,,,,,,,,,,,,,,,,,,,,,,,,TN,TN
autoland,4767314,1,247a31fb40b3ac0b152bd3554743d742a3892fe3,linux1804-64-shippable-qr,True,False,,,102210fe594ee9b33d82058545b1ed14f4c8206e,id-getter-5.html,perf_reftest_singletons,True,perf_reftest_singletons id-getter-5.html opt e10s fission stylo webrender,4767299,77,ms,firefox,,1744825333,2023-08-23 16:55:50,531.55,40a8041d06707a315c5f6e4b541dbe805bf34ec7,1290727,,,,,,,,,,,,,,,,,,,,,,,,,,,,,,,,,,,,,,,,,,,,,,,,,,,,,,,,,,,,,TN,TN
autoland,4767314,1,247a31fb40b3ac0b152bd3554743d742a3892fe3,linux1804-64-shippable-qr,True,False,,,102210fe594ee9b33d82058545b1ed14f4c8206e,id-getter-5.html,perf_reftest_singletons,True,perf_reftest_singletons id-getter-5.html opt e10s fission stylo webrender,4767299,77,ms,firefox,,1744890828,2023-08-23 20:58:03,536.42,b5371614cd5a3e19ca3e500a87546023aea8eb5d,1290847,,,,,,,,,,,,,,,,,,,,,,,,,,,,,,,,,,,,,,,,,,,,,,,,,,,,,,,,,,,,,TN,TN
autoland,4767314,1,247a31fb40b3ac0b152bd3554743d742a3892fe3,linux1804-64-shippable-qr,True,False,,,102210fe594ee9b33d82058545b1ed14f4c8206e,id-getter-5.html,perf_reftest_singletons,True,perf_reftest_singletons id-getter-5.html opt e10s fission stylo webrender,4767299,77,ms,firefox,,1744988271,2023-08-23 22:59:05,522.31,25936c5809e05c5b5d28810efdfb0af9bb2f1792,1290874,,,,,,,,,,,,,,,,,,,,,,,,,,,,,,,,,,,,,,,,,,,,,,,,,,,,,,,,,,,,,TN,TN
autoland,4767314,1,247a31fb40b3ac0b152bd3554743d742a3892fe3,linux1804-64-shippable-qr,True,False,,,102210fe594ee9b33d82058545b1ed14f4c8206e,id-getter-5.html,perf_reftest_singletons,True,perf_reftest_singletons id-getter-5.html opt e10s fission stylo webrender,4767299,77,ms,firefox,,1745083973,2023-08-24 03:53:22,531.76,332b088b314103bc02b008e08f1567f092cd6ca1,1290918,,,,,,,,,,,,,,,,,,,,,,,,,,,,,,,,,,,,,,,,,,,,,,,,,,,,,,,,,,,,,TN,TN
autoland,4767314,1,247a31fb40b3ac0b152bd3554743d742a3892fe3,linux1804-64-shippable-qr,True,False,,,102210fe594ee9b33d82058545b1ed14f4c8206e,id-getter-5.html,perf_reftest_singletons,True,perf_reftest_singletons id-getter-5.html opt e10s fission stylo webrender,4767299,77,ms,firefox,,1745192303,2023-08-24 11:04:38,531.91,fbbf71ea5127f6cc74aab13a3817349afe93580c,1291003,,,,,,,,,,,,,,,,,,,,,,,,,,,,,,,,,,,,,,,,,,,,,,,,,,,,,,,,,,,,,TN,TN
autoland,4767314,1,247a31fb40b3ac0b152bd3554743d742a3892fe3,linux1804-64-shippable-qr,True,False,,,102210fe594ee9b33d82058545b1ed14f4c8206e,id-getter-5.html,perf_reftest_singletons,True,perf_reftest_singletons id-getter-5.html opt e10s fission stylo webrender,4767299,77,ms,firefox,,1745374030,2023-08-24 13:41:33,536.1899999999999,9d2df5cf36fbb1712a62be68c4a309e2451e2d35,1291057,,,,,,,,,,,,,,,,,,,,,,,,,,,,,,,,,,,,,,,,,,,,,,,,,,,,,,,,,,,,,TN,TN
autoland,4767314,1,247a31fb40b3ac0b152bd3554743d742a3892fe3,linux1804-64-shippable-qr,True,False,,,102210fe594ee9b33d82058545b1ed14f4c8206e,id-getter-5.html,perf_reftest_singletons,True,perf_reftest_singletons id-getter-5.html opt e10s fission stylo webrender,4767299,77,ms,firefox,,1745480146,2023-08-24 18:48:40,529.06,6089e7f0fa57a29c6d080f135f65e146c34457d8,1291216,,,,,,,,,,,,,,,,,,,,,,,,,,,,,,,,,,,,,,,,,,,,,,,,,,,,,,,,,,,,,TN,TN
autoland,4767314,1,247a31fb40b3ac0b152bd3554743d742a3892fe3,linux1804-64-shippable-qr,True,False,,,102210fe594ee9b33d82058545b1ed14f4c8206e,id-getter-5.html,perf_reftest_singletons,True,perf_reftest_singletons id-getter-5.html opt e10s fission stylo webrender,4767299,77,ms,firefox,,1745656720,2023-08-25 00:48:43,524.3199999999999,0129f728663fcc0bcc1f816e006f1eb2635780e4,1291339,,,,,,,,,,,,,,,,,,,,,,,,,,,,,,,,,,,,,,,,,,,,,,,,,,,,,,,,,,,,,TN,TN
autoland,4767314,1,247a31fb40b3ac0b152bd3554743d742a3892fe3,linux1804-64-shippable-qr,True,False,,,102210fe594ee9b33d82058545b1ed14f4c8206e,id-getter-5.html,perf_reftest_singletons,True,perf_reftest_singletons id-getter-5.html opt e10s fission stylo webrender,4767299,77,ms,firefox,,1745805220,2023-08-25 11:24:50,532.6700000000001,e5ba3b52ebac2d2582cecd6122443fc024cd24c9,1291437,,,,,,,,,,,,,,,,,,,,,,,,,,,,,,,,,,,,,,,,,,,,,,,,,,,,,,,,,,,,,TN,TN
autoland,4767314,1,247a31fb40b3ac0b152bd3554743d742a3892fe3,linux1804-64-shippable-qr,True,False,,,102210fe594ee9b33d82058545b1ed14f4c8206e,id-getter-5.html,perf_reftest_singletons,True,perf_reftest_singletons id-getter-5.html opt e10s fission stylo webrender,4767299,77,ms,firefox,,1745962566,2023-08-25 15:32:54,523.52,059b77df2394c7caf1061e1b817e004878738efa,1291507,,,,,,,,,,,,,,,,,,,,,,,,,,,,,,,,,,,,,,,,,,,,,,,,,,,,,,,,,,,,,TN,TN
autoland,4767314,1,247a31fb40b3ac0b152bd3554743d742a3892fe3,linux1804-64-shippable-qr,True,False,,,102210fe594ee9b33d82058545b1ed14f4c8206e,id-getter-5.html,perf_reftest_singletons,True,perf_reftest_singletons id-getter-5.html opt e10s fission stylo webrender,4767299,77,ms,firefox,,1746081251,2023-08-25 19:36:02,537.75,47efe79717796bf6f3a70e5733e99a98b0d9fad4,1291599,,,,,,,,,,,,,,,,,,,,,,,,,,,,,,,,,,,,,,,,,,,,,,,,,,,,,,,,,,,,,TN,TN
autoland,4767314,1,247a31fb40b3ac0b152bd3554743d742a3892fe3,linux1804-64-shippable-qr,True,False,,,102210fe594ee9b33d82058545b1ed14f4c8206e,id-getter-5.html,perf_reftest_singletons,True,perf_reftest_singletons id-getter-5.html opt e10s fission stylo webrender,4767299,77,ms,firefox,,1746223940,2023-08-26 03:22:14,524.6600000000001,ddc3d1e9268d9abde51f1082490491f544286b16,1291695,,,,,,,,,,,,,,,,,,,,,,,,,,,,,,,,,,,,,,,,,,,,,,,,,,,,,,,,,,,,,TN,TN
autoland,4767314,1,247a31fb40b3ac0b152bd3554743d742a3892fe3,linux1804-64-shippable-qr,True,False,,,102210fe594ee9b33d82058545b1ed14f4c8206e,id-getter-5.html,perf_reftest_singletons,True,perf_reftest_singletons id-getter-5.html opt e10s fission stylo webrender,4767299,77,ms,firefox,,1746395621,2023-08-26 13:17:30,539.8800000000001,cc8d561a9b401f3ebfda56de56c018b287d8b340,1291872,,,,,,,,,,,,,,,,,,,,,,,,,,,,,,,,,,,,,,,,,,,,,,,,,,,,,,,,,,,,,TN,TN
autoland,4767314,1,247a31fb40b3ac0b152bd3554743d742a3892fe3,linux1804-64-shippable-qr,True,False,,,102210fe594ee9b33d82058545b1ed14f4c8206e,id-getter-5.html,perf_reftest_singletons,True,perf_reftest_singletons id-getter-5.html opt e10s fission stylo webrender,4767299,77,ms,firefox,,1746590410,2023-08-26 23:47:49,533.05,140288e1dd6073b83aa67b725aa9a96945374a82,1292019,,,,,,,,,,,,,,,,,,,,,,,,,,,,,,,,,,,,,,,,,,,,,,,,,,,,,,,,,,,,,TN,TN
autoland,4767314,1,247a31fb40b3ac0b152bd3554743d742a3892fe3,linux1804-64-shippable-qr,True,False,,,102210fe594ee9b33d82058545b1ed14f4c8206e,id-getter-5.html,perf_reftest_singletons,True,perf_reftest_singletons id-getter-5.html opt e10s fission stylo webrender,4767299,77,ms,firefox,,1746724387,2023-08-27 23:31:15,529.97,6aaf2cf582814f5a76c09fa2ac7cc760a5886134,1292080,,,,,,,,,,,,,,,,,,,,,,,,,,,,,,,,,,,,,,,,,,,,,,,,,,,,,,,,,,,,,TN,TN
autoland,4767314,1,247a31fb40b3ac0b152bd3554743d742a3892fe3,linux1804-64-shippable-qr,True,False,,,102210fe594ee9b33d82058545b1ed14f4c8206e,id-getter-5.html,perf_reftest_singletons,True,perf_reftest_singletons id-getter-5.html opt e10s fission stylo webrender,4767299,77,ms,firefox,,1746958622,2023-08-28 14:50:25,521.12,f8e518c6ab37a0144872f6158300e1de85034002,1292276,,,,,,,,,,,,,,,,,,,,,,,,,,,,,,,,,,,,,,,,,,,,,,,,,,,,,,,,,,,,,TN,TN
autoland,4767314,1,247a31fb40b3ac0b152bd3554743d742a3892fe3,linux1804-64-shippable-qr,True,False,,,102210fe594ee9b33d82058545b1ed14f4c8206e,id-getter-5.html,perf_reftest_singletons,True,perf_reftest_singletons id-getter-5.html opt e10s fission stylo webrender,4767299,77,ms,firefox,,1747056570,2023-08-28 18:02:15,533.51,7ef66afbcd94bc7787448a9d797ec662b02fe58a,1292360,,,,,,,,,,,,,,,,,,,,,,,,,,,,,,,,,,,,,,,,,,,,,,,,,,,,,,,,,,,,,TN,TN
autoland,4767314,1,247a31fb40b3ac0b152bd3554743d742a3892fe3,linux1804-64-shippable-qr,True,False,,,102210fe594ee9b33d82058545b1ed14f4c8206e,id-getter-5.html,perf_reftest_singletons,True,perf_reftest_singletons id-getter-5.html opt e10s fission stylo webrender,4767299,77,ms,firefox,,1747138147,2023-08-28 20:37:08,557.7,9451de3148827dbd587f22175b6c0453c7a605db,1292463,,,,,,,,,,,,,,,,,,,,,,,,,,,,,,,,,,,,,,,,,,,,,,,,,,,,,,,,,,,,,TN,TN
autoland,4767314,1,247a31fb40b3ac0b152bd3554743d742a3892fe3,linux1804-64-shippable-qr,True,False,,,102210fe594ee9b33d82058545b1ed14f4c8206e,id-getter-5.html,perf_reftest_singletons,True,perf_reftest_singletons id-getter-5.html opt e10s fission stylo webrender,4767299,77,ms,firefox,,1747249585,2023-08-29 02:20:20,533.76,4cca72b5cd903bbb8bdc66098aaeb1eb12d8dddd,1292618,,,,,,,,,,,,,,,,,,,,,,,,,,,,,,,,,,,,,,,,,,,,,,,,,,,,,,,,,,,,,TN,TN
autoland,4767314,1,247a31fb40b3ac0b152bd3554743d742a3892fe3,linux1804-64-shippable-qr,True,False,,,102210fe594ee9b33d82058545b1ed14f4c8206e,id-getter-5.html,perf_reftest_singletons,True,perf_reftest_singletons id-getter-5.html opt e10s fission stylo webrender,4767299,77,ms,firefox,,1747263821,2023-08-29 03:02:37,541.7,f79fe732a6b523e66f30e056118cdd2cff02a5ca,1292639,,,,,,,,,,,,,,,,,,,,,,,,,,,,,,,,,,,,,,,,,,,,,,,,,,,,,,,,,,,,,TN,TN
autoland,4767314,1,247a31fb40b3ac0b152bd3554743d742a3892fe3,linux1804-64-shippable-qr,True,False,,,102210fe594ee9b33d82058545b1ed14f4c8206e,id-getter-5.html,perf_reftest_singletons,True,perf_reftest_singletons id-getter-5.html opt e10s fission stylo webrender,4767299,77,ms,firefox,,1747360511,2023-08-29 07:11:54,540.46,801325776b1492f30ec6ac7c770000fa8c894d2a,1292691,,,,,,,,,,,,,,,,,,,,,,,,,,,,,,,,,,,,,,,,,,,,,,,,,,,,,,,,,,,,,TN,TN
autoland,4767314,1,247a31fb40b3ac0b152bd3554743d742a3892fe3,linux1804-64-shippable-qr,True,False,,,102210fe594ee9b33d82058545b1ed14f4c8206e,id-getter-5.html,perf_reftest_singletons,True,perf_reftest_singletons id-getter-5.html opt e10s fission stylo webrender,4767299,77,ms,firefox,,1747479054,2023-08-29 11:18:23,531.87,843a6e4db35622bdd606d6cdd7c0f1a05828a89e,1292770,,,,,,,,,,,,,,,,,,,,,,,,,,,,,,,,,,,,,,,,,,,,,,,,,,,,,,,,,,,,,TN,TN
autoland,4767314,1,247a31fb40b3ac0b152bd3554743d742a3892fe3,linux1804-64-shippable-qr,True,False,,,102210fe594ee9b33d82058545b1ed14f4c8206e,id-getter-5.html,perf_reftest_singletons,True,perf_reftest_singletons id-getter-5.html opt e10s fission stylo webrender,4767299,77,ms,firefox,,1747454732,2023-08-29 11:21:44,528.97,abe9789555b5960e5b395aba02b4891c388e4839,1292771,,,,,,,,,,,,,,,,,,,,,,,,,,,,,,,,,,,,,,,,,,,,,,,,,,,,,,,,,,,,,TN,TN
autoland,4767314,1,247a31fb40b3ac0b152bd3554743d742a3892fe3,linux1804-64-shippable-qr,True,False,,,102210fe594ee9b33d82058545b1ed14f4c8206e,id-getter-5.html,perf_reftest_singletons,True,perf_reftest_singletons id-getter-5.html opt e10s fission stylo webrender,4767299,77,ms,firefox,,1747710296,2023-08-29 16:25:43,529.56,0bb8944a5c2a783f353dc7595b2171844923a934,1292913,,,,,,,,,,,,,,,,,,,,,,,,,,,,,,,,,,,,,,,,,,,,,,,,,,,,,,,,,,,,,TN,TN
autoland,4767314,1,247a31fb40b3ac0b152bd3554743d742a3892fe3,linux1804-64-shippable-qr,True,False,,,102210fe594ee9b33d82058545b1ed14f4c8206e,id-getter-5.html,perf_reftest_singletons,True,perf_reftest_singletons id-getter-5.html opt e10s fission stylo webrender,4767299,77,ms,firefox,,1747796350,2023-08-29 20:54:58,525.48,16c71fac642647b97c85d086e54342a5addaaf13,1293039,,,,,,,,,,,,,,,,,,,,,,,,,,,,,,,,,,,,,,,,,,,,,,,,,,,,,,,,,,,,,TN,TN
autoland,4767314,1,247a31fb40b3ac0b152bd3554743d742a3892fe3,linux1804-64-shippable-qr,True,False,,,102210fe594ee9b33d82058545b1ed14f4c8206e,id-getter-5.html,perf_reftest_singletons,True,perf_reftest_singletons id-getter-5.html opt e10s fission stylo webrender,4767299,77,ms,firefox,,1747863857,2023-08-30 01:49:26,539.23,34dcd8f28e9a642600425b3383df225859ea91cd,1293133,,,,,,,,,,,,,,,,,,,,,,,,,,,,,,,,,,,,,,,,,,,,,,,,,,,,,,,,,,,,,TN,TN
autoland,4767314,1,247a31fb40b3ac0b152bd3554743d742a3892fe3,linux1804-64-shippable-qr,True,False,,,102210fe594ee9b33d82058545b1ed14f4c8206e,id-getter-5.html,perf_reftest_singletons,True,perf_reftest_singletons id-getter-5.html opt e10s fission stylo webrender,4767299,77,ms,firefox,,1748013106,2023-08-30 13:43:19,534.21,379bb5e39311a7878ea31b7eb0dd39fdef1ab15a,1293343,,,,,,,,,,,,,,,,,,,,,,,,,,,,,,,,,,,,,,,,,,,,,,,,,,,,,,,,,,,,,TN,TN
autoland,4767314,1,247a31fb40b3ac0b152bd3554743d742a3892fe3,linux1804-64-shippable-qr,True,False,,,102210fe594ee9b33d82058545b1ed14f4c8206e,id-getter-5.html,perf_reftest_singletons,True,perf_reftest_singletons id-getter-5.html opt e10s fission stylo webrender,4767299,77,ms,firefox,,1748058129,2023-08-30 16:15:47,531.3299999999999,f648d27187b6f45ac21ab6bf0ca9673dcfc55cf4,1293412,,,,,,,,,,,,,,,,,,,,,,,,,,,,,,,,,,,,,,,,,,,,,,,,,,,,,,,,,,,,,TN,TN
autoland,4767314,1,247a31fb40b3ac0b152bd3554743d742a3892fe3,linux1804-64-shippable-qr,True,False,,,102210fe594ee9b33d82058545b1ed14f4c8206e,id-getter-5.html,perf_reftest_singletons,True,perf_reftest_singletons id-getter-5.html opt e10s fission stylo webrender,4767299,77,ms,firefox,,1748153323,2023-08-30 20:58:03,532.31,7643e2c34ec4fce31fb741b2e7003adc7e547e36,1293585,,,,,,,,,,,,,,,,,,,,,,,,,,,,,,,,,,,,,,,,,,,,,,,,,,,,,,,,,,,,,TN,TN
autoland,4767314,1,247a31fb40b3ac0b152bd3554743d742a3892fe3,linux1804-64-shippable-qr,True,False,,,102210fe594ee9b33d82058545b1ed14f4c8206e,id-getter-5.html,perf_reftest_singletons,True,perf_reftest_singletons id-getter-5.html opt e10s fission stylo webrender,4767299,77,ms,firefox,,1748212787,2023-08-30 23:31:09,536.74,8db6a3b432759fd37b677c455c7d9ecedafd7e77,1293654,,,,,,,,,,,,,,,,,,,,,,,,,,,,,,,,,,,,,,,,,,,,,,,,,,,,,,,,,,,,,TN,TN
autoland,4767314,1,247a31fb40b3ac0b152bd3554743d742a3892fe3,linux1804-64-shippable-qr,True,False,,,102210fe594ee9b33d82058545b1ed14f4c8206e,id-getter-5.html,perf_reftest_singletons,True,perf_reftest_singletons id-getter-5.html opt e10s fission stylo webrender,4767299,77,ms,firefox,,1748238024,2023-08-31 03:36:38,525.34,bcc1470439818e29a38c29432af9fd130b8ec931,1293720,,,,,,,,,,,,,,,,,,,,,,,,,,,,,,,,,,,,,,,,,,,,,,,,,,,,,,,,,,,,,TN,TN
autoland,4767314,1,247a31fb40b3ac0b152bd3554743d742a3892fe3,linux1804-64-shippable-qr,True,False,,,102210fe594ee9b33d82058545b1ed14f4c8206e,id-getter-5.html,perf_reftest_singletons,True,perf_reftest_singletons id-getter-5.html opt e10s fission stylo webrender,4767299,77,ms,firefox,,1748335014,2023-08-31 09:19:24,523.87,e2d1d56b4cb882f210d71f021a2f804a56d718e6,1293811,,,,,,,,,,,,,,,,,,,,,,,,,,,,,,,,,,,,,,,,,,,,,,,,,,,,,,,,,,,,,TN,TN
autoland,4767314,1,247a31fb40b3ac0b152bd3554743d742a3892fe3,linux1804-64-shippable-qr,True,False,,,102210fe594ee9b33d82058545b1ed14f4c8206e,id-getter-5.html,perf_reftest_singletons,True,perf_reftest_singletons id-getter-5.html opt e10s fission stylo webrender,4767299,77,ms,firefox,,1748471684,2023-08-31 14:04:37,524.39,79fd00522da11013e2076ceccfd842c54d2f0822,1293937,,,,,,,,,,,,,,,,,,,,,,,,,,,,,,,,,,,,,,,,,,,,,,,,,,,,,,,,,,,,,TN,TN
autoland,4767314,1,247a31fb40b3ac0b152bd3554743d742a3892fe3,linux1804-64-shippable-qr,True,False,,,102210fe594ee9b33d82058545b1ed14f4c8206e,id-getter-5.html,perf_reftest_singletons,True,perf_reftest_singletons id-getter-5.html opt e10s fission stylo webrender,4767299,77,ms,firefox,,1748621564,2023-08-31 18:09:30,527.0899999999999,bd48139a6966dfb067c7b31bdf2021bd85a1f6a9,1294069,,,,,,,,,,,,,,,,,,,,,,,,,,,,,,,,,,,,,,,,,,,,,,,,,,,,,,,,,,,,,TN,TN
autoland,4767314,1,247a31fb40b3ac0b152bd3554743d742a3892fe3,linux1804-64-shippable-qr,True,False,,,102210fe594ee9b33d82058545b1ed14f4c8206e,id-getter-5.html,perf_reftest_singletons,True,perf_reftest_singletons id-getter-5.html opt e10s fission stylo webrender,4767299,77,ms,firefox,,1748674954,2023-08-31 19:33:29,593.47,a0d77e120c268cc1e877891df07436c1128dde4f,1294123,,,,,,,,,,,,,,,,,,,,,,,,,,,,,,,,,,,,,,,,,,,,,,,,,,,,,,,,,,,,,TN,TN
autoland,4767314,1,247a31fb40b3ac0b152bd3554743d742a3892fe3,linux1804-64-shippable-qr,True,False,,,102210fe594ee9b33d82058545b1ed14f4c8206e,id-getter-5.html,perf_reftest_singletons,True,perf_reftest_singletons id-getter-5.html opt e10s fission stylo webrender,4767299,77,ms,firefox,,1748746604,2023-09-01 00:39:38,529.6800000000001,27ce38e0ae179241f6afc83c246df3113fc76eb5,1294315,,,,,,,,,,,,,,,,,,,,,,,,,,,,,,,,,,,,,,,,,,,,,,,,,,,,,,,,,,,,,TN,TN
autoland,4767314,1,247a31fb40b3ac0b152bd3554743d742a3892fe3,linux1804-64-shippable-qr,True,False,,,102210fe594ee9b33d82058545b1ed14f4c8206e,id-getter-5.html,perf_reftest_singletons,True,perf_reftest_singletons id-getter-5.html opt e10s fission stylo webrender,4767299,77,ms,firefox,,1748767297,2023-09-01 01:00:26,559.16,9034f1db1295f77ef75c8afa9ac280788649b1c4,1294322,,,,,,,,,,,,,,,,,,,,,,,,,,,,,,,,,,,,,,,,,,,,,,,,,,,,,,,,,,,,,TN,TN
autoland,4767314,1,247a31fb40b3ac0b152bd3554743d742a3892fe3,linux1804-64-shippable-qr,True,False,,,102210fe594ee9b33d82058545b1ed14f4c8206e,id-getter-5.html,perf_reftest_singletons,True,perf_reftest_singletons id-getter-5.html opt e10s fission stylo webrender,4767299,77,ms,firefox,,1748913668,2023-09-01 06:26:09,540.0899999999999,ae769caa17a3a27e7fed2cfd78ea439adf051dc8,1294426,,,,,,,,,,,,,,,,,,,,,,,,,,,,,,,,,,,,,,,,,,,,,,,,,,,,,,,,,,,,,TN,TN
autoland,4767314,1,247a31fb40b3ac0b152bd3554743d742a3892fe3,linux1804-64-shippable-qr,True,False,,,102210fe594ee9b33d82058545b1ed14f4c8206e,id-getter-5.html,perf_reftest_singletons,True,perf_reftest_singletons id-getter-5.html opt e10s fission stylo webrender,4767299,77,ms,firefox,,1749063439,2023-09-01 10:42:21,538.4200000000001,2e446d8859cc4a60faa49f68ed5445c534e47850,1294509,,,,,,,,,,,,,,,,,,,,,,,,,,,,,,,,,,,,,,,,,,,,,,,,,,,,,,,,,,,,,TN,TN
autoland,4767314,1,247a31fb40b3ac0b152bd3554743d742a3892fe3,linux1804-64-shippable-qr,True,False,,,102210fe594ee9b33d82058545b1ed14f4c8206e,id-getter-5.html,perf_reftest_singletons,True,perf_reftest_singletons id-getter-5.html opt e10s fission stylo webrender,4767299,77,ms,firefox,,1749093498,2023-09-01 11:44:59,533.76,bf57203fdaf0f91ccecca73cc02286e5c20686be,1294532,,,,,,,,,,,,,,,,,,,,,,,,,,,,,,,,,,,,,,,,,,,,,,,,,,,,,,,,,,,,,TN,TN
autoland,4767314,1,247a31fb40b3ac0b152bd3554743d742a3892fe3,linux1804-64-shippable-qr,True,False,,,102210fe594ee9b33d82058545b1ed14f4c8206e,id-getter-5.html,perf_reftest_singletons,True,perf_reftest_singletons id-getter-5.html opt e10s fission stylo webrender,4767299,77,ms,firefox,,1749180035,2023-09-01 15:47:54,526.71,ad7684944accdb72fb27cae1118a774a95ed9c55,1294651,,,,,,,,,,,,,,,,,,,,,,,,,,,,,,,,,,,,,,,,,,,,,,,,,,,,,,,,,,,,,TN,TN
autoland,4767314,1,247a31fb40b3ac0b152bd3554743d742a3892fe3,linux1804-64-shippable-qr,True,False,,,102210fe594ee9b33d82058545b1ed14f4c8206e,id-getter-5.html,perf_reftest_singletons,True,perf_reftest_singletons id-getter-5.html opt e10s fission stylo webrender,4767299,77,ms,firefox,,1749224993,2023-09-01 17:12:14,542.3600000000001,fccf186ac4e88bf822ac830ba689a15017be05e1,1294691,,,,,,,,,,,,,,,,,,,,,,,,,,,,,,,,,,,,,,,,,,,,,,,,,,,,,,,,,,,,,TN,TN
autoland,4767314,1,247a31fb40b3ac0b152bd3554743d742a3892fe3,linux1804-64-shippable-qr,True,False,,,102210fe594ee9b33d82058545b1ed14f4c8206e,id-getter-5.html,perf_reftest_singletons,True,perf_reftest_singletons id-getter-5.html opt e10s fission stylo webrender,4767299,77,ms,firefox,,1749494259,2023-09-02 01:00:47,525.29,99eed791079c7b72126fee110226a0f9c519a053,1294900,,,,,,,,,,,,,,,,,,,,,,,,,,,,,,,,,,,,,,,,,,,,,,,,,,,,,,,,,,,,,TN,TN
autoland,4767314,1,247a31fb40b3ac0b152bd3554743d742a3892fe3,linux1804-64-shippable-qr,True,False,,,102210fe594ee9b33d82058545b1ed14f4c8206e,id-getter-5.html,perf_reftest_singletons,True,perf_reftest_singletons id-getter-5.html opt e10s fission stylo webrender,4767299,77,ms,firefox,,1749561232,2023-09-02 06:50:37,532.26,0d100cd406fac31edd725aaa2ca36c72593b7207,1294943,,,,,,,,,,,,,,,,,,,,,,,,,,,,,,,,,,,,,,,,,,,,,,,,,,,,,,,,,,,,,TN,TN
autoland,4767314,1,247a31fb40b3ac0b152bd3554743d742a3892fe3,linux1804-64-shippable-qr,True,False,,,102210fe594ee9b33d82058545b1ed14f4c8206e,id-getter-5.html,perf_reftest_singletons,True,perf_reftest_singletons id-getter-5.html opt e10s fission stylo webrender,4767299,77,ms,firefox,,1749616090,2023-09-02 11:43:51,538.46,66f85436a9395093f71f506f8cdc16623cbbb38e,1294960,,,,,,,,,,,,,,,,,,,,,,,,,,,,,,,,,,,,,,,,,,,,,,,,,,,,,,,,,,,,,TN,TN
autoland,4767314,1,247a31fb40b3ac0b152bd3554743d742a3892fe3,linux1804-64-shippable-qr,True,False,,,102210fe594ee9b33d82058545b1ed14f4c8206e,id-getter-5.html,perf_reftest_singletons,True,perf_reftest_singletons id-getter-5.html opt e10s fission stylo webrender,4767299,77,ms,firefox,,1749643838,2023-09-02 16:16:12,529.4300000000001,ee62282ee19c0c3cceebbdb2cd283127260a46d6,1294982,,,,,,,,,,,,,,,,,,,,,,,,,,,,,,,,,,,,,,,,,,,,,,,,,,,,,,,,,,,,,TN,TN
autoland,4767314,1,247a31fb40b3ac0b152bd3554743d742a3892fe3,linux1804-64-shippable-qr,True,False,,,102210fe594ee9b33d82058545b1ed14f4c8206e,id-getter-5.html,perf_reftest_singletons,True,perf_reftest_singletons id-getter-5.html opt e10s fission stylo webrender,4767299,77,ms,firefox,,1749834622,2023-09-03 15:28:00,531.4100000000001,e2d4c17692b7650a5aefa27823ab8cb72dc06fe6,1295071,,,,,,,,,,,,,,,,,,,,,,,,,,,,,,,,,,,,,,,,,,,,,,,,,,,,,,,,,,,,,TN,TN
autoland,4767314,1,247a31fb40b3ac0b152bd3554743d742a3892fe3,linux1804-64-shippable-qr,True,False,,,102210fe594ee9b33d82058545b1ed14f4c8206e,id-getter-5.html,perf_reftest_singletons,True,perf_reftest_singletons id-getter-5.html opt e10s fission stylo webrender,4767299,77,ms,firefox,,1749863742,2023-09-03 17:48:29,530.3499999999999,39747a728e31525f254d25d9fa323a491dda5b09,1295079,,,,,,,,,,,,,,,,,,,,,,,,,,,,,,,,,,,,,,,,,,,,,,,,,,,,,,,,,,,,,TN,TN
autoland,4767314,1,247a31fb40b3ac0b152bd3554743d742a3892fe3,linux1804-64-shippable-qr,True,False,,,102210fe594ee9b33d82058545b1ed14f4c8206e,id-getter-5.html,perf_reftest_singletons,True,perf_reftest_singletons id-getter-5.html opt e10s fission stylo webrender,4767299,77,ms,firefox,,1749970292,2023-09-04 00:54:15,531.18,9398dc74275ecd37eab02b496051302e67ce059f,1295103,,,,,,,,,,,,,,,,,,,,,,,,,,,,,,,,,,,,,,,,,,,,,,,,,,,,,,,,,,,,,TN,TN
autoland,4767314,1,247a31fb40b3ac0b152bd3554743d742a3892fe3,linux1804-64-shippable-qr,True,False,,,102210fe594ee9b33d82058545b1ed14f4c8206e,id-getter-5.html,perf_reftest_singletons,True,perf_reftest_singletons id-getter-5.html opt e10s fission stylo webrender,4767299,77,ms,firefox,,1750034887,2023-09-04 05:09:42,522.73,738c0a460acb30ab2ab419f4c0dc93fa9af200d6,1295121,,,,,,,,,,,,,,,,,,,,,,,,,,,,,,,,,,,,,,,,,,,,,,,,,,,,,,,,,,,,,TN,TN
autoland,4767314,1,247a31fb40b3ac0b152bd3554743d742a3892fe3,linux1804-64-shippable-qr,True,False,,,102210fe594ee9b33d82058545b1ed14f4c8206e,id-getter-5.html,perf_reftest_singletons,True,perf_reftest_singletons id-getter-5.html opt e10s fission stylo webrender,4767299,77,ms,firefox,,1750075377,2023-09-04 08:06:31,528.1500000000001,5378e223b13ecd8d32d6afddc956d8bdca322ef0,1295171,,,,,,,,,,,,,,,,,,,,,,,,,,,,,,,,,,,,,,,,,,,,,,,,,,,,,,,,,,,,,TN,TN
autoland,4767314,1,247a31fb40b3ac0b152bd3554743d742a3892fe3,linux1804-64-shippable-qr,True,False,,,102210fe594ee9b33d82058545b1ed14f4c8206e,id-getter-5.html,perf_reftest_singletons,True,perf_reftest_singletons id-getter-5.html opt e10s fission stylo webrender,4767299,77,ms,firefox,,1750197836,2023-09-04 12:17:38,530.32,16cc1aa2701e0b2cf32665cee19dc11308a4760a,1295286,,,,,,,,,,,,,,,,,,,,,,,,,,,,,,,,,,,,,,,,,,,,,,,,,,,,,,,,,,,,,TN,TN
autoland,4767314,1,247a31fb40b3ac0b152bd3554743d742a3892fe3,linux1804-64-shippable-qr,True,False,,,102210fe594ee9b33d82058545b1ed14f4c8206e,id-getter-5.html,perf_reftest_singletons,True,perf_reftest_singletons id-getter-5.html opt e10s fission stylo webrender,4767299,77,ms,firefox,,1750324599,2023-09-04 20:09:20,542.3199999999999,2c0ab3a7f1f3e1e095a0175f8a6096d10a311a5a,1295407,,,,,,,,,,,,,,,,,,,,,,,,,,,,,,,,,,,,,,,,,,,,,,,,,,,,,,,,,,,,,TN,TN
autoland,4767314,1,247a31fb40b3ac0b152bd3554743d742a3892fe3,linux1804-64-shippable-qr,True,False,,,102210fe594ee9b33d82058545b1ed14f4c8206e,id-getter-5.html,perf_reftest_singletons,True,perf_reftest_singletons id-getter-5.html opt e10s fission stylo webrender,4767299,77,ms,firefox,,1750373871,2023-09-05 01:26:26,521.8100000000001,530fe27f752d2f1fa88cd1013b419d7c1ca1a2e0,1295456,,,,,,,,,,,,,,,,,,,,,,,,,,,,,,,,,,,,,,,,,,,,,,,,,,,,,,,,,,,,,TN,TN
autoland,4767314,1,247a31fb40b3ac0b152bd3554743d742a3892fe3,linux1804-64-shippable-qr,True,False,,,102210fe594ee9b33d82058545b1ed14f4c8206e,id-getter-5.html,perf_reftest_singletons,True,perf_reftest_singletons id-getter-5.html opt e10s fission stylo webrender,4767299,77,ms,firefox,,1750487897,2023-09-05 06:45:05,538.28,55f5393d14f682f76c2d9f9c857c9f0890ee2a7f,1295504,,,,,,,,,,,,,,,,,,,,,,,,,,,,,,,,,,,,,,,,,,,,,,,,,,,,,,,,,,,,,TN,TN
autoland,4767314,1,247a31fb40b3ac0b152bd3554743d742a3892fe3,linux1804-64-shippable-qr,True,False,,,102210fe594ee9b33d82058545b1ed14f4c8206e,id-getter-5.html,perf_reftest_singletons,True,perf_reftest_singletons id-getter-5.html opt e10s fission stylo webrender,4767299,77,ms,firefox,,1750584943,2023-09-05 11:29:45,531.02,27708fc6f6648945c105baa6a5c63f9d62f265b5,1295622,,,,,,,,,,,,,,,,,,,,,,,,,,,,,,,,,,,,,,,,,,,,,,,,,,,,,,,,,,,,,TN,TN
autoland,4767314,1,247a31fb40b3ac0b152bd3554743d742a3892fe3,linux1804-64-shippable-qr,True,False,,,102210fe594ee9b33d82058545b1ed14f4c8206e,id-getter-5.html,perf_reftest_singletons,True,perf_reftest_singletons id-getter-5.html opt e10s fission stylo webrender,4767299,77,ms,firefox,,1750599452,2023-09-05 11:45:39,539.47,42d664dd03163fb19554f6e18c4163b8622b4401,1295627,,,,,,,,,,,,,,,,,,,,,,,,,,,,,,,,,,,,,,,,,,,,,,,,,,,,,,,,,,,,,TN,TN
autoland,4767314,1,247a31fb40b3ac0b152bd3554743d742a3892fe3,linux1804-64-shippable-qr,True,False,,,102210fe594ee9b33d82058545b1ed14f4c8206e,id-getter-5.html,perf_reftest_singletons,True,perf_reftest_singletons id-getter-5.html opt e10s fission stylo webrender,4767299,77,ms,firefox,,1750681661,2023-09-05 15:46:18,534.47,40053facf08c6ea9bc6a6f5ae223a6faa89ebc08,1295770,,,,,,,,,,,,,,,,,,,,,,,,,,,,,,,,,,,,,,,,,,,,,,,,,,,,,,,,,,,,,TN,TN
autoland,4767314,1,247a31fb40b3ac0b152bd3554743d742a3892fe3,linux1804-64-shippable-qr,True,False,,,102210fe594ee9b33d82058545b1ed14f4c8206e,id-getter-5.html,perf_reftest_singletons,True,perf_reftest_singletons id-getter-5.html opt e10s fission stylo webrender,4767299,77,ms,firefox,,1750705975,2023-09-05 16:15:45,532.0600000000001,08da3ca498f61eb9acb594038c5e764cfb37d735,1295791,,,,,,,,,,,,,,,,,,,,,,,,,,,,,,,,,,,,,,,,,,,,,,,,,,,,,,,,,,,,,TN,TN
autoland,4767314,1,247a31fb40b3ac0b152bd3554743d742a3892fe3,linux1804-64-shippable-qr,True,False,,,102210fe594ee9b33d82058545b1ed14f4c8206e,id-getter-5.html,perf_reftest_singletons,True,perf_reftest_singletons id-getter-5.html opt e10s fission stylo webrender,4767299,77,ms,firefox,,1750802029,2023-09-05 19:25:11,599.1399999999999,e6278ccb302b74ca329c17e5d00508b795c54eec,1295926,,,,,,,,,,,,,,,,,,,,,,,,,,,,,,,,,,,,,,,,,,,,,,,,,,,,,,,,,,,,,TN,TN
autoland,4767314,1,247a31fb40b3ac0b152bd3554743d742a3892fe3,linux1804-64-shippable-qr,True,False,,,102210fe594ee9b33d82058545b1ed14f4c8206e,id-getter-5.html,perf_reftest_singletons,True,perf_reftest_singletons id-getter-5.html opt e10s fission stylo webrender,4767299,77,ms,firefox,,1750955007,2023-09-05 23:38:09,527.64,b34280e9a0872e3b3f0893cd3bd78bf94b421612,1296071,,,,,,,,,,,,,,,,,,,,,,,,,,,,,,,,,,,,,,,,,,,,,,,,,,,,,,,,,,,,,TN,TN
autoland,4767314,1,247a31fb40b3ac0b152bd3554743d742a3892fe3,linux1804-64-shippable-qr,True,False,,,102210fe594ee9b33d82058545b1ed14f4c8206e,id-getter-5.html,perf_reftest_singletons,True,perf_reftest_singletons id-getter-5.html opt e10s fission stylo webrender,4767299,77,ms,firefox,,1751003249,2023-09-06 00:54:53,535.1700000000001,ff7e2e9adbc1753b1f3e01a3f2eb8a91bb911418,1296116,,,,,,,,,,,,,,,,,,,,,,,,,,,,,,,,,,,,,,,,,,,,,,,,,,,,,,,,,,,,,TN,TN
autoland,4767314,1,247a31fb40b3ac0b152bd3554743d742a3892fe3,linux1804-64-shippable-qr,True,False,,,102210fe594ee9b33d82058545b1ed14f4c8206e,id-getter-5.html,perf_reftest_singletons,True,perf_reftest_singletons id-getter-5.html opt e10s fission stylo webrender,4767299,77,ms,firefox,,1751085677,2023-09-06 05:00:41,528.77,5c56b92baa65aa27df61f84718594767ef8f26f4,1296186,,,,,,,,,,,,,,,,,,,,,,,,,,,,,,,,,,,,,,,,,,,,,,,,,,,,,,,,,,,,,TN,TN
autoland,4767314,1,247a31fb40b3ac0b152bd3554743d742a3892fe3,linux1804-64-shippable-qr,True,False,,,102210fe594ee9b33d82058545b1ed14f4c8206e,id-getter-5.html,perf_reftest_singletons,True,perf_reftest_singletons id-getter-5.html opt e10s fission stylo webrender,4767299,77,ms,firefox,,1751211104,2023-09-06 10:31:58,534.17,6631a30338d3de03925f76afd071a29511729440,1296288,,,,,,,,,,,,,,,,,,,,,,,,,,,,,,,,,,,,,,,,,,,,,,,,,,,,,,,,,,,,,TN,TN
autoland,4767314,1,247a31fb40b3ac0b152bd3554743d742a3892fe3,linux1804-64-shippable-qr,True,False,,,102210fe594ee9b33d82058545b1ed14f4c8206e,id-getter-5.html,perf_reftest_singletons,True,perf_reftest_singletons id-getter-5.html opt e10s fission stylo webrender,4767299,77,ms,firefox,,1751226108,2023-09-06 11:18:29,539.32,e43370e4259f61e0c264dbcef8b45e2862b3c5e8,1296309,,,,,,,,,,,,,,,,,,,,,,,,,,,,,,,,,,,,,,,,,,,,,,,,,,,,,,,,,,,,,TN,TN
autoland,4767314,1,247a31fb40b3ac0b152bd3554743d742a3892fe3,linux1804-64-shippable-qr,True,False,,,102210fe594ee9b33d82058545b1ed14f4c8206e,id-getter-5.html,perf_reftest_singletons,True,perf_reftest_singletons id-getter-5.html opt e10s fission stylo webrender,4767299,77,ms,firefox,,1751313987,2023-09-06 14:28:21,524.05,0315c2d875ca2a95bbb65ef4a1f7b75f72ed7263,1296418,,,,,,,,,,,,,,,,,,,,,,,,,,,,,,,,,,,,,,,,,,,,,,,,,,,,,,,,,,,,,TN,TN
autoland,4767314,1,247a31fb40b3ac0b152bd3554743d742a3892fe3,linux1804-64-shippable-qr,True,False,,,102210fe594ee9b33d82058545b1ed14f4c8206e,id-getter-5.html,perf_reftest_singletons,True,perf_reftest_singletons id-getter-5.html opt e10s fission stylo webrender,4767299,77,ms,firefox,,1751381559,2023-09-06 18:00:42,531.55,340378041fcfd986f6c0edb18a81efbc36f930c1,1296561,,,,,,,,,,,,,,,,,,,,,,,,,,,,,,,,,,,,,,,,,,,,,,,,,,,,,,,,,,,,,TN,TN
autoland,4767314,1,247a31fb40b3ac0b152bd3554743d742a3892fe3,linux1804-64-shippable-qr,True,False,,,102210fe594ee9b33d82058545b1ed14f4c8206e,id-getter-5.html,perf_reftest_singletons,True,perf_reftest_singletons id-getter-5.html opt e10s fission stylo webrender,4767299,77,ms,firefox,,1751472715,2023-09-06 21:18:27,526.2,6e5768f3fc480965c2b67e5006ad8351d30a27b2,1296699,,,,,,,,,,,,,,,,,,,,,,,,,,,,,,,,,,,,,,,,,,,,,,,,,,,,,,,,,,,,,TN,TN
autoland,4767314,1,247a31fb40b3ac0b152bd3554743d742a3892fe3,linux1804-64-shippable-qr,True,False,,,102210fe594ee9b33d82058545b1ed14f4c8206e,id-getter-5.html,perf_reftest_singletons,True,perf_reftest_singletons id-getter-5.html opt e10s fission stylo webrender,4767299,77,ms,firefox,,1751583489,2023-09-07 02:02:33,530.51,172ac46f5fd5a20a001b2cbed27df0ffb44ef6a6,1296842,,,,,,,,,,,,,,,,,,,,,,,,,,,,,,,,,,,,,,,,,,,,,,,,,,,,,,,,,,,,,TN,TN
autoland,4767314,1,247a31fb40b3ac0b152bd3554743d742a3892fe3,linux1804-64-shippable-qr,True,False,,,102210fe594ee9b33d82058545b1ed14f4c8206e,id-getter-5.html,perf_reftest_singletons,True,perf_reftest_singletons id-getter-5.html opt e10s fission stylo webrender,4767299,77,ms,firefox,,1751664429,2023-09-07 05:47:53,529.1700000000001,c8b40099127c273a58ba6defbe045c55752f0f64,1296880,,,,,,,,,,,,,,,,,,,,,,,,,,,,,,,,,,,,,,,,,,,,,,,,,,,,,,,,,,,,,TN,TN
autoland,4767314,1,247a31fb40b3ac0b152bd3554743d742a3892fe3,linux1804-64-shippable-qr,True,False,,,102210fe594ee9b33d82058545b1ed14f4c8206e,id-getter-5.html,perf_reftest_singletons,True,perf_reftest_singletons id-getter-5.html opt e10s fission stylo webrender,4767299,77,ms,firefox,,1751768654,2023-09-07 10:02:59,537.22,72c09a220d986d7af3fa78b07b9b87cd943f9ab5,1296967,,,,,,,,,,,,,,,,,,,,,,,,,,,,,,,,,,,,,,,,,,,,,,,,,,,,,,,,,,,,,TN,TN
autoland,4767314,1,247a31fb40b3ac0b152bd3554743d742a3892fe3,linux1804-64-shippable-qr,True,False,,,102210fe594ee9b33d82058545b1ed14f4c8206e,id-getter-5.html,perf_reftest_singletons,True,perf_reftest_singletons id-getter-5.html opt e10s fission stylo webrender,4767299,77,ms,firefox,,1751837411,2023-09-07 12:32:17,529.03,31aee1c71573016a4a40410e1c41adad2304c430,1297037,,,,,,,,,,,,,,,,,,,,,,,,,,,,,,,,,,,,,,,,,,,,,,,,,,,,,,,,,,,,,TN,TN
autoland,4767314,1,247a31fb40b3ac0b152bd3554743d742a3892fe3,linux1804-64-shippable-qr,True,False,,,102210fe594ee9b33d82058545b1ed14f4c8206e,id-getter-5.html,perf_reftest_singletons,True,perf_reftest_singletons id-getter-5.html opt e10s fission stylo webrender,4767299,77,ms,firefox,,1751912348,2023-09-07 16:05:38,530.82,be838735b3cf99411aaa287377f080810144f92d,1297179,,,,,,,,,,,,,,,,,,,,,,,,,,,,,,,,,,,,,,,,,,,,,,,,,,,,,,,,,,,,,TN,TN
autoland,4767314,1,247a31fb40b3ac0b152bd3554743d742a3892fe3,linux1804-64-shippable-qr,True,False,,,102210fe594ee9b33d82058545b1ed14f4c8206e,id-getter-5.html,perf_reftest_singletons,True,perf_reftest_singletons id-getter-5.html opt e10s fission stylo webrender,4767299,77,ms,firefox,,1752092671,2023-09-07 18:57:03,544.81,25b4a7559a80b3970d88de68b2ac92420ca025c8,1297304,,,,,,,,,,,,,,,,,,,,,,,,,,,,,,,,,,,,,,,,,,,,,,,,,,,,,,,,,,,,,TN,TN
autoland,4767314,1,247a31fb40b3ac0b152bd3554743d742a3892fe3,linux1804-64-shippable-qr,True,False,,,102210fe594ee9b33d82058545b1ed14f4c8206e,id-getter-5.html,perf_reftest_singletons,True,perf_reftest_singletons id-getter-5.html opt e10s fission stylo webrender,4767299,77,ms,firefox,,1752183066,2023-09-07 23:16:45,530.8800000000001,6fb5507c20420498c1ebe5f2b6df35394d980f1c,1297446,,,,,,,,,,,,,,,,,,,,,,,,,,,,,,,,,,,,,,,,,,,,,,,,,,,,,,,,,,,,,TN,TN
autoland,4767314,1,247a31fb40b3ac0b152bd3554743d742a3892fe3,linux1804-64-shippable-qr,True,False,,,102210fe594ee9b33d82058545b1ed14f4c8206e,id-getter-5.html,perf_reftest_singletons,True,perf_reftest_singletons id-getter-5.html opt e10s fission stylo webrender,4767299,77,ms,firefox,,1752200680,2023-09-07 23:39:19,534.32,3096b15a785accc50f5e96ad64eed31ebd5ae045,1297453,,,,,,,,,,,,,,,,,,,,,,,,,,,,,,,,,,,,,,,,,,,,,,,,,,,,,,,,,,,,,TN,TN
autoland,4767314,1,247a31fb40b3ac0b152bd3554743d742a3892fe3,linux1804-64-shippable-qr,True,False,,,102210fe594ee9b33d82058545b1ed14f4c8206e,id-getter-5.html,perf_reftest_singletons,True,perf_reftest_singletons id-getter-5.html opt e10s fission stylo webrender,4767299,77,ms,firefox,,1752290822,2023-09-08 04:28:36,530.0,9cf29328d69c6278a4d9e184fcf79d33542cb600,1297535,,,,,,,,,,,,,,,,,,,,,,,,,,,,,,,,,,,,,,,,,,,,,,,,,,,,,,,,,,,,,TN,TN
autoland,4767314,1,247a31fb40b3ac0b152bd3554743d742a3892fe3,linux1804-64-shippable-qr,True,False,,,102210fe594ee9b33d82058545b1ed14f4c8206e,id-getter-5.html,perf_reftest_singletons,True,perf_reftest_singletons id-getter-5.html opt e10s fission stylo webrender,4767299,77,ms,firefox,,1752367587,2023-09-08 08:33:18,531.78,850826d930dbbaab76c864c8e0c815e741d335ec,1297602,,,,,,,,,,,,,,,,,,,,,,,,,,,,,,,,,,,,,,,,,,,,,,,,,,,,,,,,,,,,,TN,TN
autoland,4767314,1,247a31fb40b3ac0b152bd3554743d742a3892fe3,linux1804-64-shippable-qr,True,False,,,102210fe594ee9b33d82058545b1ed14f4c8206e,id-getter-5.html,perf_reftest_singletons,True,perf_reftest_singletons id-getter-5.html opt e10s fission stylo webrender,4767299,77,ms,firefox,,1752460105,2023-09-08 09:52:44,523.76,274b1d437629e97813d0b7fe7e8b4912cf84cf32,1297644,,,,,,,,,,,,,,,,,,,,,,,,,,,,,,,,,,,,,,,,,,,,,,,,,,,,,,,,,,,,,TN,TN
autoland,4767314,1,247a31fb40b3ac0b152bd3554743d742a3892fe3,linux1804-64-shippable-qr,True,False,,,102210fe594ee9b33d82058545b1ed14f4c8206e,id-getter-5.html,perf_reftest_singletons,True,perf_reftest_singletons id-getter-5.html opt e10s fission stylo webrender,4767299,77,ms,firefox,,1752552899,2023-09-08 14:14:09,522.87,822367e291b07b889b553a6beaa660fd1d4bf101,1297788,,,,,,,,,,,,,,,,,,,,,,,,,,,,,,,,,,,,,,,,,,,,,,,,,,,,,,,,,,,,,TN,TN
autoland,4767314,1,247a31fb40b3ac0b152bd3554743d742a3892fe3,linux1804-64-shippable-qr,True,False,,,102210fe594ee9b33d82058545b1ed14f4c8206e,id-getter-5.html,perf_reftest_singletons,True,perf_reftest_singletons id-getter-5.html opt e10s fission stylo webrender,4767299,77,ms,firefox,,1752596416,2023-09-08 14:59:47,527.6800000000001,bde2db6f12ce1100b2bbb4b10916f7be1cf90f3a,1297817,,,,,,,,,,,,,,,,,,,,,,,,,,,,,,,,,,,,,,,,,,,,,,,,,,,,,,,,,,,,,TN,TN
autoland,4767314,1,247a31fb40b3ac0b152bd3554743d742a3892fe3,linux1804-64-shippable-qr,True,False,,,102210fe594ee9b33d82058545b1ed14f4c8206e,id-getter-5.html,perf_reftest_singletons,True,perf_reftest_singletons id-getter-5.html opt e10s fission stylo webrender,4767299,77,ms,firefox,,1752703575,2023-09-08 18:04:40,527.0,27b2bca6565fd4a7d724617dc2a06ad4433d5e7d,1297929,,,,,,,,,,,,,,,,,,,,,,,,,,,,,,,,,,,,,,,,,,,,,,,,,,,,,,,,,,,,,TN,TN
autoland,4767314,1,247a31fb40b3ac0b152bd3554743d742a3892fe3,linux1804-64-shippable-qr,True,False,,,102210fe594ee9b33d82058545b1ed14f4c8206e,id-getter-5.html,perf_reftest_singletons,True,perf_reftest_singletons id-getter-5.html opt e10s fission stylo webrender,4767299,77,ms,firefox,,1752842471,2023-09-08 22:44:42,534.3900000000001,caabab6fd2b88b34f1344af40c555fed0a039949,1298112,,,,,,,,,,,,,,,,,,,,,,,,,,,,,,,,,,,,,,,,,,,,,,,,,,,,,,,,,,,,,TN,TN
autoland,4767314,1,247a31fb40b3ac0b152bd3554743d742a3892fe3,linux1804-64-shippable-qr,True,False,,,102210fe594ee9b33d82058545b1ed14f4c8206e,id-getter-5.html,perf_reftest_singletons,True,perf_reftest_singletons id-getter-5.html opt e10s fission stylo webrender,4767299,77,ms,firefox,,1752912936,2023-09-09 01:11:00,528.69,266305ba8989b3072ea042b1a3130ddfb89960e1,1298167,,,,,,,,,,,,,,,,,,,,,,,,,,,,,,,,,,,,,,,,,,,,,,,,,,,,,,,,,,,,,TN,TN
autoland,4767314,1,247a31fb40b3ac0b152bd3554743d742a3892fe3,linux1804-64-shippable-qr,True,False,,,102210fe594ee9b33d82058545b1ed14f4c8206e,id-getter-5.html,perf_reftest_singletons,True,perf_reftest_singletons id-getter-5.html opt e10s fission stylo webrender,4767299,77,ms,firefox,,1752966637,2023-09-09 05:59:08,529.25,02f7c436b43f486a8aec92c449f2df1fedf9226a,1298196,,,,,,,,,,,,,,,,,,,,,,,,,,,,,,,,,,,,,,,,,,,,,,,,,,,,,,,,,,,,,TN,TN
autoland,4767314,1,247a31fb40b3ac0b152bd3554743d742a3892fe3,linux1804-64-shippable-qr,True,False,,,102210fe594ee9b33d82058545b1ed14f4c8206e,id-getter-5.html,perf_reftest_singletons,True,perf_reftest_singletons id-getter-5.html opt e10s fission stylo webrender,4767299,77,ms,firefox,,1753029644,2023-09-09 12:58:29,539.17,52b4a28cd9d7623a471a02cb994a2aebbd5d7403,1298223,,,,,,,,,,,,,,,,,,,,,,,,,,,,,,,,,,,,,,,,,,,,,,,,,,,,,,,,,,,,,TN,TN
autoland,4767314,1,247a31fb40b3ac0b152bd3554743d742a3892fe3,linux1804-64-shippable-qr,True,False,,,102210fe594ee9b33d82058545b1ed14f4c8206e,id-getter-5.html,perf_reftest_singletons,True,perf_reftest_singletons id-getter-5.html opt e10s fission stylo webrender,4767299,77,ms,firefox,,1753200354,2023-09-09 23:18:35,539.4100000000001,df18c9cb1487f09a89e27eabbd0819691c70701b,1298263,,,,,,,,,,,,,,,,,,,,,,,,,,,,,,,,,,,,,,,,,,,,,,,,,,,,,,,,,,,,,TN,TN
autoland,4767314,1,247a31fb40b3ac0b152bd3554743d742a3892fe3,linux1804-64-shippable-qr,True,False,,,102210fe594ee9b33d82058545b1ed14f4c8206e,id-getter-5.html,perf_reftest_singletons,True,perf_reftest_singletons id-getter-5.html opt e10s fission stylo webrender,4767299,77,ms,firefox,,1753254503,2023-09-10 03:51:10,537.71,7faa89970aed2f2e16f538aba1a7465bb6a5ea20,1298271,,,,,,,,,,,,,,,,,,,,,,,,,,,,,,,,,,,,,,,,,,,,,,,,,,,,,,,,,,,,,TN,TN
autoland,4767314,1,247a31fb40b3ac0b152bd3554743d742a3892fe3,linux1804-64-shippable-qr,True,False,,,102210fe594ee9b33d82058545b1ed14f4c8206e,id-getter-5.html,perf_reftest_singletons,True,perf_reftest_singletons id-getter-5.html opt e10s fission stylo webrender,4767299,77,ms,firefox,,1753425534,2023-09-10 10:15:01,546.95,2e1c2dd8ef65a6914ebc4e0bc0a0a274c31e29bc,1298293,,,,,,,,,,,,,,,,,,,,,,,,,,,,,,,,,,,,,,,,,,,,,,,,,,,,,,,,,,,,,TN,TN
autoland,4767314,1,247a31fb40b3ac0b152bd3554743d742a3892fe3,linux1804-64-shippable-qr,True,False,,,102210fe594ee9b33d82058545b1ed14f4c8206e,id-getter-5.html,perf_reftest_singletons,True,perf_reftest_singletons id-getter-5.html opt e10s fission stylo webrender,4767299,77,ms,firefox,,1753491705,2023-09-10 12:24:34,524.5899999999999,640ad6a53cf88f878095f49f98b720a99c2762bd,1298303,,,,,,,,,,,,,,,,,,,,,,,,,,,,,,,,,,,,,,,,,,,,,,,,,,,,,,,,,,,,,TN,TN
autoland,4767314,1,247a31fb40b3ac0b152bd3554743d742a3892fe3,linux1804-64-shippable-qr,True,False,,,102210fe594ee9b33d82058545b1ed14f4c8206e,id-getter-5.html,perf_reftest_singletons,True,perf_reftest_singletons id-getter-5.html opt e10s fission stylo webrender,4767299,77,ms,firefox,,1753608212,2023-09-10 16:24:53,538.53,e91d172728590586e38bc431f3dc779479e365d5,1298313,,,,,,,,,,,,,,,,,,,,,,,,,,,,,,,,,,,,,,,,,,,,,,,,,,,,,,,,,,,,,TN,TN
autoland,4767314,1,247a31fb40b3ac0b152bd3554743d742a3892fe3,linux1804-64-shippable-qr,True,False,,,102210fe594ee9b33d82058545b1ed14f4c8206e,id-getter-5.html,perf_reftest_singletons,True,perf_reftest_singletons id-getter-5.html opt e10s fission stylo webrender,4767299,77,ms,firefox,,1753731631,2023-09-10 22:24:39,525.19,fff502a8f26bdfc51eada3cf32107848bff64a76,1298356,,,,,,,,,,,,,,,,,,,,,,,,,,,,,,,,,,,,,,,,,,,,,,,,,,,,,,,,,,,,,TN,TN
autoland,4767314,1,247a31fb40b3ac0b152bd3554743d742a3892fe3,linux1804-64-shippable-qr,True,False,,,102210fe594ee9b33d82058545b1ed14f4c8206e,id-getter-5.html,perf_reftest_singletons,True,perf_reftest_singletons id-getter-5.html opt e10s fission stylo webrender,4767299,77,ms,firefox,,1753835289,2023-09-11 04:00:08,537.0999999999999,5f5a3f190fdfa0947a671467171ab2b3cee62c38,1298396,,,,,,,,,,,,,,,,,,,,,,,,,,,,,,,,,,,,,,,,,,,,,,,,,,,,,,,,,,,,,TN,TN
autoland,4767314,1,247a31fb40b3ac0b152bd3554743d742a3892fe3,linux1804-64-shippable-qr,True,False,,,102210fe594ee9b33d82058545b1ed14f4c8206e,id-getter-5.html,perf_reftest_singletons,True,perf_reftest_singletons id-getter-5.html opt e10s fission stylo webrender,4767299,77,ms,firefox,,1753893270,2023-09-11 08:01:16,531.21,35ae39561912dad340dac47c7c1dc3af6ead952b,1298437,,,,,,,,,,,,,,,,,,,,,,,,,,,,,,,,,,,,,,,,,,,,,,,,,,,,,,,,,,,,,TN,TN
autoland,4767314,1,247a31fb40b3ac0b152bd3554743d742a3892fe3,linux1804-64-shippable-qr,True,False,,,102210fe594ee9b33d82058545b1ed14f4c8206e,id-getter-5.html,perf_reftest_singletons,True,perf_reftest_singletons id-getter-5.html opt e10s fission stylo webrender,4767299,77,ms,firefox,,1753961031,2023-09-11 10:09:23,542.6800000000001,16a377bb7b5f9713ac6a5fae21ce043c7de7cd67,1298486,,,,,,,,,,,,,,,,,,,,,,,,,,,,,,,,,,,,,,,,,,,,,,,,,,,,,,,,,,,,,TN,TN
autoland,4767314,1,247a31fb40b3ac0b152bd3554743d742a3892fe3,linux1804-64-shippable-qr,True,False,,,102210fe594ee9b33d82058545b1ed14f4c8206e,id-getter-5.html,perf_reftest_singletons,True,perf_reftest_singletons id-getter-5.html opt e10s fission stylo webrender,4767299,77,ms,firefox,,1754082149,2023-09-11 13:54:23,534.25,2ea4fd5d517a2b5edf081c9e2ccd8c014f6dc171,1298638,,,,,,,,,,,,,,,,,,,,,,,,,,,,,,,,,,,,,,,,,,,,,,,,,,,,,,,,,,,,,TN,TN
autoland,4767314,1,247a31fb40b3ac0b152bd3554743d742a3892fe3,linux1804-64-shippable-qr,True,False,,,102210fe594ee9b33d82058545b1ed14f4c8206e,id-getter-5.html,perf_reftest_singletons,True,perf_reftest_singletons id-getter-5.html opt e10s fission stylo webrender,4767299,77,ms,firefox,,1754258463,2023-09-11 17:41:44,533.98,f28ec98bf27ffbc0952af3f4ff0ffec4218a6554,1298761,,,,,,,,,,,,,,,,,,,,,,,,,,,,,,,,,,,,,,,,,,,,,,,,,,,,,,,,,,,,,TN,TN
autoland,4767314,1,247a31fb40b3ac0b152bd3554743d742a3892fe3,linux1804-64-shippable-qr,True,False,,,102210fe594ee9b33d82058545b1ed14f4c8206e,id-getter-5.html,perf_reftest_singletons,True,perf_reftest_singletons id-getter-5.html opt e10s fission stylo webrender,4767299,77,ms,firefox,,1754367539,2023-09-11 21:44:17,526.73,4a10a12f6006582e936c81baefda439d8f078729,1298874,,,,,,,,,,,,,,,,,,,,,,,,,,,,,,,,,,,,,,,,,,,,,,,,,,,,,,,,,,,,,TN,TN
autoland,4767314,1,247a31fb40b3ac0b152bd3554743d742a3892fe3,linux1804-64-shippable-qr,True,False,,,102210fe594ee9b33d82058545b1ed14f4c8206e,id-getter-5.html,perf_reftest_singletons,True,perf_reftest_singletons id-getter-5.html opt e10s fission stylo webrender,4767299,77,ms,firefox,,1754382296,2023-09-11 22:07:56,524.4300000000001,12882fe96164b756c60fff4549300977b85af06f,1298881,,,,,,,,,,,,,,,,,,,,,,,,,,,,,,,,,,,,,,,,,,,,,,,,,,,,,,,,,,,,,TN,TN
autoland,4767314,1,247a31fb40b3ac0b152bd3554743d742a3892fe3,linux1804-64-shippable-qr,True,False,,,102210fe594ee9b33d82058545b1ed14f4c8206e,id-getter-5.html,perf_reftest_singletons,True,perf_reftest_singletons id-getter-5.html opt e10s fission stylo webrender,4767299,77,ms,firefox,,1754542780,2023-09-12 02:35:45,584.8299999999999,cdcc536589320caec69ec36416058cd46b8d4178,1298976,,,,,,,,,,,,,,,,,,,,,,,,,,,,,,,,,,,,,,,,,,,,,,,,,,,,,,,,,,,,,TN,TN
autoland,4767314,1,247a31fb40b3ac0b152bd3554743d742a3892fe3,linux1804-64-shippable-qr,True,False,,,102210fe594ee9b33d82058545b1ed14f4c8206e,id-getter-5.html,perf_reftest_singletons,True,perf_reftest_singletons id-getter-5.html opt e10s fission stylo webrender,4767299,77,ms,firefox,,1754646873,2023-09-12 07:31:58,532.4,2e2360c55e7b421532f4d12b7a36a0e0f943a1e9,1299027,,,,,,,,,,,,,,,,,,,,,,,,,,,,,,,,,,,,,,,,,,,,,,,,,,,,,,,,,,,,,TN,TN
autoland,4767314,1,247a31fb40b3ac0b152bd3554743d742a3892fe3,linux1804-64-shippable-qr,True,False,,,102210fe594ee9b33d82058545b1ed14f4c8206e,id-getter-5.html,perf_reftest_singletons,True,perf_reftest_singletons id-getter-5.html opt e10s fission stylo webrender,4767299,77,ms,firefox,,1754776140,2023-09-12 11:48:24,527.76,4cca882e069d67c3a9a9064ac603b0dca23a5b39,1299122,,,,,,,,,,,,,,,,,,,,,,,,,,,,,,,,,,,,,,,,,,,,,,,,,,,,,,,,,,,,,TN,TN
autoland,4767314,1,247a31fb40b3ac0b152bd3554743d742a3892fe3,linux1804-64-shippable-qr,True,False,,,102210fe594ee9b33d82058545b1ed14f4c8206e,id-getter-5.html,perf_reftest_singletons,True,perf_reftest_singletons id-getter-5.html opt e10s fission stylo webrender,4767299,77,ms,firefox,,1754815398,2023-09-12 12:34:27,532.62,f302f4a5371614cb2d42fbbe4ddfdd068aae146d,1299141,,,,,,,,,,,,,,,,,,,,,,,,,,,,,,,,,,,,,,,,,,,,,,,,,,,,,,,,,,,,,TN,TN
autoland,4767314,1,247a31fb40b3ac0b152bd3554743d742a3892fe3,linux1804-64-shippable-qr,True,False,,,102210fe594ee9b33d82058545b1ed14f4c8206e,id-getter-5.html,perf_reftest_singletons,True,perf_reftest_singletons id-getter-5.html opt e10s fission stylo webrender,4767299,77,ms,firefox,,1754943430,2023-09-12 16:35:29,539.5799999999999,1b3be6b61583c53c2cb899ffc91c921c022e8162,1299257,,,,,,,,,,,,,,,,,,,,,,,,,,,,,,,,,,,,,,,,,,,,,,,,,,,,,,,,,,,,,TN,TN
autoland,4767314,1,247a31fb40b3ac0b152bd3554743d742a3892fe3,linux1804-64-shippable-qr,True,False,,,102210fe594ee9b33d82058545b1ed14f4c8206e,id-getter-5.html,perf_reftest_singletons,True,perf_reftest_singletons id-getter-5.html opt e10s fission stylo webrender,4767299,77,ms,firefox,,1754975413,2023-09-12 17:51:01,536.45,c77f534dc9b99192eca371e3917ffc5b504bd055,1299297,,,,,,,,,,,,,,,,,,,,,,,,,,,,,,,,,,,,,,,,,,,,,,,,,,,,,,,,,,,,,TN,TN
autoland,4767314,1,247a31fb40b3ac0b152bd3554743d742a3892fe3,linux1804-64-shippable-qr,True,False,,,102210fe594ee9b33d82058545b1ed14f4c8206e,id-getter-5.html,perf_reftest_singletons,True,perf_reftest_singletons id-getter-5.html opt e10s fission stylo webrender,4767299,77,ms,firefox,,1755149106,2023-09-12 22:44:58,530.3399999999999,0339e9d43c22845d7589528bc8a08eee6b2d5c7a,1299446,,,,,,,,,,,,,,,,,,,,,,,,,,,,,,,,,,,,,,,,,,,,,,,,,,,,,,,,,,,,,TN,TN
autoland,4767314,1,247a31fb40b3ac0b152bd3554743d742a3892fe3,linux1804-64-shippable-qr,True,False,,,102210fe594ee9b33d82058545b1ed14f4c8206e,id-getter-5.html,perf_reftest_singletons,True,perf_reftest_singletons id-getter-5.html opt e10s fission stylo webrender,4767299,77,ms,firefox,,1755165777,2023-09-12 23:09:22,523.8199999999999,d238756ba039d0430074dea8fa1db0c2b75b8184,1299456,,,,,,,,,,,,,,,,,,,,,,,,,,,,,,,,,,,,,,,,,,,,,,,,,,,,,,,,,,,,,TN,TN
autoland,4767314,1,247a31fb40b3ac0b152bd3554743d742a3892fe3,linux1804-64-shippable-qr,True,False,,,102210fe594ee9b33d82058545b1ed14f4c8206e,id-getter-5.html,perf_reftest_singletons,True,perf_reftest_singletons id-getter-5.html opt e10s fission stylo webrender,4767299,77,ms,firefox,,1755226076,2023-09-13 03:21:32,529.97,daceab96e9588ecb729cc3648c7980f1d9928ef1,1299496,,,,,,,,,,,,,,,,,,,,,,,,,,,,,,,,,,,,,,,,,,,,,,,,,,,,,,,,,,,,,TN,TN
autoland,4767314,1,247a31fb40b3ac0b152bd3554743d742a3892fe3,linux1804-64-shippable-qr,True,False,,,102210fe594ee9b33d82058545b1ed14f4c8206e,id-getter-5.html,perf_reftest_singletons,True,perf_reftest_singletons id-getter-5.html opt e10s fission stylo webrender,4767299,77,ms,firefox,,1755295893,2023-09-13 08:07:28,532.0999999999999,00a66a4ea7d34e12302bd63f68a950cbff5a9ffa,1299529,,,,,,,,,,,,,,,,,,,,,,,,,,,,,,,,,,,,,,,,,,,,,,,,,,,,,,,,,,,,,TN,TN
autoland,4767314,1,247a31fb40b3ac0b152bd3554743d742a3892fe3,linux1804-64-shippable-qr,True,False,,,102210fe594ee9b33d82058545b1ed14f4c8206e,id-getter-5.html,perf_reftest_singletons,True,perf_reftest_singletons id-getter-5.html opt e10s fission stylo webrender,4767299,77,ms,firefox,,1755456896,2023-09-13 11:26:03,532.2,1a4b8c41b3c3efb7f5870fb99730fc6b08a44cc1,1299625,,,,,,,,,,,,,,,,,,,,,,,,,,,,,,,,,,,,,,,,,,,,,,,,,,,,,,,,,,,,,TN,TN
autoland,4767314,1,247a31fb40b3ac0b152bd3554743d742a3892fe3,linux1804-64-shippable-qr,True,False,,,102210fe594ee9b33d82058545b1ed14f4c8206e,id-getter-5.html,perf_reftest_singletons,True,perf_reftest_singletons id-getter-5.html opt e10s fission stylo webrender,4767299,77,ms,firefox,,1755609509,2023-09-13 15:38:40,524.26,49a7e292daad5c6727d745e6910b8bde5c3f59a6,1299802,,,,,,,,,,,,,,,,,,,,,,,,,,,,,,,,,,,,,,,,,,,,,,,,,,,,,,,,,,,,,TN,TN
autoland,4767314,1,247a31fb40b3ac0b152bd3554743d742a3892fe3,linux1804-64-shippable-qr,True,False,,,102210fe594ee9b33d82058545b1ed14f4c8206e,id-getter-5.html,perf_reftest_singletons,True,perf_reftest_singletons id-getter-5.html opt e10s fission stylo webrender,4767299,77,ms,firefox,,1755634098,2023-09-13 16:07:42,536.43,ce9c917d3e22a86f9e2a6fb5d5b68cd6d56fb687,1299823,,,,,,,,,,,,,,,,,,,,,,,,,,,,,,,,,,,,,,,,,,,,,,,,,,,,,,,,,,,,,TN,TN
autoland,4767314,1,247a31fb40b3ac0b152bd3554743d742a3892fe3,linux1804-64-shippable-qr,True,False,,,102210fe594ee9b33d82058545b1ed14f4c8206e,id-getter-5.html,perf_reftest_singletons,True,perf_reftest_singletons id-getter-5.html opt e10s fission stylo webrender,4767299,77,ms,firefox,,1755855008,2023-09-13 20:42:18,531.3199999999999,ab101a976da356370e4d513e38e73a1fa55b1597,1300022,,,,,,,,,,,,,,,,,,,,,,,,,,,,,,,,,,,,,,,,,,,,,,,,,,,,,,,,,,,,,TN,TN
autoland,4767314,1,247a31fb40b3ac0b152bd3554743d742a3892fe3,linux1804-64-shippable-qr,True,False,,,102210fe594ee9b33d82058545b1ed14f4c8206e,id-getter-5.html,perf_reftest_singletons,True,perf_reftest_singletons id-getter-5.html opt e10s fission stylo webrender,4767299,77,ms,firefox,,1755933523,2023-09-13 23:14:42,528.64,8f5a11c1eb0b7598d1415f6efa9c360191a423f8,1300119,,,,,,,,,,,,,,,,,,,,,,,,,,,,,,,,,,,,,,,,,,,,,,,,,,,,,,,,,,,,,TN,TN
autoland,4767314,1,247a31fb40b3ac0b152bd3554743d742a3892fe3,linux1804-64-shippable-qr,True,False,,,102210fe594ee9b33d82058545b1ed14f4c8206e,id-getter-5.html,perf_reftest_singletons,True,perf_reftest_singletons id-getter-5.html opt e10s fission stylo webrender,4767299,77,ms,firefox,,1756087873,2023-09-14 04:10:41,531.9,c57de172952ed6dfa84943bd2175574e4c87e92b,1300187,,,,,,,,,,,,,,,,,,,,,,,,,,,,,,,,,,,,,,,,,,,,,,,,,,,,,,,,,,,,,TN,TN
autoland,4767314,1,247a31fb40b3ac0b152bd3554743d742a3892fe3,linux1804-64-shippable-qr,True,False,,,102210fe594ee9b33d82058545b1ed14f4c8206e,id-getter-5.html,perf_reftest_singletons,True,perf_reftest_singletons id-getter-5.html opt e10s fission stylo webrender,4767299,77,ms,firefox,,1756302409,2023-09-14 09:30:23,529.71,69c7e9b937f817f1bee50511a690a35aa3b49793,1300302,,,,,,,,,,,,,,,,,,,,,,,,,,,,,,,,,,,,,,,,,,,,,,,,,,,,,,,,,,,,,TN,TN
autoland,4767314,1,247a31fb40b3ac0b152bd3554743d742a3892fe3,linux1804-64-shippable-qr,True,False,,,102210fe594ee9b33d82058545b1ed14f4c8206e,id-getter-5.html,perf_reftest_singletons,True,perf_reftest_singletons id-getter-5.html opt e10s fission stylo webrender,4767299,77,ms,firefox,,1756367695,2023-09-14 11:38:04,527.44,76116e6c2476f694d9cd5db9c69d9065e3b2cbbd,1300382,,,,,,,,,,,,,,,,,,,,,,,,,,,,,,,,,,,,,,,,,,,,,,,,,,,,,,,,,,,,,TN,TN
autoland,4767314,1,247a31fb40b3ac0b152bd3554743d742a3892fe3,linux1804-64-shippable-qr,True,False,,,102210fe594ee9b33d82058545b1ed14f4c8206e,id-getter-5.html,perf_reftest_singletons,True,perf_reftest_singletons id-getter-5.html opt e10s fission stylo webrender,4767299,77,ms,firefox,,1756537834,2023-09-14 15:44:34,531.1700000000001,3b93c8502571e31ff0926a4911fae422c3c2118c,1300523,,,,,,,,,,,,,,,,,,,,,,,,,,,,,,,,,,,,,,,,,,,,,,,,,,,,,,,,,,,,,TN,TN
autoland,4767314,1,247a31fb40b3ac0b152bd3554743d742a3892fe3,linux1804-64-shippable-qr,True,False,,,102210fe594ee9b33d82058545b1ed14f4c8206e,id-getter-5.html,perf_reftest_singletons,True,perf_reftest_singletons id-getter-5.html opt e10s fission stylo webrender,4767299,77,ms,firefox,,1756561930,2023-09-14 16:38:11,536.8900000000001,98de7bc404c3786a5459a205dea174bdf39d3dbf,1300546,,,,,,,,,,,,,,,,,,,,,,,,,,,,,,,,,,,,,,,,,,,,,,,,,,,,,,,,,,,,,TN,TN
autoland,4767314,1,247a31fb40b3ac0b152bd3554743d742a3892fe3,linux1804-64-shippable-qr,True,False,,,102210fe594ee9b33d82058545b1ed14f4c8206e,id-getter-5.html,perf_reftest_singletons,True,perf_reftest_singletons id-getter-5.html opt e10s fission stylo webrender,4767299,77,ms,firefox,,1756662785,2023-09-14 20:51:49,534.16,ecc245e6c1644825a53e0e4085347043a793a40f,1300732,,,,,,,,,,,,,,,,,,,,,,,,,,,,,,,,,,,,,,,,,,,,,,,,,,,,,,,,,,,,,TN,TN
autoland,4767314,1,247a31fb40b3ac0b152bd3554743d742a3892fe3,linux1804-64-shippable-qr,True,False,,,102210fe594ee9b33d82058545b1ed14f4c8206e,id-getter-5.html,perf_reftest_singletons,True,perf_reftest_singletons id-getter-5.html opt e10s fission stylo webrender,4767299,77,ms,firefox,,1756801290,2023-09-15 00:53:43,532.05,cfbd0bd9bc623276a862481e44bd71e1d57e2eac,1300850,,,,,,,,,,,,,,,,,,,,,,,,,,,,,,,,,,,,,,,,,,,,,,,,,,,,,,,,,,,,,TN,TN
autoland,4767314,1,247a31fb40b3ac0b152bd3554743d742a3892fe3,linux1804-64-shippable-qr,True,False,,,102210fe594ee9b33d82058545b1ed14f4c8206e,id-getter-5.html,perf_reftest_singletons,True,perf_reftest_singletons id-getter-5.html opt e10s fission stylo webrender,4767299,77,ms,firefox,,1756920119,2023-09-15 06:04:49,528.1600000000001,8f99acff4cbc8f25f158dc6ff079042f02768f05,1300927,,,,,,,,,,,,,,,,,,,,,,,,,,,,,,,,,,,,,,,,,,,,,,,,,,,,,,,,,,,,,TN,TN
autoland,4767314,1,247a31fb40b3ac0b152bd3554743d742a3892fe3,linux1804-64-shippable-qr,True,False,,,102210fe594ee9b33d82058545b1ed14f4c8206e,id-getter-5.html,perf_reftest_singletons,True,perf_reftest_singletons id-getter-5.html opt e10s fission stylo webrender,4767299,77,ms,firefox,,1756943023,2023-09-15 06:59:31,526.21,0a032c6f1d5da0740059f67c499e0e9f7ab88650,1300939,,,,,,,,,,,,,,,,,,,,,,,,,,,,,,,,,,,,,,,,,,,,,,,,,,,,,,,,,,,,,TN,TN
autoland,4767314,1,247a31fb40b3ac0b152bd3554743d742a3892fe3,linux1804-64-shippable-qr,True,False,,,102210fe594ee9b33d82058545b1ed14f4c8206e,id-getter-5.html,perf_reftest_singletons,True,perf_reftest_singletons id-getter-5.html opt e10s fission stylo webrender,4767299,77,ms,firefox,,1757098187,2023-09-15 11:50:44,538.3299999999999,29c4aff31f1dc95ad970b23a77b763265f1632c0,1301039,,,,,,,,,,,,,,,,,,,,,,,,,,,,,,,,,,,,,,,,,,,,,,,,,,,,,,,,,,,,,TN,TN
autoland,4767314,1,247a31fb40b3ac0b152bd3554743d742a3892fe3,linux1804-64-shippable-qr,True,False,,,102210fe594ee9b33d82058545b1ed14f4c8206e,id-getter-5.html,perf_reftest_singletons,True,perf_reftest_singletons id-getter-5.html opt e10s fission stylo webrender,4767299,77,ms,firefox,,1757134118,2023-09-15 12:28:36,532.51,953f367a5ef64eeb7654e6c62f3ac7fb2b4424a3,1301070,,,,,,,,,,,,,,,,,,,,,,,,,,,,,,,,,,,,,,,,,,,,,,,,,,,,,,,,,,,,,TN,TN
autoland,4767314,1,247a31fb40b3ac0b152bd3554743d742a3892fe3,linux1804-64-shippable-qr,True,False,,,102210fe594ee9b33d82058545b1ed14f4c8206e,id-getter-5.html,perf_reftest_singletons,True,perf_reftest_singletons id-getter-5.html opt e10s fission stylo webrender,4767299,77,ms,firefox,,1757193703,2023-09-15 14:51:55,531.21,079079610ac2a41dba72a91cbe2867519e2bc5bd,1301175,,,,,,,,,,,,,,,,,,,,,,,,,,,,,,,,,,,,,,,,,,,,,,,,,,,,,,,,,,,,,TN,TN
autoland,4767314,1,247a31fb40b3ac0b152bd3554743d742a3892fe3,linux1804-64-shippable-qr,True,False,,,102210fe594ee9b33d82058545b1ed14f4c8206e,id-getter-5.html,perf_reftest_singletons,True,perf_reftest_singletons id-getter-5.html opt e10s fission stylo webrender,4767299,77,ms,firefox,,1757285597,2023-09-15 17:51:06,521.0999999999999,fec6b3b46bc6439ac98e03aa73938deaf6323f5c,1301318,,,,,,,,,,,,,,,,,,,,,,,,,,,,,,,,,,,,,,,,,,,,,,,,,,,,,,,,,,,,,TN,TN
autoland,4767314,1,247a31fb40b3ac0b152bd3554743d742a3892fe3,linux1804-64-shippable-qr,True,False,,,102210fe594ee9b33d82058545b1ed14f4c8206e,id-getter-5.html,perf_reftest_singletons,True,perf_reftest_singletons id-getter-5.html opt e10s fission stylo webrender,4767299,77,ms,firefox,,1757346738,2023-09-15 20:04:54,542.9100000000001,99357ab2bb639918d2ea0e8f391494df18c24cb9,1301421,,,,,,,,,,,,,,,,,,,,,,,,,,,,,,,,,,,,,,,,,,,,,,,,,,,,,,,,,,,,,TN,TN
autoland,4767314,1,247a31fb40b3ac0b152bd3554743d742a3892fe3,linux1804-64-shippable-qr,True,False,,,102210fe594ee9b33d82058545b1ed14f4c8206e,id-getter-5.html,perf_reftest_singletons,True,perf_reftest_singletons id-getter-5.html opt e10s fission stylo webrender,4767299,77,ms,firefox,,1757478519,2023-09-16 00:25:52,523.45,aa4e3903740dfa0ed175c6ff18e57b8fbe82afd7,1301531,,,,,,,,,,,,,,,,,,,,,,,,,,,,,,,,,,,,,,,,,,,,,,,,,,,,,,,,,,,,,TN,TN
autoland,4767314,1,247a31fb40b3ac0b152bd3554743d742a3892fe3,linux1804-64-shippable-qr,True,False,,,102210fe594ee9b33d82058545b1ed14f4c8206e,id-getter-5.html,perf_reftest_singletons,True,perf_reftest_singletons id-getter-5.html opt e10s fission stylo webrender,4767299,77,ms,firefox,,1757459372,2023-09-16 00:35:43,534.38,69d0f600b52641dd114b02da128a162f86f09395,1301538,,,,,,,,,,,,,,,,,,,,,,,,,,,,,,,,,,,,,,,,,,,,,,,,,,,,,,,,,,,,,TN,TN
autoland,4767314,1,247a31fb40b3ac0b152bd3554743d742a3892fe3,linux1804-64-shippable-qr,True,False,,,102210fe594ee9b33d82058545b1ed14f4c8206e,id-getter-5.html,perf_reftest_singletons,True,perf_reftest_singletons id-getter-5.html opt e10s fission stylo webrender,4767299,77,ms,firefox,,1757560565,2023-09-16 05:54:34,517.84,7fcd45f7f407a0c756c8b8292b1df8d8162cdce6,1301559,,,,,,,,,,,,,,,,,,,,,,,,,,,,,,,,,,,,,,,,,,,,,,,,,,,,,,,,,,,,,TN,TN
autoland,4767314,1,247a31fb40b3ac0b152bd3554743d742a3892fe3,linux1804-64-shippable-qr,True,False,,,102210fe594ee9b33d82058545b1ed14f4c8206e,id-getter-5.html,perf_reftest_singletons,True,perf_reftest_singletons id-getter-5.html opt e10s fission stylo webrender,4767299,77,ms,firefox,,1757643873,2023-09-16 12:53:39,539.6200000000001,745d8130d1ac2d3e0ae51f2f22896853f0d34479,1301583,,,,,,,,,,,,,,,,,,,,,,,,,,,,,,,,,,,,,,,,,,,,,,,,,,,,,,,,,,,,,TN,TN
autoland,4767314,1,247a31fb40b3ac0b152bd3554743d742a3892fe3,linux1804-64-shippable-qr,True,False,,,102210fe594ee9b33d82058545b1ed14f4c8206e,id-getter-5.html,perf_reftest_singletons,True,perf_reftest_singletons id-getter-5.html opt e10s fission stylo webrender,4767299,77,ms,firefox,,1757675094,2023-09-16 18:13:35,530.13,a7bddb715bd51687e4f52876beeb747f6a19cb0d,1301606,,,,,,,,,,,,,,,,,,,,,,,,,,,,,,,,,,,,,,,,,,,,,,,,,,,,,,,,,,,,,TN,TN
autoland,4767314,1,247a31fb40b3ac0b152bd3554743d742a3892fe3,linux1804-64-shippable-qr,True,False,,,102210fe594ee9b33d82058545b1ed14f4c8206e,id-getter-5.html,perf_reftest_singletons,True,perf_reftest_singletons id-getter-5.html opt e10s fission stylo webrender,4767299,77,ms,firefox,,1757797150,2023-09-17 06:44:56,528.3199999999999,d1558269e35b364c189cb76982dfc3fdd465224b,1301647,,,,,,,,,,,,,,,,,,,,,,,,,,,,,,,,,,,,,,,,,,,,,,,,,,,,,,,,,,,,,TN,TN
autoland,4767314,1,247a31fb40b3ac0b152bd3554743d742a3892fe3,linux1804-64-shippable-qr,True,False,,,102210fe594ee9b33d82058545b1ed14f4c8206e,id-getter-5.html,perf_reftest_singletons,True,perf_reftest_singletons id-getter-5.html opt e10s fission stylo webrender,4767299,77,ms,firefox,,1757866725,2023-09-17 09:36:28,518.21,16afd66ac7be7ee4ffc61599d0241c28d47c74c7,1301654,,,,,,,,,,,,,,,,,,,,,,,,,,,,,,,,,,,,,,,,,,,,,,,,,,,,,,,,,,,,,TN,TN
autoland,4767314,1,247a31fb40b3ac0b152bd3554743d742a3892fe3,linux1804-64-shippable-qr,True,False,,,102210fe594ee9b33d82058545b1ed14f4c8206e,id-getter-5.html,perf_reftest_singletons,True,perf_reftest_singletons id-getter-5.html opt e10s fission stylo webrender,4767299,77,ms,firefox,,1757910906,2023-09-17 14:36:55,529.77,17a576f280a8e27d78d7247f1f451ca46a64d0f4,1301663,,,,,,,,,,,,,,,,,,,,,,,,,,,,,,,,,,,,,,,,,,,,,,,,,,,,,,,,,,,,,TN,TN
autoland,4767314,1,247a31fb40b3ac0b152bd3554743d742a3892fe3,linux1804-64-shippable-qr,True,False,,,102210fe594ee9b33d82058545b1ed14f4c8206e,id-getter-5.html,perf_reftest_singletons,True,perf_reftest_singletons id-getter-5.html opt e10s fission stylo webrender,4767299,77,ms,firefox,,1757950431,2023-09-17 18:44:53,536.3800000000001,76aa4dfe7e88c5e43988e15fd032c3b9678cfebd,1301677,,,,,,,,,,,,,,,,,,,,,,,,,,,,,,,,,,,,,,,,,,,,,,,,,,,,,,,,,,,,,TN,TN
autoland,4767314,1,247a31fb40b3ac0b152bd3554743d742a3892fe3,linux1804-64-shippable-qr,True,False,,,102210fe594ee9b33d82058545b1ed14f4c8206e,id-getter-5.html,perf_reftest_singletons,True,perf_reftest_singletons id-getter-5.html opt e10s fission stylo webrender,4767299,77,ms,firefox,,1758003311,2023-09-17 22:46:46,530.04,4333e71e3754938bc5beee5baabbfd6657869bc6,1301700,,,,,,,,,,,,,,,,,,,,,,,,,,,,,,,,,,,,,,,,,,,,,,,,,,,,,,,,,,,,,TN,TN
autoland,4767314,1,247a31fb40b3ac0b152bd3554743d742a3892fe3,linux1804-64-shippable-qr,True,False,,,102210fe594ee9b33d82058545b1ed14f4c8206e,id-getter-5.html,perf_reftest_singletons,True,perf_reftest_singletons id-getter-5.html opt e10s fission stylo webrender,4767299,77,ms,firefox,,1758067140,2023-09-18 03:57:39,536.5999999999999,d395f485b3a2b96c9d6f47f5167308b763c1891b,1301730,,,,,,,,,,,,,,,,,,,,,,,,,,,,,,,,,,,,,,,,,,,,,,,,,,,,,,,,,,,,,TN,TN
autoland,4767314,1,247a31fb40b3ac0b152bd3554743d742a3892fe3,linux1804-64-shippable-qr,True,False,,,102210fe594ee9b33d82058545b1ed14f4c8206e,id-getter-5.html,perf_reftest_singletons,True,perf_reftest_singletons id-getter-5.html opt e10s fission stylo webrender,4767299,77,ms,firefox,,1758167935,2023-09-18 09:50:33,533.5799999999999,11fb2a6e434951fbef0791563a159cbbdd42f4c8,1301818,,,,,,,,,,,,,,,,,,,,,,,,,,,,,,,,,,,,,,,,,,,,,,,,,,,,,,,,,,,,,TN,TN
autoland,4767314,1,247a31fb40b3ac0b152bd3554743d742a3892fe3,linux1804-64-shippable-qr,True,False,,,102210fe594ee9b33d82058545b1ed14f4c8206e,id-getter-5.html,perf_reftest_singletons,True,perf_reftest_singletons id-getter-5.html opt e10s fission stylo webrender,4767299,77,ms,firefox,,1758347385,2023-09-18 14:45:06,533.76,7a51e2aa7d09aac78f5c93c25c65e83cb1272b7d,1301994,,,,,,,,,,,,,,,,,,,,,,,,,,,,,,,,,,,,,,,,,,,,,,,,,,,,,,,,,,,,,TN,TN
autoland,4767314,1,247a31fb40b3ac0b152bd3554743d742a3892fe3,linux1804-64-shippable-qr,True,False,,,102210fe594ee9b33d82058545b1ed14f4c8206e,id-getter-5.html,perf_reftest_singletons,True,perf_reftest_singletons id-getter-5.html opt e10s fission stylo webrender,4767299,77,ms,firefox,,1758580593,2023-09-18 21:05:31,531.69,44aa0c56427a5e659c7bec91e3b608472cb6f763,1302247,,,,,,,,,,,,,,,,,,,,,,,,,,,,,,,,,,,,,,,,,,,,,,,,,,,,,,,,,,,,,TN,TN
autoland,4767314,1,247a31fb40b3ac0b152bd3554743d742a3892fe3,linux1804-64-shippable-qr,True,False,,,102210fe594ee9b33d82058545b1ed14f4c8206e,id-getter-5.html,perf_reftest_singletons,True,perf_reftest_singletons id-getter-5.html opt e10s fission stylo webrender,4767299,77,ms,firefox,,1758612657,2023-09-18 22:22:31,543.23,3a523925f8ff99d5984169d7fbae7e4d1fc1cd18,1302316,,,,,,,,,,,,,,,,,,,,,,,,,,,,,,,,,,,,,,,,,,,,,,,,,,,,,,,,,,,,,TN,TN
autoland,4767314,1,247a31fb40b3ac0b152bd3554743d742a3892fe3,linux1804-64-shippable-qr,True,False,,,102210fe594ee9b33d82058545b1ed14f4c8206e,id-getter-5.html,perf_reftest_singletons,True,perf_reftest_singletons id-getter-5.html opt e10s fission stylo webrender,4767299,77,ms,firefox,,1758656015,2023-09-19 00:36:20,541.47,b0769fdf63e5e9d7ac3ef647f895b15971a8dc99,1302387,,,,,,,,,,,,,,,,,,,,,,,,,,,,,,,,,,,,,,,,,,,,,,,,,,,,,,,,,,,,,TN,TN
autoland,4767314,1,247a31fb40b3ac0b152bd3554743d742a3892fe3,linux1804-64-shippable-qr,True,False,,,102210fe594ee9b33d82058545b1ed14f4c8206e,id-getter-5.html,perf_reftest_singletons,True,perf_reftest_singletons id-getter-5.html opt e10s fission stylo webrender,4767299,77,ms,firefox,,1758741631,2023-09-19 04:53:23,528.15,6589c0d4d3d3aaed578f6d60cc1831f6cdf79b7c,1302461,,,,,,,,,,,,,,,,,,,,,,,,,,,,,,,,,,,,,,,,,,,,,,,,,,,,,,,,,,,,,TN,TN
autoland,4767314,1,247a31fb40b3ac0b152bd3554743d742a3892fe3,linux1804-64-shippable-qr,True,False,,,102210fe594ee9b33d82058545b1ed14f4c8206e,id-getter-5.html,perf_reftest_singletons,True,perf_reftest_singletons id-getter-5.html opt e10s fission stylo webrender,4767299,77,ms,firefox,,1758854398,2023-09-19 06:42:05,537.81,0a60f8be5517ddc928471d4a378b46228773fbc5,1302480,,,,,,,,,,,,,,,,,,,,,,,,,,,,,,,,,,,,,,,,,,,,,,,,,,,,,,,,,,,,,TN,TN
autoland,4767314,1,247a31fb40b3ac0b152bd3554743d742a3892fe3,linux1804-64-shippable-qr,True,False,,,102210fe594ee9b33d82058545b1ed14f4c8206e,id-getter-5.html,perf_reftest_singletons,True,perf_reftest_singletons id-getter-5.html opt e10s fission stylo webrender,4767299,77,ms,firefox,,1758911955,2023-09-19 10:00:51,523.99,f257c2f8440fe82c3833f2d719a2bf3420df9120,1302573,,,,,,,,,,,,,,,,,,,,,,,,,,,,,,,,,,,,,,,,,,,,,,,,,,,,,,,,,,,,,TN,TN
autoland,4767314,1,247a31fb40b3ac0b152bd3554743d742a3892fe3,linux1804-64-shippable-qr,True,False,,,102210fe594ee9b33d82058545b1ed14f4c8206e,id-getter-5.html,perf_reftest_singletons,True,perf_reftest_singletons id-getter-5.html opt e10s fission stylo webrender,4767299,77,ms,firefox,,1759054103,2023-09-19 13:32:40,530.2,dd890d993c3039c40d9a50218bd3284a9810cc85,1302692,,,,,,,,,,,,,,,,,,,,,,,,,,,,,,,,,,,,,,,,,,,,,,,,,,,,,,,,,,,,,TN,TN
autoland,4767314,1,247a31fb40b3ac0b152bd3554743d742a3892fe3,linux1804-64-shippable-qr,True,False,,,102210fe594ee9b33d82058545b1ed14f4c8206e,id-getter-5.html,perf_reftest_singletons,True,perf_reftest_singletons id-getter-5.html opt e10s fission stylo webrender,4767299,77,ms,firefox,,1759155076,2023-09-19 16:21:41,529.89,e9e7852ce74f241f2a4f0ffac475410d0ea9a8a4,1302819,,,,,,,,,,,,,,,,,,,,,,,,,,,,,,,,,,,,,,,,,,,,,,,,,,,,,,,,,,,,,TN,TN
autoland,4767314,1,247a31fb40b3ac0b152bd3554743d742a3892fe3,linux1804-64-shippable-qr,True,False,,,102210fe594ee9b33d82058545b1ed14f4c8206e,id-getter-5.html,perf_reftest_singletons,True,perf_reftest_singletons id-getter-5.html opt e10s fission stylo webrender,4767299,77,ms,firefox,,1759300456,2023-09-19 20:31:47,541.03,f97675e331c2e3f8e3a7649cb722085b3360163c,1303015,,,,,,,,,,,,,,,,,,,,,,,,,,,,,,,,,,,,,,,,,,,,,,,,,,,,,,,,,,,,,TN,TN
autoland,4767314,1,247a31fb40b3ac0b152bd3554743d742a3892fe3,linux1804-64-shippable-qr,True,False,,,102210fe594ee9b33d82058545b1ed14f4c8206e,id-getter-5.html,perf_reftest_singletons,True,perf_reftest_singletons id-getter-5.html opt e10s fission stylo webrender,4767299,77,ms,firefox,,1759335296,2023-09-19 20:45:08,546.11,abf74735208c16d3b467c2acb344f3030fc5aacb,1303026,,,,,,,,,,,,,,,,,,,,,,,,,,,,,,,,,,,,,,,,,,,,,,,,,,,,,,,,,,,,,TN,TN
autoland,4767314,1,247a31fb40b3ac0b152bd3554743d742a3892fe3,linux1804-64-shippable-qr,True,False,,,102210fe594ee9b33d82058545b1ed14f4c8206e,id-getter-5.html,perf_reftest_singletons,True,perf_reftest_singletons id-getter-5.html opt e10s fission stylo webrender,4767299,77,ms,firefox,,1759442107,2023-09-20 00:59:14,527.58,71a9b5a8ec8503f993e8d7e8f1b2b98ff57ed283,1303207,,,,,,,,,,,,,,,,,,,,,,,,,,,,,,,,,,,,,,,,,,,,,,,,,,,,,,,,,,,,,TN,TN
autoland,4767314,1,247a31fb40b3ac0b152bd3554743d742a3892fe3,linux1804-64-shippable-qr,True,False,,,102210fe594ee9b33d82058545b1ed14f4c8206e,id-getter-5.html,perf_reftest_singletons,True,perf_reftest_singletons id-getter-5.html opt e10s fission stylo webrender,4767299,77,ms,firefox,,1759523674,2023-09-20 05:02:26,529.89,71c800e8074fa9f5e246acbf09097a0f15d4eb09,1303254,,,,,,,,,,,,,,,,,,,,,,,,,,,,,,,,,,,,,,,,,,,,,,,,,,,,,,,,,,,,,TN,TN
autoland,4767314,1,247a31fb40b3ac0b152bd3554743d742a3892fe3,linux1804-64-shippable-qr,True,False,,,102210fe594ee9b33d82058545b1ed14f4c8206e,id-getter-5.html,perf_reftest_singletons,True,perf_reftest_singletons id-getter-5.html opt e10s fission stylo webrender,4767299,77,ms,firefox,,1759627767,2023-09-20 09:03:21,535.1299999999999,2664490a1b4aeb2b2bd98c81ac43b68b1a24ea2f,1303343,,,,,,,,,,,,,,,,,,,,,,,,,,,,,,,,,,,,,,,,,,,,,,,,,,,,,,,,,,,,,TN,TN
autoland,4767314,1,247a31fb40b3ac0b152bd3554743d742a3892fe3,linux1804-64-shippable-qr,True,False,,,102210fe594ee9b33d82058545b1ed14f4c8206e,id-getter-5.html,perf_reftest_singletons,True,perf_reftest_singletons id-getter-5.html opt e10s fission stylo webrender,4767299,77,ms,firefox,,1759699938,2023-09-20 10:40:44,540.26,e11a98968ec15b84dc772d997bc0789a0a078549,1303401,,,,,,,,,,,,,,,,,,,,,,,,,,,,,,,,,,,,,,,,,,,,,,,,,,,,,,,,,,,,,TN,TN
autoland,4767314,1,247a31fb40b3ac0b152bd3554743d742a3892fe3,linux1804-64-shippable-qr,True,False,,,102210fe594ee9b33d82058545b1ed14f4c8206e,id-getter-5.html,perf_reftest_singletons,True,perf_reftest_singletons id-getter-5.html opt e10s fission stylo webrender,4767299,77,ms,firefox,,1759825010,2023-09-20 14:03:46,527.79,5baf76c5d8f19d35c8e7710816a726d92cfff8bb,1303541,,,,,,,,,,,,,,,,,,,,,,,,,,,,,,,,,,,,,,,,,,,,,,,,,,,,,,,,,,,,,TN,TN
autoland,4767314,1,247a31fb40b3ac0b152bd3554743d742a3892fe3,linux1804-64-shippable-qr,True,False,,,102210fe594ee9b33d82058545b1ed14f4c8206e,id-getter-5.html,perf_reftest_singletons,True,perf_reftest_singletons id-getter-5.html opt e10s fission stylo webrender,4767299,77,ms,firefox,,1759971000,2023-09-20 17:47:40,531.45,07c4a658632d6c11d371f974b56a6365212bef62,1303718,,,,,,,,,,,,,,,,,,,,,,,,,,,,,,,,,,,,,,,,,,,,,,,,,,,,,,,,,,,,,TN,TN
autoland,4767314,1,247a31fb40b3ac0b152bd3554743d742a3892fe3,linux1804-64-shippable-qr,True,False,,,102210fe594ee9b33d82058545b1ed14f4c8206e,id-getter-5.html,perf_reftest_singletons,True,perf_reftest_singletons id-getter-5.html opt e10s fission stylo webrender,4767299,77,ms,firefox,,1760083222,2023-09-20 21:06:43,541.99,137b5966e6ec0a63006a36cac0a3f1c4e3f5cefe,1303845,,,,,,,,,,,,,,,,,,,,,,,,,,,,,,,,,,,,,,,,,,,,,,,,,,,,,,,,,,,,,TN,TN
autoland,4767314,1,247a31fb40b3ac0b152bd3554743d742a3892fe3,linux1804-64-shippable-qr,True,False,,,102210fe594ee9b33d82058545b1ed14f4c8206e,id-getter-5.html,perf_reftest_singletons,True,perf_reftest_singletons id-getter-5.html opt e10s fission stylo webrender,4767299,77,ms,firefox,,1760134187,2023-09-20 23:02:53,597.4300000000001,a94c799a5be0d573f8c654b43966b4b772ded228,1303924,,,,,,,,,,,,,,,,,,,,,,,,,,,,,,,,,,,,,,,,,,,,,,,,,,,,,,,,,,,,,TN,TN
autoland,4767314,1,247a31fb40b3ac0b152bd3554743d742a3892fe3,linux1804-64-shippable-qr,True,False,,,102210fe594ee9b33d82058545b1ed14f4c8206e,id-getter-5.html,perf_reftest_singletons,True,perf_reftest_singletons id-getter-5.html opt e10s fission stylo webrender,4767299,77,ms,firefox,,1760245251,2023-09-21 04:47:54,534.98,7c6496f92bb0572d56513d645f3d6201f77a5653,1304025,,,,,,,,,,,,,,,,,,,,,,,,,,,,,,,,,,,,,,,,,,,,,,,,,,,,,,,,,,,,,TN,TN
autoland,4767314,1,247a31fb40b3ac0b152bd3554743d742a3892fe3,linux1804-64-shippable-qr,True,False,,,102210fe594ee9b33d82058545b1ed14f4c8206e,id-getter-5.html,perf_reftest_singletons,True,perf_reftest_singletons id-getter-5.html opt e10s fission stylo webrender,4767299,77,ms,firefox,,1760378526,2023-09-21 08:45:10,526.4,e98350675c5a294fe5c7a4138a5b16c4f6992907,1304121,,,,,,,,,,,,,,,,,,,,,,,,,,,,,,,,,,,,,,,,,,,,,,,,,,,,,,,,,,,,,TN,TN
autoland,4767314,1,247a31fb40b3ac0b152bd3554743d742a3892fe3,linux1804-64-shippable-qr,True,False,,,102210fe594ee9b33d82058545b1ed14f4c8206e,id-getter-5.html,perf_reftest_singletons,True,perf_reftest_singletons id-getter-5.html opt e10s fission stylo webrender,4767299,77,ms,firefox,,1760499442,2023-09-21 12:54:54,530.9200000000001,bd8d8c1ecad7cda50d42ce2dfde7fabc50a48948,1304268,,,,,,,,,,,,,,,,,,,,,,,,,,,,,,,,,,,,,,,,,,,,,,,,,,,,,,,,,,,,,TN,TN
autoland,4767314,1,247a31fb40b3ac0b152bd3554743d742a3892fe3,linux1804-64-shippable-qr,True,False,,,102210fe594ee9b33d82058545b1ed14f4c8206e,id-getter-5.html,perf_reftest_singletons,True,perf_reftest_singletons id-getter-5.html opt e10s fission stylo webrender,4767299,77,ms,firefox,,1760553674,2023-09-21 14:02:07,536.12,6e82382700fc8345a06dc3efd346a25826fa1bf2,1304316,,,,,,,,,,,,,,,,,,,,,,,,,,,,,,,,,,,,,,,,,,,,,,,,,,,,,,,,,,,,,TN,TN
autoland,4767314,1,247a31fb40b3ac0b152bd3554743d742a3892fe3,linux1804-64-shippable-qr,True,False,,,102210fe594ee9b33d82058545b1ed14f4c8206e,id-getter-5.html,perf_reftest_singletons,True,perf_reftest_singletons id-getter-5.html opt e10s fission stylo webrender,4767299,77,ms,firefox,,1760687410,2023-09-21 18:54:27,533.53,114bde678f299872db02fe1116ecfd3a7ada9381,1304515,,,,,,,,,,,,,,,,,,,,,,,,,,,,,,,,,,,,,,,,,,,,,,,,,,,,,,,,,,,,,TN,TN
autoland,4767314,1,247a31fb40b3ac0b152bd3554743d742a3892fe3,linux1804-64-shippable-qr,True,False,,,102210fe594ee9b33d82058545b1ed14f4c8206e,id-getter-5.html,perf_reftest_singletons,True,perf_reftest_singletons id-getter-5.html opt e10s fission stylo webrender,4767299,77,ms,firefox,,1760693402,2023-09-21 19:19:33,528.1700000000001,86fd71ad69b346f713966a8f18ec97a5b99a0aee,1304533,,,,,,,,,,,,,,,,,,,,,,,,,,,,,,,,,,,,,,,,,,,,,,,,,,,,,,,,,,,,,TN,TN
autoland,4767314,1,247a31fb40b3ac0b152bd3554743d742a3892fe3,linux1804-64-shippable-qr,True,False,,,102210fe594ee9b33d82058545b1ed14f4c8206e,id-getter-5.html,perf_reftest_singletons,True,perf_reftest_singletons id-getter-5.html opt e10s fission stylo webrender,4767299,77,ms,firefox,,1760783859,2023-09-21 23:47:59,541.69,efa8aa7a4f5484f349595a2c97ba6a2c6f214c66,1304690,,,,,,,,,,,,,,,,,,,,,,,,,,,,,,,,,,,,,,,,,,,,,,,,,,,,,,,,,,,,,TN,TN
autoland,4767314,1,247a31fb40b3ac0b152bd3554743d742a3892fe3,linux1804-64-shippable-qr,True,False,,,102210fe594ee9b33d82058545b1ed14f4c8206e,id-getter-5.html,perf_reftest_singletons,True,perf_reftest_singletons id-getter-5.html opt e10s fission stylo webrender,4767299,77,ms,firefox,,1760862802,2023-09-22 04:42:00,546.2,2de4a198348cc150a0c3ce328c42beade9646190,1304767,,,,,,,,,,,,,,,,,,,,,,,,,,,,,,,,,,,,,,,,,,,,,,,,,,,,,,,,,,,,,TN,TN
autoland,4767314,1,247a31fb40b3ac0b152bd3554743d742a3892fe3,linux1804-64-shippable-qr,True,False,,,102210fe594ee9b33d82058545b1ed14f4c8206e,id-getter-5.html,perf_reftest_singletons,True,perf_reftest_singletons id-getter-5.html opt e10s fission stylo webrender,4767299,77,ms,firefox,,1761039329,2023-09-22 11:33:15,540.03,6da1ce80e10cc6744801930434a44df21da87140,1304916,,,,,,,,,,,,,,,,,,,,,,,,,,,,,,,,,,,,,,,,,,,,,,,,,,,,,,,,,,,,,TN,TN
autoland,4767314,1,247a31fb40b3ac0b152bd3554743d742a3892fe3,linux1804-64-shippable-qr,True,False,,,102210fe594ee9b33d82058545b1ed14f4c8206e,id-getter-5.html,perf_reftest_singletons,True,perf_reftest_singletons id-getter-5.html opt e10s fission stylo webrender,4767299,77,ms,firefox,,1761113437,2023-09-22 15:35:17,542.45,d244d17a8e9ac94aa05c3bf0c2659104c7b15f76,1305037,,,,,,,,,,,,,,,,,,,,,,,,,,,,,,,,,,,,,,,,,,,,,,,,,,,,,,,,,,,,,TN,TN
autoland,4767314,1,247a31fb40b3ac0b152bd3554743d742a3892fe3,linux1804-64-shippable-qr,True,False,,,102210fe594ee9b33d82058545b1ed14f4c8206e,id-getter-5.html,perf_reftest_singletons,True,perf_reftest_singletons id-getter-5.html opt e10s fission stylo webrender,4767299,77,ms,firefox,,1761131161,2023-09-22 16:10:00,529.08,aee77156969b7d1f696e8952bc590e1449a16f85,1305065,,,,,,,,,,,,,,,,,,,,,,,,,,,,,,,,,,,,,,,,,,,,,,,,,,,,,,,,,,,,,TN,TN
autoland,4767314,1,247a31fb40b3ac0b152bd3554743d742a3892fe3,linux1804-64-shippable-qr,True,False,,,102210fe594ee9b33d82058545b1ed14f4c8206e,id-getter-5.html,perf_reftest_singletons,True,perf_reftest_singletons id-getter-5.html opt e10s fission stylo webrender,4767299,77,ms,firefox,,1761205308,2023-09-22 20:28:01,530.38,80cfc74bb77e6c4abfd0d70c51b274e4b036a05b,1305231,,,,,,,,,,,,,,,,,,,,,,,,,,,,,,,,,,,,,,,,,,,,,,,,,,,,,,,,,,,,,TN,TN
autoland,4767314,1,247a31fb40b3ac0b152bd3554743d742a3892fe3,linux1804-64-shippable-qr,True,False,,,102210fe594ee9b33d82058545b1ed14f4c8206e,id-getter-5.html,perf_reftest_singletons,True,perf_reftest_singletons id-getter-5.html opt e10s fission stylo webrender,4767299,77,ms,firefox,,1761305544,2023-09-23 00:28:09,542.51,5ce53217bf3e4d42db88aab74741654bfc634cc8,1305322,,,,,,,,,,,,,,,,,,,,,,,,,,,,,,,,,,,,,,,,,,,,,,,,,,,,,,,,,,,,,TN,TN
autoland,4767314,1,247a31fb40b3ac0b152bd3554743d742a3892fe3,linux1804-64-shippable-qr,True,False,,,102210fe594ee9b33d82058545b1ed14f4c8206e,id-getter-5.html,perf_reftest_singletons,True,perf_reftest_singletons id-getter-5.html opt e10s fission stylo webrender,4767299,77,ms,firefox,,1761330122,2023-09-23 00:41:33,538.0899999999999,1d9627a1274de78256ecdee1e8058e6b32392404,1305328,,,,,,,,,,,,,,,,,,,,,,,,,,,,,,,,,,,,,,,,,,,,,,,,,,,,,,,,,,,,,TN,TN
autoland,4767314,1,247a31fb40b3ac0b152bd3554743d742a3892fe3,linux1804-64-shippable-qr,True,False,,,102210fe594ee9b33d82058545b1ed14f4c8206e,id-getter-5.html,perf_reftest_singletons,True,perf_reftest_singletons id-getter-5.html opt e10s fission stylo webrender,4767299,77,ms,firefox,,1761427072,2023-09-23 16:39:34,525.9100000000001,e85748b0b9880ee586b2c155a4d84c1cdf3f31b4,1305402,,,,,,,,,,,,,,,,,,,,,,,,,,,,,,,,,,,,,,,,,,,,,,,,,,,,,,,,,,,,,TN,TN
autoland,4767314,1,247a31fb40b3ac0b152bd3554743d742a3892fe3,linux1804-64-shippable-qr,True,False,,,102210fe594ee9b33d82058545b1ed14f4c8206e,id-getter-5.html,perf_reftest_singletons,True,perf_reftest_singletons id-getter-5.html opt e10s fission stylo webrender,4767299,77,ms,firefox,,1761480582,2023-09-23 21:16:13,531.1499999999999,f4a2f296a2ea585882f2a2a627c036538eb875b0,1305420,,,,,,,,,,,,,,,,,,,,,,,,,,,,,,,,,,,,,,,,,,,,,,,,,,,,,,,,,,,,,TN,TN
autoland,4767314,1,247a31fb40b3ac0b152bd3554743d742a3892fe3,linux1804-64-shippable-qr,True,False,,,102210fe594ee9b33d82058545b1ed14f4c8206e,id-getter-5.html,perf_reftest_singletons,True,perf_reftest_singletons id-getter-5.html opt e10s fission stylo webrender,4767299,77,ms,firefox,,1761669483,2023-09-25 06:00:52,517.6800000000001,68035862c82691cc5ad039c1067c1fd24d048350,1305598,,,,,,,,,,,,,,,,,,,,,,,,,,,,,,,,,,,,,,,,,,,,,,,,,,,,,,,,,,,,,TN,TN
autoland,4767314,1,247a31fb40b3ac0b152bd3554743d742a3892fe3,linux1804-64-shippable-qr,True,False,,,102210fe594ee9b33d82058545b1ed14f4c8206e,id-getter-5.html,perf_reftest_singletons,True,perf_reftest_singletons id-getter-5.html opt e10s fission stylo webrender,4767299,77,ms,firefox,,1761713525,2023-09-25 08:45:06,537.6199999999999,27778dad58d148bf24097e327e55eb3b8631b902,1305656,,,,,,,,,,,,,,,,,,,,,,,,,,,,,,,,,,,,,,,,,,,,,,,,,,,,,,,,,,,,,TN,TN
autoland,4767314,1,247a31fb40b3ac0b152bd3554743d742a3892fe3,linux1804-64-shippable-qr,True,False,,,102210fe594ee9b33d82058545b1ed14f4c8206e,id-getter-5.html,perf_reftest_singletons,True,perf_reftest_singletons id-getter-5.html opt e10s fission stylo webrender,4767299,77,ms,firefox,,1761828198,2023-09-25 12:33:35,526.0999999999999,9a8976307af6049000ae1a1623fd71bd62850a10,1305791,,,,,,,,,,,,,,,,,,,,,,,,,,,,,,,,,,,,,,,,,,,,,,,,,,,,,,,,,,,,,TN,TN
autoland,4767314,1,247a31fb40b3ac0b152bd3554743d742a3892fe3,linux1804-64-shippable-qr,True,False,,,102210fe594ee9b33d82058545b1ed14f4c8206e,id-getter-5.html,perf_reftest_singletons,True,perf_reftest_singletons id-getter-5.html opt e10s fission stylo webrender,4767299,77,ms,firefox,,1762067579,2023-09-25 20:45:54,541.86,6a7f708c3d0458c9b30efa2bdfde6e7812554d1e,1306210,,,,,,,,,,,,,,,,,,,,,,,,,,,,,,,,,,,,,,,,,,,,,,,,,,,,,,,,,,,,,TN,TN
autoland,4767314,1,247a31fb40b3ac0b152bd3554743d742a3892fe3,linux1804-64-shippable-qr,True,False,,,102210fe594ee9b33d82058545b1ed14f4c8206e,id-getter-5.html,perf_reftest_singletons,True,perf_reftest_singletons id-getter-5.html opt e10s fission stylo webrender,4767299,77,ms,firefox,,1766079793,2023-09-25 20:46:57,526.56,a49b5227bc93730640ff11b46bd5db10e110bfa7,1306213,,,,,,,,,,,,,,,,,,,,,,,,,,,,,,,,,,,,,,,,,,,,,,,,,,,,,,,,,,,,,TN,TN
autoland,4767314,1,247a31fb40b3ac0b152bd3554743d742a3892fe3,linux1804-64-shippable-qr,True,False,,,102210fe594ee9b33d82058545b1ed14f4c8206e,id-getter-5.html,perf_reftest_singletons,True,perf_reftest_singletons id-getter-5.html opt e10s fission stylo webrender,4767299,77,ms,firefox,,1766079731,2023-09-25 20:47:52,534.3399999999999,56443a56b418c84cfc9dce0c5aa8a1c8f9cc7a99,1306214,,,,,,,,,,,,,,,,,,,,,,,,,,,,,,,,,,,,,,,,,,,,,,,,,,,,,,,,,,,,,TN,TN
autoland,4767314,1,247a31fb40b3ac0b152bd3554743d742a3892fe3,linux1804-64-shippable-qr,True,False,,,102210fe594ee9b33d82058545b1ed14f4c8206e,id-getter-5.html,perf_reftest_singletons,True,perf_reftest_singletons id-getter-5.html opt e10s fission stylo webrender,4767299,77,ms,firefox,,1766078051,2023-09-25 22:22:32,539.11,93867a0f165313a5ff0768e1c960d4ded11b404a,1306286,,,,,,,,,,,,,,,,,,,,,,,,,,,,,,,,,,,,,,,,,,,,,,,,,,,,,,,,,,,,,TN,TN
autoland,4767314,1,247a31fb40b3ac0b152bd3554743d742a3892fe3,linux1804-64-shippable-qr,True,False,,,102210fe594ee9b33d82058545b1ed14f4c8206e,id-getter-5.html,perf_reftest_singletons,True,perf_reftest_singletons id-getter-5.html opt e10s fission stylo webrender,4767299,77,ms,firefox,,1766078281,2023-09-25 22:22:32,536.6,93867a0f165313a5ff0768e1c960d4ded11b404a,1306286,,,,,,,,,,,,,,,,,,,,,,,,,,,,,,,,,,,,,,,,,,,,,,,,,,,,,,,,,,,,,TN,TN
autoland,4767314,1,247a31fb40b3ac0b152bd3554743d742a3892fe3,linux1804-64-shippable-qr,True,False,,,102210fe594ee9b33d82058545b1ed14f4c8206e,id-getter-5.html,perf_reftest_singletons,True,perf_reftest_singletons id-getter-5.html opt e10s fission stylo webrender,4767299,77,ms,firefox,,1766078212,2023-09-25 22:24:31,526.3700000000001,4ea28f9fcd5bc19c617bcdadc6bc361755d1680d,1306288,,,,,,,,,,,,,,,,,,,,,,,,,,,,,,,,,,,,,,,,,,,,,,,,,,,,,,,,,,,,,TN,TN
autoland,4767314,1,247a31fb40b3ac0b152bd3554743d742a3892fe3,linux1804-64-shippable-qr,True,False,,,102210fe594ee9b33d82058545b1ed14f4c8206e,id-getter-5.html,perf_reftest_singletons,True,perf_reftest_singletons id-getter-5.html opt e10s fission stylo webrender,4767299,77,ms,firefox,,1766078205,2023-09-25 22:24:31,539.5,4ea28f9fcd5bc19c617bcdadc6bc361755d1680d,1306288,,,,,,,,,,,,,,,,,,,,,,,,,,,,,,,,,,,,,,,,,,,,,,,,,,,,,,,,,,,,,TN,TN
autoland,4767314,1,247a31fb40b3ac0b152bd3554743d742a3892fe3,linux1804-64-shippable-qr,True,False,,,102210fe594ee9b33d82058545b1ed14f4c8206e,id-getter-5.html,perf_reftest_singletons,True,perf_reftest_singletons id-getter-5.html opt e10s fission stylo webrender,4767299,77,ms,firefox,,1766078650,2023-09-25 22:26:02,540.1400000000001,64b093aa12a927ed284928d5dd4f7c6f08368b42,1306289,,,,,,,,,,,,,,,,,,,,,,,,,,,,,,,,,,,,,,,,,,,,,,,,,,,,,,,,,,,,,TN,TN
autoland,4767314,1,247a31fb40b3ac0b152bd3554743d742a3892fe3,linux1804-64-shippable-qr,True,False,,,102210fe594ee9b33d82058545b1ed14f4c8206e,id-getter-5.html,perf_reftest_singletons,True,perf_reftest_singletons id-getter-5.html opt e10s fission stylo webrender,4767299,77,ms,firefox,,1766078896,2023-09-25 22:26:02,538.01,64b093aa12a927ed284928d5dd4f7c6f08368b42,1306289,,,,,,,,,,,,,,,,,,,,,,,,,,,,,,,,,,,,,,,,,,,,,,,,,,,,,,,,,,,,,TN,TN
autoland,4767314,1,247a31fb40b3ac0b152bd3554743d742a3892fe3,linux1804-64-shippable-qr,True,False,,,102210fe594ee9b33d82058545b1ed14f4c8206e,id-getter-5.html,perf_reftest_singletons,True,perf_reftest_singletons id-getter-5.html opt e10s fission stylo webrender,4767299,77,ms,firefox,,1766079411,2023-09-25 22:27:05,530.3800000000001,6a2f9e20f11f2934b0ff457568a16a5dc54342d0,1306290,,,,,,,,,,,,,,,,,,,,,,,,,,,,,,,,,,,,,,,,,,,,,,,,,,,,,,,,,,,,,TN,TN
autoland,4767314,1,247a31fb40b3ac0b152bd3554743d742a3892fe3,linux1804-64-shippable-qr,True,False,,,102210fe594ee9b33d82058545b1ed14f4c8206e,id-getter-5.html,perf_reftest_singletons,True,perf_reftest_singletons id-getter-5.html opt e10s fission stylo webrender,4767299,77,ms,firefox,,1766079138,2023-09-25 22:27:05,522.65,6a2f9e20f11f2934b0ff457568a16a5dc54342d0,1306290,,,,,,,,,,,,,,,,,,,,,,,,,,,,,,,,,,,,,,,,,,,,,,,,,,,,,,,,,,,,,TN,TN
autoland,4767314,1,247a31fb40b3ac0b152bd3554743d742a3892fe3,linux1804-64-shippable-qr,True,False,,,102210fe594ee9b33d82058545b1ed14f4c8206e,id-getter-5.html,perf_reftest_singletons,True,perf_reftest_singletons id-getter-5.html opt e10s fission stylo webrender,4767299,77,ms,firefox,,1765859354,2023-09-25 22:27:56,530.8599999999999,f15fbf1b13af37af156deea4ca7327a810533bbe,1306291,,,,,,,,,,,,,,,,,,,,,,,,,,,,,,,,,,,,,,,,,,,,,,,,,,,,,,,,,,,,,TN,TN
autoland,4767314,1,247a31fb40b3ac0b152bd3554743d742a3892fe3,linux1804-64-shippable-qr,True,False,,,102210fe594ee9b33d82058545b1ed14f4c8206e,id-getter-5.html,perf_reftest_singletons,True,perf_reftest_singletons id-getter-5.html opt e10s fission stylo webrender,4767299,77,ms,firefox,,1765859729,2023-09-25 22:27:56,538.48,f15fbf1b13af37af156deea4ca7327a810533bbe,1306291,,,,,,,,,,,,,,,,,,,,,,,,,,,,,,,,,,,,,,,,,,,,,,,,,,,,,,,,,,,,,TN,TN
autoland,4767314,1,247a31fb40b3ac0b152bd3554743d742a3892fe3,linux1804-64-shippable-qr,True,False,,,102210fe594ee9b33d82058545b1ed14f4c8206e,id-getter-5.html,perf_reftest_singletons,True,perf_reftest_singletons id-getter-5.html opt e10s fission stylo webrender,4767299,77,ms,firefox,,1765859016,2023-09-25 22:27:56,532.38,f15fbf1b13af37af156deea4ca7327a810533bbe,1306291,,,,,,,,,,,,,,,,,,,,,,,,,,,,,,,,,,,,,,,,,,,,,,,,,,,,,,,,,,,,,TN,TN
autoland,4767314,1,247a31fb40b3ac0b152bd3554743d742a3892fe3,linux1804-64-shippable-qr,True,False,,,102210fe594ee9b33d82058545b1ed14f4c8206e,id-getter-5.html,perf_reftest_singletons,True,perf_reftest_singletons id-getter-5.html opt e10s fission stylo webrender,4767299,77,ms,firefox,,1765860564,2023-09-25 22:27:56,526.07,f15fbf1b13af37af156deea4ca7327a810533bbe,1306291,,,,,,,,,,,,,,,,,,,,,,,,,,,,,,,,,,,,,,,,,,,,,,,,,,,,,,,,,,,,,TN,TN
autoland,4767314,1,247a31fb40b3ac0b152bd3554743d742a3892fe3,linux1804-64-shippable-qr,True,False,,,102210fe594ee9b33d82058545b1ed14f4c8206e,id-getter-5.html,perf_reftest_singletons,True,perf_reftest_singletons id-getter-5.html opt e10s fission stylo webrender,4767299,77,ms,firefox,,1765859621,2023-09-25 22:28:56,546.41,7f516f079dd477e68270d19861eaa4513cfb3270,1306292,,,,,,,,,,,,,,,,,,,,,,,,,,,,,,,,,,,,,,,,,,,,,,,,,,,,,,,,,,,,,TN,TN
autoland,4767314,1,247a31fb40b3ac0b152bd3554743d742a3892fe3,linux1804-64-shippable-qr,True,False,,,102210fe594ee9b33d82058545b1ed14f4c8206e,id-getter-5.html,perf_reftest_singletons,True,perf_reftest_singletons id-getter-5.html opt e10s fission stylo webrender,4767299,77,ms,firefox,,1765860118,2023-09-25 22:28:56,529.71,7f516f079dd477e68270d19861eaa4513cfb3270,1306292,,,,,,,,,,,,,,,,,,,,,,,,,,,,,,,,,,,,,,,,,,,,,,,,,,,,,,,,,,,,,TN,TN
autoland,4767314,1,247a31fb40b3ac0b152bd3554743d742a3892fe3,linux1804-64-shippable-qr,True,False,,,102210fe594ee9b33d82058545b1ed14f4c8206e,id-getter-5.html,perf_reftest_singletons,True,perf_reftest_singletons id-getter-5.html opt e10s fission stylo webrender,4767299,77,ms,firefox,,1765859201,2023-09-25 22:28:56,546.9699999999999,7f516f079dd477e68270d19861eaa4513cfb3270,1306292,,,,,,,,,,,,,,,,,,,,,,,,,,,,,,,,,,,,,,,,,,,,,,,,,,,,,,,,,,,,,TN,TN
autoland,4767314,1,247a31fb40b3ac0b152bd3554743d742a3892fe3,linux1804-64-shippable-qr,True,False,,,102210fe594ee9b33d82058545b1ed14f4c8206e,id-getter-5.html,perf_reftest_singletons,True,perf_reftest_singletons id-getter-5.html opt e10s fission stylo webrender,4767299,77,ms,firefox,,1765860486,2023-09-25 22:28:56,531.89,7f516f079dd477e68270d19861eaa4513cfb3270,1306292,,,,,,,,,,,,,,,,,,,,,,,,,,,,,,,,,,,,,,,,,,,,,,,,,,,,,,,,,,,,,TN,TN
autoland,4767314,1,247a31fb40b3ac0b152bd3554743d742a3892fe3,linux1804-64-shippable-qr,True,False,,,102210fe594ee9b33d82058545b1ed14f4c8206e,id-getter-5.html,perf_reftest_singletons,True,perf_reftest_singletons id-getter-5.html opt e10s fission stylo webrender,4767299,77,ms,firefox,,1765064998,2023-09-25 22:29:46,529.3299999999999,d3828ca7337d8ffb2112780580a3fc4e0c8ea6f2,1306293,,,,,,,,,,,,,,,,,,,,,,,,,,,,,,,,,,,,,,,,,,,,,,,,,,,,,,,,,,,,,TN,TN
autoland,4767314,1,247a31fb40b3ac0b152bd3554743d742a3892fe3,linux1804-64-shippable-qr,True,False,,,102210fe594ee9b33d82058545b1ed14f4c8206e,id-getter-5.html,perf_reftest_singletons,True,perf_reftest_singletons id-getter-5.html opt e10s fission stylo webrender,4767299,77,ms,firefox,,1765859160,2023-09-25 22:29:46,534.48,d3828ca7337d8ffb2112780580a3fc4e0c8ea6f2,1306293,,,,,,,,,,,,,,,,,,,,,,,,,,,,,,,,,,,,,,,,,,,,,,,,,,,,,,,,,,,,,TN,TN
autoland,4767314,1,247a31fb40b3ac0b152bd3554743d742a3892fe3,linux1804-64-shippable-qr,True,False,,,102210fe594ee9b33d82058545b1ed14f4c8206e,id-getter-5.html,perf_reftest_singletons,True,perf_reftest_singletons id-getter-5.html opt e10s fission stylo webrender,4767299,77,ms,firefox,,1765859505,2023-09-25 22:29:46,536.03,d3828ca7337d8ffb2112780580a3fc4e0c8ea6f2,1306293,,,,,,,,,,,,,,,,,,,,,,,,,,,,,,,,,,,,,,,,,,,,,,,,,,,,,,,,,,,,,TN,TN
autoland,4767314,1,247a31fb40b3ac0b152bd3554743d742a3892fe3,linux1804-64-shippable-qr,True,False,,,102210fe594ee9b33d82058545b1ed14f4c8206e,id-getter-5.html,perf_reftest_singletons,True,perf_reftest_singletons id-getter-5.html opt e10s fission stylo webrender,4767299,77,ms,firefox,,1765860645,2023-09-25 22:29:46,563.0,d3828ca7337d8ffb2112780580a3fc4e0c8ea6f2,1306293,,,,,,,,,,,,,,,,,,,,,,,,,,,,,,,,,,,,,,,,,,,,,,,,,,,,,,,,,,,,,TN,TN
autoland,4767314,1,247a31fb40b3ac0b152bd3554743d742a3892fe3,linux1804-64-shippable-qr,True,False,,,102210fe594ee9b33d82058545b1ed14f4c8206e,id-getter-5.html,perf_reftest_singletons,True,perf_reftest_singletons id-getter-5.html opt e10s fission stylo webrender,4767299,77,ms,firefox,,1765859812,2023-09-25 22:29:46,527.46,d3828ca7337d8ffb2112780580a3fc4e0c8ea6f2,1306293,,,,,,,,,,,,,,,,,,,,,,,,,,,,,,,,,,,,,,,,,,,,,,,,,,,,,,,,,,,,,TN,TN
autoland,4767314,1,247a31fb40b3ac0b152bd3554743d742a3892fe3,linux1804-64-shippable-qr,True,False,,,102210fe594ee9b33d82058545b1ed14f4c8206e,id-getter-5.html,perf_reftest_singletons,True,perf_reftest_singletons id-getter-5.html opt e10s fission stylo webrender,4767299,77,ms,firefox,,1763705742,2023-09-25 22:31:13,535.5999999999999,a35fad815a445693932b3433e59129fd3fa28928,1306295,,,,,,,,,,,,,,,,,,,,,,,,,,,,,,,,,,,,,,,,,,,,,,,,,,,,,,,,,,,,,TN,TN
autoland,4767314,1,247a31fb40b3ac0b152bd3554743d742a3892fe3,linux1804-64-shippable-qr,True,False,,,102210fe594ee9b33d82058545b1ed14f4c8206e,id-getter-5.html,perf_reftest_singletons,True,perf_reftest_singletons id-getter-5.html opt e10s fission stylo webrender,4767299,77,ms,firefox,,1765864911,2023-09-25 22:31:13,527.1500000000001,a35fad815a445693932b3433e59129fd3fa28928,1306295,,,,,,,,,,,,,,,,,,,,,,,,,,,,,,,,,,,,,,,,,,,,,,,,,,,,,,,,,,,,,TN,TN
autoland,4767314,1,247a31fb40b3ac0b152bd3554743d742a3892fe3,linux1804-64-shippable-qr,True,False,,,102210fe594ee9b33d82058545b1ed14f4c8206e,id-getter-5.html,perf_reftest_singletons,True,perf_reftest_singletons id-getter-5.html opt e10s fission stylo webrender,4767299,77,ms,firefox,,1765865084,2023-09-25 22:31:13,538.1499999999999,a35fad815a445693932b3433e59129fd3fa28928,1306295,,,,,,,,,,,,,,,,,,,,,,,,,,,,,,,,,,,,,,,,,,,,,,,,,,,,,,,,,,,,,TN,TN
autoland,4767314,1,247a31fb40b3ac0b152bd3554743d742a3892fe3,linux1804-64-shippable-qr,True,False,,,102210fe594ee9b33d82058545b1ed14f4c8206e,id-getter-5.html,perf_reftest_singletons,True,perf_reftest_singletons id-getter-5.html opt e10s fission stylo webrender,4767299,77,ms,firefox,,1765865216,2023-09-25 22:31:13,542.05,a35fad815a445693932b3433e59129fd3fa28928,1306295,,,,,,,,,,,,,,,,,,,,,,,,,,,,,,,,,,,,,,,,,,,,,,,,,,,,,,,,,,,,,TN,TN
autoland,4767314,1,247a31fb40b3ac0b152bd3554743d742a3892fe3,linux1804-64-shippable-qr,True,False,,,102210fe594ee9b33d82058545b1ed14f4c8206e,id-getter-5.html,perf_reftest_singletons,True,perf_reftest_singletons id-getter-5.html opt e10s fission stylo webrender,4767299,77,ms,firefox,,1765865329,2023-09-25 22:31:13,543.8700000000001,a35fad815a445693932b3433e59129fd3fa28928,1306295,,,,,,,,,,,,,,,,,,,,,,,,,,,,,,,,,,,,,,,,,,,,,,,,,,,,,,,,,,,,,TN,TN
autoland,4767314,1,247a31fb40b3ac0b152bd3554743d742a3892fe3,linux1804-64-shippable-qr,True,False,,,102210fe594ee9b33d82058545b1ed14f4c8206e,id-getter-5.html,perf_reftest_singletons,True,perf_reftest_singletons id-getter-5.html opt e10s fission stylo webrender,4767299,77,ms,firefox,,1763705568,2023-09-25 22:32:11,532.54,589a7a37c2f9a6d45ecbd14f937b1621d2efeeda,1306297,,,,,,,,,,,,,,,,,,,,,,,,,,,,,,,,,,,,,,,,,,,,,,,,,,,,,,,,,,,,,TN,TN
autoland,4767314,1,247a31fb40b3ac0b152bd3554743d742a3892fe3,linux1804-64-shippable-qr,True,False,,,102210fe594ee9b33d82058545b1ed14f4c8206e,id-getter-5.html,perf_reftest_singletons,True,perf_reftest_singletons id-getter-5.html opt e10s fission stylo webrender,4767299,77,ms,firefox,,1765861175,2023-09-25 22:32:11,544.96,589a7a37c2f9a6d45ecbd14f937b1621d2efeeda,1306297,,,,,,,,,,,,,,,,,,,,,,,,,,,,,,,,,,,,,,,,,,,,,,,,,,,,,,,,,,,,,TN,TN
autoland,4767314,1,247a31fb40b3ac0b152bd3554743d742a3892fe3,linux1804-64-shippable-qr,True,False,,,102210fe594ee9b33d82058545b1ed14f4c8206e,id-getter-5.html,perf_reftest_singletons,True,perf_reftest_singletons id-getter-5.html opt e10s fission stylo webrender,4767299,77,ms,firefox,,1765861406,2023-09-25 22:32:11,532.74,589a7a37c2f9a6d45ecbd14f937b1621d2efeeda,1306297,,,,,,,,,,,,,,,,,,,,,,,,,,,,,,,,,,,,,,,,,,,,,,,,,,,,,,,,,,,,,TN,TN
autoland,4767314,1,247a31fb40b3ac0b152bd3554743d742a3892fe3,linux1804-64-shippable-qr,True,False,,,102210fe594ee9b33d82058545b1ed14f4c8206e,id-getter-5.html,perf_reftest_singletons,True,perf_reftest_singletons id-getter-5.html opt e10s fission stylo webrender,4767299,77,ms,firefox,,1765861367,2023-09-25 22:32:11,539.56,589a7a37c2f9a6d45ecbd14f937b1621d2efeeda,1306297,,,,,,,,,,,,,,,,,,,,,,,,,,,,,,,,,,,,,,,,,,,,,,,,,,,,,,,,,,,,,TN,TN
autoland,4767314,1,247a31fb40b3ac0b152bd3554743d742a3892fe3,linux1804-64-shippable-qr,True,False,,,102210fe594ee9b33d82058545b1ed14f4c8206e,id-getter-5.html,perf_reftest_singletons,True,perf_reftest_singletons id-getter-5.html opt e10s fission stylo webrender,4767299,77,ms,firefox,,1765861509,2023-09-25 22:32:11,538.32,589a7a37c2f9a6d45ecbd14f937b1621d2efeeda,1306297,,,,,,,,,,,,,,,,,,,,,,,,,,,,,,,,,,,,,,,,,,,,,,,,,,,,,,,,,,,,,TN,TN
autoland,4767314,1,247a31fb40b3ac0b152bd3554743d742a3892fe3,linux1804-64-shippable-qr,True,False,,,102210fe594ee9b33d82058545b1ed14f4c8206e,id-getter-5.html,perf_reftest_singletons,True,perf_reftest_singletons id-getter-5.html opt e10s fission stylo webrender,4767299,77,ms,firefox,,1763705626,2023-09-25 22:33:00,533.5799999999999,80384e2c99e87006a2706b701a3185463685fe76,1306298,,,,,,,,,,,,,,,,,,,,,,,,,,,,,,,,,,,,,,,,,,,,,,,,,,,,,,,,,,,,,TN,TN
autoland,4767314,1,247a31fb40b3ac0b152bd3554743d742a3892fe3,linux1804-64-shippable-qr,True,False,,,102210fe594ee9b33d82058545b1ed14f4c8206e,id-getter-5.html,perf_reftest_singletons,True,perf_reftest_singletons id-getter-5.html opt e10s fission stylo webrender,4767299,77,ms,firefox,,1765860998,2023-09-25 22:33:00,531.51,80384e2c99e87006a2706b701a3185463685fe76,1306298,,,,,,,,,,,,,,,,,,,,,,,,,,,,,,,,,,,,,,,,,,,,,,,,,,,,,,,,,,,,,TN,TN
autoland,4767314,1,247a31fb40b3ac0b152bd3554743d742a3892fe3,linux1804-64-shippable-qr,True,False,,,102210fe594ee9b33d82058545b1ed14f4c8206e,id-getter-5.html,perf_reftest_singletons,True,perf_reftest_singletons id-getter-5.html opt e10s fission stylo webrender,4767299,77,ms,firefox,,1765860909,2023-09-25 22:33:00,541.16,80384e2c99e87006a2706b701a3185463685fe76,1306298,,,,,,,,,,,,,,,,,,,,,,,,,,,,,,,,,,,,,,,,,,,,,,,,,,,,,,,,,,,,,TN,TN
autoland,4767314,1,247a31fb40b3ac0b152bd3554743d742a3892fe3,linux1804-64-shippable-qr,True,False,,,102210fe594ee9b33d82058545b1ed14f4c8206e,id-getter-5.html,perf_reftest_singletons,True,perf_reftest_singletons id-getter-5.html opt e10s fission stylo webrender,4767299,77,ms,firefox,,1765860957,2023-09-25 22:33:00,540.47,80384e2c99e87006a2706b701a3185463685fe76,1306298,,,,,,,,,,,,,,,,,,,,,,,,,,,,,,,,,,,,,,,,,,,,,,,,,,,,,,,,,,,,,TN,TN
autoland,4767314,1,247a31fb40b3ac0b152bd3554743d742a3892fe3,linux1804-64-shippable-qr,True,False,,,102210fe594ee9b33d82058545b1ed14f4c8206e,id-getter-5.html,perf_reftest_singletons,True,perf_reftest_singletons id-getter-5.html opt e10s fission stylo webrender,4767299,77,ms,firefox,,1765860694,2023-09-25 22:33:00,549.03,80384e2c99e87006a2706b701a3185463685fe76,1306298,,,,,,,,,,,,,,,,,,,,,,,,,,,,,,,,,,,,,,,,,,,,,,,,,,,,,,,,,,,,,TN,TN
autoland,4767314,1,247a31fb40b3ac0b152bd3554743d742a3892fe3,linux1804-64-shippable-qr,True,False,,,102210fe594ee9b33d82058545b1ed14f4c8206e,id-getter-5.html,perf_reftest_singletons,True,perf_reftest_singletons id-getter-5.html opt e10s fission stylo webrender,4767299,77,ms,firefox,,1763705845,2023-09-25 23:19:28,545.86,93cb4f911941645d91cf11ed1b0062f6e351c7f5,1306315,,,,,,,,,,,,,,,,,,,,,,,,,,,,,,,,,,,,,,,,,,,,,,,,,,,,,,,,,,,,,TN,TN
autoland,4767314,1,247a31fb40b3ac0b152bd3554743d742a3892fe3,linux1804-64-shippable-qr,True,False,,,102210fe594ee9b33d82058545b1ed14f4c8206e,id-getter-5.html,perf_reftest_singletons,True,perf_reftest_singletons id-getter-5.html opt e10s fission stylo webrender,4767299,77,ms,firefox,,1765860445,2023-09-25 23:19:28,526.6,93cb4f911941645d91cf11ed1b0062f6e351c7f5,1306315,,,,,,,,,,,,,,,,,,,,,,,,,,,,,,,,,,,,,,,,,,,,,,,,,,,,,,,,,,,,,TN,TN
autoland,4767314,1,247a31fb40b3ac0b152bd3554743d742a3892fe3,linux1804-64-shippable-qr,True,False,,,102210fe594ee9b33d82058545b1ed14f4c8206e,id-getter-5.html,perf_reftest_singletons,True,perf_reftest_singletons id-getter-5.html opt e10s fission stylo webrender,4767299,77,ms,firefox,,1765860737,2023-09-25 23:19:28,536.26,93cb4f911941645d91cf11ed1b0062f6e351c7f5,1306315,,,,,,,,,,,,,,,,,,,,,,,,,,,,,,,,,,,,,,,,,,,,,,,,,,,,,,,,,,,,,TN,TN
autoland,4767314,1,247a31fb40b3ac0b152bd3554743d742a3892fe3,linux1804-64-shippable-qr,True,False,,,102210fe594ee9b33d82058545b1ed14f4c8206e,id-getter-5.html,perf_reftest_singletons,True,perf_reftest_singletons id-getter-5.html opt e10s fission stylo webrender,4767299,77,ms,firefox,,1765860533,2023-09-25 23:19:28,531.88,93cb4f911941645d91cf11ed1b0062f6e351c7f5,1306315,,,,,,,,,,,,,,,,,,,,,,,,,,,,,,,,,,,,,,,,,,,,,,,,,,,,,,,,,,,,,TN,TN
autoland,4767314,1,247a31fb40b3ac0b152bd3554743d742a3892fe3,linux1804-64-shippable-qr,True,False,,,102210fe594ee9b33d82058545b1ed14f4c8206e,id-getter-5.html,perf_reftest_singletons,True,perf_reftest_singletons id-getter-5.html opt e10s fission stylo webrender,4767299,77,ms,firefox,,1765860858,2023-09-25 23:19:28,526.88,93cb4f911941645d91cf11ed1b0062f6e351c7f5,1306315,,,,,,,,,,,,,,,,,,,,,,,,,,,,,,,,,,,,,,,,,,,,,,,,,,,,,,,,,,,,,TN,TN
autoland,4767314,1,247a31fb40b3ac0b152bd3554743d742a3892fe3,linux1804-64-shippable-qr,True,False,,,102210fe594ee9b33d82058545b1ed14f4c8206e,id-getter-5.html,perf_reftest_singletons,True,perf_reftest_singletons id-getter-5.html opt e10s fission stylo webrender,4767299,77,ms,firefox,,1763705665,2023-09-25 23:20:46,529.94,2b3b967b65713ac173e9cd35c580ba61316b142c,1306317,,,,,,,,,,,,,,,,,,,,,,,,,,,,,,,,,,,,,,,,,,,,,,,,,,,,,,,,,,,,,TN,TN
autoland,4767314,1,247a31fb40b3ac0b152bd3554743d742a3892fe3,linux1804-64-shippable-qr,True,False,,,102210fe594ee9b33d82058545b1ed14f4c8206e,id-getter-5.html,perf_reftest_singletons,True,perf_reftest_singletons id-getter-5.html opt e10s fission stylo webrender,4767299,77,ms,firefox,,1765861699,2023-09-25 23:20:46,532.63,2b3b967b65713ac173e9cd35c580ba61316b142c,1306317,,,,,,,,,,,,,,,,,,,,,,,,,,,,,,,,,,,,,,,,,,,,,,,,,,,,,,,,,,,,,TN,TN
autoland,4767314,1,247a31fb40b3ac0b152bd3554743d742a3892fe3,linux1804-64-shippable-qr,True,False,,,102210fe594ee9b33d82058545b1ed14f4c8206e,id-getter-5.html,perf_reftest_singletons,True,perf_reftest_singletons id-getter-5.html opt e10s fission stylo webrender,4767299,77,ms,firefox,,1765861471,2023-09-25 23:20:46,531.9100000000001,2b3b967b65713ac173e9cd35c580ba61316b142c,1306317,,,,,,,,,,,,,,,,,,,,,,,,,,,,,,,,,,,,,,,,,,,,,,,,,,,,,,,,,,,,,TN,TN
autoland,4767314,1,247a31fb40b3ac0b152bd3554743d742a3892fe3,linux1804-64-shippable-qr,True,False,,,102210fe594ee9b33d82058545b1ed14f4c8206e,id-getter-5.html,perf_reftest_singletons,True,perf_reftest_singletons id-getter-5.html opt e10s fission stylo webrender,4767299,77,ms,firefox,,1765861865,2023-09-25 23:20:46,545.2,2b3b967b65713ac173e9cd35c580ba61316b142c,1306317,,,,,,,,,,,,,,,,,,,,,,,,,,,,,,,,,,,,,,,,,,,,,,,,,,,,,,,,,,,,,TN,TN
autoland,4767314,1,247a31fb40b3ac0b152bd3554743d742a3892fe3,linux1804-64-shippable-qr,True,False,,,102210fe594ee9b33d82058545b1ed14f4c8206e,id-getter-5.html,perf_reftest_singletons,True,perf_reftest_singletons id-getter-5.html opt e10s fission stylo webrender,4767299,77,ms,firefox,,1765861575,2023-09-25 23:20:46,533.09,2b3b967b65713ac173e9cd35c580ba61316b142c,1306317,,,,,,,,,,,,,,,,,,,,,,,,,,,,,,,,,,,,,,,,,,,,,,,,,,,,,,,,,,,,,TN,TN
autoland,4767314,1,247a31fb40b3ac0b152bd3554743d742a3892fe3,linux1804-64-shippable-qr,True,False,,,102210fe594ee9b33d82058545b1ed14f4c8206e,id-getter-5.html,perf_reftest_singletons,True,perf_reftest_singletons id-getter-5.html opt e10s fission stylo webrender,4767299,77,ms,firefox,,1763705866,2023-09-25 23:27:50,550.6600000000001,dbe80b2fa7177e56b59b896014226bdb041e31b1,1306320,,,,,,,,,,,,,,,,,,,,,,,,,,,,,,,,,,,,,,,,,,,,,,,,,,,,,,,,,,,,,TN,TN
autoland,4767314,1,247a31fb40b3ac0b152bd3554743d742a3892fe3,linux1804-64-shippable-qr,True,False,,,102210fe594ee9b33d82058545b1ed14f4c8206e,id-getter-5.html,perf_reftest_singletons,True,perf_reftest_singletons id-getter-5.html opt e10s fission stylo webrender,4767299,77,ms,firefox,,1765865121,2023-09-25 23:27:50,533.42,dbe80b2fa7177e56b59b896014226bdb041e31b1,1306320,,,,,,,,,,,,,,,,,,,,,,,,,,,,,,,,,,,,,,,,,,,,,,,,,,,,,,,,,,,,,TN,TN
autoland,4767314,1,247a31fb40b3ac0b152bd3554743d742a3892fe3,linux1804-64-shippable-qr,True,False,,,102210fe594ee9b33d82058545b1ed14f4c8206e,id-getter-5.html,perf_reftest_singletons,True,perf_reftest_singletons id-getter-5.html opt e10s fission stylo webrender,4767299,77,ms,firefox,,1765865420,2023-09-25 23:27:50,570.55,dbe80b2fa7177e56b59b896014226bdb041e31b1,1306320,,,,,,,,,,,,,,,,,,,,,,,,,,,,,,,,,,,,,,,,,,,,,,,,,,,,,,,,,,,,,TN,TN
autoland,4767314,1,247a31fb40b3ac0b152bd3554743d742a3892fe3,linux1804-64-shippable-qr,True,False,,,102210fe594ee9b33d82058545b1ed14f4c8206e,id-getter-5.html,perf_reftest_singletons,True,perf_reftest_singletons id-getter-5.html opt e10s fission stylo webrender,4767299,77,ms,firefox,,1765864870,2023-09-25 23:27:50,530.1,dbe80b2fa7177e56b59b896014226bdb041e31b1,1306320,,,,,,,,,,,,,,,,,,,,,,,,,,,,,,,,,,,,,,,,,,,,,,,,,,,,,,,,,,,,,TN,TN
autoland,4767314,1,247a31fb40b3ac0b152bd3554743d742a3892fe3,linux1804-64-shippable-qr,True,False,,,102210fe594ee9b33d82058545b1ed14f4c8206e,id-getter-5.html,perf_reftest_singletons,True,perf_reftest_singletons id-getter-5.html opt e10s fission stylo webrender,4767299,77,ms,firefox,,1765865504,2023-09-25 23:27:50,534.93,dbe80b2fa7177e56b59b896014226bdb041e31b1,1306320,,,,,,,,,,,,,,,,,,,,,,,,,,,,,,,,,,,,,,,,,,,,,,,,,,,,,,,,,,,,,TN,TN
autoland,4767314,1,247a31fb40b3ac0b152bd3554743d742a3892fe3,linux1804-64-shippable-qr,True,False,,,102210fe594ee9b33d82058545b1ed14f4c8206e,id-getter-5.html,perf_reftest_singletons,True,perf_reftest_singletons id-getter-5.html opt e10s fission stylo webrender,4767299,77,ms,firefox,,1763705801,2023-09-25 23:39:33,546.54,f1e42744f477db17dc1b75b1d476eddcdd5619a4,1306326,,,,,,,,,,,,,,,,,,,,,,,,,,,,,,,,,,,,,,,,,,,,,,,,,,,,,,,,,,,,,TN,TN
autoland,4767314,1,247a31fb40b3ac0b152bd3554743d742a3892fe3,linux1804-64-shippable-qr,True,False,,,102210fe594ee9b33d82058545b1ed14f4c8206e,id-getter-5.html,perf_reftest_singletons,True,perf_reftest_singletons id-getter-5.html opt e10s fission stylo webrender,4767299,77,ms,firefox,,1765865822,2023-09-25 23:39:33,531.5899999999999,f1e42744f477db17dc1b75b1d476eddcdd5619a4,1306326,,,,,,,,,,,,,,,,,,,,,,,,,,,,,,,,,,,,,,,,,,,,,,,,,,,,,,,,,,,,,TN,TN
autoland,4767314,1,247a31fb40b3ac0b152bd3554743d742a3892fe3,linux1804-64-shippable-qr,True,False,,,102210fe594ee9b33d82058545b1ed14f4c8206e,id-getter-5.html,perf_reftest_singletons,True,perf_reftest_singletons id-getter-5.html opt e10s fission stylo webrender,4767299,77,ms,firefox,,1765865635,2023-09-25 23:39:33,530.01,f1e42744f477db17dc1b75b1d476eddcdd5619a4,1306326,,,,,,,,,,,,,,,,,,,,,,,,,,,,,,,,,,,,,,,,,,,,,,,,,,,,,,,,,,,,,TN,TN
autoland,4767314,1,247a31fb40b3ac0b152bd3554743d742a3892fe3,linux1804-64-shippable-qr,True,False,,,102210fe594ee9b33d82058545b1ed14f4c8206e,id-getter-5.html,perf_reftest_singletons,True,perf_reftest_singletons id-getter-5.html opt e10s fission stylo webrender,4767299,77,ms,firefox,,1765866749,2023-09-25 23:39:33,532.31,f1e42744f477db17dc1b75b1d476eddcdd5619a4,1306326,,,,,,,,,,,,,,,,,,,,,,,,,,,,,,,,,,,,,,,,,,,,,,,,,,,,,,,,,,,,,TN,TN
autoland,4767314,1,247a31fb40b3ac0b152bd3554743d742a3892fe3,linux1804-64-shippable-qr,True,False,,,102210fe594ee9b33d82058545b1ed14f4c8206e,id-getter-5.html,perf_reftest_singletons,True,perf_reftest_singletons id-getter-5.html opt e10s fission stylo webrender,4767299,77,ms,firefox,,1765871454,2023-09-25 23:39:33,584.0,f1e42744f477db17dc1b75b1d476eddcdd5619a4,1306326,,,,,,,,,,,,,,,,,,,,,,,,,,,,,,,,,,,,,,,,,,,,,,,,,,,,,,,,,,,,,TN,TN
autoland,4767314,1,247a31fb40b3ac0b152bd3554743d742a3892fe3,linux1804-64-shippable-qr,True,False,,,102210fe594ee9b33d82058545b1ed14f4c8206e,id-getter-5.html,perf_reftest_singletons,True,perf_reftest_singletons id-getter-5.html opt e10s fission stylo webrender,4767299,77,ms,firefox,,1763705703,2023-09-25 23:47:30,532.46,607266cea485dde9ac0393378974c99f814c65ca,1306330,,,,,,,,,,,,,,,,,,,,,,,,,,,,,,,,,,,,,,,,,,,,,,,,,,,,,,,,,,,,,TN,TN
autoland,4767314,1,247a31fb40b3ac0b152bd3554743d742a3892fe3,linux1804-64-shippable-qr,True,False,,,102210fe594ee9b33d82058545b1ed14f4c8206e,id-getter-5.html,perf_reftest_singletons,True,perf_reftest_singletons id-getter-5.html opt e10s fission stylo webrender,4767299,77,ms,firefox,,1764905272,2023-09-25 23:47:30,531.3699999999999,607266cea485dde9ac0393378974c99f814c65ca,1306330,,,,,,,,,,,,,,,,,,,,,,,,,,,,,,,,,,,,,,,,,,,,,,,,,,,,,,,,,,,,,TN,TN
autoland,4767314,1,247a31fb40b3ac0b152bd3554743d742a3892fe3,linux1804-64-shippable-qr,True,False,,,102210fe594ee9b33d82058545b1ed14f4c8206e,id-getter-5.html,perf_reftest_singletons,True,perf_reftest_singletons id-getter-5.html opt e10s fission stylo webrender,4767299,77,ms,firefox,,1764905473,2023-09-25 23:47:30,531.36,607266cea485dde9ac0393378974c99f814c65ca,1306330,,,,,,,,,,,,,,,,,,,,,,,,,,,,,,,,,,,,,,,,,,,,,,,,,,,,,,,,,,,,,TN,TN
autoland,4767314,1,247a31fb40b3ac0b152bd3554743d742a3892fe3,linux1804-64-shippable-qr,True,False,,,102210fe594ee9b33d82058545b1ed14f4c8206e,id-getter-5.html,perf_reftest_singletons,True,perf_reftest_singletons id-getter-5.html opt e10s fission stylo webrender,4767299,77,ms,firefox,,1764909961,2023-09-25 23:47:30,542.5699999999999,607266cea485dde9ac0393378974c99f814c65ca,1306330,,,,,,,,,,,,,,,,,,,,,,,,,,,,,,,,,,,,,,,,,,,,,,,,,,,,,,,,,,,,,TN,TN
autoland,4767314,1,247a31fb40b3ac0b152bd3554743d742a3892fe3,linux1804-64-shippable-qr,True,False,,,102210fe594ee9b33d82058545b1ed14f4c8206e,id-getter-5.html,perf_reftest_singletons,True,perf_reftest_singletons id-getter-5.html opt e10s fission stylo webrender,4767299,77,ms,firefox,,1764910213,2023-09-25 23:47:30,530.9300000000001,607266cea485dde9ac0393378974c99f814c65ca,1306330,,,,,,,,,,,,,,,,,,,,,,,,,,,,,,,,,,,,,,,,,,,,,,,,,,,,,,,,,,,,,TN,TN
autoland,4767314,1,247a31fb40b3ac0b152bd3554743d742a3892fe3,linux1804-64-shippable-qr,True,False,,,102210fe594ee9b33d82058545b1ed14f4c8206e,id-getter-5.html,perf_reftest_singletons,True,perf_reftest_singletons id-getter-5.html opt e10s fission stylo webrender,4767299,77,ms,firefox,,1764910587,2023-09-25 23:47:30,528.6999999999999,607266cea485dde9ac0393378974c99f814c65ca,1306330,,,,,,,,,,,,,,,,,,,,,,,,,,,,,,,,,,,,,,,,,,,,,,,,,,,,,,,,,,,,,TN,TN
autoland,4767314,1,247a31fb40b3ac0b152bd3554743d742a3892fe3,linux1804-64-shippable-qr,True,False,,,102210fe594ee9b33d82058545b1ed14f4c8206e,id-getter-5.html,perf_reftest_singletons,True,perf_reftest_singletons id-getter-5.html opt e10s fission stylo webrender,4767299,77,ms,firefox,,1765865888,2023-09-25 23:47:30,532.73,607266cea485dde9ac0393378974c99f814c65ca,1306330,,,,,,,,,,,,,,,,,,,,,,,,,,,,,,,,,,,,,,,,,,,,,,,,,,,,,,,,,,,,,TN,TN
autoland,4767314,1,247a31fb40b3ac0b152bd3554743d742a3892fe3,linux1804-64-shippable-qr,True,False,,,102210fe594ee9b33d82058545b1ed14f4c8206e,id-getter-5.html,perf_reftest_singletons,True,perf_reftest_singletons id-getter-5.html opt e10s fission stylo webrender,4767299,77,ms,firefox,,1765865725,2023-09-25 23:47:30,537.3699999999999,607266cea485dde9ac0393378974c99f814c65ca,1306330,,,,,,,,,,,,,,,,,,,,,,,,,,,,,,,,,,,,,,,,,,,,,,,,,,,,,,,,,,,,,TN,TN
autoland,4767314,1,247a31fb40b3ac0b152bd3554743d742a3892fe3,linux1804-64-shippable-qr,True,False,,,102210fe594ee9b33d82058545b1ed14f4c8206e,id-getter-5.html,perf_reftest_singletons,True,perf_reftest_singletons id-getter-5.html opt e10s fission stylo webrender,4767299,77,ms,firefox,,1765866378,2023-09-25 23:47:30,531.65,607266cea485dde9ac0393378974c99f814c65ca,1306330,,,,,,,,,,,,,,,,,,,,,,,,,,,,,,,,,,,,,,,,,,,,,,,,,,,,,,,,,,,,,TN,TN
autoland,4767314,1,247a31fb40b3ac0b152bd3554743d742a3892fe3,linux1804-64-shippable-qr,True,False,,,102210fe594ee9b33d82058545b1ed14f4c8206e,id-getter-5.html,perf_reftest_singletons,True,perf_reftest_singletons id-getter-5.html opt e10s fission stylo webrender,4767299,77,ms,firefox,,1765866645,2023-09-25 23:47:30,529.28,607266cea485dde9ac0393378974c99f814c65ca,1306330,,,,,,,,,,,,,,,,,,,,,,,,,,,,,,,,,,,,,,,,,,,,,,,,,,,,,,,,,,,,,TN,TN
autoland,4767314,1,247a31fb40b3ac0b152bd3554743d742a3892fe3,linux1804-64-shippable-qr,True,False,,,102210fe594ee9b33d82058545b1ed14f4c8206e,id-getter-5.html,perf_reftest_singletons,True,perf_reftest_singletons id-getter-5.html opt e10s fission stylo webrender,4767299,77,ms,firefox,,1763706025,2023-09-25 23:49:30,536.55,a7e93abb3aae8576da487ac0c9ae1286de30637c,1306333,,,,,,,,,,,,,,,,,,,,,,,,,,,,,,,,,,,,,,,,,,,,,,,,,,,,,,,,,,,,,TN,TN
autoland,4767314,1,247a31fb40b3ac0b152bd3554743d742a3892fe3,linux1804-64-shippable-qr,True,False,,,102210fe594ee9b33d82058545b1ed14f4c8206e,id-getter-5.html,perf_reftest_singletons,True,perf_reftest_singletons id-getter-5.html opt e10s fission stylo webrender,4767299,77,ms,firefox,,1764909543,2023-09-25 23:49:30,538.28,a7e93abb3aae8576da487ac0c9ae1286de30637c,1306333,,,,,,,,,,,,,,,,,,,,,,,,,,,,,,,,,,,,,,,,,,,,,,,,,,,,,,,,,,,,,TN,TN
autoland,4767314,1,247a31fb40b3ac0b152bd3554743d742a3892fe3,linux1804-64-shippable-qr,True,False,,,102210fe594ee9b33d82058545b1ed14f4c8206e,id-getter-5.html,perf_reftest_singletons,True,perf_reftest_singletons id-getter-5.html opt e10s fission stylo webrender,4767299,77,ms,firefox,,1764909875,2023-09-25 23:49:30,542.4300000000001,a7e93abb3aae8576da487ac0c9ae1286de30637c,1306333,,,,,,,,,,,,,,,,,,,,,,,,,,,,,,,,,,,,,,,,,,,,,,,,,,,,,,,,,,,,,TN,TN
autoland,4767314,1,247a31fb40b3ac0b152bd3554743d742a3892fe3,linux1804-64-shippable-qr,True,False,,,102210fe594ee9b33d82058545b1ed14f4c8206e,id-getter-5.html,perf_reftest_singletons,True,perf_reftest_singletons id-getter-5.html opt e10s fission stylo webrender,4767299,77,ms,firefox,,1764908964,2023-09-25 23:49:30,532.66,a7e93abb3aae8576da487ac0c9ae1286de30637c,1306333,,,,,,,,,,,,,,,,,,,,,,,,,,,,,,,,,,,,,,,,,,,,,,,,,,,,,,,,,,,,,TN,TN
autoland,4767314,1,247a31fb40b3ac0b152bd3554743d742a3892fe3,linux1804-64-shippable-qr,True,False,,,102210fe594ee9b33d82058545b1ed14f4c8206e,id-getter-5.html,perf_reftest_singletons,True,perf_reftest_singletons id-getter-5.html opt e10s fission stylo webrender,4767299,77,ms,firefox,,1764909224,2023-09-25 23:49:30,534.14,a7e93abb3aae8576da487ac0c9ae1286de30637c,1306333,,,,,,,,,,,,,,,,,,,,,,,,,,,,,,,,,,,,,,,,,,,,,,,,,,,,,,,,,,,,,TN,TN
autoland,4767314,1,247a31fb40b3ac0b152bd3554743d742a3892fe3,linux1804-64-shippable-qr,True,False,,,102210fe594ee9b33d82058545b1ed14f4c8206e,id-getter-5.html,perf_reftest_singletons,True,perf_reftest_singletons id-getter-5.html opt e10s fission stylo webrender,4767299,77,ms,firefox,,1764910109,2023-09-25 23:49:30,533.27,a7e93abb3aae8576da487ac0c9ae1286de30637c,1306333,,,,,,,,,,,,,,,,,,,,,,,,,,,,,,,,,,,,,,,,,,,,,,,,,,,,,,,,,,,,,TN,TN
autoland,4767314,1,247a31fb40b3ac0b152bd3554743d742a3892fe3,linux1804-64-shippable-qr,True,False,,,102210fe594ee9b33d82058545b1ed14f4c8206e,id-getter-5.html,perf_reftest_singletons,True,perf_reftest_singletons id-getter-5.html opt e10s fission stylo webrender,4767299,77,ms,firefox,,1765872282,2023-09-25 23:49:30,534.52,a7e93abb3aae8576da487ac0c9ae1286de30637c,1306333,,,,,,,,,,,,,,,,,,,,,,,,,,,,,,,,,,,,,,,,,,,,,,,,,,,,,,,,,,,,,TN,TN
autoland,4767314,1,247a31fb40b3ac0b152bd3554743d742a3892fe3,linux1804-64-shippable-qr,True,False,,,102210fe594ee9b33d82058545b1ed14f4c8206e,id-getter-5.html,perf_reftest_singletons,True,perf_reftest_singletons id-getter-5.html opt e10s fission stylo webrender,4767299,77,ms,firefox,,1765872067,2023-09-25 23:49:30,526.11,a7e93abb3aae8576da487ac0c9ae1286de30637c,1306333,,,,,,,,,,,,,,,,,,,,,,,,,,,,,,,,,,,,,,,,,,,,,,,,,,,,,,,,,,,,,TN,TN
autoland,4767314,1,247a31fb40b3ac0b152bd3554743d742a3892fe3,linux1804-64-shippable-qr,True,False,,,102210fe594ee9b33d82058545b1ed14f4c8206e,id-getter-5.html,perf_reftest_singletons,True,perf_reftest_singletons id-getter-5.html opt e10s fission stylo webrender,4767299,77,ms,firefox,,1765872144,2023-09-25 23:49:30,542.24,a7e93abb3aae8576da487ac0c9ae1286de30637c,1306333,,,,,,,,,,,,,,,,,,,,,,,,,,,,,,,,,,,,,,,,,,,,,,,,,,,,,,,,,,,,,TN,TN
autoland,4767314,1,247a31fb40b3ac0b152bd3554743d742a3892fe3,linux1804-64-shippable-qr,True,False,,,102210fe594ee9b33d82058545b1ed14f4c8206e,id-getter-5.html,perf_reftest_singletons,True,perf_reftest_singletons id-getter-5.html opt e10s fission stylo webrender,4767299,77,ms,firefox,,1765872241,2023-09-25 23:49:30,542.23,a7e93abb3aae8576da487ac0c9ae1286de30637c,1306333,,,,,,,,,,,,,,,,,,,,,,,,,,,,,,,,,,,,,,,,,,,,,,,,,,,,,,,,,,,,,TN,TN
autoland,4767314,1,247a31fb40b3ac0b152bd3554743d742a3892fe3,linux1804-64-shippable-qr,True,False,,,102210fe594ee9b33d82058545b1ed14f4c8206e,id-getter-5.html,perf_reftest_singletons,True,perf_reftest_singletons id-getter-5.html opt e10s fission stylo webrender,4767299,77,ms,firefox,,1762127111,2023-09-26 00:20:03,529.22,844608487349450c789be0794a915bb90d90b133,1306338,,,,,,,,,,,,,,,,,,,,,,,,,,,,,,,,,,,,,,,,,,,,,,,,,,,,,,,,,,,,,TN,TN
autoland,4767314,1,247a31fb40b3ac0b152bd3554743d742a3892fe3,linux1804-64-shippable-qr,True,False,,,102210fe594ee9b33d82058545b1ed14f4c8206e,id-getter-5.html,perf_reftest_singletons,True,perf_reftest_singletons id-getter-5.html opt e10s fission stylo webrender,4767299,77,ms,firefox,,1764910402,2023-09-26 00:20:03,534.6800000000001,844608487349450c789be0794a915bb90d90b133,1306338,,,,,,,,,,,,,,,,,,,,,,,,,,,,,,,,,,,,,,,,,,,,,,,,,,,,,,,,,,,,,TN,TN
autoland,4767314,1,247a31fb40b3ac0b152bd3554743d742a3892fe3,linux1804-64-shippable-qr,True,False,,,102210fe594ee9b33d82058545b1ed14f4c8206e,id-getter-5.html,perf_reftest_singletons,True,perf_reftest_singletons id-getter-5.html opt e10s fission stylo webrender,4767299,77,ms,firefox,,1764910651,2023-09-26 00:20:03,527.0899999999999,844608487349450c789be0794a915bb90d90b133,1306338,,,,,,,,,,,,,,,,,,,,,,,,,,,,,,,,,,,,,,,,,,,,,,,,,,,,,,,,,,,,,TN,TN
autoland,4767314,1,247a31fb40b3ac0b152bd3554743d742a3892fe3,linux1804-64-shippable-qr,True,False,,,102210fe594ee9b33d82058545b1ed14f4c8206e,id-getter-5.html,perf_reftest_singletons,True,perf_reftest_singletons id-getter-5.html opt e10s fission stylo webrender,4767299,77,ms,firefox,,1764911052,2023-09-26 00:20:03,538.81,844608487349450c789be0794a915bb90d90b133,1306338,,,,,,,,,,,,,,,,,,,,,,,,,,,,,,,,,,,,,,,,,,,,,,,,,,,,,,,,,,,,,TN,TN
autoland,4767314,1,247a31fb40b3ac0b152bd3554743d742a3892fe3,linux1804-64-shippable-qr,True,False,,,102210fe594ee9b33d82058545b1ed14f4c8206e,id-getter-5.html,perf_reftest_singletons,True,perf_reftest_singletons id-getter-5.html opt e10s fission stylo webrender,4767299,77,ms,firefox,,1764910521,2023-09-26 00:20:03,533.5699999999999,844608487349450c789be0794a915bb90d90b133,1306338,,,,,,,,,,,,,,,,,,,,,,,,,,,,,,,,,,,,,,,,,,,,,,,,,,,,,,,,,,,,,TN,TN
autoland,4767314,1,247a31fb40b3ac0b152bd3554743d742a3892fe3,linux1804-64-shippable-qr,True,False,,,102210fe594ee9b33d82058545b1ed14f4c8206e,id-getter-5.html,perf_reftest_singletons,True,perf_reftest_singletons id-getter-5.html opt e10s fission stylo webrender,4767299,77,ms,firefox,,1764910697,2023-09-26 00:20:03,527.99,844608487349450c789be0794a915bb90d90b133,1306338,,,,,,,,,,,,,,,,,,,,,,,,,,,,,,,,,,,,,,,,,,,,,,,,,,,,,,,,,,,,,TN,TN
autoland,4767314,1,247a31fb40b3ac0b152bd3554743d742a3892fe3,linux1804-64-shippable-qr,True,False,,,102210fe594ee9b33d82058545b1ed14f4c8206e,id-getter-5.html,perf_reftest_singletons,True,perf_reftest_singletons id-getter-5.html opt e10s fission stylo webrender,4767299,77,ms,firefox,,1765872405,2023-09-26 00:20:03,532.24,844608487349450c789be0794a915bb90d90b133,1306338,,,,,,,,,,,,,,,,,,,,,,,,,,,,,,,,,,,,,,,,,,,,,,,,,,,,,,,,,,,,,TN,TN
autoland,4767314,1,247a31fb40b3ac0b152bd3554743d742a3892fe3,linux1804-64-shippable-qr,True,False,,,102210fe594ee9b33d82058545b1ed14f4c8206e,id-getter-5.html,perf_reftest_singletons,True,perf_reftest_singletons id-getter-5.html opt e10s fission stylo webrender,4767299,77,ms,firefox,,1765872532,2023-09-26 00:20:03,535.77,844608487349450c789be0794a915bb90d90b133,1306338,,,,,,,,,,,,,,,,,,,,,,,,,,,,,,,,,,,,,,,,,,,,,,,,,,,,,,,,,,,,,TN,TN
autoland,4767314,1,247a31fb40b3ac0b152bd3554743d742a3892fe3,linux1804-64-shippable-qr,True,False,,,102210fe594ee9b33d82058545b1ed14f4c8206e,id-getter-5.html,perf_reftest_singletons,True,perf_reftest_singletons id-getter-5.html opt e10s fission stylo webrender,4767299,77,ms,firefox,,1765872575,2023-09-26 00:20:03,535.6200000000001,844608487349450c789be0794a915bb90d90b133,1306338,,,,,,,,,,,,,,,,,,,,,,,,,,,,,,,,,,,,,,,,,,,,,,,,,,,,,,,,,,,,,TN,TN
autoland,4767314,1,247a31fb40b3ac0b152bd3554743d742a3892fe3,linux1804-64-shippable-qr,True,False,,,102210fe594ee9b33d82058545b1ed14f4c8206e,id-getter-5.html,perf_reftest_singletons,True,perf_reftest_singletons id-getter-5.html opt e10s fission stylo webrender,4767299,77,ms,firefox,,1765872330,2023-09-26 00:20:03,527.35,844608487349450c789be0794a915bb90d90b133,1306338,,,,,,,,,,,,,,,,,,,,,,,,,,,,,,,,,,,,,,,,,,,,,,,,,,,,,,,,,,,,,TN,TN
autoland,4767314,1,247a31fb40b3ac0b152bd3554743d742a3892fe3,linux1804-64-shippable-qr,True,False,,,102210fe594ee9b33d82058545b1ed14f4c8206e,id-getter-5.html,perf_reftest_singletons,True,perf_reftest_singletons id-getter-5.html opt e10s fission stylo webrender,4767299,77,ms,firefox,,1763891759,2023-09-26 00:50:24,527.2,399bdc5c0788b891d95b0031e1f5e4e13595bdba,1306350,,,,,,,,,,,,,,,,,,,,,,,,,,,,,,,,,,,,,,,,,,,,,,,,,,,,,,,,,,,,,TN,TN
autoland,4767314,1,247a31fb40b3ac0b152bd3554743d742a3892fe3,linux1804-64-shippable-qr,True,False,,,102210fe594ee9b33d82058545b1ed14f4c8206e,id-getter-5.html,perf_reftest_singletons,True,perf_reftest_singletons id-getter-5.html opt e10s fission stylo webrender,4767299,77,ms,firefox,,1764909615,2023-09-26 00:50:24,578.3000000000001,399bdc5c0788b891d95b0031e1f5e4e13595bdba,1306350,,,,,,,,,,,,,,,,,,,,,,,,,,,,,,,,,,,,,,,,,,,,,,,,,,,,,,,,,,,,,TN,TN
autoland,4767314,1,247a31fb40b3ac0b152bd3554743d742a3892fe3,linux1804-64-shippable-qr,True,False,,,102210fe594ee9b33d82058545b1ed14f4c8206e,id-getter-5.html,perf_reftest_singletons,True,perf_reftest_singletons id-getter-5.html opt e10s fission stylo webrender,4767299,77,ms,firefox,,1764909737,2023-09-26 00:50:24,541.81,399bdc5c0788b891d95b0031e1f5e4e13595bdba,1306350,,,,,,,,,,,,,,,,,,,,,,,,,,,,,,,,,,,,,,,,,,,,,,,,,,,,,,,,,,,,,TN,TN
autoland,4767314,1,247a31fb40b3ac0b152bd3554743d742a3892fe3,linux1804-64-shippable-qr,True,False,,,102210fe594ee9b33d82058545b1ed14f4c8206e,id-getter-5.html,perf_reftest_singletons,True,perf_reftest_singletons id-getter-5.html opt e10s fission stylo webrender,4767299,77,ms,firefox,,1764907856,2023-09-26 00:50:24,525.1800000000001,399bdc5c0788b891d95b0031e1f5e4e13595bdba,1306350,,,,,,,,,,,,,,,,,,,,,,,,,,,,,,,,,,,,,,,,,,,,,,,,,,,,,,,,,,,,,TN,TN
autoland,4767314,1,247a31fb40b3ac0b152bd3554743d742a3892fe3,linux1804-64-shippable-qr,True,False,,,102210fe594ee9b33d82058545b1ed14f4c8206e,id-getter-5.html,perf_reftest_singletons,True,perf_reftest_singletons id-getter-5.html opt e10s fission stylo webrender,4767299,77,ms,firefox,,1764909073,2023-09-26 00:50:24,532.8499999999999,399bdc5c0788b891d95b0031e1f5e4e13595bdba,1306350,,,,,,,,,,,,,,,,,,,,,,,,,,,,,,,,,,,,,,,,,,,,,,,,,,,,,,,,,,,,,TN,TN
autoland,4767314,1,247a31fb40b3ac0b152bd3554743d742a3892fe3,linux1804-64-shippable-qr,True,False,,,102210fe594ee9b33d82058545b1ed14f4c8206e,id-getter-5.html,perf_reftest_singletons,True,perf_reftest_singletons id-getter-5.html opt e10s fission stylo webrender,4767299,77,ms,firefox,,1764910069,2023-09-26 00:50:24,534.21,399bdc5c0788b891d95b0031e1f5e4e13595bdba,1306350,,,,,,,,,,,,,,,,,,,,,,,,,,,,,,,,,,,,,,,,,,,,,,,,,,,,,,,,,,,,,TN,TN
autoland,4767314,1,247a31fb40b3ac0b152bd3554743d742a3892fe3,linux1804-64-shippable-qr,True,False,,,102210fe594ee9b33d82058545b1ed14f4c8206e,id-getter-5.html,perf_reftest_singletons,True,perf_reftest_singletons id-getter-5.html opt e10s fission stylo webrender,4767299,77,ms,firefox,,1765861616,2023-09-26 00:50:24,528.01,399bdc5c0788b891d95b0031e1f5e4e13595bdba,1306350,,,,,,,,,,,,,,,,,,,,,,,,,,,,,,,,,,,,,,,,,,,,,,,,,,,,,,,,,,,,,TN,TN
autoland,4767314,1,247a31fb40b3ac0b152bd3554743d742a3892fe3,linux1804-64-shippable-qr,True,False,,,102210fe594ee9b33d82058545b1ed14f4c8206e,id-getter-5.html,perf_reftest_singletons,True,perf_reftest_singletons id-getter-5.html opt e10s fission stylo webrender,4767299,77,ms,firefox,,1765861738,2023-09-26 00:50:24,528.55,399bdc5c0788b891d95b0031e1f5e4e13595bdba,1306350,,,,,,,,,,,,,,,,,,,,,,,,,,,,,,,,,,,,,,,,,,,,,,,,,,,,,,,,,,,,,TN,TN
autoland,4767314,1,247a31fb40b3ac0b152bd3554743d742a3892fe3,linux1804-64-shippable-qr,True,False,,,102210fe594ee9b33d82058545b1ed14f4c8206e,id-getter-5.html,perf_reftest_singletons,True,perf_reftest_singletons id-getter-5.html opt e10s fission stylo webrender,4767299,77,ms,firefox,,1765861315,2023-09-26 00:50:24,525.6100000000001,399bdc5c0788b891d95b0031e1f5e4e13595bdba,1306350,,,,,,,,,,,,,,,,,,,,,,,,,,,,,,,,,,,,,,,,,,,,,,,,,,,,,,,,,,,,,TN,TN
autoland,4767314,1,247a31fb40b3ac0b152bd3554743d742a3892fe3,linux1804-64-shippable-qr,True,False,,,102210fe594ee9b33d82058545b1ed14f4c8206e,id-getter-5.html,perf_reftest_singletons,True,perf_reftest_singletons id-getter-5.html opt e10s fission stylo webrender,4767299,77,ms,firefox,,1765861815,2023-09-26 00:50:24,527.17,399bdc5c0788b891d95b0031e1f5e4e13595bdba,1306350,,,,,,,,,,,,,,,,,,,,,,,,,,,,,,,,,,,,,,,,,,,,,,,,,,,,,,,,,,,,,TN,TN
autoland,4767314,1,247a31fb40b3ac0b152bd3554743d742a3892fe3,linux1804-64-shippable-qr,True,False,,,102210fe594ee9b33d82058545b1ed14f4c8206e,id-getter-5.html,perf_reftest_singletons,True,perf_reftest_singletons id-getter-5.html opt e10s fission stylo webrender,4767299,77,ms,firefox,,1763705133,2023-09-26 01:39:27,532.8799999999999,c23c9191da93412ccfb6e59f427b04c7dcb3880e,1306359,,,,,,,,,,,,,,,,,,,,,,,,,,,,,,,,,,,,,,,,,,,,,,,,,,,,,,,,,,,,,TN,TN
autoland,4767314,1,247a31fb40b3ac0b152bd3554743d742a3892fe3,linux1804-64-shippable-qr,True,False,,,102210fe594ee9b33d82058545b1ed14f4c8206e,id-getter-5.html,perf_reftest_singletons,True,perf_reftest_singletons id-getter-5.html opt e10s fission stylo webrender,4767299,77,ms,firefox,,1764909503,2023-09-26 01:39:27,544.24,c23c9191da93412ccfb6e59f427b04c7dcb3880e,1306359,,,,,,,,,,,,,,,,,,,,,,,,,,,,,,,,,,,,,,,,,,,,,,,,,,,,,,,,,,,,,TN,TN
autoland,4767314,1,247a31fb40b3ac0b152bd3554743d742a3892fe3,linux1804-64-shippable-qr,True,False,,,102210fe594ee9b33d82058545b1ed14f4c8206e,id-getter-5.html,perf_reftest_singletons,True,perf_reftest_singletons id-getter-5.html opt e10s fission stylo webrender,4767299,77,ms,firefox,,1764909997,2023-09-26 01:39:27,529.05,c23c9191da93412ccfb6e59f427b04c7dcb3880e,1306359,,,,,,,,,,,,,,,,,,,,,,,,,,,,,,,,,,,,,,,,,,,,,,,,,,,,,,,,,,,,,TN,TN
autoland,4767314,1,247a31fb40b3ac0b152bd3554743d742a3892fe3,linux1804-64-shippable-qr,True,False,,,102210fe594ee9b33d82058545b1ed14f4c8206e,id-getter-5.html,perf_reftest_singletons,True,perf_reftest_singletons id-getter-5.html opt e10s fission stylo webrender,4767299,77,ms,firefox,,1764908365,2023-09-26 01:39:27,530.8599999999999,c23c9191da93412ccfb6e59f427b04c7dcb3880e,1306359,,,,,,,,,,,,,,,,,,,,,,,,,,,,,,,,,,,,,,,,,,,,,,,,,,,,,,,,,,,,,TN,TN
autoland,4767314,1,247a31fb40b3ac0b152bd3554743d742a3892fe3,linux1804-64-shippable-qr,True,False,,,102210fe594ee9b33d82058545b1ed14f4c8206e,id-getter-5.html,perf_reftest_singletons,True,perf_reftest_singletons id-getter-5.html opt e10s fission stylo webrender,4767299,77,ms,firefox,,1764909581,2023-09-26 01:39:27,544.85,c23c9191da93412ccfb6e59f427b04c7dcb3880e,1306359,,,,,,,,,,,,,,,,,,,,,,,,,,,,,,,,,,,,,,,,,,,,,,,,,,,,,,,,,,,,,TN,TN
autoland,4767314,1,247a31fb40b3ac0b152bd3554743d742a3892fe3,linux1804-64-shippable-qr,True,False,,,102210fe594ee9b33d82058545b1ed14f4c8206e,id-getter-5.html,perf_reftest_singletons,True,perf_reftest_singletons id-getter-5.html opt e10s fission stylo webrender,4767299,77,ms,firefox,,1764909143,2023-09-26 01:39:27,535.13,c23c9191da93412ccfb6e59f427b04c7dcb3880e,1306359,,,,,,,,,,,,,,,,,,,,,,,,,,,,,,,,,,,,,,,,,,,,,,,,,,,,,,,,,,,,,TN,TN
autoland,4767314,1,247a31fb40b3ac0b152bd3554743d742a3892fe3,linux1804-64-shippable-qr,True,False,,,102210fe594ee9b33d82058545b1ed14f4c8206e,id-getter-5.html,perf_reftest_singletons,True,perf_reftest_singletons id-getter-5.html opt e10s fission stylo webrender,4767299,77,ms,firefox,,1765862270,2023-09-26 01:39:27,538.6400000000001,c23c9191da93412ccfb6e59f427b04c7dcb3880e,1306359,,,,,,,,,,,,,,,,,,,,,,,,,,,,,,,,,,,,,,,,,,,,,,,,,,,,,,,,,,,,,TN,TN
autoland,4767314,1,247a31fb40b3ac0b152bd3554743d742a3892fe3,linux1804-64-shippable-qr,True,False,,,102210fe594ee9b33d82058545b1ed14f4c8206e,id-getter-5.html,perf_reftest_singletons,True,perf_reftest_singletons id-getter-5.html opt e10s fission stylo webrender,4767299,77,ms,firefox,,1765862395,2023-09-26 01:39:27,537.09,c23c9191da93412ccfb6e59f427b04c7dcb3880e,1306359,,,,,,,,,,,,,,,,,,,,,,,,,,,,,,,,,,,,,,,,,,,,,,,,,,,,,,,,,,,,,TN,TN
autoland,4767314,1,247a31fb40b3ac0b152bd3554743d742a3892fe3,linux1804-64-shippable-qr,True,False,,,102210fe594ee9b33d82058545b1ed14f4c8206e,id-getter-5.html,perf_reftest_singletons,True,perf_reftest_singletons id-getter-5.html opt e10s fission stylo webrender,4767299,77,ms,firefox,,1765862714,2023-09-26 01:39:27,535.15,c23c9191da93412ccfb6e59f427b04c7dcb3880e,1306359,,,,,,,,,,,,,,,,,,,,,,,,,,,,,,,,,,,,,,,,,,,,,,,,,,,,,,,,,,,,,TN,TN
autoland,4767314,1,247a31fb40b3ac0b152bd3554743d742a3892fe3,linux1804-64-shippable-qr,True,False,,,102210fe594ee9b33d82058545b1ed14f4c8206e,id-getter-5.html,perf_reftest_singletons,True,perf_reftest_singletons id-getter-5.html opt e10s fission stylo webrender,4767299,77,ms,firefox,,1765863070,2023-09-26 01:39:27,541.1500000000001,c23c9191da93412ccfb6e59f427b04c7dcb3880e,1306359,,,,,,,,,,,,,,,,,,,,,,,,,,,,,,,,,,,,,,,,,,,,,,,,,,,,,,,,,,,,,TN,TN
autoland,4767314,1,247a31fb40b3ac0b152bd3554743d742a3892fe3,linux1804-64-shippable-qr,True,False,,,102210fe594ee9b33d82058545b1ed14f4c8206e,id-getter-5.html,perf_reftest_singletons,True,perf_reftest_singletons id-getter-5.html opt e10s fission stylo webrender,4767299,77,ms,firefox,,1763705291,2023-09-26 01:40:46,540.99,e12bd9f0ee965bb4e7ef9269a629a79c43403a4d,1306360,,,,,,,,,,,,,,,,,,,,,,,,,,,,,,,,,,,,,,,,,,,,,,,,,,,,,,,,,,,,,TN,TN
autoland,4767314,1,247a31fb40b3ac0b152bd3554743d742a3892fe3,linux1804-64-shippable-qr,True,False,,,102210fe594ee9b33d82058545b1ed14f4c8206e,id-getter-5.html,perf_reftest_singletons,True,perf_reftest_singletons id-getter-5.html opt e10s fission stylo webrender,4767299,77,ms,firefox,,1764910986,2023-09-26 01:40:46,530.38,e12bd9f0ee965bb4e7ef9269a629a79c43403a4d,1306360,,,,,,,,,,,,,,,,,,,,,,,,,,,,,,,,,,,,,,,,,,,,,,,,,,,,,,,,,,,,,TN,TN
autoland,4767314,1,247a31fb40b3ac0b152bd3554743d742a3892fe3,linux1804-64-shippable-qr,True,False,,,102210fe594ee9b33d82058545b1ed14f4c8206e,id-getter-5.html,perf_reftest_singletons,True,perf_reftest_singletons id-getter-5.html opt e10s fission stylo webrender,4767299,77,ms,firefox,,1764911964,2023-09-26 01:40:46,543.04,e12bd9f0ee965bb4e7ef9269a629a79c43403a4d,1306360,,,,,,,,,,,,,,,,,,,,,,,,,,,,,,,,,,,,,,,,,,,,,,,,,,,,,,,,,,,,,TN,TN
autoland,4767314,1,247a31fb40b3ac0b152bd3554743d742a3892fe3,linux1804-64-shippable-qr,True,False,,,102210fe594ee9b33d82058545b1ed14f4c8206e,id-getter-5.html,perf_reftest_singletons,True,perf_reftest_singletons id-getter-5.html opt e10s fission stylo webrender,4767299,77,ms,firefox,,1764911883,2023-09-26 01:40:46,531.39,e12bd9f0ee965bb4e7ef9269a629a79c43403a4d,1306360,,,,,,,,,,,,,,,,,,,,,,,,,,,,,,,,,,,,,,,,,,,,,,,,,,,,,,,,,,,,,TN,TN
autoland,4767314,1,247a31fb40b3ac0b152bd3554743d742a3892fe3,linux1804-64-shippable-qr,True,False,,,102210fe594ee9b33d82058545b1ed14f4c8206e,id-getter-5.html,perf_reftest_singletons,True,perf_reftest_singletons id-getter-5.html opt e10s fission stylo webrender,4767299,77,ms,firefox,,1764911269,2023-09-26 01:40:46,526.96,e12bd9f0ee965bb4e7ef9269a629a79c43403a4d,1306360,,,,,,,,,,,,,,,,,,,,,,,,,,,,,,,,,,,,,,,,,,,,,,,,,,,,,,,,,,,,,TN,TN
autoland,4767314,1,247a31fb40b3ac0b152bd3554743d742a3892fe3,linux1804-64-shippable-qr,True,False,,,102210fe594ee9b33d82058545b1ed14f4c8206e,id-getter-5.html,perf_reftest_singletons,True,perf_reftest_singletons id-getter-5.html opt e10s fission stylo webrender,4767299,77,ms,firefox,,1764911799,2023-09-26 01:40:46,534.9100000000001,e12bd9f0ee965bb4e7ef9269a629a79c43403a4d,1306360,,,,,,,,,,,,,,,,,,,,,,,,,,,,,,,,,,,,,,,,,,,,,,,,,,,,,,,,,,,,,TN,TN
autoland,4767314,1,247a31fb40b3ac0b152bd3554743d742a3892fe3,linux1804-64-shippable-qr,True,False,,,102210fe594ee9b33d82058545b1ed14f4c8206e,id-getter-5.html,perf_reftest_singletons,True,perf_reftest_singletons id-getter-5.html opt e10s fission stylo webrender,4767299,77,ms,firefox,,1765861899,2023-09-26 01:40:46,528.69,e12bd9f0ee965bb4e7ef9269a629a79c43403a4d,1306360,,,,,,,,,,,,,,,,,,,,,,,,,,,,,,,,,,,,,,,,,,,,,,,,,,,,,,,,,,,,,TN,TN
autoland,4767314,1,247a31fb40b3ac0b152bd3554743d742a3892fe3,linux1804-64-shippable-qr,True,False,,,102210fe594ee9b33d82058545b1ed14f4c8206e,id-getter-5.html,perf_reftest_singletons,True,perf_reftest_singletons id-getter-5.html opt e10s fission stylo webrender,4767299,77,ms,firefox,,1765861949,2023-09-26 01:40:46,532.72,e12bd9f0ee965bb4e7ef9269a629a79c43403a4d,1306360,,,,,,,,,,,,,,,,,,,,,,,,,,,,,,,,,,,,,,,,,,,,,,,,,,,,,,,,,,,,,TN,TN
autoland,4767314,1,247a31fb40b3ac0b152bd3554743d742a3892fe3,linux1804-64-shippable-qr,True,False,,,102210fe594ee9b33d82058545b1ed14f4c8206e,id-getter-5.html,perf_reftest_singletons,True,perf_reftest_singletons id-getter-5.html opt e10s fission stylo webrender,4767299,77,ms,firefox,,1765862101,2023-09-26 01:40:46,528.3,e12bd9f0ee965bb4e7ef9269a629a79c43403a4d,1306360,,,,,,,,,,,,,,,,,,,,,,,,,,,,,,,,,,,,,,,,,,,,,,,,,,,,,,,,,,,,,TN,TN
autoland,4767314,1,247a31fb40b3ac0b152bd3554743d742a3892fe3,linux1804-64-shippable-qr,True,False,,,102210fe594ee9b33d82058545b1ed14f4c8206e,id-getter-5.html,perf_reftest_singletons,True,perf_reftest_singletons id-getter-5.html opt e10s fission stylo webrender,4767299,77,ms,firefox,,1765862012,2023-09-26 01:40:46,569.21,e12bd9f0ee965bb4e7ef9269a629a79c43403a4d,1306360,,,,,,,,,,,,,,,,,,,,,,,,,,,,,,,,,,,,,,,,,,,,,,,,,,,,,,,,,,,,,TN,TN
autoland,4767314,1,247a31fb40b3ac0b152bd3554743d742a3892fe3,linux1804-64-shippable-qr,True,False,,,102210fe594ee9b33d82058545b1ed14f4c8206e,id-getter-5.html,perf_reftest_singletons,True,perf_reftest_singletons id-getter-5.html opt e10s fission stylo webrender,4767299,77,ms,firefox,,1763705215,2023-09-26 01:42:43,531.81,28162003bd3c3eaf44b4227b54b72aaf7f8f848f,1306361,,,,,,,,,,,,,,,,,,,,,,,,,,,,,,,,,,,,,,,,,,,,,,,,,,,,,,,,,,,,,TN,TN
autoland,4767314,1,247a31fb40b3ac0b152bd3554743d742a3892fe3,linux1804-64-shippable-qr,True,False,,,102210fe594ee9b33d82058545b1ed14f4c8206e,id-getter-5.html,perf_reftest_singletons,True,perf_reftest_singletons id-getter-5.html opt e10s fission stylo webrender,4767299,77,ms,firefox,,1764912874,2023-09-26 01:42:43,528.54,28162003bd3c3eaf44b4227b54b72aaf7f8f848f,1306361,,,,,,,,,,,,,,,,,,,,,,,,,,,,,,,,,,,,,,,,,,,,,,,,,,,,,,,,,,,,,TN,TN
autoland,4767314,1,247a31fb40b3ac0b152bd3554743d742a3892fe3,linux1804-64-shippable-qr,True,False,,,102210fe594ee9b33d82058545b1ed14f4c8206e,id-getter-5.html,perf_reftest_singletons,True,perf_reftest_singletons id-getter-5.html opt e10s fission stylo webrender,4767299,77,ms,firefox,,1764913028,2023-09-26 01:42:43,532.28,28162003bd3c3eaf44b4227b54b72aaf7f8f848f,1306361,,,,,,,,,,,,,,,,,,,,,,,,,,,,,,,,,,,,,,,,,,,,,,,,,,,,,,,,,,,,,TN,TN
autoland,4767314,1,247a31fb40b3ac0b152bd3554743d742a3892fe3,linux1804-64-shippable-qr,True,False,,,102210fe594ee9b33d82058545b1ed14f4c8206e,id-getter-5.html,perf_reftest_singletons,True,perf_reftest_singletons id-getter-5.html opt e10s fission stylo webrender,4767299,77,ms,firefox,,1764913391,2023-09-26 01:42:43,532.0,28162003bd3c3eaf44b4227b54b72aaf7f8f848f,1306361,,,,,,,,,,,,,,,,,,,,,,,,,,,,,,,,,,,,,,,,,,,,,,,,,,,,,,,,,,,,,TN,TN
autoland,4767314,1,247a31fb40b3ac0b152bd3554743d742a3892fe3,linux1804-64-shippable-qr,True,False,,,102210fe594ee9b33d82058545b1ed14f4c8206e,id-getter-5.html,perf_reftest_singletons,True,perf_reftest_singletons id-getter-5.html opt e10s fission stylo webrender,4767299,77,ms,firefox,,1764914313,2023-09-26 01:42:43,528.14,28162003bd3c3eaf44b4227b54b72aaf7f8f848f,1306361,,,,,,,,,,,,,,,,,,,,,,,,,,,,,,,,,,,,,,,,,,,,,,,,,,,,,,,,,,,,,TN,TN
autoland,4767314,1,247a31fb40b3ac0b152bd3554743d742a3892fe3,linux1804-64-shippable-qr,True,False,,,102210fe594ee9b33d82058545b1ed14f4c8206e,id-getter-5.html,perf_reftest_singletons,True,perf_reftest_singletons id-getter-5.html opt e10s fission stylo webrender,4767299,77,ms,firefox,,1764913591,2023-09-26 01:42:43,528.35,28162003bd3c3eaf44b4227b54b72aaf7f8f848f,1306361,,,,,,,,,,,,,,,,,,,,,,,,,,,,,,,,,,,,,,,,,,,,,,,,,,,,,,,,,,,,,TN,TN
autoland,4767314,1,247a31fb40b3ac0b152bd3554743d742a3892fe3,linux1804-64-shippable-qr,True,False,,,102210fe594ee9b33d82058545b1ed14f4c8206e,id-getter-5.html,perf_reftest_singletons,True,perf_reftest_singletons id-getter-5.html opt e10s fission stylo webrender,4767299,77,ms,firefox,,1765862984,2023-09-26 01:42:43,523.41,28162003bd3c3eaf44b4227b54b72aaf7f8f848f,1306361,,,,,,,,,,,,,,,,,,,,,,,,,,,,,,,,,,,,,,,,,,,,,,,,,,,,,,,,,,,,,TN,TN
autoland,4767314,1,247a31fb40b3ac0b152bd3554743d742a3892fe3,linux1804-64-shippable-qr,True,False,,,102210fe594ee9b33d82058545b1ed14f4c8206e,id-getter-5.html,perf_reftest_singletons,True,perf_reftest_singletons id-getter-5.html opt e10s fission stylo webrender,4767299,77,ms,firefox,,1765863028,2023-09-26 01:42:43,534.5,28162003bd3c3eaf44b4227b54b72aaf7f8f848f,1306361,,,,,,,,,,,,,,,,,,,,,,,,,,,,,,,,,,,,,,,,,,,,,,,,,,,,,,,,,,,,,TN,TN
autoland,4767314,1,247a31fb40b3ac0b152bd3554743d742a3892fe3,linux1804-64-shippable-qr,True,False,,,102210fe594ee9b33d82058545b1ed14f4c8206e,id-getter-5.html,perf_reftest_singletons,True,perf_reftest_singletons id-getter-5.html opt e10s fission stylo webrender,4767299,77,ms,firefox,,1765863466,2023-09-26 01:42:43,533.88,28162003bd3c3eaf44b4227b54b72aaf7f8f848f,1306361,,,,,,,,,,,,,,,,,,,,,,,,,,,,,,,,,,,,,,,,,,,,,,,,,,,,,,,,,,,,,TN,TN
autoland,4767314,1,247a31fb40b3ac0b152bd3554743d742a3892fe3,linux1804-64-shippable-qr,True,False,,,102210fe594ee9b33d82058545b1ed14f4c8206e,id-getter-5.html,perf_reftest_singletons,True,perf_reftest_singletons id-getter-5.html opt e10s fission stylo webrender,4767299,77,ms,firefox,,1765863110,2023-09-26 01:42:43,528.6600000000001,28162003bd3c3eaf44b4227b54b72aaf7f8f848f,1306361,,,,,,,,,,,,,,,,,,,,,,,,,,,,,,,,,,,,,,,,,,,,,,,,,,,,,,,,,,,,,TN,TN
autoland,4767314,1,247a31fb40b3ac0b152bd3554743d742a3892fe3,linux1804-64-shippable-qr,True,False,,,102210fe594ee9b33d82058545b1ed14f4c8206e,id-getter-5.html,perf_reftest_singletons,True,perf_reftest_singletons id-getter-5.html opt e10s fission stylo webrender,4767299,77,ms,firefox,,1763705170,2023-09-26 02:32:51,524.28,39dc607f61623c82e70f4982272959e0625d52ae,1306368,,,,,,,,,,,,,,,,,,,,,,,,,,,,,,,,,,,,,,,,,,,,,,,,,,,,,,,,,,,,,TN,TN
autoland,4767314,1,247a31fb40b3ac0b152bd3554743d742a3892fe3,linux1804-64-shippable-qr,True,False,,,102210fe594ee9b33d82058545b1ed14f4c8206e,id-getter-5.html,perf_reftest_singletons,True,perf_reftest_singletons id-getter-5.html opt e10s fission stylo webrender,4767299,77,ms,firefox,,1764912405,2023-09-26 02:32:51,540.9200000000001,39dc607f61623c82e70f4982272959e0625d52ae,1306368,,,,,,,,,,,,,,,,,,,,,,,,,,,,,,,,,,,,,,,,,,,,,,,,,,,,,,,,,,,,,TN,TN
autoland,4767314,1,247a31fb40b3ac0b152bd3554743d742a3892fe3,linux1804-64-shippable-qr,True,False,,,102210fe594ee9b33d82058545b1ed14f4c8206e,id-getter-5.html,perf_reftest_singletons,True,perf_reftest_singletons id-getter-5.html opt e10s fission stylo webrender,4767299,77,ms,firefox,,1764912452,2023-09-26 02:32:51,530.98,39dc607f61623c82e70f4982272959e0625d52ae,1306368,,,,,,,,,,,,,,,,,,,,,,,,,,,,,,,,,,,,,,,,,,,,,,,,,,,,,,,,,,,,,TN,TN
autoland,4767314,1,247a31fb40b3ac0b152bd3554743d742a3892fe3,linux1804-64-shippable-qr,True,False,,,102210fe594ee9b33d82058545b1ed14f4c8206e,id-getter-5.html,perf_reftest_singletons,True,perf_reftest_singletons id-getter-5.html opt e10s fission stylo webrender,4767299,77,ms,firefox,,1764912522,2023-09-26 02:32:51,535.5,39dc607f61623c82e70f4982272959e0625d52ae,1306368,,,,,,,,,,,,,,,,,,,,,,,,,,,,,,,,,,,,,,,,,,,,,,,,,,,,,,,,,,,,,TN,TN
autoland,4767314,1,247a31fb40b3ac0b152bd3554743d742a3892fe3,linux1804-64-shippable-qr,True,False,,,102210fe594ee9b33d82058545b1ed14f4c8206e,id-getter-5.html,perf_reftest_singletons,True,perf_reftest_singletons id-getter-5.html opt e10s fission stylo webrender,4767299,77,ms,firefox,,1764912606,2023-09-26 02:32:51,578.2,39dc607f61623c82e70f4982272959e0625d52ae,1306368,,,,,,,,,,,,,,,,,,,,,,,,,,,,,,,,,,,,,,,,,,,,,,,,,,,,,,,,,,,,,TN,TN
autoland,4767314,1,247a31fb40b3ac0b152bd3554743d742a3892fe3,linux1804-64-shippable-qr,True,False,,,102210fe594ee9b33d82058545b1ed14f4c8206e,id-getter-5.html,perf_reftest_singletons,True,perf_reftest_singletons id-getter-5.html opt e10s fission stylo webrender,4767299,77,ms,firefox,,1764912706,2023-09-26 02:32:51,526.09,39dc607f61623c82e70f4982272959e0625d52ae,1306368,,,,,,,,,,,,,,,,,,,,,,,,,,,,,,,,,,,,,,,,,,,,,,,,,,,,,,,,,,,,,TN,TN
autoland,4767314,1,247a31fb40b3ac0b152bd3554743d742a3892fe3,linux1804-64-shippable-qr,True,False,,,102210fe594ee9b33d82058545b1ed14f4c8206e,id-getter-5.html,perf_reftest_singletons,True,perf_reftest_singletons id-getter-5.html opt e10s fission stylo webrender,4767299,77,ms,firefox,,1765864081,2023-09-26 02:32:51,530.7,39dc607f61623c82e70f4982272959e0625d52ae,1306368,,,,,,,,,,,,,,,,,,,,,,,,,,,,,,,,,,,,,,,,,,,,,,,,,,,,,,,,,,,,,TN,TN
autoland,4767314,1,247a31fb40b3ac0b152bd3554743d742a3892fe3,linux1804-64-shippable-qr,True,False,,,102210fe594ee9b33d82058545b1ed14f4c8206e,id-getter-5.html,perf_reftest_singletons,True,perf_reftest_singletons id-getter-5.html opt e10s fission stylo webrender,4767299,77,ms,firefox,,1765864269,2023-09-26 02:32:51,522.71,39dc607f61623c82e70f4982272959e0625d52ae,1306368,,,,,,,,,,,,,,,,,,,,,,,,,,,,,,,,,,,,,,,,,,,,,,,,,,,,,,,,,,,,,TN,TN
autoland,4767314,1,247a31fb40b3ac0b152bd3554743d742a3892fe3,linux1804-64-shippable-qr,True,False,,,102210fe594ee9b33d82058545b1ed14f4c8206e,id-getter-5.html,perf_reftest_singletons,True,perf_reftest_singletons id-getter-5.html opt e10s fission stylo webrender,4767299,77,ms,firefox,,1765864675,2023-09-26 02:32:51,538.62,39dc607f61623c82e70f4982272959e0625d52ae,1306368,,,,,,,,,,,,,,,,,,,,,,,,,,,,,,,,,,,,,,,,,,,,,,,,,,,,,,,,,,,,,TN,TN
autoland,4767314,1,247a31fb40b3ac0b152bd3554743d742a3892fe3,linux1804-64-shippable-qr,True,False,,,102210fe594ee9b33d82058545b1ed14f4c8206e,id-getter-5.html,perf_reftest_singletons,True,perf_reftest_singletons id-getter-5.html opt e10s fission stylo webrender,4767299,77,ms,firefox,,1765864367,2023-09-26 02:32:51,526.11,39dc607f61623c82e70f4982272959e0625d52ae,1306368,,,,,,,,,,,,,,,,,,,,,,,,,,,,,,,,,,,,,,,,,,,,,,,,,,,,,,,,,,,,,TN,TN
autoland,4767314,1,247a31fb40b3ac0b152bd3554743d742a3892fe3,linux1804-64-shippable-qr,True,False,,,102210fe594ee9b33d82058545b1ed14f4c8206e,id-getter-5.html,perf_reftest_singletons,True,perf_reftest_singletons id-getter-5.html opt e10s fission stylo webrender,4767299,77,ms,firefox,,1763705253,2023-09-26 02:51:20,528.8900000000001,956fe894deba1ba357c2699828221cda94a938a0,1306370,,,,,,,,,,,,,,,,,,,,,,,,,,,,,,,,,,,,,,,,,,,,,,,,,,,,,,,,,,,,,TN,TN
autoland,4767314,1,247a31fb40b3ac0b152bd3554743d742a3892fe3,linux1804-64-shippable-qr,True,False,,,102210fe594ee9b33d82058545b1ed14f4c8206e,id-getter-5.html,perf_reftest_singletons,True,perf_reftest_singletons id-getter-5.html opt e10s fission stylo webrender,4767299,77,ms,firefox,,1764911601,2023-09-26 02:51:20,529.84,956fe894deba1ba357c2699828221cda94a938a0,1306370,,,,,,,,,,,,,,,,,,,,,,,,,,,,,,,,,,,,,,,,,,,,,,,,,,,,,,,,,,,,,TN,TN
autoland,4767314,1,247a31fb40b3ac0b152bd3554743d742a3892fe3,linux1804-64-shippable-qr,True,False,,,102210fe594ee9b33d82058545b1ed14f4c8206e,id-getter-5.html,perf_reftest_singletons,True,perf_reftest_singletons id-getter-5.html opt e10s fission stylo webrender,4767299,77,ms,firefox,,1764911607,2023-09-26 02:51:20,526.87,956fe894deba1ba357c2699828221cda94a938a0,1306370,,,,,,,,,,,,,,,,,,,,,,,,,,,,,,,,,,,,,,,,,,,,,,,,,,,,,,,,,,,,,TN,TN
autoland,4767314,1,247a31fb40b3ac0b152bd3554743d742a3892fe3,linux1804-64-shippable-qr,True,False,,,102210fe594ee9b33d82058545b1ed14f4c8206e,id-getter-5.html,perf_reftest_singletons,True,perf_reftest_singletons id-getter-5.html opt e10s fission stylo webrender,4767299,77,ms,firefox,,1764911924,2023-09-26 02:51:20,540.64,956fe894deba1ba357c2699828221cda94a938a0,1306370,,,,,,,,,,,,,,,,,,,,,,,,,,,,,,,,,,,,,,,,,,,,,,,,,,,,,,,,,,,,,TN,TN
autoland,4767314,1,247a31fb40b3ac0b152bd3554743d742a3892fe3,linux1804-64-shippable-qr,True,False,,,102210fe594ee9b33d82058545b1ed14f4c8206e,id-getter-5.html,perf_reftest_singletons,True,perf_reftest_singletons id-getter-5.html opt e10s fission stylo webrender,4767299,77,ms,firefox,,1764912244,2023-09-26 02:51:20,527.63,956fe894deba1ba357c2699828221cda94a938a0,1306370,,,,,,,,,,,,,,,,,,,,,,,,,,,,,,,,,,,,,,,,,,,,,,,,,,,,,,,,,,,,,TN,TN
autoland,4767314,1,247a31fb40b3ac0b152bd3554743d742a3892fe3,linux1804-64-shippable-qr,True,False,,,102210fe594ee9b33d82058545b1ed14f4c8206e,id-getter-5.html,perf_reftest_singletons,True,perf_reftest_singletons id-getter-5.html opt e10s fission stylo webrender,4767299,77,ms,firefox,,1764911321,2023-09-26 02:51:20,532.46,956fe894deba1ba357c2699828221cda94a938a0,1306370,,,,,,,,,,,,,,,,,,,,,,,,,,,,,,,,,,,,,,,,,,,,,,,,,,,,,,,,,,,,,TN,TN
autoland,4767314,1,247a31fb40b3ac0b152bd3554743d742a3892fe3,linux1804-64-shippable-qr,True,False,,,102210fe594ee9b33d82058545b1ed14f4c8206e,id-getter-5.html,perf_reftest_singletons,True,perf_reftest_singletons id-getter-5.html opt e10s fission stylo webrender,4767299,77,ms,firefox,,1763705406,2023-09-26 02:57:49,577.0799999999999,d6b39ea73d85054019ddee8cf425a34c549015d5,1306372,,,,,,,,,,,,,,,,,,,,,,,,,,,,,,,,,,,,,,,,,,,,,,,,,,,,,,,,,,,,,TN,TN
autoland,4767314,1,247a31fb40b3ac0b152bd3554743d742a3892fe3,linux1804-64-shippable-qr,True,False,,,102210fe594ee9b33d82058545b1ed14f4c8206e,id-getter-5.html,perf_reftest_singletons,True,perf_reftest_singletons id-getter-5.html opt e10s fission stylo webrender,4767299,77,ms,firefox,,1764912918,2023-09-26 02:57:49,531.6500000000001,d6b39ea73d85054019ddee8cf425a34c549015d5,1306372,,,,,,,,,,,,,,,,,,,,,,,,,,,,,,,,,,,,,,,,,,,,,,,,,,,,,,,,,,,,,TN,TN
autoland,4767314,1,247a31fb40b3ac0b152bd3554743d742a3892fe3,linux1804-64-shippable-qr,True,False,,,102210fe594ee9b33d82058545b1ed14f4c8206e,id-getter-5.html,perf_reftest_singletons,True,perf_reftest_singletons id-getter-5.html opt e10s fission stylo webrender,4767299,77,ms,firefox,,1764913184,2023-09-26 02:57:49,533.8499999999999,d6b39ea73d85054019ddee8cf425a34c549015d5,1306372,,,,,,,,,,,,,,,,,,,,,,,,,,,,,,,,,,,,,,,,,,,,,,,,,,,,,,,,,,,,,TN,TN
autoland,4767314,1,247a31fb40b3ac0b152bd3554743d742a3892fe3,linux1804-64-shippable-qr,True,False,,,102210fe594ee9b33d82058545b1ed14f4c8206e,id-getter-5.html,perf_reftest_singletons,True,perf_reftest_singletons id-getter-5.html opt e10s fission stylo webrender,4767299,77,ms,firefox,,1764913275,2023-09-26 02:57:49,536.27,d6b39ea73d85054019ddee8cf425a34c549015d5,1306372,,,,,,,,,,,,,,,,,,,,,,,,,,,,,,,,,,,,,,,,,,,,,,,,,,,,,,,,,,,,,TN,TN
autoland,4767314,1,247a31fb40b3ac0b152bd3554743d742a3892fe3,linux1804-64-shippable-qr,True,False,,,102210fe594ee9b33d82058545b1ed14f4c8206e,id-getter-5.html,perf_reftest_singletons,True,perf_reftest_singletons id-getter-5.html opt e10s fission stylo webrender,4767299,77,ms,firefox,,1764913547,2023-09-26 02:57:49,527.73,d6b39ea73d85054019ddee8cf425a34c549015d5,1306372,,,,,,,,,,,,,,,,,,,,,,,,,,,,,,,,,,,,,,,,,,,,,,,,,,,,,,,,,,,,,TN,TN
autoland,4767314,1,247a31fb40b3ac0b152bd3554743d742a3892fe3,linux1804-64-shippable-qr,True,False,,,102210fe594ee9b33d82058545b1ed14f4c8206e,id-getter-5.html,perf_reftest_singletons,True,perf_reftest_singletons id-getter-5.html opt e10s fission stylo webrender,4767299,77,ms,firefox,,1764914487,2023-09-26 02:57:49,530.8100000000001,d6b39ea73d85054019ddee8cf425a34c549015d5,1306372,,,,,,,,,,,,,,,,,,,,,,,,,,,,,,,,,,,,,,,,,,,,,,,,,,,,,,,,,,,,,TN,TN
autoland,4767314,1,247a31fb40b3ac0b152bd3554743d742a3892fe3,linux1804-64-shippable-qr,True,False,,,102210fe594ee9b33d82058545b1ed14f4c8206e,id-getter-5.html,perf_reftest_singletons,True,perf_reftest_singletons id-getter-5.html opt e10s fission stylo webrender,4767299,77,ms,firefox,,1763705330,2023-09-26 03:06:55,526.5,4a37e473ff9e59f774fb5f7ca79e14fc6498aace,1306373,,,,,,,,,,,,,,,,,,,,,,,,,,,,,,,,,,,,,,,,,,,,,,,,,,,,,,,,,,,,,TN,TN
autoland,4767314,1,247a31fb40b3ac0b152bd3554743d742a3892fe3,linux1804-64-shippable-qr,True,False,,,102210fe594ee9b33d82058545b1ed14f4c8206e,id-getter-5.html,perf_reftest_singletons,True,perf_reftest_singletons id-getter-5.html opt e10s fission stylo webrender,4767299,77,ms,firefox,,1764917214,2023-09-26 03:06:55,525.5,4a37e473ff9e59f774fb5f7ca79e14fc6498aace,1306373,,,,,,,,,,,,,,,,,,,,,,,,,,,,,,,,,,,,,,,,,,,,,,,,,,,,,,,,,,,,,TN,TN
autoland,4767314,1,247a31fb40b3ac0b152bd3554743d742a3892fe3,linux1804-64-shippable-qr,True,False,,,102210fe594ee9b33d82058545b1ed14f4c8206e,id-getter-5.html,perf_reftest_singletons,True,perf_reftest_singletons id-getter-5.html opt e10s fission stylo webrender,4767299,77,ms,firefox,,1764915763,2023-09-26 03:06:55,532.75,4a37e473ff9e59f774fb5f7ca79e14fc6498aace,1306373,,,,,,,,,,,,,,,,,,,,,,,,,,,,,,,,,,,,,,,,,,,,,,,,,,,,,,,,,,,,,TN,TN
autoland,4767314,1,247a31fb40b3ac0b152bd3554743d742a3892fe3,linux1804-64-shippable-qr,True,False,,,102210fe594ee9b33d82058545b1ed14f4c8206e,id-getter-5.html,perf_reftest_singletons,True,perf_reftest_singletons id-getter-5.html opt e10s fission stylo webrender,4767299,77,ms,firefox,,1764917006,2023-09-26 03:06:55,530.28,4a37e473ff9e59f774fb5f7ca79e14fc6498aace,1306373,,,,,,,,,,,,,,,,,,,,,,,,,,,,,,,,,,,,,,,,,,,,,,,,,,,,,,,,,,,,,TN,TN
autoland,4767314,1,247a31fb40b3ac0b152bd3554743d742a3892fe3,linux1804-64-shippable-qr,True,False,,,102210fe594ee9b33d82058545b1ed14f4c8206e,id-getter-5.html,perf_reftest_singletons,True,perf_reftest_singletons id-getter-5.html opt e10s fission stylo webrender,4767299,77,ms,firefox,,1764916331,2023-09-26 03:06:55,535.3299999999999,4a37e473ff9e59f774fb5f7ca79e14fc6498aace,1306373,,,,,,,,,,,,,,,,,,,,,,,,,,,,,,,,,,,,,,,,,,,,,,,,,,,,,,,,,,,,,TN,TN
autoland,4767314,1,247a31fb40b3ac0b152bd3554743d742a3892fe3,linux1804-64-shippable-qr,True,False,,,102210fe594ee9b33d82058545b1ed14f4c8206e,id-getter-5.html,perf_reftest_singletons,True,perf_reftest_singletons id-getter-5.html opt e10s fission stylo webrender,4767299,77,ms,firefox,,1764918092,2023-09-26 03:06:55,535.3299999999999,4a37e473ff9e59f774fb5f7ca79e14fc6498aace,1306373,,,,,,,,,,,,,,,,,,,,,,,,,,,,,,,,,,,,,,,,,,,,,,,,,,,,,,,,,,,,,TN,TN
autoland,4767314,1,247a31fb40b3ac0b152bd3554743d742a3892fe3,linux1804-64-shippable-qr,True,False,,,102210fe594ee9b33d82058545b1ed14f4c8206e,id-getter-5.html,perf_reftest_singletons,True,perf_reftest_singletons id-getter-5.html opt e10s fission stylo webrender,4767299,77,ms,firefox,,1763705449,2023-09-26 03:40:31,534.09,28fd337dde917a4b11368b4ef5ea5ad19be7d484,1306381,,,,,,,,,,,,,,,,,,,,,,,,,,,,,,,,,,,,,,,,,,,,,,,,,,,,,,,,,,,,,TN,TN
autoland,4767314,1,247a31fb40b3ac0b152bd3554743d742a3892fe3,linux1804-64-shippable-qr,True,False,,,102210fe594ee9b33d82058545b1ed14f4c8206e,id-getter-5.html,perf_reftest_singletons,True,perf_reftest_singletons id-getter-5.html opt e10s fission stylo webrender,4767299,77,ms,firefox,,1764920635,2023-09-26 03:40:31,526.3199999999999,28fd337dde917a4b11368b4ef5ea5ad19be7d484,1306381,,,,,,,,,,,,,,,,,,,,,,,,,,,,,,,,,,,,,,,,,,,,,,,,,,,,,,,,,,,,,TN,TN
autoland,4767314,1,247a31fb40b3ac0b152bd3554743d742a3892fe3,linux1804-64-shippable-qr,True,False,,,102210fe594ee9b33d82058545b1ed14f4c8206e,id-getter-5.html,perf_reftest_singletons,True,perf_reftest_singletons id-getter-5.html opt e10s fission stylo webrender,4767299,77,ms,firefox,,1764920673,2023-09-26 03:40:31,529.66,28fd337dde917a4b11368b4ef5ea5ad19be7d484,1306381,,,,,,,,,,,,,,,,,,,,,,,,,,,,,,,,,,,,,,,,,,,,,,,,,,,,,,,,,,,,,TN,TN
autoland,4767314,1,247a31fb40b3ac0b152bd3554743d742a3892fe3,linux1804-64-shippable-qr,True,False,,,102210fe594ee9b33d82058545b1ed14f4c8206e,id-getter-5.html,perf_reftest_singletons,True,perf_reftest_singletons id-getter-5.html opt e10s fission stylo webrender,4767299,77,ms,firefox,,1764921644,2023-09-26 03:40:31,530.99,28fd337dde917a4b11368b4ef5ea5ad19be7d484,1306381,,,,,,,,,,,,,,,,,,,,,,,,,,,,,,,,,,,,,,,,,,,,,,,,,,,,,,,,,,,,,TN,TN
autoland,4767314,1,247a31fb40b3ac0b152bd3554743d742a3892fe3,linux1804-64-shippable-qr,True,False,,,102210fe594ee9b33d82058545b1ed14f4c8206e,id-getter-5.html,perf_reftest_singletons,True,perf_reftest_singletons id-getter-5.html opt e10s fission stylo webrender,4767299,77,ms,firefox,,1764921915,2023-09-26 03:40:31,529.86,28fd337dde917a4b11368b4ef5ea5ad19be7d484,1306381,,,,,,,,,,,,,,,,,,,,,,,,,,,,,,,,,,,,,,,,,,,,,,,,,,,,,,,,,,,,,TN,TN
autoland,4767314,1,247a31fb40b3ac0b152bd3554743d742a3892fe3,linux1804-64-shippable-qr,True,False,,,102210fe594ee9b33d82058545b1ed14f4c8206e,id-getter-5.html,perf_reftest_singletons,True,perf_reftest_singletons id-getter-5.html opt e10s fission stylo webrender,4767299,77,ms,firefox,,1764923324,2023-09-26 03:40:31,527.8399999999999,28fd337dde917a4b11368b4ef5ea5ad19be7d484,1306381,,,,,,,,,,,,,,,,,,,,,,,,,,,,,,,,,,,,,,,,,,,,,,,,,,,,,,,,,,,,,TN,TN
autoland,4767314,1,247a31fb40b3ac0b152bd3554743d742a3892fe3,linux1804-64-shippable-qr,True,False,,,102210fe594ee9b33d82058545b1ed14f4c8206e,id-getter-5.html,perf_reftest_singletons,True,perf_reftest_singletons id-getter-5.html opt e10s fission stylo webrender,4767299,77,ms,firefox,,1763705487,2023-09-26 04:10:55,544.6400000000001,535c375b13285473c8d29d518a21b67b6f75df68,1306385,,,,,,,,,,,,,,,,,,,,,,,,,,,,,,,,,,,,,,,,,,,,,,,,,,,,,,,,,,,,,TN,TN
autoland,4767314,1,247a31fb40b3ac0b152bd3554743d742a3892fe3,linux1804-64-shippable-qr,True,False,,,102210fe594ee9b33d82058545b1ed14f4c8206e,id-getter-5.html,perf_reftest_singletons,True,perf_reftest_singletons id-getter-5.html opt e10s fission stylo webrender,4767299,77,ms,firefox,,1764921875,2023-09-26 04:10:55,532.83,535c375b13285473c8d29d518a21b67b6f75df68,1306385,,,,,,,,,,,,,,,,,,,,,,,,,,,,,,,,,,,,,,,,,,,,,,,,,,,,,,,,,,,,,TN,TN
autoland,4767314,1,247a31fb40b3ac0b152bd3554743d742a3892fe3,linux1804-64-shippable-qr,True,False,,,102210fe594ee9b33d82058545b1ed14f4c8206e,id-getter-5.html,perf_reftest_singletons,True,perf_reftest_singletons id-getter-5.html opt e10s fission stylo webrender,4767299,77,ms,firefox,,1764921601,2023-09-26 04:10:55,539.02,535c375b13285473c8d29d518a21b67b6f75df68,1306385,,,,,,,,,,,,,,,,,,,,,,,,,,,,,,,,,,,,,,,,,,,,,,,,,,,,,,,,,,,,,TN,TN
autoland,4767314,1,247a31fb40b3ac0b152bd3554743d742a3892fe3,linux1804-64-shippable-qr,True,False,,,102210fe594ee9b33d82058545b1ed14f4c8206e,id-getter-5.html,perf_reftest_singletons,True,perf_reftest_singletons id-getter-5.html opt e10s fission stylo webrender,4767299,77,ms,firefox,,1764921758,2023-09-26 04:10:55,525.03,535c375b13285473c8d29d518a21b67b6f75df68,1306385,,,,,,,,,,,,,,,,,,,,,,,,,,,,,,,,,,,,,,,,,,,,,,,,,,,,,,,,,,,,,TN,TN
autoland,4767314,1,247a31fb40b3ac0b152bd3554743d742a3892fe3,linux1804-64-shippable-qr,True,False,,,102210fe594ee9b33d82058545b1ed14f4c8206e,id-getter-5.html,perf_reftest_singletons,True,perf_reftest_singletons id-getter-5.html opt e10s fission stylo webrender,4767299,77,ms,firefox,,1764922009,2023-09-26 04:10:55,533.0,535c375b13285473c8d29d518a21b67b6f75df68,1306385,,,,,,,,,,,,,,,,,,,,,,,,,,,,,,,,,,,,,,,,,,,,,,,,,,,,,,,,,,,,,TN,TN
autoland,4767314,1,247a31fb40b3ac0b152bd3554743d742a3892fe3,linux1804-64-shippable-qr,True,False,,,102210fe594ee9b33d82058545b1ed14f4c8206e,id-getter-5.html,perf_reftest_singletons,True,perf_reftest_singletons id-getter-5.html opt e10s fission stylo webrender,4767299,77,ms,firefox,,1764923536,2023-09-26 04:10:55,531.71,535c375b13285473c8d29d518a21b67b6f75df68,1306385,,,,,,,,,,,,,,,,,,,,,,,,,,,,,,,,,,,,,,,,,,,,,,,,,,,,,,,,,,,,,TN,TN
autoland,4767314,1,247a31fb40b3ac0b152bd3554743d742a3892fe3,linux1804-64-shippable-qr,True,False,,,102210fe594ee9b33d82058545b1ed14f4c8206e,id-getter-5.html,perf_reftest_singletons,True,perf_reftest_singletons id-getter-5.html opt e10s fission stylo webrender,4767299,77,ms,firefox,,1762226640,2023-09-26 05:18:37,528.59,5c61430973af5452b01293947d0f76b758b97c28,1306392,,,,,,,,,,,,,,,,,,,,,,,,,,,,,,,,,,,,,,,,,,,,,,,,,,,,,,,,,,,,,TN,TN
autoland,4767314,1,247a31fb40b3ac0b152bd3554743d742a3892fe3,linux1804-64-shippable-qr,True,False,,,102210fe594ee9b33d82058545b1ed14f4c8206e,id-getter-5.html,perf_reftest_singletons,True,perf_reftest_singletons id-getter-5.html opt e10s fission stylo webrender,4767299,77,ms,firefox,,1764924336,2023-09-26 05:18:37,540.52,5c61430973af5452b01293947d0f76b758b97c28,1306392,,,,,,,,,,,,,,,,,,,,,,,,,,,,,,,,,,,,,,,,,,,,,,,,,,,,,,,,,,,,,TN,TN
autoland,4767314,1,247a31fb40b3ac0b152bd3554743d742a3892fe3,linux1804-64-shippable-qr,True,False,,,102210fe594ee9b33d82058545b1ed14f4c8206e,id-getter-5.html,perf_reftest_singletons,True,perf_reftest_singletons id-getter-5.html opt e10s fission stylo webrender,4767299,77,ms,firefox,,1764924155,2023-09-26 05:18:37,537.3800000000001,5c61430973af5452b01293947d0f76b758b97c28,1306392,,,,,,,,,,,,,,,,,,,,,,,,,,,,,,,,,,,,,,,,,,,,,,,,,,,,,,,,,,,,,TN,TN
autoland,4767314,1,247a31fb40b3ac0b152bd3554743d742a3892fe3,linux1804-64-shippable-qr,True,False,,,102210fe594ee9b33d82058545b1ed14f4c8206e,id-getter-5.html,perf_reftest_singletons,True,perf_reftest_singletons id-getter-5.html opt e10s fission stylo webrender,4767299,77,ms,firefox,,1764924375,2023-09-26 05:18:37,533.28,5c61430973af5452b01293947d0f76b758b97c28,1306392,,,,,,,,,,,,,,,,,,,,,,,,,,,,,,,,,,,,,,,,,,,,,,,,,,,,,,,,,,,,,TN,TN
autoland,4767314,1,247a31fb40b3ac0b152bd3554743d742a3892fe3,linux1804-64-shippable-qr,True,False,,,102210fe594ee9b33d82058545b1ed14f4c8206e,id-getter-5.html,perf_reftest_singletons,True,perf_reftest_singletons id-getter-5.html opt e10s fission stylo webrender,4767299,77,ms,firefox,,1764924672,2023-09-26 05:18:37,534.0999999999999,5c61430973af5452b01293947d0f76b758b97c28,1306392,,,,,,,,,,,,,,,,,,,,,,,,,,,,,,,,,,,,,,,,,,,,,,,,,,,,,,,,,,,,,TN,TN
autoland,4767314,1,247a31fb40b3ac0b152bd3554743d742a3892fe3,linux1804-64-shippable-qr,True,False,,,102210fe594ee9b33d82058545b1ed14f4c8206e,id-getter-5.html,perf_reftest_singletons,True,perf_reftest_singletons id-getter-5.html opt e10s fission stylo webrender,4767299,77,ms,firefox,,1764924268,2023-09-26 05:18:37,594.66,5c61430973af5452b01293947d0f76b758b97c28,1306392,,,,,,,,,,,,,,,,,,,,,,,,,,,,,,,,,,,,,,,,,,,,,,,,,,,,,,,,,,,,,TN,TN
autoland,4767314,1,247a31fb40b3ac0b152bd3554743d742a3892fe3,linux1804-64-shippable-qr,True,False,,,102210fe594ee9b33d82058545b1ed14f4c8206e,id-getter-5.html,perf_reftest_singletons,True,perf_reftest_singletons id-getter-5.html opt e10s fission stylo webrender,4767299,77,ms,firefox,,1763706105,2023-09-26 05:47:34,526.38,d664486ee56f12d30502b0986a5c78706c86d2cb,1306405,,,,,,,,,,,,,,,,,,,,,,,,,,,,,,,,,,,,,,,,,,,,,,,,,,,,,,,,,,,,,TN,TN
autoland,4767314,1,247a31fb40b3ac0b152bd3554743d742a3892fe3,linux1804-64-shippable-qr,True,False,,,102210fe594ee9b33d82058545b1ed14f4c8206e,id-getter-5.html,perf_reftest_singletons,True,perf_reftest_singletons id-getter-5.html opt e10s fission stylo webrender,4767299,77,ms,firefox,,1763705971,2023-09-26 06:11:12,527.24,5ce74cb070053dacafe7c84b937cfc31d89ac883,1306411,,,,,,,,,,,,,,,,,,,,,,,,,,,,,,,,,,,,,,,,,,,,,,,,,,,,,,,,,,,,,TN,TN
autoland,4767314,1,247a31fb40b3ac0b152bd3554743d742a3892fe3,linux1804-64-shippable-qr,True,False,,,102210fe594ee9b33d82058545b1ed14f4c8206e,id-getter-5.html,perf_reftest_singletons,True,perf_reftest_singletons id-getter-5.html opt e10s fission stylo webrender,4767299,77,ms,firefox,,1763706181,2023-09-26 07:01:21,534.52,5fa5960176d2a6b001a16c4c4e5bb69469c69b27,1306415,,,,,,,,,,,,,,,,,,,,,,,,,,,,,,,,,,,,,,,,,,,,,,,,,,,,,,,,,,,,,TN,TN
autoland,4767314,1,247a31fb40b3ac0b152bd3554743d742a3892fe3,linux1804-64-shippable-qr,True,False,,,102210fe594ee9b33d82058545b1ed14f4c8206e,id-getter-5.html,perf_reftest_singletons,True,perf_reftest_singletons id-getter-5.html opt e10s fission stylo webrender,4767299,77,ms,firefox,,1763706143,2023-09-26 07:13:44,526.3,afb89cc4de8936deab4b253e137fcacdf6549af1,1306419,,,,,,,,,,,,,,,,,,,,,,,,,,,,,,,,,,,,,,,,,,,,,,,,,,,,,,,,,,,,,TN,TN
autoland,4767314,1,247a31fb40b3ac0b152bd3554743d742a3892fe3,linux1804-64-shippable-qr,True,False,,,102210fe594ee9b33d82058545b1ed14f4c8206e,id-getter-5.html,perf_reftest_singletons,True,perf_reftest_singletons id-getter-5.html opt e10s fission stylo webrender,4767299,77,ms,firefox,,1763706276,2023-09-26 07:15:22,531.62,e0542c230f7a70854b7eea5b1887d780119a807c,1306420,,,,,,,,,,,,,,,,,,,,,,,,,,,,,,,,,,,,,,,,,,,,,,,,,,,,,,,,,,,,,TN,TN
autoland,4767314,1,247a31fb40b3ac0b152bd3554743d742a3892fe3,linux1804-64-shippable-qr,True,False,,,102210fe594ee9b33d82058545b1ed14f4c8206e,id-getter-5.html,perf_reftest_singletons,True,perf_reftest_singletons id-getter-5.html opt e10s fission stylo webrender,4767299,77,ms,firefox,,1763706238,2023-09-26 07:19:39,527.8700000000001,5ede1e3235c0f8764d009107a5e686753bf8c3d9,1306421,,,,,,,,,,,,,,,,,,,,,,,,,,,,,,,,,,,,,,,,,,,,,,,,,,,,,,,,,,,,,TN,TN
autoland,4767314,1,247a31fb40b3ac0b152bd3554743d742a3892fe3,linux1804-64-shippable-qr,True,False,,,102210fe594ee9b33d82058545b1ed14f4c8206e,id-getter-5.html,perf_reftest_singletons,True,perf_reftest_singletons id-getter-5.html opt e10s fission stylo webrender,4767299,77,ms,firefox,,1763706357,2023-09-26 07:22:43,532.65,0b480081dd33a59f2e3c247ebf9eaa36c90a926a,1306422,,,,,,,,,,,,,,,,,,,,,,,,,,,,,,,,,,,,,,,,,,,,,,,,,,,,,,,,,,,,,TN,TN
autoland,4767314,1,247a31fb40b3ac0b152bd3554743d742a3892fe3,linux1804-64-shippable-qr,True,False,,,102210fe594ee9b33d82058545b1ed14f4c8206e,id-getter-5.html,perf_reftest_singletons,True,perf_reftest_singletons id-getter-5.html opt e10s fission stylo webrender,4767299,77,ms,firefox,,1763705368,2023-09-26 07:47:07,526.41,a7382d4a1a052e1b25d2ad2dd2bdbbf16ed3ecd7,1306433,,,,,,,,,,,,,,,,,,,,,,,,,,,,,,,,,,,,,,,,,,,,,,,,,,,,,,,,,,,,,TN,TN
autoland,4767314,1,247a31fb40b3ac0b152bd3554743d742a3892fe3,linux1804-64-shippable-qr,True,False,,,102210fe594ee9b33d82058545b1ed14f4c8206e,id-getter-5.html,perf_reftest_singletons,True,perf_reftest_singletons id-getter-5.html opt e10s fission stylo webrender,4767299,77,ms,firefox,,1762293280,2023-09-26 07:48:07,525.8000000000001,920e4f82b3485f132edc7f551ecd9334fa702021,1306435,,,,,,,,,,,,,,,,,,,,,,,,,,,,,,,,,,,,,,,,,,,,,,,,,,,,,,,,,,,,,TN,TN
autoland,4767314,1,247a31fb40b3ac0b152bd3554743d742a3892fe3,linux1804-64-shippable-qr,True,False,,,102210fe594ee9b33d82058545b1ed14f4c8206e,id-getter-5.html,perf_reftest_singletons,True,perf_reftest_singletons id-getter-5.html opt e10s fission stylo webrender,4767299,77,ms,firefox,,1763764530,2023-09-26 09:23:41,520.45,15945b5a02c7197ec657e41fab47e0ff6c0f21aa,1306489,,,,,,,,,,,,,,,,,,,,,,,,,,,,,,,,,,,,,,,,,,,,,,,,,,,,,,,,,,,,,TN,TN
autoland,4767314,1,247a31fb40b3ac0b152bd3554743d742a3892fe3,linux1804-64-shippable-qr,True,False,,,102210fe594ee9b33d82058545b1ed14f4c8206e,id-getter-5.html,perf_reftest_singletons,True,perf_reftest_singletons id-getter-5.html opt e10s fission stylo webrender,4767299,77,ms,firefox,,1763763794,2023-09-26 09:34:56,525.25,f1cebda4f6d6d21171c9389a674f6ba47d72233e,1306501,,,,,,,,,,,,,,,,,,,,,,,,,,,,,,,,,,,,,,,,,,,,,,,,,,,,,,,,,,,,,TN,TN
autoland,4767314,1,247a31fb40b3ac0b152bd3554743d742a3892fe3,linux1804-64-shippable-qr,True,False,,,102210fe594ee9b33d82058545b1ed14f4c8206e,id-getter-5.html,perf_reftest_singletons,True,perf_reftest_singletons id-getter-5.html opt e10s fission stylo webrender,4767299,77,ms,firefox,,1763761233,2023-09-26 10:16:05,528.4200000000001,a55e1498654dbc77bc00780e0ede0e0d518b55d3,1306542,,,,,,,,,,,,,,,,,,,,,,,,,,,,,,,,,,,,,,,,,,,,,,,,,,,,,,,,,,,,,TN,TN
autoland,4767314,1,247a31fb40b3ac0b152bd3554743d742a3892fe3,linux1804-64-shippable-qr,True,False,,,102210fe594ee9b33d82058545b1ed14f4c8206e,id-getter-5.html,perf_reftest_singletons,True,perf_reftest_singletons id-getter-5.html opt e10s fission stylo webrender,4767299,77,ms,firefox,,1763761063,2023-09-26 10:34:30,529.55,e613760e4430ea0b123f03f137bfdca088aa97cc,1306560,,,,,,,,,,,,,,,,,,,,,,,,,,,,,,,,,,,,,,,,,,,,,,,,,,,,,,,,,,,,,TN,TN
autoland,4767314,1,247a31fb40b3ac0b152bd3554743d742a3892fe3,linux1804-64-shippable-qr,True,False,,,102210fe594ee9b33d82058545b1ed14f4c8206e,id-getter-5.html,perf_reftest_singletons,True,perf_reftest_singletons id-getter-5.html opt e10s fission stylo webrender,4767299,77,ms,firefox,,1763765924,2023-09-26 10:35:53,529.71,052a351d75764d433db5ef83bfab45c99fcc781b,1306564,,,,,,,,,,,,,,,,,,,,,,,,,,,,,,,,,,,,,,,,,,,,,,,,,,,,,,,,,,,,,TN,TN
autoland,4767314,1,247a31fb40b3ac0b152bd3554743d742a3892fe3,linux1804-64-shippable-qr,True,False,,,102210fe594ee9b33d82058545b1ed14f4c8206e,id-getter-5.html,perf_reftest_singletons,True,perf_reftest_singletons id-getter-5.html opt e10s fission stylo webrender,4767299,77,ms,firefox,,1763753121,2023-09-26 10:36:56,543.1800000000001,4c5c17a49e40df9f767506fd00cd070954b3c644,1306567,,,,,,,,,,,,,,,,,,,,,,,,,,,,,,,,,,,,,,,,,,,,,,,,,,,,,,,,,,,,,TN,TN
autoland,4767314,1,247a31fb40b3ac0b152bd3554743d742a3892fe3,linux1804-64-shippable-qr,True,False,,,102210fe594ee9b33d82058545b1ed14f4c8206e,id-getter-5.html,perf_reftest_singletons,True,perf_reftest_singletons id-getter-5.html opt e10s fission stylo webrender,4767299,77,ms,firefox,,1763758512,2023-09-26 10:48:05,529.92,301cd75007d9fb9aeda70e40841ff7de5ad7736e,1306573,,,,,,,,,,,,,,,,,,,,,,,,,,,,,,,,,,,,,,,,,,,,,,,,,,,,,,,,,,,,,TN,TN
autoland,4767314,1,247a31fb40b3ac0b152bd3554743d742a3892fe3,linux1804-64-shippable-qr,True,False,,,102210fe594ee9b33d82058545b1ed14f4c8206e,id-getter-5.html,perf_reftest_singletons,True,perf_reftest_singletons id-getter-5.html opt e10s fission stylo webrender,4767299,77,ms,firefox,,1763758470,2023-09-26 11:03:40,525.9,ed097fba61cdc840ab56e3e1ece664939a126c8d,1306576,,,,,,,,,,,,,,,,,,,,,,,,,,,,,,,,,,,,,,,,,,,,,,,,,,,,,,,,,,,,,TN,TN
autoland,4767314,1,247a31fb40b3ac0b152bd3554743d742a3892fe3,linux1804-64-shippable-qr,True,False,,,102210fe594ee9b33d82058545b1ed14f4c8206e,id-getter-5.html,perf_reftest_singletons,True,perf_reftest_singletons id-getter-5.html opt e10s fission stylo webrender,4767299,77,ms,firefox,,1763800959,2023-09-26 11:31:30,531.7900000000001,a4bb56d8336909cd56d37f0057efd3c20ae127df,1306587,,,,,,,,,,,,,,,,,,,,,,,,,,,,,,,,,,,,,,,,,,,,,,,,,,,,,,,,,,,,,TN,TN
autoland,4767314,1,247a31fb40b3ac0b152bd3554743d742a3892fe3,linux1804-64-shippable-qr,True,False,,,102210fe594ee9b33d82058545b1ed14f4c8206e,id-getter-5.html,perf_reftest_singletons,True,perf_reftest_singletons id-getter-5.html opt e10s fission stylo webrender,4767299,77,ms,firefox,,1762403779,2023-09-26 12:02:33,524.58,e60c3407f3620f94624c0ac7484a7d1b257be989,1306598,,,,,,,,,,,,,,,,,,,,,,,,,,,,,,,,,,,,,,,,,,,,,,,,,,,,,,,,,,,,,TN,TN
autoland,4767314,1,247a31fb40b3ac0b152bd3554743d742a3892fe3,linux1804-64-shippable-qr,True,False,,,102210fe594ee9b33d82058545b1ed14f4c8206e,id-getter-5.html,perf_reftest_singletons,True,perf_reftest_singletons id-getter-5.html opt e10s fission stylo webrender,4767299,77,ms,firefox,,1762491331,2023-09-26 15:03:48,522.76,f6c351ade4f28a1ce3843d0af7e5ec35b37a3576,1306757,,,,,,,,,,,,,,,,,,,,,,,,,,,,,,,,,,,,,,,,,,,,,,,,,,,,,,,,,,,,,TN,TN
autoland,4767314,1,247a31fb40b3ac0b152bd3554743d742a3892fe3,linux1804-64-shippable-qr,True,False,,,102210fe594ee9b33d82058545b1ed14f4c8206e,id-getter-5.html,perf_reftest_singletons,True,perf_reftest_singletons id-getter-5.html opt e10s fission stylo webrender,4767299,77,ms,firefox,,1762684491,2023-09-26 21:35:50,526.7700000000001,7a98d860920f5f74014454ce20ec6739e8a16878,1307018,,,,,,,,,,,,,,,,,,,,,,,,,,,,,,,,,,,,,,,,,,,,,,,,,,,,,,,,,,,,,TN,TN
autoland,4767314,1,247a31fb40b3ac0b152bd3554743d742a3892fe3,linux1804-64-shippable-qr,True,False,,,102210fe594ee9b33d82058545b1ed14f4c8206e,id-getter-5.html,perf_reftest_singletons,True,perf_reftest_singletons id-getter-5.html opt e10s fission stylo webrender,4767299,77,ms,firefox,,1764509286,2023-09-27 01:14:29,526.4300000000001,97b17bf99b018a0d4df5a1462705215cdb448d95,1307098,,,,,,,,,,,,,,,,,,,,,,,,,,,,,,,,,,,,,,,,,,,,,,,,,,,,,,,,,,,,,TN,TN
autoland,4767314,1,247a31fb40b3ac0b152bd3554743d742a3892fe3,linux1804-64-shippable-qr,True,False,,,102210fe594ee9b33d82058545b1ed14f4c8206e,id-getter-5.html,perf_reftest_singletons,True,perf_reftest_singletons id-getter-5.html opt e10s fission stylo webrender,4767299,77,ms,firefox,,1762770946,2023-09-27 02:35:37,524.5899999999999,583cfd323dab818e35dc1f15fa3e92a503e56e11,1307110,,,,,,,,,,,,,,,,,,,,,,,,,,,,,,,,,,,,,,,,,,,,,,,,,,,,,,,,,,,,,TN,TN
autoland,4767314,1,247a31fb40b3ac0b152bd3554743d742a3892fe3,linux1804-64-shippable-qr,True,False,,,102210fe594ee9b33d82058545b1ed14f4c8206e,id-getter-5.html,perf_reftest_singletons,True,perf_reftest_singletons id-getter-5.html opt e10s fission stylo webrender,4767299,77,ms,firefox,,1764512631,2023-09-27 02:40:56,540.45,1f41ef639081c6a73f57dbef76aa5805ae0170f0,1307115,,,,,,,,,,,,,,,,,,,,,,,,,,,,,,,,,,,,,,,,,,,,,,,,,,,,,,,,,,,,,TN,TN
autoland,4767314,1,247a31fb40b3ac0b152bd3554743d742a3892fe3,linux1804-64-shippable-qr,True,False,,,102210fe594ee9b33d82058545b1ed14f4c8206e,id-getter-5.html,perf_reftest_singletons,True,perf_reftest_singletons id-getter-5.html opt e10s fission stylo webrender,4767299,77,ms,firefox,,1764509605,2023-09-27 02:53:18,533.98,97dc7be3b93c4c9e3ed360b635b42b292a275f53,1307118,,,,,,,,,,,,,,,,,,,,,,,,,,,,,,,,,,,,,,,,,,,,,,,,,,,,,,,,,,,,,TN,TN
autoland,4767314,1,247a31fb40b3ac0b152bd3554743d742a3892fe3,linux1804-64-shippable-qr,True,False,,,102210fe594ee9b33d82058545b1ed14f4c8206e,id-getter-5.html,perf_reftest_singletons,True,perf_reftest_singletons id-getter-5.html opt e10s fission stylo webrender,4767299,77,ms,firefox,,1764509740,2023-09-27 03:04:26,532.9100000000001,81c485d2c1573d1ecf79565b72cfe05e134b0dfe,1307122,,,,,,,,,,,,,,,,,,,,,,,,,,,,,,,,,,,,,,,,,,,,,,,,,,,,,,,,,,,,,TN,TN
autoland,4767314,1,247a31fb40b3ac0b152bd3554743d742a3892fe3,linux1804-64-shippable-qr,True,False,,,102210fe594ee9b33d82058545b1ed14f4c8206e,id-getter-5.html,perf_reftest_singletons,True,perf_reftest_singletons id-getter-5.html opt e10s fission stylo webrender,4767299,77,ms,firefox,,1764510988,2023-09-27 03:05:35,540.09,4d64571ef929c755cc67da1a2146eed8b55202ac,1307123,,,,,,,,,,,,,,,,,,,,,,,,,,,,,,,,,,,,,,,,,,,,,,,,,,,,,,,,,,,,,TN,TN
autoland,4767314,1,247a31fb40b3ac0b152bd3554743d742a3892fe3,linux1804-64-shippable-qr,True,False,,,102210fe594ee9b33d82058545b1ed14f4c8206e,id-getter-5.html,perf_reftest_singletons,True,perf_reftest_singletons id-getter-5.html opt e10s fission stylo webrender,4767299,77,ms,firefox,,1764511197,2023-09-27 03:52:57,525.79,e20cfa5470294bd8b8fdc9900bd81336edc03633,1307131,,,,,,,,,,,,,,,,,,,,,,,,,,,,,,,,,,,,,,,,,,,,,,,,,,,,,,,,,,,,,TN,TN
autoland,4767314,1,247a31fb40b3ac0b152bd3554743d742a3892fe3,linux1804-64-shippable-qr,True,False,,,102210fe594ee9b33d82058545b1ed14f4c8206e,id-getter-5.html,perf_reftest_singletons,True,perf_reftest_singletons id-getter-5.html opt e10s fission stylo webrender,4767299,77,ms,firefox,,1764511482,2023-09-27 05:14:00,529.78,8a7d9524a1b92a56ebcd305c82940c1e75ec360b,1307150,,,,,,,,,,,,,,,,,,,,,,,,,,,,,,,,,,,,,,,,,,,,,,,,,,,,,,,,,,,,,TN,TN
autoland,4767314,1,247a31fb40b3ac0b152bd3554743d742a3892fe3,linux1804-64-shippable-qr,True,False,,,102210fe594ee9b33d82058545b1ed14f4c8206e,id-getter-5.html,perf_reftest_singletons,True,perf_reftest_singletons id-getter-5.html opt e10s fission stylo webrender,4767299,77,ms,firefox,,1764511439,2023-09-27 05:50:00,536.54,4d85a7bae2f7d1a76d9cf8dd31700c6d7bed57ae,1307154,,,,,,,,,,,,,,,,,,,,,,,,,,,,,,,,,,,,,,,,,,,,,,,,,,,,,,,,,,,,,TN,TN
autoland,4767314,1,247a31fb40b3ac0b152bd3554743d742a3892fe3,linux1804-64-shippable-qr,True,False,,,102210fe594ee9b33d82058545b1ed14f4c8206e,id-getter-5.html,perf_reftest_singletons,True,perf_reftest_singletons id-getter-5.html opt e10s fission stylo webrender,4767299,77,ms,firefox,,1762854376,2023-09-27 06:23:31,530.8,82ae09837aed66d319e3280febbf971a401bd8a6,1307163,,,,,,,,,,,,,,,,,,,,,,,,,,,,,,,,,,,,,,,,,,,,,,,,,,,,,,,,,,,,,TN,TN
autoland,4767314,1,247a31fb40b3ac0b152bd3554743d742a3892fe3,linux1804-64-shippable-qr,True,False,,,102210fe594ee9b33d82058545b1ed14f4c8206e,id-getter-5.html,perf_reftest_singletons,True,perf_reftest_singletons id-getter-5.html opt e10s fission stylo webrender,4767299,77,ms,firefox,,1764509382,2023-09-27 07:42:55,532.72,c42df8559f059e92e11bab0b65eab05f4f6dc92f,1307194,,,,,,,,,,,,,,,,,,,,,,,,,,,,,,,,,,,,,,,,,,,,,,,,,,,,,,,,,,,,,TN,TN
autoland,4767314,1,247a31fb40b3ac0b152bd3554743d742a3892fe3,linux1804-64-shippable-qr,True,False,,,102210fe594ee9b33d82058545b1ed14f4c8206e,id-getter-5.html,perf_reftest_singletons,True,perf_reftest_singletons id-getter-5.html opt e10s fission stylo webrender,4767299,77,ms,firefox,,1764511748,2023-09-27 07:57:13,542.1800000000001,4325d40bf12119df5ef2400669d250f3e88a8a79,1307201,,,,,,,,,,,,,,,,,,,,,,,,,,,,,,,,,,,,,,,,,,,,,,,,,,,,,,,,,,,,,TN,TN
autoland,4767314,1,247a31fb40b3ac0b152bd3554743d742a3892fe3,linux1804-64-shippable-qr,True,False,,,102210fe594ee9b33d82058545b1ed14f4c8206e,id-getter-5.html,perf_reftest_singletons,True,perf_reftest_singletons id-getter-5.html opt e10s fission stylo webrender,4767299,77,ms,firefox,,1764512157,2023-09-27 08:41:47,540.8000000000001,fb0bab9dfaadfe32b81c907a26e746d023c6a2f4,1307226,,,,,,,,,,,,,,,,,,,,,,,,,,,,,,,,,,,,,,,,,,,,,,,,,,,,,,,,,,,,,TN,TN
autoland,4767314,1,247a31fb40b3ac0b152bd3554743d742a3892fe3,linux1804-64-shippable-qr,True,False,,,102210fe594ee9b33d82058545b1ed14f4c8206e,id-getter-5.html,perf_reftest_singletons,True,perf_reftest_singletons id-getter-5.html opt e10s fission stylo webrender,4767299,77,ms,firefox,,1766730508,2023-09-27 08:41:47,526.76,fb0bab9dfaadfe32b81c907a26e746d023c6a2f4,1307226,,,,,,,,,,,,,,,,,,,,,,,,,,,,,,,,,,,,,,,,,,,,,,,,,,,,,,,,,,,,,TN,TN
autoland,4767314,1,247a31fb40b3ac0b152bd3554743d742a3892fe3,linux1804-64-shippable-qr,True,False,,,102210fe594ee9b33d82058545b1ed14f4c8206e,id-getter-5.html,perf_reftest_singletons,True,perf_reftest_singletons id-getter-5.html opt e10s fission stylo webrender,4767299,77,ms,firefox,,1766730536,2023-09-27 08:41:47,525.18,fb0bab9dfaadfe32b81c907a26e746d023c6a2f4,1307226,,,,,,,,,,,,,,,,,,,,,,,,,,,,,,,,,,,,,,,,,,,,,,,,,,,,,,,,,,,,,TN,TN
autoland,4767314,1,247a31fb40b3ac0b152bd3554743d742a3892fe3,linux1804-64-shippable-qr,True,False,,,102210fe594ee9b33d82058545b1ed14f4c8206e,id-getter-5.html,perf_reftest_singletons,True,perf_reftest_singletons id-getter-5.html opt e10s fission stylo webrender,4767299,77,ms,firefox,,1766730586,2023-09-27 08:41:47,537.72,fb0bab9dfaadfe32b81c907a26e746d023c6a2f4,1307226,,,,,,,,,,,,,,,,,,,,,,,,,,,,,,,,,,,,,,,,,,,,,,,,,,,,,,,,,,,,,TN,TN
autoland,4767314,1,247a31fb40b3ac0b152bd3554743d742a3892fe3,linux1804-64-shippable-qr,True,False,,,102210fe594ee9b33d82058545b1ed14f4c8206e,id-getter-5.html,perf_reftest_singletons,True,perf_reftest_singletons id-getter-5.html opt e10s fission stylo webrender,4767299,77,ms,firefox,,1766730649,2023-09-27 08:41:47,542.3900000000001,fb0bab9dfaadfe32b81c907a26e746d023c6a2f4,1307226,,,,,,,,,,,,,,,,,,,,,,,,,,,,,,,,,,,,,,,,,,,,,,,,,,,,,,,,,,,,,TN,TN
autoland,4767314,1,247a31fb40b3ac0b152bd3554743d742a3892fe3,linux1804-64-shippable-qr,True,False,,,102210fe594ee9b33d82058545b1ed14f4c8206e,id-getter-5.html,perf_reftest_singletons,True,perf_reftest_singletons id-getter-5.html opt e10s fission stylo webrender,4767299,77,ms,firefox,,1764510339,2023-09-27 08:48:42,528.39,a0949ab56be3a9a3320f083e86f843aeefb11496,1307229,,,,,,,,,,,,,,,,,,,,,,,,,,,,,,,,,,,,,,,,,,,,,,,,,,,,,,,,,,,,,TN,TN
autoland,4767314,1,247a31fb40b3ac0b152bd3554743d742a3892fe3,linux1804-64-shippable-qr,True,False,,,102210fe594ee9b33d82058545b1ed14f4c8206e,id-getter-5.html,perf_reftest_singletons,True,perf_reftest_singletons id-getter-5.html opt e10s fission stylo webrender,4767299,77,ms,firefox,,1766729023,2023-09-27 08:48:42,533.0600000000001,a0949ab56be3a9a3320f083e86f843aeefb11496,1307229,,,,,,,,,,,,,,,,,,,,,,,,,,,,,,,,,,,,,,,,,,,,,,,,,,,,,,,,,,,,,TN,TN
autoland,4767314,1,247a31fb40b3ac0b152bd3554743d742a3892fe3,linux1804-64-shippable-qr,True,False,,,102210fe594ee9b33d82058545b1ed14f4c8206e,id-getter-5.html,perf_reftest_singletons,True,perf_reftest_singletons id-getter-5.html opt e10s fission stylo webrender,4767299,77,ms,firefox,,1766729102,2023-09-27 08:48:42,534.81,a0949ab56be3a9a3320f083e86f843aeefb11496,1307229,,,,,,,,,,,,,,,,,,,,,,,,,,,,,,,,,,,,,,,,,,,,,,,,,,,,,,,,,,,,,TN,TN
autoland,4767314,1,247a31fb40b3ac0b152bd3554743d742a3892fe3,linux1804-64-shippable-qr,True,False,,,102210fe594ee9b33d82058545b1ed14f4c8206e,id-getter-5.html,perf_reftest_singletons,True,perf_reftest_singletons id-getter-5.html opt e10s fission stylo webrender,4767299,77,ms,firefox,,1766729225,2023-09-27 08:48:42,542.9000000000001,a0949ab56be3a9a3320f083e86f843aeefb11496,1307229,,,,,,,,,,,,,,,,,,,,,,,,,,,,,,,,,,,,,,,,,,,,,,,,,,,,,,,,,,,,,TN,TN
autoland,4767314,1,247a31fb40b3ac0b152bd3554743d742a3892fe3,linux1804-64-shippable-qr,True,False,,,102210fe594ee9b33d82058545b1ed14f4c8206e,id-getter-5.html,perf_reftest_singletons,True,perf_reftest_singletons id-getter-5.html opt e10s fission stylo webrender,4767299,77,ms,firefox,,1766729062,2023-09-27 08:48:42,540.19,a0949ab56be3a9a3320f083e86f843aeefb11496,1307229,,,,,,,,,,,,,,,,,,,,,,,,,,,,,,,,,,,,,,,,,,,,,,,,,,,,,,,,,,,,,TN,TN
autoland,4767314,1,247a31fb40b3ac0b152bd3554743d742a3892fe3,linux1804-64-shippable-qr,True,False,,,102210fe594ee9b33d82058545b1ed14f4c8206e,id-getter-5.html,perf_reftest_singletons,True,perf_reftest_singletons id-getter-5.html opt e10s fission stylo webrender,4767299,77,ms,firefox,,1764511073,2023-09-27 09:08:58,530.9000000000001,84e0feee4ceb4f753e7ac5883ab6601c668d7da3,1307239,,,,,,,,,,,,,,,,,,,,,,,,,,,,,,,,,,,,,,,,,,,,,,,,,,,,,,,,,,,,,TN,TN
autoland,4767314,1,247a31fb40b3ac0b152bd3554743d742a3892fe3,linux1804-64-shippable-qr,True,False,,,102210fe594ee9b33d82058545b1ed14f4c8206e,id-getter-5.html,perf_reftest_singletons,True,perf_reftest_singletons id-getter-5.html opt e10s fission stylo webrender,4767299,77,ms,firefox,,1766728085,2023-09-27 09:08:58,530.22,84e0feee4ceb4f753e7ac5883ab6601c668d7da3,1307239,,,,,,,,,,,,,,,,,,,,,,,,,,,,,,,,,,,,,,,,,,,,,,,,,,,,,,,,,,,,,TN,TN
autoland,4767314,1,247a31fb40b3ac0b152bd3554743d742a3892fe3,linux1804-64-shippable-qr,True,False,,,102210fe594ee9b33d82058545b1ed14f4c8206e,id-getter-5.html,perf_reftest_singletons,True,perf_reftest_singletons id-getter-5.html opt e10s fission stylo webrender,4767299,77,ms,firefox,,1766728663,2023-09-27 09:08:58,526.03,84e0feee4ceb4f753e7ac5883ab6601c668d7da3,1307239,,,,,,,,,,,,,,,,,,,,,,,,,,,,,,,,,,,,,,,,,,,,,,,,,,,,,,,,,,,,,TN,TN
autoland,4767314,1,247a31fb40b3ac0b152bd3554743d742a3892fe3,linux1804-64-shippable-qr,True,False,,,102210fe594ee9b33d82058545b1ed14f4c8206e,id-getter-5.html,perf_reftest_singletons,True,perf_reftest_singletons id-getter-5.html opt e10s fission stylo webrender,4767299,77,ms,firefox,,1766728860,2023-09-27 09:08:58,536.1,84e0feee4ceb4f753e7ac5883ab6601c668d7da3,1307239,,,,,,,,,,,,,,,,,,,,,,,,,,,,,,,,,,,,,,,,,,,,,,,,,,,,,,,,,,,,,TN,TN
autoland,4767314,1,247a31fb40b3ac0b152bd3554743d742a3892fe3,linux1804-64-shippable-qr,True,False,,,102210fe594ee9b33d82058545b1ed14f4c8206e,id-getter-5.html,perf_reftest_singletons,True,perf_reftest_singletons id-getter-5.html opt e10s fission stylo webrender,4767299,77,ms,firefox,,1766729254,2023-09-27 09:08:58,541.92,84e0feee4ceb4f753e7ac5883ab6601c668d7da3,1307239,,,,,,,,,,,,,,,,,,,,,,,,,,,,,,,,,,,,,,,,,,,,,,,,,,,,,,,,,,,,,TN,TN
autoland,4767314,1,247a31fb40b3ac0b152bd3554743d742a3892fe3,linux1804-64-shippable-qr,True,False,,,102210fe594ee9b33d82058545b1ed14f4c8206e,id-getter-5.html,perf_reftest_singletons,True,perf_reftest_singletons id-getter-5.html opt e10s fission stylo webrender,4767299,77,ms,firefox,,1764511284,2023-09-27 09:12:23,534.45,421e75fe59522727dcd8633ed15c483dcd5b11b6,1307244,,,,,,,,,,,,,,,,,,,,,,,,,,,,,,,,,,,,,,,,,,,,,,,,,,,,,,,,,,,,,TN,TN
autoland,4767314,1,247a31fb40b3ac0b152bd3554743d742a3892fe3,linux1804-64-shippable-qr,True,False,,,102210fe594ee9b33d82058545b1ed14f4c8206e,id-getter-5.html,perf_reftest_singletons,True,perf_reftest_singletons id-getter-5.html opt e10s fission stylo webrender,4767299,77,ms,firefox,,1766729310,2023-09-27 09:12:23,531.8299999999999,421e75fe59522727dcd8633ed15c483dcd5b11b6,1307244,,,,,,,,,,,,,,,,,,,,,,,,,,,,,,,,,,,,,,,,,,,,,,,,,,,,,,,,,,,,,TN,TN
autoland,4767314,1,247a31fb40b3ac0b152bd3554743d742a3892fe3,linux1804-64-shippable-qr,True,False,,,102210fe594ee9b33d82058545b1ed14f4c8206e,id-getter-5.html,perf_reftest_singletons,True,perf_reftest_singletons id-getter-5.html opt e10s fission stylo webrender,4767299,77,ms,firefox,,1766729136,2023-09-27 09:12:23,526.03,421e75fe59522727dcd8633ed15c483dcd5b11b6,1307244,,,,,,,,,,,,,,,,,,,,,,,,,,,,,,,,,,,,,,,,,,,,,,,,,,,,,,,,,,,,,TN,TN
autoland,4767314,1,247a31fb40b3ac0b152bd3554743d742a3892fe3,linux1804-64-shippable-qr,True,False,,,102210fe594ee9b33d82058545b1ed14f4c8206e,id-getter-5.html,perf_reftest_singletons,True,perf_reftest_singletons id-getter-5.html opt e10s fission stylo webrender,4767299,77,ms,firefox,,1766729178,2023-09-27 09:12:23,527.1099999999999,421e75fe59522727dcd8633ed15c483dcd5b11b6,1307244,,,,,,,,,,,,,,,,,,,,,,,,,,,,,,,,,,,,,,,,,,,,,,,,,,,,,,,,,,,,,TN,TN
autoland,4767314,1,247a31fb40b3ac0b152bd3554743d742a3892fe3,linux1804-64-shippable-qr,True,False,,,102210fe594ee9b33d82058545b1ed14f4c8206e,id-getter-5.html,perf_reftest_singletons,True,perf_reftest_singletons id-getter-5.html opt e10s fission stylo webrender,4767299,77,ms,firefox,,1766729394,2023-09-27 09:12:23,530.53,421e75fe59522727dcd8633ed15c483dcd5b11b6,1307244,,,,,,,,,,,,,,,,,,,,,,,,,,,,,,,,,,,,,,,,,,,,,,,,,,,,,,,,,,,,,TN,TN
autoland,4767314,1,247a31fb40b3ac0b152bd3554743d742a3892fe3,linux1804-64-shippable-qr,True,False,,,102210fe594ee9b33d82058545b1ed14f4c8206e,id-getter-5.html,perf_reftest_singletons,True,perf_reftest_singletons id-getter-5.html opt e10s fission stylo webrender,4767299,77,ms,firefox,,1764511521,2023-09-27 09:18:54,595.74,b45724c5223d9c43d986a775dd708afcbe2831db,1307250,,,,,,,,,,,,,,,,,,,,,,,,,,,,,,,,,,,,,,,,,,,,,,,,,,,,,,,,,,,,,TN,TN
autoland,4767314,1,247a31fb40b3ac0b152bd3554743d742a3892fe3,linux1804-64-shippable-qr,True,False,,,102210fe594ee9b33d82058545b1ed14f4c8206e,id-getter-5.html,perf_reftest_singletons,True,perf_reftest_singletons id-getter-5.html opt e10s fission stylo webrender,4767299,77,ms,firefox,,1764511566,2023-09-27 09:55:34,540.3199999999999,3e94aeff414202c49b9a8f26c87ac85b7385a563,1307273,,,,,,,,,,,,,,,,,,,,,,,,,,,,,,,,,,,,,,,,,,,,,,,,,,,,,,,,,,,,,TN,TN
autoland,4767314,1,247a31fb40b3ac0b152bd3554743d742a3892fe3,linux1804-64-shippable-qr,True,False,,,102210fe594ee9b33d82058545b1ed14f4c8206e,id-getter-5.html,perf_reftest_singletons,True,perf_reftest_singletons id-getter-5.html opt e10s fission stylo webrender,4767299,77,ms,firefox,,1762987069,2023-09-27 10:25:54,529.92,a1a8c2eeff55a4651fa01530fa3ec3ab3bec9b31,1307283,,,,,,,,,,,,,,,,,,,,,,,,,,,,,,,,,,,,,,,,,,,,,,,,,,,,,,,,,,,,,TN,TN
autoland,4767314,1,247a31fb40b3ac0b152bd3554743d742a3892fe3,linux1804-64-shippable-qr,True,False,,,102210fe594ee9b33d82058545b1ed14f4c8206e,id-getter-5.html,perf_reftest_singletons,True,perf_reftest_singletons id-getter-5.html opt e10s fission stylo webrender,4767299,77,ms,firefox,,1762979243,2023-09-27 10:32:06,532.99,af764baf74a1dd0e0b863a8cf26c25266bdcbc14,1307289,,,,,,,,,,,,,,,,,,,,,,,,,,,,,,,,,,,,,,,,,,,,,,,,,,,,,,,,,,,,,TN,TN
autoland,4767314,1,247a31fb40b3ac0b152bd3554743d742a3892fe3,linux1804-64-shippable-qr,True,False,,,102210fe594ee9b33d82058545b1ed14f4c8206e,id-getter-5.html,perf_reftest_singletons,True,perf_reftest_singletons id-getter-5.html opt e10s fission stylo webrender,4767299,77,ms,firefox,,1764541518,2023-09-27 12:16:09,539.73,f520eb31f9f78805d6a224215a7b7d1ed21698ca,1307343,,,,,,,,,,,,,,,,,,,,,,,,,,,,,,,,,,,,,,,,,,,,,,,,,,,,,,,,,,,,,TN,TN
autoland,4767314,1,247a31fb40b3ac0b152bd3554743d742a3892fe3,linux1804-64-shippable-qr,True,False,,,102210fe594ee9b33d82058545b1ed14f4c8206e,id-getter-5.html,perf_reftest_singletons,True,perf_reftest_singletons id-getter-5.html opt e10s fission stylo webrender,4767299,77,ms,firefox,,1764512694,2023-09-27 12:47:16,533.96,980fa29a4d6158b8727d4f95c9acc919dc65d05c,1307354,,,,,,,,,,,,,,,,,,,,,,,,,,,,,,,,,,,,,,,,,,,,,,,,,,,,,,,,,,,,,TN,TN
autoland,4767314,1,247a31fb40b3ac0b152bd3554743d742a3892fe3,linux1804-64-shippable-qr,True,False,,,102210fe594ee9b33d82058545b1ed14f4c8206e,id-getter-5.html,perf_reftest_singletons,True,perf_reftest_singletons id-getter-5.html opt e10s fission stylo webrender,4767299,77,ms,firefox,,1764512069,2023-09-27 12:48:19,542.3199999999999,b02ccb907221ffc44b9ebee03d8e03282071e929,1307357,,,,,,,,,,,,,,,,,,,,,,,,,,,,,,,,,,,,,,,,,,,,,,,,,,,,,,,,,,,,,TN,TN
autoland,4767314,1,247a31fb40b3ac0b152bd3554743d742a3892fe3,linux1804-64-shippable-qr,True,False,,,102210fe594ee9b33d82058545b1ed14f4c8206e,id-getter-5.html,perf_reftest_singletons,True,perf_reftest_singletons id-getter-5.html opt e10s fission stylo webrender,4767299,77,ms,firefox,,1764536320,2023-09-27 13:00:44,535.1100000000001,a2f48c396ce4df956e8bcbc386d9491ae371f201,1307361,,,,,,,,,,,,,,,,,,,,,,,,,,,,,,,,,,,,,,,,,,,,,,,,,,,,,,,,,,,,,TN,TN
autoland,4767314,1,247a31fb40b3ac0b152bd3554743d742a3892fe3,linux1804-64-shippable-qr,True,False,,,102210fe594ee9b33d82058545b1ed14f4c8206e,id-getter-5.html,perf_reftest_singletons,True,perf_reftest_singletons id-getter-5.html opt e10s fission stylo webrender,4767299,77,ms,firefox,,1764535576,2023-09-27 13:40:30,532.99,d4cd47b0cd52dc230b53bbdf8dc399a2d88e9f2f,1307396,,,,,,,,,,,,,,,,,,,,,,,,,,,,,,,,,,,,,,,,,,,,,,,,,,,,,,,,,,,,,TN,TN
autoland,4767314,1,247a31fb40b3ac0b152bd3554743d742a3892fe3,linux1804-64-shippable-qr,True,False,,,102210fe594ee9b33d82058545b1ed14f4c8206e,id-getter-5.html,perf_reftest_singletons,True,perf_reftest_singletons id-getter-5.html opt e10s fission stylo webrender,4767299,77,ms,firefox,,1764537219,2023-09-27 13:56:33,542.97,6d4ea43944cef906344d298f37d93e86fdad842d,1307401,,,,,,,,,,,,,,,,,,,,,,,,,,,,,,,,,,,,,,,,,,,,,,,,,,,,,,,,,,,,,TN,TN
autoland,4767314,1,247a31fb40b3ac0b152bd3554743d742a3892fe3,linux1804-64-shippable-qr,True,False,,,102210fe594ee9b33d82058545b1ed14f4c8206e,id-getter-5.html,perf_reftest_singletons,True,perf_reftest_singletons id-getter-5.html opt e10s fission stylo webrender,4767299,77,ms,firefox,,1764550160,2023-09-27 13:58:07,531.03,c0a22c6acc6731bc37c49fe877be8eca4d46d7f1,1307402,,,,,,,,,,,,,,,,,,,,,,,,,,,,,,,,,,,,,,,,,,,,,,,,,,,,,,,,,,,,,TN,TN
autoland,4767314,1,247a31fb40b3ac0b152bd3554743d742a3892fe3,linux1804-64-shippable-qr,True,False,,,102210fe594ee9b33d82058545b1ed14f4c8206e,id-getter-5.html,perf_reftest_singletons,True,perf_reftest_singletons id-getter-5.html opt e10s fission stylo webrender,4767299,77,ms,firefox,,1764539821,2023-09-27 14:16:01,530.8399999999999,a675b4047ca06f579250be186485fa49ab2cd16d,1307418,,,,,,,,,,,,,,,,,,,,,,,,,,,,,,,,,,,,,,,,,,,,,,,,,,,,,,,,,,,,,TN,TN
autoland,4767314,1,247a31fb40b3ac0b152bd3554743d742a3892fe3,linux1804-64-shippable-qr,True,False,,,102210fe594ee9b33d82058545b1ed14f4c8206e,id-getter-5.html,perf_reftest_singletons,True,perf_reftest_singletons id-getter-5.html opt e10s fission stylo webrender,4767299,77,ms,firefox,,1764535752,2023-09-27 14:31:14,527.8599999999999,3df6f7ab84116e077275f9294119e70bd9a4994f,1307428,,,,,,,,,,,,,,,,,,,,,,,,,,,,,,,,,,,,,,,,,,,,,,,,,,,,,,,,,,,,,TN,TN
autoland,4767314,1,247a31fb40b3ac0b152bd3554743d742a3892fe3,linux1804-64-shippable-qr,True,False,,,102210fe594ee9b33d82058545b1ed14f4c8206e,id-getter-5.html,perf_reftest_singletons,True,perf_reftest_singletons id-getter-5.html opt e10s fission stylo webrender,4767299,77,ms,firefox,,1763185679,2023-09-27 14:48:02,560.89,42b4fa32b69deff886ea9bc4f4f7fb94391b751a,1307439,,,,,,,,,,,,,,,,,,,,,,,,,,,,,,,,,,,,,,,,,,,,,,,,,,,,,,,,,,,,,TN,TN
autoland,4767314,1,247a31fb40b3ac0b152bd3554743d742a3892fe3,linux1804-64-shippable-qr,True,False,,,102210fe594ee9b33d82058545b1ed14f4c8206e,id-getter-5.html,perf_reftest_singletons,True,perf_reftest_singletons id-getter-5.html opt e10s fission stylo webrender,4767299,77,ms,firefox,,1763314544,2023-09-27 17:53:51,529.94,7768cf51f090145a9009fb37298f3c1da7d60a2f,1307581,,,,,,,,,,,,,,,,,,,,,,,,,,,,,,,,,,,,,,,,,,,,,,,,,,,,,,,,,,,,,TN,TN
autoland,4767314,1,247a31fb40b3ac0b152bd3554743d742a3892fe3,linux1804-64-shippable-qr,True,False,,,102210fe594ee9b33d82058545b1ed14f4c8206e,id-getter-5.html,perf_reftest_singletons,True,perf_reftest_singletons id-getter-5.html opt e10s fission stylo webrender,4767299,77,ms,firefox,,1763524707,2023-09-27 23:11:22,538.99,d60788c1a5064d4f45dd33001554cde650df86be,1307771,,,,,,,,,,,,,,,,,,,,,,,,,,,,,,,,,,,,,,,,,,,,,,,,,,,,,,,,,,,,,TN,TN
autoland,4767314,1,247a31fb40b3ac0b152bd3554743d742a3892fe3,linux1804-64-shippable-qr,True,False,,,102210fe594ee9b33d82058545b1ed14f4c8206e,id-getter-5.html,perf_reftest_singletons,True,perf_reftest_singletons id-getter-5.html opt e10s fission stylo webrender,4767299,77,ms,firefox,,1763677184,2023-09-28 04:14:46,533.64,d1fc71cc3817fe3529b10939ed53c1d395a346fa,1307836,,,,,,,,,,,,,,,,,,,,,,,,,,,,,,,,,,,,,,,,,,,,,,,,,,,,,,,,,,,,,TN,TN
autoland,4767314,1,247a31fb40b3ac0b152bd3554743d742a3892fe3,linux1804-64-shippable-qr,True,False,,,102210fe594ee9b33d82058545b1ed14f4c8206e,id-getter-5.html,perf_reftest_singletons,True,perf_reftest_singletons id-getter-5.html opt e10s fission stylo webrender,4767299,77,ms,firefox,,1763775151,2023-09-28 08:00:04,527.6199999999999,d330b8e9f58e1065d1ca63ac5f284f7d1865e83c,1307885,,,,,,,,,,,,,,,,,,,,,,,,,,,,,,,,,,,,,,,,,,,,,,,,,,,,,,,,,,,,,TN,TN
autoland,4767314,1,247a31fb40b3ac0b152bd3554743d742a3892fe3,linux1804-64-shippable-qr,True,False,,,102210fe594ee9b33d82058545b1ed14f4c8206e,id-getter-5.html,perf_reftest_singletons,True,perf_reftest_singletons id-getter-5.html opt e10s fission stylo webrender,4767299,77,ms,firefox,,1763901164,2023-09-28 11:44:43,537.3700000000001,a5fd40a8bf47afafdda240c7b8f1b1b911d2d937,1308037,,,,,,,,,,,,,,,,,,,,,,,,,,,,,,,,,,,,,,,,,,,,,,,,,,,,,,,,,,,,,TN,TN
autoland,4767314,1,247a31fb40b3ac0b152bd3554743d742a3892fe3,linux1804-64-shippable-qr,True,False,,,102210fe594ee9b33d82058545b1ed14f4c8206e,id-getter-5.html,perf_reftest_singletons,True,perf_reftest_singletons id-getter-5.html opt e10s fission stylo webrender,4767299,77,ms,firefox,,1764057028,2023-09-28 15:45:35,523.76,0df79cc60ea0ef86258f3b33d533c75e91805d8b,1308186,,,,,,,,,,,,,,,,,,,,,,,,,,,,,,,,,,,,,,,,,,,,,,,,,,,,,,,,,,,,,TN,TN
autoland,4767314,1,247a31fb40b3ac0b152bd3554743d742a3892fe3,linux1804-64-shippable-qr,True,False,,,102210fe594ee9b33d82058545b1ed14f4c8206e,id-getter-5.html,perf_reftest_singletons,True,perf_reftest_singletons id-getter-5.html opt e10s fission stylo webrender,4767299,77,ms,firefox,,1764072816,2023-09-28 16:38:20,529.8900000000001,a216736126b15f69ebee5d940a5c3394f95759cb,1308227,,,,,,,,,,,,,,,,,,,,,,,,,,,,,,,,,,,,,,,,,,,,,,,,,,,,,,,,,,,,,TN,TN
autoland,4767314,1,247a31fb40b3ac0b152bd3554743d742a3892fe3,linux1804-64-shippable-qr,True,False,,,102210fe594ee9b33d82058545b1ed14f4c8206e,id-getter-5.html,perf_reftest_singletons,True,perf_reftest_singletons id-getter-5.html opt e10s fission stylo webrender,4767299,77,ms,firefox,,1764180718,2023-09-28 19:24:36,540.0,cd324cfaf45936b4670a6c0d15cbfe22d0e2f609,1308380,,,,,,,,,,,,,,,,,,,,,,,,,,,,,,,,,,,,,,,,,,,,,,,,,,,,,,,,,,,,,TN,TN
autoland,4767314,1,247a31fb40b3ac0b152bd3554743d742a3892fe3,linux1804-64-shippable-qr,True,False,,,102210fe594ee9b33d82058545b1ed14f4c8206e,id-getter-5.html,perf_reftest_singletons,True,perf_reftest_singletons id-getter-5.html opt e10s fission stylo webrender,4767299,77,ms,firefox,,1764287238,2023-09-28 22:48:25,525.52,72bb9164219d9f54440ccfa7f55dc02f195190f9,1308491,,,,,,,,,,,,,,,,,,,,,,,,,,,,,,,,,,,,,,,,,,,,,,,,,,,,,,,,,,,,,TN,TN
autoland,4767314,1,247a31fb40b3ac0b152bd3554743d742a3892fe3,linux1804-64-shippable-qr,True,False,,,102210fe594ee9b33d82058545b1ed14f4c8206e,id-getter-5.html,perf_reftest_singletons,True,perf_reftest_singletons id-getter-5.html opt e10s fission stylo webrender,4767299,77,ms,firefox,,1765731705,2023-09-28 23:19:59,533.48,9c135d2e20dc861ee2db01b22d74434f44a76fb0,1308501,,,,,,,,,,,,,,,,,,,,,,,,,,,,,,,,,,,,,,,,,,,,,,,,,,,,,,,,,,,,,TN,TN
autoland,4767314,1,247a31fb40b3ac0b152bd3554743d742a3892fe3,linux1804-64-shippable-qr,True,False,,,102210fe594ee9b33d82058545b1ed14f4c8206e,id-getter-5.html,perf_reftest_singletons,True,perf_reftest_singletons id-getter-5.html opt e10s fission stylo webrender,4767299,77,ms,firefox,,1765731666,2023-09-29 00:01:42,520.4300000000001,15e45fa86733d121e1ed9d6afc25527a3f4e89f5,1308513,,,,,,,,,,,,,,,,,,,,,,,,,,,,,,,,,,,,,,,,,,,,,,,,,,,,,,,,,,,,,TN,TN
autoland,4767314,1,247a31fb40b3ac0b152bd3554743d742a3892fe3,linux1804-64-shippable-qr,True,False,,,102210fe594ee9b33d82058545b1ed14f4c8206e,id-getter-5.html,perf_reftest_singletons,True,perf_reftest_singletons id-getter-5.html opt e10s fission stylo webrender,4767299,77,ms,firefox,,1765731807,2023-09-29 00:05:42,542.47,850b5ce65c9af22172ca88fbc2a8d6c4faf8ccd3,1308515,,,,,,,,,,,,,,,,,,,,,,,,,,,,,,,,,,,,,,,,,,,,,,,,,,,,,,,,,,,,,TN,TN
autoland,4767314,1,247a31fb40b3ac0b152bd3554743d742a3892fe3,linux1804-64-shippable-qr,True,False,,,102210fe594ee9b33d82058545b1ed14f4c8206e,id-getter-5.html,perf_reftest_singletons,True,perf_reftest_singletons id-getter-5.html opt e10s fission stylo webrender,4767299,77,ms,firefox,,1765731743,2023-09-29 00:08:58,528.14,520aa031dd33f78ef28b4d8436efe98498fa09ad,1308516,,,,,,,,,,,,,,,,,,,,,,,,,,,,,,,,,,,,,,,,,,,,,,,,,,,,,,,,,,,,,TN,TN
autoland,4767314,1,247a31fb40b3ac0b152bd3554743d742a3892fe3,linux1804-64-shippable-qr,True,False,,,102210fe594ee9b33d82058545b1ed14f4c8206e,id-getter-5.html,perf_reftest_singletons,True,perf_reftest_singletons id-getter-5.html opt e10s fission stylo webrender,4767299,77,ms,firefox,,1765731795,2023-09-29 00:15:12,533.09,42828cfcc07d3d7e61fc5e90e8772e5774071080,1308520,,,,,,,,,,,,,,,,,,,,,,,,,,,,,,,,,,,,,,,,,,,,,,,,,,,,,,,,,,,,,TN,TN
autoland,4767314,1,247a31fb40b3ac0b152bd3554743d742a3892fe3,linux1804-64-shippable-qr,True,False,,,102210fe594ee9b33d82058545b1ed14f4c8206e,id-getter-5.html,perf_reftest_singletons,True,perf_reftest_singletons id-getter-5.html opt e10s fission stylo webrender,4767299,77,ms,firefox,,1765731863,2023-09-29 00:35:38,529.9,a231fe39a05f79f5e517bb23ae2ffe1dcfaa8620,1308525,,,,,,,,,,,,,,,,,,,,,,,,,,,,,,,,,,,,,,,,,,,,,,,,,,,,,,,,,,,,,TN,TN
autoland,4767314,1,247a31fb40b3ac0b152bd3554743d742a3892fe3,linux1804-64-shippable-qr,True,False,,,102210fe594ee9b33d82058545b1ed14f4c8206e,id-getter-5.html,perf_reftest_singletons,True,perf_reftest_singletons id-getter-5.html opt e10s fission stylo webrender,4767299,77,ms,firefox,,1765731889,2023-09-29 01:05:26,526.45,bd8bbf161bec4cdbb3254fc3b750a487d47651d7,1308531,,,,,,,,,,,,,,,,,,,,,,,,,,,,,,,,,,,,,,,,,,,,,,,,,,,,,,,,,,,,,TN,TN
autoland,4767314,1,247a31fb40b3ac0b152bd3554743d742a3892fe3,linux1804-64-shippable-qr,True,False,,,102210fe594ee9b33d82058545b1ed14f4c8206e,id-getter-5.html,perf_reftest_singletons,True,perf_reftest_singletons id-getter-5.html opt e10s fission stylo webrender,4767299,77,ms,firefox,,1765731941,2023-09-29 01:53:36,541.76,5e882222f60d6bc5201145b1aa77ad24b54ebaa9,1308538,,,,,,,,,,,,,,,,,,,,,,,,,,,,,,,,,,,,,,,,,,,,,,,,,,,,,,,,,,,,,TN,TN
autoland,4767314,1,247a31fb40b3ac0b152bd3554743d742a3892fe3,linux1804-64-shippable-qr,True,False,,,102210fe594ee9b33d82058545b1ed14f4c8206e,id-getter-5.html,perf_reftest_singletons,True,perf_reftest_singletons id-getter-5.html opt e10s fission stylo webrender,4767299,77,ms,firefox,,1767548702,2023-09-29 01:53:36,526.28,5e882222f60d6bc5201145b1aa77ad24b54ebaa9,1308538,,,,,,,,,,,,,,,,,,,,,,,,,,,,,,,,,,,,,,,,,,,,,,,,,,,,,,,,,,,,,TN,TN
autoland,4767314,1,247a31fb40b3ac0b152bd3554743d742a3892fe3,linux1804-64-shippable-qr,True,False,,,102210fe594ee9b33d82058545b1ed14f4c8206e,id-getter-5.html,perf_reftest_singletons,True,perf_reftest_singletons id-getter-5.html opt e10s fission stylo webrender,4767299,77,ms,firefox,,1767548080,2023-09-29 01:53:36,536.11,5e882222f60d6bc5201145b1aa77ad24b54ebaa9,1308538,,,,,,,,,,,,,,,,,,,,,,,,,,,,,,,,,,,,,,,,,,,,,,,,,,,,,,,,,,,,,TN,TN
autoland,4767314,1,247a31fb40b3ac0b152bd3554743d742a3892fe3,linux1804-64-shippable-qr,True,False,,,102210fe594ee9b33d82058545b1ed14f4c8206e,id-getter-5.html,perf_reftest_singletons,True,perf_reftest_singletons id-getter-5.html opt e10s fission stylo webrender,4767299,77,ms,firefox,,1767548123,2023-09-29 01:53:36,535.28,5e882222f60d6bc5201145b1aa77ad24b54ebaa9,1308538,,,,,,,,,,,,,,,,,,,,,,,,,,,,,,,,,,,,,,,,,,,,,,,,,,,,,,,,,,,,,TN,TN
autoland,4767314,1,247a31fb40b3ac0b152bd3554743d742a3892fe3,linux1804-64-shippable-qr,True,False,,,102210fe594ee9b33d82058545b1ed14f4c8206e,id-getter-5.html,perf_reftest_singletons,True,perf_reftest_singletons id-getter-5.html opt e10s fission stylo webrender,4767299,77,ms,firefox,,1767548832,2023-09-29 01:53:36,536.1700000000001,5e882222f60d6bc5201145b1aa77ad24b54ebaa9,1308538,,,,,,,,,,,,,,,,,,,,,,,,,,,,,,,,,,,,,,,,,,,,,,,,,,,,,,,,,,,,,TN,TN
autoland,4767314,1,247a31fb40b3ac0b152bd3554743d742a3892fe3,linux1804-64-shippable-qr,True,False,,,102210fe594ee9b33d82058545b1ed14f4c8206e,id-getter-5.html,perf_reftest_singletons,True,perf_reftest_singletons id-getter-5.html opt e10s fission stylo webrender,4767299,77,ms,firefox,,1765732022,2023-09-29 02:23:33,543.81,93252e0e7dcd87e87544c27ec080369447512a5d,1308548,,,,,,,,,,,,,,,,,,,,,,,,,,,,,,,,,,,,,,,,,,,,,,,,,,,,,,,,,,,,,TN,TN
autoland,4767314,1,247a31fb40b3ac0b152bd3554743d742a3892fe3,linux1804-64-shippable-qr,True,False,,,102210fe594ee9b33d82058545b1ed14f4c8206e,id-getter-5.html,perf_reftest_singletons,True,perf_reftest_singletons id-getter-5.html opt e10s fission stylo webrender,4767299,77,ms,firefox,,1767547440,2023-09-29 02:23:33,532.23,93252e0e7dcd87e87544c27ec080369447512a5d,1308548,,,,,,,,,,,,,,,,,,,,,,,,,,,,,,,,,,,,,,,,,,,,,,,,,,,,,,,,,,,,,TN,TN
autoland,4767314,1,247a31fb40b3ac0b152bd3554743d742a3892fe3,linux1804-64-shippable-qr,True,False,,,102210fe594ee9b33d82058545b1ed14f4c8206e,id-getter-5.html,perf_reftest_singletons,True,perf_reftest_singletons id-getter-5.html opt e10s fission stylo webrender,4767299,77,ms,firefox,,1767547443,2023-09-29 02:23:33,540.34,93252e0e7dcd87e87544c27ec080369447512a5d,1308548,,,,,,,,,,,,,,,,,,,,,,,,,,,,,,,,,,,,,,,,,,,,,,,,,,,,,,,,,,,,,TN,TN
autoland,4767314,1,247a31fb40b3ac0b152bd3554743d742a3892fe3,linux1804-64-shippable-qr,True,False,,,102210fe594ee9b33d82058545b1ed14f4c8206e,id-getter-5.html,perf_reftest_singletons,True,perf_reftest_singletons id-getter-5.html opt e10s fission stylo webrender,4767299,77,ms,firefox,,1767547972,2023-09-29 02:23:33,542.77,93252e0e7dcd87e87544c27ec080369447512a5d,1308548,,,,,,,,,,,,,,,,,,,,,,,,,,,,,,,,,,,,,,,,,,,,,,,,,,,,,,,,,,,,,TN,TN
autoland,4767314,1,247a31fb40b3ac0b152bd3554743d742a3892fe3,linux1804-64-shippable-qr,True,False,,,102210fe594ee9b33d82058545b1ed14f4c8206e,id-getter-5.html,perf_reftest_singletons,True,perf_reftest_singletons id-getter-5.html opt e10s fission stylo webrender,4767299,77,ms,firefox,,1767548028,2023-09-29 02:23:33,542.9,93252e0e7dcd87e87544c27ec080369447512a5d,1308548,,,,,,,,,,,,,,,,,,,,,,,,,,,,,,,,,,,,,,,,,,,,,,,,,,,,,,,,,,,,,TN,TN
autoland,4767314,1,247a31fb40b3ac0b152bd3554743d742a3892fe3,linux1804-64-shippable-qr,True,False,,,102210fe594ee9b33d82058545b1ed14f4c8206e,id-getter-5.html,perf_reftest_singletons,True,perf_reftest_singletons id-getter-5.html opt e10s fission stylo webrender,4767299,77,ms,firefox,,1767547317,2023-09-29 02:23:33,527.99,93252e0e7dcd87e87544c27ec080369447512a5d,1308548,,,,,,,,,,,,,,,,,,,,,,,,,,,,,,,,,,,,,,,,,,,,,,,,,,,,,,,,,,,,,TN,TN
autoland,4767314,1,247a31fb40b3ac0b152bd3554743d742a3892fe3,linux1804-64-shippable-qr,True,False,,,102210fe594ee9b33d82058545b1ed14f4c8206e,id-getter-5.html,perf_reftest_singletons,True,perf_reftest_singletons id-getter-5.html opt e10s fission stylo webrender,4767299,77,ms,firefox,,1764529859,2023-09-29 05:26:28,526.78,4fd1c7c2dcf2973c3285d981e74b08dee641a0fc,1308580,,,,,,,,,,,,,,,,,,,,,,,,,,,,,,,,,,,,,,,,,,,,,,,,,,,,,,,,,,,,,TN,TN
autoland,4767314,1,247a31fb40b3ac0b152bd3554743d742a3892fe3,linux1804-64-shippable-qr,True,False,,,102210fe594ee9b33d82058545b1ed14f4c8206e,id-getter-5.html,perf_reftest_singletons,True,perf_reftest_singletons id-getter-5.html opt e10s fission stylo webrender,4767299,77,ms,firefox,,1767548768,2023-09-29 05:26:28,525.65,4fd1c7c2dcf2973c3285d981e74b08dee641a0fc,1308580,,,,,,,,,,,,,,,,,,,,,,,,,,,,,,,,,,,,,,,,,,,,,,,,,,,,,,,,,,,,,TN,TN
autoland,4767314,1,247a31fb40b3ac0b152bd3554743d742a3892fe3,linux1804-64-shippable-qr,True,False,,,102210fe594ee9b33d82058545b1ed14f4c8206e,id-getter-5.html,perf_reftest_singletons,True,perf_reftest_singletons id-getter-5.html opt e10s fission stylo webrender,4767299,77,ms,firefox,,1767549325,2023-09-29 05:26:28,532.99,4fd1c7c2dcf2973c3285d981e74b08dee641a0fc,1308580,,,,,,,,,,,,,,,,,,,,,,,,,,,,,,,,,,,,,,,,,,,,,,,,,,,,,,,,,,,,,TN,TN
autoland,4767314,1,247a31fb40b3ac0b152bd3554743d742a3892fe3,linux1804-64-shippable-qr,True,False,,,102210fe594ee9b33d82058545b1ed14f4c8206e,id-getter-5.html,perf_reftest_singletons,True,perf_reftest_singletons id-getter-5.html opt e10s fission stylo webrender,4767299,77,ms,firefox,,1767551304,2023-09-29 05:26:28,535.79,4fd1c7c2dcf2973c3285d981e74b08dee641a0fc,1308580,,,,,,,,,,,,,,,,,,,,,,,,,,,,,,,,,,,,,,,,,,,,,,,,,,,,,,,,,,,,,TN,TN
autoland,4767314,1,247a31fb40b3ac0b152bd3554743d742a3892fe3,linux1804-64-shippable-qr,True,False,,,102210fe594ee9b33d82058545b1ed14f4c8206e,id-getter-5.html,perf_reftest_singletons,True,perf_reftest_singletons id-getter-5.html opt e10s fission stylo webrender,4767299,77,ms,firefox,,1767550616,2023-09-29 05:26:28,586.6700000000001,4fd1c7c2dcf2973c3285d981e74b08dee641a0fc,1308580,,,,,,,,,,,,,,,,,,,,,,,,,,,,,,,,,,,,,,,,,,,,,,,,,,,,,,,,,,,,,TN,TN
autoland,4767314,1,247a31fb40b3ac0b152bd3554743d742a3892fe3,linux1804-64-shippable-qr,True,False,,,102210fe594ee9b33d82058545b1ed14f4c8206e,id-getter-5.html,perf_reftest_singletons,True,perf_reftest_singletons id-getter-5.html opt e10s fission stylo webrender,4767299,77,ms,firefox,,1767550940,2023-09-29 05:26:28,528.14,4fd1c7c2dcf2973c3285d981e74b08dee641a0fc,1308580,,,,,,,,,,,,,,,,,,,,,,,,,,,,,,,,,,,,,,,,,,,,,,,,,,,,,,,,,,,,,TN,TN
autoland,4767314,1,247a31fb40b3ac0b152bd3554743d742a3892fe3,linux1804-64-shippable-qr,True,False,,,102210fe594ee9b33d82058545b1ed14f4c8206e,id-getter-5.html,perf_reftest_singletons,True,perf_reftest_singletons id-getter-5.html opt e10s fission stylo webrender,4767299,77,ms,firefox,,1765733082,2023-09-29 06:53:18,527.23,77a2cb90b5709888a69ea009d2c7da6af17f9061,1308596,,,,,,,,,,,,,,,,,,,,,,,,,,,,,,,,,,,,,,,,,,,,,,,,,,,,,,,,,,,,,TN,TN
autoland,4767314,1,247a31fb40b3ac0b152bd3554743d742a3892fe3,linux1804-64-shippable-qr,True,False,,,102210fe594ee9b33d82058545b1ed14f4c8206e,id-getter-5.html,perf_reftest_singletons,True,perf_reftest_singletons id-getter-5.html opt e10s fission stylo webrender,4767299,77,ms,firefox,,1765886048,2023-09-29 06:53:18,524.26,77a2cb90b5709888a69ea009d2c7da6af17f9061,1308596,,,,,,,,,,,,,,,,,,,,,,,,,,,,,,,,,,,,,,,,,,,,,,,,,,,,,,,,,,,,,TN,TN
autoland,4767314,1,247a31fb40b3ac0b152bd3554743d742a3892fe3,linux1804-64-shippable-qr,True,False,,,102210fe594ee9b33d82058545b1ed14f4c8206e,id-getter-5.html,perf_reftest_singletons,True,perf_reftest_singletons id-getter-5.html opt e10s fission stylo webrender,4767299,77,ms,firefox,,1765886231,2023-09-29 06:53:18,541.34,77a2cb90b5709888a69ea009d2c7da6af17f9061,1308596,,,,,,,,,,,,,,,,,,,,,,,,,,,,,,,,,,,,,,,,,,,,,,,,,,,,,,,,,,,,,TN,TN
autoland,4767314,1,247a31fb40b3ac0b152bd3554743d742a3892fe3,linux1804-64-shippable-qr,True,False,,,102210fe594ee9b33d82058545b1ed14f4c8206e,id-getter-5.html,perf_reftest_singletons,True,perf_reftest_singletons id-getter-5.html opt e10s fission stylo webrender,4767299,77,ms,firefox,,1765886691,2023-09-29 06:53:18,564.52,77a2cb90b5709888a69ea009d2c7da6af17f9061,1308596,,,,,,,,,,,,,,,,,,,,,,,,,,,,,,,,,,,,,,,,,,,,,,,,,,,,,,,,,,,,,TN,TN
autoland,4767314,1,247a31fb40b3ac0b152bd3554743d742a3892fe3,linux1804-64-shippable-qr,True,False,,,102210fe594ee9b33d82058545b1ed14f4c8206e,id-getter-5.html,perf_reftest_singletons,True,perf_reftest_singletons id-getter-5.html opt e10s fission stylo webrender,4767299,77,ms,firefox,,1765886142,2023-09-29 06:53:18,534.89,77a2cb90b5709888a69ea009d2c7da6af17f9061,1308596,,,,,,,,,,,,,,,,,,,,,,,,,,,,,,,,,,,,,,,,,,,,,,,,,,,,,,,,,,,,,TN,TN
autoland,4767314,1,247a31fb40b3ac0b152bd3554743d742a3892fe3,linux1804-64-shippable-qr,True,False,,,102210fe594ee9b33d82058545b1ed14f4c8206e,id-getter-5.html,perf_reftest_singletons,True,perf_reftest_singletons id-getter-5.html opt e10s fission stylo webrender,4767299,77,ms,firefox,,1765886185,2023-09-29 06:53:18,524.07,77a2cb90b5709888a69ea009d2c7da6af17f9061,1308596,,,,,,,,,,,,,,,,,,,,,,,,,,,,,,,,,,,,,,,,,,,,,,,,,,,,,,,,,,,,,TN,TN
autoland,4767314,1,247a31fb40b3ac0b152bd3554743d742a3892fe3,linux1804-64-shippable-qr,True,False,,,102210fe594ee9b33d82058545b1ed14f4c8206e,id-getter-5.html,perf_reftest_singletons,True,perf_reftest_singletons id-getter-5.html opt e10s fission stylo webrender,4767299,77,ms,firefox,,1767552315,2023-09-29 06:53:18,526.79,77a2cb90b5709888a69ea009d2c7da6af17f9061,1308596,,,,,,,,,,,,,,,,,,,,,,,,,,,,,,,,,,,,,,,,,,,,,,,,,,,,,,,,,,,,,TN,TN
autoland,4767314,1,247a31fb40b3ac0b152bd3554743d742a3892fe3,linux1804-64-shippable-qr,True,False,,,102210fe594ee9b33d82058545b1ed14f4c8206e,id-getter-5.html,perf_reftest_singletons,True,perf_reftest_singletons id-getter-5.html opt e10s fission stylo webrender,4767299,77,ms,firefox,,1767552727,2023-09-29 06:53:18,539.03,77a2cb90b5709888a69ea009d2c7da6af17f9061,1308596,,,,,,,,,,,,,,,,,,,,,,,,,,,,,,,,,,,,,,,,,,,,,,,,,,,,,,,,,,,,,TN,TN
autoland,4767314,1,247a31fb40b3ac0b152bd3554743d742a3892fe3,linux1804-64-shippable-qr,True,False,,,102210fe594ee9b33d82058545b1ed14f4c8206e,id-getter-5.html,perf_reftest_singletons,True,perf_reftest_singletons id-getter-5.html opt e10s fission stylo webrender,4767299,77,ms,firefox,,1767552811,2023-09-29 06:53:18,533.73,77a2cb90b5709888a69ea009d2c7da6af17f9061,1308596,,,,,,,,,,,,,,,,,,,,,,,,,,,,,,,,,,,,,,,,,,,,,,,,,,,,,,,,,,,,,TN,TN
autoland,4767314,1,247a31fb40b3ac0b152bd3554743d742a3892fe3,linux1804-64-shippable-qr,True,False,,,102210fe594ee9b33d82058545b1ed14f4c8206e,id-getter-5.html,perf_reftest_singletons,True,perf_reftest_singletons id-getter-5.html opt e10s fission stylo webrender,4767299,77,ms,firefox,,1767552872,2023-09-29 06:53:18,534.26,77a2cb90b5709888a69ea009d2c7da6af17f9061,1308596,,,,,,,,,,,,,,,,,,,,,,,,,,,,,,,,,,,,,,,,,,,,,,,,,,,,,,,,,,,,,TN,TN
autoland,4767314,1,247a31fb40b3ac0b152bd3554743d742a3892fe3,linux1804-64-shippable-qr,True,False,,,102210fe594ee9b33d82058545b1ed14f4c8206e,id-getter-5.html,perf_reftest_singletons,True,perf_reftest_singletons id-getter-5.html opt e10s fission stylo webrender,4767299,77,ms,firefox,,1767552623,2023-09-29 06:53:18,540.85,77a2cb90b5709888a69ea009d2c7da6af17f9061,1308596,,,,,,,,,,,,,,,,,,,,,,,,,,,,,,,,,,,,,,,,,,,,,,,,,,,,,,,,,,,,,TN,TN
autoland,4767314,1,247a31fb40b3ac0b152bd3554743d742a3892fe3,linux1804-64-shippable-qr,True,False,,,102210fe594ee9b33d82058545b1ed14f4c8206e,id-getter-5.html,perf_reftest_singletons,True,perf_reftest_singletons id-getter-5.html opt e10s fission stylo webrender,4767299,77,ms,firefox,,1765732969,2023-09-29 07:01:41,530.5899999999999,b1df7dafb0899bb9fa6cbe1bb2ed61fab1f03a0e,1308599,,,,,,,,,,,,,,,,,,,,,,,,,,,,,,,,,,,,,,,,,,,,,,,,,,,,,,,,,,,,,TN,TN
autoland,4767314,1,247a31fb40b3ac0b152bd3554743d742a3892fe3,linux1804-64-shippable-qr,True,False,,,102210fe594ee9b33d82058545b1ed14f4c8206e,id-getter-5.html,perf_reftest_singletons,True,perf_reftest_singletons id-getter-5.html opt e10s fission stylo webrender,4767299,77,ms,firefox,,1765888312,2023-09-29 07:01:41,531.63,b1df7dafb0899bb9fa6cbe1bb2ed61fab1f03a0e,1308599,,,,,,,,,,,,,,,,,,,,,,,,,,,,,,,,,,,,,,,,,,,,,,,,,,,,,,,,,,,,,TN,TN
autoland,4767314,1,247a31fb40b3ac0b152bd3554743d742a3892fe3,linux1804-64-shippable-qr,True,False,,,102210fe594ee9b33d82058545b1ed14f4c8206e,id-getter-5.html,perf_reftest_singletons,True,perf_reftest_singletons id-getter-5.html opt e10s fission stylo webrender,4767299,77,ms,firefox,,1765888907,2023-09-29 07:01:41,522.81,b1df7dafb0899bb9fa6cbe1bb2ed61fab1f03a0e,1308599,,,,,,,,,,,,,,,,,,,,,,,,,,,,,,,,,,,,,,,,,,,,,,,,,,,,,,,,,,,,,TN,TN
autoland,4767314,1,247a31fb40b3ac0b152bd3554743d742a3892fe3,linux1804-64-shippable-qr,True,False,,,102210fe594ee9b33d82058545b1ed14f4c8206e,id-getter-5.html,perf_reftest_singletons,True,perf_reftest_singletons id-getter-5.html opt e10s fission stylo webrender,4767299,77,ms,firefox,,1765888961,2023-09-29 07:01:41,567.03,b1df7dafb0899bb9fa6cbe1bb2ed61fab1f03a0e,1308599,,,,,,,,,,,,,,,,,,,,,,,,,,,,,,,,,,,,,,,,,,,,,,,,,,,,,,,,,,,,,TN,TN
autoland,4767314,1,247a31fb40b3ac0b152bd3554743d742a3892fe3,linux1804-64-shippable-qr,True,False,,,102210fe594ee9b33d82058545b1ed14f4c8206e,id-getter-5.html,perf_reftest_singletons,True,perf_reftest_singletons id-getter-5.html opt e10s fission stylo webrender,4767299,77,ms,firefox,,1765888879,2023-09-29 07:01:41,540.31,b1df7dafb0899bb9fa6cbe1bb2ed61fab1f03a0e,1308599,,,,,,,,,,,,,,,,,,,,,,,,,,,,,,,,,,,,,,,,,,,,,,,,,,,,,,,,,,,,,TN,TN
autoland,4767314,1,247a31fb40b3ac0b152bd3554743d742a3892fe3,linux1804-64-shippable-qr,True,False,,,102210fe594ee9b33d82058545b1ed14f4c8206e,id-getter-5.html,perf_reftest_singletons,True,perf_reftest_singletons id-getter-5.html opt e10s fission stylo webrender,4767299,77,ms,firefox,,1765888182,2023-09-29 07:01:41,525.0899999999999,b1df7dafb0899bb9fa6cbe1bb2ed61fab1f03a0e,1308599,,,,,,,,,,,,,,,,,,,,,,,,,,,,,,,,,,,,,,,,,,,,,,,,,,,,,,,,,,,,,TN,TN
autoland,4767314,1,247a31fb40b3ac0b152bd3554743d742a3892fe3,linux1804-64-shippable-qr,True,False,,,102210fe594ee9b33d82058545b1ed14f4c8206e,id-getter-5.html,perf_reftest_singletons,True,perf_reftest_singletons id-getter-5.html opt e10s fission stylo webrender,4767299,77,ms,firefox,,1767551682,2023-09-29 07:01:41,540.33,b1df7dafb0899bb9fa6cbe1bb2ed61fab1f03a0e,1308599,,,,,,,,,,,,,,,,,,,,,,,,,,,,,,,,,,,,,,,,,,,,,,,,,,,,,,,,,,,,,TN,TN
autoland,4767314,1,247a31fb40b3ac0b152bd3554743d742a3892fe3,linux1804-64-shippable-qr,True,False,,,102210fe594ee9b33d82058545b1ed14f4c8206e,id-getter-5.html,perf_reftest_singletons,True,perf_reftest_singletons id-getter-5.html opt e10s fission stylo webrender,4767299,77,ms,firefox,,1767552138,2023-09-29 07:01:41,533.54,b1df7dafb0899bb9fa6cbe1bb2ed61fab1f03a0e,1308599,,,,,,,,,,,,,,,,,,,,,,,,,,,,,,,,,,,,,,,,,,,,,,,,,,,,,,,,,,,,,TN,TN
autoland,4767314,1,247a31fb40b3ac0b152bd3554743d742a3892fe3,linux1804-64-shippable-qr,True,False,,,102210fe594ee9b33d82058545b1ed14f4c8206e,id-getter-5.html,perf_reftest_singletons,True,perf_reftest_singletons id-getter-5.html opt e10s fission stylo webrender,4767299,77,ms,firefox,,1767552212,2023-09-29 07:01:41,535.63,b1df7dafb0899bb9fa6cbe1bb2ed61fab1f03a0e,1308599,,,,,,,,,,,,,,,,,,,,,,,,,,,,,,,,,,,,,,,,,,,,,,,,,,,,,,,,,,,,,TN,TN
autoland,4767314,1,247a31fb40b3ac0b152bd3554743d742a3892fe3,linux1804-64-shippable-qr,True,False,,,102210fe594ee9b33d82058545b1ed14f4c8206e,id-getter-5.html,perf_reftest_singletons,True,perf_reftest_singletons id-getter-5.html opt e10s fission stylo webrender,4767299,77,ms,firefox,,1767551592,2023-09-29 07:01:41,527.02,b1df7dafb0899bb9fa6cbe1bb2ed61fab1f03a0e,1308599,,,,,,,,,,,,,,,,,,,,,,,,,,,,,,,,,,,,,,,,,,,,,,,,,,,,,,,,,,,,,TN,TN
autoland,4767314,1,247a31fb40b3ac0b152bd3554743d742a3892fe3,linux1804-64-shippable-qr,True,False,,,102210fe594ee9b33d82058545b1ed14f4c8206e,id-getter-5.html,perf_reftest_singletons,True,perf_reftest_singletons id-getter-5.html opt e10s fission stylo webrender,4767299,77,ms,firefox,,1767551757,2023-09-29 07:01:41,567.4000000000001,b1df7dafb0899bb9fa6cbe1bb2ed61fab1f03a0e,1308599,,,,,,,,,,,,,,,,,,,,,,,,,,,,,,,,,,,,,,,,,,,,,,,,,,,,,,,,,,,,,TN,TN
autoland,4767314,1,247a31fb40b3ac0b152bd3554743d742a3892fe3,linux1804-64-shippable-qr,True,False,,,102210fe594ee9b33d82058545b1ed14f4c8206e,id-getter-5.html,perf_reftest_singletons,True,perf_reftest_singletons id-getter-5.html opt e10s fission stylo webrender,4767299,77,ms,firefox,,1765733158,2023-09-29 07:22:17,575.24,2b71d5300a0c98b8c65040cb1c6d0910d769f183,1308606,,,,,,,,,,,,,,,,,,,,,,,,,,,,,,,,,,,,,,,,,,,,,,,,,,,,,,,,,,,,,TN,TN
autoland,4767314,1,247a31fb40b3ac0b152bd3554743d742a3892fe3,linux1804-64-shippable-qr,True,False,,,102210fe594ee9b33d82058545b1ed14f4c8206e,id-getter-5.html,perf_reftest_singletons,True,perf_reftest_singletons id-getter-5.html opt e10s fission stylo webrender,4767299,77,ms,firefox,,1765887202,2023-09-29 07:22:17,567.1700000000001,2b71d5300a0c98b8c65040cb1c6d0910d769f183,1308606,,,,,,,,,,,,,,,,,,,,,,,,,,,,,,,,,,,,,,,,,,,,,,,,,,,,,,,,,,,,,TN,TN
autoland,4767314,1,247a31fb40b3ac0b152bd3554743d742a3892fe3,linux1804-64-shippable-qr,True,False,,,102210fe594ee9b33d82058545b1ed14f4c8206e,id-getter-5.html,perf_reftest_singletons,True,perf_reftest_singletons id-getter-5.html opt e10s fission stylo webrender,4767299,77,ms,firefox,,1765887437,2023-09-29 07:22:17,569.54,2b71d5300a0c98b8c65040cb1c6d0910d769f183,1308606,,,,,,,,,,,,,,,,,,,,,,,,,,,,,,,,,,,,,,,,,,,,,,,,,,,,,,,,,,,,,TN,TN
autoland,4767314,1,247a31fb40b3ac0b152bd3554743d742a3892fe3,linux1804-64-shippable-qr,True,False,,,102210fe594ee9b33d82058545b1ed14f4c8206e,id-getter-5.html,perf_reftest_singletons,True,perf_reftest_singletons id-getter-5.html opt e10s fission stylo webrender,4767299,77,ms,firefox,,1765887732,2023-09-29 07:22:17,567.1800000000001,2b71d5300a0c98b8c65040cb1c6d0910d769f183,1308606,,,,,,,,,,,,,,,,,,,,,,,,,,,,,,,,,,,,,,,,,,,,,,,,,,,,,,,,,,,,,TN,TN
autoland,4767314,1,247a31fb40b3ac0b152bd3554743d742a3892fe3,linux1804-64-shippable-qr,True,False,,,102210fe594ee9b33d82058545b1ed14f4c8206e,id-getter-5.html,perf_reftest_singletons,True,perf_reftest_singletons id-getter-5.html opt e10s fission stylo webrender,4767299,77,ms,firefox,,1765887137,2023-09-29 07:22:17,581.14,2b71d5300a0c98b8c65040cb1c6d0910d769f183,1308606,,,,,,,,,,,,,,,,,,,,,,,,,,,,,,,,,,,,,,,,,,,,,,,,,,,,,,,,,,,,,TN,TN
autoland,4767314,1,247a31fb40b3ac0b152bd3554743d742a3892fe3,linux1804-64-shippable-qr,True,False,,,102210fe594ee9b33d82058545b1ed14f4c8206e,id-getter-5.html,perf_reftest_singletons,True,perf_reftest_singletons id-getter-5.html opt e10s fission stylo webrender,4767299,77,ms,firefox,,1765888070,2023-09-29 07:22:17,573.8,2b71d5300a0c98b8c65040cb1c6d0910d769f183,1308606,,,,,,,,,,,,,,,,,,,,,,,,,,,,,,,,,,,,,,,,,,,,,,,,,,,,,,,,,,,,,TN,TN
autoland,4767314,1,247a31fb40b3ac0b152bd3554743d742a3892fe3,linux1804-64-shippable-qr,True,False,,,102210fe594ee9b33d82058545b1ed14f4c8206e,id-getter-5.html,perf_reftest_singletons,True,perf_reftest_singletons id-getter-5.html opt e10s fission stylo webrender,4767299,77,ms,firefox,,1767549265,2023-09-29 07:22:17,567.19,2b71d5300a0c98b8c65040cb1c6d0910d769f183,1308606,,,,,,,,,,,,,,,,,,,,,,,,,,,,,,,,,,,,,,,,,,,,,,,,,,,,,,,,,,,,,TN,TN
autoland,4767314,1,247a31fb40b3ac0b152bd3554743d742a3892fe3,linux1804-64-shippable-qr,True,False,,,102210fe594ee9b33d82058545b1ed14f4c8206e,id-getter-5.html,perf_reftest_singletons,True,perf_reftest_singletons id-getter-5.html opt e10s fission stylo webrender,4767299,77,ms,firefox,,1767550722,2023-09-29 07:22:17,578.3,2b71d5300a0c98b8c65040cb1c6d0910d769f183,1308606,,,,,,,,,,,,,,,,,,,,,,,,,,,,,,,,,,,,,,,,,,,,,,,,,,,,,,,,,,,,,TN,TN
autoland,4767314,1,247a31fb40b3ac0b152bd3554743d742a3892fe3,linux1804-64-shippable-qr,True,False,,,102210fe594ee9b33d82058545b1ed14f4c8206e,id-getter-5.html,perf_reftest_singletons,True,perf_reftest_singletons id-getter-5.html opt e10s fission stylo webrender,4767299,77,ms,firefox,,1767551405,2023-09-29 07:22:17,580.33,2b71d5300a0c98b8c65040cb1c6d0910d769f183,1308606,,,,,,,,,,,,,,,,,,,,,,,,,,,,,,,,,,,,,,,,,,,,,,,,,,,,,,,,,,,,,TN,TN
autoland,4767314,1,247a31fb40b3ac0b152bd3554743d742a3892fe3,linux1804-64-shippable-qr,True,False,,,102210fe594ee9b33d82058545b1ed14f4c8206e,id-getter-5.html,perf_reftest_singletons,True,perf_reftest_singletons id-getter-5.html opt e10s fission stylo webrender,4767299,77,ms,firefox,,1767551136,2023-09-29 07:22:17,574.67,2b71d5300a0c98b8c65040cb1c6d0910d769f183,1308606,,,,,,,,,,,,,,,,,,,,,,,,,,,,,,,,,,,,,,,,,,,,,,,,,,,,,,,,,,,,,TN,TN
autoland,4767314,1,247a31fb40b3ac0b152bd3554743d742a3892fe3,linux1804-64-shippable-qr,True,False,,,102210fe594ee9b33d82058545b1ed14f4c8206e,id-getter-5.html,perf_reftest_singletons,True,perf_reftest_singletons id-getter-5.html opt e10s fission stylo webrender,4767299,77,ms,firefox,,1767550337,2023-09-29 07:22:17,572.8399999999999,2b71d5300a0c98b8c65040cb1c6d0910d769f183,1308606,,,,,,,,,,,,,,,,,,,,,,,,,,,,,,,,,,,,,,,,,,,,,,,,,,,,,,,,,,,,,TN,TN
autoland,4767314,1,247a31fb40b3ac0b152bd3554743d742a3892fe3,linux1804-64-shippable-qr,True,False,,,102210fe594ee9b33d82058545b1ed14f4c8206e,id-getter-5.html,perf_reftest_singletons,True,perf_reftest_singletons id-getter-5.html opt e10s fission stylo webrender,4767299,77,ms,firefox,,1765733234,2023-09-29 07:28:11,532.08,cc2b45301f803f5578d08e89c5b1cea83a814a6d,1308611,,,,,,,,,,,,,,,,,,,,,,,,,,,,,,,,,,,,,,,,,,,,,,,,,,,,,,,,,,,,,TN,TN
autoland,4767314,1,247a31fb40b3ac0b152bd3554743d742a3892fe3,linux1804-64-shippable-qr,True,False,,,102210fe594ee9b33d82058545b1ed14f4c8206e,id-getter-5.html,perf_reftest_singletons,True,perf_reftest_singletons id-getter-5.html opt e10s fission stylo webrender,4767299,77,ms,firefox,,1765892811,2023-09-29 07:28:11,533.6600000000001,cc2b45301f803f5578d08e89c5b1cea83a814a6d,1308611,,,,,,,,,,,,,,,,,,,,,,,,,,,,,,,,,,,,,,,,,,,,,,,,,,,,,,,,,,,,,TN,TN
autoland,4767314,1,247a31fb40b3ac0b152bd3554743d742a3892fe3,linux1804-64-shippable-qr,True,False,,,102210fe594ee9b33d82058545b1ed14f4c8206e,id-getter-5.html,perf_reftest_singletons,True,perf_reftest_singletons id-getter-5.html opt e10s fission stylo webrender,4767299,77,ms,firefox,,1765893160,2023-09-29 07:28:11,539.78,cc2b45301f803f5578d08e89c5b1cea83a814a6d,1308611,,,,,,,,,,,,,,,,,,,,,,,,,,,,,,,,,,,,,,,,,,,,,,,,,,,,,,,,,,,,,TN,TN
autoland,4767314,1,247a31fb40b3ac0b152bd3554743d742a3892fe3,linux1804-64-shippable-qr,True,False,,,102210fe594ee9b33d82058545b1ed14f4c8206e,id-getter-5.html,perf_reftest_singletons,True,perf_reftest_singletons id-getter-5.html opt e10s fission stylo webrender,4767299,77,ms,firefox,,1765893224,2023-09-29 07:28:11,527.1500000000001,cc2b45301f803f5578d08e89c5b1cea83a814a6d,1308611,,,,,,,,,,,,,,,,,,,,,,,,,,,,,,,,,,,,,,,,,,,,,,,,,,,,,,,,,,,,,TN,TN
autoland,4767314,1,247a31fb40b3ac0b152bd3554743d742a3892fe3,linux1804-64-shippable-qr,True,False,,,102210fe594ee9b33d82058545b1ed14f4c8206e,id-getter-5.html,perf_reftest_singletons,True,perf_reftest_singletons id-getter-5.html opt e10s fission stylo webrender,4767299,77,ms,firefox,,1765892859,2023-09-29 07:28:11,567.52,cc2b45301f803f5578d08e89c5b1cea83a814a6d,1308611,,,,,,,,,,,,,,,,,,,,,,,,,,,,,,,,,,,,,,,,,,,,,,,,,,,,,,,,,,,,,TN,TN
autoland,4767314,1,247a31fb40b3ac0b152bd3554743d742a3892fe3,linux1804-64-shippable-qr,True,False,,,102210fe594ee9b33d82058545b1ed14f4c8206e,id-getter-5.html,perf_reftest_singletons,True,perf_reftest_singletons id-getter-5.html opt e10s fission stylo webrender,4767299,77,ms,firefox,,1765893262,2023-09-29 07:28:11,535.31,cc2b45301f803f5578d08e89c5b1cea83a814a6d,1308611,,,,,,,,,,,,,,,,,,,,,,,,,,,,,,,,,,,,,,,,,,,,,,,,,,,,,,,,,,,,,TN,TN
autoland,4767314,1,247a31fb40b3ac0b152bd3554743d742a3892fe3,linux1804-64-shippable-qr,True,False,,,102210fe594ee9b33d82058545b1ed14f4c8206e,id-getter-5.html,perf_reftest_singletons,True,perf_reftest_singletons id-getter-5.html opt e10s fission stylo webrender,4767299,77,ms,firefox,,1767481436,2023-09-29 07:28:11,577.04,cc2b45301f803f5578d08e89c5b1cea83a814a6d,1308611,,,,,,,,,,,,,,,,,,,,,,,,,,,,,,,,,,,,,,,,,,,,,,,,,,,,,,,,,,,,,TN,TN
autoland,4767314,1,247a31fb40b3ac0b152bd3554743d742a3892fe3,linux1804-64-shippable-qr,True,False,,,102210fe594ee9b33d82058545b1ed14f4c8206e,id-getter-5.html,perf_reftest_singletons,True,perf_reftest_singletons id-getter-5.html opt e10s fission stylo webrender,4767299,77,ms,firefox,,1767481671,2023-09-29 07:28:11,539.5699999999999,cc2b45301f803f5578d08e89c5b1cea83a814a6d,1308611,,,,,,,,,,,,,,,,,,,,,,,,,,,,,,,,,,,,,,,,,,,,,,,,,,,,,,,,,,,,,TN,TN
autoland,4767314,1,247a31fb40b3ac0b152bd3554743d742a3892fe3,linux1804-64-shippable-qr,True,False,,,102210fe594ee9b33d82058545b1ed14f4c8206e,id-getter-5.html,perf_reftest_singletons,True,perf_reftest_singletons id-getter-5.html opt e10s fission stylo webrender,4767299,77,ms,firefox,,1767481782,2023-09-29 07:28:11,531.57,cc2b45301f803f5578d08e89c5b1cea83a814a6d,1308611,,,,,,,,,,,,,,,,,,,,,,,,,,,,,,,,,,,,,,,,,,,,,,,,,,,,,,,,,,,,,TN,TN
autoland,4767314,1,247a31fb40b3ac0b152bd3554743d742a3892fe3,linux1804-64-shippable-qr,True,False,,,102210fe594ee9b33d82058545b1ed14f4c8206e,id-getter-5.html,perf_reftest_singletons,True,perf_reftest_singletons id-getter-5.html opt e10s fission stylo webrender,4767299,77,ms,firefox,,1767481931,2023-09-29 07:28:11,541.44,cc2b45301f803f5578d08e89c5b1cea83a814a6d,1308611,,,,,,,,,,,,,,,,,,,,,,,,,,,,,,,,,,,,,,,,,,,,,,,,,,,,,,,,,,,,,TN,TN
autoland,4767314,1,247a31fb40b3ac0b152bd3554743d742a3892fe3,linux1804-64-shippable-qr,True,False,,,102210fe594ee9b33d82058545b1ed14f4c8206e,id-getter-5.html,perf_reftest_singletons,True,perf_reftest_singletons id-getter-5.html opt e10s fission stylo webrender,4767299,77,ms,firefox,,1767481971,2023-09-29 07:28:11,533.12,cc2b45301f803f5578d08e89c5b1cea83a814a6d,1308611,,,,,,,,,,,,,,,,,,,,,,,,,,,,,,,,,,,,,,,,,,,,,,,,,,,,,,,,,,,,,TN,TN
autoland,4767314,1,247a31fb40b3ac0b152bd3554743d742a3892fe3,linux1804-64-shippable-qr,True,False,,,102210fe594ee9b33d82058545b1ed14f4c8206e,id-getter-5.html,perf_reftest_singletons,True,perf_reftest_singletons id-getter-5.html opt e10s fission stylo webrender,4767299,77,ms,firefox,,1765732891,2023-09-29 07:48:38,528.55,f7a9ab9bffd96e8b1c32cab7bc73e52c21427fbb,1308616,,,,,,,,,,,,,,,,,,,,,,,,,,,,,,,,,,,,,,,,,,,,,,,,,,,,,,,,,,,,,TN,TN
autoland,4767314,1,247a31fb40b3ac0b152bd3554743d742a3892fe3,linux1804-64-shippable-qr,True,False,,,102210fe594ee9b33d82058545b1ed14f4c8206e,id-getter-5.html,perf_reftest_singletons,True,perf_reftest_singletons id-getter-5.html opt e10s fission stylo webrender,4767299,77,ms,firefox,,1765887252,2023-09-29 07:48:38,537.48,f7a9ab9bffd96e8b1c32cab7bc73e52c21427fbb,1308616,,,,,,,,,,,,,,,,,,,,,,,,,,,,,,,,,,,,,,,,,,,,,,,,,,,,,,,,,,,,,TN,TN
autoland,4767314,1,247a31fb40b3ac0b152bd3554743d742a3892fe3,linux1804-64-shippable-qr,True,False,,,102210fe594ee9b33d82058545b1ed14f4c8206e,id-getter-5.html,perf_reftest_singletons,True,perf_reftest_singletons id-getter-5.html opt e10s fission stylo webrender,4767299,77,ms,firefox,,1765887899,2023-09-29 07:48:38,534.24,f7a9ab9bffd96e8b1c32cab7bc73e52c21427fbb,1308616,,,,,,,,,,,,,,,,,,,,,,,,,,,,,,,,,,,,,,,,,,,,,,,,,,,,,,,,,,,,,TN,TN
autoland,4767314,1,247a31fb40b3ac0b152bd3554743d742a3892fe3,linux1804-64-shippable-qr,True,False,,,102210fe594ee9b33d82058545b1ed14f4c8206e,id-getter-5.html,perf_reftest_singletons,True,perf_reftest_singletons id-getter-5.html opt e10s fission stylo webrender,4767299,77,ms,firefox,,1765887518,2023-09-29 07:48:38,539.9100000000001,f7a9ab9bffd96e8b1c32cab7bc73e52c21427fbb,1308616,,,,,,,,,,,,,,,,,,,,,,,,,,,,,,,,,,,,,,,,,,,,,,,,,,,,,,,,,,,,,TN,TN
autoland,4767314,1,247a31fb40b3ac0b152bd3554743d742a3892fe3,linux1804-64-shippable-qr,True,False,,,102210fe594ee9b33d82058545b1ed14f4c8206e,id-getter-5.html,perf_reftest_singletons,True,perf_reftest_singletons id-getter-5.html opt e10s fission stylo webrender,4767299,77,ms,firefox,,1765887321,2023-09-29 07:48:38,529.64,f7a9ab9bffd96e8b1c32cab7bc73e52c21427fbb,1308616,,,,,,,,,,,,,,,,,,,,,,,,,,,,,,,,,,,,,,,,,,,,,,,,,,,,,,,,,,,,,TN,TN
autoland,4767314,1,247a31fb40b3ac0b152bd3554743d742a3892fe3,linux1804-64-shippable-qr,True,False,,,102210fe594ee9b33d82058545b1ed14f4c8206e,id-getter-5.html,perf_reftest_singletons,True,perf_reftest_singletons id-getter-5.html opt e10s fission stylo webrender,4767299,77,ms,firefox,,1765888193,2023-09-29 07:48:38,536.97,f7a9ab9bffd96e8b1c32cab7bc73e52c21427fbb,1308616,,,,,,,,,,,,,,,,,,,,,,,,,,,,,,,,,,,,,,,,,,,,,,,,,,,,,,,,,,,,,TN,TN
autoland,4767314,1,247a31fb40b3ac0b152bd3554743d742a3892fe3,linux1804-64-shippable-qr,True,False,,,102210fe594ee9b33d82058545b1ed14f4c8206e,id-getter-5.html,perf_reftest_singletons,True,perf_reftest_singletons id-getter-5.html opt e10s fission stylo webrender,4767299,77,ms,firefox,,1767485863,2023-09-29 07:48:38,534.05,f7a9ab9bffd96e8b1c32cab7bc73e52c21427fbb,1308616,,,,,,,,,,,,,,,,,,,,,,,,,,,,,,,,,,,,,,,,,,,,,,,,,,,,,,,,,,,,,TN,TN
autoland,4767314,1,247a31fb40b3ac0b152bd3554743d742a3892fe3,linux1804-64-shippable-qr,True,False,,,102210fe594ee9b33d82058545b1ed14f4c8206e,id-getter-5.html,perf_reftest_singletons,True,perf_reftest_singletons id-getter-5.html opt e10s fission stylo webrender,4767299,77,ms,firefox,,1767542905,2023-09-29 07:48:38,541.48,f7a9ab9bffd96e8b1c32cab7bc73e52c21427fbb,1308616,,,,,,,,,,,,,,,,,,,,,,,,,,,,,,,,,,,,,,,,,,,,,,,,,,,,,,,,,,,,,TN,TN
autoland,4767314,1,247a31fb40b3ac0b152bd3554743d742a3892fe3,linux1804-64-shippable-qr,True,False,,,102210fe594ee9b33d82058545b1ed14f4c8206e,id-getter-5.html,perf_reftest_singletons,True,perf_reftest_singletons id-getter-5.html opt e10s fission stylo webrender,4767299,77,ms,firefox,,1767543605,2023-09-29 07:48:38,533.45,f7a9ab9bffd96e8b1c32cab7bc73e52c21427fbb,1308616,,,,,,,,,,,,,,,,,,,,,,,,,,,,,,,,,,,,,,,,,,,,,,,,,,,,,,,,,,,,,TN,TN
autoland,4767314,1,247a31fb40b3ac0b152bd3554743d742a3892fe3,linux1804-64-shippable-qr,True,False,,,102210fe594ee9b33d82058545b1ed14f4c8206e,id-getter-5.html,perf_reftest_singletons,True,perf_reftest_singletons id-getter-5.html opt e10s fission stylo webrender,4767299,77,ms,firefox,,1767544828,2023-09-29 07:48:38,541.79,f7a9ab9bffd96e8b1c32cab7bc73e52c21427fbb,1308616,,,,,,,,,,,,,,,,,,,,,,,,,,,,,,,,,,,,,,,,,,,,,,,,,,,,,,,,,,,,,TN,TN
autoland,4767314,1,247a31fb40b3ac0b152bd3554743d742a3892fe3,linux1804-64-shippable-qr,True,False,,,102210fe594ee9b33d82058545b1ed14f4c8206e,id-getter-5.html,perf_reftest_singletons,True,perf_reftest_singletons id-getter-5.html opt e10s fission stylo webrender,4767299,77,ms,firefox,,1767545683,2023-09-29 07:48:38,531.63,f7a9ab9bffd96e8b1c32cab7bc73e52c21427fbb,1308616,,,,,,,,,,,,,,,,,,,,,,,,,,,,,,,,,,,,,,,,,,,,,,,,,,,,,,,,,,,,,TN,TN
autoland,4767314,1,247a31fb40b3ac0b152bd3554743d742a3892fe3,linux1804-64-shippable-qr,True,False,,,102210fe594ee9b33d82058545b1ed14f4c8206e,id-getter-5.html,perf_reftest_singletons,True,perf_reftest_singletons id-getter-5.html opt e10s fission stylo webrender,4767299,77,ms,firefox,,1765733272,2023-09-29 08:14:45,541.54,dcf8fdaee4435c9bc6e5a3861b6b87de2545cb7e,1308628,,,,,,,,,,,,,,,,,,,,,,,,,,,,,,,,,,,,,,,,,,,,,,,,,,,,,,,,,,,,,TN,TN
autoland,4767314,1,247a31fb40b3ac0b152bd3554743d742a3892fe3,linux1804-64-shippable-qr,True,False,,,102210fe594ee9b33d82058545b1ed14f4c8206e,id-getter-5.html,perf_reftest_singletons,True,perf_reftest_singletons id-getter-5.html opt e10s fission stylo webrender,4767299,77,ms,firefox,,1765889054,2023-09-29 08:14:45,538.72,dcf8fdaee4435c9bc6e5a3861b6b87de2545cb7e,1308628,,,,,,,,,,,,,,,,,,,,,,,,,,,,,,,,,,,,,,,,,,,,,,,,,,,,,,,,,,,,,TN,TN
autoland,4767314,1,247a31fb40b3ac0b152bd3554743d742a3892fe3,linux1804-64-shippable-qr,True,False,,,102210fe594ee9b33d82058545b1ed14f4c8206e,id-getter-5.html,perf_reftest_singletons,True,perf_reftest_singletons id-getter-5.html opt e10s fission stylo webrender,4767299,77,ms,firefox,,1765889131,2023-09-29 08:14:45,530.48,dcf8fdaee4435c9bc6e5a3861b6b87de2545cb7e,1308628,,,,,,,,,,,,,,,,,,,,,,,,,,,,,,,,,,,,,,,,,,,,,,,,,,,,,,,,,,,,,TN,TN
autoland,4767314,1,247a31fb40b3ac0b152bd3554743d742a3892fe3,linux1804-64-shippable-qr,True,False,,,102210fe594ee9b33d82058545b1ed14f4c8206e,id-getter-5.html,perf_reftest_singletons,True,perf_reftest_singletons id-getter-5.html opt e10s fission stylo webrender,4767299,77,ms,firefox,,1765889363,2023-09-29 08:14:45,539.6600000000001,dcf8fdaee4435c9bc6e5a3861b6b87de2545cb7e,1308628,,,,,,,,,,,,,,,,,,,,,,,,,,,,,,,,,,,,,,,,,,,,,,,,,,,,,,,,,,,,,TN,TN
autoland,4767314,1,247a31fb40b3ac0b152bd3554743d742a3892fe3,linux1804-64-shippable-qr,True,False,,,102210fe594ee9b33d82058545b1ed14f4c8206e,id-getter-5.html,perf_reftest_singletons,True,perf_reftest_singletons id-getter-5.html opt e10s fission stylo webrender,4767299,77,ms,firefox,,1765889449,2023-09-29 08:14:45,525.79,dcf8fdaee4435c9bc6e5a3861b6b87de2545cb7e,1308628,,,,,,,,,,,,,,,,,,,,,,,,,,,,,,,,,,,,,,,,,,,,,,,,,,,,,,,,,,,,,TN,TN
autoland,4767314,1,247a31fb40b3ac0b152bd3554743d742a3892fe3,linux1804-64-shippable-qr,True,False,,,102210fe594ee9b33d82058545b1ed14f4c8206e,id-getter-5.html,perf_reftest_singletons,True,perf_reftest_singletons id-getter-5.html opt e10s fission stylo webrender,4767299,77,ms,firefox,,1765889523,2023-09-29 08:14:45,530.87,dcf8fdaee4435c9bc6e5a3861b6b87de2545cb7e,1308628,,,,,,,,,,,,,,,,,,,,,,,,,,,,,,,,,,,,,,,,,,,,,,,,,,,,,,,,,,,,,TN,TN
autoland,4767314,1,247a31fb40b3ac0b152bd3554743d742a3892fe3,linux1804-64-shippable-qr,True,False,,,102210fe594ee9b33d82058545b1ed14f4c8206e,id-getter-5.html,perf_reftest_singletons,True,perf_reftest_singletons id-getter-5.html opt e10s fission stylo webrender,4767299,77,ms,firefox,,1767482066,2023-09-29 08:14:45,534.4200000000001,dcf8fdaee4435c9bc6e5a3861b6b87de2545cb7e,1308628,,,,,,,,,,,,,,,,,,,,,,,,,,,,,,,,,,,,,,,,,,,,,,,,,,,,,,,,,,,,,TN,TN
autoland,4767314,1,247a31fb40b3ac0b152bd3554743d742a3892fe3,linux1804-64-shippable-qr,True,False,,,102210fe594ee9b33d82058545b1ed14f4c8206e,id-getter-5.html,perf_reftest_singletons,True,perf_reftest_singletons id-getter-5.html opt e10s fission stylo webrender,4767299,77,ms,firefox,,1767541968,2023-09-29 08:14:45,562.52,dcf8fdaee4435c9bc6e5a3861b6b87de2545cb7e,1308628,,,,,,,,,,,,,,,,,,,,,,,,,,,,,,,,,,,,,,,,,,,,,,,,,,,,,,,,,,,,,TN,TN
autoland,4767314,1,247a31fb40b3ac0b152bd3554743d742a3892fe3,linux1804-64-shippable-qr,True,False,,,102210fe594ee9b33d82058545b1ed14f4c8206e,id-getter-5.html,perf_reftest_singletons,True,perf_reftest_singletons id-getter-5.html opt e10s fission stylo webrender,4767299,77,ms,firefox,,1767545042,2023-09-29 08:14:45,541.44,dcf8fdaee4435c9bc6e5a3861b6b87de2545cb7e,1308628,,,,,,,,,,,,,,,,,,,,,,,,,,,,,,,,,,,,,,,,,,,,,,,,,,,,,,,,,,,,,TN,TN
autoland,4767314,1,247a31fb40b3ac0b152bd3554743d742a3892fe3,linux1804-64-shippable-qr,True,False,,,102210fe594ee9b33d82058545b1ed14f4c8206e,id-getter-5.html,perf_reftest_singletons,True,perf_reftest_singletons id-getter-5.html opt e10s fission stylo webrender,4767299,77,ms,firefox,,1767544561,2023-09-29 08:14:45,527.5799999999999,dcf8fdaee4435c9bc6e5a3861b6b87de2545cb7e,1308628,,,,,,,,,,,,,,,,,,,,,,,,,,,,,,,,,,,,,,,,,,,,,,,,,,,,,,,,,,,,,TN,TN
autoland,4767314,1,247a31fb40b3ac0b152bd3554743d742a3892fe3,linux1804-64-shippable-qr,True,False,,,102210fe594ee9b33d82058545b1ed14f4c8206e,id-getter-5.html,perf_reftest_singletons,True,perf_reftest_singletons id-getter-5.html opt e10s fission stylo webrender,4767299,77,ms,firefox,,1767543132,2023-09-29 08:14:45,530.65,dcf8fdaee4435c9bc6e5a3861b6b87de2545cb7e,1308628,,,,,,,,,,,,,,,,,,,,,,,,,,,,,,,,,,,,,,,,,,,,,,,,,,,,,,,,,,,,,TN,TN
autoland,4767314,1,247a31fb40b3ac0b152bd3554743d742a3892fe3,linux1804-64-shippable-qr,True,False,,,102210fe594ee9b33d82058545b1ed14f4c8206e,id-getter-5.html,perf_reftest_singletons,True,perf_reftest_singletons id-getter-5.html opt e10s fission stylo webrender,4767299,77,ms,firefox,,1765733007,2023-09-29 08:24:07,530.21,378f705613754695519a1656dfb448c4d046e9b8,1308631,,,,,,,,,,,,,,,,,,,,,,,,,,,,,,,,,,,,,,,,,,,,,,,,,,,,,,,,,,,,,TN,TN
autoland,4767314,1,247a31fb40b3ac0b152bd3554743d742a3892fe3,linux1804-64-shippable-qr,True,False,,,102210fe594ee9b33d82058545b1ed14f4c8206e,id-getter-5.html,perf_reftest_singletons,True,perf_reftest_singletons id-getter-5.html opt e10s fission stylo webrender,4767299,77,ms,firefox,,1765890811,2023-09-29 08:24:07,531.7,378f705613754695519a1656dfb448c4d046e9b8,1308631,,,,,,,,,,,,,,,,,,,,,,,,,,,,,,,,,,,,,,,,,,,,,,,,,,,,,,,,,,,,,TN,TN
autoland,4767314,1,247a31fb40b3ac0b152bd3554743d742a3892fe3,linux1804-64-shippable-qr,True,False,,,102210fe594ee9b33d82058545b1ed14f4c8206e,id-getter-5.html,perf_reftest_singletons,True,perf_reftest_singletons id-getter-5.html opt e10s fission stylo webrender,4767299,77,ms,firefox,,1765890193,2023-09-29 08:24:07,539.61,378f705613754695519a1656dfb448c4d046e9b8,1308631,,,,,,,,,,,,,,,,,,,,,,,,,,,,,,,,,,,,,,,,,,,,,,,,,,,,,,,,,,,,,TN,TN
autoland,4767314,1,247a31fb40b3ac0b152bd3554743d742a3892fe3,linux1804-64-shippable-qr,True,False,,,102210fe594ee9b33d82058545b1ed14f4c8206e,id-getter-5.html,perf_reftest_singletons,True,perf_reftest_singletons id-getter-5.html opt e10s fission stylo webrender,4767299,77,ms,firefox,,1765890427,2023-09-29 08:24:07,528.74,378f705613754695519a1656dfb448c4d046e9b8,1308631,,,,,,,,,,,,,,,,,,,,,,,,,,,,,,,,,,,,,,,,,,,,,,,,,,,,,,,,,,,,,TN,TN
autoland,4767314,1,247a31fb40b3ac0b152bd3554743d742a3892fe3,linux1804-64-shippable-qr,True,False,,,102210fe594ee9b33d82058545b1ed14f4c8206e,id-getter-5.html,perf_reftest_singletons,True,perf_reftest_singletons id-getter-5.html opt e10s fission stylo webrender,4767299,77,ms,firefox,,1765890968,2023-09-29 08:24:07,530.73,378f705613754695519a1656dfb448c4d046e9b8,1308631,,,,,,,,,,,,,,,,,,,,,,,,,,,,,,,,,,,,,,,,,,,,,,,,,,,,,,,,,,,,,TN,TN
autoland,4767314,1,247a31fb40b3ac0b152bd3554743d742a3892fe3,linux1804-64-shippable-qr,True,False,,,102210fe594ee9b33d82058545b1ed14f4c8206e,id-getter-5.html,perf_reftest_singletons,True,perf_reftest_singletons id-getter-5.html opt e10s fission stylo webrender,4767299,77,ms,firefox,,1765890885,2023-09-29 08:24:07,527.22,378f705613754695519a1656dfb448c4d046e9b8,1308631,,,,,,,,,,,,,,,,,,,,,,,,,,,,,,,,,,,,,,,,,,,,,,,,,,,,,,,,,,,,,TN,TN
autoland,4767314,1,247a31fb40b3ac0b152bd3554743d742a3892fe3,linux1804-64-shippable-qr,True,False,,,102210fe594ee9b33d82058545b1ed14f4c8206e,id-getter-5.html,perf_reftest_singletons,True,perf_reftest_singletons id-getter-5.html opt e10s fission stylo webrender,4767299,77,ms,firefox,,1767482101,2023-09-29 08:24:07,529.02,378f705613754695519a1656dfb448c4d046e9b8,1308631,,,,,,,,,,,,,,,,,,,,,,,,,,,,,,,,,,,,,,,,,,,,,,,,,,,,,,,,,,,,,TN,TN
autoland,4767314,1,247a31fb40b3ac0b152bd3554743d742a3892fe3,linux1804-64-shippable-qr,True,False,,,102210fe594ee9b33d82058545b1ed14f4c8206e,id-getter-5.html,perf_reftest_singletons,True,perf_reftest_singletons id-getter-5.html opt e10s fission stylo webrender,4767299,77,ms,firefox,,1767541781,2023-09-29 08:24:07,532.21,378f705613754695519a1656dfb448c4d046e9b8,1308631,,,,,,,,,,,,,,,,,,,,,,,,,,,,,,,,,,,,,,,,,,,,,,,,,,,,,,,,,,,,,TN,TN
autoland,4767314,1,247a31fb40b3ac0b152bd3554743d742a3892fe3,linux1804-64-shippable-qr,True,False,,,102210fe594ee9b33d82058545b1ed14f4c8206e,id-getter-5.html,perf_reftest_singletons,True,perf_reftest_singletons id-getter-5.html opt e10s fission stylo webrender,4767299,77,ms,firefox,,1767543089,2023-09-29 08:24:07,536.4100000000001,378f705613754695519a1656dfb448c4d046e9b8,1308631,,,,,,,,,,,,,,,,,,,,,,,,,,,,,,,,,,,,,,,,,,,,,,,,,,,,,,,,,,,,,TN,TN
autoland,4767314,1,247a31fb40b3ac0b152bd3554743d742a3892fe3,linux1804-64-shippable-qr,True,False,,,102210fe594ee9b33d82058545b1ed14f4c8206e,id-getter-5.html,perf_reftest_singletons,True,perf_reftest_singletons id-getter-5.html opt e10s fission stylo webrender,4767299,77,ms,firefox,,1767544108,2023-09-29 08:24:07,533.31,378f705613754695519a1656dfb448c4d046e9b8,1308631,,,,,,,,,,,,,,,,,,,,,,,,,,,,,,,,,,,,,,,,,,,,,,,,,,,,,,,,,,,,,TN,TN
autoland,4767314,1,247a31fb40b3ac0b152bd3554743d742a3892fe3,linux1804-64-shippable-qr,True,False,,,102210fe594ee9b33d82058545b1ed14f4c8206e,id-getter-5.html,perf_reftest_singletons,True,perf_reftest_singletons id-getter-5.html opt e10s fission stylo webrender,4767299,77,ms,firefox,,1767544912,2023-09-29 08:24:07,530.8599999999999,378f705613754695519a1656dfb448c4d046e9b8,1308631,,,,,,,,,,,,,,,,,,,,,,,,,,,,,,,,,,,,,,,,,,,,,,,,,,,,,,,,,,,,,TN,TN
autoland,4767314,1,247a31fb40b3ac0b152bd3554743d742a3892fe3,linux1804-64-shippable-qr,True,False,,,102210fe594ee9b33d82058545b1ed14f4c8206e,id-getter-5.html,perf_reftest_singletons,True,perf_reftest_singletons id-getter-5.html opt e10s fission stylo webrender,4767299,77,ms,firefox,,1764653602,2023-09-29 09:03:41,530.8399999999999,6453cd78e4f187bc198e83900dd9937c3cc6d0fc,1308650,,,,,,,,,,,,,,,,,,,,,,,,,,,,,,,,,,,,,,,,,,,,,,,,,,,,,,,,,,,,,TN,TN
autoland,4767314,1,247a31fb40b3ac0b152bd3554743d742a3892fe3,linux1804-64-shippable-qr,True,False,,,102210fe594ee9b33d82058545b1ed14f4c8206e,id-getter-5.html,perf_reftest_singletons,True,perf_reftest_singletons id-getter-5.html opt e10s fission stylo webrender,4767299,77,ms,firefox,,1765889565,2023-09-29 09:03:41,541.14,6453cd78e4f187bc198e83900dd9937c3cc6d0fc,1308650,,,,,,,,,,,,,,,,,,,,,,,,,,,,,,,,,,,,,,,,,,,,,,,,,,,,,,,,,,,,,TN,TN
autoland,4767314,1,247a31fb40b3ac0b152bd3554743d742a3892fe3,linux1804-64-shippable-qr,True,False,,,102210fe594ee9b33d82058545b1ed14f4c8206e,id-getter-5.html,perf_reftest_singletons,True,perf_reftest_singletons id-getter-5.html opt e10s fission stylo webrender,4767299,77,ms,firefox,,1765890271,2023-09-29 09:03:41,532.1100000000001,6453cd78e4f187bc198e83900dd9937c3cc6d0fc,1308650,,,,,,,,,,,,,,,,,,,,,,,,,,,,,,,,,,,,,,,,,,,,,,,,,,,,,,,,,,,,,TN,TN
autoland,4767314,1,247a31fb40b3ac0b152bd3554743d742a3892fe3,linux1804-64-shippable-qr,True,False,,,102210fe594ee9b33d82058545b1ed14f4c8206e,id-getter-5.html,perf_reftest_singletons,True,perf_reftest_singletons id-getter-5.html opt e10s fission stylo webrender,4767299,77,ms,firefox,,1765890399,2023-09-29 09:03:41,535.25,6453cd78e4f187bc198e83900dd9937c3cc6d0fc,1308650,,,,,,,,,,,,,,,,,,,,,,,,,,,,,,,,,,,,,,,,,,,,,,,,,,,,,,,,,,,,,TN,TN
autoland,4767314,1,247a31fb40b3ac0b152bd3554743d742a3892fe3,linux1804-64-shippable-qr,True,False,,,102210fe594ee9b33d82058545b1ed14f4c8206e,id-getter-5.html,perf_reftest_singletons,True,perf_reftest_singletons id-getter-5.html opt e10s fission stylo webrender,4767299,77,ms,firefox,,1765891200,2023-09-29 09:03:41,534.44,6453cd78e4f187bc198e83900dd9937c3cc6d0fc,1308650,,,,,,,,,,,,,,,,,,,,,,,,,,,,,,,,,,,,,,,,,,,,,,,,,,,,,,,,,,,,,TN,TN
autoland,4767314,1,247a31fb40b3ac0b152bd3554743d742a3892fe3,linux1804-64-shippable-qr,True,False,,,102210fe594ee9b33d82058545b1ed14f4c8206e,id-getter-5.html,perf_reftest_singletons,True,perf_reftest_singletons id-getter-5.html opt e10s fission stylo webrender,4767299,77,ms,firefox,,1765892314,2023-09-29 09:03:41,541.36,6453cd78e4f187bc198e83900dd9937c3cc6d0fc,1308650,,,,,,,,,,,,,,,,,,,,,,,,,,,,,,,,,,,,,,,,,,,,,,,,,,,,,,,,,,,,,TN,TN
autoland,4767314,1,247a31fb40b3ac0b152bd3554743d742a3892fe3,linux1804-64-shippable-qr,True,False,,,102210fe594ee9b33d82058545b1ed14f4c8206e,id-getter-5.html,perf_reftest_singletons,True,perf_reftest_singletons id-getter-5.html opt e10s fission stylo webrender,4767299,77,ms,firefox,,1767547032,2023-09-29 09:03:41,530.95,6453cd78e4f187bc198e83900dd9937c3cc6d0fc,1308650,,,,,,,,,,,,,,,,,,,,,,,,,,,,,,,,,,,,,,,,,,,,,,,,,,,,,,,,,,,,,TN,TN
autoland,4767314,1,247a31fb40b3ac0b152bd3554743d742a3892fe3,linux1804-64-shippable-qr,True,False,,,102210fe594ee9b33d82058545b1ed14f4c8206e,id-getter-5.html,perf_reftest_singletons,True,perf_reftest_singletons id-getter-5.html opt e10s fission stylo webrender,4767299,77,ms,firefox,,1767547123,2023-09-29 09:03:41,553.1700000000001,6453cd78e4f187bc198e83900dd9937c3cc6d0fc,1308650,,,,,,,,,,,,,,,,,,,,,,,,,,,,,,,,,,,,,,,,,,,,,,,,,,,,,,,,,,,,,TN,TN
autoland,4767314,1,247a31fb40b3ac0b152bd3554743d742a3892fe3,linux1804-64-shippable-qr,True,False,,,102210fe594ee9b33d82058545b1ed14f4c8206e,id-getter-5.html,perf_reftest_singletons,True,perf_reftest_singletons id-getter-5.html opt e10s fission stylo webrender,4767299,77,ms,firefox,,1767546852,2023-09-29 09:03:41,544.87,6453cd78e4f187bc198e83900dd9937c3cc6d0fc,1308650,,,,,,,,,,,,,,,,,,,,,,,,,,,,,,,,,,,,,,,,,,,,,,,,,,,,,,,,,,,,,TN,TN
autoland,4767314,1,247a31fb40b3ac0b152bd3554743d742a3892fe3,linux1804-64-shippable-qr,True,False,,,102210fe594ee9b33d82058545b1ed14f4c8206e,id-getter-5.html,perf_reftest_singletons,True,perf_reftest_singletons id-getter-5.html opt e10s fission stylo webrender,4767299,77,ms,firefox,,1767547178,2023-09-29 09:03:41,538.04,6453cd78e4f187bc198e83900dd9937c3cc6d0fc,1308650,,,,,,,,,,,,,,,,,,,,,,,,,,,,,,,,,,,,,,,,,,,,,,,,,,,,,,,,,,,,,TN,TN
autoland,4767314,1,247a31fb40b3ac0b152bd3554743d742a3892fe3,linux1804-64-shippable-qr,True,False,,,102210fe594ee9b33d82058545b1ed14f4c8206e,id-getter-5.html,perf_reftest_singletons,True,perf_reftest_singletons id-getter-5.html opt e10s fission stylo webrender,4767299,77,ms,firefox,,1767547250,2023-09-29 09:03:41,527.33,6453cd78e4f187bc198e83900dd9937c3cc6d0fc,1308650,,,,,,,,,,,,,,,,,,,,,,,,,,,,,,,,,,,,,,,,,,,,,,,,,,,,,,,,,,,,,TN,TN
autoland,4767314,1,247a31fb40b3ac0b152bd3554743d742a3892fe3,linux1804-64-shippable-qr,True,False,,,102210fe594ee9b33d82058545b1ed14f4c8206e,id-getter-5.html,perf_reftest_singletons,True,perf_reftest_singletons id-getter-5.html opt e10s fission stylo webrender,4767299,77,ms,firefox,,1765732741,2023-09-29 09:05:03,528.77,7813c893a1f8dca29947cdfb26c56e40e4a862d1,1308651,,,,,,,,,,,,,,,,,,,,,,,,,,,,,,,,,,,,,,,,,,,,,,,,,,,,,,,,,,,,,TN,TN
autoland,4767314,1,247a31fb40b3ac0b152bd3554743d742a3892fe3,linux1804-64-shippable-qr,True,False,,,102210fe594ee9b33d82058545b1ed14f4c8206e,id-getter-5.html,perf_reftest_singletons,True,perf_reftest_singletons id-getter-5.html opt e10s fission stylo webrender,4767299,77,ms,firefox,,1767485686,2023-09-29 09:05:03,540.78,7813c893a1f8dca29947cdfb26c56e40e4a862d1,1308651,,,,,,,,,,,,,,,,,,,,,,,,,,,,,,,,,,,,,,,,,,,,,,,,,,,,,,,,,,,,,TN,TN
autoland,4767314,1,247a31fb40b3ac0b152bd3554743d742a3892fe3,linux1804-64-shippable-qr,True,False,,,102210fe594ee9b33d82058545b1ed14f4c8206e,id-getter-5.html,perf_reftest_singletons,True,perf_reftest_singletons id-getter-5.html opt e10s fission stylo webrender,4767299,77,ms,firefox,,1767542325,2023-09-29 09:05:03,530.28,7813c893a1f8dca29947cdfb26c56e40e4a862d1,1308651,,,,,,,,,,,,,,,,,,,,,,,,,,,,,,,,,,,,,,,,,,,,,,,,,,,,,,,,,,,,,TN,TN
autoland,4767314,1,247a31fb40b3ac0b152bd3554743d742a3892fe3,linux1804-64-shippable-qr,True,False,,,102210fe594ee9b33d82058545b1ed14f4c8206e,id-getter-5.html,perf_reftest_singletons,True,perf_reftest_singletons id-getter-5.html opt e10s fission stylo webrender,4767299,77,ms,firefox,,1767545297,2023-09-29 09:05:03,528.48,7813c893a1f8dca29947cdfb26c56e40e4a862d1,1308651,,,,,,,,,,,,,,,,,,,,,,,,,,,,,,,,,,,,,,,,,,,,,,,,,,,,,,,,,,,,,TN,TN
autoland,4767314,1,247a31fb40b3ac0b152bd3554743d742a3892fe3,linux1804-64-shippable-qr,True,False,,,102210fe594ee9b33d82058545b1ed14f4c8206e,id-getter-5.html,perf_reftest_singletons,True,perf_reftest_singletons id-getter-5.html opt e10s fission stylo webrender,4767299,77,ms,firefox,,1767543900,2023-09-29 09:05:03,531.58,7813c893a1f8dca29947cdfb26c56e40e4a862d1,1308651,,,,,,,,,,,,,,,,,,,,,,,,,,,,,,,,,,,,,,,,,,,,,,,,,,,,,,,,,,,,,TN,TN
autoland,4767314,1,247a31fb40b3ac0b152bd3554743d742a3892fe3,linux1804-64-shippable-qr,True,False,,,102210fe594ee9b33d82058545b1ed14f4c8206e,id-getter-5.html,perf_reftest_singletons,True,perf_reftest_singletons id-getter-5.html opt e10s fission stylo webrender,4767299,77,ms,firefox,,1767544770,2023-09-29 09:05:03,539.0999999999999,7813c893a1f8dca29947cdfb26c56e40e4a862d1,1308651,,,,,,,,,,,,,,,,,,,,,,,,,,,,,,,,,,,,,,,,,,,,,,,,,,,,,,,,,,,,,TN,TN
autoland,4767314,1,247a31fb40b3ac0b152bd3554743d742a3892fe3,linux1804-64-shippable-qr,True,False,,,102210fe594ee9b33d82058545b1ed14f4c8206e,id-getter-5.html,perf_reftest_singletons,True,perf_reftest_singletons id-getter-5.html opt e10s fission stylo webrender,4767299,77,ms,firefox,,1765732703,2023-09-29 10:47:56,532.21,56120ceb75ffc6e9d0796d47c0d122f45a21cb1e,1308686,,,,,,,,,,,,,,,,,,,,,,,,,,,,,,,,,,,,,,,,,,,,,,,,,,,,,,,,,,,,,TN,TN
autoland,4767314,1,247a31fb40b3ac0b152bd3554743d742a3892fe3,linux1804-64-shippable-qr,True,False,,,102210fe594ee9b33d82058545b1ed14f4c8206e,id-getter-5.html,perf_reftest_singletons,True,perf_reftest_singletons id-getter-5.html opt e10s fission stylo webrender,4767299,77,ms,firefox,,1767545767,2023-09-29 10:47:56,529.72,56120ceb75ffc6e9d0796d47c0d122f45a21cb1e,1308686,,,,,,,,,,,,,,,,,,,,,,,,,,,,,,,,,,,,,,,,,,,,,,,,,,,,,,,,,,,,,TN,TN
autoland,4767314,1,247a31fb40b3ac0b152bd3554743d742a3892fe3,linux1804-64-shippable-qr,True,False,,,102210fe594ee9b33d82058545b1ed14f4c8206e,id-getter-5.html,perf_reftest_singletons,True,perf_reftest_singletons id-getter-5.html opt e10s fission stylo webrender,4767299,77,ms,firefox,,1767546180,2023-09-29 10:47:56,524.8,56120ceb75ffc6e9d0796d47c0d122f45a21cb1e,1308686,,,,,,,,,,,,,,,,,,,,,,,,,,,,,,,,,,,,,,,,,,,,,,,,,,,,,,,,,,,,,TN,TN
autoland,4767314,1,247a31fb40b3ac0b152bd3554743d742a3892fe3,linux1804-64-shippable-qr,True,False,,,102210fe594ee9b33d82058545b1ed14f4c8206e,id-getter-5.html,perf_reftest_singletons,True,perf_reftest_singletons id-getter-5.html opt e10s fission stylo webrender,4767299,77,ms,firefox,,1767546257,2023-09-29 10:47:56,535.11,56120ceb75ffc6e9d0796d47c0d122f45a21cb1e,1308686,,,,,,,,,,,,,,,,,,,,,,,,,,,,,,,,,,,,,,,,,,,,,,,,,,,,,,,,,,,,,TN,TN
autoland,4767314,1,247a31fb40b3ac0b152bd3554743d742a3892fe3,linux1804-64-shippable-qr,True,False,,,102210fe594ee9b33d82058545b1ed14f4c8206e,id-getter-5.html,perf_reftest_singletons,True,perf_reftest_singletons id-getter-5.html opt e10s fission stylo webrender,4767299,77,ms,firefox,,1767545609,2023-09-29 10:47:56,534.05,56120ceb75ffc6e9d0796d47c0d122f45a21cb1e,1308686,,,,,,,,,,,,,,,,,,,,,,,,,,,,,,,,,,,,,,,,,,,,,,,,,,,,,,,,,,,,,TN,TN
autoland,4767314,1,247a31fb40b3ac0b152bd3554743d742a3892fe3,linux1804-64-shippable-qr,True,False,,,102210fe594ee9b33d82058545b1ed14f4c8206e,id-getter-5.html,perf_reftest_singletons,True,perf_reftest_singletons id-getter-5.html opt e10s fission stylo webrender,4767299,77,ms,firefox,,1767546589,2023-09-29 10:47:56,526.86,56120ceb75ffc6e9d0796d47c0d122f45a21cb1e,1308686,,,,,,,,,,,,,,,,,,,,,,,,,,,,,,,,,,,,,,,,,,,,,,,,,,,,,,,,,,,,,TN,TN
autoland,4767314,1,247a31fb40b3ac0b152bd3554743d742a3892fe3,linux1804-64-shippable-qr,True,False,,,102210fe594ee9b33d82058545b1ed14f4c8206e,id-getter-5.html,perf_reftest_singletons,True,perf_reftest_singletons id-getter-5.html opt e10s fission stylo webrender,4767299,77,ms,firefox,,1765732364,2023-09-29 11:22:36,535.1600000000001,b713131d3c1f364c35447081832ef027a4d9642e,1308699,,,,,,,,,,,,,,,,,,,,,,,,,,,,,,,,,,,,,,,,,,,,,,,,,,,,,,,,,,,,,TN,TN
autoland,4767314,1,247a31fb40b3ac0b152bd3554743d742a3892fe3,linux1804-64-shippable-qr,True,False,,,102210fe594ee9b33d82058545b1ed14f4c8206e,id-getter-5.html,perf_reftest_singletons,True,perf_reftest_singletons id-getter-5.html opt e10s fission stylo webrender,4767299,77,ms,firefox,,1767482170,2023-09-29 11:22:36,533.07,b713131d3c1f364c35447081832ef027a4d9642e,1308699,,,,,,,,,,,,,,,,,,,,,,,,,,,,,,,,,,,,,,,,,,,,,,,,,,,,,,,,,,,,,TN,TN
autoland,4767314,1,247a31fb40b3ac0b152bd3554743d742a3892fe3,linux1804-64-shippable-qr,True,False,,,102210fe594ee9b33d82058545b1ed14f4c8206e,id-getter-5.html,perf_reftest_singletons,True,perf_reftest_singletons id-getter-5.html opt e10s fission stylo webrender,4767299,77,ms,firefox,,1767541759,2023-09-29 11:22:36,538.5699999999999,b713131d3c1f364c35447081832ef027a4d9642e,1308699,,,,,,,,,,,,,,,,,,,,,,,,,,,,,,,,,,,,,,,,,,,,,,,,,,,,,,,,,,,,,TN,TN
autoland,4767314,1,247a31fb40b3ac0b152bd3554743d742a3892fe3,linux1804-64-shippable-qr,True,False,,,102210fe594ee9b33d82058545b1ed14f4c8206e,id-getter-5.html,perf_reftest_singletons,True,perf_reftest_singletons id-getter-5.html opt e10s fission stylo webrender,4767299,77,ms,firefox,,1767542972,2023-09-29 11:22:36,528.4000000000001,b713131d3c1f364c35447081832ef027a4d9642e,1308699,,,,,,,,,,,,,,,,,,,,,,,,,,,,,,,,,,,,,,,,,,,,,,,,,,,,,,,,,,,,,TN,TN
autoland,4767314,1,247a31fb40b3ac0b152bd3554743d742a3892fe3,linux1804-64-shippable-qr,True,False,,,102210fe594ee9b33d82058545b1ed14f4c8206e,id-getter-5.html,perf_reftest_singletons,True,perf_reftest_singletons id-getter-5.html opt e10s fission stylo webrender,4767299,77,ms,firefox,,1767544504,2023-09-29 11:22:36,528.16,b713131d3c1f364c35447081832ef027a4d9642e,1308699,,,,,,,,,,,,,,,,,,,,,,,,,,,,,,,,,,,,,,,,,,,,,,,,,,,,,,,,,,,,,TN,TN
autoland,4767314,1,247a31fb40b3ac0b152bd3554743d742a3892fe3,linux1804-64-shippable-qr,True,False,,,102210fe594ee9b33d82058545b1ed14f4c8206e,id-getter-5.html,perf_reftest_singletons,True,perf_reftest_singletons id-getter-5.html opt e10s fission stylo webrender,4767299,77,ms,firefox,,1767544898,2023-09-29 11:22:36,528.65,b713131d3c1f364c35447081832ef027a4d9642e,1308699,,,,,,,,,,,,,,,,,,,,,,,,,,,,,,,,,,,,,,,,,,,,,,,,,,,,,,,,,,,,,TN,TN
autoland,4767314,1,247a31fb40b3ac0b152bd3554743d742a3892fe3,linux1804-64-shippable-qr,True,False,,,102210fe594ee9b33d82058545b1ed14f4c8206e,id-getter-5.html,perf_reftest_singletons,True,perf_reftest_singletons id-getter-5.html opt e10s fission stylo webrender,4767299,77,ms,firefox,,1765732446,2023-09-29 11:44:55,539.91,96ff91b8355eab5ce4627119287433176110fe9a,1308715,,,,,,,,,,,,,,,,,,,,,,,,,,,,,,,,,,,,,,,,,,,,,,,,,,,,,,,,,,,,,TN,TN
autoland,4767314,1,247a31fb40b3ac0b152bd3554743d742a3892fe3,linux1804-64-shippable-qr,True,False,,,102210fe594ee9b33d82058545b1ed14f4c8206e,id-getter-5.html,perf_reftest_singletons,True,perf_reftest_singletons id-getter-5.html opt e10s fission stylo webrender,4767299,77,ms,firefox,,1765730977,2023-09-29 11:58:31,525.97,eea9bc76ab987c214741bef34d0f2d87d99276d5,1308721,,,,,,,,,,,,,,,,,,,,,,,,,,,,,,,,,,,,,,,,,,,,,,,,,,,,,,,,,,,,,TN,TN
autoland,4767314,1,247a31fb40b3ac0b152bd3554743d742a3892fe3,linux1804-64-shippable-qr,True,False,,,102210fe594ee9b33d82058545b1ed14f4c8206e,id-getter-5.html,perf_reftest_singletons,True,perf_reftest_singletons id-getter-5.html opt e10s fission stylo webrender,4767299,77,ms,firefox,,1765730912,2023-09-29 12:16:39,525.6600000000001,d9e7cc311757e0217db43cb0748e027f6fd0cbbd,1308728,,,,,,,,,,,,,,,,,,,,,,,,,,,,,,,,,,,,,,,,,,,,,,,,,,,,,,,,,,,,,TN,TN
autoland,4767314,1,247a31fb40b3ac0b152bd3554743d742a3892fe3,linux1804-64-shippable-qr,True,False,,,102210fe594ee9b33d82058545b1ed14f4c8206e,id-getter-5.html,perf_reftest_singletons,True,perf_reftest_singletons id-getter-5.html opt e10s fission stylo webrender,4767299,77,ms,firefox,,1765731242,2023-09-29 12:20:04,538.96,671cc9eb7842379695fe74100e90f6ce8ba7c09a,1308730,,,,,,,,,,,,,,,,,,,,,,,,,,,,,,,,,,,,,,,,,,,,,,,,,,,,,,,,,,,,,TN,TN
autoland,4767314,1,247a31fb40b3ac0b152bd3554743d742a3892fe3,linux1804-64-shippable-qr,True,False,,,102210fe594ee9b33d82058545b1ed14f4c8206e,id-getter-5.html,perf_reftest_singletons,True,perf_reftest_singletons id-getter-5.html opt e10s fission stylo webrender,4767299,77,ms,firefox,,1765731162,2023-09-29 12:34:37,530.13,0d999601edebb3d854104ec309855ece059d4510,1308733,,,,,,,,,,,,,,,,,,,,,,,,,,,,,,,,,,,,,,,,,,,,,,,,,,,,,,,,,,,,,TN,TN
autoland,4767314,1,247a31fb40b3ac0b152bd3554743d742a3892fe3,linux1804-64-shippable-qr,True,False,,,102210fe594ee9b33d82058545b1ed14f4c8206e,id-getter-5.html,perf_reftest_singletons,True,perf_reftest_singletons id-getter-5.html opt e10s fission stylo webrender,4767299,77,ms,firefox,,1765731284,2023-09-29 12:49:48,541.55,8c2ed68b21eba2e59fe4c3f7dbce6a05b6f07929,1308744,,,,,,,,,,,,,,,,,,,,,,,,,,,,,,,,,,,,,,,,,,,,,,,,,,,,,,,,,,,,,TN,TN
autoland,4767314,1,247a31fb40b3ac0b152bd3554743d742a3892fe3,linux1804-64-shippable-qr,True,False,,,102210fe594ee9b33d82058545b1ed14f4c8206e,id-getter-5.html,perf_reftest_singletons,True,perf_reftest_singletons id-getter-5.html opt e10s fission stylo webrender,4767299,77,ms,firefox,,1764745410,2023-09-29 13:06:51,536.53,dfea5c2f2737b0334921941ecd0f5f235432942e,1308761,,,,,,,,,,,,,,,,,,,,,,,,,,,,,,,,,,,,,,,,,,,,,,,,,,,,,,,,,,,,,TN,TN
autoland,4767314,1,247a31fb40b3ac0b152bd3554743d742a3892fe3,linux1804-64-shippable-qr,True,False,,,102210fe594ee9b33d82058545b1ed14f4c8206e,id-getter-5.html,perf_reftest_singletons,True,perf_reftest_singletons id-getter-5.html opt e10s fission stylo webrender,4767299,77,ms,firefox,,1765731203,2023-09-29 13:29:12,528.45,c3167e76bc8e1af59a444d63526d42fab3be8420,1308768,,,,,,,,,,,,,,,,,,,,,,,,,,,,,,,,,,,,,,,,,,,,,,,,,,,,,,,,,,,,,TN,TN
autoland,4767314,1,247a31fb40b3ac0b152bd3554743d742a3892fe3,linux1804-64-shippable-qr,True,False,,,102210fe594ee9b33d82058545b1ed14f4c8206e,id-getter-5.html,perf_reftest_singletons,True,perf_reftest_singletons id-getter-5.html opt e10s fission stylo webrender,4767299,77,ms,firefox,,1765731399,2023-09-29 13:31:49,529.9200000000001,0a41249a323f3abd6de55b7baa27a6e1811ab96a,1308771,,,,,,,,,,,,,,,,,,,,,,,,,,,,,,,,,,,,,,,,,,,,,,,,,,,,,,,,,,,,,TN,TN
autoland,4767314,1,247a31fb40b3ac0b152bd3554743d742a3892fe3,linux1804-64-shippable-qr,True,False,,,102210fe594ee9b33d82058545b1ed14f4c8206e,id-getter-5.html,perf_reftest_singletons,True,perf_reftest_singletons id-getter-5.html opt e10s fission stylo webrender,4767299,77,ms,firefox,,1765731513,2023-09-29 13:32:50,540.66,0fc7ee382c5cef9b28139168e973d1c1a01fc87b,1308776,,,,,,,,,,,,,,,,,,,,,,,,,,,,,,,,,,,,,,,,,,,,,,,,,,,,,,,,,,,,,TN,TN
autoland,4767314,1,247a31fb40b3ac0b152bd3554743d742a3892fe3,linux1804-64-shippable-qr,True,False,,,102210fe594ee9b33d82058545b1ed14f4c8206e,id-getter-5.html,perf_reftest_singletons,True,perf_reftest_singletons id-getter-5.html opt e10s fission stylo webrender,4767299,77,ms,firefox,,1765731475,2023-09-29 13:33:39,527.23,161d8267260601a9d3eabc924298b5ba11a03d44,1308777,,,,,,,,,,,,,,,,,,,,,,,,,,,,,,,,,,,,,,,,,,,,,,,,,,,,,,,,,,,,,TN,TN
autoland,4767314,1,247a31fb40b3ac0b152bd3554743d742a3892fe3,linux1804-64-shippable-qr,True,False,,,102210fe594ee9b33d82058545b1ed14f4c8206e,id-getter-5.html,perf_reftest_singletons,True,perf_reftest_singletons id-getter-5.html opt e10s fission stylo webrender,4767299,77,ms,firefox,,1765731551,2023-09-29 13:46:59,532.17,670023e8a9bba0b04831cccee348cee4a5175c18,1308778,,,,,,,,,,,,,,,,,,,,,,,,,,,,,,,,,,,,,,,,,,,,,,,,,,,,,,,,,,,,,TN,TN
autoland,4767314,1,247a31fb40b3ac0b152bd3554743d742a3892fe3,linux1804-64-shippable-qr,True,False,,,102210fe594ee9b33d82058545b1ed14f4c8206e,id-getter-5.html,perf_reftest_singletons,True,perf_reftest_singletons id-getter-5.html opt e10s fission stylo webrender,4767299,77,ms,firefox,,1765731437,2023-09-29 13:50:09,529.09,b9016e4fd85efb84fce2996a7e328881b28cb39c,1308779,,,,,,,,,,,,,,,,,,,,,,,,,,,,,,,,,,,,,,,,,,,,,,,,,,,,,,,,,,,,,TN,TN
autoland,4767314,1,247a31fb40b3ac0b152bd3554743d742a3892fe3,linux1804-64-shippable-qr,True,False,,,102210fe594ee9b33d82058545b1ed14f4c8206e,id-getter-5.html,perf_reftest_singletons,True,perf_reftest_singletons id-getter-5.html opt e10s fission stylo webrender,4767299,77,ms,firefox,,1765731627,2023-09-29 14:13:24,537.98,a120317e670ae06f583fd6bd0a0de57ed19ad01d,1308788,,,,,,,,,,,,,,,,,,,,,,,,,,,,,,,,,,,,,,,,,,,,,,,,,,,,,,,,,,,,,TN,TN
autoland,4767314,1,247a31fb40b3ac0b152bd3554743d742a3892fe3,linux1804-64-shippable-qr,True,False,,,102210fe594ee9b33d82058545b1ed14f4c8206e,id-getter-5.html,perf_reftest_singletons,True,perf_reftest_singletons id-getter-5.html opt e10s fission stylo webrender,4767299,77,ms,firefox,,1765733120,2023-09-29 14:18:35,530.46,ec65ca2f7db18fefc250aca74197ba901e6a0a8c,1308791,,,,,,,,,,,,,,,,,,,,,,,,,,,,,,,,,,,,,,,,,,,,,,,,,,,,,,,,,,,,,TN,TN
autoland,4767314,1,247a31fb40b3ac0b152bd3554743d742a3892fe3,linux1804-64-shippable-qr,True,False,,,102210fe594ee9b33d82058545b1ed14f4c8206e,id-getter-5.html,perf_reftest_singletons,True,perf_reftest_singletons id-getter-5.html opt e10s fission stylo webrender,4767299,77,ms,firefox,,1765733310,2023-09-29 14:25:07,534.6600000000001,91bd2248667d7c29f28e54274cbf7f5649071bd3,1308794,,,,,,,,,,,,,,,,,,,,,,,,,,,,,,,,,,,,,,,,,,,,,,,,,,,,,,,,,,,,,TN,TN
autoland,4767314,1,247a31fb40b3ac0b152bd3554743d742a3892fe3,linux1804-64-shippable-qr,True,False,,,102210fe594ee9b33d82058545b1ed14f4c8206e,id-getter-5.html,perf_reftest_singletons,True,perf_reftest_singletons id-getter-5.html opt e10s fission stylo webrender,4767299,77,ms,firefox,,1764836715,2023-09-29 14:43:48,539.74,e2d3169fc579506294a164827b60ea38b9295bb1,1308803,,,,,,,,,,,,,,,,,,,,,,,,,,,,,,,,,,,,,,,,,,,,,,,,,,,,,,,,,,,,,TN,TN
autoland,4767314,1,247a31fb40b3ac0b152bd3554743d742a3892fe3,linux1804-64-shippable-qr,True,False,,,102210fe594ee9b33d82058545b1ed14f4c8206e,id-getter-5.html,perf_reftest_singletons,True,perf_reftest_singletons id-getter-5.html opt e10s fission stylo webrender,4767299,77,ms,firefox,,1765215365,2023-09-30 06:24:14,532.32,c0cfc8c5836260ab8706d5b737a4f4f654da4610,1309077,,,,,,,,,,,,,,,,,,,,,,,,,,,,,,,,,,,,,,,,,,,,,,,,,,,,,,,,,,,,,TN,TN
autoland,4767314,1,247a31fb40b3ac0b152bd3554743d742a3892fe3,linux1804-64-shippable-qr,True,False,,,102210fe594ee9b33d82058545b1ed14f4c8206e,id-getter-5.html,perf_reftest_singletons,True,perf_reftest_singletons id-getter-5.html opt e10s fission stylo webrender,4767299,77,ms,firefox,,1765327067,2023-09-30 15:09:24,540.37,0d5209658cf41a9d6d9f6c74890ecf69602525c4,1309133,,,,,,,,,,,,,,,,,,,,,,,,,,,,,,,,,,,,,,,,,,,,,,,,,,,,,,,,,,,,,TN,TN
autoland,4767314,1,247a31fb40b3ac0b152bd3554743d742a3892fe3,linux1804-64-shippable-qr,True,False,,,102210fe594ee9b33d82058545b1ed14f4c8206e,id-getter-5.html,perf_reftest_singletons,True,perf_reftest_singletons id-getter-5.html opt e10s fission stylo webrender,4767299,77,ms,firefox,,1765338058,2023-09-30 15:56:32,541.65,8c9ba927121cd7f1cb5b31ffb86addc4c34b59a8,1309136,,,,,,,,,,,,,,,,,,,,,,,,,,,,,,,,,,,,,,,,,,,,,,,,,,,,,,,,,,,,,TN,TN
autoland,4767314,1,247a31fb40b3ac0b152bd3554743d742a3892fe3,linux1804-64-shippable-qr,True,False,,,102210fe594ee9b33d82058545b1ed14f4c8206e,id-getter-5.html,perf_reftest_singletons,True,perf_reftest_singletons id-getter-5.html opt e10s fission stylo webrender,4767299,77,ms,firefox,,1765389323,2023-09-30 20:01:07,539.8199999999999,bacf4fcba00b9d708012b5c8144292e5362ed452,1309152,,,,,,,,,,,,,,,,,,,,,,,,,,,,,,,,,,,,,,,,,,,,,,,,,,,,,,,,,,,,,TN,TN
autoland,4767314,1,247a31fb40b3ac0b152bd3554743d742a3892fe3,linux1804-64-shippable-qr,True,False,,,102210fe594ee9b33d82058545b1ed14f4c8206e,id-getter-5.html,perf_reftest_singletons,True,perf_reftest_singletons id-getter-5.html opt e10s fission stylo webrender,4767299,77,ms,firefox,,1765435448,2023-10-01 02:27:22,528.42,b781e655236dff9086d1be5c4b59b0263a9cee56,1309171,,,,,,,,,,,,,,,,,,,,,,,,,,,,,,,,,,,,,,,,,,,,,,,,,,,,,,,,,,,,,TN,TN
autoland,4767314,1,247a31fb40b3ac0b152bd3554743d742a3892fe3,linux1804-64-shippable-qr,True,False,,,102210fe594ee9b33d82058545b1ed14f4c8206e,id-getter-5.html,perf_reftest_singletons,True,perf_reftest_singletons id-getter-5.html opt e10s fission stylo webrender,4767299,77,ms,firefox,,1765545358,2023-10-01 15:08:35,534.04,1abb269d873e8bda2c0fa1b4f26f481c89584ca6,1309237,,,,,,,,,,,,,,,,,,,,,,,,,,,,,,,,,,,,,,,,,,,,,,,,,,,,,,,,,,,,,TN,TN
autoland,4767314,1,247a31fb40b3ac0b152bd3554743d742a3892fe3,linux1804-64-shippable-qr,True,False,,,102210fe594ee9b33d82058545b1ed14f4c8206e,id-getter-5.html,perf_reftest_singletons,True,perf_reftest_singletons id-getter-5.html opt e10s fission stylo webrender,4767299,77,ms,firefox,,1765583935,2023-10-01 19:57:41,539.24,72adc901a818435f7ba23e492963c7e1bf526be1,1309256,,,,,,,,,,,,,,,,,,,,,,,,,,,,,,,,,,,,,,,,,,,,,,,,,,,,,,,,,,,,,TN,TN
autoland,4767314,1,247a31fb40b3ac0b152bd3554743d742a3892fe3,linux1804-64-shippable-qr,True,False,,,102210fe594ee9b33d82058545b1ed14f4c8206e,id-getter-5.html,perf_reftest_singletons,True,perf_reftest_singletons id-getter-5.html opt e10s fission stylo webrender,4767299,77,ms,firefox,,1765604510,2023-10-01 20:03:17,533.8199999999999,1c52958ae6ea59e32694986c0d6332b8171aca86,1309258,,,,,,,,,,,,,,,,,,,,,,,,,,,,,,,,,,,,,,,,,,,,,,,,,,,,,,,,,,,,,TN,TN
autoland,4767314,1,247a31fb40b3ac0b152bd3554743d742a3892fe3,linux1804-64-shippable-qr,True,False,,,102210fe594ee9b33d82058545b1ed14f4c8206e,id-getter-5.html,perf_reftest_singletons,True,perf_reftest_singletons id-getter-5.html opt e10s fission stylo webrender,4767299,77,ms,firefox,,1765695388,2023-10-02 00:31:45,531.87,55fc90da3cff35171d66e3dcf280575bef8c17a6,1309288,,,,,,,,,,,,,,,,,,,,,,,,,,,,,,,,,,,,,,,,,,,,,,,,,,,,,,,,,,,,,TN,TN
autoland,4767314,1,247a31fb40b3ac0b152bd3554743d742a3892fe3,linux1804-64-shippable-qr,True,False,,,102210fe594ee9b33d82058545b1ed14f4c8206e,id-getter-5.html,perf_reftest_singletons,True,perf_reftest_singletons id-getter-5.html opt e10s fission stylo webrender,4767299,77,ms,firefox,,1765873153,2023-10-02 11:08:53,533.51,318059aaa167779fcc844cbf085cb7ffacc47523,1309454,,,,,,,,,,,,,,,,,,,,,,,,,,,,,,,,,,,,,,,,,,,,,,,,,,,,,,,,,,,,,TN,TN
autoland,4767314,1,247a31fb40b3ac0b152bd3554743d742a3892fe3,linux1804-64-shippable-qr,True,False,,,102210fe594ee9b33d82058545b1ed14f4c8206e,id-getter-5.html,perf_reftest_singletons,True,perf_reftest_singletons id-getter-5.html opt e10s fission stylo webrender,4767299,77,ms,firefox,,1766093410,2023-10-02 16:59:31,526.75,db33a2d0d6c36f0c15318f1c5ffaa7498a1ee4f3,1309721,,,,,,,,,,,,,,,,,,,,,,,,,,,,,,,,,,,,,,,,,,,,,,,,,,,,,,,,,,,,,TN,TN
autoland,4767314,1,247a31fb40b3ac0b152bd3554743d742a3892fe3,linux1804-64-shippable-qr,True,False,,,102210fe594ee9b33d82058545b1ed14f4c8206e,id-getter-5.html,perf_reftest_singletons,True,perf_reftest_singletons id-getter-5.html opt e10s fission stylo webrender,4767299,77,ms,firefox,,1766158433,2023-10-02 20:46:43,538.1600000000001,0435b7e1340f2ced37216f0dd2fbf09a0a8f2cad,1309872,,,,,,,,,,,,,,,,,,,,,,,,,,,,,,,,,,,,,,,,,,,,,,,,,,,,,,,,,,,,,TN,TN
autoland,4767314,1,247a31fb40b3ac0b152bd3554743d742a3892fe3,linux1804-64-shippable-qr,True,False,,,102210fe594ee9b33d82058545b1ed14f4c8206e,id-getter-5.html,perf_reftest_singletons,True,perf_reftest_singletons id-getter-5.html opt e10s fission stylo webrender,4767299,77,ms,firefox,,1766410886,2023-10-03 05:01:50,527.0,53af11a26cb69e0616d9f481f988276e0a6da93e,1310080,,,,,,,,,,,,,,,,,,,,,,,,,,,,,,,,,,,,,,,,,,,,,,,,,,,,,,,,,,,,,TN,TN
autoland,4767314,1,247a31fb40b3ac0b152bd3554743d742a3892fe3,linux1804-64-shippable-qr,True,False,,,102210fe594ee9b33d82058545b1ed14f4c8206e,id-getter-5.html,perf_reftest_singletons,True,perf_reftest_singletons id-getter-5.html opt e10s fission stylo webrender,4767299,77,ms,firefox,,1766697876,2023-10-03 11:04:59,531.71,f003c74ca9f9399bc6db342491d997d682efc357,1310236,,,,,,,,,,,,,,,,,,,,,,,,,,,,,,,,,,,,,,,,,,,,,,,,,,,,,,,,,,,,,TN,TN
autoland,4767314,1,247a31fb40b3ac0b152bd3554743d742a3892fe3,linux1804-64-shippable-qr,True,False,,,102210fe594ee9b33d82058545b1ed14f4c8206e,id-getter-5.html,perf_reftest_singletons,True,perf_reftest_singletons id-getter-5.html opt e10s fission stylo webrender,4767299,77,ms,firefox,,1766781688,2023-10-03 12:29:11,540.3399999999999,e17d7235b6833e36a524263990347804df15c7fb,1310274,,,,,,,,,,,,,,,,,,,,,,,,,,,,,,,,,,,,,,,,,,,,,,,,,,,,,,,,,,,,,TN,TN
autoland,4767314,1,247a31fb40b3ac0b152bd3554743d742a3892fe3,linux1804-64-shippable-qr,True,False,,,102210fe594ee9b33d82058545b1ed14f4c8206e,id-getter-5.html,perf_reftest_singletons,True,perf_reftest_singletons id-getter-5.html opt e10s fission stylo webrender,4767299,77,ms,firefox,,1766903494,2023-10-03 16:51:48,532.54,b93578d846b3af884d0a623f8ce43e0183c8307f,1310439,,,,,,,,,,,,,,,,,,,,,,,,,,,,,,,,,,,,,,,,,,,,,,,,,,,,,,,,,,,,,TN,TN
autoland,4767314,1,247a31fb40b3ac0b152bd3554743d742a3892fe3,linux1804-64-shippable-qr,True,False,,,102210fe594ee9b33d82058545b1ed14f4c8206e,id-getter-5.html,perf_reftest_singletons,True,perf_reftest_singletons id-getter-5.html opt e10s fission stylo webrender,4767299,77,ms,firefox,,1767077613,2023-10-03 20:26:11,529.55,422c0919f37048afb02dc4d87dfc018baa718a5b,1310584,,,,,,,,,,,,,,,,,,,,,,,,,,,,,,,,,,,,,,,,,,,,,,,,,,,,,,,,,,,,,TN,TN
autoland,4767314,1,247a31fb40b3ac0b152bd3554743d742a3892fe3,linux1804-64-shippable-qr,True,False,,,102210fe594ee9b33d82058545b1ed14f4c8206e,id-getter-5.html,perf_reftest_singletons,True,perf_reftest_singletons id-getter-5.html opt e10s fission stylo webrender,4767299,77,ms,firefox,,1767135829,2023-10-04 00:09:44,530.25,3fb508020251d2cb191f2d62714da25ec3f35118,1310704,,,,,,,,,,,,,,,,,,,,,,,,,,,,,,,,,,,,,,,,,,,,,,,,,,,,,,,,,,,,,TN,TN
autoland,4767314,1,247a31fb40b3ac0b152bd3554743d742a3892fe3,linux1804-64-shippable-qr,True,False,,,102210fe594ee9b33d82058545b1ed14f4c8206e,id-getter-5.html,perf_reftest_singletons,True,perf_reftest_singletons id-getter-5.html opt e10s fission stylo webrender,4767299,77,ms,firefox,,1767333572,2023-10-04 04:52:48,540.53,413c83e8ccdad48a5ea3e58243d8ec9bb8c317fd,1310758,,,,,,,,,,,,,,,,,,,,,,,,,,,,,,,,,,,,,,,,,,,,,,,,,,,,,,,,,,,,,TN,TN
autoland,4767314,1,247a31fb40b3ac0b152bd3554743d742a3892fe3,linux1804-64-shippable-qr,True,False,,,102210fe594ee9b33d82058545b1ed14f4c8206e,id-getter-5.html,perf_reftest_singletons,True,perf_reftest_singletons id-getter-5.html opt e10s fission stylo webrender,4767299,77,ms,firefox,,1767399129,2023-10-04 07:37:17,528.47,ee60a98b1285e84f8466d929dd7197b4cb9e3beb,1310806,,,,,,,,,,,,,,,,,,,,,,,,,,,,,,,,,,,,,,,,,,,,,,,,,,,,,,,,,,,,,TN,TN
autoland,4767314,1,247a31fb40b3ac0b152bd3554743d742a3892fe3,linux1804-64-shippable-qr,True,False,,,102210fe594ee9b33d82058545b1ed14f4c8206e,id-getter-5.html,perf_reftest_singletons,True,perf_reftest_singletons id-getter-5.html opt e10s fission stylo webrender,4767299,77,ms,firefox,,1769025095,2023-10-04 09:28:35,525.3299999999999,24ae69ef751e07e499c5cb77e9542c787e1b82d5,1310863,,,,,,,,,,,,,,,,,,,,,,,,,,,,,,,,,,,,,,,,,,,,,,,,,,,,,,,,,,,,,TN,TN
autoland,4767314,1,247a31fb40b3ac0b152bd3554743d742a3892fe3,linux1804-64-shippable-qr,True,False,,,102210fe594ee9b33d82058545b1ed14f4c8206e,id-getter-5.html,perf_reftest_singletons,True,perf_reftest_singletons id-getter-5.html opt e10s fission stylo webrender,4767299,77,ms,firefox,,1769024486,2023-10-04 09:42:37,531.8900000000001,96f23ca128170d19038fadebaee688c5e239826b,1310872,,,,,,,,,,,,,,,,,,,,,,,,,,,,,,,,,,,,,,,,,,,,,,,,,,,,,,,,,,,,,TN,TN
autoland,4767314,1,247a31fb40b3ac0b152bd3554743d742a3892fe3,linux1804-64-shippable-qr,True,False,,,102210fe594ee9b33d82058545b1ed14f4c8206e,id-getter-5.html,perf_reftest_singletons,True,perf_reftest_singletons id-getter-5.html opt e10s fission stylo webrender,4767299,77,ms,firefox,,1770302173,2023-10-04 09:42:37,532.3299999999999,96f23ca128170d19038fadebaee688c5e239826b,1310872,,,,,,,,,,,,,,,,,,,,,,,,,,,,,,,,,,,,,,,,,,,,,,,,,,,,,,,,,,,,,TN,TN
autoland,4767314,1,247a31fb40b3ac0b152bd3554743d742a3892fe3,linux1804-64-shippable-qr,True,False,,,102210fe594ee9b33d82058545b1ed14f4c8206e,id-getter-5.html,perf_reftest_singletons,True,perf_reftest_singletons id-getter-5.html opt e10s fission stylo webrender,4767299,77,ms,firefox,,1770302132,2023-10-04 09:42:37,533.0899999999999,96f23ca128170d19038fadebaee688c5e239826b,1310872,,,,,,,,,,,,,,,,,,,,,,,,,,,,,,,,,,,,,,,,,,,,,,,,,,,,,,,,,,,,,TN,TN
autoland,4767314,1,247a31fb40b3ac0b152bd3554743d742a3892fe3,linux1804-64-shippable-qr,True,False,,,102210fe594ee9b33d82058545b1ed14f4c8206e,id-getter-5.html,perf_reftest_singletons,True,perf_reftest_singletons id-getter-5.html opt e10s fission stylo webrender,4767299,77,ms,firefox,,1770302056,2023-10-04 09:42:37,530.52,96f23ca128170d19038fadebaee688c5e239826b,1310872,,,,,,,,,,,,,,,,,,,,,,,,,,,,,,,,,,,,,,,,,,,,,,,,,,,,,,,,,,,,,TN,TN
autoland,4767314,1,247a31fb40b3ac0b152bd3554743d742a3892fe3,linux1804-64-shippable-qr,True,False,,,102210fe594ee9b33d82058545b1ed14f4c8206e,id-getter-5.html,perf_reftest_singletons,True,perf_reftest_singletons id-getter-5.html opt e10s fission stylo webrender,4767299,77,ms,firefox,,1769024432,2023-10-04 09:49:47,529.0799999999999,1c1b0e052b07035c225a9cfda5aa8f87ea21e372,1310877,,,,,,,,,,,,,,,,,,,,,,,,,,,,,,,,,,,,,,,,,,,,,,,,,,,,,,,,,,,,,TN,TN
autoland,4767314,1,247a31fb40b3ac0b152bd3554743d742a3892fe3,linux1804-64-shippable-qr,True,False,,,102210fe594ee9b33d82058545b1ed14f4c8206e,id-getter-5.html,perf_reftest_singletons,True,perf_reftest_singletons id-getter-5.html opt e10s fission stylo webrender,4767299,77,ms,firefox,,1770302420,2023-10-04 09:49:47,542.6200000000001,1c1b0e052b07035c225a9cfda5aa8f87ea21e372,1310877,,,,,,,,,,,,,,,,,,,,,,,,,,,,,,,,,,,,,,,,,,,,,,,,,,,,,,,,,,,,,TN,TN
autoland,4767314,1,247a31fb40b3ac0b152bd3554743d742a3892fe3,linux1804-64-shippable-qr,True,False,,,102210fe594ee9b33d82058545b1ed14f4c8206e,id-getter-5.html,perf_reftest_singletons,True,perf_reftest_singletons id-getter-5.html opt e10s fission stylo webrender,4767299,77,ms,firefox,,1770302263,2023-10-04 09:49:47,540.1199999999999,1c1b0e052b07035c225a9cfda5aa8f87ea21e372,1310877,,,,,,,,,,,,,,,,,,,,,,,,,,,,,,,,,,,,,,,,,,,,,,,,,,,,,,,,,,,,,TN,TN
autoland,4767314,1,247a31fb40b3ac0b152bd3554743d742a3892fe3,linux1804-64-shippable-qr,True,False,,,102210fe594ee9b33d82058545b1ed14f4c8206e,id-getter-5.html,perf_reftest_singletons,True,perf_reftest_singletons id-getter-5.html opt e10s fission stylo webrender,4767299,77,ms,firefox,,1770302094,2023-10-04 09:49:47,526.29,1c1b0e052b07035c225a9cfda5aa8f87ea21e372,1310877,,,,,,,,,,,,,,,,,,,,,,,,,,,,,,,,,,,,,,,,,,,,,,,,,,,,,,,,,,,,,TN,TN
autoland,4767314,1,247a31fb40b3ac0b152bd3554743d742a3892fe3,linux1804-64-shippable-qr,True,False,,,102210fe594ee9b33d82058545b1ed14f4c8206e,id-getter-5.html,perf_reftest_singletons,True,perf_reftest_singletons id-getter-5.html opt e10s fission stylo webrender,4767299,77,ms,firefox,,1769024525,2023-10-04 09:51:53,528.21,5bf3ad80b3ec559fbfff98aed41d9b68c097f72a,1310879,,,,,,,,,,,,,,,,,,,,,,,,,,,,,,,,,,,,,,,,,,,,,,,,,,,,,,,,,,,,,TN,TN
autoland,4767314,1,247a31fb40b3ac0b152bd3554743d742a3892fe3,linux1804-64-shippable-qr,True,False,,,102210fe594ee9b33d82058545b1ed14f4c8206e,id-getter-5.html,perf_reftest_singletons,True,perf_reftest_singletons id-getter-5.html opt e10s fission stylo webrender,4767299,77,ms,firefox,,1770302301,2023-10-04 09:51:53,574.8800000000001,5bf3ad80b3ec559fbfff98aed41d9b68c097f72a,1310879,,,,,,,,,,,,,,,,,,,,,,,,,,,,,,,,,,,,,,,,,,,,,,,,,,,,,,,,,,,,,TN,TN
autoland,4767314,1,247a31fb40b3ac0b152bd3554743d742a3892fe3,linux1804-64-shippable-qr,True,False,,,102210fe594ee9b33d82058545b1ed14f4c8206e,id-getter-5.html,perf_reftest_singletons,True,perf_reftest_singletons id-getter-5.html opt e10s fission stylo webrender,4767299,77,ms,firefox,,1770302340,2023-10-04 09:51:53,533.38,5bf3ad80b3ec559fbfff98aed41d9b68c097f72a,1310879,,,,,,,,,,,,,,,,,,,,,,,,,,,,,,,,,,,,,,,,,,,,,,,,,,,,,,,,,,,,,TN,TN
autoland,4767314,1,247a31fb40b3ac0b152bd3554743d742a3892fe3,linux1804-64-shippable-qr,True,False,,,102210fe594ee9b33d82058545b1ed14f4c8206e,id-getter-5.html,perf_reftest_singletons,True,perf_reftest_singletons id-getter-5.html opt e10s fission stylo webrender,4767299,77,ms,firefox,,1770302382,2023-10-04 09:51:53,529.8199999999999,5bf3ad80b3ec559fbfff98aed41d9b68c097f72a,1310879,,,,,,,,,,,,,,,,,,,,,,,,,,,,,,,,,,,,,,,,,,,,,,,,,,,,,,,,,,,,,TN,TN
autoland,4767314,1,247a31fb40b3ac0b152bd3554743d742a3892fe3,linux1804-64-shippable-qr,True,False,,,102210fe594ee9b33d82058545b1ed14f4c8206e,id-getter-5.html,perf_reftest_singletons,True,perf_reftest_singletons id-getter-5.html opt e10s fission stylo webrender,4767299,77,ms,firefox,,1769060382,2023-10-04 09:53:36,536.06,f1337babed01f8ab5fa3da1469ad279ce1f3a4b2,1310881,,,,,,,,,,,,,,,,,,,,,,,,,,,,,,,,,,,,,,,,,,,,,,,,,,,,,,,,,,,,,TN,TN
autoland,4767314,1,247a31fb40b3ac0b152bd3554743d742a3892fe3,linux1804-64-shippable-qr,True,False,,,102210fe594ee9b33d82058545b1ed14f4c8206e,id-getter-5.html,perf_reftest_singletons,True,perf_reftest_singletons id-getter-5.html opt e10s fission stylo webrender,4767299,77,ms,firefox,,1770302222,2023-10-04 09:53:36,526.5799999999999,f1337babed01f8ab5fa3da1469ad279ce1f3a4b2,1310881,,,,,,,,,,,,,,,,,,,,,,,,,,,,,,,,,,,,,,,,,,,,,,,,,,,,,,,,,,,,,TN,TN
autoland,4767314,1,247a31fb40b3ac0b152bd3554743d742a3892fe3,linux1804-64-shippable-qr,True,False,,,102210fe594ee9b33d82058545b1ed14f4c8206e,id-getter-5.html,perf_reftest_singletons,True,perf_reftest_singletons id-getter-5.html opt e10s fission stylo webrender,4767299,77,ms,firefox,,1770302497,2023-10-04 09:53:36,534.43,f1337babed01f8ab5fa3da1469ad279ce1f3a4b2,1310881,,,,,,,,,,,,,,,,,,,,,,,,,,,,,,,,,,,,,,,,,,,,,,,,,,,,,,,,,,,,,TN,TN
autoland,4767314,1,247a31fb40b3ac0b152bd3554743d742a3892fe3,linux1804-64-shippable-qr,True,False,,,102210fe594ee9b33d82058545b1ed14f4c8206e,id-getter-5.html,perf_reftest_singletons,True,perf_reftest_singletons id-getter-5.html opt e10s fission stylo webrender,4767299,77,ms,firefox,,1770302458,2023-10-04 09:53:36,532.6600000000001,f1337babed01f8ab5fa3da1469ad279ce1f3a4b2,1310881,,,,,,,,,,,,,,,,,,,,,,,,,,,,,,,,,,,,,,,,,,,,,,,,,,,,,,,,,,,,,TN,TN
autoland,4767314,1,247a31fb40b3ac0b152bd3554743d742a3892fe3,linux1804-64-shippable-qr,True,False,,,102210fe594ee9b33d82058545b1ed14f4c8206e,id-getter-5.html,perf_reftest_singletons,True,perf_reftest_singletons id-getter-5.html opt e10s fission stylo webrender,4767299,77,ms,firefox,,1769059008,2023-10-04 10:04:05,533.28,5d5fc72dbeadf06ed0fd91a268449ac4befad9ab,1310893,,,,,,,,,,,,,,,,,,,,,,,,,,,,,,,,,,,,,,,,,,,,,,,,,,,,,,,,,,,,,TN,TN
autoland,4767314,1,247a31fb40b3ac0b152bd3554743d742a3892fe3,linux1804-64-shippable-qr,True,False,,,102210fe594ee9b33d82058545b1ed14f4c8206e,id-getter-5.html,perf_reftest_singletons,True,perf_reftest_singletons id-getter-5.html opt e10s fission stylo webrender,4767299,77,ms,firefox,,1770302619,2023-10-04 10:04:05,540.5,5d5fc72dbeadf06ed0fd91a268449ac4befad9ab,1310893,,,,,,,,,,,,,,,,,,,,,,,,,,,,,,,,,,,,,,,,,,,,,,,,,,,,,,,,,,,,,TN,TN
autoland,4767314,1,247a31fb40b3ac0b152bd3554743d742a3892fe3,linux1804-64-shippable-qr,True,False,,,102210fe594ee9b33d82058545b1ed14f4c8206e,id-getter-5.html,perf_reftest_singletons,True,perf_reftest_singletons id-getter-5.html opt e10s fission stylo webrender,4767299,77,ms,firefox,,1770302750,2023-10-04 10:04:05,541.02,5d5fc72dbeadf06ed0fd91a268449ac4befad9ab,1310893,,,,,,,,,,,,,,,,,,,,,,,,,,,,,,,,,,,,,,,,,,,,,,,,,,,,,,,,,,,,,TN,TN
autoland,4767314,1,247a31fb40b3ac0b152bd3554743d742a3892fe3,linux1804-64-shippable-qr,True,False,,,102210fe594ee9b33d82058545b1ed14f4c8206e,id-getter-5.html,perf_reftest_singletons,True,perf_reftest_singletons id-getter-5.html opt e10s fission stylo webrender,4767299,77,ms,firefox,,1770302703,2023-10-04 10:04:05,539.75,5d5fc72dbeadf06ed0fd91a268449ac4befad9ab,1310893,,,,,,,,,,,,,,,,,,,,,,,,,,,,,,,,,,,,,,,,,,,,,,,,,,,,,,,,,,,,,TN,TN
autoland,4767314,1,247a31fb40b3ac0b152bd3554743d742a3892fe3,linux1804-64-shippable-qr,True,False,,,102210fe594ee9b33d82058545b1ed14f4c8206e,id-getter-5.html,perf_reftest_singletons,True,perf_reftest_singletons id-getter-5.html opt e10s fission stylo webrender,4767299,77,ms,firefox,,1769059827,2023-10-04 10:35:57,531.41,017ed2bc0c5d9eacf5f2d764f29f65c8b6edf868,1310903,,,,,,,,,,,,,,,,,,,,,,,,,,,,,,,,,,,,,,,,,,,,,,,,,,,,,,,,,,,,,TN,TN
autoland,4767314,1,247a31fb40b3ac0b152bd3554743d742a3892fe3,linux1804-64-shippable-qr,True,False,,,102210fe594ee9b33d82058545b1ed14f4c8206e,id-getter-5.html,perf_reftest_singletons,True,perf_reftest_singletons id-getter-5.html opt e10s fission stylo webrender,4767299,77,ms,firefox,,1770302660,2023-10-04 10:35:57,527.22,017ed2bc0c5d9eacf5f2d764f29f65c8b6edf868,1310903,,,,,,,,,,,,,,,,,,,,,,,,,,,,,,,,,,,,,,,,,,,,,,,,,,,,,,,,,,,,,TN,TN
autoland,4767314,1,247a31fb40b3ac0b152bd3554743d742a3892fe3,linux1804-64-shippable-qr,True,False,,,102210fe594ee9b33d82058545b1ed14f4c8206e,id-getter-5.html,perf_reftest_singletons,True,perf_reftest_singletons id-getter-5.html opt e10s fission stylo webrender,4767299,77,ms,firefox,,1770302538,2023-10-04 10:35:57,526.76,017ed2bc0c5d9eacf5f2d764f29f65c8b6edf868,1310903,,,,,,,,,,,,,,,,,,,,,,,,,,,,,,,,,,,,,,,,,,,,,,,,,,,,,,,,,,,,,TN,TN
autoland,4767314,1,247a31fb40b3ac0b152bd3554743d742a3892fe3,linux1804-64-shippable-qr,True,False,,,102210fe594ee9b33d82058545b1ed14f4c8206e,id-getter-5.html,perf_reftest_singletons,True,perf_reftest_singletons id-getter-5.html opt e10s fission stylo webrender,4767299,77,ms,firefox,,1770302579,2023-10-04 10:35:57,527.92,017ed2bc0c5d9eacf5f2d764f29f65c8b6edf868,1310903,,,,,,,,,,,,,,,,,,,,,,,,,,,,,,,,,,,,,,,,,,,,,,,,,,,,,,,,,,,,,TN,TN
autoland,4767314,1,247a31fb40b3ac0b152bd3554743d742a3892fe3,linux1804-64-shippable-qr,True,False,,,102210fe594ee9b33d82058545b1ed14f4c8206e,id-getter-5.html,perf_reftest_singletons,True,perf_reftest_singletons id-getter-5.html opt e10s fission stylo webrender,4767299,77,ms,firefox,,1769025369,2023-10-04 11:02:22,564.41,cd7366c6b55dcaff0f6bedd5fe2cc8ea2783be30,1310909,,,,,,,,,,,,,,,,,,,,,,,,,,,,,,,,,,,,,,,,,,,,,,,,,,,,,,,,,,,,,TN,TN
autoland,4767314,1,247a31fb40b3ac0b152bd3554743d742a3892fe3,linux1804-64-shippable-qr,True,False,,,102210fe594ee9b33d82058545b1ed14f4c8206e,id-getter-5.html,perf_reftest_singletons,True,perf_reftest_singletons id-getter-5.html opt e10s fission stylo webrender,4767299,77,ms,firefox,,1770302952,2023-10-04 11:02:22,525.88,cd7366c6b55dcaff0f6bedd5fe2cc8ea2783be30,1310909,,,,,,,,,,,,,,,,,,,,,,,,,,,,,,,,,,,,,,,,,,,,,,,,,,,,,,,,,,,,,TN,TN
autoland,4767314,1,247a31fb40b3ac0b152bd3554743d742a3892fe3,linux1804-64-shippable-qr,True,False,,,102210fe594ee9b33d82058545b1ed14f4c8206e,id-getter-5.html,perf_reftest_singletons,True,perf_reftest_singletons id-getter-5.html opt e10s fission stylo webrender,4767299,77,ms,firefox,,1770302992,2023-10-04 11:02:22,529.8,cd7366c6b55dcaff0f6bedd5fe2cc8ea2783be30,1310909,,,,,,,,,,,,,,,,,,,,,,,,,,,,,,,,,,,,,,,,,,,,,,,,,,,,,,,,,,,,,TN,TN
autoland,4767314,1,247a31fb40b3ac0b152bd3554743d742a3892fe3,linux1804-64-shippable-qr,True,False,,,102210fe594ee9b33d82058545b1ed14f4c8206e,id-getter-5.html,perf_reftest_singletons,True,perf_reftest_singletons id-getter-5.html opt e10s fission stylo webrender,4767299,77,ms,firefox,,1770303114,2023-10-04 11:02:22,535.48,cd7366c6b55dcaff0f6bedd5fe2cc8ea2783be30,1310909,,,,,,,,,,,,,,,,,,,,,,,,,,,,,,,,,,,,,,,,,,,,,,,,,,,,,,,,,,,,,TN,TN
autoland,4767314,1,247a31fb40b3ac0b152bd3554743d742a3892fe3,linux1804-64-shippable-qr,True,False,,,102210fe594ee9b33d82058545b1ed14f4c8206e,id-getter-5.html,perf_reftest_singletons,True,perf_reftest_singletons id-getter-5.html opt e10s fission stylo webrender,4767299,77,ms,firefox,,1769064849,2023-10-04 11:03:18,525.8299999999999,e292ce449847c734d70f78583d54b57485df97dd,1310910,,,,,,,,,,,,,,,,,,,,,,,,,,,,,,,,,,,,,,,,,,,,,,,,,,,,,,,,,,,,,TN,TN
autoland,4767314,1,247a31fb40b3ac0b152bd3554743d742a3892fe3,linux1804-64-shippable-qr,True,False,,,102210fe594ee9b33d82058545b1ed14f4c8206e,id-getter-5.html,perf_reftest_singletons,True,perf_reftest_singletons id-getter-5.html opt e10s fission stylo webrender,4767299,77,ms,firefox,,1770303229,2023-10-04 11:03:18,532.3499999999999,e292ce449847c734d70f78583d54b57485df97dd,1310910,,,,,,,,,,,,,,,,,,,,,,,,,,,,,,,,,,,,,,,,,,,,,,,,,,,,,,,,,,,,,TN,TN
autoland,4767314,1,247a31fb40b3ac0b152bd3554743d742a3892fe3,linux1804-64-shippable-qr,True,False,,,102210fe594ee9b33d82058545b1ed14f4c8206e,id-getter-5.html,perf_reftest_singletons,True,perf_reftest_singletons id-getter-5.html opt e10s fission stylo webrender,4767299,77,ms,firefox,,1770303075,2023-10-04 11:03:18,530.0799999999999,e292ce449847c734d70f78583d54b57485df97dd,1310910,,,,,,,,,,,,,,,,,,,,,,,,,,,,,,,,,,,,,,,,,,,,,,,,,,,,,,,,,,,,,TN,TN
autoland,4767314,1,247a31fb40b3ac0b152bd3554743d742a3892fe3,linux1804-64-shippable-qr,True,False,,,102210fe594ee9b33d82058545b1ed14f4c8206e,id-getter-5.html,perf_reftest_singletons,True,perf_reftest_singletons id-getter-5.html opt e10s fission stylo webrender,4767299,77,ms,firefox,,1770303290,2023-10-04 11:03:18,536.8,e292ce449847c734d70f78583d54b57485df97dd,1310910,,,,,,,,,,,,,,,,,,,,,,,,,,,,,,,,,,,,,,,,,,,,,,,,,,,,,,,,,,,,,TN,TN
autoland,4767314,1,247a31fb40b3ac0b152bd3554743d742a3892fe3,linux1804-64-shippable-qr,True,False,,,102210fe594ee9b33d82058545b1ed14f4c8206e,id-getter-5.html,perf_reftest_singletons,True,perf_reftest_singletons id-getter-5.html opt e10s fission stylo webrender,4767299,77,ms,firefox,,1767574249,2023-10-04 11:43:59,525.56,c559095402a2380ba171d9c60662e36c8d5e948d,1310929,,,,,,,,,,,,,,,,,,,,,,,,,,,,,,,,,,,,,,,,,,,,,,,,,,,,,,,,,,,,,TN,TN
autoland,4767314,1,247a31fb40b3ac0b152bd3554743d742a3892fe3,linux1804-64-shippable-qr,True,False,,,102210fe594ee9b33d82058545b1ed14f4c8206e,id-getter-5.html,perf_reftest_singletons,True,perf_reftest_singletons id-getter-5.html opt e10s fission stylo webrender,4767299,77,ms,firefox,,1770302914,2023-10-04 11:43:59,525.8399999999999,c559095402a2380ba171d9c60662e36c8d5e948d,1310929,,,,,,,,,,,,,,,,,,,,,,,,,,,,,,,,,,,,,,,,,,,,,,,,,,,,,,,,,,,,,TN,TN
autoland,4767314,1,247a31fb40b3ac0b152bd3554743d742a3892fe3,linux1804-64-shippable-qr,True,False,,,102210fe594ee9b33d82058545b1ed14f4c8206e,id-getter-5.html,perf_reftest_singletons,True,perf_reftest_singletons id-getter-5.html opt e10s fission stylo webrender,4767299,77,ms,firefox,,1770303154,2023-10-04 11:43:59,528.5899999999999,c559095402a2380ba171d9c60662e36c8d5e948d,1310929,,,,,,,,,,,,,,,,,,,,,,,,,,,,,,,,,,,,,,,,,,,,,,,,,,,,,,,,,,,,,TN,TN
autoland,4767314,1,247a31fb40b3ac0b152bd3554743d742a3892fe3,linux1804-64-shippable-qr,True,False,,,102210fe594ee9b33d82058545b1ed14f4c8206e,id-getter-5.html,perf_reftest_singletons,True,perf_reftest_singletons id-getter-5.html opt e10s fission stylo webrender,4767299,77,ms,firefox,,1770303030,2023-10-04 11:43:59,529.0600000000001,c559095402a2380ba171d9c60662e36c8d5e948d,1310929,,,,,,,,,,,,,,,,,,,,,,,,,,,,,,,,,,,,,,,,,,,,,,,,,,,,,,,,,,,,,TN,TN
autoland,4767314,1,247a31fb40b3ac0b152bd3554743d742a3892fe3,linux1804-64-shippable-qr,True,False,,,102210fe594ee9b33d82058545b1ed14f4c8206e,id-getter-5.html,perf_reftest_singletons,True,perf_reftest_singletons id-getter-5.html opt e10s fission stylo webrender,4767299,77,ms,firefox,,1769059574,2023-10-04 12:04:10,540.44,3ebf5ab516bb8cb8ce7de947a6d60164336646f8,1310947,,,,,,,,,,,,,,,,,,,,,,,,,,,,,,,,,,,,,,,,,,,,,,,,,,,,,,,,,,,,,TN,TN
autoland,4767314,1,247a31fb40b3ac0b152bd3554743d742a3892fe3,linux1804-64-shippable-qr,True,False,,,102210fe594ee9b33d82058545b1ed14f4c8206e,id-getter-5.html,perf_reftest_singletons,True,perf_reftest_singletons id-getter-5.html opt e10s fission stylo webrender,4767299,77,ms,firefox,,1770302813,2023-10-04 12:04:10,529.0899999999999,3ebf5ab516bb8cb8ce7de947a6d60164336646f8,1310947,,,,,,,,,,,,,,,,,,,,,,,,,,,,,,,,,,,,,,,,,,,,,,,,,,,,,,,,,,,,,TN,TN
autoland,4767314,1,247a31fb40b3ac0b152bd3554743d742a3892fe3,linux1804-64-shippable-qr,True,False,,,102210fe594ee9b33d82058545b1ed14f4c8206e,id-getter-5.html,perf_reftest_singletons,True,perf_reftest_singletons id-getter-5.html opt e10s fission stylo webrender,4767299,77,ms,firefox,,1770303299,2023-10-04 12:04:10,531.49,3ebf5ab516bb8cb8ce7de947a6d60164336646f8,1310947,,,,,,,,,,,,,,,,,,,,,,,,,,,,,,,,,,,,,,,,,,,,,,,,,,,,,,,,,,,,,TN,TN
autoland,4767314,1,247a31fb40b3ac0b152bd3554743d742a3892fe3,linux1804-64-shippable-qr,True,False,,,102210fe594ee9b33d82058545b1ed14f4c8206e,id-getter-5.html,perf_reftest_singletons,True,perf_reftest_singletons id-getter-5.html opt e10s fission stylo webrender,4767299,77,ms,firefox,,1770302875,2023-10-04 12:04:10,531.16,3ebf5ab516bb8cb8ce7de947a6d60164336646f8,1310947,,,,,,,,,,,,,,,,,,,,,,,,,,,,,,,,,,,,,,,,,,,,,,,,,,,,,,,,,,,,,TN,TN
autoland,4767314,1,247a31fb40b3ac0b152bd3554743d742a3892fe3,linux1804-64-shippable-qr,True,False,,,102210fe594ee9b33d82058545b1ed14f4c8206e,id-getter-5.html,perf_reftest_singletons,True,perf_reftest_singletons id-getter-5.html opt e10s fission stylo webrender,4767299,77,ms,firefox,,1769055762,2023-10-04 12:08:31,529.71,1e952ea938006110a4f4be0df3d2b09416502fe6,1310950,,,,,,,,,,,,,,,,,,,,,,,,,,,,,,,,,,,,,,,,,,,,,,,,,,,,,,,,,,,,,TN,TN
autoland,4767314,1,247a31fb40b3ac0b152bd3554743d742a3892fe3,linux1804-64-shippable-qr,True,False,,,102210fe594ee9b33d82058545b1ed14f4c8206e,id-getter-5.html,perf_reftest_singletons,True,perf_reftest_singletons id-getter-5.html opt e10s fission stylo webrender,4767299,77,ms,firefox,,1770303327,2023-10-04 12:08:31,538.6700000000001,1e952ea938006110a4f4be0df3d2b09416502fe6,1310950,,,,,,,,,,,,,,,,,,,,,,,,,,,,,,,,,,,,,,,,,,,,,,,,,,,,,,,,,,,,,TN,TN
autoland,4767314,1,247a31fb40b3ac0b152bd3554743d742a3892fe3,linux1804-64-shippable-qr,True,False,,,102210fe594ee9b33d82058545b1ed14f4c8206e,id-getter-5.html,perf_reftest_singletons,True,perf_reftest_singletons id-getter-5.html opt e10s fission stylo webrender,4767299,77,ms,firefox,,1770303389,2023-10-04 12:08:31,535.9300000000001,1e952ea938006110a4f4be0df3d2b09416502fe6,1310950,,,,,,,,,,,,,,,,,,,,,,,,,,,,,,,,,,,,,,,,,,,,,,,,,,,,,,,,,,,,,TN,TN
autoland,4767314,1,247a31fb40b3ac0b152bd3554743d742a3892fe3,linux1804-64-shippable-qr,True,False,,,102210fe594ee9b33d82058545b1ed14f4c8206e,id-getter-5.html,perf_reftest_singletons,True,perf_reftest_singletons id-getter-5.html opt e10s fission stylo webrender,4767299,77,ms,firefox,,1770303439,2023-10-04 12:08:31,534.73,1e952ea938006110a4f4be0df3d2b09416502fe6,1310950,,,,,,,,,,,,,,,,,,,,,,,,,,,,,,,,,,,,,,,,,,,,,,,,,,,,,,,,,,,,,TN,TN
autoland,4767314,1,247a31fb40b3ac0b152bd3554743d742a3892fe3,linux1804-64-shippable-qr,True,False,,,102210fe594ee9b33d82058545b1ed14f4c8206e,id-getter-5.html,perf_reftest_singletons,True,perf_reftest_singletons id-getter-5.html opt e10s fission stylo webrender,4767299,77,ms,firefox,,1769058253,2023-10-04 12:22:31,531.9399999999999,b101a4fd294df005796d63b0ced7eb095c7dad24,1310967,,,,,,,,,,,,,,,,,,,,,,,,,,,,,,,,,,,,,,,,,,,,,,,,,,,,,,,,,,,,,TN,TN
autoland,4767314,1,247a31fb40b3ac0b152bd3554743d742a3892fe3,linux1804-64-shippable-qr,True,False,,,102210fe594ee9b33d82058545b1ed14f4c8206e,id-getter-5.html,perf_reftest_singletons,True,perf_reftest_singletons id-getter-5.html opt e10s fission stylo webrender,4767299,77,ms,firefox,,1770303192,2023-10-04 12:22:31,523.4000000000001,b101a4fd294df005796d63b0ced7eb095c7dad24,1310967,,,,,,,,,,,,,,,,,,,,,,,,,,,,,,,,,,,,,,,,,,,,,,,,,,,,,,,,,,,,,TN,TN
autoland,4767314,1,247a31fb40b3ac0b152bd3554743d742a3892fe3,linux1804-64-shippable-qr,True,False,,,102210fe594ee9b33d82058545b1ed14f4c8206e,id-getter-5.html,perf_reftest_singletons,True,perf_reftest_singletons id-getter-5.html opt e10s fission stylo webrender,4767299,77,ms,firefox,,1770303520,2023-10-04 12:22:31,525.96,b101a4fd294df005796d63b0ced7eb095c7dad24,1310967,,,,,,,,,,,,,,,,,,,,,,,,,,,,,,,,,,,,,,,,,,,,,,,,,,,,,,,,,,,,,TN,TN
autoland,4767314,1,247a31fb40b3ac0b152bd3554743d742a3892fe3,linux1804-64-shippable-qr,True,False,,,102210fe594ee9b33d82058545b1ed14f4c8206e,id-getter-5.html,perf_reftest_singletons,True,perf_reftest_singletons id-getter-5.html opt e10s fission stylo webrender,4767299,77,ms,firefox,,1770303481,2023-10-04 12:22:31,540.02,b101a4fd294df005796d63b0ced7eb095c7dad24,1310967,,,,,,,,,,,,,,,,,,,,,,,,,,,,,,,,,,,,,,,,,,,,,,,,,,,,,,,,,,,,,TN,TN
autoland,4767314,1,247a31fb40b3ac0b152bd3554743d742a3892fe3,linux1804-64-shippable-qr,True,False,,,102210fe594ee9b33d82058545b1ed14f4c8206e,id-getter-5.html,perf_reftest_singletons,True,perf_reftest_singletons id-getter-5.html opt e10s fission stylo webrender,4767299,77,ms,firefox,,1769059344,2023-10-04 12:55:10,526.63,d35352f58e08f707a3877a8cb30a6e57f5effb06,1310986,,,,,,,,,,,,,,,,,,,,,,,,,,,,,,,,,,,,,,,,,,,,,,,,,,,,,,,,,,,,,TN,TN
autoland,4767314,1,247a31fb40b3ac0b152bd3554743d742a3892fe3,linux1804-64-shippable-qr,True,False,,,102210fe594ee9b33d82058545b1ed14f4c8206e,id-getter-5.html,perf_reftest_singletons,True,perf_reftest_singletons id-getter-5.html opt e10s fission stylo webrender,4767299,77,ms,firefox,,1770303657,2023-10-04 12:55:10,535.8499999999999,d35352f58e08f707a3877a8cb30a6e57f5effb06,1310986,,,,,,,,,,,,,,,,,,,,,,,,,,,,,,,,,,,,,,,,,,,,,,,,,,,,,,,,,,,,,TN,TN
autoland,4767314,1,247a31fb40b3ac0b152bd3554743d742a3892fe3,linux1804-64-shippable-qr,True,False,,,102210fe594ee9b33d82058545b1ed14f4c8206e,id-getter-5.html,perf_reftest_singletons,True,perf_reftest_singletons id-getter-5.html opt e10s fission stylo webrender,4767299,77,ms,firefox,,1770303773,2023-10-04 12:55:10,540.73,d35352f58e08f707a3877a8cb30a6e57f5effb06,1310986,,,,,,,,,,,,,,,,,,,,,,,,,,,,,,,,,,,,,,,,,,,,,,,,,,,,,,,,,,,,,TN,TN
autoland,4767314,1,247a31fb40b3ac0b152bd3554743d742a3892fe3,linux1804-64-shippable-qr,True,False,,,102210fe594ee9b33d82058545b1ed14f4c8206e,id-getter-5.html,perf_reftest_singletons,True,perf_reftest_singletons id-getter-5.html opt e10s fission stylo webrender,4767299,77,ms,firefox,,1770303725,2023-10-04 12:55:10,532.6800000000001,d35352f58e08f707a3877a8cb30a6e57f5effb06,1310986,,,,,,,,,,,,,,,,,,,,,,,,,,,,,,,,,,,,,,,,,,,,,,,,,,,,,,,,,,,,,TN,TN
autoland,4767314,1,247a31fb40b3ac0b152bd3554743d742a3892fe3,linux1804-64-shippable-qr,True,False,,,102210fe594ee9b33d82058545b1ed14f4c8206e,id-getter-5.html,perf_reftest_singletons,True,perf_reftest_singletons id-getter-5.html opt e10s fission stylo webrender,4767299,77,ms,firefox,,1770447222,2023-10-04 12:55:10,522.48,d35352f58e08f707a3877a8cb30a6e57f5effb06,1310986,,,,,,,,,,,,,,,,,,,,,,,,,,,,,,,,,,,,,,,,,,,,,,,,,,,,,,,,,,,,,TN,TN
autoland,4767314,1,247a31fb40b3ac0b152bd3554743d742a3892fe3,linux1804-64-shippable-qr,True,False,,,102210fe594ee9b33d82058545b1ed14f4c8206e,id-getter-5.html,perf_reftest_singletons,True,perf_reftest_singletons id-getter-5.html opt e10s fission stylo webrender,4767299,77,ms,firefox,,1770447069,2023-10-04 12:55:10,526.78,d35352f58e08f707a3877a8cb30a6e57f5effb06,1310986,,,,,,,,,,,,,,,,,,,,,,,,,,,,,,,,,,,,,,,,,,,,,,,,,,,,,,,,,,,,,TN,TN
autoland,4767314,1,247a31fb40b3ac0b152bd3554743d742a3892fe3,linux1804-64-shippable-qr,True,False,,,102210fe594ee9b33d82058545b1ed14f4c8206e,id-getter-5.html,perf_reftest_singletons,True,perf_reftest_singletons id-getter-5.html opt e10s fission stylo webrender,4767299,77,ms,firefox,,1770448033,2023-10-04 12:55:10,532.6199999999999,d35352f58e08f707a3877a8cb30a6e57f5effb06,1310986,,,,,,,,,,,,,,,,,,,,,,,,,,,,,,,,,,,,,,,,,,,,,,,,,,,,,,,,,,,,,TN,TN
autoland,4767314,1,247a31fb40b3ac0b152bd3554743d742a3892fe3,linux1804-64-shippable-qr,True,False,,,102210fe594ee9b33d82058545b1ed14f4c8206e,id-getter-5.html,perf_reftest_singletons,True,perf_reftest_singletons id-getter-5.html opt e10s fission stylo webrender,4767299,77,ms,firefox,,1769054613,2023-10-04 12:56:54,530.8,2cb6f84a4847fb9df32a8f37fe14deb1ae5602a5,1310987,,,,,,,,,,,,,,,,,,,,,,,,,,,,,,,,,,,,,,,,,,,,,,,,,,,,,,,,,,,,,TN,TN
autoland,4767314,1,247a31fb40b3ac0b152bd3554743d742a3892fe3,linux1804-64-shippable-qr,True,False,,,102210fe594ee9b33d82058545b1ed14f4c8206e,id-getter-5.html,perf_reftest_singletons,True,perf_reftest_singletons id-getter-5.html opt e10s fission stylo webrender,4767299,77,ms,firefox,,1769124240,2023-10-04 12:56:54,528.76,2cb6f84a4847fb9df32a8f37fe14deb1ae5602a5,1310987,,,,,,,,,,,,,,,,,,,,,,,,,,,,,,,,,,,,,,,,,,,,,,,,,,,,,,,,,,,,,TN,TN
autoland,4767314,1,247a31fb40b3ac0b152bd3554743d742a3892fe3,linux1804-64-shippable-qr,True,False,,,102210fe594ee9b33d82058545b1ed14f4c8206e,id-getter-5.html,perf_reftest_singletons,True,perf_reftest_singletons id-getter-5.html opt e10s fission stylo webrender,4767299,77,ms,firefox,,1770303565,2023-10-04 12:56:54,530.9,2cb6f84a4847fb9df32a8f37fe14deb1ae5602a5,1310987,,,,,,,,,,,,,,,,,,,,,,,,,,,,,,,,,,,,,,,,,,,,,,,,,,,,,,,,,,,,,TN,TN
autoland,4767314,1,247a31fb40b3ac0b152bd3554743d742a3892fe3,linux1804-64-shippable-qr,True,False,,,102210fe594ee9b33d82058545b1ed14f4c8206e,id-getter-5.html,perf_reftest_singletons,True,perf_reftest_singletons id-getter-5.html opt e10s fission stylo webrender,4767299,77,ms,firefox,,1770303611,2023-10-04 12:56:54,525.0,2cb6f84a4847fb9df32a8f37fe14deb1ae5602a5,1310987,,,,,,,,,,,,,,,,,,,,,,,,,,,,,,,,,,,,,,,,,,,,,,,,,,,,,,,,,,,,,TN,TN
autoland,4767314,1,247a31fb40b3ac0b152bd3554743d742a3892fe3,linux1804-64-shippable-qr,True,False,,,102210fe594ee9b33d82058545b1ed14f4c8206e,id-getter-5.html,perf_reftest_singletons,True,perf_reftest_singletons id-getter-5.html opt e10s fission stylo webrender,4767299,77,ms,firefox,,1770303825,2023-10-04 12:56:54,539.42,2cb6f84a4847fb9df32a8f37fe14deb1ae5602a5,1310987,,,,,,,,,,,,,,,,,,,,,,,,,,,,,,,,,,,,,,,,,,,,,,,,,,,,,,,,,,,,,TN,TN
autoland,4767314,1,247a31fb40b3ac0b152bd3554743d742a3892fe3,linux1804-64-shippable-qr,True,False,,,102210fe594ee9b33d82058545b1ed14f4c8206e,id-getter-5.html,perf_reftest_singletons,True,perf_reftest_singletons id-getter-5.html opt e10s fission stylo webrender,4767299,77,ms,firefox,,1770446046,2023-10-04 12:56:54,539.66,2cb6f84a4847fb9df32a8f37fe14deb1ae5602a5,1310987,,,,,,,,,,,,,,,,,,,,,,,,,,,,,,,,,,,,,,,,,,,,,,,,,,,,,,,,,,,,,TN,TN
autoland,4767314,1,247a31fb40b3ac0b152bd3554743d742a3892fe3,linux1804-64-shippable-qr,True,False,,,102210fe594ee9b33d82058545b1ed14f4c8206e,id-getter-5.html,perf_reftest_singletons,True,perf_reftest_singletons id-getter-5.html opt e10s fission stylo webrender,4767299,77,ms,firefox,,1770446945,2023-10-04 12:56:54,536.54,2cb6f84a4847fb9df32a8f37fe14deb1ae5602a5,1310987,,,,,,,,,,,,,,,,,,,,,,,,,,,,,,,,,,,,,,,,,,,,,,,,,,,,,,,,,,,,,TN,TN
autoland,4767314,1,247a31fb40b3ac0b152bd3554743d742a3892fe3,linux1804-64-shippable-qr,True,False,,,102210fe594ee9b33d82058545b1ed14f4c8206e,id-getter-5.html,perf_reftest_singletons,True,perf_reftest_singletons id-getter-5.html opt e10s fission stylo webrender,4767299,77,ms,firefox,,1770446613,2023-10-04 12:56:54,532.8199999999999,2cb6f84a4847fb9df32a8f37fe14deb1ae5602a5,1310987,,,,,,,,,,,,,,,,,,,,,,,,,,,,,,,,,,,,,,,,,,,,,,,,,,,,,,,,,,,,,TN,TN
autoland,4767314,1,247a31fb40b3ac0b152bd3554743d742a3892fe3,linux1804-64-shippable-qr,True,False,,,102210fe594ee9b33d82058545b1ed14f4c8206e,id-getter-5.html,perf_reftest_singletons,True,perf_reftest_singletons id-getter-5.html opt e10s fission stylo webrender,4767299,77,ms,firefox,,1769061477,2023-10-04 12:59:50,527.49,7a7e10acc67d83c1b5d36bd0951bd37d1f7904a9,1310989,,,,,,,,,,,,,,,,,,,,,,,,,,,,,,,,,,,,,,,,,,,,,,,,,,,,,,,,,,,,,TN,TN
autoland,4767314,1,247a31fb40b3ac0b152bd3554743d742a3892fe3,linux1804-64-shippable-qr,True,False,,,102210fe594ee9b33d82058545b1ed14f4c8206e,id-getter-5.html,perf_reftest_singletons,True,perf_reftest_singletons id-getter-5.html opt e10s fission stylo webrender,4767299,77,ms,firefox,,1770303979,2023-10-04 12:59:50,535.5300000000001,7a7e10acc67d83c1b5d36bd0951bd37d1f7904a9,1310989,,,,,,,,,,,,,,,,,,,,,,,,,,,,,,,,,,,,,,,,,,,,,,,,,,,,,,,,,,,,,TN,TN
autoland,4767314,1,247a31fb40b3ac0b152bd3554743d742a3892fe3,linux1804-64-shippable-qr,True,False,,,102210fe594ee9b33d82058545b1ed14f4c8206e,id-getter-5.html,perf_reftest_singletons,True,perf_reftest_singletons id-getter-5.html opt e10s fission stylo webrender,4767299,77,ms,firefox,,1770303682,2023-10-04 12:59:50,527.55,7a7e10acc67d83c1b5d36bd0951bd37d1f7904a9,1310989,,,,,,,,,,,,,,,,,,,,,,,,,,,,,,,,,,,,,,,,,,,,,,,,,,,,,,,,,,,,,TN,TN
autoland,4767314,1,247a31fb40b3ac0b152bd3554743d742a3892fe3,linux1804-64-shippable-qr,True,False,,,102210fe594ee9b33d82058545b1ed14f4c8206e,id-getter-5.html,perf_reftest_singletons,True,perf_reftest_singletons id-getter-5.html opt e10s fission stylo webrender,4767299,77,ms,firefox,,1770303866,2023-10-04 12:59:50,565.11,7a7e10acc67d83c1b5d36bd0951bd37d1f7904a9,1310989,,,,,,,,,,,,,,,,,,,,,,,,,,,,,,,,,,,,,,,,,,,,,,,,,,,,,,,,,,,,,TN,TN
autoland,4767314,1,247a31fb40b3ac0b152bd3554743d742a3892fe3,linux1804-64-shippable-qr,True,False,,,102210fe594ee9b33d82058545b1ed14f4c8206e,id-getter-5.html,perf_reftest_singletons,True,perf_reftest_singletons id-getter-5.html opt e10s fission stylo webrender,4767299,77,ms,firefox,,1770447867,2023-10-04 12:59:50,527.21,7a7e10acc67d83c1b5d36bd0951bd37d1f7904a9,1310989,,,,,,,,,,,,,,,,,,,,,,,,,,,,,,,,,,,,,,,,,,,,,,,,,,,,,,,,,,,,,TN,TN
autoland,4767314,1,247a31fb40b3ac0b152bd3554743d742a3892fe3,linux1804-64-shippable-qr,True,False,,,102210fe594ee9b33d82058545b1ed14f4c8206e,id-getter-5.html,perf_reftest_singletons,True,perf_reftest_singletons id-getter-5.html opt e10s fission stylo webrender,4767299,77,ms,firefox,,1770447732,2023-10-04 12:59:50,532.9100000000001,7a7e10acc67d83c1b5d36bd0951bd37d1f7904a9,1310989,,,,,,,,,,,,,,,,,,,,,,,,,,,,,,,,,,,,,,,,,,,,,,,,,,,,,,,,,,,,,TN,TN
autoland,4767314,1,247a31fb40b3ac0b152bd3554743d742a3892fe3,linux1804-64-shippable-qr,True,False,,,102210fe594ee9b33d82058545b1ed14f4c8206e,id-getter-5.html,perf_reftest_singletons,True,perf_reftest_singletons id-getter-5.html opt e10s fission stylo webrender,4767299,77,ms,firefox,,1770447829,2023-10-04 12:59:50,532.94,7a7e10acc67d83c1b5d36bd0951bd37d1f7904a9,1310989,,,,,,,,,,,,,,,,,,,,,,,,,,,,,,,,,,,,,,,,,,,,,,,,,,,,,,,,,,,,,TN,TN
autoland,4767314,1,247a31fb40b3ac0b152bd3554743d742a3892fe3,linux1804-64-shippable-qr,True,False,,,102210fe594ee9b33d82058545b1ed14f4c8206e,id-getter-5.html,perf_reftest_singletons,True,perf_reftest_singletons id-getter-5.html opt e10s fission stylo webrender,4767299,77,ms,firefox,,1770447959,2023-10-04 12:59:50,530.97,7a7e10acc67d83c1b5d36bd0951bd37d1f7904a9,1310989,,,,,,,,,,,,,,,,,,,,,,,,,,,,,,,,,,,,,,,,,,,,,,,,,,,,,,,,,,,,,TN,TN
autoland,4767314,1,247a31fb40b3ac0b152bd3554743d742a3892fe3,linux1804-64-shippable-qr,True,False,,,102210fe594ee9b33d82058545b1ed14f4c8206e,id-getter-5.html,perf_reftest_singletons,True,perf_reftest_singletons id-getter-5.html opt e10s fission stylo webrender,4767299,77,ms,firefox,,1769058173,2023-10-04 13:30:18,534.9000000000001,66d921932ca7cf275d17bf4942aa92a9b9ef9f9d,1311016,,,,,,,,,,,,,,,,,,,,,,,,,,,,,,,,,,,,,,,,,,,,,,,,,,,,,,,,,,,,,TN,TN
autoland,4767314,1,247a31fb40b3ac0b152bd3554743d742a3892fe3,linux1804-64-shippable-qr,True,False,,,102210fe594ee9b33d82058545b1ed14f4c8206e,id-getter-5.html,perf_reftest_singletons,True,perf_reftest_singletons id-getter-5.html opt e10s fission stylo webrender,4767299,77,ms,firefox,,1769121429,2023-10-04 13:30:18,536.23,66d921932ca7cf275d17bf4942aa92a9b9ef9f9d,1311016,,,,,,,,,,,,,,,,,,,,,,,,,,,,,,,,,,,,,,,,,,,,,,,,,,,,,,,,,,,,,TN,TN
autoland,4767314,1,247a31fb40b3ac0b152bd3554743d742a3892fe3,linux1804-64-shippable-qr,True,False,,,102210fe594ee9b33d82058545b1ed14f4c8206e,id-getter-5.html,perf_reftest_singletons,True,perf_reftest_singletons id-getter-5.html opt e10s fission stylo webrender,4767299,77,ms,firefox,,1769123458,2023-10-04 13:30:18,538.31,66d921932ca7cf275d17bf4942aa92a9b9ef9f9d,1311016,,,,,,,,,,,,,,,,,,,,,,,,,,,,,,,,,,,,,,,,,,,,,,,,,,,,,,,,,,,,,TN,TN
autoland,4767314,1,247a31fb40b3ac0b152bd3554743d742a3892fe3,linux1804-64-shippable-qr,True,False,,,102210fe594ee9b33d82058545b1ed14f4c8206e,id-getter-5.html,perf_reftest_singletons,True,perf_reftest_singletons id-getter-5.html opt e10s fission stylo webrender,4767299,77,ms,firefox,,1770304231,2023-10-04 13:30:18,534.25,66d921932ca7cf275d17bf4942aa92a9b9ef9f9d,1311016,,,,,,,,,,,,,,,,,,,,,,,,,,,,,,,,,,,,,,,,,,,,,,,,,,,,,,,,,,,,,TN,TN
autoland,4767314,1,247a31fb40b3ac0b152bd3554743d742a3892fe3,linux1804-64-shippable-qr,True,False,,,102210fe594ee9b33d82058545b1ed14f4c8206e,id-getter-5.html,perf_reftest_singletons,True,perf_reftest_singletons id-getter-5.html opt e10s fission stylo webrender,4767299,77,ms,firefox,,1770304029,2023-10-04 13:30:18,531.28,66d921932ca7cf275d17bf4942aa92a9b9ef9f9d,1311016,,,,,,,,,,,,,,,,,,,,,,,,,,,,,,,,,,,,,,,,,,,,,,,,,,,,,,,,,,,,,TN,TN
autoland,4767314,1,247a31fb40b3ac0b152bd3554743d742a3892fe3,linux1804-64-shippable-qr,True,False,,,102210fe594ee9b33d82058545b1ed14f4c8206e,id-getter-5.html,perf_reftest_singletons,True,perf_reftest_singletons id-getter-5.html opt e10s fission stylo webrender,4767299,77,ms,firefox,,1770304172,2023-10-04 13:30:18,533.1899999999999,66d921932ca7cf275d17bf4942aa92a9b9ef9f9d,1311016,,,,,,,,,,,,,,,,,,,,,,,,,,,,,,,,,,,,,,,,,,,,,,,,,,,,,,,,,,,,,TN,TN
autoland,4767314,1,247a31fb40b3ac0b152bd3554743d742a3892fe3,linux1804-64-shippable-qr,True,False,,,102210fe594ee9b33d82058545b1ed14f4c8206e,id-getter-5.html,perf_reftest_singletons,True,perf_reftest_singletons id-getter-5.html opt e10s fission stylo webrender,4767299,77,ms,firefox,,1767675139,2023-10-04 13:35:26,527.31,764533656770292f05824c8125c45832ba08baa6,1311025,,,,,,,,,,,,,,,,,,,,,,,,,,,,,,,,,,,,,,,,,,,,,,,,,,,,,,,,,,,,,TN,TN
autoland,4767314,1,247a31fb40b3ac0b152bd3554743d742a3892fe3,linux1804-64-shippable-qr,True,False,,,102210fe594ee9b33d82058545b1ed14f4c8206e,id-getter-5.html,perf_reftest_singletons,True,perf_reftest_singletons id-getter-5.html opt e10s fission stylo webrender,4767299,77,ms,firefox,,1769122225,2023-10-04 13:35:26,531.55,764533656770292f05824c8125c45832ba08baa6,1311025,,,,,,,,,,,,,,,,,,,,,,,,,,,,,,,,,,,,,,,,,,,,,,,,,,,,,,,,,,,,,TN,TN
autoland,4767314,1,247a31fb40b3ac0b152bd3554743d742a3892fe3,linux1804-64-shippable-qr,True,False,,,102210fe594ee9b33d82058545b1ed14f4c8206e,id-getter-5.html,perf_reftest_singletons,True,perf_reftest_singletons id-getter-5.html opt e10s fission stylo webrender,4767299,77,ms,firefox,,1769145562,2023-10-04 13:35:26,526.06,764533656770292f05824c8125c45832ba08baa6,1311025,,,,,,,,,,,,,,,,,,,,,,,,,,,,,,,,,,,,,,,,,,,,,,,,,,,,,,,,,,,,,TN,TN
autoland,4767314,1,247a31fb40b3ac0b152bd3554743d742a3892fe3,linux1804-64-shippable-qr,True,False,,,102210fe594ee9b33d82058545b1ed14f4c8206e,id-getter-5.html,perf_reftest_singletons,True,perf_reftest_singletons id-getter-5.html opt e10s fission stylo webrender,4767299,77,ms,firefox,,1770304069,2023-10-04 13:35:26,530.6500000000001,764533656770292f05824c8125c45832ba08baa6,1311025,,,,,,,,,,,,,,,,,,,,,,,,,,,,,,,,,,,,,,,,,,,,,,,,,,,,,,,,,,,,,TN,TN
autoland,4767314,1,247a31fb40b3ac0b152bd3554743d742a3892fe3,linux1804-64-shippable-qr,True,False,,,102210fe594ee9b33d82058545b1ed14f4c8206e,id-getter-5.html,perf_reftest_singletons,True,perf_reftest_singletons id-getter-5.html opt e10s fission stylo webrender,4767299,77,ms,firefox,,1770304112,2023-10-04 13:35:26,533.8100000000001,764533656770292f05824c8125c45832ba08baa6,1311025,,,,,,,,,,,,,,,,,,,,,,,,,,,,,,,,,,,,,,,,,,,,,,,,,,,,,,,,,,,,,TN,TN
autoland,4767314,1,247a31fb40b3ac0b152bd3554743d742a3892fe3,linux1804-64-shippable-qr,True,False,,,102210fe594ee9b33d82058545b1ed14f4c8206e,id-getter-5.html,perf_reftest_singletons,True,perf_reftest_singletons id-getter-5.html opt e10s fission stylo webrender,4767299,77,ms,firefox,,1770304400,2023-10-04 13:35:26,541.98,764533656770292f05824c8125c45832ba08baa6,1311025,,,,,,,,,,,,,,,,,,,,,,,,,,,,,,,,,,,,,,,,,,,,,,,,,,,,,,,,,,,,,TN,TN
autoland,4767314,1,247a31fb40b3ac0b152bd3554743d742a3892fe3,linux1804-64-shippable-qr,True,False,,,102210fe594ee9b33d82058545b1ed14f4c8206e,id-getter-5.html,perf_reftest_singletons,True,perf_reftest_singletons id-getter-5.html opt e10s fission stylo webrender,4767299,77,ms,firefox,,1769172291,2023-10-04 13:52:21,535.6600000000001,0ed6609c8d775fb0f9d77d5770992dbca6020485,1311037,,,,,,,,,,,,,,,,,,,,,,,,,,,,,,,,,,,,,,,,,,,,,,,,,,,,,,,,,,,,,TN,TN
autoland,4767314,1,247a31fb40b3ac0b152bd3554743d742a3892fe3,linux1804-64-shippable-qr,True,False,,,102210fe594ee9b33d82058545b1ed14f4c8206e,id-getter-5.html,perf_reftest_singletons,True,perf_reftest_singletons id-getter-5.html opt e10s fission stylo webrender,4767299,77,ms,firefox,,1770303955,2023-10-04 13:52:21,524.27,0ed6609c8d775fb0f9d77d5770992dbca6020485,1311037,,,,,,,,,,,,,,,,,,,,,,,,,,,,,,,,,,,,,,,,,,,,,,,,,,,,,,,,,,,,,TN,TN
autoland,4767314,1,247a31fb40b3ac0b152bd3554743d742a3892fe3,linux1804-64-shippable-qr,True,False,,,102210fe594ee9b33d82058545b1ed14f4c8206e,id-getter-5.html,perf_reftest_singletons,True,perf_reftest_singletons id-getter-5.html opt e10s fission stylo webrender,4767299,77,ms,firefox,,1770303907,2023-10-04 13:52:21,529.4599999999999,0ed6609c8d775fb0f9d77d5770992dbca6020485,1311037,,,,,,,,,,,,,,,,,,,,,,,,,,,,,,,,,,,,,,,,,,,,,,,,,,,,,,,,,,,,,TN,TN
autoland,4767314,1,247a31fb40b3ac0b152bd3554743d742a3892fe3,linux1804-64-shippable-qr,True,False,,,102210fe594ee9b33d82058545b1ed14f4c8206e,id-getter-5.html,perf_reftest_singletons,True,perf_reftest_singletons id-getter-5.html opt e10s fission stylo webrender,4767299,77,ms,firefox,,1770304163,2023-10-04 13:52:21,530.17,0ed6609c8d775fb0f9d77d5770992dbca6020485,1311037,,,,,,,,,,,,,,,,,,,,,,,,,,,,,,,,,,,,,,,,,,,,,,,,,,,,,,,,,,,,,TN,TN
autoland,4767314,1,247a31fb40b3ac0b152bd3554743d742a3892fe3,linux1804-64-shippable-qr,True,False,,,102210fe594ee9b33d82058545b1ed14f4c8206e,id-getter-5.html,perf_reftest_singletons,True,perf_reftest_singletons id-getter-5.html opt e10s fission stylo webrender,4767299,77,ms,firefox,,1769171963,2023-10-04 14:13:37,529.6,ba9c3d10164b56eb4d1c1526ddc70a8922dc0b22,1311046,,,,,,,,,,,,,,,,,,,,,,,,,,,,,,,,,,,,,,,,,,,,,,,,,,,,,,,,,,,,,TN,TN
autoland,4767314,1,247a31fb40b3ac0b152bd3554743d742a3892fe3,linux1804-64-shippable-qr,True,False,,,102210fe594ee9b33d82058545b1ed14f4c8206e,id-getter-5.html,perf_reftest_singletons,True,perf_reftest_singletons id-getter-5.html opt e10s fission stylo webrender,4767299,77,ms,firefox,,1770304296,2023-10-04 14:13:37,539.06,ba9c3d10164b56eb4d1c1526ddc70a8922dc0b22,1311046,,,,,,,,,,,,,,,,,,,,,,,,,,,,,,,,,,,,,,,,,,,,,,,,,,,,,,,,,,,,,TN,TN
autoland,4767314,1,247a31fb40b3ac0b152bd3554743d742a3892fe3,linux1804-64-shippable-qr,True,False,,,102210fe594ee9b33d82058545b1ed14f4c8206e,id-getter-5.html,perf_reftest_singletons,True,perf_reftest_singletons id-getter-5.html opt e10s fission stylo webrender,4767299,77,ms,firefox,,1770304290,2023-10-04 14:13:37,529.02,ba9c3d10164b56eb4d1c1526ddc70a8922dc0b22,1311046,,,,,,,,,,,,,,,,,,,,,,,,,,,,,,,,,,,,,,,,,,,,,,,,,,,,,,,,,,,,,TN,TN
autoland,4767314,1,247a31fb40b3ac0b152bd3554743d742a3892fe3,linux1804-64-shippable-qr,True,False,,,102210fe594ee9b33d82058545b1ed14f4c8206e,id-getter-5.html,perf_reftest_singletons,True,perf_reftest_singletons id-getter-5.html opt e10s fission stylo webrender,4767299,77,ms,firefox,,1770304356,2023-10-04 14:13:37,525.1199999999999,ba9c3d10164b56eb4d1c1526ddc70a8922dc0b22,1311046,,,,,,,,,,,,,,,,,,,,,,,,,,,,,,,,,,,,,,,,,,,,,,,,,,,,,,,,,,,,,TN,TN
autoland,4767314,1,247a31fb40b3ac0b152bd3554743d742a3892fe3,linux1804-64-shippable-qr,True,False,,,102210fe594ee9b33d82058545b1ed14f4c8206e,id-getter-5.html,perf_reftest_singletons,True,perf_reftest_singletons id-getter-5.html opt e10s fission stylo webrender,4767299,77,ms,firefox,,1769166863,2023-10-04 14:18:44,527.1700000000001,ca025e738f4510bf5d02100073b31a17309dd6de,1311052,,,,,,,,,,,,,,,,,,,,,,,,,,,,,,,,,,,,,,,,,,,,,,,,,,,,,,,,,,,,,TN,TN
autoland,4767314,1,247a31fb40b3ac0b152bd3554743d742a3892fe3,linux1804-64-shippable-qr,True,False,,,102210fe594ee9b33d82058545b1ed14f4c8206e,id-getter-5.html,perf_reftest_singletons,True,perf_reftest_singletons id-getter-5.html opt e10s fission stylo webrender,4767299,77,ms,firefox,,1769172822,2023-10-04 14:24:15,530.9000000000001,34ec02f62a9e2aa2ac7fcea6743a28f66a9089e9,1311056,,,,,,,,,,,,,,,,,,,,,,,,,,,,,,,,,,,,,,,,,,,,,,,,,,,,,,,,,,,,,TN,TN
autoland,4767314,1,247a31fb40b3ac0b152bd3554743d742a3892fe3,linux1804-64-shippable-qr,True,False,,,102210fe594ee9b33d82058545b1ed14f4c8206e,id-getter-5.html,perf_reftest_singletons,True,perf_reftest_singletons id-getter-5.html opt e10s fission stylo webrender,4767299,77,ms,firefox,,1769173862,2023-10-04 14:37:26,536.37,7ac279a74f0728817112f9d6340248900e032918,1311062,,,,,,,,,,,,,,,,,,,,,,,,,,,,,,,,,,,,,,,,,,,,,,,,,,,,,,,,,,,,,TN,TN
autoland,4767314,1,247a31fb40b3ac0b152bd3554743d742a3892fe3,linux1804-64-shippable-qr,True,False,,,102210fe594ee9b33d82058545b1ed14f4c8206e,id-getter-5.html,perf_reftest_singletons,True,perf_reftest_singletons id-getter-5.html opt e10s fission stylo webrender,4767299,77,ms,firefox,,1769186322,2023-10-04 14:48:55,525.46,b38f121b4a9e8b6ea68134ebf2718bcbb2da657a,1311067,,,,,,,,,,,,,,,,,,,,,,,,,,,,,,,,,,,,,,,,,,,,,,,,,,,,,,,,,,,,,TN,TN
autoland,4767314,1,247a31fb40b3ac0b152bd3554743d742a3892fe3,linux1804-64-shippable-qr,True,False,,,102210fe594ee9b33d82058545b1ed14f4c8206e,id-getter-5.html,perf_reftest_singletons,True,perf_reftest_singletons id-getter-5.html opt e10s fission stylo webrender,4767299,77,ms,firefox,,1769177469,2023-10-04 15:02:20,546.26,c2997b11204b3d7c687bbe227dfd5ead9a1b3bb4,1311081,,,,,,,,,,,,,,,,,,,,,,,,,,,,,,,,,,,,,,,,,,,,,,,,,,,,,,,,,,,,,TN,TN
autoland,4767314,1,247a31fb40b3ac0b152bd3554743d742a3892fe3,linux1804-64-shippable-qr,True,False,,,102210fe594ee9b33d82058545b1ed14f4c8206e,id-getter-5.html,perf_reftest_singletons,True,perf_reftest_singletons id-getter-5.html opt e10s fission stylo webrender,4767299,77,ms,firefox,,1769173349,2023-10-04 15:13:44,525.0699999999999,26cc91ff659f748da0c4fd1722d12324a60f3c24,1311093,,,,,,,,,,,,,,,,,,,,,,,,,,,,,,,,,,,,,,,,,,,,,,,,,,,,,,,,,,,,,TN,TN
autoland,4767314,1,247a31fb40b3ac0b152bd3554743d742a3892fe3,linux1804-64-shippable-qr,True,False,,,102210fe594ee9b33d82058545b1ed14f4c8206e,id-getter-5.html,perf_reftest_singletons,True,perf_reftest_singletons id-getter-5.html opt e10s fission stylo webrender,4767299,77,ms,firefox,,1769209069,2023-10-04 15:17:43,535.12,f20181abc2757d0a6347fcc4128e11b4e8015b16,1311094,,,,,,,,,,,,,,,,,,,,,,,,,,,,,,,,,,,,,,,,,,,,,,,,,,,,,,,,,,,,,TN,TN
autoland,4767314,1,247a31fb40b3ac0b152bd3554743d742a3892fe3,linux1804-64-shippable-qr,True,False,,,102210fe594ee9b33d82058545b1ed14f4c8206e,id-getter-5.html,perf_reftest_singletons,True,perf_reftest_singletons id-getter-5.html opt e10s fission stylo webrender,4767299,77,ms,firefox,,1769121711,2023-10-04 15:22:56,538.77,7c627064647b6afab488b7811c66335dd278b7bc,1311096,,,,,,,,,,,,,,,,,,,,,,,,,,,,,,,,,,,,,,,,,,,,,,,,,,,,,,,,,,,,,TN,TN
autoland,4767314,1,247a31fb40b3ac0b152bd3554743d742a3892fe3,linux1804-64-shippable-qr,True,False,,,102210fe594ee9b33d82058545b1ed14f4c8206e,id-getter-5.html,perf_reftest_singletons,True,perf_reftest_singletons id-getter-5.html opt e10s fission stylo webrender,4767299,77,ms,firefox,,1769058213,2023-10-04 15:41:11,527.6,54f53ca91935f687b49f0423d0d343c098ceb371,1311112,,,,,,,,,,,,,,,,,,,,,,,,,,,,,,,,,,,,,,,,,,,,,,,,,,,,,,,,,,,,,TN,TN
autoland,4767314,1,247a31fb40b3ac0b152bd3554743d742a3892fe3,linux1804-64-shippable-qr,True,False,,,102210fe594ee9b33d82058545b1ed14f4c8206e,id-getter-5.html,perf_reftest_singletons,True,perf_reftest_singletons id-getter-5.html opt e10s fission stylo webrender,4767299,77,ms,firefox,,1769122150,2023-10-04 15:41:11,545.47,54f53ca91935f687b49f0423d0d343c098ceb371,1311112,,,,,,,,,,,,,,,,,,,,,,,,,,,,,,,,,,,,,,,,,,,,,,,,,,,,,,,,,,,,,TN,TN
autoland,4767314,1,247a31fb40b3ac0b152bd3554743d742a3892fe3,linux1804-64-shippable-qr,True,False,,,102210fe594ee9b33d82058545b1ed14f4c8206e,id-getter-5.html,perf_reftest_singletons,True,perf_reftest_singletons id-getter-5.html opt e10s fission stylo webrender,4767299,77,ms,firefox,,1769059482,2023-10-04 15:45:27,532.94,c612b2550fc83e64f0e268e4d019fb6538f47b23,1311117,,,,,,,,,,,,,,,,,,,,,,,,,,,,,,,,,,,,,,,,,,,,,,,,,,,,,,,,,,,,,TN,TN
autoland,4767314,1,247a31fb40b3ac0b152bd3554743d742a3892fe3,linux1804-64-shippable-qr,True,False,,,102210fe594ee9b33d82058545b1ed14f4c8206e,id-getter-5.html,perf_reftest_singletons,True,perf_reftest_singletons id-getter-5.html opt e10s fission stylo webrender,4767299,77,ms,firefox,,1769121510,2023-10-04 15:45:27,520.23,c612b2550fc83e64f0e268e4d019fb6538f47b23,1311117,,,,,,,,,,,,,,,,,,,,,,,,,,,,,,,,,,,,,,,,,,,,,,,,,,,,,,,,,,,,,TN,TN
autoland,4767314,1,247a31fb40b3ac0b152bd3554743d742a3892fe3,linux1804-64-shippable-qr,True,False,,,102210fe594ee9b33d82058545b1ed14f4c8206e,id-getter-5.html,perf_reftest_singletons,True,perf_reftest_singletons id-getter-5.html opt e10s fission stylo webrender,4767299,77,ms,firefox,,1769057160,2023-10-04 15:48:48,535.28,3fb2eae20eb5f475412f46275190a655b966d4e2,1311121,,,,,,,,,,,,,,,,,,,,,,,,,,,,,,,,,,,,,,,,,,,,,,,,,,,,,,,,,,,,,TN,TN
autoland,4767314,1,247a31fb40b3ac0b152bd3554743d742a3892fe3,linux1804-64-shippable-qr,True,False,,,102210fe594ee9b33d82058545b1ed14f4c8206e,id-getter-5.html,perf_reftest_singletons,True,perf_reftest_singletons id-getter-5.html opt e10s fission stylo webrender,4767299,77,ms,firefox,,1769123147,2023-10-04 15:48:48,540.72,3fb2eae20eb5f475412f46275190a655b966d4e2,1311121,,,,,,,,,,,,,,,,,,,,,,,,,,,,,,,,,,,,,,,,,,,,,,,,,,,,,,,,,,,,,TN,TN
autoland,4767314,1,247a31fb40b3ac0b152bd3554743d742a3892fe3,linux1804-64-shippable-qr,True,False,,,102210fe594ee9b33d82058545b1ed14f4c8206e,id-getter-5.html,perf_reftest_singletons,True,perf_reftest_singletons id-getter-5.html opt e10s fission stylo webrender,4767299,77,ms,firefox,,1769061601,2023-10-04 16:02:38,540.1700000000001,54a1341a95d68bc4b51a1594830bdc82e68f9f9b,1311134,,,,,,,,,,,,,,,,,,,,,,,,,,,,,,,,,,,,,,,,,,,,,,,,,,,,,,,,,,,,,TN,TN
autoland,4767314,1,247a31fb40b3ac0b152bd3554743d742a3892fe3,linux1804-64-shippable-qr,True,False,,,102210fe594ee9b33d82058545b1ed14f4c8206e,id-getter-5.html,perf_reftest_singletons,True,perf_reftest_singletons id-getter-5.html opt e10s fission stylo webrender,4767299,77,ms,firefox,,1769052871,2023-10-04 16:50:21,526.95,d09e9295477f6c0c572b023682cb037131eced85,1311178,,,,,,,,,,,,,,,,,,,,,,,,,,,,,,,,,,,,,,,,,,,,,,,,,,,,,,,,,,,,,TN,TN
autoland,4767314,1,247a31fb40b3ac0b152bd3554743d742a3892fe3,linux1804-64-shippable-qr,True,False,,,102210fe594ee9b33d82058545b1ed14f4c8206e,id-getter-5.html,perf_reftest_singletons,True,perf_reftest_singletons id-getter-5.html opt e10s fission stylo webrender,4767299,77,ms,firefox,,1769055057,2023-10-04 16:54:48,530.77,599dc5d6752171df71a3d2e0f45c164910fd8104,1311182,,,,,,,,,,,,,,,,,,,,,,,,,,,,,,,,,,,,,,,,,,,,,,,,,,,,,,,,,,,,,TN,TN
autoland,4767314,1,247a31fb40b3ac0b152bd3554743d742a3892fe3,linux1804-64-shippable-qr,True,False,,,102210fe594ee9b33d82058545b1ed14f4c8206e,id-getter-5.html,perf_reftest_singletons,True,perf_reftest_singletons id-getter-5.html opt e10s fission stylo webrender,4767299,77,ms,firefox,,1769061922,2023-10-04 16:55:44,530.9000000000001,594158459dff23188e2954c580e548ea2157e390,1311186,,,,,,,,,,,,,,,,,,,,,,,,,,,,,,,,,,,,,,,,,,,,,,,,,,,,,,,,,,,,,TN,TN
autoland,4767314,1,247a31fb40b3ac0b152bd3554743d742a3892fe3,linux1804-64-shippable-qr,True,False,,,102210fe594ee9b33d82058545b1ed14f4c8206e,id-getter-5.html,perf_reftest_singletons,True,perf_reftest_singletons id-getter-5.html opt e10s fission stylo webrender,4767299,77,ms,firefox,,1769054934,2023-10-04 16:56:50,531.21,72b7d7082c66a908f61286b9b781b3cf89980f84,1311188,,,,,,,,,,,,,,,,,,,,,,,,,,,,,,,,,,,,,,,,,,,,,,,,,,,,,,,,,,,,,TN,TN
autoland,4767314,1,247a31fb40b3ac0b152bd3554743d742a3892fe3,linux1804-64-shippable-qr,True,False,,,102210fe594ee9b33d82058545b1ed14f4c8206e,id-getter-5.html,perf_reftest_singletons,True,perf_reftest_singletons id-getter-5.html opt e10s fission stylo webrender,4767299,77,ms,firefox,,1769060475,2023-10-04 16:57:44,533.72,e0d4d00811afd3f98bbcd508ccc8751eaa9602a9,1311189,,,,,,,,,,,,,,,,,,,,,,,,,,,,,,,,,,,,,,,,,,,,,,,,,,,,,,,,,,,,,TN,TN
autoland,4767314,1,247a31fb40b3ac0b152bd3554743d742a3892fe3,linux1804-64-shippable-qr,True,False,,,102210fe594ee9b33d82058545b1ed14f4c8206e,id-getter-5.html,perf_reftest_singletons,True,perf_reftest_singletons id-getter-5.html opt e10s fission stylo webrender,4767299,77,ms,firefox,,1767719400,2023-10-04 16:58:39,537.31,ce4c0f200f3bbd6681a6313aebf0d64f7ea8afe5,1311191,,,,,,,,,,,,,,,,,,,,,,,,,,,,,,,,,,,,,,,,,,,,,,,,,,,,,,,,,,,,,TN,TN
autoland,4767314,1,247a31fb40b3ac0b152bd3554743d742a3892fe3,linux1804-64-shippable-qr,True,False,,,102210fe594ee9b33d82058545b1ed14f4c8206e,id-getter-5.html,perf_reftest_singletons,True,perf_reftest_singletons id-getter-5.html opt e10s fission stylo webrender,4767299,77,ms,firefox,,1769063985,2023-10-04 19:03:39,529.93,8c122c13db91280c9bf4d1ced27fb8bfce94c8fe,1311301,,,,,,,,,,,,,,,,,,,,,,,,,,,,,,,,,,,,,,,,,,,,,,,,,,,,,,,,,,,,,TN,TN
autoland,4767314,1,247a31fb40b3ac0b152bd3554743d742a3892fe3,linux1804-64-shippable-qr,True,False,,,102210fe594ee9b33d82058545b1ed14f4c8206e,id-getter-5.html,perf_reftest_singletons,True,perf_reftest_singletons id-getter-5.html opt e10s fission stylo webrender,4767299,77,ms,firefox,,1769057542,2023-10-04 19:06:23,540.98,89c56ef7fc57cadc37df4482cffc21aefe726bf8,1311305,,,,,,,,,,,,,,,,,,,,,,,,,,,,,,,,,,,,,,,,,,,,,,,,,,,,,,,,,,,,,TN,TN
autoland,4767314,1,247a31fb40b3ac0b152bd3554743d742a3892fe3,linux1804-64-shippable-qr,True,False,,,102210fe594ee9b33d82058545b1ed14f4c8206e,id-getter-5.html,perf_reftest_singletons,True,perf_reftest_singletons id-getter-5.html opt e10s fission stylo webrender,4767299,77,ms,firefox,,1769124563,2023-10-04 19:12:14,544.65,524595183106de9906df2a1b185b14ec69775549,1311310,,,,,,,,,,,,,,,,,,,,,,,,,,,,,,,,,,,,,,,,,,,,,,,,,,,,,,,,,,,,,TN,TN
autoland,4767314,1,247a31fb40b3ac0b152bd3554743d742a3892fe3,linux1804-64-shippable-qr,True,False,,,102210fe594ee9b33d82058545b1ed14f4c8206e,id-getter-5.html,perf_reftest_singletons,True,perf_reftest_singletons id-getter-5.html opt e10s fission stylo webrender,4767299,77,ms,firefox,,1769123928,2023-10-04 20:33:36,524.56,3ed87befd7e27a779589eeb8736abbcfd26c7fc4,1311371,,,,,,,,,,,,,,,,,,,,,,,,,,,,,,,,,,,,,,,,,,,,,,,,,,,,,,,,,,,,,TN,TN
autoland,4767314,1,247a31fb40b3ac0b152bd3554743d742a3892fe3,linux1804-64-shippable-qr,True,False,,,102210fe594ee9b33d82058545b1ed14f4c8206e,id-getter-5.html,perf_reftest_singletons,True,perf_reftest_singletons id-getter-5.html opt e10s fission stylo webrender,4767299,77,ms,firefox,,1769061532,2023-10-04 20:50:58,530.9399999999999,7683643c809e606a8b8444a8ec6b39987d11fe24,1311389,,,,,,,,,,,,,,,,,,,,,,,,,,,,,,,,,,,,,,,,,,,,,,,,,,,,,,,,,,,,,TN,TN
autoland,4767314,1,247a31fb40b3ac0b152bd3554743d742a3892fe3,linux1804-64-shippable-qr,True,False,,,102210fe594ee9b33d82058545b1ed14f4c8206e,id-getter-5.html,perf_reftest_singletons,True,perf_reftest_singletons id-getter-5.html opt e10s fission stylo webrender,4767299,77,ms,firefox,,1769053269,2023-10-04 20:52:05,533.46,cf378ca55067459d44e37bfa4a9f7266f0ab1dbd,1311391,,,,,,,,,,,,,,,,,,,,,,,,,,,,,,,,,,,,,,,,,,,,,,,,,,,,,,,,,,,,,TN,TN
autoland,4767314,1,247a31fb40b3ac0b152bd3554743d742a3892fe3,linux1804-64-shippable-qr,True,False,,,102210fe594ee9b33d82058545b1ed14f4c8206e,id-getter-5.html,perf_reftest_singletons,True,perf_reftest_singletons id-getter-5.html opt e10s fission stylo webrender,4767299,77,ms,firefox,,1769067280,2023-10-04 20:53:05,526.96,67f09bb24cd5f22f1115e4f00d6e9bb3a2826858,1311393,,,,,,,,,,,,,,,,,,,,,,,,,,,,,,,,,,,,,,,,,,,,,,,,,,,,,,,,,,,,,TN,TN
autoland,4767314,1,247a31fb40b3ac0b152bd3554743d742a3892fe3,linux1804-64-shippable-qr,True,False,,,102210fe594ee9b33d82058545b1ed14f4c8206e,id-getter-5.html,perf_reftest_singletons,True,perf_reftest_singletons id-getter-5.html opt e10s fission stylo webrender,4767299,77,ms,firefox,,1769059127,2023-10-04 20:53:58,528.9499999999999,269f2d4594834d562529e3a53349016419d1a466,1311394,,,,,,,,,,,,,,,,,,,,,,,,,,,,,,,,,,,,,,,,,,,,,,,,,,,,,,,,,,,,,TN,TN
autoland,4767314,1,247a31fb40b3ac0b152bd3554743d742a3892fe3,linux1804-64-shippable-qr,True,False,,,102210fe594ee9b33d82058545b1ed14f4c8206e,id-getter-5.html,perf_reftest_singletons,True,perf_reftest_singletons id-getter-5.html opt e10s fission stylo webrender,4767299,77,ms,firefox,,1767870926,2023-10-04 20:54:48,533.1099999999999,e557eb7d97ce665fd81c680ed136877f12572c13,1311395,,,,,,,,,,,,,,,,,,,,,,,,,,,,,,,,,,,,,,,,,,,,,,,,,,,,,,,,,,,,,TN,TN
autoland,4767314,1,247a31fb40b3ac0b152bd3554743d742a3892fe3,linux1804-64-shippable-qr,True,False,,,102210fe594ee9b33d82058545b1ed14f4c8206e,id-getter-5.html,perf_reftest_singletons,True,perf_reftest_singletons id-getter-5.html opt e10s fission stylo webrender,4767299,77,ms,firefox,,1767989391,2023-10-05 00:01:56,526.96,59f4df7189285072039d3a68afd88090443edb71,1311536,,,,,,,,,,,,,,,,,,,,,,,,,,,,,,,,,,,,,,,,,,,,,,,,,,,,,,,,,,,,,TN,TN
autoland,4767314,1,247a31fb40b3ac0b152bd3554743d742a3892fe3,linux1804-64-shippable-qr,True,False,,,102210fe594ee9b33d82058545b1ed14f4c8206e,id-getter-5.html,perf_reftest_singletons,True,perf_reftest_singletons id-getter-5.html opt e10s fission stylo webrender,4767299,77,ms,firefox,,1768089526,2023-10-05 04:15:14,530.38,c406ccc1889d7f77e187d219bc9800009e26c02e,1311596,,,,,,,,,,,,,,,,,,,,,,,,,,,,,,,,,,,,,,,,,,,,,,,,,,,,,,,,,,,,,TN,TN
autoland,4767314,1,247a31fb40b3ac0b152bd3554743d742a3892fe3,linux1804-64-shippable-qr,True,False,,,102210fe594ee9b33d82058545b1ed14f4c8206e,id-getter-5.html,perf_reftest_singletons,True,perf_reftest_singletons id-getter-5.html opt e10s fission stylo webrender,4767299,77,ms,firefox,,1768248442,2023-10-05 08:15:44,538.05,526604ee2cd434fcf94020c1c8b6b96d253a6e83,1311663,,,,,,,,,,,,,,,,,,,,,,,,,,,,,,,,,,,,,,,,,,,,,,,,,,,,,,,,,,,,,TN,TN
autoland,4767314,1,247a31fb40b3ac0b152bd3554743d742a3892fe3,linux1804-64-shippable-qr,True,False,,,102210fe594ee9b33d82058545b1ed14f4c8206e,id-getter-5.html,perf_reftest_singletons,True,perf_reftest_singletons id-getter-5.html opt e10s fission stylo webrender,4767299,77,ms,firefox,,1768174532,2023-10-05 08:43:24,533.7,352fa7471fb72db127fc25a7723d201abec7bd50,1311677,,,,,,,,,,,,,,,,,,,,,,,,,,,,,,,,,,,,,,,,,,,,,,,,,,,,,,,,,,,,,TN,TN
autoland,4767314,1,247a31fb40b3ac0b152bd3554743d742a3892fe3,linux1804-64-shippable-qr,True,False,,,102210fe594ee9b33d82058545b1ed14f4c8206e,id-getter-5.html,perf_reftest_singletons,True,perf_reftest_singletons id-getter-5.html opt e10s fission stylo webrender,4767299,77,ms,firefox,,1768344923,2023-10-05 13:03:19,529.13,071a248f1589b12a9d492997caf012ac6a813d61,1311840,,,,,,,,,,,,,,,,,,,,,,,,,,,,,,,,,,,,,,,,,,,,,,,,,,,,,,,,,,,,,TN,TN
autoland,4767314,1,247a31fb40b3ac0b152bd3554743d742a3892fe3,linux1804-64-shippable-qr,True,False,,,102210fe594ee9b33d82058545b1ed14f4c8206e,id-getter-5.html,perf_reftest_singletons,True,perf_reftest_singletons id-getter-5.html opt e10s fission stylo webrender,4767299,77,ms,firefox,,1768547332,2023-10-05 14:07:33,534.5799999999999,38a59b940c35dfab50ff2deda3fe6f27bfa99213,1311899,,,,,,,,,,,,,,,,,,,,,,,,,,,,,,,,,,,,,,,,,,,,,,,,,,,,,,,,,,,,,TN,TN
autoland,4767314,1,247a31fb40b3ac0b152bd3554743d742a3892fe3,linux1804-64-shippable-qr,True,False,,,102210fe594ee9b33d82058545b1ed14f4c8206e,id-getter-5.html,perf_reftest_singletons,True,perf_reftest_singletons id-getter-5.html opt e10s fission stylo webrender,4767299,77,ms,firefox,,1768640112,2023-10-05 17:18:24,525.06,def7651a06fb17bb344eaf48cc6daa6047be722e,1312069,,,,,,,,,,,,,,,,,,,,,,,,,,,,,,,,,,,,,,,,,,,,,,,,,,,,,,,,,,,,,TN,TN
autoland,4767314,1,247a31fb40b3ac0b152bd3554743d742a3892fe3,linux1804-64-shippable-qr,True,False,,,102210fe594ee9b33d82058545b1ed14f4c8206e,id-getter-5.html,perf_reftest_singletons,True,perf_reftest_singletons id-getter-5.html opt e10s fission stylo webrender,4767299,77,ms,firefox,,1768769546,2023-10-05 19:49:01,577.81,5cb270a4e6b6f0aa6cd6865b7f8daf75ad10263c,1312160,,,,,,,,,,,,,,,,,,,,,,,,,,,,,,,,,,,,,,,,,,,,,,,,,,,,,,,,,,,,,TN,TN
autoland,4767314,1,247a31fb40b3ac0b152bd3554743d742a3892fe3,linux1804-64-shippable-qr,True,False,,,102210fe594ee9b33d82058545b1ed14f4c8206e,id-getter-5.html,perf_reftest_singletons,True,perf_reftest_singletons id-getter-5.html opt e10s fission stylo webrender,4767299,77,ms,firefox,,1768919953,2023-10-06 01:08:36,540.3199999999999,461a9c98a535b9896e9d394bdfee72ce90cf7afd,1312319,,,,,,,,,,,,,,,,,,,,,,,,,,,,,,,,,,,,,,,,,,,,,,,,,,,,,,,,,,,,,TN,TN
autoland,4767314,1,247a31fb40b3ac0b152bd3554743d742a3892fe3,linux1804-64-shippable-qr,True,False,,,102210fe594ee9b33d82058545b1ed14f4c8206e,id-getter-5.html,perf_reftest_singletons,True,perf_reftest_singletons id-getter-5.html opt e10s fission stylo webrender,4767299,77,ms,firefox,,1768979442,2023-10-06 04:02:35,530.46,055e1badb79853e71fe9123f8e0c60a4381a1239,1312369,,,,,,,,,,,,,,,,,,,,,,,,,,,,,,,,,,,,,,,,,,,,,,,,,,,,,,,,,,,,,TN,TN
autoland,4767314,1,247a31fb40b3ac0b152bd3554743d742a3892fe3,linux1804-64-shippable-qr,True,False,,,102210fe594ee9b33d82058545b1ed14f4c8206e,id-getter-5.html,perf_reftest_singletons,True,perf_reftest_singletons id-getter-5.html opt e10s fission stylo webrender,4767299,77,ms,firefox,,1770620169,2023-10-06 04:24:21,526.23,c2e9bd7889112a71defe8ce363076708a01b05ef,1312372,,,,,,,,,,,,,,,,,,,,,,,,,,,,,,,,,,,,,,,,,,,,,,,,,,,,,,,,,,,,,TN,TN
autoland,4767314,1,247a31fb40b3ac0b152bd3554743d742a3892fe3,linux1804-64-shippable-qr,True,False,,,102210fe594ee9b33d82058545b1ed14f4c8206e,id-getter-5.html,perf_reftest_singletons,True,perf_reftest_singletons id-getter-5.html opt e10s fission stylo webrender,4767299,77,ms,firefox,,1770620208,2023-10-06 04:47:35,530.51,a0f40aa5a5952bec0f425366ff9fcec37dd1dceb,1312378,,,,,,,,,,,,,,,,,,,,,,,,,,,,,,,,,,,,,,,,,,,,,,,,,,,,,,,,,,,,,TN,TN
autoland,4767314,1,247a31fb40b3ac0b152bd3554743d742a3892fe3,linux1804-64-shippable-qr,True,False,,,102210fe594ee9b33d82058545b1ed14f4c8206e,id-getter-5.html,perf_reftest_singletons,True,perf_reftest_singletons id-getter-5.html opt e10s fission stylo webrender,4767299,77,ms,firefox,,1770620347,2023-10-06 05:52:14,531.1600000000001,e0785b093504e23ccebb6d28787c33d68c18f0b9,1312388,,,,,,,,,,,,,,,,,,,,,,,,,,,,,,,,,,,,,,,,,,,,,,,,,,,,,,,,,,,,,TN,TN
autoland,4767314,1,247a31fb40b3ac0b152bd3554743d742a3892fe3,linux1804-64-shippable-qr,True,False,,,102210fe594ee9b33d82058545b1ed14f4c8206e,id-getter-5.html,perf_reftest_singletons,True,perf_reftest_singletons id-getter-5.html opt e10s fission stylo webrender,4767299,77,ms,firefox,,1770620813,2023-10-06 06:18:53,536.52,6ffbaf3b4ea8d26aa4bd49cb18e198060dba7bc9,1312398,,,,,,,,,,,,,,,,,,,,,,,,,,,,,,,,,,,,,,,,,,,,,,,,,,,,,,,,,,,,,TN,TN
autoland,4767314,1,247a31fb40b3ac0b152bd3554743d742a3892fe3,linux1804-64-shippable-qr,True,False,,,102210fe594ee9b33d82058545b1ed14f4c8206e,id-getter-5.html,perf_reftest_singletons,True,perf_reftest_singletons id-getter-5.html opt e10s fission stylo webrender,4767299,77,ms,firefox,,1770620284,2023-10-06 06:59:00,533.39,b034a85665e3ae050f00c3dabc252572dff65b0f,1312412,,,,,,,,,,,,,,,,,,,,,,,,,,,,,,,,,,,,,,,,,,,,,,,,,,,,,,,,,,,,,TN,TN
autoland,4767314,1,247a31fb40b3ac0b152bd3554743d742a3892fe3,linux1804-64-shippable-qr,True,False,,,102210fe594ee9b33d82058545b1ed14f4c8206e,id-getter-5.html,perf_reftest_singletons,True,perf_reftest_singletons id-getter-5.html opt e10s fission stylo webrender,4767299,77,ms,firefox,,1770620482,2023-10-06 07:38:48,536.86,334a64fb61ff883351253231040a15e33ec51d75,1312418,,,,,,,,,,,,,,,,,,,,,,,,,,,,,,,,,,,,,,,,,,,,,,,,,,,,,,,,,,,,,TN,TN
autoland,4767314,1,247a31fb40b3ac0b152bd3554743d742a3892fe3,linux1804-64-shippable-qr,True,False,,,102210fe594ee9b33d82058545b1ed14f4c8206e,id-getter-5.html,perf_reftest_singletons,True,perf_reftest_singletons id-getter-5.html opt e10s fission stylo webrender,4767299,77,ms,firefox,,1770620601,2023-10-06 07:49:20,542.86,babd4f918ff21aa3bf55b6e8f9c2a3ff2b380797,1312419,,,,,,,,,,,,,,,,,,,,,,,,,,,,,,,,,,,,,,,,,,,,,,,,,,,,,,,,,,,,,TN,TN
autoland,4767314,1,247a31fb40b3ac0b152bd3554743d742a3892fe3,linux1804-64-shippable-qr,True,False,,,102210fe594ee9b33d82058545b1ed14f4c8206e,id-getter-5.html,perf_reftest_singletons,True,perf_reftest_singletons id-getter-5.html opt e10s fission stylo webrender,4767299,77,ms,firefox,,1770620406,2023-10-06 07:50:12,531.6600000000001,f37a30bf6db00a212fa7b65d39f09e7a58c7cb52,1312425,,,,,,,,,,,,,,,,,,,,,,,,,,,,,,,,,,,,,,,,,,,,,,,,,,,,,,,,,,,,,TN,TN
autoland,4767314,1,247a31fb40b3ac0b152bd3554743d742a3892fe3,linux1804-64-shippable-qr,True,False,,,102210fe594ee9b33d82058545b1ed14f4c8206e,id-getter-5.html,perf_reftest_singletons,True,perf_reftest_singletons id-getter-5.html opt e10s fission stylo webrender,4767299,77,ms,firefox,,1770620661,2023-10-06 07:55:15,541.11,6a3696d25b3eb37571c0cb68fc067a89c26b845a,1312431,,,,,,,,,,,,,,,,,,,,,,,,,,,,,,,,,,,,,,,,,,,,,,,,,,,,,,,,,,,,,TN,TN
autoland,4767314,1,247a31fb40b3ac0b152bd3554743d742a3892fe3,linux1804-64-shippable-qr,True,False,,,102210fe594ee9b33d82058545b1ed14f4c8206e,id-getter-5.html,perf_reftest_singletons,True,perf_reftest_singletons id-getter-5.html opt e10s fission stylo webrender,4767299,77,ms,firefox,,1769125088,2023-10-06 08:43:18,524.8299999999999,00b027478170756439b780282f9cfdf15edea985,1312452,,,,,,,,,,,,,,,,,,,,,,,,,,,,,,,,,,,,,,,,,,,,,,,,,,,,,,,,,,,,,TN,TN
autoland,4767314,1,247a31fb40b3ac0b152bd3554743d742a3892fe3,linux1804-64-shippable-qr,True,False,,,102210fe594ee9b33d82058545b1ed14f4c8206e,id-getter-5.html,perf_reftest_singletons,True,perf_reftest_singletons id-getter-5.html opt e10s fission stylo webrender,4767299,77,ms,firefox,,1770620702,2023-10-06 08:44:38,540.7,47f22dc6237620da660fdfe1019daeffb58ffe7e,1312453,,,,,,,,,,,,,,,,,,,,,,,,,,,,,,,,,,,,,,,,,,,,,,,,,,,,,,,,,,,,,TN,TN
autoland,4767314,1,247a31fb40b3ac0b152bd3554743d742a3892fe3,linux1804-64-shippable-qr,True,False,,,102210fe594ee9b33d82058545b1ed14f4c8206e,id-getter-5.html,perf_reftest_singletons,True,perf_reftest_singletons id-getter-5.html opt e10s fission stylo webrender,4767299,77,ms,firefox,,1770620665,2023-10-06 09:19:45,526.9399999999999,e638f7f5706545e53bada8b935af44ad58dfa32a,1312469,,,,,,,,,,,,,,,,,,,,,,,,,,,,,,,,,,,,,,,,,,,,,,,,,,,,,,,,,,,,,TN,TN
autoland,4767314,1,247a31fb40b3ac0b152bd3554743d742a3892fe3,linux1804-64-shippable-qr,True,False,,,102210fe594ee9b33d82058545b1ed14f4c8206e,id-getter-5.html,perf_reftest_singletons,True,perf_reftest_singletons id-getter-5.html opt e10s fission stylo webrender,4767299,77,ms,firefox,,1770620911,2023-10-06 10:18:59,554.0999999999999,d27893ad1ee37bef741b69e723a7d9d72391d89d,1312487,,,,,,,,,,,,,,,,,,,,,,,,,,,,,,,,,,,,,,,,,,,,,,,,,,,,,,,,,,,,,TN,TN
autoland,4767314,1,247a31fb40b3ac0b152bd3554743d742a3892fe3,linux1804-64-shippable-qr,True,False,,,102210fe594ee9b33d82058545b1ed14f4c8206e,id-getter-5.html,perf_reftest_singletons,True,perf_reftest_singletons id-getter-5.html opt e10s fission stylo webrender,4767299,77,ms,firefox,,1770621028,2023-10-06 10:57:31,536.71,c6efcac0ffcc0c17fdd4c6ee691e747ae136d62f,1312504,,,,,,,,,,,,,,,,,,,,,,,,,,,,,,,,,,,,,,,,,,,,,,,,,,,,,,,,,,,,,TN,TN
autoland,4767314,1,247a31fb40b3ac0b152bd3554743d742a3892fe3,linux1804-64-shippable-qr,True,False,,,102210fe594ee9b33d82058545b1ed14f4c8206e,id-getter-5.html,perf_reftest_singletons,True,perf_reftest_singletons id-getter-5.html opt e10s fission stylo webrender,4767299,77,ms,firefox,,1770620768,2023-10-06 11:06:49,521.78,107265085a67a702557aba007008b4b22e29c793,1312509,,,,,,,,,,,,,,,,,,,,,,,,,,,,,,,,,,,,,,,,,,,,,,,,,,,,,,,,,,,,,TN,TN
autoland,4767314,1,247a31fb40b3ac0b152bd3554743d742a3892fe3,linux1804-64-shippable-qr,True,False,,,102210fe594ee9b33d82058545b1ed14f4c8206e,id-getter-5.html,perf_reftest_singletons,True,perf_reftest_singletons id-getter-5.html opt e10s fission stylo webrender,4767299,77,ms,firefox,,1770621108,2023-10-06 11:21:38,535.3100000000001,e7b01fe0243ee8f732a863eb23c0e756cff0f8be,1312514,,,,,,,,,,,,,,,,,,,,,,,,,,,,,,,,,,,,,,,,,,,,,,,,,,,,,,,,,,,,,TN,TN
autoland,4767314,1,247a31fb40b3ac0b152bd3554743d742a3892fe3,linux1804-64-shippable-qr,True,False,,,102210fe594ee9b33d82058545b1ed14f4c8206e,id-getter-5.html,perf_reftest_singletons,True,perf_reftest_singletons id-getter-5.html opt e10s fission stylo webrender,4767299,77,ms,firefox,,1771544510,2023-10-06 11:21:38,532.34,e7b01fe0243ee8f732a863eb23c0e756cff0f8be,1312514,,,,,,,,,,,,,,,,,,,,,,,,,,,,,,,,,,,,,,,,,,,,,,,,,,,,,,,,,,,,,TN,TN
autoland,4767314,1,247a31fb40b3ac0b152bd3554743d742a3892fe3,linux1804-64-shippable-qr,True,False,,,102210fe594ee9b33d82058545b1ed14f4c8206e,id-getter-5.html,perf_reftest_singletons,True,perf_reftest_singletons id-getter-5.html opt e10s fission stylo webrender,4767299,77,ms,firefox,,1771543900,2023-10-06 11:21:38,532.65,e7b01fe0243ee8f732a863eb23c0e756cff0f8be,1312514,,,,,,,,,,,,,,,,,,,,,,,,,,,,,,,,,,,,,,,,,,,,,,,,,,,,,,,,,,,,,TN,TN
autoland,4767314,1,247a31fb40b3ac0b152bd3554743d742a3892fe3,linux1804-64-shippable-qr,True,False,,,102210fe594ee9b33d82058545b1ed14f4c8206e,id-getter-5.html,perf_reftest_singletons,True,perf_reftest_singletons id-getter-5.html opt e10s fission stylo webrender,4767299,77,ms,firefox,,1771543919,2023-10-06 11:21:38,526.76,e7b01fe0243ee8f732a863eb23c0e756cff0f8be,1312514,,,,,,,,,,,,,,,,,,,,,,,,,,,,,,,,,,,,,,,,,,,,,,,,,,,,,,,,,,,,,TN,TN
autoland,4767314,1,247a31fb40b3ac0b152bd3554743d742a3892fe3,linux1804-64-shippable-qr,True,False,,,102210fe594ee9b33d82058545b1ed14f4c8206e,id-getter-5.html,perf_reftest_singletons,True,perf_reftest_singletons id-getter-5.html opt e10s fission stylo webrender,4767299,77,ms,firefox,,1771544790,2023-10-06 11:21:38,532.76,e7b01fe0243ee8f732a863eb23c0e756cff0f8be,1312514,,,,,,,,,,,,,,,,,,,,,,,,,,,,,,,,,,,,,,,,,,,,,,,,,,,,,,,,,,,,,TN,TN
autoland,4767314,1,247a31fb40b3ac0b152bd3554743d742a3892fe3,linux1804-64-shippable-qr,True,False,,,102210fe594ee9b33d82058545b1ed14f4c8206e,id-getter-5.html,perf_reftest_singletons,True,perf_reftest_singletons id-getter-5.html opt e10s fission stylo webrender,4767299,77,ms,firefox,,1770620975,2023-10-06 11:30:29,527.5899999999999,0dc83bc5c9cf57f3ab4728dd5245ce7ee3434a26,1312516,,,,,,,,,,,,,,,,,,,,,,,,,,,,,,,,,,,,,,,,,,,,,,,,,,,,,,,,,,,,,TN,TN
autoland,4767314,1,247a31fb40b3ac0b152bd3554743d742a3892fe3,linux1804-64-shippable-qr,True,False,,,102210fe594ee9b33d82058545b1ed14f4c8206e,id-getter-5.html,perf_reftest_singletons,True,perf_reftest_singletons id-getter-5.html opt e10s fission stylo webrender,4767299,77,ms,firefox,,1771544564,2023-10-06 11:30:29,533.1800000000001,0dc83bc5c9cf57f3ab4728dd5245ce7ee3434a26,1312516,,,,,,,,,,,,,,,,,,,,,,,,,,,,,,,,,,,,,,,,,,,,,,,,,,,,,,,,,,,,,TN,TN
autoland,4767314,1,247a31fb40b3ac0b152bd3554743d742a3892fe3,linux1804-64-shippable-qr,True,False,,,102210fe594ee9b33d82058545b1ed14f4c8206e,id-getter-5.html,perf_reftest_singletons,True,perf_reftest_singletons id-getter-5.html opt e10s fission stylo webrender,4767299,77,ms,firefox,,1771544769,2023-10-06 11:30:29,539.1700000000001,0dc83bc5c9cf57f3ab4728dd5245ce7ee3434a26,1312516,,,,,,,,,,,,,,,,,,,,,,,,,,,,,,,,,,,,,,,,,,,,,,,,,,,,,,,,,,,,,TN,TN
autoland,4767314,1,247a31fb40b3ac0b152bd3554743d742a3892fe3,linux1804-64-shippable-qr,True,False,,,102210fe594ee9b33d82058545b1ed14f4c8206e,id-getter-5.html,perf_reftest_singletons,True,perf_reftest_singletons id-getter-5.html opt e10s fission stylo webrender,4767299,77,ms,firefox,,1771544834,2023-10-06 11:30:29,530.52,0dc83bc5c9cf57f3ab4728dd5245ce7ee3434a26,1312516,,,,,,,,,,,,,,,,,,,,,,,,,,,,,,,,,,,,,,,,,,,,,,,,,,,,,,,,,,,,,TN,TN
autoland,4767314,1,247a31fb40b3ac0b152bd3554743d742a3892fe3,linux1804-64-shippable-qr,True,False,,,102210fe594ee9b33d82058545b1ed14f4c8206e,id-getter-5.html,perf_reftest_singletons,True,perf_reftest_singletons id-getter-5.html opt e10s fission stylo webrender,4767299,77,ms,firefox,,1771544879,2023-10-06 11:30:29,531.87,0dc83bc5c9cf57f3ab4728dd5245ce7ee3434a26,1312516,,,,,,,,,,,,,,,,,,,,,,,,,,,,,,,,,,,,,,,,,,,,,,,,,,,,,,,,,,,,,TN,TN
autoland,4767314,1,247a31fb40b3ac0b152bd3554743d742a3892fe3,linux1804-64-shippable-qr,True,False,,,102210fe594ee9b33d82058545b1ed14f4c8206e,id-getter-5.html,perf_reftest_singletons,True,perf_reftest_singletons id-getter-5.html opt e10s fission stylo webrender,4767299,77,ms,firefox,,1770619928,2023-10-06 11:57:38,541.7,76cee2515d115053273e038b9b7a8263a30f85b3,1312534,,,,,,,,,,,,,,,,,,,,,,,,,,,,,,,,,,,,,,,,,,,,,,,,,,,,,,,,,,,,,TN,TN
autoland,4767314,1,247a31fb40b3ac0b152bd3554743d742a3892fe3,linux1804-64-shippable-qr,True,False,,,102210fe594ee9b33d82058545b1ed14f4c8206e,id-getter-5.html,perf_reftest_singletons,True,perf_reftest_singletons id-getter-5.html opt e10s fission stylo webrender,4767299,77,ms,firefox,,1769203482,2023-10-06 12:06:22,533.8,9b362770f30bc360df921ba24ace5de8c387e631,1312537,,,,,,,,,,,,,,,,,,,,,,,,,,,,,,,,,,,,,,,,,,,,,,,,,,,,,,,,,,,,,TN,TN
autoland,4767314,1,247a31fb40b3ac0b152bd3554743d742a3892fe3,linux1804-64-shippable-qr,True,False,,,102210fe594ee9b33d82058545b1ed14f4c8206e,id-getter-5.html,perf_reftest_singletons,True,perf_reftest_singletons id-getter-5.html opt e10s fission stylo webrender,4767299,77,ms,firefox,,1770620871,2023-10-06 18:02:22,526.62,04eef7a7dccbccb1b1ba76b2eae3b9df9f7afb28,1312784,,,,,,,,,,,,,,,,,,,,,,,,,,,,,,,,,,,,,,,,,,,,,,,,,,,,,,,,,,,,,TN,TN
autoland,4767314,1,247a31fb40b3ac0b152bd3554743d742a3892fe3,linux1804-64-shippable-qr,True,False,,,102210fe594ee9b33d82058545b1ed14f4c8206e,id-getter-5.html,perf_reftest_singletons,True,perf_reftest_singletons id-getter-5.html opt e10s fission stylo webrender,4767299,77,ms,firefox,,1770621228,2023-10-06 18:17:02,540.49,5714b7239b70b82d850b6eb982bdc08679bdbab6,1312802,,,,,,,,,,,,,,,,,,,,,,,,,,,,,,,,,,,,,,,,,,,,,,,,,,,,,,,,,,,,,TN,TN
autoland,4767314,1,247a31fb40b3ac0b152bd3554743d742a3892fe3,linux1804-64-shippable-qr,True,False,,,102210fe594ee9b33d82058545b1ed14f4c8206e,id-getter-5.html,perf_reftest_singletons,True,perf_reftest_singletons id-getter-5.html opt e10s fission stylo webrender,4767299,77,ms,firefox,,1770620444,2023-10-06 18:34:59,533.5799999999999,074c48b191946b32bfefe4f4a033ecf286d1124f,1312820,,,,,,,,,,,,,,,,,,,,,,,,,,,,,,,,,,,,,,,,,,,,,,,,,,,,,,,,,,,,,TN,TN
autoland,4767314,1,247a31fb40b3ac0b152bd3554743d742a3892fe3,linux1804-64-shippable-qr,True,False,,,102210fe594ee9b33d82058545b1ed14f4c8206e,id-getter-5.html,perf_reftest_singletons,True,perf_reftest_singletons id-getter-5.html opt e10s fission stylo webrender,4767299,77,ms,firefox,,1770620539,2023-10-06 18:50:13,529.0999999999999,7c40e7c45ee8ae1c61bbe6cd4b264f43b1b39f4e,1312833,,,,,,,,,,,,,,,,,,,,,,,,,,,,,,,,,,,,,,,,,,,,,,,,,,,,,,,,,,,,,TN,TN
autoland,4767314,1,247a31fb40b3ac0b152bd3554743d742a3892fe3,linux1804-64-shippable-qr,True,False,,,102210fe594ee9b33d82058545b1ed14f4c8206e,id-getter-5.html,perf_reftest_singletons,True,perf_reftest_singletons id-getter-5.html opt e10s fission stylo webrender,4767299,77,ms,firefox,,1770621300,2023-10-06 18:55:18,524.9300000000001,1f0adf09c64a44ff0b431500ee57c7517c981af4,1312837,,,,,,,,,,,,,,,,,,,,,,,,,,,,,,,,,,,,,,,,,,,,,,,,,,,,,,,,,,,,,TN,TN
autoland,4767314,1,247a31fb40b3ac0b152bd3554743d742a3892fe3,linux1804-64-shippable-qr,True,False,,,102210fe594ee9b33d82058545b1ed14f4c8206e,id-getter-5.html,perf_reftest_singletons,True,perf_reftest_singletons id-getter-5.html opt e10s fission stylo webrender,4767299,77,ms,firefox,,1770621524,2023-10-06 18:55:18,539.31,1f0adf09c64a44ff0b431500ee57c7517c981af4,1312837,,,,,,,,,,,,,,,,,,,,,,,,,,,,,,,,,,,,,,,,,,,,,,,,,,,,,,,,,,,,,TN,TN
autoland,4767314,1,247a31fb40b3ac0b152bd3554743d742a3892fe3,linux1804-64-shippable-qr,True,False,,,102210fe594ee9b33d82058545b1ed14f4c8206e,id-getter-5.html,perf_reftest_singletons,True,perf_reftest_singletons id-getter-5.html opt e10s fission stylo webrender,4767299,77,ms,firefox,,1770620957,2023-10-06 18:59:10,527.31,73919dbff272db85ba6334dca0a9ddfd7f5f039d,1312841,,,,,,,,,,,,,,,,,,,,,,,,,,,,,,,,,,,,,,,,,,,,,,,,,,,,,,,,,,,,,TN,TN
autoland,4767314,1,247a31fb40b3ac0b152bd3554743d742a3892fe3,linux1804-64-shippable-qr,True,False,,,102210fe594ee9b33d82058545b1ed14f4c8206e,id-getter-5.html,perf_reftest_singletons,True,perf_reftest_singletons id-getter-5.html opt e10s fission stylo webrender,4767299,77,ms,firefox,,1769497675,2023-10-06 19:00:40,539.6400000000001,c561ffa6099b97fd965811d77fd98de66c44d32b,1312844,,,,,,,,,,,,,,,,,,,,,,,,,,,,,,,,,,,,,,,,,,,,,,,,,,,,,,,,,,,,,TN,TN
autoland,4767314,1,247a31fb40b3ac0b152bd3554743d742a3892fe3,linux1804-64-shippable-qr,True,False,,,102210fe594ee9b33d82058545b1ed14f4c8206e,id-getter-5.html,perf_reftest_singletons,True,perf_reftest_singletons id-getter-5.html opt e10s fission stylo webrender,4767299,77,ms,firefox,,1770621177,2023-10-06 19:03:52,532.1399999999999,7ef5101e80536201ddabd23a5cc9a01bbf1a5226,1312847,,,,,,,,,,,,,,,,,,,,,,,,,,,,,,,,,,,,,,,,,,,,,,,,,,,,,,,,,,,,,TN,TN
autoland,4767314,1,247a31fb40b3ac0b152bd3554743d742a3892fe3,linux1804-64-shippable-qr,True,False,,,102210fe594ee9b33d82058545b1ed14f4c8206e,id-getter-5.html,perf_reftest_singletons,True,perf_reftest_singletons id-getter-5.html opt e10s fission stylo webrender,4767299,77,ms,firefox,,1770621370,2023-10-06 19:05:21,530.69,e7d6b643fcb05f03e50d3ce0571f4a30e48b93a8,1312851,,,,,,,,,,,,,,,,,,,,,,,,,,,,,,,,,,,,,,,,,,,,,,,,,,,,,,,,,,,,,TN,TN
autoland,4767314,1,247a31fb40b3ac0b152bd3554743d742a3892fe3,linux1804-64-shippable-qr,True,False,,,102210fe594ee9b33d82058545b1ed14f4c8206e,id-getter-5.html,perf_reftest_singletons,True,perf_reftest_singletons id-getter-5.html opt e10s fission stylo webrender,4767299,77,ms,firefox,,1770621462,2023-10-06 20:05:03,559.3,0b23e7aba254cde68dd0c62c61f4afacc358f4cb,1312889,,,,,,,,,,,,,,,,,,,,,,,,,,,,,,,,,,,,,,,,,,,,,,,,,,,,,,,,,,,,,TN,TN
autoland,4767314,1,247a31fb40b3ac0b152bd3554743d742a3892fe3,linux1804-64-shippable-qr,True,False,,,102210fe594ee9b33d82058545b1ed14f4c8206e,id-getter-5.html,perf_reftest_singletons,True,perf_reftest_singletons id-getter-5.html opt e10s fission stylo webrender,4767299,77,ms,firefox,,1770621409,2023-10-06 21:23:02,525.49,8dae8b6bb9fa5cf56cee29a5b4820bae3b979c65,1312944,,,,,,,,,,,,,,,,,,,,,,,,,,,,,,,,,,,,,,,,,,,,,,,,,,,,,,,,,,,,,TN,TN
autoland,4767314,1,247a31fb40b3ac0b152bd3554743d742a3892fe3,linux1804-64-shippable-qr,True,False,,,102210fe594ee9b33d82058545b1ed14f4c8206e,id-getter-5.html,perf_reftest_singletons,True,perf_reftest_singletons id-getter-5.html opt e10s fission stylo webrender,4767299,77,ms,firefox,,1769548543,2023-10-06 23:09:23,540.3599999999999,1d25ed23e85a3a9d0d9117997337757d0ff718a2,1312997,,,,,,,,,,,,,,,,,,,,,,,,,,,,,,,,,,,,,,,,,,,,,,,,,,,,,,,,,,,,,TN,TN
autoland,4767314,1,247a31fb40b3ac0b152bd3554743d742a3892fe3,linux1804-64-shippable-qr,True,False,,,102210fe594ee9b33d82058545b1ed14f4c8206e,id-getter-5.html,perf_reftest_singletons,True,perf_reftest_singletons id-getter-5.html opt e10s fission stylo webrender,4767299,77,ms,firefox,,1769594250,2023-10-07 03:35:30,540.97,4db29be9ee2947a3d67a996fefc3ff1cb94a6fcc,1313062,,,,,,,,,,,,,,,,,,,,,,,,,,,,,,,,,,,,,,,,,,,,,,,,,,,,,,,,,,,,,TN,TN
autoland,4767314,1,247a31fb40b3ac0b152bd3554743d742a3892fe3,linux1804-64-shippable-qr,True,False,,,102210fe594ee9b33d82058545b1ed14f4c8206e,id-getter-5.html,perf_reftest_singletons,True,perf_reftest_singletons id-getter-5.html opt e10s fission stylo webrender,4767299,77,ms,firefox,,1769650263,2023-10-07 06:02:53,538.98,c4c56469518a5ccc9349ed7d29a0d56eba776df6,1313071,,,,,,,,,,,,,,,,,,,,,,,,,,,,,,,,,,,,,,,,,,,,,,,,,,,,,,,,,,,,,TN,TN
autoland,4767314,1,247a31fb40b3ac0b152bd3554743d742a3892fe3,linux1804-64-shippable-qr,True,False,,,102210fe594ee9b33d82058545b1ed14f4c8206e,id-getter-5.html,perf_reftest_singletons,True,perf_reftest_singletons id-getter-5.html opt e10s fission stylo webrender,4767299,77,ms,firefox,,1769754787,2023-10-07 13:52:35,544.3399999999999,ef73c2e8cd831f2a46ff5704623db63232fd912d,1313122,,,,,,,,,,,,,,,,,,,,,,,,,,,,,,,,,,,,,,,,,,,,,,,,,,,,,,,,,,,,,TN,TN
autoland,4767314,1,247a31fb40b3ac0b152bd3554743d742a3892fe3,linux1804-64-shippable-qr,True,False,,,102210fe594ee9b33d82058545b1ed14f4c8206e,id-getter-5.html,perf_reftest_singletons,True,perf_reftest_singletons id-getter-5.html opt e10s fission stylo webrender,4767299,77,ms,firefox,,1769811639,2023-10-07 18:43:49,533.9200000000001,8db232d0f8c742a85eb803c996ef87edac9d5c81,1313149,,,,,,,,,,,,,,,,,,,,,,,,,,,,,,,,,,,,,,,,,,,,,,,,,,,,,,,,,,,,,TN,TN
autoland,4767314,1,247a31fb40b3ac0b152bd3554743d742a3892fe3,linux1804-64-shippable-qr,True,False,,,102210fe594ee9b33d82058545b1ed14f4c8206e,id-getter-5.html,perf_reftest_singletons,True,perf_reftest_singletons id-getter-5.html opt e10s fission stylo webrender,4767299,77,ms,firefox,,1769877937,2023-10-07 23:15:17,531.0,fba49989dde6aa32244c622fd43abe19a32128ae,1313184,,,,,,,,,,,,,,,,,,,,,,,,,,,,,,,,,,,,,,,,,,,,,,,,,,,,,,,,,,,,,TN,TN
autoland,4767314,1,247a31fb40b3ac0b152bd3554743d742a3892fe3,linux1804-64-shippable-qr,True,False,,,102210fe594ee9b33d82058545b1ed14f4c8206e,id-getter-5.html,perf_reftest_singletons,True,perf_reftest_singletons id-getter-5.html opt e10s fission stylo webrender,4767299,77,ms,firefox,,1769964756,2023-10-08 08:55:12,523.02,68e866f36130edd1c8de093ac6d8a0fb78006527,1313211,,,,,,,,,,,,,,,,,,,,,,,,,,,,,,,,,,,,,,,,,,,,,,,,,,,,,,,,,,,,,TN,TN
autoland,4767314,1,247a31fb40b3ac0b152bd3554743d742a3892fe3,linux1804-64-shippable-qr,True,False,,,102210fe594ee9b33d82058545b1ed14f4c8206e,id-getter-5.html,perf_reftest_singletons,True,perf_reftest_singletons id-getter-5.html opt e10s fission stylo webrender,4767299,77,ms,firefox,,1770201505,2023-10-08 23:28:16,537.61,38314c6dc43eed509bfa7c922dbbc4147ac2ce34,1313289,,,,,,,,,,,,,,,,,,,,,,,,,,,,,,,,,,,,,,,,,,,,,,,,,,,,,,,,,,,,,TN,TN
autoland,4767314,1,247a31fb40b3ac0b152bd3554743d742a3892fe3,linux1804-64-shippable-qr,True,False,,,102210fe594ee9b33d82058545b1ed14f4c8206e,id-getter-5.html,perf_reftest_singletons,True,perf_reftest_singletons id-getter-5.html opt e10s fission stylo webrender,4767299,77,ms,firefox,,1770267910,2023-10-09 04:48:12,533.3299999999999,d5fd5e481ff21f14c9771aa58f8fb378a8430cdf,1313332,,,,,,,,,,,,,,,,,,,,,,,,,,,,,,,,,,,,,,,,,,,,,,,,,,,,,,,,,,,,,TN,TN
autoland,4767314,1,247a31fb40b3ac0b152bd3554743d742a3892fe3,linux1804-64-shippable-qr,True,False,,,102210fe594ee9b33d82058545b1ed14f4c8206e,id-getter-5.html,perf_reftest_singletons,True,perf_reftest_singletons id-getter-5.html opt e10s fission stylo webrender,4767299,77,ms,firefox,,1770440101,2023-10-09 08:48:33,533.25,77c18c08c9ff87c6ff0e5b546ac609296d5e04db,1313413,,,,,,,,,,,,,,,,,,,,,,,,,,,,,,,,,,,,,,,,,,,,,,,,,,,,,,,,,,,,,TN,TN
autoland,4767314,1,247a31fb40b3ac0b152bd3554743d742a3892fe3,linux1804-64-shippable-qr,True,False,,,102210fe594ee9b33d82058545b1ed14f4c8206e,id-getter-5.html,perf_reftest_singletons,True,perf_reftest_singletons id-getter-5.html opt e10s fission stylo webrender,4767299,77,ms,firefox,,1770468237,2023-10-09 11:45:29,537.5699999999999,70c980c054e9a0693d3bee343b1235d47894163d,1313495,,,,,,,,,,,,,,,,,,,,,,,,,,,,,,,,,,,,,,,,,,,,,,,,,,,,,,,,,,,,,TN,TN
autoland,4767314,1,247a31fb40b3ac0b152bd3554743d742a3892fe3,linux1804-64-shippable-qr,True,False,,,102210fe594ee9b33d82058545b1ed14f4c8206e,id-getter-5.html,perf_reftest_singletons,True,perf_reftest_singletons id-getter-5.html opt e10s fission stylo webrender,4767299,77,ms,firefox,,1770571107,2023-10-09 16:17:23,534.4200000000001,86e82f01df51429edbb4cfa27823d4d71e7844ab,1313678,,,,,,,,,,,,,,,,,,,,,,,,,,,,,,,,,,,,,,,,,,,,,,,,,,,,,,,,,,,,,TN,TN
autoland,4767314,1,247a31fb40b3ac0b152bd3554743d742a3892fe3,linux1804-64-shippable-qr,True,False,,,102210fe594ee9b33d82058545b1ed14f4c8206e,id-getter-5.html,perf_reftest_singletons,True,perf_reftest_singletons id-getter-5.html opt e10s fission stylo webrender,4767299,77,ms,firefox,,1770613358,2023-10-09 16:47:54,533.92,9591bcc532c4599dba688d3555c6a0135139c39a,1313694,,,,,,,,,,,,,,,,,,,,,,,,,,,,,,,,,,,,,,,,,,,,,,,,,,,,,,,,,,,,,TN,TN
autoland,4767314,1,247a31fb40b3ac0b152bd3554743d742a3892fe3,linux1804-64-shippable-qr,True,False,,,102210fe594ee9b33d82058545b1ed14f4c8206e,id-getter-5.html,perf_reftest_singletons,True,perf_reftest_singletons id-getter-5.html opt e10s fission stylo webrender,4767299,77,ms,firefox,,1770730480,2023-10-09 21:45:38,542.4100000000001,3d1ac3fb7670dd794589cae42735270de4266f4c,1313856,,,,,,,,,,,,,,,,,,,,,,,,,,,,,,,,,,,,,,,,,,,,,,,,,,,,,,,,,,,,,TN,TN
autoland,4767314,1,247a31fb40b3ac0b152bd3554743d742a3892fe3,linux1804-64-shippable-qr,True,False,,,102210fe594ee9b33d82058545b1ed14f4c8206e,id-getter-5.html,perf_reftest_singletons,True,perf_reftest_singletons id-getter-5.html opt e10s fission stylo webrender,4767299,77,ms,firefox,,1770794910,2023-10-10 02:31:01,539.65,935a0ba75b642adf295d7792f8ad8129f87e4c03,1313960,,,,,,,,,,,,,,,,,,,,,,,,,,,,,,,,,,,,,,,,,,,,,,,,,,,,,,,,,,,,,TN,TN
autoland,4767314,1,247a31fb40b3ac0b152bd3554743d742a3892fe3,linux1804-64-shippable-qr,True,False,,,102210fe594ee9b33d82058545b1ed14f4c8206e,id-getter-5.html,perf_reftest_singletons,True,perf_reftest_singletons id-getter-5.html opt e10s fission stylo webrender,4767299,77,ms,firefox,,1770844747,2023-10-10 06:35:36,535.24,de9287a68ed836a8fd2eb2ba90de0770a18c877a,1314004,,,,,,,,,,,,,,,,,,,,,,,,,,,,,,,,,,,,,,,,,,,,,,,,,,,,,,,,,,,,,TN,TN
autoland,4767314,1,247a31fb40b3ac0b152bd3554743d742a3892fe3,linux1804-64-shippable-qr,True,False,,,102210fe594ee9b33d82058545b1ed14f4c8206e,id-getter-5.html,perf_reftest_singletons,True,perf_reftest_singletons id-getter-5.html opt e10s fission stylo webrender,4767299,77,ms,firefox,,1770892995,2023-10-10 08:23:57,528.14,bec78f6e89cdb3b51ac879af75533217f38970cf,1314048,,,,,,,,,,,,,,,,,,,,,,,,,,,,,,,,,,,,,,,,,,,,,,,,,,,,,,,,,,,,,TN,TN
autoland,4767314,1,247a31fb40b3ac0b152bd3554743d742a3892fe3,linux1804-64-shippable-qr,True,False,,,102210fe594ee9b33d82058545b1ed14f4c8206e,id-getter-5.html,perf_reftest_singletons,True,perf_reftest_singletons id-getter-5.html opt e10s fission stylo webrender,4767299,77,ms,firefox,,1772311406,2023-10-10 10:05:08,532.53,770e71dac763059d33b2da8ceb491b3f2765f1f8,1314105,,,,,,,,,,,,,,,,,,,,,,,,,,,,,,,,,,,,,,,,,,,,,,,,,,,,,,,,,,,,,TN,TN
autoland,4767314,1,247a31fb40b3ac0b152bd3554743d742a3892fe3,linux1804-64-shippable-qr,True,False,,,102210fe594ee9b33d82058545b1ed14f4c8206e,id-getter-5.html,perf_reftest_singletons,True,perf_reftest_singletons id-getter-5.html opt e10s fission stylo webrender,4767299,77,ms,firefox,,1772311099,2023-10-10 10:13:26,530.42,5eb5a7011b391178a305b85ec01ceef1683ed109,1314108,,,,,,,,,,,,,,,,,,,,,,,,,,,,,,,,,,,,,,,,,,,,,,,,,,,,,,,,,,,,,TN,TN
autoland,4767314,1,247a31fb40b3ac0b152bd3554743d742a3892fe3,linux1804-64-shippable-qr,True,False,,,102210fe594ee9b33d82058545b1ed14f4c8206e,id-getter-5.html,perf_reftest_singletons,True,perf_reftest_singletons id-getter-5.html opt e10s fission stylo webrender,4767299,77,ms,firefox,,1772306451,2023-10-10 10:36:30,533.94,830055e0dcfdf2dd529a38382afeebe285341810,1314116,,,,,,,,,,,,,,,,,,,,,,,,,,,,,,,,,,,,,,,,,,,,,,,,,,,,,,,,,,,,,TN,TN
autoland,4767314,1,247a31fb40b3ac0b152bd3554743d742a3892fe3,linux1804-64-shippable-qr,True,False,,,102210fe594ee9b33d82058545b1ed14f4c8206e,id-getter-5.html,perf_reftest_singletons,True,perf_reftest_singletons id-getter-5.html opt e10s fission stylo webrender,4767299,77,ms,firefox,,1772308893,2023-10-10 11:08:19,530.3299999999999,1f39b0b5d12537b790193bf980a9b45980b59e84,1314141,,,,,,,,,,,,,,,,,,,,,,,,,,,,,,,,,,,,,,,,,,,,,,,,,,,,,,,,,,,,,TN,TN
autoland,4767314,1,247a31fb40b3ac0b152bd3554743d742a3892fe3,linux1804-64-shippable-qr,True,False,,,102210fe594ee9b33d82058545b1ed14f4c8206e,id-getter-5.html,perf_reftest_singletons,True,perf_reftest_singletons id-getter-5.html opt e10s fission stylo webrender,4767299,77,ms,firefox,,1772309357,2023-10-10 11:34:05,538.42,2b51c7a8a8ee43fcb2f669490bee9b018be01feb,1314160,,,,,,,,,,,,,,,,,,,,,,,,,,,,,,,,,,,,,,,,,,,,,,,,,,,,,,,,,,,,,TN,TN
autoland,4767314,1,247a31fb40b3ac0b152bd3554743d742a3892fe3,linux1804-64-shippable-qr,True,False,,,102210fe594ee9b33d82058545b1ed14f4c8206e,id-getter-5.html,perf_reftest_singletons,True,perf_reftest_singletons id-getter-5.html opt e10s fission stylo webrender,4767299,77,ms,firefox,,1772306803,2023-10-10 11:41:35,527.3,34f1e66111242409987e9174e8b3a032d86da17c,1314171,,,,,,,,,,,,,,,,,,,,,,,,,,,,,,,,,,,,,,,,,,,,,,,,,,,,,,,,,,,,,TN,TN
autoland,4767314,1,247a31fb40b3ac0b152bd3554743d742a3892fe3,linux1804-64-shippable-qr,True,False,,,102210fe594ee9b33d82058545b1ed14f4c8206e,id-getter-5.html,perf_reftest_singletons,True,perf_reftest_singletons id-getter-5.html opt e10s fission stylo webrender,4767299,77,ms,firefox,,1772312641,2023-10-10 11:49:31,533.6,01a98456ef4a26e5efb61fdc5e5b330a382dd5d3,1314179,,,,,,,,,,,,,,,,,,,,,,,,,,,,,,,,,,,,,,,,,,,,,,,,,,,,,,,,,,,,,TN,TN
autoland,4767314,1,247a31fb40b3ac0b152bd3554743d742a3892fe3,linux1804-64-shippable-qr,True,False,,,102210fe594ee9b33d82058545b1ed14f4c8206e,id-getter-5.html,perf_reftest_singletons,True,perf_reftest_singletons id-getter-5.html opt e10s fission stylo webrender,4767299,77,ms,firefox,,1772309881,2023-10-10 11:51:15,526.99,ea3b14fe20b6df2d7aaa5bf013195e950552b2cb,1314180,,,,,,,,,,,,,,,,,,,,,,,,,,,,,,,,,,,,,,,,,,,,,,,,,,,,,,,,,,,,,TN,TN
autoland,4767314,1,247a31fb40b3ac0b152bd3554743d742a3892fe3,linux1804-64-shippable-qr,True,False,,,102210fe594ee9b33d82058545b1ed14f4c8206e,id-getter-5.html,perf_reftest_singletons,True,perf_reftest_singletons id-getter-5.html opt e10s fission stylo webrender,4767299,77,ms,firefox,,1772307508,2023-10-10 11:54:15,540.8199999999999,3a7ef58ac62769d5c77592018d0f3a6056e523a0,1314183,,,,,,,,,,,,,,,,,,,,,,,,,,,,,,,,,,,,,,,,,,,,,,,,,,,,,,,,,,,,,TN,TN
autoland,4767314,1,247a31fb40b3ac0b152bd3554743d742a3892fe3,linux1804-64-shippable-qr,True,False,,,102210fe594ee9b33d82058545b1ed14f4c8206e,id-getter-5.html,perf_reftest_singletons,True,perf_reftest_singletons id-getter-5.html opt e10s fission stylo webrender,4767299,77,ms,firefox,,1771039986,2023-10-10 12:59:15,526.9300000000001,7a4c861a2d10a6757c8844de9bd8f71c94cb6150,1314216,,,,,,,,,,,,,,,,,,,,,,,,,,,,,,,,,,,,,,,,,,,,,,,,,,,,,,,,,,,,,TN,TN
autoland,4767314,1,247a31fb40b3ac0b152bd3554743d742a3892fe3,linux1804-64-shippable-qr,True,False,,,102210fe594ee9b33d82058545b1ed14f4c8206e,id-getter-5.html,perf_reftest_singletons,True,perf_reftest_singletons id-getter-5.html opt e10s fission stylo webrender,4767299,77,ms,firefox,,1772237592,2023-10-10 14:44:22,526.46,8e96effae5d14a1849ad5b48af51d3ec54fece59,1314308,,,,,,,,,,,,,,,,,,,,,,,,,,,,,,,,,,,,,,,,,,,,,,,,,,,,,,,,,,,,,TN,TN
autoland,4767314,1,247a31fb40b3ac0b152bd3554743d742a3892fe3,linux1804-64-shippable-qr,True,False,,,102210fe594ee9b33d82058545b1ed14f4c8206e,id-getter-5.html,perf_reftest_singletons,True,perf_reftest_singletons id-getter-5.html opt e10s fission stylo webrender,4767299,77,ms,firefox,,1772237552,2023-10-10 14:57:03,531.0,5237ef4a6a2566ad6294f0789bf73d6eb63bb2d6,1314316,,,,,,,,,,,,,,,,,,,,,,,,,,,,,,,,,,,,,,,,,,,,,,,,,,,,,,,,,,,,,TN,TN
autoland,4767314,1,247a31fb40b3ac0b152bd3554743d742a3892fe3,linux1804-64-shippable-qr,True,False,,,102210fe594ee9b33d82058545b1ed14f4c8206e,id-getter-5.html,perf_reftest_singletons,True,perf_reftest_singletons id-getter-5.html opt e10s fission stylo webrender,4767299,77,ms,firefox,,1772237796,2023-10-10 15:12:44,527.28,0343092f20227f28b8a9de16a90fd2548de1e405,1314328,,,,,,,,,,,,,,,,,,,,,,,,,,,,,,,,,,,,,,,,,,,,,,,,,,,,,,,,,,,,,TN,TN
autoland,4767314,1,247a31fb40b3ac0b152bd3554743d742a3892fe3,linux1804-64-shippable-qr,True,False,,,102210fe594ee9b33d82058545b1ed14f4c8206e,id-getter-5.html,perf_reftest_singletons,True,perf_reftest_singletons id-getter-5.html opt e10s fission stylo webrender,4767299,77,ms,firefox,,1772237930,2023-10-10 15:15:22,527.6800000000001,21d022246ce0d6ee9704410a423ec6e6fbd7bafb,1314332,,,,,,,,,,,,,,,,,,,,,,,,,,,,,,,,,,,,,,,,,,,,,,,,,,,,,,,,,,,,,TN,TN
autoland,4767314,1,247a31fb40b3ac0b152bd3554743d742a3892fe3,linux1804-64-shippable-qr,True,False,,,102210fe594ee9b33d82058545b1ed14f4c8206e,id-getter-5.html,perf_reftest_singletons,True,perf_reftest_singletons id-getter-5.html opt e10s fission stylo webrender,4767299,77,ms,firefox,,1772236358,2023-10-10 15:16:17,526.8,6fcccff4e22ad1a572a84d70b15872a1e0aad8c4,1314334,,,,,,,,,,,,,,,,,,,,,,,,,,,,,,,,,,,,,,,,,,,,,,,,,,,,,,,,,,,,,TN,TN
autoland,4767314,1,247a31fb40b3ac0b152bd3554743d742a3892fe3,linux1804-64-shippable-qr,True,False,,,102210fe594ee9b33d82058545b1ed14f4c8206e,id-getter-5.html,perf_reftest_singletons,True,perf_reftest_singletons id-getter-5.html opt e10s fission stylo webrender,4767299,77,ms,firefox,,1772236482,2023-10-10 15:17:07,533.6100000000001,a1b1e2a6603bfeb5edbb4722e8a35907fc743aee,1314335,,,,,,,,,,,,,,,,,,,,,,,,,,,,,,,,,,,,,,,,,,,,,,,,,,,,,,,,,,,,,TN,TN
autoland,4767314,1,247a31fb40b3ac0b152bd3554743d742a3892fe3,linux1804-64-shippable-qr,True,False,,,102210fe594ee9b33d82058545b1ed14f4c8206e,id-getter-5.html,perf_reftest_singletons,True,perf_reftest_singletons id-getter-5.html opt e10s fission stylo webrender,4767299,77,ms,firefox,,1772236779,2023-10-10 15:17:58,538.0999999999999,761526f46cab5eb260e6d0712a06a31dfcc580de,1314337,,,,,,,,,,,,,,,,,,,,,,,,,,,,,,,,,,,,,,,,,,,,,,,,,,,,,,,,,,,,,TN,TN
autoland,4767314,1,247a31fb40b3ac0b152bd3554743d742a3892fe3,linux1804-64-shippable-qr,True,False,,,102210fe594ee9b33d82058545b1ed14f4c8206e,id-getter-5.html,perf_reftest_singletons,True,perf_reftest_singletons id-getter-5.html opt e10s fission stylo webrender,4767299,77,ms,firefox,,1772236826,2023-10-10 15:18:52,532.49,729ee098a848f55b4d4a6b16e3d5d0b153ce98fd,1314338,,,,,,,,,,,,,,,,,,,,,,,,,,,,,,,,,,,,,,,,,,,,,,,,,,,,,,,,,,,,,TN,TN
autoland,4767314,1,247a31fb40b3ac0b152bd3554743d742a3892fe3,linux1804-64-shippable-qr,True,False,,,102210fe594ee9b33d82058545b1ed14f4c8206e,id-getter-5.html,perf_reftest_singletons,True,perf_reftest_singletons id-getter-5.html opt e10s fission stylo webrender,4767299,77,ms,firefox,,1772236937,2023-10-10 15:19:48,571.99,f2abf2d020f31d358c205c44b2e0383e70856e9c,1314340,,,,,,,,,,,,,,,,,,,,,,,,,,,,,,,,,,,,,,,,,,,,,,,,,,,,,,,,,,,,,TN,TN
autoland,4767314,1,247a31fb40b3ac0b152bd3554743d742a3892fe3,linux1804-64-shippable-qr,True,False,,,102210fe594ee9b33d82058545b1ed14f4c8206e,id-getter-5.html,perf_reftest_singletons,True,perf_reftest_singletons id-getter-5.html opt e10s fission stylo webrender,4767299,77,ms,firefox,,1774119755,2023-10-10 15:19:48,528.53,f2abf2d020f31d358c205c44b2e0383e70856e9c,1314340,,,,,,,,,,,,,,,,,,,,,,,,,,,,,,,,,,,,,,,,,,,,,,,,,,,,,,,,,,,,,TN,TN
autoland,4767314,1,247a31fb40b3ac0b152bd3554743d742a3892fe3,linux1804-64-shippable-qr,True,False,,,102210fe594ee9b33d82058545b1ed14f4c8206e,id-getter-5.html,perf_reftest_singletons,True,perf_reftest_singletons id-getter-5.html opt e10s fission stylo webrender,4767299,77,ms,firefox,,1774119907,2023-10-10 15:19:48,539.8499999999999,f2abf2d020f31d358c205c44b2e0383e70856e9c,1314340,,,,,,,,,,,,,,,,,,,,,,,,,,,,,,,,,,,,,,,,,,,,,,,,,,,,,,,,,,,,,TN,TN
autoland,4767314,1,247a31fb40b3ac0b152bd3554743d742a3892fe3,linux1804-64-shippable-qr,True,False,,,102210fe594ee9b33d82058545b1ed14f4c8206e,id-getter-5.html,perf_reftest_singletons,True,perf_reftest_singletons id-getter-5.html opt e10s fission stylo webrender,4767299,77,ms,firefox,,1771103197,2023-10-10 15:20:47,540.86,686073214e498a3ed6018f15d9cd093812f5ab6f,1314341,,,,,,,,,,,,,,,,,,,,,,,,,,,,,,,,,,,,,,,,,,,,,,,,,,,,,,,,,,,,,TN,TN
autoland,4767314,1,247a31fb40b3ac0b152bd3554743d742a3892fe3,linux1804-64-shippable-qr,True,False,,,102210fe594ee9b33d82058545b1ed14f4c8206e,id-getter-5.html,perf_reftest_singletons,True,perf_reftest_singletons id-getter-5.html opt e10s fission stylo webrender,4767299,77,ms,firefox,,1774119842,2023-10-10 15:20:47,534.8199999999999,686073214e498a3ed6018f15d9cd093812f5ab6f,1314341,,,,,,,,,,,,,,,,,,,,,,,,,,,,,,,,,,,,,,,,,,,,,,,,,,,,,,,,,,,,,TN,TN
autoland,4767314,1,247a31fb40b3ac0b152bd3554743d742a3892fe3,linux1804-64-shippable-qr,True,False,,,102210fe594ee9b33d82058545b1ed14f4c8206e,id-getter-5.html,perf_reftest_singletons,True,perf_reftest_singletons id-getter-5.html opt e10s fission stylo webrender,4767299,77,ms,firefox,,1774119890,2023-10-10 15:20:47,530.61,686073214e498a3ed6018f15d9cd093812f5ab6f,1314341,,,,,,,,,,,,,,,,,,,,,,,,,,,,,,,,,,,,,,,,,,,,,,,,,,,,,,,,,,,,,TN,TN
autoland,4767314,1,247a31fb40b3ac0b152bd3554743d742a3892fe3,linux1804-64-shippable-qr,True,False,,,102210fe594ee9b33d82058545b1ed14f4c8206e,id-getter-5.html,perf_reftest_singletons,True,perf_reftest_singletons id-getter-5.html opt e10s fission stylo webrender,4767299,77,ms,firefox,,1772236400,2023-10-10 16:27:51,526.44,64fb38b34a468f7115fea343253a21025e39bdb4,1314397,,,,,,,,,,,,,,,,,,,,,,,,,,,,,,,,,,,,,,,,,,,,,,,,,,,,,,,,,,,,,TN,TN
autoland,4767314,1,247a31fb40b3ac0b152bd3554743d742a3892fe3,linux1804-64-shippable-qr,True,False,,,102210fe594ee9b33d82058545b1ed14f4c8206e,id-getter-5.html,perf_reftest_singletons,True,perf_reftest_singletons id-getter-5.html opt e10s fission stylo webrender,4767299,77,ms,firefox,,1772319017,2023-10-10 17:15:28,533.37,ed09eed23302a7be2702f08e6956071f2a5ae232,1314437,,,,,,,,,,,,,,,,,,,,,,,,,,,,,,,,,,,,,,,,,,,,,,,,,,,,,,,,,,,,,TN,TN
autoland,4767314,1,247a31fb40b3ac0b152bd3554743d742a3892fe3,linux1804-64-shippable-qr,True,False,,,102210fe594ee9b33d82058545b1ed14f4c8206e,id-getter-5.html,perf_reftest_singletons,True,perf_reftest_singletons id-getter-5.html opt e10s fission stylo webrender,4767299,77,ms,firefox,,1772307647,2023-10-10 18:00:11,536.54,bc49fcba32bf742390fc7b8b954f271bf7941415,1314467,,,,,,,,,,,,,,,,,,,,,,,,,,,,,,,,,,,,,,,,,,,,,,,,,,,,,,,,,,,,,TN,TN
autoland,4767314,1,247a31fb40b3ac0b152bd3554743d742a3892fe3,linux1804-64-shippable-qr,True,False,,,102210fe594ee9b33d82058545b1ed14f4c8206e,id-getter-5.html,perf_reftest_singletons,True,perf_reftest_singletons id-getter-5.html opt e10s fission stylo webrender,4767299,77,ms,firefox,,1772237653,2023-10-10 18:53:46,576.4399999999999,e2dbadb16d9ea3a04dc47c26202cc61707aab4b3,1314485,,,,,,,,,,,,,,,,,,,,,,,,,,,,,,,,,,,,,,,,,,,,,,,,,,,,,,,,,,,,,TN,TN
autoland,4767314,1,247a31fb40b3ac0b152bd3554743d742a3892fe3,linux1804-64-shippable-qr,True,False,,,102210fe594ee9b33d82058545b1ed14f4c8206e,id-getter-5.html,perf_reftest_singletons,True,perf_reftest_singletons id-getter-5.html opt e10s fission stylo webrender,4767299,77,ms,firefox,,1771253839,2023-10-10 18:56:17,533.58,e746122083e758920b17ca0fd4726093187f3715,1314490,,,,,,,,,,,,,,,,,,,,,,,,,,,,,,,,,,,,,,,,,,,,,,,,,,,,,,,,,,,,,TN,TN
autoland,4767314,1,247a31fb40b3ac0b152bd3554743d742a3892fe3,linux1804-64-shippable-qr,True,False,,,102210fe594ee9b33d82058545b1ed14f4c8206e,id-getter-5.html,perf_reftest_singletons,True,perf_reftest_singletons id-getter-5.html opt e10s fission stylo webrender,4767299,77,ms,firefox,,1772311451,2023-10-10 19:44:08,533.09,3effe65ee908418b7d42f997ace1acd20f6fa64b,1314522,,,,,,,,,,,,,,,,,,,,,,,,,,,,,,,,,,,,,,,,,,,,,,,,,,,,,,,,,,,,,TN,TN
autoland,4767314,1,247a31fb40b3ac0b152bd3554743d742a3892fe3,linux1804-64-shippable-qr,True,False,,,102210fe594ee9b33d82058545b1ed14f4c8206e,id-getter-5.html,perf_reftest_singletons,True,perf_reftest_singletons id-getter-5.html opt e10s fission stylo webrender,4767299,77,ms,firefox,,1772310675,2023-10-10 19:44:57,528.4100000000001,9fe0ded4db5dc1df92114bcff7dd9b83e0d116ad,1314523,,,,,,,,,,,,,,,,,,,,,,,,,,,,,,,,,,,,,,,,,,,,,,,,,,,,,,,,,,,,,TN,TN
autoland,4767314,1,247a31fb40b3ac0b152bd3554743d742a3892fe3,linux1804-64-shippable-qr,True,False,,,102210fe594ee9b33d82058545b1ed14f4c8206e,id-getter-5.html,perf_reftest_singletons,True,perf_reftest_singletons id-getter-5.html opt e10s fission stylo webrender,4767299,77,ms,firefox,,1772308566,2023-10-10 19:45:47,526.02,f94dbdc2a2a107a85ee56a0de156eab567b0edc4,1314524,,,,,,,,,,,,,,,,,,,,,,,,,,,,,,,,,,,,,,,,,,,,,,,,,,,,,,,,,,,,,TN,TN
autoland,4767314,1,247a31fb40b3ac0b152bd3554743d742a3892fe3,linux1804-64-shippable-qr,True,False,,,102210fe594ee9b33d82058545b1ed14f4c8206e,id-getter-5.html,perf_reftest_singletons,True,perf_reftest_singletons id-getter-5.html opt e10s fission stylo webrender,4767299,77,ms,firefox,,1772316877,2023-10-10 20:44:30,539.41,c4f29639f3fe0ac9921399b6e0bf65a565b25b3f,1314538,,,,,,,,,,,,,,,,,,,,,,,,,,,,,,,,,,,,,,,,,,,,,,,,,,,,,,,,,,,,,TN,TN
autoland,4767314,1,247a31fb40b3ac0b152bd3554743d742a3892fe3,linux1804-64-shippable-qr,True,False,,,102210fe594ee9b33d82058545b1ed14f4c8206e,id-getter-5.html,perf_reftest_singletons,True,perf_reftest_singletons id-getter-5.html opt e10s fission stylo webrender,4767299,77,ms,firefox,,1772312496,2023-10-10 21:39:05,569.61,714922bce1eece4f1d1d25d2ff7af79b085560cd,1314578,,,,,,,,,,,,,,,,,,,,,,,,,,,,,,,,,,,,,,,,,,,,,,,,,,,,,,,,,,,,,TN,TN
autoland,4767314,1,247a31fb40b3ac0b152bd3554743d742a3892fe3,linux1804-64-shippable-qr,True,False,,,102210fe594ee9b33d82058545b1ed14f4c8206e,id-getter-5.html,perf_reftest_singletons,True,perf_reftest_singletons id-getter-5.html opt e10s fission stylo webrender,4767299,77,ms,firefox,,1772312427,2023-10-10 21:41:30,537.7,21dd9eaaec1ab50fb3aec5aa4a6e2d56744557c6,1314579,,,,,,,,,,,,,,,,,,,,,,,,,,,,,,,,,,,,,,,,,,,,,,,,,,,,,,,,,,,,,TN,TN
autoland,4767314,1,247a31fb40b3ac0b152bd3554743d742a3892fe3,linux1804-64-shippable-qr,True,False,,,102210fe594ee9b33d82058545b1ed14f4c8206e,id-getter-5.html,perf_reftest_singletons,True,perf_reftest_singletons id-getter-5.html opt e10s fission stylo webrender,4767299,77,ms,firefox,,1772312079,2023-10-10 21:42:20,553.4000000000001,715da9b02bea78315be8ff942502a74a771782f8,1314580,,,,,,,,,,,,,,,,,,,,,,,,,,,,,,,,,,,,,,,,,,,,,,,,,,,,,,,,,,,,,TN,TN
autoland,4767314,1,247a31fb40b3ac0b152bd3554743d742a3892fe3,linux1804-64-shippable-qr,True,False,,,102210fe594ee9b33d82058545b1ed14f4c8206e,id-getter-5.html,perf_reftest_singletons,True,perf_reftest_singletons id-getter-5.html opt e10s fission stylo webrender,4767299,77,ms,firefox,,1772307692,2023-10-10 21:43:11,536.17,6b468a667795d62c9f023b89c0417d92183982ce,1314582,,,,,,,,,,,,,,,,,,,,,,,,,,,,,,,,,,,,,,,,,,,,,,,,,,,,,,,,,,,,,TN,TN
autoland,4767314,1,247a31fb40b3ac0b152bd3554743d742a3892fe3,linux1804-64-shippable-qr,True,False,,,102210fe594ee9b33d82058545b1ed14f4c8206e,id-getter-5.html,perf_reftest_singletons,True,perf_reftest_singletons id-getter-5.html opt e10s fission stylo webrender,4767299,77,ms,firefox,,1772311141,2023-10-10 21:44:49,543.49,dd39c7f4404db3a4708cde21463baabe752342b0,1314583,,,,,,,,,,,,,,,,,,,,,,,,,,,,,,,,,,,,,,,,,,,,,,,,,,,,,,,,,,,,,TN,TN
autoland,4767314,1,247a31fb40b3ac0b152bd3554743d742a3892fe3,linux1804-64-shippable-qr,True,False,,,102210fe594ee9b33d82058545b1ed14f4c8206e,id-getter-5.html,perf_reftest_singletons,True,perf_reftest_singletons id-getter-5.html opt e10s fission stylo webrender,4767299,77,ms,firefox,,1771339324,2023-10-10 21:46:34,543.63,32a23612bb297f386b6239e7bff0be58b62b2f73,1314585,,,,,,,,,,,,,,,,,,,,,,,,,,,,,,,,,,,,,,,,,,,,,,,,,,,,,,,,,,,,,TN,TN
autoland,4767314,1,247a31fb40b3ac0b152bd3554743d742a3892fe3,linux1804-64-shippable-qr,True,False,,,102210fe594ee9b33d82058545b1ed14f4c8206e,id-getter-5.html,perf_reftest_singletons,True,perf_reftest_singletons id-getter-5.html opt e10s fission stylo webrender,4767299,77,ms,firefox,,1771466265,2023-10-11 04:35:52,543.08,fb1c93363030ee78f4a3ea0da9854fb688a630b8,1314760,,,,,,,,,,,,,,,,,,,,,,,,,,,,,,,,,,,,,,,,,,,,,,,,,,,,,,,,,,,,,TN,TN
autoland,4767314,1,247a31fb40b3ac0b152bd3554743d742a3892fe3,linux1804-64-shippable-qr,True,False,,,102210fe594ee9b33d82058545b1ed14f4c8206e,id-getter-5.html,perf_reftest_singletons,True,perf_reftest_singletons id-getter-5.html opt e10s fission stylo webrender,4767299,77,ms,firefox,,1771521883,2023-10-11 05:18:39,535.4000000000001,d677f2833f2cf056757a6a3cf8c2e8b4273fb788,1314767,,,,,,,,,,,,,,,,,,,,,,,,,,,,,,,,,,,,,,,,,,,,,,,,,,,,,,,,,,,,,TN,TN
autoland,4767314,1,247a31fb40b3ac0b152bd3554743d742a3892fe3,linux1804-64-shippable-qr,True,False,,,102210fe594ee9b33d82058545b1ed14f4c8206e,id-getter-5.html,perf_reftest_singletons,True,perf_reftest_singletons id-getter-5.html opt e10s fission stylo webrender,4767299,77,ms,firefox,,1771642283,2023-10-11 09:29:42,532.47,2124c3eebcb12eb72e8ced7bfb3c8521a028af8d,1314864,,,,,,,,,,,,,,,,,,,,,,,,,,,,,,,,,,,,,,,,,,,,,,,,,,,,,,,,,,,,,TN,TN
autoland,4767314,1,247a31fb40b3ac0b152bd3554743d742a3892fe3,linux1804-64-shippable-qr,True,False,,,102210fe594ee9b33d82058545b1ed14f4c8206e,id-getter-5.html,perf_reftest_singletons,True,perf_reftest_singletons id-getter-5.html opt e10s fission stylo webrender,4767299,77,ms,firefox,,1771651497,2023-10-11 10:39:45,534.1700000000001,e4751df31e7494090d14b0ab8ff52bab6c1391d7,1314918,,,,,,,,,,,,,,,,,,,,,,,,,,,,,,,,,,,,,,,,,,,,,,,,,,,,,,,,,,,,,TN,TN
autoland,4767314,1,247a31fb40b3ac0b152bd3554743d742a3892fe3,linux1804-64-shippable-qr,True,False,,,102210fe594ee9b33d82058545b1ed14f4c8206e,id-getter-5.html,perf_reftest_singletons,True,perf_reftest_singletons id-getter-5.html opt e10s fission stylo webrender,4767299,77,ms,firefox,,1771740303,2023-10-11 14:42:40,529.11,2f6d9a971e1895c3186c6f2cdc2286c9f6e9694e,1315015,,,,,,,,,,,,,,,,,,,,,,,,,,,,,,,,,,,,,,,,,,,,,,,,,,,,,,,,,,,,,TN,TN
autoland,4767314,1,247a31fb40b3ac0b152bd3554743d742a3892fe3,linux1804-64-shippable-qr,True,False,,,102210fe594ee9b33d82058545b1ed14f4c8206e,id-getter-5.html,perf_reftest_singletons,True,perf_reftest_singletons id-getter-5.html opt e10s fission stylo webrender,4767299,77,ms,firefox,,1771760240,2023-10-11 15:07:05,525.1500000000001,a710f6c3ab82ca81444f0478a4882217c3628bf0,1315029,,,,,,,,,,,,,,,,,,,,,,,,,,,,,,,,,,,,,,,,,,,,,,,,,,,,,,,,,,,,,TN,TN
autoland,4767314,1,247a31fb40b3ac0b152bd3554743d742a3892fe3,linux1804-64-shippable-qr,True,False,,,102210fe594ee9b33d82058545b1ed14f4c8206e,id-getter-5.html,perf_reftest_singletons,True,perf_reftest_singletons id-getter-5.html opt e10s fission stylo webrender,4767299,77,ms,firefox,,1771812055,2023-10-11 17:21:18,534.8599999999999,be8d8e6ec4b7216d8dcb9b4ff8c8a413fc83da74,1315168,,,,,,,,,,,,,,,,,,,,,,,,,,,,,,,,,,,,,,,,,,,,,,,,,,,,,,,,,,,,,TN,TN
autoland,4767314,1,247a31fb40b3ac0b152bd3554743d742a3892fe3,linux1804-64-shippable-qr,True,False,,,102210fe594ee9b33d82058545b1ed14f4c8206e,id-getter-5.html,perf_reftest_singletons,True,perf_reftest_singletons id-getter-5.html opt e10s fission stylo webrender,4767299,77,ms,firefox,,1771942213,2023-10-11 21:29:22,527.8299999999999,dfe9eba9757679d9dda934ba7dd5798a0c3360fe,1315364,,,,,,,,,,,,,,,,,,,,,,,,,,,,,,,,,,,,,,,,,,,,,,,,,,,,,,,,,,,,,TN,TN
autoland,4767314,1,247a31fb40b3ac0b152bd3554743d742a3892fe3,linux1804-64-shippable-qr,True,False,,,102210fe594ee9b33d82058545b1ed14f4c8206e,id-getter-5.html,perf_reftest_singletons,True,perf_reftest_singletons id-getter-5.html opt e10s fission stylo webrender,4767299,77,ms,firefox,,1771952384,2023-10-11 21:41:54,529.45,2cbc64e7dbb0cd771d39710e5c3f2ed9a7e02b50,1315372,,,,,,,,,,,,,,,,,,,,,,,,,,,,,,,,,,,,,,,,,,,,,,,,,,,,,,,,,,,,,TN,TN
autoland,4767314,1,247a31fb40b3ac0b152bd3554743d742a3892fe3,linux1804-64-shippable-qr,True,False,,,102210fe594ee9b33d82058545b1ed14f4c8206e,id-getter-5.html,perf_reftest_singletons,True,perf_reftest_singletons id-getter-5.html opt e10s fission stylo webrender,4767299,77,ms,firefox,,1772151488,2023-10-12 04:10:05,538.66,c77a5d731bccf47b2b9f0714e44d5943f903d95e,1315494,,,,,,,,,,,,,,,,,,,,,,,,,,,,,,,,,,,,,,,,,,,,,,,,,,,,,,,,,,,,,TN,TN
autoland,4767314,1,247a31fb40b3ac0b152bd3554743d742a3892fe3,linux1804-64-shippable-qr,True,False,,,102210fe594ee9b33d82058545b1ed14f4c8206e,id-getter-5.html,perf_reftest_singletons,True,perf_reftest_singletons id-getter-5.html opt e10s fission stylo webrender,4767299,77,ms,firefox,,1772223508,2023-10-12 08:16:23,527.1700000000001,d64dc6406137711ffbc7f0bc42f6794a1c4ad236,1315559,,,,,,,,,,,,,,,,,,,,,,,,,,,,,,,,,,,,,,,,,,,,,,,,,,,,,,,,,,,,,TN,TN
autoland,4767314,1,247a31fb40b3ac0b152bd3554743d742a3892fe3,linux1804-64-shippable-qr,True,False,,,102210fe594ee9b33d82058545b1ed14f4c8206e,id-getter-5.html,perf_reftest_singletons,True,perf_reftest_singletons id-getter-5.html opt e10s fission stylo webrender,4767299,77,ms,firefox,,1772295034,2023-10-12 09:32:06,528.61,6eb785f75431f10faa331dabd429029e6dd1224e,1315613,,,,,,,,,,,,,,,,,,,,,,,,,,,,,,,,,,,,,,,,,,,,,,,,,,,,,,,,,,,,,TN,TN
autoland,4767314,1,247a31fb40b3ac0b152bd3554743d742a3892fe3,linux1804-64-shippable-qr,True,False,,,102210fe594ee9b33d82058545b1ed14f4c8206e,id-getter-5.html,perf_reftest_singletons,True,perf_reftest_singletons id-getter-5.html opt e10s fission stylo webrender,4767299,77,ms,firefox,,1772387428,2023-10-12 12:42:22,564.73,d3c6163a42b6002297fdb7cbb78395ee4495a357,1315709,,,,,,,,,,,,,,,,,,,,,,,,,,,,,,,,,,,,,,,,,,,,,,,,,,,,,,,,,,,,,TN,TN
autoland,4767314,1,247a31fb40b3ac0b152bd3554743d742a3892fe3,linux1804-64-shippable-qr,True,False,,,102210fe594ee9b33d82058545b1ed14f4c8206e,id-getter-5.html,perf_reftest_singletons,True,perf_reftest_singletons id-getter-5.html opt e10s fission stylo webrender,4767299,77,ms,firefox,,1772500211,2023-10-12 17:01:35,538.59,c09a0d19d99b488a292e3583cd0bb488afc74173,1315902,,,,,,,,,,,,,,,,,,,,,,,,,,,,,,,,,,,,,,,,,,,,,,,,,,,,,,,,,,,,,TN,TN
autoland,4767314,1,247a31fb40b3ac0b152bd3554743d742a3892fe3,linux1804-64-shippable-qr,True,False,,,102210fe594ee9b33d82058545b1ed14f4c8206e,id-getter-5.html,perf_reftest_singletons,True,perf_reftest_singletons id-getter-5.html opt e10s fission stylo webrender,4767299,77,ms,firefox,,1772520243,2023-10-12 17:02:35,528.76,a5369079cd89dd91a42689da9aad1fc607ef9146,1315903,,,,,,,,,,,,,,,,,,,,,,,,,,,,,,,,,,,,,,,,,,,,,,,,,,,,,,,,,,,,,TN,TN
autoland,4767314,1,247a31fb40b3ac0b152bd3554743d742a3892fe3,linux1804-64-shippable-qr,True,False,,,102210fe594ee9b33d82058545b1ed14f4c8206e,id-getter-5.html,perf_reftest_singletons,True,perf_reftest_singletons id-getter-5.html opt e10s fission stylo webrender,4767299,77,ms,firefox,,1772585012,2023-10-12 19:48:41,528.0899999999999,b9478e8898d6397ccb0ca6d2f90b882083ef91d2,1316052,,,,,,,,,,,,,,,,,,,,,,,,,,,,,,,,,,,,,,,,,,,,,,,,,,,,,,,,,,,,,TN,TN
autoland,4767314,1,247a31fb40b3ac0b152bd3554743d742a3892fe3,linux1804-64-shippable-qr,True,False,,,102210fe594ee9b33d82058545b1ed14f4c8206e,id-getter-5.html,perf_reftest_singletons,True,perf_reftest_singletons id-getter-5.html opt e10s fission stylo webrender,4767299,77,ms,firefox,,1772721387,2023-10-12 23:58:41,527.47,6769216667ff487b1442f654ee41dc5f12c23983,1316211,,,,,,,,,,,,,,,,,,,,,,,,,,,,,,,,,,,,,,,,,,,,,,,,,,,,,,,,,,,,,TN,TN
autoland,4767314,1,247a31fb40b3ac0b152bd3554743d742a3892fe3,linux1804-64-shippable-qr,True,False,,,102210fe594ee9b33d82058545b1ed14f4c8206e,id-getter-5.html,perf_reftest_singletons,True,perf_reftest_singletons id-getter-5.html opt e10s fission stylo webrender,4767299,77,ms,firefox,,1772819845,2023-10-13 06:04:39,527.19,810153993fc0b06ce0eabae2602fc7f74ed9be18,1316292,,,,,,,,,,,,,,,,,,,,,,,,,,,,,,,,,,,,,,,,,,,,,,,,,,,,,,,,,,,,,TN,TN
autoland,4767314,1,247a31fb40b3ac0b152bd3554743d742a3892fe3,linux1804-64-shippable-qr,True,False,,,102210fe594ee9b33d82058545b1ed14f4c8206e,id-getter-5.html,perf_reftest_singletons,True,perf_reftest_singletons id-getter-5.html opt e10s fission stylo webrender,4767299,77,ms,firefox,,1772837213,2023-10-13 06:28:51,526.96,930888998f68ddfb0f36d898e98305e459d7cbb2,1316299,,,,,,,,,,,,,,,,,,,,,,,,,,,,,,,,,,,,,,,,,,,,,,,,,,,,,,,,,,,,,TN,TN
autoland,4767314,1,247a31fb40b3ac0b152bd3554743d742a3892fe3,linux1804-64-shippable-qr,True,False,,,102210fe594ee9b33d82058545b1ed14f4c8206e,id-getter-5.html,perf_reftest_singletons,True,perf_reftest_singletons id-getter-5.html opt e10s fission stylo webrender,4767299,77,ms,firefox,,1772977704,2023-10-13 10:45:16,531.2,0db2502d9e9503580a800e13235be8c02043bbc0,1316413,,,,,,,,,,,,,,,,,,,,,,,,,,,,,,,,,,,,,,,,,,,,,,,,,,,,,,,,,,,,,TN,TN
autoland,4767314,1,247a31fb40b3ac0b152bd3554743d742a3892fe3,linux1804-64-shippable-qr,True,False,,,102210fe594ee9b33d82058545b1ed14f4c8206e,id-getter-5.html,perf_reftest_singletons,True,perf_reftest_singletons id-getter-5.html opt e10s fission stylo webrender,4767299,77,ms,firefox,,1773002055,2023-10-13 11:42:22,531.5899999999999,8246d773a07ce105d3a9f92b96007867c7df3cc4,1316442,,,,,,,,,,,,,,,,,,,,,,,,,,,,,,,,,,,,,,,,,,,,,,,,,,,,,,,,,,,,,TN,TN
autoland,4767314,1,247a31fb40b3ac0b152bd3554743d742a3892fe3,linux1804-64-shippable-qr,True,False,,,102210fe594ee9b33d82058545b1ed14f4c8206e,id-getter-5.html,perf_reftest_singletons,True,perf_reftest_singletons id-getter-5.html opt e10s fission stylo webrender,4767299,77,ms,firefox,,1773077952,2023-10-13 15:49:30,527.69,8adc92d3a6a8eeeefd63f98296c29907c3838316,1316607,,,,,,,,,,,,,,,,,,,,,,,,,,,,,,,,,,,,,,,,,,,,,,,,,,,,,,,,,,,,,TN,TN
autoland,4767314,1,247a31fb40b3ac0b152bd3554743d742a3892fe3,linux1804-64-shippable-qr,True,False,,,102210fe594ee9b33d82058545b1ed14f4c8206e,id-getter-5.html,perf_reftest_singletons,True,perf_reftest_singletons id-getter-5.html opt e10s fission stylo webrender,4767299,77,ms,firefox,,1773068938,2023-10-13 16:11:23,539.31,9ba44fb4eeafba4229fe28a6f3b42c79d8d05692,1316611,,,,,,,,,,,,,,,,,,,,,,,,,,,,,,,,,,,,,,,,,,,,,,,,,,,,,,,,,,,,,TN,TN
autoland,4767314,1,247a31fb40b3ac0b152bd3554743d742a3892fe3,linux1804-64-shippable-qr,True,False,,,102210fe594ee9b33d82058545b1ed14f4c8206e,id-getter-5.html,perf_reftest_singletons,True,perf_reftest_singletons id-getter-5.html opt e10s fission stylo webrender,4767299,77,ms,firefox,,1773316450,2023-10-14 00:40:19,524.98,bcd044cb6c313be98b766d19688066871ddaa6b3,1316857,,,,,,,,,,,,,,,,,,,,,,,,,,,,,,,,,,,,,,,,,,,,,,,,,,,,,,,,,,,,,TN,TN
autoland,4767314,1,247a31fb40b3ac0b152bd3554743d742a3892fe3,linux1804-64-shippable-qr,True,False,,,102210fe594ee9b33d82058545b1ed14f4c8206e,id-getter-5.html,perf_reftest_singletons,True,perf_reftest_singletons id-getter-5.html opt e10s fission stylo webrender,4767299,77,ms,firefox,,1773355786,2023-10-14 05:14:50,534.4,19db6b0f6713fdb1f311426a7899070e3ca19d6b,1316873,,,,,,,,,,,,,,,,,,,,,,,,,,,,,,,,,,,,,,,,,,,,,,,,,,,,,,,,,,,,,TN,TN
autoland,4767314,1,247a31fb40b3ac0b152bd3554743d742a3892fe3,linux1804-64-shippable-qr,True,False,,,102210fe594ee9b33d82058545b1ed14f4c8206e,id-getter-5.html,perf_reftest_singletons,True,perf_reftest_singletons id-getter-5.html opt e10s fission stylo webrender,4767299,77,ms,firefox,,1773407656,2023-10-14 09:25:57,540.1200000000001,1e870b95242b07bc4961bf7558d0703dd03814b3,1316895,,,,,,,,,,,,,,,,,,,,,,,,,,,,,,,,,,,,,,,,,,,,,,,,,,,,,,,,,,,,,TN,TN
autoland,4767314,1,247a31fb40b3ac0b152bd3554743d742a3892fe3,linux1804-64-shippable-qr,True,False,,,102210fe594ee9b33d82058545b1ed14f4c8206e,id-getter-5.html,perf_reftest_singletons,True,perf_reftest_singletons id-getter-5.html opt e10s fission stylo webrender,4767299,77,ms,firefox,,1773545655,2023-10-14 16:14:11,528.03,3f99c563251ec523301e9d46e6904989fc827306,1316942,,,,,,,,,,,,,,,,,,,,,,,,,,,,,,,,,,,,,,,,,,,,,,,,,,,,,,,,,,,,,TN,TN
autoland,4767314,1,247a31fb40b3ac0b152bd3554743d742a3892fe3,linux1804-64-shippable-qr,True,False,,,102210fe594ee9b33d82058545b1ed14f4c8206e,id-getter-5.html,perf_reftest_singletons,True,perf_reftest_singletons id-getter-5.html opt e10s fission stylo webrender,4767299,77,ms,firefox,,1773685259,2023-10-15 06:24:19,544.3399999999999,468469f54da6070a84314dc3c4ddcdfaca74b714,1316977,,,,,,,,,,,,,,,,,,,,,,,,,,,,,,,,,,,,,,,,,,,,,,,,,,,,,,,,,,,,,TN,TN
autoland,4767314,1,247a31fb40b3ac0b152bd3554743d742a3892fe3,linux1804-64-shippable-qr,True,False,,,102210fe594ee9b33d82058545b1ed14f4c8206e,id-getter-5.html,perf_reftest_singletons,True,perf_reftest_singletons id-getter-5.html opt e10s fission stylo webrender,4767299,77,ms,firefox,,1773749542,2023-10-15 10:45:53,527.48,91657cb1296c904004ace38877b9ca91f502be3f,1317007,,,,,,,,,,,,,,,,,,,,,,,,,,,,,,,,,,,,,,,,,,,,,,,,,,,,,,,,,,,,,TN,TN
autoland,4767314,1,247a31fb40b3ac0b152bd3554743d742a3892fe3,linux1804-64-shippable-qr,True,False,,,102210fe594ee9b33d82058545b1ed14f4c8206e,id-getter-5.html,perf_reftest_singletons,True,perf_reftest_singletons id-getter-5.html opt e10s fission stylo webrender,4767299,77,ms,firefox,,1773798326,2023-10-15 15:32:44,523.9300000000001,aba20bc488e22880b8ef5a89916ecabb51cee798,1317021,,,,,,,,,,,,,,,,,,,,,,,,,,,,,,,,,,,,,,,,,,,,,,,,,,,,,,,,,,,,,TN,TN
autoland,4767314,1,247a31fb40b3ac0b152bd3554743d742a3892fe3,linux1804-64-shippable-qr,True,False,,,102210fe594ee9b33d82058545b1ed14f4c8206e,id-getter-5.html,perf_reftest_singletons,True,perf_reftest_singletons id-getter-5.html opt e10s fission stylo webrender,4767299,77,ms,firefox,,1773905185,2023-10-16 01:55:37,556.9300000000001,f3de6f924333ec7c359d81d9fb16a9fca07ee42e,1317071,,,,,,,,,,,,,,,,,,,,,,,,,,,,,,,,,,,,,,,,,,,,,,,,,,,,,,,,,,,,,TN,TN
autoland,4767314,1,247a31fb40b3ac0b152bd3554743d742a3892fe3,linux1804-64-shippable-qr,True,False,,,102210fe594ee9b33d82058545b1ed14f4c8206e,id-getter-5.html,perf_reftest_singletons,True,perf_reftest_singletons id-getter-5.html opt e10s fission stylo webrender,4767299,77,ms,firefox,,1773959690,2023-10-16 05:57:00,532.24,e891ad8158b3106dceb2199ed2c74c0c2f05fa88,1317093,,,,,,,,,,,,,,,,,,,,,,,,,,,,,,,,,,,,,,,,,,,,,,,,,,,,,,,,,,,,,TN,TN
autoland,4767314,1,247a31fb40b3ac0b152bd3554743d742a3892fe3,linux1804-64-shippable-qr,True,False,,,102210fe594ee9b33d82058545b1ed14f4c8206e,id-getter-5.html,perf_reftest_singletons,True,perf_reftest_singletons id-getter-5.html opt e10s fission stylo webrender,4767299,77,ms,firefox,,1774100188,2023-10-16 10:06:37,528.98,e009aa26b6f79e7e5af18000b983f6decaa90eed,1317197,,,,,,,,,,,,,,,,,,,,,,,,,,,,,,,,,,,,,,,,,,,,,,,,,,,,,,,,,,,,,TN,TN
autoland,4767314,1,247a31fb40b3ac0b152bd3554743d742a3892fe3,linux1804-64-shippable-qr,True,False,,,102210fe594ee9b33d82058545b1ed14f4c8206e,id-getter-5.html,perf_reftest_singletons,True,perf_reftest_singletons id-getter-5.html opt e10s fission stylo webrender,4767299,77,ms,firefox,,1774124040,2023-10-16 11:25:28,526.51,8cb2f63a1e705ad6bf77a8f6dcb151aa3b67d2e6,1317241,,,,,,,,,,,,,,,,,,,,,,,,,,,,,,,,,,,,,,,,,,,,,,,,,,,,,,,,,,,,,TN,TN
autoland,4767314,1,247a31fb40b3ac0b152bd3554743d742a3892fe3,linux1804-64-shippable-qr,True,False,,,102210fe594ee9b33d82058545b1ed14f4c8206e,id-getter-5.html,perf_reftest_singletons,True,perf_reftest_singletons id-getter-5.html opt e10s fission stylo webrender,4767299,77,ms,firefox,,1774275248,2023-10-16 15:34:18,545.68,e0dd0b10e8fd0ea751f11fb0a6548ad9b6780e16,1317419,,,,,,,,,,,,,,,,,,,,,,,,,,,,,,,,,,,,,,,,,,,,,,,,,,,,,,,,,,,,,TN,TN
autoland,4767314,1,247a31fb40b3ac0b152bd3554743d742a3892fe3,linux1804-64-shippable-qr,True,False,,,102210fe594ee9b33d82058545b1ed14f4c8206e,id-getter-5.html,perf_reftest_singletons,True,perf_reftest_singletons id-getter-5.html opt e10s fission stylo webrender,4767299,77,ms,firefox,,1776901920,2023-10-16 17:43:37,568.8,036180bea7ac46565b20ceeb5a26c9e364a2c0d1,1317491,,,,,,,,,,,,,,,,,,,,,,,,,,,,,,,,,,,,,,,,,,,,,,,,,,,,,,,,,,,,,TN,TN
autoland,4767314,1,247a31fb40b3ac0b152bd3554743d742a3892fe3,linux1804-64-shippable-qr,True,False,,,102210fe594ee9b33d82058545b1ed14f4c8206e,id-getter-5.html,perf_reftest_singletons,True,perf_reftest_singletons id-getter-5.html opt e10s fission stylo webrender,4767299,77,ms,firefox,,1776830704,2023-10-16 18:24:34,542.4399999999999,fa12efd7ca249d06b27ea86690ae0d0478f5dcce,1317522,,,,,,,,,,,,,,,,,,,,,,,,,,,,,,,,,,,,,,,,,,,,,,,,,,,,,,,,,,,,,TN,TN
autoland,4767314,1,247a31fb40b3ac0b152bd3554743d742a3892fe3,linux1804-64-shippable-qr,True,False,,,102210fe594ee9b33d82058545b1ed14f4c8206e,id-getter-5.html,perf_reftest_singletons,True,perf_reftest_singletons id-getter-5.html opt e10s fission stylo webrender,4767299,77,ms,firefox,,1776830565,2023-10-16 18:25:29,541.9399999999999,9d3f56a73f723b68bedb37fed5e4c2b1f28cc3a6,1317523,,,,,,,,,,,,,,,,,,,,,,,,,,,,,,,,,,,,,,,,,,,,,,,,,,,,,,,,,,,,,TN,TN
autoland,4767314,1,247a31fb40b3ac0b152bd3554743d742a3892fe3,linux1804-64-shippable-qr,True,False,,,102210fe594ee9b33d82058545b1ed14f4c8206e,id-getter-5.html,perf_reftest_singletons,True,perf_reftest_singletons id-getter-5.html opt e10s fission stylo webrender,4767299,77,ms,firefox,,1776830707,2023-10-16 18:26:39,528.6600000000001,193078fd7666f1f9aa9b9e107a568517e1ebf7ee,1317524,,,,,,,,,,,,,,,,,,,,,,,,,,,,,,,,,,,,,,,,,,,,,,,,,,,,,,,,,,,,,TN,TN
autoland,4767314,1,247a31fb40b3ac0b152bd3554743d742a3892fe3,linux1804-64-shippable-qr,True,False,,,102210fe594ee9b33d82058545b1ed14f4c8206e,id-getter-5.html,perf_reftest_singletons,True,perf_reftest_singletons id-getter-5.html opt e10s fission stylo webrender,4767299,77,ms,firefox,,1776830606,2023-10-16 18:27:32,540.12,f10eff71bb8bf693e1b28bf9663b5cb9927e777b,1317525,,,,,,,,,,,,,,,,,,,,,,,,,,,,,,,,,,,,,,,,,,,,,,,,,,,,,,,,,,,,,TN,TN
autoland,4767314,1,247a31fb40b3ac0b152bd3554743d742a3892fe3,linux1804-64-shippable-qr,True,False,,,102210fe594ee9b33d82058545b1ed14f4c8206e,id-getter-5.html,perf_reftest_singletons,True,perf_reftest_singletons id-getter-5.html opt e10s fission stylo webrender,4767299,77,ms,firefox,,1776830647,2023-10-16 18:28:35,531.8000000000001,260e31b86a80a1e55d4724e658c8132571ff91b8,1317527,,,,,,,,,,,,,,,,,,,,,,,,,,,,,,,,,,,,,,,,,,,,,,,,,,,,,,,,,,,,,TN,TN
autoland,4767314,1,247a31fb40b3ac0b152bd3554743d742a3892fe3,linux1804-64-shippable-qr,True,False,,,102210fe594ee9b33d82058545b1ed14f4c8206e,id-getter-5.html,perf_reftest_singletons,True,perf_reftest_singletons id-getter-5.html opt e10s fission stylo webrender,4767299,77,ms,firefox,,1776830960,2023-10-16 18:35:37,537.1300000000001,eb5a2e2383b220086a9fa88745d8c829ca424d78,1317531,,,,,,,,,,,,,,,,,,,,,,,,,,,,,,,,,,,,,,,,,,,,,,,,,,,,,,,,,,,,,TN,TN
autoland,4767314,1,247a31fb40b3ac0b152bd3554743d742a3892fe3,linux1804-64-shippable-qr,True,False,,,102210fe594ee9b33d82058545b1ed14f4c8206e,id-getter-5.html,perf_reftest_singletons,True,perf_reftest_singletons id-getter-5.html opt e10s fission stylo webrender,4767299,77,ms,firefox,,1776831364,2023-10-16 18:37:05,575.6899999999999,8a85807aac3626d83f521ee0e21a55c666c82f6b,1317532,,,,,,,,,,,,,,,,,,,,,,,,,,,,,,,,,,,,,,,,,,,,,,,,,,,,,,,,,,,,,TN,TN
autoland,4767314,1,247a31fb40b3ac0b152bd3554743d742a3892fe3,linux1804-64-shippable-qr,True,False,,,102210fe594ee9b33d82058545b1ed14f4c8206e,id-getter-5.html,perf_reftest_singletons,True,perf_reftest_singletons id-getter-5.html opt e10s fission stylo webrender,4767299,77,ms,firefox,,1776830810,2023-10-16 19:02:16,522.8,2097061651e27f28e441256c282f6e85da3d5b64,1317542,,,,,,,,,,,,,,,,,,,,,,,,,,,,,,,,,,,,,,,,,,,,,,,,,,,,,,,,,,,,,TN,TN
autoland,4767314,1,247a31fb40b3ac0b152bd3554743d742a3892fe3,linux1804-64-shippable-qr,True,False,,,102210fe594ee9b33d82058545b1ed14f4c8206e,id-getter-5.html,perf_reftest_singletons,True,perf_reftest_singletons id-getter-5.html opt e10s fission stylo webrender,4767299,77,ms,firefox,,1777231805,2023-10-16 19:02:16,528.7,2097061651e27f28e441256c282f6e85da3d5b64,1317542,,,,,,,,,,,,,,,,,,,,,,,,,,,,,,,,,,,,,,,,,,,,,,,,,,,,,,,,,,,,,TN,TN
autoland,4767314,1,247a31fb40b3ac0b152bd3554743d742a3892fe3,linux1804-64-shippable-qr,True,False,,,102210fe594ee9b33d82058545b1ed14f4c8206e,id-getter-5.html,perf_reftest_singletons,True,perf_reftest_singletons id-getter-5.html opt e10s fission stylo webrender,4767299,77,ms,firefox,,1777231663,2023-10-16 19:02:16,525.37,2097061651e27f28e441256c282f6e85da3d5b64,1317542,,,,,,,,,,,,,,,,,,,,,,,,,,,,,,,,,,,,,,,,,,,,,,,,,,,,,,,,,,,,,TN,TN
autoland,4767314,1,247a31fb40b3ac0b152bd3554743d742a3892fe3,linux1804-64-shippable-qr,True,False,,,102210fe594ee9b33d82058545b1ed14f4c8206e,id-getter-5.html,perf_reftest_singletons,True,perf_reftest_singletons id-getter-5.html opt e10s fission stylo webrender,4767299,77,ms,firefox,,1777232356,2023-10-16 19:02:16,532.1800000000001,2097061651e27f28e441256c282f6e85da3d5b64,1317542,,,,,,,,,,,,,,,,,,,,,,,,,,,,,,,,,,,,,,,,,,,,,,,,,,,,,,,,,,,,,TN,TN
autoland,4767314,1,247a31fb40b3ac0b152bd3554743d742a3892fe3,linux1804-64-shippable-qr,True,False,,,102210fe594ee9b33d82058545b1ed14f4c8206e,id-getter-5.html,perf_reftest_singletons,True,perf_reftest_singletons id-getter-5.html opt e10s fission stylo webrender,4767299,77,ms,firefox,,1777232746,2023-10-16 19:02:16,528.97,2097061651e27f28e441256c282f6e85da3d5b64,1317542,,,,,,,,,,,,,,,,,,,,,,,,,,,,,,,,,,,,,,,,,,,,,,,,,,,,,,,,,,,,,TN,TN
autoland,4767314,1,247a31fb40b3ac0b152bd3554743d742a3892fe3,linux1804-64-shippable-qr,True,False,,,102210fe594ee9b33d82058545b1ed14f4c8206e,id-getter-5.html,perf_reftest_singletons,True,perf_reftest_singletons id-getter-5.html opt e10s fission stylo webrender,4767299,77,ms,firefox,,1777233129,2023-10-16 19:02:16,551.09,2097061651e27f28e441256c282f6e85da3d5b64,1317542,,,,,,,,,,,,,,,,,,,,,,,,,,,,,,,,,,,,,,,,,,,,,,,,,,,,,,,,,,,,,TN,TN
autoland,4767314,1,247a31fb40b3ac0b152bd3554743d742a3892fe3,linux1804-64-shippable-qr,True,False,,,102210fe594ee9b33d82058545b1ed14f4c8206e,id-getter-5.html,perf_reftest_singletons,True,perf_reftest_singletons id-getter-5.html opt e10s fission stylo webrender,4767299,77,ms,firefox,,1777232091,2023-10-16 19:02:16,526.76,2097061651e27f28e441256c282f6e85da3d5b64,1317542,,,,,,,,,,,,,,,,,,,,,,,,,,,,,,,,,,,,,,,,,,,,,,,,,,,,,,,,,,,,,TN,TN
autoland,4767314,1,247a31fb40b3ac0b152bd3554743d742a3892fe3,linux1804-64-shippable-qr,True,False,,,102210fe594ee9b33d82058545b1ed14f4c8206e,id-getter-5.html,perf_reftest_singletons,True,perf_reftest_singletons id-getter-5.html opt e10s fission stylo webrender,4767299,77,ms,firefox,,1776831622,2023-10-16 19:03:46,539.36,db89d4ecda771c03f8d23f1f9a40060cd4fb1ba7,1317543,,,,,,,,,,,,,,,,,,,,,,,,,,,,,,,,,,,,,,,,,,,,,,,,,,,,,,,,,,,,,TN,TN
autoland,4767314,1,247a31fb40b3ac0b152bd3554743d742a3892fe3,linux1804-64-shippable-qr,True,False,,,102210fe594ee9b33d82058545b1ed14f4c8206e,id-getter-5.html,perf_reftest_singletons,True,perf_reftest_singletons id-getter-5.html opt e10s fission stylo webrender,4767299,77,ms,firefox,,1777231784,2023-10-16 19:03:46,529.1199999999999,db89d4ecda771c03f8d23f1f9a40060cd4fb1ba7,1317543,,,,,,,,,,,,,,,,,,,,,,,,,,,,,,,,,,,,,,,,,,,,,,,,,,,,,,,,,,,,,TN,TN
autoland,4767314,1,247a31fb40b3ac0b152bd3554743d742a3892fe3,linux1804-64-shippable-qr,True,False,,,102210fe594ee9b33d82058545b1ed14f4c8206e,id-getter-5.html,perf_reftest_singletons,True,perf_reftest_singletons id-getter-5.html opt e10s fission stylo webrender,4767299,77,ms,firefox,,1777231739,2023-10-16 19:03:46,533.26,db89d4ecda771c03f8d23f1f9a40060cd4fb1ba7,1317543,,,,,,,,,,,,,,,,,,,,,,,,,,,,,,,,,,,,,,,,,,,,,,,,,,,,,,,,,,,,,TN,TN
autoland,4767314,1,247a31fb40b3ac0b152bd3554743d742a3892fe3,linux1804-64-shippable-qr,True,False,,,102210fe594ee9b33d82058545b1ed14f4c8206e,id-getter-5.html,perf_reftest_singletons,True,perf_reftest_singletons id-getter-5.html opt e10s fission stylo webrender,4767299,77,ms,firefox,,1777231877,2023-10-16 19:03:46,539.4200000000001,db89d4ecda771c03f8d23f1f9a40060cd4fb1ba7,1317543,,,,,,,,,,,,,,,,,,,,,,,,,,,,,,,,,,,,,,,,,,,,,,,,,,,,,,,,,,,,,TN,TN
autoland,4767314,1,247a31fb40b3ac0b152bd3554743d742a3892fe3,linux1804-64-shippable-qr,True,False,,,102210fe594ee9b33d82058545b1ed14f4c8206e,id-getter-5.html,perf_reftest_singletons,True,perf_reftest_singletons id-getter-5.html opt e10s fission stylo webrender,4767299,77,ms,firefox,,1777231930,2023-10-16 19:03:46,527.24,db89d4ecda771c03f8d23f1f9a40060cd4fb1ba7,1317543,,,,,,,,,,,,,,,,,,,,,,,,,,,,,,,,,,,,,,,,,,,,,,,,,,,,,,,,,,,,,TN,TN
autoland,4767314,1,247a31fb40b3ac0b152bd3554743d742a3892fe3,linux1804-64-shippable-qr,True,False,,,102210fe594ee9b33d82058545b1ed14f4c8206e,id-getter-5.html,perf_reftest_singletons,True,perf_reftest_singletons id-getter-5.html opt e10s fission stylo webrender,4767299,77,ms,firefox,,1777231990,2023-10-16 19:03:46,532.23,db89d4ecda771c03f8d23f1f9a40060cd4fb1ba7,1317543,,,,,,,,,,,,,,,,,,,,,,,,,,,,,,,,,,,,,,,,,,,,,,,,,,,,,,,,,,,,,TN,TN
autoland,4767314,1,247a31fb40b3ac0b152bd3554743d742a3892fe3,linux1804-64-shippable-qr,True,False,,,102210fe594ee9b33d82058545b1ed14f4c8206e,id-getter-5.html,perf_reftest_singletons,True,perf_reftest_singletons id-getter-5.html opt e10s fission stylo webrender,4767299,77,ms,firefox,,1777231864,2023-10-16 19:03:46,535.6800000000001,db89d4ecda771c03f8d23f1f9a40060cd4fb1ba7,1317543,,,,,,,,,,,,,,,,,,,,,,,,,,,,,,,,,,,,,,,,,,,,,,,,,,,,,,,,,,,,,TN,TN
autoland,4767314,1,247a31fb40b3ac0b152bd3554743d742a3892fe3,linux1804-64-shippable-qr,True,False,,,102210fe594ee9b33d82058545b1ed14f4c8206e,id-getter-5.html,perf_reftest_singletons,True,perf_reftest_singletons id-getter-5.html opt e10s fission stylo webrender,4767299,77,ms,firefox,,1777232046,2023-10-16 19:03:46,540.0,db89d4ecda771c03f8d23f1f9a40060cd4fb1ba7,1317543,,,,,,,,,,,,,,,,,,,,,,,,,,,,,,,,,,,,,,,,,,,,,,,,,,,,,,,,,,,,,TN,TN
autoland,4767314,1,247a31fb40b3ac0b152bd3554743d742a3892fe3,linux1804-64-shippable-qr,True,False,,,102210fe594ee9b33d82058545b1ed14f4c8206e,id-getter-5.html,perf_reftest_singletons,True,perf_reftest_singletons id-getter-5.html opt e10s fission stylo webrender,4767299,77,ms,firefox,,1776830892,2023-10-16 19:05:05,522.21,4b10b4517aa26714be1f456062880057445806a8,1317545,,,,,,,,,,,,,,,,,,,,,,,,,,,,,,,,,,,,,,,,,,,,,,,,,,,,,,,,,,,,,TN,TN
autoland,4767314,1,247a31fb40b3ac0b152bd3554743d742a3892fe3,linux1804-64-shippable-qr,True,False,,,102210fe594ee9b33d82058545b1ed14f4c8206e,id-getter-5.html,perf_reftest_singletons,True,perf_reftest_singletons id-getter-5.html opt e10s fission stylo webrender,4767299,77,ms,firefox,,1777231413,2023-10-16 19:05:05,533.99,4b10b4517aa26714be1f456062880057445806a8,1317545,,,,,,,,,,,,,,,,,,,,,,,,,,,,,,,,,,,,,,,,,,,,,,,,,,,,,,,,,,,,,TN,TN
autoland,4767314,1,247a31fb40b3ac0b152bd3554743d742a3892fe3,linux1804-64-shippable-qr,True,False,,,102210fe594ee9b33d82058545b1ed14f4c8206e,id-getter-5.html,perf_reftest_singletons,True,perf_reftest_singletons id-getter-5.html opt e10s fission stylo webrender,4767299,77,ms,firefox,,1777231451,2023-10-16 19:05:05,525.6099999999999,4b10b4517aa26714be1f456062880057445806a8,1317545,,,,,,,,,,,,,,,,,,,,,,,,,,,,,,,,,,,,,,,,,,,,,,,,,,,,,,,,,,,,,TN,TN
autoland,4767314,1,247a31fb40b3ac0b152bd3554743d742a3892fe3,linux1804-64-shippable-qr,True,False,,,102210fe594ee9b33d82058545b1ed14f4c8206e,id-getter-5.html,perf_reftest_singletons,True,perf_reftest_singletons id-getter-5.html opt e10s fission stylo webrender,4767299,77,ms,firefox,,1777231548,2023-10-16 19:05:05,535.99,4b10b4517aa26714be1f456062880057445806a8,1317545,,,,,,,,,,,,,,,,,,,,,,,,,,,,,,,,,,,,,,,,,,,,,,,,,,,,,,,,,,,,,TN,TN
autoland,4767314,1,247a31fb40b3ac0b152bd3554743d742a3892fe3,linux1804-64-shippable-qr,True,False,,,102210fe594ee9b33d82058545b1ed14f4c8206e,id-getter-5.html,perf_reftest_singletons,True,perf_reftest_singletons id-getter-5.html opt e10s fission stylo webrender,4767299,77,ms,firefox,,1777231586,2023-10-16 19:05:05,527.3,4b10b4517aa26714be1f456062880057445806a8,1317545,,,,,,,,,,,,,,,,,,,,,,,,,,,,,,,,,,,,,,,,,,,,,,,,,,,,,,,,,,,,,TN,TN
autoland,4767314,1,247a31fb40b3ac0b152bd3554743d742a3892fe3,linux1804-64-shippable-qr,True,False,,,102210fe594ee9b33d82058545b1ed14f4c8206e,id-getter-5.html,perf_reftest_singletons,True,perf_reftest_singletons id-getter-5.html opt e10s fission stylo webrender,4767299,77,ms,firefox,,1777231701,2023-10-16 19:05:05,533.9100000000001,4b10b4517aa26714be1f456062880057445806a8,1317545,,,,,,,,,,,,,,,,,,,,,,,,,,,,,,,,,,,,,,,,,,,,,,,,,,,,,,,,,,,,,TN,TN
autoland,4767314,1,247a31fb40b3ac0b152bd3554743d742a3892fe3,linux1804-64-shippable-qr,True,False,,,102210fe594ee9b33d82058545b1ed14f4c8206e,id-getter-5.html,perf_reftest_singletons,True,perf_reftest_singletons id-getter-5.html opt e10s fission stylo webrender,4767299,77,ms,firefox,,1777231624,2023-10-16 19:05:05,529.08,4b10b4517aa26714be1f456062880057445806a8,1317545,,,,,,,,,,,,,,,,,,,,,,,,,,,,,,,,,,,,,,,,,,,,,,,,,,,,,,,,,,,,,TN,TN
autoland,4767314,1,247a31fb40b3ac0b152bd3554743d742a3892fe3,linux1804-64-shippable-qr,True,False,,,102210fe594ee9b33d82058545b1ed14f4c8206e,id-getter-5.html,perf_reftest_singletons,True,perf_reftest_singletons id-getter-5.html opt e10s fission stylo webrender,4767299,77,ms,firefox,,1774396729,2023-10-16 19:06:00,535.7800000000001,36e5163d2528daaa5669d0f9284470b070c8882e,1317546,,,,,,,,,,,,,,,,,,,,,,,,,,,,,,,,,,,,,,,,,,,,,,,,,,,,,,,,,,,,,TN,TN
autoland,4767314,1,247a31fb40b3ac0b152bd3554743d742a3892fe3,linux1804-64-shippable-qr,True,False,,,102210fe594ee9b33d82058545b1ed14f4c8206e,id-getter-5.html,perf_reftest_singletons,True,perf_reftest_singletons id-getter-5.html opt e10s fission stylo webrender,4767299,77,ms,firefox,,1776830770,2023-10-16 19:06:00,523.4,36e5163d2528daaa5669d0f9284470b070c8882e,1317546,,,,,,,,,,,,,,,,,,,,,,,,,,,,,,,,,,,,,,,,,,,,,,,,,,,,,,,,,,,,,TN,TN
autoland,4767314,1,247a31fb40b3ac0b152bd3554743d742a3892fe3,linux1804-64-shippable-qr,True,False,,,102210fe594ee9b33d82058545b1ed14f4c8206e,id-getter-5.html,perf_reftest_singletons,True,perf_reftest_singletons id-getter-5.html opt e10s fission stylo webrender,4767299,77,ms,firefox,,1776831169,2023-10-16 19:58:30,538.8299999999999,e136cc9893278df1df3e3b997b9e6756122b9c44,1317572,,,,,,,,,,,,,,,,,,,,,,,,,,,,,,,,,,,,,,,,,,,,,,,,,,,,,,,,,,,,,TN,TN
autoland,4767314,1,247a31fb40b3ac0b152bd3554743d742a3892fe3,linux1804-64-shippable-qr,True,False,,,102210fe594ee9b33d82058545b1ed14f4c8206e,id-getter-5.html,perf_reftest_singletons,True,perf_reftest_singletons id-getter-5.html opt e10s fission stylo webrender,4767299,77,ms,firefox,,1777231239,2023-10-16 19:58:30,526.3799999999999,e136cc9893278df1df3e3b997b9e6756122b9c44,1317572,,,,,,,,,,,,,,,,,,,,,,,,,,,,,,,,,,,,,,,,,,,,,,,,,,,,,,,,,,,,,TN,TN
autoland,4767314,1,247a31fb40b3ac0b152bd3554743d742a3892fe3,linux1804-64-shippable-qr,True,False,,,102210fe594ee9b33d82058545b1ed14f4c8206e,id-getter-5.html,perf_reftest_singletons,True,perf_reftest_singletons id-getter-5.html opt e10s fission stylo webrender,4767299,77,ms,firefox,,1777231277,2023-10-16 19:58:30,528.54,e136cc9893278df1df3e3b997b9e6756122b9c44,1317572,,,,,,,,,,,,,,,,,,,,,,,,,,,,,,,,,,,,,,,,,,,,,,,,,,,,,,,,,,,,,TN,TN
autoland,4767314,1,247a31fb40b3ac0b152bd3554743d742a3892fe3,linux1804-64-shippable-qr,True,False,,,102210fe594ee9b33d82058545b1ed14f4c8206e,id-getter-5.html,perf_reftest_singletons,True,perf_reftest_singletons id-getter-5.html opt e10s fission stylo webrender,4767299,77,ms,firefox,,1777231316,2023-10-16 19:58:30,529.1199999999999,e136cc9893278df1df3e3b997b9e6756122b9c44,1317572,,,,,,,,,,,,,,,,,,,,,,,,,,,,,,,,,,,,,,,,,,,,,,,,,,,,,,,,,,,,,TN,TN
autoland,4767314,1,247a31fb40b3ac0b152bd3554743d742a3892fe3,linux1804-64-shippable-qr,True,False,,,102210fe594ee9b33d82058545b1ed14f4c8206e,id-getter-5.html,perf_reftest_singletons,True,perf_reftest_singletons id-getter-5.html opt e10s fission stylo webrender,4767299,77,ms,firefox,,1777231354,2023-10-16 19:58:30,529.9,e136cc9893278df1df3e3b997b9e6756122b9c44,1317572,,,,,,,,,,,,,,,,,,,,,,,,,,,,,,,,,,,,,,,,,,,,,,,,,,,,,,,,,,,,,TN,TN
autoland,4767314,1,247a31fb40b3ac0b152bd3554743d742a3892fe3,linux1804-64-shippable-qr,True,False,,,102210fe594ee9b33d82058545b1ed14f4c8206e,id-getter-5.html,perf_reftest_singletons,True,perf_reftest_singletons id-getter-5.html opt e10s fission stylo webrender,4767299,77,ms,firefox,,1777231489,2023-10-16 19:58:30,540.5699999999999,e136cc9893278df1df3e3b997b9e6756122b9c44,1317572,,,,,,,,,,,,,,,,,,,,,,,,,,,,,,,,,,,,,,,,,,,,,,,,,,,,,,,,,,,,,TN,TN
autoland,4767314,1,247a31fb40b3ac0b152bd3554743d742a3892fe3,linux1804-64-shippable-qr,True,False,,,102210fe594ee9b33d82058545b1ed14f4c8206e,id-getter-5.html,perf_reftest_singletons,True,perf_reftest_singletons id-getter-5.html opt e10s fission stylo webrender,4767299,77,ms,firefox,,1776831305,2023-10-16 20:55:29,536.6800000000001,ebfdfe5784085fce210dffbb2b196b2bf8690302,1317597,,,,,,,,,,,,,,,,,,,,,,,,,,,,,,,,,,,,,,,,,,,,,,,,,,,,,,,,,,,,,TN,TN
autoland,4767314,1,247a31fb40b3ac0b152bd3554743d742a3892fe3,linux1804-64-shippable-qr,True,False,,,102210fe594ee9b33d82058545b1ed14f4c8206e,id-getter-5.html,perf_reftest_singletons,True,perf_reftest_singletons id-getter-5.html opt e10s fission stylo webrender,4767299,77,ms,firefox,,1776830853,2023-10-16 21:02:56,534.63,e7c16a228ce49335d29fea3cb0c44f474ec995fc,1317600,,,,,,,,,,,,,,,,,,,,,,,,,,,,,,,,,,,,,,,,,,,,,,,,,,,,,,,,,,,,,TN,TN
autoland,4767314,1,247a31fb40b3ac0b152bd3554743d742a3892fe3,linux1804-64-shippable-qr,True,False,,,102210fe594ee9b33d82058545b1ed14f4c8206e,id-getter-5.html,perf_reftest_singletons,True,perf_reftest_singletons id-getter-5.html opt e10s fission stylo webrender,4767299,77,ms,firefox,,1776831450,2023-10-16 22:21:52,531.0699999999999,aeef1b6cce72a720b2929b2f6c4de35348378a73,1317658,,,,,,,,,,,,,,,,,,,,,,,,,,,,,,,,,,,,,,,,,,,,,,,,,,,,,,,,,,,,,TN,TN
autoland,4767314,1,247a31fb40b3ac0b152bd3554743d742a3892fe3,linux1804-64-shippable-qr,True,False,,,102210fe594ee9b33d82058545b1ed14f4c8206e,id-getter-5.html,perf_reftest_singletons,True,perf_reftest_singletons id-getter-5.html opt e10s fission stylo webrender,4767299,77,ms,firefox,,1776831111,2023-10-16 22:29:18,564.04,0c243e4e632e879acf3987d71245084b00de62fb,1317664,,,,,,,,,,,,,,,,,,,,,,,,,,,,,,,,,,,,,,,,,,,,,,,,,,,,,,,,,,,,,TN,TN
autoland,4767314,1,247a31fb40b3ac0b152bd3554743d742a3892fe3,linux1804-64-shippable-qr,True,False,,,102210fe594ee9b33d82058545b1ed14f4c8206e,id-getter-5.html,perf_reftest_singletons,True,perf_reftest_singletons id-getter-5.html opt e10s fission stylo webrender,4767299,77,ms,firefox,,1776831753,2023-10-16 22:31:15,544.73,4f01eb471b8d8bfd0a86f8b5bb476a5b81c9ce69,1317665,,,,,,,,,,,,,,,,,,,,,,,,,,,,,,,,,,,,,,,,,,,,,,,,,,,,,,,,,,,,,TN,TN
autoland,4767314,1,247a31fb40b3ac0b152bd3554743d742a3892fe3,linux1804-64-shippable-qr,True,False,,,102210fe594ee9b33d82058545b1ed14f4c8206e,id-getter-5.html,perf_reftest_singletons,True,perf_reftest_singletons id-getter-5.html opt e10s fission stylo webrender,4767299,77,ms,firefox,,1776831266,2023-10-16 22:45:14,528.77,29f157aa1c57254a930c280fbe8ce12f5bfa9bc1,1317671,,,,,,,,,,,,,,,,,,,,,,,,,,,,,,,,,,,,,,,,,,,,,,,,,,,,,,,,,,,,,TN,TN
autoland,4767314,1,247a31fb40b3ac0b152bd3554743d742a3892fe3,linux1804-64-shippable-qr,True,False,,,102210fe594ee9b33d82058545b1ed14f4c8206e,id-getter-5.html,perf_reftest_singletons,True,perf_reftest_singletons id-getter-5.html opt e10s fission stylo webrender,4767299,77,ms,firefox,,1774560540,2023-10-17 00:17:31,535.56,e4bf7b3e037323072304a1b1327df57c4a54b560,1317700,,,,,,,,,,,,,,,,,,,,,,,,,,,,,,,,,,,,,,,,,,,,,,,,,,,,,,,,,,,,,TN,TN
autoland,4767314,1,247a31fb40b3ac0b152bd3554743d742a3892fe3,linux1804-64-shippable-qr,True,False,,,102210fe594ee9b33d82058545b1ed14f4c8206e,id-getter-5.html,perf_reftest_singletons,True,perf_reftest_singletons id-getter-5.html opt e10s fission stylo webrender,4767299,77,ms,firefox,,1774742303,2023-10-17 05:18:57,540.67,896b283a3e7185d805f59d4dcb3d6bb89e9e62d8,1317768,,,,,,,,,,,,,,,,,,,,,,,,,,,,,,,,,,,,,,,,,,,,,,,,,,,,,,,,,,,,,TN,TN
autoland,4767314,1,247a31fb40b3ac0b152bd3554743d742a3892fe3,linux1804-64-shippable-qr,True,False,,,102210fe594ee9b33d82058545b1ed14f4c8206e,id-getter-5.html,perf_reftest_singletons,True,perf_reftest_singletons id-getter-5.html opt e10s fission stylo webrender,4767299,77,ms,firefox,,1774761952,2023-10-17 06:01:55,527.12,ca60a5861d4a8bd5de1c8e5a9f76c9e35767c38c,1317782,,,,,,,,,,,,,,,,,,,,,,,,,,,,,,,,,,,,,,,,,,,,,,,,,,,,,,,,,,,,,TN,TN
autoland,4767314,1,247a31fb40b3ac0b152bd3554743d742a3892fe3,linux1804-64-shippable-qr,True,False,,,102210fe594ee9b33d82058545b1ed14f4c8206e,id-getter-5.html,perf_reftest_singletons,True,perf_reftest_singletons id-getter-5.html opt e10s fission stylo webrender,4767299,77,ms,firefox,,1776714367,2023-10-17 06:51:56,535.7,ec795d99e12a9ac5563b05b4f5e30209bd25f686,1317791,,,,,,,,,,,,,,,,,,,,,,,,,,,,,,,,,,,,,,,,,,,,,,,,,,,,,,,,,,,,,TN,TN
autoland,4767314,1,247a31fb40b3ac0b152bd3554743d742a3892fe3,linux1804-64-shippable-qr,True,False,,,102210fe594ee9b33d82058545b1ed14f4c8206e,id-getter-5.html,perf_reftest_singletons,True,perf_reftest_singletons id-getter-5.html opt e10s fission stylo webrender,4767299,77,ms,firefox,,1776726179,2023-10-17 06:54:06,526.3499999999999,469ed31b0396a18bd83f69a40300f068667abef0,1317792,,,,,,,,,,,,,,,,,,,,,,,,,,,,,,,,,,,,,,,,,,,,,,,,,,,,,,,,,,,,,TN,TN
autoland,4767314,1,247a31fb40b3ac0b152bd3554743d742a3892fe3,linux1804-64-shippable-qr,True,False,,,102210fe594ee9b33d82058545b1ed14f4c8206e,id-getter-5.html,perf_reftest_singletons,True,perf_reftest_singletons id-getter-5.html opt e10s fission stylo webrender,4767299,77,ms,firefox,,1776827845,2023-10-17 06:54:06,527.9100000000001,469ed31b0396a18bd83f69a40300f068667abef0,1317792,,,,,,,,,,,,,,,,,,,,,,,,,,,,,,,,,,,,,,,,,,,,,,,,,,,,,,,,,,,,,TN,TN
autoland,4767314,1,247a31fb40b3ac0b152bd3554743d742a3892fe3,linux1804-64-shippable-qr,True,False,,,102210fe594ee9b33d82058545b1ed14f4c8206e,id-getter-5.html,perf_reftest_singletons,True,perf_reftest_singletons id-getter-5.html opt e10s fission stylo webrender,4767299,77,ms,firefox,,1776728001,2023-10-17 07:02:25,526.74,5c064e49d9091683842d2d01ef1402f837ac69ef,1317795,,,,,,,,,,,,,,,,,,,,,,,,,,,,,,,,,,,,,,,,,,,,,,,,,,,,,,,,,,,,,TN,TN
autoland,4767314,1,247a31fb40b3ac0b152bd3554743d742a3892fe3,linux1804-64-shippable-qr,True,False,,,102210fe594ee9b33d82058545b1ed14f4c8206e,id-getter-5.html,perf_reftest_singletons,True,perf_reftest_singletons id-getter-5.html opt e10s fission stylo webrender,4767299,77,ms,firefox,,1776828043,2023-10-17 07:02:25,537.81,5c064e49d9091683842d2d01ef1402f837ac69ef,1317795,,,,,,,,,,,,,,,,,,,,,,,,,,,,,,,,,,,,,,,,,,,,,,,,,,,,,,,,,,,,,TN,TN
autoland,4767314,1,247a31fb40b3ac0b152bd3554743d742a3892fe3,linux1804-64-shippable-qr,True,False,,,102210fe594ee9b33d82058545b1ed14f4c8206e,id-getter-5.html,perf_reftest_singletons,True,perf_reftest_singletons id-getter-5.html opt e10s fission stylo webrender,4767299,77,ms,firefox,,1776765110,2023-10-17 08:31:30,533.8699999999999,d28399b3d947ad20bc08fa1aa7ca71ee8940a7c2,1317823,,,,,,,,,,,,,,,,,,,,,,,,,,,,,,,,,,,,,,,,,,,,,,,,,,,,,,,,,,,,,TN,TN
autoland,4767314,1,247a31fb40b3ac0b152bd3554743d742a3892fe3,linux1804-64-shippable-qr,True,False,,,102210fe594ee9b33d82058545b1ed14f4c8206e,id-getter-5.html,perf_reftest_singletons,True,perf_reftest_singletons id-getter-5.html opt e10s fission stylo webrender,4767299,77,ms,firefox,,1776827940,2023-10-17 08:31:30,530.5899999999999,d28399b3d947ad20bc08fa1aa7ca71ee8940a7c2,1317823,,,,,,,,,,,,,,,,,,,,,,,,,,,,,,,,,,,,,,,,,,,,,,,,,,,,,,,,,,,,,TN,TN
autoland,4767314,1,247a31fb40b3ac0b152bd3554743d742a3892fe3,linux1804-64-shippable-qr,True,False,,,102210fe594ee9b33d82058545b1ed14f4c8206e,id-getter-5.html,perf_reftest_singletons,True,perf_reftest_singletons id-getter-5.html opt e10s fission stylo webrender,4767299,77,ms,firefox,,1776750481,2023-10-17 09:18:22,535.8,6cb5031e76892d4e46a4018c82d59b1a992b596f,1317863,,,,,,,,,,,,,,,,,,,,,,,,,,,,,,,,,,,,,,,,,,,,,,,,,,,,,,,,,,,,,TN,TN
autoland,4767314,1,247a31fb40b3ac0b152bd3554743d742a3892fe3,linux1804-64-shippable-qr,True,False,,,102210fe594ee9b33d82058545b1ed14f4c8206e,id-getter-5.html,perf_reftest_singletons,True,perf_reftest_singletons id-getter-5.html opt e10s fission stylo webrender,4767299,77,ms,firefox,,1776827890,2023-10-17 09:18:22,525.77,6cb5031e76892d4e46a4018c82d59b1a992b596f,1317863,,,,,,,,,,,,,,,,,,,,,,,,,,,,,,,,,,,,,,,,,,,,,,,,,,,,,,,,,,,,,TN,TN
autoland,4767314,1,247a31fb40b3ac0b152bd3554743d742a3892fe3,linux1804-64-shippable-qr,True,False,,,102210fe594ee9b33d82058545b1ed14f4c8206e,id-getter-5.html,perf_reftest_singletons,True,perf_reftest_singletons id-getter-5.html opt e10s fission stylo webrender,4767299,77,ms,firefox,,1776660223,2023-10-17 09:20:37,531.6,7f8e4fcfcbfa83ee7504071ce3eb60e0e59319a5,1317866,,,,,,,,,,,,,,,,,,,,,,,,,,,,,,,,,,,,,,,,,,,,,,,,,,,,,,,,,,,,,TN,TN
autoland,4767314,1,247a31fb40b3ac0b152bd3554743d742a3892fe3,linux1804-64-shippable-qr,True,False,,,102210fe594ee9b33d82058545b1ed14f4c8206e,id-getter-5.html,perf_reftest_singletons,True,perf_reftest_singletons id-getter-5.html opt e10s fission stylo webrender,4767299,77,ms,firefox,,1776827954,2023-10-17 09:20:37,526.24,7f8e4fcfcbfa83ee7504071ce3eb60e0e59319a5,1317866,,,,,,,,,,,,,,,,,,,,,,,,,,,,,,,,,,,,,,,,,,,,,,,,,,,,,,,,,,,,,TN,TN
autoland,4767314,1,247a31fb40b3ac0b152bd3554743d742a3892fe3,linux1804-64-shippable-qr,True,False,,,102210fe594ee9b33d82058545b1ed14f4c8206e,id-getter-5.html,perf_reftest_singletons,True,perf_reftest_singletons id-getter-5.html opt e10s fission stylo webrender,4767299,77,ms,firefox,,1776718229,2023-10-17 09:48:47,534.39,3e7cb62a63781df06ecf2f4cfd8f1f23bf337c2e,1317882,,,,,,,,,,,,,,,,,,,,,,,,,,,,,,,,,,,,,,,,,,,,,,,,,,,,,,,,,,,,,TN,TN
autoland,4767314,1,247a31fb40b3ac0b152bd3554743d742a3892fe3,linux1804-64-shippable-qr,True,False,,,102210fe594ee9b33d82058545b1ed14f4c8206e,id-getter-5.html,perf_reftest_singletons,True,perf_reftest_singletons id-getter-5.html opt e10s fission stylo webrender,4767299,77,ms,firefox,,1776828122,2023-10-17 09:48:47,550.4,3e7cb62a63781df06ecf2f4cfd8f1f23bf337c2e,1317882,,,,,,,,,,,,,,,,,,,,,,,,,,,,,,,,,,,,,,,,,,,,,,,,,,,,,,,,,,,,,TN,TN
autoland,4767314,1,247a31fb40b3ac0b152bd3554743d742a3892fe3,linux1804-64-shippable-qr,True,False,,,102210fe594ee9b33d82058545b1ed14f4c8206e,id-getter-5.html,perf_reftest_singletons,True,perf_reftest_singletons id-getter-5.html opt e10s fission stylo webrender,4767299,77,ms,firefox,,1774886136,2023-10-17 10:34:28,536.5999999999999,d59eb47c0fe47f9dd6886090330bcd49c47262ce,1317920,,,,,,,,,,,,,,,,,,,,,,,,,,,,,,,,,,,,,,,,,,,,,,,,,,,,,,,,,,,,,TN,TN
autoland,4767314,1,247a31fb40b3ac0b152bd3554743d742a3892fe3,linux1804-64-shippable-qr,True,False,,,102210fe594ee9b33d82058545b1ed14f4c8206e,id-getter-5.html,perf_reftest_singletons,True,perf_reftest_singletons id-getter-5.html opt e10s fission stylo webrender,4767299,77,ms,firefox,,1776828272,2023-10-17 10:34:28,532.0999999999999,d59eb47c0fe47f9dd6886090330bcd49c47262ce,1317920,,,,,,,,,,,,,,,,,,,,,,,,,,,,,,,,,,,,,,,,,,,,,,,,,,,,,,,,,,,,,TN,TN
autoland,4767314,1,247a31fb40b3ac0b152bd3554743d742a3892fe3,linux1804-64-shippable-qr,True,False,,,102210fe594ee9b33d82058545b1ed14f4c8206e,id-getter-5.html,perf_reftest_singletons,True,perf_reftest_singletons id-getter-5.html opt e10s fission stylo webrender,4767299,77,ms,firefox,,1776940062,2023-10-17 10:37:40,530.22,e5a9849f87071711ed0ff3472ae2dff4dbe158f3,1317923,,,,,,,,,,,,,,,,,,,,,,,,,,,,,,,,,,,,,,,,,,,,,,,,,,,,,,,,,,,,,TN,TN
autoland,4767314,1,247a31fb40b3ac0b152bd3554743d742a3892fe3,linux1804-64-shippable-qr,True,False,,,102210fe594ee9b33d82058545b1ed14f4c8206e,id-getter-5.html,perf_reftest_singletons,True,perf_reftest_singletons id-getter-5.html opt e10s fission stylo webrender,4767299,77,ms,firefox,,1777241216,2023-10-17 10:37:40,528.49,e5a9849f87071711ed0ff3472ae2dff4dbe158f3,1317923,,,,,,,,,,,,,,,,,,,,,,,,,,,,,,,,,,,,,,,,,,,,,,,,,,,,,,,,,,,,,TN,TN
autoland,4767314,1,247a31fb40b3ac0b152bd3554743d742a3892fe3,linux1804-64-shippable-qr,True,False,,,102210fe594ee9b33d82058545b1ed14f4c8206e,id-getter-5.html,perf_reftest_singletons,True,perf_reftest_singletons id-getter-5.html opt e10s fission stylo webrender,4767299,77,ms,firefox,,1777241294,2023-10-17 10:37:40,535.52,e5a9849f87071711ed0ff3472ae2dff4dbe158f3,1317923,,,,,,,,,,,,,,,,,,,,,,,,,,,,,,,,,,,,,,,,,,,,,,,,,,,,,,,,,,,,,TN,TN
autoland,4767314,1,247a31fb40b3ac0b152bd3554743d742a3892fe3,linux1804-64-shippable-qr,True,False,,,102210fe594ee9b33d82058545b1ed14f4c8206e,id-getter-5.html,perf_reftest_singletons,True,perf_reftest_singletons id-getter-5.html opt e10s fission stylo webrender,4767299,77,ms,firefox,,1777241456,2023-10-17 10:37:40,542.7,e5a9849f87071711ed0ff3472ae2dff4dbe158f3,1317923,,,,,,,,,,,,,,,,,,,,,,,,,,,,,,,,,,,,,,,,,,,,,,,,,,,,,,,,,,,,,TN,TN
autoland,4767314,1,247a31fb40b3ac0b152bd3554743d742a3892fe3,linux1804-64-shippable-qr,True,False,,,102210fe594ee9b33d82058545b1ed14f4c8206e,id-getter-5.html,perf_reftest_singletons,True,perf_reftest_singletons id-getter-5.html opt e10s fission stylo webrender,4767299,77,ms,firefox,,1777241645,2023-10-17 10:37:40,529.84,e5a9849f87071711ed0ff3472ae2dff4dbe158f3,1317923,,,,,,,,,,,,,,,,,,,,,,,,,,,,,,,,,,,,,,,,,,,,,,,,,,,,,,,,,,,,,TN,TN
autoland,4767314,1,247a31fb40b3ac0b152bd3554743d742a3892fe3,linux1804-64-shippable-qr,True,False,,,102210fe594ee9b33d82058545b1ed14f4c8206e,id-getter-5.html,perf_reftest_singletons,True,perf_reftest_singletons id-getter-5.html opt e10s fission stylo webrender,4767299,77,ms,firefox,,1777241732,2023-10-17 10:37:40,529.23,e5a9849f87071711ed0ff3472ae2dff4dbe158f3,1317923,,,,,,,,,,,,,,,,,,,,,,,,,,,,,,,,,,,,,,,,,,,,,,,,,,,,,,,,,,,,,TN,TN
autoland,4767314,1,247a31fb40b3ac0b152bd3554743d742a3892fe3,linux1804-64-shippable-qr,True,False,,,102210fe594ee9b33d82058545b1ed14f4c8206e,id-getter-5.html,perf_reftest_singletons,True,perf_reftest_singletons id-getter-5.html opt e10s fission stylo webrender,4767299,77,ms,firefox,,1776828233,2023-10-17 10:57:25,530.41,a1b07881519bf27f1f641d395e2edcf4ee4fd3a3,1317933,,,,,,,,,,,,,,,,,,,,,,,,,,,,,,,,,,,,,,,,,,,,,,,,,,,,,,,,,,,,,TN,TN
autoland,4767314,1,247a31fb40b3ac0b152bd3554743d742a3892fe3,linux1804-64-shippable-qr,True,False,,,102210fe594ee9b33d82058545b1ed14f4c8206e,id-getter-5.html,perf_reftest_singletons,True,perf_reftest_singletons id-getter-5.html opt e10s fission stylo webrender,4767299,77,ms,firefox,,1777234639,2023-10-17 10:57:25,533.9,a1b07881519bf27f1f641d395e2edcf4ee4fd3a3,1317933,,,,,,,,,,,,,,,,,,,,,,,,,,,,,,,,,,,,,,,,,,,,,,,,,,,,,,,,,,,,,TN,TN
autoland,4767314,1,247a31fb40b3ac0b152bd3554743d742a3892fe3,linux1804-64-shippable-qr,True,False,,,102210fe594ee9b33d82058545b1ed14f4c8206e,id-getter-5.html,perf_reftest_singletons,True,perf_reftest_singletons id-getter-5.html opt e10s fission stylo webrender,4767299,77,ms,firefox,,1777233823,2023-10-17 10:57:25,538.01,a1b07881519bf27f1f641d395e2edcf4ee4fd3a3,1317933,,,,,,,,,,,,,,,,,,,,,,,,,,,,,,,,,,,,,,,,,,,,,,,,,,,,,,,,,,,,,TN,TN
autoland,4767314,1,247a31fb40b3ac0b152bd3554743d742a3892fe3,linux1804-64-shippable-qr,True,False,,,102210fe594ee9b33d82058545b1ed14f4c8206e,id-getter-5.html,perf_reftest_singletons,True,perf_reftest_singletons id-getter-5.html opt e10s fission stylo webrender,4767299,77,ms,firefox,,1777233915,2023-10-17 10:57:25,528.3900000000001,a1b07881519bf27f1f641d395e2edcf4ee4fd3a3,1317933,,,,,,,,,,,,,,,,,,,,,,,,,,,,,,,,,,,,,,,,,,,,,,,,,,,,,,,,,,,,,TN,TN
autoland,4767314,1,247a31fb40b3ac0b152bd3554743d742a3892fe3,linux1804-64-shippable-qr,True,False,,,102210fe594ee9b33d82058545b1ed14f4c8206e,id-getter-5.html,perf_reftest_singletons,True,perf_reftest_singletons id-getter-5.html opt e10s fission stylo webrender,4767299,77,ms,firefox,,1777234138,2023-10-17 10:57:25,527.36,a1b07881519bf27f1f641d395e2edcf4ee4fd3a3,1317933,,,,,,,,,,,,,,,,,,,,,,,,,,,,,,,,,,,,,,,,,,,,,,,,,,,,,,,,,,,,,TN,TN
autoland,4767314,1,247a31fb40b3ac0b152bd3554743d742a3892fe3,linux1804-64-shippable-qr,True,False,,,102210fe594ee9b33d82058545b1ed14f4c8206e,id-getter-5.html,perf_reftest_singletons,True,perf_reftest_singletons id-getter-5.html opt e10s fission stylo webrender,4767299,77,ms,firefox,,1777235058,2023-10-17 10:57:25,540.55,a1b07881519bf27f1f641d395e2edcf4ee4fd3a3,1317933,,,,,,,,,,,,,,,,,,,,,,,,,,,,,,,,,,,,,,,,,,,,,,,,,,,,,,,,,,,,,TN,TN
autoland,4767314,1,247a31fb40b3ac0b152bd3554743d742a3892fe3,linux1804-64-shippable-qr,True,False,,,102210fe594ee9b33d82058545b1ed14f4c8206e,id-getter-5.html,perf_reftest_singletons,True,perf_reftest_singletons id-getter-5.html opt e10s fission stylo webrender,4767299,77,ms,firefox,,1776727342,2023-10-17 11:04:01,532.78,f392a193fe58ffa73bbdde839a160455f401a35c,1317944,,,,,,,,,,,,,,,,,,,,,,,,,,,,,,,,,,,,,,,,,,,,,,,,,,,,,,,,,,,,,TN,TN
autoland,4767314,1,247a31fb40b3ac0b152bd3554743d742a3892fe3,linux1804-64-shippable-qr,True,False,,,102210fe594ee9b33d82058545b1ed14f4c8206e,id-getter-5.html,perf_reftest_singletons,True,perf_reftest_singletons id-getter-5.html opt e10s fission stylo webrender,4767299,77,ms,firefox,,1777232809,2023-10-17 11:04:01,523.55,f392a193fe58ffa73bbdde839a160455f401a35c,1317944,,,,,,,,,,,,,,,,,,,,,,,,,,,,,,,,,,,,,,,,,,,,,,,,,,,,,,,,,,,,,TN,TN
autoland,4767314,1,247a31fb40b3ac0b152bd3554743d742a3892fe3,linux1804-64-shippable-qr,True,False,,,102210fe594ee9b33d82058545b1ed14f4c8206e,id-getter-5.html,perf_reftest_singletons,True,perf_reftest_singletons id-getter-5.html opt e10s fission stylo webrender,4767299,77,ms,firefox,,1777232977,2023-10-17 11:04:01,531.37,f392a193fe58ffa73bbdde839a160455f401a35c,1317944,,,,,,,,,,,,,,,,,,,,,,,,,,,,,,,,,,,,,,,,,,,,,,,,,,,,,,,,,,,,,TN,TN
autoland,4767314,1,247a31fb40b3ac0b152bd3554743d742a3892fe3,linux1804-64-shippable-qr,True,False,,,102210fe594ee9b33d82058545b1ed14f4c8206e,id-getter-5.html,perf_reftest_singletons,True,perf_reftest_singletons id-getter-5.html opt e10s fission stylo webrender,4767299,77,ms,firefox,,1777233440,2023-10-17 11:04:01,524.97,f392a193fe58ffa73bbdde839a160455f401a35c,1317944,,,,,,,,,,,,,,,,,,,,,,,,,,,,,,,,,,,,,,,,,,,,,,,,,,,,,,,,,,,,,TN,TN
autoland,4767314,1,247a31fb40b3ac0b152bd3554743d742a3892fe3,linux1804-64-shippable-qr,True,False,,,102210fe594ee9b33d82058545b1ed14f4c8206e,id-getter-5.html,perf_reftest_singletons,True,perf_reftest_singletons id-getter-5.html opt e10s fission stylo webrender,4767299,77,ms,firefox,,1777232925,2023-10-17 11:04:01,526.11,f392a193fe58ffa73bbdde839a160455f401a35c,1317944,,,,,,,,,,,,,,,,,,,,,,,,,,,,,,,,,,,,,,,,,,,,,,,,,,,,,,,,,,,,,TN,TN
autoland,4767314,1,247a31fb40b3ac0b152bd3554743d742a3892fe3,linux1804-64-shippable-qr,True,False,,,102210fe594ee9b33d82058545b1ed14f4c8206e,id-getter-5.html,perf_reftest_singletons,True,perf_reftest_singletons id-getter-5.html opt e10s fission stylo webrender,4767299,77,ms,firefox,,1777234057,2023-10-17 11:04:01,529.15,f392a193fe58ffa73bbdde839a160455f401a35c,1317944,,,,,,,,,,,,,,,,,,,,,,,,,,,,,,,,,,,,,,,,,,,,,,,,,,,,,,,,,,,,,TN,TN
autoland,4767314,1,247a31fb40b3ac0b152bd3554743d742a3892fe3,linux1804-64-shippable-qr,True,False,,,102210fe594ee9b33d82058545b1ed14f4c8206e,id-getter-5.html,perf_reftest_singletons,True,perf_reftest_singletons id-getter-5.html opt e10s fission stylo webrender,4767299,77,ms,firefox,,1776660073,2023-10-17 12:09:29,533.56,c5f6eacd074b9a50f06cccc62658fbd9953a575c,1317982,,,,,,,,,,,,,,,,,,,,,,,,,,,,,,,,,,,,,,,,,,,,,,,,,,,,,,,,,,,,,TN,TN
autoland,4767314,1,247a31fb40b3ac0b152bd3554743d742a3892fe3,linux1804-64-shippable-qr,True,False,,,102210fe594ee9b33d82058545b1ed14f4c8206e,id-getter-5.html,perf_reftest_singletons,True,perf_reftest_singletons id-getter-5.html opt e10s fission stylo webrender,4767299,77,ms,firefox,,1776724538,2023-10-17 12:47:18,534.3299999999999,feacb46ba2c149dab93499bbd95794899a1f2680,1318001,,,,,,,,,,,,,,,,,,,,,,,,,,,,,,,,,,,,,,,,,,,,,,,,,,,,,,,,,,,,,TN,TN
autoland,4767314,1,247a31fb40b3ac0b152bd3554743d742a3892fe3,linux1804-64-shippable-qr,True,False,,,102210fe594ee9b33d82058545b1ed14f4c8206e,id-getter-5.html,perf_reftest_singletons,True,perf_reftest_singletons id-getter-5.html opt e10s fission stylo webrender,4767299,77,ms,firefox,,1776752188,2023-10-17 12:48:55,560.29,0c907b3752ed2069d380eb2e394f246963570331,1318004,,,,,,,,,,,,,,,,,,,,,,,,,,,,,,,,,,,,,,,,,,,,,,,,,,,,,,,,,,,,,TN,TN
autoland,4767314,1,247a31fb40b3ac0b152bd3554743d742a3892fe3,linux1804-64-shippable-qr,True,False,,,102210fe594ee9b33d82058545b1ed14f4c8206e,id-getter-5.html,perf_reftest_singletons,True,perf_reftest_singletons id-getter-5.html opt e10s fission stylo webrender,4767299,77,ms,firefox,,1776718986,2023-10-17 12:56:15,523.21,57897c091b1fa9d30f7141baa838c2ae4bd65cfb,1318005,,,,,,,,,,,,,,,,,,,,,,,,,,,,,,,,,,,,,,,,,,,,,,,,,,,,,,,,,,,,,TN,TN
autoland,4767314,1,247a31fb40b3ac0b152bd3554743d742a3892fe3,linux1804-64-shippable-qr,True,False,,,102210fe594ee9b33d82058545b1ed14f4c8206e,id-getter-5.html,perf_reftest_singletons,True,perf_reftest_singletons id-getter-5.html opt e10s fission stylo webrender,4767299,77,ms,firefox,,1776718149,2023-10-17 12:57:56,540.53,8de65a2d719c9c7866d2405050c7629fe141243e,1318006,,,,,,,,,,,,,,,,,,,,,,,,,,,,,,,,,,,,,,,,,,,,,,,,,,,,,,,,,,,,,TN,TN
autoland,4767314,1,247a31fb40b3ac0b152bd3554743d742a3892fe3,linux1804-64-shippable-qr,True,False,,,102210fe594ee9b33d82058545b1ed14f4c8206e,id-getter-5.html,perf_reftest_singletons,True,perf_reftest_singletons id-getter-5.html opt e10s fission stylo webrender,4767299,77,ms,firefox,,1776722199,2023-10-17 12:59:19,578.22,72b3ba30b666e344ae1d4220069e3659a3807530,1318007,,,,,,,,,,,,,,,,,,,,,,,,,,,,,,,,,,,,,,,,,,,,,,,,,,,,,,,,,,,,,TN,TN
autoland,4767314,1,247a31fb40b3ac0b152bd3554743d742a3892fe3,linux1804-64-shippable-qr,True,False,,,102210fe594ee9b33d82058545b1ed14f4c8206e,id-getter-5.html,perf_reftest_singletons,True,perf_reftest_singletons id-getter-5.html opt e10s fission stylo webrender,4767299,77,ms,firefox,,1776720313,2023-10-17 13:00:48,529.6500000000001,1bddb80abb5707061d0f0c7af594b7f32381673b,1318008,,,,,,,,,,,,,,,,,,,,,,,,,,,,,,,,,,,,,,,,,,,,,,,,,,,,,,,,,,,,,TN,TN
autoland,4767314,1,247a31fb40b3ac0b152bd3554743d742a3892fe3,linux1804-64-shippable-qr,True,False,,,102210fe594ee9b33d82058545b1ed14f4c8206e,id-getter-5.html,perf_reftest_singletons,True,perf_reftest_singletons id-getter-5.html opt e10s fission stylo webrender,4767299,77,ms,firefox,,1776720834,2023-10-17 13:01:43,530.47,1ac2ad7218053fac9ae12ca681c4f44dd3cb077b,1318009,,,,,,,,,,,,,,,,,,,,,,,,,,,,,,,,,,,,,,,,,,,,,,,,,,,,,,,,,,,,,TN,TN
autoland,4767314,1,247a31fb40b3ac0b152bd3554743d742a3892fe3,linux1804-64-shippable-qr,True,False,,,102210fe594ee9b33d82058545b1ed14f4c8206e,id-getter-5.html,perf_reftest_singletons,True,perf_reftest_singletons id-getter-5.html opt e10s fission stylo webrender,4767299,77,ms,firefox,,1774977868,2023-10-17 13:02:41,523.66,9b7c81791d7f619271724e082934a933604e20da,1318010,,,,,,,,,,,,,,,,,,,,,,,,,,,,,,,,,,,,,,,,,,,,,,,,,,,,,,,,,,,,,TN,TN
autoland,4767314,1,247a31fb40b3ac0b152bd3554743d742a3892fe3,linux1804-64-shippable-qr,True,False,,,102210fe594ee9b33d82058545b1ed14f4c8206e,id-getter-5.html,perf_reftest_singletons,True,perf_reftest_singletons id-getter-5.html opt e10s fission stylo webrender,4767299,77,ms,firefox,,1776716955,2023-10-17 14:21:11,562.9100000000001,ecb00efc209aef2abf5443e84504af44ce813b8f,1318071,,,,,,,,,,,,,,,,,,,,,,,,,,,,,,,,,,,,,,,,,,,,,,,,,,,,,,,,,,,,,TN,TN
autoland,4767314,1,247a31fb40b3ac0b152bd3554743d742a3892fe3,linux1804-64-shippable-qr,True,False,,,102210fe594ee9b33d82058545b1ed14f4c8206e,id-getter-5.html,perf_reftest_singletons,True,perf_reftest_singletons id-getter-5.html opt e10s fission stylo webrender,4767299,77,ms,firefox,,1776751540,2023-10-17 14:26:19,611.6200000000001,71746bb872308ee088b80613fe0813b5e078d569,1318074,,,,,,,,,,,,,,,,,,,,,,,,,,,,,,,,,,,,,,,,,,,,,,,,,,,,,,,,,,,,,TN,TN
autoland,4767314,1,247a31fb40b3ac0b152bd3554743d742a3892fe3,linux1804-64-shippable-qr,True,False,,,102210fe594ee9b33d82058545b1ed14f4c8206e,id-getter-5.html,perf_reftest_singletons,True,perf_reftest_singletons id-getter-5.html opt e10s fission stylo webrender,4767299,77,ms,firefox,,1776660276,2023-10-17 14:44:37,532.1400000000001,4df3ab50f61692827e109b3ba0bc095436aefc36,1318087,,,,,,,,,,,,,,,,,,,,,,,,,,,,,,,,,,,,,,,,,,,,,,,,,,,,,,,,,,,,,TN,TN
autoland,4767314,1,247a31fb40b3ac0b152bd3554743d742a3892fe3,linux1804-64-shippable-qr,True,False,,,102210fe594ee9b33d82058545b1ed14f4c8206e,id-getter-5.html,perf_reftest_singletons,True,perf_reftest_singletons id-getter-5.html opt e10s fission stylo webrender,4767299,77,ms,firefox,,1776660413,2023-10-17 14:48:54,540.4300000000001,d08a4dbb9e1717c5718d158d2ccfbb8bd38ef48d,1318094,,,,,,,,,,,,,,,,,,,,,,,,,,,,,,,,,,,,,,,,,,,,,,,,,,,,,,,,,,,,,TN,TN
autoland,4767314,1,247a31fb40b3ac0b152bd3554743d742a3892fe3,linux1804-64-shippable-qr,True,False,,,102210fe594ee9b33d82058545b1ed14f4c8206e,id-getter-5.html,perf_reftest_singletons,True,perf_reftest_singletons id-getter-5.html opt e10s fission stylo webrender,4767299,77,ms,firefox,,1776714477,2023-10-17 15:03:43,524.8799999999999,45e4cf26c887dbfb27f003a71b61529b9181a186,1318112,,,,,,,,,,,,,,,,,,,,,,,,,,,,,,,,,,,,,,,,,,,,,,,,,,,,,,,,,,,,,TN,TN
autoland,4767314,1,247a31fb40b3ac0b152bd3554743d742a3892fe3,linux1804-64-shippable-qr,True,False,,,102210fe594ee9b33d82058545b1ed14f4c8206e,id-getter-5.html,perf_reftest_singletons,True,perf_reftest_singletons id-getter-5.html opt e10s fission stylo webrender,4767299,77,ms,firefox,,1776716038,2023-10-17 15:26:04,538.96,18c9138dd7330940abee3d9c5246f8c221151b54,1318119,,,,,,,,,,,,,,,,,,,,,,,,,,,,,,,,,,,,,,,,,,,,,,,,,,,,,,,,,,,,,TN,TN
autoland,4767314,1,247a31fb40b3ac0b152bd3554743d742a3892fe3,linux1804-64-shippable-qr,True,False,,,102210fe594ee9b33d82058545b1ed14f4c8206e,id-getter-5.html,perf_reftest_singletons,True,perf_reftest_singletons id-getter-5.html opt e10s fission stylo webrender,4767299,77,ms,firefox,,1776718725,2023-10-17 16:19:28,533.48,b4c141fb83a8860202f5b8f699557ff359dc8170,1318155,,,,,,,,,,,,,,,,,,,,,,,,,,,,,,,,,,,,,,,,,,,,,,,,,,,,,,,,,,,,,TN,TN
autoland,4767314,1,247a31fb40b3ac0b152bd3554743d742a3892fe3,linux1804-64-shippable-qr,True,False,,,102210fe594ee9b33d82058545b1ed14f4c8206e,id-getter-5.html,perf_reftest_singletons,True,perf_reftest_singletons id-getter-5.html opt e10s fission stylo webrender,4767299,77,ms,firefox,,1776722121,2023-10-17 16:24:38,540.6300000000001,a484de7132587e27a803dc13d6ffd10b9ca23c46,1318159,,,,,,,,,,,,,,,,,,,,,,,,,,,,,,,,,,,,,,,,,,,,,,,,,,,,,,,,,,,,,TN,TN
autoland,4767314,1,247a31fb40b3ac0b152bd3554743d742a3892fe3,linux1804-64-shippable-qr,True,False,,,102210fe594ee9b33d82058545b1ed14f4c8206e,id-getter-5.html,perf_reftest_singletons,True,perf_reftest_singletons id-getter-5.html opt e10s fission stylo webrender,4767299,77,ms,firefox,,1776716000,2023-10-17 16:30:59,542.78,1d3d5b225e2621ea00a9873acc77c620d1bbc045,1318165,,,,,,,,,,,,,,,,,,,,,,,,,,,,,,,,,,,,,,,,,,,,,,,,,,,,,,,,,,,,,TN,TN
autoland,4767314,1,247a31fb40b3ac0b152bd3554743d742a3892fe3,linux1804-64-shippable-qr,True,False,,,102210fe594ee9b33d82058545b1ed14f4c8206e,id-getter-5.html,perf_reftest_singletons,True,perf_reftest_singletons id-getter-5.html opt e10s fission stylo webrender,4767299,77,ms,firefox,,1775184915,2023-10-17 16:53:16,526.49,684641630402200d14bf5126668b97a4f280fe59,1318176,,,,,,,,,,,,,,,,,,,,,,,,,,,,,,,,,,,,,,,,,,,,,,,,,,,,,,,,,,,,,TN,TN
autoland,4767314,1,247a31fb40b3ac0b152bd3554743d742a3892fe3,linux1804-64-shippable-qr,True,False,,,102210fe594ee9b33d82058545b1ed14f4c8206e,id-getter-5.html,perf_reftest_singletons,True,perf_reftest_singletons id-getter-5.html opt e10s fission stylo webrender,4767299,77,ms,firefox,,1776660322,2023-10-17 18:32:00,565.24,1a40892d7d921b2bfc7ee5cca97d45bdca3e7f14,1318244,,,,,,,,,,,,,,,,,,,,,,,,,,,,,,,,,,,,,,,,,,,,,,,,,,,,,,,,,,,,,TN,TN
autoland,4767314,1,247a31fb40b3ac0b152bd3554743d742a3892fe3,linux1804-64-shippable-qr,True,False,,,102210fe594ee9b33d82058545b1ed14f4c8206e,id-getter-5.html,perf_reftest_singletons,True,perf_reftest_singletons id-getter-5.html opt e10s fission stylo webrender,4767299,77,ms,firefox,,1776720688,2023-10-17 19:00:39,536.1400000000001,19c302147860bb529e38b92e16176b6e213d5bba,1318259,,,,,,,,,,,,,,,,,,,,,,,,,,,,,,,,,,,,,,,,,,,,,,,,,,,,,,,,,,,,,TN,TN
autoland,4767314,1,247a31fb40b3ac0b152bd3554743d742a3892fe3,linux1804-64-shippable-qr,True,False,,,102210fe594ee9b33d82058545b1ed14f4c8206e,id-getter-5.html,perf_reftest_singletons,True,perf_reftest_singletons id-getter-5.html opt e10s fission stylo webrender,4767299,77,ms,firefox,,1776714773,2023-10-17 19:30:49,541.3,dfa7261c42ce20a92a1ec262cc5693ef569bdafb,1318261,,,,,,,,,,,,,,,,,,,,,,,,,,,,,,,,,,,,,,,,,,,,,,,,,,,,,,,,,,,,,TN,TN
autoland,4767314,1,247a31fb40b3ac0b152bd3554743d742a3892fe3,linux1804-64-shippable-qr,True,False,,,102210fe594ee9b33d82058545b1ed14f4c8206e,id-getter-5.html,perf_reftest_singletons,True,perf_reftest_singletons id-getter-5.html opt e10s fission stylo webrender,4767299,77,ms,firefox,,1776723647,2023-10-17 19:31:39,532.3,1f2d21c6488d2d9ea56e627cab0e480b0d41cf4d,1318262,,,,,,,,,,,,,,,,,,,,,,,,,,,,,,,,,,,,,,,,,,,,,,,,,,,,,,,,,,,,,TN,TN
autoland,4767314,1,247a31fb40b3ac0b152bd3554743d742a3892fe3,linux1804-64-shippable-qr,True,False,,,102210fe594ee9b33d82058545b1ed14f4c8206e,id-getter-5.html,perf_reftest_singletons,True,perf_reftest_singletons id-getter-5.html opt e10s fission stylo webrender,4767299,77,ms,firefox,,1776660373,2023-10-17 19:34:16,527.67,d6d156f73588196cbda7686793e7d6f0909c4e5b,1318265,,,,,,,,,,,,,,,,,,,,,,,,,,,,,,,,,,,,,,,,,,,,,,,,,,,,,,,,,,,,,TN,TN
autoland,4767314,1,247a31fb40b3ac0b152bd3554743d742a3892fe3,linux1804-64-shippable-qr,True,False,,,102210fe594ee9b33d82058545b1ed14f4c8206e,id-getter-5.html,perf_reftest_singletons,True,perf_reftest_singletons id-getter-5.html opt e10s fission stylo webrender,4767299,77,ms,firefox,,1776751189,2023-10-17 19:40:05,528.24,d71d87cc8ddbd37eeda65ccc6b8d83588cf2b5a1,1318272,,,,,,,,,,,,,,,,,,,,,,,,,,,,,,,,,,,,,,,,,,,,,,,,,,,,,,,,,,,,,TN,TN
autoland,4767314,1,247a31fb40b3ac0b152bd3554743d742a3892fe3,linux1804-64-shippable-qr,True,False,,,102210fe594ee9b33d82058545b1ed14f4c8206e,id-getter-5.html,perf_reftest_singletons,True,perf_reftest_singletons id-getter-5.html opt e10s fission stylo webrender,4767299,77,ms,firefox,,1776782545,2023-10-17 19:45:12,538.8199999999999,ab349c95356f643754afef0e6872a5cf43db80a6,1318278,,,,,,,,,,,,,,,,,,,,,,,,,,,,,,,,,,,,,,,,,,,,,,,,,,,,,,,,,,,,,TN,TN
autoland,4767314,1,247a31fb40b3ac0b152bd3554743d742a3892fe3,linux1804-64-shippable-qr,True,False,,,102210fe594ee9b33d82058545b1ed14f4c8206e,id-getter-5.html,perf_reftest_singletons,True,perf_reftest_singletons id-getter-5.html opt e10s fission stylo webrender,4767299,77,ms,firefox,,1776717015,2023-10-17 19:52:03,540.14,08072f3d28010988f4ea0a6adf599eea3a70c056,1318287,,,,,,,,,,,,,,,,,,,,,,,,,,,,,,,,,,,,,,,,,,,,,,,,,,,,,,,,,,,,,TN,TN
autoland,4767314,1,247a31fb40b3ac0b152bd3554743d742a3892fe3,linux1804-64-shippable-qr,True,False,,,102210fe594ee9b33d82058545b1ed14f4c8206e,id-getter-5.html,perf_reftest_singletons,True,perf_reftest_singletons id-getter-5.html opt e10s fission stylo webrender,4767299,77,ms,firefox,,1776718357,2023-10-17 20:15:16,541.52,45550555f4a384c3f26276b3acaddc50cf3c333c,1318309,,,,,,,,,,,,,,,,,,,,,,,,,,,,,,,,,,,,,,,,,,,,,,,,,,,,,,,,,,,,,TN,TN
autoland,4767314,1,247a31fb40b3ac0b152bd3554743d742a3892fe3,linux1804-64-shippable-qr,True,False,,,102210fe594ee9b33d82058545b1ed14f4c8206e,id-getter-5.html,perf_reftest_singletons,True,perf_reftest_singletons id-getter-5.html opt e10s fission stylo webrender,4767299,77,ms,firefox,,1775355134,2023-10-17 21:03:18,526.53,421ffc7aa24ace087dc2a09680943f412adc38ff,1318349,,,,,,,,,,,,,,,,,,,,,,,,,,,,,,,,,,,,,,,,,,,,,,,,,,,,,,,,,,,,,TN,TN
autoland,4767314,1,247a31fb40b3ac0b152bd3554743d742a3892fe3,linux1804-64-shippable-qr,True,False,,,102210fe594ee9b33d82058545b1ed14f4c8206e,id-getter-5.html,perf_reftest_singletons,True,perf_reftest_singletons id-getter-5.html opt e10s fission stylo webrender,4767299,77,ms,firefox,,1775371866,2023-10-17 21:04:13,525.3899999999999,4091bed4a0aae7772537e08e6cb49bf0bc7434c9,1318350,,,,,,,,,,,,,,,,,,,,,,,,,,,,,,,,,,,,,,,,,,,,,,,,,,,,,,,,,,,,,TN,TN
autoland,4767314,1,247a31fb40b3ac0b152bd3554743d742a3892fe3,linux1804-64-shippable-qr,True,False,,,102210fe594ee9b33d82058545b1ed14f4c8206e,id-getter-5.html,perf_reftest_singletons,True,perf_reftest_singletons id-getter-5.html opt e10s fission stylo webrender,4767299,77,ms,firefox,,1775559918,2023-10-18 01:40:11,544.29,ba691c21c968a48e1bd212426fcc20fa5f4c276d,1318466,,,,,,,,,,,,,,,,,,,,,,,,,,,,,,,,,,,,,,,,,,,,,,,,,,,,,,,,,,,,,TN,TN
autoland,4767314,1,247a31fb40b3ac0b152bd3554743d742a3892fe3,linux1804-64-shippable-qr,True,False,,,102210fe594ee9b33d82058545b1ed14f4c8206e,id-getter-5.html,perf_reftest_singletons,True,perf_reftest_singletons id-getter-5.html opt e10s fission stylo webrender,4767299,77,ms,firefox,,1775683741,2023-10-18 07:31:34,528.0799999999999,47d77a0e86e138652fedb38962b9709f9c0fb98d,1318540,,,,,,,,,,,,,,,,,,,,,,,,,,,,,,,,,,,,,,,,,,,,,,,,,,,,,,,,,,,,,TN,TN
autoland,4767314,1,247a31fb40b3ac0b152bd3554743d742a3892fe3,linux1804-64-shippable-qr,True,False,,,102210fe594ee9b33d82058545b1ed14f4c8206e,id-getter-5.html,perf_reftest_singletons,True,perf_reftest_singletons id-getter-5.html opt e10s fission stylo webrender,4767299,77,ms,firefox,,1775885928,2023-10-18 11:51:04,530.2,639c0da2250e38bb3102b66c6105aaf808e2a817,1318689,,,,,,,,,,,,,,,,,,,,,,,,,,,,,,,,,,,,,,,,,,,,,,,,,,,,,,,,,,,,,TN,TN
autoland,4767314,1,247a31fb40b3ac0b152bd3554743d742a3892fe3,linux1804-64-shippable-qr,True,False,,,102210fe594ee9b33d82058545b1ed14f4c8206e,id-getter-5.html,perf_reftest_singletons,True,perf_reftest_singletons id-getter-5.html opt e10s fission stylo webrender,4767299,77,ms,firefox,,1776083632,2023-10-18 16:05:19,539.79,023ae54874d34eb300cdfa9630da4455cb406ad3,1318932,,,,,,,,,,,,,,,,,,,,,,,,,,,,,,,,,,,,,,,,,,,,,,,,,,,,,,,,,,,,,TN,TN
autoland,4767314,1,247a31fb40b3ac0b152bd3554743d742a3892fe3,linux1804-64-shippable-qr,True,False,,,102210fe594ee9b33d82058545b1ed14f4c8206e,id-getter-5.html,perf_reftest_singletons,True,perf_reftest_singletons id-getter-5.html opt e10s fission stylo webrender,4767299,77,ms,firefox,,1776160247,2023-10-18 16:32:33,526.8900000000001,361e571454e94ba0cfa1a86d2a7f63a24455581c,1318947,,,,,,,,,,,,,,,,,,,,,,,,,,,,,,,,,,,,,,,,,,,,,,,,,,,,,,,,,,,,,TN,TN
autoland,4767314,1,247a31fb40b3ac0b152bd3554743d742a3892fe3,linux1804-64-shippable-qr,True,False,,,102210fe594ee9b33d82058545b1ed14f4c8206e,id-getter-5.html,perf_reftest_singletons,True,perf_reftest_singletons id-getter-5.html opt e10s fission stylo webrender,4767299,77,ms,firefox,,1776364227,2023-10-18 20:42:45,534.3,77f05957a4fc15dc053469145b93089adfec3484,1319167,,,,,,,,,,,,,,,,,,,,,,,,,,,,,,,,,,,,,,,,,,,,,,,,,,,,,,,,,,,,,TN,TN
autoland,4767314,1,247a31fb40b3ac0b152bd3554743d742a3892fe3,linux1804-64-shippable-qr,True,False,,,102210fe594ee9b33d82058545b1ed14f4c8206e,id-getter-5.html,perf_reftest_singletons,True,perf_reftest_singletons id-getter-5.html opt e10s fission stylo webrender,4767299,77,ms,firefox,,1776320165,2023-10-18 20:46:18,540.59,e059b0995a2a62238ca266c3ed9955434ac43517,1319169,,,,,,,,,,,,,,,,,,,,,,,,,,,,,,,,,,,,,,,,,,,,,,,,,,,,,,,,,,,,,TN,TN
autoland,4767314,1,247a31fb40b3ac0b152bd3554743d742a3892fe3,linux1804-64-shippable-qr,True,False,,,102210fe594ee9b33d82058545b1ed14f4c8206e,id-getter-5.html,perf_reftest_singletons,True,perf_reftest_singletons id-getter-5.html opt e10s fission stylo webrender,4767299,77,ms,firefox,,1776415256,2023-10-18 23:25:14,540.1399999999999,beb80bb8c90921077e9c1130ad5a8e925dc060b7,1319276,,,,,,,,,,,,,,,,,,,,,,,,,,,,,,,,,,,,,,,,,,,,,,,,,,,,,,,,,,,,,TN,TN
autoland,4767314,1,247a31fb40b3ac0b152bd3554743d742a3892fe3,linux1804-64-shippable-qr,True,False,,,102210fe594ee9b33d82058545b1ed14f4c8206e,id-getter-5.html,perf_reftest_singletons,True,perf_reftest_singletons id-getter-5.html opt e10s fission stylo webrender,4767299,77,ms,firefox,,1776583741,2023-10-19 04:23:12,542.4100000000001,53cee944c60ac3c237a9aa2dacd19aa6bde80c2a,1319373,,,,,,,,,,,,,,,,,,,,,,,,,,,,,,,,,,,,,,,,,,,,,,,,,,,,,,,,,,,,,TN,TN
autoland,4767314,1,247a31fb40b3ac0b152bd3554743d742a3892fe3,linux1804-64-shippable-qr,True,False,,,102210fe594ee9b33d82058545b1ed14f4c8206e,id-getter-5.html,perf_reftest_singletons,True,perf_reftest_singletons id-getter-5.html opt e10s fission stylo webrender,4767299,77,ms,firefox,,1776750418,2023-10-19 08:39:29,520.61,a9a0ca5dc9605973d81ded607dfccd4d0a08dc68,1319455,,,,,,,,,,,,,,,,,,,,,,,,,,,,,,,,,,,,,,,,,,,,,,,,,,,,,,,,,,,,,TN,TN
autoland,4767314,1,247a31fb40b3ac0b152bd3554743d742a3892fe3,linux1804-64-shippable-qr,True,False,,,102210fe594ee9b33d82058545b1ed14f4c8206e,id-getter-5.html,perf_reftest_singletons,True,perf_reftest_singletons id-getter-5.html opt e10s fission stylo webrender,4767299,77,ms,firefox,,1776893708,2023-10-19 12:43:18,528.93,2981b7bbee06c518301e1542545e92b6d80a8d0b,1319613,,,,,,,,,,,,,,,,,,,,,,,,,,,,,,,,,,,,,,,,,,,,,,,,,,,,,,,,,,,,,TN,TN
autoland,4767314,1,247a31fb40b3ac0b152bd3554743d742a3892fe3,linux1804-64-shippable-qr,True,False,,,102210fe594ee9b33d82058545b1ed14f4c8206e,id-getter-5.html,perf_reftest_singletons,True,perf_reftest_singletons id-getter-5.html opt e10s fission stylo webrender,4767299,77,ms,firefox,,1776867294,2023-10-19 12:48:25,531.02,8be39770f68cb52d1a2b14bdf31a34f5e54212e8,1319617,,,,,,,,,,,,,,,,,,,,,,,,,,,,,,,,,,,,,,,,,,,,,,,,,,,,,,,,,,,,,TN,TN
autoland,4767314,1,247a31fb40b3ac0b152bd3554743d742a3892fe3,linux1804-64-shippable-qr,True,False,,,102210fe594ee9b33d82058545b1ed14f4c8206e,id-getter-5.html,perf_reftest_singletons,True,perf_reftest_singletons id-getter-5.html opt e10s fission stylo webrender,4767299,77,ms,firefox,,1776958655,2023-10-19 17:06:19,530.06,fafeb43eefd13b4df24d6526d729b15fb42b7d27,1319833,,,,,,,,,,,,,,,,,,,,,,,,,,,,,,,,,,,,,,,,,,,,,,,,,,,,,,,,,,,,,TN,TN
autoland,4767314,1,247a31fb40b3ac0b152bd3554743d742a3892fe3,linux1804-64-shippable-qr,True,False,,,102210fe594ee9b33d82058545b1ed14f4c8206e,id-getter-5.html,perf_reftest_singletons,True,perf_reftest_singletons id-getter-5.html opt e10s fission stylo webrender,4767299,77,ms,firefox,,1777090078,2023-10-19 22:45:17,560.9,b557109f1b5dd0a5c7be013c630945f886e17708,1320076,,,,,,,,,,,,,,,,,,,,,,,,,,,,,,,,,,,,,,,,,,,,,,,,,,,,,,,,,,,,,TN,TN
autoland,4767314,1,247a31fb40b3ac0b152bd3554743d742a3892fe3,linux1804-64-shippable-qr,True,False,,,102210fe594ee9b33d82058545b1ed14f4c8206e,id-getter-5.html,perf_reftest_singletons,True,perf_reftest_singletons id-getter-5.html opt e10s fission stylo webrender,4767299,77,ms,firefox,,1777108688,2023-10-19 22:59:16,527.19,0546c85daa8d8b6f7a8c5a842fdf1a990215e249,1320081,,,,,,,,,,,,,,,,,,,,,,,,,,,,,,,,,,,,,,,,,,,,,,,,,,,,,,,,,,,,,TN,TN
autoland,4767314,1,247a31fb40b3ac0b152bd3554743d742a3892fe3,linux1804-64-shippable-qr,True,False,,,102210fe594ee9b33d82058545b1ed14f4c8206e,id-getter-5.html,perf_reftest_singletons,True,perf_reftest_singletons id-getter-5.html opt e10s fission stylo webrender,4767299,77,ms,firefox,,1777202226,2023-10-20 03:32:37,534.59,dc0d913ecc2486cafc7a005d2fe6705f2c7da222,1320137,,,,,,,,,,,,,,,,,,,,,,,,,,,,,,,,,,,,,,,,,,,,,,,,,,,,,,,,,,,,,TN,TN
autoland,4767314,1,247a31fb40b3ac0b152bd3554743d742a3892fe3,linux1804-64-shippable-qr,True,False,,,102210fe594ee9b33d82058545b1ed14f4c8206e,id-getter-5.html,perf_reftest_singletons,True,perf_reftest_singletons id-getter-5.html opt e10s fission stylo webrender,4767299,77,ms,firefox,,1777345060,2023-10-20 09:14:56,536.76,5ebf0b67d0519897b95e84598900434fe92b7abb,1320186,,,,,,,,,,,,,,,,,,,,,,,,,,,,,,,,,,,,,,,,,,,,,,,,,,,,,,,,,,,,,TN,TN
autoland,4767314,1,247a31fb40b3ac0b152bd3554743d742a3892fe3,linux1804-64-shippable-qr,True,False,,,102210fe594ee9b33d82058545b1ed14f4c8206e,id-getter-5.html,perf_reftest_singletons,True,perf_reftest_singletons id-getter-5.html opt e10s fission stylo webrender,4767299,77,ms,firefox,,1777452236,2023-10-20 14:06:35,535.48,dfa7f17930eb1b48ff7435494924a0711114e40a,1320283,,,,,,,,,,,,,,,,,,,,,,,,,,,,,,,,,,,,,,,,,,,,,,,,,,,,,,,,,,,,,TN,TN
autoland,4767314,1,247a31fb40b3ac0b152bd3554743d742a3892fe3,linux1804-64-shippable-qr,True,False,,,102210fe594ee9b33d82058545b1ed14f4c8206e,id-getter-5.html,perf_reftest_singletons,True,perf_reftest_singletons id-getter-5.html opt e10s fission stylo webrender,4767299,77,ms,firefox,,1777439970,2023-10-20 15:24:34,532.8699999999999,8f4fc4b6cc05c16482986671d19d546faf6cb212,1320314,,,,,,,,,,,,,,,,,,,,,,,,,,,,,,,,,,,,,,,,,,,,,,,,,,,,,,,,,,,,,TN,TN
autoland,4767314,1,247a31fb40b3ac0b152bd3554743d742a3892fe3,linux1804-64-shippable-qr,True,False,,,102210fe594ee9b33d82058545b1ed14f4c8206e,id-getter-5.html,perf_reftest_singletons,True,perf_reftest_singletons id-getter-5.html opt e10s fission stylo webrender,4767299,77,ms,firefox,,1777536411,2023-10-20 21:24:05,517.0,f4da998c2ad5be8d29b4e2523b56d9d5e2a58984,1320380,,,,,,,,,,,,,,,,,,,,,,,,,,,,,,,,,,,,,,,,,,,,,,,,,,,,,,,,,,,,,TN,TN
autoland,4767314,1,247a31fb40b3ac0b152bd3554743d742a3892fe3,linux1804-64-shippable-qr,True,False,,,102210fe594ee9b33d82058545b1ed14f4c8206e,id-getter-5.html,perf_reftest_singletons,True,perf_reftest_singletons id-getter-5.html opt e10s fission stylo webrender,4767299,77,ms,firefox,,1777666165,2023-10-21 14:30:38,533.99,4124eee4f58ca46e13cb937c757a2fe1875120f0,1320453,,,,,,,,,,,,,,,,,,,,,,,,,,,,,,,,,,,,,,,,,,,,,,,,,,,,,,,,,,,,,TN,TN
autoland,4767314,1,247a31fb40b3ac0b152bd3554743d742a3892fe3,linux1804-64-shippable-qr,True,False,,,102210fe594ee9b33d82058545b1ed14f4c8206e,id-getter-5.html,perf_reftest_singletons,True,perf_reftest_singletons id-getter-5.html opt e10s fission stylo webrender,4767299,77,ms,firefox,,1777801205,2023-10-22 19:07:04,521.28,529ec79bcdfd6a273fe6607c2a34bcc93c009ec5,1320522,,,,,,,,,,,,,,,,,,,,,,,,,,,,,,,,,,,,,,,,,,,,,,,,,,,,,,,,,,,,,TN,TN
autoland,4767314,1,247a31fb40b3ac0b152bd3554743d742a3892fe3,linux1804-64-shippable-qr,True,False,,,102210fe594ee9b33d82058545b1ed14f4c8206e,id-getter-5.html,perf_reftest_singletons,True,perf_reftest_singletons id-getter-5.html opt e10s fission stylo webrender,4767299,77,ms,firefox,,1777913418,2023-10-22 21:46:31,584.81,52f2e6e80f6f7d8ab6eaaa36c4aa47c5be27a7a1,1320539,,,,,,,,,,,,,,,,,,,,,,,,,,,,,,,,,,,,,,,,,,,,,,,,,,,,,,,,,,,,,TN,TN
autoland,4767314,1,247a31fb40b3ac0b152bd3554743d742a3892fe3,linux1804-64-shippable-qr,True,False,,,102210fe594ee9b33d82058545b1ed14f4c8206e,id-getter-5.html,perf_reftest_singletons,True,perf_reftest_singletons id-getter-5.html opt e10s fission stylo webrender,4767299,77,ms,firefox,,1778037355,2023-10-23 11:07:29,541.97,acba8a75249bc2b26b143d4d2830575cf0d7bcc2,1320744,,,,,,,,,,,,,,,,,,,,,,,,,,,,,,,,,,,,,,,,,,,,,,,,,,,,,,,,,,,,,TN,TN
autoland,4767314,1,247a31fb40b3ac0b152bd3554743d742a3892fe3,linux1804-64-shippable-qr,True,False,,,102210fe594ee9b33d82058545b1ed14f4c8206e,id-getter-5.html,perf_reftest_singletons,True,perf_reftest_singletons id-getter-5.html opt e10s fission stylo webrender,4767299,77,ms,firefox,,1778147398,2023-10-23 12:26:53,545.0,818b5938920e6868a3f3b5a16b0c972bd8ec5cfc,1320781,,,,,,,,,,,,,,,,,,,,,,,,,,,,,,,,,,,,,,,,,,,,,,,,,,,,,,,,,,,,,TN,TN
autoland,4767314,1,247a31fb40b3ac0b152bd3554743d742a3892fe3,linux1804-64-shippable-qr,True,False,,,102210fe594ee9b33d82058545b1ed14f4c8206e,id-getter-5.html,perf_reftest_singletons,True,perf_reftest_singletons id-getter-5.html opt e10s fission stylo webrender,4767299,77,ms,firefox,,1778506379,2023-10-23 15:48:05,565.58,f222bdcd6517e233cb62a3164afd50fd17a55e62,1320978,,,,,,,,,,,,,,,,,,,,,,,,,,,,,,,,,,,,,,,,,,,,,,,,,,,,,,,,,,,,,TN,TN
autoland,4767314,1,247a31fb40b3ac0b152bd3554743d742a3892fe3,linux1804-64-shippable-qr,True,False,,,102210fe594ee9b33d82058545b1ed14f4c8206e,id-getter-5.html,perf_reftest_singletons,True,perf_reftest_singletons id-getter-5.html opt e10s fission stylo webrender,4767299,77,ms,firefox,,1778319544,2023-10-23 17:53:04,534.9300000000001,00c1813123fd4ca7ec1446ebdabe2848814e550e,1321095,,,,,,,,,,,,,,,,,,,,,,,,,,,,,,,,,,,,,,,,,,,,,,,,,,,,,,,,,,,,,TN,TN
autoland,4767314,1,247a31fb40b3ac0b152bd3554743d742a3892fe3,linux1804-64-shippable-qr,True,False,,,102210fe594ee9b33d82058545b1ed14f4c8206e,id-getter-5.html,perf_reftest_singletons,True,perf_reftest_singletons id-getter-5.html opt e10s fission stylo webrender,4767299,77,ms,firefox,,1778590479,2023-10-23 20:36:06,530.38,0fdbf0a455f26afa0a7a0390d6a380e318fce9d4,1321210,,,,,,,,,,,,,,,,,,,,,,,,,,,,,,,,,,,,,,,,,,,,,,,,,,,,,,,,,,,,,TN,TN
autoland,4767314,1,247a31fb40b3ac0b152bd3554743d742a3892fe3,linux1804-64-shippable-qr,True,False,,,102210fe594ee9b33d82058545b1ed14f4c8206e,id-getter-5.html,perf_reftest_singletons,True,perf_reftest_singletons id-getter-5.html opt e10s fission stylo webrender,4767299,77,ms,firefox,,1778696756,2023-10-24 00:49:55,520.36,ed9d130c38a8858740845db8ec5c8bb7e68cce65,1321359,,,,,,,,,,,,,,,,,,,,,,,,,,,,,,,,,,,,,,,,,,,,,,,,,,,,,,,,,,,,,TN,TN
autoland,4767314,1,247a31fb40b3ac0b152bd3554743d742a3892fe3,linux1804-64-shippable-qr,True,False,,,102210fe594ee9b33d82058545b1ed14f4c8206e,id-getter-5.html,perf_reftest_singletons,True,perf_reftest_singletons id-getter-5.html opt e10s fission stylo webrender,4767299,77,ms,firefox,,1778890666,2023-10-24 05:06:29,538.96,bcdbc81d4adffb0c3b1e04e1854e43cf49314d92,1321416,,,,,,,,,,,,,,,,,,,,,,,,,,,,,,,,,,,,,,,,,,,,,,,,,,,,,,,,,,,,,TN,TN
autoland,4767314,1,247a31fb40b3ac0b152bd3554743d742a3892fe3,linux1804-64-shippable-qr,True,False,,,102210fe594ee9b33d82058545b1ed14f4c8206e,id-getter-5.html,perf_reftest_singletons,True,perf_reftest_singletons id-getter-5.html opt e10s fission stylo webrender,4767299,77,ms,firefox,,1778946472,2023-10-24 08:18:26,531.19,36a87a6432703a1f3a1f2a92756c90146a19e5f2,1321456,,,,,,,,,,,,,,,,,,,,,,,,,,,,,,,,,,,,,,,,,,,,,,,,,,,,,,,,,,,,,TN,TN
autoland,4767314,1,247a31fb40b3ac0b152bd3554743d742a3892fe3,linux1804-64-shippable-qr,True,False,,,102210fe594ee9b33d82058545b1ed14f4c8206e,id-getter-5.html,perf_reftest_singletons,True,perf_reftest_singletons id-getter-5.html opt e10s fission stylo webrender,4767299,77,ms,firefox,,1779073347,2023-10-24 12:23:09,537.16,ea758c7008d76a67d75d4874bb1a1a00838f4128,1321565,,,,,,,,,,,,,,,,,,,,,,,,,,,,,,,,,,,,,,,,,,,,,,,,,,,,,,,,,,,,,TN,TN
autoland,4767314,1,247a31fb40b3ac0b152bd3554743d742a3892fe3,linux1804-64-shippable-qr,True,False,,,102210fe594ee9b33d82058545b1ed14f4c8206e,id-getter-5.html,perf_reftest_singletons,True,perf_reftest_singletons id-getter-5.html opt e10s fission stylo webrender,4767299,77,ms,firefox,,1779211807,2023-10-24 13:48:19,534.02,eccda51a6f68b20cfe9af1e94b9336b9856b103e,1321616,,,,,,,,,,,,,,,,,,,,,,,,,,,,,,,,,,,,,,,,,,,,,,,,,,,,,,,,,,,,,TN,TN
autoland,4767314,1,247a31fb40b3ac0b152bd3554743d742a3892fe3,linux1804-64-shippable-qr,True,False,,,102210fe594ee9b33d82058545b1ed14f4c8206e,id-getter-5.html,perf_reftest_singletons,True,perf_reftest_singletons id-getter-5.html opt e10s fission stylo webrender,4767299,77,ms,firefox,,1779361388,2023-10-24 17:52:45,536.3399999999999,b2dec8a51f6e781be65a730cfde18a11c9569f94,1321799,,,,,,,,,,,,,,,,,,,,,,,,,,,,,,,,,,,,,,,,,,,,,,,,,,,,,,,,,,,,,TN,TN
autoland,4767314,1,247a31fb40b3ac0b152bd3554743d742a3892fe3,linux1804-64-shippable-qr,True,False,,,102210fe594ee9b33d82058545b1ed14f4c8206e,id-getter-5.html,perf_reftest_singletons,True,perf_reftest_singletons id-getter-5.html opt e10s fission stylo webrender,4767299,77,ms,firefox,,1779582665,2023-10-24 21:54:59,557.48,27ee97bc90986bde66dfb122cc4c8a6a3730e4a3,1321984,,,,,,,,,,,,,,,,,,,,,,,,,,,,,,,,,,,,,,,,,,,,,,,,,,,,,,,,,,,,,TN,TN
autoland,4767314,1,247a31fb40b3ac0b152bd3554743d742a3892fe3,linux1804-64-shippable-qr,True,False,,,102210fe594ee9b33d82058545b1ed14f4c8206e,id-getter-5.html,perf_reftest_singletons,True,perf_reftest_singletons id-getter-5.html opt e10s fission stylo webrender,4767299,77,ms,firefox,,1779656411,2023-10-25 01:35:01,537.65,edfb4ab939a51c9dc131c959da539ef71f17cf5f,1322066,,,,,,,,,,,,,,,,,,,,,,,,,,,,,,,,,,,,,,,,,,,,,,,,,,,,,,,,,,,,,TN,TN
autoland,4767314,1,247a31fb40b3ac0b152bd3554743d742a3892fe3,linux1804-64-shippable-qr,True,False,,,102210fe594ee9b33d82058545b1ed14f4c8206e,id-getter-5.html,perf_reftest_singletons,True,perf_reftest_singletons id-getter-5.html opt e10s fission stylo webrender,4767299,77,ms,firefox,,1779736539,2023-10-25 05:46:17,546.5600000000001,c00936a538d944ced81780de7e2670806145f0ec,1322115,,,,,,,,,,,,,,,,,,,,,,,,,,,,,,,,,,,,,,,,,,,,,,,,,,,,,,,,,,,,,TN,TN
autoland,4767314,1,247a31fb40b3ac0b152bd3554743d742a3892fe3,linux1804-64-shippable-qr,True,False,,,102210fe594ee9b33d82058545b1ed14f4c8206e,id-getter-5.html,perf_reftest_singletons,True,perf_reftest_singletons id-getter-5.html opt e10s fission stylo webrender,4767299,77,ms,firefox,,1779920705,2023-10-25 09:46:40,529.41,03d61eb955a9ac6e3374ca4c5504edc41cd1aa4a,1322203,,,,,,,,,,,,,,,,,,,,,,,,,,,,,,,,,,,,,,,,,,,,,,,,,,,,,,,,,,,,,TN,TN
autoland,4767314,1,247a31fb40b3ac0b152bd3554743d742a3892fe3,linux1804-64-shippable-qr,True,False,,,102210fe594ee9b33d82058545b1ed14f4c8206e,id-getter-5.html,perf_reftest_singletons,True,perf_reftest_singletons id-getter-5.html opt e10s fission stylo webrender,4767299,77,ms,firefox,,1779986311,2023-10-25 12:40:12,523.4200000000001,44697a7ca8612ae5a4807f530347c3df1d2c191a,1322280,,,,,,,,,,,,,,,,,,,,,,,,,,,,,,,,,,,,,,,,,,,,,,,,,,,,,,,,,,,,,TN,TN
autoland,4767314,1,247a31fb40b3ac0b152bd3554743d742a3892fe3,linux1804-64-shippable-qr,True,False,,,102210fe594ee9b33d82058545b1ed14f4c8206e,id-getter-5.html,perf_reftest_singletons,True,perf_reftest_singletons id-getter-5.html opt e10s fission stylo webrender,4767299,77,ms,firefox,,1780134143,2023-10-25 16:42:09,562.1600000000001,b8c2a1837c16c66a12ef79eaf5545e92ae448768,1322418,,,,,,,,,,,,,,,,,,,,,,,,,,,,,,,,,,,,,,,,,,,,,,,,,,,,,,,,,,,,,TN,TN
autoland,4767314,1,247a31fb40b3ac0b152bd3554743d742a3892fe3,linux1804-64-shippable-qr,True,False,,,102210fe594ee9b33d82058545b1ed14f4c8206e,id-getter-5.html,perf_reftest_singletons,True,perf_reftest_singletons id-getter-5.html opt e10s fission stylo webrender,4767299,77,ms,firefox,,1780203115,2023-10-25 18:17:29,529.46,691148c77012c40658cd4a6e4ee3ca178d1c1ca8,1322468,,,,,,,,,,,,,,,,,,,,,,,,,,,,,,,,,,,,,,,,,,,,,,,,,,,,,,,,,,,,,TN,TN
autoland,4767314,1,247a31fb40b3ac0b152bd3554743d742a3892fe3,linux1804-64-shippable-qr,True,False,,,102210fe594ee9b33d82058545b1ed14f4c8206e,id-getter-5.html,perf_reftest_singletons,True,perf_reftest_singletons id-getter-5.html opt e10s fission stylo webrender,4767299,77,ms,firefox,,1780393247,2023-10-25 21:16:28,532.78,e6a52d2c9941178fa5113e3c7af81f561078c5f5,1322573,,,,,,,,,,,,,,,,,,,,,,,,,,,,,,,,,,,,,,,,,,,,,,,,,,,,,,,,,,,,,TN,TN
autoland,4767314,1,247a31fb40b3ac0b152bd3554743d742a3892fe3,linux1804-64-shippable-qr,True,False,,,102210fe594ee9b33d82058545b1ed14f4c8206e,id-getter-5.html,perf_reftest_singletons,True,perf_reftest_singletons id-getter-5.html opt e10s fission stylo webrender,4767299,77,ms,firefox,,1780530354,2023-10-26 00:52:13,523.38,68373a168c7ca93b1aa9bb3016a1ffa9ad6b7aac,1322694,,,,,,,,,,,,,,,,,,,,,,,,,,,,,,,,,,,,,,,,,,,,,,,,,,,,,,,,,,,,,TN,TN
autoland,4767314,1,247a31fb40b3ac0b152bd3554743d742a3892fe3,linux1804-64-shippable-qr,True,False,,,102210fe594ee9b33d82058545b1ed14f4c8206e,id-getter-5.html,perf_reftest_singletons,True,perf_reftest_singletons id-getter-5.html opt e10s fission stylo webrender,4767299,77,ms,firefox,,1780694617,2023-10-26 04:52:14,523.4200000000001,62489b97d11d4bb88f1184670849ed8c9dc61708,1322765,,,,,,,,,,,,,,,,,,,,,,,,,,,,,,,,,,,,,,,,,,,,,,,,,,,,,,,,,,,,,TN,TN
autoland,4767314,1,247a31fb40b3ac0b152bd3554743d742a3892fe3,linux1804-64-shippable-qr,True,False,,,102210fe594ee9b33d82058545b1ed14f4c8206e,id-getter-5.html,perf_reftest_singletons,True,perf_reftest_singletons id-getter-5.html opt e10s fission stylo webrender,4767299,77,ms,firefox,,1780798430,2023-10-26 09:06:19,530.5699999999999,8923dca93b808a23856287229fc8f1c0c1d1e20e,1322848,,,,,,,,,,,,,,,,,,,,,,,,,,,,,,,,,,,,,,,,,,,,,,,,,,,,,,,,,,,,,TN,TN
autoland,4767314,1,247a31fb40b3ac0b152bd3554743d742a3892fe3,linux1804-64-shippable-qr,True,False,,,102210fe594ee9b33d82058545b1ed14f4c8206e,id-getter-5.html,perf_reftest_singletons,True,perf_reftest_singletons id-getter-5.html opt e10s fission stylo webrender,4767299,77,ms,firefox,,1780858140,2023-10-26 09:07:41,529.0,4d2c1911361bbc41f63b4e807070a3d83596b70c,1322851,,,,,,,,,,,,,,,,,,,,,,,,,,,,,,,,,,,,,,,,,,,,,,,,,,,,,,,,,,,,,TN,TN
autoland,4767314,1,247a31fb40b3ac0b152bd3554743d742a3892fe3,linux1804-64-shippable-qr,True,False,,,102210fe594ee9b33d82058545b1ed14f4c8206e,id-getter-5.html,perf_reftest_singletons,True,perf_reftest_singletons id-getter-5.html opt e10s fission stylo webrender,4767299,77,ms,firefox,,1780984433,2023-10-26 13:14:16,540.8900000000001,db6b75385ffe5e764d60c5842add31b3a90c0587,1322985,,,,,,,,,,,,,,,,,,,,,,,,,,,,,,,,,,,,,,,,,,,,,,,,,,,,,,,,,,,,,TN,TN
autoland,4767314,1,247a31fb40b3ac0b152bd3554743d742a3892fe3,linux1804-64-shippable-qr,True,False,,,102210fe594ee9b33d82058545b1ed14f4c8206e,id-getter-5.html,perf_reftest_singletons,True,perf_reftest_singletons id-getter-5.html opt e10s fission stylo webrender,4767299,77,ms,firefox,,1781025314,2023-10-26 13:50:58,536.36,630864299a197bf416ac18d405063b7ec40c3644,1323009,,,,,,,,,,,,,,,,,,,,,,,,,,,,,,,,,,,,,,,,,,,,,,,,,,,,,,,,,,,,,TN,TN
autoland,4767314,1,247a31fb40b3ac0b152bd3554743d742a3892fe3,linux1804-64-shippable-qr,True,False,,,102210fe594ee9b33d82058545b1ed14f4c8206e,id-getter-5.html,perf_reftest_singletons,True,perf_reftest_singletons id-getter-5.html opt e10s fission stylo webrender,4767299,77,ms,firefox,,1781213742,2023-10-26 17:52:00,539.67,945d53ccf09fe8c263a6a24db6604162a4707ff9,1323156,,,,,,,,,,,,,,,,,,,,,,,,,,,,,,,,,,,,,,,,,,,,,,,,,,,,,,,,,,,,,TN,TN
autoland,4767314,1,247a31fb40b3ac0b152bd3554743d742a3892fe3,linux1804-64-shippable-qr,True,False,,,102210fe594ee9b33d82058545b1ed14f4c8206e,id-getter-5.html,perf_reftest_singletons,True,perf_reftest_singletons id-getter-5.html opt e10s fission stylo webrender,4767299,77,ms,firefox,,1781237776,2023-10-26 19:25:04,544.53,a1dbe7d2099563e23614b7c0d0b0f6923ab447f7,1323220,,,,,,,,,,,,,,,,,,,,,,,,,,,,,,,,,,,,,,,,,,,,,,,,,,,,,,,,,,,,,TN,TN
autoland,4767314,1,247a31fb40b3ac0b152bd3554743d742a3892fe3,linux1804-64-shippable-qr,True,False,,,102210fe594ee9b33d82058545b1ed14f4c8206e,id-getter-5.html,perf_reftest_singletons,True,perf_reftest_singletons id-getter-5.html opt e10s fission stylo webrender,4767299,77,ms,firefox,,1781441984,2023-10-26 23:27:25,522.57,a880804c93083962e65cea658b69a28c06528e8e,1323339,,,,,,,,,,,,,,,,,,,,,,,,,,,,,,,,,,,,,,,,,,,,,,,,,,,,,,,,,,,,,TN,TN
autoland,4767314,1,247a31fb40b3ac0b152bd3554743d742a3892fe3,linux1804-64-shippable-qr,True,False,,,102210fe594ee9b33d82058545b1ed14f4c8206e,id-getter-5.html,perf_reftest_singletons,True,perf_reftest_singletons id-getter-5.html opt e10s fission stylo webrender,4767299,77,ms,firefox,,1781458197,2023-10-27 00:10:25,534.14,6d47bee6d52ee11125f54db9df7336cbe69593c0,1323363,,,,,,,,,,,,,,,,,,,,,,,,,,,,,,,,,,,,,,,,,,,,,,,,,,,,,,,,,,,,,TN,TN
autoland,4767314,1,247a31fb40b3ac0b152bd3554743d742a3892fe3,linux1804-64-shippable-qr,True,False,,,102210fe594ee9b33d82058545b1ed14f4c8206e,id-getter-5.html,perf_reftest_singletons,True,perf_reftest_singletons id-getter-5.html opt e10s fission stylo webrender,4767299,77,ms,firefox,,1781636057,2023-10-27 05:17:25,526.8299999999999,4024630f5ffa1704a32f70c816f1003b0af9f105,1323421,,,,,,,,,,,,,,,,,,,,,,,,,,,,,,,,,,,,,,,,,,,,,,,,,,,,,,,,,,,,,TN,TN
autoland,4767314,1,247a31fb40b3ac0b152bd3554743d742a3892fe3,linux1804-64-shippable-qr,True,False,,,102210fe594ee9b33d82058545b1ed14f4c8206e,id-getter-5.html,perf_reftest_singletons,True,perf_reftest_singletons id-getter-5.html opt e10s fission stylo webrender,4767299,77,ms,firefox,,1781697534,2023-10-27 08:56:16,539.73,6e09ac4a4c291480d5951adca6d1659a46f571b2,1323505,,,,,,,,,,,,,,,,,,,,,,,,,,,,,,,,,,,,,,,,,,,,,,,,,,,,,,,,,,,,,TN,TN
autoland,4767314,1,247a31fb40b3ac0b152bd3554743d742a3892fe3,linux1804-64-shippable-qr,True,False,,,102210fe594ee9b33d82058545b1ed14f4c8206e,id-getter-5.html,perf_reftest_singletons,True,perf_reftest_singletons id-getter-5.html opt e10s fission stylo webrender,4767299,77,ms,firefox,,1781892303,2023-10-27 13:05:02,521.9300000000001,6013b7df2b9133416d4244ef4d45c492f215c3d0,1323649,,,,,,,,,,,,,,,,,,,,,,,,,,,,,,,,,,,,,,,,,,,,,,,,,,,,,,,,,,,,,TN,TN
autoland,4767314,1,247a31fb40b3ac0b152bd3554743d742a3892fe3,linux1804-64-shippable-qr,True,False,,,102210fe594ee9b33d82058545b1ed14f4c8206e,id-getter-5.html,perf_reftest_singletons,True,perf_reftest_singletons id-getter-5.html opt e10s fission stylo webrender,4767299,77,ms,firefox,,1781905969,2023-10-27 13:54:58,544.0,cda838e04db16590f96ddeaa7d7d54cc80e12a03,1323685,,,,,,,,,,,,,,,,,,,,,,,,,,,,,,,,,,,,,,,,,,,,,,,,,,,,,,,,,,,,,TN,TN
autoland,4767314,1,247a31fb40b3ac0b152bd3554743d742a3892fe3,linux1804-64-shippable-qr,True,False,,,102210fe594ee9b33d82058545b1ed14f4c8206e,id-getter-5.html,perf_reftest_singletons,True,perf_reftest_singletons id-getter-5.html opt e10s fission stylo webrender,4767299,77,ms,firefox,,1784193007,2023-10-27 16:30:16,530.75,07e5e900d9ccc46aead722be63fdb99beda0860c,1323778,,,,,,,,,,,,,,,,,,,,,,,,,,,,,,,,,,,,,,,,,,,,,,,,,,,,,,,,,,,,,TN,TN
autoland,4767314,1,247a31fb40b3ac0b152bd3554743d742a3892fe3,linux1804-64-shippable-qr,True,False,,,102210fe594ee9b33d82058545b1ed14f4c8206e,id-getter-5.html,perf_reftest_singletons,True,perf_reftest_singletons id-getter-5.html opt e10s fission stylo webrender,4767299,77,ms,firefox,,1784192885,2023-10-27 16:31:17,519.06,c66fc23f71d55f4533721c4d1a4efd0b1fb45e4c,1323781,,,,,,,,,,,,,,,,,,,,,,,,,,,,,,,,,,,,,,,,,,,,,,,,,,,,,,,,,,,,,TN,TN
autoland,4767314,1,247a31fb40b3ac0b152bd3554743d742a3892fe3,linux1804-64-shippable-qr,True,False,,,102210fe594ee9b33d82058545b1ed14f4c8206e,id-getter-5.html,perf_reftest_singletons,True,perf_reftest_singletons id-getter-5.html opt e10s fission stylo webrender,4767299,77,ms,firefox,,1784192967,2023-10-27 16:32:13,524.91,00031ac70bbaec8dab61039976134336ce8f498c,1323782,,,,,,,,,,,,,,,,,,,,,,,,,,,,,,,,,,,,,,,,,,,,,,,,,,,,,,,,,,,,,TN,TN
autoland,4767314,1,247a31fb40b3ac0b152bd3554743d742a3892fe3,linux1804-64-shippable-qr,True,False,,,102210fe594ee9b33d82058545b1ed14f4c8206e,id-getter-5.html,perf_reftest_singletons,True,perf_reftest_singletons id-getter-5.html opt e10s fission stylo webrender,4767299,77,ms,firefox,,1784196532,2023-10-27 16:33:04,543.6800000000001,7a1f3e832b01911dddfb2addce318a57a0e7328e,1323784,,,,,,,,,,,,,,,,,,,,,,,,,,,,,,,,,,,,,,,,,,,,,,,,,,,,,,,,,,,,,TN,TN
autoland,4767314,1,247a31fb40b3ac0b152bd3554743d742a3892fe3,linux1804-64-shippable-qr,True,False,,,102210fe594ee9b33d82058545b1ed14f4c8206e,id-getter-5.html,perf_reftest_singletons,True,perf_reftest_singletons id-getter-5.html opt e10s fission stylo webrender,4767299,77,ms,firefox,,1784193271,2023-10-27 16:34:07,527.3100000000001,6e7d18498e6d75b81e63332378301511fa35a283,1323787,,,,,,,,,,,,,,,,,,,,,,,,,,,,,,,,,,,,,,,,,,,,,,,,,,,,,,,,,,,,,TN,TN
autoland,4767314,1,247a31fb40b3ac0b152bd3554743d742a3892fe3,linux1804-64-shippable-qr,True,False,,,102210fe594ee9b33d82058545b1ed14f4c8206e,id-getter-5.html,perf_reftest_singletons,True,perf_reftest_singletons id-getter-5.html opt e10s fission stylo webrender,4767299,77,ms,firefox,,1784197841,2023-10-27 16:35:08,521.0,1c50d066111a66ac8178aba714b399a31eab0145,1323788,,,,,,,,,,,,,,,,,,,,,,,,,,,,,,,,,,,,,,,,,,,,,,,,,,,,,,,,,,,,,TN,TN
autoland,4767314,1,247a31fb40b3ac0b152bd3554743d742a3892fe3,linux1804-64-shippable-qr,True,False,,,102210fe594ee9b33d82058545b1ed14f4c8206e,id-getter-5.html,perf_reftest_singletons,True,perf_reftest_singletons id-getter-5.html opt e10s fission stylo webrender,4767299,77,ms,firefox,,1784193188,2023-10-27 16:36:02,533.06,8b88c2536938e4d9e9f8811ae9afb915a3e92260,1323790,,,,,,,,,,,,,,,,,,,,,,,,,,,,,,,,,,,,,,,,,,,,,,,,,,,,,,,,,,,,,TN,TN
autoland,4767314,1,247a31fb40b3ac0b152bd3554743d742a3892fe3,linux1804-64-shippable-qr,True,False,,,102210fe594ee9b33d82058545b1ed14f4c8206e,id-getter-5.html,perf_reftest_singletons,True,perf_reftest_singletons id-getter-5.html opt e10s fission stylo webrender,4767299,77,ms,firefox,,1784196612,2023-10-27 16:36:54,537.22,275d06a26aff64d1a393c8ac0f097aea2c07d9f9,1323791,,,,,,,,,,,,,,,,,,,,,,,,,,,,,,,,,,,,,,,,,,,,,,,,,,,,,,,,,,,,,TN,TN
autoland,4767314,1,247a31fb40b3ac0b152bd3554743d742a3892fe3,linux1804-64-shippable-qr,True,False,,,102210fe594ee9b33d82058545b1ed14f4c8206e,id-getter-5.html,perf_reftest_singletons,True,perf_reftest_singletons id-getter-5.html opt e10s fission stylo webrender,4767299,77,ms,firefox,,1784193796,2023-10-27 17:07:29,534.26,8cc4cfbfbce6c01448c503ce256a72588fe34795,1323810,,,,,,,,,,,,,,,,,,,,,,,,,,,,,,,,,,,,,,,,,,,,,,,,,,,,,,,,,,,,,TN,TN
autoland,4767314,1,247a31fb40b3ac0b152bd3554743d742a3892fe3,linux1804-64-shippable-qr,True,False,,,102210fe594ee9b33d82058545b1ed14f4c8206e,id-getter-5.html,perf_reftest_singletons,True,perf_reftest_singletons id-getter-5.html opt e10s fission stylo webrender,4767299,77,ms,firefox,,1782100706,2023-10-27 17:16:47,570.25,b6d6a9c84257af5a3d659491a2ab963896e70d0d,1323813,,,,,,,,,,,,,,,,,,,,,,,,,,,,,,,,,,,,,,,,,,,,,,,,,,,,,,,,,,,,,TN,TN
autoland,4767314,1,247a31fb40b3ac0b152bd3554743d742a3892fe3,linux1804-64-shippable-qr,True,False,,,102210fe594ee9b33d82058545b1ed14f4c8206e,id-getter-5.html,perf_reftest_singletons,True,perf_reftest_singletons id-getter-5.html opt e10s fission stylo webrender,4767299,77,ms,firefox,,1784502764,2023-10-27 18:51:35,536.1700000000001,a94e821a322435e6a8a186c1d925735ab7fc59da,1323858,,,,,,,,,,,,,,,,,,,,,,,,,,,,,,,,,,,,,,,,,,,,,,,,,,,,,,,,,,,,,TN,TN
autoland,4767314,1,247a31fb40b3ac0b152bd3554743d742a3892fe3,linux1804-64-shippable-qr,True,False,,,102210fe594ee9b33d82058545b1ed14f4c8206e,id-getter-5.html,perf_reftest_singletons,True,perf_reftest_singletons id-getter-5.html opt e10s fission stylo webrender,4767299,77,ms,firefox,,1784193899,2023-10-27 18:52:27,542.0899999999999,db13c623e1a6a6115be1fd03ff73830bcc0fc690,1323859,,,,,,,,,,,,,,,,,,,,,,,,,,,,,,,,,,,,,,,,,,,,,,,,,,,,,,,,,,,,,TN,TN
autoland,4767314,1,247a31fb40b3ac0b152bd3554743d742a3892fe3,linux1804-64-shippable-qr,True,False,,,102210fe594ee9b33d82058545b1ed14f4c8206e,id-getter-5.html,perf_reftest_singletons,True,perf_reftest_singletons id-getter-5.html opt e10s fission stylo webrender,4767299,77,ms,firefox,,1784193737,2023-10-27 18:53:30,529.23,d3050f2e90b6c76ee08f521390b599760f95b8b5,1323860,,,,,,,,,,,,,,,,,,,,,,,,,,,,,,,,,,,,,,,,,,,,,,,,,,,,,,,,,,,,,TN,TN
autoland,4767314,1,247a31fb40b3ac0b152bd3554743d742a3892fe3,linux1804-64-shippable-qr,True,False,,,102210fe594ee9b33d82058545b1ed14f4c8206e,id-getter-5.html,perf_reftest_singletons,True,perf_reftest_singletons id-getter-5.html opt e10s fission stylo webrender,4767299,77,ms,firefox,,1784193937,2023-10-27 19:01:28,547.8299999999999,0f12ddfabffac15e47b76c7789f9823563b18c71,1323865,,,,,,,,,,,,,,,,,,,,,,,,,,,,,,,,,,,,,,,,,,,,,,,,,,,,,,,,,,,,,TN,TN
autoland,4767314,1,247a31fb40b3ac0b152bd3554743d742a3892fe3,linux1804-64-shippable-qr,True,False,,,102210fe594ee9b33d82058545b1ed14f4c8206e,id-getter-5.html,perf_reftest_singletons,True,perf_reftest_singletons id-getter-5.html opt e10s fission stylo webrender,4767299,77,ms,firefox,,1784192789,2023-10-27 19:54:43,574.91,a31980116f8927360882f5293866122e9f707895,1323893,,,,,,,,,,,,,,,,,,,,,,,,,,,,,,,,,,,,,,,,,,,,,,,,,,,,,,,,,,,,,TN,TN
autoland,4767314,1,247a31fb40b3ac0b152bd3554743d742a3892fe3,linux1804-64-shippable-qr,True,False,,,102210fe594ee9b33d82058545b1ed14f4c8206e,id-getter-5.html,perf_reftest_singletons,True,perf_reftest_singletons id-getter-5.html opt e10s fission stylo webrender,4767299,77,ms,firefox,,1784192929,2023-10-27 20:16:36,532.54,ca785021db93bbc7139b117642f9450f97b16590,1323905,,,,,,,,,,,,,,,,,,,,,,,,,,,,,,,,,,,,,,,,,,,,,,,,,,,,,,,,,,,,,TN,TN
autoland,4767314,1,247a31fb40b3ac0b152bd3554743d742a3892fe3,linux1804-64-shippable-qr,True,False,,,102210fe594ee9b33d82058545b1ed14f4c8206e,id-getter-5.html,perf_reftest_singletons,True,perf_reftest_singletons id-getter-5.html opt e10s fission stylo webrender,4767299,77,ms,firefox,,1784195803,2023-10-27 20:20:27,523.29,49997e56dea501cbc8eff33303fcc2aa663df970,1323907,,,,,,,,,,,,,,,,,,,,,,,,,,,,,,,,,,,,,,,,,,,,,,,,,,,,,,,,,,,,,TN,TN
autoland,4767314,1,247a31fb40b3ac0b152bd3554743d742a3892fe3,linux1804-64-shippable-qr,True,False,,,102210fe594ee9b33d82058545b1ed14f4c8206e,id-getter-5.html,perf_reftest_singletons,True,perf_reftest_singletons id-getter-5.html opt e10s fission stylo webrender,4767299,77,ms,firefox,,1784195098,2023-10-27 20:20:27,524.23,49997e56dea501cbc8eff33303fcc2aa663df970,1323907,,,,,,,,,,,,,,,,,,,,,,,,,,,,,,,,,,,,,,,,,,,,,,,,,,,,,,,,,,,,,TN,TN
autoland,4767314,1,247a31fb40b3ac0b152bd3554743d742a3892fe3,linux1804-64-shippable-qr,True,False,,,102210fe594ee9b33d82058545b1ed14f4c8206e,id-getter-5.html,perf_reftest_singletons,True,perf_reftest_singletons id-getter-5.html opt e10s fission stylo webrender,4767299,77,ms,firefox,,1784196837,2023-10-27 20:21:18,524.3299999999999,44badba56678f764ee92c6826094f0c4d5973b69,1323908,,,,,,,,,,,,,,,,,,,,,,,,,,,,,,,,,,,,,,,,,,,,,,,,,,,,,,,,,,,,,TN,TN
autoland,4767314,1,247a31fb40b3ac0b152bd3554743d742a3892fe3,linux1804-64-shippable-qr,True,False,,,102210fe594ee9b33d82058545b1ed14f4c8206e,id-getter-5.html,perf_reftest_singletons,True,perf_reftest_singletons id-getter-5.html opt e10s fission stylo webrender,4767299,77,ms,firefox,,1784216335,2023-10-27 20:38:24,526.3299999999999,06328266c4514b13be43a33939ecdad4de009733,1323922,,,,,,,,,,,,,,,,,,,,,,,,,,,,,,,,,,,,,,,,,,,,,,,,,,,,,,,,,,,,,TN,TN
autoland,4767314,1,247a31fb40b3ac0b152bd3554743d742a3892fe3,linux1804-64-shippable-qr,True,False,,,102210fe594ee9b33d82058545b1ed14f4c8206e,id-getter-5.html,perf_reftest_singletons,True,perf_reftest_singletons id-getter-5.html opt e10s fission stylo webrender,4767299,77,ms,firefox,,1784216378,2023-10-27 20:38:24,537.33,06328266c4514b13be43a33939ecdad4de009733,1323922,,,,,,,,,,,,,,,,,,,,,,,,,,,,,,,,,,,,,,,,,,,,,,,,,,,,,,,,,,,,,TN,TN
autoland,4767314,1,247a31fb40b3ac0b152bd3554743d742a3892fe3,linux1804-64-shippable-qr,True,False,,,102210fe594ee9b33d82058545b1ed14f4c8206e,id-getter-5.html,perf_reftest_singletons,True,perf_reftest_singletons id-getter-5.html opt e10s fission stylo webrender,4767299,77,ms,firefox,,1784194030,2023-10-27 21:15:23,529.86,46dd40a52dd2c630c132be9b6ff905721acbc4f4,1323940,,,,,,,,,,,,,,,,,,,,,,,,,,,,,,,,,,,,,,,,,,,,,,,,,,,,,,,,,,,,,TN,TN
autoland,4767314,1,247a31fb40b3ac0b152bd3554743d742a3892fe3,linux1804-64-shippable-qr,True,False,,,102210fe594ee9b33d82058545b1ed14f4c8206e,id-getter-5.html,perf_reftest_singletons,True,perf_reftest_singletons id-getter-5.html opt e10s fission stylo webrender,4767299,77,ms,firefox,,1782292767,2023-10-27 22:11:30,523.23,2744df17e06b25289ca5dd01128e6c4f237d7a7c,1323968,,,,,,,,,,,,,,,,,,,,,,,,,,,,,,,,,,,,,,,,,,,,,,,,,,,,,,,,,,,,,TN,TN
autoland,4767314,1,247a31fb40b3ac0b152bd3554743d742a3892fe3,linux1804-64-shippable-qr,True,False,,,102210fe594ee9b33d82058545b1ed14f4c8206e,id-getter-5.html,perf_reftest_singletons,True,perf_reftest_singletons id-getter-5.html opt e10s fission stylo webrender,4767299,77,ms,firefox,,1784194891,2023-10-27 22:35:05,525.79,2a0da4c5f326f3a71f48cb275b1e4c4426cb5d3f,1323980,,,,,,,,,,,,,,,,,,,,,,,,,,,,,,,,,,,,,,,,,,,,,,,,,,,,,,,,,,,,,TN,TN
autoland,4767314,1,247a31fb40b3ac0b152bd3554743d742a3892fe3,linux1804-64-shippable-qr,True,False,,,102210fe594ee9b33d82058545b1ed14f4c8206e,id-getter-5.html,perf_reftest_singletons,True,perf_reftest_singletons id-getter-5.html opt e10s fission stylo webrender,4767299,77,ms,firefox,,1782350757,2023-10-27 23:12:32,551.19,5c87acee8b894f06e4b248cb602b36ccfcef1615,1323985,,,,,,,,,,,,,,,,,,,,,,,,,,,,,,,,,,,,,,,,,,,,,,,,,,,,,,,,,,,,,TN,TN
autoland,4767314,1,247a31fb40b3ac0b152bd3554743d742a3892fe3,linux1804-64-shippable-qr,True,False,,,102210fe594ee9b33d82058545b1ed14f4c8206e,id-getter-5.html,perf_reftest_singletons,True,perf_reftest_singletons id-getter-5.html opt e10s fission stylo webrender,4767299,77,ms,firefox,,1784248563,2023-10-27 23:36:22,527.25,c9674af59db1fb2826ed06b00391d6964826bf2e,1323997,,,,,,,,,,,,,,,,,,,,,,,,,,,,,,,,,,,,,,,,,,,,,,,,,,,,,,,,,,,,,TN,TN
autoland,4767314,1,247a31fb40b3ac0b152bd3554743d742a3892fe3,linux1804-64-shippable-qr,True,False,,,102210fe594ee9b33d82058545b1ed14f4c8206e,id-getter-5.html,perf_reftest_singletons,True,perf_reftest_singletons id-getter-5.html opt e10s fission stylo webrender,4767299,77,ms,firefox,,1784224297,2023-10-28 00:32:52,518.87,e9d775b45bab6ab6db1fa1a44beb750cce3e9ef5,1324006,,,,,,,,,,,,,,,,,,,,,,,,,,,,,,,,,,,,,,,,,,,,,,,,,,,,,,,,,,,,,TN,TN
autoland,4767314,1,247a31fb40b3ac0b152bd3554743d742a3892fe3,linux1804-64-shippable-qr,True,False,,,102210fe594ee9b33d82058545b1ed14f4c8206e,id-getter-5.html,perf_reftest_singletons,True,perf_reftest_singletons id-getter-5.html opt e10s fission stylo webrender,4767299,77,ms,firefox,,1782471790,2023-10-28 03:14:30,537.8199999999999,0be08aa0812f81d5eb9f2235165d8478ebaf825b,1324017,,,,,,,,,,,,,,,,,,,,,,,,,,,,,,,,,,,,,,,,,,,,,,,,,,,,,,,,,,,,,TN,TN
autoland,4767314,1,247a31fb40b3ac0b152bd3554743d742a3892fe3,linux1804-64-shippable-qr,True,False,,,102210fe594ee9b33d82058545b1ed14f4c8206e,id-getter-5.html,perf_reftest_singletons,True,perf_reftest_singletons id-getter-5.html opt e10s fission stylo webrender,4767299,77,ms,firefox,,1783039029,2023-10-29 17:34:24,527.3799999999999,da935aab57913c853df3002f297cc6eb76175828,1324194,,,,,,,,,,,,,,,,,,,,,,,,,,,,,,,,,,,,,,,,,,,,,,,,,,,,,,,,,,,,,TN,TN
autoland,4767314,1,247a31fb40b3ac0b152bd3554743d742a3892fe3,linux1804-64-shippable-qr,True,False,,,102210fe594ee9b33d82058545b1ed14f4c8206e,id-getter-5.html,perf_reftest_singletons,True,perf_reftest_singletons id-getter-5.html opt e10s fission stylo webrender,4767299,77,ms,firefox,,1783120693,2023-10-29 22:37:58,541.9000000000001,61e57e6ba3b7e09a71062e7cdc44f395af832716,1324214,,,,,,,,,,,,,,,,,,,,,,,,,,,,,,,,,,,,,,,,,,,,,,,,,,,,,,,,,,,,,TN,TN
autoland,4767314,1,247a31fb40b3ac0b152bd3554743d742a3892fe3,linux1804-64-shippable-qr,True,False,,,102210fe594ee9b33d82058545b1ed14f4c8206e,id-getter-5.html,perf_reftest_singletons,True,perf_reftest_singletons id-getter-5.html opt e10s fission stylo webrender,4767299,77,ms,firefox,,1783247933,2023-10-30 03:06:34,532.5,cfc1bbb8edcc79491d2e1267e84338d155b2ee3c,1324224,,,,,,,,,,,,,,,,,,,,,,,,,,,,,,,,,,,,,,,,,,,,,,,,,,,,,,,,,,,,,TN,TN
autoland,4767314,1,247a31fb40b3ac0b152bd3554743d742a3892fe3,linux1804-64-shippable-qr,True,False,,,102210fe594ee9b33d82058545b1ed14f4c8206e,id-getter-5.html,perf_reftest_singletons,True,perf_reftest_singletons id-getter-5.html opt e10s fission stylo webrender,4767299,77,ms,firefox,,1783324898,2023-10-30 07:08:15,525.94,07ff1e2e4f656661631e6746f339e6232b59ebfd,1324243,,,,,,,,,,,,,,,,,,,,,,,,,,,,,,,,,,,,,,,,,,,,,,,,,,,,,,,,,,,,,TN,TN
autoland,4767314,1,247a31fb40b3ac0b152bd3554743d742a3892fe3,linux1804-64-shippable-qr,True,False,,,102210fe594ee9b33d82058545b1ed14f4c8206e,id-getter-5.html,perf_reftest_singletons,True,perf_reftest_singletons id-getter-5.html opt e10s fission stylo webrender,4767299,77,ms,firefox,,1783483608,2023-10-30 12:36:41,519.02,9c6272da5dc92ff944d294d9a026bd42a408c784,1324389,,,,,,,,,,,,,,,,,,,,,,,,,,,,,,,,,,,,,,,,,,,,,,,,,,,,,,,,,,,,,TN,TN
autoland,4767314,1,247a31fb40b3ac0b152bd3554743d742a3892fe3,linux1804-64-shippable-qr,True,False,,,102210fe594ee9b33d82058545b1ed14f4c8206e,id-getter-5.html,perf_reftest_singletons,True,perf_reftest_singletons id-getter-5.html opt e10s fission stylo webrender,4767299,77,ms,firefox,,1783512822,2023-10-30 13:43:34,532.04,d2a035a8329b5914bcd659ea1ea427c251c4d138,1324429,,,,,,,,,,,,,,,,,,,,,,,,,,,,,,,,,,,,,,,,,,,,,,,,,,,,,,,,,,,,,TN,TN
autoland,4767314,1,247a31fb40b3ac0b152bd3554743d742a3892fe3,linux1804-64-shippable-qr,True,False,,,102210fe594ee9b33d82058545b1ed14f4c8206e,id-getter-5.html,perf_reftest_singletons,True,perf_reftest_singletons id-getter-5.html opt e10s fission stylo webrender,4767299,77,ms,firefox,,1783712704,2023-10-30 17:20:21,528.66,277907757ae0f5c9f9a9b4b15473ec6f3eab7674,1324599,,,,,,,,,,,,,,,,,,,,,,,,,,,,,,,,,,,,,,,,,,,,,,,,,,,,,,,,,,,,,TN,TN
autoland,4767314,1,247a31fb40b3ac0b152bd3554743d742a3892fe3,linux1804-64-shippable-qr,True,False,,,102210fe594ee9b33d82058545b1ed14f4c8206e,id-getter-5.html,perf_reftest_singletons,True,perf_reftest_singletons id-getter-5.html opt e10s fission stylo webrender,4767299,77,ms,firefox,,1783914550,2023-10-30 21:26:51,532.15,250d50a3e9aedba6c41312d2ce03b03eabac5c84,1324725,,,,,,,,,,,,,,,,,,,,,,,,,,,,,,,,,,,,,,,,,,,,,,,,,,,,,,,,,,,,,TN,TN
autoland,4767314,1,247a31fb40b3ac0b152bd3554743d742a3892fe3,linux1804-64-shippable-qr,True,False,,,102210fe594ee9b33d82058545b1ed14f4c8206e,id-getter-5.html,perf_reftest_singletons,True,perf_reftest_singletons id-getter-5.html opt e10s fission stylo webrender,4767299,77,ms,firefox,,1783956837,2023-10-30 22:47:24,532.7,9d87d8875f3012f1cb5e065b5861f41a29d1173c,1324763,,,,,,,,,,,,,,,,,,,,,,,,,,,,,,,,,,,,,,,,,,,,,,,,,,,,,,,,,,,,,TN,TN
autoland,4767314,1,247a31fb40b3ac0b152bd3554743d742a3892fe3,linux1804-64-shippable-qr,True,False,,,102210fe594ee9b33d82058545b1ed14f4c8206e,id-getter-5.html,perf_reftest_singletons,True,perf_reftest_singletons id-getter-5.html opt e10s fission stylo webrender,4767299,77,ms,firefox,,1784142558,2023-10-31 03:27:18,541.03,88295a805fb918c5a40c57d9827608c50c65da1a,1324833,,,,,,,,,,,,,,,,,,,,,,,,,,,,,,,,,,,,,,,,,,,,,,,,,,,,,,,,,,,,,TN,TN
autoland,4767314,1,247a31fb40b3ac0b152bd3554743d742a3892fe3,linux1804-64-shippable-qr,True,False,,,102210fe594ee9b33d82058545b1ed14f4c8206e,id-getter-5.html,perf_reftest_singletons,True,perf_reftest_singletons id-getter-5.html opt e10s fission stylo webrender,4767299,77,ms,firefox,,1784264476,2023-10-31 08:52:16,530.72,26a58e0274b4491ce07587bf329d30954bfa36a5,1324883,,,,,,,,,,,,,,,,,,,,,,,,,,,,,,,,,,,,,,,,,,,,,,,,,,,,,,,,,,,,,TN,TN
autoland,4767314,1,247a31fb40b3ac0b152bd3554743d742a3892fe3,linux1804-64-shippable-qr,True,False,,,102210fe594ee9b33d82058545b1ed14f4c8206e,id-getter-5.html,perf_reftest_singletons,True,perf_reftest_singletons id-getter-5.html opt e10s fission stylo webrender,4767299,77,ms,firefox,,1784337457,2023-10-31 10:24:24,541.71,173608723df3997c0b39049e55f7e4f529974bd1,1324925,,,,,,,,,,,,,,,,,,,,,,,,,,,,,,,,,,,,,,,,,,,,,,,,,,,,,,,,,,,,,TN,TN
autoland,4767314,1,247a31fb40b3ac0b152bd3554743d742a3892fe3,linux1804-64-shippable-qr,True,False,,,102210fe594ee9b33d82058545b1ed14f4c8206e,id-getter-5.html,perf_reftest_singletons,True,perf_reftest_singletons id-getter-5.html opt e10s fission stylo webrender,4767299,77,ms,firefox,,1784523515,2023-10-31 14:28:55,568.53,d93c1e224fa334cb0e1a4faf860be329181c1d60,1325039,,,,,,,,,,,,,,,,,,,,,,,,,,,,,,,,,,,,,,,,,,,,,,,,,,,,,,,,,,,,,TN,TN
autoland,4767314,1,247a31fb40b3ac0b152bd3554743d742a3892fe3,linux1804-64-shippable-qr,True,False,,,102210fe594ee9b33d82058545b1ed14f4c8206e,id-getter-5.html,perf_reftest_singletons,True,perf_reftest_singletons id-getter-5.html opt e10s fission stylo webrender,4767299,77,ms,firefox,,1784561802,2023-10-31 15:46:12,530.8,4712d595873a538c628ea09a2826c33e3f2e383d,1325101,,,,,,,,,,,,,,,,,,,,,,,,,,,,,,,,,,,,,,,,,,,,,,,,,,,,,,,,,,,,,TN,TN
autoland,4767314,1,247a31fb40b3ac0b152bd3554743d742a3892fe3,linux1804-64-shippable-qr,True,False,,,102210fe594ee9b33d82058545b1ed14f4c8206e,id-getter-5.html,perf_reftest_singletons,True,perf_reftest_singletons id-getter-5.html opt e10s fission stylo webrender,4767299,77,ms,firefox,,1784758767,2023-10-31 20:04:41,517.3900000000001,5624631ba42eb404a5c5b4e50e9c4fbc826eef31,1325256,,,,,,,,,,,,,,,,,,,,,,,,,,,,,,,,,,,,,,,,,,,,,,,,,,,,,,,,,,,,,TN,TN
autoland,4767314,1,247a31fb40b3ac0b152bd3554743d742a3892fe3,linux1804-64-shippable-qr,True,False,,,102210fe594ee9b33d82058545b1ed14f4c8206e,id-getter-5.html,perf_reftest_singletons,True,perf_reftest_singletons id-getter-5.html opt e10s fission stylo webrender,4767299,77,ms,firefox,,1784854309,2023-10-31 22:59:03,543.1,251055c46bfcc027766c9bdaccaaa919c3e6c8f6,1325343,,,,,,,,,,,,,,,,,,,,,,,,,,,,,,,,,,,,,,,,,,,,,,,,,,,,,,,,,,,,,TN,TN
autoland,4767314,1,247a31fb40b3ac0b152bd3554743d742a3892fe3,linux1804-64-shippable-qr,True,False,,,102210fe594ee9b33d82058545b1ed14f4c8206e,id-getter-5.html,perf_reftest_singletons,True,perf_reftest_singletons id-getter-5.html opt e10s fission stylo webrender,4767299,77,ms,firefox,,1785085403,2023-11-01 04:08:21,525.96,b73ef4c8979fb0702de9f4bf2fdf986b1d0fd487,1325446,,,,,,,,,,,,,,,,,,,,,,,,,,,,,,,,,,,,,,,,,,,,,,,,,,,,,,,,,,,,,TN,TN
autoland,4767314,1,247a31fb40b3ac0b152bd3554743d742a3892fe3,linux1804-64-shippable-qr,True,False,,,102210fe594ee9b33d82058545b1ed14f4c8206e,id-getter-5.html,perf_reftest_singletons,True,perf_reftest_singletons id-getter-5.html opt e10s fission stylo webrender,4767299,77,ms,firefox,,1785163056,2023-11-01 08:27:37,527.47,5db6f03a7c103189ba38ef4c4687a046566f4e5b,1325492,,,,,,,,,,,,,,,,,,,,,,,,,,,,,,,,,,,,,,,,,,,,,,,,,,,,,,,,,,,,,TN,TN
autoland,4767314,1,247a31fb40b3ac0b152bd3554743d742a3892fe3,linux1804-64-shippable-qr,True,False,,,102210fe594ee9b33d82058545b1ed14f4c8206e,id-getter-5.html,perf_reftest_singletons,True,perf_reftest_singletons id-getter-5.html opt e10s fission stylo webrender,4767299,77,ms,firefox,,1785427304,2023-11-01 15:00:09,523.74,dee5e3c280a214c32ea4f7a2b6446bbe456ecb54,1325661,,,,,,,,,,,,,,,,,,,,,,,,,,,,,,,,,,,,,,,,,,,,,,,,,,,,,,,,,,,,,TN,TN
autoland,4767314,1,247a31fb40b3ac0b152bd3554743d742a3892fe3,linux1804-64-shippable-qr,True,False,,,102210fe594ee9b33d82058545b1ed14f4c8206e,id-getter-5.html,perf_reftest_singletons,True,perf_reftest_singletons id-getter-5.html opt e10s fission stylo webrender,4767299,77,ms,firefox,,1785559450,2023-11-01 21:17:16,546.24,3eea9367b17b3c112968a3f0e008b1005452bbdd,1325895,,,,,,,,,,,,,,,,,,,,,,,,,,,,,,,,,,,,,,,,,,,,,,,,,,,,,,,,,,,,,TN,TN
autoland,4767314,1,247a31fb40b3ac0b152bd3554743d742a3892fe3,linux1804-64-shippable-qr,True,False,,,102210fe594ee9b33d82058545b1ed14f4c8206e,id-getter-5.html,perf_reftest_singletons,True,perf_reftest_singletons id-getter-5.html opt e10s fission stylo webrender,4767299,77,ms,firefox,,1785712084,2023-11-02 01:36:12,526.6700000000001,0ea21c7c9ab7dcf411a8094c876b12784bc6343c,1325979,,,,,,,,,,,,,,,,,,,,,,,,,,,,,,,,,,,,,,,,,,,,,,,,,,,,,,,,,,,,,TN,TN
autoland,4767314,1,247a31fb40b3ac0b152bd3554743d742a3892fe3,linux1804-64-shippable-qr,True,False,,,102210fe594ee9b33d82058545b1ed14f4c8206e,id-getter-5.html,perf_reftest_singletons,True,perf_reftest_singletons id-getter-5.html opt e10s fission stylo webrender,4767299,77,ms,firefox,,1785838145,2023-11-02 06:18:28,542.25,1fcf041bc427507f767a28519182263ab9925550,1326017,,,,,,,,,,,,,,,,,,,,,,,,,,,,,,,,,,,,,,,,,,,,,,,,,,,,,,,,,,,,,TN,TN
autoland,4767314,1,247a31fb40b3ac0b152bd3554743d742a3892fe3,linux1804-64-shippable-qr,True,False,,,102210fe594ee9b33d82058545b1ed14f4c8206e,id-getter-5.html,perf_reftest_singletons,True,perf_reftest_singletons id-getter-5.html opt e10s fission stylo webrender,4767299,77,ms,firefox,,1785938730,2023-11-02 10:56:45,528.98,86b37d608b6dff619ef21dd6df25970d2f35504f,1326103,,,,,,,,,,,,,,,,,,,,,,,,,,,,,,,,,,,,,,,,,,,,,,,,,,,,,,,,,,,,,TN,TN
autoland,4767314,1,247a31fb40b3ac0b152bd3554743d742a3892fe3,linux1804-64-shippable-qr,True,False,,,102210fe594ee9b33d82058545b1ed14f4c8206e,id-getter-5.html,perf_reftest_singletons,True,perf_reftest_singletons id-getter-5.html opt e10s fission stylo webrender,4767299,77,ms,firefox,,1785964023,2023-11-02 12:13:53,546.21,59754ae1b71386535d42979e577deaaad4aa522f,1326138,,,,,,,,,,,,,,,,,,,,,,,,,,,,,,,,,,,,,,,,,,,,,,,,,,,,,,,,,,,,,TN,TN
autoland,4767314,1,247a31fb40b3ac0b152bd3554743d742a3892fe3,linux1804-64-shippable-qr,True,False,,,102210fe594ee9b33d82058545b1ed14f4c8206e,id-getter-5.html,perf_reftest_singletons,True,perf_reftest_singletons id-getter-5.html opt e10s fission stylo webrender,4767299,77,ms,firefox,,1786128212,2023-11-02 15:35:11,530.6,b32fede7af3947e835399bab4d1d7f096517521f,1326301,,,,,,,,,,,,,,,,,,,,,,,,,,,,,,,,,,,,,,,,,,,,,,,,,,,,,,,,,,,,,TN,TN
autoland,4767314,1,247a31fb40b3ac0b152bd3554743d742a3892fe3,linux1804-64-shippable-qr,True,False,,,102210fe594ee9b33d82058545b1ed14f4c8206e,id-getter-5.html,perf_reftest_singletons,True,perf_reftest_singletons id-getter-5.html opt e10s fission stylo webrender,4767299,77,ms,firefox,,1786282591,2023-11-02 19:35:23,524.9300000000001,94e5f553d8ee5632338645c8928e3cc1454d7b5b,1326465,,,,,,,,,,,,,,,,,,,,,,,,,,,,,,,,,,,,,,,,,,,,,,,,,,,,,,,,,,,,,TN,TN
autoland,4767314,1,247a31fb40b3ac0b152bd3554743d742a3892fe3,linux1804-64-shippable-qr,True,False,,,102210fe594ee9b33d82058545b1ed14f4c8206e,id-getter-5.html,perf_reftest_singletons,True,perf_reftest_singletons id-getter-5.html opt e10s fission stylo webrender,4767299,77,ms,firefox,,1786371173,2023-11-02 22:16:50,537.6700000000001,e76a1dc1e2e5cfa536e6893665fb8d42d2669341,1326592,,,,,,,,,,,,,,,,,,,,,,,,,,,,,,,,,,,,,,,,,,,,,,,,,,,,,,,,,,,,,TN,TN
autoland,4767314,1,247a31fb40b3ac0b152bd3554743d742a3892fe3,linux1804-64-shippable-qr,True,False,,,102210fe594ee9b33d82058545b1ed14f4c8206e,id-getter-5.html,perf_reftest_singletons,True,perf_reftest_singletons id-getter-5.html opt e10s fission stylo webrender,4767299,77,ms,firefox,,1786470252,2023-11-03 02:17:21,515.04,7398cacb1ad3e7be98ad07eff3a56fd050025c48,1326661,,,,,,,,,,,,,,,,,,,,,,,,,,,,,,,,,,,,,,,,,,,,,,,,,,,,,,,,,,,,,TN,TN
autoland,4767314,1,247a31fb40b3ac0b152bd3554743d742a3892fe3,linux1804-64-shippable-qr,True,False,,,102210fe594ee9b33d82058545b1ed14f4c8206e,id-getter-5.html,perf_reftest_singletons,True,perf_reftest_singletons id-getter-5.html opt e10s fission stylo webrender,4767299,77,ms,firefox,,1786542119,2023-11-03 06:29:48,538.29,63221dffde4f2b6c134c16fb540dea75d856626d,1326720,,,,,,,,,,,,,,,,,,,,,,,,,,,,,,,,,,,,,,,,,,,,,,,,,,,,,,,,,,,,,TN,TN
autoland,4767314,1,247a31fb40b3ac0b152bd3554743d742a3892fe3,linux1804-64-shippable-qr,True,False,,,102210fe594ee9b33d82058545b1ed14f4c8206e,id-getter-5.html,perf_reftest_singletons,True,perf_reftest_singletons id-getter-5.html opt e10s fission stylo webrender,4767299,77,ms,firefox,,1786696235,2023-11-03 09:45:55,518.6800000000001,fef2ab0f10caa08593c20e7febc4cec185670a4a,1326769,,,,,,,,,,,,,,,,,,,,,,,,,,,,,,,,,,,,,,,,,,,,,,,,,,,,,,,,,,,,,TN,TN
autoland,4767314,1,247a31fb40b3ac0b152bd3554743d742a3892fe3,linux1804-64-shippable-qr,True,False,,,102210fe594ee9b33d82058545b1ed14f4c8206e,id-getter-5.html,perf_reftest_singletons,True,perf_reftest_singletons id-getter-5.html opt e10s fission stylo webrender,4767299,77,ms,firefox,,1786835362,2023-11-03 14:08:17,523.5999999999999,db8c28afe588aab0cd434e280a4614c075350cde,1326874,,,,,,,,,,,,,,,,,,,,,,,,,,,,,,,,,,,,,,,,,,,,,,,,,,,,,,,,,,,,,TN,TN
autoland,4767314,1,247a31fb40b3ac0b152bd3554743d742a3892fe3,linux1804-64-shippable-qr,True,False,,,102210fe594ee9b33d82058545b1ed14f4c8206e,id-getter-5.html,perf_reftest_singletons,True,perf_reftest_singletons id-getter-5.html opt e10s fission stylo webrender,4767299,77,ms,firefox,,1786905184,2023-11-03 15:30:02,536.6000000000001,c1bbed9e33815cc111047e95375c6446ad566b5b,1326932,,,,,,,,,,,,,,,,,,,,,,,,,,,,,,,,,,,,,,,,,,,,,,,,,,,,,,,,,,,,,TN,TN
autoland,4767314,1,247a31fb40b3ac0b152bd3554743d742a3892fe3,linux1804-64-shippable-qr,True,False,,,102210fe594ee9b33d82058545b1ed14f4c8206e,id-getter-5.html,perf_reftest_singletons,True,perf_reftest_singletons id-getter-5.html opt e10s fission stylo webrender,4767299,77,ms,firefox,,1786981987,2023-11-03 19:29:08,577.0500000000001,3483c8458f12814829ccacc001ce04923ce9c601,1327119,,,,,,,,,,,,,,,,,,,,,,,,,,,,,,,,,,,,,,,,,,,,,,,,,,,,,,,,,,,,,TN,TN
autoland,4767314,1,247a31fb40b3ac0b152bd3554743d742a3892fe3,linux1804-64-shippable-qr,True,False,,,102210fe594ee9b33d82058545b1ed14f4c8206e,id-getter-5.html,perf_reftest_singletons,True,perf_reftest_singletons id-getter-5.html opt e10s fission stylo webrender,4767299,77,ms,firefox,,1787114676,2023-11-04 00:04:01,540.84,71b8373e6622cf42c02a4244f2c2629c6afed2db,1327246,,,,,,,,,,,,,,,,,,,,,,,,,,,,,,,,,,,,,,,,,,,,,,,,,,,,,,,,,,,,,TN,TN
autoland,4767314,1,247a31fb40b3ac0b152bd3554743d742a3892fe3,linux1804-64-shippable-qr,True,False,,,102210fe594ee9b33d82058545b1ed14f4c8206e,id-getter-5.html,perf_reftest_singletons,True,perf_reftest_singletons id-getter-5.html opt e10s fission stylo webrender,4767299,77,ms,firefox,,1787136561,2023-11-04 01:35:30,538.94,fa8ebe703963d027ce9185c21a4e7bdc98f8cd68,1327271,,,,,,,,,,,,,,,,,,,,,,,,,,,,,,,,,,,,,,,,,,,,,,,,,,,,,,,,,,,,,TN,TN
autoland,4767314,1,247a31fb40b3ac0b152bd3554743d742a3892fe3,linux1804-64-shippable-qr,True,False,,,102210fe594ee9b33d82058545b1ed14f4c8206e,id-getter-5.html,perf_reftest_singletons,True,perf_reftest_singletons id-getter-5.html opt e10s fission stylo webrender,4767299,77,ms,firefox,,1787214884,2023-11-04 08:24:01,554.57,f65c77517e3e8d32a23f3607a039a558abd2b12c,1327306,,,,,,,,,,,,,,,,,,,,,,,,,,,,,,,,,,,,,,,,,,,,,,,,,,,,,,,,,,,,,TN,TN
autoland,4767314,1,247a31fb40b3ac0b152bd3554743d742a3892fe3,linux1804-64-shippable-qr,True,False,,,102210fe594ee9b33d82058545b1ed14f4c8206e,id-getter-5.html,perf_reftest_singletons,True,perf_reftest_singletons id-getter-5.html opt e10s fission stylo webrender,4767299,77,ms,firefox,,1787383128,2023-11-04 14:15:16,542.5699999999999,90f5a1a99e4af4267d041ebe447fe2c0d6028eec,1327379,,,,,,,,,,,,,,,,,,,,,,,,,,,,,,,,,,,,,,,,,,,,,,,,,,,,,,,,,,,,,TN,TN
autoland,4767314,1,247a31fb40b3ac0b152bd3554743d742a3892fe3,linux1804-64-shippable-qr,True,False,,,102210fe594ee9b33d82058545b1ed14f4c8206e,id-getter-5.html,perf_reftest_singletons,True,perf_reftest_singletons id-getter-5.html opt e10s fission stylo webrender,4767299,77,ms,firefox,,1787435963,2023-11-04 18:45:40,538.35,55a02a6f1e91945e24618f64bd61b9f3a0beeea0,1327418,,,,,,,,,,,,,,,,,,,,,,,,,,,,,,,,,,,,,,,,,,,,,,,,,,,,,,,,,,,,,TN,TN
autoland,4767314,1,247a31fb40b3ac0b152bd3554743d742a3892fe3,linux1804-64-shippable-qr,True,False,,,102210fe594ee9b33d82058545b1ed14f4c8206e,id-getter-5.html,perf_reftest_singletons,True,perf_reftest_singletons id-getter-5.html opt e10s fission stylo webrender,4767299,77,ms,firefox,,1787500028,2023-11-04 23:01:16,530.91,c6d6218c85ae690d272c8b978051ec7c2718b1b2,1327454,,,,,,,,,,,,,,,,,,,,,,,,,,,,,,,,,,,,,,,,,,,,,,,,,,,,,,,,,,,,,TN,TN
autoland,4767314,1,247a31fb40b3ac0b152bd3554743d742a3892fe3,linux1804-64-shippable-qr,True,False,,,102210fe594ee9b33d82058545b1ed14f4c8206e,id-getter-5.html,perf_reftest_singletons,True,perf_reftest_singletons id-getter-5.html opt e10s fission stylo webrender,4767299,77,ms,firefox,,1787735793,2023-11-05 12:31:02,541.14,6e473b5825d2acd52739d9cc4cdec6ea5e26c9d1,1327508,,,,,,,,,,,,,,,,,,,,,,,,,,,,,,,,,,,,,,,,,,,,,,,,,,,,,,,,,,,,,TN,TN
autoland,4767314,1,247a31fb40b3ac0b152bd3554743d742a3892fe3,linux1804-64-shippable-qr,True,False,,,102210fe594ee9b33d82058545b1ed14f4c8206e,id-getter-5.html,perf_reftest_singletons,True,perf_reftest_singletons id-getter-5.html opt e10s fission stylo webrender,4767299,77,ms,firefox,,1787867506,2023-11-05 17:15:11,575.29,e4d362eebc148baf8432d0b013b6233995a2f16e,1327546,,,,,,,,,,,,,,,,,,,,,,,,,,,,,,,,,,,,,,,,,,,,,,,,,,,,,,,,,,,,,TN,TN
autoland,4767314,1,247a31fb40b3ac0b152bd3554743d742a3892fe3,linux1804-64-shippable-qr,True,False,,,102210fe594ee9b33d82058545b1ed14f4c8206e,id-getter-5.html,perf_reftest_singletons,True,perf_reftest_singletons id-getter-5.html opt e10s fission stylo webrender,4767299,77,ms,firefox,,1787980734,2023-11-05 22:35:05,540.5,1995198e0bee1b9f7d4ac3a5286fb89a8305fa28,1327567,,,,,,,,,,,,,,,,,,,,,,,,,,,,,,,,,,,,,,,,,,,,,,,,,,,,,,,,,,,,,TN,TN
autoland,4767314,1,247a31fb40b3ac0b152bd3554743d742a3892fe3,linux1804-64-shippable-qr,True,False,,,102210fe594ee9b33d82058545b1ed14f4c8206e,id-getter-5.html,perf_reftest_singletons,True,perf_reftest_singletons id-getter-5.html opt e10s fission stylo webrender,4767299,77,ms,firefox,,1788199190,2023-11-06 03:28:15,527.41,925231a8fb5eccf055afb3e9921596d8f990128b,1327590,,,,,,,,,,,,,,,,,,,,,,,,,,,,,,,,,,,,,,,,,,,,,,,,,,,,,,,,,,,,,TN,TN
autoland,4767314,1,247a31fb40b3ac0b152bd3554743d742a3892fe3,linux1804-64-shippable-qr,True,False,,,102210fe594ee9b33d82058545b1ed14f4c8206e,id-getter-5.html,perf_reftest_singletons,True,perf_reftest_singletons id-getter-5.html opt e10s fission stylo webrender,4767299,77,ms,firefox,,1788295592,2023-11-06 06:27:10,541.25,58f61f19462af6371405866cd0506983856d5433,1327613,,,,,,,,,,,,,,,,,,,,,,,,,,,,,,,,,,,,,,,,,,,,,,,,,,,,,,,,,,,,,TN,TN
autoland,4767314,1,247a31fb40b3ac0b152bd3554743d742a3892fe3,linux1804-64-shippable-qr,True,False,,,102210fe594ee9b33d82058545b1ed14f4c8206e,id-getter-5.html,perf_reftest_singletons,True,perf_reftest_singletons id-getter-5.html opt e10s fission stylo webrender,4767299,77,ms,firefox,,1788405307,2023-11-06 10:22:32,533.1500000000001,47130f8e8a79f36f7bea8cf4a4a19a3ef155e539,1327714,,,,,,,,,,,,,,,,,,,,,,,,,,,,,,,,,,,,,,,,,,,,,,,,,,,,,,,,,,,,,TN,TN
autoland,4767314,1,247a31fb40b3ac0b152bd3554743d742a3892fe3,linux1804-64-shippable-qr,True,False,,,102210fe594ee9b33d82058545b1ed14f4c8206e,id-getter-5.html,perf_reftest_singletons,True,perf_reftest_singletons id-getter-5.html opt e10s fission stylo webrender,4767299,77,ms,firefox,,1788593409,2023-11-06 14:23:08,553.76,e85ef9b0c6ee61f9f14bf8b49cd5f6e0a5fac3d7,1327890,,,,,,,,,,,,,,,,,,,,,,,,,,,,,,,,,,,,,,,,,,,,,,,,,,,,,,,,,,,,,TN,TN
autoland,4767314,1,247a31fb40b3ac0b152bd3554743d742a3892fe3,linux1804-64-shippable-qr,True,False,,,102210fe594ee9b33d82058545b1ed14f4c8206e,id-getter-5.html,perf_reftest_singletons,True,perf_reftest_singletons id-getter-5.html opt e10s fission stylo webrender,4767299,77,ms,firefox,,1788760975,2023-11-06 17:39:09,553.69,6d5e2f6a296345f3afbeecf2e34bf0f7da7c7991,1328028,,,,,,,,,,,,,,,,,,,,,,,,,,,,,,,,,,,,,,,,,,,,,,,,,,,,,,,,,,,,,TN,TN
autoland,4767314,1,247a31fb40b3ac0b152bd3554743d742a3892fe3,linux1804-64-shippable-qr,True,False,,,102210fe594ee9b33d82058545b1ed14f4c8206e,id-getter-5.html,perf_reftest_singletons,True,perf_reftest_singletons id-getter-5.html opt e10s fission stylo webrender,4767299,77,ms,firefox,,1788847714,2023-11-06 20:45:17,549.0,cfad60e16bc9ffd1123a5eb881ba42aaa60b9b18,1328100,,,,,,,,,,,,,,,,,,,,,,,,,,,,,,,,,,,,,,,,,,,,,,,,,,,,,,,,,,,,,TN,TN
autoland,4767314,1,247a31fb40b3ac0b152bd3554743d742a3892fe3,linux1804-64-shippable-qr,True,False,,,102210fe594ee9b33d82058545b1ed14f4c8206e,id-getter-5.html,perf_reftest_singletons,True,perf_reftest_singletons id-getter-5.html opt e10s fission stylo webrender,4767299,77,ms,firefox,,1788959739,2023-11-07 01:37:21,548.15,05f23c29b41cfcb7bfe0b081854260fa6d04388f,1328269,,,,,,,,,,,,,,,,,,,,,,,,,,,,,,,,,,,,,,,,,,,,,,,,,,,,,,,,,,,,,TN,TN
autoland,4767314,1,247a31fb40b3ac0b152bd3554743d742a3892fe3,linux1804-64-shippable-qr,True,False,,,102210fe594ee9b33d82058545b1ed14f4c8206e,id-getter-5.html,perf_reftest_singletons,True,perf_reftest_singletons id-getter-5.html opt e10s fission stylo webrender,4767299,77,ms,firefox,,1789112884,2023-11-07 05:57:42,539.83,5f6163941f402e507f0d384b9904f2a425a28d57,1328312,,,,,,,,,,,,,,,,,,,,,,,,,,,,,,,,,,,,,,,,,,,,,,,,,,,,,,,,,,,,,TN,TN
autoland,4767314,1,247a31fb40b3ac0b152bd3554743d742a3892fe3,linux1804-64-shippable-qr,True,False,,,102210fe594ee9b33d82058545b1ed14f4c8206e,id-getter-5.html,perf_reftest_singletons,True,perf_reftest_singletons id-getter-5.html opt e10s fission stylo webrender,4767299,77,ms,firefox,,1789160087,2023-11-07 07:13:43,539.6199999999999,7a3978f0626b31f7d311cbc700a8ad6eef3c38a7,1328322,,,,,,,,,,,,,,,,,,,,,,,,,,,,,,,,,,,,,,,,,,,,,,,,,,,,,,,,,,,,,TN,TN
autoland,4767314,1,247a31fb40b3ac0b152bd3554743d742a3892fe3,linux1804-64-shippable-qr,True,False,,,102210fe594ee9b33d82058545b1ed14f4c8206e,id-getter-5.html,perf_reftest_singletons,True,perf_reftest_singletons id-getter-5.html opt e10s fission stylo webrender,4767299,77,ms,firefox,,1790872024,2023-11-07 07:52:42,543.09,a25e8fe0ee2f6c9aaab5497cd0d9c135bbe80621,1328333,,,,,,,,,,,,,,,,,,,,,,,,,,,,,,,,,,,,,,,,,,,,,,,,,,,,,,,,,,,,,TN,TN
autoland,4767314,1,247a31fb40b3ac0b152bd3554743d742a3892fe3,linux1804-64-shippable-qr,True,False,,,102210fe594ee9b33d82058545b1ed14f4c8206e,id-getter-5.html,perf_reftest_singletons,True,perf_reftest_singletons id-getter-5.html opt e10s fission stylo webrender,4767299,77,ms,firefox,,1790872116,2023-11-07 07:52:42,535.95,a25e8fe0ee2f6c9aaab5497cd0d9c135bbe80621,1328333,,,,,,,,,,,,,,,,,,,,,,,,,,,,,,,,,,,,,,,,,,,,,,,,,,,,,,,,,,,,,TN,TN
autoland,4767314,1,247a31fb40b3ac0b152bd3554743d742a3892fe3,linux1804-64-shippable-qr,True,False,,,102210fe594ee9b33d82058545b1ed14f4c8206e,id-getter-5.html,perf_reftest_singletons,True,perf_reftest_singletons id-getter-5.html opt e10s fission stylo webrender,4767299,77,ms,firefox,,1790872338,2023-11-07 07:59:36,544.8299999999999,b1a74412ecc781f0a6809865a8ebfd3d336c6070,1328338,,,,,,,,,,,,,,,,,,,,,,,,,,,,,,,,,,,,,,,,,,,,,,,,,,,,,,,,,,,,,TN,TN
autoland,4767314,1,247a31fb40b3ac0b152bd3554743d742a3892fe3,linux1804-64-shippable-qr,True,False,,,102210fe594ee9b33d82058545b1ed14f4c8206e,id-getter-5.html,perf_reftest_singletons,True,perf_reftest_singletons id-getter-5.html opt e10s fission stylo webrender,4767299,77,ms,firefox,,1790871965,2023-11-07 07:59:36,546.8499999999999,b1a74412ecc781f0a6809865a8ebfd3d336c6070,1328338,,,,,,,,,,,,,,,,,,,,,,,,,,,,,,,,,,,,,,,,,,,,,,,,,,,,,,,,,,,,,TN,TN
autoland,4767314,1,247a31fb40b3ac0b152bd3554743d742a3892fe3,linux1804-64-shippable-qr,True,False,,,102210fe594ee9b33d82058545b1ed14f4c8206e,id-getter-5.html,perf_reftest_singletons,True,perf_reftest_singletons id-getter-5.html opt e10s fission stylo webrender,4767299,77,ms,firefox,,1790872477,2023-11-07 08:20:59,543.79,2b6cc98f762f304bdff80a83d87711e247a2ea2b,1328353,,,,,,,,,,,,,,,,,,,,,,,,,,,,,,,,,,,,,,,,,,,,,,,,,,,,,,,,,,,,,TN,TN
autoland,4767314,1,247a31fb40b3ac0b152bd3554743d742a3892fe3,linux1804-64-shippable-qr,True,False,,,102210fe594ee9b33d82058545b1ed14f4c8206e,id-getter-5.html,perf_reftest_singletons,True,perf_reftest_singletons id-getter-5.html opt e10s fission stylo webrender,4767299,77,ms,firefox,,1790879356,2023-11-07 08:20:59,535.63,2b6cc98f762f304bdff80a83d87711e247a2ea2b,1328353,,,,,,,,,,,,,,,,,,,,,,,,,,,,,,,,,,,,,,,,,,,,,,,,,,,,,,,,,,,,,TN,TN
autoland,4767314,1,247a31fb40b3ac0b152bd3554743d742a3892fe3,linux1804-64-shippable-qr,True,False,,,102210fe594ee9b33d82058545b1ed14f4c8206e,id-getter-5.html,perf_reftest_singletons,True,perf_reftest_singletons id-getter-5.html opt e10s fission stylo webrender,4767299,77,ms,firefox,,1790873129,2023-11-07 08:35:11,540.21,149e69327bbb1bc316787380a6a3e54f3e9195e0,1328360,,,,,,,,,,,,,,,,,,,,,,,,,,,,,,,,,,,,,,,,,,,,,,,,,,,,,,,,,,,,,TN,TN
autoland,4767314,1,247a31fb40b3ac0b152bd3554743d742a3892fe3,linux1804-64-shippable-qr,True,False,,,102210fe594ee9b33d82058545b1ed14f4c8206e,id-getter-5.html,perf_reftest_singletons,True,perf_reftest_singletons id-getter-5.html opt e10s fission stylo webrender,4767299,77,ms,firefox,,1790879556,2023-11-07 08:35:11,536.97,149e69327bbb1bc316787380a6a3e54f3e9195e0,1328360,,,,,,,,,,,,,,,,,,,,,,,,,,,,,,,,,,,,,,,,,,,,,,,,,,,,,,,,,,,,,TN,TN
autoland,4767314,1,247a31fb40b3ac0b152bd3554743d742a3892fe3,linux1804-64-shippable-qr,True,False,,,102210fe594ee9b33d82058545b1ed14f4c8206e,id-getter-5.html,perf_reftest_singletons,True,perf_reftest_singletons id-getter-5.html opt e10s fission stylo webrender,4767299,77,ms,firefox,,1790872266,2023-11-07 08:39:18,528.78,baae04dece1887e98f62c5b76329b792c2aa2d09,1328363,,,,,,,,,,,,,,,,,,,,,,,,,,,,,,,,,,,,,,,,,,,,,,,,,,,,,,,,,,,,,TN,TN
autoland,4767314,1,247a31fb40b3ac0b152bd3554743d742a3892fe3,linux1804-64-shippable-qr,True,False,,,102210fe594ee9b33d82058545b1ed14f4c8206e,id-getter-5.html,perf_reftest_singletons,True,perf_reftest_singletons id-getter-5.html opt e10s fission stylo webrender,4767299,77,ms,firefox,,1790873036,2023-11-07 08:39:18,530.72,baae04dece1887e98f62c5b76329b792c2aa2d09,1328363,,,,,,,,,,,,,,,,,,,,,,,,,,,,,,,,,,,,,,,,,,,,,,,,,,,,,,,,,,,,,TN,TN
autoland,4767314,1,247a31fb40b3ac0b152bd3554743d742a3892fe3,linux1804-64-shippable-qr,True,False,,,102210fe594ee9b33d82058545b1ed14f4c8206e,id-getter-5.html,perf_reftest_singletons,True,perf_reftest_singletons id-getter-5.html opt e10s fission stylo webrender,4767299,77,ms,firefox,,1790872134,2023-11-07 08:51:57,534.75,35ff07f4726ad465baa0d222c0c55d48a1082600,1328372,,,,,,,,,,,,,,,,,,,,,,,,,,,,,,,,,,,,,,,,,,,,,,,,,,,,,,,,,,,,,TN,TN
autoland,4767314,1,247a31fb40b3ac0b152bd3554743d742a3892fe3,linux1804-64-shippable-qr,True,False,,,102210fe594ee9b33d82058545b1ed14f4c8206e,id-getter-5.html,perf_reftest_singletons,True,perf_reftest_singletons id-getter-5.html opt e10s fission stylo webrender,4767299,77,ms,firefox,,1790872987,2023-11-07 08:51:57,537.15,35ff07f4726ad465baa0d222c0c55d48a1082600,1328372,,,,,,,,,,,,,,,,,,,,,,,,,,,,,,,,,,,,,,,,,,,,,,,,,,,,,,,,,,,,,TN,TN
autoland,4767314,1,247a31fb40b3ac0b152bd3554743d742a3892fe3,linux1804-64-shippable-qr,True,False,,,102210fe594ee9b33d82058545b1ed14f4c8206e,id-getter-5.html,perf_reftest_singletons,True,perf_reftest_singletons id-getter-5.html opt e10s fission stylo webrender,4767299,77,ms,firefox,,1790872845,2023-11-07 08:59:05,529.3,4712c7e340c1bdb63cc78d5b1b31b5652debb201,1328376,,,,,,,,,,,,,,,,,,,,,,,,,,,,,,,,,,,,,,,,,,,,,,,,,,,,,,,,,,,,,TN,TN
autoland,4767314,1,247a31fb40b3ac0b152bd3554743d742a3892fe3,linux1804-64-shippable-qr,True,False,,,102210fe594ee9b33d82058545b1ed14f4c8206e,id-getter-5.html,perf_reftest_singletons,True,perf_reftest_singletons id-getter-5.html opt e10s fission stylo webrender,4767299,77,ms,firefox,,1790872522,2023-11-07 08:59:05,563.1899999999999,4712c7e340c1bdb63cc78d5b1b31b5652debb201,1328376,,,,,,,,,,,,,,,,,,,,,,,,,,,,,,,,,,,,,,,,,,,,,,,,,,,,,,,,,,,,,TN,TN
autoland,4767314,1,247a31fb40b3ac0b152bd3554743d742a3892fe3,linux1804-64-shippable-qr,True,False,,,102210fe594ee9b33d82058545b1ed14f4c8206e,id-getter-5.html,perf_reftest_singletons,True,perf_reftest_singletons id-getter-5.html opt e10s fission stylo webrender,4767299,77,ms,firefox,,1790897844,2023-11-07 09:20:32,542.8700000000001,a53a2b4b87d3cffa7582c252478f44077faa7775,1328382,,,,,,,,,,,,,,,,,,,,,,,,,,,,,,,,,,,,,,,,,,,,,,,,,,,,,,,,,,,,,TN,TN
autoland,4767314,1,247a31fb40b3ac0b152bd3554743d742a3892fe3,linux1804-64-shippable-qr,True,False,,,102210fe594ee9b33d82058545b1ed14f4c8206e,id-getter-5.html,perf_reftest_singletons,True,perf_reftest_singletons id-getter-5.html opt e10s fission stylo webrender,4767299,77,ms,firefox,,1790897909,2023-11-07 09:20:32,533.45,a53a2b4b87d3cffa7582c252478f44077faa7775,1328382,,,,,,,,,,,,,,,,,,,,,,,,,,,,,,,,,,,,,,,,,,,,,,,,,,,,,,,,,,,,,TN,TN
autoland,4767314,1,247a31fb40b3ac0b152bd3554743d742a3892fe3,linux1804-64-shippable-qr,True,False,,,102210fe594ee9b33d82058545b1ed14f4c8206e,id-getter-5.html,perf_reftest_singletons,True,perf_reftest_singletons id-getter-5.html opt e10s fission stylo webrender,4767299,77,ms,firefox,,1790892731,2023-11-07 10:15:46,566.91,5d6699b34edce04ffd8886be86de9d604d88a89a,1328402,,,,,,,,,,,,,,,,,,,,,,,,,,,,,,,,,,,,,,,,,,,,,,,,,,,,,,,,,,,,,TN,TN
autoland,4767314,1,247a31fb40b3ac0b152bd3554743d742a3892fe3,linux1804-64-shippable-qr,True,False,,,102210fe594ee9b33d82058545b1ed14f4c8206e,id-getter-5.html,perf_reftest_singletons,True,perf_reftest_singletons id-getter-5.html opt e10s fission stylo webrender,4767299,77,ms,firefox,,1790892821,2023-11-07 10:15:46,570.38,5d6699b34edce04ffd8886be86de9d604d88a89a,1328402,,,,,,,,,,,,,,,,,,,,,,,,,,,,,,,,,,,,,,,,,,,,,,,,,,,,,,,,,,,,,TN,TN
autoland,4767314,1,247a31fb40b3ac0b152bd3554743d742a3892fe3,linux1804-64-shippable-qr,True,False,,,102210fe594ee9b33d82058545b1ed14f4c8206e,id-getter-5.html,perf_reftest_singletons,True,perf_reftest_singletons id-getter-5.html opt e10s fission stylo webrender,4767299,77,ms,firefox,,1789370781,2023-11-07 15:22:28,534.36,3a6678776d36c32f58fe521d73f09bbc1478cbbb,1328534,,,,,,,,,,,,,,,,,,,,,,,,,,,,,,,,,,,,,,,,,,,,,,,,,,,,,,,,,,,,,TN,TN
autoland,4767314,1,247a31fb40b3ac0b152bd3554743d742a3892fe3,linux1804-64-shippable-qr,True,False,,,102210fe594ee9b33d82058545b1ed14f4c8206e,id-getter-5.html,perf_reftest_singletons,True,perf_reftest_singletons id-getter-5.html opt e10s fission stylo webrender,4767299,77,ms,firefox,,1789526853,2023-11-07 20:38:50,534.4100000000001,2f5322fade4338f844537e7e14979d023e4b7d48,1328596,,,,,,,,,,,,,,,,,,,,,,,,,,,,,,,,,,,,,,,,,,,,,,,,,,,,,,,,,,,,,TN,TN
autoland,4767314,1,247a31fb40b3ac0b152bd3554743d742a3892fe3,linux1804-64-shippable-qr,True,False,,,102210fe594ee9b33d82058545b1ed14f4c8206e,id-getter-5.html,perf_reftest_singletons,True,perf_reftest_singletons id-getter-5.html opt e10s fission stylo webrender,4767299,77,ms,firefox,,1789635752,2023-11-07 23:09:36,543.48,146ef5c46755802d7609ece035e0115301c936bd,1328770,,,,,,,,,,,,,,,,,,,,,,,,,,,,,,,,,,,,,,,,,,,,,,,,,,,,,,,,,,,,,TN,TN
autoland,4767314,1,247a31fb40b3ac0b152bd3554743d742a3892fe3,linux1804-64-shippable-qr,True,False,,,102210fe594ee9b33d82058545b1ed14f4c8206e,id-getter-5.html,perf_reftest_singletons,True,perf_reftest_singletons id-getter-5.html opt e10s fission stylo webrender,4767299,77,ms,firefox,,1789663363,2023-11-08 00:15:37,549.2099999999999,54f6a0fa6c5ffe3ce0a5f981a4cdedc058256898,1328812,,,,,,,,,,,,,,,,,,,,,,,,,,,,,,,,,,,,,,,,,,,,,,,,,,,,,,,,,,,,,TN,TN
autoland,4767314,1,247a31fb40b3ac0b152bd3554743d742a3892fe3,linux1804-64-shippable-qr,True,False,,,102210fe594ee9b33d82058545b1ed14f4c8206e,id-getter-5.html,perf_reftest_singletons,True,perf_reftest_singletons id-getter-5.html opt e10s fission stylo webrender,4767299,77,ms,firefox,,1789853470,2023-11-08 05:24:12,534.04,68721f0d6aec0facf9c8f271ea2bb2719348014a,1328912,,,,,,,,,,,,,,,,,,,,,,,,,,,,,,,,,,,,,,,,,,,,,,,,,,,,,,,,,,,,,TN,TN
autoland,4767314,1,247a31fb40b3ac0b152bd3554743d742a3892fe3,linux1804-64-shippable-qr,True,False,,,102210fe594ee9b33d82058545b1ed14f4c8206e,id-getter-5.html,perf_reftest_singletons,True,perf_reftest_singletons id-getter-5.html opt e10s fission stylo webrender,4767299,77,ms,firefox,,1789965239,2023-11-08 09:44:01,538.6600000000001,578787894d0e996af4d743caf71b5501330fb2ab,1328973,,,,,,,,,,,,,,,,,,,,,,,,,,,,,,,,,,,,,,,,,,,,,,,,,,,,,,,,,,,,,TN,TN
autoland,4767314,1,247a31fb40b3ac0b152bd3554743d742a3892fe3,linux1804-64-shippable-qr,True,False,,,102210fe594ee9b33d82058545b1ed14f4c8206e,id-getter-5.html,perf_reftest_singletons,True,perf_reftest_singletons id-getter-5.html opt e10s fission stylo webrender,4767299,77,ms,firefox,,1789986432,2023-11-08 09:46:58,535.0699999999999,e65fca949600e3163fd1befd6423958e0bc70029,1328975,,,,,,,,,,,,,,,,,,,,,,,,,,,,,,,,,,,,,,,,,,,,,,,,,,,,,,,,,,,,,TN,TN
autoland,4767314,1,247a31fb40b3ac0b152bd3554743d742a3892fe3,linux1804-64-shippable-qr,True,False,,,102210fe594ee9b33d82058545b1ed14f4c8206e,id-getter-5.html,perf_reftest_singletons,True,perf_reftest_singletons id-getter-5.html opt e10s fission stylo webrender,4767299,77,ms,firefox,,1790086990,2023-11-08 13:41:28,547.35,ae536a17c1ffbb830141240a38f81e032b6645ea,1329115,,,,,,,,,,,,,,,,,,,,,,,,,,,,,,,,,,,,,,,,,,,,,,,,,,,,,,,,,,,,,TN,TN
autoland,4767314,1,247a31fb40b3ac0b152bd3554743d742a3892fe3,linux1804-64-shippable-qr,True,False,,,102210fe594ee9b33d82058545b1ed14f4c8206e,id-getter-5.html,perf_reftest_singletons,True,perf_reftest_singletons id-getter-5.html opt e10s fission stylo webrender,4767299,77,ms,firefox,,1790178606,2023-11-08 17:45:21,533.1500000000001,f1fb5f0afb5896b5c30e6a9b1439a9c4de4a3db2,1329261,,,,,,,,,,,,,,,,,,,,,,,,,,,,,,,,,,,,,,,,,,,,,,,,,,,,,,,,,,,,,TN,TN
autoland,4767314,1,247a31fb40b3ac0b152bd3554743d742a3892fe3,linux1804-64-shippable-qr,True,False,,,102210fe594ee9b33d82058545b1ed14f4c8206e,id-getter-5.html,perf_reftest_singletons,True,perf_reftest_singletons id-getter-5.html opt e10s fission stylo webrender,4767299,77,ms,firefox,,1790382620,2023-11-08 23:10:55,538.62,9b044e3ed5981e128922152098934a6691bfcd97,1329500,,,,,,,,,,,,,,,,,,,,,,,,,,,,,,,,,,,,,,,,,,,,,,,,,,,,,,,,,,,,,TN,TN
autoland,4767314,1,247a31fb40b3ac0b152bd3554743d742a3892fe3,linux1804-64-shippable-qr,True,False,,,102210fe594ee9b33d82058545b1ed14f4c8206e,id-getter-5.html,perf_reftest_singletons,True,perf_reftest_singletons id-getter-5.html opt e10s fission stylo webrender,4767299,77,ms,firefox,,1790425316,2023-11-09 00:04:05,530.76,fd3f50f4dce00592f4da8f972037ced4a0c9f5be,1329532,,,,,,,,,,,,,,,,,,,,,,,,,,,,,,,,,,,,,,,,,,,,,,,,,,,,,,,,,,,,,TN,TN
autoland,4767314,1,247a31fb40b3ac0b152bd3554743d742a3892fe3,linux1804-64-shippable-qr,True,False,,,102210fe594ee9b33d82058545b1ed14f4c8206e,id-getter-5.html,perf_reftest_singletons,True,perf_reftest_singletons id-getter-5.html opt e10s fission stylo webrender,4767299,77,ms,firefox,,1790616635,2023-11-09 04:14:58,534.95,975206b939dc6e4f823a1a29c703dd586e4157b9,1329628,,,,,,,,,,,,,,,,,,,,,,,,,,,,,,,,,,,,,,,,,,,,,,,,,,,,,,,,,,,,,TN,TN
autoland,4767314,1,247a31fb40b3ac0b152bd3554743d742a3892fe3,linux1804-64-shippable-qr,True,False,,,102210fe594ee9b33d82058545b1ed14f4c8206e,id-getter-5.html,perf_reftest_singletons,True,perf_reftest_singletons id-getter-5.html opt e10s fission stylo webrender,4767299,77,ms,firefox,,1790735204,2023-11-09 08:18:01,538.1600000000001,d0c4fdebcd36de1f0361cb29103afbf36e498521,1329688,,,,,,,,,,,,,,,,,,,,,,,,,,,,,,,,,,,,,,,,,,,,,,,,,,,,,,,,,,,,,TN,TN
autoland,4767314,1,247a31fb40b3ac0b152bd3554743d742a3892fe3,linux1804-64-shippable-qr,True,False,,,102210fe594ee9b33d82058545b1ed14f4c8206e,id-getter-5.html,perf_reftest_singletons,True,perf_reftest_singletons id-getter-5.html opt e10s fission stylo webrender,4767299,77,ms,firefox,,1790745423,2023-11-09 08:32:31,544.51,5392006086fa6f66b9c2f5919b8c65d04cf44936,1329693,,,,,,,,,,,,,,,,,,,,,,,,,,,,,,,,,,,,,,,,,,,,,,,,,,,,,,,,,,,,,TN,TN
autoland,4767314,1,247a31fb40b3ac0b152bd3554743d742a3892fe3,linux1804-64-shippable-qr,True,False,,,102210fe594ee9b33d82058545b1ed14f4c8206e,id-getter-5.html,perf_reftest_singletons,True,perf_reftest_singletons id-getter-5.html opt e10s fission stylo webrender,4767299,77,ms,firefox,,1790923265,2023-11-09 12:39:55,533.47,0d25aa82c9421a1a0e1d9bf224094a9feaa083c0,1329818,,,,,,,,,,,,,,,,,,,,,,,,,,,,,,,,,,,,,,,,,,,,,,,,,,,,,,,,,,,,,TN,TN
autoland,4767314,1,247a31fb40b3ac0b152bd3554743d742a3892fe3,linux1804-64-shippable-qr,True,False,,,102210fe594ee9b33d82058545b1ed14f4c8206e,id-getter-5.html,perf_reftest_singletons,True,perf_reftest_singletons id-getter-5.html opt e10s fission stylo webrender,4767299,77,ms,firefox,,1791000841,2023-11-09 13:52:13,577.28,af9d30c92582a30a1e7987079e780e59aa69ab7b,1329843,,,,,,,,,,,,,,,,,,,,,,,,,,,,,,,,,,,,,,,,,,,,,,,,,,,,,,,,,,,,,TN,TN
autoland,4767314,1,247a31fb40b3ac0b152bd3554743d742a3892fe3,linux1804-64-shippable-qr,True,False,,,102210fe594ee9b33d82058545b1ed14f4c8206e,id-getter-5.html,perf_reftest_singletons,True,perf_reftest_singletons id-getter-5.html opt e10s fission stylo webrender,4767299,77,ms,firefox,,1791110128,2023-11-09 18:06:54,595.9300000000001,1eda7f37f458e81d7c275eb0a3e1959cdfdb5053,1329987,,,,,,,,,,,,,,,,,,,,,,,,,,,,,,,,,,,,,,,,,,,,,,,,,,,,,,,,,,,,,TN,TN
autoland,4767314,1,247a31fb40b3ac0b152bd3554743d742a3892fe3,linux1804-64-shippable-qr,True,False,,,102210fe594ee9b33d82058545b1ed14f4c8206e,id-getter-5.html,perf_reftest_singletons,True,perf_reftest_singletons id-getter-5.html opt e10s fission stylo webrender,4767299,77,ms,firefox,,1791192262,2023-11-09 18:57:17,587.28,938e6fc607623834483a5ab95019520814f10ee8,1330029,,,,,,,,,,,,,,,,,,,,,,,,,,,,,,,,,,,,,,,,,,,,,,,,,,,,,,,,,,,,,TN,TN
autoland,4767314,1,247a31fb40b3ac0b152bd3554743d742a3892fe3,linux1804-64-shippable-qr,True,False,,,102210fe594ee9b33d82058545b1ed14f4c8206e,id-getter-5.html,perf_reftest_singletons,True,perf_reftest_singletons id-getter-5.html opt e10s fission stylo webrender,4767299,77,ms,firefox,,1791435605,2023-11-09 23:53:27,547.91,d3aff5d6c69730c6f26eb54b7e24fdd203480069,1330185,,,,,,,,,,,,,,,,,,,,,,,,,,,,,,,,,,,,,,,,,,,,,,,,,,,,,,,,,,,,,TN,TN
autoland,4767314,1,247a31fb40b3ac0b152bd3554743d742a3892fe3,linux1804-64-shippable-qr,True,False,,,102210fe594ee9b33d82058545b1ed14f4c8206e,id-getter-5.html,perf_reftest_singletons,True,perf_reftest_singletons id-getter-5.html opt e10s fission stylo webrender,4767299,77,ms,firefox,,1791369839,2023-11-10 00:18:00,541.31,543c915fc8c6775cd665ad6ebe58df0f46e9198c,1330200,,,,,,,,,,,,,,,,,,,,,,,,,,,,,,,,,,,,,,,,,,,,,,,,,,,,,,,,,,,,,TN,TN
autoland,4767314,1,247a31fb40b3ac0b152bd3554743d742a3892fe3,linux1804-64-shippable-qr,True,False,,,102210fe594ee9b33d82058545b1ed14f4c8206e,id-getter-5.html,perf_reftest_singletons,True,perf_reftest_singletons id-getter-5.html opt e10s fission stylo webrender,4767299,77,ms,firefox,,1791580610,2023-11-10 06:00:15,543.05,5fcc529533b87c657e0dd95ea8cdd37f7cbac5c0,1330263,,,,,,,,,,,,,,,,,,,,,,,,,,,,,,,,,,,,,,,,,,,,,,,,,,,,,,,,,,,,,TN,TN
autoland,4767314,1,247a31fb40b3ac0b152bd3554743d742a3892fe3,linux1804-64-shippable-qr,True,False,,,102210fe594ee9b33d82058545b1ed14f4c8206e,id-getter-5.html,perf_reftest_singletons,True,perf_reftest_singletons id-getter-5.html opt e10s fission stylo webrender,4767299,77,ms,firefox,,1791731094,2023-11-10 10:16:47,538.77,2033848fe740a46b19d19b2689365e6d5122d399,1330353,,,,,,,,,,,,,,,,,,,,,,,,,,,,,,,,,,,,,,,,,,,,,,,,,,,,,,,,,,,,,TN,TN
autoland,4767314,1,247a31fb40b3ac0b152bd3554743d742a3892fe3,linux1804-64-shippable-qr,True,False,,,102210fe594ee9b33d82058545b1ed14f4c8206e,id-getter-5.html,perf_reftest_singletons,True,perf_reftest_singletons id-getter-5.html opt e10s fission stylo webrender,4767299,77,ms,firefox,,1791801703,2023-11-10 14:18:06,547.3,e2c6fa08aa82b40d8316fc19e08ea45be70e9292,1330451,,,,,,,,,,,,,,,,,,,,,,,,,,,,,,,,,,,,,,,,,,,,,,,,,,,,,,,,,,,,,TN,TN
autoland,4767314,1,247a31fb40b3ac0b152bd3554743d742a3892fe3,linux1804-64-shippable-qr,True,False,,,102210fe594ee9b33d82058545b1ed14f4c8206e,id-getter-5.html,perf_reftest_singletons,True,perf_reftest_singletons id-getter-5.html opt e10s fission stylo webrender,4767299,77,ms,firefox,,1791827509,2023-11-10 14:48:51,539.57,f90b853d9b0b112db86ff41fcce843afb13939ce,1330467,,,,,,,,,,,,,,,,,,,,,,,,,,,,,,,,,,,,,,,,,,,,,,,,,,,,,,,,,,,,,TN,TN
autoland,4767314,1,247a31fb40b3ac0b152bd3554743d742a3892fe3,linux1804-64-shippable-qr,True,False,,,102210fe594ee9b33d82058545b1ed14f4c8206e,id-getter-5.html,perf_reftest_singletons,True,perf_reftest_singletons id-getter-5.html opt e10s fission stylo webrender,4767299,77,ms,firefox,,1792116527,2023-11-10 23:46:31,544.37,740891aba7f0d05a95960669bd6efe7b25177226,1330635,,,,,,,,,,,,,,,,,,,,,,,,,,,,,,,,,,,,,,,,,,,,,,,,,,,,,,,,,,,,,TN,TN
autoland,4767314,1,247a31fb40b3ac0b152bd3554743d742a3892fe3,linux1804-64-shippable-qr,True,False,,,102210fe594ee9b33d82058545b1ed14f4c8206e,id-getter-5.html,perf_reftest_singletons,True,perf_reftest_singletons id-getter-5.html opt e10s fission stylo webrender,4767299,77,ms,firefox,,1792285449,2023-11-11 06:55:04,534.94,94bbd4bd056a20549029ecbc07c9a4b5da968789,1330673,,,,,,,,,,,,,,,,,,,,,,,,,,,,,,,,,,,,,,,,,,,,,,,,,,,,,,,,,,,,,TN,TN
autoland,4767314,1,247a31fb40b3ac0b152bd3554743d742a3892fe3,linux1804-64-shippable-qr,True,False,,,102210fe594ee9b33d82058545b1ed14f4c8206e,id-getter-5.html,perf_reftest_singletons,True,perf_reftest_singletons id-getter-5.html opt e10s fission stylo webrender,4767299,77,ms,firefox,,1792323481,2023-11-11 08:27:10,539.22,29fb30143955ee92cd789fd467326c47f82f7968,1330680,,,,,,,,,,,,,,,,,,,,,,,,,,,,,,,,,,,,,,,,,,,,,,,,,,,,,,,,,,,,,TN,TN
autoland,4767314,1,247a31fb40b3ac0b152bd3554743d742a3892fe3,linux1804-64-shippable-qr,True,False,,,102210fe594ee9b33d82058545b1ed14f4c8206e,id-getter-5.html,perf_reftest_singletons,True,perf_reftest_singletons id-getter-5.html opt e10s fission stylo webrender,4767299,77,ms,firefox,,1792430067,2023-11-11 12:34:55,541.23,81243364a707b159122b0c5ee8e682567162117c,1330712,,,,,,,,,,,,,,,,,,,,,,,,,,,,,,,,,,,,,,,,,,,,,,,,,,,,,,,,,,,,,TN,TN
autoland,4767314,1,247a31fb40b3ac0b152bd3554743d742a3892fe3,linux1804-64-shippable-qr,True,False,,,102210fe594ee9b33d82058545b1ed14f4c8206e,id-getter-5.html,perf_reftest_singletons,True,perf_reftest_singletons id-getter-5.html opt e10s fission stylo webrender,4767299,77,ms,firefox,,1792714749,2023-11-11 23:06:06,530.02,3c8320ef59532128e1a7589968f497f0efcabbaf,1330750,,,,,,,,,,,,,,,,,,,,,,,,,,,,,,,,,,,,,,,,,,,,,,,,,,,,,,,,,,,,,TN,TN
autoland,4767314,1,247a31fb40b3ac0b152bd3554743d742a3892fe3,linux1804-64-shippable-qr,True,False,,,102210fe594ee9b33d82058545b1ed14f4c8206e,id-getter-5.html,perf_reftest_singletons,True,perf_reftest_singletons id-getter-5.html opt e10s fission stylo webrender,4767299,77,ms,firefox,,1792787781,2023-11-12 05:45:19,543.3,43bee97ffb8cfcea7412fb86386ea2cb2a1b9b49,1330766,,,,,,,,,,,,,,,,,,,,,,,,,,,,,,,,,,,,,,,,,,,,,,,,,,,,,,,,,,,,,TN,TN
autoland,4767314,1,247a31fb40b3ac0b152bd3554743d742a3892fe3,linux1804-64-shippable-qr,True,False,,,102210fe594ee9b33d82058545b1ed14f4c8206e,id-getter-5.html,perf_reftest_singletons,True,perf_reftest_singletons id-getter-5.html opt e10s fission stylo webrender,4767299,77,ms,firefox,,1793075464,2023-11-13 00:59:12,538.53,211dc86c8f534a950af69434fa996976b566a6a0,1330865,,,,,,,,,,,,,,,,,,,,,,,,,,,,,,,,,,,,,,,,,,,,,,,,,,,,,,,,,,,,,TN,TN
autoland,4767314,1,247a31fb40b3ac0b152bd3554743d742a3892fe3,linux1804-64-shippable-qr,True,False,,,102210fe594ee9b33d82058545b1ed14f4c8206e,id-getter-5.html,perf_reftest_singletons,True,perf_reftest_singletons id-getter-5.html opt e10s fission stylo webrender,4767299,77,ms,firefox,,1793208006,2023-11-13 10:08:58,538.15,25308a5c7e551cda7c3cfd77836eff8610462eae,1330949,,,,,,,,,,,,,,,,,,,,,,,,,,,,,,,,,,,,,,,,,,,,,,,,,,,,,,,,,,,,,TN,TN
autoland,4767314,1,247a31fb40b3ac0b152bd3554743d742a3892fe3,linux1804-64-shippable-qr,True,False,,,102210fe594ee9b33d82058545b1ed14f4c8206e,id-getter-5.html,perf_reftest_singletons,True,perf_reftest_singletons id-getter-5.html opt e10s fission stylo webrender,4767299,77,ms,firefox,,1793294034,2023-11-13 14:09:58,530.74,54d191b31d03235c75592d07a8c538749933a18f,1331049,,,,,,,,,,,,,,,,,,,,,,,,,,,,,,,,,,,,,,,,,,,,,,,,,,,,,,,,,,,,,TN,TN
autoland,4767314,1,247a31fb40b3ac0b152bd3554743d742a3892fe3,linux1804-64-shippable-qr,True,False,,,102210fe594ee9b33d82058545b1ed14f4c8206e,id-getter-5.html,perf_reftest_singletons,True,perf_reftest_singletons id-getter-5.html opt e10s fission stylo webrender,4767299,77,ms,firefox,,1793365792,2023-11-13 15:01:04,539.45,70f361f21a24a6e9fc53cb014e28172d360fa851,1331086,,,,,,,,,,,,,,,,,,,,,,,,,,,,,,,,,,,,,,,,,,,,,,,,,,,,,,,,,,,,,TN,TN
autoland,4767314,1,247a31fb40b3ac0b152bd3554743d742a3892fe3,linux1804-64-shippable-qr,True,False,,,102210fe594ee9b33d82058545b1ed14f4c8206e,id-getter-5.html,perf_reftest_singletons,True,perf_reftest_singletons id-getter-5.html opt e10s fission stylo webrender,4767299,77,ms,firefox,,1793522148,2023-11-13 18:41:52,527.59,9850dc0fc0707517b3a304d673f219842e499cac,1331218,,,,,,,,,,,,,,,,,,,,,,,,,,,,,,,,,,,,,,,,,,,,,,,,,,,,,,,,,,,,,TN,TN
autoland,4767314,1,247a31fb40b3ac0b152bd3554743d742a3892fe3,linux1804-64-shippable-qr,True,False,,,102210fe594ee9b33d82058545b1ed14f4c8206e,id-getter-5.html,perf_reftest_singletons,True,perf_reftest_singletons id-getter-5.html opt e10s fission stylo webrender,4767299,77,ms,firefox,,1793685160,2023-11-13 22:35:59,538.28,9d523f46c7d8642d6601894c5166ddcd17b6388a,1331378,,,,,,,,,,,,,,,,,,,,,,,,,,,,,,,,,,,,,,,,,,,,,,,,,,,,,,,,,,,,,TN,TN
autoland,4767314,1,247a31fb40b3ac0b152bd3554743d742a3892fe3,linux1804-64-shippable-qr,True,False,,,102210fe594ee9b33d82058545b1ed14f4c8206e,id-getter-5.html,perf_reftest_singletons,True,perf_reftest_singletons id-getter-5.html opt e10s fission stylo webrender,4767299,77,ms,firefox,,1793775617,2023-11-14 03:20:13,533.77,2628fd55e661366941f56769829687c53da4669b,1331480,,,,,,,,,,,,,,,,,,,,,,,,,,,,,,,,,,,,,,,,,,,,,,,,,,,,,,,,,,,,,TN,TN
autoland,4767314,1,247a31fb40b3ac0b152bd3554743d742a3892fe3,linux1804-64-shippable-qr,True,False,,,102210fe594ee9b33d82058545b1ed14f4c8206e,id-getter-5.html,perf_reftest_singletons,True,perf_reftest_singletons id-getter-5.html opt e10s fission stylo webrender,4767299,77,ms,firefox,,1793826560,2023-11-14 06:06:45,539.3199999999999,acdcddac0b907d2e59d6d0fa1f96fff98453093a,1331509,,,,,,,,,,,,,,,,,,,,,,,,,,,,,,,,,,,,,,,,,,,,,,,,,,,,,,,,,,,,,TN,TN
autoland,4767314,1,247a31fb40b3ac0b152bd3554743d742a3892fe3,linux1804-64-shippable-qr,True,False,,,102210fe594ee9b33d82058545b1ed14f4c8206e,id-getter-5.html,perf_reftest_singletons,True,perf_reftest_singletons id-getter-5.html opt e10s fission stylo webrender,4767299,77,ms,firefox,,1794217789,2023-11-14 18:32:45,541.8399999999999,cee24679e2a2e085bdefdbd66106fa1a805db56d,1331906,,,,,,,,,,,,,,,,,,,,,,,,,,,,,,,,,,,,,,,,,,,,,,,,,,,,,,,,,,,,,TN,TN
autoland,4767314,1,247a31fb40b3ac0b152bd3554743d742a3892fe3,linux1804-64-shippable-qr,True,False,,,102210fe594ee9b33d82058545b1ed14f4c8206e,id-getter-5.html,perf_reftest_singletons,True,perf_reftest_singletons id-getter-5.html opt e10s fission stylo webrender,4767299,77,ms,firefox,,1794318034,2023-11-14 20:17:49,550.78,45f7ef4749636f24bbab519e5d4e3851950ccacc,1331971,,,,,,,,,,,,,,,,,,,,,,,,,,,,,,,,,,,,,,,,,,,,,,,,,,,,,,,,,,,,,TN,TN
autoland,4767314,1,247a31fb40b3ac0b152bd3554743d742a3892fe3,linux1804-64-shippable-qr,True,False,,,102210fe594ee9b33d82058545b1ed14f4c8206e,id-getter-5.html,perf_reftest_singletons,True,perf_reftest_singletons id-getter-5.html opt e10s fission stylo webrender,4767299,77,ms,firefox,,1794491035,2023-11-15 01:57:11,539.72,0083ca2f4709e599083520545d538d1ee1b8356d,1332132,,,,,,,,,,,,,,,,,,,,,,,,,,,,,,,,,,,,,,,,,,,,,,,,,,,,,,,,,,,,,TN,TN
autoland,4767314,1,247a31fb40b3ac0b152bd3554743d742a3892fe3,linux1804-64-shippable-qr,True,False,,,102210fe594ee9b33d82058545b1ed14f4c8206e,id-getter-5.html,perf_reftest_singletons,True,perf_reftest_singletons id-getter-5.html opt e10s fission stylo webrender,4767299,77,ms,firefox,,1794517628,2023-11-15 03:02:01,540.12,d9f2158d4d442a658bb2029948eeebd438457667,1332148,,,,,,,,,,,,,,,,,,,,,,,,,,,,,,,,,,,,,,,,,,,,,,,,,,,,,,,,,,,,,TN,TN
autoland,4767314,1,247a31fb40b3ac0b152bd3554743d742a3892fe3,linux1804-64-shippable-qr,True,False,,,102210fe594ee9b33d82058545b1ed14f4c8206e,id-getter-5.html,perf_reftest_singletons,True,perf_reftest_singletons id-getter-5.html opt e10s fission stylo webrender,4767299,77,ms,firefox,,1794603231,2023-11-15 07:02:46,532.89,d12a09b7c773efc37f5d0e37cc52339e25f07b6c,1332195,,,,,,,,,,,,,,,,,,,,,,,,,,,,,,,,,,,,,,,,,,,,,,,,,,,,,,,,,,,,,TN,TN
autoland,4767314,1,247a31fb40b3ac0b152bd3554743d742a3892fe3,linux1804-64-shippable-qr,True,False,,,102210fe594ee9b33d82058545b1ed14f4c8206e,id-getter-5.html,perf_reftest_singletons,True,perf_reftest_singletons id-getter-5.html opt e10s fission stylo webrender,4767299,77,ms,firefox,,1794702464,2023-11-15 12:47:49,548.2,571c293cedd28db6ac86fd553e2810f40e382e80,1332324,,,,,,,,,,,,,,,,,,,,,,,,,,,,,,,,,,,,,,,,,,,,,,,,,,,,,,,,,,,,,TN,TN
autoland,4767314,1,247a31fb40b3ac0b152bd3554743d742a3892fe3,linux1804-64-shippable-qr,True,False,,,102210fe594ee9b33d82058545b1ed14f4c8206e,id-getter-5.html,perf_reftest_singletons,True,perf_reftest_singletons id-getter-5.html opt e10s fission stylo webrender,4767299,77,ms,firefox,,1794787823,2023-11-15 15:33:52,541.5999999999999,58fc056d56521455bb36e7bd4fcce81222093c75,1332438,,,,,,,,,,,,,,,,,,,,,,,,,,,,,,,,,,,,,,,,,,,,,,,,,,,,,,,,,,,,,TN,TN
autoland,4767314,1,247a31fb40b3ac0b152bd3554743d742a3892fe3,linux1804-64-shippable-qr,True,False,,,102210fe594ee9b33d82058545b1ed14f4c8206e,id-getter-5.html,perf_reftest_singletons,True,perf_reftest_singletons id-getter-5.html opt e10s fission stylo webrender,4767299,77,ms,firefox,,1794841166,2023-11-15 16:43:35,532.6700000000001,a70ee84d8943b9a1eaaf0fb3a0df60a1595f5782,1332515,,,,,,,,,,,,,,,,,,,,,,,,,,,,,,,,,,,,,,,,,,,,,,,,,,,,,,,,,,,,,TN,TN
autoland,4767314,1,247a31fb40b3ac0b152bd3554743d742a3892fe3,linux1804-64-shippable-qr,True,False,,,102210fe594ee9b33d82058545b1ed14f4c8206e,id-getter-5.html,perf_reftest_singletons,True,perf_reftest_singletons id-getter-5.html opt e10s fission stylo webrender,4767299,77,ms,firefox,,1795085207,2023-11-15 23:08:22,544.19,eb78feb610e5d895bd63b81693cde56dd08d82df,1332792,,,,,,,,,,,,,,,,,,,,,,,,,,,,,,,,,,,,,,,,,,,,,,,,,,,,,,,,,,,,,TN,TN
autoland,4767314,1,247a31fb40b3ac0b152bd3554743d742a3892fe3,linux1804-64-shippable-qr,True,False,,,102210fe594ee9b33d82058545b1ed14f4c8206e,id-getter-5.html,perf_reftest_singletons,True,perf_reftest_singletons id-getter-5.html opt e10s fission stylo webrender,4767299,77,ms,firefox,,1795263251,2023-11-16 09:33:00,526.54,ffd7ebdedeacec6717a3e8904121052ebbe61fe6,1332997,,,,,,,,,,,,,,,,,,,,,,,,,,,,,,,,,,,,,,,,,,,,,,,,,,,,,,,,,,,,,TN,TN
autoland,4767314,1,247a31fb40b3ac0b152bd3554743d742a3892fe3,linux1804-64-shippable-qr,True,False,,,102210fe594ee9b33d82058545b1ed14f4c8206e,id-getter-5.html,perf_reftest_singletons,True,perf_reftest_singletons id-getter-5.html opt e10s fission stylo webrender,4767299,77,ms,firefox,,1795364309,2023-11-16 13:34:03,562.57,71ef91d3bf98c6475cfe762c0152d5b31588182c,1333089,,,,,,,,,,,,,,,,,,,,,,,,,,,,,,,,,,,,,,,,,,,,,,,,,,,,,,,,,,,,,TN,TN
autoland,4767314,1,247a31fb40b3ac0b152bd3554743d742a3892fe3,linux1804-64-shippable-qr,True,False,,,102210fe594ee9b33d82058545b1ed14f4c8206e,id-getter-5.html,perf_reftest_singletons,True,perf_reftest_singletons id-getter-5.html opt e10s fission stylo webrender,4767299,77,ms,firefox,,1795421520,2023-11-16 15:30:11,533.3699999999999,5dba86b1842a5256c2845d69a7cebd605267d535,1333183,,,,,,,,,,,,,,,,,,,,,,,,,,,,,,,,,,,,,,,,,,,,,,,,,,,,,,,,,,,,,TN,TN
autoland,4767314,1,247a31fb40b3ac0b152bd3554743d742a3892fe3,linux1804-64-shippable-qr,True,False,,,102210fe594ee9b33d82058545b1ed14f4c8206e,id-getter-5.html,perf_reftest_singletons,True,perf_reftest_singletons id-getter-5.html opt e10s fission stylo webrender,4767299,77,ms,firefox,,1795538977,2023-11-16 20:27:49,549.9000000000001,53b2405c0e70ae3283dbbba0d568665110f0db23,1333335,,,,,,,,,,,,,,,,,,,,,,,,,,,,,,,,,,,,,,,,,,,,,,,,,,,,,,,,,,,,,TN,TN
autoland,4767314,1,247a31fb40b3ac0b152bd3554743d742a3892fe3,linux1804-64-shippable-qr,True,False,,,102210fe594ee9b33d82058545b1ed14f4c8206e,id-getter-5.html,perf_reftest_singletons,True,perf_reftest_singletons id-getter-5.html opt e10s fission stylo webrender,4767299,77,ms,firefox,,1795606041,2023-11-16 23:04:46,532.98,3b45d04f6865b297c8b2548a2c24424c5e9467e9,1333418,,,,,,,,,,,,,,,,,,,,,,,,,,,,,,,,,,,,,,,,,,,,,,,,,,,,,,,,,,,,,TN,TN
autoland,4767314,1,247a31fb40b3ac0b152bd3554743d742a3892fe3,linux1804-64-shippable-qr,True,False,,,102210fe594ee9b33d82058545b1ed14f4c8206e,id-getter-5.html,perf_reftest_singletons,True,perf_reftest_singletons id-getter-5.html opt e10s fission stylo webrender,4767299,77,ms,firefox,,1795781092,2023-11-17 06:40:14,539.93,8a71397fb808df79e78f3023bf95b46f7cc2d2a4,1333538,,,,,,,,,,,,,,,,,,,,,,,,,,,,,,,,,,,,,,,,,,,,,,,,,,,,,,,,,,,,,TN,TN
autoland,4767314,1,247a31fb40b3ac0b152bd3554743d742a3892fe3,linux1804-64-shippable-qr,True,False,,,102210fe594ee9b33d82058545b1ed14f4c8206e,id-getter-5.html,perf_reftest_singletons,True,perf_reftest_singletons id-getter-5.html opt e10s fission stylo webrender,4767299,77,ms,firefox,,1795908486,2023-11-17 10:54:07,524.39,ff5810792fa57d1b0a1076b4c90b3a83ac0242ca,1333644,,,,,,,,,,,,,,,,,,,,,,,,,,,,,,,,,,,,,,,,,,,,,,,,,,,,,,,,,,,,,TN,TN
autoland,4767314,1,247a31fb40b3ac0b152bd3554743d742a3892fe3,linux1804-64-shippable-qr,True,False,,,102210fe594ee9b33d82058545b1ed14f4c8206e,id-getter-5.html,perf_reftest_singletons,True,perf_reftest_singletons id-getter-5.html opt e10s fission stylo webrender,4767299,77,ms,firefox,,1796075895,2023-11-17 15:35:00,533.78,f3b46286b5bad609725e65f541d6609a1bafcbce,1333770,,,,,,,,,,,,,,,,,,,,,,,,,,,,,,,,,,,,,,,,,,,,,,,,,,,,,,,,,,,,,TN,TN
autoland,4767314,1,247a31fb40b3ac0b152bd3554743d742a3892fe3,linux1804-64-shippable-qr,True,False,,,102210fe594ee9b33d82058545b1ed14f4c8206e,id-getter-5.html,perf_reftest_singletons,True,perf_reftest_singletons id-getter-5.html opt e10s fission stylo webrender,4767299,77,ms,firefox,,1796202849,2023-11-17 21:05:40,525.51,b3bec7a68bb8ccbb4c637b64bec4dc0c806fecb3,1334007,,,,,,,,,,,,,,,,,,,,,,,,,,,,,,,,,,,,,,,,,,,,,,,,,,,,,,,,,,,,,TN,TN
autoland,4767314,1,247a31fb40b3ac0b152bd3554743d742a3892fe3,linux1804-64-shippable-qr,True,False,,,102210fe594ee9b33d82058545b1ed14f4c8206e,id-getter-5.html,perf_reftest_singletons,True,perf_reftest_singletons id-getter-5.html opt e10s fission stylo webrender,4767299,77,ms,firefox,,1796268843,2023-11-18 01:23:43,546.1099999999999,391181d97b6bb5b53fe8a1186c8a1a85971812de,1334085,,,,,,,,,,,,,,,,,,,,,,,,,,,,,,,,,,,,,,,,,,,,,,,,,,,,,,,,,,,,,TN,TN
autoland,4767314,1,247a31fb40b3ac0b152bd3554743d742a3892fe3,linux1804-64-shippable-qr,True,False,,,102210fe594ee9b33d82058545b1ed14f4c8206e,id-getter-5.html,perf_reftest_singletons,True,perf_reftest_singletons id-getter-5.html opt e10s fission stylo webrender,4767299,77,ms,firefox,,1796433735,2023-11-18 14:15:26,546.75,2cf1b902ea75e1237bbd69eaf02c889bc2924d10,1334153,,,,,,,,,,,,,,,,,,,,,,,,,,,,,,,,,,,,,,,,,,,,,,,,,,,,,,,,,,,,,TN,TN
autoland,4767314,1,247a31fb40b3ac0b152bd3554743d742a3892fe3,linux1804-64-shippable-qr,True,False,,,102210fe594ee9b33d82058545b1ed14f4c8206e,id-getter-5.html,perf_reftest_singletons,True,perf_reftest_singletons id-getter-5.html opt e10s fission stylo webrender,4767299,77,ms,firefox,,1796554713,2023-11-19 06:03:16,532.3900000000001,98917be406eeca58f61d8aeaf62aa4cae5be2137,1334239,,,,,,,,,,,,,,,,,,,,,,,,,,,,,,,,,,,,,,,,,,,,,,,,,,,,,,,,,,,,,TN,TN
autoland,4767314,1,247a31fb40b3ac0b152bd3554743d742a3892fe3,linux1804-64-shippable-qr,True,False,,,102210fe594ee9b33d82058545b1ed14f4c8206e,id-getter-5.html,perf_reftest_singletons,True,perf_reftest_singletons id-getter-5.html opt e10s fission stylo webrender,4767299,77,ms,firefox,,1796622351,2023-11-19 11:10:53,539.71,b403bb5b1c833d29961882402a090cf08f44c190,1334278,,,,,,,,,,,,,,,,,,,,,,,,,,,,,,,,,,,,,,,,,,,,,,,,,,,,,,,,,,,,,TN,TN
autoland,4767314,1,247a31fb40b3ac0b152bd3554743d742a3892fe3,linux1804-64-shippable-qr,True,False,,,102210fe594ee9b33d82058545b1ed14f4c8206e,id-getter-5.html,perf_reftest_singletons,True,perf_reftest_singletons id-getter-5.html opt e10s fission stylo webrender,4767299,77,ms,firefox,,1796680600,2023-11-19 15:28:11,546.18,1044018d08bd15166ae94a05bf5299b0701f4109,1334290,,,,,,,,,,,,,,,,,,,,,,,,,,,,,,,,,,,,,,,,,,,,,,,,,,,,,,,,,,,,,TN,TN
autoland,4767314,1,247a31fb40b3ac0b152bd3554743d742a3892fe3,linux1804-64-shippable-qr,True,False,,,102210fe594ee9b33d82058545b1ed14f4c8206e,id-getter-5.html,perf_reftest_singletons,True,perf_reftest_singletons id-getter-5.html opt e10s fission stylo webrender,4767299,77,ms,firefox,,1796847441,2023-11-20 01:53:49,529.1800000000001,73f60b8af6dadb15fb13d768baf6b4c3313d939b,1334371,,,,,,,,,,,,,,,,,,,,,,,,,,,,,,,,,,,,,,,,,,,,,,,,,,,,,,,,,,,,,TN,TN
autoland,4767314,1,247a31fb40b3ac0b152bd3554743d742a3892fe3,linux1804-64-shippable-qr,True,False,,,102210fe594ee9b33d82058545b1ed14f4c8206e,id-getter-5.html,perf_reftest_singletons,True,perf_reftest_singletons id-getter-5.html opt e10s fission stylo webrender,4767299,77,ms,firefox,,1796998321,2023-11-20 09:30:46,543.68,86da25fdbc81a93ed888df6b8a9f7cc128fb9b5b,1334455,,,,,,,,,,,,,,,,,,,,,,,,,,,,,,,,,,,,,,,,,,,,,,,,,,,,,,,,,,,,,TN,TN
autoland,4767314,1,247a31fb40b3ac0b152bd3554743d742a3892fe3,linux1804-64-shippable-qr,True,False,,,102210fe594ee9b33d82058545b1ed14f4c8206e,id-getter-5.html,perf_reftest_singletons,True,perf_reftest_singletons id-getter-5.html opt e10s fission stylo webrender,4767299,77,ms,firefox,,1797097732,2023-11-20 12:44:46,525.5799999999999,de35cb5de97565935b503eade2990b5c385c7293,1334619,,,,,,,,,,,,,,,,,,,,,,,,,,,,,,,,,,,,,,,,,,,,,,,,,,,,,,,,,,,,,TN,TN
autoland,4767314,1,247a31fb40b3ac0b152bd3554743d742a3892fe3,linux1804-64-shippable-qr,True,False,,,102210fe594ee9b33d82058545b1ed14f4c8206e,id-getter-5.html,perf_reftest_singletons,True,perf_reftest_singletons id-getter-5.html opt e10s fission stylo webrender,4767299,77,ms,firefox,,1797278807,2023-11-20 16:13:55,543.1800000000001,f78453d754386d0000dae39e031b91b0d0c4b07f,1334757,,,,,,,,,,,,,,,,,,,,,,,,,,,,,,,,,,,,,,,,,,,,,,,,,,,,,,,,,,,,,TN,TN
autoland,4767314,1,247a31fb40b3ac0b152bd3554743d742a3892fe3,linux1804-64-shippable-qr,True,False,,,102210fe594ee9b33d82058545b1ed14f4c8206e,id-getter-5.html,perf_reftest_singletons,True,perf_reftest_singletons id-getter-5.html opt e10s fission stylo webrender,4767299,77,ms,firefox,,1797320133,2023-11-20 18:08:54,543.02,a2089603188c4136890163ddd71b1d4e60e1c396,1334868,,,,,,,,,,,,,,,,,,,,,,,,,,,,,,,,,,,,,,,,,,,,,,,,,,,,,,,,,,,,,TN,TN
autoland,4767314,1,247a31fb40b3ac0b152bd3554743d742a3892fe3,linux1804-64-shippable-qr,True,False,,,102210fe594ee9b33d82058545b1ed14f4c8206e,id-getter-5.html,perf_reftest_singletons,True,perf_reftest_singletons id-getter-5.html opt e10s fission stylo webrender,4767299,77,ms,firefox,,1797574440,2023-11-20 23:09:27,547.3299999999999,7b567ceeead73f84de62ab77b4b6c87450b347fa,1335119,,,,,,,,,,,,,,,,,,,,,,,,,,,,,,,,,,,,,,,,,,,,,,,,,,,,,,,,,,,,,TN,TN
autoland,4767314,1,247a31fb40b3ac0b152bd3554743d742a3892fe3,linux1804-64-shippable-qr,True,False,,,102210fe594ee9b33d82058545b1ed14f4c8206e,id-getter-5.html,perf_reftest_singletons,True,perf_reftest_singletons id-getter-5.html opt e10s fission stylo webrender,4767299,77,ms,firefox,,1797661622,2023-11-21 01:49:39,534.47,b9fe9a49496aa38ca77c335f20236610ef01a582,1335206,,,,,,,,,,,,,,,,,,,,,,,,,,,,,,,,,,,,,,,,,,,,,,,,,,,,,,,,,,,,,TN,TN
autoland,4767314,1,247a31fb40b3ac0b152bd3554743d742a3892fe3,linux1804-64-shippable-qr,True,False,,,102210fe594ee9b33d82058545b1ed14f4c8206e,id-getter-5.html,perf_reftest_singletons,True,perf_reftest_singletons id-getter-5.html opt e10s fission stylo webrender,4767299,77,ms,firefox,,1797783221,2023-11-21 08:38:33,532.44,fddad0a59b2d028b2147493bf9ba8cc953d9e3eb,1335289,,,,,,,,,,,,,,,,,,,,,,,,,,,,,,,,,,,,,,,,,,,,,,,,,,,,,,,,,,,,,TN,TN
autoland,4767314,1,247a31fb40b3ac0b152bd3554743d742a3892fe3,linux1804-64-shippable-qr,True,False,,,102210fe594ee9b33d82058545b1ed14f4c8206e,id-getter-5.html,perf_reftest_singletons,True,perf_reftest_singletons id-getter-5.html opt e10s fission stylo webrender,4767299,77,ms,firefox,,1797921389,2023-11-21 12:15:20,533.55,1ff1d467cb8d49467127613245f448026cd7df9e,1335466,,,,,,,,,,,,,,,,,,,,,,,,,,,,,,,,,,,,,,,,,,,,,,,,,,,,,,,,,,,,,TN,TN
autoland,4767314,1,247a31fb40b3ac0b152bd3554743d742a3892fe3,linux1804-64-shippable-qr,True,False,,,102210fe594ee9b33d82058545b1ed14f4c8206e,id-getter-5.html,perf_reftest_singletons,True,perf_reftest_singletons id-getter-5.html opt e10s fission stylo webrender,4767299,77,ms,firefox,,1798122847,2023-11-21 17:01:46,528.1400000000001,cbc5eb28277f8e6d60fede93a822ede9eb7f01a5,1335682,,,,,,,,,,,,,,,,,,,,,,,,,,,,,,,,,,,,,,,,,,,,,,,,,,,,,,,,,,,,,TN,TN
autoland,4767314,1,247a31fb40b3ac0b152bd3554743d742a3892fe3,linux1804-64-shippable-qr,True,False,,,102210fe594ee9b33d82058545b1ed14f4c8206e,id-getter-5.html,perf_reftest_singletons,True,perf_reftest_singletons id-getter-5.html opt e10s fission stylo webrender,4767299,77,ms,firefox,,1798282838,2023-11-21 21:47:24,566.77,62f686461927825493253d0f82a43804b3eddf71,1335911,,,,,,,,,,,,,,,,,,,,,,,,,,,,,,,,,,,,,,,,,,,,,,,,,,,,,,,,,,,,,TN,TN
autoland,4767314,1,247a31fb40b3ac0b152bd3554743d742a3892fe3,linux1804-64-shippable-qr,True,False,,,102210fe594ee9b33d82058545b1ed14f4c8206e,id-getter-5.html,perf_reftest_singletons,True,perf_reftest_singletons id-getter-5.html opt e10s fission stylo webrender,4767299,77,ms,firefox,,1798260185,2023-11-21 21:50:11,531.09,ef0b50d89a7f6107932087c2c1adc2f6fd9ab06a,1335914,,,,,,,,,,,,,,,,,,,,,,,,,,,,,,,,,,,,,,,,,,,,,,,,,,,,,,,,,,,,,TN,TN
autoland,4767314,1,247a31fb40b3ac0b152bd3554743d742a3892fe3,linux1804-64-shippable-qr,True,False,,,102210fe594ee9b33d82058545b1ed14f4c8206e,id-getter-5.html,perf_reftest_singletons,True,perf_reftest_singletons id-getter-5.html opt e10s fission stylo webrender,4767299,77,ms,firefox,,1798340983,2023-11-22 01:56:32,530.52,7dc6122ebd68b46a9d4320c40c86f20c2b78984a,1336017,,,,,,,,,,,,,,,,,,,,,,,,,,,,,,,,,,,,,,,,,,,,,,,,,,,,,,,,,,,,,TN,TN
autoland,4767314,1,247a31fb40b3ac0b152bd3554743d742a3892fe3,linux1804-64-shippable-qr,True,False,,,102210fe594ee9b33d82058545b1ed14f4c8206e,id-getter-5.html,perf_reftest_singletons,True,perf_reftest_singletons id-getter-5.html opt e10s fission stylo webrender,4767299,77,ms,firefox,,1798426105,2023-11-22 05:59:37,539.35,ed20a8b98a8f2d8593dbbbd9b5df993e3e91433f,1336060,,,,,,,,,,,,,,,,,,,,,,,,,,,,,,,,,,,,,,,,,,,,,,,,,,,,,,,,,,,,,TN,TN
autoland,4767314,1,247a31fb40b3ac0b152bd3554743d742a3892fe3,linux1804-64-shippable-qr,True,False,,,102210fe594ee9b33d82058545b1ed14f4c8206e,id-getter-5.html,perf_reftest_singletons,True,perf_reftest_singletons id-getter-5.html opt e10s fission stylo webrender,4767299,77,ms,firefox,,1798459891,2023-11-22 07:16:13,532.8600000000001,0222787eb3244ffb2e62210f697d039bdef46036,1336076,,,,,,,,,,,,,,,,,,,,,,,,,,,,,,,,,,,,,,,,,,,,,,,,,,,,,,,,,,,,,TN,TN
autoland,4767314,1,247a31fb40b3ac0b152bd3554743d742a3892fe3,linux1804-64-shippable-qr,True,False,,,102210fe594ee9b33d82058545b1ed14f4c8206e,id-getter-5.html,perf_reftest_singletons,True,perf_reftest_singletons id-getter-5.html opt e10s fission stylo webrender,4767299,77,ms,firefox,,1798738329,2023-11-22 13:00:34,554.79,b90083f581e182455cf23aaacb125b728b3ccb32,1336296,,,,,,,,,,,,,,,,,,,,,,,,,,,,,,,,,,,,,,,,,,,,,,,,,,,,,,,,,,,,,TN,TN
autoland,4767314,1,247a31fb40b3ac0b152bd3554743d742a3892fe3,linux1804-64-shippable-qr,True,False,,,102210fe594ee9b33d82058545b1ed14f4c8206e,id-getter-5.html,perf_reftest_singletons,True,perf_reftest_singletons id-getter-5.html opt e10s fission stylo webrender,4767299,77,ms,firefox,,1798845334,2023-11-22 16:22:37,534.78,f4fae08660c1f3323af7bdef3ed152a3d34bc751,1336410,,,,,,,,,,,,,,,,,,,,,,,,,,,,,,,,,,,,,,,,,,,,,,,,,,,,,,,,,,,,,TN,TN
autoland,4767314,1,247a31fb40b3ac0b152bd3554743d742a3892fe3,linux1804-64-shippable-qr,True,False,,,102210fe594ee9b33d82058545b1ed14f4c8206e,id-getter-5.html,perf_reftest_singletons,True,perf_reftest_singletons id-getter-5.html opt e10s fission stylo webrender,4767299,77,ms,firefox,,1798990601,2023-11-22 19:14:54,540.19,bcdbc1e5d9a7c0fea2fcdc91ab0eebe908b34ece,1336555,,,,,,,,,,,,,,,,,,,,,,,,,,,,,,,,,,,,,,,,,,,,,,,,,,,,,,,,,,,,,TN,TN
autoland,4767314,1,247a31fb40b3ac0b152bd3554743d742a3892fe3,linux1804-64-shippable-qr,True,False,,,102210fe594ee9b33d82058545b1ed14f4c8206e,id-getter-5.html,perf_reftest_singletons,True,perf_reftest_singletons id-getter-5.html opt e10s fission stylo webrender,4767299,77,ms,firefox,,1799150111,2023-11-22 23:02:09,554.25,3122924cd341ff55738fd6a06d4bd708010c15e4,1336681,,,,,,,,,,,,,,,,,,,,,,,,,,,,,,,,,,,,,,,,,,,,,,,,,,,,,,,,,,,,,TN,TN
autoland,4767314,1,247a31fb40b3ac0b152bd3554743d742a3892fe3,linux1804-64-shippable-qr,True,False,,,102210fe594ee9b33d82058545b1ed14f4c8206e,id-getter-5.html,perf_reftest_singletons,True,perf_reftest_singletons id-getter-5.html opt e10s fission stylo webrender,4767299,77,ms,firefox,,1799387516,2023-11-23 04:10:29,530.6,8366d9b1b0ca63aa3b706dd53ce23f052221c11b,1336756,,,,,,,,,,,,,,,,,,,,,,,,,,,,,,,,,,,,,,,,,,,,,,,,,,,,,,,,,,,,,TN,TN
autoland,4767314,1,247a31fb40b3ac0b152bd3554743d742a3892fe3,linux1804-64-shippable-qr,True,False,,,102210fe594ee9b33d82058545b1ed14f4c8206e,id-getter-5.html,perf_reftest_singletons,True,perf_reftest_singletons id-getter-5.html opt e10s fission stylo webrender,4767299,77,ms,firefox,,1799491661,2023-11-23 08:19:48,530.91,023a5c518562ad97c805915ae5addfcad59d1223,1336795,,,,,,,,,,,,,,,,,,,,,,,,,,,,,,,,,,,,,,,,,,,,,,,,,,,,,,,,,,,,,TN,TN
autoland,4767314,1,247a31fb40b3ac0b152bd3554743d742a3892fe3,linux1804-64-shippable-qr,True,False,,,102210fe594ee9b33d82058545b1ed14f4c8206e,id-getter-5.html,perf_reftest_singletons,True,perf_reftest_singletons id-getter-5.html opt e10s fission stylo webrender,4767299,77,ms,firefox,,1799624367,2023-11-23 10:10:14,543.84,7392664630b156e348b2a77aef6fdd70004c9b47,1336839,,,,,,,,,,,,,,,,,,,,,,,,,,,,,,,,,,,,,,,,,,,,,,,,,,,,,,,,,,,,,TN,TN
autoland,4767314,1,247a31fb40b3ac0b152bd3554743d742a3892fe3,linux1804-64-shippable-qr,True,False,,,102210fe594ee9b33d82058545b1ed14f4c8206e,id-getter-5.html,perf_reftest_singletons,True,perf_reftest_singletons id-getter-5.html opt e10s fission stylo webrender,4767299,77,ms,firefox,,1799879452,2023-11-23 15:57:23,540.0999999999999,872aa271adfdb73a79c09de279f0001bf419850c,1337066,,,,,,,,,,,,,,,,,,,,,,,,,,,,,,,,,,,,,,,,,,,,,,,,,,,,,,,,,,,,,TN,TN
autoland,4767314,1,247a31fb40b3ac0b152bd3554743d742a3892fe3,linux1804-64-shippable-qr,True,False,,,102210fe594ee9b33d82058545b1ed14f4c8206e,id-getter-5.html,perf_reftest_singletons,True,perf_reftest_singletons id-getter-5.html opt e10s fission stylo webrender,4767299,77,ms,firefox,,1799954332,2023-11-23 19:58:47,521.08,180501fca2278e97c30e09ab097da1cb514f5ca1,1337231,,,,,,,,,,,,,,,,,,,,,,,,,,,,,,,,,,,,,,,,,,,,,,,,,,,,,,,,,,,,,TN,TN
autoland,4767314,1,247a31fb40b3ac0b152bd3554743d742a3892fe3,linux1804-64-shippable-qr,True,False,,,102210fe594ee9b33d82058545b1ed14f4c8206e,id-getter-5.html,perf_reftest_singletons,True,perf_reftest_singletons id-getter-5.html opt e10s fission stylo webrender,4767299,77,ms,firefox,,1800027144,2023-11-23 23:50:52,552.3800000000001,29d489a7e05adef3300e076dd1c46d14928ddf24,1337321,,,,,,,,,,,,,,,,,,,,,,,,,,,,,,,,,,,,,,,,,,,,,,,,,,,,,,,,,,,,,TN,TN
autoland,4767314,1,247a31fb40b3ac0b152bd3554743d742a3892fe3,linux1804-64-shippable-qr,True,False,,,102210fe594ee9b33d82058545b1ed14f4c8206e,id-getter-5.html,perf_reftest_singletons,True,perf_reftest_singletons id-getter-5.html opt e10s fission stylo webrender,4767299,77,ms,firefox,,1800234811,2023-11-24 05:36:58,530.8499999999999,dbd1a6aef0a74dc60875a4904d9eddb5ca9afbb7,1337356,,,,,,,,,,,,,,,,,,,,,,,,,,,,,,,,,,,,,,,,,,,,,,,,,,,,,,,,,,,,,TN,TN
autoland,4767314,1,247a31fb40b3ac0b152bd3554743d742a3892fe3,linux1804-64-shippable-qr,True,False,,,102210fe594ee9b33d82058545b1ed14f4c8206e,id-getter-5.html,perf_reftest_singletons,True,perf_reftest_singletons id-getter-5.html opt e10s fission stylo webrender,4767299,77,ms,firefox,,1800357423,2023-11-24 09:28:03,568.29,8bec1f302a76929843c944e27b75ddcbf1f21954,1337436,,,,,,,,,,,,,,,,,,,,,,,,,,,,,,,,,,,,,,,,,,,,,,,,,,,,,,,,,,,,,TN,TN
autoland,4767314,1,247a31fb40b3ac0b152bd3554743d742a3892fe3,linux1804-64-shippable-qr,True,False,,,102210fe594ee9b33d82058545b1ed14f4c8206e,id-getter-5.html,perf_reftest_singletons,True,perf_reftest_singletons id-getter-5.html opt e10s fission stylo webrender,4767299,77,ms,firefox,,1802220942,2023-11-24 12:25:32,536.2900000000001,6c9f279516f2889ec3edf1abd3c09709bc2737ad,1337519,,,,,,,,,,,,,,,,,,,,,,,,,,,,,,,,,,,,,,,,,,,,,,,,,,,,,,,,,,,,,TN,TN
autoland,4767314,1,247a31fb40b3ac0b152bd3554743d742a3892fe3,linux1804-64-shippable-qr,True,False,,,102210fe594ee9b33d82058545b1ed14f4c8206e,id-getter-5.html,perf_reftest_singletons,True,perf_reftest_singletons id-getter-5.html opt e10s fission stylo webrender,4767299,77,ms,firefox,,1802217540,2023-11-24 12:26:22,535.74,d40e2ab0903923603f2990dc27dcbdf5b5aa2be6,1337520,,,,,,,,,,,,,,,,,,,,,,,,,,,,,,,,,,,,,,,,,,,,,,,,,,,,,,,,,,,,,TN,TN
autoland,4767314,1,247a31fb40b3ac0b152bd3554743d742a3892fe3,linux1804-64-shippable-qr,True,False,,,102210fe594ee9b33d82058545b1ed14f4c8206e,id-getter-5.html,perf_reftest_singletons,True,perf_reftest_singletons id-getter-5.html opt e10s fission stylo webrender,4767299,77,ms,firefox,,1802217821,2023-11-24 12:48:17,529.27,9f6a51cc4271d2caa0bf41bd59592d39af755801,1337528,,,,,,,,,,,,,,,,,,,,,,,,,,,,,,,,,,,,,,,,,,,,,,,,,,,,,,,,,,,,,TN,TN
autoland,4767314,1,247a31fb40b3ac0b152bd3554743d742a3892fe3,linux1804-64-shippable-qr,True,False,,,102210fe594ee9b33d82058545b1ed14f4c8206e,id-getter-5.html,perf_reftest_singletons,True,perf_reftest_singletons id-getter-5.html opt e10s fission stylo webrender,4767299,77,ms,firefox,,1802217229,2023-11-24 13:04:23,542.4300000000001,318f8dfa7a999b83cdf3f2941ecce2b9e1080eeb,1337537,,,,,,,,,,,,,,,,,,,,,,,,,,,,,,,,,,,,,,,,,,,,,,,,,,,,,,,,,,,,,TN,TN
autoland,4767314,1,247a31fb40b3ac0b152bd3554743d742a3892fe3,linux1804-64-shippable-qr,True,False,,,102210fe594ee9b33d82058545b1ed14f4c8206e,id-getter-5.html,perf_reftest_singletons,True,perf_reftest_singletons id-getter-5.html opt e10s fission stylo webrender,4767299,77,ms,firefox,,1800434890,2023-11-24 13:31:32,546.5699999999999,1e01aa4b558aff87267a6384c318e6963b66a0d8,1337559,,,,,,,,,,,,,,,,,,,,,,,,,,,,,,,,,,,,,,,,,,,,,,,,,,,,,,,,,,,,,TN,TN
autoland,4767314,1,247a31fb40b3ac0b152bd3554743d742a3892fe3,linux1804-64-shippable-qr,True,False,,,102210fe594ee9b33d82058545b1ed14f4c8206e,id-getter-5.html,perf_reftest_singletons,True,perf_reftest_singletons id-getter-5.html opt e10s fission stylo webrender,4767299,77,ms,firefox,,1802218552,2023-11-24 13:47:37,532.97,8126bc040321728f0eee822c1b5cad45f70160e7,1337563,,,,,,,,,,,,,,,,,,,,,,,,,,,,,,,,,,,,,,,,,,,,,,,,,,,,,,,,,,,,,TN,TN
autoland,4767314,1,247a31fb40b3ac0b152bd3554743d742a3892fe3,linux1804-64-shippable-qr,True,False,,,102210fe594ee9b33d82058545b1ed14f4c8206e,id-getter-5.html,perf_reftest_singletons,True,perf_reftest_singletons id-getter-5.html opt e10s fission stylo webrender,4767299,77,ms,firefox,,1802218835,2023-11-24 13:57:36,526.22,7bc099da4541ca91ba45b362d426ddadece37032,1337572,,,,,,,,,,,,,,,,,,,,,,,,,,,,,,,,,,,,,,,,,,,,,,,,,,,,,,,,,,,,,TN,TN
autoland,4767314,1,247a31fb40b3ac0b152bd3554743d742a3892fe3,linux1804-64-shippable-qr,True,False,,,102210fe594ee9b33d82058545b1ed14f4c8206e,id-getter-5.html,perf_reftest_singletons,True,perf_reftest_singletons id-getter-5.html opt e10s fission stylo webrender,4767299,77,ms,firefox,,1802225029,2023-11-24 14:05:19,529.34,ebacc66038ee2a8d505df2d020e6ddce6f6c3913,1337578,,,,,,,,,,,,,,,,,,,,,,,,,,,,,,,,,,,,,,,,,,,,,,,,,,,,,,,,,,,,,TN,TN
autoland,4767314,1,247a31fb40b3ac0b152bd3554743d742a3892fe3,linux1804-64-shippable-qr,True,False,,,102210fe594ee9b33d82058545b1ed14f4c8206e,id-getter-5.html,perf_reftest_singletons,True,perf_reftest_singletons id-getter-5.html opt e10s fission stylo webrender,4767299,77,ms,firefox,,1802225431,2023-11-24 14:06:31,530.15,5595614a209c99e8a56701f520f79a74ca2228e8,1337580,,,,,,,,,,,,,,,,,,,,,,,,,,,,,,,,,,,,,,,,,,,,,,,,,,,,,,,,,,,,,TN,TN
autoland,4767314,1,247a31fb40b3ac0b152bd3554743d742a3892fe3,linux1804-64-shippable-qr,True,False,,,102210fe594ee9b33d82058545b1ed14f4c8206e,id-getter-5.html,perf_reftest_singletons,True,perf_reftest_singletons id-getter-5.html opt e10s fission stylo webrender,4767299,77,ms,firefox,,1800456650,2023-11-24 14:07:25,540.72,6354cfb105a6c9a46216d5c8ea95ee463892366e,1337582,,,,,,,,,,,,,,,,,,,,,,,,,,,,,,,,,,,,,,,,,,,,,,,,,,,,,,,,,,,,,TN,TN
autoland,4767314,1,247a31fb40b3ac0b152bd3554743d742a3892fe3,linux1804-64-shippable-qr,True,False,,,102210fe594ee9b33d82058545b1ed14f4c8206e,id-getter-5.html,perf_reftest_singletons,True,perf_reftest_singletons id-getter-5.html opt e10s fission stylo webrender,4767299,77,ms,firefox,,1802220983,2023-11-24 17:47:38,540.33,0d81d3a7c2dad238939f58002b2d6edb3198262b,1337697,,,,,,,,,,,,,,,,,,,,,,,,,,,,,,,,,,,,,,,,,,,,,,,,,,,,,,,,,,,,,TN,TN
autoland,4767314,1,247a31fb40b3ac0b152bd3554743d742a3892fe3,linux1804-64-shippable-qr,True,False,,,102210fe594ee9b33d82058545b1ed14f4c8206e,id-getter-5.html,perf_reftest_singletons,True,perf_reftest_singletons id-getter-5.html opt e10s fission stylo webrender,4767299,77,ms,firefox,,1802217277,2023-11-24 18:02:55,541.6899999999999,d35a63634a7aae3227c913268ce858dc772cdce6,1337704,,,,,,,,,,,,,,,,,,,,,,,,,,,,,,,,,,,,,,,,,,,,,,,,,,,,,,,,,,,,,TN,TN
autoland,4767314,1,247a31fb40b3ac0b152bd3554743d742a3892fe3,linux1804-64-shippable-qr,True,False,,,102210fe594ee9b33d82058545b1ed14f4c8206e,id-getter-5.html,perf_reftest_singletons,True,perf_reftest_singletons id-getter-5.html opt e10s fission stylo webrender,4767299,77,ms,firefox,,1802218087,2023-11-24 19:00:32,573.5899999999999,08003f41ddfff492ad6be512dca4fa733504f4e4,1337716,,,,,,,,,,,,,,,,,,,,,,,,,,,,,,,,,,,,,,,,,,,,,,,,,,,,,,,,,,,,,TN,TN
autoland,4767314,1,247a31fb40b3ac0b152bd3554743d742a3892fe3,linux1804-64-shippable-qr,True,False,,,102210fe594ee9b33d82058545b1ed14f4c8206e,id-getter-5.html,perf_reftest_singletons,True,perf_reftest_singletons id-getter-5.html opt e10s fission stylo webrender,4767299,77,ms,firefox,,1802218498,2023-11-24 19:00:32,559.48,08003f41ddfff492ad6be512dca4fa733504f4e4,1337716,,,,,,,,,,,,,,,,,,,,,,,,,,,,,,,,,,,,,,,,,,,,,,,,,,,,,,,,,,,,,TN,TN
autoland,4767314,1,247a31fb40b3ac0b152bd3554743d742a3892fe3,linux1804-64-shippable-qr,True,False,,,102210fe594ee9b33d82058545b1ed14f4c8206e,id-getter-5.html,perf_reftest_singletons,True,perf_reftest_singletons id-getter-5.html opt e10s fission stylo webrender,4767299,77,ms,firefox,,1803688085,2023-11-24 19:00:32,560.2,08003f41ddfff492ad6be512dca4fa733504f4e4,1337716,,,,,,,,,,,,,,,,,,,,,,,,,,,,,,,,,,,,,,,,,,,,,,,,,,,,,,,,,,,,,TN,TN
autoland,4767314,1,247a31fb40b3ac0b152bd3554743d742a3892fe3,linux1804-64-shippable-qr,True,False,,,102210fe594ee9b33d82058545b1ed14f4c8206e,id-getter-5.html,perf_reftest_singletons,True,perf_reftest_singletons id-getter-5.html opt e10s fission stylo webrender,4767299,77,ms,firefox,,1802219409,2023-11-24 19:53:25,573.3399999999999,3b8e34ded03ed2d3e44f720e68111c0ff3842ebd,1337726,,,,,,,,,,,,,,,,,,,,,,,,,,,,,,,,,,,,,,,,,,,,,,,,,,,,,,,,,,,,,TN,TN
autoland,4767314,1,247a31fb40b3ac0b152bd3554743d742a3892fe3,linux1804-64-shippable-qr,True,False,,,102210fe594ee9b33d82058545b1ed14f4c8206e,id-getter-5.html,perf_reftest_singletons,True,perf_reftest_singletons id-getter-5.html opt e10s fission stylo webrender,4767299,77,ms,firefox,,1802219615,2023-11-24 19:53:25,535.3,3b8e34ded03ed2d3e44f720e68111c0ff3842ebd,1337726,,,,,,,,,,,,,,,,,,,,,,,,,,,,,,,,,,,,,,,,,,,,,,,,,,,,,,,,,,,,,TN,TN
autoland,4767314,1,247a31fb40b3ac0b152bd3554743d742a3892fe3,linux1804-64-shippable-qr,True,False,,,102210fe594ee9b33d82058545b1ed14f4c8206e,id-getter-5.html,perf_reftest_singletons,True,perf_reftest_singletons id-getter-5.html opt e10s fission stylo webrender,4767299,77,ms,firefox,,1803688038,2023-11-24 19:53:25,536.74,3b8e34ded03ed2d3e44f720e68111c0ff3842ebd,1337726,,,,,,,,,,,,,,,,,,,,,,,,,,,,,,,,,,,,,,,,,,,,,,,,,,,,,,,,,,,,,TN,TN
autoland,4767314,1,247a31fb40b3ac0b152bd3554743d742a3892fe3,linux1804-64-shippable-qr,True,False,,,102210fe594ee9b33d82058545b1ed14f4c8206e,id-getter-5.html,perf_reftest_singletons,True,perf_reftest_singletons id-getter-5.html opt e10s fission stylo webrender,4767299,77,ms,firefox,,1802220241,2023-11-24 20:29:07,536.3600000000001,5795ac72f120b04bafde99c0f9db2afbc91d7113,1337734,,,,,,,,,,,,,,,,,,,,,,,,,,,,,,,,,,,,,,,,,,,,,,,,,,,,,,,,,,,,,TN,TN
autoland,4767314,1,247a31fb40b3ac0b152bd3554743d742a3892fe3,linux1804-64-shippable-qr,True,False,,,102210fe594ee9b33d82058545b1ed14f4c8206e,id-getter-5.html,perf_reftest_singletons,True,perf_reftest_singletons id-getter-5.html opt e10s fission stylo webrender,4767299,77,ms,firefox,,1802222320,2023-11-24 21:07:56,528.76,3a864838360f0b9fed4046c6799403c477d0f723,1337746,,,,,,,,,,,,,,,,,,,,,,,,,,,,,,,,,,,,,,,,,,,,,,,,,,,,,,,,,,,,,TN,TN
autoland,4767314,1,247a31fb40b3ac0b152bd3554743d742a3892fe3,linux1804-64-shippable-qr,True,False,,,102210fe594ee9b33d82058545b1ed14f4c8206e,id-getter-5.html,perf_reftest_singletons,True,perf_reftest_singletons id-getter-5.html opt e10s fission stylo webrender,4767299,77,ms,firefox,,1802223161,2023-11-24 21:07:56,536.94,3a864838360f0b9fed4046c6799403c477d0f723,1337746,,,,,,,,,,,,,,,,,,,,,,,,,,,,,,,,,,,,,,,,,,,,,,,,,,,,,,,,,,,,,TN,TN
autoland,4767314,1,247a31fb40b3ac0b152bd3554743d742a3892fe3,linux1804-64-shippable-qr,True,False,,,102210fe594ee9b33d82058545b1ed14f4c8206e,id-getter-5.html,perf_reftest_singletons,True,perf_reftest_singletons id-getter-5.html opt e10s fission stylo webrender,4767299,77,ms,firefox,,1802220128,2023-11-24 21:08:51,545.17,d2c3721057459aad0d51df770e92a9c7c71e5ce6,1337747,,,,,,,,,,,,,,,,,,,,,,,,,,,,,,,,,,,,,,,,,,,,,,,,,,,,,,,,,,,,,TN,TN
autoland,4767314,1,247a31fb40b3ac0b152bd3554743d742a3892fe3,linux1804-64-shippable-qr,True,False,,,102210fe594ee9b33d82058545b1ed14f4c8206e,id-getter-5.html,perf_reftest_singletons,True,perf_reftest_singletons id-getter-5.html opt e10s fission stylo webrender,4767299,77,ms,firefox,,1802220821,2023-11-24 21:14:42,526.02,0d2039e1ba0cb0e55ae7f4e5444f487b7784d106,1337749,,,,,,,,,,,,,,,,,,,,,,,,,,,,,,,,,,,,,,,,,,,,,,,,,,,,,,,,,,,,,TN,TN
autoland,4767314,1,247a31fb40b3ac0b152bd3554743d742a3892fe3,linux1804-64-shippable-qr,True,False,,,102210fe594ee9b33d82058545b1ed14f4c8206e,id-getter-5.html,perf_reftest_singletons,True,perf_reftest_singletons id-getter-5.html opt e10s fission stylo webrender,4767299,77,ms,firefox,,1802220903,2023-11-24 21:51:55,536.6700000000001,f905e9024322370d02da128ab9ea37861774f2a5,1337759,,,,,,,,,,,,,,,,,,,,,,,,,,,,,,,,,,,,,,,,,,,,,,,,,,,,,,,,,,,,,TN,TN
autoland,4767314,1,247a31fb40b3ac0b152bd3554743d742a3892fe3,linux1804-64-shippable-qr,True,False,,,102210fe594ee9b33d82058545b1ed14f4c8206e,id-getter-5.html,perf_reftest_singletons,True,perf_reftest_singletons id-getter-5.html opt e10s fission stylo webrender,4767299,77,ms,firefox,,1800678845,2023-11-24 21:54:25,537.89,8875acba4f482b90d60501b953fb4530b361bd8f,1337760,,,,,,,,,,,,,,,,,,,,,,,,,,,,,,,,,,,,,,,,,,,,,,,,,,,,,,,,,,,,,TN,TN
autoland,4767314,1,247a31fb40b3ac0b152bd3554743d742a3892fe3,linux1804-64-shippable-qr,True,False,,,102210fe594ee9b33d82058545b1ed14f4c8206e,id-getter-5.html,perf_reftest_singletons,True,perf_reftest_singletons id-getter-5.html opt e10s fission stylo webrender,4767299,77,ms,firefox,,1800741277,2023-11-25 04:13:26,556.68,a137631f73ce188671f50c5225295d64d427fec2,1337799,,,,,,,,,,,,,,,,,,,,,,,,,,,,,,,,,,,,,,,,,,,,,,,,,,,,,,,,,,,,,TN,TN
autoland,4767314,1,247a31fb40b3ac0b152bd3554743d742a3892fe3,linux1804-64-shippable-qr,True,False,,,102210fe594ee9b33d82058545b1ed14f4c8206e,id-getter-5.html,perf_reftest_singletons,True,perf_reftest_singletons id-getter-5.html opt e10s fission stylo webrender,4767299,77,ms,firefox,,1802244845,2023-11-25 04:24:23,536.09,c08947fa1435e555fecedb386a1cf75da3d92fea,1337802,,,,,,,,,,,,,,,,,,,,,,,,,,,,,,,,,,,,,,,,,,,,,,,,,,,,,,,,,,,,,TN,TN
autoland,4767314,1,247a31fb40b3ac0b152bd3554743d742a3892fe3,linux1804-64-shippable-qr,True,False,,,102210fe594ee9b33d82058545b1ed14f4c8206e,id-getter-5.html,perf_reftest_singletons,True,perf_reftest_singletons id-getter-5.html opt e10s fission stylo webrender,4767299,77,ms,firefox,,1802267428,2023-11-25 04:33:19,572.6700000000001,b9609b796760b69e99c2df249cb4133fc1d6d4b5,1337803,,,,,,,,,,,,,,,,,,,,,,,,,,,,,,,,,,,,,,,,,,,,,,,,,,,,,,,,,,,,,TN,TN
autoland,4767314,1,247a31fb40b3ac0b152bd3554743d742a3892fe3,linux1804-64-shippable-qr,True,False,,,102210fe594ee9b33d82058545b1ed14f4c8206e,id-getter-5.html,perf_reftest_singletons,True,perf_reftest_singletons id-getter-5.html opt e10s fission stylo webrender,4767299,77,ms,firefox,,1802245378,2023-11-25 06:21:55,545.77,0997c0f5b999a8c0c63fd099f9c26433fdd54c85,1337815,,,,,,,,,,,,,,,,,,,,,,,,,,,,,,,,,,,,,,,,,,,,,,,,,,,,,,,,,,,,,TN,TN
autoland,4767314,1,247a31fb40b3ac0b152bd3554743d742a3892fe3,linux1804-64-shippable-qr,True,False,,,102210fe594ee9b33d82058545b1ed14f4c8206e,id-getter-5.html,perf_reftest_singletons,True,perf_reftest_singletons id-getter-5.html opt e10s fission stylo webrender,4767299,77,ms,firefox,,1802262990,2023-11-25 07:03:19,527.53,edf5f9db40d89ec8482d7edf02b4559b00ba5ca1,1337822,,,,,,,,,,,,,,,,,,,,,,,,,,,,,,,,,,,,,,,,,,,,,,,,,,,,,,,,,,,,,TN,TN
autoland,4767314,1,247a31fb40b3ac0b152bd3554743d742a3892fe3,linux1804-64-shippable-qr,True,False,,,102210fe594ee9b33d82058545b1ed14f4c8206e,id-getter-5.html,perf_reftest_singletons,True,perf_reftest_singletons id-getter-5.html opt e10s fission stylo webrender,4767299,77,ms,firefox,,1800792992,2023-11-25 09:26:54,557.44,860c52f225fa7410ed4a4bf3bd0eb0846483e08d,1337840,,,,,,,,,,,,,,,,,,,,,,,,,,,,,,,,,,,,,,,,,,,,,,,,,,,,,,,,,,,,,TN,TN
autoland,4767314,1,247a31fb40b3ac0b152bd3554743d742a3892fe3,linux1804-64-shippable-qr,True,False,,,102210fe594ee9b33d82058545b1ed14f4c8206e,id-getter-5.html,perf_reftest_singletons,True,perf_reftest_singletons id-getter-5.html opt e10s fission stylo webrender,4767299,77,ms,firefox,,1800867560,2023-11-25 14:41:03,550.73,2ff68fa9f49916065f4ebb7a74c0940bf425f396,1337869,,,,,,,,,,,,,,,,,,,,,,,,,,,,,,,,,,,,,,,,,,,,,,,,,,,,,,,,,,,,,TN,TN
autoland,4767314,1,247a31fb40b3ac0b152bd3554743d742a3892fe3,linux1804-64-shippable-qr,True,False,,,102210fe594ee9b33d82058545b1ed14f4c8206e,id-getter-5.html,perf_reftest_singletons,True,perf_reftest_singletons id-getter-5.html opt e10s fission stylo webrender,4767299,77,ms,firefox,,1801002991,2023-11-26 15:57:31,537.2,0cd5e7d76f8ac3e26423c36c9d06f91a310dab45,1337946,,,,,,,,,,,,,,,,,,,,,,,,,,,,,,,,,,,,,,,,,,,,,,,,,,,,,,,,,,,,,TN,TN
autoland,4767314,1,247a31fb40b3ac0b152bd3554743d742a3892fe3,linux1804-64-shippable-qr,True,False,,,102210fe594ee9b33d82058545b1ed14f4c8206e,id-getter-5.html,perf_reftest_singletons,True,perf_reftest_singletons id-getter-5.html opt e10s fission stylo webrender,4767299,77,ms,firefox,,1801039262,2023-11-26 18:39:37,530.52,ffaaa99c517223770b014031e25b54d585f95ef2,1337950,,,,,,,,,,,,,,,,,,,,,,,,,,,,,,,,,,,,,,,,,,,,,,,,,,,,,,,,,,,,,TN,TN
autoland,4767314,1,247a31fb40b3ac0b152bd3554743d742a3892fe3,linux1804-64-shippable-qr,True,False,,,102210fe594ee9b33d82058545b1ed14f4c8206e,id-getter-5.html,perf_reftest_singletons,True,perf_reftest_singletons id-getter-5.html opt e10s fission stylo webrender,4767299,77,ms,firefox,,1801187676,2023-11-27 01:49:37,547.8000000000001,edf9292c0bc9c671afa4de12648c16622e9d418c,1337984,,,,,,,,,,,,,,,,,,,,,,,,,,,,,,,,,,,,,,,,,,,,,,,,,,,,,,,,,,,,,TN,TN
autoland,4767314,1,247a31fb40b3ac0b152bd3554743d742a3892fe3,linux1804-64-shippable-qr,True,False,,,102210fe594ee9b33d82058545b1ed14f4c8206e,id-getter-5.html,perf_reftest_singletons,True,perf_reftest_singletons id-getter-5.html opt e10s fission stylo webrender,4767299,77,ms,firefox,,1801350651,2023-11-27 10:22:36,548.1600000000001,c1a92ff5b44e8a296b847ed428ebeec04f7f8f72,1338085,,,,,,,,,,,,,,,,,,,,,,,,,,,,,,,,,,,,,,,,,,,,,,,,,,,,,,,,,,,,,TN,TN
autoland,4767314,1,247a31fb40b3ac0b152bd3554743d742a3892fe3,linux1804-64-shippable-qr,True,False,,,102210fe594ee9b33d82058545b1ed14f4c8206e,id-getter-5.html,perf_reftest_singletons,True,perf_reftest_singletons id-getter-5.html opt e10s fission stylo webrender,4767299,77,ms,firefox,,1801417190,2023-11-27 14:05:43,540.04,9ca2bcf6799b1a5f71d2d58db26f6b6c16a90427,1338215,,,,,,,,,,,,,,,,,,,,,,,,,,,,,,,,,,,,,,,,,,,,,,,,,,,,,,,,,,,,,TN,TN
autoland,4767314,1,247a31fb40b3ac0b152bd3554743d742a3892fe3,linux1804-64-shippable-qr,True,False,,,102210fe594ee9b33d82058545b1ed14f4c8206e,id-getter-5.html,perf_reftest_singletons,True,perf_reftest_singletons id-getter-5.html opt e10s fission stylo webrender,4767299,77,ms,firefox,,1801567920,2023-11-27 17:34:20,532.65,6aa54d6d7cbf1a46e62c6765c489a940322b6bca,1338399,,,,,,,,,,,,,,,,,,,,,,,,,,,,,,,,,,,,,,,,,,,,,,,,,,,,,,,,,,,,,TN,TN
autoland,4767314,1,247a31fb40b3ac0b152bd3554743d742a3892fe3,linux1804-64-shippable-qr,True,False,,,102210fe594ee9b33d82058545b1ed14f4c8206e,id-getter-5.html,perf_reftest_singletons,True,perf_reftest_singletons id-getter-5.html opt e10s fission stylo webrender,4767299,77,ms,firefox,,1801611905,2023-11-27 20:49:55,538.71,5be201dbf09fac369541142298547108c80b52dd,1338533,,,,,,,,,,,,,,,,,,,,,,,,,,,,,,,,,,,,,,,,,,,,,,,,,,,,,,,,,,,,,TN,TN
autoland,4767314,1,247a31fb40b3ac0b152bd3554743d742a3892fe3,linux1804-64-shippable-qr,True,False,,,102210fe594ee9b33d82058545b1ed14f4c8206e,id-getter-5.html,perf_reftest_singletons,True,perf_reftest_singletons id-getter-5.html opt e10s fission stylo webrender,4767299,77,ms,firefox,,1801926842,2023-11-28 05:10:16,537.01,fbcb2af38cdaecde2b2da1efc0fc49b82fa9749e,1338781,,,,,,,,,,,,,,,,,,,,,,,,,,,,,,,,,,,,,,,,,,,,,,,,,,,,,,,,,,,,,TN,TN
autoland,4767314,1,247a31fb40b3ac0b152bd3554743d742a3892fe3,linux1804-64-shippable-qr,True,False,,,102210fe594ee9b33d82058545b1ed14f4c8206e,id-getter-5.html,perf_reftest_singletons,True,perf_reftest_singletons id-getter-5.html opt e10s fission stylo webrender,4767299,77,ms,firefox,,1803690834,2023-11-28 08:00:54,546.89,5a9dc4e73f4690603070bfeefb4eac9b5260bbb7,1338827,,,,,,,,,,,,,,,,,,,,,,,,,,,,,,,,,,,,,,,,,,,,,,,,,,,,,,,,,,,,,TN,TN
autoland,4767314,1,247a31fb40b3ac0b152bd3554743d742a3892fe3,linux1804-64-shippable-qr,True,False,,,102210fe594ee9b33d82058545b1ed14f4c8206e,id-getter-5.html,perf_reftest_singletons,True,perf_reftest_singletons id-getter-5.html opt e10s fission stylo webrender,4767299,77,ms,firefox,,1803690890,2023-11-28 08:03:14,533.78,fdb4904b094e2f5249f5637fce6e126d6ffb84b3,1338832,,,,,,,,,,,,,,,,,,,,,,,,,,,,,,,,,,,,,,,,,,,,,,,,,,,,,,,,,,,,,TN,TN
autoland,4767314,1,247a31fb40b3ac0b152bd3554743d742a3892fe3,linux1804-64-shippable-qr,True,False,,,102210fe594ee9b33d82058545b1ed14f4c8206e,id-getter-5.html,perf_reftest_singletons,True,perf_reftest_singletons id-getter-5.html opt e10s fission stylo webrender,4767299,77,ms,firefox,,1802013481,2023-11-28 08:42:21,530.3900000000001,785b3d438fe5a8cba4caf5f4a2ed7250d324096c,1338855,,,,,,,,,,,,,,,,,,,,,,,,,,,,,,,,,,,,,,,,,,,,,,,,,,,,,,,,,,,,,TN,TN
autoland,4767314,1,247a31fb40b3ac0b152bd3554743d742a3892fe3,linux1804-64-shippable-qr,True,False,,,102210fe594ee9b33d82058545b1ed14f4c8206e,id-getter-5.html,perf_reftest_singletons,True,perf_reftest_singletons id-getter-5.html opt e10s fission stylo webrender,4767299,77,ms,firefox,,1803690907,2023-11-28 08:42:21,534.3,785b3d438fe5a8cba4caf5f4a2ed7250d324096c,1338855,,,,,,,,,,,,,,,,,,,,,,,,,,,,,,,,,,,,,,,,,,,,,,,,,,,,,,,,,,,,,TN,TN
autoland,4767314,1,247a31fb40b3ac0b152bd3554743d742a3892fe3,linux1804-64-shippable-qr,True,False,,,102210fe594ee9b33d82058545b1ed14f4c8206e,id-getter-5.html,perf_reftest_singletons,True,perf_reftest_singletons id-getter-5.html opt e10s fission stylo webrender,4767299,77,ms,firefox,,1803737011,2023-11-28 08:45:24,533.8599999999999,1434662b2e062b04e19f854ac72e2ee5813b56fe,1338858,,,,,,,,,,,,,,,,,,,,,,,,,,,,,,,,,,,,,,,,,,,,,,,,,,,,,,,,,,,,,TN,TN
autoland,4767314,1,247a31fb40b3ac0b152bd3554743d742a3892fe3,linux1804-64-shippable-qr,True,False,,,102210fe594ee9b33d82058545b1ed14f4c8206e,id-getter-5.html,perf_reftest_singletons,True,perf_reftest_singletons id-getter-5.html opt e10s fission stylo webrender,4767299,77,ms,firefox,,1803728517,2023-11-28 09:08:21,532.8699999999999,98d9150247ce1f0a5b642d07e2b1a65f30d1c3b2,1338874,,,,,,,,,,,,,,,,,,,,,,,,,,,,,,,,,,,,,,,,,,,,,,,,,,,,,,,,,,,,,TN,TN
autoland,4767314,1,247a31fb40b3ac0b152bd3554743d742a3892fe3,linux1804-64-shippable-qr,True,False,,,102210fe594ee9b33d82058545b1ed14f4c8206e,id-getter-5.html,perf_reftest_singletons,True,perf_reftest_singletons id-getter-5.html opt e10s fission stylo webrender,4767299,77,ms,firefox,,1803728771,2023-11-28 09:32:13,533.36,c83209529055aa40e0716f8f41f93d7f5df1a863,1338888,,,,,,,,,,,,,,,,,,,,,,,,,,,,,,,,,,,,,,,,,,,,,,,,,,,,,,,,,,,,,TN,TN
autoland,4767314,1,247a31fb40b3ac0b152bd3554743d742a3892fe3,linux1804-64-shippable-qr,True,False,,,102210fe594ee9b33d82058545b1ed14f4c8206e,id-getter-5.html,perf_reftest_singletons,True,perf_reftest_singletons id-getter-5.html opt e10s fission stylo webrender,4767299,77,ms,firefox,,1803732772,2023-11-28 09:45:45,524.97,600afc2dc0ca08647203eb5258cdf313c36114d6,1338896,,,,,,,,,,,,,,,,,,,,,,,,,,,,,,,,,,,,,,,,,,,,,,,,,,,,,,,,,,,,,TN,TN
autoland,4767314,1,247a31fb40b3ac0b152bd3554743d742a3892fe3,linux1804-64-shippable-qr,True,False,,,102210fe594ee9b33d82058545b1ed14f4c8206e,id-getter-5.html,perf_reftest_singletons,True,perf_reftest_singletons id-getter-5.html opt e10s fission stylo webrender,4767299,77,ms,firefox,,1803750809,2023-11-28 10:01:46,553.7900000000001,35576b9194fb15641d45aad342f12a3a77764436,1338903,,,,,,,,,,,,,,,,,,,,,,,,,,,,,,,,,,,,,,,,,,,,,,,,,,,,,,,,,,,,,TN,TN
autoland,4767314,1,247a31fb40b3ac0b152bd3554743d742a3892fe3,linux1804-64-shippable-qr,True,False,,,102210fe594ee9b33d82058545b1ed14f4c8206e,id-getter-5.html,perf_reftest_singletons,True,perf_reftest_singletons id-getter-5.html opt e10s fission stylo webrender,4767299,77,ms,firefox,,1803741880,2023-11-28 10:20:07,538.14,dda16057810406e5f878f71bee5ec7428c27882e,1338911,,,,,,,,,,,,,,,,,,,,,,,,,,,,,,,,,,,,,,,,,,,,,,,,,,,,,,,,,,,,,TN,TN
autoland,4767314,1,247a31fb40b3ac0b152bd3554743d742a3892fe3,linux1804-64-shippable-qr,True,False,,,102210fe594ee9b33d82058545b1ed14f4c8206e,id-getter-5.html,perf_reftest_singletons,True,perf_reftest_singletons id-getter-5.html opt e10s fission stylo webrender,4767299,77,ms,firefox,,1803748495,2023-11-28 10:20:59,532.62,9951dfb718b3bed6b051037518215251052ddc08,1338914,,,,,,,,,,,,,,,,,,,,,,,,,,,,,,,,,,,,,,,,,,,,,,,,,,,,,,,,,,,,,TN,TN
autoland,4767314,1,247a31fb40b3ac0b152bd3554743d742a3892fe3,linux1804-64-shippable-qr,True,False,,,102210fe594ee9b33d82058545b1ed14f4c8206e,id-getter-5.html,perf_reftest_singletons,True,perf_reftest_singletons id-getter-5.html opt e10s fission stylo webrender,4767299,77,ms,firefox,,1803691771,2023-11-28 11:08:05,543.4300000000001,b6dc87733e0d015a8b295ff5a191a30eced19473,1338935,,,,,,,,,,,,,,,,,,,,,,,,,,,,,,,,,,,,,,,,,,,,,,,,,,,,,,,,,,,,,TN,TN
autoland,4767314,1,247a31fb40b3ac0b152bd3554743d742a3892fe3,linux1804-64-shippable-qr,True,False,,,102210fe594ee9b33d82058545b1ed14f4c8206e,id-getter-5.html,perf_reftest_singletons,True,perf_reftest_singletons id-getter-5.html opt e10s fission stylo webrender,4767299,77,ms,firefox,,1803691556,2023-11-28 11:19:12,537.75,b8d59b82d2d8bc46ca0c6f2e652a1a91ca018e7d,1338938,,,,,,,,,,,,,,,,,,,,,,,,,,,,,,,,,,,,,,,,,,,,,,,,,,,,,,,,,,,,,TN,TN
autoland,4767314,1,247a31fb40b3ac0b152bd3554743d742a3892fe3,linux1804-64-shippable-qr,True,False,,,102210fe594ee9b33d82058545b1ed14f4c8206e,id-getter-5.html,perf_reftest_singletons,True,perf_reftest_singletons id-getter-5.html opt e10s fission stylo webrender,4767299,77,ms,firefox,,1803691262,2023-11-28 11:35:14,542.15,7d5bb9ef15c70076c01a64a076f2bf5221236429,1338948,,,,,,,,,,,,,,,,,,,,,,,,,,,,,,,,,,,,,,,,,,,,,,,,,,,,,,,,,,,,,TN,TN
autoland,4767314,1,247a31fb40b3ac0b152bd3554743d742a3892fe3,linux1804-64-shippable-qr,True,False,,,102210fe594ee9b33d82058545b1ed14f4c8206e,id-getter-5.html,perf_reftest_singletons,True,perf_reftest_singletons id-getter-5.html opt e10s fission stylo webrender,4767299,77,ms,firefox,,1803691323,2023-11-28 11:37:48,531.6500000000001,8a9d8ef97098ed02a9c5a3ae7d726c3c1256c4e6,1338949,,,,,,,,,,,,,,,,,,,,,,,,,,,,,,,,,,,,,,,,,,,,,,,,,,,,,,,,,,,,,TN,TN
autoland,4767314,1,247a31fb40b3ac0b152bd3554743d742a3892fe3,linux1804-64-shippable-qr,True,False,,,102210fe594ee9b33d82058545b1ed14f4c8206e,id-getter-5.html,perf_reftest_singletons,True,perf_reftest_singletons id-getter-5.html opt e10s fission stylo webrender,4767299,77,ms,firefox,,1803691834,2023-11-28 11:59:29,543.96,4bebd3a5c0fc1d71babc2c61b3f41dcaa5253680,1338954,,,,,,,,,,,,,,,,,,,,,,,,,,,,,,,,,,,,,,,,,,,,,,,,,,,,,,,,,,,,,TN,TN
autoland,4767314,1,247a31fb40b3ac0b152bd3554743d742a3892fe3,linux1804-64-shippable-qr,True,False,,,102210fe594ee9b33d82058545b1ed14f4c8206e,id-getter-5.html,perf_reftest_singletons,True,perf_reftest_singletons id-getter-5.html opt e10s fission stylo webrender,4767299,77,ms,firefox,,1803692046,2023-11-28 12:08:28,542.44,a757396a85d5713df7dbd532509060cfa00ebc74,1338958,,,,,,,,,,,,,,,,,,,,,,,,,,,,,,,,,,,,,,,,,,,,,,,,,,,,,,,,,,,,,TN,TN
autoland,4767314,1,247a31fb40b3ac0b152bd3554743d742a3892fe3,linux1804-64-shippable-qr,True,False,,,102210fe594ee9b33d82058545b1ed14f4c8206e,id-getter-5.html,perf_reftest_singletons,True,perf_reftest_singletons id-getter-5.html opt e10s fission stylo webrender,4767299,77,ms,firefox,,1803692392,2023-11-28 12:15:57,527.72,112fda8d10d76efe9feac341833545a8b979d782,1338961,,,,,,,,,,,,,,,,,,,,,,,,,,,,,,,,,,,,,,,,,,,,,,,,,,,,,,,,,,,,,TN,TN
autoland,4767314,1,247a31fb40b3ac0b152bd3554743d742a3892fe3,linux1804-64-shippable-qr,True,False,,,102210fe594ee9b33d82058545b1ed14f4c8206e,id-getter-5.html,perf_reftest_singletons,True,perf_reftest_singletons id-getter-5.html opt e10s fission stylo webrender,4767299,77,ms,firefox,,1803692701,2023-11-28 12:22:17,542.5699999999999,a52fe8c564ba23b251ecb87f8b5566dceb8888e5,1338965,,,,,,,,,,,,,,,,,,,,,,,,,,,,,,,,,,,,,,,,,,,,,,,,,,,,,,,,,,,,,TN,TN
autoland,4767314,1,247a31fb40b3ac0b152bd3554743d742a3892fe3,linux1804-64-shippable-qr,True,False,,,102210fe594ee9b33d82058545b1ed14f4c8206e,id-getter-5.html,perf_reftest_singletons,True,perf_reftest_singletons id-getter-5.html opt e10s fission stylo webrender,4767299,77,ms,firefox,,1803692764,2023-11-28 12:23:30,546.64,07f1e05b7235a78b56495d31d88163913c5998a2,1338967,,,,,,,,,,,,,,,,,,,,,,,,,,,,,,,,,,,,,,,,,,,,,,,,,,,,,,,,,,,,,TN,TN
autoland,4767314,1,247a31fb40b3ac0b152bd3554743d742a3892fe3,linux1804-64-shippable-qr,True,False,,,102210fe594ee9b33d82058545b1ed14f4c8206e,id-getter-5.html,perf_reftest_singletons,True,perf_reftest_singletons id-getter-5.html opt e10s fission stylo webrender,4767299,77,ms,firefox,,1802137701,2023-11-28 13:17:34,528.4300000000001,1957c4453ab1dfba8b7820dbf2fe772220e6eedc,1339007,,,,,,,,,,,,,,,,,,,,,,,,,,,,,,,,,,,,,,,,,,,,,,,,,,,,,,,,,,,,,TN,TN
autoland,4767314,1,247a31fb40b3ac0b152bd3554743d742a3892fe3,linux1804-64-shippable-qr,True,False,,,102210fe594ee9b33d82058545b1ed14f4c8206e,id-getter-5.html,perf_reftest_singletons,True,perf_reftest_singletons id-getter-5.html opt e10s fission stylo webrender,4767299,77,ms,firefox,,1802207869,2023-11-28 14:12:32,529.61,0745c3e29ba3856c91cbae74bd41d2135137bfd0,1339043,,,,,,,,,,,,,,,,,,,,,,,,,,,,,,,,,,,,,,,,,,,,,,,,,,,,,,,,,,,,,TN,TN
autoland,4767314,1,247a31fb40b3ac0b152bd3554743d742a3892fe3,linux1804-64-shippable-qr,True,False,,,102210fe594ee9b33d82058545b1ed14f4c8206e,id-getter-5.html,perf_reftest_singletons,True,perf_reftest_singletons id-getter-5.html opt e10s fission stylo webrender,4767299,77,ms,firefox,,1802300333,2023-11-28 17:36:07,540.77,691b7e1a899214d8685841da762bd2b2415fa569,1339183,,,,,,,,,,,,,,,,,,,,,,,,,,,,,,,,,,,,,,,,,,,,,,,,,,,,,,,,,,,,,TN,TN
autoland,4767314,1,247a31fb40b3ac0b152bd3554743d742a3892fe3,linux1804-64-shippable-qr,True,False,,,102210fe594ee9b33d82058545b1ed14f4c8206e,id-getter-5.html,perf_reftest_singletons,True,perf_reftest_singletons id-getter-5.html opt e10s fission stylo webrender,4767299,77,ms,firefox,,1802457030,2023-11-28 21:29:24,538.1199999999999,000fea3a9ed37b16c009c76e8af859a50c9234dc,1339366,,,,,,,,,,,,,,,,,,,,,,,,,,,,,,,,,,,,,,,,,,,,,,,,,,,,,,,,,,,,,TN,TN
autoland,4767314,1,247a31fb40b3ac0b152bd3554743d742a3892fe3,linux1804-64-shippable-qr,True,False,,,102210fe594ee9b33d82058545b1ed14f4c8206e,id-getter-5.html,perf_reftest_singletons,True,perf_reftest_singletons id-getter-5.html opt e10s fission stylo webrender,4767299,77,ms,firefox,,1802568414,2023-11-29 01:28:26,520.33,a162f6ee0eef32a68c73ddb77aa04efda3afeb7c,1339520,,,,,,,,,,,,,,,,,,,,,,,,,,,,,,,,,,,,,,,,,,,,,,,,,,,,,,,,,,,,,TN,TN
autoland,4767314,1,247a31fb40b3ac0b152bd3554743d742a3892fe3,linux1804-64-shippable-qr,True,False,,,102210fe594ee9b33d82058545b1ed14f4c8206e,id-getter-5.html,perf_reftest_singletons,True,perf_reftest_singletons id-getter-5.html opt e10s fission stylo webrender,4767299,77,ms,firefox,,1802736586,2023-11-29 06:56:45,541.48,b675f0a9e569a63bedb249150a2be6b3e15197f9,1339623,,,,,,,,,,,,,,,,,,,,,,,,,,,,,,,,,,,,,,,,,,,,,,,,,,,,,,,,,,,,,TN,TN
autoland,4767314,1,247a31fb40b3ac0b152bd3554743d742a3892fe3,linux1804-64-shippable-qr,True,False,,,102210fe594ee9b33d82058545b1ed14f4c8206e,id-getter-5.html,perf_reftest_singletons,True,perf_reftest_singletons id-getter-5.html opt e10s fission stylo webrender,4767299,77,ms,firefox,,1802804154,2023-11-29 09:02:39,591.2,66c2fb78dfe25ce9af21d0e1dd82f62dbb5da53f,1339662,,,,,,,,,,,,,,,,,,,,,,,,,,,,,,,,,,,,,,,,,,,,,,,,,,,,,,,,,,,,,TN,TN
autoland,4767314,1,247a31fb40b3ac0b152bd3554743d742a3892fe3,linux1804-64-shippable-qr,True,False,,,102210fe594ee9b33d82058545b1ed14f4c8206e,id-getter-5.html,perf_reftest_singletons,True,perf_reftest_singletons id-getter-5.html opt e10s fission stylo webrender,4767299,77,ms,firefox,,1802910108,2023-11-29 13:11:23,547.95,be2b109ddbb7f38c98c25b3c79c036f6f06f81fb,1339776,,,,,,,,,,,,,,,,,,,,,,,,,,,,,,,,,,,,,,,,,,,,,,,,,,,,,,,,,,,,,TN,TN
autoland,4767314,1,247a31fb40b3ac0b152bd3554743d742a3892fe3,linux1804-64-shippable-qr,True,False,,,102210fe594ee9b33d82058545b1ed14f4c8206e,id-getter-5.html,perf_reftest_singletons,True,perf_reftest_singletons id-getter-5.html opt e10s fission stylo webrender,4767299,77,ms,firefox,,1803065570,2023-11-29 17:15:33,547.78,0008fcc93b9b4a6aa22e3abf1888be08024320e9,1339929,,,,,,,,,,,,,,,,,,,,,,,,,,,,,,,,,,,,,,,,,,,,,,,,,,,,,,,,,,,,,TN,TN
autoland,4767314,1,247a31fb40b3ac0b152bd3554743d742a3892fe3,linux1804-64-shippable-qr,True,False,,,102210fe594ee9b33d82058545b1ed14f4c8206e,id-getter-5.html,perf_reftest_singletons,True,perf_reftest_singletons id-getter-5.html opt e10s fission stylo webrender,4767299,77,ms,firefox,,1803250779,2023-11-29 22:52:27,535.3299999999999,65a0553b296ae1432e5d18c3d2d607cacbb0a35e,1340166,,,,,,,,,,,,,,,,,,,,,,,,,,,,,,,,,,,,,,,,,,,,,,,,,,,,,,,,,,,,,TN,TN
autoland,4767314,1,247a31fb40b3ac0b152bd3554743d742a3892fe3,linux1804-64-shippable-qr,True,False,,,102210fe594ee9b33d82058545b1ed14f4c8206e,id-getter-5.html,perf_reftest_singletons,True,perf_reftest_singletons id-getter-5.html opt e10s fission stylo webrender,4767299,77,ms,firefox,,1803279538,2023-11-29 22:59:56,557.23,4bbe309179a5869e893e8f9ed2b110ef00ccec95,1340178,,,,,,,,,,,,,,,,,,,,,,,,,,,,,,,,,,,,,,,,,,,,,,,,,,,,,,,,,,,,,TN,TN
autoland,4767314,1,247a31fb40b3ac0b152bd3554743d742a3892fe3,linux1804-64-shippable-qr,True,False,,,102210fe594ee9b33d82058545b1ed14f4c8206e,id-getter-5.html,perf_reftest_singletons,True,perf_reftest_singletons id-getter-5.html opt e10s fission stylo webrender,4767299,77,ms,firefox,,1803423798,2023-11-30 04:33:01,539.0,556c8b22cbbbcc165c42b2c52ebdfd01be3cee6b,1340302,,,,,,,,,,,,,,,,,,,,,,,,,,,,,,,,,,,,,,,,,,,,,,,,,,,,,,,,,,,,,TN,TN
autoland,4767314,1,247a31fb40b3ac0b152bd3554743d742a3892fe3,linux1804-64-shippable-qr,True,False,,,102210fe594ee9b33d82058545b1ed14f4c8206e,id-getter-5.html,perf_reftest_singletons,True,perf_reftest_singletons id-getter-5.html opt e10s fission stylo webrender,4767299,77,ms,firefox,,1803520163,2023-11-30 08:51:25,540.53,43fc350794aaccc50748bce9b965590d842ef9ac,1340399,,,,,,,,,,,,,,,,,,,,,,,,,,,,,,,,,,,,,,,,,,,,,,,,,,,,,,,,,,,,,TN,TN
autoland,4767314,1,247a31fb40b3ac0b152bd3554743d742a3892fe3,linux1804-64-shippable-qr,True,False,,,102210fe594ee9b33d82058545b1ed14f4c8206e,id-getter-5.html,perf_reftest_singletons,True,perf_reftest_singletons id-getter-5.html opt e10s fission stylo webrender,4767299,77,ms,firefox,,1803579447,2023-11-30 08:52:22,548.34,b33dd40c7ea956e89c10d4e8a54f9e869a431b64,1340400,,,,,,,,,,,,,,,,,,,,,,,,,,,,,,,,,,,,,,,,,,,,,,,,,,,,,,,,,,,,,TN,TN
autoland,4767314,1,247a31fb40b3ac0b152bd3554743d742a3892fe3,linux1804-64-shippable-qr,True,False,,,102210fe594ee9b33d82058545b1ed14f4c8206e,id-getter-5.html,perf_reftest_singletons,True,perf_reftest_singletons id-getter-5.html opt e10s fission stylo webrender,4767299,77,ms,firefox,,1803667469,2023-11-30 13:07:37,539.5899999999999,120432262a8cb73f69c8d683b4ddec3a037cbd91,1340520,,,,,,,,,,,,,,,,,,,,,,,,,,,,,,,,,,,,,,,,,,,,,,,,,,,,,,,,,,,,,TN,TN
autoland,4767314,1,247a31fb40b3ac0b152bd3554743d742a3892fe3,linux1804-64-shippable-qr,True,False,,,102210fe594ee9b33d82058545b1ed14f4c8206e,id-getter-5.html,perf_reftest_singletons,True,perf_reftest_singletons id-getter-5.html opt e10s fission stylo webrender,4767299,77,ms,firefox,,1803685828,2023-11-30 13:51:04,530.2,1d1fb9d5a4974d94e8c317f226c962fd351eae27,1340541,,,,,,,,,,,,,,,,,,,,,,,,,,,,,,,,,,,,,,,,,,,,,,,,,,,,,,,,,,,,,TN,TN
autoland,4767314,1,247a31fb40b3ac0b152bd3554743d742a3892fe3,linux1804-64-shippable-qr,True,False,,,102210fe594ee9b33d82058545b1ed14f4c8206e,id-getter-5.html,perf_reftest_singletons,True,perf_reftest_singletons id-getter-5.html opt e10s fission stylo webrender,4767299,77,ms,firefox,,1803828810,2023-11-30 17:04:12,529.78,3ec1ddf45e5a6562bd1d81fe4144541880bf3a24,1340716,,,,,,,,,,,,,,,,,,,,,,,,,,,,,,,,,,,,,,,,,,,,,,,,,,,,,,,,,,,,,TN,TN
autoland,4767314,1,247a31fb40b3ac0b152bd3554743d742a3892fe3,linux1804-64-shippable-qr,True,False,,,102210fe594ee9b33d82058545b1ed14f4c8206e,id-getter-5.html,perf_reftest_singletons,True,perf_reftest_singletons id-getter-5.html opt e10s fission stylo webrender,4767299,77,ms,firefox,,1803916249,2023-11-30 20:20:14,537.0999999999999,620e49ab6438e8c933133e9b4eb7a11188514a70,1340881,,,,,,,,,,,,,,,,,,,,,,,,,,,,,,,,,,,,,,,,,,,,,,,,,,,,,,,,,,,,,TN,TN
autoland,4767314,1,247a31fb40b3ac0b152bd3554743d742a3892fe3,linux1804-64-shippable-qr,True,False,,,102210fe594ee9b33d82058545b1ed14f4c8206e,id-getter-5.html,perf_reftest_singletons,True,perf_reftest_singletons id-getter-5.html opt e10s fission stylo webrender,4767299,77,ms,firefox,,1803990149,2023-11-30 22:54:04,536.33,68378d2409bc693ef00f3f157ecaea7067df7edc,1340995,,,,,,,,,,,,,,,,,,,,,,,,,,,,,,,,,,,,,,,,,,,,,,,,,,,,,,,,,,,,,TN,TN
autoland,4767314,1,247a31fb40b3ac0b152bd3554743d742a3892fe3,linux1804-64-shippable-qr,True,False,,,102210fe594ee9b33d82058545b1ed14f4c8206e,id-getter-5.html,perf_reftest_singletons,True,perf_reftest_singletons id-getter-5.html opt e10s fission stylo webrender,4767299,77,ms,firefox,,1804093440,2023-12-01 03:29:20,532.4399999999999,a1795b069cc23fbcb93366d99b3ddfb8664f054c,1341103,,,,,,,,,,,,,,,,,,,,,,,,,,,,,,,,,,,,,,,,,,,,,,,,,,,,,,,,,,,,,TN,TN
autoland,4767314,1,247a31fb40b3ac0b152bd3554743d742a3892fe3,linux1804-64-shippable-qr,True,False,,,102210fe594ee9b33d82058545b1ed14f4c8206e,id-getter-5.html,perf_reftest_singletons,True,perf_reftest_singletons id-getter-5.html opt e10s fission stylo webrender,4767299,77,ms,firefox,,1804220805,2023-12-01 07:13:54,543.3,81869d55a8d7b3d1d573810ab4e99f63cbe11a8a,1341156,,,,,,,,,,,,,,,,,,,,,,,,,,,,,,,,,,,,,,,,,,,,,,,,,,,,,,,,,,,,,TN,TN
autoland,4767314,1,247a31fb40b3ac0b152bd3554743d742a3892fe3,linux1804-64-shippable-qr,True,False,,,102210fe594ee9b33d82058545b1ed14f4c8206e,id-getter-5.html,perf_reftest_singletons,True,perf_reftest_singletons id-getter-5.html opt e10s fission stylo webrender,4767299,77,ms,firefox,,1804339141,2023-12-01 11:47:02,529.87,7440634a33a31738fc145eeac0bb47bc73fc64a0,1341285,,,,,,,,,,,,,,,,,,,,,,,,,,,,,,,,,,,,,,,,,,,,,,,,,,,,,,,,,,,,,TN,TN
autoland,4767314,1,247a31fb40b3ac0b152bd3554743d742a3892fe3,linux1804-64-shippable-qr,True,False,,,102210fe594ee9b33d82058545b1ed14f4c8206e,id-getter-5.html,perf_reftest_singletons,True,perf_reftest_singletons id-getter-5.html opt e10s fission stylo webrender,4767299,77,ms,firefox,,1804413694,2023-12-01 14:17:01,530.8499999999999,22b9561cfef1c56a9940f5117d7ff6a754861629,1341402,,,,,,,,,,,,,,,,,,,,,,,,,,,,,,,,,,,,,,,,,,,,,,,,,,,,,,,,,,,,,TN,TN
autoland,4767314,1,247a31fb40b3ac0b152bd3554743d742a3892fe3,linux1804-64-shippable-qr,True,False,,,102210fe594ee9b33d82058545b1ed14f4c8206e,id-getter-5.html,perf_reftest_singletons,True,perf_reftest_singletons id-getter-5.html opt e10s fission stylo webrender,4767299,77,ms,firefox,,1804510447,2023-12-01 17:28:20,532.91,efe09552a4d3540f0639e50d023f74997921fa37,1341534,,,,,,,,,,,,,,,,,,,,,,,,,,,,,,,,,,,,,,,,,,,,,,,,,,,,,,,,,,,,,TN,TN
autoland,4767314,1,247a31fb40b3ac0b152bd3554743d742a3892fe3,linux1804-64-shippable-qr,True,False,,,102210fe594ee9b33d82058545b1ed14f4c8206e,id-getter-5.html,perf_reftest_singletons,True,perf_reftest_singletons id-getter-5.html opt e10s fission stylo webrender,4767299,77,ms,firefox,,1804618733,2023-12-01 20:34:55,533.62,a5a9381a759e44485d639727614ceb2b77851c90,1341661,,,,,,,,,,,,,,,,,,,,,,,,,,,,,,,,,,,,,,,,,,,,,,,,,,,,,,,,,,,,,TN,TN
autoland,4767314,1,247a31fb40b3ac0b152bd3554743d742a3892fe3,linux1804-64-shippable-qr,True,False,,,102210fe594ee9b33d82058545b1ed14f4c8206e,id-getter-5.html,perf_reftest_singletons,True,perf_reftest_singletons id-getter-5.html opt e10s fission stylo webrender,4767299,77,ms,firefox,,1804727915,2023-12-02 01:52:53,538.69,bf4c1083cec10076ccbf07f2cfc3e18b04d0bf72,1341816,,,,,,,,,,,,,,,,,,,,,,,,,,,,,,,,,,,,,,,,,,,,,,,,,,,,,,,,,,,,,TN,TN
autoland,4767314,1,247a31fb40b3ac0b152bd3554743d742a3892fe3,linux1804-64-shippable-qr,True,False,,,102210fe594ee9b33d82058545b1ed14f4c8206e,id-getter-5.html,perf_reftest_singletons,True,perf_reftest_singletons id-getter-5.html opt e10s fission stylo webrender,4767299,77,ms,firefox,,1804848573,2023-12-02 08:10:23,542.8399999999999,965cddb8421900af69da86a586e617bf7dec3b56,1341832,,,,,,,,,,,,,,,,,,,,,,,,,,,,,,,,,,,,,,,,,,,,,,,,,,,,,,,,,,,,,TN,TN
autoland,4767314,1,247a31fb40b3ac0b152bd3554743d742a3892fe3,linux1804-64-shippable-qr,True,False,,,102210fe594ee9b33d82058545b1ed14f4c8206e,id-getter-5.html,perf_reftest_singletons,True,perf_reftest_singletons id-getter-5.html opt e10s fission stylo webrender,4767299,77,ms,firefox,,1804942950,2023-12-02 14:39:28,529.89,2d582fee4916ee442de05970cc77f7be702c22a2,1341863,,,,,,,,,,,,,,,,,,,,,,,,,,,,,,,,,,,,,,,,,,,,,,,,,,,,,,,,,,,,,TN,TN
autoland,4767314,1,247a31fb40b3ac0b152bd3554743d742a3892fe3,linux1804-64-shippable-qr,True,False,,,102210fe594ee9b33d82058545b1ed14f4c8206e,id-getter-5.html,perf_reftest_singletons,True,perf_reftest_singletons id-getter-5.html opt e10s fission stylo webrender,4767299,77,ms,firefox,,1805013845,2023-12-02 18:55:31,537.3700000000001,d5a2cb7b9272b5c9cdfe4a0397c570ce5f9260bf,1341891,,,,,,,,,,,,,,,,,,,,,,,,,,,,,,,,,,,,,,,,,,,,,,,,,,,,,,,,,,,,,TN,TN
autoland,4767314,1,247a31fb40b3ac0b152bd3554743d742a3892fe3,linux1804-64-shippable-qr,True,False,,,102210fe594ee9b33d82058545b1ed14f4c8206e,id-getter-5.html,perf_reftest_singletons,True,perf_reftest_singletons id-getter-5.html opt e10s fission stylo webrender,4767299,77,ms,firefox,,1805075244,2023-12-03 00:49:27,537.06,fe75ab906c798b6697934b3789355dceb5748966,1341930,,,,,,,,,,,,,,,,,,,,,,,,,,,,,,,,,,,,,,,,,,,,,,,,,,,,,,,,,,,,,TN,TN
autoland,4767314,1,247a31fb40b3ac0b152bd3554743d742a3892fe3,linux1804-64-shippable-qr,True,False,,,102210fe594ee9b33d82058545b1ed14f4c8206e,id-getter-5.html,perf_reftest_singletons,True,perf_reftest_singletons id-getter-5.html opt e10s fission stylo webrender,4767299,77,ms,firefox,,1805104821,2023-12-03 05:05:07,536.52,8e959a7ded5f111e711c06a6728f76d3bd660699,1341942,,,,,,,,,,,,,,,,,,,,,,,,,,,,,,,,,,,,,,,,,,,,,,,,,,,,,,,,,,,,,TN,TN
autoland,4767314,1,247a31fb40b3ac0b152bd3554743d742a3892fe3,linux1804-64-shippable-qr,True,False,,,102210fe594ee9b33d82058545b1ed14f4c8206e,id-getter-5.html,perf_reftest_singletons,True,perf_reftest_singletons id-getter-5.html opt e10s fission stylo webrender,4767299,77,ms,firefox,,1805208072,2023-12-03 10:45:57,528.28,5d84c395021682cc2af1bf5da98c205cfbc32f76,1341997,,,,,,,,,,,,,,,,,,,,,,,,,,,,,,,,,,,,,,,,,,,,,,,,,,,,,,,,,,,,,TN,TN
autoland,4767314,1,247a31fb40b3ac0b152bd3554743d742a3892fe3,linux1804-64-shippable-qr,True,False,,,102210fe594ee9b33d82058545b1ed14f4c8206e,id-getter-5.html,perf_reftest_singletons,True,perf_reftest_singletons id-getter-5.html opt e10s fission stylo webrender,4767299,77,ms,firefox,,1805238801,2023-12-03 12:21:22,529.38,3445cc3f842050a3cdfc4da74ce254df933f7e7b,1342011,,,,,,,,,,,,,,,,,,,,,,,,,,,,,,,,,,,,,,,,,,,,,,,,,,,,,,,,,,,,,TN,TN
autoland,4767314,1,247a31fb40b3ac0b152bd3554743d742a3892fe3,linux1804-64-shippable-qr,True,False,,,102210fe594ee9b33d82058545b1ed14f4c8206e,id-getter-5.html,perf_reftest_singletons,True,perf_reftest_singletons id-getter-5.html opt e10s fission stylo webrender,4767299,77,ms,firefox,,1805288293,2023-12-03 18:05:44,544.12,8038f0b90bbd46dcb74eaaddf1fd1c6871dc4426,1342033,,,,,,,,,,,,,,,,,,,,,,,,,,,,,,,,,,,,,,,,,,,,,,,,,,,,,,,,,,,,,TN,TN
autoland,4767314,1,247a31fb40b3ac0b152bd3554743d742a3892fe3,linux1804-64-shippable-qr,True,False,,,102210fe594ee9b33d82058545b1ed14f4c8206e,id-getter-5.html,perf_reftest_singletons,True,perf_reftest_singletons id-getter-5.html opt e10s fission stylo webrender,4767299,77,ms,firefox,,1805407992,2023-12-04 01:54:51,532.06,369922cc5c4efad6c87b13600325eb5a989cde81,1342108,,,,,,,,,,,,,,,,,,,,,,,,,,,,,,,,,,,,,,,,,,,,,,,,,,,,,,,,,,,,,TN,TN
autoland,4767314,1,247a31fb40b3ac0b152bd3554743d742a3892fe3,linux1804-64-shippable-qr,True,False,,,102210fe594ee9b33d82058545b1ed14f4c8206e,id-getter-5.html,perf_reftest_singletons,True,perf_reftest_singletons id-getter-5.html opt e10s fission stylo webrender,4767299,77,ms,firefox,,1805669713,2023-12-04 11:05:28,561.6199999999999,223106736a61f5cc112b0cc9d38ab1f63e034f89,1342238,,,,,,,,,,,,,,,,,,,,,,,,,,,,,,,,,,,,,,,,,,,,,,,,,,,,,,,,,,,,,TN,TN
autoland,4767314,1,247a31fb40b3ac0b152bd3554743d742a3892fe3,linux1804-64-shippable-qr,True,False,,,102210fe594ee9b33d82058545b1ed14f4c8206e,id-getter-5.html,perf_reftest_singletons,True,perf_reftest_singletons id-getter-5.html opt e10s fission stylo webrender,4767299,77,ms,firefox,,1805642777,2023-12-04 11:06:23,555.76,20b709d0fa5633c408dd900f830b09af96c0465d,1342240,,,,,,,,,,,,,,,,,,,,,,,,,,,,,,,,,,,,,,,,,,,,,,,,,,,,,,,,,,,,,TN,TN
autoland,4767314,1,247a31fb40b3ac0b152bd3554743d742a3892fe3,linux1804-64-shippable-qr,True,False,,,102210fe594ee9b33d82058545b1ed14f4c8206e,id-getter-5.html,perf_reftest_singletons,True,perf_reftest_singletons id-getter-5.html opt e10s fission stylo webrender,4767299,77,ms,firefox,,1805756882,2023-12-04 14:54:31,554.01,38094e01a744c421fe469d9a01cbfe12a1ee949b,1342377,,,,,,,,,,,,,,,,,,,,,,,,,,,,,,,,,,,,,,,,,,,,,,,,,,,,,,,,,,,,,TN,TN
autoland,4767314,1,247a31fb40b3ac0b152bd3554743d742a3892fe3,linux1804-64-shippable-qr,True,False,,,102210fe594ee9b33d82058545b1ed14f4c8206e,id-getter-5.html,perf_reftest_singletons,True,perf_reftest_singletons id-getter-5.html opt e10s fission stylo webrender,4767299,77,ms,firefox,,1806044518,2023-12-04 22:13:56,534.8199999999999,3d0a5f6fd8b4a0537cb85ae502a4be6cafec1c23,1342750,,,,,,,,,,,,,,,,,,,,,,,,,,,,,,,,,,,,,,,,,,,,,,,,,,,,,,,,,,,,,TN,TN
autoland,4767314,1,247a31fb40b3ac0b152bd3554743d742a3892fe3,linux1804-64-shippable-qr,True,False,,,102210fe594ee9b33d82058545b1ed14f4c8206e,id-getter-5.html,perf_reftest_singletons,True,perf_reftest_singletons id-getter-5.html opt e10s fission stylo webrender,4767299,77,ms,firefox,,1806143867,2023-12-05 02:36:15,556.2,39486bb8305a2e3128c6ecd97d33378744922507,1342897,,,,,,,,,,,,,,,,,,,,,,,,,,,,,,,,,,,,,,,,,,,,,,,,,,,,,,,,,,,,,TN,TN
autoland,4767314,1,247a31fb40b3ac0b152bd3554743d742a3892fe3,linux1804-64-shippable-qr,True,False,,,102210fe594ee9b33d82058545b1ed14f4c8206e,id-getter-5.html,perf_reftest_singletons,True,perf_reftest_singletons id-getter-5.html opt e10s fission stylo webrender,4767299,77,ms,firefox,,1806192032,2023-12-05 03:50:36,551.55,775ade8b04da775ad41d5d135baae415863a874c,1342908,,,,,,,,,,,,,,,,,,,,,,,,,,,,,,,,,,,,,,,,,,,,,,,,,,,,,,,,,,,,,TN,TN
autoland,4767314,1,247a31fb40b3ac0b152bd3554743d742a3892fe3,linux1804-64-shippable-qr,True,False,,,102210fe594ee9b33d82058545b1ed14f4c8206e,id-getter-5.html,perf_reftest_singletons,True,perf_reftest_singletons id-getter-5.html opt e10s fission stylo webrender,4767299,77,ms,firefox,,1806356732,2023-12-05 08:48:01,530.8799999999999,429e8cc8473b4c76828d06e2f07abbeb9dbebd81,1342965,,,,,,,,,,,,,,,,,,,,,,,,,,,,,,,,,,,,,,,,,,,,,,,,,,,,,,,,,,,,,TN,TN
autoland,4767314,1,247a31fb40b3ac0b152bd3554743d742a3892fe3,linux1804-64-shippable-qr,True,False,,,102210fe594ee9b33d82058545b1ed14f4c8206e,id-getter-5.html,perf_reftest_singletons,True,perf_reftest_singletons id-getter-5.html opt e10s fission stylo webrender,4767299,77,ms,firefox,,1806372148,2023-12-05 11:07:31,531.4200000000001,10602eb918edd2ccf85a22fb60b3dc62c845c42a,1343031,,,,,,,,,,,,,,,,,,,,,,,,,,,,,,,,,,,,,,,,,,,,,,,,,,,,,,,,,,,,,TN,TN
autoland,4767314,1,247a31fb40b3ac0b152bd3554743d742a3892fe3,linux1804-64-shippable-qr,True,False,,,102210fe594ee9b33d82058545b1ed14f4c8206e,id-getter-5.html,perf_reftest_singletons,True,perf_reftest_singletons id-getter-5.html opt e10s fission stylo webrender,4767299,77,ms,firefox,,1806476255,2023-12-05 15:11:37,533.9100000000001,e603b8b016d76de025bea02bfdc1e0590166c2c0,1343145,,,,,,,,,,,,,,,,,,,,,,,,,,,,,,,,,,,,,,,,,,,,,,,,,,,,,,,,,,,,,TN,TN
autoland,4767314,1,247a31fb40b3ac0b152bd3554743d742a3892fe3,linux1804-64-shippable-qr,True,False,,,102210fe594ee9b33d82058545b1ed14f4c8206e,id-getter-5.html,perf_reftest_singletons,True,perf_reftest_singletons id-getter-5.html opt e10s fission stylo webrender,4767299,77,ms,firefox,,1806512068,2023-12-05 16:28:46,541.4300000000001,91bda8b5915b84ed6533a6620f955f271dc5aac3,1343203,,,,,,,,,,,,,,,,,,,,,,,,,,,,,,,,,,,,,,,,,,,,,,,,,,,,,,,,,,,,,TN,TN
autoland,4767314,1,247a31fb40b3ac0b152bd3554743d742a3892fe3,linux1804-64-shippable-qr,True,False,,,102210fe594ee9b33d82058545b1ed14f4c8206e,id-getter-5.html,perf_reftest_singletons,True,perf_reftest_singletons id-getter-5.html opt e10s fission stylo webrender,4767299,77,ms,firefox,,1806712664,2023-12-05 20:37:35,532.5799999999999,f778448a1da5f0622c4361d37810461a035f4627,1343409,,,,,,,,,,,,,,,,,,,,,,,,,,,,,,,,,,,,,,,,,,,,,,,,,,,,,,,,,,,,,TN,TN
autoland,4767314,1,247a31fb40b3ac0b152bd3554743d742a3892fe3,linux1804-64-shippable-qr,True,False,,,102210fe594ee9b33d82058545b1ed14f4c8206e,id-getter-5.html,perf_reftest_singletons,True,perf_reftest_singletons id-getter-5.html opt e10s fission stylo webrender,4767299,77,ms,firefox,,1806755150,2023-12-05 21:38:52,521.75,177375e24d1352ab203de0ac3aa53003c5d0ffd2,1343440,,,,,,,,,,,,,,,,,,,,,,,,,,,,,,,,,,,,,,,,,,,,,,,,,,,,,,,,,,,,,TN,TN
autoland,4767314,1,247a31fb40b3ac0b152bd3554743d742a3892fe3,linux1804-64-shippable-qr,True,False,,,102210fe594ee9b33d82058545b1ed14f4c8206e,id-getter-5.html,perf_reftest_singletons,True,perf_reftest_singletons id-getter-5.html opt e10s fission stylo webrender,4767299,77,ms,firefox,,1806897535,2023-12-06 02:13:38,542.27,30004166d9f2cc3399da68e8762c35b1b886c0dc,1343563,,,,,,,,,,,,,,,,,,,,,,,,,,,,,,,,,,,,,,,,,,,,,,,,,,,,,,,,,,,,,TN,TN
autoland,4767314,1,247a31fb40b3ac0b152bd3554743d742a3892fe3,linux1804-64-shippable-qr,True,False,,,102210fe594ee9b33d82058545b1ed14f4c8206e,id-getter-5.html,perf_reftest_singletons,True,perf_reftest_singletons id-getter-5.html opt e10s fission stylo webrender,4767299,77,ms,firefox,,1807030182,2023-12-06 09:09:58,534.98,63afa0f8febdc8b199d998d50bb76fc8f7945c3e,1343650,,,,,,,,,,,,,,,,,,,,,,,,,,,,,,,,,,,,,,,,,,,,,,,,,,,,,,,,,,,,,TN,TN
autoland,4767314,1,247a31fb40b3ac0b152bd3554743d742a3892fe3,linux1804-64-shippable-qr,True,False,,,102210fe594ee9b33d82058545b1ed14f4c8206e,id-getter-5.html,perf_reftest_singletons,True,perf_reftest_singletons id-getter-5.html opt e10s fission stylo webrender,4767299,77,ms,firefox,,1807114484,2023-12-06 13:42:54,525.5699999999999,52f516546de7ac66228e074000877d32ebf093af,1343745,,,,,,,,,,,,,,,,,,,,,,,,,,,,,,,,,,,,,,,,,,,,,,,,,,,,,,,,,,,,,TN,TN
autoland,4767314,1,247a31fb40b3ac0b152bd3554743d742a3892fe3,linux1804-64-shippable-qr,True,False,,,102210fe594ee9b33d82058545b1ed14f4c8206e,id-getter-5.html,perf_reftest_singletons,True,perf_reftest_singletons id-getter-5.html opt e10s fission stylo webrender,4767299,77,ms,firefox,,1807127310,2023-12-06 14:11:26,539.09,a035ddfc75fc597cd1df3c347d2cbbc50568f884,1343771,,,,,,,,,,,,,,,,,,,,,,,,,,,,,,,,,,,,,,,,,,,,,,,,,,,,,,,,,,,,,TN,TN
autoland,4767314,1,247a31fb40b3ac0b152bd3554743d742a3892fe3,linux1804-64-shippable-qr,True,False,,,102210fe594ee9b33d82058545b1ed14f4c8206e,id-getter-5.html,perf_reftest_singletons,True,perf_reftest_singletons id-getter-5.html opt e10s fission stylo webrender,4767299,77,ms,firefox,,1807294697,2023-12-06 18:17:17,543.59,ab110e2fcc6ab3c8e078fe970b109f482069386e,1343990,,,,,,,,,,,,,,,,,,,,,,,,,,,,,,,,,,,,,,,,,,,,,,,,,,,,,,,,,,,,,TN,TN
autoland,4767314,1,247a31fb40b3ac0b152bd3554743d742a3892fe3,linux1804-64-shippable-qr,True,False,,,102210fe594ee9b33d82058545b1ed14f4c8206e,id-getter-5.html,perf_reftest_singletons,True,perf_reftest_singletons id-getter-5.html opt e10s fission stylo webrender,4767299,77,ms,firefox,,1807428840,2023-12-06 22:50:02,523.41,f3fc0213f527ba806a10092bbadec34e00dbe4f6,1344189,,,,,,,,,,,,,,,,,,,,,,,,,,,,,,,,,,,,,,,,,,,,,,,,,,,,,,,,,,,,,TN,TN
autoland,4767314,1,247a31fb40b3ac0b152bd3554743d742a3892fe3,linux1804-64-shippable-qr,True,False,,,102210fe594ee9b33d82058545b1ed14f4c8206e,id-getter-5.html,perf_reftest_singletons,True,perf_reftest_singletons id-getter-5.html opt e10s fission stylo webrender,4767299,77,ms,firefox,,1807525459,2023-12-07 04:18:34,549.18,93a04e8835aaaf359b24f47f54d622f7d36fd813,1344290,,,,,,,,,,,,,,,,,,,,,,,,,,,,,,,,,,,,,,,,,,,,,,,,,,,,,,,,,,,,,TN,TN
autoland,4767314,1,247a31fb40b3ac0b152bd3554743d742a3892fe3,linux1804-64-shippable-qr,True,False,,,102210fe594ee9b33d82058545b1ed14f4c8206e,id-getter-5.html,perf_reftest_singletons,True,perf_reftest_singletons id-getter-5.html opt e10s fission stylo webrender,4767299,77,ms,firefox,,1807615292,2023-12-07 09:07:30,533.34,f5d904bee3fe6c9e79061b56c8499b6154f7d3ff,1344349,,,,,,,,,,,,,,,,,,,,,,,,,,,,,,,,,,,,,,,,,,,,,,,,,,,,,,,,,,,,,TN,TN
autoland,4767314,1,247a31fb40b3ac0b152bd3554743d742a3892fe3,linux1804-64-shippable-qr,True,False,,,102210fe594ee9b33d82058545b1ed14f4c8206e,id-getter-5.html,perf_reftest_singletons,True,perf_reftest_singletons id-getter-5.html opt e10s fission stylo webrender,4767299,77,ms,firefox,,1807722691,2023-12-07 12:51:56,544.76,bea12a00706c3b2951d467008996bf7e89d17e5b,1344456,,,,,,,,,,,,,,,,,,,,,,,,,,,,,,,,,,,,,,,,,,,,,,,,,,,,,,,,,,,,,TN,TN
autoland,4767314,1,247a31fb40b3ac0b152bd3554743d742a3892fe3,linux1804-64-shippable-qr,True,False,,,102210fe594ee9b33d82058545b1ed14f4c8206e,id-getter-5.html,perf_reftest_singletons,True,perf_reftest_singletons id-getter-5.html opt e10s fission stylo webrender,4767299,77,ms,firefox,,1808059082,2023-12-07 21:41:48,522.54,797281d7e3b5fdd5f6a033248fec7bd885227546,1344786,,,,,,,,,,,,,,,,,,,,,,,,,,,,,,,,,,,,,,,,,,,,,,,,,,,,,,,,,,,,,TN,TN
autoland,4767314,1,247a31fb40b3ac0b152bd3554743d742a3892fe3,linux1804-64-shippable-qr,True,False,,,102210fe594ee9b33d82058545b1ed14f4c8206e,id-getter-5.html,perf_reftest_singletons,True,perf_reftest_singletons id-getter-5.html opt e10s fission stylo webrender,4767299,77,ms,firefox,,1808107887,2023-12-07 22:56:27,567.95,c34126c5e2a85c81e511c7c4017e7f2694ddce13,1344823,,,,,,,,,,,,,,,,,,,,,,,,,,,,,,,,,,,,,,,,,,,,,,,,,,,,,,,,,,,,,TN,TN
autoland,4767314,1,247a31fb40b3ac0b152bd3554743d742a3892fe3,linux1804-64-shippable-qr,True,False,,,102210fe594ee9b33d82058545b1ed14f4c8206e,id-getter-5.html,perf_reftest_singletons,True,perf_reftest_singletons id-getter-5.html opt e10s fission stylo webrender,4767299,77,ms,firefox,,1808402850,2023-12-08 04:49:01,529.01,3152110c63b5c99048b0651867ecf7723aa5ddf8,1344948,,,,,,,,,,,,,,,,,,,,,,,,,,,,,,,,,,,,,,,,,,,,,,,,,,,,,,,,,,,,,TN,TN
autoland,4767314,1,247a31fb40b3ac0b152bd3554743d742a3892fe3,linux1804-64-shippable-qr,True,False,,,102210fe594ee9b33d82058545b1ed14f4c8206e,id-getter-5.html,perf_reftest_singletons,True,perf_reftest_singletons id-getter-5.html opt e10s fission stylo webrender,4767299,77,ms,firefox,,1808603546,2023-12-08 09:01:47,526.4,ff785fa504232b935c33c7d8c38a1cdc2f8d2d35,1345044,,,,,,,,,,,,,,,,,,,,,,,,,,,,,,,,,,,,,,,,,,,,,,,,,,,,,,,,,,,,,TN,TN
autoland,4767314,1,247a31fb40b3ac0b152bd3554743d742a3892fe3,linux1804-64-shippable-qr,True,False,,,102210fe594ee9b33d82058545b1ed14f4c8206e,id-getter-5.html,perf_reftest_singletons,True,perf_reftest_singletons id-getter-5.html opt e10s fission stylo webrender,4767299,77,ms,firefox,,1810187544,2023-12-08 10:48:01,537.01,ac7cb012517b5d42875403aebeaebfced21b1e85,1345105,,,,,,,,,,,,,,,,,,,,,,,,,,,,,,,,,,,,,,,,,,,,,,,,,,,,,,,,,,,,,TN,TN
autoland,4767314,1,247a31fb40b3ac0b152bd3554743d742a3892fe3,linux1804-64-shippable-qr,True,False,,,102210fe594ee9b33d82058545b1ed14f4c8206e,id-getter-5.html,perf_reftest_singletons,True,perf_reftest_singletons id-getter-5.html opt e10s fission stylo webrender,4767299,77,ms,firefox,,1810190462,2023-12-08 10:54:13,538.72,c20e7ebca4df4d2c4067cc8d85f98ff544039c43,1345109,,,,,,,,,,,,,,,,,,,,,,,,,,,,,,,,,,,,,,,,,,,,,,,,,,,,,,,,,,,,,TN,TN
autoland,4767314,1,247a31fb40b3ac0b152bd3554743d742a3892fe3,linux1804-64-shippable-qr,True,False,,,102210fe594ee9b33d82058545b1ed14f4c8206e,id-getter-5.html,perf_reftest_singletons,True,perf_reftest_singletons id-getter-5.html opt e10s fission stylo webrender,4767299,77,ms,firefox,,1810194262,2023-12-08 10:59:24,587.24,ad72b273da7f7ba87977241bef1d5cd9cc90a789,1345113,,,,,,,,,,,,,,,,,,,,,,,,,,,,,,,,,,,,,,,,,,,,,,,,,,,,,,,,,,,,,TN,TN
autoland,4767314,1,247a31fb40b3ac0b152bd3554743d742a3892fe3,linux1804-64-shippable-qr,True,False,,,102210fe594ee9b33d82058545b1ed14f4c8206e,id-getter-5.html,perf_reftest_singletons,True,perf_reftest_singletons id-getter-5.html opt e10s fission stylo webrender,4767299,77,ms,firefox,,1810193182,2023-12-08 11:19:31,525.47,3cd52b71681726c3c334b3bc633198f7d68d8c28,1345115,,,,,,,,,,,,,,,,,,,,,,,,,,,,,,,,,,,,,,,,,,,,,,,,,,,,,,,,,,,,,TN,TN
autoland,4767314,1,247a31fb40b3ac0b152bd3554743d742a3892fe3,linux1804-64-shippable-qr,True,False,,,102210fe594ee9b33d82058545b1ed14f4c8206e,id-getter-5.html,perf_reftest_singletons,True,perf_reftest_singletons id-getter-5.html opt e10s fission stylo webrender,4767299,77,ms,firefox,,1810192374,2023-12-08 11:36:58,532.35,efcb1145c2cf6142b2393fa6dcacab50e940ea2a,1345117,,,,,,,,,,,,,,,,,,,,,,,,,,,,,,,,,,,,,,,,,,,,,,,,,,,,,,,,,,,,,TN,TN
autoland,4767314,1,247a31fb40b3ac0b152bd3554743d742a3892fe3,linux1804-64-shippable-qr,True,False,,,102210fe594ee9b33d82058545b1ed14f4c8206e,id-getter-5.html,perf_reftest_singletons,True,perf_reftest_singletons id-getter-5.html opt e10s fission stylo webrender,4767299,77,ms,firefox,,1808703722,2023-12-08 14:53:30,531.37,84f194823b719420c22157f7e540e660397a17f2,1345173,,,,,,,,,,,,,,,,,,,,,,,,,,,,,,,,,,,,,,,,,,,,,,,,,,,,,,,,,,,,,TN,TN
autoland,4767314,1,247a31fb40b3ac0b152bd3554743d742a3892fe3,linux1804-64-shippable-qr,True,False,,,102210fe594ee9b33d82058545b1ed14f4c8206e,id-getter-5.html,perf_reftest_singletons,True,perf_reftest_singletons id-getter-5.html opt e10s fission stylo webrender,4767299,77,ms,firefox,,1810190947,2023-12-08 15:40:11,541.89,ced6cc3226e463e89aaafe79e4087a0810d3bab0,1345204,,,,,,,,,,,,,,,,,,,,,,,,,,,,,,,,,,,,,,,,,,,,,,,,,,,,,,,,,,,,,TN,TN
autoland,4767314,1,247a31fb40b3ac0b152bd3554743d742a3892fe3,linux1804-64-shippable-qr,True,False,,,102210fe594ee9b33d82058545b1ed14f4c8206e,id-getter-5.html,perf_reftest_singletons,True,perf_reftest_singletons id-getter-5.html opt e10s fission stylo webrender,4767299,77,ms,firefox,,1810191422,2023-12-08 18:31:01,528.3,63ab69dfad151fe652ddb7bbe18933664a706f22,1345292,,,,,,,,,,,,,,,,,,,,,,,,,,,,,,,,,,,,,,,,,,,,,,,,,,,,,,,,,,,,,TN,TN
autoland,4767314,1,247a31fb40b3ac0b152bd3554743d742a3892fe3,linux1804-64-shippable-qr,True,False,,,102210fe594ee9b33d82058545b1ed14f4c8206e,id-getter-5.html,perf_reftest_singletons,True,perf_reftest_singletons id-getter-5.html opt e10s fission stylo webrender,4767299,77,ms,firefox,,1810192873,2023-12-08 19:04:03,534.4,e13e17a2ce4c9af504d9b254693bd86b7a7a111b,1345315,,,,,,,,,,,,,,,,,,,,,,,,,,,,,,,,,,,,,,,,,,,,,,,,,,,,,,,,,,,,,TN,TN
autoland,4767314,1,247a31fb40b3ac0b152bd3554743d742a3892fe3,linux1804-64-shippable-qr,True,False,,,102210fe594ee9b33d82058545b1ed14f4c8206e,id-getter-5.html,perf_reftest_singletons,True,perf_reftest_singletons id-getter-5.html opt e10s fission stylo webrender,4767299,77,ms,firefox,,1808826831,2023-12-08 20:09:00,543.65,6f5601bcf5ef9fa22b46e44e1d5e34893a04fc9e,1345337,,,,,,,,,,,,,,,,,,,,,,,,,,,,,,,,,,,,,,,,,,,,,,,,,,,,,,,,,,,,,TN,TN
autoland,4767314,1,247a31fb40b3ac0b152bd3554743d742a3892fe3,linux1804-64-shippable-qr,True,False,,,102210fe594ee9b33d82058545b1ed14f4c8206e,id-getter-5.html,perf_reftest_singletons,True,perf_reftest_singletons id-getter-5.html opt e10s fission stylo webrender,4767299,77,ms,firefox,,1810077148,2023-12-08 22:11:19,536.46,8839a3ba62436bd0ea7e5bd07e2b63a8d45b8609,1345414,,,,,,,,,,,,,,,,,,,,,,,,,,,,,,,,,,,,,,,,,,,,,,,,,,,,,,,,,,,,,TN,TN
autoland,4767314,1,247a31fb40b3ac0b152bd3554743d742a3892fe3,linux1804-64-shippable-qr,True,False,,,102210fe594ee9b33d82058545b1ed14f4c8206e,id-getter-5.html,perf_reftest_singletons,True,perf_reftest_singletons id-getter-5.html opt e10s fission stylo webrender,4767299,77,ms,firefox,,1810192110,2023-12-08 23:35:46,528.54,76af96bf48b490aae113736da12fe4769c89e819,1345478,,,,,,,,,,,,,,,,,,,,,,,,,,,,,,,,,,,,,,,,,,,,,,,,,,,,,,,,,,,,,TN,TN
autoland,4767314,1,247a31fb40b3ac0b152bd3554743d742a3892fe3,linux1804-64-shippable-qr,True,False,,,102210fe594ee9b33d82058545b1ed14f4c8206e,id-getter-5.html,perf_reftest_singletons,True,perf_reftest_singletons id-getter-5.html opt e10s fission stylo webrender,4767299,77,ms,firefox,,1810187090,2023-12-08 23:36:38,525.8699999999999,12b53a3f19ff688bf80bd723e03511678147b7a7,1345480,,,,,,,,,,,,,,,,,,,,,,,,,,,,,,,,,,,,,,,,,,,,,,,,,,,,,,,,,,,,,TN,TN
autoland,4767314,1,247a31fb40b3ac0b152bd3554743d742a3892fe3,linux1804-64-shippable-qr,True,False,,,102210fe594ee9b33d82058545b1ed14f4c8206e,id-getter-5.html,perf_reftest_singletons,True,perf_reftest_singletons id-getter-5.html opt e10s fission stylo webrender,4767299,77,ms,firefox,,1810186450,2023-12-08 23:37:35,533.88,f5094efab3559951c54ae24fef163c54cbdc72f5,1345481,,,,,,,,,,,,,,,,,,,,,,,,,,,,,,,,,,,,,,,,,,,,,,,,,,,,,,,,,,,,,TN,TN
autoland,4767314,1,247a31fb40b3ac0b152bd3554743d742a3892fe3,linux1804-64-shippable-qr,True,False,,,102210fe594ee9b33d82058545b1ed14f4c8206e,id-getter-5.html,perf_reftest_singletons,True,perf_reftest_singletons id-getter-5.html opt e10s fission stylo webrender,4767299,77,ms,firefox,,1810191835,2023-12-08 23:39:10,527.51,d1fa343eb9bc8553f0c8352be15f2e2f07243ffb,1345482,,,,,,,,,,,,,,,,,,,,,,,,,,,,,,,,,,,,,,,,,,,,,,,,,,,,,,,,,,,,,TN,TN
autoland,4767314,1,247a31fb40b3ac0b152bd3554743d742a3892fe3,linux1804-64-shippable-qr,True,False,,,102210fe594ee9b33d82058545b1ed14f4c8206e,id-getter-5.html,perf_reftest_singletons,True,perf_reftest_singletons id-getter-5.html opt e10s fission stylo webrender,4767299,77,ms,firefox,,1810076750,2023-12-08 23:40:08,529.6400000000001,7ca7d7ab66453b81c86545a277ab0fdde9f19171,1345483,,,,,,,,,,,,,,,,,,,,,,,,,,,,,,,,,,,,,,,,,,,,,,,,,,,,,,,,,,,,,TN,TN
autoland,4767314,1,247a31fb40b3ac0b152bd3554743d742a3892fe3,linux1804-64-shippable-qr,True,False,,,102210fe594ee9b33d82058545b1ed14f4c8206e,id-getter-5.html,perf_reftest_singletons,True,perf_reftest_singletons id-getter-5.html opt e10s fission stylo webrender,4767299,77,ms,firefox,,1810124546,2023-12-08 23:41:07,539.04,0dfeaf41028d13f9dd98b106e262c1deb255398d,1345484,,,,,,,,,,,,,,,,,,,,,,,,,,,,,,,,,,,,,,,,,,,,,,,,,,,,,,,,,,,,,TN,TN
autoland,4767314,1,247a31fb40b3ac0b152bd3554743d742a3892fe3,linux1804-64-shippable-qr,True,False,,,102210fe594ee9b33d82058545b1ed14f4c8206e,id-getter-5.html,perf_reftest_singletons,True,perf_reftest_singletons id-getter-5.html opt e10s fission stylo webrender,4767299,77,ms,firefox,,1810187609,2023-12-08 23:42:07,526.49,4c94f36fbf4d0c818e840e492def799d93876265,1345485,,,,,,,,,,,,,,,,,,,,,,,,,,,,,,,,,,,,,,,,,,,,,,,,,,,,,,,,,,,,,TN,TN
autoland,4767314,1,247a31fb40b3ac0b152bd3554743d742a3892fe3,linux1804-64-shippable-qr,True,False,,,102210fe594ee9b33d82058545b1ed14f4c8206e,id-getter-5.html,perf_reftest_singletons,True,perf_reftest_singletons id-getter-5.html opt e10s fission stylo webrender,4767299,77,ms,firefox,,1811756116,2023-12-08 23:42:07,530.5699999999999,4c94f36fbf4d0c818e840e492def799d93876265,1345485,,,,,,,,,,,,,,,,,,,,,,,,,,,,,,,,,,,,,,,,,,,,,,,,,,,,,,,,,,,,,TN,TN
autoland,4767314,1,247a31fb40b3ac0b152bd3554743d742a3892fe3,linux1804-64-shippable-qr,True,False,,,102210fe594ee9b33d82058545b1ed14f4c8206e,id-getter-5.html,perf_reftest_singletons,True,perf_reftest_singletons id-getter-5.html opt e10s fission stylo webrender,4767299,77,ms,firefox,,1811756315,2023-12-08 23:42:07,524.6099999999999,4c94f36fbf4d0c818e840e492def799d93876265,1345485,,,,,,,,,,,,,,,,,,,,,,,,,,,,,,,,,,,,,,,,,,,,,,,,,,,,,,,,,,,,,TN,TN
autoland,4767314,1,247a31fb40b3ac0b152bd3554743d742a3892fe3,linux1804-64-shippable-qr,True,False,,,102210fe594ee9b33d82058545b1ed14f4c8206e,id-getter-5.html,perf_reftest_singletons,True,perf_reftest_singletons id-getter-5.html opt e10s fission stylo webrender,4767299,77,ms,firefox,,1811756379,2023-12-08 23:42:07,530.72,4c94f36fbf4d0c818e840e492def799d93876265,1345485,,,,,,,,,,,,,,,,,,,,,,,,,,,,,,,,,,,,,,,,,,,,,,,,,,,,,,,,,,,,,TN,TN
autoland,4767314,1,247a31fb40b3ac0b152bd3554743d742a3892fe3,linux1804-64-shippable-qr,True,False,,,102210fe594ee9b33d82058545b1ed14f4c8206e,id-getter-5.html,perf_reftest_singletons,True,perf_reftest_singletons id-getter-5.html opt e10s fission stylo webrender,4767299,77,ms,firefox,,1811756469,2023-12-08 23:42:07,526.1999999999999,4c94f36fbf4d0c818e840e492def799d93876265,1345485,,,,,,,,,,,,,,,,,,,,,,,,,,,,,,,,,,,,,,,,,,,,,,,,,,,,,,,,,,,,,TN,TN
autoland,4767314,1,247a31fb40b3ac0b152bd3554743d742a3892fe3,linux1804-64-shippable-qr,True,False,,,102210fe594ee9b33d82058545b1ed14f4c8206e,id-getter-5.html,perf_reftest_singletons,True,perf_reftest_singletons id-getter-5.html opt e10s fission stylo webrender,4767299,77,ms,firefox,,1810187140,2023-12-08 23:42:59,541.04,42f4ed33c46d1f9bfa79ef17d3b579e90f2c2219,1345486,,,,,,,,,,,,,,,,,,,,,,,,,,,,,,,,,,,,,,,,,,,,,,,,,,,,,,,,,,,,,TN,TN
autoland,4767314,1,247a31fb40b3ac0b152bd3554743d742a3892fe3,linux1804-64-shippable-qr,True,False,,,102210fe594ee9b33d82058545b1ed14f4c8206e,id-getter-5.html,perf_reftest_singletons,True,perf_reftest_singletons id-getter-5.html opt e10s fission stylo webrender,4767299,77,ms,firefox,,1811756115,2023-12-08 23:42:59,525.04,42f4ed33c46d1f9bfa79ef17d3b579e90f2c2219,1345486,,,,,,,,,,,,,,,,,,,,,,,,,,,,,,,,,,,,,,,,,,,,,,,,,,,,,,,,,,,,,TN,TN
autoland,4767314,1,247a31fb40b3ac0b152bd3554743d742a3892fe3,linux1804-64-shippable-qr,True,False,,,102210fe594ee9b33d82058545b1ed14f4c8206e,id-getter-5.html,perf_reftest_singletons,True,perf_reftest_singletons id-getter-5.html opt e10s fission stylo webrender,4767299,77,ms,firefox,,1811756020,2023-12-08 23:42:59,529.39,42f4ed33c46d1f9bfa79ef17d3b579e90f2c2219,1345486,,,,,,,,,,,,,,,,,,,,,,,,,,,,,,,,,,,,,,,,,,,,,,,,,,,,,,,,,,,,,TN,TN
autoland,4767314,1,247a31fb40b3ac0b152bd3554743d742a3892fe3,linux1804-64-shippable-qr,True,False,,,102210fe594ee9b33d82058545b1ed14f4c8206e,id-getter-5.html,perf_reftest_singletons,True,perf_reftest_singletons id-getter-5.html opt e10s fission stylo webrender,4767299,77,ms,firefox,,1811756265,2023-12-08 23:42:59,537.8100000000001,42f4ed33c46d1f9bfa79ef17d3b579e90f2c2219,1345486,,,,,,,,,,,,,,,,,,,,,,,,,,,,,,,,,,,,,,,,,,,,,,,,,,,,,,,,,,,,,TN,TN
autoland,4767314,1,247a31fb40b3ac0b152bd3554743d742a3892fe3,linux1804-64-shippable-qr,True,False,,,102210fe594ee9b33d82058545b1ed14f4c8206e,id-getter-5.html,perf_reftest_singletons,True,perf_reftest_singletons id-getter-5.html opt e10s fission stylo webrender,4767299,77,ms,firefox,,1811755762,2023-12-08 23:42:59,522.6400000000001,42f4ed33c46d1f9bfa79ef17d3b579e90f2c2219,1345486,,,,,,,,,,,,,,,,,,,,,,,,,,,,,,,,,,,,,,,,,,,,,,,,,,,,,,,,,,,,,TN,TN
autoland,4767314,1,247a31fb40b3ac0b152bd3554743d742a3892fe3,linux1804-64-shippable-qr,True,False,,,102210fe594ee9b33d82058545b1ed14f4c8206e,id-getter-5.html,perf_reftest_singletons,True,perf_reftest_singletons id-getter-5.html opt e10s fission stylo webrender,4767299,77,ms,firefox,,1811755838,2023-12-08 23:42:59,523.81,42f4ed33c46d1f9bfa79ef17d3b579e90f2c2219,1345486,,,,,,,,,,,,,,,,,,,,,,,,,,,,,,,,,,,,,,,,,,,,,,,,,,,,,,,,,,,,,TN,TN
autoland,4767314,1,247a31fb40b3ac0b152bd3554743d742a3892fe3,linux1804-64-shippable-qr,True,False,,,102210fe594ee9b33d82058545b1ed14f4c8206e,id-getter-5.html,perf_reftest_singletons,True,perf_reftest_singletons id-getter-5.html opt e10s fission stylo webrender,4767299,77,ms,firefox,,1811756255,2023-12-08 23:42:59,539.48,42f4ed33c46d1f9bfa79ef17d3b579e90f2c2219,1345486,,,,,,,,,,,,,,,,,,,,,,,,,,,,,,,,,,,,,,,,,,,,,,,,,,,,,,,,,,,,,TN,TN
autoland,4767314,1,247a31fb40b3ac0b152bd3554743d742a3892fe3,linux1804-64-shippable-qr,True,False,,,102210fe594ee9b33d82058545b1ed14f4c8206e,id-getter-5.html,perf_reftest_singletons,True,perf_reftest_singletons id-getter-5.html opt e10s fission stylo webrender,4767299,77,ms,firefox,,1809018355,2023-12-09 00:35:37,530.5,5e7ca7b9c60d764540bfc20b243ffaa67dfbfaa9,1345495,,,,,,,,,,,,,,,,,,,,,,,,,,,,,,,,,,,,,,,,,,,,,,,,,,,,,,,,,,,,,TN,TN
autoland,4767314,1,247a31fb40b3ac0b152bd3554743d742a3892fe3,linux1804-64-shippable-qr,True,False,,,102210fe594ee9b33d82058545b1ed14f4c8206e,id-getter-5.html,perf_reftest_singletons,True,perf_reftest_singletons id-getter-5.html opt e10s fission stylo webrender,4767299,77,ms,firefox,,1811755128,2023-12-09 00:35:37,524.3,5e7ca7b9c60d764540bfc20b243ffaa67dfbfaa9,1345495,,,,,,,,,,,,,,,,,,,,,,,,,,,,,,,,,,,,,,,,,,,,,,,,,,,,,,,,,,,,,TN,TN
autoland,4767314,1,247a31fb40b3ac0b152bd3554743d742a3892fe3,linux1804-64-shippable-qr,True,False,,,102210fe594ee9b33d82058545b1ed14f4c8206e,id-getter-5.html,perf_reftest_singletons,True,perf_reftest_singletons id-getter-5.html opt e10s fission stylo webrender,4767299,77,ms,firefox,,1811755179,2023-12-09 00:35:37,526.5799999999999,5e7ca7b9c60d764540bfc20b243ffaa67dfbfaa9,1345495,,,,,,,,,,,,,,,,,,,,,,,,,,,,,,,,,,,,,,,,,,,,,,,,,,,,,,,,,,,,,TN,TN
autoland,4767314,1,247a31fb40b3ac0b152bd3554743d742a3892fe3,linux1804-64-shippable-qr,True,False,,,102210fe594ee9b33d82058545b1ed14f4c8206e,id-getter-5.html,perf_reftest_singletons,True,perf_reftest_singletons id-getter-5.html opt e10s fission stylo webrender,4767299,77,ms,firefox,,1811756223,2023-12-09 00:35:37,538.79,5e7ca7b9c60d764540bfc20b243ffaa67dfbfaa9,1345495,,,,,,,,,,,,,,,,,,,,,,,,,,,,,,,,,,,,,,,,,,,,,,,,,,,,,,,,,,,,,TN,TN
autoland,4767314,1,247a31fb40b3ac0b152bd3554743d742a3892fe3,linux1804-64-shippable-qr,True,False,,,102210fe594ee9b33d82058545b1ed14f4c8206e,id-getter-5.html,perf_reftest_singletons,True,perf_reftest_singletons id-getter-5.html opt e10s fission stylo webrender,4767299,77,ms,firefox,,1811756399,2023-12-09 00:35:37,532.46,5e7ca7b9c60d764540bfc20b243ffaa67dfbfaa9,1345495,,,,,,,,,,,,,,,,,,,,,,,,,,,,,,,,,,,,,,,,,,,,,,,,,,,,,,,,,,,,,TN,TN
autoland,4767314,1,247a31fb40b3ac0b152bd3554743d742a3892fe3,linux1804-64-shippable-qr,True,False,,,102210fe594ee9b33d82058545b1ed14f4c8206e,id-getter-5.html,perf_reftest_singletons,True,perf_reftest_singletons id-getter-5.html opt e10s fission stylo webrender,4767299,77,ms,firefox,,1811756430,2023-12-09 00:35:37,528.22,5e7ca7b9c60d764540bfc20b243ffaa67dfbfaa9,1345495,,,,,,,,,,,,,,,,,,,,,,,,,,,,,,,,,,,,,,,,,,,,,,,,,,,,,,,,,,,,,TN,TN
autoland,4767314,1,247a31fb40b3ac0b152bd3554743d742a3892fe3,linux1804-64-shippable-qr,True,False,,,102210fe594ee9b33d82058545b1ed14f4c8206e,id-getter-5.html,perf_reftest_singletons,True,perf_reftest_singletons id-getter-5.html opt e10s fission stylo webrender,4767299,77,ms,firefox,,1811756527,2023-12-09 00:35:37,526.3,5e7ca7b9c60d764540bfc20b243ffaa67dfbfaa9,1345495,,,,,,,,,,,,,,,,,,,,,,,,,,,,,,,,,,,,,,,,,,,,,,,,,,,,,,,,,,,,,TN,TN
autoland,4767314,1,247a31fb40b3ac0b152bd3554743d742a3892fe3,linux1804-64-shippable-qr,True,False,,,102210fe594ee9b33d82058545b1ed14f4c8206e,id-getter-5.html,perf_reftest_singletons,True,perf_reftest_singletons id-getter-5.html opt e10s fission stylo webrender,4767299,77,ms,firefox,,1809021579,2023-12-09 00:36:34,529.71,9536c8afccb6fe6adb81c34e04ad22608a1cc454,1345496,,,,,,,,,,,,,,,,,,,,,,,,,,,,,,,,,,,,,,,,,,,,,,,,,,,,,,,,,,,,,TN,TN
autoland,4767314,1,247a31fb40b3ac0b152bd3554743d742a3892fe3,linux1804-64-shippable-qr,True,False,,,102210fe594ee9b33d82058545b1ed14f4c8206e,id-getter-5.html,perf_reftest_singletons,True,perf_reftest_singletons id-getter-5.html opt e10s fission stylo webrender,4767299,77,ms,firefox,,1810190359,2023-12-09 00:44:48,530.1300000000001,54713d044231a34e878b39b907f693fbb5a2e702,1345508,,,,,,,,,,,,,,,,,,,,,,,,,,,,,,,,,,,,,,,,,,,,,,,,,,,,,,,,,,,,,TN,TN
autoland,4767314,1,247a31fb40b3ac0b152bd3554743d742a3892fe3,linux1804-64-shippable-qr,True,False,,,102210fe594ee9b33d82058545b1ed14f4c8206e,id-getter-5.html,perf_reftest_singletons,True,perf_reftest_singletons id-getter-5.html opt e10s fission stylo webrender,4767299,77,ms,firefox,,1810190879,2023-12-09 00:45:47,534.71,da54bb1e3730b259fc2181971a2d16d559e9d416,1345510,,,,,,,,,,,,,,,,,,,,,,,,,,,,,,,,,,,,,,,,,,,,,,,,,,,,,,,,,,,,,TN,TN
autoland,4767314,1,247a31fb40b3ac0b152bd3554743d742a3892fe3,linux1804-64-shippable-qr,True,False,,,102210fe594ee9b33d82058545b1ed14f4c8206e,id-getter-5.html,perf_reftest_singletons,True,perf_reftest_singletons id-getter-5.html opt e10s fission stylo webrender,4767299,77,ms,firefox,,1810188186,2023-12-09 00:46:39,533.3499999999999,a5dc1c0c3291e853417f7263786976edc017ed8e,1345511,,,,,,,,,,,,,,,,,,,,,,,,,,,,,,,,,,,,,,,,,,,,,,,,,,,,,,,,,,,,,TN,TN
autoland,4767314,1,247a31fb40b3ac0b152bd3554743d742a3892fe3,linux1804-64-shippable-qr,True,False,,,102210fe594ee9b33d82058545b1ed14f4c8206e,id-getter-5.html,perf_reftest_singletons,True,perf_reftest_singletons id-getter-5.html opt e10s fission stylo webrender,4767299,77,ms,firefox,,1810076690,2023-12-09 02:30:29,542.6600000000001,cb01f3faa22fd50ea9fb032e8138ba3f9acb3230,1345517,,,,,,,,,,,,,,,,,,,,,,,,,,,,,,,,,,,,,,,,,,,,,,,,,,,,,,,,,,,,,TN,TN
autoland,4767314,1,247a31fb40b3ac0b152bd3554743d742a3892fe3,linux1804-64-shippable-qr,True,False,,,102210fe594ee9b33d82058545b1ed14f4c8206e,id-getter-5.html,perf_reftest_singletons,True,perf_reftest_singletons id-getter-5.html opt e10s fission stylo webrender,4767299,77,ms,firefox,,1810189513,2023-12-09 02:32:56,531.4300000000001,dd33c57ca97f9ca57a656016329ab5ad7a4ba9a9,1345518,,,,,,,,,,,,,,,,,,,,,,,,,,,,,,,,,,,,,,,,,,,,,,,,,,,,,,,,,,,,,TN,TN
autoland,4767314,1,247a31fb40b3ac0b152bd3554743d742a3892fe3,linux1804-64-shippable-qr,True,False,,,102210fe594ee9b33d82058545b1ed14f4c8206e,id-getter-5.html,perf_reftest_singletons,True,perf_reftest_singletons id-getter-5.html opt e10s fission stylo webrender,4767299,77,ms,firefox,,1810192638,2023-12-09 02:33:53,529.1800000000001,b94618206c5c6304aef01cf7217d0ae104bca24a,1345519,,,,,,,,,,,,,,,,,,,,,,,,,,,,,,,,,,,,,,,,,,,,,,,,,,,,,,,,,,,,,TN,TN
autoland,4767314,1,247a31fb40b3ac0b152bd3554743d742a3892fe3,linux1804-64-shippable-qr,True,False,,,102210fe594ee9b33d82058545b1ed14f4c8206e,id-getter-5.html,perf_reftest_singletons,True,perf_reftest_singletons id-getter-5.html opt e10s fission stylo webrender,4767299,77,ms,firefox,,1810189905,2023-12-09 02:34:45,532.98,adf77205eb727b81a71e28347334da3880ab075b,1345520,,,,,,,,,,,,,,,,,,,,,,,,,,,,,,,,,,,,,,,,,,,,,,,,,,,,,,,,,,,,,TN,TN
autoland,4767314,1,247a31fb40b3ac0b152bd3554743d742a3892fe3,linux1804-64-shippable-qr,True,False,,,102210fe594ee9b33d82058545b1ed14f4c8206e,id-getter-5.html,perf_reftest_singletons,True,perf_reftest_singletons id-getter-5.html opt e10s fission stylo webrender,4767299,77,ms,firefox,,1810191309,2023-12-09 02:35:44,546.96,2593547c5cef1cf97508addf214c7cb5c172d696,1345521,,,,,,,,,,,,,,,,,,,,,,,,,,,,,,,,,,,,,,,,,,,,,,,,,,,,,,,,,,,,,TN,TN
autoland,4767314,1,247a31fb40b3ac0b152bd3554743d742a3892fe3,linux1804-64-shippable-qr,True,False,,,102210fe594ee9b33d82058545b1ed14f4c8206e,id-getter-5.html,perf_reftest_singletons,True,perf_reftest_singletons id-getter-5.html opt e10s fission stylo webrender,4767299,77,ms,firefox,,1810190620,2023-12-09 07:02:14,527.8,3624e2a1f5aed80e3eaa5efadafd2ffc78929ca2,1345545,,,,,,,,,,,,,,,,,,,,,,,,,,,,,,,,,,,,,,,,,,,,,,,,,,,,,,,,,,,,,TN,TN
autoland,4767314,1,247a31fb40b3ac0b152bd3554743d742a3892fe3,linux1804-64-shippable-qr,True,False,,,102210fe594ee9b33d82058545b1ed14f4c8206e,id-getter-5.html,perf_reftest_singletons,True,perf_reftest_singletons id-getter-5.html opt e10s fission stylo webrender,4767299,77,ms,firefox,,1809232673,2023-12-09 11:58:04,526.99,ce53d4215ca91122e12f63ca196acefc22a8d98c,1345582,,,,,,,,,,,,,,,,,,,,,,,,,,,,,,,,,,,,,,,,,,,,,,,,,,,,,,,,,,,,,TN,TN
autoland,4767314,1,247a31fb40b3ac0b152bd3554743d742a3892fe3,linux1804-64-shippable-qr,True,False,,,102210fe594ee9b33d82058545b1ed14f4c8206e,id-getter-5.html,perf_reftest_singletons,True,perf_reftest_singletons id-getter-5.html opt e10s fission stylo webrender,4767299,77,ms,firefox,,1809268335,2023-12-09 16:44:21,522.78,199c3dc51f2dd8c55a3346ac587238e6376b7236,1345611,,,,,,,,,,,,,,,,,,,,,,,,,,,,,,,,,,,,,,,,,,,,,,,,,,,,,,,,,,,,,TN,TN
autoland,4767314,1,247a31fb40b3ac0b152bd3554743d742a3892fe3,linux1804-64-shippable-qr,True,False,,,102210fe594ee9b33d82058545b1ed14f4c8206e,id-getter-5.html,perf_reftest_singletons,True,perf_reftest_singletons id-getter-5.html opt e10s fission stylo webrender,4767299,77,ms,firefox,,1809279480,2023-12-09 17:32:11,537.9200000000001,037b4a8e4edce03936a64d9d073da41b8b1bd9fb,1345614,,,,,,,,,,,,,,,,,,,,,,,,,,,,,,,,,,,,,,,,,,,,,,,,,,,,,,,,,,,,,TN,TN
autoland,4767314,1,247a31fb40b3ac0b152bd3554743d742a3892fe3,linux1804-64-shippable-qr,True,False,,,102210fe594ee9b33d82058545b1ed14f4c8206e,id-getter-5.html,perf_reftest_singletons,True,perf_reftest_singletons id-getter-5.html opt e10s fission stylo webrender,4767299,77,ms,firefox,,1809363728,2023-12-10 03:19:38,541.1400000000001,815bf21f166b5019bdab6ec104bc2f4475a7b553,1345657,,,,,,,,,,,,,,,,,,,,,,,,,,,,,,,,,,,,,,,,,,,,,,,,,,,,,,,,,,,,,TN,TN
autoland,4767314,1,247a31fb40b3ac0b152bd3554743d742a3892fe3,linux1804-64-shippable-qr,True,False,,,102210fe594ee9b33d82058545b1ed14f4c8206e,id-getter-5.html,perf_reftest_singletons,True,perf_reftest_singletons id-getter-5.html opt e10s fission stylo webrender,4767299,77,ms,firefox,,1809498831,2023-12-11 00:42:11,527.77,d4ee61633ce965862e2ee27be32e8a58344a7b03,1345765,,,,,,,,,,,,,,,,,,,,,,,,,,,,,,,,,,,,,,,,,,,,,,,,,,,,,,,,,,,,,TN,TN
autoland,4767314,1,247a31fb40b3ac0b152bd3554743d742a3892fe3,linux1804-64-shippable-qr,True,False,,,102210fe594ee9b33d82058545b1ed14f4c8206e,id-getter-5.html,perf_reftest_singletons,True,perf_reftest_singletons id-getter-5.html opt e10s fission stylo webrender,4767299,77,ms,firefox,,1809536187,2023-12-11 06:57:03,529.73,e84648aa607a32b9e4bbd2378f5a7caf9e31264a,1345835,,,,,,,,,,,,,,,,,,,,,,,,,,,,,,,,,,,,,,,,,,,,,,,,,,,,,,,,,,,,,TN,TN
autoland,4767314,1,247a31fb40b3ac0b152bd3554743d742a3892fe3,linux1804-64-shippable-qr,True,False,,,102210fe594ee9b33d82058545b1ed14f4c8206e,id-getter-5.html,perf_reftest_singletons,True,perf_reftest_singletons id-getter-5.html opt e10s fission stylo webrender,4767299,77,ms,firefox,,1809569924,2023-12-11 09:13:41,533.4000000000001,25a3d6c779f3ef9a9220e2d972c18f2e5a039cb2,1345868,,,,,,,,,,,,,,,,,,,,,,,,,,,,,,,,,,,,,,,,,,,,,,,,,,,,,,,,,,,,,TN,TN
autoland,4767314,1,247a31fb40b3ac0b152bd3554743d742a3892fe3,linux1804-64-shippable-qr,True,False,,,102210fe594ee9b33d82058545b1ed14f4c8206e,id-getter-5.html,perf_reftest_singletons,True,perf_reftest_singletons id-getter-5.html opt e10s fission stylo webrender,4767299,77,ms,firefox,,1809743680,2023-12-11 13:39:55,523.38,46d1ac4f2e9c8c9c173c430225737701542931bb,1346049,,,,,,,,,,,,,,,,,,,,,,,,,,,,,,,,,,,,,,,,,,,,,,,,,,,,,,,,,,,,,TN,TN
autoland,4767314,1,247a31fb40b3ac0b152bd3554743d742a3892fe3,linux1804-64-shippable-qr,True,False,,,102210fe594ee9b33d82058545b1ed14f4c8206e,id-getter-5.html,perf_reftest_singletons,True,perf_reftest_singletons id-getter-5.html opt e10s fission stylo webrender,4767299,77,ms,firefox,,1809802057,2023-12-11 15:49:45,536.74,fbda7db8e39b50ebf5ed7092f81706bd1d8c91ab,1346158,,,,,,,,,,,,,,,,,,,,,,,,,,,,,,,,,,,,,,,,,,,,,,,,,,,,,,,,,,,,,TN,TN
autoland,4767314,1,247a31fb40b3ac0b152bd3554743d742a3892fe3,linux1804-64-shippable-qr,True,False,,,102210fe594ee9b33d82058545b1ed14f4c8206e,id-getter-5.html,perf_reftest_singletons,True,perf_reftest_singletons id-getter-5.html opt e10s fission stylo webrender,4767299,77,ms,firefox,,1809879009,2023-12-11 18:22:43,521.84,8043d7693dbaf145c601652e0b8947d55f399fd8,1346298,,,,,,,,,,,,,,,,,,,,,,,,,,,,,,,,,,,,,,,,,,,,,,,,,,,,,,,,,,,,,TN,TN
autoland,4767314,1,247a31fb40b3ac0b152bd3554743d742a3892fe3,linux1804-64-shippable-qr,True,False,,,102210fe594ee9b33d82058545b1ed14f4c8206e,id-getter-5.html,perf_reftest_singletons,True,perf_reftest_singletons id-getter-5.html opt e10s fission stylo webrender,4767299,77,ms,firefox,,1809953410,2023-12-11 21:32:13,526.69,c2126b815d283d4d848e431071fa77e023b06eb2,1346462,,,,,,,,,,,,,,,,,,,,,,,,,,,,,,,,,,,,,,,,,,,,,,,,,,,,,,,,,,,,,TN,TN
autoland,4767314,1,247a31fb40b3ac0b152bd3554743d742a3892fe3,linux1804-64-shippable-qr,True,False,,,102210fe594ee9b33d82058545b1ed14f4c8206e,id-getter-5.html,perf_reftest_singletons,True,perf_reftest_singletons id-getter-5.html opt e10s fission stylo webrender,4767299,77,ms,firefox,,1810031075,2023-12-12 01:33:17,527.58,6e08bc24f0ba8814dfda465963c22d139bf6e80b,1346620,,,,,,,,,,,,,,,,,,,,,,,,,,,,,,,,,,,,,,,,,,,,,,,,,,,,,,,,,,,,,TN,TN
autoland,4767314,1,247a31fb40b3ac0b152bd3554743d742a3892fe3,linux1804-64-shippable-qr,True,False,,,102210fe594ee9b33d82058545b1ed14f4c8206e,id-getter-5.html,perf_reftest_singletons,True,perf_reftest_singletons id-getter-5.html opt e10s fission stylo webrender,4767299,77,ms,firefox,,1810144806,2023-12-12 04:01:22,528.1400000000001,55cd203304b8d5343dd941d772085dc25fd278c4,1346691,,,,,,,,,,,,,,,,,,,,,,,,,,,,,,,,,,,,,,,,,,,,,,,,,,,,,,,,,,,,,TN,TN
autoland,4767314,1,247a31fb40b3ac0b152bd3554743d742a3892fe3,linux1804-64-shippable-qr,True,False,,,102210fe594ee9b33d82058545b1ed14f4c8206e,id-getter-5.html,perf_reftest_singletons,True,perf_reftest_singletons id-getter-5.html opt e10s fission stylo webrender,4767299,77,ms,firefox,,1810220818,2023-12-12 08:08:04,524.3199999999999,64c2a5cd2e5c12acc49f695acaca7fc074be00ef,1346735,,,,,,,,,,,,,,,,,,,,,,,,,,,,,,,,,,,,,,,,,,,,,,,,,,,,,,,,,,,,,TN,TN
autoland,4767314,1,247a31fb40b3ac0b152bd3554743d742a3892fe3,linux1804-64-shippable-qr,True,False,,,102210fe594ee9b33d82058545b1ed14f4c8206e,id-getter-5.html,perf_reftest_singletons,True,perf_reftest_singletons id-getter-5.html opt e10s fission stylo webrender,4767299,77,ms,firefox,,1810356476,2023-12-12 13:15:06,522.98,378226435d1f217637869bc238a2bff9ae584e04,1346892,,,,,,,,,,,,,,,,,,,,,,,,,,,,,,,,,,,,,,,,,,,,,,,,,,,,,,,,,,,,,TN,TN
autoland,4767314,1,247a31fb40b3ac0b152bd3554743d742a3892fe3,linux1804-64-shippable-qr,True,False,,,102210fe594ee9b33d82058545b1ed14f4c8206e,id-getter-5.html,perf_reftest_singletons,True,perf_reftest_singletons id-getter-5.html opt e10s fission stylo webrender,4767299,77,ms,firefox,,1810366726,2023-12-12 13:20:17,539.38,661e5ee3675f09044e67f461631530ae9bc19953,1346894,,,,,,,,,,,,,,,,,,,,,,,,,,,,,,,,,,,,,,,,,,,,,,,,,,,,,,,,,,,,,TN,TN
autoland,4767314,1,247a31fb40b3ac0b152bd3554743d742a3892fe3,linux1804-64-shippable-qr,True,False,,,102210fe594ee9b33d82058545b1ed14f4c8206e,id-getter-5.html,perf_reftest_singletons,True,perf_reftest_singletons id-getter-5.html opt e10s fission stylo webrender,4767299,77,ms,firefox,,1810539875,2023-12-12 17:56:51,535.6,89856dfbbbb09660fd0b56d3d9ba6f60c823c81f,1347131,,,,,,,,,,,,,,,,,,,,,,,,,,,,,,,,,,,,,,,,,,,,,,,,,,,,,,,,,,,,,TN,TN
autoland,4767314,1,247a31fb40b3ac0b152bd3554743d742a3892fe3,linux1804-64-shippable-qr,True,False,,,102210fe594ee9b33d82058545b1ed14f4c8206e,id-getter-5.html,perf_reftest_singletons,True,perf_reftest_singletons id-getter-5.html opt e10s fission stylo webrender,4767299,77,ms,firefox,,1810569443,2023-12-12 18:39:48,540.28,b7336e3f433e4055ba8a7fcb5c2f756e0e9b59ef,1347165,,,,,,,,,,,,,,,,,,,,,,,,,,,,,,,,,,,,,,,,,,,,,,,,,,,,,,,,,,,,,TN,TN
autoland,4767314,1,247a31fb40b3ac0b152bd3554743d742a3892fe3,linux1804-64-shippable-qr,True,False,,,102210fe594ee9b33d82058545b1ed14f4c8206e,id-getter-5.html,perf_reftest_singletons,True,perf_reftest_singletons id-getter-5.html opt e10s fission stylo webrender,4767299,77,ms,firefox,,1810605536,2023-12-12 20:06:07,590.1499999999999,7272d706196d83e16ea8366481dce5127407ba4d,1347223,,,,,,,,,,,,,,,,,,,,,,,,,,,,,,,,,,,,,,,,,,,,,,,,,,,,,,,,,,,,,TN,TN
autoland,4767314,1,247a31fb40b3ac0b152bd3554743d742a3892fe3,linux1804-64-shippable-qr,True,False,,,102210fe594ee9b33d82058545b1ed14f4c8206e,id-getter-5.html,perf_reftest_singletons,True,perf_reftest_singletons id-getter-5.html opt e10s fission stylo webrender,4767299,77,ms,firefox,,1810727225,2023-12-13 00:40:28,528.21,f823ab1d9a00b627089b75899e588823b584a9c4,1347426,,,,,,,,,,,,,,,,,,,,,,,,,,,,,,,,,,,,,,,,,,,,,,,,,,,,,,,,,,,,,TN,TN
autoland,4767314,1,247a31fb40b3ac0b152bd3554743d742a3892fe3,linux1804-64-shippable-qr,True,False,,,102210fe594ee9b33d82058545b1ed14f4c8206e,id-getter-5.html,perf_reftest_singletons,True,perf_reftest_singletons id-getter-5.html opt e10s fission stylo webrender,4767299,77,ms,firefox,,1810804286,2023-12-13 01:59:28,528.13,c7169e7d15af250d7b1ffb91c072a4b2309457c1,1347482,,,,,,,,,,,,,,,,,,,,,,,,,,,,,,,,,,,,,,,,,,,,,,,,,,,,,,,,,,,,,TN,TN
autoland,4767314,1,247a31fb40b3ac0b152bd3554743d742a3892fe3,linux1804-64-shippable-qr,True,False,,,102210fe594ee9b33d82058545b1ed14f4c8206e,id-getter-5.html,perf_reftest_singletons,True,perf_reftest_singletons id-getter-5.html opt e10s fission stylo webrender,4767299,77,ms,firefox,,1810829114,2023-12-13 03:53:55,519.45,de73ddb24c16e91d220095612fc21b6636e51f81,1347525,,,,,,,,,,,,,,,,,,,,,,,,,,,,,,,,,,,,,,,,,,,,,,,,,,,,,,,,,,,,,TN,TN
autoland,4767314,1,247a31fb40b3ac0b152bd3554743d742a3892fe3,linux1804-64-shippable-qr,True,False,,,102210fe594ee9b33d82058545b1ed14f4c8206e,id-getter-5.html,perf_reftest_singletons,True,perf_reftest_singletons id-getter-5.html opt e10s fission stylo webrender,4767299,77,ms,firefox,,1810880264,2023-12-13 08:08:28,539.05,de61802013d3eabd67e8f7c4382ab95c650835ba,1347584,,,,,,,,,,,,,,,,,,,,,,,,,,,,,,,,,,,,,,,,,,,,,,,,,,,,,,,,,,,,,TN,TN
autoland,4767314,1,247a31fb40b3ac0b152bd3554743d742a3892fe3,linux1804-64-shippable-qr,True,False,,,102210fe594ee9b33d82058545b1ed14f4c8206e,id-getter-5.html,perf_reftest_singletons,True,perf_reftest_singletons id-getter-5.html opt e10s fission stylo webrender,4767299,77,ms,firefox,,1810970719,2023-12-13 10:08:23,538.6199999999999,12f45306a093afef1d1ed86121d9fcd9e8c69e15,1347641,,,,,,,,,,,,,,,,,,,,,,,,,,,,,,,,,,,,,,,,,,,,,,,,,,,,,,,,,,,,,TN,TN
autoland,4767314,1,247a31fb40b3ac0b152bd3554743d742a3892fe3,linux1804-64-shippable-qr,True,False,,,102210fe594ee9b33d82058545b1ed14f4c8206e,id-getter-5.html,perf_reftest_singletons,True,perf_reftest_singletons id-getter-5.html opt e10s fission stylo webrender,4767299,77,ms,firefox,,1811040542,2023-12-13 13:51:07,529.46,a54a846dda9a20948451fa14e9ebbd3bb19c826c,1347765,,,,,,,,,,,,,,,,,,,,,,,,,,,,,,,,,,,,,,,,,,,,,,,,,,,,,,,,,,,,,TN,TN
autoland,4767314,1,247a31fb40b3ac0b152bd3554743d742a3892fe3,linux1804-64-shippable-qr,True,False,,,102210fe594ee9b33d82058545b1ed14f4c8206e,id-getter-5.html,perf_reftest_singletons,True,perf_reftest_singletons id-getter-5.html opt e10s fission stylo webrender,4767299,77,ms,firefox,,1811119224,2023-12-13 17:42:49,538.43,951b244454e1790b94e5fa8474efc7fb8c990e28,1347961,,,,,,,,,,,,,,,,,,,,,,,,,,,,,,,,,,,,,,,,,,,,,,,,,,,,,,,,,,,,,TN,TN
autoland,4767314,1,247a31fb40b3ac0b152bd3554743d742a3892fe3,linux1804-64-shippable-qr,True,False,,,102210fe594ee9b33d82058545b1ed14f4c8206e,id-getter-5.html,perf_reftest_singletons,True,perf_reftest_singletons id-getter-5.html opt e10s fission stylo webrender,4767299,77,ms,firefox,,1811247354,2023-12-13 20:42:40,526.75,b89dc85aa7e47069b80251ce43d7d66c034a5b88,1348117,,,,,,,,,,,,,,,,,,,,,,,,,,,,,,,,,,,,,,,,,,,,,,,,,,,,,,,,,,,,,TN,TN
autoland,4767314,1,247a31fb40b3ac0b152bd3554743d742a3892fe3,linux1804-64-shippable-qr,True,False,,,102210fe594ee9b33d82058545b1ed14f4c8206e,id-getter-5.html,perf_reftest_singletons,True,perf_reftest_singletons id-getter-5.html opt e10s fission stylo webrender,4767299,77,ms,firefox,,1811378549,2023-12-14 01:23:55,533.99,12888ec6533c4e6ec49c2d7081e67ac660129ab6,1348332,,,,,,,,,,,,,,,,,,,,,,,,,,,,,,,,,,,,,,,,,,,,,,,,,,,,,,,,,,,,,TN,TN
autoland,4767314,1,247a31fb40b3ac0b152bd3554743d742a3892fe3,linux1804-64-shippable-qr,True,False,,,102210fe594ee9b33d82058545b1ed14f4c8206e,id-getter-5.html,perf_reftest_singletons,True,perf_reftest_singletons id-getter-5.html opt e10s fission stylo webrender,4767299,77,ms,firefox,,1811480425,2023-12-14 06:57:49,545.26,3af75f3310fc53f70cba7e6c5a7e7bec2d3381dc,1348404,,,,,,,,,,,,,,,,,,,,,,,,,,,,,,,,,,,,,,,,,,,,,,,,,,,,,,,,,,,,,TN,TN
autoland,4767314,1,247a31fb40b3ac0b152bd3554743d742a3892fe3,linux1804-64-shippable-qr,True,False,,,102210fe594ee9b33d82058545b1ed14f4c8206e,id-getter-5.html,perf_reftest_singletons,True,perf_reftest_singletons id-getter-5.html opt e10s fission stylo webrender,4767299,77,ms,firefox,,1811565071,2023-12-14 09:15:58,527.1400000000001,1c0fd259312d4631a0d1a7e0ea0560cff577beba,1348457,,,,,,,,,,,,,,,,,,,,,,,,,,,,,,,,,,,,,,,,,,,,,,,,,,,,,,,,,,,,,TN,TN
autoland,4767314,1,247a31fb40b3ac0b152bd3554743d742a3892fe3,linux1804-64-shippable-qr,True,False,,,102210fe594ee9b33d82058545b1ed14f4c8206e,id-getter-5.html,perf_reftest_singletons,True,perf_reftest_singletons id-getter-5.html opt e10s fission stylo webrender,4767299,77,ms,firefox,,1811730239,2023-12-14 13:22:59,530.3799999999999,31a1108bee2768e6f329db2b083b5066b2c83def,1348529,,,,,,,,,,,,,,,,,,,,,,,,,,,,,,,,,,,,,,,,,,,,,,,,,,,,,,,,,,,,,TN,TN
autoland,4767314,1,247a31fb40b3ac0b152bd3554743d742a3892fe3,linux1804-64-shippable-qr,True,False,,,102210fe594ee9b33d82058545b1ed14f4c8206e,id-getter-5.html,perf_reftest_singletons,True,perf_reftest_singletons id-getter-5.html opt e10s fission stylo webrender,4767299,77,ms,firefox,,1811829679,2023-12-14 15:25:58,532.19,44c4e62a38e1a18cd9c3cdc37be672c5b2eccb06,1348605,,,,,,,,,,,,,,,,,,,,,,,,,,,,,,,,,,,,,,,,,,,,,,,,,,,,,,,,,,,,,TN,TN
autoland,4767314,1,247a31fb40b3ac0b152bd3554743d742a3892fe3,linux1804-64-shippable-qr,True,False,,,102210fe594ee9b33d82058545b1ed14f4c8206e,id-getter-5.html,perf_reftest_singletons,True,perf_reftest_singletons id-getter-5.html opt e10s fission stylo webrender,4767299,77,ms,firefox,,1812040827,2023-12-14 19:45:40,529.1299999999999,5b5faa47b870a45949438e5959b9ef04204a9bac,1348855,,,,,,,,,,,,,,,,,,,,,,,,,,,,,,,,,,,,,,,,,,,,,,,,,,,,,,,,,,,,,TN,TN
autoland,4767314,1,247a31fb40b3ac0b152bd3554743d742a3892fe3,linux1804-64-shippable-qr,True,False,,,102210fe594ee9b33d82058545b1ed14f4c8206e,id-getter-5.html,perf_reftest_singletons,True,perf_reftest_singletons id-getter-5.html opt e10s fission stylo webrender,4767299,77,ms,firefox,,1812148333,2023-12-14 21:45:13,534.23,04ae3a53d7df39b7ef7380e872889038951a9e63,1348957,,,,,,,,,,,,,,,,,,,,,,,,,,,,,,,,,,,,,,,,,,,,,,,,,,,,,,,,,,,,,TN,TN
autoland,4767314,1,247a31fb40b3ac0b152bd3554743d742a3892fe3,linux1804-64-shippable-qr,True,False,,,102210fe594ee9b33d82058545b1ed14f4c8206e,id-getter-5.html,perf_reftest_singletons,True,perf_reftest_singletons id-getter-5.html opt e10s fission stylo webrender,4767299,77,ms,firefox,,1812287496,2023-12-15 01:58:19,538.9499999999999,efffe49c7c1c0f6b54d9f752224880e07e588f36,1349130,,,,,,,,,,,,,,,,,,,,,,,,,,,,,,,,,,,,,,,,,,,,,,,,,,,,,,,,,,,,,TN,TN
autoland,4767314,1,247a31fb40b3ac0b152bd3554743d742a3892fe3,linux1804-64-shippable-qr,True,False,,,102210fe594ee9b33d82058545b1ed14f4c8206e,id-getter-5.html,perf_reftest_singletons,True,perf_reftest_singletons id-getter-5.html opt e10s fission stylo webrender,4767299,77,ms,firefox,,1812474449,2023-12-15 11:00:39,529.28,d3a29d02b3dd8d8cfbfff6fcad00d94226e102e8,1349239,,,,,,,,,,,,,,,,,,,,,,,,,,,,,,,,,,,,,,,,,,,,,,,,,,,,,,,,,,,,,TN,TN
autoland,4767314,1,247a31fb40b3ac0b152bd3554743d742a3892fe3,linux1804-64-shippable-qr,True,False,,,102210fe594ee9b33d82058545b1ed14f4c8206e,id-getter-5.html,perf_reftest_singletons,True,perf_reftest_singletons id-getter-5.html opt e10s fission stylo webrender,4767299,77,ms,firefox,,1812585455,2023-12-15 15:09:59,523.26,8fd04cb03fbd84435d9834d1de340c2f64e013bb,1349331,,,,,,,,,,,,,,,,,,,,,,,,,,,,,,,,,,,,,,,,,,,,,,,,,,,,,,,,,,,,,TN,TN
autoland,4767314,1,247a31fb40b3ac0b152bd3554743d742a3892fe3,linux1804-64-shippable-qr,True,False,,,102210fe594ee9b33d82058545b1ed14f4c8206e,id-getter-5.html,perf_reftest_singletons,True,perf_reftest_singletons id-getter-5.html opt e10s fission stylo webrender,4767299,77,ms,firefox,,1812828493,2023-12-15 20:18:56,533.56,8f1a041ed5a88918a5fe585c89ffabd9450bc0ef,1349528,,,,,,,,,,,,,,,,,,,,,,,,,,,,,,,,,,,,,,,,,,,,,,,,,,,,,,,,,,,,,TN,TN
autoland,4767314,1,247a31fb40b3ac0b152bd3554743d742a3892fe3,linux1804-64-shippable-qr,True,False,,,102210fe594ee9b33d82058545b1ed14f4c8206e,id-getter-5.html,perf_reftest_singletons,True,perf_reftest_singletons id-getter-5.html opt e10s fission stylo webrender,4767299,77,ms,firefox,,1812994806,2023-12-16 02:28:17,534.8800000000001,33b0a0fecfd912ef3f540060b5e13f54db31d5cd,1349675,,,,,,,,,,,,,,,,,,,,,,,,,,,,,,,,,,,,,,,,,,,,,,,,,,,,,,,,,,,,,TN,TN
autoland,4767314,1,247a31fb40b3ac0b152bd3554743d742a3892fe3,linux1804-64-shippable-qr,True,False,,,102210fe594ee9b33d82058545b1ed14f4c8206e,id-getter-5.html,perf_reftest_singletons,True,perf_reftest_singletons id-getter-5.html opt e10s fission stylo webrender,4767299,77,ms,firefox,,1813163096,2023-12-16 14:03:11,535.56,6d6d4867b0f48dce26d871d94c5f74f5a8ac6aaf,1349726,,,,,,,,,,,,,,,,,,,,,,,,,,,,,,,,,,,,,,,,,,,,,,,,,,,,,,,,,,,,,TN,TN
autoland,4767314,1,247a31fb40b3ac0b152bd3554743d742a3892fe3,linux1804-64-shippable-qr,True,False,,,102210fe594ee9b33d82058545b1ed14f4c8206e,id-getter-5.html,perf_reftest_singletons,True,perf_reftest_singletons id-getter-5.html opt e10s fission stylo webrender,4767299,77,ms,firefox,,1813337868,2023-12-17 06:27:55,535.6199999999999,2d19e1f44e562ba1bb3be1f4b8f95b9884d9b07d,1349827,,,,,,,,,,,,,,,,,,,,,,,,,,,,,,,,,,,,,,,,,,,,,,,,,,,,,,,,,,,,,TN,TN
autoland,4767314,1,247a31fb40b3ac0b152bd3554743d742a3892fe3,linux1804-64-shippable-qr,True,False,,,102210fe594ee9b33d82058545b1ed14f4c8206e,id-getter-5.html,perf_reftest_singletons,True,perf_reftest_singletons id-getter-5.html opt e10s fission stylo webrender,4767299,77,ms,firefox,,1813435253,2023-12-17 14:26:46,523.47,ab5e2f241728caa5dc020e829b1045df55247758,1349862,,,,,,,,,,,,,,,,,,,,,,,,,,,,,,,,,,,,,,,,,,,,,,,,,,,,,,,,,,,,,TN,TN
autoland,4767314,1,247a31fb40b3ac0b152bd3554743d742a3892fe3,linux1804-64-shippable-qr,True,False,,,102210fe594ee9b33d82058545b1ed14f4c8206e,id-getter-5.html,perf_reftest_singletons,True,perf_reftest_singletons id-getter-5.html opt e10s fission stylo webrender,4767299,77,ms,firefox,,1813523978,2023-12-18 01:43:16,578.8499999999999,b46057158b0694677a8174089de1cb8929d3116b,1349993,,,,,,,,,,,,,,,,,,,,,,,,,,,,,,,,,,,,,,,,,,,,,,,,,,,,,,,,,,,,,TN,TN
autoland,4767314,1,247a31fb40b3ac0b152bd3554743d742a3892fe3,linux1804-64-shippable-qr,True,False,,,102210fe594ee9b33d82058545b1ed14f4c8206e,id-getter-5.html,perf_reftest_singletons,True,perf_reftest_singletons id-getter-5.html opt e10s fission stylo webrender,4767299,77,ms,firefox,,1813563008,2023-12-18 05:48:57,526.3899999999999,1d2ed0b2947385e77bd609220eb0e453b44d4cb3,1350028,,,,,,,,,,,,,,,,,,,,,,,,,,,,,,,,,,,,,,,,,,,,,,,,,,,,,,,,,,,,,TN,TN
autoland,4767314,1,247a31fb40b3ac0b152bd3554743d742a3892fe3,linux1804-64-shippable-qr,True,False,,,102210fe594ee9b33d82058545b1ed14f4c8206e,id-getter-5.html,perf_reftest_singletons,True,perf_reftest_singletons id-getter-5.html opt e10s fission stylo webrender,4767299,77,ms,firefox,,1813657626,2023-12-18 10:08:52,537.3800000000001,1f7904968650806af8d68bbc64a717bac22df318,1350088,,,,,,,,,,,,,,,,,,,,,,,,,,,,,,,,,,,,,,,,,,,,,,,,,,,,,,,,,,,,,TN,TN
autoland,4767314,1,247a31fb40b3ac0b152bd3554743d742a3892fe3,linux1804-64-shippable-qr,True,False,,,102210fe594ee9b33d82058545b1ed14f4c8206e,id-getter-5.html,perf_reftest_singletons,True,perf_reftest_singletons id-getter-5.html opt e10s fission stylo webrender,4767299,77,ms,firefox,,1813686901,2023-12-18 10:23:12,535.73,ba2e5b5e061b5024cc487a16c7e553de9e5e8a2d,1350096,,,,,,,,,,,,,,,,,,,,,,,,,,,,,,,,,,,,,,,,,,,,,,,,,,,,,,,,,,,,,TN,TN
autoland,4767314,1,247a31fb40b3ac0b152bd3554743d742a3892fe3,linux1804-64-shippable-qr,True,False,,,102210fe594ee9b33d82058545b1ed14f4c8206e,id-getter-5.html,perf_reftest_singletons,True,perf_reftest_singletons id-getter-5.html opt e10s fission stylo webrender,4767299,77,ms,firefox,,1813830211,2023-12-18 14:56:17,529.14,8942476b2dcd0a89abfb3183ea577d611785e77e,1350212,,,,,,,,,,,,,,,,,,,,,,,,,,,,,,,,,,,,,,,,,,,,,,,,,,,,,,,,,,,,,TN,TN
autoland,4767314,1,247a31fb40b3ac0b152bd3554743d742a3892fe3,linux1804-64-shippable-qr,True,False,,,102210fe594ee9b33d82058545b1ed14f4c8206e,id-getter-5.html,perf_reftest_singletons,True,perf_reftest_singletons id-getter-5.html opt e10s fission stylo webrender,4767299,77,ms,firefox,,1813821487,2023-12-18 15:53:23,536.9499999999999,e409a860d27d9dbd962eb6568c1700e2aa2716aa,1350255,,,,,,,,,,,,,,,,,,,,,,,,,,,,,,,,,,,,,,,,,,,,,,,,,,,,,,,,,,,,,TN,TN
autoland,4767314,1,247a31fb40b3ac0b152bd3554743d742a3892fe3,linux1804-64-shippable-qr,True,False,,,102210fe594ee9b33d82058545b1ed14f4c8206e,id-getter-5.html,perf_reftest_singletons,True,perf_reftest_singletons id-getter-5.html opt e10s fission stylo webrender,4767299,77,ms,firefox,,1813911987,2023-12-18 18:13:05,529.39,c909d207f316bf0512f63f8262872083353a6ef5,1350369,,,,,,,,,,,,,,,,,,,,,,,,,,,,,,,,,,,,,,,,,,,,,,,,,,,,,,,,,,,,,TN,TN
autoland,4767314,1,247a31fb40b3ac0b152bd3554743d742a3892fe3,linux1804-64-shippable-qr,True,False,,,102210fe594ee9b33d82058545b1ed14f4c8206e,id-getter-5.html,perf_reftest_singletons,True,perf_reftest_singletons id-getter-5.html opt e10s fission stylo webrender,4767299,77,ms,firefox,,1814004619,2023-12-18 20:47:25,537.8900000000001,593e78a41c38b062baab03b6280366f86d0d233c,1350523,,,,,,,,,,,,,,,,,,,,,,,,,,,,,,,,,,,,,,,,,,,,,,,,,,,,,,,,,,,,,TN,TN
autoland,4767314,1,247a31fb40b3ac0b152bd3554743d742a3892fe3,linux1804-64-shippable-qr,True,False,,,102210fe594ee9b33d82058545b1ed14f4c8206e,id-getter-5.html,perf_reftest_singletons,True,perf_reftest_singletons id-getter-5.html opt e10s fission stylo webrender,4767299,77,ms,firefox,,1814085102,2023-12-19 00:56:17,535.39,4bc62630a431fca569dfb1add5eee214dcdd091c,1350695,,,,,,,,,,,,,,,,,,,,,,,,,,,,,,,,,,,,,,,,,,,,,,,,,,,,,,,,,,,,,TN,TN
autoland,4767314,1,247a31fb40b3ac0b152bd3554743d742a3892fe3,linux1804-64-shippable-qr,True,False,,,102210fe594ee9b33d82058545b1ed14f4c8206e,id-getter-5.html,perf_reftest_singletons,True,perf_reftest_singletons id-getter-5.html opt e10s fission stylo webrender,4767299,77,ms,firefox,,1814101293,2023-12-19 02:00:57,522.14,7e32f178b02fef938f803492c4bfd6d897ffcb21,1350710,,,,,,,,,,,,,,,,,,,,,,,,,,,,,,,,,,,,,,,,,,,,,,,,,,,,,,,,,,,,,TN,TN
autoland,4767314,1,247a31fb40b3ac0b152bd3554743d742a3892fe3,linux1804-64-shippable-qr,True,False,,,102210fe594ee9b33d82058545b1ed14f4c8206e,id-getter-5.html,perf_reftest_singletons,True,perf_reftest_singletons id-getter-5.html opt e10s fission stylo webrender,4767299,77,ms,firefox,,1814192085,2023-12-19 06:19:40,530.71,05b607c3bbe6ca02e9133ecb969e033fd3d7959e,1350758,,,,,,,,,,,,,,,,,,,,,,,,,,,,,,,,,,,,,,,,,,,,,,,,,,,,,,,,,,,,,TN,TN
autoland,4767314,1,247a31fb40b3ac0b152bd3554743d742a3892fe3,linux1804-64-shippable-qr,True,False,,,102210fe594ee9b33d82058545b1ed14f4c8206e,id-getter-5.html,perf_reftest_singletons,True,perf_reftest_singletons id-getter-5.html opt e10s fission stylo webrender,4767299,77,ms,firefox,,1814283938,2023-12-19 10:31:52,543.99,8efb8cc3558006677c6d18fcf41c3445498e257c,1350823,,,,,,,,,,,,,,,,,,,,,,,,,,,,,,,,,,,,,,,,,,,,,,,,,,,,,,,,,,,,,TN,TN
autoland,4767314,1,247a31fb40b3ac0b152bd3554743d742a3892fe3,linux1804-64-shippable-qr,True,False,,,102210fe594ee9b33d82058545b1ed14f4c8206e,id-getter-5.html,perf_reftest_singletons,True,perf_reftest_singletons id-getter-5.html opt e10s fission stylo webrender,4767299,77,ms,firefox,,1814345542,2023-12-19 10:59:27,541.99,e382d15d709c00d2fc941c2d6e9344b826246c27,1350835,,,,,,,,,,,,,,,,,,,,,,,,,,,,,,,,,,,,,,,,,,,,,,,,,,,,,,,,,,,,,TN,TN
autoland,4767314,1,247a31fb40b3ac0b152bd3554743d742a3892fe3,linux1804-64-shippable-qr,True,False,,,102210fe594ee9b33d82058545b1ed14f4c8206e,id-getter-5.html,perf_reftest_singletons,True,perf_reftest_singletons id-getter-5.html opt e10s fission stylo webrender,4767299,77,ms,firefox,,1814456045,2023-12-19 15:05:00,526.39,58a9c7e82a58e7e951a669f0634901963c5ed696,1350969,,,,,,,,,,,,,,,,,,,,,,,,,,,,,,,,,,,,,,,,,,,,,,,,,,,,,,,,,,,,,TN,TN
autoland,4767314,1,247a31fb40b3ac0b152bd3554743d742a3892fe3,linux1804-64-shippable-qr,True,False,,,102210fe594ee9b33d82058545b1ed14f4c8206e,id-getter-5.html,perf_reftest_singletons,True,perf_reftest_singletons id-getter-5.html opt e10s fission stylo webrender,4767299,77,ms,firefox,,1814505932,2023-12-19 15:55:04,543.75,ffd610f5a3bc262042d0839f354a1cf0cc9d5dff,1351025,,,,,,,,,,,,,,,,,,,,,,,,,,,,,,,,,,,,,,,,,,,,,,,,,,,,,,,,,,,,,TN,TN
autoland,4767314,1,247a31fb40b3ac0b152bd3554743d742a3892fe3,linux1804-64-shippable-qr,True,False,,,102210fe594ee9b33d82058545b1ed14f4c8206e,id-getter-5.html,perf_reftest_singletons,True,perf_reftest_singletons id-getter-5.html opt e10s fission stylo webrender,4767299,77,ms,firefox,,1814650081,2023-12-19 20:21:31,534.55,b50326daf412a23a363c8ca18b03b1dcede121ff,1351238,,,,,,,,,,,,,,,,,,,,,,,,,,,,,,,,,,,,,,,,,,,,,,,,,,,,,,,,,,,,,TN,TN
autoland,4767314,1,247a31fb40b3ac0b152bd3554743d742a3892fe3,linux1804-64-shippable-qr,True,False,,,102210fe594ee9b33d82058545b1ed14f4c8206e,id-getter-5.html,perf_reftest_singletons,True,perf_reftest_singletons id-getter-5.html opt e10s fission stylo webrender,4767299,77,ms,firefox,,1814677383,2023-12-19 21:18:40,539.25,31eaa2b1cf1b61e0b8868c53cf6bdbfc14805942,1351276,,,,,,,,,,,,,,,,,,,,,,,,,,,,,,,,,,,,,,,,,,,,,,,,,,,,,,,,,,,,,TN,TN
autoland,4767314,1,247a31fb40b3ac0b152bd3554743d742a3892fe3,linux1804-64-shippable-qr,True,False,,,102210fe594ee9b33d82058545b1ed14f4c8206e,id-getter-5.html,perf_reftest_singletons,True,perf_reftest_singletons id-getter-5.html opt e10s fission stylo webrender,4767299,77,ms,firefox,,1814839125,2023-12-20 02:06:01,525.77,9ac6d461916454c17cd8c7dfc7f73401ef3da12a,1351432,,,,,,,,,,,,,,,,,,,,,,,,,,,,,,,,,,,,,,,,,,,,,,,,,,,,,,,,,,,,,TN,TN
autoland,4767314,1,247a31fb40b3ac0b152bd3554743d742a3892fe3,linux1804-64-shippable-qr,True,False,,,102210fe594ee9b33d82058545b1ed14f4c8206e,id-getter-5.html,perf_reftest_singletons,True,perf_reftest_singletons id-getter-5.html opt e10s fission stylo webrender,4767299,77,ms,firefox,,1814895459,2023-12-20 04:26:18,524.1,e3bf6261f6fc31e78c716c97399a60f6f575ebcd,1351473,,,,,,,,,,,,,,,,,,,,,,,,,,,,,,,,,,,,,,,,,,,,,,,,,,,,,,,,,,,,,TN,TN
autoland,4767314,1,247a31fb40b3ac0b152bd3554743d742a3892fe3,linux1804-64-shippable-qr,True,False,,,102210fe594ee9b33d82058545b1ed14f4c8206e,id-getter-5.html,perf_reftest_singletons,True,perf_reftest_singletons id-getter-5.html opt e10s fission stylo webrender,4767299,77,ms,firefox,,1815060824,2023-12-20 09:15:46,530.13,4d6eabdc6228d414c7043c4fabdddfd95a3afb0e,1351517,,,,,,,,,,,,,,,,,,,,,,,,,,,,,,,,,,,,,,,,,,,,,,,,,,,,,,,,,,,,,TN,TN
autoland,4767314,1,247a31fb40b3ac0b152bd3554743d742a3892fe3,linux1804-64-shippable-qr,True,False,,,102210fe594ee9b33d82058545b1ed14f4c8206e,id-getter-5.html,perf_reftest_singletons,True,perf_reftest_singletons id-getter-5.html opt e10s fission stylo webrender,4767299,77,ms,firefox,,1815168649,2023-12-20 13:10:00,535.1199999999999,97f2e0f6b821072bc498a3bc7921831eb6d10d38,1351639,,,,,,,,,,,,,,,,,,,,,,,,,,,,,,,,,,,,,,,,,,,,,,,,,,,,,,,,,,,,,TN,TN
autoland,4767314,1,247a31fb40b3ac0b152bd3554743d742a3892fe3,linux1804-64-shippable-qr,True,False,,,102210fe594ee9b33d82058545b1ed14f4c8206e,id-getter-5.html,perf_reftest_singletons,True,perf_reftest_singletons id-getter-5.html opt e10s fission stylo webrender,4767299,77,ms,firefox,,1815318636,2023-12-20 17:43:19,547.7,c12f6936509f05b3caad77d4cb4b783a38761897,1351821,,,,,,,,,,,,,,,,,,,,,,,,,,,,,,,,,,,,,,,,,,,,,,,,,,,,,,,,,,,,,TN,TN
autoland,4767314,1,247a31fb40b3ac0b152bd3554743d742a3892fe3,linux1804-64-shippable-qr,True,False,,,102210fe594ee9b33d82058545b1ed14f4c8206e,id-getter-5.html,perf_reftest_singletons,True,perf_reftest_singletons id-getter-5.html opt e10s fission stylo webrender,4767299,77,ms,firefox,,1815437048,2023-12-20 21:55:32,536.18,aa4d4fecaf969d49a7ecf2568e3dda25cd2a7f1d,1352017,,,,,,,,,,,,,,,,,,,,,,,,,,,,,,,,,,,,,,,,,,,,,,,,,,,,,,,,,,,,,TN,TN
autoland,4767314,1,247a31fb40b3ac0b152bd3554743d742a3892fe3,linux1804-64-shippable-qr,True,False,,,102210fe594ee9b33d82058545b1ed14f4c8206e,id-getter-5.html,perf_reftest_singletons,True,perf_reftest_singletons id-getter-5.html opt e10s fission stylo webrender,4767299,77,ms,firefox,,1815422506,2023-12-20 21:58:53,547.27,dfc7e32798343d88b72708bf68fc966d1e088330,1352020,,,,,,,,,,,,,,,,,,,,,,,,,,,,,,,,,,,,,,,,,,,,,,,,,,,,,,,,,,,,,TN,TN
autoland,4767314,1,247a31fb40b3ac0b152bd3554743d742a3892fe3,linux1804-64-shippable-qr,True,False,,,102210fe594ee9b33d82058545b1ed14f4c8206e,id-getter-5.html,perf_reftest_singletons,True,perf_reftest_singletons id-getter-5.html opt e10s fission stylo webrender,4767299,77,ms,firefox,,1815583500,2023-12-21 03:06:09,528.95,37657c7691664026e54babf7d1cf608fe58a92fb,1352135,,,,,,,,,,,,,,,,,,,,,,,,,,,,,,,,,,,,,,,,,,,,,,,,,,,,,,,,,,,,,TN,TN
autoland,4767314,1,247a31fb40b3ac0b152bd3554743d742a3892fe3,linux1804-64-shippable-qr,True,False,,,102210fe594ee9b33d82058545b1ed14f4c8206e,id-getter-5.html,perf_reftest_singletons,True,perf_reftest_singletons id-getter-5.html opt e10s fission stylo webrender,4767299,77,ms,firefox,,1815652285,2023-12-21 06:56:11,538.47,2339ef37f5863c45acf6280581ec0994b40f11d5,1352164,,,,,,,,,,,,,,,,,,,,,,,,,,,,,,,,,,,,,,,,,,,,,,,,,,,,,,,,,,,,,TN,TN
autoland,4767314,1,247a31fb40b3ac0b152bd3554743d742a3892fe3,linux1804-64-shippable-qr,True,False,,,102210fe594ee9b33d82058545b1ed14f4c8206e,id-getter-5.html,perf_reftest_singletons,True,perf_reftest_singletons id-getter-5.html opt e10s fission stylo webrender,4767299,77,ms,firefox,,1815779020,2023-12-21 11:39:11,543.3,5e551f2bacc3d6a8294dcb0273e8299cf7a17e2d,1352265,,,,,,,,,,,,,,,,,,,,,,,,,,,,,,,,,,,,,,,,,,,,,,,,,,,,,,,,,,,,,TN,TN
autoland,4767314,1,247a31fb40b3ac0b152bd3554743d742a3892fe3,linux1804-64-shippable-qr,True,False,,,102210fe594ee9b33d82058545b1ed14f4c8206e,id-getter-5.html,perf_reftest_singletons,True,perf_reftest_singletons id-getter-5.html opt e10s fission stylo webrender,4767299,77,ms,firefox,,1815815400,2023-12-21 13:05:54,533.45,8b474eeffbe09d0e5e30675fa595293863b0db34,1352315,,,,,,,,,,,,,,,,,,,,,,,,,,,,,,,,,,,,,,,,,,,,,,,,,,,,,,,,,,,,,TN,TN
autoland,4767314,1,247a31fb40b3ac0b152bd3554743d742a3892fe3,linux1804-64-shippable-qr,True,False,,,102210fe594ee9b33d82058545b1ed14f4c8206e,id-getter-5.html,perf_reftest_singletons,True,perf_reftest_singletons id-getter-5.html opt e10s fission stylo webrender,4767299,77,ms,firefox,,1816012420,2023-12-21 18:00:27,532.6199999999999,e685307ecb90f0e91ef9f3781b3614b7308384b9,1352454,,,,,,,,,,,,,,,,,,,,,,,,,,,,,,,,,,,,,,,,,,,,,,,,,,,,,,,,,,,,,TN,TN
autoland,4767314,1,247a31fb40b3ac0b152bd3554743d742a3892fe3,linux1804-64-shippable-qr,True,False,,,102210fe594ee9b33d82058545b1ed14f4c8206e,id-getter-5.html,perf_reftest_singletons,True,perf_reftest_singletons id-getter-5.html opt e10s fission stylo webrender,4767299,77,ms,firefox,,1816053211,2023-12-21 18:17:05,525.27,14c89fd054c7ac54bac01a4fcb619d5dff3cc6ef,1352468,,,,,,,,,,,,,,,,,,,,,,,,,,,,,,,,,,,,,,,,,,,,,,,,,,,,,,,,,,,,,TN,TN
autoland,4767314,1,247a31fb40b3ac0b152bd3554743d742a3892fe3,linux1804-64-shippable-qr,True,False,,,102210fe594ee9b33d82058545b1ed14f4c8206e,id-getter-5.html,perf_reftest_singletons,True,perf_reftest_singletons id-getter-5.html opt e10s fission stylo webrender,4767299,77,ms,firefox,,1816133323,2023-12-21 22:08:07,535.8,e20257bfa3ef6e394b6669c19aa1a165ee73fefa,1352650,,,,,,,,,,,,,,,,,,,,,,,,,,,,,,,,,,,,,,,,,,,,,,,,,,,,,,,,,,,,,TN,TN
autoland,4767314,1,247a31fb40b3ac0b152bd3554743d742a3892fe3,linux1804-64-shippable-qr,True,False,,,102210fe594ee9b33d82058545b1ed14f4c8206e,id-getter-5.html,perf_reftest_singletons,True,perf_reftest_singletons id-getter-5.html opt e10s fission stylo webrender,4767299,77,ms,firefox,,1816238914,2023-12-22 08:16:59,527.1600000000001,6814c9419790a8ee7c93cac282a82a11d93d16ba,1352807,,,,,,,,,,,,,,,,,,,,,,,,,,,,,,,,,,,,,,,,,,,,,,,,,,,,,,,,,,,,,TN,TN
autoland,4767314,1,247a31fb40b3ac0b152bd3554743d742a3892fe3,linux1804-64-shippable-qr,True,False,,,102210fe594ee9b33d82058545b1ed14f4c8206e,id-getter-5.html,perf_reftest_singletons,True,perf_reftest_singletons id-getter-5.html opt e10s fission stylo webrender,4767299,77,ms,firefox,,1816343549,2023-12-22 13:33:45,535.53,3189af86c93aef59c4fc9363b40f92eb4ef0358f,1352859,,,,,,,,,,,,,,,,,,,,,,,,,,,,,,,,,,,,,,,,,,,,,,,,,,,,,,,,,,,,,TN,TN
autoland,4767314,1,247a31fb40b3ac0b152bd3554743d742a3892fe3,linux1804-64-shippable-qr,True,False,,,102210fe594ee9b33d82058545b1ed14f4c8206e,id-getter-5.html,perf_reftest_singletons,True,perf_reftest_singletons id-getter-5.html opt e10s fission stylo webrender,4767299,77,ms,firefox,,1816370594,2023-12-22 13:41:08,535.0799999999999,8cd1fc9da2b45034679cc880c08d91e84d8e9516,1352862,,,,,,,,,,,,,,,,,,,,,,,,,,,,,,,,,,,,,,,,,,,,,,,,,,,,,,,,,,,,,TN,TN
autoland,4767314,1,247a31fb40b3ac0b152bd3554743d742a3892fe3,linux1804-64-shippable-qr,True,False,,,102210fe594ee9b33d82058545b1ed14f4c8206e,id-getter-5.html,perf_reftest_singletons,True,perf_reftest_singletons id-getter-5.html opt e10s fission stylo webrender,4767299,77,ms,firefox,,1816494988,2023-12-22 19:27:05,528.19,ac9f813bbc0f39b5e52be4229972795f2ca6309b,1353028,,,,,,,,,,,,,,,,,,,,,,,,,,,,,,,,,,,,,,,,,,,,,,,,,,,,,,,,,,,,,TN,TN
autoland,4767314,1,247a31fb40b3ac0b152bd3554743d742a3892fe3,linux1804-64-shippable-qr,True,False,,,102210fe594ee9b33d82058545b1ed14f4c8206e,id-getter-5.html,perf_reftest_singletons,True,perf_reftest_singletons id-getter-5.html opt e10s fission stylo webrender,4767299,77,ms,firefox,,1816590862,2023-12-23 00:08:27,528.53,58581f618255e51b846d0792b6abc3e5c2c67d51,1353154,,,,,,,,,,,,,,,,,,,,,,,,,,,,,,,,,,,,,,,,,,,,,,,,,,,,,,,,,,,,,TN,TN
autoland,4767314,1,247a31fb40b3ac0b152bd3554743d742a3892fe3,linux1804-64-shippable-qr,True,False,,,102210fe594ee9b33d82058545b1ed14f4c8206e,id-getter-5.html,perf_reftest_singletons,True,perf_reftest_singletons id-getter-5.html opt e10s fission stylo webrender,4767299,77,ms,firefox,,1816637873,2023-12-23 05:47:03,535.16,8b92fb4e3f41d856629818bd2ecfc25bed23a643,1353193,,,,,,,,,,,,,,,,,,,,,,,,,,,,,,,,,,,,,,,,,,,,,,,,,,,,,,,,,,,,,TN,TN
autoland,4767314,1,247a31fb40b3ac0b152bd3554743d742a3892fe3,linux1804-64-shippable-qr,True,False,,,102210fe594ee9b33d82058545b1ed14f4c8206e,id-getter-5.html,perf_reftest_singletons,True,perf_reftest_singletons id-getter-5.html opt e10s fission stylo webrender,4767299,77,ms,firefox,,1816670931,2023-12-23 08:44:57,537.1199999999999,6f7de1b98becd7269380a213d3eff367b81efe72,1353213,,,,,,,,,,,,,,,,,,,,,,,,,,,,,,,,,,,,,,,,,,,,,,,,,,,,,,,,,,,,,TN,TN
autoland,4767314,1,247a31fb40b3ac0b152bd3554743d742a3892fe3,linux1804-64-shippable-qr,True,False,,,102210fe594ee9b33d82058545b1ed14f4c8206e,id-getter-5.html,perf_reftest_singletons,True,perf_reftest_singletons id-getter-5.html opt e10s fission stylo webrender,4767299,77,ms,firefox,,1816763819,2023-12-23 15:53:06,542.96,e6f85355d2f352d6bc64a11372bc8efc1ced07b8,1353251,,,,,,,,,,,,,,,,,,,,,,,,,,,,,,,,,,,,,,,,,,,,,,,,,,,,,,,,,,,,,TN,TN
autoland,4767314,1,247a31fb40b3ac0b152bd3554743d742a3892fe3,linux1804-64-shippable-qr,True,False,,,102210fe594ee9b33d82058545b1ed14f4c8206e,id-getter-5.html,perf_reftest_singletons,True,perf_reftest_singletons id-getter-5.html opt e10s fission stylo webrender,4767299,77,ms,firefox,,1816836670,2023-12-24 06:04:04,539.5799999999999,0f896a4a54629904c55cc5e18aa1f6e387c9a697,1353282,,,,,,,,,,,,,,,,,,,,,,,,,,,,,,,,,,,,,,,,,,,,,,,,,,,,,,,,,,,,,TN,TN
autoland,4767314,1,247a31fb40b3ac0b152bd3554743d742a3892fe3,linux1804-64-shippable-qr,True,False,,,102210fe594ee9b33d82058545b1ed14f4c8206e,id-getter-5.html,perf_reftest_singletons,True,perf_reftest_singletons id-getter-5.html opt e10s fission stylo webrender,4767299,77,ms,firefox,,1816918472,2023-12-24 13:46:59,537.8399999999999,a15215077df33152e936203ec411ea07343a3f36,1353302,,,,,,,,,,,,,,,,,,,,,,,,,,,,,,,,,,,,,,,,,,,,,,,,,,,,,,,,,,,,,TN,TN
autoland,4767314,1,247a31fb40b3ac0b152bd3554743d742a3892fe3,linux1804-64-shippable-qr,True,False,,,102210fe594ee9b33d82058545b1ed14f4c8206e,id-getter-5.html,perf_reftest_singletons,True,perf_reftest_singletons id-getter-5.html opt e10s fission stylo webrender,4767299,77,ms,firefox,,1816960189,2023-12-24 18:13:48,541.41,65471d13c8aaa5b3c5aa872ca12360b7f26ad6e0,1353317,,,,,,,,,,,,,,,,,,,,,,,,,,,,,,,,,,,,,,,,,,,,,,,,,,,,,,,,,,,,,TN,TN
autoland,4767314,1,247a31fb40b3ac0b152bd3554743d742a3892fe3,linux1804-64-shippable-qr,True,False,,,102210fe594ee9b33d82058545b1ed14f4c8206e,id-getter-5.html,perf_reftest_singletons,True,perf_reftest_singletons id-getter-5.html opt e10s fission stylo webrender,4767299,77,ms,firefox,,1817038404,2023-12-25 01:21:58,531.15,29784c387017c900dc842f070d5cd88464dfc494,1353335,,,,,,,,,,,,,,,,,,,,,,,,,,,,,,,,,,,,,,,,,,,,,,,,,,,,,,,,,,,,,TN,TN
autoland,4767314,1,247a31fb40b3ac0b152bd3554743d742a3892fe3,linux1804-64-shippable-qr,True,False,,,102210fe594ee9b33d82058545b1ed14f4c8206e,id-getter-5.html,perf_reftest_singletons,True,perf_reftest_singletons id-getter-5.html opt e10s fission stylo webrender,4767299,77,ms,firefox,,1817078127,2023-12-25 05:53:22,532.76,f69f493b2f3cde5ef4b46b9675cfd4708287666e,1353343,,,,,,,,,,,,,,,,,,,,,,,,,,,,,,,,,,,,,,,,,,,,,,,,,,,,,,,,,,,,,TN,TN
autoland,4767314,1,247a31fb40b3ac0b152bd3554743d742a3892fe3,linux1804-64-shippable-qr,True,False,,,102210fe594ee9b33d82058545b1ed14f4c8206e,id-getter-5.html,perf_reftest_singletons,True,perf_reftest_singletons id-getter-5.html opt e10s fission stylo webrender,4767299,77,ms,firefox,,1817166689,2023-12-25 12:57:04,528.04,b9600c5aa59e300200656691d1f1997593caafbd,1353372,,,,,,,,,,,,,,,,,,,,,,,,,,,,,,,,,,,,,,,,,,,,,,,,,,,,,,,,,,,,,TN,TN
autoland,4767314,1,247a31fb40b3ac0b152bd3554743d742a3892fe3,linux1804-64-shippable-qr,True,False,,,102210fe594ee9b33d82058545b1ed14f4c8206e,id-getter-5.html,perf_reftest_singletons,True,perf_reftest_singletons id-getter-5.html opt e10s fission stylo webrender,4767299,77,ms,firefox,,1817192501,2023-12-25 17:10:06,533.03,fdd85a789550f85e20e7b7128f2b3316cbc76640,1353386,,,,,,,,,,,,,,,,,,,,,,,,,,,,,,,,,,,,,,,,,,,,,,,,,,,,,,,,,,,,,TN,TN
autoland,4767314,1,247a31fb40b3ac0b152bd3554743d742a3892fe3,linux1804-64-shippable-qr,True,False,,,102210fe594ee9b33d82058545b1ed14f4c8206e,id-getter-5.html,perf_reftest_singletons,True,perf_reftest_singletons id-getter-5.html opt e10s fission stylo webrender,4767299,77,ms,firefox,,1817227551,2023-12-25 21:32:12,548.51,ba6abbd36b496501cea141e17b61af674a18e279,1353402,,,,,,,,,,,,,,,,,,,,,,,,,,,,,,,,,,,,,,,,,,,,,,,,,,,,,,,,,,,,,TN,TN
autoland,4767314,1,247a31fb40b3ac0b152bd3554743d742a3892fe3,linux1804-64-shippable-qr,True,False,,,102210fe594ee9b33d82058545b1ed14f4c8206e,id-getter-5.html,perf_reftest_singletons,True,perf_reftest_singletons id-getter-5.html opt e10s fission stylo webrender,4767299,77,ms,firefox,441391536.0,1817286424,2023-12-26 03:31:03,526.9300000000001,280c0b4dd9140984e6177c89f5858ceac6ae0107,1353431,,,,,,,,,,,,,,,,,,,,,,,,,,,,,,,,,,,,,,,,,,,,,,,,,,,,,,,,,,,,,TN,TN
autoland,4767314,1,247a31fb40b3ac0b152bd3554743d742a3892fe3,linux1804-64-shippable-qr,True,False,,,102210fe594ee9b33d82058545b1ed14f4c8206e,id-getter-5.html,perf_reftest_singletons,True,perf_reftest_singletons id-getter-5.html opt e10s fission stylo webrender,4767299,77,ms,firefox,441397816.0,1817351118,2023-12-26 07:50:55,527.44,7503b1d6a430d23303b6ec356b3388951a1eca83,1353461,,,,,,,,,,,,,,,,,,,,,,,,,,,,,,,,,,,,,,,,,,,,,,,,,,,,,,,,,,,,,TN,TN
autoland,4767314,1,247a31fb40b3ac0b152bd3554743d742a3892fe3,linux1804-64-shippable-qr,True,False,,,102210fe594ee9b33d82058545b1ed14f4c8206e,id-getter-5.html,perf_reftest_singletons,True,perf_reftest_singletons id-getter-5.html opt e10s fission stylo webrender,4767299,77,ms,firefox,441423754.0,1817454485,2023-12-26 11:52:29,539.8700000000001,807f04c86e5d02f04afa662ade3d505a80a4f660,1353488,,,,,,,,,,,,,,,,,,,,,,,,,,,,,,,,,,,,,,,,,,,,,,,,,,,,,,,,,,,,,TN,TN
autoland,4767314,1,247a31fb40b3ac0b152bd3554743d742a3892fe3,linux1804-64-shippable-qr,True,False,,,102210fe594ee9b33d82058545b1ed14f4c8206e,id-getter-5.html,perf_reftest_singletons,True,perf_reftest_singletons id-getter-5.html opt e10s fission stylo webrender,4767299,77,ms,firefox,441451386.0,1817545055,2023-12-27 02:56:18,533.8399999999999,6d9a0abd0a3c26f4337aff723c15795fe91fe884,1353555,,,,,,,,,,,,,,,,,,,,,,,,,,,,,,,,,,,,,,,,,,,,,,,,,,,,,,,,,,,,,TN,TN
autoland,4767314,1,247a31fb40b3ac0b152bd3554743d742a3892fe3,linux1804-64-shippable-qr,True,False,,,102210fe594ee9b33d82058545b1ed14f4c8206e,id-getter-5.html,perf_reftest_singletons,True,perf_reftest_singletons id-getter-5.html opt e10s fission stylo webrender,4767299,77,ms,firefox,441494238.0,1817774848,2023-12-27 14:58:54,527.72,856e86584c4c811f064f93e2b734dd374c787eaf,1353654,,,,,,,,,,,,,,,,,,,,,,,,,,,,,,,,,,,,,,,,,,,,,,,,,,,,,,,,,,,,,TN,TN
autoland,4767314,1,247a31fb40b3ac0b152bd3554743d742a3892fe3,linux1804-64-shippable-qr,True,False,,,102210fe594ee9b33d82058545b1ed14f4c8206e,id-getter-5.html,perf_reftest_singletons,True,perf_reftest_singletons id-getter-5.html opt e10s fission stylo webrender,4767299,77,ms,firefox,441508906.0,1817822760,2023-12-27 20:22:55,530.5799999999999,97a27d8a860d5bd8ab2962d2f0e5e376287e527c,1353722,,,,,,,,,,,,,,,,,,,,,,,,,,,,,,,,,,,,,,,,,,,,,,,,,,,,,,,,,,,,,TN,TN
autoland,4767314,1,247a31fb40b3ac0b152bd3554743d742a3892fe3,linux1804-64-shippable-qr,True,False,,,102210fe594ee9b33d82058545b1ed14f4c8206e,id-getter-5.html,perf_reftest_singletons,True,perf_reftest_singletons id-getter-5.html opt e10s fission stylo webrender,4767299,77,ms,firefox,441528236.0,1817910050,2023-12-28 01:36:38,533.1800000000001,00fe06571a66e6773ca7801e6747493299cf4bda,1353793,,,,,,,,,,,,,,,,,,,,,,,,,,,,,,,,,,,,,,,,,,,,,,,,,,,,,,,,,,,,,TN,TN
autoland,4767314,1,247a31fb40b3ac0b152bd3554743d742a3892fe3,linux1804-64-shippable-qr,True,False,,,102210fe594ee9b33d82058545b1ed14f4c8206e,id-getter-5.html,perf_reftest_singletons,True,perf_reftest_singletons id-getter-5.html opt e10s fission stylo webrender,4767299,77,ms,firefox,441829766.0,1819210414,2023-12-28 04:47:04,542.47,38d7b5d6edc779003ef5503afb64075fa6c6f856,1353809,,,,,,,,,,,,,,,,,,,,,,,,,,,,,,,,,,,,,,,,,,,,,,,,,,,,,,,,,,,,,TN,TN
autoland,4767314,1,247a31fb40b3ac0b152bd3554743d742a3892fe3,linux1804-64-shippable-qr,True,False,,,102210fe594ee9b33d82058545b1ed14f4c8206e,id-getter-5.html,perf_reftest_singletons,True,perf_reftest_singletons id-getter-5.html opt e10s fission stylo webrender,4767299,77,ms,firefox,441827927.0,1819203108,2023-12-28 04:47:48,536.79,671efa7a42d50ce5f37e0d068a75898221ce0c75,1353810,,,,,,,,,,,,,,,,,,,,,,,,,,,,,,,,,,,,,,,,,,,,,,,,,,,,,,,,,,,,,TN,TN
autoland,4767314,1,247a31fb40b3ac0b152bd3554743d742a3892fe3,linux1804-64-shippable-qr,True,False,,,102210fe594ee9b33d82058545b1ed14f4c8206e,id-getter-5.html,perf_reftest_singletons,True,perf_reftest_singletons id-getter-5.html opt e10s fission stylo webrender,4767299,77,ms,firefox,441829654.0,1819209692,2023-12-28 09:03:07,537.12,88fe2ee3cddd1c590ab36c7a239bce6ae0c2a87a,1353828,,,,,,,,,,,,,,,,,,,,,,,,,,,,,,,,,,,,,,,,,,,,,,,,,,,,,,,,,,,,,TN,TN
autoland,4767314,1,247a31fb40b3ac0b152bd3554743d742a3892fe3,linux1804-64-shippable-qr,True,False,,,102210fe594ee9b33d82058545b1ed14f4c8206e,id-getter-5.html,perf_reftest_singletons,True,perf_reftest_singletons id-getter-5.html opt e10s fission stylo webrender,4767299,77,ms,firefox,441829686.0,1819209983,2023-12-28 11:00:17,533.6500000000001,a0075cc444760ae5a2c371db81faf113b3ff067b,1353832,,,,,,,,,,,,,,,,,,,,,,,,,,,,,,,,,,,,,,,,,,,,,,,,,,,,,,,,,,,,,TN,TN
autoland,4767314,1,247a31fb40b3ac0b152bd3554743d742a3892fe3,linux1804-64-shippable-qr,True,False,,,102210fe594ee9b33d82058545b1ed14f4c8206e,id-getter-5.html,perf_reftest_singletons,True,perf_reftest_singletons id-getter-5.html opt e10s fission stylo webrender,4767299,77,ms,firefox,441829691.0,1819210097,2023-12-28 13:01:40,529.65,0dd3ba53ac91b0fb8ee9043debd7300b2ad578ab,1353833,,,,,,,,,,,,,,,,,,,,,,,,,,,,,,,,,,,,,,,,,,,,,,,,,,,,,,,,,,,,,TN,TN
autoland,4767314,1,247a31fb40b3ac0b152bd3554743d742a3892fe3,linux1804-64-shippable-qr,True,False,,,102210fe594ee9b33d82058545b1ed14f4c8206e,id-getter-5.html,perf_reftest_singletons,True,perf_reftest_singletons id-getter-5.html opt e10s fission stylo webrender,4767299,77,ms,firefox,441553705.0,1818037862,2023-12-28 13:32:35,537.6099999999999,10aa7423789835a7dbd24b0b44ad1ae2ad77b59b,1353834,,,,,,,,,,,,,,,,,,,,,,,,,,,,,,,,,,,,,,,,,,,,,,,,,,,,,,,,,,,,,TN,TN
autoland,4767314,1,247a31fb40b3ac0b152bd3554743d742a3892fe3,linux1804-64-shippable-qr,True,False,,,102210fe594ee9b33d82058545b1ed14f4c8206e,id-getter-5.html,perf_reftest_singletons,True,perf_reftest_singletons id-getter-5.html opt e10s fission stylo webrender,4767299,77,ms,firefox,441829684.0,1819209903,2023-12-28 14:39:55,526.05,962e4c86d436b722e4c987bb9c10e1f2e8e5c0ae,1353837,,,,,,,,,,,,,,,,,,,,,,,,,,,,,,,,,,,,,,,,,,,,,,,,,,,,,,,,,,,,,TN,TN
autoland,4767314,1,247a31fb40b3ac0b152bd3554743d742a3892fe3,linux1804-64-shippable-qr,True,False,,,102210fe594ee9b33d82058545b1ed14f4c8206e,id-getter-5.html,perf_reftest_singletons,True,perf_reftest_singletons id-getter-5.html opt e10s fission stylo webrender,4767299,77,ms,firefox,441829776.0,1819210558,2023-12-28 16:06:15,541.3,83353941eb9c338663b66d5b7092bd64f306f777,1353842,,,,,,,,,,,,,,,,,,,,,,,,,,,,,,,,,,,,,,,,,,,,,,,,,,,,,,,,,,,,,TN,TN
autoland,4767314,1,247a31fb40b3ac0b152bd3554743d742a3892fe3,linux1804-64-shippable-qr,True,False,,,102210fe594ee9b33d82058545b1ed14f4c8206e,id-getter-5.html,perf_reftest_singletons,True,perf_reftest_singletons id-getter-5.html opt e10s fission stylo webrender,4767299,77,ms,firefox,441829680.0,1819209822,2023-12-28 16:33:46,543.67,2c0ef884644ce0b31b502ea5cb628834243c2d4f,1353843,,,,,,,,,,,,,,,,,,,,,,,,,,,,,,,,,,,,,,,,,,,,,,,,,,,,,,,,,,,,,TN,TN
autoland,4767314,1,247a31fb40b3ac0b152bd3554743d742a3892fe3,linux1804-64-shippable-qr,True,False,,,102210fe594ee9b33d82058545b1ed14f4c8206e,id-getter-5.html,perf_reftest_singletons,True,perf_reftest_singletons id-getter-5.html opt e10s fission stylo webrender,4767299,77,ms,firefox,441573651.0,1818173886,2023-12-28 17:48:27,524.21,659e4e8345823ce8331b67df6c3865b76063e2c2,1353939,,,,,,,,,,,,,,,,,,,,,,,,,,,,,,,,,,,,,,,,,,,,,,,,,,,,,,,,,,,,,TN,TN
autoland,4767314,1,247a31fb40b3ac0b152bd3554743d742a3892fe3,linux1804-64-shippable-qr,True,False,,,102210fe594ee9b33d82058545b1ed14f4c8206e,id-getter-5.html,perf_reftest_singletons,True,perf_reftest_singletons id-getter-5.html opt e10s fission stylo webrender,4767299,77,ms,firefox,441829763.0,1819210218,2023-12-28 17:58:21,530.81,e0102888f147dbd5c4e56ef66ddce7b53fca553c,1353940,,,,,,,,,,,,,,,,,,,,,,,,,,,,,,,,,,,,,,,,,,,,,,,,,,,,,,,,,,,,,TN,TN
autoland,4767314,1,247a31fb40b3ac0b152bd3554743d742a3892fe3,linux1804-64-shippable-qr,True,False,,,102210fe594ee9b33d82058545b1ed14f4c8206e,id-getter-5.html,perf_reftest_singletons,True,perf_reftest_singletons id-getter-5.html opt e10s fission stylo webrender,4767299,77,ms,firefox,441829778.0,1819210598,2023-12-28 19:01:39,543.26,d8e7f722c3c1138ebb10052011eda9d55e27f06c,1353950,,,,,,,,,,,,,,,,,,,,,,,,,,,,,,,,,,,,,,,,,,,,,,,,,,,,,,,,,,,,,TN,TN
autoland,4767314,1,247a31fb40b3ac0b152bd3554743d742a3892fe3,linux1804-64-shippable-qr,True,False,,,102210fe594ee9b33d82058545b1ed14f4c8206e,id-getter-5.html,perf_reftest_singletons,True,perf_reftest_singletons id-getter-5.html opt e10s fission stylo webrender,4767299,77,ms,firefox,441829769.0,1819210465,2023-12-28 19:26:04,532.9300000000001,b3ce46bdbb031a490d96f234375c06ba59d59e68,1353954,,,,,,,,,,,,,,,,,,,,,,,,,,,,,,,,,,,,,,,,,,,,,,,,,,,,,,,,,,,,,TN,TN
autoland,4767314,1,247a31fb40b3ac0b152bd3554743d742a3892fe3,linux1804-64-shippable-qr,True,False,,,102210fe594ee9b33d82058545b1ed14f4c8206e,id-getter-5.html,perf_reftest_singletons,True,perf_reftest_singletons id-getter-5.html opt e10s fission stylo webrender,4767299,77,ms,firefox,441906619.0,1819548510,2023-12-28 19:26:04,530.27,b3ce46bdbb031a490d96f234375c06ba59d59e68,1353954,,,,,,,,,,,,,,,,,,,,,,,,,,,,,,,,,,,,,,,,,,,,,,,,,,,,,,,,,,,,,TN,TN
autoland,4767314,1,247a31fb40b3ac0b152bd3554743d742a3892fe3,linux1804-64-shippable-qr,True,False,,,102210fe594ee9b33d82058545b1ed14f4c8206e,id-getter-5.html,perf_reftest_singletons,True,perf_reftest_singletons id-getter-5.html opt e10s fission stylo webrender,4767299,77,ms,firefox,441906630.0,1819548597,2023-12-28 19:26:04,528.0,b3ce46bdbb031a490d96f234375c06ba59d59e68,1353954,,,,,,,,,,,,,,,,,,,,,,,,,,,,,,,,,,,,,,,,,,,,,,,,,,,,,,,,,,,,,TN,TN
autoland,4767314,1,247a31fb40b3ac0b152bd3554743d742a3892fe3,linux1804-64-shippable-qr,True,False,,,102210fe594ee9b33d82058545b1ed14f4c8206e,id-getter-5.html,perf_reftest_singletons,True,perf_reftest_singletons id-getter-5.html opt e10s fission stylo webrender,4767299,77,ms,firefox,441829681.0,1819209862,2023-12-28 20:01:34,531.8800000000001,9a27b17271ddc6d601ffaf4034317638d64d32d8,1353957,,,,,,,,,,,,,,,,,,,,,,,,,,,,,,,,,,,,,,,,,,,,,,,,,,,,,,,,,,,,,TN,TN
autoland,4767314,1,247a31fb40b3ac0b152bd3554743d742a3892fe3,linux1804-64-shippable-qr,True,False,,,102210fe594ee9b33d82058545b1ed14f4c8206e,id-getter-5.html,perf_reftest_singletons,True,perf_reftest_singletons id-getter-5.html opt e10s fission stylo webrender,4767299,77,ms,firefox,441906620.0,1819548549,2023-12-28 20:01:34,531.39,9a27b17271ddc6d601ffaf4034317638d64d32d8,1353957,,,,,,,,,,,,,,,,,,,,,,,,,,,,,,,,,,,,,,,,,,,,,,,,,,,,,,,,,,,,,TN,TN
autoland,4767314,1,247a31fb40b3ac0b152bd3554743d742a3892fe3,linux1804-64-shippable-qr,True,False,,,102210fe594ee9b33d82058545b1ed14f4c8206e,id-getter-5.html,perf_reftest_singletons,True,perf_reftest_singletons id-getter-5.html opt e10s fission stylo webrender,4767299,77,ms,firefox,441906661.0,1819548730,2023-12-28 20:01:34,539.8399999999999,9a27b17271ddc6d601ffaf4034317638d64d32d8,1353957,,,,,,,,,,,,,,,,,,,,,,,,,,,,,,,,,,,,,,,,,,,,,,,,,,,,,,,,,,,,,TN,TN
autoland,4767314,1,247a31fb40b3ac0b152bd3554743d742a3892fe3,linux1804-64-shippable-qr,True,False,,,102210fe594ee9b33d82058545b1ed14f4c8206e,id-getter-5.html,perf_reftest_singletons,True,perf_reftest_singletons id-getter-5.html opt e10s fission stylo webrender,4767299,77,ms,firefox,441829688.0,1819210059,2023-12-28 20:06:28,527.28,b82b6da233beeedd53c6675fe538bed55b9f0c2e,1353958,,,,,,,,,,,,,,,,,,,,,,,,,,,,,,,,,,,,,,,,,,,,,,,,,,,,,,,,,,,,,TN,TN
autoland,4767314,1,247a31fb40b3ac0b152bd3554743d742a3892fe3,linux1804-64-shippable-qr,True,False,,,102210fe594ee9b33d82058545b1ed14f4c8206e,id-getter-5.html,perf_reftest_singletons,True,perf_reftest_singletons id-getter-5.html opt e10s fission stylo webrender,4767299,77,ms,firefox,441591107.0,1818233517,2023-12-28 20:32:29,535.6500000000001,2e15b5318d54850660d5c4e4ece3c82b2634d806,1353968,,,,,,,,,,,,,,,,,,,,,,,,,,,,,,,,,,,,,,,,,,,,,,,,,,,,,,,,,,,,,TN,TN
autoland,4767314,1,247a31fb40b3ac0b152bd3554743d742a3892fe3,linux1804-64-shippable-qr,True,False,,,102210fe594ee9b33d82058545b1ed14f4c8206e,id-getter-5.html,perf_reftest_singletons,True,perf_reftest_singletons id-getter-5.html opt e10s fission stylo webrender,4767299,77,ms,firefox,441829689.0,1819210021,2023-12-28 20:48:01,561.14,4ee5704c973eff299a996b41d136ef982eeb111a,1353973,,,,,,,,,,,,,,,,,,,,,,,,,,,,,,,,,,,,,,,,,,,,,,,,,,,,,,,,,,,,,TN,TN
autoland,4767314,1,247a31fb40b3ac0b152bd3554743d742a3892fe3,linux1804-64-shippable-qr,True,False,,,102210fe594ee9b33d82058545b1ed14f4c8206e,id-getter-5.html,perf_reftest_singletons,True,perf_reftest_singletons id-getter-5.html opt e10s fission stylo webrender,4767299,77,ms,firefox,441829687.0,1819209945,2023-12-28 22:01:20,532.03,ebce2d977aa71d671b4db8abe1572b07665e2486,1353992,,,,,,,,,,,,,,,,,,,,,,,,,,,,,,,,,,,,,,,,,,,,,,,,,,,,,,,,,,,,,TN,TN
autoland,4767314,1,247a31fb40b3ac0b152bd3554743d742a3892fe3,linux1804-64-shippable-qr,True,False,,,102210fe594ee9b33d82058545b1ed14f4c8206e,id-getter-5.html,perf_reftest_singletons,True,perf_reftest_singletons id-getter-5.html opt e10s fission stylo webrender,4767299,77,ms,firefox,441829675.0,1819209736,2023-12-28 22:40:14,529.37,2551e8d043d888c7fb2f07370e492f3088cc5625,1353997,,,,,,,,,,,,,,,,,,,,,,,,,,,,,,,,,,,,,,,,,,,,,,,,,,,,,,,,,,,,,TN,TN
autoland,4767314,1,247a31fb40b3ac0b152bd3554743d742a3892fe3,linux1804-64-shippable-qr,True,False,,,102210fe594ee9b33d82058545b1ed14f4c8206e,id-getter-5.html,perf_reftest_singletons,True,perf_reftest_singletons id-getter-5.html opt e10s fission stylo webrender,4767299,77,ms,firefox,441829770.0,1819210508,2023-12-28 22:41:06,532.39,c420beeaba307c99b31779d176498bcad550b4d0,1353998,,,,,,,,,,,,,,,,,,,,,,,,,,,,,,,,,,,,,,,,,,,,,,,,,,,,,,,,,,,,,TN,TN
autoland,4767314,1,247a31fb40b3ac0b152bd3554743d742a3892fe3,linux1804-64-shippable-qr,True,False,,,102210fe594ee9b33d82058545b1ed14f4c8206e,id-getter-5.html,perf_reftest_singletons,True,perf_reftest_singletons id-getter-5.html opt e10s fission stylo webrender,4767299,77,ms,firefox,441829676.0,1819209777,2023-12-28 22:50:23,548.6600000000001,b1abf39e79b3f0d2f40022c20abc6aa892a59969,1353999,,,,,,,,,,,,,,,,,,,,,,,,,,,,,,,,,,,,,,,,,,,,,,,,,,,,,,,,,,,,,TN,TN
autoland,4767314,1,247a31fb40b3ac0b152bd3554743d742a3892fe3,linux1804-64-shippable-qr,True,False,,,102210fe594ee9b33d82058545b1ed14f4c8206e,id-getter-5.html,perf_reftest_singletons,True,perf_reftest_singletons id-getter-5.html opt e10s fission stylo webrender,4767299,77,ms,firefox,441599066.0,1818255677,2023-12-28 23:04:44,535.31,0bd8678e10b6f0eb1d7e16cfe010ca8856e2bfcc,1354003,,,,,,,,,,,,,,,,,,,,,,,,,,,,,,,,,,,,,,,,,,,,,,,,,,,,,,,,,,,,,TN,TN
autoland,4767314,1,247a31fb40b3ac0b152bd3554743d742a3892fe3,linux1804-64-shippable-qr,True,False,,,102210fe594ee9b33d82058545b1ed14f4c8206e,id-getter-5.html,perf_reftest_singletons,True,perf_reftest_singletons id-getter-5.html opt e10s fission stylo webrender,4767299,77,ms,firefox,441827988.0,1819204104,2023-12-28 23:05:25,528.79,94b0152f259ce9de504474454b05fc7c8bbfc2d7,1354004,,,,,,,,,,,,,,,,,,,,,,,,,,,,,,,,,,,,,,,,,,,,,,,,,,,,,,,,,,,,,TN,TN
autoland,4767314,1,247a31fb40b3ac0b152bd3554743d742a3892fe3,linux1804-64-shippable-qr,True,False,,,102210fe594ee9b33d82058545b1ed14f4c8206e,id-getter-5.html,perf_reftest_singletons,True,perf_reftest_singletons id-getter-5.html opt e10s fission stylo webrender,4767299,77,ms,firefox,441827987.0,1819204052,2023-12-29 00:42:39,526.51,3044b295163bf51b01ccef2119d14af563f23a89,1354024,,,,,,,,,,,,,,,,,,,,,,,,,,,,,,,,,,,,,,,,,,,,,,,,,,,,,,,,,,,,,TN,TN
autoland,4767314,1,247a31fb40b3ac0b152bd3554743d742a3892fe3,linux1804-64-shippable-qr,True,False,,,102210fe594ee9b33d82058545b1ed14f4c8206e,id-getter-5.html,perf_reftest_singletons,True,perf_reftest_singletons id-getter-5.html opt e10s fission stylo webrender,4767299,77,ms,firefox,441617178.0,1818358784,2023-12-29 05:51:26,547.25,25b973ec90316da3daa35b031e4a4e089d70443a,1354078,,,,,,,,,,,,,,,,,,,,,,,,,,,,,,,,,,,,,,,,,,,,,,,,,,,,,,,,,,,,,TN,TN
autoland,4767314,1,247a31fb40b3ac0b152bd3554743d742a3892fe3,linux1804-64-shippable-qr,True,False,,,102210fe594ee9b33d82058545b1ed14f4c8206e,id-getter-5.html,perf_reftest_singletons,True,perf_reftest_singletons id-getter-5.html opt e10s fission stylo webrender,4767299,77,ms,firefox,441663058.0,1818490488,2023-12-29 14:24:04,532.9200000000001,4d00abb11b573ff386a9f02816ff81f2030e6dfe,1354164,,,,,,,,,,,,,,,,,,,,,,,,,,,,,,,,,,,,,,,,,,,,,,,,,,,,,,,,,,,,,TN,TN
autoland,4767314,1,247a31fb40b3ac0b152bd3554743d742a3892fe3,linux1804-64-shippable-qr,True,False,,,102210fe594ee9b33d82058545b1ed14f4c8206e,id-getter-5.html,perf_reftest_singletons,True,perf_reftest_singletons id-getter-5.html opt e10s fission stylo webrender,4767299,77,ms,firefox,441670184.0,1818526497,2023-12-29 16:09:29,527.8399999999999,52b5c5b51719976906d668db1cd59b2b49315565,1354179,,,,,,,,,,,,,,,,,,,,,,,,,,,,,,,,,,,,,,,,,,,,,,,,,,,,,,,,,,,,,TN,TN
autoland,4767314,1,247a31fb40b3ac0b152bd3554743d742a3892fe3,linux1804-64-shippable-qr,True,False,,,102210fe594ee9b33d82058545b1ed14f4c8206e,id-getter-5.html,perf_reftest_singletons,True,perf_reftest_singletons id-getter-5.html opt e10s fission stylo webrender,4767299,77,ms,firefox,441690518.0,1818588399,2023-12-29 20:10:09,545.44,8d822c618985176a1d4ebc4eedcd5a388e798418,1354279,,,,,,,,,,,,,,,,,,,,,,,,,,,,,,,,,,,,,,,,,,,,,,,,,,,,,,,,,,,,,TN,TN
autoland,4767314,1,247a31fb40b3ac0b152bd3554743d742a3892fe3,linux1804-64-shippable-qr,True,False,,,102210fe594ee9b33d82058545b1ed14f4c8206e,id-getter-5.html,perf_reftest_singletons,True,perf_reftest_singletons id-getter-5.html opt e10s fission stylo webrender,4767299,77,ms,firefox,441707712.0,1818661443,2023-12-30 03:46:41,530.5,15c3c77f07b45a04b27a42ab403aadaaed857fff,1354316,,,,,,,,,,,,,,,,,,,,,,,,,,,,,,,,,,,,,,,,,,,,,,,,,,,,,,,,,,,,,TN,TN
autoland,4767314,1,247a31fb40b3ac0b152bd3554743d742a3892fe3,linux1804-64-shippable-qr,True,False,,,102210fe594ee9b33d82058545b1ed14f4c8206e,id-getter-5.html,perf_reftest_singletons,True,perf_reftest_singletons id-getter-5.html opt e10s fission stylo webrender,4767299,77,ms,firefox,441717551.0,1818725644,2023-12-30 08:00:00,525.06,9660032084db64efbe9cbbf4c47a38d0a6c36c9f,1354351,,,,,,,,,,,,,,,,,,,,,,,,,,,,,,,,,,,,,,,,,,,,,,,,,,,,,,,,,,,,,TN,TN
autoland,4767314,1,247a31fb40b3ac0b152bd3554743d742a3892fe3,linux1804-64-shippable-qr,True,False,,,102210fe594ee9b33d82058545b1ed14f4c8206e,id-getter-5.html,perf_reftest_singletons,True,perf_reftest_singletons id-getter-5.html opt e10s fission stylo webrender,4767299,77,ms,firefox,441744374.0,1818810040,2023-12-30 12:53:05,535.9100000000001,94ab264a143c3086d948c401c047297f01b76527,1354380,,,,,,,,,,,,,,,,,,,,,,,,,,,,,,,,,,,,,,,,,,,,,,,,,,,,,,,,,,,,,TN,TN
autoland,4767314,1,247a31fb40b3ac0b152bd3554743d742a3892fe3,linux1804-64-shippable-qr,True,False,,,102210fe594ee9b33d82058545b1ed14f4c8206e,id-getter-5.html,perf_reftest_singletons,True,perf_reftest_singletons id-getter-5.html opt e10s fission stylo webrender,4767299,77,ms,firefox,441759355.0,1818887332,2023-12-30 17:18:37,533.6099999999999,3e9c9290e422e1f39255953e22e3d8bfe8234425,1354396,,,,,,,,,,,,,,,,,,,,,,,,,,,,,,,,,,,,,,,,,,,,,,,,,,,,,,,,,,,,,TN,TN
autoland,4767314,1,247a31fb40b3ac0b152bd3554743d742a3892fe3,linux1804-64-shippable-qr,True,False,,,102210fe594ee9b33d82058545b1ed14f4c8206e,id-getter-5.html,perf_reftest_singletons,True,perf_reftest_singletons id-getter-5.html opt e10s fission stylo webrender,4767299,77,ms,firefox,441777836.0,1818970828,2023-12-31 00:47:53,550.4,be0bfc7f906523649c68f45d4b25ca752bfc701c,1354421,,,,,,,,,,,,,,,,,,,,,,,,,,,,,,,,,,,,,,,,,,,,,,,,,,,,,,,,,,,,,TN,TN
autoland,4767314,1,247a31fb40b3ac0b152bd3554743d742a3892fe3,linux1804-64-shippable-qr,True,False,,,102210fe594ee9b33d82058545b1ed14f4c8206e,id-getter-5.html,perf_reftest_singletons,True,perf_reftest_singletons id-getter-5.html opt e10s fission stylo webrender,4767299,77,ms,firefox,441809504.0,1819120984,2023-12-31 16:29:03,537.0,30b0d1ecdc26a3e4753bef7807739106282ed827,1354470,,,,,,,,,,,,,,,,,,,,,,,,,,,,,,,,,,,,,,,,,,,,,,,,,,,,,,,,,,,,,TN,TN
autoland,4767314,1,247a31fb40b3ac0b152bd3554743d742a3892fe3,linux1804-64-shippable-qr,True,False,,,102210fe594ee9b33d82058545b1ed14f4c8206e,id-getter-5.html,perf_reftest_singletons,True,perf_reftest_singletons id-getter-5.html opt e10s fission stylo webrender,4767299,77,ms,firefox,441832318.0,1819241284,2023-12-31 19:13:37,550.65,1d9bdb9eb18ed5657dcd20860b5eccf9dd34f740,1354481,,,,,,,,,,,,,,,,,,,,,,,,,,,,,,,,,,,,,,,,,,,,,,,,,,,,,,,,,,,,,TN,TN
autoland,4767314,1,247a31fb40b3ac0b152bd3554743d742a3892fe3,linux1804-64-shippable-qr,True,False,,,102210fe594ee9b33d82058545b1ed14f4c8206e,id-getter-5.html,perf_reftest_singletons,True,perf_reftest_singletons id-getter-5.html opt e10s fission stylo webrender,4767299,77,ms,firefox,441822756.0,1819179925,2023-12-31 21:56:05,540.94,430d1a5b377307a1050c23ae96cab333c5a33be8,1354489,,,,,,,,,,,,,,,,,,,,,,,,,,,,,,,,,,,,,,,,,,,,,,,,,,,,,,,,,,,,,TN,TN
autoland,4767314,1,247a31fb40b3ac0b152bd3554743d742a3892fe3,linux1804-64-shippable-qr,True,False,,,102210fe594ee9b33d82058545b1ed14f4c8206e,id-getter-5.html,perf_reftest_singletons,True,perf_reftest_singletons id-getter-5.html opt e10s fission stylo webrender,4767299,77,ms,firefox,441851238.0,1819331823,2024-01-01 15:22:20,539.8299999999999,da3b8f5f832d95192044762406363fda8d55ef19,1354571,,,,,,,,,,,,,,,,,,,,,,,,,,,,,,,,,,,,,,,,,,,,,,,,,,,,,,,,,,,,,TN,TN
autoland,4767314,1,247a31fb40b3ac0b152bd3554743d742a3892fe3,linux1804-64-shippable-qr,True,False,,,102210fe594ee9b33d82058545b1ed14f4c8206e,id-getter-5.html,perf_reftest_singletons,True,perf_reftest_singletons id-getter-5.html opt e10s fission stylo webrender,4767299,77,ms,firefox,441852266.0,1819350348,2024-01-01 20:27:36,528.0,42461c8e1289d1829e0902914b12524c1fffa0a1,1354574,,,,,,,,,,,,,,,,,,,,,,,,,,,,,,,,,,,,,,,,,,,,,,,,,,,,,,,,,,,,,TN,TN
autoland,4767314,1,247a31fb40b3ac0b152bd3554743d742a3892fe3,linux1804-64-shippable-qr,True,False,,,102210fe594ee9b33d82058545b1ed14f4c8206e,id-getter-5.html,perf_reftest_singletons,True,perf_reftest_singletons id-getter-5.html opt e10s fission stylo webrender,4767299,77,ms,firefox,441876829.0,1819442890,2024-01-02 07:16:40,528.3800000000001,60c369c930dc96abae06a2e0ad6833a3574b803f,1354603,,,,,,,,,,,,,,,,,,,,,,,,,,,,,,,,,,,,,,,,,,,,,,,,,,,,,,,,,,,,,TN,TN
autoland,4767314,1,247a31fb40b3ac0b152bd3554743d742a3892fe3,linux1804-64-shippable-qr,True,False,,,102210fe594ee9b33d82058545b1ed14f4c8206e,id-getter-5.html,perf_reftest_singletons,True,perf_reftest_singletons id-getter-5.html opt e10s fission stylo webrender,4767299,77,ms,firefox,441903995.0,1819537988,2024-01-02 11:19:41,533.5899999999999,399d9781e72b3a4a01e67c7f902f80c9df9da386,1354672,,,,,,,,,,,,,,,,,,,,,,,,,,,,,,,,,,,,,,,,,,,,,,,,,,,,,,,,,,,,,TN,TN
autoland,4767314,1,247a31fb40b3ac0b152bd3554743d742a3892fe3,linux1804-64-shippable-qr,True,False,,,102210fe594ee9b33d82058545b1ed14f4c8206e,id-getter-5.html,perf_reftest_singletons,True,perf_reftest_singletons id-getter-5.html opt e10s fission stylo webrender,4767299,77,ms,firefox,441931159.0,1819620113,2024-01-02 15:21:54,533.54,9f15f6c0236cc27aa82549841609068645c13445,1354784,,,,,,,,,,,,,,,,,,,,,,,,,,,,,,,,,,,,,,,,,,,,,,,,,,,,,,,,,,,,,TN,TN
autoland,4767314,1,247a31fb40b3ac0b152bd3554743d742a3892fe3,linux1804-64-shippable-qr,True,False,,,102210fe594ee9b33d82058545b1ed14f4c8206e,id-getter-5.html,perf_reftest_singletons,True,perf_reftest_singletons id-getter-5.html opt e10s fission stylo webrender,4767299,77,ms,firefox,441936920.0,1819668867,2024-01-02 15:38:43,528.65,c44f0d09630a8cf36dac42c4eb31bf2a9395bf90,1354794,,,,,,,,,,,,,,,,,,,,,,,,,,,,,,,,,,,,,,,,,,,,,,,,,,,,,,,,,,,,,TN,TN
autoland,4767314,1,247a31fb40b3ac0b152bd3554743d742a3892fe3,linux1804-64-shippable-qr,True,False,,,102210fe594ee9b33d82058545b1ed14f4c8206e,id-getter-5.html,perf_reftest_singletons,True,perf_reftest_singletons id-getter-5.html opt e10s fission stylo webrender,4767299,77,ms,firefox,441957150.0,1819758330,2024-01-02 20:40:29,542.5,cc67c788cded515a24f96c72c8a12b87a2cd1b3a,1354935,,,,,,,,,,,,,,,,,,,,,,,,,,,,,,,,,,,,,,,,,,,,,,,,,,,,,,,,,,,,,TN,TN
autoland,4767314,1,247a31fb40b3ac0b152bd3554743d742a3892fe3,linux1804-64-shippable-qr,True,False,,,102210fe594ee9b33d82058545b1ed14f4c8206e,id-getter-5.html,perf_reftest_singletons,True,perf_reftest_singletons id-getter-5.html opt e10s fission stylo webrender,4767299,77,ms,firefox,441991703.0,1819902169,2024-01-03 08:18:49,539.48,655286516798565db497786ca92d9a8f7f7744bf,1355061,,,,,,,,,,,,,,,,,,,,,,,,,,,,,,,,,,,,,,,,,,,,,,,,,,,,,,,,,,,,,TN,TN
autoland,4767314,1,247a31fb40b3ac0b152bd3554743d742a3892fe3,linux1804-64-shippable-qr,True,False,,,102210fe594ee9b33d82058545b1ed14f4c8206e,id-getter-5.html,perf_reftest_singletons,True,perf_reftest_singletons id-getter-5.html opt e10s fission stylo webrender,4767299,77,ms,firefox,442028720.0,1819991111,2024-01-03 12:27:12,545.3,9ea90dc23395fc3e2d9d2bd18598cc49434eeff1,1355126,,,,,,,,,,,,,,,,,,,,,,,,,,,,,,,,,,,,,,,,,,,,,,,,,,,,,,,,,,,,,TN,TN
autoland,4767314,1,247a31fb40b3ac0b152bd3554743d742a3892fe3,linux1804-64-shippable-qr,True,False,,,102210fe594ee9b33d82058545b1ed14f4c8206e,id-getter-5.html,perf_reftest_singletons,True,perf_reftest_singletons id-getter-5.html opt e10s fission stylo webrender,4767299,77,ms,firefox,442050407.0,1820084325,2024-01-03 16:19:36,548.8299999999999,6aab4af4cab879cc95debd549578bc909a21cff7,1355230,,,,,,,,,,,,,,,,,,,,,,,,,,,,,,,,,,,,,,,,,,,,,,,,,,,,,,,,,,,,,TN,TN
autoland,4767314,1,247a31fb40b3ac0b152bd3554743d742a3892fe3,linux1804-64-shippable-qr,True,False,,,102210fe594ee9b33d82058545b1ed14f4c8206e,id-getter-5.html,perf_reftest_singletons,True,perf_reftest_singletons id-getter-5.html opt e10s fission stylo webrender,4767299,77,ms,firefox,442074222.0,1820211668,2024-01-03 20:41:01,527.3,c5a68fbf81d038a69c4e9be728d50030fd0d6271,1355381,,,,,,,,,,,,,,,,,,,,,,,,,,,,,,,,,,,,,,,,,,,,,,,,,,,,,,,,,,,,,TN,TN
autoland,4767314,1,247a31fb40b3ac0b152bd3554743d742a3892fe3,linux1804-64-shippable-qr,True,False,,,102210fe594ee9b33d82058545b1ed14f4c8206e,id-getter-5.html,perf_reftest_singletons,True,perf_reftest_singletons id-getter-5.html opt e10s fission stylo webrender,4767299,77,ms,firefox,442075226.0,1820220576,2024-01-03 20:57:48,528.7,d071b2f4ff07e1815cfa6650ffafb87c9b7e9fb1,1355389,,,,,,,,,,,,,,,,,,,,,,,,,,,,,,,,,,,,,,,,,,,,,,,,,,,,,,,,,,,,,TN,TN
autoland,4767314,1,247a31fb40b3ac0b152bd3554743d742a3892fe3,linux1804-64-shippable-qr,True,False,,,102210fe594ee9b33d82058545b1ed14f4c8206e,id-getter-5.html,perf_reftest_singletons,True,perf_reftest_singletons id-getter-5.html opt e10s fission stylo webrender,4767299,77,ms,firefox,442096303.0,1820310245,2024-01-04 01:41:43,536.9300000000001,99d5c9d12fe8a000d9b092346826d2101720ee5f,1355473,,,,,,,,,,,,,,,,,,,,,,,,,,,,,,,,,,,,,,,,,,,,,,,,,,,,,,,,,,,,,TN,TN
autoland,4767314,1,247a31fb40b3ac0b152bd3554743d742a3892fe3,linux1804-64-shippable-qr,True,False,,,102210fe594ee9b33d82058545b1ed14f4c8206e,id-getter-5.html,perf_reftest_singletons,True,perf_reftest_singletons id-getter-5.html opt e10s fission stylo webrender,4767299,77,ms,firefox,442108177.0,1820367321,2024-01-04 05:54:21,543.03,c285a1e59436529ca8d4acd4acf55d45e4277b1b,1355496,,,,,,,,,,,,,,,,,,,,,,,,,,,,,,,,,,,,,,,,,,,,,,,,,,,,,,,,,,,,,TN,TN
autoland,4767314,1,247a31fb40b3ac0b152bd3554743d742a3892fe3,linux1804-64-shippable-qr,True,False,,,102210fe594ee9b33d82058545b1ed14f4c8206e,id-getter-5.html,perf_reftest_singletons,True,perf_reftest_singletons id-getter-5.html opt e10s fission stylo webrender,4767299,77,ms,firefox,442138584.0,1820483403,2024-01-04 11:10:14,554.49,740351987a4ee46ea2c571e5824e859680bda968,1355581,,,,,,,,,,,,,,,,,,,,,,,,,,,,,,,,,,,,,,,,,,,,,,,,,,,,,,,,,,,,,TN,TN
autoland,4767314,1,247a31fb40b3ac0b152bd3554743d742a3892fe3,linux1804-64-shippable-qr,True,False,,,102210fe594ee9b33d82058545b1ed14f4c8206e,id-getter-5.html,perf_reftest_singletons,True,perf_reftest_singletons id-getter-5.html opt e10s fission stylo webrender,4767299,77,ms,firefox,442175954.0,1820605585,2024-01-04 15:17:03,525.8199999999999,45533d2448ef281f6e604ca7626c0a6ecce3e188,1355683,,,,,,,,,,,,,,,,,,,,,,,,,,,,,,,,,,,,,,,,,,,,,,,,,,,,,,,,,,,,,TN,TN
autoland,4767314,1,247a31fb40b3ac0b152bd3554743d742a3892fe3,linux1804-64-shippable-qr,True,False,,,102210fe594ee9b33d82058545b1ed14f4c8206e,id-getter-5.html,perf_reftest_singletons,True,perf_reftest_singletons id-getter-5.html opt e10s fission stylo webrender,4767299,77,ms,firefox,442172613.0,1820585158,2024-01-04 15:42:51,542.0,0a133d5fd15504b371307e44739e8f97c80096b9,1355702,,,,,,,,,,,,,,,,,,,,,,,,,,,,,,,,,,,,,,,,,,,,,,,,,,,,,,,,,,,,,TN,TN
autoland,4767314,1,247a31fb40b3ac0b152bd3554743d742a3892fe3,linux1804-64-shippable-qr,True,False,,,102210fe594ee9b33d82058545b1ed14f4c8206e,id-getter-5.html,perf_reftest_singletons,True,perf_reftest_singletons id-getter-5.html opt e10s fission stylo webrender,4767299,77,ms,firefox,442201320.0,1820736563,2024-01-04 19:37:18,545.82,048b65210703dec3aec972f180b52548b2664f7d,1355859,,,,,,,,,,,,,,,,,,,,,,,,,,,,,,,,,,,,,,,,,,,,,,,,,,,,,,,,,,,,,TN,TN
autoland,4767314,1,247a31fb40b3ac0b152bd3554743d742a3892fe3,linux1804-64-shippable-qr,True,False,,,102210fe594ee9b33d82058545b1ed14f4c8206e,id-getter-5.html,perf_reftest_singletons,True,perf_reftest_singletons id-getter-5.html opt e10s fission stylo webrender,4767299,77,ms,firefox,442238000.0,1820911843,2024-01-05 00:18:01,530.0799999999999,84d53ee96a81d7e514d24d1fb3160e91d9cee533,1356034,,,,,,,,,,,,,,,,,,,,,,,,,,,,,,,,,,,,,,,,,,,,,,,,,,,,,,,,,,,,,TN,TN
autoland,4767314,1,247a31fb40b3ac0b152bd3554743d742a3892fe3,linux1804-64-shippable-qr,True,False,,,102210fe594ee9b33d82058545b1ed14f4c8206e,id-getter-5.html,perf_reftest_singletons,True,perf_reftest_singletons id-getter-5.html opt e10s fission stylo webrender,4767299,77,ms,firefox,442239382.0,1820920174,2024-01-05 00:22:57,553.25,fab155eb519c68377a585ffdc537174653ab847b,1356036,,,,,,,,,,,,,,,,,,,,,,,,,,,,,,,,,,,,,,,,,,,,,,,,,,,,,,,,,,,,,TN,TN
autoland,4767314,1,247a31fb40b3ac0b152bd3554743d742a3892fe3,linux1804-64-shippable-qr,True,False,,,102210fe594ee9b33d82058545b1ed14f4c8206e,id-getter-5.html,perf_reftest_singletons,True,perf_reftest_singletons id-getter-5.html opt e10s fission stylo webrender,4767299,77,ms,firefox,442250815.0,1820996690,2024-01-05 04:43:02,532.09,376266ac23d50822ae8c18d60d1577f0b89b7c03,1356081,,,,,,,,,,,,,,,,,,,,,,,,,,,,,,,,,,,,,,,,,,,,,,,,,,,,,,,,,,,,,TN,TN
autoland,4767314,1,247a31fb40b3ac0b152bd3554743d742a3892fe3,linux1804-64-shippable-qr,True,False,,,102210fe594ee9b33d82058545b1ed14f4c8206e,id-getter-5.html,perf_reftest_singletons,True,perf_reftest_singletons id-getter-5.html opt e10s fission stylo webrender,4767299,77,ms,firefox,442266608.0,1821091035,2024-01-05 08:43:49,538.7,fa9bfcd5f0dbd19a8aaafddc25f6f73e4bcfd484,1356147,,,,,,,,,,,,,,,,,,,,,,,,,,,,,,,,,,,,,,,,,,,,,,,,,,,,,,,,,,,,,TN,TN
autoland,4767314,1,247a31fb40b3ac0b152bd3554743d742a3892fe3,linux1804-64-shippable-qr,True,False,,,102210fe594ee9b33d82058545b1ed14f4c8206e,id-getter-5.html,perf_reftest_singletons,True,perf_reftest_singletons id-getter-5.html opt e10s fission stylo webrender,4767299,77,ms,firefox,442314568.0,1821236275,2024-01-05 12:49:29,531.06,30bc5759ffcd80a2febc0a054214a3c910d31aea,1356208,,,,,,,,,,,,,,,,,,,,,,,,,,,,,,,,,,,,,,,,,,,,,,,,,,,,,,,,,,,,,TN,TN
autoland,4767314,1,247a31fb40b3ac0b152bd3554743d742a3892fe3,linux1804-64-shippable-qr,True,False,,,102210fe594ee9b33d82058545b1ed14f4c8206e,id-getter-5.html,perf_reftest_singletons,True,perf_reftest_singletons id-getter-5.html opt e10s fission stylo webrender,4767299,77,ms,firefox,442335284.0,1821312354,2024-01-05 17:02:32,548.49,d2e417f0f208016a0a4e369e822a12e20ef4fc5f,1356351,,,,,,,,,,,,,,,,,,,,,,,,,,,,,,,,,,,,,,,,,,,,,,,,,,,,,,,,,,,,,TN,TN
autoland,4767314,1,247a31fb40b3ac0b152bd3554743d742a3892fe3,linux1804-64-shippable-qr,True,False,,,102210fe594ee9b33d82058545b1ed14f4c8206e,id-getter-5.html,perf_reftest_singletons,True,perf_reftest_singletons id-getter-5.html opt e10s fission stylo webrender,4767299,77,ms,firefox,442352675.0,1821390641,2024-01-05 19:52:18,547.28,567f5a81c44108f44c4e694af42be8f209da4c0a,1356444,,,,,,,,,,,,,,,,,,,,,,,,,,,,,,,,,,,,,,,,,,,,,,,,,,,,,,,,,,,,,TN,TN
autoland,4767314,1,247a31fb40b3ac0b152bd3554743d742a3892fe3,linux1804-64-shippable-qr,True,False,,,102210fe594ee9b33d82058545b1ed14f4c8206e,id-getter-5.html,perf_reftest_singletons,True,perf_reftest_singletons id-getter-5.html opt e10s fission stylo webrender,4767299,77,ms,firefox,443556356.0,1826965212,2024-01-05 22:36:05,542.97,17af24495b14543eed7f3cfd1434a961d879f47e,1356511,,,,,,,,,,,,,,,,,,,,,,,,,,,,,,,,,,,,,,,,,,,,,,,,,,,,,,,,,,,,,TN,TN
autoland,4767314,1,247a31fb40b3ac0b152bd3554743d742a3892fe3,linux1804-64-shippable-qr,True,False,,,102210fe594ee9b33d82058545b1ed14f4c8206e,id-getter-5.html,perf_reftest_singletons,True,perf_reftest_singletons id-getter-5.html opt e10s fission stylo webrender,4767299,77,ms,firefox,443556359.0,1826965260,2024-01-05 22:36:58,535.3199999999999,0dece7636f83e4d8e406c0f28d75ab83079a80d8,1356512,,,,,,,,,,,,,,,,,,,,,,,,,,,,,,,,,,,,,,,,,,,,,,,,,,,,,,,,,,,,,TN,TN
autoland,4767314,1,247a31fb40b3ac0b152bd3554743d742a3892fe3,linux1804-64-shippable-qr,True,False,,,102210fe594ee9b33d82058545b1ed14f4c8206e,id-getter-5.html,perf_reftest_singletons,True,perf_reftest_singletons id-getter-5.html opt e10s fission stylo webrender,4767299,77,ms,firefox,443556360.0,1826965440,2024-01-05 22:37:55,527.98,d6443c86506e0e25a31501bde35b4baf10cbf339,1356513,,,,,,,,,,,,,,,,,,,,,,,,,,,,,,,,,,,,,,,,,,,,,,,,,,,,,,,,,,,,,TN,TN
autoland,4767314,1,247a31fb40b3ac0b152bd3554743d742a3892fe3,linux1804-64-shippable-qr,True,False,,,102210fe594ee9b33d82058545b1ed14f4c8206e,id-getter-5.html,perf_reftest_singletons,True,perf_reftest_singletons id-getter-5.html opt e10s fission stylo webrender,4767299,77,ms,firefox,443556426.0,1826965887,2024-01-05 22:41:17,529.9000000000001,e8af82a85a889186be9160db51e66267195ba81b,1356517,,,,,,,,,,,,,,,,,,,,,,,,,,,,,,,,,,,,,,,,,,,,,,,,,,,,,,,,,,,,,TN,TN
autoland,4767314,1,247a31fb40b3ac0b152bd3554743d742a3892fe3,linux1804-64-shippable-qr,True,False,,,102210fe594ee9b33d82058545b1ed14f4c8206e,id-getter-5.html,perf_reftest_singletons,True,perf_reftest_singletons id-getter-5.html opt e10s fission stylo webrender,4767299,77,ms,firefox,443556425.0,1826965817,2024-01-05 22:42:43,541.5799999999999,755ed1318d2fbeaabe81d766b7d040fb37df92dc,1356519,,,,,,,,,,,,,,,,,,,,,,,,,,,,,,,,,,,,,,,,,,,,,,,,,,,,,,,,,,,,,TN,TN
autoland,4767314,1,247a31fb40b3ac0b152bd3554743d742a3892fe3,linux1804-64-shippable-qr,True,False,,,102210fe594ee9b33d82058545b1ed14f4c8206e,id-getter-5.html,perf_reftest_singletons,True,perf_reftest_singletons id-getter-5.html opt e10s fission stylo webrender,4767299,77,ms,firefox,443556361.0,1826965490,2024-01-05 23:07:43,542.76,f2cbd63247d4b10d54c241b546daacf4c09dfe20,1356531,,,,,,,,,,,,,,,,,,,,,,,,,,,,,,,,,,,,,,,,,,,,,,,,,,,,,,,,,,,,,TN,TN
autoland,4767314,1,247a31fb40b3ac0b152bd3554743d742a3892fe3,linux1804-64-shippable-qr,True,False,,,102210fe594ee9b33d82058545b1ed14f4c8206e,id-getter-5.html,perf_reftest_singletons,True,perf_reftest_singletons id-getter-5.html opt e10s fission stylo webrender,4767299,77,ms,firefox,443556414.0,1826965753,2024-01-05 23:39:02,531.29,2cc98a4e9c9218c2a9b6468f4b492d244cb5bb0f,1356543,,,,,,,,,,,,,,,,,,,,,,,,,,,,,,,,,,,,,,,,,,,,,,,,,,,,,,,,,,,,,TN,TN
autoland,4767314,1,247a31fb40b3ac0b152bd3554743d742a3892fe3,linux1804-64-shippable-qr,True,False,,,102210fe594ee9b33d82058545b1ed14f4c8206e,id-getter-5.html,perf_reftest_singletons,True,perf_reftest_singletons id-getter-5.html opt e10s fission stylo webrender,4767299,77,ms,firefox,442379967.0,1821490902,2024-01-06 00:04:36,572.3599999999999,2a86438878465bd10e251c52285e2455425bfeb9,1356549,,,,,,,,,,,,,,,,,,,,,,,,,,,,,,,,,,,,,,,,,,,,,,,,,,,,,,,,,,,,,TN,TN
autoland,4767314,1,247a31fb40b3ac0b152bd3554743d742a3892fe3,linux1804-64-shippable-qr,True,False,,,102210fe594ee9b33d82058545b1ed14f4c8206e,id-getter-5.html,perf_reftest_singletons,True,perf_reftest_singletons id-getter-5.html opt e10s fission stylo webrender,4767299,77,ms,firefox,443662728.0,1827383986,2024-01-06 00:04:36,541.56,2a86438878465bd10e251c52285e2455425bfeb9,1356549,,,,,,,,,,,,,,,,,,,,,,,,,,,,,,,,,,,,,,,,,,,,,,,,,,,,,,,,,,,,,TN,TN
autoland,4767314,1,247a31fb40b3ac0b152bd3554743d742a3892fe3,linux1804-64-shippable-qr,True,False,,,102210fe594ee9b33d82058545b1ed14f4c8206e,id-getter-5.html,perf_reftest_singletons,True,perf_reftest_singletons id-getter-5.html opt e10s fission stylo webrender,4767299,77,ms,firefox,443662729.0,1827383832,2024-01-06 00:04:36,536.86,2a86438878465bd10e251c52285e2455425bfeb9,1356549,,,,,,,,,,,,,,,,,,,,,,,,,,,,,,,,,,,,,,,,,,,,,,,,,,,,,,,,,,,,,TN,TN
autoland,4767314,1,247a31fb40b3ac0b152bd3554743d742a3892fe3,linux1804-64-shippable-qr,True,False,,,102210fe594ee9b33d82058545b1ed14f4c8206e,id-getter-5.html,perf_reftest_singletons,True,perf_reftest_singletons id-getter-5.html opt e10s fission stylo webrender,4767299,77,ms,firefox,443662731.0,1827383907,2024-01-06 00:04:36,542.04,2a86438878465bd10e251c52285e2455425bfeb9,1356549,,,,,,,,,,,,,,,,,,,,,,,,,,,,,,,,,,,,,,,,,,,,,,,,,,,,,,,,,,,,,TN,TN
autoland,4767314,1,247a31fb40b3ac0b152bd3554743d742a3892fe3,linux1804-64-shippable-qr,True,False,,,102210fe594ee9b33d82058545b1ed14f4c8206e,id-getter-5.html,perf_reftest_singletons,True,perf_reftest_singletons id-getter-5.html opt e10s fission stylo webrender,4767299,77,ms,firefox,443556358.0,1826965172,2024-01-06 00:17:50,532.62,19258257b59786ff7c7dbf960c414a7931c6fd06,1356552,,,,,,,,,,,,,,,,,,,,,,,,,,,,,,,,,,,,,,,,,,,,,,,,,,,,,,,,,,,,,TN,TN
autoland,4767314,1,247a31fb40b3ac0b152bd3554743d742a3892fe3,linux1804-64-shippable-qr,True,False,,,102210fe594ee9b33d82058545b1ed14f4c8206e,id-getter-5.html,perf_reftest_singletons,True,perf_reftest_singletons id-getter-5.html opt e10s fission stylo webrender,4767299,77,ms,firefox,443662725.0,1827383847,2024-01-06 00:17:50,530.49,19258257b59786ff7c7dbf960c414a7931c6fd06,1356552,,,,,,,,,,,,,,,,,,,,,,,,,,,,,,,,,,,,,,,,,,,,,,,,,,,,,,,,,,,,,TN,TN
autoland,4767314,1,247a31fb40b3ac0b152bd3554743d742a3892fe3,linux1804-64-shippable-qr,True,False,,,102210fe594ee9b33d82058545b1ed14f4c8206e,id-getter-5.html,perf_reftest_singletons,True,perf_reftest_singletons id-getter-5.html opt e10s fission stylo webrender,4767299,77,ms,firefox,443662732.0,1827383947,2024-01-06 00:17:50,528.47,19258257b59786ff7c7dbf960c414a7931c6fd06,1356552,,,,,,,,,,,,,,,,,,,,,,,,,,,,,,,,,,,,,,,,,,,,,,,,,,,,,,,,,,,,,TN,TN
autoland,4767314,1,247a31fb40b3ac0b152bd3554743d742a3892fe3,linux1804-64-shippable-qr,True,False,,,102210fe594ee9b33d82058545b1ed14f4c8206e,id-getter-5.html,perf_reftest_singletons,True,perf_reftest_singletons id-getter-5.html opt e10s fission stylo webrender,4767299,77,ms,firefox,443662734.0,1827384082,2024-01-06 00:17:50,538.86,19258257b59786ff7c7dbf960c414a7931c6fd06,1356552,,,,,,,,,,,,,,,,,,,,,,,,,,,,,,,,,,,,,,,,,,,,,,,,,,,,,,,,,,,,,TN,TN
autoland,4767314,1,247a31fb40b3ac0b152bd3554743d742a3892fe3,linux1804-64-shippable-qr,True,False,,,102210fe594ee9b33d82058545b1ed14f4c8206e,id-getter-5.html,perf_reftest_singletons,True,perf_reftest_singletons id-getter-5.html opt e10s fission stylo webrender,4767299,77,ms,firefox,442382083.0,1821505803,2024-01-06 00:21:54,576.77,ce6cf7dcf8b16c2a478f122f8bab575231c99881,1356554,,,,,,,,,,,,,,,,,,,,,,,,,,,,,,,,,,,,,,,,,,,,,,,,,,,,,,,,,,,,,TN,TN
autoland,4767314,1,247a31fb40b3ac0b152bd3554743d742a3892fe3,linux1804-64-shippable-qr,True,False,,,102210fe594ee9b33d82058545b1ed14f4c8206e,id-getter-5.html,perf_reftest_singletons,True,perf_reftest_singletons id-getter-5.html opt e10s fission stylo webrender,4767299,77,ms,firefox,443662735.0,1827384038,2024-01-06 00:21:54,534.42,ce6cf7dcf8b16c2a478f122f8bab575231c99881,1356554,,,,,,,,,,,,,,,,,,,,,,,,,,,,,,,,,,,,,,,,,,,,,,,,,,,,,,,,,,,,,TN,TN
autoland,4767314,1,247a31fb40b3ac0b152bd3554743d742a3892fe3,linux1804-64-shippable-qr,True,False,,,102210fe594ee9b33d82058545b1ed14f4c8206e,id-getter-5.html,perf_reftest_singletons,True,perf_reftest_singletons id-getter-5.html opt e10s fission stylo webrender,4767299,77,ms,firefox,443662736.0,1827384185,2024-01-06 00:21:54,535.56,ce6cf7dcf8b16c2a478f122f8bab575231c99881,1356554,,,,,,,,,,,,,,,,,,,,,,,,,,,,,,,,,,,,,,,,,,,,,,,,,,,,,,,,,,,,,TN,TN
autoland,4767314,1,247a31fb40b3ac0b152bd3554743d742a3892fe3,linux1804-64-shippable-qr,True,False,,,102210fe594ee9b33d82058545b1ed14f4c8206e,id-getter-5.html,perf_reftest_singletons,True,perf_reftest_singletons id-getter-5.html opt e10s fission stylo webrender,4767299,77,ms,firefox,443662745.0,1827384242,2024-01-06 00:21:54,529.8399999999999,ce6cf7dcf8b16c2a478f122f8bab575231c99881,1356554,,,,,,,,,,,,,,,,,,,,,,,,,,,,,,,,,,,,,,,,,,,,,,,,,,,,,,,,,,,,,TN,TN
autoland,4767314,1,247a31fb40b3ac0b152bd3554743d742a3892fe3,linux1804-64-shippable-qr,True,False,,,102210fe594ee9b33d82058545b1ed14f4c8206e,id-getter-5.html,perf_reftest_singletons,True,perf_reftest_singletons id-getter-5.html opt e10s fission stylo webrender,4767299,77,ms,firefox,443556283.0,1826963933,2024-01-06 01:01:21,541.71,216834d50c953afb41fe8f7ad157ad7c1740912d,1356560,,,,,,,,,,,,,,,,,,,,,,,,,,,,,,,,,,,,,,,,,,,,,,,,,,,,,,,,,,,,,TN,TN
autoland,4767314,1,247a31fb40b3ac0b152bd3554743d742a3892fe3,linux1804-64-shippable-qr,True,False,,,102210fe594ee9b33d82058545b1ed14f4c8206e,id-getter-5.html,perf_reftest_singletons,True,perf_reftest_singletons id-getter-5.html opt e10s fission stylo webrender,4767299,77,ms,firefox,443662750.0,1827384773,2024-01-06 01:01:21,526.5899999999999,216834d50c953afb41fe8f7ad157ad7c1740912d,1356560,,,,,,,,,,,,,,,,,,,,,,,,,,,,,,,,,,,,,,,,,,,,,,,,,,,,,,,,,,,,,TN,TN
autoland,4767314,1,247a31fb40b3ac0b152bd3554743d742a3892fe3,linux1804-64-shippable-qr,True,False,,,102210fe594ee9b33d82058545b1ed14f4c8206e,id-getter-5.html,perf_reftest_singletons,True,perf_reftest_singletons id-getter-5.html opt e10s fission stylo webrender,4767299,77,ms,firefox,443662756.0,1827384913,2024-01-06 01:01:21,534.71,216834d50c953afb41fe8f7ad157ad7c1740912d,1356560,,,,,,,,,,,,,,,,,,,,,,,,,,,,,,,,,,,,,,,,,,,,,,,,,,,,,,,,,,,,,TN,TN
autoland,4767314,1,247a31fb40b3ac0b152bd3554743d742a3892fe3,linux1804-64-shippable-qr,True,False,,,102210fe594ee9b33d82058545b1ed14f4c8206e,id-getter-5.html,perf_reftest_singletons,True,perf_reftest_singletons id-getter-5.html opt e10s fission stylo webrender,4767299,77,ms,firefox,443662759.0,1827384865,2024-01-06 01:01:21,529.96,216834d50c953afb41fe8f7ad157ad7c1740912d,1356560,,,,,,,,,,,,,,,,,,,,,,,,,,,,,,,,,,,,,,,,,,,,,,,,,,,,,,,,,,,,,TN,TN
autoland,4767314,1,247a31fb40b3ac0b152bd3554743d742a3892fe3,linux1804-64-shippable-qr,True,False,,,102210fe594ee9b33d82058545b1ed14f4c8206e,id-getter-5.html,perf_reftest_singletons,True,perf_reftest_singletons id-getter-5.html opt e10s fission stylo webrender,4767299,77,ms,firefox,443556286.0,1826963957,2024-01-06 01:56:11,526.01,186f72934a825a673dce3ca41c487bbd7ac65eb4,1356566,,,,,,,,,,,,,,,,,,,,,,,,,,,,,,,,,,,,,,,,,,,,,,,,,,,,,,,,,,,,,TN,TN
autoland,4767314,1,247a31fb40b3ac0b152bd3554743d742a3892fe3,linux1804-64-shippable-qr,True,False,,,102210fe594ee9b33d82058545b1ed14f4c8206e,id-getter-5.html,perf_reftest_singletons,True,perf_reftest_singletons id-getter-5.html opt e10s fission stylo webrender,4767299,77,ms,firefox,443662758.0,1827384820,2024-01-06 01:56:11,528.1200000000001,186f72934a825a673dce3ca41c487bbd7ac65eb4,1356566,,,,,,,,,,,,,,,,,,,,,,,,,,,,,,,,,,,,,,,,,,,,,,,,,,,,,,,,,,,,,TN,TN
autoland,4767314,1,247a31fb40b3ac0b152bd3554743d742a3892fe3,linux1804-64-shippable-qr,True,False,,,102210fe594ee9b33d82058545b1ed14f4c8206e,id-getter-5.html,perf_reftest_singletons,True,perf_reftest_singletons id-getter-5.html opt e10s fission stylo webrender,4767299,77,ms,firefox,443662766.0,1827384953,2024-01-06 01:56:11,534.4,186f72934a825a673dce3ca41c487bbd7ac65eb4,1356566,,,,,,,,,,,,,,,,,,,,,,,,,,,,,,,,,,,,,,,,,,,,,,,,,,,,,,,,,,,,,TN,TN
autoland,4767314,1,247a31fb40b3ac0b152bd3554743d742a3892fe3,linux1804-64-shippable-qr,True,False,,,102210fe594ee9b33d82058545b1ed14f4c8206e,id-getter-5.html,perf_reftest_singletons,True,perf_reftest_singletons id-getter-5.html opt e10s fission stylo webrender,4767299,77,ms,firefox,443662767.0,1827385012,2024-01-06 01:56:11,539.9,186f72934a825a673dce3ca41c487bbd7ac65eb4,1356566,,,,,,,,,,,,,,,,,,,,,,,,,,,,,,,,,,,,,,,,,,,,,,,,,,,,,,,,,,,,,TN,TN
autoland,4767314,1,247a31fb40b3ac0b152bd3554743d742a3892fe3,linux1804-64-shippable-qr,True,False,,,102210fe594ee9b33d82058545b1ed14f4c8206e,id-getter-5.html,perf_reftest_singletons,True,perf_reftest_singletons id-getter-5.html opt e10s fission stylo webrender,4767299,77,ms,firefox,443556298.0,1826964553,2024-01-06 01:58:39,538.3900000000001,45ef4159f6f254aa3d70e3544ef6677861d98f45,1356567,,,,,,,,,,,,,,,,,,,,,,,,,,,,,,,,,,,,,,,,,,,,,,,,,,,,,,,,,,,,,TN,TN
autoland,4767314,1,247a31fb40b3ac0b152bd3554743d742a3892fe3,linux1804-64-shippable-qr,True,False,,,102210fe594ee9b33d82058545b1ed14f4c8206e,id-getter-5.html,perf_reftest_singletons,True,perf_reftest_singletons id-getter-5.html opt e10s fission stylo webrender,4767299,77,ms,firefox,443556302.0,1826964431,2024-01-06 01:58:39,536.6800000000001,45ef4159f6f254aa3d70e3544ef6677861d98f45,1356567,,,,,,,,,,,,,,,,,,,,,,,,,,,,,,,,,,,,,,,,,,,,,,,,,,,,,,,,,,,,,TN,TN
autoland,4767314,1,247a31fb40b3ac0b152bd3554743d742a3892fe3,linux1804-64-shippable-qr,True,False,,,102210fe594ee9b33d82058545b1ed14f4c8206e,id-getter-5.html,perf_reftest_singletons,True,perf_reftest_singletons id-getter-5.html opt e10s fission stylo webrender,4767299,77,ms,firefox,443556303.0,1826964594,2024-01-06 02:57:04,531.26,cdf39909251aae2d1319029300aa4a3a4d123f71,1356573,,,,,,,,,,,,,,,,,,,,,,,,,,,,,,,,,,,,,,,,,,,,,,,,,,,,,,,,,,,,,TN,TN
autoland,4767314,1,247a31fb40b3ac0b152bd3554743d742a3892fe3,linux1804-64-shippable-qr,True,False,,,102210fe594ee9b33d82058545b1ed14f4c8206e,id-getter-5.html,perf_reftest_singletons,True,perf_reftest_singletons id-getter-5.html opt e10s fission stylo webrender,4767299,77,ms,firefox,443556304.0,1826964636,2024-01-06 02:57:04,536.94,cdf39909251aae2d1319029300aa4a3a4d123f71,1356573,,,,,,,,,,,,,,,,,,,,,,,,,,,,,,,,,,,,,,,,,,,,,,,,,,,,,,,,,,,,,TN,TN
autoland,4767314,1,247a31fb40b3ac0b152bd3554743d742a3892fe3,linux1804-64-shippable-qr,True,False,,,102210fe594ee9b33d82058545b1ed14f4c8206e,id-getter-5.html,perf_reftest_singletons,True,perf_reftest_singletons id-getter-5.html opt e10s fission stylo webrender,4767299,77,ms,firefox,443556282.0,1826963864,2024-01-06 03:58:48,536.05,2f76154b918e6a9bec8028fb3c0257c057d3b6d0,1356576,,,,,,,,,,,,,,,,,,,,,,,,,,,,,,,,,,,,,,,,,,,,,,,,,,,,,,,,,,,,,TN,TN
autoland,4767314,1,247a31fb40b3ac0b152bd3554743d742a3892fe3,linux1804-64-shippable-qr,True,False,,,102210fe594ee9b33d82058545b1ed14f4c8206e,id-getter-5.html,perf_reftest_singletons,True,perf_reftest_singletons id-getter-5.html opt e10s fission stylo webrender,4767299,77,ms,firefox,443556288.0,1826964315,2024-01-06 07:03:13,536.3399999999999,8a7625b7b29386d7474207fbf3088669bdcc73e3,1356590,,,,,,,,,,,,,,,,,,,,,,,,,,,,,,,,,,,,,,,,,,,,,,,,,,,,,,,,,,,,,TN,TN
autoland,4767314,1,247a31fb40b3ac0b152bd3554743d742a3892fe3,linux1804-64-shippable-qr,True,False,,,102210fe594ee9b33d82058545b1ed14f4c8206e,id-getter-5.html,perf_reftest_singletons,True,perf_reftest_singletons id-getter-5.html opt e10s fission stylo webrender,4767299,77,ms,firefox,443556287.0,1826964284,2024-01-06 07:32:23,582.1099999999999,f6daaee98346d88c5fa596fd4438ad2f7d2e75ef,1356592,,,,,,,,,,,,,,,,,,,,,,,,,,,,,,,,,,,,,,,,,,,,,,,,,,,,,,,,,,,,,TN,TN
autoland,4767314,1,247a31fb40b3ac0b152bd3554743d742a3892fe3,linux1804-64-shippable-qr,True,False,,,102210fe594ee9b33d82058545b1ed14f4c8206e,id-getter-5.html,perf_reftest_singletons,True,perf_reftest_singletons id-getter-5.html opt e10s fission stylo webrender,4767299,77,ms,firefox,442417437.0,1821690827,2024-01-06 12:48:14,547.44,b54f34f26a3a753076473795a42574f426a960ee,1356631,,,,,,,,,,,,,,,,,,,,,,,,,,,,,,,,,,,,,,,,,,,,,,,,,,,,,,,,,,,,,TN,TN
autoland,4767314,1,247a31fb40b3ac0b152bd3554743d742a3892fe3,linux1804-64-shippable-qr,True,False,,,102210fe594ee9b33d82058545b1ed14f4c8206e,id-getter-5.html,perf_reftest_singletons,True,perf_reftest_singletons id-getter-5.html opt e10s fission stylo webrender,4767299,77,ms,firefox,442426172.0,1821735429,2024-01-06 17:09:10,536.5999999999999,d6318b034527ed62918fa4fd893f093c084a6ccb,1356650,,,,,,,,,,,,,,,,,,,,,,,,,,,,,,,,,,,,,,,,,,,,,,,,,,,,,,,,,,,,,TN,TN
autoland,4767314,1,247a31fb40b3ac0b152bd3554743d742a3892fe3,linux1804-64-shippable-qr,True,False,,,102210fe594ee9b33d82058545b1ed14f4c8206e,id-getter-5.html,perf_reftest_singletons,True,perf_reftest_singletons id-getter-5.html opt e10s fission stylo webrender,4767299,77,ms,firefox,443556305.0,1826964782,2024-01-06 18:40:10,527.1099999999999,05734c4a4429cc5575072c635e4b15428b45f325,1356654,,,,,,,,,,,,,,,,,,,,,,,,,,,,,,,,,,,,,,,,,,,,,,,,,,,,,,,,,,,,,TN,TN
autoland,4767314,1,247a31fb40b3ac0b152bd3554743d742a3892fe3,linux1804-64-shippable-qr,True,False,,,102210fe594ee9b33d82058545b1ed14f4c8206e,id-getter-5.html,perf_reftest_singletons,True,perf_reftest_singletons id-getter-5.html opt e10s fission stylo webrender,4767299,77,ms,firefox,443556371.0,1826965553,2024-01-06 18:59:57,545.3,3ea3dce387bec915b104262b4e03c76adea1038b,1356655,,,,,,,,,,,,,,,,,,,,,,,,,,,,,,,,,,,,,,,,,,,,,,,,,,,,,,,,,,,,,TN,TN
autoland,4767314,1,247a31fb40b3ac0b152bd3554743d742a3892fe3,linux1804-64-shippable-qr,True,False,,,102210fe594ee9b33d82058545b1ed14f4c8206e,id-getter-5.html,perf_reftest_singletons,True,perf_reftest_singletons id-getter-5.html opt e10s fission stylo webrender,4767299,77,ms,firefox,443556306.0,1826964828,2024-01-06 19:15:21,542.36,be9ef293d2d877f8ec0bfd989888cc3adfe15f21,1356659,,,,,,,,,,,,,,,,,,,,,,,,,,,,,,,,,,,,,,,,,,,,,,,,,,,,,,,,,,,,,TN,TN
autoland,4767314,1,247a31fb40b3ac0b152bd3554743d742a3892fe3,linux1804-64-shippable-qr,True,False,,,102210fe594ee9b33d82058545b1ed14f4c8206e,id-getter-5.html,perf_reftest_singletons,True,perf_reftest_singletons id-getter-5.html opt e10s fission stylo webrender,4767299,77,ms,firefox,443556307.0,1826965108,2024-01-06 19:44:18,564.4399999999999,57fc873595ecdaf5095c888902c910c6f15e8d3b,1356664,,,,,,,,,,,,,,,,,,,,,,,,,,,,,,,,,,,,,,,,,,,,,,,,,,,,,,,,,,,,,TN,TN
autoland,4767314,1,247a31fb40b3ac0b152bd3554743d742a3892fe3,linux1804-64-shippable-qr,True,False,,,102210fe594ee9b33d82058545b1ed14f4c8206e,id-getter-5.html,perf_reftest_singletons,True,perf_reftest_singletons id-getter-5.html opt e10s fission stylo webrender,4767299,77,ms,firefox,442440873.0,1821790318,2024-01-06 21:44:09,542.81,1d9422a3e1d878f2f2c54ef4e836faabebfdfc9a,1356666,,,,,,,,,,,,,,,,,,,,,,,,,,,,,,,,,,,,,,,,,,,,,,,,,,,,,,,,,,,,,TN,TN
autoland,4767314,1,247a31fb40b3ac0b152bd3554743d742a3892fe3,linux1804-64-shippable-qr,True,False,,,102210fe594ee9b33d82058545b1ed14f4c8206e,id-getter-5.html,perf_reftest_singletons,True,perf_reftest_singletons id-getter-5.html opt e10s fission stylo webrender,4767299,77,ms,firefox,442481758.0,1822018977,2024-01-07 23:26:49,528.8800000000001,47fc814524de5c30dfd7711cf3eda088303ad905,1356765,,,,,,,,,,,,,,,,,,,,,,,,,,,,,,,,,,,,,,,,,,,,,,,,,,,,,,,,,,,,,TN,TN
autoland,4767314,1,247a31fb40b3ac0b152bd3554743d742a3892fe3,linux1804-64-shippable-qr,True,False,,,102210fe594ee9b33d82058545b1ed14f4c8206e,id-getter-5.html,perf_reftest_singletons,True,perf_reftest_singletons id-getter-5.html opt e10s fission stylo webrender,4767299,77,ms,firefox,442486129.0,1822046251,2024-01-08 02:39:55,538.44,750c44842f26873f40a2d09bc4ee94ecc4c39997,1356771,,,,,,,,,,,,,,,,,,,,,,,,,,,,,,,,,,,,,,,,,,,,,,,,,,,,,,,,,,,,,TN,TN
autoland,4767314,1,247a31fb40b3ac0b152bd3554743d742a3892fe3,linux1804-64-shippable-qr,True,False,,,102210fe594ee9b33d82058545b1ed14f4c8206e,id-getter-5.html,perf_reftest_singletons,True,perf_reftest_singletons id-getter-5.html opt e10s fission stylo webrender,4767299,77,ms,firefox,442538960.0,1822245349,2024-01-08 11:59:03,542.1800000000001,f0a524f0a0085554a1bfdfe1320ee1e87caf7a94,1356886,,,,,,,,,,,,,,,,,,,,,,,,,,,,,,,,,,,,,,,,,,,,,,,,,,,,,,,,,,,,,TN,TN
autoland,4767314,1,247a31fb40b3ac0b152bd3554743d742a3892fe3,linux1804-64-shippable-qr,True,False,,,102210fe594ee9b33d82058545b1ed14f4c8206e,id-getter-5.html,perf_reftest_singletons,True,perf_reftest_singletons id-getter-5.html opt e10s fission stylo webrender,4767299,77,ms,firefox,442564079.0,1822355424,2024-01-08 15:57:02,541.4100000000001,fa142c3f71b8a5f5e5781fe41471dc1528cecd75,1357053,,,,,,,,,,,,,,,,,,,,,,,,,,,,,,,,,,,,,,,,,,,,,,,,,,,,,,,,,,,,,TN,TN
autoland,4767314,1,247a31fb40b3ac0b152bd3554743d742a3892fe3,linux1804-64-shippable-qr,True,False,,,102210fe594ee9b33d82058545b1ed14f4c8206e,id-getter-5.html,perf_reftest_singletons,True,perf_reftest_singletons id-getter-5.html opt e10s fission stylo webrender,4767299,77,ms,firefox,442593720.0,1822441744,2024-01-08 20:04:05,528.52,41ae953b02271ceda653046c5072bfe0329c7e96,1357175,,,,,,,,,,,,,,,,,,,,,,,,,,,,,,,,,,,,,,,,,,,,,,,,,,,,,,,,,,,,,TN,TN
autoland,4767314,1,247a31fb40b3ac0b152bd3554743d742a3892fe3,linux1804-64-shippable-qr,True,False,,,102210fe594ee9b33d82058545b1ed14f4c8206e,id-getter-5.html,perf_reftest_singletons,True,perf_reftest_singletons id-getter-5.html opt e10s fission stylo webrender,4767299,77,ms,firefox,442630687.0,1822619037,2024-01-09 02:28:42,544.89,ea866029ce2e23f03843038e1fd8ba7ca9ea30bb,1357330,,,,,,,,,,,,,,,,,,,,,,,,,,,,,,,,,,,,,,,,,,,,,,,,,,,,,,,,,,,,,TN,TN
autoland,4767314,1,247a31fb40b3ac0b152bd3554743d742a3892fe3,linux1804-64-shippable-qr,True,False,,,102210fe594ee9b33d82058545b1ed14f4c8206e,id-getter-5.html,perf_reftest_singletons,True,perf_reftest_singletons id-getter-5.html opt e10s fission stylo webrender,4767299,77,ms,firefox,442680580.0,1822899043,2024-01-09 11:20:33,538.39,b29d6ace45f4ca84cd58b15ab4430194755a7056,1357465,,,,,,,,,,,,,,,,,,,,,,,,,,,,,,,,,,,,,,,,,,,,,,,,,,,,,,,,,,,,,TN,TN
autoland,4767314,1,247a31fb40b3ac0b152bd3554743d742a3892fe3,linux1804-64-shippable-qr,True,False,,,102210fe594ee9b33d82058545b1ed14f4c8206e,id-getter-5.html,perf_reftest_singletons,True,perf_reftest_singletons id-getter-5.html opt e10s fission stylo webrender,4767299,77,ms,firefox,442686380.0,1822929754,2024-01-09 11:56:06,540.3,051ee8b6b5420d6e2ef877ed6ff3a70306257659,1357476,,,,,,,,,,,,,,,,,,,,,,,,,,,,,,,,,,,,,,,,,,,,,,,,,,,,,,,,,,,,,TN,TN
autoland,4767314,1,247a31fb40b3ac0b152bd3554743d742a3892fe3,linux1804-64-shippable-qr,True,False,,,102210fe594ee9b33d82058545b1ed14f4c8206e,id-getter-5.html,perf_reftest_singletons,True,perf_reftest_singletons id-getter-5.html opt e10s fission stylo webrender,4767299,77,ms,firefox,442723582.0,1823095857,2024-01-09 16:23:43,536.5999999999999,39da72deac75c8026ae23df612934a7fc7c3693a,1357611,,,,,,,,,,,,,,,,,,,,,,,,,,,,,,,,,,,,,,,,,,,,,,,,,,,,,,,,,,,,,TN,TN
autoland,4767314,1,247a31fb40b3ac0b152bd3554743d742a3892fe3,linux1804-64-shippable-qr,True,False,,,102210fe594ee9b33d82058545b1ed14f4c8206e,id-getter-5.html,perf_reftest_singletons,True,perf_reftest_singletons id-getter-5.html opt e10s fission stylo webrender,4767299,77,ms,firefox,442726508.0,1823136301,2024-01-09 17:04:21,545.31,65446098ef641575f65d67f1db14e51401e565de,1357636,,,,,,,,,,,,,,,,,,,,,,,,,,,,,,,,,,,,,,,,,,,,,,,,,,,,,,,,,,,,,TN,TN
autoland,4767314,1,247a31fb40b3ac0b152bd3554743d742a3892fe3,linux1804-64-shippable-qr,True,False,,,102210fe594ee9b33d82058545b1ed14f4c8206e,id-getter-5.html,perf_reftest_singletons,True,perf_reftest_singletons id-getter-5.html opt e10s fission stylo webrender,4767299,77,ms,firefox,442751669.0,1823229181,2024-01-09 20:55:28,576.98,b089f828d54fe4d5fff32c8f142a603bc9d51325,1357773,,,,,,,,,,,,,,,,,,,,,,,,,,,,,,,,,,,,,,,,,,,,,,,,,,,,,,,,,,,,,TN,TN
autoland,4767314,1,247a31fb40b3ac0b152bd3554743d742a3892fe3,linux1804-64-shippable-qr,True,False,,,102210fe594ee9b33d82058545b1ed14f4c8206e,id-getter-5.html,perf_reftest_singletons,True,perf_reftest_singletons id-getter-5.html opt e10s fission stylo webrender,4767299,77,ms,firefox,442766618.0,1823326856,2024-01-09 23:58:45,536.1,33d47d05c368a7b03c3843f70deb11c351eab0e7,1357896,,,,,,,,,,,,,,,,,,,,,,,,,,,,,,,,,,,,,,,,,,,,,,,,,,,,,,,,,,,,,TN,TN
autoland,4767314,1,247a31fb40b3ac0b152bd3554743d742a3892fe3,linux1804-64-shippable-qr,True,False,,,102210fe594ee9b33d82058545b1ed14f4c8206e,id-getter-5.html,perf_reftest_singletons,True,perf_reftest_singletons id-getter-5.html opt e10s fission stylo webrender,4767299,77,ms,firefox,442790917.0,1823473080,2024-01-10 06:33:00,537.14,8d93c10892064c983f5603645b9f6db6494fac24,1357998,,,,,,,,,,,,,,,,,,,,,,,,,,,,,,,,,,,,,,,,,,,,,,,,,,,,,,,,,,,,,TN,TN
autoland,4767314,1,247a31fb40b3ac0b152bd3554743d742a3892fe3,linux1804-64-shippable-qr,True,False,,,102210fe594ee9b33d82058545b1ed14f4c8206e,id-getter-5.html,perf_reftest_singletons,True,perf_reftest_singletons id-getter-5.html opt e10s fission stylo webrender,4767299,77,ms,firefox,442820057.0,1823600793,2024-01-10 10:37:21,535.6899999999999,c892e00c62dbbeba07a14640ce9baf3a7c27383d,1358093,,,,,,,,,,,,,,,,,,,,,,,,,,,,,,,,,,,,,,,,,,,,,,,,,,,,,,,,,,,,,TN,TN
autoland,4767314,1,247a31fb40b3ac0b152bd3554743d742a3892fe3,linux1804-64-shippable-qr,True,False,,,102210fe594ee9b33d82058545b1ed14f4c8206e,id-getter-5.html,perf_reftest_singletons,True,perf_reftest_singletons id-getter-5.html opt e10s fission stylo webrender,4767299,77,ms,firefox,442830868.0,1823620868,2024-01-10 11:50:05,544.3399999999999,645f7ed438fb8172e3e4db34d3d7821251ae066c,1358132,,,,,,,,,,,,,,,,,,,,,,,,,,,,,,,,,,,,,,,,,,,,,,,,,,,,,,,,,,,,,TN,TN
autoland,4767314,1,247a31fb40b3ac0b152bd3554743d742a3892fe3,linux1804-64-shippable-qr,True,False,,,102210fe594ee9b33d82058545b1ed14f4c8206e,id-getter-5.html,perf_reftest_singletons,True,perf_reftest_singletons id-getter-5.html opt e10s fission stylo webrender,4767299,77,ms,firefox,442859390.0,1823712537,2024-01-10 15:53:53,551.96,abbd6756776d8ea1ff22b8a5ee76e1417583f893,1358258,,,,,,,,,,,,,,,,,,,,,,,,,,,,,,,,,,,,,,,,,,,,,,,,,,,,,,,,,,,,,TN,TN
autoland,4767314,1,247a31fb40b3ac0b152bd3554743d742a3892fe3,linux1804-64-shippable-qr,True,False,,,102210fe594ee9b33d82058545b1ed14f4c8206e,id-getter-5.html,perf_reftest_singletons,True,perf_reftest_singletons id-getter-5.html opt e10s fission stylo webrender,4767299,77,ms,firefox,442879780.0,1823904772,2024-01-10 20:02:55,536.21,13107fcd50cf2795a397cd8d72ce290a0b34a909,1358406,,,,,,,,,,,,,,,,,,,,,,,,,,,,,,,,,,,,,,,,,,,,,,,,,,,,,,,,,,,,,TN,TN
autoland,4767314,1,247a31fb40b3ac0b152bd3554743d742a3892fe3,linux1804-64-shippable-qr,True,False,,,102210fe594ee9b33d82058545b1ed14f4c8206e,id-getter-5.html,perf_reftest_singletons,True,perf_reftest_singletons id-getter-5.html opt e10s fission stylo webrender,4767299,77,ms,firefox,442906830.0,1823949192,2024-01-11 01:22:24,527.0999999999999,1a93f0a64a7f897212da58c5753433922e0953cb,1358548,,,,,,,,,,,,,,,,,,,,,,,,,,,,,,,,,,,,,,,,,,,,,,,,,,,,,,,,,,,,,TN,TN
autoland,4767314,1,247a31fb40b3ac0b152bd3554743d742a3892fe3,linux1804-64-shippable-qr,True,False,,,102210fe594ee9b33d82058545b1ed14f4c8206e,id-getter-5.html,perf_reftest_singletons,True,perf_reftest_singletons id-getter-5.html opt e10s fission stylo webrender,4767299,77,ms,firefox,442928598.0,1824048478,2024-01-11 07:34:58,547.81,53b379d2ca1da12d341d8c9f8e59575152c88b27,1358622,,,,,,,,,,,,,,,,,,,,,,,,,,,,,,,,,,,,,,,,,,,,,,,,,,,,,,,,,,,,,TN,TN
autoland,4767314,1,247a31fb40b3ac0b152bd3554743d742a3892fe3,linux1804-64-shippable-qr,True,False,,,102210fe594ee9b33d82058545b1ed14f4c8206e,id-getter-5.html,perf_reftest_singletons,True,perf_reftest_singletons id-getter-5.html opt e10s fission stylo webrender,4767299,77,ms,firefox,442936263.0,1824080548,2024-01-11 09:13:52,529.38,0bd36479d605b1a8748ee37096ff0d54383f0402,1358650,,,,,,,,,,,,,,,,,,,,,,,,,,,,,,,,,,,,,,,,,,,,,,,,,,,,,,,,,,,,,TN,TN
autoland,4767314,1,247a31fb40b3ac0b152bd3554743d742a3892fe3,linux1804-64-shippable-qr,True,False,,,102210fe594ee9b33d82058545b1ed14f4c8206e,id-getter-5.html,perf_reftest_singletons,True,perf_reftest_singletons id-getter-5.html opt e10s fission stylo webrender,4767299,77,ms,firefox,442968498.0,1824189585,2024-01-11 13:33:40,539.13,9e9da9a3335070604e4d44a2a97d897ca73a4c16,1358737,,,,,,,,,,,,,,,,,,,,,,,,,,,,,,,,,,,,,,,,,,,,,,,,,,,,,,,,,,,,,TN,TN
autoland,4767314,1,247a31fb40b3ac0b152bd3554743d742a3892fe3,linux1804-64-shippable-qr,True,False,,,102210fe594ee9b33d82058545b1ed14f4c8206e,id-getter-5.html,perf_reftest_singletons,True,perf_reftest_singletons id-getter-5.html opt e10s fission stylo webrender,4767299,77,ms,firefox,442982675.0,1824258203,2024-01-11 15:31:24,540.28,0fbc415c1704aee17dbd065e8d41e057993f1797,1358816,,,,,,,,,,,,,,,,,,,,,,,,,,,,,,,,,,,,,,,,,,,,,,,,,,,,,,,,,,,,,TN,TN
autoland,4767314,1,247a31fb40b3ac0b152bd3554743d742a3892fe3,linux1804-64-shippable-qr,True,False,,,102210fe594ee9b33d82058545b1ed14f4c8206e,id-getter-5.html,perf_reftest_singletons,True,perf_reftest_singletons id-getter-5.html opt e10s fission stylo webrender,4767299,77,ms,firefox,443255571.0,1825642677,2024-01-11 18:16:03,541.0,8754d3f330c5ed731eb81a4c5c56668ac5ff8241,1358916,,,,,,,,,,,,,,,,,,,,,,,,,,,,,,,,,,,,,,,,,,,,,,,,,,,,,,,,,,,,,TN,TN
autoland,4767314,1,247a31fb40b3ac0b152bd3554743d742a3892fe3,linux1804-64-shippable-qr,True,False,,,102210fe594ee9b33d82058545b1ed14f4c8206e,id-getter-5.html,perf_reftest_singletons,True,perf_reftest_singletons id-getter-5.html opt e10s fission stylo webrender,4767299,77,ms,firefox,443253256.0,1825632839,2024-01-11 18:16:48,536.1200000000001,0c8b61d221fc9fbd78122adbdd9af93c01e5a467,1358917,,,,,,,,,,,,,,,,,,,,,,,,,,,,,,,,,,,,,,,,,,,,,,,,,,,,,,,,,,,,,TN,TN
autoland,4767314,1,247a31fb40b3ac0b152bd3554743d742a3892fe3,linux1804-64-shippable-qr,True,False,,,102210fe594ee9b33d82058545b1ed14f4c8206e,id-getter-5.html,perf_reftest_singletons,True,perf_reftest_singletons id-getter-5.html opt e10s fission stylo webrender,4767299,77,ms,firefox,443253258.0,1825632898,2024-01-11 18:18:15,539.19,c968fa42e944e86d2ef0e1790169260c72d1767b,1358919,,,,,,,,,,,,,,,,,,,,,,,,,,,,,,,,,,,,,,,,,,,,,,,,,,,,,,,,,,,,,TN,TN
autoland,4767314,1,247a31fb40b3ac0b152bd3554743d742a3892fe3,linux1804-64-shippable-qr,True,False,,,102210fe594ee9b33d82058545b1ed14f4c8206e,id-getter-5.html,perf_reftest_singletons,True,perf_reftest_singletons id-getter-5.html opt e10s fission stylo webrender,4767299,77,ms,firefox,443253261.0,1825632975,2024-01-11 18:18:15,532.27,c968fa42e944e86d2ef0e1790169260c72d1767b,1358919,,,,,,,,,,,,,,,,,,,,,,,,,,,,,,,,,,,,,,,,,,,,,,,,,,,,,,,,,,,,,TN,TN
autoland,4767314,1,247a31fb40b3ac0b152bd3554743d742a3892fe3,linux1804-64-shippable-qr,True,False,,,102210fe594ee9b33d82058545b1ed14f4c8206e,id-getter-5.html,perf_reftest_singletons,True,perf_reftest_singletons id-getter-5.html opt e10s fission stylo webrender,4767299,77,ms,firefox,443253257.0,1825633208,2024-01-11 18:24:24,540.99,c742a756f169303b59bc595b6ad84ce7314a1789,1358925,,,,,,,,,,,,,,,,,,,,,,,,,,,,,,,,,,,,,,,,,,,,,,,,,,,,,,,,,,,,,TN,TN
autoland,4767314,1,247a31fb40b3ac0b152bd3554743d742a3892fe3,linux1804-64-shippable-qr,True,False,,,102210fe594ee9b33d82058545b1ed14f4c8206e,id-getter-5.html,perf_reftest_singletons,True,perf_reftest_singletons id-getter-5.html opt e10s fission stylo webrender,4767299,77,ms,firefox,443253259.0,1825633130,2024-01-11 18:24:24,527.74,c742a756f169303b59bc595b6ad84ce7314a1789,1358925,,,,,,,,,,,,,,,,,,,,,,,,,,,,,,,,,,,,,,,,,,,,,,,,,,,,,,,,,,,,,TN,TN
autoland,4767314,1,247a31fb40b3ac0b152bd3554743d742a3892fe3,linux1804-64-shippable-qr,True,False,,,102210fe594ee9b33d82058545b1ed14f4c8206e,id-getter-5.html,perf_reftest_singletons,True,perf_reftest_singletons id-getter-5.html opt e10s fission stylo webrender,4767299,77,ms,firefox,443255562.0,1825642599,2024-01-11 18:52:16,525.01,eb9a193de2b14421848c6db358fce5ed2e52b25a,1358944,,,,,,,,,,,,,,,,,,,,,,,,,,,,,,,,,,,,,,,,,,,,,,,,,,,,,,,,,,,,,TN,TN
autoland,4767314,1,247a31fb40b3ac0b152bd3554743d742a3892fe3,linux1804-64-shippable-qr,True,False,,,102210fe594ee9b33d82058545b1ed14f4c8206e,id-getter-5.html,perf_reftest_singletons,True,perf_reftest_singletons id-getter-5.html opt e10s fission stylo webrender,4767299,77,ms,firefox,443255598.0,1825644429,2024-01-11 18:52:16,534.9100000000001,eb9a193de2b14421848c6db358fce5ed2e52b25a,1358944,,,,,,,,,,,,,,,,,,,,,,,,,,,,,,,,,,,,,,,,,,,,,,,,,,,,,,,,,,,,,TN,TN
autoland,4767314,1,247a31fb40b3ac0b152bd3554743d742a3892fe3,linux1804-64-shippable-qr,True,False,,,102210fe594ee9b33d82058545b1ed14f4c8206e,id-getter-5.html,perf_reftest_singletons,True,perf_reftest_singletons id-getter-5.html opt e10s fission stylo webrender,4767299,77,ms,firefox,443255561.0,1825642916,2024-01-11 19:02:35,541.96,4a351c06ffb8a47ee9f6440fefb95d49ad57068b,1358952,,,,,,,,,,,,,,,,,,,,,,,,,,,,,,,,,,,,,,,,,,,,,,,,,,,,,,,,,,,,,TN,TN
autoland,4767314,1,247a31fb40b3ac0b152bd3554743d742a3892fe3,linux1804-64-shippable-qr,True,False,,,102210fe594ee9b33d82058545b1ed14f4c8206e,id-getter-5.html,perf_reftest_singletons,True,perf_reftest_singletons id-getter-5.html opt e10s fission stylo webrender,4767299,77,ms,firefox,443257986.0,1825649136,2024-01-11 19:02:35,540.35,4a351c06ffb8a47ee9f6440fefb95d49ad57068b,1358952,,,,,,,,,,,,,,,,,,,,,,,,,,,,,,,,,,,,,,,,,,,,,,,,,,,,,,,,,,,,,TN,TN
autoland,4767314,1,247a31fb40b3ac0b152bd3554743d742a3892fe3,linux1804-64-shippable-qr,True,False,,,102210fe594ee9b33d82058545b1ed14f4c8206e,id-getter-5.html,perf_reftest_singletons,True,perf_reftest_singletons id-getter-5.html opt e10s fission stylo webrender,4767299,77,ms,firefox,443255595.0,1825644368,2024-01-11 19:03:17,541.1099999999999,0e8dac0c2b789ba2076cc19487b193fcf0b66016,1358956,,,,,,,,,,,,,,,,,,,,,,,,,,,,,,,,,,,,,,,,,,,,,,,,,,,,,,,,,,,,,TN,TN
autoland,4767314,1,247a31fb40b3ac0b152bd3554743d742a3892fe3,linux1804-64-shippable-qr,True,False,,,102210fe594ee9b33d82058545b1ed14f4c8206e,id-getter-5.html,perf_reftest_singletons,True,perf_reftest_singletons id-getter-5.html opt e10s fission stylo webrender,4767299,77,ms,firefox,443258722.0,1825649745,2024-01-11 19:03:17,530.21,0e8dac0c2b789ba2076cc19487b193fcf0b66016,1358956,,,,,,,,,,,,,,,,,,,,,,,,,,,,,,,,,,,,,,,,,,,,,,,,,,,,,,,,,,,,,TN,TN
autoland,4767314,1,247a31fb40b3ac0b152bd3554743d742a3892fe3,linux1804-64-shippable-qr,True,False,,,102210fe594ee9b33d82058545b1ed14f4c8206e,id-getter-5.html,perf_reftest_singletons,True,perf_reftest_singletons id-getter-5.html opt e10s fission stylo webrender,4767299,77,ms,firefox,443255575.0,1825642776,2024-01-11 19:05:50,536.22,15ef9ae2ab9f886091c25219a58004916426fdcf,1358958,,,,,,,,,,,,,,,,,,,,,,,,,,,,,,,,,,,,,,,,,,,,,,,,,,,,,,,,,,,,,TN,TN
autoland,4767314,1,247a31fb40b3ac0b152bd3554743d742a3892fe3,linux1804-64-shippable-qr,True,False,,,102210fe594ee9b33d82058545b1ed14f4c8206e,id-getter-5.html,perf_reftest_singletons,True,perf_reftest_singletons id-getter-5.html opt e10s fission stylo webrender,4767299,77,ms,firefox,443255908.0,1825645134,2024-01-11 19:05:50,518.9,15ef9ae2ab9f886091c25219a58004916426fdcf,1358958,,,,,,,,,,,,,,,,,,,,,,,,,,,,,,,,,,,,,,,,,,,,,,,,,,,,,,,,,,,,,TN,TN
autoland,4767314,1,247a31fb40b3ac0b152bd3554743d742a3892fe3,linux1804-64-shippable-qr,True,False,,,102210fe594ee9b33d82058545b1ed14f4c8206e,id-getter-5.html,perf_reftest_singletons,True,perf_reftest_singletons id-getter-5.html opt e10s fission stylo webrender,4767299,77,ms,firefox,443255567.0,1825642638,2024-01-11 19:19:21,545.52,9e674d3a933cb005b5c1865a0b332f23d66c6ce1,1358963,,,,,,,,,,,,,,,,,,,,,,,,,,,,,,,,,,,,,,,,,,,,,,,,,,,,,,,,,,,,,TN,TN
autoland,4767314,1,247a31fb40b3ac0b152bd3554743d742a3892fe3,linux1804-64-shippable-qr,True,False,,,102210fe594ee9b33d82058545b1ed14f4c8206e,id-getter-5.html,perf_reftest_singletons,True,perf_reftest_singletons id-getter-5.html opt e10s fission stylo webrender,4767299,77,ms,firefox,443259707.0,1825653448,2024-01-11 19:19:21,527.14,9e674d3a933cb005b5c1865a0b332f23d66c6ce1,1358963,,,,,,,,,,,,,,,,,,,,,,,,,,,,,,,,,,,,,,,,,,,,,,,,,,,,,,,,,,,,,TN,TN
autoland,4767314,1,247a31fb40b3ac0b152bd3554743d742a3892fe3,linux1804-64-shippable-qr,True,False,,,102210fe594ee9b33d82058545b1ed14f4c8206e,id-getter-5.html,perf_reftest_singletons,True,perf_reftest_singletons id-getter-5.html opt e10s fission stylo webrender,4767299,77,ms,firefox,443019006.0,1824384349,2024-01-11 19:45:18,536.14,51d3d025e7fa3113193da45b9c1b1d792060a4c3,1358981,,,,,,,,,,,,,,,,,,,,,,,,,,,,,,,,,,,,,,,,,,,,,,,,,,,,,,,,,,,,,TN,TN
autoland,4767314,1,247a31fb40b3ac0b152bd3554743d742a3892fe3,linux1804-64-shippable-qr,True,False,,,102210fe594ee9b33d82058545b1ed14f4c8206e,id-getter-5.html,perf_reftest_singletons,True,perf_reftest_singletons id-getter-5.html opt e10s fission stylo webrender,4767299,77,ms,firefox,443375241.0,1826207467,2024-01-11 19:45:18,549.1800000000001,51d3d025e7fa3113193da45b9c1b1d792060a4c3,1358981,,,,,,,,,,,,,,,,,,,,,,,,,,,,,,,,,,,,,,,,,,,,,,,,,,,,,,,,,,,,,TN,TN
autoland,4767314,1,247a31fb40b3ac0b152bd3554743d742a3892fe3,linux1804-64-shippable-qr,True,False,,,102210fe594ee9b33d82058545b1ed14f4c8206e,id-getter-5.html,perf_reftest_singletons,True,perf_reftest_singletons id-getter-5.html opt e10s fission stylo webrender,4767299,77,ms,firefox,443375499.0,1826207835,2024-01-11 19:45:18,595.13,51d3d025e7fa3113193da45b9c1b1d792060a4c3,1358981,,,,,,,,,,,,,,,,,,,,,,,,,,,,,,,,,,,,,,,,,,,,,,,,,,,,,,,,,,,,,TN,TN
autoland,4767314,1,247a31fb40b3ac0b152bd3554743d742a3892fe3,linux1804-64-shippable-qr,True,False,,,102210fe594ee9b33d82058545b1ed14f4c8206e,id-getter-5.html,perf_reftest_singletons,True,perf_reftest_singletons id-getter-5.html opt e10s fission stylo webrender,4767299,77,ms,firefox,443253274.0,1825633794,2024-01-11 19:53:37,547.99,dfcfa98a7e21b51e5559d4bee58d465a40576f31,1358986,,,,,,,,,,,,,,,,,,,,,,,,,,,,,,,,,,,,,,,,,,,,,,,,,,,,,,,,,,,,,TN,TN
autoland,4767314,1,247a31fb40b3ac0b152bd3554743d742a3892fe3,linux1804-64-shippable-qr,True,False,,,102210fe594ee9b33d82058545b1ed14f4c8206e,id-getter-5.html,perf_reftest_singletons,True,perf_reftest_singletons id-getter-5.html opt e10s fission stylo webrender,4767299,77,ms,firefox,443375235.0,1826207372,2024-01-11 19:53:37,534.64,dfcfa98a7e21b51e5559d4bee58d465a40576f31,1358986,,,,,,,,,,,,,,,,,,,,,,,,,,,,,,,,,,,,,,,,,,,,,,,,,,,,,,,,,,,,,TN,TN
autoland,4767314,1,247a31fb40b3ac0b152bd3554743d742a3892fe3,linux1804-64-shippable-qr,True,False,,,102210fe594ee9b33d82058545b1ed14f4c8206e,id-getter-5.html,perf_reftest_singletons,True,perf_reftest_singletons id-getter-5.html opt e10s fission stylo webrender,4767299,77,ms,firefox,443375240.0,1826207539,2024-01-11 19:53:37,530.3299999999999,dfcfa98a7e21b51e5559d4bee58d465a40576f31,1358986,,,,,,,,,,,,,,,,,,,,,,,,,,,,,,,,,,,,,,,,,,,,,,,,,,,,,,,,,,,,,TN,TN
autoland,4767314,1,247a31fb40b3ac0b152bd3554743d742a3892fe3,linux1804-64-shippable-qr,True,False,,,102210fe594ee9b33d82058545b1ed14f4c8206e,id-getter-5.html,perf_reftest_singletons,True,perf_reftest_singletons id-getter-5.html opt e10s fission stylo webrender,4767299,77,ms,firefox,443020707.0,1824405548,2024-01-11 20:05:09,531.8,8f1e9e2c902a89cfb9f9ea20307fb3ee8a91a4af,1358995,,,,,,,,,,,,,,,,,,,,,,,,,,,,,,,,,,,,,,,,,,,,,,,,,,,,,,,,,,,,,TN,TN
autoland,4767314,1,247a31fb40b3ac0b152bd3554743d742a3892fe3,linux1804-64-shippable-qr,True,False,,,102210fe594ee9b33d82058545b1ed14f4c8206e,id-getter-5.html,perf_reftest_singletons,True,perf_reftest_singletons id-getter-5.html opt e10s fission stylo webrender,4767299,77,ms,firefox,443255587.0,1825643436,2024-01-11 21:49:55,530.13,8d2f0eebda63c318b33073bca9c2016a9a7c4f4a,1359078,,,,,,,,,,,,,,,,,,,,,,,,,,,,,,,,,,,,,,,,,,,,,,,,,,,,,,,,,,,,,TN,TN
autoland,4767314,1,247a31fb40b3ac0b152bd3554743d742a3892fe3,linux1804-64-shippable-qr,True,False,,,102210fe594ee9b33d82058545b1ed14f4c8206e,id-getter-5.html,perf_reftest_singletons,True,perf_reftest_singletons id-getter-5.html opt e10s fission stylo webrender,4767299,77,ms,firefox,443253413.0,1825634049,2024-01-11 22:05:09,524.6800000000001,fa6f044663873fb56f030461231240bb33435a87,1359088,,,,,,,,,,,,,,,,,,,,,,,,,,,,,,,,,,,,,,,,,,,,,,,,,,,,,,,,,,,,,TN,TN
autoland,4767314,1,247a31fb40b3ac0b152bd3554743d742a3892fe3,linux1804-64-shippable-qr,True,False,,,102210fe594ee9b33d82058545b1ed14f4c8206e,id-getter-5.html,perf_reftest_singletons,True,perf_reftest_singletons id-getter-5.html opt e10s fission stylo webrender,4767299,77,ms,firefox,443255579.0,1825643202,2024-01-11 22:27:52,540.18,cc19fb5d1ceaad45798c40c93a95de11d2d46634,1359104,,,,,,,,,,,,,,,,,,,,,,,,,,,,,,,,,,,,,,,,,,,,,,,,,,,,,,,,,,,,,TN,TN
autoland,4767314,1,247a31fb40b3ac0b152bd3554743d742a3892fe3,linux1804-64-shippable-qr,True,False,,,102210fe594ee9b33d82058545b1ed14f4c8206e,id-getter-5.html,perf_reftest_singletons,True,perf_reftest_singletons id-getter-5.html opt e10s fission stylo webrender,4767299,77,ms,firefox,443255600.0,1825645029,2024-01-11 22:27:52,538.49,cc19fb5d1ceaad45798c40c93a95de11d2d46634,1359104,,,,,,,,,,,,,,,,,,,,,,,,,,,,,,,,,,,,,,,,,,,,,,,,,,,,,,,,,,,,,TN,TN
autoland,4767314,1,247a31fb40b3ac0b152bd3554743d742a3892fe3,linux1804-64-shippable-qr,True,False,,,102210fe594ee9b33d82058545b1ed14f4c8206e,id-getter-5.html,perf_reftest_singletons,True,perf_reftest_singletons id-getter-5.html opt e10s fission stylo webrender,4767299,77,ms,firefox,443255582.0,1825643304,2024-01-11 22:40:50,530.21,c205d171c1ad1f23d26afdf535768663494b25a7,1359113,,,,,,,,,,,,,,,,,,,,,,,,,,,,,,,,,,,,,,,,,,,,,,,,,,,,,,,,,,,,,TN,TN
autoland,4767314,1,247a31fb40b3ac0b152bd3554743d742a3892fe3,linux1804-64-shippable-qr,True,False,,,102210fe594ee9b33d82058545b1ed14f4c8206e,id-getter-5.html,perf_reftest_singletons,True,perf_reftest_singletons id-getter-5.html opt e10s fission stylo webrender,4767299,77,ms,firefox,443255584.0,1825643243,2024-01-11 22:40:50,533.77,c205d171c1ad1f23d26afdf535768663494b25a7,1359113,,,,,,,,,,,,,,,,,,,,,,,,,,,,,,,,,,,,,,,,,,,,,,,,,,,,,,,,,,,,,TN,TN
autoland,4767314,1,247a31fb40b3ac0b152bd3554743d742a3892fe3,linux1804-64-shippable-qr,True,False,,,102210fe594ee9b33d82058545b1ed14f4c8206e,id-getter-5.html,perf_reftest_singletons,True,perf_reftest_singletons id-getter-5.html opt e10s fission stylo webrender,4767299,77,ms,firefox,443255558.0,1825642520,2024-01-11 23:19:25,528.8,0901a9f3e7ad0ec84b916fa3272193feab7f87ec,1359137,,,,,,,,,,,,,,,,,,,,,,,,,,,,,,,,,,,,,,,,,,,,,,,,,,,,,,,,,,,,,TN,TN
autoland,4767314,1,247a31fb40b3ac0b152bd3554743d742a3892fe3,linux1804-64-shippable-qr,True,False,,,102210fe594ee9b33d82058545b1ed14f4c8206e,id-getter-5.html,perf_reftest_singletons,True,perf_reftest_singletons id-getter-5.html opt e10s fission stylo webrender,4767299,77,ms,firefox,443258208.0,1825649509,2024-01-11 23:19:25,528.9,0901a9f3e7ad0ec84b916fa3272193feab7f87ec,1359137,,,,,,,,,,,,,,,,,,,,,,,,,,,,,,,,,,,,,,,,,,,,,,,,,,,,,,,,,,,,,TN,TN
autoland,4767314,1,247a31fb40b3ac0b152bd3554743d742a3892fe3,linux1804-64-shippable-qr,True,False,,,102210fe594ee9b33d82058545b1ed14f4c8206e,id-getter-5.html,perf_reftest_singletons,True,perf_reftest_singletons id-getter-5.html opt e10s fission stylo webrender,4767299,77,ms,firefox,443255573.0,1825642979,2024-01-11 23:32:25,538.43,cf5aaf41bb8e070fcf9bfd317301e951c054a099,1359140,,,,,,,,,,,,,,,,,,,,,,,,,,,,,,,,,,,,,,,,,,,,,,,,,,,,,,,,,,,,,TN,TN
autoland,4767314,1,247a31fb40b3ac0b152bd3554743d742a3892fe3,linux1804-64-shippable-qr,True,False,,,102210fe594ee9b33d82058545b1ed14f4c8206e,id-getter-5.html,perf_reftest_singletons,True,perf_reftest_singletons id-getter-5.html opt e10s fission stylo webrender,4767299,77,ms,firefox,443255576.0,1825643010,2024-01-11 23:32:25,541.93,cf5aaf41bb8e070fcf9bfd317301e951c054a099,1359140,,,,,,,,,,,,,,,,,,,,,,,,,,,,,,,,,,,,,,,,,,,,,,,,,,,,,,,,,,,,,TN,TN
autoland,4767314,1,247a31fb40b3ac0b152bd3554743d742a3892fe3,linux1804-64-shippable-qr,True,False,,,102210fe594ee9b33d82058545b1ed14f4c8206e,id-getter-5.html,perf_reftest_singletons,True,perf_reftest_singletons id-getter-5.html opt e10s fission stylo webrender,4767299,77,ms,firefox,443255592.0,1825644099,2024-01-11 23:50:19,534.07,1d6b371f460f25ceb8cb00f095a7d9b10a1ebb50,1359151,,,,,,,,,,,,,,,,,,,,,,,,,,,,,,,,,,,,,,,,,,,,,,,,,,,,,,,,,,,,,TN,TN
autoland,4767314,1,247a31fb40b3ac0b152bd3554743d742a3892fe3,linux1804-64-shippable-qr,True,False,,,102210fe594ee9b33d82058545b1ed14f4c8206e,id-getter-5.html,perf_reftest_singletons,True,perf_reftest_singletons id-getter-5.html opt e10s fission stylo webrender,4767299,77,ms,firefox,443255605.0,1825645081,2024-01-11 23:50:19,542.2,1d6b371f460f25ceb8cb00f095a7d9b10a1ebb50,1359151,,,,,,,,,,,,,,,,,,,,,,,,,,,,,,,,,,,,,,,,,,,,,,,,,,,,,,,,,,,,,TN,TN
autoland,4767314,1,247a31fb40b3ac0b152bd3554743d742a3892fe3,linux1804-64-shippable-qr,True,False,,,102210fe594ee9b33d82058545b1ed14f4c8206e,id-getter-5.html,perf_reftest_singletons,True,perf_reftest_singletons id-getter-5.html opt e10s fission stylo webrender,4767299,77,ms,firefox,443255904.0,1825645229,2024-01-11 23:51:55,534.77,5fed273e4f3d569475b5d41f8e49cec991aa4fbc,1359152,,,,,,,,,,,,,,,,,,,,,,,,,,,,,,,,,,,,,,,,,,,,,,,,,,,,,,,,,,,,,TN,TN
autoland,4767314,1,247a31fb40b3ac0b152bd3554743d742a3892fe3,linux1804-64-shippable-qr,True,False,,,102210fe594ee9b33d82058545b1ed14f4c8206e,id-getter-5.html,perf_reftest_singletons,True,perf_reftest_singletons id-getter-5.html opt e10s fission stylo webrender,4767299,77,ms,firefox,443255905.0,1825645295,2024-01-11 23:51:55,533.88,5fed273e4f3d569475b5d41f8e49cec991aa4fbc,1359152,,,,,,,,,,,,,,,,,,,,,,,,,,,,,,,,,,,,,,,,,,,,,,,,,,,,,,,,,,,,,TN,TN
autoland,4767314,1,247a31fb40b3ac0b152bd3554743d742a3892fe3,linux1804-64-shippable-qr,True,False,,,102210fe594ee9b33d82058545b1ed14f4c8206e,id-getter-5.html,perf_reftest_singletons,True,perf_reftest_singletons id-getter-5.html opt e10s fission stylo webrender,4767299,77,ms,firefox,443056170.0,1824596984,2024-01-12 01:35:24,530.1500000000001,1d2ccbe0bb6db4d9628b16914b33c5dc5e9406dc,1359176,,,,,,,,,,,,,,,,,,,,,,,,,,,,,,,,,,,,,,,,,,,,,,,,,,,,,,,,,,,,,TN,TN
autoland,4767314,1,247a31fb40b3ac0b152bd3554743d742a3892fe3,linux1804-64-shippable-qr,True,False,,,102210fe594ee9b33d82058545b1ed14f4c8206e,id-getter-5.html,perf_reftest_singletons,True,perf_reftest_singletons id-getter-5.html opt e10s fission stylo webrender,4767299,77,ms,firefox,443255564.0,1825642736,2024-01-12 02:14:05,532.63,120bb01154124cfde731c9c24446dc08c08d9eb9,1359185,,,,,,,,,,,,,,,,,,,,,,,,,,,,,,,,,,,,,,,,,,,,,,,,,,,,,,,,,,,,,TN,TN
autoland,4767314,1,247a31fb40b3ac0b152bd3554743d742a3892fe3,linux1804-64-shippable-qr,True,False,,,102210fe594ee9b33d82058545b1ed14f4c8206e,id-getter-5.html,perf_reftest_singletons,True,perf_reftest_singletons id-getter-5.html opt e10s fission stylo webrender,4767299,77,ms,firefox,443255569.0,1825642815,2024-01-12 02:27:16,534.05,7f75289a6b14ce4778c3b98bfcf72ee117c78b0b,1359188,,,,,,,,,,,,,,,,,,,,,,,,,,,,,,,,,,,,,,,,,,,,,,,,,,,,,,,,,,,,,TN,TN
autoland,4767314,1,247a31fb40b3ac0b152bd3554743d742a3892fe3,linux1804-64-shippable-qr,True,False,,,102210fe594ee9b33d82058545b1ed14f4c8206e,id-getter-5.html,perf_reftest_singletons,True,perf_reftest_singletons id-getter-5.html opt e10s fission stylo webrender,4767299,77,ms,firefox,443072304.0,1824738128,2024-01-12 05:09:20,537.5699999999999,1dc9f987063cf678f5c26e7534eadc8bfd186fa9,1359210,,,,,,,,,,,,,,,,,,,,,,,,,,,,,,,,,,,,,,,,,,,,,,,,,,,,,,,,,,,,,TN,TN
autoland,4767314,1,247a31fb40b3ac0b152bd3554743d742a3892fe3,linux1804-64-shippable-qr,True,False,,,102210fe594ee9b33d82058545b1ed14f4c8206e,id-getter-5.html,perf_reftest_singletons,True,perf_reftest_singletons id-getter-5.html opt e10s fission stylo webrender,4767299,77,ms,firefox,443098178.0,1824855681,2024-01-12 09:17:33,539.3699999999999,734e2e027196a9d64120ebf11a01a1b03e494d43,1359269,,,,,,,,,,,,,,,,,,,,,,,,,,,,,,,,,,,,,,,,,,,,,,,,,,,,,,,,,,,,,TN,TN
autoland,4767314,1,247a31fb40b3ac0b152bd3554743d742a3892fe3,linux1804-64-shippable-qr,True,False,,,102210fe594ee9b33d82058545b1ed14f4c8206e,id-getter-5.html,perf_reftest_singletons,True,perf_reftest_singletons id-getter-5.html opt e10s fission stylo webrender,4767299,77,ms,firefox,443099794.0,1824870678,2024-01-12 09:50:00,587.23,04e959fcffc3608cfdc8e3812cac822a94eb7f79,1359287,,,,,,,,,,,,,,,,,,,,,,,,,,,,,,,,,,,,,,,,,,,,,,,,,,,,,,,,,,,,,TN,TN
autoland,4767314,1,247a31fb40b3ac0b152bd3554743d742a3892fe3,linux1804-64-shippable-qr,True,False,,,102210fe594ee9b33d82058545b1ed14f4c8206e,id-getter-5.html,perf_reftest_singletons,True,perf_reftest_singletons id-getter-5.html opt e10s fission stylo webrender,4767299,77,ms,firefox,443126711.0,1825000234,2024-01-12 13:58:07,529.6800000000001,ce67ec7f0570e0dbbb4af59d868791341b3ae825,1359382,,,,,,,,,,,,,,,,,,,,,,,,,,,,,,,,,,,,,,,,,,,,,,,,,,,,,,,,,,,,,TN,TN
autoland,4767314,1,247a31fb40b3ac0b152bd3554743d742a3892fe3,linux1804-64-shippable-qr,True,False,,,102210fe594ee9b33d82058545b1ed14f4c8206e,id-getter-5.html,perf_reftest_singletons,True,perf_reftest_singletons id-getter-5.html opt e10s fission stylo webrender,4767299,77,ms,firefox,443138574.0,1825091034,2024-01-12 15:59:03,532.1300000000001,ca885660ea6d70595474b1663ce6806f7a86a6ea,1359473,,,,,,,,,,,,,,,,,,,,,,,,,,,,,,,,,,,,,,,,,,,,,,,,,,,,,,,,,,,,,TN,TN
autoland,4767314,1,247a31fb40b3ac0b152bd3554743d742a3892fe3,linux1804-64-shippable-qr,True,False,,,102210fe594ee9b33d82058545b1ed14f4c8206e,id-getter-5.html,perf_reftest_singletons,True,perf_reftest_singletons id-getter-5.html opt e10s fission stylo webrender,4767299,77,ms,firefox,443166066.0,1825219784,2024-01-12 19:38:29,545.03,00f949eecc1be917553e235f582aeb7e1e1146fd,1359666,,,,,,,,,,,,,,,,,,,,,,,,,,,,,,,,,,,,,,,,,,,,,,,,,,,,,,,,,,,,,TN,TN
autoland,4767314,1,247a31fb40b3ac0b152bd3554743d742a3892fe3,linux1804-64-shippable-qr,True,False,,,102210fe594ee9b33d82058545b1ed14f4c8206e,id-getter-5.html,perf_reftest_singletons,True,perf_reftest_singletons id-getter-5.html opt e10s fission stylo webrender,4767299,77,ms,firefox,443465664.0,1826577697,2024-01-12 21:02:56,533.39,0a987a54bf22ebc3634be38e0fc72e04f6e9a077,1359712,,,,,,,,,,,,,,,,,,,,,,,,,,,,,,,,,,,,,,,,,,,,,,,,,,,,,,,,,,,,,TN,TN
autoland,4767314,1,247a31fb40b3ac0b152bd3554743d742a3892fe3,linux1804-64-shippable-qr,True,False,,,102210fe594ee9b33d82058545b1ed14f4c8206e,id-getter-5.html,perf_reftest_singletons,True,perf_reftest_singletons id-getter-5.html opt e10s fission stylo webrender,4767299,77,ms,firefox,443465779.0,1826578251,2024-01-12 21:17:56,532.6,8a920551ed614edc519c5ae3b6486018fff08da5,1359716,,,,,,,,,,,,,,,,,,,,,,,,,,,,,,,,,,,,,,,,,,,,,,,,,,,,,,,,,,,,,TN,TN
autoland,4767314,1,247a31fb40b3ac0b152bd3554743d742a3892fe3,linux1804-64-shippable-qr,True,False,,,102210fe594ee9b33d82058545b1ed14f4c8206e,id-getter-5.html,perf_reftest_singletons,True,perf_reftest_singletons id-getter-5.html opt e10s fission stylo webrender,4767299,77,ms,firefox,443465358.0,1826576964,2024-01-12 21:28:35,538.8800000000001,8e70294b2d7dc6e2a371ab002e948572713621b8,1359723,,,,,,,,,,,,,,,,,,,,,,,,,,,,,,,,,,,,,,,,,,,,,,,,,,,,,,,,,,,,,TN,TN
autoland,4767314,1,247a31fb40b3ac0b152bd3554743d742a3892fe3,linux1804-64-shippable-qr,True,False,,,102210fe594ee9b33d82058545b1ed14f4c8206e,id-getter-5.html,perf_reftest_singletons,True,perf_reftest_singletons id-getter-5.html opt e10s fission stylo webrender,4767299,77,ms,firefox,443465476.0,1826577088,2024-01-12 21:39:21,526.55,2721a604018b3f2a0aaae2205e11d861c223696f,1359734,,,,,,,,,,,,,,,,,,,,,,,,,,,,,,,,,,,,,,,,,,,,,,,,,,,,,,,,,,,,,TN,TN
autoland,4767314,1,247a31fb40b3ac0b152bd3554743d742a3892fe3,linux1804-64-shippable-qr,True,False,,,102210fe594ee9b33d82058545b1ed14f4c8206e,id-getter-5.html,perf_reftest_singletons,True,perf_reftest_singletons id-getter-5.html opt e10s fission stylo webrender,4767299,77,ms,firefox,443465570.0,1826577253,2024-01-12 22:22:32,540.75,941c30d075424ce679789d63701ca84aa524da86,1359751,,,,,,,,,,,,,,,,,,,,,,,,,,,,,,,,,,,,,,,,,,,,,,,,,,,,,,,,,,,,,TN,TN
autoland,4767314,1,247a31fb40b3ac0b152bd3554743d742a3892fe3,linux1804-64-shippable-qr,True,False,,,102210fe594ee9b33d82058545b1ed14f4c8206e,id-getter-5.html,perf_reftest_singletons,True,perf_reftest_singletons id-getter-5.html opt e10s fission stylo webrender,4767299,77,ms,firefox,443465592.0,1826577343,2024-01-12 22:24:41,543.59,e9c1463b56151bf940fe442f91aeabc8a811573d,1359754,,,,,,,,,,,,,,,,,,,,,,,,,,,,,,,,,,,,,,,,,,,,,,,,,,,,,,,,,,,,,TN,TN
autoland,4767314,1,247a31fb40b3ac0b152bd3554743d742a3892fe3,linux1804-64-shippable-qr,True,False,,,102210fe594ee9b33d82058545b1ed14f4c8206e,id-getter-5.html,perf_reftest_singletons,True,perf_reftest_singletons id-getter-5.html opt e10s fission stylo webrender,4767299,77,ms,firefox,443465608.0,1826577492,2024-01-12 22:25:22,536.8499999999999,bafa13990fe4141d9141f2590d6a01b071e6e3c5,1359755,,,,,,,,,,,,,,,,,,,,,,,,,,,,,,,,,,,,,,,,,,,,,,,,,,,,,,,,,,,,,TN,TN
autoland,4767314,1,247a31fb40b3ac0b152bd3554743d742a3892fe3,linux1804-64-shippable-qr,True,False,,,102210fe594ee9b33d82058545b1ed14f4c8206e,id-getter-5.html,perf_reftest_singletons,True,perf_reftest_singletons id-getter-5.html opt e10s fission stylo webrender,4767299,77,ms,firefox,443465638.0,1826577622,2024-01-12 22:26:04,544.1800000000001,1ed25455cf4cfc15e14ef53c114584551b89d6c3,1359756,,,,,,,,,,,,,,,,,,,,,,,,,,,,,,,,,,,,,,,,,,,,,,,,,,,,,,,,,,,,,TN,TN
autoland,4767314,1,247a31fb40b3ac0b152bd3554743d742a3892fe3,linux1804-64-shippable-qr,True,False,,,102210fe594ee9b33d82058545b1ed14f4c8206e,id-getter-5.html,perf_reftest_singletons,True,perf_reftest_singletons id-getter-5.html opt e10s fission stylo webrender,4767299,77,ms,firefox,443465658.0,1826577763,2024-01-12 22:33:30,539.1299999999999,a3fbd525f3f0fc3f573bc3043ef826cc01f5d727,1359760,,,,,,,,,,,,,,,,,,,,,,,,,,,,,,,,,,,,,,,,,,,,,,,,,,,,,,,,,,,,,TN,TN
autoland,4767314,1,247a31fb40b3ac0b152bd3554743d742a3892fe3,linux1804-64-shippable-qr,True,False,,,102210fe594ee9b33d82058545b1ed14f4c8206e,id-getter-5.html,perf_reftest_singletons,True,perf_reftest_singletons id-getter-5.html opt e10s fission stylo webrender,4767299,77,ms,firefox,443663853.0,1827413814,2024-01-12 22:33:30,535.01,a3fbd525f3f0fc3f573bc3043ef826cc01f5d727,1359760,,,,,,,,,,,,,,,,,,,,,,,,,,,,,,,,,,,,,,,,,,,,,,,,,,,,,,,,,,,,,TN,TN
autoland,4767314,1,247a31fb40b3ac0b152bd3554743d742a3892fe3,linux1804-64-shippable-qr,True,False,,,102210fe594ee9b33d82058545b1ed14f4c8206e,id-getter-5.html,perf_reftest_singletons,True,perf_reftest_singletons id-getter-5.html opt e10s fission stylo webrender,4767299,77,ms,firefox,443663854.0,1827414107,2024-01-12 22:33:30,538.3299999999999,a3fbd525f3f0fc3f573bc3043ef826cc01f5d727,1359760,,,,,,,,,,,,,,,,,,,,,,,,,,,,,,,,,,,,,,,,,,,,,,,,,,,,,,,,,,,,,TN,TN
autoland,4767314,1,247a31fb40b3ac0b152bd3554743d742a3892fe3,linux1804-64-shippable-qr,True,False,,,102210fe594ee9b33d82058545b1ed14f4c8206e,id-getter-5.html,perf_reftest_singletons,True,perf_reftest_singletons id-getter-5.html opt e10s fission stylo webrender,4767299,77,ms,firefox,443663865.0,1827416486,2024-01-12 22:33:30,547.4200000000001,a3fbd525f3f0fc3f573bc3043ef826cc01f5d727,1359760,,,,,,,,,,,,,,,,,,,,,,,,,,,,,,,,,,,,,,,,,,,,,,,,,,,,,,,,,,,,,TN,TN
autoland,4767314,1,247a31fb40b3ac0b152bd3554743d742a3892fe3,linux1804-64-shippable-qr,True,False,,,102210fe594ee9b33d82058545b1ed14f4c8206e,id-getter-5.html,perf_reftest_singletons,True,perf_reftest_singletons id-getter-5.html opt e10s fission stylo webrender,4767299,77,ms,firefox,443184299.0,1825273877,2024-01-12 23:40:01,544.61,53d4d65c33f1a556689dd9de738b173142e52749,1359778,,,,,,,,,,,,,,,,,,,,,,,,,,,,,,,,,,,,,,,,,,,,,,,,,,,,,,,,,,,,,TN,TN
autoland,4767314,1,247a31fb40b3ac0b152bd3554743d742a3892fe3,linux1804-64-shippable-qr,True,False,,,102210fe594ee9b33d82058545b1ed14f4c8206e,id-getter-5.html,perf_reftest_singletons,True,perf_reftest_singletons id-getter-5.html opt e10s fission stylo webrender,4767299,77,ms,firefox,443663859.0,1827414717,2024-01-12 23:40:01,562.81,53d4d65c33f1a556689dd9de738b173142e52749,1359778,,,,,,,,,,,,,,,,,,,,,,,,,,,,,,,,,,,,,,,,,,,,,,,,,,,,,,,,,,,,,TN,TN
autoland,4767314,1,247a31fb40b3ac0b152bd3554743d742a3892fe3,linux1804-64-shippable-qr,True,False,,,102210fe594ee9b33d82058545b1ed14f4c8206e,id-getter-5.html,perf_reftest_singletons,True,perf_reftest_singletons id-getter-5.html opt e10s fission stylo webrender,4767299,77,ms,firefox,443663869.0,1827416688,2024-01-12 23:40:01,545.81,53d4d65c33f1a556689dd9de738b173142e52749,1359778,,,,,,,,,,,,,,,,,,,,,,,,,,,,,,,,,,,,,,,,,,,,,,,,,,,,,,,,,,,,,TN,TN
autoland,4767314,1,247a31fb40b3ac0b152bd3554743d742a3892fe3,linux1804-64-shippable-qr,True,False,,,102210fe594ee9b33d82058545b1ed14f4c8206e,id-getter-5.html,perf_reftest_singletons,True,perf_reftest_singletons id-getter-5.html opt e10s fission stylo webrender,4767299,77,ms,firefox,443663872.0,1827416745,2024-01-12 23:40:01,532.34,53d4d65c33f1a556689dd9de738b173142e52749,1359778,,,,,,,,,,,,,,,,,,,,,,,,,,,,,,,,,,,,,,,,,,,,,,,,,,,,,,,,,,,,,TN,TN
autoland,4767314,1,247a31fb40b3ac0b152bd3554743d742a3892fe3,linux1804-64-shippable-qr,True,False,,,102210fe594ee9b33d82058545b1ed14f4c8206e,id-getter-5.html,perf_reftest_singletons,True,perf_reftest_singletons id-getter-5.html opt e10s fission stylo webrender,4767299,77,ms,firefox,443663909.0,1827416829,2024-01-12 23:40:01,538.4200000000001,53d4d65c33f1a556689dd9de738b173142e52749,1359778,,,,,,,,,,,,,,,,,,,,,,,,,,,,,,,,,,,,,,,,,,,,,,,,,,,,,,,,,,,,,TN,TN
autoland,4767314,1,247a31fb40b3ac0b152bd3554743d742a3892fe3,linux1804-64-shippable-qr,True,False,,,102210fe594ee9b33d82058545b1ed14f4c8206e,id-getter-5.html,perf_reftest_singletons,True,perf_reftest_singletons id-getter-5.html opt e10s fission stylo webrender,4767299,77,ms,firefox,443663910.0,1827417029,2024-01-12 23:40:01,534.99,53d4d65c33f1a556689dd9de738b173142e52749,1359778,,,,,,,,,,,,,,,,,,,,,,,,,,,,,,,,,,,,,,,,,,,,,,,,,,,,,,,,,,,,,TN,TN
autoland,4767314,1,247a31fb40b3ac0b152bd3554743d742a3892fe3,linux1804-64-shippable-qr,True,False,,,102210fe594ee9b33d82058545b1ed14f4c8206e,id-getter-5.html,perf_reftest_singletons,True,perf_reftest_singletons id-getter-5.html opt e10s fission stylo webrender,4767299,77,ms,firefox,443663911.0,1827417107,2024-01-12 23:40:01,569.75,53d4d65c33f1a556689dd9de738b173142e52749,1359778,,,,,,,,,,,,,,,,,,,,,,,,,,,,,,,,,,,,,,,,,,,,,,,,,,,,,,,,,,,,,TN,TN
autoland,4767314,1,247a31fb40b3ac0b152bd3554743d742a3892fe3,linux1804-64-shippable-qr,True,False,,,102210fe594ee9b33d82058545b1ed14f4c8206e,id-getter-5.html,perf_reftest_singletons,True,perf_reftest_singletons id-getter-5.html opt e10s fission stylo webrender,4767299,77,ms,firefox,443663917.0,1827417475,2024-01-12 23:40:01,541.18,53d4d65c33f1a556689dd9de738b173142e52749,1359778,,,,,,,,,,,,,,,,,,,,,,,,,,,,,,,,,,,,,,,,,,,,,,,,,,,,,,,,,,,,,TN,TN
autoland,4767314,1,247a31fb40b3ac0b152bd3554743d742a3892fe3,linux1804-64-shippable-qr,True,False,,,102210fe594ee9b33d82058545b1ed14f4c8206e,id-getter-5.html,perf_reftest_singletons,True,perf_reftest_singletons id-getter-5.html opt e10s fission stylo webrender,4767299,77,ms,firefox,443465686.0,1826577985,2024-01-12 23:41:52,583.77,4e578a5fc01dc387b5804a387e9d3cc4751575fd,1359780,,,,,,,,,,,,,,,,,,,,,,,,,,,,,,,,,,,,,,,,,,,,,,,,,,,,,,,,,,,,,TN,TN
autoland,4767314,1,247a31fb40b3ac0b152bd3554743d742a3892fe3,linux1804-64-shippable-qr,True,False,,,102210fe594ee9b33d82058545b1ed14f4c8206e,id-getter-5.html,perf_reftest_singletons,True,perf_reftest_singletons id-getter-5.html opt e10s fission stylo webrender,4767299,77,ms,firefox,443663855.0,1827414284,2024-01-12 23:41:52,527.61,4e578a5fc01dc387b5804a387e9d3cc4751575fd,1359780,,,,,,,,,,,,,,,,,,,,,,,,,,,,,,,,,,,,,,,,,,,,,,,,,,,,,,,,,,,,,TN,TN
autoland,4767314,1,247a31fb40b3ac0b152bd3554743d742a3892fe3,linux1804-64-shippable-qr,True,False,,,102210fe594ee9b33d82058545b1ed14f4c8206e,id-getter-5.html,perf_reftest_singletons,True,perf_reftest_singletons id-getter-5.html opt e10s fission stylo webrender,4767299,77,ms,firefox,443663856.0,1827414611,2024-01-12 23:41:52,532.4100000000001,4e578a5fc01dc387b5804a387e9d3cc4751575fd,1359780,,,,,,,,,,,,,,,,,,,,,,,,,,,,,,,,,,,,,,,,,,,,,,,,,,,,,,,,,,,,,TN,TN
autoland,4767314,1,247a31fb40b3ac0b152bd3554743d742a3892fe3,linux1804-64-shippable-qr,True,False,,,102210fe594ee9b33d82058545b1ed14f4c8206e,id-getter-5.html,perf_reftest_singletons,True,perf_reftest_singletons id-getter-5.html opt e10s fission stylo webrender,4767299,77,ms,firefox,443663857.0,1827414530,2024-01-12 23:41:52,530.9399999999999,4e578a5fc01dc387b5804a387e9d3cc4751575fd,1359780,,,,,,,,,,,,,,,,,,,,,,,,,,,,,,,,,,,,,,,,,,,,,,,,,,,,,,,,,,,,,TN,TN
autoland,4767314,1,247a31fb40b3ac0b152bd3554743d742a3892fe3,linux1804-64-shippable-qr,True,False,,,102210fe594ee9b33d82058545b1ed14f4c8206e,id-getter-5.html,perf_reftest_singletons,True,perf_reftest_singletons id-getter-5.html opt e10s fission stylo webrender,4767299,77,ms,firefox,443663915.0,1827417463,2024-01-12 23:41:52,540.05,4e578a5fc01dc387b5804a387e9d3cc4751575fd,1359780,,,,,,,,,,,,,,,,,,,,,,,,,,,,,,,,,,,,,,,,,,,,,,,,,,,,,,,,,,,,,TN,TN
autoland,4767314,1,247a31fb40b3ac0b152bd3554743d742a3892fe3,linux1804-64-shippable-qr,True,False,,,102210fe594ee9b33d82058545b1ed14f4c8206e,id-getter-5.html,perf_reftest_singletons,True,perf_reftest_singletons id-getter-5.html opt e10s fission stylo webrender,4767299,77,ms,firefox,443663923.0,1827417889,2024-01-12 23:41:52,544.14,4e578a5fc01dc387b5804a387e9d3cc4751575fd,1359780,,,,,,,,,,,,,,,,,,,,,,,,,,,,,,,,,,,,,,,,,,,,,,,,,,,,,,,,,,,,,TN,TN
autoland,4767314,1,247a31fb40b3ac0b152bd3554743d742a3892fe3,linux1804-64-shippable-qr,True,False,,,102210fe594ee9b33d82058545b1ed14f4c8206e,id-getter-5.html,perf_reftest_singletons,True,perf_reftest_singletons id-getter-5.html opt e10s fission stylo webrender,4767299,77,ms,firefox,443663925.0,1827418103,2024-01-12 23:41:52,534.94,4e578a5fc01dc387b5804a387e9d3cc4751575fd,1359780,,,,,,,,,,,,,,,,,,,,,,,,,,,,,,,,,,,,,,,,,,,,,,,,,,,,,,,,,,,,,TN,TN
autoland,4767314,1,247a31fb40b3ac0b152bd3554743d742a3892fe3,linux1804-64-shippable-qr,True,False,,,102210fe594ee9b33d82058545b1ed14f4c8206e,id-getter-5.html,perf_reftest_singletons,True,perf_reftest_singletons id-getter-5.html opt e10s fission stylo webrender,4767299,77,ms,firefox,443663926.0,1827418354,2024-01-12 23:41:52,526.96,4e578a5fc01dc387b5804a387e9d3cc4751575fd,1359780,,,,,,,,,,,,,,,,,,,,,,,,,,,,,,,,,,,,,,,,,,,,,,,,,,,,,,,,,,,,,TN,TN
autoland,4767314,1,247a31fb40b3ac0b152bd3554743d742a3892fe3,linux1804-64-shippable-qr,True,False,,,102210fe594ee9b33d82058545b1ed14f4c8206e,id-getter-5.html,perf_reftest_singletons,True,perf_reftest_singletons id-getter-5.html opt e10s fission stylo webrender,4767299,77,ms,firefox,443465687.0,1826577803,2024-01-13 01:39:14,489.74,ebdd80f675b6fb73cbc18abe9e3128e59c4ad75a,1359808,,,,,,,,,,,,,,,,,,,,,,,,,,,,,,,,,,,,,,,,,,,,,,,,,,,,,,,,,,,,,TN,TN
autoland,4767314,1,247a31fb40b3ac0b152bd3554743d742a3892fe3,linux1804-64-shippable-qr,True,False,,,102210fe594ee9b33d82058545b1ed14f4c8206e,id-getter-5.html,perf_reftest_singletons,True,perf_reftest_singletons id-getter-5.html opt e10s fission stylo webrender,4767299,77,ms,firefox,443663860.0,1827414685,2024-01-13 01:39:14,489.9,ebdd80f675b6fb73cbc18abe9e3128e59c4ad75a,1359808,,,,,,,,,,,,,,,,,,,,,,,,,,,,,,,,,,,,,,,,,,,,,,,,,,,,,,,,,,,,,TN,TN
autoland,4767314,1,247a31fb40b3ac0b152bd3554743d742a3892fe3,linux1804-64-shippable-qr,True,False,,,102210fe594ee9b33d82058545b1ed14f4c8206e,id-getter-5.html,perf_reftest_singletons,True,perf_reftest_singletons id-getter-5.html opt e10s fission stylo webrender,4767299,77,ms,firefox,443663862.0,1827415081,2024-01-13 01:39:14,570.75,ebdd80f675b6fb73cbc18abe9e3128e59c4ad75a,1359808,,,,,,,,,,,,,,,,,,,,,,,,,,,,,,,,,,,,,,,,,,,,,,,,,,,,,,,,,,,,,TN,TN
autoland,4767314,1,247a31fb40b3ac0b152bd3554743d742a3892fe3,linux1804-64-shippable-qr,True,False,,,102210fe594ee9b33d82058545b1ed14f4c8206e,id-getter-5.html,perf_reftest_singletons,True,perf_reftest_singletons id-getter-5.html opt e10s fission stylo webrender,4767299,77,ms,firefox,443663870.0,1827416636,2024-01-13 01:39:14,494.72,ebdd80f675b6fb73cbc18abe9e3128e59c4ad75a,1359808,,,,,,,,,,,,,,,,,,,,,,,,,,,,,,,,,,,,,,,,,,,,,,,,,,,,,,,,,,,,,TN,TN
autoland,4767314,1,247a31fb40b3ac0b152bd3554743d742a3892fe3,linux1804-64-shippable-qr,True,False,,,102210fe594ee9b33d82058545b1ed14f4c8206e,id-getter-5.html,perf_reftest_singletons,True,perf_reftest_singletons id-getter-5.html opt e10s fission stylo webrender,4767299,77,ms,firefox,443663914.0,1827416916,2024-01-13 01:39:14,489.69,ebdd80f675b6fb73cbc18abe9e3128e59c4ad75a,1359808,,,,,,,,,,,,,,,,,,,,,,,,,,,,,,,,,,,,,,,,,,,,,,,,,,,,,,,,,,,,,TN,TN
autoland,4767314,1,247a31fb40b3ac0b152bd3554743d742a3892fe3,linux1804-64-shippable-qr,True,False,,,102210fe594ee9b33d82058545b1ed14f4c8206e,id-getter-5.html,perf_reftest_singletons,True,perf_reftest_singletons id-getter-5.html opt e10s fission stylo webrender,4767299,77,ms,firefox,443663918.0,1827417362,2024-01-13 01:39:14,490.93,ebdd80f675b6fb73cbc18abe9e3128e59c4ad75a,1359808,,,,,,,,,,,,,,,,,,,,,,,,,,,,,,,,,,,,,,,,,,,,,,,,,,,,,,,,,,,,,TN,TN
autoland,4767314,1,247a31fb40b3ac0b152bd3554743d742a3892fe3,linux1804-64-shippable-qr,True,False,,,102210fe594ee9b33d82058545b1ed14f4c8206e,id-getter-5.html,perf_reftest_singletons,True,perf_reftest_singletons id-getter-5.html opt e10s fission stylo webrender,4767299,77,ms,firefox,443663927.0,1827418041,2024-01-13 01:39:14,502.12,ebdd80f675b6fb73cbc18abe9e3128e59c4ad75a,1359808,,,,,,,,,,,,,,,,,,,,,,,,,,,,,,,,,,,,,,,,,,,,,,,,,,,,,,,,,,,,,TN,TN
autoland,4767314,1,247a31fb40b3ac0b152bd3554743d742a3892fe3,linux1804-64-shippable-qr,True,False,,,102210fe594ee9b33d82058545b1ed14f4c8206e,id-getter-5.html,perf_reftest_singletons,True,perf_reftest_singletons id-getter-5.html opt e10s fission stylo webrender,4767299,77,ms,firefox,443663928.0,1827418314,2024-01-13 01:39:14,497.67,ebdd80f675b6fb73cbc18abe9e3128e59c4ad75a,1359808,,,,,,,,,,,,,,,,,,,,,,,,,,,,,,,,,,,,,,,,,,,,,,,,,,,,,,,,,,,,,TN,TN
autoland,4767314,1,247a31fb40b3ac0b152bd3554743d742a3892fe3,linux1804-64-shippable-qr,True,False,,,102210fe594ee9b33d82058545b1ed14f4c8206e,id-getter-5.html,perf_reftest_singletons,True,perf_reftest_singletons id-getter-5.html opt e10s fission stylo webrender,4767299,77,ms,firefox,443465685.0,1826577700,2024-01-13 02:22:47,484.83,a7c2f01855a64f65fdaa5c9fccc0ffb7f188e64c,1359813,,,,,,,,,,,,,,,,,,,,,,,,,,,,,,,,,,,,,,,,,,,,,,,,,,,,,,,,,,,,,TN,TN
autoland,4767314,1,247a31fb40b3ac0b152bd3554743d742a3892fe3,linux1804-64-shippable-qr,True,False,,,102210fe594ee9b33d82058545b1ed14f4c8206e,id-getter-5.html,perf_reftest_singletons,True,perf_reftest_singletons id-getter-5.html opt e10s fission stylo webrender,4767299,77,ms,firefox,443663866.0,1827416377,2024-01-13 02:22:47,490.99000000000007,a7c2f01855a64f65fdaa5c9fccc0ffb7f188e64c,1359813,,,,,,,,,,,,,,,,,,,,,,,,,,,,,,,,,,,,,,,,,,,,,,,,,,,,,,,,,,,,,TN,TN
autoland,4767314,1,247a31fb40b3ac0b152bd3554743d742a3892fe3,linux1804-64-shippable-qr,True,False,,,102210fe594ee9b33d82058545b1ed14f4c8206e,id-getter-5.html,perf_reftest_singletons,True,perf_reftest_singletons id-getter-5.html opt e10s fission stylo webrender,4767299,77,ms,firefox,443663868.0,1827416323,2024-01-13 02:22:47,486.92,a7c2f01855a64f65fdaa5c9fccc0ffb7f188e64c,1359813,,,,,,,,,,,,,,,,,,,,,,,,,,,,,,,,,,,,,,,,,,,,,,,,,,,,,,,,,,,,,TN,TN
autoland,4767314,1,247a31fb40b3ac0b152bd3554743d742a3892fe3,linux1804-64-shippable-qr,True,False,,,102210fe594ee9b33d82058545b1ed14f4c8206e,id-getter-5.html,perf_reftest_singletons,True,perf_reftest_singletons id-getter-5.html opt e10s fission stylo webrender,4767299,77,ms,firefox,443663871.0,1827416595,2024-01-13 02:22:47,485.0100000000001,a7c2f01855a64f65fdaa5c9fccc0ffb7f188e64c,1359813,,,,,,,,,,,,,,,,,,,,,,,,,,,,,,,,,,,,,,,,,,,,,,,,,,,,,,,,,,,,,TN,TN
autoland,4767314,1,247a31fb40b3ac0b152bd3554743d742a3892fe3,linux1804-64-shippable-qr,True,False,,,102210fe594ee9b33d82058545b1ed14f4c8206e,id-getter-5.html,perf_reftest_singletons,True,perf_reftest_singletons id-getter-5.html opt e10s fission stylo webrender,4767299,77,ms,firefox,443663916.0,1827416956,2024-01-13 02:22:47,486.97,a7c2f01855a64f65fdaa5c9fccc0ffb7f188e64c,1359813,,,,,,,,,,,,,,,,,,,,,,,,,,,,,,,,,,,,,,,,,,,,,,,,,,,,,,,,,,,,,TN,TN
autoland,4767314,1,247a31fb40b3ac0b152bd3554743d742a3892fe3,linux1804-64-shippable-qr,True,False,,,102210fe594ee9b33d82058545b1ed14f4c8206e,id-getter-5.html,perf_reftest_singletons,True,perf_reftest_singletons id-getter-5.html opt e10s fission stylo webrender,4767299,77,ms,firefox,443663919.0,1827417403,2024-01-13 02:22:47,491.22,a7c2f01855a64f65fdaa5c9fccc0ffb7f188e64c,1359813,,,,,,,,,,,,,,,,,,,,,,,,,,,,,,,,,,,,,,,,,,,,,,,,,,,,,,,,,,,,,TN,TN
autoland,4767314,1,247a31fb40b3ac0b152bd3554743d742a3892fe3,linux1804-64-shippable-qr,True,False,,,102210fe594ee9b33d82058545b1ed14f4c8206e,id-getter-5.html,perf_reftest_singletons,True,perf_reftest_singletons id-getter-5.html opt e10s fission stylo webrender,4767299,77,ms,firefox,443663920.0,1827417549,2024-01-13 02:22:47,495.56000000000006,a7c2f01855a64f65fdaa5c9fccc0ffb7f188e64c,1359813,,,,,,,,,,,,,,,,,,,,,,,,,,,,,,,,,,,,,,,,,,,,,,,,,,,,,,,,,,,,,TN,TN
autoland,4767314,1,247a31fb40b3ac0b152bd3554743d742a3892fe3,linux1804-64-shippable-qr,True,False,,,102210fe594ee9b33d82058545b1ed14f4c8206e,id-getter-5.html,perf_reftest_singletons,True,perf_reftest_singletons id-getter-5.html opt e10s fission stylo webrender,4767299,77,ms,firefox,443663924.0,1827417749,2024-01-13 02:22:47,485.09,a7c2f01855a64f65fdaa5c9fccc0ffb7f188e64c,1359813,,,,,,,,,,,,,,,,,,,,,,,,,,,,,,,,,,,,,,,,,,,,,,,,,,,,,,,,,,,,,TN,TN
autoland,4767314,1,247a31fb40b3ac0b152bd3554743d742a3892fe3,linux1804-64-shippable-qr,True,False,,,102210fe594ee9b33d82058545b1ed14f4c8206e,id-getter-5.html,perf_reftest_singletons,True,perf_reftest_singletons id-getter-5.html opt e10s fission stylo webrender,4767299,77,ms,firefox,443465697.0,1826577130,2024-01-13 07:03:24,306.1,b675cd1ecee69b4c0f5f0c1b2074f6c05ff76384,1359831,,,,,,,,,,,,,,,,,,,,,,,,,,,,,,,,,,,,,,,,,,,,,,,,,,,,,,,,,,,,,TN,TN
autoland,4767314,1,247a31fb40b3ac0b152bd3554743d742a3892fe3,linux1804-64-shippable-qr,True,False,,,102210fe594ee9b33d82058545b1ed14f4c8206e,id-getter-5.html,perf_reftest_singletons,True,perf_reftest_singletons id-getter-5.html opt e10s fission stylo webrender,4767299,77,ms,firefox,443465726.0,1826577946,2024-01-13 07:03:24,500.53,b675cd1ecee69b4c0f5f0c1b2074f6c05ff76384,1359831,,,,,,,,,,,,,,,,,,,,,,,,,,,,,,,,,,,,,,,,,,,,,,,,,,,,,,,,,,,,,TN,TN
autoland,4767314,1,247a31fb40b3ac0b152bd3554743d742a3892fe3,linux1804-64-shippable-qr,True,False,,,102210fe594ee9b33d82058545b1ed14f4c8206e,id-getter-5.html,perf_reftest_singletons,True,perf_reftest_singletons id-getter-5.html opt e10s fission stylo webrender,4767299,77,ms,firefox,443663861.0,1827414776,2024-01-13 07:03:24,502.7800000000001,b675cd1ecee69b4c0f5f0c1b2074f6c05ff76384,1359831,,,,,,,,,,,,,,,,,,,,,,,,,,,,,,,,,,,,,,,,,,,,,,,,,,,,,,,,,,,,,TN,TN
autoland,4767314,1,247a31fb40b3ac0b152bd3554743d742a3892fe3,linux1804-64-shippable-qr,True,False,,,102210fe594ee9b33d82058545b1ed14f4c8206e,id-getter-5.html,perf_reftest_singletons,True,perf_reftest_singletons id-getter-5.html opt e10s fission stylo webrender,4767299,77,ms,firefox,443663864.0,1827416248,2024-01-13 07:03:24,494.25,b675cd1ecee69b4c0f5f0c1b2074f6c05ff76384,1359831,,,,,,,,,,,,,,,,,,,,,,,,,,,,,,,,,,,,,,,,,,,,,,,,,,,,,,,,,,,,,TN,TN
autoland,4767314,1,247a31fb40b3ac0b152bd3554743d742a3892fe3,linux1804-64-shippable-qr,True,False,,,102210fe594ee9b33d82058545b1ed14f4c8206e,id-getter-5.html,perf_reftest_singletons,True,perf_reftest_singletons id-getter-5.html opt e10s fission stylo webrender,4767299,77,ms,firefox,443663921.0,1827417602,2024-01-13 07:03:24,496.85,b675cd1ecee69b4c0f5f0c1b2074f6c05ff76384,1359831,,,,,,,,,,,,,,,,,,,,,,,,,,,,,,,,,,,,,,,,,,,,,,,,,,,,,,,,,,,,,TN,TN
autoland,4767314,1,247a31fb40b3ac0b152bd3554743d742a3892fe3,linux1804-64-shippable-qr,True,False,,,102210fe594ee9b33d82058545b1ed14f4c8206e,id-getter-5.html,perf_reftest_singletons,True,perf_reftest_singletons id-getter-5.html opt e10s fission stylo webrender,4767299,77,ms,firefox,443663929.0,1827418260,2024-01-13 07:03:24,496.04,b675cd1ecee69b4c0f5f0c1b2074f6c05ff76384,1359831,,,,,,,,,,,,,,,,,,,,,,,,,,,,,,,,,,,,,,,,,,,,,,,,,,,,,,,,,,,,,TN,TN
autoland,4767314,1,247a31fb40b3ac0b152bd3554743d742a3892fe3,linux1804-64-shippable-qr,True,False,,,102210fe594ee9b33d82058545b1ed14f4c8206e,id-getter-5.html,perf_reftest_singletons,True,perf_reftest_singletons id-getter-5.html opt e10s fission stylo webrender,4767299,77,ms,firefox,443663930.0,1827418425,2024-01-13 07:03:24,494.45,b675cd1ecee69b4c0f5f0c1b2074f6c05ff76384,1359831,,,,,,,,,,,,,,,,,,,,,,,,,,,,,,,,,,,,,,,,,,,,,,,,,,,,,,,,,,,,,TN,TN
autoland,4767314,1,247a31fb40b3ac0b152bd3554743d742a3892fe3,linux1804-64-shippable-qr,True,False,,,102210fe594ee9b33d82058545b1ed14f4c8206e,id-getter-5.html,perf_reftest_singletons,True,perf_reftest_singletons id-getter-5.html opt e10s fission stylo webrender,4767299,77,ms,firefox,443465692.0,1826577894,2024-01-13 08:04:38,486.02,3d4152f6f05dd87e7a8c7ce948c0d4e52fbd6999,1359838,,,,,,,,,,,,,,,,,,,,,,,,,,,,,,,,,,,,,,,,,,,,,,,,,,,,,,,,,,,,,TN,TN
autoland,4767314,1,247a31fb40b3ac0b152bd3554743d742a3892fe3,linux1804-64-shippable-qr,True,False,,,102210fe594ee9b33d82058545b1ed14f4c8206e,id-getter-5.html,perf_reftest_singletons,True,perf_reftest_singletons id-getter-5.html opt e10s fission stylo webrender,4767299,77,ms,firefox,443465729.0,1826578031,2024-01-13 08:04:38,511.18,3d4152f6f05dd87e7a8c7ce948c0d4e52fbd6999,1359838,,,,,,,,,,,,,,,,,,,,,,,,,,,,,,,,,,,,,,,,,,,,,,,,,,,,,,,,,,,,,TN,TN
autoland,4767314,1,247a31fb40b3ac0b152bd3554743d742a3892fe3,linux1804-64-shippable-qr,True,False,,,102210fe594ee9b33d82058545b1ed14f4c8206e,id-getter-5.html,perf_reftest_singletons,True,perf_reftest_singletons id-getter-5.html opt e10s fission stylo webrender,4767299,77,ms,firefox,443663863.0,1827415214,2024-01-13 08:04:38,484.8,3d4152f6f05dd87e7a8c7ce948c0d4e52fbd6999,1359838,,,,,,,,,,,,,,,,,,,,,,,,,,,,,,,,,,,,,,,,,,,,,,,,,,,,,,,,,,,,,TN,TN
autoland,4767314,1,247a31fb40b3ac0b152bd3554743d742a3892fe3,linux1804-64-shippable-qr,True,False,,,102210fe594ee9b33d82058545b1ed14f4c8206e,id-getter-5.html,perf_reftest_singletons,True,perf_reftest_singletons id-getter-5.html opt e10s fission stylo webrender,4767299,77,ms,firefox,443663867.0,1827416436,2024-01-13 08:04:38,480.98,3d4152f6f05dd87e7a8c7ce948c0d4e52fbd6999,1359838,,,,,,,,,,,,,,,,,,,,,,,,,,,,,,,,,,,,,,,,,,,,,,,,,,,,,,,,,,,,,TN,TN
autoland,4767314,1,247a31fb40b3ac0b152bd3554743d742a3892fe3,linux1804-64-shippable-qr,True,False,,,102210fe594ee9b33d82058545b1ed14f4c8206e,id-getter-5.html,perf_reftest_singletons,True,perf_reftest_singletons id-getter-5.html opt e10s fission stylo webrender,4767299,77,ms,firefox,443204181.0,1825418125,2024-01-13 08:47:40,480.14,1c1cef3dae75411dbe9bc03547274f506cade636,1359844,494.06,mozilla-ldap/aglavic@mozilla.com,53d4d65c33f1a556689dd9de738b173142e52749,41011.0,8.48,,539.81,2024-01-16 19:57:55.006935,False,1.0,1.0,,,0.0,1359778.0,2.0,1359844.0,2.0,mozilla-ldap/aglavic@mozilla.com,247a31fb40b3ac0b152bd3554743d742a3892fe3,Mi767lwdRia1u56m54n-zQ,linux1804-64-shippable-qr,,autoland,2024-01-23 04:19:56.159086,,1.0,-45.75,187261.0,ms,G0_XAPtISFa_H7pi-okWOw,,41011.0,102210fe594ee9b33d82058545b1ed14f4c8206e,0.0,False,False,aglavic@mozilla.com,,,aglavic@mozilla.com,2024-01-16 04:19:56.159086,,,id-getter-5.html,OUTLIERS,True,1c1cef3dae75411dbe9bc03547274f506cade636,41031.0,,,,False,,11.02,perf_reftest_singletons,"e10s, fission, stylo, webrender",,,2024-01-19 04:19:56.159086,TP,TP
autoland,4767314,1,247a31fb40b3ac0b152bd3554743d742a3892fe3,linux1804-64-shippable-qr,True,False,,,102210fe594ee9b33d82058545b1ed14f4c8206e,id-getter-5.html,perf_reftest_singletons,True,perf_reftest_singletons id-getter-5.html opt e10s fission stylo webrender,4767299,77,ms,firefox,443465698.0,1826577850,2024-01-13 10:58:24,496.43,23a77d3c25d74ed46ebb77f47fda83c7b6dcdb45,1359866,,,,,,,,,,,,,,,,,,,,,,,,,,,,,,,,,,,,,,,,,,,,,,,,,,,,,,,,,,,,,TN,TN
autoland,4767314,1,247a31fb40b3ac0b152bd3554743d742a3892fe3,linux1804-64-shippable-qr,True,False,,,102210fe594ee9b33d82058545b1ed14f4c8206e,id-getter-5.html,perf_reftest_singletons,True,perf_reftest_singletons id-getter-5.html opt e10s fission stylo webrender,4767299,77,ms,firefox,443228264.0,1825512769,2024-01-13 14:38:07,490.96,9e96d1447f6c77f15bcd1c7fa432cefae4418038,1359886,,,,,,,,,,,,,,,,,,,,,,,,,,,,,,,,,,,,,,,,,,,,,,,,,,,,,,,,,,,,,TN,TN
autoland,4767314,1,247a31fb40b3ac0b152bd3554743d742a3892fe3,linux1804-64-shippable-qr,True,False,,,102210fe594ee9b33d82058545b1ed14f4c8206e,id-getter-5.html,perf_reftest_singletons,True,perf_reftest_singletons id-getter-5.html opt e10s fission stylo webrender,4767299,77,ms,firefox,443479904.0,1826618457,2024-01-13 18:02:59,485.69,0930954b46bbc315ffcb92658bde0efc2945b04b,1359895,,,,,,,,,,,,,,,,,,,,,,,,,,,,,,,,,,,,,,,,,,,,,,,,,,,,,,,,,,,,,TN,TN
autoland,4767314,1,247a31fb40b3ac0b152bd3554743d742a3892fe3,linux1804-64-shippable-qr,True,False,,,102210fe594ee9b33d82058545b1ed14f4c8206e,id-getter-5.html,perf_reftest_singletons,True,perf_reftest_singletons id-getter-5.html opt e10s fission stylo webrender,4767299,77,ms,firefox,443479436.0,1826617604,2024-01-13 18:21:56,497.36,21be69951c962d3833d7117f56c2909b20b3d841,1359900,,,,,,,,,,,,,,,,,,,,,,,,,,,,,,,,,,,,,,,,,,,,,,,,,,,,,,,,,,,,,TN,TN
autoland,4767314,1,247a31fb40b3ac0b152bd3554743d742a3892fe3,linux1804-64-shippable-qr,True,False,,,102210fe594ee9b33d82058545b1ed14f4c8206e,id-getter-5.html,perf_reftest_singletons,True,perf_reftest_singletons id-getter-5.html opt e10s fission stylo webrender,4767299,77,ms,firefox,443480299.0,1826618795,2024-01-13 19:02:08,500.59,b693aec5836e8033178c5e272f5b03652eb79de8,1359901,,,,,,,,,,,,,,,,,,,,,,,,,,,,,,,,,,,,,,,,,,,,,,,,,,,,,,,,,,,,,TN,TN
autoland,4767314,1,247a31fb40b3ac0b152bd3554743d742a3892fe3,linux1804-64-shippable-qr,True,False,,,102210fe594ee9b33d82058545b1ed14f4c8206e,id-getter-5.html,perf_reftest_singletons,True,perf_reftest_singletons id-getter-5.html opt e10s fission stylo webrender,4767299,77,ms,firefox,443248609.0,1825606174,2024-01-13 23:22:39,481.59,05b08c9f9a5822b969513dda16d5f55e322ade4f,1359908,,,,,,,,,,,,,,,,,,,,,,,,,,,,,,,,,,,,,,,,,,,,,,,,,,,,,,,,,,,,,TN,TN
autoland,4767314,1,247a31fb40b3ac0b152bd3554743d742a3892fe3,linux1804-64-shippable-qr,True,False,,,102210fe594ee9b33d82058545b1ed14f4c8206e,id-getter-5.html,perf_reftest_singletons,True,perf_reftest_singletons id-getter-5.html opt e10s fission stylo webrender,4767299,77,ms,firefox,443275767.0,1825760808,2024-01-14 13:25:52,496.64,b24d63d72f77a64fe5d8bce6420b88e7e0c4d9da,1359942,,,,,,,,,,,,,,,,,,,,,,,,,,,,,,,,,,,,,,,,,,,,,,,,,,,,,,,,,,,,,TN,TN
autoland,4767314,1,247a31fb40b3ac0b152bd3554743d742a3892fe3,linux1804-64-shippable-qr,True,False,,,102210fe594ee9b33d82058545b1ed14f4c8206e,id-getter-5.html,perf_reftest_singletons,True,perf_reftest_singletons id-getter-5.html opt e10s fission stylo webrender,4767299,77,ms,firefox,443299414.0,1825861291,2024-01-15 05:08:04,489.58,de4567bec5231630b24dbc8a0f117c108e274afc,1360013,,,,,,,,,,,,,,,,,,,,,,,,,,,,,,,,,,,,,,,,,,,,,,,,,,,,,,,,,,,,,TN,TN
autoland,4767314,1,247a31fb40b3ac0b152bd3554743d742a3892fe3,linux1804-64-shippable-qr,True,False,,,102210fe594ee9b33d82058545b1ed14f4c8206e,id-getter-5.html,perf_reftest_singletons,True,perf_reftest_singletons id-getter-5.html opt e10s fission stylo webrender,4767299,77,ms,firefox,443303587.0,1825889103,2024-01-15 06:43:10,496.86,fed0bf16c40eba956c10bb3214420acaf75ee212,1360023,,,,,,,,,,,,,,,,,,,,,,,,,,,,,,,,,,,,,,,,,,,,,,,,,,,,,,,,,,,,,TN,TN
autoland,4767314,1,247a31fb40b3ac0b152bd3554743d742a3892fe3,linux1804-64-shippable-qr,True,False,,,102210fe594ee9b33d82058545b1ed14f4c8206e,id-getter-5.html,perf_reftest_singletons,True,perf_reftest_singletons id-getter-5.html opt e10s fission stylo webrender,4767299,77,ms,firefox,443331861.0,1825993668,2024-01-15 11:02:38,497.56,43598f45eee98e83ea2f55ce9a36e000770cf985,1360080,,,,,,,,,,,,,,,,,,,,,,,,,,,,,,,,,,,,,,,,,,,,,,,,,,,,,,,,,,,,,TN,TN
autoland,4767314,1,247a31fb40b3ac0b152bd3554743d742a3892fe3,linux1804-64-shippable-qr,True,False,,,102210fe594ee9b33d82058545b1ed14f4c8206e,id-getter-5.html,perf_reftest_singletons,True,perf_reftest_singletons id-getter-5.html opt e10s fission stylo webrender,4767299,77,ms,firefox,443343308.0,1826035458,2024-01-15 13:01:22,498.80000000000007,253b1ef032b4e35683449c7af5d9effaa417e813,1360125,,,,,,,,,,,,,,,,,,,,,,,,,,,,,,,,,,,,,,,,,,,,,,,,,,,,,,,,,,,,,TN,TN
autoland,4767314,1,247a31fb40b3ac0b152bd3554743d742a3892fe3,linux1804-64-shippable-qr,True,False,,,102210fe594ee9b33d82058545b1ed14f4c8206e,id-getter-5.html,perf_reftest_singletons,True,perf_reftest_singletons id-getter-5.html opt e10s fission stylo webrender,4767299,77,ms,firefox,443369353.0,1826200563,2024-01-15 16:45:21,493.47,a9ede7f8216422a86a2b25e0696d884c8a069b78,1360291,,,,,,,,,,,,,,,,,,,,,,,,,,,,,,,,,,,,,,,,,,,,,,,,,,,,,,,,,,,,,TN,TN
autoland,4767314,1,247a31fb40b3ac0b152bd3554743d742a3892fe3,linux1804-64-shippable-qr,True,False,,,102210fe594ee9b33d82058545b1ed14f4c8206e,id-getter-5.html,perf_reftest_singletons,True,perf_reftest_singletons id-getter-5.html opt e10s fission stylo webrender,4767299,77,ms,firefox,443410225.0,1826298463,2024-01-15 21:04:35,507.0700000000001,8a68c5a8cac8300a140767d36eaed293e8f2664c,1360446,,,,,,,,,,,,,,,,,,,,,,,,,,,,,,,,,,,,,,,,,,,,,,,,,,,,,,,,,,,,,TN,TN
autoland,4767314,1,247a31fb40b3ac0b152bd3554743d742a3892fe3,linux1804-64-shippable-qr,True,False,,,102210fe594ee9b33d82058545b1ed14f4c8206e,id-getter-5.html,perf_reftest_singletons,True,perf_reftest_singletons id-getter-5.html opt e10s fission stylo webrender,4767299,77,ms,firefox,443421809.0,1826357438,2024-01-16 02:30:18,503.13,02d1a62ad90af487d859bc4971a43862dceeda6e,1360561,,,,,,,,,,,,,,,,,,,,,,,,,,,,,,,,,,,,,,,,,,,,,,,,,,,,,,,,,,,,,TN,TN
autoland,4767314,1,247a31fb40b3ac0b152bd3554743d742a3892fe3,linux1804-64-shippable-qr,True,False,,,102210fe594ee9b33d82058545b1ed14f4c8206e,id-getter-5.html,perf_reftest_singletons,True,perf_reftest_singletons id-getter-5.html opt e10s fission stylo webrender,4767299,77,ms,firefox,443427732.0,1826382660,2024-01-16 03:41:09,492.89,70cdba288eb3585a65e68748b4aecfe615cf92e8,1360576,,,,,,,,,,,,,,,,,,,,,,,,,,,,,,,,,,,,,,,,,,,,,,,,,,,,,,,,,,,,,TN,TN
autoland,4767314,1,247a31fb40b3ac0b152bd3554743d742a3892fe3,linux1804-64-shippable-qr,True,False,,,102210fe594ee9b33d82058545b1ed14f4c8206e,id-getter-5.html,perf_reftest_singletons,True,perf_reftest_singletons id-getter-5.html opt e10s fission stylo webrender,4767299,77,ms,firefox,443447439.0,1826527134,2024-01-16 08:02:14,495.06,f2c924263ffece6d0b30e6a52dfd32792c5bf5ab,1360634,,,,,,,,,,,,,,,,,,,,,,,,,,,,,,,,,,,,,,,,,,,,,,,,,,,,,,,,,,,,,TN,TN
autoland,4767314,1,247a31fb40b3ac0b152bd3554743d742a3892fe3,linux1804-64-shippable-qr,True,False,,,102210fe594ee9b33d82058545b1ed14f4c8206e,id-getter-5.html,perf_reftest_singletons,True,perf_reftest_singletons id-getter-5.html opt e10s fission stylo webrender,4767299,77,ms,firefox,443485284.0,1826641169,2024-01-16 12:14:54,489.52,b7a792b71de6beb8e167d10494fa1c387f55f9c2,1360755,,,,,,,,,,,,,,,,,,,,,,,,,,,,,,,,,,,,,,,,,,,,,,,,,,,,,,,,,,,,,TN,TN
autoland,4767314,1,247a31fb40b3ac0b152bd3554743d742a3892fe3,linux1804-64-shippable-qr,True,False,,,102210fe594ee9b33d82058545b1ed14f4c8206e,id-getter-5.html,perf_reftest_singletons,True,perf_reftest_singletons id-getter-5.html opt e10s fission stylo webrender,4767299,77,ms,firefox,443504614.0,1826741276,2024-01-16 16:10:42,511.0400000000001,c57d859580d036c47f9c0140e247b012211f6475,1360921,,,,,,,,,,,,,,,,,,,,,,,,,,,,,,,,,,,,,,,,,,,,,,,,,,,,,,,,,,,,,TN,TN
autoland,4767314,1,247a31fb40b3ac0b152bd3554743d742a3892fe3,linux1804-64-shippable-qr,True,False,,,102210fe594ee9b33d82058545b1ed14f4c8206e,id-getter-5.html,perf_reftest_singletons,True,perf_reftest_singletons id-getter-5.html opt e10s fission stylo webrender,4767299,77,ms,firefox,443521203.0,1826824689,2024-01-16 18:47:57,480.46,70d83d705e48aa6e7e7f765142176e775044db26,1361053,,,,,,,,,,,,,,,,,,,,,,,,,,,,,,,,,,,,,,,,,,,,,,,,,,,,,,,,,,,,,TN,TN
autoland,4767314,1,247a31fb40b3ac0b152bd3554743d742a3892fe3,linux1804-64-shippable-qr,True,False,,,102210fe594ee9b33d82058545b1ed14f4c8206e,id-getter-5.html,perf_reftest_singletons,True,perf_reftest_singletons id-getter-5.html opt e10s fission stylo webrender,4767299,77,ms,firefox,443538985.0,1826876014,2024-01-16 21:05:47,487.23,be11cd2890f611f1552236eed7ffe53fba913a46,1361171,,,,,,,,,,,,,,,,,,,,,,,,,,,,,,,,,,,,,,,,,,,,,,,,,,,,,,,,,,,,,TN,TN
autoland,4767314,1,247a31fb40b3ac0b152bd3554743d742a3892fe3,linux1804-64-shippable-qr,True,False,,,102210fe594ee9b33d82058545b1ed14f4c8206e,id-getter-5.html,perf_reftest_singletons,True,perf_reftest_singletons id-getter-5.html opt e10s fission stylo webrender,4767299,77,ms,firefox,443897139.0,1828649039,2024-01-17 00:11:09,501.59,b4f408b7ef70590bd40b92082adf61506ba8c5ce,1361270,,,,,,,,,,,,,,,,,,,,,,,,,,,,,,,,,,,,,,,,,,,,,,,,,,,,,,,,,,,,,TN,TN
autoland,4767314,1,247a31fb40b3ac0b152bd3554743d742a3892fe3,linux1804-64-shippable-qr,True,False,,,102210fe594ee9b33d82058545b1ed14f4c8206e,id-getter-5.html,perf_reftest_singletons,True,perf_reftest_singletons id-getter-5.html opt e10s fission stylo webrender,4767299,77,ms,firefox,443897141.0,1828648999,2024-01-17 00:20:04,494.44,28c56a4f3af6c7f53da1ada840b1c04821afffa7,1361274,,,,,,,,,,,,,,,,,,,,,,,,,,,,,,,,,,,,,,,,,,,,,,,,,,,,,,,,,,,,,TN,TN
autoland,4767314,1,247a31fb40b3ac0b152bd3554743d742a3892fe3,linux1804-64-shippable-qr,True,False,,,102210fe594ee9b33d82058545b1ed14f4c8206e,id-getter-5.html,perf_reftest_singletons,True,perf_reftest_singletons id-getter-5.html opt e10s fission stylo webrender,4767299,77,ms,firefox,443897140.0,1828649101,2024-01-17 00:20:46,484.99,ad6d17afc267ab7cfd671ef2ae32362eca177b17,1361275,,,,,,,,,,,,,,,,,,,,,,,,,,,,,,,,,,,,,,,,,,,,,,,,,,,,,,,,,,,,,TN,TN
autoland,4767314,1,247a31fb40b3ac0b152bd3554743d742a3892fe3,linux1804-64-shippable-qr,True,False,,,102210fe594ee9b33d82058545b1ed14f4c8206e,id-getter-5.html,perf_reftest_singletons,True,perf_reftest_singletons id-getter-5.html opt e10s fission stylo webrender,4767299,77,ms,firefox,443555339.0,1826953657,2024-01-17 00:27:37,497.47,2425c93f20f61b806df955141332d7cb553c6efb,1361277,,,,,,,,,,,,,,,,,,,,,,,,,,,,,,,,,,,,,,,,,,,,,,,,,,,,,,,,,,,,,TN,TN
autoland,4767314,1,247a31fb40b3ac0b152bd3554743d742a3892fe3,linux1804-64-shippable-qr,True,False,,,102210fe594ee9b33d82058545b1ed14f4c8206e,id-getter-5.html,perf_reftest_singletons,True,perf_reftest_singletons id-getter-5.html opt e10s fission stylo webrender,4767299,77,ms,firefox,443897144.0,1828649225,2024-01-17 01:18:04,497.2000000000001,2a7dd75d1bfc1693115b94b3e424e58b331cefab,1361298,,,,,,,,,,,,,,,,,,,,,,,,,,,,,,,,,,,,,,,,,,,,,,,,,,,,,,,,,,,,,TN,TN
autoland,4767314,1,247a31fb40b3ac0b152bd3554743d742a3892fe3,linux1804-64-shippable-qr,True,False,,,102210fe594ee9b33d82058545b1ed14f4c8206e,id-getter-5.html,perf_reftest_singletons,True,perf_reftest_singletons id-getter-5.html opt e10s fission stylo webrender,4767299,77,ms,firefox,443897142.0,1828649182,2024-01-17 01:21:19,492.4,274438b9679ef26107a2d75ff0273737061c4bdd,1361302,,,,,,,,,,,,,,,,,,,,,,,,,,,,,,,,,,,,,,,,,,,,,,,,,,,,,,,,,,,,,TN,TN
autoland,4767314,1,247a31fb40b3ac0b152bd3554743d742a3892fe3,linux1804-64-shippable-qr,True,False,,,102210fe594ee9b33d82058545b1ed14f4c8206e,id-getter-5.html,perf_reftest_singletons,True,perf_reftest_singletons id-getter-5.html opt e10s fission stylo webrender,4767299,77,ms,firefox,443897145.0,1828649141,2024-01-17 01:22:05,495.72,4cdf76416de67eb62fad8c71beabafd1fe1b2543,1361304,,,,,,,,,,,,,,,,,,,,,,,,,,,,,,,,,,,,,,,,,,,,,,,,,,,,,,,,,,,,,TN,TN
autoland,4767314,1,247a31fb40b3ac0b152bd3554743d742a3892fe3,linux1804-64-shippable-qr,True,False,,,102210fe594ee9b33d82058545b1ed14f4c8206e,id-getter-5.html,perf_reftest_singletons,True,perf_reftest_singletons id-getter-5.html opt e10s fission stylo webrender,4767299,77,ms,firefox,443897155.0,1828649266,2024-01-17 03:48:02,527.22,0e6bdeec62c223512f5a5146f2d5b38551600ce0,1361345,,,,,,,,,,,,,,,,,,,,,,,,,,,,,,,,,,,,,,,,,,,,,,,,,,,,,,,,,,,,,TN,TN
autoland,4767314,1,247a31fb40b3ac0b152bd3554743d742a3892fe3,linux1804-64-shippable-qr,True,False,,,102210fe594ee9b33d82058545b1ed14f4c8206e,id-getter-5.html,perf_reftest_singletons,True,perf_reftest_singletons id-getter-5.html opt e10s fission stylo webrender,4767299,77,ms,firefox,443897164.0,1828649518,2024-01-17 03:52:02,492.7,1d3e24654ca314fd30e86b6117da5e09773309f5,1361348,,,,,,,,,,,,,,,,,,,,,,,,,,,,,,,,,,,,,,,,,,,,,,,,,,,,,,,,,,,,,TN,TN
autoland,4767314,1,247a31fb40b3ac0b152bd3554743d742a3892fe3,linux1804-64-shippable-qr,True,False,,,102210fe594ee9b33d82058545b1ed14f4c8206e,id-getter-5.html,perf_reftest_singletons,True,perf_reftest_singletons id-getter-5.html opt e10s fission stylo webrender,4767299,77,ms,firefox,443573280.0,1827114528,2024-01-17 05:04:36,480.44,71000174812fc0992b6793e53ac5f11f1b87bdc0,1361364,,,,,,,,,,,,,,,,,,,,,,,,,,,,,,,,,,,,,,,,,,,,,,,,,,,,,,,,,,,,,TN,TN
autoland,4767314,1,247a31fb40b3ac0b152bd3554743d742a3892fe3,linux1804-64-shippable-qr,True,False,,,102210fe594ee9b33d82058545b1ed14f4c8206e,id-getter-5.html,perf_reftest_singletons,True,perf_reftest_singletons id-getter-5.html opt e10s fission stylo webrender,4767299,77,ms,firefox,444238189.0,1830260996,2024-01-17 05:04:36,485.8200000000001,71000174812fc0992b6793e53ac5f11f1b87bdc0,1361364,,,,,,,,,,,,,,,,,,,,,,,,,,,,,,,,,,,,,,,,,,,,,,,,,,,,,,,,,,,,,TN,TN
autoland,4767314,1,247a31fb40b3ac0b152bd3554743d742a3892fe3,linux1804-64-shippable-qr,True,False,,,102210fe594ee9b33d82058545b1ed14f4c8206e,id-getter-5.html,perf_reftest_singletons,True,perf_reftest_singletons id-getter-5.html opt e10s fission stylo webrender,4767299,77,ms,firefox,444238191.0,1830260852,2024-01-17 05:04:36,486.53,71000174812fc0992b6793e53ac5f11f1b87bdc0,1361364,,,,,,,,,,,,,,,,,,,,,,,,,,,,,,,,,,,,,,,,,,,,,,,,,,,,,,,,,,,,,TN,TN
autoland,4767314,1,247a31fb40b3ac0b152bd3554743d742a3892fe3,linux1804-64-shippable-qr,True,False,,,102210fe594ee9b33d82058545b1ed14f4c8206e,id-getter-5.html,perf_reftest_singletons,True,perf_reftest_singletons id-getter-5.html opt e10s fission stylo webrender,4767299,77,ms,firefox,443897126.0,1828648694,2024-01-17 05:17:08,485.43,6717f7be99bea334eddd4b6101036bcc32e5aca9,1361369,,,,,,,,,,,,,,,,,,,,,,,,,,,,,,,,,,,,,,,,,,,,,,,,,,,,,,,,,,,,,TN,TN
autoland,4767314,1,247a31fb40b3ac0b152bd3554743d742a3892fe3,linux1804-64-shippable-qr,True,False,,,102210fe594ee9b33d82058545b1ed14f4c8206e,id-getter-5.html,perf_reftest_singletons,True,perf_reftest_singletons id-getter-5.html opt e10s fission stylo webrender,4767299,77,ms,firefox,444238185.0,1830260622,2024-01-17 05:17:08,486.83,6717f7be99bea334eddd4b6101036bcc32e5aca9,1361369,,,,,,,,,,,,,,,,,,,,,,,,,,,,,,,,,,,,,,,,,,,,,,,,,,,,,,,,,,,,,TN,TN
autoland,4767314,1,247a31fb40b3ac0b152bd3554743d742a3892fe3,linux1804-64-shippable-qr,True,False,,,102210fe594ee9b33d82058545b1ed14f4c8206e,id-getter-5.html,perf_reftest_singletons,True,perf_reftest_singletons id-getter-5.html opt e10s fission stylo webrender,4767299,77,ms,firefox,444238186.0,1830260664,2024-01-17 05:17:08,496.17,6717f7be99bea334eddd4b6101036bcc32e5aca9,1361369,,,,,,,,,,,,,,,,,,,,,,,,,,,,,,,,,,,,,,,,,,,,,,,,,,,,,,,,,,,,,TN,TN
autoland,4767314,1,247a31fb40b3ac0b152bd3554743d742a3892fe3,linux1804-64-shippable-qr,True,False,,,102210fe594ee9b33d82058545b1ed14f4c8206e,id-getter-5.html,perf_reftest_singletons,True,perf_reftest_singletons id-getter-5.html opt e10s fission stylo webrender,4767299,77,ms,firefox,443897123.0,1828648574,2024-01-17 06:29:00,493.51,ffe9842db7d7be746dab9d05be29206e1ab6634d,1361383,,,,,,,,,,,,,,,,,,,,,,,,,,,,,,,,,,,,,,,,,,,,,,,,,,,,,,,,,,,,,TN,TN
autoland,4767314,1,247a31fb40b3ac0b152bd3554743d742a3892fe3,linux1804-64-shippable-qr,True,False,,,102210fe594ee9b33d82058545b1ed14f4c8206e,id-getter-5.html,perf_reftest_singletons,True,perf_reftest_singletons id-getter-5.html opt e10s fission stylo webrender,4767299,77,ms,firefox,443897122.0,1828648654,2024-01-17 06:29:47,499.68,e6395c398b890aa5afc96b5c90e60bca762a50b9,1361385,,,,,,,,,,,,,,,,,,,,,,,,,,,,,,,,,,,,,,,,,,,,,,,,,,,,,,,,,,,,,TN,TN
autoland,4767314,1,247a31fb40b3ac0b152bd3554743d742a3892fe3,linux1804-64-shippable-qr,True,False,,,102210fe594ee9b33d82058545b1ed14f4c8206e,id-getter-5.html,perf_reftest_singletons,True,perf_reftest_singletons id-getter-5.html opt e10s fission stylo webrender,4767299,77,ms,firefox,443897121.0,1828648745,2024-01-17 06:59:09,490.27,e695927a15e03baccd1cefa0d32663125dbaa05a,1361392,,,,,,,,,,,,,,,,,,,,,,,,,,,,,,,,,,,,,,,,,,,,,,,,,,,,,,,,,,,,,TN,TN
autoland,4767314,1,247a31fb40b3ac0b152bd3554743d742a3892fe3,linux1804-64-shippable-qr,True,False,,,102210fe594ee9b33d82058545b1ed14f4c8206e,id-getter-5.html,perf_reftest_singletons,True,perf_reftest_singletons id-getter-5.html opt e10s fission stylo webrender,4767299,77,ms,firefox,443897127.0,1828648526,2024-01-17 07:06:38,495.58,8a42b9c1ec665c4d577ef6c0a0a5b073d172fda6,1361393,,,,,,,,,,,,,,,,,,,,,,,,,,,,,,,,,,,,,,,,,,,,,,,,,,,,,,,,,,,,,TN,TN
autoland,4767314,1,247a31fb40b3ac0b152bd3554743d742a3892fe3,linux1804-64-shippable-qr,True,False,,,102210fe594ee9b33d82058545b1ed14f4c8206e,id-getter-5.html,perf_reftest_singletons,True,perf_reftest_singletons id-getter-5.html opt e10s fission stylo webrender,4767299,77,ms,firefox,443897128.0,1828648614,2024-01-17 07:25:00,496.58,5608664350d824d3974f3026972afb0b23e5ee75,1361397,,,,,,,,,,,,,,,,,,,,,,,,,,,,,,,,,,,,,,,,,,,,,,,,,,,,,,,,,,,,,TN,TN
autoland,4767314,1,247a31fb40b3ac0b152bd3554743d742a3892fe3,linux1804-64-shippable-qr,True,False,,,102210fe594ee9b33d82058545b1ed14f4c8206e,id-getter-5.html,perf_reftest_singletons,True,perf_reftest_singletons id-getter-5.html opt e10s fission stylo webrender,4767299,77,ms,firefox,443897125.0,1828648759,2024-01-17 08:25:23,494.06,b2727a598452fb942e0611df5f931d4df0efaceb,1361409,,,,,,,,,,,,,,,,,,,,,,,,,,,,,,,,,,,,,,,,,,,,,,,,,,,,,,,,,,,,,TN,TN
autoland,4767314,1,247a31fb40b3ac0b152bd3554743d742a3892fe3,linux1804-64-shippable-qr,True,False,,,102210fe594ee9b33d82058545b1ed14f4c8206e,id-getter-5.html,perf_reftest_singletons,True,perf_reftest_singletons id-getter-5.html opt e10s fission stylo webrender,4767299,77,ms,firefox,443897129.0,1828648824,2024-01-17 08:51:04,492.7,b03b4a8f6dc5a522d706016874f689f9cd090ca8,1361416,,,,,,,,,,,,,,,,,,,,,,,,,,,,,,,,,,,,,,,,,,,,,,,,,,,,,,,,,,,,,TN,TN
autoland,4767314,1,247a31fb40b3ac0b152bd3554743d742a3892fe3,linux1804-64-shippable-qr,True,False,,,102210fe594ee9b33d82058545b1ed14f4c8206e,id-getter-5.html,perf_reftest_singletons,True,perf_reftest_singletons id-getter-5.html opt e10s fission stylo webrender,4767299,77,ms,firefox,443604592.0,1827174355,2024-01-17 09:39:35,495.4,504ffc20d2ebb35be48357830d614ec96765c802,1361428,,,,,,,,,,,,,,,,,,,,,,,,,,,,,,,,,,,,,,,,,,,,,,,,,,,,,,,,,,,,,TN,TN
autoland,4767314,1,247a31fb40b3ac0b152bd3554743d742a3892fe3,linux1804-64-shippable-qr,True,False,,,102210fe594ee9b33d82058545b1ed14f4c8206e,id-getter-5.html,perf_reftest_singletons,True,perf_reftest_singletons id-getter-5.html opt e10s fission stylo webrender,4767299,77,ms,firefox,443899645.0,1828662788,2024-01-17 09:53:10,495.73,b6f095262402ff0d0adc8a605a92c9392f964457,1361434,,,,,,,,,,,,,,,,,,,,,,,,,,,,,,,,,,,,,,,,,,,,,,,,,,,,,,,,,,,,,TN,TN
autoland,4767314,1,247a31fb40b3ac0b152bd3554743d742a3892fe3,linux1804-64-shippable-qr,True,False,,,102210fe594ee9b33d82058545b1ed14f4c8206e,id-getter-5.html,perf_reftest_singletons,True,perf_reftest_singletons id-getter-5.html opt e10s fission stylo webrender,4767299,77,ms,firefox,443899662.0,1828662955,2024-01-17 09:57:20,500.52,f57bb85a2ed678430eb3bf4b3b855a0e0438ac69,1361435,,,,,,,,,,,,,,,,,,,,,,,,,,,,,,,,,,,,,,,,,,,,,,,,,,,,,,,,,,,,,TN,TN
autoland,4767314,1,247a31fb40b3ac0b152bd3554743d742a3892fe3,linux1804-64-shippable-qr,True,False,,,102210fe594ee9b33d82058545b1ed14f4c8206e,id-getter-5.html,perf_reftest_singletons,True,perf_reftest_singletons id-getter-5.html opt e10s fission stylo webrender,4767299,77,ms,firefox,443899660.0,1828662911,2024-01-17 10:08:42,490.15,354005f02a24366a54ce02cbc92ed81274f4f893,1361444,,,,,,,,,,,,,,,,,,,,,,,,,,,,,,,,,,,,,,,,,,,,,,,,,,,,,,,,,,,,,TN,TN
autoland,4767314,1,247a31fb40b3ac0b152bd3554743d742a3892fe3,linux1804-64-shippable-qr,True,False,,,102210fe594ee9b33d82058545b1ed14f4c8206e,id-getter-5.html,perf_reftest_singletons,True,perf_reftest_singletons id-getter-5.html opt e10s fission stylo webrender,4767299,77,ms,firefox,443899643.0,1828662740,2024-01-17 10:09:51,491.88,27503c968e945bb40dc0b9afa5e8233bd6e5a24e,1361445,,,,,,,,,,,,,,,,,,,,,,,,,,,,,,,,,,,,,,,,,,,,,,,,,,,,,,,,,,,,,TN,TN
autoland,4767314,1,247a31fb40b3ac0b152bd3554743d742a3892fe3,linux1804-64-shippable-qr,True,False,,,102210fe594ee9b33d82058545b1ed14f4c8206e,id-getter-5.html,perf_reftest_singletons,True,perf_reftest_singletons id-getter-5.html opt e10s fission stylo webrender,4767299,77,ms,firefox,443624805.0,1827234203,2024-01-17 11:04:44,484.15,362d9aca9e101b9ee8f7efe2a7c456e245e6313c,1361499,,,,,,,,,,,,,,,,,,,,,,,,,,,,,,,,,,,,,,,,,,,,,,,,,,,,,,,,,,,,,TN,TN
autoland,4767314,1,247a31fb40b3ac0b152bd3554743d742a3892fe3,linux1804-64-shippable-qr,True,False,,,102210fe594ee9b33d82058545b1ed14f4c8206e,id-getter-5.html,perf_reftest_singletons,True,perf_reftest_singletons id-getter-5.html opt e10s fission stylo webrender,4767299,77,ms,firefox,443897185.0,1828649609,2024-01-17 14:10:14,485.28,a4394526f54b75a6396802e446f5c6741b17bfdd,1361593,,,,,,,,,,,,,,,,,,,,,,,,,,,,,,,,,,,,,,,,,,,,,,,,,,,,,,,,,,,,,TN,TN
autoland,4767314,1,247a31fb40b3ac0b152bd3554743d742a3892fe3,linux1804-64-shippable-qr,True,False,,,102210fe594ee9b33d82058545b1ed14f4c8206e,id-getter-5.html,perf_reftest_singletons,True,perf_reftest_singletons id-getter-5.html opt e10s fission stylo webrender,4767299,77,ms,firefox,443897186.0,1828649699,2024-01-17 14:11:04,494.4,51ded5545163f1a0a3ff3790e9a25c0351e5d7b6,1361596,,,,,,,,,,,,,,,,,,,,,,,,,,,,,,,,,,,,,,,,,,,,,,,,,,,,,,,,,,,,,TN,TN
autoland,4767314,1,247a31fb40b3ac0b152bd3554743d742a3892fe3,linux1804-64-shippable-qr,True,False,,,102210fe594ee9b33d82058545b1ed14f4c8206e,id-getter-5.html,perf_reftest_singletons,True,perf_reftest_singletons id-getter-5.html opt e10s fission stylo webrender,4767299,77,ms,firefox,443954813.0,1828867324,2024-01-17 14:13:30,489.56,c62a7e2f66078afe1f74d904f77287d4d921f5aa,1361598,,,,,,,,,,,,,,,,,,,,,,,,,,,,,,,,,,,,,,,,,,,,,,,,,,,,,,,,,,,,,TN,TN
autoland,4767314,1,247a31fb40b3ac0b152bd3554743d742a3892fe3,linux1804-64-shippable-qr,True,False,,,102210fe594ee9b33d82058545b1ed14f4c8206e,id-getter-5.html,perf_reftest_singletons,True,perf_reftest_singletons id-getter-5.html opt e10s fission stylo webrender,4767299,77,ms,firefox,443903023.0,1828666946,2024-01-17 14:19:59,494.48,78eeb3123fa6e20a69df1262937ffa372b2a47d5,1361603,,,,,,,,,,,,,,,,,,,,,,,,,,,,,,,,,,,,,,,,,,,,,,,,,,,,,,,,,,,,,TN,TN
autoland,4767314,1,247a31fb40b3ac0b152bd3554743d742a3892fe3,linux1804-64-shippable-qr,True,False,,,102210fe594ee9b33d82058545b1ed14f4c8206e,id-getter-5.html,perf_reftest_singletons,True,perf_reftest_singletons id-getter-5.html opt e10s fission stylo webrender,4767299,77,ms,firefox,443899668.0,1828663395,2024-01-17 14:34:25,487.68,0a29fd63bff9404c9db0783f0b16b2b76d39ddb4,1361613,,,,,,,,,,,,,,,,,,,,,,,,,,,,,,,,,,,,,,,,,,,,,,,,,,,,,,,,,,,,,TN,TN
autoland,4767314,1,247a31fb40b3ac0b152bd3554743d742a3892fe3,linux1804-64-shippable-qr,True,False,,,102210fe594ee9b33d82058545b1ed14f4c8206e,id-getter-5.html,perf_reftest_singletons,True,perf_reftest_singletons id-getter-5.html opt e10s fission stylo webrender,4767299,77,ms,firefox,443903405.0,1828670852,2024-01-17 14:39:51,500.0799999999999,fba2b83c6fe029b15ea8d4573961321908eb9a4c,1361618,,,,,,,,,,,,,,,,,,,,,,,,,,,,,,,,,,,,,,,,,,,,,,,,,,,,,,,,,,,,,TN,TN
autoland,4767314,1,247a31fb40b3ac0b152bd3554743d742a3892fe3,linux1804-64-shippable-qr,True,False,,,102210fe594ee9b33d82058545b1ed14f4c8206e,id-getter-5.html,perf_reftest_singletons,True,perf_reftest_singletons id-getter-5.html opt e10s fission stylo webrender,4767299,77,ms,firefox,443903341.0,1828670756,2024-01-17 14:49:06,506.68,cc37d81df06c3ed670cfd785222f8416108a6d8b,1361624,,,,,,,,,,,,,,,,,,,,,,,,,,,,,,,,,,,,,,,,,,,,,,,,,,,,,,,,,,,,,TN,TN
autoland,4767314,1,247a31fb40b3ac0b152bd3554743d742a3892fe3,linux1804-64-shippable-qr,True,False,,,102210fe594ee9b33d82058545b1ed14f4c8206e,id-getter-5.html,perf_reftest_singletons,True,perf_reftest_singletons id-getter-5.html opt e10s fission stylo webrender,4767299,77,ms,firefox,443901490.0,1828664148,2024-01-17 14:50:53,499.55,38456174c6e933f57e4ab30702ab8019b4df1a53,1361626,,,,,,,,,,,,,,,,,,,,,,,,,,,,,,,,,,,,,,,,,,,,,,,,,,,,,,,,,,,,,TN,TN
autoland,4767314,1,247a31fb40b3ac0b152bd3554743d742a3892fe3,linux1804-64-shippable-qr,True,False,,,102210fe594ee9b33d82058545b1ed14f4c8206e,id-getter-5.html,perf_reftest_singletons,True,perf_reftest_singletons id-getter-5.html opt e10s fission stylo webrender,4767299,77,ms,firefox,443901486.0,1828663945,2024-01-17 15:01:58,496.71,45db6d95b9b8d71ebd8549ae17aaa8089945aa44,1361630,,,,,,,,,,,,,,,,,,,,,,,,,,,,,,,,,,,,,,,,,,,,,,,,,,,,,,,,,,,,,TN,TN
autoland,4767314,1,247a31fb40b3ac0b152bd3554743d742a3892fe3,linux1804-64-shippable-qr,True,False,,,102210fe594ee9b33d82058545b1ed14f4c8206e,id-getter-5.html,perf_reftest_singletons,True,perf_reftest_singletons id-getter-5.html opt e10s fission stylo webrender,4767299,77,ms,firefox,443665014.0,1827426928,2024-01-17 15:07:48,490.0,848e3e2acdf34af9e6862b8a77a8d1ea39c48098,1361632,,,,,,,,,,,,,,,,,,,,,,,,,,,,,,,,,,,,,,,,,,,,,,,,,,,,,,,,,,,,,TN,TN
autoland,4767314,1,247a31fb40b3ac0b152bd3554743d742a3892fe3,linux1804-64-shippable-qr,True,False,,,102210fe594ee9b33d82058545b1ed14f4c8206e,id-getter-5.html,perf_reftest_singletons,True,perf_reftest_singletons id-getter-5.html opt e10s fission stylo webrender,4767299,77,ms,firefox,443666601.0,1827444166,2024-01-17 15:18:54,507.72,a11dab561c63102a4ed97f42068f448ec332c652,1361644,,,,,,,,,,,,,,,,,,,,,,,,,,,,,,,,,,,,,,,,,,,,,,,,,,,,,,,,,,,,,TN,TN
autoland,4767314,1,247a31fb40b3ac0b152bd3554743d742a3892fe3,linux1804-64-shippable-qr,True,False,,,102210fe594ee9b33d82058545b1ed14f4c8206e,id-getter-5.html,perf_reftest_singletons,True,perf_reftest_singletons id-getter-5.html opt e10s fission stylo webrender,4767299,77,ms,firefox,443714304.0,1827636887,2024-01-17 23:49:06,499.43,fe239ad8a8aea4198d356ae3ab92415c5237b530,1361957,,,,,,,,,,,,,,,,,,,,,,,,,,,,,,,,,,,,,,,,,,,,,,,,,,,,,,,,,,,,,TN,TN
autoland,4767314,1,247a31fb40b3ac0b152bd3554743d742a3892fe3,linux1804-64-shippable-qr,True,False,,,102210fe594ee9b33d82058545b1ed14f4c8206e,id-getter-5.html,perf_reftest_singletons,True,perf_reftest_singletons id-getter-5.html opt e10s fission stylo webrender,4767299,77,ms,firefox,443715044.0,1827657156,2024-01-17 23:52:50,499.94000000000005,79a6322a49b2f811fe674c1802ab75b99d9c95a3,1361961,,,,,,,,,,,,,,,,,,,,,,,,,,,,,,,,,,,,,,,,,,,,,,,,,,,,,,,,,,,,,TN,TN
autoland,4767314,1,247a31fb40b3ac0b152bd3554743d742a3892fe3,linux1804-64-shippable-qr,True,False,,,102210fe594ee9b33d82058545b1ed14f4c8206e,id-getter-5.html,perf_reftest_singletons,True,perf_reftest_singletons id-getter-5.html opt e10s fission stylo webrender,4767299,77,ms,firefox,443726526.0,1827762232,2024-01-18 01:49:32,498.46,c38d482445a0c034ac7b8fc0219092fccdbc58b2,1362034,,,,,,,,,,,,,,,,,,,,,,,,,,,,,,,,,,,,,,,,,,,,,,,,,,,,,,,,,,,,,TN,TN
autoland,4767314,1,247a31fb40b3ac0b152bd3554743d742a3892fe3,linux1804-64-shippable-qr,True,False,,,102210fe594ee9b33d82058545b1ed14f4c8206e,id-getter-5.html,perf_reftest_singletons,True,perf_reftest_singletons id-getter-5.html opt e10s fission stylo webrender,4767299,77,ms,firefox,443757184.0,1827923778,2024-01-18 06:50:06,491.92,a505d6315623943fb581b7f21beece40fc6faf17,1362092,,,,,,,,,,,,,,,,,,,,,,,,,,,,,,,,,,,,,,,,,,,,,,,,,,,,,,,,,,,,,TN,TN
autoland,4767314,1,247a31fb40b3ac0b152bd3554743d742a3892fe3,linux1804-64-shippable-qr,True,False,,,102210fe594ee9b33d82058545b1ed14f4c8206e,id-getter-5.html,perf_reftest_singletons,True,perf_reftest_singletons id-getter-5.html opt e10s fission stylo webrender,4767299,77,ms,firefox,443781711.0,1828054757,2024-01-18 10:52:50,300.29,0688ca401470034e41e10f2480620e88cac2700f,1362184,,,,,,,,,,,,,,,,,,,,,,,,,,,,,,,,,,,,,,,,,,,,,,,,,,,,,,,,,,,,,TN,TN
autoland,4767314,1,247a31fb40b3ac0b152bd3554743d742a3892fe3,linux1804-64-shippable-qr,True,False,,,102210fe594ee9b33d82058545b1ed14f4c8206e,id-getter-5.html,perf_reftest_singletons,True,perf_reftest_singletons id-getter-5.html opt e10s fission stylo webrender,4767299,77,ms,firefox,443799790.0,1828169279,2024-01-18 13:21:23,535.63,68ff26df33468fe750b39f175b43b8507718ece4,1362232,,,,,,,,,,,,,,,,,,,,,,,,,,,,,,,,,,,,,,,,,,,,,,,,,,,,,,,,,,,,,TN,TN
autoland,4767314,1,247a31fb40b3ac0b152bd3554743d742a3892fe3,linux1804-64-shippable-qr,True,False,,,102210fe594ee9b33d82058545b1ed14f4c8206e,id-getter-5.html,perf_reftest_singletons,True,perf_reftest_singletons id-getter-5.html opt e10s fission stylo webrender,4767299,77,ms,firefox,443828747.0,1828313307,2024-01-18 17:52:02,492.58,2b70f662a79773d519e78f0b8b64723a20b1e788,1362427,,,,,,,,,,,,,,,,,,,,,,,,,,,,,,,,,,,,,,,,,,,,,,,,,,,,,,,,,,,,,TN,TN
autoland,4767314,1,247a31fb40b3ac0b152bd3554743d742a3892fe3,linux1804-64-shippable-qr,True,False,,,102210fe594ee9b33d82058545b1ed14f4c8206e,id-getter-5.html,perf_reftest_singletons,True,perf_reftest_singletons id-getter-5.html opt e10s fission stylo webrender,4767299,77,ms,firefox,443871501.0,1828474479,2024-01-18 23:10:50,494.94,ef9ad6a28dae5d4efbe723dde5068cfdde493918,1362632,,,,,,,,,,,,,,,,,,,,,,,,,,,,,,,,,,,,,,,,,,,,,,,,,,,,,,,,,,,,,TN,TN
autoland,4767314,1,247a31fb40b3ac0b152bd3554743d742a3892fe3,linux1804-64-shippable-qr,True,False,,,102210fe594ee9b33d82058545b1ed14f4c8206e,id-getter-5.html,perf_reftest_singletons,True,perf_reftest_singletons id-getter-5.html opt e10s fission stylo webrender,4767299,77,ms,firefox,443872918.0,1828494300,2024-01-18 23:17:45,503.46,5624cd2e1525fd15b148c44ce2106fce74d6f297,1362637,,,,,,,,,,,,,,,,,,,,,,,,,,,,,,,,,,,,,,,,,,,,,,,,,,,,,,,,,,,,,TN,TN
autoland,4767314,1,247a31fb40b3ac0b152bd3554743d742a3892fe3,linux1804-64-shippable-qr,True,False,,,102210fe594ee9b33d82058545b1ed14f4c8206e,id-getter-5.html,perf_reftest_singletons,True,perf_reftest_singletons id-getter-5.html opt e10s fission stylo webrender,4767299,77,ms,firefox,443893580.0,1828622670,2024-01-19 04:17:47,500.44000000000005,b6393478fdf670fcce10fd4334c2601561eaea5d,1362724,,,,,,,,,,,,,,,,,,,,,,,,,,,,,,,,,,,,,,,,,,,,,,,,,,,,,,,,,,,,,TN,TN
autoland,4767314,1,247a31fb40b3ac0b152bd3554743d742a3892fe3,linux1804-64-shippable-qr,True,False,,,102210fe594ee9b33d82058545b1ed14f4c8206e,id-getter-5.html,perf_reftest_singletons,True,perf_reftest_singletons id-getter-5.html opt e10s fission stylo webrender,4767299,77,ms,firefox,443924992.0,1828747553,2024-01-19 10:07:40,495.7000000000001,99bf71eaca444aa371e7c84536a1b8aa434ef205,1362807,,,,,,,,,,,,,,,,,,,,,,,,,,,,,,,,,,,,,,,,,,,,,,,,,,,,,,,,,,,,,TN,TN
autoland,4767314,1,247a31fb40b3ac0b152bd3554743d742a3892fe3,linux1804-64-shippable-qr,True,False,,,102210fe594ee9b33d82058545b1ed14f4c8206e,id-getter-5.html,perf_reftest_singletons,True,perf_reftest_singletons id-getter-5.html opt e10s fission stylo webrender,4767299,77,ms,firefox,443928786.0,1828775081,2024-01-19 10:28:03,502.6,7459e9088955262e4430e24661d856acc7ca8929,1362814,,,,,,,,,,,,,,,,,,,,,,,,,,,,,,,,,,,,,,,,,,,,,,,,,,,,,,,,,,,,,TN,TN
autoland,4767314,1,247a31fb40b3ac0b152bd3554743d742a3892fe3,linux1804-64-shippable-qr,True,False,,,102210fe594ee9b33d82058545b1ed14f4c8206e,id-getter-5.html,perf_reftest_singletons,True,perf_reftest_singletons id-getter-5.html opt e10s fission stylo webrender,4767299,77,ms,firefox,443957742.0,1828888757,2024-01-19 14:55:23,494.3,3aabb457a4630b878d121ef2eb9d2f0448847a6b,1362913,,,,,,,,,,,,,,,,,,,,,,,,,,,,,,,,,,,,,,,,,,,,,,,,,,,,,,,,,,,,,TN,TN
autoland,4767314,1,247a31fb40b3ac0b152bd3554743d742a3892fe3,linux1804-64-shippable-qr,True,False,,,102210fe594ee9b33d82058545b1ed14f4c8206e,id-getter-5.html,perf_reftest_singletons,True,perf_reftest_singletons id-getter-5.html opt e10s fission stylo webrender,4767299,77,ms,firefox,443979942.0,1828997979,2024-01-19 19:17:59,488.72,1ccd394332683308e570afe9039275d8e79be900,1363113,,,,,,,,,,,,,,,,,,,,,,,,,,,,,,,,,,,,,,,,,,,,,,,,,,,,,,,,,,,,,TN,TN
autoland,4767314,1,247a31fb40b3ac0b152bd3554743d742a3892fe3,linux1804-64-shippable-qr,True,False,,,102210fe594ee9b33d82058545b1ed14f4c8206e,id-getter-5.html,perf_reftest_singletons,True,perf_reftest_singletons id-getter-5.html opt e10s fission stylo webrender,4767299,77,ms,firefox,444004167.0,1829198589,2024-01-20 00:04:44,505.86,6d2ef7f226a0360135c1955b8805bd41d9af41e4,1363285,,,,,,,,,,,,,,,,,,,,,,,,,,,,,,,,,,,,,,,,,,,,,,,,,,,,,,,,,,,,,TN,TN
autoland,4767314,1,247a31fb40b3ac0b152bd3554743d742a3892fe3,linux1804-64-shippable-qr,True,False,,,102210fe594ee9b33d82058545b1ed14f4c8206e,id-getter-5.html,perf_reftest_singletons,True,perf_reftest_singletons id-getter-5.html opt e10s fission stylo webrender,4767299,77,ms,firefox,444012151.0,1829286665,2024-01-20 04:18:19,506.86,5471899cc9d0a7dfda174e9d7cfc986c2820eff8,1363367,,,,,,,,,,,,,,,,,,,,,,,,,,,,,,,,,,,,,,,,,,,,,,,,,,,,,,,,,,,,,TN,TN
autoland,4767314,1,247a31fb40b3ac0b152bd3554743d742a3892fe3,linux1804-64-shippable-qr,True,False,,,102210fe594ee9b33d82058545b1ed14f4c8206e,id-getter-5.html,perf_reftest_singletons,True,perf_reftest_singletons id-getter-5.html opt e10s fission stylo webrender,4767299,77,ms,firefox,444040650.0,1829482981,2024-01-21 00:59:25,496.71,4f4fa003a90f9d818ecfa36474300a11af18be25,1363463,,,,,,,,,,,,,,,,,,,,,,,,,,,,,,,,,,,,,,,,,,,,,,,,,,,,,,,,,,,,,TN,TN
autoland,4767314,1,247a31fb40b3ac0b152bd3554743d742a3892fe3,linux1804-64-shippable-qr,True,False,,,102210fe594ee9b33d82058545b1ed14f4c8206e,id-getter-5.html,perf_reftest_singletons,True,perf_reftest_singletons id-getter-5.html opt e10s fission stylo webrender,4767299,77,ms,firefox,444067926.0,1829570245,2024-01-21 14:36:57,489.75,0361c1f29babcfb2f10e1646dffe72cd452a3df4,1363517,,,,,,,,,,,,,,,,,,,,,,,,,,,,,,,,,,,,,,,,,,,,,,,,,,,,,,,,,,,,,TN,TN
autoland,4767314,1,247a31fb40b3ac0b152bd3554743d742a3892fe3,linux1804-64-shippable-qr,True,False,,,102210fe594ee9b33d82058545b1ed14f4c8206e,id-getter-5.html,perf_reftest_singletons,True,perf_reftest_singletons id-getter-5.html opt e10s fission stylo webrender,4767299,77,ms,firefox,444097466.0,1829697203,2024-01-22 07:43:27,480.09,6b4a069fe37d2413229dda3b61ccaf7b8f3a5f5d,1363663,,,,,,,,,,,,,,,,,,,,,,,,,,,,,,,,,,,,,,,,,,,,,,,,,,,,,,,,,,,,,TN,TN
autoland,4767314,1,247a31fb40b3ac0b152bd3554743d742a3892fe3,linux1804-64-shippable-qr,True,False,,,102210fe594ee9b33d82058545b1ed14f4c8206e,id-getter-5.html,perf_reftest_singletons,True,perf_reftest_singletons id-getter-5.html opt e10s fission stylo webrender,4767299,77,ms,firefox,444122096.0,1829782551,2024-01-22 10:58:56,497.74,095c9da9e10fc012c2e6a7d929fdcc7c03d09373,1363731,,,,,,,,,,,,,,,,,,,,,,,,,,,,,,,,,,,,,,,,,,,,,,,,,,,,,,,,,,,,,TN,TN
autoland,4767314,1,247a31fb40b3ac0b152bd3554743d742a3892fe3,linux1804-64-shippable-qr,True,False,,,102210fe594ee9b33d82058545b1ed14f4c8206e,id-getter-5.html,perf_reftest_singletons,True,perf_reftest_singletons id-getter-5.html opt e10s fission stylo webrender,4767299,77,ms,firefox,444162468.0,1829937381,2024-01-22 15:24:53,306.14,58cedc1e4ff28881f9ebd1749feaa24edbded9ce,1363894,,,,,,,,,,,,,,,,,,,,,,,,,,,,,,,,,,,,,,,,,,,,,,,,,,,,,,,,,,,,,TN,TN
autoland,4767314,1,247a31fb40b3ac0b152bd3554743d742a3892fe3,linux1804-64-shippable-qr,True,False,,,102210fe594ee9b33d82058545b1ed14f4c8206e,id-getter-5.html,perf_reftest_singletons,True,perf_reftest_singletons id-getter-5.html opt e10s fission stylo webrender,4767299,77,ms,firefox,444167614.0,1830017837,2024-01-22 15:55:20,490.64,82dfbdd770bc54674f82bae256dae683772884af,1363920,,,,,,,,,,,,,,,,,,,,,,,,,,,,,,,,,,,,,,,,,,,,,,,,,,,,,,,,,,,,,TN,TN
autoland,4767314,1,247a31fb40b3ac0b152bd3554743d742a3892fe3,linux1804-64-shippable-qr,True,False,,,102210fe594ee9b33d82058545b1ed14f4c8206e,id-getter-5.html,perf_reftest_singletons,True,perf_reftest_singletons id-getter-5.html opt e10s fission stylo webrender,4767299,77,ms,firefox,444198050.0,1830097784,2024-01-22 18:55:34,493.6,ef71d190cd57de7a178f312b29fc104e6e3e98d4,1364078,,,,,,,,,,,,,,,,,,,,,,,,,,,,,,,,,,,,,,,,,,,,,,,,,,,,,,,,,,,,,TN,TN
autoland,4767314,1,247a31fb40b3ac0b152bd3554743d742a3892fe3,linux1804-64-shippable-qr,True,False,,,102210fe594ee9b33d82058545b1ed14f4c8206e,id-getter-5.html,perf_reftest_singletons,True,perf_reftest_singletons id-getter-5.html opt e10s fission stylo webrender,4767299,77,ms,firefox,444240639.0,1830274847,2024-01-22 22:04:08,485.53,06bafd5cf7f34e757edddf2def6a98003c6b1643,1364244,,,,,,,,,,,,,,,,,,,,,,,,,,,,,,,,,,,,,,,,,,,,,,,,,,,,,,,,,,,,,TN,TN
autoland,4767314,1,247a31fb40b3ac0b152bd3554743d742a3892fe3,linux1804-64-shippable-qr,True,False,,,102210fe594ee9b33d82058545b1ed14f4c8206e,id-getter-5.html,perf_reftest_singletons,True,perf_reftest_singletons id-getter-5.html opt e10s fission stylo webrender,4767299,77,ms,firefox,444244544.0,1830304836,2024-01-23 00:22:14,494.5700000000001,43fa5aa71c8c00288a4fe686f0e4bf72e2f5f28d,1364332,,,,,,,,,,,,,,,,,,,,,,,,,,,,,,,,,,,,,,,,,,,,,,,,,,,,,,,,,,,,,TN,TN
autoland,4767314,1,247a31fb40b3ac0b152bd3554743d742a3892fe3,linux1804-64-shippable-qr,True,False,,,102210fe594ee9b33d82058545b1ed14f4c8206e,id-getter-5.html,perf_reftest_singletons,True,perf_reftest_singletons id-getter-5.html opt e10s fission stylo webrender,4767299,77,ms,firefox,444259958.0,1830395074,2024-01-23 05:54:31,493.3,fcdb6404eb0234c50bf85922bacad525da6851d5,1364408,,,,,,,,,,,,,,,,,,,,,,,,,,,,,,,,,,,,,,,,,,,,,,,,,,,,,,,,,,,,,TN,TN
autoland,4767314,1,247a31fb40b3ac0b152bd3554743d742a3892fe3,linux1804-64-shippable-qr,True,False,,,102210fe594ee9b33d82058545b1ed14f4c8206e,id-getter-5.html,perf_reftest_singletons,True,perf_reftest_singletons id-getter-5.html opt e10s fission stylo webrender,4767299,77,ms,firefox,444307656.0,1830589345,2024-01-23 14:14:29,492.04,296f1b67a4750aa2166832b5b9d8ba0eee6fe635,1364570,,,,,,,,,,,,,,,,,,,,,,,,,,,,,,,,,,,,,,,,,,,,,,,,,,,,,,,,,,,,,TN,TN
autoland,4767314,1,247a31fb40b3ac0b152bd3554743d742a3892fe3,linux1804-64-shippable-qr,True,False,,,102210fe594ee9b33d82058545b1ed14f4c8206e,id-getter-5.html,perf_reftest_singletons,True,perf_reftest_singletons id-getter-5.html opt e10s fission stylo webrender,4767299,77,ms,firefox,444329147.0,1830744586,2024-01-23 14:50:16,503.74,f3efca74da0f43269bd8ac07e2a5d27e89c4d7c3,1364607,,,,,,,,,,,,,,,,,,,,,,,,,,,,,,,,,,,,,,,,,,,,,,,,,,,,,,,,,,,,,TN,TN
autoland,4767314,1,247a31fb40b3ac0b152bd3554743d742a3892fe3,linux1804-64-shippable-qr,True,False,,,102210fe594ee9b33d82058545b1ed14f4c8206e,id-getter-5.html,perf_reftest_singletons,True,perf_reftest_singletons id-getter-5.html opt e10s fission stylo webrender,4767299,77,ms,firefox,444324821.0,1830690216,2024-01-23 16:09:55,485.84,936300bf2ee78e086143fb3718e2c0af755385b0,1364702,,,,,,,,,,,,,,,,,,,,,,,,,,,,,,,,,,,,,,,,,,,,,,,,,,,,,,,,,,,,,TN,TN
autoland,4767314,1,247a31fb40b3ac0b152bd3554743d742a3892fe3,linux1804-64-shippable-qr,True,False,,,102210fe594ee9b33d82058545b1ed14f4c8206e,id-getter-5.html,perf_reftest_singletons,True,perf_reftest_singletons id-getter-5.html opt e10s fission stylo webrender,4767299,77,ms,firefox,444341667.0,1830828203,2024-01-23 19:03:54,496.53,ec71bc6778c4bdb9b4a93283fc0a3d3f302eb89e,1364834,,,,,,,,,,,,,,,,,,,,,,,,,,,,,,,,,,,,,,,,,,,,,,,,,,,,,,,,,,,,,TN,TN
autoland,4767314,1,247a31fb40b3ac0b152bd3554743d742a3892fe3,linux1804-64-shippable-qr,True,False,,,102210fe594ee9b33d82058545b1ed14f4c8206e,id-getter-5.html,perf_reftest_singletons,True,perf_reftest_singletons id-getter-5.html opt e10s fission stylo webrender,4767299,77,ms,firefox,444372347.0,1830995483,2024-01-23 22:21:15,495.57,25e5c4ea04b149ffa31cda5c4d75559df5369612,1365024,,,,,,,,,,,,,,,,,,,,,,,,,,,,,,,,,,,,,,,,,,,,,,,,,,,,,,,,,,,,,TN,TN
autoland,4767314,1,247a31fb40b3ac0b152bd3554743d742a3892fe3,linux1804-64-shippable-qr,True,False,,,102210fe594ee9b33d82058545b1ed14f4c8206e,id-getter-5.html,perf_reftest_singletons,True,perf_reftest_singletons id-getter-5.html opt e10s fission stylo webrender,4767299,77,ms,firefox,444388992.0,1831051275,2024-01-24 02:38:58,491.41,a0389da68b91e5a92b02ccd9e65991bffb5d5771,1365197,,,,,,,,,,,,,,,,,,,,,,,,,,,,,,,,,,,,,,,,,,,,,,,,,,,,,,,,,,,,,TN,TN
autoland,4767314,1,247a31fb40b3ac0b152bd3554743d742a3892fe3,linux1804-64-shippable-qr,True,False,,,102210fe594ee9b33d82058545b1ed14f4c8206e,id-getter-5.html,perf_reftest_singletons,True,perf_reftest_singletons id-getter-5.html opt e10s fission stylo webrender,4767299,77,ms,firefox,444404912.0,1831140976,2024-01-24 06:43:12,495.97,eed6f8e8fe3af01f49be74cc1be72d51e5a0933f,1365260,,,,,,,,,,,,,,,,,,,,,,,,,,,,,,,,,,,,,,,,,,,,,,,,,,,,,,,,,,,,,TN,TN
autoland,4767314,1,247a31fb40b3ac0b152bd3554743d742a3892fe3,linux1804-64-shippable-qr,True,False,,,102210fe594ee9b33d82058545b1ed14f4c8206e,id-getter-5.html,perf_reftest_singletons,True,perf_reftest_singletons id-getter-5.html opt e10s fission stylo webrender,4767299,77,ms,firefox,444405719.0,1831154117,2024-01-24 06:57:11,509.88,7079db6b8da9081aee6b0ce96b68f368efec3277,1365262,,,,,,,,,,,,,,,,,,,,,,,,,,,,,,,,,,,,,,,,,,,,,,,,,,,,,,,,,,,,,TN,TN
autoland,4767314,1,247a31fb40b3ac0b152bd3554743d742a3892fe3,linux1804-64-shippable-qr,True,False,,,102210fe594ee9b33d82058545b1ed14f4c8206e,id-getter-5.html,perf_reftest_singletons,True,perf_reftest_singletons id-getter-5.html opt e10s fission stylo webrender,4767299,77,ms,firefox,444452756.0,1831351193,2024-01-24 11:40:35,495.5,ce20634f32a1b78384fbbc028b4f86266056e7fb,1365369,,,,,,,,,,,,,,,,,,,,,,,,,,,,,,,,,,,,,,,,,,,,,,,,,,,,,,,,,,,,,TN,TN
autoland,4767314,1,247a31fb40b3ac0b152bd3554743d742a3892fe3,linux1804-64-shippable-qr,True,False,,,102210fe594ee9b33d82058545b1ed14f4c8206e,id-getter-5.html,perf_reftest_singletons,True,perf_reftest_singletons id-getter-5.html opt e10s fission stylo webrender,4767299,77,ms,firefox,444486536.0,1831499147,2024-01-24 16:03:05,500.47,150dd33322ea6d34c4829f8e67efe7e37be8c48e,1365533,,,,,,,,,,,,,,,,,,,,,,,,,,,,,,,,,,,,,,,,,,,,,,,,,,,,,,,,,,,,,TN,TN
autoland,4767314,1,247a31fb40b3ac0b152bd3554743d742a3892fe3,linux1804-64-shippable-qr,True,False,,,102210fe594ee9b33d82058545b1ed14f4c8206e,id-getter-5.html,perf_reftest_singletons,True,perf_reftest_singletons id-getter-5.html opt e10s fission stylo webrender,4767299,77,ms,firefox,444503827.0,1831584799,2024-01-24 18:01:21,508.47,e22428605dbb49942204564b03db80f474ea35ba,1365677,,,,,,,,,,,,,,,,,,,,,,,,,,,,,,,,,,,,,,,,,,,,,,,,,,,,,,,,,,,,,TN,TN
autoland,4767314,1,247a31fb40b3ac0b152bd3554743d742a3892fe3,linux1804-64-shippable-qr,True,False,,,102210fe594ee9b33d82058545b1ed14f4c8206e,id-getter-5.html,perf_reftest_singletons,True,perf_reftest_singletons id-getter-5.html opt e10s fission stylo webrender,4767299,77,ms,firefox,444529118.0,1831722661,2024-01-24 22:08:16,489.17,b8b82bd9546fe4e63cd5e9d29248d87665c548b8,1365907,,,,,,,,,,,,,,,,,,,,,,,,,,,,,,,,,,,,,,,,,,,,,,,,,,,,,,,,,,,,,TN,TN
autoland,4767314,1,247a31fb40b3ac0b152bd3554743d742a3892fe3,linux1804-64-shippable-qr,True,False,,,102210fe594ee9b33d82058545b1ed14f4c8206e,id-getter-5.html,perf_reftest_singletons,True,perf_reftest_singletons id-getter-5.html opt e10s fission stylo webrender,4767299,77,ms,firefox,444547438.0,1831826471,2024-01-25 05:05:51,498.38,ce5606473bf95f0899f69034525766ca9d0ed749,1366048,,,,,,,,,,,,,,,,,,,,,,,,,,,,,,,,,,,,,,,,,,,,,,,,,,,,,,,,,,,,,TN,TN
autoland,4767314,1,247a31fb40b3ac0b152bd3554743d742a3892fe3,linux1804-64-shippable-qr,True,False,,,102210fe594ee9b33d82058545b1ed14f4c8206e,id-getter-5.html,perf_reftest_singletons,True,perf_reftest_singletons id-getter-5.html opt e10s fission stylo webrender,4767299,77,ms,firefox,444568592.0,1831911020,2024-01-25 07:56:38,499.43000000000006,c0289f78466cf0bf8a6871ef3417c180aab77e07,1366087,,,,,,,,,,,,,,,,,,,,,,,,,,,,,,,,,,,,,,,,,,,,,,,,,,,,,,,,,,,,,TN,TN
autoland,4767314,1,247a31fb40b3ac0b152bd3554743d742a3892fe3,linux1804-64-shippable-qr,True,False,,,102210fe594ee9b33d82058545b1ed14f4c8206e,id-getter-5.html,perf_reftest_singletons,True,perf_reftest_singletons id-getter-5.html opt e10s fission stylo webrender,4767299,77,ms,firefox,444596452.0,1832029474,2024-01-25 12:05:33,489.51,c746000752516a4b8ede1f6a5c7b2f4be12a33d7,1366202,,,,,,,,,,,,,,,,,,,,,,,,,,,,,,,,,,,,,,,,,,,,,,,,,,,,,,,,,,,,,TN,TN
autoland,4767314,1,247a31fb40b3ac0b152bd3554743d742a3892fe3,linux1804-64-shippable-qr,True,False,,,102210fe594ee9b33d82058545b1ed14f4c8206e,id-getter-5.html,perf_reftest_singletons,True,perf_reftest_singletons id-getter-5.html opt e10s fission stylo webrender,4767299,77,ms,firefox,444618869.0,1832148753,2024-01-25 15:26:29,482.45,34f197ce93a24d93523617eba67ecee2e990c37c,1366326,,,,,,,,,,,,,,,,,,,,,,,,,,,,,,,,,,,,,,,,,,,,,,,,,,,,,,,,,,,,,TN,TN
autoland,4767314,1,247a31fb40b3ac0b152bd3554743d742a3892fe3,linux1804-64-shippable-qr,True,False,,,102210fe594ee9b33d82058545b1ed14f4c8206e,id-getter-5.html,perf_reftest_singletons,True,perf_reftest_singletons id-getter-5.html opt e10s fission stylo webrender,4767299,77,ms,firefox,444650558.0,1832336693,2024-01-25 20:50:47,496.2000000000001,dd2a416c0c76b4cc9f6161d6be89aa7356e4eae5,1366563,,,,,,,,,,,,,,,,,,,,,,,,,,,,,,,,,,,,,,,,,,,,,,,,,,,,,,,,,,,,,TN,TN
autoland,4767314,1,247a31fb40b3ac0b152bd3554743d742a3892fe3,linux1804-64-shippable-qr,True,False,,,102210fe594ee9b33d82058545b1ed14f4c8206e,id-getter-5.html,perf_reftest_singletons,True,perf_reftest_singletons id-getter-5.html opt e10s fission stylo webrender,4767299,77,ms,firefox,444650141.0,1832322909,2024-01-25 20:51:29,490.81,5da1e842ef70c74d8ed72128e460f75b633fae95,1366564,,,,,,,,,,,,,,,,,,,,,,,,,,,,,,,,,,,,,,,,,,,,,,,,,,,,,,,,,,,,,TN,TN
autoland,4767314,1,247a31fb40b3ac0b152bd3554743d742a3892fe3,linux1804-64-shippable-qr,True,False,,,102210fe594ee9b33d82058545b1ed14f4c8206e,id-getter-5.html,perf_reftest_singletons,True,perf_reftest_singletons id-getter-5.html opt e10s fission stylo webrender,4767299,77,ms,firefox,444688105.0,1832511341,2024-01-26 03:41:27,497.27,a412d893c38f632f34b44a9c5b3fd8cc30bb87be,1366751,,,,,,,,,,,,,,,,,,,,,,,,,,,,,,,,,,,,,,,,,,,,,,,,,,,,,,,,,,,,,TN,TN
autoland,4767314,1,247a31fb40b3ac0b152bd3554743d742a3892fe3,linux1804-64-shippable-qr,True,False,,,102210fe594ee9b33d82058545b1ed14f4c8206e,id-getter-5.html,perf_reftest_singletons,True,perf_reftest_singletons id-getter-5.html opt e10s fission stylo webrender,4767299,77,ms,firefox,444740149.0,1832698665,2024-01-26 11:04:34,498.1,18f5823716e4c35d7c899d2ce4be7fcd66cab9d0,1366921,,,,,,,,,,,,,,,,,,,,,,,,,,,,,,,,,,,,,,,,,,,,,,,,,,,,,,,,,,,,,TN,TN
autoland,4767314,1,247a31fb40b3ac0b152bd3554743d742a3892fe3,linux1804-64-shippable-qr,True,False,,,102210fe594ee9b33d82058545b1ed14f4c8206e,id-getter-5.html,perf_reftest_singletons,True,perf_reftest_singletons id-getter-5.html opt e10s fission stylo webrender,4767299,77,ms,firefox,444785398.0,1832948612,2024-01-26 15:49:43,495.28,19005661ad786853d186a7d3434e6c290bccaa95,1367044,,,,,,,,,,,,,,,,,,,,,,,,,,,,,,,,,,,,,,,,,,,,,,,,,,,,,,,,,,,,,TN,TN
autoland,4767314,1,247a31fb40b3ac0b152bd3554743d742a3892fe3,linux1804-64-shippable-qr,True,False,,,102210fe594ee9b33d82058545b1ed14f4c8206e,id-getter-5.html,perf_reftest_singletons,True,perf_reftest_singletons id-getter-5.html opt e10s fission stylo webrender,4767299,77,ms,firefox,444785064.0,1832938139,2024-01-26 15:52:38,500.7,4641c3dcf0c3cfbdc8976f2fcc6898107149e19e,1367050,,,,,,,,,,,,,,,,,,,,,,,,,,,,,,,,,,,,,,,,,,,,,,,,,,,,,,,,,,,,,TN,TN
autoland,4767314,1,247a31fb40b3ac0b152bd3554743d742a3892fe3,linux1804-64-shippable-qr,True,False,,,102210fe594ee9b33d82058545b1ed14f4c8206e,id-getter-5.html,perf_reftest_singletons,True,perf_reftest_singletons id-getter-5.html opt e10s fission stylo webrender,4767299,77,ms,firefox,444810665.0,1833084870,2024-01-26 20:02:47,505.09,38fb47dac16804e3d5c8211277f084198e43de88,1367207,,,,,,,,,,,,,,,,,,,,,,,,,,,,,,,,,,,,,,,,,,,,,,,,,,,,,,,,,,,,,TN,TN
autoland,4767314,1,247a31fb40b3ac0b152bd3554743d742a3892fe3,linux1804-64-shippable-qr,True,False,,,102210fe594ee9b33d82058545b1ed14f4c8206e,id-getter-5.html,perf_reftest_singletons,True,perf_reftest_singletons id-getter-5.html opt e10s fission stylo webrender,4767299,77,ms,firefox,444816568.0,1833137766,2024-01-26 20:05:08,543.3499999999999,ac4906fa040ce76ad5ea8f73caf83045f291b613,1367213,,,,,,,,,,,,,,,,,,,,,,,,,,,,,,,,,,,,,,,,,,,,,,,,,,,,,,,,,,,,,TN,TN
autoland,4767314,1,247a31fb40b3ac0b152bd3554743d742a3892fe3,linux1804-64-shippable-qr,True,False,,,102210fe594ee9b33d82058545b1ed14f4c8206e,id-getter-5.html,perf_reftest_singletons,True,perf_reftest_singletons id-getter-5.html opt e10s fission stylo webrender,4767299,77,ms,firefox,444835108.0,1833230740,2024-01-27 00:32:58,491.56,99babcb9f349f4d91fe26290269d9d25fc1bbd04,1367362,,,,,,,,,,,,,,,,,,,,,,,,,,,,,,,,,,,,,,,,,,,,,,,,,,,,,,,,,,,,,TN,TN
autoland,4767314,1,247a31fb40b3ac0b152bd3554743d742a3892fe3,linux1804-64-shippable-qr,True,False,,,102210fe594ee9b33d82058545b1ed14f4c8206e,id-getter-5.html,perf_reftest_singletons,True,perf_reftest_singletons id-getter-5.html opt e10s fission stylo webrender,4767299,77,ms,firefox,444846549.0,1833395233,2024-01-27 06:05:38,491.44,1e79d9e65ec0577bb7d698c86edc6f35b4f92ce8,1367422,,,,,,,,,,,,,,,,,,,,,,,,,,,,,,,,,,,,,,,,,,,,,,,,,,,,,,,,,,,,,TN,TN
autoland,4767314,1,247a31fb40b3ac0b152bd3554743d742a3892fe3,linux1804-64-shippable-qr,True,False,,,102210fe594ee9b33d82058545b1ed14f4c8206e,id-getter-5.html,perf_reftest_singletons,True,perf_reftest_singletons id-getter-5.html opt e10s fission stylo webrender,4767299,77,ms,firefox,444879287.0,1833583607,2024-01-27 14:01:44,495.36,09a1abcfcfb73aa1ae9781d2816102729c0f82a6,1367473,,,,,,,,,,,,,,,,,,,,,,,,,,,,,,,,,,,,,,,,,,,,,,,,,,,,,,,,,,,,,TN,TN
autoland,4767314,1,247a31fb40b3ac0b152bd3554743d742a3892fe3,linux1804-64-shippable-qr,True,False,,,102210fe594ee9b33d82058545b1ed14f4c8206e,id-getter-5.html,perf_reftest_singletons,True,perf_reftest_singletons id-getter-5.html opt e10s fission stylo webrender,4767299,77,ms,firefox,444900123.0,1833725337,2024-01-28 01:17:56,518.56,2e376c0d1662606cf6811ab3ff138b784d465291,1367530,,,,,,,,,,,,,,,,,,,,,,,,,,,,,,,,,,,,,,,,,,,,,,,,,,,,,,,,,,,,,TN,TN
autoland,4767314,1,247a31fb40b3ac0b152bd3554743d742a3892fe3,linux1804-64-shippable-qr,True,False,,,102210fe594ee9b33d82058545b1ed14f4c8206e,id-getter-5.html,perf_reftest_singletons,True,perf_reftest_singletons id-getter-5.html opt e10s fission stylo webrender,4767299,77,ms,firefox,444904701.0,1833759228,2024-01-28 06:00:30,564.9499999999999,0f372a16b1e1e959f46701e4210f6a6eaf4e40ec,1367545,,,,,,,,,,,,,,,,,,,,,,,,,,,,,,,,,,,,,,,,,,,,,,,,,,,,,,,,,,,,,TN,TN
autoland,4767314,1,247a31fb40b3ac0b152bd3554743d742a3892fe3,linux1804-64-shippable-qr,True,False,,,102210fe594ee9b33d82058545b1ed14f4c8206e,id-getter-5.html,perf_reftest_singletons,True,perf_reftest_singletons id-getter-5.html opt e10s fission stylo webrender,4767299,77,ms,firefox,444928192.0,1833892912,2024-01-28 10:01:02,493.69000000000005,9b32d8116833ab08f4e3f0b18c12587ac1f9360b,1367556,,,,,,,,,,,,,,,,,,,,,,,,,,,,,,,,,,,,,,,,,,,,,,,,,,,,,,,,,,,,,TN,TN
autoland,4767314,1,247a31fb40b3ac0b152bd3554743d742a3892fe3,linux1804-64-shippable-qr,True,False,,,102210fe594ee9b33d82058545b1ed14f4c8206e,id-getter-5.html,perf_reftest_singletons,True,perf_reftest_singletons id-getter-5.html opt e10s fission stylo webrender,4767299,77,ms,firefox,444946017.0,1833969028,2024-01-28 14:31:15,494.5,13780f5cb2f5d698f35a23f2fafa1593ef7affe9,1367584,,,,,,,,,,,,,,,,,,,,,,,,,,,,,,,,,,,,,,,,,,,,,,,,,,,,,,,,,,,,,TN,TN
autoland,4767314,1,247a31fb40b3ac0b152bd3554743d742a3892fe3,linux1804-64-shippable-qr,True,False,,,102210fe594ee9b33d82058545b1ed14f4c8206e,id-getter-5.html,perf_reftest_singletons,True,perf_reftest_singletons id-getter-5.html opt e10s fission stylo webrender,4767299,77,ms,firefox,444970310.0,1834104356,2024-01-29 01:40:26,487.8200000000001,852acff05fb8be21502af8fc12cceeb2baa70dd7,1367631,,,,,,,,,,,,,,,,,,,,,,,,,,,,,,,,,,,,,,,,,,,,,,,,,,,,,,,,,,,,,TN,TN
autoland,4767314,1,247a31fb40b3ac0b152bd3554743d742a3892fe3,linux1804-64-shippable-qr,True,False,,,102210fe594ee9b33d82058545b1ed14f4c8206e,id-getter-5.html,perf_reftest_singletons,True,perf_reftest_singletons id-getter-5.html opt e10s fission stylo webrender,4767299,77,ms,firefox,445008154.0,1834274543,2024-01-29 10:50:01,506.51,fce9e73861891da48d1a0b85240491fa3e042f8b,1367743,,,,,,,,,,,,,,,,,,,,,,,,,,,,,,,,,,,,,,,,,,,,,,,,,,,,,,,,,,,,,TN,TN
autoland,4767314,1,247a31fb40b3ac0b152bd3554743d742a3892fe3,linux1804-64-shippable-qr,True,False,,,102210fe594ee9b33d82058545b1ed14f4c8206e,id-getter-5.html,perf_reftest_singletons,True,perf_reftest_singletons id-getter-5.html opt e10s fission stylo webrender,4767299,77,ms,firefox,445062282.0,1834519128,2024-01-29 14:53:09,483.24,97de3c8a7931e01c1a1c1cf6ac90a580607b77c9,1367876,,,,,,,,,,,,,,,,,,,,,,,,,,,,,,,,,,,,,,,,,,,,,,,,,,,,,,,,,,,,,TN,TN
autoland,4767314,1,247a31fb40b3ac0b152bd3554743d742a3892fe3,linux1804-64-shippable-qr,True,False,,,102210fe594ee9b33d82058545b1ed14f4c8206e,id-getter-5.html,perf_reftest_singletons,True,perf_reftest_singletons id-getter-5.html opt e10s fission stylo webrender,4767299,77,ms,firefox,445044076.0,1834417196,2024-01-29 14:59:33,496.74,8e91f5176c0f6e1689a893ed34d5046dbbd1122e,1367883,,,,,,,,,,,,,,,,,,,,,,,,,,,,,,,,,,,,,,,,,,,,,,,,,,,,,,,,,,,,,TN,TN
autoland,4767314,1,247a31fb40b3ac0b152bd3554743d742a3892fe3,linux1804-64-shippable-qr,True,False,,,102210fe594ee9b33d82058545b1ed14f4c8206e,id-getter-5.html,perf_reftest_singletons,True,perf_reftest_singletons id-getter-5.html opt e10s fission stylo webrender,4767299,77,ms,firefox,445074001.0,1834556815,2024-01-29 17:46:45,486.47,8913eab3409d19e1cf1a2c19f256256c293b3154,1368035,,,,,,,,,,,,,,,,,,,,,,,,,,,,,,,,,,,,,,,,,,,,,,,,,,,,,,,,,,,,,TN,TN
autoland,4767314,1,247a31fb40b3ac0b152bd3554743d742a3892fe3,linux1804-64-shippable-qr,True,False,,,102210fe594ee9b33d82058545b1ed14f4c8206e,id-getter-5.html,perf_reftest_singletons,True,perf_reftest_singletons id-getter-5.html opt e10s fission stylo webrender,4767299,77,ms,firefox,445099540.0,1834685468,2024-01-29 21:21:15,495.32,57a27d8b6d2a7f1f5c1ec710e4a09422fb9c05e1,1368229,,,,,,,,,,,,,,,,,,,,,,,,,,,,,,,,,,,,,,,,,,,,,,,,,,,,,,,,,,,,,TN,TN
autoland,4767314,1,247a31fb40b3ac0b152bd3554743d742a3892fe3,linux1804-64-shippable-qr,True,False,,,102210fe594ee9b33d82058545b1ed14f4c8206e,id-getter-5.html,perf_reftest_singletons,True,perf_reftest_singletons id-getter-5.html opt e10s fission stylo webrender,4767299,77,ms,firefox,445115207.0,1834752276,2024-01-30 01:21:53,487.75,265910d5bfe79cc856e1c18d9e403fed38ee5a79,1368286,,,,,,,,,,,,,,,,,,,,,,,,,,,,,,,,,,,,,,,,,,,,,,,,,,,,,,,,,,,,,TN,TN
autoland,4767314,1,247a31fb40b3ac0b152bd3554743d742a3892fe3,linux1804-64-shippable-qr,True,False,,,102210fe594ee9b33d82058545b1ed14f4c8206e,id-getter-5.html,perf_reftest_singletons,True,perf_reftest_singletons id-getter-5.html opt e10s fission stylo webrender,4767299,77,ms,firefox,445188729.0,1835388690,2024-01-30 13:09:07,507.79,a9528d76a91bc50db12b4a18830536bb25a6e378,1368599,,,,,,,,,,,,,,,,,,,,,,,,,,,,,,,,,,,,,,,,,,,,,,,,,,,,,,,,,,,,,TN,TN
autoland,4767314,1,247a31fb40b3ac0b152bd3554743d742a3892fe3,linux1804-64-shippable-qr,True,False,,,102210fe594ee9b33d82058545b1ed14f4c8206e,id-getter-5.html,perf_reftest_singletons,True,perf_reftest_singletons id-getter-5.html opt e10s fission stylo webrender,4767299,77,ms,firefox,445185963.0,1835247932,2024-01-30 13:14:31,481.04,91338712d82fcf42896cfc451e6341a5b95963b8,1368603,,,,,,,,,,,,,,,,,,,,,,,,,,,,,,,,,,,,,,,,,,,,,,,,,,,,,,,,,,,,,TN,TN
autoland,4767314,1,247a31fb40b3ac0b152bd3554743d742a3892fe3,linux1804-64-shippable-qr,True,False,,,102210fe594ee9b33d82058545b1ed14f4c8206e,id-getter-5.html,perf_reftest_singletons,True,perf_reftest_singletons id-getter-5.html opt e10s fission stylo webrender,4767299,77,ms,firefox,445201174.0,1835459276,2024-01-30 14:29:15,492.06,1ac69623ae79a621c0035377f0841b1ba83070c1,1368655,,,,,,,,,,,,,,,,,,,,,,,,,,,,,,,,,,,,,,,,,,,,,,,,,,,,,,,,,,,,,TN,TN
autoland,4767314,1,247a31fb40b3ac0b152bd3554743d742a3892fe3,linux1804-64-shippable-qr,True,False,,,102210fe594ee9b33d82058545b1ed14f4c8206e,id-getter-5.html,perf_reftest_singletons,True,perf_reftest_singletons id-getter-5.html opt e10s fission stylo webrender,4767299,77,ms,firefox,445237455.0,1835506982,2024-01-30 18:56:21,504.03,a3dd43748dcdec6a27a5c140bfd611d463cd9acf,1368858,,,,,,,,,,,,,,,,,,,,,,,,,,,,,,,,,,,,,,,,,,,,,,,,,,,,,,,,,,,,,TN,TN
autoland,4767314,1,247a31fb40b3ac0b152bd3554743d742a3892fe3,linux1804-64-shippable-qr,True,False,,,102210fe594ee9b33d82058545b1ed14f4c8206e,id-getter-5.html,perf_reftest_singletons,True,perf_reftest_singletons id-getter-5.html opt e10s fission stylo webrender,4767299,77,ms,firefox,445248589.0,1835530542,2024-01-30 20:08:25,499.47,06b0ce1a9748e18deb48466efed01c1f5a8ff984,1368918,,,,,,,,,,,,,,,,,,,,,,,,,,,,,,,,,,,,,,,,,,,,,,,,,,,,,,,,,,,,,TN,TN
autoland,4767314,1,247a31fb40b3ac0b152bd3554743d742a3892fe3,linux1804-64-shippable-qr,True,False,,,102210fe594ee9b33d82058545b1ed14f4c8206e,id-getter-5.html,perf_reftest_singletons,True,perf_reftest_singletons id-getter-5.html opt e10s fission stylo webrender,4767299,77,ms,firefox,445280313.0,1835709320,2024-01-31 00:31:01,503.92,e35109546c3cb0f5957a604c27f5f1dd2b7f81c0,1369086,,,,,,,,,,,,,,,,,,,,,,,,,,,,,,,,,,,,,,,,,,,,,,,,,,,,,,,,,,,,,TN,TN
autoland,4767314,1,247a31fb40b3ac0b152bd3554743d742a3892fe3,linux1804-64-shippable-qr,True,False,,,102210fe594ee9b33d82058545b1ed14f4c8206e,id-getter-5.html,perf_reftest_singletons,True,perf_reftest_singletons id-getter-5.html opt e10s fission stylo webrender,4767299,77,ms,firefox,445276819.0,1835659252,2024-01-31 00:32:30,493.65,2cac2f68bfdcfc9012c537044bc475f076bda7b0,1369088,,,,,,,,,,,,,,,,,,,,,,,,,,,,,,,,,,,,,,,,,,,,,,,,,,,,,,,,,,,,,TN,TN
autoland,4767314,1,247a31fb40b3ac0b152bd3554743d742a3892fe3,linux1804-64-shippable-qr,True,False,,,102210fe594ee9b33d82058545b1ed14f4c8206e,id-getter-5.html,perf_reftest_singletons,True,perf_reftest_singletons id-getter-5.html opt e10s fission stylo webrender,4767299,77,ms,firefox,445293621.0,1835855426,2024-01-31 05:59:52,500.77,5f6f60ae2125dc46d98b4b9276bce2d562d1f1bf,1369182,,,,,,,,,,,,,,,,,,,,,,,,,,,,,,,,,,,,,,,,,,,,,,,,,,,,,,,,,,,,,TN,TN
autoland,4767314,1,247a31fb40b3ac0b152bd3554743d742a3892fe3,linux1804-64-shippable-qr,True,False,,,102210fe594ee9b33d82058545b1ed14f4c8206e,id-getter-5.html,perf_reftest_singletons,True,perf_reftest_singletons id-getter-5.html opt e10s fission stylo webrender,4767299,77,ms,firefox,445320534.0,1835966340,2024-01-31 10:01:40,482.85,201f8fe705d53181047778d1c0722017bab79e95,1369265,,,,,,,,,,,,,,,,,,,,,,,,,,,,,,,,,,,,,,,,,,,,,,,,,,,,,,,,,,,,,TN,TN
autoland,4767314,1,247a31fb40b3ac0b152bd3554743d742a3892fe3,linux1804-64-shippable-qr,True,False,,,102210fe594ee9b33d82058545b1ed14f4c8206e,id-getter-5.html,perf_reftest_singletons,True,perf_reftest_singletons id-getter-5.html opt e10s fission stylo webrender,4767299,77,ms,firefox,445346845.0,1836025862,2024-01-31 13:01:30,497.29,5e52e144df4112277cfdda903747f83f1f147385,1369309,,,,,,,,,,,,,,,,,,,,,,,,,,,,,,,,,,,,,,,,,,,,,,,,,,,,,,,,,,,,,TN,TN
autoland,4767314,1,247a31fb40b3ac0b152bd3554743d742a3892fe3,linux1804-64-shippable-qr,True,False,,,102210fe594ee9b33d82058545b1ed14f4c8206e,id-getter-5.html,perf_reftest_singletons,True,perf_reftest_singletons id-getter-5.html opt e10s fission stylo webrender,4767299,77,ms,firefox,445386894.0,1836158428,2024-01-31 17:27:18,498.55,a0bd6c4162065e8caa2b60ce8082f77d53221fb7,1369495,,,,,,,,,,,,,,,,,,,,,,,,,,,,,,,,,,,,,,,,,,,,,,,,,,,,,,,,,,,,,TN,TN
autoland,4767314,1,247a31fb40b3ac0b152bd3554743d742a3892fe3,linux1804-64-shippable-qr,True,False,,,102210fe594ee9b33d82058545b1ed14f4c8206e,id-getter-5.html,perf_reftest_singletons,True,perf_reftest_singletons id-getter-5.html opt e10s fission stylo webrender,4767299,77,ms,firefox,445398383.0,1836233387,2024-01-31 18:39:44,483.65,6bfab7427c326136417b187f0df7a7c63528daa3,1369546,,,,,,,,,,,,,,,,,,,,,,,,,,,,,,,,,,,,,,,,,,,,,,,,,,,,,,,,,,,,,TN,TN
autoland,4767314,1,247a31fb40b3ac0b152bd3554743d742a3892fe3,linux1804-64-shippable-qr,True,False,,,102210fe594ee9b33d82058545b1ed14f4c8206e,id-getter-5.html,perf_reftest_singletons,True,perf_reftest_singletons id-getter-5.html opt e10s fission stylo webrender,4767299,77,ms,firefox,445429426.0,1836349516,2024-01-31 21:40:54,477.81,2ee5ce9b3c67b7e972b0dff7348ea32cb570880e,1369676,,,,,,,,,,,,,,,,,,,,,,,,,,,,,,,,,,,,,,,,,,,,,,,,,,,,,,,,,,,,,TN,TN
autoland,4767314,1,247a31fb40b3ac0b152bd3554743d742a3892fe3,linux1804-64-shippable-qr,True,False,,,102210fe594ee9b33d82058545b1ed14f4c8206e,id-getter-5.html,perf_reftest_singletons,True,perf_reftest_singletons id-getter-5.html opt e10s fission stylo webrender,4767299,77,ms,firefox,445445916.0,1836439653,2024-02-01 02:14:37,482.37000000000006,6db2a1e04f4120175d3aad9831795823a4269aab,1369822,,,,,,,,,,,,,,,,,,,,,,,,,,,,,,,,,,,,,,,,,,,,,,,,,,,,,,,,,,,,,TN,TN
autoland,4767314,1,247a31fb40b3ac0b152bd3554743d742a3892fe3,linux1804-64-shippable-qr,True,False,,,102210fe594ee9b33d82058545b1ed14f4c8206e,id-getter-5.html,perf_reftest_singletons,True,perf_reftest_singletons id-getter-5.html opt e10s fission stylo webrender,4767299,77,ms,firefox,445463269.0,1836609254,2024-02-01 06:47:17,500.13,959c3318d5c3f3881746455c2c584be49bb179b6,1369862,,,,,,,,,,,,,,,,,,,,,,,,,,,,,,,,,,,,,,,,,,,,,,,,,,,,,,,,,,,,,TN,TN
autoland,4767314,1,247a31fb40b3ac0b152bd3554743d742a3892fe3,linux1804-64-shippable-qr,True,False,,,102210fe594ee9b33d82058545b1ed14f4c8206e,id-getter-5.html,perf_reftest_singletons,True,perf_reftest_singletons id-getter-5.html opt e10s fission stylo webrender,4767299,77,ms,firefox,445496523.0,1836758249,2024-02-01 11:14:36,497.34,a6957fa936149dccf133bd99e165c5879c2cb4d5,1370007,,,,,,,,,,,,,,,,,,,,,,,,,,,,,,,,,,,,,,,,,,,,,,,,,,,,,,,,,,,,,TN,TN
autoland,4767314,1,247a31fb40b3ac0b152bd3554743d742a3892fe3,linux1804-64-shippable-qr,True,False,,,102210fe594ee9b33d82058545b1ed14f4c8206e,id-getter-5.html,perf_reftest_singletons,True,perf_reftest_singletons id-getter-5.html opt e10s fission stylo webrender,4767299,77,ms,firefox,445520685.0,1837144036,2024-02-01 13:09:51,506.26,93a67689b8581caaa6d429ea7105abf0dc55e98f,1370065,,,,,,,,,,,,,,,,,,,,,,,,,,,,,,,,,,,,,,,,,,,,,,,,,,,,,,,,,,,,,TN,TN
autoland,4767314,1,247a31fb40b3ac0b152bd3554743d742a3892fe3,linux1804-64-shippable-qr,True,False,,,102210fe594ee9b33d82058545b1ed14f4c8206e,id-getter-5.html,perf_reftest_singletons,True,perf_reftest_singletons id-getter-5.html opt e10s fission stylo webrender,4767299,77,ms,firefox,445575858.0,1837167126,2024-02-01 17:13:14,488.99,f84c76f9460d8a2a4048954be483e24638c0f39c,1370273,,,,,,,,,,,,,,,,,,,,,,,,,,,,,,,,,,,,,,,,,,,,,,,,,,,,,,,,,,,,,TN,TN
autoland,4767314,1,247a31fb40b3ac0b152bd3554743d742a3892fe3,linux1804-64-shippable-qr,True,False,,,102210fe594ee9b33d82058545b1ed14f4c8206e,id-getter-5.html,perf_reftest_singletons,True,perf_reftest_singletons id-getter-5.html opt e10s fission stylo webrender,4767299,77,ms,firefox,445599105.0,1837196371,2024-02-01 18:09:58,501.66,854c462a083b4271435625134f95ce342e243ccb,1370333,,,,,,,,,,,,,,,,,,,,,,,,,,,,,,,,,,,,,,,,,,,,,,,,,,,,,,,,,,,,,TN,TN
autoland,4767314,1,247a31fb40b3ac0b152bd3554743d742a3892fe3,linux1804-64-shippable-qr,True,False,,,102210fe594ee9b33d82058545b1ed14f4c8206e,id-getter-5.html,perf_reftest_singletons,True,perf_reftest_singletons id-getter-5.html opt e10s fission stylo webrender,4767299,77,ms,firefox,445614262.0,1837201789,2024-02-01 22:12:05,486.08,144c524a091e2ed65d62b4911026d3400cea02fa,1370552,,,,,,,,,,,,,,,,,,,,,,,,,,,,,,,,,,,,,,,,,,,,,,,,,,,,,,,,,,,,,TN,TN
autoland,4767314,1,247a31fb40b3ac0b152bd3554743d742a3892fe3,linux1804-64-shippable-qr,True,False,,,102210fe594ee9b33d82058545b1ed14f4c8206e,id-getter-5.html,perf_reftest_singletons,True,perf_reftest_singletons id-getter-5.html opt e10s fission stylo webrender,4767299,77,ms,firefox,445620138.0,1837210246,2024-02-01 22:19:46,481.78,085a323ab16cb288d40fca29f6bb35d5d7e85753,1370561,,,,,,,,,,,,,,,,,,,,,,,,,,,,,,,,,,,,,,,,,,,,,,,,,,,,,,,,,,,,,TN,TN
autoland,4767314,1,247a31fb40b3ac0b152bd3554743d742a3892fe3,linux1804-64-shippable-qr,True,False,,,102210fe594ee9b33d82058545b1ed14f4c8206e,id-getter-5.html,perf_reftest_singletons,True,perf_reftest_singletons id-getter-5.html opt e10s fission stylo webrender,4767299,77,ms,firefox,445626468.0,1837234213,2024-02-02 02:49:20,483.88,dd4c0135beb5076b1a073f8d52507b724781d423,1370659,,,,,,,,,,,,,,,,,,,,,,,,,,,,,,,,,,,,,,,,,,,,,,,,,,,,,,,,,,,,,TN,TN
autoland,4767314,1,247a31fb40b3ac0b152bd3554743d742a3892fe3,linux1804-64-shippable-qr,True,False,,,102210fe594ee9b33d82058545b1ed14f4c8206e,id-getter-5.html,perf_reftest_singletons,True,perf_reftest_singletons id-getter-5.html opt e10s fission stylo webrender,4767299,77,ms,firefox,445719760.0,1837698826,2024-02-02 13:54:17,489.64,90d84a362f057a96158ef63f7aa96d639916e390,1370837,,,,,,,,,,,,,,,,,,,,,,,,,,,,,,,,,,,,,,,,,,,,,,,,,,,,,,,,,,,,,TN,TN
autoland,4767314,1,247a31fb40b3ac0b152bd3554743d742a3892fe3,linux1804-64-shippable-qr,True,False,,,102210fe594ee9b33d82058545b1ed14f4c8206e,id-getter-5.html,perf_reftest_singletons,True,perf_reftest_singletons id-getter-5.html opt e10s fission stylo webrender,4767299,77,ms,firefox,445708497.0,1837570442,2024-02-02 14:44:09,492.96,2d3365b1475ea6b0234b76a4ccfefc8c11e491a0,1370872,,,,,,,,,,,,,,,,,,,,,,,,,,,,,,,,,,,,,,,,,,,,,,,,,,,,,,,,,,,,,TN,TN
autoland,4767314,1,247a31fb40b3ac0b152bd3554743d742a3892fe3,linux1804-64-shippable-qr,True,False,,,102210fe594ee9b33d82058545b1ed14f4c8206e,id-getter-5.html,perf_reftest_singletons,True,perf_reftest_singletons id-getter-5.html opt e10s fission stylo webrender,4767299,77,ms,firefox,445750443.0,1837823984,2024-02-02 19:53:24,501.2000000000001,67f13af428e383eb2f3472448564da31a6cd3eae,1371106,,,,,,,,,,,,,,,,,,,,,,,,,,,,,,,,,,,,,,,,,,,,,,,,,,,,,,,,,,,,,TN,TN
autoland,4767314,1,247a31fb40b3ac0b152bd3554743d742a3892fe3,linux1804-64-shippable-qr,True,False,,,102210fe594ee9b33d82058545b1ed14f4c8206e,id-getter-5.html,perf_reftest_singletons,True,perf_reftest_singletons id-getter-5.html opt e10s fission stylo webrender,4767299,77,ms,firefox,445773533.0,1837888760,2024-02-02 21:53:09,496.66,0a89948ba0c00bf10f2fb02375bb347cffbdc1e1,1371183,,,,,,,,,,,,,,,,,,,,,,,,,,,,,,,,,,,,,,,,,,,,,,,,,,,,,,,,,,,,,TN,TN
autoland,4767314,1,247a31fb40b3ac0b152bd3554743d742a3892fe3,linux1804-64-shippable-qr,True,False,,,102210fe594ee9b33d82058545b1ed14f4c8206e,id-getter-5.html,perf_reftest_singletons,True,perf_reftest_singletons id-getter-5.html opt e10s fission stylo webrender,4767299,77,ms,firefox,445785417.0,1837955206,2024-02-03 02:32:07,498.31000000000006,b9172a6f32d47b58f805d7cdc242ba32e55cb4a6,1371314,,,,,,,,,,,,,,,,,,,,,,,,,,,,,,,,,,,,,,,,,,,,,,,,,,,,,,,,,,,,,TN,TN
autoland,4767314,1,247a31fb40b3ac0b152bd3554743d742a3892fe3,linux1804-64-shippable-qr,True,False,,,102210fe594ee9b33d82058545b1ed14f4c8206e,id-getter-5.html,perf_reftest_singletons,True,perf_reftest_singletons id-getter-5.html opt e10s fission stylo webrender,4767299,77,ms,firefox,445796867.0,1838000956,2024-02-03 06:48:17,494.44,f8d442e9495d595bd8d4c6cbd272480f9d0dbfb5,1371333,,,,,,,,,,,,,,,,,,,,,,,,,,,,,,,,,,,,,,,,,,,,,,,,,,,,,,,,,,,,,TN,TN
autoland,4767314,1,247a31fb40b3ac0b152bd3554743d742a3892fe3,linux1804-64-shippable-qr,True,False,,,102210fe594ee9b33d82058545b1ed14f4c8206e,id-getter-5.html,perf_reftest_singletons,True,perf_reftest_singletons id-getter-5.html opt e10s fission stylo webrender,4767299,77,ms,firefox,445808530.0,1838038808,2024-02-03 09:08:28,499.71,6c316fd08b2f2ac6443dd8193a52f819df23ce2e,1371368,,,,,,,,,,,,,,,,,,,,,,,,,,,,,,,,,,,,,,,,,,,,,,,,,,,,,,,,,,,,,TN,TN
autoland,4767314,1,247a31fb40b3ac0b152bd3554743d742a3892fe3,linux1804-64-shippable-qr,True,False,,,102210fe594ee9b33d82058545b1ed14f4c8206e,id-getter-5.html,perf_reftest_singletons,True,perf_reftest_singletons id-getter-5.html opt e10s fission stylo webrender,4767299,77,ms,firefox,445831551.0,1838124269,2024-02-03 16:51:05,485.85,234a8e0fb95fc4c3f978bc6c198667481d3115da,1371417,,,,,,,,,,,,,,,,,,,,,,,,,,,,,,,,,,,,,,,,,,,,,,,,,,,,,,,,,,,,,TN,TN
autoland,4767314,1,247a31fb40b3ac0b152bd3554743d742a3892fe3,linux1804-64-shippable-qr,True,False,,,102210fe594ee9b33d82058545b1ed14f4c8206e,id-getter-5.html,perf_reftest_singletons,True,perf_reftest_singletons id-getter-5.html opt e10s fission stylo webrender,4767299,77,ms,firefox,445850129.0,1838244606,2024-02-04 01:32:05,495.24,7a5ad9c8b72b8e9fbc0f63d91a955bff54216958,1371481,,,,,,,,,,,,,,,,,,,,,,,,,,,,,,,,,,,,,,,,,,,,,,,,,,,,,,,,,,,,,TN,TN
autoland,4767314,1,247a31fb40b3ac0b152bd3554743d742a3892fe3,linux1804-64-shippable-qr,True,False,,,102210fe594ee9b33d82058545b1ed14f4c8206e,id-getter-5.html,perf_reftest_singletons,True,perf_reftest_singletons id-getter-5.html opt e10s fission stylo webrender,4767299,77,ms,firefox,445877616.0,1838408837,2024-02-04 11:04:08,501.47,eb281b3fd4660b5e7e7d1e77f7ebe3182c28569d,1371513,,,,,,,,,,,,,,,,,,,,,,,,,,,,,,,,,,,,,,,,,,,,,,,,,,,,,,,,,,,,,TN,TN
autoland,4767314,1,247a31fb40b3ac0b152bd3554743d742a3892fe3,linux1804-64-shippable-qr,True,False,,,102210fe594ee9b33d82058545b1ed14f4c8206e,id-getter-5.html,perf_reftest_singletons,True,perf_reftest_singletons id-getter-5.html opt e10s fission stylo webrender,4767299,77,ms,firefox,445889845.0,1838575854,2024-02-04 18:26:12,488.9500000000001,6cb794603d85d30882e94931d5c7cba2c609e8dd,1371541,,,,,,,,,,,,,,,,,,,,,,,,,,,,,,,,,,,,,,,,,,,,,,,,,,,,,,,,,,,,,TN,TN
autoland,4767314,1,247a31fb40b3ac0b152bd3554743d742a3892fe3,linux1804-64-shippable-qr,True,False,,,102210fe594ee9b33d82058545b1ed14f4c8206e,id-getter-5.html,perf_reftest_singletons,True,perf_reftest_singletons id-getter-5.html opt e10s fission stylo webrender,4767299,77,ms,firefox,445907824.0,1838654942,2024-02-05 01:14:58,502.23,778e884de4e5ecb46e2d212a6f5f4a13e465a3a4,1371575,,,,,,,,,,,,,,,,,,,,,,,,,,,,,,,,,,,,,,,,,,,,,,,,,,,,,,,,,,,,,TN,TN
autoland,4767314,1,247a31fb40b3ac0b152bd3554743d742a3892fe3,linux1804-64-shippable-qr,True,False,,,102210fe594ee9b33d82058545b1ed14f4c8206e,id-getter-5.html,perf_reftest_singletons,True,perf_reftest_singletons id-getter-5.html opt e10s fission stylo webrender,4767299,77,ms,firefox,445914141.0,1838690401,2024-02-05 06:38:18,491.59,9ca12d444230411e2168420a584a7f95e90c1f97,1371605,,,,,,,,,,,,,,,,,,,,,,,,,,,,,,,,,,,,,,,,,,,,,,,,,,,,,,,,,,,,,TN,TN
autoland,4767314,1,247a31fb40b3ac0b152bd3554743d742a3892fe3,linux1804-64-shippable-qr,True,False,,,102210fe594ee9b33d82058545b1ed14f4c8206e,id-getter-5.html,perf_reftest_singletons,True,perf_reftest_singletons id-getter-5.html opt e10s fission stylo webrender,4767299,77,ms,firefox,445953316.0,1838828103,2024-02-05 11:13:48,489.14,e026ce62cd3a8700c3c5fb7495521391420d3ef6,1371747,,,,,,,,,,,,,,,,,,,,,,,,,,,,,,,,,,,,,,,,,,,,,,,,,,,,,,,,,,,,,TN,TN
autoland,4767314,1,247a31fb40b3ac0b152bd3554743d742a3892fe3,linux1804-64-shippable-qr,True,False,,,102210fe594ee9b33d82058545b1ed14f4c8206e,id-getter-5.html,perf_reftest_singletons,True,perf_reftest_singletons id-getter-5.html opt e10s fission stylo webrender,4767299,77,ms,firefox,445988250.0,1838928479,2024-02-05 15:06:21,501.83,d67e058935bae8bfad9fb5868b225926a25cb64a,1371897,,,,,,,,,,,,,,,,,,,,,,,,,,,,,,,,,,,,,,,,,,,,,,,,,,,,,,,,,,,,,TN,TN
autoland,4767314,1,247a31fb40b3ac0b152bd3554743d742a3892fe3,linux1804-64-shippable-qr,True,False,,,102210fe594ee9b33d82058545b1ed14f4c8206e,id-getter-5.html,perf_reftest_singletons,True,perf_reftest_singletons id-getter-5.html opt e10s fission stylo webrender,4767299,77,ms,firefox,446032857.0,1839086784,2024-02-05 18:46:19,498.45,9559ddacce7e802c8bda80f0f58d6cfd6cdd2948,1372136,,,,,,,,,,,,,,,,,,,,,,,,,,,,,,,,,,,,,,,,,,,,,,,,,,,,,,,,,,,,,TN,TN
autoland,4767314,1,247a31fb40b3ac0b152bd3554743d742a3892fe3,linux1804-64-shippable-qr,True,False,,,102210fe594ee9b33d82058545b1ed14f4c8206e,id-getter-5.html,perf_reftest_singletons,True,perf_reftest_singletons id-getter-5.html opt e10s fission stylo webrender,4767299,77,ms,firefox,446060639.0,1839184365,2024-02-05 23:26:30,489.36,9f16b642b137c1390a012556c58e9f957a816ef6,1372325,,,,,,,,,,,,,,,,,,,,,,,,,,,,,,,,,,,,,,,,,,,,,,,,,,,,,,,,,,,,,TN,TN
autoland,4767314,1,247a31fb40b3ac0b152bd3554743d742a3892fe3,linux1804-64-shippable-qr,True,False,,,102210fe594ee9b33d82058545b1ed14f4c8206e,id-getter-5.html,perf_reftest_singletons,True,perf_reftest_singletons id-getter-5.html opt e10s fission stylo webrender,4767299,77,ms,firefox,446073527.0,1839262099,2024-02-06 03:53:00,492.25,1995789cfffa08b612d3571d2e8596837f772a49,1372390,,,,,,,,,,,,,,,,,,,,,,,,,,,,,,,,,,,,,,,,,,,,,,,,,,,,,,,,,,,,,TN,TN
autoland,4767314,1,247a31fb40b3ac0b152bd3554743d742a3892fe3,linux1804-64-shippable-qr,True,False,,,102210fe594ee9b33d82058545b1ed14f4c8206e,id-getter-5.html,perf_reftest_singletons,True,perf_reftest_singletons id-getter-5.html opt e10s fission stylo webrender,4767299,77,ms,firefox,446092870.0,1839462278,2024-02-06 07:31:17,486.42,df0b9539f5604a9aefc6916ce6ecf2e52670b78b,1372455,,,,,,,,,,,,,,,,,,,,,,,,,,,,,,,,,,,,,,,,,,,,,,,,,,,,,,,,,,,,,TN,TN
autoland,4767314,1,247a31fb40b3ac0b152bd3554743d742a3892fe3,linux1804-64-shippable-qr,True,False,,,102210fe594ee9b33d82058545b1ed14f4c8206e,id-getter-5.html,perf_reftest_singletons,True,perf_reftest_singletons id-getter-5.html opt e10s fission stylo webrender,4767299,77,ms,firefox,446474174.0,1841075312,2024-02-06 08:29:40,483.98,8fd054c98f9fdb377165fdc91c59a77df2e64c00,1372468,,,,,,,,,,,,,,,,,,,,,,,,,,,,,,,,,,,,,,,,,,,,,,,,,,,,,,,,,,,,,TN,TN
autoland,4767314,1,247a31fb40b3ac0b152bd3554743d742a3892fe3,linux1804-64-shippable-qr,True,False,,,102210fe594ee9b33d82058545b1ed14f4c8206e,id-getter-5.html,perf_reftest_singletons,True,perf_reftest_singletons id-getter-5.html opt e10s fission stylo webrender,4767299,77,ms,firefox,446474176.0,1841075726,2024-02-06 09:50:06,503.96,968f9e4eede058b7591cb2952757a06bc23859e1,1372504,,,,,,,,,,,,,,,,,,,,,,,,,,,,,,,,,,,,,,,,,,,,,,,,,,,,,,,,,,,,,TN,TN
autoland,4767314,1,247a31fb40b3ac0b152bd3554743d742a3892fe3,linux1804-64-shippable-qr,True,False,,,102210fe594ee9b33d82058545b1ed14f4c8206e,id-getter-5.html,perf_reftest_singletons,True,perf_reftest_singletons id-getter-5.html opt e10s fission stylo webrender,4767299,77,ms,firefox,446474178.0,1841075795,2024-02-06 09:59:17,490.22,05e2d2bc12605238e3e42c206197dc9b81910b8b,1372512,,,,,,,,,,,,,,,,,,,,,,,,,,,,,,,,,,,,,,,,,,,,,,,,,,,,,,,,,,,,,TN,TN
autoland,4767314,1,247a31fb40b3ac0b152bd3554743d742a3892fe3,linux1804-64-shippable-qr,True,False,,,102210fe594ee9b33d82058545b1ed14f4c8206e,id-getter-5.html,perf_reftest_singletons,True,perf_reftest_singletons id-getter-5.html opt e10s fission stylo webrender,4767299,77,ms,firefox,446474184.0,1841076306,2024-02-06 09:59:58,483.66,bcb83c379af9c0d55a622d6f557b96a5bb804cf4,1372513,,,,,,,,,,,,,,,,,,,,,,,,,,,,,,,,,,,,,,,,,,,,,,,,,,,,,,,,,,,,,TN,TN
autoland,4767314,1,247a31fb40b3ac0b152bd3554743d742a3892fe3,linux1804-64-shippable-qr,True,False,,,102210fe594ee9b33d82058545b1ed14f4c8206e,id-getter-5.html,perf_reftest_singletons,True,perf_reftest_singletons id-getter-5.html opt e10s fission stylo webrender,4767299,77,ms,firefox,446474188.0,1841076699,2024-02-06 10:00:38,503.95,ddcc854c30889f464dc4b7440a2dd07592e06a4f,1372514,,,,,,,,,,,,,,,,,,,,,,,,,,,,,,,,,,,,,,,,,,,,,,,,,,,,,,,,,,,,,TN,TN
autoland,4767314,1,247a31fb40b3ac0b152bd3554743d742a3892fe3,linux1804-64-shippable-qr,True,False,,,102210fe594ee9b33d82058545b1ed14f4c8206e,id-getter-5.html,perf_reftest_singletons,True,perf_reftest_singletons id-getter-5.html opt e10s fission stylo webrender,4767299,77,ms,firefox,446474182.0,1841076140,2024-02-06 10:01:20,501.91,840505abaf560d5be5932e423da8732039b61ab3,1372515,,,,,,,,,,,,,,,,,,,,,,,,,,,,,,,,,,,,,,,,,,,,,,,,,,,,,,,,,,,,,TN,TN
autoland,4767314,1,247a31fb40b3ac0b152bd3554743d742a3892fe3,linux1804-64-shippable-qr,True,False,,,102210fe594ee9b33d82058545b1ed14f4c8206e,id-getter-5.html,perf_reftest_singletons,True,perf_reftest_singletons id-getter-5.html opt e10s fission stylo webrender,4767299,77,ms,firefox,446474198.0,1841077279,2024-02-06 10:02:11,504.86,5985445bd5c1409a7627bc8c7ec9800ea65e6bf5,1372517,,,,,,,,,,,,,,,,,,,,,,,,,,,,,,,,,,,,,,,,,,,,,,,,,,,,,,,,,,,,,TN,TN
autoland,4767314,1,247a31fb40b3ac0b152bd3554743d742a3892fe3,linux1804-64-shippable-qr,True,False,,,102210fe594ee9b33d82058545b1ed14f4c8206e,id-getter-5.html,perf_reftest_singletons,True,perf_reftest_singletons id-getter-5.html opt e10s fission stylo webrender,4767299,77,ms,firefox,446474197.0,1841077135,2024-02-06 10:02:51,492.53,2a94e8bad21e0a4ed58c262af9e8aebad4735f7e,1372519,,,,,,,,,,,,,,,,,,,,,,,,,,,,,,,,,,,,,,,,,,,,,,,,,,,,,,,,,,,,,TN,TN
autoland,4767314,1,247a31fb40b3ac0b152bd3554743d742a3892fe3,linux1804-64-shippable-qr,True,False,,,102210fe594ee9b33d82058545b1ed14f4c8206e,id-getter-5.html,perf_reftest_singletons,True,perf_reftest_singletons id-getter-5.html opt e10s fission stylo webrender,4767299,77,ms,firefox,446474202.0,1841077238,2024-02-06 11:24:42,500.33,72cb17d0ae8b549c423e81d242cd734bf59102e1,1372567,,,,,,,,,,,,,,,,,,,,,,,,,,,,,,,,,,,,,,,,,,,,,,,,,,,,,,,,,,,,,TN,TN
autoland,4767314,1,247a31fb40b3ac0b152bd3554743d742a3892fe3,linux1804-64-shippable-qr,True,False,,,102210fe594ee9b33d82058545b1ed14f4c8206e,id-getter-5.html,perf_reftest_singletons,True,perf_reftest_singletons id-getter-5.html opt e10s fission stylo webrender,4767299,77,ms,firefox,446926744.0,1842851759,2024-02-06 11:24:42,497.9500000000001,72cb17d0ae8b549c423e81d242cd734bf59102e1,1372567,,,,,,,,,,,,,,,,,,,,,,,,,,,,,,,,,,,,,,,,,,,,,,,,,,,,,,,,,,,,,TN,TN
autoland,4767314,1,247a31fb40b3ac0b152bd3554743d742a3892fe3,linux1804-64-shippable-qr,True,False,,,102210fe594ee9b33d82058545b1ed14f4c8206e,id-getter-5.html,perf_reftest_singletons,True,perf_reftest_singletons id-getter-5.html opt e10s fission stylo webrender,4767299,77,ms,firefox,446143535.0,1839635491,2024-02-06 11:44:40,485.31,c48ca61bc9255db0107d377c103a752265b60eb8,1372588,,,,,,,,,,,,,,,,,,,,,,,,,,,,,,,,,,,,,,,,,,,,,,,,,,,,,,,,,,,,,TN,TN
autoland,4767314,1,247a31fb40b3ac0b152bd3554743d742a3892fe3,linux1804-64-shippable-qr,True,False,,,102210fe594ee9b33d82058545b1ed14f4c8206e,id-getter-5.html,perf_reftest_singletons,True,perf_reftest_singletons id-getter-5.html opt e10s fission stylo webrender,4767299,77,ms,firefox,446926743.0,1842851688,2024-02-06 11:44:40,482.84,c48ca61bc9255db0107d377c103a752265b60eb8,1372588,,,,,,,,,,,,,,,,,,,,,,,,,,,,,,,,,,,,,,,,,,,,,,,,,,,,,,,,,,,,,TN,TN
autoland,4767314,1,247a31fb40b3ac0b152bd3554743d742a3892fe3,linux1804-64-shippable-qr,True,False,,,102210fe594ee9b33d82058545b1ed14f4c8206e,id-getter-5.html,perf_reftest_singletons,True,perf_reftest_singletons id-getter-5.html opt e10s fission stylo webrender,4767299,77,ms,firefox,446992772.0,1843045908,2024-02-06 11:44:40,480.42,c48ca61bc9255db0107d377c103a752265b60eb8,1372588,,,,,,,,,,,,,,,,,,,,,,,,,,,,,,,,,,,,,,,,,,,,,,,,,,,,,,,,,,,,,TN,TN
autoland,4767314,1,247a31fb40b3ac0b152bd3554743d742a3892fe3,linux1804-64-shippable-qr,True,False,,,102210fe594ee9b33d82058545b1ed14f4c8206e,id-getter-5.html,perf_reftest_singletons,True,perf_reftest_singletons id-getter-5.html opt e10s fission stylo webrender,4767299,77,ms,firefox,446992773.0,1843045950,2024-02-06 11:44:40,483.2800000000001,c48ca61bc9255db0107d377c103a752265b60eb8,1372588,,,,,,,,,,,,,,,,,,,,,,,,,,,,,,,,,,,,,,,,,,,,,,,,,,,,,,,,,,,,,TN,TN
autoland,4767314,1,247a31fb40b3ac0b152bd3554743d742a3892fe3,linux1804-64-shippable-qr,True,False,,,102210fe594ee9b33d82058545b1ed14f4c8206e,id-getter-5.html,perf_reftest_singletons,True,perf_reftest_singletons id-getter-5.html opt e10s fission stylo webrender,4767299,77,ms,firefox,446992792.0,1843046116,2024-02-06 11:44:40,492.94000000000005,c48ca61bc9255db0107d377c103a752265b60eb8,1372588,,,,,,,,,,,,,,,,,,,,,,,,,,,,,,,,,,,,,,,,,,,,,,,,,,,,,,,,,,,,,TN,TN
autoland,4767314,1,247a31fb40b3ac0b152bd3554743d742a3892fe3,linux1804-64-shippable-qr,True,False,,,102210fe594ee9b33d82058545b1ed14f4c8206e,id-getter-5.html,perf_reftest_singletons,True,perf_reftest_singletons id-getter-5.html opt e10s fission stylo webrender,4767299,77,ms,firefox,446992811.0,1843046176,2024-02-06 11:44:40,482.26,c48ca61bc9255db0107d377c103a752265b60eb8,1372588,,,,,,,,,,,,,,,,,,,,,,,,,,,,,,,,,,,,,,,,,,,,,,,,,,,,,,,,,,,,,TN,TN
autoland,4767314,1,247a31fb40b3ac0b152bd3554743d742a3892fe3,linux1804-64-shippable-qr,True,False,,,102210fe594ee9b33d82058545b1ed14f4c8206e,id-getter-5.html,perf_reftest_singletons,True,perf_reftest_singletons id-getter-5.html opt e10s fission stylo webrender,4767299,77,ms,firefox,446992814.0,1843046099,2024-02-06 11:44:40,485.8,c48ca61bc9255db0107d377c103a752265b60eb8,1372588,,,,,,,,,,,,,,,,,,,,,,,,,,,,,,,,,,,,,,,,,,,,,,,,,,,,,,,,,,,,,TN,TN
autoland,4767314,1,247a31fb40b3ac0b152bd3554743d742a3892fe3,linux1804-64-shippable-qr,True,False,,,102210fe594ee9b33d82058545b1ed14f4c8206e,id-getter-5.html,perf_reftest_singletons,True,perf_reftest_singletons id-getter-5.html opt e10s fission stylo webrender,4767299,77,ms,firefox,446926742.0,1842851842,2024-02-06 11:45:22,500.45,40fcc0cdc593fa337273631de435a2901ec881f6,1372589,,,,,,,,,,,,,,,,,,,,,,,,,,,,,,,,,,,,,,,,,,,,,,,,,,,,,,,,,,,,,TN,TN
autoland,4767314,1,247a31fb40b3ac0b152bd3554743d742a3892fe3,linux1804-64-shippable-qr,True,False,,,102210fe594ee9b33d82058545b1ed14f4c8206e,id-getter-5.html,perf_reftest_singletons,True,perf_reftest_singletons id-getter-5.html opt e10s fission stylo webrender,4767299,77,ms,firefox,446928078.0,1842859946,2024-02-06 11:45:22,495.52,40fcc0cdc593fa337273631de435a2901ec881f6,1372589,,,,,,,,,,,,,,,,,,,,,,,,,,,,,,,,,,,,,,,,,,,,,,,,,,,,,,,,,,,,,TN,TN
autoland,4767314,1,247a31fb40b3ac0b152bd3554743d742a3892fe3,linux1804-64-shippable-qr,True,False,,,102210fe594ee9b33d82058545b1ed14f4c8206e,id-getter-5.html,perf_reftest_singletons,True,perf_reftest_singletons id-getter-5.html opt e10s fission stylo webrender,4767299,77,ms,firefox,446992813.0,1843046027,2024-02-06 11:45:22,495.14,40fcc0cdc593fa337273631de435a2901ec881f6,1372589,,,,,,,,,,,,,,,,,,,,,,,,,,,,,,,,,,,,,,,,,,,,,,,,,,,,,,,,,,,,,TN,TN
autoland,4767314,1,247a31fb40b3ac0b152bd3554743d742a3892fe3,linux1804-64-shippable-qr,True,False,,,102210fe594ee9b33d82058545b1ed14f4c8206e,id-getter-5.html,perf_reftest_singletons,True,perf_reftest_singletons id-getter-5.html opt e10s fission stylo webrender,4767299,77,ms,firefox,446992836.0,1843046350,2024-02-06 11:45:22,492.42,40fcc0cdc593fa337273631de435a2901ec881f6,1372589,,,,,,,,,,,,,,,,,,,,,,,,,,,,,,,,,,,,,,,,,,,,,,,,,,,,,,,,,,,,,TN,TN
autoland,4767314,1,247a31fb40b3ac0b152bd3554743d742a3892fe3,linux1804-64-shippable-qr,True,False,,,102210fe594ee9b33d82058545b1ed14f4c8206e,id-getter-5.html,perf_reftest_singletons,True,perf_reftest_singletons id-getter-5.html opt e10s fission stylo webrender,4767299,77,ms,firefox,446992867.0,1843046475,2024-02-06 11:45:22,497.83,40fcc0cdc593fa337273631de435a2901ec881f6,1372589,,,,,,,,,,,,,,,,,,,,,,,,,,,,,,,,,,,,,,,,,,,,,,,,,,,,,,,,,,,,,TN,TN
autoland,4767314,1,247a31fb40b3ac0b152bd3554743d742a3892fe3,linux1804-64-shippable-qr,True,False,,,102210fe594ee9b33d82058545b1ed14f4c8206e,id-getter-5.html,perf_reftest_singletons,True,perf_reftest_singletons id-getter-5.html opt e10s fission stylo webrender,4767299,77,ms,firefox,446992877.0,1843046528,2024-02-06 11:45:22,499.17,40fcc0cdc593fa337273631de435a2901ec881f6,1372589,,,,,,,,,,,,,,,,,,,,,,,,,,,,,,,,,,,,,,,,,,,,,,,,,,,,,,,,,,,,,TN,TN
autoland,4767314,1,247a31fb40b3ac0b152bd3554743d742a3892fe3,linux1804-64-shippable-qr,True,False,,,102210fe594ee9b33d82058545b1ed14f4c8206e,id-getter-5.html,perf_reftest_singletons,True,perf_reftest_singletons id-getter-5.html opt e10s fission stylo webrender,4767299,77,ms,firefox,446993320.0,1843047675,2024-02-06 11:45:22,499.04,40fcc0cdc593fa337273631de435a2901ec881f6,1372589,,,,,,,,,,,,,,,,,,,,,,,,,,,,,,,,,,,,,,,,,,,,,,,,,,,,,,,,,,,,,TN,TN
autoland,4767314,1,247a31fb40b3ac0b152bd3554743d742a3892fe3,linux1804-64-shippable-qr,True,False,,,102210fe594ee9b33d82058545b1ed14f4c8206e,id-getter-5.html,perf_reftest_singletons,True,perf_reftest_singletons id-getter-5.html opt e10s fission stylo webrender,4767299,77,ms,firefox,446926747.0,1842851955,2024-02-06 11:48:06,492.57,187caa38d3490df8b32dbeaf8cce22e6fdcc634a,1372593,,,,,,,,,,,,,,,,,,,,,,,,,,,,,,,,,,,,,,,,,,,,,,,,,,,,,,,,,,,,,TN,TN
autoland,4767314,1,247a31fb40b3ac0b152bd3554743d742a3892fe3,linux1804-64-shippable-qr,True,False,,,102210fe594ee9b33d82058545b1ed14f4c8206e,id-getter-5.html,perf_reftest_singletons,True,perf_reftest_singletons id-getter-5.html opt e10s fission stylo webrender,4767299,77,ms,firefox,446928077.0,1842860068,2024-02-06 11:48:06,502.9,187caa38d3490df8b32dbeaf8cce22e6fdcc634a,1372593,,,,,,,,,,,,,,,,,,,,,,,,,,,,,,,,,,,,,,,,,,,,,,,,,,,,,,,,,,,,,TN,TN
autoland,4767314,1,247a31fb40b3ac0b152bd3554743d742a3892fe3,linux1804-64-shippable-qr,True,False,,,102210fe594ee9b33d82058545b1ed14f4c8206e,id-getter-5.html,perf_reftest_singletons,True,perf_reftest_singletons id-getter-5.html opt e10s fission stylo webrender,4767299,77,ms,firefox,446928119.0,1842860110,2024-02-06 11:48:06,503.87,187caa38d3490df8b32dbeaf8cce22e6fdcc634a,1372593,,,,,,,,,,,,,,,,,,,,,,,,,,,,,,,,,,,,,,,,,,,,,,,,,,,,,,,,,,,,,TN,TN
autoland,4767314,1,247a31fb40b3ac0b152bd3554743d742a3892fe3,linux1804-64-shippable-qr,True,False,,,102210fe594ee9b33d82058545b1ed14f4c8206e,id-getter-5.html,perf_reftest_singletons,True,perf_reftest_singletons id-getter-5.html opt e10s fission stylo webrender,4767299,77,ms,firefox,446928120.0,1842860154,2024-02-06 11:48:06,498.41,187caa38d3490df8b32dbeaf8cce22e6fdcc634a,1372593,,,,,,,,,,,,,,,,,,,,,,,,,,,,,,,,,,,,,,,,,,,,,,,,,,,,,,,,,,,,,TN,TN
autoland,4767314,1,247a31fb40b3ac0b152bd3554743d742a3892fe3,linux1804-64-shippable-qr,True,False,,,102210fe594ee9b33d82058545b1ed14f4c8206e,id-getter-5.html,perf_reftest_singletons,True,perf_reftest_singletons id-getter-5.html opt e10s fission stylo webrender,4767299,77,ms,firefox,446992801.0,1843046221,2024-02-06 11:48:06,496.12,187caa38d3490df8b32dbeaf8cce22e6fdcc634a,1372593,,,,,,,,,,,,,,,,,,,,,,,,,,,,,,,,,,,,,,,,,,,,,,,,,,,,,,,,,,,,,TN,TN
autoland,4767314,1,247a31fb40b3ac0b152bd3554743d742a3892fe3,linux1804-64-shippable-qr,True,False,,,102210fe594ee9b33d82058545b1ed14f4c8206e,id-getter-5.html,perf_reftest_singletons,True,perf_reftest_singletons id-getter-5.html opt e10s fission stylo webrender,4767299,77,ms,firefox,446992816.0,1843046269,2024-02-06 11:48:06,497.08,187caa38d3490df8b32dbeaf8cce22e6fdcc634a,1372593,,,,,,,,,,,,,,,,,,,,,,,,,,,,,,,,,,,,,,,,,,,,,,,,,,,,,,,,,,,,,TN,TN
autoland,4767314,1,247a31fb40b3ac0b152bd3554743d742a3892fe3,linux1804-64-shippable-qr,True,False,,,102210fe594ee9b33d82058545b1ed14f4c8206e,id-getter-5.html,perf_reftest_singletons,True,perf_reftest_singletons id-getter-5.html opt e10s fission stylo webrender,4767299,77,ms,firefox,446992859.0,1843046294,2024-02-06 11:48:06,500.98,187caa38d3490df8b32dbeaf8cce22e6fdcc634a,1372593,,,,,,,,,,,,,,,,,,,,,,,,,,,,,,,,,,,,,,,,,,,,,,,,,,,,,,,,,,,,,TN,TN
autoland,4767314,1,247a31fb40b3ac0b152bd3554743d742a3892fe3,linux1804-64-shippable-qr,True,False,,,102210fe594ee9b33d82058545b1ed14f4c8206e,id-getter-5.html,perf_reftest_singletons,True,perf_reftest_singletons id-getter-5.html opt e10s fission stylo webrender,4767299,77,ms,firefox,446993454.0,1843047840,2024-02-06 11:48:06,499.3200000000001,187caa38d3490df8b32dbeaf8cce22e6fdcc634a,1372593,,,,,,,,,,,,,,,,,,,,,,,,,,,,,,,,,,,,,,,,,,,,,,,,,,,,,,,,,,,,,TN,TN
autoland,4767314,1,247a31fb40b3ac0b152bd3554743d742a3892fe3,linux1804-64-shippable-qr,True,False,,,102210fe594ee9b33d82058545b1ed14f4c8206e,id-getter-5.html,perf_reftest_singletons,True,perf_reftest_singletons id-getter-5.html opt e10s fission stylo webrender,4767299,77,ms,firefox,446993496.0,1843047883,2024-02-06 11:48:06,497.53,187caa38d3490df8b32dbeaf8cce22e6fdcc634a,1372593,,,,,,,,,,,,,,,,,,,,,,,,,,,,,,,,,,,,,,,,,,,,,,,,,,,,,,,,,,,,,TN,TN
autoland,4767314,1,247a31fb40b3ac0b152bd3554743d742a3892fe3,linux1804-64-shippable-qr,True,False,,,102210fe594ee9b33d82058545b1ed14f4c8206e,id-getter-5.html,perf_reftest_singletons,True,perf_reftest_singletons id-getter-5.html opt e10s fission stylo webrender,4767299,77,ms,firefox,446926746.0,1842851883,2024-02-06 12:16:41,478.35,42d77e7dae4bb4b0a7b4f6b9dd45c88ba835b5d0,1372602,,,,,,,,,,,,,,,,,,,,,,,,,,,,,,,,,,,,,,,,,,,,,,,,,,,,,,,,,,,,,TN,TN
autoland,4767314,1,247a31fb40b3ac0b152bd3554743d742a3892fe3,linux1804-64-shippable-qr,True,False,,,102210fe594ee9b33d82058545b1ed14f4c8206e,id-getter-5.html,perf_reftest_singletons,True,perf_reftest_singletons id-getter-5.html opt e10s fission stylo webrender,4767299,77,ms,firefox,446926748.0,1842852088,2024-02-06 12:56:38,482.77,e25850706df9ccdd4892444e83613dd37b57c4d1,1372617,,,,,,,,,,,,,,,,,,,,,,,,,,,,,,,,,,,,,,,,,,,,,,,,,,,,,,,,,,,,,TN,TN
autoland,4767314,1,247a31fb40b3ac0b152bd3554743d742a3892fe3,linux1804-64-shippable-qr,True,False,,,102210fe594ee9b33d82058545b1ed14f4c8206e,id-getter-5.html,perf_reftest_singletons,True,perf_reftest_singletons id-getter-5.html opt e10s fission stylo webrender,4767299,77,ms,firefox,446926784.0,1842853059,2024-02-06 13:26:16,481.39,fede35b5c3e44e7166aabd27952c77422258fcf9,1372643,,,,,,,,,,,,,,,,,,,,,,,,,,,,,,,,,,,,,,,,,,,,,,,,,,,,,,,,,,,,,TN,TN
autoland,4767314,1,247a31fb40b3ac0b152bd3554743d742a3892fe3,linux1804-64-shippable-qr,True,False,,,102210fe594ee9b33d82058545b1ed14f4c8206e,id-getter-5.html,perf_reftest_singletons,True,perf_reftest_singletons id-getter-5.html opt e10s fission stylo webrender,4767299,77,ms,firefox,446926785.0,1842853172,2024-02-06 13:35:24,497.28,52a9c3007135b23deb7a7da6a8c4294c60c52852,1372652,,,,,,,,,,,,,,,,,,,,,,,,,,,,,,,,,,,,,,,,,,,,,,,,,,,,,,,,,,,,,TN,TN
autoland,4767314,1,247a31fb40b3ac0b152bd3554743d742a3892fe3,linux1804-64-shippable-qr,True,False,,,102210fe594ee9b33d82058545b1ed14f4c8206e,id-getter-5.html,perf_reftest_singletons,True,perf_reftest_singletons id-getter-5.html opt e10s fission stylo webrender,4767299,77,ms,firefox,446926809.0,1842853439,2024-02-06 13:37:49,495.55000000000007,246fa8615ed5d0966d827e65201fb32311193cac,1372656,,,,,,,,,,,,,,,,,,,,,,,,,,,,,,,,,,,,,,,,,,,,,,,,,,,,,,,,,,,,,TN,TN
autoland,4767314,1,247a31fb40b3ac0b152bd3554743d742a3892fe3,linux1804-64-shippable-qr,True,False,,,102210fe594ee9b33d82058545b1ed14f4c8206e,id-getter-5.html,perf_reftest_singletons,True,perf_reftest_singletons id-getter-5.html opt e10s fission stylo webrender,4767299,77,ms,firefox,446926810.0,1842853256,2024-02-06 13:47:03,486.28,e8ce382a047d5239ea940694c3bed12cb50ad166,1372663,,,,,,,,,,,,,,,,,,,,,,,,,,,,,,,,,,,,,,,,,,,,,,,,,,,,,,,,,,,,,TN,TN
autoland,4767314,1,247a31fb40b3ac0b152bd3554743d742a3892fe3,linux1804-64-shippable-qr,True,False,,,102210fe594ee9b33d82058545b1ed14f4c8206e,id-getter-5.html,perf_reftest_singletons,True,perf_reftest_singletons id-getter-5.html opt e10s fission stylo webrender,4767299,77,ms,firefox,446926812.0,1842853761,2024-02-06 14:03:15,502.19,cd95845119565dcf3fbf463955bf27e9c862605f,1372674,,,,,,,,,,,,,,,,,,,,,,,,,,,,,,,,,,,,,,,,,,,,,,,,,,,,,,,,,,,,,TN,TN
autoland,4767314,1,247a31fb40b3ac0b152bd3554743d742a3892fe3,linux1804-64-shippable-qr,True,False,,,102210fe594ee9b33d82058545b1ed14f4c8206e,id-getter-5.html,perf_reftest_singletons,True,perf_reftest_singletons id-getter-5.html opt e10s fission stylo webrender,4767299,77,ms,firefox,446926811.0,1842853594,2024-02-06 14:07:02,490.57,d4cbb150e4c1c845c6984699902a3383f45cc230,1372676,,,,,,,,,,,,,,,,,,,,,,,,,,,,,,,,,,,,,,,,,,,,,,,,,,,,,,,,,,,,,TN,TN
autoland,4767314,1,247a31fb40b3ac0b152bd3554743d742a3892fe3,linux1804-64-shippable-qr,True,False,,,102210fe594ee9b33d82058545b1ed14f4c8206e,id-getter-5.html,perf_reftest_singletons,True,perf_reftest_singletons id-getter-5.html opt e10s fission stylo webrender,4767299,77,ms,firefox,446926816.0,1842853837,2024-02-06 14:39:52,491.29,3a1492fe5ccb9f24595cd0b18bbab5eb116b2ccc,1372698,,,,,,,,,,,,,,,,,,,,,,,,,,,,,,,,,,,,,,,,,,,,,,,,,,,,,,,,,,,,,TN,TN
autoland,4767314,1,247a31fb40b3ac0b152bd3554743d742a3892fe3,linux1804-64-shippable-qr,True,False,,,102210fe594ee9b33d82058545b1ed14f4c8206e,id-getter-5.html,perf_reftest_singletons,True,perf_reftest_singletons id-getter-5.html opt e10s fission stylo webrender,4767299,77,ms,firefox,446473860.0,1841074760,2024-02-06 14:40:33,491.4,aa11ea1d19a3fb9fccc3dd7cb02188d6109ec009,1372699,,,,,,,,,,,,,,,,,,,,,,,,,,,,,,,,,,,,,,,,,,,,,,,,,,,,,,,,,,,,,TN,TN
autoland,4767314,1,247a31fb40b3ac0b152bd3554743d742a3892fe3,linux1804-64-shippable-qr,True,False,,,102210fe594ee9b33d82058545b1ed14f4c8206e,id-getter-5.html,perf_reftest_singletons,True,perf_reftest_singletons id-getter-5.html opt e10s fission stylo webrender,4767299,77,ms,firefox,446473864.0,1841074803,2024-02-06 15:01:04,488.43,19f8c667d6af426c851b0de3f6c17a4b03f78b47,1372707,,,,,,,,,,,,,,,,,,,,,,,,,,,,,,,,,,,,,,,,,,,,,,,,,,,,,,,,,,,,,TN,TN
autoland,4767314,1,247a31fb40b3ac0b152bd3554743d742a3892fe3,linux1804-64-shippable-qr,True,False,,,102210fe594ee9b33d82058545b1ed14f4c8206e,id-getter-5.html,perf_reftest_singletons,True,perf_reftest_singletons id-getter-5.html opt e10s fission stylo webrender,4767299,77,ms,firefox,446473863.0,1841075079,2024-02-06 15:25:27,498.9500000000001,9e9263ad5cf7d929f846d417860f179aa942282a,1372729,,,,,,,,,,,,,,,,,,,,,,,,,,,,,,,,,,,,,,,,,,,,,,,,,,,,,,,,,,,,,TN,TN
autoland,4767314,1,247a31fb40b3ac0b152bd3554743d742a3892fe3,linux1804-64-shippable-qr,True,False,,,102210fe594ee9b33d82058545b1ed14f4c8206e,id-getter-5.html,perf_reftest_singletons,True,perf_reftest_singletons id-getter-5.html opt e10s fission stylo webrender,4767299,77,ms,firefox,446473862.0,1841074986,2024-02-06 15:31:58,497.27,1576ed47882fcd06882e563bfcc284ba54e9957b,1372736,,,,,,,,,,,,,,,,,,,,,,,,,,,,,,,,,,,,,,,,,,,,,,,,,,,,,,,,,,,,,TN,TN
autoland,4767314,1,247a31fb40b3ac0b152bd3554743d742a3892fe3,linux1804-64-shippable-qr,True,False,,,102210fe594ee9b33d82058545b1ed14f4c8206e,id-getter-5.html,perf_reftest_singletons,True,perf_reftest_singletons id-getter-5.html opt e10s fission stylo webrender,4767299,77,ms,firefox,446473871.0,1841074866,2024-02-06 15:31:58,497.80000000000007,1576ed47882fcd06882e563bfcc284ba54e9957b,1372736,,,,,,,,,,,,,,,,,,,,,,,,,,,,,,,,,,,,,,,,,,,,,,,,,,,,,,,,,,,,,TN,TN
autoland,4767314,1,247a31fb40b3ac0b152bd3554743d742a3892fe3,linux1804-64-shippable-qr,True,False,,,102210fe594ee9b33d82058545b1ed14f4c8206e,id-getter-5.html,perf_reftest_singletons,True,perf_reftest_singletons id-getter-5.html opt e10s fission stylo webrender,4767299,77,ms,firefox,446473865.0,1841075160,2024-02-06 15:50:51,493.69,39cf6862a84a2d1496f76ef8a7eb2cd56145f6bf,1372751,,,,,,,,,,,,,,,,,,,,,,,,,,,,,,,,,,,,,,,,,,,,,,,,,,,,,,,,,,,,,TN,TN
autoland,4767314,1,247a31fb40b3ac0b152bd3554743d742a3892fe3,linux1804-64-shippable-qr,True,False,,,102210fe594ee9b33d82058545b1ed14f4c8206e,id-getter-5.html,perf_reftest_singletons,True,perf_reftest_singletons id-getter-5.html opt e10s fission stylo webrender,4767299,77,ms,firefox,446473866.0,1841074912,2024-02-06 15:50:51,485.27,39cf6862a84a2d1496f76ef8a7eb2cd56145f6bf,1372751,,,,,,,,,,,,,,,,,,,,,,,,,,,,,,,,,,,,,,,,,,,,,,,,,,,,,,,,,,,,,TN,TN
autoland,4767314,1,247a31fb40b3ac0b152bd3554743d742a3892fe3,linux1804-64-shippable-qr,True,False,,,102210fe594ee9b33d82058545b1ed14f4c8206e,id-getter-5.html,perf_reftest_singletons,True,perf_reftest_singletons id-getter-5.html opt e10s fission stylo webrender,4767299,77,ms,firefox,446473872.0,1841075108,2024-02-06 15:51:34,480.18,b34477dd4ac226292a2d9b351379c08908b014f8,1372752,,,,,,,,,,,,,,,,,,,,,,,,,,,,,,,,,,,,,,,,,,,,,,,,,,,,,,,,,,,,,TN,TN
autoland,4767314,1,247a31fb40b3ac0b152bd3554743d742a3892fe3,linux1804-64-shippable-qr,True,False,,,102210fe594ee9b33d82058545b1ed14f4c8206e,id-getter-5.html,perf_reftest_singletons,True,perf_reftest_singletons id-getter-5.html opt e10s fission stylo webrender,4767299,77,ms,firefox,446473874.0,1841075208,2024-02-06 15:51:34,486.72,b34477dd4ac226292a2d9b351379c08908b014f8,1372752,,,,,,,,,,,,,,,,,,,,,,,,,,,,,,,,,,,,,,,,,,,,,,,,,,,,,,,,,,,,,TN,TN
autoland,4767314,1,247a31fb40b3ac0b152bd3554743d742a3892fe3,linux1804-64-shippable-qr,True,False,,,102210fe594ee9b33d82058545b1ed14f4c8206e,id-getter-5.html,perf_reftest_singletons,True,perf_reftest_singletons id-getter-5.html opt e10s fission stylo webrender,4767299,77,ms,firefox,446473867.0,1841075033,2024-02-06 15:52:19,488.8,99f809a0ff1e72cac0045c5359cec307a2a57f86,1372753,,,,,,,,,,,,,,,,,,,,,,,,,,,,,,,,,,,,,,,,,,,,,,,,,,,,,,,,,,,,,TN,TN
autoland,4767314,1,247a31fb40b3ac0b152bd3554743d742a3892fe3,linux1804-64-shippable-qr,True,False,,,102210fe594ee9b33d82058545b1ed14f4c8206e,id-getter-5.html,perf_reftest_singletons,True,perf_reftest_singletons id-getter-5.html opt e10s fission stylo webrender,4767299,77,ms,firefox,446473926.0,1841075269,2024-02-06 15:52:19,497.48,99f809a0ff1e72cac0045c5359cec307a2a57f86,1372753,,,,,,,,,,,,,,,,,,,,,,,,,,,,,,,,,,,,,,,,,,,,,,,,,,,,,,,,,,,,,TN,TN
autoland,4767314,1,247a31fb40b3ac0b152bd3554743d742a3892fe3,linux1804-64-shippable-qr,True,False,,,102210fe594ee9b33d82058545b1ed14f4c8206e,id-getter-5.html,perf_reftest_singletons,True,perf_reftest_singletons id-getter-5.html opt e10s fission stylo webrender,4767299,77,ms,firefox,446473868.0,1841075369,2024-02-06 16:00:06,507.35,b3966d5a4d297e1219d7915ab4fcb587341d9a4b,1372766,,,,,,,,,,,,,,,,,,,,,,,,,,,,,,,,,,,,,,,,,,,,,,,,,,,,,,,,,,,,,TN,TN
autoland,4767314,1,247a31fb40b3ac0b152bd3554743d742a3892fe3,linux1804-64-shippable-qr,True,False,,,102210fe594ee9b33d82058545b1ed14f4c8206e,id-getter-5.html,perf_reftest_singletons,True,perf_reftest_singletons id-getter-5.html opt e10s fission stylo webrender,4767299,77,ms,firefox,446474173.0,1841075456,2024-02-06 16:00:06,504.44,b3966d5a4d297e1219d7915ab4fcb587341d9a4b,1372766,,,,,,,,,,,,,,,,,,,,,,,,,,,,,,,,,,,,,,,,,,,,,,,,,,,,,,,,,,,,,TN,TN
autoland,4767314,1,247a31fb40b3ac0b152bd3554743d742a3892fe3,linux1804-64-shippable-qr,True,False,,,102210fe594ee9b33d82058545b1ed14f4c8206e,id-getter-5.html,perf_reftest_singletons,True,perf_reftest_singletons id-getter-5.html opt e10s fission stylo webrender,4767299,77,ms,firefox,446474172.0,1841075411,2024-02-06 16:07:48,491.93,f83467c829171fbff2a01d2876609c50368d3bce,1372772,,,,,,,,,,,,,,,,,,,,,,,,,,,,,,,,,,,,,,,,,,,,,,,,,,,,,,,,,,,,,TN,TN
autoland,4767314,1,247a31fb40b3ac0b152bd3554743d742a3892fe3,linux1804-64-shippable-qr,True,False,,,102210fe594ee9b33d82058545b1ed14f4c8206e,id-getter-5.html,perf_reftest_singletons,True,perf_reftest_singletons id-getter-5.html opt e10s fission stylo webrender,4767299,77,ms,firefox,446474175.0,1841075497,2024-02-06 16:07:48,481.9,f83467c829171fbff2a01d2876609c50368d3bce,1372772,,,,,,,,,,,,,,,,,,,,,,,,,,,,,,,,,,,,,,,,,,,,,,,,,,,,,,,,,,,,,TN,TN
autoland,4767314,1,247a31fb40b3ac0b152bd3554743d742a3892fe3,linux1804-64-shippable-qr,True,False,,,102210fe594ee9b33d82058545b1ed14f4c8206e,id-getter-5.html,perf_reftest_singletons,True,perf_reftest_singletons id-getter-5.html opt e10s fission stylo webrender,4767299,77,ms,firefox,446226545.0,1839944130,2024-02-06 17:15:13,492.58,79b38383448166074627506218757a9881ca5679,1372809,,,,,,,,,,,,,,,,,,,,,,,,,,,,,,,,,,,,,,,,,,,,,,,,,,,,,,,,,,,,,TN,TN
autoland,4767314,1,247a31fb40b3ac0b152bd3554743d742a3892fe3,linux1804-64-shippable-qr,True,False,,,102210fe594ee9b33d82058545b1ed14f4c8206e,id-getter-5.html,perf_reftest_singletons,True,perf_reftest_singletons id-getter-5.html opt e10s fission stylo webrender,4767299,77,ms,firefox,446474179.0,1841075939,2024-02-06 17:22:41,479.86,3eeec53ca76ba462136f560918972845c66cb62d,1372814,,,,,,,,,,,,,,,,,,,,,,,,,,,,,,,,,,,,,,,,,,,,,,,,,,,,,,,,,,,,,TN,TN
autoland,4767314,1,247a31fb40b3ac0b152bd3554743d742a3892fe3,linux1804-64-shippable-qr,True,False,,,102210fe594ee9b33d82058545b1ed14f4c8206e,id-getter-5.html,perf_reftest_singletons,True,perf_reftest_singletons id-getter-5.html opt e10s fission stylo webrender,4767299,77,ms,firefox,446474177.0,1841075776,2024-02-06 17:23:23,482.44,8a4086f451421a27505589048bdf2e6969b4a22f,1372816,,,,,,,,,,,,,,,,,,,,,,,,,,,,,,,,,,,,,,,,,,,,,,,,,,,,,,,,,,,,,TN,TN
autoland,4767314,1,247a31fb40b3ac0b152bd3554743d742a3892fe3,linux1804-64-shippable-qr,True,False,,,102210fe594ee9b33d82058545b1ed14f4c8206e,id-getter-5.html,perf_reftest_singletons,True,perf_reftest_singletons id-getter-5.html opt e10s fission stylo webrender,4767299,77,ms,firefox,446213856.0,1839908376,2024-02-06 17:24:04,506.11,1f93ea2744765ca11b90874574cc12168d3828a5,1372818,,,,,,,,,,,,,,,,,,,,,,,,,,,,,,,,,,,,,,,,,,,,,,,,,,,,,,,,,,,,,TN,TN
autoland,4767314,1,247a31fb40b3ac0b152bd3554743d742a3892fe3,linux1804-64-shippable-qr,True,False,,,102210fe594ee9b33d82058545b1ed14f4c8206e,id-getter-5.html,perf_reftest_singletons,True,perf_reftest_singletons id-getter-5.html opt e10s fission stylo webrender,4767299,77,ms,firefox,446474180.0,1841076022,2024-02-06 18:29:13,487.69000000000005,8cde56dd1f75bd509818eebf3a91eb9d63c35a5e,1372876,,,,,,,,,,,,,,,,,,,,,,,,,,,,,,,,,,,,,,,,,,,,,,,,,,,,,,,,,,,,,TN,TN
autoland,4767314,1,247a31fb40b3ac0b152bd3554743d742a3892fe3,linux1804-64-shippable-qr,True,False,,,102210fe594ee9b33d82058545b1ed14f4c8206e,id-getter-5.html,perf_reftest_singletons,True,perf_reftest_singletons id-getter-5.html opt e10s fission stylo webrender,4767299,77,ms,firefox,446474187.0,1841077038,2024-02-06 18:52:01,496.17,e5a56fbdac9d732c07ba22639ed68df28948ca2d,1372899,,,,,,,,,,,,,,,,,,,,,,,,,,,,,,,,,,,,,,,,,,,,,,,,,,,,,,,,,,,,,TN,TN
autoland,4767314,1,247a31fb40b3ac0b152bd3554743d742a3892fe3,linux1804-64-shippable-qr,True,False,,,102210fe594ee9b33d82058545b1ed14f4c8206e,id-getter-5.html,perf_reftest_singletons,True,perf_reftest_singletons id-getter-5.html opt e10s fission stylo webrender,4767299,77,ms,firefox,446474181.0,1841076086,2024-02-06 18:54:16,497.28,f436bbd967a008d07b58049d2b751609e6605ab4,1372902,,,,,,,,,,,,,,,,,,,,,,,,,,,,,,,,,,,,,,,,,,,,,,,,,,,,,,,,,,,,,TN,TN
autoland,4767314,1,247a31fb40b3ac0b152bd3554743d742a3892fe3,linux1804-64-shippable-qr,True,False,,,102210fe594ee9b33d82058545b1ed14f4c8206e,id-getter-5.html,perf_reftest_singletons,True,perf_reftest_singletons id-getter-5.html opt e10s fission stylo webrender,4767299,77,ms,firefox,446474183.0,1841076251,2024-02-06 18:54:58,497.85,7b42121a4f48dfc82d82b04a831204e7b9fa7cdb,1372905,,,,,,,,,,,,,,,,,,,,,,,,,,,,,,,,,,,,,,,,,,,,,,,,,,,,,,,,,,,,,TN,TN
autoland,4767314,1,247a31fb40b3ac0b152bd3554743d742a3892fe3,linux1804-64-shippable-qr,True,False,,,102210fe594ee9b33d82058545b1ed14f4c8206e,id-getter-5.html,perf_reftest_singletons,True,perf_reftest_singletons id-getter-5.html opt e10s fission stylo webrender,4767299,77,ms,firefox,446474185.0,1841076560,2024-02-06 18:55:39,490.11,e3c76a18de2b4456900f94551dae44407d64eaa3,1372906,,,,,,,,,,,,,,,,,,,,,,,,,,,,,,,,,,,,,,,,,,,,,,,,,,,,,,,,,,,,,TN,TN
autoland,4767314,1,247a31fb40b3ac0b152bd3554743d742a3892fe3,linux1804-64-shippable-qr,True,False,,,102210fe594ee9b33d82058545b1ed14f4c8206e,id-getter-5.html,perf_reftest_singletons,True,perf_reftest_singletons id-getter-5.html opt e10s fission stylo webrender,4767299,77,ms,firefox,446491232.0,1841147270,2024-02-06 18:56:20,491.28,40bac1b10006b24580bad57de6cf5efb2415ad67,1372907,,,,,,,,,,,,,,,,,,,,,,,,,,,,,,,,,,,,,,,,,,,,,,,,,,,,,,,,,,,,,TN,TN
autoland,4767314,1,247a31fb40b3ac0b152bd3554743d742a3892fe3,linux1804-64-shippable-qr,True,False,,,102210fe594ee9b33d82058545b1ed14f4c8206e,id-getter-5.html,perf_reftest_singletons,True,perf_reftest_singletons id-getter-5.html opt e10s fission stylo webrender,4767299,77,ms,firefox,446498459.0,1841164516,2024-02-06 18:57:03,506.65,07c6057bdf293049577ea6eefb05521d4574e4da,1372908,,,,,,,,,,,,,,,,,,,,,,,,,,,,,,,,,,,,,,,,,,,,,,,,,,,,,,,,,,,,,TN,TN
autoland,4767314,1,247a31fb40b3ac0b152bd3554743d742a3892fe3,linux1804-64-shippable-qr,True,False,,,102210fe594ee9b33d82058545b1ed14f4c8206e,id-getter-5.html,perf_reftest_singletons,True,perf_reftest_singletons id-getter-5.html opt e10s fission stylo webrender,4767299,77,ms,firefox,446480946.0,1841106070,2024-02-06 19:03:00,496.12,beb7de3dedccc4c9e76ff909ef644650ecc215a6,1372914,,,,,,,,,,,,,,,,,,,,,,,,,,,,,,,,,,,,,,,,,,,,,,,,,,,,,,,,,,,,,TN,TN
autoland,4767314,1,247a31fb40b3ac0b152bd3554743d742a3892fe3,linux1804-64-shippable-qr,True,False,,,102210fe594ee9b33d82058545b1ed14f4c8206e,id-getter-5.html,perf_reftest_singletons,True,perf_reftest_singletons id-getter-5.html opt e10s fission stylo webrender,4767299,77,ms,firefox,446480991.0,1841106312,2024-02-06 20:22:18,487.68,c77ece737455b3997085f8bde73fcebf26f080bc,1372981,,,,,,,,,,,,,,,,,,,,,,,,,,,,,,,,,,,,,,,,,,,,,,,,,,,,,,,,,,,,,TN,TN
autoland,4767314,1,247a31fb40b3ac0b152bd3554743d742a3892fe3,linux1804-64-shippable-qr,True,False,,,102210fe594ee9b33d82058545b1ed14f4c8206e,id-getter-5.html,perf_reftest_singletons,True,perf_reftest_singletons id-getter-5.html opt e10s fission stylo webrender,4767299,77,ms,firefox,446278201.0,1840266233,2024-02-07 04:17:01,492.67,1d87eb92ed10d04dccab53b631b14010ca09beb6,1373159,,,,,,,,,,,,,,,,,,,,,,,,,,,,,,,,,,,,,,,,,,,,,,,,,,,,,,,,,,,,,TN,TN
autoland,4767314,1,247a31fb40b3ac0b152bd3554743d742a3892fe3,linux1804-64-shippable-qr,True,False,,,102210fe594ee9b33d82058545b1ed14f4c8206e,id-getter-5.html,perf_reftest_singletons,True,perf_reftest_singletons id-getter-5.html opt e10s fission stylo webrender,4767299,77,ms,firefox,446281232.0,1840307515,2024-02-07 04:22:59,493.9,fce00cd55ffb9127f24e7e1d2186178f72429fce,1373168,,,,,,,,,,,,,,,,,,,,,,,,,,,,,,,,,,,,,,,,,,,,,,,,,,,,,,,,,,,,,TN,TN
autoland,4767314,1,247a31fb40b3ac0b152bd3554743d742a3892fe3,linux1804-64-shippable-qr,True,False,,,102210fe594ee9b33d82058545b1ed14f4c8206e,id-getter-5.html,perf_reftest_singletons,True,perf_reftest_singletons id-getter-5.html opt e10s fission stylo webrender,4767299,77,ms,firefox,446304542.0,1840429118,2024-02-07 08:54:39,493.47,df59ba0b3152fb8f6812b413bd2a6869bff469c1,1373246,,,,,,,,,,,,,,,,,,,,,,,,,,,,,,,,,,,,,,,,,,,,,,,,,,,,,,,,,,,,,TN,TN
autoland,4767314,1,247a31fb40b3ac0b152bd3554743d742a3892fe3,linux1804-64-shippable-qr,True,False,,,102210fe594ee9b33d82058545b1ed14f4c8206e,id-getter-5.html,perf_reftest_singletons,True,perf_reftest_singletons id-getter-5.html opt e10s fission stylo webrender,4767299,77,ms,firefox,446304032.0,1840379493,2024-02-07 09:01:16,480.7000000000001,ab5b008e36a4742d737a89c8cbfc1a69e2b76456,1373249,,,,,,,,,,,,,,,,,,,,,,,,,,,,,,,,,,,,,,,,,,,,,,,,,,,,,,,,,,,,,TN,TN
autoland,4767314,1,247a31fb40b3ac0b152bd3554743d742a3892fe3,linux1804-64-shippable-qr,True,False,,,102210fe594ee9b33d82058545b1ed14f4c8206e,id-getter-5.html,perf_reftest_singletons,True,perf_reftest_singletons id-getter-5.html opt e10s fission stylo webrender,4767299,77,ms,firefox,446359579.0,1840544684,2024-02-07 13:03:40,487.46,ec34bf3905e43d945effa45ba094092c7355d4b2,1373380,,,,,,,,,,,,,,,,,,,,,,,,,,,,,,,,,,,,,,,,,,,,,,,,,,,,,,,,,,,,,TN,TN
autoland,4767314,1,247a31fb40b3ac0b152bd3554743d742a3892fe3,linux1804-64-shippable-qr,True,False,,,102210fe594ee9b33d82058545b1ed14f4c8206e,id-getter-5.html,perf_reftest_singletons,True,perf_reftest_singletons id-getter-5.html opt e10s fission stylo webrender,4767299,77,ms,firefox,446365284.0,1840586878,2024-02-07 14:05:10,488.13,fdda8b6b095615f06fbef5c21ff9ad0a90927c83,1373437,,,,,,,,,,,,,,,,,,,,,,,,,,,,,,,,,,,,,,,,,,,,,,,,,,,,,,,,,,,,,TN,TN
autoland,4767314,1,247a31fb40b3ac0b152bd3554743d742a3892fe3,linux1804-64-shippable-qr,True,False,,,102210fe594ee9b33d82058545b1ed14f4c8206e,id-getter-5.html,perf_reftest_singletons,True,perf_reftest_singletons id-getter-5.html opt e10s fission stylo webrender,4767299,77,ms,firefox,446409713.0,1840749137,2024-02-07 17:25:01,498.39,fcafc196f2cef3d5c607edaa0f66c96cdf1708d6,1373622,,,,,,,,,,,,,,,,,,,,,,,,,,,,,,,,,,,,,,,,,,,,,,,,,,,,,,,,,,,,,TN,TN
autoland,4767314,1,247a31fb40b3ac0b152bd3554743d742a3892fe3,linux1804-64-shippable-qr,True,False,,,102210fe594ee9b33d82058545b1ed14f4c8206e,id-getter-5.html,perf_reftest_singletons,True,perf_reftest_singletons id-getter-5.html opt e10s fission stylo webrender,4767299,77,ms,firefox,446430537.0,1840838986,2024-02-07 21:31:39,507.63000000000005,0eee0e78f83c43165f612c4e7f3f7ff52d665b9c,1373826,,,,,,,,,,,,,,,,,,,,,,,,,,,,,,,,,,,,,,,,,,,,,,,,,,,,,,,,,,,,,TN,TN
autoland,4767314,1,247a31fb40b3ac0b152bd3554743d742a3892fe3,linux1804-64-shippable-qr,True,False,,,102210fe594ee9b33d82058545b1ed14f4c8206e,id-getter-5.html,perf_reftest_singletons,True,perf_reftest_singletons id-getter-5.html opt e10s fission stylo webrender,4767299,77,ms,firefox,446431108.0,1840876344,2024-02-07 21:36:53,481.59,1cb745ef034e9cd65d98c15632e13f5862e7390b,1373829,,,,,,,,,,,,,,,,,,,,,,,,,,,,,,,,,,,,,,,,,,,,,,,,,,,,,,,,,,,,,TN,TN
autoland,4767314,1,247a31fb40b3ac0b152bd3554743d742a3892fe3,linux1804-64-shippable-qr,True,False,,,102210fe594ee9b33d82058545b1ed14f4c8206e,id-getter-5.html,perf_reftest_singletons,True,perf_reftest_singletons id-getter-5.html opt e10s fission stylo webrender,4767299,77,ms,firefox,446455592.0,1840951137,2024-02-08 01:47:30,494.04,0cb1cb869761baae745081466c878e32a7d83888,1373927,,,,,,,,,,,,,,,,,,,,,,,,,,,,,,,,,,,,,,,,,,,,,,,,,,,,,,,,,,,,,TN,TN
autoland,4767314,1,247a31fb40b3ac0b152bd3554743d742a3892fe3,linux1804-64-shippable-qr,True,False,,,102210fe594ee9b33d82058545b1ed14f4c8206e,id-getter-5.html,perf_reftest_singletons,True,perf_reftest_singletons id-getter-5.html opt e10s fission stylo webrender,4767299,77,ms,firefox,446457498.0,1840974996,2024-02-08 02:38:53,492.46,bbcb9c75a4919aa67c2fc1ec689eb69d653990dd,1373953,,,,,,,,,,,,,,,,,,,,,,,,,,,,,,,,,,,,,,,,,,,,,,,,,,,,,,,,,,,,,TN,TN
autoland,4767314,1,247a31fb40b3ac0b152bd3554743d742a3892fe3,linux1804-64-shippable-qr,True,False,,,102210fe594ee9b33d82058545b1ed14f4c8206e,id-getter-5.html,perf_reftest_singletons,True,perf_reftest_singletons id-getter-5.html opt e10s fission stylo webrender,4767299,77,ms,firefox,446471367.0,1841059677,2024-02-08 07:03:19,483.05,344524bd7c755d7d7fcfca1d69503577b07db2b7,1374007,,,,,,,,,,,,,,,,,,,,,,,,,,,,,,,,,,,,,,,,,,,,,,,,,,,,,,,,,,,,,TN,TN
autoland,4767314,1,247a31fb40b3ac0b152bd3554743d742a3892fe3,linux1804-64-shippable-qr,True,False,,,102210fe594ee9b33d82058545b1ed14f4c8206e,id-getter-5.html,perf_reftest_singletons,True,perf_reftest_singletons id-getter-5.html opt e10s fission stylo webrender,4767299,77,ms,firefox,446530442.0,1841277185,2024-02-08 14:56:42,483.02,286029e09b16d8910d7110864541cdb9d4b84681,1374192,,,,,,,,,,,,,,,,,,,,,,,,,,,,,,,,,,,,,,,,,,,,,,,,,,,,,,,,,,,,,TN,TN
autoland,4767314,1,247a31fb40b3ac0b152bd3554743d742a3892fe3,linux1804-64-shippable-qr,True,False,,,102210fe594ee9b33d82058545b1ed14f4c8206e,id-getter-5.html,perf_reftest_singletons,True,perf_reftest_singletons id-getter-5.html opt e10s fission stylo webrender,4767299,77,ms,firefox,446534728.0,1841305671,2024-02-08 16:03:43,489.25,590071462358f92ff5d36dc8f99a472a45101fdb,1374244,,,,,,,,,,,,,,,,,,,,,,,,,,,,,,,,,,,,,,,,,,,,,,,,,,,,,,,,,,,,,TN,TN
autoland,4767314,1,247a31fb40b3ac0b152bd3554743d742a3892fe3,linux1804-64-shippable-qr,True,False,,,102210fe594ee9b33d82058545b1ed14f4c8206e,id-getter-5.html,perf_reftest_singletons,True,perf_reftest_singletons id-getter-5.html opt e10s fission stylo webrender,4767299,77,ms,firefox,446588367.0,1841513827,2024-02-08 22:41:03,494.15,8b424277a5065ea04bc1818e9ba12a8b24c12008,1374550,,,,,,,,,,,,,,,,,,,,,,,,,,,,,,,,,,,,,,,,,,,,,,,,,,,,,,,,,,,,,TN,TN
autoland,4767314,1,247a31fb40b3ac0b152bd3554743d742a3892fe3,linux1804-64-shippable-qr,True,False,,,102210fe594ee9b33d82058545b1ed14f4c8206e,id-getter-5.html,perf_reftest_singletons,True,perf_reftest_singletons id-getter-5.html opt e10s fission stylo webrender,4767299,77,ms,firefox,446590689.0,1841537126,2024-02-08 23:27:55,482.99,ba6c8f006d21287c25440f5141e3eead45bd9f96,1374577,,,,,,,,,,,,,,,,,,,,,,,,,,,,,,,,,,,,,,,,,,,,,,,,,,,,,,,,,,,,,TN,TN
autoland,4767314,1,247a31fb40b3ac0b152bd3554743d742a3892fe3,linux1804-64-shippable-qr,True,False,,,102210fe594ee9b33d82058545b1ed14f4c8206e,id-getter-5.html,perf_reftest_singletons,True,perf_reftest_singletons id-getter-5.html opt e10s fission stylo webrender,4767299,77,ms,firefox,446633358.0,1841707813,2024-02-08 23:39:28,493.97,cfafa1a1bdded5e6c956260432539b9d769a74b7,1374587,,,,,,,,,,,,,,,,,,,,,,,,,,,,,,,,,,,,,,,,,,,,,,,,,,,,,,,,,,,,,TN,TN
autoland,4767314,1,247a31fb40b3ac0b152bd3554743d742a3892fe3,linux1804-64-shippable-qr,True,False,,,102210fe594ee9b33d82058545b1ed14f4c8206e,id-getter-5.html,perf_reftest_singletons,True,perf_reftest_singletons id-getter-5.html opt e10s fission stylo webrender,4767299,77,ms,firefox,446633393.0,1841707937,2024-02-08 23:49:30,503.88,7ae707f4ae6dc958a4f690a92d47662a1aa77a1c,1374595,,,,,,,,,,,,,,,,,,,,,,,,,,,,,,,,,,,,,,,,,,,,,,,,,,,,,,,,,,,,,TN,TN
autoland,4767314,1,247a31fb40b3ac0b152bd3554743d742a3892fe3,linux1804-64-shippable-qr,True,False,,,102210fe594ee9b33d82058545b1ed14f4c8206e,id-getter-5.html,perf_reftest_singletons,True,perf_reftest_singletons id-getter-5.html opt e10s fission stylo webrender,4767299,77,ms,firefox,446616092.0,1841631435,2024-02-09 04:08:21,493.91,b17a56f7d0a828b62b52f572c8237345bf64786f,1374660,,,,,,,,,,,,,,,,,,,,,,,,,,,,,,,,,,,,,,,,,,,,,,,,,,,,,,,,,,,,,TN,TN
autoland,4767314,1,247a31fb40b3ac0b152bd3554743d742a3892fe3,linux1804-64-shippable-qr,True,False,,,102210fe594ee9b33d82058545b1ed14f4c8206e,id-getter-5.html,perf_reftest_singletons,True,perf_reftest_singletons id-getter-5.html opt e10s fission stylo webrender,4767299,77,ms,firefox,446638600.0,1841725333,2024-02-09 08:27:03,502.7,7b81e807e547afd0cca0453e9697e58369ae5e92,1374718,,,,,,,,,,,,,,,,,,,,,,,,,,,,,,,,,,,,,,,,,,,,,,,,,,,,,,,,,,,,,TN,TN
autoland,4767314,1,247a31fb40b3ac0b152bd3554743d742a3892fe3,linux1804-64-shippable-qr,True,False,,,102210fe594ee9b33d82058545b1ed14f4c8206e,id-getter-5.html,perf_reftest_singletons,True,perf_reftest_singletons id-getter-5.html opt e10s fission stylo webrender,4767299,77,ms,firefox,446671743.0,1841861313,2024-02-09 11:56:29,487.66,045e453bba33077fb8d5641ca3706f3785ce14f5,1374806,,,,,,,,,,,,,,,,,,,,,,,,,,,,,,,,,,,,,,,,,,,,,,,,,,,,,,,,,,,,,TN,TN
autoland,4767314,1,247a31fb40b3ac0b152bd3554743d742a3892fe3,linux1804-64-shippable-qr,True,False,,,102210fe594ee9b33d82058545b1ed14f4c8206e,id-getter-5.html,perf_reftest_singletons,True,perf_reftest_singletons id-getter-5.html opt e10s fission stylo webrender,4767299,77,ms,firefox,446723162.0,1842019455,2024-02-09 16:09:01,490.69,193e6982f5a17f0fa7cced978df3079f87e4ad99,1374959,,,,,,,,,,,,,,,,,,,,,,,,,,,,,,,,,,,,,,,,,,,,,,,,,,,,,,,,,,,,,TN,TN
autoland,4767314,1,247a31fb40b3ac0b152bd3554743d742a3892fe3,linux1804-64-shippable-qr,True,False,,,102210fe594ee9b33d82058545b1ed14f4c8206e,id-getter-5.html,perf_reftest_singletons,True,perf_reftest_singletons id-getter-5.html opt e10s fission stylo webrender,4767299,77,ms,firefox,446732396.0,1842058348,2024-02-09 17:06:42,493.55,39d76f98160905dab2a294ece0e03ee8ba5ba4cc,1375009,,,,,,,,,,,,,,,,,,,,,,,,,,,,,,,,,,,,,,,,,,,,,,,,,,,,,,,,,,,,,TN,TN
autoland,4767314,1,247a31fb40b3ac0b152bd3554743d742a3892fe3,linux1804-64-shippable-qr,True,False,,,102210fe594ee9b33d82058545b1ed14f4c8206e,id-getter-5.html,perf_reftest_singletons,True,perf_reftest_singletons id-getter-5.html opt e10s fission stylo webrender,4767299,77,ms,firefox,446760628.0,1842187954,2024-02-09 21:47:15,493.48,0fb5f3212fd93e901bed6bb19bd8b63339869991,1375247,,,,,,,,,,,,,,,,,,,,,,,,,,,,,,,,,,,,,,,,,,,,,,,,,,,,,,,,,,,,,TN,TN
autoland,4767314,1,247a31fb40b3ac0b152bd3554743d742a3892fe3,linux1804-64-shippable-qr,True,False,,,102210fe594ee9b33d82058545b1ed14f4c8206e,id-getter-5.html,perf_reftest_singletons,True,perf_reftest_singletons id-getter-5.html opt e10s fission stylo webrender,4767299,77,ms,firefox,446786614.0,1842279219,2024-02-10 07:03:30,496.85,20876ae07c4b760464125773aa45200a98f34159,1375365,,,,,,,,,,,,,,,,,,,,,,,,,,,,,,,,,,,,,,,,,,,,,,,,,,,,,,,,,,,,,TN,TN
autoland,4767314,1,247a31fb40b3ac0b152bd3554743d742a3892fe3,linux1804-64-shippable-qr,True,False,,,102210fe594ee9b33d82058545b1ed14f4c8206e,id-getter-5.html,perf_reftest_singletons,True,perf_reftest_singletons id-getter-5.html opt e10s fission stylo webrender,4767299,77,ms,firefox,446814410.0,1842376072,2024-02-10 13:47:16,506.7000000000001,b09350ff8440d3ef5d3ac2b811bfe9a5d243196a,1375389,,,,,,,,,,,,,,,,,,,,,,,,,,,,,,,,,,,,,,,,,,,,,,,,,,,,,,,,,,,,,TN,TN
autoland,4767314,1,247a31fb40b3ac0b152bd3554743d742a3892fe3,linux1804-64-shippable-qr,True,False,,,102210fe594ee9b33d82058545b1ed14f4c8206e,id-getter-5.html,perf_reftest_singletons,True,perf_reftest_singletons id-getter-5.html opt e10s fission stylo webrender,4767299,77,ms,firefox,446820203.0,1842398979,2024-02-10 17:58:32,524.03,f6690a5e6ceef6b384dc31d4485e790a4935508a,1375417,,,,,,,,,,,,,,,,,,,,,,,,,,,,,,,,,,,,,,,,,,,,,,,,,,,,,,,,,,,,,TN,TN
autoland,4767314,1,247a31fb40b3ac0b152bd3554743d742a3892fe3,linux1804-64-shippable-qr,True,False,,,102210fe594ee9b33d82058545b1ed14f4c8206e,id-getter-5.html,perf_reftest_singletons,True,perf_reftest_singletons id-getter-5.html opt e10s fission stylo webrender,4767299,77,ms,firefox,446839791.0,1842463800,2024-02-11 02:31:23,496.19,f92c77fccb76549171ecc809818a26b1eb883b43,1375439,,,,,,,,,,,,,,,,,,,,,,,,,,,,,,,,,,,,,,,,,,,,,,,,,,,,,,,,,,,,,TN,TN
autoland,4767314,1,247a31fb40b3ac0b152bd3554743d742a3892fe3,linux1804-64-shippable-qr,True,False,,,102210fe594ee9b33d82058545b1ed14f4c8206e,id-getter-5.html,perf_reftest_singletons,True,perf_reftest_singletons id-getter-5.html opt e10s fission stylo webrender,4767299,77,ms,firefox,446872926.0,1842606482,2024-02-11 15:25:51,498.51,13676fc9b0cd8461cb9863d3a2d1b9a696a9c0f5,1375518,,,,,,,,,,,,,,,,,,,,,,,,,,,,,,,,,,,,,,,,,,,,,,,,,,,,,,,,,,,,,TN,TN
autoland,4767314,1,247a31fb40b3ac0b152bd3554743d742a3892fe3,linux1804-64-shippable-qr,True,False,,,102210fe594ee9b33d82058545b1ed14f4c8206e,id-getter-5.html,perf_reftest_singletons,True,perf_reftest_singletons id-getter-5.html opt e10s fission stylo webrender,4767299,77,ms,firefox,446944371.0,1842913682,2024-02-12 15:53:07,489.5,cab51450b6bd71ade4db0f49831f7e402b375b45,1375888,,,,,,,,,,,,,,,,,,,,,,,,,,,,,,,,,,,,,,,,,,,,,,,,,,,,,,,,,,,,,TN,TN
autoland,4767314,1,247a31fb40b3ac0b152bd3554743d742a3892fe3,linux1804-64-shippable-qr,True,False,,,102210fe594ee9b33d82058545b1ed14f4c8206e,id-getter-5.html,perf_reftest_singletons,True,perf_reftest_singletons id-getter-5.html opt e10s fission stylo webrender,4767299,77,ms,firefox,446973680.0,1842986693,2024-02-12 20:04:04,504.4500000000001,37ec3180a6cbce3bb2544f9a16b4ded4657c6eb6,1376093,,,,,,,,,,,,,,,,,,,,,,,,,,,,,,,,,,,,,,,,,,,,,,,,,,,,,,,,,,,,,TN,TN
autoland,4767314,1,247a31fb40b3ac0b152bd3554743d742a3892fe3,linux1804-64-shippable-qr,True,False,,,102210fe594ee9b33d82058545b1ed14f4c8206e,id-getter-5.html,perf_reftest_singletons,True,perf_reftest_singletons id-getter-5.html opt e10s fission stylo webrender,4767299,77,ms,firefox,446977574.0,1843004586,2024-02-12 20:15:07,495.31,995a3050d70cb954214be8710caa54a1794745ec,1376103,,,,,,,,,,,,,,,,,,,,,,,,,,,,,,,,,,,,,,,,,,,,,,,,,,,,,,,,,,,,,TN,TN
autoland,4767314,1,247a31fb40b3ac0b152bd3554743d742a3892fe3,linux1804-64-shippable-qr,True,False,,,102210fe594ee9b33d82058545b1ed14f4c8206e,id-getter-5.html,perf_reftest_singletons,True,perf_reftest_singletons id-getter-5.html opt e10s fission stylo webrender,4767299,77,ms,firefox,447022809.0,1843120331,2024-02-13 00:22:17,495.69000000000005,b316bafe790ef37c5585cadd21f6a2c8ebd749b9,1376256,,,,,,,,,,,,,,,,,,,,,,,,,,,,,,,,,,,,,,,,,,,,,,,,,,,,,,,,,,,,,TN,TN
autoland,4767314,1,247a31fb40b3ac0b152bd3554743d742a3892fe3,linux1804-64-shippable-qr,True,False,,,102210fe594ee9b33d82058545b1ed14f4c8206e,id-getter-5.html,perf_reftest_singletons,True,perf_reftest_singletons id-getter-5.html opt e10s fission stylo webrender,4767299,77,ms,firefox,447032939.0,1843154887,2024-02-13 02:51:29,499.78,52fc8e3041c5f42dfa50438336b110a9a5e77f2b,1376298,,,,,,,,,,,,,,,,,,,,,,,,,,,,,,,,,,,,,,,,,,,,,,,,,,,,,,,,,,,,,TN,TN
autoland,4767314,1,247a31fb40b3ac0b152bd3554743d742a3892fe3,linux1804-64-shippable-qr,True,False,,,102210fe594ee9b33d82058545b1ed14f4c8206e,id-getter-5.html,perf_reftest_singletons,True,perf_reftest_singletons id-getter-5.html opt e10s fission stylo webrender,4767299,77,ms,firefox,447058236.0,1843280401,2024-02-13 06:57:28,504.96,5f6ad5b21119b4bbef2bc6c9153e0f7329c20ebe,1376370,,,,,,,,,,,,,,,,,,,,,,,,,,,,,,,,,,,,,,,,,,,,,,,,,,,,,,,,,,,,,TN,TN
autoland,4767314,1,247a31fb40b3ac0b152bd3554743d742a3892fe3,linux1804-64-shippable-qr,True,False,,,102210fe594ee9b33d82058545b1ed14f4c8206e,id-getter-5.html,perf_reftest_singletons,True,perf_reftest_singletons id-getter-5.html opt e10s fission stylo webrender,4767299,77,ms,firefox,447083218.0,1843362340,2024-02-13 09:49:45,487.0,c5320acccd4a760b0ae41149fcdd8fe44b658ee7,1376447,,,,,,,,,,,,,,,,,,,,,,,,,,,,,,,,,,,,,,,,,,,,,,,,,,,,,,,,,,,,,TN,TN
autoland,4767314,1,247a31fb40b3ac0b152bd3554743d742a3892fe3,linux1804-64-shippable-qr,True,False,,,102210fe594ee9b33d82058545b1ed14f4c8206e,id-getter-5.html,perf_reftest_singletons,True,perf_reftest_singletons id-getter-5.html opt e10s fission stylo webrender,4767299,77,ms,firefox,447111939.0,1843471488,2024-02-13 13:45:34,501.58,0d474eb34652f4c47a16b6d83012c0f2e026dc00,1376559,,,,,,,,,,,,,,,,,,,,,,,,,,,,,,,,,,,,,,,,,,,,,,,,,,,,,,,,,,,,,TN,TN
autoland,4767314,1,247a31fb40b3ac0b152bd3554743d742a3892fe3,linux1804-64-shippable-qr,True,False,,,102210fe594ee9b33d82058545b1ed14f4c8206e,id-getter-5.html,perf_reftest_singletons,True,perf_reftest_singletons id-getter-5.html opt e10s fission stylo webrender,4767299,77,ms,firefox,447131149.0,1843546519,2024-02-13 16:46:39,502.34,17329a53b9f9a20247103958883a0ce7c42af78d,1376703,,,,,,,,,,,,,,,,,,,,,,,,,,,,,,,,,,,,,,,,,,,,,,,,,,,,,,,,,,,,,TN,TN
autoland,4767314,1,247a31fb40b3ac0b152bd3554743d742a3892fe3,linux1804-64-shippable-qr,True,False,,,102210fe594ee9b33d82058545b1ed14f4c8206e,id-getter-5.html,perf_reftest_singletons,True,perf_reftest_singletons id-getter-5.html opt e10s fission stylo webrender,4767299,77,ms,firefox,447196131.0,1843736943,2024-02-14 00:47:09,492.94,4a18caac75720f24abc9063ce8df5fa6b7948aa4,1376921,,,,,,,,,,,,,,,,,,,,,,,,,,,,,,,,,,,,,,,,,,,,,,,,,,,,,,,,,,,,,TN,TN
autoland,4767314,1,247a31fb40b3ac0b152bd3554743d742a3892fe3,linux1804-64-shippable-qr,True,False,,,102210fe594ee9b33d82058545b1ed14f4c8206e,id-getter-5.html,perf_reftest_singletons,True,perf_reftest_singletons id-getter-5.html opt e10s fission stylo webrender,4767299,77,ms,firefox,447199420.0,1843772717,2024-02-14 01:35:59,502.1700000000001,aaaa3f2b8fed9e159a8b08e4263034e9a051be71,1376937,,,,,,,,,,,,,,,,,,,,,,,,,,,,,,,,,,,,,,,,,,,,,,,,,,,,,,,,,,,,,TN,TN
autoland,4767314,1,247a31fb40b3ac0b152bd3554743d742a3892fe3,linux1804-64-shippable-qr,True,False,,,102210fe594ee9b33d82058545b1ed14f4c8206e,id-getter-5.html,perf_reftest_singletons,True,perf_reftest_singletons id-getter-5.html opt e10s fission stylo webrender,4767299,77,ms,firefox,447215226.0,1843816203,2024-02-14 05:55:05,495.13,1b24ea8c2e7e02f00bd61e8cd672da76b16c42a6,1376972,,,,,,,,,,,,,,,,,,,,,,,,,,,,,,,,,,,,,,,,,,,,,,,,,,,,,,,,,,,,,TN,TN
autoland,4767314,1,247a31fb40b3ac0b152bd3554743d742a3892fe3,linux1804-64-shippable-qr,True,False,,,102210fe594ee9b33d82058545b1ed14f4c8206e,id-getter-5.html,perf_reftest_singletons,True,perf_reftest_singletons id-getter-5.html opt e10s fission stylo webrender,4767299,77,ms,firefox,447273855.0,1843977416,2024-02-14 15:32:04,499.31000000000006,dca10aca1871edfdba5107bc7766982b186d7f2c,1377071,,,,,,,,,,,,,,,,,,,,,,,,,,,,,,,,,,,,,,,,,,,,,,,,,,,,,,,,,,,,,TN,TN
autoland,4767314,1,247a31fb40b3ac0b152bd3554743d742a3892fe3,linux1804-64-shippable-qr,True,False,,,102210fe594ee9b33d82058545b1ed14f4c8206e,id-getter-5.html,perf_reftest_singletons,True,perf_reftest_singletons id-getter-5.html opt e10s fission stylo webrender,4767299,77,ms,firefox,447284698.0,1844023948,2024-02-14 15:37:30,488.29,2ea0fda6ec6ed02a530a3a4bb67fabb0d14d403f,1377078,,,,,,,,,,,,,,,,,,,,,,,,,,,,,,,,,,,,,,,,,,,,,,,,,,,,,,,,,,,,,TN,TN
autoland,4767314,1,247a31fb40b3ac0b152bd3554743d742a3892fe3,linux1804-64-shippable-qr,True,False,,,102210fe594ee9b33d82058545b1ed14f4c8206e,id-getter-5.html,perf_reftest_singletons,True,perf_reftest_singletons id-getter-5.html opt e10s fission stylo webrender,4767299,77,ms,firefox,447311047.0,1844088649,2024-02-14 20:39:05,505.94999999999993,b0b34dab81d56b5e5ee526c9f44e926db4b27dce,1377195,,,,,,,,,,,,,,,,,,,,,,,,,,,,,,,,,,,,,,,,,,,,,,,,,,,,,,,,,,,,,TN,TN
autoland,4767314,1,247a31fb40b3ac0b152bd3554743d742a3892fe3,linux1804-64-shippable-qr,True,False,,,102210fe594ee9b33d82058545b1ed14f4c8206e,id-getter-5.html,perf_reftest_singletons,True,perf_reftest_singletons id-getter-5.html opt e10s fission stylo webrender,4767299,77,ms,firefox,447332217.0,1844177163,2024-02-15 00:51:05,493.08,981afc9a696a12b7e873eae165925138a2726efe,1377256,,,,,,,,,,,,,,,,,,,,,,,,,,,,,,,,,,,,,,,,,,,,,,,,,,,,,,,,,,,,,TN,TN
autoland,4767314,1,247a31fb40b3ac0b152bd3554743d742a3892fe3,linux1804-64-shippable-qr,True,False,,,102210fe594ee9b33d82058545b1ed14f4c8206e,id-getter-5.html,perf_reftest_singletons,True,perf_reftest_singletons id-getter-5.html opt e10s fission stylo webrender,4767299,77,ms,firefox,447348091.0,1844237261,2024-02-15 04:52:31,494.88,aa5fc411278d3beae081682cb31a2167257d3aed,1377304,,,,,,,,,,,,,,,,,,,,,,,,,,,,,,,,,,,,,,,,,,,,,,,,,,,,,,,,,,,,,TN,TN
autoland,4767314,1,247a31fb40b3ac0b152bd3554743d742a3892fe3,linux1804-64-shippable-qr,True,False,,,102210fe594ee9b33d82058545b1ed14f4c8206e,id-getter-5.html,perf_reftest_singletons,True,perf_reftest_singletons id-getter-5.html opt e10s fission stylo webrender,4767299,77,ms,firefox,447389459.0,1844384469,2024-02-15 12:49:34,493.74,2b4e9ee6225f1183da45d24404e72f48e3803f08,1377375,,,,,,,,,,,,,,,,,,,,,,,,,,,,,,,,,,,,,,,,,,,,,,,,,,,,,,,,,,,,,TN,TN
autoland,4767314,1,247a31fb40b3ac0b152bd3554743d742a3892fe3,linux1804-64-shippable-qr,True,False,,,102210fe594ee9b33d82058545b1ed14f4c8206e,id-getter-5.html,perf_reftest_singletons,True,perf_reftest_singletons id-getter-5.html opt e10s fission stylo webrender,4767299,77,ms,firefox,447407243.0,1844448215,2024-02-15 16:23:45,489.53,dbe553dd13b79a3c4821f203f3adca31fe71cc56,1377427,,,,,,,,,,,,,,,,,,,,,,,,,,,,,,,,,,,,,,,,,,,,,,,,,,,,,,,,,,,,,TN,TN
autoland,4767314,1,247a31fb40b3ac0b152bd3554743d742a3892fe3,linux1804-64-shippable-qr,True,False,,,102210fe594ee9b33d82058545b1ed14f4c8206e,id-getter-5.html,perf_reftest_singletons,True,perf_reftest_singletons id-getter-5.html opt e10s fission stylo webrender,4767299,77,ms,firefox,447430406.0,1844544751,2024-02-15 20:44:46,496.1,02d5bc9805676f9a22f3cef50c86ddc38e7534d9,1377493,,,,,,,,,,,,,,,,,,,,,,,,,,,,,,,,,,,,,,,,,,,,,,,,,,,,,,,,,,,,,TN,TN
autoland,4767314,1,247a31fb40b3ac0b152bd3554743d742a3892fe3,linux1804-64-shippable-qr,True,False,,,102210fe594ee9b33d82058545b1ed14f4c8206e,id-getter-5.html,perf_reftest_singletons,True,perf_reftest_singletons id-getter-5.html opt e10s fission stylo webrender,4767299,77,ms,firefox,447437531.0,1844587194,2024-02-15 22:19:13,496.15,798af36e79586239c3954fe06796d9a27a353b92,1377518,,,,,,,,,,,,,,,,,,,,,,,,,,,,,,,,,,,,,,,,,,,,,,,,,,,,,,,,,,,,,TN,TN
autoland,4767314,1,247a31fb40b3ac0b152bd3554743d742a3892fe3,linux1804-64-shippable-qr,True,False,,,102210fe594ee9b33d82058545b1ed14f4c8206e,id-getter-5.html,perf_reftest_singletons,True,perf_reftest_singletons id-getter-5.html opt e10s fission stylo webrender,4767299,77,ms,firefox,447484722.0,1844727118,2024-02-16 06:24:45,499.47,861d200fe3e761e23bbb6ce556446725fb01cd43,1378006,,,,,,,,,,,,,,,,,,,,,,,,,,,,,,,,,,,,,,,,,,,,,,,,,,,,,,,,,,,,,TN,TN
autoland,4767314,1,247a31fb40b3ac0b152bd3554743d742a3892fe3,linux1804-64-shippable-qr,True,False,,,102210fe594ee9b33d82058545b1ed14f4c8206e,id-getter-5.html,perf_reftest_singletons,True,perf_reftest_singletons id-getter-5.html opt e10s fission stylo webrender,4767299,77,ms,firefox,447521537.0,1844826030,2024-02-16 14:55:53,485.06000000000006,313b43f262a908e7e012c7d19f326345a0863bae,1378386,,,,,,,,,,,,,,,,,,,,,,,,,,,,,,,,,,,,,,,,,,,,,,,,,,,,,,,,,,,,,TN,TN
autoland,4767314,1,247a31fb40b3ac0b152bd3554743d742a3892fe3,linux1804-64-shippable-qr,True,False,,,102210fe594ee9b33d82058545b1ed14f4c8206e,id-getter-5.html,perf_reftest_singletons,True,perf_reftest_singletons id-getter-5.html opt e10s fission stylo webrender,4767299,77,ms,firefox,447564635.0,1845038050,2024-02-17 16:55:38,481.29,2af34b4c9adf8c8defd3251b569af9c38cc0a429,1378583,,,,,,,,,,,,,,,,,,,,,,,,,,,,,,,,,,,,,,,,,,,,,,,,,,,,,,,,,,,,,TN,TN
autoland,4767314,1,247a31fb40b3ac0b152bd3554743d742a3892fe3,linux1804-64-shippable-qr,True,False,,,102210fe594ee9b33d82058545b1ed14f4c8206e,id-getter-5.html,perf_reftest_singletons,True,perf_reftest_singletons id-getter-5.html opt e10s fission stylo webrender,4767299,77,ms,firefox,447595475.0,1845199213,2024-02-19 03:31:58,496.35,fcdb3e9046c67688b2a5b8aeb6451b081b3b52ea,1378717,,,,,,,,,,,,,,,,,,,,,,,,,,,,,,,,,,,,,,,,,,,,,,,,,,,,,,,,,,,,,TN,TN
autoland,4767314,1,247a31fb40b3ac0b152bd3554743d742a3892fe3,linux1804-64-shippable-qr,True,False,,,102210fe594ee9b33d82058545b1ed14f4c8206e,id-getter-5.html,perf_reftest_singletons,True,perf_reftest_singletons id-getter-5.html opt e10s fission stylo webrender,4767299,77,ms,firefox,447615087.0,1845356917,2024-02-19 10:14:02,489.31,1dcfa194ad7d005175d431adf6ee3b93c00fb453,1378796,,,,,,,,,,,,,,,,,,,,,,,,,,,,,,,,,,,,,,,,,,,,,,,,,,,,,,,,,,,,,TN,TN
autoland,4767314,1,247a31fb40b3ac0b152bd3554743d742a3892fe3,linux1804-64-shippable-qr,True,False,,,102210fe594ee9b33d82058545b1ed14f4c8206e,id-getter-5.html,perf_reftest_singletons,True,perf_reftest_singletons id-getter-5.html opt e10s fission stylo webrender,4767299,77,ms,firefox,447638804.0,1845376404,2024-02-19 12:40:02,484.95,ac4ab326e785a5ad42ce51b54749c2bcce394916,1378838,,,,,,,,,,,,,,,,,,,,,,,,,,,,,,,,,,,,,,,,,,,,,,,,,,,,,,,,,,,,,TN,TN
autoland,4767314,1,247a31fb40b3ac0b152bd3554743d742a3892fe3,linux1804-64-shippable-qr,True,False,,,102210fe594ee9b33d82058545b1ed14f4c8206e,id-getter-5.html,perf_reftest_singletons,True,perf_reftest_singletons id-getter-5.html opt e10s fission stylo webrender,4767299,77,ms,firefox,447667843.0,1845445010,2024-02-19 16:50:13,486.53,bef8b1b461b8524917fc01cd866e903290b1d7f6,1378949,,,,,,,,,,,,,,,,,,,,,,,,,,,,,,,,,,,,,,,,,,,,,,,,,,,,,,,,,,,,,TN,TN
autoland,4767314,1,247a31fb40b3ac0b152bd3554743d742a3892fe3,linux1804-64-shippable-qr,True,False,,,102210fe594ee9b33d82058545b1ed14f4c8206e,id-getter-5.html,perf_reftest_singletons,True,perf_reftest_singletons id-getter-5.html opt e10s fission stylo webrender,4767299,77,ms,firefox,447688240.0,1845507193,2024-02-19 20:56:27,495.58,2f43b0ae1352efb25f67ffe4f86884c0eb959adb,1379008,,,,,,,,,,,,,,,,,,,,,,,,,,,,,,,,,,,,,,,,,,,,,,,,,,,,,,,,,,,,,TN,TN
autoland,4767314,1,247a31fb40b3ac0b152bd3554743d742a3892fe3,linux1804-64-shippable-qr,True,False,,,102210fe594ee9b33d82058545b1ed14f4c8206e,id-getter-5.html,perf_reftest_singletons,True,perf_reftest_singletons id-getter-5.html opt e10s fission stylo webrender,4767299,77,ms,firefox,447698171.0,1845550462,2024-02-19 22:19:49,498.47,e9309553f817fa164bde4c229fe12ae51207bed9,1379038,,,,,,,,,,,,,,,,,,,,,,,,,,,,,,,,,,,,,,,,,,,,,,,,,,,,,,,,,,,,,TN,TN
autoland,4767314,1,247a31fb40b3ac0b152bd3554743d742a3892fe3,linux1804-64-shippable-qr,True,False,,,102210fe594ee9b33d82058545b1ed14f4c8206e,id-getter-5.html,perf_reftest_singletons,True,perf_reftest_singletons id-getter-5.html opt e10s fission stylo webrender,4767299,77,ms,firefox,447711755.0,1845603661,2024-02-20 03:01:00,493.33,ad2add2f3c608b924436c34684c1a775130e74ce,1379095,,,,,,,,,,,,,,,,,,,,,,,,,,,,,,,,,,,,,,,,,,,,,,,,,,,,,,,,,,,,,TN,TN
autoland,4767314,1,247a31fb40b3ac0b152bd3554743d742a3892fe3,linux1804-64-shippable-qr,True,False,,,102210fe594ee9b33d82058545b1ed14f4c8206e,id-getter-5.html,perf_reftest_singletons,True,perf_reftest_singletons id-getter-5.html opt e10s fission stylo webrender,4767299,77,ms,firefox,447728439.0,1845701669,2024-02-20 09:01:06,523.94,cc3c4937fb69e80b552b61a4f2dfd1405b518d89,1379152,,,,,,,,,,,,,,,,,,,,,,,,,,,,,,,,,,,,,,,,,,,,,,,,,,,,,,,,,,,,,TN,TN
autoland,4767314,1,247a31fb40b3ac0b152bd3554743d742a3892fe3,linux1804-64-shippable-qr,True,False,,,102210fe594ee9b33d82058545b1ed14f4c8206e,id-getter-5.html,perf_reftest_singletons,True,perf_reftest_singletons id-getter-5.html opt e10s fission stylo webrender,4767299,77,ms,firefox,447775290.0,1845883324,2024-02-20 16:46:59,487.8,0465723cfb4ca46ccf93d696eb564093a1d9f2e6,1379390,,,,,,,,,,,,,,,,,,,,,,,,,,,,,,,,,,,,,,,,,,,,,,,,,,,,,,,,,,,,,TN,TN
autoland,4767314,1,247a31fb40b3ac0b152bd3554743d742a3892fe3,linux1804-64-shippable-qr,True,False,,,102210fe594ee9b33d82058545b1ed14f4c8206e,id-getter-5.html,perf_reftest_singletons,True,perf_reftest_singletons id-getter-5.html opt e10s fission stylo webrender,4767299,77,ms,firefox,447802508.0,1845974434,2024-02-20 20:06:07,498.1,53f7baad39fc2408bc5c1ab6df97372a395730a4,1379528,,,,,,,,,,,,,,,,,,,,,,,,,,,,,,,,,,,,,,,,,,,,,,,,,,,,,,,,,,,,,TN,TN
autoland,4767314,1,247a31fb40b3ac0b152bd3554743d742a3892fe3,linux1804-64-shippable-qr,True,False,,,102210fe594ee9b33d82058545b1ed14f4c8206e,id-getter-5.html,perf_reftest_singletons,True,perf_reftest_singletons id-getter-5.html opt e10s fission stylo webrender,4767299,77,ms,firefox,447830243.0,1846049597,2024-02-21 00:08:41,479.68,05e1180d2aa04a8882ff66dfaeeb0705694f7a61,1379609,,,,,,,,,,,,,,,,,,,,,,,,,,,,,,,,,,,,,,,,,,,,,,,,,,,,,,,,,,,,,TN,TN
autoland,4767314,1,247a31fb40b3ac0b152bd3554743d742a3892fe3,linux1804-64-shippable-qr,True,False,,,102210fe594ee9b33d82058545b1ed14f4c8206e,id-getter-5.html,perf_reftest_singletons,True,perf_reftest_singletons id-getter-5.html opt e10s fission stylo webrender,4767299,77,ms,firefox,447832508.0,1846075895,2024-02-21 00:41:01,500.11,119078d182dd2557cd70eb6933abc1ecfb499edd,1379618,,,,,,,,,,,,,,,,,,,,,,,,,,,,,,,,,,,,,,,,,,,,,,,,,,,,,,,,,,,,,TN,TN
autoland,4767314,1,247a31fb40b3ac0b152bd3554743d742a3892fe3,linux1804-64-shippable-qr,True,False,,,102210fe594ee9b33d82058545b1ed14f4c8206e,id-getter-5.html,perf_reftest_singletons,True,perf_reftest_singletons id-getter-5.html opt e10s fission stylo webrender,4767299,77,ms,firefox,447846005.0,1846140136,2024-02-21 05:21:04,494.16,714d9f89093457451e3881a56b2477e958b70fe0,1379764,,,,,,,,,,,,,,,,,,,,,,,,,,,,,,,,,,,,,,,,,,,,,,,,,,,,,,,,,,,,,TN,TN
autoland,4767314,1,247a31fb40b3ac0b152bd3554743d742a3892fe3,linux1804-64-shippable-qr,True,False,,,102210fe594ee9b33d82058545b1ed14f4c8206e,id-getter-5.html,perf_reftest_singletons,True,perf_reftest_singletons id-getter-5.html opt e10s fission stylo webrender,4767299,77,ms,firefox,447876901.0,1846244729,2024-02-21 10:11:10,495.52,764b93d1a22891bddaaec4e5f73836957d938bac,1379832,,,,,,,,,,,,,,,,,,,,,,,,,,,,,,,,,,,,,,,,,,,,,,,,,,,,,,,,,,,,,TN,TN
autoland,4767314,1,247a31fb40b3ac0b152bd3554743d742a3892fe3,linux1804-64-shippable-qr,True,False,,,102210fe594ee9b33d82058545b1ed14f4c8206e,id-getter-5.html,perf_reftest_singletons,True,perf_reftest_singletons id-getter-5.html opt e10s fission stylo webrender,4767299,77,ms,firefox,447877963.0,1846276272,2024-02-21 10:22:21,492.61,24ffc625c71e9cb6e20c48936ac06da6ec066694,1379838,,,,,,,,,,,,,,,,,,,,,,,,,,,,,,,,,,,,,,,,,,,,,,,,,,,,,,,,,,,,,TN,TN
autoland,4767314,1,247a31fb40b3ac0b152bd3554743d742a3892fe3,linux1804-64-shippable-qr,True,False,,,102210fe594ee9b33d82058545b1ed14f4c8206e,id-getter-5.html,perf_reftest_singletons,True,perf_reftest_singletons id-getter-5.html opt e10s fission stylo webrender,4767299,77,ms,firefox,447924012.0,1846438617,2024-02-21 14:24:58,489.97,799f79fdcedba2bbccee86179c8b547894a16162,1379926,,,,,,,,,,,,,,,,,,,,,,,,,,,,,,,,,,,,,,,,,,,,,,,,,,,,,,,,,,,,,TN,TN
autoland,4767314,1,247a31fb40b3ac0b152bd3554743d742a3892fe3,linux1804-64-shippable-qr,True,False,,,102210fe594ee9b33d82058545b1ed14f4c8206e,id-getter-5.html,perf_reftest_singletons,True,perf_reftest_singletons id-getter-5.html opt e10s fission stylo webrender,4767299,77,ms,firefox,447919880.0,1846414202,2024-02-21 15:14:56,497.71,f8dd4015fa59fee3a1a74c00cd2393a9578e49f0,1379958,,,,,,,,,,,,,,,,,,,,,,,,,,,,,,,,,,,,,,,,,,,,,,,,,,,,,,,,,,,,,TN,TN
autoland,4767314,1,247a31fb40b3ac0b152bd3554743d742a3892fe3,linux1804-64-shippable-qr,True,False,,,102210fe594ee9b33d82058545b1ed14f4c8206e,id-getter-5.html,perf_reftest_singletons,True,perf_reftest_singletons id-getter-5.html opt e10s fission stylo webrender,4767299,77,ms,firefox,447959301.0,1846684710,2024-02-21 20:37:48,490.97,bec4dc4bd9ce0a51dab009936bc838963e3f16b3,1380197,,,,,,,,,,,,,,,,,,,,,,,,,,,,,,,,,,,,,,,,,,,,,,,,,,,,,,,,,,,,,TN,TN
autoland,4767314,1,247a31fb40b3ac0b152bd3554743d742a3892fe3,linux1804-64-shippable-qr,True,False,,,102210fe594ee9b33d82058545b1ed14f4c8206e,id-getter-5.html,perf_reftest_singletons,True,perf_reftest_singletons id-getter-5.html opt e10s fission stylo webrender,4767299,77,ms,firefox,447962273.0,1846707443,2024-02-21 20:47:55,509.83,31b9ef95a482db91c24a809eb6a64f2c0d7f8f9d,1380210,,,,,,,,,,,,,,,,,,,,,,,,,,,,,,,,,,,,,,,,,,,,,,,,,,,,,,,,,,,,,TN,TN
autoland,4767314,1,247a31fb40b3ac0b152bd3554743d742a3892fe3,linux1804-64-shippable-qr,True,False,,,102210fe594ee9b33d82058545b1ed14f4c8206e,id-getter-5.html,perf_reftest_singletons,True,perf_reftest_singletons id-getter-5.html opt e10s fission stylo webrender,4767299,77,ms,firefox,447994955.0,1846814105,2024-02-22 00:49:41,495.18,445c60e096fe3cdc8b7169881875c476febfe082,1380338,,,,,,,,,,,,,,,,,,,,,,,,,,,,,,,,,,,,,,,,,,,,,,,,,,,,,,,,,,,,,TN,TN
autoland,4767314,1,247a31fb40b3ac0b152bd3554743d742a3892fe3,linux1804-64-shippable-qr,True,False,,,102210fe594ee9b33d82058545b1ed14f4c8206e,id-getter-5.html,perf_reftest_singletons,True,perf_reftest_singletons id-getter-5.html opt e10s fission stylo webrender,4767299,77,ms,firefox,447999182.0,1846852215,2024-02-22 02:03:24,491.61,093d37f32ef033aa168508e96b9ec2e753850ccc,1380373,,,,,,,,,,,,,,,,,,,,,,,,,,,,,,,,,,,,,,,,,,,,,,,,,,,,,,,,,,,,,TN,TN
autoland,4767314,1,247a31fb40b3ac0b152bd3554743d742a3892fe3,linux1804-64-shippable-qr,True,False,,,102210fe594ee9b33d82058545b1ed14f4c8206e,id-getter-5.html,perf_reftest_singletons,True,perf_reftest_singletons id-getter-5.html opt e10s fission stylo webrender,4767299,77,ms,firefox,448015163.0,1846928642,2024-02-22 06:55:22,487.55,e32e8effe8493ec71ad7a3b2b043f7742905b2be,1380445,,,,,,,,,,,,,,,,,,,,,,,,,,,,,,,,,,,,,,,,,,,,,,,,,,,,,,,,,,,,,TN,TN
autoland,4767314,1,247a31fb40b3ac0b152bd3554743d742a3892fe3,linux1804-64-shippable-qr,True,False,,,102210fe594ee9b33d82058545b1ed14f4c8206e,id-getter-5.html,perf_reftest_singletons,True,perf_reftest_singletons id-getter-5.html opt e10s fission stylo webrender,4767299,77,ms,firefox,448047159.0,1847095769,2024-02-22 08:58:43,493.64,836800665817ebbf328952caef8477f135630733,1380488,,,,,,,,,,,,,,,,,,,,,,,,,,,,,,,,,,,,,,,,,,,,,,,,,,,,,,,,,,,,,TN,TN
autoland,4767314,1,247a31fb40b3ac0b152bd3554743d742a3892fe3,linux1804-64-shippable-qr,True,False,,,102210fe594ee9b33d82058545b1ed14f4c8206e,id-getter-5.html,perf_reftest_singletons,True,perf_reftest_singletons id-getter-5.html opt e10s fission stylo webrender,4767299,77,ms,firefox,448072019.0,1847141792,2024-02-22 12:54:00,482.84,583b3985eb0c0410cf6ebaf8e2f5c576185726c5,1380594,,,,,,,,,,,,,,,,,,,,,,,,,,,,,,,,,,,,,,,,,,,,,,,,,,,,,,,,,,,,,TN,TN
autoland,4767314,1,247a31fb40b3ac0b152bd3554743d742a3892fe3,linux1804-64-shippable-qr,True,False,,,102210fe594ee9b33d82058545b1ed14f4c8206e,id-getter-5.html,perf_reftest_singletons,True,perf_reftest_singletons id-getter-5.html opt e10s fission stylo webrender,4767299,77,ms,firefox,448097209.0,1847244403,2024-02-22 16:54:14,502.0,51ea0932b27ba455533226277e6c6deeb38a8fd4,1380794,,,,,,,,,,,,,,,,,,,,,,,,,,,,,,,,,,,,,,,,,,,,,,,,,,,,,,,,,,,,,TN,TN
autoland,4767314,1,247a31fb40b3ac0b152bd3554743d742a3892fe3,linux1804-64-shippable-qr,True,False,,,102210fe594ee9b33d82058545b1ed14f4c8206e,id-getter-5.html,perf_reftest_singletons,True,perf_reftest_singletons id-getter-5.html opt e10s fission stylo webrender,4767299,77,ms,firefox,448101643.0,1847265127,2024-02-22 17:17:40,499.28,aac0a57bd987ca0633e2f48ca37f8564344749b9,1380806,,,,,,,,,,,,,,,,,,,,,,,,,,,,,,,,,,,,,,,,,,,,,,,,,,,,,,,,,,,,,TN,TN
autoland,4767314,1,247a31fb40b3ac0b152bd3554743d742a3892fe3,linux1804-64-shippable-qr,True,False,,,102210fe594ee9b33d82058545b1ed14f4c8206e,id-getter-5.html,perf_reftest_singletons,True,perf_reftest_singletons id-getter-5.html opt e10s fission stylo webrender,4767299,77,ms,firefox,448137899.0,1847388667,2024-02-22 21:59:43,493.48,1b60bca1b546c120891a0263bcdf7757d75178bc,1380998,,,,,,,,,,,,,,,,,,,,,,,,,,,,,,,,,,,,,,,,,,,,,,,,,,,,,,,,,,,,,TN,TN
autoland,4767314,1,247a31fb40b3ac0b152bd3554743d742a3892fe3,linux1804-64-shippable-qr,True,False,,,102210fe594ee9b33d82058545b1ed14f4c8206e,id-getter-5.html,perf_reftest_singletons,True,perf_reftest_singletons id-getter-5.html opt e10s fission stylo webrender,4767299,77,ms,firefox,448138653.0,1847412576,2024-02-22 22:05:44,501.26,3157eece201c15988ff693f9746bc767ad633fa8,1381007,,,,,,,,,,,,,,,,,,,,,,,,,,,,,,,,,,,,,,,,,,,,,,,,,,,,,,,,,,,,,TN,TN
autoland,4767314,1,247a31fb40b3ac0b152bd3554743d742a3892fe3,linux1804-64-shippable-qr,True,False,,,102210fe594ee9b33d82058545b1ed14f4c8206e,id-getter-5.html,perf_reftest_singletons,True,perf_reftest_singletons id-getter-5.html opt e10s fission stylo webrender,4767299,77,ms,firefox,448162147.0,1847496119,2024-02-23 03:42:44,496.82,90d2dd7d6b48918404ecc4906e62fa106b4238a9,1381156,,,,,,,,,,,,,,,,,,,,,,,,,,,,,,,,,,,,,,,,,,,,,,,,,,,,,,,,,,,,,TN,TN
autoland,4767314,1,247a31fb40b3ac0b152bd3554743d742a3892fe3,linux1804-64-shippable-qr,True,False,,,102210fe594ee9b33d82058545b1ed14f4c8206e,id-getter-5.html,perf_reftest_singletons,True,perf_reftest_singletons id-getter-5.html opt e10s fission stylo webrender,4767299,77,ms,firefox,448174188.0,1847609033,2024-02-23 07:23:44,497.36,21d2a36f8f072b9b57adbeb73eca449f62093ca3,1381206,,,,,,,,,,,,,,,,,,,,,,,,,,,,,,,,,,,,,,,,,,,,,,,,,,,,,,,,,,,,,TN,TN
autoland,4767314,1,247a31fb40b3ac0b152bd3554743d742a3892fe3,linux1804-64-shippable-qr,True,False,,,102210fe594ee9b33d82058545b1ed14f4c8206e,id-getter-5.html,perf_reftest_singletons,True,perf_reftest_singletons id-getter-5.html opt e10s fission stylo webrender,4767299,77,ms,firefox,448216551.0,1847746399,2024-02-23 12:03:57,480.49,75e12d12d89c2d79200c0057830f9e0c37f973f5,1381319,,,,,,,,,,,,,,,,,,,,,,,,,,,,,,,,,,,,,,,,,,,,,,,,,,,,,,,,,,,,,TN,TN
autoland,4767314,1,247a31fb40b3ac0b152bd3554743d742a3892fe3,linux1804-64-shippable-qr,True,False,,,102210fe594ee9b33d82058545b1ed14f4c8206e,id-getter-5.html,perf_reftest_singletons,True,perf_reftest_singletons id-getter-5.html opt e10s fission stylo webrender,4767299,77,ms,firefox,448240035.0,1847856399,2024-02-23 15:17:21,480.8399999999999,e2c67ce1b79f08538c8f70b2089d860802aa289e,1381416,,,,,,,,,,,,,,,,,,,,,,,,,,,,,,,,,,,,,,,,,,,,,,,,,,,,,,,,,,,,,TN,TN
autoland,4767314,1,247a31fb40b3ac0b152bd3554743d742a3892fe3,linux1804-64-shippable-qr,True,False,,,102210fe594ee9b33d82058545b1ed14f4c8206e,id-getter-5.html,perf_reftest_singletons,True,perf_reftest_singletons id-getter-5.html opt e10s fission stylo webrender,4767299,77,ms,firefox,448262462.0,1847951012,2024-02-23 18:14:32,486.47,dccf526bcc0afbf9f7abd33abff453ced5a76335,1381598,,,,,,,,,,,,,,,,,,,,,,,,,,,,,,,,,,,,,,,,,,,,,,,,,,,,,,,,,,,,,TN,TN
autoland,4767314,1,247a31fb40b3ac0b152bd3554743d742a3892fe3,linux1804-64-shippable-qr,True,False,,,102210fe594ee9b33d82058545b1ed14f4c8206e,id-getter-5.html,perf_reftest_singletons,True,perf_reftest_singletons id-getter-5.html opt e10s fission stylo webrender,4767299,77,ms,firefox,448298693.0,1848059115,2024-02-23 22:24:23,481.48,8c239bb8c3fa84633497932b3d3a1d566f9e7581,1381790,,,,,,,,,,,,,,,,,,,,,,,,,,,,,,,,,,,,,,,,,,,,,,,,,,,,,,,,,,,,,TN,TN
autoland,4767314,1,247a31fb40b3ac0b152bd3554743d742a3892fe3,linux1804-64-shippable-qr,True,False,,,102210fe594ee9b33d82058545b1ed14f4c8206e,id-getter-5.html,perf_reftest_singletons,True,perf_reftest_singletons id-getter-5.html opt e10s fission stylo webrender,4767299,77,ms,firefox,448301190.0,1848076210,2024-02-23 22:37:13,496.46,fc1f91bbfd85565b6b9a06155b3d750dc17812f0,1381800,,,,,,,,,,,,,,,,,,,,,,,,,,,,,,,,,,,,,,,,,,,,,,,,,,,,,,,,,,,,,TN,TN
autoland,4767314,1,247a31fb40b3ac0b152bd3554743d742a3892fe3,linux1804-64-shippable-qr,True,False,,,102210fe594ee9b33d82058545b1ed14f4c8206e,id-getter-5.html,perf_reftest_singletons,True,perf_reftest_singletons id-getter-5.html opt e10s fission stylo webrender,4767299,77,ms,firefox,448315309.0,1848141716,2024-02-24 03:17:09,494.0,504cbf2189790d36f74d4fc454949d0c55a40c37,1381876,,,,,,,,,,,,,,,,,,,,,,,,,,,,,,,,,,,,,,,,,,,,,,,,,,,,,,,,,,,,,TN,TN
autoland,4767314,1,247a31fb40b3ac0b152bd3554743d742a3892fe3,linux1804-64-shippable-qr,True,False,,,102210fe594ee9b33d82058545b1ed14f4c8206e,id-getter-5.html,perf_reftest_singletons,True,perf_reftest_singletons id-getter-5.html opt e10s fission stylo webrender,4767299,77,ms,firefox,448326195.0,1848217409,2024-02-24 08:59:15,482.56,f571738470f98e8161bf79b269e333053dca32c4,1381906,,,,,,,,,,,,,,,,,,,,,,,,,,,,,,,,,,,,,,,,,,,,,,,,,,,,,,,,,,,,,TN,TN
autoland,4767314,1,247a31fb40b3ac0b152bd3554743d742a3892fe3,linux1804-64-shippable-qr,True,False,,,102210fe594ee9b33d82058545b1ed14f4c8206e,id-getter-5.html,perf_reftest_singletons,True,perf_reftest_singletons id-getter-5.html opt e10s fission stylo webrender,4767299,77,ms,firefox,448353545.0,1848309183,2024-02-24 18:15:08,490.53,fb873ef9e164e2ac423d266870ce82445945de97,1381948,,,,,,,,,,,,,,,,,,,,,,,,,,,,,,,,,,,,,,,,,,,,,,,,,,,,,,,,,,,,,TN,TN
autoland,4767314,1,247a31fb40b3ac0b152bd3554743d742a3892fe3,linux1804-64-shippable-qr,True,False,,,102210fe594ee9b33d82058545b1ed14f4c8206e,id-getter-5.html,perf_reftest_singletons,True,perf_reftest_singletons id-getter-5.html opt e10s fission stylo webrender,4767299,77,ms,firefox,448375073.0,1848376233,2024-02-25 01:06:55,505.13,fedd91b7af1e6b3c4a7d6f58b8bce94d55eb9d74,1381999,,,,,,,,,,,,,,,,,,,,,,,,,,,,,,,,,,,,,,,,,,,,,,,,,,,,,,,,,,,,,TN,TN
autoland,4767314,1,247a31fb40b3ac0b152bd3554743d742a3892fe3,linux1804-64-shippable-qr,True,False,,,102210fe594ee9b33d82058545b1ed14f4c8206e,id-getter-5.html,perf_reftest_singletons,True,perf_reftest_singletons id-getter-5.html opt e10s fission stylo webrender,4767299,77,ms,firefox,448412574.0,1848522397,2024-02-26 01:39:06,513.98,689cf8cf7e6b9b9ee5e599a77325de05487a5eed,1382090,,,,,,,,,,,,,,,,,,,,,,,,,,,,,,,,,,,,,,,,,,,,,,,,,,,,,,,,,,,,,TN,TN
autoland,4767314,1,247a31fb40b3ac0b152bd3554743d742a3892fe3,linux1804-64-shippable-qr,True,False,,,102210fe594ee9b33d82058545b1ed14f4c8206e,id-getter-5.html,perf_reftest_singletons,True,perf_reftest_singletons id-getter-5.html opt e10s fission stylo webrender,4767299,77,ms,firefox,448447583.0,1848647902,2024-02-26 10:31:50,503.75,8268ce246a04145ed6598e99b5d061a4e1ee3ca6,1382207,,,,,,,,,,,,,,,,,,,,,,,,,,,,,,,,,,,,,,,,,,,,,,,,,,,,,,,,,,,,,TN,TN
autoland,4767314,1,247a31fb40b3ac0b152bd3554743d742a3892fe3,linux1804-64-shippable-qr,True,False,,,102210fe594ee9b33d82058545b1ed14f4c8206e,id-getter-5.html,perf_reftest_singletons,True,perf_reftest_singletons id-getter-5.html opt e10s fission stylo webrender,4767299,77,ms,firefox,448485188.0,1848723662,2024-02-26 14:40:18,496.22,a5c1fbe78e431fe4a1db712f75edb33f6fd668e4,1382307,,,,,,,,,,,,,,,,,,,,,,,,,,,,,,,,,,,,,,,,,,,,,,,,,,,,,,,,,,,,,TN,TN
autoland,4767314,1,247a31fb40b3ac0b152bd3554743d742a3892fe3,linux1804-64-shippable-qr,True,False,,,102210fe594ee9b33d82058545b1ed14f4c8206e,id-getter-5.html,perf_reftest_singletons,True,perf_reftest_singletons id-getter-5.html opt e10s fission stylo webrender,4767299,77,ms,firefox,448488680.0,1848751134,2024-02-26 15:06:28,485.23,621c8480cd3562f3f61966b4219a0335ce72f698,1382323,,,,,,,,,,,,,,,,,,,,,,,,,,,,,,,,,,,,,,,,,,,,,,,,,,,,,,,,,,,,,TN,TN
autoland,4767314,1,247a31fb40b3ac0b152bd3554743d742a3892fe3,linux1804-64-shippable-qr,True,False,,,102210fe594ee9b33d82058545b1ed14f4c8206e,id-getter-5.html,perf_reftest_singletons,True,perf_reftest_singletons id-getter-5.html opt e10s fission stylo webrender,4767299,77,ms,firefox,448510551.0,1848873559,2024-02-26 18:24:43,495.29,b26d4c8d5e44cc544e259f32a62382902af6f7ff,1382496,,,,,,,,,,,,,,,,,,,,,,,,,,,,,,,,,,,,,,,,,,,,,,,,,,,,,,,,,,,,,TN,TN
autoland,4767314,1,247a31fb40b3ac0b152bd3554743d742a3892fe3,linux1804-64-shippable-qr,True,False,,,102210fe594ee9b33d82058545b1ed14f4c8206e,id-getter-5.html,perf_reftest_singletons,True,perf_reftest_singletons id-getter-5.html opt e10s fission stylo webrender,4767299,77,ms,firefox,448543477.0,1848957589,2024-02-26 22:27:48,484.44,2bd01d77bc4d2a1ad705bb1ecb8e793864a737ee,1382641,,,,,,,,,,,,,,,,,,,,,,,,,,,,,,,,,,,,,,,,,,,,,,,,,,,,,,,,,,,,,TN,TN
autoland,4767314,1,247a31fb40b3ac0b152bd3554743d742a3892fe3,linux1804-64-shippable-qr,True,False,,,102210fe594ee9b33d82058545b1ed14f4c8206e,id-getter-5.html,perf_reftest_singletons,True,perf_reftest_singletons id-getter-5.html opt e10s fission stylo webrender,4767299,77,ms,firefox,448545333.0,1848974656,2024-02-26 22:53:03,496.46,9fbcc8f23c0b7543b9146f0d90dd58ce36d32898,1382666,,,,,,,,,,,,,,,,,,,,,,,,,,,,,,,,,,,,,,,,,,,,,,,,,,,,,,,,,,,,,TN,TN
autoland,4767314,1,247a31fb40b3ac0b152bd3554743d742a3892fe3,linux1804-64-shippable-qr,True,False,,,102210fe594ee9b33d82058545b1ed14f4c8206e,id-getter-5.html,perf_reftest_singletons,True,perf_reftest_singletons id-getter-5.html opt e10s fission stylo webrender,4767299,77,ms,firefox,448569864.0,1849080252,2024-02-27 03:06:58,495.86,74094dc4022c8437eb87a7e25bf6433fb07a7fbb,1382765,,,,,,,,,,,,,,,,,,,,,,,,,,,,,,,,,,,,,,,,,,,,,,,,,,,,,,,,,,,,,TN,TN
autoland,4767314,1,247a31fb40b3ac0b152bd3554743d742a3892fe3,linux1804-64-shippable-qr,True,False,,,102210fe594ee9b33d82058545b1ed14f4c8206e,id-getter-5.html,perf_reftest_singletons,True,perf_reftest_singletons id-getter-5.html opt e10s fission stylo webrender,4767299,77,ms,firefox,448606873.0,1849307024,2024-02-27 10:31:28,503.61,f0fd4d27a58991220e91d1c086442a03b0a52117,1382887,,,,,,,,,,,,,,,,,,,,,,,,,,,,,,,,,,,,,,,,,,,,,,,,,,,,,,,,,,,,,TN,TN
autoland,4767314,1,247a31fb40b3ac0b152bd3554743d742a3892fe3,linux1804-64-shippable-qr,True,False,,,102210fe594ee9b33d82058545b1ed14f4c8206e,id-getter-5.html,perf_reftest_singletons,True,perf_reftest_singletons id-getter-5.html opt e10s fission stylo webrender,4767299,77,ms,firefox,448640192.0,1849390995,2024-02-27 13:59:53,490.61,32acc4e2db50b53733cfcf554a308ccc986925b5,1383025,,,,,,,,,,,,,,,,,,,,,,,,,,,,,,,,,,,,,,,,,,,,,,,,,,,,,,,,,,,,,TN,TN
autoland,4767314,1,247a31fb40b3ac0b152bd3554743d742a3892fe3,linux1804-64-shippable-qr,True,False,,,102210fe594ee9b33d82058545b1ed14f4c8206e,id-getter-5.html,perf_reftest_singletons,True,perf_reftest_singletons id-getter-5.html opt e10s fission stylo webrender,4767299,77,ms,firefox,448673328.0,1849526220,2024-02-27 19:00:03,485.07,149f61eecb69d6cf570be79260785c5b4a42e516,1383277,,,,,,,,,,,,,,,,,,,,,,,,,,,,,,,,,,,,,,,,,,,,,,,,,,,,,,,,,,,,,TN,TN
autoland,4767314,1,247a31fb40b3ac0b152bd3554743d742a3892fe3,linux1804-64-shippable-qr,True,False,,,102210fe594ee9b33d82058545b1ed14f4c8206e,id-getter-5.html,perf_reftest_singletons,True,perf_reftest_singletons id-getter-5.html opt e10s fission stylo webrender,4767299,77,ms,firefox,448702614.0,1849625611,2024-02-27 23:02:29,482.39,06645f775e47ea71f6dfa2daff5411ab31c5a629,1383416,,,,,,,,,,,,,,,,,,,,,,,,,,,,,,,,,,,,,,,,,,,,,,,,,,,,,,,,,,,,,TN,TN
autoland,4767314,1,247a31fb40b3ac0b152bd3554743d742a3892fe3,linux1804-64-shippable-qr,True,False,,,102210fe594ee9b33d82058545b1ed14f4c8206e,id-getter-5.html,perf_reftest_singletons,True,perf_reftest_singletons id-getter-5.html opt e10s fission stylo webrender,4767299,77,ms,firefox,448704964.0,1849642692,2024-02-27 23:18:10,499.13,c2895c7db175458e315a65fd8d5e9385e60a76d3,1383436,,,,,,,,,,,,,,,,,,,,,,,,,,,,,,,,,,,,,,,,,,,,,,,,,,,,,,,,,,,,,TN,TN
autoland,4767314,1,247a31fb40b3ac0b152bd3554743d742a3892fe3,linux1804-64-shippable-qr,True,False,,,102210fe594ee9b33d82058545b1ed14f4c8206e,id-getter-5.html,perf_reftest_singletons,True,perf_reftest_singletons id-getter-5.html opt e10s fission stylo webrender,4767299,77,ms,firefox,448720521.0,1849715346,2024-02-28 03:31:31,491.29,41ceb034dc709c821d837a321d2c5fb944bd4231,1383545,,,,,,,,,,,,,,,,,,,,,,,,,,,,,,,,,,,,,,,,,,,,,,,,,,,,,,,,,,,,,TN,TN
autoland,4767314,1,247a31fb40b3ac0b152bd3554743d742a3892fe3,linux1804-64-shippable-qr,True,False,,,102210fe594ee9b33d82058545b1ed14f4c8206e,id-getter-5.html,perf_reftest_singletons,True,perf_reftest_singletons id-getter-5.html opt e10s fission stylo webrender,4767299,77,ms,firefox,448740340.0,1849802765,2024-02-28 07:34:11,492.34,710f48d1638d076913089bfa3978b6a1efc1d842,1383600,,,,,,,,,,,,,,,,,,,,,,,,,,,,,,,,,,,,,,,,,,,,,,,,,,,,,,,,,,,,,TN,TN
autoland,4767314,1,247a31fb40b3ac0b152bd3554743d742a3892fe3,linux1804-64-shippable-qr,True,False,,,102210fe594ee9b33d82058545b1ed14f4c8206e,id-getter-5.html,perf_reftest_singletons,True,perf_reftest_singletons id-getter-5.html opt e10s fission stylo webrender,4767299,77,ms,firefox,448745071.0,1849822558,2024-02-28 08:18:18,492.7,85f3a9a2a4155f207064d78c57f79611f7332287,1383612,,,,,,,,,,,,,,,,,,,,,,,,,,,,,,,,,,,,,,,,,,,,,,,,,,,,,,,,,,,,,TN,TN
autoland,4767314,1,247a31fb40b3ac0b152bd3554743d742a3892fe3,linux1804-64-shippable-qr,True,False,,,102210fe594ee9b33d82058545b1ed14f4c8206e,id-getter-5.html,perf_reftest_singletons,True,perf_reftest_singletons id-getter-5.html opt e10s fission stylo webrender,4767299,77,ms,firefox,448794226.0,1849978592,2024-02-28 12:53:19,494.6600000000001,2356949f5c6d9a4f229d012051bac51b3eb83aec,1383715,,,,,,,,,,,,,,,,,,,,,,,,,,,,,,,,,,,,,,,,,,,,,,,,,,,,,,,,,,,,,TN,TN
autoland,4767314,1,247a31fb40b3ac0b152bd3554743d742a3892fe3,linux1804-64-shippable-qr,True,False,,,102210fe594ee9b33d82058545b1ed14f4c8206e,id-getter-5.html,perf_reftest_singletons,True,perf_reftest_singletons id-getter-5.html opt e10s fission stylo webrender,4767299,77,ms,firefox,448800920.0,1850009448,2024-02-28 14:06:22,485.48,6583cb878dec05576053eaa9368a4eb5bbbbbedc,1383751,,,,,,,,,,,,,,,,,,,,,,,,,,,,,,,,,,,,,,,,,,,,,,,,,,,,,,,,,,,,,TN,TN
autoland,4767314,1,247a31fb40b3ac0b152bd3554743d742a3892fe3,linux1804-64-shippable-qr,True,False,,,102210fe594ee9b33d82058545b1ed14f4c8206e,id-getter-5.html,perf_reftest_singletons,True,perf_reftest_singletons id-getter-5.html opt e10s fission stylo webrender,4767299,77,ms,firefox,448823767.0,1850107995,2024-02-28 17:56:27,498.2,32ca524f7abf0664a2f0d882868c3e913297f446,1383890,,,,,,,,,,,,,,,,,,,,,,,,,,,,,,,,,,,,,,,,,,,,,,,,,,,,,,,,,,,,,TN,TN
autoland,4767314,1,247a31fb40b3ac0b152bd3554743d742a3892fe3,linux1804-64-shippable-qr,True,False,,,102210fe594ee9b33d82058545b1ed14f4c8206e,id-getter-5.html,perf_reftest_singletons,True,perf_reftest_singletons id-getter-5.html opt e10s fission stylo webrender,4767299,77,ms,firefox,448862016.0,1850246226,2024-02-28 20:42:42,504.21,da466faa7aee60bdeeca32b0767a1f0b9b964272,1384009,,,,,,,,,,,,,,,,,,,,,,,,,,,,,,,,,,,,,,,,,,,,,,,,,,,,,,,,,,,,,TN,TN
autoland,4767314,1,247a31fb40b3ac0b152bd3554743d742a3892fe3,linux1804-64-shippable-qr,True,False,,,102210fe594ee9b33d82058545b1ed14f4c8206e,id-getter-5.html,perf_reftest_singletons,True,perf_reftest_singletons id-getter-5.html opt e10s fission stylo webrender,4767299,77,ms,firefox,448895860.0,1850329985,2024-02-29 00:51:41,493.75,cbef4527f79aadfe5c4dd940effe9b01df8734b1,1384174,,,,,,,,,,,,,,,,,,,,,,,,,,,,,,,,,,,,,,,,,,,,,,,,,,,,,,,,,,,,,TN,TN
autoland,4767314,1,247a31fb40b3ac0b152bd3554743d742a3892fe3,linux1804-64-shippable-qr,True,False,,,102210fe594ee9b33d82058545b1ed14f4c8206e,id-getter-5.html,perf_reftest_singletons,True,perf_reftest_singletons id-getter-5.html opt e10s fission stylo webrender,4767299,77,ms,firefox,448900241.0,1850373827,2024-02-29 01:20:40,494.37,f21a5f54b6ecffa5b49d4944c32c752ea622e3c6,1384182,,,,,,,,,,,,,,,,,,,,,,,,,,,,,,,,,,,,,,,,,,,,,,,,,,,,,,,,,,,,,TN,TN
autoland,4767314,1,247a31fb40b3ac0b152bd3554743d742a3892fe3,linux1804-64-shippable-qr,True,False,,,102210fe594ee9b33d82058545b1ed14f4c8206e,id-getter-5.html,perf_reftest_singletons,True,perf_reftest_singletons id-getter-5.html opt e10s fission stylo webrender,4767299,77,ms,firefox,448921054.0,1850480945,2024-02-29 06:49:17,485.36,bb7b045d24f7773df5e27742496f2c0bb95d780f,1384273,,,,,,,,,,,,,,,,,,,,,,,,,,,,,,,,,,,,,,,,,,,,,,,,,,,,,,,,,,,,,TN,TN
autoland,4767314,1,247a31fb40b3ac0b152bd3554743d742a3892fe3,linux1804-64-shippable-qr,True,False,,,102210fe594ee9b33d82058545b1ed14f4c8206e,id-getter-5.html,perf_reftest_singletons,True,perf_reftest_singletons id-getter-5.html opt e10s fission stylo webrender,4767299,77,ms,firefox,448944630.0,1850605870,2024-02-29 10:50:05,498.56,fbb087d5e5b8af76523b084cba81dc1be84c7fb4,1384399,,,,,,,,,,,,,,,,,,,,,,,,,,,,,,,,,,,,,,,,,,,,,,,,,,,,,,,,,,,,,TN,TN
autoland,4767314,1,247a31fb40b3ac0b152bd3554743d742a3892fe3,linux1804-64-shippable-qr,True,False,,,102210fe594ee9b33d82058545b1ed14f4c8206e,id-getter-5.html,perf_reftest_singletons,True,perf_reftest_singletons id-getter-5.html opt e10s fission stylo webrender,4767299,77,ms,firefox,448958276.0,1850693165,2024-02-29 13:22:41,495.19,42781edfbf79030ca8e6f7c1584ebfc2bd31935c,1384414,,,,,,,,,,,,,,,,,,,,,,,,,,,,,,,,,,,,,,,,,,,,,,,,,,,,,,,,,,,,,TN,TN
autoland,4767314,1,247a31fb40b3ac0b152bd3554743d742a3892fe3,linux1804-64-shippable-qr,True,False,,,102210fe594ee9b33d82058545b1ed14f4c8206e,id-getter-5.html,perf_reftest_singletons,True,perf_reftest_singletons id-getter-5.html opt e10s fission stylo webrender,4767299,77,ms,firefox,448990518.0,1850813403,2024-02-29 17:24:54,493.09,4b82553ad6abc0079d2d7a0642c099ca93d1d156,1384673,,,,,,,,,,,,,,,,,,,,,,,,,,,,,,,,,,,,,,,,,,,,,,,,,,,,,,,,,,,,,TN,TN
autoland,4767314,1,247a31fb40b3ac0b152bd3554743d742a3892fe3,linux1804-64-shippable-qr,True,False,,,102210fe594ee9b33d82058545b1ed14f4c8206e,id-getter-5.html,perf_reftest_singletons,True,perf_reftest_singletons id-getter-5.html opt e10s fission stylo webrender,4767299,77,ms,firefox,448994730.0,1850857417,2024-02-29 17:36:34,497.5199999999999,636cf8095a0f42555363480bc387b9a5aad03efe,1384681,,,,,,,,,,,,,,,,,,,,,,,,,,,,,,,,,,,,,,,,,,,,,,,,,,,,,,,,,,,,,TN,TN
autoland,4767314,1,247a31fb40b3ac0b152bd3554743d742a3892fe3,linux1804-64-shippable-qr,True,False,,,102210fe594ee9b33d82058545b1ed14f4c8206e,id-getter-5.html,perf_reftest_singletons,True,perf_reftest_singletons id-getter-5.html opt e10s fission stylo webrender,4767299,77,ms,firefox,449023438.0,1850952310,2024-02-29 21:50:05,501.4500000000001,1a461feeeb4e7725855a242023e45625b9bddae4,1384804,,,,,,,,,,,,,,,,,,,,,,,,,,,,,,,,,,,,,,,,,,,,,,,,,,,,,,,,,,,,,TN,TN
autoland,4767314,1,247a31fb40b3ac0b152bd3554743d742a3892fe3,linux1804-64-shippable-qr,True,False,,,102210fe594ee9b33d82058545b1ed14f4c8206e,id-getter-5.html,perf_reftest_singletons,True,perf_reftest_singletons id-getter-5.html opt e10s fission stylo webrender,4767299,77,ms,firefox,449029098.0,1850981896,2024-02-29 21:57:41,500.81,415f94176c1508d1acb91186346a42009b378ca7,1384812,,,,,,,,,,,,,,,,,,,,,,,,,,,,,,,,,,,,,,,,,,,,,,,,,,,,,,,,,,,,,TN,TN
autoland,4767314,1,247a31fb40b3ac0b152bd3554743d742a3892fe3,linux1804-64-shippable-qr,True,False,,,102210fe594ee9b33d82058545b1ed14f4c8206e,id-getter-5.html,perf_reftest_singletons,True,perf_reftest_singletons id-getter-5.html opt e10s fission stylo webrender,4767299,77,ms,firefox,449053423.0,1851088168,2024-03-01 02:06:20,500.84,3ed1cc3830b2bb116e2875dedadc6ea20235768a,1385033,,,,,,,,,,,,,,,,,,,,,,,,,,,,,,,,,,,,,,,,,,,,,,,,,,,,,,,,,,,,,TN,TN
autoland,4767314,1,247a31fb40b3ac0b152bd3554743d742a3892fe3,linux1804-64-shippable-qr,True,False,,,102210fe594ee9b33d82058545b1ed14f4c8206e,id-getter-5.html,perf_reftest_singletons,True,perf_reftest_singletons id-getter-5.html opt e10s fission stylo webrender,4767299,77,ms,firefox,449054003.0,1851102672,2024-03-01 02:09:48,497.38,c726403b9a5aaed84563fd210952c3858369c756,1385038,,,,,,,,,,,,,,,,,,,,,,,,,,,,,,,,,,,,,,,,,,,,,,,,,,,,,,,,,,,,,TN,TN
autoland,4767314,1,247a31fb40b3ac0b152bd3554743d742a3892fe3,linux1804-64-shippable-qr,True,False,,,102210fe594ee9b33d82058545b1ed14f4c8206e,id-getter-5.html,perf_reftest_singletons,True,perf_reftest_singletons id-getter-5.html opt e10s fission stylo webrender,4767299,77,ms,firefox,449098891.0,1851304657,2024-03-01 11:09:10,494.46,b921bb1aee11c101ece321f78bcc56942889bac9,1385336,,,,,,,,,,,,,,,,,,,,,,,,,,,,,,,,,,,,,,,,,,,,,,,,,,,,,,,,,,,,,TN,TN
autoland,4767314,1,247a31fb40b3ac0b152bd3554743d742a3892fe3,linux1804-64-shippable-qr,True,False,,,102210fe594ee9b33d82058545b1ed14f4c8206e,id-getter-5.html,perf_reftest_singletons,True,perf_reftest_singletons id-getter-5.html opt e10s fission stylo webrender,4767299,77,ms,firefox,449139362.0,1851395598,2024-03-01 15:15:21,508.65,ab2f491c1f6a1907e3cd7de371a27940c1b7ae66,1385464,,,,,,,,,,,,,,,,,,,,,,,,,,,,,,,,,,,,,,,,,,,,,,,,,,,,,,,,,,,,,TN,TN
autoland,4767314,1,247a31fb40b3ac0b152bd3554743d742a3892fe3,linux1804-64-shippable-qr,True,False,,,102210fe594ee9b33d82058545b1ed14f4c8206e,id-getter-5.html,perf_reftest_singletons,True,perf_reftest_singletons id-getter-5.html opt e10s fission stylo webrender,4767299,77,ms,firefox,449138349.0,1851380271,2024-03-01 15:18:33,498.4200000000001,179ceb82c9e5e6619e0a43e7c9a8682bff1f55ac,1385469,,,,,,,,,,,,,,,,,,,,,,,,,,,,,,,,,,,,,,,,,,,,,,,,,,,,,,,,,,,,,TN,TN
autoland,4767314,1,247a31fb40b3ac0b152bd3554743d742a3892fe3,linux1804-64-shippable-qr,True,False,,,102210fe594ee9b33d82058545b1ed14f4c8206e,id-getter-5.html,perf_reftest_singletons,True,perf_reftest_singletons id-getter-5.html opt e10s fission stylo webrender,4767299,77,ms,firefox,449160070.0,1851497316,2024-03-01 19:33:22,487.56,c12ee5058abff427e2fd65f86c453b2c0ef5c315,1385653,,,,,,,,,,,,,,,,,,,,,,,,,,,,,,,,,,,,,,,,,,,,,,,,,,,,,,,,,,,,,TN,TN
autoland,4767314,1,247a31fb40b3ac0b152bd3554743d742a3892fe3,linux1804-64-shippable-qr,True,False,,,102210fe594ee9b33d82058545b1ed14f4c8206e,id-getter-5.html,perf_reftest_singletons,True,perf_reftest_singletons id-getter-5.html opt e10s fission stylo webrender,4767299,77,ms,firefox,449197034.0,1851641358,2024-03-02 08:44:09,498.39,ac7b674e512d88788161e657fbc3371b8d955c65,1385889,,,,,,,,,,,,,,,,,,,,,,,,,,,,,,,,,,,,,,,,,,,,,,,,,,,,,,,,,,,,,TN,TN
autoland,4767314,1,247a31fb40b3ac0b152bd3554743d742a3892fe3,linux1804-64-shippable-qr,True,False,,,102210fe594ee9b33d82058545b1ed14f4c8206e,id-getter-5.html,perf_reftest_singletons,True,perf_reftest_singletons id-getter-5.html opt e10s fission stylo webrender,4767299,77,ms,firefox,449248201.0,1851883407,2024-03-02 18:47:19,498.09,a2ddc20095d176734a72080712b366c74a36c934,1385949,,,,,,,,,,,,,,,,,,,,,,,,,,,,,,,,,,,,,,,,,,,,,,,,,,,,,,,,,,,,,TN,TN
autoland,4767314,1,247a31fb40b3ac0b152bd3554743d742a3892fe3,linux1804-64-shippable-qr,True,False,,,102210fe594ee9b33d82058545b1ed14f4c8206e,id-getter-5.html,perf_reftest_singletons,True,perf_reftest_singletons id-getter-5.html opt e10s fission stylo webrender,4767299,77,ms,firefox,449251971.0,1851908692,2024-03-02 19:45:31,497.44999999999993,8042d9f9b7b6eb6e6a6fbefba554c035ef6bbda1,1385954,,,,,,,,,,,,,,,,,,,,,,,,,,,,,,,,,,,,,,,,,,,,,,,,,,,,,,,,,,,,,TN,TN
autoland,4767314,1,247a31fb40b3ac0b152bd3554743d742a3892fe3,linux1804-64-shippable-qr,True,False,,,102210fe594ee9b33d82058545b1ed14f4c8206e,id-getter-5.html,perf_reftest_singletons,True,perf_reftest_singletons id-getter-5.html opt e10s fission stylo webrender,4767299,77,ms,firefox,449277270.0,1851985246,2024-03-03 01:04:11,484.54,c5ddc3b211e53221a5b12ce6c8a5a523bba3641f,1385990,,,,,,,,,,,,,,,,,,,,,,,,,,,,,,,,,,,,,,,,,,,,,,,,,,,,,,,,,,,,,TN,TN
autoland,4767314,1,247a31fb40b3ac0b152bd3554743d742a3892fe3,linux1804-64-shippable-qr,True,False,,,102210fe594ee9b33d82058545b1ed14f4c8206e,id-getter-5.html,perf_reftest_singletons,True,perf_reftest_singletons id-getter-5.html opt e10s fission stylo webrender,4767299,77,ms,firefox,449314046.0,1852120446,2024-03-03 12:29:51,502.0,62056fe89aac9d2f369746854f0e3a55ad7153d0,1386069,,,,,,,,,,,,,,,,,,,,,,,,,,,,,,,,,,,,,,,,,,,,,,,,,,,,,,,,,,,,,TN,TN
autoland,4767314,1,247a31fb40b3ac0b152bd3554743d742a3892fe3,linux1804-64-shippable-qr,True,False,,,102210fe594ee9b33d82058545b1ed14f4c8206e,id-getter-5.html,perf_reftest_singletons,True,perf_reftest_singletons id-getter-5.html opt e10s fission stylo webrender,4767299,77,ms,firefox,449343087.0,1852224751,2024-03-04 01:21:19,508.13,499cae53f42dfc8f376fd97d0a83c1f8e85e274c,1386148,,,,,,,,,,,,,,,,,,,,,,,,,,,,,,,,,,,,,,,,,,,,,,,,,,,,,,,,,,,,,TN,TN
autoland,4767314,1,247a31fb40b3ac0b152bd3554743d742a3892fe3,linux1804-64-shippable-qr,True,False,,,102210fe594ee9b33d82058545b1ed14f4c8206e,id-getter-5.html,perf_reftest_singletons,True,perf_reftest_singletons id-getter-5.html opt e10s fission stylo webrender,4767299,77,ms,firefox,449354274.0,1852276392,2024-03-04 06:32:50,503.08,79823348e9cf740dbe5ae11eb654b1a85ea0ecbc,1386182,,,,,,,,,,,,,,,,,,,,,,,,,,,,,,,,,,,,,,,,,,,,,,,,,,,,,,,,,,,,,TN,TN
autoland,4767314,1,247a31fb40b3ac0b152bd3554743d742a3892fe3,linux1804-64-shippable-qr,True,False,,,102210fe594ee9b33d82058545b1ed14f4c8206e,id-getter-5.html,perf_reftest_singletons,True,perf_reftest_singletons id-getter-5.html opt e10s fission stylo webrender,4767299,77,ms,firefox,449368832.0,1852341708,2024-03-04 08:48:22,485.71,54c13c0498731427f23aff4c7e87900a715761b0,1386226,,,,,,,,,,,,,,,,,,,,,,,,,,,,,,,,,,,,,,,,,,,,,,,,,,,,,,,,,,,,,TN,TN
autoland,4767314,1,247a31fb40b3ac0b152bd3554743d742a3892fe3,linux1804-64-shippable-qr,True,False,,,102210fe594ee9b33d82058545b1ed14f4c8206e,id-getter-5.html,perf_reftest_singletons,True,perf_reftest_singletons id-getter-5.html opt e10s fission stylo webrender,4767299,77,ms,firefox,449418615.0,1852474290,2024-03-04 12:51:58,502.25,938c019ec0d1f3f1c0932e575d8f9e9f4c387320,1386363,,,,,,,,,,,,,,,,,,,,,,,,,,,,,,,,,,,,,,,,,,,,,,,,,,,,,,,,,,,,,TN,TN
autoland,4767314,1,247a31fb40b3ac0b152bd3554743d742a3892fe3,linux1804-64-shippable-qr,True,False,,,102210fe594ee9b33d82058545b1ed14f4c8206e,id-getter-5.html,perf_reftest_singletons,True,perf_reftest_singletons id-getter-5.html opt e10s fission stylo webrender,4767299,77,ms,firefox,449433154.0,1852526549,2024-03-04 14:27:11,484.11,c90923a84670e17105b275c5be4a3c2842cb248e,1386418,,,,,,,,,,,,,,,,,,,,,,,,,,,,,,,,,,,,,,,,,,,,,,,,,,,,,,,,,,,,,TN,TN
autoland,4767314,1,247a31fb40b3ac0b152bd3554743d742a3892fe3,linux1804-64-shippable-qr,True,False,,,102210fe594ee9b33d82058545b1ed14f4c8206e,id-getter-5.html,perf_reftest_singletons,True,perf_reftest_singletons id-getter-5.html opt e10s fission stylo webrender,4767299,77,ms,firefox,449452316.0,1852600933,2024-03-04 16:31:41,494.67,6c8dfd2a5bcafec953d7303c1fc35ec76d05f6ac,1386528,,,,,,,,,,,,,,,,,,,,,,,,,,,,,,,,,,,,,,,,,,,,,,,,,,,,,,,,,,,,,TN,TN
autoland,4767314,1,247a31fb40b3ac0b152bd3554743d742a3892fe3,linux1804-64-shippable-qr,True,False,,,102210fe594ee9b33d82058545b1ed14f4c8206e,id-getter-5.html,perf_reftest_singletons,True,perf_reftest_singletons id-getter-5.html opt e10s fission stylo webrender,4767299,77,ms,firefox,449490714.0,1852760944,2024-03-04 20:31:42,493.71,430bda8b01b3b00b083a0034de19b12b032caf6b,1386698,,,,,,,,,,,,,,,,,,,,,,,,,,,,,,,,,,,,,,,,,,,,,,,,,,,,,,,,,,,,,TN,TN
autoland,4767314,1,247a31fb40b3ac0b152bd3554743d742a3892fe3,linux1804-64-shippable-qr,True,False,,,102210fe594ee9b33d82058545b1ed14f4c8206e,id-getter-5.html,perf_reftest_singletons,True,perf_reftest_singletons id-getter-5.html opt e10s fission stylo webrender,4767299,77,ms,firefox,449495704.0,1852781892,2024-03-04 21:16:05,505.5700000000001,5b706eb2187070200b3eecb6d99a95e750c3266e,1386717,,,,,,,,,,,,,,,,,,,,,,,,,,,,,,,,,,,,,,,,,,,,,,,,,,,,,,,,,,,,,TN,TN
autoland,4767314,1,247a31fb40b3ac0b152bd3554743d742a3892fe3,linux1804-64-shippable-qr,True,False,,,102210fe594ee9b33d82058545b1ed14f4c8206e,id-getter-5.html,perf_reftest_singletons,True,perf_reftest_singletons id-getter-5.html opt e10s fission stylo webrender,4767299,77,ms,firefox,449535567.0,1852892049,2024-03-05 01:28:34,497.3200000000001,2b54764bcf2909b800951938d1f6fd47752c91b6,1386871,,,,,,,,,,,,,,,,,,,,,,,,,,,,,,,,,,,,,,,,,,,,,,,,,,,,,,,,,,,,,TN,TN
autoland,4767314,1,247a31fb40b3ac0b152bd3554743d742a3892fe3,linux1804-64-shippable-qr,True,False,,,102210fe594ee9b33d82058545b1ed14f4c8206e,id-getter-5.html,perf_reftest_singletons,True,perf_reftest_singletons id-getter-5.html opt e10s fission stylo webrender,4767299,77,ms,firefox,449549768.0,1853010088,2024-03-05 05:25:14,493.22,61bb37d1ba16985ef9e5cd99cd02912849f743a3,1386945,,,,,,,,,,,,,,,,,,,,,,,,,,,,,,,,,,,,,,,,,,,,,,,,,,,,,,,,,,,,,TN,TN
autoland,4767314,1,247a31fb40b3ac0b152bd3554743d742a3892fe3,linux1804-64-shippable-qr,True,False,,,102210fe594ee9b33d82058545b1ed14f4c8206e,id-getter-5.html,perf_reftest_singletons,True,perf_reftest_singletons id-getter-5.html opt e10s fission stylo webrender,4767299,77,ms,firefox,449575888.0,1853082751,2024-03-05 09:36:09,505.73,20859a1f25eb48ec31fdd24c0552b9fa83c5dcf2,1387072,,,,,,,,,,,,,,,,,,,,,,,,,,,,,,,,,,,,,,,,,,,,,,,,,,,,,,,,,,,,,TN,TN
autoland,4767314,1,247a31fb40b3ac0b152bd3554743d742a3892fe3,linux1804-64-shippable-qr,True,False,,,102210fe594ee9b33d82058545b1ed14f4c8206e,id-getter-5.html,perf_reftest_singletons,True,perf_reftest_singletons id-getter-5.html opt e10s fission stylo webrender,4767299,77,ms,firefox,449602356.0,1853165309,2024-03-05 11:43:18,496.22,300643546ea85a42a1f88a11595ebbb0b7157128,1387157,,,,,,,,,,,,,,,,,,,,,,,,,,,,,,,,,,,,,,,,,,,,,,,,,,,,,,,,,,,,,TN,TN
autoland,4767314,1,247a31fb40b3ac0b152bd3554743d742a3892fe3,linux1804-64-shippable-qr,True,False,,,102210fe594ee9b33d82058545b1ed14f4c8206e,id-getter-5.html,perf_reftest_singletons,True,perf_reftest_singletons id-getter-5.html opt e10s fission stylo webrender,4767299,77,ms,firefox,449629425.0,1853245391,2024-03-05 15:52:09,481.51,adf17fc47c84c0fa237aecff550ba42344a5c629,1387348,,,,,,,,,,,,,,,,,,,,,,,,,,,,,,,,,,,,,,,,,,,,,,,,,,,,,,,,,,,,,TN,TN
autoland,4767314,1,247a31fb40b3ac0b152bd3554743d742a3892fe3,linux1804-64-shippable-qr,True,False,,,102210fe594ee9b33d82058545b1ed14f4c8206e,id-getter-5.html,perf_reftest_singletons,True,perf_reftest_singletons id-getter-5.html opt e10s fission stylo webrender,4767299,77,ms,firefox,449664816.0,1853349344,2024-03-05 19:23:59,508.80000000000007,c13ff57ddd8d6b9f971a631b45c6da97b3c14fb9,1387560,,,,,,,,,,,,,,,,,,,,,,,,,,,,,,,,,,,,,,,,,,,,,,,,,,,,,,,,,,,,,TN,TN
autoland,4767314,1,247a31fb40b3ac0b152bd3554743d742a3892fe3,linux1804-64-shippable-qr,True,False,,,102210fe594ee9b33d82058545b1ed14f4c8206e,id-getter-5.html,perf_reftest_singletons,True,perf_reftest_singletons id-getter-5.html opt e10s fission stylo webrender,4767299,77,ms,firefox,449684528.0,1853418117,2024-03-05 22:16:54,498.41,099f52f30c39008328dfbc02ff824310e082a8da,1387647,,,,,,,,,,,,,,,,,,,,,,,,,,,,,,,,,,,,,,,,,,,,,,,,,,,,,,,,,,,,,TN,TN
autoland,4767314,1,247a31fb40b3ac0b152bd3554743d742a3892fe3,linux1804-64-shippable-qr,True,False,,,102210fe594ee9b33d82058545b1ed14f4c8206e,id-getter-5.html,perf_reftest_singletons,True,perf_reftest_singletons id-getter-5.html opt e10s fission stylo webrender,4767299,77,ms,firefox,449713135.0,1853538318,2024-03-06 02:53:23,490.6,488c772c72746cdfbf99e927acee696c4d6a5aef,1387831,,,,,,,,,,,,,,,,,,,,,,,,,,,,,,,,,,,,,,,,,,,,,,,,,,,,,,,,,,,,,TN,TN
autoland,4767314,1,247a31fb40b3ac0b152bd3554743d742a3892fe3,linux1804-64-shippable-qr,True,False,,,102210fe594ee9b33d82058545b1ed14f4c8206e,id-getter-5.html,perf_reftest_singletons,True,perf_reftest_singletons id-getter-5.html opt e10s fission stylo webrender,4767299,77,ms,firefox,449794377.0,1853833340,2024-03-06 14:00:28,497.85,143c3925806ed35200c2a71e650e7e74f58520a7,1388157,,,,,,,,,,,,,,,,,,,,,,,,,,,,,,,,,,,,,,,,,,,,,,,,,,,,,,,,,,,,,TN,TN
autoland,4767314,1,247a31fb40b3ac0b152bd3554743d742a3892fe3,linux1804-64-shippable-qr,True,False,,,102210fe594ee9b33d82058545b1ed14f4c8206e,id-getter-5.html,perf_reftest_singletons,True,perf_reftest_singletons id-getter-5.html opt e10s fission stylo webrender,4767299,77,ms,firefox,449828478.0,1853943159,2024-03-06 18:03:03,503.15,03e6d6ff8bde56b645cfbc34dee452ff375ff3ca,1388329,,,,,,,,,,,,,,,,,,,,,,,,,,,,,,,,,,,,,,,,,,,,,,,,,,,,,,,,,,,,,TN,TN
autoland,4767314,1,247a31fb40b3ac0b152bd3554743d742a3892fe3,linux1804-64-shippable-qr,True,False,,,102210fe594ee9b33d82058545b1ed14f4c8206e,id-getter-5.html,perf_reftest_singletons,True,perf_reftest_singletons id-getter-5.html opt e10s fission stylo webrender,4767299,77,ms,firefox,449829493.0,1853951835,2024-03-06 18:05:41,488.13,f408182c4687f0490084c35cc766e637d0bdfd0f,1388333,,,,,,,,,,,,,,,,,,,,,,,,,,,,,,,,,,,,,,,,,,,,,,,,,,,,,,,,,,,,,TN,TN
autoland,4767314,1,247a31fb40b3ac0b152bd3554743d742a3892fe3,linux1804-64-shippable-qr,True,False,,,102210fe594ee9b33d82058545b1ed14f4c8206e,id-getter-5.html,perf_reftest_singletons,True,perf_reftest_singletons id-getter-5.html opt e10s fission stylo webrender,4767299,77,ms,firefox,449849533.0,1854056195,2024-03-06 20:32:27,483.38,cbcc69d30489c534df28a444097bd87fcf8d8352,1388530,,,,,,,,,,,,,,,,,,,,,,,,,,,,,,,,,,,,,,,,,,,,,,,,,,,,,,,,,,,,,TN,TN
autoland,4767314,1,247a31fb40b3ac0b152bd3554743d742a3892fe3,linux1804-64-shippable-qr,True,False,,,102210fe594ee9b33d82058545b1ed14f4c8206e,id-getter-5.html,perf_reftest_singletons,True,perf_reftest_singletons id-getter-5.html opt e10s fission stylo webrender,4767299,77,ms,firefox,449875009.0,1854143414,2024-03-06 22:58:04,508.2,98eadcb9210580189dd1cb9eb2cad1362b0c2835,1388664,,,,,,,,,,,,,,,,,,,,,,,,,,,,,,,,,,,,,,,,,,,,,,,,,,,,,,,,,,,,,TN,TN
autoland,4767314,1,247a31fb40b3ac0b152bd3554743d742a3892fe3,linux1804-64-shippable-qr,True,False,,,102210fe594ee9b33d82058545b1ed14f4c8206e,id-getter-5.html,perf_reftest_singletons,True,perf_reftest_singletons id-getter-5.html opt e10s fission stylo webrender,4767299,77,ms,firefox,449893445.0,1854250671,2024-03-07 03:21:51,485.82,62ed755b7c5e2b357e66b4f19a5419c685e87a47,1388820,,,,,,,,,,,,,,,,,,,,,,,,,,,,,,,,,,,,,,,,,,,,,,,,,,,,,,,,,,,,,TN,TN
autoland,4767314,1,247a31fb40b3ac0b152bd3554743d742a3892fe3,linux1804-64-shippable-qr,True,False,,,102210fe594ee9b33d82058545b1ed14f4c8206e,id-getter-5.html,perf_reftest_singletons,True,perf_reftest_singletons id-getter-5.html opt e10s fission stylo webrender,4767299,77,ms,firefox,449901468.0,1854343026,2024-03-07 06:37:03,490.68000000000006,d48a42b340b69771d9dc99ddf1303d3f88ae9165,1388849,,,,,,,,,,,,,,,,,,,,,,,,,,,,,,,,,,,,,,,,,,,,,,,,,,,,,,,,,,,,,TN,TN
autoland,4767314,1,247a31fb40b3ac0b152bd3554743d742a3892fe3,linux1804-64-shippable-qr,True,False,,,102210fe594ee9b33d82058545b1ed14f4c8206e,id-getter-5.html,perf_reftest_singletons,True,perf_reftest_singletons id-getter-5.html opt e10s fission stylo webrender,4767299,77,ms,firefox,449922502.0,1854431091,2024-03-07 10:49:51,521.9,cfe658475285f9b5c867bcbd191d2e1332df885e,1388876,,,,,,,,,,,,,,,,,,,,,,,,,,,,,,,,,,,,,,,,,,,,,,,,,,,,,,,,,,,,,TN,TN
autoland,4767314,1,247a31fb40b3ac0b152bd3554743d742a3892fe3,linux1804-64-shippable-qr,True,False,,,102210fe594ee9b33d82058545b1ed14f4c8206e,id-getter-5.html,perf_reftest_singletons,True,perf_reftest_singletons id-getter-5.html opt e10s fission stylo webrender,4767299,77,ms,firefox,449935899.0,1854478722,2024-03-07 13:27:03,493.43000000000006,0027da61966ddaf727a4c543b4541d0e175cb354,1388885,,,,,,,,,,,,,,,,,,,,,,,,,,,,,,,,,,,,,,,,,,,,,,,,,,,,,,,,,,,,,TN,TN
autoland,4767314,1,247a31fb40b3ac0b152bd3554743d742a3892fe3,linux1804-64-shippable-qr,True,False,,,102210fe594ee9b33d82058545b1ed14f4c8206e,id-getter-5.html,perf_reftest_singletons,True,perf_reftest_singletons id-getter-5.html opt e10s fission stylo webrender,4767299,77,ms,firefox,449988673.0,1854704377,2024-03-07 20:11:01,500.29,c9b3f598aa024ffbe096094ee8845222b7483c50,1389147,,,,,,,,,,,,,,,,,,,,,,,,,,,,,,,,,,,,,,,,,,,,,,,,,,,,,,,,,,,,,TN,TN
autoland,4767314,1,247a31fb40b3ac0b152bd3554743d742a3892fe3,linux1804-64-shippable-qr,True,False,,,102210fe594ee9b33d82058545b1ed14f4c8206e,id-getter-5.html,perf_reftest_singletons,True,perf_reftest_singletons id-getter-5.html opt e10s fission stylo webrender,4767299,77,ms,firefox,450011285.0,1854807776,2024-03-08 00:14:27,492.88,f9c5e71ad2de0632a1d833b02eb16cd13e4eabc1,1389377,,,,,,,,,,,,,,,,,,,,,,,,,,,,,,,,,,,,,,,,,,,,,,,,,,,,,,,,,,,,,TN,TN
autoland,4767314,1,247a31fb40b3ac0b152bd3554743d742a3892fe3,linux1804-64-shippable-qr,True,False,,,102210fe594ee9b33d82058545b1ed14f4c8206e,id-getter-5.html,perf_reftest_singletons,True,perf_reftest_singletons id-getter-5.html opt e10s fission stylo webrender,4767299,77,ms,firefox,450021135.0,1854866915,2024-03-08 01:03:56,504.84,ac5529a784bdd0522e58c4bcdb3293674601ac52,1389404,,,,,,,,,,,,,,,,,,,,,,,,,,,,,,,,,,,,,,,,,,,,,,,,,,,,,,,,,,,,,TN,TN
autoland,4767314,1,247a31fb40b3ac0b152bd3554743d742a3892fe3,linux1804-64-shippable-qr,True,False,,,102210fe594ee9b33d82058545b1ed14f4c8206e,id-getter-5.html,perf_reftest_singletons,True,perf_reftest_singletons id-getter-5.html opt e10s fission stylo webrender,4767299,77,ms,firefox,450052316.0,1855021596,2024-03-08 09:44:20,484.56,fe38c21e5d5ba7ab071d13411995b46f31d7862c,1389593,,,,,,,,,,,,,,,,,,,,,,,,,,,,,,,,,,,,,,,,,,,,,,,,,,,,,,,,,,,,,TN,TN
autoland,4767314,1,247a31fb40b3ac0b152bd3554743d742a3892fe3,linux1804-64-shippable-qr,True,False,,,102210fe594ee9b33d82058545b1ed14f4c8206e,id-getter-5.html,perf_reftest_singletons,True,perf_reftest_singletons id-getter-5.html opt e10s fission stylo webrender,4767299,77,ms,firefox,450077033.0,1855111380,2024-03-08 13:47:55,491.9,e38d79679348570701c9c0b244b0d905b241b83b,1389613,,,,,,,,,,,,,,,,,,,,,,,,,,,,,,,,,,,,,,,,,,,,,,,,,,,,,,,,,,,,,TN,TN
autoland,4767314,1,247a31fb40b3ac0b152bd3554743d742a3892fe3,linux1804-64-shippable-qr,True,False,,,102210fe594ee9b33d82058545b1ed14f4c8206e,id-getter-5.html,perf_reftest_singletons,True,perf_reftest_singletons id-getter-5.html opt e10s fission stylo webrender,4767299,77,ms,firefox,450093695.0,1855161682,2024-03-08 15:54:44,483.71,c306d54c8963e4dda4426d48bf41774947f5138d,1389685,,,,,,,,,,,,,,,,,,,,,,,,,,,,,,,,,,,,,,,,,,,,,,,,,,,,,,,,,,,,,TN,TN
autoland,4767314,1,247a31fb40b3ac0b152bd3554743d742a3892fe3,linux1804-64-shippable-qr,True,False,,,102210fe594ee9b33d82058545b1ed14f4c8206e,id-getter-5.html,perf_reftest_singletons,True,perf_reftest_singletons id-getter-5.html opt e10s fission stylo webrender,4767299,77,ms,firefox,450145823.0,1855414671,2024-03-09 00:01:41,500.79,e40628b4cd80f3469e6fb5836c1e513e3e058225,1390115,,,,,,,,,,,,,,,,,,,,,,,,,,,,,,,,,,,,,,,,,,,,,,,,,,,,,,,,,,,,,TN,TN
autoland,4767314,1,247a31fb40b3ac0b152bd3554743d742a3892fe3,linux1804-64-shippable-qr,True,False,,,102210fe594ee9b33d82058545b1ed14f4c8206e,id-getter-5.html,perf_reftest_singletons,True,perf_reftest_singletons id-getter-5.html opt e10s fission stylo webrender,4767299,77,ms,firefox,450146327.0,1855423178,2024-03-09 00:02:45,495.97,4d67ec80ce46b924295e599b81d0db0071664eca,1390116,,,,,,,,,,,,,,,,,,,,,,,,,,,,,,,,,,,,,,,,,,,,,,,,,,,,,,,,,,,,,TN,TN
autoland,4767314,1,247a31fb40b3ac0b152bd3554743d742a3892fe3,linux1804-64-shippable-qr,True,False,,,102210fe594ee9b33d82058545b1ed14f4c8206e,id-getter-5.html,perf_reftest_singletons,True,perf_reftest_singletons id-getter-5.html opt e10s fission stylo webrender,4767299,77,ms,firefox,450146778.0,1855449955,2024-03-09 00:03:40,487.37,fb2eeb44f22026d0a1c7b18f8cb0786169300c1b,1390117,,,,,,,,,,,,,,,,,,,,,,,,,,,,,,,,,,,,,,,,,,,,,,,,,,,,,,,,,,,,,TN,TN
autoland,4767314,1,247a31fb40b3ac0b152bd3554743d742a3892fe3,linux1804-64-shippable-qr,True,False,,,102210fe594ee9b33d82058545b1ed14f4c8206e,id-getter-5.html,perf_reftest_singletons,True,perf_reftest_singletons id-getter-5.html opt e10s fission stylo webrender,4767299,77,ms,firefox,450165197.0,1855510727,2024-03-09 05:38:15,503.11,efb6c465b7de5cb34b029bb51e5b445952bdd9b2,1390162,,,,,,,,,,,,,,,,,,,,,,,,,,,,,,,,,,,,,,,,,,,,,,,,,,,,,,,,,,,,,TN,TN
autoland,4767314,1,247a31fb40b3ac0b152bd3554743d742a3892fe3,linux1804-64-shippable-qr,True,False,,,102210fe594ee9b33d82058545b1ed14f4c8206e,id-getter-5.html,perf_reftest_singletons,True,perf_reftest_singletons id-getter-5.html opt e10s fission stylo webrender,4767299,77,ms,firefox,450190273.0,1855586533,2024-03-09 10:41:02,505.04,1d530888568c2a44fc30d9b6567ab6195f238cb2,1390188,,,,,,,,,,,,,,,,,,,,,,,,,,,,,,,,,,,,,,,,,,,,,,,,,,,,,,,,,,,,,TN,TN
autoland,4767314,1,247a31fb40b3ac0b152bd3554743d742a3892fe3,linux1804-64-shippable-qr,True,False,,,102210fe594ee9b33d82058545b1ed14f4c8206e,id-getter-5.html,perf_reftest_singletons,True,perf_reftest_singletons id-getter-5.html opt e10s fission stylo webrender,4767299,77,ms,firefox,450205660.0,1855635727,2024-03-09 15:33:05,491.92,10af6b2ff03bd7512d53f3ed02f7e83dba7c57ba,1390221,,,,,,,,,,,,,,,,,,,,,,,,,,,,,,,,,,,,,,,,,,,,,,,,,,,,,,,,,,,,,TN,TN
autoland,4767314,1,247a31fb40b3ac0b152bd3554743d742a3892fe3,linux1804-64-shippable-qr,True,False,,,102210fe594ee9b33d82058545b1ed14f4c8206e,id-getter-5.html,perf_reftest_singletons,True,perf_reftest_singletons id-getter-5.html opt e10s fission stylo webrender,4767299,77,ms,firefox,450217052.0,1855669484,2024-03-09 20:59:44,544.6,9768cd53e66eef4a715150196cfa1138f7edf7ba,1390244,,,,,,,,,,,,,,,,,,,,,,,,,,,,,,,,,,,,,,,,,,,,,,,,,,,,,,,,,,,,,TN,TN
autoland,4767314,1,247a31fb40b3ac0b152bd3554743d742a3892fe3,linux1804-64-shippable-qr,True,False,,,102210fe594ee9b33d82058545b1ed14f4c8206e,id-getter-5.html,perf_reftest_singletons,True,perf_reftest_singletons id-getter-5.html opt e10s fission stylo webrender,4767299,77,ms,firefox,450254490.0,1855803737,2024-03-10 13:59:13,492.12,f8edec6de8b50f0f6809208600e5c8ab87dd12d4,1390283,,,,,,,,,,,,,,,,,,,,,,,,,,,,,,,,,,,,,,,,,,,,,,,,,,,,,,,,,,,,,TN,TN
autoland,4767314,1,247a31fb40b3ac0b152bd3554743d742a3892fe3,linux1804-64-shippable-qr,True,False,,,102210fe594ee9b33d82058545b1ed14f4c8206e,id-getter-5.html,perf_reftest_singletons,True,perf_reftest_singletons id-getter-5.html opt e10s fission stylo webrender,4767299,77,ms,firefox,450259297.0,1855824560,2024-03-10 18:05:45,523.4200000000001,059c20bed3da7a717ee144e4c2339499009d7c44,1390298,,,,,,,,,,,,,,,,,,,,,,,,,,,,,,,,,,,,,,,,,,,,,,,,,,,,,,,,,,,,,TN,TN
autoland,4767314,1,247a31fb40b3ac0b152bd3554743d742a3892fe3,linux1804-64-shippable-qr,True,False,,,102210fe594ee9b33d82058545b1ed14f4c8206e,id-getter-5.html,perf_reftest_singletons,True,perf_reftest_singletons id-getter-5.html opt e10s fission stylo webrender,4767299,77,ms,firefox,450280224.0,1855924422,2024-03-11 02:48:56,506.25,0f63ab5624960b1aa464bb2e3bd76c6cd196f186,1390365,,,,,,,,,,,,,,,,,,,,,,,,,,,,,,,,,,,,,,,,,,,,,,,,,,,,,,,,,,,,,TN,TN
autoland,4767314,1,247a31fb40b3ac0b152bd3554743d742a3892fe3,linux1804-64-shippable-qr,True,False,,,102210fe594ee9b33d82058545b1ed14f4c8206e,id-getter-5.html,perf_reftest_singletons,True,perf_reftest_singletons id-getter-5.html opt e10s fission stylo webrender,4767299,77,ms,firefox,450298993.0,1856003488,2024-03-11 09:18:44,497.4,343e945a502ea35f40687ffca3eab7543522fe79,1390442,,,,,,,,,,,,,,,,,,,,,,,,,,,,,,,,,,,,,,,,,,,,,,,,,,,,,,,,,,,,,TN,TN
autoland,4767314,1,247a31fb40b3ac0b152bd3554743d742a3892fe3,linux1804-64-shippable-qr,True,False,,,102210fe594ee9b33d82058545b1ed14f4c8206e,id-getter-5.html,perf_reftest_singletons,True,perf_reftest_singletons id-getter-5.html opt e10s fission stylo webrender,4767299,77,ms,firefox,450332123.0,1856112636,2024-03-11 13:24:20,507.44000000000005,23b4081496822ae44a0f120f8429c0c57a864325,1390505,,,,,,,,,,,,,,,,,,,,,,,,,,,,,,,,,,,,,,,,,,,,,,,,,,,,,,,,,,,,,TN,TN
autoland,4767314,1,247a31fb40b3ac0b152bd3554743d742a3892fe3,linux1804-64-shippable-qr,True,False,,,102210fe594ee9b33d82058545b1ed14f4c8206e,id-getter-5.html,perf_reftest_singletons,True,perf_reftest_singletons id-getter-5.html opt e10s fission stylo webrender,4767299,77,ms,firefox,450339449.0,1856147629,2024-03-11 14:23:46,495.37,ec25d27f83b73ab4fbd93c737d29b732042c2139,1390552,,,,,,,,,,,,,,,,,,,,,,,,,,,,,,,,,,,,,,,,,,,,,,,,,,,,,,,,,,,,,TN,TN
autoland,4767314,1,247a31fb40b3ac0b152bd3554743d742a3892fe3,linux1804-64-shippable-qr,True,False,,,102210fe594ee9b33d82058545b1ed14f4c8206e,id-getter-5.html,perf_reftest_singletons,True,perf_reftest_singletons id-getter-5.html opt e10s fission stylo webrender,4767299,77,ms,firefox,450370473.0,1856267565,2024-03-11 18:03:14,487.7900000000001,b5f646ecf7f3ca586020974d36c3f4c4fca4a3a3,1390747,,,,,,,,,,,,,,,,,,,,,,,,,,,,,,,,,,,,,,,,,,,,,,,,,,,,,,,,,,,,,TN,TN
autoland,4767314,1,247a31fb40b3ac0b152bd3554743d742a3892fe3,linux1804-64-shippable-qr,True,False,,,102210fe594ee9b33d82058545b1ed14f4c8206e,id-getter-5.html,perf_reftest_singletons,True,perf_reftest_singletons id-getter-5.html opt e10s fission stylo webrender,4767299,77,ms,firefox,450391744.0,1856313826,2024-03-11 19:41:42,503.61,4984afdb79c55a76ef741d1667378c296f74240f,1390851,,,,,,,,,,,,,,,,,,,,,,,,,,,,,,,,,,,,,,,,,,,,,,,,,,,,,,,,,,,,,TN,TN
autoland,4767314,1,247a31fb40b3ac0b152bd3554743d742a3892fe3,linux1804-64-shippable-qr,True,False,,,102210fe594ee9b33d82058545b1ed14f4c8206e,id-getter-5.html,perf_reftest_singletons,True,perf_reftest_singletons id-getter-5.html opt e10s fission stylo webrender,4767299,77,ms,firefox,450425381.0,1856449250,2024-03-12 03:06:47,579.5799999999999,5dbe89396d7f52d57c4a21457fcf95d4e1ae24c3,1391174,,,,,,,,,,,,,,,,,,,,,,,,,,,,,,,,,,,,,,,,,,,,,,,,,,,,,,,,,,,,,TN,TN
autoland,4767314,1,247a31fb40b3ac0b152bd3554743d742a3892fe3,linux1804-64-shippable-qr,True,False,,,102210fe594ee9b33d82058545b1ed14f4c8206e,id-getter-5.html,perf_reftest_singletons,True,perf_reftest_singletons id-getter-5.html opt e10s fission stylo webrender,4767299,77,ms,firefox,450433447.0,1856544477,2024-03-12 07:06:36,528.0899999999999,45bdb06ed9f6ae6b675b169c0b4dbd488363098d,1391218,,,,,,,,,,,,,,,,,,,,,,,,,,,,,,,,,,,,,,,,,,,,,,,,,,,,,,,,,,,,,TN,TN
autoland,4767314,1,247a31fb40b3ac0b152bd3554743d742a3892fe3,linux1804-64-shippable-qr,True,False,,,102210fe594ee9b33d82058545b1ed14f4c8206e,id-getter-5.html,perf_reftest_singletons,True,perf_reftest_singletons id-getter-5.html opt e10s fission stylo webrender,4767299,77,ms,firefox,450458414.0,1856603208,2024-03-12 11:26:19,493.58,8c1e5f6bca5a8f2ab2297cff5c736e61d3a3bd27,1391230,,,,,,,,,,,,,,,,,,,,,,,,,,,,,,,,,,,,,,,,,,,,,,,,,,,,,,,,,,,,,TN,TN
autoland,4767314,1,247a31fb40b3ac0b152bd3554743d742a3892fe3,linux1804-64-shippable-qr,True,False,,,102210fe594ee9b33d82058545b1ed14f4c8206e,id-getter-5.html,perf_reftest_singletons,True,perf_reftest_singletons id-getter-5.html opt e10s fission stylo webrender,4767299,77,ms,firefox,450496043.0,1856711808,2024-03-12 14:58:20,521.35,c93ce7649d8d7d874130caed9005d92be916b10e,1391396,,,,,,,,,,,,,,,,,,,,,,,,,,,,,,,,,,,,,,,,,,,,,,,,,,,,,,,,,,,,,TN,TN
autoland,4767314,1,247a31fb40b3ac0b152bd3554743d742a3892fe3,linux1804-64-shippable-qr,True,False,,,102210fe594ee9b33d82058545b1ed14f4c8206e,id-getter-5.html,perf_reftest_singletons,True,perf_reftest_singletons id-getter-5.html opt e10s fission stylo webrender,4767299,77,ms,firefox,450514803.0,1856789232,2024-03-12 19:37:06,509.44000000000005,d91b0606279d7c22a0119cdc8061cdeffe233787,1391673,,,,,,,,,,,,,,,,,,,,,,,,,,,,,,,,,,,,,,,,,,,,,,,,,,,,,,,,,,,,,TN,TN
autoland,4767314,1,247a31fb40b3ac0b152bd3554743d742a3892fe3,linux1804-64-shippable-qr,True,False,,,102210fe594ee9b33d82058545b1ed14f4c8206e,id-getter-5.html,perf_reftest_singletons,True,perf_reftest_singletons id-getter-5.html opt e10s fission stylo webrender,4767299,77,ms,firefox,450551600.0,1856923144,2024-03-12 23:13:34,494.87,bb96cef2989d78eaa9d2485bb379b29449a815b2,1391824,,,,,,,,,,,,,,,,,,,,,,,,,,,,,,,,,,,,,,,,,,,,,,,,,,,,,,,,,,,,,TN,TN
autoland,4767314,1,247a31fb40b3ac0b152bd3554743d742a3892fe3,linux1804-64-shippable-qr,True,False,,,102210fe594ee9b33d82058545b1ed14f4c8206e,id-getter-5.html,perf_reftest_singletons,True,perf_reftest_singletons id-getter-5.html opt e10s fission stylo webrender,4767299,77,ms,firefox,450582578.0,1857049272,2024-03-13 07:01:16,507.75,2dfb9f01e06f190da79fb195ea51dac2be58dde7,1392060,,,,,,,,,,,,,,,,,,,,,,,,,,,,,,,,,,,,,,,,,,,,,,,,,,,,,,,,,,,,,TN,TN
autoland,4767314,1,247a31fb40b3ac0b152bd3554743d742a3892fe3,linux1804-64-shippable-qr,True,False,,,102210fe594ee9b33d82058545b1ed14f4c8206e,id-getter-5.html,perf_reftest_singletons,True,perf_reftest_singletons id-getter-5.html opt e10s fission stylo webrender,4767299,77,ms,firefox,450613033.0,1857218608,2024-03-13 11:15:45,504.7,ae0da9180abdc1990832791041b323e05082f6f8,1392165,,,,,,,,,,,,,,,,,,,,,,,,,,,,,,,,,,,,,,,,,,,,,,,,,,,,,,,,,,,,,TN,TN
autoland,4767314,1,247a31fb40b3ac0b152bd3554743d742a3892fe3,linux1804-64-shippable-qr,True,False,,,102210fe594ee9b33d82058545b1ed14f4c8206e,id-getter-5.html,perf_reftest_singletons,True,perf_reftest_singletons id-getter-5.html opt e10s fission stylo webrender,4767299,77,ms,firefox,450641876.0,1857334108,2024-03-13 15:23:46,489.14,49e9b26b528b94a9db43d4b65112add1268f64fc,1392302,,,,,,,,,,,,,,,,,,,,,,,,,,,,,,,,,,,,,,,,,,,,,,,,,,,,,,,,,,,,,TN,TN
autoland,4767314,1,247a31fb40b3ac0b152bd3554743d742a3892fe3,linux1804-64-shippable-qr,True,False,,,102210fe594ee9b33d82058545b1ed14f4c8206e,id-getter-5.html,perf_reftest_singletons,True,perf_reftest_singletons id-getter-5.html opt e10s fission stylo webrender,4767299,77,ms,firefox,450646367.0,1857366213,2024-03-13 15:33:19,501.33,35c5c892ca1e96f731d20bc6edd310a5d4e13bad,1392307,,,,,,,,,,,,,,,,,,,,,,,,,,,,,,,,,,,,,,,,,,,,,,,,,,,,,,,,,,,,,TN,TN
autoland,4767314,1,247a31fb40b3ac0b152bd3554743d742a3892fe3,linux1804-64-shippable-qr,True,False,,,102210fe594ee9b33d82058545b1ed14f4c8206e,id-getter-5.html,perf_reftest_singletons,True,perf_reftest_singletons id-getter-5.html opt e10s fission stylo webrender,4767299,77,ms,firefox,450658481.0,1857435184,2024-03-13 18:41:03,496.52,ebcab57cf7cd8a64a561c831dc4d1bf6694f82b8,1392487,,,,,,,,,,,,,,,,,,,,,,,,,,,,,,,,,,,,,,,,,,,,,,,,,,,,,,,,,,,,,TN,TN
autoland,4767314,1,247a31fb40b3ac0b152bd3554743d742a3892fe3,linux1804-64-shippable-qr,True,False,,,102210fe594ee9b33d82058545b1ed14f4c8206e,id-getter-5.html,perf_reftest_singletons,True,perf_reftest_singletons id-getter-5.html opt e10s fission stylo webrender,4767299,77,ms,firefox,450677829.0,1857546331,2024-03-13 21:49:05,505.22,1f3b4df016ac965dd3a2c97cb547c495364fdeef,1392594,,,,,,,,,,,,,,,,,,,,,,,,,,,,,,,,,,,,,,,,,,,,,,,,,,,,,,,,,,,,,TN,TN
autoland,4767314,1,247a31fb40b3ac0b152bd3554743d742a3892fe3,linux1804-64-shippable-qr,True,False,,,102210fe594ee9b33d82058545b1ed14f4c8206e,id-getter-5.html,perf_reftest_singletons,True,perf_reftest_singletons id-getter-5.html opt e10s fission stylo webrender,4767299,77,ms,firefox,450710516.0,1857654777,2024-03-14 04:20:25,498.61,2333872b0f5028fa1f0e9236440fe58df07a0235,1392734,,,,,,,,,,,,,,,,,,,,,,,,,,,,,,,,,,,,,,,,,,,,,,,,,,,,,,,,,,,,,TN,TN
autoland,4767314,1,247a31fb40b3ac0b152bd3554743d742a3892fe3,linux1804-64-shippable-qr,True,False,,,102210fe594ee9b33d82058545b1ed14f4c8206e,id-getter-5.html,perf_reftest_singletons,True,perf_reftest_singletons id-getter-5.html opt e10s fission stylo webrender,4767299,77,ms,firefox,450724173.0,1857714949,2024-03-14 06:52:21,501.89,0c82ff77321a85c36f1c5b27c99d25bad8603028,1392758,,,,,,,,,,,,,,,,,,,,,,,,,,,,,,,,,,,,,,,,,,,,,,,,,,,,,,,,,,,,,TN,TN
autoland,4767314,1,247a31fb40b3ac0b152bd3554743d742a3892fe3,linux1804-64-shippable-qr,True,False,,,102210fe594ee9b33d82058545b1ed14f4c8206e,id-getter-5.html,perf_reftest_singletons,True,perf_reftest_singletons id-getter-5.html opt e10s fission stylo webrender,4767299,77,ms,firefox,450761281.0,1857836645,2024-03-14 10:59:46,501.08,1f30bd08be619a6ea06444a2a6e36123f7baad65,1392883,,,,,,,,,,,,,,,,,,,,,,,,,,,,,,,,,,,,,,,,,,,,,,,,,,,,,,,,,,,,,TN,TN
autoland,4767314,1,247a31fb40b3ac0b152bd3554743d742a3892fe3,linux1804-64-shippable-qr,True,False,,,102210fe594ee9b33d82058545b1ed14f4c8206e,id-getter-5.html,perf_reftest_singletons,True,perf_reftest_singletons id-getter-5.html opt e10s fission stylo webrender,4767299,77,ms,firefox,450804535.0,1857999283,2024-03-14 17:45:33,501.9500000000001,e0d1a1dbfd5c36a2527b566ff831a989ca5ae5f5,1393195,,,,,,,,,,,,,,,,,,,,,,,,,,,,,,,,,,,,,,,,,,,,,,,,,,,,,,,,,,,,,TN,TN
autoland,4767314,1,247a31fb40b3ac0b152bd3554743d742a3892fe3,linux1804-64-shippable-qr,True,False,,,102210fe594ee9b33d82058545b1ed14f4c8206e,id-getter-5.html,perf_reftest_singletons,True,perf_reftest_singletons id-getter-5.html opt e10s fission stylo webrender,4767299,77,ms,firefox,450826987.0,1858085807,2024-03-14 21:51:03,481.91,278273f1c1fdca23ad419f0bd277a616aa240d1e,1393332,,,,,,,,,,,,,,,,,,,,,,,,,,,,,,,,,,,,,,,,,,,,,,,,,,,,,,,,,,,,,TN,TN
autoland,4767314,1,247a31fb40b3ac0b152bd3554743d742a3892fe3,linux1804-64-shippable-qr,True,False,,,102210fe594ee9b33d82058545b1ed14f4c8206e,id-getter-5.html,perf_reftest_singletons,True,perf_reftest_singletons id-getter-5.html opt e10s fission stylo webrender,4767299,77,ms,firefox,450846096.0,1858152984,2024-03-15 00:00:33,486.5700000000001,e18af9ec05f36a6f63a2e3889d5bc27f11be4267,1393414,,,,,,,,,,,,,,,,,,,,,,,,,,,,,,,,,,,,,,,,,,,,,,,,,,,,,,,,,,,,,TN,TN
autoland,4767314,1,247a31fb40b3ac0b152bd3554743d742a3892fe3,linux1804-64-shippable-qr,True,False,,,102210fe594ee9b33d82058545b1ed14f4c8206e,id-getter-5.html,perf_reftest_singletons,True,perf_reftest_singletons id-getter-5.html opt e10s fission stylo webrender,4767299,77,ms,firefox,450867674.0,1858377470,2024-03-15 06:02:39,500.41,0eb2b661743e4b5d2ed6cf61116bc5ade9da405b,1393511,,,,,,,,,,,,,,,,,,,,,,,,,,,,,,,,,,,,,,,,,,,,,,,,,,,,,,,,,,,,,TN,TN
autoland,4767314,1,247a31fb40b3ac0b152bd3554743d742a3892fe3,linux1804-64-shippable-qr,True,False,,,102210fe594ee9b33d82058545b1ed14f4c8206e,id-getter-5.html,perf_reftest_singletons,True,perf_reftest_singletons id-getter-5.html opt e10s fission stylo webrender,4767299,77,ms,firefox,450882167.0,1858446103,2024-03-15 09:39:32,545.96,02d8b0bd788352c236ca20d0163498e5ee3faa07,1393552,,,,,,,,,,,,,,,,,,,,,,,,,,,,,,,,,,,,,,,,,,,,,,,,,,,,,,,,,,,,,TN,TN
autoland,4767314,1,247a31fb40b3ac0b152bd3554743d742a3892fe3,linux1804-64-shippable-qr,True,False,,,102210fe594ee9b33d82058545b1ed14f4c8206e,id-getter-5.html,perf_reftest_singletons,True,perf_reftest_singletons id-getter-5.html opt e10s fission stylo webrender,4767299,77,ms,firefox,450908884.0,1858556602,2024-03-15 14:14:34,500.16,4b69d32113781e4489234ce2c9cf8f5b5dcbce5a,1393636,,,,,,,,,,,,,,,,,,,,,,,,,,,,,,,,,,,,,,,,,,,,,,,,,,,,,,,,,,,,,TN,TN
autoland,4767314,1,247a31fb40b3ac0b152bd3554743d742a3892fe3,linux1804-64-shippable-qr,True,False,,,102210fe594ee9b33d82058545b1ed14f4c8206e,id-getter-5.html,perf_reftest_singletons,True,perf_reftest_singletons id-getter-5.html opt e10s fission stylo webrender,4767299,77,ms,firefox,450926413.0,1858609081,2024-03-15 16:14:11,485.42,eff5ebeb21a902d6ed24f356b4a4b41e89ff1172,1393715,,,,,,,,,,,,,,,,,,,,,,,,,,,,,,,,,,,,,,,,,,,,,,,,,,,,,,,,,,,,,TN,TN
autoland,4767314,1,247a31fb40b3ac0b152bd3554743d742a3892fe3,linux1804-64-shippable-qr,True,False,,,102210fe594ee9b33d82058545b1ed14f4c8206e,id-getter-5.html,perf_reftest_singletons,True,perf_reftest_singletons id-getter-5.html opt e10s fission stylo webrender,4767299,77,ms,firefox,450952583.0,1858716685,2024-03-15 20:55:49,584.15,f4367b1826eb51a4bbcde0cd6ae1a5b1644115d0,1393941,,,,,,,,,,,,,,,,,,,,,,,,,,,,,,,,,,,,,,,,,,,,,,,,,,,,,,,,,,,,,TN,TN
autoland,4767314,1,247a31fb40b3ac0b152bd3554743d742a3892fe3,linux1804-64-shippable-qr,True,False,,,102210fe594ee9b33d82058545b1ed14f4c8206e,id-getter-5.html,perf_reftest_singletons,True,perf_reftest_singletons id-getter-5.html opt e10s fission stylo webrender,4767299,77,ms,firefox,450974939.0,1858822230,2024-03-16 01:29:19,484.52,bbe046e25d1447071e399f377b669bbe9cbf3bf3,1394036,,,,,,,,,,,,,,,,,,,,,,,,,,,,,,,,,,,,,,,,,,,,,,,,,,,,,,,,,,,,,TN,TN
autoland,4767314,1,247a31fb40b3ac0b152bd3554743d742a3892fe3,linux1804-64-shippable-qr,True,False,,,102210fe594ee9b33d82058545b1ed14f4c8206e,id-getter-5.html,perf_reftest_singletons,True,perf_reftest_singletons id-getter-5.html opt e10s fission stylo webrender,4767299,77,ms,firefox,450981209.0,1858877978,2024-03-16 06:01:10,506.65,a7134d792577d5d0529bf81b769c32138f7bb0c0,1394058,,,,,,,,,,,,,,,,,,,,,,,,,,,,,,,,,,,,,,,,,,,,,,,,,,,,,,,,,,,,,TN,TN
autoland,4767314,1,247a31fb40b3ac0b152bd3554743d742a3892fe3,linux1804-64-shippable-qr,True,False,,,102210fe594ee9b33d82058545b1ed14f4c8206e,id-getter-5.html,perf_reftest_singletons,True,perf_reftest_singletons id-getter-5.html opt e10s fission stylo webrender,4767299,77,ms,firefox,451016226.0,1859000145,2024-03-16 15:16:53,496.51,a65344e02551e44aca46a84016a3a07cce9d23e6,1394103,,,,,,,,,,,,,,,,,,,,,,,,,,,,,,,,,,,,,,,,,,,,,,,,,,,,,,,,,,,,,TN,TN
autoland,4767314,1,247a31fb40b3ac0b152bd3554743d742a3892fe3,linux1804-64-shippable-qr,True,False,,,102210fe594ee9b33d82058545b1ed14f4c8206e,id-getter-5.html,perf_reftest_singletons,True,perf_reftest_singletons id-getter-5.html opt e10s fission stylo webrender,4767299,77,ms,firefox,451021557.0,1859041644,2024-03-16 21:40:10,483.04,bc06944d050ccff5aed2248b83d51d946814e90d,1394130,,,,,,,,,,,,,,,,,,,,,,,,,,,,,,,,,,,,,,,,,,,,,,,,,,,,,,,,,,,,,TN,TN
autoland,4767314,1,247a31fb40b3ac0b152bd3554743d742a3892fe3,linux1804-64-shippable-qr,True,False,,,102210fe594ee9b33d82058545b1ed14f4c8206e,id-getter-5.html,perf_reftest_singletons,True,perf_reftest_singletons id-getter-5.html opt e10s fission stylo webrender,4767299,77,ms,firefox,451433791.0,1860807390,2024-03-17 00:49:28,499.06,f8012c535035e293e5a1dffee1798ed3b496ff22,1394133,,,,,,,,,,,,,,,,,,,,,,,,,,,,,,,,,,,,,,,,,,,,,,,,,,,,,,,,,,,,,TN,TN
autoland,4767314,1,247a31fb40b3ac0b152bd3554743d742a3892fe3,linux1804-64-shippable-qr,True,False,,,102210fe594ee9b33d82058545b1ed14f4c8206e,id-getter-5.html,perf_reftest_singletons,True,perf_reftest_singletons id-getter-5.html opt e10s fission stylo webrender,4767299,77,ms,firefox,451041675.0,1859126887,2024-03-17 07:03:06,495.37,7ef716435af3dee46482a893f4a3b29a4d3faafe,1394146,,,,,,,,,,,,,,,,,,,,,,,,,,,,,,,,,,,,,,,,,,,,,,,,,,,,,,,,,,,,,TN,TN
autoland,4767314,1,247a31fb40b3ac0b152bd3554743d742a3892fe3,linux1804-64-shippable-qr,True,False,,,102210fe594ee9b33d82058545b1ed14f4c8206e,id-getter-5.html,perf_reftest_singletons,True,perf_reftest_singletons id-getter-5.html opt e10s fission stylo webrender,4767299,77,ms,firefox,451050658.0,1859152595,2024-03-17 13:56:17,493.25,47d63b18299914bf2eecdeb64fe8df0a52605aec,1394162,,,,,,,,,,,,,,,,,,,,,,,,,,,,,,,,,,,,,,,,,,,,,,,,,,,,,,,,,,,,,TN,TN
autoland,4767314,1,247a31fb40b3ac0b152bd3554743d742a3892fe3,linux1804-64-shippable-qr,True,False,,,102210fe594ee9b33d82058545b1ed14f4c8206e,id-getter-5.html,perf_reftest_singletons,True,perf_reftest_singletons id-getter-5.html opt e10s fission stylo webrender,4767299,77,ms,firefox,451055582.0,1859178861,2024-03-17 19:02:19,485.46,164fcac77feead59372521b0072049f25a4c9692,1394171,,,,,,,,,,,,,,,,,,,,,,,,,,,,,,,,,,,,,,,,,,,,,,,,,,,,,,,,,,,,,TN,TN
autoland,4767314,1,247a31fb40b3ac0b152bd3554743d742a3892fe3,linux1804-64-shippable-qr,True,False,,,102210fe594ee9b33d82058545b1ed14f4c8206e,id-getter-5.html,perf_reftest_singletons,True,perf_reftest_singletons id-getter-5.html opt e10s fission stylo webrender,4767299,77,ms,firefox,451433804.0,1860807702,2024-03-17 21:32:48,492.3,488c57bb8ceed6da3f0be935156a480cdb92bc32,1394177,,,,,,,,,,,,,,,,,,,,,,,,,,,,,,,,,,,,,,,,,,,,,,,,,,,,,,,,,,,,,TN,TN
autoland,4767314,1,247a31fb40b3ac0b152bd3554743d742a3892fe3,linux1804-64-shippable-qr,True,False,,,102210fe594ee9b33d82058545b1ed14f4c8206e,id-getter-5.html,perf_reftest_singletons,True,perf_reftest_singletons id-getter-5.html opt e10s fission stylo webrender,4767299,77,ms,firefox,451076337.0,1859301924,2024-03-18 01:14:25,537.87,469d4a744966c133ae480dc66643d47b77aa3209,1394186,,,,,,,,,,,,,,,,,,,,,,,,,,,,,,,,,,,,,,,,,,,,,,,,,,,,,,,,,,,,,TN,TN
autoland,4767314,1,247a31fb40b3ac0b152bd3554743d742a3892fe3,linux1804-64-shippable-qr,True,False,,,102210fe594ee9b33d82058545b1ed14f4c8206e,id-getter-5.html,perf_reftest_singletons,True,perf_reftest_singletons id-getter-5.html opt e10s fission stylo webrender,4767299,77,ms,firefox,451433776.0,1860806892,2024-03-18 02:20:19,491.38,b62b82fa2b8bbb330649d8469c9f430585526950,1394195,,,,,,,,,,,,,,,,,,,,,,,,,,,,,,,,,,,,,,,,,,,,,,,,,,,,,,,,,,,,,TN,TN
autoland,4767314,1,247a31fb40b3ac0b152bd3554743d742a3892fe3,linux1804-64-shippable-qr,True,False,,,102210fe594ee9b33d82058545b1ed14f4c8206e,id-getter-5.html,perf_reftest_singletons,True,perf_reftest_singletons id-getter-5.html opt e10s fission stylo webrender,4767299,77,ms,firefox,451433775.0,1860806664,2024-03-18 03:01:16,492.69,96b5dabadd86e9dcd4b129ae8689e8ac7fef8e20,1394197,,,,,,,,,,,,,,,,,,,,,,,,,,,,,,,,,,,,,,,,,,,,,,,,,,,,,,,,,,,,,TN,TN
autoland,4767314,1,247a31fb40b3ac0b152bd3554743d742a3892fe3,linux1804-64-shippable-qr,True,False,,,102210fe594ee9b33d82058545b1ed14f4c8206e,id-getter-5.html,perf_reftest_singletons,True,perf_reftest_singletons id-getter-5.html opt e10s fission stylo webrender,4767299,77,ms,firefox,451433777.0,1860807051,2024-03-18 05:02:27,492.23,bcb55ab3c366aa81c990313eef02da1db744d0c0,1394201,,,,,,,,,,,,,,,,,,,,,,,,,,,,,,,,,,,,,,,,,,,,,,,,,,,,,,,,,,,,,TN,TN
autoland,4767314,1,247a31fb40b3ac0b152bd3554743d742a3892fe3,linux1804-64-shippable-qr,True,False,,,102210fe594ee9b33d82058545b1ed14f4c8206e,id-getter-5.html,perf_reftest_singletons,True,perf_reftest_singletons id-getter-5.html opt e10s fission stylo webrender,4767299,77,ms,firefox,451086311.0,1859388284,2024-03-18 07:02:14,499.06,9ae71156ef3c731f44e2af8d1d9c34b7eb7c6c9b,1394207,,,,,,,,,,,,,,,,,,,,,,,,,,,,,,,,,,,,,,,,,,,,,,,,,,,,,,,,,,,,,TN,TN
autoland,4767314,1,247a31fb40b3ac0b152bd3554743d742a3892fe3,linux1804-64-shippable-qr,True,False,,,102210fe594ee9b33d82058545b1ed14f4c8206e,id-getter-5.html,perf_reftest_singletons,True,perf_reftest_singletons id-getter-5.html opt e10s fission stylo webrender,4767299,77,ms,firefox,451433778.0,1860807149,2024-03-18 08:37:11,536.31,6d17d8630e3a1e5da61d8cb67104db7662f3cd5e,1394223,,,,,,,,,,,,,,,,,,,,,,,,,,,,,,,,,,,,,,,,,,,,,,,,,,,,,,,,,,,,,TN,TN
autoland,4767314,1,247a31fb40b3ac0b152bd3554743d742a3892fe3,linux1804-64-shippable-qr,True,False,,,102210fe594ee9b33d82058545b1ed14f4c8206e,id-getter-5.html,perf_reftest_singletons,True,perf_reftest_singletons id-getter-5.html opt e10s fission stylo webrender,4767299,77,ms,firefox,451433779.0,1860807204,2024-03-18 08:39:08,542.21,3af527ac9ec3b23c2a833305a322031a4a29c15f,1394224,,,,,,,,,,,,,,,,,,,,,,,,,,,,,,,,,,,,,,,,,,,,,,,,,,,,,,,,,,,,,TN,TN
autoland,4767314,1,247a31fb40b3ac0b152bd3554743d742a3892fe3,linux1804-64-shippable-qr,True,False,,,102210fe594ee9b33d82058545b1ed14f4c8206e,id-getter-5.html,perf_reftest_singletons,True,perf_reftest_singletons id-getter-5.html opt e10s fission stylo webrender,4767299,77,ms,firefox,451433780.0,1860807253,2024-03-18 08:50:50,504.12,9b7d17339ad81f87626d9cc89c1284deefe2f628,1394227,,,,,,,,,,,,,,,,,,,,,,,,,,,,,,,,,,,,,,,,,,,,,,,,,,,,,,,,,,,,,TN,TN
autoland,4767314,1,247a31fb40b3ac0b152bd3554743d742a3892fe3,linux1804-64-shippable-qr,True,False,,,102210fe594ee9b33d82058545b1ed14f4c8206e,id-getter-5.html,perf_reftest_singletons,True,perf_reftest_singletons id-getter-5.html opt e10s fission stylo webrender,4767299,77,ms,firefox,451433782.0,1860807326,2024-03-18 08:51:50,486.87,7e490d41e79e01a4241addf807d9c8a6a6e1d712,1394228,,,,,,,,,,,,,,,,,,,,,,,,,,,,,,,,,,,,,,,,,,,,,,,,,,,,,,,,,,,,,TN,TN
autoland,4767314,1,247a31fb40b3ac0b152bd3554743d742a3892fe3,linux1804-64-shippable-qr,True,False,,,102210fe594ee9b33d82058545b1ed14f4c8206e,id-getter-5.html,perf_reftest_singletons,True,perf_reftest_singletons id-getter-5.html opt e10s fission stylo webrender,4767299,77,ms,firefox,451682420.0,1861738010,2024-03-18 08:51:50,482.26,7e490d41e79e01a4241addf807d9c8a6a6e1d712,1394228,,,,,,,,,,,,,,,,,,,,,,,,,,,,,,,,,,,,,,,,,,,,,,,,,,,,,,,,,,,,,TN,TN
autoland,4767314,1,247a31fb40b3ac0b152bd3554743d742a3892fe3,linux1804-64-shippable-qr,True,False,,,102210fe594ee9b33d82058545b1ed14f4c8206e,id-getter-5.html,perf_reftest_singletons,True,perf_reftest_singletons id-getter-5.html opt e10s fission stylo webrender,4767299,77,ms,firefox,451682423.0,1861738225,2024-03-18 08:51:50,501.14,7e490d41e79e01a4241addf807d9c8a6a6e1d712,1394228,,,,,,,,,,,,,,,,,,,,,,,,,,,,,,,,,,,,,,,,,,,,,,,,,,,,,,,,,,,,,TN,TN
autoland,4767314,1,247a31fb40b3ac0b152bd3554743d742a3892fe3,linux1804-64-shippable-qr,True,False,,,102210fe594ee9b33d82058545b1ed14f4c8206e,id-getter-5.html,perf_reftest_singletons,True,perf_reftest_singletons id-getter-5.html opt e10s fission stylo webrender,4767299,77,ms,firefox,451100683.0,1859448169,2024-03-18 09:15:45,507.77,d3946837037d31a7b6f83b1977e57c4ea384c904,1394248,,,,,,,,,,,,,,,,,,,,,,,,,,,,,,,,,,,,,,,,,,,,,,,,,,,,,,,,,,,,,TN,TN
autoland,4767314,1,247a31fb40b3ac0b152bd3554743d742a3892fe3,linux1804-64-shippable-qr,True,False,,,102210fe594ee9b33d82058545b1ed14f4c8206e,id-getter-5.html,perf_reftest_singletons,True,perf_reftest_singletons id-getter-5.html opt e10s fission stylo webrender,4767299,77,ms,firefox,451682095.0,1861737974,2024-03-18 09:15:45,501.52,d3946837037d31a7b6f83b1977e57c4ea384c904,1394248,,,,,,,,,,,,,,,,,,,,,,,,,,,,,,,,,,,,,,,,,,,,,,,,,,,,,,,,,,,,,TN,TN
autoland,4767314,1,247a31fb40b3ac0b152bd3554743d742a3892fe3,linux1804-64-shippable-qr,True,False,,,102210fe594ee9b33d82058545b1ed14f4c8206e,id-getter-5.html,perf_reftest_singletons,True,perf_reftest_singletons id-getter-5.html opt e10s fission stylo webrender,4767299,77,ms,firefox,451682102.0,1861737882,2024-03-18 09:15:45,492.15,d3946837037d31a7b6f83b1977e57c4ea384c904,1394248,,,,,,,,,,,,,,,,,,,,,,,,,,,,,,,,,,,,,,,,,,,,,,,,,,,,,,,,,,,,,TN,TN
autoland,4767314,1,247a31fb40b3ac0b152bd3554743d742a3892fe3,linux1804-64-shippable-qr,True,False,,,102210fe594ee9b33d82058545b1ed14f4c8206e,id-getter-5.html,perf_reftest_singletons,True,perf_reftest_singletons id-getter-5.html opt e10s fission stylo webrender,4767299,77,ms,firefox,451438992.0,1860826450,2024-03-18 09:59:30,500.01,2bdd34aa95463657291a9d4ca06c0e84733cc289,1394286,,,,,,,,,,,,,,,,,,,,,,,,,,,,,,,,,,,,,,,,,,,,,,,,,,,,,,,,,,,,,TN,TN
autoland,4767314,1,247a31fb40b3ac0b152bd3554743d742a3892fe3,linux1804-64-shippable-qr,True,False,,,102210fe594ee9b33d82058545b1ed14f4c8206e,id-getter-5.html,perf_reftest_singletons,True,perf_reftest_singletons id-getter-5.html opt e10s fission stylo webrender,4767299,77,ms,firefox,451442435.0,1860836802,2024-03-18 10:00:25,508.83,a8a5e65ed70cbe9363a43c3ec5b18920996ba59f,1394288,,,,,,,,,,,,,,,,,,,,,,,,,,,,,,,,,,,,,,,,,,,,,,,,,,,,,,,,,,,,,TN,TN
autoland,4767314,1,247a31fb40b3ac0b152bd3554743d742a3892fe3,linux1804-64-shippable-qr,True,False,,,102210fe594ee9b33d82058545b1ed14f4c8206e,id-getter-5.html,perf_reftest_singletons,True,perf_reftest_singletons id-getter-5.html opt e10s fission stylo webrender,4767299,77,ms,firefox,451445986.0,1860847133,2024-03-18 10:09:07,497.73,2ed95f62c8ba239daadc33b7f909253ca318d2fd,1394297,,,,,,,,,,,,,,,,,,,,,,,,,,,,,,,,,,,,,,,,,,,,,,,,,,,,,,,,,,,,,TN,TN
autoland,4767314,1,247a31fb40b3ac0b152bd3554743d742a3892fe3,linux1804-64-shippable-qr,True,False,,,102210fe594ee9b33d82058545b1ed14f4c8206e,id-getter-5.html,perf_reftest_singletons,True,perf_reftest_singletons id-getter-5.html opt e10s fission stylo webrender,4767299,77,ms,firefox,451459483.0,1860936615,2024-03-18 10:21:10,484.15,bc58cf6254d68d3c8a59b3eb6d703f63070a74a4,1394309,,,,,,,,,,,,,,,,,,,,,,,,,,,,,,,,,,,,,,,,,,,,,,,,,,,,,,,,,,,,,TN,TN
autoland,4767314,1,247a31fb40b3ac0b152bd3554743d742a3892fe3,linux1804-64-shippable-qr,True,False,,,102210fe594ee9b33d82058545b1ed14f4c8206e,id-getter-5.html,perf_reftest_singletons,True,perf_reftest_singletons id-getter-5.html opt e10s fission stylo webrender,4767299,77,ms,firefox,451439525.0,1860831808,2024-03-18 10:37:23,509.71,713adb1382a00cc43ba33a4d58ba17bbedb4e2c8,1394315,,,,,,,,,,,,,,,,,,,,,,,,,,,,,,,,,,,,,,,,,,,,,,,,,,,,,,,,,,,,,TN,TN
autoland,4767314,1,247a31fb40b3ac0b152bd3554743d742a3892fe3,linux1804-64-shippable-qr,True,False,,,102210fe594ee9b33d82058545b1ed14f4c8206e,id-getter-5.html,perf_reftest_singletons,True,perf_reftest_singletons id-getter-5.html opt e10s fission stylo webrender,4767299,77,ms,firefox,451433794.0,1860807481,2024-03-18 11:20:34,489.27,6c172ec3a6db9476919ca139cdcc821cc369d6ac,1394327,,,,,,,,,,,,,,,,,,,,,,,,,,,,,,,,,,,,,,,,,,,,,,,,,,,,,,,,,,,,,TN,TN
autoland,4767314,1,247a31fb40b3ac0b152bd3554743d742a3892fe3,linux1804-64-shippable-qr,True,False,,,102210fe594ee9b33d82058545b1ed14f4c8206e,id-getter-5.html,perf_reftest_singletons,True,perf_reftest_singletons id-getter-5.html opt e10s fission stylo webrender,4767299,77,ms,firefox,451438989.0,1860826192,2024-03-18 11:30:26,486.95,0d75fde18028c7a32d8c621fbd20626658651273,1394329,,,,,,,,,,,,,,,,,,,,,,,,,,,,,,,,,,,,,,,,,,,,,,,,,,,,,,,,,,,,,TN,TN
autoland,4767314,1,247a31fb40b3ac0b152bd3554743d742a3892fe3,linux1804-64-shippable-qr,True,False,,,102210fe594ee9b33d82058545b1ed14f4c8206e,id-getter-5.html,perf_reftest_singletons,True,perf_reftest_singletons id-getter-5.html opt e10s fission stylo webrender,4767299,77,ms,firefox,451438977.0,1860825937,2024-03-18 12:35:24,502.73,a95f77e09675ab375aeea7292bdc95d76c10088c,1394344,,,,,,,,,,,,,,,,,,,,,,,,,,,,,,,,,,,,,,,,,,,,,,,,,,,,,,,,,,,,,TN,TN
autoland,4767314,1,247a31fb40b3ac0b152bd3554743d742a3892fe3,linux1804-64-shippable-qr,True,False,,,102210fe594ee9b33d82058545b1ed14f4c8206e,id-getter-5.html,perf_reftest_singletons,True,perf_reftest_singletons id-getter-5.html opt e10s fission stylo webrender,4767299,77,ms,firefox,451439055.0,1860826769,2024-03-18 13:40:21,492.76,977e4367913e363604ceb804d6c2d8f2b74b4ebd,1394366,,,,,,,,,,,,,,,,,,,,,,,,,,,,,,,,,,,,,,,,,,,,,,,,,,,,,,,,,,,,,TN,TN
autoland,4767314,1,247a31fb40b3ac0b152bd3554743d742a3892fe3,linux1804-64-shippable-qr,True,False,,,102210fe594ee9b33d82058545b1ed14f4c8206e,id-getter-5.html,perf_reftest_singletons,True,perf_reftest_singletons id-getter-5.html opt e10s fission stylo webrender,4767299,77,ms,firefox,451442433.0,1860836589,2024-03-18 13:40:21,486.65,977e4367913e363604ceb804d6c2d8f2b74b4ebd,1394366,,,,,,,,,,,,,,,,,,,,,,,,,,,,,,,,,,,,,,,,,,,,,,,,,,,,,,,,,,,,,TN,TN
autoland,4767314,1,247a31fb40b3ac0b152bd3554743d742a3892fe3,linux1804-64-shippable-qr,True,False,,,102210fe594ee9b33d82058545b1ed14f4c8206e,id-getter-5.html,perf_reftest_singletons,True,perf_reftest_singletons id-getter-5.html opt e10s fission stylo webrender,4767299,77,ms,firefox,451155871.0,1859648014,2024-03-18 16:13:31,486.52,9a84c7a992c26cd844507c8b4a7215e1aa1dd56e,1394426,,,,,,,,,,,,,,,,,,,,,,,,,,,,,,,,,,,,,,,,,,,,,,,,,,,,,,,,,,,,,TN,TN
autoland,4767314,1,247a31fb40b3ac0b152bd3554743d742a3892fe3,linux1804-64-shippable-qr,True,False,,,102210fe594ee9b33d82058545b1ed14f4c8206e,id-getter-5.html,perf_reftest_singletons,True,perf_reftest_singletons id-getter-5.html opt e10s fission stylo webrender,4767299,77,ms,firefox,451438817.0,1860823383,2024-03-18 16:14:19,493.33,7eb2094246f9e22319d224a876d78c82d8f3b247,1394427,,,,,,,,,,,,,,,,,,,,,,,,,,,,,,,,,,,,,,,,,,,,,,,,,,,,,,,,,,,,,TN,TN
autoland,4767314,1,247a31fb40b3ac0b152bd3554743d742a3892fe3,linux1804-64-shippable-qr,True,False,,,102210fe594ee9b33d82058545b1ed14f4c8206e,id-getter-5.html,perf_reftest_singletons,True,perf_reftest_singletons id-getter-5.html opt e10s fission stylo webrender,4767299,77,ms,firefox,451445991.0,1860847622,2024-03-18 16:15:08,484.02,0f0797227aaa0236c4c9b8183a97dd3a50996270,1394428,,,,,,,,,,,,,,,,,,,,,,,,,,,,,,,,,,,,,,,,,,,,,,,,,,,,,,,,,,,,,TN,TN
autoland,4767314,1,247a31fb40b3ac0b152bd3554743d742a3892fe3,linux1804-64-shippable-qr,True,False,,,102210fe594ee9b33d82058545b1ed14f4c8206e,id-getter-5.html,perf_reftest_singletons,True,perf_reftest_singletons id-getter-5.html opt e10s fission stylo webrender,4767299,77,ms,firefox,451438960.0,1860825015,2024-03-18 16:15:59,495.1,3a3ce649f035af424d27a0945e95a1739a03f078,1394429,,,,,,,,,,,,,,,,,,,,,,,,,,,,,,,,,,,,,,,,,,,,,,,,,,,,,,,,,,,,,TN,TN
autoland,4767314,1,247a31fb40b3ac0b152bd3554743d742a3892fe3,linux1804-64-shippable-qr,True,False,,,102210fe594ee9b33d82058545b1ed14f4c8206e,id-getter-5.html,perf_reftest_singletons,True,perf_reftest_singletons id-getter-5.html opt e10s fission stylo webrender,4767299,77,ms,firefox,451441448.0,1860833620,2024-03-18 16:16:49,502.64,21973e46f7ea4ab0e9423cc5ea5e8d7029e0b67b,1394431,,,,,,,,,,,,,,,,,,,,,,,,,,,,,,,,,,,,,,,,,,,,,,,,,,,,,,,,,,,,,TN,TN
autoland,4767314,1,247a31fb40b3ac0b152bd3554743d742a3892fe3,linux1804-64-shippable-qr,True,False,,,102210fe594ee9b33d82058545b1ed14f4c8206e,id-getter-5.html,perf_reftest_singletons,True,perf_reftest_singletons id-getter-5.html opt e10s fission stylo webrender,4767299,77,ms,firefox,451166018.0,1859707623,2024-03-18 17:45:54,482.23,ab4a4d632bcfcdcb0f37c6791a75467e73c47795,1394460,,,,,,,,,,,,,,,,,,,,,,,,,,,,,,,,,,,,,,,,,,,,,,,,,,,,,,,,,,,,,TN,TN
autoland,4767314,1,247a31fb40b3ac0b152bd3554743d742a3892fe3,linux1804-64-shippable-qr,True,False,,,102210fe594ee9b33d82058545b1ed14f4c8206e,id-getter-5.html,perf_reftest_singletons,True,perf_reftest_singletons id-getter-5.html opt e10s fission stylo webrender,4767299,77,ms,firefox,451196219.0,1859823832,2024-03-18 20:20:59,483.16,3d0c771e9c28d7bad460e8683406e4a832de5d93,1394525,,,,,,,,,,,,,,,,,,,,,,,,,,,,,,,,,,,,,,,,,,,,,,,,,,,,,,,,,,,,,TN,TN
autoland,4767314,1,247a31fb40b3ac0b152bd3554743d742a3892fe3,linux1804-64-shippable-qr,True,False,,,102210fe594ee9b33d82058545b1ed14f4c8206e,id-getter-5.html,perf_reftest_singletons,True,perf_reftest_singletons id-getter-5.html opt e10s fission stylo webrender,4767299,77,ms,firefox,451221546.0,1859935503,2024-03-19 01:00:45,508.69,0febedb51783638cc944e4b495547ccfedb4c43f,1394573,,,,,,,,,,,,,,,,,,,,,,,,,,,,,,,,,,,,,,,,,,,,,,,,,,,,,,,,,,,,,TN,TN
autoland,4767314,1,247a31fb40b3ac0b152bd3554743d742a3892fe3,linux1804-64-shippable-qr,True,False,,,102210fe594ee9b33d82058545b1ed14f4c8206e,id-getter-5.html,perf_reftest_singletons,True,perf_reftest_singletons id-getter-5.html opt e10s fission stylo webrender,4767299,77,ms,firefox,451248407.0,1860054293,2024-03-19 06:03:35,482.67,0fbe242e1d975dcdea4df1bc8187bd9ecfe80291,1394632,,,,,,,,,,,,,,,,,,,,,,,,,,,,,,,,,,,,,,,,,,,,,,,,,,,,,,,,,,,,,TN,TN
autoland,4767314,1,247a31fb40b3ac0b152bd3554743d742a3892fe3,linux1804-64-shippable-qr,True,False,,,102210fe594ee9b33d82058545b1ed14f4c8206e,id-getter-5.html,perf_reftest_singletons,True,perf_reftest_singletons id-getter-5.html opt e10s fission stylo webrender,4767299,77,ms,firefox,451256799.0,1860080137,2024-03-19 08:17:39,489.11,bd45b4ccb1292ec35d0fb6c623cb70b62fecd87b,1394665,,,,,,,,,,,,,,,,,,,,,,,,,,,,,,,,,,,,,,,,,,,,,,,,,,,,,,,,,,,,,TN,TN
autoland,4767314,1,247a31fb40b3ac0b152bd3554743d742a3892fe3,linux1804-64-shippable-qr,True,False,,,102210fe594ee9b33d82058545b1ed14f4c8206e,id-getter-5.html,perf_reftest_singletons,True,perf_reftest_singletons id-getter-5.html opt e10s fission stylo webrender,4767299,77,ms,firefox,451288602.0,1860176739,2024-03-19 11:15:16,528.87,a4280d9d04d7841f3a7286d7cb6d9667ed276e03,1394711,,,,,,,,,,,,,,,,,,,,,,,,,,,,,,,,,,,,,,,,,,,,,,,,,,,,,,,,,,,,,TN,TN
autoland,4767314,1,247a31fb40b3ac0b152bd3554743d742a3892fe3,linux1804-64-shippable-qr,True,False,,,102210fe594ee9b33d82058545b1ed14f4c8206e,id-getter-5.html,perf_reftest_singletons,True,perf_reftest_singletons id-getter-5.html opt e10s fission stylo webrender,4767299,77,ms,firefox,451320559.0,1860254042,2024-03-19 13:28:22,492.19,43d89580ba9c295f67bc3df94ba1aac23b435b63,1394763,,,,,,,,,,,,,,,,,,,,,,,,,,,,,,,,,,,,,,,,,,,,,,,,,,,,,,,,,,,,,TN,TN
autoland,4767314,1,247a31fb40b3ac0b152bd3554743d742a3892fe3,linux1804-64-shippable-qr,True,False,,,102210fe594ee9b33d82058545b1ed14f4c8206e,id-getter-5.html,perf_reftest_singletons,True,perf_reftest_singletons id-getter-5.html opt e10s fission stylo webrender,4767299,77,ms,firefox,451752883.0,1862013100,2024-03-19 15:34:55,494.53,2092d43bfaaeefc21ae6a09ba0b9e0a73668ed37,1394832,,,,,,,,,,,,,,,,,,,,,,,,,,,,,,,,,,,,,,,,,,,,,,,,,,,,,,,,,,,,,TN,TN
autoland,4767314,1,247a31fb40b3ac0b152bd3554743d742a3892fe3,linux1804-64-shippable-qr,True,False,,,102210fe594ee9b33d82058545b1ed14f4c8206e,id-getter-5.html,perf_reftest_singletons,True,perf_reftest_singletons id-getter-5.html opt e10s fission stylo webrender,4767299,77,ms,firefox,451752905.0,1862013393,2024-03-19 15:35:48,497.15,f983e945bb0df08a6d90ac794e316776e2eb7892,1394833,,,,,,,,,,,,,,,,,,,,,,,,,,,,,,,,,,,,,,,,,,,,,,,,,,,,,,,,,,,,,TN,TN
autoland,4767314,1,247a31fb40b3ac0b152bd3554743d742a3892fe3,linux1804-64-shippable-qr,True,False,,,102210fe594ee9b33d82058545b1ed14f4c8206e,id-getter-5.html,perf_reftest_singletons,True,perf_reftest_singletons id-getter-5.html opt e10s fission stylo webrender,4767299,77,ms,firefox,451752946.0,1862013544,2024-03-19 15:36:41,502.3,5b4c193400a219eeb807076839e43da8f9bacce5,1394835,,,,,,,,,,,,,,,,,,,,,,,,,,,,,,,,,,,,,,,,,,,,,,,,,,,,,,,,,,,,,TN,TN
autoland,4767314,1,247a31fb40b3ac0b152bd3554743d742a3892fe3,linux1804-64-shippable-qr,True,False,,,102210fe594ee9b33d82058545b1ed14f4c8206e,id-getter-5.html,perf_reftest_singletons,True,perf_reftest_singletons id-getter-5.html opt e10s fission stylo webrender,4767299,77,ms,firefox,451753071.0,1862013677,2024-03-19 15:37:56,506.27,dc701f4ef6c47286e8c2603ecc472cbaa342a608,1394836,,,,,,,,,,,,,,,,,,,,,,,,,,,,,,,,,,,,,,,,,,,,,,,,,,,,,,,,,,,,,TN,TN
autoland,4767314,1,247a31fb40b3ac0b152bd3554743d742a3892fe3,linux1804-64-shippable-qr,True,False,,,102210fe594ee9b33d82058545b1ed14f4c8206e,id-getter-5.html,perf_reftest_singletons,True,perf_reftest_singletons id-getter-5.html opt e10s fission stylo webrender,4767299,77,ms,firefox,451753407.0,1862013882,2024-03-19 15:38:50,543.6700000000001,79f80b3cf047bd2b1e6527a6c44053230722f1f7,1394837,,,,,,,,,,,,,,,,,,,,,,,,,,,,,,,,,,,,,,,,,,,,,,,,,,,,,,,,,,,,,TN,TN
autoland,4767314,1,247a31fb40b3ac0b152bd3554743d742a3892fe3,linux1804-64-shippable-qr,True,False,,,102210fe594ee9b33d82058545b1ed14f4c8206e,id-getter-5.html,perf_reftest_singletons,True,perf_reftest_singletons id-getter-5.html opt e10s fission stylo webrender,4767299,77,ms,firefox,451753431.0,1862014149,2024-03-19 15:39:40,499.19999999999993,6be5ac2730b807b3b16659edc3d79b645564c79b,1394838,,,,,,,,,,,,,,,,,,,,,,,,,,,,,,,,,,,,,,,,,,,,,,,,,,,,,,,,,,,,,TN,TN
autoland,4767314,1,247a31fb40b3ac0b152bd3554743d742a3892fe3,linux1804-64-shippable-qr,True,False,,,102210fe594ee9b33d82058545b1ed14f4c8206e,id-getter-5.html,perf_reftest_singletons,True,perf_reftest_singletons id-getter-5.html opt e10s fission stylo webrender,4767299,77,ms,firefox,451753480.0,1862014047,2024-03-19 17:01:41,487.87,f1fbe41260ccd8c334edcef9a356b9484bd15710,1394871,,,,,,,,,,,,,,,,,,,,,,,,,,,,,,,,,,,,,,,,,,,,,,,,,,,,,,,,,,,,,TN,TN
autoland,4767314,1,247a31fb40b3ac0b152bd3554743d742a3892fe3,linux1804-64-shippable-qr,True,False,,,102210fe594ee9b33d82058545b1ed14f4c8206e,id-getter-5.html,perf_reftest_singletons,True,perf_reftest_singletons id-getter-5.html opt e10s fission stylo webrender,4767299,77,ms,firefox,451753481.0,1862014364,2024-03-19 17:02:34,496.1,90c7bb425e9215f104b1646f0cb78f064eee85b8,1394872,,,,,,,,,,,,,,,,,,,,,,,,,,,,,,,,,,,,,,,,,,,,,,,,,,,,,,,,,,,,,TN,TN
autoland,4767314,1,247a31fb40b3ac0b152bd3554743d742a3892fe3,linux1804-64-shippable-qr,True,False,,,102210fe594ee9b33d82058545b1ed14f4c8206e,id-getter-5.html,perf_reftest_singletons,True,perf_reftest_singletons id-getter-5.html opt e10s fission stylo webrender,4767299,77,ms,firefox,451361334.0,1860437320,2024-03-19 17:03:22,541.25,3d4f500d317cd4c54e93299c01efed1c4354deb7,1394873,,,,,,,,,,,,,,,,,,,,,,,,,,,,,,,,,,,,,,,,,,,,,,,,,,,,,,,,,,,,,TN,TN
autoland,4767314,1,247a31fb40b3ac0b152bd3554743d742a3892fe3,linux1804-64-shippable-qr,True,False,,,102210fe594ee9b33d82058545b1ed14f4c8206e,id-getter-5.html,perf_reftest_singletons,True,perf_reftest_singletons id-getter-5.html opt e10s fission stylo webrender,4767299,77,ms,firefox,451753664.0,1862014768,2024-03-19 19:45:51,511.4,22372035539cbc1b324ffc44e8f5ed038d15181c,1394941,,,,,,,,,,,,,,,,,,,,,,,,,,,,,,,,,,,,,,,,,,,,,,,,,,,,,,,,,,,,,TN,TN
autoland,4767314,1,247a31fb40b3ac0b152bd3554743d742a3892fe3,linux1804-64-shippable-qr,True,False,,,102210fe594ee9b33d82058545b1ed14f4c8206e,id-getter-5.html,perf_reftest_singletons,True,perf_reftest_singletons id-getter-5.html opt e10s fission stylo webrender,4767299,77,ms,firefox,452169391.0,1863664371,2024-03-19 19:45:51,484.49,22372035539cbc1b324ffc44e8f5ed038d15181c,1394941,,,,,,,,,,,,,,,,,,,,,,,,,,,,,,,,,,,,,,,,,,,,,,,,,,,,,,,,,,,,,TN,TN
autoland,4767314,1,247a31fb40b3ac0b152bd3554743d742a3892fe3,linux1804-64-shippable-qr,True,False,,,102210fe594ee9b33d82058545b1ed14f4c8206e,id-getter-5.html,perf_reftest_singletons,True,perf_reftest_singletons id-getter-5.html opt e10s fission stylo webrender,4767299,77,ms,firefox,452169407.0,1863664544,2024-03-19 19:45:51,497.15,22372035539cbc1b324ffc44e8f5ed038d15181c,1394941,,,,,,,,,,,,,,,,,,,,,,,,,,,,,,,,,,,,,,,,,,,,,,,,,,,,,,,,,,,,,TN,TN
autoland,4767314,1,247a31fb40b3ac0b152bd3554743d742a3892fe3,linux1804-64-shippable-qr,True,False,,,102210fe594ee9b33d82058545b1ed14f4c8206e,id-getter-5.html,perf_reftest_singletons,True,perf_reftest_singletons id-getter-5.html opt e10s fission stylo webrender,4767299,77,ms,firefox,452170618.0,1863669317,2024-03-19 19:45:51,487.3,22372035539cbc1b324ffc44e8f5ed038d15181c,1394941,,,,,,,,,,,,,,,,,,,,,,,,,,,,,,,,,,,,,,,,,,,,,,,,,,,,,,,,,,,,,TN,TN
autoland,4767314,1,247a31fb40b3ac0b152bd3554743d742a3892fe3,linux1804-64-shippable-qr,True,False,,,102210fe594ee9b33d82058545b1ed14f4c8206e,id-getter-5.html,perf_reftest_singletons,True,perf_reftest_singletons id-getter-5.html opt e10s fission stylo webrender,4767299,77,ms,firefox,451753578.0,1862014664,2024-03-19 19:46:44,497.06,a87db3b698e19b65bc001936fc7a8b80239a25dd,1394942,,,,,,,,,,,,,,,,,,,,,,,,,,,,,,,,,,,,,,,,,,,,,,,,,,,,,,,,,,,,,TN,TN
autoland,4767314,1,247a31fb40b3ac0b152bd3554743d742a3892fe3,linux1804-64-shippable-qr,True,False,,,102210fe594ee9b33d82058545b1ed14f4c8206e,id-getter-5.html,perf_reftest_singletons,True,perf_reftest_singletons id-getter-5.html opt e10s fission stylo webrender,4767299,77,ms,firefox,452169351.0,1863664322,2024-03-19 19:46:44,487.93,a87db3b698e19b65bc001936fc7a8b80239a25dd,1394942,,,,,,,,,,,,,,,,,,,,,,,,,,,,,,,,,,,,,,,,,,,,,,,,,,,,,,,,,,,,,TN,TN
autoland,4767314,1,247a31fb40b3ac0b152bd3554743d742a3892fe3,linux1804-64-shippable-qr,True,False,,,102210fe594ee9b33d82058545b1ed14f4c8206e,id-getter-5.html,perf_reftest_singletons,True,perf_reftest_singletons id-getter-5.html opt e10s fission stylo webrender,4767299,77,ms,firefox,452169405.0,1863662990,2024-03-19 19:46:44,321.78,a87db3b698e19b65bc001936fc7a8b80239a25dd,1394942,,,,,,,,,,,,,,,,,,,,,,,,,,,,,,,,,,,,,,,,,,,,,,,,,,,,,,,,,,,,,TN,TN
autoland,4767314,1,247a31fb40b3ac0b152bd3554743d742a3892fe3,linux1804-64-shippable-qr,True,False,,,102210fe594ee9b33d82058545b1ed14f4c8206e,id-getter-5.html,perf_reftest_singletons,True,perf_reftest_singletons id-getter-5.html opt e10s fission stylo webrender,4767299,77,ms,firefox,452170629.0,1863669465,2024-03-19 19:46:44,495.4,a87db3b698e19b65bc001936fc7a8b80239a25dd,1394942,,,,,,,,,,,,,,,,,,,,,,,,,,,,,,,,,,,,,,,,,,,,,,,,,,,,,,,,,,,,,TN,TN
autoland,4767314,1,247a31fb40b3ac0b152bd3554743d742a3892fe3,linux1804-64-shippable-qr,True,False,,,102210fe594ee9b33d82058545b1ed14f4c8206e,id-getter-5.html,perf_reftest_singletons,True,perf_reftest_singletons id-getter-5.html opt e10s fission stylo webrender,4767299,77,ms,firefox,451753667.0,1862014987,2024-03-19 19:47:51,494.51,f5ac2d368c7d44f585bea0397dedcd879e2b8ab4,1394944,,,,,,,,,,,,,,,,,,,,,,,,,,,,,,,,,,,,,,,,,,,,,,,,,,,,,,,,,,,,,TN,TN
autoland,4767314,1,247a31fb40b3ac0b152bd3554743d742a3892fe3,linux1804-64-shippable-qr,True,False,,,102210fe594ee9b33d82058545b1ed14f4c8206e,id-getter-5.html,perf_reftest_singletons,True,perf_reftest_singletons id-getter-5.html opt e10s fission stylo webrender,4767299,77,ms,firefox,452169362.0,1863664287,2024-03-19 19:47:51,485.74000000000007,f5ac2d368c7d44f585bea0397dedcd879e2b8ab4,1394944,,,,,,,,,,,,,,,,,,,,,,,,,,,,,,,,,,,,,,,,,,,,,,,,,,,,,,,,,,,,,TN,TN
autoland,4767314,1,247a31fb40b3ac0b152bd3554743d742a3892fe3,linux1804-64-shippable-qr,True,False,,,102210fe594ee9b33d82058545b1ed14f4c8206e,id-getter-5.html,perf_reftest_singletons,True,perf_reftest_singletons id-getter-5.html opt e10s fission stylo webrender,4767299,77,ms,firefox,452169367.0,1863664470,2024-03-19 19:47:51,499.12000000000006,f5ac2d368c7d44f585bea0397dedcd879e2b8ab4,1394944,,,,,,,,,,,,,,,,,,,,,,,,,,,,,,,,,,,,,,,,,,,,,,,,,,,,,,,,,,,,,TN,TN
autoland,4767314,1,247a31fb40b3ac0b152bd3554743d742a3892fe3,linux1804-64-shippable-qr,True,False,,,102210fe594ee9b33d82058545b1ed14f4c8206e,id-getter-5.html,perf_reftest_singletons,True,perf_reftest_singletons id-getter-5.html opt e10s fission stylo webrender,4767299,77,ms,firefox,452170624.0,1863669410,2024-03-19 19:47:51,485.64,f5ac2d368c7d44f585bea0397dedcd879e2b8ab4,1394944,,,,,,,,,,,,,,,,,,,,,,,,,,,,,,,,,,,,,,,,,,,,,,,,,,,,,,,,,,,,,TN,TN
autoland,4767314,1,247a31fb40b3ac0b152bd3554743d742a3892fe3,linux1804-64-shippable-qr,True,False,,,102210fe594ee9b33d82058545b1ed14f4c8206e,id-getter-5.html,perf_reftest_singletons,True,perf_reftest_singletons id-getter-5.html opt e10s fission stylo webrender,4767299,77,ms,firefox,451377638.0,1860511799,2024-03-19 19:48:40,499.16,7c0de707e2a448dd3846c81f12ee9bae3ebca9d3,1394945,,,,,,,,,,,,,,,,,,,,,,,,,,,,,,,,,,,,,,,,,,,,,,,,,,,,,,,,,,,,,TN,TN
autoland,4767314,1,247a31fb40b3ac0b152bd3554743d742a3892fe3,linux1804-64-shippable-qr,True,False,,,102210fe594ee9b33d82058545b1ed14f4c8206e,id-getter-5.html,perf_reftest_singletons,True,perf_reftest_singletons id-getter-5.html opt e10s fission stylo webrender,4767299,77,ms,firefox,452169338.0,1863664239,2024-03-19 19:48:40,495.03,7c0de707e2a448dd3846c81f12ee9bae3ebca9d3,1394945,,,,,,,,,,,,,,,,,,,,,,,,,,,,,,,,,,,,,,,,,,,,,,,,,,,,,,,,,,,,,TN,TN
autoland,4767314,1,247a31fb40b3ac0b152bd3554743d742a3892fe3,linux1804-64-shippable-qr,True,False,,,102210fe594ee9b33d82058545b1ed14f4c8206e,id-getter-5.html,perf_reftest_singletons,True,perf_reftest_singletons id-getter-5.html opt e10s fission stylo webrender,4767299,77,ms,firefox,452169347.0,1863664171,2024-03-19 19:48:40,493.68,7c0de707e2a448dd3846c81f12ee9bae3ebca9d3,1394945,,,,,,,,,,,,,,,,,,,,,,,,,,,,,,,,,,,,,,,,,,,,,,,,,,,,,,,,,,,,,TN,TN
autoland,4767314,1,247a31fb40b3ac0b152bd3554743d742a3892fe3,linux1804-64-shippable-qr,True,False,,,102210fe594ee9b33d82058545b1ed14f4c8206e,id-getter-5.html,perf_reftest_singletons,True,perf_reftest_singletons id-getter-5.html opt e10s fission stylo webrender,4767299,77,ms,firefox,452170626.0,1863669520,2024-03-19 19:48:40,497.32,7c0de707e2a448dd3846c81f12ee9bae3ebca9d3,1394945,,,,,,,,,,,,,,,,,,,,,,,,,,,,,,,,,,,,,,,,,,,,,,,,,,,,,,,,,,,,,TN,TN
autoland,4767314,1,247a31fb40b3ac0b152bd3554743d742a3892fe3,linux1804-64-shippable-qr,True,False,,,102210fe594ee9b33d82058545b1ed14f4c8206e,id-getter-5.html,perf_reftest_singletons,True,perf_reftest_singletons id-getter-5.html opt e10s fission stylo webrender,4767299,77,ms,firefox,452170627.0,1863669619,2024-03-19 19:49:49,499.25,1957e76267e37b4b09b4cbb40bd79753455a2775,1394947,,,,,,,,,,,,,,,,,,,,,,,,,,,,,,,,,,,,,,,,,,,,,,,,,,,,,,,,,,,,,TN,TN
autoland,4767314,1,247a31fb40b3ac0b152bd3554743d742a3892fe3,linux1804-64-shippable-qr,True,False,,,102210fe594ee9b33d82058545b1ed14f4c8206e,id-getter-5.html,perf_reftest_singletons,True,perf_reftest_singletons id-getter-5.html opt e10s fission stylo webrender,4767299,77,ms,firefox,452170628.0,1863669685,2024-03-19 19:50:51,500.35,acccc0eb50c9a1111b4f152c608de7a230877385,1394948,,,,,,,,,,,,,,,,,,,,,,,,,,,,,,,,,,,,,,,,,,,,,,,,,,,,,,,,,,,,,TN,TN
autoland,4767314,1,247a31fb40b3ac0b152bd3554743d742a3892fe3,linux1804-64-shippable-qr,True,False,,,102210fe594ee9b33d82058545b1ed14f4c8206e,id-getter-5.html,perf_reftest_singletons,True,perf_reftest_singletons id-getter-5.html opt e10s fission stylo webrender,4767299,77,ms,firefox,452170646.0,1863669826,2024-03-19 19:55:18,544.93,8cd1f5a5caf1d710563af9a6e3a77a1371d35d0f,1394950,,,,,,,,,,,,,,,,,,,,,,,,,,,,,,,,,,,,,,,,,,,,,,,,,,,,,,,,,,,,,TN,TN
autoland,4767314,1,247a31fb40b3ac0b152bd3554743d742a3892fe3,linux1804-64-shippable-qr,True,False,,,102210fe594ee9b33d82058545b1ed14f4c8206e,id-getter-5.html,perf_reftest_singletons,True,perf_reftest_singletons id-getter-5.html opt e10s fission stylo webrender,4767299,77,ms,firefox,452170651.0,1863670076,2024-03-19 19:56:08,510.6,b3b0030720a1884a09a479a6648ec7d4b3924834,1394951,,,,,,,,,,,,,,,,,,,,,,,,,,,,,,,,,,,,,,,,,,,,,,,,,,,,,,,,,,,,,TN,TN
autoland,4767314,1,247a31fb40b3ac0b152bd3554743d742a3892fe3,linux1804-64-shippable-qr,True,False,,,102210fe594ee9b33d82058545b1ed14f4c8206e,id-getter-5.html,perf_reftest_singletons,True,perf_reftest_singletons id-getter-5.html opt e10s fission stylo webrender,4767299,77,ms,firefox,452170649.0,1863669890,2024-03-19 19:56:53,547.02,8a3e34775e2745cfb6b8c138f0c7ef54a979066d,1394952,,,,,,,,,,,,,,,,,,,,,,,,,,,,,,,,,,,,,,,,,,,,,,,,,,,,,,,,,,,,,TN,TN
autoland,4767314,1,247a31fb40b3ac0b152bd3554743d742a3892fe3,linux1804-64-shippable-qr,True,False,,,102210fe594ee9b33d82058545b1ed14f4c8206e,id-getter-5.html,perf_reftest_singletons,True,perf_reftest_singletons id-getter-5.html opt e10s fission stylo webrender,4767299,77,ms,firefox,452170636.0,1863669730,2024-03-19 21:05:48,494.72,3c870a9402ddaf027a44eadb1d9c59268dcb996d,1394965,,,,,,,,,,,,,,,,,,,,,,,,,,,,,,,,,,,,,,,,,,,,,,,,,,,,,,,,,,,,,TN,TN
autoland,4767314,1,247a31fb40b3ac0b152bd3554743d742a3892fe3,linux1804-64-shippable-qr,True,False,,,102210fe594ee9b33d82058545b1ed14f4c8206e,id-getter-5.html,perf_reftest_singletons,True,perf_reftest_singletons id-getter-5.html opt e10s fission stylo webrender,4767299,77,ms,firefox,452170650.0,1863669783,2024-03-19 21:06:32,507.72,a72682a2fa9b5c753d697dfbda30da954c0c5201,1394966,,,,,,,,,,,,,,,,,,,,,,,,,,,,,,,,,,,,,,,,,,,,,,,,,,,,,,,,,,,,,TN,TN
autoland,4767314,1,247a31fb40b3ac0b152bd3554743d742a3892fe3,linux1804-64-shippable-qr,True,False,,,102210fe594ee9b33d82058545b1ed14f4c8206e,id-getter-5.html,perf_reftest_singletons,True,perf_reftest_singletons id-getter-5.html opt e10s fission stylo webrender,4767299,77,ms,firefox,452170659.0,1863670175,2024-03-19 21:07:29,489.01,033b661b349ec9f221fe7453bef9e57d74fcade2,1394967,,,,,,,,,,,,,,,,,,,,,,,,,,,,,,,,,,,,,,,,,,,,,,,,,,,,,,,,,,,,,TN,TN
autoland,4767314,1,247a31fb40b3ac0b152bd3554743d742a3892fe3,linux1804-64-shippable-qr,True,False,,,102210fe594ee9b33d82058545b1ed14f4c8206e,id-getter-5.html,perf_reftest_singletons,True,perf_reftest_singletons id-getter-5.html opt e10s fission stylo webrender,4767299,77,ms,firefox,452170662.0,1863670441,2024-03-19 21:08:18,508.2000000000001,fc715d4618d5253a890366ad09cabfdfd1e2b6e8,1394968,,,,,,,,,,,,,,,,,,,,,,,,,,,,,,,,,,,,,,,,,,,,,,,,,,,,,,,,,,,,,TN,TN
autoland,4767314,1,247a31fb40b3ac0b152bd3554743d742a3892fe3,linux1804-64-shippable-qr,True,False,,,102210fe594ee9b33d82058545b1ed14f4c8206e,id-getter-5.html,perf_reftest_singletons,True,perf_reftest_singletons id-getter-5.html opt e10s fission stylo webrender,4767299,77,ms,firefox,452170658.0,1863669967,2024-03-19 21:37:57,503.9500000000001,c2431b636eb7439948076ffdc5870aef9667331e,1394974,,,,,,,,,,,,,,,,,,,,,,,,,,,,,,,,,,,,,,,,,,,,,,,,,,,,,,,,,,,,,TN,TN
autoland,4767314,1,247a31fb40b3ac0b152bd3554743d742a3892fe3,linux1804-64-shippable-qr,True,False,,,102210fe594ee9b33d82058545b1ed14f4c8206e,id-getter-5.html,perf_reftest_singletons,True,perf_reftest_singletons id-getter-5.html opt e10s fission stylo webrender,4767299,77,ms,firefox,451752412.0,1862012505,2024-03-19 21:49:57,502.2,e9d40c8f0910120f1e1840caf1be568181fd908c,1394976,,,,,,,,,,,,,,,,,,,,,,,,,,,,,,,,,,,,,,,,,,,,,,,,,,,,,,,,,,,,,TN,TN
autoland,4767314,1,247a31fb40b3ac0b152bd3554743d742a3892fe3,linux1804-64-shippable-qr,True,False,,,102210fe594ee9b33d82058545b1ed14f4c8206e,id-getter-5.html,perf_reftest_singletons,True,perf_reftest_singletons id-getter-5.html opt e10s fission stylo webrender,4767299,77,ms,firefox,451753504.0,1862014578,2024-03-19 22:43:45,495.59,37a96f003af9acbd26512bd54d1589727fad70f5,1394988,,,,,,,,,,,,,,,,,,,,,,,,,,,,,,,,,,,,,,,,,,,,,,,,,,,,,,,,,,,,,TN,TN
autoland,4767314,1,247a31fb40b3ac0b152bd3554743d742a3892fe3,linux1804-64-shippable-qr,True,False,,,102210fe594ee9b33d82058545b1ed14f4c8206e,id-getter-5.html,perf_reftest_singletons,True,perf_reftest_singletons id-getter-5.html opt e10s fission stylo webrender,4767299,77,ms,firefox,451753666.0,1862014934,2024-03-19 22:46:58,504.77,973f95e6ee5ea38a91cd16aa423177f8b51097dc,1394991,,,,,,,,,,,,,,,,,,,,,,,,,,,,,,,,,,,,,,,,,,,,,,,,,,,,,,,,,,,,,TN,TN
autoland,4767314,1,247a31fb40b3ac0b152bd3554743d742a3892fe3,linux1804-64-shippable-qr,True,False,,,102210fe594ee9b33d82058545b1ed14f4c8206e,id-getter-5.html,perf_reftest_singletons,True,perf_reftest_singletons id-getter-5.html opt e10s fission stylo webrender,4767299,77,ms,firefox,451753654.0,1862014718,2024-03-19 22:47:45,499.36,92e19bdc72e90f142fe2a5a71556f0313738bcd2,1394992,,,,,,,,,,,,,,,,,,,,,,,,,,,,,,,,,,,,,,,,,,,,,,,,,,,,,,,,,,,,,TN,TN
autoland,4767314,1,247a31fb40b3ac0b152bd3554743d742a3892fe3,linux1804-64-shippable-qr,True,False,,,102210fe594ee9b33d82058545b1ed14f4c8206e,id-getter-5.html,perf_reftest_singletons,True,perf_reftest_singletons id-getter-5.html opt e10s fission stylo webrender,4767299,77,ms,firefox,451753675.0,1862015198,2024-03-19 22:48:30,500.15,f4f380e7a01c51fba9e174c77d3310698c9fa802,1394993,,,,,,,,,,,,,,,,,,,,,,,,,,,,,,,,,,,,,,,,,,,,,,,,,,,,,,,,,,,,,TN,TN
autoland,4767314,1,247a31fb40b3ac0b152bd3554743d742a3892fe3,linux1804-64-shippable-qr,True,False,,,102210fe594ee9b33d82058545b1ed14f4c8206e,id-getter-5.html,perf_reftest_singletons,True,perf_reftest_singletons id-getter-5.html opt e10s fission stylo webrender,4767299,77,ms,firefox,451752874.0,1862013052,2024-03-19 23:10:14,500.01,4b4f12e6b4afe33e55ae0caa948215dd4c64d426,1395001,,,,,,,,,,,,,,,,,,,,,,,,,,,,,,,,,,,,,,,,,,,,,,,,,,,,,,,,,,,,,TN,TN
autoland,4767314,1,247a31fb40b3ac0b152bd3554743d742a3892fe3,linux1804-64-shippable-qr,True,False,,,102210fe594ee9b33d82058545b1ed14f4c8206e,id-getter-5.html,perf_reftest_singletons,True,perf_reftest_singletons id-getter-5.html opt e10s fission stylo webrender,4767299,77,ms,firefox,451752873.0,1862012838,2024-03-19 23:13:28,496.0,470cb320dc3ce365caf941c5593bbc652f46c4d5,1395002,,,,,,,,,,,,,,,,,,,,,,,,,,,,,,,,,,,,,,,,,,,,,,,,,,,,,,,,,,,,,TN,TN
autoland,4767314,1,247a31fb40b3ac0b152bd3554743d742a3892fe3,linux1804-64-shippable-qr,True,False,,,102210fe594ee9b33d82058545b1ed14f4c8206e,id-getter-5.html,perf_reftest_singletons,True,perf_reftest_singletons id-getter-5.html opt e10s fission stylo webrender,4767299,77,ms,firefox,451752890.0,1862013151,2024-03-19 23:23:53,498.76,67e5ff4a7d46e6521e00c369dbc13c45064a647c,1395003,,,,,,,,,,,,,,,,,,,,,,,,,,,,,,,,,,,,,,,,,,,,,,,,,,,,,,,,,,,,,TN,TN
autoland,4767314,1,247a31fb40b3ac0b152bd3554743d742a3892fe3,linux1804-64-shippable-qr,True,False,,,102210fe594ee9b33d82058545b1ed14f4c8206e,id-getter-5.html,perf_reftest_singletons,True,perf_reftest_singletons id-getter-5.html opt e10s fission stylo webrender,4767299,77,ms,firefox,451752916.0,1862013481,2024-03-19 23:26:05,490.4599999999999,b28909add68f2f1054fb670a28132c85167961d1,1395004,,,,,,,,,,,,,,,,,,,,,,,,,,,,,,,,,,,,,,,,,,,,,,,,,,,,,,,,,,,,,TN,TN
autoland,4767314,1,247a31fb40b3ac0b152bd3554743d742a3892fe3,linux1804-64-shippable-qr,True,False,,,102210fe594ee9b33d82058545b1ed14f4c8206e,id-getter-5.html,perf_reftest_singletons,True,perf_reftest_singletons id-getter-5.html opt e10s fission stylo webrender,4767299,77,ms,firefox,451409715.0,1860639220,2024-03-20 00:04:56,487.73,25a7b6dcdd27704494317e01334be69707ff521f,1395012,,,,,,,,,,,,,,,,,,,,,,,,,,,,,,,,,,,,,,,,,,,,,,,,,,,,,,,,,,,,,TN,TN
autoland,4767314,1,247a31fb40b3ac0b152bd3554743d742a3892fe3,linux1804-64-shippable-qr,True,False,,,102210fe594ee9b33d82058545b1ed14f4c8206e,id-getter-5.html,perf_reftest_singletons,True,perf_reftest_singletons id-getter-5.html opt e10s fission stylo webrender,4767299,77,ms,firefox,451754007.0,1862015246,2024-03-20 00:58:08,533.3399999999999,3f9778571c70dc114cf1070592a612d5357e147f,1395022,,,,,,,,,,,,,,,,,,,,,,,,,,,,,,,,,,,,,,,,,,,,,,,,,,,,,,,,,,,,,TN,TN
autoland,4767314,1,247a31fb40b3ac0b152bd3554743d742a3892fe3,linux1804-64-shippable-qr,True,False,,,102210fe594ee9b33d82058545b1ed14f4c8206e,id-getter-5.html,perf_reftest_singletons,True,perf_reftest_singletons id-getter-5.html opt e10s fission stylo webrender,4767299,77,ms,firefox,451754042.0,1862015460,2024-03-20 01:25:27,492.59,68318849486e818ed2a04ceb606880cba28e487f,1395024,,,,,,,,,,,,,,,,,,,,,,,,,,,,,,,,,,,,,,,,,,,,,,,,,,,,,,,,,,,,,TN,TN
autoland,4767314,1,247a31fb40b3ac0b152bd3554743d742a3892fe3,linux1804-64-shippable-qr,True,False,,,102210fe594ee9b33d82058545b1ed14f4c8206e,id-getter-5.html,perf_reftest_singletons,True,perf_reftest_singletons id-getter-5.html opt e10s fission stylo webrender,4767299,77,ms,firefox,451754047.0,1862015839,2024-03-20 01:32:59,540.34,7a63afba38385f81ed7a4a50322ed373e0ffe211,1395025,,,,,,,,,,,,,,,,,,,,,,,,,,,,,,,,,,,,,,,,,,,,,,,,,,,,,,,,,,,,,TN,TN
autoland,4767314,1,247a31fb40b3ac0b152bd3554743d742a3892fe3,linux1804-64-shippable-qr,True,False,,,102210fe594ee9b33d82058545b1ed14f4c8206e,id-getter-5.html,perf_reftest_singletons,True,perf_reftest_singletons id-getter-5.html opt e10s fission stylo webrender,4767299,77,ms,firefox,451754045.0,1862015390,2024-03-20 01:50:16,487.93,d28cce16aa12c7123d414062a9a66e29278cca2f,1395032,,,,,,,,,,,,,,,,,,,,,,,,,,,,,,,,,,,,,,,,,,,,,,,,,,,,,,,,,,,,,TN,TN
autoland,4767314,1,247a31fb40b3ac0b152bd3554743d742a3892fe3,linux1804-64-shippable-qr,True,False,,,102210fe594ee9b33d82058545b1ed14f4c8206e,id-getter-5.html,perf_reftest_singletons,True,perf_reftest_singletons id-getter-5.html opt e10s fission stylo webrender,4767299,77,ms,firefox,451754046.0,1862015289,2024-03-20 01:56:45,490.56,03cadc90769273057584952fcbe760e37302a7bd,1395033,,,,,,,,,,,,,,,,,,,,,,,,,,,,,,,,,,,,,,,,,,,,,,,,,,,,,,,,,,,,,TN,TN
autoland,4767314,1,247a31fb40b3ac0b152bd3554743d742a3892fe3,linux1804-64-shippable-qr,True,False,,,102210fe594ee9b33d82058545b1ed14f4c8206e,id-getter-5.html,perf_reftest_singletons,True,perf_reftest_singletons id-getter-5.html opt e10s fission stylo webrender,4767299,77,ms,firefox,451754050.0,1862016169,2024-03-20 02:26:54,501.38,4292b51bf30698770a79cb08bd95770de2353599,1395038,,,,,,,,,,,,,,,,,,,,,,,,,,,,,,,,,,,,,,,,,,,,,,,,,,,,,,,,,,,,,TN,TN
autoland,4767314,1,247a31fb40b3ac0b152bd3554743d742a3892fe3,linux1804-64-shippable-qr,True,False,,,102210fe594ee9b33d82058545b1ed14f4c8206e,id-getter-5.html,perf_reftest_singletons,True,perf_reftest_singletons id-getter-5.html opt e10s fission stylo webrender,4767299,77,ms,firefox,451431434.0,1860804921,2024-03-20 06:31:28,499.89,dbb1856b4f3345f0353d4ea33ed0f83a90420827,1395067,,,,,,,,,,,,,,,,,,,,,,,,,,,,,,,,,,,,,,,,,,,,,,,,,,,,,,,,,,,,,TN,TN
autoland,4767314,1,247a31fb40b3ac0b152bd3554743d742a3892fe3,linux1804-64-shippable-qr,True,False,,,102210fe594ee9b33d82058545b1ed14f4c8206e,id-getter-5.html,perf_reftest_singletons,True,perf_reftest_singletons id-getter-5.html opt e10s fission stylo webrender,4767299,77,ms,firefox,451458316.0,1860887483,2024-03-20 10:14:04,492.13,89f62e190e69ddb95685488010b5807b31491168,1395103,,,,,,,,,,,,,,,,,,,,,,,,,,,,,,,,,,,,,,,,,,,,,,,,,,,,,,,,,,,,,TN,TN
autoland,4767314,1,247a31fb40b3ac0b152bd3554743d742a3892fe3,linux1804-64-shippable-qr,True,False,,,102210fe594ee9b33d82058545b1ed14f4c8206e,id-getter-5.html,perf_reftest_singletons,True,perf_reftest_singletons id-getter-5.html opt e10s fission stylo webrender,4767299,77,ms,firefox,451513279.0,1861050512,2024-03-20 14:37:05,531.1099999999999,533a3c2e587f7ea99fde847c499dbb77d1d7c623,1395197,,,,,,,,,,,,,,,,,,,,,,,,,,,,,,,,,,,,,,,,,,,,,,,,,,,,,,,,,,,,,TN,TN
autoland,4767314,1,247a31fb40b3ac0b152bd3554743d742a3892fe3,linux1804-64-shippable-qr,True,False,,,102210fe594ee9b33d82058545b1ed14f4c8206e,id-getter-5.html,perf_reftest_singletons,True,perf_reftest_singletons id-getter-5.html opt e10s fission stylo webrender,4767299,77,ms,firefox,451537171.0,1861125047,2024-03-20 16:49:51,491.85,44ee710d3a49501b5b000c7e0f6d2167c47ac041,1395254,,,,,,,,,,,,,,,,,,,,,,,,,,,,,,,,,,,,,,,,,,,,,,,,,,,,,,,,,,,,,TN,TN
autoland,4767314,1,247a31fb40b3ac0b152bd3554743d742a3892fe3,linux1804-64-shippable-qr,True,False,,,102210fe594ee9b33d82058545b1ed14f4c8206e,id-getter-5.html,perf_reftest_singletons,True,perf_reftest_singletons id-getter-5.html opt e10s fission stylo webrender,4767299,77,ms,firefox,451552813.0,1861191798,2024-03-20 19:06:24,488.87,a54ceb09cf6c6289a4353feb9c3cb771a7651bd0,1395310,,,,,,,,,,,,,,,,,,,,,,,,,,,,,,,,,,,,,,,,,,,,,,,,,,,,,,,,,,,,,TN,TN
autoland,4767314,1,247a31fb40b3ac0b152bd3554743d742a3892fe3,linux1804-64-shippable-qr,True,False,,,102210fe594ee9b33d82058545b1ed14f4c8206e,id-getter-5.html,perf_reftest_singletons,True,perf_reftest_singletons id-getter-5.html opt e10s fission stylo webrender,4767299,77,ms,firefox,451593191.0,1861405774,2024-03-20 21:30:57,506.99,7e65c2e3fa5893e80c6f6f8ef4deef5861f82edc,1395367,,,,,,,,,,,,,,,,,,,,,,,,,,,,,,,,,,,,,,,,,,,,,,,,,,,,,,,,,,,,,TN,TN
autoland,4767314,1,247a31fb40b3ac0b152bd3554743d742a3892fe3,linux1804-64-shippable-qr,True,False,,,102210fe594ee9b33d82058545b1ed14f4c8206e,id-getter-5.html,perf_reftest_singletons,True,perf_reftest_singletons id-getter-5.html opt e10s fission stylo webrender,4767299,77,ms,firefox,451607892.0,1861445862,2024-03-21 02:02:41,531.97,cd39ad6d1934b2a8d659607d5fc0c1f88df011ba,1395495,,,,,,,,,,,,,,,,,,,,,,,,,,,,,,,,,,,,,,,,,,,,,,,,,,,,,,,,,,,,,TN,TN
autoland,4767314,1,247a31fb40b3ac0b152bd3554743d742a3892fe3,linux1804-64-shippable-qr,True,False,,,102210fe594ee9b33d82058545b1ed14f4c8206e,id-getter-5.html,perf_reftest_singletons,True,perf_reftest_singletons id-getter-5.html opt e10s fission stylo webrender,4767299,77,ms,firefox,451622268.0,1861520922,2024-03-21 06:23:30,518.98,ed7ada93d4ad18f5c9f613bf5ce8d5f89bdaa140,1395640,,,,,,,,,,,,,,,,,,,,,,,,,,,,,,,,,,,,,,,,,,,,,,,,,,,,,,,,,,,,,TN,TN
autoland,4767314,1,247a31fb40b3ac0b152bd3554743d742a3892fe3,linux1804-64-shippable-qr,True,False,,,102210fe594ee9b33d82058545b1ed14f4c8206e,id-getter-5.html,perf_reftest_singletons,True,perf_reftest_singletons id-getter-5.html opt e10s fission stylo webrender,4767299,77,ms,firefox,451640728.0,1861598690,2024-03-21 08:38:48,495.53,335ba8ea2f56243d2cb6a5bc7aa4d0d0f3c415c7,1395685,,,,,,,,,,,,,,,,,,,,,,,,,,,,,,,,,,,,,,,,,,,,,,,,,,,,,,,,,,,,,TN,TN
autoland,4767314,1,247a31fb40b3ac0b152bd3554743d742a3892fe3,linux1804-64-shippable-qr,True,False,,,102210fe594ee9b33d82058545b1ed14f4c8206e,id-getter-5.html,perf_reftest_singletons,True,perf_reftest_singletons id-getter-5.html opt e10s fission stylo webrender,4767299,77,ms,firefox,451690000.0,1861779046,2024-03-21 12:46:07,503.91,d90b4451e543266ae9d98982a92dafa311c75db6,1395897,,,,,,,,,,,,,,,,,,,,,,,,,,,,,,,,,,,,,,,,,,,,,,,,,,,,,,,,,,,,,TN,TN
autoland,4767314,1,247a31fb40b3ac0b152bd3554743d742a3892fe3,linux1804-64-shippable-qr,True,False,,,102210fe594ee9b33d82058545b1ed14f4c8206e,id-getter-5.html,perf_reftest_singletons,True,perf_reftest_singletons id-getter-5.html opt e10s fission stylo webrender,4767299,77,ms,firefox,451692007.0,1861790880,2024-03-21 13:53:06,490.03,dbfd6042b4d2b3a3b509b22f41276fdfdd6a17b0,1395978,,,,,,,,,,,,,,,,,,,,,,,,,,,,,,,,,,,,,,,,,,,,,,,,,,,,,,,,,,,,,TN,TN
autoland,4767314,1,247a31fb40b3ac0b152bd3554743d742a3892fe3,linux1804-64-shippable-qr,True,False,,,102210fe594ee9b33d82058545b1ed14f4c8206e,id-getter-5.html,perf_reftest_singletons,True,perf_reftest_singletons id-getter-5.html opt e10s fission stylo webrender,4767299,77,ms,firefox,451743496.0,1861955379,2024-03-21 17:29:27,495.49,6a09c380e669a377e8254dd93ff3485ae0ec96c4,1396220,,,,,,,,,,,,,,,,,,,,,,,,,,,,,,,,,,,,,,,,,,,,,,,,,,,,,,,,,,,,,TN,TN
autoland,4767314,1,247a31fb40b3ac0b152bd3554743d742a3892fe3,linux1804-64-shippable-qr,True,False,,,102210fe594ee9b33d82058545b1ed14f4c8206e,id-getter-5.html,perf_reftest_singletons,True,perf_reftest_singletons id-getter-5.html opt e10s fission stylo webrender,4767299,77,ms,firefox,451747606.0,1861992730,2024-03-21 18:47:13,506.0700000000001,c83258a2f5a9fd7b7107508c07827d9aa1a83035,1396360,,,,,,,,,,,,,,,,,,,,,,,,,,,,,,,,,,,,,,,,,,,,,,,,,,,,,,,,,,,,,TN,TN
autoland,4767314,1,247a31fb40b3ac0b152bd3554743d742a3892fe3,linux1804-64-shippable-qr,True,False,,,102210fe594ee9b33d82058545b1ed14f4c8206e,id-getter-5.html,perf_reftest_singletons,True,perf_reftest_singletons id-getter-5.html opt e10s fission stylo webrender,4767299,77,ms,firefox,451769610.0,1862062445,2024-03-21 21:19:12,501.88,3e3e5631944ec7d9d81a7c8ca0c3b5998ad044b3,1396573,,,,,,,,,,,,,,,,,,,,,,,,,,,,,,,,,,,,,,,,,,,,,,,,,,,,,,,,,,,,,TN,TN
autoland,4767314,1,247a31fb40b3ac0b152bd3554743d742a3892fe3,linux1804-64-shippable-qr,True,False,,,102210fe594ee9b33d82058545b1ed14f4c8206e,id-getter-5.html,perf_reftest_singletons,True,perf_reftest_singletons id-getter-5.html opt e10s fission stylo webrender,4767299,77,ms,firefox,451831188.0,1862200663,2024-03-22 02:33:11,496.12,a64d6cbeaa4f78ec1f700f6123469eb1b3a31608,1396939,,,,,,,,,,,,,,,,,,,,,,,,,,,,,,,,,,,,,,,,,,,,,,,,,,,,,,,,,,,,,TN,TN
autoland,4767314,1,247a31fb40b3ac0b152bd3554743d742a3892fe3,linux1804-64-shippable-qr,True,False,,,102210fe594ee9b33d82058545b1ed14f4c8206e,id-getter-5.html,perf_reftest_singletons,True,perf_reftest_singletons id-getter-5.html opt e10s fission stylo webrender,4767299,77,ms,firefox,452116810.0,1863468060,2024-03-22 04:05:59,496.85,968097672e6477369fb0bae1034cea3df3562751,1396963,,,,,,,,,,,,,,,,,,,,,,,,,,,,,,,,,,,,,,,,,,,,,,,,,,,,,,,,,,,,,TN,TN
autoland,4767314,1,247a31fb40b3ac0b152bd3554743d742a3892fe3,linux1804-64-shippable-qr,True,False,,,102210fe594ee9b33d82058545b1ed14f4c8206e,id-getter-5.html,perf_reftest_singletons,True,perf_reftest_singletons id-getter-5.html opt e10s fission stylo webrender,4767299,77,ms,firefox,452116756.0,1863466632,2024-03-22 04:16:05,508.52,122147bb13ec4ad33b12029b0806f7b32a465b08,1396972,,,,,,,,,,,,,,,,,,,,,,,,,,,,,,,,,,,,,,,,,,,,,,,,,,,,,,,,,,,,,TN,TN
autoland,4767314,1,247a31fb40b3ac0b152bd3554743d742a3892fe3,linux1804-64-shippable-qr,True,False,,,102210fe594ee9b33d82058545b1ed14f4c8206e,id-getter-5.html,perf_reftest_singletons,True,perf_reftest_singletons id-getter-5.html opt e10s fission stylo webrender,4767299,77,ms,firefox,451847156.0,1862307549,2024-03-22 05:34:14,547.16,5d6efea5e0bbc9c3cb2231d09450c2c7dd045122,1397066,,,,,,,,,,,,,,,,,,,,,,,,,,,,,,,,,,,,,,,,,,,,,,,,,,,,,,,,,,,,,TN,TN
autoland,4767314,1,247a31fb40b3ac0b152bd3554743d742a3892fe3,linux1804-64-shippable-qr,True,False,,,102210fe594ee9b33d82058545b1ed14f4c8206e,id-getter-5.html,perf_reftest_singletons,True,perf_reftest_singletons id-getter-5.html opt e10s fission stylo webrender,4767299,77,ms,firefox,452116827.0,1863468517,2024-03-22 06:04:53,494.65,aa152449515d9279c14852ce7a7a0a3bfe1a83c4,1397102,,,,,,,,,,,,,,,,,,,,,,,,,,,,,,,,,,,,,,,,,,,,,,,,,,,,,,,,,,,,,TN,TN
autoland,4767314,1,247a31fb40b3ac0b152bd3554743d742a3892fe3,linux1804-64-shippable-qr,True,False,,,102210fe594ee9b33d82058545b1ed14f4c8206e,id-getter-5.html,perf_reftest_singletons,True,perf_reftest_singletons id-getter-5.html opt e10s fission stylo webrender,4767299,77,ms,firefox,452116757.0,1863466961,2024-03-22 07:01:55,485.87,3571272f121dd932e02616c38dee6fd136c16c0e,1397163,,,,,,,,,,,,,,,,,,,,,,,,,,,,,,,,,,,,,,,,,,,,,,,,,,,,,,,,,,,,,TN,TN
autoland,4767314,1,247a31fb40b3ac0b152bd3554743d742a3892fe3,linux1804-64-shippable-qr,True,False,,,102210fe594ee9b33d82058545b1ed14f4c8206e,id-getter-5.html,perf_reftest_singletons,True,perf_reftest_singletons id-getter-5.html opt e10s fission stylo webrender,4767299,77,ms,firefox,452116758.0,1863467043,2024-03-22 07:18:47,498.47,41dcb55a39408d5d0a38b89e1befba4c0b8bfb78,1397195,,,,,,,,,,,,,,,,,,,,,,,,,,,,,,,,,,,,,,,,,,,,,,,,,,,,,,,,,,,,,TN,TN
autoland,4767314,1,247a31fb40b3ac0b152bd3554743d742a3892fe3,linux1804-64-shippable-qr,True,False,,,102210fe594ee9b33d82058545b1ed14f4c8206e,id-getter-5.html,perf_reftest_singletons,True,perf_reftest_singletons id-getter-5.html opt e10s fission stylo webrender,4767299,77,ms,firefox,452116759.0,1863467125,2024-03-22 08:20:13,511.58,8a66e9f3e0c48a0d7ca10f926d1734f22e5ce769,1397216,,,,,,,,,,,,,,,,,,,,,,,,,,,,,,,,,,,,,,,,,,,,,,,,,,,,,,,,,,,,,TN,TN
autoland,4767314,1,247a31fb40b3ac0b152bd3554743d742a3892fe3,linux1804-64-shippable-qr,True,False,,,102210fe594ee9b33d82058545b1ed14f4c8206e,id-getter-5.html,perf_reftest_singletons,True,perf_reftest_singletons id-getter-5.html opt e10s fission stylo webrender,4767299,77,ms,firefox,452116760.0,1863467084,2024-03-22 09:06:39,497.92,3276640ac98a540ed651c77aff93b43b781dc3c3,1397230,,,,,,,,,,,,,,,,,,,,,,,,,,,,,,,,,,,,,,,,,,,,,,,,,,,,,,,,,,,,,TN,TN
autoland,4767314,1,247a31fb40b3ac0b152bd3554743d742a3892fe3,linux1804-64-shippable-qr,True,False,,,102210fe594ee9b33d82058545b1ed14f4c8206e,id-getter-5.html,perf_reftest_singletons,True,perf_reftest_singletons id-getter-5.html opt e10s fission stylo webrender,4767299,77,ms,firefox,451876807.0,1862457057,2024-03-22 10:08:21,492.9799999999999,48b19f0a3ca9e2d02e502182cb41095a870c3c30,1397249,,,,,,,,,,,,,,,,,,,,,,,,,,,,,,,,,,,,,,,,,,,,,,,,,,,,,,,,,,,,,TN,TN
autoland,4767314,1,247a31fb40b3ac0b152bd3554743d742a3892fe3,linux1804-64-shippable-qr,True,False,,,102210fe594ee9b33d82058545b1ed14f4c8206e,id-getter-5.html,perf_reftest_singletons,True,perf_reftest_singletons id-getter-5.html opt e10s fission stylo webrender,4767299,77,ms,firefox,452763611.0,1866093584,2024-03-22 10:13:25,494.76,49d86aab8757085230f317adfdbbe8dbafdbee11,1397251,,,,,,,,,,,,,,,,,,,,,,,,,,,,,,,,,,,,,,,,,,,,,,,,,,,,,,,,,,,,,TN,TN
autoland,4767314,1,247a31fb40b3ac0b152bd3554743d742a3892fe3,linux1804-64-shippable-qr,True,False,,,102210fe594ee9b33d82058545b1ed14f4c8206e,id-getter-5.html,perf_reftest_singletons,True,perf_reftest_singletons id-getter-5.html opt e10s fission stylo webrender,4767299,77,ms,firefox,452764895.0,1866094740,2024-03-22 10:13:25,500.28,49d86aab8757085230f317adfdbbe8dbafdbee11,1397251,,,,,,,,,,,,,,,,,,,,,,,,,,,,,,,,,,,,,,,,,,,,,,,,,,,,,,,,,,,,,TN,TN
autoland,4767314,1,247a31fb40b3ac0b152bd3554743d742a3892fe3,linux1804-64-shippable-qr,True,False,,,102210fe594ee9b33d82058545b1ed14f4c8206e,id-getter-5.html,perf_reftest_singletons,True,perf_reftest_singletons id-getter-5.html opt e10s fission stylo webrender,4767299,77,ms,firefox,452763528.0,1866093314,2024-03-22 10:41:03,511.4200000000001,5b6a1ff799623871ac2dfb588af611f8a51943ed,1397271,,,,,,,,,,,,,,,,,,,,,,,,,,,,,,,,,,,,,,,,,,,,,,,,,,,,,,,,,,,,,TN,TN
autoland,4767314,1,247a31fb40b3ac0b152bd3554743d742a3892fe3,linux1804-64-shippable-qr,True,False,,,102210fe594ee9b33d82058545b1ed14f4c8206e,id-getter-5.html,perf_reftest_singletons,True,perf_reftest_singletons id-getter-5.html opt e10s fission stylo webrender,4767299,77,ms,firefox,452763620.0,1866093802,2024-03-22 10:41:03,508.67,5b6a1ff799623871ac2dfb588af611f8a51943ed,1397271,,,,,,,,,,,,,,,,,,,,,,,,,,,,,,,,,,,,,,,,,,,,,,,,,,,,,,,,,,,,,TN,TN
autoland,4767314,1,247a31fb40b3ac0b152bd3554743d742a3892fe3,linux1804-64-shippable-qr,True,False,,,102210fe594ee9b33d82058545b1ed14f4c8206e,id-getter-5.html,perf_reftest_singletons,True,perf_reftest_singletons id-getter-5.html opt e10s fission stylo webrender,4767299,77,ms,firefox,452763586.0,1866093482,2024-03-22 10:43:08,495.11,f20ba2ecb66da2b2419c9f8ec2027a35f9240d40,1397273,,,,,,,,,,,,,,,,,,,,,,,,,,,,,,,,,,,,,,,,,,,,,,,,,,,,,,,,,,,,,TN,TN
autoland,4767314,1,247a31fb40b3ac0b152bd3554743d742a3892fe3,linux1804-64-shippable-qr,True,False,,,102210fe594ee9b33d82058545b1ed14f4c8206e,id-getter-5.html,perf_reftest_singletons,True,perf_reftest_singletons id-getter-5.html opt e10s fission stylo webrender,4767299,77,ms,firefox,452759881.0,1866061342,2024-03-22 11:07:06,509.3299999999999,81b0c51c60e1a5b9875dd4c1f676817552b10e09,1397281,,,,,,,,,,,,,,,,,,,,,,,,,,,,,,,,,,,,,,,,,,,,,,,,,,,,,,,,,,,,,TN,TN
autoland,4767314,1,247a31fb40b3ac0b152bd3554743d742a3892fe3,linux1804-64-shippable-qr,True,False,,,102210fe594ee9b33d82058545b1ed14f4c8206e,id-getter-5.html,perf_reftest_singletons,True,perf_reftest_singletons id-getter-5.html opt e10s fission stylo webrender,4767299,77,ms,firefox,452759940.0,1866061389,2024-03-22 11:07:06,502.8,81b0c51c60e1a5b9875dd4c1f676817552b10e09,1397281,,,,,,,,,,,,,,,,,,,,,,,,,,,,,,,,,,,,,,,,,,,,,,,,,,,,,,,,,,,,,TN,TN
autoland,4767314,1,247a31fb40b3ac0b152bd3554743d742a3892fe3,linux1804-64-shippable-qr,True,False,,,102210fe594ee9b33d82058545b1ed14f4c8206e,id-getter-5.html,perf_reftest_singletons,True,perf_reftest_singletons id-getter-5.html opt e10s fission stylo webrender,4767299,77,ms,firefox,452759960.0,1866061299,2024-03-22 11:07:06,483.79,81b0c51c60e1a5b9875dd4c1f676817552b10e09,1397281,,,,,,,,,,,,,,,,,,,,,,,,,,,,,,,,,,,,,,,,,,,,,,,,,,,,,,,,,,,,,TN,TN
autoland,4767314,1,247a31fb40b3ac0b152bd3554743d742a3892fe3,linux1804-64-shippable-qr,True,False,,,102210fe594ee9b33d82058545b1ed14f4c8206e,id-getter-5.html,perf_reftest_singletons,True,perf_reftest_singletons id-getter-5.html opt e10s fission stylo webrender,4767299,77,ms,firefox,452116761.0,1863467435,2024-03-22 11:20:25,491.72,83ed667f93bb974d4a366f3ef977266940e30df2,1397286,,,,,,,,,,,,,,,,,,,,,,,,,,,,,,,,,,,,,,,,,,,,,,,,,,,,,,,,,,,,,TN,TN
autoland,4767314,1,247a31fb40b3ac0b152bd3554743d742a3892fe3,linux1804-64-shippable-qr,True,False,,,102210fe594ee9b33d82058545b1ed14f4c8206e,id-getter-5.html,perf_reftest_singletons,True,perf_reftest_singletons id-getter-5.html opt e10s fission stylo webrender,4767299,77,ms,firefox,452116773.0,1863467394,2024-03-22 12:54:53,493.5,ec22693feb7b51124987f6644e20542cf6b69223,1397322,,,,,,,,,,,,,,,,,,,,,,,,,,,,,,,,,,,,,,,,,,,,,,,,,,,,,,,,,,,,,TN,TN
autoland,4767314,1,247a31fb40b3ac0b152bd3554743d742a3892fe3,linux1804-64-shippable-qr,True,False,,,102210fe594ee9b33d82058545b1ed14f4c8206e,id-getter-5.html,perf_reftest_singletons,True,perf_reftest_singletons id-getter-5.html opt e10s fission stylo webrender,4767299,77,ms,firefox,452116781.0,1863467517,2024-03-22 13:00:32,491.25,c7c1e3e34508de62c98fcb3fa8f735806a474f5d,1397324,,,,,,,,,,,,,,,,,,,,,,,,,,,,,,,,,,,,,,,,,,,,,,,,,,,,,,,,,,,,,TN,TN
autoland,4767314,1,247a31fb40b3ac0b152bd3554743d742a3892fe3,linux1804-64-shippable-qr,True,False,,,102210fe594ee9b33d82058545b1ed14f4c8206e,id-getter-5.html,perf_reftest_singletons,True,perf_reftest_singletons id-getter-5.html opt e10s fission stylo webrender,4767299,77,ms,firefox,452116782.0,1863467558,2024-03-22 13:01:23,486.82,54c0b2c0068749b82451e6e3a5db66d0c56cd3c1,1397325,,,,,,,,,,,,,,,,,,,,,,,,,,,,,,,,,,,,,,,,,,,,,,,,,,,,,,,,,,,,,TN,TN
autoland,4767314,1,247a31fb40b3ac0b152bd3554743d742a3892fe3,linux1804-64-shippable-qr,True,False,,,102210fe594ee9b33d82058545b1ed14f4c8206e,id-getter-5.html,perf_reftest_singletons,True,perf_reftest_singletons id-getter-5.html opt e10s fission stylo webrender,4767299,77,ms,firefox,452188658.0,1863720901,2024-03-22 13:01:23,496.26,54c0b2c0068749b82451e6e3a5db66d0c56cd3c1,1397325,,,,,,,,,,,,,,,,,,,,,,,,,,,,,,,,,,,,,,,,,,,,,,,,,,,,,,,,,,,,,TN,TN
autoland,4767314,1,247a31fb40b3ac0b152bd3554743d742a3892fe3,linux1804-64-shippable-qr,True,False,,,102210fe594ee9b33d82058545b1ed14f4c8206e,id-getter-5.html,perf_reftest_singletons,True,perf_reftest_singletons id-getter-5.html opt e10s fission stylo webrender,4767299,77,ms,firefox,452188663.0,1863721010,2024-03-22 13:01:23,492.72,54c0b2c0068749b82451e6e3a5db66d0c56cd3c1,1397325,,,,,,,,,,,,,,,,,,,,,,,,,,,,,,,,,,,,,,,,,,,,,,,,,,,,,,,,,,,,,TN,TN
autoland,4767314,1,247a31fb40b3ac0b152bd3554743d742a3892fe3,linux1804-64-shippable-qr,True,False,,,102210fe594ee9b33d82058545b1ed14f4c8206e,id-getter-5.html,perf_reftest_singletons,True,perf_reftest_singletons id-getter-5.html opt e10s fission stylo webrender,4767299,77,ms,firefox,452116830.0,1863468669,2024-03-22 13:02:08,593.81,dda9d04389e109e89c8348aeaab0975ef71d53c7,1397326,,,,,,,,,,,,,,,,,,,,,,,,,,,,,,,,,,,,,,,,,,,,,,,,,,,,,,,,,,,,,TN,TN
autoland,4767314,1,247a31fb40b3ac0b152bd3554743d742a3892fe3,linux1804-64-shippable-qr,True,False,,,102210fe594ee9b33d82058545b1ed14f4c8206e,id-getter-5.html,perf_reftest_singletons,True,perf_reftest_singletons id-getter-5.html opt e10s fission stylo webrender,4767299,77,ms,firefox,452188659.0,1863721144,2024-03-22 13:02:08,535.1600000000001,dda9d04389e109e89c8348aeaab0975ef71d53c7,1397326,,,,,,,,,,,,,,,,,,,,,,,,,,,,,,,,,,,,,,,,,,,,,,,,,,,,,,,,,,,,,TN,TN
autoland,4767314,1,247a31fb40b3ac0b152bd3554743d742a3892fe3,linux1804-64-shippable-qr,True,False,,,102210fe594ee9b33d82058545b1ed14f4c8206e,id-getter-5.html,perf_reftest_singletons,True,perf_reftest_singletons id-getter-5.html opt e10s fission stylo webrender,4767299,77,ms,firefox,452188664.0,1863721188,2024-03-22 13:02:08,500.25,dda9d04389e109e89c8348aeaab0975ef71d53c7,1397326,,,,,,,,,,,,,,,,,,,,,,,,,,,,,,,,,,,,,,,,,,,,,,,,,,,,,,,,,,,,,TN,TN
autoland,4767314,1,247a31fb40b3ac0b152bd3554743d742a3892fe3,linux1804-64-shippable-qr,True,False,,,102210fe594ee9b33d82058545b1ed14f4c8206e,id-getter-5.html,perf_reftest_singletons,True,perf_reftest_singletons id-getter-5.html opt e10s fission stylo webrender,4767299,77,ms,firefox,452116829.0,1863468628,2024-03-22 13:03:00,493.47,73c915ed013b1b6a0435a839e95c38023984612b,1397327,,,,,,,,,,,,,,,,,,,,,,,,,,,,,,,,,,,,,,,,,,,,,,,,,,,,,,,,,,,,,TN,TN
autoland,4767314,1,247a31fb40b3ac0b152bd3554743d742a3892fe3,linux1804-64-shippable-qr,True,False,,,102210fe594ee9b33d82058545b1ed14f4c8206e,id-getter-5.html,perf_reftest_singletons,True,perf_reftest_singletons id-getter-5.html opt e10s fission stylo webrender,4767299,77,ms,firefox,452188531.0,1863720594,2024-03-22 13:03:00,518.33,73c915ed013b1b6a0435a839e95c38023984612b,1397327,,,,,,,,,,,,,,,,,,,,,,,,,,,,,,,,,,,,,,,,,,,,,,,,,,,,,,,,,,,,,TN,TN
autoland,4767314,1,247a31fb40b3ac0b152bd3554743d742a3892fe3,linux1804-64-shippable-qr,True,False,,,102210fe594ee9b33d82058545b1ed14f4c8206e,id-getter-5.html,perf_reftest_singletons,True,perf_reftest_singletons id-getter-5.html opt e10s fission stylo webrender,4767299,77,ms,firefox,452188573.0,1863720765,2024-03-22 13:03:00,485.47,73c915ed013b1b6a0435a839e95c38023984612b,1397327,,,,,,,,,,,,,,,,,,,,,,,,,,,,,,,,,,,,,,,,,,,,,,,,,,,,,,,,,,,,,TN,TN
autoland,4767314,1,247a31fb40b3ac0b152bd3554743d742a3892fe3,linux1804-64-shippable-qr,True,False,,,102210fe594ee9b33d82058545b1ed14f4c8206e,id-getter-5.html,perf_reftest_singletons,True,perf_reftest_singletons id-getter-5.html opt e10s fission stylo webrender,4767299,77,ms,firefox,452188660.0,1863720966,2024-03-22 13:03:00,501.37000000000006,73c915ed013b1b6a0435a839e95c38023984612b,1397327,,,,,,,,,,,,,,,,,,,,,,,,,,,,,,,,,,,,,,,,,,,,,,,,,,,,,,,,,,,,,TN,TN
autoland,4767314,1,247a31fb40b3ac0b152bd3554743d742a3892fe3,linux1804-64-shippable-qr,True,False,,,102210fe594ee9b33d82058545b1ed14f4c8206e,id-getter-5.html,perf_reftest_singletons,True,perf_reftest_singletons id-getter-5.html opt e10s fission stylo webrender,4767299,77,ms,firefox,452116783.0,1863467681,2024-03-22 13:03:52,494.34,9dd061a96bcd286d6afa01bac0028f1015f00a51,1397329,,,,,,,,,,,,,,,,,,,,,,,,,,,,,,,,,,,,,,,,,,,,,,,,,,,,,,,,,,,,,TN,TN
autoland,4767314,1,247a31fb40b3ac0b152bd3554743d742a3892fe3,linux1804-64-shippable-qr,True,False,,,102210fe594ee9b33d82058545b1ed14f4c8206e,id-getter-5.html,perf_reftest_singletons,True,perf_reftest_singletons id-getter-5.html opt e10s fission stylo webrender,4767299,77,ms,firefox,452116784.0,1863467909,2024-03-22 13:08:15,505.4,c5a449ab81945f16de2d176c5f39f91cc3ff5f74,1397331,,,,,,,,,,,,,,,,,,,,,,,,,,,,,,,,,,,,,,,,,,,,,,,,,,,,,,,,,,,,,TN,TN
autoland,4767314,1,247a31fb40b3ac0b152bd3554743d742a3892fe3,linux1804-64-shippable-qr,True,False,,,102210fe594ee9b33d82058545b1ed14f4c8206e,id-getter-5.html,perf_reftest_singletons,True,perf_reftest_singletons id-getter-5.html opt e10s fission stylo webrender,4767299,77,ms,firefox,452116785.0,1863467827,2024-03-22 13:11:12,486.8,e5659057dee1fedbbdb9275b8049f96e1f41400c,1397334,,,,,,,,,,,,,,,,,,,,,,,,,,,,,,,,,,,,,,,,,,,,,,,,,,,,,,,,,,,,,TN,TN
autoland,4767314,1,247a31fb40b3ac0b152bd3554743d742a3892fe3,linux1804-64-shippable-qr,True,False,,,102210fe594ee9b33d82058545b1ed14f4c8206e,id-getter-5.html,perf_reftest_singletons,True,perf_reftest_singletons id-getter-5.html opt e10s fission stylo webrender,4767299,77,ms,firefox,451914900.0,1862597703,2024-03-22 13:22:55,482.9,640f274ba8d721083e3a62631c1c96e652d0965c,1397337,,,,,,,,,,,,,,,,,,,,,,,,,,,,,,,,,,,,,,,,,,,,,,,,,,,,,,,,,,,,,TN,TN
autoland,4767314,1,247a31fb40b3ac0b152bd3554743d742a3892fe3,linux1804-64-shippable-qr,True,False,,,102210fe594ee9b33d82058545b1ed14f4c8206e,id-getter-5.html,perf_reftest_singletons,True,perf_reftest_singletons id-getter-5.html opt e10s fission stylo webrender,4767299,77,ms,firefox,452116819.0,1863468353,2024-03-22 16:46:13,502.76,4dc050682538be91313752fd487349eac9f21592,1397463,,,,,,,,,,,,,,,,,,,,,,,,,,,,,,,,,,,,,,,,,,,,,,,,,,,,,,,,,,,,,TN,TN
autoland,4767314,1,247a31fb40b3ac0b152bd3554743d742a3892fe3,linux1804-64-shippable-qr,True,False,,,102210fe594ee9b33d82058545b1ed14f4c8206e,id-getter-5.html,perf_reftest_singletons,True,perf_reftest_singletons id-getter-5.html opt e10s fission stylo webrender,4767299,77,ms,firefox,452116821.0,1863468312,2024-03-22 16:47:03,524.26,33bfeab02910fb736732b4ff3009d4daba7b09a5,1397466,,,,,,,,,,,,,,,,,,,,,,,,,,,,,,,,,,,,,,,,,,,,,,,,,,,,,,,,,,,,,TN,TN
autoland,4767314,1,247a31fb40b3ac0b152bd3554743d742a3892fe3,linux1804-64-shippable-qr,True,False,,,102210fe594ee9b33d82058545b1ed14f4c8206e,id-getter-5.html,perf_reftest_singletons,True,perf_reftest_singletons id-getter-5.html opt e10s fission stylo webrender,4767299,77,ms,firefox,452116822.0,1863468476,2024-03-22 16:47:52,506.87,b8dccd7ac21406ecd6640ea7fef5530cb5379c00,1397469,,,,,,,,,,,,,,,,,,,,,,,,,,,,,,,,,,,,,,,,,,,,,,,,,,,,,,,,,,,,,TN,TN
autoland,4767314,1,247a31fb40b3ac0b152bd3554743d742a3892fe3,linux1804-64-shippable-qr,True,False,,,102210fe594ee9b33d82058545b1ed14f4c8206e,id-getter-5.html,perf_reftest_singletons,True,perf_reftest_singletons id-getter-5.html opt e10s fission stylo webrender,4767299,77,ms,firefox,452116825.0,1863468435,2024-03-22 16:48:39,503.77,87de8d00268ad4a3b4d56f7b4dddc9596fb1457c,1397471,,,,,,,,,,,,,,,,,,,,,,,,,,,,,,,,,,,,,,,,,,,,,,,,,,,,,,,,,,,,,TN,TN
autoland,4767314,1,247a31fb40b3ac0b152bd3554743d742a3892fe3,linux1804-64-shippable-qr,True,False,,,102210fe594ee9b33d82058545b1ed14f4c8206e,id-getter-5.html,perf_reftest_singletons,True,perf_reftest_singletons id-getter-5.html opt e10s fission stylo webrender,4767299,77,ms,firefox,452116824.0,1863468271,2024-03-22 16:49:26,495.59,16211a33b193ca98422b6900e085894945fbf89d,1397473,,,,,,,,,,,,,,,,,,,,,,,,,,,,,,,,,,,,,,,,,,,,,,,,,,,,,,,,,,,,,TN,TN
autoland,4767314,1,247a31fb40b3ac0b152bd3554743d742a3892fe3,linux1804-64-shippable-qr,True,False,,,102210fe594ee9b33d82058545b1ed14f4c8206e,id-getter-5.html,perf_reftest_singletons,True,perf_reftest_singletons id-getter-5.html opt e10s fission stylo webrender,4767299,77,ms,firefox,452116828.0,1863468394,2024-03-22 16:50:13,495.4,3b11a30f41465b2f5de85bc5ff403d30795f6ca3,1397476,,,,,,,,,,,,,,,,,,,,,,,,,,,,,,,,,,,,,,,,,,,,,,,,,,,,,,,,,,,,,TN,TN
autoland,4767314,1,247a31fb40b3ac0b152bd3554743d742a3892fe3,linux1804-64-shippable-qr,True,False,,,102210fe594ee9b33d82058545b1ed14f4c8206e,id-getter-5.html,perf_reftest_singletons,True,perf_reftest_singletons id-getter-5.html opt e10s fission stylo webrender,4767299,77,ms,firefox,452116814.0,1863468210,2024-03-22 16:51:11,535.25,a2d9c41987af52b60cd1f690c85cc84aebbe8036,1397479,,,,,,,,,,,,,,,,,,,,,,,,,,,,,,,,,,,,,,,,,,,,,,,,,,,,,,,,,,,,,TN,TN
autoland,4767314,1,247a31fb40b3ac0b152bd3554743d742a3892fe3,linux1804-64-shippable-qr,True,False,,,102210fe594ee9b33d82058545b1ed14f4c8206e,id-getter-5.html,perf_reftest_singletons,True,perf_reftest_singletons id-getter-5.html opt e10s fission stylo webrender,4767299,77,ms,firefox,452116816.0,1863468201,2024-03-22 17:05:43,494.49,47f2181e0a4ffcc3777815fa5b0d32c486a68b07,1397492,,,,,,,,,,,,,,,,,,,,,,,,,,,,,,,,,,,,,,,,,,,,,,,,,,,,,,,,,,,,,TN,TN
autoland,4767314,1,247a31fb40b3ac0b152bd3554743d742a3892fe3,linux1804-64-shippable-qr,True,False,,,102210fe594ee9b33d82058545b1ed14f4c8206e,id-getter-5.html,perf_reftest_singletons,True,perf_reftest_singletons id-getter-5.html opt e10s fission stylo webrender,4767299,77,ms,firefox,452116815.0,1863468101,2024-03-22 17:09:40,483.49,6254c9c51033672853d6c077676824f1ae56977c,1397502,,,,,,,,,,,,,,,,,,,,,,,,,,,,,,,,,,,,,,,,,,,,,,,,,,,,,,,,,,,,,TN,TN
autoland,4767314,1,247a31fb40b3ac0b152bd3554743d742a3892fe3,linux1804-64-shippable-qr,True,False,,,102210fe594ee9b33d82058545b1ed14f4c8206e,id-getter-5.html,perf_reftest_singletons,True,perf_reftest_singletons id-getter-5.html opt e10s fission stylo webrender,4767299,77,ms,firefox,451952012.0,1862732149,2024-03-22 17:28:16,491.34,d12a19660d53686074475ffbbed160cc788ebe05,1397524,,,,,,,,,,,,,,,,,,,,,,,,,,,,,,,,,,,,,,,,,,,,,,,,,,,,,,,,,,,,,TN,TN
autoland,4767314,1,247a31fb40b3ac0b152bd3554743d742a3892fe3,linux1804-64-shippable-qr,True,False,,,102210fe594ee9b33d82058545b1ed14f4c8206e,id-getter-5.html,perf_reftest_singletons,True,perf_reftest_singletons id-getter-5.html opt e10s fission stylo webrender,4767299,77,ms,firefox,452122238.0,1863484465,2024-03-22 17:31:52,494.6000000000001,4939b2f436405dac8b34d703e5d9b1630827f0b8,1397527,,,,,,,,,,,,,,,,,,,,,,,,,,,,,,,,,,,,,,,,,,,,,,,,,,,,,,,,,,,,,TN,TN
autoland,4767314,1,247a31fb40b3ac0b152bd3554743d742a3892fe3,linux1804-64-shippable-qr,True,False,,,102210fe594ee9b33d82058545b1ed14f4c8206e,id-getter-5.html,perf_reftest_singletons,True,perf_reftest_singletons id-getter-5.html opt e10s fission stylo webrender,4767299,77,ms,firefox,452123121.0,1863486071,2024-03-22 17:37:11,492.65,88177eefe81a3dedc567634eadcf1cf83549c543,1397535,,,,,,,,,,,,,,,,,,,,,,,,,,,,,,,,,,,,,,,,,,,,,,,,,,,,,,,,,,,,,TN,TN
autoland,4767314,1,247a31fb40b3ac0b152bd3554743d742a3892fe3,linux1804-64-shippable-qr,True,False,,,102210fe594ee9b33d82058545b1ed14f4c8206e,id-getter-5.html,perf_reftest_singletons,True,perf_reftest_singletons id-getter-5.html opt e10s fission stylo webrender,4767299,77,ms,firefox,452123958.0,1863487391,2024-03-22 18:03:00,494.26,274d0d96881c60999525ef09e9c86993bf2837ae,1397549,,,,,,,,,,,,,,,,,,,,,,,,,,,,,,,,,,,,,,,,,,,,,,,,,,,,,,,,,,,,,TN,TN
autoland,4767314,1,247a31fb40b3ac0b152bd3554743d742a3892fe3,linux1804-64-shippable-qr,True,False,,,102210fe594ee9b33d82058545b1ed14f4c8206e,id-getter-5.html,perf_reftest_singletons,True,perf_reftest_singletons id-getter-5.html opt e10s fission stylo webrender,4767299,77,ms,firefox,452135118.0,1863539769,2024-03-22 18:14:22,503.9,579338e3f612d856da244b7ba0795a82395bfe21,1397554,,,,,,,,,,,,,,,,,,,,,,,,,,,,,,,,,,,,,,,,,,,,,,,,,,,,,,,,,,,,,TN,TN
autoland,4767314,1,247a31fb40b3ac0b152bd3554743d742a3892fe3,linux1804-64-shippable-qr,True,False,,,102210fe594ee9b33d82058545b1ed14f4c8206e,id-getter-5.html,perf_reftest_singletons,True,perf_reftest_singletons id-getter-5.html opt e10s fission stylo webrender,4767299,77,ms,firefox,452134075.0,1863522724,2024-03-22 19:14:21,512.8399999999999,8ec93b6280e83dfe865b59a5a46a7f83aec53687,1397580,,,,,,,,,,,,,,,,,,,,,,,,,,,,,,,,,,,,,,,,,,,,,,,,,,,,,,,,,,,,,TN,TN
autoland,4767314,1,247a31fb40b3ac0b152bd3554743d742a3892fe3,linux1804-64-shippable-qr,True,False,,,102210fe594ee9b33d82058545b1ed14f4c8206e,id-getter-5.html,perf_reftest_singletons,True,perf_reftest_singletons id-getter-5.html opt e10s fission stylo webrender,4767299,77,ms,firefox,451973255.0,1862831745,2024-03-22 22:43:04,492.55,a008405a9171acdb92d2997564e16713185f054f,1397682,,,,,,,,,,,,,,,,,,,,,,,,,,,,,,,,,,,,,,,,,,,,,,,,,,,,,,,,,,,,,TN,TN
autoland,4767314,1,247a31fb40b3ac0b152bd3554743d742a3892fe3,linux1804-64-shippable-qr,True,False,,,102210fe594ee9b33d82058545b1ed14f4c8206e,id-getter-5.html,perf_reftest_singletons,True,perf_reftest_singletons id-getter-5.html opt e10s fission stylo webrender,4767299,77,ms,firefox,451984356.0,1862906592,2024-03-23 04:11:22,502.41,341c752f9f931ed8ca1220eb7006bdfcd026038e,1397768,,,,,,,,,,,,,,,,,,,,,,,,,,,,,,,,,,,,,,,,,,,,,,,,,,,,,,,,,,,,,TN,TN
autoland,4767314,1,247a31fb40b3ac0b152bd3554743d742a3892fe3,linux1804-64-shippable-qr,True,False,,,102210fe594ee9b33d82058545b1ed14f4c8206e,id-getter-5.html,perf_reftest_singletons,True,perf_reftest_singletons id-getter-5.html opt e10s fission stylo webrender,4767299,77,ms,firefox,451995818.0,1862961697,2024-03-23 08:45:37,485.44000000000005,7575296d6781e483bc76a289f68623eb548baac4,1397819,,,,,,,,,,,,,,,,,,,,,,,,,,,,,,,,,,,,,,,,,,,,,,,,,,,,,,,,,,,,,TN,TN
autoland,4767314,1,247a31fb40b3ac0b152bd3554743d742a3892fe3,linux1804-64-shippable-qr,True,False,,,102210fe594ee9b33d82058545b1ed14f4c8206e,id-getter-5.html,perf_reftest_singletons,True,perf_reftest_singletons id-getter-5.html opt e10s fission stylo webrender,4767299,77,ms,firefox,452017806.0,1863039051,2024-03-23 13:51:59,504.26,47e43ed2bb6cad873900cd00ccf834a51f3dfe83,1397843,,,,,,,,,,,,,,,,,,,,,,,,,,,,,,,,,,,,,,,,,,,,,,,,,,,,,,,,,,,,,TN,TN
autoland,4767314,1,247a31fb40b3ac0b152bd3554743d742a3892fe3,linux1804-64-shippable-qr,True,False,,,102210fe594ee9b33d82058545b1ed14f4c8206e,id-getter-5.html,perf_reftest_singletons,True,perf_reftest_singletons id-getter-5.html opt e10s fission stylo webrender,4767299,77,ms,firefox,452028224.0,1863079804,2024-03-23 18:44:13,493.53,69c342123c6fdb9190169823dd12a42a77559b9f,1397871,,,,,,,,,,,,,,,,,,,,,,,,,,,,,,,,,,,,,,,,,,,,,,,,,,,,,,,,,,,,,TN,TN
autoland,4767314,1,247a31fb40b3ac0b152bd3554743d742a3892fe3,linux1804-64-shippable-qr,True,False,,,102210fe594ee9b33d82058545b1ed14f4c8206e,id-getter-5.html,perf_reftest_singletons,True,perf_reftest_singletons id-getter-5.html opt e10s fission stylo webrender,4767299,77,ms,firefox,452047078.0,1863152485,2024-03-24 00:54:50,488.1,c43bc8bba8a808b2f5005002f96936afa3697b34,1397899,,,,,,,,,,,,,,,,,,,,,,,,,,,,,,,,,,,,,,,,,,,,,,,,,,,,,,,,,,,,,TN,TN
autoland,4767314,1,247a31fb40b3ac0b152bd3554743d742a3892fe3,linux1804-64-shippable-qr,True,False,,,102210fe594ee9b33d82058545b1ed14f4c8206e,id-getter-5.html,perf_reftest_singletons,True,perf_reftest_singletons id-getter-5.html opt e10s fission stylo webrender,4767299,77,ms,firefox,452055642.0,1863223594,2024-03-24 07:02:41,303.82,fa1b327e74e89e08f7fff24dbb35f11e48736aab,1397916,,,,,,,,,,,,,,,,,,,,,,,,,,,,,,,,,,,,,,,,,,,,,,,,,,,,,,,,,,,,,TN,TN
autoland,4767314,1,247a31fb40b3ac0b152bd3554743d742a3892fe3,linux1804-64-shippable-qr,True,False,,,102210fe594ee9b33d82058545b1ed14f4c8206e,id-getter-5.html,perf_reftest_singletons,True,perf_reftest_singletons id-getter-5.html opt e10s fission stylo webrender,4767299,77,ms,firefox,452075138.0,1863291727,2024-03-24 11:13:54,515.2,f0597fea22797603c0e45ec1c43433afa5ed6dcd,1397937,,,,,,,,,,,,,,,,,,,,,,,,,,,,,,,,,,,,,,,,,,,,,,,,,,,,,,,,,,,,,TN,TN
autoland,4767314,1,247a31fb40b3ac0b152bd3554743d742a3892fe3,linux1804-64-shippable-qr,True,False,,,102210fe594ee9b33d82058545b1ed14f4c8206e,id-getter-5.html,perf_reftest_singletons,True,perf_reftest_singletons id-getter-5.html opt e10s fission stylo webrender,4767299,77,ms,firefox,452092154.0,1863349035,2024-03-24 18:59:17,497.13,6ec4249c788c48dc30dfb8737228af711e49fde2,1397954,,,,,,,,,,,,,,,,,,,,,,,,,,,,,,,,,,,,,,,,,,,,,,,,,,,,,,,,,,,,,TN,TN
autoland,4767314,1,247a31fb40b3ac0b152bd3554743d742a3892fe3,linux1804-64-shippable-qr,True,False,,,102210fe594ee9b33d82058545b1ed14f4c8206e,id-getter-5.html,perf_reftest_singletons,True,perf_reftest_singletons id-getter-5.html opt e10s fission stylo webrender,4767299,77,ms,firefox,452103464.0,1863389510,2024-03-24 23:02:44,491.03,f16b84d2aab6142f8b4fd6de574e96c2f551ebc7,1397973,,,,,,,,,,,,,,,,,,,,,,,,,,,,,,,,,,,,,,,,,,,,,,,,,,,,,,,,,,,,,TN,TN
autoland,4767314,1,247a31fb40b3ac0b152bd3554743d742a3892fe3,linux1804-64-shippable-qr,True,False,,,102210fe594ee9b33d82058545b1ed14f4c8206e,id-getter-5.html,perf_reftest_singletons,True,perf_reftest_singletons id-getter-5.html opt e10s fission stylo webrender,4767299,77,ms,firefox,452115881.0,1863457045,2024-03-25 03:31:22,480.86,19d905446a32ebc5b281e61c8ee49718ee784a25,1397989,,,,,,,,,,,,,,,,,,,,,,,,,,,,,,,,,,,,,,,,,,,,,,,,,,,,,,,,,,,,,TN,TN
autoland,4767314,1,247a31fb40b3ac0b152bd3554743d742a3892fe3,linux1804-64-shippable-qr,True,False,,,102210fe594ee9b33d82058545b1ed14f4c8206e,id-getter-5.html,perf_reftest_singletons,True,perf_reftest_singletons id-getter-5.html opt e10s fission stylo webrender,4767299,77,ms,firefox,452134539.0,1863538156,2024-03-25 08:43:58,491.94999999999993,db7773c959d542b2327b7158f769c657e46e2992,1398035,,,,,,,,,,,,,,,,,,,,,,,,,,,,,,,,,,,,,,,,,,,,,,,,,,,,,,,,,,,,,TN,TN
autoland,4767314,1,247a31fb40b3ac0b152bd3554743d742a3892fe3,linux1804-64-shippable-qr,True,False,,,102210fe594ee9b33d82058545b1ed14f4c8206e,id-getter-5.html,perf_reftest_singletons,True,perf_reftest_singletons id-getter-5.html opt e10s fission stylo webrender,4767299,77,ms,firefox,452143744.0,1863632157,2024-03-25 09:25:18,485.88,71c813e27dff32e4664eb9116e60097837485bfb,1398057,,,,,,,,,,,,,,,,,,,,,,,,,,,,,,,,,,,,,,,,,,,,,,,,,,,,,,,,,,,,,TN,TN
autoland,4767314,1,247a31fb40b3ac0b152bd3554743d742a3892fe3,linux1804-64-shippable-qr,True,False,,,102210fe594ee9b33d82058545b1ed14f4c8206e,id-getter-5.html,perf_reftest_singletons,True,perf_reftest_singletons id-getter-5.html opt e10s fission stylo webrender,4767299,77,ms,firefox,452187695.0,1863711748,2024-03-25 13:40:37,517.36,5969005dae85cc8ac486b2f0bdbb7454b660f252,1398214,,,,,,,,,,,,,,,,,,,,,,,,,,,,,,,,,,,,,,,,,,,,,,,,,,,,,,,,,,,,,TN,TN
autoland,4767314,1,247a31fb40b3ac0b152bd3554743d742a3892fe3,linux1804-64-shippable-qr,True,False,,,102210fe594ee9b33d82058545b1ed14f4c8206e,id-getter-5.html,perf_reftest_singletons,True,perf_reftest_singletons id-getter-5.html opt e10s fission stylo webrender,4767299,77,ms,firefox,452192073.0,1863733862,2024-03-25 14:05:55,500.46,19dcff1ee3fcbb431110e0639c80a3ba51ee0a34,1398235,,,,,,,,,,,,,,,,,,,,,,,,,,,,,,,,,,,,,,,,,,,,,,,,,,,,,,,,,,,,,TN,TN
autoland,4767314,1,247a31fb40b3ac0b152bd3554743d742a3892fe3,linux1804-64-shippable-qr,True,False,,,102210fe594ee9b33d82058545b1ed14f4c8206e,id-getter-5.html,perf_reftest_singletons,True,perf_reftest_singletons id-getter-5.html opt e10s fission stylo webrender,4767299,77,ms,firefox,452210238.0,1863858537,2024-03-25 17:00:38,517.84,9b5934ed0d6138133e3cab84d859a8e38bd43683,1398374,,,,,,,,,,,,,,,,,,,,,,,,,,,,,,,,,,,,,,,,,,,,,,,,,,,,,,,,,,,,,TN,TN
autoland,4767314,1,247a31fb40b3ac0b152bd3554743d742a3892fe3,linux1804-64-shippable-qr,True,False,,,102210fe594ee9b33d82058545b1ed14f4c8206e,id-getter-5.html,perf_reftest_singletons,True,perf_reftest_singletons id-getter-5.html opt e10s fission stylo webrender,4767299,77,ms,firefox,452238018.0,1863985276,2024-03-25 20:16:40,507.69,05ef22f3485b9acca72235e56c8e11abea982310,1398545,,,,,,,,,,,,,,,,,,,,,,,,,,,,,,,,,,,,,,,,,,,,,,,,,,,,,,,,,,,,,TN,TN
autoland,4767314,1,247a31fb40b3ac0b152bd3554743d742a3892fe3,linux1804-64-shippable-qr,True,False,,,102210fe594ee9b33d82058545b1ed14f4c8206e,id-getter-5.html,perf_reftest_singletons,True,perf_reftest_singletons id-getter-5.html opt e10s fission stylo webrender,4767299,77,ms,firefox,452272565.0,1864085725,2024-03-26 00:18:31,502.87,af6fe1ffacb6272ced1d27e874f376c671a19461,1398725,,,,,,,,,,,,,,,,,,,,,,,,,,,,,,,,,,,,,,,,,,,,,,,,,,,,,,,,,,,,,TN,TN
autoland,4767314,1,247a31fb40b3ac0b152bd3554743d742a3892fe3,linux1804-64-shippable-qr,True,False,,,102210fe594ee9b33d82058545b1ed14f4c8206e,id-getter-5.html,perf_reftest_singletons,True,perf_reftest_singletons id-getter-5.html opt e10s fission stylo webrender,4767299,77,ms,firefox,452287363.0,1864134668,2024-03-26 01:24:19,496.21,f0c093accca57074b185d7b3a5a76937ae8c57ed,1398741,,,,,,,,,,,,,,,,,,,,,,,,,,,,,,,,,,,,,,,,,,,,,,,,,,,,,,,,,,,,,TN,TN
autoland,4767314,1,247a31fb40b3ac0b152bd3554743d742a3892fe3,linux1804-64-shippable-qr,True,False,,,102210fe594ee9b33d82058545b1ed14f4c8206e,id-getter-5.html,perf_reftest_singletons,True,perf_reftest_singletons id-getter-5.html opt e10s fission stylo webrender,4767299,77,ms,firefox,452301758.0,1864243736,2024-03-26 06:19:49,497.9,f76227b1c05f51b70e7d261e993b5cfa5fd8ee70,1398803,,,,,,,,,,,,,,,,,,,,,,,,,,,,,,,,,,,,,,,,,,,,,,,,,,,,,,,,,,,,,TN,TN
autoland,4767314,1,247a31fb40b3ac0b152bd3554743d742a3892fe3,linux1804-64-shippable-qr,True,False,,,102210fe594ee9b33d82058545b1ed14f4c8206e,id-getter-5.html,perf_reftest_singletons,True,perf_reftest_singletons id-getter-5.html opt e10s fission stylo webrender,4767299,77,ms,firefox,452319604.0,1864298609,2024-03-26 09:05:54,490.46,e02aed8fb19856047df1d2cb7de887404e2b6956,1398850,,,,,,,,,,,,,,,,,,,,,,,,,,,,,,,,,,,,,,,,,,,,,,,,,,,,,,,,,,,,,TN,TN
autoland,4767314,1,247a31fb40b3ac0b152bd3554743d742a3892fe3,linux1804-64-shippable-qr,True,False,,,102210fe594ee9b33d82058545b1ed14f4c8206e,id-getter-5.html,perf_reftest_singletons,True,perf_reftest_singletons id-getter-5.html opt e10s fission stylo webrender,4767299,77,ms,firefox,452350910.0,1864413969,2024-03-26 12:57:56,522.03,8bfc3595e66f8c45af3a35d0489015d7522799d3,1398965,,,,,,,,,,,,,,,,,,,,,,,,,,,,,,,,,,,,,,,,,,,,,,,,,,,,,,,,,,,,,TN,TN
autoland,4767314,1,247a31fb40b3ac0b152bd3554743d742a3892fe3,linux1804-64-shippable-qr,True,False,,,102210fe594ee9b33d82058545b1ed14f4c8206e,id-getter-5.html,perf_reftest_singletons,True,perf_reftest_singletons id-getter-5.html opt e10s fission stylo webrender,4767299,77,ms,firefox,452384512.0,1864546119,2024-03-26 16:59:38,498.65,a95909edf99f57b3e1ff98f748fd9e2ff57447da,1399161,,,,,,,,,,,,,,,,,,,,,,,,,,,,,,,,,,,,,,,,,,,,,,,,,,,,,,,,,,,,,TN,TN
autoland,4767314,1,247a31fb40b3ac0b152bd3554743d742a3892fe3,linux1804-64-shippable-qr,True,False,,,102210fe594ee9b33d82058545b1ed14f4c8206e,id-getter-5.html,perf_reftest_singletons,True,perf_reftest_singletons id-getter-5.html opt e10s fission stylo webrender,4767299,77,ms,firefox,452391967.0,1864561024,2024-03-26 17:44:32,489.25,a93eeb987e4a1e533ac94ec0d1703c6f9b52b9ef,1399196,,,,,,,,,,,,,,,,,,,,,,,,,,,,,,,,,,,,,,,,,,,,,,,,,,,,,,,,,,,,,TN,TN
autoland,4767314,1,247a31fb40b3ac0b152bd3554743d742a3892fe3,linux1804-64-shippable-qr,True,False,,,102210fe594ee9b33d82058545b1ed14f4c8206e,id-getter-5.html,perf_reftest_singletons,True,perf_reftest_singletons id-getter-5.html opt e10s fission stylo webrender,4767299,77,ms,firefox,452410096.0,1864636927,2024-03-26 19:19:03,496.28,dfd96ba0e09153e6f98c22d8adcaf944059434ac,1399261,,,,,,,,,,,,,,,,,,,,,,,,,,,,,,,,,,,,,,,,,,,,,,,,,,,,,,,,,,,,,TN,TN
autoland,4767314,1,247a31fb40b3ac0b152bd3554743d742a3892fe3,linux1804-64-shippable-qr,True,False,,,102210fe594ee9b33d82058545b1ed14f4c8206e,id-getter-5.html,perf_reftest_singletons,True,perf_reftest_singletons id-getter-5.html opt e10s fission stylo webrender,4767299,77,ms,firefox,452432058.0,1864746673,2024-03-26 22:59:31,491.94,babb5943701ffb0ddb6991106d28f73ad2061bb6,1399480,,,,,,,,,,,,,,,,,,,,,,,,,,,,,,,,,,,,,,,,,,,,,,,,,,,,,,,,,,,,,TN,TN
autoland,4767314,1,247a31fb40b3ac0b152bd3554743d742a3892fe3,linux1804-64-shippable-qr,True,False,,,102210fe594ee9b33d82058545b1ed14f4c8206e,id-getter-5.html,perf_reftest_singletons,True,perf_reftest_singletons id-getter-5.html opt e10s fission stylo webrender,4767299,77,ms,firefox,452462562.0,1864931931,2024-03-27 06:25:00,521.65,1e79b6199559c2d8acfccdb5e9d5bc62033e6c15,1399622,,,,,,,,,,,,,,,,,,,,,,,,,,,,,,,,,,,,,,,,,,,,,,,,,,,,,,,,,,,,,TN,TN
autoland,4767314,1,247a31fb40b3ac0b152bd3554743d742a3892fe3,linux1804-64-shippable-qr,True,False,,,102210fe594ee9b33d82058545b1ed14f4c8206e,id-getter-5.html,perf_reftest_singletons,True,perf_reftest_singletons id-getter-5.html opt e10s fission stylo webrender,4767299,77,ms,firefox,452497984.0,1865072283,2024-03-27 09:31:11,500.86,7f2993771f48536c575137e4b51984ab6d3de136,1399694,,,,,,,,,,,,,,,,,,,,,,,,,,,,,,,,,,,,,,,,,,,,,,,,,,,,,,,,,,,,,TN,TN
autoland,4767314,1,247a31fb40b3ac0b152bd3554743d742a3892fe3,linux1804-64-shippable-qr,True,False,,,102210fe594ee9b33d82058545b1ed14f4c8206e,id-getter-5.html,perf_reftest_singletons,True,perf_reftest_singletons id-getter-5.html opt e10s fission stylo webrender,4767299,77,ms,firefox,452528082.0,1865176043,2024-03-27 13:38:48,484.34,bc7ca80e302a788b0c3cc63cb148c628351b4946,1399827,,,,,,,,,,,,,,,,,,,,,,,,,,,,,,,,,,,,,,,,,,,,,,,,,,,,,,,,,,,,,TN,TN
autoland,4767314,1,247a31fb40b3ac0b152bd3554743d742a3892fe3,linux1804-64-shippable-qr,True,False,,,102210fe594ee9b33d82058545b1ed14f4c8206e,id-getter-5.html,perf_reftest_singletons,True,perf_reftest_singletons id-getter-5.html opt e10s fission stylo webrender,4767299,77,ms,firefox,452547241.0,1865262365,2024-03-27 15:45:41,504.7000000000001,f8ac03b3c764017d5704deed413c8d35c99978fd,1399897,,,,,,,,,,,,,,,,,,,,,,,,,,,,,,,,,,,,,,,,,,,,,,,,,,,,,,,,,,,,,TN,TN
autoland,4767314,1,247a31fb40b3ac0b152bd3554743d742a3892fe3,linux1804-64-shippable-qr,True,False,,,102210fe594ee9b33d82058545b1ed14f4c8206e,id-getter-5.html,perf_reftest_singletons,True,perf_reftest_singletons id-getter-5.html opt e10s fission stylo webrender,4767299,77,ms,firefox,452563468.0,1865366049,2024-03-27 17:44:07,495.93,5937312af5ae37b411939c2dcddbf6072d8d9cfc,1400012,,,,,,,,,,,,,,,,,,,,,,,,,,,,,,,,,,,,,,,,,,,,,,,,,,,,,,,,,,,,,TN,TN
autoland,4767314,1,247a31fb40b3ac0b152bd3554743d742a3892fe3,linux1804-64-shippable-qr,True,False,,,102210fe594ee9b33d82058545b1ed14f4c8206e,id-getter-5.html,perf_reftest_singletons,True,perf_reftest_singletons id-getter-5.html opt e10s fission stylo webrender,4767299,77,ms,firefox,452621731.0,1865546241,2024-03-28 01:10:01,493.46,b1cc62489fae8d475f67dec2d9abdf69e2d47614,1400291,,,,,,,,,,,,,,,,,,,,,,,,,,,,,,,,,,,,,,,,,,,,,,,,,,,,,,,,,,,,,TN,TN
autoland,4767314,1,247a31fb40b3ac0b152bd3554743d742a3892fe3,linux1804-64-shippable-qr,True,False,,,102210fe594ee9b33d82058545b1ed14f4c8206e,id-getter-5.html,perf_reftest_singletons,True,perf_reftest_singletons id-getter-5.html opt e10s fission stylo webrender,4767299,77,ms,firefox,452658591.0,1865674415,2024-03-28 09:47:39,500.28,1e7411c6b6399b5f5595f99e8d08576e473af625,1400442,,,,,,,,,,,,,,,,,,,,,,,,,,,,,,,,,,,,,,,,,,,,,,,,,,,,,,,,,,,,,TN,TN
autoland,4767314,1,247a31fb40b3ac0b152bd3554743d742a3892fe3,linux1804-64-shippable-qr,True,False,,,102210fe594ee9b33d82058545b1ed14f4c8206e,id-getter-5.html,perf_reftest_singletons,True,perf_reftest_singletons id-getter-5.html opt e10s fission stylo webrender,4767299,77,ms,firefox,452665164.0,1865708423,2024-03-28 10:32:02,500.09,55aaac6352fb1fbc44f600408b2bd5a63b4ae440,1400466,,,,,,,,,,,,,,,,,,,,,,,,,,,,,,,,,,,,,,,,,,,,,,,,,,,,,,,,,,,,,TN,TN
autoland,4767314,1,247a31fb40b3ac0b152bd3554743d742a3892fe3,linux1804-64-shippable-qr,True,False,,,102210fe594ee9b33d82058545b1ed14f4c8206e,id-getter-5.html,perf_reftest_singletons,True,perf_reftest_singletons id-getter-5.html opt e10s fission stylo webrender,4767299,77,ms,firefox,452703239.0,1865836194,2024-03-28 14:53:03,501.91,1c98db62bb1a20d26f812d28d86672158450e71c,1400606,,,,,,,,,,,,,,,,,,,,,,,,,,,,,,,,,,,,,,,,,,,,,,,,,,,,,,,,,,,,,TN,TN
autoland,4767314,1,247a31fb40b3ac0b152bd3554743d742a3892fe3,linux1804-64-shippable-qr,True,False,,,102210fe594ee9b33d82058545b1ed14f4c8206e,id-getter-5.html,perf_reftest_singletons,True,perf_reftest_singletons id-getter-5.html opt e10s fission stylo webrender,4767299,77,ms,firefox,452700988.0,1865825044,2024-03-28 15:08:02,511.55,2b1a58a2fa54e47a357b20bda28512cebd79f732,1400620,,,,,,,,,,,,,,,,,,,,,,,,,,,,,,,,,,,,,,,,,,,,,,,,,,,,,,,,,,,,,TN,TN
autoland,4767314,1,247a31fb40b3ac0b152bd3554743d742a3892fe3,linux1804-64-shippable-qr,True,False,,,102210fe594ee9b33d82058545b1ed14f4c8206e,id-getter-5.html,perf_reftest_singletons,True,perf_reftest_singletons id-getter-5.html opt e10s fission stylo webrender,4767299,77,ms,firefox,452727363.0,1865940454,2024-03-28 19:06:21,534.72,b9f38a3edd45f19c8f1f0e6f96e11dea269f3399,1400789,,,,,,,,,,,,,,,,,,,,,,,,,,,,,,,,,,,,,,,,,,,,,,,,,,,,,,,,,,,,,TN,TN
autoland,4767314,1,247a31fb40b3ac0b152bd3554743d742a3892fe3,linux1804-64-shippable-qr,True,False,,,102210fe594ee9b33d82058545b1ed14f4c8206e,id-getter-5.html,perf_reftest_singletons,True,perf_reftest_singletons id-getter-5.html opt e10s fission stylo webrender,4767299,77,ms,firefox,452758108.0,1866047751,2024-03-28 23:11:00,504.6,8b46ddebfb7e99c2dd8d13182e11398381eda976,1400928,,,,,,,,,,,,,,,,,,,,,,,,,,,,,,,,,,,,,,,,,,,,,,,,,,,,,,,,,,,,,TN,TN
autoland,4767314,1,247a31fb40b3ac0b152bd3554743d742a3892fe3,linux1804-64-shippable-qr,True,False,,,102210fe594ee9b33d82058545b1ed14f4c8206e,id-getter-5.html,perf_reftest_singletons,True,perf_reftest_singletons id-getter-5.html opt e10s fission stylo webrender,4767299,77,ms,firefox,452760891.0,1866069151,2024-03-29 00:03:22,505.26,28b4eaeb70285be21ee6612c4e891e41c7949b68,1400956,,,,,,,,,,,,,,,,,,,,,,,,,,,,,,,,,,,,,,,,,,,,,,,,,,,,,,,,,,,,,TN,TN
autoland,4767314,1,247a31fb40b3ac0b152bd3554743d742a3892fe3,linux1804-64-shippable-qr,True,False,,,102210fe594ee9b33d82058545b1ed14f4c8206e,id-getter-5.html,perf_reftest_singletons,True,perf_reftest_singletons id-getter-5.html opt e10s fission stylo webrender,4767299,77,ms,firefox,452776316.0,1866154237,2024-03-29 04:27:46,514.09,4120fb3d12f57159ca2e6809f555312e00adda5d,1401028,,,,,,,,,,,,,,,,,,,,,,,,,,,,,,,,,,,,,,,,,,,,,,,,,,,,,,,,,,,,,TN,TN
autoland,4767314,1,247a31fb40b3ac0b152bd3554743d742a3892fe3,linux1804-64-shippable-qr,True,False,,,102210fe594ee9b33d82058545b1ed14f4c8206e,id-getter-5.html,perf_reftest_singletons,True,perf_reftest_singletons id-getter-5.html opt e10s fission stylo webrender,4767299,77,ms,firefox,452829772.0,1866364488,2024-03-29 12:22:16,526.79,39124d8575b2fb025ca7fd37b91e052f28e88e67,1401116,,,,,,,,,,,,,,,,,,,,,,,,,,,,,,,,,,,,,,,,,,,,,,,,,,,,,,,,,,,,,TN,TN
autoland,4767314,1,247a31fb40b3ac0b152bd3554743d742a3892fe3,linux1804-64-shippable-qr,True,False,,,102210fe594ee9b33d82058545b1ed14f4c8206e,id-getter-5.html,perf_reftest_singletons,True,perf_reftest_singletons id-getter-5.html opt e10s fission stylo webrender,4767299,77,ms,firefox,452852542.0,1866425340,2024-03-29 16:11:04,496.94,33becba24b3c497daf0c1180e5c659ed3cc9028c,1401211,,,,,,,,,,,,,,,,,,,,,,,,,,,,,,,,,,,,,,,,,,,,,,,,,,,,,,,,,,,,,TN,TN
autoland,4767314,1,247a31fb40b3ac0b152bd3554743d742a3892fe3,linux1804-64-shippable-qr,True,False,,,102210fe594ee9b33d82058545b1ed14f4c8206e,id-getter-5.html,perf_reftest_singletons,True,perf_reftest_singletons id-getter-5.html opt e10s fission stylo webrender,4767299,77,ms,firefox,452881134.0,1866560136,2024-03-29 20:24:43,312.84000000000003,dd4f0b5931701d3aa7f7ed94fd3ba8c45816316c,1401326,,,,,,,,,,,,,,,,,,,,,,,,,,,,,,,,,,,,,,,,,,,,,,,,,,,,,,,,,,,,,TN,TN
autoland,4767314,1,247a31fb40b3ac0b152bd3554743d742a3892fe3,linux1804-64-shippable-qr,True,False,,,102210fe594ee9b33d82058545b1ed14f4c8206e,id-getter-5.html,perf_reftest_singletons,True,perf_reftest_singletons id-getter-5.html opt e10s fission stylo webrender,4767299,77,ms,firefox,452901164.0,1866680481,2024-03-30 04:38:25,493.86,2fe1ab05c8fa00d73df88b20df9bc87301a46d46,1401437,,,,,,,,,,,,,,,,,,,,,,,,,,,,,,,,,,,,,,,,,,,,,,,,,,,,,,,,,,,,,TN,TN
autoland,4767314,1,247a31fb40b3ac0b152bd3554743d742a3892fe3,linux1804-64-shippable-qr,True,False,,,102210fe594ee9b33d82058545b1ed14f4c8206e,id-getter-5.html,perf_reftest_singletons,True,perf_reftest_singletons id-getter-5.html opt e10s fission stylo webrender,4767299,77,ms,firefox,452909020.0,1866711719,2024-03-30 08:43:08,478.91,3e1a0031f44e72f557f0ec79cf8423168b952d80,1401445,,,,,,,,,,,,,,,,,,,,,,,,,,,,,,,,,,,,,,,,,,,,,,,,,,,,,,,,,,,,,TN,TN
autoland,4767314,1,247a31fb40b3ac0b152bd3554743d742a3892fe3,linux1804-64-shippable-qr,True,False,,,102210fe594ee9b33d82058545b1ed14f4c8206e,id-getter-5.html,perf_reftest_singletons,True,perf_reftest_singletons id-getter-5.html opt e10s fission stylo webrender,4767299,77,ms,firefox,452933724.0,1866811094,2024-03-30 16:23:17,495.42,dea770591ed30035f88966bbf45cbbcc6557cdcc,1401476,,,,,,,,,,,,,,,,,,,,,,,,,,,,,,,,,,,,,,,,,,,,,,,,,,,,,,,,,,,,,TN,TN
autoland,4767314,1,247a31fb40b3ac0b152bd3554743d742a3892fe3,linux1804-64-shippable-qr,True,False,,,102210fe594ee9b33d82058545b1ed14f4c8206e,id-getter-5.html,perf_reftest_singletons,True,perf_reftest_singletons id-getter-5.html opt e10s fission stylo webrender,4767299,77,ms,firefox,452939223.0,1866832346,2024-03-30 17:37:54,482.7,d7916bbe3cb4118dd9464ef3af064b13b3b0d0c4,1401479,,,,,,,,,,,,,,,,,,,,,,,,,,,,,,,,,,,,,,,,,,,,,,,,,,,,,,,,,,,,,TN,TN
autoland,4767314,1,247a31fb40b3ac0b152bd3554743d742a3892fe3,linux1804-64-shippable-qr,True,False,,,102210fe594ee9b33d82058545b1ed14f4c8206e,id-getter-5.html,perf_reftest_singletons,True,perf_reftest_singletons id-getter-5.html opt e10s fission stylo webrender,4767299,77,ms,firefox,452966618.0,1866926492,2024-03-31 07:04:36,493.52,579426b2f39c365731042d79d87533ac3f616461,1401509,,,,,,,,,,,,,,,,,,,,,,,,,,,,,,,,,,,,,,,,,,,,,,,,,,,,,,,,,,,,,TN,TN
autoland,4767314,1,247a31fb40b3ac0b152bd3554743d742a3892fe3,linux1804-64-shippable-qr,True,False,,,102210fe594ee9b33d82058545b1ed14f4c8206e,id-getter-5.html,perf_reftest_singletons,True,perf_reftest_singletons id-getter-5.html opt e10s fission stylo webrender,4767299,77,ms,firefox,452990201.0,1867019427,2024-03-31 14:47:20,506.48,dfc3fd176c4fcd62b5a28dcfedea3c509f24ebf5,1401533,,,,,,,,,,,,,,,,,,,,,,,,,,,,,,,,,,,,,,,,,,,,,,,,,,,,,,,,,,,,,TN,TN
autoland,4767314,1,247a31fb40b3ac0b152bd3554743d742a3892fe3,linux1804-64-shippable-qr,True,False,,,102210fe594ee9b33d82058545b1ed14f4c8206e,id-getter-5.html,perf_reftest_singletons,True,perf_reftest_singletons id-getter-5.html opt e10s fission stylo webrender,4767299,77,ms,firefox,452993793.0,1867035030,2024-03-31 19:03:22,488.88,334eacacff83840ceed0bb2077c0a2a527e491a5,1401545,,,,,,,,,,,,,,,,,,,,,,,,,,,,,,,,,,,,,,,,,,,,,,,,,,,,,,,,,,,,,TN,TN
autoland,4767314,1,247a31fb40b3ac0b152bd3554743d742a3892fe3,linux1804-64-shippable-qr,True,False,,,102210fe594ee9b33d82058545b1ed14f4c8206e,id-getter-5.html,perf_reftest_singletons,True,perf_reftest_singletons id-getter-5.html opt e10s fission stylo webrender,4767299,77,ms,firefox,453014598.0,1867118834,2024-04-01 07:03:36,489.32,5d97e037b69610f99c35f4bbd65d27bafc5605fc,1401600,,,,,,,,,,,,,,,,,,,,,,,,,,,,,,,,,,,,,,,,,,,,,,,,,,,,,,,,,,,,,TN,TN
autoland,4767314,1,247a31fb40b3ac0b152bd3554743d742a3892fe3,linux1804-64-shippable-qr,True,False,,,102210fe594ee9b33d82058545b1ed14f4c8206e,id-getter-5.html,perf_reftest_singletons,True,perf_reftest_singletons id-getter-5.html opt e10s fission stylo webrender,4767299,77,ms,firefox,453039204.0,1867192662,2024-04-01 11:30:18,499.93,9546c05d8f57091e5d3e12129a49f11b8b027da7,1401661,,,,,,,,,,,,,,,,,,,,,,,,,,,,,,,,,,,,,,,,,,,,,,,,,,,,,,,,,,,,,TN,TN
autoland,4767314,1,247a31fb40b3ac0b152bd3554743d742a3892fe3,linux1804-64-shippable-qr,True,False,,,102210fe594ee9b33d82058545b1ed14f4c8206e,id-getter-5.html,perf_reftest_singletons,True,perf_reftest_singletons id-getter-5.html opt e10s fission stylo webrender,4767299,77,ms,firefox,453062386.0,1867240589,2024-04-01 13:16:41,493.53,26157b52a8c30d72d8e065cc4a8286633ee85b63,1401687,,,,,,,,,,,,,,,,,,,,,,,,,,,,,,,,,,,,,,,,,,,,,,,,,,,,,,,,,,,,,TN,TN
autoland,4767314,1,247a31fb40b3ac0b152bd3554743d742a3892fe3,linux1804-64-shippable-qr,True,False,,,102210fe594ee9b33d82058545b1ed14f4c8206e,id-getter-5.html,perf_reftest_singletons,True,perf_reftest_singletons id-getter-5.html opt e10s fission stylo webrender,4767299,77,ms,firefox,453086411.0,1867320502,2024-04-01 17:19:53,498.88,cdd16ab5df10333f1a1eb637ecf2692e15271d17,1401785,,,,,,,,,,,,,,,,,,,,,,,,,,,,,,,,,,,,,,,,,,,,,,,,,,,,,,,,,,,,,TN,TN
autoland,4767314,1,247a31fb40b3ac0b152bd3554743d742a3892fe3,linux1804-64-shippable-qr,True,False,,,102210fe594ee9b33d82058545b1ed14f4c8206e,id-getter-5.html,perf_reftest_singletons,True,perf_reftest_singletons id-getter-5.html opt e10s fission stylo webrender,4767299,77,ms,firefox,453092397.0,1867362956,2024-04-01 18:19:29,490.44,57354c5689ef8a5f598978d912570706445e1034,1401826,,,,,,,,,,,,,,,,,,,,,,,,,,,,,,,,,,,,,,,,,,,,,,,,,,,,,,,,,,,,,TN,TN
autoland,4767314,1,247a31fb40b3ac0b152bd3554743d742a3892fe3,linux1804-64-shippable-qr,True,False,,,102210fe594ee9b33d82058545b1ed14f4c8206e,id-getter-5.html,perf_reftest_singletons,True,perf_reftest_singletons id-getter-5.html opt e10s fission stylo webrender,4767299,77,ms,firefox,453132880.0,1867496838,2024-04-01 22:35:55,486.66,13111643fbf4557d26174a12b2cde1954182b0ab,1402004,,,,,,,,,,,,,,,,,,,,,,,,,,,,,,,,,,,,,,,,,,,,,,,,,,,,,,,,,,,,,TN,TN
autoland,4767314,1,247a31fb40b3ac0b152bd3554743d742a3892fe3,linux1804-64-shippable-qr,True,False,,,102210fe594ee9b33d82058545b1ed14f4c8206e,id-getter-5.html,perf_reftest_singletons,True,perf_reftest_singletons id-getter-5.html opt e10s fission stylo webrender,4767299,77,ms,firefox,453133340.0,1867522646,2024-04-01 22:39:43,500.02,e7ec5d35ae0d80f4a77b6705e1a393c637da672e,1402007,,,,,,,,,,,,,,,,,,,,,,,,,,,,,,,,,,,,,,,,,,,,,,,,,,,,,,,,,,,,,TN,TN
autoland,4767314,1,247a31fb40b3ac0b152bd3554743d742a3892fe3,linux1804-64-shippable-qr,True,False,,,102210fe594ee9b33d82058545b1ed14f4c8206e,id-getter-5.html,perf_reftest_singletons,True,perf_reftest_singletons id-getter-5.html opt e10s fission stylo webrender,4767299,77,ms,firefox,453147948.0,1867591490,2024-04-02 04:32:43,489.84,de086751acb845c252c37aab95a7e6b265df39a6,1402085,,,,,,,,,,,,,,,,,,,,,,,,,,,,,,,,,,,,,,,,,,,,,,,,,,,,,,,,,,,,,TN,TN
autoland,4767314,1,247a31fb40b3ac0b152bd3554743d742a3892fe3,linux1804-64-shippable-qr,True,False,,,102210fe594ee9b33d82058545b1ed14f4c8206e,id-getter-5.html,perf_reftest_singletons,True,perf_reftest_singletons id-getter-5.html opt e10s fission stylo webrender,4767299,77,ms,firefox,453170884.0,1867663812,2024-04-02 08:47:33,498.69000000000005,4df6842cb470c27ca949eaaa6d3a9b6b37d9c8fe,1402179,,,,,,,,,,,,,,,,,,,,,,,,,,,,,,,,,,,,,,,,,,,,,,,,,,,,,,,,,,,,,TN,TN
autoland,4767314,1,247a31fb40b3ac0b152bd3554743d742a3892fe3,linux1804-64-shippable-qr,True,False,,,102210fe594ee9b33d82058545b1ed14f4c8206e,id-getter-5.html,perf_reftest_singletons,True,perf_reftest_singletons id-getter-5.html opt e10s fission stylo webrender,4767299,77,ms,firefox,453171693.0,1867678039,2024-04-02 08:57:49,487.24,52bb75377d06cfb305446ca966c7526c9c9729c7,1402180,,,,,,,,,,,,,,,,,,,,,,,,,,,,,,,,,,,,,,,,,,,,,,,,,,,,,,,,,,,,,TN,TN
autoland,4767314,1,247a31fb40b3ac0b152bd3554743d742a3892fe3,linux1804-64-shippable-qr,True,False,,,102210fe594ee9b33d82058545b1ed14f4c8206e,id-getter-5.html,perf_reftest_singletons,True,perf_reftest_singletons id-getter-5.html opt e10s fission stylo webrender,4767299,77,ms,firefox,453212539.0,1867835021,2024-04-02 13:00:14,526.26,1eb7fb5dab3b7003052fa7fa8e85566bd5fa2a73,1402287,,,,,,,,,,,,,,,,,,,,,,,,,,,,,,,,,,,,,,,,,,,,,,,,,,,,,,,,,,,,,TN,TN
autoland,4767314,1,247a31fb40b3ac0b152bd3554743d742a3892fe3,linux1804-64-shippable-qr,True,False,,,102210fe594ee9b33d82058545b1ed14f4c8206e,id-getter-5.html,perf_reftest_singletons,True,perf_reftest_singletons id-getter-5.html opt e10s fission stylo webrender,4767299,77,ms,firefox,453216208.0,1867857247,2024-04-02 13:21:01,492.15,083657141f799bed9b0e401403d144e76c1f3c63,1402293,,,,,,,,,,,,,,,,,,,,,,,,,,,,,,,,,,,,,,,,,,,,,,,,,,,,,,,,,,,,,TN,TN
autoland,4767314,1,247a31fb40b3ac0b152bd3554743d742a3892fe3,linux1804-64-shippable-qr,True,False,,,102210fe594ee9b33d82058545b1ed14f4c8206e,id-getter-5.html,perf_reftest_singletons,True,perf_reftest_singletons id-getter-5.html opt e10s fission stylo webrender,4767299,77,ms,firefox,453239176.0,1867960153,2024-04-02 16:51:17,493.99,b1212fb9438edc5930a3e8228dd52ff3c068031c,1402473,,,,,,,,,,,,,,,,,,,,,,,,,,,,,,,,,,,,,,,,,,,,,,,,,,,,,,,,,,,,,TN,TN
autoland,4767314,1,247a31fb40b3ac0b152bd3554743d742a3892fe3,linux1804-64-shippable-qr,True,False,,,102210fe594ee9b33d82058545b1ed14f4c8206e,id-getter-5.html,perf_reftest_singletons,True,perf_reftest_singletons id-getter-5.html opt e10s fission stylo webrender,4767299,77,ms,firefox,453277331.0,1868095054,2024-04-02 20:58:38,480.29,96cda2b1a568a48c3d201417fa49e8fc852ef641,1402671,,,,,,,,,,,,,,,,,,,,,,,,,,,,,,,,,,,,,,,,,,,,,,,,,,,,,,,,,,,,,TN,TN
autoland,4767314,1,247a31fb40b3ac0b152bd3554743d742a3892fe3,linux1804-64-shippable-qr,True,False,,,102210fe594ee9b33d82058545b1ed14f4c8206e,id-getter-5.html,perf_reftest_singletons,True,perf_reftest_singletons id-getter-5.html opt e10s fission stylo webrender,4767299,77,ms,firefox,453583845.0,1869285202,2024-04-02 21:10:21,497.7,6f9841ff84024f6902b507d712ba51e1c99690dd,1402693,,,,,,,,,,,,,,,,,,,,,,,,,,,,,,,,,,,,,,,,,,,,,,,,,,,,,,,,,,,,,TN,TN
autoland,4767314,1,247a31fb40b3ac0b152bd3554743d742a3892fe3,linux1804-64-shippable-qr,True,False,,,102210fe594ee9b33d82058545b1ed14f4c8206e,id-getter-5.html,perf_reftest_singletons,True,perf_reftest_singletons id-getter-5.html opt e10s fission stylo webrender,4767299,77,ms,firefox,453583849.0,1869285250,2024-04-02 21:11:08,498.88,af163918fc004caebd579a94d5c88120181b6789,1402695,,,,,,,,,,,,,,,,,,,,,,,,,,,,,,,,,,,,,,,,,,,,,,,,,,,,,,,,,,,,,TN,TN
autoland,4767314,1,247a31fb40b3ac0b152bd3554743d742a3892fe3,linux1804-64-shippable-qr,True,False,,,102210fe594ee9b33d82058545b1ed14f4c8206e,id-getter-5.html,perf_reftest_singletons,True,perf_reftest_singletons id-getter-5.html opt e10s fission stylo webrender,4767299,77,ms,firefox,453583850.0,1869285300,2024-04-02 21:32:06,495.81,119c9d89a724832a40fdeb112526df180aba7cf3,1402709,,,,,,,,,,,,,,,,,,,,,,,,,,,,,,,,,,,,,,,,,,,,,,,,,,,,,,,,,,,,,TN,TN
autoland,4767314,1,247a31fb40b3ac0b152bd3554743d742a3892fe3,linux1804-64-shippable-qr,True,False,,,102210fe594ee9b33d82058545b1ed14f4c8206e,id-getter-5.html,perf_reftest_singletons,True,perf_reftest_singletons id-getter-5.html opt e10s fission stylo webrender,4767299,77,ms,firefox,453583854.0,1869285341,2024-04-02 22:19:36,497.62,bb9a9cea70eec82032e38c6282bd02229d8fccc4,1402731,,,,,,,,,,,,,,,,,,,,,,,,,,,,,,,,,,,,,,,,,,,,,,,,,,,,,,,,,,,,,TN,TN
autoland,4767314,1,247a31fb40b3ac0b152bd3554743d742a3892fe3,linux1804-64-shippable-qr,True,False,,,102210fe594ee9b33d82058545b1ed14f4c8206e,id-getter-5.html,perf_reftest_singletons,True,perf_reftest_singletons id-getter-5.html opt e10s fission stylo webrender,4767299,77,ms,firefox,453583855.0,1869285375,2024-04-02 23:09:27,494.11,8c15d92df3764e442b1c7a5ce2f467cc755c9cd6,1402753,,,,,,,,,,,,,,,,,,,,,,,,,,,,,,,,,,,,,,,,,,,,,,,,,,,,,,,,,,,,,TN,TN
autoland,4767314,1,247a31fb40b3ac0b152bd3554743d742a3892fe3,linux1804-64-shippable-qr,True,False,,,102210fe594ee9b33d82058545b1ed14f4c8206e,id-getter-5.html,perf_reftest_singletons,True,perf_reftest_singletons id-getter-5.html opt e10s fission stylo webrender,4767299,77,ms,firefox,453583856.0,1869285427,2024-04-02 23:10:12,490.68000000000006,9da51301ecf5fe53457d924fcbbb599cad2c1d95,1402754,,,,,,,,,,,,,,,,,,,,,,,,,,,,,,,,,,,,,,,,,,,,,,,,,,,,,,,,,,,,,TN,TN
autoland,4767314,1,247a31fb40b3ac0b152bd3554743d742a3892fe3,linux1804-64-shippable-qr,True,False,,,102210fe594ee9b33d82058545b1ed14f4c8206e,id-getter-5.html,perf_reftest_singletons,True,perf_reftest_singletons id-getter-5.html opt e10s fission stylo webrender,4767299,77,ms,firefox,453583860.0,1869285475,2024-04-02 23:11:00,484.54,fd04ed4957e11ecca6dfefffa5c3ee5510c6a251,1402755,,,,,,,,,,,,,,,,,,,,,,,,,,,,,,,,,,,,,,,,,,,,,,,,,,,,,,,,,,,,,TN,TN
autoland,4767314,1,247a31fb40b3ac0b152bd3554743d742a3892fe3,linux1804-64-shippable-qr,True,False,,,102210fe594ee9b33d82058545b1ed14f4c8206e,id-getter-5.html,perf_reftest_singletons,True,perf_reftest_singletons id-getter-5.html opt e10s fission stylo webrender,4767299,77,ms,firefox,453583861.0,1869285560,2024-04-02 23:11:47,483.18,11a2a913307918660d49e72a59dfba354b942d41,1402756,,,,,,,,,,,,,,,,,,,,,,,,,,,,,,,,,,,,,,,,,,,,,,,,,,,,,,,,,,,,,TN,TN
autoland,4767314,1,247a31fb40b3ac0b152bd3554743d742a3892fe3,linux1804-64-shippable-qr,True,False,,,102210fe594ee9b33d82058545b1ed14f4c8206e,id-getter-5.html,perf_reftest_singletons,True,perf_reftest_singletons id-getter-5.html opt e10s fission stylo webrender,4767299,77,ms,firefox,453583873.0,1869285963,2024-04-02 23:12:38,486.8200000000001,dec3e6cf26edf4a4eb5bde44faf140a81e160fe1,1402757,,,,,,,,,,,,,,,,,,,,,,,,,,,,,,,,,,,,,,,,,,,,,,,,,,,,,,,,,,,,,TN,TN
autoland,4767314,1,247a31fb40b3ac0b152bd3554743d742a3892fe3,linux1804-64-shippable-qr,True,False,,,102210fe594ee9b33d82058545b1ed14f4c8206e,id-getter-5.html,perf_reftest_singletons,True,perf_reftest_singletons id-getter-5.html opt e10s fission stylo webrender,4767299,77,ms,firefox,453278164.0,1868100704,2024-04-02 23:14:01,495.94,bfdc9733f80bab4558cf720975c00e2658b9b8c0,1402759,,,,,,,,,,,,,,,,,,,,,,,,,,,,,,,,,,,,,,,,,,,,,,,,,,,,,,,,,,,,,TN,TN
autoland,4767314,1,247a31fb40b3ac0b152bd3554743d742a3892fe3,linux1804-64-shippable-qr,True,False,,,102210fe594ee9b33d82058545b1ed14f4c8206e,id-getter-5.html,perf_reftest_singletons,True,perf_reftest_singletons id-getter-5.html opt e10s fission stylo webrender,4767299,77,ms,firefox,454067423.0,1871328543,2024-04-02 23:14:01,495.35,bfdc9733f80bab4558cf720975c00e2658b9b8c0,1402759,,,,,,,,,,,,,,,,,,,,,,,,,,,,,,,,,,,,,,,,,,,,,,,,,,,,,,,,,,,,,TN,TN
autoland,4767314,1,247a31fb40b3ac0b152bd3554743d742a3892fe3,linux1804-64-shippable-qr,True,False,,,102210fe594ee9b33d82058545b1ed14f4c8206e,id-getter-5.html,perf_reftest_singletons,True,perf_reftest_singletons id-getter-5.html opt e10s fission stylo webrender,4767299,77,ms,firefox,454067424.0,1871328716,2024-04-02 23:14:01,505.97,bfdc9733f80bab4558cf720975c00e2658b9b8c0,1402759,,,,,,,,,,,,,,,,,,,,,,,,,,,,,,,,,,,,,,,,,,,,,,,,,,,,,,,,,,,,,TN,TN
autoland,4767314,1,247a31fb40b3ac0b152bd3554743d742a3892fe3,linux1804-64-shippable-qr,True,False,,,102210fe594ee9b33d82058545b1ed14f4c8206e,id-getter-5.html,perf_reftest_singletons,True,perf_reftest_singletons id-getter-5.html opt e10s fission stylo webrender,4767299,77,ms,firefox,454018426.0,1871113792,2024-04-02 23:15:05,498.42,068df8e3c3c62901904949445b96c30d898fc7b7,1402760,,,,,,,,,,,,,,,,,,,,,,,,,,,,,,,,,,,,,,,,,,,,,,,,,,,,,,,,,,,,,TN,TN
autoland,4767314,1,247a31fb40b3ac0b152bd3554743d742a3892fe3,linux1804-64-shippable-qr,True,False,,,102210fe594ee9b33d82058545b1ed14f4c8206e,id-getter-5.html,perf_reftest_singletons,True,perf_reftest_singletons id-getter-5.html opt e10s fission stylo webrender,4767299,77,ms,firefox,454067421.0,1871328616,2024-04-02 23:15:05,499.69,068df8e3c3c62901904949445b96c30d898fc7b7,1402760,,,,,,,,,,,,,,,,,,,,,,,,,,,,,,,,,,,,,,,,,,,,,,,,,,,,,,,,,,,,,TN,TN
autoland,4767314,1,247a31fb40b3ac0b152bd3554743d742a3892fe3,linux1804-64-shippable-qr,True,False,,,102210fe594ee9b33d82058545b1ed14f4c8206e,id-getter-5.html,perf_reftest_singletons,True,perf_reftest_singletons id-getter-5.html opt e10s fission stylo webrender,4767299,77,ms,firefox,454067422.0,1871328657,2024-04-02 23:15:05,522.05,068df8e3c3c62901904949445b96c30d898fc7b7,1402760,,,,,,,,,,,,,,,,,,,,,,,,,,,,,,,,,,,,,,,,,,,,,,,,,,,,,,,,,,,,,TN,TN
autoland,4767314,1,247a31fb40b3ac0b152bd3554743d742a3892fe3,linux1804-64-shippable-qr,True,False,,,102210fe594ee9b33d82058545b1ed14f4c8206e,id-getter-5.html,perf_reftest_singletons,True,perf_reftest_singletons id-getter-5.html opt e10s fission stylo webrender,4767299,77,ms,firefox,454010235.0,1871031173,2024-04-02 23:19:22,486.19,0aeec3a467c82574d91641869d4ed02088e4037b,1402761,,,,,,,,,,,,,,,,,,,,,,,,,,,,,,,,,,,,,,,,,,,,,,,,,,,,,,,,,,,,,TN,TN
autoland,4767314,1,247a31fb40b3ac0b152bd3554743d742a3892fe3,linux1804-64-shippable-qr,True,False,,,102210fe594ee9b33d82058545b1ed14f4c8206e,id-getter-5.html,perf_reftest_singletons,True,perf_reftest_singletons id-getter-5.html opt e10s fission stylo webrender,4767299,77,ms,firefox,454018054.0,1871112516,2024-04-02 23:20:33,535.06,a16d104e6d045c7272f48498714a160f81ff4f34,1402762,,,,,,,,,,,,,,,,,,,,,,,,,,,,,,,,,,,,,,,,,,,,,,,,,,,,,,,,,,,,,TN,TN
autoland,4767314,1,247a31fb40b3ac0b152bd3554743d742a3892fe3,linux1804-64-shippable-qr,True,False,,,102210fe594ee9b33d82058545b1ed14f4c8206e,id-getter-5.html,perf_reftest_singletons,True,perf_reftest_singletons id-getter-5.html opt e10s fission stylo webrender,4767299,77,ms,firefox,454018049.0,1871112374,2024-04-02 23:21:33,502.69,eaf0dea19b8c64045c04836fffbeac3e400ab879,1402763,,,,,,,,,,,,,,,,,,,,,,,,,,,,,,,,,,,,,,,,,,,,,,,,,,,,,,,,,,,,,TN,TN
autoland,4767314,1,247a31fb40b3ac0b152bd3554743d742a3892fe3,linux1804-64-shippable-qr,True,False,,,102210fe594ee9b33d82058545b1ed14f4c8206e,id-getter-5.html,perf_reftest_singletons,True,perf_reftest_singletons id-getter-5.html opt e10s fission stylo webrender,4767299,77,ms,firefox,454018545.0,1871114441,2024-04-02 23:22:30,482.2000000000001,e17c74462b8520ea8311bddcb7ebb31402b15d72,1402764,,,,,,,,,,,,,,,,,,,,,,,,,,,,,,,,,,,,,,,,,,,,,,,,,,,,,,,,,,,,,TN,TN
autoland,4767314,1,247a31fb40b3ac0b152bd3554743d742a3892fe3,linux1804-64-shippable-qr,True,False,,,102210fe594ee9b33d82058545b1ed14f4c8206e,id-getter-5.html,perf_reftest_singletons,True,perf_reftest_singletons id-getter-5.html opt e10s fission stylo webrender,4767299,77,ms,firefox,454018163.0,1871113188,2024-04-02 23:23:22,503.14,cb6e154aa766c71c1625b91f6c8b595331b7f5b1,1402765,,,,,,,,,,,,,,,,,,,,,,,,,,,,,,,,,,,,,,,,,,,,,,,,,,,,,,,,,,,,,TN,TN
autoland,4767314,1,247a31fb40b3ac0b152bd3554743d742a3892fe3,linux1804-64-shippable-qr,True,False,,,102210fe594ee9b33d82058545b1ed14f4c8206e,id-getter-5.html,perf_reftest_singletons,True,perf_reftest_singletons id-getter-5.html opt e10s fission stylo webrender,4767299,77,ms,firefox,454018060.0,1871112575,2024-04-02 23:24:12,493.05,5650bc8754c178c3d6993906fada33f994a3194f,1402768,,,,,,,,,,,,,,,,,,,,,,,,,,,,,,,,,,,,,,,,,,,,,,,,,,,,,,,,,,,,,TN,TN
autoland,4767314,1,247a31fb40b3ac0b152bd3554743d742a3892fe3,linux1804-64-shippable-qr,True,False,,,102210fe594ee9b33d82058545b1ed14f4c8206e,id-getter-5.html,perf_reftest_singletons,True,perf_reftest_singletons id-getter-5.html opt e10s fission stylo webrender,4767299,77,ms,firefox,454020899.0,1871143963,2024-04-03 00:19:07,491.02,d28577676cc02680a604cf2de31f431ba4c05c00,1402791,,,,,,,,,,,,,,,,,,,,,,,,,,,,,,,,,,,,,,,,,,,,,,,,,,,,,,,,,,,,,TN,TN
autoland,4767314,1,247a31fb40b3ac0b152bd3554743d742a3892fe3,linux1804-64-shippable-qr,True,False,,,102210fe594ee9b33d82058545b1ed14f4c8206e,id-getter-5.html,perf_reftest_singletons,True,perf_reftest_singletons id-getter-5.html opt e10s fission stylo webrender,4767299,77,ms,firefox,454018429.0,1871114052,2024-04-03 01:03:44,535.73,af3bf988c2110b90af2382338f20854cb6754ded,1402804,,,,,,,,,,,,,,,,,,,,,,,,,,,,,,,,,,,,,,,,,,,,,,,,,,,,,,,,,,,,,TN,TN
autoland,4767314,1,247a31fb40b3ac0b152bd3554743d742a3892fe3,linux1804-64-shippable-qr,True,False,,,102210fe594ee9b33d82058545b1ed14f4c8206e,id-getter-5.html,perf_reftest_singletons,True,perf_reftest_singletons id-getter-5.html opt e10s fission stylo webrender,4767299,77,ms,firefox,454018448.0,1871114286,2024-04-03 01:14:13,510.36,3e5ef1f2a0aebb8d425c75fa666ba8b627cc8c4e,1402806,,,,,,,,,,,,,,,,,,,,,,,,,,,,,,,,,,,,,,,,,,,,,,,,,,,,,,,,,,,,,TN,TN
autoland,4767314,1,247a31fb40b3ac0b152bd3554743d742a3892fe3,linux1804-64-shippable-qr,True,False,,,102210fe594ee9b33d82058545b1ed14f4c8206e,id-getter-5.html,perf_reftest_singletons,True,perf_reftest_singletons id-getter-5.html opt e10s fission stylo webrender,4767299,77,ms,firefox,453585101.0,1869309287,2024-04-03 01:14:58,496.82,dbafcdbdc1996747d117ff53189d46b1f997dd07,1402807,,,,,,,,,,,,,,,,,,,,,,,,,,,,,,,,,,,,,,,,,,,,,,,,,,,,,,,,,,,,,TN,TN
autoland,4767314,1,247a31fb40b3ac0b152bd3554743d742a3892fe3,linux1804-64-shippable-qr,True,False,,,102210fe594ee9b33d82058545b1ed14f4c8206e,id-getter-5.html,perf_reftest_singletons,True,perf_reftest_singletons id-getter-5.html opt e10s fission stylo webrender,4767299,77,ms,firefox,453583846.0,1869285158,2024-04-03 01:15:49,503.52,75aa5cba171a565ee241c3f83c97bc9e633c5969,1402808,,,,,,,,,,,,,,,,,,,,,,,,,,,,,,,,,,,,,,,,,,,,,,,,,,,,,,,,,,,,,TN,TN
autoland,4767314,1,247a31fb40b3ac0b152bd3554743d742a3892fe3,linux1804-64-shippable-qr,True,False,,,102210fe594ee9b33d82058545b1ed14f4c8206e,id-getter-5.html,perf_reftest_singletons,True,perf_reftest_singletons id-getter-5.html opt e10s fission stylo webrender,4767299,77,ms,firefox,453585058.0,1869308753,2024-04-03 01:16:35,544.44,386668d7841f38ced72afa0377cb253285d1937e,1402809,,,,,,,,,,,,,,,,,,,,,,,,,,,,,,,,,,,,,,,,,,,,,,,,,,,,,,,,,,,,,TN,TN
autoland,4767314,1,247a31fb40b3ac0b152bd3554743d742a3892fe3,linux1804-64-shippable-qr,True,False,,,102210fe594ee9b33d82058545b1ed14f4c8206e,id-getter-5.html,perf_reftest_singletons,True,perf_reftest_singletons id-getter-5.html opt e10s fission stylo webrender,4767299,77,ms,firefox,453585059.0,1869308688,2024-04-03 01:16:35,509.16,386668d7841f38ced72afa0377cb253285d1937e,1402809,,,,,,,,,,,,,,,,,,,,,,,,,,,,,,,,,,,,,,,,,,,,,,,,,,,,,,,,,,,,,TN,TN
autoland,4767314,1,247a31fb40b3ac0b152bd3554743d742a3892fe3,linux1804-64-shippable-qr,True,False,,,102210fe594ee9b33d82058545b1ed14f4c8206e,id-getter-5.html,perf_reftest_singletons,True,perf_reftest_singletons id-getter-5.html opt e10s fission stylo webrender,4767299,77,ms,firefox,453585044.0,1869307562,2024-04-03 01:18:18,512.0999999999999,2dd2d24044af0a4a84da92087ec839d5df0144b9,1402812,,,,,,,,,,,,,,,,,,,,,,,,,,,,,,,,,,,,,,,,,,,,,,,,,,,,,,,,,,,,,TN,TN
autoland,4767314,1,247a31fb40b3ac0b152bd3554743d742a3892fe3,linux1804-64-shippable-qr,True,False,,,102210fe594ee9b33d82058545b1ed14f4c8206e,id-getter-5.html,perf_reftest_singletons,True,perf_reftest_singletons id-getter-5.html opt e10s fission stylo webrender,4767299,77,ms,firefox,453585046.0,1869307521,2024-04-03 01:18:18,501.41,2dd2d24044af0a4a84da92087ec839d5df0144b9,1402812,,,,,,,,,,,,,,,,,,,,,,,,,,,,,,,,,,,,,,,,,,,,,,,,,,,,,,,,,,,,,TN,TN
autoland,4767314,1,247a31fb40b3ac0b152bd3554743d742a3892fe3,linux1804-64-shippable-qr,True,False,,,102210fe594ee9b33d82058545b1ed14f4c8206e,id-getter-5.html,perf_reftest_singletons,True,perf_reftest_singletons id-getter-5.html opt e10s fission stylo webrender,4767299,77,ms,firefox,453585036.0,1869306874,2024-04-03 01:19:11,501.0,4309f2a913e6c3a906fbb29055fb527c6d3d8d28,1402813,,,,,,,,,,,,,,,,,,,,,,,,,,,,,,,,,,,,,,,,,,,,,,,,,,,,,,,,,,,,,TN,TN
autoland,4767314,1,247a31fb40b3ac0b152bd3554743d742a3892fe3,linux1804-64-shippable-qr,True,False,,,102210fe594ee9b33d82058545b1ed14f4c8206e,id-getter-5.html,perf_reftest_singletons,True,perf_reftest_singletons id-getter-5.html opt e10s fission stylo webrender,4767299,77,ms,firefox,453585037.0,1869306833,2024-04-03 01:19:11,510.12,4309f2a913e6c3a906fbb29055fb527c6d3d8d28,1402813,,,,,,,,,,,,,,,,,,,,,,,,,,,,,,,,,,,,,,,,,,,,,,,,,,,,,,,,,,,,,TN,TN
autoland,4767314,1,247a31fb40b3ac0b152bd3554743d742a3892fe3,linux1804-64-shippable-qr,True,False,,,102210fe594ee9b33d82058545b1ed14f4c8206e,id-getter-5.html,perf_reftest_singletons,True,perf_reftest_singletons id-getter-5.html opt e10s fission stylo webrender,4767299,77,ms,firefox,453585031.0,1869306630,2024-04-03 01:20:01,485.23,34fed40733d6ab78c169f478dcd389a4ba291acc,1402816,,,,,,,,,,,,,,,,,,,,,,,,,,,,,,,,,,,,,,,,,,,,,,,,,,,,,,,,,,,,,TN,TN
autoland,4767314,1,247a31fb40b3ac0b152bd3554743d742a3892fe3,linux1804-64-shippable-qr,True,False,,,102210fe594ee9b33d82058545b1ed14f4c8206e,id-getter-5.html,perf_reftest_singletons,True,perf_reftest_singletons id-getter-5.html opt e10s fission stylo webrender,4767299,77,ms,firefox,453584839.0,1869302458,2024-04-03 01:20:52,493.16,0fa59911dabce912edb75bbebd1645b249a8e760,1402817,,,,,,,,,,,,,,,,,,,,,,,,,,,,,,,,,,,,,,,,,,,,,,,,,,,,,,,,,,,,,TN,TN
autoland,4767314,1,247a31fb40b3ac0b152bd3554743d742a3892fe3,linux1804-64-shippable-qr,True,False,,,102210fe594ee9b33d82058545b1ed14f4c8206e,id-getter-5.html,perf_reftest_singletons,True,perf_reftest_singletons id-getter-5.html opt e10s fission stylo webrender,4767299,77,ms,firefox,453584842.0,1869302470,2024-04-03 01:20:52,486.5999999999999,0fa59911dabce912edb75bbebd1645b249a8e760,1402817,,,,,,,,,,,,,,,,,,,,,,,,,,,,,,,,,,,,,,,,,,,,,,,,,,,,,,,,,,,,,TN,TN
autoland,4767314,1,247a31fb40b3ac0b152bd3554743d742a3892fe3,linux1804-64-shippable-qr,True,False,,,102210fe594ee9b33d82058545b1ed14f4c8206e,id-getter-5.html,perf_reftest_singletons,True,perf_reftest_singletons id-getter-5.html opt e10s fission stylo webrender,4767299,77,ms,firefox,453585054.0,1869308151,2024-04-03 01:22:40,501.8399999999999,4068d7c5176f54e8d2bdbdb42c8f05c24b35e9ed,1402822,,,,,,,,,,,,,,,,,,,,,,,,,,,,,,,,,,,,,,,,,,,,,,,,,,,,,,,,,,,,,TN,TN
autoland,4767314,1,247a31fb40b3ac0b152bd3554743d742a3892fe3,linux1804-64-shippable-qr,True,False,,,102210fe594ee9b33d82058545b1ed14f4c8206e,id-getter-5.html,perf_reftest_singletons,True,perf_reftest_singletons id-getter-5.html opt e10s fission stylo webrender,4767299,77,ms,firefox,453585057.0,1869308215,2024-04-03 01:22:40,497.53,4068d7c5176f54e8d2bdbdb42c8f05c24b35e9ed,1402822,,,,,,,,,,,,,,,,,,,,,,,,,,,,,,,,,,,,,,,,,,,,,,,,,,,,,,,,,,,,,TN,TN
autoland,4767314,1,247a31fb40b3ac0b152bd3554743d742a3892fe3,linux1804-64-shippable-qr,True,False,,,102210fe594ee9b33d82058545b1ed14f4c8206e,id-getter-5.html,perf_reftest_singletons,True,perf_reftest_singletons id-getter-5.html opt e10s fission stylo webrender,4767299,77,ms,firefox,453285147.0,1868134807,2024-04-03 02:01:46,495.16,e9a6b1d9b2360abbda7261a5e023f1fdfaf1fbc4,1402833,,,,,,,,,,,,,,,,,,,,,,,,,,,,,,,,,,,,,,,,,,,,,,,,,,,,,,,,,,,,,TN,TN
autoland,4767314,1,247a31fb40b3ac0b152bd3554743d742a3892fe3,linux1804-64-shippable-qr,True,False,,,102210fe594ee9b33d82058545b1ed14f4c8206e,id-getter-5.html,perf_reftest_singletons,True,perf_reftest_singletons id-getter-5.html opt e10s fission stylo webrender,4767299,77,ms,firefox,453585103.0,1869309328,2024-04-03 03:16:51,486.93,83579604a31a226852a727013ed15aa2c5600c30,1402856,,,,,,,,,,,,,,,,,,,,,,,,,,,,,,,,,,,,,,,,,,,,,,,,,,,,,,,,,,,,,TN,TN
autoland,4767314,1,247a31fb40b3ac0b152bd3554743d742a3892fe3,linux1804-64-shippable-qr,True,False,,,102210fe594ee9b33d82058545b1ed14f4c8206e,id-getter-5.html,perf_reftest_singletons,True,perf_reftest_singletons id-getter-5.html opt e10s fission stylo webrender,4767299,77,ms,firefox,453301801.0,1868220121,2024-04-03 06:21:18,491.67,c720e2e99bf375c24b09c0a1415f15ba911c56ce,1402898,,,,,,,,,,,,,,,,,,,,,,,,,,,,,,,,,,,,,,,,,,,,,,,,,,,,,,,,,,,,,TN,TN
autoland,4767314,1,247a31fb40b3ac0b152bd3554743d742a3892fe3,linux1804-64-shippable-qr,True,False,,,102210fe594ee9b33d82058545b1ed14f4c8206e,id-getter-5.html,perf_reftest_singletons,True,perf_reftest_singletons id-getter-5.html opt e10s fission stylo webrender,4767299,77,ms,firefox,453585048.0,1869307749,2024-04-03 07:04:11,524.72,bae65b7eeefe64abd585390407fb45973c539eed,1402919,,,,,,,,,,,,,,,,,,,,,,,,,,,,,,,,,,,,,,,,,,,,,,,,,,,,,,,,,,,,,TN,TN
autoland,4767314,1,247a31fb40b3ac0b152bd3554743d742a3892fe3,linux1804-64-shippable-qr,True,False,,,102210fe594ee9b33d82058545b1ed14f4c8206e,id-getter-5.html,perf_reftest_singletons,True,perf_reftest_singletons id-getter-5.html opt e10s fission stylo webrender,4767299,77,ms,firefox,453585051.0,1869307999,2024-04-03 07:54:33,503.12,5e35b6912ba6625b9f1e67ae367ed6c25d24cca6,1402932,,,,,,,,,,,,,,,,,,,,,,,,,,,,,,,,,,,,,,,,,,,,,,,,,,,,,,,,,,,,,TN,TN
autoland,4767314,1,247a31fb40b3ac0b152bd3554743d742a3892fe3,linux1804-64-shippable-qr,True,False,,,102210fe594ee9b33d82058545b1ed14f4c8206e,id-getter-5.html,perf_reftest_singletons,True,perf_reftest_singletons id-getter-5.html opt e10s fission stylo webrender,4767299,77,ms,firefox,453585062.0,1869308938,2024-04-03 07:55:19,493.48,2129b0036dabeb674bd6cfa8370ec3ce6d94444e,1402934,,,,,,,,,,,,,,,,,,,,,,,,,,,,,,,,,,,,,,,,,,,,,,,,,,,,,,,,,,,,,TN,TN
autoland,4767314,1,247a31fb40b3ac0b152bd3554743d742a3892fe3,linux1804-64-shippable-qr,True,False,,,102210fe594ee9b33d82058545b1ed14f4c8206e,id-getter-5.html,perf_reftest_singletons,True,perf_reftest_singletons id-getter-5.html opt e10s fission stylo webrender,4767299,77,ms,firefox,453585107.0,1869309420,2024-04-03 07:57:20,483.73,d07aab503b871d20c9602a59523d363966ca40ab,1402938,,,,,,,,,,,,,,,,,,,,,,,,,,,,,,,,,,,,,,,,,,,,,,,,,,,,,,,,,,,,,TN,TN
autoland,4767314,1,247a31fb40b3ac0b152bd3554743d742a3892fe3,linux1804-64-shippable-qr,True,False,,,102210fe594ee9b33d82058545b1ed14f4c8206e,id-getter-5.html,perf_reftest_singletons,True,perf_reftest_singletons id-getter-5.html opt e10s fission stylo webrender,4767299,77,ms,firefox,453585042.0,1869307432,2024-04-03 07:58:06,488.46,3187c4f491a82e90b79d32c6c8294e4e4df7c873,1402940,,,,,,,,,,,,,,,,,,,,,,,,,,,,,,,,,,,,,,,,,,,,,,,,,,,,,,,,,,,,,TN,TN
autoland,4767314,1,247a31fb40b3ac0b152bd3554743d742a3892fe3,linux1804-64-shippable-qr,True,False,,,102210fe594ee9b33d82058545b1ed14f4c8206e,id-getter-5.html,perf_reftest_singletons,True,perf_reftest_singletons id-getter-5.html opt e10s fission stylo webrender,4767299,77,ms,firefox,453585052.0,1869308040,2024-04-03 07:58:57,482.83,6d76b71d89f3d3218632b68cecf9c7295b4fb41b,1402941,,,,,,,,,,,,,,,,,,,,,,,,,,,,,,,,,,,,,,,,,,,,,,,,,,,,,,,,,,,,,TN,TN
autoland,4767314,1,247a31fb40b3ac0b152bd3554743d742a3892fe3,linux1804-64-shippable-qr,True,False,,,102210fe594ee9b33d82058545b1ed14f4c8206e,id-getter-5.html,perf_reftest_singletons,True,perf_reftest_singletons id-getter-5.html opt e10s fission stylo webrender,4767299,77,ms,firefox,453585215.0,1869310776,2024-04-03 07:59:45,486.65,573906a5ae5c2d926ac321403a1e914ea33c1540,1402942,,,,,,,,,,,,,,,,,,,,,,,,,,,,,,,,,,,,,,,,,,,,,,,,,,,,,,,,,,,,,TN,TN
autoland,4767314,1,247a31fb40b3ac0b152bd3554743d742a3892fe3,linux1804-64-shippable-qr,True,False,,,102210fe594ee9b33d82058545b1ed14f4c8206e,id-getter-5.html,perf_reftest_singletons,True,perf_reftest_singletons id-getter-5.html opt e10s fission stylo webrender,4767299,77,ms,firefox,453312590.0,1868266032,2024-04-03 08:00:33,493.41,8c92b17c7b2805a83d5a80fa103b82ae132d8320,1402944,,,,,,,,,,,,,,,,,,,,,,,,,,,,,,,,,,,,,,,,,,,,,,,,,,,,,,,,,,,,,TN,TN
autoland,4767314,1,247a31fb40b3ac0b152bd3554743d742a3892fe3,linux1804-64-shippable-qr,True,False,,,102210fe594ee9b33d82058545b1ed14f4c8206e,id-getter-5.html,perf_reftest_singletons,True,perf_reftest_singletons id-getter-5.html opt e10s fission stylo webrender,4767299,77,ms,firefox,453347039.0,1868350984,2024-04-03 12:19:12,551.54,81ea9950a766d85ced5d1db992689422649c3b26,1403087,,,,,,,,,,,,,,,,,,,,,,,,,,,,,,,,,,,,,,,,,,,,,,,,,,,,,,,,,,,,,TN,TN
autoland,4767314,1,247a31fb40b3ac0b152bd3554743d742a3892fe3,linux1804-64-shippable-qr,True,False,,,102210fe594ee9b33d82058545b1ed14f4c8206e,id-getter-5.html,perf_reftest_singletons,True,perf_reftest_singletons id-getter-5.html opt e10s fission stylo webrender,4767299,77,ms,firefox,453374719.0,1868462566,2024-04-03 15:08:48,475.32,31ead35d5981bb6a0da919643013edfb0b8934b6,1403194,,,,,,,,,,,,,,,,,,,,,,,,,,,,,,,,,,,,,,,,,,,,,,,,,,,,,,,,,,,,,TN,TN
autoland,4767314,1,247a31fb40b3ac0b152bd3554743d742a3892fe3,linux1804-64-shippable-qr,True,False,,,102210fe594ee9b33d82058545b1ed14f4c8206e,id-getter-5.html,perf_reftest_singletons,True,perf_reftest_singletons id-getter-5.html opt e10s fission stylo webrender,4767299,77,ms,firefox,453397522.0,1868533738,2024-04-03 19:17:19,493.23,26f475fb8d5ae5cb0b3bd5fb9d77aa7fc2df2665,1403406,,,,,,,,,,,,,,,,,,,,,,,,,,,,,,,,,,,,,,,,,,,,,,,,,,,,,,,,,,,,,TN,TN
autoland,4767314,1,247a31fb40b3ac0b152bd3554743d742a3892fe3,linux1804-64-shippable-qr,True,False,,,102210fe594ee9b33d82058545b1ed14f4c8206e,id-getter-5.html,perf_reftest_singletons,True,perf_reftest_singletons id-getter-5.html opt e10s fission stylo webrender,4767299,77,ms,firefox,453419972.0,1868614066,2024-04-03 23:35:22,523.83,aedb2756de7fa4089d89d53f49a007290003d58d,1403575,,,,,,,,,,,,,,,,,,,,,,,,,,,,,,,,,,,,,,,,,,,,,,,,,,,,,,,,,,,,,TN,TN
autoland,4767314,1,247a31fb40b3ac0b152bd3554743d742a3892fe3,linux1804-64-shippable-qr,True,False,,,102210fe594ee9b33d82058545b1ed14f4c8206e,id-getter-5.html,perf_reftest_singletons,True,perf_reftest_singletons id-getter-5.html opt e10s fission stylo webrender,4767299,77,ms,firefox,453445751.0,1868715470,2024-04-04 04:04:35,557.0,f2360b4c9b8a110f0b1c40841a767a47da5b85be,1403674,,,,,,,,,,,,,,,,,,,,,,,,,,,,,,,,,,,,,,,,,,,,,,,,,,,,,,,,,,,,,TN,TN
autoland,4767314,1,247a31fb40b3ac0b152bd3554743d742a3892fe3,linux1804-64-shippable-qr,True,False,,,102210fe594ee9b33d82058545b1ed14f4c8206e,id-getter-5.html,perf_reftest_singletons,True,perf_reftest_singletons id-getter-5.html opt e10s fission stylo webrender,4767299,77,ms,firefox,453474422.0,1868835343,2024-04-04 08:28:09,496.16,08ea8edc42ee204a4f50aae52417198c7a11d742,1403757,,,,,,,,,,,,,,,,,,,,,,,,,,,,,,,,,,,,,,,,,,,,,,,,,,,,,,,,,,,,,TN,TN
autoland,4767314,1,247a31fb40b3ac0b152bd3554743d742a3892fe3,linux1804-64-shippable-qr,True,False,,,102210fe594ee9b33d82058545b1ed14f4c8206e,id-getter-5.html,perf_reftest_singletons,True,perf_reftest_singletons id-getter-5.html opt e10s fission stylo webrender,4767299,77,ms,firefox,453508722.0,1868986157,2024-04-04 12:29:27,468.18,a260c2683052c9aa36748f1ded4e99c0d2bcf63e,1403877,,,,,,,,,,,,,,,,,,,,,,,,,,,,,,,,,,,,,,,,,,,,,,,,,,,,,,,,,,,,,TN,TN
autoland,4767314,1,247a31fb40b3ac0b152bd3554743d742a3892fe3,linux1804-64-shippable-qr,True,False,,,102210fe594ee9b33d82058545b1ed14f4c8206e,id-getter-5.html,perf_reftest_singletons,True,perf_reftest_singletons id-getter-5.html opt e10s fission stylo webrender,4767299,77,ms,firefox,453531542.0,1869079742,2024-04-04 15:41:47,479.79,e633b6ff34e81c89b87f1d4e3b18fcae399b3d37,1404042,,,,,,,,,,,,,,,,,,,,,,,,,,,,,,,,,,,,,,,,,,,,,,,,,,,,,,,,,,,,,TN,TN
autoland,4767314,1,247a31fb40b3ac0b152bd3554743d742a3892fe3,linux1804-64-shippable-qr,True,False,,,102210fe594ee9b33d82058545b1ed14f4c8206e,id-getter-5.html,perf_reftest_singletons,True,perf_reftest_singletons id-getter-5.html opt e10s fission stylo webrender,4767299,77,ms,firefox,453545861.0,1869144875,2024-04-04 17:55:39,479.96,2b8e4c563c2fa403003707729e7fd66dd5909763,1404131,,,,,,,,,,,,,,,,,,,,,,,,,,,,,,,,,,,,,,,,,,,,,,,,,,,,,,,,,,,,,TN,TN
autoland,4767314,1,247a31fb40b3ac0b152bd3554743d742a3892fe3,linux1804-64-shippable-qr,True,False,,,102210fe594ee9b33d82058545b1ed14f4c8206e,id-getter-5.html,perf_reftest_singletons,True,perf_reftest_singletons id-getter-5.html opt e10s fission stylo webrender,4767299,77,ms,firefox,453575344.0,1869262503,2024-04-04 22:08:58,306.49,7689f9c266fcdf019b8bea308bf5569885d72ed3,1404331,,,,,,,,,,,,,,,,,,,,,,,,,,,,,,,,,,,,,,,,,,,,,,,,,,,,,,,,,,,,,TN,TN
autoland,4767314,1,247a31fb40b3ac0b152bd3554743d742a3892fe3,linux1804-64-shippable-qr,True,False,,,102210fe594ee9b33d82058545b1ed14f4c8206e,id-getter-5.html,perf_reftest_singletons,True,perf_reftest_singletons id-getter-5.html opt e10s fission stylo webrender,4767299,77,ms,firefox,453584361.0,1869295457,2024-04-05 00:24:01,492.52,8600529acb2a250f255ea4d80486fecb2b7dc31b,1404399,,,,,,,,,,,,,,,,,,,,,,,,,,,,,,,,,,,,,,,,,,,,,,,,,,,,,,,,,,,,,TN,TN
autoland,4767314,1,247a31fb40b3ac0b152bd3554743d742a3892fe3,linux1804-64-shippable-qr,True,False,,,102210fe594ee9b33d82058545b1ed14f4c8206e,id-getter-5.html,perf_reftest_singletons,True,perf_reftest_singletons id-getter-5.html opt e10s fission stylo webrender,4767299,77,ms,firefox,453593601.0,1869334323,2024-04-05 04:36:57,474.29,ea8ea972270ddb95f071f900f9199fb7ff95bb10,1404445,,,,,,,,,,,,,,,,,,,,,,,,,,,,,,,,,,,,,,,,,,,,,,,,,,,,,,,,,,,,,TN,TN
autoland,4767314,1,247a31fb40b3ac0b152bd3554743d742a3892fe3,linux1804-64-shippable-qr,True,False,,,102210fe594ee9b33d82058545b1ed14f4c8206e,id-getter-5.html,perf_reftest_singletons,True,perf_reftest_singletons id-getter-5.html opt e10s fission stylo webrender,4767299,77,ms,firefox,453618596.0,1869422359,2024-04-05 09:55:10,479.15,bb1591f8008a0b1f33fe132528ee339ab149082f,1404555,,,,,,,,,,,,,,,,,,,,,,,,,,,,,,,,,,,,,,,,,,,,,,,,,,,,,,,,,,,,,TN,TN
autoland,4767314,1,247a31fb40b3ac0b152bd3554743d742a3892fe3,linux1804-64-shippable-qr,True,False,,,102210fe594ee9b33d82058545b1ed14f4c8206e,id-getter-5.html,perf_reftest_singletons,True,perf_reftest_singletons id-getter-5.html opt e10s fission stylo webrender,4767299,77,ms,firefox,453654449.0,1869564440,2024-04-05 13:56:08,483.2900000000001,e25a9624d6d92e1a88da8b414e3ea781e4e25a07,1404693,,,,,,,,,,,,,,,,,,,,,,,,,,,,,,,,,,,,,,,,,,,,,,,,,,,,,,,,,,,,,TN,TN
autoland,4767314,1,247a31fb40b3ac0b152bd3554743d742a3892fe3,linux1804-64-shippable-qr,True,False,,,102210fe594ee9b33d82058545b1ed14f4c8206e,id-getter-5.html,perf_reftest_singletons,True,perf_reftest_singletons id-getter-5.html opt e10s fission stylo webrender,4767299,77,ms,firefox,453680326.0,1869670556,2024-04-05 18:34:00,472.61,c230ec8f9514326a6e5081ee8e2d677ccf10ab67,1404901,,,,,,,,,,,,,,,,,,,,,,,,,,,,,,,,,,,,,,,,,,,,,,,,,,,,,,,,,,,,,TN,TN
autoland,4767314,1,247a31fb40b3ac0b152bd3554743d742a3892fe3,linux1804-64-shippable-qr,True,False,,,102210fe594ee9b33d82058545b1ed14f4c8206e,id-getter-5.html,perf_reftest_singletons,True,perf_reftest_singletons id-getter-5.html opt e10s fission stylo webrender,4767299,77,ms,firefox,453694784.0,1869722724,2024-04-05 19:40:01,479.7099999999999,2168f88afb52aa0c93febc62156a315d08963dda,1404957,,,,,,,,,,,,,,,,,,,,,,,,,,,,,,,,,,,,,,,,,,,,,,,,,,,,,,,,,,,,,TN,TN
autoland,4767314,1,247a31fb40b3ac0b152bd3554743d742a3892fe3,linux1804-64-shippable-qr,True,False,,,102210fe594ee9b33d82058545b1ed14f4c8206e,id-getter-5.html,perf_reftest_singletons,True,perf_reftest_singletons id-getter-5.html opt e10s fission stylo webrender,4767299,77,ms,firefox,453712236.0,1869803627,2024-04-05 21:23:25,481.58,bcbab342eed82aec3d4dd40516bf07e1ee96e716,1405041,,,,,,,,,,,,,,,,,,,,,,,,,,,,,,,,,,,,,,,,,,,,,,,,,,,,,,,,,,,,,TN,TN
autoland,4767314,1,247a31fb40b3ac0b152bd3554743d742a3892fe3,linux1804-64-shippable-qr,True,False,,,102210fe594ee9b33d82058545b1ed14f4c8206e,id-getter-5.html,perf_reftest_singletons,True,perf_reftest_singletons id-getter-5.html opt e10s fission stylo webrender,4767299,77,ms,firefox,453729619.0,1869917358,2024-04-06 02:12:01,478.44,5695ee1969a8c3cddf47affcdc2358c67fa09729,1405161,,,,,,,,,,,,,,,,,,,,,,,,,,,,,,,,,,,,,,,,,,,,,,,,,,,,,,,,,,,,,TN,TN
autoland,4767314,1,247a31fb40b3ac0b152bd3554743d742a3892fe3,linux1804-64-shippable-qr,True,False,,,102210fe594ee9b33d82058545b1ed14f4c8206e,id-getter-5.html,perf_reftest_singletons,True,perf_reftest_singletons id-getter-5.html opt e10s fission stylo webrender,4767299,77,ms,firefox,453743466.0,1869986779,2024-04-06 08:07:05,477.8,9fc8fef3e3ad12973fa215fac0d8ce85b8476e0a,1405200,,,,,,,,,,,,,,,,,,,,,,,,,,,,,,,,,,,,,,,,,,,,,,,,,,,,,,,,,,,,,TN,TN
autoland,4767314,1,247a31fb40b3ac0b152bd3554743d742a3892fe3,linux1804-64-shippable-qr,True,False,,,102210fe594ee9b33d82058545b1ed14f4c8206e,id-getter-5.html,perf_reftest_singletons,True,perf_reftest_singletons id-getter-5.html opt e10s fission stylo webrender,4767299,77,ms,firefox,453768654.0,1870082558,2024-04-06 12:49:36,553.0,0f5a5f081afbca1abac9185c32c792b9c3550264,1405245,,,,,,,,,,,,,,,,,,,,,,,,,,,,,,,,,,,,,,,,,,,,,,,,,,,,,,,,,,,,,TN,TN
autoland,4767314,1,247a31fb40b3ac0b152bd3554743d742a3892fe3,linux1804-64-shippable-qr,True,False,,,102210fe594ee9b33d82058545b1ed14f4c8206e,id-getter-5.html,perf_reftest_singletons,True,perf_reftest_singletons id-getter-5.html opt e10s fission stylo webrender,4767299,77,ms,firefox,453780738.0,1870148133,2024-04-06 19:13:32,490.54,3719e5d315bba4fd2d01a2bb964ff7d7c6521282,1405288,,,,,,,,,,,,,,,,,,,,,,,,,,,,,,,,,,,,,,,,,,,,,,,,,,,,,,,,,,,,,TN,TN
autoland,4767314,1,247a31fb40b3ac0b152bd3554743d742a3892fe3,linux1804-64-shippable-qr,True,False,,,102210fe594ee9b33d82058545b1ed14f4c8206e,id-getter-5.html,perf_reftest_singletons,True,perf_reftest_singletons id-getter-5.html opt e10s fission stylo webrender,4767299,77,ms,firefox,453795834.0,1870202265,2024-04-07 00:18:02,485.22,7362d727c60c8a1b15c8e7357969595c93c659c6,1405303,,,,,,,,,,,,,,,,,,,,,,,,,,,,,,,,,,,,,,,,,,,,,,,,,,,,,,,,,,,,,TN,TN
autoland,4767314,1,247a31fb40b3ac0b152bd3554743d742a3892fe3,linux1804-64-shippable-qr,True,False,,,102210fe594ee9b33d82058545b1ed14f4c8206e,id-getter-5.html,perf_reftest_singletons,True,perf_reftest_singletons id-getter-5.html opt e10s fission stylo webrender,4767299,77,ms,firefox,453827303.0,1870325098,2024-04-07 12:29:26,473.9500000000001,56daf0a3e72bc04ceb0b6d6a5e8b51b32333fe11,1405334,,,,,,,,,,,,,,,,,,,,,,,,,,,,,,,,,,,,,,,,,,,,,,,,,,,,,,,,,,,,,TN,TN
autoland,4767314,1,247a31fb40b3ac0b152bd3554743d742a3892fe3,linux1804-64-shippable-qr,True,False,,,102210fe594ee9b33d82058545b1ed14f4c8206e,id-getter-5.html,perf_reftest_singletons,True,perf_reftest_singletons id-getter-5.html opt e10s fission stylo webrender,4767299,77,ms,firefox,453837291.0,1870361847,2024-04-07 17:34:38,493.66,c59be65c8118a8e4c60719162c4426e511ee042c,1405352,,,,,,,,,,,,,,,,,,,,,,,,,,,,,,,,,,,,,,,,,,,,,,,,,,,,,,,,,,,,,TN,TN
autoland,4767314,1,247a31fb40b3ac0b152bd3554743d742a3892fe3,linux1804-64-shippable-qr,True,False,,,102210fe594ee9b33d82058545b1ed14f4c8206e,id-getter-5.html,perf_reftest_singletons,True,perf_reftest_singletons id-getter-5.html opt e10s fission stylo webrender,4767299,77,ms,firefox,453850220.0,1870417012,2024-04-07 22:40:32,487.67,a5f6bf0601900e20973b195443e8431788bf1494,1405368,,,,,,,,,,,,,,,,,,,,,,,,,,,,,,,,,,,,,,,,,,,,,,,,,,,,,,,,,,,,,TN,TN
autoland,4767314,1,247a31fb40b3ac0b152bd3554743d742a3892fe3,linux1804-64-shippable-qr,True,False,,,102210fe594ee9b33d82058545b1ed14f4c8206e,id-getter-5.html,perf_reftest_singletons,True,perf_reftest_singletons id-getter-5.html opt e10s fission stylo webrender,4767299,77,ms,firefox,453859638.0,1870475624,2024-04-08 04:43:41,474.13000000000005,93d08e6b3d615ead541eee15f876af2c74e90d53,1405385,,,,,,,,,,,,,,,,,,,,,,,,,,,,,,,,,,,,,,,,,,,,,,,,,,,,,,,,,,,,,TN,TN
autoland,4767314,1,247a31fb40b3ac0b152bd3554743d742a3892fe3,linux1804-64-shippable-qr,True,False,,,102210fe594ee9b33d82058545b1ed14f4c8206e,id-getter-5.html,perf_reftest_singletons,True,perf_reftest_singletons id-getter-5.html opt e10s fission stylo webrender,4767299,77,ms,firefox,453874950.0,1870536134,2024-04-08 09:12:14,479.68,7fdec039f49159c7769bb304ab5f0a97f9dde43f,1405465,,,,,,,,,,,,,,,,,,,,,,,,,,,,,,,,,,,,,,,,,,,,,,,,,,,,,,,,,,,,,TN,TN
autoland,4767314,1,247a31fb40b3ac0b152bd3554743d742a3892fe3,linux1804-64-shippable-qr,True,False,,,102210fe594ee9b33d82058545b1ed14f4c8206e,id-getter-5.html,perf_reftest_singletons,True,perf_reftest_singletons id-getter-5.html opt e10s fission stylo webrender,4767299,77,ms,firefox,453907136.0,1870663497,2024-04-08 13:49:41,539.74,1b56c653a5ee3a14ec0955b092498999e9333bfa,1405618,,,,,,,,,,,,,,,,,,,,,,,,,,,,,,,,,,,,,,,,,,,,,,,,,,,,,,,,,,,,,TN,TN
autoland,4767314,1,247a31fb40b3ac0b152bd3554743d742a3892fe3,linux1804-64-shippable-qr,True,False,,,102210fe594ee9b33d82058545b1ed14f4c8206e,id-getter-5.html,perf_reftest_singletons,True,perf_reftest_singletons id-getter-5.html opt e10s fission stylo webrender,4767299,77,ms,firefox,453957135.0,1870822449,2024-04-08 19:08:45,483.47,79551503d77c8353439905d86ec3033546f0c874,1405880,,,,,,,,,,,,,,,,,,,,,,,,,,,,,,,,,,,,,,,,,,,,,,,,,,,,,,,,,,,,,TN,TN
autoland,4767314,1,247a31fb40b3ac0b152bd3554743d742a3892fe3,linux1804-64-shippable-qr,True,False,,,102210fe594ee9b33d82058545b1ed14f4c8206e,id-getter-5.html,perf_reftest_singletons,True,perf_reftest_singletons id-getter-5.html opt e10s fission stylo webrender,4767299,77,ms,firefox,453992769.0,1870957673,2024-04-08 23:24:57,488.72,c19d16f89e851b3d8052fb11a8e8f0ae3f4cb9b7,1406026,,,,,,,,,,,,,,,,,,,,,,,,,,,,,,,,,,,,,,,,,,,,,,,,,,,,,,,,,,,,,TN,TN
autoland,4767314,1,247a31fb40b3ac0b152bd3554743d742a3892fe3,linux1804-64-shippable-qr,True,False,,,102210fe594ee9b33d82058545b1ed14f4c8206e,id-getter-5.html,perf_reftest_singletons,True,perf_reftest_singletons id-getter-5.html opt e10s fission stylo webrender,4767299,77,ms,firefox,454019355.0,1871128212,2024-04-09 06:15:12,479.17,643848d855ebb8ab8d9d7009ca7ce9d21d267b34,1406147,,,,,,,,,,,,,,,,,,,,,,,,,,,,,,,,,,,,,,,,,,,,,,,,,,,,,,,,,,,,,TN,TN
autoland,4767314,1,247a31fb40b3ac0b152bd3554743d742a3892fe3,linux1804-64-shippable-qr,True,False,,,102210fe594ee9b33d82058545b1ed14f4c8206e,id-getter-5.html,perf_reftest_singletons,True,perf_reftest_singletons id-getter-5.html opt e10s fission stylo webrender,4767299,77,ms,firefox,454043005.0,1871242645,2024-04-09 10:19:15,475.68,7cd4aaac69823ebb7b440d4e14d05275ba50a073,1406264,,,,,,,,,,,,,,,,,,,,,,,,,,,,,,,,,,,,,,,,,,,,,,,,,,,,,,,,,,,,,TN,TN
autoland,4767314,1,247a31fb40b3ac0b152bd3554743d742a3892fe3,linux1804-64-shippable-qr,True,False,,,102210fe594ee9b33d82058545b1ed14f4c8206e,id-getter-5.html,perf_reftest_singletons,True,perf_reftest_singletons id-getter-5.html opt e10s fission stylo webrender,4767299,77,ms,firefox,454072890.0,1871363358,2024-04-09 14:26:21,494.49,34fef7e7706b912024aa3ba8826647e5ddc0a0ab,1406452,,,,,,,,,,,,,,,,,,,,,,,,,,,,,,,,,,,,,,,,,,,,,,,,,,,,,,,,,,,,,TN,TN
autoland,4767314,1,247a31fb40b3ac0b152bd3554743d742a3892fe3,linux1804-64-shippable-qr,True,False,,,102210fe594ee9b33d82058545b1ed14f4c8206e,id-getter-5.html,perf_reftest_singletons,True,perf_reftest_singletons id-getter-5.html opt e10s fission stylo webrender,4767299,77,ms,firefox,454088220.0,1871451129,2024-04-09 17:03:26,490.84,e3c9c90141d0f6b39792470ce489a5af6123cc15,1406581,,,,,,,,,,,,,,,,,,,,,,,,,,,,,,,,,,,,,,,,,,,,,,,,,,,,,,,,,,,,,TN,TN
autoland,4767314,1,247a31fb40b3ac0b152bd3554743d742a3892fe3,linux1804-64-shippable-qr,True,False,,,102210fe594ee9b33d82058545b1ed14f4c8206e,id-getter-5.html,perf_reftest_singletons,True,perf_reftest_singletons id-getter-5.html opt e10s fission stylo webrender,4767299,77,ms,firefox,454111993.0,1871539199,2024-04-09 20:18:20,490.82,42fe954d2d47356658d58a292876a6f15d6cbc51,1406718,,,,,,,,,,,,,,,,,,,,,,,,,,,,,,,,,,,,,,,,,,,,,,,,,,,,,,,,,,,,,TN,TN
autoland,4767314,1,247a31fb40b3ac0b152bd3554743d742a3892fe3,linux1804-64-shippable-qr,True,False,,,102210fe594ee9b33d82058545b1ed14f4c8206e,id-getter-5.html,perf_reftest_singletons,True,perf_reftest_singletons id-getter-5.html opt e10s fission stylo webrender,4767299,77,ms,firefox,454132407.0,1871633161,2024-04-10 00:18:40,480.56,c6228adca1a9c453ab8514c86ee26ee9a7903d27,1406841,,,,,,,,,,,,,,,,,,,,,,,,,,,,,,,,,,,,,,,,,,,,,,,,,,,,,,,,,,,,,TN,TN
autoland,4767314,1,247a31fb40b3ac0b152bd3554743d742a3892fe3,linux1804-64-shippable-qr,True,False,,,102210fe594ee9b33d82058545b1ed14f4c8206e,id-getter-5.html,perf_reftest_singletons,True,perf_reftest_singletons id-getter-5.html opt e10s fission stylo webrender,4767299,77,ms,firefox,454140117.0,1871713796,2024-04-10 05:00:45,474.48,a3f0d7e2d176a84f97e08088b78e1abe8da0a5f7,1406899,,,,,,,,,,,,,,,,,,,,,,,,,,,,,,,,,,,,,,,,,,,,,,,,,,,,,,,,,,,,,TN,TN
autoland,4767314,1,247a31fb40b3ac0b152bd3554743d742a3892fe3,linux1804-64-shippable-qr,True,False,,,102210fe594ee9b33d82058545b1ed14f4c8206e,id-getter-5.html,perf_reftest_singletons,True,perf_reftest_singletons id-getter-5.html opt e10s fission stylo webrender,4767299,77,ms,firefox,454157428.0,1871791374,2024-04-10 09:31:15,476.14,cb449d228d38790ba76f64d551817f6a804c044e,1406973,,,,,,,,,,,,,,,,,,,,,,,,,,,,,,,,,,,,,,,,,,,,,,,,,,,,,,,,,,,,,TN,TN
autoland,4767314,1,247a31fb40b3ac0b152bd3554743d742a3892fe3,linux1804-64-shippable-qr,True,False,,,102210fe594ee9b33d82058545b1ed14f4c8206e,id-getter-5.html,perf_reftest_singletons,True,perf_reftest_singletons id-getter-5.html opt e10s fission stylo webrender,4767299,77,ms,firefox,454191228.0,1871938158,2024-04-10 13:31:55,493.56,53228f89fadff09aff9d51b46652c77d94059014,1407087,,,,,,,,,,,,,,,,,,,,,,,,,,,,,,,,,,,,,,,,,,,,,,,,,,,,,,,,,,,,,TN,TN
autoland,4767314,1,247a31fb40b3ac0b152bd3554743d742a3892fe3,linux1804-64-shippable-qr,True,False,,,102210fe594ee9b33d82058545b1ed14f4c8206e,id-getter-5.html,perf_reftest_singletons,True,perf_reftest_singletons id-getter-5.html opt e10s fission stylo webrender,4767299,77,ms,firefox,454208072.0,1872024896,2024-04-10 17:21:37,489.07,a30d53cfa601940935af0c765cccbdde2178bb67,1407259,,,,,,,,,,,,,,,,,,,,,,,,,,,,,,,,,,,,,,,,,,,,,,,,,,,,,,,,,,,,,TN,TN
autoland,4767314,1,247a31fb40b3ac0b152bd3554743d742a3892fe3,linux1804-64-shippable-qr,True,False,,,102210fe594ee9b33d82058545b1ed14f4c8206e,id-getter-5.html,perf_reftest_singletons,True,perf_reftest_singletons id-getter-5.html opt e10s fission stylo webrender,4767299,77,ms,firefox,454234750.0,1872159155,2024-04-10 20:55:18,482.1,bc425d90bbe9987cc754323772553d4be3e6de83,1407422,,,,,,,,,,,,,,,,,,,,,,,,,,,,,,,,,,,,,,,,,,,,,,,,,,,,,,,,,,,,,TN,TN
autoland,4767314,1,247a31fb40b3ac0b152bd3554743d742a3892fe3,linux1804-64-shippable-qr,True,False,,,102210fe594ee9b33d82058545b1ed14f4c8206e,id-getter-5.html,perf_reftest_singletons,True,perf_reftest_singletons id-getter-5.html opt e10s fission stylo webrender,4767299,77,ms,firefox,454254789.0,1872266133,2024-04-11 01:15:30,525.01,1ae79ee05e2fe6a64e1916d65c78979921af1e5e,1407545,,,,,,,,,,,,,,,,,,,,,,,,,,,,,,,,,,,,,,,,,,,,,,,,,,,,,,,,,,,,,TN,TN
autoland,4767314,1,247a31fb40b3ac0b152bd3554743d742a3892fe3,linux1804-64-shippable-qr,True,False,,,102210fe594ee9b33d82058545b1ed14f4c8206e,id-getter-5.html,perf_reftest_singletons,True,perf_reftest_singletons id-getter-5.html opt e10s fission stylo webrender,4767299,77,ms,firefox,454273625.0,1872445208,2024-04-11 06:36:24,480.83,7a8a0223fffe0f06dd2e7aad79bf1920cf1430c0,1407612,,,,,,,,,,,,,,,,,,,,,,,,,,,,,,,,,,,,,,,,,,,,,,,,,,,,,,,,,,,,,TN,TN
autoland,4767314,1,247a31fb40b3ac0b152bd3554743d742a3892fe3,linux1804-64-shippable-qr,True,False,,,102210fe594ee9b33d82058545b1ed14f4c8206e,id-getter-5.html,perf_reftest_singletons,True,perf_reftest_singletons id-getter-5.html opt e10s fission stylo webrender,4767299,77,ms,firefox,454305875.0,1872611503,2024-04-11 11:27:44,487.52,747c6705d00627b032063055173575d6e6043880,1407747,,,,,,,,,,,,,,,,,,,,,,,,,,,,,,,,,,,,,,,,,,,,,,,,,,,,,,,,,,,,,TN,TN
autoland,4767314,1,247a31fb40b3ac0b152bd3554743d742a3892fe3,linux1804-64-shippable-qr,True,False,,,102210fe594ee9b33d82058545b1ed14f4c8206e,id-getter-5.html,perf_reftest_singletons,True,perf_reftest_singletons id-getter-5.html opt e10s fission stylo webrender,4767299,77,ms,firefox,454329605.0,1872789136,2024-04-11 15:41:30,482.11,bbca818d6385ef61c987f967ebccfe9df63fc36b,1407834,,,,,,,,,,,,,,,,,,,,,,,,,,,,,,,,,,,,,,,,,,,,,,,,,,,,,,,,,,,,,TN,TN
autoland,4767314,1,247a31fb40b3ac0b152bd3554743d742a3892fe3,linux1804-64-shippable-qr,True,False,,,102210fe594ee9b33d82058545b1ed14f4c8206e,id-getter-5.html,perf_reftest_singletons,True,perf_reftest_singletons id-getter-5.html opt e10s fission stylo webrender,4767299,77,ms,firefox,454338039.0,1872833052,2024-04-11 18:08:24,292.3,036ac9a41b52b5af1836d103d3a7aefad37e2b87,1407970,,,,,,,,,,,,,,,,,,,,,,,,,,,,,,,,,,,,,,,,,,,,,,,,,,,,,,,,,,,,,TN,TN
autoland,4767314,1,247a31fb40b3ac0b152bd3554743d742a3892fe3,linux1804-64-shippable-qr,True,False,,,102210fe594ee9b33d82058545b1ed14f4c8206e,id-getter-5.html,perf_reftest_singletons,True,perf_reftest_singletons id-getter-5.html opt e10s fission stylo webrender,4767299,77,ms,firefox,454367453.0,1872965111,2024-04-11 23:15:25,487.88,90ef908ff18573cca9f4f0e5d676df56875c68b5,1408175,,,,,,,,,,,,,,,,,,,,,,,,,,,,,,,,,,,,,,,,,,,,,,,,,,,,,,,,,,,,,TN,TN
autoland,4767314,1,247a31fb40b3ac0b152bd3554743d742a3892fe3,linux1804-64-shippable-qr,True,False,,,102210fe594ee9b33d82058545b1ed14f4c8206e,id-getter-5.html,perf_reftest_singletons,True,perf_reftest_singletons id-getter-5.html opt e10s fission stylo webrender,4767299,77,ms,firefox,454404480.0,1873192769,2024-04-12 14:13:45,495.35,be4463b26a49bdb9c791eaf7d0b41ff9eb0294d3,1408318,,,,,,,,,,,,,,,,,,,,,,,,,,,,,,,,,,,,,,,,,,,,,,,,,,,,,,,,,,,,,TN,TN
autoland,4767314,1,247a31fb40b3ac0b152bd3554743d742a3892fe3,linux1804-64-shippable-qr,True,False,,,102210fe594ee9b33d82058545b1ed14f4c8206e,id-getter-5.html,perf_reftest_singletons,True,perf_reftest_singletons id-getter-5.html opt e10s fission stylo webrender,4767299,77,ms,firefox,454421933.0,1873289957,2024-04-12 20:21:58,474.76,5e5bc998487f4e6ee9fe6fe52ca5eb66cd37de03,1408379,,,,,,,,,,,,,,,,,,,,,,,,,,,,,,,,,,,,,,,,,,,,,,,,,,,,,,,,,,,,,TN,TN
autoland,4767314,1,247a31fb40b3ac0b152bd3554743d742a3892fe3,linux1804-64-shippable-qr,True,False,,,102210fe594ee9b33d82058545b1ed14f4c8206e,id-getter-5.html,perf_reftest_singletons,True,perf_reftest_singletons id-getter-5.html opt e10s fission stylo webrender,4767299,77,ms,firefox,454440588.0,1873401682,2024-04-13 06:05:05,465.39,39657b697a7ffcda0f07cae917b68f1e84f57d54,1408439,,,,,,,,,,,,,,,,,,,,,,,,,,,,,,,,,,,,,,,,,,,,,,,,,,,,,,,,,,,,,TN,TN
autoland,4767314,1,247a31fb40b3ac0b152bd3554743d742a3892fe3,linux1804-64-shippable-qr,True,False,,,102210fe594ee9b33d82058545b1ed14f4c8206e,id-getter-5.html,perf_reftest_singletons,True,perf_reftest_singletons id-getter-5.html opt e10s fission stylo webrender,4767299,77,ms,firefox,454463260.0,1873504651,2024-04-13 20:36:37,495.18,1dc823d4e96db6fe0450fcb588466eff7038b4cc,1408512,,,,,,,,,,,,,,,,,,,,,,,,,,,,,,,,,,,,,,,,,,,,,,,,,,,,,,,,,,,,,TN,TN
autoland,4767314,1,247a31fb40b3ac0b152bd3554743d742a3892fe3,linux1804-64-shippable-qr,True,False,,,102210fe594ee9b33d82058545b1ed14f4c8206e,id-getter-5.html,perf_reftest_singletons,True,perf_reftest_singletons id-getter-5.html opt e10s fission stylo webrender,4767299,77,ms,firefox,454484660.0,1873659578,2024-04-14 12:41:18,481.21,25a22c2f939167a119d912b3fe61312db879d576,1408562,,,,,,,,,,,,,,,,,,,,,,,,,,,,,,,,,,,,,,,,,,,,,,,,,,,,,,,,,,,,,TN,TN
autoland,4767314,1,247a31fb40b3ac0b152bd3554743d742a3892fe3,linux1804-64-shippable-qr,True,False,,,102210fe594ee9b33d82058545b1ed14f4c8206e,id-getter-5.html,perf_reftest_singletons,True,perf_reftest_singletons id-getter-5.html opt e10s fission stylo webrender,4767299,77,ms,firefox,454505480.0,1873807567,2024-04-15 00:20:26,482.9,8c457b0d7626241855c3c025a2531eb5f00b8cfc,1408605,,,,,,,,,,,,,,,,,,,,,,,,,,,,,,,,,,,,,,,,,,,,,,,,,,,,,,,,,,,,,TN,TN
autoland,4767314,1,247a31fb40b3ac0b152bd3554743d742a3892fe3,linux1804-64-shippable-qr,True,False,,,102210fe594ee9b33d82058545b1ed14f4c8206e,id-getter-5.html,perf_reftest_singletons,True,perf_reftest_singletons id-getter-5.html opt e10s fission stylo webrender,4767299,77,ms,firefox,454513112.0,1873857368,2024-04-15 05:51:41,478.78,4b17d2a2a7ae64b3c8d364d200a6b97cc636dffd,1408627,,,,,,,,,,,,,,,,,,,,,,,,,,,,,,,,,,,,,,,,,,,,,,,,,,,,,,,,,,,,,TN,TN
autoland,4767314,1,247a31fb40b3ac0b152bd3554743d742a3892fe3,linux1804-64-shippable-qr,True,False,,,102210fe594ee9b33d82058545b1ed14f4c8206e,id-getter-5.html,perf_reftest_singletons,True,perf_reftest_singletons id-getter-5.html opt e10s fission stylo webrender,4767299,77,ms,firefox,454534591.0,1873951631,2024-04-15 10:25:42,477.29,177f569e862519d4372977ba20b630f95e24ef1c,1408738,,,,,,,,,,,,,,,,,,,,,,,,,,,,,,,,,,,,,,,,,,,,,,,,,,,,,,,,,,,,,TN,TN
autoland,4767314,1,247a31fb40b3ac0b152bd3554743d742a3892fe3,linux1804-64-shippable-qr,True,False,,,102210fe594ee9b33d82058545b1ed14f4c8206e,id-getter-5.html,perf_reftest_singletons,True,perf_reftest_singletons id-getter-5.html opt e10s fission stylo webrender,4767299,77,ms,firefox,454572136.0,1874125308,2024-04-15 14:58:12,478.8,4897460458d13272e6016fd9e4c184c3c41cbd74,1408898,,,,,,,,,,,,,,,,,,,,,,,,,,,,,,,,,,,,,,,,,,,,,,,,,,,,,,,,,,,,,TN,TN
autoland,4767314,1,247a31fb40b3ac0b152bd3554743d742a3892fe3,linux1804-64-shippable-qr,True,False,,,102210fe594ee9b33d82058545b1ed14f4c8206e,id-getter-5.html,perf_reftest_singletons,True,perf_reftest_singletons id-getter-5.html opt e10s fission stylo webrender,4767299,77,ms,firefox,454601621.0,1874247425,2024-04-15 18:18:39,489.86,d49ecc17e4ae83fbccee8ffbe50a119039d1e408,1409057,,,,,,,,,,,,,,,,,,,,,,,,,,,,,,,,,,,,,,,,,,,,,,,,,,,,,,,,,,,,,TN,TN
autoland,4767314,1,247a31fb40b3ac0b152bd3554743d742a3892fe3,linux1804-64-shippable-qr,True,False,,,102210fe594ee9b33d82058545b1ed14f4c8206e,id-getter-5.html,perf_reftest_singletons,True,perf_reftest_singletons id-getter-5.html opt e10s fission stylo webrender,4767299,77,ms,firefox,454618760.0,1874325833,2024-04-15 20:13:44,468.91,8d488b7ac977a67ba128a580f6959fe058df2fe5,1409141,,,,,,,,,,,,,,,,,,,,,,,,,,,,,,,,,,,,,,,,,,,,,,,,,,,,,,,,,,,,,TN,TN
autoland,4767314,1,247a31fb40b3ac0b152bd3554743d742a3892fe3,linux1804-64-shippable-qr,True,False,,,102210fe594ee9b33d82058545b1ed14f4c8206e,id-getter-5.html,perf_reftest_singletons,True,perf_reftest_singletons id-getter-5.html opt e10s fission stylo webrender,4767299,77,ms,firefox,454630044.0,1874386942,2024-04-15 21:50:25,477.99,547363a98ae60f0645c5cc21aeecffb7e0ddb047,1409212,,,,,,,,,,,,,,,,,,,,,,,,,,,,,,,,,,,,,,,,,,,,,,,,,,,,,,,,,,,,,TN,TN
autoland,4767314,1,247a31fb40b3ac0b152bd3554743d742a3892fe3,linux1804-64-shippable-qr,True,False,,,102210fe594ee9b33d82058545b1ed14f4c8206e,id-getter-5.html,perf_reftest_singletons,True,perf_reftest_singletons id-getter-5.html opt e10s fission stylo webrender,4767299,77,ms,firefox,454645724.0,1874454225,2024-04-16 00:41:18,470.64,5a31505f08c64efa6eb7a8ed02d5e9c0db448e37,1409277,,,,,,,,,,,,,,,,,,,,,,,,,,,,,,,,,,,,,,,,,,,,,,,,,,,,,,,,,,,,,TN,TN
autoland,4767314,1,247a31fb40b3ac0b152bd3554743d742a3892fe3,linux1804-64-shippable-qr,True,False,,,102210fe594ee9b33d82058545b1ed14f4c8206e,id-getter-5.html,perf_reftest_singletons,True,perf_reftest_singletons id-getter-5.html opt e10s fission stylo webrender,4767299,77,ms,firefox,454665236.0,1874547604,2024-04-16 05:04:40,476.41,69a1a1d802b357216fef131d6ad99816defddc1f,1409360,,,,,,,,,,,,,,,,,,,,,,,,,,,,,,,,,,,,,,,,,,,,,,,,,,,,,,,,,,,,,TN,TN
autoland,4767314,1,247a31fb40b3ac0b152bd3554743d742a3892fe3,linux1804-64-shippable-qr,True,False,,,102210fe594ee9b33d82058545b1ed14f4c8206e,id-getter-5.html,perf_reftest_singletons,True,perf_reftest_singletons id-getter-5.html opt e10s fission stylo webrender,4767299,77,ms,firefox,454693205.0,1874623443,2024-04-16 09:18:49,473.11,2949cb403e680d76f7bcb101117ceefeb480b064,1409480,,,,,,,,,,,,,,,,,,,,,,,,,,,,,,,,,,,,,,,,,,,,,,,,,,,,,,,,,,,,,TN,TN
autoland,4767314,1,247a31fb40b3ac0b152bd3554743d742a3892fe3,linux1804-64-shippable-qr,True,False,,,102210fe594ee9b33d82058545b1ed14f4c8206e,id-getter-5.html,perf_reftest_singletons,True,perf_reftest_singletons id-getter-5.html opt e10s fission stylo webrender,4767299,77,ms,firefox,454715402.0,1874743598,2024-04-16 13:28:04,476.5100000000001,11d1c89ad8b2dad0cee1caf733cd833e448945eb,1409649,,,,,,,,,,,,,,,,,,,,,,,,,,,,,,,,,,,,,,,,,,,,,,,,,,,,,,,,,,,,,TN,TN
autoland,4767314,1,247a31fb40b3ac0b152bd3554743d742a3892fe3,linux1804-64-shippable-qr,True,False,,,102210fe594ee9b33d82058545b1ed14f4c8206e,id-getter-5.html,perf_reftest_singletons,True,perf_reftest_singletons id-getter-5.html opt e10s fission stylo webrender,4767299,77,ms,firefox,454738841.0,1874884447,2024-04-16 17:33:30,460.85,12c7f0b00cd7ce4e2edde6ff37daf12e807388b1,1409875,,,,,,,,,,,,,,,,,,,,,,,,,,,,,,,,,,,,,,,,,,,,,,,,,,,,,,,,,,,,,TN,TN
autoland,4767314,1,247a31fb40b3ac0b152bd3554743d742a3892fe3,linux1804-64-shippable-qr,True,False,,,102210fe594ee9b33d82058545b1ed14f4c8206e,id-getter-5.html,perf_reftest_singletons,True,perf_reftest_singletons id-getter-5.html opt e10s fission stylo webrender,4767299,77,ms,firefox,454757322.0,1874955374,2024-04-16 20:13:25,469.98,852d3945e38d8d16c4cf17918e862882d7ef363c,1409984,,,,,,,,,,,,,,,,,,,,,,,,,,,,,,,,,,,,,,,,,,,,,,,,,,,,,,,,,,,,,TN,TN
autoland,4767314,1,247a31fb40b3ac0b152bd3554743d742a3892fe3,linux1804-64-shippable-qr,True,False,,,102210fe594ee9b33d82058545b1ed14f4c8206e,id-getter-5.html,perf_reftest_singletons,True,perf_reftest_singletons id-getter-5.html opt e10s fission stylo webrender,4767299,77,ms,firefox,454777137.0,1875058671,2024-04-17 00:00:12,460.26,3f5bf473ca3cf95233298d16ad833028500755e6,1410132,,,,,,,,,,,,,,,,,,,,,,,,,,,,,,,,,,,,,,,,,,,,,,,,,,,,,,,,,,,,,TN,TN
autoland,4767314,1,247a31fb40b3ac0b152bd3554743d742a3892fe3,linux1804-64-shippable-qr,True,False,,,102210fe594ee9b33d82058545b1ed14f4c8206e,id-getter-5.html,perf_reftest_singletons,True,perf_reftest_singletons id-getter-5.html opt e10s fission stylo webrender,4767299,77,ms,firefox,454796211.0,1875215878,2024-04-17 04:14:52,474.46,7900ea0538965c6aba695fd896a6e2833d781007,1410204,,,,,,,,,,,,,,,,,,,,,,,,,,,,,,,,,,,,,,,,,,,,,,,,,,,,,,,,,,,,,TN,TN
autoland,4767314,1,247a31fb40b3ac0b152bd3554743d742a3892fe3,linux1804-64-shippable-qr,True,False,,,102210fe594ee9b33d82058545b1ed14f4c8206e,id-getter-5.html,perf_reftest_singletons,True,perf_reftest_singletons id-getter-5.html opt e10s fission stylo webrender,4767299,77,ms,firefox,454819735.0,1875278179,2024-04-17 08:24:06,476.59,acabdf625d68e5d96c49e0eebb5c71f4286e5ffd,1410333,,,,,,,,,,,,,,,,,,,,,,,,,,,,,,,,,,,,,,,,,,,,,,,,,,,,,,,,,,,,,TN,TN
autoland,4767314,1,247a31fb40b3ac0b152bd3554743d742a3892fe3,linux1804-64-shippable-qr,True,False,,,102210fe594ee9b33d82058545b1ed14f4c8206e,id-getter-5.html,perf_reftest_singletons,True,perf_reftest_singletons id-getter-5.html opt e10s fission stylo webrender,4767299,77,ms,firefox,454854074.0,1875424642,2024-04-17 11:47:51,473.23,05ad651d0c97009f3d906febefe9888c127c2660,1410461,,,,,,,,,,,,,,,,,,,,,,,,,,,,,,,,,,,,,,,,,,,,,,,,,,,,,,,,,,,,,TN,TN
autoland,4767314,1,247a31fb40b3ac0b152bd3554743d742a3892fe3,linux1804-64-shippable-qr,True,False,,,102210fe594ee9b33d82058545b1ed14f4c8206e,id-getter-5.html,perf_reftest_singletons,True,perf_reftest_singletons id-getter-5.html opt e10s fission stylo webrender,4767299,77,ms,firefox,454873446.0,1875477597,2024-04-17 13:57:03,478.86,57f6925a520cf97f4af35e42db00435e817475dc,1410569,,,,,,,,,,,,,,,,,,,,,,,,,,,,,,,,,,,,,,,,,,,,,,,,,,,,,,,,,,,,,TN,TN
autoland,4767314,1,247a31fb40b3ac0b152bd3554743d742a3892fe3,linux1804-64-shippable-qr,True,False,,,102210fe594ee9b33d82058545b1ed14f4c8206e,id-getter-5.html,perf_reftest_singletons,True,perf_reftest_singletons id-getter-5.html opt e10s fission stylo webrender,4767299,77,ms,firefox,454894872.0,1875577409,2024-04-17 18:33:15,480.2,25500210a453fec07cc9d95612bbe778bae07f71,1410800,,,,,,,,,,,,,,,,,,,,,,,,,,,,,,,,,,,,,,,,,,,,,,,,,,,,,,,,,,,,,TN,TN
autoland,4767314,1,247a31fb40b3ac0b152bd3554743d742a3892fe3,linux1804-64-shippable-qr,True,False,,,102210fe594ee9b33d82058545b1ed14f4c8206e,id-getter-5.html,perf_reftest_singletons,True,perf_reftest_singletons id-getter-5.html opt e10s fission stylo webrender,4767299,77,ms,firefox,454915652.0,1875642696,2024-04-17 20:25:11,464.2000000000001,d35a7bf5f1fc33f0f83edc8fdcffd17131fd9b82,1410917,,,,,,,,,,,,,,,,,,,,,,,,,,,,,,,,,,,,,,,,,,,,,,,,,,,,,,,,,,,,,TN,TN
autoland,4767314,1,247a31fb40b3ac0b152bd3554743d742a3892fe3,linux1804-64-shippable-qr,True,False,,,102210fe594ee9b33d82058545b1ed14f4c8206e,id-getter-5.html,perf_reftest_singletons,True,perf_reftest_singletons id-getter-5.html opt e10s fission stylo webrender,4767299,77,ms,firefox,454936603.0,1875726020,2024-04-18 00:20:10,468.09,1bf7d54b4913d7994ed2ce4b07f0426fc70b4b7e,1411120,,,,,,,,,,,,,,,,,,,,,,,,,,,,,,,,,,,,,,,,,,,,,,,,,,,,,,,,,,,,,TN,TN
autoland,4767314,1,247a31fb40b3ac0b152bd3554743d742a3892fe3,linux1804-64-shippable-qr,True,False,,,102210fe594ee9b33d82058545b1ed14f4c8206e,id-getter-5.html,perf_reftest_singletons,True,perf_reftest_singletons id-getter-5.html opt e10s fission stylo webrender,4767299,77,ms,firefox,454953830.0,1875799173,2024-04-18 03:49:51,487.58,12adf93b9ad4085d4f0b493c368533bb040dce46,1411204,,,,,,,,,,,,,,,,,,,,,,,,,,,,,,,,,,,,,,,,,,,,,,,,,,,,,,,,,,,,,TN,TN
autoland,4767314,1,247a31fb40b3ac0b152bd3554743d742a3892fe3,linux1804-64-shippable-qr,True,False,,,102210fe594ee9b33d82058545b1ed14f4c8206e,id-getter-5.html,perf_reftest_singletons,True,perf_reftest_singletons id-getter-5.html opt e10s fission stylo webrender,4767299,77,ms,firefox,454971200.0,1875922839,2024-04-18 07:53:55,464.54,d4cde5148929d0d9587580bca2d37027d7424348,1411277,,,,,,,,,,,,,,,,,,,,,,,,,,,,,,,,,,,,,,,,,,,,,,,,,,,,,,,,,,,,,TN,TN
autoland,4767314,1,247a31fb40b3ac0b152bd3554743d742a3892fe3,linux1804-64-shippable-qr,True,False,,,102210fe594ee9b33d82058545b1ed14f4c8206e,id-getter-5.html,perf_reftest_singletons,True,perf_reftest_singletons id-getter-5.html opt e10s fission stylo webrender,4767299,77,ms,firefox,455004165.0,1876059759,2024-04-18 12:14:33,533.04,123e0c272c21270c6f9a5e2fca3bfbc72c7b5ef9,1411435,,,,,,,,,,,,,,,,,,,,,,,,,,,,,,,,,,,,,,,,,,,,,,,,,,,,,,,,,,,,,TN,TN
autoland,4767314,1,247a31fb40b3ac0b152bd3554743d742a3892fe3,linux1804-64-shippable-qr,True,False,,,102210fe594ee9b33d82058545b1ed14f4c8206e,id-getter-5.html,perf_reftest_singletons,True,perf_reftest_singletons id-getter-5.html opt e10s fission stylo webrender,4767299,77,ms,firefox,455049619.0,1876247954,2024-04-18 15:42:46,480.13,257d3013546c7ec40031343c459162a0b69fa6f2,1411573,,,,,,,,,,,,,,,,,,,,,,,,,,,,,,,,,,,,,,,,,,,,,,,,,,,,,,,,,,,,,TN,TN
autoland,4767314,1,247a31fb40b3ac0b152bd3554743d742a3892fe3,linux1804-64-shippable-qr,True,False,,,102210fe594ee9b33d82058545b1ed14f4c8206e,id-getter-5.html,perf_reftest_singletons,True,perf_reftest_singletons id-getter-5.html opt e10s fission stylo webrender,4767299,77,ms,firefox,455062969.0,1876295128,2024-04-18 18:28:28,466.67,0f5d446707971afc1fab01c0a28b208101241b8a,1411727,,,,,,,,,,,,,,,,,,,,,,,,,,,,,,,,,,,,,,,,,,,,,,,,,,,,,,,,,,,,,TN,TN
autoland,4767314,1,247a31fb40b3ac0b152bd3554743d742a3892fe3,linux1804-64-shippable-qr,True,False,,,102210fe594ee9b33d82058545b1ed14f4c8206e,id-getter-5.html,perf_reftest_singletons,True,perf_reftest_singletons id-getter-5.html opt e10s fission stylo webrender,4767299,77,ms,firefox,455086414.0,1876436880,2024-04-18 21:15:15,475.34,eed297665148d999a1c59d7d6e66f6973e0dd84c,1411845,,,,,,,,,,,,,,,,,,,,,,,,,,,,,,,,,,,,,,,,,,,,,,,,,,,,,,,,,,,,,TN,TN
autoland,4767314,1,247a31fb40b3ac0b152bd3554743d742a3892fe3,linux1804-64-shippable-qr,True,False,,,102210fe594ee9b33d82058545b1ed14f4c8206e,id-getter-5.html,perf_reftest_singletons,True,perf_reftest_singletons id-getter-5.html opt e10s fission stylo webrender,4767299,77,ms,firefox,455109137.0,1876627578,2024-04-19 01:55:54,479.74,3e097fca93b9af809ad16ed1d5f0bdd874f8f8e2,1411981,,,,,,,,,,,,,,,,,,,,,,,,,,,,,,,,,,,,,,,,,,,,,,,,,,,,,,,,,,,,,TN,TN
autoland,4767314,1,247a31fb40b3ac0b152bd3554743d742a3892fe3,linux1804-64-shippable-qr,True,False,,,102210fe594ee9b33d82058545b1ed14f4c8206e,id-getter-5.html,perf_reftest_singletons,True,perf_reftest_singletons id-getter-5.html opt e10s fission stylo webrender,4767299,77,ms,firefox,455118814.0,1876785229,2024-04-19 06:08:52,468.35,99364906cd1d11016d0fc2dc03a8b7fd11705aa4,1412057,,,,,,,,,,,,,,,,,,,,,,,,,,,,,,,,,,,,,,,,,,,,,,,,,,,,,,,,,,,,,TN,TN
autoland,4767314,1,247a31fb40b3ac0b152bd3554743d742a3892fe3,linux1804-64-shippable-qr,True,False,,,102210fe594ee9b33d82058545b1ed14f4c8206e,id-getter-5.html,perf_reftest_singletons,True,perf_reftest_singletons id-getter-5.html opt e10s fission stylo webrender,4767299,77,ms,firefox,455147409.0,1876985735,2024-04-19 10:27:22,482.47,465ebfc7da3d3a6de812574016249ab37ab8605c,1412150,,,,,,,,,,,,,,,,,,,,,,,,,,,,,,,,,,,,,,,,,,,,,,,,,,,,,,,,,,,,,TN,TN
autoland,4767314,1,247a31fb40b3ac0b152bd3554743d742a3892fe3,linux1804-64-shippable-qr,True,False,,,102210fe594ee9b33d82058545b1ed14f4c8206e,id-getter-5.html,perf_reftest_singletons,True,perf_reftest_singletons id-getter-5.html opt e10s fission stylo webrender,4767299,77,ms,firefox,455184825.0,1877108894,2024-04-19 14:48:08,476.36,4b196ac64ccbf1061ee2c2835e31fe8b071b9099,1412270,,,,,,,,,,,,,,,,,,,,,,,,,,,,,,,,,,,,,,,,,,,,,,,,,,,,,,,,,,,,,TN,TN
autoland,4767314,1,247a31fb40b3ac0b152bd3554743d742a3892fe3,linux1804-64-shippable-qr,True,False,,,102210fe594ee9b33d82058545b1ed14f4c8206e,id-getter-5.html,perf_reftest_singletons,True,perf_reftest_singletons id-getter-5.html opt e10s fission stylo webrender,4767299,77,ms,firefox,455213728.0,1877247292,2024-04-19 18:48:31,471.71,cf54488baa94dff90075eb1c2e96afc7353a4eee,1412477,,,,,,,,,,,,,,,,,,,,,,,,,,,,,,,,,,,,,,,,,,,,,,,,,,,,,,,,,,,,,TN,TN
autoland,4767314,1,247a31fb40b3ac0b152bd3554743d742a3892fe3,linux1804-64-shippable-qr,True,False,,,102210fe594ee9b33d82058545b1ed14f4c8206e,id-getter-5.html,perf_reftest_singletons,True,perf_reftest_singletons id-getter-5.html opt e10s fission stylo webrender,4767299,77,ms,firefox,455241308.0,1877415820,2024-04-19 22:58:06,517.42,fd56e5907d69d8a14032cc7ec308f013a266ee16,1412613,,,,,,,,,,,,,,,,,,,,,,,,,,,,,,,,,,,,,,,,,,,,,,,,,,,,,,,,,,,,,TN,TN
autoland,4767314,1,247a31fb40b3ac0b152bd3554743d742a3892fe3,linux1804-64-shippable-qr,True,False,,,102210fe594ee9b33d82058545b1ed14f4c8206e,id-getter-5.html,perf_reftest_singletons,True,perf_reftest_singletons id-getter-5.html opt e10s fission stylo webrender,4767299,77,ms,firefox,455253369.0,1877512766,2024-04-20 05:31:24,475.86,4797f0a19ccc6dca6f6aa6710f76967e23ba6276,1412701,,,,,,,,,,,,,,,,,,,,,,,,,,,,,,,,,,,,,,,,,,,,,,,,,,,,,,,,,,,,,TN,TN
autoland,4767314,1,247a31fb40b3ac0b152bd3554743d742a3892fe3,linux1804-64-shippable-qr,True,False,,,102210fe594ee9b33d82058545b1ed14f4c8206e,id-getter-5.html,perf_reftest_singletons,True,perf_reftest_singletons id-getter-5.html opt e10s fission stylo webrender,4767299,77,ms,firefox,455283513.0,1877626798,2024-04-20 15:42:35,464.43,f5d9ea237d971478f314e77299398079989b786c,1412749,,,,,,,,,,,,,,,,,,,,,,,,,,,,,,,,,,,,,,,,,,,,,,,,,,,,,,,,,,,,,TN,TN
autoland,4767314,1,247a31fb40b3ac0b152bd3554743d742a3892fe3,linux1804-64-shippable-qr,True,False,,,102210fe594ee9b33d82058545b1ed14f4c8206e,id-getter-5.html,perf_reftest_singletons,True,perf_reftest_singletons id-getter-5.html opt e10s fission stylo webrender,4767299,77,ms,firefox,455289012.0,1877662817,2024-04-21 00:18:25,543.8199999999999,65ceed609eb489d653eefc7e22fa34f869027a26,1412781,,,,,,,,,,,,,,,,,,,,,,,,,,,,,,,,,,,,,,,,,,,,,,,,,,,,,,,,,,,,,TN,TN
autoland,4767314,1,247a31fb40b3ac0b152bd3554743d742a3892fe3,linux1804-64-shippable-qr,True,False,,,102210fe594ee9b33d82058545b1ed14f4c8206e,id-getter-5.html,perf_reftest_singletons,True,perf_reftest_singletons id-getter-5.html opt e10s fission stylo webrender,4767299,77,ms,firefox,455324466.0,1877836884,2024-04-21 21:40:30,475.13,400d4e6908a3aef8f83ae4db204d62e3e028f704,1412843,,,,,,,,,,,,,,,,,,,,,,,,,,,,,,,,,,,,,,,,,,,,,,,,,,,,,,,,,,,,,TN,TN
autoland,4767314,1,247a31fb40b3ac0b152bd3554743d742a3892fe3,linux1804-64-shippable-qr,True,False,,,102210fe594ee9b33d82058545b1ed14f4c8206e,id-getter-5.html,perf_reftest_singletons,True,perf_reftest_singletons id-getter-5.html opt e10s fission stylo webrender,4767299,77,ms,firefox,455334590.0,1877946453,2024-04-22 04:00:04,487.84,d4a6129fdbbe32300d5069df6ce47dd92f665c96,1412913,,,,,,,,,,,,,,,,,,,,,,,,,,,,,,,,,,,,,,,,,,,,,,,,,,,,,,,,,,,,,TN,TN
autoland,4767314,1,247a31fb40b3ac0b152bd3554743d742a3892fe3,linux1804-64-shippable-qr,True,False,,,102210fe594ee9b33d82058545b1ed14f4c8206e,id-getter-5.html,perf_reftest_singletons,True,perf_reftest_singletons id-getter-5.html opt e10s fission stylo webrender,4767299,77,ms,firefox,455346476.0,1878014297,2024-04-22 08:07:09,469.94,5a83d047329402d960e6c402c6deb27927a436c9,1412944,,,,,,,,,,,,,,,,,,,,,,,,,,,,,,,,,,,,,,,,,,,,,,,,,,,,,,,,,,,,,TN,TN
autoland,4767314,1,247a31fb40b3ac0b152bd3554743d742a3892fe3,linux1804-64-shippable-qr,True,False,,,102210fe594ee9b33d82058545b1ed14f4c8206e,id-getter-5.html,perf_reftest_singletons,True,perf_reftest_singletons id-getter-5.html opt e10s fission stylo webrender,4767299,77,ms,firefox,455383203.0,1878162051,2024-04-22 12:07:57,479.29,1c34b0b26d5a556ee695c70bd744ca9f129f456e,1413048,,,,,,,,,,,,,,,,,,,,,,,,,,,,,,,,,,,,,,,,,,,,,,,,,,,,,,,,,,,,,TN,TN
autoland,4767314,1,247a31fb40b3ac0b152bd3554743d742a3892fe3,linux1804-64-shippable-qr,True,False,,,102210fe594ee9b33d82058545b1ed14f4c8206e,id-getter-5.html,perf_reftest_singletons,True,perf_reftest_singletons id-getter-5.html opt e10s fission stylo webrender,4767299,77,ms,firefox,455436111.0,1878348950,2024-04-22 19:20:17,472.41,ed724b89a2c25252a6eab99f0fa48f85f2523b66,1413379,,,,,,,,,,,,,,,,,,,,,,,,,,,,,,,,,,,,,,,,,,,,,,,,,,,,,,,,,,,,,TN,TN
autoland,4767314,1,247a31fb40b3ac0b152bd3554743d742a3892fe3,linux1804-64-shippable-qr,True,False,,,102210fe594ee9b33d82058545b1ed14f4c8206e,id-getter-5.html,perf_reftest_singletons,True,perf_reftest_singletons id-getter-5.html opt e10s fission stylo webrender,4767299,77,ms,firefox,455470483.0,1878539030,2024-04-22 23:20:55,473.15,294255d7250372c7cd6256cb6d1da23325d1f728,1413581,,,,,,,,,,,,,,,,,,,,,,,,,,,,,,,,,,,,,,,,,,,,,,,,,,,,,,,,,,,,,TN,TN
autoland,4767314,1,247a31fb40b3ac0b152bd3554743d742a3892fe3,linux1804-64-shippable-qr,True,False,,,102210fe594ee9b33d82058545b1ed14f4c8206e,id-getter-5.html,perf_reftest_singletons,True,perf_reftest_singletons id-getter-5.html opt e10s fission stylo webrender,4767299,77,ms,firefox,455484958.0,1878605420,2024-04-23 03:59:43,537.6800000000001,074d29b6e81d7fbf5ac7dea664ffea6a59b41b80,1413693,,,,,,,,,,,,,,,,,,,,,,,,,,,,,,,,,,,,,,,,,,,,,,,,,,,,,,,,,,,,,TN,TN
autoland,4767314,1,247a31fb40b3ac0b152bd3554743d742a3892fe3,linux1804-64-shippable-qr,True,False,,,102210fe594ee9b33d82058545b1ed14f4c8206e,id-getter-5.html,perf_reftest_singletons,True,perf_reftest_singletons id-getter-5.html opt e10s fission stylo webrender,4767299,77,ms,firefox,455499190.0,1878743432,2024-04-23 08:01:00,463.05,5519716422b3e14060894caded45bac7a3aeb773,1413770,,,,,,,,,,,,,,,,,,,,,,,,,,,,,,,,,,,,,,,,,,,,,,,,,,,,,,,,,,,,,TN,TN
autoland,4767314,1,247a31fb40b3ac0b152bd3554743d742a3892fe3,linux1804-64-shippable-qr,True,False,,,102210fe594ee9b33d82058545b1ed14f4c8206e,id-getter-5.html,perf_reftest_singletons,True,perf_reftest_singletons id-getter-5.html opt e10s fission stylo webrender,4767299,77,ms,firefox,455537802.0,1878865427,2024-04-23 11:54:58,472.4,d0b5d121d8fc8ffddbec3e026a455ecfe0071347,1413921,,,,,,,,,,,,,,,,,,,,,,,,,,,,,,,,,,,,,,,,,,,,,,,,,,,,,,,,,,,,,TN,TN
autoland,4767314,1,247a31fb40b3ac0b152bd3554743d742a3892fe3,linux1804-64-shippable-qr,True,False,,,102210fe594ee9b33d82058545b1ed14f4c8206e,id-getter-5.html,perf_reftest_singletons,True,perf_reftest_singletons id-getter-5.html opt e10s fission stylo webrender,4767299,77,ms,firefox,455568790.0,1879093505,2024-04-23 15:44:45,462.06000000000006,058dc2e8394c7361874508e49f2bbbfc3173f1a9,1414120,,,,,,,,,,,,,,,,,,,,,,,,,,,,,,,,,,,,,,,,,,,,,,,,,,,,,,,,,,,,,TN,TN
autoland,4767314,1,247a31fb40b3ac0b152bd3554743d742a3892fe3,linux1804-64-shippable-qr,True,False,,,102210fe594ee9b33d82058545b1ed14f4c8206e,id-getter-5.html,perf_reftest_singletons,True,perf_reftest_singletons id-getter-5.html opt e10s fission stylo webrender,4767299,77,ms,firefox,455578729.0,1879127512,2024-04-23 18:21:27,462.32,1c40eb01d534a1c361c5c6fe0b3fdc64aed2c883,1414216,,,,,,,,,,,,,,,,,,,,,,,,,,,,,,,,,,,,,,,,,,,,,,,,,,,,,,,,,,,,,TN,TN
autoland,4767314,1,247a31fb40b3ac0b152bd3554743d742a3892fe3,linux1804-64-shippable-qr,True,False,,,102210fe594ee9b33d82058545b1ed14f4c8206e,id-getter-5.html,perf_reftest_singletons,True,perf_reftest_singletons id-getter-5.html opt e10s fission stylo webrender,4767299,77,ms,firefox,455613018.0,1879330009,2024-04-23 22:59:53,478.82,b516592332299274cdbcfd113f1d8a97cc0ee8af,1414419,,,,,,,,,,,,,,,,,,,,,,,,,,,,,,,,,,,,,,,,,,,,,,,,,,,,,,,,,,,,,TN,TN
autoland,4767314,1,247a31fb40b3ac0b152bd3554743d742a3892fe3,linux1804-64-shippable-qr,True,False,,,102210fe594ee9b33d82058545b1ed14f4c8206e,id-getter-5.html,perf_reftest_singletons,True,perf_reftest_singletons id-getter-5.html opt e10s fission stylo webrender,4767299,77,ms,firefox,455628844.0,1879413479,2024-04-24 03:55:37,515.71,3de3f9428f138bf269718fceb36c5112a195ca37,1414529,,,,,,,,,,,,,,,,,,,,,,,,,,,,,,,,,,,,,,,,,,,,,,,,,,,,,,,,,,,,,TN,TN
autoland,4767314,1,247a31fb40b3ac0b152bd3554743d742a3892fe3,linux1804-64-shippable-qr,True,False,,,102210fe594ee9b33d82058545b1ed14f4c8206e,id-getter-5.html,perf_reftest_singletons,True,perf_reftest_singletons id-getter-5.html opt e10s fission stylo webrender,4767299,77,ms,firefox,455651437.0,1879571098,2024-04-24 07:56:15,475.75,fd7d96cffddb9a76a1ecc148c3b284e8003fe6b9,1414632,,,,,,,,,,,,,,,,,,,,,,,,,,,,,,,,,,,,,,,,,,,,,,,,,,,,,,,,,,,,,TN,TN
autoland,4767314,1,247a31fb40b3ac0b152bd3554743d742a3892fe3,linux1804-64-shippable-qr,True,False,,,102210fe594ee9b33d82058545b1ed14f4c8206e,id-getter-5.html,perf_reftest_singletons,True,perf_reftest_singletons id-getter-5.html opt e10s fission stylo webrender,4767299,77,ms,firefox,455698720.0,1879778174,2024-04-24 12:15:38,471.95,87963547052db96296ae50e55c8266cbfc3bd922,1414844,,,,,,,,,,,,,,,,,,,,,,,,,,,,,,,,,,,,,,,,,,,,,,,,,,,,,,,,,,,,,TN,TN
autoland,4767314,1,247a31fb40b3ac0b152bd3554743d742a3892fe3,linux1804-64-shippable-qr,True,False,,,102210fe594ee9b33d82058545b1ed14f4c8206e,id-getter-5.html,perf_reftest_singletons,True,perf_reftest_singletons id-getter-5.html opt e10s fission stylo webrender,4767299,77,ms,firefox,455750779.0,113361,2024-04-25 00:20:54,471.92,ec5140ea1b1384a44d1ce6e0271fc97472399e96,1415370,,,,,,,,,,,,,,,,,,,,,,,,,,,,,,,,,,,,,,,,,,,,,,,,,,,,,,,,,,,,,TN,TN
autoland,4767314,1,247a31fb40b3ac0b152bd3554743d742a3892fe3,linux1804-64-shippable-qr,True,False,,,102210fe594ee9b33d82058545b1ed14f4c8206e,id-getter-5.html,perf_reftest_singletons,True,perf_reftest_singletons id-getter-5.html opt e10s fission stylo webrender,4767299,77,ms,firefox,455773501.0,209712,2024-04-25 02:34:18,487.91,cffa531d3b2e833bda2b3f035d37edb92f838428,1415633,,,,,,,,,,,,,,,,,,,,,,,,,,,,,,,,,,,,,,,,,,,,,,,,,,,,,,,,,,,,,TN,TN
autoland,4767314,1,247a31fb40b3ac0b152bd3554743d742a3892fe3,linux1804-64-shippable-qr,True,False,,,102210fe594ee9b33d82058545b1ed14f4c8206e,id-getter-5.html,perf_reftest_singletons,True,perf_reftest_singletons id-getter-5.html opt e10s fission stylo webrender,4767299,77,ms,firefox,455788214.0,294770,2024-04-25 05:01:58,463.36,792c9892791495e8f13e77e5a78bfda83ab7a455,1415718,,,,,,,,,,,,,,,,,,,,,,,,,,,,,,,,,,,,,,,,,,,,,,,,,,,,,,,,,,,,,TN,TN
autoland,4767314,1,247a31fb40b3ac0b152bd3554743d742a3892fe3,linux1804-64-shippable-qr,True,False,,,102210fe594ee9b33d82058545b1ed14f4c8206e,id-getter-5.html,perf_reftest_singletons,True,perf_reftest_singletons id-getter-5.html opt e10s fission stylo webrender,4767299,77,ms,firefox,455808803.0,485007,2024-04-25 09:09:49,478.07,5b0d6bb6f3780aaf074d79548381fd6e7a565b85,1415822,,,,,,,,,,,,,,,,,,,,,,,,,,,,,,,,,,,,,,,,,,,,,,,,,,,,,,,,,,,,,TN,TN
autoland,4767314,1,247a31fb40b3ac0b152bd3554743d742a3892fe3,linux1804-64-shippable-qr,True,False,,,102210fe594ee9b33d82058545b1ed14f4c8206e,id-getter-5.html,perf_reftest_singletons,True,perf_reftest_singletons id-getter-5.html opt e10s fission stylo webrender,4767299,77,ms,firefox,455854236.0,642732,2024-04-25 13:10:04,525.57,88f7b12683ce863c6ca742ac14e176ee045383bd,1416008,,,,,,,,,,,,,,,,,,,,,,,,,,,,,,,,,,,,,,,,,,,,,,,,,,,,,,,,,,,,,TN,TN
autoland,4767314,1,247a31fb40b3ac0b152bd3554743d742a3892fe3,linux1804-64-shippable-qr,True,False,,,102210fe594ee9b33d82058545b1ed14f4c8206e,id-getter-5.html,perf_reftest_singletons,True,perf_reftest_singletons id-getter-5.html opt e10s fission stylo webrender,4767299,77,ms,firefox,455878948.0,757121,2024-04-25 16:29:00,473.37,6611338ffbdafbbc5b82211b1c255353bdb30763,1416183,,,,,,,,,,,,,,,,,,,,,,,,,,,,,,,,,,,,,,,,,,,,,,,,,,,,,,,,,,,,,TN,TN
autoland,4767314,1,247a31fb40b3ac0b152bd3554743d742a3892fe3,linux1804-64-shippable-qr,True,False,,,102210fe594ee9b33d82058545b1ed14f4c8206e,id-getter-5.html,perf_reftest_singletons,True,perf_reftest_singletons id-getter-5.html opt e10s fission stylo webrender,4767299,77,ms,firefox,455918977.0,904145,2024-04-25 21:12:20,480.67,6a497992821d53c3704819a4f43c6a7d3234c5a2,1416361,,,,,,,,,,,,,,,,,,,,,,,,,,,,,,,,,,,,,,,,,,,,,,,,,,,,,,,,,,,,,TN,TN
autoland,4767314,1,247a31fb40b3ac0b152bd3554743d742a3892fe3,linux1804-64-shippable-qr,True,False,,,102210fe594ee9b33d82058545b1ed14f4c8206e,id-getter-5.html,perf_reftest_singletons,True,perf_reftest_singletons id-getter-5.html opt e10s fission stylo webrender,4767299,77,ms,firefox,455942746.0,1019234,2024-04-26 01:33:24,463.56,b89431ee0f24bcb481d894ad21288e4f09e1960d,1416487,,,,,,,,,,,,,,,,,,,,,,,,,,,,,,,,,,,,,,,,,,,,,,,,,,,,,,,,,,,,,TN,TN
autoland,4767314,1,247a31fb40b3ac0b152bd3554743d742a3892fe3,linux1804-64-shippable-qr,True,False,,,102210fe594ee9b33d82058545b1ed14f4c8206e,id-getter-5.html,perf_reftest_singletons,True,perf_reftest_singletons id-getter-5.html opt e10s fission stylo webrender,4767299,77,ms,firefox,455955303.0,1103275,2024-04-26 05:34:38,470.97,ed2448d27fe2e034cd5804dc7310c3f72ac2eaa5,1416537,,,,,,,,,,,,,,,,,,,,,,,,,,,,,,,,,,,,,,,,,,,,,,,,,,,,,,,,,,,,,TN,TN
autoland,4767314,1,247a31fb40b3ac0b152bd3554743d742a3892fe3,linux1804-64-shippable-qr,True,False,,,102210fe594ee9b33d82058545b1ed14f4c8206e,id-getter-5.html,perf_reftest_singletons,True,perf_reftest_singletons id-getter-5.html opt e10s fission stylo webrender,4767299,77,ms,firefox,455984822.0,1275600,2024-04-26 09:39:43,460.15,c8be3827903b85cfb4313957b4f308f696d3b0fe,1416671,,,,,,,,,,,,,,,,,,,,,,,,,,,,,,,,,,,,,,,,,,,,,,,,,,,,,,,,,,,,,TN,TN
autoland,4767314,1,247a31fb40b3ac0b152bd3554743d742a3892fe3,linux1804-64-shippable-qr,True,False,,,102210fe594ee9b33d82058545b1ed14f4c8206e,id-getter-5.html,perf_reftest_singletons,True,perf_reftest_singletons id-getter-5.html opt e10s fission stylo webrender,4767299,77,ms,firefox,456023151.0,1384815,2024-04-26 13:51:38,480.46,462f013c08cacd7abfae1f2d1bf26354372a829f,1416831,,,,,,,,,,,,,,,,,,,,,,,,,,,,,,,,,,,,,,,,,,,,,,,,,,,,,,,,,,,,,TN,TN
autoland,4767314,1,247a31fb40b3ac0b152bd3554743d742a3892fe3,linux1804-64-shippable-qr,True,False,,,102210fe594ee9b33d82058545b1ed14f4c8206e,id-getter-5.html,perf_reftest_singletons,True,perf_reftest_singletons id-getter-5.html opt e10s fission stylo webrender,4767299,77,ms,firefox,456057868.0,1566245,2024-04-26 17:53:01,505.49,ed101e266315213d1ad0a423c49bade6ff5df172,1417003,,,,,,,,,,,,,,,,,,,,,,,,,,,,,,,,,,,,,,,,,,,,,,,,,,,,,,,,,,,,,TN,TN
autoland,4767314,1,247a31fb40b3ac0b152bd3554743d742a3892fe3,linux1804-64-shippable-qr,True,False,,,102210fe594ee9b33d82058545b1ed14f4c8206e,id-getter-5.html,perf_reftest_singletons,True,perf_reftest_singletons id-getter-5.html opt e10s fission stylo webrender,4767299,77,ms,firefox,456079632.0,1650661,2024-04-26 22:54:36,473.75,7b85c82d731ddab976c6abe7e54685cacaebba41,1417188,,,,,,,,,,,,,,,,,,,,,,,,,,,,,,,,,,,,,,,,,,,,,,,,,,,,,,,,,,,,,TN,TN
autoland,4767314,1,247a31fb40b3ac0b152bd3554743d742a3892fe3,linux1804-64-shippable-qr,True,False,,,102210fe594ee9b33d82058545b1ed14f4c8206e,id-getter-5.html,perf_reftest_singletons,True,perf_reftest_singletons id-getter-5.html opt e10s fission stylo webrender,4767299,77,ms,firefox,456093496.0,1735800,2024-04-27 03:46:15,475.2600000000001,45defed78aafc90410c68310027bf771bcfc5968,1417229,,,,,,,,,,,,,,,,,,,,,,,,,,,,,,,,,,,,,,,,,,,,,,,,,,,,,,,,,,,,,TN,TN
autoland,4767314,1,247a31fb40b3ac0b152bd3554743d742a3892fe3,linux1804-64-shippable-qr,True,False,,,102210fe594ee9b33d82058545b1ed14f4c8206e,id-getter-5.html,perf_reftest_singletons,True,perf_reftest_singletons id-getter-5.html opt e10s fission stylo webrender,4767299,77,ms,firefox,456112700.0,1838533,2024-04-27 10:47:32,484.63,b694b588a2936a5c99a0ecf2d9d8fb6382a2bff4,1417256,,,,,,,,,,,,,,,,,,,,,,,,,,,,,,,,,,,,,,,,,,,,,,,,,,,,,,,,,,,,,TN,TN
autoland,4767314,1,247a31fb40b3ac0b152bd3554743d742a3892fe3,linux1804-64-shippable-qr,True,False,,,102210fe594ee9b33d82058545b1ed14f4c8206e,id-getter-5.html,perf_reftest_singletons,True,perf_reftest_singletons id-getter-5.html opt e10s fission stylo webrender,4767299,77,ms,firefox,456135843.0,1935573,2024-04-27 18:43:51,485.51,69bb72420e433fa8d66fff354e5ce90402289ac1,1417294,,,,,,,,,,,,,,,,,,,,,,,,,,,,,,,,,,,,,,,,,,,,,,,,,,,,,,,,,,,,,TN,TN
autoland,4767314,1,247a31fb40b3ac0b152bd3554743d742a3892fe3,linux1804-64-shippable-qr,True,False,,,102210fe594ee9b33d82058545b1ed14f4c8206e,id-getter-5.html,perf_reftest_singletons,True,perf_reftest_singletons id-getter-5.html opt e10s fission stylo webrender,4767299,77,ms,firefox,456148978.0,2008520,2024-04-27 22:45:22,478.14,8256dde0533523666a60914881f81717e1705f8a,1417317,,,,,,,,,,,,,,,,,,,,,,,,,,,,,,,,,,,,,,,,,,,,,,,,,,,,,,,,,,,,,TN,TN
autoland,4767314,1,247a31fb40b3ac0b152bd3554743d742a3892fe3,linux1804-64-shippable-qr,True,False,,,102210fe594ee9b33d82058545b1ed14f4c8206e,id-getter-5.html,perf_reftest_singletons,True,perf_reftest_singletons id-getter-5.html opt e10s fission stylo webrender,4767299,77,ms,firefox,456156739.0,2041062,2024-04-28 03:23:06,462.19000000000005,d1651fe33156a2aab5884ab1eaaaa8c5dd64631d,1417329,,,,,,,,,,,,,,,,,,,,,,,,,,,,,,,,,,,,,,,,,,,,,,,,,,,,,,,,,,,,,TN,TN
autoland,4767314,1,247a31fb40b3ac0b152bd3554743d742a3892fe3,linux1804-64-shippable-qr,True,False,,,102210fe594ee9b33d82058545b1ed14f4c8206e,id-getter-5.html,perf_reftest_singletons,True,perf_reftest_singletons id-getter-5.html opt e10s fission stylo webrender,4767299,77,ms,firefox,456178602.0,2136425,2024-04-28 10:04:44,518.28,e479324bc8bb9135d7a48ad8ebc677725f27de37,1417378,,,,,,,,,,,,,,,,,,,,,,,,,,,,,,,,,,,,,,,,,,,,,,,,,,,,,,,,,,,,,TN,TN
autoland,4767314,1,247a31fb40b3ac0b152bd3554743d742a3892fe3,linux1804-64-shippable-qr,True,False,,,102210fe594ee9b33d82058545b1ed14f4c8206e,id-getter-5.html,perf_reftest_singletons,True,perf_reftest_singletons id-getter-5.html opt e10s fission stylo webrender,4767299,77,ms,firefox,456188365.0,2192438,2024-04-28 14:13:44,475.65,f157e5d64220507743654737cdd9b5e74f4f3ed5,1417383,,,,,,,,,,,,,,,,,,,,,,,,,,,,,,,,,,,,,,,,,,,,,,,,,,,,,,,,,,,,,TN,TN
autoland,4767314,1,247a31fb40b3ac0b152bd3554743d742a3892fe3,linux1804-64-shippable-qr,True,False,,,102210fe594ee9b33d82058545b1ed14f4c8206e,id-getter-5.html,perf_reftest_singletons,True,perf_reftest_singletons id-getter-5.html opt e10s fission stylo webrender,4767299,77,ms,firefox,456191675.0,2216033,2024-04-28 19:02:33,528.44,717a883474bedbbf5f420ffd52c76d3f6d4b910d,1417402,,,,,,,,,,,,,,,,,,,,,,,,,,,,,,,,,,,,,,,,,,,,,,,,,,,,,,,,,,,,,TN,TN
autoland,4767314,1,247a31fb40b3ac0b152bd3554743d742a3892fe3,linux1804-64-shippable-qr,True,False,,,102210fe594ee9b33d82058545b1ed14f4c8206e,id-getter-5.html,perf_reftest_singletons,True,perf_reftest_singletons id-getter-5.html opt e10s fission stylo webrender,4767299,77,ms,firefox,456207880.0,2285141,2024-04-29 00:22:43,483.43,0481d43263e16ab0b359e3c85888197704857817,1417434,,,,,,,,,,,,,,,,,,,,,,,,,,,,,,,,,,,,,,,,,,,,,,,,,,,,,,,,,,,,,TN,TN
autoland,4767314,1,247a31fb40b3ac0b152bd3554743d742a3892fe3,linux1804-64-shippable-qr,True,False,,,102210fe594ee9b33d82058545b1ed14f4c8206e,id-getter-5.html,perf_reftest_singletons,True,perf_reftest_singletons id-getter-5.html opt e10s fission stylo webrender,4767299,77,ms,firefox,456215201.0,2344114,2024-04-29 06:17:09,478.68,6b17c605c084e2db078b234e703a176d3b427fe1,1417456,,,,,,,,,,,,,,,,,,,,,,,,,,,,,,,,,,,,,,,,,,,,,,,,,,,,,,,,,,,,,TN,TN
autoland,4767314,1,247a31fb40b3ac0b152bd3554743d742a3892fe3,linux1804-64-shippable-qr,True,False,,,102210fe594ee9b33d82058545b1ed14f4c8206e,id-getter-5.html,perf_reftest_singletons,True,perf_reftest_singletons id-getter-5.html opt e10s fission stylo webrender,4767299,77,ms,firefox,456247470.0,2516598,2024-04-29 10:38:34,500.43,04a668ef9c909b54153526f6b4e28b4287e80664,1417565,,,,,,,,,,,,,,,,,,,,,,,,,,,,,,,,,,,,,,,,,,,,,,,,,,,,,,,,,,,,,TN,TN
autoland,4767314,1,247a31fb40b3ac0b152bd3554743d742a3892fe3,linux1804-64-shippable-qr,True,False,,,102210fe594ee9b33d82058545b1ed14f4c8206e,id-getter-5.html,perf_reftest_singletons,True,perf_reftest_singletons id-getter-5.html opt e10s fission stylo webrender,4767299,77,ms,firefox,456292219.0,2688277,2024-04-29 14:46:23,475.5100000000001,650dda9187436a12c66c2e81441e68e1d481e164,1417768,,,,,,,,,,,,,,,,,,,,,,,,,,,,,,,,,,,,,,,,,,,,,,,,,,,,,,,,,,,,,TN,TN
autoland,4767314,1,247a31fb40b3ac0b152bd3554743d742a3892fe3,linux1804-64-shippable-qr,True,False,,,102210fe594ee9b33d82058545b1ed14f4c8206e,id-getter-5.html,perf_reftest_singletons,True,perf_reftest_singletons id-getter-5.html opt e10s fission stylo webrender,4767299,77,ms,firefox,456326323.0,2905554,2024-04-29 17:19:25,501.77,fb9d21d9a3f911f1748f03b323b8358292a5588c,1417921,,,,,,,,,,,,,,,,,,,,,,,,,,,,,,,,,,,,,,,,,,,,,,,,,,,,,,,,,,,,,TN,TN
autoland,4767314,1,247a31fb40b3ac0b152bd3554743d742a3892fe3,linux1804-64-shippable-qr,True,False,,,102210fe594ee9b33d82058545b1ed14f4c8206e,id-getter-5.html,perf_reftest_singletons,True,perf_reftest_singletons id-getter-5.html opt e10s fission stylo webrender,4767299,77,ms,firefox,456342139.0,2982680,2024-04-29 19:52:22,300.97,e9cdeeb2f957d210479897325c1d72ded8f512a4,1418020,,,,,,,,,,,,,,,,,,,,,,,,,,,,,,,,,,,,,,,,,,,,,,,,,,,,,,,,,,,,,TN,TN
autoland,4767314,1,247a31fb40b3ac0b152bd3554743d742a3892fe3,linux1804-64-shippable-qr,True,False,,,102210fe594ee9b33d82058545b1ed14f4c8206e,id-getter-5.html,perf_reftest_singletons,True,perf_reftest_singletons id-getter-5.html opt e10s fission stylo webrender,4767299,77,ms,firefox,456367776.0,3071003,2024-04-30 00:02:50,489.64,660a39c9cdc7fc3c728c5da5ccaa8856854fa346,1418169,,,,,,,,,,,,,,,,,,,,,,,,,,,,,,,,,,,,,,,,,,,,,,,,,,,,,,,,,,,,,TN,TN
autoland,4767314,1,247a31fb40b3ac0b152bd3554743d742a3892fe3,linux1804-64-shippable-qr,True,False,,,102210fe594ee9b33d82058545b1ed14f4c8206e,id-getter-5.html,perf_reftest_singletons,True,perf_reftest_singletons id-getter-5.html opt e10s fission stylo webrender,4767299,77,ms,firefox,456378510.0,3129001,2024-04-30 05:00:53,476.21,0c6cd807867dbaf592b3c7db4eef81220fe03acf,1418256,,,,,,,,,,,,,,,,,,,,,,,,,,,,,,,,,,,,,,,,,,,,,,,,,,,,,,,,,,,,,TN,TN
autoland,4767314,1,247a31fb40b3ac0b152bd3554743d742a3892fe3,linux1804-64-shippable-qr,True,False,,,102210fe594ee9b33d82058545b1ed14f4c8206e,id-getter-5.html,perf_reftest_singletons,True,perf_reftest_singletons id-getter-5.html opt e10s fission stylo webrender,4767299,77,ms,firefox,456395773.0,3560776,2024-04-30 09:02:30,463.37,5502377f2629549b2b7c5368c980d0487ed281d4,1418348,,,,,,,,,,,,,,,,,,,,,,,,,,,,,,,,,,,,,,,,,,,,,,,,,,,,,,,,,,,,,TN,TN
autoland,4767314,1,247a31fb40b3ac0b152bd3554743d742a3892fe3,linux1804-64-shippable-qr,True,False,,,102210fe594ee9b33d82058545b1ed14f4c8206e,id-getter-5.html,perf_reftest_singletons,True,perf_reftest_singletons id-getter-5.html opt e10s fission stylo webrender,4767299,77,ms,firefox,456438056.0,3578478,2024-04-30 13:09:55,459.5,df31c6244c03bc65932fec706fefedf091587459,1418487,,,,,,,,,,,,,,,,,,,,,,,,,,,,,,,,,,,,,,,,,,,,,,,,,,,,,,,,,,,,,TN,TN
autoland,4767314,1,247a31fb40b3ac0b152bd3554743d742a3892fe3,linux1804-64-shippable-qr,True,False,,,102210fe594ee9b33d82058545b1ed14f4c8206e,id-getter-5.html,perf_reftest_singletons,True,perf_reftest_singletons id-getter-5.html opt e10s fission stylo webrender,4767299,77,ms,firefox,456460909.0,3582082,2024-04-30 16:26:23,467.85,8f7500d7e530d9db7e5101922db97ea633705f4e,1418685,,,,,,,,,,,,,,,,,,,,,,,,,,,,,,,,,,,,,,,,,,,,,,,,,,,,,,,,,,,,,TN,TN
autoland,4767314,1,247a31fb40b3ac0b152bd3554743d742a3892fe3,linux1804-64-shippable-qr,True,False,,,102210fe594ee9b33d82058545b1ed14f4c8206e,id-getter-5.html,perf_reftest_singletons,True,perf_reftest_singletons id-getter-5.html opt e10s fission stylo webrender,4767299,77,ms,firefox,456483023.0,3614341,2024-04-30 19:24:53,460.88,ec8f015d7e7237118cd2c9633310bf3b43bc902b,1418797,,,,,,,,,,,,,,,,,,,,,,,,,,,,,,,,,,,,,,,,,,,,,,,,,,,,,,,,,,,,,TN,TN
autoland,4767314,1,247a31fb40b3ac0b152bd3554743d742a3892fe3,linux1804-64-shippable-qr,True,False,,,102210fe594ee9b33d82058545b1ed14f4c8206e,id-getter-5.html,perf_reftest_singletons,True,perf_reftest_singletons id-getter-5.html opt e10s fission stylo webrender,4767299,77,ms,firefox,456512955.0,3730279,2024-04-30 23:32:26,465.94,cd22a3f9463d7df724c7e17c83b6f9d8fe0dd54e,1418926,,,,,,,,,,,,,,,,,,,,,,,,,,,,,,,,,,,,,,,,,,,,,,,,,,,,,,,,,,,,,TN,TN
autoland,4767314,1,247a31fb40b3ac0b152bd3554743d742a3892fe3,linux1804-64-shippable-qr,True,False,,,102210fe594ee9b33d82058545b1ed14f4c8206e,id-getter-5.html,perf_reftest_singletons,True,perf_reftest_singletons id-getter-5.html opt e10s fission stylo webrender,4767299,77,ms,firefox,456523237.0,3815132,2024-05-01 03:47:22,489.43,5801de1f3daa092cf721149dc96e7b073c172a92,1419018,,,,,,,,,,,,,,,,,,,,,,,,,,,,,,,,,,,,,,,,,,,,,,,,,,,,,,,,,,,,,TN,TN
autoland,4767314,1,247a31fb40b3ac0b152bd3554743d742a3892fe3,linux1804-64-shippable-qr,True,False,,,102210fe594ee9b33d82058545b1ed14f4c8206e,id-getter-5.html,perf_reftest_singletons,True,perf_reftest_singletons id-getter-5.html opt e10s fission stylo webrender,4767299,77,ms,firefox,456531686.0,3883440,2024-05-01 07:50:28,463.69,287f670c824ebf9c8dbde990f795f92c94af4882,1419058,,,,,,,,,,,,,,,,,,,,,,,,,,,,,,,,,,,,,,,,,,,,,,,,,,,,,,,,,,,,,TN,TN
autoland,4767314,1,247a31fb40b3ac0b152bd3554743d742a3892fe3,linux1804-64-shippable-qr,True,False,,,102210fe594ee9b33d82058545b1ed14f4c8206e,id-getter-5.html,perf_reftest_singletons,True,perf_reftest_singletons id-getter-5.html opt e10s fission stylo webrender,4767299,77,ms,firefox,456578996.0,4072587,2024-05-01 18:27:07,481.0,0c09216614e40f92d253d63a3699eb680be6773a,1419281,,,,,,,,,,,,,,,,,,,,,,,,,,,,,,,,,,,,,,,,,,,,,,,,,,,,,,,,,,,,,TN,TN
autoland,4767314,1,247a31fb40b3ac0b152bd3554743d742a3892fe3,linux1804-64-shippable-qr,True,False,,,102210fe594ee9b33d82058545b1ed14f4c8206e,id-getter-5.html,perf_reftest_singletons,True,perf_reftest_singletons id-getter-5.html opt e10s fission stylo webrender,4767299,77,ms,firefox,456596111.0,4165884,2024-05-01 20:27:27,479.96,b8f4a7d4d873dccbf25b9bc2f3510753c2b3fde7,1419379,,,,,,,,,,,,,,,,,,,,,,,,,,,,,,,,,,,,,,,,,,,,,,,,,,,,,,,,,,,,,TN,TN
autoland,4767314,1,247a31fb40b3ac0b152bd3554743d742a3892fe3,linux1804-64-shippable-qr,True,False,,,102210fe594ee9b33d82058545b1ed14f4c8206e,id-getter-5.html,perf_reftest_singletons,True,perf_reftest_singletons id-getter-5.html opt e10s fission stylo webrender,4767299,77,ms,firefox,456615629.0,4286325,2024-05-01 23:13:57,470.2800000000001,533fbd9c5056d0b2611e332cddafd7337193d64f,1419453,,,,,,,,,,,,,,,,,,,,,,,,,,,,,,,,,,,,,,,,,,,,,,,,,,,,,,,,,,,,,TN,TN
autoland,4767314,1,247a31fb40b3ac0b152bd3554743d742a3892fe3,linux1804-64-shippable-qr,True,False,,,102210fe594ee9b33d82058545b1ed14f4c8206e,id-getter-5.html,perf_reftest_singletons,True,perf_reftest_singletons id-getter-5.html opt e10s fission stylo webrender,4767299,77,ms,firefox,456635199.0,4350543,2024-05-02 04:22:12,487.86,dda5d5286866494223d6cc52382d52032d961218,1419529,,,,,,,,,,,,,,,,,,,,,,,,,,,,,,,,,,,,,,,,,,,,,,,,,,,,,,,,,,,,,TN,TN
autoland,4767314,1,247a31fb40b3ac0b152bd3554743d742a3892fe3,linux1804-64-shippable-qr,True,False,,,102210fe594ee9b33d82058545b1ed14f4c8206e,id-getter-5.html,perf_reftest_singletons,True,perf_reftest_singletons id-getter-5.html opt e10s fission stylo webrender,4767299,77,ms,firefox,456659733.0,4566719,2024-05-02 08:48:43,480.33,8f1e622a3413df009913d856f603c77b8e637efc,1419618,,,,,,,,,,,,,,,,,,,,,,,,,,,,,,,,,,,,,,,,,,,,,,,,,,,,,,,,,,,,,TN,TN
autoland,4767314,1,247a31fb40b3ac0b152bd3554743d742a3892fe3,linux1804-64-shippable-qr,True,False,,,102210fe594ee9b33d82058545b1ed14f4c8206e,id-getter-5.html,perf_reftest_singletons,True,perf_reftest_singletons id-getter-5.html opt e10s fission stylo webrender,4767299,77,ms,firefox,456698442.0,4787053,2024-05-02 12:53:32,463.62,ea25d02dac47e6880ab5b936adc308c24cbeab32,1419765,,,,,,,,,,,,,,,,,,,,,,,,,,,,,,,,,,,,,,,,,,,,,,,,,,,,,,,,,,,,,TN,TN
autoland,4767314,1,247a31fb40b3ac0b152bd3554743d742a3892fe3,linux1804-64-shippable-qr,True,False,,,102210fe594ee9b33d82058545b1ed14f4c8206e,id-getter-5.html,perf_reftest_singletons,True,perf_reftest_singletons id-getter-5.html opt e10s fission stylo webrender,4767299,77,ms,firefox,456720839.0,4879689,2024-05-02 15:44:03,478.05000000000007,91cfcfc5935b5ac51c36c1a08a064c33a2d96fd5,1419950,,,,,,,,,,,,,,,,,,,,,,,,,,,,,,,,,,,,,,,,,,,,,,,,,,,,,,,,,,,,,TN,TN
autoland,4767314,1,247a31fb40b3ac0b152bd3554743d742a3892fe3,linux1804-64-shippable-qr,True,False,,,102210fe594ee9b33d82058545b1ed14f4c8206e,id-getter-5.html,perf_reftest_singletons,True,perf_reftest_singletons id-getter-5.html opt e10s fission stylo webrender,4767299,77,ms,firefox,456738088.0,4973079,2024-05-02 17:57:36,459.72,3a0b95c0a8b3e334c5811a26420f39aaba7e5be3,1420053,,,,,,,,,,,,,,,,,,,,,,,,,,,,,,,,,,,,,,,,,,,,,,,,,,,,,,,,,,,,,TN,TN
autoland,4767314,1,247a31fb40b3ac0b152bd3554743d742a3892fe3,linux1804-64-shippable-qr,True,False,,,102210fe594ee9b33d82058545b1ed14f4c8206e,id-getter-5.html,perf_reftest_singletons,True,perf_reftest_singletons id-getter-5.html opt e10s fission stylo webrender,4767299,77,ms,firefox,456779239.0,5153599,2024-05-02 23:51:01,482.04,f5cfc0ea73926b119ca193381efffbfa5859d867,1420328,,,,,,,,,,,,,,,,,,,,,,,,,,,,,,,,,,,,,,,,,,,,,,,,,,,,,,,,,,,,,TN,TN
autoland,4767314,1,247a31fb40b3ac0b152bd3554743d742a3892fe3,linux1804-64-shippable-qr,True,False,,,102210fe594ee9b33d82058545b1ed14f4c8206e,id-getter-5.html,perf_reftest_singletons,True,perf_reftest_singletons id-getter-5.html opt e10s fission stylo webrender,4767299,77,ms,firefox,456789353.0,5266600,2024-05-03 04:04:06,458.84,c5c13444d9afc38f2ee8d567a1a17f26a9b6659b,1420386,,,,,,,,,,,,,,,,,,,,,,,,,,,,,,,,,,,,,,,,,,,,,,,,,,,,,,,,,,,,,TN,TN
autoland,4767314,1,247a31fb40b3ac0b152bd3554743d742a3892fe3,linux1804-64-shippable-qr,True,False,,,102210fe594ee9b33d82058545b1ed14f4c8206e,id-getter-5.html,perf_reftest_singletons,True,perf_reftest_singletons id-getter-5.html opt e10s fission stylo webrender,4767299,77,ms,firefox,456818392.0,5378388,2024-05-03 08:10:40,470.32,fd534101970b397f34b099196fabc43b927c7fcf,1420452,,,,,,,,,,,,,,,,,,,,,,,,,,,,,,,,,,,,,,,,,,,,,,,,,,,,,,,,,,,,,TN,TN
autoland,4767314,1,247a31fb40b3ac0b152bd3554743d742a3892fe3,linux1804-64-shippable-qr,True,False,,,102210fe594ee9b33d82058545b1ed14f4c8206e,id-getter-5.html,perf_reftest_singletons,True,perf_reftest_singletons id-getter-5.html opt e10s fission stylo webrender,4767299,77,ms,firefox,456849325.0,5518311,2024-05-03 12:18:12,516.6800000000001,e91d8e436dcc57f87d15822b1dc5b12644cb980e,1420590,,,,,,,,,,,,,,,,,,,,,,,,,,,,,,,,,,,,,,,,,,,,,,,,,,,,,,,,,,,,,TN,TN
autoland,4767314,1,247a31fb40b3ac0b152bd3554743d742a3892fe3,linux1804-64-shippable-qr,True,False,,,102210fe594ee9b33d82058545b1ed14f4c8206e,id-getter-5.html,perf_reftest_singletons,True,perf_reftest_singletons id-getter-5.html opt e10s fission stylo webrender,4767299,77,ms,firefox,456887328.0,5765822,2024-05-03 16:29:14,484.02,0a8a8f84140a331e815f8520a76a3c928e4486ea,1420823,,,,,,,,,,,,,,,,,,,,,,,,,,,,,,,,,,,,,,,,,,,,,,,,,,,,,,,,,,,,,TN,TN
autoland,4767314,1,247a31fb40b3ac0b152bd3554743d742a3892fe3,linux1804-64-shippable-qr,True,False,,,102210fe594ee9b33d82058545b1ed14f4c8206e,id-getter-5.html,perf_reftest_singletons,True,perf_reftest_singletons id-getter-5.html opt e10s fission stylo webrender,4767299,77,ms,firefox,456908099.0,5936618,2024-05-03 19:41:01,484.11,1e88e24f01e40c6d9b7e3f222f4fbb0d55c9639d,1420975,,,,,,,,,,,,,,,,,,,,,,,,,,,,,,,,,,,,,,,,,,,,,,,,,,,,,,,,,,,,,TN,TN
autoland,4767314,1,247a31fb40b3ac0b152bd3554743d742a3892fe3,linux1804-64-shippable-qr,True,False,,,102210fe594ee9b33d82058545b1ed14f4c8206e,id-getter-5.html,perf_reftest_singletons,True,perf_reftest_singletons id-getter-5.html opt e10s fission stylo webrender,4767299,77,ms,firefox,456934521.0,6075622,2024-05-04 00:06:35,485.46,b5ebcaf20c9cca5a0f4b965c398f0f26296df1b5,1421120,,,,,,,,,,,,,,,,,,,,,,,,,,,,,,,,,,,,,,,,,,,,,,,,,,,,,,,,,,,,,TN,TN
autoland,4767314,1,247a31fb40b3ac0b152bd3554743d742a3892fe3,linux1804-64-shippable-qr,True,False,,,102210fe594ee9b33d82058545b1ed14f4c8206e,id-getter-5.html,perf_reftest_singletons,True,perf_reftest_singletons id-getter-5.html opt e10s fission stylo webrender,4767299,77,ms,firefox,456960131.0,6279549,2024-05-04 09:19:48,469.2000000000001,a546ec29a8018c8e98e738460e9bdfd5d4003690,1421174,,,,,,,,,,,,,,,,,,,,,,,,,,,,,,,,,,,,,,,,,,,,,,,,,,,,,,,,,,,,,TN,TN
autoland,4767314,1,247a31fb40b3ac0b152bd3554743d742a3892fe3,linux1804-64-shippable-qr,True,False,,,102210fe594ee9b33d82058545b1ed14f4c8206e,id-getter-5.html,perf_reftest_singletons,True,perf_reftest_singletons id-getter-5.html opt e10s fission stylo webrender,4767299,77,ms,firefox,456979600.0,6348033,2024-05-04 19:44:42,480.3,422a6a673019bc0e2dfd459eceee9594246a0a9d,1421318,,,,,,,,,,,,,,,,,,,,,,,,,,,,,,,,,,,,,,,,,,,,,,,,,,,,,,,,,,,,,TN,TN
autoland,4767314,1,247a31fb40b3ac0b152bd3554743d742a3892fe3,linux1804-64-shippable-qr,True,False,,,102210fe594ee9b33d82058545b1ed14f4c8206e,id-getter-5.html,perf_reftest_singletons,True,perf_reftest_singletons id-getter-5.html opt e10s fission stylo webrender,4767299,77,ms,firefox,456996382.0,6416921,2024-05-05 00:17:27,479.17,1343ec609dea28acb4b297bebd481211e1742b11,1421344,,,,,,,,,,,,,,,,,,,,,,,,,,,,,,,,,,,,,,,,,,,,,,,,,,,,,,,,,,,,,TN,TN
autoland,4767314,1,247a31fb40b3ac0b152bd3554743d742a3892fe3,linux1804-64-shippable-qr,True,False,,,102210fe594ee9b33d82058545b1ed14f4c8206e,id-getter-5.html,perf_reftest_singletons,True,perf_reftest_singletons id-getter-5.html opt e10s fission stylo webrender,4767299,77,ms,firefox,457007752.0,6511144,2024-05-05 08:06:08,473.89,5c3e0ef9b916432dfc42f800c3c7997f58ae5a63,1421422,,,,,,,,,,,,,,,,,,,,,,,,,,,,,,,,,,,,,,,,,,,,,,,,,,,,,,,,,,,,,TN,TN
autoland,4767314,1,247a31fb40b3ac0b152bd3554743d742a3892fe3,linux1804-64-shippable-qr,True,False,,,102210fe594ee9b33d82058545b1ed14f4c8206e,id-getter-5.html,perf_reftest_singletons,True,perf_reftest_singletons id-getter-5.html opt e10s fission stylo webrender,4767299,77,ms,firefox,457031431.0,6614161,2024-05-05 13:09:56,474.11,286a373804e5360a54d51ec691ba7bfd02def155,1421444,,,,,,,,,,,,,,,,,,,,,,,,,,,,,,,,,,,,,,,,,,,,,,,,,,,,,,,,,,,,,TN,TN
autoland,4767314,1,247a31fb40b3ac0b152bd3554743d742a3892fe3,linux1804-64-shippable-qr,True,False,,,102210fe594ee9b33d82058545b1ed14f4c8206e,id-getter-5.html,perf_reftest_singletons,True,perf_reftest_singletons id-getter-5.html opt e10s fission stylo webrender,4767299,77,ms,firefox,457036477.0,6673977,2024-05-05 17:38:00,485.6,a6cb5ac7a79af000e99bf48f04ecb2943fcd3c68,1421459,,,,,,,,,,,,,,,,,,,,,,,,,,,,,,,,,,,,,,,,,,,,,,,,,,,,,,,,,,,,,TN,TN
autoland,4767314,1,247a31fb40b3ac0b152bd3554743d742a3892fe3,linux1804-64-shippable-qr,True,False,,,102210fe594ee9b33d82058545b1ed14f4c8206e,id-getter-5.html,perf_reftest_singletons,True,perf_reftest_singletons id-getter-5.html opt e10s fission stylo webrender,4767299,77,ms,firefox,457054414.0,6764179,2024-05-05 22:09:52,462.54,ea67e3b59c22cea8a2c797ce9a6608d3ddeaeca9,1421479,,,,,,,,,,,,,,,,,,,,,,,,,,,,,,,,,,,,,,,,,,,,,,,,,,,,,,,,,,,,,TN,TN
autoland,4767314,1,247a31fb40b3ac0b152bd3554743d742a3892fe3,linux1804-64-shippable-qr,True,False,,,102210fe594ee9b33d82058545b1ed14f4c8206e,id-getter-5.html,perf_reftest_singletons,True,perf_reftest_singletons id-getter-5.html opt e10s fission stylo webrender,4767299,77,ms,firefox,457060328.0,6823756,2024-05-06 03:19:39,475.52,ab041350c7569b831b00994a96625b9354dcf6b6,1421502,,,,,,,,,,,,,,,,,,,,,,,,,,,,,,,,,,,,,,,,,,,,,,,,,,,,,,,,,,,,,TN,TN
autoland,4767314,1,247a31fb40b3ac0b152bd3554743d742a3892fe3,linux1804-64-shippable-qr,True,False,,,102210fe594ee9b33d82058545b1ed14f4c8206e,id-getter-5.html,perf_reftest_singletons,True,perf_reftest_singletons id-getter-5.html opt e10s fission stylo webrender,4767299,77,ms,firefox,457069525.0,6884709,2024-05-06 07:31:35,473.93,65e120a9c1dcb9c8f1c8930e808b03aa149eaf40,1421524,,,,,,,,,,,,,,,,,,,,,,,,,,,,,,,,,,,,,,,,,,,,,,,,,,,,,,,,,,,,,TN,TN
autoland,4767314,1,247a31fb40b3ac0b152bd3554743d742a3892fe3,linux1804-64-shippable-qr,True,False,,,102210fe594ee9b33d82058545b1ed14f4c8206e,id-getter-5.html,perf_reftest_singletons,True,perf_reftest_singletons id-getter-5.html opt e10s fission stylo webrender,4767299,77,ms,firefox,457100926.0,7023180,2024-05-06 11:33:14,479.05,13b26e8e0e39998b30b388bb6f5d84c0e8067c03,1421623,,,,,,,,,,,,,,,,,,,,,,,,,,,,,,,,,,,,,,,,,,,,,,,,,,,,,,,,,,,,,TN,TN
autoland,4767314,1,247a31fb40b3ac0b152bd3554743d742a3892fe3,linux1804-64-shippable-qr,True,False,,,102210fe594ee9b33d82058545b1ed14f4c8206e,id-getter-5.html,perf_reftest_singletons,True,perf_reftest_singletons id-getter-5.html opt e10s fission stylo webrender,4767299,77,ms,firefox,457131670.0,7155072,2024-05-06 15:35:21,486.8399999999999,26e8012d5da938871783505e3753b681ab8cb186,1421812,,,,,,,,,,,,,,,,,,,,,,,,,,,,,,,,,,,,,,,,,,,,,,,,,,,,,,,,,,,,,TN,TN
autoland,4767314,1,247a31fb40b3ac0b152bd3554743d742a3892fe3,linux1804-64-shippable-qr,True,False,,,102210fe594ee9b33d82058545b1ed14f4c8206e,id-getter-5.html,perf_reftest_singletons,True,perf_reftest_singletons id-getter-5.html opt e10s fission stylo webrender,4767299,77,ms,firefox,457150141.0,7240442,2024-05-06 17:44:25,467.12,eb10b86b18adfc70952409e13993f834d33fa099,1421908,,,,,,,,,,,,,,,,,,,,,,,,,,,,,,,,,,,,,,,,,,,,,,,,,,,,,,,,,,,,,TN,TN
autoland,4767314,1,247a31fb40b3ac0b152bd3554743d742a3892fe3,linux1804-64-shippable-qr,True,False,,,102210fe594ee9b33d82058545b1ed14f4c8206e,id-getter-5.html,perf_reftest_singletons,True,perf_reftest_singletons id-getter-5.html opt e10s fission stylo webrender,4767299,77,ms,firefox,457174479.0,7329149,2024-05-06 20:39:16,484.13,4c7b1942b455d9c365693e5584f7ea86c5b33615,1422073,,,,,,,,,,,,,,,,,,,,,,,,,,,,,,,,,,,,,,,,,,,,,,,,,,,,,,,,,,,,,TN,TN
autoland,4767314,1,247a31fb40b3ac0b152bd3554743d742a3892fe3,linux1804-64-shippable-qr,True,False,,,102210fe594ee9b33d82058545b1ed14f4c8206e,id-getter-5.html,perf_reftest_singletons,True,perf_reftest_singletons id-getter-5.html opt e10s fission stylo webrender,4767299,77,ms,firefox,457211112.0,7508384,2024-05-07 01:41:54,463.05,945bbd356b57424bcdb359e6d88c48cd03ff2c10,1422278,,,,,,,,,,,,,,,,,,,,,,,,,,,,,,,,,,,,,,,,,,,,,,,,,,,,,,,,,,,,,TN,TN
autoland,4767314,1,247a31fb40b3ac0b152bd3554743d742a3892fe3,linux1804-64-shippable-qr,True,False,,,102210fe594ee9b33d82058545b1ed14f4c8206e,id-getter-5.html,perf_reftest_singletons,True,perf_reftest_singletons id-getter-5.html opt e10s fission stylo webrender,4767299,77,ms,firefox,457224779.0,7572371,2024-05-07 06:04:59,462.81,80150ac16109a11457c3103e68bf1c7ac29270c0,1422341,,,,,,,,,,,,,,,,,,,,,,,,,,,,,,,,,,,,,,,,,,,,,,,,,,,,,,,,,,,,,TN,TN
autoland,4767314,1,247a31fb40b3ac0b152bd3554743d742a3892fe3,linux1804-64-shippable-qr,True,False,,,102210fe594ee9b33d82058545b1ed14f4c8206e,id-getter-5.html,perf_reftest_singletons,True,perf_reftest_singletons id-getter-5.html opt e10s fission stylo webrender,4767299,77,ms,firefox,457281367.0,7811479,2024-05-07 10:41:19,492.09,641e15621e7bd2e0e8a2fab82d2b9838e386c3c4,1422484,,,,,,,,,,,,,,,,,,,,,,,,,,,,,,,,,,,,,,,,,,,,,,,,,,,,,,,,,,,,,TN,TN
autoland,4767314,1,247a31fb40b3ac0b152bd3554743d742a3892fe3,linux1804-64-shippable-qr,True,False,,,102210fe594ee9b33d82058545b1ed14f4c8206e,id-getter-5.html,perf_reftest_singletons,True,perf_reftest_singletons id-getter-5.html opt e10s fission stylo webrender,4767299,77,ms,firefox,457313870.0,7942022,2024-05-07 14:42:49,468.31,0041f761ddff5c598852d2b5cc41772a3a11cd0b,1422671,,,,,,,,,,,,,,,,,,,,,,,,,,,,,,,,,,,,,,,,,,,,,,,,,,,,,,,,,,,,,TN,TN
autoland,4767314,1,247a31fb40b3ac0b152bd3554743d742a3892fe3,linux1804-64-shippable-qr,True,False,,,102210fe594ee9b33d82058545b1ed14f4c8206e,id-getter-5.html,perf_reftest_singletons,True,perf_reftest_singletons id-getter-5.html opt e10s fission stylo webrender,4767299,77,ms,firefox,457345754.0,8115359,2024-05-07 18:25:44,467.5,425b44586178edae02872c1fbc0220a0b4ff4c1d,1422943,,,,,,,,,,,,,,,,,,,,,,,,,,,,,,,,,,,,,,,,,,,,,,,,,,,,,,,,,,,,,TN,TN
autoland,4767314,1,247a31fb40b3ac0b152bd3554743d742a3892fe3,linux1804-64-shippable-qr,True,False,,,102210fe594ee9b33d82058545b1ed14f4c8206e,id-getter-5.html,perf_reftest_singletons,True,perf_reftest_singletons id-getter-5.html opt e10s fission stylo webrender,4767299,77,ms,firefox,457371846.0,8289675,2024-05-07 22:14:58,488.08,149e752fdb3fa75a3a02f55e7c7c91f7f704cf8a,1423124,,,,,,,,,,,,,,,,,,,,,,,,,,,,,,,,,,,,,,,,,,,,,,,,,,,,,,,,,,,,,TN,TN
autoland,4767314,1,247a31fb40b3ac0b152bd3554743d742a3892fe3,linux1804-64-shippable-qr,True,False,,,102210fe594ee9b33d82058545b1ed14f4c8206e,id-getter-5.html,perf_reftest_singletons,True,perf_reftest_singletons id-getter-5.html opt e10s fission stylo webrender,4767299,77,ms,firefox,457408769.0,8445232,2024-05-08 04:41:52,476.43,a0b3e2669a2dc49c467521cb9b7966ca05e3dbc3,1423269,,,,,,,,,,,,,,,,,,,,,,,,,,,,,,,,,,,,,,,,,,,,,,,,,,,,,,,,,,,,,TN,TN
autoland,4767314,1,247a31fb40b3ac0b152bd3554743d742a3892fe3,linux1804-64-shippable-qr,True,False,,,102210fe594ee9b33d82058545b1ed14f4c8206e,id-getter-5.html,perf_reftest_singletons,True,perf_reftest_singletons id-getter-5.html opt e10s fission stylo webrender,4767299,77,ms,firefox,457421259.0,8532647,2024-05-08 08:48:11,469.0100000000001,bec816ef2f2c29ed86b08bb592d6283618418e16,1423316,,,,,,,,,,,,,,,,,,,,,,,,,,,,,,,,,,,,,,,,,,,,,,,,,,,,,,,,,,,,,TN,TN
autoland,4767314,1,247a31fb40b3ac0b152bd3554743d742a3892fe3,linux1804-64-shippable-qr,True,False,,,102210fe594ee9b33d82058545b1ed14f4c8206e,id-getter-5.html,perf_reftest_singletons,True,perf_reftest_singletons id-getter-5.html opt e10s fission stylo webrender,4767299,77,ms,firefox,457466688.0,8713610,2024-05-08 13:09:13,473.42,ed7b6f65910afcd687ef5aaa25605666805796bb,1423417,,,,,,,,,,,,,,,,,,,,,,,,,,,,,,,,,,,,,,,,,,,,,,,,,,,,,,,,,,,,,TN,TN
