repository_name,signature_id,framework_id,signature_hash,machine_platform,should_alert,has_subtests,extra_options,tags,option_collection_hash,test,suite,lower_is_better,name,parent_signature,repository_id,measurement_unit,application,job_id,entry_id,push_timestamp,value,revision,push_id,alert_id,alert_push_id,alert_prev_push_id,alert_creation_timestamp,alert_first_triaged,alert_triage_due_date,alert_repository,alert_framework,test_id,test_status,test_series_signature_framework_id,test_series_signature_signature_hash,test_series_signature_machine_platform,test_series_signature_test,test_series_signature_suite,test_series_signature_lower_is_better,test_series_signature_has_subtests,test_series_signature_option_collection_hash,test_series_signature_tags,test_series_signature_extra_options,test_series_signature_measurement_unit,test_series_signature_suite_public_name,test_series_signature_test_public_name,test_prev_taskcluster_metadata_task_id,test_prev_taskcluster_metadata_retry_id,test_taskcluster_metadata_task_id,test_taskcluster_metadata_retry_id,test_profile_url,test_prev_profile_url,test_is_regression,test_prev_value,test_new_value,test_t_value,test_amount_abs,test_amount_pct,test_summary_id,test_related_summary_id,test_manually_created,test_classifier,test_starred,test_classifier_email,test_backfill_record_context,test_backfill_record_status,test_backfill_record_total_actions_triggered,test_backfill_record_total_backfills_failed,test_backfill_record_total_backfills_successful,test_backfill_record_total_backfills_in_progress,test_noise_profile,alert_related_alerts,alert_status,alert_bug_number,alert_bug_due_date,alert_bug_updated,alert_issue_tracker,alert_notes,alert_push_timestamp,alert_prev_push_revision,alert_assignee_username,alert_assignee_email,alert_performance_tags
autoland,4769055,12,f76b60813665636d86169b6507d2f60fe004600c,windows10-64-shippable-qr,True,False,,,102210fe594ee9b33d82058545b1ed14f4c8206e,console.log-in-loop-content-process-array,damp,True,damp console.log-in-loop-content-process-array opt e10s fission stylo webrender-sw,4768818,77,ms,firefox,,1700021384,2023-05-24 10:49:25,129.425424046427,1db51625512e546534a6a7352ff4ff3b9c48d713,1245770,,,,,,,,,,,,,,,,,,,,,,,,,,,,,,,,,,,,,,,,,,,,,,,,,,TN,,,,,,,,,,
autoland,4769055,12,f76b60813665636d86169b6507d2f60fe004600c,windows10-64-shippable-qr,True,False,,,102210fe594ee9b33d82058545b1ed14f4c8206e,console.log-in-loop-content-process-array,damp,True,damp console.log-in-loop-content-process-array opt e10s fission stylo webrender-sw,4768818,77,ms,firefox,,1700088302,2023-05-24 13:34:40,127.90072956424774,6a96bb1f430f92b83cc31f74db4e4c1f71e155e5,1245871,,,,,,,,,,,,,,,,,,,,,,,,,,,,,,,,,,,,,,,,,,,,,,,,,,TN,,,,,,,,,,
autoland,4769055,12,f76b60813665636d86169b6507d2f60fe004600c,windows10-64-shippable-qr,True,False,,,102210fe594ee9b33d82058545b1ed14f4c8206e,console.log-in-loop-content-process-array,damp,True,damp console.log-in-loop-content-process-array opt e10s fission stylo webrender-sw,4768818,77,ms,firefox,,1700203372,2023-05-24 17:26:23,128.86111275140593,b9da43bde2c92655235855f4bb966f7a2537eafa,1246058,,,,,,,,,,,,,,,,,,,,,,,,,,,,,,,,,,,,,,,,,,,,,,,,,,TN,,,,,,,,,,
autoland,4769055,12,f76b60813665636d86169b6507d2f60fe004600c,windows10-64-shippable-qr,True,False,,,102210fe594ee9b33d82058545b1ed14f4c8206e,console.log-in-loop-content-process-array,damp,True,damp console.log-in-loop-content-process-array opt e10s fission stylo webrender-sw,4768818,77,ms,firefox,,1700300167,2023-05-24 21:30:03,128.06278347728403,468123d0735b96f7486f1e1a4de373e3dd7520bd,1246204,,,,,,,,,,,,,,,,,,,,,,,,,,,,,,,,,,,,,,,,,,,,,,,,,,TN,,,,,,,,,,
autoland,4769055,12,f76b60813665636d86169b6507d2f60fe004600c,windows10-64-shippable-qr,True,False,,,102210fe594ee9b33d82058545b1ed14f4c8206e,console.log-in-loop-content-process-array,damp,True,damp console.log-in-loop-content-process-array opt e10s fission stylo webrender-sw,4768818,77,ms,firefox,,1700419684,2023-05-25 01:52:13,128.81398049344625,c1577427eba79d954813d300bfe6d4f09e0249f0,1246339,,,,,,,,,,,,,,,,,,,,,,,,,,,,,,,,,,,,,,,,,,,,,,,,,,TN,,,,,,,,,,
autoland,4769055,12,f76b60813665636d86169b6507d2f60fe004600c,windows10-64-shippable-qr,True,False,,,102210fe594ee9b33d82058545b1ed14f4c8206e,console.log-in-loop-content-process-array,damp,True,damp console.log-in-loop-content-process-array opt e10s fission stylo webrender-sw,4768818,77,ms,firefox,,1700466881,2023-05-25 06:53:28,128.40847107847185,ee3230b1fe26e5521d07465dcab71e75d586e422,1246434,,,,,,,,,,,,,,,,,,,,,,,,,,,,,,,,,,,,,,,,,,,,,,,,,,TN,,,,,,,,,,
autoland,4769055,12,f76b60813665636d86169b6507d2f60fe004600c,windows10-64-shippable-qr,True,False,,,102210fe594ee9b33d82058545b1ed14f4c8206e,console.log-in-loop-content-process-array,damp,True,damp console.log-in-loop-content-process-array opt e10s fission stylo webrender-sw,4768818,77,ms,firefox,,1700514285,2023-05-25 09:03:58,126.43893357891102,0cd7e9f3c07773af459b1d5676b4f14a1a4c2844,1246517,,,,,,,,,,,,,,,,,,,,,,,,,,,,,,,,,,,,,,,,,,,,,,,,,,TN,,,,,,,,,,
autoland,4769055,12,f76b60813665636d86169b6507d2f60fe004600c,windows10-64-shippable-qr,True,False,,,102210fe594ee9b33d82058545b1ed14f4c8206e,console.log-in-loop-content-process-array,damp,True,damp console.log-in-loop-content-process-array opt e10s fission stylo webrender-sw,4768818,77,ms,firefox,,1700632464,2023-05-25 13:17:19,126.3787726274013,09f3ed0c8776aaa707aab014022efa3a16e01a6e,1246661,,,,,,,,,,,,,,,,,,,,,,,,,,,,,,,,,,,,,,,,,,,,,,,,,,TN,,,,,,,,,,
autoland,4769055,12,f76b60813665636d86169b6507d2f60fe004600c,windows10-64-shippable-qr,True,False,,,102210fe594ee9b33d82058545b1ed14f4c8206e,console.log-in-loop-content-process-array,damp,True,damp console.log-in-loop-content-process-array opt e10s fission stylo webrender-sw,4768818,77,ms,firefox,,1700642934,2023-05-25 13:25:13,127.04556695267092,6e07dad252683bcc1ed82d6a973adda9b490af1f,1246670,,,,,,,,,,,,,,,,,,,,,,,,,,,,,,,,,,,,,,,,,,,,,,,,,,TN,,,,,,,,,,
autoland,4769055,12,f76b60813665636d86169b6507d2f60fe004600c,windows10-64-shippable-qr,True,False,,,102210fe594ee9b33d82058545b1ed14f4c8206e,console.log-in-loop-content-process-array,damp,True,damp console.log-in-loop-content-process-array opt e10s fission stylo webrender-sw,4768818,77,ms,firefox,,1700740903,2023-05-25 17:00:24,126.05147715388011,4971297a8917c4ce5f9136ebb0c82cde74eb50c4,1246837,,,,,,,,,,,,,,,,,,,,,,,,,,,,,,,,,,,,,,,,,,,,,,,,,,TN,,,,,,,,,,
autoland,4769055,12,f76b60813665636d86169b6507d2f60fe004600c,windows10-64-shippable-qr,True,False,,,102210fe594ee9b33d82058545b1ed14f4c8206e,console.log-in-loop-content-process-array,damp,True,damp console.log-in-loop-content-process-array opt e10s fission stylo webrender-sw,4768818,77,ms,firefox,,1700910175,2023-05-25 20:49:35,130.6100645460774,6d91b4ed2bb8fbe97d7f5fcf7cad0e6f2bb6ad2f,1247021,,,,,,,,,,,,,,,,,,,,,,,,,,,,,,,,,,,,,,,,,,,,,,,,,,TN,,,,,,,,,,
autoland,4769055,12,f76b60813665636d86169b6507d2f60fe004600c,windows10-64-shippable-qr,True,False,,,102210fe594ee9b33d82058545b1ed14f4c8206e,console.log-in-loop-content-process-array,damp,True,damp console.log-in-loop-content-process-array opt e10s fission stylo webrender-sw,4768818,77,ms,firefox,,1701058393,2023-05-26 00:58:32,126.6678385767791,d49f009b89ad3ae1616d96cb1d2d9234ef3f6cda,1247180,,,,,,,,,,,,,,,,,,,,,,,,,,,,,,,,,,,,,,,,,,,,,,,,,,TN,,,,,,,,,,
autoland,4769055,12,f76b60813665636d86169b6507d2f60fe004600c,windows10-64-shippable-qr,True,False,,,102210fe594ee9b33d82058545b1ed14f4c8206e,console.log-in-loop-content-process-array,damp,True,damp console.log-in-loop-content-process-array opt e10s fission stylo webrender-sw,4768818,77,ms,firefox,,1701137576,2023-05-26 04:58:44,126.82916422755534,ffc18acbe9c027a3d6c960322b40a9d0576af311,1247241,,,,,,,,,,,,,,,,,,,,,,,,,,,,,,,,,,,,,,,,,,,,,,,,,,TN,,,,,,,,,,
autoland,4769055,12,f76b60813665636d86169b6507d2f60fe004600c,windows10-64-shippable-qr,True,False,,,102210fe594ee9b33d82058545b1ed14f4c8206e,console.log-in-loop-content-process-array,damp,True,damp console.log-in-loop-content-process-array opt e10s fission stylo webrender-sw,4768818,77,ms,firefox,,1701210999,2023-05-26 08:30:04,125.71965829820329,35f77e2aafb53fdda81c118a9ea61aefdacd61b4,1247293,,,,,,,,,,,,,,,,,,,,,,,,,,,,,,,,,,,,,,,,,,,,,,,,,,TN,,,,,,,,,,
autoland,4769055,12,f76b60813665636d86169b6507d2f60fe004600c,windows10-64-shippable-qr,True,False,,,102210fe594ee9b33d82058545b1ed14f4c8206e,console.log-in-loop-content-process-array,damp,True,damp console.log-in-loop-content-process-array opt e10s fission stylo webrender-sw,4768818,77,ms,firefox,,1701354548,2023-05-26 12:58:50,127.27289483627828,3999253a6a3dc448416b9a73377e8599ca6bd022,1247437,,,,,,,,,,,,,,,,,,,,,,,,,,,,,,,,,,,,,,,,,,,,,,,,,,TN,,,,,,,,,,
autoland,4769055,12,f76b60813665636d86169b6507d2f60fe004600c,windows10-64-shippable-qr,True,False,,,102210fe594ee9b33d82058545b1ed14f4c8206e,console.log-in-loop-content-process-array,damp,True,damp console.log-in-loop-content-process-array opt e10s fission stylo webrender-sw,4768818,77,ms,firefox,,1701378481,2023-05-26 13:11:40,127.30148305945475,bb19012006135abc7ddd72be3cd269be7ef114b5,1247444,,,,,,,,,,,,,,,,,,,,,,,,,,,,,,,,,,,,,,,,,,,,,,,,,,TN,,,,,,,,,,
autoland,4769055,12,f76b60813665636d86169b6507d2f60fe004600c,windows10-64-shippable-qr,True,False,,,102210fe594ee9b33d82058545b1ed14f4c8206e,console.log-in-loop-content-process-array,damp,True,damp console.log-in-loop-content-process-array opt e10s fission stylo webrender-sw,4768818,77,ms,firefox,,1701512908,2023-05-26 17:23:29,128.06914185713322,8ca2ea7fe36515caaf70ddf90bfd2ee269f059cf,1247619,,,,,,,,,,,,,,,,,,,,,,,,,,,,,,,,,,,,,,,,,,,,,,,,,,TN,,,,,,,,,,
autoland,4769055,12,f76b60813665636d86169b6507d2f60fe004600c,windows10-64-shippable-qr,True,False,,,102210fe594ee9b33d82058545b1ed14f4c8206e,console.log-in-loop-content-process-array,damp,True,damp console.log-in-loop-content-process-array opt e10s fission stylo webrender-sw,4768818,77,ms,firefox,,1701633776,2023-05-26 19:44:57,126.72049037303624,fc6056442a0fa16146259cb730d4e34a16656952,1247712,,,,,,,,,,,,,,,,,,,,,,,,,,,,,,,,,,,,,,,,,,,,,,,,,,TN,,,,,,,,,,
autoland,4769055,12,f76b60813665636d86169b6507d2f60fe004600c,windows10-64-shippable-qr,True,False,,,102210fe594ee9b33d82058545b1ed14f4c8206e,console.log-in-loop-content-process-array,damp,True,damp console.log-in-loop-content-process-array opt e10s fission stylo webrender-sw,4768818,77,ms,firefox,,1701730116,2023-05-27 00:56:39,126.79250924670669,b45b68be3f9bae0da4d649a44e60c6cd175f2212,1247879,,,,,,,,,,,,,,,,,,,,,,,,,,,,,,,,,,,,,,,,,,,,,,,,,,TN,,,,,,,,,,
autoland,4769055,12,f76b60813665636d86169b6507d2f60fe004600c,windows10-64-shippable-qr,True,False,,,102210fe594ee9b33d82058545b1ed14f4c8206e,console.log-in-loop-content-process-array,damp,True,damp console.log-in-loop-content-process-array opt e10s fission stylo webrender-sw,4768818,77,ms,firefox,,1701885514,2023-05-27 11:39:36,126.42941939852972,6a941c8c6ff3290e530942915ee97161b670f15d,1247945,,,,,,,,,,,,,,,,,,,,,,,,,,,,,,,,,,,,,,,,,,,,,,,,,,TN,,,,,,,,,,
autoland,4769055,12,f76b60813665636d86169b6507d2f60fe004600c,windows10-64-shippable-qr,True,False,,,102210fe594ee9b33d82058545b1ed14f4c8206e,console.log-in-loop-content-process-array,damp,True,damp console.log-in-loop-content-process-array opt e10s fission stylo webrender-sw,4768818,77,ms,firefox,,1701921793,2023-05-27 15:52:21,127.50853843438928,531a15ae09d49e29c270830e9b873aa625a5a8c2,1247961,,,,,,,,,,,,,,,,,,,,,,,,,,,,,,,,,,,,,,,,,,,,,,,,,,TN,,,,,,,,,,
autoland,4769055,12,f76b60813665636d86169b6507d2f60fe004600c,windows10-64-shippable-qr,True,False,,,102210fe594ee9b33d82058545b1ed14f4c8206e,console.log-in-loop-content-process-array,damp,True,damp console.log-in-loop-content-process-array opt e10s fission stylo webrender-sw,4768818,77,ms,firefox,,1702044533,2023-05-28 20:46:15,130.03512654738915,47f0f49b40361f9c5bde3a5691dc5d65ec1e0061,1248031,,,,,,,,,,,,,,,,,,,,,,,,,,,,,,,,,,,,,,,,,,,,,,,,,,TN,,,,,,,,,,
autoland,4769055,12,f76b60813665636d86169b6507d2f60fe004600c,windows10-64-shippable-qr,True,False,,,102210fe594ee9b33d82058545b1ed14f4c8206e,console.log-in-loop-content-process-array,damp,True,damp console.log-in-loop-content-process-array opt e10s fission stylo webrender-sw,4768818,77,ms,firefox,,1702075513,2023-05-29 02:12:22,128.90434066699254,1f8f2142966233c5d8d437f93d361aa0cc2b36c6,1248080,,,,,,,,,,,,,,,,,,,,,,,,,,,,,,,,,,,,,,,,,,,,,,,,,,TN,,,,,,,,,,
autoland,4769055,12,f76b60813665636d86169b6507d2f60fe004600c,windows10-64-shippable-qr,True,False,,,102210fe594ee9b33d82058545b1ed14f4c8206e,console.log-in-loop-content-process-array,damp,True,damp console.log-in-loop-content-process-array opt e10s fission stylo webrender-sw,4768818,77,ms,firefox,,1702132039,2023-05-29 06:50:24,127.88764374005224,1565861edeebf64845658a3f48cb89fa4515bb68,1248115,,,,,,,,,,,,,,,,,,,,,,,,,,,,,,,,,,,,,,,,,,,,,,,,,,TN,,,,,,,,,,
autoland,4769055,12,f76b60813665636d86169b6507d2f60fe004600c,windows10-64-shippable-qr,True,False,,,102210fe594ee9b33d82058545b1ed14f4c8206e,console.log-in-loop-content-process-array,damp,True,damp console.log-in-loop-content-process-array opt e10s fission stylo webrender-sw,4768818,77,ms,firefox,,1702153194,2023-05-29 07:27:55,126.42135490924466,31915ad324761c4fe80dac65ca36f070ab2102a2,1248125,,,,,,,,,,,,,,,,,,,,,,,,,,,,,,,,,,,,,,,,,,,,,,,,,,TN,,,,,,,,,,
autoland,4769055,12,f76b60813665636d86169b6507d2f60fe004600c,windows10-64-shippable-qr,True,False,,,102210fe594ee9b33d82058545b1ed14f4c8206e,console.log-in-loop-content-process-array,damp,True,damp console.log-in-loop-content-process-array opt e10s fission stylo webrender-sw,4768818,77,ms,firefox,,1702322662,2023-05-29 15:52:56,128.24492412339805,e1a08bab18008646938a96dfab802d2471fcadc1,1248305,,,,,,,,,,,,,,,,,,,,,,,,,,,,,,,,,,,,,,,,,,,,,,,,,,TN,,,,,,,,,,
autoland,4769055,12,f76b60813665636d86169b6507d2f60fe004600c,windows10-64-shippable-qr,True,False,,,102210fe594ee9b33d82058545b1ed14f4c8206e,console.log-in-loop-content-process-array,damp,True,damp console.log-in-loop-content-process-array opt e10s fission stylo webrender-sw,4768818,77,ms,firefox,,1702425889,2023-05-29 20:27:32,128.44461329092428,496eefc6bee2519ce93df561b640b582e869b964,1248440,,,,,,,,,,,,,,,,,,,,,,,,,,,,,,,,,,,,,,,,,,,,,,,,,,TN,,,,,,,,,,
autoland,4769055,12,f76b60813665636d86169b6507d2f60fe004600c,windows10-64-shippable-qr,True,False,,,102210fe594ee9b33d82058545b1ed14f4c8206e,console.log-in-loop-content-process-array,damp,True,damp console.log-in-loop-content-process-array opt e10s fission stylo webrender-sw,4768818,77,ms,firefox,,1702412080,2023-05-29 20:34:18,129.63914270792975,f7d3e204b0fb015cf0fb51a08403e22986a2ae52,1248445,,,,,,,,,,,,,,,,,,,,,,,,,,,,,,,,,,,,,,,,,,,,,,,,,,TN,,,,,,,,,,
autoland,4769055,12,f76b60813665636d86169b6507d2f60fe004600c,windows10-64-shippable-qr,True,False,,,102210fe594ee9b33d82058545b1ed14f4c8206e,console.log-in-loop-content-process-array,damp,True,damp console.log-in-loop-content-process-array opt e10s fission stylo webrender-sw,4768818,77,ms,firefox,,1702482313,2023-05-30 01:15:28,129.86046613234248,82442b2d56d94c600cca707dd62ab7a19d68bbd2,1248536,,,,,,,,,,,,,,,,,,,,,,,,,,,,,,,,,,,,,,,,,,,,,,,,,,TN,,,,,,,,,,
autoland,4769055,12,f76b60813665636d86169b6507d2f60fe004600c,windows10-64-shippable-qr,True,False,,,102210fe594ee9b33d82058545b1ed14f4c8206e,console.log-in-loop-content-process-array,damp,True,damp console.log-in-loop-content-process-array opt e10s fission stylo webrender-sw,4768818,77,ms,firefox,,1702584689,2023-05-30 06:58:06,129.1851697619877,23a3b1b5a2b78d86456189221e567423206bc00a,1248601,,,,,,,,,,,,,,,,,,,,,,,,,,,,,,,,,,,,,,,,,,,,,,,,,,TN,,,,,,,,,,
autoland,4769055,12,f76b60813665636d86169b6507d2f60fe004600c,windows10-64-shippable-qr,True,False,,,102210fe594ee9b33d82058545b1ed14f4c8206e,console.log-in-loop-content-process-array,damp,True,damp console.log-in-loop-content-process-array opt e10s fission stylo webrender-sw,4768818,77,ms,firefox,,1702600867,2023-05-30 07:49:46,129.17676871283493,64b2487b96b949b3c6a787dfd17210f9998fb42e,1248618,,,,,,,,,,,,,,,,,,,,,,,,,,,,,,,,,,,,,,,,,,,,,,,,,,TN,,,,,,,,,,
autoland,4769055,12,f76b60813665636d86169b6507d2f60fe004600c,windows10-64-shippable-qr,True,False,,,102210fe594ee9b33d82058545b1ed14f4c8206e,console.log-in-loop-content-process-array,damp,True,damp console.log-in-loop-content-process-array opt e10s fission stylo webrender-sw,4768818,77,ms,firefox,,1702746232,2023-05-30 12:05:20,127.97557688815688,121d4440186ece5c7acf444a8879a3818d54fef5,1248752,,,,,,,,,,,,,,,,,,,,,,,,,,,,,,,,,,,,,,,,,,,,,,,,,,TN,,,,,,,,,,
autoland,4769055,12,f76b60813665636d86169b6507d2f60fe004600c,windows10-64-shippable-qr,True,False,,,102210fe594ee9b33d82058545b1ed14f4c8206e,console.log-in-loop-content-process-array,damp,True,damp console.log-in-loop-content-process-array opt e10s fission stylo webrender-sw,4768818,77,ms,firefox,,1702818612,2023-05-30 15:20:14,127.69922363667138,8ddf44b47ed68e786f1ca69913136fe2ddd7f1d2,1248888,,,,,,,,,,,,,,,,,,,,,,,,,,,,,,,,,,,,,,,,,,,,,,,,,,TN,,,,,,,,,,
autoland,4769055,12,f76b60813665636d86169b6507d2f60fe004600c,windows10-64-shippable-qr,True,False,,,102210fe594ee9b33d82058545b1ed14f4c8206e,console.log-in-loop-content-process-array,damp,True,damp console.log-in-loop-content-process-array opt e10s fission stylo webrender-sw,4768818,77,ms,firefox,,1702906270,2023-05-30 19:20:55,127.78135039451172,361a866d206fd695b15823113863d449afb7c87d,1249050,,,,,,,,,,,,,,,,,,,,,,,,,,,,,,,,,,,,,,,,,,,,,,,,,,TN,,,,,,,,,,
autoland,4769055,12,f76b60813665636d86169b6507d2f60fe004600c,windows10-64-shippable-qr,True,False,,,102210fe594ee9b33d82058545b1ed14f4c8206e,console.log-in-loop-content-process-array,damp,True,damp console.log-in-loop-content-process-array opt e10s fission stylo webrender-sw,4768818,77,ms,firefox,,1702959658,2023-05-30 19:21:44,127.70963431221936,f9dad80c02c9517d8cb38311989dab88f1236015,1249051,,,,,,,,,,,,,,,,,,,,,,,,,,,,,,,,,,,,,,,,,,,,,,,,,,TN,,,,,,,,,,
autoland,4769055,12,f76b60813665636d86169b6507d2f60fe004600c,windows10-64-shippable-qr,True,False,,,102210fe594ee9b33d82058545b1ed14f4c8206e,console.log-in-loop-content-process-array,damp,True,damp console.log-in-loop-content-process-array opt e10s fission stylo webrender-sw,4768818,77,ms,firefox,,1702959787,2023-05-30 19:21:44,127.24315235652556,f9dad80c02c9517d8cb38311989dab88f1236015,1249051,,,,,,,,,,,,,,,,,,,,,,,,,,,,,,,,,,,,,,,,,,,,,,,,,,TN,,,,,,,,,,
autoland,4769055,12,f76b60813665636d86169b6507d2f60fe004600c,windows10-64-shippable-qr,True,False,,,102210fe594ee9b33d82058545b1ed14f4c8206e,console.log-in-loop-content-process-array,damp,True,damp console.log-in-loop-content-process-array opt e10s fission stylo webrender-sw,4768818,77,ms,firefox,,1702959839,2023-05-30 19:21:44,127.35140146274898,f9dad80c02c9517d8cb38311989dab88f1236015,1249051,,,,,,,,,,,,,,,,,,,,,,,,,,,,,,,,,,,,,,,,,,,,,,,,,,TN,,,,,,,,,,
autoland,4769055,12,f76b60813665636d86169b6507d2f60fe004600c,windows10-64-shippable-qr,True,False,,,102210fe594ee9b33d82058545b1ed14f4c8206e,console.log-in-loop-content-process-array,damp,True,damp console.log-in-loop-content-process-array opt e10s fission stylo webrender-sw,4768818,77,ms,firefox,,1703052872,2023-05-30 22:16:30,127.8179127861422,0ea1f0bff41ab8b0e92e4f35f3d6eaf801ad3fc0,1249172,,,,,,,,,,,,,,,,,,,,,,,,,,,,,,,,,,,,,,,,,,,,,,,,,,TN,,,,,,,,,,
autoland,4769055,12,f76b60813665636d86169b6507d2f60fe004600c,windows10-64-shippable-qr,True,False,,,102210fe594ee9b33d82058545b1ed14f4c8206e,console.log-in-loop-content-process-array,damp,True,damp console.log-in-loop-content-process-array opt e10s fission stylo webrender-sw,4768818,77,ms,firefox,,1703149862,2023-05-31 02:21:54,127.3721390715118,40997d8c121ee054ffe5df2c1a10d3a392f78c3c,1249255,,,,,,,,,,,,,,,,,,,,,,,,,,,,,,,,,,,,,,,,,,,,,,,,,,TN,,,,,,,,,,
autoland,4769055,12,f76b60813665636d86169b6507d2f60fe004600c,windows10-64-shippable-qr,True,False,,,102210fe594ee9b33d82058545b1ed14f4c8206e,console.log-in-loop-content-process-array,damp,True,damp console.log-in-loop-content-process-array opt e10s fission stylo webrender-sw,4768818,77,ms,firefox,,1703386464,2023-05-31 09:56:26,128.94137532733657,2317c21d7aeb68528ec7946980e7ca68d74c451a,1249439,,,,,,,,,,,,,,,,,,,,,,,,,,,,,,,,,,,,,,,,,,,,,,,,,,TN,,,,,,,,,,
autoland,4769055,12,f76b60813665636d86169b6507d2f60fe004600c,windows10-64-shippable-qr,True,False,,,102210fe594ee9b33d82058545b1ed14f4c8206e,console.log-in-loop-content-process-array,damp,True,damp console.log-in-loop-content-process-array opt e10s fission stylo webrender-sw,4768818,77,ms,firefox,,1703664399,2023-05-31 14:02:33,129.47658590266383,7d2ea0789fc8c8538febac2643670ed4a46de087,1249550,,,,,,,,,,,,,,,,,,,,,,,,,,,,,,,,,,,,,,,,,,,,,,,,,,TN,,,,,,,,,,
autoland,4769055,12,f76b60813665636d86169b6507d2f60fe004600c,windows10-64-shippable-qr,True,False,,,102210fe594ee9b33d82058545b1ed14f4c8206e,console.log-in-loop-content-process-array,damp,True,damp console.log-in-loop-content-process-array opt e10s fission stylo webrender-sw,4768818,77,ms,firefox,,1703751683,2023-05-31 15:08:35,127.61789553915423,513ac812d28fbd668a0b4216f4f52aef38b29501,1249582,,,,,,,,,,,,,,,,,,,,,,,,,,,,,,,,,,,,,,,,,,,,,,,,,,TN,,,,,,,,,,
autoland,4769055,12,f76b60813665636d86169b6507d2f60fe004600c,windows10-64-shippable-qr,True,False,,,102210fe594ee9b33d82058545b1ed14f4c8206e,console.log-in-loop-content-process-array,damp,True,damp console.log-in-loop-content-process-array opt e10s fission stylo webrender-sw,4768818,77,ms,firefox,,1703840918,2023-05-31 17:22:12,129.90897988245524,b1a1fe06a88b8bdb3f1c5564d12f6798261f34f8,1249712,,,,,,,,,,,,,,,,,,,,,,,,,,,,,,,,,,,,,,,,,,,,,,,,,,TN,,,,,,,,,,
autoland,4769055,12,f76b60813665636d86169b6507d2f60fe004600c,windows10-64-shippable-qr,True,False,,,102210fe594ee9b33d82058545b1ed14f4c8206e,console.log-in-loop-content-process-array,damp,True,damp console.log-in-loop-content-process-array opt e10s fission stylo webrender-sw,4768818,77,ms,firefox,,1703992492,2023-05-31 20:28:19,129.41745895970962,acd631722a01cb363c4967477af9f240d35cd218,1249881,,,,,,,,,,,,,,,,,,,,,,,,,,,,,,,,,,,,,,,,,,,,,,,,,,TN,,,,,,,,,,
autoland,4769055,12,f76b60813665636d86169b6507d2f60fe004600c,windows10-64-shippable-qr,True,False,,,102210fe594ee9b33d82058545b1ed14f4c8206e,console.log-in-loop-content-process-array,damp,True,damp console.log-in-loop-content-process-array opt e10s fission stylo webrender-sw,4768818,77,ms,firefox,,1704159640,2023-05-31 23:35:37,129.09523968812937,69cd9d943489100b8424cf1b19b0646cbc9c317c,1250055,,,,,,,,,,,,,,,,,,,,,,,,,,,,,,,,,,,,,,,,,,,,,,,,,,TN,,,,,,,,,,
autoland,4769055,12,f76b60813665636d86169b6507d2f60fe004600c,windows10-64-shippable-qr,True,False,,,102210fe594ee9b33d82058545b1ed14f4c8206e,console.log-in-loop-content-process-array,damp,True,damp console.log-in-loop-content-process-array opt e10s fission stylo webrender-sw,4768818,77,ms,firefox,,1704235938,2023-06-01 03:44:27,128.50370312723135,5d6127a9b7ed37774d6403efd4ee1ec813503592,1250134,,,,,,,,,,,,,,,,,,,,,,,,,,,,,,,,,,,,,,,,,,,,,,,,,,TN,,,,,,,,,,
autoland,4769055,12,f76b60813665636d86169b6507d2f60fe004600c,windows10-64-shippable-qr,True,False,,,102210fe594ee9b33d82058545b1ed14f4c8206e,console.log-in-loop-content-process-array,damp,True,damp console.log-in-loop-content-process-array opt e10s fission stylo webrender-sw,4768818,77,ms,firefox,,1704347300,2023-06-01 08:18:01,128.93642599484974,310a02cb1216c0fafadcbc049aac0875871eab96,1250206,,,,,,,,,,,,,,,,,,,,,,,,,,,,,,,,,,,,,,,,,,,,,,,,,,TN,,,,,,,,,,
autoland,4769055,12,f76b60813665636d86169b6507d2f60fe004600c,windows10-64-shippable-qr,True,False,,,102210fe594ee9b33d82058545b1ed14f4c8206e,console.log-in-loop-content-process-array,damp,True,damp console.log-in-loop-content-process-array opt e10s fission stylo webrender-sw,4768818,77,ms,firefox,,1704394052,2023-06-01 09:51:53,128.20690926343832,3ee1184f75ef01c3b8b3acb826d84a189cac75ce,1250243,,,,,,,,,,,,,,,,,,,,,,,,,,,,,,,,,,,,,,,,,,,,,,,,,,TN,,,,,,,,,,
autoland,4769055,12,f76b60813665636d86169b6507d2f60fe004600c,windows10-64-shippable-qr,True,False,,,102210fe594ee9b33d82058545b1ed14f4c8206e,console.log-in-loop-content-process-array,damp,True,damp console.log-in-loop-content-process-array opt e10s fission stylo webrender-sw,4768818,77,ms,firefox,,1704622313,2023-06-01 13:54:39,129.8704024936451,01e7e891e3d0793f8a185fe99b6f8cc9c6ffa74e,1250379,,,,,,,,,,,,,,,,,,,,,,,,,,,,,,,,,,,,,,,,,,,,,,,,,,TN,,,,,,,,,,
autoland,4769055,12,f76b60813665636d86169b6507d2f60fe004600c,windows10-64-shippable-qr,True,False,,,102210fe594ee9b33d82058545b1ed14f4c8206e,console.log-in-loop-content-process-array,damp,True,damp console.log-in-loop-content-process-array opt e10s fission stylo webrender-sw,4768818,77,ms,firefox,,1704807350,2023-06-01 19:53:44,127.48085375673054,ae0f513f1d25aef3f79ad009b5f2dd7407536827,1250634,,,,,,,,,,,,,,,,,,,,,,,,,,,,,,,,,,,,,,,,,,,,,,,,,,TN,,,,,,,,,,
autoland,4769055,12,f76b60813665636d86169b6507d2f60fe004600c,windows10-64-shippable-qr,True,False,,,102210fe594ee9b33d82058545b1ed14f4c8206e,console.log-in-loop-content-process-array,damp,True,damp console.log-in-loop-content-process-array opt e10s fission stylo webrender-sw,4768818,77,ms,firefox,,1704843387,2023-06-01 21:35:55,131.0450652852196,9718fca142ae7765c8ca6c3616fab6e303225556,1250675,,,,,,,,,,,,,,,,,,,,,,,,,,,,,,,,,,,,,,,,,,,,,,,,,,TN,,,,,,,,,,
autoland,4769055,12,f76b60813665636d86169b6507d2f60fe004600c,windows10-64-shippable-qr,True,False,,,102210fe594ee9b33d82058545b1ed14f4c8206e,console.log-in-loop-content-process-array,damp,True,damp console.log-in-loop-content-process-array opt e10s fission stylo webrender-sw,4768818,77,ms,firefox,,1704926779,2023-06-02 02:04:00,128.86722331335204,c365694efc9c7ac4c2c010f9dc97afb7c80107ee,1250783,,,,,,,,,,,,,,,,,,,,,,,,,,,,,,,,,,,,,,,,,,,,,,,,,,TN,,,,,,,,,,
autoland,4769055,12,f76b60813665636d86169b6507d2f60fe004600c,windows10-64-shippable-qr,True,False,,,102210fe594ee9b33d82058545b1ed14f4c8206e,console.log-in-loop-content-process-array,damp,True,damp console.log-in-loop-content-process-array opt e10s fission stylo webrender-sw,4768818,77,ms,firefox,,1705148751,2023-06-02 12:19:13,129.84261490879908,5d642eb9394b5f5e9e9f0a4b6be492055e341e31,1250979,,,,,,,,,,,,,,,,,,,,,,,,,,,,,,,,,,,,,,,,,,,,,,,,,,TN,,,,,,,,,,
autoland,4769055,12,f76b60813665636d86169b6507d2f60fe004600c,windows10-64-shippable-qr,True,False,,,102210fe594ee9b33d82058545b1ed14f4c8206e,console.log-in-loop-content-process-array,damp,True,damp console.log-in-loop-content-process-array opt e10s fission stylo webrender-sw,4768818,77,ms,firefox,,1705189372,2023-06-02 13:27:34,129.3104831263663,e2c71d0ed1e8bb2b9752f78b13c31171d5dde3a9,1251019,,,,,,,,,,,,,,,,,,,,,,,,,,,,,,,,,,,,,,,,,,,,,,,,,,TN,,,,,,,,,,
autoland,4769055,12,f76b60813665636d86169b6507d2f60fe004600c,windows10-64-shippable-qr,True,False,,,102210fe594ee9b33d82058545b1ed14f4c8206e,console.log-in-loop-content-process-array,damp,True,damp console.log-in-loop-content-process-array opt e10s fission stylo webrender-sw,4768818,77,ms,firefox,,1705316325,2023-06-02 17:59:13,128.81431141178746,ad7e9e56836f2bd7e0668d322719f548e825a685,1251185,,,,,,,,,,,,,,,,,,,,,,,,,,,,,,,,,,,,,,,,,,,,,,,,,,TN,,,,,,,,,,
autoland,4769055,12,f76b60813665636d86169b6507d2f60fe004600c,windows10-64-shippable-qr,True,False,,,102210fe594ee9b33d82058545b1ed14f4c8206e,console.log-in-loop-content-process-array,damp,True,damp console.log-in-loop-content-process-array opt e10s fission stylo webrender-sw,4768818,77,ms,firefox,,1705296801,2023-06-02 18:03:52,129.8695491598737,8c3b1c60fde747fcb4e3421062a37b829d6acb9f,1251187,,,,,,,,,,,,,,,,,,,,,,,,,,,,,,,,,,,,,,,,,,,,,,,,,,TN,,,,,,,,,,
autoland,4769055,12,f76b60813665636d86169b6507d2f60fe004600c,windows10-64-shippable-qr,True,False,,,102210fe594ee9b33d82058545b1ed14f4c8206e,console.log-in-loop-content-process-array,damp,True,damp console.log-in-loop-content-process-array opt e10s fission stylo webrender-sw,4768818,77,ms,firefox,,1705385047,2023-06-02 22:18:32,128.87054867275765,b9f63a24bc677e4c6a1f9bc801c2e3bf44dbd6e8,1251308,,,,,,,,,,,,,,,,,,,,,,,,,,,,,,,,,,,,,,,,,,,,,,,,,,TN,,,,,,,,,,
autoland,4769055,12,f76b60813665636d86169b6507d2f60fe004600c,windows10-64-shippable-qr,True,False,,,102210fe594ee9b33d82058545b1ed14f4c8206e,console.log-in-loop-content-process-array,damp,True,damp console.log-in-loop-content-process-array opt e10s fission stylo webrender-sw,4768818,77,ms,firefox,,1705438634,2023-06-03 05:40:17,128.01989833064545,64bce9d136ae9b4bd5482515721d6daf2da53dc3,1251358,,,,,,,,,,,,,,,,,,,,,,,,,,,,,,,,,,,,,,,,,,,,,,,,,,TN,,,,,,,,,,
autoland,4769055,12,f76b60813665636d86169b6507d2f60fe004600c,windows10-64-shippable-qr,True,False,,,102210fe594ee9b33d82058545b1ed14f4c8206e,console.log-in-loop-content-process-array,damp,True,damp console.log-in-loop-content-process-array opt e10s fission stylo webrender-sw,4768818,77,ms,firefox,,1705523848,2023-06-03 14:24:38,130.34895207199588,7bc8c25b2935765c57adc63333c221bbe5067831,1251409,,,,,,,,,,,,,,,,,,,,,,,,,,,,,,,,,,,,,,,,,,,,,,,,,,TN,,,,,,,,,,
autoland,4769055,12,f76b60813665636d86169b6507d2f60fe004600c,windows10-64-shippable-qr,True,False,,,102210fe594ee9b33d82058545b1ed14f4c8206e,console.log-in-loop-content-process-array,damp,True,damp console.log-in-loop-content-process-array opt e10s fission stylo webrender-sw,4768818,77,ms,firefox,,1705587433,2023-06-03 23:39:13,129.58756344961057,b8f06acca6bf62e32647496ed613012fa4c27e9e,1251453,,,,,,,,,,,,,,,,,,,,,,,,,,,,,,,,,,,,,,,,,,,,,,,,,,TN,,,,,,,,,,
autoland,4769055,12,f76b60813665636d86169b6507d2f60fe004600c,windows10-64-shippable-qr,True,False,,,102210fe594ee9b33d82058545b1ed14f4c8206e,console.log-in-loop-content-process-array,damp,True,damp console.log-in-loop-content-process-array opt e10s fission stylo webrender-sw,4768818,77,ms,firefox,,1705670635,2023-06-04 11:53:44,128.2737756951865,00802389f336283602445d4f08e53b8bd09b43eb,1251481,,,,,,,,,,,,,,,,,,,,,,,,,,,,,,,,,,,,,,,,,,,,,,,,,,TN,,,,,,,,,,
autoland,4769055,12,f76b60813665636d86169b6507d2f60fe004600c,windows10-64-shippable-qr,True,False,,,102210fe594ee9b33d82058545b1ed14f4c8206e,console.log-in-loop-content-process-array,damp,True,damp console.log-in-loop-content-process-array opt e10s fission stylo webrender-sw,4768818,77,ms,firefox,,1705706235,2023-06-04 20:28:08,128.57073127607055,eeba3a3c20a4dc53210a44734b25d2c0870b6523,1251514,,,,,,,,,,,,,,,,,,,,,,,,,,,,,,,,,,,,,,,,,,,,,,,,,,TN,,,,,,,,,,
autoland,4769055,12,f76b60813665636d86169b6507d2f60fe004600c,windows10-64-shippable-qr,True,False,,,102210fe594ee9b33d82058545b1ed14f4c8206e,console.log-in-loop-content-process-array,damp,True,damp console.log-in-loop-content-process-array opt e10s fission stylo webrender-sw,4768818,77,ms,firefox,,1705750169,2023-06-05 03:24:10,133.65458461475464,f8fa7749f7bdc93fa3491918a4e8b0fb4db659eb,1251552,,,,,,,,,,,,,,,,,,,,,,,,,,,,,,,,,,,,,,,,,,,,,,,,,,TN,,,,,,,,,,
autoland,4769055,12,f76b60813665636d86169b6507d2f60fe004600c,windows10-64-shippable-qr,True,False,,,102210fe594ee9b33d82058545b1ed14f4c8206e,console.log-in-loop-content-process-array,damp,True,damp console.log-in-loop-content-process-array opt e10s fission stylo webrender-sw,4768818,77,ms,firefox,,1705805166,2023-06-05 08:05:57,127.30045905927908,61d4558543daf8b284b3194aba84289d6e31ad2f,1251588,,,,,,,,,,,,,,,,,,,,,,,,,,,,,,,,,,,,,,,,,,,,,,,,,,TN,,,,,,,,,,
autoland,4769055,12,f76b60813665636d86169b6507d2f60fe004600c,windows10-64-shippable-qr,True,False,,,102210fe594ee9b33d82058545b1ed14f4c8206e,console.log-in-loop-content-process-array,damp,True,damp console.log-in-loop-content-process-array opt e10s fission stylo webrender-sw,4768818,77,ms,firefox,,1705900865,2023-06-05 12:01:26,126.1585696780212,00af548d93acc8c2c3ab652a04c882e3a80476a9,1251712,,,,,,,,,,,,,,,,,,,,,,,,,,,,,,,,,,,,,,,,,,,,,,,,,,TN,,,,,,,,,,
autoland,4769055,12,f76b60813665636d86169b6507d2f60fe004600c,windows10-64-shippable-qr,True,False,,,102210fe594ee9b33d82058545b1ed14f4c8206e,console.log-in-loop-content-process-array,damp,True,damp console.log-in-loop-content-process-array opt e10s fission stylo webrender-sw,4768818,77,ms,firefox,,1706042014,2023-06-05 16:13:31,129.3287503605343,c8df8c0bde6047b8fe23c9716940cbc1c07c2a65,1251888,,,,,,,,,,,,,,,,,,,,,,,,,,,,,,,,,,,,,,,,,,,,,,,,,,TN,,,,,,,,,,
autoland,4769055,12,f76b60813665636d86169b6507d2f60fe004600c,windows10-64-shippable-qr,True,False,,,102210fe594ee9b33d82058545b1ed14f4c8206e,console.log-in-loop-content-process-array,damp,True,damp console.log-in-loop-content-process-array opt e10s fission stylo webrender-sw,4768818,77,ms,firefox,,1706066977,2023-06-05 16:43:43,125.4987307517813,03d635b2bdb2041550924e64dc0dd20abf4499f9,1251915,,,,,,,,,,,,,,,,,,,,,,,,,,,,,,,,,,,,,,,,,,,,,,,,,,TN,,,,,,,,,,
autoland,4769055,12,f76b60813665636d86169b6507d2f60fe004600c,windows10-64-shippable-qr,True,False,,,102210fe594ee9b33d82058545b1ed14f4c8206e,console.log-in-loop-content-process-array,damp,True,damp console.log-in-loop-content-process-array opt e10s fission stylo webrender-sw,4768818,77,ms,firefox,,1706177603,2023-06-05 20:14:05,129.45393142680405,d73c2643092115d9b5859c16e121e421656264bc,1252060,,,,,,,,,,,,,,,,,,,,,,,,,,,,,,,,,,,,,,,,,,,,,,,,,,TN,,,,,,,,,,
autoland,4769055,12,f76b60813665636d86169b6507d2f60fe004600c,windows10-64-shippable-qr,True,False,,,102210fe594ee9b33d82058545b1ed14f4c8206e,console.log-in-loop-content-process-array,damp,True,damp console.log-in-loop-content-process-array opt e10s fission stylo webrender-sw,4768818,77,ms,firefox,,1706258799,2023-06-05 22:25:10,130.24177335045442,3a79e9a1c11da81af50cfb6e535537b5e8e7ce9f,1252165,,,,,,,,,,,,,,,,,,,,,,,,,,,,,,,,,,,,,,,,,,,,,,,,,,TN,,,,,,,,,,
autoland,4769055,12,f76b60813665636d86169b6507d2f60fe004600c,windows10-64-shippable-qr,True,False,,,102210fe594ee9b33d82058545b1ed14f4c8206e,console.log-in-loop-content-process-array,damp,True,damp console.log-in-loop-content-process-array opt e10s fission stylo webrender-sw,4768818,77,ms,firefox,,1706437489,2023-06-06 07:45:19,130.72062745355015,7974ac7e053aa00b02c6b9405b4fe87e6729456d,1252336,,,,,,,,,,,,,,,,,,,,,,,,,,,,,,,,,,,,,,,,,,,,,,,,,,TN,,,,,,,,,,
autoland,4769055,12,f76b60813665636d86169b6507d2f60fe004600c,windows10-64-shippable-qr,True,False,,,102210fe594ee9b33d82058545b1ed14f4c8206e,console.log-in-loop-content-process-array,damp,True,damp console.log-in-loop-content-process-array opt e10s fission stylo webrender-sw,4768818,77,ms,firefox,,1706626769,2023-06-06 12:19:14,129.99059625864174,847d7aa42cbef71e48427dda557da27be7b8a938,1252475,,,,,,,,,,,,,,,,,,,,,,,,,,,,,,,,,,,,,,,,,,,,,,,,,,TN,,,,,,,,,,
autoland,4769055,12,f76b60813665636d86169b6507d2f60fe004600c,windows10-64-shippable-qr,True,False,,,102210fe594ee9b33d82058545b1ed14f4c8206e,console.log-in-loop-content-process-array,damp,True,damp console.log-in-loop-content-process-array opt e10s fission stylo webrender-sw,4768818,77,ms,firefox,,1706707636,2023-06-06 15:07:26,124.91859201389344,51ecbed77cf45640a921f61934b70efadfb58982,1252589,,,,,,,,,,,,,,,,,,,,,,,,,,,,,,,,,,,,,,,,,,,,,,,,,,TN,,,,,,,,,,
autoland,4769055,12,f76b60813665636d86169b6507d2f60fe004600c,windows10-64-shippable-qr,True,False,,,102210fe594ee9b33d82058545b1ed14f4c8206e,console.log-in-loop-content-process-array,damp,True,damp console.log-in-loop-content-process-array opt e10s fission stylo webrender-sw,4768818,77,ms,firefox,,1706870311,2023-06-06 19:22:50,127.3565246775679,3e7d709ab2a3a86ff58f4406faa05e738ca49ec9,1252721,,,,,,,,,,,,,,,,,,,,,,,,,,,,,,,,,,,,,,,,,,,,,,,,,,TN,,,,,,,,,,
autoland,4769055,12,f76b60813665636d86169b6507d2f60fe004600c,windows10-64-shippable-qr,True,False,,,102210fe594ee9b33d82058545b1ed14f4c8206e,console.log-in-loop-content-process-array,damp,True,damp console.log-in-loop-content-process-array opt e10s fission stylo webrender-sw,4768818,77,ms,firefox,,1706897251,2023-06-06 19:49:29,130.85424367279848,9a56830b39f8d6802cef3772f81535d5f7bd475c,1252741,,,,,,,,,,,,,,,,,,,,,,,,,,,,,,,,,,,,,,,,,,,,,,,,,,TN,,,,,,,,,,
autoland,4769055,12,f76b60813665636d86169b6507d2f60fe004600c,windows10-64-shippable-qr,True,False,,,102210fe594ee9b33d82058545b1ed14f4c8206e,console.log-in-loop-content-process-array,damp,True,damp console.log-in-loop-content-process-array opt e10s fission stylo webrender-sw,4768818,77,ms,firefox,,1706974231,2023-06-06 22:47:19,126.79383374822191,3a8e0dd854b5d9349d96a17de81427442d412db9,1252831,,,,,,,,,,,,,,,,,,,,,,,,,,,,,,,,,,,,,,,,,,,,,,,,,,TN,,,,,,,,,,
autoland,4769055,12,f76b60813665636d86169b6507d2f60fe004600c,windows10-64-shippable-qr,True,False,,,102210fe594ee9b33d82058545b1ed14f4c8206e,console.log-in-loop-content-process-array,damp,True,damp console.log-in-loop-content-process-array opt e10s fission stylo webrender-sw,4768818,77,ms,firefox,,1707066180,2023-06-07 02:52:45,129.56593300442273,714383968fdbbcb6ef5ff4fc599e11ae386d09ce,1252906,,,,,,,,,,,,,,,,,,,,,,,,,,,,,,,,,,,,,,,,,,,,,,,,,,TN,,,,,,,,,,
autoland,4769055,12,f76b60813665636d86169b6507d2f60fe004600c,windows10-64-shippable-qr,True,False,,,102210fe594ee9b33d82058545b1ed14f4c8206e,console.log-in-loop-content-process-array,damp,True,damp console.log-in-loop-content-process-array opt e10s fission stylo webrender-sw,4768818,77,ms,firefox,,1707199307,2023-06-07 06:55:53,127.95343386980676,29928f29c7a08d81bf5a480f4678c4c90b0abc68,1252967,,,,,,,,,,,,,,,,,,,,,,,,,,,,,,,,,,,,,,,,,,,,,,,,,,TN,,,,,,,,,,
autoland,4769055,12,f76b60813665636d86169b6507d2f60fe004600c,windows10-64-shippable-qr,True,False,,,102210fe594ee9b33d82058545b1ed14f4c8206e,console.log-in-loop-content-process-array,damp,True,damp console.log-in-loop-content-process-array opt e10s fission stylo webrender-sw,4768818,77,ms,firefox,,1707308541,2023-06-07 11:44:03,126.89636363760384,5c2039dcc9e34d981b3343ed3819d1f65ef07909,1253076,,,,,,,,,,,,,,,,,,,,,,,,,,,,,,,,,,,,,,,,,,,,,,,,,,TN,,,,,,,,,,
autoland,4769055,12,f76b60813665636d86169b6507d2f60fe004600c,windows10-64-shippable-qr,True,False,,,102210fe594ee9b33d82058545b1ed14f4c8206e,console.log-in-loop-content-process-array,damp,True,damp console.log-in-loop-content-process-array opt e10s fission stylo webrender-sw,4768818,77,ms,firefox,,1707351298,2023-06-07 13:36:12,129.62356780971186,ed7804ffc016687db27f68ab46e27c0ffefda3af,1253119,,,,,,,,,,,,,,,,,,,,,,,,,,,,,,,,,,,,,,,,,,,,,,,,,,TN,,,,,,,,,,
autoland,4769055,12,f76b60813665636d86169b6507d2f60fe004600c,windows10-64-shippable-qr,True,False,,,102210fe594ee9b33d82058545b1ed14f4c8206e,console.log-in-loop-content-process-array,damp,True,damp console.log-in-loop-content-process-array opt e10s fission stylo webrender-sw,4768818,77,ms,firefox,,1707449808,2023-06-07 16:40:09,128.53765615112025,1e9ddd307894fd2055ca49dcaa461478d0acea9e,1253256,,,,,,,,,,,,,,,,,,,,,,,,,,,,,,,,,,,,,,,,,,,,,,,,,,TN,,,,,,,,,,
autoland,4769055,12,f76b60813665636d86169b6507d2f60fe004600c,windows10-64-shippable-qr,True,False,,,102210fe594ee9b33d82058545b1ed14f4c8206e,console.log-in-loop-content-process-array,damp,True,damp console.log-in-loop-content-process-array opt e10s fission stylo webrender-sw,4768818,77,ms,firefox,,1707617606,2023-06-07 20:51:47,126.4466959507372,d777b008615418be897668f8099b9e68f6666a3c,1253401,,,,,,,,,,,,,,,,,,,,,,,,,,,,,,,,,,,,,,,,,,,,,,,,,,TN,,,,,,,,,,
autoland,4769055,12,f76b60813665636d86169b6507d2f60fe004600c,windows10-64-shippable-qr,True,False,,,102210fe594ee9b33d82058545b1ed14f4c8206e,console.log-in-loop-content-process-array,damp,True,damp console.log-in-loop-content-process-array opt e10s fission stylo webrender-sw,4768818,77,ms,firefox,,1707650299,2023-06-07 22:54:42,125.67144636467492,c18688c9011d0dc50b79d2f830dbf323c8c75604,1253472,,,,,,,,,,,,,,,,,,,,,,,,,,,,,,,,,,,,,,,,,,,,,,,,,,TN,,,,,,,,,,
autoland,4769055,12,f76b60813665636d86169b6507d2f60fe004600c,windows10-64-shippable-qr,True,False,,,102210fe594ee9b33d82058545b1ed14f4c8206e,console.log-in-loop-content-process-array,damp,True,damp console.log-in-loop-content-process-array opt e10s fission stylo webrender-sw,4768818,77,ms,firefox,,1707780785,2023-06-08 03:47:09,126.40283853042274,2b2fb0c1bd13f27bbd5094192791600a5e261c4b,1253596,,,,,,,,,,,,,,,,,,,,,,,,,,,,,,,,,,,,,,,,,,,,,,,,,,TN,,,,,,,,,,
autoland,4769055,12,f76b60813665636d86169b6507d2f60fe004600c,windows10-64-shippable-qr,True,False,,,102210fe594ee9b33d82058545b1ed14f4c8206e,console.log-in-loop-content-process-array,damp,True,damp console.log-in-loop-content-process-array opt e10s fission stylo webrender-sw,4768818,77,ms,firefox,,1707843960,2023-06-08 06:27:32,126.04503484502038,d588d40904f7880592d27c083cb64d31864340cb,1253626,,,,,,,,,,,,,,,,,,,,,,,,,,,,,,,,,,,,,,,,,,,,,,,,,,TN,,,,,,,,,,
autoland,4769055,12,f76b60813665636d86169b6507d2f60fe004600c,windows10-64-shippable-qr,True,False,,,102210fe594ee9b33d82058545b1ed14f4c8206e,console.log-in-loop-content-process-array,damp,True,damp console.log-in-loop-content-process-array opt e10s fission stylo webrender-sw,4768818,77,ms,firefox,,1708005170,2023-06-08 10:57:22,127.00507562233634,a86d5a3f177d480362c07a9ed34166ae41840ab6,1253788,,,,,,,,,,,,,,,,,,,,,,,,,,,,,,,,,,,,,,,,,,,,,,,,,,TN,,,,,,,,,,
autoland,4769055,12,f76b60813665636d86169b6507d2f60fe004600c,windows10-64-shippable-qr,True,False,,,102210fe594ee9b33d82058545b1ed14f4c8206e,console.log-in-loop-content-process-array,damp,True,damp console.log-in-loop-content-process-array opt e10s fission stylo webrender-sw,4768818,77,ms,firefox,,1708179631,2023-06-08 15:05:55,127.4515392413523,581d6b2a5146b01bfc5a4a599127e2e794918f78,1253951,,,,,,,,,,,,,,,,,,,,,,,,,,,,,,,,,,,,,,,,,,,,,,,,,,TN,,,,,,,,,,
autoland,4769055,12,f76b60813665636d86169b6507d2f60fe004600c,windows10-64-shippable-qr,True,False,,,102210fe594ee9b33d82058545b1ed14f4c8206e,console.log-in-loop-content-process-array,damp,True,damp console.log-in-loop-content-process-array opt e10s fission stylo webrender-sw,4768818,77,ms,firefox,,1708175546,2023-06-08 15:14:50,125.76565346400548,954d7d588e595404fbe8f79a002de1a32f4175fc,1253958,,,,,,,,,,,,,,,,,,,,,,,,,,,,,,,,,,,,,,,,,,,,,,,,,,TN,,,,,,,,,,
autoland,4769055,12,f76b60813665636d86169b6507d2f60fe004600c,windows10-64-shippable-qr,True,False,,,102210fe594ee9b33d82058545b1ed14f4c8206e,console.log-in-loop-content-process-array,damp,True,damp console.log-in-loop-content-process-array opt e10s fission stylo webrender-sw,4768818,77,ms,firefox,,1708346221,2023-06-08 21:44:04,126.81951782628312,c7b3905a77fb83c75344dddb5646c5c7f5d16714,1254265,,,,,,,,,,,,,,,,,,,,,,,,,,,,,,,,,,,,,,,,,,,,,,,,,,TN,,,,,,,,,,
autoland,4769055,12,f76b60813665636d86169b6507d2f60fe004600c,windows10-64-shippable-qr,True,False,,,102210fe594ee9b33d82058545b1ed14f4c8206e,console.log-in-loop-content-process-array,damp,True,damp console.log-in-loop-content-process-array opt e10s fission stylo webrender-sw,4768818,77,ms,firefox,,1708440565,2023-06-09 02:20:20,126.6332387270304,d18ffb52540958c2b12d76b4a392e12df3bc4280,1254350,,,,,,,,,,,,,,,,,,,,,,,,,,,,,,,,,,,,,,,,,,,,,,,,,,TN,,,,,,,,,,
autoland,4769055,12,f76b60813665636d86169b6507d2f60fe004600c,windows10-64-shippable-qr,True,False,,,102210fe594ee9b33d82058545b1ed14f4c8206e,console.log-in-loop-content-process-array,damp,True,damp console.log-in-loop-content-process-array opt e10s fission stylo webrender-sw,4768818,77,ms,firefox,,1708503138,2023-06-09 06:38:52,125.62118283383096,e76a7e9393add417bcf6a33d7e0c71909cc3c6d9,1254404,,,,,,,,,,,,,,,,,,,,,,,,,,,,,,,,,,,,,,,,,,,,,,,,,,TN,,,,,,,,,,
autoland,4769055,12,f76b60813665636d86169b6507d2f60fe004600c,windows10-64-shippable-qr,True,False,,,102210fe594ee9b33d82058545b1ed14f4c8206e,console.log-in-loop-content-process-array,damp,True,damp console.log-in-loop-content-process-array opt e10s fission stylo webrender-sw,4768818,77,ms,firefox,,1708539014,2023-06-09 08:40:41,128.21945984618196,6453bd709950f540a9b961069fe05277eec38c4e,1254469,,,,,,,,,,,,,,,,,,,,,,,,,,,,,,,,,,,,,,,,,,,,,,,,,,TN,,,,,,,,,,
autoland,4769055,12,f76b60813665636d86169b6507d2f60fe004600c,windows10-64-shippable-qr,True,False,,,102210fe594ee9b33d82058545b1ed14f4c8206e,console.log-in-loop-content-process-array,damp,True,damp console.log-in-loop-content-process-array opt e10s fission stylo webrender-sw,4768818,77,ms,firefox,,1708691403,2023-06-09 13:23:42,132.68439073225818,7467d3da5f29eddf7cf135a00cef8cf87b5c6911,1254611,,,,,,,,,,,,,,,,,,,,,,,,,,,,,,,,,,,,,,,,,,,,,,,,,,TN,,,,,,,,,,
autoland,4769055,12,f76b60813665636d86169b6507d2f60fe004600c,windows10-64-shippable-qr,True,False,,,102210fe594ee9b33d82058545b1ed14f4c8206e,console.log-in-loop-content-process-array,damp,True,damp console.log-in-loop-content-process-array opt e10s fission stylo webrender-sw,4768818,77,ms,firefox,,1708870025,2023-06-09 18:12:56,126.20776636396296,439e88bdf46b8545bcf3fbf4d1cac9bf084df91d,1254830,,,,,,,,,,,,,,,,,,,,,,,,,,,,,,,,,,,,,,,,,,,,,,,,,,TN,,,,,,,,,,
autoland,4769055,12,f76b60813665636d86169b6507d2f60fe004600c,windows10-64-shippable-qr,True,False,,,102210fe594ee9b33d82058545b1ed14f4c8206e,console.log-in-loop-content-process-array,damp,True,damp console.log-in-loop-content-process-array opt e10s fission stylo webrender-sw,4768818,77,ms,firefox,,1708902259,2023-06-09 19:52:31,125.47739741480927,14c10deaa83992232930103150b2cb2351a623a5,1254912,,,,,,,,,,,,,,,,,,,,,,,,,,,,,,,,,,,,,,,,,,,,,,,,,,TN,,,,,,,,,,
autoland,4769055,12,f76b60813665636d86169b6507d2f60fe004600c,windows10-64-shippable-qr,True,False,,,102210fe594ee9b33d82058545b1ed14f4c8206e,console.log-in-loop-content-process-array,damp,True,damp console.log-in-loop-content-process-array opt e10s fission stylo webrender-sw,4768818,77,ms,firefox,,1709017487,2023-06-10 01:55:58,126.31029221521658,463e881a627c52313496a136abc6c038a4b92af6,1255101,,,,,,,,,,,,,,,,,,,,,,,,,,,,,,,,,,,,,,,,,,,,,,,,,,TN,,,,,,,,,,
autoland,4769055,12,f76b60813665636d86169b6507d2f60fe004600c,windows10-64-shippable-qr,True,False,,,102210fe594ee9b33d82058545b1ed14f4c8206e,console.log-in-loop-content-process-array,damp,True,damp console.log-in-loop-content-process-array opt e10s fission stylo webrender-sw,4768818,77,ms,firefox,,1709159016,2023-06-10 13:36:02,127.30374203413884,9c9d29101b3d0533b84b4e75dc06e89fcad3d31a,1255207,,,,,,,,,,,,,,,,,,,,,,,,,,,,,,,,,,,,,,,,,,,,,,,,,,TN,,,,,,,,,,
autoland,4769055,12,f76b60813665636d86169b6507d2f60fe004600c,windows10-64-shippable-qr,True,False,,,102210fe594ee9b33d82058545b1ed14f4c8206e,console.log-in-loop-content-process-array,damp,True,damp console.log-in-loop-content-process-array opt e10s fission stylo webrender-sw,4768818,77,ms,firefox,,1709222520,2023-06-10 18:37:05,127.41386543076806,879c6932bb49782e5edfdbe48e93d997a2646d84,1255264,,,,,,,,,,,,,,,,,,,,,,,,,,,,,,,,,,,,,,,,,,,,,,,,,,TN,,,,,,,,,,
autoland,4769055,12,f76b60813665636d86169b6507d2f60fe004600c,windows10-64-shippable-qr,True,False,,,102210fe594ee9b33d82058545b1ed14f4c8206e,console.log-in-loop-content-process-array,damp,True,damp console.log-in-loop-content-process-array opt e10s fission stylo webrender-sw,4768818,77,ms,firefox,,1709256346,2023-06-10 20:39:30,127.92718283889008,711b87deb431206775bf67c5b0d04ace33eb3660,1255276,,,,,,,,,,,,,,,,,,,,,,,,,,,,,,,,,,,,,,,,,,,,,,,,,,TN,,,,,,,,,,
autoland,4769055,12,f76b60813665636d86169b6507d2f60fe004600c,windows10-64-shippable-qr,True,False,,,102210fe594ee9b33d82058545b1ed14f4c8206e,console.log-in-loop-content-process-array,damp,True,damp console.log-in-loop-content-process-array opt e10s fission stylo webrender-sw,4768818,77,ms,firefox,,1709465222,2023-06-11 14:35:35,125.88964342582858,3904ff924b73ed2df5a530453ab025bb1c2fdf90,1255360,,,,,,,,,,,,,,,,,,,,,,,,,,,,,,,,,,,,,,,,,,,,,,,,,,TN,,,,,,,,,,
autoland,4769055,12,f76b60813665636d86169b6507d2f60fe004600c,windows10-64-shippable-qr,True,False,,,102210fe594ee9b33d82058545b1ed14f4c8206e,console.log-in-loop-content-process-array,damp,True,damp console.log-in-loop-content-process-array opt e10s fission stylo webrender-sw,4768818,77,ms,firefox,,1709532346,2023-06-11 19:10:58,125.34534417681698,af0665af954105365927736b6a65c4d28533bc4d,1255387,,,,,,,,,,,,,,,,,,,,,,,,,,,,,,,,,,,,,,,,,,,,,,,,,,TN,,,,,,,,,,
autoland,4769055,12,f76b60813665636d86169b6507d2f60fe004600c,windows10-64-shippable-qr,True,False,,,102210fe594ee9b33d82058545b1ed14f4c8206e,console.log-in-loop-content-process-array,damp,True,damp console.log-in-loop-content-process-array opt e10s fission stylo webrender-sw,4768818,77,ms,firefox,,1709603635,2023-06-12 00:14:44,126.96194032881796,c73c9ac3fe19822fcf08c5bd0bc112056008b4da,1255422,,,,,,,,,,,,,,,,,,,,,,,,,,,,,,,,,,,,,,,,,,,,,,,,,,TN,,,,,,,,,,
autoland,4769055,12,f76b60813665636d86169b6507d2f60fe004600c,windows10-64-shippable-qr,True,False,,,102210fe594ee9b33d82058545b1ed14f4c8206e,console.log-in-loop-content-process-array,damp,True,damp console.log-in-loop-content-process-array opt e10s fission stylo webrender-sw,4768818,77,ms,firefox,,1709653568,2023-06-12 04:46:29,124.70184538421928,25564434f810ceea8a17b730bd5498b0ca9856c4,1255461,,,,,,,,,,,,,,,,,,,,,,,,,,,,,,,,,,,,,,,,,,,,,,,,,,TN,,,,,,,,,,
autoland,4769055,12,f76b60813665636d86169b6507d2f60fe004600c,windows10-64-shippable-qr,True,False,,,102210fe594ee9b33d82058545b1ed14f4c8206e,console.log-in-loop-content-process-array,damp,True,damp console.log-in-loop-content-process-array opt e10s fission stylo webrender-sw,4768818,77,ms,firefox,,1709739364,2023-06-12 09:00:15,125.86109910754747,6c51face7335165a532e8f6b035a975ced1be55c,1255535,,,,,,,,,,,,,,,,,,,,,,,,,,,,,,,,,,,,,,,,,,,,,,,,,,TN,,,,,,,,,,
autoland,4769055,12,f76b60813665636d86169b6507d2f60fe004600c,windows10-64-shippable-qr,True,False,,,102210fe594ee9b33d82058545b1ed14f4c8206e,console.log-in-loop-content-process-array,damp,True,damp console.log-in-loop-content-process-array opt e10s fission stylo webrender-sw,4768818,77,ms,firefox,,1709761632,2023-06-12 09:27:15,127.27805516757326,1dc3aecfed3a924c48ee323c36ee1e783f836dd7,1255558,,,,,,,,,,,,,,,,,,,,,,,,,,,,,,,,,,,,,,,,,,,,,,,,,,TN,,,,,,,,,,
autoland,4769055,12,f76b60813665636d86169b6507d2f60fe004600c,windows10-64-shippable-qr,True,False,,,102210fe594ee9b33d82058545b1ed14f4c8206e,console.log-in-loop-content-process-array,damp,True,damp console.log-in-loop-content-process-array opt e10s fission stylo webrender-sw,4768818,77,ms,firefox,,1709991611,2023-06-12 14:14:19,129.4250445781263,ee618a493ff9c25c0ecb9dc6087a6179874541da,1255741,,,,,,,,,,,,,,,,,,,,,,,,,,,,,,,,,,,,,,,,,,,,,,,,,,TN,,,,,,,,,,
autoland,4769055,12,f76b60813665636d86169b6507d2f60fe004600c,windows10-64-shippable-qr,True,False,,,102210fe594ee9b33d82058545b1ed14f4c8206e,console.log-in-loop-content-process-array,damp,True,damp console.log-in-loop-content-process-array opt e10s fission stylo webrender-sw,4768818,77,ms,firefox,,1710063307,2023-06-12 17:28:50,127.05559571913182,53b4b785ae2a7f70257069e77b138fe36b53698a,1255840,,,,,,,,,,,,,,,,,,,,,,,,,,,,,,,,,,,,,,,,,,,,,,,,,,TN,,,,,,,,,,
autoland,4769055,12,f76b60813665636d86169b6507d2f60fe004600c,windows10-64-shippable-qr,True,False,,,102210fe594ee9b33d82058545b1ed14f4c8206e,console.log-in-loop-content-process-array,damp,True,damp console.log-in-loop-content-process-array opt e10s fission stylo webrender-sw,4768818,77,ms,firefox,,1710199551,2023-06-12 21:22:21,127.04693228530503,eff1078e2398a9021cd61a20eff8062a582128e2,1256012,,,,,,,,,,,,,,,,,,,,,,,,,,,,,,,,,,,,,,,,,,,,,,,,,,TN,,,,,,,,,,
autoland,4769055,12,f76b60813665636d86169b6507d2f60fe004600c,windows10-64-shippable-qr,True,False,,,102210fe594ee9b33d82058545b1ed14f4c8206e,console.log-in-loop-content-process-array,damp,True,damp console.log-in-loop-content-process-array opt e10s fission stylo webrender-sw,4768818,77,ms,firefox,,1710270696,2023-06-13 02:32:41,127.85495515391268,2bdaa9d6ac390362734ba199115ca10186243e87,1256169,,,,,,,,,,,,,,,,,,,,,,,,,,,,,,,,,,,,,,,,,,,,,,,,,,TN,,,,,,,,,,
autoland,4769055,12,f76b60813665636d86169b6507d2f60fe004600c,windows10-64-shippable-qr,True,False,,,102210fe594ee9b33d82058545b1ed14f4c8206e,console.log-in-loop-content-process-array,damp,True,damp console.log-in-loop-content-process-array opt e10s fission stylo webrender-sw,4768818,77,ms,firefox,,1710357827,2023-06-13 05:20:45,127.21866931723709,1a37acad51201ba77a18b0951d3a93bc8c9eebf7,1256212,,,,,,,,,,,,,,,,,,,,,,,,,,,,,,,,,,,,,,,,,,,,,,,,,,TN,,,,,,,,,,
autoland,4769055,12,f76b60813665636d86169b6507d2f60fe004600c,windows10-64-shippable-qr,True,False,,,102210fe594ee9b33d82058545b1ed14f4c8206e,console.log-in-loop-content-process-array,damp,True,damp console.log-in-loop-content-process-array opt e10s fission stylo webrender-sw,4768818,77,ms,firefox,,1710410577,2023-06-13 09:27:30,126.52878855059409,c7b5ae0c3e2d58a11af3dbe818dd67837d0ff44a,1256328,,,,,,,,,,,,,,,,,,,,,,,,,,,,,,,,,,,,,,,,,,,,,,,,,,TN,,,,,,,,,,
autoland,4769055,12,f76b60813665636d86169b6507d2f60fe004600c,windows10-64-shippable-qr,True,False,,,102210fe594ee9b33d82058545b1ed14f4c8206e,console.log-in-loop-content-process-array,damp,True,damp console.log-in-loop-content-process-array opt e10s fission stylo webrender-sw,4768818,77,ms,firefox,,1710445396,2023-06-13 10:02:00,129.08196057670375,2b9574ef0cc196618dae379b79b53958470216b3,1256346,,,,,,,,,,,,,,,,,,,,,,,,,,,,,,,,,,,,,,,,,,,,,,,,,,TN,,,,,,,,,,
autoland,4769055,12,f76b60813665636d86169b6507d2f60fe004600c,windows10-64-shippable-qr,True,False,,,102210fe594ee9b33d82058545b1ed14f4c8206e,console.log-in-loop-content-process-array,damp,True,damp console.log-in-loop-content-process-array opt e10s fission stylo webrender-sw,4768818,77,ms,firefox,,1710540907,2023-06-13 13:01:33,127.582273322123,8cd7aee6cae85ce9804794d4a45bc2f34aa04b66,1256450,,,,,,,,,,,,,,,,,,,,,,,,,,,,,,,,,,,,,,,,,,,,,,,,,,TN,,,,,,,,,,
autoland,4769055,12,f76b60813665636d86169b6507d2f60fe004600c,windows10-64-shippable-qr,True,False,,,102210fe594ee9b33d82058545b1ed14f4c8206e,console.log-in-loop-content-process-array,damp,True,damp console.log-in-loop-content-process-array opt e10s fission stylo webrender-sw,4768818,77,ms,firefox,,1710645992,2023-06-13 16:01:20,127.81003002371564,93520e8ffd9617b46d026ea530fde0169def3a80,1256570,,,,,,,,,,,,,,,,,,,,,,,,,,,,,,,,,,,,,,,,,,,,,,,,,,TN,,,,,,,,,,
autoland,4769055,12,f76b60813665636d86169b6507d2f60fe004600c,windows10-64-shippable-qr,True,False,,,102210fe594ee9b33d82058545b1ed14f4c8206e,console.log-in-loop-content-process-array,damp,True,damp console.log-in-loop-content-process-array opt e10s fission stylo webrender-sw,4768818,77,ms,firefox,,1710740896,2023-06-13 18:36:15,127.3598945415979,2d8fa86b279358b19ca794787248a9600c86ef5a,1256676,,,,,,,,,,,,,,,,,,,,,,,,,,,,,,,,,,,,,,,,,,,,,,,,,,TN,,,,,,,,,,
autoland,4769055,12,f76b60813665636d86169b6507d2f60fe004600c,windows10-64-shippable-qr,True,False,,,102210fe594ee9b33d82058545b1ed14f4c8206e,console.log-in-loop-content-process-array,damp,True,damp console.log-in-loop-content-process-array opt e10s fission stylo webrender-sw,4768818,77,ms,firefox,,1710842094,2023-06-13 22:49:33,124.64066065873249,0e2078b102ffd940ea83c3a5a8b1a176bdd3a8fb,1256827,,,,,,,,,,,,,,,,,,,,,,,,,,,,,,,,,,,,,,,,,,,,,,,,,,TN,,,,,,,,,,
autoland,4769055,12,f76b60813665636d86169b6507d2f60fe004600c,windows10-64-shippable-qr,True,False,,,102210fe594ee9b33d82058545b1ed14f4c8206e,console.log-in-loop-content-process-array,damp,True,damp console.log-in-loop-content-process-array opt e10s fission stylo webrender-sw,4768818,77,ms,firefox,,1710881189,2023-06-14 00:25:00,125.80682707976212,4c6c30b03e25cbd9d4dfc96f082e8cf241f51109,1256858,,,,,,,,,,,,,,,,,,,,,,,,,,,,,,,,,,,,,,,,,,,,,,,,,,TN,,,,,,,,,,
autoland,4769055,12,f76b60813665636d86169b6507d2f60fe004600c,windows10-64-shippable-qr,True,False,,,102210fe594ee9b33d82058545b1ed14f4c8206e,console.log-in-loop-content-process-array,damp,True,damp console.log-in-loop-content-process-array opt e10s fission stylo webrender-sw,4768818,77,ms,firefox,,1710980058,2023-06-14 05:14:15,127.22280267782298,b9e3497b939c3bdfee632c7297184b79cfeec9cc,1256948,,,,,,,,,,,,,,,,,,,,,,,,,,,,,,,,,,,,,,,,,,,,,,,,,,TN,,,,,,,,,,
autoland,4769055,12,f76b60813665636d86169b6507d2f60fe004600c,windows10-64-shippable-qr,True,False,,,102210fe594ee9b33d82058545b1ed14f4c8206e,console.log-in-loop-content-process-array,damp,True,damp console.log-in-loop-content-process-array opt e10s fission stylo webrender-sw,4768818,77,ms,firefox,,1711073922,2023-06-14 11:48:24,128.1852433130971,c6fa16c28b26a19d81b8853153057f32cec6f2fd,1257091,,,,,,,,,,,,,,,,,,,,,,,,,,,,,,,,,,,,,,,,,,,,,,,,,,TN,,,,,,,,,,
autoland,4769055,12,f76b60813665636d86169b6507d2f60fe004600c,windows10-64-shippable-qr,True,False,,,102210fe594ee9b33d82058545b1ed14f4c8206e,console.log-in-loop-content-process-array,damp,True,damp console.log-in-loop-content-process-array opt e10s fission stylo webrender-sw,4768818,77,ms,firefox,,1711176064,2023-06-14 13:20:02,128.58062994442753,928a5d849e038bf4277f06519f8f7ab3c94cc7ff,1257127,,,,,,,,,,,,,,,,,,,,,,,,,,,,,,,,,,,,,,,,,,,,,,,,,,TN,,,,,,,,,,
autoland,4769055,12,f76b60813665636d86169b6507d2f60fe004600c,windows10-64-shippable-qr,True,False,,,102210fe594ee9b33d82058545b1ed14f4c8206e,console.log-in-loop-content-process-array,damp,True,damp console.log-in-loop-content-process-array opt e10s fission stylo webrender-sw,4768818,77,ms,firefox,,1711341607,2023-06-14 17:41:50,128.06274394687352,933dd3c3e1c8beb677df8e4d51b1e99b41599f65,1257281,,,,,,,,,,,,,,,,,,,,,,,,,,,,,,,,,,,,,,,,,,,,,,,,,,TN,,,,,,,,,,
autoland,4769055,12,f76b60813665636d86169b6507d2f60fe004600c,windows10-64-shippable-qr,True,False,,,102210fe594ee9b33d82058545b1ed14f4c8206e,console.log-in-loop-content-process-array,damp,True,damp console.log-in-loop-content-process-array opt e10s fission stylo webrender-sw,4768818,77,ms,firefox,,1711368538,2023-06-14 18:25:51,126.7685342388213,d730841eed9459e5541190a9525313fb1ff98e75,1257330,,,,,,,,,,,,,,,,,,,,,,,,,,,,,,,,,,,,,,,,,,,,,,,,,,TN,,,,,,,,,,
autoland,4769055,12,f76b60813665636d86169b6507d2f60fe004600c,windows10-64-shippable-qr,True,False,,,102210fe594ee9b33d82058545b1ed14f4c8206e,console.log-in-loop-content-process-array,damp,True,damp console.log-in-loop-content-process-array opt e10s fission stylo webrender-sw,4768818,77,ms,firefox,,1711449288,2023-06-14 20:09:05,124.80420249958752,ff79aa6f7ba8605e7ea59acddd521284f75136e4,1257422,,,,,,,,,,,,,,,,,,,,,,,,,,,,,,,,,,,,,,,,,,,,,,,,,,TN,,,,,,,,,,
autoland,4769055,12,f76b60813665636d86169b6507d2f60fe004600c,windows10-64-shippable-qr,True,False,,,102210fe594ee9b33d82058545b1ed14f4c8206e,console.log-in-loop-content-process-array,damp,True,damp console.log-in-loop-content-process-array opt e10s fission stylo webrender-sw,4768818,77,ms,firefox,,1711496586,2023-06-14 21:46:45,125.7155623002982,4b1c6fc1fc0f3e664d546c4bf5c24f0c157bc2c5,1257512,,,,,,,,,,,,,,,,,,,,,,,,,,,,,,,,,,,,,,,,,,,,,,,,,,TN,,,,,,,,,,
autoland,4769055,12,f76b60813665636d86169b6507d2f60fe004600c,windows10-64-shippable-qr,True,False,,,102210fe594ee9b33d82058545b1ed14f4c8206e,console.log-in-loop-content-process-array,damp,True,damp console.log-in-loop-content-process-array opt e10s fission stylo webrender-sw,4768818,77,ms,firefox,,1711639334,2023-06-15 01:50:09,126.01772956323111,53e8e97bbe4e0c8fc4deff56e5b8d03391c0c023,1257663,,,,,,,,,,,,,,,,,,,,,,,,,,,,,,,,,,,,,,,,,,,,,,,,,,TN,,,,,,,,,,
autoland,4769055,12,f76b60813665636d86169b6507d2f60fe004600c,windows10-64-shippable-qr,True,False,,,102210fe594ee9b33d82058545b1ed14f4c8206e,console.log-in-loop-content-process-array,damp,True,damp console.log-in-loop-content-process-array opt e10s fission stylo webrender-sw,4768818,77,ms,firefox,,1711653449,2023-06-15 02:43:47,128.13715039377894,abf8f424d2d09f957d7ecd02af086a9b7adde3f8,1257688,,,,,,,,,,,,,,,,,,,,,,,,,,,,,,,,,,,,,,,,,,,,,,,,,,TN,,,,,,,,,,
autoland,4769055,12,f76b60813665636d86169b6507d2f60fe004600c,windows10-64-shippable-qr,True,False,,,102210fe594ee9b33d82058545b1ed14f4c8206e,console.log-in-loop-content-process-array,damp,True,damp console.log-in-loop-content-process-array opt e10s fission stylo webrender-sw,4768818,77,ms,firefox,,1711755363,2023-06-15 06:54:30,126.65299510322257,900ba46a6df5d5b6dde0d5de391246157de49c8a,1257783,,,,,,,,,,,,,,,,,,,,,,,,,,,,,,,,,,,,,,,,,,,,,,,,,,TN,,,,,,,,,,
autoland,4769055,12,f76b60813665636d86169b6507d2f60fe004600c,windows10-64-shippable-qr,True,False,,,102210fe594ee9b33d82058545b1ed14f4c8206e,console.log-in-loop-content-process-array,damp,True,damp console.log-in-loop-content-process-array opt e10s fission stylo webrender-sw,4768818,77,ms,firefox,,1711838144,2023-06-15 10:33:37,127.92765916632106,86864bda9b5f7077819eb76b661bcefb89fd19fa,1257909,,,,,,,,,,,,,,,,,,,,,,,,,,,,,,,,,,,,,,,,,,,,,,,,,,TN,,,,,,,,,,
autoland,4769055,12,f76b60813665636d86169b6507d2f60fe004600c,windows10-64-shippable-qr,True,False,,,102210fe594ee9b33d82058545b1ed14f4c8206e,console.log-in-loop-content-process-array,damp,True,damp console.log-in-loop-content-process-array opt e10s fission stylo webrender-sw,4768818,77,ms,firefox,,1711964925,2023-06-15 14:40:40,124.6551252744748,02d601db620c1b64867202e025ce19938938a04f,1258053,,,,,,,,,,,,,,,,,,,,,,,,,,,,,,,,,,,,,,,,,,,,,,,,,,TN,,,,,,,,,,
autoland,4769055,12,f76b60813665636d86169b6507d2f60fe004600c,windows10-64-shippable-qr,True,False,,,102210fe594ee9b33d82058545b1ed14f4c8206e,console.log-in-loop-content-process-array,damp,True,damp console.log-in-loop-content-process-array opt e10s fission stylo webrender-sw,4768818,77,ms,firefox,,1712018853,2023-06-15 14:52:05,126.41495394221148,c71789b596556b921a7d6ce12b4102f252631c4b,1258066,,,,,,,,,,,,,,,,,,,,,,,,,,,,,,,,,,,,,,,,,,,,,,,,,,TN,,,,,,,,,,
autoland,4769055,12,f76b60813665636d86169b6507d2f60fe004600c,windows10-64-shippable-qr,True,False,,,102210fe594ee9b33d82058545b1ed14f4c8206e,console.log-in-loop-content-process-array,damp,True,damp console.log-in-loop-content-process-array opt e10s fission stylo webrender-sw,4768818,77,ms,firefox,,1712094263,2023-06-15 17:49:05,126.45715374081192,91738dd5bb441001f7837d0cae71c0be46925602,1258216,,,,,,,,,,,,,,,,,,,,,,,,,,,,,,,,,,,,,,,,,,,,,,,,,,TN,,,,,,,,,,
autoland,4769055,12,f76b60813665636d86169b6507d2f60fe004600c,windows10-64-shippable-qr,True,False,,,102210fe594ee9b33d82058545b1ed14f4c8206e,console.log-in-loop-content-process-array,damp,True,damp console.log-in-loop-content-process-array opt e10s fission stylo webrender-sw,4768818,77,ms,firefox,,1712205038,2023-06-15 20:51:19,126.6558099781405,ba00fe639072b671be556332e4628092d64d31df,1258374,,,,,,,,,,,,,,,,,,,,,,,,,,,,,,,,,,,,,,,,,,,,,,,,,,TN,,,,,,,,,,
autoland,4769055,12,f76b60813665636d86169b6507d2f60fe004600c,windows10-64-shippable-qr,True,False,,,102210fe594ee9b33d82058545b1ed14f4c8206e,console.log-in-loop-content-process-array,damp,True,damp console.log-in-loop-content-process-array opt e10s fission stylo webrender-sw,4768818,77,ms,firefox,,1712308292,2023-06-16 01:17:42,127.17885755109272,6bc2d3f9b1aaecde92c9388f00f3d564d136d00a,1258594,,,,,,,,,,,,,,,,,,,,,,,,,,,,,,,,,,,,,,,,,,,,,,,,,,TN,,,,,,,,,,
autoland,4769055,12,f76b60813665636d86169b6507d2f60fe004600c,windows10-64-shippable-qr,True,False,,,102210fe594ee9b33d82058545b1ed14f4c8206e,console.log-in-loop-content-process-array,damp,True,damp console.log-in-loop-content-process-array opt e10s fission stylo webrender-sw,4768818,77,ms,firefox,,1712415132,2023-06-16 06:01:05,125.88870536505328,6a640a4dd3245b82ce97d863bf842b0cd4089ce5,1258674,,,,,,,,,,,,,,,,,,,,,,,,,,,,,,,,,,,,,,,,,,,,,,,,,,TN,,,,,,,,,,
autoland,4769055,12,f76b60813665636d86169b6507d2f60fe004600c,windows10-64-shippable-qr,True,False,,,102210fe594ee9b33d82058545b1ed14f4c8206e,console.log-in-loop-content-process-array,damp,True,damp console.log-in-loop-content-process-array opt e10s fission stylo webrender-sw,4768818,77,ms,firefox,,1712462529,2023-06-16 08:20:05,126.81009035774514,34ee66e105968b161583947185cad1fcebdc6641,1258718,,,,,,,,,,,,,,,,,,,,,,,,,,,,,,,,,,,,,,,,,,,,,,,,,,TN,,,,,,,,,,
autoland,4769055,12,f76b60813665636d86169b6507d2f60fe004600c,windows10-64-shippable-qr,True,False,,,102210fe594ee9b33d82058545b1ed14f4c8206e,console.log-in-loop-content-process-array,damp,True,damp console.log-in-loop-content-process-array opt e10s fission stylo webrender-sw,4768818,77,ms,firefox,,1712652336,2023-06-16 12:30:26,126.64288252346796,439d02859a2ebe8406cb74f8d6c7b148011d1658,1258826,,,,,,,,,,,,,,,,,,,,,,,,,,,,,,,,,,,,,,,,,,,,,,,,,,TN,,,,,,,,,,
autoland,4769055,12,f76b60813665636d86169b6507d2f60fe004600c,windows10-64-shippable-qr,True,False,,,102210fe594ee9b33d82058545b1ed14f4c8206e,console.log-in-loop-content-process-array,damp,True,damp console.log-in-loop-content-process-array opt e10s fission stylo webrender-sw,4768818,77,ms,firefox,,1712714709,2023-06-16 14:03:27,128.16684637857543,1d8c3788eb6fa2e81d627829a32004244d0271df,1258891,,,,,,,,,,,,,,,,,,,,,,,,,,,,,,,,,,,,,,,,,,,,,,,,,,TN,,,,,,,,,,
autoland,4769055,12,f76b60813665636d86169b6507d2f60fe004600c,windows10-64-shippable-qr,True,False,,,102210fe594ee9b33d82058545b1ed14f4c8206e,console.log-in-loop-content-process-array,damp,True,damp console.log-in-loop-content-process-array opt e10s fission stylo webrender-sw,4768818,77,ms,firefox,,1712815981,2023-06-16 16:55:49,126.94538301453213,e59de52b8ebea2db606a46a888a941400375fe0f,1259018,,,,,,,,,,,,,,,,,,,,,,,,,,,,,,,,,,,,,,,,,,,,,,,,,,TN,,,,,,,,,,
autoland,4769055,12,f76b60813665636d86169b6507d2f60fe004600c,windows10-64-shippable-qr,True,False,,,102210fe594ee9b33d82058545b1ed14f4c8206e,console.log-in-loop-content-process-array,damp,True,damp console.log-in-loop-content-process-array opt e10s fission stylo webrender-sw,4768818,77,ms,firefox,,1712943596,2023-06-16 19:50:08,124.61318433008272,789349491e2fe15a39f350fe470db7d696989434,1259157,,,,,,,,,,,,,,,,,,,,,,,,,,,,,,,,,,,,,,,,,,,,,,,,,,TN,,,,,,,,,,
autoland,4769055,12,f76b60813665636d86169b6507d2f60fe004600c,windows10-64-shippable-qr,True,False,,,102210fe594ee9b33d82058545b1ed14f4c8206e,console.log-in-loop-content-process-array,damp,True,damp console.log-in-loop-content-process-array opt e10s fission stylo webrender-sw,4768818,77,ms,firefox,,1713043393,2023-06-17 00:30:00,127.0103256764296,901b7ccc8be5e49a1b9736555af9653d46de349e,1259314,,,,,,,,,,,,,,,,,,,,,,,,,,,,,,,,,,,,,,,,,,,,,,,,,,TN,,,,,,,,,,
autoland,4769055,12,f76b60813665636d86169b6507d2f60fe004600c,windows10-64-shippable-qr,True,False,,,102210fe594ee9b33d82058545b1ed14f4c8206e,console.log-in-loop-content-process-array,damp,True,damp console.log-in-loop-content-process-array opt e10s fission stylo webrender-sw,4768818,77,ms,firefox,,1713213052,2023-06-17 15:38:59,126.25316031406692,e0262ee6a9a7a642c11266a1e9cfa4bc3fbd4b3b,1259384,,,,,,,,,,,,,,,,,,,,,,,,,,,,,,,,,,,,,,,,,,,,,,,,,,TN,,,,,,,,,,
autoland,4769055,12,f76b60813665636d86169b6507d2f60fe004600c,windows10-64-shippable-qr,True,False,,,102210fe594ee9b33d82058545b1ed14f4c8206e,console.log-in-loop-content-process-array,damp,True,damp console.log-in-loop-content-process-array opt e10s fission stylo webrender-sw,4768818,77,ms,firefox,,1713332431,2023-06-17 23:38:11,125.53695862538552,72d2cda2651d8fe01c8649f60e0620bc794a87fe,1259423,,,,,,,,,,,,,,,,,,,,,,,,,,,,,,,,,,,,,,,,,,,,,,,,,,TN,,,,,,,,,,
autoland,4769055,12,f76b60813665636d86169b6507d2f60fe004600c,windows10-64-shippable-qr,True,False,,,102210fe594ee9b33d82058545b1ed14f4c8206e,console.log-in-loop-content-process-array,damp,True,damp console.log-in-loop-content-process-array opt e10s fission stylo webrender-sw,4768818,77,ms,firefox,,1713472214,2023-06-18 11:39:33,124.97759998088624,1634cff61cb0e270b9660ebdc234cfcf3fed2c68,1259465,,,,,,,,,,,,,,,,,,,,,,,,,,,,,,,,,,,,,,,,,,,,,,,,,,TN,,,,,,,,,,
autoland,4769055,12,f76b60813665636d86169b6507d2f60fe004600c,windows10-64-shippable-qr,True,False,,,102210fe594ee9b33d82058545b1ed14f4c8206e,console.log-in-loop-content-process-array,damp,True,damp console.log-in-loop-content-process-array opt e10s fission stylo webrender-sw,4768818,77,ms,firefox,,1713705276,2023-06-19 00:32:35,125.9392631984938,1c059369d43547f90439b0a44cc76b54a0a3af97,1259516,,,,,,,,,,,,,,,,,,,,,,,,,,,,,,,,,,,,,,,,,,,,,,,,,,TN,,,,,,,,,,
autoland,4769055,12,f76b60813665636d86169b6507d2f60fe004600c,windows10-64-shippable-qr,True,False,,,102210fe594ee9b33d82058545b1ed14f4c8206e,console.log-in-loop-content-process-array,damp,True,damp console.log-in-loop-content-process-array opt e10s fission stylo webrender-sw,4768818,77,ms,firefox,,1713762076,2023-06-19 05:49:35,126.16360354604058,a9e342522ebdb9602671208a06e988a285d3af18,1259544,,,,,,,,,,,,,,,,,,,,,,,,,,,,,,,,,,,,,,,,,,,,,,,,,,TN,,,,,,,,,,
autoland,4769055,12,f76b60813665636d86169b6507d2f60fe004600c,windows10-64-shippable-qr,True,False,,,102210fe594ee9b33d82058545b1ed14f4c8206e,console.log-in-loop-content-process-array,damp,True,damp console.log-in-loop-content-process-array opt e10s fission stylo webrender-sw,4768818,77,ms,firefox,,1713830693,2023-06-19 09:32:15,125.83417443397684,0274a8c06c67e5ee1dccdb4e151ccf0ec70af43f,1259616,,,,,,,,,,,,,,,,,,,,,,,,,,,,,,,,,,,,,,,,,,,,,,,,,,TN,,,,,,,,,,
autoland,4769055,12,f76b60813665636d86169b6507d2f60fe004600c,windows10-64-shippable-qr,True,False,,,102210fe594ee9b33d82058545b1ed14f4c8206e,console.log-in-loop-content-process-array,damp,True,damp console.log-in-loop-content-process-array opt e10s fission stylo webrender-sw,4768818,77,ms,firefox,,1713971847,2023-06-19 13:01:53,127.02632222090232,89c8bf4e9209c0c4b1eb87efab68e96d6dbf8145,1259739,,,,,,,,,,,,,,,,,,,,,,,,,,,,,,,,,,,,,,,,,,,,,,,,,,TN,,,,,,,,,,
autoland,4769055,12,f76b60813665636d86169b6507d2f60fe004600c,windows10-64-shippable-qr,True,False,,,102210fe594ee9b33d82058545b1ed14f4c8206e,console.log-in-loop-content-process-array,damp,True,damp console.log-in-loop-content-process-array opt e10s fission stylo webrender-sw,4768818,77,ms,firefox,,1714062842,2023-06-19 16:21:16,126.45079392386106,9ecde3181716f5d8ad265d976575224cc04b2887,1259851,,,,,,,,,,,,,,,,,,,,,,,,,,,,,,,,,,,,,,,,,,,,,,,,,,TN,,,,,,,,,,
autoland,4769055,12,f76b60813665636d86169b6507d2f60fe004600c,windows10-64-shippable-qr,True,False,,,102210fe594ee9b33d82058545b1ed14f4c8206e,console.log-in-loop-content-process-array,damp,True,damp console.log-in-loop-content-process-array opt e10s fission stylo webrender-sw,4768818,77,ms,firefox,,1714134077,2023-06-19 19:03:14,126.64637782372029,e06365982ef6b00590cb160ebe9f4978558d1052,1259928,,,,,,,,,,,,,,,,,,,,,,,,,,,,,,,,,,,,,,,,,,,,,,,,,,TN,,,,,,,,,,
autoland,4769055,12,f76b60813665636d86169b6507d2f60fe004600c,windows10-64-shippable-qr,True,False,,,102210fe594ee9b33d82058545b1ed14f4c8206e,console.log-in-loop-content-process-array,damp,True,damp console.log-in-loop-content-process-array opt e10s fission stylo webrender-sw,4768818,77,ms,firefox,,1714219391,2023-06-19 23:03:46,126.59637469557492,edef1940a6bd4d95b235e43b1cada493f561f78a,1260042,,,,,,,,,,,,,,,,,,,,,,,,,,,,,,,,,,,,,,,,,,,,,,,,,,TN,,,,,,,,,,
autoland,4769055,12,f76b60813665636d86169b6507d2f60fe004600c,windows10-64-shippable-qr,True,False,,,102210fe594ee9b33d82058545b1ed14f4c8206e,console.log-in-loop-content-process-array,damp,True,damp console.log-in-loop-content-process-array opt e10s fission stylo webrender-sw,4768818,77,ms,firefox,,1714309716,2023-06-20 04:00:20,127.26299926442334,a4b679a79f2fa00877013dfcc1a886078d728328,1260102,,,,,,,,,,,,,,,,,,,,,,,,,,,,,,,,,,,,,,,,,,,,,,,,,,TN,,,,,,,,,,
autoland,4769055,12,f76b60813665636d86169b6507d2f60fe004600c,windows10-64-shippable-qr,True,False,,,102210fe594ee9b33d82058545b1ed14f4c8206e,console.log-in-loop-content-process-array,damp,True,damp console.log-in-loop-content-process-array opt e10s fission stylo webrender-sw,4768818,77,ms,firefox,,1714551382,2023-06-20 05:17:25,127.16473563055206,ce5a84713c8b968709940f18f143d251da4fcb83,1260124,,,,,,,,,,,,,,,,,,,,,,,,,,,,,,,,,,,,,,,,,,,,,,,,,,TN,,,,,,,,,,
autoland,4769055,12,f76b60813665636d86169b6507d2f60fe004600c,windows10-64-shippable-qr,True,False,,,102210fe594ee9b33d82058545b1ed14f4c8206e,console.log-in-loop-content-process-array,damp,True,damp console.log-in-loop-content-process-array opt e10s fission stylo webrender-sw,4768818,77,ms,firefox,,1714644019,2023-06-20 09:18:46,127.18129327258612,caf02cdd31992e89c9bd81c5ec4d391070651f3a,1260213,,,,,,,,,,,,,,,,,,,,,,,,,,,,,,,,,,,,,,,,,,,,,,,,,,TN,,,,,,,,,,
autoland,4769055,12,f76b60813665636d86169b6507d2f60fe004600c,windows10-64-shippable-qr,True,False,,,102210fe594ee9b33d82058545b1ed14f4c8206e,console.log-in-loop-content-process-array,damp,True,damp console.log-in-loop-content-process-array opt e10s fission stylo webrender-sw,4768818,77,ms,firefox,,1714706405,2023-06-20 12:29:52,127.11054753233566,5ade2b37847325019878bde832493c342759d7eb,1260284,,,,,,,,,,,,,,,,,,,,,,,,,,,,,,,,,,,,,,,,,,,,,,,,,,TN,,,,,,,,,,
autoland,4769055,12,f76b60813665636d86169b6507d2f60fe004600c,windows10-64-shippable-qr,True,False,,,102210fe594ee9b33d82058545b1ed14f4c8206e,console.log-in-loop-content-process-array,damp,True,damp console.log-in-loop-content-process-array opt e10s fission stylo webrender-sw,4768818,77,ms,firefox,,1714883419,2023-06-20 16:34:00,128.57175527624622,1877c1e6db6f8a23c52ab9238c7f62d0b696f0ce,1260512,,,,,,,,,,,,,,,,,,,,,,,,,,,,,,,,,,,,,,,,,,,,,,,,,,TN,,,,,,,,,,
autoland,4769055,12,f76b60813665636d86169b6507d2f60fe004600c,windows10-64-shippable-qr,True,False,,,102210fe594ee9b33d82058545b1ed14f4c8206e,console.log-in-loop-content-process-array,damp,True,damp console.log-in-loop-content-process-array opt e10s fission stylo webrender-sw,4768818,77,ms,firefox,,1714905672,2023-06-20 16:35:53,129.86416983651634,2ad5c2418b372960126440af5aa568104de3bfb8,1260515,,,,,,,,,,,,,,,,,,,,,,,,,,,,,,,,,,,,,,,,,,,,,,,,,,TN,,,,,,,,,,
autoland,4769055,12,f76b60813665636d86169b6507d2f60fe004600c,windows10-64-shippable-qr,True,False,,,102210fe594ee9b33d82058545b1ed14f4c8206e,console.log-in-loop-content-process-array,damp,True,damp console.log-in-loop-content-process-array opt e10s fission stylo webrender-sw,4768818,77,ms,firefox,,1715265143,2023-06-21 00:51:29,127.78348942514732,143aa1574b8d50e4d2ddd1a2826b25a8418f13c1,1260862,,,,,,,,,,,,,,,,,,,,,,,,,,,,,,,,,,,,,,,,,,,,,,,,,,TN,,,,,,,,,,
autoland,4769055,12,f76b60813665636d86169b6507d2f60fe004600c,windows10-64-shippable-qr,True,False,,,102210fe594ee9b33d82058545b1ed14f4c8206e,console.log-in-loop-content-process-array,damp,True,damp console.log-in-loop-content-process-array opt e10s fission stylo webrender-sw,4768818,77,ms,firefox,,1715308924,2023-06-21 02:28:11,126.85719181401964,7bdf45ed2f6b565e69fdbc44285af78de3271a4e,1260905,,,,,,,,,,,,,,,,,,,,,,,,,,,,,,,,,,,,,,,,,,,,,,,,,,TN,,,,,,,,,,
autoland,4769055,12,f76b60813665636d86169b6507d2f60fe004600c,windows10-64-shippable-qr,True,False,,,102210fe594ee9b33d82058545b1ed14f4c8206e,console.log-in-loop-content-process-array,damp,True,damp console.log-in-loop-content-process-array opt e10s fission stylo webrender-sw,4768818,77,ms,firefox,,1715421676,2023-06-21 06:55:17,127.6981124604772,8a382f0bd3211346516d54c647d157320335a806,1260969,,,,,,,,,,,,,,,,,,,,,,,,,,,,,,,,,,,,,,,,,,,,,,,,,,TN,,,,,,,,,,
autoland,4769055,12,f76b60813665636d86169b6507d2f60fe004600c,windows10-64-shippable-qr,True,False,,,102210fe594ee9b33d82058545b1ed14f4c8206e,console.log-in-loop-content-process-array,damp,True,damp console.log-in-loop-content-process-array opt e10s fission stylo webrender-sw,4768818,77,ms,firefox,,1715436322,2023-06-21 07:34:24,131.07443985617465,4c90403735bebf09d72af91e99745cfcbbae2a35,1260998,,,,,,,,,,,,,,,,,,,,,,,,,,,,,,,,,,,,,,,,,,,,,,,,,,TN,,,,,,,,,,
autoland,4769055,12,f76b60813665636d86169b6507d2f60fe004600c,windows10-64-shippable-qr,True,False,,,102210fe594ee9b33d82058545b1ed14f4c8206e,console.log-in-loop-content-process-array,damp,True,damp console.log-in-loop-content-process-array opt e10s fission stylo webrender-sw,4768818,77,ms,firefox,,1715621399,2023-06-21 12:20:35,126.34207748047264,14edc9bcbe5615f748cdb086881c6b983aedf04d,1261182,,,,,,,,,,,,,,,,,,,,,,,,,,,,,,,,,,,,,,,,,,,,,,,,,,TN,,,,,,,,,,
autoland,4769055,12,f76b60813665636d86169b6507d2f60fe004600c,windows10-64-shippable-qr,True,False,,,102210fe594ee9b33d82058545b1ed14f4c8206e,console.log-in-loop-content-process-array,damp,True,damp console.log-in-loop-content-process-array opt e10s fission stylo webrender-sw,4768818,77,ms,firefox,,1715688830,2023-06-21 12:59:17,127.28740149551686,b94f3d418f54f964368486a65cd5d15e828867db,1261207,,,,,,,,,,,,,,,,,,,,,,,,,,,,,,,,,,,,,,,,,,,,,,,,,,TN,,,,,,,,,,
autoland,4769055,12,f76b60813665636d86169b6507d2f60fe004600c,windows10-64-shippable-qr,True,False,,,102210fe594ee9b33d82058545b1ed14f4c8206e,console.log-in-loop-content-process-array,damp,True,damp console.log-in-loop-content-process-array opt e10s fission stylo webrender-sw,4768818,77,ms,firefox,,1715750857,2023-06-21 16:33:07,126.35449669350328,702dc0aa87a8c3e4929277c1dc8220a7dd72418f,1261278,,,,,,,,,,,,,,,,,,,,,,,,,,,,,,,,,,,,,,,,,,,,,,,,,,TN,,,,,,,,,,
autoland,4769055,12,f76b60813665636d86169b6507d2f60fe004600c,windows10-64-shippable-qr,True,False,,,102210fe594ee9b33d82058545b1ed14f4c8206e,console.log-in-loop-content-process-array,damp,True,damp console.log-in-loop-content-process-array opt e10s fission stylo webrender-sw,4768818,77,ms,firefox,,1715952024,2023-06-21 20:43:57,128.15754289445704,78880280c2765ec0520ece3184fc8fdbac5b5356,1261541,,,,,,,,,,,,,,,,,,,,,,,,,,,,,,,,,,,,,,,,,,,,,,,,,,TN,,,,,,,,,,
autoland,4769055,12,f76b60813665636d86169b6507d2f60fe004600c,windows10-64-shippable-qr,True,False,,,102210fe594ee9b33d82058545b1ed14f4c8206e,console.log-in-loop-content-process-array,damp,True,damp console.log-in-loop-content-process-array opt e10s fission stylo webrender-sw,4768818,77,ms,firefox,,1716014767,2023-06-22 00:43:42,126.30035044651686,109834499ca10a69681c6868a23ec828dcf160cf,1261782,,,,,,,,,,,,,,,,,,,,,,,,,,,,,,,,,,,,,,,,,,,,,,,,,,TN,,,,,,,,,,
autoland,4769055,12,f76b60813665636d86169b6507d2f60fe004600c,windows10-64-shippable-qr,True,False,,,102210fe594ee9b33d82058545b1ed14f4c8206e,console.log-in-loop-content-process-array,damp,True,damp console.log-in-loop-content-process-array opt e10s fission stylo webrender-sw,4768818,77,ms,firefox,,1716085694,2023-06-22 05:48:27,127.6251942186318,57884604206ce9bb39718006eac660e6e32e5044,1261863,,,,,,,,,,,,,,,,,,,,,,,,,,,,,,,,,,,,,,,,,,,,,,,,,,TN,,,,,,,,,,
autoland,4769055,12,f76b60813665636d86169b6507d2f60fe004600c,windows10-64-shippable-qr,True,False,,,102210fe594ee9b33d82058545b1ed14f4c8206e,console.log-in-loop-content-process-array,damp,True,damp console.log-in-loop-content-process-array opt e10s fission stylo webrender-sw,4768818,77,ms,firefox,,1716114709,2023-06-22 07:29:35,127.93073516827552,45769d7ff3c64d7abfcfedd8f05bb7dcb442270c,1261886,,,,,,,,,,,,,,,,,,,,,,,,,,,,,,,,,,,,,,,,,,,,,,,,,,TN,,,,,,,,,,
autoland,4769055,12,f76b60813665636d86169b6507d2f60fe004600c,windows10-64-shippable-qr,True,False,,,102210fe594ee9b33d82058545b1ed14f4c8206e,console.log-in-loop-content-process-array,damp,True,damp console.log-in-loop-content-process-array opt e10s fission stylo webrender-sw,4768818,77,ms,firefox,,1716221680,2023-06-22 11:39:08,128.69455753032435,3d85ee9f4f736ebc38b26fed33c8681bb512aa92,1262053,,,,,,,,,,,,,,,,,,,,,,,,,,,,,,,,,,,,,,,,,,,,,,,,,,TN,,,,,,,,,,
autoland,4769055,12,f76b60813665636d86169b6507d2f60fe004600c,windows10-64-shippable-qr,True,False,,,102210fe594ee9b33d82058545b1ed14f4c8206e,console.log-in-loop-content-process-array,damp,True,damp console.log-in-loop-content-process-array opt e10s fission stylo webrender-sw,4768818,77,ms,firefox,,1716396149,2023-06-22 14:41:02,129.0752605224443,b9e51e69d0451a93822b61cc15d72666124f02dd,1262179,,,,,,,,,,,,,,,,,,,,,,,,,,,,,,,,,,,,,,,,,,,,,,,,,,TN,,,,,,,,,,
autoland,4769055,12,f76b60813665636d86169b6507d2f60fe004600c,windows10-64-shippable-qr,True,False,,,102210fe594ee9b33d82058545b1ed14f4c8206e,console.log-in-loop-content-process-array,damp,True,damp console.log-in-loop-content-process-array opt e10s fission stylo webrender-sw,4768818,77,ms,firefox,,1716458883,2023-06-22 18:48:21,126.54069201860877,9a98c67180c5914db4ca78d4fc36d6d0721d24a9,1262325,,,,,,,,,,,,,,,,,,,,,,,,,,,,,,,,,,,,,,,,,,,,,,,,,,TN,,,,,,,,,,
autoland,4769055,12,f76b60813665636d86169b6507d2f60fe004600c,windows10-64-shippable-qr,True,False,,,102210fe594ee9b33d82058545b1ed14f4c8206e,console.log-in-loop-content-process-array,damp,True,damp console.log-in-loop-content-process-array opt e10s fission stylo webrender-sw,4768818,77,ms,firefox,,1716472869,2023-06-22 19:02:55,126.9635196648942,4b261191412d4972eaab59ddb358f2eef865280d,1262337,,,,,,,,,,,,,,,,,,,,,,,,,,,,,,,,,,,,,,,,,,,,,,,,,,TN,,,,,,,,,,
autoland,4769055,12,f76b60813665636d86169b6507d2f60fe004600c,windows10-64-shippable-qr,True,False,,,102210fe594ee9b33d82058545b1ed14f4c8206e,console.log-in-loop-content-process-array,damp,True,damp console.log-in-loop-content-process-array opt e10s fission stylo webrender-sw,4768818,77,ms,firefox,,1716581167,2023-06-22 22:58:49,128.95925130619707,ec702239c313d37f8ee8d6b4d9b78aba8d4b6580,1262495,,,,,,,,,,,,,,,,,,,,,,,,,,,,,,,,,,,,,,,,,,,,,,,,,,TN,,,,,,,,,,
autoland,4769055,12,f76b60813665636d86169b6507d2f60fe004600c,windows10-64-shippable-qr,True,False,,,102210fe594ee9b33d82058545b1ed14f4c8206e,console.log-in-loop-content-process-array,damp,True,damp console.log-in-loop-content-process-array opt e10s fission stylo webrender-sw,4768818,77,ms,firefox,,1716712302,2023-06-23 03:22:10,126.45710858729215,a9c0bee966a1e0b10528a9b41b3dcea34ee95b83,1262648,,,,,,,,,,,,,,,,,,,,,,,,,,,,,,,,,,,,,,,,,,,,,,,,,,TN,,,,,,,,,,
autoland,4769055,12,f76b60813665636d86169b6507d2f60fe004600c,windows10-64-shippable-qr,True,False,,,102210fe594ee9b33d82058545b1ed14f4c8206e,console.log-in-loop-content-process-array,damp,True,damp console.log-in-loop-content-process-array opt e10s fission stylo webrender-sw,4768818,77,ms,firefox,,1716904803,2023-06-23 06:38:21,126.34762505670552,e6ebe768e49bf43fc6465b297a817d1e4994af82,1262712,,,,,,,,,,,,,,,,,,,,,,,,,,,,,,,,,,,,,,,,,,,,,,,,,,TN,,,,,,,,,,
autoland,4769055,12,f76b60813665636d86169b6507d2f60fe004600c,windows10-64-shippable-qr,True,False,,,102210fe594ee9b33d82058545b1ed14f4c8206e,console.log-in-loop-content-process-array,damp,True,damp console.log-in-loop-content-process-array opt e10s fission stylo webrender-sw,4768818,77,ms,firefox,,1716989542,2023-06-23 10:04:46,127.82035344401991,bd328e6b49f984c8a1b8e2e0e0b2194267d023ac,1262825,,,,,,,,,,,,,,,,,,,,,,,,,,,,,,,,,,,,,,,,,,,,,,,,,,TN,,,,,,,,,,
autoland,4769055,12,f76b60813665636d86169b6507d2f60fe004600c,windows10-64-shippable-qr,True,False,,,102210fe594ee9b33d82058545b1ed14f4c8206e,console.log-in-loop-content-process-array,damp,True,damp console.log-in-loop-content-process-array opt e10s fission stylo webrender-sw,4768818,77,ms,firefox,,1718436324,2023-06-23 13:21:53,124.58950421017198,b7519c8b2155cad5efb4388bc0b7aeb1ee8ad415,1262923,,,,,,,,,,,,,,,,,,,,,,,,,,,,,,,,,,,,,,,,,,,,,,,,,,TN,,,,,,,,,,
autoland,4769055,12,f76b60813665636d86169b6507d2f60fe004600c,windows10-64-shippable-qr,True,False,,,102210fe594ee9b33d82058545b1ed14f4c8206e,console.log-in-loop-content-process-array,damp,True,damp console.log-in-loop-content-process-array opt e10s fission stylo webrender-sw,4768818,77,ms,firefox,,1718435761,2023-06-23 13:23:11,126.8961929708512,838d6a3dea61fb1e309c44896db9f5bc2ad8bb9b,1262926,,,,,,,,,,,,,,,,,,,,,,,,,,,,,,,,,,,,,,,,,,,,,,,,,,TN,,,,,,,,,,
autoland,4769055,12,f76b60813665636d86169b6507d2f60fe004600c,windows10-64-shippable-qr,True,False,,,102210fe594ee9b33d82058545b1ed14f4c8206e,console.log-in-loop-content-process-array,damp,True,damp console.log-in-loop-content-process-array opt e10s fission stylo webrender-sw,4768818,77,ms,firefox,,1718406102,2023-06-23 13:24:00,126.840428237163,d1508e7e9c58aecf5c14298ad10fe78d46ba8cb7,1262927,,,,,,,,,,,,,,,,,,,,,,,,,,,,,,,,,,,,,,,,,,,,,,,,,,TN,,,,,,,,,,
autoland,4769055,12,f76b60813665636d86169b6507d2f60fe004600c,windows10-64-shippable-qr,True,False,,,102210fe594ee9b33d82058545b1ed14f4c8206e,console.log-in-loop-content-process-array,damp,True,damp console.log-in-loop-content-process-array opt e10s fission stylo webrender-sw,4768818,77,ms,firefox,,1718435923,2023-06-23 13:24:48,128.70824470046043,5276a2dbe3d20032cff5d509e9b86b0eb0b89aeb,1262928,,,,,,,,,,,,,,,,,,,,,,,,,,,,,,,,,,,,,,,,,,,,,,,,,,TN,,,,,,,,,,
autoland,4769055,12,f76b60813665636d86169b6507d2f60fe004600c,windows10-64-shippable-qr,True,False,,,102210fe594ee9b33d82058545b1ed14f4c8206e,console.log-in-loop-content-process-array,damp,True,damp console.log-in-loop-content-process-array opt e10s fission stylo webrender-sw,4768818,77,ms,firefox,,1718439953,2023-06-23 13:24:48,127.593065339016,5276a2dbe3d20032cff5d509e9b86b0eb0b89aeb,1262928,,,,,,,,,,,,,,,,,,,,,,,,,,,,,,,,,,,,,,,,,,,,,,,,,,TN,,,,,,,,,,
autoland,4769055,12,f76b60813665636d86169b6507d2f60fe004600c,windows10-64-shippable-qr,True,False,,,102210fe594ee9b33d82058545b1ed14f4c8206e,console.log-in-loop-content-process-array,damp,True,damp console.log-in-loop-content-process-array opt e10s fission stylo webrender-sw,4768818,77,ms,firefox,,1718406224,2023-06-23 13:26:16,126.03756711460755,f7e8a47d6ca5ac537018c6b081b54596529cd7ce,1262930,,,,,,,,,,,,,,,,,,,,,,,,,,,,,,,,,,,,,,,,,,,,,,,,,,TN,,,,,,,,,,
autoland,4769055,12,f76b60813665636d86169b6507d2f60fe004600c,windows10-64-shippable-qr,True,False,,,102210fe594ee9b33d82058545b1ed14f4c8206e,console.log-in-loop-content-process-array,damp,True,damp console.log-in-loop-content-process-array opt e10s fission stylo webrender-sw,4768818,77,ms,firefox,,1718406274,2023-06-23 13:26:16,125.8683506662146,f7e8a47d6ca5ac537018c6b081b54596529cd7ce,1262930,,,,,,,,,,,,,,,,,,,,,,,,,,,,,,,,,,,,,,,,,,,,,,,,,,TN,,,,,,,,,,
autoland,4769055,12,f76b60813665636d86169b6507d2f60fe004600c,windows10-64-shippable-qr,True,False,,,102210fe594ee9b33d82058545b1ed14f4c8206e,console.log-in-loop-content-process-array,damp,True,damp console.log-in-loop-content-process-array opt e10s fission stylo webrender-sw,4768818,77,ms,firefox,,1718428357,2023-06-23 13:28:27,127.76570024811735,ae5391c3ba9684bf1964cdd42a35470ceb2e851f,1262934,,,,,,,,,,,,,,,,,,,,,,,,,,,,,,,,,,,,,,,,,,,,,,,,,,TN,,,,,,,,,,
autoland,4769055,12,f76b60813665636d86169b6507d2f60fe004600c,windows10-64-shippable-qr,True,False,,,102210fe594ee9b33d82058545b1ed14f4c8206e,console.log-in-loop-content-process-array,damp,True,damp console.log-in-loop-content-process-array opt e10s fission stylo webrender-sw,4768818,77,ms,firefox,,1718428301,2023-06-23 13:28:27,126.88262624911022,ae5391c3ba9684bf1964cdd42a35470ceb2e851f,1262934,,,,,,,,,,,,,,,,,,,,,,,,,,,,,,,,,,,,,,,,,,,,,,,,,,TN,,,,,,,,,,
autoland,4769055,12,f76b60813665636d86169b6507d2f60fe004600c,windows10-64-shippable-qr,True,False,,,102210fe594ee9b33d82058545b1ed14f4c8206e,console.log-in-loop-content-process-array,damp,True,damp console.log-in-loop-content-process-array opt e10s fission stylo webrender-sw,4768818,77,ms,firefox,,1718423491,2023-06-23 13:32:31,126.37583003775852,8dc661523d77dbd55b91d12993943dea904e5b4d,1262937,,,,,,,,,,,,,,,,,,,,,,,,,,,,,,,,,,,,,,,,,,,,,,,,,,TN,,,,,,,,,,
autoland,4769055,12,f76b60813665636d86169b6507d2f60fe004600c,windows10-64-shippable-qr,True,False,,,102210fe594ee9b33d82058545b1ed14f4c8206e,console.log-in-loop-content-process-array,damp,True,damp console.log-in-loop-content-process-array opt e10s fission stylo webrender-sw,4768818,77,ms,firefox,,1718423689,2023-06-23 13:32:31,127.03963698523694,8dc661523d77dbd55b91d12993943dea904e5b4d,1262937,,,,,,,,,,,,,,,,,,,,,,,,,,,,,,,,,,,,,,,,,,,,,,,,,,TN,,,,,,,,,,
autoland,4769055,12,f76b60813665636d86169b6507d2f60fe004600c,windows10-64-shippable-qr,True,False,,,102210fe594ee9b33d82058545b1ed14f4c8206e,console.log-in-loop-content-process-array,damp,True,damp console.log-in-loop-content-process-array opt e10s fission stylo webrender-sw,4768818,77,ms,firefox,,1718427880,2023-06-23 13:33:59,126.44337091300258,8ea86587da61d12f9ae4ad4de98c95cd4c977f4e,1262939,,,,,,,,,,,,,,,,,,,,,,,,,,,,,,,,,,,,,,,,,,,,,,,,,,TN,,,,,,,,,,
autoland,4769055,12,f76b60813665636d86169b6507d2f60fe004600c,windows10-64-shippable-qr,True,False,,,102210fe594ee9b33d82058545b1ed14f4c8206e,console.log-in-loop-content-process-array,damp,True,damp console.log-in-loop-content-process-array opt e10s fission stylo webrender-sw,4768818,77,ms,firefox,,1718427960,2023-06-23 13:33:59,128.05011043834202,8ea86587da61d12f9ae4ad4de98c95cd4c977f4e,1262939,,,,,,,,,,,,,,,,,,,,,,,,,,,,,,,,,,,,,,,,,,,,,,,,,,TN,,,,,,,,,,
autoland,4769055,12,f76b60813665636d86169b6507d2f60fe004600c,windows10-64-shippable-qr,True,False,,,102210fe594ee9b33d82058545b1ed14f4c8206e,console.log-in-loop-content-process-array,damp,True,damp console.log-in-loop-content-process-array opt e10s fission stylo webrender-sw,4768818,77,ms,firefox,,1718405071,2023-06-23 13:39:13,127.60099955933856,c7677f0d14515e77219386889f0f503840bf8166,1262946,,,,,,,,,,,,,,,,,,,,,,,,,,,,,,,,,,,,,,,,,,,,,,,,,,TN,,,,,,,,,,
autoland,4769055,12,f76b60813665636d86169b6507d2f60fe004600c,windows10-64-shippable-qr,True,False,,,102210fe594ee9b33d82058545b1ed14f4c8206e,console.log-in-loop-content-process-array,damp,True,damp console.log-in-loop-content-process-array opt e10s fission stylo webrender-sw,4768818,77,ms,firefox,,1718405274,2023-06-23 13:39:13,125.49071008706414,c7677f0d14515e77219386889f0f503840bf8166,1262946,,,,,,,,,,,,,,,,,,,,,,,,,,,,,,,,,,,,,,,,,,,,,,,,,,TN,,,,,,,,,,
autoland,4769055,12,f76b60813665636d86169b6507d2f60fe004600c,windows10-64-shippable-qr,True,False,,,102210fe594ee9b33d82058545b1ed14f4c8206e,console.log-in-loop-content-process-array,damp,True,damp console.log-in-loop-content-process-array opt e10s fission stylo webrender-sw,4768818,77,ms,firefox,,1717091882,2023-06-23 14:10:04,126.9418883314156,21d4902198ae482d7fd52735881f90fb09ffaa07,1262960,,,,,,,,,,,,,,,,,,,,,,,,,,,,,,,,,,,,,,,,,,,,,,,,,,TN,,,,,,,,,,
autoland,4769055,12,f76b60813665636d86169b6507d2f60fe004600c,windows10-64-shippable-qr,True,False,,,102210fe594ee9b33d82058545b1ed14f4c8206e,console.log-in-loop-content-process-array,damp,True,damp console.log-in-loop-content-process-array opt e10s fission stylo webrender-sw,4768818,77,ms,firefox,,1718435499,2023-06-23 14:15:50,126.5421026492604,ec9819462d39952672ba4191d75f16ffb5eda080,1262966,,,,,,,,,,,,,,,,,,,,,,,,,,,,,,,,,,,,,,,,,,,,,,,,,,TN,,,,,,,,,,
autoland,4769055,12,f76b60813665636d86169b6507d2f60fe004600c,windows10-64-shippable-qr,True,False,,,102210fe594ee9b33d82058545b1ed14f4c8206e,console.log-in-loop-content-process-array,damp,True,damp console.log-in-loop-content-process-array opt e10s fission stylo webrender-sw,4768818,77,ms,firefox,,1718424076,2023-06-23 14:17:21,126.93147502586451,a6bea1cf301ad839d4d32462a249f1942550d379,1262968,,,,,,,,,,,,,,,,,,,,,,,,,,,,,,,,,,,,,,,,,,,,,,,,,,TN,,,,,,,,,,
autoland,4769055,12,f76b60813665636d86169b6507d2f60fe004600c,windows10-64-shippable-qr,True,False,,,102210fe594ee9b33d82058545b1ed14f4c8206e,console.log-in-loop-content-process-array,damp,True,damp console.log-in-loop-content-process-array opt e10s fission stylo webrender-sw,4768818,77,ms,firefox,,1717100099,2023-06-23 14:24:51,124.53109373346706,801ba619d741b520231e6a0791457e7b44bef641,1262973,,,,,,,,,,,,,,,,,,,,,,,,,,,,,,,,,,,,,,,,,,,,,,,,,,TN,,,,,,,,,,
autoland,4769055,12,f76b60813665636d86169b6507d2f60fe004600c,windows10-64-shippable-qr,True,False,,,102210fe594ee9b33d82058545b1ed14f4c8206e,console.log-in-loop-content-process-array,damp,True,damp console.log-in-loop-content-process-array opt e10s fission stylo webrender-sw,4768818,77,ms,firefox,,1718424575,2023-06-23 16:05:06,130.1126230294385,6af266d60efe2b682ae42f22039a5b2de1fa7b80,1262998,,,,,,,,,,,,,,,,,,,,,,,,,,,,,,,,,,,,,,,,,,,,,,,,,,TN,,,,,,,,,,
autoland,4769055,12,f76b60813665636d86169b6507d2f60fe004600c,windows10-64-shippable-qr,True,False,,,102210fe594ee9b33d82058545b1ed14f4c8206e,console.log-in-loop-content-process-array,damp,True,damp console.log-in-loop-content-process-array opt e10s fission stylo webrender-sw,4768818,77,ms,firefox,,1718424301,2023-06-23 16:11:13,126.8149147877084,8ea07e3a172f8659564a46923981c7e73c60cbdc,1262999,,,,,,,,,,,,,,,,,,,,,,,,,,,,,,,,,,,,,,,,,,,,,,,,,,TN,,,,,,,,,,
autoland,4769055,12,f76b60813665636d86169b6507d2f60fe004600c,windows10-64-shippable-qr,True,False,,,102210fe594ee9b33d82058545b1ed14f4c8206e,console.log-in-loop-content-process-array,damp,True,damp console.log-in-loop-content-process-array opt e10s fission stylo webrender-sw,4768818,77,ms,firefox,,1718438512,2023-06-23 16:27:32,127.20334970937164,006c43fdfa9661af8b83296dd4a1e5b0dbfc38bd,1263000,,,,,,,,,,,,,,,,,,,,,,,,,,,,,,,,,,,,,,,,,,,,,,,,,,TN,,,,,,,,,,
autoland,4769055,12,f76b60813665636d86169b6507d2f60fe004600c,windows10-64-shippable-qr,True,False,,,102210fe594ee9b33d82058545b1ed14f4c8206e,console.log-in-loop-content-process-array,damp,True,damp console.log-in-loop-content-process-array opt e10s fission stylo webrender-sw,4768818,77,ms,firefox,,1718405330,2023-06-23 16:30:57,126.23242519432732,60db60f0de3da4aea6b80de3e71465b633eb4027,1263001,,,,,,,,,,,,,,,,,,,,,,,,,,,,,,,,,,,,,,,,,,,,,,,,,,TN,,,,,,,,,,
autoland,4769055,12,f76b60813665636d86169b6507d2f60fe004600c,windows10-64-shippable-qr,True,False,,,102210fe594ee9b33d82058545b1ed14f4c8206e,console.log-in-loop-content-process-array,damp,True,damp console.log-in-loop-content-process-array opt e10s fission stylo webrender-sw,4768818,77,ms,firefox,,1718423912,2023-06-23 16:34:37,129.01553272262026,57f287d30fc0267698cfa64b2618790a8e749f39,1263002,,,,,,,,,,,,,,,,,,,,,,,,,,,,,,,,,,,,,,,,,,,,,,,,,,TN,,,,,,,,,,
autoland,4769055,12,f76b60813665636d86169b6507d2f60fe004600c,windows10-64-shippable-qr,True,False,,,102210fe594ee9b33d82058545b1ed14f4c8206e,console.log-in-loop-content-process-array,damp,True,damp console.log-in-loop-content-process-array opt e10s fission stylo webrender-sw,4768818,77,ms,firefox,,1718438741,2023-06-23 17:59:11,128.404458085638,1680bc957eca399a1dbc31f7c3d3c201c28c594e,1263067,,,,,,,,,,,,,,,,,,,,,,,,,,,,,,,,,,,,,,,,,,,,,,,,,,TN,,,,,,,,,,
autoland,4769055,12,f76b60813665636d86169b6507d2f60fe004600c,windows10-64-shippable-qr,True,False,,,102210fe594ee9b33d82058545b1ed14f4c8206e,console.log-in-loop-content-process-array,damp,True,damp console.log-in-loop-content-process-array opt e10s fission stylo webrender-sw,4768818,77,ms,firefox,,1718437557,2023-06-23 18:00:05,128.01422676119273,47d6f0032249c871a8f87250d91a0b5d0b73f81f,1263068,,,,,,,,,,,,,,,,,,,,,,,,,,,,,,,,,,,,,,,,,,,,,,,,,,TN,,,,,,,,,,
autoland,4769055,12,f76b60813665636d86169b6507d2f60fe004600c,windows10-64-shippable-qr,True,False,,,102210fe594ee9b33d82058545b1ed14f4c8206e,console.log-in-loop-content-process-array,damp,True,damp console.log-in-loop-content-process-array opt e10s fission stylo webrender-sw,4768818,77,ms,firefox,,1718437510,2023-06-23 18:01:02,128.0585126354572,304d01f5488b384023a1c647e8c5c2f5cee32a5b,1263069,,,,,,,,,,,,,,,,,,,,,,,,,,,,,,,,,,,,,,,,,,,,,,,,,,TN,,,,,,,,,,
autoland,4769055,12,f76b60813665636d86169b6507d2f60fe004600c,windows10-64-shippable-qr,True,False,,,102210fe594ee9b33d82058545b1ed14f4c8206e,console.log-in-loop-content-process-array,damp,True,damp console.log-in-loop-content-process-array opt e10s fission stylo webrender-sw,4768818,77,ms,firefox,,1718425235,2023-06-23 18:01:57,128.4811751156949,897b88c7e2ed402ae0bd51a5e0174c7637699fd7,1263071,,,,,,,,,,,,,,,,,,,,,,,,,,,,,,,,,,,,,,,,,,,,,,,,,,TN,,,,,,,,,,
autoland,4769055,12,f76b60813665636d86169b6507d2f60fe004600c,windows10-64-shippable-qr,True,False,,,102210fe594ee9b33d82058545b1ed14f4c8206e,console.log-in-loop-content-process-array,damp,True,damp console.log-in-loop-content-process-array opt e10s fission stylo webrender-sw,4768818,77,ms,firefox,,1717209778,2023-06-23 18:49:22,125.3403092752542,efb1631077da0ef473b1fe37d64cd6f652c34f37,1263094,,,,,,,,,,,,,,,,,,,,,,,,,,,,,,,,,,,,,,,,,,,,,,,,,,TN,,,,,,,,,,
autoland,4769055,12,f76b60813665636d86169b6507d2f60fe004600c,windows10-64-shippable-qr,True,False,,,102210fe594ee9b33d82058545b1ed14f4c8206e,console.log-in-loop-content-process-array,damp,True,damp console.log-in-loop-content-process-array opt e10s fission stylo webrender-sw,4768818,77,ms,firefox,,1718435825,2023-06-23 19:00:47,125.08686943711471,3d37c190a9d0f61e7949b5afab65203e4499b1a4,1263098,,,,,,,,,,,,,,,,,,,,,,,,,,,,,,,,,,,,,,,,,,,,,,,,,,TN,,,,,,,,,,
autoland,4769055,12,f76b60813665636d86169b6507d2f60fe004600c,windows10-64-shippable-qr,True,False,,,102210fe594ee9b33d82058545b1ed14f4c8206e,console.log-in-loop-content-process-array,damp,True,damp console.log-in-loop-content-process-array opt e10s fission stylo webrender-sw,4768818,77,ms,firefox,,1718405807,2023-06-23 19:24:40,124.37941195645362,f27a6b03f04392f0ea94c5cfe348525f44bb7630,1263104,,,,,,,,,,,,,,,,,,,,,,,,,,,,,,,,,,,,,,,,,,,,,,,,,,TN,,,,,,,,,,
autoland,4769055,12,f76b60813665636d86169b6507d2f60fe004600c,windows10-64-shippable-qr,True,False,,,102210fe594ee9b33d82058545b1ed14f4c8206e,console.log-in-loop-content-process-array,damp,True,damp console.log-in-loop-content-process-array opt e10s fission stylo webrender-sw,4768818,77,ms,firefox,,1718438386,2023-06-23 19:26:39,126.51377402522483,c6d0b3c483790001a2f8e3899b036aff17b74db4,1263106,,,,,,,,,,,,,,,,,,,,,,,,,,,,,,,,,,,,,,,,,,,,,,,,,,TN,,,,,,,,,,
autoland,4769055,12,f76b60813665636d86169b6507d2f60fe004600c,windows10-64-shippable-qr,True,False,,,102210fe594ee9b33d82058545b1ed14f4c8206e,console.log-in-loop-content-process-array,damp,True,damp console.log-in-loop-content-process-array opt e10s fission stylo webrender-sw,4768818,77,ms,firefox,,1717222721,2023-06-23 19:29:51,126.90745437230544,3cfaf216653a2de7529a3bc74907ea4fecc21912,1263108,,,,,,,,,,,,,,,,,,,,,,,,,,,,,,,,,,,,,,,,,,,,,,,,,,TN,,,,,,,,,,
autoland,4769055,12,f76b60813665636d86169b6507d2f60fe004600c,windows10-64-shippable-qr,True,False,,,102210fe594ee9b33d82058545b1ed14f4c8206e,console.log-in-loop-content-process-array,damp,True,damp console.log-in-loop-content-process-array opt e10s fission stylo webrender-sw,4768818,77,ms,firefox,,1717261037,2023-06-23 23:33:35,125.8119041385662,45c221c4d7560f0ab2b6f7c4d113e2f96d73e994,1263150,,,,,,,,,,,,,,,,,,,,,,,,,,,,,,,,,,,,,,,,,,,,,,,,,,TN,,,,,,,,,,
autoland,4769055,12,f76b60813665636d86169b6507d2f60fe004600c,windows10-64-shippable-qr,True,False,,,102210fe594ee9b33d82058545b1ed14f4c8206e,console.log-in-loop-content-process-array,damp,True,damp console.log-in-loop-content-process-array opt e10s fission stylo webrender-sw,4768818,77,ms,firefox,,1717382542,2023-06-24 17:55:21,124.7265920466616,31d5ffaf0b16a722c89e3bc6043d1a6dd2df4f59,1263267,,,,,,,,,,,,,,,,,,,,,,,,,,,,,,,,,,,,,,,,,,,,,,,,,,TN,,,,,,,,,,
autoland,4769055,12,f76b60813665636d86169b6507d2f60fe004600c,windows10-64-shippable-qr,True,False,,,102210fe594ee9b33d82058545b1ed14f4c8206e,console.log-in-loop-content-process-array,damp,True,damp console.log-in-loop-content-process-array opt e10s fission stylo webrender-sw,4768818,77,ms,firefox,,1717498014,2023-06-25 11:25:42,125.3739728865603,a529a3830f684519fc2c2ffb6fbe1b1e77930e71,1263317,,,,,,,,,,,,,,,,,,,,,,,,,,,,,,,,,,,,,,,,,,,,,,,,,,TN,,,,,,,,,,
autoland,4769055,12,f76b60813665636d86169b6507d2f60fe004600c,windows10-64-shippable-qr,True,False,,,102210fe594ee9b33d82058545b1ed14f4c8206e,console.log-in-loop-content-process-array,damp,True,damp console.log-in-loop-content-process-array opt e10s fission stylo webrender-sw,4768818,77,ms,firefox,,1717631905,2023-06-26 01:53:17,128.3030035341717,391b29854d65124c758af8d7a7765b53ec46b9bf,1263401,,,,,,,,,,,,,,,,,,,,,,,,,,,,,,,,,,,,,,,,,,,,,,,,,,TN,,,,,,,,,,
autoland,4769055,12,f76b60813665636d86169b6507d2f60fe004600c,windows10-64-shippable-qr,True,False,,,102210fe594ee9b33d82058545b1ed14f4c8206e,console.log-in-loop-content-process-array,damp,True,damp console.log-in-loop-content-process-array opt e10s fission stylo webrender-sw,4768818,77,ms,firefox,,1717723908,2023-06-26 08:39:50,125.30707163315128,b8784b3350a10d9ba119e133ba1afe2fa2862b64,1263470,,,,,,,,,,,,,,,,,,,,,,,,,,,,,,,,,,,,,,,,,,,,,,,,,,TN,,,,,,,,,,
autoland,4769055,12,f76b60813665636d86169b6507d2f60fe004600c,windows10-64-shippable-qr,True,False,,,102210fe594ee9b33d82058545b1ed14f4c8206e,console.log-in-loop-content-process-array,damp,True,damp console.log-in-loop-content-process-array opt e10s fission stylo webrender-sw,4768818,77,ms,firefox,,1717821074,2023-06-26 12:15:47,127.2187531360023,147bbf0910da38bd103a6cac5b77bca042225107,1263599,,,,,,,,,,,,,,,,,,,,,,,,,,,,,,,,,,,,,,,,,,,,,,,,,,TN,,,,,,,,,,
autoland,4769055,12,f76b60813665636d86169b6507d2f60fe004600c,windows10-64-shippable-qr,True,False,,,102210fe594ee9b33d82058545b1ed14f4c8206e,console.log-in-loop-content-process-array,damp,True,damp console.log-in-loop-content-process-array opt e10s fission stylo webrender-sw,4768818,77,ms,firefox,,1717924340,2023-06-26 15:17:27,125.882261785051,a9a1430953c45602083b397b0d0bb8e55a69fa46,1263769,,,,,,,,,,,,,,,,,,,,,,,,,,,,,,,,,,,,,,,,,,,,,,,,,,TN,,,,,,,,,,
autoland,4769055,12,f76b60813665636d86169b6507d2f60fe004600c,windows10-64-shippable-qr,True,False,,,102210fe594ee9b33d82058545b1ed14f4c8206e,console.log-in-loop-content-process-array,damp,True,damp console.log-in-loop-content-process-array opt e10s fission stylo webrender-sw,4768818,77,ms,firefox,,1718076972,2023-06-26 19:17:54,126.4134630219496,43533d1489bc82330991d4cbac2d5b8e704b7558,1263990,,,,,,,,,,,,,,,,,,,,,,,,,,,,,,,,,,,,,,,,,,,,,,,,,,TN,,,,,,,,,,
autoland,4769055,12,f76b60813665636d86169b6507d2f60fe004600c,windows10-64-shippable-qr,True,False,,,102210fe594ee9b33d82058545b1ed14f4c8206e,console.log-in-loop-content-process-array,damp,True,damp console.log-in-loop-content-process-array opt e10s fission stylo webrender-sw,4768818,77,ms,firefox,,1718258405,2023-06-26 23:32:18,127.69853728501676,4bdb9438b18b4b7ad15d5f4f62fd67cad4308d62,1264157,,,,,,,,,,,,,,,,,,,,,,,,,,,,,,,,,,,,,,,,,,,,,,,,,,TN,,,,,,,,,,
autoland,4769055,12,f76b60813665636d86169b6507d2f60fe004600c,windows10-64-shippable-qr,True,False,,,102210fe594ee9b33d82058545b1ed14f4c8206e,console.log-in-loop-content-process-array,damp,True,damp console.log-in-loop-content-process-array opt e10s fission stylo webrender-sw,4768818,77,ms,firefox,,1718252425,2023-06-26 23:58:56,125.31295941246935,b34d04613ffa3abda9bcdd07fc5185a34cdc407b,1264185,,,,,,,,,,,,,,,,,,,,,,,,,,,,,,,,,,,,,,,,,,,,,,,,,,TN,,,,,,,,,,
autoland,4769055,12,f76b60813665636d86169b6507d2f60fe004600c,windows10-64-shippable-qr,True,False,,,102210fe594ee9b33d82058545b1ed14f4c8206e,console.log-in-loop-content-process-array,damp,True,damp console.log-in-loop-content-process-array opt e10s fission stylo webrender-sw,4768818,77,ms,firefox,,1718341885,2023-06-27 04:20:21,123.9922558280141,e0d8554167a0aad02af68198462e91dd05958593,1264240,,,,,,,,,,,,,,,,,,,,,,,,,,,,,,,,,,,,,,,,,,,,,,,,,,TN,,,,,,,,,,
autoland,4769055,12,f76b60813665636d86169b6507d2f60fe004600c,windows10-64-shippable-qr,True,False,,,102210fe594ee9b33d82058545b1ed14f4c8206e,console.log-in-loop-content-process-array,damp,True,damp console.log-in-loop-content-process-array opt e10s fission stylo webrender-sw,4768818,77,ms,firefox,,1718429121,2023-06-27 07:09:08,126.6193282763652,e963fffcb3a0375f0c08e6c62d4300cbf79fba0b,1264287,,,,,,,,,,,,,,,,,,,,,,,,,,,,,,,,,,,,,,,,,,,,,,,,,,TN,,,,,,,,,,
autoland,4769055,12,f76b60813665636d86169b6507d2f60fe004600c,windows10-64-shippable-qr,True,False,,,102210fe594ee9b33d82058545b1ed14f4c8206e,console.log-in-loop-content-process-array,damp,True,damp console.log-in-loop-content-process-array opt e10s fission stylo webrender-sw,4768818,77,ms,firefox,,1718553308,2023-06-27 11:13:52,126.98711229273069,96efb14c1b2e225253f22aae7b217fdd48b4cb9f,1264423,,,,,,,,,,,,,,,,,,,,,,,,,,,,,,,,,,,,,,,,,,,,,,,,,,TN,,,,,,,,,,
autoland,4769055,12,f76b60813665636d86169b6507d2f60fe004600c,windows10-64-shippable-qr,True,False,,,102210fe594ee9b33d82058545b1ed14f4c8206e,console.log-in-loop-content-process-array,damp,True,damp console.log-in-loop-content-process-array opt e10s fission stylo webrender-sw,4768818,77,ms,firefox,,1718635505,2023-06-27 15:57:28,125.78903480132794,c041b113d5acbf06ba2e6161d9a1ef4fa5b3636b,1264575,,,,,,,,,,,,,,,,,,,,,,,,,,,,,,,,,,,,,,,,,,,,,,,,,,TN,,,,,,,,,,
autoland,4769055,12,f76b60813665636d86169b6507d2f60fe004600c,windows10-64-shippable-qr,True,False,,,102210fe594ee9b33d82058545b1ed14f4c8206e,console.log-in-loop-content-process-array,damp,True,damp console.log-in-loop-content-process-array opt e10s fission stylo webrender-sw,4768818,77,ms,firefox,,1718655885,2023-06-27 16:17:01,127.20377487167023,da38525a017e6dd411f2c2ccd84d286d86bdad8d,1264584,,,,,,,,,,,,,,,,,,,,,,,,,,,,,,,,,,,,,,,,,,,,,,,,,,TN,,,,,,,,,,
autoland,4769055,12,f76b60813665636d86169b6507d2f60fe004600c,windows10-64-shippable-qr,True,False,,,102210fe594ee9b33d82058545b1ed14f4c8206e,console.log-in-loop-content-process-array,damp,True,damp console.log-in-loop-content-process-array opt e10s fission stylo webrender-sw,4768818,77,ms,firefox,,1718777415,2023-06-27 20:57:27,124.09461348785317,80adb872a3d1e32f459e5cf3bc77e47008da925f,1264834,,,,,,,,,,,,,,,,,,,,,,,,,,,,,,,,,,,,,,,,,,,,,,,,,,TN,,,,,,,,,,
autoland,4769055,12,f76b60813665636d86169b6507d2f60fe004600c,windows10-64-shippable-qr,True,False,,,102210fe594ee9b33d82058545b1ed14f4c8206e,console.log-in-loop-content-process-array,damp,True,damp console.log-in-loop-content-process-array opt e10s fission stylo webrender-sw,4768818,77,ms,firefox,,1718880431,2023-06-28 00:04:05,126.89474100996448,591e3233df273509a8c0d0ccd1cc32795ae584dc,1264952,,,,,,,,,,,,,,,,,,,,,,,,,,,,,,,,,,,,,,,,,,,,,,,,,,TN,,,,,,,,,,
autoland,4769055,12,f76b60813665636d86169b6507d2f60fe004600c,windows10-64-shippable-qr,True,False,,,102210fe594ee9b33d82058545b1ed14f4c8206e,console.log-in-loop-content-process-array,damp,True,damp console.log-in-loop-content-process-array opt e10s fission stylo webrender-sw,4768818,77,ms,firefox,,1718948031,2023-06-28 03:09:49,124.30786192395772,ecb2997338f1c9a2059192ce04d01243537176b9,1265035,,,,,,,,,,,,,,,,,,,,,,,,,,,,,,,,,,,,,,,,,,,,,,,,,,TN,,,,,,,,,,
autoland,4769055,12,f76b60813665636d86169b6507d2f60fe004600c,windows10-64-shippable-qr,True,False,,,102210fe594ee9b33d82058545b1ed14f4c8206e,console.log-in-loop-content-process-array,damp,True,damp console.log-in-loop-content-process-array opt e10s fission stylo webrender-sw,4768818,77,ms,firefox,,1719022621,2023-06-28 07:19:30,125.651605222125,51b6f36ff37d4b6906ec5cab830b1e283c6f7395,1265110,,,,,,,,,,,,,,,,,,,,,,,,,,,,,,,,,,,,,,,,,,,,,,,,,,TN,,,,,,,,,,
autoland,4769055,12,f76b60813665636d86169b6507d2f60fe004600c,windows10-64-shippable-qr,True,False,,,102210fe594ee9b33d82058545b1ed14f4c8206e,console.log-in-loop-content-process-array,damp,True,damp console.log-in-loop-content-process-array opt e10s fission stylo webrender-sw,4768818,77,ms,firefox,,1719123918,2023-06-28 11:29:09,123.83950755081604,3b7b3970a88459c11033effb61df89644e963bda,1265214,,,,,,,,,,,,,,,,,,,,,,,,,,,,,,,,,,,,,,,,,,,,,,,,,,TN,,,,,,,,,,
autoland,4769055,12,f76b60813665636d86169b6507d2f60fe004600c,windows10-64-shippable-qr,True,False,,,102210fe594ee9b33d82058545b1ed14f4c8206e,console.log-in-loop-content-process-array,damp,True,damp console.log-in-loop-content-process-array opt e10s fission stylo webrender-sw,4768818,77,ms,firefox,,1719195756,2023-06-28 14:16:43,125.8207347393518,c20ba5651ee046629ef49efd2e49f6214c3ae520,1265309,,,,,,,,,,,,,,,,,,,,,,,,,,,,,,,,,,,,,,,,,,,,,,,,,,TN,,,,,,,,,,
autoland,4769055,12,f76b60813665636d86169b6507d2f60fe004600c,windows10-64-shippable-qr,True,False,,,102210fe594ee9b33d82058545b1ed14f4c8206e,console.log-in-loop-content-process-array,damp,True,damp console.log-in-loop-content-process-array opt e10s fission stylo webrender-sw,4768818,77,ms,firefox,,1719318509,2023-06-28 17:34:48,124.11279009041937,0df511b69760b69959818e34e07aa74a0ad7061a,1265473,,,,,,,,,,,,,,,,,,,,,,,,,,,,,,,,,,,,,,,,,,,,,,,,,,TN,,,,,,,,,,
autoland,4769055,12,f76b60813665636d86169b6507d2f60fe004600c,windows10-64-shippable-qr,True,False,,,102210fe594ee9b33d82058545b1ed14f4c8206e,console.log-in-loop-content-process-array,damp,True,damp console.log-in-loop-content-process-array opt e10s fission stylo webrender-sw,4768818,77,ms,firefox,,1719415258,2023-06-28 21:47:35,124.9863039883121,d18ee9401610559d6724af1cf6a4ba7ca620f195,1265682,,,,,,,,,,,,,,,,,,,,,,,,,,,,,,,,,,,,,,,,,,,,,,,,,,TN,,,,,,,,,,
autoland,4769055,12,f76b60813665636d86169b6507d2f60fe004600c,windows10-64-shippable-qr,True,False,,,102210fe594ee9b33d82058545b1ed14f4c8206e,console.log-in-loop-content-process-array,damp,True,damp console.log-in-loop-content-process-array opt e10s fission stylo webrender-sw,4768818,77,ms,firefox,,1719526039,2023-06-29 02:28:53,123.1525782070521,bab00f4f94d567cf8ccf12e64f4e5cccc2ab6783,1265821,,,,,,,,,,,,,,,,,,,,,,,,,,,,,,,,,,,,,,,,,,,,,,,,,,TN,,,,,,,,,,
autoland,4769055,12,f76b60813665636d86169b6507d2f60fe004600c,windows10-64-shippable-qr,True,False,,,102210fe594ee9b33d82058545b1ed14f4c8206e,console.log-in-loop-content-process-array,damp,True,damp console.log-in-loop-content-process-array opt e10s fission stylo webrender-sw,4768818,77,ms,firefox,,1719702440,2023-06-29 08:54:52,123.80396657113944,046c4b8aaa8932f15825dc4decd3911bb048e7f5,1265934,,,,,,,,,,,,,,,,,,,,,,,,,,,,,,,,,,,,,,,,,,,,,,,,,,TN,,,,,,,,,,
autoland,4769055,12,f76b60813665636d86169b6507d2f60fe004600c,windows10-64-shippable-qr,True,False,,,102210fe594ee9b33d82058545b1ed14f4c8206e,console.log-in-loop-content-process-array,damp,True,damp console.log-in-loop-content-process-array opt e10s fission stylo webrender-sw,4768818,77,ms,firefox,,1719841067,2023-06-29 12:57:39,125.75285243392408,e784085dfb507c237319c40245ef0b32ddcf82b0,1266033,,,,,,,,,,,,,,,,,,,,,,,,,,,,,,,,,,,,,,,,,,,,,,,,,,TN,,,,,,,,,,
autoland,4769055,12,f76b60813665636d86169b6507d2f60fe004600c,windows10-64-shippable-qr,True,False,,,102210fe594ee9b33d82058545b1ed14f4c8206e,console.log-in-loop-content-process-array,damp,True,damp console.log-in-loop-content-process-array opt e10s fission stylo webrender-sw,4768818,77,ms,firefox,,1719894182,2023-06-29 15:22:27,125.1757441499667,573b87117fd3efdb12ffb05692f97323c07a9900,1266105,,,,,,,,,,,,,,,,,,,,,,,,,,,,,,,,,,,,,,,,,,,,,,,,,,TN,,,,,,,,,,
autoland,4769055,12,f76b60813665636d86169b6507d2f60fe004600c,windows10-64-shippable-qr,True,False,,,102210fe594ee9b33d82058545b1ed14f4c8206e,console.log-in-loop-content-process-array,damp,True,damp console.log-in-loop-content-process-array opt e10s fission stylo webrender-sw,4768818,77,ms,firefox,,1719997393,2023-06-29 19:36:56,123.485417891201,c5ac7e957828eeda97a3af6fc706f41aa567e48e,1266292,,,,,,,,,,,,,,,,,,,,,,,,,,,,,,,,,,,,,,,,,,,,,,,,,,TN,,,,,,,,,,
autoland,4769055,12,f76b60813665636d86169b6507d2f60fe004600c,windows10-64-shippable-qr,True,False,,,102210fe594ee9b33d82058545b1ed14f4c8206e,console.log-in-loop-content-process-array,damp,True,damp console.log-in-loop-content-process-array opt e10s fission stylo webrender-sw,4768818,77,ms,firefox,,1720024849,2023-06-29 20:41:17,124.07153114204266,e37ddb3aa508e953837fbd08afec4a2aa6f7f5ed,1266342,,,,,,,,,,,,,,,,,,,,,,,,,,,,,,,,,,,,,,,,,,,,,,,,,,TN,,,,,,,,,,
autoland,4769055,12,f76b60813665636d86169b6507d2f60fe004600c,windows10-64-shippable-qr,True,False,,,102210fe594ee9b33d82058545b1ed14f4c8206e,console.log-in-loop-content-process-array,damp,True,damp console.log-in-loop-content-process-array opt e10s fission stylo webrender-sw,4768818,77,ms,firefox,,1720054047,2023-06-30 01:00:02,124.49107278171324,e547d8e238568d790c74653068edac30240a95c5,1266447,,,,,,,,,,,,,,,,,,,,,,,,,,,,,,,,,,,,,,,,,,,,,,,,,,TN,,,,,,,,,,
autoland,4769055,12,f76b60813665636d86169b6507d2f60fe004600c,windows10-64-shippable-qr,True,False,,,102210fe594ee9b33d82058545b1ed14f4c8206e,console.log-in-loop-content-process-array,damp,True,damp console.log-in-loop-content-process-array opt e10s fission stylo webrender-sw,4768818,77,ms,firefox,,1720167030,2023-06-30 08:19:33,123.63816463607328,9bc27d87fa29fd921612525cc37e24f0ec3ba76b,1266526,,,,,,,,,,,,,,,,,,,,,,,,,,,,,,,,,,,,,,,,,,,,,,,,,,TN,,,,,,,,,,
autoland,4769055,12,f76b60813665636d86169b6507d2f60fe004600c,windows10-64-shippable-qr,True,False,,,102210fe594ee9b33d82058545b1ed14f4c8206e,console.log-in-loop-content-process-array,damp,True,damp console.log-in-loop-content-process-array opt e10s fission stylo webrender-sw,4768818,77,ms,firefox,,1720246135,2023-06-30 13:51:38,123.44458852486603,0abcd848f8218f0e2d339bbd497ac60f4a3b752c,1266633,,,,,,,,,,,,,,,,,,,,,,,,,,,,,,,,,,,,,,,,,,,,,,,,,,TN,,,,,,,,,,
autoland,4769055,12,f76b60813665636d86169b6507d2f60fe004600c,windows10-64-shippable-qr,True,False,,,102210fe594ee9b33d82058545b1ed14f4c8206e,console.log-in-loop-content-process-array,damp,True,damp console.log-in-loop-content-process-array opt e10s fission stylo webrender-sw,4768818,77,ms,firefox,,1720362156,2023-07-01 00:00:49,123.96456551004758,8ee32af33954493677c04d2dad76681d20d37c02,1266825,,,,,,,,,,,,,,,,,,,,,,,,,,,,,,,,,,,,,,,,,,,,,,,,,,TN,,,,,,,,,,
autoland,4769055,12,f76b60813665636d86169b6507d2f60fe004600c,windows10-64-shippable-qr,True,False,,,102210fe594ee9b33d82058545b1ed14f4c8206e,console.log-in-loop-content-process-array,damp,True,damp console.log-in-loop-content-process-array opt e10s fission stylo webrender-sw,4768818,77,ms,firefox,,1720386394,2023-07-01 02:26:01,125.19601076702476,81b43c5e095f0b0407b6d1a8d4a7f92bf7115e5e,1266845,,,,,,,,,,,,,,,,,,,,,,,,,,,,,,,,,,,,,,,,,,,,,,,,,,TN,,,,,,,,,,
autoland,4769055,12,f76b60813665636d86169b6507d2f60fe004600c,windows10-64-shippable-qr,True,False,,,102210fe594ee9b33d82058545b1ed14f4c8206e,console.log-in-loop-content-process-array,damp,True,damp console.log-in-loop-content-process-array opt e10s fission stylo webrender-sw,4768818,77,ms,firefox,,1720488885,2023-07-02 04:09:27,124.29399358223964,e8ccd4d6629a5cde6dd4011e79c55630beb87376,1266929,,,,,,,,,,,,,,,,,,,,,,,,,,,,,,,,,,,,,,,,,,,,,,,,,,TN,,,,,,,,,,
autoland,4769055,12,f76b60813665636d86169b6507d2f60fe004600c,windows10-64-shippable-qr,True,False,,,102210fe594ee9b33d82058545b1ed14f4c8206e,console.log-in-loop-content-process-array,damp,True,damp console.log-in-loop-content-process-array opt e10s fission stylo webrender-sw,4768818,77,ms,firefox,,1720553228,2023-07-02 10:13:29,124.71609624226494,93c2b16409e05c7d2b654d2b5356a2b7742b0d18,1266947,,,,,,,,,,,,,,,,,,,,,,,,,,,,,,,,,,,,,,,,,,,,,,,,,,TN,,,,,,,,,,
autoland,4769055,12,f76b60813665636d86169b6507d2f60fe004600c,windows10-64-shippable-qr,True,False,,,102210fe594ee9b33d82058545b1ed14f4c8206e,console.log-in-loop-content-process-array,damp,True,damp console.log-in-loop-content-process-array opt e10s fission stylo webrender-sw,4768818,77,ms,firefox,,1720577262,2023-07-02 16:18:34,123.27494135031156,8a50b880c83f70597cd2951c74b7e9420d4b55c7,1266959,,,,,,,,,,,,,,,,,,,,,,,,,,,,,,,,,,,,,,,,,,,,,,,,,,TN,,,,,,,,,,
autoland,4769055,12,f76b60813665636d86169b6507d2f60fe004600c,windows10-64-shippable-qr,True,False,,,102210fe594ee9b33d82058545b1ed14f4c8206e,console.log-in-loop-content-process-array,damp,True,damp console.log-in-loop-content-process-array opt e10s fission stylo webrender-sw,4768818,77,ms,firefox,,1720635980,2023-07-03 04:14:26,124.70137594903464,03b04345a888d738f358fc74595aabb1dfb2685c,1267009,,,,,,,,,,,,,,,,,,,,,,,,,,,,,,,,,,,,,,,,,,,,,,,,,,TN,,,,,,,,,,
autoland,4769055,12,f76b60813665636d86169b6507d2f60fe004600c,windows10-64-shippable-qr,True,False,,,102210fe594ee9b33d82058545b1ed14f4c8206e,console.log-in-loop-content-process-array,damp,True,damp console.log-in-loop-content-process-array opt e10s fission stylo webrender-sw,4768818,77,ms,firefox,,1720732758,2023-07-03 08:58:45,124.80351983233776,3463727761e55956f8308f38f71b1654b79497ca,1267059,,,,,,,,,,,,,,,,,,,,,,,,,,,,,,,,,,,,,,,,,,,,,,,,,,TN,,,,,,,,,,
autoland,4769055,12,f76b60813665636d86169b6507d2f60fe004600c,windows10-64-shippable-qr,True,False,,,102210fe594ee9b33d82058545b1ed14f4c8206e,console.log-in-loop-content-process-array,damp,True,damp console.log-in-loop-content-process-array opt e10s fission stylo webrender-sw,4768818,77,ms,firefox,,1720741912,2023-07-03 08:59:44,124.49550873063345,90c1c72030a4d515720d44706816256c0a1e30a8,1267060,,,,,,,,,,,,,,,,,,,,,,,,,,,,,,,,,,,,,,,,,,,,,,,,,,TN,,,,,,,,,,
autoland,4769055,12,f76b60813665636d86169b6507d2f60fe004600c,windows10-64-shippable-qr,True,False,,,102210fe594ee9b33d82058545b1ed14f4c8206e,console.log-in-loop-content-process-array,damp,True,damp console.log-in-loop-content-process-array opt e10s fission stylo webrender-sw,4768818,77,ms,firefox,,1720767113,2023-07-03 14:20:46,124.7474559568982,9d50665254899d8431813bdc04178e6006ce6d59,1267108,,,,,,,,,,,,,,,,,,,,,,,,,,,,,,,,,,,,,,,,,,,,,,,,,,TN,,,,,,,,,,
autoland,4769055,12,f76b60813665636d86169b6507d2f60fe004600c,windows10-64-shippable-qr,True,False,,,102210fe594ee9b33d82058545b1ed14f4c8206e,console.log-in-loop-content-process-array,damp,True,damp console.log-in-loop-content-process-array opt e10s fission stylo webrender-sw,4768818,77,ms,firefox,,1720839535,2023-07-04 00:08:48,126.4121820563696,a820608802f2194dfc19272bf19b7124a7349b79,1267203,,,,,,,,,,,,,,,,,,,,,,,,,,,,,,,,,,,,,,,,,,,,,,,,,,TN,,,,,,,,,,
autoland,4769055,12,f76b60813665636d86169b6507d2f60fe004600c,windows10-64-shippable-qr,True,False,,,102210fe594ee9b33d82058545b1ed14f4c8206e,console.log-in-loop-content-process-array,damp,True,damp console.log-in-loop-content-process-array opt e10s fission stylo webrender-sw,4768818,77,ms,firefox,,1720881875,2023-07-04 04:57:05,123.74568469112457,b2af19e5ff82fa8850262a0693f4941570a30474,1267245,,,,,,,,,,,,,,,,,,,,,,,,,,,,,,,,,,,,,,,,,,,,,,,,,,TN,,,,,,,,,,
autoland,4769055,12,f76b60813665636d86169b6507d2f60fe004600c,windows10-64-shippable-qr,True,False,,,102210fe594ee9b33d82058545b1ed14f4c8206e,console.log-in-loop-content-process-array,damp,True,damp console.log-in-loop-content-process-array opt e10s fission stylo webrender-sw,4768818,77,ms,firefox,,1720931453,2023-07-04 07:10:31,124.4466138055559,54bec48c8d6e571fdfbc0694895c371fd3fd08f9,1267272,,,,,,,,,,,,,,,,,,,,,,,,,,,,,,,,,,,,,,,,,,,,,,,,,,TN,,,,,,,,,,
autoland,4769055,12,f76b60813665636d86169b6507d2f60fe004600c,windows10-64-shippable-qr,True,False,,,102210fe594ee9b33d82058545b1ed14f4c8206e,console.log-in-loop-content-process-array,damp,True,damp console.log-in-loop-content-process-array opt e10s fission stylo webrender-sw,4768818,77,ms,firefox,,1721068160,2023-07-04 11:21:51,123.11801439404007,da13368ff947a55756c871582b1b13ffb6fa001d,1267342,,,,,,,,,,,,,,,,,,,,,,,,,,,,,,,,,,,,,,,,,,,,,,,,,,TN,,,,,,,,,,
autoland,4769055,12,f76b60813665636d86169b6507d2f60fe004600c,windows10-64-shippable-qr,True,False,,,102210fe594ee9b33d82058545b1ed14f4c8206e,console.log-in-loop-content-process-array,damp,True,damp console.log-in-loop-content-process-array opt e10s fission stylo webrender-sw,4768818,77,ms,firefox,,1721090070,2023-07-04 11:29:32,124.47626729235252,3aa1825bf09a37959e97ac4b5eaa3cc4b236b283,1267347,,,,,,,,,,,,,,,,,,,,,,,,,,,,,,,,,,,,,,,,,,,,,,,,,,TN,,,,,,,,,,
autoland,4769055,12,f76b60813665636d86169b6507d2f60fe004600c,windows10-64-shippable-qr,True,False,,,102210fe594ee9b33d82058545b1ed14f4c8206e,console.log-in-loop-content-process-array,damp,True,damp console.log-in-loop-content-process-array opt e10s fission stylo webrender-sw,4768818,77,ms,firefox,,1721161592,2023-07-04 15:22:25,124.18690063948816,cf717d6692eb6ff08bb1d0342645c7c6c1dcf8f7,1267503,,,,,,,,,,,,,,,,,,,,,,,,,,,,,,,,,,,,,,,,,,,,,,,,,,TN,,,,,,,,,,
autoland,4769055,12,f76b60813665636d86169b6507d2f60fe004600c,windows10-64-shippable-qr,True,False,,,102210fe594ee9b33d82058545b1ed14f4c8206e,console.log-in-loop-content-process-array,damp,True,damp console.log-in-loop-content-process-array opt e10s fission stylo webrender-sw,4768818,77,ms,firefox,,1721250493,2023-07-04 19:21:41,124.10591862669116,a8c47414f934fc13d47ba329f04089ab17eb2407,1267627,,,,,,,,,,,,,,,,,,,,,,,,,,,,,,,,,,,,,,,,,,,,,,,,,,TN,,,,,,,,,,
autoland,4769055,12,f76b60813665636d86169b6507d2f60fe004600c,windows10-64-shippable-qr,True,False,,,102210fe594ee9b33d82058545b1ed14f4c8206e,console.log-in-loop-content-process-array,damp,True,damp console.log-in-loop-content-process-array opt e10s fission stylo webrender-sw,4768818,77,ms,firefox,,1721388756,2023-07-04 23:33:38,123.50286805578072,3639b6891b332ea6c4ffea87bb2d1139c38b781d,1267723,,,,,,,,,,,,,,,,,,,,,,,,,,,,,,,,,,,,,,,,,,,,,,,,,,TN,,,,,,,,,,
autoland,4769055,12,f76b60813665636d86169b6507d2f60fe004600c,windows10-64-shippable-qr,True,False,,,102210fe594ee9b33d82058545b1ed14f4c8206e,console.log-in-loop-content-process-array,damp,True,damp console.log-in-loop-content-process-array opt e10s fission stylo webrender-sw,4768818,77,ms,firefox,,1721483918,2023-07-05 03:49:13,125.46361623737177,243ab04b37e31315f3db16a95bf6535124d9edda,1267756,,,,,,,,,,,,,,,,,,,,,,,,,,,,,,,,,,,,,,,,,,,,,,,,,,TN,,,,,,,,,,
autoland,4769055,12,f76b60813665636d86169b6507d2f60fe004600c,windows10-64-shippable-qr,True,False,,,102210fe594ee9b33d82058545b1ed14f4c8206e,console.log-in-loop-content-process-array,damp,True,damp console.log-in-loop-content-process-array opt e10s fission stylo webrender-sw,4768818,77,ms,firefox,,1721549326,2023-07-05 07:58:23,123.59724680298314,9ab7ea679b12d7e209ada3534abf7baf704fe9d4,1267796,,,,,,,,,,,,,,,,,,,,,,,,,,,,,,,,,,,,,,,,,,,,,,,,,,TN,,,,,,,,,,
autoland,4769055,12,f76b60813665636d86169b6507d2f60fe004600c,windows10-64-shippable-qr,True,False,,,102210fe594ee9b33d82058545b1ed14f4c8206e,console.log-in-loop-content-process-array,damp,True,damp console.log-in-loop-content-process-array opt e10s fission stylo webrender-sw,4768818,77,ms,firefox,,1721645076,2023-07-05 09:46:48,124.06210213367105,e3f62ea4e59393fe53784906952e9a1417688db1,1267838,,,,,,,,,,,,,,,,,,,,,,,,,,,,,,,,,,,,,,,,,,,,,,,,,,TN,,,,,,,,,,
autoland,4769055,12,f76b60813665636d86169b6507d2f60fe004600c,windows10-64-shippable-qr,True,False,,,102210fe594ee9b33d82058545b1ed14f4c8206e,console.log-in-loop-content-process-array,damp,True,damp console.log-in-loop-content-process-array opt e10s fission stylo webrender-sw,4768818,77,ms,firefox,,1721731996,2023-07-05 14:18:53,124.31191454923372,cee4ab20ddeef57e9b72447e753e72ed2eb244cf,1267963,,,,,,,,,,,,,,,,,,,,,,,,,,,,,,,,,,,,,,,,,,,,,,,,,,TN,,,,,,,,,,
autoland,4769055,12,f76b60813665636d86169b6507d2f60fe004600c,windows10-64-shippable-qr,True,False,,,102210fe594ee9b33d82058545b1ed14f4c8206e,console.log-in-loop-content-process-array,damp,True,damp console.log-in-loop-content-process-array opt e10s fission stylo webrender-sw,4768818,77,ms,firefox,,1721748703,2023-07-05 14:38:06,123.59750184576114,4613dfbe6bc2e60b1159da46db2edee3018423e1,1267976,,,,,,,,,,,,,,,,,,,,,,,,,,,,,,,,,,,,,,,,,,,,,,,,,,TN,,,,,,,,,,
autoland,4769055,12,f76b60813665636d86169b6507d2f60fe004600c,windows10-64-shippable-qr,True,False,,,102210fe594ee9b33d82058545b1ed14f4c8206e,console.log-in-loop-content-process-array,damp,True,damp console.log-in-loop-content-process-array opt e10s fission stylo webrender-sw,4768818,77,ms,firefox,,1723211630,2023-07-05 15:39:55,122.87737708678468,502f57bb0ebbce52ba15616a4aa213f2478f8e1f,1268005,,,,,,,,,,,,,,,,,,,,,,,,,,,,,,,,,,,,,,,,,,,,,,,,,,TN,,,,,,,,,,
autoland,4769055,12,f76b60813665636d86169b6507d2f60fe004600c,windows10-64-shippable-qr,True,False,,,102210fe594ee9b33d82058545b1ed14f4c8206e,console.log-in-loop-content-process-array,damp,True,damp console.log-in-loop-content-process-array opt e10s fission stylo webrender-sw,4768818,77,ms,firefox,,1723211418,2023-07-05 15:40:57,123.57450788308596,95c936b7d536ff5c0b761109cf772d3ab6112d32,1268006,,,,,,,,,,,,,,,,,,,,,,,,,,,,,,,,,,,,,,,,,,,,,,,,,,TN,,,,,,,,,,
autoland,4769055,12,f76b60813665636d86169b6507d2f60fe004600c,windows10-64-shippable-qr,True,False,,,102210fe594ee9b33d82058545b1ed14f4c8206e,console.log-in-loop-content-process-array,damp,True,damp console.log-in-loop-content-process-array opt e10s fission stylo webrender-sw,4768818,77,ms,firefox,,1723211584,2023-07-05 15:40:57,123.42718054566194,95c936b7d536ff5c0b761109cf772d3ab6112d32,1268006,,,,,,,,,,,,,,,,,,,,,,,,,,,,,,,,,,,,,,,,,,,,,,,,,,TN,,,,,,,,,,
autoland,4769055,12,f76b60813665636d86169b6507d2f60fe004600c,windows10-64-shippable-qr,True,False,,,102210fe594ee9b33d82058545b1ed14f4c8206e,console.log-in-loop-content-process-array,damp,True,damp console.log-in-loop-content-process-array opt e10s fission stylo webrender-sw,4768818,77,ms,firefox,,1723211814,2023-07-05 15:42:18,123.11626570219325,9fa248115d04c4c176d45c9843ac4f4e4c91c35f,1268009,,,,,,,,,,,,,,,,,,,,,,,,,,,,,,,,,,,,,,,,,,,,,,,,,,TN,,,,,,,,,,
autoland,4769055,12,f76b60813665636d86169b6507d2f60fe004600c,windows10-64-shippable-qr,True,False,,,102210fe594ee9b33d82058545b1ed14f4c8206e,console.log-in-loop-content-process-array,damp,True,damp console.log-in-loop-content-process-array opt e10s fission stylo webrender-sw,4768818,77,ms,firefox,,1723211720,2023-07-05 15:42:18,122.592660100775,9fa248115d04c4c176d45c9843ac4f4e4c91c35f,1268009,,,,,,,,,,,,,,,,,,,,,,,,,,,,,,,,,,,,,,,,,,,,,,,,,,TN,,,,,,,,,,
autoland,4769055,12,f76b60813665636d86169b6507d2f60fe004600c,windows10-64-shippable-qr,True,False,,,102210fe594ee9b33d82058545b1ed14f4c8206e,console.log-in-loop-content-process-array,damp,True,damp console.log-in-loop-content-process-array opt e10s fission stylo webrender-sw,4768818,77,ms,firefox,,1723211539,2023-07-05 15:43:36,122.90592035739157,ad7e8a2b535b206b4c64d764a65a3bfcd1048a3b,1268011,,,,,,,,,,,,,,,,,,,,,,,,,,,,,,,,,,,,,,,,,,,,,,,,,,TN,,,,,,,,,,
autoland,4769055,12,f76b60813665636d86169b6507d2f60fe004600c,windows10-64-shippable-qr,True,False,,,102210fe594ee9b33d82058545b1ed14f4c8206e,console.log-in-loop-content-process-array,damp,True,damp console.log-in-loop-content-process-array opt e10s fission stylo webrender-sw,4768818,77,ms,firefox,,1723211767,2023-07-05 15:43:36,122.7698121914782,ad7e8a2b535b206b4c64d764a65a3bfcd1048a3b,1268011,,,,,,,,,,,,,,,,,,,,,,,,,,,,,,,,,,,,,,,,,,,,,,,,,,TN,,,,,,,,,,
autoland,4769055,12,f76b60813665636d86169b6507d2f60fe004600c,windows10-64-shippable-qr,True,False,,,102210fe594ee9b33d82058545b1ed14f4c8206e,console.log-in-loop-content-process-array,damp,True,damp console.log-in-loop-content-process-array opt e10s fission stylo webrender-sw,4768818,77,ms,firefox,,1723211675,2023-07-05 15:46:19,122.44977371333609,5f3bdce0e3a185c78db0aeda1ae577216309e7eb,1268013,,,,,,,,,,,,,,,,,,,,,,,,,,,,,,,,,,,,,,,,,,,,,,,,,,TN,,,,,,,,,,
autoland,4769055,12,f76b60813665636d86169b6507d2f60fe004600c,windows10-64-shippable-qr,True,False,,,102210fe594ee9b33d82058545b1ed14f4c8206e,console.log-in-loop-content-process-array,damp,True,damp console.log-in-loop-content-process-array opt e10s fission stylo webrender-sw,4768818,77,ms,firefox,,1723211438,2023-07-05 15:50:52,123.28722936918348,b87c580577d02fb9d1b6f888cacb9db69a443e5a,1268018,,,,,,,,,,,,,,,,,,,,,,,,,,,,,,,,,,,,,,,,,,,,,,,,,,TN,,,,,,,,,,
autoland,4769055,12,f76b60813665636d86169b6507d2f60fe004600c,windows10-64-shippable-qr,True,False,,,102210fe594ee9b33d82058545b1ed14f4c8206e,console.log-in-loop-content-process-array,damp,True,damp console.log-in-loop-content-process-array opt e10s fission stylo webrender-sw,4768818,77,ms,firefox,,1723211494,2023-07-05 15:58:48,122.42775071569211,b2154b397ef787592eb1b88ebade9957d33df816,1268023,,,,,,,,,,,,,,,,,,,,,,,,,,,,,,,,,,,,,,,,,,,,,,,,,,TN,,,,,,,,,,
autoland,4769055,12,f76b60813665636d86169b6507d2f60fe004600c,windows10-64-shippable-qr,True,False,,,102210fe594ee9b33d82058545b1ed14f4c8206e,console.log-in-loop-content-process-array,damp,True,damp console.log-in-loop-content-process-array opt e10s fission stylo webrender-sw,4768818,77,ms,firefox,,1723211861,2023-07-05 15:59:53,122.78141753075306,0b8ba75ffb6e1afa9aaaa35106e7abfe43bb1799,1268026,,,,,,,,,,,,,,,,,,,,,,,,,,,,,,,,,,,,,,,,,,,,,,,,,,TN,,,,,,,,,,
autoland,4769055,12,f76b60813665636d86169b6507d2f60fe004600c,windows10-64-shippable-qr,True,False,,,102210fe594ee9b33d82058545b1ed14f4c8206e,console.log-in-loop-content-process-array,damp,True,damp console.log-in-loop-content-process-array opt e10s fission stylo webrender-sw,4768818,77,ms,firefox,,1723211931,2023-07-05 16:51:22,127.7171399421568,0f08c46deb0e9d27840717141cc877b4a0d54e23,1268046,,,,,,,,,,,,,,,,,,,,,,,,,,,,,,,,,,,,,,,,,,,,,,,,,,TN,,,,,,,,,,
autoland,4769055,12,f76b60813665636d86169b6507d2f60fe004600c,windows10-64-shippable-qr,True,False,,,102210fe594ee9b33d82058545b1ed14f4c8206e,console.log-in-loop-content-process-array,damp,True,damp console.log-in-loop-content-process-array opt e10s fission stylo webrender-sw,4768818,77,ms,firefox,,1723117445,2023-07-05 18:20:19,124.27607553151664,0e8e81c68d5f2b8d0058d18c9692c610f37b52bc,1268114,,,,,,,,,,,,,,,,,,,,,,,,,,,,,,,,,,,,,,,,,,,,,,,,,,TN,,,,,,,,,,
autoland,4769055,12,f76b60813665636d86169b6507d2f60fe004600c,windows10-64-shippable-qr,True,False,,,102210fe594ee9b33d82058545b1ed14f4c8206e,console.log-in-loop-content-process-array,damp,True,damp console.log-in-loop-content-process-array opt e10s fission stylo webrender-sw,4768818,77,ms,firefox,,1723117242,2023-07-05 18:21:18,122.72402850410708,09daa709ca35269c0786a2a9f717b1b55a1a4387,1268116,,,,,,,,,,,,,,,,,,,,,,,,,,,,,,,,,,,,,,,,,,,,,,,,,,TN,,,,,,,,,,
autoland,4769055,12,f76b60813665636d86169b6507d2f60fe004600c,windows10-64-shippable-qr,True,False,,,102210fe594ee9b33d82058545b1ed14f4c8206e,console.log-in-loop-content-process-array,damp,True,damp console.log-in-loop-content-process-array opt e10s fission stylo webrender-sw,4768818,77,ms,firefox,,1723117310,2023-07-05 18:22:09,122.54103508632944,b94ebbc25e0365a900ce1cffc0085f040062a832,1268119,,,,,,,,,,,,,,,,,,,,,,,,,,,,,,,,,,,,,,,,,,,,,,,,,,TN,,,,,,,,,,
autoland,4769055,12,f76b60813665636d86169b6507d2f60fe004600c,windows10-64-shippable-qr,True,False,,,102210fe594ee9b33d82058545b1ed14f4c8206e,console.log-in-loop-content-process-array,damp,True,damp console.log-in-loop-content-process-array opt e10s fission stylo webrender-sw,4768818,77,ms,firefox,,1723117545,2023-07-05 18:23:02,122.15516170300634,93ab703992f90d1e0ae2314686183e1bb08febd9,1268120,,,,,,,,,,,,,,,,,,,,,,,,,,,,,,,,,,,,,,,,,,,,,,,,,,TN,,,,,,,,,,
autoland,4769055,12,f76b60813665636d86169b6507d2f60fe004600c,windows10-64-shippable-qr,True,False,,,102210fe594ee9b33d82058545b1ed14f4c8206e,console.log-in-loop-content-process-array,damp,True,damp console.log-in-loop-content-process-array opt e10s fission stylo webrender-sw,4768818,77,ms,firefox,,1723117821,2023-07-05 18:23:58,124.84183442372525,6e7721ce39246523853331c2ac40e5783554f51c,1268121,,,,,,,,,,,,,,,,,,,,,,,,,,,,,,,,,,,,,,,,,,,,,,,,,,TN,,,,,,,,,,
autoland,4769055,12,f76b60813665636d86169b6507d2f60fe004600c,windows10-64-shippable-qr,True,False,,,102210fe594ee9b33d82058545b1ed14f4c8206e,console.log-in-loop-content-process-array,damp,True,damp console.log-in-loop-content-process-array opt e10s fission stylo webrender-sw,4768818,77,ms,firefox,,1723117894,2023-07-05 18:24:55,122.61326892599844,c7fe6d85db557608216cb2e870d26127bf42dfbe,1268124,,,,,,,,,,,,,,,,,,,,,,,,,,,,,,,,,,,,,,,,,,,,,,,,,,TN,,,,,,,,,,
autoland,4769055,12,f76b60813665636d86169b6507d2f60fe004600c,windows10-64-shippable-qr,True,False,,,102210fe594ee9b33d82058545b1ed14f4c8206e,console.log-in-loop-content-process-array,damp,True,damp console.log-in-loop-content-process-array opt e10s fission stylo webrender-sw,4768818,77,ms,firefox,,1723118574,2023-07-05 18:25:49,122.93489172400224,8efc65a77701390b2bd18840ac0b5e19d292abf5,1268125,,,,,,,,,,,,,,,,,,,,,,,,,,,,,,,,,,,,,,,,,,,,,,,,,,TN,,,,,,,,,,
autoland,4769055,12,f76b60813665636d86169b6507d2f60fe004600c,windows10-64-shippable-qr,True,False,,,102210fe594ee9b33d82058545b1ed14f4c8206e,console.log-in-loop-content-process-array,damp,True,damp console.log-in-loop-content-process-array opt e10s fission stylo webrender-sw,4768818,77,ms,firefox,,1723118624,2023-07-05 18:26:40,123.07150637116592,79bdd5a85918f7de7c26f8c592b1cc9858404734,1268127,,,,,,,,,,,,,,,,,,,,,,,,,,,,,,,,,,,,,,,,,,,,,,,,,,TN,,,,,,,,,,
autoland,4769055,12,f76b60813665636d86169b6507d2f60fe004600c,windows10-64-shippable-qr,True,False,,,102210fe594ee9b33d82058545b1ed14f4c8206e,console.log-in-loop-content-process-array,damp,True,damp console.log-in-loop-content-process-array opt e10s fission stylo webrender-sw,4768818,77,ms,firefox,,1723117717,2023-07-05 18:28:34,122.47331878568276,c744a2111c3b894f66af628b182eb0ae80b9a70f,1268129,,,,,,,,,,,,,,,,,,,,,,,,,,,,,,,,,,,,,,,,,,,,,,,,,,TN,,,,,,,,,,
autoland,4769055,12,f76b60813665636d86169b6507d2f60fe004600c,windows10-64-shippable-qr,True,False,,,102210fe594ee9b33d82058545b1ed14f4c8206e,console.log-in-loop-content-process-array,damp,True,damp console.log-in-loop-content-process-array opt e10s fission stylo webrender-sw,4768818,77,ms,firefox,,1721849710,2023-07-05 18:29:49,122.69659929890167,674dc1b6026b9fc62707f0df292dfaf1ba6557f1,1268132,,,,,,,,,,,,,,,,,,,,,,,,,,,,,,,,,,,,,,,,,,,,,,,,,,TN,,,,,,,,,,
autoland,4769055,12,f76b60813665636d86169b6507d2f60fe004600c,windows10-64-shippable-qr,True,False,,,102210fe594ee9b33d82058545b1ed14f4c8206e,console.log-in-loop-content-process-array,damp,True,damp console.log-in-loop-content-process-array opt e10s fission stylo webrender-sw,4768818,77,ms,firefox,,1723212568,2023-07-05 20:57:08,122.52175313992302,7e78cd8ecee6c5b404d69dc9c74be7b91ab9d3a5,1268229,,,,,,,,,,,,,,,,,,,,,,,,,,,,,,,,,,,,,,,,,,,,,,,,,,TN,,,,,,,,,,
autoland,4769055,12,f76b60813665636d86169b6507d2f60fe004600c,windows10-64-shippable-qr,True,False,,,102210fe594ee9b33d82058545b1ed14f4c8206e,console.log-in-loop-content-process-array,damp,True,damp console.log-in-loop-content-process-array opt e10s fission stylo webrender-sw,4768818,77,ms,firefox,,1723212888,2023-07-05 20:58:25,122.3407977308143,548365f1d102075b3ec1ade2bf5907142e343580,1268230,,,,,,,,,,,,,,,,,,,,,,,,,,,,,,,,,,,,,,,,,,,,,,,,,,TN,,,,,,,,,,
autoland,4769055,12,f76b60813665636d86169b6507d2f60fe004600c,windows10-64-shippable-qr,True,False,,,102210fe594ee9b33d82058545b1ed14f4c8206e,console.log-in-loop-content-process-array,damp,True,damp console.log-in-loop-content-process-array opt e10s fission stylo webrender-sw,4768818,77,ms,firefox,,1723212950,2023-07-05 20:59:19,123.3597628139296,a60baa68669b1d5df71edae212b893831d2aa02c,1268231,,,,,,,,,,,,,,,,,,,,,,,,,,,,,,,,,,,,,,,,,,,,,,,,,,TN,,,,,,,,,,
autoland,4769055,12,f76b60813665636d86169b6507d2f60fe004600c,windows10-64-shippable-qr,True,False,,,102210fe594ee9b33d82058545b1ed14f4c8206e,console.log-in-loop-content-process-array,damp,True,damp console.log-in-loop-content-process-array opt e10s fission stylo webrender-sw,4768818,77,ms,firefox,,1723212747,2023-07-05 21:00:10,122.07135650124746,6d2d5f1d2f9d772cf23e24fb68aaaf4d8fe7466d,1268232,,,,,,,,,,,,,,,,,,,,,,,,,,,,,,,,,,,,,,,,,,,,,,,,,,TN,,,,,,,,,,
autoland,4769055,12,f76b60813665636d86169b6507d2f60fe004600c,windows10-64-shippable-qr,True,False,,,102210fe594ee9b33d82058545b1ed14f4c8206e,console.log-in-loop-content-process-array,damp,True,damp console.log-in-loop-content-process-array opt e10s fission stylo webrender-sw,4768818,77,ms,firefox,,1723212635,2023-07-05 21:01:13,122.66438200693938,b5482dea9fce37f40cc9a27c2851a416b80a0ee7,1268234,,,,,,,,,,,,,,,,,,,,,,,,,,,,,,,,,,,,,,,,,,,,,,,,,,TN,,,,,,,,,,
autoland,4769055,12,f76b60813665636d86169b6507d2f60fe004600c,windows10-64-shippable-qr,True,False,,,102210fe594ee9b33d82058545b1ed14f4c8206e,console.log-in-loop-content-process-array,damp,True,damp console.log-in-loop-content-process-array opt e10s fission stylo webrender-sw,4768818,77,ms,firefox,,1723212792,2023-07-05 21:02:13,122.7424605324195,0e87ff548b9093f591e1fa73577c116547bcc045,1268235,,,,,,,,,,,,,,,,,,,,,,,,,,,,,,,,,,,,,,,,,,,,,,,,,,TN,,,,,,,,,,
autoland,4769055,12,f76b60813665636d86169b6507d2f60fe004600c,windows10-64-shippable-qr,True,False,,,102210fe594ee9b33d82058545b1ed14f4c8206e,console.log-in-loop-content-process-array,damp,True,damp console.log-in-loop-content-process-array opt e10s fission stylo webrender-sw,4768818,77,ms,firefox,,1723212680,2023-07-05 21:43:40,122.84968423237206,47cfdb7396a28f0c4acc8961fabf86052eb1fa97,1268260,,,,,,,,,,,,,,,,,,,,,,,,,,,,,,,,,,,,,,,,,,,,,,,,,,TN,,,,,,,,,,
autoland,4769055,12,f76b60813665636d86169b6507d2f60fe004600c,windows10-64-shippable-qr,True,False,,,102210fe594ee9b33d82058545b1ed14f4c8206e,console.log-in-loop-content-process-array,damp,True,damp console.log-in-loop-content-process-array opt e10s fission stylo webrender-sw,4768818,77,ms,firefox,,1723212837,2023-07-05 21:45:59,122.53663957958544,53bc3a3d9ba18e8a8cd8d602be12646472dfcde1,1268261,,,,,,,,,,,,,,,,,,,,,,,,,,,,,,,,,,,,,,,,,,,,,,,,,,TN,,,,,,,,,,
autoland,4769055,12,f76b60813665636d86169b6507d2f60fe004600c,windows10-64-shippable-qr,True,False,,,102210fe594ee9b33d82058545b1ed14f4c8206e,console.log-in-loop-content-process-array,damp,True,damp console.log-in-loop-content-process-array opt e10s fission stylo webrender-sw,4768818,77,ms,firefox,,1723118228,2023-07-05 22:32:47,122.50050005358844,e12e730ee31126f75a305775c8d9e84125f79890,1268279,,,,,,,,,,,,,,,,,,,,,,,,,,,,,,,,,,,,,,,,,,,,,,,,,,TN,,,,,,,,,,
autoland,4769055,12,f76b60813665636d86169b6507d2f60fe004600c,windows10-64-shippable-qr,True,False,,,102210fe594ee9b33d82058545b1ed14f4c8206e,console.log-in-loop-content-process-array,damp,True,damp console.log-in-loop-content-process-array opt e10s fission stylo webrender-sw,4768818,77,ms,firefox,,1723119197,2023-07-05 22:35:19,122.6706548073762,9aecd29d3377bef23aa1daa28ab78722509dc019,1268281,,,,,,,,,,,,,,,,,,,,,,,,,,,,,,,,,,,,,,,,,,,,,,,,,,TN,,,,,,,,,,
autoland,4769055,12,f76b60813665636d86169b6507d2f60fe004600c,windows10-64-shippable-qr,True,False,,,102210fe594ee9b33d82058545b1ed14f4c8206e,console.log-in-loop-content-process-array,damp,True,damp console.log-in-loop-content-process-array opt e10s fission stylo webrender-sw,4768818,77,ms,firefox,,1723118282,2023-07-05 22:36:28,122.10515249405216,4c734e25263096799e6eb1f430c92e69443d5144,1268282,,,,,,,,,,,,,,,,,,,,,,,,,,,,,,,,,,,,,,,,,,,,,,,,,,TN,,,,,,,,,,
autoland,4769055,12,f76b60813665636d86169b6507d2f60fe004600c,windows10-64-shippable-qr,True,False,,,102210fe594ee9b33d82058545b1ed14f4c8206e,console.log-in-loop-content-process-array,damp,True,damp console.log-in-loop-content-process-array opt e10s fission stylo webrender-sw,4768818,77,ms,firefox,,1723118346,2023-07-05 22:53:13,122.62675159496575,8957a62b3ade02160943e6768e5a46441a56b3ab,1268292,,,,,,,,,,,,,,,,,,,,,,,,,,,,,,,,,,,,,,,,,,,,,,,,,,TN,,,,,,,,,,
autoland,4769055,12,f76b60813665636d86169b6507d2f60fe004600c,windows10-64-shippable-qr,True,False,,,102210fe594ee9b33d82058545b1ed14f4c8206e,console.log-in-loop-content-process-array,damp,True,damp console.log-in-loop-content-process-array opt e10s fission stylo webrender-sw,4768818,77,ms,firefox,,1723118172,2023-07-05 23:13:33,122.28451942257108,11cd360b1745940041f9dac35738bbd36bdc6999,1268301,,,,,,,,,,,,,,,,,,,,,,,,,,,,,,,,,,,,,,,,,,,,,,,,,,TN,,,,,,,,,,
autoland,4769055,12,f76b60813665636d86169b6507d2f60fe004600c,windows10-64-shippable-qr,True,False,,,102210fe594ee9b33d82058545b1ed14f4c8206e,console.log-in-loop-content-process-array,damp,True,damp console.log-in-loop-content-process-array opt e10s fission stylo webrender-sw,4768818,77,ms,firefox,,1723118423,2023-07-05 23:25:47,122.58254892075549,83d2865e9b1d3015c4e2c3377cdaa48efc6c413d,1268304,,,,,,,,,,,,,,,,,,,,,,,,,,,,,,,,,,,,,,,,,,,,,,,,,,TN,,,,,,,,,,
autoland,4769055,12,f76b60813665636d86169b6507d2f60fe004600c,windows10-64-shippable-qr,True,False,,,102210fe594ee9b33d82058545b1ed14f4c8206e,console.log-in-loop-content-process-array,damp,True,damp console.log-in-loop-content-process-array opt e10s fission stylo webrender-sw,4768818,77,ms,firefox,,1723117400,2023-07-06 00:11:42,122.77147391031669,67bb53c9cb10a8b606a7a853694b209aaf2f580f,1268318,,,,,,,,,,,,,,,,,,,,,,,,,,,,,,,,,,,,,,,,,,,,,,,,,,TN,,,,,,,,,,
autoland,4769055,12,f76b60813665636d86169b6507d2f60fe004600c,windows10-64-shippable-qr,True,False,,,102210fe594ee9b33d82058545b1ed14f4c8206e,console.log-in-loop-content-process-array,damp,True,damp console.log-in-loop-content-process-array opt e10s fission stylo webrender-sw,4768818,77,ms,firefox,,1723117685,2023-07-06 01:00:40,122.66779534318266,0e5963968c3c430828d9ddeb8a55a3d3be3b5b5b,1268347,,,,,,,,,,,,,,,,,,,,,,,,,,,,,,,,,,,,,,,,,,,,,,,,,,TN,,,,,,,,,,
autoland,4769055,12,f76b60813665636d86169b6507d2f60fe004600c,windows10-64-shippable-qr,True,False,,,102210fe594ee9b33d82058545b1ed14f4c8206e,console.log-in-loop-content-process-array,damp,True,damp console.log-in-loop-content-process-array opt e10s fission stylo webrender-sw,4768818,77,ms,firefox,,1722021779,2023-07-06 01:07:34,122.76529104805832,a0647e42fb1f509d753d2baacd7858b3ee9a8821,1268349,,,,,,,,,,,,,,,,,,,,,,,,,,,,,,,,,,,,,,,,,,,,,,,,,,TN,,,,,,,,,,
autoland,4769055,12,f76b60813665636d86169b6507d2f60fe004600c,windows10-64-shippable-qr,True,False,,,102210fe594ee9b33d82058545b1ed14f4c8206e,console.log-in-loop-content-process-array,damp,True,damp console.log-in-loop-content-process-array opt e10s fission stylo webrender-sw,4768818,77,ms,firefox,,1723117771,2023-07-06 01:35:43,121.86314720202245,735a904af505f8c11eb7f5b764e76d058cae4cf7,1268355,,,,,,,,,,,,,,,,,,,,,,,,,,,,,,,,,,,,,,,,,,,,,,,,,,TN,,,,,,,,,,
autoland,4769055,12,f76b60813665636d86169b6507d2f60fe004600c,windows10-64-shippable-qr,True,False,,,102210fe594ee9b33d82058545b1ed14f4c8206e,console.log-in-loop-content-process-array,damp,True,damp console.log-in-loop-content-process-array opt e10s fission stylo webrender-sw,4768818,77,ms,firefox,,1723118505,2023-07-06 02:31:03,123.3901038061358,07bc853b8799270e182342be68ddcfca8acb2f28,1268376,,,,,,,,,,,,,,,,,,,,,,,,,,,,,,,,,,,,,,,,,,,,,,,,,,TN,,,,,,,,,,
autoland,4769055,12,f76b60813665636d86169b6507d2f60fe004600c,windows10-64-shippable-qr,True,False,,,102210fe594ee9b33d82058545b1ed14f4c8206e,console.log-in-loop-content-process-array,damp,True,damp console.log-in-loop-content-process-array opt e10s fission stylo webrender-sw,4768818,77,ms,firefox,,1723118975,2023-07-06 02:35:37,122.59185189963772,ce5753685c87f3fbdaaee65c62d7ff1bd0f11637,1268377,,,,,,,,,,,,,,,,,,,,,,,,,,,,,,,,,,,,,,,,,,,,,,,,,,TN,,,,,,,,,,
autoland,4769055,12,f76b60813665636d86169b6507d2f60fe004600c,windows10-64-shippable-qr,True,False,,,102210fe594ee9b33d82058545b1ed14f4c8206e,console.log-in-loop-content-process-array,damp,True,damp console.log-in-loop-content-process-array opt e10s fission stylo webrender-sw,4768818,77,ms,firefox,,1723118854,2023-07-06 02:36:44,122.85847210825524,c4d6ad7c5e4422f2d6de27f92bf53a776371b325,1268378,,,,,,,,,,,,,,,,,,,,,,,,,,,,,,,,,,,,,,,,,,,,,,,,,,TN,,,,,,,,,,
autoland,4769055,12,f76b60813665636d86169b6507d2f60fe004600c,windows10-64-shippable-qr,True,False,,,102210fe594ee9b33d82058545b1ed14f4c8206e,console.log-in-loop-content-process-array,damp,True,damp console.log-in-loop-content-process-array opt e10s fission stylo webrender-sw,4768818,77,ms,firefox,,1722106590,2023-07-06 06:12:07,122.95170378036346,1ba8085e68676425907973397d26e7417c1c4a74,1268405,,,,,,,,,,,,,,,,,,,,,,,,,,,,,,,,,,,,,,,,,,,,,,,,,,TN,,,,,,,,,,
autoland,4769055,12,f76b60813665636d86169b6507d2f60fe004600c,windows10-64-shippable-qr,True,False,,,102210fe594ee9b33d82058545b1ed14f4c8206e,console.log-in-loop-content-process-array,damp,True,damp console.log-in-loop-content-process-array opt e10s fission stylo webrender-sw,4768818,77,ms,firefox,,1723118753,2023-07-06 08:38:37,122.39264222494512,ee7f1131329d0ee922cd58cb5af42a1914ba7eae,1268462,,,,,,,,,,,,,,,,,,,,,,,,,,,,,,,,,,,,,,,,,,,,,,,,,,TN,,,,,,,,,,
autoland,4769055,12,f76b60813665636d86169b6507d2f60fe004600c,windows10-64-shippable-qr,True,False,,,102210fe594ee9b33d82058545b1ed14f4c8206e,console.log-in-loop-content-process-array,damp,True,damp console.log-in-loop-content-process-array opt e10s fission stylo webrender-sw,4768818,77,ms,firefox,,1723118806,2023-07-06 09:09:45,121.96486451799592,7f7eeb9de95b067d711a77a9df4848c7651f7d43,1268476,,,,,,,,,,,,,,,,,,,,,,,,,,,,,,,,,,,,,,,,,,,,,,,,,,TN,,,,,,,,,,
autoland,4769055,12,f76b60813665636d86169b6507d2f60fe004600c,windows10-64-shippable-qr,True,False,,,102210fe594ee9b33d82058545b1ed14f4c8206e,console.log-in-loop-content-process-array,damp,True,damp console.log-in-loop-content-process-array opt e10s fission stylo webrender-sw,4768818,77,ms,firefox,,1723119020,2023-07-06 09:30:42,122.07311282998852,f70bfc695c7c52b53ea439158c821b548a16f503,1268490,,,,,,,,,,,,,,,,,,,,,,,,,,,,,,,,,,,,,,,,,,,,,,,,,,TN,,,,,,,,,,
autoland,4769055,12,f76b60813665636d86169b6507d2f60fe004600c,windows10-64-shippable-qr,True,False,,,102210fe594ee9b33d82058545b1ed14f4c8206e,console.log-in-loop-content-process-array,damp,True,damp console.log-in-loop-content-process-array opt e10s fission stylo webrender-sw,4768818,77,ms,firefox,,1723117940,2023-07-06 09:34:51,122.733585852121,8ffd754b6ca1af663d23920e2837918983aba5c2,1268495,,,,,,,,,,,,,,,,,,,,,,,,,,,,,,,,,,,,,,,,,,,,,,,,,,TN,,,,,,,,,,
autoland,4769055,12,f76b60813665636d86169b6507d2f60fe004600c,windows10-64-shippable-qr,True,False,,,102210fe594ee9b33d82058545b1ed14f4c8206e,console.log-in-loop-content-process-array,damp,True,damp console.log-in-loop-content-process-array opt e10s fission stylo webrender-sw,4768818,77,ms,firefox,,1723119079,2023-07-06 09:36:42,122.77587541625508,c998dc3cdf05edf137114bdf57735b971c637927,1268497,,,,,,,,,,,,,,,,,,,,,,,,,,,,,,,,,,,,,,,,,,,,,,,,,,TN,,,,,,,,,,
autoland,4769055,12,f76b60813665636d86169b6507d2f60fe004600c,windows10-64-shippable-qr,True,False,,,102210fe594ee9b33d82058545b1ed14f4c8206e,console.log-in-loop-content-process-array,damp,True,damp console.log-in-loop-content-process-array opt e10s fission stylo webrender-sw,4768818,77,ms,firefox,,1723118921,2023-07-06 09:40:15,122.7032102746798,42db74e5cedded42f12a6f290d82bc398eb12821,1268503,,,,,,,,,,,,,,,,,,,,,,,,,,,,,,,,,,,,,,,,,,,,,,,,,,TN,,,,,,,,,,
autoland,4769055,12,f76b60813665636d86169b6507d2f60fe004600c,windows10-64-shippable-qr,True,False,,,102210fe594ee9b33d82058545b1ed14f4c8206e,console.log-in-loop-content-process-array,damp,True,damp console.log-in-loop-content-process-array opt e10s fission stylo webrender-sw,4768818,77,ms,firefox,,1723118030,2023-07-06 09:57:47,122.44597376922138,28cc1a03034a199bf97b0d1a5684777a21a60ab8,1268514,,,,,,,,,,,,,,,,,,,,,,,,,,,,,,,,,,,,,,,,,,,,,,,,,,TN,,,,,,,,,,
autoland,4769055,12,f76b60813665636d86169b6507d2f60fe004600c,windows10-64-shippable-qr,True,False,,,102210fe594ee9b33d82058545b1ed14f4c8206e,console.log-in-loop-content-process-array,damp,True,damp console.log-in-loop-content-process-array opt e10s fission stylo webrender-sw,4768818,77,ms,firefox,,1723117998,2023-07-06 10:32:06,123.33438008799476,a4bcffd471cb14fd52eab7a1a4dcb4d62a0f7b6a,1268534,,,,,,,,,,,,,,,,,,,,,,,,,,,,,,,,,,,,,,,,,,,,,,,,,,TN,,,,,,,,,,
autoland,4769055,12,f76b60813665636d86169b6507d2f60fe004600c,windows10-64-shippable-qr,True,False,,,102210fe594ee9b33d82058545b1ed14f4c8206e,console.log-in-loop-content-process-array,damp,True,damp console.log-in-loop-content-process-array opt e10s fission stylo webrender-sw,4768818,77,ms,firefox,,1723119145,2023-07-06 10:41:16,122.43321906644724,75b8d8d5ea21d357c0cad84cb5bef2748235b3ae,1268543,,,,,,,,,,,,,,,,,,,,,,,,,,,,,,,,,,,,,,,,,,,,,,,,,,TN,,,,,,,,,,
autoland,4769055,12,f76b60813665636d86169b6507d2f60fe004600c,windows10-64-shippable-qr,True,False,,,102210fe594ee9b33d82058545b1ed14f4c8206e,console.log-in-loop-content-process-array,damp,True,damp console.log-in-loop-content-process-array opt e10s fission stylo webrender-sw,4768818,77,ms,firefox,,1722217099,2023-07-06 11:48:20,122.5302378924698,becc2fa2c186914b1a887e40e6f0e9a6643273eb,1268565,,,,,,,,,,,,,,,,,,,,,,,,,,,,,,,,,,,,,,,,,,,,,,,,,,TN,,,,,,,,,,
autoland,4769055,12,f76b60813665636d86169b6507d2f60fe004600c,windows10-64-shippable-qr,True,False,,,102210fe594ee9b33d82058545b1ed14f4c8206e,console.log-in-loop-content-process-array,damp,True,damp console.log-in-loop-content-process-array opt e10s fission stylo webrender-sw,4768818,77,ms,firefox,,1722234314,2023-07-06 12:38:53,122.2873827221938,5b919b11b30bcc659d499c9290a54c3f91d96bd2,1268598,,,,,,,,,,,,,,,,,,,,,,,,,,,,,,,,,,,,,,,,,,,,,,,,,,TN,,,,,,,,,,
autoland,4769055,12,f76b60813665636d86169b6507d2f60fe004600c,windows10-64-shippable-qr,True,False,,,102210fe594ee9b33d82058545b1ed14f4c8206e,console.log-in-loop-content-process-array,damp,True,damp console.log-in-loop-content-process-array opt e10s fission stylo webrender-sw,4768818,77,ms,firefox,,1722401847,2023-07-06 16:43:39,122.6606692052792,433f58fbe4180052220b584f15de1d1d6fda065a,1268777,,,,,,,,,,,,,,,,,,,,,,,,,,,,,,,,,,,,,,,,,,,,,,,,,,TN,,,,,,,,,,
autoland,4769055,12,f76b60813665636d86169b6507d2f60fe004600c,windows10-64-shippable-qr,True,False,,,102210fe594ee9b33d82058545b1ed14f4c8206e,console.log-in-loop-content-process-array,damp,True,damp console.log-in-loop-content-process-array opt e10s fission stylo webrender-sw,4768818,77,ms,firefox,,1722468301,2023-07-06 18:39:07,123.02713835691156,08f072ae172f3d48b0361ca0d34ead8a0b254e60,1268845,,,,,,,,,,,,,,,,,,,,,,,,,,,,,,,,,,,,,,,,,,,,,,,,,,TN,,,,,,,,,,
autoland,4769055,12,f76b60813665636d86169b6507d2f60fe004600c,windows10-64-shippable-qr,True,False,,,102210fe594ee9b33d82058545b1ed14f4c8206e,console.log-in-loop-content-process-array,damp,True,damp console.log-in-loop-content-process-array opt e10s fission stylo webrender-sw,4768818,77,ms,firefox,,1722530771,2023-07-06 20:44:41,122.79844229093489,2c6190b6ecb6ab8933a296c08e753c060a3c2e9b,1268939,,,,,,,,,,,,,,,,,,,,,,,,,,,,,,,,,,,,,,,,,,,,,,,,,,TN,,,,,,,,,,
autoland,4769055,12,f76b60813665636d86169b6507d2f60fe004600c,windows10-64-shippable-qr,True,False,,,102210fe594ee9b33d82058545b1ed14f4c8206e,console.log-in-loop-content-process-array,damp,True,damp console.log-in-loop-content-process-array opt e10s fission stylo webrender-sw,4768818,77,ms,firefox,,1722651257,2023-07-07 00:51:02,122.48633471300492,acd3d81337398ace5cd75f251f18da388ed281fa,1269038,,,,,,,,,,,,,,,,,,,,,,,,,,,,,,,,,,,,,,,,,,,,,,,,,,TN,,,,,,,,,,
autoland,4769055,12,f76b60813665636d86169b6507d2f60fe004600c,windows10-64-shippable-qr,True,False,,,102210fe594ee9b33d82058545b1ed14f4c8206e,console.log-in-loop-content-process-array,damp,True,damp console.log-in-loop-content-process-array opt e10s fission stylo webrender-sw,4768818,77,ms,firefox,,1722676500,2023-07-07 01:49:15,123.09135096204864,013763c5f493c6232cfa8502e7bcec4b151d9161,1269055,,,,,,,,,,,,,,,,,,,,,,,,,,,,,,,,,,,,,,,,,,,,,,,,,,TN,,,,,,,,,,
autoland,4769055,12,f76b60813665636d86169b6507d2f60fe004600c,windows10-64-shippable-qr,True,False,,,102210fe594ee9b33d82058545b1ed14f4c8206e,console.log-in-loop-content-process-array,damp,True,damp console.log-in-loop-content-process-array opt e10s fission stylo webrender-sw,4768818,77,ms,firefox,,1722713905,2023-07-07 06:17:26,123.18709240512273,e4d87ff75575880ea0c0fa09b316e360e4d9492f,1269097,,,,,,,,,,,,,,,,,,,,,,,,,,,,,,,,,,,,,,,,,,,,,,,,,,TN,,,,,,,,,,
autoland,4769055,12,f76b60813665636d86169b6507d2f60fe004600c,windows10-64-shippable-qr,True,False,,,102210fe594ee9b33d82058545b1ed14f4c8206e,console.log-in-loop-content-process-array,damp,True,damp console.log-in-loop-content-process-array opt e10s fission stylo webrender-sw,4768818,77,ms,firefox,,1722826065,2023-07-07 10:08:37,122.67176573068627,3a88b97290a0fe46c6fbfcf6dacd91c6b6900aeb,1269195,,,,,,,,,,,,,,,,,,,,,,,,,,,,,,,,,,,,,,,,,,,,,,,,,,TN,,,,,,,,,,
autoland,4769055,12,f76b60813665636d86169b6507d2f60fe004600c,windows10-64-shippable-qr,True,False,,,102210fe594ee9b33d82058545b1ed14f4c8206e,console.log-in-loop-content-process-array,damp,True,damp console.log-in-loop-content-process-array opt e10s fission stylo webrender-sw,4768818,77,ms,firefox,,1722910603,2023-07-07 14:06:48,122.75791048128303,fb62b8660fcaa40ecb0be50aa61ba8005dcbba27,1269286,,,,,,,,,,,,,,,,,,,,,,,,,,,,,,,,,,,,,,,,,,,,,,,,,,TN,,,,,,,,,,
autoland,4769055,12,f76b60813665636d86169b6507d2f60fe004600c,windows10-64-shippable-qr,True,False,,,102210fe594ee9b33d82058545b1ed14f4c8206e,console.log-in-loop-content-process-array,damp,True,damp console.log-in-loop-content-process-array opt e10s fission stylo webrender-sw,4768818,77,ms,firefox,,1722965722,2023-07-07 16:51:44,122.77898932003336,43977d30a10af8e193044a9aa578f2bc8b33edf7,1269420,,,,,,,,,,,,,,,,,,,,,,,,,,,,,,,,,,,,,,,,,,,,,,,,,,TN,,,,,,,,,,
autoland,4769055,12,f76b60813665636d86169b6507d2f60fe004600c,windows10-64-shippable-qr,True,False,,,102210fe594ee9b33d82058545b1ed14f4c8206e,console.log-in-loop-content-process-array,damp,True,damp console.log-in-loop-content-process-array opt e10s fission stylo webrender-sw,4768818,77,ms,firefox,,1723213498,2023-07-08 02:51:52,122.41790087005757,d2be18e8ce8cd63eaddb8f012d582a2863075164,1269678,,,,,,,,,,,,,,,,,,,,,,,,,,,,,,,,,,,,,,,,,,,,,,,,,,TN,,,,,,,,,,
autoland,4769055,12,f76b60813665636d86169b6507d2f60fe004600c,windows10-64-shippable-qr,True,False,,,102210fe594ee9b33d82058545b1ed14f4c8206e,console.log-in-loop-content-process-array,damp,True,damp console.log-in-loop-content-process-array opt e10s fission stylo webrender-sw,4768818,77,ms,firefox,,1723249145,2023-07-08 06:55:09,122.81508378534365,ef7d9ea0c3f751e7c525a136923c9c404c297b1f,1269687,,,,,,,,,,,,,,,,,,,,,,,,,,,,,,,,,,,,,,,,,,,,,,,,,,TN,,,,,,,,,,
autoland,4769055,12,f76b60813665636d86169b6507d2f60fe004600c,windows10-64-shippable-qr,True,False,,,102210fe594ee9b33d82058545b1ed14f4c8206e,console.log-in-loop-content-process-array,damp,True,damp console.log-in-loop-content-process-array opt e10s fission stylo webrender-sw,4768818,77,ms,firefox,,1723373161,2023-07-08 13:13:32,122.63592573680216,ee68eebc7bfd59157569f7de331974b06e765482,1269721,,,,,,,,,,,,,,,,,,,,,,,,,,,,,,,,,,,,,,,,,,,,,,,,,,TN,,,,,,,,,,
autoland,4769055,12,f76b60813665636d86169b6507d2f60fe004600c,windows10-64-shippable-qr,True,False,,,102210fe594ee9b33d82058545b1ed14f4c8206e,console.log-in-loop-content-process-array,damp,True,damp console.log-in-loop-content-process-array opt e10s fission stylo webrender-sw,4768818,77,ms,firefox,,1723359362,2023-07-08 13:22:34,122.77778858668351,3809d32977a2db97fd06c8fd3214256dc18af9a0,1269723,,,,,,,,,,,,,,,,,,,,,,,,,,,,,,,,,,,,,,,,,,,,,,,,,,TN,,,,,,,,,,
autoland,4769055,12,f76b60813665636d86169b6507d2f60fe004600c,windows10-64-shippable-qr,True,False,,,102210fe594ee9b33d82058545b1ed14f4c8206e,console.log-in-loop-content-process-array,damp,True,damp console.log-in-loop-content-process-array opt e10s fission stylo webrender-sw,4768818,77,ms,firefox,,1723434223,2023-07-08 18:13:28,124.0530555151654,3b3b41fc7f1dad97415448fb4652eb636903a02a,1269751,,,,,,,,,,,,,,,,,,,,,,,,,,,,,,,,,,,,,,,,,,,,,,,,,,TN,,,,,,,,,,
autoland,4769055,12,f76b60813665636d86169b6507d2f60fe004600c,windows10-64-shippable-qr,True,False,,,102210fe594ee9b33d82058545b1ed14f4c8206e,console.log-in-loop-content-process-array,damp,True,damp console.log-in-loop-content-process-array opt e10s fission stylo webrender-sw,4768818,77,ms,firefox,,1723478666,2023-07-08 22:36:06,122.19403193440304,47c72d2828f6f406fbe77758e1ae8cd7837af977,1269766,,,,,,,,,,,,,,,,,,,,,,,,,,,,,,,,,,,,,,,,,,,,,,,,,,TN,,,,,,,,,,
autoland,4769055,12,f76b60813665636d86169b6507d2f60fe004600c,windows10-64-shippable-qr,True,False,,,102210fe594ee9b33d82058545b1ed14f4c8206e,console.log-in-loop-content-process-array,damp,True,damp console.log-in-loop-content-process-array opt e10s fission stylo webrender-sw,4768818,77,ms,firefox,,1723521428,2023-07-09 03:04:33,122.57051194310952,2ac0f03815253b96c145a52b1762ed04c50f079d,1269805,,,,,,,,,,,,,,,,,,,,,,,,,,,,,,,,,,,,,,,,,,,,,,,,,,TN,,,,,,,,,,
autoland,4769055,12,f76b60813665636d86169b6507d2f60fe004600c,windows10-64-shippable-qr,True,False,,,102210fe594ee9b33d82058545b1ed14f4c8206e,console.log-in-loop-content-process-array,damp,True,damp console.log-in-loop-content-process-array opt e10s fission stylo webrender-sw,4768818,77,ms,firefox,,1723521494,2023-07-09 03:04:33,122.77207580736376,2ac0f03815253b96c145a52b1762ed04c50f079d,1269805,,,,,,,,,,,,,,,,,,,,,,,,,,,,,,,,,,,,,,,,,,,,,,,,,,TN,,,,,,,,,,
autoland,4769055,12,f76b60813665636d86169b6507d2f60fe004600c,windows10-64-shippable-qr,True,False,,,102210fe594ee9b33d82058545b1ed14f4c8206e,console.log-in-loop-content-process-array,damp,True,damp console.log-in-loop-content-process-array opt e10s fission stylo webrender-sw,4768818,77,ms,firefox,,1723521382,2023-07-09 03:04:33,122.09572811895214,2ac0f03815253b96c145a52b1762ed04c50f079d,1269805,,,,,,,,,,,,,,,,,,,,,,,,,,,,,,,,,,,,,,,,,,,,,,,,,,TN,,,,,,,,,,
autoland,4769055,12,f76b60813665636d86169b6507d2f60fe004600c,windows10-64-shippable-qr,True,False,,,102210fe594ee9b33d82058545b1ed14f4c8206e,console.log-in-loop-content-process-array,damp,True,damp console.log-in-loop-content-process-array opt e10s fission stylo webrender-sw,4768818,77,ms,firefox,,1723584655,2023-07-09 11:37:17,122.46969297712712,60d4eb46c8b40ab0cd000c9ef298c63c45539be7,1269836,,,,,,,,,,,,,,,,,,,,,,,,,,,,,,,,,,,,,,,,,,,,,,,,,,TN,,,,,,,,,,
autoland,4769055,12,f76b60813665636d86169b6507d2f60fe004600c,windows10-64-shippable-qr,True,False,,,102210fe594ee9b33d82058545b1ed14f4c8206e,console.log-in-loop-content-process-array,damp,True,damp console.log-in-loop-content-process-array opt e10s fission stylo webrender-sw,4768818,77,ms,firefox,,1723633466,2023-07-09 16:14:27,122.55950891682096,38657e8c266f862cee349b298d0679f6617a8a63,1269855,,,,,,,,,,,,,,,,,,,,,,,,,,,,,,,,,,,,,,,,,,,,,,,,,,TN,,,,,,,,,,
autoland,4769055,12,f76b60813665636d86169b6507d2f60fe004600c,windows10-64-shippable-qr,True,False,,,102210fe594ee9b33d82058545b1ed14f4c8206e,console.log-in-loop-content-process-array,damp,True,damp console.log-in-loop-content-process-array opt e10s fission stylo webrender-sw,4768818,77,ms,firefox,,1723661817,2023-07-09 17:38:49,122.29224487121064,91d2d276f13316b73f0fed743d543009fcfade03,1269870,,,,,,,,,,,,,,,,,,,,,,,,,,,,,,,,,,,,,,,,,,,,,,,,,,TN,,,,,,,,,,
autoland,4769055,12,f76b60813665636d86169b6507d2f60fe004600c,windows10-64-shippable-qr,True,False,,,102210fe594ee9b33d82058545b1ed14f4c8206e,console.log-in-loop-content-process-array,damp,True,damp console.log-in-loop-content-process-array opt e10s fission stylo webrender-sw,4768818,77,ms,firefox,,1723721410,2023-07-09 22:03:27,122.4987131753096,5497748101b60ab9149d6616e70cabc4c11c6cb5,1269918,,,,,,,,,,,,,,,,,,,,,,,,,,,,,,,,,,,,,,,,,,,,,,,,,,TN,,,,,,,,,,
autoland,4769055,12,f76b60813665636d86169b6507d2f60fe004600c,windows10-64-shippable-qr,True,False,,,102210fe594ee9b33d82058545b1ed14f4c8206e,console.log-in-loop-content-process-array,damp,True,damp console.log-in-loop-content-process-array opt e10s fission stylo webrender-sw,4768818,77,ms,firefox,,1723838712,2023-07-10 02:33:11,122.40301110253677,aaa3698312c56a08a7b405178ee462fe3c2a30e7,1269963,,,,,,,,,,,,,,,,,,,,,,,,,,,,,,,,,,,,,,,,,,,,,,,,,,TN,,,,,,,,,,
autoland,4769055,12,f76b60813665636d86169b6507d2f60fe004600c,windows10-64-shippable-qr,True,False,,,102210fe594ee9b33d82058545b1ed14f4c8206e,console.log-in-loop-content-process-array,damp,True,damp console.log-in-loop-content-process-array opt e10s fission stylo webrender-sw,4768818,77,ms,firefox,,1723917727,2023-07-10 08:51:48,125.00132266779474,7313b6429e48b58bd38ab3be47999be475f2ba6b,1270053,,,,,,,,,,,,,,,,,,,,,,,,,,,,,,,,,,,,,,,,,,,,,,,,,,TN,,,,,,,,,,
autoland,4769055,12,f76b60813665636d86169b6507d2f60fe004600c,windows10-64-shippable-qr,True,False,,,102210fe594ee9b33d82058545b1ed14f4c8206e,console.log-in-loop-content-process-array,damp,True,damp console.log-in-loop-content-process-array opt e10s fission stylo webrender-sw,4768818,77,ms,firefox,,1724019938,2023-07-10 13:07:04,123.77738812727875,70fb59178ff21c468afeb592869c28371401db6a,1270176,,,,,,,,,,,,,,,,,,,,,,,,,,,,,,,,,,,,,,,,,,,,,,,,,,TN,,,,,,,,,,
autoland,4769055,12,f76b60813665636d86169b6507d2f60fe004600c,windows10-64-shippable-qr,True,False,,,102210fe594ee9b33d82058545b1ed14f4c8206e,console.log-in-loop-content-process-array,damp,True,damp console.log-in-loop-content-process-array opt e10s fission stylo webrender-sw,4768818,77,ms,firefox,,1724076407,2023-07-10 14:01:57,123.18274164348075,e31033710cfe590d9e7deda75757f71ddef34207,1270199,,,,,,,,,,,,,,,,,,,,,,,,,,,,,,,,,,,,,,,,,,,,,,,,,,TN,,,,,,,,,,
autoland,4769055,12,f76b60813665636d86169b6507d2f60fe004600c,windows10-64-shippable-qr,True,False,,,102210fe594ee9b33d82058545b1ed14f4c8206e,console.log-in-loop-content-process-array,damp,True,damp console.log-in-loop-content-process-array opt e10s fission stylo webrender-sw,4768818,77,ms,firefox,,1724224137,2023-07-10 18:14:55,122.9060071202075,1c909f267af625b4c370b6735113e1cafc94bbad,1270330,,,,,,,,,,,,,,,,,,,,,,,,,,,,,,,,,,,,,,,,,,,,,,,,,,TN,,,,,,,,,,
autoland,4769055,12,f76b60813665636d86169b6507d2f60fe004600c,windows10-64-shippable-qr,True,False,,,102210fe594ee9b33d82058545b1ed14f4c8206e,console.log-in-loop-content-process-array,damp,True,damp console.log-in-loop-content-process-array opt e10s fission stylo webrender-sw,4768818,77,ms,firefox,,1724273515,2023-07-10 19:48:56,122.12810519625782,923b28f88778b9de2f2a694c75dcb313148c0fc5,1270385,,,,,,,,,,,,,,,,,,,,,,,,,,,,,,,,,,,,,,,,,,,,,,,,,,TN,,,,,,,,,,
autoland,4769055,12,f76b60813665636d86169b6507d2f60fe004600c,windows10-64-shippable-qr,True,False,,,102210fe594ee9b33d82058545b1ed14f4c8206e,console.log-in-loop-content-process-array,damp,True,damp console.log-in-loop-content-process-array opt e10s fission stylo webrender-sw,4768818,77,ms,firefox,,1724358981,2023-07-11 01:42:54,122.7301787116794,b6a3e16c65e1298418f1aaf966dd3071d644075b,1270560,,,,,,,,,,,,,,,,,,,,,,,,,,,,,,,,,,,,,,,,,,,,,,,,,,TN,,,,,,,,,,
autoland,4769055,12,f76b60813665636d86169b6507d2f60fe004600c,windows10-64-shippable-qr,True,False,,,102210fe594ee9b33d82058545b1ed14f4c8206e,console.log-in-loop-content-process-array,damp,True,damp console.log-in-loop-content-process-array opt e10s fission stylo webrender-sw,4768818,77,ms,firefox,,1724468408,2023-07-11 06:35:00,121.88350238984276,bd6b3707b0b4eb7dd36fd65f81325cd71a20ab43,1270619,,,,,,,,,,,,,,,,,,,,,,,,,,,,,,,,,,,,,,,,,,,,,,,,,,TN,,,,,,,,,,
autoland,4769055,12,f76b60813665636d86169b6507d2f60fe004600c,windows10-64-shippable-qr,True,False,,,102210fe594ee9b33d82058545b1ed14f4c8206e,console.log-in-loop-content-process-array,damp,True,damp console.log-in-loop-content-process-array opt e10s fission stylo webrender-sw,4768818,77,ms,firefox,,1724521030,2023-07-11 08:55:46,123.09437834144228,6f3d3f416c953a7c5f64b907c4afb5906a1868a3,1270644,,,,,,,,,,,,,,,,,,,,,,,,,,,,,,,,,,,,,,,,,,,,,,,,,,TN,,,,,,,,,,
autoland,4769055,12,f76b60813665636d86169b6507d2f60fe004600c,windows10-64-shippable-qr,True,False,,,102210fe594ee9b33d82058545b1ed14f4c8206e,console.log-in-loop-content-process-array,damp,True,damp console.log-in-loop-content-process-array opt e10s fission stylo webrender-sw,4768818,77,ms,firefox,,1724601713,2023-07-11 13:33:02,123.14238025183568,0c47c1159e0a060ee709f9f8f854bfad27f86c85,1270792,,,,,,,,,,,,,,,,,,,,,,,,,,,,,,,,,,,,,,,,,,,,,,,,,,TN,,,,,,,,,,
autoland,4769055,12,f76b60813665636d86169b6507d2f60fe004600c,windows10-64-shippable-qr,True,False,,,102210fe594ee9b33d82058545b1ed14f4c8206e,console.log-in-loop-content-process-array,damp,True,damp console.log-in-loop-content-process-array opt e10s fission stylo webrender-sw,4768818,77,ms,firefox,,1724649074,2023-07-11 14:06:52,122.9097226844424,3100a08eeee126bc592700ba015d42a4eeabd552,1270802,,,,,,,,,,,,,,,,,,,,,,,,,,,,,,,,,,,,,,,,,,,,,,,,,,TN,,,,,,,,,,
autoland,4769055,12,f76b60813665636d86169b6507d2f60fe004600c,windows10-64-shippable-qr,True,False,,,102210fe594ee9b33d82058545b1ed14f4c8206e,console.log-in-loop-content-process-array,damp,True,damp console.log-in-loop-content-process-array opt e10s fission stylo webrender-sw,4768818,77,ms,firefox,,1724808553,2023-07-11 18:36:01,123.17877177921764,87db7bb709335405232188624e8b3fa9990fd678,1270977,,,,,,,,,,,,,,,,,,,,,,,,,,,,,,,,,,,,,,,,,,,,,,,,,,TN,,,,,,,,,,
autoland,4769055,12,f76b60813665636d86169b6507d2f60fe004600c,windows10-64-shippable-qr,True,False,,,102210fe594ee9b33d82058545b1ed14f4c8206e,console.log-in-loop-content-process-array,damp,True,damp console.log-in-loop-content-process-array opt e10s fission stylo webrender-sw,4768818,77,ms,firefox,,1724881777,2023-07-11 22:00:07,123.09804897380036,799309422d5f66cd280bc2aa8f49a203faaf670f,1271127,,,,,,,,,,,,,,,,,,,,,,,,,,,,,,,,,,,,,,,,,,,,,,,,,,TN,,,,,,,,,,
autoland,4769055,12,f76b60813665636d86169b6507d2f60fe004600c,windows10-64-shippable-qr,True,False,,,102210fe594ee9b33d82058545b1ed14f4c8206e,console.log-in-loop-content-process-array,damp,True,damp console.log-in-loop-content-process-array opt e10s fission stylo webrender-sw,4768818,77,ms,firefox,,1724959731,2023-07-12 03:43:13,122.4958502392892,409794f954d9150f8da58e49d75898a655aca25d,1271221,,,,,,,,,,,,,,,,,,,,,,,,,,,,,,,,,,,,,,,,,,,,,,,,,,TN,,,,,,,,,,
autoland,4769055,12,f76b60813665636d86169b6507d2f60fe004600c,windows10-64-shippable-qr,True,False,,,102210fe594ee9b33d82058545b1ed14f4c8206e,console.log-in-loop-content-process-array,damp,True,damp console.log-in-loop-content-process-array opt e10s fission stylo webrender-sw,4768818,77,ms,firefox,,1725012754,2023-07-12 07:41:52,122.08830214517457,3df39b644daab1c941ea8f68e6f1e1018058b95e,1271289,,,,,,,,,,,,,,,,,,,,,,,,,,,,,,,,,,,,,,,,,,,,,,,,,,TN,,,,,,,,,,
autoland,4769055,12,f76b60813665636d86169b6507d2f60fe004600c,windows10-64-shippable-qr,True,False,,,102210fe594ee9b33d82058545b1ed14f4c8206e,console.log-in-loop-content-process-array,damp,True,damp console.log-in-loop-content-process-array opt e10s fission stylo webrender-sw,4768818,77,ms,firefox,,1725121838,2023-07-12 11:57:10,122.98391501074455,323cd57deb4d5a322c892f49b9141687d7561c0b,1271397,,,,,,,,,,,,,,,,,,,,,,,,,,,,,,,,,,,,,,,,,,,,,,,,,,TN,,,,,,,,,,
autoland,4769055,12,f76b60813665636d86169b6507d2f60fe004600c,windows10-64-shippable-qr,True,False,,,102210fe594ee9b33d82058545b1ed14f4c8206e,console.log-in-loop-content-process-array,damp,True,damp console.log-in-loop-content-process-array opt e10s fission stylo webrender-sw,4768818,77,ms,firefox,,1725177419,2023-07-12 14:40:04,122.05787783545657,09a138b12b3b18e85b4234788a6f92fa756908af,1271467,,,,,,,,,,,,,,,,,,,,,,,,,,,,,,,,,,,,,,,,,,,,,,,,,,TN,,,,,,,,,,
autoland,4769055,12,f76b60813665636d86169b6507d2f60fe004600c,windows10-64-shippable-qr,True,False,,,102210fe594ee9b33d82058545b1ed14f4c8206e,console.log-in-loop-content-process-array,damp,True,damp console.log-in-loop-content-process-array opt e10s fission stylo webrender-sw,4768818,77,ms,firefox,,1725270089,2023-07-12 19:44:39,122.57170992785996,5af60a4168846b5be7576faecbb5050fa6d965cf,1271665,,,,,,,,,,,,,,,,,,,,,,,,,,,,,,,,,,,,,,,,,,,,,,,,,,TN,,,,,,,,,,
autoland,4769055,12,f76b60813665636d86169b6507d2f60fe004600c,windows10-64-shippable-qr,True,False,,,102210fe594ee9b33d82058545b1ed14f4c8206e,console.log-in-loop-content-process-array,damp,True,damp console.log-in-loop-content-process-array opt e10s fission stylo webrender-sw,4768818,77,ms,firefox,,1725339038,2023-07-12 23:52:09,123.10918432270046,48bcd4c43c3e833bc33696496138c36bdddef23d,1271821,,,,,,,,,,,,,,,,,,,,,,,,,,,,,,,,,,,,,,,,,,,,,,,,,,TN,,,,,,,,,,
autoland,4769055,12,f76b60813665636d86169b6507d2f60fe004600c,windows10-64-shippable-qr,True,False,,,102210fe594ee9b33d82058545b1ed14f4c8206e,console.log-in-loop-content-process-array,damp,True,damp console.log-in-loop-content-process-array opt e10s fission stylo webrender-sw,4768818,77,ms,firefox,,1725388908,2023-07-13 04:00:14,121.83801761893665,0724fde82b2fe250010f13a500b6c525eaf3abb5,1271916,,,,,,,,,,,,,,,,,,,,,,,,,,,,,,,,,,,,,,,,,,,,,,,,,,TN,,,,,,,,,,
autoland,4769055,12,f76b60813665636d86169b6507d2f60fe004600c,windows10-64-shippable-qr,True,False,,,102210fe594ee9b33d82058545b1ed14f4c8206e,console.log-in-loop-content-process-array,damp,True,damp console.log-in-loop-content-process-array opt e10s fission stylo webrender-sw,4768818,77,ms,firefox,,1725463373,2023-07-13 08:20:37,122.35641915819996,3170f4f57d01091d2a74fe40ee6f4ab8efa7351a,1271978,,,,,,,,,,,,,,,,,,,,,,,,,,,,,,,,,,,,,,,,,,,,,,,,,,TN,,,,,,,,,,
autoland,4769055,12,f76b60813665636d86169b6507d2f60fe004600c,windows10-64-shippable-qr,True,False,,,102210fe594ee9b33d82058545b1ed14f4c8206e,console.log-in-loop-content-process-array,damp,True,damp console.log-in-loop-content-process-array opt e10s fission stylo webrender-sw,4768818,77,ms,firefox,,1725571032,2023-07-13 11:47:10,122.71639037956992,1bfb25414a090700f286cd06319e91cb9ac6e336,1272070,,,,,,,,,,,,,,,,,,,,,,,,,,,,,,,,,,,,,,,,,,,,,,,,,,TN,,,,,,,,,,
autoland,4769055,12,f76b60813665636d86169b6507d2f60fe004600c,windows10-64-shippable-qr,True,False,,,102210fe594ee9b33d82058545b1ed14f4c8206e,console.log-in-loop-content-process-array,damp,True,damp console.log-in-loop-content-process-array opt e10s fission stylo webrender-sw,4768818,77,ms,firefox,,1725689961,2023-07-13 14:50:19,122.5903995887602,411654dc3bffdf2358079fc20c662dc3c58a2363,1272192,,,,,,,,,,,,,,,,,,,,,,,,,,,,,,,,,,,,,,,,,,,,,,,,,,TN,,,,,,,,,,
autoland,4769055,12,f76b60813665636d86169b6507d2f60fe004600c,windows10-64-shippable-qr,True,False,,,102210fe594ee9b33d82058545b1ed14f4c8206e,console.log-in-loop-content-process-array,damp,True,damp console.log-in-loop-content-process-array opt e10s fission stylo webrender-sw,4768818,77,ms,firefox,,1725832453,2023-07-13 19:23:25,122.4091515578284,93efae7712c8170b189d6e2d626af9bc74ee9f33,1272383,,,,,,,,,,,,,,,,,,,,,,,,,,,,,,,,,,,,,,,,,,,,,,,,,,TN,,,,,,,,,,
autoland,4769055,12,f76b60813665636d86169b6507d2f60fe004600c,windows10-64-shippable-qr,True,False,,,102210fe594ee9b33d82058545b1ed14f4c8206e,console.log-in-loop-content-process-array,damp,True,damp console.log-in-loop-content-process-array opt e10s fission stylo webrender-sw,4768818,77,ms,firefox,,1725954022,2023-07-13 23:46:26,122.60281640912036,d7363bddf2b82c4f02c60bf1f3236c1853a1d788,1272530,,,,,,,,,,,,,,,,,,,,,,,,,,,,,,,,,,,,,,,,,,,,,,,,,,TN,,,,,,,,,,
autoland,4769055,12,f76b60813665636d86169b6507d2f60fe004600c,windows10-64-shippable-qr,True,False,,,102210fe594ee9b33d82058545b1ed14f4c8206e,console.log-in-loop-content-process-array,damp,True,damp console.log-in-loop-content-process-array opt e10s fission stylo webrender-sw,4768818,77,ms,firefox,,1725943404,2023-07-14 00:33:08,122.44618274400364,ce811b4b8e62538cba1620fbe1f66b6963a00103,1272546,,,,,,,,,,,,,,,,,,,,,,,,,,,,,,,,,,,,,,,,,,,,,,,,,,TN,,,,,,,,,,
autoland,4769055,12,f76b60813665636d86169b6507d2f60fe004600c,windows10-64-shippable-qr,True,False,,,102210fe594ee9b33d82058545b1ed14f4c8206e,console.log-in-loop-content-process-array,damp,True,damp console.log-in-loop-content-process-array opt e10s fission stylo webrender-sw,4768818,77,ms,firefox,,1725999697,2023-07-14 05:34:55,122.42929022793396,196cda3a105202c8969a926a0637db0e0014c07d,1272621,,,,,,,,,,,,,,,,,,,,,,,,,,,,,,,,,,,,,,,,,,,,,,,,,,TN,,,,,,,,,,
autoland,4769055,12,f76b60813665636d86169b6507d2f60fe004600c,windows10-64-shippable-qr,True,False,,,102210fe594ee9b33d82058545b1ed14f4c8206e,console.log-in-loop-content-process-array,damp,True,damp console.log-in-loop-content-process-array opt e10s fission stylo webrender-sw,4768818,77,ms,firefox,,1726158605,2023-07-14 08:41:57,122.71293515373692,2c2b2040f7a3a963eaf19ecd574a96682fb4e6c3,1272676,,,,,,,,,,,,,,,,,,,,,,,,,,,,,,,,,,,,,,,,,,,,,,,,,,TN,,,,,,,,,,
autoland,4769055,12,f76b60813665636d86169b6507d2f60fe004600c,windows10-64-shippable-qr,True,False,,,102210fe594ee9b33d82058545b1ed14f4c8206e,console.log-in-loop-content-process-array,damp,True,damp console.log-in-loop-content-process-array opt e10s fission stylo webrender-sw,4768818,77,ms,firefox,,1726284434,2023-07-14 12:49:37,123.08388103157904,f04d14e8c457c340e7bb0c8955b7a42e3ed32c84,1272721,,,,,,,,,,,,,,,,,,,,,,,,,,,,,,,,,,,,,,,,,,,,,,,,,,TN,,,,,,,,,,
autoland,4769055,12,f76b60813665636d86169b6507d2f60fe004600c,windows10-64-shippable-qr,True,False,,,102210fe594ee9b33d82058545b1ed14f4c8206e,console.log-in-loop-content-process-array,damp,True,damp console.log-in-loop-content-process-array opt e10s fission stylo webrender-sw,4768818,77,ms,firefox,,1726365208,2023-07-14 16:10:08,123.06050232635609,379fa15b7cfddd1f92027d8c39b32706dc0f59a8,1272833,,,,,,,,,,,,,,,,,,,,,,,,,,,,,,,,,,,,,,,,,,,,,,,,,,TN,,,,,,,,,,
autoland,4769055,12,f76b60813665636d86169b6507d2f60fe004600c,windows10-64-shippable-qr,True,False,,,102210fe594ee9b33d82058545b1ed14f4c8206e,console.log-in-loop-content-process-array,damp,True,damp console.log-in-loop-content-process-array opt e10s fission stylo webrender-sw,4768818,77,ms,firefox,,1726478289,2023-07-14 21:22:48,122.4010431155557,f65db437bbbe4d54d073843c79519c0a373ada5c,1272987,,,,,,,,,,,,,,,,,,,,,,,,,,,,,,,,,,,,,,,,,,,,,,,,,,TN,,,,,,,,,,
autoland,4769055,12,f76b60813665636d86169b6507d2f60fe004600c,windows10-64-shippable-qr,True,False,,,102210fe594ee9b33d82058545b1ed14f4c8206e,console.log-in-loop-content-process-array,damp,True,damp console.log-in-loop-content-process-array opt e10s fission stylo webrender-sw,4768818,77,ms,firefox,,1726506104,2023-07-14 22:30:09,122.25431888403364,2fa0f2941257f51a55bcabee0f1913fe395266b0,1273018,,,,,,,,,,,,,,,,,,,,,,,,,,,,,,,,,,,,,,,,,,,,,,,,,,TN,,,,,,,,,,
autoland,4769055,12,f76b60813665636d86169b6507d2f60fe004600c,windows10-64-shippable-qr,True,False,,,102210fe594ee9b33d82058545b1ed14f4c8206e,console.log-in-loop-content-process-array,damp,True,damp console.log-in-loop-content-process-array opt e10s fission stylo webrender-sw,4768818,77,ms,firefox,,1726526788,2023-07-15 02:41:28,122.83914777302108,1e09c6aabfcd1088a923373e95d74f457e863755,1273070,,,,,,,,,,,,,,,,,,,,,,,,,,,,,,,,,,,,,,,,,,,,,,,,,,TN,,,,,,,,,,
autoland,4769055,12,f76b60813665636d86169b6507d2f60fe004600c,windows10-64-shippable-qr,True,False,,,102210fe594ee9b33d82058545b1ed14f4c8206e,console.log-in-loop-content-process-array,damp,True,damp console.log-in-loop-content-process-array opt e10s fission stylo webrender-sw,4768818,77,ms,firefox,,1726586388,2023-07-15 12:36:57,122.97785496466258,3a71e5ba50017ceb558d246e6ea58f8d5a57a3af,1273110,,,,,,,,,,,,,,,,,,,,,,,,,,,,,,,,,,,,,,,,,,,,,,,,,,TN,,,,,,,,,,
autoland,4769055,12,f76b60813665636d86169b6507d2f60fe004600c,windows10-64-shippable-qr,True,False,,,102210fe594ee9b33d82058545b1ed14f4c8206e,console.log-in-loop-content-process-array,damp,True,damp console.log-in-loop-content-process-array opt e10s fission stylo webrender-sw,4768818,77,ms,firefox,,1726633085,2023-07-15 18:59:02,124.69390917661713,23e9067195200f00248b6c027bfae113965bf3ea,1273125,,,,,,,,,,,,,,,,,,,,,,,,,,,,,,,,,,,,,,,,,,,,,,,,,,TN,,,,,,,,,,
autoland,4769055,12,f76b60813665636d86169b6507d2f60fe004600c,windows10-64-shippable-qr,True,False,,,102210fe594ee9b33d82058545b1ed14f4c8206e,console.log-in-loop-content-process-array,damp,True,damp console.log-in-loop-content-process-array opt e10s fission stylo webrender-sw,4768818,77,ms,firefox,,1726674351,2023-07-16 02:22:04,122.23301974991956,29be5ceedcdd2e835a383389153d9264d9b81217,1273151,,,,,,,,,,,,,,,,,,,,,,,,,,,,,,,,,,,,,,,,,,,,,,,,,,TN,,,,,,,,,,
autoland,4769055,12,f76b60813665636d86169b6507d2f60fe004600c,windows10-64-shippable-qr,True,False,,,102210fe594ee9b33d82058545b1ed14f4c8206e,console.log-in-loop-content-process-array,damp,True,damp console.log-in-loop-content-process-array opt e10s fission stylo webrender-sw,4768818,77,ms,firefox,,1726770293,2023-07-16 17:40:24,122.7277862788751,2d64faa1590722f6ec14781ee5e175a2c875171c,1273186,,,,,,,,,,,,,,,,,,,,,,,,,,,,,,,,,,,,,,,,,,,,,,,,,,TN,,,,,,,,,,
autoland,4769055,12,f76b60813665636d86169b6507d2f60fe004600c,windows10-64-shippable-qr,True,False,,,102210fe594ee9b33d82058545b1ed14f4c8206e,console.log-in-loop-content-process-array,damp,True,damp console.log-in-loop-content-process-array opt e10s fission stylo webrender-sw,4768818,77,ms,firefox,,1726897526,2023-07-17 10:08:58,122.62176040588656,ef60c7cdcb76172f1caf579529cf9fb756de4dbd,1273362,,,,,,,,,,,,,,,,,,,,,,,,,,,,,,,,,,,,,,,,,,,,,,,,,,TN,,,,,,,,,,
autoland,4769055,12,f76b60813665636d86169b6507d2f60fe004600c,windows10-64-shippable-qr,True,False,,,102210fe594ee9b33d82058545b1ed14f4c8206e,console.log-in-loop-content-process-array,damp,True,damp console.log-in-loop-content-process-array opt e10s fission stylo webrender-sw,4768818,77,ms,firefox,,1727033439,2023-07-17 14:30:30,122.99402358548832,e90e64d1c5a944feafdb48fe3527c9aeeac00ec9,1273474,,,,,,,,,,,,,,,,,,,,,,,,,,,,,,,,,,,,,,,,,,,,,,,,,,TN,,,,,,,,,,
autoland,4769055,12,f76b60813665636d86169b6507d2f60fe004600c,windows10-64-shippable-qr,True,False,,,102210fe594ee9b33d82058545b1ed14f4c8206e,console.log-in-loop-content-process-array,damp,True,damp console.log-in-loop-content-process-array opt e10s fission stylo webrender-sw,4768818,77,ms,firefox,,1727006651,2023-07-17 16:07:24,121.93043566710276,01dc0385e5b93df37aef43d60cd1105523eae328,1273529,,,,,,,,,,,,,,,,,,,,,,,,,,,,,,,,,,,,,,,,,,,,,,,,,,TN,,,,,,,,,,
autoland,4769055,12,f76b60813665636d86169b6507d2f60fe004600c,windows10-64-shippable-qr,True,False,,,102210fe594ee9b33d82058545b1ed14f4c8206e,console.log-in-loop-content-process-array,damp,True,damp console.log-in-loop-content-process-array opt e10s fission stylo webrender-sw,4768818,77,ms,firefox,,1727163837,2023-07-17 20:04:09,122.4302271404631,f2c1249026167b30c81eff3368093a442a915826,1273673,,,,,,,,,,,,,,,,,,,,,,,,,,,,,,,,,,,,,,,,,,,,,,,,,,TN,,,,,,,,,,
autoland,4769055,12,f76b60813665636d86169b6507d2f60fe004600c,windows10-64-shippable-qr,True,False,,,102210fe594ee9b33d82058545b1ed14f4c8206e,console.log-in-loop-content-process-array,damp,True,damp console.log-in-loop-content-process-array opt e10s fission stylo webrender-sw,4768818,77,ms,firefox,,1727209640,2023-07-17 23:40:15,123.4008114854496,bbea40f618ed9435d7c989dcb18dc1ba34d55d4c,1273797,,,,,,,,,,,,,,,,,,,,,,,,,,,,,,,,,,,,,,,,,,,,,,,,,,TN,,,,,,,,,,
autoland,4769055,12,f76b60813665636d86169b6507d2f60fe004600c,windows10-64-shippable-qr,True,False,,,102210fe594ee9b33d82058545b1ed14f4c8206e,console.log-in-loop-content-process-array,damp,True,damp console.log-in-loop-content-process-array opt e10s fission stylo webrender-sw,4768818,77,ms,firefox,,1727267521,2023-07-18 04:33:35,122.49017642834224,35e42e5979dac0b99828194869d5dc00365b37fb,1273869,,,,,,,,,,,,,,,,,,,,,,,,,,,,,,,,,,,,,,,,,,,,,,,,,,TN,,,,,,,,,,
autoland,4769055,12,f76b60813665636d86169b6507d2f60fe004600c,windows10-64-shippable-qr,True,False,,,102210fe594ee9b33d82058545b1ed14f4c8206e,console.log-in-loop-content-process-array,damp,True,damp console.log-in-loop-content-process-array opt e10s fission stylo webrender-sw,4768818,77,ms,firefox,,1727389304,2023-07-18 08:33:44,122.93356835266968,ff623ceacdca87e37ceaa8e2d7f2072d5a7ae7fb,1273935,,,,,,,,,,,,,,,,,,,,,,,,,,,,,,,,,,,,,,,,,,,,,,,,,,TN,,,,,,,,,,
autoland,4769055,12,f76b60813665636d86169b6507d2f60fe004600c,windows10-64-shippable-qr,True,False,,,102210fe594ee9b33d82058545b1ed14f4c8206e,console.log-in-loop-content-process-array,damp,True,damp console.log-in-loop-content-process-array opt e10s fission stylo webrender-sw,4768818,77,ms,firefox,,1727439041,2023-07-18 08:34:31,122.94850028296514,ed8bcaa0195e582a53b92eeac99b65a9c1f06da2,1273936,,,,,,,,,,,,,,,,,,,,,,,,,,,,,,,,,,,,,,,,,,,,,,,,,,TN,,,,,,,,,,
autoland,4769055,12,f76b60813665636d86169b6507d2f60fe004600c,windows10-64-shippable-qr,True,False,,,102210fe594ee9b33d82058545b1ed14f4c8206e,console.log-in-loop-content-process-array,damp,True,damp console.log-in-loop-content-process-array opt e10s fission stylo webrender-sw,4768818,77,ms,firefox,,1727533142,2023-07-18 13:03:29,122.157418181534,bcffaa369c722f4ebfa7cb8af6a3fc605e2efa10,1274068,,,,,,,,,,,,,,,,,,,,,,,,,,,,,,,,,,,,,,,,,,,,,,,,,,TN,,,,,,,,,,
autoland,4769055,12,f76b60813665636d86169b6507d2f60fe004600c,windows10-64-shippable-qr,True,False,,,102210fe594ee9b33d82058545b1ed14f4c8206e,console.log-in-loop-content-process-array,damp,True,damp console.log-in-loop-content-process-array opt e10s fission stylo webrender-sw,4768818,77,ms,firefox,,1727553146,2023-07-18 13:45:23,122.27760927280268,0de8fdd9abfcc9f9019857d255157b5eb799f98b,1274096,,,,,,,,,,,,,,,,,,,,,,,,,,,,,,,,,,,,,,,,,,,,,,,,,,TN,,,,,,,,,,
autoland,4769055,12,f76b60813665636d86169b6507d2f60fe004600c,windows10-64-shippable-qr,True,False,,,102210fe594ee9b33d82058545b1ed14f4c8206e,console.log-in-loop-content-process-array,damp,True,damp console.log-in-loop-content-process-array opt e10s fission stylo webrender-sw,4768818,77,ms,firefox,,1727652542,2023-07-18 17:24:29,122.77284532737484,9330f8cb5765b67a89ac1427300f344a63d42cdc,1274230,,,,,,,,,,,,,,,,,,,,,,,,,,,,,,,,,,,,,,,,,,,,,,,,,,TN,,,,,,,,,,
autoland,4769055,12,f76b60813665636d86169b6507d2f60fe004600c,windows10-64-shippable-qr,True,False,,,102210fe594ee9b33d82058545b1ed14f4c8206e,console.log-in-loop-content-process-array,damp,True,damp console.log-in-loop-content-process-array opt e10s fission stylo webrender-sw,4768818,77,ms,firefox,,1727859016,2023-07-18 22:22:09,124.0041178432266,b39dcefbe15f24fbf00da64782588b71ef8277a6,1274408,,,,,,,,,,,,,,,,,,,,,,,,,,,,,,,,,,,,,,,,,,,,,,,,,,TN,,,,,,,,,,
autoland,4769055,12,f76b60813665636d86169b6507d2f60fe004600c,windows10-64-shippable-qr,True,False,,,102210fe594ee9b33d82058545b1ed14f4c8206e,console.log-in-loop-content-process-array,damp,True,damp console.log-in-loop-content-process-array opt e10s fission stylo webrender-sw,4768818,77,ms,firefox,,1727837465,2023-07-18 23:34:55,122.37758179958291,a8acb9b8880c2f1c2cf5891e5a20997a21d9d909,1274454,,,,,,,,,,,,,,,,,,,,,,,,,,,,,,,,,,,,,,,,,,,,,,,,,,TN,,,,,,,,,,
autoland,4769055,12,f76b60813665636d86169b6507d2f60fe004600c,windows10-64-shippable-qr,True,False,,,102210fe594ee9b33d82058545b1ed14f4c8206e,console.log-in-loop-content-process-array,damp,True,damp console.log-in-loop-content-process-array opt e10s fission stylo webrender-sw,4768818,77,ms,firefox,,1727952659,2023-07-19 05:12:28,122.84162391187328,49a85b3b07e07c1158f9cb0c1f58b67fc2d659f7,1274587,,,,,,,,,,,,,,,,,,,,,,,,,,,,,,,,,,,,,,,,,,,,,,,,,,TN,,,,,,,,,,
autoland,4769055,12,f76b60813665636d86169b6507d2f60fe004600c,windows10-64-shippable-qr,True,False,,,102210fe594ee9b33d82058545b1ed14f4c8206e,console.log-in-loop-content-process-array,damp,True,damp console.log-in-loop-content-process-array opt e10s fission stylo webrender-sw,4768818,77,ms,firefox,,1728113970,2023-07-19 08:12:16,122.7273611635901,140d21dede36ec0333dbfd36cf0d1320eee6cba4,1274646,,,,,,,,,,,,,,,,,,,,,,,,,,,,,,,,,,,,,,,,,,,,,,,,,,TN,,,,,,,,,,
autoland,4769055,12,f76b60813665636d86169b6507d2f60fe004600c,windows10-64-shippable-qr,True,False,,,102210fe594ee9b33d82058545b1ed14f4c8206e,console.log-in-loop-content-process-array,damp,True,damp console.log-in-loop-content-process-array opt e10s fission stylo webrender-sw,4768818,77,ms,firefox,,1728263743,2023-07-19 12:13:12,122.26292819493756,b8d9ace4647851e162743362d884084c81a969ab,1274744,,,,,,,,,,,,,,,,,,,,,,,,,,,,,,,,,,,,,,,,,,,,,,,,,,TN,,,,,,,,,,
autoland,4769055,12,f76b60813665636d86169b6507d2f60fe004600c,windows10-64-shippable-qr,True,False,,,102210fe594ee9b33d82058545b1ed14f4c8206e,console.log-in-loop-content-process-array,damp,True,damp console.log-in-loop-content-process-array opt e10s fission stylo webrender-sw,4768818,77,ms,firefox,,1728434888,2023-07-19 14:37:00,122.7578655186926,c1d9936545b5ba143392d27280eb1d56af5ac580,1274851,,,,,,,,,,,,,,,,,,,,,,,,,,,,,,,,,,,,,,,,,,,,,,,,,,TN,,,,,,,,,,
autoland,4769055,12,f76b60813665636d86169b6507d2f60fe004600c,windows10-64-shippable-qr,True,False,,,102210fe594ee9b33d82058545b1ed14f4c8206e,console.log-in-loop-content-process-array,damp,True,damp console.log-in-loop-content-process-array opt e10s fission stylo webrender-sw,4768818,77,ms,firefox,,1728583408,2023-07-19 18:46:51,122.41700222583404,a4cb1e2b9e3d0583fb35c77b1b5a61823240d23a,1275034,,,,,,,,,,,,,,,,,,,,,,,,,,,,,,,,,,,,,,,,,,,,,,,,,,TN,,,,,,,,,,
autoland,4769055,12,f76b60813665636d86169b6507d2f60fe004600c,windows10-64-shippable-qr,True,False,,,102210fe594ee9b33d82058545b1ed14f4c8206e,console.log-in-loop-content-process-array,damp,True,damp console.log-in-loop-content-process-array opt e10s fission stylo webrender-sw,4768818,77,ms,firefox,,1728678315,2023-07-19 22:17:04,122.74805371766432,7d1e4a896dd81d294b7bccc7c20345d7c0432b47,1275176,,,,,,,,,,,,,,,,,,,,,,,,,,,,,,,,,,,,,,,,,,,,,,,,,,TN,,,,,,,,,,
autoland,4769055,12,f76b60813665636d86169b6507d2f60fe004600c,windows10-64-shippable-qr,True,False,,,102210fe594ee9b33d82058545b1ed14f4c8206e,console.log-in-loop-content-process-array,damp,True,damp console.log-in-loop-content-process-array opt e10s fission stylo webrender-sw,4768818,77,ms,firefox,,1728736767,2023-07-20 03:34:20,123.14848221194644,e73cc92e62dbaf2e2cdb70a1d9890da611a2b772,1275291,,,,,,,,,,,,,,,,,,,,,,,,,,,,,,,,,,,,,,,,,,,,,,,,,,TN,,,,,,,,,,
autoland,4769055,12,f76b60813665636d86169b6507d2f60fe004600c,windows10-64-shippable-qr,True,False,,,102210fe594ee9b33d82058545b1ed14f4c8206e,console.log-in-loop-content-process-array,damp,True,damp console.log-in-loop-content-process-array opt e10s fission stylo webrender-sw,4768818,77,ms,firefox,,1728939880,2023-07-20 07:42:09,125.35370684776626,9a6d93f12d75deb2d5f6662ca35347a774d7cd6f,1275344,,,,,,,,,,,,,,,,,,,,,,,,,,,,,,,,,,,,,,,,,,,,,,,,,,TN,,,,,,,,,,
autoland,4769055,12,f76b60813665636d86169b6507d2f60fe004600c,windows10-64-shippable-qr,True,False,,,102210fe594ee9b33d82058545b1ed14f4c8206e,console.log-in-loop-content-process-array,damp,True,damp console.log-in-loop-content-process-array opt e10s fission stylo webrender-sw,4768818,77,ms,firefox,,1729028902,2023-07-20 12:22:04,122.20042618887146,0278b86272728b17ade153f25ef5ec4442158066,1275437,,,,,,,,,,,,,,,,,,,,,,,,,,,,,,,,,,,,,,,,,,,,,,,,,,TN,,,,,,,,,,
autoland,4769055,12,f76b60813665636d86169b6507d2f60fe004600c,windows10-64-shippable-qr,True,False,,,102210fe594ee9b33d82058545b1ed14f4c8206e,console.log-in-loop-content-process-array,damp,True,damp console.log-in-loop-content-process-array opt e10s fission stylo webrender-sw,4768818,77,ms,firefox,,1729165205,2023-07-20 15:24:57,125.69900859648806,0bc898fe076442e9a552e9918f1b50ece1c87859,1275543,,,,,,,,,,,,,,,,,,,,,,,,,,,,,,,,,,,,,,,,,,,,,,,,,,TN,,,,,,,,,,
autoland,4769055,12,f76b60813665636d86169b6507d2f60fe004600c,windows10-64-shippable-qr,True,False,,,102210fe594ee9b33d82058545b1ed14f4c8206e,console.log-in-loop-content-process-array,damp,True,damp console.log-in-loop-content-process-array opt e10s fission stylo webrender-sw,4768818,77,ms,firefox,,1729309341,2023-07-20 19:57:27,123.10683959502876,1474bffb9d2bc609c90f59cdbd875d90f152f78b,1275751,,,,,,,,,,,,,,,,,,,,,,,,,,,,,,,,,,,,,,,,,,,,,,,,,,TN,,,,,,,,,,
autoland,4769055,12,f76b60813665636d86169b6507d2f60fe004600c,windows10-64-shippable-qr,True,False,,,102210fe594ee9b33d82058545b1ed14f4c8206e,console.log-in-loop-content-process-array,damp,True,damp console.log-in-loop-content-process-array opt e10s fission stylo webrender-sw,4768818,77,ms,firefox,,1729398066,2023-07-20 23:58:39,122.57977641305116,a81b4cfa355314c5644c5a1924408dd57a6451ba,1275867,,,,,,,,,,,,,,,,,,,,,,,,,,,,,,,,,,,,,,,,,,,,,,,,,,TN,,,,,,,,,,
autoland,4769055,12,f76b60813665636d86169b6507d2f60fe004600c,windows10-64-shippable-qr,True,False,,,102210fe594ee9b33d82058545b1ed14f4c8206e,console.log-in-loop-content-process-array,damp,True,damp console.log-in-loop-content-process-array opt e10s fission stylo webrender-sw,4768818,77,ms,firefox,,1729439946,2023-07-21 02:12:29,122.56663840430974,561b7f418a4da2b68cf411804f9a6dcc542bf5d4,1275913,,,,,,,,,,,,,,,,,,,,,,,,,,,,,,,,,,,,,,,,,,,,,,,,,,TN,,,,,,,,,,
autoland,4769055,12,f76b60813665636d86169b6507d2f60fe004600c,windows10-64-shippable-qr,True,False,,,102210fe594ee9b33d82058545b1ed14f4c8206e,console.log-in-loop-content-process-array,damp,True,damp console.log-in-loop-content-process-array opt e10s fission stylo webrender-sw,4768818,77,ms,firefox,,1729631828,2023-07-21 09:50:03,122.86974193874356,a2fe9197bad582dee22ed11cd3cec32073abcbb1,1276015,,,,,,,,,,,,,,,,,,,,,,,,,,,,,,,,,,,,,,,,,,,,,,,,,,TN,,,,,,,,,,
autoland,4769055,12,f76b60813665636d86169b6507d2f60fe004600c,windows10-64-shippable-qr,True,False,,,102210fe594ee9b33d82058545b1ed14f4c8206e,console.log-in-loop-content-process-array,damp,True,damp console.log-in-loop-content-process-array opt e10s fission stylo webrender-sw,4768818,77,ms,firefox,,1729682174,2023-07-21 13:55:08,122.51428224243682,9df47ce85e0472ca3ad7784cdf4c5640950ed7d9,1276152,,,,,,,,,,,,,,,,,,,,,,,,,,,,,,,,,,,,,,,,,,,,,,,,,,TN,,,,,,,,,,
autoland,4769055,12,f76b60813665636d86169b6507d2f60fe004600c,windows10-64-shippable-qr,True,False,,,102210fe594ee9b33d82058545b1ed14f4c8206e,console.log-in-loop-content-process-array,damp,True,damp console.log-in-loop-content-process-array opt e10s fission stylo webrender-sw,4768818,77,ms,firefox,,1729814435,2023-07-21 17:11:12,122.590399588762,e289c1fd943bfc8c2973687da74a008f86d9e60f,1276290,,,,,,,,,,,,,,,,,,,,,,,,,,,,,,,,,,,,,,,,,,,,,,,,,,TN,,,,,,,,,,
autoland,4769055,12,f76b60813665636d86169b6507d2f60fe004600c,windows10-64-shippable-qr,True,False,,,102210fe594ee9b33d82058545b1ed14f4c8206e,console.log-in-loop-content-process-array,damp,True,damp console.log-in-loop-content-process-array opt e10s fission stylo webrender-sw,4768818,77,ms,firefox,,1729875521,2023-07-21 21:17:12,122.59253127895865,f13e959d38c7e8d9590bbc8d44f95149bbe180d1,1276495,,,,,,,,,,,,,,,,,,,,,,,,,,,,,,,,,,,,,,,,,,,,,,,,,,TN,,,,,,,,,,
autoland,4769055,12,f76b60813665636d86169b6507d2f60fe004600c,windows10-64-shippable-qr,True,False,,,102210fe594ee9b33d82058545b1ed14f4c8206e,console.log-in-loop-content-process-array,damp,True,damp console.log-in-loop-content-process-array opt e10s fission stylo webrender-sw,4768818,77,ms,firefox,,1729901462,2023-07-21 22:20:56,122.4994760530626,50344759578b6b2e1851c6a6133121c4d89b4f0d,1276531,,,,,,,,,,,,,,,,,,,,,,,,,,,,,,,,,,,,,,,,,,,,,,,,,,TN,,,,,,,,,,
autoland,4769055,12,f76b60813665636d86169b6507d2f60fe004600c,windows10-64-shippable-qr,True,False,,,102210fe594ee9b33d82058545b1ed14f4c8206e,console.log-in-loop-content-process-array,damp,True,damp console.log-in-loop-content-process-array opt e10s fission stylo webrender-sw,4768818,77,ms,firefox,,1729953136,2023-07-22 03:42:46,122.730217504537,e4939251f81ca8c6a2fb9db3bbd4416e04dff97d,1276588,,,,,,,,,,,,,,,,,,,,,,,,,,,,,,,,,,,,,,,,,,,,,,,,,,TN,,,,,,,,,,
autoland,4769055,12,f76b60813665636d86169b6507d2f60fe004600c,windows10-64-shippable-qr,True,False,,,102210fe594ee9b33d82058545b1ed14f4c8206e,console.log-in-loop-content-process-array,damp,True,damp console.log-in-loop-content-process-array opt e10s fission stylo webrender-sw,4768818,77,ms,firefox,,1730051830,2023-07-22 08:58:42,122.85326530319526,c95ec2e13d66e06547002bd008e87bea4f94c022,1276620,,,,,,,,,,,,,,,,,,,,,,,,,,,,,,,,,,,,,,,,,,,,,,,,,,TN,,,,,,,,,,
autoland,4769055,12,f76b60813665636d86169b6507d2f60fe004600c,windows10-64-shippable-qr,True,False,,,102210fe594ee9b33d82058545b1ed14f4c8206e,console.log-in-loop-content-process-array,damp,True,damp console.log-in-loop-content-process-array opt e10s fission stylo webrender-sw,4768818,77,ms,firefox,,1730106139,2023-07-22 14:13:52,123.2748571945449,b16351df250c572a14efa126f7702fe104ac9fd7,1276645,,,,,,,,,,,,,,,,,,,,,,,,,,,,,,,,,,,,,,,,,,,,,,,,,,TN,,,,,,,,,,
autoland,4769055,12,f76b60813665636d86169b6507d2f60fe004600c,windows10-64-shippable-qr,True,False,,,102210fe594ee9b33d82058545b1ed14f4c8206e,console.log-in-loop-content-process-array,damp,True,damp console.log-in-loop-content-process-array opt e10s fission stylo webrender-sw,4768818,77,ms,firefox,,1730215993,2023-07-23 02:59:53,122.53514877000453,829bb0f62051beedfe5ba05f679d3b6c8e0d1a3b,1276677,,,,,,,,,,,,,,,,,,,,,,,,,,,,,,,,,,,,,,,,,,,,,,,,,,TN,,,,,,,,,,
autoland,4769055,12,f76b60813665636d86169b6507d2f60fe004600c,windows10-64-shippable-qr,True,False,,,102210fe594ee9b33d82058545b1ed14f4c8206e,console.log-in-loop-content-process-array,damp,True,damp console.log-in-loop-content-process-array opt e10s fission stylo webrender-sw,4768818,77,ms,firefox,,1730285796,2023-07-23 12:16:45,122.44115331012928,bd6c5007212e7ee9ecc312d4ef096252a9702033,1276689,,,,,,,,,,,,,,,,,,,,,,,,,,,,,,,,,,,,,,,,,,,,,,,,,,TN,,,,,,,,,,
autoland,4769055,12,f76b60813665636d86169b6507d2f60fe004600c,windows10-64-shippable-qr,True,False,,,102210fe594ee9b33d82058545b1ed14f4c8206e,console.log-in-loop-content-process-array,damp,True,damp console.log-in-loop-content-process-array opt e10s fission stylo webrender-sw,4768818,77,ms,firefox,,1730331258,2023-07-23 17:37:04,122.75714401279764,2fd3284df4616a8723f5b749c4652a682c7b5372,1276726,,,,,,,,,,,,,,,,,,,,,,,,,,,,,,,,,,,,,,,,,,,,,,,,,,TN,,,,,,,,,,
autoland,4769055,12,f76b60813665636d86169b6507d2f60fe004600c,windows10-64-shippable-qr,True,False,,,102210fe594ee9b33d82058545b1ed14f4c8206e,console.log-in-loop-content-process-array,damp,True,damp console.log-in-loop-content-process-array opt e10s fission stylo webrender-sw,4768818,77,ms,firefox,,1730413785,2023-07-24 00:19:00,122.46832764216197,7e5acc812edd3bcb93cfaf76eaab2c3fd6c4d274,1276767,,,,,,,,,,,,,,,,,,,,,,,,,,,,,,,,,,,,,,,,,,,,,,,,,,TN,,,,,,,,,,
autoland,4769055,12,f76b60813665636d86169b6507d2f60fe004600c,windows10-64-shippable-qr,True,False,,,102210fe594ee9b33d82058545b1ed14f4c8206e,console.log-in-loop-content-process-array,damp,True,damp console.log-in-loop-content-process-array opt e10s fission stylo webrender-sw,4768818,77,ms,firefox,,1730438854,2023-07-24 03:08:06,123.4275618615784,7b6332c9bce4487c1db3384523b5991fef31e28c,1276802,,,,,,,,,,,,,,,,,,,,,,,,,,,,,,,,,,,,,,,,,,,,,,,,,,TN,,,,,,,,,,
autoland,4769055,12,f76b60813665636d86169b6507d2f60fe004600c,windows10-64-shippable-qr,True,False,,,102210fe594ee9b33d82058545b1ed14f4c8206e,console.log-in-loop-content-process-array,damp,True,damp console.log-in-loop-content-process-array opt e10s fission stylo webrender-sw,4768818,77,ms,firefox,,1730496194,2023-07-24 07:35:58,122.91215111496513,91b590f6e608c6c3787304fa0010ce58519bde50,1276834,,,,,,,,,,,,,,,,,,,,,,,,,,,,,,,,,,,,,,,,,,,,,,,,,,TN,,,,,,,,,,
autoland,4769055,12,f76b60813665636d86169b6507d2f60fe004600c,windows10-64-shippable-qr,True,False,,,102210fe594ee9b33d82058545b1ed14f4c8206e,console.log-in-loop-content-process-array,damp,True,damp console.log-in-loop-content-process-array opt e10s fission stylo webrender-sw,4768818,77,ms,firefox,,1730657082,2023-07-24 11:14:54,122.06380950333003,b1a1263e67ce531d13e0a5e2e77c737b114e38b0,1276910,,,,,,,,,,,,,,,,,,,,,,,,,,,,,,,,,,,,,,,,,,,,,,,,,,TN,,,,,,,,,,
autoland,4769055,12,f76b60813665636d86169b6507d2f60fe004600c,windows10-64-shippable-qr,True,False,,,102210fe594ee9b33d82058545b1ed14f4c8206e,console.log-in-loop-content-process-array,damp,True,damp console.log-in-loop-content-process-array opt e10s fission stylo webrender-sw,4768818,77,ms,firefox,,1730792876,2023-07-24 16:02:50,122.63021002222013,2483fdffbe5e3c051a32bcf141fb33e9803c0afc,1277068,,,,,,,,,,,,,,,,,,,,,,,,,,,,,,,,,,,,,,,,,,,,,,,,,,TN,,,,,,,,,,
autoland,4769055,12,f76b60813665636d86169b6507d2f60fe004600c,windows10-64-shippable-qr,True,False,,,102210fe594ee9b33d82058545b1ed14f4c8206e,console.log-in-loop-content-process-array,damp,True,damp console.log-in-loop-content-process-array opt e10s fission stylo webrender-sw,4768818,77,ms,firefox,,1730874723,2023-07-24 19:16:11,122.80927813058406,f9c12557d7a4e074be3fc45027ae8ffbb8f27aaf,1277230,,,,,,,,,,,,,,,,,,,,,,,,,,,,,,,,,,,,,,,,,,,,,,,,,,TN,,,,,,,,,,
autoland,4769055,12,f76b60813665636d86169b6507d2f60fe004600c,windows10-64-shippable-qr,True,False,,,102210fe594ee9b33d82058545b1ed14f4c8206e,console.log-in-loop-content-process-array,damp,True,damp console.log-in-loop-content-process-array opt e10s fission stylo webrender-sw,4768818,77,ms,firefox,,1730983066,2023-07-24 23:43:54,121.64861923863464,bd745245ac70d82630be9e971b5a9077b5f514e8,1277393,,,,,,,,,,,,,,,,,,,,,,,,,,,,,,,,,,,,,,,,,,,,,,,,,,TN,,,,,,,,,,
autoland,4769055,12,f76b60813665636d86169b6507d2f60fe004600c,windows10-64-shippable-qr,True,False,,,102210fe594ee9b33d82058545b1ed14f4c8206e,console.log-in-loop-content-process-array,damp,True,damp console.log-in-loop-content-process-array opt e10s fission stylo webrender-sw,4768818,77,ms,firefox,,1730987989,2023-07-25 00:28:34,122.12656919547044,1084bcb2a2550fee8fad1f0be69e603b6c8d67bd,1277414,,,,,,,,,,,,,,,,,,,,,,,,,,,,,,,,,,,,,,,,,,,,,,,,,,TN,,,,,,,,,,
autoland,4769055,12,f76b60813665636d86169b6507d2f60fe004600c,windows10-64-shippable-qr,True,False,,,102210fe594ee9b33d82058545b1ed14f4c8206e,console.log-in-loop-content-process-array,damp,True,damp console.log-in-loop-content-process-array opt e10s fission stylo webrender-sw,4768818,77,ms,firefox,,1731060260,2023-07-25 04:47:38,123.4429682564014,862d1cf3d7a17e3dde9bda49c5561ec902bb8136,1277485,,,,,,,,,,,,,,,,,,,,,,,,,,,,,,,,,,,,,,,,,,,,,,,,,,TN,,,,,,,,,,
autoland,4769055,12,f76b60813665636d86169b6507d2f60fe004600c,windows10-64-shippable-qr,True,False,,,102210fe594ee9b33d82058545b1ed14f4c8206e,console.log-in-loop-content-process-array,damp,True,damp console.log-in-loop-content-process-array opt e10s fission stylo webrender-sw,4768818,77,ms,firefox,,1731144197,2023-07-25 10:06:07,122.14619976857466,8ea7aa580b526bc8c4a486b95f73da88462f716d,1277567,,,,,,,,,,,,,,,,,,,,,,,,,,,,,,,,,,,,,,,,,,,,,,,,,,TN,,,,,,,,,,
autoland,4769055,12,f76b60813665636d86169b6507d2f60fe004600c,windows10-64-shippable-qr,True,False,,,102210fe594ee9b33d82058545b1ed14f4c8206e,console.log-in-loop-content-process-array,damp,True,damp console.log-in-loop-content-process-array opt e10s fission stylo webrender-sw,4768818,77,ms,firefox,,1731182032,2023-07-25 10:29:47,122.98434305336012,45a52966f9649f4dc9b8bbb6a8e68cdcc63ee287,1277576,,,,,,,,,,,,,,,,,,,,,,,,,,,,,,,,,,,,,,,,,,,,,,,,,,TN,,,,,,,,,,
autoland,4769055,12,f76b60813665636d86169b6507d2f60fe004600c,windows10-64-shippable-qr,True,False,,,102210fe594ee9b33d82058545b1ed14f4c8206e,console.log-in-loop-content-process-array,damp,True,damp console.log-in-loop-content-process-array opt e10s fission stylo webrender-sw,4768818,77,ms,firefox,,1731317579,2023-07-25 14:49:04,122.69514391313167,1ae7562fa2353aa63871f769d4e0a1cdd9becf78,1277682,,,,,,,,,,,,,,,,,,,,,,,,,,,,,,,,,,,,,,,,,,,,,,,,,,TN,,,,,,,,,,
autoland,4769055,12,f76b60813665636d86169b6507d2f60fe004600c,windows10-64-shippable-qr,True,False,,,102210fe594ee9b33d82058545b1ed14f4c8206e,console.log-in-loop-content-process-array,damp,True,damp console.log-in-loop-content-process-array opt e10s fission stylo webrender-sw,4768818,77,ms,firefox,,1731313404,2023-07-25 15:17:56,122.7527036164629,c30662ce80ba57a0977cdeb03e776a28af4fa2fb,1277708,,,,,,,,,,,,,,,,,,,,,,,,,,,,,,,,,,,,,,,,,,,,,,,,,,TN,,,,,,,,,,
autoland,4769055,12,f76b60813665636d86169b6507d2f60fe004600c,windows10-64-shippable-qr,True,False,,,102210fe594ee9b33d82058545b1ed14f4c8206e,console.log-in-loop-content-process-array,damp,True,damp console.log-in-loop-content-process-array opt e10s fission stylo webrender-sw,4768818,77,ms,firefox,,1731452610,2023-07-25 23:05:26,122.82207814150752,9a2f59dbe5917068801919377341eb7c1ea2030d,1278011,,,,,,,,,,,,,,,,,,,,,,,,,,,,,,,,,,,,,,,,,,,,,,,,,,TN,,,,,,,,,,
autoland,4769055,12,f76b60813665636d86169b6507d2f60fe004600c,windows10-64-shippable-qr,True,False,,,102210fe594ee9b33d82058545b1ed14f4c8206e,console.log-in-loop-content-process-array,damp,True,damp console.log-in-loop-content-process-array opt e10s fission stylo webrender-sw,4768818,77,ms,firefox,,1731501287,2023-07-26 02:26:30,122.9860469688565,6a9aca2a1b89781175cdec2df700998fa9209282,1278087,,,,,,,,,,,,,,,,,,,,,,,,,,,,,,,,,,,,,,,,,,,,,,,,,,TN,,,,,,,,,,
autoland,4769055,12,f76b60813665636d86169b6507d2f60fe004600c,windows10-64-shippable-qr,True,False,,,102210fe594ee9b33d82058545b1ed14f4c8206e,console.log-in-loop-content-process-array,damp,True,damp console.log-in-loop-content-process-array opt e10s fission stylo webrender-sw,4768818,77,ms,firefox,,1731541103,2023-07-26 06:49:07,122.6811942709246,8470bc21f160f3c1fecb034308c203412e1fcb3c,1278154,,,,,,,,,,,,,,,,,,,,,,,,,,,,,,,,,,,,,,,,,,,,,,,,,,TN,,,,,,,,,,
autoland,4769055,12,f76b60813665636d86169b6507d2f60fe004600c,windows10-64-shippable-qr,True,False,,,102210fe594ee9b33d82058545b1ed14f4c8206e,console.log-in-loop-content-process-array,damp,True,damp console.log-in-loop-content-process-array opt e10s fission stylo webrender-sw,4768818,77,ms,firefox,,1731601776,2023-07-26 09:35:06,122.7920857101508,87846ae3f12d74bcc97619bea65453ce0aca0e54,1278218,,,,,,,,,,,,,,,,,,,,,,,,,,,,,,,,,,,,,,,,,,,,,,,,,,TN,,,,,,,,,,
autoland,4769055,12,f76b60813665636d86169b6507d2f60fe004600c,windows10-64-shippable-qr,True,False,,,102210fe594ee9b33d82058545b1ed14f4c8206e,console.log-in-loop-content-process-array,damp,True,damp console.log-in-loop-content-process-array opt e10s fission stylo webrender-sw,4768818,77,ms,firefox,,1731780686,2023-07-26 15:38:17,123.170881560849,b65b154c05c37b796b5c0ef7cc01fd37ecfdea1c,1278401,,,,,,,,,,,,,,,,,,,,,,,,,,,,,,,,,,,,,,,,,,,,,,,,,,TN,,,,,,,,,,
autoland,4769055,12,f76b60813665636d86169b6507d2f60fe004600c,windows10-64-shippable-qr,True,False,,,102210fe594ee9b33d82058545b1ed14f4c8206e,console.log-in-loop-content-process-array,damp,True,damp console.log-in-loop-content-process-array opt e10s fission stylo webrender-sw,4768818,77,ms,firefox,,1731883758,2023-07-26 23:24:58,122.48936147699352,84a5d1af6f7ff3689a022412a1fbc2c6632a5f96,1278695,,,,,,,,,,,,,,,,,,,,,,,,,,,,,,,,,,,,,,,,,,,,,,,,,,TN,,,,,,,,,,
autoland,4769055,12,f76b60813665636d86169b6507d2f60fe004600c,windows10-64-shippable-qr,True,False,,,102210fe594ee9b33d82058545b1ed14f4c8206e,console.log-in-loop-content-process-array,damp,True,damp console.log-in-loop-content-process-array opt e10s fission stylo webrender-sw,4768818,77,ms,firefox,,1731988551,2023-07-27 01:40:00,122.97546563010565,3e5ffa17cbfe0cff1585c411714ca008dc6ae15e,1278764,,,,,,,,,,,,,,,,,,,,,,,,,,,,,,,,,,,,,,,,,,,,,,,,,,TN,,,,,,,,,,
autoland,4769055,12,f76b60813665636d86169b6507d2f60fe004600c,windows10-64-shippable-qr,True,False,,,102210fe594ee9b33d82058545b1ed14f4c8206e,console.log-in-loop-content-process-array,damp,True,damp console.log-in-loop-content-process-array opt e10s fission stylo webrender-sw,4768818,77,ms,firefox,,1732140299,2023-07-27 11:30:20,122.90161174104468,84800a0d7e6ed9c82449cedd7ba57c2061572292,1278928,,,,,,,,,,,,,,,,,,,,,,,,,,,,,,,,,,,,,,,,,,,,,,,,,,TN,,,,,,,,,,
autoland,4769055,12,f76b60813665636d86169b6507d2f60fe004600c,windows10-64-shippable-qr,True,False,,,102210fe594ee9b33d82058545b1ed14f4c8206e,console.log-in-loop-content-process-array,damp,True,damp console.log-in-loop-content-process-array opt e10s fission stylo webrender-sw,4768818,77,ms,firefox,,1732430928,2023-07-27 19:34:25,123.64017043458988,f50f1984cd54c49748c94ebf3f3709aa4c582ead,1279276,,,,,,,,,,,,,,,,,,,,,,,,,,,,,,,,,,,,,,,,,,,,,,,,,,TN,,,,,,,,,,
autoland,4769055,12,f76b60813665636d86169b6507d2f60fe004600c,windows10-64-shippable-qr,True,False,,,102210fe594ee9b33d82058545b1ed14f4c8206e,console.log-in-loop-content-process-array,damp,True,damp console.log-in-loop-content-process-array opt e10s fission stylo webrender-sw,4768818,77,ms,firefox,,1732534614,2023-07-27 23:35:22,122.51479763565658,0b367e70ac913aeec6308d2b941cff4dc929cd22,1279407,,,,,,,,,,,,,,,,,,,,,,,,,,,,,,,,,,,,,,,,,,,,,,,,,,TN,,,,,,,,,,
autoland,4769055,12,f76b60813665636d86169b6507d2f60fe004600c,windows10-64-shippable-qr,True,False,,,102210fe594ee9b33d82058545b1ed14f4c8206e,console.log-in-loop-content-process-array,damp,True,damp console.log-in-loop-content-process-array opt e10s fission stylo webrender-sw,4768818,77,ms,firefox,,1732539343,2023-07-28 01:05:08,122.53625642048064,36ce680ea81ccb2f123f0f6831596185e6ea4e83,1279448,,,,,,,,,,,,,,,,,,,,,,,,,,,,,,,,,,,,,,,,,,,,,,,,,,TN,,,,,,,,,,
autoland,4769055,12,f76b60813665636d86169b6507d2f60fe004600c,windows10-64-shippable-qr,True,False,,,102210fe594ee9b33d82058545b1ed14f4c8206e,console.log-in-loop-content-process-array,damp,True,damp console.log-in-loop-content-process-array opt e10s fission stylo webrender-sw,4768818,77,ms,firefox,,1732624203,2023-07-28 05:46:55,123.081706994054,10692fd51184d10f78fb0eb56090f3c55827b561,1279508,,,,,,,,,,,,,,,,,,,,,,,,,,,,,,,,,,,,,,,,,,,,,,,,,,TN,,,,,,,,,,
autoland,4769055,12,f76b60813665636d86169b6507d2f60fe004600c,windows10-64-shippable-qr,True,False,,,102210fe594ee9b33d82058545b1ed14f4c8206e,console.log-in-loop-content-process-array,damp,True,damp console.log-in-loop-content-process-array opt e10s fission stylo webrender-sw,4768818,77,ms,firefox,,1732747735,2023-07-28 11:09:37,123.25002875729842,af33198f4756b96446ab9cb00f77cc6e2b27f314,1279609,,,,,,,,,,,,,,,,,,,,,,,,,,,,,,,,,,,,,,,,,,,,,,,,,,TN,,,,,,,,,,
autoland,4769055,12,f76b60813665636d86169b6507d2f60fe004600c,windows10-64-shippable-qr,True,False,,,102210fe594ee9b33d82058545b1ed14f4c8206e,console.log-in-loop-content-process-array,damp,True,damp console.log-in-loop-content-process-array opt e10s fission stylo webrender-sw,4768818,77,ms,firefox,,1732857847,2023-07-28 14:46:21,122.18063270153743,08098e30932d89da82f6e452fff88fee938088d7,1279720,,,,,,,,,,,,,,,,,,,,,,,,,,,,,,,,,,,,,,,,,,,,,,,,,,TN,,,,,,,,,,
autoland,4769055,12,f76b60813665636d86169b6507d2f60fe004600c,windows10-64-shippable-qr,True,False,,,102210fe594ee9b33d82058545b1ed14f4c8206e,console.log-in-loop-content-process-array,damp,True,damp console.log-in-loop-content-process-array opt e10s fission stylo webrender-sw,4768818,77,ms,firefox,,1732954269,2023-07-28 18:48:27,123.04940899870236,2f51f44f5da6afbdb8a587b03f47fcdc7b672475,1279862,,,,,,,,,,,,,,,,,,,,,,,,,,,,,,,,,,,,,,,,,,,,,,,,,,TN,,,,,,,,,,
autoland,4769055,12,f76b60813665636d86169b6507d2f60fe004600c,windows10-64-shippable-qr,True,False,,,102210fe594ee9b33d82058545b1ed14f4c8206e,console.log-in-loop-content-process-array,damp,True,damp console.log-in-loop-content-process-array opt e10s fission stylo webrender-sw,4768818,77,ms,firefox,,1733005600,2023-07-28 22:56:39,122.74553869332884,95255b6bb2d51d6c10d6a3471da82aeaf7512c0f,1279985,,,,,,,,,,,,,,,,,,,,,,,,,,,,,,,,,,,,,,,,,,,,,,,,,,TN,,,,,,,,,,
autoland,4769055,12,f76b60813665636d86169b6507d2f60fe004600c,windows10-64-shippable-qr,True,False,,,102210fe594ee9b33d82058545b1ed14f4c8206e,console.log-in-loop-content-process-array,damp,True,damp console.log-in-loop-content-process-array opt e10s fission stylo webrender-sw,4768818,77,ms,firefox,,1733048679,2023-07-29 03:44:49,122.4290394932159,1c410aed156878dc739ffdb4343c315fb0bb0a00,1280031,,,,,,,,,,,,,,,,,,,,,,,,,,,,,,,,,,,,,,,,,,,,,,,,,,TN,,,,,,,,,,
autoland,4769055,12,f76b60813665636d86169b6507d2f60fe004600c,windows10-64-shippable-qr,True,False,,,102210fe594ee9b33d82058545b1ed14f4c8206e,console.log-in-loop-content-process-array,damp,True,damp console.log-in-loop-content-process-array opt e10s fission stylo webrender-sw,4768818,77,ms,firefox,,1733111617,2023-07-29 09:43:33,123.32960142540652,5f1e1cd609f68ff20fbea6b02e5a3444f7dd303d,1280059,,,,,,,,,,,,,,,,,,,,,,,,,,,,,,,,,,,,,,,,,,,,,,,,,,TN,,,,,,,,,,
autoland,4769055,12,f76b60813665636d86169b6507d2f60fe004600c,windows10-64-shippable-qr,True,False,,,102210fe594ee9b33d82058545b1ed14f4c8206e,console.log-in-loop-content-process-array,damp,True,damp console.log-in-loop-content-process-array opt e10s fission stylo webrender-sw,4768818,77,ms,firefox,,1733212059,2023-07-30 01:23:54,122.31012679831292,9a9597eb50561ea739c8a26da45dcbad6557a326,1280105,,,,,,,,,,,,,,,,,,,,,,,,,,,,,,,,,,,,,,,,,,,,,,,,,,TN,,,,,,,,,,
autoland,4769055,12,f76b60813665636d86169b6507d2f60fe004600c,windows10-64-shippable-qr,True,False,,,102210fe594ee9b33d82058545b1ed14f4c8206e,console.log-in-loop-content-process-array,damp,True,damp console.log-in-loop-content-process-array opt e10s fission stylo webrender-sw,4768818,77,ms,firefox,,1733271349,2023-07-30 13:52:06,123.31214904527587,ce5b2b0d4bc01294b78eeb50a7738e0b5755b3a4,1280125,,,,,,,,,,,,,,,,,,,,,,,,,,,,,,,,,,,,,,,,,,,,,,,,,,TN,,,,,,,,,,
autoland,4769055,12,f76b60813665636d86169b6507d2f60fe004600c,windows10-64-shippable-qr,True,False,,,102210fe594ee9b33d82058545b1ed14f4c8206e,console.log-in-loop-content-process-array,damp,True,damp console.log-in-loop-content-process-array opt e10s fission stylo webrender-sw,4768818,77,ms,firefox,,1733341917,2023-07-31 04:52:45,122.25794460917588,91dd0dbb8e738b29e6f14bdbaaf28f2b1f531b2b,1280185,,,,,,,,,,,,,,,,,,,,,,,,,,,,,,,,,,,,,,,,,,,,,,,,,,TN,,,,,,,,,,
autoland,4769055,12,f76b60813665636d86169b6507d2f60fe004600c,windows10-64-shippable-qr,True,False,,,102210fe594ee9b33d82058545b1ed14f4c8206e,console.log-in-loop-content-process-array,damp,True,damp console.log-in-loop-content-process-array opt e10s fission stylo webrender-sw,4768818,77,ms,firefox,,1733457081,2023-07-31 09:26:34,123.2074883059222,2b4f8ad0cecd1e9ce287bf572fd28b8b94d91717,1280244,,,,,,,,,,,,,,,,,,,,,,,,,,,,,,,,,,,,,,,,,,,,,,,,,,TN,,,,,,,,,,
autoland,4769055,12,f76b60813665636d86169b6507d2f60fe004600c,windows10-64-shippable-qr,True,False,,,102210fe594ee9b33d82058545b1ed14f4c8206e,console.log-in-loop-content-process-array,damp,True,damp console.log-in-loop-content-process-array opt e10s fission stylo webrender-sw,4768818,77,ms,firefox,,1733468067,2023-07-31 10:39:42,122.42216401348014,805b1cd5321098059e548eed4aa9db6f43cd833e,1280276,,,,,,,,,,,,,,,,,,,,,,,,,,,,,,,,,,,,,,,,,,,,,,,,,,TN,,,,,,,,,,
autoland,4769055,12,f76b60813665636d86169b6507d2f60fe004600c,windows10-64-shippable-qr,True,False,,,102210fe594ee9b33d82058545b1ed14f4c8206e,console.log-in-loop-content-process-array,damp,True,damp console.log-in-loop-content-process-array opt e10s fission stylo webrender-sw,4768818,77,ms,firefox,,1733603384,2023-07-31 14:45:15,122.50536235307028,7cad7000bc1c51f14ca241ac2aa08ac299612b8c,1280380,,,,,,,,,,,,,,,,,,,,,,,,,,,,,,,,,,,,,,,,,,,,,,,,,,TN,,,,,,,,,,
autoland,4769055,12,f76b60813665636d86169b6507d2f60fe004600c,windows10-64-shippable-qr,True,False,,,102210fe594ee9b33d82058545b1ed14f4c8206e,console.log-in-loop-content-process-array,damp,True,damp console.log-in-loop-content-process-array opt e10s fission stylo webrender-sw,4768818,77,ms,firefox,,1733618412,2023-07-31 16:08:26,122.80223887474494,0a238650aa096b0da883226d02d11fc5178541f3,1280438,,,,,,,,,,,,,,,,,,,,,,,,,,,,,,,,,,,,,,,,,,,,,,,,,,TN,,,,,,,,,,
autoland,4769055,12,f76b60813665636d86169b6507d2f60fe004600c,windows10-64-shippable-qr,True,False,,,102210fe594ee9b33d82058545b1ed14f4c8206e,console.log-in-loop-content-process-array,damp,True,damp console.log-in-loop-content-process-array opt e10s fission stylo webrender-sw,4768818,77,ms,firefox,,1733736412,2023-07-31 21:31:29,122.53877123308575,2d698aca1dece26df297dd085dbde9216e3b2e66,1280612,,,,,,,,,,,,,,,,,,,,,,,,,,,,,,,,,,,,,,,,,,,,,,,,,,TN,,,,,,,,,,
autoland,4769055,12,f76b60813665636d86169b6507d2f60fe004600c,windows10-64-shippable-qr,True,False,,,102210fe594ee9b33d82058545b1ed14f4c8206e,console.log-in-loop-content-process-array,damp,True,damp console.log-in-loop-content-process-array opt e10s fission stylo webrender-sw,4768818,77,ms,firefox,,1733721647,2023-07-31 21:34:42,123.22480975776853,28250de453513da3369c412cbce0f35b97146bec,1280618,,,,,,,,,,,,,,,,,,,,,,,,,,,,,,,,,,,,,,,,,,,,,,,,,,TN,,,,,,,,,,
autoland,4769055,12,f76b60813665636d86169b6507d2f60fe004600c,windows10-64-shippable-qr,True,False,,,102210fe594ee9b33d82058545b1ed14f4c8206e,console.log-in-loop-content-process-array,damp,True,damp console.log-in-loop-content-process-array opt e10s fission stylo webrender-sw,4768818,77,ms,firefox,,1733818760,2023-07-31 23:41:21,123.44360453645912,195161a06a7a71dbce0ee5e8ddb8c84f3cb03df7,1280694,,,,,,,,,,,,,,,,,,,,,,,,,,,,,,,,,,,,,,,,,,,,,,,,,,TN,,,,,,,,,,
autoland,4769055,12,f76b60813665636d86169b6507d2f60fe004600c,windows10-64-shippable-qr,True,False,,,102210fe594ee9b33d82058545b1ed14f4c8206e,console.log-in-loop-content-process-array,damp,True,damp console.log-in-loop-content-process-array opt e10s fission stylo webrender-sw,4768818,77,ms,firefox,,1733867056,2023-08-01 03:53:20,122.4009142282912,ca66ac527c958bd3f26f8c86f291fa85de21ec56,1280753,,,,,,,,,,,,,,,,,,,,,,,,,,,,,,,,,,,,,,,,,,,,,,,,,,TN,,,,,,,,,,
autoland,4769055,12,f76b60813665636d86169b6507d2f60fe004600c,windows10-64-shippable-qr,True,False,,,102210fe594ee9b33d82058545b1ed14f4c8206e,console.log-in-loop-content-process-array,damp,True,damp console.log-in-loop-content-process-array opt e10s fission stylo webrender-sw,4768818,77,ms,firefox,,1733918390,2023-08-01 04:02:13,123.71129621993896,d5ecff066adaf3a4029a970db93a9f23f1ed2587,1280758,,,,,,,,,,,,,,,,,,,,,,,,,,,,,,,,,,,,,,,,,,,,,,,,,,TN,,,,,,,,,,
autoland,4769055,12,f76b60813665636d86169b6507d2f60fe004600c,windows10-64-shippable-qr,True,False,,,102210fe594ee9b33d82058545b1ed14f4c8206e,console.log-in-loop-content-process-array,damp,True,damp console.log-in-loop-content-process-array opt e10s fission stylo webrender-sw,4768818,77,ms,firefox,,1734013760,2023-08-01 08:15:56,122.8099218688658,5201d6f4a7e8740bd42f08295800c15e0e18cd7e,1280812,,,,,,,,,,,,,,,,,,,,,,,,,,,,,,,,,,,,,,,,,,,,,,,,,,TN,,,,,,,,,,
autoland,4769055,12,f76b60813665636d86169b6507d2f60fe004600c,windows10-64-shippable-qr,True,False,,,102210fe594ee9b33d82058545b1ed14f4c8206e,console.log-in-loop-content-process-array,damp,True,damp console.log-in-loop-content-process-array opt e10s fission stylo webrender-sw,4768818,77,ms,firefox,,1734018184,2023-08-01 08:24:47,122.5624520853089,b83cfea645752706c643567095d49b349cb9e610,1280822,,,,,,,,,,,,,,,,,,,,,,,,,,,,,,,,,,,,,,,,,,,,,,,,,,TN,,,,,,,,,,
autoland,4769055,12,f76b60813665636d86169b6507d2f60fe004600c,windows10-64-shippable-qr,True,False,,,102210fe594ee9b33d82058545b1ed14f4c8206e,console.log-in-loop-content-process-array,damp,True,damp console.log-in-loop-content-process-array opt e10s fission stylo webrender-sw,4768818,77,ms,firefox,,1734087179,2023-08-01 12:32:45,122.12110785934146,90b19e0d07e5d2cd137f135b860f0357df90e338,1280938,,,,,,,,,,,,,,,,,,,,,,,,,,,,,,,,,,,,,,,,,,,,,,,,,,TN,,,,,,,,,,
autoland,4769055,12,f76b60813665636d86169b6507d2f60fe004600c,windows10-64-shippable-qr,True,False,,,102210fe594ee9b33d82058545b1ed14f4c8206e,console.log-in-loop-content-process-array,damp,True,damp console.log-in-loop-content-process-array opt e10s fission stylo webrender-sw,4768818,77,ms,firefox,,1734097028,2023-08-01 12:49:44,123.73779178458337,61356e1447e3bb09709883f8b5806a201d39c5a4,1280953,,,,,,,,,,,,,,,,,,,,,,,,,,,,,,,,,,,,,,,,,,,,,,,,,,TN,,,,,,,,,,
autoland,4769055,12,f76b60813665636d86169b6507d2f60fe004600c,windows10-64-shippable-qr,True,False,,,102210fe594ee9b33d82058545b1ed14f4c8206e,console.log-in-loop-content-process-array,damp,True,damp console.log-in-loop-content-process-array opt e10s fission stylo webrender-sw,4768818,77,ms,firefox,,1734152622,2023-08-01 15:48:38,122.89981544078272,ea7df1f8976b5cdf0d7ddbc918c38d7fffcee983,1281058,,,,,,,,,,,,,,,,,,,,,,,,,,,,,,,,,,,,,,,,,,,,,,,,,,TN,,,,,,,,,,
autoland,4769055,12,f76b60813665636d86169b6507d2f60fe004600c,windows10-64-shippable-qr,True,False,,,102210fe594ee9b33d82058545b1ed14f4c8206e,console.log-in-loop-content-process-array,damp,True,damp console.log-in-loop-content-process-array opt e10s fission stylo webrender-sw,4768818,77,ms,firefox,,1734350516,2023-08-01 20:02:17,122.48586795390202,fd6f3d21ce3f450906d293c067fdadc62ea991a6,1281212,,,,,,,,,,,,,,,,,,,,,,,,,,,,,,,,,,,,,,,,,,,,,,,,,,TN,,,,,,,,,,
autoland,4769055,12,f76b60813665636d86169b6507d2f60fe004600c,windows10-64-shippable-qr,True,False,,,102210fe594ee9b33d82058545b1ed14f4c8206e,console.log-in-loop-content-process-array,damp,True,damp console.log-in-loop-content-process-array opt e10s fission stylo webrender-sw,4768818,77,ms,firefox,,1734393512,2023-08-02 00:13:38,122.55686191518907,323a980eddb18489b9d7de1ffeff427026574b4c,1281337,,,,,,,,,,,,,,,,,,,,,,,,,,,,,,,,,,,,,,,,,,,,,,,,,,TN,,,,,,,,,,
autoland,4769055,12,f76b60813665636d86169b6507d2f60fe004600c,windows10-64-shippable-qr,True,False,,,102210fe594ee9b33d82058545b1ed14f4c8206e,console.log-in-loop-content-process-array,damp,True,damp console.log-in-loop-content-process-array opt e10s fission stylo webrender-sw,4768818,77,ms,firefox,,1734595811,2023-08-02 06:07:22,122.7268522674567,7ee1dad073d03db2f730fd5c2baf77f37e458feb,1281414,,,,,,,,,,,,,,,,,,,,,,,,,,,,,,,,,,,,,,,,,,,,,,,,,,TN,,,,,,,,,,
autoland,4769055,12,f76b60813665636d86169b6507d2f60fe004600c,windows10-64-shippable-qr,True,False,,,102210fe594ee9b33d82058545b1ed14f4c8206e,console.log-in-loop-content-process-array,damp,True,damp console.log-in-loop-content-process-array opt e10s fission stylo webrender-sw,4768818,77,ms,firefox,,1734540818,2023-08-02 06:35:09,123.05994832217677,a8968f9e8cf0bba14f132004f11b34a8abb93165,1281421,,,,,,,,,,,,,,,,,,,,,,,,,,,,,,,,,,,,,,,,,,,,,,,,,,TN,,,,,,,,,,
autoland,4769055,12,f76b60813665636d86169b6507d2f60fe004600c,windows10-64-shippable-qr,True,False,,,102210fe594ee9b33d82058545b1ed14f4c8206e,console.log-in-loop-content-process-array,damp,True,damp console.log-in-loop-content-process-array opt e10s fission stylo webrender-sw,4768818,77,ms,firefox,,1734607081,2023-08-02 10:39:12,122.73841259655455,338c2c8d91af0f92fa1a7a3b5fb1830adb54b373,1281520,,,,,,,,,,,,,,,,,,,,,,,,,,,,,,,,,,,,,,,,,,,,,,,,,,TN,,,,,,,,,,
autoland,4769055,12,f76b60813665636d86169b6507d2f60fe004600c,windows10-64-shippable-qr,True,False,,,102210fe594ee9b33d82058545b1ed14f4c8206e,console.log-in-loop-content-process-array,damp,True,damp console.log-in-loop-content-process-array opt e10s fission stylo webrender-sw,4768818,77,ms,firefox,,1734640111,2023-08-02 12:59:29,123.25083763185556,b21c8906db6d0a7e0fbae7e609d90da9cf977fbb,1281568,,,,,,,,,,,,,,,,,,,,,,,,,,,,,,,,,,,,,,,,,,,,,,,,,,TN,,,,,,,,,,
autoland,4769055,12,f76b60813665636d86169b6507d2f60fe004600c,windows10-64-shippable-qr,True,False,,,102210fe594ee9b33d82058545b1ed14f4c8206e,console.log-in-loop-content-process-array,damp,True,damp console.log-in-loop-content-process-array opt e10s fission stylo webrender-sw,4768818,77,ms,firefox,,1734748992,2023-08-02 16:29:38,122.89773122908537,90ca26ab8ee142d08164d3ed9761aa023bc4e2aa,1281697,,,,,,,,,,,,,,,,,,,,,,,,,,,,,,,,,,,,,,,,,,,,,,,,,,TN,,,,,,,,,,
autoland,4769055,12,f76b60813665636d86169b6507d2f60fe004600c,windows10-64-shippable-qr,True,False,,,102210fe594ee9b33d82058545b1ed14f4c8206e,console.log-in-loop-content-process-array,damp,True,damp console.log-in-loop-content-process-array opt e10s fission stylo webrender-sw,4768818,77,ms,firefox,,1735050949,2023-08-03 00:54:50,123.3647587287387,9836af94c959ecca4666d7f0c19125b41969ff65,1282044,,,,,,,,,,,,,,,,,,,,,,,,,,,,,,,,,,,,,,,,,,,,,,,,,,TN,,,,,,,,,,
autoland,4769055,12,f76b60813665636d86169b6507d2f60fe004600c,windows10-64-shippable-qr,True,False,,,102210fe594ee9b33d82058545b1ed14f4c8206e,console.log-in-loop-content-process-array,damp,True,damp console.log-in-loop-content-process-array opt e10s fission stylo webrender-sw,4768818,77,ms,firefox,,1735034870,2023-08-03 00:55:51,122.7721146717522,c37e853eb755f0f4110f01509516da8c93baf284,1282045,,,,,,,,,,,,,,,,,,,,,,,,,,,,,,,,,,,,,,,,,,,,,,,,,,TN,,,,,,,,,,
autoland,4769055,12,f76b60813665636d86169b6507d2f60fe004600c,windows10-64-shippable-qr,True,False,,,102210fe594ee9b33d82058545b1ed14f4c8206e,console.log-in-loop-content-process-array,damp,True,damp console.log-in-loop-content-process-array opt e10s fission stylo webrender-sw,4768818,77,ms,firefox,,1735153056,2023-08-03 05:32:27,123.39914693987885,1eb2f6905e74aa982d6b71bec524ccfde726bb7b,1282117,,,,,,,,,,,,,,,,,,,,,,,,,,,,,,,,,,,,,,,,,,,,,,,,,,TN,,,,,,,,,,
autoland,4769055,12,f76b60813665636d86169b6507d2f60fe004600c,windows10-64-shippable-qr,True,False,,,102210fe594ee9b33d82058545b1ed14f4c8206e,console.log-in-loop-content-process-array,damp,True,damp console.log-in-loop-content-process-array opt e10s fission stylo webrender-sw,4768818,77,ms,firefox,,1735239003,2023-08-03 09:35:33,122.67608061589908,6f55c55c40c70eff3b82d3129f516257598ea115,1282197,,,,,,,,,,,,,,,,,,,,,,,,,,,,,,,,,,,,,,,,,,,,,,,,,,TN,,,,,,,,,,
autoland,4769055,12,f76b60813665636d86169b6507d2f60fe004600c,windows10-64-shippable-qr,True,False,,,102210fe594ee9b33d82058545b1ed14f4c8206e,console.log-in-loop-content-process-array,damp,True,damp console.log-in-loop-content-process-array opt e10s fission stylo webrender-sw,4768818,77,ms,firefox,,1735288098,2023-08-03 11:38:24,122.92938843358844,9a8ae552959ec73c3546151f30d131552d64bce0,1282235,,,,,,,,,,,,,,,,,,,,,,,,,,,,,,,,,,,,,,,,,,,,,,,,,,TN,,,,,,,,,,
autoland,4769055,12,f76b60813665636d86169b6507d2f60fe004600c,windows10-64-shippable-qr,True,False,,,102210fe594ee9b33d82058545b1ed14f4c8206e,console.log-in-loop-content-process-array,damp,True,damp console.log-in-loop-content-process-array opt e10s fission stylo webrender-sw,4768818,77,ms,firefox,,1735496970,2023-08-03 15:46:38,123.02248297086044,b801323d1ecc3535a192916c7cb0575710458777,1282361,,,,,,,,,,,,,,,,,,,,,,,,,,,,,,,,,,,,,,,,,,,,,,,,,,TN,,,,,,,,,,
autoland,4769055,12,f76b60813665636d86169b6507d2f60fe004600c,windows10-64-shippable-qr,True,False,,,102210fe594ee9b33d82058545b1ed14f4c8206e,console.log-in-loop-content-process-array,damp,True,damp console.log-in-loop-content-process-array opt e10s fission stylo webrender-sw,4768818,77,ms,firefox,,1735440373,2023-08-03 16:00:50,122.6410908181124,58d067f89f59472dc1a89d573ccebb4850863efa,1282374,,,,,,,,,,,,,,,,,,,,,,,,,,,,,,,,,,,,,,,,,,,,,,,,,,TN,,,,,,,,,,
autoland,4769055,12,f76b60813665636d86169b6507d2f60fe004600c,windows10-64-shippable-qr,True,False,,,102210fe594ee9b33d82058545b1ed14f4c8206e,console.log-in-loop-content-process-array,damp,True,damp console.log-in-loop-content-process-array opt e10s fission stylo webrender-sw,4768818,77,ms,firefox,,1735545259,2023-08-03 19:10:36,122.3207044572664,8527a2500a35867e4319772e3be1f2756dfcfced,1282500,,,,,,,,,,,,,,,,,,,,,,,,,,,,,,,,,,,,,,,,,,,,,,,,,,TN,,,,,,,,,,
autoland,4769055,12,f76b60813665636d86169b6507d2f60fe004600c,windows10-64-shippable-qr,True,False,,,102210fe594ee9b33d82058545b1ed14f4c8206e,console.log-in-loop-content-process-array,damp,True,damp console.log-in-loop-content-process-array opt e10s fission stylo webrender-sw,4768818,77,ms,firefox,,1735694328,2023-08-03 22:02:40,122.33226803254364,3922ccc760667154aea7a174114abfacb17fe35e,1282606,,,,,,,,,,,,,,,,,,,,,,,,,,,,,,,,,,,,,,,,,,,,,,,,,,TN,,,,,,,,,,
autoland,4769055,12,f76b60813665636d86169b6507d2f60fe004600c,windows10-64-shippable-qr,True,False,,,102210fe594ee9b33d82058545b1ed14f4c8206e,console.log-in-loop-content-process-array,damp,True,damp console.log-in-loop-content-process-array opt e10s fission stylo webrender-sw,4768818,77,ms,firefox,,1735721639,2023-08-04 02:28:33,122.9113816897925,2b60f9868271a131fa342332b78f3968159fa46e,1282715,,,,,,,,,,,,,,,,,,,,,,,,,,,,,,,,,,,,,,,,,,,,,,,,,,TN,,,,,,,,,,
autoland,4769055,12,f76b60813665636d86169b6507d2f60fe004600c,windows10-64-shippable-qr,True,False,,,102210fe594ee9b33d82058545b1ed14f4c8206e,console.log-in-loop-content-process-array,damp,True,damp console.log-in-loop-content-process-array opt e10s fission stylo webrender-sw,4768818,77,ms,firefox,,1735849210,2023-08-04 06:28:57,122.4238288936658,94da8bb07baea6212776a4b3ddcebff2c08eab98,1282781,,,,,,,,,,,,,,,,,,,,,,,,,,,,,,,,,,,,,,,,,,,,,,,,,,TN,,,,,,,,,,
autoland,4769055,12,f76b60813665636d86169b6507d2f60fe004600c,windows10-64-shippable-qr,True,False,,,102210fe594ee9b33d82058545b1ed14f4c8206e,console.log-in-loop-content-process-array,damp,True,damp console.log-in-loop-content-process-array opt e10s fission stylo webrender-sw,4768818,77,ms,firefox,,1735868559,2023-08-04 09:04:37,122.62461988286032,386212864d07a46141ce5bca1ef4988cefa4bad7,1282830,,,,,,,,,,,,,,,,,,,,,,,,,,,,,,,,,,,,,,,,,,,,,,,,,,TN,,,,,,,,,,
autoland,4769055,12,f76b60813665636d86169b6507d2f60fe004600c,windows10-64-shippable-qr,True,False,,,102210fe594ee9b33d82058545b1ed14f4c8206e,console.log-in-loop-content-process-array,damp,True,damp console.log-in-loop-content-process-array opt e10s fission stylo webrender-sw,4768818,77,ms,firefox,,1736003045,2023-08-04 13:05:51,122.74191280175546,3a8e173a97d02ae7b0aa11e9ca6f35b1fe8fa926,1282936,,,,,,,,,,,,,,,,,,,,,,,,,,,,,,,,,,,,,,,,,,,,,,,,,,TN,,,,,,,,,,
autoland,4769055,12,f76b60813665636d86169b6507d2f60fe004600c,windows10-64-shippable-qr,True,False,,,102210fe594ee9b33d82058545b1ed14f4c8206e,console.log-in-loop-content-process-array,damp,True,damp console.log-in-loop-content-process-array opt e10s fission stylo webrender-sw,4768818,77,ms,firefox,,1736054388,2023-08-04 14:26:38,122.99074441954964,8b506ab414513f3320eb7747254e94b37808bb75,1282995,,,,,,,,,,,,,,,,,,,,,,,,,,,,,,,,,,,,,,,,,,,,,,,,,,TN,,,,,,,,,,
autoland,4769055,12,f76b60813665636d86169b6507d2f60fe004600c,windows10-64-shippable-qr,True,False,,,102210fe594ee9b33d82058545b1ed14f4c8206e,console.log-in-loop-content-process-array,damp,True,damp console.log-in-loop-content-process-array opt e10s fission stylo webrender-sw,4768818,77,ms,firefox,,1736110627,2023-08-04 17:20:09,122.6968149905124,e8c6dc4a318cb8af6210801b4271ea32ee9f324a,1283108,,,,,,,,,,,,,,,,,,,,,,,,,,,,,,,,,,,,,,,,,,,,,,,,,,TN,,,,,,,,,,
autoland,4769055,12,f76b60813665636d86169b6507d2f60fe004600c,windows10-64-shippable-qr,True,False,,,102210fe594ee9b33d82058545b1ed14f4c8206e,console.log-in-loop-content-process-array,damp,True,damp console.log-in-loop-content-process-array opt e10s fission stylo webrender-sw,4768818,77,ms,firefox,,1736279637,2023-08-04 21:22:40,123.16093584186274,de6dcf5a4c0eec5ef6847cde00ec5da4fcee2e8c,1283226,,,,,,,,,,,,,,,,,,,,,,,,,,,,,,,,,,,,,,,,,,,,,,,,,,TN,,,,,,,,,,
autoland,4769055,12,f76b60813665636d86169b6507d2f60fe004600c,windows10-64-shippable-qr,True,False,,,102210fe594ee9b33d82058545b1ed14f4c8206e,console.log-in-loop-content-process-array,damp,True,damp console.log-in-loop-content-process-array opt e10s fission stylo webrender-sw,4768818,77,ms,firefox,,1736332036,2023-08-04 23:16:08,122.536468912891,421628bd5a5c1cf8c64cb86994b1e6dc738abb49,1283269,,,,,,,,,,,,,,,,,,,,,,,,,,,,,,,,,,,,,,,,,,,,,,,,,,TN,,,,,,,,,,
autoland,4769055,12,f76b60813665636d86169b6507d2f60fe004600c,windows10-64-shippable-qr,True,False,,,102210fe594ee9b33d82058545b1ed14f4c8206e,console.log-in-loop-content-process-array,damp,True,damp console.log-in-loop-content-process-array opt e10s fission stylo webrender-sw,4768818,77,ms,firefox,,1736441863,2023-08-05 11:44:34,122.29139523587946,9e73058ab4aadee7e12b26a9be296b2bbc04cf74,1283328,,,,,,,,,,,,,,,,,,,,,,,,,,,,,,,,,,,,,,,,,,,,,,,,,,TN,,,,,,,,,,
autoland,4769055,12,f76b60813665636d86169b6507d2f60fe004600c,windows10-64-shippable-qr,True,False,,,102210fe594ee9b33d82058545b1ed14f4c8206e,console.log-in-loop-content-process-array,damp,True,damp console.log-in-loop-content-process-array opt e10s fission stylo webrender-sw,4768818,77,ms,firefox,,1736464100,2023-08-05 16:15:02,122.67074173086075,b0538d39e8c853c9e07b359df9c740d5175e7077,1283346,,,,,,,,,,,,,,,,,,,,,,,,,,,,,,,,,,,,,,,,,,,,,,,,,,TN,,,,,,,,,,
autoland,4769055,12,f76b60813665636d86169b6507d2f60fe004600c,windows10-64-shippable-qr,True,False,,,102210fe594ee9b33d82058545b1ed14f4c8206e,console.log-in-loop-content-process-array,damp,True,damp console.log-in-loop-content-process-array opt e10s fission stylo webrender-sw,4768818,77,ms,firefox,,1736615578,2023-08-06 23:55:51,122.26557913334182,a777f43c4d9cabe80f2fc3aea6bf95c7e3e9c4c1,1283445,,,,,,,,,,,,,,,,,,,,,,,,,,,,,,,,,,,,,,,,,,,,,,,,,,TN,,,,,,,,,,
autoland,4769055,12,f76b60813665636d86169b6507d2f60fe004600c,windows10-64-shippable-qr,True,False,,,102210fe594ee9b33d82058545b1ed14f4c8206e,console.log-in-loop-content-process-array,damp,True,damp console.log-in-loop-content-process-array opt e10s fission stylo webrender-sw,4768818,77,ms,firefox,,1736664295,2023-08-07 02:09:17,123.7006304421284,a86a27857ef685b0547d023a29fb8c8bb3f8fc1d,1283462,,,,,,,,,,,,,,,,,,,,,,,,,,,,,,,,,,,,,,,,,,,,,,,,,,TN,,,,,,,,,,
autoland,4769055,12,f76b60813665636d86169b6507d2f60fe004600c,windows10-64-shippable-qr,True,False,,,102210fe594ee9b33d82058545b1ed14f4c8206e,console.log-in-loop-content-process-array,damp,True,damp console.log-in-loop-content-process-array opt e10s fission stylo webrender-sw,4768818,77,ms,firefox,,1736719110,2023-08-07 06:19:47,122.05668316899391,6d877fdb9a1e892fe6528a26aab81b53cfae55c5,1283519,,,,,,,,,,,,,,,,,,,,,,,,,,,,,,,,,,,,,,,,,,,,,,,,,,TN,,,,,,,,,,
autoland,4769055,12,f76b60813665636d86169b6507d2f60fe004600c,windows10-64-shippable-qr,True,False,,,102210fe594ee9b33d82058545b1ed14f4c8206e,console.log-in-loop-content-process-array,damp,True,damp console.log-in-loop-content-process-array opt e10s fission stylo webrender-sw,4768818,77,ms,firefox,,1736828129,2023-08-07 09:17:55,122.46926803759924,2f07664dbc304adeae1029ead0f4ab014aaa02a8,1283581,,,,,,,,,,,,,,,,,,,,,,,,,,,,,,,,,,,,,,,,,,,,,,,,,,TN,,,,,,,,,,
autoland,4769055,12,f76b60813665636d86169b6507d2f60fe004600c,windows10-64-shippable-qr,True,False,,,102210fe594ee9b33d82058545b1ed14f4c8206e,console.log-in-loop-content-process-array,damp,True,damp console.log-in-loop-content-process-array opt e10s fission stylo webrender-sw,4768818,77,ms,firefox,,1736893277,2023-08-07 13:44:02,122.13681310991888,d59d0a5038b29cdbcbb2d4b003d642a2617e297f,1283713,,,,,,,,,,,,,,,,,,,,,,,,,,,,,,,,,,,,,,,,,,,,,,,,,,TN,,,,,,,,,,
autoland,4769055,12,f76b60813665636d86169b6507d2f60fe004600c,windows10-64-shippable-qr,True,False,,,102210fe594ee9b33d82058545b1ed14f4c8206e,console.log-in-loop-content-process-array,damp,True,damp console.log-in-loop-content-process-array opt e10s fission stylo webrender-sw,4768818,77,ms,firefox,,1736954676,2023-08-07 16:46:35,125.95620217709256,969534e114528550edbcaf30931bc5e255ac2475,1283815,,,,,,,,,,,,,,,,,,,,,,,,,,,,,,,,,,,,,,,,,,,,,,,,,,TN,,,,,,,,,,
autoland,4769055,12,f76b60813665636d86169b6507d2f60fe004600c,windows10-64-shippable-qr,True,False,,,102210fe594ee9b33d82058545b1ed14f4c8206e,console.log-in-loop-content-process-array,damp,True,damp console.log-in-loop-content-process-array opt e10s fission stylo webrender-sw,4768818,77,ms,firefox,,1737079786,2023-08-07 20:52:42,122.14858909987196,588b596bcb73c4c9cf235c8df1dc04fc9475c321,1283921,,,,,,,,,,,,,,,,,,,,,,,,,,,,,,,,,,,,,,,,,,,,,,,,,,TN,,,,,,,,,,
autoland,4769055,12,f76b60813665636d86169b6507d2f60fe004600c,windows10-64-shippable-qr,True,False,,,102210fe594ee9b33d82058545b1ed14f4c8206e,console.log-in-loop-content-process-array,damp,True,damp console.log-in-loop-content-process-array opt e10s fission stylo webrender-sw,4768818,77,ms,firefox,,1737088799,2023-08-07 21:31:10,123.73715307763086,0d1a783351f683e500d6e8f83d3dc430b2afdcbf,1283941,,,,,,,,,,,,,,,,,,,,,,,,,,,,,,,,,,,,,,,,,,,,,,,,,,TN,,,,,,,,,,
autoland,4769055,12,f76b60813665636d86169b6507d2f60fe004600c,windows10-64-shippable-qr,True,False,,,102210fe594ee9b33d82058545b1ed14f4c8206e,console.log-in-loop-content-process-array,damp,True,damp console.log-in-loop-content-process-array opt e10s fission stylo webrender-sw,4768818,77,ms,firefox,,1737221443,2023-08-08 01:47:48,122.48599681194992,7053ad5afbc40a1a98d9e4e447c98e2fd6d70f04,1284029,,,,,,,,,,,,,,,,,,,,,,,,,,,,,,,,,,,,,,,,,,,,,,,,,,TN,,,,,,,,,,
autoland,4769055,12,f76b60813665636d86169b6507d2f60fe004600c,windows10-64-shippable-qr,True,False,,,102210fe594ee9b33d82058545b1ed14f4c8206e,console.log-in-loop-content-process-array,damp,True,damp console.log-in-loop-content-process-array opt e10s fission stylo webrender-sw,4768818,77,ms,firefox,,1737310720,2023-08-08 08:03:57,122.55485908396986,201950bdeb03d34c7ad70702b52d28c3e0f6a448,1284128,,,,,,,,,,,,,,,,,,,,,,,,,,,,,,,,,,,,,,,,,,,,,,,,,,TN,,,,,,,,,,
autoland,4769055,12,f76b60813665636d86169b6507d2f60fe004600c,windows10-64-shippable-qr,True,False,,,102210fe594ee9b33d82058545b1ed14f4c8206e,console.log-in-loop-content-process-array,damp,True,damp console.log-in-loop-content-process-array opt e10s fission stylo webrender-sw,4768818,77,ms,firefox,,1737310827,2023-08-08 08:03:57,123.20168564024424,201950bdeb03d34c7ad70702b52d28c3e0f6a448,1284128,,,,,,,,,,,,,,,,,,,,,,,,,,,,,,,,,,,,,,,,,,,,,,,,,,TN,,,,,,,,,,
autoland,4769055,12,f76b60813665636d86169b6507d2f60fe004600c,windows10-64-shippable-qr,True,False,,,102210fe594ee9b33d82058545b1ed14f4c8206e,console.log-in-loop-content-process-array,damp,True,damp console.log-in-loop-content-process-array opt e10s fission stylo webrender-sw,4768818,77,ms,firefox,,1737310645,2023-08-08 08:03:57,122.78952269255024,201950bdeb03d34c7ad70702b52d28c3e0f6a448,1284128,,,,,,,,,,,,,,,,,,,,,,,,,,,,,,,,,,,,,,,,,,,,,,,,,,TN,,,,,,,,,,
autoland,4769055,12,f76b60813665636d86169b6507d2f60fe004600c,windows10-64-shippable-qr,True,False,,,102210fe594ee9b33d82058545b1ed14f4c8206e,console.log-in-loop-content-process-array,damp,True,damp console.log-in-loop-content-process-array opt e10s fission stylo webrender-sw,4768818,77,ms,firefox,,1737314507,2023-08-08 08:03:57,122.66830734362156,201950bdeb03d34c7ad70702b52d28c3e0f6a448,1284128,,,,,,,,,,,,,,,,,,,,,,,,,,,,,,,,,,,,,,,,,,,,,,,,,,TN,,,,,,,,,,
autoland,4769055,12,f76b60813665636d86169b6507d2f60fe004600c,windows10-64-shippable-qr,True,False,,,102210fe594ee9b33d82058545b1ed14f4c8206e,console.log-in-loop-content-process-array,damp,True,damp console.log-in-loop-content-process-array opt e10s fission stylo webrender-sw,4768818,77,ms,firefox,,1737314641,2023-08-08 08:03:57,122.7995501222822,201950bdeb03d34c7ad70702b52d28c3e0f6a448,1284128,,,,,,,,,,,,,,,,,,,,,,,,,,,,,,,,,,,,,,,,,,,,,,,,,,TN,,,,,,,,,,
autoland,4769055,12,f76b60813665636d86169b6507d2f60fe004600c,windows10-64-shippable-qr,True,False,,,102210fe594ee9b33d82058545b1ed14f4c8206e,console.log-in-loop-content-process-array,damp,True,damp console.log-in-loop-content-process-array opt e10s fission stylo webrender-sw,4768818,77,ms,firefox,,1737314596,2023-08-08 08:03:57,122.62175715879312,201950bdeb03d34c7ad70702b52d28c3e0f6a448,1284128,,,,,,,,,,,,,,,,,,,,,,,,,,,,,,,,,,,,,,,,,,,,,,,,,,TN,,,,,,,,,,
autoland,4769055,12,f76b60813665636d86169b6507d2f60fe004600c,windows10-64-shippable-qr,True,False,,,102210fe594ee9b33d82058545b1ed14f4c8206e,console.log-in-loop-content-process-array,damp,True,damp console.log-in-loop-content-process-array opt e10s fission stylo webrender-sw,4768818,77,ms,firefox,,1737392480,2023-08-08 12:10:40,122.53813711475595,d1fbe6c1f87656fb4f55677904f55f6df433ea9a,1284255,,,,,,,,,,,,,,,,,,,,,,,,,,,,,,,,,,,,,,,,,,,,,,,,,,TN,,,,,,,,,,
autoland,4769055,12,f76b60813665636d86169b6507d2f60fe004600c,windows10-64-shippable-qr,True,False,,,102210fe594ee9b33d82058545b1ed14f4c8206e,console.log-in-loop-content-process-array,damp,True,damp console.log-in-loop-content-process-array opt e10s fission stylo webrender-sw,4768818,77,ms,firefox,,1737409004,2023-08-08 12:20:31,122.57025760124634,062a5e5729067f579bd6d1ab2f1a3021d7fd291a,1284261,,,,,,,,,,,,,,,,,,,,,,,,,,,,,,,,,,,,,,,,,,,,,,,,,,TN,,,,,,,,,,
autoland,4769055,12,f76b60813665636d86169b6507d2f60fe004600c,windows10-64-shippable-qr,True,False,,,102210fe594ee9b33d82058545b1ed14f4c8206e,console.log-in-loop-content-process-array,damp,True,damp console.log-in-loop-content-process-array opt e10s fission stylo webrender-sw,4768818,77,ms,firefox,,1737516025,2023-08-08 16:23:23,122.22700468719631,855c69dcdcc457c3e5a54150cdd89a71a2527e2b,1284396,,,,,,,,,,,,,,,,,,,,,,,,,,,,,,,,,,,,,,,,,,,,,,,,,,TN,,,,,,,,,,
autoland,4769055,12,f76b60813665636d86169b6507d2f60fe004600c,windows10-64-shippable-qr,True,False,,,102210fe594ee9b33d82058545b1ed14f4c8206e,console.log-in-loop-content-process-array,damp,True,damp console.log-in-loop-content-process-array opt e10s fission stylo webrender-sw,4768818,77,ms,firefox,,1737606763,2023-08-08 18:03:32,122.69322469821782,b19ed5a6579d312e71c03201698107835378c612,1284479,,,,,,,,,,,,,,,,,,,,,,,,,,,,,,,,,,,,,,,,,,,,,,,,,,TN,,,,,,,,,,
autoland,4769055,12,f76b60813665636d86169b6507d2f60fe004600c,windows10-64-shippable-qr,True,False,,,102210fe594ee9b33d82058545b1ed14f4c8206e,console.log-in-loop-content-process-array,damp,True,damp console.log-in-loop-content-process-array opt e10s fission stylo webrender-sw,4768818,77,ms,firefox,,1737707629,2023-08-08 21:27:09,122.3812075680362,4abb9ce2fb8e4174171b3478d6f28b78bf3f214a,1284603,,,,,,,,,,,,,,,,,,,,,,,,,,,,,,,,,,,,,,,,,,,,,,,,,,TN,,,,,,,,,,
autoland,4769055,12,f76b60813665636d86169b6507d2f60fe004600c,windows10-64-shippable-qr,True,False,,,102210fe594ee9b33d82058545b1ed14f4c8206e,console.log-in-loop-content-process-array,damp,True,damp console.log-in-loop-content-process-array opt e10s fission stylo webrender-sw,4768818,77,ms,firefox,,1737859360,2023-08-09 02:34:29,122.8069756257246,25a29224e55d9a839d6fddde206208a453535ec8,1284750,,,,,,,,,,,,,,,,,,,,,,,,,,,,,,,,,,,,,,,,,,,,,,,,,,TN,,,,,,,,,,
autoland,4769055,12,f76b60813665636d86169b6507d2f60fe004600c,windows10-64-shippable-qr,True,False,,,102210fe594ee9b33d82058545b1ed14f4c8206e,console.log-in-loop-content-process-array,damp,True,damp console.log-in-loop-content-process-array opt e10s fission stylo webrender-sw,4768818,77,ms,firefox,,1738027646,2023-08-09 13:49:06,123.02577032973112,46b5603cd2b8de629b659ec8d44fc7b086782c46,1285020,,,,,,,,,,,,,,,,,,,,,,,,,,,,,,,,,,,,,,,,,,,,,,,,,,TN,,,,,,,,,,
autoland,4769055,12,f76b60813665636d86169b6507d2f60fe004600c,windows10-64-shippable-qr,True,False,,,102210fe594ee9b33d82058545b1ed14f4c8206e,console.log-in-loop-content-process-array,damp,True,damp console.log-in-loop-content-process-array opt e10s fission stylo webrender-sw,4768818,77,ms,firefox,,1738238342,2023-08-09 17:29:37,123.60697290933696,299828b58af2fd55f393babed8ea8db6425040df,1285186,,,,,,,,,,,,,,,,,,,,,,,,,,,,,,,,,,,,,,,,,,,,,,,,,,TN,,,,,,,,,,
autoland,4769055,12,f76b60813665636d86169b6507d2f60fe004600c,windows10-64-shippable-qr,True,False,,,102210fe594ee9b33d82058545b1ed14f4c8206e,console.log-in-loop-content-process-array,damp,True,damp console.log-in-loop-content-process-array opt e10s fission stylo webrender-sw,4768818,77,ms,firefox,,1738332097,2023-08-09 20:56:32,122.7804354393038,9766f63db97d1b85b2f2f47d2b3cb3ee3782ae85,1285337,,,,,,,,,,,,,,,,,,,,,,,,,,,,,,,,,,,,,,,,,,,,,,,,,,TN,,,,,,,,,,
autoland,4769055,12,f76b60813665636d86169b6507d2f60fe004600c,windows10-64-shippable-qr,True,False,,,102210fe594ee9b33d82058545b1ed14f4c8206e,console.log-in-loop-content-process-array,damp,True,damp console.log-in-loop-content-process-array opt e10s fission stylo webrender-sw,4768818,77,ms,firefox,,1738396315,2023-08-10 01:02:34,122.60811034060951,b2b54f91567d2de224314e03fc81ba6e815e2fa7,1285442,,,,,,,,,,,,,,,,,,,,,,,,,,,,,,,,,,,,,,,,,,,,,,,,,,TN,,,,,,,,,,
autoland,4769055,12,f76b60813665636d86169b6507d2f60fe004600c,windows10-64-shippable-qr,True,False,,,102210fe594ee9b33d82058545b1ed14f4c8206e,console.log-in-loop-content-process-array,damp,True,damp console.log-in-loop-content-process-array opt e10s fission stylo webrender-sw,4768818,77,ms,firefox,,1738450006,2023-08-10 02:22:08,122.657816131461,7704c89f0e6bc2ca33282a228b42fb5cd7aa072c,1285454,,,,,,,,,,,,,,,,,,,,,,,,,,,,,,,,,,,,,,,,,,,,,,,,,,TN,,,,,,,,,,
autoland,4769055,12,f76b60813665636d86169b6507d2f60fe004600c,windows10-64-shippable-qr,True,False,,,102210fe594ee9b33d82058545b1ed14f4c8206e,console.log-in-loop-content-process-array,damp,True,damp console.log-in-loop-content-process-array opt e10s fission stylo webrender-sw,4768818,77,ms,firefox,,1738538040,2023-08-10 06:54:21,121.90474402537892,24eb42c9b3d9f910ba5afe124232608f70532552,1285524,,,,,,,,,,,,,,,,,,,,,,,,,,,,,,,,,,,,,,,,,,,,,,,,,,TN,,,,,,,,,,
autoland,4769055,12,f76b60813665636d86169b6507d2f60fe004600c,windows10-64-shippable-qr,True,False,,,102210fe594ee9b33d82058545b1ed14f4c8206e,console.log-in-loop-content-process-array,damp,True,damp console.log-in-loop-content-process-array opt e10s fission stylo webrender-sw,4768818,77,ms,firefox,,1738553111,2023-08-10 07:38:16,122.20281552261258,f688cd32ea991c3f0e62e19b43efc48cb4cc183a,1285542,,,,,,,,,,,,,,,,,,,,,,,,,,,,,,,,,,,,,,,,,,,,,,,,,,TN,,,,,,,,,,
autoland,4769055,12,f76b60813665636d86169b6507d2f60fe004600c,windows10-64-shippable-qr,True,False,,,102210fe594ee9b33d82058545b1ed14f4c8206e,console.log-in-loop-content-process-array,damp,True,damp console.log-in-loop-content-process-array opt e10s fission stylo webrender-sw,4768818,77,ms,firefox,,1738659319,2023-08-10 11:47:02,122.40620490127912,b544a2a999190b3345911b807fac8392e1360811,1285658,,,,,,,,,,,,,,,,,,,,,,,,,,,,,,,,,,,,,,,,,,,,,,,,,,TN,,,,,,,,,,
autoland,4769055,12,f76b60813665636d86169b6507d2f60fe004600c,windows10-64-shippable-qr,True,False,,,102210fe594ee9b33d82058545b1ed14f4c8206e,console.log-in-loop-content-process-array,damp,True,damp console.log-in-loop-content-process-array opt e10s fission stylo webrender-sw,4768818,77,ms,firefox,,1738697747,2023-08-10 13:06:38,122.07541483071964,11f47f2a1cf08c1e0b5bb6374f2a7dd1f49c8cac,1285701,,,,,,,,,,,,,,,,,,,,,,,,,,,,,,,,,,,,,,,,,,,,,,,,,,TN,,,,,,,,,,
autoland,4769055,12,f76b60813665636d86169b6507d2f60fe004600c,windows10-64-shippable-qr,True,False,,,102210fe594ee9b33d82058545b1ed14f4c8206e,console.log-in-loop-content-process-array,damp,True,damp console.log-in-loop-content-process-array opt e10s fission stylo webrender-sw,4768818,77,ms,firefox,,1738795864,2023-08-10 16:07:39,123.09054225135424,42a4b2af29229dbfd0675767afaf6965d292e4a7,1285800,,,,,,,,,,,,,,,,,,,,,,,,,,,,,,,,,,,,,,,,,,,,,,,,,,TN,,,,,,,,,,
autoland,4769055,12,f76b60813665636d86169b6507d2f60fe004600c,windows10-64-shippable-qr,True,False,,,102210fe594ee9b33d82058545b1ed14f4c8206e,console.log-in-loop-content-process-array,damp,True,damp console.log-in-loop-content-process-array opt e10s fission stylo webrender-sw,4768818,77,ms,firefox,,1738915285,2023-08-10 18:32:11,123.2388489017094,fae9c8496544fb4597f4094d95b81fdefec01628,1285918,,,,,,,,,,,,,,,,,,,,,,,,,,,,,,,,,,,,,,,,,,,,,,,,,,TN,,,,,,,,,,
autoland,4769055,12,f76b60813665636d86169b6507d2f60fe004600c,windows10-64-shippable-qr,True,False,,,102210fe594ee9b33d82058545b1ed14f4c8206e,console.log-in-loop-content-process-array,damp,True,damp console.log-in-loop-content-process-array opt e10s fission stylo webrender-sw,4768818,77,ms,firefox,,1738976542,2023-08-10 21:59:13,122.62666788181468,389f1009f2db207be63aacd4c9c54990f9d1104b,1286074,,,,,,,,,,,,,,,,,,,,,,,,,,,,,,,,,,,,,,,,,,,,,,,,,,TN,,,,,,,,,,
autoland,4769055,12,f76b60813665636d86169b6507d2f60fe004600c,windows10-64-shippable-qr,True,False,,,102210fe594ee9b33d82058545b1ed14f4c8206e,console.log-in-loop-content-process-array,damp,True,damp console.log-in-loop-content-process-array opt e10s fission stylo webrender-sw,4768818,77,ms,firefox,,1739009472,2023-08-11 03:08:44,122.68213452008148,05da0ca6db46baad5f6e45489d80d5097053bb42,1286160,,,,,,,,,,,,,,,,,,,,,,,,,,,,,,,,,,,,,,,,,,,,,,,,,,TN,,,,,,,,,,
autoland,4769055,12,f76b60813665636d86169b6507d2f60fe004600c,windows10-64-shippable-qr,True,False,,,102210fe594ee9b33d82058545b1ed14f4c8206e,console.log-in-loop-content-process-array,damp,True,damp console.log-in-loop-content-process-array opt e10s fission stylo webrender-sw,4768818,77,ms,firefox,,1739098736,2023-08-11 07:27:06,123.77896470816358,efb44db563b1abcb74959e12c6ce8e577cd213f2,1286189,,,,,,,,,,,,,,,,,,,,,,,,,,,,,,,,,,,,,,,,,,,,,,,,,,TN,,,,,,,,,,
autoland,4769055,12,f76b60813665636d86169b6507d2f60fe004600c,windows10-64-shippable-qr,True,False,,,102210fe594ee9b33d82058545b1ed14f4c8206e,console.log-in-loop-content-process-array,damp,True,damp console.log-in-loop-content-process-array opt e10s fission stylo webrender-sw,4768818,77,ms,firefox,,1739116744,2023-08-11 08:27:25,122.39601377756117,cda91469ef2a9b195d09f702816a5f7aec451d02,1286199,,,,,,,,,,,,,,,,,,,,,,,,,,,,,,,,,,,,,,,,,,,,,,,,,,TN,,,,,,,,,,
autoland,4769055,12,f76b60813665636d86169b6507d2f60fe004600c,windows10-64-shippable-qr,True,False,,,102210fe594ee9b33d82058545b1ed14f4c8206e,console.log-in-loop-content-process-array,damp,True,damp console.log-in-loop-content-process-array opt e10s fission stylo webrender-sw,4768818,77,ms,firefox,,1739304959,2023-08-11 14:16:15,123.41186052020748,21aaca8e9cca74e93bf7c9c3a6c05b78a0d46a06,1286315,,,,,,,,,,,,,,,,,,,,,,,,,,,,,,,,,,,,,,,,,,,,,,,,,,TN,,,,,,,,,,
autoland,4769055,12,f76b60813665636d86169b6507d2f60fe004600c,windows10-64-shippable-qr,True,False,,,102210fe594ee9b33d82058545b1ed14f4c8206e,console.log-in-loop-content-process-array,damp,True,damp console.log-in-loop-content-process-array opt e10s fission stylo webrender-sw,4768818,77,ms,firefox,,1739323797,2023-08-11 16:12:07,123.27323468102168,16838b515ded4549918a4ebf3e3fa8a0b427e1f4,1286403,,,,,,,,,,,,,,,,,,,,,,,,,,,,,,,,,,,,,,,,,,,,,,,,,,TN,,,,,,,,,,
autoland,4769055,12,f76b60813665636d86169b6507d2f60fe004600c,windows10-64-shippable-qr,True,False,,,102210fe594ee9b33d82058545b1ed14f4c8206e,console.log-in-loop-content-process-array,damp,True,damp console.log-in-loop-content-process-array opt e10s fission stylo webrender-sw,4768818,77,ms,firefox,,1739414560,2023-08-11 20:27:04,122.87055042361136,700d98d93bde10f22824d5d41b863f4a108f832b,1286565,,,,,,,,,,,,,,,,,,,,,,,,,,,,,,,,,,,,,,,,,,,,,,,,,,TN,,,,,,,,,,
autoland,4769055,12,f76b60813665636d86169b6507d2f60fe004600c,windows10-64-shippable-qr,True,False,,,102210fe594ee9b33d82058545b1ed14f4c8206e,console.log-in-loop-content-process-array,damp,True,damp console.log-in-loop-content-process-array opt e10s fission stylo webrender-sw,4768818,77,ms,firefox,,1739556848,2023-08-12 05:14:02,122.70154548985649,8dd752fc2bce87d04b7ae3bab02bb57d59c64e8a,1286635,,,,,,,,,,,,,,,,,,,,,,,,,,,,,,,,,,,,,,,,,,,,,,,,,,TN,,,,,,,,,,
autoland,4769055,12,f76b60813665636d86169b6507d2f60fe004600c,windows10-64-shippable-qr,True,False,,,102210fe594ee9b33d82058545b1ed14f4c8206e,console.log-in-loop-content-process-array,damp,True,damp console.log-in-loop-content-process-array opt e10s fission stylo webrender-sw,4768818,77,ms,firefox,,1739569469,2023-08-12 05:14:50,122.49572138447547,f20040ae7b2f3e1499ea3b90639fd96566103125,1286636,,,,,,,,,,,,,,,,,,,,,,,,,,,,,,,,,,,,,,,,,,,,,,,,,,TN,,,,,,,,,,
autoland,4769055,12,f76b60813665636d86169b6507d2f60fe004600c,windows10-64-shippable-qr,True,False,,,102210fe594ee9b33d82058545b1ed14f4c8206e,console.log-in-loop-content-process-array,damp,True,damp console.log-in-loop-content-process-array opt e10s fission stylo webrender-sw,4768818,77,ms,firefox,,1739635855,2023-08-12 12:22:39,122.54602289735703,6386291adbedd6140dfbf10b071e5cc82f5433a1,1286663,,,,,,,,,,,,,,,,,,,,,,,,,,,,,,,,,,,,,,,,,,,,,,,,,,TN,,,,,,,,,,
autoland,4769055,12,f76b60813665636d86169b6507d2f60fe004600c,windows10-64-shippable-qr,True,False,,,102210fe594ee9b33d82058545b1ed14f4c8206e,console.log-in-loop-content-process-array,damp,True,damp console.log-in-loop-content-process-array opt e10s fission stylo webrender-sw,4768818,77,ms,firefox,,1739685193,2023-08-12 17:53:09,121.55125156757369,9a15449ff274a89d15ae4d345601385b371c2dff,1286688,,,,,,,,,,,,,,,,,,,,,,,,,,,,,,,,,,,,,,,,,,,,,,,,,,TN,,,,,,,,,,
autoland,4769055,12,f76b60813665636d86169b6507d2f60fe004600c,windows10-64-shippable-qr,True,False,,,102210fe594ee9b33d82058545b1ed14f4c8206e,console.log-in-loop-content-process-array,damp,True,damp console.log-in-loop-content-process-array opt e10s fission stylo webrender-sw,4768818,77,ms,firefox,,1739758123,2023-08-13 04:26:09,122.33631863619394,dcf2ddfaffbf9900de8ba4a674708bf996d147b6,1286737,,,,,,,,,,,,,,,,,,,,,,,,,,,,,,,,,,,,,,,,,,,,,,,,,,TN,,,,,,,,,,
autoland,4769055,12,f76b60813665636d86169b6507d2f60fe004600c,windows10-64-shippable-qr,True,False,,,102210fe594ee9b33d82058545b1ed14f4c8206e,console.log-in-loop-content-process-array,damp,True,damp console.log-in-loop-content-process-array opt e10s fission stylo webrender-sw,4768818,77,ms,firefox,,1739833490,2023-08-13 16:54:11,122.13633888967432,cbfbab86b8f2ad4e39c90caa2d8e55102609b72d,1286762,,,,,,,,,,,,,,,,,,,,,,,,,,,,,,,,,,,,,,,,,,,,,,,,,,TN,,,,,,,,,,
autoland,4769055,12,f76b60813665636d86169b6507d2f60fe004600c,windows10-64-shippable-qr,True,False,,,102210fe594ee9b33d82058545b1ed14f4c8206e,console.log-in-loop-content-process-array,damp,True,damp console.log-in-loop-content-process-array opt e10s fission stylo webrender-sw,4768818,77,ms,firefox,,1739920429,2023-08-14 00:32:30,122.69143742463076,bdeed1276a3515d597485fc241f9757ff607a9d1,1286792,,,,,,,,,,,,,,,,,,,,,,,,,,,,,,,,,,,,,,,,,,,,,,,,,,TN,,,,,,,,,,
autoland,4769055,12,f76b60813665636d86169b6507d2f60fe004600c,windows10-64-shippable-qr,True,False,,,102210fe594ee9b33d82058545b1ed14f4c8206e,console.log-in-loop-content-process-array,damp,True,damp console.log-in-loop-content-process-array opt e10s fission stylo webrender-sw,4768818,77,ms,firefox,,1739956012,2023-08-14 06:39:21,122.40966709458462,a5bcd3edffd78b69932e1ea7c5dda0894107edaa,1286822,,,,,,,,,,,,,,,,,,,,,,,,,,,,,,,,,,,,,,,,,,,,,,,,,,TN,,,,,,,,,,
autoland,4769055,12,f76b60813665636d86169b6507d2f60fe004600c,windows10-64-shippable-qr,True,False,,,102210fe594ee9b33d82058545b1ed14f4c8206e,console.log-in-loop-content-process-array,damp,True,damp console.log-in-loop-content-process-array opt e10s fission stylo webrender-sw,4768818,77,ms,firefox,,1740034372,2023-08-14 10:48:55,123.06929033716006,64a1445ac4138d208b6412914b12fd0a2e9ff945,1286891,,,,,,,,,,,,,,,,,,,,,,,,,,,,,,,,,,,,,,,,,,,,,,,,,,TN,,,,,,,,,,
autoland,4769055,12,f76b60813665636d86169b6507d2f60fe004600c,windows10-64-shippable-qr,True,False,,,102210fe594ee9b33d82058545b1ed14f4c8206e,console.log-in-loop-content-process-array,damp,True,damp console.log-in-loop-content-process-array opt e10s fission stylo webrender-sw,4768818,77,ms,firefox,,1740172008,2023-08-14 16:54:04,123.1308564336632,5b1987d52ae19ebe1b311fec0f664563b5bf198d,1287092,,,,,,,,,,,,,,,,,,,,,,,,,,,,,,,,,,,,,,,,,,,,,,,,,,TN,,,,,,,,,,
autoland,4769055,12,f76b60813665636d86169b6507d2f60fe004600c,windows10-64-shippable-qr,True,False,,,102210fe594ee9b33d82058545b1ed14f4c8206e,console.log-in-loop-content-process-array,damp,True,damp console.log-in-loop-content-process-array opt e10s fission stylo webrender-sw,4768818,77,ms,firefox,,1740334576,2023-08-14 21:20:15,122.51103617695298,7081c01a8f314a82bc3c055c11f0880dc2b706fb,1287268,,,,,,,,,,,,,,,,,,,,,,,,,,,,,,,,,,,,,,,,,,,,,,,,,,TN,,,,,,,,,,
autoland,4769055,12,f76b60813665636d86169b6507d2f60fe004600c,windows10-64-shippable-qr,True,False,,,102210fe594ee9b33d82058545b1ed14f4c8206e,console.log-in-loop-content-process-array,damp,True,damp console.log-in-loop-content-process-array opt e10s fission stylo webrender-sw,4768818,77,ms,firefox,,1740371215,2023-08-14 23:25:21,122.85087889964962,88ec6682eab1c5c36cb839c8db0156446559a1cb,1287331,,,,,,,,,,,,,,,,,,,,,,,,,,,,,,,,,,,,,,,,,,,,,,,,,,TN,,,,,,,,,,
autoland,4769055,12,f76b60813665636d86169b6507d2f60fe004600c,windows10-64-shippable-qr,True,False,,,102210fe594ee9b33d82058545b1ed14f4c8206e,console.log-in-loop-content-process-array,damp,True,damp console.log-in-loop-content-process-array opt e10s fission stylo webrender-sw,4768818,77,ms,firefox,,1740507291,2023-08-15 03:40:03,123.21759726222808,ef2753ba331b17b408096bfd42e83a91039b995d,1287395,,,,,,,,,,,,,,,,,,,,,,,,,,,,,,,,,,,,,,,,,,,,,,,,,,TN,,,,,,,,,,
autoland,4769055,12,f76b60813665636d86169b6507d2f60fe004600c,windows10-64-shippable-qr,True,False,,,102210fe594ee9b33d82058545b1ed14f4c8206e,console.log-in-loop-content-process-array,damp,True,damp console.log-in-loop-content-process-array opt e10s fission stylo webrender-sw,4768818,77,ms,firefox,,1740631449,2023-08-15 12:15:00,124.14205764171128,0038346134ec0c0912660c19edced48ff4c9996b,1287534,,,,,,,,,,,,,,,,,,,,,,,,,,,,,,,,,,,,,,,,,,,,,,,,,,TN,,,,,,,,,,
autoland,4769055,12,f76b60813665636d86169b6507d2f60fe004600c,windows10-64-shippable-qr,True,False,,,102210fe594ee9b33d82058545b1ed14f4c8206e,console.log-in-loop-content-process-array,damp,True,damp console.log-in-loop-content-process-array opt e10s fission stylo webrender-sw,4768818,77,ms,firefox,,1740658023,2023-08-15 12:16:05,122.8679036361209,34ea39f6bd8afd706e571c5a5c5557f8f02274c7,1287535,,,,,,,,,,,,,,,,,,,,,,,,,,,,,,,,,,,,,,,,,,,,,,,,,,TN,,,,,,,,,,
autoland,4769055,12,f76b60813665636d86169b6507d2f60fe004600c,windows10-64-shippable-qr,True,False,,,102210fe594ee9b33d82058545b1ed14f4c8206e,console.log-in-loop-content-process-array,damp,True,damp console.log-in-loop-content-process-array opt e10s fission stylo webrender-sw,4768818,77,ms,firefox,,1740843611,2023-08-15 17:48:00,123.26991021914,c01a1256082294777509d59591b44cc1a9a54101,1287732,,,,,,,,,,,,,,,,,,,,,,,,,,,,,,,,,,,,,,,,,,,,,,,,,,TN,,,,,,,,,,
autoland,4769055,12,f76b60813665636d86169b6507d2f60fe004600c,windows10-64-shippable-qr,True,False,,,102210fe594ee9b33d82058545b1ed14f4c8206e,console.log-in-loop-content-process-array,damp,True,damp console.log-in-loop-content-process-array opt e10s fission stylo webrender-sw,4768818,77,ms,firefox,,1741001602,2023-08-15 20:18:28,123.59165890702296,b6d00af33f9f1879900a9ff148f77a03de4ca507,1287829,,,,,,,,,,,,,,,,,,,,,,,,,,,,,,,,,,,,,,,,,,,,,,,,,,TN,,,,,,,,,,
autoland,4769055,12,f76b60813665636d86169b6507d2f60fe004600c,windows10-64-shippable-qr,True,False,,,102210fe594ee9b33d82058545b1ed14f4c8206e,console.log-in-loop-content-process-array,damp,True,damp console.log-in-loop-content-process-array opt e10s fission stylo webrender-sw,4768818,77,ms,firefox,,1741056954,2023-08-16 01:44:13,122.17687803935678,af1979bb2dd22b96889d47af7852253d7f161693,1287987,,,,,,,,,,,,,,,,,,,,,,,,,,,,,,,,,,,,,,,,,,,,,,,,,,TN,,,,,,,,,,
autoland,4769055,12,f76b60813665636d86169b6507d2f60fe004600c,windows10-64-shippable-qr,True,False,,,102210fe594ee9b33d82058545b1ed14f4c8206e,console.log-in-loop-content-process-array,damp,True,damp console.log-in-loop-content-process-array opt e10s fission stylo webrender-sw,4768818,77,ms,firefox,,1741163825,2023-08-16 06:09:24,122.2495819525002,4d7123b9c5729f33db3288141ea7502fae3cbadc,1288100,,,,,,,,,,,,,,,,,,,,,,,,,,,,,,,,,,,,,,,,,,,,,,,,,,TN,,,,,,,,,,
autoland,4769055,12,f76b60813665636d86169b6507d2f60fe004600c,windows10-64-shippable-qr,True,False,,,102210fe594ee9b33d82058545b1ed14f4c8206e,console.log-in-loop-content-process-array,damp,True,damp console.log-in-loop-content-process-array opt e10s fission stylo webrender-sw,4768818,77,ms,firefox,,1741218803,2023-08-16 07:28:11,122.48351355779504,3ba3d3cb9bb7860efcbb623d34fc5d721fc7cfcb,1288129,,,,,,,,,,,,,,,,,,,,,,,,,,,,,,,,,,,,,,,,,,,,,,,,,,TN,,,,,,,,,,
autoland,4769055,12,f76b60813665636d86169b6507d2f60fe004600c,windows10-64-shippable-qr,True,False,,,102210fe594ee9b33d82058545b1ed14f4c8206e,console.log-in-loop-content-process-array,damp,True,damp console.log-in-loop-content-process-array opt e10s fission stylo webrender-sw,4768818,77,ms,firefox,,1741319527,2023-08-16 10:40:28,122.41952044040228,3cbe8cb45dab35d18ef4ffb5481be55dfabf47c7,1288233,,,,,,,,,,,,,,,,,,,,,,,,,,,,,,,,,,,,,,,,,,,,,,,,,,TN,,,,,,,,,,
autoland,4769055,12,f76b60813665636d86169b6507d2f60fe004600c,windows10-64-shippable-qr,True,False,,,102210fe594ee9b33d82058545b1ed14f4c8206e,console.log-in-loop-content-process-array,damp,True,damp console.log-in-loop-content-process-array opt e10s fission stylo webrender-sw,4768818,77,ms,firefox,,1741479451,2023-08-16 14:37:22,122.9954783596504,1cafd355bbcf32aae501b9419edec5e7c8a59968,1288343,,,,,,,,,,,,,,,,,,,,,,,,,,,,,,,,,,,,,,,,,,,,,,,,,,TN,,,,,,,,,,
autoland,4769055,12,f76b60813665636d86169b6507d2f60fe004600c,windows10-64-shippable-qr,True,False,,,102210fe594ee9b33d82058545b1ed14f4c8206e,console.log-in-loop-content-process-array,damp,True,damp console.log-in-loop-content-process-array opt e10s fission stylo webrender-sw,4768818,77,ms,firefox,,1741603667,2023-08-16 18:57:22,122.10071120298107,1c8dec8815d59d488dc44109a4361dcec573ec0a,1288496,,,,,,,,,,,,,,,,,,,,,,,,,,,,,,,,,,,,,,,,,,,,,,,,,,TN,,,,,,,,,,
autoland,4769055,12,f76b60813665636d86169b6507d2f60fe004600c,windows10-64-shippable-qr,True,False,,,102210fe594ee9b33d82058545b1ed14f4c8206e,console.log-in-loop-content-process-array,damp,True,damp console.log-in-loop-content-process-array opt e10s fission stylo webrender-sw,4768818,77,ms,firefox,,1741694103,2023-08-16 23:04:52,123.21166597603316,4e21d241af64f5d1f3b4796d48ab8d58a961f081,1288666,,,,,,,,,,,,,,,,,,,,,,,,,,,,,,,,,,,,,,,,,,,,,,,,,,TN,,,,,,,,,,
autoland,4769055,12,f76b60813665636d86169b6507d2f60fe004600c,windows10-64-shippable-qr,True,False,,,102210fe594ee9b33d82058545b1ed14f4c8206e,console.log-in-loop-content-process-array,damp,True,damp console.log-in-loop-content-process-array opt e10s fission stylo webrender-sw,4768818,77,ms,firefox,,1741737085,2023-08-16 23:22:50,122.48552662074326,200aa08042f1b584401fd4aca219d4b68edf7973,1288675,,,,,,,,,,,,,,,,,,,,,,,,,,,,,,,,,,,,,,,,,,,,,,,,,,TN,,,,,,,,,,
autoland,4769055,12,f76b60813665636d86169b6507d2f60fe004600c,windows10-64-shippable-qr,True,False,,,102210fe594ee9b33d82058545b1ed14f4c8206e,console.log-in-loop-content-process-array,damp,True,damp console.log-in-loop-content-process-array opt e10s fission stylo webrender-sw,4768818,77,ms,firefox,,1741847309,2023-08-17 04:16:28,123.60373595458714,18db2934736dc8d16e5b5840ec0b170aef5c0c3b,1288753,,,,,,,,,,,,,,,,,,,,,,,,,,,,,,,,,,,,,,,,,,,,,,,,,,TN,,,,,,,,,,
autoland,4769055,12,f76b60813665636d86169b6507d2f60fe004600c,windows10-64-shippable-qr,True,False,,,102210fe594ee9b33d82058545b1ed14f4c8206e,console.log-in-loop-content-process-array,damp,True,damp console.log-in-loop-content-process-array opt e10s fission stylo webrender-sw,4768818,77,ms,firefox,,1742008547,2023-08-17 08:24:55,122.95955165176474,bee27401511bf375891968a9ca78d7ef74d19962,1288813,,,,,,,,,,,,,,,,,,,,,,,,,,,,,,,,,,,,,,,,,,,,,,,,,,TN,,,,,,,,,,
autoland,4769055,12,f76b60813665636d86169b6507d2f60fe004600c,windows10-64-shippable-qr,True,False,,,102210fe594ee9b33d82058545b1ed14f4c8206e,console.log-in-loop-content-process-array,damp,True,damp console.log-in-loop-content-process-array opt e10s fission stylo webrender-sw,4768818,77,ms,firefox,,1741996292,2023-08-17 10:09:55,122.96774087845188,78e7cb2837e7dec0ef55a2f5f383625335ad2520,1288847,,,,,,,,,,,,,,,,,,,,,,,,,,,,,,,,,,,,,,,,,,,,,,,,,,TN,,,,,,,,,,
autoland,4769055,12,f76b60813665636d86169b6507d2f60fe004600c,windows10-64-shippable-qr,True,False,,,102210fe594ee9b33d82058545b1ed14f4c8206e,console.log-in-loop-content-process-array,damp,True,damp console.log-in-loop-content-process-array opt e10s fission stylo webrender-sw,4768818,77,ms,firefox,,1742124477,2023-08-17 14:34:38,122.33209372338752,776fbad509150f69418e1f44fa2580c651211253,1288953,,,,,,,,,,,,,,,,,,,,,,,,,,,,,,,,,,,,,,,,,,,,,,,,,,TN,,,,,,,,,,
autoland,4769055,12,f76b60813665636d86169b6507d2f60fe004600c,windows10-64-shippable-qr,True,False,,,102210fe594ee9b33d82058545b1ed14f4c8206e,console.log-in-loop-content-process-array,damp,True,damp console.log-in-loop-content-process-array opt e10s fission stylo webrender-sw,4768818,77,ms,firefox,,1742235696,2023-08-17 16:13:13,123.22950430216406,aac1f1d71d5251ffb80e7a22087e1c473e53069d,1289025,,,,,,,,,,,,,,,,,,,,,,,,,,,,,,,,,,,,,,,,,,,,,,,,,,TN,,,,,,,,,,
autoland,4769055,12,f76b60813665636d86169b6507d2f60fe004600c,windows10-64-shippable-qr,True,False,,,102210fe594ee9b33d82058545b1ed14f4c8206e,console.log-in-loop-content-process-array,damp,True,damp console.log-in-loop-content-process-array opt e10s fission stylo webrender-sw,4768818,77,ms,firefox,,1742419155,2023-08-17 19:44:04,122.65503719855133,e3a24ea4f8b0be504990cbc266d7af273804678e,1289144,,,,,,,,,,,,,,,,,,,,,,,,,,,,,,,,,,,,,,,,,,,,,,,,,,TN,,,,,,,,,,
autoland,4769055,12,f76b60813665636d86169b6507d2f60fe004600c,windows10-64-shippable-qr,True,False,,,102210fe594ee9b33d82058545b1ed14f4c8206e,console.log-in-loop-content-process-array,damp,True,damp console.log-in-loop-content-process-array opt e10s fission stylo webrender-sw,4768818,77,ms,firefox,,1742477413,2023-08-18 00:01:41,122.47182458710633,990790cb4b9bfd20fd7683f2815d50585f5dcba2,1289285,,,,,,,,,,,,,,,,,,,,,,,,,,,,,,,,,,,,,,,,,,,,,,,,,,TN,,,,,,,,,,
autoland,4769055,12,f76b60813665636d86169b6507d2f60fe004600c,windows10-64-shippable-qr,True,False,,,102210fe594ee9b33d82058545b1ed14f4c8206e,console.log-in-loop-content-process-array,damp,True,damp console.log-in-loop-content-process-array opt e10s fission stylo webrender-sw,4768818,77,ms,firefox,,1742627659,2023-08-18 04:25:36,124.45894427701931,deca2c956e89b8e65d2a1b0fcb79db8b991a7046,1289346,,,,,,,,,,,,,,,,,,,,,,,,,,,,,,,,,,,,,,,,,,,,,,,,,,TN,,,,,,,,,,
autoland,4769055,12,f76b60813665636d86169b6507d2f60fe004600c,windows10-64-shippable-qr,True,False,,,102210fe594ee9b33d82058545b1ed14f4c8206e,console.log-in-loop-content-process-array,damp,True,damp console.log-in-loop-content-process-array opt e10s fission stylo webrender-sw,4768818,77,ms,firefox,,1742666238,2023-08-18 05:21:52,122.2582821987462,87da0265a044885f5ed64cc9ce2b961721d2142e,1289351,,,,,,,,,,,,,,,,,,,,,,,,,,,,,,,,,,,,,,,,,,,,,,,,,,TN,,,,,,,,,,
autoland,4769055,12,f76b60813665636d86169b6507d2f60fe004600c,windows10-64-shippable-qr,True,False,,,102210fe594ee9b33d82058545b1ed14f4c8206e,console.log-in-loop-content-process-array,damp,True,damp console.log-in-loop-content-process-array opt e10s fission stylo webrender-sw,4768818,77,ms,firefox,,1742845589,2023-08-18 14:09:35,122.07136049982093,e2305368eaae41c8b47dd15f03addc2ec4fe0504,1289469,,,,,,,,,,,,,,,,,,,,,,,,,,,,,,,,,,,,,,,,,,,,,,,,,,TN,,,,,,,,,,
autoland,4769055,12,f76b60813665636d86169b6507d2f60fe004600c,windows10-64-shippable-qr,True,False,,,102210fe594ee9b33d82058545b1ed14f4c8206e,console.log-in-loop-content-process-array,damp,True,damp console.log-in-loop-content-process-array opt e10s fission stylo webrender-sw,4768818,77,ms,firefox,,1742933932,2023-08-18 19:46:30,122.55238274682053,62feb2305afdcba50bd84b58cd2ab152d53c61e7,1289627,,,,,,,,,,,,,,,,,,,,,,,,,,,,,,,,,,,,,,,,,,,,,,,,,,TN,,,,,,,,,,
autoland,4769055,12,f76b60813665636d86169b6507d2f60fe004600c,windows10-64-shippable-qr,True,False,,,102210fe594ee9b33d82058545b1ed14f4c8206e,console.log-in-loop-content-process-array,damp,True,damp console.log-in-loop-content-process-array opt e10s fission stylo webrender-sw,4768818,77,ms,firefox,,1743063285,2023-08-19 05:41:08,122.56146991912192,9814020284505cbc4a6075b3b7aba216be0632f8,1289731,,,,,,,,,,,,,,,,,,,,,,,,,,,,,,,,,,,,,,,,,,,,,,,,,,TN,,,,,,,,,,
autoland,4769055,12,f76b60813665636d86169b6507d2f60fe004600c,windows10-64-shippable-qr,True,False,,,102210fe594ee9b33d82058545b1ed14f4c8206e,console.log-in-loop-content-process-array,damp,True,damp console.log-in-loop-content-process-array opt e10s fission stylo webrender-sw,4768818,77,ms,firefox,,1743126166,2023-08-19 11:55:58,122.4688430986489,8fefefd6da577f8b3d842ea07120af9e964c09b5,1289750,,,,,,,,,,,,,,,,,,,,,,,,,,,,,,,,,,,,,,,,,,,,,,,,,,TN,,,,,,,,,,
autoland,4769055,12,f76b60813665636d86169b6507d2f60fe004600c,windows10-64-shippable-qr,True,False,,,102210fe594ee9b33d82058545b1ed14f4c8206e,console.log-in-loop-content-process-array,damp,True,damp console.log-in-loop-content-process-array opt e10s fission stylo webrender-sw,4768818,77,ms,firefox,,1743150852,2023-08-19 16:49:23,122.98975965691898,00ae001484c9ff1069878dc66b64e3cd07b706f4,1289762,,,,,,,,,,,,,,,,,,,,,,,,,,,,,,,,,,,,,,,,,,,,,,,,,,TN,,,,,,,,,,
autoland,4769055,12,f76b60813665636d86169b6507d2f60fe004600c,windows10-64-shippable-qr,True,False,,,102210fe594ee9b33d82058545b1ed14f4c8206e,console.log-in-loop-content-process-array,damp,True,damp console.log-in-loop-content-process-array opt e10s fission stylo webrender-sw,4768818,77,ms,firefox,,1743442491,2023-08-21 01:56:25,122.05245816361912,80d255ac1919800d21a7e2a610fbcd6fda43ed99,1289869,,,,,,,,,,,,,,,,,,,,,,,,,,,,,,,,,,,,,,,,,,,,,,,,,,TN,,,,,,,,,,
autoland,4769055,12,f76b60813665636d86169b6507d2f60fe004600c,windows10-64-shippable-qr,True,False,,,102210fe594ee9b33d82058545b1ed14f4c8206e,console.log-in-loop-content-process-array,damp,True,damp console.log-in-loop-content-process-array opt e10s fission stylo webrender-sw,4768818,77,ms,firefox,,1743503160,2023-08-21 07:01:47,122.49115519245242,a4b3b09ad08da2e5b588b641b24f767ff91e5912,1289886,,,,,,,,,,,,,,,,,,,,,,,,,,,,,,,,,,,,,,,,,,,,,,,,,,TN,,,,,,,,,,
autoland,4769055,12,f76b60813665636d86169b6507d2f60fe004600c,windows10-64-shippable-qr,True,False,,,102210fe594ee9b33d82058545b1ed14f4c8206e,console.log-in-loop-content-process-array,damp,True,damp console.log-in-loop-content-process-array opt e10s fission stylo webrender-sw,4768818,77,ms,firefox,,1743706881,2023-08-21 15:24:43,122.06325182971796,bc597f54f9cf91b3284e6f593c33ca79ec723077,1290025,,,,,,,,,,,,,,,,,,,,,,,,,,,,,,,,,,,,,,,,,,,,,,,,,,TN,,,,,,,,,,
autoland,4769055,12,f76b60813665636d86169b6507d2f60fe004600c,windows10-64-shippable-qr,True,False,,,102210fe594ee9b33d82058545b1ed14f4c8206e,console.log-in-loop-content-process-array,damp,True,damp console.log-in-loop-content-process-array opt e10s fission stylo webrender-sw,4768818,77,ms,firefox,,1743761734,2023-08-21 19:46:12,122.57759958657788,82b916987920b0a9e2071c575073cbcff078021a,1290082,,,,,,,,,,,,,,,,,,,,,,,,,,,,,,,,,,,,,,,,,,,,,,,,,,TN,,,,,,,,,,
autoland,4769055,12,f76b60813665636d86169b6507d2f60fe004600c,windows10-64-shippable-qr,True,False,,,102210fe594ee9b33d82058545b1ed14f4c8206e,console.log-in-loop-content-process-array,damp,True,damp console.log-in-loop-content-process-array opt e10s fission stylo webrender-sw,4768818,77,ms,firefox,,1743832007,2023-08-22 01:01:20,122.68444009965516,1bbf9fc4d2dc2a1ff3ccf67fb65cedc71fcc0291,1290123,,,,,,,,,,,,,,,,,,,,,,,,,,,,,,,,,,,,,,,,,,,,,,,,,,TN,,,,,,,,,,
autoland,4769055,12,f76b60813665636d86169b6507d2f60fe004600c,windows10-64-shippable-qr,True,False,,,102210fe594ee9b33d82058545b1ed14f4c8206e,console.log-in-loop-content-process-array,damp,True,damp console.log-in-loop-content-process-array opt e10s fission stylo webrender-sw,4768818,77,ms,firefox,,1744031568,2023-08-22 11:50:17,122.46214529938152,81c3a95411ab3d706659872a9aedef21494cac9c,1290203,,,,,,,,,,,,,,,,,,,,,,,,,,,,,,,,,,,,,,,,,,,,,,,,,,TN,,,,,,,,,,
autoland,4769055,12,f76b60813665636d86169b6507d2f60fe004600c,windows10-64-shippable-qr,True,False,,,102210fe594ee9b33d82058545b1ed14f4c8206e,console.log-in-loop-content-process-array,damp,True,damp console.log-in-loop-content-process-array opt e10s fission stylo webrender-sw,4768818,77,ms,firefox,,1744213165,2023-08-22 15:58:55,123.28543853690736,eccdb961d59ca1e4315f6b2d255d638be86d8f63,1290279,,,,,,,,,,,,,,,,,,,,,,,,,,,,,,,,,,,,,,,,,,,,,,,,,,TN,,,,,,,,,,
autoland,4769055,12,f76b60813665636d86169b6507d2f60fe004600c,windows10-64-shippable-qr,True,False,,,102210fe594ee9b33d82058545b1ed14f4c8206e,console.log-in-loop-content-process-array,damp,True,damp console.log-in-loop-content-process-array opt e10s fission stylo webrender-sw,4768818,77,ms,firefox,,1744230538,2023-08-22 16:02:39,123.19686246132278,ece9fb8fbedfa6acc08840151034f2468832c851,1290281,,,,,,,,,,,,,,,,,,,,,,,,,,,,,,,,,,,,,,,,,,,,,,,,,,TN,,,,,,,,,,
autoland,4769055,12,f76b60813665636d86169b6507d2f60fe004600c,windows10-64-shippable-qr,True,False,,,102210fe594ee9b33d82058545b1ed14f4c8206e,console.log-in-loop-content-process-array,damp,True,damp console.log-in-loop-content-process-array opt e10s fission stylo webrender-sw,4768818,77,ms,firefox,,1744309802,2023-08-22 20:17:58,121.88969223407004,a1487474ef2708086b96f2b3625f244382eb9f4a,1290386,,,,,,,,,,,,,,,,,,,,,,,,,,,,,,,,,,,,,,,,,,,,,,,,,,TN,,,,,,,,,,
autoland,4769055,12,f76b60813665636d86169b6507d2f60fe004600c,windows10-64-shippable-qr,True,False,,,102210fe594ee9b33d82058545b1ed14f4c8206e,console.log-in-loop-content-process-array,damp,True,damp console.log-in-loop-content-process-array opt e10s fission stylo webrender-sw,4768818,77,ms,firefox,,1744372403,2023-08-22 22:10:32,123.13222176862656,959c2f0abc19c494aba15ae7513fff9f59631cc1,1290435,,,,,,,,,,,,,,,,,,,,,,,,,,,,,,,,,,,,,,,,,,,,,,,,,,TN,,,,,,,,,,
autoland,4769055,12,f76b60813665636d86169b6507d2f60fe004600c,windows10-64-shippable-qr,True,False,,,102210fe594ee9b33d82058545b1ed14f4c8206e,console.log-in-loop-content-process-array,damp,True,damp console.log-in-loop-content-process-array opt e10s fission stylo webrender-sw,4768818,77,ms,firefox,,1744429198,2023-08-23 02:11:44,122.78043543930472,df1f27dc099011a97267a844e60b1350575fc73c,1290482,,,,,,,,,,,,,,,,,,,,,,,,,,,,,,,,,,,,,,,,,,,,,,,,,,TN,,,,,,,,,,
autoland,4769055,12,f76b60813665636d86169b6507d2f60fe004600c,windows10-64-shippable-qr,True,False,,,102210fe594ee9b33d82058545b1ed14f4c8206e,console.log-in-loop-content-process-array,damp,True,damp console.log-in-loop-content-process-array opt e10s fission stylo webrender-sw,4768818,77,ms,firefox,,1744571093,2023-08-23 06:45:25,123.7491842134732,991ab6dbc55b4783dc5a6f561a9cc22cb4408e38,1290546,,,,,,,,,,,,,,,,,,,,,,,,,,,,,,,,,,,,,,,,,,,,,,,,,,TN,,,,,,,,,,
autoland,4769055,12,f76b60813665636d86169b6507d2f60fe004600c,windows10-64-shippable-qr,True,False,,,102210fe594ee9b33d82058545b1ed14f4c8206e,console.log-in-loop-content-process-array,damp,True,damp console.log-in-loop-content-process-array opt e10s fission stylo webrender-sw,4768818,77,ms,firefox,,1744583596,2023-08-23 07:14:41,123.45623176849858,4a4d5e64aec5efa71e7c743f4c968544faee5332,1290556,,,,,,,,,,,,,,,,,,,,,,,,,,,,,,,,,,,,,,,,,,,,,,,,,,TN,,,,,,,,,,
autoland,4769055,12,f76b60813665636d86169b6507d2f60fe004600c,windows10-64-shippable-qr,True,False,,,102210fe594ee9b33d82058545b1ed14f4c8206e,console.log-in-loop-content-process-array,damp,True,damp console.log-in-loop-content-process-array opt e10s fission stylo webrender-sw,4768818,77,ms,firefox,,1744676173,2023-08-23 11:20:43,122.80390062679362,c3bfc7b73e9fc06ec28663e6501728233eb0d574,1290592,,,,,,,,,,,,,,,,,,,,,,,,,,,,,,,,,,,,,,,,,,,,,,,,,,TN,,,,,,,,,,
autoland,4769055,12,f76b60813665636d86169b6507d2f60fe004600c,windows10-64-shippable-qr,True,False,,,102210fe594ee9b33d82058545b1ed14f4c8206e,console.log-in-loop-content-process-array,damp,True,damp console.log-in-loop-content-process-array opt e10s fission stylo webrender-sw,4768818,77,ms,firefox,,1744771389,2023-08-23 15:20:56,122.42127241405252,a7db5ff392b1f3d18507813fbd65458438b3cbc4,1290685,,,,,,,,,,,,,,,,,,,,,,,,,,,,,,,,,,,,,,,,,,,,,,,,,,TN,,,,,,,,,,
autoland,4769055,12,f76b60813665636d86169b6507d2f60fe004600c,windows10-64-shippable-qr,True,False,,,102210fe594ee9b33d82058545b1ed14f4c8206e,console.log-in-loop-content-process-array,damp,True,damp console.log-in-loop-content-process-array opt e10s fission stylo webrender-sw,4768818,77,ms,firefox,,1744837079,2023-08-23 16:55:50,123.25642993992732,40a8041d06707a315c5f6e4b541dbe805bf34ec7,1290727,,,,,,,,,,,,,,,,,,,,,,,,,,,,,,,,,,,,,,,,,,,,,,,,,,TN,,,,,,,,,,
autoland,4769055,12,f76b60813665636d86169b6507d2f60fe004600c,windows10-64-shippable-qr,True,False,,,102210fe594ee9b33d82058545b1ed14f4c8206e,console.log-in-loop-content-process-array,damp,True,damp console.log-in-loop-content-process-array opt e10s fission stylo webrender-sw,4768818,77,ms,firefox,,1744899020,2023-08-23 20:58:03,122.56936574816154,b5371614cd5a3e19ca3e500a87546023aea8eb5d,1290847,,,,,,,,,,,,,,,,,,,,,,,,,,,,,,,,,,,,,,,,,,,,,,,,,,TN,,,,,,,,,,
autoland,4769055,12,f76b60813665636d86169b6507d2f60fe004600c,windows10-64-shippable-qr,True,False,,,102210fe594ee9b33d82058545b1ed14f4c8206e,console.log-in-loop-content-process-array,damp,True,damp console.log-in-loop-content-process-array opt e10s fission stylo webrender-sw,4768818,77,ms,firefox,,1745029917,2023-08-23 22:59:05,123.08537763381264,25936c5809e05c5b5d28810efdfb0af9bb2f1792,1290874,,,,,,,,,,,,,,,,,,,,,,,,,,,,,,,,,,,,,,,,,,,,,,,,,,TN,,,,,,,,,,
autoland,4769055,12,f76b60813665636d86169b6507d2f60fe004600c,windows10-64-shippable-qr,True,False,,,102210fe594ee9b33d82058545b1ed14f4c8206e,console.log-in-loop-content-process-array,damp,True,damp console.log-in-loop-content-process-array opt e10s fission stylo webrender-sw,4768818,77,ms,firefox,,1745112726,2023-08-24 03:53:22,123.31172122600128,332b088b314103bc02b008e08f1567f092cd6ca1,1290918,,,,,,,,,,,,,,,,,,,,,,,,,,,,,,,,,,,,,,,,,,,,,,,,,,TN,,,,,,,,,,
autoland,4769055,12,f76b60813665636d86169b6507d2f60fe004600c,windows10-64-shippable-qr,True,False,,,102210fe594ee9b33d82058545b1ed14f4c8206e,console.log-in-loop-content-process-array,damp,True,damp console.log-in-loop-content-process-array opt e10s fission stylo webrender-sw,4768818,77,ms,firefox,,1745203696,2023-08-24 11:04:38,122.73201105373664,fbbf71ea5127f6cc74aab13a3817349afe93580c,1291003,,,,,,,,,,,,,,,,,,,,,,,,,,,,,,,,,,,,,,,,,,,,,,,,,,TN,,,,,,,,,,
autoland,4769055,12,f76b60813665636d86169b6507d2f60fe004600c,windows10-64-shippable-qr,True,False,,,102210fe594ee9b33d82058545b1ed14f4c8206e,console.log-in-loop-content-process-array,damp,True,damp console.log-in-loop-content-process-array opt e10s fission stylo webrender-sw,4768818,77,ms,firefox,,1745372902,2023-08-24 13:41:33,122.48224214848597,9d2df5cf36fbb1712a62be68c4a309e2451e2d35,1291057,,,,,,,,,,,,,,,,,,,,,,,,,,,,,,,,,,,,,,,,,,,,,,,,,,TN,,,,,,,,,,
autoland,4769055,12,f76b60813665636d86169b6507d2f60fe004600c,windows10-64-shippable-qr,True,False,,,102210fe594ee9b33d82058545b1ed14f4c8206e,console.log-in-loop-content-process-array,damp,True,damp console.log-in-loop-content-process-array opt e10s fission stylo webrender-sw,4768818,77,ms,firefox,,1745501158,2023-08-24 18:48:40,122.45250089856016,6089e7f0fa57a29c6d080f135f65e146c34457d8,1291216,,,,,,,,,,,,,,,,,,,,,,,,,,,,,,,,,,,,,,,,,,,,,,,,,,TN,,,,,,,,,,
autoland,4769055,12,f76b60813665636d86169b6507d2f60fe004600c,windows10-64-shippable-qr,True,False,,,102210fe594ee9b33d82058545b1ed14f4c8206e,console.log-in-loop-content-process-array,damp,True,damp console.log-in-loop-content-process-array opt e10s fission stylo webrender-sw,4768818,77,ms,firefox,,1745667152,2023-08-25 00:48:43,123.18884359397634,0129f728663fcc0bcc1f816e006f1eb2635780e4,1291339,,,,,,,,,,,,,,,,,,,,,,,,,,,,,,,,,,,,,,,,,,,,,,,,,,TN,,,,,,,,,,
autoland,4769055,12,f76b60813665636d86169b6507d2f60fe004600c,windows10-64-shippable-qr,True,False,,,102210fe594ee9b33d82058545b1ed14f4c8206e,console.log-in-loop-content-process-array,damp,True,damp console.log-in-loop-content-process-array opt e10s fission stylo webrender-sw,4768818,77,ms,firefox,,1745819522,2023-08-25 11:24:50,124.73632004499996,e5ba3b52ebac2d2582cecd6122443fc024cd24c9,1291437,,,,,,,,,,,,,,,,,,,,,,,,,,,,,,,,,,,,,,,,,,,,,,,,,,TN,,,,,,,,,,
autoland,4769055,12,f76b60813665636d86169b6507d2f60fe004600c,windows10-64-shippable-qr,True,False,,,102210fe594ee9b33d82058545b1ed14f4c8206e,console.log-in-loop-content-process-array,damp,True,damp console.log-in-loop-content-process-array opt e10s fission stylo webrender-sw,4768818,77,ms,firefox,,1745986867,2023-08-25 15:32:54,122.87592497082368,059b77df2394c7caf1061e1b817e004878738efa,1291507,,,,,,,,,,,,,,,,,,,,,,,,,,,,,,,,,,,,,,,,,,,,,,,,,,TN,,,,,,,,,,
autoland,4769055,12,f76b60813665636d86169b6507d2f60fe004600c,windows10-64-shippable-qr,True,False,,,102210fe594ee9b33d82058545b1ed14f4c8206e,console.log-in-loop-content-process-array,damp,True,damp console.log-in-loop-content-process-array opt e10s fission stylo webrender-sw,4768818,77,ms,firefox,,1746108406,2023-08-25 19:36:02,122.5425677308549,47efe79717796bf6f3a70e5733e99a98b0d9fad4,1291599,,,,,,,,,,,,,,,,,,,,,,,,,,,,,,,,,,,,,,,,,,,,,,,,,,TN,,,,,,,,,,
autoland,4769055,12,f76b60813665636d86169b6507d2f60fe004600c,windows10-64-shippable-qr,True,False,,,102210fe594ee9b33d82058545b1ed14f4c8206e,console.log-in-loop-content-process-array,damp,True,damp console.log-in-loop-content-process-array opt e10s fission stylo webrender-sw,4768818,77,ms,firefox,,1746232366,2023-08-26 03:22:14,122.27305045272624,ddc3d1e9268d9abde51f1082490491f544286b16,1291695,,,,,,,,,,,,,,,,,,,,,,,,,,,,,,,,,,,,,,,,,,,,,,,,,,TN,,,,,,,,,,
autoland,4769055,12,f76b60813665636d86169b6507d2f60fe004600c,windows10-64-shippable-qr,True,False,,,102210fe594ee9b33d82058545b1ed14f4c8206e,console.log-in-loop-content-process-array,damp,True,damp console.log-in-loop-content-process-array opt e10s fission stylo webrender-sw,4768818,77,ms,firefox,,1746458488,2023-08-26 13:17:30,122.25883967245863,cc8d561a9b401f3ebfda56de56c018b287d8b340,1291872,,,,,,,,,,,,,,,,,,,,,,,,,,,,,,,,,,,,,,,,,,,,,,,,,,TN,,,,,,,,,,
autoland,4769055,12,f76b60813665636d86169b6507d2f60fe004600c,windows10-64-shippable-qr,True,False,,,102210fe594ee9b33d82058545b1ed14f4c8206e,console.log-in-loop-content-process-array,damp,True,damp console.log-in-loop-content-process-array opt e10s fission stylo webrender-sw,4768818,77,ms,firefox,,1746600361,2023-08-26 23:47:49,122.6318297375028,140288e1dd6073b83aa67b725aa9a96945374a82,1292019,,,,,,,,,,,,,,,,,,,,,,,,,,,,,,,,,,,,,,,,,,,,,,,,,,TN,,,,,,,,,,
autoland,4769055,12,f76b60813665636d86169b6507d2f60fe004600c,windows10-64-shippable-qr,True,False,,,102210fe594ee9b33d82058545b1ed14f4c8206e,console.log-in-loop-content-process-array,damp,True,damp console.log-in-loop-content-process-array opt e10s fission stylo webrender-sw,4768818,77,ms,firefox,,1746737342,2023-08-27 23:31:15,123.0325550024454,6aaf2cf582814f5a76c09fa2ac7cc760a5886134,1292080,,,,,,,,,,,,,,,,,,,,,,,,,,,,,,,,,,,,,,,,,,,,,,,,,,TN,,,,,,,,,,
autoland,4769055,12,f76b60813665636d86169b6507d2f60fe004600c,windows10-64-shippable-qr,True,False,,,102210fe594ee9b33d82058545b1ed14f4c8206e,console.log-in-loop-content-process-array,damp,True,damp console.log-in-loop-content-process-array opt e10s fission stylo webrender-sw,4768818,77,ms,firefox,,1746857192,2023-08-28 10:38:35,122.59897477067445,2303dc7d775759ce8737630e7762c69d2beac062,1292181,,,,,,,,,,,,,,,,,,,,,,,,,,,,,,,,,,,,,,,,,,,,,,,,,,TN,,,,,,,,,,
autoland,4769055,12,f76b60813665636d86169b6507d2f60fe004600c,windows10-64-shippable-qr,True,False,,,102210fe594ee9b33d82058545b1ed14f4c8206e,console.log-in-loop-content-process-array,damp,True,damp console.log-in-loop-content-process-array opt e10s fission stylo webrender-sw,4768818,77,ms,firefox,,1746993517,2023-08-28 14:50:25,123.23334309547316,f8e518c6ab37a0144872f6158300e1de85034002,1292276,,,,,,,,,,,,,,,,,,,,,,,,,,,,,,,,,,,,,,,,,,,,,,,,,,TN,,,,,,,,,,
autoland,4769055,12,f76b60813665636d86169b6507d2f60fe004600c,windows10-64-shippable-qr,True,False,,,102210fe594ee9b33d82058545b1ed14f4c8206e,console.log-in-loop-content-process-array,damp,True,damp console.log-in-loop-content-process-array opt e10s fission stylo webrender-sw,4768818,77,ms,firefox,,1747106574,2023-08-28 18:02:15,122.9378322030625,7ef66afbcd94bc7787448a9d797ec662b02fe58a,1292360,,,,,,,,,,,,,,,,,,,,,,,,,,,,,,,,,,,,,,,,,,,,,,,,,,TN,,,,,,,,,,
autoland,4769055,12,f76b60813665636d86169b6507d2f60fe004600c,windows10-64-shippable-qr,True,False,,,102210fe594ee9b33d82058545b1ed14f4c8206e,console.log-in-loop-content-process-array,damp,True,damp console.log-in-loop-content-process-array opt e10s fission stylo webrender-sw,4768818,77,ms,firefox,,1747212572,2023-08-28 20:37:08,122.007743489321,9451de3148827dbd587f22175b6c0453c7a605db,1292463,,,,,,,,,,,,,,,,,,,,,,,,,,,,,,,,,,,,,,,,,,,,,,,,,,TN,,,,,,,,,,
autoland,4769055,12,f76b60813665636d86169b6507d2f60fe004600c,windows10-64-shippable-qr,True,False,,,102210fe594ee9b33d82058545b1ed14f4c8206e,console.log-in-loop-content-process-array,damp,True,damp console.log-in-loop-content-process-array opt e10s fission stylo webrender-sw,4768818,77,ms,firefox,,1747271851,2023-08-29 02:20:20,123.13167028991847,4cca72b5cd903bbb8bdc66098aaeb1eb12d8dddd,1292618,,,,,,,,,,,,,,,,,,,,,,,,,,,,,,,,,,,,,,,,,,,,,,,,,,TN,,,,,,,,,,
autoland,4769055,12,f76b60813665636d86169b6507d2f60fe004600c,windows10-64-shippable-qr,True,False,,,102210fe594ee9b33d82058545b1ed14f4c8206e,console.log-in-loop-content-process-array,damp,True,damp console.log-in-loop-content-process-array opt e10s fission stylo webrender-sw,4768818,77,ms,firefox,,1747271054,2023-08-29 02:20:20,122.32014704652556,4cca72b5cd903bbb8bdc66098aaeb1eb12d8dddd,1292618,,,,,,,,,,,,,,,,,,,,,,,,,,,,,,,,,,,,,,,,,,,,,,,,,,TN,,,,,,,,,,
autoland,4769055,12,f76b60813665636d86169b6507d2f60fe004600c,windows10-64-shippable-qr,True,False,,,102210fe594ee9b33d82058545b1ed14f4c8206e,console.log-in-loop-content-process-array,damp,True,damp console.log-in-loop-content-process-array opt e10s fission stylo webrender-sw,4768818,77,ms,firefox,,1747273110,2023-08-29 03:02:37,123.23786456150263,f79fe732a6b523e66f30e056118cdd2cff02a5ca,1292639,,,,,,,,,,,,,,,,,,,,,,,,,,,,,,,,,,,,,,,,,,,,,,,,,,TN,,,,,,,,,,
autoland,4769055,12,f76b60813665636d86169b6507d2f60fe004600c,windows10-64-shippable-qr,True,False,,,102210fe594ee9b33d82058545b1ed14f4c8206e,console.log-in-loop-content-process-array,damp,True,damp console.log-in-loop-content-process-array opt e10s fission stylo webrender-sw,4768818,77,ms,firefox,,1747364700,2023-08-29 07:11:54,121.64644209432844,801325776b1492f30ec6ac7c770000fa8c894d2a,1292691,,,,,,,,,,,,,,,,,,,,,,,,,,,,,,,,,,,,,,,,,,,,,,,,,,TN,,,,,,,,,,
autoland,4769055,12,f76b60813665636d86169b6507d2f60fe004600c,windows10-64-shippable-qr,True,False,,,102210fe594ee9b33d82058545b1ed14f4c8206e,console.log-in-loop-content-process-array,damp,True,damp console.log-in-loop-content-process-array opt e10s fission stylo webrender-sw,4768818,77,ms,firefox,,1747528854,2023-08-29 11:18:23,122.48006529020496,843a6e4db35622bdd606d6cdd7c0f1a05828a89e,1292770,,,,,,,,,,,,,,,,,,,,,,,,,,,,,,,,,,,,,,,,,,,,,,,,,,TN,,,,,,,,,,
autoland,4769055,12,f76b60813665636d86169b6507d2f60fe004600c,windows10-64-shippable-qr,True,False,,,102210fe594ee9b33d82058545b1ed14f4c8206e,console.log-in-loop-content-process-array,damp,True,damp console.log-in-loop-content-process-array opt e10s fission stylo webrender-sw,4768818,77,ms,firefox,,1747637167,2023-08-29 11:21:44,121.57310159095324,abe9789555b5960e5b395aba02b4891c388e4839,1292771,,,,,,,,,,,,,,,,,,,,,,,,,,,,,,,,,,,,,,,,,,,,,,,,,,TN,,,,,,,,,,
autoland,4769055,12,f76b60813665636d86169b6507d2f60fe004600c,windows10-64-shippable-qr,True,False,,,102210fe594ee9b33d82058545b1ed14f4c8206e,console.log-in-loop-content-process-array,damp,True,damp console.log-in-loop-content-process-array opt e10s fission stylo webrender-sw,4768818,77,ms,firefox,,1747764923,2023-08-29 16:25:43,122.81218245349646,0bb8944a5c2a783f353dc7595b2171844923a934,1292913,,,,,,,,,,,,,,,,,,,,,,,,,,,,,,,,,,,,,,,,,,,,,,,,,,TN,,,,,,,,,,
autoland,4769055,12,f76b60813665636d86169b6507d2f60fe004600c,windows10-64-shippable-qr,True,False,,,102210fe594ee9b33d82058545b1ed14f4c8206e,console.log-in-loop-content-process-array,damp,True,damp console.log-in-loop-content-process-array opt e10s fission stylo webrender-sw,4768818,77,ms,firefox,,1747828426,2023-08-29 20:54:58,124.28076738625532,16c71fac642647b97c85d086e54342a5addaaf13,1293039,,,,,,,,,,,,,,,,,,,,,,,,,,,,,,,,,,,,,,,,,,,,,,,,,,TN,,,,,,,,,,
autoland,4769055,12,f76b60813665636d86169b6507d2f60fe004600c,windows10-64-shippable-qr,True,False,,,102210fe594ee9b33d82058545b1ed14f4c8206e,console.log-in-loop-content-process-array,damp,True,damp console.log-in-loop-content-process-array opt e10s fission stylo webrender-sw,4768818,77,ms,firefox,,1747855701,2023-08-30 01:49:26,124.72219728592336,34dcd8f28e9a642600425b3383df225859ea91cd,1293133,,,,,,,,,,,,,,,,,,,,,,,,,,,,,,,,,,,,,,,,,,,,,,,,,,TN,,,,,,,,,,
autoland,4769055,12,f76b60813665636d86169b6507d2f60fe004600c,windows10-64-shippable-qr,True,False,,,102210fe594ee9b33d82058545b1ed14f4c8206e,console.log-in-loop-content-process-array,damp,True,damp console.log-in-loop-content-process-array opt e10s fission stylo webrender-sw,4768818,77,ms,firefox,,1748092127,2023-08-30 13:43:19,122.3526644960175,379bb5e39311a7878ea31b7eb0dd39fdef1ab15a,1293343,,,,,,,,,,,,,,,,,,,,,,,,,,,,,,,,,,,,,,,,,,,,,,,,,,TN,,,,,,,,,,
autoland,4769055,12,f76b60813665636d86169b6507d2f60fe004600c,windows10-64-shippable-qr,True,False,,,102210fe594ee9b33d82058545b1ed14f4c8206e,console.log-in-loop-content-process-array,damp,True,damp console.log-in-loop-content-process-array opt e10s fission stylo webrender-sw,4768818,77,ms,firefox,,1748089933,2023-08-30 16:15:47,123.210728529084,f648d27187b6f45ac21ab6bf0ca9673dcfc55cf4,1293412,,,,,,,,,,,,,,,,,,,,,,,,,,,,,,,,,,,,,,,,,,,,,,,,,,TN,,,,,,,,,,
autoland,4769055,12,f76b60813665636d86169b6507d2f60fe004600c,windows10-64-shippable-qr,True,False,,,102210fe594ee9b33d82058545b1ed14f4c8206e,console.log-in-loop-content-process-array,damp,True,damp console.log-in-loop-content-process-array opt e10s fission stylo webrender-sw,4768818,77,ms,firefox,,1748153106,2023-08-30 20:58:03,122.78355237827328,7643e2c34ec4fce31fb741b2e7003adc7e547e36,1293585,,,,,,,,,,,,,,,,,,,,,,,,,,,,,,,,,,,,,,,,,,,,,,,,,,TN,,,,,,,,,,
autoland,4769055,12,f76b60813665636d86169b6507d2f60fe004600c,windows10-64-shippable-qr,True,False,,,102210fe594ee9b33d82058545b1ed14f4c8206e,console.log-in-loop-content-process-array,damp,True,damp console.log-in-loop-content-process-array opt e10s fission stylo webrender-sw,4768818,77,ms,firefox,,1748220914,2023-08-30 23:31:09,121.67916856675492,8db6a3b432759fd37b677c455c7d9ecedafd7e77,1293654,,,,,,,,,,,,,,,,,,,,,,,,,,,,,,,,,,,,,,,,,,,,,,,,,,TN,,,,,,,,,,
autoland,4769055,12,f76b60813665636d86169b6507d2f60fe004600c,windows10-64-shippable-qr,True,False,,,102210fe594ee9b33d82058545b1ed14f4c8206e,console.log-in-loop-content-process-array,damp,True,damp console.log-in-loop-content-process-array opt e10s fission stylo webrender-sw,4768818,77,ms,firefox,,1748246380,2023-08-31 03:36:38,122.790504781231,bcc1470439818e29a38c29432af9fd130b8ec931,1293720,,,,,,,,,,,,,,,,,,,,,,,,,,,,,,,,,,,,,,,,,,,,,,,,,,TN,,,,,,,,,,
autoland,4769055,12,f76b60813665636d86169b6507d2f60fe004600c,windows10-64-shippable-qr,True,False,,,102210fe594ee9b33d82058545b1ed14f4c8206e,console.log-in-loop-content-process-array,damp,True,damp console.log-in-loop-content-process-array opt e10s fission stylo webrender-sw,4768818,77,ms,firefox,,1748345831,2023-08-31 09:19:24,122.62137397023888,e2d1d56b4cb882f210d71f021a2f804a56d718e6,1293811,,,,,,,,,,,,,,,,,,,,,,,,,,,,,,,,,,,,,,,,,,,,,,,,,,TN,,,,,,,,,,
autoland,4769055,12,f76b60813665636d86169b6507d2f60fe004600c,windows10-64-shippable-qr,True,False,,,102210fe594ee9b33d82058545b1ed14f4c8206e,console.log-in-loop-content-process-array,damp,True,damp console.log-in-loop-content-process-array opt e10s fission stylo webrender-sw,4768818,77,ms,firefox,,1748462503,2023-08-31 14:04:37,122.01670960062984,79fd00522da11013e2076ceccfd842c54d2f0822,1293937,,,,,,,,,,,,,,,,,,,,,,,,,,,,,,,,,,,,,,,,,,,,,,,,,,TN,,,,,,,,,,
autoland,4769055,12,f76b60813665636d86169b6507d2f60fe004600c,windows10-64-shippable-qr,True,False,,,102210fe594ee9b33d82058545b1ed14f4c8206e,console.log-in-loop-content-process-array,damp,True,damp console.log-in-loop-content-process-array opt e10s fission stylo webrender-sw,4768818,77,ms,firefox,,1748606626,2023-08-31 18:09:30,122.50724309209728,bd48139a6966dfb067c7b31bdf2021bd85a1f6a9,1294069,,,,,,,,,,,,,,,,,,,,,,,,,,,,,,,,,,,,,,,,,,,,,,,,,,TN,,,,,,,,,,
autoland,4769055,12,f76b60813665636d86169b6507d2f60fe004600c,windows10-64-shippable-qr,True,False,,,102210fe594ee9b33d82058545b1ed14f4c8206e,console.log-in-loop-content-process-array,damp,True,damp console.log-in-loop-content-process-array opt e10s fission stylo webrender-sw,4768818,77,ms,firefox,,1748653278,2023-08-31 19:33:29,122.15319320910112,a0d77e120c268cc1e877891df07436c1128dde4f,1294123,,,,,,,,,,,,,,,,,,,,,,,,,,,,,,,,,,,,,,,,,,,,,,,,,,TN,,,,,,,,,,
autoland,4769055,12,f76b60813665636d86169b6507d2f60fe004600c,windows10-64-shippable-qr,True,False,,,102210fe594ee9b33d82058545b1ed14f4c8206e,console.log-in-loop-content-process-array,damp,True,damp console.log-in-loop-content-process-array opt e10s fission stylo webrender-sw,4768818,77,ms,firefox,,1748771543,2023-09-01 00:39:38,122.55865558334516,27ce38e0ae179241f6afc83c246df3113fc76eb5,1294315,,,,,,,,,,,,,,,,,,,,,,,,,,,,,,,,,,,,,,,,,,,,,,,,,,TN,,,,,,,,,,
autoland,4769055,12,f76b60813665636d86169b6507d2f60fe004600c,windows10-64-shippable-qr,True,False,,,102210fe594ee9b33d82058545b1ed14f4c8206e,console.log-in-loop-content-process-array,damp,True,damp console.log-in-loop-content-process-array opt e10s fission stylo webrender-sw,4768818,77,ms,firefox,,1748777573,2023-09-01 01:00:26,122.14875587349708,9034f1db1295f77ef75c8afa9ac280788649b1c4,1294322,,,,,,,,,,,,,,,,,,,,,,,,,,,,,,,,,,,,,,,,,,,,,,,,,,TN,,,,,,,,,,
autoland,4769055,12,f76b60813665636d86169b6507d2f60fe004600c,windows10-64-shippable-qr,True,False,,,102210fe594ee9b33d82058545b1ed14f4c8206e,console.log-in-loop-content-process-array,damp,True,damp console.log-in-loop-content-process-array opt e10s fission stylo webrender-sw,4768818,77,ms,firefox,,1748934721,2023-09-01 06:26:09,122.47366356883958,ae769caa17a3a27e7fed2cfd78ea439adf051dc8,1294426,,,,,,,,,,,,,,,,,,,,,,,,,,,,,,,,,,,,,,,,,,,,,,,,,,TN,,,,,,,,,,
autoland,4769055,12,f76b60813665636d86169b6507d2f60fe004600c,windows10-64-shippable-qr,True,False,,,102210fe594ee9b33d82058545b1ed14f4c8206e,console.log-in-loop-content-process-array,damp,True,damp console.log-in-loop-content-process-array opt e10s fission stylo webrender-sw,4768818,77,ms,firefox,,1749120061,2023-09-01 10:42:21,122.44516223064056,2e446d8859cc4a60faa49f68ed5445c534e47850,1294509,,,,,,,,,,,,,,,,,,,,,,,,,,,,,,,,,,,,,,,,,,,,,,,,,,TN,,,,,,,,,,
autoland,4769055,12,f76b60813665636d86169b6507d2f60fe004600c,windows10-64-shippable-qr,True,False,,,102210fe594ee9b33d82058545b1ed14f4c8206e,console.log-in-loop-content-process-array,damp,True,damp console.log-in-loop-content-process-array opt e10s fission stylo webrender-sw,4768818,77,ms,firefox,,1749107835,2023-09-01 11:44:59,122.6492377345312,bf57203fdaf0f91ccecca73cc02286e5c20686be,1294532,,,,,,,,,,,,,,,,,,,,,,,,,,,,,,,,,,,,,,,,,,,,,,,,,,TN,,,,,,,,,,
autoland,4769055,12,f76b60813665636d86169b6507d2f60fe004600c,windows10-64-shippable-qr,True,False,,,102210fe594ee9b33d82058545b1ed14f4c8206e,console.log-in-loop-content-process-array,damp,True,damp console.log-in-loop-content-process-array opt e10s fission stylo webrender-sw,4768818,77,ms,firefox,,1749208506,2023-09-01 15:47:54,122.32065904696084,ad7684944accdb72fb27cae1118a774a95ed9c55,1294651,,,,,,,,,,,,,,,,,,,,,,,,,,,,,,,,,,,,,,,,,,,,,,,,,,TN,,,,,,,,,,
autoland,4769055,12,f76b60813665636d86169b6507d2f60fe004600c,windows10-64-shippable-qr,True,False,,,102210fe594ee9b33d82058545b1ed14f4c8206e,console.log-in-loop-content-process-array,damp,True,damp console.log-in-loop-content-process-array opt e10s fission stylo webrender-sw,4768818,77,ms,firefox,,1749526794,2023-09-02 01:00:47,122.78598664500896,99eed791079c7b72126fee110226a0f9c519a053,1294900,,,,,,,,,,,,,,,,,,,,,,,,,,,,,,,,,,,,,,,,,,,,,,,,,,TN,,,,,,,,,,
autoland,4769055,12,f76b60813665636d86169b6507d2f60fe004600c,windows10-64-shippable-qr,True,False,,,102210fe594ee9b33d82058545b1ed14f4c8206e,console.log-in-loop-content-process-array,damp,True,damp console.log-in-loop-content-process-array opt e10s fission stylo webrender-sw,4768818,77,ms,firefox,,1749567005,2023-09-02 06:50:37,122.97418424649186,0d100cd406fac31edd725aaa2ca36c72593b7207,1294943,,,,,,,,,,,,,,,,,,,,,,,,,,,,,,,,,,,,,,,,,,,,,,,,,,TN,,,,,,,,,,
autoland,4769055,12,f76b60813665636d86169b6507d2f60fe004600c,windows10-64-shippable-qr,True,False,,,102210fe594ee9b33d82058545b1ed14f4c8206e,console.log-in-loop-content-process-array,damp,True,damp console.log-in-loop-content-process-array opt e10s fission stylo webrender-sw,4768818,77,ms,firefox,,1749625354,2023-09-02 11:43:51,122.5476007293637,66f85436a9395093f71f506f8cdc16623cbbb38e,1294960,,,,,,,,,,,,,,,,,,,,,,,,,,,,,,,,,,,,,,,,,,,,,,,,,,TN,,,,,,,,,,
autoland,4769055,12,f76b60813665636d86169b6507d2f60fe004600c,windows10-64-shippable-qr,True,False,,,102210fe594ee9b33d82058545b1ed14f4c8206e,console.log-in-loop-content-process-array,damp,True,damp console.log-in-loop-content-process-array opt e10s fission stylo webrender-sw,4768818,77,ms,firefox,,1749651226,2023-09-02 16:16:12,122.47596929230347,ee62282ee19c0c3cceebbdb2cd283127260a46d6,1294982,,,,,,,,,,,,,,,,,,,,,,,,,,,,,,,,,,,,,,,,,,,,,,,,,,TN,,,,,,,,,,
autoland,4769055,12,f76b60813665636d86169b6507d2f60fe004600c,windows10-64-shippable-qr,True,False,,,102210fe594ee9b33d82058545b1ed14f4c8206e,console.log-in-loop-content-process-array,damp,True,damp console.log-in-loop-content-process-array opt e10s fission stylo webrender-sw,4768818,77,ms,firefox,,1749840492,2023-09-03 15:28:00,122.68439190028766,e2d4c17692b7650a5aefa27823ab8cb72dc06fe6,1295071,,,,,,,,,,,,,,,,,,,,,,,,,,,,,,,,,,,,,,,,,,,,,,,,,,TN,,,,,,,,,,
autoland,4769055,12,f76b60813665636d86169b6507d2f60fe004600c,windows10-64-shippable-qr,True,False,,,102210fe594ee9b33d82058545b1ed14f4c8206e,console.log-in-loop-content-process-array,damp,True,damp console.log-in-loop-content-process-array opt e10s fission stylo webrender-sw,4768818,77,ms,firefox,,1749880795,2023-09-03 17:48:29,122.80876613014608,39747a728e31525f254d25d9fa323a491dda5b09,1295079,,,,,,,,,,,,,,,,,,,,,,,,,,,,,,,,,,,,,,,,,,,,,,,,,,TN,,,,,,,,,,
autoland,4769055,12,f76b60813665636d86169b6507d2f60fe004600c,windows10-64-shippable-qr,True,False,,,102210fe594ee9b33d82058545b1ed14f4c8206e,console.log-in-loop-content-process-array,damp,True,damp console.log-in-loop-content-process-array opt e10s fission stylo webrender-sw,4768818,77,ms,firefox,,1749978398,2023-09-04 00:54:15,122.73491238657424,9398dc74275ecd37eab02b496051302e67ce059f,1295103,,,,,,,,,,,,,,,,,,,,,,,,,,,,,,,,,,,,,,,,,,,,,,,,,,TN,,,,,,,,,,
autoland,4769055,12,f76b60813665636d86169b6507d2f60fe004600c,windows10-64-shippable-qr,True,False,,,102210fe594ee9b33d82058545b1ed14f4c8206e,console.log-in-loop-content-process-array,damp,True,damp console.log-in-loop-content-process-array opt e10s fission stylo webrender-sw,4768818,77,ms,firefox,,1750042514,2023-09-04 05:09:42,122.89055459982046,738c0a460acb30ab2ab419f4c0dc93fa9af200d6,1295121,,,,,,,,,,,,,,,,,,,,,,,,,,,,,,,,,,,,,,,,,,,,,,,,,,TN,,,,,,,,,,
autoland,4769055,12,f76b60813665636d86169b6507d2f60fe004600c,windows10-64-shippable-qr,True,False,,,102210fe594ee9b33d82058545b1ed14f4c8206e,console.log-in-loop-content-process-array,damp,True,damp console.log-in-loop-content-process-array opt e10s fission stylo webrender-sw,4768818,77,ms,firefox,,1750077376,2023-09-04 08:06:31,122.18164900434658,5378e223b13ecd8d32d6afddc956d8bdca322ef0,1295171,,,,,,,,,,,,,,,,,,,,,,,,,,,,,,,,,,,,,,,,,,,,,,,,,,TN,,,,,,,,,,
autoland,4769055,12,f76b60813665636d86169b6507d2f60fe004600c,windows10-64-shippable-qr,True,False,,,102210fe594ee9b33d82058545b1ed14f4c8206e,console.log-in-loop-content-process-array,damp,True,damp console.log-in-loop-content-process-array opt e10s fission stylo webrender-sw,4768818,77,ms,firefox,,1750197169,2023-09-04 12:17:38,122.73746929702976,16cc1aa2701e0b2cf32665cee19dc11308a4760a,1295286,,,,,,,,,,,,,,,,,,,,,,,,,,,,,,,,,,,,,,,,,,,,,,,,,,TN,,,,,,,,,,
autoland,4769055,12,f76b60813665636d86169b6507d2f60fe004600c,windows10-64-shippable-qr,True,False,,,102210fe594ee9b33d82058545b1ed14f4c8206e,console.log-in-loop-content-process-array,damp,True,damp console.log-in-loop-content-process-array opt e10s fission stylo webrender-sw,4768818,77,ms,firefox,,1750331746,2023-09-04 20:09:20,122.36221821648452,2c0ab3a7f1f3e1e095a0175f8a6096d10a311a5a,1295407,,,,,,,,,,,,,,,,,,,,,,,,,,,,,,,,,,,,,,,,,,,,,,,,,,TN,,,,,,,,,,
autoland,4769055,12,f76b60813665636d86169b6507d2f60fe004600c,windows10-64-shippable-qr,True,False,,,102210fe594ee9b33d82058545b1ed14f4c8206e,console.log-in-loop-content-process-array,damp,True,damp console.log-in-loop-content-process-array opt e10s fission stylo webrender-sw,4768818,77,ms,firefox,,1750394624,2023-09-05 01:26:26,122.89286579808868,530fe27f752d2f1fa88cd1013b419d7c1ca1a2e0,1295456,,,,,,,,,,,,,,,,,,,,,,,,,,,,,,,,,,,,,,,,,,,,,,,,,,TN,,,,,,,,,,
autoland,4769055,12,f76b60813665636d86169b6507d2f60fe004600c,windows10-64-shippable-qr,True,False,,,102210fe594ee9b33d82058545b1ed14f4c8206e,console.log-in-loop-content-process-array,damp,True,damp console.log-in-loop-content-process-array opt e10s fission stylo webrender-sw,4768818,77,ms,firefox,,1750486566,2023-09-05 06:45:05,122.91781938033364,55f5393d14f682f76c2d9f9c857c9f0890ee2a7f,1295504,,,,,,,,,,,,,,,,,,,,,,,,,,,,,,,,,,,,,,,,,,,,,,,,,,TN,,,,,,,,,,
autoland,4769055,12,f76b60813665636d86169b6507d2f60fe004600c,windows10-64-shippable-qr,True,False,,,102210fe594ee9b33d82058545b1ed14f4c8206e,console.log-in-loop-content-process-array,damp,True,damp console.log-in-loop-content-process-array opt e10s fission stylo webrender-sw,4768818,77,ms,firefox,,1750597244,2023-09-05 11:29:45,123.22694430260162,27708fc6f6648945c105baa6a5c63f9d62f265b5,1295622,,,,,,,,,,,,,,,,,,,,,,,,,,,,,,,,,,,,,,,,,,,,,,,,,,TN,,,,,,,,,,
autoland,4769055,12,f76b60813665636d86169b6507d2f60fe004600c,windows10-64-shippable-qr,True,False,,,102210fe594ee9b33d82058545b1ed14f4c8206e,console.log-in-loop-content-process-array,damp,True,damp console.log-in-loop-content-process-array opt e10s fission stylo webrender-sw,4768818,77,ms,firefox,,1750625255,2023-09-05 11:45:39,122.34566354699471,42d664dd03163fb19554f6e18c4163b8622b4401,1295627,,,,,,,,,,,,,,,,,,,,,,,,,,,,,,,,,,,,,,,,,,,,,,,,,,TN,,,,,,,,,,
autoland,4769055,12,f76b60813665636d86169b6507d2f60fe004600c,windows10-64-shippable-qr,True,False,,,102210fe594ee9b33d82058545b1ed14f4c8206e,console.log-in-loop-content-process-array,damp,True,damp console.log-in-loop-content-process-array opt e10s fission stylo webrender-sw,4768818,77,ms,firefox,,1750694618,2023-09-05 15:46:18,122.20652466272804,40053facf08c6ea9bc6a6f5ae223a6faa89ebc08,1295770,,,,,,,,,,,,,,,,,,,,,,,,,,,,,,,,,,,,,,,,,,,,,,,,,,TN,,,,,,,,,,
autoland,4769055,12,f76b60813665636d86169b6507d2f60fe004600c,windows10-64-shippable-qr,True,False,,,102210fe594ee9b33d82058545b1ed14f4c8206e,console.log-in-loop-content-process-array,damp,True,damp console.log-in-loop-content-process-array opt e10s fission stylo webrender-sw,4768818,77,ms,firefox,,1750719692,2023-09-05 16:15:45,122.69190439391603,08da3ca498f61eb9acb594038c5e764cfb37d735,1295791,,,,,,,,,,,,,,,,,,,,,,,,,,,,,,,,,,,,,,,,,,,,,,,,,,TN,,,,,,,,,,
autoland,4769055,12,f76b60813665636d86169b6507d2f60fe004600c,windows10-64-shippable-qr,True,False,,,102210fe594ee9b33d82058545b1ed14f4c8206e,console.log-in-loop-content-process-array,damp,True,damp console.log-in-loop-content-process-array opt e10s fission stylo webrender-sw,4768818,77,ms,firefox,,1750856470,2023-09-05 19:25:11,122.81294896007785,e6278ccb302b74ca329c17e5d00508b795c54eec,1295926,,,,,,,,,,,,,,,,,,,,,,,,,,,,,,,,,,,,,,,,,,,,,,,,,,TN,,,,,,,,,,
autoland,4769055,12,f76b60813665636d86169b6507d2f60fe004600c,windows10-64-shippable-qr,True,False,,,102210fe594ee9b33d82058545b1ed14f4c8206e,console.log-in-loop-content-process-array,damp,True,damp console.log-in-loop-content-process-array opt e10s fission stylo webrender-sw,4768818,77,ms,firefox,,1750986611,2023-09-05 23:38:09,122.32748936832468,b34280e9a0872e3b3f0893cd3bd78bf94b421612,1296071,,,,,,,,,,,,,,,,,,,,,,,,,,,,,,,,,,,,,,,,,,,,,,,,,,TN,,,,,,,,,,
autoland,4769055,12,f76b60813665636d86169b6507d2f60fe004600c,windows10-64-shippable-qr,True,False,,,102210fe594ee9b33d82058545b1ed14f4c8206e,console.log-in-loop-content-process-array,damp,True,damp console.log-in-loop-content-process-array opt e10s fission stylo webrender-sw,4768818,77,ms,firefox,,1751007074,2023-09-06 00:54:53,122.03517917266436,ff7e2e9adbc1753b1f3e01a3f2eb8a91bb911418,1296116,,,,,,,,,,,,,,,,,,,,,,,,,,,,,,,,,,,,,,,,,,,,,,,,,,TN,,,,,,,,,,
autoland,4769055,12,f76b60813665636d86169b6507d2f60fe004600c,windows10-64-shippable-qr,True,False,,,102210fe594ee9b33d82058545b1ed14f4c8206e,console.log-in-loop-content-process-array,damp,True,damp console.log-in-loop-content-process-array opt e10s fission stylo webrender-sw,4768818,77,ms,firefox,,1751098574,2023-09-06 05:00:41,122.68021531288376,5c56b92baa65aa27df61f84718594767ef8f26f4,1296186,,,,,,,,,,,,,,,,,,,,,,,,,,,,,,,,,,,,,,,,,,,,,,,,,,TN,,,,,,,,,,
autoland,4769055,12,f76b60813665636d86169b6507d2f60fe004600c,windows10-64-shippable-qr,True,False,,,102210fe594ee9b33d82058545b1ed14f4c8206e,console.log-in-loop-content-process-array,damp,True,damp console.log-in-loop-content-process-array opt e10s fission stylo webrender-sw,4768818,77,ms,firefox,,1751272952,2023-09-06 10:31:58,123.25429065192476,6631a30338d3de03925f76afd071a29511729440,1296288,,,,,,,,,,,,,,,,,,,,,,,,,,,,,,,,,,,,,,,,,,,,,,,,,,TN,,,,,,,,,,
autoland,4769055,12,f76b60813665636d86169b6507d2f60fe004600c,windows10-64-shippable-qr,True,False,,,102210fe594ee9b33d82058545b1ed14f4c8206e,console.log-in-loop-content-process-array,damp,True,damp console.log-in-loop-content-process-array opt e10s fission stylo webrender-sw,4768818,77,ms,firefox,,1751253823,2023-09-06 11:18:29,122.30773379281254,e43370e4259f61e0c264dbcef8b45e2862b3c5e8,1296309,,,,,,,,,,,,,,,,,,,,,,,,,,,,,,,,,,,,,,,,,,,,,,,,,,TN,,,,,,,,,,
autoland,4769055,12,f76b60813665636d86169b6507d2f60fe004600c,windows10-64-shippable-qr,True,False,,,102210fe594ee9b33d82058545b1ed14f4c8206e,console.log-in-loop-content-process-array,damp,True,damp console.log-in-loop-content-process-array opt e10s fission stylo webrender-sw,4768818,77,ms,firefox,,1751349595,2023-09-06 14:28:21,122.41581108724404,0315c2d875ca2a95bbb65ef4a1f7b75f72ed7263,1296418,,,,,,,,,,,,,,,,,,,,,,,,,,,,,,,,,,,,,,,,,,,,,,,,,,TN,,,,,,,,,,
autoland,4769055,12,f76b60813665636d86169b6507d2f60fe004600c,windows10-64-shippable-qr,True,False,,,102210fe594ee9b33d82058545b1ed14f4c8206e,console.log-in-loop-content-process-array,damp,True,damp console.log-in-loop-content-process-array opt e10s fission stylo webrender-sw,4768818,77,ms,firefox,,1751400762,2023-09-06 18:00:42,123.14783905169496,340378041fcfd986f6c0edb18a81efbc36f930c1,1296561,,,,,,,,,,,,,,,,,,,,,,,,,,,,,,,,,,,,,,,,,,,,,,,,,,TN,,,,,,,,,,
autoland,4769055,12,f76b60813665636d86169b6507d2f60fe004600c,windows10-64-shippable-qr,True,False,,,102210fe594ee9b33d82058545b1ed14f4c8206e,console.log-in-loop-content-process-array,damp,True,damp console.log-in-loop-content-process-array opt e10s fission stylo webrender-sw,4768818,77,ms,firefox,,1751478668,2023-09-06 21:18:27,123.36091761307216,6e5768f3fc480965c2b67e5006ad8351d30a27b2,1296699,,,,,,,,,,,,,,,,,,,,,,,,,,,,,,,,,,,,,,,,,,,,,,,,,,TN,,,,,,,,,,
autoland,4769055,12,f76b60813665636d86169b6507d2f60fe004600c,windows10-64-shippable-qr,True,False,,,102210fe594ee9b33d82058545b1ed14f4c8206e,console.log-in-loop-content-process-array,damp,True,damp console.log-in-loop-content-process-array opt e10s fission stylo webrender-sw,4768818,77,ms,firefox,,1751601170,2023-09-07 02:02:33,123.08750965973104,172ac46f5fd5a20a001b2cbed27df0ffb44ef6a6,1296842,,,,,,,,,,,,,,,,,,,,,,,,,,,,,,,,,,,,,,,,,,,,,,,,,,TN,,,,,,,,,,
autoland,4769055,12,f76b60813665636d86169b6507d2f60fe004600c,windows10-64-shippable-qr,True,False,,,102210fe594ee9b33d82058545b1ed14f4c8206e,console.log-in-loop-content-process-array,damp,True,damp console.log-in-loop-content-process-array opt e10s fission stylo webrender-sw,4768818,77,ms,firefox,,1751672528,2023-09-07 05:47:53,123.32725418978043,c8b40099127c273a58ba6defbe045c55752f0f64,1296880,,,,,,,,,,,,,,,,,,,,,,,,,,,,,,,,,,,,,,,,,,,,,,,,,,TN,,,,,,,,,,
autoland,4769055,12,f76b60813665636d86169b6507d2f60fe004600c,windows10-64-shippable-qr,True,False,,,102210fe594ee9b33d82058545b1ed14f4c8206e,console.log-in-loop-content-process-array,damp,True,damp console.log-in-loop-content-process-array opt e10s fission stylo webrender-sw,4768818,77,ms,firefox,,1751770709,2023-09-07 10:02:59,122.7298342792228,72c09a220d986d7af3fa78b07b9b87cd943f9ab5,1296967,,,,,,,,,,,,,,,,,,,,,,,,,,,,,,,,,,,,,,,,,,,,,,,,,,TN,,,,,,,,,,
autoland,4769055,12,f76b60813665636d86169b6507d2f60fe004600c,windows10-64-shippable-qr,True,False,,,102210fe594ee9b33d82058545b1ed14f4c8206e,console.log-in-loop-content-process-array,damp,True,damp console.log-in-loop-content-process-array opt e10s fission stylo webrender-sw,4768818,77,ms,firefox,,1751887839,2023-09-07 12:32:17,122.74165217705922,31aee1c71573016a4a40410e1c41adad2304c430,1297037,,,,,,,,,,,,,,,,,,,,,,,,,,,,,,,,,,,,,,,,,,,,,,,,,,TN,,,,,,,,,,
autoland,4769055,12,f76b60813665636d86169b6507d2f60fe004600c,windows10-64-shippable-qr,True,False,,,102210fe594ee9b33d82058545b1ed14f4c8206e,console.log-in-loop-content-process-array,damp,True,damp console.log-in-loop-content-process-array opt e10s fission stylo webrender-sw,4768818,77,ms,firefox,,1751915189,2023-09-07 16:05:38,122.617065446605,be838735b3cf99411aaa287377f080810144f92d,1297179,,,,,,,,,,,,,,,,,,,,,,,,,,,,,,,,,,,,,,,,,,,,,,,,,,TN,,,,,,,,,,
autoland,4769055,12,f76b60813665636d86169b6507d2f60fe004600c,windows10-64-shippable-qr,True,False,,,102210fe594ee9b33d82058545b1ed14f4c8206e,console.log-in-loop-content-process-array,damp,True,damp console.log-in-loop-content-process-array opt e10s fission stylo webrender-sw,4768818,77,ms,firefox,,1752070905,2023-09-07 18:57:03,122.960623191364,25b4a7559a80b3970d88de68b2ac92420ca025c8,1297304,,,,,,,,,,,,,,,,,,,,,,,,,,,,,,,,,,,,,,,,,,,,,,,,,,TN,,,,,,,,,,
autoland,4769055,12,f76b60813665636d86169b6507d2f60fe004600c,windows10-64-shippable-qr,True,False,,,102210fe594ee9b33d82058545b1ed14f4c8206e,console.log-in-loop-content-process-array,damp,True,damp console.log-in-loop-content-process-array opt e10s fission stylo webrender-sw,4768818,77,ms,firefox,,1752224229,2023-09-07 23:16:45,122.84426482710478,6fb5507c20420498c1ebe5f2b6df35394d980f1c,1297446,,,,,,,,,,,,,,,,,,,,,,,,,,,,,,,,,,,,,,,,,,,,,,,,,,TN,,,,,,,,,,
autoland,4769055,12,f76b60813665636d86169b6507d2f60fe004600c,windows10-64-shippable-qr,True,False,,,102210fe594ee9b33d82058545b1ed14f4c8206e,console.log-in-loop-content-process-array,damp,True,damp console.log-in-loop-content-process-array opt e10s fission stylo webrender-sw,4768818,77,ms,firefox,,1752200368,2023-09-07 23:39:19,122.6866137281504,3096b15a785accc50f5e96ad64eed31ebd5ae045,1297453,,,,,,,,,,,,,,,,,,,,,,,,,,,,,,,,,,,,,,,,,,,,,,,,,,TN,,,,,,,,,,
autoland,4769055,12,f76b60813665636d86169b6507d2f60fe004600c,windows10-64-shippable-qr,True,False,,,102210fe594ee9b33d82058545b1ed14f4c8206e,console.log-in-loop-content-process-array,damp,True,damp console.log-in-loop-content-process-array opt e10s fission stylo webrender-sw,4768818,77,ms,firefox,,1752319444,2023-09-08 04:28:36,122.70252760789664,9cf29328d69c6278a4d9e184fcf79d33542cb600,1297535,,,,,,,,,,,,,,,,,,,,,,,,,,,,,,,,,,,,,,,,,,,,,,,,,,TN,,,,,,,,,,
autoland,4769055,12,f76b60813665636d86169b6507d2f60fe004600c,windows10-64-shippable-qr,True,False,,,102210fe594ee9b33d82058545b1ed14f4c8206e,console.log-in-loop-content-process-array,damp,True,damp console.log-in-loop-content-process-array opt e10s fission stylo webrender-sw,4768818,77,ms,firefox,,1752378692,2023-09-08 08:33:18,121.88375200746668,850826d930dbbaab76c864c8e0c815e741d335ec,1297602,,,,,,,,,,,,,,,,,,,,,,,,,,,,,,,,,,,,,,,,,,,,,,,,,,TN,,,,,,,,,,
autoland,4769055,12,f76b60813665636d86169b6507d2f60fe004600c,windows10-64-shippable-qr,True,False,,,102210fe594ee9b33d82058545b1ed14f4c8206e,console.log-in-loop-content-process-array,damp,True,damp console.log-in-loop-content-process-array opt e10s fission stylo webrender-sw,4768818,77,ms,firefox,,1752483372,2023-09-08 09:52:44,122.68751209598486,274b1d437629e97813d0b7fe7e8b4912cf84cf32,1297644,,,,,,,,,,,,,,,,,,,,,,,,,,,,,,,,,,,,,,,,,,,,,,,,,,TN,,,,,,,,,,
autoland,4769055,12,f76b60813665636d86169b6507d2f60fe004600c,windows10-64-shippable-qr,True,False,,,102210fe594ee9b33d82058545b1ed14f4c8206e,console.log-in-loop-content-process-array,damp,True,damp console.log-in-loop-content-process-array opt e10s fission stylo webrender-sw,4768818,77,ms,firefox,,1752607683,2023-09-08 14:14:09,122.43688314614064,822367e291b07b889b553a6beaa660fd1d4bf101,1297788,,,,,,,,,,,,,,,,,,,,,,,,,,,,,,,,,,,,,,,,,,,,,,,,,,TN,,,,,,,,,,
autoland,4769055,12,f76b60813665636d86169b6507d2f60fe004600c,windows10-64-shippable-qr,True,False,,,102210fe594ee9b33d82058545b1ed14f4c8206e,console.log-in-loop-content-process-array,damp,True,damp console.log-in-loop-content-process-array opt e10s fission stylo webrender-sw,4768818,77,ms,firefox,,1752629509,2023-09-08 14:59:47,122.46359423378637,bde2db6f12ce1100b2bbb4b10916f7be1cf90f3a,1297817,,,,,,,,,,,,,,,,,,,,,,,,,,,,,,,,,,,,,,,,,,,,,,,,,,TN,,,,,,,,,,
autoland,4769055,12,f76b60813665636d86169b6507d2f60fe004600c,windows10-64-shippable-qr,True,False,,,102210fe594ee9b33d82058545b1ed14f4c8206e,console.log-in-loop-content-process-array,damp,True,damp console.log-in-loop-content-process-array opt e10s fission stylo webrender-sw,4768818,77,ms,firefox,,1752694940,2023-09-08 18:04:40,122.13540217777518,27b2bca6565fd4a7d724617dc2a06ad4433d5e7d,1297929,,,,,,,,,,,,,,,,,,,,,,,,,,,,,,,,,,,,,,,,,,,,,,,,,,TN,,,,,,,,,,
autoland,4769055,12,f76b60813665636d86169b6507d2f60fe004600c,windows10-64-shippable-qr,True,False,,,102210fe594ee9b33d82058545b1ed14f4c8206e,console.log-in-loop-content-process-array,damp,True,damp console.log-in-loop-content-process-array opt e10s fission stylo webrender-sw,4768818,77,ms,firefox,,1752881233,2023-09-08 22:44:42,124.6526078221359,caabab6fd2b88b34f1344af40c555fed0a039949,1298112,,,,,,,,,,,,,,,,,,,,,,,,,,,,,,,,,,,,,,,,,,,,,,,,,,TN,,,,,,,,,,
autoland,4769055,12,f76b60813665636d86169b6507d2f60fe004600c,windows10-64-shippable-qr,True,False,,,102210fe594ee9b33d82058545b1ed14f4c8206e,console.log-in-loop-content-process-array,damp,True,damp console.log-in-loop-content-process-array opt e10s fission stylo webrender-sw,4768818,77,ms,firefox,,1752924497,2023-09-09 01:11:00,122.30410804696204,266305ba8989b3072ea042b1a3130ddfb89960e1,1298167,,,,,,,,,,,,,,,,,,,,,,,,,,,,,,,,,,,,,,,,,,,,,,,,,,TN,,,,,,,,,,
autoland,4769055,12,f76b60813665636d86169b6507d2f60fe004600c,windows10-64-shippable-qr,True,False,,,102210fe594ee9b33d82058545b1ed14f4c8206e,console.log-in-loop-content-process-array,damp,True,damp console.log-in-loop-content-process-array opt e10s fission stylo webrender-sw,4768818,77,ms,firefox,,1752974245,2023-09-09 05:59:08,122.24513334054882,02f7c436b43f486a8aec92c449f2df1fedf9226a,1298196,,,,,,,,,,,,,,,,,,,,,,,,,,,,,,,,,,,,,,,,,,,,,,,,,,TN,,,,,,,,,,
autoland,4769055,12,f76b60813665636d86169b6507d2f60fe004600c,windows10-64-shippable-qr,True,False,,,102210fe594ee9b33d82058545b1ed14f4c8206e,console.log-in-loop-content-process-array,damp,True,damp console.log-in-loop-content-process-array opt e10s fission stylo webrender-sw,4768818,77,ms,firefox,,1753064896,2023-09-09 12:58:29,122.66609186162624,52b4a28cd9d7623a471a02cb994a2aebbd5d7403,1298223,,,,,,,,,,,,,,,,,,,,,,,,,,,,,,,,,,,,,,,,,,,,,,,,,,TN,,,,,,,,,,
autoland,4769055,12,f76b60813665636d86169b6507d2f60fe004600c,windows10-64-shippable-qr,True,False,,,102210fe594ee9b33d82058545b1ed14f4c8206e,console.log-in-loop-content-process-array,damp,True,damp console.log-in-loop-content-process-array opt e10s fission stylo webrender-sw,4768818,77,ms,firefox,,1753201291,2023-09-09 23:18:35,123.2143149714284,df18c9cb1487f09a89e27eabbd0819691c70701b,1298263,,,,,,,,,,,,,,,,,,,,,,,,,,,,,,,,,,,,,,,,,,,,,,,,,,TN,,,,,,,,,,
autoland,4769055,12,f76b60813665636d86169b6507d2f60fe004600c,windows10-64-shippable-qr,True,False,,,102210fe594ee9b33d82058545b1ed14f4c8206e,console.log-in-loop-content-process-array,damp,True,damp console.log-in-loop-content-process-array opt e10s fission stylo webrender-sw,4768818,77,ms,firefox,,1753267441,2023-09-10 03:51:10,122.93015501991977,7faa89970aed2f2e16f538aba1a7465bb6a5ea20,1298271,,,,,,,,,,,,,,,,,,,,,,,,,,,,,,,,,,,,,,,,,,,,,,,,,,TN,,,,,,,,,,
autoland,4769055,12,f76b60813665636d86169b6507d2f60fe004600c,windows10-64-shippable-qr,True,False,,,102210fe594ee9b33d82058545b1ed14f4c8206e,console.log-in-loop-content-process-array,damp,True,damp console.log-in-loop-content-process-array opt e10s fission stylo webrender-sw,4768818,77,ms,firefox,,1753441396,2023-09-10 10:15:01,125.88840457522748,2e1c2dd8ef65a6914ebc4e0bc0a0a274c31e29bc,1298293,,,,,,,,,,,,,,,,,,,,,,,,,,,,,,,,,,,,,,,,,,,,,,,,,,TN,,,,,,,,,,
autoland,4769055,12,f76b60813665636d86169b6507d2f60fe004600c,windows10-64-shippable-qr,True,False,,,102210fe594ee9b33d82058545b1ed14f4c8206e,console.log-in-loop-content-process-array,damp,True,damp console.log-in-loop-content-process-array opt e10s fission stylo webrender-sw,4768818,77,ms,firefox,,1753525004,2023-09-10 12:24:34,123.00832033991264,640ad6a53cf88f878095f49f98b720a99c2762bd,1298303,,,,,,,,,,,,,,,,,,,,,,,,,,,,,,,,,,,,,,,,,,,,,,,,,,TN,,,,,,,,,,
autoland,4769055,12,f76b60813665636d86169b6507d2f60fe004600c,windows10-64-shippable-qr,True,False,,,102210fe594ee9b33d82058545b1ed14f4c8206e,console.log-in-loop-content-process-array,damp,True,damp console.log-in-loop-content-process-array opt e10s fission stylo webrender-sw,4768818,77,ms,firefox,,1753623410,2023-09-10 16:24:53,123.0372049983498,e91d172728590586e38bc431f3dc779479e365d5,1298313,,,,,,,,,,,,,,,,,,,,,,,,,,,,,,,,,,,,,,,,,,,,,,,,,,TN,,,,,,,,,,
autoland,4769055,12,f76b60813665636d86169b6507d2f60fe004600c,windows10-64-shippable-qr,True,False,,,102210fe594ee9b33d82058545b1ed14f4c8206e,console.log-in-loop-content-process-array,damp,True,damp console.log-in-loop-content-process-array opt e10s fission stylo webrender-sw,4768818,77,ms,firefox,,1753758085,2023-09-10 22:24:39,125.3061763657788,fff502a8f26bdfc51eada3cf32107848bff64a76,1298356,,,,,,,,,,,,,,,,,,,,,,,,,,,,,,,,,,,,,,,,,,,,,,,,,,TN,,,,,,,,,,
autoland,4769055,12,f76b60813665636d86169b6507d2f60fe004600c,windows10-64-shippable-qr,True,False,,,102210fe594ee9b33d82058545b1ed14f4c8206e,console.log-in-loop-content-process-array,damp,True,damp console.log-in-loop-content-process-array opt e10s fission stylo webrender-sw,4768818,77,ms,firefox,,1753840217,2023-09-11 04:00:08,121.83059578638132,5f5a3f190fdfa0947a671467171ab2b3cee62c38,1298396,,,,,,,,,,,,,,,,,,,,,,,,,,,,,,,,,,,,,,,,,,,,,,,,,,TN,,,,,,,,,,
autoland,4769055,12,f76b60813665636d86169b6507d2f60fe004600c,windows10-64-shippable-qr,True,False,,,102210fe594ee9b33d82058545b1ed14f4c8206e,console.log-in-loop-content-process-array,damp,True,damp console.log-in-loop-content-process-array opt e10s fission stylo webrender-sw,4768818,77,ms,firefox,,1753897843,2023-09-11 08:01:16,122.6618638733744,35ae39561912dad340dac47c7c1dc3af6ead952b,1298437,,,,,,,,,,,,,,,,,,,,,,,,,,,,,,,,,,,,,,,,,,,,,,,,,,TN,,,,,,,,,,
autoland,4769055,12,f76b60813665636d86169b6507d2f60fe004600c,windows10-64-shippable-qr,True,False,,,102210fe594ee9b33d82058545b1ed14f4c8206e,console.log-in-loop-content-process-array,damp,True,damp console.log-in-loop-content-process-array opt e10s fission stylo webrender-sw,4768818,77,ms,firefox,,1753982412,2023-09-11 10:09:23,122.8397436313162,16a377bb7b5f9713ac6a5fae21ce043c7de7cd67,1298486,,,,,,,,,,,,,,,,,,,,,,,,,,,,,,,,,,,,,,,,,,,,,,,,,,TN,,,,,,,,,,
autoland,4769055,12,f76b60813665636d86169b6507d2f60fe004600c,windows10-64-shippable-qr,True,False,,,102210fe594ee9b33d82058545b1ed14f4c8206e,console.log-in-loop-content-process-array,damp,True,damp console.log-in-loop-content-process-array opt e10s fission stylo webrender-sw,4768818,77,ms,firefox,,1754090002,2023-09-11 13:54:23,122.80514320627752,2ea4fd5d517a2b5edf081c9e2ccd8c014f6dc171,1298638,,,,,,,,,,,,,,,,,,,,,,,,,,,,,,,,,,,,,,,,,,,,,,,,,,TN,,,,,,,,,,
autoland,4769055,12,f76b60813665636d86169b6507d2f60fe004600c,windows10-64-shippable-qr,True,False,,,102210fe594ee9b33d82058545b1ed14f4c8206e,console.log-in-loop-content-process-array,damp,True,damp console.log-in-loop-content-process-array opt e10s fission stylo webrender-sw,4768818,77,ms,firefox,,1754444157,2023-09-11 17:41:44,122.90830969031413,f28ec98bf27ffbc0952af3f4ff0ffec4218a6554,1298761,,,,,,,,,,,,,,,,,,,,,,,,,,,,,,,,,,,,,,,,,,,,,,,,,,TN,,,,,,,,,,
autoland,4769055,12,f76b60813665636d86169b6507d2f60fe004600c,windows10-64-shippable-qr,True,False,,,102210fe594ee9b33d82058545b1ed14f4c8206e,console.log-in-loop-content-process-array,damp,True,damp console.log-in-loop-content-process-array opt e10s fission stylo webrender-sw,4768818,77,ms,firefox,,1754410312,2023-09-11 21:44:17,122.57789908003906,4a10a12f6006582e936c81baefda439d8f078729,1298874,,,,,,,,,,,,,,,,,,,,,,,,,,,,,,,,,,,,,,,,,,,,,,,,,,TN,,,,,,,,,,
autoland,4769055,12,f76b60813665636d86169b6507d2f60fe004600c,windows10-64-shippable-qr,True,False,,,102210fe594ee9b33d82058545b1ed14f4c8206e,console.log-in-loop-content-process-array,damp,True,damp console.log-in-loop-content-process-array opt e10s fission stylo webrender-sw,4768818,77,ms,firefox,,1754400416,2023-09-11 22:07:56,122.76588990644086,12882fe96164b756c60fff4549300977b85af06f,1298881,,,,,,,,,,,,,,,,,,,,,,,,,,,,,,,,,,,,,,,,,,,,,,,,,,TN,,,,,,,,,,
autoland,4769055,12,f76b60813665636d86169b6507d2f60fe004600c,windows10-64-shippable-qr,True,False,,,102210fe594ee9b33d82058545b1ed14f4c8206e,console.log-in-loop-content-process-array,damp,True,damp console.log-in-loop-content-process-array opt e10s fission stylo webrender-sw,4768818,77,ms,firefox,,1754548537,2023-09-12 02:35:45,123.06280500271714,cdcc536589320caec69ec36416058cd46b8d4178,1298976,,,,,,,,,,,,,,,,,,,,,,,,,,,,,,,,,,,,,,,,,,,,,,,,,,TN,,,,,,,,,,
autoland,4769055,12,f76b60813665636d86169b6507d2f60fe004600c,windows10-64-shippable-qr,True,False,,,102210fe594ee9b33d82058545b1ed14f4c8206e,console.log-in-loop-content-process-array,damp,True,damp console.log-in-loop-content-process-array opt e10s fission stylo webrender-sw,4768818,77,ms,firefox,,1754649866,2023-09-12 07:31:58,123.00294297750588,2e2360c55e7b421532f4d12b7a36a0e0f943a1e9,1299027,,,,,,,,,,,,,,,,,,,,,,,,,,,,,,,,,,,,,,,,,,,,,,,,,,TN,,,,,,,,,,
autoland,4769055,12,f76b60813665636d86169b6507d2f60fe004600c,windows10-64-shippable-qr,True,False,,,102210fe594ee9b33d82058545b1ed14f4c8206e,console.log-in-loop-content-process-array,damp,True,damp console.log-in-loop-content-process-array opt e10s fission stylo webrender-sw,4768818,77,ms,firefox,,1754791155,2023-09-12 11:48:24,122.6504774735613,4cca882e069d67c3a9a9064ac603b0dca23a5b39,1299122,,,,,,,,,,,,,,,,,,,,,,,,,,,,,,,,,,,,,,,,,,,,,,,,,,TN,,,,,,,,,,
autoland,4769055,12,f76b60813665636d86169b6507d2f60fe004600c,windows10-64-shippable-qr,True,False,,,102210fe594ee9b33d82058545b1ed14f4c8206e,console.log-in-loop-content-process-array,damp,True,damp console.log-in-loop-content-process-array opt e10s fission stylo webrender-sw,4768818,77,ms,firefox,,1754823100,2023-09-12 12:34:27,122.95801286350888,f302f4a5371614cb2d42fbbe4ddfdd068aae146d,1299141,,,,,,,,,,,,,,,,,,,,,,,,,,,,,,,,,,,,,,,,,,,,,,,,,,TN,,,,,,,,,,
autoland,4769055,12,f76b60813665636d86169b6507d2f60fe004600c,windows10-64-shippable-qr,True,False,,,102210fe594ee9b33d82058545b1ed14f4c8206e,console.log-in-loop-content-process-array,damp,True,damp console.log-in-loop-content-process-array opt e10s fission stylo webrender-sw,4768818,77,ms,firefox,,1754990118,2023-09-12 16:35:29,122.98237625627915,1b3be6b61583c53c2cb899ffc91c921c022e8162,1299257,,,,,,,,,,,,,,,,,,,,,,,,,,,,,,,,,,,,,,,,,,,,,,,,,,TN,,,,,,,,,,
autoland,4769055,12,f76b60813665636d86169b6507d2f60fe004600c,windows10-64-shippable-qr,True,False,,,102210fe594ee9b33d82058545b1ed14f4c8206e,console.log-in-loop-content-process-array,damp,True,damp console.log-in-loop-content-process-array opt e10s fission stylo webrender-sw,4768818,77,ms,firefox,,1755103716,2023-09-12 17:51:01,126.43189308895762,c77f534dc9b99192eca371e3917ffc5b504bd055,1299297,,,,,,,,,,,,,,,,,,,,,,,,,,,,,,,,,,,,,,,,,,,,,,,,,,TN,,,,,,,,,,
autoland,4769055,12,f76b60813665636d86169b6507d2f60fe004600c,windows10-64-shippable-qr,True,False,,,102210fe594ee9b33d82058545b1ed14f4c8206e,console.log-in-loop-content-process-array,damp,True,damp console.log-in-loop-content-process-array opt e10s fission stylo webrender-sw,4768818,77,ms,firefox,,1755215921,2023-09-12 22:44:58,123.23548004363602,0339e9d43c22845d7589528bc8a08eee6b2d5c7a,1299446,,,,,,,,,,,,,,,,,,,,,,,,,,,,,,,,,,,,,,,,,,,,,,,,,,TN,,,,,,,,,,
autoland,4769055,12,f76b60813665636d86169b6507d2f60fe004600c,windows10-64-shippable-qr,True,False,,,102210fe594ee9b33d82058545b1ed14f4c8206e,console.log-in-loop-content-process-array,damp,True,damp console.log-in-loop-content-process-array opt e10s fission stylo webrender-sw,4768818,77,ms,firefox,,1755212876,2023-09-12 23:09:22,122.75769485194088,d238756ba039d0430074dea8fa1db0c2b75b8184,1299456,,,,,,,,,,,,,,,,,,,,,,,,,,,,,,,,,,,,,,,,,,,,,,,,,,TN,,,,,,,,,,
autoland,4769055,12,f76b60813665636d86169b6507d2f60fe004600c,windows10-64-shippable-qr,True,False,,,102210fe594ee9b33d82058545b1ed14f4c8206e,console.log-in-loop-content-process-array,damp,True,damp console.log-in-loop-content-process-array opt e10s fission stylo webrender-sw,4768818,77,ms,firefox,,1755235551,2023-09-13 03:21:32,122.88697347563811,daceab96e9588ecb729cc3648c7980f1d9928ef1,1299496,,,,,,,,,,,,,,,,,,,,,,,,,,,,,,,,,,,,,,,,,,,,,,,,,,TN,,,,,,,,,,
autoland,4769055,12,f76b60813665636d86169b6507d2f60fe004600c,windows10-64-shippable-qr,True,False,,,102210fe594ee9b33d82058545b1ed14f4c8206e,console.log-in-loop-content-process-array,damp,True,damp console.log-in-loop-content-process-array opt e10s fission stylo webrender-sw,4768818,77,ms,firefox,,1755313461,2023-09-13 08:07:28,122.665190283451,00a66a4ea7d34e12302bd63f68a950cbff5a9ffa,1299529,,,,,,,,,,,,,,,,,,,,,,,,,,,,,,,,,,,,,,,,,,,,,,,,,,TN,,,,,,,,,,
autoland,4769055,12,f76b60813665636d86169b6507d2f60fe004600c,windows10-64-shippable-qr,True,False,,,102210fe594ee9b33d82058545b1ed14f4c8206e,console.log-in-loop-content-process-array,damp,True,damp console.log-in-loop-content-process-array opt e10s fission stylo webrender-sw,4768818,77,ms,firefox,,1755456216,2023-09-13 11:26:03,123.0598590155114,1a4b8c41b3c3efb7f5870fb99730fc6b08a44cc1,1299625,,,,,,,,,,,,,,,,,,,,,,,,,,,,,,,,,,,,,,,,,,,,,,,,,,TN,,,,,,,,,,
autoland,4769055,12,f76b60813665636d86169b6507d2f60fe004600c,windows10-64-shippable-qr,True,False,,,102210fe594ee9b33d82058545b1ed14f4c8206e,console.log-in-loop-content-process-array,damp,True,damp console.log-in-loop-content-process-array opt e10s fission stylo webrender-sw,4768818,77,ms,firefox,,1755613161,2023-09-13 15:38:40,123.04552566689654,49a7e292daad5c6727d745e6910b8bde5c3f59a6,1299802,,,,,,,,,,,,,,,,,,,,,,,,,,,,,,,,,,,,,,,,,,,,,,,,,,TN,,,,,,,,,,
autoland,4769055,12,f76b60813665636d86169b6507d2f60fe004600c,windows10-64-shippable-qr,True,False,,,102210fe594ee9b33d82058545b1ed14f4c8206e,console.log-in-loop-content-process-array,damp,True,damp console.log-in-loop-content-process-array opt e10s fission stylo webrender-sw,4768818,77,ms,firefox,,1755675085,2023-09-13 16:07:42,122.4713194911401,ce9c917d3e22a86f9e2a6fb5d5b68cd6d56fb687,1299823,,,,,,,,,,,,,,,,,,,,,,,,,,,,,,,,,,,,,,,,,,,,,,,,,,TN,,,,,,,,,,
autoland,4769055,12,f76b60813665636d86169b6507d2f60fe004600c,windows10-64-shippable-qr,True,False,,,102210fe594ee9b33d82058545b1ed14f4c8206e,console.log-in-loop-content-process-array,damp,True,damp console.log-in-loop-content-process-array opt e10s fission stylo webrender-sw,4768818,77,ms,firefox,,1755905559,2023-09-13 20:42:18,122.719552389196,ab101a976da356370e4d513e38e73a1fa55b1597,1300022,,,,,,,,,,,,,,,,,,,,,,,,,,,,,,,,,,,,,,,,,,,,,,,,,,TN,,,,,,,,,,
autoland,4769055,12,f76b60813665636d86169b6507d2f60fe004600c,windows10-64-shippable-qr,True,False,,,102210fe594ee9b33d82058545b1ed14f4c8206e,console.log-in-loop-content-process-array,damp,True,damp console.log-in-loop-content-process-array opt e10s fission stylo webrender-sw,4768818,77,ms,firefox,,1755922787,2023-09-13 23:14:42,122.05903083911016,8f5a11c1eb0b7598d1415f6efa9c360191a423f8,1300119,,,,,,,,,,,,,,,,,,,,,,,,,,,,,,,,,,,,,,,,,,,,,,,,,,TN,,,,,,,,,,
autoland,4769055,12,f76b60813665636d86169b6507d2f60fe004600c,windows10-64-shippable-qr,True,False,,,102210fe594ee9b33d82058545b1ed14f4c8206e,console.log-in-loop-content-process-array,damp,True,damp console.log-in-loop-content-process-array opt e10s fission stylo webrender-sw,4768818,77,ms,firefox,,1756140896,2023-09-14 04:10:41,121.7523058722154,c57de172952ed6dfa84943bd2175574e4c87e92b,1300187,,,,,,,,,,,,,,,,,,,,,,,,,,,,,,,,,,,,,,,,,,,,,,,,,,TN,,,,,,,,,,
autoland,4769055,12,f76b60813665636d86169b6507d2f60fe004600c,windows10-64-shippable-qr,True,False,,,102210fe594ee9b33d82058545b1ed14f4c8206e,console.log-in-loop-content-process-array,damp,True,damp console.log-in-loop-content-process-array opt e10s fission stylo webrender-sw,4768818,77,ms,firefox,,1756270622,2023-09-14 09:30:23,122.23016391517832,69c7e9b937f817f1bee50511a690a35aa3b49793,1300302,,,,,,,,,,,,,,,,,,,,,,,,,,,,,,,,,,,,,,,,,,,,,,,,,,TN,,,,,,,,,,
autoland,4769055,12,f76b60813665636d86169b6507d2f60fe004600c,windows10-64-shippable-qr,True,False,,,102210fe594ee9b33d82058545b1ed14f4c8206e,console.log-in-loop-content-process-array,damp,True,damp console.log-in-loop-content-process-array opt e10s fission stylo webrender-sw,4768818,77,ms,firefox,,1756486694,2023-09-14 15:44:34,124.3626441368042,3b93c8502571e31ff0926a4911fae422c3c2118c,1300523,,,,,,,,,,,,,,,,,,,,,,,,,,,,,,,,,,,,,,,,,,,,,,,,,,TN,,,,,,,,,,
autoland,4769055,12,f76b60813665636d86169b6507d2f60fe004600c,windows10-64-shippable-qr,True,False,,,102210fe594ee9b33d82058545b1ed14f4c8206e,console.log-in-loop-content-process-array,damp,True,damp console.log-in-loop-content-process-array opt e10s fission stylo webrender-sw,4768818,77,ms,firefox,,1756581091,2023-09-14 16:38:11,122.0684591669833,98de7bc404c3786a5459a205dea174bdf39d3dbf,1300546,,,,,,,,,,,,,,,,,,,,,,,,,,,,,,,,,,,,,,,,,,,,,,,,,,TN,,,,,,,,,,
autoland,4769055,12,f76b60813665636d86169b6507d2f60fe004600c,windows10-64-shippable-qr,True,False,,,102210fe594ee9b33d82058545b1ed14f4c8206e,console.log-in-loop-content-process-array,damp,True,damp console.log-in-loop-content-process-array opt e10s fission stylo webrender-sw,4768818,77,ms,firefox,,1756696387,2023-09-14 20:51:49,123.06242430944894,ecc245e6c1644825a53e0e4085347043a793a40f,1300732,,,,,,,,,,,,,,,,,,,,,,,,,,,,,,,,,,,,,,,,,,,,,,,,,,TN,,,,,,,,,,
autoland,4769055,12,f76b60813665636d86169b6507d2f60fe004600c,windows10-64-shippable-qr,True,False,,,102210fe594ee9b33d82058545b1ed14f4c8206e,console.log-in-loop-content-process-array,damp,True,damp console.log-in-loop-content-process-array opt e10s fission stylo webrender-sw,4768818,77,ms,firefox,,1756817247,2023-09-15 00:53:43,122.41346354051166,cfbd0bd9bc623276a862481e44bd71e1d57e2eac,1300850,,,,,,,,,,,,,,,,,,,,,,,,,,,,,,,,,,,,,,,,,,,,,,,,,,TN,,,,,,,,,,
autoland,4769055,12,f76b60813665636d86169b6507d2f60fe004600c,windows10-64-shippable-qr,True,False,,,102210fe594ee9b33d82058545b1ed14f4c8206e,console.log-in-loop-content-process-array,damp,True,damp console.log-in-loop-content-process-array opt e10s fission stylo webrender-sw,4768818,77,ms,firefox,,1756920304,2023-09-15 06:04:49,121.62506724265404,8f99acff4cbc8f25f158dc6ff079042f02768f05,1300927,,,,,,,,,,,,,,,,,,,,,,,,,,,,,,,,,,,,,,,,,,,,,,,,,,TN,,,,,,,,,,
autoland,4769055,12,f76b60813665636d86169b6507d2f60fe004600c,windows10-64-shippable-qr,True,False,,,102210fe594ee9b33d82058545b1ed14f4c8206e,console.log-in-loop-content-process-array,damp,True,damp console.log-in-loop-content-process-array opt e10s fission stylo webrender-sw,4768818,77,ms,firefox,,1757007760,2023-09-15 06:59:31,122.7551798160157,0a032c6f1d5da0740059f67c499e0e9f7ab88650,1300939,,,,,,,,,,,,,,,,,,,,,,,,,,,,,,,,,,,,,,,,,,,,,,,,,,TN,,,,,,,,,,
autoland,4769055,12,f76b60813665636d86169b6507d2f60fe004600c,windows10-64-shippable-qr,True,False,,,102210fe594ee9b33d82058545b1ed14f4c8206e,console.log-in-loop-content-process-array,damp,True,damp console.log-in-loop-content-process-array opt e10s fission stylo webrender-sw,4768818,77,ms,firefox,,1757104788,2023-09-15 11:50:44,121.9018010803893,29c4aff31f1dc95ad970b23a77b763265f1632c0,1301039,,,,,,,,,,,,,,,,,,,,,,,,,,,,,,,,,,,,,,,,,,,,,,,,,,TN,,,,,,,,,,
autoland,4769055,12,f76b60813665636d86169b6507d2f60fe004600c,windows10-64-shippable-qr,True,False,,,102210fe594ee9b33d82058545b1ed14f4c8206e,console.log-in-loop-content-process-array,damp,True,damp console.log-in-loop-content-process-array opt e10s fission stylo webrender-sw,4768818,77,ms,firefox,,1757196172,2023-09-15 14:51:55,122.3276636835326,079079610ac2a41dba72a91cbe2867519e2bc5bd,1301175,,,,,,,,,,,,,,,,,,,,,,,,,,,,,,,,,,,,,,,,,,,,,,,,,,TN,,,,,,,,,,
autoland,4769055,12,f76b60813665636d86169b6507d2f60fe004600c,windows10-64-shippable-qr,True,False,,,102210fe594ee9b33d82058545b1ed14f4c8206e,console.log-in-loop-content-process-array,damp,True,damp console.log-in-loop-content-process-array opt e10s fission stylo webrender-sw,4768818,77,ms,firefox,,1757330643,2023-09-15 17:51:06,122.01166882332473,fec6b3b46bc6439ac98e03aa73938deaf6323f5c,1301318,,,,,,,,,,,,,,,,,,,,,,,,,,,,,,,,,,,,,,,,,,,,,,,,,,TN,,,,,,,,,,
autoland,4769055,12,f76b60813665636d86169b6507d2f60fe004600c,windows10-64-shippable-qr,True,False,,,102210fe594ee9b33d82058545b1ed14f4c8206e,console.log-in-loop-content-process-array,damp,True,damp console.log-in-loop-content-process-array opt e10s fission stylo webrender-sw,4768818,77,ms,firefox,,1757349110,2023-09-15 20:04:54,122.19299643885915,99357ab2bb639918d2ea0e8f391494df18c24cb9,1301421,,,,,,,,,,,,,,,,,,,,,,,,,,,,,,,,,,,,,,,,,,,,,,,,,,TN,,,,,,,,,,
autoland,4769055,12,f76b60813665636d86169b6507d2f60fe004600c,windows10-64-shippable-qr,True,False,,,102210fe594ee9b33d82058545b1ed14f4c8206e,console.log-in-loop-content-process-array,damp,True,damp console.log-in-loop-content-process-array opt e10s fission stylo webrender-sw,4768818,77,ms,firefox,,1757494348,2023-09-16 00:25:52,122.32944656469408,aa4e3903740dfa0ed175c6ff18e57b8fbe82afd7,1301531,,,,,,,,,,,,,,,,,,,,,,,,,,,,,,,,,,,,,,,,,,,,,,,,,,TN,,,,,,,,,,
autoland,4769055,12,f76b60813665636d86169b6507d2f60fe004600c,windows10-64-shippable-qr,True,False,,,102210fe594ee9b33d82058545b1ed14f4c8206e,console.log-in-loop-content-process-array,damp,True,damp console.log-in-loop-content-process-array opt e10s fission stylo webrender-sw,4768818,77,ms,firefox,,1757489407,2023-09-16 00:35:43,122.83389903634723,69d0f600b52641dd114b02da128a162f86f09395,1301538,,,,,,,,,,,,,,,,,,,,,,,,,,,,,,,,,,,,,,,,,,,,,,,,,,TN,,,,,,,,,,
autoland,4769055,12,f76b60813665636d86169b6507d2f60fe004600c,windows10-64-shippable-qr,True,False,,,102210fe594ee9b33d82058545b1ed14f4c8206e,console.log-in-loop-content-process-array,damp,True,damp console.log-in-loop-content-process-array opt e10s fission stylo webrender-sw,4768818,77,ms,firefox,,1757567516,2023-09-16 05:54:34,121.8205593644625,7fcd45f7f407a0c756c8b8292b1df8d8162cdce6,1301559,,,,,,,,,,,,,,,,,,,,,,,,,,,,,,,,,,,,,,,,,,,,,,,,,,TN,,,,,,,,,,
autoland,4769055,12,f76b60813665636d86169b6507d2f60fe004600c,windows10-64-shippable-qr,True,False,,,102210fe594ee9b33d82058545b1ed14f4c8206e,console.log-in-loop-content-process-array,damp,True,damp console.log-in-loop-content-process-array opt e10s fission stylo webrender-sw,4768818,77,ms,firefox,,1757650689,2023-09-16 12:53:39,122.19713798484736,745d8130d1ac2d3e0ae51f2f22896853f0d34479,1301583,,,,,,,,,,,,,,,,,,,,,,,,,,,,,,,,,,,,,,,,,,,,,,,,,,TN,,,,,,,,,,
autoland,4769055,12,f76b60813665636d86169b6507d2f60fe004600c,windows10-64-shippable-qr,True,False,,,102210fe594ee9b33d82058545b1ed14f4c8206e,console.log-in-loop-content-process-array,damp,True,damp console.log-in-loop-content-process-array opt e10s fission stylo webrender-sw,4768818,77,ms,firefox,,1757695260,2023-09-16 18:13:35,122.75441028341902,a7bddb715bd51687e4f52876beeb747f6a19cb0d,1301606,,,,,,,,,,,,,,,,,,,,,,,,,,,,,,,,,,,,,,,,,,,,,,,,,,TN,,,,,,,,,,
autoland,4769055,12,f76b60813665636d86169b6507d2f60fe004600c,windows10-64-shippable-qr,True,False,,,102210fe594ee9b33d82058545b1ed14f4c8206e,console.log-in-loop-content-process-array,damp,True,damp console.log-in-loop-content-process-array opt e10s fission stylo webrender-sw,4768818,77,ms,firefox,,1757798615,2023-09-17 06:44:56,122.45966889978445,d1558269e35b364c189cb76982dfc3fdd465224b,1301647,,,,,,,,,,,,,,,,,,,,,,,,,,,,,,,,,,,,,,,,,,,,,,,,,,TN,,,,,,,,,,
autoland,4769055,12,f76b60813665636d86169b6507d2f60fe004600c,windows10-64-shippable-qr,True,False,,,102210fe594ee9b33d82058545b1ed14f4c8206e,console.log-in-loop-content-process-array,damp,True,damp console.log-in-loop-content-process-array opt e10s fission stylo webrender-sw,4768818,77,ms,firefox,,1757861877,2023-09-17 09:36:28,123.1263770678388,16afd66ac7be7ee4ffc61599d0241c28d47c74c7,1301654,,,,,,,,,,,,,,,,,,,,,,,,,,,,,,,,,,,,,,,,,,,,,,,,,,TN,,,,,,,,,,
autoland,4769055,12,f76b60813665636d86169b6507d2f60fe004600c,windows10-64-shippable-qr,True,False,,,102210fe594ee9b33d82058545b1ed14f4c8206e,console.log-in-loop-content-process-array,damp,True,damp console.log-in-loop-content-process-array opt e10s fission stylo webrender-sw,4768818,77,ms,firefox,,1757918699,2023-09-17 14:36:55,122.9488444169856,17a576f280a8e27d78d7247f1f451ca46a64d0f4,1301663,,,,,,,,,,,,,,,,,,,,,,,,,,,,,,,,,,,,,,,,,,,,,,,,,,TN,,,,,,,,,,
autoland,4769055,12,f76b60813665636d86169b6507d2f60fe004600c,windows10-64-shippable-qr,True,False,,,102210fe594ee9b33d82058545b1ed14f4c8206e,console.log-in-loop-content-process-array,damp,True,damp console.log-in-loop-content-process-array opt e10s fission stylo webrender-sw,4768818,77,ms,firefox,,1758019327,2023-09-17 22:46:46,123.57591734014386,4333e71e3754938bc5beee5baabbfd6657869bc6,1301700,,,,,,,,,,,,,,,,,,,,,,,,,,,,,,,,,,,,,,,,,,,,,,,,,,TN,,,,,,,,,,
autoland,4769055,12,f76b60813665636d86169b6507d2f60fe004600c,windows10-64-shippable-qr,True,False,,,102210fe594ee9b33d82058545b1ed14f4c8206e,console.log-in-loop-content-process-array,damp,True,damp console.log-in-loop-content-process-array opt e10s fission stylo webrender-sw,4768818,77,ms,firefox,,1758074274,2023-09-18 03:57:39,122.2831086387896,d395f485b3a2b96c9d6f47f5167308b763c1891b,1301730,,,,,,,,,,,,,,,,,,,,,,,,,,,,,,,,,,,,,,,,,,,,,,,,,,TN,,,,,,,,,,
autoland,4769055,12,f76b60813665636d86169b6507d2f60fe004600c,windows10-64-shippable-qr,True,False,,,102210fe594ee9b33d82058545b1ed14f4c8206e,console.log-in-loop-content-process-array,damp,True,damp console.log-in-loop-content-process-array opt e10s fission stylo webrender-sw,4768818,77,ms,firefox,,1758272933,2023-09-18 09:50:33,122.43705031367062,11fb2a6e434951fbef0791563a159cbbdd42f4c8,1301818,,,,,,,,,,,,,,,,,,,,,,,,,,,,,,,,,,,,,,,,,,,,,,,,,,TN,,,,,,,,,,
autoland,4769055,12,f76b60813665636d86169b6507d2f60fe004600c,windows10-64-shippable-qr,True,False,,,102210fe594ee9b33d82058545b1ed14f4c8206e,console.log-in-loop-content-process-array,damp,True,damp console.log-in-loop-content-process-array opt e10s fission stylo webrender-sw,4768818,77,ms,firefox,,1758377561,2023-09-18 14:45:06,122.5596377498232,7a51e2aa7d09aac78f5c93c25c65e83cb1272b7d,1301994,,,,,,,,,,,,,,,,,,,,,,,,,,,,,,,,,,,,,,,,,,,,,,,,,,TN,,,,,,,,,,
autoland,4769055,12,f76b60813665636d86169b6507d2f60fe004600c,windows10-64-shippable-qr,True,False,,,102210fe594ee9b33d82058545b1ed14f4c8206e,console.log-in-loop-content-process-array,damp,True,damp console.log-in-loop-content-process-array opt e10s fission stylo webrender-sw,4768818,77,ms,firefox,,1758601807,2023-09-18 21:05:31,122.8747693435671,44aa0c56427a5e659c7bec91e3b608472cb6f763,1302247,,,,,,,,,,,,,,,,,,,,,,,,,,,,,,,,,,,,,,,,,,,,,,,,,,TN,,,,,,,,,,
autoland,4769055,12,f76b60813665636d86169b6507d2f60fe004600c,windows10-64-shippable-qr,True,False,,,102210fe594ee9b33d82058545b1ed14f4c8206e,console.log-in-loop-content-process-array,damp,True,damp console.log-in-loop-content-process-array opt e10s fission stylo webrender-sw,4768818,77,ms,firefox,,1758622266,2023-09-18 22:22:31,122.40902267342062,3a523925f8ff99d5984169d7fbae7e4d1fc1cd18,1302316,,,,,,,,,,,,,,,,,,,,,,,,,,,,,,,,,,,,,,,,,,,,,,,,,,TN,,,,,,,,,,
autoland,4769055,12,f76b60813665636d86169b6507d2f60fe004600c,windows10-64-shippable-qr,True,False,,,102210fe594ee9b33d82058545b1ed14f4c8206e,console.log-in-loop-content-process-array,damp,True,damp console.log-in-loop-content-process-array opt e10s fission stylo webrender-sw,4768818,77,ms,firefox,,1758679172,2023-09-19 00:36:20,122.9821608564207,b0769fdf63e5e9d7ac3ef647f895b15971a8dc99,1302387,,,,,,,,,,,,,,,,,,,,,,,,,,,,,,,,,,,,,,,,,,,,,,,,,,TN,,,,,,,,,,
autoland,4769055,12,f76b60813665636d86169b6507d2f60fe004600c,windows10-64-shippable-qr,True,False,,,102210fe594ee9b33d82058545b1ed14f4c8206e,console.log-in-loop-content-process-array,damp,True,damp console.log-in-loop-content-process-array opt e10s fission stylo webrender-sw,4768818,77,ms,firefox,,1758739095,2023-09-19 04:53:23,123.4603319805192,6589c0d4d3d3aaed578f6d60cc1831f6cdf79b7c,1302461,,,,,,,,,,,,,,,,,,,,,,,,,,,,,,,,,,,,,,,,,,,,,,,,,,TN,,,,,,,,,,
autoland,4769055,12,f76b60813665636d86169b6507d2f60fe004600c,windows10-64-shippable-qr,True,False,,,102210fe594ee9b33d82058545b1ed14f4c8206e,console.log-in-loop-content-process-array,damp,True,damp console.log-in-loop-content-process-array opt e10s fission stylo webrender-sw,4768818,77,ms,firefox,,1758848619,2023-09-19 06:42:05,122.78884002506676,0a60f8be5517ddc928471d4a378b46228773fbc5,1302480,,,,,,,,,,,,,,,,,,,,,,,,,,,,,,,,,,,,,,,,,,,,,,,,,,TN,,,,,,,,,,
autoland,4769055,12,f76b60813665636d86169b6507d2f60fe004600c,windows10-64-shippable-qr,True,False,,,102210fe594ee9b33d82058545b1ed14f4c8206e,console.log-in-loop-content-process-array,damp,True,damp console.log-in-loop-content-process-array opt e10s fission stylo webrender-sw,4768818,77,ms,firefox,,1758935279,2023-09-19 10:00:51,122.59974768678968,f257c2f8440fe82c3833f2d719a2bf3420df9120,1302573,,,,,,,,,,,,,,,,,,,,,,,,,,,,,,,,,,,,,,,,,,,,,,,,,,TN,,,,,,,,,,
autoland,4769055,12,f76b60813665636d86169b6507d2f60fe004600c,windows10-64-shippable-qr,True,False,,,102210fe594ee9b33d82058545b1ed14f4c8206e,console.log-in-loop-content-process-array,damp,True,damp console.log-in-loop-content-process-array opt e10s fission stylo webrender-sw,4768818,77,ms,firefox,,1759082369,2023-09-19 13:32:40,122.60793640824522,dd890d993c3039c40d9a50218bd3284a9810cc85,1302692,,,,,,,,,,,,,,,,,,,,,,,,,,,,,,,,,,,,,,,,,,,,,,,,,,TN,,,,,,,,,,
autoland,4769055,12,f76b60813665636d86169b6507d2f60fe004600c,windows10-64-shippable-qr,True,False,,,102210fe594ee9b33d82058545b1ed14f4c8206e,console.log-in-loop-content-process-array,damp,True,damp console.log-in-loop-content-process-array opt e10s fission stylo webrender-sw,4768818,77,ms,firefox,,1759175731,2023-09-19 16:21:41,122.48577747148738,e9e7852ce74f241f2a4f0ffac475410d0ea9a8a4,1302819,,,,,,,,,,,,,,,,,,,,,,,,,,,,,,,,,,,,,,,,,,,,,,,,,,TN,,,,,,,,,,
autoland,4769055,12,f76b60813665636d86169b6507d2f60fe004600c,windows10-64-shippable-qr,True,False,,,102210fe594ee9b33d82058545b1ed14f4c8206e,console.log-in-loop-content-process-array,damp,True,damp console.log-in-loop-content-process-array opt e10s fission stylo webrender-sw,4768818,77,ms,firefox,,1759330432,2023-09-19 20:31:47,122.69949748881118,f97675e331c2e3f8e3a7649cb722085b3360163c,1303015,,,,,,,,,,,,,,,,,,,,,,,,,,,,,,,,,,,,,,,,,,,,,,,,,,TN,,,,,,,,,,
autoland,4769055,12,f76b60813665636d86169b6507d2f60fe004600c,windows10-64-shippable-qr,True,False,,,102210fe594ee9b33d82058545b1ed14f4c8206e,console.log-in-loop-content-process-array,damp,True,damp console.log-in-loop-content-process-array opt e10s fission stylo webrender-sw,4768818,77,ms,firefox,,1759351436,2023-09-19 20:45:08,124.13156222202451,abf74735208c16d3b467c2acb344f3030fc5aacb,1303026,,,,,,,,,,,,,,,,,,,,,,,,,,,,,,,,,,,,,,,,,,,,,,,,,,TN,,,,,,,,,,
autoland,4769055,12,f76b60813665636d86169b6507d2f60fe004600c,windows10-64-shippable-qr,True,False,,,102210fe594ee9b33d82058545b1ed14f4c8206e,console.log-in-loop-content-process-array,damp,True,damp console.log-in-loop-content-process-array opt e10s fission stylo webrender-sw,4768818,77,ms,firefox,,1759471245,2023-09-20 00:59:14,122.14474325558604,71a9b5a8ec8503f993e8d7e8f1b2b98ff57ed283,1303207,,,,,,,,,,,,,,,,,,,,,,,,,,,,,,,,,,,,,,,,,,,,,,,,,,TN,,,,,,,,,,
autoland,4769055,12,f76b60813665636d86169b6507d2f60fe004600c,windows10-64-shippable-qr,True,False,,,102210fe594ee9b33d82058545b1ed14f4c8206e,console.log-in-loop-content-process-array,damp,True,damp console.log-in-loop-content-process-array opt e10s fission stylo webrender-sw,4768818,77,ms,firefox,,1759527156,2023-09-20 05:02:26,122.41738534436718,71c800e8074fa9f5e246acbf09097a0f15d4eb09,1303254,,,,,,,,,,,,,,,,,,,,,,,,,,,,,,,,,,,,,,,,,,,,,,,,,,TN,,,,,,,,,,
autoland,4769055,12,f76b60813665636d86169b6507d2f60fe004600c,windows10-64-shippable-qr,True,False,,,102210fe594ee9b33d82058545b1ed14f4c8206e,console.log-in-loop-content-process-array,damp,True,damp console.log-in-loop-content-process-array opt e10s fission stylo webrender-sw,4768818,77,ms,firefox,,1759650752,2023-09-20 09:03:21,122.37975869135788,2664490a1b4aeb2b2bd98c81ac43b68b1a24ea2f,1303343,,,,,,,,,,,,,,,,,,,,,,,,,,,,,,,,,,,,,,,,,,,,,,,,,,TN,,,,,,,,,,
autoland,4769055,12,f76b60813665636d86169b6507d2f60fe004600c,windows10-64-shippable-qr,True,False,,,102210fe594ee9b33d82058545b1ed14f4c8206e,console.log-in-loop-content-process-array,damp,True,damp console.log-in-loop-content-process-array opt e10s fission stylo webrender-sw,4768818,77,ms,firefox,,1759793766,2023-09-20 10:40:44,122.45826176712308,e11a98968ec15b84dc772d997bc0789a0a078549,1303401,,,,,,,,,,,,,,,,,,,,,,,,,,,,,,,,,,,,,,,,,,,,,,,,,,TN,,,,,,,,,,
autoland,4769055,12,f76b60813665636d86169b6507d2f60fe004600c,windows10-64-shippable-qr,True,False,,,102210fe594ee9b33d82058545b1ed14f4c8206e,console.log-in-loop-content-process-array,damp,True,damp console.log-in-loop-content-process-array opt e10s fission stylo webrender-sw,4768818,77,ms,firefox,,1759905663,2023-09-20 14:03:46,122.01862450882072,5baf76c5d8f19d35c8e7710816a726d92cfff8bb,1303541,,,,,,,,,,,,,,,,,,,,,,,,,,,,,,,,,,,,,,,,,,,,,,,,,,TN,,,,,,,,,,
autoland,4769055,12,f76b60813665636d86169b6507d2f60fe004600c,windows10-64-shippable-qr,True,False,,,102210fe594ee9b33d82058545b1ed14f4c8206e,console.log-in-loop-content-process-array,damp,True,damp console.log-in-loop-content-process-array opt e10s fission stylo webrender-sw,4768818,77,ms,firefox,,1760021162,2023-09-20 17:47:40,122.07763349625112,07c4a658632d6c11d371f974b56a6365212bef62,1303718,,,,,,,,,,,,,,,,,,,,,,,,,,,,,,,,,,,,,,,,,,,,,,,,,,TN,,,,,,,,,,
autoland,4769055,12,f76b60813665636d86169b6507d2f60fe004600c,windows10-64-shippable-qr,True,False,,,102210fe594ee9b33d82058545b1ed14f4c8206e,console.log-in-loop-content-process-array,damp,True,damp console.log-in-loop-content-process-array opt e10s fission stylo webrender-sw,4768818,77,ms,firefox,,1760102278,2023-09-20 21:06:43,122.26067153248825,137b5966e6ec0a63006a36cac0a3f1c4e3f5cefe,1303845,,,,,,,,,,,,,,,,,,,,,,,,,,,,,,,,,,,,,,,,,,,,,,,,,,TN,,,,,,,,,,
autoland,4769055,12,f76b60813665636d86169b6507d2f60fe004600c,windows10-64-shippable-qr,True,False,,,102210fe594ee9b33d82058545b1ed14f4c8206e,console.log-in-loop-content-process-array,damp,True,damp console.log-in-loop-content-process-array opt e10s fission stylo webrender-sw,4768818,77,ms,firefox,,1760130627,2023-09-20 23:02:53,122.32365119734368,a94c799a5be0d573f8c654b43966b4b772ded228,1303924,,,,,,,,,,,,,,,,,,,,,,,,,,,,,,,,,,,,,,,,,,,,,,,,,,TN,,,,,,,,,,
autoland,4769055,12,f76b60813665636d86169b6507d2f60fe004600c,windows10-64-shippable-qr,True,False,,,102210fe594ee9b33d82058545b1ed14f4c8206e,console.log-in-loop-content-process-array,damp,True,damp console.log-in-loop-content-process-array opt e10s fission stylo webrender-sw,4768818,77,ms,firefox,,1760261833,2023-09-21 04:47:54,122.9608330440542,7c6496f92bb0572d56513d645f3d6201f77a5653,1304025,,,,,,,,,,,,,,,,,,,,,,,,,,,,,,,,,,,,,,,,,,,,,,,,,,TN,,,,,,,,,,
autoland,4769055,12,f76b60813665636d86169b6507d2f60fe004600c,windows10-64-shippable-qr,True,False,,,102210fe594ee9b33d82058545b1ed14f4c8206e,console.log-in-loop-content-process-array,damp,True,damp console.log-in-loop-content-process-array opt e10s fission stylo webrender-sw,4768818,77,ms,firefox,,1760402584,2023-09-21 08:45:10,123.1275742920152,e98350675c5a294fe5c7a4138a5b16c4f6992907,1304121,,,,,,,,,,,,,,,,,,,,,,,,,,,,,,,,,,,,,,,,,,,,,,,,,,TN,,,,,,,,,,
autoland,4769055,12,f76b60813665636d86169b6507d2f60fe004600c,windows10-64-shippable-qr,True,False,,,102210fe594ee9b33d82058545b1ed14f4c8206e,console.log-in-loop-content-process-array,damp,True,damp console.log-in-loop-content-process-array opt e10s fission stylo webrender-sw,4768818,77,ms,firefox,,1760585117,2023-09-21 12:54:54,123.10969632261003,bd8d8c1ecad7cda50d42ce2dfde7fabc50a48948,1304268,,,,,,,,,,,,,,,,,,,,,,,,,,,,,,,,,,,,,,,,,,,,,,,,,,TN,,,,,,,,,,
autoland,4769055,12,f76b60813665636d86169b6507d2f60fe004600c,windows10-64-shippable-qr,True,False,,,102210fe594ee9b33d82058545b1ed14f4c8206e,console.log-in-loop-content-process-array,damp,True,damp console.log-in-loop-content-process-array opt e10s fission stylo webrender-sw,4768818,77,ms,firefox,,1760569756,2023-09-21 14:02:07,122.97252232064056,6e82382700fc8345a06dc3efd346a25826fa1bf2,1304316,,,,,,,,,,,,,,,,,,,,,,,,,,,,,,,,,,,,,,,,,,,,,,,,,,TN,,,,,,,,,,
autoland,4769055,12,f76b60813665636d86169b6507d2f60fe004600c,windows10-64-shippable-qr,True,False,,,102210fe594ee9b33d82058545b1ed14f4c8206e,console.log-in-loop-content-process-array,damp,True,damp console.log-in-loop-content-process-array opt e10s fission stylo webrender-sw,4768818,77,ms,firefox,,1760688724,2023-09-21 18:54:27,122.58054276123768,114bde678f299872db02fe1116ecfd3a7ada9381,1304515,,,,,,,,,,,,,,,,,,,,,,,,,,,,,,,,,,,,,,,,,,,,,,,,,,TN,,,,,,,,,,
autoland,4769055,12,f76b60813665636d86169b6507d2f60fe004600c,windows10-64-shippable-qr,True,False,,,102210fe594ee9b33d82058545b1ed14f4c8206e,console.log-in-loop-content-process-array,damp,True,damp console.log-in-loop-content-process-array opt e10s fission stylo webrender-sw,4768818,77,ms,firefox,,1760711631,2023-09-21 19:19:33,122.52891775506396,86fd71ad69b346f713966a8f18ec97a5b99a0aee,1304533,,,,,,,,,,,,,,,,,,,,,,,,,,,,,,,,,,,,,,,,,,,,,,,,,,TN,,,,,,,,,,
autoland,4769055,12,f76b60813665636d86169b6507d2f60fe004600c,windows10-64-shippable-qr,True,False,,,102210fe594ee9b33d82058545b1ed14f4c8206e,console.log-in-loop-content-process-array,damp,True,damp console.log-in-loop-content-process-array opt e10s fission stylo webrender-sw,4768818,77,ms,firefox,,1760797273,2023-09-21 23:47:59,122.57405742458468,efa8aa7a4f5484f349595a2c97ba6a2c6f214c66,1304690,,,,,,,,,,,,,,,,,,,,,,,,,,,,,,,,,,,,,,,,,,,,,,,,,,TN,,,,,,,,,,
autoland,4769055,12,f76b60813665636d86169b6507d2f60fe004600c,windows10-64-shippable-qr,True,False,,,102210fe594ee9b33d82058545b1ed14f4c8206e,console.log-in-loop-content-process-array,damp,True,damp console.log-in-loop-content-process-array opt e10s fission stylo webrender-sw,4768818,77,ms,firefox,,1760933474,2023-09-22 04:42:00,122.26460060122372,2de4a198348cc150a0c3ce328c42beade9646190,1304767,,,,,,,,,,,,,,,,,,,,,,,,,,,,,,,,,,,,,,,,,,,,,,,,,,TN,,,,,,,,,,
autoland,4769055,12,f76b60813665636d86169b6507d2f60fe004600c,windows10-64-shippable-qr,True,False,,,102210fe594ee9b33d82058545b1ed14f4c8206e,console.log-in-loop-content-process-array,damp,True,damp console.log-in-loop-content-process-array opt e10s fission stylo webrender-sw,4768818,77,ms,firefox,,1761043700,2023-09-22 11:33:15,122.3981835583636,6da1ce80e10cc6744801930434a44df21da87140,1304916,,,,,,,,,,,,,,,,,,,,,,,,,,,,,,,,,,,,,,,,,,,,,,,,,,TN,,,,,,,,,,
autoland,4769055,12,f76b60813665636d86169b6507d2f60fe004600c,windows10-64-shippable-qr,True,False,,,102210fe594ee9b33d82058545b1ed14f4c8206e,console.log-in-loop-content-process-array,damp,True,damp console.log-in-loop-content-process-array opt e10s fission stylo webrender-sw,4768818,77,ms,firefox,,1761124813,2023-09-22 15:35:17,122.6287158807636,d244d17a8e9ac94aa05c3bf0c2659104c7b15f76,1305037,,,,,,,,,,,,,,,,,,,,,,,,,,,,,,,,,,,,,,,,,,,,,,,,,,TN,,,,,,,,,,
autoland,4769055,12,f76b60813665636d86169b6507d2f60fe004600c,windows10-64-shippable-qr,True,False,,,102210fe594ee9b33d82058545b1ed14f4c8206e,console.log-in-loop-content-process-array,damp,True,damp console.log-in-loop-content-process-array opt e10s fission stylo webrender-sw,4768818,77,ms,firefox,,1761135908,2023-09-22 16:10:00,123.14681505116914,aee77156969b7d1f696e8952bc590e1449a16f85,1305065,,,,,,,,,,,,,,,,,,,,,,,,,,,,,,,,,,,,,,,,,,,,,,,,,,TN,,,,,,,,,,
autoland,4769055,12,f76b60813665636d86169b6507d2f60fe004600c,windows10-64-shippable-qr,True,False,,,102210fe594ee9b33d82058545b1ed14f4c8206e,console.log-in-loop-content-process-array,damp,True,damp console.log-in-loop-content-process-array opt e10s fission stylo webrender-sw,4768818,77,ms,firefox,,1761268705,2023-09-22 20:28:01,122.63997987499532,80cfc74bb77e6c4abfd0d70c51b274e4b036a05b,1305231,,,,,,,,,,,,,,,,,,,,,,,,,,,,,,,,,,,,,,,,,,,,,,,,,,TN,,,,,,,,,,
autoland,4769055,12,f76b60813665636d86169b6507d2f60fe004600c,windows10-64-shippable-qr,True,False,,,102210fe594ee9b33d82058545b1ed14f4c8206e,console.log-in-loop-content-process-array,damp,True,damp console.log-in-loop-content-process-array opt e10s fission stylo webrender-sw,4768818,77,ms,firefox,,1761318084,2023-09-23 00:28:09,122.1814860338518,5ce53217bf3e4d42db88aab74741654bfc634cc8,1305322,,,,,,,,,,,,,,,,,,,,,,,,,,,,,,,,,,,,,,,,,,,,,,,,,,TN,,,,,,,,,,
autoland,4769055,12,f76b60813665636d86169b6507d2f60fe004600c,windows10-64-shippable-qr,True,False,,,102210fe594ee9b33d82058545b1ed14f4c8206e,console.log-in-loop-content-process-array,damp,True,damp console.log-in-loop-content-process-array opt e10s fission stylo webrender-sw,4768818,77,ms,firefox,,1761339604,2023-09-23 00:41:33,121.80119958002342,1d9627a1274de78256ecdee1e8058e6b32392404,1305328,,,,,,,,,,,,,,,,,,,,,,,,,,,,,,,,,,,,,,,,,,,,,,,,,,TN,,,,,,,,,,
autoland,4769055,12,f76b60813665636d86169b6507d2f60fe004600c,windows10-64-shippable-qr,True,False,,,102210fe594ee9b33d82058545b1ed14f4c8206e,console.log-in-loop-content-process-array,damp,True,damp console.log-in-loop-content-process-array opt e10s fission stylo webrender-sw,4768818,77,ms,firefox,,1761339649,2023-09-23 00:41:33,121.7356592237802,1d9627a1274de78256ecdee1e8058e6b32392404,1305328,,,,,,,,,,,,,,,,,,,,,,,,,,,,,,,,,,,,,,,,,,,,,,,,,,TN,,,,,,,,,,
autoland,4769055,12,f76b60813665636d86169b6507d2f60fe004600c,windows10-64-shippable-qr,True,False,,,102210fe594ee9b33d82058545b1ed14f4c8206e,console.log-in-loop-content-process-array,damp,True,damp console.log-in-loop-content-process-array opt e10s fission stylo webrender-sw,4768818,77,ms,firefox,,1761339718,2023-09-23 00:41:33,122.5519125776318,1d9627a1274de78256ecdee1e8058e6b32392404,1305328,,,,,,,,,,,,,,,,,,,,,,,,,,,,,,,,,,,,,,,,,,,,,,,,,,TN,,,,,,,,,,
autoland,4769055,12,f76b60813665636d86169b6507d2f60fe004600c,windows10-64-shippable-qr,True,False,,,102210fe594ee9b33d82058545b1ed14f4c8206e,console.log-in-loop-content-process-array,damp,True,damp console.log-in-loop-content-process-array opt e10s fission stylo webrender-sw,4768818,77,ms,firefox,,1761339763,2023-09-23 00:41:33,122.0310831733632,1d9627a1274de78256ecdee1e8058e6b32392404,1305328,,,,,,,,,,,,,,,,,,,,,,,,,,,,,,,,,,,,,,,,,,,,,,,,,,TN,,,,,,,,,,
autoland,4769055,12,f76b60813665636d86169b6507d2f60fe004600c,windows10-64-shippable-qr,True,False,,,102210fe594ee9b33d82058545b1ed14f4c8206e,console.log-in-loop-content-process-array,damp,True,damp console.log-in-loop-content-process-array opt e10s fission stylo webrender-sw,4768818,77,ms,firefox,,1761435025,2023-09-23 16:39:34,121.7652676771504,e85748b0b9880ee586b2c155a4d84c1cdf3f31b4,1305402,,,,,,,,,,,,,,,,,,,,,,,,,,,,,,,,,,,,,,,,,,,,,,,,,,TN,,,,,,,,,,
autoland,4769055,12,f76b60813665636d86169b6507d2f60fe004600c,windows10-64-shippable-qr,True,False,,,102210fe594ee9b33d82058545b1ed14f4c8206e,console.log-in-loop-content-process-array,damp,True,damp console.log-in-loop-content-process-array opt e10s fission stylo webrender-sw,4768818,77,ms,firefox,,1761477852,2023-09-23 21:16:13,122.52029401143228,f4a2f296a2ea585882f2a2a627c036538eb875b0,1305420,,,,,,,,,,,,,,,,,,,,,,,,,,,,,,,,,,,,,,,,,,,,,,,,,,TN,,,,,,,,,,
autoland,4769055,12,f76b60813665636d86169b6507d2f60fe004600c,windows10-64-shippable-qr,True,False,,,102210fe594ee9b33d82058545b1ed14f4c8206e,console.log-in-loop-content-process-array,damp,True,damp console.log-in-loop-content-process-array opt e10s fission stylo webrender-sw,4768818,77,ms,firefox,,1761680989,2023-09-25 06:00:52,123.30127078291387,68035862c82691cc5ad039c1067c1fd24d048350,1305598,,,,,,,,,,,,,,,,,,,,,,,,,,,,,,,,,,,,,,,,,,,,,,,,,,TN,,,,,,,,,,
autoland,4769055,12,f76b60813665636d86169b6507d2f60fe004600c,windows10-64-shippable-qr,True,False,,,102210fe594ee9b33d82058545b1ed14f4c8206e,console.log-in-loop-content-process-array,damp,True,damp console.log-in-loop-content-process-array opt e10s fission stylo webrender-sw,4768818,77,ms,firefox,,1761718652,2023-09-25 08:45:06,122.3575302941299,27778dad58d148bf24097e327e55eb3b8631b902,1305656,,,,,,,,,,,,,,,,,,,,,,,,,,,,,,,,,,,,,,,,,,,,,,,,,,TN,,,,,,,,,,
autoland,4769055,12,f76b60813665636d86169b6507d2f60fe004600c,windows10-64-shippable-qr,True,False,,,102210fe594ee9b33d82058545b1ed14f4c8206e,console.log-in-loop-content-process-array,damp,True,damp console.log-in-loop-content-process-array opt e10s fission stylo webrender-sw,4768818,77,ms,firefox,,1761870340,2023-09-25 12:33:35,122.59876553534195,9a8976307af6049000ae1a1623fd71bd62850a10,1305791,,,,,,,,,,,,,,,,,,,,,,,,,,,,,,,,,,,,,,,,,,,,,,,,,,TN,,,,,,,,,,
autoland,4769055,12,f76b60813665636d86169b6507d2f60fe004600c,windows10-64-shippable-qr,True,False,,,102210fe594ee9b33d82058545b1ed14f4c8206e,console.log-in-loop-content-process-array,damp,True,damp console.log-in-loop-content-process-array opt e10s fission stylo webrender-sw,4768818,77,ms,firefox,,1762071875,2023-09-25 20:45:54,122.15306812429571,6a7f708c3d0458c9b30efa2bdfde6e7812554d1e,1306210,,,,,,,,,,,,,,,,,,,,,,,,,,,,,,,,,,,,,,,,,,,,,,,,,,TN,,,,,,,,,,
autoland,4769055,12,f76b60813665636d86169b6507d2f60fe004600c,windows10-64-shippable-qr,True,False,,,102210fe594ee9b33d82058545b1ed14f4c8206e,console.log-in-loop-content-process-array,damp,True,damp console.log-in-loop-content-process-array opt e10s fission stylo webrender-sw,4768818,77,ms,firefox,,1762141898,2023-09-26 00:20:03,122.4918412841771,844608487349450c789be0794a915bb90d90b133,1306338,,,,,,,,,,,,,,,,,,,,,,,,,,,,,,,,,,,,,,,,,,,,,,,,,,TN,,,,,,,,,,
autoland,4769055,12,f76b60813665636d86169b6507d2f60fe004600c,windows10-64-shippable-qr,True,False,,,102210fe594ee9b33d82058545b1ed14f4c8206e,console.log-in-loop-content-process-array,damp,True,damp console.log-in-loop-content-process-array opt e10s fission stylo webrender-sw,4768818,77,ms,firefox,,1762211226,2023-09-26 05:18:37,121.829609043426,5c61430973af5452b01293947d0f76b758b97c28,1306392,,,,,,,,,,,,,,,,,,,,,,,,,,,,,,,,,,,,,,,,,,,,,,,,,,TN,,,,,,,,,,
autoland,4769055,12,f76b60813665636d86169b6507d2f60fe004600c,windows10-64-shippable-qr,True,False,,,102210fe594ee9b33d82058545b1ed14f4c8206e,console.log-in-loop-content-process-array,damp,True,damp console.log-in-loop-content-process-array opt e10s fission stylo webrender-sw,4768818,77,ms,firefox,,1762327295,2023-09-26 07:48:07,121.7447876666638,920e4f82b3485f132edc7f551ecd9334fa702021,1306435,,,,,,,,,,,,,,,,,,,,,,,,,,,,,,,,,,,,,,,,,,,,,,,,,,TN,,,,,,,,,,
autoland,4769055,12,f76b60813665636d86169b6507d2f60fe004600c,windows10-64-shippable-qr,True,False,,,102210fe594ee9b33d82058545b1ed14f4c8206e,console.log-in-loop-content-process-array,damp,True,damp console.log-in-loop-content-process-array opt e10s fission stylo webrender-sw,4768818,77,ms,firefox,,1762413501,2023-09-26 12:02:33,121.71535437855071,e60c3407f3620f94624c0ac7484a7d1b257be989,1306598,,,,,,,,,,,,,,,,,,,,,,,,,,,,,,,,,,,,,,,,,,,,,,,,,,TN,,,,,,,,,,
autoland,4769055,12,f76b60813665636d86169b6507d2f60fe004600c,windows10-64-shippable-qr,True,False,,,102210fe594ee9b33d82058545b1ed14f4c8206e,console.log-in-loop-content-process-array,damp,True,damp console.log-in-loop-content-process-array opt e10s fission stylo webrender-sw,4768818,77,ms,firefox,,1762500150,2023-09-26 15:03:48,122.42711686219354,f6c351ade4f28a1ce3843d0af7e5ec35b37a3576,1306757,,,,,,,,,,,,,,,,,,,,,,,,,,,,,,,,,,,,,,,,,,,,,,,,,,TN,,,,,,,,,,
autoland,4769055,12,f76b60813665636d86169b6507d2f60fe004600c,windows10-64-shippable-qr,True,False,,,102210fe594ee9b33d82058545b1ed14f4c8206e,console.log-in-loop-content-process-array,damp,True,damp console.log-in-loop-content-process-array opt e10s fission stylo webrender-sw,4768818,77,ms,firefox,,1762700569,2023-09-26 21:35:50,121.66999864490845,7a98d860920f5f74014454ce20ec6739e8a16878,1307018,,,,,,,,,,,,,,,,,,,,,,,,,,,,,,,,,,,,,,,,,,,,,,,,,,TN,,,,,,,,,,
autoland,4769055,12,f76b60813665636d86169b6507d2f60fe004600c,windows10-64-shippable-qr,True,False,,,102210fe594ee9b33d82058545b1ed14f4c8206e,console.log-in-loop-content-process-array,damp,True,damp console.log-in-loop-content-process-array opt e10s fission stylo webrender-sw,4768818,77,ms,firefox,,1762750059,2023-09-27 02:35:37,121.3520056033176,583cfd323dab818e35dc1f15fa3e92a503e56e11,1307110,,,,,,,,,,,,,,,,,,,,,,,,,,,,,,,,,,,,,,,,,,,,,,,,,,TN,,,,,,,,,,
autoland,4769055,12,f76b60813665636d86169b6507d2f60fe004600c,windows10-64-shippable-qr,True,False,,,102210fe594ee9b33d82058545b1ed14f4c8206e,console.log-in-loop-content-process-array,damp,True,damp console.log-in-loop-content-process-array opt e10s fission stylo webrender-sw,4768818,77,ms,firefox,,1762893827,2023-09-27 06:23:31,121.58812024480268,82ae09837aed66d319e3280febbf971a401bd8a6,1307163,,,,,,,,,,,,,,,,,,,,,,,,,,,,,,,,,,,,,,,,,,,,,,,,,,TN,,,,,,,,,,
autoland,4769055,12,f76b60813665636d86169b6507d2f60fe004600c,windows10-64-shippable-qr,True,False,,,102210fe594ee9b33d82058545b1ed14f4c8206e,console.log-in-loop-content-process-array,damp,True,damp console.log-in-loop-content-process-array opt e10s fission stylo webrender-sw,4768818,77,ms,firefox,,1763006892,2023-09-27 10:25:54,122.30120303036074,a1a8c2eeff55a4651fa01530fa3ec3ab3bec9b31,1307283,,,,,,,,,,,,,,,,,,,,,,,,,,,,,,,,,,,,,,,,,,,,,,,,,,TN,,,,,,,,,,
autoland,4769055,12,f76b60813665636d86169b6507d2f60fe004600c,windows10-64-shippable-qr,True,False,,,102210fe594ee9b33d82058545b1ed14f4c8206e,console.log-in-loop-content-process-array,damp,True,damp console.log-in-loop-content-process-array opt e10s fission stylo webrender-sw,4768818,77,ms,firefox,,1763067221,2023-09-27 10:32:06,124.27914654364122,af764baf74a1dd0e0b863a8cf26c25266bdcbc14,1307289,,,,,,,,,,,,,,,,,,,,,,,,,,,,,,,,,,,,,,,,,,,,,,,,,,TN,,,,,,,,,,
autoland,4769055,12,f76b60813665636d86169b6507d2f60fe004600c,windows10-64-shippable-qr,True,False,,,102210fe594ee9b33d82058545b1ed14f4c8206e,console.log-in-loop-content-process-array,damp,True,damp console.log-in-loop-content-process-array opt e10s fission stylo webrender-sw,4768818,77,ms,firefox,,1763215534,2023-09-27 14:48:02,122.52392660108217,42b4fa32b69deff886ea9bc4f4f7fb94391b751a,1307439,,,,,,,,,,,,,,,,,,,,,,,,,,,,,,,,,,,,,,,,,,,,,,,,,,TN,,,,,,,,,,
autoland,4769055,12,f76b60813665636d86169b6507d2f60fe004600c,windows10-64-shippable-qr,True,False,,,102210fe594ee9b33d82058545b1ed14f4c8206e,console.log-in-loop-content-process-array,damp,True,damp console.log-in-loop-content-process-array opt e10s fission stylo webrender-sw,4768818,77,ms,firefox,,1763317596,2023-09-27 17:53:51,122.20905057287564,7768cf51f090145a9009fb37298f3c1da7d60a2f,1307581,,,,,,,,,,,,,,,,,,,,,,,,,,,,,,,,,,,,,,,,,,,,,,,,,,TN,,,,,,,,,,
autoland,4769055,12,f76b60813665636d86169b6507d2f60fe004600c,windows10-64-shippable-qr,True,False,,,102210fe594ee9b33d82058545b1ed14f4c8206e,console.log-in-loop-content-process-array,damp,True,damp console.log-in-loop-content-process-array opt e10s fission stylo webrender-sw,4768818,77,ms,firefox,,1763540135,2023-09-27 23:11:22,121.5320954081435,d60788c1a5064d4f45dd33001554cde650df86be,1307771,,,,,,,,,,,,,,,,,,,,,,,,,,,,,,,,,,,,,,,,,,,,,,,,,,TN,,,,,,,,,,
autoland,4769055,12,f76b60813665636d86169b6507d2f60fe004600c,windows10-64-shippable-qr,True,False,,,102210fe594ee9b33d82058545b1ed14f4c8206e,console.log-in-loop-content-process-array,damp,True,damp console.log-in-loop-content-process-array opt e10s fission stylo webrender-sw,4768818,77,ms,firefox,,1763729161,2023-09-28 04:14:46,122.84994463581734,d1fc71cc3817fe3529b10939ed53c1d395a346fa,1307836,,,,,,,,,,,,,,,,,,,,,,,,,,,,,,,,,,,,,,,,,,,,,,,,,,TN,,,,,,,,,,
autoland,4769055,12,f76b60813665636d86169b6507d2f60fe004600c,windows10-64-shippable-qr,True,False,,,102210fe594ee9b33d82058545b1ed14f4c8206e,console.log-in-loop-content-process-array,damp,True,damp console.log-in-loop-content-process-array opt e10s fission stylo webrender-sw,4768818,77,ms,firefox,,1763809162,2023-09-28 08:00:04,123.0985163597743,d330b8e9f58e1065d1ca63ac5f284f7d1865e83c,1307885,,,,,,,,,,,,,,,,,,,,,,,,,,,,,,,,,,,,,,,,,,,,,,,,,,TN,,,,,,,,,,
autoland,4769055,12,f76b60813665636d86169b6507d2f60fe004600c,windows10-64-shippable-qr,True,False,,,102210fe594ee9b33d82058545b1ed14f4c8206e,console.log-in-loop-content-process-array,damp,True,damp console.log-in-loop-content-process-array opt e10s fission stylo webrender-sw,4768818,77,ms,firefox,,1763894937,2023-09-28 11:44:43,122.6604598645099,a5fd40a8bf47afafdda240c7b8f1b1b911d2d937,1308037,,,,,,,,,,,,,,,,,,,,,,,,,,,,,,,,,,,,,,,,,,,,,,,,,,TN,,,,,,,,,,
autoland,4769055,12,f76b60813665636d86169b6507d2f60fe004600c,windows10-64-shippable-qr,True,False,,,102210fe594ee9b33d82058545b1ed14f4c8206e,console.log-in-loop-content-process-array,damp,True,damp console.log-in-loop-content-process-array opt e10s fission stylo webrender-sw,4768818,77,ms,firefox,,1764107270,2023-09-28 15:45:35,121.87100213947453,0df79cc60ea0ef86258f3b33d533c75e91805d8b,1308186,,,,,,,,,,,,,,,,,,,,,,,,,,,,,,,,,,,,,,,,,,,,,,,,,,TN,,,,,,,,,,
autoland,4769055,12,f76b60813665636d86169b6507d2f60fe004600c,windows10-64-shippable-qr,True,False,,,102210fe594ee9b33d82058545b1ed14f4c8206e,console.log-in-loop-content-process-array,damp,True,damp console.log-in-loop-content-process-array opt e10s fission stylo webrender-sw,4768818,77,ms,firefox,,1764115823,2023-09-28 16:38:20,121.3347632922014,a216736126b15f69ebee5d940a5c3394f95759cb,1308227,,,,,,,,,,,,,,,,,,,,,,,,,,,,,,,,,,,,,,,,,,,,,,,,,,TN,,,,,,,,,,
autoland,4769055,12,f76b60813665636d86169b6507d2f60fe004600c,windows10-64-shippable-qr,True,False,,,102210fe594ee9b33d82058545b1ed14f4c8206e,console.log-in-loop-content-process-array,damp,True,damp console.log-in-loop-content-process-array opt e10s fission stylo webrender-sw,4768818,77,ms,firefox,,1764168042,2023-09-28 19:24:36,121.8572986515619,cd324cfaf45936b4670a6c0d15cbfe22d0e2f609,1308380,,,,,,,,,,,,,,,,,,,,,,,,,,,,,,,,,,,,,,,,,,,,,,,,,,TN,,,,,,,,,,
autoland,4769055,12,f76b60813665636d86169b6507d2f60fe004600c,windows10-64-shippable-qr,True,False,,,102210fe594ee9b33d82058545b1ed14f4c8206e,console.log-in-loop-content-process-array,damp,True,damp console.log-in-loop-content-process-array opt e10s fission stylo webrender-sw,4768818,77,ms,firefox,,1764290816,2023-09-28 22:48:25,122.83684229748724,72bb9164219d9f54440ccfa7f55dc02f195190f9,1308491,,,,,,,,,,,,,,,,,,,,,,,,,,,,,,,,,,,,,,,,,,,,,,,,,,TN,,,,,,,,,,
autoland,4769055,12,f76b60813665636d86169b6507d2f60fe004600c,windows10-64-shippable-qr,True,False,,,102210fe594ee9b33d82058545b1ed14f4c8206e,console.log-in-loop-content-process-array,damp,True,damp console.log-in-loop-content-process-array opt e10s fission stylo webrender-sw,4768818,77,ms,firefox,,1764507073,2023-09-29 05:26:28,122.09465847922549,4fd1c7c2dcf2973c3285d981e74b08dee641a0fc,1308580,,,,,,,,,,,,,,,,,,,,,,,,,,,,,,,,,,,,,,,,,,,,,,,,,,TN,,,,,,,,,,
autoland,4769055,12,f76b60813665636d86169b6507d2f60fe004600c,windows10-64-shippable-qr,True,False,,,102210fe594ee9b33d82058545b1ed14f4c8206e,console.log-in-loop-content-process-array,damp,True,damp console.log-in-loop-content-process-array opt e10s fission stylo webrender-sw,4768818,77,ms,firefox,,1764701984,2023-09-29 09:03:41,122.3141773751413,6453cd78e4f187bc198e83900dd9937c3cc6d0fc,1308650,,,,,,,,,,,,,,,,,,,,,,,,,,,,,,,,,,,,,,,,,,,,,,,,,,TN,,,,,,,,,,
autoland,4769055,12,f76b60813665636d86169b6507d2f60fe004600c,windows10-64-shippable-qr,True,False,,,102210fe594ee9b33d82058545b1ed14f4c8206e,console.log-in-loop-content-process-array,damp,True,damp console.log-in-loop-content-process-array opt e10s fission stylo webrender-sw,4768818,77,ms,firefox,,1764832592,2023-09-29 13:06:51,124.56859667069877,dfea5c2f2737b0334921941ecd0f5f235432942e,1308761,,,,,,,,,,,,,,,,,,,,,,,,,,,,,,,,,,,,,,,,,,,,,,,,,,TN,,,,,,,,,,
autoland,4769055,12,f76b60813665636d86169b6507d2f60fe004600c,windows10-64-shippable-qr,True,False,,,102210fe594ee9b33d82058545b1ed14f4c8206e,console.log-in-loop-content-process-array,damp,True,damp console.log-in-loop-content-process-array opt e10s fission stylo webrender-sw,4768818,77,ms,firefox,,1764864572,2023-09-29 14:43:48,121.99626717930188,e2d3169fc579506294a164827b60ea38b9295bb1,1308803,,,,,,,,,,,,,,,,,,,,,,,,,,,,,,,,,,,,,,,,,,,,,,,,,,TN,,,,,,,,,,
autoland,4769055,12,f76b60813665636d86169b6507d2f60fe004600c,windows10-64-shippable-qr,True,False,,,102210fe594ee9b33d82058545b1ed14f4c8206e,console.log-in-loop-content-process-array,damp,True,damp console.log-in-loop-content-process-array opt e10s fission stylo webrender-sw,4768818,77,ms,firefox,,1765225371,2023-09-30 06:24:14,122.09115782977642,c0cfc8c5836260ab8706d5b737a4f4f654da4610,1309077,,,,,,,,,,,,,,,,,,,,,,,,,,,,,,,,,,,,,,,,,,,,,,,,,,TN,,,,,,,,,,
autoland,4769055,12,f76b60813665636d86169b6507d2f60fe004600c,windows10-64-shippable-qr,True,False,,,102210fe594ee9b33d82058545b1ed14f4c8206e,console.log-in-loop-content-process-array,damp,True,damp console.log-in-loop-content-process-array opt e10s fission stylo webrender-sw,4768818,77,ms,firefox,,1765331237,2023-09-30 15:09:24,121.82987153598424,0d5209658cf41a9d6d9f6c74890ecf69602525c4,1309133,,,,,,,,,,,,,,,,,,,,,,,,,,,,,,,,,,,,,,,,,,,,,,,,,,TN,,,,,,,,,,
autoland,4769055,12,f76b60813665636d86169b6507d2f60fe004600c,windows10-64-shippable-qr,True,False,,,102210fe594ee9b33d82058545b1ed14f4c8206e,console.log-in-loop-content-process-array,damp,True,damp console.log-in-loop-content-process-array opt e10s fission stylo webrender-sw,4768818,77,ms,firefox,,1765351746,2023-09-30 15:56:32,122.2715144556114,8c9ba927121cd7f1cb5b31ffb86addc4c34b59a8,1309136,,,,,,,,,,,,,,,,,,,,,,,,,,,,,,,,,,,,,,,,,,,,,,,,,,TN,,,,,,,,,,
autoland,4769055,12,f76b60813665636d86169b6507d2f60fe004600c,windows10-64-shippable-qr,True,False,,,102210fe594ee9b33d82058545b1ed14f4c8206e,console.log-in-loop-content-process-array,damp,True,damp console.log-in-loop-content-process-array opt e10s fission stylo webrender-sw,4768818,77,ms,firefox,,1765386839,2023-09-30 20:01:07,122.38252755328448,bacf4fcba00b9d708012b5c8144292e5362ed452,1309152,,,,,,,,,,,,,,,,,,,,,,,,,,,,,,,,,,,,,,,,,,,,,,,,,,TN,,,,,,,,,,
autoland,4769055,12,f76b60813665636d86169b6507d2f60fe004600c,windows10-64-shippable-qr,True,False,,,102210fe594ee9b33d82058545b1ed14f4c8206e,console.log-in-loop-content-process-array,damp,True,damp console.log-in-loop-content-process-array opt e10s fission stylo webrender-sw,4768818,77,ms,firefox,,1765438426,2023-10-01 02:27:22,121.7579705668013,b781e655236dff9086d1be5c4b59b0263a9cee56,1309171,,,,,,,,,,,,,,,,,,,,,,,,,,,,,,,,,,,,,,,,,,,,,,,,,,TN,,,,,,,,,,
autoland,4769055,12,f76b60813665636d86169b6507d2f60fe004600c,windows10-64-shippable-qr,True,False,,,102210fe594ee9b33d82058545b1ed14f4c8206e,console.log-in-loop-content-process-array,damp,True,damp console.log-in-loop-content-process-array opt e10s fission stylo webrender-sw,4768818,77,ms,firefox,,1765553990,2023-10-01 15:08:35,122.51521921298809,1abb269d873e8bda2c0fa1b4f26f481c89584ca6,1309237,,,,,,,,,,,,,,,,,,,,,,,,,,,,,,,,,,,,,,,,,,,,,,,,,,TN,,,,,,,,,,
autoland,4769055,12,f76b60813665636d86169b6507d2f60fe004600c,windows10-64-shippable-qr,True,False,,,102210fe594ee9b33d82058545b1ed14f4c8206e,console.log-in-loop-content-process-array,damp,True,damp console.log-in-loop-content-process-array opt e10s fission stylo webrender-sw,4768818,77,ms,firefox,,1765598661,2023-10-01 19:57:41,121.98628112364167,72adc901a818435f7ba23e492963c7e1bf526be1,1309256,,,,,,,,,,,,,,,,,,,,,,,,,,,,,,,,,,,,,,,,,,,,,,,,,,TN,,,,,,,,,,
autoland,4769055,12,f76b60813665636d86169b6507d2f60fe004600c,windows10-64-shippable-qr,True,False,,,102210fe594ee9b33d82058545b1ed14f4c8206e,console.log-in-loop-content-process-array,damp,True,damp console.log-in-loop-content-process-array opt e10s fission stylo webrender-sw,4768818,77,ms,firefox,,1765609972,2023-10-01 20:03:17,124.12657171012142,1c52958ae6ea59e32694986c0d6332b8171aca86,1309258,,,,,,,,,,,,,,,,,,,,,,,,,,,,,,,,,,,,,,,,,,,,,,,,,,TN,,,,,,,,,,
autoland,4769055,12,f76b60813665636d86169b6507d2f60fe004600c,windows10-64-shippable-qr,True,False,,,102210fe594ee9b33d82058545b1ed14f4c8206e,console.log-in-loop-content-process-array,damp,True,damp console.log-in-loop-content-process-array opt e10s fission stylo webrender-sw,4768818,77,ms,firefox,,1765703291,2023-10-02 00:31:45,121.98196869763706,55fc90da3cff35171d66e3dcf280575bef8c17a6,1309288,,,,,,,,,,,,,,,,,,,,,,,,,,,,,,,,,,,,,,,,,,,,,,,,,,TN,,,,,,,,,,
autoland,4769055,12,f76b60813665636d86169b6507d2f60fe004600c,windows10-64-shippable-qr,True,False,,,102210fe594ee9b33d82058545b1ed14f4c8206e,console.log-in-loop-content-process-array,damp,True,damp console.log-in-loop-content-process-array opt e10s fission stylo webrender-sw,4768818,77,ms,firefox,,1765895981,2023-10-02 11:08:53,122.7629017151312,318059aaa167779fcc844cbf085cb7ffacc47523,1309454,,,,,,,,,,,,,,,,,,,,,,,,,,,,,,,,,,,,,,,,,,,,,,,,,,TN,,,,,,,,,,
autoland,4769055,12,f76b60813665636d86169b6507d2f60fe004600c,windows10-64-shippable-qr,True,False,,,102210fe594ee9b33d82058545b1ed14f4c8206e,console.log-in-loop-content-process-array,damp,True,damp console.log-in-loop-content-process-array opt e10s fission stylo webrender-sw,4768818,77,ms,firefox,,1766067617,2023-10-02 16:59:31,122.43389822871814,db33a2d0d6c36f0c15318f1c5ffaa7498a1ee4f3,1309721,,,,,,,,,,,,,,,,,,,,,,,,,,,,,,,,,,,,,,,,,,,,,,,,,,TN,,,,,,,,,,
autoland,4769055,12,f76b60813665636d86169b6507d2f60fe004600c,windows10-64-shippable-qr,True,False,,,102210fe594ee9b33d82058545b1ed14f4c8206e,console.log-in-loop-content-process-array,damp,True,damp console.log-in-loop-content-process-array opt e10s fission stylo webrender-sw,4768818,77,ms,firefox,,1766156075,2023-10-02 20:46:43,122.41158267473112,0435b7e1340f2ced37216f0dd2fbf09a0a8f2cad,1309872,,,,,,,,,,,,,,,,,,,,,,,,,,,,,,,,,,,,,,,,,,,,,,,,,,TN,,,,,,,,,,
autoland,4769055,12,f76b60813665636d86169b6507d2f60fe004600c,windows10-64-shippable-qr,True,False,,,102210fe594ee9b33d82058545b1ed14f4c8206e,console.log-in-loop-content-process-array,damp,True,damp console.log-in-loop-content-process-array opt e10s fission stylo webrender-sw,4768818,77,ms,firefox,,1766409308,2023-10-03 05:01:50,122.04959848939416,53af11a26cb69e0616d9f481f988276e0a6da93e,1310080,,,,,,,,,,,,,,,,,,,,,,,,,,,,,,,,,,,,,,,,,,,,,,,,,,TN,,,,,,,,,,
autoland,4769055,12,f76b60813665636d86169b6507d2f60fe004600c,windows10-64-shippable-qr,True,False,,,102210fe594ee9b33d82058545b1ed14f4c8206e,console.log-in-loop-content-process-array,damp,True,damp console.log-in-loop-content-process-array opt e10s fission stylo webrender-sw,4768818,77,ms,firefox,,1766725518,2023-10-03 11:04:59,122.78948078035684,f003c74ca9f9399bc6db342491d997d682efc357,1310236,,,,,,,,,,,,,,,,,,,,,,,,,,,,,,,,,,,,,,,,,,,,,,,,,,TN,,,,,,,,,,
autoland,4769055,12,f76b60813665636d86169b6507d2f60fe004600c,windows10-64-shippable-qr,True,False,,,102210fe594ee9b33d82058545b1ed14f4c8206e,console.log-in-loop-content-process-array,damp,True,damp console.log-in-loop-content-process-array opt e10s fission stylo webrender-sw,4768818,77,ms,firefox,,1766746041,2023-10-03 12:29:11,123.07334169828572,e17d7235b6833e36a524263990347804df15c7fb,1310274,,,,,,,,,,,,,,,,,,,,,,,,,,,,,,,,,,,,,,,,,,,,,,,,,,TN,,,,,,,,,,
autoland,4769055,12,f76b60813665636d86169b6507d2f60fe004600c,windows10-64-shippable-qr,True,False,,,102210fe594ee9b33d82058545b1ed14f4c8206e,console.log-in-loop-content-process-array,damp,True,damp console.log-in-loop-content-process-array opt e10s fission stylo webrender-sw,4768818,77,ms,firefox,,1766996664,2023-10-03 16:51:48,122.69621294015268,b93578d846b3af884d0a623f8ce43e0183c8307f,1310439,,,,,,,,,,,,,,,,,,,,,,,,,,,,,,,,,,,,,,,,,,,,,,,,,,TN,,,,,,,,,,
autoland,4769055,12,f76b60813665636d86169b6507d2f60fe004600c,windows10-64-shippable-qr,True,False,,,102210fe594ee9b33d82058545b1ed14f4c8206e,console.log-in-loop-content-process-array,damp,True,damp console.log-in-loop-content-process-array opt e10s fission stylo webrender-sw,4768818,77,ms,firefox,,1767137150,2023-10-04 00:09:44,122.29672394925456,3fb508020251d2cb191f2d62714da25ec3f35118,1310704,,,,,,,,,,,,,,,,,,,,,,,,,,,,,,,,,,,,,,,,,,,,,,,,,,TN,,,,,,,,,,
autoland,4769055,12,f76b60813665636d86169b6507d2f60fe004600c,windows10-64-shippable-qr,True,False,,,102210fe594ee9b33d82058545b1ed14f4c8206e,console.log-in-loop-content-process-array,damp,True,damp console.log-in-loop-content-process-array opt e10s fission stylo webrender-sw,4768818,77,ms,firefox,,1767295463,2023-10-04 04:52:48,121.59997924693562,413c83e8ccdad48a5ea3e58243d8ec9bb8c317fd,1310758,,,,,,,,,,,,,,,,,,,,,,,,,,,,,,,,,,,,,,,,,,,,,,,,,,TN,,,,,,,,,,
autoland,4769055,12,f76b60813665636d86169b6507d2f60fe004600c,windows10-64-shippable-qr,True,False,,,102210fe594ee9b33d82058545b1ed14f4c8206e,console.log-in-loop-content-process-array,damp,True,damp console.log-in-loop-content-process-array opt e10s fission stylo webrender-sw,4768818,77,ms,firefox,,1767414852,2023-10-04 07:37:17,121.76381921897335,ee60a98b1285e84f8466d929dd7197b4cb9e3beb,1310806,,,,,,,,,,,,,,,,,,,,,,,,,,,,,,,,,,,,,,,,,,,,,,,,,,TN,,,,,,,,,,
autoland,4769055,12,f76b60813665636d86169b6507d2f60fe004600c,windows10-64-shippable-qr,True,False,,,102210fe594ee9b33d82058545b1ed14f4c8206e,console.log-in-loop-content-process-array,damp,True,damp console.log-in-loop-content-process-array opt e10s fission stylo webrender-sw,4768818,77,ms,firefox,,1767580249,2023-10-04 11:43:59,121.89288480305186,c559095402a2380ba171d9c60662e36c8d5e948d,1310929,,,,,,,,,,,,,,,,,,,,,,,,,,,,,,,,,,,,,,,,,,,,,,,,,,TN,,,,,,,,,,
autoland,4769055,12,f76b60813665636d86169b6507d2f60fe004600c,windows10-64-shippable-qr,True,False,,,102210fe594ee9b33d82058545b1ed14f4c8206e,console.log-in-loop-content-process-array,damp,True,damp console.log-in-loop-content-process-array opt e10s fission stylo webrender-sw,4768818,77,ms,firefox,,1767659863,2023-10-04 13:35:26,121.67127637097292,764533656770292f05824c8125c45832ba08baa6,1311025,,,,,,,,,,,,,,,,,,,,,,,,,,,,,,,,,,,,,,,,,,,,,,,,,,TN,,,,,,,,,,
autoland,4769055,12,f76b60813665636d86169b6507d2f60fe004600c,windows10-64-shippable-qr,True,False,,,102210fe594ee9b33d82058545b1ed14f4c8206e,console.log-in-loop-content-process-array,damp,True,damp console.log-in-loop-content-process-array opt e10s fission stylo webrender-sw,4768818,77,ms,firefox,,1767763630,2023-10-04 16:58:39,122.5459392392022,ce4c0f200f3bbd6681a6313aebf0d64f7ea8afe5,1311191,,,,,,,,,,,,,,,,,,,,,,,,,,,,,,,,,,,,,,,,,,,,,,,,,,TN,,,,,,,,,,
autoland,4769055,12,f76b60813665636d86169b6507d2f60fe004600c,windows10-64-shippable-qr,True,False,,,102210fe594ee9b33d82058545b1ed14f4c8206e,console.log-in-loop-content-process-array,damp,True,damp console.log-in-loop-content-process-array opt e10s fission stylo webrender-sw,4768818,77,ms,firefox,,1767908735,2023-10-04 20:54:48,122.7185283893723,e557eb7d97ce665fd81c680ed136877f12572c13,1311395,,,,,,,,,,,,,,,,,,,,,,,,,,,,,,,,,,,,,,,,,,,,,,,,,,TN,,,,,,,,,,
autoland,4769055,12,f76b60813665636d86169b6507d2f60fe004600c,windows10-64-shippable-qr,True,False,,,102210fe594ee9b33d82058545b1ed14f4c8206e,console.log-in-loop-content-process-array,damp,True,damp console.log-in-loop-content-process-array opt e10s fission stylo webrender-sw,4768818,77,ms,firefox,,1768021869,2023-10-05 00:01:56,121.71880029341082,59f4df7189285072039d3a68afd88090443edb71,1311536,,,,,,,,,,,,,,,,,,,,,,,,,,,,,,,,,,,,,,,,,,,,,,,,,,TN,,,,,,,,,,
autoland,4769055,12,f76b60813665636d86169b6507d2f60fe004600c,windows10-64-shippable-qr,True,False,,,102210fe594ee9b33d82058545b1ed14f4c8206e,console.log-in-loop-content-process-array,damp,True,damp console.log-in-loop-content-process-array opt e10s fission stylo webrender-sw,4768818,77,ms,firefox,,1768089296,2023-10-05 04:15:14,122.14956751352656,c406ccc1889d7f77e187d219bc9800009e26c02e,1311596,,,,,,,,,,,,,,,,,,,,,,,,,,,,,,,,,,,,,,,,,,,,,,,,,,TN,,,,,,,,,,
autoland,4769055,12,f76b60813665636d86169b6507d2f60fe004600c,windows10-64-shippable-qr,True,False,,,102210fe594ee9b33d82058545b1ed14f4c8206e,console.log-in-loop-content-process-array,damp,True,damp console.log-in-loop-content-process-array opt e10s fission stylo webrender-sw,4768818,77,ms,firefox,,1768182145,2023-10-05 08:15:44,122.3150687924026,526604ee2cd434fcf94020c1c8b6b96d253a6e83,1311663,,,,,,,,,,,,,,,,,,,,,,,,,,,,,,,,,,,,,,,,,,,,,,,,,,TN,,,,,,,,,,
autoland,4769055,12,f76b60813665636d86169b6507d2f60fe004600c,windows10-64-shippable-qr,True,False,,,102210fe594ee9b33d82058545b1ed14f4c8206e,console.log-in-loop-content-process-array,damp,True,damp console.log-in-loop-content-process-array opt e10s fission stylo webrender-sw,4768818,77,ms,firefox,,1768199694,2023-10-05 08:43:24,121.88268640393473,352fa7471fb72db127fc25a7723d201abec7bd50,1311677,,,,,,,,,,,,,,,,,,,,,,,,,,,,,,,,,,,,,,,,,,,,,,,,,,TN,,,,,,,,,,
autoland,4769055,12,f76b60813665636d86169b6507d2f60fe004600c,windows10-64-shippable-qr,True,False,,,102210fe594ee9b33d82058545b1ed14f4c8206e,console.log-in-loop-content-process-array,damp,True,damp console.log-in-loop-content-process-array opt e10s fission stylo webrender-sw,4768818,77,ms,firefox,,1768493740,2023-10-05 13:03:19,121.95884955706788,071a248f1589b12a9d492997caf012ac6a813d61,1311840,,,,,,,,,,,,,,,,,,,,,,,,,,,,,,,,,,,,,,,,,,,,,,,,,,TN,,,,,,,,,,
autoland,4769055,12,f76b60813665636d86169b6507d2f60fe004600c,windows10-64-shippable-qr,True,False,,,102210fe594ee9b33d82058545b1ed14f4c8206e,console.log-in-loop-content-process-array,damp,True,damp console.log-in-loop-content-process-array opt e10s fission stylo webrender-sw,4768818,77,ms,firefox,,1768458484,2023-10-05 14:07:33,121.39756369628869,38a59b940c35dfab50ff2deda3fe6f27bfa99213,1311899,,,,,,,,,,,,,,,,,,,,,,,,,,,,,,,,,,,,,,,,,,,,,,,,,,TN,,,,,,,,,,
autoland,4769055,12,f76b60813665636d86169b6507d2f60fe004600c,windows10-64-shippable-qr,True,False,,,102210fe594ee9b33d82058545b1ed14f4c8206e,console.log-in-loop-content-process-array,damp,True,damp console.log-in-loop-content-process-array opt e10s fission stylo webrender-sw,4768818,77,ms,firefox,,1768678879,2023-10-05 17:18:24,122.041110848284,def7651a06fb17bb344eaf48cc6daa6047be722e,1312069,,,,,,,,,,,,,,,,,,,,,,,,,,,,,,,,,,,,,,,,,,,,,,,,,,TN,,,,,,,,,,
autoland,4769055,12,f76b60813665636d86169b6507d2f60fe004600c,windows10-64-shippable-qr,True,False,,,102210fe594ee9b33d82058545b1ed14f4c8206e,console.log-in-loop-content-process-array,damp,True,damp console.log-in-loop-content-process-array opt e10s fission stylo webrender-sw,4768818,77,ms,firefox,,1768784002,2023-10-05 19:49:01,122.25320392697448,5cb270a4e6b6f0aa6cd6865b7f8daf75ad10263c,1312160,,,,,,,,,,,,,,,,,,,,,,,,,,,,,,,,,,,,,,,,,,,,,,,,,,TN,,,,,,,,,,
autoland,4769055,12,f76b60813665636d86169b6507d2f60fe004600c,windows10-64-shippable-qr,True,False,,,102210fe594ee9b33d82058545b1ed14f4c8206e,console.log-in-loop-content-process-array,damp,True,damp console.log-in-loop-content-process-array opt e10s fission stylo webrender-sw,4768818,77,ms,firefox,,1768927542,2023-10-06 01:08:36,121.92535309244704,461a9c98a535b9896e9d394bdfee72ce90cf7afd,1312319,,,,,,,,,,,,,,,,,,,,,,,,,,,,,,,,,,,,,,,,,,,,,,,,,,TN,,,,,,,,,,
autoland,4769055,12,f76b60813665636d86169b6507d2f60fe004600c,windows10-64-shippable-qr,True,False,,,102210fe594ee9b33d82058545b1ed14f4c8206e,console.log-in-loop-content-process-array,damp,True,damp console.log-in-loop-content-process-array opt e10s fission stylo webrender-sw,4768818,77,ms,firefox,,1769045809,2023-10-06 04:02:35,123.78165478885056,055e1badb79853e71fe9123f8e0c60a4381a1239,1312369,,,,,,,,,,,,,,,,,,,,,,,,,,,,,,,,,,,,,,,,,,,,,,,,,,TN,,,,,,,,,,
autoland,4769055,12,f76b60813665636d86169b6507d2f60fe004600c,windows10-64-shippable-qr,True,False,,,102210fe594ee9b33d82058545b1ed14f4c8206e,console.log-in-loop-content-process-array,damp,True,damp console.log-in-loop-content-process-array opt e10s fission stylo webrender-sw,4768818,77,ms,firefox,,1770646644,2023-10-06 04:24:21,122.27560300851474,c2e9bd7889112a71defe8ce363076708a01b05ef,1312372,,,,,,,,,,,,,,,,,,,,,,,,,,,,,,,,,,,,,,,,,,,,,,,,,,TN,,,,,,,,,,
autoland,4769055,12,f76b60813665636d86169b6507d2f60fe004600c,windows10-64-shippable-qr,True,False,,,102210fe594ee9b33d82058545b1ed14f4c8206e,console.log-in-loop-content-process-array,damp,True,damp console.log-in-loop-content-process-array opt e10s fission stylo webrender-sw,4768818,77,ms,firefox,,1770645699,2023-10-06 04:47:35,121.59161658169523,a0f40aa5a5952bec0f425366ff9fcec37dd1dceb,1312378,,,,,,,,,,,,,,,,,,,,,,,,,,,,,,,,,,,,,,,,,,,,,,,,,,TN,,,,,,,,,,
autoland,4769055,12,f76b60813665636d86169b6507d2f60fe004600c,windows10-64-shippable-qr,True,False,,,102210fe594ee9b33d82058545b1ed14f4c8206e,console.log-in-loop-content-process-array,damp,True,damp console.log-in-loop-content-process-array opt e10s fission stylo webrender-sw,4768818,77,ms,firefox,,1770645249,2023-10-06 05:52:14,122.66989157904663,e0785b093504e23ccebb6d28787c33d68c18f0b9,1312388,,,,,,,,,,,,,,,,,,,,,,,,,,,,,,,,,,,,,,,,,,,,,,,,,,TN,,,,,,,,,,
autoland,4769055,12,f76b60813665636d86169b6507d2f60fe004600c,windows10-64-shippable-qr,True,False,,,102210fe594ee9b33d82058545b1ed14f4c8206e,console.log-in-loop-content-process-array,damp,True,damp console.log-in-loop-content-process-array opt e10s fission stylo webrender-sw,4768818,77,ms,firefox,,1770645381,2023-10-06 06:18:53,122.17836848155912,6ffbaf3b4ea8d26aa4bd49cb18e198060dba7bc9,1312398,,,,,,,,,,,,,,,,,,,,,,,,,,,,,,,,,,,,,,,,,,,,,,,,,,TN,,,,,,,,,,
autoland,4769055,12,f76b60813665636d86169b6507d2f60fe004600c,windows10-64-shippable-qr,True,False,,,102210fe594ee9b33d82058545b1ed14f4c8206e,console.log-in-loop-content-process-array,damp,True,damp console.log-in-loop-content-process-array opt e10s fission stylo webrender-sw,4768818,77,ms,firefox,,1770645300,2023-10-06 06:59:00,122.11223713089112,b034a85665e3ae050f00c3dabc252572dff65b0f,1312412,,,,,,,,,,,,,,,,,,,,,,,,,,,,,,,,,,,,,,,,,,,,,,,,,,TN,,,,,,,,,,
autoland,4769055,12,f76b60813665636d86169b6507d2f60fe004600c,windows10-64-shippable-qr,True,False,,,102210fe594ee9b33d82058545b1ed14f4c8206e,console.log-in-loop-content-process-array,damp,True,damp console.log-in-loop-content-process-array opt e10s fission stylo webrender-sw,4768818,77,ms,firefox,,1770645511,2023-10-06 07:38:48,121.77444652012856,334a64fb61ff883351253231040a15e33ec51d75,1312418,,,,,,,,,,,,,,,,,,,,,,,,,,,,,,,,,,,,,,,,,,,,,,,,,,TN,,,,,,,,,,
autoland,4769055,12,f76b60813665636d86169b6507d2f60fe004600c,windows10-64-shippable-qr,True,False,,,102210fe594ee9b33d82058545b1ed14f4c8206e,console.log-in-loop-content-process-array,damp,True,damp console.log-in-loop-content-process-array opt e10s fission stylo webrender-sw,4768818,77,ms,firefox,,1770645356,2023-10-06 07:49:20,121.85666186979596,babd4f918ff21aa3bf55b6e8f9c2a3ff2b380797,1312419,,,,,,,,,,,,,,,,,,,,,,,,,,,,,,,,,,,,,,,,,,,,,,,,,,TN,,,,,,,,,,
autoland,4769055,12,f76b60813665636d86169b6507d2f60fe004600c,windows10-64-shippable-qr,True,False,,,102210fe594ee9b33d82058545b1ed14f4c8206e,console.log-in-loop-content-process-array,damp,True,damp console.log-in-loop-content-process-array opt e10s fission stylo webrender-sw,4768818,77,ms,firefox,,1770645944,2023-10-06 07:50:12,121.56678224219286,f37a30bf6db00a212fa7b65d39f09e7a58c7cb52,1312425,,,,,,,,,,,,,,,,,,,,,,,,,,,,,,,,,,,,,,,,,,,,,,,,,,TN,,,,,,,,,,
autoland,4769055,12,f76b60813665636d86169b6507d2f60fe004600c,windows10-64-shippable-qr,True,False,,,102210fe594ee9b33d82058545b1ed14f4c8206e,console.log-in-loop-content-process-array,damp,True,damp console.log-in-loop-content-process-array opt e10s fission stylo webrender-sw,4768818,77,ms,firefox,,1770645892,2023-10-06 07:55:15,122.09000483669206,6a3696d25b3eb37571c0cb68fc067a89c26b845a,1312431,,,,,,,,,,,,,,,,,,,,,,,,,,,,,,,,,,,,,,,,,,,,,,,,,,TN,,,,,,,,,,
autoland,4769055,12,f76b60813665636d86169b6507d2f60fe004600c,windows10-64-shippable-qr,True,False,,,102210fe594ee9b33d82058545b1ed14f4c8206e,console.log-in-loop-content-process-array,damp,True,damp console.log-in-loop-content-process-array opt e10s fission stylo webrender-sw,4768818,77,ms,firefox,,1769224592,2023-10-06 08:43:18,122.56800373554688,00b027478170756439b780282f9cfdf15edea985,1312452,,,,,,,,,,,,,,,,,,,,,,,,,,,,,,,,,,,,,,,,,,,,,,,,,,TN,,,,,,,,,,
autoland,4769055,12,f76b60813665636d86169b6507d2f60fe004600c,windows10-64-shippable-qr,True,False,,,102210fe594ee9b33d82058545b1ed14f4c8206e,console.log-in-loop-content-process-array,damp,True,damp console.log-in-loop-content-process-array opt e10s fission stylo webrender-sw,4768818,77,ms,firefox,,1770639886,2023-10-06 08:44:38,123.04778633348816,47f22dc6237620da660fdfe1019daeffb58ffe7e,1312453,,,,,,,,,,,,,,,,,,,,,,,,,,,,,,,,,,,,,,,,,,,,,,,,,,TN,,,,,,,,,,
autoland,4769055,12,f76b60813665636d86169b6507d2f60fe004600c,windows10-64-shippable-qr,True,False,,,102210fe594ee9b33d82058545b1ed14f4c8206e,console.log-in-loop-content-process-array,damp,True,damp console.log-in-loop-content-process-array opt e10s fission stylo webrender-sw,4768818,77,ms,firefox,,1770639211,2023-10-06 09:19:45,121.51050368896358,e638f7f5706545e53bada8b935af44ad58dfa32a,1312469,,,,,,,,,,,,,,,,,,,,,,,,,,,,,,,,,,,,,,,,,,,,,,,,,,TN,,,,,,,,,,
autoland,4769055,12,f76b60813665636d86169b6507d2f60fe004600c,windows10-64-shippable-qr,True,False,,,102210fe594ee9b33d82058545b1ed14f4c8206e,console.log-in-loop-content-process-array,damp,True,damp console.log-in-loop-content-process-array opt e10s fission stylo webrender-sw,4768818,77,ms,firefox,,1770642147,2023-10-06 09:58:41,121.79453921373351,f0458ed00feb58235cb3216db11c7e5a304072e2,1312481,,,,,,,,,,,,,,,,,,,,,,,,,,,,,,,,,,,,,,,,,,,,,,,,,,TN,,,,,,,,,,
autoland,4769055,12,f76b60813665636d86169b6507d2f60fe004600c,windows10-64-shippable-qr,True,False,,,102210fe594ee9b33d82058545b1ed14f4c8206e,console.log-in-loop-content-process-array,damp,True,damp console.log-in-loop-content-process-array opt e10s fission stylo webrender-sw,4768818,77,ms,firefox,,1770642654,2023-10-06 10:18:59,121.1027806743732,d27893ad1ee37bef741b69e723a7d9d72391d89d,1312487,,,,,,,,,,,,,,,,,,,,,,,,,,,,,,,,,,,,,,,,,,,,,,,,,,TN,,,,,,,,,,
autoland,4769055,12,f76b60813665636d86169b6507d2f60fe004600c,windows10-64-shippable-qr,True,False,,,102210fe594ee9b33d82058545b1ed14f4c8206e,console.log-in-loop-content-process-array,damp,True,damp console.log-in-loop-content-process-array opt e10s fission stylo webrender-sw,4768818,77,ms,firefox,,1770643250,2023-10-06 10:57:31,123.0003017382014,c6efcac0ffcc0c17fdd4c6ee691e747ae136d62f,1312504,,,,,,,,,,,,,,,,,,,,,,,,,,,,,,,,,,,,,,,,,,,,,,,,,,TN,,,,,,,,,,
autoland,4769055,12,f76b60813665636d86169b6507d2f60fe004600c,windows10-64-shippable-qr,True,False,,,102210fe594ee9b33d82058545b1ed14f4c8206e,console.log-in-loop-content-process-array,damp,True,damp console.log-in-loop-content-process-array opt e10s fission stylo webrender-sw,4768818,77,ms,firefox,,1770644532,2023-10-06 11:06:49,121.57079525191692,107265085a67a702557aba007008b4b22e29c793,1312509,,,,,,,,,,,,,,,,,,,,,,,,,,,,,,,,,,,,,,,,,,,,,,,,,,TN,,,,,,,,,,
autoland,4769055,12,f76b60813665636d86169b6507d2f60fe004600c,windows10-64-shippable-qr,True,False,,,102210fe594ee9b33d82058545b1ed14f4c8206e,console.log-in-loop-content-process-array,damp,True,damp console.log-in-loop-content-process-array opt e10s fission stylo webrender-sw,4768818,77,ms,firefox,,1770644766,2023-10-06 11:21:38,122.4840289942531,e7b01fe0243ee8f732a863eb23c0e756cff0f8be,1312514,,,,,,,,,,,,,,,,,,,,,,,,,,,,,,,,,,,,,,,,,,,,,,,,,,TN,,,,,,,,,,
autoland,4769055,12,f76b60813665636d86169b6507d2f60fe004600c,windows10-64-shippable-qr,True,False,,,102210fe594ee9b33d82058545b1ed14f4c8206e,console.log-in-loop-content-process-array,damp,True,damp console.log-in-loop-content-process-array opt e10s fission stylo webrender-sw,4768818,77,ms,firefox,,1770644886,2023-10-06 11:30:29,121.74658633057606,0dc83bc5c9cf57f3ab4728dd5245ce7ee3434a26,1312516,,,,,,,,,,,,,,,,,,,,,,,,,,,,,,,,,,,,,,,,,,,,,,,,,,TN,,,,,,,,,,
autoland,4769055,12,f76b60813665636d86169b6507d2f60fe004600c,windows10-64-shippable-qr,True,False,,,102210fe594ee9b33d82058545b1ed14f4c8206e,console.log-in-loop-content-process-array,damp,True,damp console.log-in-loop-content-process-array opt e10s fission stylo webrender-sw,4768818,77,ms,firefox,,1769240045,2023-10-06 12:06:22,121.54049956206929,9b362770f30bc360df921ba24ace5de8c387e631,1312537,,,,,,,,,,,,,,,,,,,,,,,,,,,,,,,,,,,,,,,,,,,,,,,,,,TN,,,,,,,,,,
autoland,4769055,12,f76b60813665636d86169b6507d2f60fe004600c,windows10-64-shippable-qr,True,False,,,102210fe594ee9b33d82058545b1ed14f4c8206e,console.log-in-loop-content-process-array,damp,True,damp console.log-in-loop-content-process-array opt e10s fission stylo webrender-sw,4768818,77,ms,firefox,,1770814565,2023-10-06 15:33:30,121.84539787171887,63cc71fda856634632e533daf13806ec88f1c79f,1312679,,,,,,,,,,,,,,,,,,,,,,,,,,,,,,,,,,,,,,,,,,,,,,,,,,TN,,,,,,,,,,
autoland,4769055,12,f76b60813665636d86169b6507d2f60fe004600c,windows10-64-shippable-qr,True,False,,,102210fe594ee9b33d82058545b1ed14f4c8206e,console.log-in-loop-content-process-array,damp,True,damp console.log-in-loop-content-process-array opt e10s fission stylo webrender-sw,4768818,77,ms,firefox,,1770814447,2023-10-06 15:38:03,123.42201842378016,8ad130abc64fd21d5274059f600a81ea56f745e6,1312681,,,,,,,,,,,,,,,,,,,,,,,,,,,,,,,,,,,,,,,,,,,,,,,,,,TN,,,,,,,,,,
autoland,4769055,12,f76b60813665636d86169b6507d2f60fe004600c,windows10-64-shippable-qr,True,False,,,102210fe594ee9b33d82058545b1ed14f4c8206e,console.log-in-loop-content-process-array,damp,True,damp console.log-in-loop-content-process-array opt e10s fission stylo webrender-sw,4768818,77,ms,firefox,,1770814633,2023-10-06 16:07:26,121.5477090540444,0f0a9e88f81a8e02f7d984a86b57e543f68a689a,1312704,,,,,,,,,,,,,,,,,,,,,,,,,,,,,,,,,,,,,,,,,,,,,,,,,,TN,,,,,,,,,,
autoland,4769055,12,f76b60813665636d86169b6507d2f60fe004600c,windows10-64-shippable-qr,True,False,,,102210fe594ee9b33d82058545b1ed14f4c8206e,console.log-in-loop-content-process-array,damp,True,damp console.log-in-loop-content-process-array opt e10s fission stylo webrender-sw,4768818,77,ms,firefox,,1770814517,2023-10-06 16:13:40,123.4890039560496,e8d706817e2beb8f1149d877c5fca3603c2b6c30,1312709,,,,,,,,,,,,,,,,,,,,,,,,,,,,,,,,,,,,,,,,,,,,,,,,,,TN,,,,,,,,,,
autoland,4769055,12,f76b60813665636d86169b6507d2f60fe004600c,windows10-64-shippable-qr,True,False,,,102210fe594ee9b33d82058545b1ed14f4c8206e,console.log-in-loop-content-process-array,damp,True,damp console.log-in-loop-content-process-array opt e10s fission stylo webrender-sw,4768818,77,ms,firefox,,1770817593,2023-10-06 16:19:52,122.28371524505384,9cdba57b7be094fbcc21f360214ae8e56d30bf73,1312714,,,,,,,,,,,,,,,,,,,,,,,,,,,,,,,,,,,,,,,,,,,,,,,,,,TN,,,,,,,,,,
autoland,4769055,12,f76b60813665636d86169b6507d2f60fe004600c,windows10-64-shippable-qr,True,False,,,102210fe594ee9b33d82058545b1ed14f4c8206e,console.log-in-loop-content-process-array,damp,True,damp console.log-in-loop-content-process-array opt e10s fission stylo webrender-sw,4768818,77,ms,firefox,,1770810110,2023-10-06 16:33:30,121.53891735044454,d1c09d187a7efc790372d2b45ec6b3f972cdd98e,1312723,,,,,,,,,,,,,,,,,,,,,,,,,,,,,,,,,,,,,,,,,,,,,,,,,,TN,,,,,,,,,,
autoland,4769055,12,f76b60813665636d86169b6507d2f60fe004600c,windows10-64-shippable-qr,True,False,,,102210fe594ee9b33d82058545b1ed14f4c8206e,console.log-in-loop-content-process-array,damp,True,damp console.log-in-loop-content-process-array opt e10s fission stylo webrender-sw,4768818,77,ms,firefox,,1770810931,2023-10-06 16:37:04,122.2198404744804,f036a6a631db35043ea9dd250c42f96e57884f26,1312727,,,,,,,,,,,,,,,,,,,,,,,,,,,,,,,,,,,,,,,,,,,,,,,,,,TN,,,,,,,,,,
autoland,4769055,12,f76b60813665636d86169b6507d2f60fe004600c,windows10-64-shippable-qr,True,False,,,102210fe594ee9b33d82058545b1ed14f4c8206e,console.log-in-loop-content-process-array,damp,True,damp console.log-in-loop-content-process-array opt e10s fission stylo webrender-sw,4768818,77,ms,firefox,,1770814818,2023-10-06 16:49:05,121.61021924518808,9752d62024dd1514e2f20f1c64bd78877b665588,1312731,,,,,,,,,,,,,,,,,,,,,,,,,,,,,,,,,,,,,,,,,,,,,,,,,,TN,,,,,,,,,,
autoland,4769055,12,f76b60813665636d86169b6507d2f60fe004600c,windows10-64-shippable-qr,True,False,,,102210fe594ee9b33d82058545b1ed14f4c8206e,console.log-in-loop-content-process-array,damp,True,damp console.log-in-loop-content-process-array opt e10s fission stylo webrender-sw,4768818,77,ms,firefox,,1770783997,2023-10-06 17:09:31,122.20055514443992,8a2ba5840fd6df3627d9037574620099bb4c39da,1312740,,,,,,,,,,,,,,,,,,,,,,,,,,,,,,,,,,,,,,,,,,,,,,,,,,TN,,,,,,,,,,
autoland,4769055,12,f76b60813665636d86169b6507d2f60fe004600c,windows10-64-shippable-qr,True,False,,,102210fe594ee9b33d82058545b1ed14f4c8206e,console.log-in-loop-content-process-array,damp,True,damp console.log-in-loop-content-process-array opt e10s fission stylo webrender-sw,4768818,77,ms,firefox,,1770638906,2023-10-06 17:24:02,121.6475121941221,8eaa146a5723ff92ca55bee2294d9bdf78aa3e65,1312747,,,,,,,,,,,,,,,,,,,,,,,,,,,,,,,,,,,,,,,,,,,,,,,,,,TN,,,,,,,,,,
autoland,4769055,12,f76b60813665636d86169b6507d2f60fe004600c,windows10-64-shippable-qr,True,False,,,102210fe594ee9b33d82058545b1ed14f4c8206e,console.log-in-loop-content-process-array,damp,True,damp console.log-in-loop-content-process-array opt e10s fission stylo webrender-sw,4768818,77,ms,firefox,,1770639722,2023-10-06 17:29:55,122.41273555844236,0e547d3394190ce65f6db8a7e9591438c7de8d6d,1312752,,,,,,,,,,,,,,,,,,,,,,,,,,,,,,,,,,,,,,,,,,,,,,,,,,TN,,,,,,,,,,
autoland,4769055,12,f76b60813665636d86169b6507d2f60fe004600c,windows10-64-shippable-qr,True,False,,,102210fe594ee9b33d82058545b1ed14f4c8206e,console.log-in-loop-content-process-array,damp,True,damp console.log-in-loop-content-process-array opt e10s fission stylo webrender-sw,4768818,77,ms,firefox,,1770639933,2023-10-06 17:32:25,122.29429656574756,0572ab9c28dd50e42efdf571d29d66e5fa3994b0,1312755,,,,,,,,,,,,,,,,,,,,,,,,,,,,,,,,,,,,,,,,,,,,,,,,,,TN,,,,,,,,,,
autoland,4769055,12,f76b60813665636d86169b6507d2f60fe004600c,windows10-64-shippable-qr,True,False,,,102210fe594ee9b33d82058545b1ed14f4c8206e,console.log-in-loop-content-process-array,damp,True,damp console.log-in-loop-content-process-array opt e10s fission stylo webrender-sw,4768818,77,ms,firefox,,1770642600,2023-10-06 18:02:22,123.4719794490129,04eef7a7dccbccb1b1ba76b2eae3b9df9f7afb28,1312784,,,,,,,,,,,,,,,,,,,,,,,,,,,,,,,,,,,,,,,,,,,,,,,,,,TN,,,,,,,,,,
autoland,4769055,12,f76b60813665636d86169b6507d2f60fe004600c,windows10-64-shippable-qr,True,False,,,102210fe594ee9b33d82058545b1ed14f4c8206e,console.log-in-loop-content-process-array,damp,True,damp console.log-in-loop-content-process-array opt e10s fission stylo webrender-sw,4768818,77,ms,firefox,,1770642262,2023-10-06 18:17:02,121.49242258489268,5714b7239b70b82d850b6eb982bdc08679bdbab6,1312802,,,,,,,,,,,,,,,,,,,,,,,,,,,,,,,,,,,,,,,,,,,,,,,,,,TN,,,,,,,,,,
autoland,4769055,12,f76b60813665636d86169b6507d2f60fe004600c,windows10-64-shippable-qr,True,False,,,102210fe594ee9b33d82058545b1ed14f4c8206e,console.log-in-loop-content-process-array,damp,True,damp console.log-in-loop-content-process-array opt e10s fission stylo webrender-sw,4768818,77,ms,firefox,,1770640912,2023-10-06 18:34:59,122.82075770525626,074c48b191946b32bfefe4f4a033ecf286d1124f,1312820,,,,,,,,,,,,,,,,,,,,,,,,,,,,,,,,,,,,,,,,,,,,,,,,,,TN,,,,,,,,,,
autoland,4769055,12,f76b60813665636d86169b6507d2f60fe004600c,windows10-64-shippable-qr,True,False,,,102210fe594ee9b33d82058545b1ed14f4c8206e,console.log-in-loop-content-process-array,damp,True,damp console.log-in-loop-content-process-array opt e10s fission stylo webrender-sw,4768818,77,ms,firefox,,1770641426,2023-10-06 18:50:13,121.63390039010848,7c40e7c45ee8ae1c61bbe6cd4b264f43b1b39f4e,1312833,,,,,,,,,,,,,,,,,,,,,,,,,,,,,,,,,,,,,,,,,,,,,,,,,,TN,,,,,,,,,,
autoland,4769055,12,f76b60813665636d86169b6507d2f60fe004600c,windows10-64-shippable-qr,True,False,,,102210fe594ee9b33d82058545b1ed14f4c8206e,console.log-in-loop-content-process-array,damp,True,damp console.log-in-loop-content-process-array opt e10s fission stylo webrender-sw,4768818,77,ms,firefox,,1770641517,2023-10-06 18:55:18,121.82440587530164,1f0adf09c64a44ff0b431500ee57c7517c981af4,1312837,,,,,,,,,,,,,,,,,,,,,,,,,,,,,,,,,,,,,,,,,,,,,,,,,,TN,,,,,,,,,,
autoland,4769055,12,f76b60813665636d86169b6507d2f60fe004600c,windows10-64-shippable-qr,True,False,,,102210fe594ee9b33d82058545b1ed14f4c8206e,console.log-in-loop-content-process-array,damp,True,damp console.log-in-loop-content-process-array opt e10s fission stylo webrender-sw,4768818,77,ms,firefox,,1770643315,2023-10-06 18:59:10,121.8496559351197,73919dbff272db85ba6334dca0a9ddfd7f5f039d,1312841,,,,,,,,,,,,,,,,,,,,,,,,,,,,,,,,,,,,,,,,,,,,,,,,,,TN,,,,,,,,,,
autoland,4769055,12,f76b60813665636d86169b6507d2f60fe004600c,windows10-64-shippable-qr,True,False,,,102210fe594ee9b33d82058545b1ed14f4c8206e,console.log-in-loop-content-process-array,damp,True,damp console.log-in-loop-content-process-array opt e10s fission stylo webrender-sw,4768818,77,ms,firefox,,1769423129,2023-10-06 19:00:40,122.44780582212844,c561ffa6099b97fd965811d77fd98de66c44d32b,1312844,,,,,,,,,,,,,,,,,,,,,,,,,,,,,,,,,,,,,,,,,,,,,,,,,,TN,,,,,,,,,,
autoland,4769055,12,f76b60813665636d86169b6507d2f60fe004600c,windows10-64-shippable-qr,True,False,,,102210fe594ee9b33d82058545b1ed14f4c8206e,console.log-in-loop-content-process-array,damp,True,damp console.log-in-loop-content-process-array opt e10s fission stylo webrender-sw,4768818,77,ms,firefox,,1770668837,2023-10-06 19:03:52,122.46082176668732,7ef5101e80536201ddabd23a5cc9a01bbf1a5226,1312847,,,,,,,,,,,,,,,,,,,,,,,,,,,,,,,,,,,,,,,,,,,,,,,,,,TN,,,,,,,,,,
autoland,4769055,12,f76b60813665636d86169b6507d2f60fe004600c,windows10-64-shippable-qr,True,False,,,102210fe594ee9b33d82058545b1ed14f4c8206e,console.log-in-loop-content-process-array,damp,True,damp console.log-in-loop-content-process-array opt e10s fission stylo webrender-sw,4768818,77,ms,firefox,,1770666072,2023-10-06 19:05:21,122.60008574291896,e7d6b643fcb05f03e50d3ce0571f4a30e48b93a8,1312851,,,,,,,,,,,,,,,,,,,,,,,,,,,,,,,,,,,,,,,,,,,,,,,,,,TN,,,,,,,,,,
autoland,4769055,12,f76b60813665636d86169b6507d2f60fe004600c,windows10-64-shippable-qr,True,False,,,102210fe594ee9b33d82058545b1ed14f4c8206e,console.log-in-loop-content-process-array,damp,True,damp console.log-in-loop-content-process-array opt e10s fission stylo webrender-sw,4768818,77,ms,firefox,,1770672555,2023-10-06 21:23:02,122.32761463173848,8dae8b6bb9fa5cf56cee29a5b4820bae3b979c65,1312944,,,,,,,,,,,,,,,,,,,,,,,,,,,,,,,,,,,,,,,,,,,,,,,,,,TN,,,,,,,,,,
autoland,4769055,12,f76b60813665636d86169b6507d2f60fe004600c,windows10-64-shippable-qr,True,False,,,102210fe594ee9b33d82058545b1ed14f4c8206e,console.log-in-loop-content-process-array,damp,True,damp console.log-in-loop-content-process-array opt e10s fission stylo webrender-sw,4768818,77,ms,firefox,,1769538063,2023-10-06 23:09:23,122.28401483842026,1d25ed23e85a3a9d0d9117997337757d0ff718a2,1312997,,,,,,,,,,,,,,,,,,,,,,,,,,,,,,,,,,,,,,,,,,,,,,,,,,TN,,,,,,,,,,
autoland,4769055,12,f76b60813665636d86169b6507d2f60fe004600c,windows10-64-shippable-qr,True,False,,,102210fe594ee9b33d82058545b1ed14f4c8206e,console.log-in-loop-content-process-array,damp,True,damp console.log-in-loop-content-process-array opt e10s fission stylo webrender-sw,4768818,77,ms,firefox,,1769604493,2023-10-07 03:35:30,121.61546839954644,4db29be9ee2947a3d67a996fefc3ff1cb94a6fcc,1313062,,,,,,,,,,,,,,,,,,,,,,,,,,,,,,,,,,,,,,,,,,,,,,,,,,TN,,,,,,,,,,
autoland,4769055,12,f76b60813665636d86169b6507d2f60fe004600c,windows10-64-shippable-qr,True,False,,,102210fe594ee9b33d82058545b1ed14f4c8206e,console.log-in-loop-content-process-array,damp,True,damp console.log-in-loop-content-process-array opt e10s fission stylo webrender-sw,4768818,77,ms,firefox,,1769647692,2023-10-07 06:02:53,121.19310998304265,c4c56469518a5ccc9349ed7d29a0d56eba776df6,1313071,,,,,,,,,,,,,,,,,,,,,,,,,,,,,,,,,,,,,,,,,,,,,,,,,,TN,,,,,,,,,,
autoland,4769055,12,f76b60813665636d86169b6507d2f60fe004600c,windows10-64-shippable-qr,True,False,,,102210fe594ee9b33d82058545b1ed14f4c8206e,console.log-in-loop-content-process-array,damp,True,damp console.log-in-loop-content-process-array opt e10s fission stylo webrender-sw,4768818,77,ms,firefox,,1769765435,2023-10-07 13:52:35,122.41849644057584,ef73c2e8cd831f2a46ff5704623db63232fd912d,1313122,,,,,,,,,,,,,,,,,,,,,,,,,,,,,,,,,,,,,,,,,,,,,,,,,,TN,,,,,,,,,,
autoland,4769055,12,f76b60813665636d86169b6507d2f60fe004600c,windows10-64-shippable-qr,True,False,,,102210fe594ee9b33d82058545b1ed14f4c8206e,console.log-in-loop-content-process-array,damp,True,damp console.log-in-loop-content-process-array opt e10s fission stylo webrender-sw,4768818,77,ms,firefox,,1769817119,2023-10-07 18:43:49,122.11838112564784,8db232d0f8c742a85eb803c996ef87edac9d5c81,1313149,,,,,,,,,,,,,,,,,,,,,,,,,,,,,,,,,,,,,,,,,,,,,,,,,,TN,,,,,,,,,,
autoland,4769055,12,f76b60813665636d86169b6507d2f60fe004600c,windows10-64-shippable-qr,True,False,,,102210fe594ee9b33d82058545b1ed14f4c8206e,console.log-in-loop-content-process-array,damp,True,damp console.log-in-loop-content-process-array opt e10s fission stylo webrender-sw,4768818,77,ms,firefox,,1769883030,2023-10-07 23:15:17,122.54244560262488,fba49989dde6aa32244c622fd43abe19a32128ae,1313184,,,,,,,,,,,,,,,,,,,,,,,,,,,,,,,,,,,,,,,,,,,,,,,,,,TN,,,,,,,,,,
autoland,4769055,12,f76b60813665636d86169b6507d2f60fe004600c,windows10-64-shippable-qr,True,False,,,102210fe594ee9b33d82058545b1ed14f4c8206e,console.log-in-loop-content-process-array,damp,True,damp console.log-in-loop-content-process-array opt e10s fission stylo webrender-sw,4768818,77,ms,firefox,,1769967746,2023-10-08 08:55:12,124.05548719401668,68e866f36130edd1c8de093ac6d8a0fb78006527,1313211,,,,,,,,,,,,,,,,,,,,,,,,,,,,,,,,,,,,,,,,,,,,,,,,,,TN,,,,,,,,,,
autoland,4769055,12,f76b60813665636d86169b6507d2f60fe004600c,windows10-64-shippable-qr,True,False,,,102210fe594ee9b33d82058545b1ed14f4c8206e,console.log-in-loop-content-process-array,damp,True,damp console.log-in-loop-content-process-array opt e10s fission stylo webrender-sw,4768818,77,ms,firefox,,1770207182,2023-10-08 23:28:16,122.75206284905744,38314c6dc43eed509bfa7c922dbbc4147ac2ce34,1313289,,,,,,,,,,,,,,,,,,,,,,,,,,,,,,,,,,,,,,,,,,,,,,,,,,TN,,,,,,,,,,
autoland,4769055,12,f76b60813665636d86169b6507d2f60fe004600c,windows10-64-shippable-qr,True,False,,,102210fe594ee9b33d82058545b1ed14f4c8206e,console.log-in-loop-content-process-array,damp,True,damp console.log-in-loop-content-process-array opt e10s fission stylo webrender-sw,4768818,77,ms,firefox,,1770273701,2023-10-09 04:48:12,121.95944481441256,d5fd5e481ff21f14c9771aa58f8fb378a8430cdf,1313332,,,,,,,,,,,,,,,,,,,,,,,,,,,,,,,,,,,,,,,,,,,,,,,,,,TN,,,,,,,,,,
autoland,4769055,12,f76b60813665636d86169b6507d2f60fe004600c,windows10-64-shippable-qr,True,False,,,102210fe594ee9b33d82058545b1ed14f4c8206e,console.log-in-loop-content-process-array,damp,True,damp console.log-in-loop-content-process-array opt e10s fission stylo webrender-sw,4768818,77,ms,firefox,,1770336624,2023-10-09 08:48:33,121.49199352423148,77c18c08c9ff87c6ff0e5b546ac609296d5e04db,1313413,,,,,,,,,,,,,,,,,,,,,,,,,,,,,,,,,,,,,,,,,,,,,,,,,,TN,,,,,,,,,,
autoland,4769055,12,f76b60813665636d86169b6507d2f60fe004600c,windows10-64-shippable-qr,True,False,,,102210fe594ee9b33d82058545b1ed14f4c8206e,console.log-in-loop-content-process-array,damp,True,damp console.log-in-loop-content-process-array opt e10s fission stylo webrender-sw,4768818,77,ms,firefox,,1770478827,2023-10-09 11:45:29,122.23622447168418,70c980c054e9a0693d3bee343b1235d47894163d,1313495,,,,,,,,,,,,,,,,,,,,,,,,,,,,,,,,,,,,,,,,,,,,,,,,,,TN,,,,,,,,,,
autoland,4769055,12,f76b60813665636d86169b6507d2f60fe004600c,windows10-64-shippable-qr,True,False,,,102210fe594ee9b33d82058545b1ed14f4c8206e,console.log-in-loop-content-process-array,damp,True,damp console.log-in-loop-content-process-array opt e10s fission stylo webrender-sw,4768818,77,ms,firefox,,1770638017,2023-10-09 16:17:23,123.3827186199196,86e82f01df51429edbb4cfa27823d4d71e7844ab,1313678,,,,,,,,,,,,,,,,,,,,,,,,,,,,,,,,,,,,,,,,,,,,,,,,,,TN,,,,,,,,,,
autoland,4769055,12,f76b60813665636d86169b6507d2f60fe004600c,windows10-64-shippable-qr,True,False,,,102210fe594ee9b33d82058545b1ed14f4c8206e,console.log-in-loop-content-process-array,damp,True,damp console.log-in-loop-content-process-array opt e10s fission stylo webrender-sw,4768818,77,ms,firefox,,1770619312,2023-10-09 16:47:54,121.78847835570105,9591bcc532c4599dba688d3555c6a0135139c39a,1313694,,,,,,,,,,,,,,,,,,,,,,,,,,,,,,,,,,,,,,,,,,,,,,,,,,TN,,,,,,,,,,
autoland,4769055,12,f76b60813665636d86169b6507d2f60fe004600c,windows10-64-shippable-qr,True,False,,,102210fe594ee9b33d82058545b1ed14f4c8206e,console.log-in-loop-content-process-array,damp,True,damp console.log-in-loop-content-process-array opt e10s fission stylo webrender-sw,4768818,77,ms,firefox,,1770753294,2023-10-09 21:45:38,122.26634526703585,3d1ac3fb7670dd794589cae42735270de4266f4c,1313856,,,,,,,,,,,,,,,,,,,,,,,,,,,,,,,,,,,,,,,,,,,,,,,,,,TN,,,,,,,,,,
autoland,4769055,12,f76b60813665636d86169b6507d2f60fe004600c,windows10-64-shippable-qr,True,False,,,102210fe594ee9b33d82058545b1ed14f4c8206e,console.log-in-loop-content-process-array,damp,True,damp console.log-in-loop-content-process-array opt e10s fission stylo webrender-sw,4768818,77,ms,firefox,,1770811462,2023-10-10 02:31:01,121.66155293404243,935a0ba75b642adf295d7792f8ad8129f87e4c03,1313960,,,,,,,,,,,,,,,,,,,,,,,,,,,,,,,,,,,,,,,,,,,,,,,,,,TN,,,,,,,,,,
autoland,4769055,12,f76b60813665636d86169b6507d2f60fe004600c,windows10-64-shippable-qr,True,False,,,102210fe594ee9b33d82058545b1ed14f4c8206e,console.log-in-loop-content-process-array,damp,True,damp console.log-in-loop-content-process-array opt e10s fission stylo webrender-sw,4768818,77,ms,firefox,,1770845493,2023-10-10 06:35:36,121.54314253687426,de9287a68ed836a8fd2eb2ba90de0770a18c877a,1314004,,,,,,,,,,,,,,,,,,,,,,,,,,,,,,,,,,,,,,,,,,,,,,,,,,TN,,,,,,,,,,
autoland,4769055,12,f76b60813665636d86169b6507d2f60fe004600c,windows10-64-shippable-qr,True,False,,,102210fe594ee9b33d82058545b1ed14f4c8206e,console.log-in-loop-content-process-array,damp,True,damp console.log-in-loop-content-process-array opt e10s fission stylo webrender-sw,4768818,77,ms,firefox,,1770901510,2023-10-10 08:23:57,122.3870937792708,bec78f6e89cdb3b51ac879af75533217f38970cf,1314048,,,,,,,,,,,,,,,,,,,,,,,,,,,,,,,,,,,,,,,,,,,,,,,,,,TN,,,,,,,,,,
autoland,4769055,12,f76b60813665636d86169b6507d2f60fe004600c,windows10-64-shippable-qr,True,False,,,102210fe594ee9b33d82058545b1ed14f4c8206e,console.log-in-loop-content-process-array,damp,True,damp console.log-in-loop-content-process-array opt e10s fission stylo webrender-sw,4768818,77,ms,firefox,,1771093927,2023-10-10 12:59:15,121.49757926441453,7a4c861a2d10a6757c8844de9bd8f71c94cb6150,1314216,,,,,,,,,,,,,,,,,,,,,,,,,,,,,,,,,,,,,,,,,,,,,,,,,,TN,,,,,,,,,,
autoland,4769055,12,f76b60813665636d86169b6507d2f60fe004600c,windows10-64-shippable-qr,True,False,,,102210fe594ee9b33d82058545b1ed14f4c8206e,console.log-in-loop-content-process-array,damp,True,damp console.log-in-loop-content-process-array opt e10s fission stylo webrender-sw,4768818,77,ms,firefox,,1771120325,2023-10-10 15:20:47,122.50212309297058,686073214e498a3ed6018f15d9cd093812f5ab6f,1314341,,,,,,,,,,,,,,,,,,,,,,,,,,,,,,,,,,,,,,,,,,,,,,,,,,TN,,,,,,,,,,
autoland,4769055,12,f76b60813665636d86169b6507d2f60fe004600c,windows10-64-shippable-qr,True,False,,,102210fe594ee9b33d82058545b1ed14f4c8206e,console.log-in-loop-content-process-array,damp,True,damp console.log-in-loop-content-process-array opt e10s fission stylo webrender-sw,4768818,77,ms,firefox,,1771321349,2023-10-10 18:56:17,122.0334349025643,e746122083e758920b17ca0fd4726093187f3715,1314490,,,,,,,,,,,,,,,,,,,,,,,,,,,,,,,,,,,,,,,,,,,,,,,,,,TN,,,,,,,,,,
autoland,4769055,12,f76b60813665636d86169b6507d2f60fe004600c,windows10-64-shippable-qr,True,False,,,102210fe594ee9b33d82058545b1ed14f4c8206e,console.log-in-loop-content-process-array,damp,True,damp console.log-in-loop-content-process-array opt e10s fission stylo webrender-sw,4768818,77,ms,firefox,,1771402389,2023-10-10 21:46:34,121.8779535984886,32a23612bb297f386b6239e7bff0be58b62b2f73,1314585,,,,,,,,,,,,,,,,,,,,,,,,,,,,,,,,,,,,,,,,,,,,,,,,,,TN,,,,,,,,,,
autoland,4769055,12,f76b60813665636d86169b6507d2f60fe004600c,windows10-64-shippable-qr,True,False,,,102210fe594ee9b33d82058545b1ed14f4c8206e,console.log-in-loop-content-process-array,damp,True,damp console.log-in-loop-content-process-array opt e10s fission stylo webrender-sw,4768818,77,ms,firefox,,1771513890,2023-10-11 04:35:52,121.70771593318295,fb1c93363030ee78f4a3ea0da9854fb688a630b8,1314760,,,,,,,,,,,,,,,,,,,,,,,,,,,,,,,,,,,,,,,,,,,,,,,,,,TN,,,,,,,,,,
autoland,4769055,12,f76b60813665636d86169b6507d2f60fe004600c,windows10-64-shippable-qr,True,False,,,102210fe594ee9b33d82058545b1ed14f4c8206e,console.log-in-loop-content-process-array,damp,True,damp console.log-in-loop-content-process-array opt e10s fission stylo webrender-sw,4768818,77,ms,firefox,,1771527599,2023-10-11 05:18:39,121.5839780836659,d677f2833f2cf056757a6a3cf8c2e8b4273fb788,1314767,,,,,,,,,,,,,,,,,,,,,,,,,,,,,,,,,,,,,,,,,,,,,,,,,,TN,,,,,,,,,,
autoland,4769055,12,f76b60813665636d86169b6507d2f60fe004600c,windows10-64-shippable-qr,True,False,,,102210fe594ee9b33d82058545b1ed14f4c8206e,console.log-in-loop-content-process-array,damp,True,damp console.log-in-loop-content-process-array opt e10s fission stylo webrender-sw,4768818,77,ms,firefox,,1771647652,2023-10-11 09:29:42,121.61133089166378,2124c3eebcb12eb72e8ced7bfb3c8521a028af8d,1314864,,,,,,,,,,,,,,,,,,,,,,,,,,,,,,,,,,,,,,,,,,,,,,,,,,TN,,,,,,,,,,
autoland,4769055,12,f76b60813665636d86169b6507d2f60fe004600c,windows10-64-shippable-qr,True,False,,,102210fe594ee9b33d82058545b1ed14f4c8206e,console.log-in-loop-content-process-array,damp,True,damp console.log-in-loop-content-process-array opt e10s fission stylo webrender-sw,4768818,77,ms,firefox,,1771652556,2023-10-11 10:39:45,122.09039181619846,e4751df31e7494090d14b0ab8ff52bab6c1391d7,1314918,,,,,,,,,,,,,,,,,,,,,,,,,,,,,,,,,,,,,,,,,,,,,,,,,,TN,,,,,,,,,,
autoland,4769055,12,f76b60813665636d86169b6507d2f60fe004600c,windows10-64-shippable-qr,True,False,,,102210fe594ee9b33d82058545b1ed14f4c8206e,console.log-in-loop-content-process-array,damp,True,damp console.log-in-loop-content-process-array opt e10s fission stylo webrender-sw,4768818,77,ms,firefox,,1771771999,2023-10-11 14:42:40,121.45367648238334,2f6d9a971e1895c3186c6f2cdc2286c9f6e9694e,1315015,,,,,,,,,,,,,,,,,,,,,,,,,,,,,,,,,,,,,,,,,,,,,,,,,,TN,,,,,,,,,,
autoland,4769055,12,f76b60813665636d86169b6507d2f60fe004600c,windows10-64-shippable-qr,True,False,,,102210fe594ee9b33d82058545b1ed14f4c8206e,console.log-in-loop-content-process-array,damp,True,damp console.log-in-loop-content-process-array opt e10s fission stylo webrender-sw,4768818,77,ms,firefox,,1771799946,2023-10-11 15:07:05,122.29220312879806,a710f6c3ab82ca81444f0478a4882217c3628bf0,1315029,,,,,,,,,,,,,,,,,,,,,,,,,,,,,,,,,,,,,,,,,,,,,,,,,,TN,,,,,,,,,,
autoland,4769055,12,f76b60813665636d86169b6507d2f60fe004600c,windows10-64-shippable-qr,True,False,,,102210fe594ee9b33d82058545b1ed14f4c8206e,console.log-in-loop-content-process-array,damp,True,damp console.log-in-loop-content-process-array opt e10s fission stylo webrender-sw,4768818,77,ms,firefox,,1771848774,2023-10-11 17:21:18,121.67805696583127,be8d8e6ec4b7216d8dcb9b4ff8c8a413fc83da74,1315168,,,,,,,,,,,,,,,,,,,,,,,,,,,,,,,,,,,,,,,,,,,,,,,,,,TN,,,,,,,,,,
autoland,4769055,12,f76b60813665636d86169b6507d2f60fe004600c,windows10-64-shippable-qr,True,False,,,102210fe594ee9b33d82058545b1ed14f4c8206e,console.log-in-loop-content-process-array,damp,True,damp console.log-in-loop-content-process-array opt e10s fission stylo webrender-sw,4768818,77,ms,firefox,,1771993100,2023-10-11 21:29:22,122.01960685929498,dfe9eba9757679d9dda934ba7dd5798a0c3360fe,1315364,,,,,,,,,,,,,,,,,,,,,,,,,,,,,,,,,,,,,,,,,,,,,,,,,,TN,,,,,,,,,,
autoland,4769055,12,f76b60813665636d86169b6507d2f60fe004600c,windows10-64-shippable-qr,True,False,,,102210fe594ee9b33d82058545b1ed14f4c8206e,console.log-in-loop-content-process-array,damp,True,damp console.log-in-loop-content-process-array opt e10s fission stylo webrender-sw,4768818,77,ms,firefox,,1771955782,2023-10-11 21:41:54,122.05920150568818,2cbc64e7dbb0cd771d39710e5c3f2ed9a7e02b50,1315372,,,,,,,,,,,,,,,,,,,,,,,,,,,,,,,,,,,,,,,,,,,,,,,,,,TN,,,,,,,,,,
autoland,4769055,12,f76b60813665636d86169b6507d2f60fe004600c,windows10-64-shippable-qr,True,False,,,102210fe594ee9b33d82058545b1ed14f4c8206e,console.log-in-loop-content-process-array,damp,True,damp console.log-in-loop-content-process-array opt e10s fission stylo webrender-sw,4768818,77,ms,firefox,,1772149515,2023-10-12 04:10:05,121.75473232824334,c77a5d731bccf47b2b9f0714e44d5943f903d95e,1315494,,,,,,,,,,,,,,,,,,,,,,,,,,,,,,,,,,,,,,,,,,,,,,,,,,TN,,,,,,,,,,
autoland,4769055,12,f76b60813665636d86169b6507d2f60fe004600c,windows10-64-shippable-qr,True,False,,,102210fe594ee9b33d82058545b1ed14f4c8206e,console.log-in-loop-content-process-array,damp,True,damp console.log-in-loop-content-process-array opt e10s fission stylo webrender-sw,4768818,77,ms,firefox,,1772230731,2023-10-12 08:16:23,122.4522431592486,d64dc6406137711ffbc7f0bc42f6794a1c4ad236,1315559,,,,,,,,,,,,,,,,,,,,,,,,,,,,,,,,,,,,,,,,,,,,,,,,,,TN,,,,,,,,,,
autoland,4769055,12,f76b60813665636d86169b6507d2f60fe004600c,windows10-64-shippable-qr,True,False,,,102210fe594ee9b33d82058545b1ed14f4c8206e,console.log-in-loop-content-process-array,damp,True,damp console.log-in-loop-content-process-array opt e10s fission stylo webrender-sw,4768818,77,ms,firefox,,1772303165,2023-10-12 09:32:06,121.99012728983143,6eb785f75431f10faa331dabd429029e6dd1224e,1315613,,,,,,,,,,,,,,,,,,,,,,,,,,,,,,,,,,,,,,,,,,,,,,,,,,TN,,,,,,,,,,
autoland,4769055,12,f76b60813665636d86169b6507d2f60fe004600c,windows10-64-shippable-qr,True,False,,,102210fe594ee9b33d82058545b1ed14f4c8206e,console.log-in-loop-content-process-array,damp,True,damp console.log-in-loop-content-process-array opt e10s fission stylo webrender-sw,4768818,77,ms,firefox,,1772370344,2023-10-12 12:42:22,121.95744259631464,d3c6163a42b6002297fdb7cbb78395ee4495a357,1315709,,,,,,,,,,,,,,,,,,,,,,,,,,,,,,,,,,,,,,,,,,,,,,,,,,TN,,,,,,,,,,
autoland,4769055,12,f76b60813665636d86169b6507d2f60fe004600c,windows10-64-shippable-qr,True,False,,,102210fe594ee9b33d82058545b1ed14f4c8206e,console.log-in-loop-content-process-array,damp,True,damp console.log-in-loop-content-process-array opt e10s fission stylo webrender-sw,4768818,77,ms,firefox,,1772501479,2023-10-12 17:01:35,122.2471851050086,c09a0d19d99b488a292e3583cd0bb488afc74173,1315902,,,,,,,,,,,,,,,,,,,,,,,,,,,,,,,,,,,,,,,,,,,,,,,,,,TN,,,,,,,,,,
autoland,4769055,12,f76b60813665636d86169b6507d2f60fe004600c,windows10-64-shippable-qr,True,False,,,102210fe594ee9b33d82058545b1ed14f4c8206e,console.log-in-loop-content-process-array,damp,True,damp console.log-in-loop-content-process-array opt e10s fission stylo webrender-sw,4768818,77,ms,firefox,,1772536606,2023-10-12 17:02:35,121.87611786647722,a5369079cd89dd91a42689da9aad1fc607ef9146,1315903,,,,,,,,,,,,,,,,,,,,,,,,,,,,,,,,,,,,,,,,,,,,,,,,,,TN,,,,,,,,,,
autoland,4769055,12,f76b60813665636d86169b6507d2f60fe004600c,windows10-64-shippable-qr,True,False,,,102210fe594ee9b33d82058545b1ed14f4c8206e,console.log-in-loop-content-process-array,damp,True,damp console.log-in-loop-content-process-array opt e10s fission stylo webrender-sw,4768818,77,ms,firefox,,1772605145,2023-10-12 19:48:41,121.9017136319153,b9478e8898d6397ccb0ca6d2f90b882083ef91d2,1316052,,,,,,,,,,,,,,,,,,,,,,,,,,,,,,,,,,,,,,,,,,,,,,,,,,TN,,,,,,,,,,
autoland,4769055,12,f76b60813665636d86169b6507d2f60fe004600c,windows10-64-shippable-qr,True,False,,,102210fe594ee9b33d82058545b1ed14f4c8206e,console.log-in-loop-content-process-array,damp,True,damp console.log-in-loop-content-process-array opt e10s fission stylo webrender-sw,4768818,77,ms,firefox,,1772720591,2023-10-12 23:58:41,122.6199667814235,6769216667ff487b1442f654ee41dc5f12c23983,1316211,,,,,,,,,,,,,,,,,,,,,,,,,,,,,,,,,,,,,,,,,,,,,,,,,,TN,,,,,,,,,,
autoland,4769055,12,f76b60813665636d86169b6507d2f60fe004600c,windows10-64-shippable-qr,True,False,,,102210fe594ee9b33d82058545b1ed14f4c8206e,console.log-in-loop-content-process-array,damp,True,damp console.log-in-loop-content-process-array opt e10s fission stylo webrender-sw,4768818,77,ms,firefox,,1772830686,2023-10-13 06:04:39,122.7147706032465,810153993fc0b06ce0eabae2602fc7f74ed9be18,1316292,,,,,,,,,,,,,,,,,,,,,,,,,,,,,,,,,,,,,,,,,,,,,,,,,,TN,,,,,,,,,,
autoland,4769055,12,f76b60813665636d86169b6507d2f60fe004600c,windows10-64-shippable-qr,True,False,,,102210fe594ee9b33d82058545b1ed14f4c8206e,console.log-in-loop-content-process-array,damp,True,damp console.log-in-loop-content-process-array opt e10s fission stylo webrender-sw,4768818,77,ms,firefox,,1772864840,2023-10-13 06:28:51,121.55757093753982,930888998f68ddfb0f36d898e98305e459d7cbb2,1316299,,,,,,,,,,,,,,,,,,,,,,,,,,,,,,,,,,,,,,,,,,,,,,,,,,TN,,,,,,,,,,
autoland,4769055,12,f76b60813665636d86169b6507d2f60fe004600c,windows10-64-shippable-qr,True,False,,,102210fe594ee9b33d82058545b1ed14f4c8206e,console.log-in-loop-content-process-array,damp,True,damp console.log-in-loop-content-process-array opt e10s fission stylo webrender-sw,4768818,77,ms,firefox,,1772995701,2023-10-13 10:45:16,123.31594810372462,0db2502d9e9503580a800e13235be8c02043bbc0,1316413,,,,,,,,,,,,,,,,,,,,,,,,,,,,,,,,,,,,,,,,,,,,,,,,,,TN,,,,,,,,,,
autoland,4769055,12,f76b60813665636d86169b6507d2f60fe004600c,windows10-64-shippable-qr,True,False,,,102210fe594ee9b33d82058545b1ed14f4c8206e,console.log-in-loop-content-process-array,damp,True,damp console.log-in-loop-content-process-array opt e10s fission stylo webrender-sw,4768818,77,ms,firefox,,1773010319,2023-10-13 11:42:22,121.62553772772571,8246d773a07ce105d3a9f92b96007867c7df3cc4,1316442,,,,,,,,,,,,,,,,,,,,,,,,,,,,,,,,,,,,,,,,,,,,,,,,,,TN,,,,,,,,,,
autoland,4769055,12,f76b60813665636d86169b6507d2f60fe004600c,windows10-64-shippable-qr,True,False,,,102210fe594ee9b33d82058545b1ed14f4c8206e,console.log-in-loop-content-process-array,damp,True,damp console.log-in-loop-content-process-array opt e10s fission stylo webrender-sw,4768818,77,ms,firefox,,1773105216,2023-10-13 15:49:30,122.55153275602515,8adc92d3a6a8eeeefd63f98296c29907c3838316,1316607,,,,,,,,,,,,,,,,,,,,,,,,,,,,,,,,,,,,,,,,,,,,,,,,,,TN,,,,,,,,,,
autoland,4769055,12,f76b60813665636d86169b6507d2f60fe004600c,windows10-64-shippable-qr,True,False,,,102210fe594ee9b33d82058545b1ed14f4c8206e,console.log-in-loop-content-process-array,damp,True,damp console.log-in-loop-content-process-array opt e10s fission stylo webrender-sw,4768818,77,ms,firefox,,1773126737,2023-10-13 16:11:23,122.09695653183098,9ba44fb4eeafba4229fe28a6f3b42c79d8d05692,1316611,,,,,,,,,,,,,,,,,,,,,,,,,,,,,,,,,,,,,,,,,,,,,,,,,,TN,,,,,,,,,,
autoland,4769055,12,f76b60813665636d86169b6507d2f60fe004600c,windows10-64-shippable-qr,True,False,,,102210fe594ee9b33d82058545b1ed14f4c8206e,console.log-in-loop-content-process-array,damp,True,damp console.log-in-loop-content-process-array opt e10s fission stylo webrender-sw,4768818,77,ms,firefox,,1773312984,2023-10-13 20:17:54,121.85550879667426,35e20e70da91e5ef4caee7c732541350343fe927,1316790,,,,,,,,,,,,,,,,,,,,,,,,,,,,,,,,,,,,,,,,,,,,,,,,,,TN,,,,,,,,,,
autoland,4769055,12,f76b60813665636d86169b6507d2f60fe004600c,windows10-64-shippable-qr,True,False,,,102210fe594ee9b33d82058545b1ed14f4c8206e,console.log-in-loop-content-process-array,damp,True,damp console.log-in-loop-content-process-array opt e10s fission stylo webrender-sw,4768818,77,ms,firefox,,1773332547,2023-10-14 00:40:19,123.24601689803968,bcd044cb6c313be98b766d19688066871ddaa6b3,1316857,,,,,,,,,,,,,,,,,,,,,,,,,,,,,,,,,,,,,,,,,,,,,,,,,,TN,,,,,,,,,,
autoland,4769055,12,f76b60813665636d86169b6507d2f60fe004600c,windows10-64-shippable-qr,True,False,,,102210fe594ee9b33d82058545b1ed14f4c8206e,console.log-in-loop-content-process-array,damp,True,damp console.log-in-loop-content-process-array opt e10s fission stylo webrender-sw,4768818,77,ms,firefox,,1773374091,2023-10-14 05:14:50,121.97621591362896,19db6b0f6713fdb1f311426a7899070e3ca19d6b,1316873,,,,,,,,,,,,,,,,,,,,,,,,,,,,,,,,,,,,,,,,,,,,,,,,,,TN,,,,,,,,,,
autoland,4769055,12,f76b60813665636d86169b6507d2f60fe004600c,windows10-64-shippable-qr,True,False,,,102210fe594ee9b33d82058545b1ed14f4c8206e,console.log-in-loop-content-process-array,damp,True,damp console.log-in-loop-content-process-array opt e10s fission stylo webrender-sw,4768818,77,ms,firefox,,1773426791,2023-10-14 09:25:57,123.76334954438788,1e870b95242b07bc4961bf7558d0703dd03814b3,1316895,,,,,,,,,,,,,,,,,,,,,,,,,,,,,,,,,,,,,,,,,,,,,,,,,,TN,,,,,,,,,,
autoland,4769055,12,f76b60813665636d86169b6507d2f60fe004600c,windows10-64-shippable-qr,True,False,,,102210fe594ee9b33d82058545b1ed14f4c8206e,console.log-in-loop-content-process-array,damp,True,damp console.log-in-loop-content-process-array opt e10s fission stylo webrender-sw,4768818,77,ms,firefox,,1773554354,2023-10-14 16:14:11,121.77261075404022,3f99c563251ec523301e9d46e6904989fc827306,1316942,,,,,,,,,,,,,,,,,,,,,,,,,,,,,,,,,,,,,,,,,,,,,,,,,,TN,,,,,,,,,,
autoland,4769055,12,f76b60813665636d86169b6507d2f60fe004600c,windows10-64-shippable-qr,True,False,,,102210fe594ee9b33d82058545b1ed14f4c8206e,console.log-in-loop-content-process-array,damp,True,damp console.log-in-loop-content-process-array opt e10s fission stylo webrender-sw,4768818,77,ms,firefox,,1773697119,2023-10-15 06:24:19,121.64158038617644,468469f54da6070a84314dc3c4ddcdfaca74b714,1316977,,,,,,,,,,,,,,,,,,,,,,,,,,,,,,,,,,,,,,,,,,,,,,,,,,TN,,,,,,,,,,
autoland,4769055,12,f76b60813665636d86169b6507d2f60fe004600c,windows10-64-shippable-qr,True,False,,,102210fe594ee9b33d82058545b1ed14f4c8206e,console.log-in-loop-content-process-array,damp,True,damp console.log-in-loop-content-process-array opt e10s fission stylo webrender-sw,4768818,77,ms,firefox,,1773765153,2023-10-15 10:45:53,122.06568282938316,91657cb1296c904004ace38877b9ca91f502be3f,1317007,,,,,,,,,,,,,,,,,,,,,,,,,,,,,,,,,,,,,,,,,,,,,,,,,,TN,,,,,,,,,,
autoland,4769055,12,f76b60813665636d86169b6507d2f60fe004600c,windows10-64-shippable-qr,True,False,,,102210fe594ee9b33d82058545b1ed14f4c8206e,console.log-in-loop-content-process-array,damp,True,damp console.log-in-loop-content-process-array opt e10s fission stylo webrender-sw,4768818,77,ms,firefox,,1773796609,2023-10-15 15:32:44,121.61260857811612,aba20bc488e22880b8ef5a89916ecabb51cee798,1317021,,,,,,,,,,,,,,,,,,,,,,,,,,,,,,,,,,,,,,,,,,,,,,,,,,TN,,,,,,,,,,
autoland,4769055,12,f76b60813665636d86169b6507d2f60fe004600c,windows10-64-shippable-qr,True,False,,,102210fe594ee9b33d82058545b1ed14f4c8206e,console.log-in-loop-content-process-array,damp,True,damp console.log-in-loop-content-process-array opt e10s fission stylo webrender-sw,4768818,77,ms,firefox,,1773936342,2023-10-16 01:55:37,120.95481807113264,f3de6f924333ec7c359d81d9fb16a9fca07ee42e,1317071,,,,,,,,,,,,,,,,,,,,,,,,,,,,,,,,,,,,,,,,,,,,,,,,,,TN,,,,,,,,,,
autoland,4769055,12,f76b60813665636d86169b6507d2f60fe004600c,windows10-64-shippable-qr,True,False,,,102210fe594ee9b33d82058545b1ed14f4c8206e,console.log-in-loop-content-process-array,damp,True,damp console.log-in-loop-content-process-array opt e10s fission stylo webrender-sw,4768818,77,ms,firefox,,1773987692,2023-10-16 05:57:00,122.71660916909696,e891ad8158b3106dceb2199ed2c74c0c2f05fa88,1317093,,,,,,,,,,,,,,,,,,,,,,,,,,,,,,,,,,,,,,,,,,,,,,,,,,TN,,,,,,,,,,
autoland,4769055,12,f76b60813665636d86169b6507d2f60fe004600c,windows10-64-shippable-qr,True,False,,,102210fe594ee9b33d82058545b1ed14f4c8206e,console.log-in-loop-content-process-array,damp,True,damp console.log-in-loop-content-process-array opt e10s fission stylo webrender-sw,4768818,77,ms,firefox,,1774057713,2023-10-16 10:06:37,121.20723394189643,e009aa26b6f79e7e5af18000b983f6decaa90eed,1317197,,,,,,,,,,,,,,,,,,,,,,,,,,,,,,,,,,,,,,,,,,,,,,,,,,TN,,,,,,,,,,
autoland,4769055,12,f76b60813665636d86169b6507d2f60fe004600c,windows10-64-shippable-qr,True,False,,,102210fe594ee9b33d82058545b1ed14f4c8206e,console.log-in-loop-content-process-array,damp,True,damp console.log-in-loop-content-process-array opt e10s fission stylo webrender-sw,4768818,77,ms,firefox,,1774158754,2023-10-16 11:25:28,122.6030707727723,8cb2f63a1e705ad6bf77a8f6dcb151aa3b67d2e6,1317241,,,,,,,,,,,,,,,,,,,,,,,,,,,,,,,,,,,,,,,,,,,,,,,,,,TN,,,,,,,,,,
autoland,4769055,12,f76b60813665636d86169b6507d2f60fe004600c,windows10-64-shippable-qr,True,False,,,102210fe594ee9b33d82058545b1ed14f4c8206e,console.log-in-loop-content-process-array,damp,True,damp console.log-in-loop-content-process-array opt e10s fission stylo webrender-sw,4768818,77,ms,firefox,,1774266323,2023-10-16 15:34:18,121.72153544047616,e0dd0b10e8fd0ea751f11fb0a6548ad9b6780e16,1317419,,,,,,,,,,,,,,,,,,,,,,,,,,,,,,,,,,,,,,,,,,,,,,,,,,TN,,,,,,,,,,
autoland,4769055,12,f76b60813665636d86169b6507d2f60fe004600c,windows10-64-shippable-qr,True,False,,,102210fe594ee9b33d82058545b1ed14f4c8206e,console.log-in-loop-content-process-array,damp,True,damp console.log-in-loop-content-process-array opt e10s fission stylo webrender-sw,4768818,77,ms,firefox,,1774484456,2023-10-16 19:06:00,121.49403194816476,36e5163d2528daaa5669d0f9284470b070c8882e,1317546,,,,,,,,,,,,,,,,,,,,,,,,,,,,,,,,,,,,,,,,,,,,,,,,,,TN,,,,,,,,,,
autoland,4769055,12,f76b60813665636d86169b6507d2f60fe004600c,windows10-64-shippable-qr,True,False,,,102210fe594ee9b33d82058545b1ed14f4c8206e,console.log-in-loop-content-process-array,damp,True,damp console.log-in-loop-content-process-array opt e10s fission stylo webrender-sw,4768818,77,ms,firefox,,1774574689,2023-10-17 00:17:31,121.75699255347172,e4bf7b3e037323072304a1b1327df57c4a54b560,1317700,,,,,,,,,,,,,,,,,,,,,,,,,,,,,,,,,,,,,,,,,,,,,,,,,,TN,,,,,,,,,,
autoland,4769055,12,f76b60813665636d86169b6507d2f60fe004600c,windows10-64-shippable-qr,True,False,,,102210fe594ee9b33d82058545b1ed14f4c8206e,console.log-in-loop-content-process-array,damp,True,damp console.log-in-loop-content-process-array opt e10s fission stylo webrender-sw,4768818,77,ms,firefox,,1774723270,2023-10-17 05:18:57,124.60981406584142,896b283a3e7185d805f59d4dcb3d6bb89e9e62d8,1317768,,,,,,,,,,,,,,,,,,,,,,,,,,,,,,,,,,,,,,,,,,,,,,,,,,TN,,,,,,,,,,
autoland,4769055,12,f76b60813665636d86169b6507d2f60fe004600c,windows10-64-shippable-qr,True,False,,,102210fe594ee9b33d82058545b1ed14f4c8206e,console.log-in-loop-content-process-array,damp,True,damp console.log-in-loop-content-process-array opt e10s fission stylo webrender-sw,4768818,77,ms,firefox,,1774771949,2023-10-17 06:01:55,123.38634473888668,ca60a5861d4a8bd5de1c8e5a9f76c9e35767c38c,1317782,,,,,,,,,,,,,,,,,,,,,,,,,,,,,,,,,,,,,,,,,,,,,,,,,,TN,,,,,,,,,,
autoland,4769055,12,f76b60813665636d86169b6507d2f60fe004600c,windows10-64-shippable-qr,True,False,,,102210fe594ee9b33d82058545b1ed14f4c8206e,console.log-in-loop-content-process-array,damp,True,damp console.log-in-loop-content-process-array opt e10s fission stylo webrender-sw,4768818,77,ms,firefox,,1774863399,2023-10-17 10:34:28,122.8864643607103,d59eb47c0fe47f9dd6886090330bcd49c47262ce,1317920,,,,,,,,,,,,,,,,,,,,,,,,,,,,,,,,,,,,,,,,,,,,,,,,,,TN,,,,,,,,,,
autoland,4769055,12,f76b60813665636d86169b6507d2f60fe004600c,windows10-64-shippable-qr,True,False,,,102210fe594ee9b33d82058545b1ed14f4c8206e,console.log-in-loop-content-process-array,damp,True,damp console.log-in-loop-content-process-array opt e10s fission stylo webrender-sw,4768818,77,ms,firefox,,1775214309,2023-10-17 13:02:41,122.64253987368556,9b7c81791d7f619271724e082934a933604e20da,1318010,,,,,,,,,,,,,,,,,,,,,,,,,,,,,,,,,,,,,,,,,,,,,,,,,,TN,,,,,,,,,,
autoland,4769055,12,f76b60813665636d86169b6507d2f60fe004600c,windows10-64-shippable-qr,True,False,,,102210fe594ee9b33d82058545b1ed14f4c8206e,console.log-in-loop-content-process-array,damp,True,damp console.log-in-loop-content-process-array opt e10s fission stylo webrender-sw,4768818,77,ms,firefox,,1775254066,2023-10-17 16:53:16,121.47163793550772,684641630402200d14bf5126668b97a4f280fe59,1318176,,,,,,,,,,,,,,,,,,,,,,,,,,,,,,,,,,,,,,,,,,,,,,,,,,TN,,,,,,,,,,
autoland,4769055,12,f76b60813665636d86169b6507d2f60fe004600c,windows10-64-shippable-qr,True,False,,,102210fe594ee9b33d82058545b1ed14f4c8206e,console.log-in-loop-content-process-array,damp,True,damp console.log-in-loop-content-process-array opt e10s fission stylo webrender-sw,4768818,77,ms,firefox,,1775434146,2023-10-17 21:03:18,121.52679999849715,421ffc7aa24ace087dc2a09680943f412adc38ff,1318349,,,,,,,,,,,,,,,,,,,,,,,,,,,,,,,,,,,,,,,,,,,,,,,,,,TN,,,,,,,,,,
autoland,4769055,12,f76b60813665636d86169b6507d2f60fe004600c,windows10-64-shippable-qr,True,False,,,102210fe594ee9b33d82058545b1ed14f4c8206e,console.log-in-loop-content-process-array,damp,True,damp console.log-in-loop-content-process-array opt e10s fission stylo webrender-sw,4768818,77,ms,firefox,,1775393791,2023-10-17 21:04:13,121.51652326117984,4091bed4a0aae7772537e08e6cb49bf0bc7434c9,1318350,,,,,,,,,,,,,,,,,,,,,,,,,,,,,,,,,,,,,,,,,,,,,,,,,,TN,,,,,,,,,,
autoland,4769055,12,f76b60813665636d86169b6507d2f60fe004600c,windows10-64-shippable-qr,True,False,,,102210fe594ee9b33d82058545b1ed14f4c8206e,console.log-in-loop-content-process-array,damp,True,damp console.log-in-loop-content-process-array opt e10s fission stylo webrender-sw,4768818,77,ms,firefox,,1775575374,2023-10-18 01:40:11,121.92450395775722,ba691c21c968a48e1bd212426fcc20fa5f4c276d,1318466,,,,,,,,,,,,,,,,,,,,,,,,,,,,,,,,,,,,,,,,,,,,,,,,,,TN,,,,,,,,,,
autoland,4769055,12,f76b60813665636d86169b6507d2f60fe004600c,windows10-64-shippable-qr,True,False,,,102210fe594ee9b33d82058545b1ed14f4c8206e,console.log-in-loop-content-process-array,damp,True,damp console.log-in-loop-content-process-array opt e10s fission stylo webrender-sw,4768818,77,ms,firefox,,1775679404,2023-10-18 07:31:34,122.10767081420636,47d77a0e86e138652fedb38962b9709f9c0fb98d,1318540,,,,,,,,,,,,,,,,,,,,,,,,,,,,,,,,,,,,,,,,,,,,,,,,,,TN,,,,,,,,,,
autoland,4769055,12,f76b60813665636d86169b6507d2f60fe004600c,windows10-64-shippable-qr,True,False,,,102210fe594ee9b33d82058545b1ed14f4c8206e,console.log-in-loop-content-process-array,damp,True,damp console.log-in-loop-content-process-array opt e10s fission stylo webrender-sw,4768818,77,ms,firefox,,1775869847,2023-10-18 11:51:04,121.93734556807794,639c0da2250e38bb3102b66c6105aaf808e2a817,1318689,,,,,,,,,,,,,,,,,,,,,,,,,,,,,,,,,,,,,,,,,,,,,,,,,,TN,,,,,,,,,,
autoland,4769055,12,f76b60813665636d86169b6507d2f60fe004600c,windows10-64-shippable-qr,True,False,,,102210fe594ee9b33d82058545b1ed14f4c8206e,console.log-in-loop-content-process-array,damp,True,damp console.log-in-loop-content-process-array opt e10s fission stylo webrender-sw,4768818,77,ms,firefox,,1776096108,2023-10-18 16:05:19,122.429035983002,023ae54874d34eb300cdfa9630da4455cb406ad3,1318932,,,,,,,,,,,,,,,,,,,,,,,,,,,,,,,,,,,,,,,,,,,,,,,,,,TN,,,,,,,,,,
autoland,4769055,12,f76b60813665636d86169b6507d2f60fe004600c,windows10-64-shippable-qr,True,False,,,102210fe594ee9b33d82058545b1ed14f4c8206e,console.log-in-loop-content-process-array,damp,True,damp console.log-in-loop-content-process-array opt e10s fission stylo webrender-sw,4768818,77,ms,firefox,,1776108127,2023-10-18 16:32:33,121.76898078190789,361e571454e94ba0cfa1a86d2a7f63a24455581c,1318947,,,,,,,,,,,,,,,,,,,,,,,,,,,,,,,,,,,,,,,,,,,,,,,,,,TN,,,,,,,,,,
autoland,4769055,12,f76b60813665636d86169b6507d2f60fe004600c,windows10-64-shippable-qr,True,False,,,102210fe594ee9b33d82058545b1ed14f4c8206e,console.log-in-loop-content-process-array,damp,True,damp console.log-in-loop-content-process-array opt e10s fission stylo webrender-sw,4768818,77,ms,firefox,,1776368756,2023-10-18 20:42:45,121.69367071670422,77f05957a4fc15dc053469145b93089adfec3484,1319167,,,,,,,,,,,,,,,,,,,,,,,,,,,,,,,,,,,,,,,,,,,,,,,,,,TN,,,,,,,,,,
autoland,4769055,12,f76b60813665636d86169b6507d2f60fe004600c,windows10-64-shippable-qr,True,False,,,102210fe594ee9b33d82058545b1ed14f4c8206e,console.log-in-loop-content-process-array,damp,True,damp console.log-in-loop-content-process-array opt e10s fission stylo webrender-sw,4768818,77,ms,firefox,,1776316934,2023-10-18 20:46:18,121.24460992276,e059b0995a2a62238ca266c3ed9955434ac43517,1319169,,,,,,,,,,,,,,,,,,,,,,,,,,,,,,,,,,,,,,,,,,,,,,,,,,TN,,,,,,,,,,
autoland,4769055,12,f76b60813665636d86169b6507d2f60fe004600c,windows10-64-shippable-qr,True,False,,,102210fe594ee9b33d82058545b1ed14f4c8206e,console.log-in-loop-content-process-array,damp,True,damp console.log-in-loop-content-process-array opt e10s fission stylo webrender-sw,4768818,77,ms,firefox,,1776417697,2023-10-18 23:25:14,122.21514904307423,beb80bb8c90921077e9c1130ad5a8e925dc060b7,1319276,,,,,,,,,,,,,,,,,,,,,,,,,,,,,,,,,,,,,,,,,,,,,,,,,,TN,,,,,,,,,,
autoland,4769055,12,f76b60813665636d86169b6507d2f60fe004600c,windows10-64-shippable-qr,True,False,,,102210fe594ee9b33d82058545b1ed14f4c8206e,console.log-in-loop-content-process-array,damp,True,damp console.log-in-loop-content-process-array opt e10s fission stylo webrender-sw,4768818,77,ms,firefox,,1776597133,2023-10-19 04:23:12,121.69201010210236,53cee944c60ac3c237a9aa2dacd19aa6bde80c2a,1319373,,,,,,,,,,,,,,,,,,,,,,,,,,,,,,,,,,,,,,,,,,,,,,,,,,TN,,,,,,,,,,
autoland,4769055,12,f76b60813665636d86169b6507d2f60fe004600c,windows10-64-shippable-qr,True,False,,,102210fe594ee9b33d82058545b1ed14f4c8206e,console.log-in-loop-content-process-array,damp,True,damp console.log-in-loop-content-process-array opt e10s fission stylo webrender-sw,4768818,77,ms,firefox,,1776740615,2023-10-19 08:39:29,121.86058720246,a9a0ca5dc9605973d81ded607dfccd4d0a08dc68,1319455,,,,,,,,,,,,,,,,,,,,,,,,,,,,,,,,,,,,,,,,,,,,,,,,,,TN,,,,,,,,,,
autoland,4769055,12,f76b60813665636d86169b6507d2f60fe004600c,windows10-64-shippable-qr,True,False,,,102210fe594ee9b33d82058545b1ed14f4c8206e,console.log-in-loop-content-process-array,damp,True,damp console.log-in-loop-content-process-array opt e10s fission stylo webrender-sw,4768818,77,ms,firefox,,1776922260,2023-10-19 12:43:18,122.6541902698309,2981b7bbee06c518301e1542545e92b6d80a8d0b,1319613,,,,,,,,,,,,,,,,,,,,,,,,,,,,,,,,,,,,,,,,,,,,,,,,,,TN,,,,,,,,,,
autoland,4769055,12,f76b60813665636d86169b6507d2f60fe004600c,windows10-64-shippable-qr,True,False,,,102210fe594ee9b33d82058545b1ed14f4c8206e,console.log-in-loop-content-process-array,damp,True,damp console.log-in-loop-content-process-array opt e10s fission stylo webrender-sw,4768818,77,ms,firefox,,1776964684,2023-10-19 12:48:25,121.86417120184706,8be39770f68cb52d1a2b14bdf31a34f5e54212e8,1319617,,,,,,,,,,,,,,,,,,,,,,,,,,,,,,,,,,,,,,,,,,,,,,,,,,TN,,,,,,,,,,
autoland,4769055,12,f76b60813665636d86169b6507d2f60fe004600c,windows10-64-shippable-qr,True,False,,,102210fe594ee9b33d82058545b1ed14f4c8206e,console.log-in-loop-content-process-array,damp,True,damp console.log-in-loop-content-process-array opt e10s fission stylo webrender-sw,4768818,77,ms,firefox,,1776989606,2023-10-19 17:06:19,121.19622335082111,fafeb43eefd13b4df24d6526d729b15fb42b7d27,1319833,,,,,,,,,,,,,,,,,,,,,,,,,,,,,,,,,,,,,,,,,,,,,,,,,,TN,,,,,,,,,,
autoland,4769055,12,f76b60813665636d86169b6507d2f60fe004600c,windows10-64-shippable-qr,True,False,,,102210fe594ee9b33d82058545b1ed14f4c8206e,console.log-in-loop-content-process-array,damp,True,damp console.log-in-loop-content-process-array opt e10s fission stylo webrender-sw,4768818,77,ms,firefox,,1777082950,2023-10-19 22:45:17,122.13283826270616,b557109f1b5dd0a5c7be013c630945f886e17708,1320076,,,,,,,,,,,,,,,,,,,,,,,,,,,,,,,,,,,,,,,,,,,,,,,,,,TN,,,,,,,,,,
autoland,4769055,12,f76b60813665636d86169b6507d2f60fe004600c,windows10-64-shippable-qr,True,False,,,102210fe594ee9b33d82058545b1ed14f4c8206e,console.log-in-loop-content-process-array,damp,True,damp console.log-in-loop-content-process-array opt e10s fission stylo webrender-sw,4768818,77,ms,firefox,,1777098064,2023-10-19 22:59:16,122.30551512652436,0546c85daa8d8b6f7a8c5a842fdf1a990215e249,1320081,,,,,,,,,,,,,,,,,,,,,,,,,,,,,,,,,,,,,,,,,,,,,,,,,,TN,,,,,,,,,,
autoland,4769055,12,f76b60813665636d86169b6507d2f60fe004600c,windows10-64-shippable-qr,True,False,,,102210fe594ee9b33d82058545b1ed14f4c8206e,console.log-in-loop-content-process-array,damp,True,damp console.log-in-loop-content-process-array opt e10s fission stylo webrender-sw,4768818,77,ms,firefox,,1777184392,2023-10-20 03:32:37,121.78425325589524,dc0d913ecc2486cafc7a005d2fe6705f2c7da222,1320137,,,,,,,,,,,,,,,,,,,,,,,,,,,,,,,,,,,,,,,,,,,,,,,,,,TN,,,,,,,,,,
autoland,4769055,12,f76b60813665636d86169b6507d2f60fe004600c,windows10-64-shippable-qr,True,False,,,102210fe594ee9b33d82058545b1ed14f4c8206e,console.log-in-loop-content-process-array,damp,True,damp console.log-in-loop-content-process-array opt e10s fission stylo webrender-sw,4768818,77,ms,firefox,,1777357651,2023-10-20 09:14:56,121.96878985065996,5ebf0b67d0519897b95e84598900434fe92b7abb,1320186,,,,,,,,,,,,,,,,,,,,,,,,,,,,,,,,,,,,,,,,,,,,,,,,,,TN,,,,,,,,,,
autoland,4769055,12,f76b60813665636d86169b6507d2f60fe004600c,windows10-64-shippable-qr,True,False,,,102210fe594ee9b33d82058545b1ed14f4c8206e,console.log-in-loop-content-process-array,damp,True,damp console.log-in-loop-content-process-array opt e10s fission stylo webrender-sw,4768818,77,ms,firefox,,1777435083,2023-10-20 14:06:35,121.98751742934836,dfa7f17930eb1b48ff7435494924a0711114e40a,1320283,,,,,,,,,,,,,,,,,,,,,,,,,,,,,,,,,,,,,,,,,,,,,,,,,,TN,,,,,,,,,,
autoland,4769055,12,f76b60813665636d86169b6507d2f60fe004600c,windows10-64-shippable-qr,True,False,,,102210fe594ee9b33d82058545b1ed14f4c8206e,console.log-in-loop-content-process-array,damp,True,damp console.log-in-loop-content-process-array opt e10s fission stylo webrender-sw,4768818,77,ms,firefox,,1777488524,2023-10-20 15:24:34,122.097002171221,8f4fc4b6cc05c16482986671d19d546faf6cb212,1320314,,,,,,,,,,,,,,,,,,,,,,,,,,,,,,,,,,,,,,,,,,,,,,,,,,TN,,,,,,,,,,
autoland,4769055,12,f76b60813665636d86169b6507d2f60fe004600c,windows10-64-shippable-qr,True,False,,,102210fe594ee9b33d82058545b1ed14f4c8206e,console.log-in-loop-content-process-array,damp,True,damp console.log-in-loop-content-process-array opt e10s fission stylo webrender-sw,4768818,77,ms,firefox,,1777562007,2023-10-20 21:24:05,122.28000603475904,f4da998c2ad5be8d29b4e2523b56d9d5e2a58984,1320380,,,,,,,,,,,,,,,,,,,,,,,,,,,,,,,,,,,,,,,,,,,,,,,,,,TN,,,,,,,,,,
autoland,4769055,12,f76b60813665636d86169b6507d2f60fe004600c,windows10-64-shippable-qr,True,False,,,102210fe594ee9b33d82058545b1ed14f4c8206e,console.log-in-loop-content-process-array,damp,True,damp console.log-in-loop-content-process-array opt e10s fission stylo webrender-sw,4768818,77,ms,firefox,,1777674075,2023-10-21 14:30:38,121.87138507098462,4124eee4f58ca46e13cb937c757a2fe1875120f0,1320453,,,,,,,,,,,,,,,,,,,,,,,,,,,,,,,,,,,,,,,,,,,,,,,,,,TN,,,,,,,,,,
autoland,4769055,12,f76b60813665636d86169b6507d2f60fe004600c,windows10-64-shippable-qr,True,False,,,102210fe594ee9b33d82058545b1ed14f4c8206e,console.log-in-loop-content-process-array,damp,True,damp console.log-in-loop-content-process-array opt e10s fission stylo webrender-sw,4768818,77,ms,firefox,,1777794518,2023-10-22 19:07:04,121.97292748337986,529ec79bcdfd6a273fe6607c2a34bcc93c009ec5,1320522,,,,,,,,,,,,,,,,,,,,,,,,,,,,,,,,,,,,,,,,,,,,,,,,,,TN,,,,,,,,,,
autoland,4769055,12,f76b60813665636d86169b6507d2f60fe004600c,windows10-64-shippable-qr,True,False,,,102210fe594ee9b33d82058545b1ed14f4c8206e,console.log-in-loop-content-process-array,damp,True,damp console.log-in-loop-content-process-array opt e10s fission stylo webrender-sw,4768818,77,ms,firefox,,1777909264,2023-10-22 21:46:31,122.58946256752824,52f2e6e80f6f7d8ab6eaaa36c4aa47c5be27a7a1,1320539,,,,,,,,,,,,,,,,,,,,,,,,,,,,,,,,,,,,,,,,,,,,,,,,,,TN,,,,,,,,,,
autoland,4769055,12,f76b60813665636d86169b6507d2f60fe004600c,windows10-64-shippable-qr,True,False,,,102210fe594ee9b33d82058545b1ed14f4c8206e,console.log-in-loop-content-process-array,damp,True,damp console.log-in-loop-content-process-array opt e10s fission stylo webrender-sw,4768818,77,ms,firefox,,1778048717,2023-10-23 11:07:29,122.53463677044329,acba8a75249bc2b26b143d4d2830575cf0d7bcc2,1320744,,,,,,,,,,,,,,,,,,,,,,,,,,,,,,,,,,,,,,,,,,,,,,,,,,TN,,,,,,,,,,
autoland,4769055,12,f76b60813665636d86169b6507d2f60fe004600c,windows10-64-shippable-qr,True,False,,,102210fe594ee9b33d82058545b1ed14f4c8206e,console.log-in-loop-content-process-array,damp,True,damp console.log-in-loop-content-process-array opt e10s fission stylo webrender-sw,4768818,77,ms,firefox,,1778085447,2023-10-23 12:26:53,121.77072901327848,818b5938920e6868a3f3b5a16b0c972bd8ec5cfc,1320781,,,,,,,,,,,,,,,,,,,,,,,,,,,,,,,,,,,,,,,,,,,,,,,,,,TN,,,,,,,,,,
autoland,4769055,12,f76b60813665636d86169b6507d2f60fe004600c,windows10-64-shippable-qr,True,False,,,102210fe594ee9b33d82058545b1ed14f4c8206e,console.log-in-loop-content-process-array,damp,True,damp console.log-in-loop-content-process-array opt e10s fission stylo webrender-sw,4768818,77,ms,firefox,,1778280567,2023-10-23 15:48:05,123.05567900450842,f222bdcd6517e233cb62a3164afd50fd17a55e62,1320978,,,,,,,,,,,,,,,,,,,,,,,,,,,,,,,,,,,,,,,,,,,,,,,,,,TN,,,,,,,,,,
autoland,4769055,12,f76b60813665636d86169b6507d2f60fe004600c,windows10-64-shippable-qr,True,False,,,102210fe594ee9b33d82058545b1ed14f4c8206e,console.log-in-loop-content-process-array,damp,True,damp console.log-in-loop-content-process-array opt e10s fission stylo webrender-sw,4768818,77,ms,firefox,,1778537598,2023-10-23 17:53:04,121.3407780421594,00c1813123fd4ca7ec1446ebdabe2848814e550e,1321095,,,,,,,,,,,,,,,,,,,,,,,,,,,,,,,,,,,,,,,,,,,,,,,,,,TN,,,,,,,,,,
autoland,4769055,12,f76b60813665636d86169b6507d2f60fe004600c,windows10-64-shippable-qr,True,False,,,102210fe594ee9b33d82058545b1ed14f4c8206e,console.log-in-loop-content-process-array,damp,True,damp console.log-in-loop-content-process-array opt e10s fission stylo webrender-sw,4768818,77,ms,firefox,,1778604275,2023-10-23 20:36:06,122.3434412528586,0fdbf0a455f26afa0a7a0390d6a380e318fce9d4,1321210,,,,,,,,,,,,,,,,,,,,,,,,,,,,,,,,,,,,,,,,,,,,,,,,,,TN,,,,,,,,,,
autoland,4769055,12,f76b60813665636d86169b6507d2f60fe004600c,windows10-64-shippable-qr,True,False,,,102210fe594ee9b33d82058545b1ed14f4c8206e,console.log-in-loop-content-process-array,damp,True,damp console.log-in-loop-content-process-array opt e10s fission stylo webrender-sw,4768818,77,ms,firefox,,1778709199,2023-10-24 00:49:55,123.98666614783816,ed9d130c38a8858740845db8ec5c8bb7e68cce65,1321359,,,,,,,,,,,,,,,,,,,,,,,,,,,,,,,,,,,,,,,,,,,,,,,,,,TN,,,,,,,,,,
autoland,4769055,12,f76b60813665636d86169b6507d2f60fe004600c,windows10-64-shippable-qr,True,False,,,102210fe594ee9b33d82058545b1ed14f4c8206e,console.log-in-loop-content-process-array,damp,True,damp console.log-in-loop-content-process-array opt e10s fission stylo webrender-sw,4768818,77,ms,firefox,,1778898128,2023-10-24 05:06:29,121.75088567602688,bcdbc81d4adffb0c3b1e04e1854e43cf49314d92,1321416,,,,,,,,,,,,,,,,,,,,,,,,,,,,,,,,,,,,,,,,,,,,,,,,,,TN,,,,,,,,,,
autoland,4769055,12,f76b60813665636d86169b6507d2f60fe004600c,windows10-64-shippable-qr,True,False,,,102210fe594ee9b33d82058545b1ed14f4c8206e,console.log-in-loop-content-process-array,damp,True,damp console.log-in-loop-content-process-array opt e10s fission stylo webrender-sw,4768818,77,ms,firefox,,1778973412,2023-10-24 08:18:26,122.36925731972678,36a87a6432703a1f3a1f2a92756c90146a19e5f2,1321456,,,,,,,,,,,,,,,,,,,,,,,,,,,,,,,,,,,,,,,,,,,,,,,,,,TN,,,,,,,,,,
autoland,4769055,12,f76b60813665636d86169b6507d2f60fe004600c,windows10-64-shippable-qr,True,False,,,102210fe594ee9b33d82058545b1ed14f4c8206e,console.log-in-loop-content-process-array,damp,True,damp console.log-in-loop-content-process-array opt e10s fission stylo webrender-sw,4768818,77,ms,firefox,,1779061127,2023-10-24 12:23:09,121.87517706675771,ea758c7008d76a67d75d4874bb1a1a00838f4128,1321565,,,,,,,,,,,,,,,,,,,,,,,,,,,,,,,,,,,,,,,,,,,,,,,,,,TN,,,,,,,,,,
autoland,4769055,12,f76b60813665636d86169b6507d2f60fe004600c,windows10-64-shippable-qr,True,False,,,102210fe594ee9b33d82058545b1ed14f4c8206e,console.log-in-loop-content-process-array,damp,True,damp console.log-in-loop-content-process-array opt e10s fission stylo webrender-sw,4768818,77,ms,firefox,,1779168379,2023-10-24 13:48:19,121.87825333055753,eccda51a6f68b20cfe9af1e94b9336b9856b103e,1321616,,,,,,,,,,,,,,,,,,,,,,,,,,,,,,,,,,,,,,,,,,,,,,,,,,TN,,,,,,,,,,
autoland,4769055,12,f76b60813665636d86169b6507d2f60fe004600c,windows10-64-shippable-qr,True,False,,,102210fe594ee9b33d82058545b1ed14f4c8206e,console.log-in-loop-content-process-array,damp,True,damp console.log-in-loop-content-process-array opt e10s fission stylo webrender-sw,4768818,77,ms,firefox,,1779616101,2023-10-24 17:52:45,121.60381229088944,b2dec8a51f6e781be65a730cfde18a11c9569f94,1321799,,,,,,,,,,,,,,,,,,,,,,,,,,,,,,,,,,,,,,,,,,,,,,,,,,TN,,,,,,,,,,
autoland,4769055,12,f76b60813665636d86169b6507d2f60fe004600c,windows10-64-shippable-qr,True,False,,,102210fe594ee9b33d82058545b1ed14f4c8206e,console.log-in-loop-content-process-array,damp,True,damp console.log-in-loop-content-process-array opt e10s fission stylo webrender-sw,4768818,77,ms,firefox,,1779620497,2023-10-24 21:54:59,121.98812093152446,27ee97bc90986bde66dfb122cc4c8a6a3730e4a3,1321984,,,,,,,,,,,,,,,,,,,,,,,,,,,,,,,,,,,,,,,,,,,,,,,,,,TN,,,,,,,,,,
autoland,4769055,12,f76b60813665636d86169b6507d2f60fe004600c,windows10-64-shippable-qr,True,False,,,102210fe594ee9b33d82058545b1ed14f4c8206e,console.log-in-loop-content-process-array,damp,True,damp console.log-in-loop-content-process-array opt e10s fission stylo webrender-sw,4768818,77,ms,firefox,,1779669308,2023-10-25 01:35:01,121.81983945725278,edfb4ab939a51c9dc131c959da539ef71f17cf5f,1322066,,,,,,,,,,,,,,,,,,,,,,,,,,,,,,,,,,,,,,,,,,,,,,,,,,TN,,,,,,,,,,
autoland,4769055,12,f76b60813665636d86169b6507d2f60fe004600c,windows10-64-shippable-qr,True,False,,,102210fe594ee9b33d82058545b1ed14f4c8206e,console.log-in-loop-content-process-array,damp,True,damp console.log-in-loop-content-process-array opt e10s fission stylo webrender-sw,4768818,77,ms,firefox,,1779733373,2023-10-25 05:46:17,122.41077112385756,c00936a538d944ced81780de7e2670806145f0ec,1322115,,,,,,,,,,,,,,,,,,,,,,,,,,,,,,,,,,,,,,,,,,,,,,,,,,TN,,,,,,,,,,
autoland,4769055,12,f76b60813665636d86169b6507d2f60fe004600c,windows10-64-shippable-qr,True,False,,,102210fe594ee9b33d82058545b1ed14f4c8206e,console.log-in-loop-content-process-array,damp,True,damp console.log-in-loop-content-process-array opt e10s fission stylo webrender-sw,4768818,77,ms,firefox,,1779964719,2023-10-25 09:46:40,122.38798532127748,03d61eb955a9ac6e3374ca4c5504edc41cd1aa4a,1322203,,,,,,,,,,,,,,,,,,,,,,,,,,,,,,,,,,,,,,,,,,,,,,,,,,TN,,,,,,,,,,
autoland,4769055,12,f76b60813665636d86169b6507d2f60fe004600c,windows10-64-shippable-qr,True,False,,,102210fe594ee9b33d82058545b1ed14f4c8206e,console.log-in-loop-content-process-array,damp,True,damp console.log-in-loop-content-process-array opt e10s fission stylo webrender-sw,4768818,77,ms,firefox,,1779996265,2023-10-25 12:40:12,121.53025955682642,44697a7ca8612ae5a4807f530347c3df1d2c191a,1322280,,,,,,,,,,,,,,,,,,,,,,,,,,,,,,,,,,,,,,,,,,,,,,,,,,TN,,,,,,,,,,
autoland,4769055,12,f76b60813665636d86169b6507d2f60fe004600c,windows10-64-shippable-qr,True,False,,,102210fe594ee9b33d82058545b1ed14f4c8206e,console.log-in-loop-content-process-array,damp,True,damp console.log-in-loop-content-process-array opt e10s fission stylo webrender-sw,4768818,77,ms,firefox,,1780202961,2023-10-25 16:42:09,121.5671650706472,b8c2a1837c16c66a12ef79eaf5545e92ae448768,1322418,,,,,,,,,,,,,,,,,,,,,,,,,,,,,,,,,,,,,,,,,,,,,,,,,,TN,,,,,,,,,,
autoland,4769055,12,f76b60813665636d86169b6507d2f60fe004600c,windows10-64-shippable-qr,True,False,,,102210fe594ee9b33d82058545b1ed14f4c8206e,console.log-in-loop-content-process-array,damp,True,damp console.log-in-loop-content-process-array opt e10s fission stylo webrender-sw,4768818,77,ms,firefox,,1780224274,2023-10-25 18:17:29,122.11009788086358,691148c77012c40658cd4a6e4ee3ca178d1c1ca8,1322468,,,,,,,,,,,,,,,,,,,,,,,,,,,,,,,,,,,,,,,,,,,,,,,,,,TN,,,,,,,,,,
autoland,4769055,12,f76b60813665636d86169b6507d2f60fe004600c,windows10-64-shippable-qr,True,False,,,102210fe594ee9b33d82058545b1ed14f4c8206e,console.log-in-loop-content-process-array,damp,True,damp console.log-in-loop-content-process-array opt e10s fission stylo webrender-sw,4768818,77,ms,firefox,,1780421079,2023-10-25 21:16:28,121.0867379940164,e6a52d2c9941178fa5113e3c7af81f561078c5f5,1322573,,,,,,,,,,,,,,,,,,,,,,,,,,,,,,,,,,,,,,,,,,,,,,,,,,TN,,,,,,,,,,
autoland,4769055,12,f76b60813665636d86169b6507d2f60fe004600c,windows10-64-shippable-qr,True,False,,,102210fe594ee9b33d82058545b1ed14f4c8206e,console.log-in-loop-content-process-array,damp,True,damp console.log-in-loop-content-process-array opt e10s fission stylo webrender-sw,4768818,77,ms,firefox,,1780596365,2023-10-26 00:52:13,122.11351515929256,68373a168c7ca93b1aa9bb3016a1ffa9ad6b7aac,1322694,,,,,,,,,,,,,,,,,,,,,,,,,,,,,,,,,,,,,,,,,,,,,,,,,,TN,,,,,,,,,,
autoland,4769055,12,f76b60813665636d86169b6507d2f60fe004600c,windows10-64-shippable-qr,True,False,,,102210fe594ee9b33d82058545b1ed14f4c8206e,console.log-in-loop-content-process-array,damp,True,damp console.log-in-loop-content-process-array opt e10s fission stylo webrender-sw,4768818,77,ms,firefox,,1780707797,2023-10-26 04:52:14,121.7271258919036,62489b97d11d4bb88f1184670849ed8c9dc61708,1322765,,,,,,,,,,,,,,,,,,,,,,,,,,,,,,,,,,,,,,,,,,,,,,,,,,TN,,,,,,,,,,
autoland,4769055,12,f76b60813665636d86169b6507d2f60fe004600c,windows10-64-shippable-qr,True,False,,,102210fe594ee9b33d82058545b1ed14f4c8206e,console.log-in-loop-content-process-array,damp,True,damp console.log-in-loop-content-process-array opt e10s fission stylo webrender-sw,4768818,77,ms,firefox,,1780833207,2023-10-26 09:06:19,122.27641460552512,8923dca93b808a23856287229fc8f1c0c1d1e20e,1322848,,,,,,,,,,,,,,,,,,,,,,,,,,,,,,,,,,,,,,,,,,,,,,,,,,TN,,,,,,,,,,
autoland,4769055,12,f76b60813665636d86169b6507d2f60fe004600c,windows10-64-shippable-qr,True,False,,,102210fe594ee9b33d82058545b1ed14f4c8206e,console.log-in-loop-content-process-array,damp,True,damp console.log-in-loop-content-process-array opt e10s fission stylo webrender-sw,4768818,77,ms,firefox,,1780806804,2023-10-26 09:07:41,121.48025900351058,4d2c1911361bbc41f63b4e807070a3d83596b70c,1322851,,,,,,,,,,,,,,,,,,,,,,,,,,,,,,,,,,,,,,,,,,,,,,,,,,TN,,,,,,,,,,
autoland,4769055,12,f76b60813665636d86169b6507d2f60fe004600c,windows10-64-shippable-qr,True,False,,,102210fe594ee9b33d82058545b1ed14f4c8206e,console.log-in-loop-content-process-array,damp,True,damp console.log-in-loop-content-process-array opt e10s fission stylo webrender-sw,4768818,77,ms,firefox,,1781003465,2023-10-26 13:14:16,121.35143723838974,db6b75385ffe5e764d60c5842add31b3a90c0587,1322985,,,,,,,,,,,,,,,,,,,,,,,,,,,,,,,,,,,,,,,,,,,,,,,,,,TN,,,,,,,,,,
autoland,4769055,12,f76b60813665636d86169b6507d2f60fe004600c,windows10-64-shippable-qr,True,False,,,102210fe594ee9b33d82058545b1ed14f4c8206e,console.log-in-loop-content-process-array,damp,True,damp console.log-in-loop-content-process-array opt e10s fission stylo webrender-sw,4768818,77,ms,firefox,,1781090116,2023-10-26 13:50:58,121.98670984760064,630864299a197bf416ac18d405063b7ec40c3644,1323009,,,,,,,,,,,,,,,,,,,,,,,,,,,,,,,,,,,,,,,,,,,,,,,,,,TN,,,,,,,,,,
autoland,4769055,12,f76b60813665636d86169b6507d2f60fe004600c,windows10-64-shippable-qr,True,False,,,102210fe594ee9b33d82058545b1ed14f4c8206e,console.log-in-loop-content-process-array,damp,True,damp console.log-in-loop-content-process-array opt e10s fission stylo webrender-sw,4768818,77,ms,firefox,,1781225257,2023-10-26 17:52:00,121.5493327444201,945d53ccf09fe8c263a6a24db6604162a4707ff9,1323156,,,,,,,,,,,,,,,,,,,,,,,,,,,,,,,,,,,,,,,,,,,,,,,,,,TN,,,,,,,,,,
autoland,4769055,12,f76b60813665636d86169b6507d2f60fe004600c,windows10-64-shippable-qr,True,False,,,102210fe594ee9b33d82058545b1ed14f4c8206e,console.log-in-loop-content-process-array,damp,True,damp console.log-in-loop-content-process-array opt e10s fission stylo webrender-sw,4768818,77,ms,firefox,,1781329921,2023-10-26 19:25:04,122.32603687697792,a1dbe7d2099563e23614b7c0d0b0f6923ab447f7,1323220,,,,,,,,,,,,,,,,,,,,,,,,,,,,,,,,,,,,,,,,,,,,,,,,,,TN,,,,,,,,,,
autoland,4769055,12,f76b60813665636d86169b6507d2f60fe004600c,windows10-64-shippable-qr,True,False,,,102210fe594ee9b33d82058545b1ed14f4c8206e,console.log-in-loop-content-process-array,damp,True,damp console.log-in-loop-content-process-array opt e10s fission stylo webrender-sw,4768818,77,ms,firefox,,1781451083,2023-10-26 23:27:25,121.53320710833124,a880804c93083962e65cea658b69a28c06528e8e,1323339,,,,,,,,,,,,,,,,,,,,,,,,,,,,,,,,,,,,,,,,,,,,,,,,,,TN,,,,,,,,,,
autoland,4769055,12,f76b60813665636d86169b6507d2f60fe004600c,windows10-64-shippable-qr,True,False,,,102210fe594ee9b33d82058545b1ed14f4c8206e,console.log-in-loop-content-process-array,damp,True,damp console.log-in-loop-content-process-array opt e10s fission stylo webrender-sw,4768818,77,ms,firefox,,1781523379,2023-10-27 00:10:25,121.96409859063716,6d47bee6d52ee11125f54db9df7336cbe69593c0,1323363,,,,,,,,,,,,,,,,,,,,,,,,,,,,,,,,,,,,,,,,,,,,,,,,,,TN,,,,,,,,,,
autoland,4769055,12,f76b60813665636d86169b6507d2f60fe004600c,windows10-64-shippable-qr,True,False,,,102210fe594ee9b33d82058545b1ed14f4c8206e,console.log-in-loop-content-process-array,damp,True,damp console.log-in-loop-content-process-array opt e10s fission stylo webrender-sw,4768818,77,ms,firefox,,1781637629,2023-10-27 05:17:25,121.75340855408469,4024630f5ffa1704a32f70c816f1003b0af9f105,1323421,,,,,,,,,,,,,,,,,,,,,,,,,,,,,,,,,,,,,,,,,,,,,,,,,,TN,,,,,,,,,,
autoland,4769055,12,f76b60813665636d86169b6507d2f60fe004600c,windows10-64-shippable-qr,True,False,,,102210fe594ee9b33d82058545b1ed14f4c8206e,console.log-in-loop-content-process-array,damp,True,damp console.log-in-loop-content-process-array opt e10s fission stylo webrender-sw,4768818,77,ms,firefox,,1781706224,2023-10-27 08:56:16,121.38997641388596,6e09ac4a4c291480d5951adca6d1659a46f571b2,1323505,,,,,,,,,,,,,,,,,,,,,,,,,,,,,,,,,,,,,,,,,,,,,,,,,,TN,,,,,,,,,,
autoland,4769055,12,f76b60813665636d86169b6507d2f60fe004600c,windows10-64-shippable-qr,True,False,,,102210fe594ee9b33d82058545b1ed14f4c8206e,console.log-in-loop-content-process-array,damp,True,damp console.log-in-loop-content-process-array opt e10s fission stylo webrender-sw,4768818,77,ms,firefox,,1781950734,2023-10-27 13:05:02,122.08587114276816,6013b7df2b9133416d4244ef4d45c492f215c3d0,1323649,,,,,,,,,,,,,,,,,,,,,,,,,,,,,,,,,,,,,,,,,,,,,,,,,,TN,,,,,,,,,,
autoland,4769055,12,f76b60813665636d86169b6507d2f60fe004600c,windows10-64-shippable-qr,True,False,,,102210fe594ee9b33d82058545b1ed14f4c8206e,console.log-in-loop-content-process-array,damp,True,damp console.log-in-loop-content-process-array opt e10s fission stylo webrender-sw,4768818,77,ms,firefox,,1781921975,2023-10-27 13:54:58,121.87948959770164,cda838e04db16590f96ddeaa7d7d54cc80e12a03,1323685,,,,,,,,,,,,,,,,,,,,,,,,,,,,,,,,,,,,,,,,,,,,,,,,,,TN,,,,,,,,,,
autoland,4769055,12,f76b60813665636d86169b6507d2f60fe004600c,windows10-64-shippable-qr,True,False,,,102210fe594ee9b33d82058545b1ed14f4c8206e,console.log-in-loop-content-process-array,damp,True,damp console.log-in-loop-content-process-array opt e10s fission stylo webrender-sw,4768818,77,ms,firefox,,1784214805,2023-10-27 16:30:16,122.08040583161164,07e5e900d9ccc46aead722be63fdb99beda0860c,1323778,,,,,,,,,,,,,,,,,,,,,,,,,,,,,,,,,,,,,,,,,,,,,,,,,,TN,,,,,,,,,,
autoland,4769055,12,f76b60813665636d86169b6507d2f60fe004600c,windows10-64-shippable-qr,True,False,,,102210fe594ee9b33d82058545b1ed14f4c8206e,console.log-in-loop-content-process-array,damp,True,damp console.log-in-loop-content-process-array opt e10s fission stylo webrender-sw,4768818,77,ms,firefox,,1784236724,2023-10-27 16:31:17,122.50258986887638,c66fc23f71d55f4533721c4d1a4efd0b1fb45e4c,1323781,,,,,,,,,,,,,,,,,,,,,,,,,,,,,,,,,,,,,,,,,,,,,,,,,,TN,,,,,,,,,,
autoland,4769055,12,f76b60813665636d86169b6507d2f60fe004600c,windows10-64-shippable-qr,True,False,,,102210fe594ee9b33d82058545b1ed14f4c8206e,console.log-in-loop-content-process-array,damp,True,damp console.log-in-loop-content-process-array opt e10s fission stylo webrender-sw,4768818,77,ms,firefox,,1784183984,2023-10-27 16:32:13,122.12631515710837,00031ac70bbaec8dab61039976134336ce8f498c,1323782,,,,,,,,,,,,,,,,,,,,,,,,,,,,,,,,,,,,,,,,,,,,,,,,,,TN,,,,,,,,,,
autoland,4769055,12,f76b60813665636d86169b6507d2f60fe004600c,windows10-64-shippable-qr,True,False,,,102210fe594ee9b33d82058545b1ed14f4c8206e,console.log-in-loop-content-process-array,damp,True,damp console.log-in-loop-content-process-array opt e10s fission stylo webrender-sw,4768818,77,ms,firefox,,1784186166,2023-10-27 16:34:07,121.94916318734248,6e7d18498e6d75b81e63332378301511fa35a283,1323787,,,,,,,,,,,,,,,,,,,,,,,,,,,,,,,,,,,,,,,,,,,,,,,,,,TN,,,,,,,,,,
autoland,4769055,12,f76b60813665636d86169b6507d2f60fe004600c,windows10-64-shippable-qr,True,False,,,102210fe594ee9b33d82058545b1ed14f4c8206e,console.log-in-loop-content-process-array,damp,True,damp console.log-in-loop-content-process-array opt e10s fission stylo webrender-sw,4768818,77,ms,firefox,,1784156363,2023-10-27 16:35:08,123.17698102220584,1c50d066111a66ac8178aba714b399a31eab0145,1323788,,,,,,,,,,,,,,,,,,,,,,,,,,,,,,,,,,,,,,,,,,,,,,,,,,TN,,,,,,,,,,
autoland,4769055,12,f76b60813665636d86169b6507d2f60fe004600c,windows10-64-shippable-qr,True,False,,,102210fe594ee9b33d82058545b1ed14f4c8206e,console.log-in-loop-content-process-array,damp,True,damp console.log-in-loop-content-process-array opt e10s fission stylo webrender-sw,4768818,77,ms,firefox,,1784156726,2023-10-27 16:36:02,121.28279783867856,8b88c2536938e4d9e9f8811ae9afb915a3e92260,1323790,,,,,,,,,,,,,,,,,,,,,,,,,,,,,,,,,,,,,,,,,,,,,,,,,,TN,,,,,,,,,,
autoland,4769055,12,f76b60813665636d86169b6507d2f60fe004600c,windows10-64-shippable-qr,True,False,,,102210fe594ee9b33d82058545b1ed14f4c8206e,console.log-in-loop-content-process-array,damp,True,damp console.log-in-loop-content-process-array opt e10s fission stylo webrender-sw,4768818,77,ms,firefox,,1784156608,2023-10-27 16:36:54,121.2571564714508,275d06a26aff64d1a393c8ac0f097aea2c07d9f9,1323791,,,,,,,,,,,,,,,,,,,,,,,,,,,,,,,,,,,,,,,,,,,,,,,,,,TN,,,,,,,,,,
autoland,4769055,12,f76b60813665636d86169b6507d2f60fe004600c,windows10-64-shippable-qr,True,False,,,102210fe594ee9b33d82058545b1ed14f4c8206e,console.log-in-loop-content-process-array,damp,True,damp console.log-in-loop-content-process-array opt e10s fission stylo webrender-sw,4768818,77,ms,firefox,,1784156678,2023-10-27 17:07:29,121.7102298947866,8cc4cfbfbce6c01448c503ce256a72588fe34795,1323810,,,,,,,,,,,,,,,,,,,,,,,,,,,,,,,,,,,,,,,,,,,,,,,,,,TN,,,,,,,,,,
autoland,4769055,12,f76b60813665636d86169b6507d2f60fe004600c,windows10-64-shippable-qr,True,False,,,102210fe594ee9b33d82058545b1ed14f4c8206e,console.log-in-loop-content-process-array,damp,True,damp console.log-in-loop-content-process-array opt e10s fission stylo webrender-sw,4768818,77,ms,firefox,,1782206470,2023-10-27 17:16:47,121.6309990582604,b6d6a9c84257af5a3d659491a2ab963896e70d0d,1323813,,,,,,,,,,,,,,,,,,,,,,,,,,,,,,,,,,,,,,,,,,,,,,,,,,TN,,,,,,,,,,
autoland,4769055,12,f76b60813665636d86169b6507d2f60fe004600c,windows10-64-shippable-qr,True,False,,,102210fe594ee9b33d82058545b1ed14f4c8206e,console.log-in-loop-content-process-array,damp,True,damp console.log-in-loop-content-process-array opt e10s fission stylo webrender-sw,4768818,77,ms,firefox,,1784185216,2023-10-27 18:52:27,121.87082720071156,db13c623e1a6a6115be1fd03ff73830bcc0fc690,1323859,,,,,,,,,,,,,,,,,,,,,,,,,,,,,,,,,,,,,,,,,,,,,,,,,,TN,,,,,,,,,,
autoland,4769055,12,f76b60813665636d86169b6507d2f60fe004600c,windows10-64-shippable-qr,True,False,,,102210fe594ee9b33d82058545b1ed14f4c8206e,console.log-in-loop-content-process-array,damp,True,damp console.log-in-loop-content-process-array opt e10s fission stylo webrender-sw,4768818,77,ms,firefox,,1784185732,2023-10-27 18:53:30,122.1584043646908,d3050f2e90b6c76ee08f521390b599760f95b8b5,1323860,,,,,,,,,,,,,,,,,,,,,,,,,,,,,,,,,,,,,,,,,,,,,,,,,,TN,,,,,,,,,,
autoland,4769055,12,f76b60813665636d86169b6507d2f60fe004600c,windows10-64-shippable-qr,True,False,,,102210fe594ee9b33d82058545b1ed14f4c8206e,console.log-in-loop-content-process-array,damp,True,damp console.log-in-loop-content-process-array opt e10s fission stylo webrender-sw,4768818,77,ms,firefox,,1784157011,2023-10-27 19:01:28,121.53389450703617,0f12ddfabffac15e47b76c7789f9823563b18c71,1323865,,,,,,,,,,,,,,,,,,,,,,,,,,,,,,,,,,,,,,,,,,,,,,,,,,TN,,,,,,,,,,
autoland,4769055,12,f76b60813665636d86169b6507d2f60fe004600c,windows10-64-shippable-qr,True,False,,,102210fe594ee9b33d82058545b1ed14f4c8206e,console.log-in-loop-content-process-array,damp,True,damp console.log-in-loop-content-process-array opt e10s fission stylo webrender-sw,4768818,77,ms,firefox,,1784158715,2023-10-27 19:54:43,123.97249940437176,a31980116f8927360882f5293866122e9f707895,1323893,,,,,,,,,,,,,,,,,,,,,,,,,,,,,,,,,,,,,,,,,,,,,,,,,,TN,,,,,,,,,,
autoland,4769055,12,f76b60813665636d86169b6507d2f60fe004600c,windows10-64-shippable-qr,True,False,,,102210fe594ee9b33d82058545b1ed14f4c8206e,console.log-in-loop-content-process-array,damp,True,damp console.log-in-loop-content-process-array opt e10s fission stylo webrender-sw,4768818,77,ms,firefox,,1784158581,2023-10-27 20:16:36,122.60089395276282,ca785021db93bbc7139b117642f9450f97b16590,1323905,,,,,,,,,,,,,,,,,,,,,,,,,,,,,,,,,,,,,,,,,,,,,,,,,,TN,,,,,,,,,,
autoland,4769055,12,f76b60813665636d86169b6507d2f60fe004600c,windows10-64-shippable-qr,True,False,,,102210fe594ee9b33d82058545b1ed14f4c8206e,console.log-in-loop-content-process-array,damp,True,damp console.log-in-loop-content-process-array opt e10s fission stylo webrender-sw,4768818,77,ms,firefox,,1784157354,2023-10-27 20:20:27,122.172524114334,49997e56dea501cbc8eff33303fcc2aa663df970,1323907,,,,,,,,,,,,,,,,,,,,,,,,,,,,,,,,,,,,,,,,,,,,,,,,,,TN,,,,,,,,,,
autoland,4769055,12,f76b60813665636d86169b6507d2f60fe004600c,windows10-64-shippable-qr,True,False,,,102210fe594ee9b33d82058545b1ed14f4c8206e,console.log-in-loop-content-process-array,damp,True,damp console.log-in-loop-content-process-array opt e10s fission stylo webrender-sw,4768818,77,ms,firefox,,1784159090,2023-10-27 20:21:18,121.64559334073238,44badba56678f764ee92c6826094f0c4d5973b69,1323908,,,,,,,,,,,,,,,,,,,,,,,,,,,,,,,,,,,,,,,,,,,,,,,,,,TN,,,,,,,,,,
autoland,4769055,12,f76b60813665636d86169b6507d2f60fe004600c,windows10-64-shippable-qr,True,False,,,102210fe594ee9b33d82058545b1ed14f4c8206e,console.log-in-loop-content-process-array,damp,True,damp console.log-in-loop-content-process-array opt e10s fission stylo webrender-sw,4768818,77,ms,firefox,,1784158994,2023-10-27 20:21:18,124.00646349131056,44badba56678f764ee92c6826094f0c4d5973b69,1323908,,,,,,,,,,,,,,,,,,,,,,,,,,,,,,,,,,,,,,,,,,,,,,,,,,TN,,,,,,,,,,
autoland,4769055,12,f76b60813665636d86169b6507d2f60fe004600c,windows10-64-shippable-qr,True,False,,,102210fe594ee9b33d82058545b1ed14f4c8206e,console.log-in-loop-content-process-array,damp,True,damp console.log-in-loop-content-process-array opt e10s fission stylo webrender-sw,4768818,77,ms,firefox,,1784158948,2023-10-27 20:38:24,122.52247424383496,06328266c4514b13be43a33939ecdad4de009733,1323922,,,,,,,,,,,,,,,,,,,,,,,,,,,,,,,,,,,,,,,,,,,,,,,,,,TN,,,,,,,,,,
autoland,4769055,12,f76b60813665636d86169b6507d2f60fe004600c,windows10-64-shippable-qr,True,False,,,102210fe594ee9b33d82058545b1ed14f4c8206e,console.log-in-loop-content-process-array,damp,True,damp console.log-in-loop-content-process-array opt e10s fission stylo webrender-sw,4768818,77,ms,firefox,,1784182660,2023-10-27 20:38:24,121.704177978997,06328266c4514b13be43a33939ecdad4de009733,1323922,,,,,,,,,,,,,,,,,,,,,,,,,,,,,,,,,,,,,,,,,,,,,,,,,,TN,,,,,,,,,,
autoland,4769055,12,f76b60813665636d86169b6507d2f60fe004600c,windows10-64-shippable-qr,True,False,,,102210fe594ee9b33d82058545b1ed14f4c8206e,console.log-in-loop-content-process-array,damp,True,damp console.log-in-loop-content-process-array opt e10s fission stylo webrender-sw,4768818,77,ms,firefox,,1784159045,2023-10-27 21:15:23,121.8103280551868,46dd40a52dd2c630c132be9b6ff905721acbc4f4,1323940,,,,,,,,,,,,,,,,,,,,,,,,,,,,,,,,,,,,,,,,,,,,,,,,,,TN,,,,,,,,,,
autoland,4769055,12,f76b60813665636d86169b6507d2f60fe004600c,windows10-64-shippable-qr,True,False,,,102210fe594ee9b33d82058545b1ed14f4c8206e,console.log-in-loop-content-process-array,damp,True,damp console.log-in-loop-content-process-array opt e10s fission stylo webrender-sw,4768818,77,ms,firefox,,1782325822,2023-10-27 22:11:30,122.09631950443782,2744df17e06b25289ca5dd01128e6c4f237d7a7c,1323968,,,,,,,,,,,,,,,,,,,,,,,,,,,,,,,,,,,,,,,,,,,,,,,,,,TN,,,,,,,,,,
autoland,4769055,12,f76b60813665636d86169b6507d2f60fe004600c,windows10-64-shippable-qr,True,False,,,102210fe594ee9b33d82058545b1ed14f4c8206e,console.log-in-loop-content-process-array,damp,True,damp console.log-in-loop-content-process-array opt e10s fission stylo webrender-sw,4768818,77,ms,firefox,,1784183818,2023-10-27 22:35:05,121.75323345452944,2a0da4c5f326f3a71f48cb275b1e4c4426cb5d3f,1323980,,,,,,,,,,,,,,,,,,,,,,,,,,,,,,,,,,,,,,,,,,,,,,,,,,TN,,,,,,,,,,
autoland,4769055,12,f76b60813665636d86169b6507d2f60fe004600c,windows10-64-shippable-qr,True,False,,,102210fe594ee9b33d82058545b1ed14f4c8206e,console.log-in-loop-content-process-array,damp,True,damp console.log-in-loop-content-process-array opt e10s fission stylo webrender-sw,4768818,77,ms,firefox,,1784184528,2023-10-27 22:35:05,121.96456481528458,2a0da4c5f326f3a71f48cb275b1e4c4426cb5d3f,1323980,,,,,,,,,,,,,,,,,,,,,,,,,,,,,,,,,,,,,,,,,,,,,,,,,,TN,,,,,,,,,,
autoland,4769055,12,f76b60813665636d86169b6507d2f60fe004600c,windows10-64-shippable-qr,True,False,,,102210fe594ee9b33d82058545b1ed14f4c8206e,console.log-in-loop-content-process-array,damp,True,damp console.log-in-loop-content-process-array opt e10s fission stylo webrender-sw,4768818,77,ms,firefox,,1782349626,2023-10-27 23:12:32,122.14546761543896,5c87acee8b894f06e4b248cb602b36ccfcef1615,1323985,,,,,,,,,,,,,,,,,,,,,,,,,,,,,,,,,,,,,,,,,,,,,,,,,,TN,,,,,,,,,,
autoland,4769055,12,f76b60813665636d86169b6507d2f60fe004600c,windows10-64-shippable-qr,True,False,,,102210fe594ee9b33d82058545b1ed14f4c8206e,console.log-in-loop-content-process-array,damp,True,damp console.log-in-loop-content-process-array opt e10s fission stylo webrender-sw,4768818,77,ms,firefox,,1784185319,2023-10-27 23:36:22,121.997332820878,c9674af59db1fb2826ed06b00391d6964826bf2e,1323997,,,,,,,,,,,,,,,,,,,,,,,,,,,,,,,,,,,,,,,,,,,,,,,,,,TN,,,,,,,,,,
autoland,4769055,12,f76b60813665636d86169b6507d2f60fe004600c,windows10-64-shippable-qr,True,False,,,102210fe594ee9b33d82058545b1ed14f4c8206e,console.log-in-loop-content-process-array,damp,True,damp console.log-in-loop-content-process-array opt e10s fission stylo webrender-sw,4768818,77,ms,firefox,,1784185364,2023-10-28 00:32:52,121.6931632310334,e9d775b45bab6ab6db1fa1a44beb750cce3e9ef5,1324006,,,,,,,,,,,,,,,,,,,,,,,,,,,,,,,,,,,,,,,,,,,,,,,,,,TN,,,,,,,,,,
autoland,4769055,12,f76b60813665636d86169b6507d2f60fe004600c,windows10-64-shippable-qr,True,False,,,102210fe594ee9b33d82058545b1ed14f4c8206e,console.log-in-loop-content-process-array,damp,True,damp console.log-in-loop-content-process-array opt e10s fission stylo webrender-sw,4768818,77,ms,firefox,,1782494805,2023-10-28 03:14:30,122.21779627346496,0be08aa0812f81d5eb9f2235165d8478ebaf825b,1324017,,,,,,,,,,,,,,,,,,,,,,,,,,,,,,,,,,,,,,,,,,,,,,,,,,TN,,,,,,,,,,
autoland,4769055,12,f76b60813665636d86169b6507d2f60fe004600c,windows10-64-shippable-qr,True,False,,,102210fe594ee9b33d82058545b1ed14f4c8206e,console.log-in-loop-content-process-array,damp,True,damp console.log-in-loop-content-process-array opt e10s fission stylo webrender-sw,4768818,77,ms,firefox,,1783040229,2023-10-29 17:34:24,122.0246394922051,da935aab57913c853df3002f297cc6eb76175828,1324194,,,,,,,,,,,,,,,,,,,,,,,,,,,,,,,,,,,,,,,,,,,,,,,,,,TN,,,,,,,,,,
autoland,4769055,12,f76b60813665636d86169b6507d2f60fe004600c,windows10-64-shippable-qr,True,False,,,102210fe594ee9b33d82058545b1ed14f4c8206e,console.log-in-loop-content-process-array,damp,True,damp console.log-in-loop-content-process-array opt e10s fission stylo webrender-sw,4768818,77,ms,firefox,,1783129764,2023-10-29 22:37:58,121.79846891755189,61e57e6ba3b7e09a71062e7cdc44f395af832716,1324214,,,,,,,,,,,,,,,,,,,,,,,,,,,,,,,,,,,,,,,,,,,,,,,,,,TN,,,,,,,,,,
autoland,4769055,12,f76b60813665636d86169b6507d2f60fe004600c,windows10-64-shippable-qr,True,False,,,102210fe594ee9b33d82058545b1ed14f4c8206e,console.log-in-loop-content-process-array,damp,True,damp console.log-in-loop-content-process-array opt e10s fission stylo webrender-sw,4768818,77,ms,firefox,,1783294212,2023-10-30 03:06:34,121.89569868432956,cfc1bbb8edcc79491d2e1267e84338d155b2ee3c,1324224,,,,,,,,,,,,,,,,,,,,,,,,,,,,,,,,,,,,,,,,,,,,,,,,,,TN,,,,,,,,,,
autoland,4769055,12,f76b60813665636d86169b6507d2f60fe004600c,windows10-64-shippable-qr,True,False,,,102210fe594ee9b33d82058545b1ed14f4c8206e,console.log-in-loop-content-process-array,damp,True,damp console.log-in-loop-content-process-array opt e10s fission stylo webrender-sw,4768818,77,ms,firefox,,1783353663,2023-10-30 07:08:15,121.90163041363394,07ff1e2e4f656661631e6746f339e6232b59ebfd,1324243,,,,,,,,,,,,,,,,,,,,,,,,,,,,,,,,,,,,,,,,,,,,,,,,,,TN,,,,,,,,,,
autoland,4769055,12,f76b60813665636d86169b6507d2f60fe004600c,windows10-64-shippable-qr,True,False,,,102210fe594ee9b33d82058545b1ed14f4c8206e,console.log-in-loop-content-process-array,damp,True,damp console.log-in-loop-content-process-array opt e10s fission stylo webrender-sw,4768818,77,ms,firefox,,1783493737,2023-10-30 12:36:41,122.44405115225707,9c6272da5dc92ff944d294d9a026bd42a408c784,1324389,,,,,,,,,,,,,,,,,,,,,,,,,,,,,,,,,,,,,,,,,,,,,,,,,,TN,,,,,,,,,,
autoland,4769055,12,f76b60813665636d86169b6507d2f60fe004600c,windows10-64-shippable-qr,True,False,,,102210fe594ee9b33d82058545b1ed14f4c8206e,console.log-in-loop-content-process-array,damp,True,damp console.log-in-loop-content-process-array opt e10s fission stylo webrender-sw,4768818,77,ms,firefox,,1783557568,2023-10-30 13:43:34,123.20108707895632,d2a035a8329b5914bcd659ea1ea427c251c4d138,1324429,,,,,,,,,,,,,,,,,,,,,,,,,,,,,,,,,,,,,,,,,,,,,,,,,,TN,,,,,,,,,,
autoland,4769055,12,f76b60813665636d86169b6507d2f60fe004600c,windows10-64-shippable-qr,True,False,,,102210fe594ee9b33d82058545b1ed14f4c8206e,console.log-in-loop-content-process-array,damp,True,damp console.log-in-loop-content-process-array opt e10s fission stylo webrender-sw,4768818,77,ms,firefox,,1783830395,2023-10-30 17:20:21,121.94284852175224,277907757ae0f5c9f9a9b4b15473ec6f3eab7674,1324599,,,,,,,,,,,,,,,,,,,,,,,,,,,,,,,,,,,,,,,,,,,,,,,,,,TN,,,,,,,,,,
autoland,4769055,12,f76b60813665636d86169b6507d2f60fe004600c,windows10-64-shippable-qr,True,False,,,102210fe594ee9b33d82058545b1ed14f4c8206e,console.log-in-loop-content-process-array,damp,True,damp console.log-in-loop-content-process-array opt e10s fission stylo webrender-sw,4768818,77,ms,firefox,,1783945903,2023-10-30 21:26:51,121.34453270946597,250d50a3e9aedba6c41312d2ce03b03eabac5c84,1324725,,,,,,,,,,,,,,,,,,,,,,,,,,,,,,,,,,,,,,,,,,,,,,,,,,TN,,,,,,,,,,
autoland,4769055,12,f76b60813665636d86169b6507d2f60fe004600c,windows10-64-shippable-qr,True,False,,,102210fe594ee9b33d82058545b1ed14f4c8206e,console.log-in-loop-content-process-array,damp,True,damp console.log-in-loop-content-process-array opt e10s fission stylo webrender-sw,4768818,77,ms,firefox,,1783960548,2023-10-30 22:47:24,122.52350162525818,9d87d8875f3012f1cb5e065b5861f41a29d1173c,1324763,,,,,,,,,,,,,,,,,,,,,,,,,,,,,,,,,,,,,,,,,,,,,,,,,,TN,,,,,,,,,,
autoland,4769055,12,f76b60813665636d86169b6507d2f60fe004600c,windows10-64-shippable-qr,True,False,,,102210fe594ee9b33d82058545b1ed14f4c8206e,console.log-in-loop-content-process-array,damp,True,damp console.log-in-loop-content-process-array opt e10s fission stylo webrender-sw,4768818,77,ms,firefox,,1784139105,2023-10-31 03:27:18,123.7144949030353,88295a805fb918c5a40c57d9827608c50c65da1a,1324833,,,,,,,,,,,,,,,,,,,,,,,,,,,,,,,,,,,,,,,,,,,,,,,,,,TN,,,,,,,,,,
autoland,4769055,12,f76b60813665636d86169b6507d2f60fe004600c,windows10-64-shippable-qr,True,False,,,102210fe594ee9b33d82058545b1ed14f4c8206e,console.log-in-loop-content-process-array,damp,True,damp console.log-in-loop-content-process-array opt e10s fission stylo webrender-sw,4768818,77,ms,firefox,,1784339441,2023-10-31 08:52:16,123.16286023435896,26a58e0274b4491ce07587bf329d30954bfa36a5,1324883,,,,,,,,,,,,,,,,,,,,,,,,,,,,,,,,,,,,,,,,,,,,,,,,,,TN,,,,,,,,,,
autoland,4769055,12,f76b60813665636d86169b6507d2f60fe004600c,windows10-64-shippable-qr,True,False,,,102210fe594ee9b33d82058545b1ed14f4c8206e,console.log-in-loop-content-process-array,damp,True,damp console.log-in-loop-content-process-array opt e10s fission stylo webrender-sw,4768818,77,ms,firefox,,1784354205,2023-10-31 10:24:24,122.01039086401306,173608723df3997c0b39049e55f7e4f529974bd1,1324925,,,,,,,,,,,,,,,,,,,,,,,,,,,,,,,,,,,,,,,,,,,,,,,,,,TN,,,,,,,,,,
autoland,4769055,12,f76b60813665636d86169b6507d2f60fe004600c,windows10-64-shippable-qr,True,False,,,102210fe594ee9b33d82058545b1ed14f4c8206e,console.log-in-loop-content-process-array,damp,True,damp console.log-in-loop-content-process-array opt e10s fission stylo webrender-sw,4768818,77,ms,firefox,,1784517536,2023-10-31 14:28:55,122.16471902165722,d93c1e224fa334cb0e1a4faf860be329181c1d60,1325039,,,,,,,,,,,,,,,,,,,,,,,,,,,,,,,,,,,,,,,,,,,,,,,,,,TN,,,,,,,,,,
autoland,4769055,12,f76b60813665636d86169b6507d2f60fe004600c,windows10-64-shippable-qr,True,False,,,102210fe594ee9b33d82058545b1ed14f4c8206e,console.log-in-loop-content-process-array,damp,True,damp console.log-in-loop-content-process-array opt e10s fission stylo webrender-sw,4768818,77,ms,firefox,,1784572125,2023-10-31 15:46:12,122.2088760957222,4712d595873a538c628ea09a2826c33e3f2e383d,1325101,,,,,,,,,,,,,,,,,,,,,,,,,,,,,,,,,,,,,,,,,,,,,,,,,,TN,,,,,,,,,,
autoland,4769055,12,f76b60813665636d86169b6507d2f60fe004600c,windows10-64-shippable-qr,True,False,,,102210fe594ee9b33d82058545b1ed14f4c8206e,console.log-in-loop-content-process-array,damp,True,damp console.log-in-loop-content-process-array opt e10s fission stylo webrender-sw,4768818,77,ms,firefox,,1784824399,2023-10-31 20:04:41,122.338192336234,5624631ba42eb404a5c5b4e50e9c4fbc826eef31,1325256,,,,,,,,,,,,,,,,,,,,,,,,,,,,,,,,,,,,,,,,,,,,,,,,,,TN,,,,,,,,,,
autoland,4769055,12,f76b60813665636d86169b6507d2f60fe004600c,windows10-64-shippable-qr,True,False,,,102210fe594ee9b33d82058545b1ed14f4c8206e,console.log-in-loop-content-process-array,damp,True,damp console.log-in-loop-content-process-array opt e10s fission stylo webrender-sw,4768818,77,ms,firefox,,1784865245,2023-10-31 22:59:03,121.6040383753525,251055c46bfcc027766c9bdaccaaa919c3e6c8f6,1325343,,,,,,,,,,,,,,,,,,,,,,,,,,,,,,,,,,,,,,,,,,,,,,,,,,TN,,,,,,,,,,
autoland,4769055,12,f76b60813665636d86169b6507d2f60fe004600c,windows10-64-shippable-qr,True,False,,,102210fe594ee9b33d82058545b1ed14f4c8206e,console.log-in-loop-content-process-array,damp,True,damp console.log-in-loop-content-process-array opt e10s fission stylo webrender-sw,4768818,77,ms,firefox,,1785103404,2023-11-01 04:08:21,122.15695175940164,b73ef4c8979fb0702de9f4bf2fdf986b1d0fd487,1325446,,,,,,,,,,,,,,,,,,,,,,,,,,,,,,,,,,,,,,,,,,,,,,,,,,TN,,,,,,,,,,
autoland,4769055,12,f76b60813665636d86169b6507d2f60fe004600c,windows10-64-shippable-qr,True,False,,,102210fe594ee9b33d82058545b1ed14f4c8206e,console.log-in-loop-content-process-array,damp,True,damp console.log-in-loop-content-process-array opt e10s fission stylo webrender-sw,4768818,77,ms,firefox,,1785182893,2023-11-01 08:27:37,121.94967935195837,5db6f03a7c103189ba38ef4c4687a046566f4e5b,1325492,,,,,,,,,,,,,,,,,,,,,,,,,,,,,,,,,,,,,,,,,,,,,,,,,,TN,,,,,,,,,,
autoland,4769055,12,f76b60813665636d86169b6507d2f60fe004600c,windows10-64-shippable-qr,True,False,,,102210fe594ee9b33d82058545b1ed14f4c8206e,console.log-in-loop-content-process-array,damp,True,damp console.log-in-loop-content-process-array opt e10s fission stylo webrender-sw,4768818,77,ms,firefox,,1785394229,2023-11-01 15:00:09,121.87620106728173,dee5e3c280a214c32ea4f7a2b6446bbe456ecb54,1325661,,,,,,,,,,,,,,,,,,,,,,,,,,,,,,,,,,,,,,,,,,,,,,,,,,TN,,,,,,,,,,
autoland,4769055,12,f76b60813665636d86169b6507d2f60fe004600c,windows10-64-shippable-qr,True,False,,,102210fe594ee9b33d82058545b1ed14f4c8206e,console.log-in-loop-content-process-array,damp,True,damp console.log-in-loop-content-process-array opt e10s fission stylo webrender-sw,4768818,77,ms,firefox,,1785596747,2023-11-01 21:17:16,123.10252832383505,3eea9367b17b3c112968a3f0e008b1005452bbdd,1325895,,,,,,,,,,,,,,,,,,,,,,,,,,,,,,,,,,,,,,,,,,,,,,,,,,TN,,,,,,,,,,
autoland,4769055,12,f76b60813665636d86169b6507d2f60fe004600c,windows10-64-shippable-qr,True,False,,,102210fe594ee9b33d82058545b1ed14f4c8206e,console.log-in-loop-content-process-array,damp,True,damp console.log-in-loop-content-process-array opt e10s fission stylo webrender-sw,4768818,77,ms,firefox,,1785716475,2023-11-02 01:36:12,122.45259144900228,0ea21c7c9ab7dcf411a8094c876b12784bc6343c,1325979,,,,,,,,,,,,,,,,,,,,,,,,,,,,,,,,,,,,,,,,,,,,,,,,,,TN,,,,,,,,,,
autoland,4769055,12,f76b60813665636d86169b6507d2f60fe004600c,windows10-64-shippable-qr,True,False,,,102210fe594ee9b33d82058545b1ed14f4c8206e,console.log-in-loop-content-process-array,damp,True,damp console.log-in-loop-content-process-array opt e10s fission stylo webrender-sw,4768818,77,ms,firefox,,1785830773,2023-11-02 06:18:28,122.82118585925492,1fcf041bc427507f767a28519182263ab9925550,1326017,,,,,,,,,,,,,,,,,,,,,,,,,,,,,,,,,,,,,,,,,,,,,,,,,,TN,,,,,,,,,,
autoland,4769055,12,f76b60813665636d86169b6507d2f60fe004600c,windows10-64-shippable-qr,True,False,,,102210fe594ee9b33d82058545b1ed14f4c8206e,console.log-in-loop-content-process-array,damp,True,damp console.log-in-loop-content-process-array opt e10s fission stylo webrender-sw,4768818,77,ms,firefox,,1785956025,2023-11-02 10:56:45,123.21854201105634,86b37d608b6dff619ef21dd6df25970d2f35504f,1326103,,,,,,,,,,,,,,,,,,,,,,,,,,,,,,,,,,,,,,,,,,,,,,,,,,TN,,,,,,,,,,
autoland,4769055,12,f76b60813665636d86169b6507d2f60fe004600c,windows10-64-shippable-qr,True,False,,,102210fe594ee9b33d82058545b1ed14f4c8206e,console.log-in-loop-content-process-array,damp,True,damp console.log-in-loop-content-process-array opt e10s fission stylo webrender-sw,4768818,77,ms,firefox,,1785985307,2023-11-02 12:13:53,124.46107650554586,59754ae1b71386535d42979e577deaaad4aa522f,1326138,,,,,,,,,,,,,,,,,,,,,,,,,,,,,,,,,,,,,,,,,,,,,,,,,,TN,,,,,,,,,,
autoland,4769055,12,f76b60813665636d86169b6507d2f60fe004600c,windows10-64-shippable-qr,True,False,,,102210fe594ee9b33d82058545b1ed14f4c8206e,console.log-in-loop-content-process-array,damp,True,damp console.log-in-loop-content-process-array opt e10s fission stylo webrender-sw,4768818,77,ms,firefox,,1786483770,2023-11-03 02:17:21,122.24271356852567,7398cacb1ad3e7be98ad07eff3a56fd050025c48,1326661,,,,,,,,,,,,,,,,,,,,,,,,,,,,,,,,,,,,,,,,,,,,,,,,,,TN,,,,,,,,,,
autoland,4769055,12,f76b60813665636d86169b6507d2f60fe004600c,windows10-64-shippable-qr,True,False,,,102210fe594ee9b33d82058545b1ed14f4c8206e,console.log-in-loop-content-process-array,damp,True,damp console.log-in-loop-content-process-array opt e10s fission stylo webrender-sw,4768818,77,ms,firefox,,1786561168,2023-11-03 06:29:48,122.22138026795984,63221dffde4f2b6c134c16fb540dea75d856626d,1326720,,,,,,,,,,,,,,,,,,,,,,,,,,,,,,,,,,,,,,,,,,,,,,,,,,TN,,,,,,,,,,
autoland,4769055,12,f76b60813665636d86169b6507d2f60fe004600c,windows10-64-shippable-qr,True,False,,,102210fe594ee9b33d82058545b1ed14f4c8206e,console.log-in-loop-content-process-array,damp,True,damp console.log-in-loop-content-process-array opt e10s fission stylo webrender-sw,4768818,77,ms,firefox,,1786699723,2023-11-03 09:45:55,122.92584356338648,fef2ab0f10caa08593c20e7febc4cec185670a4a,1326769,,,,,,,,,,,,,,,,,,,,,,,,,,,,,,,,,,,,,,,,,,,,,,,,,,TN,,,,,,,,,,
autoland,4769055,12,f76b60813665636d86169b6507d2f60fe004600c,windows10-64-shippable-qr,True,False,,,102210fe594ee9b33d82058545b1ed14f4c8206e,console.log-in-loop-content-process-array,damp,True,damp console.log-in-loop-content-process-array opt e10s fission stylo webrender-sw,4768818,77,ms,firefox,,1786815952,2023-11-03 14:08:17,122.14559658993949,db8c28afe588aab0cd434e280a4614c075350cde,1326874,,,,,,,,,,,,,,,,,,,,,,,,,,,,,,,,,,,,,,,,,,,,,,,,,,TN,,,,,,,,,,
autoland,4769055,12,f76b60813665636d86169b6507d2f60fe004600c,windows10-64-shippable-qr,True,False,,,102210fe594ee9b33d82058545b1ed14f4c8206e,console.log-in-loop-content-process-array,damp,True,damp console.log-in-loop-content-process-array opt e10s fission stylo webrender-sw,4768818,77,ms,firefox,,1786937085,2023-11-03 15:30:02,122.1472237677026,c1bbed9e33815cc111047e95375c6446ad566b5b,1326932,,,,,,,,,,,,,,,,,,,,,,,,,,,,,,,,,,,,,,,,,,,,,,,,,,TN,,,,,,,,,,
autoland,4769055,12,f76b60813665636d86169b6507d2f60fe004600c,windows10-64-shippable-qr,True,False,,,102210fe594ee9b33d82058545b1ed14f4c8206e,console.log-in-loop-content-process-array,damp,True,damp console.log-in-loop-content-process-array opt e10s fission stylo webrender-sw,4768818,77,ms,firefox,,1786990016,2023-11-03 19:29:08,122.13352875781128,3483c8458f12814829ccacc001ce04923ce9c601,1327119,,,,,,,,,,,,,,,,,,,,,,,,,,,,,,,,,,,,,,,,,,,,,,,,,,TN,,,,,,,,,,
autoland,4769055,12,f76b60813665636d86169b6507d2f60fe004600c,windows10-64-shippable-qr,True,False,,,102210fe594ee9b33d82058545b1ed14f4c8206e,console.log-in-loop-content-process-array,damp,True,damp console.log-in-loop-content-process-array opt e10s fission stylo webrender-sw,4768818,77,ms,firefox,,1787112038,2023-11-04 00:04:01,122.1635166113474,71b8373e6622cf42c02a4244f2c2629c6afed2db,1327246,,,,,,,,,,,,,,,,,,,,,,,,,,,,,,,,,,,,,,,,,,,,,,,,,,TN,,,,,,,,,,
autoland,4769055,12,f76b60813665636d86169b6507d2f60fe004600c,windows10-64-shippable-qr,True,False,,,102210fe594ee9b33d82058545b1ed14f4c8206e,console.log-in-loop-content-process-array,damp,True,damp console.log-in-loop-content-process-array opt e10s fission stylo webrender-sw,4768818,77,ms,firefox,,1787146624,2023-11-04 01:35:30,122.62269744948844,fa8ebe703963d027ce9185c21a4e7bdc98f8cd68,1327271,,,,,,,,,,,,,,,,,,,,,,,,,,,,,,,,,,,,,,,,,,,,,,,,,,TN,,,,,,,,,,
autoland,4769055,12,f76b60813665636d86169b6507d2f60fe004600c,windows10-64-shippable-qr,True,False,,,102210fe594ee9b33d82058545b1ed14f4c8206e,console.log-in-loop-content-process-array,damp,True,damp console.log-in-loop-content-process-array opt e10s fission stylo webrender-sw,4768818,77,ms,firefox,,1787225305,2023-11-04 08:24:01,121.28023784086508,f65c77517e3e8d32a23f3607a039a558abd2b12c,1327306,,,,,,,,,,,,,,,,,,,,,,,,,,,,,,,,,,,,,,,,,,,,,,,,,,TN,,,,,,,,,,
autoland,4769055,12,f76b60813665636d86169b6507d2f60fe004600c,windows10-64-shippable-qr,True,False,,,102210fe594ee9b33d82058545b1ed14f4c8206e,console.log-in-loop-content-process-array,damp,True,damp console.log-in-loop-content-process-array opt e10s fission stylo webrender-sw,4768818,77,ms,firefox,,1787383756,2023-11-04 14:15:16,122.17670737289336,90f5a1a99e4af4267d041ebe447fe2c0d6028eec,1327379,,,,,,,,,,,,,,,,,,,,,,,,,,,,,,,,,,,,,,,,,,,,,,,,,,TN,,,,,,,,,,
autoland,4769055,12,f76b60813665636d86169b6507d2f60fe004600c,windows10-64-shippable-qr,True,False,,,102210fe594ee9b33d82058545b1ed14f4c8206e,console.log-in-loop-content-process-array,damp,True,damp console.log-in-loop-content-process-array opt e10s fission stylo webrender-sw,4768818,77,ms,firefox,,1787445112,2023-11-04 18:45:40,122.43291601898636,55a02a6f1e91945e24618f64bd61b9f3a0beeea0,1327418,,,,,,,,,,,,,,,,,,,,,,,,,,,,,,,,,,,,,,,,,,,,,,,,,,TN,,,,,,,,,,
autoland,4769055,12,f76b60813665636d86169b6507d2f60fe004600c,windows10-64-shippable-qr,True,False,,,102210fe594ee9b33d82058545b1ed14f4c8206e,console.log-in-loop-content-process-array,damp,True,damp console.log-in-loop-content-process-array opt e10s fission stylo webrender-sw,4768818,77,ms,firefox,,1787511689,2023-11-04 23:01:16,122.38837199618048,c6d6218c85ae690d272c8b978051ec7c2718b1b2,1327454,,,,,,,,,,,,,,,,,,,,,,,,,,,,,,,,,,,,,,,,,,,,,,,,,,TN,,,,,,,,,,
autoland,4769055,12,f76b60813665636d86169b6507d2f60fe004600c,windows10-64-shippable-qr,True,False,,,102210fe594ee9b33d82058545b1ed14f4c8206e,console.log-in-loop-content-process-array,damp,True,damp console.log-in-loop-content-process-array opt e10s fission stylo webrender-sw,4768818,77,ms,firefox,,1787744906,2023-11-05 12:31:02,122.20763971614632,6e473b5825d2acd52739d9cc4cdec6ea5e26c9d1,1327508,,,,,,,,,,,,,,,,,,,,,,,,,,,,,,,,,,,,,,,,,,,,,,,,,,TN,,,,,,,,,,
autoland,4769055,12,f76b60813665636d86169b6507d2f60fe004600c,windows10-64-shippable-qr,True,False,,,102210fe594ee9b33d82058545b1ed14f4c8206e,console.log-in-loop-content-process-array,damp,True,damp console.log-in-loop-content-process-array opt e10s fission stylo webrender-sw,4768818,77,ms,firefox,,1787875968,2023-11-05 17:15:11,122.43769468809931,e4d362eebc148baf8432d0b013b6233995a2f16e,1327546,,,,,,,,,,,,,,,,,,,,,,,,,,,,,,,,,,,,,,,,,,,,,,,,,,TN,,,,,,,,,,
autoland,4769055,12,f76b60813665636d86169b6507d2f60fe004600c,windows10-64-shippable-qr,True,False,,,102210fe594ee9b33d82058545b1ed14f4c8206e,console.log-in-loop-content-process-array,damp,True,damp console.log-in-loop-content-process-array opt e10s fission stylo webrender-sw,4768818,77,ms,firefox,,1787980948,2023-11-05 22:35:05,122.00578695446892,1995198e0bee1b9f7d4ac3a5286fb89a8305fa28,1327567,,,,,,,,,,,,,,,,,,,,,,,,,,,,,,,,,,,,,,,,,,,,,,,,,,TN,,,,,,,,,,
autoland,4769055,12,f76b60813665636d86169b6507d2f60fe004600c,windows10-64-shippable-qr,True,False,,,102210fe594ee9b33d82058545b1ed14f4c8206e,console.log-in-loop-content-process-array,damp,True,damp console.log-in-loop-content-process-array opt e10s fission stylo webrender-sw,4768818,77,ms,firefox,,1788232902,2023-11-06 03:28:15,121.74005055150974,925231a8fb5eccf055afb3e9921596d8f990128b,1327590,,,,,,,,,,,,,,,,,,,,,,,,,,,,,,,,,,,,,,,,,,,,,,,,,,TN,,,,,,,,,,
autoland,4769055,12,f76b60813665636d86169b6507d2f60fe004600c,windows10-64-shippable-qr,True,False,,,102210fe594ee9b33d82058545b1ed14f4c8206e,console.log-in-loop-content-process-array,damp,True,damp console.log-in-loop-content-process-array opt e10s fission stylo webrender-sw,4768818,77,ms,firefox,,1788297052,2023-11-06 06:27:10,122.84686970080112,58f61f19462af6371405866cd0506983856d5433,1327613,,,,,,,,,,,,,,,,,,,,,,,,,,,,,,,,,,,,,,,,,,,,,,,,,,TN,,,,,,,,,,
autoland,4769055,12,f76b60813665636d86169b6507d2f60fe004600c,windows10-64-shippable-qr,True,False,,,102210fe594ee9b33d82058545b1ed14f4c8206e,console.log-in-loop-content-process-array,damp,True,damp console.log-in-loop-content-process-array opt e10s fission stylo webrender-sw,4768818,77,ms,firefox,,1788512110,2023-11-06 10:22:32,122.21911229364105,47130f8e8a79f36f7bea8cf4a4a19a3ef155e539,1327714,,,,,,,,,,,,,,,,,,,,,,,,,,,,,,,,,,,,,,,,,,,,,,,,,,TN,,,,,,,,,,
autoland,4769055,12,f76b60813665636d86169b6507d2f60fe004600c,windows10-64-shippable-qr,True,False,,,102210fe594ee9b33d82058545b1ed14f4c8206e,console.log-in-loop-content-process-array,damp,True,damp console.log-in-loop-content-process-array opt e10s fission stylo webrender-sw,4768818,77,ms,firefox,,1788589879,2023-11-06 14:23:08,122.7145580497554,e85ef9b0c6ee61f9f14bf8b49cd5f6e0a5fac3d7,1327890,,,,,,,,,,,,,,,,,,,,,,,,,,,,,,,,,,,,,,,,,,,,,,,,,,TN,,,,,,,,,,
autoland,4769055,12,f76b60813665636d86169b6507d2f60fe004600c,windows10-64-shippable-qr,True,False,,,102210fe594ee9b33d82058545b1ed14f4c8206e,console.log-in-loop-content-process-array,damp,True,damp console.log-in-loop-content-process-array opt e10s fission stylo webrender-sw,4768818,77,ms,firefox,,1788789422,2023-11-06 17:39:09,124.2696316260517,6d5e2f6a296345f3afbeecf2e34bf0f7da7c7991,1328028,,,,,,,,,,,,,,,,,,,,,,,,,,,,,,,,,,,,,,,,,,,,,,,,,,TN,,,,,,,,,,
autoland,4769055,12,f76b60813665636d86169b6507d2f60fe004600c,windows10-64-shippable-qr,True,False,,,102210fe594ee9b33d82058545b1ed14f4c8206e,console.log-in-loop-content-process-array,damp,True,damp console.log-in-loop-content-process-array opt e10s fission stylo webrender-sw,4768818,77,ms,firefox,,1788868153,2023-11-06 20:45:17,122.53283971923156,cfad60e16bc9ffd1123a5eb881ba42aaa60b9b18,1328100,,,,,,,,,,,,,,,,,,,,,,,,,,,,,,,,,,,,,,,,,,,,,,,,,,TN,,,,,,,,,,
autoland,4769055,12,f76b60813665636d86169b6507d2f60fe004600c,windows10-64-shippable-qr,True,False,,,102210fe594ee9b33d82058545b1ed14f4c8206e,console.log-in-loop-content-process-array,damp,True,damp console.log-in-loop-content-process-array opt e10s fission stylo webrender-sw,4768818,77,ms,firefox,,1788966309,2023-11-07 01:37:21,122.7467721796802,05f23c29b41cfcb7bfe0b081854260fa6d04388f,1328269,,,,,,,,,,,,,,,,,,,,,,,,,,,,,,,,,,,,,,,,,,,,,,,,,,TN,,,,,,,,,,
autoland,4769055,12,f76b60813665636d86169b6507d2f60fe004600c,windows10-64-shippable-qr,True,False,,,102210fe594ee9b33d82058545b1ed14f4c8206e,console.log-in-loop-content-process-array,damp,True,damp console.log-in-loop-content-process-array opt e10s fission stylo webrender-sw,4768818,77,ms,firefox,,1789138261,2023-11-07 05:57:42,122.20759419009482,5f6163941f402e507f0d384b9904f2a425a28d57,1328312,,,,,,,,,,,,,,,,,,,,,,,,,,,,,,,,,,,,,,,,,,,,,,,,,,TN,,,,,,,,,,
autoland,4769055,12,f76b60813665636d86169b6507d2f60fe004600c,windows10-64-shippable-qr,True,False,,,102210fe594ee9b33d82058545b1ed14f4c8206e,console.log-in-loop-content-process-array,damp,True,damp console.log-in-loop-content-process-array opt e10s fission stylo webrender-sw,4768818,77,ms,firefox,,1789188037,2023-11-07 07:13:43,125.05683199030044,7a3978f0626b31f7d311cbc700a8ad6eef3c38a7,1328322,,,,,,,,,,,,,,,,,,,,,,,,,,,,,,,,,,,,,,,,,,,,,,,,,,TN,,,,,,,,,,
autoland,4769055,12,f76b60813665636d86169b6507d2f60fe004600c,windows10-64-shippable-qr,True,False,,,102210fe594ee9b33d82058545b1ed14f4c8206e,console.log-in-loop-content-process-array,damp,True,damp console.log-in-loop-content-process-array opt e10s fission stylo webrender-sw,4768818,77,ms,firefox,,1789428823,2023-11-07 15:22:28,122.8446929654956,3a6678776d36c32f58fe521d73f09bbc1478cbbb,1328534,,,,,,,,,,,,,,,,,,,,,,,,,,,,,,,,,,,,,,,,,,,,,,,,,,TN,,,,,,,,,,
autoland,4769055,12,f76b60813665636d86169b6507d2f60fe004600c,windows10-64-shippable-qr,True,False,,,102210fe594ee9b33d82058545b1ed14f4c8206e,console.log-in-loop-content-process-array,damp,True,damp console.log-in-loop-content-process-array opt e10s fission stylo webrender-sw,4768818,77,ms,firefox,,1789535308,2023-11-07 20:38:50,122.68277531069724,2f5322fade4338f844537e7e14979d023e4b7d48,1328596,,,,,,,,,,,,,,,,,,,,,,,,,,,,,,,,,,,,,,,,,,,,,,,,,,TN,,,,,,,,,,
autoland,4769055,12,f76b60813665636d86169b6507d2f60fe004600c,windows10-64-shippable-qr,True,False,,,102210fe594ee9b33d82058545b1ed14f4c8206e,console.log-in-loop-content-process-array,damp,True,damp console.log-in-loop-content-process-array opt e10s fission stylo webrender-sw,4768818,77,ms,firefox,,1789690443,2023-11-07 23:09:36,122.07174350024344,146ef5c46755802d7609ece035e0115301c936bd,1328770,,,,,,,,,,,,,,,,,,,,,,,,,,,,,,,,,,,,,,,,,,,,,,,,,,TN,,,,,,,,,,
autoland,4769055,12,f76b60813665636d86169b6507d2f60fe004600c,windows10-64-shippable-qr,True,False,,,102210fe594ee9b33d82058545b1ed14f4c8206e,console.log-in-loop-content-process-array,damp,True,damp console.log-in-loop-content-process-array opt e10s fission stylo webrender-sw,4768818,77,ms,firefox,,1789716929,2023-11-08 00:15:37,122.15545745640613,54f6a0fa6c5ffe3ce0a5f981a4cdedc058256898,1328812,,,,,,,,,,,,,,,,,,,,,,,,,,,,,,,,,,,,,,,,,,,,,,,,,,TN,,,,,,,,,,
autoland,4769055,12,f76b60813665636d86169b6507d2f60fe004600c,windows10-64-shippable-qr,True,False,,,102210fe594ee9b33d82058545b1ed14f4c8206e,console.log-in-loop-content-process-array,damp,True,damp console.log-in-loop-content-process-array opt e10s fission stylo webrender-sw,4768818,77,ms,firefox,,1789877698,2023-11-08 05:24:12,122.3192519607901,68721f0d6aec0facf9c8f271ea2bb2719348014a,1328912,,,,,,,,,,,,,,,,,,,,,,,,,,,,,,,,,,,,,,,,,,,,,,,,,,TN,,,,,,,,,,
autoland,4769055,12,f76b60813665636d86169b6507d2f60fe004600c,windows10-64-shippable-qr,True,False,,,102210fe594ee9b33d82058545b1ed14f4c8206e,console.log-in-loop-content-process-array,damp,True,damp console.log-in-loop-content-process-array opt e10s fission stylo webrender-sw,4768818,77,ms,firefox,,1790002699,2023-11-08 09:44:01,122.1497381802219,578787894d0e996af4d743caf71b5501330fb2ab,1328973,,,,,,,,,,,,,,,,,,,,,,,,,,,,,,,,,,,,,,,,,,,,,,,,,,TN,,,,,,,,,,
autoland,4769055,12,f76b60813665636d86169b6507d2f60fe004600c,windows10-64-shippable-qr,True,False,,,102210fe594ee9b33d82058545b1ed14f4c8206e,console.log-in-loop-content-process-array,damp,True,damp console.log-in-loop-content-process-array opt e10s fission stylo webrender-sw,4768818,77,ms,firefox,,1790027116,2023-11-08 09:46:58,122.15383418092006,e65fca949600e3163fd1befd6423958e0bc70029,1328975,,,,,,,,,,,,,,,,,,,,,,,,,,,,,,,,,,,,,,,,,,,,,,,,,,TN,,,,,,,,,,
autoland,4769055,12,f76b60813665636d86169b6507d2f60fe004600c,windows10-64-shippable-qr,True,False,,,102210fe594ee9b33d82058545b1ed14f4c8206e,console.log-in-loop-content-process-array,damp,True,damp console.log-in-loop-content-process-array opt e10s fission stylo webrender-sw,4768818,77,ms,firefox,,1790118909,2023-11-08 13:41:28,122.26562459999968,ae536a17c1ffbb830141240a38f81e032b6645ea,1329115,,,,,,,,,,,,,,,,,,,,,,,,,,,,,,,,,,,,,,,,,,,,,,,,,,TN,,,,,,,,,,
autoland,4769055,12,f76b60813665636d86169b6507d2f60fe004600c,windows10-64-shippable-qr,True,False,,,102210fe594ee9b33d82058545b1ed14f4c8206e,console.log-in-loop-content-process-array,damp,True,damp console.log-in-loop-content-process-array opt e10s fission stylo webrender-sw,4768818,77,ms,firefox,,1790204905,2023-11-08 17:45:21,122.41431687311616,f1fb5f0afb5896b5c30e6a9b1439a9c4de4a3db2,1329261,,,,,,,,,,,,,,,,,,,,,,,,,,,,,,,,,,,,,,,,,,,,,,,,,,TN,,,,,,,,,,
autoland,4769055,12,f76b60813665636d86169b6507d2f60fe004600c,windows10-64-shippable-qr,True,False,,,102210fe594ee9b33d82058545b1ed14f4c8206e,console.log-in-loop-content-process-array,damp,True,damp console.log-in-loop-content-process-array opt e10s fission stylo webrender-sw,4768818,77,ms,firefox,,1790455477,2023-11-08 23:10:55,122.77578552786964,9b044e3ed5981e128922152098934a6691bfcd97,1329500,,,,,,,,,,,,,,,,,,,,,,,,,,,,,,,,,,,,,,,,,,,,,,,,,,TN,,,,,,,,,,
autoland,4769055,12,f76b60813665636d86169b6507d2f60fe004600c,windows10-64-shippable-qr,True,False,,,102210fe594ee9b33d82058545b1ed14f4c8206e,console.log-in-loop-content-process-array,damp,True,damp console.log-in-loop-content-process-array opt e10s fission stylo webrender-sw,4768818,77,ms,firefox,,1790435330,2023-11-09 00:04:05,122.55703591746531,fd3f50f4dce00592f4da8f972037ced4a0c9f5be,1329532,,,,,,,,,,,,,,,,,,,,,,,,,,,,,,,,,,,,,,,,,,,,,,,,,,TN,,,,,,,,,,
autoland,4769055,12,f76b60813665636d86169b6507d2f60fe004600c,windows10-64-shippable-qr,True,False,,,102210fe594ee9b33d82058545b1ed14f4c8206e,console.log-in-loop-content-process-array,damp,True,damp console.log-in-loop-content-process-array opt e10s fission stylo webrender-sw,4768818,77,ms,firefox,,1790635546,2023-11-09 04:14:58,121.91604964904036,975206b939dc6e4f823a1a29c703dd586e4157b9,1329628,,,,,,,,,,,,,,,,,,,,,,,,,,,,,,,,,,,,,,,,,,,,,,,,,,TN,,,,,,,,,,
autoland,4769055,12,f76b60813665636d86169b6507d2f60fe004600c,windows10-64-shippable-qr,True,False,,,102210fe594ee9b33d82058545b1ed14f4c8206e,console.log-in-loop-content-process-array,damp,True,damp console.log-in-loop-content-process-array opt e10s fission stylo webrender-sw,4768818,77,ms,firefox,,1790746104,2023-11-09 08:18:01,123.32849323409935,d0c4fdebcd36de1f0361cb29103afbf36e498521,1329688,,,,,,,,,,,,,,,,,,,,,,,,,,,,,,,,,,,,,,,,,,,,,,,,,,TN,,,,,,,,,,
autoland,4769055,12,f76b60813665636d86169b6507d2f60fe004600c,windows10-64-shippable-qr,True,False,,,102210fe594ee9b33d82058545b1ed14f4c8206e,console.log-in-loop-content-process-array,damp,True,damp console.log-in-loop-content-process-array opt e10s fission stylo webrender-sw,4768818,77,ms,firefox,,1790777557,2023-11-09 08:32:31,122.357651980451,5392006086fa6f66b9c2f5919b8c65d04cf44936,1329693,,,,,,,,,,,,,,,,,,,,,,,,,,,,,,,,,,,,,,,,,,,,,,,,,,TN,,,,,,,,,,
autoland,4769055,12,f76b60813665636d86169b6507d2f60fe004600c,windows10-64-shippable-qr,True,False,,,102210fe594ee9b33d82058545b1ed14f4c8206e,console.log-in-loop-content-process-array,damp,True,damp console.log-in-loop-content-process-array opt e10s fission stylo webrender-sw,4768818,77,ms,firefox,,1791013459,2023-11-09 12:39:55,121.56618725270437,0d25aa82c9421a1a0e1d9bf224094a9feaa083c0,1329818,,,,,,,,,,,,,,,,,,,,,,,,,,,,,,,,,,,,,,,,,,,,,,,,,,TN,,,,,,,,,,
autoland,4769055,12,f76b60813665636d86169b6507d2f60fe004600c,windows10-64-shippable-qr,True,False,,,102210fe594ee9b33d82058545b1ed14f4c8206e,console.log-in-loop-content-process-array,damp,True,damp console.log-in-loop-content-process-array opt e10s fission stylo webrender-sw,4768818,77,ms,firefox,,1791191875,2023-11-09 13:52:13,122.19086885390698,af9d30c92582a30a1e7987079e780e59aa69ab7b,1329843,,,,,,,,,,,,,,,,,,,,,,,,,,,,,,,,,,,,,,,,,,,,,,,,,,TN,,,,,,,,,,
autoland,4769055,12,f76b60813665636d86169b6507d2f60fe004600c,windows10-64-shippable-qr,True,False,,,102210fe594ee9b33d82058545b1ed14f4c8206e,console.log-in-loop-content-process-array,damp,True,damp console.log-in-loop-content-process-array opt e10s fission stylo webrender-sw,4768818,77,ms,firefox,,1791222398,2023-11-09 18:06:54,122.45006628701049,1eda7f37f458e81d7c275eb0a3e1959cdfdb5053,1329987,,,,,,,,,,,,,,,,,,,,,,,,,,,,,,,,,,,,,,,,,,,,,,,,,,TN,,,,,,,,,,
autoland,4769055,12,f76b60813665636d86169b6507d2f60fe004600c,windows10-64-shippable-qr,True,False,,,102210fe594ee9b33d82058545b1ed14f4c8206e,console.log-in-loop-content-process-array,damp,True,damp console.log-in-loop-content-process-array opt e10s fission stylo webrender-sw,4768818,77,ms,firefox,,1791296417,2023-11-09 18:57:17,122.72800193877174,938e6fc607623834483a5ab95019520814f10ee8,1330029,,,,,,,,,,,,,,,,,,,,,,,,,,,,,,,,,,,,,,,,,,,,,,,,,,TN,,,,,,,,,,
autoland,4769055,12,f76b60813665636d86169b6507d2f60fe004600c,windows10-64-shippable-qr,True,False,,,102210fe594ee9b33d82058545b1ed14f4c8206e,console.log-in-loop-content-process-array,damp,True,damp console.log-in-loop-content-process-array opt e10s fission stylo webrender-sw,4768818,77,ms,firefox,,1791373584,2023-11-09 23:53:27,122.54278358063311,d3aff5d6c69730c6f26eb54b7e24fdd203480069,1330185,,,,,,,,,,,,,,,,,,,,,,,,,,,,,,,,,,,,,,,,,,,,,,,,,,TN,,,,,,,,,,
autoland,4769055,12,f76b60813665636d86169b6507d2f60fe004600c,windows10-64-shippable-qr,True,False,,,102210fe594ee9b33d82058545b1ed14f4c8206e,console.log-in-loop-content-process-array,damp,True,damp console.log-in-loop-content-process-array opt e10s fission stylo webrender-sw,4768818,77,ms,firefox,,1791392196,2023-11-10 00:18:00,122.11163782628137,543c915fc8c6775cd665ad6ebe58df0f46e9198c,1330200,,,,,,,,,,,,,,,,,,,,,,,,,,,,,,,,,,,,,,,,,,,,,,,,,,TN,,,,,,,,,,
autoland,4769055,12,f76b60813665636d86169b6507d2f60fe004600c,windows10-64-shippable-qr,True,False,,,102210fe594ee9b33d82058545b1ed14f4c8206e,console.log-in-loop-content-process-array,damp,True,damp console.log-in-loop-content-process-array opt e10s fission stylo webrender-sw,4768818,77,ms,firefox,,1791604383,2023-11-10 06:00:15,122.4979016558409,5fcc529533b87c657e0dd95ea8cdd37f7cbac5c0,1330263,,,,,,,,,,,,,,,,,,,,,,,,,,,,,,,,,,,,,,,,,,,,,,,,,,TN,,,,,,,,,,
autoland,4769055,12,f76b60813665636d86169b6507d2f60fe004600c,windows10-64-shippable-qr,True,False,,,102210fe594ee9b33d82058545b1ed14f4c8206e,console.log-in-loop-content-process-array,damp,True,damp console.log-in-loop-content-process-array opt e10s fission stylo webrender-sw,4768818,77,ms,firefox,,1791841129,2023-11-10 10:16:47,122.68720948251666,2033848fe740a46b19d19b2689365e6d5122d399,1330353,,,,,,,,,,,,,,,,,,,,,,,,,,,,,,,,,,,,,,,,,,,,,,,,,,TN,,,,,,,,,,
autoland,4769055,12,f76b60813665636d86169b6507d2f60fe004600c,windows10-64-shippable-qr,True,False,,,102210fe594ee9b33d82058545b1ed14f4c8206e,console.log-in-loop-content-process-array,damp,True,damp console.log-in-loop-content-process-array opt e10s fission stylo webrender-sw,4768818,77,ms,firefox,,1791904141,2023-11-10 14:18:06,123.18427764321676,e2c6fa08aa82b40d8316fc19e08ea45be70e9292,1330451,,,,,,,,,,,,,,,,,,,,,,,,,,,,,,,,,,,,,,,,,,,,,,,,,,TN,,,,,,,,,,
autoland,4769055,12,f76b60813665636d86169b6507d2f60fe004600c,windows10-64-shippable-qr,True,False,,,102210fe594ee9b33d82058545b1ed14f4c8206e,console.log-in-loop-content-process-array,damp,True,damp console.log-in-loop-content-process-array opt e10s fission stylo webrender-sw,4768818,77,ms,firefox,,1791950213,2023-11-10 14:48:51,122.14965090103578,f90b853d9b0b112db86ff41fcce843afb13939ce,1330467,,,,,,,,,,,,,,,,,,,,,,,,,,,,,,,,,,,,,,,,,,,,,,,,,,TN,,,,,,,,,,
autoland,4769055,12,f76b60813665636d86169b6507d2f60fe004600c,windows10-64-shippable-qr,True,False,,,102210fe594ee9b33d82058545b1ed14f4c8206e,console.log-in-loop-content-process-array,damp,True,damp console.log-in-loop-content-process-array opt e10s fission stylo webrender-sw,4768818,77,ms,firefox,,1792133180,2023-11-10 23:46:31,122.6244492162823,740891aba7f0d05a95960669bd6efe7b25177226,1330635,,,,,,,,,,,,,,,,,,,,,,,,,,,,,,,,,,,,,,,,,,,,,,,,,,TN,,,,,,,,,,
autoland,4769055,12,f76b60813665636d86169b6507d2f60fe004600c,windows10-64-shippable-qr,True,False,,,102210fe594ee9b33d82058545b1ed14f4c8206e,console.log-in-loop-content-process-array,damp,True,damp console.log-in-loop-content-process-array opt e10s fission stylo webrender-sw,4768818,77,ms,firefox,,1792304595,2023-11-11 06:55:04,123.38532073766328,94bbd4bd056a20549029ecbc07c9a4b5da968789,1330673,,,,,,,,,,,,,,,,,,,,,,,,,,,,,,,,,,,,,,,,,,,,,,,,,,TN,,,,,,,,,,
autoland,4769055,12,f76b60813665636d86169b6507d2f60fe004600c,windows10-64-shippable-qr,True,False,,,102210fe594ee9b33d82058545b1ed14f4c8206e,console.log-in-loop-content-process-array,damp,True,damp console.log-in-loop-content-process-array opt e10s fission stylo webrender-sw,4768818,77,ms,firefox,,1792332820,2023-11-11 08:27:10,122.99330167580956,29fb30143955ee92cd789fd467326c47f82f7968,1330680,,,,,,,,,,,,,,,,,,,,,,,,,,,,,,,,,,,,,,,,,,,,,,,,,,TN,,,,,,,,,,
autoland,4769055,12,f76b60813665636d86169b6507d2f60fe004600c,windows10-64-shippable-qr,True,False,,,102210fe594ee9b33d82058545b1ed14f4c8206e,console.log-in-loop-content-process-array,damp,True,damp console.log-in-loop-content-process-array opt e10s fission stylo webrender-sw,4768818,77,ms,firefox,,1792456637,2023-11-11 12:34:55,121.7516143368257,81243364a707b159122b0c5ee8e682567162117c,1330712,,,,,,,,,,,,,,,,,,,,,,,,,,,,,,,,,,,,,,,,,,,,,,,,,,TN,,,,,,,,,,
autoland,4769055,12,f76b60813665636d86169b6507d2f60fe004600c,windows10-64-shippable-qr,True,False,,,102210fe594ee9b33d82058545b1ed14f4c8206e,console.log-in-loop-content-process-array,damp,True,damp console.log-in-loop-content-process-array opt e10s fission stylo webrender-sw,4768818,77,ms,firefox,,1792729460,2023-11-11 23:06:06,122.95234168280058,3c8320ef59532128e1a7589968f497f0efcabbaf,1330750,,,,,,,,,,,,,,,,,,,,,,,,,,,,,,,,,,,,,,,,,,,,,,,,,,TN,,,,,,,,,,
autoland,4769055,12,f76b60813665636d86169b6507d2f60fe004600c,windows10-64-shippable-qr,True,False,,,102210fe594ee9b33d82058545b1ed14f4c8206e,console.log-in-loop-content-process-array,damp,True,damp console.log-in-loop-content-process-array opt e10s fission stylo webrender-sw,4768818,77,ms,firefox,,1792788994,2023-11-12 05:45:19,123.38638905794323,43bee97ffb8cfcea7412fb86386ea2cb2a1b9b49,1330766,,,,,,,,,,,,,,,,,,,,,,,,,,,,,,,,,,,,,,,,,,,,,,,,,,TN,,,,,,,,,,
autoland,4769055,12,f76b60813665636d86169b6507d2f60fe004600c,windows10-64-shippable-qr,True,False,,,102210fe594ee9b33d82058545b1ed14f4c8206e,console.log-in-loop-content-process-array,damp,True,damp console.log-in-loop-content-process-array opt e10s fission stylo webrender-sw,4768818,77,ms,firefox,,1793081235,2023-11-13 00:59:12,123.44338960904588,211dc86c8f534a950af69434fa996976b566a6a0,1330865,,,,,,,,,,,,,,,,,,,,,,,,,,,,,,,,,,,,,,,,,,,,,,,,,,TN,,,,,,,,,,
autoland,4769055,12,f76b60813665636d86169b6507d2f60fe004600c,windows10-64-shippable-qr,True,False,,,102210fe594ee9b33d82058545b1ed14f4c8206e,console.log-in-loop-content-process-array,damp,True,damp console.log-in-loop-content-process-array opt e10s fission stylo webrender-sw,4768818,77,ms,firefox,,1793279824,2023-11-13 10:08:58,122.2564465953019,25308a5c7e551cda7c3cfd77836eff8610462eae,1330949,,,,,,,,,,,,,,,,,,,,,,,,,,,,,,,,,,,,,,,,,,,,,,,,,,TN,,,,,,,,,,
autoland,4769055,12,f76b60813665636d86169b6507d2f60fe004600c,windows10-64-shippable-qr,True,False,,,102210fe594ee9b33d82058545b1ed14f4c8206e,console.log-in-loop-content-process-array,damp,True,damp console.log-in-loop-content-process-array opt e10s fission stylo webrender-sw,4768818,77,ms,firefox,,1793447715,2023-11-13 14:09:58,122.36524844966334,54d191b31d03235c75592d07a8c538749933a18f,1331049,,,,,,,,,,,,,,,,,,,,,,,,,,,,,,,,,,,,,,,,,,,,,,,,,,TN,,,,,,,,,,
autoland,4769055,12,f76b60813665636d86169b6507d2f60fe004600c,windows10-64-shippable-qr,True,False,,,102210fe594ee9b33d82058545b1ed14f4c8206e,console.log-in-loop-content-process-array,damp,True,damp console.log-in-loop-content-process-array opt e10s fission stylo webrender-sw,4768818,77,ms,firefox,,1793384932,2023-11-13 15:01:04,122.55532925167154,70f361f21a24a6e9fc53cb014e28172d360fa851,1331086,,,,,,,,,,,,,,,,,,,,,,,,,,,,,,,,,,,,,,,,,,,,,,,,,,TN,,,,,,,,,,
autoland,4769055,12,f76b60813665636d86169b6507d2f60fe004600c,windows10-64-shippable-qr,True,False,,,102210fe594ee9b33d82058545b1ed14f4c8206e,console.log-in-loop-content-process-array,damp,True,damp console.log-in-loop-content-process-array opt e10s fission stylo webrender-sw,4768818,77,ms,firefox,,1793574590,2023-11-13 18:41:52,121.82201220336356,9850dc0fc0707517b3a304d673f219842e499cac,1331218,,,,,,,,,,,,,,,,,,,,,,,,,,,,,,,,,,,,,,,,,,,,,,,,,,TN,,,,,,,,,,
autoland,4769055,12,f76b60813665636d86169b6507d2f60fe004600c,windows10-64-shippable-qr,True,False,,,102210fe594ee9b33d82058545b1ed14f4c8206e,console.log-in-loop-content-process-array,damp,True,damp console.log-in-loop-content-process-array opt e10s fission stylo webrender-sw,4768818,77,ms,firefox,,1793717696,2023-11-13 22:35:59,122.31656304346689,9d523f46c7d8642d6601894c5166ddcd17b6388a,1331378,,,,,,,,,,,,,,,,,,,,,,,,,,,,,,,,,,,,,,,,,,,,,,,,,,TN,,,,,,,,,,
autoland,4769055,12,f76b60813665636d86169b6507d2f60fe004600c,windows10-64-shippable-qr,True,False,,,102210fe594ee9b33d82058545b1ed14f4c8206e,console.log-in-loop-content-process-array,damp,True,damp console.log-in-loop-content-process-array opt e10s fission stylo webrender-sw,4768818,77,ms,firefox,,1795623247,2023-11-14 01:07:23,123.1005643608205,07fec736c4e75b4eb83c6d8168890dd39f6de50c,1331448,,,,,,,,,,,,,,,,,,,,,,,,,,,,,,,,,,,,,,,,,,,,,,,,,,TN,,,,,,,,,,
autoland,4769055,12,f76b60813665636d86169b6507d2f60fe004600c,windows10-64-shippable-qr,True,False,,,102210fe594ee9b33d82058545b1ed14f4c8206e,console.log-in-loop-content-process-array,damp,True,damp console.log-in-loop-content-process-array opt e10s fission stylo webrender-sw,4768818,77,ms,firefox,,1795623114,2023-11-14 02:10:55,122.84145029827414,d59f9cc1a49d6f370420cc8e5fd8c1cac1bf5f4b,1331463,,,,,,,,,,,,,,,,,,,,,,,,,,,,,,,,,,,,,,,,,,,,,,,,,,TN,,,,,,,,,,
autoland,4769055,12,f76b60813665636d86169b6507d2f60fe004600c,windows10-64-shippable-qr,True,False,,,102210fe594ee9b33d82058545b1ed14f4c8206e,console.log-in-loop-content-process-array,damp,True,damp console.log-in-loop-content-process-array opt e10s fission stylo webrender-sw,4768818,77,ms,firefox,,1795623293,2023-11-14 02:14:44,122.55281108432064,d480c0708b8f8bbbd277a6b9c4878502aa102c65,1331464,,,,,,,,,,,,,,,,,,,,,,,,,,,,,,,,,,,,,,,,,,,,,,,,,,TN,,,,,,,,,,
autoland,4769055,12,f76b60813665636d86169b6507d2f60fe004600c,windows10-64-shippable-qr,True,False,,,102210fe594ee9b33d82058545b1ed14f4c8206e,console.log-in-loop-content-process-array,damp,True,damp console.log-in-loop-content-process-array opt e10s fission stylo webrender-sw,4768818,77,ms,firefox,,1795623181,2023-11-14 02:34:47,123.47364188517167,b6c4e5d85bca72018513c1ac409ad3d7beddc281,1331468,,,,,,,,,,,,,,,,,,,,,,,,,,,,,,,,,,,,,,,,,,,,,,,,,,TN,,,,,,,,,,
autoland,4769055,12,f76b60813665636d86169b6507d2f60fe004600c,windows10-64-shippable-qr,True,False,,,102210fe594ee9b33d82058545b1ed14f4c8206e,console.log-in-loop-content-process-array,damp,True,damp console.log-in-loop-content-process-array opt e10s fission stylo webrender-sw,4768818,77,ms,firefox,,1793765792,2023-11-14 03:20:13,124.92460798713272,2628fd55e661366941f56769829687c53da4669b,1331480,,,,,,,,,,,,,,,,,,,,,,,,,,,,,,,,,,,,,,,,,,,,,,,,,,TN,,,,,,,,,,
autoland,4769055,12,f76b60813665636d86169b6507d2f60fe004600c,windows10-64-shippable-qr,True,False,,,102210fe594ee9b33d82058545b1ed14f4c8206e,console.log-in-loop-content-process-array,damp,True,damp console.log-in-loop-content-process-array opt e10s fission stylo webrender-sw,4768818,77,ms,firefox,,1795623370,2023-11-14 04:52:40,123.30127078291662,7519c7ad189bf4e5fffc4bd9d166df59e5984d22,1331493,,,,,,,,,,,,,,,,,,,,,,,,,,,,,,,,,,,,,,,,,,,,,,,,,,TN,,,,,,,,,,
autoland,4769055,12,f76b60813665636d86169b6507d2f60fe004600c,windows10-64-shippable-qr,True,False,,,102210fe594ee9b33d82058545b1ed14f4c8206e,console.log-in-loop-content-process-array,damp,True,damp console.log-in-loop-content-process-array opt e10s fission stylo webrender-sw,4768818,77,ms,firefox,,1795624451,2023-11-14 05:00:28,122.98233978782172,bcab6edcc8928dc30211c9d880f5b712ed5aa97f,1331494,,,,,,,,,,,,,,,,,,,,,,,,,,,,,,,,,,,,,,,,,,,,,,,,,,TN,,,,,,,,,,
autoland,4769055,12,f76b60813665636d86169b6507d2f60fe004600c,windows10-64-shippable-qr,True,False,,,102210fe594ee9b33d82058545b1ed14f4c8206e,console.log-in-loop-content-process-array,damp,True,damp console.log-in-loop-content-process-array opt e10s fission stylo webrender-sw,4768818,77,ms,firefox,,1795624586,2023-11-14 05:45:25,122.31438979167888,81c46dfe35a0d3afc98d4c47ed0c0718053f2118,1331505,,,,,,,,,,,,,,,,,,,,,,,,,,,,,,,,,,,,,,,,,,,,,,,,,,TN,,,,,,,,,,
autoland,4769055,12,f76b60813665636d86169b6507d2f60fe004600c,windows10-64-shippable-qr,True,False,,,102210fe594ee9b33d82058545b1ed14f4c8206e,console.log-in-loop-content-process-array,damp,True,damp console.log-in-loop-content-process-array opt e10s fission stylo webrender-sw,4768818,77,ms,firefox,,1795623443,2023-11-14 05:59:14,122.5195762966132,839befe903d4f2831853f5ce1f07f4dc74fa823d,1331508,,,,,,,,,,,,,,,,,,,,,,,,,,,,,,,,,,,,,,,,,,,,,,,,,,TN,,,,,,,,,,
autoland,4769055,12,f76b60813665636d86169b6507d2f60fe004600c,windows10-64-shippable-qr,True,False,,,102210fe594ee9b33d82058545b1ed14f4c8206e,console.log-in-loop-content-process-array,damp,True,damp console.log-in-loop-content-process-array opt e10s fission stylo webrender-sw,4768818,77,ms,firefox,,1793888663,2023-11-14 06:06:45,122.69983882231736,acdcddac0b907d2e59d6d0fa1f96fff98453093a,1331509,,,,,,,,,,,,,,,,,,,,,,,,,,,,,,,,,,,,,,,,,,,,,,,,,,TN,,,,,,,,,,
autoland,4769055,12,f76b60813665636d86169b6507d2f60fe004600c,windows10-64-shippable-qr,True,False,,,102210fe594ee9b33d82058545b1ed14f4c8206e,console.log-in-loop-content-process-array,damp,True,damp console.log-in-loop-content-process-array opt e10s fission stylo webrender-sw,4768818,77,ms,firefox,,1795638784,2023-11-14 17:22:49,121.52744118478311,ea21f63481837ae2ddd436b3849aeb13a03b31d2,1331857,,,,,,,,,,,,,,,,,,,,,,,,,,,,,,,,,,,,,,,,,,,,,,,,,,TN,,,,,,,,,,
autoland,4769055,12,f76b60813665636d86169b6507d2f60fe004600c,windows10-64-shippable-qr,True,False,,,102210fe594ee9b33d82058545b1ed14f4c8206e,console.log-in-loop-content-process-array,damp,True,damp console.log-in-loop-content-process-array opt e10s fission stylo webrender-sw,4768818,77,ms,firefox,,1795638520,2023-11-14 17:24:31,122.3150724582274,30d4156d4c466847bcf67b44d5b45f0c41e33774,1331859,,,,,,,,,,,,,,,,,,,,,,,,,,,,,,,,,,,,,,,,,,,,,,,,,,TN,,,,,,,,,,
autoland,4769055,12,f76b60813665636d86169b6507d2f60fe004600c,windows10-64-shippable-qr,True,False,,,102210fe594ee9b33d82058545b1ed14f4c8206e,console.log-in-loop-content-process-array,damp,True,damp console.log-in-loop-content-process-array opt e10s fission stylo webrender-sw,4768818,77,ms,firefox,,1795638046,2023-11-14 17:25:30,122.3907231172152,45c7b95c532301a2e5206583f6d85e16dc4f5694,1331861,,,,,,,,,,,,,,,,,,,,,,,,,,,,,,,,,,,,,,,,,,,,,,,,,,TN,,,,,,,,,,
autoland,4769055,12,f76b60813665636d86169b6507d2f60fe004600c,windows10-64-shippable-qr,True,False,,,102210fe594ee9b33d82058545b1ed14f4c8206e,console.log-in-loop-content-process-array,damp,True,damp console.log-in-loop-content-process-array opt e10s fission stylo webrender-sw,4768818,77,ms,firefox,,1795638260,2023-11-14 17:26:26,123.09689632479694,61e622def2f666f6a590b260226abb773eb8d24d,1331862,,,,,,,,,,,,,,,,,,,,,,,,,,,,,,,,,,,,,,,,,,,,,,,,,,TN,,,,,,,,,,
autoland,4769055,12,f76b60813665636d86169b6507d2f60fe004600c,windows10-64-shippable-qr,True,False,,,102210fe594ee9b33d82058545b1ed14f4c8206e,console.log-in-loop-content-process-array,damp,True,damp console.log-in-loop-content-process-array opt e10s fission stylo webrender-sw,4768818,77,ms,firefox,,1795638456,2023-11-14 17:27:22,121.4504704261626,4709e5a4cb51ac6f239cf0ddb94add1180095c52,1331863,,,,,,,,,,,,,,,,,,,,,,,,,,,,,,,,,,,,,,,,,,,,,,,,,,TN,,,,,,,,,,
autoland,4769055,12,f76b60813665636d86169b6507d2f60fe004600c,windows10-64-shippable-qr,True,False,,,102210fe594ee9b33d82058545b1ed14f4c8206e,console.log-in-loop-content-process-array,damp,True,damp console.log-in-loop-content-process-array opt e10s fission stylo webrender-sw,4768818,77,ms,firefox,,1795638829,2023-11-14 17:28:13,121.91387259304248,6e3468f3239c5e5e8e90f07f6890e5dee6c977e8,1331866,,,,,,,,,,,,,,,,,,,,,,,,,,,,,,,,,,,,,,,,,,,,,,,,,,TN,,,,,,,,,,
autoland,4769055,12,f76b60813665636d86169b6507d2f60fe004600c,windows10-64-shippable-qr,True,False,,,102210fe594ee9b33d82058545b1ed14f4c8206e,console.log-in-loop-content-process-array,damp,True,damp console.log-in-loop-content-process-array opt e10s fission stylo webrender-sw,4768818,77,ms,firefox,,1795638589,2023-11-14 17:55:36,121.99008154107833,011100eb7c154c46d79d941ed45a74c3f17eeac8,1331884,,,,,,,,,,,,,,,,,,,,,,,,,,,,,,,,,,,,,,,,,,,,,,,,,,TN,,,,,,,,,,
autoland,4769055,12,f76b60813665636d86169b6507d2f60fe004600c,windows10-64-shippable-qr,True,False,,,102210fe594ee9b33d82058545b1ed14f4c8206e,console.log-in-loop-content-process-array,damp,True,damp console.log-in-loop-content-process-array opt e10s fission stylo webrender-sw,4768818,77,ms,firefox,,1795638636,2023-11-14 18:30:36,121.72426610760886,fb7b6fc608af4116fcc99a1003dfafc5bb78818a,1331903,,,,,,,,,,,,,,,,,,,,,,,,,,,,,,,,,,,,,,,,,,,,,,,,,,TN,,,,,,,,,,
autoland,4769055,12,f76b60813665636d86169b6507d2f60fe004600c,windows10-64-shippable-qr,True,False,,,102210fe594ee9b33d82058545b1ed14f4c8206e,console.log-in-loop-content-process-array,damp,True,damp console.log-in-loop-content-process-array opt e10s fission stylo webrender-sw,4768818,77,ms,firefox,,1795639064,2023-11-14 18:31:37,122.2003427667578,2eaa5bb6d57fe2d073702a67ab5ba6d092b70315,1331905,,,,,,,,,,,,,,,,,,,,,,,,,,,,,,,,,,,,,,,,,,,,,,,,,,TN,,,,,,,,,,
autoland,4769055,12,f76b60813665636d86169b6507d2f60fe004600c,windows10-64-shippable-qr,True,False,,,102210fe594ee9b33d82058545b1ed14f4c8206e,console.log-in-loop-content-process-array,damp,True,damp console.log-in-loop-content-process-array opt e10s fission stylo webrender-sw,4768818,77,ms,firefox,,1794231160,2023-11-14 18:32:45,122.38418887497846,cee24679e2a2e085bdefdbd66106fa1a805db56d,1331906,,,,,,,,,,,,,,,,,,,,,,,,,,,,,,,,,,,,,,,,,,,,,,,,,,TN,,,,,,,,,,
autoland,4769055,12,f76b60813665636d86169b6507d2f60fe004600c,windows10-64-shippable-qr,True,False,,,102210fe594ee9b33d82058545b1ed14f4c8206e,console.log-in-loop-content-process-array,damp,True,damp console.log-in-loop-content-process-array opt e10s fission stylo webrender-sw,4768818,77,ms,firefox,,1795623547,2023-11-14 19:02:02,122.28366608821943,9789c50c44328c0a15cc252dce0faea2ec27bc89,1331928,,,,,,,,,,,,,,,,,,,,,,,,,,,,,,,,,,,,,,,,,,,,,,,,,,TN,,,,,,,,,,
autoland,4769055,12,f76b60813665636d86169b6507d2f60fe004600c,windows10-64-shippable-qr,True,False,,,102210fe594ee9b33d82058545b1ed14f4c8206e,console.log-in-loop-content-process-array,damp,True,damp console.log-in-loop-content-process-array opt e10s fission stylo webrender-sw,4768818,77,ms,firefox,,1795634211,2023-11-14 19:50:03,122.1389405819882,b38cb7d8dc8e1294b0795f422458add5a126ea3b,1331947,,,,,,,,,,,,,,,,,,,,,,,,,,,,,,,,,,,,,,,,,,,,,,,,,,TN,,,,,,,,,,
autoland,4769055,12,f76b60813665636d86169b6507d2f60fe004600c,windows10-64-shippable-qr,True,False,,,102210fe594ee9b33d82058545b1ed14f4c8206e,console.log-in-loop-content-process-array,damp,True,damp console.log-in-loop-content-process-array opt e10s fission stylo webrender-sw,4768818,77,ms,firefox,,1795634275,2023-11-14 20:05:19,122.05727447552272,c10e40e5aa6ecad20ba4754f4af99f6b09499b1f,1331954,,,,,,,,,,,,,,,,,,,,,,,,,,,,,,,,,,,,,,,,,,,,,,,,,,TN,,,,,,,,,,
autoland,4769055,12,f76b60813665636d86169b6507d2f60fe004600c,windows10-64-shippable-qr,True,False,,,102210fe594ee9b33d82058545b1ed14f4c8206e,console.log-in-loop-content-process-array,damp,True,damp console.log-in-loop-content-process-array opt e10s fission stylo webrender-sw,4768818,77,ms,firefox,,1795634349,2023-11-14 20:06:10,122.36127774828948,0408d1b0f762c4c3371da7f229b56f85e66ce39c,1331955,,,,,,,,,,,,,,,,,,,,,,,,,,,,,,,,,,,,,,,,,,,,,,,,,,TN,,,,,,,,,,
autoland,4769055,12,f76b60813665636d86169b6507d2f60fe004600c,windows10-64-shippable-qr,True,False,,,102210fe594ee9b33d82058545b1ed14f4c8206e,console.log-in-loop-content-process-array,damp,True,damp console.log-in-loop-content-process-array opt e10s fission stylo webrender-sw,4768818,77,ms,firefox,,1795634509,2023-11-14 20:07:01,122.5490145882368,6ba0cc66b64827bf81cb74f0545cea1a78041097,1331956,,,,,,,,,,,,,,,,,,,,,,,,,,,,,,,,,,,,,,,,,,,,,,,,,,TN,,,,,,,,,,
autoland,4769055,12,f76b60813665636d86169b6507d2f60fe004600c,windows10-64-shippable-qr,True,False,,,102210fe594ee9b33d82058545b1ed14f4c8206e,console.log-in-loop-content-process-array,damp,True,damp console.log-in-loop-content-process-array opt e10s fission stylo webrender-sw,4768818,77,ms,firefox,,1795634782,2023-11-14 20:07:54,121.97369341755076,2b0cdf8046856c974b408bb0666f00640c7c2c9c,1331958,,,,,,,,,,,,,,,,,,,,,,,,,,,,,,,,,,,,,,,,,,,,,,,,,,TN,,,,,,,,,,
autoland,4769055,12,f76b60813665636d86169b6507d2f60fe004600c,windows10-64-shippable-qr,True,False,,,102210fe594ee9b33d82058545b1ed14f4c8206e,console.log-in-loop-content-process-array,damp,True,damp console.log-in-loop-content-process-array opt e10s fission stylo webrender-sw,4768818,77,ms,firefox,,1795634734,2023-11-14 20:08:50,123.14868985780686,2cb4b1085bafe115fbe0a095a5730164d4d423de,1331961,,,,,,,,,,,,,,,,,,,,,,,,,,,,,,,,,,,,,,,,,,,,,,,,,,TN,,,,,,,,,,
autoland,4769055,12,f76b60813665636d86169b6507d2f60fe004600c,windows10-64-shippable-qr,True,False,,,102210fe594ee9b33d82058545b1ed14f4c8206e,console.log-in-loop-content-process-array,damp,True,damp console.log-in-loop-content-process-array opt e10s fission stylo webrender-sw,4768818,77,ms,firefox,,1795634871,2023-11-14 20:09:47,122.5939384588928,77d5eb0444c869e8c148c11266bd305091df369e,1331962,,,,,,,,,,,,,,,,,,,,,,,,,,,,,,,,,,,,,,,,,,,,,,,,,,TN,,,,,,,,,,
autoland,4769055,12,f76b60813665636d86169b6507d2f60fe004600c,windows10-64-shippable-qr,True,False,,,102210fe594ee9b33d82058545b1ed14f4c8206e,console.log-in-loop-content-process-array,damp,True,damp console.log-in-loop-content-process-array opt e10s fission stylo webrender-sw,4768818,77,ms,firefox,,1795635086,2023-11-14 20:10:48,122.27035407231506,d5bccc7a9f0eed772c0a6a0497e316cd74b65b2e,1331965,,,,,,,,,,,,,,,,,,,,,,,,,,,,,,,,,,,,,,,,,,,,,,,,,,TN,,,,,,,,,,
autoland,4769055,12,f76b60813665636d86169b6507d2f60fe004600c,windows10-64-shippable-qr,True,False,,,102210fe594ee9b33d82058545b1ed14f4c8206e,console.log-in-loop-content-process-array,damp,True,damp console.log-in-loop-content-process-array opt e10s fission stylo webrender-sw,4768818,77,ms,firefox,,1794358804,2023-11-14 20:17:49,121.83161113335518,45f7ef4749636f24bbab519e5d4e3851950ccacc,1331971,,,,,,,,,,,,,,,,,,,,,,,,,,,,,,,,,,,,,,,,,,,,,,,,,,TN,,,,,,,,,,
autoland,4769055,12,f76b60813665636d86169b6507d2f60fe004600c,windows10-64-shippable-qr,True,False,,,102210fe594ee9b33d82058545b1ed14f4c8206e,console.log-in-loop-content-process-array,damp,True,damp console.log-in-loop-content-process-array opt e10s fission stylo webrender-sw,4768818,77,ms,firefox,,1795635399,2023-11-14 21:07:55,122.71179174343888,6077a81303d4c49fe0b255550ecf61a853a30877,1331997,,,,,,,,,,,,,,,,,,,,,,,,,,,,,,,,,,,,,,,,,,,,,,,,,,TN,,,,,,,,,,
autoland,4769055,12,f76b60813665636d86169b6507d2f60fe004600c,windows10-64-shippable-qr,True,False,,,102210fe594ee9b33d82058545b1ed14f4c8206e,console.log-in-loop-content-process-array,damp,True,damp console.log-in-loop-content-process-array opt e10s fission stylo webrender-sw,4768818,77,ms,firefox,,1795635451,2023-11-14 21:09:56,122.55959591615284,eef52bbbb45756bf52fffe9cbee2aeaf80eae635,1332001,,,,,,,,,,,,,,,,,,,,,,,,,,,,,,,,,,,,,,,,,,,,,,,,,,TN,,,,,,,,,,
autoland,4769055,12,f76b60813665636d86169b6507d2f60fe004600c,windows10-64-shippable-qr,True,False,,,102210fe594ee9b33d82058545b1ed14f4c8206e,console.log-in-loop-content-process-array,damp,True,damp console.log-in-loop-content-process-array opt e10s fission stylo webrender-sw,4768818,77,ms,firefox,,1795639249,2023-11-14 21:47:42,122.0458438208043,194d0db1a1cb82b7d93c6e721005f1c41e057021,1332031,,,,,,,,,,,,,,,,,,,,,,,,,,,,,,,,,,,,,,,,,,,,,,,,,,TN,,,,,,,,,,
autoland,4769055,12,f76b60813665636d86169b6507d2f60fe004600c,windows10-64-shippable-qr,True,False,,,102210fe594ee9b33d82058545b1ed14f4c8206e,console.log-in-loop-content-process-array,damp,True,damp console.log-in-loop-content-process-array opt e10s fission stylo webrender-sw,4768818,77,ms,firefox,,1795635496,2023-11-14 22:33:15,122.78517522331732,66ba60ec2937fa3f898a62529a50540af679e5fd,1332065,,,,,,,,,,,,,,,,,,,,,,,,,,,,,,,,,,,,,,,,,,,,,,,,,,TN,,,,,,,,,,
autoland,4769055,12,f76b60813665636d86169b6507d2f60fe004600c,windows10-64-shippable-qr,True,False,,,102210fe594ee9b33d82058545b1ed14f4c8206e,console.log-in-loop-content-process-array,damp,True,damp console.log-in-loop-content-process-array opt e10s fission stylo webrender-sw,4768818,77,ms,firefox,,1795643379,2023-11-14 22:39:45,122.36414091593451,26e524cc8e01d08e442ffb0b93be5945aad75ddd,1332067,,,,,,,,,,,,,,,,,,,,,,,,,,,,,,,,,,,,,,,,,,,,,,,,,,TN,,,,,,,,,,
autoland,4769055,12,f76b60813665636d86169b6507d2f60fe004600c,windows10-64-shippable-qr,True,False,,,102210fe594ee9b33d82058545b1ed14f4c8206e,console.log-in-loop-content-process-array,damp,True,damp console.log-in-loop-content-process-array opt e10s fission stylo webrender-sw,4768818,77,ms,firefox,,1795641282,2023-11-14 22:44:36,122.85331603004124,a9fd21fa2333d85148b339c24763ebc25a60412d,1332070,,,,,,,,,,,,,,,,,,,,,,,,,,,,,,,,,,,,,,,,,,,,,,,,,,TN,,,,,,,,,,
autoland,4769055,12,f76b60813665636d86169b6507d2f60fe004600c,windows10-64-shippable-qr,True,False,,,102210fe594ee9b33d82058545b1ed14f4c8206e,console.log-in-loop-content-process-array,damp,True,damp console.log-in-loop-content-process-array opt e10s fission stylo webrender-sw,4768818,77,ms,firefox,,1795640466,2023-11-14 22:48:55,121.54857181281476,e945c4081dc9af04639f381bbb9dca88365ae23c,1332072,,,,,,,,,,,,,,,,,,,,,,,,,,,,,,,,,,,,,,,,,,,,,,,,,,TN,,,,,,,,,,
autoland,4769055,12,f76b60813665636d86169b6507d2f60fe004600c,windows10-64-shippable-qr,True,False,,,102210fe594ee9b33d82058545b1ed14f4c8206e,console.log-in-loop-content-process-array,damp,True,damp console.log-in-loop-content-process-array opt e10s fission stylo webrender-sw,4768818,77,ms,firefox,,1795645737,2023-11-14 22:50:23,121.87948959770074,ffb4f207949a7edcb49c4854390cff03b794227d,1332073,,,,,,,,,,,,,,,,,,,,,,,,,,,,,,,,,,,,,,,,,,,,,,,,,,TN,,,,,,,,,,
autoland,4769055,12,f76b60813665636d86169b6507d2f60fe004600c,windows10-64-shippable-qr,True,False,,,102210fe594ee9b33d82058545b1ed14f4c8206e,console.log-in-loop-content-process-array,damp,True,damp console.log-in-loop-content-process-array opt e10s fission stylo webrender-sw,4768818,77,ms,firefox,,1795636542,2023-11-15 00:09:54,122.03706055107524,1bf9a382494197836fecd7b3d834be1ac11ccfa0,1332092,,,,,,,,,,,,,,,,,,,,,,,,,,,,,,,,,,,,,,,,,,,,,,,,,,TN,,,,,,,,,,
autoland,4769055,12,f76b60813665636d86169b6507d2f60fe004600c,windows10-64-shippable-qr,True,False,,,102210fe594ee9b33d82058545b1ed14f4c8206e,console.log-in-loop-content-process-array,damp,True,damp console.log-in-loop-content-process-array opt e10s fission stylo webrender-sw,4768818,77,ms,firefox,,1794496366,2023-11-15 01:57:11,122.71763316857232,0083ca2f4709e599083520545d538d1ee1b8356d,1332132,,,,,,,,,,,,,,,,,,,,,,,,,,,,,,,,,,,,,,,,,,,,,,,,,,TN,,,,,,,,,,
autoland,4769055,12,f76b60813665636d86169b6507d2f60fe004600c,windows10-64-shippable-qr,True,False,,,102210fe594ee9b33d82058545b1ed14f4c8206e,console.log-in-loop-content-process-array,damp,True,damp console.log-in-loop-content-process-array opt e10s fission stylo webrender-sw,4768818,77,ms,firefox,,1794517429,2023-11-15 03:02:01,122.45506437368476,d9f2158d4d442a658bb2029948eeebd438457667,1332148,,,,,,,,,,,,,,,,,,,,,,,,,,,,,,,,,,,,,,,,,,,,,,,,,,TN,,,,,,,,,,
autoland,4769055,12,f76b60813665636d86169b6507d2f60fe004600c,windows10-64-shippable-qr,True,False,,,102210fe594ee9b33d82058545b1ed14f4c8206e,console.log-in-loop-content-process-array,damp,True,damp console.log-in-loop-content-process-array opt e10s fission stylo webrender-sw,4768818,77,ms,firefox,,1794623946,2023-11-15 07:02:46,122.4574467613038,d12a09b7c773efc37f5d0e37cc52339e25f07b6c,1332195,,,,,,,,,,,,,,,,,,,,,,,,,,,,,,,,,,,,,,,,,,,,,,,,,,TN,,,,,,,,,,
autoland,4769055,12,f76b60813665636d86169b6507d2f60fe004600c,windows10-64-shippable-qr,True,False,,,102210fe594ee9b33d82058545b1ed14f4c8206e,console.log-in-loop-content-process-array,damp,True,damp console.log-in-loop-content-process-array opt e10s fission stylo webrender-sw,4768818,77,ms,firefox,,1794782150,2023-11-15 12:47:49,122.2800440592846,571c293cedd28db6ac86fd553e2810f40e382e80,1332324,,,,,,,,,,,,,,,,,,,,,,,,,,,,,,,,,,,,,,,,,,,,,,,,,,TN,,,,,,,,,,
autoland,4769055,12,f76b60813665636d86169b6507d2f60fe004600c,windows10-64-shippable-qr,True,False,,,102210fe594ee9b33d82058545b1ed14f4c8206e,console.log-in-loop-content-process-array,damp,True,damp console.log-in-loop-content-process-array opt e10s fission stylo webrender-sw,4768818,77,ms,firefox,,1794846874,2023-11-15 15:33:52,122.73256185054652,58fc056d56521455bb36e7bd4fcce81222093c75,1332438,,,,,,,,,,,,,,,,,,,,,,,,,,,,,,,,,,,,,,,,,,,,,,,,,,TN,,,,,,,,,,
autoland,4769055,12,f76b60813665636d86169b6507d2f60fe004600c,windows10-64-shippable-qr,True,False,,,102210fe594ee9b33d82058545b1ed14f4c8206e,console.log-in-loop-content-process-array,damp,True,damp console.log-in-loop-content-process-array opt e10s fission stylo webrender-sw,4768818,77,ms,firefox,,1794881371,2023-11-15 16:43:35,121.88682826061086,a70ee84d8943b9a1eaaf0fb3a0df60a1595f5782,1332515,,,,,,,,,,,,,,,,,,,,,,,,,,,,,,,,,,,,,,,,,,,,,,,,,,TN,,,,,,,,,,
autoland,4769055,12,f76b60813665636d86169b6507d2f60fe004600c,windows10-64-shippable-qr,True,False,,,102210fe594ee9b33d82058545b1ed14f4c8206e,console.log-in-loop-content-process-array,damp,True,damp console.log-in-loop-content-process-array opt e10s fission stylo webrender-sw,4768818,77,ms,firefox,,1795137032,2023-11-15 23:08:22,121.92475785817442,eb78feb610e5d895bd63b81693cde56dd08d82df,1332792,,,,,,,,,,,,,,,,,,,,,,,,,,,,,,,,,,,,,,,,,,,,,,,,,,TN,,,,,,,,,,
autoland,4769055,12,f76b60813665636d86169b6507d2f60fe004600c,windows10-64-shippable-qr,True,False,,,102210fe594ee9b33d82058545b1ed14f4c8206e,console.log-in-loop-content-process-array,damp,True,damp console.log-in-loop-content-process-array opt e10s fission stylo webrender-sw,4768818,77,ms,firefox,,1795307518,2023-11-16 09:33:00,122.4618875668284,ffd7ebdedeacec6717a3e8904121052ebbe61fe6,1332997,,,,,,,,,,,,,,,,,,,,,,,,,,,,,,,,,,,,,,,,,,,,,,,,,,TN,,,,,,,,,,
autoland,4769055,12,f76b60813665636d86169b6507d2f60fe004600c,windows10-64-shippable-qr,True,False,,,102210fe594ee9b33d82058545b1ed14f4c8206e,console.log-in-loop-content-process-array,damp,True,damp console.log-in-loop-content-process-array opt e10s fission stylo webrender-sw,4768818,77,ms,firefox,,1795410220,2023-11-16 13:34:03,123.02269562952732,71ef91d3bf98c6475cfe762c0152d5b31588182c,1333089,,,,,,,,,,,,,,,,,,,,,,,,,,,,,,,,,,,,,,,,,,,,,,,,,,TN,,,,,,,,,,
autoland,4769055,12,f76b60813665636d86169b6507d2f60fe004600c,windows10-64-shippable-qr,True,False,,,102210fe594ee9b33d82058545b1ed14f4c8206e,console.log-in-loop-content-process-array,damp,True,damp console.log-in-loop-content-process-array opt e10s fission stylo webrender-sw,4768818,77,ms,firefox,,1795446693,2023-11-16 15:30:11,122.32565378975596,5dba86b1842a5256c2845d69a7cebd605267d535,1333183,,,,,,,,,,,,,,,,,,,,,,,,,,,,,,,,,,,,,,,,,,,,,,,,,,TN,,,,,,,,,,
autoland,4769055,12,f76b60813665636d86169b6507d2f60fe004600c,windows10-64-shippable-qr,True,False,,,102210fe594ee9b33d82058545b1ed14f4c8206e,console.log-in-loop-content-process-array,damp,True,damp console.log-in-loop-content-process-array opt e10s fission stylo webrender-sw,4768818,77,ms,firefox,,1795541520,2023-11-16 20:27:49,122.18719759974192,53b2405c0e70ae3283dbbba0d568665110f0db23,1333335,,,,,,,,,,,,,,,,,,,,,,,,,,,,,,,,,,,,,,,,,,,,,,,,,,TN,,,,,,,,,,
autoland,4769055,12,f76b60813665636d86169b6507d2f60fe004600c,windows10-64-shippable-qr,True,False,,,102210fe594ee9b33d82058545b1ed14f4c8206e,console.log-in-loop-content-process-array,damp,True,damp console.log-in-loop-content-process-array opt e10s fission stylo webrender-sw,4768818,77,ms,firefox,,1795633148,2023-11-16 23:04:46,122.46086356665272,3b45d04f6865b297c8b2548a2c24424c5e9467e9,1333418,,,,,,,,,,,,,,,,,,,,,,,,,,,,,,,,,,,,,,,,,,,,,,,,,,TN,,,,,,,,,,
autoland,4769055,12,f76b60813665636d86169b6507d2f60fe004600c,windows10-64-shippable-qr,True,False,,,102210fe594ee9b33d82058545b1ed14f4c8206e,console.log-in-loop-content-process-array,damp,True,damp console.log-in-loop-content-process-array opt e10s fission stylo webrender-sw,4768818,77,ms,firefox,,1795794073,2023-11-17 06:40:14,122.85561270622112,8a71397fb808df79e78f3023bf95b46f7cc2d2a4,1333538,,,,,,,,,,,,,,,,,,,,,,,,,,,,,,,,,,,,,,,,,,,,,,,,,,TN,,,,,,,,,,
autoland,4769055,12,f76b60813665636d86169b6507d2f60fe004600c,windows10-64-shippable-qr,True,False,,,102210fe594ee9b33d82058545b1ed14f4c8206e,console.log-in-loop-content-process-array,damp,True,damp console.log-in-loop-content-process-array opt e10s fission stylo webrender-sw,4768818,77,ms,firefox,,1795923881,2023-11-17 10:54:07,122.78218401711548,ff5810792fa57d1b0a1076b4c90b3a83ac0242ca,1333644,,,,,,,,,,,,,,,,,,,,,,,,,,,,,,,,,,,,,,,,,,,,,,,,,,TN,,,,,,,,,,
autoland,4769055,12,f76b60813665636d86169b6507d2f60fe004600c,windows10-64-shippable-qr,True,False,,,102210fe594ee9b33d82058545b1ed14f4c8206e,console.log-in-loop-content-process-array,damp,True,damp console.log-in-loop-content-process-array opt e10s fission stylo webrender-sw,4768818,77,ms,firefox,,1796091841,2023-11-17 15:35:00,122.52171131924116,f3b46286b5bad609725e65f541d6609a1bafcbce,1333770,,,,,,,,,,,,,,,,,,,,,,,,,,,,,,,,,,,,,,,,,,,,,,,,,,TN,,,,,,,,,,
autoland,4769055,12,f76b60813665636d86169b6507d2f60fe004600c,windows10-64-shippable-qr,True,False,,,102210fe594ee9b33d82058545b1ed14f4c8206e,console.log-in-loop-content-process-array,damp,True,damp console.log-in-loop-content-process-array opt e10s fission stylo webrender-sw,4768818,77,ms,firefox,,1796209252,2023-11-17 21:05:40,121.49143047509553,b3bec7a68bb8ccbb4c637b64bec4dc0c806fecb3,1334007,,,,,,,,,,,,,,,,,,,,,,,,,,,,,,,,,,,,,,,,,,,,,,,,,,TN,,,,,,,,,,
autoland,4769055,12,f76b60813665636d86169b6507d2f60fe004600c,windows10-64-shippable-qr,True,False,,,102210fe594ee9b33d82058545b1ed14f4c8206e,console.log-in-loop-content-process-array,damp,True,damp console.log-in-loop-content-process-array opt e10s fission stylo webrender-sw,4768818,77,ms,firefox,,1796275347,2023-11-18 01:23:43,123.15214775649838,391181d97b6bb5b53fe8a1186c8a1a85971812de,1334085,,,,,,,,,,,,,,,,,,,,,,,,,,,,,,,,,,,,,,,,,,,,,,,,,,TN,,,,,,,,,,
autoland,4769055,12,f76b60813665636d86169b6507d2f60fe004600c,windows10-64-shippable-qr,True,False,,,102210fe594ee9b33d82058545b1ed14f4c8206e,console.log-in-loop-content-process-array,damp,True,damp console.log-in-loop-content-process-array opt e10s fission stylo webrender-sw,4768818,77,ms,firefox,,1796442186,2023-11-18 14:15:26,122.79153179740295,2cf1b902ea75e1237bbd69eaf02c889bc2924d10,1334153,,,,,,,,,,,,,,,,,,,,,,,,,,,,,,,,,,,,,,,,,,,,,,,,,,TN,,,,,,,,,,
autoland,4769055,12,f76b60813665636d86169b6507d2f60fe004600c,windows10-64-shippable-qr,True,False,,,102210fe594ee9b33d82058545b1ed14f4c8206e,console.log-in-loop-content-process-array,damp,True,damp console.log-in-loop-content-process-array opt e10s fission stylo webrender-sw,4768818,77,ms,firefox,,1796560372,2023-11-19 06:03:16,122.07976483494804,98917be406eeca58f61d8aeaf62aa4cae5be2137,1334239,,,,,,,,,,,,,,,,,,,,,,,,,,,,,,,,,,,,,,,,,,,,,,,,,,TN,,,,,,,,,,
autoland,4769055,12,f76b60813665636d86169b6507d2f60fe004600c,windows10-64-shippable-qr,True,False,,,102210fe594ee9b33d82058545b1ed14f4c8206e,console.log-in-loop-content-process-array,damp,True,damp console.log-in-loop-content-process-array opt e10s fission stylo webrender-sw,4768818,77,ms,firefox,,1796640595,2023-11-19 11:10:53,122.3448519738986,b403bb5b1c833d29961882402a090cf08f44c190,1334278,,,,,,,,,,,,,,,,,,,,,,,,,,,,,,,,,,,,,,,,,,,,,,,,,,TN,,,,,,,,,,
autoland,4769055,12,f76b60813665636d86169b6507d2f60fe004600c,windows10-64-shippable-qr,True,False,,,102210fe594ee9b33d82058545b1ed14f4c8206e,console.log-in-loop-content-process-array,damp,True,damp console.log-in-loop-content-process-array opt e10s fission stylo webrender-sw,4768818,77,ms,firefox,,1796693617,2023-11-19 15:28:11,122.445757820381,1044018d08bd15166ae94a05bf5299b0701f4109,1334290,,,,,,,,,,,,,,,,,,,,,,,,,,,,,,,,,,,,,,,,,,,,,,,,,,TN,,,,,,,,,,
autoland,4769055,12,f76b60813665636d86169b6507d2f60fe004600c,windows10-64-shippable-qr,True,False,,,102210fe594ee9b33d82058545b1ed14f4c8206e,console.log-in-loop-content-process-array,damp,True,damp console.log-in-loop-content-process-array opt e10s fission stylo webrender-sw,4768818,77,ms,firefox,,1796841371,2023-11-20 01:53:49,122.27688486858732,73f60b8af6dadb15fb13d768baf6b4c3313d939b,1334371,,,,,,,,,,,,,,,,,,,,,,,,,,,,,,,,,,,,,,,,,,,,,,,,,,TN,,,,,,,,,,
autoland,4769055,12,f76b60813665636d86169b6507d2f60fe004600c,windows10-64-shippable-qr,True,False,,,102210fe594ee9b33d82058545b1ed14f4c8206e,console.log-in-loop-content-process-array,damp,True,damp console.log-in-loop-content-process-array opt e10s fission stylo webrender-sw,4768818,77,ms,firefox,,1797011729,2023-11-20 09:30:46,121.89851256944804,86da25fdbc81a93ed888df6b8a9f7cc128fb9b5b,1334455,,,,,,,,,,,,,,,,,,,,,,,,,,,,,,,,,,,,,,,,,,,,,,,,,,TN,,,,,,,,,,
autoland,4769055,12,f76b60813665636d86169b6507d2f60fe004600c,windows10-64-shippable-qr,True,False,,,102210fe594ee9b33d82058545b1ed14f4c8206e,console.log-in-loop-content-process-array,damp,True,damp console.log-in-loop-content-process-array opt e10s fission stylo webrender-sw,4768818,77,ms,firefox,,1799143915,2023-11-20 10:23:13,122.3419542681977,4124706aa8eb96927ef4eb64fae1cf309d72f085,1334516,,,,,,,,,,,,,,,,,,,,,,,,,,,,,,,,,,,,,,,,,,,,,,,,,,TN,,,,,,,,,,
autoland,4769055,12,f76b60813665636d86169b6507d2f60fe004600c,windows10-64-shippable-qr,True,False,,,102210fe594ee9b33d82058545b1ed14f4c8206e,console.log-in-loop-content-process-array,damp,True,damp console.log-in-loop-content-process-array opt e10s fission stylo webrender-sw,4768818,77,ms,firefox,,1799145161,2023-11-20 11:13:36,121.55189274485748,298c668b4347405c946a8fc6a8c8ad947f90596f,1334555,,,,,,,,,,,,,,,,,,,,,,,,,,,,,,,,,,,,,,,,,,,,,,,,,,TN,,,,,,,,,,
autoland,4769055,12,f76b60813665636d86169b6507d2f60fe004600c,windows10-64-shippable-qr,True,False,,,102210fe594ee9b33d82058545b1ed14f4c8206e,console.log-in-loop-content-process-array,damp,True,damp console.log-in-loop-content-process-array opt e10s fission stylo webrender-sw,4768818,77,ms,firefox,,1799150867,2023-11-20 11:43:27,121.83921228499004,f80a88d5dd048c7d74907fa75f227fdf5d47feb4,1334578,,,,,,,,,,,,,,,,,,,,,,,,,,,,,,,,,,,,,,,,,,,,,,,,,,TN,,,,,,,,,,
autoland,4769055,12,f76b60813665636d86169b6507d2f60fe004600c,windows10-64-shippable-qr,True,False,,,102210fe594ee9b33d82058545b1ed14f4c8206e,console.log-in-loop-content-process-array,damp,True,damp console.log-in-loop-content-process-array opt e10s fission stylo webrender-sw,4768818,77,ms,firefox,,1799150695,2023-11-20 11:48:49,121.9001317890934,239b5d197b0fd679606482cf5940d752a45e98ec,1334583,,,,,,,,,,,,,,,,,,,,,,,,,,,,,,,,,,,,,,,,,,,,,,,,,,TN,,,,,,,,,,
autoland,4769055,12,f76b60813665636d86169b6507d2f60fe004600c,windows10-64-shippable-qr,True,False,,,102210fe594ee9b33d82058545b1ed14f4c8206e,console.log-in-loop-content-process-array,damp,True,damp console.log-in-loop-content-process-array opt e10s fission stylo webrender-sw,4768818,77,ms,firefox,,1799144073,2023-11-20 12:07:51,122.60226256097576,aaa7a9d7854349df185f16d908f980eff8facb6e,1334591,,,,,,,,,,,,,,,,,,,,,,,,,,,,,,,,,,,,,,,,,,,,,,,,,,TN,,,,,,,,,,
autoland,4769055,12,f76b60813665636d86169b6507d2f60fe004600c,windows10-64-shippable-qr,True,False,,,102210fe594ee9b33d82058545b1ed14f4c8206e,console.log-in-loop-content-process-array,damp,True,damp console.log-in-loop-content-process-array opt e10s fission stylo webrender-sw,4768818,77,ms,firefox,,1799144634,2023-11-20 12:08:47,122.4030075567798,440bcf1d6ad75eef0f98cb9a98b44c546b052119,1334592,,,,,,,,,,,,,,,,,,,,,,,,,,,,,,,,,,,,,,,,,,,,,,,,,,TN,,,,,,,,,,
autoland,4769055,12,f76b60813665636d86169b6507d2f60fe004600c,windows10-64-shippable-qr,True,False,,,102210fe594ee9b33d82058545b1ed14f4c8206e,console.log-in-loop-content-process-array,damp,True,damp console.log-in-loop-content-process-array opt e10s fission stylo webrender-sw,4768818,77,ms,firefox,,1799145319,2023-11-20 12:39:24,123.9384958188366,ffdf085e5e3ca95d10e929d78a0b119dc5fc2cbc,1334615,,,,,,,,,,,,,,,,,,,,,,,,,,,,,,,,,,,,,,,,,,,,,,,,,,TN,,,,,,,,,,
autoland,4769055,12,f76b60813665636d86169b6507d2f60fe004600c,windows10-64-shippable-qr,True,False,,,102210fe594ee9b33d82058545b1ed14f4c8206e,console.log-in-loop-content-process-array,damp,True,damp console.log-in-loop-content-process-array opt e10s fission stylo webrender-sw,4768818,77,ms,firefox,,1797131176,2023-11-20 12:44:46,122.88066169503418,de35cb5de97565935b503eade2990b5c385c7293,1334619,,,,,,,,,,,,,,,,,,,,,,,,,,,,,,,,,,,,,,,,,,,,,,,,,,TN,,,,,,,,,,
autoland,4769055,12,f76b60813665636d86169b6507d2f60fe004600c,windows10-64-shippable-qr,True,False,,,102210fe594ee9b33d82058545b1ed14f4c8206e,console.log-in-loop-content-process-array,damp,True,damp console.log-in-loop-content-process-array opt e10s fission stylo webrender-sw,4768818,77,ms,firefox,,1799109655,2023-11-20 14:25:32,121.6082127544678,67e13990fe9f8305ae1e640847958886345bf5cd,1334676,,,,,,,,,,,,,,,,,,,,,,,,,,,,,,,,,,,,,,,,,,,,,,,,,,TN,,,,,,,,,,
autoland,4769055,12,f76b60813665636d86169b6507d2f60fe004600c,windows10-64-shippable-qr,True,False,,,102210fe594ee9b33d82058545b1ed14f4c8206e,console.log-in-loop-content-process-array,damp,True,damp console.log-in-loop-content-process-array opt e10s fission stylo webrender-sw,4768818,77,ms,firefox,,1799110496,2023-11-20 15:00:03,122.47720920833945,e7c59242f5f3b659aeeee7de5a0c8ddd6277908d,1334709,,,,,,,,,,,,,,,,,,,,,,,,,,,,,,,,,,,,,,,,,,,,,,,,,,TN,,,,,,,,,,
autoland,4769055,12,f76b60813665636d86169b6507d2f60fe004600c,windows10-64-shippable-qr,True,False,,,102210fe594ee9b33d82058545b1ed14f4c8206e,console.log-in-loop-content-process-array,damp,True,damp console.log-in-loop-content-process-array opt e10s fission stylo webrender-sw,4768818,77,ms,firefox,,1799110264,2023-11-20 15:01:03,122.04072381818423,439349755daaa39189e9edd164b38abfead8bed4,1334710,,,,,,,,,,,,,,,,,,,,,,,,,,,,,,,,,,,,,,,,,,,,,,,,,,TN,,,,,,,,,,
autoland,4769055,12,f76b60813665636d86169b6507d2f60fe004600c,windows10-64-shippable-qr,True,False,,,102210fe594ee9b33d82058545b1ed14f4c8206e,console.log-in-loop-content-process-array,damp,True,damp console.log-in-loop-content-process-array opt e10s fission stylo webrender-sw,4768818,77,ms,firefox,,1799109946,2023-11-20 15:09:40,121.37896595132406,9d7ac5e26b778426fea2979a2ff1958cc0ca8c55,1334723,,,,,,,,,,,,,,,,,,,,,,,,,,,,,,,,,,,,,,,,,,,,,,,,,,TN,,,,,,,,,,
autoland,4769055,12,f76b60813665636d86169b6507d2f60fe004600c,windows10-64-shippable-qr,True,False,,,102210fe594ee9b33d82058545b1ed14f4c8206e,console.log-in-loop-content-process-array,damp,True,damp console.log-in-loop-content-process-array opt e10s fission stylo webrender-sw,4768818,77,ms,firefox,,1799111119,2023-11-20 15:11:35,122.75569181575338,ab3b36e651d9f81782718ec053c2f771fb62943e,1334724,,,,,,,,,,,,,,,,,,,,,,,,,,,,,,,,,,,,,,,,,,,,,,,,,,TN,,,,,,,,,,
autoland,4769055,12,f76b60813665636d86169b6507d2f60fe004600c,windows10-64-shippable-qr,True,False,,,102210fe594ee9b33d82058545b1ed14f4c8206e,console.log-in-loop-content-process-array,damp,True,damp console.log-in-loop-content-process-array opt e10s fission stylo webrender-sw,4768818,77,ms,firefox,,1799142379,2023-11-20 15:21:11,122.77544419436072,6ea1c084aef50a09a124a82e718b244e2c9d9748,1334732,,,,,,,,,,,,,,,,,,,,,,,,,,,,,,,,,,,,,,,,,,,,,,,,,,TN,,,,,,,,,,
autoland,4769055,12,f76b60813665636d86169b6507d2f60fe004600c,windows10-64-shippable-qr,True,False,,,102210fe594ee9b33d82058545b1ed14f4c8206e,console.log-in-loop-content-process-array,damp,True,damp console.log-in-loop-content-process-array opt e10s fission stylo webrender-sw,4768818,77,ms,firefox,,1799111534,2023-11-20 15:29:11,124.75816537460742,2c97ed4bae76404f7979797821cf7cd12e0484c1,1334735,,,,,,,,,,,,,,,,,,,,,,,,,,,,,,,,,,,,,,,,,,,,,,,,,,TN,,,,,,,,,,
autoland,4769055,12,f76b60813665636d86169b6507d2f60fe004600c,windows10-64-shippable-qr,True,False,,,102210fe594ee9b33d82058545b1ed14f4c8206e,console.log-in-loop-content-process-array,damp,True,damp console.log-in-loop-content-process-array opt e10s fission stylo webrender-sw,4768818,77,ms,firefox,,1799142474,2023-11-20 15:51:46,123.16456689956976,ee90a0951c7171be7ef6d974fff3ef6314c8d81e,1334746,,,,,,,,,,,,,,,,,,,,,,,,,,,,,,,,,,,,,,,,,,,,,,,,,,TN,,,,,,,,,,
autoland,4769055,12,f76b60813665636d86169b6507d2f60fe004600c,windows10-64-shippable-qr,True,False,,,102210fe594ee9b33d82058545b1ed14f4c8206e,console.log-in-loop-content-process-array,damp,True,damp console.log-in-loop-content-process-array opt e10s fission stylo webrender-sw,4768818,77,ms,firefox,,1799143608,2023-11-20 16:08:43,121.99998020267594,16c2fd641193a3a8e4d5693821b197b985453566,1334754,,,,,,,,,,,,,,,,,,,,,,,,,,,,,,,,,,,,,,,,,,,,,,,,,,TN,,,,,,,,,,
autoland,4769055,12,f76b60813665636d86169b6507d2f60fe004600c,windows10-64-shippable-qr,True,False,,,102210fe594ee9b33d82058545b1ed14f4c8206e,console.log-in-loop-content-process-array,damp,True,damp console.log-in-loop-content-process-array opt e10s fission stylo webrender-sw,4768818,77,ms,firefox,,1797303010,2023-11-20 16:13:55,121.81553121014986,f78453d754386d0000dae39e031b91b0d0c4b07f,1334757,,,,,,,,,,,,,,,,,,,,,,,,,,,,,,,,,,,,,,,,,,,,,,,,,,TN,,,,,,,,,,
autoland,4769055,12,f76b60813665636d86169b6507d2f60fe004600c,windows10-64-shippable-qr,True,False,,,102210fe594ee9b33d82058545b1ed14f4c8206e,console.log-in-loop-content-process-array,damp,True,damp console.log-in-loop-content-process-array opt e10s fission stylo webrender-sw,4768818,77,ms,firefox,,1799110545,2023-11-20 17:29:13,122.78095046948692,ccd49b7b72884af87b88ba40fc5f0f3b6d93d067,1334825,,,,,,,,,,,,,,,,,,,,,,,,,,,,,,,,,,,,,,,,,,,,,,,,,,TN,,,,,,,,,,
autoland,4769055,12,f76b60813665636d86169b6507d2f60fe004600c,windows10-64-shippable-qr,True,False,,,102210fe594ee9b33d82058545b1ed14f4c8206e,console.log-in-loop-content-process-array,damp,True,damp console.log-in-loop-content-process-array opt e10s fission stylo webrender-sw,4768818,77,ms,firefox,,1799109715,2023-11-20 17:36:28,122.39472844350166,b5773075adaf35c20a6c2aa83d85a0d02a216fb0,1334837,,,,,,,,,,,,,,,,,,,,,,,,,,,,,,,,,,,,,,,,,,,,,,,,,,TN,,,,,,,,,,
autoland,4769055,12,f76b60813665636d86169b6507d2f60fe004600c,windows10-64-shippable-qr,True,False,,,102210fe594ee9b33d82058545b1ed14f4c8206e,console.log-in-loop-content-process-array,damp,True,damp console.log-in-loop-content-process-array opt e10s fission stylo webrender-sw,4768818,77,ms,firefox,,1799464398,2023-11-20 17:42:46,124.0328334855667,1d08eb7c04d11457838f057eae4451e669c51f9b,1334843,,,,,,,,,,,,,,,,,,,,,,,,,,,,,,,,,,,,,,,,,,,,,,,,,,TN,,,,,,,,,,
autoland,4769055,12,f76b60813665636d86169b6507d2f60fe004600c,windows10-64-shippable-qr,True,False,,,102210fe594ee9b33d82058545b1ed14f4c8206e,console.log-in-loop-content-process-array,damp,True,damp console.log-in-loop-content-process-array opt e10s fission stylo webrender-sw,4768818,77,ms,firefox,,1799144971,2023-11-20 17:43:38,121.7130021056846,f6c16a455e6fa96681064dbea89ecaed60bcf2db,1334844,,,,,,,,,,,,,,,,,,,,,,,,,,,,,,,,,,,,,,,,,,,,,,,,,,TN,,,,,,,,,,
autoland,4769055,12,f76b60813665636d86169b6507d2f60fe004600c,windows10-64-shippable-qr,True,False,,,102210fe594ee9b33d82058545b1ed14f4c8206e,console.log-in-loop-content-process-array,damp,True,damp console.log-in-loop-content-process-array opt e10s fission stylo webrender-sw,4768818,77,ms,firefox,,1799150511,2023-11-20 17:47:31,122.87801201632284,62f117a928383b60257cf05aef1131966a014ab3,1334846,,,,,,,,,,,,,,,,,,,,,,,,,,,,,,,,,,,,,,,,,,,,,,,,,,TN,,,,,,,,,,
autoland,4769055,12,f76b60813665636d86169b6507d2f60fe004600c,windows10-64-shippable-qr,True,False,,,102210fe594ee9b33d82058545b1ed14f4c8206e,console.log-in-loop-content-process-array,damp,True,damp console.log-in-loop-content-process-array opt e10s fission stylo webrender-sw,4768818,77,ms,firefox,,1799150573,2023-11-20 17:53:47,124.2416433137978,b7ffe217e82a481a5f7849acf95a348771ca8a9e,1334848,,,,,,,,,,,,,,,,,,,,,,,,,,,,,,,,,,,,,,,,,,,,,,,,,,TN,,,,,,,,,,
autoland,4769055,12,f76b60813665636d86169b6507d2f60fe004600c,windows10-64-shippable-qr,True,False,,,102210fe594ee9b33d82058545b1ed14f4c8206e,console.log-in-loop-content-process-array,damp,True,damp console.log-in-loop-content-process-array opt e10s fission stylo webrender-sw,4768818,77,ms,firefox,,1799143528,2023-11-20 17:54:42,122.3824857800564,9fec549e1a23a9080906b5206ed1d72fe0abfc2b,1334852,,,,,,,,,,,,,,,,,,,,,,,,,,,,,,,,,,,,,,,,,,,,,,,,,,TN,,,,,,,,,,
autoland,4769055,12,f76b60813665636d86169b6507d2f60fe004600c,windows10-64-shippable-qr,True,False,,,102210fe594ee9b33d82058545b1ed14f4c8206e,console.log-in-loop-content-process-array,damp,True,damp console.log-in-loop-content-process-array opt e10s fission stylo webrender-sw,4768818,77,ms,firefox,,1799143779,2023-11-20 17:55:34,121.7840825890844,bf4e73e8f8186c76a0981d430d9bc308f8316261,1334854,,,,,,,,,,,,,,,,,,,,,,,,,,,,,,,,,,,,,,,,,,,,,,,,,,TN,,,,,,,,,,
autoland,4769055,12,f76b60813665636d86169b6507d2f60fe004600c,windows10-64-shippable-qr,True,False,,,102210fe594ee9b33d82058545b1ed14f4c8206e,console.log-in-loop-content-process-array,damp,True,damp console.log-in-loop-content-process-array opt e10s fission stylo webrender-sw,4768818,77,ms,firefox,,1799145249,2023-11-20 18:01:34,121.67532629776724,488998c02aca3638afb2d6c50d3b0ad7216ba656,1334860,,,,,,,,,,,,,,,,,,,,,,,,,,,,,,,,,,,,,,,,,,,,,,,,,,TN,,,,,,,,,,
autoland,4769055,12,f76b60813665636d86169b6507d2f60fe004600c,windows10-64-shippable-qr,True,False,,,102210fe594ee9b33d82058545b1ed14f4c8206e,console.log-in-loop-content-process-array,damp,True,damp console.log-in-loop-content-process-array opt e10s fission stylo webrender-sw,4768818,77,ms,firefox,,1797391926,2023-11-20 18:08:54,122.32091687610318,a2089603188c4136890163ddd71b1d4e60e1c396,1334868,,,,,,,,,,,,,,,,,,,,,,,,,,,,,,,,,,,,,,,,,,,,,,,,,,TN,,,,,,,,,,
autoland,4769055,12,f76b60813665636d86169b6507d2f60fe004600c,windows10-64-shippable-qr,True,False,,,102210fe594ee9b33d82058545b1ed14f4c8206e,console.log-in-loop-content-process-array,damp,True,damp console.log-in-loop-content-process-array opt e10s fission stylo webrender-sw,4768818,77,ms,firefox,,1799477421,2023-11-20 18:42:57,123.07185297015803,6b5c80f3fd764927e6c8dadaeea14ab6209e426f,1334895,,,,,,,,,,,,,,,,,,,,,,,,,,,,,,,,,,,,,,,,,,,,,,,,,,TN,,,,,,,,,,
autoland,4769055,12,f76b60813665636d86169b6507d2f60fe004600c,windows10-64-shippable-qr,True,False,,,102210fe594ee9b33d82058545b1ed14f4c8206e,console.log-in-loop-content-process-array,damp,True,damp console.log-in-loop-content-process-array opt e10s fission stylo webrender-sw,4768818,77,ms,firefox,,1799483812,2023-11-20 18:53:58,122.6410038744716,87e2f5b16af17b7152632edad4682dcf5fd8b350,1334904,,,,,,,,,,,,,,,,,,,,,,,,,,,,,,,,,,,,,,,,,,,,,,,,,,TN,,,,,,,,,,
autoland,4769055,12,f76b60813665636d86169b6507d2f60fe004600c,windows10-64-shippable-qr,True,False,,,102210fe594ee9b33d82058545b1ed14f4c8206e,console.log-in-loop-content-process-array,damp,True,damp console.log-in-loop-content-process-array opt e10s fission stylo webrender-sw,4768818,77,ms,firefox,,1799477841,2023-11-20 18:58:21,122.28016927411318,21dbcdaf74de618291c685148894b9e3bdf50036,1334907,,,,,,,,,,,,,,,,,,,,,,,,,,,,,,,,,,,,,,,,,,,,,,,,,,TN,,,,,,,,,,
autoland,4769055,12,f76b60813665636d86169b6507d2f60fe004600c,windows10-64-shippable-qr,True,False,,,102210fe594ee9b33d82058545b1ed14f4c8206e,console.log-in-loop-content-process-array,damp,True,damp console.log-in-loop-content-process-array opt e10s fission stylo webrender-sw,4768818,77,ms,firefox,,1799490958,2023-11-20 18:58:21,122.43740214418358,21dbcdaf74de618291c685148894b9e3bdf50036,1334907,,,,,,,,,,,,,,,,,,,,,,,,,,,,,,,,,,,,,,,,,,,,,,,,,,TN,,,,,,,,,,
autoland,4769055,12,f76b60813665636d86169b6507d2f60fe004600c,windows10-64-shippable-qr,True,False,,,102210fe594ee9b33d82058545b1ed14f4c8206e,console.log-in-loop-content-process-array,damp,True,damp console.log-in-loop-content-process-array opt e10s fission stylo webrender-sw,4768818,77,ms,firefox,,1799479257,2023-11-20 19:05:14,122.74844002319604,11a1bd4e725137cd132f81690e5ce092412d7fbc,1334914,,,,,,,,,,,,,,,,,,,,,,,,,,,,,,,,,,,,,,,,,,,,,,,,,,TN,,,,,,,,,,
autoland,4769055,12,f76b60813665636d86169b6507d2f60fe004600c,windows10-64-shippable-qr,True,False,,,102210fe594ee9b33d82058545b1ed14f4c8206e,console.log-in-loop-content-process-array,damp,True,damp console.log-in-loop-content-process-array opt e10s fission stylo webrender-sw,4768818,77,ms,firefox,,1799477673,2023-11-20 19:06:28,122.761964576458,f2422338235874feb497156d9044bae51e3c3ea5,1334917,,,,,,,,,,,,,,,,,,,,,,,,,,,,,,,,,,,,,,,,,,,,,,,,,,TN,,,,,,,,,,
autoland,4769055,12,f76b60813665636d86169b6507d2f60fe004600c,windows10-64-shippable-qr,True,False,,,102210fe594ee9b33d82058545b1ed14f4c8206e,console.log-in-loop-content-process-array,damp,True,damp console.log-in-loop-content-process-array opt e10s fission stylo webrender-sw,4768818,77,ms,firefox,,1799477723,2023-11-20 19:14:09,123.5031230341292,a90c00b4d9d8b20a73e202a9da911754aa6d3404,1334928,,,,,,,,,,,,,,,,,,,,,,,,,,,,,,,,,,,,,,,,,,,,,,,,,,TN,,,,,,,,,,
autoland,4769055,12,f76b60813665636d86169b6507d2f60fe004600c,windows10-64-shippable-qr,True,False,,,102210fe594ee9b33d82058545b1ed14f4c8206e,console.log-in-loop-content-process-array,damp,True,damp console.log-in-loop-content-process-array opt e10s fission stylo webrender-sw,4768818,77,ms,firefox,,1799479555,2023-11-20 19:14:09,121.9861145718496,a90c00b4d9d8b20a73e202a9da911754aa6d3404,1334928,,,,,,,,,,,,,,,,,,,,,,,,,,,,,,,,,,,,,,,,,,,,,,,,,,TN,,,,,,,,,,
autoland,4769055,12,f76b60813665636d86169b6507d2f60fe004600c,windows10-64-shippable-qr,True,False,,,102210fe594ee9b33d82058545b1ed14f4c8206e,console.log-in-loop-content-process-array,damp,True,damp console.log-in-loop-content-process-array opt e10s fission stylo webrender-sw,4768818,77,ms,firefox,,1799481621,2023-11-20 19:23:37,122.3400733047838,e57621d60324506805f1f5d3c40266f9886872b7,1334934,,,,,,,,,,,,,,,,,,,,,,,,,,,,,,,,,,,,,,,,,,,,,,,,,,TN,,,,,,,,,,
autoland,4769055,12,f76b60813665636d86169b6507d2f60fe004600c,windows10-64-shippable-qr,True,False,,,102210fe594ee9b33d82058545b1ed14f4c8206e,console.log-in-loop-content-process-array,damp,True,damp console.log-in-loop-content-process-array opt e10s fission stylo webrender-sw,4768818,77,ms,firefox,,1799482755,2023-11-20 19:23:37,122.13416582243644,e57621d60324506805f1f5d3c40266f9886872b7,1334934,,,,,,,,,,,,,,,,,,,,,,,,,,,,,,,,,,,,,,,,,,,,,,,,,,TN,,,,,,,,,,
autoland,4769055,12,f76b60813665636d86169b6507d2f60fe004600c,windows10-64-shippable-qr,True,False,,,102210fe594ee9b33d82058545b1ed14f4c8206e,console.log-in-loop-content-process-array,damp,True,damp console.log-in-loop-content-process-array opt e10s fission stylo webrender-sw,4768818,77,ms,firefox,,1799477890,2023-11-20 19:32:12,122.29741030620973,6a6e9ae07a687e890432b61d982971d1456a4712,1334947,,,,,,,,,,,,,,,,,,,,,,,,,,,,,,,,,,,,,,,,,,,,,,,,,,TN,,,,,,,,,,
autoland,4769055,12,f76b60813665636d86169b6507d2f60fe004600c,windows10-64-shippable-qr,True,False,,,102210fe594ee9b33d82058545b1ed14f4c8206e,console.log-in-loop-content-process-array,damp,True,damp console.log-in-loop-content-process-array opt e10s fission stylo webrender-sw,4768818,77,ms,firefox,,1799468864,2023-11-20 19:48:12,122.83906096453391,36c4a38c6d225c7315445718e62d4703c40c277a,1334957,,,,,,,,,,,,,,,,,,,,,,,,,,,,,,,,,,,,,,,,,,,,,,,,,,TN,,,,,,,,,,
autoland,4769055,12,f76b60813665636d86169b6507d2f60fe004600c,windows10-64-shippable-qr,True,False,,,102210fe594ee9b33d82058545b1ed14f4c8206e,console.log-in-loop-content-process-array,damp,True,damp console.log-in-loop-content-process-array opt e10s fission stylo webrender-sw,4768818,77,ms,firefox,,1799152252,2023-11-20 20:20:37,121.25523263910782,568d77345180eb65e5184675875dc87d10d35351,1334986,,,,,,,,,,,,,,,,,,,,,,,,,,,,,,,,,,,,,,,,,,,,,,,,,,TN,,,,,,,,,,
autoland,4769055,12,f76b60813665636d86169b6507d2f60fe004600c,windows10-64-shippable-qr,True,False,,,102210fe594ee9b33d82058545b1ed14f4c8206e,console.log-in-loop-content-process-array,damp,True,damp console.log-in-loop-content-process-array opt e10s fission stylo webrender-sw,4768818,77,ms,firefox,,1799153043,2023-11-20 20:48:29,122.41938803617995,57d38d110f72e27bab2456e5b81b5b080c266301,1335011,,,,,,,,,,,,,,,,,,,,,,,,,,,,,,,,,,,,,,,,,,,,,,,,,,TN,,,,,,,,,,
autoland,4769055,12,f76b60813665636d86169b6507d2f60fe004600c,windows10-64-shippable-qr,True,False,,,102210fe594ee9b33d82058545b1ed14f4c8206e,console.log-in-loop-content-process-array,damp,True,damp console.log-in-loop-content-process-array opt e10s fission stylo webrender-sw,4768818,77,ms,firefox,,1799154345,2023-11-20 21:00:44,121.51566517071387,7a849caa2671dd02c1f9ee2814699f89c35ca99a,1335028,,,,,,,,,,,,,,,,,,,,,,,,,,,,,,,,,,,,,,,,,,,,,,,,,,TN,,,,,,,,,,
autoland,4769055,12,f76b60813665636d86169b6507d2f60fe004600c,windows10-64-shippable-qr,True,False,,,102210fe594ee9b33d82058545b1ed14f4c8206e,console.log-in-loop-content-process-array,damp,True,damp console.log-in-loop-content-process-array opt e10s fission stylo webrender-sw,4768818,77,ms,firefox,,1799184302,2023-11-20 21:03:26,122.58463876333371,42604daaa4d12dc7ae0911491ab047b8600c1917,1335029,,,,,,,,,,,,,,,,,,,,,,,,,,,,,,,,,,,,,,,,,,,,,,,,,,TN,,,,,,,,,,
autoland,4769055,12,f76b60813665636d86169b6507d2f60fe004600c,windows10-64-shippable-qr,True,False,,,102210fe594ee9b33d82058545b1ed14f4c8206e,console.log-in-loop-content-process-array,damp,True,damp console.log-in-loop-content-process-array opt e10s fission stylo webrender-sw,4768818,77,ms,firefox,,1799154397,2023-11-20 21:05:27,122.92985564669652,f6c594d1fcd7142d1e977e4ba63f30906888130e,1335030,,,,,,,,,,,,,,,,,,,,,,,,,,,,,,,,,,,,,,,,,,,,,,,,,,TN,,,,,,,,,,
autoland,4769055,12,f76b60813665636d86169b6507d2f60fe004600c,windows10-64-shippable-qr,True,False,,,102210fe594ee9b33d82058545b1ed14f4c8206e,console.log-in-loop-content-process-array,damp,True,damp console.log-in-loop-content-process-array opt e10s fission stylo webrender-sw,4768818,77,ms,firefox,,1799151882,2023-11-20 21:07:46,123.229205031118,d238dc5f29bd0251003e86f580984cf1171d8729,1335031,,,,,,,,,,,,,,,,,,,,,,,,,,,,,,,,,,,,,,,,,,,,,,,,,,TN,,,,,,,,,,
autoland,4769055,12,f76b60813665636d86169b6507d2f60fe004600c,windows10-64-shippable-qr,True,False,,,102210fe594ee9b33d82058545b1ed14f4c8206e,console.log-in-loop-content-process-array,damp,True,damp console.log-in-loop-content-process-array opt e10s fission stylo webrender-sw,4768818,77,ms,firefox,,1799153376,2023-11-20 21:08:44,123.07355437431217,04214fe2efdbbdd3e95b68b002a32842f985b13b,1335032,,,,,,,,,,,,,,,,,,,,,,,,,,,,,,,,,,,,,,,,,,,,,,,,,,TN,,,,,,,,,,
autoland,4769055,12,f76b60813665636d86169b6507d2f60fe004600c,windows10-64-shippable-qr,True,False,,,102210fe594ee9b33d82058545b1ed14f4c8206e,console.log-in-loop-content-process-array,damp,True,damp console.log-in-loop-content-process-array opt e10s fission stylo webrender-sw,4768818,77,ms,firefox,,1799154248,2023-11-20 21:09:43,122.0166140841866,9828830057c55444754c6f2ce75fb6f507347ebd,1335033,,,,,,,,,,,,,,,,,,,,,,,,,,,,,,,,,,,,,,,,,,,,,,,,,,TN,,,,,,,,,,
autoland,4769055,12,f76b60813665636d86169b6507d2f60fe004600c,windows10-64-shippable-qr,True,False,,,102210fe594ee9b33d82058545b1ed14f4c8206e,console.log-in-loop-content-process-array,damp,True,damp console.log-in-loop-content-process-array opt e10s fission stylo webrender-sw,4768818,77,ms,firefox,,1799153325,2023-11-20 21:44:10,121.43011962036871,9763af9939468e874ac0d5f1c4ad2016e12ceafc,1335067,,,,,,,,,,,,,,,,,,,,,,,,,,,,,,,,,,,,,,,,,,,,,,,,,,TN,,,,,,,,,,
autoland,4769055,12,f76b60813665636d86169b6507d2f60fe004600c,windows10-64-shippable-qr,True,False,,,102210fe594ee9b33d82058545b1ed14f4c8206e,console.log-in-loop-content-process-array,damp,True,damp console.log-in-loop-content-process-array opt e10s fission stylo webrender-sw,4768818,77,ms,firefox,,1797607859,2023-11-20 23:09:27,122.58716021587225,7b567ceeead73f84de62ab77b4b6c87450b347fa,1335119,,,,,,,,,,,,,,,,,,,,,,,,,,,,,,,,,,,,,,,,,,,,,,,,,,TN,,,,,,,,,,
autoland,4769055,12,f76b60813665636d86169b6507d2f60fe004600c,windows10-64-shippable-qr,True,False,,,102210fe594ee9b33d82058545b1ed14f4c8206e,console.log-in-loop-content-process-array,damp,True,damp console.log-in-loop-content-process-array opt e10s fission stylo webrender-sw,4768818,77,ms,firefox,,1797670494,2023-11-21 01:49:39,121.8007247873229,b9fe9a49496aa38ca77c335f20236610ef01a582,1335206,,,,,,,,,,,,,,,,,,,,,,,,,,,,,,,,,,,,,,,,,,,,,,,,,,TN,,,,,,,,,,
autoland,4769055,12,f76b60813665636d86169b6507d2f60fe004600c,windows10-64-shippable-qr,True,False,,,102210fe594ee9b33d82058545b1ed14f4c8206e,console.log-in-loop-content-process-array,damp,True,damp console.log-in-loop-content-process-array opt e10s fission stylo webrender-sw,4768818,77,ms,firefox,,1797950418,2023-11-21 12:15:20,122.75641638290654,1ff1d467cb8d49467127613245f448026cd7df9e,1335466,,,,,,,,,,,,,,,,,,,,,,,,,,,,,,,,,,,,,,,,,,,,,,,,,,TN,,,,,,,,,,
autoland,4769055,12,f76b60813665636d86169b6507d2f60fe004600c,windows10-64-shippable-qr,True,False,,,102210fe594ee9b33d82058545b1ed14f4c8206e,console.log-in-loop-content-process-array,damp,True,damp console.log-in-loop-content-process-array opt e10s fission stylo webrender-sw,4768818,77,ms,firefox,,1798232838,2023-11-21 17:01:46,121.75276744580516,cbc5eb28277f8e6d60fede93a822ede9eb7f01a5,1335682,,,,,,,,,,,,,,,,,,,,,,,,,,,,,,,,,,,,,,,,,,,,,,,,,,TN,,,,,,,,,,
autoland,4769055,12,f76b60813665636d86169b6507d2f60fe004600c,windows10-64-shippable-qr,True,False,,,102210fe594ee9b33d82058545b1ed14f4c8206e,console.log-in-loop-content-process-array,damp,True,damp console.log-in-loop-content-process-array opt e10s fission stylo webrender-sw,4768818,77,ms,firefox,,1798291086,2023-11-21 21:47:24,122.1510996240886,62f686461927825493253d0f82a43804b3eddf71,1335911,,,,,,,,,,,,,,,,,,,,,,,,,,,,,,,,,,,,,,,,,,,,,,,,,,TN,,,,,,,,,,
autoland,4769055,12,f76b60813665636d86169b6507d2f60fe004600c,windows10-64-shippable-qr,True,False,,,102210fe594ee9b33d82058545b1ed14f4c8206e,console.log-in-loop-content-process-array,damp,True,damp console.log-in-loop-content-process-array opt e10s fission stylo webrender-sw,4768818,77,ms,firefox,,1798324003,2023-11-21 21:50:11,122.36452041772372,ef0b50d89a7f6107932087c2c1adc2f6fd9ab06a,1335914,,,,,,,,,,,,,,,,,,,,,,,,,,,,,,,,,,,,,,,,,,,,,,,,,,TN,,,,,,,,,,
autoland,4769055,12,f76b60813665636d86169b6507d2f60fe004600c,windows10-64-shippable-qr,True,False,,,102210fe594ee9b33d82058545b1ed14f4c8206e,console.log-in-loop-content-process-array,damp,True,damp console.log-in-loop-content-process-array opt e10s fission stylo webrender-sw,4768818,77,ms,firefox,,1798360343,2023-11-22 01:56:32,121.5329072583836,7dc6122ebd68b46a9d4320c40c86f20c2b78984a,1336017,,,,,,,,,,,,,,,,,,,,,,,,,,,,,,,,,,,,,,,,,,,,,,,,,,TN,,,,,,,,,,
autoland,4769055,12,f76b60813665636d86169b6507d2f60fe004600c,windows10-64-shippable-qr,True,False,,,102210fe594ee9b33d82058545b1ed14f4c8206e,console.log-in-loop-content-process-array,damp,True,damp console.log-in-loop-content-process-array opt e10s fission stylo webrender-sw,4768818,77,ms,firefox,,1798455774,2023-11-22 05:59:37,122.02579250759754,ed20a8b98a8f2d8593dbbbd9b5df993e3e91433f,1336060,,,,,,,,,,,,,,,,,,,,,,,,,,,,,,,,,,,,,,,,,,,,,,,,,,TN,,,,,,,,,,
autoland,4769055,12,f76b60813665636d86169b6507d2f60fe004600c,windows10-64-shippable-qr,True,False,,,102210fe594ee9b33d82058545b1ed14f4c8206e,console.log-in-loop-content-process-array,damp,True,damp console.log-in-loop-content-process-array opt e10s fission stylo webrender-sw,4768818,77,ms,firefox,,1798564051,2023-11-22 07:16:13,122.64104573592886,0222787eb3244ffb2e62210f697d039bdef46036,1336076,,,,,,,,,,,,,,,,,,,,,,,,,,,,,,,,,,,,,,,,,,,,,,,,,,TN,,,,,,,,,,
autoland,4769055,12,f76b60813665636d86169b6507d2f60fe004600c,windows10-64-shippable-qr,True,False,,,102210fe594ee9b33d82058545b1ed14f4c8206e,console.log-in-loop-content-process-array,damp,True,damp console.log-in-loop-content-process-array opt e10s fission stylo webrender-sw,4768818,77,ms,firefox,,1798818017,2023-11-22 13:00:34,122.4696059162734,b90083f581e182455cf23aaacb125b728b3ccb32,1336296,,,,,,,,,,,,,,,,,,,,,,,,,,,,,,,,,,,,,,,,,,,,,,,,,,TN,,,,,,,,,,
autoland,4769055,12,f76b60813665636d86169b6507d2f60fe004600c,windows10-64-shippable-qr,True,False,,,102210fe594ee9b33d82058545b1ed14f4c8206e,console.log-in-loop-content-process-array,damp,True,damp console.log-in-loop-content-process-array opt e10s fission stylo webrender-sw,4768818,77,ms,firefox,,1798890129,2023-11-22 16:22:37,120.60120292467492,f4fae08660c1f3323af7bdef3ed152a3d34bc751,1336410,,,,,,,,,,,,,,,,,,,,,,,,,,,,,,,,,,,,,,,,,,,,,,,,,,TN,,,,,,,,,,
autoland,4769055,12,f76b60813665636d86169b6507d2f60fe004600c,windows10-64-shippable-qr,True,False,,,102210fe594ee9b33d82058545b1ed14f4c8206e,console.log-in-loop-content-process-array,damp,True,damp console.log-in-loop-content-process-array opt e10s fission stylo webrender-sw,4768818,77,ms,firefox,,1799085077,2023-11-22 19:14:54,121.69896589671043,bcdbc1e5d9a7c0fea2fcdc91ab0eebe908b34ece,1336555,,,,,,,,,,,,,,,,,,,,,,,,,,,,,,,,,,,,,,,,,,,,,,,,,,TN,,,,,,,,,,
autoland,4769055,12,f76b60813665636d86169b6507d2f60fe004600c,windows10-64-shippable-qr,True,False,,,102210fe594ee9b33d82058545b1ed14f4c8206e,console.log-in-loop-content-process-array,damp,True,damp console.log-in-loop-content-process-array opt e10s fission stylo webrender-sw,4768818,77,ms,firefox,,1799161660,2023-11-22 23:02:09,125.2319790229858,3122924cd341ff55738fd6a06d4bd708010c15e4,1336681,,,,,,,,,,,,,,,,,,,,,,,,,,,,,,,,,,,,,,,,,,,,,,,,,,TN,,,,,,,,,,
autoland,4769055,12,f76b60813665636d86169b6507d2f60fe004600c,windows10-64-shippable-qr,True,False,,,102210fe594ee9b33d82058545b1ed14f4c8206e,console.log-in-loop-content-process-array,damp,True,damp console.log-in-loop-content-process-array opt e10s fission stylo webrender-sw,4768818,77,ms,firefox,,1799375994,2023-11-23 04:10:29,123.15633035201245,8366d9b1b0ca63aa3b706dd53ce23f052221c11b,1336756,,,,,,,,,,,,,,,,,,,,,,,,,,,,,,,,,,,,,,,,,,,,,,,,,,TN,,,,,,,,,,
autoland,4769055,12,f76b60813665636d86169b6507d2f60fe004600c,windows10-64-shippable-qr,True,False,,,102210fe594ee9b33d82058545b1ed14f4c8206e,console.log-in-loop-content-process-array,damp,True,damp console.log-in-loop-content-process-array opt e10s fission stylo webrender-sw,4768818,77,ms,firefox,,1799496024,2023-11-23 08:19:48,122.08100117213962,023a5c518562ad97c805915ae5addfcad59d1223,1336795,,,,,,,,,,,,,,,,,,,,,,,,,,,,,,,,,,,,,,,,,,,,,,,,,,TN,,,,,,,,,,
autoland,4769055,12,f76b60813665636d86169b6507d2f60fe004600c,windows10-64-shippable-qr,True,False,,,102210fe594ee9b33d82058545b1ed14f4c8206e,console.log-in-loop-content-process-array,damp,True,damp console.log-in-loop-content-process-array opt e10s fission stylo webrender-sw,4768818,77,ms,firefox,,1799609780,2023-11-23 10:10:14,123.3391564829808,7392664630b156e348b2a77aef6fdd70004c9b47,1336839,,,,,,,,,,,,,,,,,,,,,,,,,,,,,,,,,,,,,,,,,,,,,,,,,,TN,,,,,,,,,,
autoland,4769055,12,f76b60813665636d86169b6507d2f60fe004600c,windows10-64-shippable-qr,True,False,,,102210fe594ee9b33d82058545b1ed14f4c8206e,console.log-in-loop-content-process-array,damp,True,damp console.log-in-loop-content-process-array opt e10s fission stylo webrender-sw,4768818,77,ms,firefox,,1800020180,2023-11-23 15:57:23,122.35440570000355,872aa271adfdb73a79c09de279f0001bf419850c,1337066,,,,,,,,,,,,,,,,,,,,,,,,,,,,,,,,,,,,,,,,,,,,,,,,,,TN,,,,,,,,,,
autoland,4769055,12,f76b60813665636d86169b6507d2f60fe004600c,windows10-64-shippable-qr,True,False,,,102210fe594ee9b33d82058545b1ed14f4c8206e,console.log-in-loop-content-process-array,damp,True,damp console.log-in-loop-content-process-array opt e10s fission stylo webrender-sw,4768818,77,ms,firefox,,1801652568,2023-11-23 19:02:08,125.32793616790514,40bc8612037f1efc2ea0a5ff2a12b8d8b3a86f72,1337209,,,,,,,,,,,,,,,,,,,,,,,,,,,,,,,,,,,,,,,,,,,,,,,,,,TN,,,,,,,,,,
autoland,4769055,12,f76b60813665636d86169b6507d2f60fe004600c,windows10-64-shippable-qr,True,False,,,102210fe594ee9b33d82058545b1ed14f4c8206e,console.log-in-loop-content-process-array,damp,True,damp console.log-in-loop-content-process-array opt e10s fission stylo webrender-sw,4768818,77,ms,firefox,,1801640455,2023-11-23 19:11:00,122.4696128259302,84d22a46a333ec5fdfd6664fe37443349d696922,1337217,,,,,,,,,,,,,,,,,,,,,,,,,,,,,,,,,,,,,,,,,,,,,,,,,,TN,,,,,,,,,,
autoland,4769055,12,f76b60813665636d86169b6507d2f60fe004600c,windows10-64-shippable-qr,True,False,,,102210fe594ee9b33d82058545b1ed14f4c8206e,console.log-in-loop-content-process-array,damp,True,damp console.log-in-loop-content-process-array opt e10s fission stylo webrender-sw,4768818,77,ms,firefox,,1800056557,2023-11-23 19:58:47,124.78112018677804,180501fca2278e97c30e09ab097da1cb514f5ca1,1337231,,,,,,,,,,,,,,,,,,,,,,,,,,,,,,,,,,,,,,,,,,,,,,,,,,TN,,,,,,,,,,
autoland,4769055,12,f76b60813665636d86169b6507d2f60fe004600c,windows10-64-shippable-qr,True,False,,,102210fe594ee9b33d82058545b1ed14f4c8206e,console.log-in-loop-content-process-array,damp,True,damp console.log-in-loop-content-process-array opt e10s fission stylo webrender-sw,4768818,77,ms,firefox,,1801654909,2023-11-23 20:38:57,121.79159192882616,6a2157c8e43ea656e07de8e285d603bebf7b063c,1337244,,,,,,,,,,,,,,,,,,,,,,,,,,,,,,,,,,,,,,,,,,,,,,,,,,TN,,,,,,,,,,
autoland,4769055,12,f76b60813665636d86169b6507d2f60fe004600c,windows10-64-shippable-qr,True,False,,,102210fe594ee9b33d82058545b1ed14f4c8206e,console.log-in-loop-content-process-array,damp,True,damp console.log-in-loop-content-process-array opt e10s fission stylo webrender-sw,4768818,77,ms,firefox,,1801653644,2023-11-23 22:16:08,123.12992414907605,c097ebea91d7d722ce9281d607ae7d3d3a2cb455,1337282,,,,,,,,,,,,,,,,,,,,,,,,,,,,,,,,,,,,,,,,,,,,,,,,,,TN,,,,,,,,,,
autoland,4769055,12,f76b60813665636d86169b6507d2f60fe004600c,windows10-64-shippable-qr,True,False,,,102210fe594ee9b33d82058545b1ed14f4c8206e,console.log-in-loop-content-process-array,damp,True,damp console.log-in-loop-content-process-array opt e10s fission stylo webrender-sw,4768818,77,ms,firefox,,1801653383,2023-11-23 22:19:05,122.46116656631511,24b164cf7ad83549cdd64238d69ea45ab21397f3,1337284,,,,,,,,,,,,,,,,,,,,,,,,,,,,,,,,,,,,,,,,,,,,,,,,,,TN,,,,,,,,,,
autoland,4769055,12,f76b60813665636d86169b6507d2f60fe004600c,windows10-64-shippable-qr,True,False,,,102210fe594ee9b33d82058545b1ed14f4c8206e,console.log-in-loop-content-process-array,damp,True,damp console.log-in-loop-content-process-array opt e10s fission stylo webrender-sw,4768818,77,ms,firefox,,1801655997,2023-11-23 22:20:48,122.59854646439726,07a12eba816dfa86e39e041137385f6c3d070133,1337285,,,,,,,,,,,,,,,,,,,,,,,,,,,,,,,,,,,,,,,,,,,,,,,,,,TN,,,,,,,,,,
autoland,4769055,12,f76b60813665636d86169b6507d2f60fe004600c,windows10-64-shippable-qr,True,False,,,102210fe594ee9b33d82058545b1ed14f4c8206e,console.log-in-loop-content-process-array,damp,True,damp console.log-in-loop-content-process-array opt e10s fission stylo webrender-sw,4768818,77,ms,firefox,,1801656128,2023-11-23 22:20:48,122.80642170770352,07a12eba816dfa86e39e041137385f6c3d070133,1337285,,,,,,,,,,,,,,,,,,,,,,,,,,,,,,,,,,,,,,,,,,,,,,,,,,TN,,,,,,,,,,
autoland,4769055,12,f76b60813665636d86169b6507d2f60fe004600c,windows10-64-shippable-qr,True,False,,,102210fe594ee9b33d82058545b1ed14f4c8206e,console.log-in-loop-content-process-array,damp,True,damp console.log-in-loop-content-process-array opt e10s fission stylo webrender-sw,4768818,77,ms,firefox,,1801656652,2023-11-23 23:16:13,122.04623084566356,92df8ad1c19371d052458f8c1085e91ef523c809,1337303,,,,,,,,,,,,,,,,,,,,,,,,,,,,,,,,,,,,,,,,,,,,,,,,,,TN,,,,,,,,,,
autoland,4769055,12,f76b60813665636d86169b6507d2f60fe004600c,windows10-64-shippable-qr,True,False,,,102210fe594ee9b33d82058545b1ed14f4c8206e,console.log-in-loop-content-process-array,damp,True,damp console.log-in-loop-content-process-array opt e10s fission stylo webrender-sw,4768818,77,ms,firefox,,1801658023,2023-11-23 23:16:13,122.31553904259454,92df8ad1c19371d052458f8c1085e91ef523c809,1337303,,,,,,,,,,,,,,,,,,,,,,,,,,,,,,,,,,,,,,,,,,,,,,,,,,TN,,,,,,,,,,
autoland,4769055,12,f76b60813665636d86169b6507d2f60fe004600c,windows10-64-shippable-qr,True,False,,,102210fe594ee9b33d82058545b1ed14f4c8206e,console.log-in-loop-content-process-array,damp,True,damp console.log-in-loop-content-process-array opt e10s fission stylo webrender-sw,4768818,77,ms,firefox,,1801658679,2023-11-23 23:48:14,122.13091923907086,9fd2c2daacc2cbd678586f2d89d8c1500362d064,1337318,,,,,,,,,,,,,,,,,,,,,,,,,,,,,,,,,,,,,,,,,,,,,,,,,,TN,,,,,,,,,,
autoland,4769055,12,f76b60813665636d86169b6507d2f60fe004600c,windows10-64-shippable-qr,True,False,,,102210fe594ee9b33d82058545b1ed14f4c8206e,console.log-in-loop-content-process-array,damp,True,damp console.log-in-loop-content-process-array opt e10s fission stylo webrender-sw,4768818,77,ms,firefox,,1801658862,2023-11-23 23:48:14,122.25158822156118,9fd2c2daacc2cbd678586f2d89d8c1500362d064,1337318,,,,,,,,,,,,,,,,,,,,,,,,,,,,,,,,,,,,,,,,,,,,,,,,,,TN,,,,,,,,,,
autoland,4769055,12,f76b60813665636d86169b6507d2f60fe004600c,windows10-64-shippable-qr,True,False,,,102210fe594ee9b33d82058545b1ed14f4c8206e,console.log-in-loop-content-process-array,damp,True,damp console.log-in-loop-content-process-array opt e10s fission stylo webrender-sw,4768818,77,ms,firefox,,1800084756,2023-11-23 23:50:52,122.78218704517349,29d489a7e05adef3300e076dd1c46d14928ddf24,1337321,,,,,,,,,,,,,,,,,,,,,,,,,,,,,,,,,,,,,,,,,,,,,,,,,,TN,,,,,,,,,,
autoland,4769055,12,f76b60813665636d86169b6507d2f60fe004600c,windows10-64-shippable-qr,True,False,,,102210fe594ee9b33d82058545b1ed14f4c8206e,console.log-in-loop-content-process-array,damp,True,damp console.log-in-loop-content-process-array opt e10s fission stylo webrender-sw,4768818,77,ms,firefox,,1801689856,2023-11-23 23:51:43,122.56091941468276,102671d71ce972115fe8c028288df5e94d383126,1337322,,,,,,,,,,,,,,,,,,,,,,,,,,,,,,,,,,,,,,,,,,,,,,,,,,TN,,,,,,,,,,
autoland,4769055,12,f76b60813665636d86169b6507d2f60fe004600c,windows10-64-shippable-qr,True,False,,,102210fe594ee9b33d82058545b1ed14f4c8206e,console.log-in-loop-content-process-array,damp,True,damp console.log-in-loop-content-process-array opt e10s fission stylo webrender-sw,4768818,77,ms,firefox,,1801662097,2023-11-23 23:53:45,123.5406315749251,57d8c816770a29b03f9eca9c179a30955028d6f0,1337323,,,,,,,,,,,,,,,,,,,,,,,,,,,,,,,,,,,,,,,,,,,,,,,,,,TN,,,,,,,,,,
autoland,4769055,12,f76b60813665636d86169b6507d2f60fe004600c,windows10-64-shippable-qr,True,False,,,102210fe594ee9b33d82058545b1ed14f4c8206e,console.log-in-loop-content-process-array,damp,True,damp console.log-in-loop-content-process-array opt e10s fission stylo webrender-sw,4768818,77,ms,firefox,,1801674984,2023-11-24 00:15:28,123.29832736626577,600baeb2ea87f0ddc4032ba8613abd5d03929469,1337326,,,,,,,,,,,,,,,,,,,,,,,,,,,,,,,,,,,,,,,,,,,,,,,,,,TN,,,,,,,,,,
autoland,4769055,12,f76b60813665636d86169b6507d2f60fe004600c,windows10-64-shippable-qr,True,False,,,102210fe594ee9b33d82058545b1ed14f4c8206e,console.log-in-loop-content-process-array,damp,True,damp console.log-in-loop-content-process-array opt e10s fission stylo webrender-sw,4768818,77,ms,firefox,,1801677892,2023-11-24 00:34:36,121.82039737992636,ba52ce5926269982b9c947b186d628b669fe247c,1337328,,,,,,,,,,,,,,,,,,,,,,,,,,,,,,,,,,,,,,,,,,,,,,,,,,TN,,,,,,,,,,
autoland,4769055,12,f76b60813665636d86169b6507d2f60fe004600c,windows10-64-shippable-qr,True,False,,,102210fe594ee9b33d82058545b1ed14f4c8206e,console.log-in-loop-content-process-array,damp,True,damp console.log-in-loop-content-process-array opt e10s fission stylo webrender-sw,4768818,77,ms,firefox,,1800288945,2023-11-24 05:36:58,122.6547409330733,dbd1a6aef0a74dc60875a4904d9eddb5ca9afbb7,1337356,,,,,,,,,,,,,,,,,,,,,,,,,,,,,,,,,,,,,,,,,,,,,,,,,,TN,,,,,,,,,,
autoland,4769055,12,f76b60813665636d86169b6507d2f60fe004600c,windows10-64-shippable-qr,True,False,,,102210fe594ee9b33d82058545b1ed14f4c8206e,console.log-in-loop-content-process-array,damp,True,damp console.log-in-loop-content-process-array opt e10s fission stylo webrender-sw,4768818,77,ms,firefox,,1801652416,2023-11-24 07:51:29,122.46794450598009,995a7bcbbe4d00f85f8ee56de25952f63f7906c3,1337387,,,,,,,,,,,,,,,,,,,,,,,,,,,,,,,,,,,,,,,,,,,,,,,,,,TN,,,,,,,,,,
autoland,4769055,12,f76b60813665636d86169b6507d2f60fe004600c,windows10-64-shippable-qr,True,False,,,102210fe594ee9b33d82058545b1ed14f4c8206e,console.log-in-loop-content-process-array,damp,True,damp console.log-in-loop-content-process-array opt e10s fission stylo webrender-sw,4768818,77,ms,firefox,,1801652136,2023-11-24 07:56:49,121.8753103996296,5e739bff783de7f71057aa52c3a315cc77ed5681,1337389,,,,,,,,,,,,,,,,,,,,,,,,,,,,,,,,,,,,,,,,,,,,,,,,,,TN,,,,,,,,,,
autoland,4769055,12,f76b60813665636d86169b6507d2f60fe004600c,windows10-64-shippable-qr,True,False,,,102210fe594ee9b33d82058545b1ed14f4c8206e,console.log-in-loop-content-process-array,damp,True,damp console.log-in-loop-content-process-array opt e10s fission stylo webrender-sw,4768818,77,ms,firefox,,1801652635,2023-11-24 08:19:16,123.81437886901313,a47b796197df3d88fcb1ccccbf38a71c8f1c98b4,1337399,,,,,,,,,,,,,,,,,,,,,,,,,,,,,,,,,,,,,,,,,,,,,,,,,,TN,,,,,,,,,,
autoland,4769055,12,f76b60813665636d86169b6507d2f60fe004600c,windows10-64-shippable-qr,True,False,,,102210fe594ee9b33d82058545b1ed14f4c8206e,console.log-in-loop-content-process-array,damp,True,damp console.log-in-loop-content-process-array opt e10s fission stylo webrender-sw,4768818,77,ms,firefox,,1801652811,2023-11-24 08:25:31,122.9431704572262,c0d256e9cde9cbb4bb53ffadb8e456175f0e466c,1337401,,,,,,,,,,,,,,,,,,,,,,,,,,,,,,,,,,,,,,,,,,,,,,,,,,TN,,,,,,,,,,
autoland,4769055,12,f76b60813665636d86169b6507d2f60fe004600c,windows10-64-shippable-qr,True,False,,,102210fe594ee9b33d82058545b1ed14f4c8206e,console.log-in-loop-content-process-array,damp,True,damp console.log-in-loop-content-process-array opt e10s fission stylo webrender-sw,4768818,77,ms,firefox,,1801655235,2023-11-24 08:41:19,122.95588092235084,4b4afdd073f8bf99d995c26e1823b5b24feb07e4,1337404,,,,,,,,,,,,,,,,,,,,,,,,,,,,,,,,,,,,,,,,,,,,,,,,,,TN,,,,,,,,,,
autoland,4769055,12,f76b60813665636d86169b6507d2f60fe004600c,windows10-64-shippable-qr,True,False,,,102210fe594ee9b33d82058545b1ed14f4c8206e,console.log-in-loop-content-process-array,damp,True,damp console.log-in-loop-content-process-array opt e10s fission stylo webrender-sw,4768818,77,ms,firefox,,1801653991,2023-11-24 08:47:51,122.72522317260882,53c65c0ddd6368f4b6bddd77d6186cbb8de2ae83,1337408,,,,,,,,,,,,,,,,,,,,,,,,,,,,,,,,,,,,,,,,,,,,,,,,,,TN,,,,,,,,,,
autoland,4769055,12,f76b60813665636d86169b6507d2f60fe004600c,windows10-64-shippable-qr,True,False,,,102210fe594ee9b33d82058545b1ed14f4c8206e,console.log-in-loop-content-process-array,damp,True,damp console.log-in-loop-content-process-array opt e10s fission stylo webrender-sw,4768818,77,ms,firefox,,1801655716,2023-11-24 08:49:09,122.55012224855363,677bf468c2cad7bd3401637ca3301a550b15e690,1337410,,,,,,,,,,,,,,,,,,,,,,,,,,,,,,,,,,,,,,,,,,,,,,,,,,TN,,,,,,,,,,
autoland,4769055,12,f76b60813665636d86169b6507d2f60fe004600c,windows10-64-shippable-qr,True,False,,,102210fe594ee9b33d82058545b1ed14f4c8206e,console.log-in-loop-content-process-array,damp,True,damp console.log-in-loop-content-process-array opt e10s fission stylo webrender-sw,4768818,77,ms,firefox,,1801656882,2023-11-24 08:53:33,122.55506824458551,92c86e1954443028de3d626b2a4239f3d8b731d1,1337414,,,,,,,,,,,,,,,,,,,,,,,,,,,,,,,,,,,,,,,,,,,,,,,,,,TN,,,,,,,,,,
autoland,4769055,12,f76b60813665636d86169b6507d2f60fe004600c,windows10-64-shippable-qr,True,False,,,102210fe594ee9b33d82058545b1ed14f4c8206e,console.log-in-loop-content-process-array,damp,True,damp console.log-in-loop-content-process-array opt e10s fission stylo webrender-sw,4768818,77,ms,firefox,,1801656942,2023-11-24 09:14:36,122.5650120866203,4c4a4fd6a38d40e821a7aa870c0f7c7b221e17f8,1337431,,,,,,,,,,,,,,,,,,,,,,,,,,,,,,,,,,,,,,,,,,,,,,,,,,TN,,,,,,,,,,
autoland,4769055,12,f76b60813665636d86169b6507d2f60fe004600c,windows10-64-shippable-qr,True,False,,,102210fe594ee9b33d82058545b1ed14f4c8206e,console.log-in-loop-content-process-array,damp,True,damp console.log-in-loop-content-process-array opt e10s fission stylo webrender-sw,4768818,77,ms,firefox,,1800481262,2023-11-24 09:28:03,122.53489108737904,8bec1f302a76929843c944e27b75ddcbf1f21954,1337436,,,,,,,,,,,,,,,,,,,,,,,,,,,,,,,,,,,,,,,,,,,,,,,,,,TN,,,,,,,,,,
autoland,4769055,12,f76b60813665636d86169b6507d2f60fe004600c,windows10-64-shippable-qr,True,False,,,102210fe594ee9b33d82058545b1ed14f4c8206e,console.log-in-loop-content-process-array,damp,True,damp console.log-in-loop-content-process-array opt e10s fission stylo webrender-sw,4768818,77,ms,firefox,,1801658652,2023-11-24 10:24:47,122.16557235368144,838727bb95f1b1b9ae3479bb06287585ac9856f5,1337462,,,,,,,,,,,,,,,,,,,,,,,,,,,,,,,,,,,,,,,,,,,,,,,,,,TN,,,,,,,,,,
autoland,4769055,12,f76b60813665636d86169b6507d2f60fe004600c,windows10-64-shippable-qr,True,False,,,102210fe594ee9b33d82058545b1ed14f4c8206e,console.log-in-loop-content-process-array,damp,True,damp console.log-in-loop-content-process-array opt e10s fission stylo webrender-sw,4768818,77,ms,firefox,,1801659262,2023-11-24 11:19:37,123.15867513356444,f2ce93d0ea33d36d052105806743d54b2e6b0326,1337488,,,,,,,,,,,,,,,,,,,,,,,,,,,,,,,,,,,,,,,,,,,,,,,,,,TN,,,,,,,,,,
autoland,4769055,12,f76b60813665636d86169b6507d2f60fe004600c,windows10-64-shippable-qr,True,False,,,102210fe594ee9b33d82058545b1ed14f4c8206e,console.log-in-loop-content-process-array,damp,True,damp console.log-in-loop-content-process-array opt e10s fission stylo webrender-sw,4768818,77,ms,firefox,,1801660246,2023-11-24 12:21:30,122.34254615856209,5d5e21a2bdced703c191d0eb08d70f1e87c376df,1337515,,,,,,,,,,,,,,,,,,,,,,,,,,,,,,,,,,,,,,,,,,,,,,,,,,TN,,,,,,,,,,
autoland,4769055,12,f76b60813665636d86169b6507d2f60fe004600c,windows10-64-shippable-qr,True,False,,,102210fe594ee9b33d82058545b1ed14f4c8206e,console.log-in-loop-content-process-array,damp,True,damp console.log-in-loop-content-process-array opt e10s fission stylo webrender-sw,4768818,77,ms,firefox,,1801675000,2023-11-24 12:22:36,122.27607699108012,d92356702605f194d94f2322990898b0788c4af5,1337517,,,,,,,,,,,,,,,,,,,,,,,,,,,,,,,,,,,,,,,,,,,,,,,,,,TN,,,,,,,,,,
autoland,4769055,12,f76b60813665636d86169b6507d2f60fe004600c,windows10-64-shippable-qr,True,False,,,102210fe594ee9b33d82058545b1ed14f4c8206e,console.log-in-loop-content-process-array,damp,True,damp console.log-in-loop-content-process-array opt e10s fission stylo webrender-sw,4768818,77,ms,firefox,,1801676756,2023-11-24 12:23:31,123.09604559114086,65245ae5c5ae0fbf3482ddc1ba0c21fe7187c429,1337518,,,,,,,,,,,,,,,,,,,,,,,,,,,,,,,,,,,,,,,,,,,,,,,,,,TN,,,,,,,,,,
autoland,4769055,12,f76b60813665636d86169b6507d2f60fe004600c,windows10-64-shippable-qr,True,False,,,102210fe594ee9b33d82058545b1ed14f4c8206e,console.log-in-loop-content-process-array,damp,True,damp console.log-in-loop-content-process-array opt e10s fission stylo webrender-sw,4768818,77,ms,firefox,,1801680467,2023-11-24 12:25:32,123.87543524244302,6c9f279516f2889ec3edf1abd3c09709bc2737ad,1337519,,,,,,,,,,,,,,,,,,,,,,,,,,,,,,,,,,,,,,,,,,,,,,,,,,TN,,,,,,,,,,
autoland,4769055,12,f76b60813665636d86169b6507d2f60fe004600c,windows10-64-shippable-qr,True,False,,,102210fe594ee9b33d82058545b1ed14f4c8206e,console.log-in-loop-content-process-array,damp,True,damp console.log-in-loop-content-process-array opt e10s fission stylo webrender-sw,4768818,77,ms,firefox,,1801681643,2023-11-24 12:26:22,123.0866117005753,d40e2ab0903923603f2990dc27dcbdf5b5aa2be6,1337520,,,,,,,,,,,,,,,,,,,,,,,,,,,,,,,,,,,,,,,,,,,,,,,,,,TN,,,,,,,,,,
autoland,4769055,12,f76b60813665636d86169b6507d2f60fe004600c,windows10-64-shippable-qr,True,False,,,102210fe594ee9b33d82058545b1ed14f4c8206e,console.log-in-loop-content-process-array,damp,True,damp console.log-in-loop-content-process-array opt e10s fission stylo webrender-sw,4768818,77,ms,firefox,,1801684564,2023-11-24 12:48:17,123.29375912640351,9f6a51cc4271d2caa0bf41bd59592d39af755801,1337528,,,,,,,,,,,,,,,,,,,,,,,,,,,,,,,,,,,,,,,,,,,,,,,,,,TN,,,,,,,,,,
autoland,4769055,12,f76b60813665636d86169b6507d2f60fe004600c,windows10-64-shippable-qr,True,False,,,102210fe594ee9b33d82058545b1ed14f4c8206e,console.log-in-loop-content-process-array,damp,True,damp console.log-in-loop-content-process-array opt e10s fission stylo webrender-sw,4768818,77,ms,firefox,,1801685921,2023-11-24 13:04:23,121.90428208835692,318f8dfa7a999b83cdf3f2941ecce2b9e1080eeb,1337537,,,,,,,,,,,,,,,,,,,,,,,,,,,,,,,,,,,,,,,,,,,,,,,,,,TN,,,,,,,,,,
autoland,4769055,12,f76b60813665636d86169b6507d2f60fe004600c,windows10-64-shippable-qr,True,False,,,102210fe594ee9b33d82058545b1ed14f4c8206e,console.log-in-loop-content-process-array,damp,True,damp console.log-in-loop-content-process-array opt e10s fission stylo webrender-sw,4768818,77,ms,firefox,,1800566886,2023-11-24 13:31:32,122.64509665714922,1e01aa4b558aff87267a6384c318e6963b66a0d8,1337559,,,,,,,,,,,,,,,,,,,,,,,,,,,,,,,,,,,,,,,,,,,,,,,,,,TN,,,,,,,,,,
autoland,4769055,12,f76b60813665636d86169b6507d2f60fe004600c,windows10-64-shippable-qr,True,False,,,102210fe594ee9b33d82058545b1ed14f4c8206e,console.log-in-loop-content-process-array,damp,True,damp console.log-in-loop-content-process-array opt e10s fission stylo webrender-sw,4768818,77,ms,firefox,,1800526010,2023-11-24 14:07:25,122.56407508239865,6354cfb105a6c9a46216d5c8ea95ee463892366e,1337582,,,,,,,,,,,,,,,,,,,,,,,,,,,,,,,,,,,,,,,,,,,,,,,,,,TN,,,,,,,,,,
autoland,4769055,12,f76b60813665636d86169b6507d2f60fe004600c,windows10-64-shippable-qr,True,False,,,102210fe594ee9b33d82058545b1ed14f4c8206e,console.log-in-loop-content-process-array,damp,True,damp console.log-in-loop-content-process-array opt e10s fission stylo webrender-sw,4768818,77,ms,firefox,,1800698360,2023-11-24 21:54:25,125.07475198724296,8875acba4f482b90d60501b953fb4530b361bd8f,1337760,,,,,,,,,,,,,,,,,,,,,,,,,,,,,,,,,,,,,,,,,,,,,,,,,,TN,,,,,,,,,,
autoland,4769055,12,f76b60813665636d86169b6507d2f60fe004600c,windows10-64-shippable-qr,True,False,,,102210fe594ee9b33d82058545b1ed14f4c8206e,console.log-in-loop-content-process-array,damp,True,damp console.log-in-loop-content-process-array opt e10s fission stylo webrender-sw,4768818,77,ms,firefox,,1800748543,2023-11-25 04:13:26,122.78675313318216,a137631f73ce188671f50c5225295d64d427fec2,1337799,,,,,,,,,,,,,,,,,,,,,,,,,,,,,,,,,,,,,,,,,,,,,,,,,,TN,,,,,,,,,,
autoland,4769055,12,f76b60813665636d86169b6507d2f60fe004600c,windows10-64-shippable-qr,True,False,,,102210fe594ee9b33d82058545b1ed14f4c8206e,console.log-in-loop-content-process-array,damp,True,damp console.log-in-loop-content-process-array opt e10s fission stylo webrender-sw,4768818,77,ms,firefox,,1800847376,2023-11-25 09:26:54,122.51373181890813,860c52f225fa7410ed4a4bf3bd0eb0846483e08d,1337840,,,,,,,,,,,,,,,,,,,,,,,,,,,,,,,,,,,,,,,,,,,,,,,,,,TN,,,,,,,,,,
autoland,4769055,12,f76b60813665636d86169b6507d2f60fe004600c,windows10-64-shippable-qr,True,False,,,102210fe594ee9b33d82058545b1ed14f4c8206e,console.log-in-loop-content-process-array,damp,True,damp console.log-in-loop-content-process-array opt e10s fission stylo webrender-sw,4768818,77,ms,firefox,,1800890255,2023-11-25 14:41:03,122.2666411348946,2ff68fa9f49916065f4ebb7a74c0940bf425f396,1337869,,,,,,,,,,,,,,,,,,,,,,,,,,,,,,,,,,,,,,,,,,,,,,,,,,TN,,,,,,,,,,
autoland,4769055,12,f76b60813665636d86169b6507d2f60fe004600c,windows10-64-shippable-qr,True,False,,,102210fe594ee9b33d82058545b1ed14f4c8206e,console.log-in-loop-content-process-array,damp,True,damp console.log-in-loop-content-process-array opt e10s fission stylo webrender-sw,4768818,77,ms,firefox,,1801005528,2023-11-26 15:57:31,122.90980088302967,0cd5e7d76f8ac3e26423c36c9d06f91a310dab45,1337946,,,,,,,,,,,,,,,,,,,,,,,,,,,,,,,,,,,,,,,,,,,,,,,,,,TN,,,,,,,,,,
autoland,4769055,12,f76b60813665636d86169b6507d2f60fe004600c,windows10-64-shippable-qr,True,False,,,102210fe594ee9b33d82058545b1ed14f4c8206e,console.log-in-loop-content-process-array,damp,True,damp console.log-in-loop-content-process-array opt e10s fission stylo webrender-sw,4768818,77,ms,firefox,,1801033230,2023-11-26 18:39:37,123.0885782835112,ffaaa99c517223770b014031e25b54d585f95ef2,1337950,,,,,,,,,,,,,,,,,,,,,,,,,,,,,,,,,,,,,,,,,,,,,,,,,,TN,,,,,,,,,,
autoland,4769055,12,f76b60813665636d86169b6507d2f60fe004600c,windows10-64-shippable-qr,True,False,,,102210fe594ee9b33d82058545b1ed14f4c8206e,console.log-in-loop-content-process-array,damp,True,damp console.log-in-loop-content-process-array opt e10s fission stylo webrender-sw,4768818,77,ms,firefox,,1801197269,2023-11-27 01:49:37,122.97423175345102,edf9292c0bc9c671afa4de12648c16622e9d418c,1337984,,,,,,,,,,,,,,,,,,,,,,,,,,,,,,,,,,,,,,,,,,,,,,,,,,TN,,,,,,,,,,
autoland,4769055,12,f76b60813665636d86169b6507d2f60fe004600c,windows10-64-shippable-qr,True,False,,,102210fe594ee9b33d82058545b1ed14f4c8206e,console.log-in-loop-content-process-array,damp,True,damp console.log-in-loop-content-process-array opt e10s fission stylo webrender-sw,4768818,77,ms,firefox,,1801398516,2023-11-27 10:22:36,122.49516757250784,c1a92ff5b44e8a296b847ed428ebeec04f7f8f72,1338085,,,,,,,,,,,,,,,,,,,,,,,,,,,,,,,,,,,,,,,,,,,,,,,,,,TN,,,,,,,,,,
autoland,4769055,12,f76b60813665636d86169b6507d2f60fe004600c,windows10-64-shippable-qr,True,False,,,102210fe594ee9b33d82058545b1ed14f4c8206e,console.log-in-loop-content-process-array,damp,True,damp console.log-in-loop-content-process-array opt e10s fission stylo webrender-sw,4768818,77,ms,firefox,,1801448447,2023-11-27 14:05:43,122.72390283463848,9ca2bcf6799b1a5f71d2d58db26f6b6c16a90427,1338215,,,,,,,,,,,,,,,,,,,,,,,,,,,,,,,,,,,,,,,,,,,,,,,,,,TN,,,,,,,,,,
autoland,4769055,12,f76b60813665636d86169b6507d2f60fe004600c,windows10-64-shippable-qr,True,False,,,102210fe594ee9b33d82058545b1ed14f4c8206e,console.log-in-loop-content-process-array,damp,True,damp console.log-in-loop-content-process-array opt e10s fission stylo webrender-sw,4768818,77,ms,firefox,,1801617457,2023-11-27 17:34:20,122.95161425204516,6aa54d6d7cbf1a46e62c6765c489a940322b6bca,1338399,,,,,,,,,,,,,,,,,,,,,,,,,,,,,,,,,,,,,,,,,,,,,,,,,,TN,,,,,,,,,,
autoland,4769055,12,f76b60813665636d86169b6507d2f60fe004600c,windows10-64-shippable-qr,True,False,,,102210fe594ee9b33d82058545b1ed14f4c8206e,console.log-in-loop-content-process-array,damp,True,damp console.log-in-loop-content-process-array opt e10s fission stylo webrender-sw,4768818,77,ms,firefox,,1801998259,2023-11-28 05:10:16,122.89845297466944,fbcb2af38cdaecde2b2da1efc0fc49b82fa9749e,1338781,,,,,,,,,,,,,,,,,,,,,,,,,,,,,,,,,,,,,,,,,,,,,,,,,,TN,,,,,,,,,,
autoland,4769055,12,f76b60813665636d86169b6507d2f60fe004600c,windows10-64-shippable-qr,True,False,,,102210fe594ee9b33d82058545b1ed14f4c8206e,console.log-in-loop-content-process-array,damp,True,damp console.log-in-loop-content-process-array opt e10s fission stylo webrender-sw,4768818,77,ms,firefox,,1802103789,2023-11-28 08:42:21,123.07940430557574,785b3d438fe5a8cba4caf5f4a2ed7250d324096c,1338855,,,,,,,,,,,,,,,,,,,,,,,,,,,,,,,,,,,,,,,,,,,,,,,,,,TN,,,,,,,,,,
autoland,4769055,12,f76b60813665636d86169b6507d2f60fe004600c,windows10-64-shippable-qr,True,False,,,102210fe594ee9b33d82058545b1ed14f4c8206e,console.log-in-loop-content-process-array,damp,True,damp console.log-in-loop-content-process-array opt e10s fission stylo webrender-sw,4768818,77,ms,firefox,,1802229727,2023-11-28 13:17:34,121.52283317927775,1957c4453ab1dfba8b7820dbf2fe772220e6eedc,1339007,,,,,,,,,,,,,,,,,,,,,,,,,,,,,,,,,,,,,,,,,,,,,,,,,,TN,,,,,,,,,,
autoland,4769055,12,f76b60813665636d86169b6507d2f60fe004600c,windows10-64-shippable-qr,True,False,,,102210fe594ee9b33d82058545b1ed14f4c8206e,console.log-in-loop-content-process-array,damp,True,damp console.log-in-loop-content-process-array opt e10s fission stylo webrender-sw,4768818,77,ms,firefox,,1802498077,2023-11-28 14:12:32,123.7682566306521,0745c3e29ba3856c91cbae74bd41d2135137bfd0,1339043,,,,,,,,,,,,,,,,,,,,,,,,,,,,,,,,,,,,,,,,,,,,,,,,,,TN,,,,,,,,,,
autoland,4769055,12,f76b60813665636d86169b6507d2f60fe004600c,windows10-64-shippable-qr,True,False,,,102210fe594ee9b33d82058545b1ed14f4c8206e,console.log-in-loop-content-process-array,damp,True,damp console.log-in-loop-content-process-array opt e10s fission stylo webrender-sw,4768818,77,ms,firefox,,1802518019,2023-11-28 17:36:07,122.19957667890594,691b7e1a899214d8685841da762bd2b2415fa569,1339183,,,,,,,,,,,,,,,,,,,,,,,,,,,,,,,,,,,,,,,,,,,,,,,,,,TN,,,,,,,,,,
autoland,4769055,12,f76b60813665636d86169b6507d2f60fe004600c,windows10-64-shippable-qr,True,False,,,102210fe594ee9b33d82058545b1ed14f4c8206e,console.log-in-loop-content-process-array,damp,True,damp console.log-in-loop-content-process-array opt e10s fission stylo webrender-sw,4768818,77,ms,firefox,,1802530798,2023-11-28 21:29:24,122.70282705871703,000fea3a9ed37b16c009c76e8af859a50c9234dc,1339366,,,,,,,,,,,,,,,,,,,,,,,,,,,,,,,,,,,,,,,,,,,,,,,,,,TN,,,,,,,,,,
autoland,4769055,12,f76b60813665636d86169b6507d2f60fe004600c,windows10-64-shippable-qr,True,False,,,102210fe594ee9b33d82058545b1ed14f4c8206e,console.log-in-loop-content-process-array,damp,True,damp console.log-in-loop-content-process-array opt e10s fission stylo webrender-sw,4768818,77,ms,firefox,,1802598759,2023-11-29 01:28:26,122.63020678666452,a162f6ee0eef32a68c73ddb77aa04efda3afeb7c,1339520,,,,,,,,,,,,,,,,,,,,,,,,,,,,,,,,,,,,,,,,,,,,,,,,,,TN,,,,,,,,,,
autoland,4769055,12,f76b60813665636d86169b6507d2f60fe004600c,windows10-64-shippable-qr,True,False,,,102210fe594ee9b33d82058545b1ed14f4c8206e,console.log-in-loop-content-process-array,damp,True,damp console.log-in-loop-content-process-array opt e10s fission stylo webrender-sw,4768818,77,ms,firefox,,1802912581,2023-11-29 06:56:45,124.75104029742488,b675f0a9e569a63bedb249150a2be6b3e15197f9,1339623,,,,,,,,,,,,,,,,,,,,,,,,,,,,,,,,,,,,,,,,,,,,,,,,,,TN,,,,,,,,,,
autoland,4769055,12,f76b60813665636d86169b6507d2f60fe004600c,windows10-64-shippable-qr,True,False,,,102210fe594ee9b33d82058545b1ed14f4c8206e,console.log-in-loop-content-process-array,damp,True,damp console.log-in-loop-content-process-array opt e10s fission stylo webrender-sw,4768818,77,ms,firefox,,1802942253,2023-11-29 09:02:39,122.85062143220875,66c2fb78dfe25ce9af21d0e1dd82f62dbb5da53f,1339662,,,,,,,,,,,,,,,,,,,,,,,,,,,,,,,,,,,,,,,,,,,,,,,,,,TN,,,,,,,,,,
autoland,4769055,12,f76b60813665636d86169b6507d2f60fe004600c,windows10-64-shippable-qr,True,False,,,102210fe594ee9b33d82058545b1ed14f4c8206e,console.log-in-loop-content-process-array,damp,True,damp console.log-in-loop-content-process-array opt e10s fission stylo webrender-sw,4768818,77,ms,firefox,,1803102419,2023-11-29 13:11:23,122.87447865697868,be2b109ddbb7f38c98c25b3c79c036f6f06f81fb,1339776,,,,,,,,,,,,,,,,,,,,,,,,,,,,,,,,,,,,,,,,,,,,,,,,,,TN,,,,,,,,,,
autoland,4769055,12,f76b60813665636d86169b6507d2f60fe004600c,windows10-64-shippable-qr,True,False,,,102210fe594ee9b33d82058545b1ed14f4c8206e,console.log-in-loop-content-process-array,damp,True,damp console.log-in-loop-content-process-array opt e10s fission stylo webrender-sw,4768818,77,ms,firefox,,1803218041,2023-11-29 17:15:33,122.28921831319984,0008fcc93b9b4a6aa22e3abf1888be08024320e9,1339929,,,,,,,,,,,,,,,,,,,,,,,,,,,,,,,,,,,,,,,,,,,,,,,,,,TN,,,,,,,,,,
autoland,4769055,12,f76b60813665636d86169b6507d2f60fe004600c,windows10-64-shippable-qr,True,False,,,102210fe594ee9b33d82058545b1ed14f4c8206e,console.log-in-loop-content-process-array,damp,True,damp console.log-in-loop-content-process-array opt e10s fission stylo webrender-sw,4768818,77,ms,firefox,,1803264151,2023-11-29 22:52:27,125.56541857016964,65a0553b296ae1432e5d18c3d2d607cacbb0a35e,1340166,,,,,,,,,,,,,,,,,,,,,,,,,,,,,,,,,,,,,,,,,,,,,,,,,,TN,,,,,,,,,,
autoland,4769055,12,f76b60813665636d86169b6507d2f60fe004600c,windows10-64-shippable-qr,True,False,,,102210fe594ee9b33d82058545b1ed14f4c8206e,console.log-in-loop-content-process-array,damp,True,damp console.log-in-loop-content-process-array opt e10s fission stylo webrender-sw,4768818,77,ms,firefox,,1803318395,2023-11-29 22:59:56,123.44650799231384,4bbe309179a5869e893e8f9ed2b110ef00ccec95,1340178,,,,,,,,,,,,,,,,,,,,,,,,,,,,,,,,,,,,,,,,,,,,,,,,,,TN,,,,,,,,,,
autoland,4769055,12,f76b60813665636d86169b6507d2f60fe004600c,windows10-64-shippable-qr,True,False,,,102210fe594ee9b33d82058545b1ed14f4c8206e,console.log-in-loop-content-process-array,damp,True,damp console.log-in-loop-content-process-array opt e10s fission stylo webrender-sw,4768818,77,ms,firefox,,1803424404,2023-11-30 04:33:01,123.07373030125108,556c8b22cbbbcc165c42b2c52ebdfd01be3cee6b,1340302,,,,,,,,,,,,,,,,,,,,,,,,,,,,,,,,,,,,,,,,,,,,,,,,,,TN,,,,,,,,,,
autoland,4769055,12,f76b60813665636d86169b6507d2f60fe004600c,windows10-64-shippable-qr,True,False,,,102210fe594ee9b33d82058545b1ed14f4c8206e,console.log-in-loop-content-process-array,damp,True,damp console.log-in-loop-content-process-array opt e10s fission stylo webrender-sw,4768818,77,ms,firefox,,1804020684,2023-11-30 13:07:37,122.15652315195256,120432262a8cb73f69c8d683b4ddec3a037cbd91,1340520,,,,,,,,,,,,,,,,,,,,,,,,,,,,,,,,,,,,,,,,,,,,,,,,,,TN,,,,,,,,,,
autoland,4769055,12,f76b60813665636d86169b6507d2f60fe004600c,windows10-64-shippable-qr,True,False,,,102210fe594ee9b33d82058545b1ed14f4c8206e,console.log-in-loop-content-process-array,damp,True,damp console.log-in-loop-content-process-array opt e10s fission stylo webrender-sw,4768818,77,ms,firefox,,1804103150,2023-11-30 13:51:04,122.7076025946826,1d1fb9d5a4974d94e8c317f226c962fd351eae27,1340541,,,,,,,,,,,,,,,,,,,,,,,,,,,,,,,,,,,,,,,,,,,,,,,,,,TN,,,,,,,,,,
autoland,4769055,12,f76b60813665636d86169b6507d2f60fe004600c,windows10-64-shippable-qr,True,False,,,102210fe594ee9b33d82058545b1ed14f4c8206e,console.log-in-loop-content-process-array,damp,True,damp console.log-in-loop-content-process-array opt e10s fission stylo webrender-sw,4768818,77,ms,firefox,,1804162474,2023-11-30 17:04:12,122.62069455153868,3ec1ddf45e5a6562bd1d81fe4144541880bf3a24,1340716,,,,,,,,,,,,,,,,,,,,,,,,,,,,,,,,,,,,,,,,,,,,,,,,,,TN,,,,,,,,,,
autoland,4769055,12,f76b60813665636d86169b6507d2f60fe004600c,windows10-64-shippable-qr,True,False,,,102210fe594ee9b33d82058545b1ed14f4c8206e,console.log-in-loop-content-process-array,damp,True,damp console.log-in-loop-content-process-array opt e10s fission stylo webrender-sw,4768818,77,ms,firefox,,1804211716,2023-11-30 20:20:14,122.38965021483456,620e49ab6438e8c933133e9b4eb7a11188514a70,1340881,,,,,,,,,,,,,,,,,,,,,,,,,,,,,,,,,,,,,,,,,,,,,,,,,,TN,,,,,,,,,,
autoland,4769055,12,f76b60813665636d86169b6507d2f60fe004600c,windows10-64-shippable-qr,True,False,,,102210fe594ee9b33d82058545b1ed14f4c8206e,console.log-in-loop-content-process-array,damp,True,damp console.log-in-loop-content-process-array opt e10s fission stylo webrender-sw,4768818,77,ms,firefox,,1804224397,2023-11-30 22:54:04,122.08901853511908,68378d2409bc693ef00f3f157ecaea7067df7edc,1340995,,,,,,,,,,,,,,,,,,,,,,,,,,,,,,,,,,,,,,,,,,,,,,,,,,TN,,,,,,,,,,
autoland,4769055,12,f76b60813665636d86169b6507d2f60fe004600c,windows10-64-shippable-qr,True,False,,,102210fe594ee9b33d82058545b1ed14f4c8206e,console.log-in-loop-content-process-array,damp,True,damp console.log-in-loop-content-process-array opt e10s fission stylo webrender-sw,4768818,77,ms,firefox,,1804252230,2023-12-01 03:29:20,122.70504572500522,a1795b069cc23fbcb93366d99b3ddfb8664f054c,1341103,,,,,,,,,,,,,,,,,,,,,,,,,,,,,,,,,,,,,,,,,,,,,,,,,,TN,,,,,,,,,,
autoland,4769055,12,f76b60813665636d86169b6507d2f60fe004600c,windows10-64-shippable-qr,True,False,,,102210fe594ee9b33d82058545b1ed14f4c8206e,console.log-in-loop-content-process-array,damp,True,damp console.log-in-loop-content-process-array opt e10s fission stylo webrender-sw,4768818,77,ms,firefox,,1804448780,2023-12-01 07:13:54,122.19641743543434,81869d55a8d7b3d1d573810ab4e99f63cbe11a8a,1341156,,,,,,,,,,,,,,,,,,,,,,,,,,,,,,,,,,,,,,,,,,,,,,,,,,TN,,,,,,,,,,
autoland,4769055,12,f76b60813665636d86169b6507d2f60fe004600c,windows10-64-shippable-qr,True,False,,,102210fe594ee9b33d82058545b1ed14f4c8206e,console.log-in-loop-content-process-array,damp,True,damp console.log-in-loop-content-process-array opt e10s fission stylo webrender-sw,4768818,77,ms,firefox,,1804485878,2023-12-01 11:47:02,122.3224565321052,7440634a33a31738fc145eeac0bb47bc73fc64a0,1341285,,,,,,,,,,,,,,,,,,,,,,,,,,,,,,,,,,,,,,,,,,,,,,,,,,TN,,,,,,,,,,
autoland,4769055,12,f76b60813665636d86169b6507d2f60fe004600c,windows10-64-shippable-qr,True,False,,,102210fe594ee9b33d82058545b1ed14f4c8206e,console.log-in-loop-content-process-array,damp,True,damp console.log-in-loop-content-process-array opt e10s fission stylo webrender-sw,4768818,77,ms,firefox,,1805560006,2023-12-01 12:02:50,122.8581756344629,fd7274fbdd8b4525ecd996f42fedab0e0ac90ea9,1341303,,,,,,,,,,,,,,,,,,,,,,,,,,,,,,,,,,,,,,,,,,,,,,,,,,TN,,,,,,,,,,
autoland,4769055,12,f76b60813665636d86169b6507d2f60fe004600c,windows10-64-shippable-qr,True,False,,,102210fe594ee9b33d82058545b1ed14f4c8206e,console.log-in-loop-content-process-array,damp,True,damp console.log-in-loop-content-process-array opt e10s fission stylo webrender-sw,4768818,77,ms,firefox,,1805559410,2023-12-01 12:39:48,122.67841855981716,1f71cce4363a35b895e9f8f1124735303759ae82,1341332,,,,,,,,,,,,,,,,,,,,,,,,,,,,,,,,,,,,,,,,,,,,,,,,,,TN,,,,,,,,,,
autoland,4769055,12,f76b60813665636d86169b6507d2f60fe004600c,windows10-64-shippable-qr,True,False,,,102210fe594ee9b33d82058545b1ed14f4c8206e,console.log-in-loop-content-process-array,damp,True,damp console.log-in-loop-content-process-array opt e10s fission stylo webrender-sw,4768818,77,ms,firefox,,1805560222,2023-12-01 12:44:16,123.28437479733384,58c6f5cb94282528c725fffda1a1cd5a3800e9e9,1341337,,,,,,,,,,,,,,,,,,,,,,,,,,,,,,,,,,,,,,,,,,,,,,,,,,TN,,,,,,,,,,
autoland,4769055,12,f76b60813665636d86169b6507d2f60fe004600c,windows10-64-shippable-qr,True,False,,,102210fe594ee9b33d82058545b1ed14f4c8206e,console.log-in-loop-content-process-array,damp,True,damp console.log-in-loop-content-process-array opt e10s fission stylo webrender-sw,4768818,77,ms,firefox,,1805559271,2023-12-01 13:00:41,122.27312647818871,f89831abe6ddccce7dfe467d1f111b77b678b408,1341345,,,,,,,,,,,,,,,,,,,,,,,,,,,,,,,,,,,,,,,,,,,,,,,,,,TN,,,,,,,,,,
autoland,4769055,12,f76b60813665636d86169b6507d2f60fe004600c,windows10-64-shippable-qr,True,False,,,102210fe594ee9b33d82058545b1ed14f4c8206e,console.log-in-loop-content-process-array,damp,True,damp console.log-in-loop-content-process-array opt e10s fission stylo webrender-sw,4768818,77,ms,firefox,,1805559518,2023-12-01 13:01:37,121.54728474406966,90e9477565d002c028c3f4d8f81c84080cce1e3b,1341346,,,,,,,,,,,,,,,,,,,,,,,,,,,,,,,,,,,,,,,,,,,,,,,,,,TN,,,,,,,,,,
autoland,4769055,12,f76b60813665636d86169b6507d2f60fe004600c,windows10-64-shippable-qr,True,False,,,102210fe594ee9b33d82058545b1ed14f4c8206e,console.log-in-loop-content-process-array,damp,True,damp console.log-in-loop-content-process-array opt e10s fission stylo webrender-sw,4768818,77,ms,firefox,,1805560365,2023-12-01 13:48:31,122.58327672893574,5177acef242edbb10cf3e2e072c420f03c5f8b5e,1341373,,,,,,,,,,,,,,,,,,,,,,,,,,,,,,,,,,,,,,,,,,,,,,,,,,TN,,,,,,,,,,
autoland,4769055,12,f76b60813665636d86169b6507d2f60fe004600c,windows10-64-shippable-qr,True,False,,,102210fe594ee9b33d82058545b1ed14f4c8206e,console.log-in-loop-content-process-array,damp,True,damp console.log-in-loop-content-process-array opt e10s fission stylo webrender-sw,4768818,77,ms,firefox,,1805559354,2023-12-01 13:57:21,122.7867112220074,efcdf995dbc7ea9a7b808bb369e34f6ff44ed14d,1341380,,,,,,,,,,,,,,,,,,,,,,,,,,,,,,,,,,,,,,,,,,,,,,,,,,TN,,,,,,,,,,
autoland,4769055,12,f76b60813665636d86169b6507d2f60fe004600c,windows10-64-shippable-qr,True,False,,,102210fe594ee9b33d82058545b1ed14f4c8206e,console.log-in-loop-content-process-array,damp,True,damp console.log-in-loop-content-process-array opt e10s fission stylo webrender-sw,4768818,77,ms,firefox,,1805559348,2023-12-01 14:00:41,123.0081049669152,07f551748c487487678c7828d900083bc1fb6149,1341383,,,,,,,,,,,,,,,,,,,,,,,,,,,,,,,,,,,,,,,,,,,,,,,,,,TN,,,,,,,,,,
autoland,4769055,12,f76b60813665636d86169b6507d2f60fe004600c,windows10-64-shippable-qr,True,False,,,102210fe594ee9b33d82058545b1ed14f4c8206e,console.log-in-loop-content-process-array,damp,True,damp console.log-in-loop-content-process-array opt e10s fission stylo webrender-sw,4768818,77,ms,firefox,,1805559905,2023-12-01 14:01:46,122.93203235293277,71f59ee0f6425c870c09e52dc50e45e1354f37b2,1341384,,,,,,,,,,,,,,,,,,,,,,,,,,,,,,,,,,,,,,,,,,,,,,,,,,TN,,,,,,,,,,
autoland,4769055,12,f76b60813665636d86169b6507d2f60fe004600c,windows10-64-shippable-qr,True,False,,,102210fe594ee9b33d82058545b1ed14f4c8206e,console.log-in-loop-content-process-array,damp,True,damp console.log-in-loop-content-process-array opt e10s fission stylo webrender-sw,4768818,77,ms,firefox,,1804497906,2023-12-01 14:17:01,122.6263716458925,22b9561cfef1c56a9940f5117d7ff6a754861629,1341402,,,,,,,,,,,,,,,,,,,,,,,,,,,,,,,,,,,,,,,,,,,,,,,,,,TN,,,,,,,,,,
autoland,4769055,12,f76b60813665636d86169b6507d2f60fe004600c,windows10-64-shippable-qr,True,False,,,102210fe594ee9b33d82058545b1ed14f4c8206e,console.log-in-loop-content-process-array,damp,True,damp console.log-in-loop-content-process-array opt e10s fission stylo webrender-sw,4768818,77,ms,firefox,,1805750657,2023-12-01 14:36:00,123.85960708497714,2ec416e3c7f7a5346240fc1c93b80ec0b6aaeb49,1341417,,,,,,,,,,,,,,,,,,,,,,,,,,,,,,,,,,,,,,,,,,,,,,,,,,TN,,,,,,,,,,
autoland,4769055,12,f76b60813665636d86169b6507d2f60fe004600c,windows10-64-shippable-qr,True,False,,,102210fe594ee9b33d82058545b1ed14f4c8206e,console.log-in-loop-content-process-array,damp,True,damp console.log-in-loop-content-process-array opt e10s fission stylo webrender-sw,4768818,77,ms,firefox,,1805786308,2023-12-01 14:37:32,122.11722027073849,f1dfd248e6b7519cbbe1de4b20b512ddff928308,1341419,,,,,,,,,,,,,,,,,,,,,,,,,,,,,,,,,,,,,,,,,,,,,,,,,,TN,,,,,,,,,,
autoland,4769055,12,f76b60813665636d86169b6507d2f60fe004600c,windows10-64-shippable-qr,True,False,,,102210fe594ee9b33d82058545b1ed14f4c8206e,console.log-in-loop-content-process-array,damp,True,damp console.log-in-loop-content-process-array opt e10s fission stylo webrender-sw,4768818,77,ms,firefox,,1805789697,2023-12-01 14:37:32,122.26681553353684,f1dfd248e6b7519cbbe1de4b20b512ddff928308,1341419,,,,,,,,,,,,,,,,,,,,,,,,,,,,,,,,,,,,,,,,,,,,,,,,,,TN,,,,,,,,,,
autoland,4769055,12,f76b60813665636d86169b6507d2f60fe004600c,windows10-64-shippable-qr,True,False,,,102210fe594ee9b33d82058545b1ed14f4c8206e,console.log-in-loop-content-process-array,damp,True,damp console.log-in-loop-content-process-array opt e10s fission stylo webrender-sw,4768818,77,ms,firefox,,1805788349,2023-12-01 15:21:51,122.81896421664167,407e629a0c77071d4f5bdc1560d8ce1530d5e3f6,1341459,,,,,,,,,,,,,,,,,,,,,,,,,,,,,,,,,,,,,,,,,,,,,,,,,,TN,,,,,,,,,,
autoland,4769055,12,f76b60813665636d86169b6507d2f60fe004600c,windows10-64-shippable-qr,True,False,,,102210fe594ee9b33d82058545b1ed14f4c8206e,console.log-in-loop-content-process-array,damp,True,damp console.log-in-loop-content-process-array opt e10s fission stylo webrender-sw,4768818,77,ms,firefox,,1805788272,2023-12-01 15:21:51,122.81768272619138,407e629a0c77071d4f5bdc1560d8ce1530d5e3f6,1341459,,,,,,,,,,,,,,,,,,,,,,,,,,,,,,,,,,,,,,,,,,,,,,,,,,TN,,,,,,,,,,
autoland,4769055,12,f76b60813665636d86169b6507d2f60fe004600c,windows10-64-shippable-qr,True,False,,,102210fe594ee9b33d82058545b1ed14f4c8206e,console.log-in-loop-content-process-array,damp,True,damp console.log-in-loop-content-process-array opt e10s fission stylo webrender-sw,4768818,77,ms,firefox,,1805789636,2023-12-01 15:21:51,121.87966452457567,407e629a0c77071d4f5bdc1560d8ce1530d5e3f6,1341459,,,,,,,,,,,,,,,,,,,,,,,,,,,,,,,,,,,,,,,,,,,,,,,,,,TN,,,,,,,,,,
autoland,4769055,12,f76b60813665636d86169b6507d2f60fe004600c,windows10-64-shippable-qr,True,False,,,102210fe594ee9b33d82058545b1ed14f4c8206e,console.log-in-loop-content-process-array,damp,True,damp console.log-in-loop-content-process-array opt e10s fission stylo webrender-sw,4768818,77,ms,firefox,,1805782536,2023-12-01 16:09:38,125.0841814626374,1bdf2f1948ad3f85aafa4d44c7c84d534602ce41,1341487,,,,,,,,,,,,,,,,,,,,,,,,,,,,,,,,,,,,,,,,,,,,,,,,,,TN,,,,,,,,,,
autoland,4769055,12,f76b60813665636d86169b6507d2f60fe004600c,windows10-64-shippable-qr,True,False,,,102210fe594ee9b33d82058545b1ed14f4c8206e,console.log-in-loop-content-process-array,damp,True,damp console.log-in-loop-content-process-array opt e10s fission stylo webrender-sw,4768818,77,ms,firefox,,1805787153,2023-12-01 16:09:38,123.07624566165488,1bdf2f1948ad3f85aafa4d44c7c84d534602ce41,1341487,,,,,,,,,,,,,,,,,,,,,,,,,,,,,,,,,,,,,,,,,,,,,,,,,,TN,,,,,,,,,,
autoland,4769055,12,f76b60813665636d86169b6507d2f60fe004600c,windows10-64-shippable-qr,True,False,,,102210fe594ee9b33d82058545b1ed14f4c8206e,console.log-in-loop-content-process-array,damp,True,damp console.log-in-loop-content-process-array opt e10s fission stylo webrender-sw,4768818,77,ms,firefox,,1805751256,2023-12-01 16:14:13,122.39963600194731,137b2c2d9525d5e6cee2fa77449a58701fa1a01f,1341488,,,,,,,,,,,,,,,,,,,,,,,,,,,,,,,,,,,,,,,,,,,,,,,,,,TN,,,,,,,,,,
autoland,4769055,12,f76b60813665636d86169b6507d2f60fe004600c,windows10-64-shippable-qr,True,False,,,102210fe594ee9b33d82058545b1ed14f4c8206e,console.log-in-loop-content-process-array,damp,True,damp console.log-in-loop-content-process-array opt e10s fission stylo webrender-sw,4768818,77,ms,firefox,,1805757835,2023-12-01 16:14:13,122.62734730867032,137b2c2d9525d5e6cee2fa77449a58701fa1a01f,1341488,,,,,,,,,,,,,,,,,,,,,,,,,,,,,,,,,,,,,,,,,,,,,,,,,,TN,,,,,,,,,,
autoland,4769055,12,f76b60813665636d86169b6507d2f60fe004600c,windows10-64-shippable-qr,True,False,,,102210fe594ee9b33d82058545b1ed14f4c8206e,console.log-in-loop-content-process-array,damp,True,damp console.log-in-loop-content-process-array opt e10s fission stylo webrender-sw,4768818,77,ms,firefox,,1805782028,2023-12-01 16:15:07,121.95005814614431,4948c5f398e41c90544ebd15e67f6ef340d3299f,1341489,,,,,,,,,,,,,,,,,,,,,,,,,,,,,,,,,,,,,,,,,,,,,,,,,,TN,,,,,,,,,,
autoland,4769055,12,f76b60813665636d86169b6507d2f60fe004600c,windows10-64-shippable-qr,True,False,,,102210fe594ee9b33d82058545b1ed14f4c8206e,console.log-in-loop-content-process-array,damp,True,damp console.log-in-loop-content-process-array opt e10s fission stylo webrender-sw,4768818,77,ms,firefox,,1805785926,2023-12-01 16:15:07,121.60475791278986,4948c5f398e41c90544ebd15e67f6ef340d3299f,1341489,,,,,,,,,,,,,,,,,,,,,,,,,,,,,,,,,,,,,,,,,,,,,,,,,,TN,,,,,,,,,,
autoland,4769055,12,f76b60813665636d86169b6507d2f60fe004600c,windows10-64-shippable-qr,True,False,,,102210fe594ee9b33d82058545b1ed14f4c8206e,console.log-in-loop-content-process-array,damp,True,damp console.log-in-loop-content-process-array opt e10s fission stylo webrender-sw,4768818,77,ms,firefox,,1805788794,2023-12-01 16:16:01,122.12055810663968,2fcc35fad0d5f4f9c2436e31b1350f3d09027d55,1341491,,,,,,,,,,,,,,,,,,,,,,,,,,,,,,,,,,,,,,,,,,,,,,,,,,TN,,,,,,,,,,
autoland,4769055,12,f76b60813665636d86169b6507d2f60fe004600c,windows10-64-shippable-qr,True,False,,,102210fe594ee9b33d82058545b1ed14f4c8206e,console.log-in-loop-content-process-array,damp,True,damp console.log-in-loop-content-process-array opt e10s fission stylo webrender-sw,4768818,77,ms,firefox,,1805782586,2023-12-01 16:17:00,122.53966975322874,2e4417ea468fdbfc48f2444f234a0f92028d7a70,1341493,,,,,,,,,,,,,,,,,,,,,,,,,,,,,,,,,,,,,,,,,,,,,,,,,,TN,,,,,,,,,,
autoland,4769055,12,f76b60813665636d86169b6507d2f60fe004600c,windows10-64-shippable-qr,True,False,,,102210fe594ee9b33d82058545b1ed14f4c8206e,console.log-in-loop-content-process-array,damp,True,damp console.log-in-loop-content-process-array opt e10s fission stylo webrender-sw,4768818,77,ms,firefox,,1805786788,2023-12-01 16:17:00,122.29557841043516,2e4417ea468fdbfc48f2444f234a0f92028d7a70,1341493,,,,,,,,,,,,,,,,,,,,,,,,,,,,,,,,,,,,,,,,,,,,,,,,,,TN,,,,,,,,,,
autoland,4769055,12,f76b60813665636d86169b6507d2f60fe004600c,windows10-64-shippable-qr,True,False,,,102210fe594ee9b33d82058545b1ed14f4c8206e,console.log-in-loop-content-process-array,damp,True,damp console.log-in-loop-content-process-array opt e10s fission stylo webrender-sw,4768818,77,ms,firefox,,1805750546,2023-12-01 16:18:08,122.28222098583774,14a6d4cb8291a434c5fe229037374ee7dbc5577b,1341494,,,,,,,,,,,,,,,,,,,,,,,,,,,,,,,,,,,,,,,,,,,,,,,,,,TN,,,,,,,,,,
autoland,4769055,12,f76b60813665636d86169b6507d2f60fe004600c,windows10-64-shippable-qr,True,False,,,102210fe594ee9b33d82058545b1ed14f4c8206e,console.log-in-loop-content-process-array,damp,True,damp console.log-in-loop-content-process-array opt e10s fission stylo webrender-sw,4768818,77,ms,firefox,,1805752526,2023-12-01 16:18:08,122.35918798123656,14a6d4cb8291a434c5fe229037374ee7dbc5577b,1341494,,,,,,,,,,,,,,,,,,,,,,,,,,,,,,,,,,,,,,,,,,,,,,,,,,TN,,,,,,,,,,
autoland,4769055,12,f76b60813665636d86169b6507d2f60fe004600c,windows10-64-shippable-qr,True,False,,,102210fe594ee9b33d82058545b1ed14f4c8206e,console.log-in-loop-content-process-array,damp,True,damp console.log-in-loop-content-process-array opt e10s fission stylo webrender-sw,4768818,77,ms,firefox,,1805558840,2023-12-01 16:19:01,122.63246731303845,371b0bc9d41a54c3845d8e6e08fe4481a97cbca3,1341496,,,,,,,,,,,,,,,,,,,,,,,,,,,,,,,,,,,,,,,,,,,,,,,,,,TN,,,,,,,,,,
autoland,4769055,12,f76b60813665636d86169b6507d2f60fe004600c,windows10-64-shippable-qr,True,False,,,102210fe594ee9b33d82058545b1ed14f4c8206e,console.log-in-loop-content-process-array,damp,True,damp console.log-in-loop-content-process-array opt e10s fission stylo webrender-sw,4768818,77,ms,firefox,,1805558966,2023-12-01 16:20:05,122.23550008209077,ee79c48e48eabc16ef003194ce47bf6ec871e262,1341497,,,,,,,,,,,,,,,,,,,,,,,,,,,,,,,,,,,,,,,,,,,,,,,,,,TN,,,,,,,,,,
autoland,4769055,12,f76b60813665636d86169b6507d2f60fe004600c,windows10-64-shippable-qr,True,False,,,102210fe594ee9b33d82058545b1ed14f4c8206e,console.log-in-loop-content-process-array,damp,True,damp console.log-in-loop-content-process-array opt e10s fission stylo webrender-sw,4768818,77,ms,firefox,,1805559167,2023-12-01 16:21:07,122.34587959818236,c8974c34f991645db30a3c2232f0429417bfe94b,1341499,,,,,,,,,,,,,,,,,,,,,,,,,,,,,,,,,,,,,,,,,,,,,,,,,,TN,,,,,,,,,,
autoland,4769055,12,f76b60813665636d86169b6507d2f60fe004600c,windows10-64-shippable-qr,True,False,,,102210fe594ee9b33d82058545b1ed14f4c8206e,console.log-in-loop-content-process-array,damp,True,damp console.log-in-loop-content-process-array opt e10s fission stylo webrender-sw,4768818,77,ms,firefox,,1805559072,2023-12-01 16:22:06,122.78990895614334,44470c87d2b99f2d2b7ef3520b88c841b0251ee6,1341500,,,,,,,,,,,,,,,,,,,,,,,,,,,,,,,,,,,,,,,,,,,,,,,,,,TN,,,,,,,,,,
autoland,4769055,12,f76b60813665636d86169b6507d2f60fe004600c,windows10-64-shippable-qr,True,False,,,102210fe594ee9b33d82058545b1ed14f4c8206e,console.log-in-loop-content-process-array,damp,True,damp console.log-in-loop-content-process-array opt e10s fission stylo webrender-sw,4768818,77,ms,firefox,,1805560320,2023-12-01 17:10:30,121.94557918795545,b238679471b97efe72d5c4bfff28123b0601db9a,1341524,,,,,,,,,,,,,,,,,,,,,,,,,,,,,,,,,,,,,,,,,,,,,,,,,,TN,,,,,,,,,,
autoland,4769055,12,f76b60813665636d86169b6507d2f60fe004600c,windows10-64-shippable-qr,True,False,,,102210fe594ee9b33d82058545b1ed14f4c8206e,console.log-in-loop-content-process-array,damp,True,damp console.log-in-loop-content-process-array opt e10s fission stylo webrender-sw,4768818,77,ms,firefox,,1805559125,2023-12-01 17:11:23,122.56765908178568,dca6957049cc67976cc5693105f6485a461437af,1341525,,,,,,,,,,,,,,,,,,,,,,,,,,,,,,,,,,,,,,,,,,,,,,,,,,TN,,,,,,,,,,
autoland,4769055,12,f76b60813665636d86169b6507d2f60fe004600c,windows10-64-shippable-qr,True,False,,,102210fe594ee9b33d82058545b1ed14f4c8206e,console.log-in-loop-content-process-array,damp,True,damp console.log-in-loop-content-process-array opt e10s fission stylo webrender-sw,4768818,77,ms,firefox,,1805559220,2023-12-01 17:12:22,122.44268930934231,92321965ea1940e91662a29e402e2f66144f35fb,1341526,,,,,,,,,,,,,,,,,,,,,,,,,,,,,,,,,,,,,,,,,,,,,,,,,,TN,,,,,,,,,,
autoland,4769055,12,f76b60813665636d86169b6507d2f60fe004600c,windows10-64-shippable-qr,True,False,,,102210fe594ee9b33d82058545b1ed14f4c8206e,console.log-in-loop-content-process-array,damp,True,damp console.log-in-loop-content-process-array opt e10s fission stylo webrender-sw,4768818,77,ms,firefox,,1805560453,2023-12-01 17:13:24,122.0716978349874,0279020821f558ab90526236369731d3993d69bf,1341528,,,,,,,,,,,,,,,,,,,,,,,,,,,,,,,,,,,,,,,,,,,,,,,,,,TN,,,,,,,,,,
autoland,4769055,12,f76b60813665636d86169b6507d2f60fe004600c,windows10-64-shippable-qr,True,False,,,102210fe594ee9b33d82058545b1ed14f4c8206e,console.log-in-loop-content-process-array,damp,True,damp console.log-in-loop-content-process-array opt e10s fission stylo webrender-sw,4768818,77,ms,firefox,,1805559486,2023-12-01 17:21:12,122.72198672146531,4b067045df45408b2e998abc7ecb116950a87779,1341531,,,,,,,,,,,,,,,,,,,,,,,,,,,,,,,,,,,,,,,,,,,,,,,,,,TN,,,,,,,,,,
autoland,4769055,12,f76b60813665636d86169b6507d2f60fe004600c,windows10-64-shippable-qr,True,False,,,102210fe594ee9b33d82058545b1ed14f4c8206e,console.log-in-loop-content-process-array,damp,True,damp console.log-in-loop-content-process-array opt e10s fission stylo webrender-sw,4768818,77,ms,firefox,,1804566020,2023-12-01 17:28:20,122.6582380016971,efe09552a4d3540f0639e50d023f74997921fa37,1341534,,,,,,,,,,,,,,,,,,,,,,,,,,,,,,,,,,,,,,,,,,,,,,,,,,TN,,,,,,,,,,
autoland,4769055,12,f76b60813665636d86169b6507d2f60fe004600c,windows10-64-shippable-qr,True,False,,,102210fe594ee9b33d82058545b1ed14f4c8206e,console.log-in-loop-content-process-array,damp,True,damp console.log-in-loop-content-process-array opt e10s fission stylo webrender-sw,4768818,77,ms,firefox,,1805559920,2023-12-01 19:19:46,122.16753308370336,0651b5aa82bcb28b24cf1d92ca6b56de8b7ea529,1341606,,,,,,,,,,,,,,,,,,,,,,,,,,,,,,,,,,,,,,,,,,,,,,,,,,TN,,,,,,,,,,
autoland,4769055,12,f76b60813665636d86169b6507d2f60fe004600c,windows10-64-shippable-qr,True,False,,,102210fe594ee9b33d82058545b1ed14f4c8206e,console.log-in-loop-content-process-array,damp,True,damp console.log-in-loop-content-process-array opt e10s fission stylo webrender-sw,4768818,77,ms,firefox,,1805559576,2023-12-01 19:21:29,122.45446182780596,395e2da83ee8013844620d77f01730af2164eafc,1341607,,,,,,,,,,,,,,,,,,,,,,,,,,,,,,,,,,,,,,,,,,,,,,,,,,TN,,,,,,,,,,
autoland,4769055,12,f76b60813665636d86169b6507d2f60fe004600c,windows10-64-shippable-qr,True,False,,,102210fe594ee9b33d82058545b1ed14f4c8206e,console.log-in-loop-content-process-array,damp,True,damp console.log-in-loop-content-process-array opt e10s fission stylo webrender-sw,4768818,77,ms,firefox,,1805559679,2023-12-01 19:22:33,122.86905345422927,79ab6b2ca205df8f3aea4a749d7f81c062b9d1cb,1341609,,,,,,,,,,,,,,,,,,,,,,,,,,,,,,,,,,,,,,,,,,,,,,,,,,TN,,,,,,,,,,
autoland,4769055,12,f76b60813665636d86169b6507d2f60fe004600c,windows10-64-shippable-qr,True,False,,,102210fe594ee9b33d82058545b1ed14f4c8206e,console.log-in-loop-content-process-array,damp,True,damp console.log-in-loop-content-process-array opt e10s fission stylo webrender-sw,4768818,77,ms,firefox,,1805559768,2023-12-01 19:31:46,122.45305469596497,97bd03fdb1bec86b388b3393aa328608da4b388d,1341619,,,,,,,,,,,,,,,,,,,,,,,,,,,,,,,,,,,,,,,,,,,,,,,,,,TN,,,,,,,,,,
autoland,4769055,12,f76b60813665636d86169b6507d2f60fe004600c,windows10-64-shippable-qr,True,False,,,102210fe594ee9b33d82058545b1ed14f4c8206e,console.log-in-loop-content-process-array,damp,True,damp console.log-in-loop-content-process-array opt e10s fission stylo webrender-sw,4768818,77,ms,firefox,,1805559771,2023-12-01 20:03:19,121.79688260000783,9f4e654aca48bbf21fe893213989c7eef3cac4d7,1341635,,,,,,,,,,,,,,,,,,,,,,,,,,,,,,,,,,,,,,,,,,,,,,,,,,TN,,,,,,,,,,
autoland,4769055,12,f76b60813665636d86169b6507d2f60fe004600c,windows10-64-shippable-qr,True,False,,,102210fe594ee9b33d82058545b1ed14f4c8206e,console.log-in-loop-content-process-array,damp,True,damp console.log-in-loop-content-process-array opt e10s fission stylo webrender-sw,4768818,77,ms,firefox,,1805627684,2023-12-01 20:24:30,122.07054883337332,68d282cd2e440c68e3ee3b7212b0ec80ff165556,1341652,,,,,,,,,,,,,,,,,,,,,,,,,,,,,,,,,,,,,,,,,,,,,,,,,,TN,,,,,,,,,,
autoland,4769055,12,f76b60813665636d86169b6507d2f60fe004600c,windows10-64-shippable-qr,True,False,,,102210fe594ee9b33d82058545b1ed14f4c8206e,console.log-in-loop-content-process-array,damp,True,damp console.log-in-loop-content-process-array opt e10s fission stylo webrender-sw,4768818,77,ms,firefox,,1805589050,2023-12-01 20:32:10,122.32850972032884,3b40b3d69e6c66f8885b2e895598b0174cee4023,1341657,,,,,,,,,,,,,,,,,,,,,,,,,,,,,,,,,,,,,,,,,,,,,,,,,,TN,,,,,,,,,,
autoland,4769055,12,f76b60813665636d86169b6507d2f60fe004600c,windows10-64-shippable-qr,True,False,,,102210fe594ee9b33d82058545b1ed14f4c8206e,console.log-in-loop-content-process-array,damp,True,damp console.log-in-loop-content-process-array opt e10s fission stylo webrender-sw,4768818,77,ms,firefox,,1805585429,2023-12-01 20:33:03,122.45386623212652,d438636f36a65ffa280282b2d5f4331c394b9ecc,1341658,,,,,,,,,,,,,,,,,,,,,,,,,,,,,,,,,,,,,,,,,,,,,,,,,,TN,,,,,,,,,,
autoland,4769055,12,f76b60813665636d86169b6507d2f60fe004600c,windows10-64-shippable-qr,True,False,,,102210fe594ee9b33d82058545b1ed14f4c8206e,console.log-in-loop-content-process-array,damp,True,damp console.log-in-loop-content-process-array opt e10s fission stylo webrender-sw,4768818,77,ms,firefox,,1805560098,2023-12-01 20:33:58,120.84704496139602,e137b455c47994bb690ef6d933a429894853ee68,1341659,,,,,,,,,,,,,,,,,,,,,,,,,,,,,,,,,,,,,,,,,,,,,,,,,,TN,,,,,,,,,,
autoland,4769055,12,f76b60813665636d86169b6507d2f60fe004600c,windows10-64-shippable-qr,True,False,,,102210fe594ee9b33d82058545b1ed14f4c8206e,console.log-in-loop-content-process-array,damp,True,damp console.log-in-loop-content-process-array opt e10s fission stylo webrender-sw,4768818,77,ms,firefox,,1804631894,2023-12-01 20:34:55,121.9019759769808,a5a9381a759e44485d639727614ceb2b77851c90,1341661,,,,,,,,,,,,,,,,,,,,,,,,,,,,,,,,,,,,,,,,,,,,,,,,,,TN,,,,,,,,,,
autoland,4769055,12,f76b60813665636d86169b6507d2f60fe004600c,windows10-64-shippable-qr,True,False,,,102210fe594ee9b33d82058545b1ed14f4c8206e,console.log-in-loop-content-process-array,damp,True,damp console.log-in-loop-content-process-array opt e10s fission stylo webrender-sw,4768818,77,ms,firefox,,1805586645,2023-12-01 22:06:00,123.61708445973636,8199d5ce1bfa86e7bf2927addae394489327fdd8,1341731,,,,,,,,,,,,,,,,,,,,,,,,,,,,,,,,,,,,,,,,,,,,,,,,,,TN,,,,,,,,,,
autoland,4769055,12,f76b60813665636d86169b6507d2f60fe004600c,windows10-64-shippable-qr,True,False,,,102210fe594ee9b33d82058545b1ed14f4c8206e,console.log-in-loop-content-process-array,damp,True,damp console.log-in-loop-content-process-array opt e10s fission stylo webrender-sw,4768818,77,ms,firefox,,1805628108,2023-12-01 22:07:15,123.2522426487767,f5150abdafbd2d22d415f511fd58fc4e564f048e,1341734,,,,,,,,,,,,,,,,,,,,,,,,,,,,,,,,,,,,,,,,,,,,,,,,,,TN,,,,,,,,,,
autoland,4769055,12,f76b60813665636d86169b6507d2f60fe004600c,windows10-64-shippable-qr,True,False,,,102210fe594ee9b33d82058545b1ed14f4c8206e,console.log-in-loop-content-process-array,damp,True,damp console.log-in-loop-content-process-array opt e10s fission stylo webrender-sw,4768818,77,ms,firefox,,1805590610,2023-12-01 22:48:54,121.9479268959949,d8bdabb500fbfe7bf06cca37b0a49d1ff4b4ecbd,1341743,,,,,,,,,,,,,,,,,,,,,,,,,,,,,,,,,,,,,,,,,,,,,,,,,,TN,,,,,,,,,,
autoland,4769055,12,f76b60813665636d86169b6507d2f60fe004600c,windows10-64-shippable-qr,True,False,,,102210fe594ee9b33d82058545b1ed14f4c8206e,console.log-in-loop-content-process-array,damp,True,damp console.log-in-loop-content-process-array opt e10s fission stylo webrender-sw,4768818,77,ms,firefox,,1805588757,2023-12-01 22:50:02,122.0325358655682,1d035302ec6286fa9ff1584b21cc51b084a2644b,1341744,,,,,,,,,,,,,,,,,,,,,,,,,,,,,,,,,,,,,,,,,,,,,,,,,,TN,,,,,,,,,,
autoland,4769055,12,f76b60813665636d86169b6507d2f60fe004600c,windows10-64-shippable-qr,True,False,,,102210fe594ee9b33d82058545b1ed14f4c8206e,console.log-in-loop-content-process-array,damp,True,damp console.log-in-loop-content-process-array opt e10s fission stylo webrender-sw,4768818,77,ms,firefox,,1805585922,2023-12-01 22:59:57,122.15084945876424,06a18be539c03bc377b57540c221d26a44024fa0,1341756,,,,,,,,,,,,,,,,,,,,,,,,,,,,,,,,,,,,,,,,,,,,,,,,,,TN,,,,,,,,,,
autoland,4769055,12,f76b60813665636d86169b6507d2f60fe004600c,windows10-64-shippable-qr,True,False,,,102210fe594ee9b33d82058545b1ed14f4c8206e,console.log-in-loop-content-process-array,damp,True,damp console.log-in-loop-content-process-array opt e10s fission stylo webrender-sw,4768818,77,ms,firefox,,1805589724,2023-12-01 23:17:26,121.6911107136466,84eaf323b53ed1282e7b2d4f4e8821309ea2aa3e,1341766,,,,,,,,,,,,,,,,,,,,,,,,,,,,,,,,,,,,,,,,,,,,,,,,,,TN,,,,,,,,,,
autoland,4769055,12,f76b60813665636d86169b6507d2f60fe004600c,windows10-64-shippable-qr,True,False,,,102210fe594ee9b33d82058545b1ed14f4c8206e,console.log-in-loop-content-process-array,damp,True,damp console.log-in-loop-content-process-array opt e10s fission stylo webrender-sw,4768818,77,ms,firefox,,1805561032,2023-12-01 23:29:44,122.54896606525836,387f8657fe91f06ad2988f2381601d3f55533a9b,1341770,,,,,,,,,,,,,,,,,,,,,,,,,,,,,,,,,,,,,,,,,,,,,,,,,,TN,,,,,,,,,,
autoland,4769055,12,f76b60813665636d86169b6507d2f60fe004600c,windows10-64-shippable-qr,True,False,,,102210fe594ee9b33d82058545b1ed14f4c8206e,console.log-in-loop-content-process-array,damp,True,damp console.log-in-loop-content-process-array opt e10s fission stylo webrender-sw,4768818,77,ms,firefox,,1805561203,2023-12-01 23:35:18,122.61062522336032,b2c7644e41eb5e082bf26a7b02cf780d20bada1c,1341772,,,,,,,,,,,,,,,,,,,,,,,,,,,,,,,,,,,,,,,,,,,,,,,,,,TN,,,,,,,,,,
autoland,4769055,12,f76b60813665636d86169b6507d2f60fe004600c,windows10-64-shippable-qr,True,False,,,102210fe594ee9b33d82058545b1ed14f4c8206e,console.log-in-loop-content-process-array,damp,True,damp console.log-in-loop-content-process-array opt e10s fission stylo webrender-sw,4768818,77,ms,firefox,,1805627021,2023-12-02 00:00:05,122.84554335742088,69baaa4f31721fbc09b490c3cb1cdb465564e79e,1341776,,,,,,,,,,,,,,,,,,,,,,,,,,,,,,,,,,,,,,,,,,,,,,,,,,TN,,,,,,,,,,
autoland,4769055,12,f76b60813665636d86169b6507d2f60fe004600c,windows10-64-shippable-qr,True,False,,,102210fe594ee9b33d82058545b1ed14f4c8206e,console.log-in-loop-content-process-array,damp,True,damp console.log-in-loop-content-process-array opt e10s fission stylo webrender-sw,4768818,77,ms,firefox,,1804725791,2023-12-02 01:52:53,121.87372853354918,bf4c1083cec10076ccbf07f2cfc3e18b04d0bf72,1341816,,,,,,,,,,,,,,,,,,,,,,,,,,,,,,,,,,,,,,,,,,,,,,,,,,TN,,,,,,,,,,
autoland,4769055,12,f76b60813665636d86169b6507d2f60fe004600c,windows10-64-shippable-qr,True,False,,,102210fe594ee9b33d82058545b1ed14f4c8206e,console.log-in-loop-content-process-array,damp,True,damp console.log-in-loop-content-process-array opt e10s fission stylo webrender-sw,4768818,77,ms,firefox,,1804856427,2023-12-02 08:10:23,123.53597941624504,965cddb8421900af69da86a586e617bf7dec3b56,1341832,,,,,,,,,,,,,,,,,,,,,,,,,,,,,,,,,,,,,,,,,,,,,,,,,,TN,,,,,,,,,,
autoland,4769055,12,f76b60813665636d86169b6507d2f60fe004600c,windows10-64-shippable-qr,True,False,,,102210fe594ee9b33d82058545b1ed14f4c8206e,console.log-in-loop-content-process-array,damp,True,damp console.log-in-loop-content-process-array opt e10s fission stylo webrender-sw,4768818,77,ms,firefox,,1804948781,2023-12-02 14:39:28,122.21924124291763,2d582fee4916ee442de05970cc77f7be702c22a2,1341863,,,,,,,,,,,,,,,,,,,,,,,,,,,,,,,,,,,,,,,,,,,,,,,,,,TN,,,,,,,,,,
autoland,4769055,12,f76b60813665636d86169b6507d2f60fe004600c,windows10-64-shippable-qr,True,False,,,102210fe594ee9b33d82058545b1ed14f4c8206e,console.log-in-loop-content-process-array,damp,True,damp console.log-in-loop-content-process-array opt e10s fission stylo webrender-sw,4768818,77,ms,firefox,,1805022645,2023-12-02 18:55:31,122.45194710153372,d5a2cb7b9272b5c9cdfe4a0397c570ce5f9260bf,1341891,,,,,,,,,,,,,,,,,,,,,,,,,,,,,,,,,,,,,,,,,,,,,,,,,,TN,,,,,,,,,,
autoland,4769055,12,f76b60813665636d86169b6507d2f60fe004600c,windows10-64-shippable-qr,True,False,,,102210fe594ee9b33d82058545b1ed14f4c8206e,console.log-in-loop-content-process-array,damp,True,damp console.log-in-loop-content-process-array opt e10s fission stylo webrender-sw,4768818,77,ms,firefox,,1805075362,2023-12-03 00:49:27,122.54444841908207,fe75ab906c798b6697934b3789355dceb5748966,1341930,,,,,,,,,,,,,,,,,,,,,,,,,,,,,,,,,,,,,,,,,,,,,,,,,,TN,,,,,,,,,,
autoland,4769055,12,f76b60813665636d86169b6507d2f60fe004600c,windows10-64-shippable-qr,True,False,,,102210fe594ee9b33d82058545b1ed14f4c8206e,console.log-in-loop-content-process-array,damp,True,damp console.log-in-loop-content-process-array opt e10s fission stylo webrender-sw,4768818,77,ms,firefox,,1805112804,2023-12-03 05:05:07,122.66882252689628,8e959a7ded5f111e711c06a6728f76d3bd660699,1341942,,,,,,,,,,,,,,,,,,,,,,,,,,,,,,,,,,,,,,,,,,,,,,,,,,TN,,,,,,,,,,
autoland,4769055,12,f76b60813665636d86169b6507d2f60fe004600c,windows10-64-shippable-qr,True,False,,,102210fe594ee9b33d82058545b1ed14f4c8206e,console.log-in-loop-content-process-array,damp,True,damp console.log-in-loop-content-process-array opt e10s fission stylo webrender-sw,4768818,77,ms,firefox,,1805228252,2023-12-03 10:45:57,122.7488620790282,5d84c395021682cc2af1bf5da98c205cfbc32f76,1341997,,,,,,,,,,,,,,,,,,,,,,,,,,,,,,,,,,,,,,,,,,,,,,,,,,TN,,,,,,,,,,
autoland,4769055,12,f76b60813665636d86169b6507d2f60fe004600c,windows10-64-shippable-qr,True,False,,,102210fe594ee9b33d82058545b1ed14f4c8206e,console.log-in-loop-content-process-array,damp,True,damp console.log-in-loop-content-process-array opt e10s fission stylo webrender-sw,4768818,77,ms,firefox,,1805243849,2023-12-03 12:21:22,122.52644477743615,3445cc3f842050a3cdfc4da74ce254df933f7e7b,1342011,,,,,,,,,,,,,,,,,,,,,,,,,,,,,,,,,,,,,,,,,,,,,,,,,,TN,,,,,,,,,,
autoland,4769055,12,f76b60813665636d86169b6507d2f60fe004600c,windows10-64-shippable-qr,True,False,,,102210fe594ee9b33d82058545b1ed14f4c8206e,console.log-in-loop-content-process-array,damp,True,damp console.log-in-loop-content-process-array opt e10s fission stylo webrender-sw,4768818,77,ms,firefox,,1805300055,2023-12-03 18:05:44,121.76948837126656,8038f0b90bbd46dcb74eaaddf1fd1c6871dc4426,1342033,,,,,,,,,,,,,,,,,,,,,,,,,,,,,,,,,,,,,,,,,,,,,,,,,,TN,,,,,,,,,,
autoland,4769055,12,f76b60813665636d86169b6507d2f60fe004600c,windows10-64-shippable-qr,True,False,,,102210fe594ee9b33d82058545b1ed14f4c8206e,console.log-in-loop-content-process-array,damp,True,damp console.log-in-loop-content-process-array opt e10s fission stylo webrender-sw,4768818,77,ms,firefox,,1805412910,2023-12-04 01:54:51,122.58101622321284,369922cc5c4efad6c87b13600325eb5a989cde81,1342108,,,,,,,,,,,,,,,,,,,,,,,,,,,,,,,,,,,,,,,,,,,,,,,,,,TN,,,,,,,,,,
autoland,4769055,12,f76b60813665636d86169b6507d2f60fe004600c,windows10-64-shippable-qr,True,False,,,102210fe594ee9b33d82058545b1ed14f4c8206e,console.log-in-loop-content-process-array,damp,True,damp console.log-in-loop-content-process-array opt e10s fission stylo webrender-sw,4768818,77,ms,firefox,,1805673436,2023-12-04 11:05:28,122.61933246930676,223106736a61f5cc112b0cc9d38ab1f63e034f89,1342238,,,,,,,,,,,,,,,,,,,,,,,,,,,,,,,,,,,,,,,,,,,,,,,,,,TN,,,,,,,,,,
autoland,4769055,12,f76b60813665636d86169b6507d2f60fe004600c,windows10-64-shippable-qr,True,False,,,102210fe594ee9b33d82058545b1ed14f4c8206e,console.log-in-loop-content-process-array,damp,True,damp console.log-in-loop-content-process-array opt e10s fission stylo webrender-sw,4768818,77,ms,firefox,,1805664287,2023-12-04 11:06:23,122.31878171202608,20b709d0fa5633c408dd900f830b09af96c0465d,1342240,,,,,,,,,,,,,,,,,,,,,,,,,,,,,,,,,,,,,,,,,,,,,,,,,,TN,,,,,,,,,,
autoland,4769055,12,f76b60813665636d86169b6507d2f60fe004600c,windows10-64-shippable-qr,True,False,,,102210fe594ee9b33d82058545b1ed14f4c8206e,console.log-in-loop-content-process-array,damp,True,damp console.log-in-loop-content-process-array opt e10s fission stylo webrender-sw,4768818,77,ms,firefox,,1805777071,2023-12-04 14:54:31,122.63247054550902,38094e01a744c421fe469d9a01cbfe12a1ee949b,1342377,,,,,,,,,,,,,,,,,,,,,,,,,,,,,,,,,,,,,,,,,,,,,,,,,,TN,,,,,,,,,,
autoland,4769055,12,f76b60813665636d86169b6507d2f60fe004600c,windows10-64-shippable-qr,True,False,,,102210fe594ee9b33d82058545b1ed14f4c8206e,console.log-in-loop-content-process-array,damp,True,damp console.log-in-loop-content-process-array opt e10s fission stylo webrender-sw,4768818,77,ms,firefox,,1805909672,2023-12-04 19:05:48,122.4126137405474,72ca57fdc9feb1e9765ce2cc4f26b6b60135122f,1342587,,,,,,,,,,,,,,,,,,,,,,,,,,,,,,,,,,,,,,,,,,,,,,,,,,TN,,,,,,,,,,
autoland,4769055,12,f76b60813665636d86169b6507d2f60fe004600c,windows10-64-shippable-qr,True,False,,,102210fe594ee9b33d82058545b1ed14f4c8206e,console.log-in-loop-content-process-array,damp,True,damp console.log-in-loop-content-process-array opt e10s fission stylo webrender-sw,4768818,77,ms,firefox,,1806052881,2023-12-04 22:13:56,122.98711294900204,3d0a5f6fd8b4a0537cb85ae502a4be6cafec1c23,1342750,,,,,,,,,,,,,,,,,,,,,,,,,,,,,,,,,,,,,,,,,,,,,,,,,,TN,,,,,,,,,,
autoland,4769055,12,f76b60813665636d86169b6507d2f60fe004600c,windows10-64-shippable-qr,True,False,,,102210fe594ee9b33d82058545b1ed14f4c8206e,console.log-in-loop-content-process-array,damp,True,damp console.log-in-loop-content-process-array opt e10s fission stylo webrender-sw,4768818,77,ms,firefox,,1806144672,2023-12-05 02:36:15,122.38602800502122,39486bb8305a2e3128c6ecd97d33378744922507,1342897,,,,,,,,,,,,,,,,,,,,,,,,,,,,,,,,,,,,,,,,,,,,,,,,,,TN,,,,,,,,,,
autoland,4769055,12,f76b60813665636d86169b6507d2f60fe004600c,windows10-64-shippable-qr,True,False,,,102210fe594ee9b33d82058545b1ed14f4c8206e,console.log-in-loop-content-process-array,damp,True,damp console.log-in-loop-content-process-array opt e10s fission stylo webrender-sw,4768818,77,ms,firefox,,1806173092,2023-12-05 03:50:36,122.04810817803444,775ade8b04da775ad41d5d135baae415863a874c,1342908,,,,,,,,,,,,,,,,,,,,,,,,,,,,,,,,,,,,,,,,,,,,,,,,,,TN,,,,,,,,,,
autoland,4769055,12,f76b60813665636d86169b6507d2f60fe004600c,windows10-64-shippable-qr,True,False,,,102210fe594ee9b33d82058545b1ed14f4c8206e,console.log-in-loop-content-process-array,damp,True,damp console.log-in-loop-content-process-array opt e10s fission stylo webrender-sw,4768818,77,ms,firefox,,1806299440,2023-12-05 08:48:01,122.06773483465167,429e8cc8473b4c76828d06e2f07abbeb9dbebd81,1342965,,,,,,,,,,,,,,,,,,,,,,,,,,,,,,,,,,,,,,,,,,,,,,,,,,TN,,,,,,,,,,
autoland,4769055,12,f76b60813665636d86169b6507d2f60fe004600c,windows10-64-shippable-qr,True,False,,,102210fe594ee9b33d82058545b1ed14f4c8206e,console.log-in-loop-content-process-array,damp,True,damp console.log-in-loop-content-process-array opt e10s fission stylo webrender-sw,4768818,77,ms,firefox,,1806381168,2023-12-05 11:07:31,121.09497666645711,10602eb918edd2ccf85a22fb60b3dc62c845c42a,1343031,,,,,,,,,,,,,,,,,,,,,,,,,,,,,,,,,,,,,,,,,,,,,,,,,,TN,,,,,,,,,,
autoland,4769055,12,f76b60813665636d86169b6507d2f60fe004600c,windows10-64-shippable-qr,True,False,,,102210fe594ee9b33d82058545b1ed14f4c8206e,console.log-in-loop-content-process-array,damp,True,damp console.log-in-loop-content-process-array opt e10s fission stylo webrender-sw,4768818,77,ms,firefox,,1806481014,2023-12-05 15:11:37,121.24175510599798,e603b8b016d76de025bea02bfdc1e0590166c2c0,1343145,,,,,,,,,,,,,,,,,,,,,,,,,,,,,,,,,,,,,,,,,,,,,,,,,,TN,,,,,,,,,,
autoland,4769055,12,f76b60813665636d86169b6507d2f60fe004600c,windows10-64-shippable-qr,True,False,,,102210fe594ee9b33d82058545b1ed14f4c8206e,console.log-in-loop-content-process-array,damp,True,damp console.log-in-loop-content-process-array opt e10s fission stylo webrender-sw,4768818,77,ms,firefox,,1806531289,2023-12-05 16:28:46,121.63300094276563,91bda8b5915b84ed6533a6620f955f271dc5aac3,1343203,,,,,,,,,,,,,,,,,,,,,,,,,,,,,,,,,,,,,,,,,,,,,,,,,,TN,,,,,,,,,,
autoland,4769055,12,f76b60813665636d86169b6507d2f60fe004600c,windows10-64-shippable-qr,True,False,,,102210fe594ee9b33d82058545b1ed14f4c8206e,console.log-in-loop-content-process-array,damp,True,damp console.log-in-loop-content-process-array opt e10s fission stylo webrender-sw,4768818,77,ms,firefox,,1806717213,2023-12-05 20:37:35,122.50472150058522,f778448a1da5f0622c4361d37810461a035f4627,1343409,,,,,,,,,,,,,,,,,,,,,,,,,,,,,,,,,,,,,,,,,,,,,,,,,,TN,,,,,,,,,,
autoland,4769055,12,f76b60813665636d86169b6507d2f60fe004600c,windows10-64-shippable-qr,True,False,,,102210fe594ee9b33d82058545b1ed14f4c8206e,console.log-in-loop-content-process-array,damp,True,damp console.log-in-loop-content-process-array opt e10s fission stylo webrender-sw,4768818,77,ms,firefox,,1806820178,2023-12-05 21:38:52,121.8673765476442,177375e24d1352ab203de0ac3aa53003c5d0ffd2,1343440,,,,,,,,,,,,,,,,,,,,,,,,,,,,,,,,,,,,,,,,,,,,,,,,,,TN,,,,,,,,,,
autoland,4769055,12,f76b60813665636d86169b6507d2f60fe004600c,windows10-64-shippable-qr,True,False,,,102210fe594ee9b33d82058545b1ed14f4c8206e,console.log-in-loop-content-process-array,damp,True,damp console.log-in-loop-content-process-array opt e10s fission stylo webrender-sw,4768818,77,ms,firefox,,1806899423,2023-12-06 02:13:38,121.93499785642598,30004166d9f2cc3399da68e8762c35b1b886c0dc,1343563,,,,,,,,,,,,,,,,,,,,,,,,,,,,,,,,,,,,,,,,,,,,,,,,,,TN,,,,,,,,,,
autoland,4769055,12,f76b60813665636d86169b6507d2f60fe004600c,windows10-64-shippable-qr,True,False,,,102210fe594ee9b33d82058545b1ed14f4c8206e,console.log-in-loop-content-process-array,damp,True,damp console.log-in-loop-content-process-array opt e10s fission stylo webrender-sw,4768818,77,ms,firefox,,1807035451,2023-12-06 09:09:58,122.541421603848,63afa0f8febdc8b199d998d50bb76fc8f7945c3e,1343650,,,,,,,,,,,,,,,,,,,,,,,,,,,,,,,,,,,,,,,,,,,,,,,,,,TN,,,,,,,,,,
autoland,4769055,12,f76b60813665636d86169b6507d2f60fe004600c,windows10-64-shippable-qr,True,False,,,102210fe594ee9b33d82058545b1ed14f4c8206e,console.log-in-loop-content-process-array,damp,True,damp console.log-in-loop-content-process-array opt e10s fission stylo webrender-sw,4768818,77,ms,firefox,,1807129643,2023-12-06 13:42:54,122.95447361935749,52f516546de7ac66228e074000877d32ebf093af,1343745,,,,,,,,,,,,,,,,,,,,,,,,,,,,,,,,,,,,,,,,,,,,,,,,,,TN,,,,,,,,,,
autoland,4769055,12,f76b60813665636d86169b6507d2f60fe004600c,windows10-64-shippable-qr,True,False,,,102210fe594ee9b33d82058545b1ed14f4c8206e,console.log-in-loop-content-process-array,damp,True,damp console.log-in-loop-content-process-array opt e10s fission stylo webrender-sw,4768818,77,ms,firefox,,1807148802,2023-12-06 14:11:26,122.82318896182552,a035ddfc75fc597cd1df3c347d2cbbc50568f884,1343771,,,,,,,,,,,,,,,,,,,,,,,,,,,,,,,,,,,,,,,,,,,,,,,,,,TN,,,,,,,,,,
autoland,4769055,12,f76b60813665636d86169b6507d2f60fe004600c,windows10-64-shippable-qr,True,False,,,102210fe594ee9b33d82058545b1ed14f4c8206e,console.log-in-loop-content-process-array,damp,True,damp console.log-in-loop-content-process-array opt e10s fission stylo webrender-sw,4768818,77,ms,firefox,,1807297908,2023-12-06 18:17:17,122.19414939914986,ab110e2fcc6ab3c8e078fe970b109f482069386e,1343990,,,,,,,,,,,,,,,,,,,,,,,,,,,,,,,,,,,,,,,,,,,,,,,,,,TN,,,,,,,,,,
autoland,4769055,12,f76b60813665636d86169b6507d2f60fe004600c,windows10-64-shippable-qr,True,False,,,102210fe594ee9b33d82058545b1ed14f4c8206e,console.log-in-loop-content-process-array,damp,True,damp console.log-in-loop-content-process-array opt e10s fission stylo webrender-sw,4768818,77,ms,firefox,,1807423858,2023-12-06 22:50:02,121.81019025620844,f3fc0213f527ba806a10092bbadec34e00dbe4f6,1344189,,,,,,,,,,,,,,,,,,,,,,,,,,,,,,,,,,,,,,,,,,,,,,,,,,TN,,,,,,,,,,
autoland,4769055,12,f76b60813665636d86169b6507d2f60fe004600c,windows10-64-shippable-qr,True,False,,,102210fe594ee9b33d82058545b1ed14f4c8206e,console.log-in-loop-content-process-array,damp,True,damp console.log-in-loop-content-process-array opt e10s fission stylo webrender-sw,4768818,77,ms,firefox,,1807528268,2023-12-07 04:18:34,122.53002540204125,93a04e8835aaaf359b24f47f54d622f7d36fd813,1344290,,,,,,,,,,,,,,,,,,,,,,,,,,,,,,,,,,,,,,,,,,,,,,,,,,TN,,,,,,,,,,
autoland,4769055,12,f76b60813665636d86169b6507d2f60fe004600c,windows10-64-shippable-qr,True,False,,,102210fe594ee9b33d82058545b1ed14f4c8206e,console.log-in-loop-content-process-array,damp,True,damp console.log-in-loop-content-process-array opt e10s fission stylo webrender-sw,4768818,77,ms,firefox,,1807641018,2023-12-07 09:07:30,124.9245652432146,f5d904bee3fe6c9e79061b56c8499b6154f7d3ff,1344349,,,,,,,,,,,,,,,,,,,,,,,,,,,,,,,,,,,,,,,,,,,,,,,,,,TN,,,,,,,,,,
autoland,4769055,12,f76b60813665636d86169b6507d2f60fe004600c,windows10-64-shippable-qr,True,False,,,102210fe594ee9b33d82058545b1ed14f4c8206e,console.log-in-loop-content-process-array,damp,True,damp console.log-in-loop-content-process-array opt e10s fission stylo webrender-sw,4768818,77,ms,firefox,,1807744624,2023-12-07 12:51:56,123.41275814600158,bea12a00706c3b2951d467008996bf7e89d17e5b,1344456,,,,,,,,,,,,,,,,,,,,,,,,,,,,,,,,,,,,,,,,,,,,,,,,,,TN,,,,,,,,,,
autoland,4769055,12,f76b60813665636d86169b6507d2f60fe004600c,windows10-64-shippable-qr,True,False,,,102210fe594ee9b33d82058545b1ed14f4c8206e,console.log-in-loop-content-process-array,damp,True,damp console.log-in-loop-content-process-array opt e10s fission stylo webrender-sw,4768818,77,ms,firefox,,1808071079,2023-12-07 21:41:48,122.15767612193486,797281d7e3b5fdd5f6a033248fec7bd885227546,1344786,,,,,,,,,,,,,,,,,,,,,,,,,,,,,,,,,,,,,,,,,,,,,,,,,,TN,,,,,,,,,,
autoland,4769055,12,f76b60813665636d86169b6507d2f60fe004600c,windows10-64-shippable-qr,True,False,,,102210fe594ee9b33d82058545b1ed14f4c8206e,console.log-in-loop-content-process-array,damp,True,damp console.log-in-loop-content-process-array opt e10s fission stylo webrender-sw,4768818,77,ms,firefox,,1808178672,2023-12-07 22:56:27,122.87656279653312,c34126c5e2a85c81e511c7c4017e7f2694ddce13,1344823,,,,,,,,,,,,,,,,,,,,,,,,,,,,,,,,,,,,,,,,,,,,,,,,,,TN,,,,,,,,,,
autoland,4769055,12,f76b60813665636d86169b6507d2f60fe004600c,windows10-64-shippable-qr,True,False,,,102210fe594ee9b33d82058545b1ed14f4c8206e,console.log-in-loop-content-process-array,damp,True,damp console.log-in-loop-content-process-array opt e10s fission stylo webrender-sw,4768818,77,ms,firefox,,1808348327,2023-12-08 04:49:01,122.3294538570799,3152110c63b5c99048b0651867ecf7723aa5ddf8,1344948,,,,,,,,,,,,,,,,,,,,,,,,,,,,,,,,,,,,,,,,,,,,,,,,,,TN,,,,,,,,,,
autoland,4769055,12,f76b60813665636d86169b6507d2f60fe004600c,windows10-64-shippable-qr,True,False,,,102210fe594ee9b33d82058545b1ed14f4c8206e,console.log-in-loop-content-process-array,damp,True,damp console.log-in-loop-content-process-array opt e10s fission stylo webrender-sw,4768818,77,ms,firefox,,1808521788,2023-12-08 09:01:47,121.38118461761223,ff785fa504232b935c33c7d8c38a1cdc2f8d2d35,1345044,,,,,,,,,,,,,,,,,,,,,,,,,,,,,,,,,,,,,,,,,,,,,,,,,,TN,,,,,,,,,,
autoland,4769055,12,f76b60813665636d86169b6507d2f60fe004600c,windows10-64-shippable-qr,True,False,,,102210fe594ee9b33d82058545b1ed14f4c8206e,console.log-in-loop-content-process-array,damp,True,damp console.log-in-loop-content-process-array opt e10s fission stylo webrender-sw,4768818,77,ms,firefox,,1808873192,2023-12-08 14:53:30,121.78553545139856,84f194823b719420c22157f7e540e660397a17f2,1345173,,,,,,,,,,,,,,,,,,,,,,,,,,,,,,,,,,,,,,,,,,,,,,,,,,TN,,,,,,,,,,
autoland,4769055,12,f76b60813665636d86169b6507d2f60fe004600c,windows10-64-shippable-qr,True,False,,,102210fe594ee9b33d82058545b1ed14f4c8206e,console.log-in-loop-content-process-array,damp,True,damp console.log-in-loop-content-process-array opt e10s fission stylo webrender-sw,4768818,77,ms,firefox,,1809042086,2023-12-08 20:09:00,122.8076552992252,6f5601bcf5ef9fa22b46e44e1d5e34893a04fc9e,1345337,,,,,,,,,,,,,,,,,,,,,,,,,,,,,,,,,,,,,,,,,,,,,,,,,,TN,,,,,,,,,,
autoland,4769055,12,f76b60813665636d86169b6507d2f60fe004600c,windows10-64-shippable-qr,True,False,,,102210fe594ee9b33d82058545b1ed14f4c8206e,console.log-in-loop-content-process-array,damp,True,damp console.log-in-loop-content-process-array opt e10s fission stylo webrender-sw,4768818,77,ms,firefox,,1809053857,2023-12-09 00:35:37,123.2030954800357,5e7ca7b9c60d764540bfc20b243ffaa67dfbfaa9,1345495,,,,,,,,,,,,,,,,,,,,,,,,,,,,,,,,,,,,,,,,,,,,,,,,,,TN,,,,,,,,,,
autoland,4769055,12,f76b60813665636d86169b6507d2f60fe004600c,windows10-64-shippable-qr,True,False,,,102210fe594ee9b33d82058545b1ed14f4c8206e,console.log-in-loop-content-process-array,damp,True,damp console.log-in-loop-content-process-array opt e10s fission stylo webrender-sw,4768818,77,ms,firefox,,1809059230,2023-12-09 00:36:34,122.36584398464493,9536c8afccb6fe6adb81c34e04ad22608a1cc454,1345496,,,,,,,,,,,,,,,,,,,,,,,,,,,,,,,,,,,,,,,,,,,,,,,,,,TN,,,,,,,,,,
autoland,4769055,12,f76b60813665636d86169b6507d2f60fe004600c,windows10-64-shippable-qr,True,False,,,102210fe594ee9b33d82058545b1ed14f4c8206e,console.log-in-loop-content-process-array,damp,True,damp console.log-in-loop-content-process-array opt e10s fission stylo webrender-sw,4768818,77,ms,firefox,,1809225404,2023-12-09 11:58:04,122.20097990023623,ce53d4215ca91122e12f63ca196acefc22a8d98c,1345582,,,,,,,,,,,,,,,,,,,,,,,,,,,,,,,,,,,,,,,,,,,,,,,,,,TN,,,,,,,,,,
autoland,4769055,12,f76b60813665636d86169b6507d2f60fe004600c,windows10-64-shippable-qr,True,False,,,102210fe594ee9b33d82058545b1ed14f4c8206e,console.log-in-loop-content-process-array,damp,True,damp console.log-in-loop-content-process-array opt e10s fission stylo webrender-sw,4768818,77,ms,firefox,,1809275314,2023-12-09 16:44:21,122.71289951298604,199c3dc51f2dd8c55a3346ac587238e6376b7236,1345611,,,,,,,,,,,,,,,,,,,,,,,,,,,,,,,,,,,,,,,,,,,,,,,,,,TN,,,,,,,,,,
autoland,4769055,12,f76b60813665636d86169b6507d2f60fe004600c,windows10-64-shippable-qr,True,False,,,102210fe594ee9b33d82058545b1ed14f4c8206e,console.log-in-loop-content-process-array,damp,True,damp console.log-in-loop-content-process-array opt e10s fission stylo webrender-sw,4768818,77,ms,firefox,,1809370975,2023-12-10 03:19:38,123.02794969573551,815bf21f166b5019bdab6ec104bc2f4475a7b553,1345657,,,,,,,,,,,,,,,,,,,,,,,,,,,,,,,,,,,,,,,,,,,,,,,,,,TN,,,,,,,,,,
autoland,4769055,12,f76b60813665636d86169b6507d2f60fe004600c,windows10-64-shippable-qr,True,False,,,102210fe594ee9b33d82058545b1ed14f4c8206e,console.log-in-loop-content-process-array,damp,True,damp console.log-in-loop-content-process-array opt e10s fission stylo webrender-sw,4768818,77,ms,firefox,,1809493721,2023-12-11 00:42:11,122.21493666055358,d4ee61633ce965862e2ee27be32e8a58344a7b03,1345765,,,,,,,,,,,,,,,,,,,,,,,,,,,,,,,,,,,,,,,,,,,,,,,,,,TN,,,,,,,,,,
autoland,4769055,12,f76b60813665636d86169b6507d2f60fe004600c,windows10-64-shippable-qr,True,False,,,102210fe594ee9b33d82058545b1ed14f4c8206e,console.log-in-loop-content-process-array,damp,True,damp console.log-in-loop-content-process-array opt e10s fission stylo webrender-sw,4768818,77,ms,firefox,,1809542468,2023-12-11 06:57:03,121.4500047274678,e84648aa607a32b9e4bbd2378f5a7caf9e31264a,1345835,,,,,,,,,,,,,,,,,,,,,,,,,,,,,,,,,,,,,,,,,,,,,,,,,,TN,,,,,,,,,,
autoland,4769055,12,f76b60813665636d86169b6507d2f60fe004600c,windows10-64-shippable-qr,True,False,,,102210fe594ee9b33d82058545b1ed14f4c8206e,console.log-in-loop-content-process-array,damp,True,damp console.log-in-loop-content-process-array opt e10s fission stylo webrender-sw,4768818,77,ms,firefox,,1809581963,2023-12-11 09:13:41,121.86297653538531,25a3d6c779f3ef9a9220e2d972c18f2e5a039cb2,1345868,,,,,,,,,,,,,,,,,,,,,,,,,,,,,,,,,,,,,,,,,,,,,,,,,,TN,,,,,,,,,,
autoland,4769055,12,f76b60813665636d86169b6507d2f60fe004600c,windows10-64-shippable-qr,True,False,,,102210fe594ee9b33d82058545b1ed14f4c8206e,console.log-in-loop-content-process-array,damp,True,damp console.log-in-loop-content-process-array opt e10s fission stylo webrender-sw,4768818,77,ms,firefox,,1809762594,2023-12-11 13:39:55,122.88586269772532,46d1ac4f2e9c8c9c173c430225737701542931bb,1346049,,,,,,,,,,,,,,,,,,,,,,,,,,,,,,,,,,,,,,,,,,,,,,,,,,TN,,,,,,,,,,
autoland,4769055,12,f76b60813665636d86169b6507d2f60fe004600c,windows10-64-shippable-qr,True,False,,,102210fe594ee9b33d82058545b1ed14f4c8206e,console.log-in-loop-content-process-array,damp,True,damp console.log-in-loop-content-process-array opt e10s fission stylo webrender-sw,4768818,77,ms,firefox,,1809800061,2023-12-11 15:49:45,121.73988433584692,fbda7db8e39b50ebf5ed7092f81706bd1d8c91ab,1346158,,,,,,,,,,,,,,,,,,,,,,,,,,,,,,,,,,,,,,,,,,,,,,,,,,TN,,,,,,,,,,
autoland,4769055,12,f76b60813665636d86169b6507d2f60fe004600c,windows10-64-shippable-qr,True,False,,,102210fe594ee9b33d82058545b1ed14f4c8206e,console.log-in-loop-content-process-array,damp,True,damp console.log-in-loop-content-process-array opt e10s fission stylo webrender-sw,4768818,77,ms,firefox,,1809886496,2023-12-11 18:22:43,123.00874564714468,8043d7693dbaf145c601652e0b8947d55f399fd8,1346298,,,,,,,,,,,,,,,,,,,,,,,,,,,,,,,,,,,,,,,,,,,,,,,,,,TN,,,,,,,,,,
autoland,4769055,12,f76b60813665636d86169b6507d2f60fe004600c,windows10-64-shippable-qr,True,False,,,102210fe594ee9b33d82058545b1ed14f4c8206e,console.log-in-loop-content-process-array,damp,True,damp console.log-in-loop-content-process-array opt e10s fission stylo webrender-sw,4768818,77,ms,firefox,,1809953712,2023-12-11 21:32:13,122.71835772273334,c2126b815d283d4d848e431071fa77e023b06eb2,1346462,,,,,,,,,,,,,,,,,,,,,,,,,,,,,,,,,,,,,,,,,,,,,,,,,,TN,,,,,,,,,,
autoland,4769055,12,f76b60813665636d86169b6507d2f60fe004600c,windows10-64-shippable-qr,True,False,,,102210fe594ee9b33d82058545b1ed14f4c8206e,console.log-in-loop-content-process-array,damp,True,damp console.log-in-loop-content-process-array opt e10s fission stylo webrender-sw,4768818,77,ms,firefox,,1810037625,2023-12-12 01:33:17,121.74986167445422,6e08bc24f0ba8814dfda465963c22d139bf6e80b,1346620,,,,,,,,,,,,,,,,,,,,,,,,,,,,,,,,,,,,,,,,,,,,,,,,,,TN,,,,,,,,,,
autoland,4769055,12,f76b60813665636d86169b6507d2f60fe004600c,windows10-64-shippable-qr,True,False,,,102210fe594ee9b33d82058545b1ed14f4c8206e,console.log-in-loop-content-process-array,damp,True,damp console.log-in-loop-content-process-array opt e10s fission stylo webrender-sw,4768818,77,ms,firefox,,1810126866,2023-12-12 04:01:22,122.94628161516266,55cd203304b8d5343dd941d772085dc25fd278c4,1346691,,,,,,,,,,,,,,,,,,,,,,,,,,,,,,,,,,,,,,,,,,,,,,,,,,TN,,,,,,,,,,
autoland,4769055,12,f76b60813665636d86169b6507d2f60fe004600c,windows10-64-shippable-qr,True,False,,,102210fe594ee9b33d82058545b1ed14f4c8206e,console.log-in-loop-content-process-array,damp,True,damp console.log-in-loop-content-process-array opt e10s fission stylo webrender-sw,4768818,77,ms,firefox,,1810243286,2023-12-12 08:08:04,122.03453411171084,64c2a5cd2e5c12acc49f695acaca7fc074be00ef,1346735,,,,,,,,,,,,,,,,,,,,,,,,,,,,,,,,,,,,,,,,,,,,,,,,,,TN,,,,,,,,,,
autoland,4769055,12,f76b60813665636d86169b6507d2f60fe004600c,windows10-64-shippable-qr,True,False,,,102210fe594ee9b33d82058545b1ed14f4c8206e,console.log-in-loop-content-process-array,damp,True,damp console.log-in-loop-content-process-array opt e10s fission stylo webrender-sw,4768818,77,ms,firefox,,1810408853,2023-12-12 13:15:06,123.34845669362404,378226435d1f217637869bc238a2bff9ae584e04,1346892,,,,,,,,,,,,,,,,,,,,,,,,,,,,,,,,,,,,,,,,,,,,,,,,,,TN,,,,,,,,,,
autoland,4769055,12,f76b60813665636d86169b6507d2f60fe004600c,windows10-64-shippable-qr,True,False,,,102210fe594ee9b33d82058545b1ed14f4c8206e,console.log-in-loop-content-process-array,damp,True,damp console.log-in-loop-content-process-array opt e10s fission stylo webrender-sw,4768818,77,ms,firefox,,1810422694,2023-12-12 13:20:17,122.57636308030214,661e5ee3675f09044e67f461631530ae9bc19953,1346894,,,,,,,,,,,,,,,,,,,,,,,,,,,,,,,,,,,,,,,,,,,,,,,,,,TN,,,,,,,,,,
autoland,4769055,12,f76b60813665636d86169b6507d2f60fe004600c,windows10-64-shippable-qr,True,False,,,102210fe594ee9b33d82058545b1ed14f4c8206e,console.log-in-loop-content-process-array,damp,True,damp console.log-in-loop-content-process-array opt e10s fission stylo webrender-sw,4768818,77,ms,firefox,,1810554716,2023-12-12 17:56:51,121.32414054870696,89856dfbbbb09660fd0b56d3d9ba6f60c823c81f,1347131,,,,,,,,,,,,,,,,,,,,,,,,,,,,,,,,,,,,,,,,,,,,,,,,,,TN,,,,,,,,,,
autoland,4769055,12,f76b60813665636d86169b6507d2f60fe004600c,windows10-64-shippable-qr,True,False,,,102210fe594ee9b33d82058545b1ed14f4c8206e,console.log-in-loop-content-process-array,damp,True,damp console.log-in-loop-content-process-array opt e10s fission stylo webrender-sw,4768818,77,ms,firefox,,1810572776,2023-12-12 18:39:48,122.4907302384172,b7336e3f433e4055ba8a7fcb5c2f756e0e9b59ef,1347165,,,,,,,,,,,,,,,,,,,,,,,,,,,,,,,,,,,,,,,,,,,,,,,,,,TN,,,,,,,,,,
autoland,4769055,12,f76b60813665636d86169b6507d2f60fe004600c,windows10-64-shippable-qr,True,False,,,102210fe594ee9b33d82058545b1ed14f4c8206e,console.log-in-loop-content-process-array,damp,True,damp console.log-in-loop-content-process-array opt e10s fission stylo webrender-sw,4768818,77,ms,firefox,,1810628404,2023-12-12 20:06:07,121.61798226840529,7272d706196d83e16ea8366481dce5127407ba4d,1347223,,,,,,,,,,,,,,,,,,,,,,,,,,,,,,,,,,,,,,,,,,,,,,,,,,TN,,,,,,,,,,
autoland,4769055,12,f76b60813665636d86169b6507d2f60fe004600c,windows10-64-shippable-qr,True,False,,,102210fe594ee9b33d82058545b1ed14f4c8206e,console.log-in-loop-content-process-array,damp,True,damp console.log-in-loop-content-process-array opt e10s fission stylo webrender-sw,4768818,77,ms,firefox,,1810752422,2023-12-13 00:40:28,122.93352921278893,f823ab1d9a00b627089b75899e588823b584a9c4,1347426,,,,,,,,,,,,,,,,,,,,,,,,,,,,,,,,,,,,,,,,,,,,,,,,,,TN,,,,,,,,,,
autoland,4769055,12,f76b60813665636d86169b6507d2f60fe004600c,windows10-64-shippable-qr,True,False,,,102210fe594ee9b33d82058545b1ed14f4c8206e,console.log-in-loop-content-process-array,damp,True,damp console.log-in-loop-content-process-array opt e10s fission stylo webrender-sw,4768818,77,ms,firefox,,1810803694,2023-12-13 01:59:28,122.42468222714524,c7169e7d15af250d7b1ffb91c072a4b2309457c1,1347482,,,,,,,,,,,,,,,,,,,,,,,,,,,,,,,,,,,,,,,,,,,,,,,,,,TN,,,,,,,,,,
autoland,4769055,12,f76b60813665636d86169b6507d2f60fe004600c,windows10-64-shippable-qr,True,False,,,102210fe594ee9b33d82058545b1ed14f4c8206e,console.log-in-loop-content-process-array,damp,True,damp console.log-in-loop-content-process-array opt e10s fission stylo webrender-sw,4768818,77,ms,firefox,,1810841594,2023-12-13 03:53:55,121.61414920066728,de73ddb24c16e91d220095612fc21b6636e51f81,1347525,,,,,,,,,,,,,,,,,,,,,,,,,,,,,,,,,,,,,,,,,,,,,,,,,,TN,,,,,,,,,,
autoland,4769055,12,f76b60813665636d86169b6507d2f60fe004600c,windows10-64-shippable-qr,True,False,,,102210fe594ee9b33d82058545b1ed14f4c8206e,console.log-in-loop-content-process-array,damp,True,damp console.log-in-loop-content-process-array opt e10s fission stylo webrender-sw,4768818,77,ms,firefox,,1810927614,2023-12-13 08:08:28,121.90218825274496,de61802013d3eabd67e8f7c4382ab95c650835ba,1347584,,,,,,,,,,,,,,,,,,,,,,,,,,,,,,,,,,,,,,,,,,,,,,,,,,TN,,,,,,,,,,
autoland,4769055,12,f76b60813665636d86169b6507d2f60fe004600c,windows10-64-shippable-qr,True,False,,,102210fe594ee9b33d82058545b1ed14f4c8206e,console.log-in-loop-content-process-array,damp,True,damp console.log-in-loop-content-process-array opt e10s fission stylo webrender-sw,4768818,77,ms,firefox,,1810928920,2023-12-13 08:08:28,122.2376277569956,de61802013d3eabd67e8f7c4382ab95c650835ba,1347584,,,,,,,,,,,,,,,,,,,,,,,,,,,,,,,,,,,,,,,,,,,,,,,,,,TN,,,,,,,,,,
autoland,4769055,12,f76b60813665636d86169b6507d2f60fe004600c,windows10-64-shippable-qr,True,False,,,102210fe594ee9b33d82058545b1ed14f4c8206e,console.log-in-loop-content-process-array,damp,True,damp console.log-in-loop-content-process-array opt e10s fission stylo webrender-sw,4768818,77,ms,firefox,,1810929017,2023-12-13 08:08:28,122.58946585870945,de61802013d3eabd67e8f7c4382ab95c650835ba,1347584,,,,,,,,,,,,,,,,,,,,,,,,,,,,,,,,,,,,,,,,,,,,,,,,,,TN,,,,,,,,,,
autoland,4769055,12,f76b60813665636d86169b6507d2f60fe004600c,windows10-64-shippable-qr,True,False,,,102210fe594ee9b33d82058545b1ed14f4c8206e,console.log-in-loop-content-process-array,damp,True,damp console.log-in-loop-content-process-array opt e10s fission stylo webrender-sw,4768818,77,ms,firefox,,1810970269,2023-12-13 10:08:23,122.27906551268916,12f45306a093afef1d1ed86121d9fcd9e8c69e15,1347641,,,,,,,,,,,,,,,,,,,,,,,,,,,,,,,,,,,,,,,,,,,,,,,,,,TN,,,,,,,,,,
autoland,4769055,12,f76b60813665636d86169b6507d2f60fe004600c,windows10-64-shippable-qr,True,False,,,102210fe594ee9b33d82058545b1ed14f4c8206e,console.log-in-loop-content-process-array,damp,True,damp console.log-in-loop-content-process-array opt e10s fission stylo webrender-sw,4768818,77,ms,firefox,,1811055422,2023-12-13 13:51:07,122.4485790480976,a54a846dda9a20948451fa14e9ebbd3bb19c826c,1347765,,,,,,,,,,,,,,,,,,,,,,,,,,,,,,,,,,,,,,,,,,,,,,,,,,TN,,,,,,,,,,
autoland,4769055,12,f76b60813665636d86169b6507d2f60fe004600c,windows10-64-shippable-qr,True,False,,,102210fe594ee9b33d82058545b1ed14f4c8206e,console.log-in-loop-content-process-array,damp,True,damp console.log-in-loop-content-process-array opt e10s fission stylo webrender-sw,4768818,77,ms,firefox,,1811140459,2023-12-13 17:42:49,121.79543411975465,951b244454e1790b94e5fa8474efc7fb8c990e28,1347961,,,,,,,,,,,,,,,,,,,,,,,,,,,,,,,,,,,,,,,,,,,,,,,,,,TN,,,,,,,,,,
autoland,4769055,12,f76b60813665636d86169b6507d2f60fe004600c,windows10-64-shippable-qr,True,False,,,102210fe594ee9b33d82058545b1ed14f4c8206e,console.log-in-loop-content-process-array,damp,True,damp console.log-in-loop-content-process-array opt e10s fission stylo webrender-sw,4768818,77,ms,firefox,,1811259190,2023-12-13 20:42:40,122.02557612848976,b89dc85aa7e47069b80251ce43d7d66c034a5b88,1348117,,,,,,,,,,,,,,,,,,,,,,,,,,,,,,,,,,,,,,,,,,,,,,,,,,TN,,,,,,,,,,
autoland,4769055,12,f76b60813665636d86169b6507d2f60fe004600c,windows10-64-shippable-qr,True,False,,,102210fe594ee9b33d82058545b1ed14f4c8206e,console.log-in-loop-content-process-array,damp,True,damp console.log-in-loop-content-process-array opt e10s fission stylo webrender-sw,4768818,77,ms,firefox,,1811381248,2023-12-14 01:23:55,122.4164066561325,12888ec6533c4e6ec49c2d7081e67ac660129ab6,1348332,,,,,,,,,,,,,,,,,,,,,,,,,,,,,,,,,,,,,,,,,,,,,,,,,,TN,,,,,,,,,,
autoland,4769055,12,f76b60813665636d86169b6507d2f60fe004600c,windows10-64-shippable-qr,True,False,,,102210fe594ee9b33d82058545b1ed14f4c8206e,console.log-in-loop-content-process-array,damp,True,damp console.log-in-loop-content-process-array opt e10s fission stylo webrender-sw,4768818,77,ms,firefox,,1811481053,2023-12-14 06:57:49,121.90998886568376,3af75f3310fc53f70cba7e6c5a7e7bec2d3381dc,1348404,,,,,,,,,,,,,,,,,,,,,,,,,,,,,,,,,,,,,,,,,,,,,,,,,,TN,,,,,,,,,,
autoland,4769055,12,f76b60813665636d86169b6507d2f60fe004600c,windows10-64-shippable-qr,True,False,,,102210fe594ee9b33d82058545b1ed14f4c8206e,console.log-in-loop-content-process-array,damp,True,damp console.log-in-loop-content-process-array opt e10s fission stylo webrender-sw,4768818,77,ms,firefox,,1811607643,2023-12-14 09:15:58,122.29313994742188,1c0fd259312d4631a0d1a7e0ea0560cff577beba,1348457,,,,,,,,,,,,,,,,,,,,,,,,,,,,,,,,,,,,,,,,,,,,,,,,,,TN,,,,,,,,,,
autoland,4769055,12,f76b60813665636d86169b6507d2f60fe004600c,windows10-64-shippable-qr,True,False,,,102210fe594ee9b33d82058545b1ed14f4c8206e,console.log-in-loop-content-process-array,damp,True,damp console.log-in-loop-content-process-array opt e10s fission stylo webrender-sw,4768818,77,ms,firefox,,1811736983,2023-12-14 13:22:59,122.16241696231828,31a1108bee2768e6f329db2b083b5066b2c83def,1348529,,,,,,,,,,,,,,,,,,,,,,,,,,,,,,,,,,,,,,,,,,,,,,,,,,TN,,,,,,,,,,
autoland,4769055,12,f76b60813665636d86169b6507d2f60fe004600c,windows10-64-shippable-qr,True,False,,,102210fe594ee9b33d82058545b1ed14f4c8206e,console.log-in-loop-content-process-array,damp,True,damp console.log-in-loop-content-process-array opt e10s fission stylo webrender-sw,4768818,77,ms,firefox,,1811859865,2023-12-14 15:25:58,122.28691246303332,44c4e62a38e1a18cd9c3cdc37be672c5b2eccb06,1348605,,,,,,,,,,,,,,,,,,,,,,,,,,,,,,,,,,,,,,,,,,,,,,,,,,TN,,,,,,,,,,
autoland,4769055,12,f76b60813665636d86169b6507d2f60fe004600c,windows10-64-shippable-qr,True,False,,,102210fe594ee9b33d82058545b1ed14f4c8206e,console.log-in-loop-content-process-array,damp,True,damp console.log-in-loop-content-process-array opt e10s fission stylo webrender-sw,4768818,77,ms,firefox,,1812024498,2023-12-14 19:45:40,122.49559594892162,5b5faa47b870a45949438e5959b9ef04204a9bac,1348855,,,,,,,,,,,,,,,,,,,,,,,,,,,,,,,,,,,,,,,,,,,,,,,,,,TN,,,,,,,,,,
autoland,4769055,12,f76b60813665636d86169b6507d2f60fe004600c,windows10-64-shippable-qr,True,False,,,102210fe594ee9b33d82058545b1ed14f4c8206e,console.log-in-loop-content-process-array,damp,True,damp console.log-in-loop-content-process-array opt e10s fission stylo webrender-sw,4768818,77,ms,firefox,,1812188608,2023-12-14 21:45:13,122.016876194024,04ae3a53d7df39b7ef7380e872889038951a9e63,1348957,,,,,,,,,,,,,,,,,,,,,,,,,,,,,,,,,,,,,,,,,,,,,,,,,,TN,,,,,,,,,,
autoland,4769055,12,f76b60813665636d86169b6507d2f60fe004600c,windows10-64-shippable-qr,True,False,,,102210fe594ee9b33d82058545b1ed14f4c8206e,console.log-in-loop-content-process-array,damp,True,damp console.log-in-loop-content-process-array opt e10s fission stylo webrender-sw,4768818,77,ms,firefox,,1812300873,2023-12-15 01:58:19,120.9844259813417,efffe49c7c1c0f6b54d9f752224880e07e588f36,1349130,,,,,,,,,,,,,,,,,,,,,,,,,,,,,,,,,,,,,,,,,,,,,,,,,,TN,,,,,,,,,,
autoland,4769055,12,f76b60813665636d86169b6507d2f60fe004600c,windows10-64-shippable-qr,True,False,,,102210fe594ee9b33d82058545b1ed14f4c8206e,console.log-in-loop-content-process-array,damp,True,damp console.log-in-loop-content-process-array opt e10s fission stylo webrender-sw,4768818,77,ms,firefox,,1812480895,2023-12-15 11:00:39,122.16065697210252,d3a29d02b3dd8d8cfbfff6fcad00d94226e102e8,1349239,,,,,,,,,,,,,,,,,,,,,,,,,,,,,,,,,,,,,,,,,,,,,,,,,,TN,,,,,,,,,,
autoland,4769055,12,f76b60813665636d86169b6507d2f60fe004600c,windows10-64-shippable-qr,True,False,,,102210fe594ee9b33d82058545b1ed14f4c8206e,console.log-in-loop-content-process-array,damp,True,damp console.log-in-loop-content-process-array opt e10s fission stylo webrender-sw,4768818,77,ms,firefox,,1812601904,2023-12-15 15:09:59,122.59248943402145,8fd04cb03fbd84435d9834d1de340c2f64e013bb,1349331,,,,,,,,,,,,,,,,,,,,,,,,,,,,,,,,,,,,,,,,,,,,,,,,,,TN,,,,,,,,,,
autoland,4769055,12,f76b60813665636d86169b6507d2f60fe004600c,windows10-64-shippable-qr,True,False,,,102210fe594ee9b33d82058545b1ed14f4c8206e,console.log-in-loop-content-process-array,damp,True,damp console.log-in-loop-content-process-array opt e10s fission stylo webrender-sw,4768818,77,ms,firefox,,1812848483,2023-12-15 20:18:56,122.41994534567856,8f1a041ed5a88918a5fe585c89ffabd9450bc0ef,1349528,,,,,,,,,,,,,,,,,,,,,,,,,,,,,,,,,,,,,,,,,,,,,,,,,,TN,,,,,,,,,,
autoland,4769055,12,f76b60813665636d86169b6507d2f60fe004600c,windows10-64-shippable-qr,True,False,,,102210fe594ee9b33d82058545b1ed14f4c8206e,console.log-in-loop-content-process-array,damp,True,damp console.log-in-loop-content-process-array opt e10s fission stylo webrender-sw,4768818,77,ms,firefox,,1813007841,2023-12-16 02:28:17,121.70873993195984,33b0a0fecfd912ef3f540060b5e13f54db31d5cd,1349675,,,,,,,,,,,,,,,,,,,,,,,,,,,,,,,,,,,,,,,,,,,,,,,,,,TN,,,,,,,,,,
autoland,4769055,12,f76b60813665636d86169b6507d2f60fe004600c,windows10-64-shippable-qr,True,False,,,102210fe594ee9b33d82058545b1ed14f4c8206e,console.log-in-loop-content-process-array,damp,True,damp console.log-in-loop-content-process-array opt e10s fission stylo webrender-sw,4768818,77,ms,firefox,,1813173558,2023-12-16 14:03:11,122.17443929106412,6d6d4867b0f48dce26d871d94c5f74f5a8ac6aaf,1349726,,,,,,,,,,,,,,,,,,,,,,,,,,,,,,,,,,,,,,,,,,,,,,,,,,TN,,,,,,,,,,
autoland,4769055,12,f76b60813665636d86169b6507d2f60fe004600c,windows10-64-shippable-qr,True,False,,,102210fe594ee9b33d82058545b1ed14f4c8206e,console.log-in-loop-content-process-array,damp,True,damp console.log-in-loop-content-process-array opt e10s fission stylo webrender-sw,4768818,77,ms,firefox,,1813339485,2023-12-17 06:27:55,122.5760668957928,2d19e1f44e562ba1bb3be1f4b8f95b9884d9b07d,1349827,,,,,,,,,,,,,,,,,,,,,,,,,,,,,,,,,,,,,,,,,,,,,,,,,,TN,,,,,,,,,,
autoland,4769055,12,f76b60813665636d86169b6507d2f60fe004600c,windows10-64-shippable-qr,True,False,,,102210fe594ee9b33d82058545b1ed14f4c8206e,console.log-in-loop-content-process-array,damp,True,damp console.log-in-loop-content-process-array opt e10s fission stylo webrender-sw,4768818,77,ms,firefox,,1813439138,2023-12-17 14:26:46,121.0503446444436,ab5e2f241728caa5dc020e829b1045df55247758,1349862,,,,,,,,,,,,,,,,,,,,,,,,,,,,,,,,,,,,,,,,,,,,,,,,,,TN,,,,,,,,,,
autoland,4769055,12,f76b60813665636d86169b6507d2f60fe004600c,windows10-64-shippable-qr,True,False,,,102210fe594ee9b33d82058545b1ed14f4c8206e,console.log-in-loop-content-process-array,damp,True,damp console.log-in-loop-content-process-array opt e10s fission stylo webrender-sw,4768818,77,ms,firefox,,1813534809,2023-12-18 01:43:16,122.13228457403513,b46057158b0694677a8174089de1cb8929d3116b,1349993,,,,,,,,,,,,,,,,,,,,,,,,,,,,,,,,,,,,,,,,,,,,,,,,,,TN,,,,,,,,,,
autoland,4769055,12,f76b60813665636d86169b6507d2f60fe004600c,windows10-64-shippable-qr,True,False,,,102210fe594ee9b33d82058545b1ed14f4c8206e,console.log-in-loop-content-process-array,damp,True,damp console.log-in-loop-content-process-array opt e10s fission stylo webrender-sw,4768818,77,ms,firefox,,1813577125,2023-12-18 05:48:57,122.16462401038643,1d2ed0b2947385e77bd609220eb0e453b44d4cb3,1350028,,,,,,,,,,,,,,,,,,,,,,,,,,,,,,,,,,,,,,,,,,,,,,,,,,TN,,,,,,,,,,
autoland,4769055,12,f76b60813665636d86169b6507d2f60fe004600c,windows10-64-shippable-qr,True,False,,,102210fe594ee9b33d82058545b1ed14f4c8206e,console.log-in-loop-content-process-array,damp,True,damp console.log-in-loop-content-process-array opt e10s fission stylo webrender-sw,4768818,77,ms,firefox,,1813686173,2023-12-18 10:08:52,121.6842425038858,1f7904968650806af8d68bbc64a717bac22df318,1350088,,,,,,,,,,,,,,,,,,,,,,,,,,,,,,,,,,,,,,,,,,,,,,,,,,TN,,,,,,,,,,
autoland,4769055,12,f76b60813665636d86169b6507d2f60fe004600c,windows10-64-shippable-qr,True,False,,,102210fe594ee9b33d82058545b1ed14f4c8206e,console.log-in-loop-content-process-array,damp,True,damp console.log-in-loop-content-process-array opt e10s fission stylo webrender-sw,4768818,77,ms,firefox,,1813696412,2023-12-18 10:23:12,121.14984336205362,ba2e5b5e061b5024cc487a16c7e553de9e5e8a2d,1350096,,,,,,,,,,,,,,,,,,,,,,,,,,,,,,,,,,,,,,,,,,,,,,,,,,TN,,,,,,,,,,
autoland,4769055,12,f76b60813665636d86169b6507d2f60fe004600c,windows10-64-shippable-qr,True,False,,,102210fe594ee9b33d82058545b1ed14f4c8206e,console.log-in-loop-content-process-array,damp,True,damp console.log-in-loop-content-process-array opt e10s fission stylo webrender-sw,4768818,77,ms,firefox,,1813787483,2023-12-18 14:56:17,121.72230567817952,8942476b2dcd0a89abfb3183ea577d611785e77e,1350212,,,,,,,,,,,,,,,,,,,,,,,,,,,,,,,,,,,,,,,,,,,,,,,,,,TN,,,,,,,,,,
autoland,4769055,12,f76b60813665636d86169b6507d2f60fe004600c,windows10-64-shippable-qr,True,False,,,102210fe594ee9b33d82058545b1ed14f4c8206e,console.log-in-loop-content-process-array,damp,True,damp console.log-in-loop-content-process-array opt e10s fission stylo webrender-sw,4768818,77,ms,firefox,,1813821544,2023-12-18 15:53:23,122.40471776716367,e409a860d27d9dbd962eb6568c1700e2aa2716aa,1350255,,,,,,,,,,,,,,,,,,,,,,,,,,,,,,,,,,,,,,,,,,,,,,,,,,TN,,,,,,,,,,
autoland,4769055,12,f76b60813665636d86169b6507d2f60fe004600c,windows10-64-shippable-qr,True,False,,,102210fe594ee9b33d82058545b1ed14f4c8206e,console.log-in-loop-content-process-array,damp,True,damp console.log-in-loop-content-process-array opt e10s fission stylo webrender-sw,4768818,77,ms,firefox,,1813914580,2023-12-18 18:13:05,122.92947235337031,c909d207f316bf0512f63f8262872083353a6ef5,1350369,,,,,,,,,,,,,,,,,,,,,,,,,,,,,,,,,,,,,,,,,,,,,,,,,,TN,,,,,,,,,,
autoland,4769055,12,f76b60813665636d86169b6507d2f60fe004600c,windows10-64-shippable-qr,True,False,,,102210fe594ee9b33d82058545b1ed14f4c8206e,console.log-in-loop-content-process-array,damp,True,damp console.log-in-loop-content-process-array opt e10s fission stylo webrender-sw,4768818,77,ms,firefox,,1814003283,2023-12-18 20:47:25,122.9171423997568,593e78a41c38b062baab03b6280366f86d0d233c,1350523,,,,,,,,,,,,,,,,,,,,,,,,,,,,,,,,,,,,,,,,,,,,,,,,,,TN,,,,,,,,,,
autoland,4769055,12,f76b60813665636d86169b6507d2f60fe004600c,windows10-64-shippable-qr,True,False,,,102210fe594ee9b33d82058545b1ed14f4c8206e,console.log-in-loop-content-process-array,damp,True,damp console.log-in-loop-content-process-array opt e10s fission stylo webrender-sw,4768818,77,ms,firefox,,1814117813,2023-12-19 00:56:17,121.46263406295476,4bc62630a431fca569dfb1add5eee214dcdd091c,1350695,,,,,,,,,,,,,,,,,,,,,,,,,,,,,,,,,,,,,,,,,,,,,,,,,,TN,,,,,,,,,,
autoland,4769055,12,f76b60813665636d86169b6507d2f60fe004600c,windows10-64-shippable-qr,True,False,,,102210fe594ee9b33d82058545b1ed14f4c8206e,console.log-in-loop-content-process-array,damp,True,damp console.log-in-loop-content-process-array opt e10s fission stylo webrender-sw,4768818,77,ms,firefox,,1814123614,2023-12-19 02:00:57,122.34182536098616,7e32f178b02fef938f803492c4bfd6d897ffcb21,1350710,,,,,,,,,,,,,,,,,,,,,,,,,,,,,,,,,,,,,,,,,,,,,,,,,,TN,,,,,,,,,,
autoland,4769055,12,f76b60813665636d86169b6507d2f60fe004600c,windows10-64-shippable-qr,True,False,,,102210fe594ee9b33d82058545b1ed14f4c8206e,console.log-in-loop-content-process-array,damp,True,damp console.log-in-loop-content-process-array opt e10s fission stylo webrender-sw,4768818,77,ms,firefox,,1814205468,2023-12-19 06:19:40,122.79984954018984,05b607c3bbe6ca02e9133ecb969e033fd3d7959e,1350758,,,,,,,,,,,,,,,,,,,,,,,,,,,,,,,,,,,,,,,,,,,,,,,,,,TN,,,,,,,,,,
autoland,4769055,12,f76b60813665636d86169b6507d2f60fe004600c,windows10-64-shippable-qr,True,False,,,102210fe594ee9b33d82058545b1ed14f4c8206e,console.log-in-loop-content-process-array,damp,True,damp console.log-in-loop-content-process-array opt e10s fission stylo webrender-sw,4768818,77,ms,firefox,,1814295789,2023-12-19 10:31:52,122.2183044747444,8efb8cc3558006677c6d18fcf41c3445498e257c,1350823,,,,,,,,,,,,,,,,,,,,,,,,,,,,,,,,,,,,,,,,,,,,,,,,,,TN,,,,,,,,,,
autoland,4769055,12,f76b60813665636d86169b6507d2f60fe004600c,windows10-64-shippable-qr,True,False,,,102210fe594ee9b33d82058545b1ed14f4c8206e,console.log-in-loop-content-process-array,damp,True,damp console.log-in-loop-content-process-array opt e10s fission stylo webrender-sw,4768818,77,ms,firefox,,1814364563,2023-12-19 10:59:27,122.82843473903448,e382d15d709c00d2fc941c2d6e9344b826246c27,1350835,,,,,,,,,,,,,,,,,,,,,,,,,,,,,,,,,,,,,,,,,,,,,,,,,,TN,,,,,,,,,,
autoland,4769055,12,f76b60813665636d86169b6507d2f60fe004600c,windows10-64-shippable-qr,True,False,,,102210fe594ee9b33d82058545b1ed14f4c8206e,console.log-in-loop-content-process-array,damp,True,damp console.log-in-loop-content-process-array opt e10s fission stylo webrender-sw,4768818,77,ms,firefox,,1814536292,2023-12-19 15:05:00,121.44769830203586,58a9c7e82a58e7e951a669f0634901963c5ed696,1350969,,,,,,,,,,,,,,,,,,,,,,,,,,,,,,,,,,,,,,,,,,,,,,,,,,TN,,,,,,,,,,
autoland,4769055,12,f76b60813665636d86169b6507d2f60fe004600c,windows10-64-shippable-qr,True,False,,,102210fe594ee9b33d82058545b1ed14f4c8206e,console.log-in-loop-content-process-array,damp,True,damp console.log-in-loop-content-process-array opt e10s fission stylo webrender-sw,4768818,77,ms,firefox,,1814518940,2023-12-19 15:55:04,121.5424598693926,ffd610f5a3bc262042d0839f354a1cf0cc9d5dff,1351025,,,,,,,,,,,,,,,,,,,,,,,,,,,,,,,,,,,,,,,,,,,,,,,,,,TN,,,,,,,,,,
autoland,4769055,12,f76b60813665636d86169b6507d2f60fe004600c,windows10-64-shippable-qr,True,False,,,102210fe594ee9b33d82058545b1ed14f4c8206e,console.log-in-loop-content-process-array,damp,True,damp console.log-in-loop-content-process-array opt e10s fission stylo webrender-sw,4768818,77,ms,firefox,,1814667376,2023-12-19 20:21:31,122.98054365534335,b50326daf412a23a363c8ca18b03b1dcede121ff,1351238,,,,,,,,,,,,,,,,,,,,,,,,,,,,,,,,,,,,,,,,,,,,,,,,,,TN,,,,,,,,,,
autoland,4769055,12,f76b60813665636d86169b6507d2f60fe004600c,windows10-64-shippable-qr,True,False,,,102210fe594ee9b33d82058545b1ed14f4c8206e,console.log-in-loop-content-process-array,damp,True,damp console.log-in-loop-content-process-array opt e10s fission stylo webrender-sw,4768818,77,ms,firefox,,1814693139,2023-12-19 21:18:40,122.25619246827593,31eaa2b1cf1b61e0b8868c53cf6bdbfc14805942,1351276,,,,,,,,,,,,,,,,,,,,,,,,,,,,,,,,,,,,,,,,,,,,,,,,,,TN,,,,,,,,,,
autoland,4769055,12,f76b60813665636d86169b6507d2f60fe004600c,windows10-64-shippable-qr,True,False,,,102210fe594ee9b33d82058545b1ed14f4c8206e,console.log-in-loop-content-process-array,damp,True,damp console.log-in-loop-content-process-array opt e10s fission stylo webrender-sw,4768818,77,ms,firefox,,1814845309,2023-12-20 02:06:01,121.66782151012468,9ac6d461916454c17cd8c7dfc7f73401ef3da12a,1351432,,,,,,,,,,,,,,,,,,,,,,,,,,,,,,,,,,,,,,,,,,,,,,,,,,TN,,,,,,,,,,
autoland,4769055,12,f76b60813665636d86169b6507d2f60fe004600c,windows10-64-shippable-qr,True,False,,,102210fe594ee9b33d82058545b1ed14f4c8206e,console.log-in-loop-content-process-array,damp,True,damp console.log-in-loop-content-process-array opt e10s fission stylo webrender-sw,4768818,77,ms,firefox,,1814937870,2023-12-20 04:26:18,122.8982851775154,e3bf6261f6fc31e78c716c97399a60f6f575ebcd,1351473,,,,,,,,,,,,,,,,,,,,,,,,,,,,,,,,,,,,,,,,,,,,,,,,,,TN,,,,,,,,,,
autoland,4769055,12,f76b60813665636d86169b6507d2f60fe004600c,windows10-64-shippable-qr,True,False,,,102210fe594ee9b33d82058545b1ed14f4c8206e,console.log-in-loop-content-process-array,damp,True,damp console.log-in-loop-content-process-array opt e10s fission stylo webrender-sw,4768818,77,ms,firefox,,1815083156,2023-12-20 09:15:46,121.86101601193332,4d6eabdc6228d414c7043c4fabdddfd95a3afb0e,1351517,,,,,,,,,,,,,,,,,,,,,,,,,,,,,,,,,,,,,,,,,,,,,,,,,,TN,,,,,,,,,,
autoland,4769055,12,f76b60813665636d86169b6507d2f60fe004600c,windows10-64-shippable-qr,True,False,,,102210fe594ee9b33d82058545b1ed14f4c8206e,console.log-in-loop-content-process-array,damp,True,damp console.log-in-loop-content-process-array opt e10s fission stylo webrender-sw,4768818,77,ms,firefox,,1815179803,2023-12-20 13:10:00,120.85710862627911,97f2e0f6b821072bc498a3bc7921831eb6d10d38,1351639,,,,,,,,,,,,,,,,,,,,,,,,,,,,,,,,,,,,,,,,,,,,,,,,,,TN,,,,,,,,,,
autoland,4769055,12,f76b60813665636d86169b6507d2f60fe004600c,windows10-64-shippable-qr,True,False,,,102210fe594ee9b33d82058545b1ed14f4c8206e,console.log-in-loop-content-process-array,damp,True,damp console.log-in-loop-content-process-array opt e10s fission stylo webrender-sw,4768818,77,ms,firefox,,1815371233,2023-12-20 17:43:19,122.21160295390108,c12f6936509f05b3caad77d4cb4b783a38761897,1351821,,,,,,,,,,,,,,,,,,,,,,,,,,,,,,,,,,,,,,,,,,,,,,,,,,TN,,,,,,,,,,
autoland,4769055,12,f76b60813665636d86169b6507d2f60fe004600c,windows10-64-shippable-qr,True,False,,,102210fe594ee9b33d82058545b1ed14f4c8206e,console.log-in-loop-content-process-array,damp,True,damp console.log-in-loop-content-process-array opt e10s fission stylo webrender-sw,4768818,77,ms,firefox,,1815477866,2023-12-20 21:55:32,121.23057388324378,aa4d4fecaf969d49a7ecf2568e3dda25cd2a7f1d,1352017,,,,,,,,,,,,,,,,,,,,,,,,,,,,,,,,,,,,,,,,,,,,,,,,,,TN,,,,,,,,,,
autoland,4769055,12,f76b60813665636d86169b6507d2f60fe004600c,windows10-64-shippable-qr,True,False,,,102210fe594ee9b33d82058545b1ed14f4c8206e,console.log-in-loop-content-process-array,damp,True,damp console.log-in-loop-content-process-array opt e10s fission stylo webrender-sw,4768818,77,ms,firefox,,1815503355,2023-12-20 21:58:53,122.27675222088874,dfc7e32798343d88b72708bf68fc966d1e088330,1352020,,,,,,,,,,,,,,,,,,,,,,,,,,,,,,,,,,,,,,,,,,,,,,,,,,TN,,,,,,,,,,
autoland,4769055,12,f76b60813665636d86169b6507d2f60fe004600c,windows10-64-shippable-qr,True,False,,,102210fe594ee9b33d82058545b1ed14f4c8206e,console.log-in-loop-content-process-array,damp,True,damp console.log-in-loop-content-process-array opt e10s fission stylo webrender-sw,4768818,77,ms,firefox,,1815590348,2023-12-21 03:06:09,121.92863737910376,37657c7691664026e54babf7d1cf608fe58a92fb,1352135,,,,,,,,,,,,,,,,,,,,,,,,,,,,,,,,,,,,,,,,,,,,,,,,,,TN,,,,,,,,,,
autoland,4769055,12,f76b60813665636d86169b6507d2f60fe004600c,windows10-64-shippable-qr,True,False,,,102210fe594ee9b33d82058545b1ed14f4c8206e,console.log-in-loop-content-process-array,damp,True,damp console.log-in-loop-content-process-array opt e10s fission stylo webrender-sw,4768818,77,ms,firefox,,1815671907,2023-12-21 06:56:11,122.15097454129956,2339ef37f5863c45acf6280581ec0994b40f11d5,1352164,,,,,,,,,,,,,,,,,,,,,,,,,,,,,,,,,,,,,,,,,,,,,,,,,,TN,,,,,,,,,,
autoland,4769055,12,f76b60813665636d86169b6507d2f60fe004600c,windows10-64-shippable-qr,True,False,,,102210fe594ee9b33d82058545b1ed14f4c8206e,console.log-in-loop-content-process-array,damp,True,damp console.log-in-loop-content-process-array opt e10s fission stylo webrender-sw,4768818,77,ms,firefox,,1815795312,2023-12-21 11:39:11,121.89984476183965,5e551f2bacc3d6a8294dcb0273e8299cf7a17e2d,1352265,,,,,,,,,,,,,,,,,,,,,,,,,,,,,,,,,,,,,,,,,,,,,,,,,,TN,,,,,,,,,,
autoland,4769055,12,f76b60813665636d86169b6507d2f60fe004600c,windows10-64-shippable-qr,True,False,,,102210fe594ee9b33d82058545b1ed14f4c8206e,console.log-in-loop-content-process-array,damp,True,damp console.log-in-loop-content-process-array opt e10s fission stylo webrender-sw,4768818,77,ms,firefox,,1815813192,2023-12-21 13:05:54,122.10220948366896,8b474eeffbe09d0e5e30675fa595293863b0db34,1352315,,,,,,,,,,,,,,,,,,,,,,,,,,,,,,,,,,,,,,,,,,,,,,,,,,TN,,,,,,,,,,
autoland,4769055,12,f76b60813665636d86169b6507d2f60fe004600c,windows10-64-shippable-qr,True,False,,,102210fe594ee9b33d82058545b1ed14f4c8206e,console.log-in-loop-content-process-array,damp,True,damp console.log-in-loop-content-process-array opt e10s fission stylo webrender-sw,4768818,77,ms,firefox,,1816082811,2023-12-21 18:00:27,121.91097547280606,e685307ecb90f0e91ef9f3781b3614b7308384b9,1352454,,,,,,,,,,,,,,,,,,,,,,,,,,,,,,,,,,,,,,,,,,,,,,,,,,TN,,,,,,,,,,
autoland,4769055,12,f76b60813665636d86169b6507d2f60fe004600c,windows10-64-shippable-qr,True,False,,,102210fe594ee9b33d82058545b1ed14f4c8206e,console.log-in-loop-content-process-array,damp,True,damp console.log-in-loop-content-process-array opt e10s fission stylo webrender-sw,4768818,77,ms,firefox,,1816047401,2023-12-21 18:17:05,121.72767944152474,14c89fd054c7ac54bac01a4fcb619d5dff3cc6ef,1352468,,,,,,,,,,,,,,,,,,,,,,,,,,,,,,,,,,,,,,,,,,,,,,,,,,TN,,,,,,,,,,
autoland,4769055,12,f76b60813665636d86169b6507d2f60fe004600c,windows10-64-shippable-qr,True,False,,,102210fe594ee9b33d82058545b1ed14f4c8206e,console.log-in-loop-content-process-array,damp,True,damp console.log-in-loop-content-process-array opt e10s fission stylo webrender-sw,4768818,77,ms,firefox,,1816164691,2023-12-21 22:08:07,121.7787963159226,e20257bfa3ef6e394b6669c19aa1a165ee73fefa,1352650,,,,,,,,,,,,,,,,,,,,,,,,,,,,,,,,,,,,,,,,,,,,,,,,,,TN,,,,,,,,,,
autoland,4769055,12,f76b60813665636d86169b6507d2f60fe004600c,windows10-64-shippable-qr,True,False,,,102210fe594ee9b33d82058545b1ed14f4c8206e,console.log-in-loop-content-process-array,damp,True,damp console.log-in-loop-content-process-array opt e10s fission stylo webrender-sw,4768818,77,ms,firefox,,1816238254,2023-12-22 08:16:59,121.28369256941642,6814c9419790a8ee7c93cac282a82a11d93d16ba,1352807,,,,,,,,,,,,,,,,,,,,,,,,,,,,,,,,,,,,,,,,,,,,,,,,,,TN,,,,,,,,,,
autoland,4769055,12,f76b60813665636d86169b6507d2f60fe004600c,windows10-64-shippable-qr,True,False,,,102210fe594ee9b33d82058545b1ed14f4c8206e,console.log-in-loop-content-process-array,damp,True,damp console.log-in-loop-content-process-array opt e10s fission stylo webrender-sw,4768818,77,ms,firefox,,1816357396,2023-12-22 13:33:45,120.81942681833698,3189af86c93aef59c4fc9363b40f92eb4ef0358f,1352859,,,,,,,,,,,,,,,,,,,,,,,,,,,,,,,,,,,,,,,,,,,,,,,,,,TN,,,,,,,,,,
autoland,4769055,12,f76b60813665636d86169b6507d2f60fe004600c,windows10-64-shippable-qr,True,False,,,102210fe594ee9b33d82058545b1ed14f4c8206e,console.log-in-loop-content-process-array,damp,True,damp console.log-in-loop-content-process-array opt e10s fission stylo webrender-sw,4768818,77,ms,firefox,,1816377453,2023-12-22 13:41:08,122.32782705308092,8cd1fc9da2b45034679cc880c08d91e84d8e9516,1352862,,,,,,,,,,,,,,,,,,,,,,,,,,,,,,,,,,,,,,,,,,,,,,,,,,TN,,,,,,,,,,
autoland,4769055,12,f76b60813665636d86169b6507d2f60fe004600c,windows10-64-shippable-qr,True,False,,,102210fe594ee9b33d82058545b1ed14f4c8206e,console.log-in-loop-content-process-array,damp,True,damp console.log-in-loop-content-process-array opt e10s fission stylo webrender-sw,4768818,77,ms,firefox,,1816585936,2023-12-23 00:08:27,121.4840088664796,58581f618255e51b846d0792b6abc3e5c2c67d51,1353154,,,,,,,,,,,,,,,,,,,,,,,,,,,,,,,,,,,,,,,,,,,,,,,,,,TN,,,,,,,,,,
autoland,4769055,12,f76b60813665636d86169b6507d2f60fe004600c,windows10-64-shippable-qr,True,False,,,102210fe594ee9b33d82058545b1ed14f4c8206e,console.log-in-loop-content-process-array,damp,True,damp console.log-in-loop-content-process-array opt e10s fission stylo webrender-sw,4768818,77,ms,firefox,,1816644998,2023-12-23 05:47:03,122.09196948891169,8b92fb4e3f41d856629818bd2ecfc25bed23a643,1353193,,,,,,,,,,,,,,,,,,,,,,,,,,,,,,,,,,,,,,,,,,,,,,,,,,TN,,,,,,,,,,
autoland,4769055,12,f76b60813665636d86169b6507d2f60fe004600c,windows10-64-shippable-qr,True,False,,,102210fe594ee9b33d82058545b1ed14f4c8206e,console.log-in-loop-content-process-array,damp,True,damp console.log-in-loop-content-process-array opt e10s fission stylo webrender-sw,4768818,77,ms,firefox,,1816681751,2023-12-23 08:44:57,121.4331550437082,6f7de1b98becd7269380a213d3eff367b81efe72,1353213,,,,,,,,,,,,,,,,,,,,,,,,,,,,,,,,,,,,,,,,,,,,,,,,,,TN,,,,,,,,,,
autoland,4769055,12,f76b60813665636d86169b6507d2f60fe004600c,windows10-64-shippable-qr,True,False,,,102210fe594ee9b33d82058545b1ed14f4c8206e,console.log-in-loop-content-process-array,damp,True,damp console.log-in-loop-content-process-array opt e10s fission stylo webrender-sw,4768818,77,ms,firefox,,1816774830,2023-12-23 15:53:06,122.98199569988446,e6f85355d2f352d6bc64a11372bc8efc1ced07b8,1353251,,,,,,,,,,,,,,,,,,,,,,,,,,,,,,,,,,,,,,,,,,,,,,,,,,TN,,,,,,,,,,
autoland,4769055,12,f76b60813665636d86169b6507d2f60fe004600c,windows10-64-shippable-qr,True,False,,,102210fe594ee9b33d82058545b1ed14f4c8206e,console.log-in-loop-content-process-array,damp,True,damp console.log-in-loop-content-process-array opt e10s fission stylo webrender-sw,4768818,77,ms,firefox,,1816841985,2023-12-24 06:04:04,121.67366570308332,0f896a4a54629904c55cc5e18aa1f6e387c9a697,1353282,,,,,,,,,,,,,,,,,,,,,,,,,,,,,,,,,,,,,,,,,,,,,,,,,,TN,,,,,,,,,,
autoland,4769055,12,f76b60813665636d86169b6507d2f60fe004600c,windows10-64-shippable-qr,True,False,,,102210fe594ee9b33d82058545b1ed14f4c8206e,console.log-in-loop-content-process-array,damp,True,damp console.log-in-loop-content-process-array opt e10s fission stylo webrender-sw,4768818,77,ms,firefox,,1816983351,2023-12-24 18:13:48,123.01348503988902,65471d13c8aaa5b3c5aa872ca12360b7f26ad6e0,1353317,,,,,,,,,,,,,,,,,,,,,,,,,,,,,,,,,,,,,,,,,,,,,,,,,,TN,,,,,,,,,,
autoland,4769055,12,f76b60813665636d86169b6507d2f60fe004600c,windows10-64-shippable-qr,True,False,,,102210fe594ee9b33d82058545b1ed14f4c8206e,console.log-in-loop-content-process-array,damp,True,damp console.log-in-loop-content-process-array opt e10s fission stylo webrender-sw,4768818,77,ms,firefox,,1817043508,2023-12-25 01:21:58,121.84829920455832,29784c387017c900dc842f070d5cd88464dfc494,1353335,,,,,,,,,,,,,,,,,,,,,,,,,,,,,,,,,,,,,,,,,,,,,,,,,,TN,,,,,,,,,,
autoland,4769055,12,f76b60813665636d86169b6507d2f60fe004600c,windows10-64-shippable-qr,True,False,,,102210fe594ee9b33d82058545b1ed14f4c8206e,console.log-in-loop-content-process-array,damp,True,damp console.log-in-loop-content-process-array opt e10s fission stylo webrender-sw,4768818,77,ms,firefox,,1817089359,2023-12-25 05:53:22,123.28151320022516,f69f493b2f3cde5ef4b46b9675cfd4708287666e,1353343,,,,,,,,,,,,,,,,,,,,,,,,,,,,,,,,,,,,,,,,,,,,,,,,,,TN,,,,,,,,,,
autoland,4769055,12,f76b60813665636d86169b6507d2f60fe004600c,windows10-64-shippable-qr,True,False,,,102210fe594ee9b33d82058545b1ed14f4c8206e,console.log-in-loop-content-process-array,damp,True,damp console.log-in-loop-content-process-array opt e10s fission stylo webrender-sw,4768818,77,ms,firefox,,1817176247,2023-12-25 12:57:04,121.6085079482982,b9600c5aa59e300200656691d1f1997593caafbd,1353372,,,,,,,,,,,,,,,,,,,,,,,,,,,,,,,,,,,,,,,,,,,,,,,,,,TN,,,,,,,,,,
autoland,4769055,12,f76b60813665636d86169b6507d2f60fe004600c,windows10-64-shippable-qr,True,False,,,102210fe594ee9b33d82058545b1ed14f4c8206e,console.log-in-loop-content-process-array,damp,True,damp console.log-in-loop-content-process-array opt e10s fission stylo webrender-sw,4768818,77,ms,firefox,,1817205567,2023-12-25 17:10:06,122.12750982357102,fdd85a789550f85e20e7b7128f2b3316cbc76640,1353386,,,,,,,,,,,,,,,,,,,,,,,,,,,,,,,,,,,,,,,,,,,,,,,,,,TN,,,,,,,,,,
autoland,4769055,12,f76b60813665636d86169b6507d2f60fe004600c,windows10-64-shippable-qr,True,False,,,102210fe594ee9b33d82058545b1ed14f4c8206e,console.log-in-loop-content-process-array,damp,True,damp console.log-in-loop-content-process-array opt e10s fission stylo webrender-sw,4768818,77,ms,firefox,,1817205824,2023-12-25 17:10:06,123.71633000942712,fdd85a789550f85e20e7b7128f2b3316cbc76640,1353386,,,,,,,,,,,,,,,,,,,,,,,,,,,,,,,,,,,,,,,,,,,,,,,,,,TN,,,,,,,,,,
autoland,4769055,12,f76b60813665636d86169b6507d2f60fe004600c,windows10-64-shippable-qr,True,False,,,102210fe594ee9b33d82058545b1ed14f4c8206e,console.log-in-loop-content-process-array,damp,True,damp console.log-in-loop-content-process-array opt e10s fission stylo webrender-sw,4768818,77,ms,firefox,,1817205886,2023-12-25 17:10:06,122.12887123662496,fdd85a789550f85e20e7b7128f2b3316cbc76640,1353386,,,,,,,,,,,,,,,,,,,,,,,,,,,,,,,,,,,,,,,,,,,,,,,,,,TN,,,,,,,,,,
autoland,4769055,12,f76b60813665636d86169b6507d2f60fe004600c,windows10-64-shippable-qr,True,False,,,102210fe594ee9b33d82058545b1ed14f4c8206e,console.log-in-loop-content-process-array,damp,True,damp console.log-in-loop-content-process-array opt e10s fission stylo webrender-sw,4768818,77,ms,firefox,,1817240912,2023-12-25 21:32:12,121.510508453287,ba6abbd36b496501cea141e17b61af674a18e279,1353402,,,,,,,,,,,,,,,,,,,,,,,,,,,,,,,,,,,,,,,,,,,,,,,,,,TN,,,,,,,,,,
autoland,4769055,12,f76b60813665636d86169b6507d2f60fe004600c,windows10-64-shippable-qr,True,False,,,102210fe594ee9b33d82058545b1ed14f4c8206e,console.log-in-loop-content-process-array,damp,True,damp console.log-in-loop-content-process-array opt e10s fission stylo webrender-sw,4768818,77,ms,firefox,441391330.0,1817287156,2023-12-26 03:31:03,121.16243134505568,280c0b4dd9140984e6177c89f5858ceac6ae0107,1353431,,,,,,,,,,,,,,,,,,,,,,,,,,,,,,,,,,,,,,,,,,,,,,,,,,TN,,,,,,,,,,
autoland,4769055,12,f76b60813665636d86169b6507d2f60fe004600c,windows10-64-shippable-qr,True,False,,,102210fe594ee9b33d82058545b1ed14f4c8206e,console.log-in-loop-content-process-array,damp,True,damp console.log-in-loop-content-process-array opt e10s fission stylo webrender-sw,4768818,77,ms,firefox,441401713.0,1817380122,2023-12-26 07:50:55,121.28808850083078,7503b1d6a430d23303b6ec356b3388951a1eca83,1353461,,,,,,,,,,,,,,,,,,,,,,,,,,,,,,,,,,,,,,,,,,,,,,,,,,TN,,,,,,,,,,
autoland,4769055,12,f76b60813665636d86169b6507d2f60fe004600c,windows10-64-shippable-qr,True,False,,,102210fe594ee9b33d82058545b1ed14f4c8206e,console.log-in-loop-content-process-array,damp,True,damp console.log-in-loop-content-process-array opt e10s fission stylo webrender-sw,4768818,77,ms,firefox,441423492.0,1817455399,2023-12-26 11:52:29,121.96640051773466,807f04c86e5d02f04afa662ade3d505a80a4f660,1353488,,,,,,,,,,,,,,,,,,,,,,,,,,,,,,,,,,,,,,,,,,,,,,,,,,TN,,,,,,,,,,
autoland,4769055,12,f76b60813665636d86169b6507d2f60fe004600c,windows10-64-shippable-qr,True,False,,,102210fe594ee9b33d82058545b1ed14f4c8206e,console.log-in-loop-content-process-array,damp,True,damp console.log-in-loop-content-process-array opt e10s fission stylo webrender-sw,4768818,77,ms,firefox,441451915.0,1817552593,2023-12-27 02:56:18,123.40319863739388,6d9a0abd0a3c26f4337aff723c15795fe91fe884,1353555,,,,,,,,,,,,,,,,,,,,,,,,,,,,,,,,,,,,,,,,,,,,,,,,,,TN,,,,,,,,,,
autoland,4769055,12,f76b60813665636d86169b6507d2f60fe004600c,windows10-64-shippable-qr,True,False,,,102210fe594ee9b33d82058545b1ed14f4c8206e,console.log-in-loop-content-process-array,damp,True,damp console.log-in-loop-content-process-array opt e10s fission stylo webrender-sw,4768818,77,ms,firefox,441493185.0,1817735124,2023-12-27 14:58:54,122.32398887662656,856e86584c4c811f064f93e2b734dd374c787eaf,1353654,,,,,,,,,,,,,,,,,,,,,,,,,,,,,,,,,,,,,,,,,,,,,,,,,,TN,,,,,,,,,,
autoland,4769055,12,f76b60813665636d86169b6507d2f60fe004600c,windows10-64-shippable-qr,True,False,,,102210fe594ee9b33d82058545b1ed14f4c8206e,console.log-in-loop-content-process-array,damp,True,damp console.log-in-loop-content-process-array opt e10s fission stylo webrender-sw,4768818,77,ms,firefox,441511224.0,1817834780,2023-12-27 20:22:55,122.78440571146166,97a27d8a860d5bd8ab2962d2f0e5e376287e527c,1353722,,,,,,,,,,,,,,,,,,,,,,,,,,,,,,,,,,,,,,,,,,,,,,,,,,TN,,,,,,,,,,
autoland,4769055,12,f76b60813665636d86169b6507d2f60fe004600c,windows10-64-shippable-qr,True,False,,,102210fe594ee9b33d82058545b1ed14f4c8206e,console.log-in-loop-content-process-array,damp,True,damp console.log-in-loop-content-process-array opt e10s fission stylo webrender-sw,4768818,77,ms,firefox,441528385.0,1817902927,2023-12-28 01:36:38,122.4073995693725,00fe06571a66e6773ca7801e6747493299cf4bda,1353793,,,,,,,,,,,,,,,,,,,,,,,,,,,,,,,,,,,,,,,,,,,,,,,,,,TN,,,,,,,,,,
autoland,4769055,12,f76b60813665636d86169b6507d2f60fe004600c,windows10-64-shippable-qr,True,False,,,102210fe594ee9b33d82058545b1ed14f4c8206e,console.log-in-loop-content-process-array,damp,True,damp console.log-in-loop-content-process-array opt e10s fission stylo webrender-sw,4768818,77,ms,firefox,441558881.0,1818122045,2023-12-28 13:32:35,123.56042494685516,10aa7423789835a7dbd24b0b44ad1ae2ad77b59b,1353834,,,,,,,,,,,,,,,,,,,,,,,,,,,,,,,,,,,,,,,,,,,,,,,,,,TN,,,,,,,,,,
autoland,4769055,12,f76b60813665636d86169b6507d2f60fe004600c,windows10-64-shippable-qr,True,False,,,102210fe594ee9b33d82058545b1ed14f4c8206e,console.log-in-loop-content-process-array,damp,True,damp console.log-in-loop-content-process-array opt e10s fission stylo webrender-sw,4768818,77,ms,firefox,441574761.0,1818188706,2023-12-28 17:48:27,122.25657927747308,659e4e8345823ce8331b67df6c3865b76063e2c2,1353939,,,,,,,,,,,,,,,,,,,,,,,,,,,,,,,,,,,,,,,,,,,,,,,,,,TN,,,,,,,,,,
autoland,4769055,12,f76b60813665636d86169b6507d2f60fe004600c,windows10-64-shippable-qr,True,False,,,102210fe594ee9b33d82058545b1ed14f4c8206e,console.log-in-loop-content-process-array,damp,True,damp console.log-in-loop-content-process-array opt e10s fission stylo webrender-sw,4768818,77,ms,firefox,441601333.0,1818269706,2023-12-28 23:04:44,121.9366587192817,0bd8678e10b6f0eb1d7e16cfe010ca8856e2bfcc,1354003,,,,,,,,,,,,,,,,,,,,,,,,,,,,,,,,,,,,,,,,,,,,,,,,,,TN,,,,,,,,,,
autoland,4769055,12,f76b60813665636d86169b6507d2f60fe004600c,windows10-64-shippable-qr,True,False,,,102210fe594ee9b33d82058545b1ed14f4c8206e,console.log-in-loop-content-process-array,damp,True,damp console.log-in-loop-content-process-array opt e10s fission stylo webrender-sw,4768818,77,ms,firefox,441618108.0,1818371934,2023-12-29 05:51:26,123.10769034371152,25b973ec90316da3daa35b031e4a4e089d70443a,1354078,,,,,,,,,,,,,,,,,,,,,,,,,,,,,,,,,,,,,,,,,,,,,,,,,,TN,,,,,,,,,,
autoland,4769055,12,f76b60813665636d86169b6507d2f60fe004600c,windows10-64-shippable-qr,True,False,,,102210fe594ee9b33d82058545b1ed14f4c8206e,console.log-in-loop-content-process-array,damp,True,damp console.log-in-loop-content-process-array opt e10s fission stylo webrender-sw,4768818,77,ms,firefox,441663407.0,1818500899,2023-12-29 14:24:04,121.7604518701819,4d00abb11b573ff386a9f02816ff81f2030e6dfe,1354164,,,,,,,,,,,,,,,,,,,,,,,,,,,,,,,,,,,,,,,,,,,,,,,,,,TN,,,,,,,,,,
autoland,4769055,12,f76b60813665636d86169b6507d2f60fe004600c,windows10-64-shippable-qr,True,False,,,102210fe594ee9b33d82058545b1ed14f4c8206e,console.log-in-loop-content-process-array,damp,True,damp console.log-in-loop-content-process-array opt e10s fission stylo webrender-sw,4768818,77,ms,firefox,441670467.0,1818527449,2023-12-29 16:09:29,122.31720395974116,52b5c5b51719976906d668db1cd59b2b49315565,1354179,,,,,,,,,,,,,,,,,,,,,,,,,,,,,,,,,,,,,,,,,,,,,,,,,,TN,,,,,,,,,,
autoland,4769055,12,f76b60813665636d86169b6507d2f60fe004600c,windows10-64-shippable-qr,True,False,,,102210fe594ee9b33d82058545b1ed14f4c8206e,console.log-in-loop-content-process-array,damp,True,damp console.log-in-loop-content-process-array opt e10s fission stylo webrender-sw,4768818,77,ms,firefox,441691626.0,1818601936,2023-12-29 20:10:09,121.9179354007174,8d822c618985176a1d4ebc4eedcd5a388e798418,1354279,,,,,,,,,,,,,,,,,,,,,,,,,,,,,,,,,,,,,,,,,,,,,,,,,,TN,,,,,,,,,,
autoland,4769055,12,f76b60813665636d86169b6507d2f60fe004600c,windows10-64-shippable-qr,True,False,,,102210fe594ee9b33d82058545b1ed14f4c8206e,console.log-in-loop-content-process-array,damp,True,damp console.log-in-loop-content-process-array opt e10s fission stylo webrender-sw,4768818,77,ms,firefox,441708028.0,1818665135,2023-12-30 03:46:41,122.31042271039767,15c3c77f07b45a04b27a42ab403aadaaed857fff,1354316,,,,,,,,,,,,,,,,,,,,,,,,,,,,,,,,,,,,,,,,,,,,,,,,,,TN,,,,,,,,,,
autoland,4769055,12,f76b60813665636d86169b6507d2f60fe004600c,windows10-64-shippable-qr,True,False,,,102210fe594ee9b33d82058545b1ed14f4c8206e,console.log-in-loop-content-process-array,damp,True,damp console.log-in-loop-content-process-array opt e10s fission stylo webrender-sw,4768818,77,ms,firefox,441717799.0,1818727257,2023-12-30 08:00:00,122.20182941356688,9660032084db64efbe9cbbf4c47a38d0a6c36c9f,1354351,,,,,,,,,,,,,,,,,,,,,,,,,,,,,,,,,,,,,,,,,,,,,,,,,,TN,,,,,,,,,,
autoland,4769055,12,f76b60813665636d86169b6507d2f60fe004600c,windows10-64-shippable-qr,True,False,,,102210fe594ee9b33d82058545b1ed14f4c8206e,console.log-in-loop-content-process-array,damp,True,damp console.log-in-loop-content-process-array opt e10s fission stylo webrender-sw,4768818,77,ms,firefox,441744861.0,1818818170,2023-12-30 12:53:05,122.6749665237512,94ab264a143c3086d948c401c047297f01b76527,1354380,,,,,,,,,,,,,,,,,,,,,,,,,,,,,,,,,,,,,,,,,,,,,,,,,,TN,,,,,,,,,,
autoland,4769055,12,f76b60813665636d86169b6507d2f60fe004600c,windows10-64-shippable-qr,True,False,,,102210fe594ee9b33d82058545b1ed14f4c8206e,console.log-in-loop-content-process-array,damp,True,damp console.log-in-loop-content-process-array opt e10s fission stylo webrender-sw,4768818,77,ms,firefox,441760241.0,1818910150,2023-12-30 17:18:37,122.70397984223018,3e9c9290e422e1f39255953e22e3d8bfe8234425,1354396,,,,,,,,,,,,,,,,,,,,,,,,,,,,,,,,,,,,,,,,,,,,,,,,,,TN,,,,,,,,,,
autoland,4769055,12,f76b60813665636d86169b6507d2f60fe004600c,windows10-64-shippable-qr,True,False,,,102210fe594ee9b33d82058545b1ed14f4c8206e,console.log-in-loop-content-process-array,damp,True,damp console.log-in-loop-content-process-array opt e10s fission stylo webrender-sw,4768818,77,ms,firefox,441778279.0,1818977079,2023-12-31 00:47:53,122.61045129425202,be0bfc7f906523649c68f45d4b25ca752bfc701c,1354421,,,,,,,,,,,,,,,,,,,,,,,,,,,,,,,,,,,,,,,,,,,,,,,,,,TN,,,,,,,,,,
autoland,4769055,12,f76b60813665636d86169b6507d2f60fe004600c,windows10-64-shippable-qr,True,False,,,102210fe594ee9b33d82058545b1ed14f4c8206e,console.log-in-loop-content-process-array,damp,True,damp console.log-in-loop-content-process-array opt e10s fission stylo webrender-sw,4768818,77,ms,firefox,441810516.0,1819130474,2023-12-31 16:29:03,121.66842111730512,30b0d1ecdc26a3e4753bef7807739106282ed827,1354470,,,,,,,,,,,,,,,,,,,,,,,,,,,,,,,,,,,,,,,,,,,,,,,,,,TN,,,,,,,,,,
autoland,4769055,12,f76b60813665636d86169b6507d2f60fe004600c,windows10-64-shippable-qr,True,False,,,102210fe594ee9b33d82058545b1ed14f4c8206e,console.log-in-loop-content-process-array,damp,True,damp console.log-in-loop-content-process-array opt e10s fission stylo webrender-sw,4768818,77,ms,firefox,441824166.0,1819202076,2023-12-31 21:56:05,121.6147396000806,430d1a5b377307a1050c23ae96cab333c5a33be8,1354489,,,,,,,,,,,,,,,,,,,,,,,,,,,,,,,,,,,,,,,,,,,,,,,,,,TN,,,,,,,,,,
autoland,4769055,12,f76b60813665636d86169b6507d2f60fe004600c,windows10-64-shippable-qr,True,False,,,102210fe594ee9b33d82058545b1ed14f4c8206e,console.log-in-loop-content-process-array,damp,True,damp console.log-in-loop-content-process-array opt e10s fission stylo webrender-sw,4768818,77,ms,firefox,441854001.0,1819341665,2024-01-01 15:22:20,122.6148886313722,da3b8f5f832d95192044762406363fda8d55ef19,1354571,,,,,,,,,,,,,,,,,,,,,,,,,,,,,,,,,,,,,,,,,,,,,,,,,,TN,,,,,,,,,,
autoland,4769055,12,f76b60813665636d86169b6507d2f60fe004600c,windows10-64-shippable-qr,True,False,,,102210fe594ee9b33d82058545b1ed14f4c8206e,console.log-in-loop-content-process-array,damp,True,damp console.log-in-loop-content-process-array opt e10s fission stylo webrender-sw,4768818,77,ms,firefox,441854778.0,1819354647,2024-01-01 20:27:36,122.1283631567585,42461c8e1289d1829e0902914b12524c1fffa0a1,1354574,,,,,,,,,,,,,,,,,,,,,,,,,,,,,,,,,,,,,,,,,,,,,,,,,,TN,,,,,,,,,,
autoland,4769055,12,f76b60813665636d86169b6507d2f60fe004600c,windows10-64-shippable-qr,True,False,,,102210fe594ee9b33d82058545b1ed14f4c8206e,console.log-in-loop-content-process-array,damp,True,damp console.log-in-loop-content-process-array opt e10s fission stylo webrender-sw,4768818,77,ms,firefox,441877505.0,1819446741,2024-01-02 07:16:40,121.69205163966308,60c369c930dc96abae06a2e0ad6833a3574b803f,1354603,,,,,,,,,,,,,,,,,,,,,,,,,,,,,,,,,,,,,,,,,,,,,,,,,,TN,,,,,,,,,,
autoland,4769055,12,f76b60813665636d86169b6507d2f60fe004600c,windows10-64-shippable-qr,True,False,,,102210fe594ee9b33d82058545b1ed14f4c8206e,console.log-in-loop-content-process-array,damp,True,damp console.log-in-loop-content-process-array opt e10s fission stylo webrender-sw,4768818,77,ms,firefox,441907492.0,1819553353,2024-01-02 11:19:41,122.4325328951536,399d9781e72b3a4a01e67c7f902f80c9df9da386,1354672,,,,,,,,,,,,,,,,,,,,,,,,,,,,,,,,,,,,,,,,,,,,,,,,,,TN,,,,,,,,,,
autoland,4769055,12,f76b60813665636d86169b6507d2f60fe004600c,windows10-64-shippable-qr,True,False,,,102210fe594ee9b33d82058545b1ed14f4c8206e,console.log-in-loop-content-process-array,damp,True,damp console.log-in-loop-content-process-array opt e10s fission stylo webrender-sw,4768818,77,ms,firefox,441938393.0,1819666613,2024-01-02 15:21:54,122.76320419921194,9f15f6c0236cc27aa82549841609068645c13445,1354784,,,,,,,,,,,,,,,,,,,,,,,,,,,,,,,,,,,,,,,,,,,,,,,,,,TN,,,,,,,,,,
autoland,4769055,12,f76b60813665636d86169b6507d2f60fe004600c,windows10-64-shippable-qr,True,False,,,102210fe594ee9b33d82058545b1ed14f4c8206e,console.log-in-loop-content-process-array,damp,True,damp console.log-in-loop-content-process-array opt e10s fission stylo webrender-sw,4768818,77,ms,firefox,441931891.0,1819634344,2024-01-02 15:38:43,121.74598233394318,c44f0d09630a8cf36dac42c4eb31bf2a9395bf90,1354794,,,,,,,,,,,,,,,,,,,,,,,,,,,,,,,,,,,,,,,,,,,,,,,,,,TN,,,,,,,,,,
autoland,4769055,12,f76b60813665636d86169b6507d2f60fe004600c,windows10-64-shippable-qr,True,False,,,102210fe594ee9b33d82058545b1ed14f4c8206e,console.log-in-loop-content-process-array,damp,True,damp console.log-in-loop-content-process-array opt e10s fission stylo webrender-sw,4768818,77,ms,firefox,442238286.0,1820923576,2024-01-02 19:04:50,122.50199082972448,449e5b2c3e70200e2bd75ebd77c00de4381f811a,1354901,,,,,,,,,,,,,,,,,,,,,,,,,,,,,,,,,,,,,,,,,,,,,,,,,,TN,,,,,,,,,,
autoland,4769055,12,f76b60813665636d86169b6507d2f60fe004600c,windows10-64-shippable-qr,True,False,,,102210fe594ee9b33d82058545b1ed14f4c8206e,console.log-in-loop-content-process-array,damp,True,damp console.log-in-loop-content-process-array opt e10s fission stylo webrender-sw,4768818,77,ms,firefox,442239020.0,1820960014,2024-01-02 19:37:35,123.21486902867127,506b02ad09d390438bd298da24d5704b73f133fa,1354907,,,,,,,,,,,,,,,,,,,,,,,,,,,,,,,,,,,,,,,,,,,,,,,,,,TN,,,,,,,,,,
autoland,4769055,12,f76b60813665636d86169b6507d2f60fe004600c,windows10-64-shippable-qr,True,False,,,102210fe594ee9b33d82058545b1ed14f4c8206e,console.log-in-loop-content-process-array,damp,True,damp console.log-in-loop-content-process-array opt e10s fission stylo webrender-sw,4768818,77,ms,firefox,441958555.0,1819781133,2024-01-02 20:40:29,122.27688486858916,cc67c788cded515a24f96c72c8a12b87a2cd1b3a,1354935,,,,,,,,,,,,,,,,,,,,,,,,,,,,,,,,,,,,,,,,,,,,,,,,,,TN,,,,,,,,,,
autoland,4769055,12,f76b60813665636d86169b6507d2f60fe004600c,windows10-64-shippable-qr,True,False,,,102210fe594ee9b33d82058545b1ed14f4c8206e,console.log-in-loop-content-process-array,damp,True,damp console.log-in-loop-content-process-array opt e10s fission stylo webrender-sw,4768818,77,ms,firefox,442236672.0,1820919895,2024-01-02 20:52:57,122.4838165195224,3eb2ec6dfde5fff064bdcd427b4f135d79e1206a,1354940,,,,,,,,,,,,,,,,,,,,,,,,,,,,,,,,,,,,,,,,,,,,,,,,,,TN,,,,,,,,,,
autoland,4769055,12,f76b60813665636d86169b6507d2f60fe004600c,windows10-64-shippable-qr,True,False,,,102210fe594ee9b33d82058545b1ed14f4c8206e,console.log-in-loop-content-process-array,damp,True,damp console.log-in-loop-content-process-array opt e10s fission stylo webrender-sw,4768818,77,ms,firefox,442305368.0,1821194538,2024-01-02 21:13:28,122.9838283010522,ac7e380f958137715450b519330707f0b1709df3,1354943,,,,,,,,,,,,,,,,,,,,,,,,,,,,,,,,,,,,,,,,,,,,,,,,,,TN,,,,,,,,,,
autoland,4769055,12,f76b60813665636d86169b6507d2f60fe004600c,windows10-64-shippable-qr,True,False,,,102210fe594ee9b33d82058545b1ed14f4c8206e,console.log-in-loop-content-process-array,damp,True,damp console.log-in-loop-content-process-array opt e10s fission stylo webrender-sw,4768818,77,ms,firefox,442237779.0,1820921927,2024-01-02 21:31:27,123.01783838784468,b868288eb222e9d9bc797179a24d7c04862a7a55,1354949,,,,,,,,,,,,,,,,,,,,,,,,,,,,,,,,,,,,,,,,,,,,,,,,,,TN,,,,,,,,,,
autoland,4769055,12,f76b60813665636d86169b6507d2f60fe004600c,windows10-64-shippable-qr,True,False,,,102210fe594ee9b33d82058545b1ed14f4c8206e,console.log-in-loop-content-process-array,damp,True,damp console.log-in-loop-content-process-array opt e10s fission stylo webrender-sw,4768818,77,ms,firefox,442237677.0,1820921155,2024-01-02 22:08:32,123.87906152463984,bb5e7eeba83213c0d306997e6a269eb47a4d9469,1354965,,,,,,,,,,,,,,,,,,,,,,,,,,,,,,,,,,,,,,,,,,,,,,,,,,TN,,,,,,,,,,
autoland,4769055,12,f76b60813665636d86169b6507d2f60fe004600c,windows10-64-shippable-qr,True,False,,,102210fe594ee9b33d82058545b1ed14f4c8206e,console.log-in-loop-content-process-array,damp,True,damp console.log-in-loop-content-process-array opt e10s fission stylo webrender-sw,4768818,77,ms,firefox,442238091.0,1820922872,2024-01-02 22:59:28,123.8657902578534,32e97f5ff9bbb036ce2bae171834d7de20d37d24,1354976,,,,,,,,,,,,,,,,,,,,,,,,,,,,,,,,,,,,,,,,,,,,,,,,,,TN,,,,,,,,,,
autoland,4769055,12,f76b60813665636d86169b6507d2f60fe004600c,windows10-64-shippable-qr,True,False,,,102210fe594ee9b33d82058545b1ed14f4c8206e,console.log-in-loop-content-process-array,damp,True,damp console.log-in-loop-content-process-array opt e10s fission stylo webrender-sw,4768818,77,ms,firefox,442237564.0,1820920694,2024-01-03 07:04:32,122.4314218081463,caedbf8b1b5b9738d0cce0608b2d39104e8e7c0d,1355051,,,,,,,,,,,,,,,,,,,,,,,,,,,,,,,,,,,,,,,,,,,,,,,,,,TN,,,,,,,,,,
autoland,4769055,12,f76b60813665636d86169b6507d2f60fe004600c,windows10-64-shippable-qr,True,False,,,102210fe594ee9b33d82058545b1ed14f4c8206e,console.log-in-loop-content-process-array,damp,True,damp console.log-in-loop-content-process-array opt e10s fission stylo webrender-sw,4768818,77,ms,firefox,442238625.0,1820959452,2024-01-03 07:04:32,123.65037007303364,caedbf8b1b5b9738d0cce0608b2d39104e8e7c0d,1355051,,,,,,,,,,,,,,,,,,,,,,,,,,,,,,,,,,,,,,,,,,,,,,,,,,TN,,,,,,,,,,
autoland,4769055,12,f76b60813665636d86169b6507d2f60fe004600c,windows10-64-shippable-qr,True,False,,,102210fe594ee9b33d82058545b1ed14f4c8206e,console.log-in-loop-content-process-array,damp,True,damp console.log-in-loop-content-process-array opt e10s fission stylo webrender-sw,4768818,77,ms,firefox,441995409.0,1819917594,2024-01-03 08:18:49,121.85256157319328,655286516798565db497786ca92d9a8f7f7744bf,1355061,,,,,,,,,,,,,,,,,,,,,,,,,,,,,,,,,,,,,,,,,,,,,,,,,,TN,,,,,,,,,,
autoland,4769055,12,f76b60813665636d86169b6507d2f60fe004600c,windows10-64-shippable-qr,True,False,,,102210fe594ee9b33d82058545b1ed14f4c8206e,console.log-in-loop-content-process-array,damp,True,damp console.log-in-loop-content-process-array opt e10s fission stylo webrender-sw,4768818,77,ms,firefox,442237504.0,1820921274,2024-01-03 08:38:49,121.59161192811187,fcc5af3762fa4f53e6ba913a73e475e624a8746a,1355068,,,,,,,,,,,,,,,,,,,,,,,,,,,,,,,,,,,,,,,,,,,,,,,,,,TN,,,,,,,,,,
autoland,4769055,12,f76b60813665636d86169b6507d2f60fe004600c,windows10-64-shippable-qr,True,False,,,102210fe594ee9b33d82058545b1ed14f4c8206e,console.log-in-loop-content-process-array,damp,True,damp console.log-in-loop-content-process-array opt e10s fission stylo webrender-sw,4768818,77,ms,firefox,442237561.0,1820920543,2024-01-03 09:35:40,121.54574874380796,1cf071f9cbfe89084664e84475318e39d0e8f69b,1355079,,,,,,,,,,,,,,,,,,,,,,,,,,,,,,,,,,,,,,,,,,,,,,,,,,TN,,,,,,,,,,
autoland,4769055,12,f76b60813665636d86169b6507d2f60fe004600c,windows10-64-shippable-qr,True,False,,,102210fe594ee9b33d82058545b1ed14f4c8206e,console.log-in-loop-content-process-array,damp,True,damp console.log-in-loop-content-process-array opt e10s fission stylo webrender-sw,4768818,77,ms,firefox,442237307.0,1820920096,2024-01-03 10:16:42,121.63837924038307,114b1b228dac7cc85ea3663ae41699ce2cac537e,1355090,,,,,,,,,,,,,,,,,,,,,,,,,,,,,,,,,,,,,,,,,,,,,,,,,,TN,,,,,,,,,,
autoland,4769055,12,f76b60813665636d86169b6507d2f60fe004600c,windows10-64-shippable-qr,True,False,,,102210fe594ee9b33d82058545b1ed14f4c8206e,console.log-in-loop-content-process-array,damp,True,damp console.log-in-loop-content-process-array opt e10s fission stylo webrender-sw,4768818,77,ms,firefox,442238096.0,1820923510,2024-01-03 10:29:15,123.3706854973725,48c2eb88aa23c25bcb45f40779abce7269c72ec9,1355092,,,,,,,,,,,,,,,,,,,,,,,,,,,,,,,,,,,,,,,,,,,,,,,,,,TN,,,,,,,,,,
autoland,4769055,12,f76b60813665636d86169b6507d2f60fe004600c,windows10-64-shippable-qr,True,False,,,102210fe594ee9b33d82058545b1ed14f4c8206e,console.log-in-loop-content-process-array,damp,True,damp console.log-in-loop-content-process-array opt e10s fission stylo webrender-sw,4768818,77,ms,firefox,442238776.0,1820959296,2024-01-03 10:56:44,122.35091245211152,d3dae1fb305d1880eac12185af72ec5dbd610879,1355100,,,,,,,,,,,,,,,,,,,,,,,,,,,,,,,,,,,,,,,,,,,,,,,,,,TN,,,,,,,,,,
autoland,4769055,12,f76b60813665636d86169b6507d2f60fe004600c,windows10-64-shippable-qr,True,False,,,102210fe594ee9b33d82058545b1ed14f4c8206e,console.log-in-loop-content-process-array,damp,True,damp console.log-in-loop-content-process-array opt e10s fission stylo webrender-sw,4768818,77,ms,firefox,442237593.0,1820921447,2024-01-03 11:55:26,121.76142988604988,036489e17b6cb116028dba6c187b7a9516cfbc46,1355116,,,,,,,,,,,,,,,,,,,,,,,,,,,,,,,,,,,,,,,,,,,,,,,,,,TN,,,,,,,,,,
autoland,4769055,12,f76b60813665636d86169b6507d2f60fe004600c,windows10-64-shippable-qr,True,False,,,102210fe594ee9b33d82058545b1ed14f4c8206e,console.log-in-loop-content-process-array,damp,True,damp console.log-in-loop-content-process-array opt e10s fission stylo webrender-sw,4768818,77,ms,firefox,442236076.0,1820919779,2024-01-03 12:08:39,121.8468420804711,4bbcb0b06eff1f001a8de4b0827e5e60473a49b2,1355121,,,,,,,,,,,,,,,,,,,,,,,,,,,,,,,,,,,,,,,,,,,,,,,,,,TN,,,,,,,,,,
autoland,4769055,12,f76b60813665636d86169b6507d2f60fe004600c,windows10-64-shippable-qr,True,False,,,102210fe594ee9b33d82058545b1ed14f4c8206e,console.log-in-loop-content-process-array,damp,True,damp console.log-in-loop-content-process-array opt e10s fission stylo webrender-sw,4768818,77,ms,firefox,442029948.0,1819997483,2024-01-03 12:27:12,121.9093520293136,9ea90dc23395fc3e2d9d2bd18598cc49434eeff1,1355126,,,,,,,,,,,,,,,,,,,,,,,,,,,,,,,,,,,,,,,,,,,,,,,,,,TN,,,,,,,,,,
autoland,4769055,12,f76b60813665636d86169b6507d2f60fe004600c,windows10-64-shippable-qr,True,False,,,102210fe594ee9b33d82058545b1ed14f4c8206e,console.log-in-loop-content-process-array,damp,True,damp console.log-in-loop-content-process-array opt e10s fission stylo webrender-sw,4768818,77,ms,firefox,442237292.0,1820919956,2024-01-03 14:16:55,122.5881423712799,c71d09ab8b2b32c1cc00a0eba6f8f3b72a61e5fa,1355161,,,,,,,,,,,,,,,,,,,,,,,,,,,,,,,,,,,,,,,,,,,,,,,,,,TN,,,,,,,,,,
autoland,4769055,12,f76b60813665636d86169b6507d2f60fe004600c,windows10-64-shippable-qr,True,False,,,102210fe594ee9b33d82058545b1ed14f4c8206e,console.log-in-loop-content-process-array,damp,True,damp console.log-in-loop-content-process-array opt e10s fission stylo webrender-sw,4768818,77,ms,firefox,442237547.0,1820920607,2024-01-03 14:39:18,121.88618719809163,56052095471696acbbcceb2608be92c1186b98c5,1355173,,,,,,,,,,,,,,,,,,,,,,,,,,,,,,,,,,,,,,,,,,,,,,,,,,TN,,,,,,,,,,
autoland,4769055,12,f76b60813665636d86169b6507d2f60fe004600c,windows10-64-shippable-qr,True,False,,,102210fe594ee9b33d82058545b1ed14f4c8206e,console.log-in-loop-content-process-array,damp,True,damp console.log-in-loop-content-process-array opt e10s fission stylo webrender-sw,4768818,77,ms,firefox,442236096.0,1820919578,2024-01-03 14:40:25,123.25629896425926,8146df27da1a94bc1dacfae424bdb114ce7db97c,1355174,,,,,,,,,,,,,,,,,,,,,,,,,,,,,,,,,,,,,,,,,,,,,,,,,,TN,,,,,,,,,,
autoland,4769055,12,f76b60813665636d86169b6507d2f60fe004600c,windows10-64-shippable-qr,True,False,,,102210fe594ee9b33d82058545b1ed14f4c8206e,console.log-in-loop-content-process-array,damp,True,damp console.log-in-loop-content-process-array opt e10s fission stylo webrender-sw,4768818,77,ms,firefox,442305732.0,1821195454,2024-01-03 14:48:35,122.51368321167593,1a6deecdb288941f5d6d7397060389a09ff41352,1355177,,,,,,,,,,,,,,,,,,,,,,,,,,,,,,,,,,,,,,,,,,,,,,,,,,TN,,,,,,,,,,
autoland,4769055,12,f76b60813665636d86169b6507d2f60fe004600c,windows10-64-shippable-qr,True,False,,,102210fe594ee9b33d82058545b1ed14f4c8206e,console.log-in-loop-content-process-array,damp,True,damp console.log-in-loop-content-process-array opt e10s fission stylo webrender-sw,4768818,77,ms,firefox,442238797.0,1820959864,2024-01-03 15:21:05,122.25666273792284,4baa2ab43ab114ef70dd5fe4908c628f7510438b,1355191,,,,,,,,,,,,,,,,,,,,,,,,,,,,,,,,,,,,,,,,,,,,,,,,,,TN,,,,,,,,,,
autoland,4769055,12,f76b60813665636d86169b6507d2f60fe004600c,windows10-64-shippable-qr,True,False,,,102210fe594ee9b33d82058545b1ed14f4c8206e,console.log-in-loop-content-process-array,damp,True,damp console.log-in-loop-content-process-array opt e10s fission stylo webrender-sw,4768818,77,ms,firefox,442305730.0,1821195359,2024-01-03 15:36:44,121.74227366795547,5f7986e4be591d0f2e3d58eb53b42dafa1dcb21b,1355205,,,,,,,,,,,,,,,,,,,,,,,,,,,,,,,,,,,,,,,,,,,,,,,,,,TN,,,,,,,,,,
autoland,4769055,12,f76b60813665636d86169b6507d2f60fe004600c,windows10-64-shippable-qr,True,False,,,102210fe594ee9b33d82058545b1ed14f4c8206e,console.log-in-loop-content-process-array,damp,True,damp console.log-in-loop-content-process-array opt e10s fission stylo webrender-sw,4768818,77,ms,firefox,442237546.0,1820921376,2024-01-03 16:01:40,122.87144279041786,c4800a1ff52ea053639cd6fef3244b44e5433030,1355216,,,,,,,,,,,,,,,,,,,,,,,,,,,,,,,,,,,,,,,,,,,,,,,,,,TN,,,,,,,,,,
autoland,4769055,12,f76b60813665636d86169b6507d2f60fe004600c,windows10-64-shippable-qr,True,False,,,102210fe594ee9b33d82058545b1ed14f4c8206e,console.log-in-loop-content-process-array,damp,True,damp console.log-in-loop-content-process-array opt e10s fission stylo webrender-sw,4768818,77,ms,firefox,442226359.0,1820835860,2024-01-03 16:10:02,124.03620184422562,7048555a140d845c2ddb403ede3045878ceccafa,1355224,,,,,,,,,,,,,,,,,,,,,,,,,,,,,,,,,,,,,,,,,,,,,,,,,,TN,,,,,,,,,,
autoland,4769055,12,f76b60813665636d86169b6507d2f60fe004600c,windows10-64-shippable-qr,True,False,,,102210fe594ee9b33d82058545b1ed14f4c8206e,console.log-in-loop-content-process-array,damp,True,damp console.log-in-loop-content-process-array opt e10s fission stylo webrender-sw,4768818,77,ms,firefox,442239245.0,1820969623,2024-01-03 16:13:27,121.91669491198628,13096f9cee8443ad413e0a6f022be5259ec4ee76,1355226,,,,,,,,,,,,,,,,,,,,,,,,,,,,,,,,,,,,,,,,,,,,,,,,,,TN,,,,,,,,,,
autoland,4769055,12,f76b60813665636d86169b6507d2f60fe004600c,windows10-64-shippable-qr,True,False,,,102210fe594ee9b33d82058545b1ed14f4c8206e,console.log-in-loop-content-process-array,damp,True,damp console.log-in-loop-content-process-array opt e10s fission stylo webrender-sw,4768818,77,ms,firefox,442053647.0,1820132296,2024-01-03 16:19:36,122.34177997232472,6aab4af4cab879cc95debd549578bc909a21cff7,1355230,,,,,,,,,,,,,,,,,,,,,,,,,,,,,,,,,,,,,,,,,,,,,,,,,,TN,,,,,,,,,,
autoland,4769055,12,f76b60813665636d86169b6507d2f60fe004600c,windows10-64-shippable-qr,True,False,,,102210fe594ee9b33d82058545b1ed14f4c8206e,console.log-in-loop-content-process-array,damp,True,damp console.log-in-loop-content-process-array opt e10s fission stylo webrender-sw,4768818,77,ms,firefox,442238627.0,1820959218,2024-01-03 17:53:35,122.36541911630228,a4f291cf4644ac20846a1aa446e5cb960b561086,1355294,,,,,,,,,,,,,,,,,,,,,,,,,,,,,,,,,,,,,,,,,,,,,,,,,,TN,,,,,,,,,,
autoland,4769055,12,f76b60813665636d86169b6507d2f60fe004600c,windows10-64-shippable-qr,True,False,,,102210fe594ee9b33d82058545b1ed14f4c8206e,console.log-in-loop-content-process-array,damp,True,damp console.log-in-loop-content-process-array opt e10s fission stylo webrender-sw,4768818,77,ms,firefox,442226677.0,1820838196,2024-01-03 17:59:46,122.00019251196773,ea0271ef6010095f9537d0ca4dc4832451ebc882,1355301,,,,,,,,,,,,,,,,,,,,,,,,,,,,,,,,,,,,,,,,,,,,,,,,,,TN,,,,,,,,,,
autoland,4769055,12,f76b60813665636d86169b6507d2f60fe004600c,windows10-64-shippable-qr,True,False,,,102210fe594ee9b33d82058545b1ed14f4c8206e,console.log-in-loop-content-process-array,damp,True,damp console.log-in-loop-content-process-array opt e10s fission stylo webrender-sw,4768818,77,ms,firefox,442237789.0,1820922282,2024-01-03 18:06:09,121.99959313045656,76c6c37e568c9461dfd63b3d48aa35f09fbf0be7,1355307,,,,,,,,,,,,,,,,,,,,,,,,,,,,,,,,,,,,,,,,,,,,,,,,,,TN,,,,,,,,,,
autoland,4769055,12,f76b60813665636d86169b6507d2f60fe004600c,windows10-64-shippable-qr,True,False,,,102210fe594ee9b33d82058545b1ed14f4c8206e,console.log-in-loop-content-process-array,damp,True,damp console.log-in-loop-content-process-array opt e10s fission stylo webrender-sw,4768818,77,ms,firefox,442238344.0,1820923634,2024-01-03 18:24:16,121.78062768501512,93870567f80ed1c127e86b1cae77a3cb2e6c5473,1355321,,,,,,,,,,,,,,,,,,,,,,,,,,,,,,,,,,,,,,,,,,,,,,,,,,TN,,,,,,,,,,
autoland,4769055,12,f76b60813665636d86169b6507d2f60fe004600c,windows10-64-shippable-qr,True,False,,,102210fe594ee9b33d82058545b1ed14f4c8206e,console.log-in-loop-content-process-array,damp,True,damp console.log-in-loop-content-process-array opt e10s fission stylo webrender-sw,4768818,77,ms,firefox,442239728.0,1820969783,2024-01-03 19:00:20,122.37475684212768,462cb57adafa4ea04f0412a3089bd5926bdef63f,1355343,,,,,,,,,,,,,,,,,,,,,,,,,,,,,,,,,,,,,,,,,,,,,,,,,,TN,,,,,,,,,,
autoland,4769055,12,f76b60813665636d86169b6507d2f60fe004600c,windows10-64-shippable-qr,True,False,,,102210fe594ee9b33d82058545b1ed14f4c8206e,console.log-in-loop-content-process-array,damp,True,damp console.log-in-loop-content-process-array opt e10s fission stylo webrender-sw,4768818,77,ms,firefox,442225599.0,1820831545,2024-01-03 19:14:58,120.96599397819682,271462f27193e14ac7aa350072c5d150db55a4ba,1355346,,,,,,,,,,,,,,,,,,,,,,,,,,,,,,,,,,,,,,,,,,,,,,,,,,TN,,,,,,,,,,
autoland,4769055,12,f76b60813665636d86169b6507d2f60fe004600c,windows10-64-shippable-qr,True,False,,,102210fe594ee9b33d82058545b1ed14f4c8206e,console.log-in-loop-content-process-array,damp,True,damp console.log-in-loop-content-process-array opt e10s fission stylo webrender-sw,4768818,77,ms,firefox,442237309.0,1820920003,2024-01-03 19:56:22,123.93840976077628,786d3c41e7030bba9842b42cb1513261dbf8c7ed,1355365,,,,,,,,,,,,,,,,,,,,,,,,,,,,,,,,,,,,,,,,,,,,,,,,,,TN,,,,,,,,,,
autoland,4769055,12,f76b60813665636d86169b6507d2f60fe004600c,windows10-64-shippable-qr,True,False,,,102210fe594ee9b33d82058545b1ed14f4c8206e,console.log-in-loop-content-process-array,damp,True,damp console.log-in-loop-content-process-array opt e10s fission stylo webrender-sw,4768818,77,ms,firefox,442236010.0,1820919643,2024-01-03 20:00:56,122.28721205561487,1c8d5b1d5fc3b032de5675f8c3119364188271f2,1355367,,,,,,,,,,,,,,,,,,,,,,,,,,,,,,,,,,,,,,,,,,,,,,,,,,TN,,,,,,,,,,
autoland,4769055,12,f76b60813665636d86169b6507d2f60fe004600c,windows10-64-shippable-qr,True,False,,,102210fe594ee9b33d82058545b1ed14f4c8206e,console.log-in-loop-content-process-array,damp,True,damp console.log-in-loop-content-process-array opt e10s fission stylo webrender-sw,4768818,77,ms,firefox,442075873.0,1820223999,2024-01-03 20:41:01,121.75553524239147,c5a68fbf81d038a69c4e9be728d50030fd0d6271,1355381,,,,,,,,,,,,,,,,,,,,,,,,,,,,,,,,,,,,,,,,,,,,,,,,,,TN,,,,,,,,,,
autoland,4769055,12,f76b60813665636d86169b6507d2f60fe004600c,windows10-64-shippable-qr,True,False,,,102210fe594ee9b33d82058545b1ed14f4c8206e,console.log-in-loop-content-process-array,damp,True,damp console.log-in-loop-content-process-array opt e10s fission stylo webrender-sw,4768818,77,ms,firefox,442076114.0,1820258962,2024-01-03 20:57:48,121.94340631827708,d071b2f4ff07e1815cfa6650ffafb87c9b7e9fb1,1355389,,,,,,,,,,,,,,,,,,,,,,,,,,,,,,,,,,,,,,,,,,,,,,,,,,TN,,,,,,,,,,
autoland,4769055,12,f76b60813665636d86169b6507d2f60fe004600c,windows10-64-shippable-qr,True,False,,,102210fe594ee9b33d82058545b1ed14f4c8206e,console.log-in-loop-content-process-array,damp,True,damp console.log-in-loop-content-process-array opt e10s fission stylo webrender-sw,4768818,77,ms,firefox,442101872.0,1820328946,2024-01-04 01:41:43,121.06177931696313,99d5c9d12fe8a000d9b092346826d2101720ee5f,1355473,,,,,,,,,,,,,,,,,,,,,,,,,,,,,,,,,,,,,,,,,,,,,,,,,,TN,,,,,,,,,,
autoland,4769055,12,f76b60813665636d86169b6507d2f60fe004600c,windows10-64-shippable-qr,True,False,,,102210fe594ee9b33d82058545b1ed14f4c8206e,console.log-in-loop-content-process-array,damp,True,damp console.log-in-loop-content-process-array opt e10s fission stylo webrender-sw,4768818,77,ms,firefox,442101873.0,1820328893,2024-01-04 01:41:43,121.7994929159795,99d5c9d12fe8a000d9b092346826d2101720ee5f,1355473,,,,,,,,,,,,,,,,,,,,,,,,,,,,,,,,,,,,,,,,,,,,,,,,,,TN,,,,,,,,,,
autoland,4769055,12,f76b60813665636d86169b6507d2f60fe004600c,windows10-64-shippable-qr,True,False,,,102210fe594ee9b33d82058545b1ed14f4c8206e,console.log-in-loop-content-process-array,damp,True,damp console.log-in-loop-content-process-array opt e10s fission stylo webrender-sw,4768818,77,ms,firefox,442101877.0,1820329232,2024-01-04 01:41:43,121.57070757753628,99d5c9d12fe8a000d9b092346826d2101720ee5f,1355473,,,,,,,,,,,,,,,,,,,,,,,,,,,,,,,,,,,,,,,,,,,,,,,,,,TN,,,,,,,,,,
autoland,4769055,12,f76b60813665636d86169b6507d2f60fe004600c,windows10-64-shippable-qr,True,False,,,102210fe594ee9b33d82058545b1ed14f4c8206e,console.log-in-loop-content-process-array,damp,True,damp console.log-in-loop-content-process-array opt e10s fission stylo webrender-sw,4768818,77,ms,firefox,442101878.0,1820329176,2024-01-04 01:41:43,121.4898944732604,99d5c9d12fe8a000d9b092346826d2101720ee5f,1355473,,,,,,,,,,,,,,,,,,,,,,,,,,,,,,,,,,,,,,,,,,,,,,,,,,TN,,,,,,,,,,
autoland,4769055,12,f76b60813665636d86169b6507d2f60fe004600c,windows10-64-shippable-qr,True,False,,,102210fe594ee9b33d82058545b1ed14f4c8206e,console.log-in-loop-content-process-array,damp,True,damp console.log-in-loop-content-process-array opt e10s fission stylo webrender-sw,4768818,77,ms,firefox,442101879.0,1820329279,2024-01-04 01:41:43,121.624850453205,99d5c9d12fe8a000d9b092346826d2101720ee5f,1355473,,,,,,,,,,,,,,,,,,,,,,,,,,,,,,,,,,,,,,,,,,,,,,,,,,TN,,,,,,,,,,
autoland,4769055,12,f76b60813665636d86169b6507d2f60fe004600c,windows10-64-shippable-qr,True,False,,,102210fe594ee9b33d82058545b1ed14f4c8206e,console.log-in-loop-content-process-array,damp,True,damp console.log-in-loop-content-process-array opt e10s fission stylo webrender-sw,4768818,77,ms,firefox,442108895.0,1820378045,2024-01-04 05:54:21,122.19569305967434,c285a1e59436529ca8d4acd4acf55d45e4277b1b,1355496,,,,,,,,,,,,,,,,,,,,,,,,,,,,,,,,,,,,,,,,,,,,,,,,,,TN,,,,,,,,,,
autoland,4769055,12,f76b60813665636d86169b6507d2f60fe004600c,windows10-64-shippable-qr,True,False,,,102210fe594ee9b33d82058545b1ed14f4c8206e,console.log-in-loop-content-process-array,damp,True,damp console.log-in-loop-content-process-array opt e10s fission stylo webrender-sw,4768818,77,ms,firefox,442141216.0,1820496521,2024-01-04 11:10:14,122.28930179595864,740351987a4ee46ea2c571e5824e859680bda968,1355581,,,,,,,,,,,,,,,,,,,,,,,,,,,,,,,,,,,,,,,,,,,,,,,,,,TN,,,,,,,,,,
autoland,4769055,12,f76b60813665636d86169b6507d2f60fe004600c,windows10-64-shippable-qr,True,False,,,102210fe594ee9b33d82058545b1ed14f4c8206e,console.log-in-loop-content-process-array,damp,True,damp console.log-in-loop-content-process-array opt e10s fission stylo webrender-sw,4768818,77,ms,firefox,442179063.0,1820697302,2024-01-04 15:17:03,122.3286840343808,45533d2448ef281f6e604ca7626c0a6ecce3e188,1355683,,,,,,,,,,,,,,,,,,,,,,,,,,,,,,,,,,,,,,,,,,,,,,,,,,TN,,,,,,,,,,
autoland,4769055,12,f76b60813665636d86169b6507d2f60fe004600c,windows10-64-shippable-qr,True,False,,,102210fe594ee9b33d82058545b1ed14f4c8206e,console.log-in-loop-content-process-array,damp,True,damp console.log-in-loop-content-process-array opt e10s fission stylo webrender-sw,4768818,77,ms,firefox,442173800.0,1820599277,2024-01-04 15:42:51,122.08961785639622,0a133d5fd15504b371307e44739e8f97c80096b9,1355702,,,,,,,,,,,,,,,,,,,,,,,,,,,,,,,,,,,,,,,,,,,,,,,,,,TN,,,,,,,,,,
autoland,4769055,12,f76b60813665636d86169b6507d2f60fe004600c,windows10-64-shippable-qr,True,False,,,102210fe594ee9b33d82058545b1ed14f4c8206e,console.log-in-loop-content-process-array,damp,True,damp console.log-in-loop-content-process-array opt e10s fission stylo webrender-sw,4768818,77,ms,firefox,442200497.0,1820736464,2024-01-04 19:37:18,122.73102894609563,048b65210703dec3aec972f180b52548b2664f7d,1355859,,,,,,,,,,,,,,,,,,,,,,,,,,,,,,,,,,,,,,,,,,,,,,,,,,TN,,,,,,,,,,
autoland,4769055,12,f76b60813665636d86169b6507d2f60fe004600c,windows10-64-shippable-qr,True,False,,,102210fe594ee9b33d82058545b1ed14f4c8206e,console.log-in-loop-content-process-array,damp,True,damp console.log-in-loop-content-process-array opt e10s fission stylo webrender-sw,4768818,77,ms,firefox,442238529.0,1820955763,2024-01-05 00:18:01,122.21224771221569,84d53ee96a81d7e514d24d1fb3160e91d9cee533,1356034,,,,,,,,,,,,,,,,,,,,,,,,,,,,,,,,,,,,,,,,,,,,,,,,,,TN,,,,,,,,,,
autoland,4769055,12,f76b60813665636d86169b6507d2f60fe004600c,windows10-64-shippable-qr,True,False,,,102210fe594ee9b33d82058545b1ed14f4c8206e,console.log-in-loop-content-process-array,damp,True,damp console.log-in-loop-content-process-array opt e10s fission stylo webrender-sw,4768818,77,ms,firefox,442239159.0,1820965486,2024-01-05 00:22:57,121.41744883239971,fab155eb519c68377a585ffdc537174653ab847b,1356036,,,,,,,,,,,,,,,,,,,,,,,,,,,,,,,,,,,,,,,,,,,,,,,,,,TN,,,,,,,,,,
autoland,4769055,12,f76b60813665636d86169b6507d2f60fe004600c,windows10-64-shippable-qr,True,False,,,102210fe594ee9b33d82058545b1ed14f4c8206e,console.log-in-loop-content-process-array,damp,True,damp console.log-in-loop-content-process-array opt e10s fission stylo webrender-sw,4768818,77,ms,firefox,442253702.0,1821036489,2024-01-05 04:43:02,122.25465646853807,376266ac23d50822ae8c18d60d1577f0b89b7c03,1356081,,,,,,,,,,,,,,,,,,,,,,,,,,,,,,,,,,,,,,,,,,,,,,,,,,TN,,,,,,,,,,
autoland,4769055,12,f76b60813665636d86169b6507d2f60fe004600c,windows10-64-shippable-qr,True,False,,,102210fe594ee9b33d82058545b1ed14f4c8206e,console.log-in-loop-content-process-array,damp,True,damp console.log-in-loop-content-process-array opt e10s fission stylo webrender-sw,4768818,77,ms,firefox,442267314.0,1821096806,2024-01-05 08:43:49,122.81188304010357,fa9bfcd5f0dbd19a8aaafddc25f6f73e4bcfd484,1356147,,,,,,,,,,,,,,,,,,,,,,,,,,,,,,,,,,,,,,,,,,,,,,,,,,TN,,,,,,,,,,
autoland,4769055,12,f76b60813665636d86169b6507d2f60fe004600c,windows10-64-shippable-qr,True,False,,,102210fe594ee9b33d82058545b1ed14f4c8206e,console.log-in-loop-content-process-array,damp,True,damp console.log-in-loop-content-process-array opt e10s fission stylo webrender-sw,4768818,77,ms,firefox,442306070.0,1821205461,2024-01-05 12:49:29,122.22785802154796,30bc5759ffcd80a2febc0a054214a3c910d31aea,1356208,,,,,,,,,,,,,,,,,,,,,,,,,,,,,,,,,,,,,,,,,,,,,,,,,,TN,,,,,,,,,,
autoland,4769055,12,f76b60813665636d86169b6507d2f60fe004600c,windows10-64-shippable-qr,True,False,,,102210fe594ee9b33d82058545b1ed14f4c8206e,console.log-in-loop-content-process-array,damp,True,damp console.log-in-loop-content-process-array opt e10s fission stylo webrender-sw,4768818,77,ms,firefox,442336853.0,1821361235,2024-01-05 17:02:32,122.59496902746196,d2e417f0f208016a0a4e369e822a12e20ef4fc5f,1356351,,,,,,,,,,,,,,,,,,,,,,,,,,,,,,,,,,,,,,,,,,,,,,,,,,TN,,,,,,,,,,
autoland,4769055,12,f76b60813665636d86169b6507d2f60fe004600c,windows10-64-shippable-qr,True,False,,,102210fe594ee9b33d82058545b1ed14f4c8206e,console.log-in-loop-content-process-array,damp,True,damp console.log-in-loop-content-process-array opt e10s fission stylo webrender-sw,4768818,77,ms,firefox,442359631.0,1821425691,2024-01-05 19:52:18,122.24723059058216,567f5a81c44108f44c4e694af42be8f209da4c0a,1356444,,,,,,,,,,,,,,,,,,,,,,,,,,,,,,,,,,,,,,,,,,,,,,,,,,TN,,,,,,,,,,
autoland,4769055,12,f76b60813665636d86169b6507d2f60fe004600c,windows10-64-shippable-qr,True,False,,,102210fe594ee9b33d82058545b1ed14f4c8206e,console.log-in-loop-content-process-array,damp,True,damp console.log-in-loop-content-process-array opt e10s fission stylo webrender-sw,4768818,77,ms,firefox,442380426.0,1821496110,2024-01-06 00:04:36,122.03824712836013,2a86438878465bd10e251c52285e2455425bfeb9,1356549,,,,,,,,,,,,,,,,,,,,,,,,,,,,,,,,,,,,,,,,,,,,,,,,,,TN,,,,,,,,,,
autoland,4769055,12,f76b60813665636d86169b6507d2f60fe004600c,windows10-64-shippable-qr,True,False,,,102210fe594ee9b33d82058545b1ed14f4c8206e,console.log-in-loop-content-process-array,damp,True,damp console.log-in-loop-content-process-array opt e10s fission stylo webrender-sw,4768818,77,ms,firefox,442381728.0,1821513656,2024-01-06 00:21:54,122.10178083870323,ce6cf7dcf8b16c2a478f122f8bab575231c99881,1356554,,,,,,,,,,,,,,,,,,,,,,,,,,,,,,,,,,,,,,,,,,,,,,,,,,TN,,,,,,,,,,
autoland,4769055,12,f76b60813665636d86169b6507d2f60fe004600c,windows10-64-shippable-qr,True,False,,,102210fe594ee9b33d82058545b1ed14f4c8206e,console.log-in-loop-content-process-array,damp,True,damp console.log-in-loop-content-process-array opt e10s fission stylo webrender-sw,4768818,77,ms,firefox,442417955.0,1821695328,2024-01-06 12:48:14,123.6499406421026,b54f34f26a3a753076473795a42574f426a960ee,1356631,,,,,,,,,,,,,,,,,,,,,,,,,,,,,,,,,,,,,,,,,,,,,,,,,,TN,,,,,,,,,,
autoland,4769055,12,f76b60813665636d86169b6507d2f60fe004600c,windows10-64-shippable-qr,True,False,,,102210fe594ee9b33d82058545b1ed14f4c8206e,console.log-in-loop-content-process-array,damp,True,damp console.log-in-loop-content-process-array opt e10s fission stylo webrender-sw,4768818,77,ms,firefox,442426925.0,1821739226,2024-01-06 17:09:10,122.77941447027295,d6318b034527ed62918fa4fd893f093c084a6ccb,1356650,,,,,,,,,,,,,,,,,,,,,,,,,,,,,,,,,,,,,,,,,,,,,,,,,,TN,,,,,,,,,,
autoland,4769055,12,f76b60813665636d86169b6507d2f60fe004600c,windows10-64-shippable-qr,True,False,,,102210fe594ee9b33d82058545b1ed14f4c8206e,console.log-in-loop-content-process-array,damp,True,damp console.log-in-loop-content-process-array opt e10s fission stylo webrender-sw,4768818,77,ms,firefox,442442147.0,1821801192,2024-01-06 21:44:09,122.09410083739569,1d9422a3e1d878f2f2c54ef4e836faabebfdfc9a,1356666,,,,,,,,,,,,,,,,,,,,,,,,,,,,,,,,,,,,,,,,,,,,,,,,,,TN,,,,,,,,,,
autoland,4769055,12,f76b60813665636d86169b6507d2f60fe004600c,windows10-64-shippable-qr,True,False,,,102210fe594ee9b33d82058545b1ed14f4c8206e,console.log-in-loop-content-process-array,damp,True,damp console.log-in-loop-content-process-array opt e10s fission stylo webrender-sw,4768818,77,ms,firefox,442482379.0,1822029489,2024-01-07 23:26:49,122.54948475777384,47fc814524de5c30dfd7711cf3eda088303ad905,1356765,,,,,,,,,,,,,,,,,,,,,,,,,,,,,,,,,,,,,,,,,,,,,,,,,,TN,,,,,,,,,,
autoland,4769055,12,f76b60813665636d86169b6507d2f60fe004600c,windows10-64-shippable-qr,True,False,,,102210fe594ee9b33d82058545b1ed14f4c8206e,console.log-in-loop-content-process-array,damp,True,damp console.log-in-loop-content-process-array opt e10s fission stylo webrender-sw,4768818,77,ms,firefox,442486670.0,1822053663,2024-01-08 02:39:55,122.80031662128567,750c44842f26873f40a2d09bc4ee94ecc4c39997,1356771,,,,,,,,,,,,,,,,,,,,,,,,,,,,,,,,,,,,,,,,,,,,,,,,,,TN,,,,,,,,,,
autoland,4769055,12,f76b60813665636d86169b6507d2f60fe004600c,windows10-64-shippable-qr,True,False,,,102210fe594ee9b33d82058545b1ed14f4c8206e,console.log-in-loop-content-process-array,damp,True,damp console.log-in-loop-content-process-array opt e10s fission stylo webrender-sw,4768818,77,ms,firefox,442532106.0,1822200024,2024-01-08 11:59:03,122.0446948464496,f0a524f0a0085554a1bfdfe1320ee1e87caf7a94,1356886,,,,,,,,,,,,,,,,,,,,,,,,,,,,,,,,,,,,,,,,,,,,,,,,,,TN,,,,,,,,,,
autoland,4769055,12,f76b60813665636d86169b6507d2f60fe004600c,windows10-64-shippable-qr,True,False,,,102210fe594ee9b33d82058545b1ed14f4c8206e,console.log-in-loop-content-process-array,damp,True,damp console.log-in-loop-content-process-array opt e10s fission stylo webrender-sw,4768818,77,ms,firefox,442564866.0,1822354784,2024-01-08 15:57:02,122.72194483242583,fa142c3f71b8a5f5e5781fe41471dc1528cecd75,1357053,,,,,,,,,,,,,,,,,,,,,,,,,,,,,,,,,,,,,,,,,,,,,,,,,,TN,,,,,,,,,,
autoland,4769055,12,f76b60813665636d86169b6507d2f60fe004600c,windows10-64-shippable-qr,True,False,,,102210fe594ee9b33d82058545b1ed14f4c8206e,console.log-in-loop-content-process-array,damp,True,damp console.log-in-loop-content-process-array opt e10s fission stylo webrender-sw,4768818,77,ms,firefox,442597672.0,1822470073,2024-01-08 20:04:05,122.03283149360324,41ae953b02271ceda653046c5072bfe0329c7e96,1357175,,,,,,,,,,,,,,,,,,,,,,,,,,,,,,,,,,,,,,,,,,,,,,,,,,TN,,,,,,,,,,
autoland,4769055,12,f76b60813665636d86169b6507d2f60fe004600c,windows10-64-shippable-qr,True,False,,,102210fe594ee9b33d82058545b1ed14f4c8206e,console.log-in-loop-content-process-array,damp,True,damp console.log-in-loop-content-process-array opt e10s fission stylo webrender-sw,4768818,77,ms,firefox,442630851.0,1822618215,2024-01-09 02:28:42,121.8414682266075,ea866029ce2e23f03843038e1fd8ba7ca9ea30bb,1357330,,,,,,,,,,,,,,,,,,,,,,,,,,,,,,,,,,,,,,,,,,,,,,,,,,TN,,,,,,,,,,
autoland,4769055,12,f76b60813665636d86169b6507d2f60fe004600c,windows10-64-shippable-qr,True,False,,,102210fe594ee9b33d82058545b1ed14f4c8206e,console.log-in-loop-content-process-array,damp,True,damp console.log-in-loop-content-process-array opt e10s fission stylo webrender-sw,4768818,77,ms,firefox,442688218.0,1822937680,2024-01-09 11:20:33,121.6436699061469,b29d6ace45f4ca84cd58b15ab4430194755a7056,1357465,,,,,,,,,,,,,,,,,,,,,,,,,,,,,,,,,,,,,,,,,,,,,,,,,,TN,,,,,,,,,,
autoland,4769055,12,f76b60813665636d86169b6507d2f60fe004600c,windows10-64-shippable-qr,True,False,,,102210fe594ee9b33d82058545b1ed14f4c8206e,console.log-in-loop-content-process-array,damp,True,damp console.log-in-loop-content-process-array opt e10s fission stylo webrender-sw,4768818,77,ms,firefox,442689526.0,1822953755,2024-01-09 11:56:06,123.03886431282444,051ee8b6b5420d6e2ef877ed6ff3a70306257659,1357476,,,,,,,,,,,,,,,,,,,,,,,,,,,,,,,,,,,,,,,,,,,,,,,,,,TN,,,,,,,,,,
autoland,4769055,12,f76b60813665636d86169b6507d2f60fe004600c,windows10-64-shippable-qr,True,False,,,102210fe594ee9b33d82058545b1ed14f4c8206e,console.log-in-loop-content-process-array,damp,True,damp console.log-in-loop-content-process-array opt e10s fission stylo webrender-sw,4768818,77,ms,firefox,442727287.0,1823106392,2024-01-09 16:23:43,122.20332752270042,39da72deac75c8026ae23df612934a7fc7c3693a,1357611,,,,,,,,,,,,,,,,,,,,,,,,,,,,,,,,,,,,,,,,,,,,,,,,,,TN,,,,,,,,,,
autoland,4769055,12,f76b60813665636d86169b6507d2f60fe004600c,windows10-64-shippable-qr,True,False,,,102210fe594ee9b33d82058545b1ed14f4c8206e,console.log-in-loop-content-process-array,damp,True,damp console.log-in-loop-content-process-array opt e10s fission stylo webrender-sw,4768818,77,ms,firefox,442727688.0,1823131345,2024-01-09 17:04:21,121.84745017565,65446098ef641575f65d67f1db14e51401e565de,1357636,,,,,,,,,,,,,,,,,,,,,,,,,,,,,,,,,,,,,,,,,,,,,,,,,,TN,,,,,,,,,,
autoland,4769055,12,f76b60813665636d86169b6507d2f60fe004600c,windows10-64-shippable-qr,True,False,,,102210fe594ee9b33d82058545b1ed14f4c8206e,console.log-in-loop-content-process-array,damp,True,damp console.log-in-loop-content-process-array opt e10s fission stylo webrender-sw,4768818,77,ms,firefox,442767508.0,1823337393,2024-01-09 23:58:45,121.888530678214,33d47d05c368a7b03c3843f70deb11c351eab0e7,1357896,,,,,,,,,,,,,,,,,,,,,,,,,,,,,,,,,,,,,,,,,,,,,,,,,,TN,,,,,,,,,,
autoland,4769055,12,f76b60813665636d86169b6507d2f60fe004600c,windows10-64-shippable-qr,True,False,,,102210fe594ee9b33d82058545b1ed14f4c8206e,console.log-in-loop-content-process-array,damp,True,damp console.log-in-loop-content-process-array opt e10s fission stylo webrender-sw,4768818,77,ms,firefox,442794613.0,1823503405,2024-01-10 06:33:00,124.53638376262734,8d93c10892064c983f5603645b9f6db6494fac24,1357998,,,,,,,,,,,,,,,,,,,,,,,,,,,,,,,,,,,,,,,,,,,,,,,,,,TN,,,,,,,,,,
autoland,4769055,12,f76b60813665636d86169b6507d2f60fe004600c,windows10-64-shippable-qr,True,False,,,102210fe594ee9b33d82058545b1ed14f4c8206e,console.log-in-loop-content-process-array,damp,True,damp console.log-in-loop-content-process-array opt e10s fission stylo webrender-sw,4768818,77,ms,firefox,442818518.0,1823599183,2024-01-10 10:37:21,121.18048586677378,c892e00c62dbbeba07a14640ce9baf3a7c27383d,1358093,,,,,,,,,,,,,,,,,,,,,,,,,,,,,,,,,,,,,,,,,,,,,,,,,,TN,,,,,,,,,,
autoland,4769055,12,f76b60813665636d86169b6507d2f60fe004600c,windows10-64-shippable-qr,True,False,,,102210fe594ee9b33d82058545b1ed14f4c8206e,console.log-in-loop-content-process-array,damp,True,damp console.log-in-loop-content-process-array opt e10s fission stylo webrender-sw,4768818,77,ms,firefox,442840182.0,1823650735,2024-01-10 11:50:05,122.57444722023774,645f7ed438fb8172e3e4db34d3d7821251ae066c,1358132,,,,,,,,,,,,,,,,,,,,,,,,,,,,,,,,,,,,,,,,,,,,,,,,,,TN,,,,,,,,,,
autoland,4769055,12,f76b60813665636d86169b6507d2f60fe004600c,windows10-64-shippable-qr,True,False,,,102210fe594ee9b33d82058545b1ed14f4c8206e,console.log-in-loop-content-process-array,damp,True,damp console.log-in-loop-content-process-array opt e10s fission stylo webrender-sw,4768818,77,ms,firefox,442860475.0,1823721355,2024-01-10 15:53:53,124.39246840016494,abbd6756776d8ea1ff22b8a5ee76e1417583f893,1358258,,,,,,,,,,,,,,,,,,,,,,,,,,,,,,,,,,,,,,,,,,,,,,,,,,TN,,,,,,,,,,
autoland,4769055,12,f76b60813665636d86169b6507d2f60fe004600c,windows10-64-shippable-qr,True,False,,,102210fe594ee9b33d82058545b1ed14f4c8206e,console.log-in-loop-content-process-array,damp,True,damp console.log-in-loop-content-process-array opt e10s fission stylo webrender-sw,4768818,77,ms,firefox,442883800.0,1823846962,2024-01-10 20:02:55,121.59860926980672,13107fcd50cf2795a397cd8d72ce290a0b34a909,1358406,,,,,,,,,,,,,,,,,,,,,,,,,,,,,,,,,,,,,,,,,,,,,,,,,,TN,,,,,,,,,,
autoland,4769055,12,f76b60813665636d86169b6507d2f60fe004600c,windows10-64-shippable-qr,True,False,,,102210fe594ee9b33d82058545b1ed14f4c8206e,console.log-in-loop-content-process-array,damp,True,damp console.log-in-loop-content-process-array opt e10s fission stylo webrender-sw,4768818,77,ms,firefox,442907869.0,1823960283,2024-01-11 01:22:24,121.69239297317108,1a93f0a64a7f897212da58c5753433922e0953cb,1358548,,,,,,,,,,,,,,,,,,,,,,,,,,,,,,,,,,,,,,,,,,,,,,,,,,TN,,,,,,,,,,
autoland,4769055,12,f76b60813665636d86169b6507d2f60fe004600c,windows10-64-shippable-qr,True,False,,,102210fe594ee9b33d82058545b1ed14f4c8206e,console.log-in-loop-content-process-array,damp,True,damp console.log-in-loop-content-process-array opt e10s fission stylo webrender-sw,4768818,77,ms,firefox,443196171.0,1825397975,2024-01-11 01:26:38,122.83586318006382,121d42feb14548ca01dbe2503c727b379fc21a9f,1358550,,,,,,,,,,,,,,,,,,,,,,,,,,,,,,,,,,,,,,,,,,,,,,,,,,TN,,,,,,,,,,
autoland,4769055,12,f76b60813665636d86169b6507d2f60fe004600c,windows10-64-shippable-qr,True,False,,,102210fe594ee9b33d82058545b1ed14f4c8206e,console.log-in-loop-content-process-array,damp,True,damp console.log-in-loop-content-process-array opt e10s fission stylo webrender-sw,4768818,77,ms,firefox,443196167.0,1825397885,2024-01-11 01:27:20,121.93162614299764,1974b2081c55152a9095eec0bc8f66271c8cd7dd,1358551,,,,,,,,,,,,,,,,,,,,,,,,,,,,,,,,,,,,,,,,,,,,,,,,,,TN,,,,,,,,,,
autoland,4769055,12,f76b60813665636d86169b6507d2f60fe004600c,windows10-64-shippable-qr,True,False,,,102210fe594ee9b33d82058545b1ed14f4c8206e,console.log-in-loop-content-process-array,damp,True,damp console.log-in-loop-content-process-array opt e10s fission stylo webrender-sw,4768818,77,ms,firefox,443196166.0,1825397653,2024-01-11 02:16:39,121.63547331384598,18dac1f3ff4f2b5ce8dde523c2d298e66b0e3cbf,1358557,,,,,,,,,,,,,,,,,,,,,,,,,,,,,,,,,,,,,,,,,,,,,,,,,,TN,,,,,,,,,,
autoland,4769055,12,f76b60813665636d86169b6507d2f60fe004600c,windows10-64-shippable-qr,True,False,,,102210fe594ee9b33d82058545b1ed14f4c8206e,console.log-in-loop-content-process-array,damp,True,damp console.log-in-loop-content-process-array opt e10s fission stylo webrender-sw,4768818,77,ms,firefox,443196175.0,1825398031,2024-01-11 02:19:28,122.19701668196376,07c9202e33b577b9e0355fe04c316fb5a3c1a992,1358558,,,,,,,,,,,,,,,,,,,,,,,,,,,,,,,,,,,,,,,,,,,,,,,,,,TN,,,,,,,,,,
autoland,4769055,12,f76b60813665636d86169b6507d2f60fe004600c,windows10-64-shippable-qr,True,False,,,102210fe594ee9b33d82058545b1ed14f4c8206e,console.log-in-loop-content-process-array,damp,True,damp console.log-in-loop-content-process-array opt e10s fission stylo webrender-sw,4768818,77,ms,firefox,443196201.0,1825398274,2024-01-11 04:26:06,121.960681110535,97816b4e05e8c73c8bd386d1ad07acc58c55a2d9,1358576,,,,,,,,,,,,,,,,,,,,,,,,,,,,,,,,,,,,,,,,,,,,,,,,,,TN,,,,,,,,,,
autoland,4769055,12,f76b60813665636d86169b6507d2f60fe004600c,windows10-64-shippable-qr,True,False,,,102210fe594ee9b33d82058545b1ed14f4c8206e,console.log-in-loop-content-process-array,damp,True,damp console.log-in-loop-content-process-array opt e10s fission stylo webrender-sw,4768818,77,ms,firefox,442930769.0,1824062779,2024-01-11 07:34:58,121.88017226401826,53b379d2ca1da12d341d8c9f8e59575152c88b27,1358622,,,,,,,,,,,,,,,,,,,,,,,,,,,,,,,,,,,,,,,,,,,,,,,,,,TN,,,,,,,,,,
autoland,4769055,12,f76b60813665636d86169b6507d2f60fe004600c,windows10-64-shippable-qr,True,False,,,102210fe594ee9b33d82058545b1ed14f4c8206e,console.log-in-loop-content-process-array,damp,True,damp console.log-in-loop-content-process-array opt e10s fission stylo webrender-sw,4768818,77,ms,firefox,443199366.0,1825405215,2024-01-11 07:46:41,122.1079665192783,7f052059f56405736d40e558f63cab46e7f11f95,1358624,,,,,,,,,,,,,,,,,,,,,,,,,,,,,,,,,,,,,,,,,,,,,,,,,,TN,,,,,,,,,,
autoland,4769055,12,f76b60813665636d86169b6507d2f60fe004600c,windows10-64-shippable-qr,True,False,,,102210fe594ee9b33d82058545b1ed14f4c8206e,console.log-in-loop-content-process-array,damp,True,damp console.log-in-loop-content-process-array opt e10s fission stylo webrender-sw,4768818,77,ms,firefox,443201753.0,1825408514,2024-01-11 08:50:06,121.51314664419168,16035b0f097497433e5eda7986b9ec039902d416,1358638,,,,,,,,,,,,,,,,,,,,,,,,,,,,,,,,,,,,,,,,,,,,,,,,,,TN,,,,,,,,,,
autoland,4769055,12,f76b60813665636d86169b6507d2f60fe004600c,windows10-64-shippable-qr,True,False,,,102210fe594ee9b33d82058545b1ed14f4c8206e,console.log-in-loop-content-process-array,damp,True,damp console.log-in-loop-content-process-array opt e10s fission stylo webrender-sw,4768818,77,ms,firefox,442935966.0,1824081039,2024-01-11 09:13:52,122.41610357977244,0bd36479d605b1a8748ee37096ff0d54383f0402,1358650,,,,,,,,,,,,,,,,,,,,,,,,,,,,,,,,,,,,,,,,,,,,,,,,,,TN,,,,,,,,,,
autoland,4769055,12,f76b60813665636d86169b6507d2f60fe004600c,windows10-64-shippable-qr,True,False,,,102210fe594ee9b33d82058545b1ed14f4c8206e,console.log-in-loop-content-process-array,damp,True,damp console.log-in-loop-content-process-array opt e10s fission stylo webrender-sw,4768818,77,ms,firefox,443204372.0,1825419462,2024-01-11 09:25:27,122.97939372425115,ac7e0f183f8f97a4db1e9e04aca9cd2e95d9a67d,1358660,,,,,,,,,,,,,,,,,,,,,,,,,,,,,,,,,,,,,,,,,,,,,,,,,,TN,,,,,,,,,,
autoland,4769055,12,f76b60813665636d86169b6507d2f60fe004600c,windows10-64-shippable-qr,True,False,,,102210fe594ee9b33d82058545b1ed14f4c8206e,console.log-in-loop-content-process-array,damp,True,damp console.log-in-loop-content-process-array opt e10s fission stylo webrender-sw,4768818,77,ms,firefox,443202225.0,1825410771,2024-01-11 09:39:04,122.20844752357516,7a6e6415fd6b56e5ca9a7546d2780eb37e728171,1358661,,,,,,,,,,,,,,,,,,,,,,,,,,,,,,,,,,,,,,,,,,,,,,,,,,TN,,,,,,,,,,
autoland,4769055,12,f76b60813665636d86169b6507d2f60fe004600c,windows10-64-shippable-qr,True,False,,,102210fe594ee9b33d82058545b1ed14f4c8206e,console.log-in-loop-content-process-array,damp,True,damp console.log-in-loop-content-process-array opt e10s fission stylo webrender-sw,4768818,77,ms,firefox,443200332.0,1825407801,2024-01-11 09:48:46,122.16974788424432,e8522cd39ca83621e9756929924a5740798e1fdf,1358666,,,,,,,,,,,,,,,,,,,,,,,,,,,,,,,,,,,,,,,,,,,,,,,,,,TN,,,,,,,,,,
autoland,4769055,12,f76b60813665636d86169b6507d2f60fe004600c,windows10-64-shippable-qr,True,False,,,102210fe594ee9b33d82058545b1ed14f4c8206e,console.log-in-loop-content-process-array,damp,True,damp console.log-in-loop-content-process-array opt e10s fission stylo webrender-sw,4768818,77,ms,firefox,443204059.0,1825418403,2024-01-11 09:56:31,121.61601729060294,b8e950d567b0591ee1f6ae0166466f99dd36f6e2,1358675,,,,,,,,,,,,,,,,,,,,,,,,,,,,,,,,,,,,,,,,,,,,,,,,,,TN,,,,,,,,,,
autoland,4769055,12,f76b60813665636d86169b6507d2f60fe004600c,windows10-64-shippable-qr,True,False,,,102210fe594ee9b33d82058545b1ed14f4c8206e,console.log-in-loop-content-process-array,damp,True,damp console.log-in-loop-content-process-array opt e10s fission stylo webrender-sw,4768818,77,ms,firefox,443201180.0,1825408308,2024-01-11 10:30:20,121.72849122500338,14ee45237cd8c3ca0bb75133c3d2a5b650c84e62,1358692,,,,,,,,,,,,,,,,,,,,,,,,,,,,,,,,,,,,,,,,,,,,,,,,,,TN,,,,,,,,,,
autoland,4769055,12,f76b60813665636d86169b6507d2f60fe004600c,windows10-64-shippable-qr,True,False,,,102210fe594ee9b33d82058545b1ed14f4c8206e,console.log-in-loop-content-process-array,damp,True,damp console.log-in-loop-content-process-array opt e10s fission stylo webrender-sw,4768818,77,ms,firefox,443196170.0,1825397750,2024-01-11 10:36:58,121.67635483617867,0516138a30ac4b38fb0ebfc2ab48c663c77240f2,1358694,,,,,,,,,,,,,,,,,,,,,,,,,,,,,,,,,,,,,,,,,,,,,,,,,,TN,,,,,,,,,,
autoland,4769055,12,f76b60813665636d86169b6507d2f60fe004600c,windows10-64-shippable-qr,True,False,,,102210fe594ee9b33d82058545b1ed14f4c8206e,console.log-in-loop-content-process-array,damp,True,damp console.log-in-loop-content-process-array opt e10s fission stylo webrender-sw,4768818,77,ms,firefox,443199368.0,1825405577,2024-01-11 11:25:26,121.69747594541424,8827d1ca6fa5b19dca364d3a47effc960bc608b9,1358713,,,,,,,,,,,,,,,,,,,,,,,,,,,,,,,,,,,,,,,,,,,,,,,,,,TN,,,,,,,,,,
autoland,4769055,12,f76b60813665636d86169b6507d2f60fe004600c,windows10-64-shippable-qr,True,False,,,102210fe594ee9b33d82058545b1ed14f4c8206e,console.log-in-loop-content-process-array,damp,True,damp console.log-in-loop-content-process-array opt e10s fission stylo webrender-sw,4768818,77,ms,firefox,443199384.0,1825405675,2024-01-11 12:18:25,122.35811860873764,47d7b61f874fd9e4c0176206f2e62b5b579361b7,1358722,,,,,,,,,,,,,,,,,,,,,,,,,,,,,,,,,,,,,,,,,,,,,,,,,,TN,,,,,,,,,,
autoland,4769055,12,f76b60813665636d86169b6507d2f60fe004600c,windows10-64-shippable-qr,True,False,,,102210fe594ee9b33d82058545b1ed14f4c8206e,console.log-in-loop-content-process-array,damp,True,damp console.log-in-loop-content-process-array opt e10s fission stylo webrender-sw,4768818,77,ms,firefox,443196190.0,1825398122,2024-01-11 12:31:51,121.64417732424316,d8f6764d0f19010e8de818d2d2f60dd10153f6b1,1358725,,,,,,,,,,,,,,,,,,,,,,,,,,,,,,,,,,,,,,,,,,,,,,,,,,TN,,,,,,,,,,
autoland,4769055,12,f76b60813665636d86169b6507d2f60fe004600c,windows10-64-shippable-qr,True,False,,,102210fe594ee9b33d82058545b1ed14f4c8206e,console.log-in-loop-content-process-array,damp,True,damp console.log-in-loop-content-process-array opt e10s fission stylo webrender-sw,4768818,77,ms,firefox,442973255.0,1824223154,2024-01-11 13:33:40,121.55628858772798,9e9da9a3335070604e4d44a2a97d897ca73a4c16,1358737,,,,,,,,,,,,,,,,,,,,,,,,,,,,,,,,,,,,,,,,,,,,,,,,,,TN,,,,,,,,,,
autoland,4769055,12,f76b60813665636d86169b6507d2f60fe004600c,windows10-64-shippable-qr,True,False,,,102210fe594ee9b33d82058545b1ed14f4c8206e,console.log-in-loop-content-process-array,damp,True,damp console.log-in-loop-content-process-array opt e10s fission stylo webrender-sw,4768818,77,ms,firefox,443199949.0,1825407598,2024-01-11 13:41:03,122.64287798859004,957918b1aacd05924333e5c42bd6ad6a556f0405,1358745,,,,,,,,,,,,,,,,,,,,,,,,,,,,,,,,,,,,,,,,,,,,,,,,,,TN,,,,,,,,,,
autoland,4769055,12,f76b60813665636d86169b6507d2f60fe004600c,windows10-64-shippable-qr,True,False,,,102210fe594ee9b33d82058545b1ed14f4c8206e,console.log-in-loop-content-process-array,damp,True,damp console.log-in-loop-content-process-array opt e10s fission stylo webrender-sw,4768818,77,ms,firefox,443205664.0,1825426786,2024-01-11 13:42:12,121.97749797589586,d4319756452b443d8542a89e942aab790df6b48f,1358746,,,,,,,,,,,,,,,,,,,,,,,,,,,,,,,,,,,,,,,,,,,,,,,,,,TN,,,,,,,,,,
autoland,4769055,12,f76b60813665636d86169b6507d2f60fe004600c,windows10-64-shippable-qr,True,False,,,102210fe594ee9b33d82058545b1ed14f4c8206e,console.log-in-loop-content-process-array,damp,True,damp console.log-in-loop-content-process-array opt e10s fission stylo webrender-sw,4768818,77,ms,firefox,443202110.0,1825410087,2024-01-11 14:00:05,122.35111764804331,01a9b673e2dbaa8b53e6b4ece200e87c7ce8f96d,1358765,,,,,,,,,,,,,,,,,,,,,,,,,,,,,,,,,,,,,,,,,,,,,,,,,,TN,,,,,,,,,,
autoland,4769055,12,f76b60813665636d86169b6507d2f60fe004600c,windows10-64-shippable-qr,True,False,,,102210fe594ee9b33d82058545b1ed14f4c8206e,console.log-in-loop-content-process-array,damp,True,damp console.log-in-loop-content-process-array opt e10s fission stylo webrender-sw,4768818,77,ms,firefox,443199932.0,1825406888,2024-01-11 14:34:59,121.9087610263332,9f6a058adc07b7d3a8916b49ebab12bf3ea101ba,1358784,,,,,,,,,,,,,,,,,,,,,,,,,,,,,,,,,,,,,,,,,,,,,,,,,,TN,,,,,,,,,,
autoland,4769055,12,f76b60813665636d86169b6507d2f60fe004600c,windows10-64-shippable-qr,True,False,,,102210fe594ee9b33d82058545b1ed14f4c8206e,console.log-in-loop-content-process-array,damp,True,damp console.log-in-loop-content-process-array opt e10s fission stylo webrender-sw,4768818,77,ms,firefox,443202329.0,1825411228,2024-01-11 14:45:40,121.45674848081126,9c92e072f963cda80665a1e57fdec383364bbab9,1358790,,,,,,,,,,,,,,,,,,,,,,,,,,,,,,,,,,,,,,,,,,,,,,,,,,TN,,,,,,,,,,
autoland,4769055,12,f76b60813665636d86169b6507d2f60fe004600c,windows10-64-shippable-qr,True,False,,,102210fe594ee9b33d82058545b1ed14f4c8206e,console.log-in-loop-content-process-array,damp,True,damp console.log-in-loop-content-process-array opt e10s fission stylo webrender-sw,4768818,77,ms,firefox,443199936.0,1825407180,2024-01-11 14:50:37,120.9318193609688,20543a8d26d68cbb50ba4ee8dbdb429f6f3ec59d,1358792,,,,,,,,,,,,,,,,,,,,,,,,,,,,,,,,,,,,,,,,,,,,,,,,,,TN,,,,,,,,,,
autoland,4769055,12,f76b60813665636d86169b6507d2f60fe004600c,windows10-64-shippable-qr,True,False,,,102210fe594ee9b33d82058545b1ed14f4c8206e,console.log-in-loop-content-process-array,damp,True,damp console.log-in-loop-content-process-array opt e10s fission stylo webrender-sw,4768818,77,ms,firefox,443202208.0,1825410293,2024-01-11 15:05:35,121.78762502193058,44d7819ed2426592e789668b885b90ed9ae6eafa,1358799,,,,,,,,,,,,,,,,,,,,,,,,,,,,,,,,,,,,,,,,,,,,,,,,,,TN,,,,,,,,,,
autoland,4769055,12,f76b60813665636d86169b6507d2f60fe004600c,windows10-64-shippable-qr,True,False,,,102210fe594ee9b33d82058545b1ed14f4c8206e,console.log-in-loop-content-process-array,damp,True,damp console.log-in-loop-content-process-array opt e10s fission stylo webrender-sw,4768818,77,ms,firefox,443199939.0,1825407069,2024-01-11 15:30:34,122.29532056452535,0965e956200a6a8c26fe399f18cf3ccfd9a462fd,1358815,,,,,,,,,,,,,,,,,,,,,,,,,,,,,,,,,,,,,,,,,,,,,,,,,,TN,,,,,,,,,,
autoland,4769055,12,f76b60813665636d86169b6507d2f60fe004600c,windows10-64-shippable-qr,True,False,,,102210fe594ee9b33d82058545b1ed14f4c8206e,console.log-in-loop-content-process-array,damp,True,damp console.log-in-loop-content-process-array opt e10s fission stylo webrender-sw,4768818,77,ms,firefox,442987206.0,1824280500,2024-01-11 15:31:24,121.64512286283116,0fbc415c1704aee17dbd065e8d41e057993f1797,1358816,,,,,,,,,,,,,,,,,,,,,,,,,,,,,,,,,,,,,,,,,,,,,,,,,,TN,,,,,,,,,,
autoland,4769055,12,f76b60813665636d86169b6507d2f60fe004600c,windows10-64-shippable-qr,True,False,,,102210fe594ee9b33d82058545b1ed14f4c8206e,console.log-in-loop-content-process-array,damp,True,damp console.log-in-loop-content-process-array opt e10s fission stylo webrender-sw,4768818,77,ms,firefox,443201168.0,1825408006,2024-01-11 18:16:03,121.37529909307796,8754d3f330c5ed731eb81a4c5c56668ac5ff8241,1358916,,,,,,,,,,,,,,,,,,,,,,,,,,,,,,,,,,,,,,,,,,,,,,,,,,TN,,,,,,,,,,
autoland,4769055,12,f76b60813665636d86169b6507d2f60fe004600c,windows10-64-shippable-qr,True,False,,,102210fe594ee9b33d82058545b1ed14f4c8206e,console.log-in-loop-content-process-array,damp,True,damp console.log-in-loop-content-process-array opt e10s fission stylo webrender-sw,4768818,77,ms,firefox,443196341.0,1825399042,2024-01-11 18:16:48,122.02144254170162,0c8b61d221fc9fbd78122adbdd9af93c01e5a467,1358917,,,,,,,,,,,,,,,,,,,,,,,,,,,,,,,,,,,,,,,,,,,,,,,,,,TN,,,,,,,,,,
autoland,4769055,12,f76b60813665636d86169b6507d2f60fe004600c,windows10-64-shippable-qr,True,False,,,102210fe594ee9b33d82058545b1ed14f4c8206e,console.log-in-loop-content-process-array,damp,True,damp console.log-in-loop-content-process-array opt e10s fission stylo webrender-sw,4768818,77,ms,firefox,443195502.0,1825381672,2024-01-11 18:18:15,121.67118422027306,c968fa42e944e86d2ef0e1790169260c72d1767b,1358919,,,,,,,,,,,,,,,,,,,,,,,,,,,,,,,,,,,,,,,,,,,,,,,,,,TN,,,,,,,,,,
autoland,4769055,12,f76b60813665636d86169b6507d2f60fe004600c,windows10-64-shippable-qr,True,False,,,102210fe594ee9b33d82058545b1ed14f4c8206e,console.log-in-loop-content-process-array,damp,True,damp console.log-in-loop-content-process-array opt e10s fission stylo webrender-sw,4768818,77,ms,firefox,443195503.0,1825381879,2024-01-11 18:24:24,121.5547572918922,c742a756f169303b59bc595b6ad84ce7314a1789,1358925,,,,,,,,,,,,,,,,,,,,,,,,,,,,,,,,,,,,,,,,,,,,,,,,,,TN,,,,,,,,,,
autoland,4769055,12,f76b60813665636d86169b6507d2f60fe004600c,windows10-64-shippable-qr,True,False,,,102210fe594ee9b33d82058545b1ed14f4c8206e,console.log-in-loop-content-process-array,damp,True,damp console.log-in-loop-content-process-array opt e10s fission stylo webrender-sw,4768818,77,ms,firefox,443199904.0,1825406264,2024-01-11 18:52:16,122.32569554358544,eb9a193de2b14421848c6db358fce5ed2e52b25a,1358944,,,,,,,,,,,,,,,,,,,,,,,,,,,,,,,,,,,,,,,,,,,,,,,,,,TN,,,,,,,,,,
autoland,4769055,12,f76b60813665636d86169b6507d2f60fe004600c,windows10-64-shippable-qr,True,False,,,102210fe594ee9b33d82058545b1ed14f4c8206e,console.log-in-loop-content-process-array,damp,True,damp console.log-in-loop-content-process-array opt e10s fission stylo webrender-sw,4768818,77,ms,firefox,443199937.0,1825407308,2024-01-11 19:02:35,122.61766115389857,4a351c06ffb8a47ee9f6440fefb95d49ad57068b,1358952,,,,,,,,,,,,,,,,,,,,,,,,,,,,,,,,,,,,,,,,,,,,,,,,,,TN,,,,,,,,,,
autoland,4769055,12,f76b60813665636d86169b6507d2f60fe004600c,windows10-64-shippable-qr,True,False,,,102210fe594ee9b33d82058545b1ed14f4c8206e,console.log-in-loop-content-process-array,damp,True,damp console.log-in-loop-content-process-array opt e10s fission stylo webrender-sw,4768818,77,ms,firefox,443199914.0,1825406404,2024-01-11 19:03:17,122.05655014552758,0e8dac0c2b789ba2076cc19487b193fcf0b66016,1358956,,,,,,,,,,,,,,,,,,,,,,,,,,,,,,,,,,,,,,,,,,,,,,,,,,TN,,,,,,,,,,
autoland,4769055,12,f76b60813665636d86169b6507d2f60fe004600c,windows10-64-shippable-qr,True,False,,,102210fe594ee9b33d82058545b1ed14f4c8206e,console.log-in-loop-content-process-array,damp,True,damp console.log-in-loop-content-process-array opt e10s fission stylo webrender-sw,4768818,77,ms,firefox,443202545.0,1825411910,2024-01-11 19:05:50,121.47151354869766,15ef9ae2ab9f886091c25219a58004916426fdcf,1358958,,,,,,,,,,,,,,,,,,,,,,,,,,,,,,,,,,,,,,,,,,,,,,,,,,TN,,,,,,,,,,
autoland,4769055,12,f76b60813665636d86169b6507d2f60fe004600c,windows10-64-shippable-qr,True,False,,,102210fe594ee9b33d82058545b1ed14f4c8206e,console.log-in-loop-content-process-array,damp,True,damp console.log-in-loop-content-process-array opt e10s fission stylo webrender-sw,4768818,77,ms,firefox,443202053.0,1825409722,2024-01-11 19:19:21,122.32095497053888,9e674d3a933cb005b5c1865a0b332f23d66c6ce1,1358963,,,,,,,,,,,,,,,,,,,,,,,,,,,,,,,,,,,,,,,,,,,,,,,,,,TN,,,,,,,,,,
autoland,4769055,12,f76b60813665636d86169b6507d2f60fe004600c,windows10-64-shippable-qr,True,False,,,102210fe594ee9b33d82058545b1ed14f4c8206e,console.log-in-loop-content-process-array,damp,True,damp console.log-in-loop-content-process-array opt e10s fission stylo webrender-sw,4768818,77,ms,firefox,443028322.0,1824439392,2024-01-11 19:45:18,121.30476736934816,51d3d025e7fa3113193da45b9c1b1d792060a4c3,1358981,,,,,,,,,,,,,,,,,,,,,,,,,,,,,,,,,,,,,,,,,,,,,,,,,,TN,,,,,,,,,,
autoland,4769055,12,f76b60813665636d86169b6507d2f60fe004600c,windows10-64-shippable-qr,True,False,,,102210fe594ee9b33d82058545b1ed14f4c8206e,console.log-in-loop-content-process-array,damp,True,damp console.log-in-loop-content-process-array opt e10s fission stylo webrender-sw,4768818,77,ms,firefox,443022377.0,1824414917,2024-01-11 20:05:09,122.05305750883416,8f1e9e2c902a89cfb9f9ea20307fb3ee8a91a4af,1358995,,,,,,,,,,,,,,,,,,,,,,,,,,,,,,,,,,,,,,,,,,,,,,,,,,TN,,,,,,,,,,
autoland,4769055,12,f76b60813665636d86169b6507d2f60fe004600c,windows10-64-shippable-qr,True,False,,,102210fe594ee9b33d82058545b1ed14f4c8206e,console.log-in-loop-content-process-array,damp,True,damp console.log-in-loop-content-process-array opt e10s fission stylo webrender-sw,4768818,77,ms,firefox,443056671.0,1824585405,2024-01-12 01:35:24,122.9718368847407,1d2ccbe0bb6db4d9628b16914b33c5dc5e9406dc,1359176,,,,,,,,,,,,,,,,,,,,,,,,,,,,,,,,,,,,,,,,,,,,,,,,,,TN,,,,,,,,,,
autoland,4769055,12,f76b60813665636d86169b6507d2f60fe004600c,windows10-64-shippable-qr,True,False,,,102210fe594ee9b33d82058545b1ed14f4c8206e,console.log-in-loop-content-process-array,damp,True,damp console.log-in-loop-content-process-array opt e10s fission stylo webrender-sw,4768818,77,ms,firefox,443070782.0,1824726558,2024-01-12 05:09:20,121.97310228279912,1dc9f987063cf678f5c26e7534eadc8bfd186fa9,1359210,,,,,,,,,,,,,,,,,,,,,,,,,,,,,,,,,,,,,,,,,,,,,,,,,,TN,,,,,,,,,,
autoland,4769055,12,f76b60813665636d86169b6507d2f60fe004600c,windows10-64-shippable-qr,True,False,,,102210fe594ee9b33d82058545b1ed14f4c8206e,console.log-in-loop-content-process-array,damp,True,damp console.log-in-loop-content-process-array opt e10s fission stylo webrender-sw,4768818,77,ms,firefox,443100089.0,1824870011,2024-01-12 09:17:33,122.5955614355944,734e2e027196a9d64120ebf11a01a1b03e494d43,1359269,,,,,,,,,,,,,,,,,,,,,,,,,,,,,,,,,,,,,,,,,,,,,,,,,,TN,,,,,,,,,,
autoland,4769055,12,f76b60813665636d86169b6507d2f60fe004600c,windows10-64-shippable-qr,True,False,,,102210fe594ee9b33d82058545b1ed14f4c8206e,console.log-in-loop-content-process-array,damp,True,damp console.log-in-loop-content-process-array opt e10s fission stylo webrender-sw,4768818,77,ms,firefox,443099293.0,1824857108,2024-01-12 09:50:00,122.32471329692088,04e959fcffc3608cfdc8e3812cac822a94eb7f79,1359287,,,,,,,,,,,,,,,,,,,,,,,,,,,,,,,,,,,,,,,,,,,,,,,,,,TN,,,,,,,,,,
autoland,4769055,12,f76b60813665636d86169b6507d2f60fe004600c,windows10-64-shippable-qr,True,False,,,102210fe594ee9b33d82058545b1ed14f4c8206e,console.log-in-loop-content-process-array,damp,True,damp console.log-in-loop-content-process-array opt e10s fission stylo webrender-sw,4768818,77,ms,firefox,443134864.0,1825057831,2024-01-12 13:58:07,122.01935289421272,ce67ec7f0570e0dbbb4af59d868791341b3ae825,1359382,,,,,,,,,,,,,,,,,,,,,,,,,,,,,,,,,,,,,,,,,,,,,,,,,,TN,,,,,,,,,,
autoland,4769055,12,f76b60813665636d86169b6507d2f60fe004600c,windows10-64-shippable-qr,True,False,,,102210fe594ee9b33d82058545b1ed14f4c8206e,console.log-in-loop-content-process-array,damp,True,damp console.log-in-loop-content-process-array opt e10s fission stylo webrender-sw,4768818,77,ms,firefox,443140099.0,1825101147,2024-01-12 15:59:03,122.62862892861996,ca885660ea6d70595474b1663ce6806f7a86a6ea,1359473,,,,,,,,,,,,,,,,,,,,,,,,,,,,,,,,,,,,,,,,,,,,,,,,,,TN,,,,,,,,,,
autoland,4769055,12,f76b60813665636d86169b6507d2f60fe004600c,windows10-64-shippable-qr,True,False,,,102210fe594ee9b33d82058545b1ed14f4c8206e,console.log-in-loop-content-process-array,damp,True,damp console.log-in-loop-content-process-array opt e10s fission stylo webrender-sw,4768818,77,ms,firefox,443164056.0,1825209590,2024-01-12 19:38:29,122.2910465057139,00f949eecc1be917553e235f582aeb7e1e1146fd,1359666,,,,,,,,,,,,,,,,,,,,,,,,,,,,,,,,,,,,,,,,,,,,,,,,,,TN,,,,,,,,,,
autoland,4769055,12,f76b60813665636d86169b6507d2f60fe004600c,windows10-64-shippable-qr,True,False,,,102210fe594ee9b33d82058545b1ed14f4c8206e,console.log-in-loop-content-process-array,damp,True,damp console.log-in-loop-content-process-array opt e10s fission stylo webrender-sw,4768818,77,ms,firefox,443184954.0,1825291244,2024-01-12 23:40:01,124.33030502865132,53d4d65c33f1a556689dd9de738b173142e52749,1359778,,,,,,,,,,,,,,,,,,,,,,,,,,,,,,,,,,,,,,,,,,,,,,,,,,TN,,,,,,,,,,
autoland,4769055,12,f76b60813665636d86169b6507d2f60fe004600c,windows10-64-shippable-qr,True,False,,,102210fe594ee9b33d82058545b1ed14f4c8206e,console.log-in-loop-content-process-array,damp,True,damp console.log-in-loop-content-process-array opt e10s fission stylo webrender-sw,4768818,77,ms,firefox,443207758.0,1825438529,2024-01-13 08:47:40,122.08782386620716,1c1cef3dae75411dbe9bc03547274f506cade636,1359844,,,,,,,,,,,,,,,,,,,,,,,,,,,,,,,,,,,,,,,,,,,,,,,,,,TN,,,,,,,,,,
autoland,4769055,12,f76b60813665636d86169b6507d2f60fe004600c,windows10-64-shippable-qr,True,False,,,102210fe594ee9b33d82058545b1ed14f4c8206e,console.log-in-loop-content-process-array,damp,True,damp console.log-in-loop-content-process-array opt e10s fission stylo webrender-sw,4768818,77,ms,firefox,443229829.0,1825527047,2024-01-13 14:38:07,121.96068526021465,9e96d1447f6c77f15bcd1c7fa432cefae4418038,1359886,,,,,,,,,,,,,,,,,,,,,,,,,,,,,,,,,,,,,,,,,,,,,,,,,,TN,,,,,,,,,,
autoland,4769055,12,f76b60813665636d86169b6507d2f60fe004600c,windows10-64-shippable-qr,True,False,,,102210fe594ee9b33d82058545b1ed14f4c8206e,console.log-in-loop-content-process-array,damp,True,damp console.log-in-loop-content-process-array opt e10s fission stylo webrender-sw,4768818,77,ms,firefox,443249329.0,1825607675,2024-01-13 23:22:39,122.29894261705796,05b08c9f9a5822b969513dda16d5f55e322ade4f,1359908,,,,,,,,,,,,,,,,,,,,,,,,,,,,,,,,,,,,,,,,,,,,,,,,,,TN,,,,,,,,,,
autoland,4769055,12,f76b60813665636d86169b6507d2f60fe004600c,windows10-64-shippable-qr,True,False,,,102210fe594ee9b33d82058545b1ed14f4c8206e,console.log-in-loop-content-process-array,damp,True,damp console.log-in-loop-content-process-array opt e10s fission stylo webrender-sw,4768818,77,ms,firefox,443275523.0,1825761638,2024-01-14 13:25:52,122.5743150806502,b24d63d72f77a64fe5d8bce6420b88e7e0c4d9da,1359942,,,,,,,,,,,,,,,,,,,,,,,,,,,,,,,,,,,,,,,,,,,,,,,,,,TN,,,,,,,,,,
autoland,4769055,12,f76b60813665636d86169b6507d2f60fe004600c,windows10-64-shippable-qr,True,False,,,102210fe594ee9b33d82058545b1ed14f4c8206e,console.log-in-loop-content-process-array,damp,True,damp console.log-in-loop-content-process-array opt e10s fission stylo webrender-sw,4768818,77,ms,firefox,443301277.0,1825864955,2024-01-15 05:08:04,121.75460322054732,de4567bec5231630b24dbc8a0f117c108e274afc,1360013,,,,,,,,,,,,,,,,,,,,,,,,,,,,,,,,,,,,,,,,,,,,,,,,,,TN,,,,,,,,,,
autoland,4769055,12,f76b60813665636d86169b6507d2f60fe004600c,windows10-64-shippable-qr,True,False,,,102210fe594ee9b33d82058545b1ed14f4c8206e,console.log-in-loop-content-process-array,damp,True,damp console.log-in-loop-content-process-array opt e10s fission stylo webrender-sw,4768818,77,ms,firefox,443303053.0,1825884253,2024-01-15 06:43:10,122.39729555280974,fed0bf16c40eba956c10bb3214420acaf75ee212,1360023,,,,,,,,,,,,,,,,,,,,,,,,,,,,,,,,,,,,,,,,,,,,,,,,,,TN,,,,,,,,,,
autoland,4769055,12,f76b60813665636d86169b6507d2f60fe004600c,windows10-64-shippable-qr,True,False,,,102210fe594ee9b33d82058545b1ed14f4c8206e,console.log-in-loop-content-process-array,damp,True,damp console.log-in-loop-content-process-array opt e10s fission stylo webrender-sw,4768818,77,ms,firefox,443334557.0,1825995999,2024-01-15 11:02:38,121.98743415252284,43598f45eee98e83ea2f55ce9a36e000770cf985,1360080,,,,,,,,,,,,,,,,,,,,,,,,,,,,,,,,,,,,,,,,,,,,,,,,,,TN,,,,,,,,,,
autoland,4769055,12,f76b60813665636d86169b6507d2f60fe004600c,windows10-64-shippable-qr,True,False,,,102210fe594ee9b33d82058545b1ed14f4c8206e,console.log-in-loop-content-process-array,damp,True,damp console.log-in-loop-content-process-array opt e10s fission stylo webrender-sw,4768818,77,ms,firefox,443343699.0,1826038477,2024-01-15 13:01:22,122.47741823614524,253b1ef032b4e35683449c7af5d9effaa417e813,1360125,,,,,,,,,,,,,,,,,,,,,,,,,,,,,,,,,,,,,,,,,,,,,,,,,,TN,,,,,,,,,,
autoland,4769055,12,f76b60813665636d86169b6507d2f60fe004600c,windows10-64-shippable-qr,True,False,,,102210fe594ee9b33d82058545b1ed14f4c8206e,console.log-in-loop-content-process-array,damp,True,damp console.log-in-loop-content-process-array opt e10s fission stylo webrender-sw,4768818,77,ms,firefox,443369587.0,1826148599,2024-01-15 16:45:21,122.21774695914428,a9ede7f8216422a86a2b25e0696d884c8a069b78,1360291,,,,,,,,,,,,,,,,,,,,,,,,,,,,,,,,,,,,,,,,,,,,,,,,,,TN,,,,,,,,,,
autoland,4769055,12,f76b60813665636d86169b6507d2f60fe004600c,windows10-64-shippable-qr,True,False,,,102210fe594ee9b33d82058545b1ed14f4c8206e,console.log-in-loop-content-process-array,damp,True,damp console.log-in-loop-content-process-array opt e10s fission stylo webrender-sw,4768818,77,ms,firefox,443406745.0,1826296282,2024-01-15 21:04:35,122.26886353388544,8a68c5a8cac8300a140767d36eaed293e8f2664c,1360446,,,,,,,,,,,,,,,,,,,,,,,,,,,,,,,,,,,,,,,,,,,,,,,,,,TN,,,,,,,,,,
autoland,4769055,12,f76b60813665636d86169b6507d2f60fe004600c,windows10-64-shippable-qr,True,False,,,102210fe594ee9b33d82058545b1ed14f4c8206e,console.log-in-loop-content-process-array,damp,True,damp console.log-in-loop-content-process-array opt e10s fission stylo webrender-sw,4768818,77,ms,firefox,443424944.0,1826371335,2024-01-16 02:30:18,122.26527579946378,02d1a62ad90af487d859bc4971a43862dceeda6e,1360561,,,,,,,,,,,,,,,,,,,,,,,,,,,,,,,,,,,,,,,,,,,,,,,,,,TN,,,,,,,,,,
autoland,4769055,12,f76b60813665636d86169b6507d2f60fe004600c,windows10-64-shippable-qr,True,False,,,102210fe594ee9b33d82058545b1ed14f4c8206e,console.log-in-loop-content-process-array,damp,True,damp console.log-in-loop-content-process-array opt e10s fission stylo webrender-sw,4768818,77,ms,firefox,443428880.0,1826397513,2024-01-16 03:41:09,121.05716593132,70cdba288eb3585a65e68748b4aecfe615cf92e8,1360576,,,,,,,,,,,,,,,,,,,,,,,,,,,,,,,,,,,,,,,,,,,,,,,,,,TN,,,,,,,,,,
autoland,4769055,12,f76b60813665636d86169b6507d2f60fe004600c,windows10-64-shippable-qr,True,False,,,102210fe594ee9b33d82058545b1ed14f4c8206e,console.log-in-loop-content-process-array,damp,True,damp console.log-in-loop-content-process-array opt e10s fission stylo webrender-sw,4768818,77,ms,firefox,443449547.0,1826549859,2024-01-16 08:02:14,122.80258320846316,f2c924263ffece6d0b30e6a52dfd32792c5bf5ab,1360634,,,,,,,,,,,,,,,,,,,,,,,,,,,,,,,,,,,,,,,,,,,,,,,,,,TN,,,,,,,,,,
autoland,4769055,12,f76b60813665636d86169b6507d2f60fe004600c,windows10-64-shippable-qr,True,False,,,102210fe594ee9b33d82058545b1ed14f4c8206e,console.log-in-loop-content-process-array,damp,True,damp console.log-in-loop-content-process-array opt e10s fission stylo webrender-sw,4768818,77,ms,firefox,443486542.0,1826651708,2024-01-16 12:14:54,121.87564746677708,b7a792b71de6beb8e167d10494fa1c387f55f9c2,1360755,,,,,,,,,,,,,,,,,,,,,,,,,,,,,,,,,,,,,,,,,,,,,,,,,,TN,,,,,,,,,,
autoland,4769055,12,f76b60813665636d86169b6507d2f60fe004600c,windows10-64-shippable-qr,True,False,,,102210fe594ee9b33d82058545b1ed14f4c8206e,console.log-in-loop-content-process-array,damp,True,damp console.log-in-loop-content-process-array opt e10s fission stylo webrender-sw,4768818,77,ms,firefox,443506494.0,1826753018,2024-01-16 16:10:42,121.26277825962734,c57d859580d036c47f9c0140e247b012211f6475,1360921,,,,,,,,,,,,,,,,,,,,,,,,,,,,,,,,,,,,,,,,,,,,,,,,,,TN,,,,,,,,,,
autoland,4769055,12,f76b60813665636d86169b6507d2f60fe004600c,windows10-64-shippable-qr,True,False,,,102210fe594ee9b33d82058545b1ed14f4c8206e,console.log-in-loop-content-process-array,damp,True,damp console.log-in-loop-content-process-array opt e10s fission stylo webrender-sw,4768818,77,ms,firefox,443521526.0,1826828892,2024-01-16 18:47:57,122.1122748691414,70d83d705e48aa6e7e7f765142176e775044db26,1361053,,,,,,,,,,,,,,,,,,,,,,,,,,,,,,,,,,,,,,,,,,,,,,,,,,TN,,,,,,,,,,
autoland,4769055,12,f76b60813665636d86169b6507d2f60fe004600c,windows10-64-shippable-qr,True,False,,,102210fe594ee9b33d82058545b1ed14f4c8206e,console.log-in-loop-content-process-array,damp,True,damp console.log-in-loop-content-process-array opt e10s fission stylo webrender-sw,4768818,77,ms,firefox,443871080.0,1828470343,2024-01-16 20:17:06,121.50636144127566,591b906f815fa2aef850cf34e76813b823619076,1361124,,,,,,,,,,,,,,,,,,,,,,,,,,,,,,,,,,,,,,,,,,,,,,,,,,TN,,,,,,,,,,
autoland,4769055,12,f76b60813665636d86169b6507d2f60fe004600c,windows10-64-shippable-qr,True,False,,,102210fe594ee9b33d82058545b1ed14f4c8206e,console.log-in-loop-content-process-array,damp,True,damp console.log-in-loop-content-process-array opt e10s fission stylo webrender-sw,4768818,77,ms,firefox,443869774.0,1828447113,2024-01-16 20:19:57,121.8870863855609,618c43c429807ff774ed5009817cb0d0534edd13,1361127,,,,,,,,,,,,,,,,,,,,,,,,,,,,,,,,,,,,,,,,,,,,,,,,,,TN,,,,,,,,,,
autoland,4769055,12,f76b60813665636d86169b6507d2f60fe004600c,windows10-64-shippable-qr,True,False,,,102210fe594ee9b33d82058545b1ed14f4c8206e,console.log-in-loop-content-process-array,damp,True,damp console.log-in-loop-content-process-array opt e10s fission stylo webrender-sw,4768818,77,ms,firefox,443868475.0,1828443627,2024-01-16 20:20:42,121.78549388194097,67b359a74cdb0e5873d69f52808d83323fdcaed0,1361128,,,,,,,,,,,,,,,,,,,,,,,,,,,,,,,,,,,,,,,,,,,,,,,,,,TN,,,,,,,,,,
autoland,4769055,12,f76b60813665636d86169b6507d2f60fe004600c,windows10-64-shippable-qr,True,False,,,102210fe594ee9b33d82058545b1ed14f4c8206e,console.log-in-loop-content-process-array,damp,True,damp console.log-in-loop-content-process-array opt e10s fission stylo webrender-sw,4768818,77,ms,firefox,443868739.0,1828444641,2024-01-16 20:21:24,121.94741072845682,b9feef0fbbe463ef499f04a71e0dd9817e763fd8,1361129,,,,,,,,,,,,,,,,,,,,,,,,,,,,,,,,,,,,,,,,,,,,,,,,,,TN,,,,,,,,,,
autoland,4769055,12,f76b60813665636d86169b6507d2f60fe004600c,windows10-64-shippable-qr,True,False,,,102210fe594ee9b33d82058545b1ed14f4c8206e,console.log-in-loop-content-process-array,damp,True,damp console.log-in-loop-content-process-array opt e10s fission stylo webrender-sw,4768818,77,ms,firefox,443872470.0,1828494023,2024-01-16 20:29:01,121.95770067297236,149e240e2c119e10172fe50201e99fe552e63cb9,1361133,,,,,,,,,,,,,,,,,,,,,,,,,,,,,,,,,,,,,,,,,,,,,,,,,,TN,,,,,,,,,,
autoland,4769055,12,f76b60813665636d86169b6507d2f60fe004600c,windows10-64-shippable-qr,True,False,,,102210fe594ee9b33d82058545b1ed14f4c8206e,console.log-in-loop-content-process-array,damp,True,damp console.log-in-loop-content-process-array opt e10s fission stylo webrender-sw,4768818,77,ms,firefox,443871335.0,1828474008,2024-01-16 20:31:15,121.4116510620579,12191db0a0ee0e5ca5330cc5e2cacce79293efde,1361137,,,,,,,,,,,,,,,,,,,,,,,,,,,,,,,,,,,,,,,,,,,,,,,,,,TN,,,,,,,,,,
autoland,4769055,12,f76b60813665636d86169b6507d2f60fe004600c,windows10-64-shippable-qr,True,False,,,102210fe594ee9b33d82058545b1ed14f4c8206e,console.log-in-loop-content-process-array,damp,True,damp console.log-in-loop-content-process-array opt e10s fission stylo webrender-sw,4768818,77,ms,firefox,443875489.0,1828500304,2024-01-16 20:41:15,121.88276960928216,0f5fd5ee8a4538488eefe370e5763447305d0b7d,1361146,,,,,,,,,,,,,,,,,,,,,,,,,,,,,,,,,,,,,,,,,,,,,,,,,,TN,,,,,,,,,,
autoland,4769055,12,f76b60813665636d86169b6507d2f60fe004600c,windows10-64-shippable-qr,True,False,,,102210fe594ee9b33d82058545b1ed14f4c8206e,console.log-in-loop-content-process-array,damp,True,damp console.log-in-loop-content-process-array opt e10s fission stylo webrender-sw,4768818,77,ms,firefox,443870003.0,1828447904,2024-01-16 20:53:14,121.8853754684378,fc53806f2f842687726d2c52e194b423cba12e52,1361159,,,,,,,,,,,,,,,,,,,,,,,,,,,,,,,,,,,,,,,,,,,,,,,,,,TN,,,,,,,,,,
autoland,4769055,12,f76b60813665636d86169b6507d2f60fe004600c,windows10-64-shippable-qr,True,False,,,102210fe594ee9b33d82058545b1ed14f4c8206e,console.log-in-loop-content-process-array,damp,True,damp console.log-in-loop-content-process-array opt e10s fission stylo webrender-sw,4768818,77,ms,firefox,443871252.0,1828472302,2024-01-16 21:02:21,122.03496685142908,3c8bee57b7fe118bb33346504f6d16610d749170,1361168,,,,,,,,,,,,,,,,,,,,,,,,,,,,,,,,,,,,,,,,,,,,,,,,,,TN,,,,,,,,,,
autoland,4769055,12,f76b60813665636d86169b6507d2f60fe004600c,windows10-64-shippable-qr,True,False,,,102210fe594ee9b33d82058545b1ed14f4c8206e,console.log-in-loop-content-process-array,damp,True,damp console.log-in-loop-content-process-array opt e10s fission stylo webrender-sw,4768818,77,ms,firefox,443540603.0,1826884405,2024-01-16 21:05:47,121.80298939478324,be11cd2890f611f1552236eed7ffe53fba913a46,1361171,,,,,,,,,,,,,,,,,,,,,,,,,,,,,,,,,,,,,,,,,,,,,,,,,,TN,,,,,,,,,,
autoland,4769055,12,f76b60813665636d86169b6507d2f60fe004600c,windows10-64-shippable-qr,True,False,,,102210fe594ee9b33d82058545b1ed14f4c8206e,console.log-in-loop-content-process-array,damp,True,damp console.log-in-loop-content-process-array opt e10s fission stylo webrender-sw,4768818,77,ms,firefox,443871463.0,1828475619,2024-01-16 22:26:17,121.5762565843188,2dd48af75779b9fd0504d513e3a7bbdada784fc3,1361216,,,,,,,,,,,,,,,,,,,,,,,,,,,,,,,,,,,,,,,,,,,,,,,,,,TN,,,,,,,,,,
autoland,4769055,12,f76b60813665636d86169b6507d2f60fe004600c,windows10-64-shippable-qr,True,False,,,102210fe594ee9b33d82058545b1ed14f4c8206e,console.log-in-loop-content-process-array,damp,True,damp console.log-in-loop-content-process-array opt e10s fission stylo webrender-sw,4768818,77,ms,firefox,443873534.0,1828499411,2024-01-16 22:27:54,122.5738030807388,b0542bbe1fe72cc48a3cbf0fadcb52a9098117d1,1361218,,,,,,,,,,,,,,,,,,,,,,,,,,,,,,,,,,,,,,,,,,,,,,,,,,TN,,,,,,,,,,
autoland,4769055,12,f76b60813665636d86169b6507d2f60fe004600c,windows10-64-shippable-qr,True,False,,,102210fe594ee9b33d82058545b1ed14f4c8206e,console.log-in-loop-content-process-array,damp,True,damp console.log-in-loop-content-process-array opt e10s fission stylo webrender-sw,4768818,77,ms,firefox,443870973.0,1828470194,2024-01-16 22:46:39,122.18852122718909,20007ad63c840f57ffedd7d265f030f75716ece7,1361230,,,,,,,,,,,,,,,,,,,,,,,,,,,,,,,,,,,,,,,,,,,,,,,,,,TN,,,,,,,,,,
autoland,4769055,12,f76b60813665636d86169b6507d2f60fe004600c,windows10-64-shippable-qr,True,False,,,102210fe594ee9b33d82058545b1ed14f4c8206e,console.log-in-loop-content-process-array,damp,True,damp console.log-in-loop-content-process-array opt e10s fission stylo webrender-sw,4768818,77,ms,firefox,443872560.0,1828499988,2024-01-16 22:48:30,123.41945626974302,91b8506ce5afb4cfe3f35daa6a23ce98ba034f22,1361231,,,,,,,,,,,,,,,,,,,,,,,,,,,,,,,,,,,,,,,,,,,,,,,,,,TN,,,,,,,,,,
autoland,4769055,12,f76b60813665636d86169b6507d2f60fe004600c,windows10-64-shippable-qr,True,False,,,102210fe594ee9b33d82058545b1ed14f4c8206e,console.log-in-loop-content-process-array,damp,True,damp console.log-in-loop-content-process-array opt e10s fission stylo webrender-sw,4768818,77,ms,firefox,443868939.0,1828447556,2024-01-16 23:47:16,121.51191049956287,94660ca15af3396277b5a50048bfc0729f62a597,1361260,,,,,,,,,,,,,,,,,,,,,,,,,,,,,,,,,,,,,,,,,,,,,,,,,,TN,,,,,,,,,,
autoland,4769055,12,f76b60813665636d86169b6507d2f60fe004600c,windows10-64-shippable-qr,True,False,,,102210fe594ee9b33d82058545b1ed14f4c8206e,console.log-in-loop-content-process-array,damp,True,damp console.log-in-loop-content-process-array opt e10s fission stylo webrender-sw,4768818,77,ms,firefox,443874086.0,1828504609,2024-01-16 23:54:04,122.78709446633913,f69fdcb8418b22a6be5afbf9019183539cbdb4de,1361262,,,,,,,,,,,,,,,,,,,,,,,,,,,,,,,,,,,,,,,,,,,,,,,,,,TN,,,,,,,,,,
autoland,4769055,12,f76b60813665636d86169b6507d2f60fe004600c,windows10-64-shippable-qr,True,False,,,102210fe594ee9b33d82058545b1ed14f4c8206e,console.log-in-loop-content-process-array,damp,True,damp console.log-in-loop-content-process-array opt e10s fission stylo webrender-sw,4768818,77,ms,firefox,443876299.0,1828514484,2024-01-17 00:11:09,121.7735887826948,b4f408b7ef70590bd40b92082adf61506ba8c5ce,1361270,,,,,,,,,,,,,,,,,,,,,,,,,,,,,,,,,,,,,,,,,,,,,,,,,,TN,,,,,,,,,,
autoland,4769055,12,f76b60813665636d86169b6507d2f60fe004600c,windows10-64-shippable-qr,True,False,,,102210fe594ee9b33d82058545b1ed14f4c8206e,console.log-in-loop-content-process-array,damp,True,damp console.log-in-loop-content-process-array opt e10s fission stylo webrender-sw,4768818,77,ms,firefox,443872754.0,1828500817,2024-01-17 00:20:04,121.97531681712098,28c56a4f3af6c7f53da1ada840b1c04821afffa7,1361274,,,,,,,,,,,,,,,,,,,,,,,,,,,,,,,,,,,,,,,,,,,,,,,,,,TN,,,,,,,,,,
autoland,4769055,12,f76b60813665636d86169b6507d2f60fe004600c,windows10-64-shippable-qr,True,False,,,102210fe594ee9b33d82058545b1ed14f4c8206e,console.log-in-loop-content-process-array,damp,True,damp console.log-in-loop-content-process-array opt e10s fission stylo webrender-sw,4768818,77,ms,firefox,443872631.0,1828500987,2024-01-17 00:20:46,122.03795553865712,ad6d17afc267ab7cfd671ef2ae32362eca177b17,1361275,,,,,,,,,,,,,,,,,,,,,,,,,,,,,,,,,,,,,,,,,,,,,,,,,,TN,,,,,,,,,,
autoland,4769055,12,f76b60813665636d86169b6507d2f60fe004600c,windows10-64-shippable-qr,True,False,,,102210fe594ee9b33d82058545b1ed14f4c8206e,console.log-in-loop-content-process-array,damp,True,damp console.log-in-loop-content-process-array opt e10s fission stylo webrender-sw,4768818,77,ms,firefox,443556017.0,1826966217,2024-01-17 00:27:37,121.7955588384284,2425c93f20f61b806df955141332d7cb553c6efb,1361277,,,,,,,,,,,,,,,,,,,,,,,,,,,,,,,,,,,,,,,,,,,,,,,,,,TN,,,,,,,,,,
autoland,4769055,12,f76b60813665636d86169b6507d2f60fe004600c,windows10-64-shippable-qr,True,False,,,102210fe594ee9b33d82058545b1ed14f4c8206e,console.log-in-loop-content-process-array,damp,True,damp console.log-in-loop-content-process-array opt e10s fission stylo webrender-sw,4768818,77,ms,firefox,443870648.0,1828471742,2024-01-17 01:18:04,121.13964997650146,2a7dd75d1bfc1693115b94b3e424e58b331cefab,1361298,,,,,,,,,,,,,,,,,,,,,,,,,,,,,,,,,,,,,,,,,,,,,,,,,,TN,,,,,,,,,,
autoland,4769055,12,f76b60813665636d86169b6507d2f60fe004600c,windows10-64-shippable-qr,True,False,,,102210fe594ee9b33d82058545b1ed14f4c8206e,console.log-in-loop-content-process-array,damp,True,damp console.log-in-loop-content-process-array opt e10s fission stylo webrender-sw,4768818,77,ms,firefox,443872761.0,1828501420,2024-01-17 01:21:19,121.99588830638277,274438b9679ef26107a2d75ff0273737061c4bdd,1361302,,,,,,,,,,,,,,,,,,,,,,,,,,,,,,,,,,,,,,,,,,,,,,,,,,TN,,,,,,,,,,
autoland,4769055,12,f76b60813665636d86169b6507d2f60fe004600c,windows10-64-shippable-qr,True,False,,,102210fe594ee9b33d82058545b1ed14f4c8206e,console.log-in-loop-content-process-array,damp,True,damp console.log-in-loop-content-process-array opt e10s fission stylo webrender-sw,4768818,77,ms,firefox,443869765.0,1828450284,2024-01-17 01:22:05,122.72539694513398,4cdf76416de67eb62fad8c71beabafd1fe1b2543,1361304,,,,,,,,,,,,,,,,,,,,,,,,,,,,,,,,,,,,,,,,,,,,,,,,,,TN,,,,,,,,,,
autoland,4769055,12,f76b60813665636d86169b6507d2f60fe004600c,windows10-64-shippable-qr,True,False,,,102210fe594ee9b33d82058545b1ed14f4c8206e,console.log-in-loop-content-process-array,damp,True,damp console.log-in-loop-content-process-array opt e10s fission stylo webrender-sw,4768818,77,ms,firefox,443870288.0,1828459240,2024-01-17 03:48:02,121.32307011741432,0e6bdeec62c223512f5a5146f2d5b38551600ce0,1361345,,,,,,,,,,,,,,,,,,,,,,,,,,,,,,,,,,,,,,,,,,,,,,,,,,TN,,,,,,,,,,
autoland,4769055,12,f76b60813665636d86169b6507d2f60fe004600c,windows10-64-shippable-qr,True,False,,,102210fe594ee9b33d82058545b1ed14f4c8206e,console.log-in-loop-content-process-array,damp,True,damp console.log-in-loop-content-process-array opt e10s fission stylo webrender-sw,4768818,77,ms,firefox,443871464.0,1828478017,2024-01-17 03:52:02,121.62370190955336,1d3e24654ca314fd30e86b6117da5e09773309f5,1361348,,,,,,,,,,,,,,,,,,,,,,,,,,,,,,,,,,,,,,,,,,,,,,,,,,TN,,,,,,,,,,
autoland,4769055,12,f76b60813665636d86169b6507d2f60fe004600c,windows10-64-shippable-qr,True,False,,,102210fe594ee9b33d82058545b1ed14f4c8206e,console.log-in-loop-content-process-array,damp,True,damp console.log-in-loop-content-process-array opt e10s fission stylo webrender-sw,4768818,77,ms,firefox,443576482.0,1827111126,2024-01-17 05:04:36,121.98154409091694,71000174812fc0992b6793e53ac5f11f1b87bdc0,1361364,,,,,,,,,,,,,,,,,,,,,,,,,,,,,,,,,,,,,,,,,,,,,,,,,,TN,,,,,,,,,,
autoland,4769055,12,f76b60813665636d86169b6507d2f60fe004600c,windows10-64-shippable-qr,True,False,,,102210fe594ee9b33d82058545b1ed14f4c8206e,console.log-in-loop-content-process-array,damp,True,damp console.log-in-loop-content-process-array opt e10s fission stylo webrender-sw,4768818,77,ms,firefox,443870438.0,1828467306,2024-01-17 05:17:08,121.39978728110329,6717f7be99bea334eddd4b6101036bcc32e5aca9,1361369,,,,,,,,,,,,,,,,,,,,,,,,,,,,,,,,,,,,,,,,,,,,,,,,,,TN,,,,,,,,,,
autoland,4769055,12,f76b60813665636d86169b6507d2f60fe004600c,windows10-64-shippable-qr,True,False,,,102210fe594ee9b33d82058545b1ed14f4c8206e,console.log-in-loop-content-process-array,damp,True,damp console.log-in-loop-content-process-array opt e10s fission stylo webrender-sw,4768818,77,ms,firefox,443872806.0,1828502510,2024-01-17 06:29:00,121.21260218255702,ffe9842db7d7be746dab9d05be29206e1ab6634d,1361383,,,,,,,,,,,,,,,,,,,,,,,,,,,,,,,,,,,,,,,,,,,,,,,,,,TN,,,,,,,,,,
autoland,4769055,12,f76b60813665636d86169b6507d2f60fe004600c,windows10-64-shippable-qr,True,False,,,102210fe594ee9b33d82058545b1ed14f4c8206e,console.log-in-loop-content-process-array,damp,True,damp console.log-in-loop-content-process-array opt e10s fission stylo webrender-sw,4768818,77,ms,firefox,443870555.0,1828471183,2024-01-17 06:29:47,120.906907620325,e6395c398b890aa5afc96b5c90e60bca762a50b9,1361385,,,,,,,,,,,,,,,,,,,,,,,,,,,,,,,,,,,,,,,,,,,,,,,,,,TN,,,,,,,,,,
autoland,4769055,12,f76b60813665636d86169b6507d2f60fe004600c,windows10-64-shippable-qr,True,False,,,102210fe594ee9b33d82058545b1ed14f4c8206e,console.log-in-loop-content-process-array,damp,True,damp console.log-in-loop-content-process-array opt e10s fission stylo webrender-sw,4768818,77,ms,firefox,443868742.0,1828446630,2024-01-17 06:59:09,123.21858163736216,e695927a15e03baccd1cefa0d32663125dbaa05a,1361392,,,,,,,,,,,,,,,,,,,,,,,,,,,,,,,,,,,,,,,,,,,,,,,,,,TN,,,,,,,,,,
autoland,4769055,12,f76b60813665636d86169b6507d2f60fe004600c,windows10-64-shippable-qr,True,False,,,102210fe594ee9b33d82058545b1ed14f4c8206e,console.log-in-loop-content-process-array,damp,True,damp console.log-in-loop-content-process-array opt e10s fission stylo webrender-sw,4768818,77,ms,firefox,443876059.0,1828506929,2024-01-17 07:06:38,122.06338083215088,8a42b9c1ec665c4d577ef6c0a0a5b073d172fda6,1361393,,,,,,,,,,,,,,,,,,,,,,,,,,,,,,,,,,,,,,,,,,,,,,,,,,TN,,,,,,,,,,
autoland,4769055,12,f76b60813665636d86169b6507d2f60fe004600c,windows10-64-shippable-qr,True,False,,,102210fe594ee9b33d82058545b1ed14f4c8206e,console.log-in-loop-content-process-array,damp,True,damp console.log-in-loop-content-process-array opt e10s fission stylo webrender-sw,4768818,77,ms,firefox,443871755.0,1828478062,2024-01-17 07:25:00,121.6390619069316,5608664350d824d3974f3026972afb0b23e5ee75,1361397,,,,,,,,,,,,,,,,,,,,,,,,,,,,,,,,,,,,,,,,,,,,,,,,,,TN,,,,,,,,,,
autoland,4769055,12,f76b60813665636d86169b6507d2f60fe004600c,windows10-64-shippable-qr,True,False,,,102210fe594ee9b33d82058545b1ed14f4c8206e,console.log-in-loop-content-process-array,damp,True,damp console.log-in-loop-content-process-array opt e10s fission stylo webrender-sw,4768818,77,ms,firefox,443868454.0,1828445531,2024-01-17 08:25:23,121.86544906177916,b2727a598452fb942e0611df5f931d4df0efaceb,1361409,,,,,,,,,,,,,,,,,,,,,,,,,,,,,,,,,,,,,,,,,,,,,,,,,,TN,,,,,,,,,,
autoland,4769055,12,f76b60813665636d86169b6507d2f60fe004600c,windows10-64-shippable-qr,True,False,,,102210fe594ee9b33d82058545b1ed14f4c8206e,console.log-in-loop-content-process-array,damp,True,damp console.log-in-loop-content-process-array opt e10s fission stylo webrender-sw,4768818,77,ms,firefox,443873595.0,1828504261,2024-01-17 08:51:04,121.60070341985374,b03b4a8f6dc5a522d706016874f689f9cd090ca8,1361416,,,,,,,,,,,,,,,,,,,,,,,,,,,,,,,,,,,,,,,,,,,,,,,,,,TN,,,,,,,,,,
autoland,4769055,12,f76b60813665636d86169b6507d2f60fe004600c,windows10-64-shippable-qr,True,False,,,102210fe594ee9b33d82058545b1ed14f4c8206e,console.log-in-loop-content-process-array,damp,True,damp console.log-in-loop-content-process-array opt e10s fission stylo webrender-sw,4768818,77,ms,firefox,443617897.0,1827265627,2024-01-17 09:39:35,121.621483243267,504ffc20d2ebb35be48357830d614ec96765c802,1361428,,,,,,,,,,,,,,,,,,,,,,,,,,,,,,,,,,,,,,,,,,,,,,,,,,TN,,,,,,,,,,
autoland,4769055,12,f76b60813665636d86169b6507d2f60fe004600c,windows10-64-shippable-qr,True,False,,,102210fe594ee9b33d82058545b1ed14f4c8206e,console.log-in-loop-content-process-array,damp,True,damp console.log-in-loop-content-process-array opt e10s fission stylo webrender-sw,4768818,77,ms,firefox,443628514.0,1827307721,2024-01-17 11:04:44,121.45627793812672,362d9aca9e101b9ee8f7efe2a7c456e245e6313c,1361499,,,,,,,,,,,,,,,,,,,,,,,,,,,,,,,,,,,,,,,,,,,,,,,,,,TN,,,,,,,,,,
autoland,4769055,12,f76b60813665636d86169b6507d2f60fe004600c,windows10-64-shippable-qr,True,False,,,102210fe594ee9b33d82058545b1ed14f4c8206e,console.log-in-loop-content-process-array,damp,True,damp console.log-in-loop-content-process-array opt e10s fission stylo webrender-sw,4768818,77,ms,firefox,443678002.0,1827461736,2024-01-17 15:07:48,120.93736325326245,848e3e2acdf34af9e6862b8a77a8d1ea39c48098,1361632,,,,,,,,,,,,,,,,,,,,,,,,,,,,,,,,,,,,,,,,,,,,,,,,,,TN,,,,,,,,,,
autoland,4769055,12,f76b60813665636d86169b6507d2f60fe004600c,windows10-64-shippable-qr,True,False,,,102210fe594ee9b33d82058545b1ed14f4c8206e,console.log-in-loop-content-process-array,damp,True,damp console.log-in-loop-content-process-array opt e10s fission stylo webrender-sw,4768818,77,ms,firefox,443671962.0,1827426732,2024-01-17 15:18:54,121.60351710166832,a11dab561c63102a4ed97f42068f448ec332c652,1361644,,,,,,,,,,,,,,,,,,,,,,,,,,,,,,,,,,,,,,,,,,,,,,,,,,TN,,,,,,,,,,
autoland,4769055,12,f76b60813665636d86169b6507d2f60fe004600c,windows10-64-shippable-qr,True,False,,,102210fe594ee9b33d82058545b1ed14f4c8206e,console.log-in-loop-content-process-array,damp,True,damp console.log-in-loop-content-process-array opt e10s fission stylo webrender-sw,4768818,77,ms,firefox,443715708.0,1827663991,2024-01-17 23:49:06,122.07469049626344,fe239ad8a8aea4198d356ae3ab92415c5237b530,1361957,,,,,,,,,,,,,,,,,,,,,,,,,,,,,,,,,,,,,,,,,,,,,,,,,,TN,,,,,,,,,,
autoland,4769055,12,f76b60813665636d86169b6507d2f60fe004600c,windows10-64-shippable-qr,True,False,,,102210fe594ee9b33d82058545b1ed14f4c8206e,console.log-in-loop-content-process-array,damp,True,damp console.log-in-loop-content-process-array opt e10s fission stylo webrender-sw,4768818,77,ms,firefox,443716175.0,1827697519,2024-01-17 23:52:50,121.59694875254718,79a6322a49b2f811fe674c1802ab75b99d9c95a3,1361961,,,,,,,,,,,,,,,,,,,,,,,,,,,,,,,,,,,,,,,,,,,,,,,,,,TN,,,,,,,,,,
autoland,4769055,12,f76b60813665636d86169b6507d2f60fe004600c,windows10-64-shippable-qr,True,False,,,102210fe594ee9b33d82058545b1ed14f4c8206e,console.log-in-loop-content-process-array,damp,True,damp console.log-in-loop-content-process-array opt e10s fission stylo webrender-sw,4768818,77,ms,firefox,443727733.0,1827767255,2024-01-18 01:49:32,121.44416060686308,c38d482445a0c034ac7b8fc0219092fccdbc58b2,1362034,,,,,,,,,,,,,,,,,,,,,,,,,,,,,,,,,,,,,,,,,,,,,,,,,,TN,,,,,,,,,,
autoland,4769055,12,f76b60813665636d86169b6507d2f60fe004600c,windows10-64-shippable-qr,True,False,,,102210fe594ee9b33d82058545b1ed14f4c8206e,console.log-in-loop-content-process-array,damp,True,damp console.log-in-loop-content-process-array opt e10s fission stylo webrender-sw,4768818,77,ms,firefox,443757479.0,1827915049,2024-01-18 06:50:06,121.90440691827644,a505d6315623943fb581b7f21beece40fc6faf17,1362092,,,,,,,,,,,,,,,,,,,,,,,,,,,,,,,,,,,,,,,,,,,,,,,,,,TN,,,,,,,,,,
autoland,4769055,12,f76b60813665636d86169b6507d2f60fe004600c,windows10-64-shippable-qr,True,False,,,102210fe594ee9b33d82058545b1ed14f4c8206e,console.log-in-loop-content-process-array,damp,True,damp console.log-in-loop-content-process-array opt e10s fission stylo webrender-sw,4768818,77,ms,firefox,443789629.0,1828081040,2024-01-18 10:52:50,121.80751423699076,0688ca401470034e41e10f2480620e88cac2700f,1362184,,,,,,,,,,,,,,,,,,,,,,,,,,,,,,,,,,,,,,,,,,,,,,,,,,TN,,,,,,,,,,
autoland,4769055,12,f76b60813665636d86169b6507d2f60fe004600c,windows10-64-shippable-qr,True,False,,,102210fe594ee9b33d82058545b1ed14f4c8206e,console.log-in-loop-content-process-array,damp,True,damp console.log-in-loop-content-process-array opt e10s fission stylo webrender-sw,4768818,77,ms,firefox,443801453.0,1828181210,2024-01-18 13:21:23,123.96379680279642,68ff26df33468fe750b39f175b43b8507718ece4,1362232,,,,,,,,,,,,,,,,,,,,,,,,,,,,,,,,,,,,,,,,,,,,,,,,,,TN,,,,,,,,,,
autoland,4769055,12,f76b60813665636d86169b6507d2f60fe004600c,windows10-64-shippable-qr,True,False,,,102210fe594ee9b33d82058545b1ed14f4c8206e,console.log-in-loop-content-process-array,damp,True,damp console.log-in-loop-content-process-array opt e10s fission stylo webrender-sw,4768818,77,ms,firefox,443829790.0,1828337985,2024-01-18 17:52:02,123.83106193182904,2b70f662a79773d519e78f0b8b64723a20b1e788,1362427,,,,,,,,,,,,,,,,,,,,,,,,,,,,,,,,,,,,,,,,,,,,,,,,,,TN,,,,,,,,,,
autoland,4769055,12,f76b60813665636d86169b6507d2f60fe004600c,windows10-64-shippable-qr,True,False,,,102210fe594ee9b33d82058545b1ed14f4c8206e,console.log-in-loop-content-process-array,damp,True,damp console.log-in-loop-content-process-array opt e10s fission stylo webrender-sw,4768818,77,ms,firefox,443872132.0,1828491493,2024-01-18 23:10:50,122.21121990547908,ef9ad6a28dae5d4efbe723dde5068cfdde493918,1362632,,,,,,,,,,,,,,,,,,,,,,,,,,,,,,,,,,,,,,,,,,,,,,,,,,TN,,,,,,,,,,
autoland,4769055,12,f76b60813665636d86169b6507d2f60fe004600c,windows10-64-shippable-qr,True,False,,,102210fe594ee9b33d82058545b1ed14f4c8206e,console.log-in-loop-content-process-array,damp,True,damp console.log-in-loop-content-process-array opt e10s fission stylo webrender-sw,4768818,77,ms,firefox,443876308.0,1828520439,2024-01-18 23:17:45,121.81446128167408,5624cd2e1525fd15b148c44ce2106fce74d6f297,1362637,,,,,,,,,,,,,,,,,,,,,,,,,,,,,,,,,,,,,,,,,,,,,,,,,,TN,,,,,,,,,,
autoland,4769055,12,f76b60813665636d86169b6507d2f60fe004600c,windows10-64-shippable-qr,True,False,,,102210fe594ee9b33d82058545b1ed14f4c8206e,console.log-in-loop-content-process-array,damp,True,damp console.log-in-loop-content-process-array opt e10s fission stylo webrender-sw,4768818,77,ms,firefox,443896628.0,1828652492,2024-01-19 04:17:47,122.57341659598023,b6393478fdf670fcce10fd4334c2601561eaea5d,1362724,,,,,,,,,,,,,,,,,,,,,,,,,,,,,,,,,,,,,,,,,,,,,,,,,,TN,,,,,,,,,,
autoland,4769055,12,f76b60813665636d86169b6507d2f60fe004600c,windows10-64-shippable-qr,True,False,,,102210fe594ee9b33d82058545b1ed14f4c8206e,console.log-in-loop-content-process-array,damp,True,damp console.log-in-loop-content-process-array opt e10s fission stylo webrender-sw,4768818,77,ms,firefox,443935278.0,1828776084,2024-01-19 10:07:40,121.90047312318347,99bf71eaca444aa371e7c84536a1b8aa434ef205,1362807,,,,,,,,,,,,,,,,,,,,,,,,,,,,,,,,,,,,,,,,,,,,,,,,,,TN,,,,,,,,,,
autoland,4769055,12,f76b60813665636d86169b6507d2f60fe004600c,windows10-64-shippable-qr,True,False,,,102210fe594ee9b33d82058545b1ed14f4c8206e,console.log-in-loop-content-process-array,damp,True,damp console.log-in-loop-content-process-array opt e10s fission stylo webrender-sw,4768818,77,ms,firefox,443936287.0,1828803450,2024-01-19 10:28:03,122.02451453907996,7459e9088955262e4430e24661d856acc7ca8929,1362814,,,,,,,,,,,,,,,,,,,,,,,,,,,,,,,,,,,,,,,,,,,,,,,,,,TN,,,,,,,,,,
autoland,4769055,12,f76b60813665636d86169b6507d2f60fe004600c,windows10-64-shippable-qr,True,False,,,102210fe594ee9b33d82058545b1ed14f4c8206e,console.log-in-loop-content-process-array,damp,True,damp console.log-in-loop-content-process-array opt e10s fission stylo webrender-sw,4768818,77,ms,firefox,443955669.0,1828892300,2024-01-19 14:55:23,121.93008595127868,3aabb457a4630b878d121ef2eb9d2f0448847a6b,1362913,,,,,,,,,,,,,,,,,,,,,,,,,,,,,,,,,,,,,,,,,,,,,,,,,,TN,,,,,,,,,,
autoland,4769055,12,f76b60813665636d86169b6507d2f60fe004600c,windows10-64-shippable-qr,True,False,,,102210fe594ee9b33d82058545b1ed14f4c8206e,console.log-in-loop-content-process-array,damp,True,damp console.log-in-loop-content-process-array opt e10s fission stylo webrender-sw,4768818,77,ms,firefox,443979318.0,1828993867,2024-01-19 19:17:59,121.32255309620632,1ccd394332683308e570afe9039275d8e79be900,1363113,,,,,,,,,,,,,,,,,,,,,,,,,,,,,,,,,,,,,,,,,,,,,,,,,,TN,,,,,,,,,,
autoland,4769055,12,f76b60813665636d86169b6507d2f60fe004600c,windows10-64-shippable-qr,True,False,,,102210fe594ee9b33d82058545b1ed14f4c8206e,console.log-in-loop-content-process-array,damp,True,damp console.log-in-loop-content-process-array opt e10s fission stylo webrender-sw,4768818,77,ms,firefox,444005537.0,1829220884,2024-01-20 00:04:44,121.57186074826312,6d2ef7f226a0360135c1955b8805bd41d9af41e4,1363285,,,,,,,,,,,,,,,,,,,,,,,,,,,,,,,,,,,,,,,,,,,,,,,,,,TN,,,,,,,,,,
autoland,4769055,12,f76b60813665636d86169b6507d2f60fe004600c,windows10-64-shippable-qr,True,False,,,102210fe594ee9b33d82058545b1ed14f4c8206e,console.log-in-loop-content-process-array,damp,True,damp console.log-in-loop-content-process-array opt e10s fission stylo webrender-sw,4768818,77,ms,firefox,444012800.0,1829299088,2024-01-20 04:18:19,123.97885918949032,5471899cc9d0a7dfda174e9d7cfc986c2820eff8,1363367,,,,,,,,,,,,,,,,,,,,,,,,,,,,,,,,,,,,,,,,,,,,,,,,,,TN,,,,,,,,,,
autoland,4769055,12,f76b60813665636d86169b6507d2f60fe004600c,windows10-64-shippable-qr,True,False,,,102210fe594ee9b33d82058545b1ed14f4c8206e,console.log-in-loop-content-process-array,damp,True,damp console.log-in-loop-content-process-array opt e10s fission stylo webrender-sw,4768818,77,ms,firefox,444041088.0,1829487483,2024-01-21 00:59:25,122.4787033999819,4f4fa003a90f9d818ecfa36474300a11af18be25,1363463,,,,,,,,,,,,,,,,,,,,,,,,,,,,,,,,,,,,,,,,,,,,,,,,,,TN,,,,,,,,,,
autoland,4769055,12,f76b60813665636d86169b6507d2f60fe004600c,windows10-64-shippable-qr,True,False,,,102210fe594ee9b33d82058545b1ed14f4c8206e,console.log-in-loop-content-process-array,damp,True,damp console.log-in-loop-content-process-array opt e10s fission stylo webrender-sw,4768818,77,ms,firefox,444068715.0,1829587624,2024-01-21 14:36:57,121.23172202354544,0361c1f29babcfb2f10e1646dffe72cd452a3df4,1363517,,,,,,,,,,,,,,,,,,,,,,,,,,,,,,,,,,,,,,,,,,,,,,,,,,TN,,,,,,,,,,
autoland,4769055,12,f76b60813665636d86169b6507d2f60fe004600c,windows10-64-shippable-qr,True,False,,,102210fe594ee9b33d82058545b1ed14f4c8206e,console.log-in-loop-content-process-array,damp,True,damp console.log-in-loop-content-process-array opt e10s fission stylo webrender-sw,4768818,77,ms,firefox,444098030.0,1829711292,2024-01-22 07:43:27,121.56870107195756,6b4a069fe37d2413229dda3b61ccaf7b8f3a5f5d,1363663,,,,,,,,,,,,,,,,,,,,,,,,,,,,,,,,,,,,,,,,,,,,,,,,,,TN,,,,,,,,,,
autoland,4769055,12,f76b60813665636d86169b6507d2f60fe004600c,windows10-64-shippable-qr,True,False,,,102210fe594ee9b33d82058545b1ed14f4c8206e,console.log-in-loop-content-process-array,damp,True,damp console.log-in-loop-content-process-array opt e10s fission stylo webrender-sw,4768818,77,ms,firefox,444126000.0,1829850725,2024-01-22 10:58:56,121.67878570046378,095c9da9e10fc012c2e6a7d929fdcc7c03d09373,1363731,,,,,,,,,,,,,,,,,,,,,,,,,,,,,,,,,,,,,,,,,,,,,,,,,,TN,,,,,,,,,,
autoland,4769055,12,f76b60813665636d86169b6507d2f60fe004600c,windows10-64-shippable-qr,True,False,,,102210fe594ee9b33d82058545b1ed14f4c8206e,console.log-in-loop-content-process-array,damp,True,damp console.log-in-loop-content-process-array opt e10s fission stylo webrender-sw,4768818,77,ms,firefox,444162780.0,1829949382,2024-01-22 15:24:53,121.6233559660377,58cedc1e4ff28881f9ebd1749feaa24edbded9ce,1363894,,,,,,,,,,,,,,,,,,,,,,,,,,,,,,,,,,,,,,,,,,,,,,,,,,TN,,,,,,,,,,
autoland,4769055,12,f76b60813665636d86169b6507d2f60fe004600c,windows10-64-shippable-qr,True,False,,,102210fe594ee9b33d82058545b1ed14f4c8206e,console.log-in-loop-content-process-array,damp,True,damp console.log-in-loop-content-process-array opt e10s fission stylo webrender-sw,4768818,77,ms,firefox,444170209.0,1830039690,2024-01-22 15:55:20,122.7542396167246,82dfbdd770bc54674f82bae256dae683772884af,1363920,,,,,,,,,,,,,,,,,,,,,,,,,,,,,,,,,,,,,,,,,,,,,,,,,,TN,,,,,,,,,,
autoland,4769055,12,f76b60813665636d86169b6507d2f60fe004600c,windows10-64-shippable-qr,True,False,,,102210fe594ee9b33d82058545b1ed14f4c8206e,console.log-in-loop-content-process-array,damp,True,damp console.log-in-loop-content-process-array opt e10s fission stylo webrender-sw,4768818,77,ms,firefox,444198905.0,1830119891,2024-01-22 18:55:34,124.27624619797824,ef71d190cd57de7a178f312b29fc104e6e3e98d4,1364078,,,,,,,,,,,,,,,,,,,,,,,,,,,,,,,,,,,,,,,,,,,,,,,,,,TN,,,,,,,,,,
autoland,4769055,12,f76b60813665636d86169b6507d2f60fe004600c,windows10-64-shippable-qr,True,False,,,102210fe594ee9b33d82058545b1ed14f4c8206e,console.log-in-loop-content-process-array,damp,True,damp console.log-in-loop-content-process-array opt e10s fission stylo webrender-sw,4768818,77,ms,firefox,444233947.0,1830244610,2024-01-22 22:04:08,122.50378453656413,06bafd5cf7f34e757edddf2def6a98003c6b1643,1364244,,,,,,,,,,,,,,,,,,,,,,,,,,,,,,,,,,,,,,,,,,,,,,,,,,TN,,,,,,,,,,
autoland,4769055,12,f76b60813665636d86169b6507d2f60fe004600c,windows10-64-shippable-qr,True,False,,,102210fe594ee9b33d82058545b1ed14f4c8206e,console.log-in-loop-content-process-array,damp,True,damp console.log-in-loop-content-process-array opt e10s fission stylo webrender-sw,4768818,77,ms,firefox,444241358.0,1830291256,2024-01-23 00:22:14,121.7717530138034,43fa5aa71c8c00288a4fe686f0e4bf72e2f5f28d,1364332,,,,,,,,,,,,,,,,,,,,,,,,,,,,,,,,,,,,,,,,,,,,,,,,,,TN,,,,,,,,,,
autoland,4769055,12,f76b60813665636d86169b6507d2f60fe004600c,windows10-64-shippable-qr,True,False,,,102210fe594ee9b33d82058545b1ed14f4c8206e,console.log-in-loop-content-process-array,damp,True,damp console.log-in-loop-content-process-array opt e10s fission stylo webrender-sw,4768818,77,ms,firefox,444261243.0,1830425011,2024-01-23 05:54:31,122.20413532654128,fcdb6404eb0234c50bf85922bacad525da6851d5,1364408,,,,,,,,,,,,,,,,,,,,,,,,,,,,,,,,,,,,,,,,,,,,,,,,,,TN,,,,,,,,,,
autoland,4769055,12,f76b60813665636d86169b6507d2f60fe004600c,windows10-64-shippable-qr,True,False,,,102210fe594ee9b33d82058545b1ed14f4c8206e,console.log-in-loop-content-process-array,damp,True,damp console.log-in-loop-content-process-array opt e10s fission stylo webrender-sw,4768818,77,ms,firefox,444308722.0,1830650226,2024-01-23 14:14:29,121.77384258034364,296f1b67a4750aa2166832b5b9d8ba0eee6fe635,1364570,,,,,,,,,,,,,,,,,,,,,,,,,,,,,,,,,,,,,,,,,,,,,,,,,,TN,,,,,,,,,,
autoland,4769055,12,f76b60813665636d86169b6507d2f60fe004600c,windows10-64-shippable-qr,True,False,,,102210fe594ee9b33d82058545b1ed14f4c8206e,console.log-in-loop-content-process-array,damp,True,damp console.log-in-loop-content-process-array opt e10s fission stylo webrender-sw,4768818,77,ms,firefox,444318586.0,1830686834,2024-01-23 14:50:16,121.9935324082744,f3efca74da0f43269bd8ac07e2a5d27e89c4d7c3,1364607,,,,,,,,,,,,,,,,,,,,,,,,,,,,,,,,,,,,,,,,,,,,,,,,,,TN,,,,,,,,,,
autoland,4769055,12,f76b60813665636d86169b6507d2f60fe004600c,windows10-64-shippable-qr,True,False,,,102210fe594ee9b33d82058545b1ed14f4c8206e,console.log-in-loop-content-process-array,damp,True,damp console.log-in-loop-content-process-array opt e10s fission stylo webrender-sw,4768818,77,ms,firefox,444325766.0,1830801354,2024-01-23 16:09:55,123.56784993340624,936300bf2ee78e086143fb3718e2c0af755385b0,1364702,,,,,,,,,,,,,,,,,,,,,,,,,,,,,,,,,,,,,,,,,,,,,,,,,,TN,,,,,,,,,,
autoland,4769055,12,f76b60813665636d86169b6507d2f60fe004600c,windows10-64-shippable-qr,True,False,,,102210fe594ee9b33d82058545b1ed14f4c8206e,console.log-in-loop-content-process-array,damp,True,damp console.log-in-loop-content-process-array opt e10s fission stylo webrender-sw,4768818,77,ms,firefox,444345472.0,1830873698,2024-01-23 19:03:54,121.55210490134414,ec71bc6778c4bdb9b4a93283fc0a3d3f302eb89e,1364834,,,,,,,,,,,,,,,,,,,,,,,,,,,,,,,,,,,,,,,,,,,,,,,,,,TN,,,,,,,,,,
autoland,4769055,12,f76b60813665636d86169b6507d2f60fe004600c,windows10-64-shippable-qr,True,False,,,102210fe594ee9b33d82058545b1ed14f4c8206e,console.log-in-loop-content-process-array,damp,True,damp console.log-in-loop-content-process-array opt e10s fission stylo webrender-sw,4768818,77,ms,firefox,444372697.0,1830988252,2024-01-23 22:21:15,122.41969110703758,25e5c4ea04b149ffa31cda5c4d75559df5369612,1365024,,,,,,,,,,,,,,,,,,,,,,,,,,,,,,,,,,,,,,,,,,,,,,,,,,TN,,,,,,,,,,
autoland,4769055,12,f76b60813665636d86169b6507d2f60fe004600c,windows10-64-shippable-qr,True,False,,,102210fe594ee9b33d82058545b1ed14f4c8206e,console.log-in-loop-content-process-array,damp,True,damp console.log-in-loop-content-process-array opt e10s fission stylo webrender-sw,4768818,77,ms,firefox,444390389.0,1831059866,2024-01-24 02:38:58,122.21800106018418,a0389da68b91e5a92b02ccd9e65991bffb5d5771,1365197,,,,,,,,,,,,,,,,,,,,,,,,,,,,,,,,,,,,,,,,,,,,,,,,,,TN,,,,,,,,,,
autoland,4769055,12,f76b60813665636d86169b6507d2f60fe004600c,windows10-64-shippable-qr,True,False,,,102210fe594ee9b33d82058545b1ed14f4c8206e,console.log-in-loop-content-process-array,damp,True,damp console.log-in-loop-content-process-array opt e10s fission stylo webrender-sw,4768818,77,ms,firefox,444406385.0,1831151572,2024-01-24 06:43:12,121.93419032928796,eed6f8e8fe3af01f49be74cc1be72d51e5a0933f,1365260,,,,,,,,,,,,,,,,,,,,,,,,,,,,,,,,,,,,,,,,,,,,,,,,,,TN,,,,,,,,,,
autoland,4769055,12,f76b60813665636d86169b6507d2f60fe004600c,windows10-64-shippable-qr,True,False,,,102210fe594ee9b33d82058545b1ed14f4c8206e,console.log-in-loop-content-process-array,damp,True,damp console.log-in-loop-content-process-array opt e10s fission stylo webrender-sw,4768818,77,ms,firefox,444406872.0,1831177590,2024-01-24 06:57:11,121.8351578734655,7079db6b8da9081aee6b0ce96b68f368efec3277,1365262,,,,,,,,,,,,,,,,,,,,,,,,,,,,,,,,,,,,,,,,,,,,,,,,,,TN,,,,,,,,,,
autoland,4769055,12,f76b60813665636d86169b6507d2f60fe004600c,windows10-64-shippable-qr,True,False,,,102210fe594ee9b33d82058545b1ed14f4c8206e,console.log-in-loop-content-process-array,damp,True,damp console.log-in-loop-content-process-array opt e10s fission stylo webrender-sw,4768818,77,ms,firefox,444458513.0,1831352772,2024-01-24 11:40:35,121.4483809692847,ce20634f32a1b78384fbbc028b4f86266056e7fb,1365369,,,,,,,,,,,,,,,,,,,,,,,,,,,,,,,,,,,,,,,,,,,,,,,,,,TN,,,,,,,,,,
autoland,4769055,12,f76b60813665636d86169b6507d2f60fe004600c,windows10-64-shippable-qr,True,False,,,102210fe594ee9b33d82058545b1ed14f4c8206e,console.log-in-loop-content-process-array,damp,True,damp console.log-in-loop-content-process-array opt e10s fission stylo webrender-sw,4768818,77,ms,firefox,444487569.0,1831523172,2024-01-24 16:03:05,121.03823271404144,150dd33322ea6d34c4829f8e67efe7e37be8c48e,1365533,,,,,,,,,,,,,,,,,,,,,,,,,,,,,,,,,,,,,,,,,,,,,,,,,,TN,,,,,,,,,,
autoland,4769055,12,f76b60813665636d86169b6507d2f60fe004600c,windows10-64-shippable-qr,True,False,,,102210fe594ee9b33d82058545b1ed14f4c8206e,console.log-in-loop-content-process-array,damp,True,damp console.log-in-loop-content-process-array opt e10s fission stylo webrender-sw,4768818,77,ms,firefox,444505593.0,1831611445,2024-01-24 18:01:21,122.32719343876306,e22428605dbb49942204564b03db80f474ea35ba,1365677,,,,,,,,,,,,,,,,,,,,,,,,,,,,,,,,,,,,,,,,,,,,,,,,,,TN,,,,,,,,,,
autoland,4769055,12,f76b60813665636d86169b6507d2f60fe004600c,windows10-64-shippable-qr,True,False,,,102210fe594ee9b33d82058545b1ed14f4c8206e,console.log-in-loop-content-process-array,damp,True,damp console.log-in-loop-content-process-array opt e10s fission stylo webrender-sw,4768818,77,ms,firefox,444530306.0,1831725122,2024-01-24 22:08:16,121.8285018746028,b8b82bd9546fe4e63cd5e9d29248d87665c548b8,1365907,,,,,,,,,,,,,,,,,,,,,,,,,,,,,,,,,,,,,,,,,,,,,,,,,,TN,,,,,,,,,,
autoland,4769055,12,f76b60813665636d86169b6507d2f60fe004600c,windows10-64-shippable-qr,True,False,,,102210fe594ee9b33d82058545b1ed14f4c8206e,console.log-in-loop-content-process-array,damp,True,damp console.log-in-loop-content-process-array opt e10s fission stylo webrender-sw,4768818,77,ms,firefox,444547769.0,1831844579,2024-01-25 05:05:51,122.22188468107925,ce5606473bf95f0899f69034525766ca9d0ed749,1366048,,,,,,,,,,,,,,,,,,,,,,,,,,,,,,,,,,,,,,,,,,,,,,,,,,TN,,,,,,,,,,
autoland,4769055,12,f76b60813665636d86169b6507d2f60fe004600c,windows10-64-shippable-qr,True,False,,,102210fe594ee9b33d82058545b1ed14f4c8206e,console.log-in-loop-content-process-array,damp,True,damp console.log-in-loop-content-process-array opt e10s fission stylo webrender-sw,4768818,77,ms,firefox,444564016.0,1831898627,2024-01-25 07:56:38,122.61907159365546,c0289f78466cf0bf8a6871ef3417c180aab77e07,1366087,,,,,,,,,,,,,,,,,,,,,,,,,,,,,,,,,,,,,,,,,,,,,,,,,,TN,,,,,,,,,,
autoland,4769055,12,f76b60813665636d86169b6507d2f60fe004600c,windows10-64-shippable-qr,True,False,,,102210fe594ee9b33d82058545b1ed14f4c8206e,console.log-in-loop-content-process-array,damp,True,damp console.log-in-loop-content-process-array opt e10s fission stylo webrender-sw,4768818,77,ms,firefox,444598135.0,1832033285,2024-01-25 12:05:33,121.85474294370395,c746000752516a4b8ede1f6a5c7b2f4be12a33d7,1366202,,,,,,,,,,,,,,,,,,,,,,,,,,,,,,,,,,,,,,,,,,,,,,,,,,TN,,,,,,,,,,
autoland,4769055,12,f76b60813665636d86169b6507d2f60fe004600c,windows10-64-shippable-qr,True,False,,,102210fe594ee9b33d82058545b1ed14f4c8206e,console.log-in-loop-content-process-array,damp,True,damp console.log-in-loop-content-process-array opt e10s fission stylo webrender-sw,4768818,77,ms,firefox,444619235.0,1832156394,2024-01-25 15:26:29,121.93785338696762,34f197ce93a24d93523617eba67ecee2e990c37c,1366326,,,,,,,,,,,,,,,,,,,,,,,,,,,,,,,,,,,,,,,,,,,,,,,,,,TN,,,,,,,,,,
autoland,4769055,12,f76b60813665636d86169b6507d2f60fe004600c,windows10-64-shippable-qr,True,False,,,102210fe594ee9b33d82058545b1ed14f4c8206e,console.log-in-loop-content-process-array,damp,True,damp console.log-in-loop-content-process-array opt e10s fission stylo webrender-sw,4768818,77,ms,firefox,444651508.0,1832368170,2024-01-25 20:50:47,124.10856578974926,dd2a416c0c76b4cc9f6161d6be89aa7356e4eae5,1366563,,,,,,,,,,,,,,,,,,,,,,,,,,,,,,,,,,,,,,,,,,,,,,,,,,TN,,,,,,,,,,
autoland,4769055,12,f76b60813665636d86169b6507d2f60fe004600c,windows10-64-shippable-qr,True,False,,,102210fe594ee9b33d82058545b1ed14f4c8206e,console.log-in-loop-content-process-array,damp,True,damp console.log-in-loop-content-process-array opt e10s fission stylo webrender-sw,4768818,77,ms,firefox,444651242.0,1832350590,2024-01-25 20:51:29,121.02218463002464,5da1e842ef70c74d8ed72128e460f75b633fae95,1366564,,,,,,,,,,,,,,,,,,,,,,,,,,,,,,,,,,,,,,,,,,,,,,,,,,TN,,,,,,,,,,
autoland,4769055,12,f76b60813665636d86169b6507d2f60fe004600c,windows10-64-shippable-qr,True,False,,,102210fe594ee9b33d82058545b1ed14f4c8206e,console.log-in-loop-content-process-array,damp,True,damp console.log-in-loop-content-process-array opt e10s fission stylo webrender-sw,4768818,77,ms,firefox,444688562.0,1832513756,2024-01-26 03:41:27,121.03746741978102,a412d893c38f632f34b44a9c5b3fd8cc30bb87be,1366751,,,,,,,,,,,,,,,,,,,,,,,,,,,,,,,,,,,,,,,,,,,,,,,,,,TN,,,,,,,,,,
autoland,4769055,12,f76b60813665636d86169b6507d2f60fe004600c,windows10-64-shippable-qr,True,False,,,102210fe594ee9b33d82058545b1ed14f4c8206e,console.log-in-loop-content-process-array,damp,True,damp console.log-in-loop-content-process-array opt e10s fission stylo webrender-sw,4768818,77,ms,firefox,444743791.0,1832745663,2024-01-26 11:04:34,121.62660784819492,18f5823716e4c35d7c899d2ce4be7fcd66cab9d0,1366921,,,,,,,,,,,,,,,,,,,,,,,,,,,,,,,,,,,,,,,,,,,,,,,,,,TN,,,,,,,,,,
autoland,4769055,12,f76b60813665636d86169b6507d2f60fe004600c,windows10-64-shippable-qr,True,False,,,102210fe594ee9b33d82058545b1ed14f4c8206e,console.log-in-loop-content-process-array,damp,True,damp console.log-in-loop-content-process-array opt e10s fission stylo webrender-sw,4768818,77,ms,firefox,444784328.0,1832929801,2024-01-26 15:49:43,121.62771027338567,19005661ad786853d186a7d3434e6c290bccaa95,1367044,,,,,,,,,,,,,,,,,,,,,,,,,,,,,,,,,,,,,,,,,,,,,,,,,,TN,,,,,,,,,,
autoland,4769055,12,f76b60813665636d86169b6507d2f60fe004600c,windows10-64-shippable-qr,True,False,,,102210fe594ee9b33d82058545b1ed14f4c8206e,console.log-in-loop-content-process-array,damp,True,damp console.log-in-loop-content-process-array opt e10s fission stylo webrender-sw,4768818,77,ms,firefox,444785731.0,1832968150,2024-01-26 15:52:38,121.75908653847728,4641c3dcf0c3cfbdc8976f2fcc6898107149e19e,1367050,,,,,,,,,,,,,,,,,,,,,,,,,,,,,,,,,,,,,,,,,,,,,,,,,,TN,,,,,,,,,,
autoland,4769055,12,f76b60813665636d86169b6507d2f60fe004600c,windows10-64-shippable-qr,True,False,,,102210fe594ee9b33d82058545b1ed14f4c8206e,console.log-in-loop-content-process-array,damp,True,damp console.log-in-loop-content-process-array opt e10s fission stylo webrender-sw,4768818,77,ms,firefox,444816994.0,1833142916,2024-01-26 20:02:47,123.4634039778939,38fb47dac16804e3d5c8211277f084198e43de88,1367207,,,,,,,,,,,,,,,,,,,,,,,,,,,,,,,,,,,,,,,,,,,,,,,,,,TN,,,,,,,,,,
autoland,4769055,12,f76b60813665636d86169b6507d2f60fe004600c,windows10-64-shippable-qr,True,False,,,102210fe594ee9b33d82058545b1ed14f4c8206e,console.log-in-loop-content-process-array,damp,True,damp console.log-in-loop-content-process-array opt e10s fission stylo webrender-sw,4768818,77,ms,firefox,444810500.0,1833102828,2024-01-26 20:05:08,123.2376494232667,ac4906fa040ce76ad5ea8f73caf83045f291b613,1367213,,,,,,,,,,,,,,,,,,,,,,,,,,,,,,,,,,,,,,,,,,,,,,,,,,TN,,,,,,,,,,
autoland,4769055,12,f76b60813665636d86169b6507d2f60fe004600c,windows10-64-shippable-qr,True,False,,,102210fe594ee9b33d82058545b1ed14f4c8206e,console.log-in-loop-content-process-array,damp,True,damp console.log-in-loop-content-process-array opt e10s fission stylo webrender-sw,4768818,77,ms,firefox,444836245.0,1833239768,2024-01-27 00:32:58,121.11400864937968,99babcb9f349f4d91fe26290269d9d25fc1bbd04,1367362,,,,,,,,,,,,,,,,,,,,,,,,,,,,,,,,,,,,,,,,,,,,,,,,,,TN,,,,,,,,,,
autoland,4769055,12,f76b60813665636d86169b6507d2f60fe004600c,windows10-64-shippable-qr,True,False,,,102210fe594ee9b33d82058545b1ed14f4c8206e,console.log-in-loop-content-process-array,damp,True,damp console.log-in-loop-content-process-array opt e10s fission stylo webrender-sw,4768818,77,ms,firefox,444853872.0,1833428637,2024-01-27 06:05:38,121.84015310829818,1e79d9e65ec0577bb7d698c86edc6f35b4f92ce8,1367422,,,,,,,,,,,,,,,,,,,,,,,,,,,,,,,,,,,,,,,,,,,,,,,,,,TN,,,,,,,,,,
autoland,4769055,12,f76b60813665636d86169b6507d2f60fe004600c,windows10-64-shippable-qr,True,False,,,102210fe594ee9b33d82058545b1ed14f4c8206e,console.log-in-loop-content-process-array,damp,True,damp console.log-in-loop-content-process-array opt e10s fission stylo webrender-sw,4768818,77,ms,firefox,444882345.0,1833621136,2024-01-27 14:01:44,121.62268252089416,09a1abcfcfb73aa1ae9781d2816102729c0f82a6,1367473,,,,,,,,,,,,,,,,,,,,,,,,,,,,,,,,,,,,,,,,,,,,,,,,,,TN,,,,,,,,,,
autoland,4769055,12,f76b60813665636d86169b6507d2f60fe004600c,windows10-64-shippable-qr,True,False,,,102210fe594ee9b33d82058545b1ed14f4c8206e,console.log-in-loop-content-process-array,damp,True,damp console.log-in-loop-content-process-array opt e10s fission stylo webrender-sw,4768818,77,ms,firefox,444900553.0,1833735785,2024-01-28 01:17:56,121.5132758345262,2e376c0d1662606cf6811ab3ff138b784d465291,1367530,,,,,,,,,,,,,,,,,,,,,,,,,,,,,,,,,,,,,,,,,,,,,,,,,,TN,,,,,,,,,,
autoland,4769055,12,f76b60813665636d86169b6507d2f60fe004600c,windows10-64-shippable-qr,True,False,,,102210fe594ee9b33d82058545b1ed14f4c8206e,console.log-in-loop-content-process-array,damp,True,damp console.log-in-loop-content-process-array opt e10s fission stylo webrender-sw,4768818,77,ms,firefox,444905149.0,1833765161,2024-01-28 06:00:30,121.39360184647376,0f372a16b1e1e959f46701e4210f6a6eaf4e40ec,1367545,,,,,,,,,,,,,,,,,,,,,,,,,,,,,,,,,,,,,,,,,,,,,,,,,,TN,,,,,,,,,,
autoland,4769055,12,f76b60813665636d86169b6507d2f60fe004600c,windows10-64-shippable-qr,True,False,,,102210fe594ee9b33d82058545b1ed14f4c8206e,console.log-in-loop-content-process-array,damp,True,damp console.log-in-loop-content-process-array opt e10s fission stylo webrender-sw,4768818,77,ms,firefox,444937691.0,1833907285,2024-01-28 10:01:02,121.25314325172258,9b32d8116833ab08f4e3f0b18c12587ac1f9360b,1367556,,,,,,,,,,,,,,,,,,,,,,,,,,,,,,,,,,,,,,,,,,,,,,,,,,TN,,,,,,,,,,
autoland,4769055,12,f76b60813665636d86169b6507d2f60fe004600c,windows10-64-shippable-qr,True,False,,,102210fe594ee9b33d82058545b1ed14f4c8206e,console.log-in-loop-content-process-array,damp,True,damp console.log-in-loop-content-process-array opt e10s fission stylo webrender-sw,4768818,77,ms,firefox,444947081.0,1833983031,2024-01-28 14:31:15,122.19245039577618,13780f5cb2f5d698f35a23f2fafa1593ef7affe9,1367584,,,,,,,,,,,,,,,,,,,,,,,,,,,,,,,,,,,,,,,,,,,,,,,,,,TN,,,,,,,,,,
autoland,4769055,12,f76b60813665636d86169b6507d2f60fe004600c,windows10-64-shippable-qr,True,False,,,102210fe594ee9b33d82058545b1ed14f4c8206e,console.log-in-loop-content-process-array,damp,True,damp console.log-in-loop-content-process-array opt e10s fission stylo webrender-sw,4768818,77,ms,firefox,444969941.0,1834101448,2024-01-29 01:40:26,122.7819774972977,852acff05fb8be21502af8fc12cceeb2baa70dd7,1367631,,,,,,,,,,,,,,,,,,,,,,,,,,,,,,,,,,,,,,,,,,,,,,,,,,TN,,,,,,,,,,
autoland,4769055,12,f76b60813665636d86169b6507d2f60fe004600c,windows10-64-shippable-qr,True,False,,,102210fe594ee9b33d82058545b1ed14f4c8206e,console.log-in-loop-content-process-array,damp,True,damp console.log-in-loop-content-process-array opt e10s fission stylo webrender-sw,4768818,77,ms,firefox,445296852.0,1835843703,2024-01-29 07:03:59,121.51887111567156,c8e2de1a6ca3706fb92794c5189871289169310a,1367652,,,,,,,,,,,,,,,,,,,,,,,,,,,,,,,,,,,,,,,,,,,,,,,,,,TN,,,,,,,,,,
autoland,4769055,12,f76b60813665636d86169b6507d2f60fe004600c,windows10-64-shippable-qr,True,False,,,102210fe594ee9b33d82058545b1ed14f4c8206e,console.log-in-loop-content-process-array,damp,True,damp console.log-in-loop-content-process-array opt e10s fission stylo webrender-sw,4768818,77,ms,firefox,445296853.0,1835843687,2024-01-29 07:38:54,121.6426089696106,b2694e0c8a7370fdda5c793921a9917de58b36fe,1367660,,,,,,,,,,,,,,,,,,,,,,,,,,,,,,,,,,,,,,,,,,,,,,,,,,TN,,,,,,,,,,
autoland,4769055,12,f76b60813665636d86169b6507d2f60fe004600c,windows10-64-shippable-qr,True,False,,,102210fe594ee9b33d82058545b1ed14f4c8206e,console.log-in-loop-content-process-array,damp,True,damp console.log-in-loop-content-process-array opt e10s fission stylo webrender-sw,4768818,77,ms,firefox,445296855.0,1835844051,2024-01-29 07:41:17,121.41326504838251,77a4709c7f40b83c5f1b6186ae5eb70dcb2686c1,1367664,,,,,,,,,,,,,,,,,,,,,,,,,,,,,,,,,,,,,,,,,,,,,,,,,,TN,,,,,,,,,,
autoland,4769055,12,f76b60813665636d86169b6507d2f60fe004600c,windows10-64-shippable-qr,True,False,,,102210fe594ee9b33d82058545b1ed14f4c8206e,console.log-in-loop-content-process-array,damp,True,damp console.log-in-loop-content-process-array opt e10s fission stylo webrender-sw,4768818,77,ms,firefox,445296892.0,1835844345,2024-01-29 09:13:29,123.67059131934366,0e25f6f7415dceaa92e68b6dcb7a21b97c318839,1367697,,,,,,,,,,,,,,,,,,,,,,,,,,,,,,,,,,,,,,,,,,,,,,,,,,TN,,,,,,,,,,
autoland,4769055,12,f76b60813665636d86169b6507d2f60fe004600c,windows10-64-shippable-qr,True,False,,,102210fe594ee9b33d82058545b1ed14f4c8206e,console.log-in-loop-content-process-array,damp,True,damp console.log-in-loop-content-process-array opt e10s fission stylo webrender-sw,4768818,77,ms,firefox,445296894.0,1835844407,2024-01-29 09:45:24,121.7601892353614,eea434d3a28646131adf39849c2e44c7b4de6721,1367714,,,,,,,,,,,,,,,,,,,,,,,,,,,,,,,,,,,,,,,,,,,,,,,,,,TN,,,,,,,,,,
autoland,4769055,12,f76b60813665636d86169b6507d2f60fe004600c,windows10-64-shippable-qr,True,False,,,102210fe594ee9b33d82058545b1ed14f4c8206e,console.log-in-loop-content-process-array,damp,True,damp console.log-in-loop-content-process-array opt e10s fission stylo webrender-sw,4768818,77,ms,firefox,445296895.0,1835844596,2024-01-29 09:50:01,121.13999130965568,7d35b1612c9f80b1ce49a6f7f8adc8b90621969d,1367716,,,,,,,,,,,,,,,,,,,,,,,,,,,,,,,,,,,,,,,,,,,,,,,,,,TN,,,,,,,,,,
autoland,4769055,12,f76b60813665636d86169b6507d2f60fe004600c,windows10-64-shippable-qr,True,False,,,102210fe594ee9b33d82058545b1ed14f4c8206e,console.log-in-loop-content-process-array,damp,True,damp console.log-in-loop-content-process-array opt e10s fission stylo webrender-sw,4768818,77,ms,firefox,445297471.0,1835845041,2024-01-29 10:02:02,120.96210993259956,b5977bb53a4c2fee750e48ea98711affc22b0ac4,1367718,,,,,,,,,,,,,,,,,,,,,,,,,,,,,,,,,,,,,,,,,,,,,,,,,,TN,,,,,,,,,,
autoland,4769055,12,f76b60813665636d86169b6507d2f60fe004600c,windows10-64-shippable-qr,True,False,,,102210fe594ee9b33d82058545b1ed14f4c8206e,console.log-in-loop-content-process-array,damp,True,damp console.log-in-loop-content-process-array opt e10s fission stylo webrender-sw,4768818,77,ms,firefox,445296902.0,1835844551,2024-01-29 10:31:57,121.63053317550292,3629891cc2d708bce0fda06ceb02f758865827c9,1367732,,,,,,,,,,,,,,,,,,,,,,,,,,,,,,,,,,,,,,,,,,,,,,,,,,TN,,,,,,,,,,
autoland,4769055,12,f76b60813665636d86169b6507d2f60fe004600c,windows10-64-shippable-qr,True,False,,,102210fe594ee9b33d82058545b1ed14f4c8206e,console.log-in-loop-content-process-array,damp,True,damp console.log-in-loop-content-process-array opt e10s fission stylo webrender-sw,4768818,77,ms,firefox,445297466.0,1835844988,2024-01-29 10:34:40,121.47096008727203,9d33a3994005a05a8fbc4ad307e4bd6fb4ab2a63,1367735,,,,,,,,,,,,,,,,,,,,,,,,,,,,,,,,,,,,,,,,,,,,,,,,,,TN,,,,,,,,,,
autoland,4769055,12,f76b60813665636d86169b6507d2f60fe004600c,windows10-64-shippable-qr,True,False,,,102210fe594ee9b33d82058545b1ed14f4c8206e,console.log-in-loop-content-process-array,damp,True,damp console.log-in-loop-content-process-array opt e10s fission stylo webrender-sw,4768818,77,ms,firefox,445012337.0,1834305394,2024-01-29 10:50:01,121.58376591636988,fce9e73861891da48d1a0b85240491fa3e042f8b,1367743,,,,,,,,,,,,,,,,,,,,,,,,,,,,,,,,,,,,,,,,,,,,,,,,,,TN,,,,,,,,,,
autoland,4769055,12,f76b60813665636d86169b6507d2f60fe004600c,windows10-64-shippable-qr,True,False,,,102210fe594ee9b33d82058545b1ed14f4c8206e,console.log-in-loop-content-process-array,damp,True,damp console.log-in-loop-content-process-array opt e10s fission stylo webrender-sw,4768818,77,ms,firefox,446779977.0,1842251397,2024-01-29 10:50:43,121.20023142419632,2caefdbaad88d7a691c568e88a4d51b785dff7e4,1367745,,,,,,,,,,,,,,,,,,,,,,,,,,,,,,,,,,,,,,,,,,,,,,,,,,TN,,,,,,,,,,
autoland,4769055,12,f76b60813665636d86169b6507d2f60fe004600c,windows10-64-shippable-qr,True,False,,,102210fe594ee9b33d82058545b1ed14f4c8206e,console.log-in-loop-content-process-array,damp,True,damp console.log-in-loop-content-process-array opt e10s fission stylo webrender-sw,4768818,77,ms,firefox,446779924.0,1842250981,2024-01-29 11:07:59,122.12213185986184,5bb23716a8c97c7f3a06dad6d242499f34c8382a,1367752,,,,,,,,,,,,,,,,,,,,,,,,,,,,,,,,,,,,,,,,,,,,,,,,,,TN,,,,,,,,,,
autoland,4769055,12,f76b60813665636d86169b6507d2f60fe004600c,windows10-64-shippable-qr,True,False,,,102210fe594ee9b33d82058545b1ed14f4c8206e,console.log-in-loop-content-process-array,damp,True,damp console.log-in-loop-content-process-array opt e10s fission stylo webrender-sw,4768818,77,ms,firefox,446780246.0,1842256151,2024-01-29 11:26:38,121.86566132536429,5fe7e6dcd1cd1dcaff095cfc4ea1c22a07804745,1367765,,,,,,,,,,,,,,,,,,,,,,,,,,,,,,,,,,,,,,,,,,,,,,,,,,TN,,,,,,,,,,
autoland,4769055,12,f76b60813665636d86169b6507d2f60fe004600c,windows10-64-shippable-qr,True,False,,,102210fe594ee9b33d82058545b1ed14f4c8206e,console.log-in-loop-content-process-array,damp,True,damp console.log-in-loop-content-process-array opt e10s fission stylo webrender-sw,4768818,77,ms,firefox,446779931.0,1842251031,2024-01-29 12:22:32,121.95902022365044,e2e05e73ed0e77d498ba3b7b6783ec26d2b25e44,1367802,,,,,,,,,,,,,,,,,,,,,,,,,,,,,,,,,,,,,,,,,,,,,,,,,,TN,,,,,,,,,,
autoland,4769055,12,f76b60813665636d86169b6507d2f60fe004600c,windows10-64-shippable-qr,True,False,,,102210fe594ee9b33d82058545b1ed14f4c8206e,console.log-in-loop-content-process-array,damp,True,damp console.log-in-loop-content-process-array opt e10s fission stylo webrender-sw,4768818,77,ms,firefox,446779934.0,1842251144,2024-01-29 12:28:53,121.15036061835964,3790029e1c3524fa09691380b24897bdb9f4a322,1367807,,,,,,,,,,,,,,,,,,,,,,,,,,,,,,,,,,,,,,,,,,,,,,,,,,TN,,,,,,,,,,
autoland,4769055,12,f76b60813665636d86169b6507d2f60fe004600c,windows10-64-shippable-qr,True,False,,,102210fe594ee9b33d82058545b1ed14f4c8206e,console.log-in-loop-content-process-array,damp,True,damp console.log-in-loop-content-process-array opt e10s fission stylo webrender-sw,4768818,77,ms,firefox,446779933.0,1842251076,2024-01-29 12:50:09,121.13503670189677,22e61543186403cdbb04afed1295fdc200554e88,1367821,,,,,,,,,,,,,,,,,,,,,,,,,,,,,,,,,,,,,,,,,,,,,,,,,,TN,,,,,,,,,,
autoland,4769055,12,f76b60813665636d86169b6507d2f60fe004600c,windows10-64-shippable-qr,True,False,,,102210fe594ee9b33d82058545b1ed14f4c8206e,console.log-in-loop-content-process-array,damp,True,damp console.log-in-loop-content-process-array opt e10s fission stylo webrender-sw,4768818,77,ms,firefox,446779974.0,1842251352,2024-01-29 13:07:07,121.9614928147621,ba3ad2f8bef4db8377adea8472500d1d0f51a130,1367825,,,,,,,,,,,,,,,,,,,,,,,,,,,,,,,,,,,,,,,,,,,,,,,,,,TN,,,,,,,,,,
autoland,4769055,12,f76b60813665636d86169b6507d2f60fe004600c,windows10-64-shippable-qr,True,False,,,102210fe594ee9b33d82058545b1ed14f4c8206e,console.log-in-loop-content-process-array,damp,True,damp console.log-in-loop-content-process-array opt e10s fission stylo webrender-sw,4768818,77,ms,firefox,446779980.0,1842251466,2024-01-29 13:07:47,121.10546468865869,cc901e232d26c8b2436dbf7aa866a79c0a35ad94,1367826,,,,,,,,,,,,,,,,,,,,,,,,,,,,,,,,,,,,,,,,,,,,,,,,,,TN,,,,,,,,,,
autoland,4769055,12,f76b60813665636d86169b6507d2f60fe004600c,windows10-64-shippable-qr,True,False,,,102210fe594ee9b33d82058545b1ed14f4c8206e,console.log-in-loop-content-process-array,damp,True,damp console.log-in-loop-content-process-array opt e10s fission stylo webrender-sw,4768818,77,ms,firefox,445304341.0,1835871534,2024-01-29 13:30:13,120.67488369076636,c1af9aff041054345e3bb05bd2f75c91f0d218cf,1367831,,,,,,,,,,,,,,,,,,,,,,,,,,,,,,,,,,,,,,,,,,,,,,,,,,TN,,,,,,,,,,
autoland,4769055,12,f76b60813665636d86169b6507d2f60fe004600c,windows10-64-shippable-qr,True,False,,,102210fe594ee9b33d82058545b1ed14f4c8206e,console.log-in-loop-content-process-array,damp,True,damp console.log-in-loop-content-process-array opt e10s fission stylo webrender-sw,4768818,77,ms,firefox,445313354.0,1835892165,2024-01-29 13:43:26,121.81599728298534,aea2a6401c1e1af5d01f3d56bdc1114e2dab5776,1367837,,,,,,,,,,,,,,,,,,,,,,,,,,,,,,,,,,,,,,,,,,,,,,,,,,TN,,,,,,,,,,
autoland,4769055,12,f76b60813665636d86169b6507d2f60fe004600c,windows10-64-shippable-qr,True,False,,,102210fe594ee9b33d82058545b1ed14f4c8206e,console.log-in-loop-content-process-array,damp,True,damp console.log-in-loop-content-process-array opt e10s fission stylo webrender-sw,4768818,77,ms,firefox,445314887.0,1835896947,2024-01-29 13:43:26,121.27554196897472,aea2a6401c1e1af5d01f3d56bdc1114e2dab5776,1367837,,,,,,,,,,,,,,,,,,,,,,,,,,,,,,,,,,,,,,,,,,,,,,,,,,TN,,,,,,,,,,
autoland,4769055,12,f76b60813665636d86169b6507d2f60fe004600c,windows10-64-shippable-qr,True,False,,,102210fe594ee9b33d82058545b1ed14f4c8206e,console.log-in-loop-content-process-array,damp,True,damp console.log-in-loop-content-process-array opt e10s fission stylo webrender-sw,4768818,77,ms,firefox,445310894.0,1835881251,2024-01-29 14:02:29,121.70544673077347,fae344251bdc84bdbb6d3fed54966db889ee901f,1367845,,,,,,,,,,,,,,,,,,,,,,,,,,,,,,,,,,,,,,,,,,,,,,,,,,TN,,,,,,,,,,
autoland,4769055,12,f76b60813665636d86169b6507d2f60fe004600c,windows10-64-shippable-qr,True,False,,,102210fe594ee9b33d82058545b1ed14f4c8206e,console.log-in-loop-content-process-array,damp,True,damp console.log-in-loop-content-process-array opt e10s fission stylo webrender-sw,4768818,77,ms,firefox,445309684.0,1835879461,2024-01-29 14:06:04,121.8638298685728,bc4d3b22c7eb1dc716dd3881ac417ba769c0a244,1367850,,,,,,,,,,,,,,,,,,,,,,,,,,,,,,,,,,,,,,,,,,,,,,,,,,TN,,,,,,,,,,
autoland,4769055,12,f76b60813665636d86169b6507d2f60fe004600c,windows10-64-shippable-qr,True,False,,,102210fe594ee9b33d82058545b1ed14f4c8206e,console.log-in-loop-content-process-array,damp,True,damp console.log-in-loop-content-process-array opt e10s fission stylo webrender-sw,4768818,77,ms,firefox,445311554.0,1835883333,2024-01-29 14:15:50,121.52432770075757,99c36b3fe9c3251e54a0371e9032d1ff28073d30,1367860,,,,,,,,,,,,,,,,,,,,,,,,,,,,,,,,,,,,,,,,,,,,,,,,,,TN,,,,,,,,,,
autoland,4769055,12,f76b60813665636d86169b6507d2f60fe004600c,windows10-64-shippable-qr,True,False,,,102210fe594ee9b33d82058545b1ed14f4c8206e,console.log-in-loop-content-process-array,damp,True,damp console.log-in-loop-content-process-array opt e10s fission stylo webrender-sw,4768818,77,ms,firefox,445311933.0,1835884188,2024-01-29 14:15:50,121.21022319418626,99c36b3fe9c3251e54a0371e9032d1ff28073d30,1367860,,,,,,,,,,,,,,,,,,,,,,,,,,,,,,,,,,,,,,,,,,,,,,,,,,TN,,,,,,,,,,
autoland,4769055,12,f76b60813665636d86169b6507d2f60fe004600c,windows10-64-shippable-qr,True,False,,,102210fe594ee9b33d82058545b1ed14f4c8206e,console.log-in-loop-content-process-array,damp,True,damp console.log-in-loop-content-process-array opt e10s fission stylo webrender-sw,4768818,77,ms,firefox,445311728.0,1835883968,2024-01-29 14:20:20,121.65169123811393,2eb7051ff4ed8841f0cfa6301d51fbaf098cdc96,1367864,,,,,,,,,,,,,,,,,,,,,,,,,,,,,,,,,,,,,,,,,,,,,,,,,,TN,,,,,,,,,,
autoland,4769055,12,f76b60813665636d86169b6507d2f60fe004600c,windows10-64-shippable-qr,True,False,,,102210fe594ee9b33d82058545b1ed14f4c8206e,console.log-in-loop-content-process-array,damp,True,damp console.log-in-loop-content-process-array opt e10s fission stylo webrender-sw,4768818,77,ms,firefox,445314862.0,1835895481,2024-01-29 14:20:20,121.34436204277154,2eb7051ff4ed8841f0cfa6301d51fbaf098cdc96,1367864,,,,,,,,,,,,,,,,,,,,,,,,,,,,,,,,,,,,,,,,,,,,,,,,,,TN,,,,,,,,,,
autoland,4769055,12,f76b60813665636d86169b6507d2f60fe004600c,windows10-64-shippable-qr,True,False,,,102210fe594ee9b33d82058545b1ed14f4c8206e,console.log-in-loop-content-process-array,damp,True,damp console.log-in-loop-content-process-array opt e10s fission stylo webrender-sw,4768818,77,ms,firefox,445311946.0,1835884351,2024-01-29 14:21:15,120.43035967298964,0b0ed98091e760d226dc22dc39bdff8a52b66598,1367865,,,,,,,,,,,,,,,,,,,,,,,,,,,,,,,,,,,,,,,,,,,,,,,,,,TN,,,,,,,,,,
autoland,4769055,12,f76b60813665636d86169b6507d2f60fe004600c,windows10-64-shippable-qr,True,False,,,102210fe594ee9b33d82058545b1ed14f4c8206e,console.log-in-loop-content-process-array,damp,True,damp console.log-in-loop-content-process-array opt e10s fission stylo webrender-sw,4768818,77,ms,firefox,445311429.0,1835882669,2024-01-29 14:23:26,121.9979322037234,52d36baeab608465d88642055ec7dfb11204be0a,1367866,,,,,,,,,,,,,,,,,,,,,,,,,,,,,,,,,,,,,,,,,,,,,,,,,,TN,,,,,,,,,,
autoland,4769055,12,f76b60813665636d86169b6507d2f60fe004600c,windows10-64-shippable-qr,True,False,,,102210fe594ee9b33d82058545b1ed14f4c8206e,console.log-in-loop-content-process-array,damp,True,damp console.log-in-loop-content-process-array opt e10s fission stylo webrender-sw,4768818,77,ms,firefox,445314484.0,1835894868,2024-01-29 14:23:26,121.46804429152871,52d36baeab608465d88642055ec7dfb11204be0a,1367866,,,,,,,,,,,,,,,,,,,,,,,,,,,,,,,,,,,,,,,,,,,,,,,,,,TN,,,,,,,,,,
autoland,4769055,12,f76b60813665636d86169b6507d2f60fe004600c,windows10-64-shippable-qr,True,False,,,102210fe594ee9b33d82058545b1ed14f4c8206e,console.log-in-loop-content-process-array,damp,True,damp console.log-in-loop-content-process-array opt e10s fission stylo webrender-sw,4768818,77,ms,firefox,445315104.0,1835897682,2024-01-29 14:49:13,121.41506439247678,2fc97f7320f3cbee67129a0d3171e75523f50736,1367872,,,,,,,,,,,,,,,,,,,,,,,,,,,,,,,,,,,,,,,,,,,,,,,,,,TN,,,,,,,,,,
autoland,4769055,12,f76b60813665636d86169b6507d2f60fe004600c,windows10-64-shippable-qr,True,False,,,102210fe594ee9b33d82058545b1ed14f4c8206e,console.log-in-loop-content-process-array,damp,True,damp console.log-in-loop-content-process-array opt e10s fission stylo webrender-sw,4768818,77,ms,firefox,445045934.0,1834430415,2024-01-29 14:53:09,121.90610935987934,97de3c8a7931e01c1a1c1cf6ac90a580607b77c9,1367876,,,,,,,,,,,,,,,,,,,,,,,,,,,,,,,,,,,,,,,,,,,,,,,,,,TN,,,,,,,,,,
autoland,4769055,12,f76b60813665636d86169b6507d2f60fe004600c,windows10-64-shippable-qr,True,False,,,102210fe594ee9b33d82058545b1ed14f4c8206e,console.log-in-loop-content-process-array,damp,True,damp console.log-in-loop-content-process-array opt e10s fission stylo webrender-sw,4768818,77,ms,firefox,445060675.0,1834487532,2024-01-29 14:59:33,120.94534330800523,8e91f5176c0f6e1689a893ed34d5046dbbd1122e,1367883,,,,,,,,,,,,,,,,,,,,,,,,,,,,,,,,,,,,,,,,,,,,,,,,,,TN,,,,,,,,,,
autoland,4769055,12,f76b60813665636d86169b6507d2f60fe004600c,windows10-64-shippable-qr,True,False,,,102210fe594ee9b33d82058545b1ed14f4c8206e,console.log-in-loop-content-process-array,damp,True,damp console.log-in-loop-content-process-array opt e10s fission stylo webrender-sw,4768818,77,ms,firefox,445312497.0,1835888082,2024-01-29 16:44:34,123.33100657579416,7c8249497f76cd2b3c757802be358e5b530a36f6,1367990,,,,,,,,,,,,,,,,,,,,,,,,,,,,,,,,,,,,,,,,,,,,,,,,,,TN,,,,,,,,,,
autoland,4769055,12,f76b60813665636d86169b6507d2f60fe004600c,windows10-64-shippable-qr,True,False,,,102210fe594ee9b33d82058545b1ed14f4c8206e,console.log-in-loop-content-process-array,damp,True,damp console.log-in-loop-content-process-array opt e10s fission stylo webrender-sw,4768818,77,ms,firefox,445311483.0,1835882883,2024-01-29 16:50:08,121.44296594039952,d3cf748dd702be6b6bf12be3cd8560a1f9eebb23,1367995,,,,,,,,,,,,,,,,,,,,,,,,,,,,,,,,,,,,,,,,,,,,,,,,,,TN,,,,,,,,,,
autoland,4769055,12,f76b60813665636d86169b6507d2f60fe004600c,windows10-64-shippable-qr,True,False,,,102210fe594ee9b33d82058545b1ed14f4c8206e,console.log-in-loop-content-process-array,damp,True,damp console.log-in-loop-content-process-array opt e10s fission stylo webrender-sw,4768818,77,ms,firefox,445312501.0,1835888028,2024-01-29 16:58:30,120.38965254650248,cd14ec523d1f87a88c2dd60d1a1963db9d4a72a1,1368002,,,,,,,,,,,,,,,,,,,,,,,,,,,,,,,,,,,,,,,,,,,,,,,,,,TN,,,,,,,,,,
autoland,4769055,12,f76b60813665636d86169b6507d2f60fe004600c,windows10-64-shippable-qr,True,False,,,102210fe594ee9b33d82058545b1ed14f4c8206e,console.log-in-loop-content-process-array,damp,True,damp console.log-in-loop-content-process-array opt e10s fission stylo webrender-sw,4768818,77,ms,firefox,445313411.0,1835891175,2024-01-29 17:03:45,120.96647019550257,c495da01500c84d8e28a9db6b432afdab581e26b,1368008,,,,,,,,,,,,,,,,,,,,,,,,,,,,,,,,,,,,,,,,,,,,,,,,,,TN,,,,,,,,,,
autoland,4769055,12,f76b60813665636d86169b6507d2f60fe004600c,windows10-64-shippable-qr,True,False,,,102210fe594ee9b33d82058545b1ed14f4c8206e,console.log-in-loop-content-process-array,damp,True,damp console.log-in-loop-content-process-array opt e10s fission stylo webrender-sw,4768818,77,ms,firefox,445315193.0,1835898681,2024-01-29 17:07:53,121.54787972085978,7da779197a44864000751a62e8a4ab1d4ed4b135,1368011,,,,,,,,,,,,,,,,,,,,,,,,,,,,,,,,,,,,,,,,,,,,,,,,,,TN,,,,,,,,,,
autoland,4769055,12,f76b60813665636d86169b6507d2f60fe004600c,windows10-64-shippable-qr,True,False,,,102210fe594ee9b33d82058545b1ed14f4c8206e,console.log-in-loop-content-process-array,damp,True,damp console.log-in-loop-content-process-array opt e10s fission stylo webrender-sw,4768818,77,ms,firefox,445311388.0,1835882182,2024-01-29 17:15:08,121.45226485022432,451fe45d054899432fdb3e53b1fffcf00a1f5b97,1368019,,,,,,,,,,,,,,,,,,,,,,,,,,,,,,,,,,,,,,,,,,,,,,,,,,TN,,,,,,,,,,
autoland,4769055,12,f76b60813665636d86169b6507d2f60fe004600c,windows10-64-shippable-qr,True,False,,,102210fe594ee9b33d82058545b1ed14f4c8206e,console.log-in-loop-content-process-array,damp,True,damp console.log-in-loop-content-process-array opt e10s fission stylo webrender-sw,4768818,77,ms,firefox,445314953.0,1835896381,2024-01-29 17:41:54,120.88287367609335,2673662de1afbe5945f741f513ee9788f1a72109,1368029,,,,,,,,,,,,,,,,,,,,,,,,,,,,,,,,,,,,,,,,,,,,,,,,,,TN,,,,,,,,,,
autoland,4769055,12,f76b60813665636d86169b6507d2f60fe004600c,windows10-64-shippable-qr,True,False,,,102210fe594ee9b33d82058545b1ed14f4c8206e,console.log-in-loop-content-process-array,damp,True,damp console.log-in-loop-content-process-array opt e10s fission stylo webrender-sw,4768818,77,ms,firefox,445311520.0,1835883275,2024-01-29 17:45:12,122.00070041683466,4708de99227cc3a4856c0e704bd8d60c1b4a8571,1368033,,,,,,,,,,,,,,,,,,,,,,,,,,,,,,,,,,,,,,,,,,,,,,,,,,TN,,,,,,,,,,
autoland,4769055,12,f76b60813665636d86169b6507d2f60fe004600c,windows10-64-shippable-qr,True,False,,,102210fe594ee9b33d82058545b1ed14f4c8206e,console.log-in-loop-content-process-array,damp,True,damp console.log-in-loop-content-process-array opt e10s fission stylo webrender-sw,4768818,77,ms,firefox,445302487.0,1835859307,2024-01-29 17:45:54,121.49314193183636,2e38088e4e8cf1e30ab3c7e1bd1cf1471e289cea,1368034,,,,,,,,,,,,,,,,,,,,,,,,,,,,,,,,,,,,,,,,,,,,,,,,,,TN,,,,,,,,,,
autoland,4769055,12,f76b60813665636d86169b6507d2f60fe004600c,windows10-64-shippable-qr,True,False,,,102210fe594ee9b33d82058545b1ed14f4c8206e,console.log-in-loop-content-process-array,damp,True,damp console.log-in-loop-content-process-array opt e10s fission stylo webrender-sw,4768818,77,ms,firefox,445074484.0,1834546058,2024-01-29 17:46:45,121.4237586195377,8913eab3409d19e1cf1a2c19f256256c293b3154,1368035,,,,,,,,,,,,,,,,,,,,,,,,,,,,,,,,,,,,,,,,,,,,,,,,,,TN,,,,,,,,,,
autoland,4769055,12,f76b60813665636d86169b6507d2f60fe004600c,windows10-64-shippable-qr,True,False,,,102210fe594ee9b33d82058545b1ed14f4c8206e,console.log-in-loop-content-process-array,damp,True,damp console.log-in-loop-content-process-array opt e10s fission stylo webrender-sw,4768818,77,ms,firefox,445097136.0,1834663803,2024-01-29 21:21:15,121.15180340269036,57a27d8b6d2a7f1f5c1ec710e4a09422fb9c05e1,1368229,,,,,,,,,,,,,,,,,,,,,,,,,,,,,,,,,,,,,,,,,,,,,,,,,,TN,,,,,,,,,,
autoland,4769055,12,f76b60813665636d86169b6507d2f60fe004600c,windows10-64-shippable-qr,True,False,,,102210fe594ee9b33d82058545b1ed14f4c8206e,console.log-in-loop-content-process-array,damp,True,damp console.log-in-loop-content-process-array opt e10s fission stylo webrender-sw,4768818,77,ms,firefox,445116222.0,1834738112,2024-01-30 01:21:53,121.07176600375168,265910d5bfe79cc856e1c18d9e403fed38ee5a79,1368286,,,,,,,,,,,,,,,,,,,,,,,,,,,,,,,,,,,,,,,,,,,,,,,,,,TN,,,,,,,,,,
autoland,4769055,12,f76b60813665636d86169b6507d2f60fe004600c,windows10-64-shippable-qr,True,False,,,102210fe594ee9b33d82058545b1ed14f4c8206e,console.log-in-loop-content-process-array,damp,True,damp console.log-in-loop-content-process-array opt e10s fission stylo webrender-sw,4768818,77,ms,firefox,445190538.0,1835351081,2024-01-30 13:09:07,120.48531431151967,a9528d76a91bc50db12b4a18830536bb25a6e378,1368599,,,,,,,,,,,,,,,,,,,,,,,,,,,,,,,,,,,,,,,,,,,,,,,,,,TN,,,,,,,,,,
autoland,4769055,12,f76b60813665636d86169b6507d2f60fe004600c,windows10-64-shippable-qr,True,False,,,102210fe594ee9b33d82058545b1ed14f4c8206e,console.log-in-loop-content-process-array,damp,True,damp console.log-in-loop-content-process-array opt e10s fission stylo webrender-sw,4768818,77,ms,firefox,445186933.0,1835264381,2024-01-30 13:14:31,121.6717007653042,91338712d82fcf42896cfc451e6341a5b95963b8,1368603,,,,,,,,,,,,,,,,,,,,,,,,,,,,,,,,,,,,,,,,,,,,,,,,,,TN,,,,,,,,,,
autoland,4769055,12,f76b60813665636d86169b6507d2f60fe004600c,windows10-64-shippable-qr,True,False,,,102210fe594ee9b33d82058545b1ed14f4c8206e,console.log-in-loop-content-process-array,damp,True,damp console.log-in-loop-content-process-array opt e10s fission stylo webrender-sw,4768818,77,ms,firefox,445196162.0,1835382808,2024-01-30 14:29:15,121.02116606194068,1ac69623ae79a621c0035377f0841b1ba83070c1,1368655,,,,,,,,,,,,,,,,,,,,,,,,,,,,,,,,,,,,,,,,,,,,,,,,,,TN,,,,,,,,,,
autoland,4769055,12,f76b60813665636d86169b6507d2f60fe004600c,windows10-64-shippable-qr,True,False,,,102210fe594ee9b33d82058545b1ed14f4c8206e,console.log-in-loop-content-process-array,damp,True,damp console.log-in-loop-content-process-array opt e10s fission stylo webrender-sw,4768818,77,ms,firefox,445238092.0,1835453971,2024-01-30 18:56:21,121.7757702857507,a3dd43748dcdec6a27a5c140bfd611d463cd9acf,1368858,,,,,,,,,,,,,,,,,,,,,,,,,,,,,,,,,,,,,,,,,,,,,,,,,,TN,,,,,,,,,,
autoland,4769055,12,f76b60813665636d86169b6507d2f60fe004600c,windows10-64-shippable-qr,True,False,,,102210fe594ee9b33d82058545b1ed14f4c8206e,console.log-in-loop-content-process-array,damp,True,damp console.log-in-loop-content-process-array opt e10s fission stylo webrender-sw,4768818,77,ms,firefox,445249450.0,1835514582,2024-01-30 20:08:25,121.3988461562094,06b0ce1a9748e18deb48466efed01c1f5a8ff984,1368918,,,,,,,,,,,,,,,,,,,,,,,,,,,,,,,,,,,,,,,,,,,,,,,,,,TN,,,,,,,,,,
autoland,4769055,12,f76b60813665636d86169b6507d2f60fe004600c,windows10-64-shippable-qr,True,False,,,102210fe594ee9b33d82058545b1ed14f4c8206e,console.log-in-loop-content-process-array,damp,True,damp console.log-in-loop-content-process-array opt e10s fission stylo webrender-sw,4768818,77,ms,firefox,445276055.0,1835656641,2024-01-31 00:31:01,121.6265617272038,e35109546c3cb0f5957a604c27f5f1dd2b7f81c0,1369086,,,,,,,,,,,,,,,,,,,,,,,,,,,,,,,,,,,,,,,,,,,,,,,,,,TN,,,,,,,,,,
autoland,4769055,12,f76b60813665636d86169b6507d2f60fe004600c,windows10-64-shippable-qr,True,False,,,102210fe594ee9b33d82058545b1ed14f4c8206e,console.log-in-loop-content-process-array,damp,True,damp console.log-in-loop-content-process-array opt e10s fission stylo webrender-sw,4768818,77,ms,firefox,445278453.0,1835677376,2024-01-31 00:32:30,121.3011833687342,2cac2f68bfdcfc9012c537044bc475f076bda7b0,1369088,,,,,,,,,,,,,,,,,,,,,,,,,,,,,,,,,,,,,,,,,,,,,,,,,,TN,,,,,,,,,,
autoland,4769055,12,f76b60813665636d86169b6507d2f60fe004600c,windows10-64-shippable-qr,True,False,,,102210fe594ee9b33d82058545b1ed14f4c8206e,console.log-in-loop-content-process-array,damp,True,damp console.log-in-loop-content-process-array opt e10s fission stylo webrender-sw,4768818,77,ms,firefox,445294837.0,1835835772,2024-01-31 05:59:52,121.76245388587267,5f6f60ae2125dc46d98b4b9276bce2d562d1f1bf,1369182,,,,,,,,,,,,,,,,,,,,,,,,,,,,,,,,,,,,,,,,,,,,,,,,,,TN,,,,,,,,,,
autoland,4769055,12,f76b60813665636d86169b6507d2f60fe004600c,windows10-64-shippable-qr,True,False,,,102210fe594ee9b33d82058545b1ed14f4c8206e,console.log-in-loop-content-process-array,damp,True,damp console.log-in-loop-content-process-array opt e10s fission stylo webrender-sw,4768818,77,ms,firefox,445324030.0,1835963445,2024-01-31 10:01:40,122.62410788312444,201f8fe705d53181047778d1c0722017bab79e95,1369265,,,,,,,,,,,,,,,,,,,,,,,,,,,,,,,,,,,,,,,,,,,,,,,,,,TN,,,,,,,,,,
autoland,4769055,12,f76b60813665636d86169b6507d2f60fe004600c,windows10-64-shippable-qr,True,False,,,102210fe594ee9b33d82058545b1ed14f4c8206e,console.log-in-loop-content-process-array,damp,True,damp console.log-in-loop-content-process-array opt e10s fission stylo webrender-sw,4768818,77,ms,firefox,445348292.0,1836033454,2024-01-31 13:01:30,122.6292278805031,5e52e144df4112277cfdda903747f83f1f147385,1369309,,,,,,,,,,,,,,,,,,,,,,,,,,,,,,,,,,,,,,,,,,,,,,,,,,TN,,,,,,,,,,
autoland,4769055,12,f76b60813665636d86169b6507d2f60fe004600c,windows10-64-shippable-qr,True,False,,,102210fe594ee9b33d82058545b1ed14f4c8206e,console.log-in-loop-content-process-array,damp,True,damp console.log-in-loop-content-process-array opt e10s fission stylo webrender-sw,4768818,77,ms,firefox,445392409.0,1836184845,2024-01-31 17:27:18,121.10815933579217,a0bd6c4162065e8caa2b60ce8082f77d53221fb7,1369495,,,,,,,,,,,,,,,,,,,,,,,,,,,,,,,,,,,,,,,,,,,,,,,,,,TN,,,,,,,,,,
autoland,4769055,12,f76b60813665636d86169b6507d2f60fe004600c,windows10-64-shippable-qr,True,False,,,102210fe594ee9b33d82058545b1ed14f4c8206e,console.log-in-loop-content-process-array,damp,True,damp console.log-in-loop-content-process-array opt e10s fission stylo webrender-sw,4768818,77,ms,firefox,445398609.0,1836252916,2024-01-31 18:39:44,120.04319915404083,6bfab7427c326136417b187f0df7a7c63528daa3,1369546,,,,,,,,,,,,,,,,,,,,,,,,,,,,,,,,,,,,,,,,,,,,,,,,,,TN,,,,,,,,,,
autoland,4769055,12,f76b60813665636d86169b6507d2f60fe004600c,windows10-64-shippable-qr,True,False,,,102210fe594ee9b33d82058545b1ed14f4c8206e,console.log-in-loop-content-process-array,damp,True,damp console.log-in-loop-content-process-array opt e10s fission stylo webrender-sw,4768818,77,ms,firefox,445430958.0,1836370129,2024-01-31 21:40:54,119.9359864449907,2ee5ce9b3c67b7e972b0dff7348ea32cb570880e,1369676,,,,,,,,,,,,,,,,,,,,,,,,,,,,,,,,,,,,,,,,,,,,,,,,,,TN,,,,,,,,,,
autoland,4769055,12,f76b60813665636d86169b6507d2f60fe004600c,windows10-64-shippable-qr,True,False,,,102210fe594ee9b33d82058545b1ed14f4c8206e,console.log-in-loop-content-process-array,damp,True,damp console.log-in-loop-content-process-array opt e10s fission stylo webrender-sw,4768818,77,ms,firefox,445445250.0,1836437592,2024-02-01 02:14:37,120.91137505320512,6db2a1e04f4120175d3aad9831795823a4269aab,1369822,,,,,,,,,,,,,,,,,,,,,,,,,,,,,,,,,,,,,,,,,,,,,,,,,,TN,,,,,,,,,,
autoland,4769055,12,f76b60813665636d86169b6507d2f60fe004600c,windows10-64-shippable-qr,True,False,,,102210fe594ee9b33d82058545b1ed14f4c8206e,console.log-in-loop-content-process-array,damp,True,damp console.log-in-loop-content-process-array opt e10s fission stylo webrender-sw,4768818,77,ms,firefox,445462891.0,1836585608,2024-02-01 06:47:17,120.50916649884492,959c3318d5c3f3881746455c2c584be49bb179b6,1369862,,,,,,,,,,,,,,,,,,,,,,,,,,,,,,,,,,,,,,,,,,,,,,,,,,TN,,,,,,,,,,
autoland,4769055,12,f76b60813665636d86169b6507d2f60fe004600c,windows10-64-shippable-qr,True,False,,,102210fe594ee9b33d82058545b1ed14f4c8206e,console.log-in-loop-content-process-array,damp,True,damp console.log-in-loop-content-process-array opt e10s fission stylo webrender-sw,4768818,77,ms,firefox,445502421.0,1836703665,2024-02-01 11:14:36,120.62278922931,a6957fa936149dccf133bd99e165c5879c2cb4d5,1370007,,,,,,,,,,,,,,,,,,,,,,,,,,,,,,,,,,,,,,,,,,,,,,,,,,TN,,,,,,,,,,
autoland,4769055,12,f76b60813665636d86169b6507d2f60fe004600c,windows10-64-shippable-qr,True,False,,,102210fe594ee9b33d82058545b1ed14f4c8206e,console.log-in-loop-content-process-array,damp,True,damp console.log-in-loop-content-process-array opt e10s fission stylo webrender-sw,4768818,77,ms,firefox,445526603.0,1836777327,2024-02-01 13:09:51,119.96895914136805,93a67689b8581caaa6d429ea7105abf0dc55e98f,1370065,,,,,,,,,,,,,,,,,,,,,,,,,,,,,,,,,,,,,,,,,,,,,,,,,,TN,,,,,,,,,,
autoland,4769055,12,f76b60813665636d86169b6507d2f60fe004600c,windows10-64-shippable-qr,True,False,,,102210fe594ee9b33d82058545b1ed14f4c8206e,console.log-in-loop-content-process-array,damp,True,damp console.log-in-loop-content-process-array opt e10s fission stylo webrender-sw,4768818,77,ms,firefox,445570197.0,1837055897,2024-02-01 17:13:14,120.2081517867582,f84c76f9460d8a2a4048954be483e24638c0f39c,1370273,,,,,,,,,,,,,,,,,,,,,,,,,,,,,,,,,,,,,,,,,,,,,,,,,,TN,,,,,,,,,,
autoland,4769055,12,f76b60813665636d86169b6507d2f60fe004600c,windows10-64-shippable-qr,True,False,,,102210fe594ee9b33d82058545b1ed14f4c8206e,console.log-in-loop-content-process-array,damp,True,damp console.log-in-loop-content-process-array opt e10s fission stylo webrender-sw,4768818,77,ms,firefox,445577425.0,1837070054,2024-02-01 18:09:58,120.45641813685144,854c462a083b4271435625134f95ce342e243ccb,1370333,,,,,,,,,,,,,,,,,,,,,,,,,,,,,,,,,,,,,,,,,,,,,,,,,,TN,,,,,,,,,,
autoland,4769055,12,f76b60813665636d86169b6507d2f60fe004600c,windows10-64-shippable-qr,True,False,,,102210fe594ee9b33d82058545b1ed14f4c8206e,console.log-in-loop-content-process-array,damp,True,damp console.log-in-loop-content-process-array opt e10s fission stylo webrender-sw,4768818,77,ms,firefox,445612960.0,1837154543,2024-02-01 22:12:05,117.8326034495094,144c524a091e2ed65d62b4911026d3400cea02fa,1370552,,,,,,,,,,,,,,,,,,,,,,,,,,,,,,,,,,,,,,,,,,,,,,,,,,TN,,,,,,,,,,
autoland,4769055,12,f76b60813665636d86169b6507d2f60fe004600c,windows10-64-shippable-qr,True,False,,,102210fe594ee9b33d82058545b1ed14f4c8206e,console.log-in-loop-content-process-array,damp,True,damp console.log-in-loop-content-process-array opt e10s fission stylo webrender-sw,4768818,77,ms,firefox,445616085.0,1837176858,2024-02-01 22:19:46,120.02784594006698,085a323ab16cb288d40fca29f6bb35d5d7e85753,1370561,,,,,,,,,,,,,,,,,,,,,,,,,,,,,,,,,,,,,,,,,,,,,,,,,,TN,,,,,,,,,,
autoland,4769055,12,f76b60813665636d86169b6507d2f60fe004600c,windows10-64-shippable-qr,True,False,,,102210fe594ee9b33d82058545b1ed14f4c8206e,console.log-in-loop-content-process-array,damp,True,damp console.log-in-loop-content-process-array opt e10s fission stylo webrender-sw,4768818,77,ms,firefox,445629440.0,1837253034,2024-02-02 02:49:20,120.50566476703352,dd4c0135beb5076b1a073f8d52507b724781d423,1370659,,,,,,,,,,,,,,,,,,,,,,,,,,,,,,,,,,,,,,,,,,,,,,,,,,TN,,,,,,,,,,
autoland,4769055,12,f76b60813665636d86169b6507d2f60fe004600c,windows10-64-shippable-qr,True,False,,,102210fe594ee9b33d82058545b1ed14f4c8206e,console.log-in-loop-content-process-array,damp,True,damp console.log-in-loop-content-process-array opt e10s fission stylo webrender-sw,4768818,77,ms,firefox,445703961.0,1837546229,2024-02-02 13:54:17,120.2128008170148,90d84a362f057a96158ef63f7aa96d639916e390,1370837,,,,,,,,,,,,,,,,,,,,,,,,,,,,,,,,,,,,,,,,,,,,,,,,,,TN,,,,,,,,,,
autoland,4769055,12,f76b60813665636d86169b6507d2f60fe004600c,windows10-64-shippable-qr,True,False,,,102210fe594ee9b33d82058545b1ed14f4c8206e,console.log-in-loop-content-process-array,damp,True,damp console.log-in-loop-content-process-array opt e10s fission stylo webrender-sw,4768818,77,ms,firefox,445720626.0,1837629863,2024-02-02 14:44:09,120.45991990945186,2d3365b1475ea6b0234b76a4ccfefc8c11e491a0,1370872,,,,,,,,,,,,,,,,,,,,,,,,,,,,,,,,,,,,,,,,,,,,,,,,,,TN,,,,,,,,,,
autoland,4769055,12,f76b60813665636d86169b6507d2f60fe004600c,windows10-64-shippable-qr,True,False,,,102210fe594ee9b33d82058545b1ed14f4c8206e,console.log-in-loop-content-process-array,damp,True,damp console.log-in-loop-content-process-array opt e10s fission stylo webrender-sw,4768818,77,ms,firefox,445765827.0,1837861899,2024-02-02 19:53:24,121.1807288299533,67f13af428e383eb2f3472448564da31a6cd3eae,1371106,,,,,,,,,,,,,,,,,,,,,,,,,,,,,,,,,,,,,,,,,,,,,,,,,,TN,,,,,,,,,,
autoland,4769055,12,f76b60813665636d86169b6507d2f60fe004600c,windows10-64-shippable-qr,True,False,,,102210fe594ee9b33d82058545b1ed14f4c8206e,console.log-in-loop-content-process-array,damp,True,damp console.log-in-loop-content-process-array opt e10s fission stylo webrender-sw,4768818,77,ms,firefox,445774099.0,1837897445,2024-02-02 21:53:09,119.9230838022686,0a89948ba0c00bf10f2fb02375bb347cffbdc1e1,1371183,,,,,,,,,,,,,,,,,,,,,,,,,,,,,,,,,,,,,,,,,,,,,,,,,,TN,,,,,,,,,,
autoland,4769055,12,f76b60813665636d86169b6507d2f60fe004600c,windows10-64-shippable-qr,True,False,,,102210fe594ee9b33d82058545b1ed14f4c8206e,console.log-in-loop-content-process-array,damp,True,damp console.log-in-loop-content-process-array opt e10s fission stylo webrender-sw,4768818,77,ms,firefox,445787029.0,1837966536,2024-02-03 02:32:07,120.0169164828876,b9172a6f32d47b58f805d7cdc242ba32e55cb4a6,1371314,,,,,,,,,,,,,,,,,,,,,,,,,,,,,,,,,,,,,,,,,,,,,,,,,,TN,,,,,,,,,,
autoland,4769055,12,f76b60813665636d86169b6507d2f60fe004600c,windows10-64-shippable-qr,True,False,,,102210fe594ee9b33d82058545b1ed14f4c8206e,console.log-in-loop-content-process-array,damp,True,damp console.log-in-loop-content-process-array opt e10s fission stylo webrender-sw,4768818,77,ms,firefox,445797917.0,1838008816,2024-02-03 06:48:17,120.38342006051607,f8d442e9495d595bd8d4c6cbd272480f9d0dbfb5,1371333,,,,,,,,,,,,,,,,,,,,,,,,,,,,,,,,,,,,,,,,,,,,,,,,,,TN,,,,,,,,,,
autoland,4769055,12,f76b60813665636d86169b6507d2f60fe004600c,windows10-64-shippable-qr,True,False,,,102210fe594ee9b33d82058545b1ed14f4c8206e,console.log-in-loop-content-process-array,damp,True,damp console.log-in-loop-content-process-array opt e10s fission stylo webrender-sw,4768818,77,ms,firefox,445809617.0,1838053671,2024-02-03 09:08:28,122.18450863642649,6c316fd08b2f2ac6443dd8193a52f819df23ce2e,1371368,,,,,,,,,,,,,,,,,,,,,,,,,,,,,,,,,,,,,,,,,,,,,,,,,,TN,,,,,,,,,,
autoland,4769055,12,f76b60813665636d86169b6507d2f60fe004600c,windows10-64-shippable-qr,True,False,,,102210fe594ee9b33d82058545b1ed14f4c8206e,console.log-in-loop-content-process-array,damp,True,damp console.log-in-loop-content-process-array opt e10s fission stylo webrender-sw,4768818,77,ms,firefox,445832028.0,1838145129,2024-02-03 16:51:05,119.7805022241264,234a8e0fb95fc4c3f978bc6c198667481d3115da,1371417,,,,,,,,,,,,,,,,,,,,,,,,,,,,,,,,,,,,,,,,,,,,,,,,,,TN,,,,,,,,,,
autoland,4769055,12,f76b60813665636d86169b6507d2f60fe004600c,windows10-64-shippable-qr,True,False,,,102210fe594ee9b33d82058545b1ed14f4c8206e,console.log-in-loop-content-process-array,damp,True,damp console.log-in-loop-content-process-array opt e10s fission stylo webrender-sw,4768818,77,ms,firefox,445850439.0,1838251078,2024-02-04 01:32:05,120.00278528523086,7a5ad9c8b72b8e9fbc0f63d91a955bff54216958,1371481,,,,,,,,,,,,,,,,,,,,,,,,,,,,,,,,,,,,,,,,,,,,,,,,,,TN,,,,,,,,,,
autoland,4769055,12,f76b60813665636d86169b6507d2f60fe004600c,windows10-64-shippable-qr,True,False,,,102210fe594ee9b33d82058545b1ed14f4c8206e,console.log-in-loop-content-process-array,damp,True,damp console.log-in-loop-content-process-array opt e10s fission stylo webrender-sw,4768818,77,ms,firefox,445878855.0,1838420495,2024-02-04 11:04:08,119.91741779923905,eb281b3fd4660b5e7e7d1e77f7ebe3182c28569d,1371513,,,,,,,,,,,,,,,,,,,,,,,,,,,,,,,,,,,,,,,,,,,,,,,,,,TN,,,,,,,,,,
autoland,4769055,12,f76b60813665636d86169b6507d2f60fe004600c,windows10-64-shippable-qr,True,False,,,102210fe594ee9b33d82058545b1ed14f4c8206e,console.log-in-loop-content-process-array,damp,True,damp console.log-in-loop-content-process-array opt e10s fission stylo webrender-sw,4768818,77,ms,firefox,445890216.0,1838581730,2024-02-04 18:26:12,121.6474706718236,6cb794603d85d30882e94931d5c7cba2c609e8dd,1371541,,,,,,,,,,,,,,,,,,,,,,,,,,,,,,,,,,,,,,,,,,,,,,,,,,TN,,,,,,,,,,
autoland,4769055,12,f76b60813665636d86169b6507d2f60fe004600c,windows10-64-shippable-qr,True,False,,,102210fe594ee9b33d82058545b1ed14f4c8206e,console.log-in-loop-content-process-array,damp,True,damp console.log-in-loop-content-process-array opt e10s fission stylo webrender-sw,4768818,77,ms,firefox,445907986.0,1838657426,2024-02-05 01:14:58,119.84739651102244,778e884de4e5ecb46e2d212a6f5f4a13e465a3a4,1371575,,,,,,,,,,,,,,,,,,,,,,,,,,,,,,,,,,,,,,,,,,,,,,,,,,TN,,,,,,,,,,
autoland,4769055,12,f76b60813665636d86169b6507d2f60fe004600c,windows10-64-shippable-qr,True,False,,,102210fe594ee9b33d82058545b1ed14f4c8206e,console.log-in-loop-content-process-array,damp,True,damp console.log-in-loop-content-process-array opt e10s fission stylo webrender-sw,4768818,77,ms,firefox,445915008.0,1838699801,2024-02-05 06:38:18,119.49578948482667,9ca12d444230411e2168420a584a7f95e90c1f97,1371605,,,,,,,,,,,,,,,,,,,,,,,,,,,,,,,,,,,,,,,,,,,,,,,,,,TN,,,,,,,,,,
autoland,4769055,12,f76b60813665636d86169b6507d2f60fe004600c,windows10-64-shippable-qr,True,False,,,102210fe594ee9b33d82058545b1ed14f4c8206e,console.log-in-loop-content-process-array,damp,True,damp console.log-in-loop-content-process-array opt e10s fission stylo webrender-sw,4768818,77,ms,firefox,445953757.0,1838831669,2024-02-05 11:13:48,120.13402819828298,e026ce62cd3a8700c3c5fb7495521391420d3ef6,1371747,,,,,,,,,,,,,,,,,,,,,,,,,,,,,,,,,,,,,,,,,,,,,,,,,,TN,,,,,,,,,,
autoland,4769055,12,f76b60813665636d86169b6507d2f60fe004600c,windows10-64-shippable-qr,True,False,,,102210fe594ee9b33d82058545b1ed14f4c8206e,console.log-in-loop-content-process-array,damp,True,damp console.log-in-loop-content-process-array opt e10s fission stylo webrender-sw,4768818,77,ms,firefox,445996482.0,1838959040,2024-02-05 15:06:21,120.26079919117365,d67e058935bae8bfad9fb5868b225926a25cb64a,1371897,,,,,,,,,,,,,,,,,,,,,,,,,,,,,,,,,,,,,,,,,,,,,,,,,,TN,,,,,,,,,,
autoland,4769055,12,f76b60813665636d86169b6507d2f60fe004600c,windows10-64-shippable-qr,True,False,,,102210fe594ee9b33d82058545b1ed14f4c8206e,console.log-in-loop-content-process-array,damp,True,damp console.log-in-loop-content-process-array opt e10s fission stylo webrender-sw,4768818,77,ms,firefox,446024945.0,1839053080,2024-02-05 18:46:19,119.38757921073376,9559ddacce7e802c8bda80f0f58d6cfd6cdd2948,1372136,,,,,,,,,,,,,,,,,,,,,,,,,,,,,,,,,,,,,,,,,,,,,,,,,,TN,,,,,,,,,,
autoland,4769055,12,f76b60813665636d86169b6507d2f60fe004600c,windows10-64-shippable-qr,True,False,,,102210fe594ee9b33d82058545b1ed14f4c8206e,console.log-in-loop-content-process-array,damp,True,damp console.log-in-loop-content-process-array opt e10s fission stylo webrender-sw,4768818,77,ms,firefox,446061512.0,1839196806,2024-02-05 23:26:30,119.98053037657336,9f16b642b137c1390a012556c58e9f957a816ef6,1372325,,,,,,,,,,,,,,,,,,,,,,,,,,,,,,,,,,,,,,,,,,,,,,,,,,TN,,,,,,,,,,
autoland,4769055,12,f76b60813665636d86169b6507d2f60fe004600c,windows10-64-shippable-qr,True,False,,,102210fe594ee9b33d82058545b1ed14f4c8206e,console.log-in-loop-content-process-array,damp,True,damp console.log-in-loop-content-process-array opt e10s fission stylo webrender-sw,4768818,77,ms,firefox,446073979.0,1839267210,2024-02-06 03:53:00,120.36374596287352,1995789cfffa08b612d3571d2e8596837f772a49,1372390,,,,,,,,,,,,,,,,,,,,,,,,,,,,,,,,,,,,,,,,,,,,,,,,,,TN,,,,,,,,,,
autoland,4769055,12,f76b60813665636d86169b6507d2f60fe004600c,windows10-64-shippable-qr,True,False,,,102210fe594ee9b33d82058545b1ed14f4c8206e,console.log-in-loop-content-process-array,damp,True,damp console.log-in-loop-content-process-array opt e10s fission stylo webrender-sw,4768818,77,ms,firefox,446094895.0,1839466651,2024-02-06 07:31:17,120.42673456918784,df0b9539f5604a9aefc6916ce6ecf2e52670b78b,1372455,,,,,,,,,,,,,,,,,,,,,,,,,,,,,,,,,,,,,,,,,,,,,,,,,,TN,,,,,,,,,,
autoland,4769055,12,f76b60813665636d86169b6507d2f60fe004600c,windows10-64-shippable-qr,True,False,,,102210fe594ee9b33d82058545b1ed14f4c8206e,console.log-in-loop-content-process-array,damp,True,damp console.log-in-loop-content-process-array opt e10s fission stylo webrender-sw,4768818,77,ms,firefox,446478009.0,1841092505,2024-02-06 08:29:40,120.400022118396,8fd054c98f9fdb377165fdc91c59a77df2e64c00,1372468,,,,,,,,,,,,,,,,,,,,,,,,,,,,,,,,,,,,,,,,,,,,,,,,,,TN,,,,,,,,,,
autoland,4769055,12,f76b60813665636d86169b6507d2f60fe004600c,windows10-64-shippable-qr,True,False,,,102210fe594ee9b33d82058545b1ed14f4c8206e,console.log-in-loop-content-process-array,damp,True,damp console.log-in-loop-content-process-array opt e10s fission stylo webrender-sw,4768818,77,ms,firefox,446482041.0,1841116859,2024-02-06 09:50:06,121.07949268370066,968f9e4eede058b7591cb2952757a06bc23859e1,1372504,,,,,,,,,,,,,,,,,,,,,,,,,,,,,,,,,,,,,,,,,,,,,,,,,,TN,,,,,,,,,,
autoland,4769055,12,f76b60813665636d86169b6507d2f60fe004600c,windows10-64-shippable-qr,True,False,,,102210fe594ee9b33d82058545b1ed14f4c8206e,console.log-in-loop-content-process-array,damp,True,damp console.log-in-loop-content-process-array opt e10s fission stylo webrender-sw,4768818,77,ms,firefox,446482066.0,1841118044,2024-02-06 09:59:17,120.43799855957514,05e2d2bc12605238e3e42c206197dc9b81910b8b,1372512,,,,,,,,,,,,,,,,,,,,,,,,,,,,,,,,,,,,,,,,,,,,,,,,,,TN,,,,,,,,,,
autoland,4769055,12,f76b60813665636d86169b6507d2f60fe004600c,windows10-64-shippable-qr,True,False,,,102210fe594ee9b33d82058545b1ed14f4c8206e,console.log-in-loop-content-process-array,damp,True,damp console.log-in-loop-content-process-array opt e10s fission stylo webrender-sw,4768818,77,ms,firefox,446487554.0,1841138057,2024-02-06 09:59:58,120.28917092138909,bcb83c379af9c0d55a622d6f557b96a5bb804cf4,1372513,,,,,,,,,,,,,,,,,,,,,,,,,,,,,,,,,,,,,,,,,,,,,,,,,,TN,,,,,,,,,,
autoland,4769055,12,f76b60813665636d86169b6507d2f60fe004600c,windows10-64-shippable-qr,True,False,,,102210fe594ee9b33d82058545b1ed14f4c8206e,console.log-in-loop-content-process-array,damp,True,damp console.log-in-loop-content-process-array opt e10s fission stylo webrender-sw,4768818,77,ms,firefox,446483827.0,1841127452,2024-02-06 10:00:38,123.14553884845373,ddcc854c30889f464dc4b7440a2dd07592e06a4f,1372514,,,,,,,,,,,,,,,,,,,,,,,,,,,,,,,,,,,,,,,,,,,,,,,,,,TN,,,,,,,,,,
autoland,4769055,12,f76b60813665636d86169b6507d2f60fe004600c,windows10-64-shippable-qr,True,False,,,102210fe594ee9b33d82058545b1ed14f4c8206e,console.log-in-loop-content-process-array,damp,True,damp console.log-in-loop-content-process-array opt e10s fission stylo webrender-sw,4768818,77,ms,firefox,446483441.0,1841125803,2024-02-06 10:01:20,122.04149787759523,840505abaf560d5be5932e423da8732039b61ab3,1372515,,,,,,,,,,,,,,,,,,,,,,,,,,,,,,,,,,,,,,,,,,,,,,,,,,TN,,,,,,,,,,
autoland,4769055,12,f76b60813665636d86169b6507d2f60fe004600c,windows10-64-shippable-qr,True,False,,,102210fe594ee9b33d82058545b1ed14f4c8206e,console.log-in-loop-content-process-array,damp,True,damp console.log-in-loop-content-process-array opt e10s fission stylo webrender-sw,4768818,77,ms,firefox,446483101.0,1841124635,2024-02-06 10:02:11,120.14521682855047,5985445bd5c1409a7627bc8c7ec9800ea65e6bf5,1372517,,,,,,,,,,,,,,,,,,,,,,,,,,,,,,,,,,,,,,,,,,,,,,,,,,TN,,,,,,,,,,
autoland,4769055,12,f76b60813665636d86169b6507d2f60fe004600c,windows10-64-shippable-qr,True,False,,,102210fe594ee9b33d82058545b1ed14f4c8206e,console.log-in-loop-content-process-array,damp,True,damp console.log-in-loop-content-process-array opt e10s fission stylo webrender-sw,4768818,77,ms,firefox,446483081.0,1841124767,2024-02-06 10:02:51,119.715177764725,2a94e8bad21e0a4ed58c262af9e8aebad4735f7e,1372519,,,,,,,,,,,,,,,,,,,,,,,,,,,,,,,,,,,,,,,,,,,,,,,,,,TN,,,,,,,,,,
autoland,4769055,12,f76b60813665636d86169b6507d2f60fe004600c,windows10-64-shippable-qr,True,False,,,102210fe594ee9b33d82058545b1ed14f4c8206e,console.log-in-loop-content-process-array,damp,True,damp console.log-in-loop-content-process-array opt e10s fission stylo webrender-sw,4768818,77,ms,firefox,446492274.0,1841150664,2024-02-06 11:24:42,120.11867483409333,72cb17d0ae8b549c423e81d242cd734bf59102e1,1372567,,,,,,,,,,,,,,,,,,,,,,,,,,,,,,,,,,,,,,,,,,,,,,,,,,TN,,,,,,,,,,
autoland,4769055,12,f76b60813665636d86169b6507d2f60fe004600c,windows10-64-shippable-qr,True,False,,,102210fe594ee9b33d82058545b1ed14f4c8206e,console.log-in-loop-content-process-array,damp,True,damp console.log-in-loop-content-process-array opt e10s fission stylo webrender-sw,4768818,77,ms,firefox,446146721.0,1839644431,2024-02-06 11:44:40,120.2554609985218,c48ca61bc9255db0107d377c103a752265b60eb8,1372588,,,,,,,,,,,,,,,,,,,,,,,,,,,,,,,,,,,,,,,,,,,,,,,,,,TN,,,,,,,,,,
autoland,4769055,12,f76b60813665636d86169b6507d2f60fe004600c,windows10-64-shippable-qr,True,False,,,102210fe594ee9b33d82058545b1ed14f4c8206e,console.log-in-loop-content-process-array,damp,True,damp console.log-in-loop-content-process-array opt e10s fission stylo webrender-sw,4768818,77,ms,firefox,446496562.0,1841159657,2024-02-06 14:40:33,122.60946914411034,aa11ea1d19a3fb9fccc3dd7cb02188d6109ec009,1372699,,,,,,,,,,,,,,,,,,,,,,,,,,,,,,,,,,,,,,,,,,,,,,,,,,TN,,,,,,,,,,
autoland,4769055,12,f76b60813665636d86169b6507d2f60fe004600c,windows10-64-shippable-qr,True,False,,,102210fe594ee9b33d82058545b1ed14f4c8206e,console.log-in-loop-content-process-array,damp,True,damp console.log-in-loop-content-process-array opt e10s fission stylo webrender-sw,4768818,77,ms,firefox,446490438.0,1841145168,2024-02-06 15:01:04,121.56383472204834,19f8c667d6af426c851b0de3f6c17a4b03f78b47,1372707,,,,,,,,,,,,,,,,,,,,,,,,,,,,,,,,,,,,,,,,,,,,,,,,,,TN,,,,,,,,,,
autoland,4769055,12,f76b60813665636d86169b6507d2f60fe004600c,windows10-64-shippable-qr,True,False,,,102210fe594ee9b33d82058545b1ed14f4c8206e,console.log-in-loop-content-process-array,damp,True,damp console.log-in-loop-content-process-array opt e10s fission stylo webrender-sw,4768818,77,ms,firefox,446479304.0,1841098005,2024-02-06 15:25:27,120.72749602091426,9e9263ad5cf7d929f846d417860f179aa942282a,1372729,,,,,,,,,,,,,,,,,,,,,,,,,,,,,,,,,,,,,,,,,,,,,,,,,,TN,,,,,,,,,,
autoland,4769055,12,f76b60813665636d86169b6507d2f60fe004600c,windows10-64-shippable-qr,True,False,,,102210fe594ee9b33d82058545b1ed14f4c8206e,console.log-in-loop-content-process-array,damp,True,damp console.log-in-loop-content-process-array opt e10s fission stylo webrender-sw,4768818,77,ms,firefox,446482202.0,1841120543,2024-02-06 15:31:58,120.1353658116168,1576ed47882fcd06882e563bfcc284ba54e9957b,1372736,,,,,,,,,,,,,,,,,,,,,,,,,,,,,,,,,,,,,,,,,,,,,,,,,,TN,,,,,,,,,,
autoland,4769055,12,f76b60813665636d86169b6507d2f60fe004600c,windows10-64-shippable-qr,True,False,,,102210fe594ee9b33d82058545b1ed14f4c8206e,console.log-in-loop-content-process-array,damp,True,damp console.log-in-loop-content-process-array opt e10s fission stylo webrender-sw,4768818,77,ms,firefox,446481992.0,1841116502,2024-02-06 15:50:51,121.8584976084494,39cf6862a84a2d1496f76ef8a7eb2cd56145f6bf,1372751,,,,,,,,,,,,,,,,,,,,,,,,,,,,,,,,,,,,,,,,,,,,,,,,,,TN,,,,,,,,,,
autoland,4769055,12,f76b60813665636d86169b6507d2f60fe004600c,windows10-64-shippable-qr,True,False,,,102210fe594ee9b33d82058545b1ed14f4c8206e,console.log-in-loop-content-process-array,damp,True,damp console.log-in-loop-content-process-array opt e10s fission stylo webrender-sw,4768818,77,ms,firefox,446482103.0,1841119111,2024-02-06 15:51:34,119.64149790592091,b34477dd4ac226292a2d9b351379c08908b014f8,1372752,,,,,,,,,,,,,,,,,,,,,,,,,,,,,,,,,,,,,,,,,,,,,,,,,,TN,,,,,,,,,,
autoland,4769055,12,f76b60813665636d86169b6507d2f60fe004600c,windows10-64-shippable-qr,True,False,,,102210fe594ee9b33d82058545b1ed14f4c8206e,console.log-in-loop-content-process-array,damp,True,damp console.log-in-loop-content-process-array opt e10s fission stylo webrender-sw,4768818,77,ms,firefox,446482049.0,1841117420,2024-02-06 15:52:19,121.47603380427245,99f809a0ff1e72cac0045c5359cec307a2a57f86,1372753,,,,,,,,,,,,,,,,,,,,,,,,,,,,,,,,,,,,,,,,,,,,,,,,,,TN,,,,,,,,,,
autoland,4769055,12,f76b60813665636d86169b6507d2f60fe004600c,windows10-64-shippable-qr,True,False,,,102210fe594ee9b33d82058545b1ed14f4c8206e,console.log-in-loop-content-process-array,damp,True,damp console.log-in-loop-content-process-array opt e10s fission stylo webrender-sw,4768818,77,ms,firefox,446484047.0,1841128477,2024-02-06 16:00:06,119.68432794504224,b3966d5a4d297e1219d7915ab4fcb587341d9a4b,1372766,,,,,,,,,,,,,,,,,,,,,,,,,,,,,,,,,,,,,,,,,,,,,,,,,,TN,,,,,,,,,,
autoland,4769055,12,f76b60813665636d86169b6507d2f60fe004600c,windows10-64-shippable-qr,True,False,,,102210fe594ee9b33d82058545b1ed14f4c8206e,console.log-in-loop-content-process-array,damp,True,damp console.log-in-loop-content-process-array opt e10s fission stylo webrender-sw,4768818,77,ms,firefox,446485783.0,1841133120,2024-02-06 16:07:48,122.188733601055,f83467c829171fbff2a01d2876609c50368d3bce,1372772,,,,,,,,,,,,,,,,,,,,,,,,,,,,,,,,,,,,,,,,,,,,,,,,,,TN,,,,,,,,,,
autoland,4769055,12,f76b60813665636d86169b6507d2f60fe004600c,windows10-64-shippable-qr,True,False,,,102210fe594ee9b33d82058545b1ed14f4c8206e,console.log-in-loop-content-process-array,damp,True,damp console.log-in-loop-content-process-array opt e10s fission stylo webrender-sw,4768818,77,ms,firefox,446207953.0,1839873456,2024-02-06 17:15:13,120.20542112149089,79b38383448166074627506218757a9881ca5679,1372809,,,,,,,,,,,,,,,,,,,,,,,,,,,,,,,,,,,,,,,,,,,,,,,,,,TN,,,,,,,,,,
autoland,4769055,12,f76b60813665636d86169b6507d2f60fe004600c,windows10-64-shippable-qr,True,False,,,102210fe594ee9b33d82058545b1ed14f4c8206e,console.log-in-loop-content-process-array,damp,True,damp console.log-in-loop-content-process-array opt e10s fission stylo webrender-sw,4768818,77,ms,firefox,446488688.0,1841140983,2024-02-06 17:22:41,120.3818429688381,3eeec53ca76ba462136f560918972845c66cb62d,1372814,,,,,,,,,,,,,,,,,,,,,,,,,,,,,,,,,,,,,,,,,,,,,,,,,,TN,,,,,,,,,,
autoland,4769055,12,f76b60813665636d86169b6507d2f60fe004600c,windows10-64-shippable-qr,True,False,,,102210fe594ee9b33d82058545b1ed14f4c8206e,console.log-in-loop-content-process-array,damp,True,damp console.log-in-loop-content-process-array opt e10s fission stylo webrender-sw,4768818,77,ms,firefox,446481880.0,1841114411,2024-02-06 17:23:23,121.79922599108068,8a4086f451421a27505589048bdf2e6969b4a22f,1372816,,,,,,,,,,,,,,,,,,,,,,,,,,,,,,,,,,,,,,,,,,,,,,,,,,TN,,,,,,,,,,
autoland,4769055,12,f76b60813665636d86169b6507d2f60fe004600c,windows10-64-shippable-qr,True,False,,,102210fe594ee9b33d82058545b1ed14f4c8206e,console.log-in-loop-content-process-array,damp,True,damp console.log-in-loop-content-process-array opt e10s fission stylo webrender-sw,4768818,77,ms,firefox,446215417.0,1839911580,2024-02-06 17:24:04,120.28205041558977,1f93ea2744765ca11b90874574cc12168d3828a5,1372818,,,,,,,,,,,,,,,,,,,,,,,,,,,,,,,,,,,,,,,,,,,,,,,,,,TN,,,,,,,,,,
autoland,4769055,12,f76b60813665636d86169b6507d2f60fe004600c,windows10-64-shippable-qr,True,False,,,102210fe594ee9b33d82058545b1ed14f4c8206e,console.log-in-loop-content-process-array,damp,True,damp console.log-in-loop-content-process-array opt e10s fission stylo webrender-sw,4768818,77,ms,firefox,446483801.0,1841126665,2024-02-06 18:29:13,121.00098065083148,8cde56dd1f75bd509818eebf3a91eb9d63c35a5e,1372876,,,,,,,,,,,,,,,,,,,,,,,,,,,,,,,,,,,,,,,,,,,,,,,,,,TN,,,,,,,,,,
autoland,4769055,12,f76b60813665636d86169b6507d2f60fe004600c,windows10-64-shippable-qr,True,False,,,102210fe594ee9b33d82058545b1ed14f4c8206e,console.log-in-loop-content-process-array,damp,True,damp console.log-in-loop-content-process-array opt e10s fission stylo webrender-sw,4768818,77,ms,firefox,446481988.0,1841115817,2024-02-06 18:52:01,120.3450136721367,e5a56fbdac9d732c07ba22639ed68df28948ca2d,1372899,,,,,,,,,,,,,,,,,,,,,,,,,,,,,,,,,,,,,,,,,,,,,,,,,,TN,,,,,,,,,,
autoland,4769055,12,f76b60813665636d86169b6507d2f60fe004600c,windows10-64-shippable-qr,True,False,,,102210fe594ee9b33d82058545b1ed14f4c8206e,console.log-in-loop-content-process-array,damp,True,damp console.log-in-loop-content-process-array opt e10s fission stylo webrender-sw,4768818,77,ms,firefox,446482413.0,1841123305,2024-02-06 18:54:16,119.66827799058046,f436bbd967a008d07b58049d2b751609e6605ab4,1372902,,,,,,,,,,,,,,,,,,,,,,,,,,,,,,,,,,,,,,,,,,,,,,,,,,TN,,,,,,,,,,
autoland,4769055,12,f76b60813665636d86169b6507d2f60fe004600c,windows10-64-shippable-qr,True,False,,,102210fe594ee9b33d82058545b1ed14f4c8206e,console.log-in-loop-content-process-array,damp,True,damp console.log-in-loop-content-process-array opt e10s fission stylo webrender-sw,4768818,77,ms,firefox,446478011.0,1841093069,2024-02-06 18:54:58,120.3165186700935,7b42121a4f48dfc82d82b04a831204e7b9fa7cdb,1372905,,,,,,,,,,,,,,,,,,,,,,,,,,,,,,,,,,,,,,,,,,,,,,,,,,TN,,,,,,,,,,
autoland,4769055,12,f76b60813665636d86169b6507d2f60fe004600c,windows10-64-shippable-qr,True,False,,,102210fe594ee9b33d82058545b1ed14f4c8206e,console.log-in-loop-content-process-array,damp,True,damp console.log-in-loop-content-process-array opt e10s fission stylo webrender-sw,4768818,77,ms,firefox,446478012.0,1841093014,2024-02-06 18:55:39,120.2871704129684,e3c76a18de2b4456900f94551dae44407d64eaa3,1372906,,,,,,,,,,,,,,,,,,,,,,,,,,,,,,,,,,,,,,,,,,,,,,,,,,TN,,,,,,,,,,
autoland,4769055,12,f76b60813665636d86169b6507d2f60fe004600c,windows10-64-shippable-qr,True,False,,,102210fe594ee9b33d82058545b1ed14f4c8206e,console.log-in-loop-content-process-array,damp,True,damp console.log-in-loop-content-process-array opt e10s fission stylo webrender-sw,4768818,77,ms,firefox,446482060.0,1841117463,2024-02-06 18:56:20,119.96375724522296,40bac1b10006b24580bad57de6cf5efb2415ad67,1372907,,,,,,,,,,,,,,,,,,,,,,,,,,,,,,,,,,,,,,,,,,,,,,,,,,TN,,,,,,,,,,
autoland,4769055,12,f76b60813665636d86169b6507d2f60fe004600c,windows10-64-shippable-qr,True,False,,,102210fe594ee9b33d82058545b1ed14f4c8206e,console.log-in-loop-content-process-array,damp,True,damp console.log-in-loop-content-process-array opt e10s fission stylo webrender-sw,4768818,77,ms,firefox,446482130.0,1841119372,2024-02-06 18:57:03,120.72100485751434,07c6057bdf293049577ea6eefb05521d4574e4da,1372908,,,,,,,,,,,,,,,,,,,,,,,,,,,,,,,,,,,,,,,,,,,,,,,,,,TN,,,,,,,,,,
autoland,4769055,12,f76b60813665636d86169b6507d2f60fe004600c,windows10-64-shippable-qr,True,False,,,102210fe594ee9b33d82058545b1ed14f4c8206e,console.log-in-loop-content-process-array,damp,True,damp console.log-in-loop-content-process-array opt e10s fission stylo webrender-sw,4768818,77,ms,firefox,446481885.0,1841114250,2024-02-06 19:03:00,119.52295879009398,beb7de3dedccc4c9e76ff909ef644650ecc215a6,1372914,,,,,,,,,,,,,,,,,,,,,,,,,,,,,,,,,,,,,,,,,,,,,,,,,,TN,,,,,,,,,,
autoland,4769055,12,f76b60813665636d86169b6507d2f60fe004600c,windows10-64-shippable-qr,True,False,,,102210fe594ee9b33d82058545b1ed14f4c8206e,console.log-in-loop-content-process-array,damp,True,damp console.log-in-loop-content-process-array opt e10s fission stylo webrender-sw,4768818,77,ms,firefox,446489911.0,1841144109,2024-02-06 20:22:18,120.70760460076237,c77ece737455b3997085f8bde73fcebf26f080bc,1372981,,,,,,,,,,,,,,,,,,,,,,,,,,,,,,,,,,,,,,,,,,,,,,,,,,TN,,,,,,,,,,
autoland,4769055,12,f76b60813665636d86169b6507d2f60fe004600c,windows10-64-shippable-qr,True,False,,,102210fe594ee9b33d82058545b1ed14f4c8206e,console.log-in-loop-content-process-array,damp,True,damp console.log-in-loop-content-process-array opt e10s fission stylo webrender-sw,4768818,77,ms,firefox,446278350.0,1840249993,2024-02-07 04:17:01,119.6753643054999,1d87eb92ed10d04dccab53b631b14010ca09beb6,1373159,,,,,,,,,,,,,,,,,,,,,,,,,,,,,,,,,,,,,,,,,,,,,,,,,,TN,,,,,,,,,,
autoland,4769055,12,f76b60813665636d86169b6507d2f60fe004600c,windows10-64-shippable-qr,True,False,,,102210fe594ee9b33d82058545b1ed14f4c8206e,console.log-in-loop-content-process-array,damp,True,damp console.log-in-loop-content-process-array opt e10s fission stylo webrender-sw,4768818,77,ms,firefox,446280848.0,1840277034,2024-02-07 04:22:59,122.05642114058536,fce00cd55ffb9127f24e7e1d2186178f72429fce,1373168,,,,,,,,,,,,,,,,,,,,,,,,,,,,,,,,,,,,,,,,,,,,,,,,,,TN,,,,,,,,,,
autoland,4769055,12,f76b60813665636d86169b6507d2f60fe004600c,windows10-64-shippable-qr,True,False,,,102210fe594ee9b33d82058545b1ed14f4c8206e,console.log-in-loop-content-process-array,damp,True,damp console.log-in-loop-content-process-array opt e10s fission stylo webrender-sw,4768818,77,ms,firefox,446305795.0,1840399184,2024-02-07 08:54:39,120.27014480722936,df59ba0b3152fb8f6812b413bd2a6869bff469c1,1373246,,,,,,,,,,,,,,,,,,,,,,,,,,,,,,,,,,,,,,,,,,,,,,,,,,TN,,,,,,,,,,
autoland,4769055,12,f76b60813665636d86169b6507d2f60fe004600c,windows10-64-shippable-qr,True,False,,,102210fe594ee9b33d82058545b1ed14f4c8206e,console.log-in-loop-content-process-array,damp,True,damp console.log-in-loop-content-process-array opt e10s fission stylo webrender-sw,4768818,77,ms,firefox,446305342.0,1840391437,2024-02-07 09:01:16,121.32242886180757,ab5b008e36a4742d737a89c8cbfc1a69e2b76456,1373249,,,,,,,,,,,,,,,,,,,,,,,,,,,,,,,,,,,,,,,,,,,,,,,,,,TN,,,,,,,,,,
autoland,4769055,12,f76b60813665636d86169b6507d2f60fe004600c,windows10-64-shippable-qr,True,False,,,102210fe594ee9b33d82058545b1ed14f4c8206e,console.log-in-loop-content-process-array,damp,True,damp console.log-in-loop-content-process-array opt e10s fission stylo webrender-sw,4768818,77,ms,firefox,446357759.0,1840539240,2024-02-07 13:03:40,122.10732553158232,ec34bf3905e43d945effa45ba094092c7355d4b2,1373380,,,,,,,,,,,,,,,,,,,,,,,,,,,,,,,,,,,,,,,,,,,,,,,,,,TN,,,,,,,,,,
autoland,4769055,12,f76b60813665636d86169b6507d2f60fe004600c,windows10-64-shippable-qr,True,False,,,102210fe594ee9b33d82058545b1ed14f4c8206e,console.log-in-loop-content-process-array,damp,True,damp console.log-in-loop-content-process-array opt e10s fission stylo webrender-sw,4768818,77,ms,firefox,446374751.0,1840607013,2024-02-07 14:05:10,121.4297002653184,fdda8b6b095615f06fbef5c21ff9ad0a90927c83,1373437,,,,,,,,,,,,,,,,,,,,,,,,,,,,,,,,,,,,,,,,,,,,,,,,,,TN,,,,,,,,,,
autoland,4769055,12,f76b60813665636d86169b6507d2f60fe004600c,windows10-64-shippable-qr,True,False,,,102210fe594ee9b33d82058545b1ed14f4c8206e,console.log-in-loop-content-process-array,damp,True,damp console.log-in-loop-content-process-array opt e10s fission stylo webrender-sw,4768818,77,ms,firefox,446404660.0,1840720666,2024-02-07 17:25:01,122.7919988695012,fcafc196f2cef3d5c607edaa0f66c96cdf1708d6,1373622,,,,,,,,,,,,,,,,,,,,,,,,,,,,,,,,,,,,,,,,,,,,,,,,,,TN,,,,,,,,,,
autoland,4769055,12,f76b60813665636d86169b6507d2f60fe004600c,windows10-64-shippable-qr,True,False,,,102210fe594ee9b33d82058545b1ed14f4c8206e,console.log-in-loop-content-process-array,damp,True,damp console.log-in-loop-content-process-array opt e10s fission stylo webrender-sw,4768818,77,ms,firefox,446431685.0,1840848573,2024-02-07 21:31:39,122.57584777061312,0eee0e78f83c43165f612c4e7f3f7ff52d665b9c,1373826,,,,,,,,,,,,,,,,,,,,,,,,,,,,,,,,,,,,,,,,,,,,,,,,,,TN,,,,,,,,,,
autoland,4769055,12,f76b60813665636d86169b6507d2f60fe004600c,windows10-64-shippable-qr,True,False,,,102210fe594ee9b33d82058545b1ed14f4c8206e,console.log-in-loop-content-process-array,damp,True,damp console.log-in-loop-content-process-array opt e10s fission stylo webrender-sw,4768818,77,ms,firefox,446434911.0,1840879693,2024-02-07 21:36:53,120.65747570561872,1cb745ef034e9cd65d98c15632e13f5862e7390b,1373829,,,,,,,,,,,,,,,,,,,,,,,,,,,,,,,,,,,,,,,,,,,,,,,,,,TN,,,,,,,,,,
autoland,4769055,12,f76b60813665636d86169b6507d2f60fe004600c,windows10-64-shippable-qr,True,False,,,102210fe594ee9b33d82058545b1ed14f4c8206e,console.log-in-loop-content-process-array,damp,True,damp console.log-in-loop-content-process-array opt e10s fission stylo webrender-sw,4768818,77,ms,firefox,446456346.0,1840960568,2024-02-08 01:47:30,120.27056824519605,0cb1cb869761baae745081466c878e32a7d83888,1373927,,,,,,,,,,,,,,,,,,,,,,,,,,,,,,,,,,,,,,,,,,,,,,,,,,TN,,,,,,,,,,
autoland,4769055,12,f76b60813665636d86169b6507d2f60fe004600c,windows10-64-shippable-qr,True,False,,,102210fe594ee9b33d82058545b1ed14f4c8206e,console.log-in-loop-content-process-array,damp,True,damp console.log-in-loop-content-process-array opt e10s fission stylo webrender-sw,4768818,77,ms,firefox,446457975.0,1840980263,2024-02-08 02:38:53,119.80857334199028,bbcb9c75a4919aa67c2fc1ec689eb69d653990dd,1373953,,,,,,,,,,,,,,,,,,,,,,,,,,,,,,,,,,,,,,,,,,,,,,,,,,TN,,,,,,,,,,
autoland,4769055,12,f76b60813665636d86169b6507d2f60fe004600c,windows10-64-shippable-qr,True,False,,,102210fe594ee9b33d82058545b1ed14f4c8206e,console.log-in-loop-content-process-array,damp,True,damp console.log-in-loop-content-process-array opt e10s fission stylo webrender-sw,4768818,77,ms,firefox,446471659.0,1841067615,2024-02-08 07:03:19,120.86346454876002,344524bd7c755d7d7fcfca1d69503577b07db2b7,1374007,,,,,,,,,,,,,,,,,,,,,,,,,,,,,,,,,,,,,,,,,,,,,,,,,,TN,,,,,,,,,,
autoland,4769055,12,f76b60813665636d86169b6507d2f60fe004600c,windows10-64-shippable-qr,True,False,,,102210fe594ee9b33d82058545b1ed14f4c8206e,console.log-in-loop-content-process-array,damp,True,damp console.log-in-loop-content-process-array opt e10s fission stylo webrender-sw,4768818,77,ms,firefox,446530795.0,1841282019,2024-02-08 14:56:42,120.10715148800956,286029e09b16d8910d7110864541cdb9d4b84681,1374192,,,,,,,,,,,,,,,,,,,,,,,,,,,,,,,,,,,,,,,,,,,,,,,,,,TN,,,,,,,,,,
autoland,4769055,12,f76b60813665636d86169b6507d2f60fe004600c,windows10-64-shippable-qr,True,False,,,102210fe594ee9b33d82058545b1ed14f4c8206e,console.log-in-loop-content-process-array,damp,True,damp console.log-in-loop-content-process-array opt e10s fission stylo webrender-sw,4768818,77,ms,firefox,446535397.0,1841304264,2024-02-08 16:03:43,120.09712982990824,590071462358f92ff5d36dc8f99a472a45101fdb,1374244,,,,,,,,,,,,,,,,,,,,,,,,,,,,,,,,,,,,,,,,,,,,,,,,,,TN,,,,,,,,,,
autoland,4769055,12,f76b60813665636d86169b6507d2f60fe004600c,windows10-64-shippable-qr,True,False,,,102210fe594ee9b33d82058545b1ed14f4c8206e,console.log-in-loop-content-process-array,damp,True,damp console.log-in-loop-content-process-array opt e10s fission stylo webrender-sw,4768818,77,ms,firefox,446591398.0,1841545944,2024-02-08 22:41:03,83.82001869144824,8b424277a5065ea04bc1818e9ba12a8b24c12008,1374550,,,,,,,,,,,,,,,,,,,,,,,,,,,,,,,,,,,,,,,,,,,,,,,,,,TN,,,,,,,,,,
autoland,4769055,12,f76b60813665636d86169b6507d2f60fe004600c,windows10-64-shippable-qr,True,False,,,102210fe594ee9b33d82058545b1ed14f4c8206e,console.log-in-loop-content-process-array,damp,True,damp console.log-in-loop-content-process-array opt e10s fission stylo webrender-sw,4768818,77,ms,firefox,446591661.0,1841545896,2024-02-08 23:27:55,81.42553697679159,ba6c8f006d21287c25440f5141e3eead45bd9f96,1374577,,,,,,,,,,,,,,,,,,,,,,,,,,,,,,,,,,,,,,,,,,,,,,,,,,TN,,,,,,,,,,
autoland,4769055,12,f76b60813665636d86169b6507d2f60fe004600c,windows10-64-shippable-qr,True,False,,,102210fe594ee9b33d82058545b1ed14f4c8206e,console.log-in-loop-content-process-array,damp,True,damp console.log-in-loop-content-process-array opt e10s fission stylo webrender-sw,4768818,77,ms,firefox,446616595.0,1841637879,2024-02-09 04:08:21,120.1156915002557,b17a56f7d0a828b62b52f572c8237345bf64786f,1374660,,,,,,,,,,,,,,,,,,,,,,,,,,,,,,,,,,,,,,,,,,,,,,,,,,TN,,,,,,,,,,
autoland,4769055,12,f76b60813665636d86169b6507d2f60fe004600c,windows10-64-shippable-qr,True,False,,,102210fe594ee9b33d82058545b1ed14f4c8206e,console.log-in-loop-content-process-array,damp,True,damp console.log-in-loop-content-process-array opt e10s fission stylo webrender-sw,4768818,77,ms,firefox,446640079.0,1841740814,2024-02-09 08:27:03,122.02485587212324,7b81e807e547afd0cca0453e9697e58369ae5e92,1374718,,,,,,,,,,,,,,,,,,,,,,,,,,,,,,,,,,,,,,,,,,,,,,,,,,TN,,,,,,,,,,
autoland,4769055,12,f76b60813665636d86169b6507d2f60fe004600c,windows10-64-shippable-qr,True,False,,,102210fe594ee9b33d82058545b1ed14f4c8206e,console.log-in-loop-content-process-array,damp,True,damp console.log-in-loop-content-process-array opt e10s fission stylo webrender-sw,4768818,77,ms,firefox,446684862.0,1841898071,2024-02-09 11:56:29,120.58899124718482,045e453bba33077fb8d5641ca3706f3785ce14f5,1374806,,,,,,,,,,,,,,,,,,,,,,,,,,,,,,,,,,,,,,,,,,,,,,,,,,TN,,,,,,,,,,
autoland,4769055,12,f76b60813665636d86169b6507d2f60fe004600c,windows10-64-shippable-qr,True,False,,,102210fe594ee9b33d82058545b1ed14f4c8206e,console.log-in-loop-content-process-array,damp,True,damp console.log-in-loop-content-process-array opt e10s fission stylo webrender-sw,4768818,77,ms,firefox,447050843.0,1843261248,2024-02-09 13:56:38,120.6908439521958,ac6662a5625bb4398dc095065441a68bc841daea,1374876,,,,,,,,,,,,,,,,,,,,,,,,,,,,,,,,,,,,,,,,,,,,,,,,,,TN,,,,,,,,,,
autoland,4769055,12,f76b60813665636d86169b6507d2f60fe004600c,windows10-64-shippable-qr,True,False,,,102210fe594ee9b33d82058545b1ed14f4c8206e,console.log-in-loop-content-process-array,damp,True,damp console.log-in-loop-content-process-array opt e10s fission stylo webrender-sw,4768818,77,ms,firefox,447050844.0,1843261943,2024-02-09 13:57:20,124.08902384452811,e97e98c4b7c2fe4ecd0a102fb08fdfb37deee78f,1374877,,,,,,,,,,,,,,,,,,,,,,,,,,,,,,,,,,,,,,,,,,,,,,,,,,TN,,,,,,,,,,
autoland,4769055,12,f76b60813665636d86169b6507d2f60fe004600c,windows10-64-shippable-qr,True,False,,,102210fe594ee9b33d82058545b1ed14f4c8206e,console.log-in-loop-content-process-array,damp,True,damp console.log-in-loop-content-process-array opt e10s fission stylo webrender-sw,4768818,77,ms,firefox,447050722.0,1843256752,2024-02-09 14:50:28,120.22504777811082,effe0ba31234da3a67826fd07071eb67e1ca1d4d,1374903,,,,,,,,,,,,,,,,,,,,,,,,,,,,,,,,,,,,,,,,,,,,,,,,,,TN,,,,,,,,,,
autoland,4769055,12,f76b60813665636d86169b6507d2f60fe004600c,windows10-64-shippable-qr,True,False,,,102210fe594ee9b33d82058545b1ed14f4c8206e,console.log-in-loop-content-process-array,damp,True,damp console.log-in-loop-content-process-array opt e10s fission stylo webrender-sw,4768818,77,ms,firefox,447050721.0,1843257275,2024-02-09 14:51:10,122.67120867943233,d8c991c8d303dec6a0ce2bec5b4cef73cae79d09,1374905,,,,,,,,,,,,,,,,,,,,,,,,,,,,,,,,,,,,,,,,,,,,,,,,,,TN,,,,,,,,,,
autoland,4769055,12,f76b60813665636d86169b6507d2f60fe004600c,windows10-64-shippable-qr,True,False,,,102210fe594ee9b33d82058545b1ed14f4c8206e,console.log-in-loop-content-process-array,damp,True,damp console.log-in-loop-content-process-array opt e10s fission stylo webrender-sw,4768818,77,ms,firefox,447050778.0,1843257322,2024-02-09 15:09:32,120.15622813335176,4db18f6ce06e4e3f1d7197c4c3e9b52cced593fa,1374919,,,,,,,,,,,,,,,,,,,,,,,,,,,,,,,,,,,,,,,,,,,,,,,,,,TN,,,,,,,,,,
autoland,4769055,12,f76b60813665636d86169b6507d2f60fe004600c,windows10-64-shippable-qr,True,False,,,102210fe594ee9b33d82058545b1ed14f4c8206e,console.log-in-loop-content-process-array,damp,True,damp console.log-in-loop-content-process-array opt e10s fission stylo webrender-sw,4768818,77,ms,firefox,447050777.0,1843257809,2024-02-09 15:16:23,123.02880033642214,6b7c9fbc0ffaf2a78cc6f22c34dfab000f8aeaaf,1374925,,,,,,,,,,,,,,,,,,,,,,,,,,,,,,,,,,,,,,,,,,,,,,,,,,TN,,,,,,,,,,
autoland,4769055,12,f76b60813665636d86169b6507d2f60fe004600c,windows10-64-shippable-qr,True,False,,,102210fe594ee9b33d82058545b1ed14f4c8206e,console.log-in-loop-content-process-array,damp,True,damp console.log-in-loop-content-process-array opt e10s fission stylo webrender-sw,4768818,77,ms,firefox,447050780.0,1843258402,2024-02-09 15:17:42,122.69697936808734,cd42800e011bd3c11cc8c3191a48081d3b4d12a6,1374926,,,,,,,,,,,,,,,,,,,,,,,,,,,,,,,,,,,,,,,,,,,,,,,,,,TN,,,,,,,,,,
autoland,4769055,12,f76b60813665636d86169b6507d2f60fe004600c,windows10-64-shippable-qr,True,False,,,102210fe594ee9b33d82058545b1ed14f4c8206e,console.log-in-loop-content-process-array,damp,True,damp console.log-in-loop-content-process-array opt e10s fission stylo webrender-sw,4768818,77,ms,firefox,447050779.0,1843258324,2024-02-09 15:52:28,121.09535400246205,1f05e48d0a9431a49eb46675af889f78c7fcf4dd,1374946,,,,,,,,,,,,,,,,,,,,,,,,,,,,,,,,,,,,,,,,,,,,,,,,,,TN,,,,,,,,,,
autoland,4769055,12,f76b60813665636d86169b6507d2f60fe004600c,windows10-64-shippable-qr,True,False,,,102210fe594ee9b33d82058545b1ed14f4c8206e,console.log-in-loop-content-process-array,damp,True,damp console.log-in-loop-content-process-array opt e10s fission stylo webrender-sw,4768818,77,ms,firefox,447050781.0,1843258343,2024-02-09 15:54:07,122.514411090875,ce96cef0d2cd4dce98d4220e107102eebd4e21a9,1374950,,,,,,,,,,,,,,,,,,,,,,,,,,,,,,,,,,,,,,,,,,,,,,,,,,TN,,,,,,,,,,
autoland,4769055,12,f76b60813665636d86169b6507d2f60fe004600c,windows10-64-shippable-qr,True,False,,,102210fe594ee9b33d82058545b1ed14f4c8206e,console.log-in-loop-content-process-array,damp,True,damp console.log-in-loop-content-process-array opt e10s fission stylo webrender-sw,4768818,77,ms,firefox,446728593.0,1842036327,2024-02-09 16:09:01,120.06171986173284,193e6982f5a17f0fa7cced978df3079f87e4ad99,1374959,,,,,,,,,,,,,,,,,,,,,,,,,,,,,,,,,,,,,,,,,,,,,,,,,,TN,,,,,,,,,,
autoland,4769055,12,f76b60813665636d86169b6507d2f60fe004600c,windows10-64-shippable-qr,True,False,,,102210fe594ee9b33d82058545b1ed14f4c8206e,console.log-in-loop-content-process-array,damp,True,damp console.log-in-loop-content-process-array opt e10s fission stylo webrender-sw,4768818,77,ms,firefox,447050812.0,1843258882,2024-02-09 16:20:50,120.2765544797512,5707fb45181e2d40a3be94ac0b465a191a809014,1374965,,,,,,,,,,,,,,,,,,,,,,,,,,,,,,,,,,,,,,,,,,,,,,,,,,TN,,,,,,,,,,
autoland,4769055,12,f76b60813665636d86169b6507d2f60fe004600c,windows10-64-shippable-qr,True,False,,,102210fe594ee9b33d82058545b1ed14f4c8206e,console.log-in-loop-content-process-array,damp,True,damp console.log-in-loop-content-process-array opt e10s fission stylo webrender-sw,4768818,77,ms,firefox,447050816.0,1843259176,2024-02-09 16:23:01,120.71315419486564,85a703617705ce98b8d8dfd26cdaebc74457c44c,1374968,,,,,,,,,,,,,,,,,,,,,,,,,,,,,,,,,,,,,,,,,,,,,,,,,,TN,,,,,,,,,,
autoland,4769055,12,f76b60813665636d86169b6507d2f60fe004600c,windows10-64-shippable-qr,True,False,,,102210fe594ee9b33d82058545b1ed14f4c8206e,console.log-in-loop-content-process-array,damp,True,damp console.log-in-loop-content-process-array opt e10s fission stylo webrender-sw,4768818,77,ms,firefox,447050822.0,1843259806,2024-02-09 16:26:36,120.01551018401916,9793d58574ba0c44dd7cea68fdbac2405ccaa693,1374971,,,,,,,,,,,,,,,,,,,,,,,,,,,,,,,,,,,,,,,,,,,,,,,,,,TN,,,,,,,,,,
autoland,4769055,12,f76b60813665636d86169b6507d2f60fe004600c,windows10-64-shippable-qr,True,False,,,102210fe594ee9b33d82058545b1ed14f4c8206e,console.log-in-loop-content-process-array,damp,True,damp console.log-in-loop-content-process-array opt e10s fission stylo webrender-sw,4768818,77,ms,firefox,446741537.0,1842112888,2024-02-09 17:06:42,121.2781847610986,39d76f98160905dab2a294ece0e03ee8ba5ba4cc,1375009,,,,,,,,,,,,,,,,,,,,,,,,,,,,,,,,,,,,,,,,,,,,,,,,,,TN,,,,,,,,,,
autoland,4769055,12,f76b60813665636d86169b6507d2f60fe004600c,windows10-64-shippable-qr,True,False,,,102210fe594ee9b33d82058545b1ed14f4c8206e,console.log-in-loop-content-process-array,damp,True,damp console.log-in-loop-content-process-array opt e10s fission stylo webrender-sw,4768818,77,ms,firefox,447050820.0,1843259439,2024-02-09 20:14:35,120.11411450157355,29b472f03f87124654c8afc00ce7c0c8e1ee5201,1375176,,,,,,,,,,,,,,,,,,,,,,,,,,,,,,,,,,,,,,,,,,,,,,,,,,TN,,,,,,,,,,
autoland,4769055,12,f76b60813665636d86169b6507d2f60fe004600c,windows10-64-shippable-qr,True,False,,,102210fe594ee9b33d82058545b1ed14f4c8206e,console.log-in-loop-content-process-array,damp,True,damp console.log-in-loop-content-process-array opt e10s fission stylo webrender-sw,4768818,77,ms,firefox,447114553.0,1843492923,2024-02-09 20:16:03,119.91664632886932,3181377ca26583e98567ae9024ac238eb33e2166,1375179,,,,,,,,,,,,,,,,,,,,,,,,,,,,,,,,,,,,,,,,,,,,,,,,,,TN,,,,,,,,,,
autoland,4769055,12,f76b60813665636d86169b6507d2f60fe004600c,windows10-64-shippable-qr,True,False,,,102210fe594ee9b33d82058545b1ed14f4c8206e,console.log-in-loop-content-process-array,damp,True,damp console.log-in-loop-content-process-array opt e10s fission stylo webrender-sw,4768818,77,ms,firefox,447050840.0,1843260565,2024-02-09 20:25:22,120.40463011760949,0a07b15df232a43ba780337f8b49486d5afa4c32,1375190,,,,,,,,,,,,,,,,,,,,,,,,,,,,,,,,,,,,,,,,,,,,,,,,,,TN,,,,,,,,,,
autoland,4769055,12,f76b60813665636d86169b6507d2f60fe004600c,windows10-64-shippable-qr,True,False,,,102210fe594ee9b33d82058545b1ed14f4c8206e,console.log-in-loop-content-process-array,damp,True,damp console.log-in-loop-content-process-array opt e10s fission stylo webrender-sw,4768818,77,ms,firefox,447050842.0,1843260842,2024-02-09 20:33:58,120.05988350978078,496c531edf871bd6b2c092635d8ed0aaedf1b94f,1375199,,,,,,,,,,,,,,,,,,,,,,,,,,,,,,,,,,,,,,,,,,,,,,,,,,TN,,,,,,,,,,
autoland,4769055,12,f76b60813665636d86169b6507d2f60fe004600c,windows10-64-shippable-qr,True,False,,,102210fe594ee9b33d82058545b1ed14f4c8206e,console.log-in-loop-content-process-array,damp,True,damp console.log-in-loop-content-process-array opt e10s fission stylo webrender-sw,4768818,77,ms,firefox,447050845.0,1843262142,2024-02-09 20:45:08,121.94348956493376,f09e24073a08716de01049dce57fb6e2a69587bb,1375209,,,,,,,,,,,,,,,,,,,,,,,,,,,,,,,,,,,,,,,,,,,,,,,,,,TN,,,,,,,,,,
autoland,4769055,12,f76b60813665636d86169b6507d2f60fe004600c,windows10-64-shippable-qr,True,False,,,102210fe594ee9b33d82058545b1ed14f4c8206e,console.log-in-loop-content-process-array,damp,True,damp console.log-in-loop-content-process-array opt e10s fission stylo webrender-sw,4768818,77,ms,firefox,447050846.0,1843262363,2024-02-09 21:32:42,129.82266011533648,3fe6bd949054cc4a09d7e282c149f0d97e4b7003,1375233,,,,,,,,,,,,,,,,,,,,,,,,,,,,,,,,,,,,,,,,,,,,,,,,,,TN,,,,,,,,,,
autoland,4769055,12,f76b60813665636d86169b6507d2f60fe004600c,windows10-64-shippable-qr,True,False,,,102210fe594ee9b33d82058545b1ed14f4c8206e,console.log-in-loop-content-process-array,damp,True,damp console.log-in-loop-content-process-array opt e10s fission stylo webrender-sw,4768818,77,ms,firefox,446762768.0,1842194942,2024-02-09 21:47:15,129.38127157654526,0fb5f3212fd93e901bed6bb19bd8b63339869991,1375247,,,,,,,,,,,,,,,,,,,,,,,,,,,,,,,,,,,,,,,,,,,,,,,,,,TN,,,,,,,,,,
autoland,4769055,12,f76b60813665636d86169b6507d2f60fe004600c,windows10-64-shippable-qr,True,False,,,102210fe594ee9b33d82058545b1ed14f4c8206e,console.log-in-loop-content-process-array,damp,True,damp console.log-in-loop-content-process-array opt e10s fission stylo webrender-sw,4768818,77,ms,firefox,447116974.0,1843498291,2024-02-09 21:53:07,128.44025893568687,312701582d838de9c481e52c93f67c4a669c75fa,1375253,,,,,,,,,,,,,,,,,,,,,,,,,,,,,,,,,,,,,,,,,,,,,,,,,,TN,,,,,,,,,,
autoland,4769055,12,f76b60813665636d86169b6507d2f60fe004600c,windows10-64-shippable-qr,True,False,,,102210fe594ee9b33d82058545b1ed14f4c8206e,console.log-in-loop-content-process-array,damp,True,damp console.log-in-loop-content-process-array opt e10s fission stylo webrender-sw,4768818,77,ms,firefox,447128156.0,1843534418,2024-02-09 22:02:55,128.86803266014613,0fbb534ed5d8481c6c5e404a6a02d010a84c0059,1375264,,,,,,,,,,,,,,,,,,,,,,,,,,,,,,,,,,,,,,,,,,,,,,,,,,TN,,,,,,,,,,
autoland,4769055,12,f76b60813665636d86169b6507d2f60fe004600c,windows10-64-shippable-qr,True,False,,,102210fe594ee9b33d82058545b1ed14f4c8206e,console.log-in-loop-content-process-array,damp,True,damp console.log-in-loop-content-process-array opt e10s fission stylo webrender-sw,4768818,77,ms,firefox,447128157.0,1843534469,2024-02-09 22:02:55,129.96660739989238,0fbb534ed5d8481c6c5e404a6a02d010a84c0059,1375264,,,,,,,,,,,,,,,,,,,,,,,,,,,,,,,,,,,,,,,,,,,,,,,,,,TN,,,,,,,,,,
autoland,4769055,12,f76b60813665636d86169b6507d2f60fe004600c,windows10-64-shippable-qr,True,False,,,102210fe594ee9b33d82058545b1ed14f4c8206e,console.log-in-loop-content-process-array,damp,True,damp console.log-in-loop-content-process-array opt e10s fission stylo webrender-sw,4768818,77,ms,firefox,447117994.0,1843503497,2024-02-09 22:04:05,129.3227711200725,f19610ecbade6731196be6f4ae28200fccfe0975,1375265,,,,,,,,,,,,,,,,,,,,,,,,,,,,,,,,,,,,,,,,,,,,,,,,,,TN,,,,,,,,,,
autoland,4769055,12,f76b60813665636d86169b6507d2f60fe004600c,windows10-64-shippable-qr,True,False,,,102210fe594ee9b33d82058545b1ed14f4c8206e,console.log-in-loop-content-process-array,damp,True,damp console.log-in-loop-content-process-array opt e10s fission stylo webrender-sw,4768818,77,ms,firefox,447117996.0,1843503287,2024-02-09 22:04:05,129.5879807201636,f19610ecbade6731196be6f4ae28200fccfe0975,1375265,,,,,,,,,,,,,,,,,,,,,,,,,,,,,,,,,,,,,,,,,,,,,,,,,,TN,,,,,,,,,,
autoland,4769055,12,f76b60813665636d86169b6507d2f60fe004600c,windows10-64-shippable-qr,True,False,,,102210fe594ee9b33d82058545b1ed14f4c8206e,console.log-in-loop-content-process-array,damp,True,damp console.log-in-loop-content-process-array opt e10s fission stylo webrender-sw,4768818,77,ms,firefox,447117487.0,1843500902,2024-02-09 22:05:24,129.16852693047804,0d8efe0f8f37afd61a93314f5f2d4329cd1c8b7e,1375267,,,,,,,,,,,,,,,,,,,,,,,,,,,,,,,,,,,,,,,,,,,,,,,,,,TN,,,,,,,,,,
autoland,4769055,12,f76b60813665636d86169b6507d2f60fe004600c,windows10-64-shippable-qr,True,False,,,102210fe594ee9b33d82058545b1ed14f4c8206e,console.log-in-loop-content-process-array,damp,True,damp console.log-in-loop-content-process-array opt e10s fission stylo webrender-sw,4768818,77,ms,firefox,447117488.0,1843500912,2024-02-09 22:05:24,128.88628869051536,0d8efe0f8f37afd61a93314f5f2d4329cd1c8b7e,1375267,,,,,,,,,,,,,,,,,,,,,,,,,,,,,,,,,,,,,,,,,,,,,,,,,,TN,,,,,,,,,,
autoland,4769055,12,f76b60813665636d86169b6507d2f60fe004600c,windows10-64-shippable-qr,True,False,,,102210fe594ee9b33d82058545b1ed14f4c8206e,console.log-in-loop-content-process-array,damp,True,damp console.log-in-loop-content-process-array opt e10s fission stylo webrender-sw,4768818,77,ms,firefox,447118456.0,1843506139,2024-02-09 22:40:07,129.96203699089347,86120bd613f951a5088bf74fb8e5383f5d19c0dc,1375285,,,,,,,,,,,,,,,,,,,,,,,,,,,,,,,,,,,,,,,,,,,,,,,,,,TN,,,,,,,,,,
autoland,4769055,12,f76b60813665636d86169b6507d2f60fe004600c,windows10-64-shippable-qr,True,False,,,102210fe594ee9b33d82058545b1ed14f4c8206e,console.log-in-loop-content-process-array,damp,True,damp console.log-in-loop-content-process-array opt e10s fission stylo webrender-sw,4768818,77,ms,firefox,447118457.0,1843506187,2024-02-09 22:40:07,129.28564821341206,86120bd613f951a5088bf74fb8e5383f5d19c0dc,1375285,,,,,,,,,,,,,,,,,,,,,,,,,,,,,,,,,,,,,,,,,,,,,,,,,,TN,,,,,,,,,,
autoland,4769055,12,f76b60813665636d86169b6507d2f60fe004600c,windows10-64-shippable-qr,True,False,,,102210fe594ee9b33d82058545b1ed14f4c8206e,console.log-in-loop-content-process-array,damp,True,damp console.log-in-loop-content-process-array opt e10s fission stylo webrender-sw,4768818,77,ms,firefox,447116410.0,1843497344,2024-02-09 22:45:06,129.1422940402863,1273b0849db2940b84a4a0d5273c23b4620b9d90,1375287,,,,,,,,,,,,,,,,,,,,,,,,,,,,,,,,,,,,,,,,,,,,,,,,,,TN,,,,,,,,,,
autoland,4769055,12,f76b60813665636d86169b6507d2f60fe004600c,windows10-64-shippable-qr,True,False,,,102210fe594ee9b33d82058545b1ed14f4c8206e,console.log-in-loop-content-process-array,damp,True,damp console.log-in-loop-content-process-array opt e10s fission stylo webrender-sw,4768818,77,ms,firefox,447116411.0,1843497551,2024-02-09 22:45:06,130.66605090101984,1273b0849db2940b84a4a0d5273c23b4620b9d90,1375287,,,,,,,,,,,,,,,,,,,,,,,,,,,,,,,,,,,,,,,,,,,,,,,,,,TN,,,,,,,,,,
autoland,4769055,12,f76b60813665636d86169b6507d2f60fe004600c,windows10-64-shippable-qr,True,False,,,102210fe594ee9b33d82058545b1ed14f4c8206e,console.log-in-loop-content-process-array,damp,True,damp console.log-in-loop-content-process-array opt e10s fission stylo webrender-sw,4768818,77,ms,firefox,447116142.0,1843496551,2024-02-09 23:18:46,130.87622299712348,0bc92f4e8733dbc75bce79c3fef94c162bbbd06e,1375304,,,,,,,,,,,,,,,,,,,,,,,,,,,,,,,,,,,,,,,,,,,,,,,,,,TN,,,,,,,,,,
autoland,4769055,12,f76b60813665636d86169b6507d2f60fe004600c,windows10-64-shippable-qr,True,False,,,102210fe594ee9b33d82058545b1ed14f4c8206e,console.log-in-loop-content-process-array,damp,True,damp console.log-in-loop-content-process-array opt e10s fission stylo webrender-sw,4768818,77,ms,firefox,447116143.0,1843496338,2024-02-09 23:18:46,129.71372397762389,0bc92f4e8733dbc75bce79c3fef94c162bbbd06e,1375304,,,,,,,,,,,,,,,,,,,,,,,,,,,,,,,,,,,,,,,,,,,,,,,,,,TN,,,,,,,,,,
autoland,4769055,12,f76b60813665636d86169b6507d2f60fe004600c,windows10-64-shippable-qr,True,False,,,102210fe594ee9b33d82058545b1ed14f4c8206e,console.log-in-loop-content-process-array,damp,True,damp console.log-in-loop-content-process-array opt e10s fission stylo webrender-sw,4768818,77,ms,firefox,447060601.0,1843304776,2024-02-09 23:43:37,129.9474108002596,9b5ebc2d3b4b4889b4cde0ffa5f73717a5d47e11,1375312,,,,,,,,,,,,,,,,,,,,,,,,,,,,,,,,,,,,,,,,,,,,,,,,,,TN,,,,,,,,,,
autoland,4769055,12,f76b60813665636d86169b6507d2f60fe004600c,windows10-64-shippable-qr,True,False,,,102210fe594ee9b33d82058545b1ed14f4c8206e,console.log-in-loop-content-process-array,damp,True,damp console.log-in-loop-content-process-array opt e10s fission stylo webrender-sw,4768818,77,ms,firefox,447060759.0,1843305553,2024-02-09 23:52:15,129.49979656536743,0f5860b7e16072e1dd03e8477f499a6b6122911a,1375314,,,,,,,,,,,,,,,,,,,,,,,,,,,,,,,,,,,,,,,,,,,,,,,,,,TN,,,,,,,,,,
autoland,4769055,12,f76b60813665636d86169b6507d2f60fe004600c,windows10-64-shippable-qr,True,False,,,102210fe594ee9b33d82058545b1ed14f4c8206e,console.log-in-loop-content-process-array,damp,True,damp console.log-in-loop-content-process-array opt e10s fission stylo webrender-sw,4768818,77,ms,firefox,447057507.0,1843278354,2024-02-10 00:22:23,131.77833111750988,f0f4df04e3c55cdcc61c1743f02b3e92a8dbcf51,1375323,,,,,,,,,,,,,,,,,,,,,,,,,,,,,,,,,,,,,,,,,,,,,,,,,,TN,,,,,,,,,,
autoland,4769055,12,f76b60813665636d86169b6507d2f60fe004600c,windows10-64-shippable-qr,True,False,,,102210fe594ee9b33d82058545b1ed14f4c8206e,console.log-in-loop-content-process-array,damp,True,damp console.log-in-loop-content-process-array opt e10s fission stylo webrender-sw,4768818,77,ms,firefox,447050870.0,1843264313,2024-02-10 00:27:26,129.6310455325547,109f32d3c3a4dbce14071acf081c3cb70263c00b,1375328,,,,,,,,,,,,,,,,,,,,,,,,,,,,,,,,,,,,,,,,,,,,,,,,,,TN,,,,,,,,,,
autoland,4769055,12,f76b60813665636d86169b6507d2f60fe004600c,windows10-64-shippable-qr,True,False,,,102210fe594ee9b33d82058545b1ed14f4c8206e,console.log-in-loop-content-process-array,damp,True,damp console.log-in-loop-content-process-array opt e10s fission stylo webrender-sw,4768818,77,ms,firefox,447060904.0,1843307498,2024-02-10 00:50:02,129.42884342252182,23d502ed06280881577c5f9df617026ee30500f1,1375334,,,,,,,,,,,,,,,,,,,,,,,,,,,,,,,,,,,,,,,,,,,,,,,,,,TN,,,,,,,,,,
autoland,4769055,12,f76b60813665636d86169b6507d2f60fe004600c,windows10-64-shippable-qr,True,False,,,102210fe594ee9b33d82058545b1ed14f4c8206e,console.log-in-loop-content-process-array,damp,True,damp console.log-in-loop-content-process-array opt e10s fission stylo webrender-sw,4768818,77,ms,firefox,447060919.0,1843307882,2024-02-10 01:09:33,128.43594842587115,88c50740c90849f41b36a3ebdea5c1182d010b62,1375337,,,,,,,,,,,,,,,,,,,,,,,,,,,,,,,,,,,,,,,,,,,,,,,,,,TN,,,,,,,,,,
autoland,4769055,12,f76b60813665636d86169b6507d2f60fe004600c,windows10-64-shippable-qr,True,False,,,102210fe594ee9b33d82058545b1ed14f4c8206e,console.log-in-loop-content-process-array,damp,True,damp console.log-in-loop-content-process-array opt e10s fission stylo webrender-sw,4768818,77,ms,firefox,447060785.0,1843305643,2024-02-10 01:20:58,129.5939603145598,7c830bff08572b8bac6f52a3bfdbdc802fb53358,1375338,,,,,,,,,,,,,,,,,,,,,,,,,,,,,,,,,,,,,,,,,,,,,,,,,,TN,,,,,,,,,,
autoland,4769055,12,f76b60813665636d86169b6507d2f60fe004600c,windows10-64-shippable-qr,True,False,,,102210fe594ee9b33d82058545b1ed14f4c8206e,console.log-in-loop-content-process-array,damp,True,damp console.log-in-loop-content-process-array opt e10s fission stylo webrender-sw,4768818,77,ms,firefox,447050811.0,1843259051,2024-02-10 01:23:14,128.72595009231372,50aa70b870995f58a2e4d7814c349cb9c7b87eb3,1375340,41453.0,1375340.0,1375328.0,2024-02-13T08:44:57.321448,2024-02-15T14:36:15.256071,2024-02-16T08:44:57.321448,autoland,12.0,189661.0,2.0,12.0,f76b60813665636d86169b6507d2f60fe004600c,windows10-64-shippable-qr,console.log-in-loop-content-process-array,damp,True,False,102210fe594ee9b33d82058545b1ed14f4c8206e,,"e10s, fission, stylo, webrender-sw",ms,,,aPI96ev8Ssm-UFahHcMrhQ,0.0,fOA_PFCYSpKC7C1ZIn6qcA,0.0,,,True,122.23,130.76,9.3,8.53,6.98,41453.0,41449.0,False,mozilla-ldap/nchevobbe@mozilla.com,False,nchevobbe@mozilla.com,,,,,,,OUTLIERS,,SP,,2024-02-20T08:44:57.321448,,1.0,,1707528194.0,109f32d3c3a4dbce14071acf081c3cb70263c00b,,,
autoland,4769055,12,f76b60813665636d86169b6507d2f60fe004600c,windows10-64-shippable-qr,True,False,,,102210fe594ee9b33d82058545b1ed14f4c8206e,console.log-in-loop-content-process-array,damp,True,damp console.log-in-loop-content-process-array opt e10s fission stylo webrender-sw,4768818,77,ms,firefox,447060470.0,1843304205,2024-02-10 01:25:19,130.41768625795157,cae2ddb5865afe0bbfa2c2347127ab509e7fd4ac,1375341,,,,,,,,,,,,,,,,,,,,,,,,,,,,,,,,,,,,,,,,,,,,,,,,,,TN,,,,,,,,,,
autoland,4769055,12,f76b60813665636d86169b6507d2f60fe004600c,windows10-64-shippable-qr,True,False,,,102210fe594ee9b33d82058545b1ed14f4c8206e,console.log-in-loop-content-process-array,damp,True,damp console.log-in-loop-content-process-array opt e10s fission stylo webrender-sw,4768818,77,ms,firefox,446787208.0,1842285498,2024-02-10 07:03:30,133.37997074097075,20876ae07c4b760464125773aa45200a98f34159,1375365,,,,,,,,,,,,,,,,,,,,,,,,,,,,,,,,,,,,,,,,,,,,,,,,,,TN,,,,,,,,,,
autoland,4769055,12,f76b60813665636d86169b6507d2f60fe004600c,windows10-64-shippable-qr,True,False,,,102210fe594ee9b33d82058545b1ed14f4c8206e,console.log-in-loop-content-process-array,damp,True,damp console.log-in-loop-content-process-array opt e10s fission stylo webrender-sw,4768818,77,ms,firefox,447106585.0,1843444800,2024-02-10 07:32:54,129.65898428126457,a4ac5f36f609ad4a87fb047393aab7e4445270b4,1375368,,,,,,,,,,,,,,,,,,,,,,,,,,,,,,,,,,,,,,,,,,,,,,,,,,TN,,,,,,,,,,
autoland,4769055,12,f76b60813665636d86169b6507d2f60fe004600c,windows10-64-shippable-qr,True,False,,,102210fe594ee9b33d82058545b1ed14f4c8206e,console.log-in-loop-content-process-array,damp,True,damp console.log-in-loop-content-process-array opt e10s fission stylo webrender-sw,4768818,77,ms,firefox,447117136.0,1843498617,2024-02-10 08:35:53,129.1792405268934,26caafd648a73178252634fdf71f0320fd1c9d2f,1375370,,,,,,,,,,,,,,,,,,,,,,,,,,,,,,,,,,,,,,,,,,,,,,,,,,TN,,,,,,,,,,
autoland,4769055,12,f76b60813665636d86169b6507d2f60fe004600c,windows10-64-shippable-qr,True,False,,,102210fe594ee9b33d82058545b1ed14f4c8206e,console.log-in-loop-content-process-array,damp,True,damp console.log-in-loop-content-process-array opt e10s fission stylo webrender-sw,4768818,77,ms,firefox,446811556.0,1842366518,2024-02-10 13:47:16,131.75405145807235,b09350ff8440d3ef5d3ac2b811bfe9a5d243196a,1375389,,,,,,,,,,,,,,,,,,,,,,,,,,,,,,,,,,,,,,,,,,,,,,,,,,TN,,,,,,,,,,
autoland,4769055,12,f76b60813665636d86169b6507d2f60fe004600c,windows10-64-shippable-qr,True,False,,,102210fe594ee9b33d82058545b1ed14f4c8206e,console.log-in-loop-content-process-array,damp,True,damp console.log-in-loop-content-process-array opt e10s fission stylo webrender-sw,4768818,77,ms,firefox,446821661.0,1842407120,2024-02-10 17:58:32,128.4003667289726,f6690a5e6ceef6b384dc31d4485e790a4935508a,1375417,,,,,,,,,,,,,,,,,,,,,,,,,,,,,,,,,,,,,,,,,,,,,,,,,,TN,,,,,,,,,,
autoland,4769055,12,f76b60813665636d86169b6507d2f60fe004600c,windows10-64-shippable-qr,True,False,,,102210fe594ee9b33d82058545b1ed14f4c8206e,console.log-in-loop-content-process-array,damp,True,damp console.log-in-loop-content-process-array opt e10s fission stylo webrender-sw,4768818,77,ms,firefox,446840326.0,1842471155,2024-02-11 02:31:23,132.37988644516918,f92c77fccb76549171ecc809818a26b1eb883b43,1375439,,,,,,,,,,,,,,,,,,,,,,,,,,,,,,,,,,,,,,,,,,,,,,,,,,TN,,,,,,,,,,
autoland,4769055,12,f76b60813665636d86169b6507d2f60fe004600c,windows10-64-shippable-qr,True,False,,,102210fe594ee9b33d82058545b1ed14f4c8206e,console.log-in-loop-content-process-array,damp,True,damp console.log-in-loop-content-process-array opt e10s fission stylo webrender-sw,4768818,77,ms,firefox,446873603.0,1842616425,2024-02-11 15:25:51,132.58327596088202,13676fc9b0cd8461cb9863d3a2d1b9a696a9c0f5,1375518,,,,,,,,,,,,,,,,,,,,,,,,,,,,,,,,,,,,,,,,,,,,,,,,,,TN,,,,,,,,,,
autoland,4769055,12,f76b60813665636d86169b6507d2f60fe004600c,windows10-64-shippable-qr,True,False,,,102210fe594ee9b33d82058545b1ed14f4c8206e,console.log-in-loop-content-process-array,damp,True,damp console.log-in-loop-content-process-array opt e10s fission stylo webrender-sw,4768818,77,ms,firefox,446934944.0,1842881730,2024-02-12 14:26:47,129.26098981837276,d1700411923cc3f12ce388da3db2f024d7cc438d,1375793,,,,,,,,,,,,,,,,,,,,,,,,,,,,,,,,,,,,,,,,,,,,,,,,,,TN,,,,,,,,,,
autoland,4769055,12,f76b60813665636d86169b6507d2f60fe004600c,windows10-64-shippable-qr,True,False,,,102210fe594ee9b33d82058545b1ed14f4c8206e,console.log-in-loop-content-process-array,damp,True,damp console.log-in-loop-content-process-array opt e10s fission stylo webrender-sw,4768818,77,ms,firefox,446944919.0,1842919441,2024-02-12 15:53:07,130.2358889218085,cab51450b6bd71ade4db0f49831f7e402b375b45,1375888,,,,,,,,,,,,,,,,,,,,,,,,,,,,,,,,,,,,,,,,,,,,,,,,,,TN,,,,,,,,,,
autoland,4769055,12,f76b60813665636d86169b6507d2f60fe004600c,windows10-64-shippable-qr,True,False,,,102210fe594ee9b33d82058545b1ed14f4c8206e,console.log-in-loop-content-process-array,damp,True,damp console.log-in-loop-content-process-array opt e10s fission stylo webrender-sw,4768818,77,ms,firefox,446978455.0,1843001941,2024-02-12 20:04:04,131.21648748382358,37ec3180a6cbce3bb2544f9a16b4ded4657c6eb6,1376093,,,,,,,,,,,,,,,,,,,,,,,,,,,,,,,,,,,,,,,,,,,,,,,,,,TN,,,,,,,,,,
autoland,4769055,12,f76b60813665636d86169b6507d2f60fe004600c,windows10-64-shippable-qr,True,False,,,102210fe594ee9b33d82058545b1ed14f4c8206e,console.log-in-loop-content-process-array,damp,True,damp console.log-in-loop-content-process-array opt e10s fission stylo webrender-sw,4768818,77,ms,firefox,446982559.0,1843019461,2024-02-12 20:15:07,132.93750010666554,995a3050d70cb954214be8710caa54a1794745ec,1376103,,,,,,,,,,,,,,,,,,,,,,,,,,,,,,,,,,,,,,,,,,,,,,,,,,TN,,,,,,,,,,
autoland,4769055,12,f76b60813665636d86169b6507d2f60fe004600c,windows10-64-shippable-qr,True,False,,,102210fe594ee9b33d82058545b1ed14f4c8206e,console.log-in-loop-content-process-array,damp,True,damp console.log-in-loop-content-process-array opt e10s fission stylo webrender-sw,4768818,77,ms,firefox,447022180.0,1843115808,2024-02-13 00:22:17,130.5462504121606,b316bafe790ef37c5585cadd21f6a2c8ebd749b9,1376256,,,,,,,,,,,,,,,,,,,,,,,,,,,,,,,,,,,,,,,,,,,,,,,,,,TN,,,,,,,,,,
autoland,4769055,12,f76b60813665636d86169b6507d2f60fe004600c,windows10-64-shippable-qr,True,False,,,102210fe594ee9b33d82058545b1ed14f4c8206e,console.log-in-loop-content-process-array,damp,True,damp console.log-in-loop-content-process-array opt e10s fission stylo webrender-sw,4768818,77,ms,firefox,447032459.0,1843156514,2024-02-13 02:51:29,127.72272834327303,52fc8e3041c5f42dfa50438336b110a9a5e77f2b,1376298,,,,,,,,,,,,,,,,,,,,,,,,,,,,,,,,,,,,,,,,,,,,,,,,,,TN,,,,,,,,,,
autoland,4769055,12,f76b60813665636d86169b6507d2f60fe004600c,windows10-64-shippable-qr,True,False,,,102210fe594ee9b33d82058545b1ed14f4c8206e,console.log-in-loop-content-process-array,damp,True,damp console.log-in-loop-content-process-array opt e10s fission stylo webrender-sw,4768818,77,ms,firefox,447059287.0,1843291558,2024-02-13 06:57:28,131.63466553435137,5f6ad5b21119b4bbef2bc6c9153e0f7329c20ebe,1376370,,,,,,,,,,,,,,,,,,,,,,,,,,,,,,,,,,,,,,,,,,,,,,,,,,TN,,,,,,,,,,
autoland,4769055,12,f76b60813665636d86169b6507d2f60fe004600c,windows10-64-shippable-qr,True,False,,,102210fe594ee9b33d82058545b1ed14f4c8206e,console.log-in-loop-content-process-array,damp,True,damp console.log-in-loop-content-process-array opt e10s fission stylo webrender-sw,4768818,77,ms,firefox,447091802.0,1843385900,2024-02-13 09:49:45,129.80494851328694,c5320acccd4a760b0ae41149fcdd8fe44b658ee7,1376447,,,,,,,,,,,,,,,,,,,,,,,,,,,,,,,,,,,,,,,,,,,,,,,,,,TN,,,,,,,,,,
autoland,4769055,12,f76b60813665636d86169b6507d2f60fe004600c,windows10-64-shippable-qr,True,False,,,102210fe594ee9b33d82058545b1ed14f4c8206e,console.log-in-loop-content-process-array,damp,True,damp console.log-in-loop-content-process-array opt e10s fission stylo webrender-sw,4768818,77,ms,firefox,447111661.0,1843474157,2024-02-13 13:45:34,132.50052735883037,0d474eb34652f4c47a16b6d83012c0f2e026dc00,1376559,,,,,,,,,,,,,,,,,,,,,,,,,,,,,,,,,,,,,,,,,,,,,,,,,,TN,,,,,,,,,,
autoland,4769055,12,f76b60813665636d86169b6507d2f60fe004600c,windows10-64-shippable-qr,True,False,,,102210fe594ee9b33d82058545b1ed14f4c8206e,console.log-in-loop-content-process-array,damp,True,damp console.log-in-loop-content-process-array opt e10s fission stylo webrender-sw,4768818,77,ms,firefox,447480655.0,1844715631,2024-02-13 15:41:22,129.54178675925505,7682952aed897b4caf7ff9a744fdd5bc0fdddf43,1376645,,,,,,,,,,,,,,,,,,,,,,,,,,,,,,,,,,,,,,,,,,,,,,,,,,TN,,,,,,,,,,
autoland,4769055,12,f76b60813665636d86169b6507d2f60fe004600c,windows10-64-shippable-qr,True,False,,,102210fe594ee9b33d82058545b1ed14f4c8206e,console.log-in-loop-content-process-array,damp,True,damp console.log-in-loop-content-process-array opt e10s fission stylo webrender-sw,4768818,77,ms,firefox,447478489.0,1844710346,2024-02-13 15:51:48,130.03769342070154,23dc8ff7ac75af21911eb442a20b09462602f43c,1376654,,,,,,,,,,,,,,,,,,,,,,,,,,,,,,,,,,,,,,,,,,,,,,,,,,TN,,,,,,,,,,
autoland,4769055,12,f76b60813665636d86169b6507d2f60fe004600c,windows10-64-shippable-qr,True,False,,,102210fe594ee9b33d82058545b1ed14f4c8206e,console.log-in-loop-content-process-array,damp,True,damp console.log-in-loop-content-process-array opt e10s fission stylo webrender-sw,4768818,77,ms,firefox,447481508.0,1844718003,2024-02-13 16:00:45,130.25938930719167,ee5e8cc2e91d40cf97d769d581ee1a4e9f1111fa,1376659,,,,,,,,,,,,,,,,,,,,,,,,,,,,,,,,,,,,,,,,,,,,,,,,,,TN,,,,,,,,,,
autoland,4769055,12,f76b60813665636d86169b6507d2f60fe004600c,windows10-64-shippable-qr,True,False,,,102210fe594ee9b33d82058545b1ed14f4c8206e,console.log-in-loop-content-process-array,damp,True,damp console.log-in-loop-content-process-array opt e10s fission stylo webrender-sw,4768818,77,ms,firefox,447479847.0,1844712163,2024-02-13 16:10:31,130.4327049271833,262041b644913954a0fa86aeeb3b960b2b007abf,1376667,,,,,,,,,,,,,,,,,,,,,,,,,,,,,,,,,,,,,,,,,,,,,,,,,,TN,,,,,,,,,,
autoland,4769055,12,f76b60813665636d86169b6507d2f60fe004600c,windows10-64-shippable-qr,True,False,,,102210fe594ee9b33d82058545b1ed14f4c8206e,console.log-in-loop-content-process-array,damp,True,damp console.log-in-loop-content-process-array opt e10s fission stylo webrender-sw,4768818,77,ms,firefox,447477845.0,1844709103,2024-02-13 16:13:20,130.8068956218849,f99efb87e51aba9303e0ccea70e1512313a6dfa4,1376669,,,,,,,,,,,,,,,,,,,,,,,,,,,,,,,,,,,,,,,,,,,,,,,,,,TN,,,,,,,,,,
autoland,4769055,12,f76b60813665636d86169b6507d2f60fe004600c,windows10-64-shippable-qr,True,False,,,102210fe594ee9b33d82058545b1ed14f4c8206e,console.log-in-loop-content-process-array,damp,True,damp console.log-in-loop-content-process-array opt e10s fission stylo webrender-sw,4768818,77,ms,firefox,447477783.0,1844708567,2024-02-13 16:14:26,129.3360448867188,db0b3480970851cd36eeebfd0535ab0fac094645,1376671,,,,,,,,,,,,,,,,,,,,,,,,,,,,,,,,,,,,,,,,,,,,,,,,,,TN,,,,,,,,,,
autoland,4769055,12,f76b60813665636d86169b6507d2f60fe004600c,windows10-64-shippable-qr,True,False,,,102210fe594ee9b33d82058545b1ed14f4c8206e,console.log-in-loop-content-process-array,damp,True,damp console.log-in-loop-content-process-array opt e10s fission stylo webrender-sw,4768818,77,ms,firefox,447480633.0,1844715261,2024-02-13 16:21:32,129.5878163177058,fb5a6bf3a33e904c06a307a8738e57b6277269c3,1376681,,,,,,,,,,,,,,,,,,,,,,,,,,,,,,,,,,,,,,,,,,,,,,,,,,TN,,,,,,,,,,
autoland,4769055,12,f76b60813665636d86169b6507d2f60fe004600c,windows10-64-shippable-qr,True,False,,,102210fe594ee9b33d82058545b1ed14f4c8206e,console.log-in-loop-content-process-array,damp,True,damp console.log-in-loop-content-process-array opt e10s fission stylo webrender-sw,4768818,77,ms,firefox,447480642.0,1844715402,2024-02-13 16:36:53,129.7519975669802,25aa19a174c0ae86631339dac33bc10eb50c5405,1376694,,,,,,,,,,,,,,,,,,,,,,,,,,,,,,,,,,,,,,,,,,,,,,,,,,TN,,,,,,,,,,
autoland,4769055,12,f76b60813665636d86169b6507d2f60fe004600c,windows10-64-shippable-qr,True,False,,,102210fe594ee9b33d82058545b1ed14f4c8206e,console.log-in-loop-content-process-array,damp,True,damp console.log-in-loop-content-process-array opt e10s fission stylo webrender-sw,4768818,77,ms,firefox,447478696.0,1844710620,2024-02-13 16:41:04,129.1002715651248,a5d935fdedd6c933cd8898a97a6cd750385bd7e8,1376699,,,,,,,,,,,,,,,,,,,,,,,,,,,,,,,,,,,,,,,,,,,,,,,,,,TN,,,,,,,,,,
autoland,4769055,12,f76b60813665636d86169b6507d2f60fe004600c,windows10-64-shippable-qr,True,False,,,102210fe594ee9b33d82058545b1ed14f4c8206e,console.log-in-loop-content-process-array,damp,True,damp console.log-in-loop-content-process-array opt e10s fission stylo webrender-sw,4768818,77,ms,firefox,447131513.0,1843549141,2024-02-13 16:46:39,132.10703539800124,17329a53b9f9a20247103958883a0ce7c42af78d,1376703,,,,,,,,,,,,,,,,,,,,,,,,,,,,,,,,,,,,,,,,,,,,,,,,,,TN,,,,,,,,,,
autoland,4769055,12,f76b60813665636d86169b6507d2f60fe004600c,windows10-64-shippable-qr,True,False,,,102210fe594ee9b33d82058545b1ed14f4c8206e,console.log-in-loop-content-process-array,damp,True,damp console.log-in-loop-content-process-array opt e10s fission stylo webrender-sw,4768818,77,ms,firefox,447518321.0,1844808193,2024-02-13 20:16:02,128.0667525233912,7ca9088c35f3d00bd51323d152051bccf328f6e2,1376843,,,,,,,,,,,,,,,,,,,,,,,,,,,,,,,,,,,,,,,,,,,,,,,,,,TN,,,,,,,,,,
autoland,4769055,12,f76b60813665636d86169b6507d2f60fe004600c,windows10-64-shippable-qr,True,False,,,102210fe594ee9b33d82058545b1ed14f4c8206e,console.log-in-loop-content-process-array,damp,True,damp console.log-in-loop-content-process-array opt e10s fission stylo webrender-sw,4768818,77,ms,firefox,447516564.0,1844804425,2024-02-13 20:17:14,131.93911586731156,115f7073bbac5e050449ab16dfbc2cccbb3a7a15,1376844,,,,,,,,,,,,,,,,,,,,,,,,,,,,,,,,,,,,,,,,,,,,,,,,,,TN,,,,,,,,,,
autoland,4769055,12,f76b60813665636d86169b6507d2f60fe004600c,windows10-64-shippable-qr,True,False,,,102210fe594ee9b33d82058545b1ed14f4c8206e,console.log-in-loop-content-process-array,damp,True,damp console.log-in-loop-content-process-array opt e10s fission stylo webrender-sw,4768818,77,ms,firefox,447520976.0,1844826849,2024-02-13 20:17:14,129.8294867878285,115f7073bbac5e050449ab16dfbc2cccbb3a7a15,1376844,,,,,,,,,,,,,,,,,,,,,,,,,,,,,,,,,,,,,,,,,,,,,,,,,,TN,,,,,,,,,,
autoland,4769055,12,f76b60813665636d86169b6507d2f60fe004600c,windows10-64-shippable-qr,True,False,,,102210fe594ee9b33d82058545b1ed14f4c8206e,console.log-in-loop-content-process-array,damp,True,damp console.log-in-loop-content-process-array opt e10s fission stylo webrender-sw,4768818,77,ms,firefox,447517964.0,1844805823,2024-02-13 20:45:25,127.74730432229808,b65c75b8b6ed5dec213309722d57f704c8e52e30,1376851,,,,,,,,,,,,,,,,,,,,,,,,,,,,,,,,,,,,,,,,,,,,,,,,,,TN,,,,,,,,,,
autoland,4769055,12,f76b60813665636d86169b6507d2f60fe004600c,windows10-64-shippable-qr,True,False,,,102210fe594ee9b33d82058545b1ed14f4c8206e,console.log-in-loop-content-process-array,damp,True,damp console.log-in-loop-content-process-array opt e10s fission stylo webrender-sw,4768818,77,ms,firefox,447518684.0,1844818282,2024-02-13 20:45:25,132.6796015828295,b65c75b8b6ed5dec213309722d57f704c8e52e30,1376851,,,,,,,,,,,,,,,,,,,,,,,,,,,,,,,,,,,,,,,,,,,,,,,,,,TN,,,,,,,,,,
autoland,4769055,12,f76b60813665636d86169b6507d2f60fe004600c,windows10-64-shippable-qr,True,False,,,102210fe594ee9b33d82058545b1ed14f4c8206e,console.log-in-loop-content-process-array,damp,True,damp console.log-in-loop-content-process-array opt e10s fission stylo webrender-sw,4768818,77,ms,firefox,447513910.0,1844799622,2024-02-13 20:49:35,129.61866272540465,334db14988cb48ef101c55f78e36c52614beda8b,1376853,,,,,,,,,,,,,,,,,,,,,,,,,,,,,,,,,,,,,,,,,,,,,,,,,,TN,,,,,,,,,,
autoland,4769055,12,f76b60813665636d86169b6507d2f60fe004600c,windows10-64-shippable-qr,True,False,,,102210fe594ee9b33d82058545b1ed14f4c8206e,console.log-in-loop-content-process-array,damp,True,damp console.log-in-loop-content-process-array opt e10s fission stylo webrender-sw,4768818,77,ms,firefox,447513934.0,1844799758,2024-02-13 20:49:35,128.9047646679337,334db14988cb48ef101c55f78e36c52614beda8b,1376853,,,,,,,,,,,,,,,,,,,,,,,,,,,,,,,,,,,,,,,,,,,,,,,,,,TN,,,,,,,,,,
autoland,4769055,12,f76b60813665636d86169b6507d2f60fe004600c,windows10-64-shippable-qr,True,False,,,102210fe594ee9b33d82058545b1ed14f4c8206e,console.log-in-loop-content-process-array,damp,True,damp console.log-in-loop-content-process-array opt e10s fission stylo webrender-sw,4768818,77,ms,firefox,447517941.0,1844805684,2024-02-13 21:06:48,128.566679159474,ad84f9c5a49c96b80f01017449af46739608ee63,1376857,,,,,,,,,,,,,,,,,,,,,,,,,,,,,,,,,,,,,,,,,,,,,,,,,,TN,,,,,,,,,,
autoland,4769055,12,f76b60813665636d86169b6507d2f60fe004600c,windows10-64-shippable-qr,True,False,,,102210fe594ee9b33d82058545b1ed14f4c8206e,console.log-in-loop-content-process-array,damp,True,damp console.log-in-loop-content-process-array opt e10s fission stylo webrender-sw,4768818,77,ms,firefox,447518379.0,1844808776,2024-02-13 21:06:48,127.4592694562998,ad84f9c5a49c96b80f01017449af46739608ee63,1376857,,,,,,,,,,,,,,,,,,,,,,,,,,,,,,,,,,,,,,,,,,,,,,,,,,TN,,,,,,,,,,
autoland,4769055,12,f76b60813665636d86169b6507d2f60fe004600c,windows10-64-shippable-qr,True,False,,,102210fe594ee9b33d82058545b1ed14f4c8206e,console.log-in-loop-content-process-array,damp,True,damp console.log-in-loop-content-process-array opt e10s fission stylo webrender-sw,4768818,77,ms,firefox,447516772.0,1844804495,2024-02-13 21:14:59,129.40576526342193,10745f3a46131e9799263992aab8dae63b141bc8,1376860,,,,,,,,,,,,,,,,,,,,,,,,,,,,,,,,,,,,,,,,,,,,,,,,,,TN,,,,,,,,,,
autoland,4769055,12,f76b60813665636d86169b6507d2f60fe004600c,windows10-64-shippable-qr,True,False,,,102210fe594ee9b33d82058545b1ed14f4c8206e,console.log-in-loop-content-process-array,damp,True,damp console.log-in-loop-content-process-array opt e10s fission stylo webrender-sw,4768818,77,ms,firefox,447518347.0,1844808140,2024-02-13 21:14:59,130.14663014850703,10745f3a46131e9799263992aab8dae63b141bc8,1376860,,,,,,,,,,,,,,,,,,,,,,,,,,,,,,,,,,,,,,,,,,,,,,,,,,TN,,,,,,,,,,
autoland,4769055,12,f76b60813665636d86169b6507d2f60fe004600c,windows10-64-shippable-qr,True,False,,,102210fe594ee9b33d82058545b1ed14f4c8206e,console.log-in-loop-content-process-array,damp,True,damp console.log-in-loop-content-process-array opt e10s fission stylo webrender-sw,4768818,77,ms,firefox,447515568.0,1844803482,2024-02-13 21:22:21,131.59626554090573,e3841ac04cdf374f715de377832f8bc291246cb8,1376863,,,,,,,,,,,,,,,,,,,,,,,,,,,,,,,,,,,,,,,,,,,,,,,,,,TN,,,,,,,,,,
autoland,4769055,12,f76b60813665636d86169b6507d2f60fe004600c,windows10-64-shippable-qr,True,False,,,102210fe594ee9b33d82058545b1ed14f4c8206e,console.log-in-loop-content-process-array,damp,True,damp console.log-in-loop-content-process-array opt e10s fission stylo webrender-sw,4768818,77,ms,firefox,447518098.0,1844807400,2024-02-13 21:22:21,129.29244246137205,e3841ac04cdf374f715de377832f8bc291246cb8,1376863,,,,,,,,,,,,,,,,,,,,,,,,,,,,,,,,,,,,,,,,,,,,,,,,,,TN,,,,,,,,,,
autoland,4769055,12,f76b60813665636d86169b6507d2f60fe004600c,windows10-64-shippable-qr,True,False,,,102210fe594ee9b33d82058545b1ed14f4c8206e,console.log-in-loop-content-process-array,damp,True,damp console.log-in-loop-content-process-array opt e10s fission stylo webrender-sw,4768818,77,ms,firefox,447480529.0,1844714288,2024-02-13 22:55:40,128.56258802149932,473eb25c039d65312e52f06633fb21a578cd5561,1376887,,,,,,,,,,,,,,,,,,,,,,,,,,,,,,,,,,,,,,,,,,,,,,,,,,TN,,,,,,,,,,
autoland,4769055,12,f76b60813665636d86169b6507d2f60fe004600c,windows10-64-shippable-qr,True,False,,,102210fe594ee9b33d82058545b1ed14f4c8206e,console.log-in-loop-content-process-array,damp,True,damp console.log-in-loop-content-process-array opt e10s fission stylo webrender-sw,4768818,77,ms,firefox,447478184.0,1844710142,2024-02-13 23:00:51,128.78312856160483,0a293bd3834ffd32035f6611f778bf9af89aa9a0,1376889,,,,,,,,,,,,,,,,,,,,,,,,,,,,,,,,,,,,,,,,,,,,,,,,,,TN,,,,,,,,,,
autoland,4769055,12,f76b60813665636d86169b6507d2f60fe004600c,windows10-64-shippable-qr,True,False,,,102210fe594ee9b33d82058545b1ed14f4c8206e,console.log-in-loop-content-process-array,damp,True,damp console.log-in-loop-content-process-array opt e10s fission stylo webrender-sw,4768818,77,ms,firefox,447477478.0,1844707572,2024-02-13 23:01:41,129.85801920475024,3b6d2e1cea3c73c85b4988c58f7ce0689c10587f,1376890,,,,,,,,,,,,,,,,,,,,,,,,,,,,,,,,,,,,,,,,,,,,,,,,,,TN,,,,,,,,,,
autoland,4769055,12,f76b60813665636d86169b6507d2f60fe004600c,windows10-64-shippable-qr,True,False,,,102210fe594ee9b33d82058545b1ed14f4c8206e,console.log-in-loop-content-process-array,damp,True,damp console.log-in-loop-content-process-array opt e10s fission stylo webrender-sw,4768818,77,ms,firefox,447473257.0,1844696548,2024-02-13 23:02:21,128.90157665629704,06f49882403c83a08133123c4da14f969e63b6e6,1376892,,,,,,,,,,,,,,,,,,,,,,,,,,,,,,,,,,,,,,,,,,,,,,,,,,TN,,,,,,,,,,
autoland,4769055,12,f76b60813665636d86169b6507d2f60fe004600c,windows10-64-shippable-qr,True,False,,,102210fe594ee9b33d82058545b1ed14f4c8206e,console.log-in-loop-content-process-array,damp,True,damp console.log-in-loop-content-process-array opt e10s fission stylo webrender-sw,4768818,77,ms,firefox,447479474.0,1844712441,2024-02-13 23:25:21,128.56544547652447,7c9a401e1c801d3745f0bd811d6a73727fa8dec2,1376896,,,,,,,,,,,,,,,,,,,,,,,,,,,,,,,,,,,,,,,,,,,,,,,,,,TN,,,,,,,,,,
autoland,4769055,12,f76b60813665636d86169b6507d2f60fe004600c,windows10-64-shippable-qr,True,False,,,102210fe594ee9b33d82058545b1ed14f4c8206e,console.log-in-loop-content-process-array,damp,True,damp console.log-in-loop-content-process-array opt e10s fission stylo webrender-sw,4768818,77,ms,firefox,447478057.0,1844709712,2024-02-13 23:28:45,128.5911673871051,4fbc51810324c6afe978993587ef252b3f79d1f0,1376898,,,,,,,,,,,,,,,,,,,,,,,,,,,,,,,,,,,,,,,,,,,,,,,,,,TN,,,,,,,,,,
autoland,4769055,12,f76b60813665636d86169b6507d2f60fe004600c,windows10-64-shippable-qr,True,False,,,102210fe594ee9b33d82058545b1ed14f4c8206e,console.log-in-loop-content-process-array,damp,True,damp console.log-in-loop-content-process-array opt e10s fission stylo webrender-sw,4768818,77,ms,firefox,447478556.0,1844710516,2024-02-13 23:57:33,133.54907879237726,d67ec2218b2289f13ae23f05094118ee55b1c95f,1376909,,,,,,,,,,,,,,,,,,,,,,,,,,,,,,,,,,,,,,,,,,,,,,,,,,TN,,,,,,,,,,
autoland,4769055,12,f76b60813665636d86169b6507d2f60fe004600c,windows10-64-shippable-qr,True,False,,,102210fe594ee9b33d82058545b1ed14f4c8206e,console.log-in-loop-content-process-array,damp,True,damp console.log-in-loop-content-process-array opt e10s fission stylo webrender-sw,4768818,77,ms,firefox,447478212.0,1844710198,2024-02-13 23:59:38,129.29567926687196,8744f0c0481d359ad4492e325ad5153c22ffefa8,1376910,,,,,,,,,,,,,,,,,,,,,,,,,,,,,,,,,,,,,,,,,,,,,,,,,,TN,,,,,,,,,,
autoland,4769055,12,f76b60813665636d86169b6507d2f60fe004600c,windows10-64-shippable-qr,True,False,,,102210fe594ee9b33d82058545b1ed14f4c8206e,console.log-in-loop-content-process-array,damp,True,damp console.log-in-loop-content-process-array opt e10s fission stylo webrender-sw,4768818,77,ms,firefox,447485431.0,1844727502,2024-02-14 00:06:50,127.91882816110956,58c91aae23fff2a24bc01438b41523370fa571b5,1376912,,,,,,,,,,,,,,,,,,,,,,,,,,,,,,,,,,,,,,,,,,,,,,,,,,TN,,,,,,,,,,
autoland,4769055,12,f76b60813665636d86169b6507d2f60fe004600c,windows10-64-shippable-qr,True,False,,,102210fe594ee9b33d82058545b1ed14f4c8206e,console.log-in-loop-content-process-array,damp,True,damp console.log-in-loop-content-process-array opt e10s fission stylo webrender-sw,4768818,77,ms,firefox,447485432.0,1844727579,2024-02-14 00:06:50,129.577532093841,58c91aae23fff2a24bc01438b41523370fa571b5,1376912,,,,,,,,,,,,,,,,,,,,,,,,,,,,,,,,,,,,,,,,,,,,,,,,,,TN,,,,,,,,,,
autoland,4769055,12,f76b60813665636d86169b6507d2f60fe004600c,windows10-64-shippable-qr,True,False,,,102210fe594ee9b33d82058545b1ed14f4c8206e,console.log-in-loop-content-process-array,damp,True,damp console.log-in-loop-content-process-array opt e10s fission stylo webrender-sw,4768818,77,ms,firefox,447196450.0,1843741953,2024-02-14 00:47:09,129.05614033410984,4a18caac75720f24abc9063ce8df5fa6b7948aa4,1376921,,,,,,,,,,,,,,,,,,,,,,,,,,,,,,,,,,,,,,,,,,,,,,,,,,TN,,,,,,,,,,
autoland,4769055,12,f76b60813665636d86169b6507d2f60fe004600c,windows10-64-shippable-qr,True,False,,,102210fe594ee9b33d82058545b1ed14f4c8206e,console.log-in-loop-content-process-array,damp,True,damp console.log-in-loop-content-process-array opt e10s fission stylo webrender-sw,4768818,77,ms,firefox,447478757.0,1844710737,2024-02-14 01:01:19,131.31022825638684,cc3c766053a160c8bb94177bd0030e39f05cec32,1376927,,,,,,,,,,,,,,,,,,,,,,,,,,,,,,,,,,,,,,,,,,,,,,,,,,TN,,,,,,,,,,
autoland,4769055,12,f76b60813665636d86169b6507d2f60fe004600c,windows10-64-shippable-qr,True,False,,,102210fe594ee9b33d82058545b1ed14f4c8206e,console.log-in-loop-content-process-array,damp,True,damp console.log-in-loop-content-process-array opt e10s fission stylo webrender-sw,4768818,77,ms,firefox,447480081.0,1844712110,2024-02-14 01:15:52,127.7933842829807,03db92453f60e3798e341c8a86cc9e1ad0555163,1376932,,,,,,,,,,,,,,,,,,,,,,,,,,,,,,,,,,,,,,,,,,,,,,,,,,TN,,,,,,,,,,
autoland,4769055,12,f76b60813665636d86169b6507d2f60fe004600c,windows10-64-shippable-qr,True,False,,,102210fe594ee9b33d82058545b1ed14f4c8206e,console.log-in-loop-content-process-array,damp,True,damp console.log-in-loop-content-process-array opt e10s fission stylo webrender-sw,4768818,77,ms,firefox,447480082.0,1844712202,2024-02-14 01:15:52,128.0947460868665,03db92453f60e3798e341c8a86cc9e1ad0555163,1376932,,,,,,,,,,,,,,,,,,,,,,,,,,,,,,,,,,,,,,,,,,,,,,,,,,TN,,,,,,,,,,
autoland,4769055,12,f76b60813665636d86169b6507d2f60fe004600c,windows10-64-shippable-qr,True,False,,,102210fe594ee9b33d82058545b1ed14f4c8206e,console.log-in-loop-content-process-array,damp,True,damp console.log-in-loop-content-process-array opt e10s fission stylo webrender-sw,4768818,77,ms,firefox,447479881.0,1844712600,2024-02-14 01:27:07,129.91226019179703,6406a92f4a33def5a8efdfcdde232b828c4d5f90,1376936,,,,,,,,,,,,,,,,,,,,,,,,,,,,,,,,,,,,,,,,,,,,,,,,,,TN,,,,,,,,,,
autoland,4769055,12,f76b60813665636d86169b6507d2f60fe004600c,windows10-64-shippable-qr,True,False,,,102210fe594ee9b33d82058545b1ed14f4c8206e,console.log-in-loop-content-process-array,damp,True,damp console.log-in-loop-content-process-array opt e10s fission stylo webrender-sw,4768818,77,ms,firefox,447199555.0,1843763538,2024-02-14 01:35:59,132.89743876813918,aaaa3f2b8fed9e159a8b08e4263034e9a051be71,1376937,,,,,,,,,,,,,,,,,,,,,,,,,,,,,,,,,,,,,,,,,,,,,,,,,,TN,,,,,,,,,,
autoland,4769055,12,f76b60813665636d86169b6507d2f60fe004600c,windows10-64-shippable-qr,True,False,,,102210fe594ee9b33d82058545b1ed14f4c8206e,console.log-in-loop-content-process-array,damp,True,damp console.log-in-loop-content-process-array opt e10s fission stylo webrender-sw,4768818,77,ms,firefox,447485094.0,1844726455,2024-02-14 01:58:52,133.52261381831522,0fff927336814aa029170d9ee5bbc3c342e96061,1376942,,,,,,,,,,,,,,,,,,,,,,,,,,,,,,,,,,,,,,,,,,,,,,,,,,TN,,,,,,,,,,
autoland,4769055,12,f76b60813665636d86169b6507d2f60fe004600c,windows10-64-shippable-qr,True,False,,,102210fe594ee9b33d82058545b1ed14f4c8206e,console.log-in-loop-content-process-array,damp,True,damp console.log-in-loop-content-process-array opt e10s fission stylo webrender-sw,4768818,77,ms,firefox,447483082.0,1844723253,2024-02-14 02:06:15,128.71793383930526,8afc625dd4fd04d2475f3bab86e804f79b8e5f84,1376946,,,,,,,,,,,,,,,,,,,,,,,,,,,,,,,,,,,,,,,,,,,,,,,,,,TN,,,,,,,,,,
autoland,4769055,12,f76b60813665636d86169b6507d2f60fe004600c,windows10-64-shippable-qr,True,False,,,102210fe594ee9b33d82058545b1ed14f4c8206e,console.log-in-loop-content-process-array,damp,True,damp console.log-in-loop-content-process-array opt e10s fission stylo webrender-sw,4768818,77,ms,firefox,447483725.0,1844724472,2024-02-14 02:58:25,129.5358452478431,6836e1b827e0efd956e595039a8e399e2bfb8655,1376950,,,,,,,,,,,,,,,,,,,,,,,,,,,,,,,,,,,,,,,,,,,,,,,,,,TN,,,,,,,,,,
autoland,4769055,12,f76b60813665636d86169b6507d2f60fe004600c,windows10-64-shippable-qr,True,False,,,102210fe594ee9b33d82058545b1ed14f4c8206e,console.log-in-loop-content-process-array,damp,True,damp console.log-in-loop-content-process-array opt e10s fission stylo webrender-sw,4768818,77,ms,firefox,447484880.0,1844725845,2024-02-14 04:51:20,129.78169355177488,ea95dfbc56f0f50366616abc638a078faf6cbdb1,1376963,,,,,,,,,,,,,,,,,,,,,,,,,,,,,,,,,,,,,,,,,,,,,,,,,,TN,,,,,,,,,,
autoland,4769055,12,f76b60813665636d86169b6507d2f60fe004600c,windows10-64-shippable-qr,True,False,,,102210fe594ee9b33d82058545b1ed14f4c8206e,console.log-in-loop-content-process-array,damp,True,damp console.log-in-loop-content-process-array opt e10s fission stylo webrender-sw,4768818,77,ms,firefox,447217285.0,1843828911,2024-02-14 05:55:05,128.97026201092194,1b24ea8c2e7e02f00bd61e8cd672da76b16c42a6,1376972,,,,,,,,,,,,,,,,,,,,,,,,,,,,,,,,,,,,,,,,,,,,,,,,,,TN,,,,,,,,,,
autoland,4769055,12,f76b60813665636d86169b6507d2f60fe004600c,windows10-64-shippable-qr,True,False,,,102210fe594ee9b33d82058545b1ed14f4c8206e,console.log-in-loop-content-process-array,damp,True,damp console.log-in-loop-content-process-array opt e10s fission stylo webrender-sw,4768818,77,ms,firefox,447274554.0,1843981723,2024-02-14 15:32:04,128.48812383285258,dca10aca1871edfdba5107bc7766982b186d7f2c,1377071,,,,,,,,,,,,,,,,,,,,,,,,,,,,,,,,,,,,,,,,,,,,,,,,,,TN,,,,,,,,,,
autoland,4769055,12,f76b60813665636d86169b6507d2f60fe004600c,windows10-64-shippable-qr,True,False,,,102210fe594ee9b33d82058545b1ed14f4c8206e,console.log-in-loop-content-process-array,damp,True,damp console.log-in-loop-content-process-array opt e10s fission stylo webrender-sw,4768818,77,ms,firefox,447280338.0,1844004543,2024-02-14 15:37:30,131.0092617434093,2ea0fda6ec6ed02a530a3a4bb67fabb0d14d403f,1377078,,,,,,,,,,,,,,,,,,,,,,,,,,,,,,,,,,,,,,,,,,,,,,,,,,TN,,,,,,,,,,
autoland,4769055,12,f76b60813665636d86169b6507d2f60fe004600c,windows10-64-shippable-qr,True,False,,,102210fe594ee9b33d82058545b1ed14f4c8206e,console.log-in-loop-content-process-array,damp,True,damp console.log-in-loop-content-process-array opt e10s fission stylo webrender-sw,4768818,77,ms,firefox,447312637.0,1844092733,2024-02-14 20:39:05,128.69651767785217,b0b34dab81d56b5e5ee526c9f44e926db4b27dce,1377195,,,,,,,,,,,,,,,,,,,,,,,,,,,,,,,,,,,,,,,,,,,,,,,,,,TN,,,,,,,,,,
autoland,4769055,12,f76b60813665636d86169b6507d2f60fe004600c,windows10-64-shippable-qr,True,False,,,102210fe594ee9b33d82058545b1ed14f4c8206e,console.log-in-loop-content-process-array,damp,True,damp console.log-in-loop-content-process-array opt e10s fission stylo webrender-sw,4768818,77,ms,firefox,447331632.0,1844153791,2024-02-15 00:51:05,128.86799395429625,981afc9a696a12b7e873eae165925138a2726efe,1377256,,,,,,,,,,,,,,,,,,,,,,,,,,,,,,,,,,,,,,,,,,,,,,,,,,TN,,,,,,,,,,
autoland,4769055,12,f76b60813665636d86169b6507d2f60fe004600c,windows10-64-shippable-qr,True,False,,,102210fe594ee9b33d82058545b1ed14f4c8206e,console.log-in-loop-content-process-array,damp,True,damp console.log-in-loop-content-process-array opt e10s fission stylo webrender-sw,4768818,77,ms,firefox,447348941.0,1844242893,2024-02-15 04:52:31,129.0569606923873,aa5fc411278d3beae081682cb31a2167257d3aed,1377304,,,,,,,,,,,,,,,,,,,,,,,,,,,,,,,,,,,,,,,,,,,,,,,,,,TN,,,,,,,,,,
autoland,4769055,12,f76b60813665636d86169b6507d2f60fe004600c,windows10-64-shippable-qr,True,False,,,102210fe594ee9b33d82058545b1ed14f4c8206e,console.log-in-loop-content-process-array,damp,True,damp console.log-in-loop-content-process-array opt e10s fission stylo webrender-sw,4768818,77,ms,firefox,447393666.0,1844400865,2024-02-15 12:49:34,128.35117085966522,2b4e9ee6225f1183da45d24404e72f48e3803f08,1377375,,,,,,,,,,,,,,,,,,,,,,,,,,,,,,,,,,,,,,,,,,,,,,,,,,TN,,,,,,,,,,
autoland,4769055,12,f76b60813665636d86169b6507d2f60fe004600c,windows10-64-shippable-qr,True,False,,,102210fe594ee9b33d82058545b1ed14f4c8206e,console.log-in-loop-content-process-array,damp,True,damp console.log-in-loop-content-process-array opt e10s fission stylo webrender-sw,4768818,77,ms,firefox,447409317.0,1844463587,2024-02-15 16:23:45,128.63127404692568,dbe553dd13b79a3c4821f203f3adca31fe71cc56,1377427,,,,,,,,,,,,,,,,,,,,,,,,,,,,,,,,,,,,,,,,,,,,,,,,,,TN,,,,,,,,,,
autoland,4769055,12,f76b60813665636d86169b6507d2f60fe004600c,windows10-64-shippable-qr,True,False,,,102210fe594ee9b33d82058545b1ed14f4c8206e,console.log-in-loop-content-process-array,damp,True,damp console.log-in-loop-content-process-array opt e10s fission stylo webrender-sw,4768818,77,ms,firefox,447432345.0,1844555526,2024-02-15 20:44:46,127.82756121895544,02d5bc9805676f9a22f3cef50c86ddc38e7534d9,1377493,,,,,,,,,,,,,,,,,,,,,,,,,,,,,,,,,,,,,,,,,,,,,,,,,,TN,,,,,,,,,,
autoland,4769055,12,f76b60813665636d86169b6507d2f60fe004600c,windows10-64-shippable-qr,True,False,,,102210fe594ee9b33d82058545b1ed14f4c8206e,console.log-in-loop-content-process-array,damp,True,damp console.log-in-loop-content-process-array opt e10s fission stylo webrender-sw,4768818,77,ms,firefox,447449090.0,1844618452,2024-02-15 22:19:13,128.5502464253059,798af36e79586239c3954fe06796d9a27a353b92,1377518,,,,,,,,,,,,,,,,,,,,,,,,,,,,,,,,,,,,,,,,,,,,,,,,,,TN,,,,,,,,,,
autoland,4769055,12,f76b60813665636d86169b6507d2f60fe004600c,windows10-64-shippable-qr,True,False,,,102210fe594ee9b33d82058545b1ed14f4c8206e,console.log-in-loop-content-process-array,damp,True,damp console.log-in-loop-content-process-array opt e10s fission stylo webrender-sw,4768818,77,ms,firefox,447482225.0,1844719696,2024-02-16 06:24:45,127.6620945183713,861d200fe3e761e23bbb6ce556446725fb01cd43,1378006,,,,,,,,,,,,,,,,,,,,,,,,,,,,,,,,,,,,,,,,,,,,,,,,,,TN,,,,,,,,,,
autoland,4769055,12,f76b60813665636d86169b6507d2f60fe004600c,windows10-64-shippable-qr,True,False,,,102210fe594ee9b33d82058545b1ed14f4c8206e,console.log-in-loop-content-process-array,damp,True,damp console.log-in-loop-content-process-array opt e10s fission stylo webrender-sw,4768818,77,ms,firefox,447522283.0,1844833668,2024-02-16 14:55:53,132.180070990471,313b43f262a908e7e012c7d19f326345a0863bae,1378386,,,,,,,,,,,,,,,,,,,,,,,,,,,,,,,,,,,,,,,,,,,,,,,,,,TN,,,,,,,,,,
autoland,4769055,12,f76b60813665636d86169b6507d2f60fe004600c,windows10-64-shippable-qr,True,False,,,102210fe594ee9b33d82058545b1ed14f4c8206e,console.log-in-loop-content-process-array,damp,True,damp console.log-in-loop-content-process-array opt e10s fission stylo webrender-sw,4768818,77,ms,firefox,447565134.0,1845033017,2024-02-17 16:55:38,128.7540221818599,2af34b4c9adf8c8defd3251b569af9c38cc0a429,1378583,,,,,,,,,,,,,,,,,,,,,,,,,,,,,,,,,,,,,,,,,,,,,,,,,,TN,,,,,,,,,,
autoland,4769055,12,f76b60813665636d86169b6507d2f60fe004600c,windows10-64-shippable-qr,True,False,,,102210fe594ee9b33d82058545b1ed14f4c8206e,console.log-in-loop-content-process-array,damp,True,damp console.log-in-loop-content-process-array opt e10s fission stylo webrender-sw,4768818,77,ms,firefox,447595963.0,1845211147,2024-02-19 03:31:58,128.6476969755513,fcdb3e9046c67688b2a5b8aeb6451b081b3b52ea,1378717,,,,,,,,,,,,,,,,,,,,,,,,,,,,,,,,,,,,,,,,,,,,,,,,,,TN,,,,,,,,,,
autoland,4769055,12,f76b60813665636d86169b6507d2f60fe004600c,windows10-64-shippable-qr,True,False,,,102210fe594ee9b33d82058545b1ed14f4c8206e,console.log-in-loop-content-process-array,damp,True,damp console.log-in-loop-content-process-array opt e10s fission stylo webrender-sw,4768818,77,ms,firefox,447616983.0,1845287920,2024-02-19 10:14:02,128.3124687680065,1dcfa194ad7d005175d431adf6ee3b93c00fb453,1378796,,,,,,,,,,,,,,,,,,,,,,,,,,,,,,,,,,,,,,,,,,,,,,,,,,TN,,,,,,,,,,
autoland,4769055,12,f76b60813665636d86169b6507d2f60fe004600c,windows10-64-shippable-qr,True,False,,,102210fe594ee9b33d82058545b1ed14f4c8206e,console.log-in-loop-content-process-array,damp,True,damp console.log-in-loop-content-process-array opt e10s fission stylo webrender-sw,4768818,77,ms,firefox,447641713.0,1845385358,2024-02-19 12:40:02,129.59559105882727,ac4ab326e785a5ad42ce51b54749c2bcce394916,1378838,,,,,,,,,,,,,,,,,,,,,,,,,,,,,,,,,,,,,,,,,,,,,,,,,,TN,,,,,,,,,,
autoland,4769055,12,f76b60813665636d86169b6507d2f60fe004600c,windows10-64-shippable-qr,True,False,,,102210fe594ee9b33d82058545b1ed14f4c8206e,console.log-in-loop-content-process-array,damp,True,damp console.log-in-loop-content-process-array opt e10s fission stylo webrender-sw,4768818,77,ms,firefox,447667639.0,1845446433,2024-02-19 16:50:13,128.79699653614443,bef8b1b461b8524917fc01cd866e903290b1d7f6,1378949,,,,,,,,,,,,,,,,,,,,,,,,,,,,,,,,,,,,,,,,,,,,,,,,,,TN,,,,,,,,,,
autoland,4769055,12,f76b60813665636d86169b6507d2f60fe004600c,windows10-64-shippable-qr,True,False,,,102210fe594ee9b33d82058545b1ed14f4c8206e,console.log-in-loop-content-process-array,damp,True,damp console.log-in-loop-content-process-array opt e10s fission stylo webrender-sw,4768818,77,ms,firefox,447689042.0,1845510536,2024-02-19 20:56:27,128.3320078233519,2f43b0ae1352efb25f67ffe4f86884c0eb959adb,1379008,,,,,,,,,,,,,,,,,,,,,,,,,,,,,,,,,,,,,,,,,,,,,,,,,,TN,,,,,,,,,,
autoland,4769055,12,f76b60813665636d86169b6507d2f60fe004600c,windows10-64-shippable-qr,True,False,,,102210fe594ee9b33d82058545b1ed14f4c8206e,console.log-in-loop-content-process-array,damp,True,damp console.log-in-loop-content-process-array opt e10s fission stylo webrender-sw,4768818,77,ms,firefox,447699541.0,1845558650,2024-02-19 22:19:49,128.39289657905465,e9309553f817fa164bde4c229fe12ae51207bed9,1379038,,,,,,,,,,,,,,,,,,,,,,,,,,,,,,,,,,,,,,,,,,,,,,,,,,TN,,,,,,,,,,
autoland,4769055,12,f76b60813665636d86169b6507d2f60fe004600c,windows10-64-shippable-qr,True,False,,,102210fe594ee9b33d82058545b1ed14f4c8206e,console.log-in-loop-content-process-array,damp,True,damp console.log-in-loop-content-process-array opt e10s fission stylo webrender-sw,4768818,77,ms,firefox,447712251.0,1845607529,2024-02-20 03:01:00,128.66945945457155,ad2add2f3c608b924436c34684c1a775130e74ce,1379095,,,,,,,,,,,,,,,,,,,,,,,,,,,,,,,,,,,,,,,,,,,,,,,,,,TN,,,,,,,,,,
autoland,4769055,12,f76b60813665636d86169b6507d2f60fe004600c,windows10-64-shippable-qr,True,False,,,102210fe594ee9b33d82058545b1ed14f4c8206e,console.log-in-loop-content-process-array,damp,True,damp console.log-in-loop-content-process-array opt e10s fission stylo webrender-sw,4768818,77,ms,firefox,447732480.0,1845724111,2024-02-20 09:01:06,132.0629486396192,cc3c4937fb69e80b552b61a4f2dfd1405b518d89,1379152,,,,,,,,,,,,,,,,,,,,,,,,,,,,,,,,,,,,,,,,,,,,,,,,,,TN,,,,,,,,,,
autoland,4769055,12,f76b60813665636d86169b6507d2f60fe004600c,windows10-64-shippable-qr,True,False,,,102210fe594ee9b33d82058545b1ed14f4c8206e,console.log-in-loop-content-process-array,damp,True,damp console.log-in-loop-content-process-array opt e10s fission stylo webrender-sw,4768818,77,ms,firefox,447778555.0,1845900543,2024-02-20 16:46:59,130.69723830566363,0465723cfb4ca46ccf93d696eb564093a1d9f2e6,1379390,,,,,,,,,,,,,,,,,,,,,,,,,,,,,,,,,,,,,,,,,,,,,,,,,,TN,,,,,,,,,,
autoland,4769055,12,f76b60813665636d86169b6507d2f60fe004600c,windows10-64-shippable-qr,True,False,,,102210fe594ee9b33d82058545b1ed14f4c8206e,console.log-in-loop-content-process-array,damp,True,damp console.log-in-loop-content-process-array opt e10s fission stylo webrender-sw,4768818,77,ms,firefox,447801308.0,1845966227,2024-02-20 20:06:07,129.0336619347654,53f7baad39fc2408bc5c1ab6df97372a395730a4,1379528,,,,,,,,,,,,,,,,,,,,,,,,,,,,,,,,,,,,,,,,,,,,,,,,,,TN,,,,,,,,,,
autoland,4769055,12,f76b60813665636d86169b6507d2f60fe004600c,windows10-64-shippable-qr,True,False,,,102210fe594ee9b33d82058545b1ed14f4c8206e,console.log-in-loop-content-process-array,damp,True,damp console.log-in-loop-content-process-array opt e10s fission stylo webrender-sw,4768818,77,ms,firefox,447831931.0,1846065131,2024-02-21 00:08:41,128.0994373115227,05e1180d2aa04a8882ff66dfaeeb0705694f7a61,1379609,,,,,,,,,,,,,,,,,,,,,,,,,,,,,,,,,,,,,,,,,,,,,,,,,,TN,,,,,,,,,,
autoland,4769055,12,f76b60813665636d86169b6507d2f60fe004600c,windows10-64-shippable-qr,True,False,,,102210fe594ee9b33d82058545b1ed14f4c8206e,console.log-in-loop-content-process-array,damp,True,damp console.log-in-loop-content-process-array opt e10s fission stylo webrender-sw,4768818,77,ms,firefox,447832974.0,1846078032,2024-02-21 00:41:01,128.70708890460082,119078d182dd2557cd70eb6933abc1ecfb499edd,1379618,,,,,,,,,,,,,,,,,,,,,,,,,,,,,,,,,,,,,,,,,,,,,,,,,,TN,,,,,,,,,,
autoland,4769055,12,f76b60813665636d86169b6507d2f60fe004600c,windows10-64-shippable-qr,True,False,,,102210fe594ee9b33d82058545b1ed14f4c8206e,console.log-in-loop-content-process-array,damp,True,damp console.log-in-loop-content-process-array opt e10s fission stylo webrender-sw,4768818,77,ms,firefox,447846206.0,1846142065,2024-02-21 05:21:04,131.2260981047766,714d9f89093457451e3881a56b2477e958b70fe0,1379764,,,,,,,,,,,,,,,,,,,,,,,,,,,,,,,,,,,,,,,,,,,,,,,,,,TN,,,,,,,,,,
autoland,4769055,12,f76b60813665636d86169b6507d2f60fe004600c,windows10-64-shippable-qr,True,False,,,102210fe594ee9b33d82058545b1ed14f4c8206e,console.log-in-loop-content-process-array,damp,True,damp console.log-in-loop-content-process-array opt e10s fission stylo webrender-sw,4768818,77,ms,firefox,447877632.0,1846254505,2024-02-21 10:11:10,131.24845546481993,764b93d1a22891bddaaec4e5f73836957d938bac,1379832,,,,,,,,,,,,,,,,,,,,,,,,,,,,,,,,,,,,,,,,,,,,,,,,,,TN,,,,,,,,,,
autoland,4769055,12,f76b60813665636d86169b6507d2f60fe004600c,windows10-64-shippable-qr,True,False,,,102210fe594ee9b33d82058545b1ed14f4c8206e,console.log-in-loop-content-process-array,damp,True,damp console.log-in-loop-content-process-array opt e10s fission stylo webrender-sw,4768818,77,ms,firefox,447884497.0,1846300523,2024-02-21 10:22:21,129.34662622547148,24ffc625c71e9cb6e20c48936ac06da6ec066694,1379838,,,,,,,,,,,,,,,,,,,,,,,,,,,,,,,,,,,,,,,,,,,,,,,,,,TN,,,,,,,,,,
autoland,4769055,12,f76b60813665636d86169b6507d2f60fe004600c,windows10-64-shippable-qr,True,False,,,102210fe594ee9b33d82058545b1ed14f4c8206e,console.log-in-loop-content-process-array,damp,True,damp console.log-in-loop-content-process-array opt e10s fission stylo webrender-sw,4768818,77,ms,firefox,447914883.0,1846391688,2024-02-21 14:24:58,129.4083132288324,799f79fdcedba2bbccee86179c8b547894a16162,1379926,,,,,,,,,,,,,,,,,,,,,,,,,,,,,,,,,,,,,,,,,,,,,,,,,,TN,,,,,,,,,,
autoland,4769055,12,f76b60813665636d86169b6507d2f60fe004600c,windows10-64-shippable-qr,True,False,,,102210fe594ee9b33d82058545b1ed14f4c8206e,console.log-in-loop-content-process-array,damp,True,damp console.log-in-loop-content-process-array opt e10s fission stylo webrender-sw,4768818,77,ms,firefox,447921328.0,1846423620,2024-02-21 15:14:56,128.73602452140585,f8dd4015fa59fee3a1a74c00cd2393a9578e49f0,1379958,,,,,,,,,,,,,,,,,,,,,,,,,,,,,,,,,,,,,,,,,,,,,,,,,,TN,,,,,,,,,,
autoland,4769055,12,f76b60813665636d86169b6507d2f60fe004600c,windows10-64-shippable-qr,True,False,,,102210fe594ee9b33d82058545b1ed14f4c8206e,console.log-in-loop-content-process-array,damp,True,damp console.log-in-loop-content-process-array opt e10s fission stylo webrender-sw,4768818,77,ms,firefox,447956444.0,1846634875,2024-02-21 20:37:48,127.44535842273945,bec4dc4bd9ce0a51dab009936bc838963e3f16b3,1380197,,,,,,,,,,,,,,,,,,,,,,,,,,,,,,,,,,,,,,,,,,,,,,,,,,TN,,,,,,,,,,
autoland,4769055,12,f76b60813665636d86169b6507d2f60fe004600c,windows10-64-shippable-qr,True,False,,,102210fe594ee9b33d82058545b1ed14f4c8206e,console.log-in-loop-content-process-array,damp,True,damp console.log-in-loop-content-process-array opt e10s fission stylo webrender-sw,4768818,77,ms,firefox,447961922.0,1846697865,2024-02-21 20:47:55,128.49969006938773,31b9ef95a482db91c24a809eb6a64f2c0d7f8f9d,1380210,,,,,,,,,,,,,,,,,,,,,,,,,,,,,,,,,,,,,,,,,,,,,,,,,,TN,,,,,,,,,,
autoland,4769055,12,f76b60813665636d86169b6507d2f60fe004600c,windows10-64-shippable-qr,True,False,,,102210fe594ee9b33d82058545b1ed14f4c8206e,console.log-in-loop-content-process-array,damp,True,damp console.log-in-loop-content-process-array opt e10s fission stylo webrender-sw,4768818,77,ms,firefox,447998822.0,1846840925,2024-02-22 02:03:24,131.744233515652,093d37f32ef033aa168508e96b9ec2e753850ccc,1380373,,,,,,,,,,,,,,,,,,,,,,,,,,,,,,,,,,,,,,,,,,,,,,,,,,TN,,,,,,,,,,
autoland,4769055,12,f76b60813665636d86169b6507d2f60fe004600c,windows10-64-shippable-qr,True,False,,,102210fe594ee9b33d82058545b1ed14f4c8206e,console.log-in-loop-content-process-array,damp,True,damp console.log-in-loop-content-process-array opt e10s fission stylo webrender-sw,4768818,77,ms,firefox,448017630.0,1846943467,2024-02-22 06:55:22,128.75317397387516,e32e8effe8493ec71ad7a3b2b043f7742905b2be,1380445,,,,,,,,,,,,,,,,,,,,,,,,,,,,,,,,,,,,,,,,,,,,,,,,,,TN,,,,,,,,,,
autoland,4769055,12,f76b60813665636d86169b6507d2f60fe004600c,windows10-64-shippable-qr,True,False,,,102210fe594ee9b33d82058545b1ed14f4c8206e,console.log-in-loop-content-process-array,damp,True,damp console.log-in-loop-content-process-array opt e10s fission stylo webrender-sw,4768818,77,ms,firefox,448039874.0,1846997340,2024-02-22 08:58:43,129.4340959639303,836800665817ebbf328952caef8477f135630733,1380488,,,,,,,,,,,,,,,,,,,,,,,,,,,,,,,,,,,,,,,,,,,,,,,,,,TN,,,,,,,,,,
autoland,4769055,12,f76b60813665636d86169b6507d2f60fe004600c,windows10-64-shippable-qr,True,False,,,102210fe594ee9b33d82058545b1ed14f4c8206e,console.log-in-loop-content-process-array,damp,True,damp console.log-in-loop-content-process-array opt e10s fission stylo webrender-sw,4768818,77,ms,firefox,448073788.0,1847159787,2024-02-22 12:54:00,128.18869170072503,583b3985eb0c0410cf6ebaf8e2f5c576185726c5,1380594,,,,,,,,,,,,,,,,,,,,,,,,,,,,,,,,,,,,,,,,,,,,,,,,,,TN,,,,,,,,,,
autoland,4769055,12,f76b60813665636d86169b6507d2f60fe004600c,windows10-64-shippable-qr,True,False,,,102210fe594ee9b33d82058545b1ed14f4c8206e,console.log-in-loop-content-process-array,damp,True,damp console.log-in-loop-content-process-array opt e10s fission stylo webrender-sw,4768818,77,ms,firefox,448099744.0,1847256215,2024-02-22 16:54:14,129.17774862033184,51ea0932b27ba455533226277e6c6deeb38a8fd4,1380794,,,,,,,,,,,,,,,,,,,,,,,,,,,,,,,,,,,,,,,,,,,,,,,,,,TN,,,,,,,,,,
autoland,4769055,12,f76b60813665636d86169b6507d2f60fe004600c,windows10-64-shippable-qr,True,False,,,102210fe594ee9b33d82058545b1ed14f4c8206e,console.log-in-loop-content-process-array,damp,True,damp console.log-in-loop-content-process-array opt e10s fission stylo webrender-sw,4768818,77,ms,firefox,448101215.0,1847271312,2024-02-22 17:17:40,131.55278150494632,aac0a57bd987ca0633e2f48ca37f8564344749b9,1380806,,,,,,,,,,,,,,,,,,,,,,,,,,,,,,,,,,,,,,,,,,,,,,,,,,TN,,,,,,,,,,
autoland,4769055,12,f76b60813665636d86169b6507d2f60fe004600c,windows10-64-shippable-qr,True,False,,,102210fe594ee9b33d82058545b1ed14f4c8206e,console.log-in-loop-content-process-array,damp,True,damp console.log-in-loop-content-process-array opt e10s fission stylo webrender-sw,4768818,77,ms,firefox,448143064.0,1847415234,2024-02-22 21:59:43,127.9167801600579,1b60bca1b546c120891a0263bcdf7757d75178bc,1380998,,,,,,,,,,,,,,,,,,,,,,,,,,,,,,,,,,,,,,,,,,,,,,,,,,TN,,,,,,,,,,
autoland,4769055,12,f76b60813665636d86169b6507d2f60fe004600c,windows10-64-shippable-qr,True,False,,,102210fe594ee9b33d82058545b1ed14f4c8206e,console.log-in-loop-content-process-array,damp,True,damp console.log-in-loop-content-process-array opt e10s fission stylo webrender-sw,4768818,77,ms,firefox,448141433.0,1847401788,2024-02-22 22:05:44,128.0692250952252,3157eece201c15988ff693f9746bc767ad633fa8,1381007,,,,,,,,,,,,,,,,,,,,,,,,,,,,,,,,,,,,,,,,,,,,,,,,,,TN,,,,,,,,,,
autoland,4769055,12,f76b60813665636d86169b6507d2f60fe004600c,windows10-64-shippable-qr,True,False,,,102210fe594ee9b33d82058545b1ed14f4c8206e,console.log-in-loop-content-process-array,damp,True,damp console.log-in-loop-content-process-array opt e10s fission stylo webrender-sw,4768818,77,ms,firefox,448164806.0,1847524017,2024-02-23 03:42:44,128.3260782970483,90d2dd7d6b48918404ecc4906e62fa106b4238a9,1381156,,,,,,,,,,,,,,,,,,,,,,,,,,,,,,,,,,,,,,,,,,,,,,,,,,TN,,,,,,,,,,
autoland,4769055,12,f76b60813665636d86169b6507d2f60fe004600c,windows10-64-shippable-qr,True,False,,,102210fe594ee9b33d82058545b1ed14f4c8206e,console.log-in-loop-content-process-array,damp,True,damp console.log-in-loop-content-process-array opt e10s fission stylo webrender-sw,4768818,77,ms,firefox,448175832.0,1847619660,2024-02-23 07:23:44,128.4590666868717,21d2a36f8f072b9b57adbeb73eca449f62093ca3,1381206,,,,,,,,,,,,,,,,,,,,,,,,,,,,,,,,,,,,,,,,,,,,,,,,,,TN,,,,,,,,,,
autoland,4769055,12,f76b60813665636d86169b6507d2f60fe004600c,windows10-64-shippable-qr,True,False,,,102210fe594ee9b33d82058545b1ed14f4c8206e,console.log-in-loop-content-process-array,damp,True,damp console.log-in-loop-content-process-array opt e10s fission stylo webrender-sw,4768818,77,ms,firefox,448550534.0,1849011755,2024-02-23 07:31:36,128.7496727468333,c8d43d9c20428e7f3f28e83f470e8b116449e204,1381210,,,,,,,,,,,,,,,,,,,,,,,,,,,,,,,,,,,,,,,,,,,,,,,,,,TN,,,,,,,,,,
autoland,4769055,12,f76b60813665636d86169b6507d2f60fe004600c,windows10-64-shippable-qr,True,False,,,102210fe594ee9b33d82058545b1ed14f4c8206e,console.log-in-loop-content-process-array,damp,True,damp console.log-in-loop-content-process-array opt e10s fission stylo webrender-sw,4768818,77,ms,firefox,448551489.0,1849014528,2024-02-23 07:59:36,129.6518605394158,66b6afa30837bf2169b455a62d5cd2997f7b7fd0,1381219,,,,,,,,,,,,,,,,,,,,,,,,,,,,,,,,,,,,,,,,,,,,,,,,,,TN,,,,,,,,,,
autoland,4769055,12,f76b60813665636d86169b6507d2f60fe004600c,windows10-64-shippable-qr,True,False,,,102210fe594ee9b33d82058545b1ed14f4c8206e,console.log-in-loop-content-process-array,damp,True,damp console.log-in-loop-content-process-array opt e10s fission stylo webrender-sw,4768818,77,ms,firefox,448550530.0,1849011584,2024-02-23 08:55:07,129.04484335698726,6e217087e03016bb9986279f31af040081ab8bb5,1381252,,,,,,,,,,,,,,,,,,,,,,,,,,,,,,,,,,,,,,,,,,,,,,,,,,TN,,,,,,,,,,
autoland,4769055,12,f76b60813665636d86169b6507d2f60fe004600c,windows10-64-shippable-qr,True,False,,,102210fe594ee9b33d82058545b1ed14f4c8206e,console.log-in-loop-content-process-array,damp,True,damp console.log-in-loop-content-process-array opt e10s fission stylo webrender-sw,4768818,77,ms,firefox,448551328.0,1849014085,2024-02-23 09:04:37,128.51704939732917,3f4668f15c0ebf35d4500d04b9190ec6c6763071,1381256,,,,,,,,,,,,,,,,,,,,,,,,,,,,,,,,,,,,,,,,,,,,,,,,,,TN,,,,,,,,,,
autoland,4769055,12,f76b60813665636d86169b6507d2f60fe004600c,windows10-64-shippable-qr,True,False,,,102210fe594ee9b33d82058545b1ed14f4c8206e,console.log-in-loop-content-process-array,damp,True,damp console.log-in-loop-content-process-array opt e10s fission stylo webrender-sw,4768818,77,ms,firefox,448551498.0,1849014879,2024-02-23 09:05:28,128.3331194311486,10d544cdfe5f2f0fbfbfa2b4f4b589d58fc4f4b4,1381257,,,,,,,,,,,,,,,,,,,,,,,,,,,,,,,,,,,,,,,,,,,,,,,,,,TN,,,,,,,,,,
autoland,4769055,12,f76b60813665636d86169b6507d2f60fe004600c,windows10-64-shippable-qr,True,False,,,102210fe594ee9b33d82058545b1ed14f4c8206e,console.log-in-loop-content-process-array,damp,True,damp console.log-in-loop-content-process-array opt e10s fission stylo webrender-sw,4768818,77,ms,firefox,448546667.0,1848979992,2024-02-23 09:23:09,128.44639823544276,cbfdd18b0c88b3df6a6436b1a6edffd6677b62ea,1381273,,,,,,,,,,,,,,,,,,,,,,,,,,,,,,,,,,,,,,,,,,,,,,,,,,TN,,,,,,,,,,
autoland,4769055,12,f76b60813665636d86169b6507d2f60fe004600c,windows10-64-shippable-qr,True,False,,,102210fe594ee9b33d82058545b1ed14f4c8206e,console.log-in-loop-content-process-array,damp,True,damp console.log-in-loop-content-process-array opt e10s fission stylo webrender-sw,4768818,77,ms,firefox,448551010.0,1849011909,2024-02-23 10:31:27,127.87108119667391,8cbd5fccb80ccf7c4c5cccb170095ffc215dfd8d,1381288,,,,,,,,,,,,,,,,,,,,,,,,,,,,,,,,,,,,,,,,,,,,,,,,,,TN,,,,,,,,,,
autoland,4769055,12,f76b60813665636d86169b6507d2f60fe004600c,windows10-64-shippable-qr,True,False,,,102210fe594ee9b33d82058545b1ed14f4c8206e,console.log-in-loop-content-process-array,damp,True,damp console.log-in-loop-content-process-array opt e10s fission stylo webrender-sw,4768818,77,ms,firefox,448550535.0,1849011474,2024-02-23 10:50:54,128.25537855541006,2effcbc6b0cdfc9925711596235bc0b6b5a5e1a3,1381291,,,,,,,,,,,,,,,,,,,,,,,,,,,,,,,,,,,,,,,,,,,,,,,,,,TN,,,,,,,,,,
autoland,4769055,12,f76b60813665636d86169b6507d2f60fe004600c,windows10-64-shippable-qr,True,False,,,102210fe594ee9b33d82058545b1ed14f4c8206e,console.log-in-loop-content-process-array,damp,True,damp console.log-in-loop-content-process-array opt e10s fission stylo webrender-sw,4768818,77,ms,firefox,448223206.0,1847770007,2024-02-23 12:03:57,128.82195265228074,75e12d12d89c2d79200c0057830f9e0c37f973f5,1381319,,,,,,,,,,,,,,,,,,,,,,,,,,,,,,,,,,,,,,,,,,,,,,,,,,TN,,,,,,,,,,
autoland,4769055,12,f76b60813665636d86169b6507d2f60fe004600c,windows10-64-shippable-qr,True,False,,,102210fe594ee9b33d82058545b1ed14f4c8206e,console.log-in-loop-content-process-array,damp,True,damp console.log-in-loop-content-process-array opt e10s fission stylo webrender-sw,4768818,77,ms,firefox,448549518.0,1849008713,2024-02-23 12:06:17,128.89989800975854,3475061cb5df2fea5ed9e240a7508368ff6f23b8,1381320,,,,,,,,,,,,,,,,,,,,,,,,,,,,,,,,,,,,,,,,,,,,,,,,,,TN,,,,,,,,,,
autoland,4769055,12,f76b60813665636d86169b6507d2f60fe004600c,windows10-64-shippable-qr,True,False,,,102210fe594ee9b33d82058545b1ed14f4c8206e,console.log-in-loop-content-process-array,damp,True,damp console.log-in-loop-content-process-array opt e10s fission stylo webrender-sw,4768818,77,ms,firefox,448550523.0,1849011220,2024-02-23 12:18:04,128.73422997064517,7346a5d91e93697de1af5ba25e9cb68dd940c215,1381323,,,,,,,,,,,,,,,,,,,,,,,,,,,,,,,,,,,,,,,,,,,,,,,,,,TN,,,,,,,,,,
autoland,4769055,12,f76b60813665636d86169b6507d2f60fe004600c,windows10-64-shippable-qr,True,False,,,102210fe594ee9b33d82058545b1ed14f4c8206e,console.log-in-loop-content-process-array,damp,True,damp console.log-in-loop-content-process-array opt e10s fission stylo webrender-sw,4768818,77,ms,firefox,448551497.0,1849014642,2024-02-23 12:36:25,128.82553665289197,b1c67b9facbd0b950bbaa7b48529e4d49834f1d4,1381327,,,,,,,,,,,,,,,,,,,,,,,,,,,,,,,,,,,,,,,,,,,,,,,,,,TN,,,,,,,,,,
autoland,4769055,12,f76b60813665636d86169b6507d2f60fe004600c,windows10-64-shippable-qr,True,False,,,102210fe594ee9b33d82058545b1ed14f4c8206e,console.log-in-loop-content-process-array,damp,True,damp console.log-in-loop-content-process-array opt e10s fission stylo webrender-sw,4768818,77,ms,firefox,448550520.0,1849011012,2024-02-23 14:16:07,128.4357339196995,4cdf4dc049882ed75d287e0058f767411f511209,1381373,,,,,,,,,,,,,,,,,,,,,,,,,,,,,,,,,,,,,,,,,,,,,,,,,,TN,,,,,,,,,,
autoland,4769055,12,f76b60813665636d86169b6507d2f60fe004600c,windows10-64-shippable-qr,True,False,,,102210fe594ee9b33d82058545b1ed14f4c8206e,console.log-in-loop-content-process-array,damp,True,damp console.log-in-loop-content-process-array opt e10s fission stylo webrender-sw,4768818,77,ms,firefox,448542002.0,1848946288,2024-02-23 14:24:56,132.03636973071298,80e08d441c6cb001610ee0f198a3dcf424bafd4f,1381381,,,,,,,,,,,,,,,,,,,,,,,,,,,,,,,,,,,,,,,,,,,,,,,,,,TN,,,,,,,,,,
autoland,4769055,12,f76b60813665636d86169b6507d2f60fe004600c,windows10-64-shippable-qr,True,False,,,102210fe594ee9b33d82058545b1ed14f4c8206e,console.log-in-loop-content-process-array,damp,True,damp console.log-in-loop-content-process-array opt e10s fission stylo webrender-sw,4768818,77,ms,firefox,448541999.0,1848946172,2024-02-23 14:54:44,130.6130104594722,a700ab961a223f6d614abe258766bed35dab027b,1381402,,,,,,,,,,,,,,,,,,,,,,,,,,,,,,,,,,,,,,,,,,,,,,,,,,TN,,,,,,,,,,
autoland,4769055,12,f76b60813665636d86169b6507d2f60fe004600c,windows10-64-shippable-qr,True,False,,,102210fe594ee9b33d82058545b1ed14f4c8206e,console.log-in-loop-content-process-array,damp,True,damp console.log-in-loop-content-process-array opt e10s fission stylo webrender-sw,4768818,77,ms,firefox,448550263.0,1849009868,2024-02-23 14:58:31,128.20264697308812,ae5e73b7bdeea071e95a2e5730df0148d3b77f34,1381408,,,,,,,,,,,,,,,,,,,,,,,,,,,,,,,,,,,,,,,,,,,,,,,,,,TN,,,,,,,,,,
autoland,4769055,12,f76b60813665636d86169b6507d2f60fe004600c,windows10-64-shippable-qr,True,False,,,102210fe594ee9b33d82058545b1ed14f4c8206e,console.log-in-loop-content-process-array,damp,True,damp console.log-in-loop-content-process-array opt e10s fission stylo webrender-sw,4768818,77,ms,firefox,448549555.0,1849009350,2024-02-23 15:13:18,129.96310534926488,0f11d5aca9e02300b1aa70ff8c42fa6456d80ffb,1381413,,,,,,,,,,,,,,,,,,,,,,,,,,,,,,,,,,,,,,,,,,,,,,,,,,TN,,,,,,,,,,
autoland,4769055,12,f76b60813665636d86169b6507d2f60fe004600c,windows10-64-shippable-qr,True,False,,,102210fe594ee9b33d82058545b1ed14f4c8206e,console.log-in-loop-content-process-array,damp,True,damp console.log-in-loop-content-process-array opt e10s fission stylo webrender-sw,4768818,77,ms,firefox,448554618.0,1849024476,2024-02-23 15:16:38,133.58589720134114,3622293272bca502e2273d21a592233e60711824,1381415,,,,,,,,,,,,,,,,,,,,,,,,,,,,,,,,,,,,,,,,,,,,,,,,,,TN,,,,,,,,,,
autoland,4769055,12,f76b60813665636d86169b6507d2f60fe004600c,windows10-64-shippable-qr,True,False,,,102210fe594ee9b33d82058545b1ed14f4c8206e,console.log-in-loop-content-process-array,damp,True,damp console.log-in-loop-content-process-array opt e10s fission stylo webrender-sw,4768818,77,ms,firefox,448245888.0,1847881138,2024-02-23 15:17:21,128.46044146740496,e2c67ce1b79f08538c8f70b2089d860802aa289e,1381416,,,,,,,,,,,,,,,,,,,,,,,,,,,,,,,,,,,,,,,,,,,,,,,,,,TN,,,,,,,,,,
autoland,4769055,12,f76b60813665636d86169b6507d2f60fe004600c,windows10-64-shippable-qr,True,False,,,102210fe594ee9b33d82058545b1ed14f4c8206e,console.log-in-loop-content-process-array,damp,True,damp console.log-in-loop-content-process-array opt e10s fission stylo webrender-sw,4768818,77,ms,firefox,448555579.0,1849027921,2024-02-23 17:01:37,127.5457071011333,d58d91582a8430a0f3de3c483acb1aa14ca4fe11,1381516,,,,,,,,,,,,,,,,,,,,,,,,,,,,,,,,,,,,,,,,,,,,,,,,,,TN,,,,,,,,,,
autoland,4769055,12,f76b60813665636d86169b6507d2f60fe004600c,windows10-64-shippable-qr,True,False,,,102210fe594ee9b33d82058545b1ed14f4c8206e,console.log-in-loop-content-process-array,damp,True,damp console.log-in-loop-content-process-array opt e10s fission stylo webrender-sw,4768818,77,ms,firefox,448551016.0,1849012294,2024-02-23 17:13:43,128.8169593485709,e7d40b9170e0c5bfdb21e63fa930ac1d6fac83b3,1381534,,,,,,,,,,,,,,,,,,,,,,,,,,,,,,,,,,,,,,,,,,,,,,,,,,TN,,,,,,,,,,
autoland,4769055,12,f76b60813665636d86169b6507d2f60fe004600c,windows10-64-shippable-qr,True,False,,,102210fe594ee9b33d82058545b1ed14f4c8206e,console.log-in-loop-content-process-array,damp,True,damp console.log-in-loop-content-process-array opt e10s fission stylo webrender-sw,4768818,77,ms,firefox,448550444.0,1849010530,2024-02-23 17:18:51,128.46679525833315,e9209f2fb0d6ca35aa1ee422f2c0b88e0cdcb2c7,1381538,,,,,,,,,,,,,,,,,,,,,,,,,,,,,,,,,,,,,,,,,,,,,,,,,,TN,,,,,,,,,,
autoland,4769055,12,f76b60813665636d86169b6507d2f60fe004600c,windows10-64-shippable-qr,True,False,,,102210fe594ee9b33d82058545b1ed14f4c8206e,console.log-in-loop-content-process-array,damp,True,damp console.log-in-loop-content-process-array opt e10s fission stylo webrender-sw,4768818,77,ms,firefox,448551218.0,1849013287,2024-02-23 17:29:14,130.99143115776317,d6878a375f543d455675601d7e52f9a5ea8ac389,1381548,,,,,,,,,,,,,,,,,,,,,,,,,,,,,,,,,,,,,,,,,,,,,,,,,,TN,,,,,,,,,,
autoland,4769055,12,f76b60813665636d86169b6507d2f60fe004600c,windows10-64-shippable-qr,True,False,,,102210fe594ee9b33d82058545b1ed14f4c8206e,console.log-in-loop-content-process-array,damp,True,damp console.log-in-loop-content-process-array opt e10s fission stylo webrender-sw,4768818,77,ms,firefox,448550315.0,1849010267,2024-02-23 18:11:28,128.06807414304967,0530d617f08428fa9291a004cf9d51cc9d4fed75,1381596,,,,,,,,,,,,,,,,,,,,,,,,,,,,,,,,,,,,,,,,,,,,,,,,,,TN,,,,,,,,,,
autoland,4769055,12,f76b60813665636d86169b6507d2f60fe004600c,windows10-64-shippable-qr,True,False,,,102210fe594ee9b33d82058545b1ed14f4c8206e,console.log-in-loop-content-process-array,damp,True,damp console.log-in-loop-content-process-array opt e10s fission stylo webrender-sw,4768818,77,ms,firefox,448265338.0,1847966592,2024-02-23 18:14:32,128.50266956207815,dccf526bcc0afbf9f7abd33abff453ced5a76335,1381598,,,,,,,,,,,,,,,,,,,,,,,,,,,,,,,,,,,,,,,,,,,,,,,,,,TN,,,,,,,,,,
autoland,4769055,12,f76b60813665636d86169b6507d2f60fe004600c,windows10-64-shippable-qr,True,False,,,102210fe594ee9b33d82058545b1ed14f4c8206e,console.log-in-loop-content-process-array,damp,True,damp console.log-in-loop-content-process-array opt e10s fission stylo webrender-sw,4768818,77,ms,firefox,448546608.0,1848979431,2024-02-23 20:30:49,128.4017320639341,c3ec3cb9cbcb8b05dcbc7e63983ef58accfb57e6,1381683,,,,,,,,,,,,,,,,,,,,,,,,,,,,,,,,,,,,,,,,,,,,,,,,,,TN,,,,,,,,,,
autoland,4769055,12,f76b60813665636d86169b6507d2f60fe004600c,windows10-64-shippable-qr,True,False,,,102210fe594ee9b33d82058545b1ed14f4c8206e,console.log-in-loop-content-process-array,damp,True,damp console.log-in-loop-content-process-array opt e10s fission stylo webrender-sw,4768818,77,ms,firefox,448551188.0,1849012633,2024-02-23 20:32:21,129.19810204980786,1e4405b4e9db235146c60c84b31fe04f7ef58b65,1381684,,,,,,,,,,,,,,,,,,,,,,,,,,,,,,,,,,,,,,,,,,,,,,,,,,TN,,,,,,,,,,
autoland,4769055,12,f76b60813665636d86169b6507d2f60fe004600c,windows10-64-shippable-qr,True,False,,,102210fe594ee9b33d82058545b1ed14f4c8206e,console.log-in-loop-content-process-array,damp,True,damp console.log-in-loop-content-process-array opt e10s fission stylo webrender-sw,4768818,77,ms,firefox,448552009.0,1849015938,2024-02-23 20:36:23,132.3255240831113,01672912dc970afd9630389618e3dd108fce5b7f,1381688,,,,,,,,,,,,,,,,,,,,,,,,,,,,,,,,,,,,,,,,,,,,,,,,,,TN,,,,,,,,,,
autoland,4769055,12,f76b60813665636d86169b6507d2f60fe004600c,windows10-64-shippable-qr,True,False,,,102210fe594ee9b33d82058545b1ed14f4c8206e,console.log-in-loop-content-process-array,damp,True,damp console.log-in-loop-content-process-array opt e10s fission stylo webrender-sw,4768818,77,ms,firefox,448551270.0,1849013599,2024-02-23 21:16:43,130.3288506049612,2acb906ab2fb3040c12b15c0f684f9794cb7b292,1381719,,,,,,,,,,,,,,,,,,,,,,,,,,,,,,,,,,,,,,,,,,,,,,,,,,TN,,,,,,,,,,
autoland,4769055,12,f76b60813665636d86169b6507d2f60fe004600c,windows10-64-shippable-qr,True,False,,,102210fe594ee9b33d82058545b1ed14f4c8206e,console.log-in-loop-content-process-array,damp,True,damp console.log-in-loop-content-process-array opt e10s fission stylo webrender-sw,4768818,77,ms,firefox,448551491.0,1849014688,2024-02-23 21:33:18,129.0693312498388,ad3e0a193f6695c9133975ca3d272236bf4fa59f,1381732,,,,,,,,,,,,,,,,,,,,,,,,,,,,,,,,,,,,,,,,,,,,,,,,,,TN,,,,,,,,,,
autoland,4769055,12,f76b60813665636d86169b6507d2f60fe004600c,windows10-64-shippable-qr,True,False,,,102210fe594ee9b33d82058545b1ed14f4c8206e,console.log-in-loop-content-process-array,damp,True,damp console.log-in-loop-content-process-array opt e10s fission stylo webrender-sw,4768818,77,ms,firefox,448554305.0,1849022341,2024-02-23 21:35:49,128.66020454069258,c21d8e0ee576012d309a4cbd267e9e54b660e605,1381734,,,,,,,,,,,,,,,,,,,,,,,,,,,,,,,,,,,,,,,,,,,,,,,,,,TN,,,,,,,,,,
autoland,4769055,12,f76b60813665636d86169b6507d2f60fe004600c,windows10-64-shippable-qr,True,False,,,102210fe594ee9b33d82058545b1ed14f4c8206e,console.log-in-loop-content-process-array,damp,True,damp console.log-in-loop-content-process-array opt e10s fission stylo webrender-sw,4768818,77,ms,firefox,448550528.0,1849011266,2024-02-23 21:39:56,129.02744085281483,a4655e2ae1c6ff7aec788c8b3a40acadf2586815,1381735,,,,,,,,,,,,,,,,,,,,,,,,,,,,,,,,,,,,,,,,,,,,,,,,,,TN,,,,,,,,,,
autoland,4769055,12,f76b60813665636d86169b6507d2f60fe004600c,windows10-64-shippable-qr,True,False,,,102210fe594ee9b33d82058545b1ed14f4c8206e,console.log-in-loop-content-process-array,damp,True,damp console.log-in-loop-content-process-array opt e10s fission stylo webrender-sw,4768818,77,ms,firefox,448546237.0,1848976448,2024-02-23 21:44:43,129.28351780683988,6203d25d0748a59455054f39056d4e182c4c83c9,1381736,,,,,,,,,,,,,,,,,,,,,,,,,,,,,,,,,,,,,,,,,,,,,,,,,,TN,,,,,,,,,,
autoland,4769055,12,f76b60813665636d86169b6507d2f60fe004600c,windows10-64-shippable-qr,True,False,,,102210fe594ee9b33d82058545b1ed14f4c8206e,console.log-in-loop-content-process-array,damp,True,damp console.log-in-loop-content-process-array opt e10s fission stylo webrender-sw,4768818,77,ms,firefox,448552099.0,1849016107,2024-02-23 22:02:53,129.61905460826165,69009edbf485bee2b5558d1848e647dd1601e3c8,1381738,,,,,,,,,,,,,,,,,,,,,,,,,,,,,,,,,,,,,,,,,,,,,,,,,,TN,,,,,,,,,,
autoland,4769055,12,f76b60813665636d86169b6507d2f60fe004600c,windows10-64-shippable-qr,True,False,,,102210fe594ee9b33d82058545b1ed14f4c8206e,console.log-in-loop-content-process-array,damp,True,damp console.log-in-loop-content-process-array opt e10s fission stylo webrender-sw,4768818,77,ms,firefox,448298172.0,1848059697,2024-02-23 22:24:23,131.55009574391806,8c239bb8c3fa84633497932b3d3a1d566f9e7581,1381790,,,,,,,,,,,,,,,,,,,,,,,,,,,,,,,,,,,,,,,,,,,,,,,,,,TN,,,,,,,,,,
autoland,4769055,12,f76b60813665636d86169b6507d2f60fe004600c,windows10-64-shippable-qr,True,False,,,102210fe594ee9b33d82058545b1ed14f4c8206e,console.log-in-loop-content-process-array,damp,True,damp console.log-in-loop-content-process-array opt e10s fission stylo webrender-sw,4768818,77,ms,firefox,448304091.0,1848089809,2024-02-23 22:37:13,129.07517797116998,fc1f91bbfd85565b6b9a06155b3d750dc17812f0,1381800,,,,,,,,,,,,,,,,,,,,,,,,,,,,,,,,,,,,,,,,,,,,,,,,,,TN,,,,,,,,,,
autoland,4769055,12,f76b60813665636d86169b6507d2f60fe004600c,windows10-64-shippable-qr,True,False,,,102210fe594ee9b33d82058545b1ed14f4c8206e,console.log-in-loop-content-process-array,damp,True,damp console.log-in-loop-content-process-array opt e10s fission stylo webrender-sw,4768818,77,ms,firefox,448315698.0,1848148263,2024-02-24 03:17:09,128.7987419816527,504cbf2189790d36f74d4fc454949d0c55a40c37,1381876,,,,,,,,,,,,,,,,,,,,,,,,,,,,,,,,,,,,,,,,,,,,,,,,,,TN,,,,,,,,,,
autoland,4769055,12,f76b60813665636d86169b6507d2f60fe004600c,windows10-64-shippable-qr,True,False,,,102210fe594ee9b33d82058545b1ed14f4c8206e,console.log-in-loop-content-process-array,damp,True,damp console.log-in-loop-content-process-array opt e10s fission stylo webrender-sw,4768818,77,ms,firefox,448327057.0,1848227622,2024-02-24 08:59:15,127.85555053795906,f571738470f98e8161bf79b269e333053dca32c4,1381906,,,,,,,,,,,,,,,,,,,,,,,,,,,,,,,,,,,,,,,,,,,,,,,,,,TN,,,,,,,,,,
autoland,4769055,12,f76b60813665636d86169b6507d2f60fe004600c,windows10-64-shippable-qr,True,False,,,102210fe594ee9b33d82058545b1ed14f4c8206e,console.log-in-loop-content-process-array,damp,True,damp console.log-in-loop-content-process-array opt e10s fission stylo webrender-sw,4768818,77,ms,firefox,448354154.0,1848317749,2024-02-24 18:15:08,128.31404856559493,fb873ef9e164e2ac423d266870ce82445945de97,1381948,,,,,,,,,,,,,,,,,,,,,,,,,,,,,,,,,,,,,,,,,,,,,,,,,,TN,,,,,,,,,,
autoland,4769055,12,f76b60813665636d86169b6507d2f60fe004600c,windows10-64-shippable-qr,True,False,,,102210fe594ee9b33d82058545b1ed14f4c8206e,console.log-in-loop-content-process-array,damp,True,damp console.log-in-loop-content-process-array opt e10s fission stylo webrender-sw,4768818,77,ms,firefox,448374765.0,1848377976,2024-02-25 01:06:55,128.2027344928665,fedd91b7af1e6b3c4a7d6f58b8bce94d55eb9d74,1381999,,,,,,,,,,,,,,,,,,,,,,,,,,,,,,,,,,,,,,,,,,,,,,,,,,TN,,,,,,,,,,
autoland,4769055,12,f76b60813665636d86169b6507d2f60fe004600c,windows10-64-shippable-qr,True,False,,,102210fe594ee9b33d82058545b1ed14f4c8206e,console.log-in-loop-content-process-array,damp,True,damp console.log-in-loop-content-process-array opt e10s fission stylo webrender-sw,4768818,77,ms,firefox,448413094.0,1848505885,2024-02-26 01:39:06,128.20827897596973,689cf8cf7e6b9b9ee5e599a77325de05487a5eed,1382090,,,,,,,,,,,,,,,,,,,,,,,,,,,,,,,,,,,,,,,,,,,,,,,,,,TN,,,,,,,,,,
autoland,4769055,12,f76b60813665636d86169b6507d2f60fe004600c,windows10-64-shippable-qr,True,False,,,102210fe594ee9b33d82058545b1ed14f4c8206e,console.log-in-loop-content-process-array,damp,True,damp console.log-in-loop-content-process-array opt e10s fission stylo webrender-sw,4768818,77,ms,firefox,448446741.0,1848638520,2024-02-26 10:31:50,128.31199604326866,8268ce246a04145ed6598e99b5d061a4e1ee3ca6,1382207,,,,,,,,,,,,,,,,,,,,,,,,,,,,,,,,,,,,,,,,,,,,,,,,,,TN,,,,,,,,,,
autoland,4769055,12,f76b60813665636d86169b6507d2f60fe004600c,windows10-64-shippable-qr,True,False,,,102210fe594ee9b33d82058545b1ed14f4c8206e,console.log-in-loop-content-process-array,damp,True,damp console.log-in-loop-content-process-array opt e10s fission stylo webrender-sw,4768818,77,ms,firefox,448495254.0,1848778219,2024-02-26 14:40:18,128.85817797538584,a5c1fbe78e431fe4a1db712f75edb33f6fd668e4,1382307,,,,,,,,,,,,,,,,,,,,,,,,,,,,,,,,,,,,,,,,,,,,,,,,,,TN,,,,,,,,,,
autoland,4769055,12,f76b60813665636d86169b6507d2f60fe004600c,windows10-64-shippable-qr,True,False,,,102210fe594ee9b33d82058545b1ed14f4c8206e,console.log-in-loop-content-process-array,damp,True,damp console.log-in-loop-content-process-array opt e10s fission stylo webrender-sw,4768818,77,ms,firefox,448489400.0,1848760244,2024-02-26 15:06:28,130.90690637389343,621c8480cd3562f3f61966b4219a0335ce72f698,1382323,,,,,,,,,,,,,,,,,,,,,,,,,,,,,,,,,,,,,,,,,,,,,,,,,,TN,,,,,,,,,,
autoland,4769055,12,f76b60813665636d86169b6507d2f60fe004600c,windows10-64-shippable-qr,True,False,,,102210fe594ee9b33d82058545b1ed14f4c8206e,console.log-in-loop-content-process-array,damp,True,damp console.log-in-loop-content-process-array opt e10s fission stylo webrender-sw,4768818,77,ms,firefox,448513733.0,1848884758,2024-02-26 18:24:43,128.88292995622032,b26d4c8d5e44cc544e259f32a62382902af6f7ff,1382496,,,,,,,,,,,,,,,,,,,,,,,,,,,,,,,,,,,,,,,,,,,,,,,,,,TN,,,,,,,,,,
autoland,4769055,12,f76b60813665636d86169b6507d2f60fe004600c,windows10-64-shippable-qr,True,False,,,102210fe594ee9b33d82058545b1ed14f4c8206e,console.log-in-loop-content-process-array,damp,True,damp console.log-in-loop-content-process-array opt e10s fission stylo webrender-sw,4768818,77,ms,firefox,448545841.0,1848969788,2024-02-26 22:27:48,129.5238985954511,2bd01d77bc4d2a1ad705bb1ecb8e793864a737ee,1382641,,,,,,,,,,,,,,,,,,,,,,,,,,,,,,,,,,,,,,,,,,,,,,,,,,TN,,,,,,,,,,
autoland,4769055,12,f76b60813665636d86169b6507d2f60fe004600c,windows10-64-shippable-qr,True,False,,,102210fe594ee9b33d82058545b1ed14f4c8206e,console.log-in-loop-content-process-array,damp,True,damp console.log-in-loop-content-process-array opt e10s fission stylo webrender-sw,4768818,77,ms,firefox,448547013.0,1848992608,2024-02-26 22:53:03,129.3197874039106,9fbcc8f23c0b7543b9146f0d90dd58ce36d32898,1382666,,,,,,,,,,,,,,,,,,,,,,,,,,,,,,,,,,,,,,,,,,,,,,,,,,TN,,,,,,,,,,
autoland,4769055,12,f76b60813665636d86169b6507d2f60fe004600c,windows10-64-shippable-qr,True,False,,,102210fe594ee9b33d82058545b1ed14f4c8206e,console.log-in-loop-content-process-array,damp,True,damp console.log-in-loop-content-process-array opt e10s fission stylo webrender-sw,4768818,77,ms,firefox,448571430.0,1849086154,2024-02-27 03:06:58,128.36004553390558,74094dc4022c8437eb87a7e25bf6433fb07a7fbb,1382765,,,,,,,,,,,,,,,,,,,,,,,,,,,,,,,,,,,,,,,,,,,,,,,,,,TN,,,,,,,,,,
autoland,4769055,12,f76b60813665636d86169b6507d2f60fe004600c,windows10-64-shippable-qr,True,False,,,102210fe594ee9b33d82058545b1ed14f4c8206e,console.log-in-loop-content-process-array,damp,True,damp console.log-in-loop-content-process-array opt e10s fission stylo webrender-sw,4768818,77,ms,firefox,448610685.0,1849300334,2024-02-27 10:31:28,127.61913376500888,f0fd4d27a58991220e91d1c086442a03b0a52117,1382887,,,,,,,,,,,,,,,,,,,,,,,,,,,,,,,,,,,,,,,,,,,,,,,,,,TN,,,,,,,,,,
autoland,4769055,12,f76b60813665636d86169b6507d2f60fe004600c,windows10-64-shippable-qr,True,False,,,102210fe594ee9b33d82058545b1ed14f4c8206e,console.log-in-loop-content-process-array,damp,True,damp console.log-in-loop-content-process-array opt e10s fission stylo webrender-sw,4768818,77,ms,firefox,448647817.0,1849421648,2024-02-27 13:59:53,129.1798407133574,32acc4e2db50b53733cfcf554a308ccc986925b5,1383025,,,,,,,,,,,,,,,,,,,,,,,,,,,,,,,,,,,,,,,,,,,,,,,,,,TN,,,,,,,,,,
autoland,4769055,12,f76b60813665636d86169b6507d2f60fe004600c,windows10-64-shippable-qr,True,False,,,102210fe594ee9b33d82058545b1ed14f4c8206e,console.log-in-loop-content-process-array,damp,True,damp console.log-in-loop-content-process-array opt e10s fission stylo webrender-sw,4768818,77,ms,firefox,448675862.0,1849537350,2024-02-27 19:00:03,129.10051916755674,149f61eecb69d6cf570be79260785c5b4a42e516,1383277,,,,,,,,,,,,,,,,,,,,,,,,,,,,,,,,,,,,,,,,,,,,,,,,,,TN,,,,,,,,,,
autoland,4769055,12,f76b60813665636d86169b6507d2f60fe004600c,windows10-64-shippable-qr,True,False,,,102210fe594ee9b33d82058545b1ed14f4c8206e,console.log-in-loop-content-process-array,damp,True,damp console.log-in-loop-content-process-array opt e10s fission stylo webrender-sw,4768818,77,ms,firefox,448703673.0,1849636039,2024-02-27 23:02:29,128.7509553068303,06645f775e47ea71f6dfa2daff5411ab31c5a629,1383416,,,,,,,,,,,,,,,,,,,,,,,,,,,,,,,,,,,,,,,,,,,,,,,,,,TN,,,,,,,,,,
autoland,4769055,12,f76b60813665636d86169b6507d2f60fe004600c,windows10-64-shippable-qr,True,False,,,102210fe594ee9b33d82058545b1ed14f4c8206e,console.log-in-loop-content-process-array,damp,True,damp console.log-in-loop-content-process-array opt e10s fission stylo webrender-sw,4768818,77,ms,firefox,448704668.0,1849641752,2024-02-27 23:18:10,129.35042504569537,c2895c7db175458e315a65fd8d5e9385e60a76d3,1383436,,,,,,,,,,,,,,,,,,,,,,,,,,,,,,,,,,,,,,,,,,,,,,,,,,TN,,,,,,,,,,
autoland,4769055,12,f76b60813665636d86169b6507d2f60fe004600c,windows10-64-shippable-qr,True,False,,,102210fe594ee9b33d82058545b1ed14f4c8206e,console.log-in-loop-content-process-array,damp,True,damp console.log-in-loop-content-process-array opt e10s fission stylo webrender-sw,4768818,77,ms,firefox,448721318.0,1849720943,2024-02-28 03:31:31,127.08469297754344,41ceb034dc709c821d837a321d2c5fb944bd4231,1383545,,,,,,,,,,,,,,,,,,,,,,,,,,,,,,,,,,,,,,,,,,,,,,,,,,TN,,,,,,,,,,
autoland,4769055,12,f76b60813665636d86169b6507d2f60fe004600c,windows10-64-shippable-qr,True,False,,,102210fe594ee9b33d82058545b1ed14f4c8206e,console.log-in-loop-content-process-array,damp,True,damp console.log-in-loop-content-process-array opt e10s fission stylo webrender-sw,4768818,77,ms,firefox,448744624.0,1849824325,2024-02-28 07:34:11,128.30197502394367,710f48d1638d076913089bfa3978b6a1efc1d842,1383600,,,,,,,,,,,,,,,,,,,,,,,,,,,,,,,,,,,,,,,,,,,,,,,,,,TN,,,,,,,,,,
autoland,4769055,12,f76b60813665636d86169b6507d2f60fe004600c,windows10-64-shippable-qr,True,False,,,102210fe594ee9b33d82058545b1ed14f4c8206e,console.log-in-loop-content-process-array,damp,True,damp console.log-in-loop-content-process-array opt e10s fission stylo webrender-sw,4768818,77,ms,firefox,448745358.0,1849829476,2024-02-28 08:18:18,131.52680421942569,85f3a9a2a4155f207064d78c57f79611f7332287,1383612,,,,,,,,,,,,,,,,,,,,,,,,,,,,,,,,,,,,,,,,,,,,,,,,,,TN,,,,,,,,,,
autoland,4769055,12,f76b60813665636d86169b6507d2f60fe004600c,windows10-64-shippable-qr,True,False,,,102210fe594ee9b33d82058545b1ed14f4c8206e,console.log-in-loop-content-process-array,damp,True,damp console.log-in-loop-content-process-array opt e10s fission stylo webrender-sw,4768818,77,ms,firefox,448805869.0,1850031209,2024-02-28 12:53:19,129.1455807892071,2356949f5c6d9a4f229d012051bac51b3eb83aec,1383715,,,,,,,,,,,,,,,,,,,,,,,,,,,,,,,,,,,,,,,,,,,,,,,,,,TN,,,,,,,,,,
autoland,4769055,12,f76b60813665636d86169b6507d2f60fe004600c,windows10-64-shippable-qr,True,False,,,102210fe594ee9b33d82058545b1ed14f4c8206e,console.log-in-loop-content-process-array,damp,True,damp console.log-in-loop-content-process-array opt e10s fission stylo webrender-sw,4768818,77,ms,firefox,448800618.0,1850011770,2024-02-28 14:06:22,129.40234591533226,6583cb878dec05576053eaa9368a4eb5bbbbbedc,1383751,,,,,,,,,,,,,,,,,,,,,,,,,,,,,,,,,,,,,,,,,,,,,,,,,,TN,,,,,,,,,,
autoland,4769055,12,f76b60813665636d86169b6507d2f60fe004600c,windows10-64-shippable-qr,True,False,,,102210fe594ee9b33d82058545b1ed14f4c8206e,console.log-in-loop-content-process-array,damp,True,damp console.log-in-loop-content-process-array opt e10s fission stylo webrender-sw,4768818,77,ms,firefox,448824263.0,1850113013,2024-02-28 17:56:27,129.13478470567316,32ca524f7abf0664a2f0d882868c3e913297f446,1383890,,,,,,,,,,,,,,,,,,,,,,,,,,,,,,,,,,,,,,,,,,,,,,,,,,TN,,,,,,,,,,
autoland,4769055,12,f76b60813665636d86169b6507d2f60fe004600c,windows10-64-shippable-qr,True,False,,,102210fe594ee9b33d82058545b1ed14f4c8206e,console.log-in-loop-content-process-array,damp,True,damp console.log-in-loop-content-process-array opt e10s fission stylo webrender-sw,4768818,77,ms,firefox,448897664.0,1850341023,2024-02-29 00:51:41,129.05622843629862,cbef4527f79aadfe5c4dd940effe9b01df8734b1,1384174,,,,,,,,,,,,,,,,,,,,,,,,,,,,,,,,,,,,,,,,,,,,,,,,,,TN,,,,,,,,,,
autoland,4769055,12,f76b60813665636d86169b6507d2f60fe004600c,windows10-64-shippable-qr,True,False,,,102210fe594ee9b33d82058545b1ed14f4c8206e,console.log-in-loop-content-process-array,damp,True,damp console.log-in-loop-content-process-array opt e10s fission stylo webrender-sw,4768818,77,ms,firefox,448898275.0,1850348182,2024-02-29 01:20:40,127.7982540096491,f21a5f54b6ecffa5b49d4944c32c752ea622e3c6,1384182,,,,,,,,,,,,,,,,,,,,,,,,,,,,,,,,,,,,,,,,,,,,,,,,,,TN,,,,,,,,,,
autoland,4769055,12,f76b60813665636d86169b6507d2f60fe004600c,windows10-64-shippable-qr,True,False,,,102210fe594ee9b33d82058545b1ed14f4c8206e,console.log-in-loop-content-process-array,damp,True,damp console.log-in-loop-content-process-array opt e10s fission stylo webrender-sw,4768818,77,ms,firefox,448922023.0,1850482647,2024-02-29 06:49:17,129.8582917873009,bb7b045d24f7773df5e27742496f2c0bb95d780f,1384273,,,,,,,,,,,,,,,,,,,,,,,,,,,,,,,,,,,,,,,,,,,,,,,,,,TN,,,,,,,,,,
autoland,4769055,12,f76b60813665636d86169b6507d2f60fe004600c,windows10-64-shippable-qr,True,False,,,102210fe594ee9b33d82058545b1ed14f4c8206e,console.log-in-loop-content-process-array,damp,True,damp console.log-in-loop-content-process-array opt e10s fission stylo webrender-sw,4768818,77,ms,firefox,448952351.0,1850638185,2024-02-29 10:50:05,131.03401666119316,fbb087d5e5b8af76523b084cba81dc1be84c7fb4,1384399,,,,,,,,,,,,,,,,,,,,,,,,,,,,,,,,,,,,,,,,,,,,,,,,,,TN,,,,,,,,,,
autoland,4769055,12,f76b60813665636d86169b6507d2f60fe004600c,windows10-64-shippable-qr,True,False,,,102210fe594ee9b33d82058545b1ed14f4c8206e,console.log-in-loop-content-process-array,damp,True,damp console.log-in-loop-content-process-array opt e10s fission stylo webrender-sw,4768818,77,ms,firefox,448959572.0,1850672647,2024-02-29 13:22:41,128.54538969206624,42781edfbf79030ca8e6f7c1584ebfc2bd31935c,1384414,,,,,,,,,,,,,,,,,,,,,,,,,,,,,,,,,,,,,,,,,,,,,,,,,,TN,,,,,,,,,,
autoland,4769055,12,f76b60813665636d86169b6507d2f60fe004600c,windows10-64-shippable-qr,True,False,,,102210fe594ee9b33d82058545b1ed14f4c8206e,console.log-in-loop-content-process-array,damp,True,damp console.log-in-loop-content-process-array opt e10s fission stylo webrender-sw,4768818,77,ms,firefox,448992703.0,1850824893,2024-02-29 17:24:54,128.09201541600487,4b82553ad6abc0079d2d7a0642c099ca93d1d156,1384673,,,,,,,,,,,,,,,,,,,,,,,,,,,,,,,,,,,,,,,,,,,,,,,,,,TN,,,,,,,,,,
autoland,4769055,12,f76b60813665636d86169b6507d2f60fe004600c,windows10-64-shippable-qr,True,False,,,102210fe594ee9b33d82058545b1ed14f4c8206e,console.log-in-loop-content-process-array,damp,True,damp console.log-in-loop-content-process-array opt e10s fission stylo webrender-sw,4768818,77,ms,firefox,448998491.0,1850858489,2024-02-29 17:36:34,128.35440894920794,636cf8095a0f42555363480bc387b9a5aad03efe,1384681,,,,,,,,,,,,,,,,,,,,,,,,,,,,,,,,,,,,,,,,,,,,,,,,,,TN,,,,,,,,,,
autoland,4769055,12,f76b60813665636d86169b6507d2f60fe004600c,windows10-64-shippable-qr,True,False,,,102210fe594ee9b33d82058545b1ed14f4c8206e,console.log-in-loop-content-process-array,damp,True,damp console.log-in-loop-content-process-array opt e10s fission stylo webrender-sw,4768818,77,ms,firefox,449026811.0,1850961148,2024-02-29 21:50:05,129.13443772739265,1a461feeeb4e7725855a242023e45625b9bddae4,1384804,,,,,,,,,,,,,,,,,,,,,,,,,,,,,,,,,,,,,,,,,,,,,,,,,,TN,,,,,,,,,,
autoland,4769055,12,f76b60813665636d86169b6507d2f60fe004600c,windows10-64-shippable-qr,True,False,,,102210fe594ee9b33d82058545b1ed14f4c8206e,console.log-in-loop-content-process-array,damp,True,damp console.log-in-loop-content-process-array opt e10s fission stylo webrender-sw,4768818,77,ms,firefox,449030238.0,1850994829,2024-02-29 21:57:41,129.04872464235086,415f94176c1508d1acb91186346a42009b378ca7,1384812,,,,,,,,,,,,,,,,,,,,,,,,,,,,,,,,,,,,,,,,,,,,,,,,,,TN,,,,,,,,,,
autoland,4769055,12,f76b60813665636d86169b6507d2f60fe004600c,windows10-64-shippable-qr,True,False,,,102210fe594ee9b33d82058545b1ed14f4c8206e,console.log-in-loop-content-process-array,damp,True,damp console.log-in-loop-content-process-array opt e10s fission stylo webrender-sw,4768818,77,ms,firefox,449054537.0,1851092116,2024-03-01 02:06:20,128.46133864995136,3ed1cc3830b2bb116e2875dedadc6ea20235768a,1385033,,,,,,,,,,,,,,,,,,,,,,,,,,,,,,,,,,,,,,,,,,,,,,,,,,TN,,,,,,,,,,
autoland,4769055,12,f76b60813665636d86169b6507d2f60fe004600c,windows10-64-shippable-qr,True,False,,,102210fe594ee9b33d82058545b1ed14f4c8206e,console.log-in-loop-content-process-array,damp,True,damp console.log-in-loop-content-process-array opt e10s fission stylo webrender-sw,4768818,77,ms,firefox,449054909.0,1851099308,2024-03-01 02:09:48,127.97480279483534,c726403b9a5aaed84563fd210952c3858369c756,1385038,,,,,,,,,,,,,,,,,,,,,,,,,,,,,,,,,,,,,,,,,,,,,,,,,,TN,,,,,,,,,,
autoland,4769055,12,f76b60813665636d86169b6507d2f60fe004600c,windows10-64-shippable-qr,True,False,,,102210fe594ee9b33d82058545b1ed14f4c8206e,console.log-in-loop-content-process-array,damp,True,damp console.log-in-loop-content-process-array opt e10s fission stylo webrender-sw,4768818,77,ms,firefox,449097085.0,1851284898,2024-03-01 11:09:10,128.24023743166617,b921bb1aee11c101ece321f78bcc56942889bac9,1385336,,,,,,,,,,,,,,,,,,,,,,,,,,,,,,,,,,,,,,,,,,,,,,,,,,TN,,,,,,,,,,
autoland,4769055,12,f76b60813665636d86169b6507d2f60fe004600c,windows10-64-shippable-qr,True,False,,,102210fe594ee9b33d82058545b1ed14f4c8206e,console.log-in-loop-content-process-array,damp,True,damp console.log-in-loop-content-process-array opt e10s fission stylo webrender-sw,4768818,77,ms,firefox,449141004.0,1851394714,2024-03-01 15:15:21,128.54491188834982,ab2f491c1f6a1907e3cd7de371a27940c1b7ae66,1385464,,,,,,,,,,,,,,,,,,,,,,,,,,,,,,,,,,,,,,,,,,,,,,,,,,TN,,,,,,,,,,
autoland,4769055,12,f76b60813665636d86169b6507d2f60fe004600c,windows10-64-shippable-qr,True,False,,,102210fe594ee9b33d82058545b1ed14f4c8206e,console.log-in-loop-content-process-array,damp,True,damp console.log-in-loop-content-process-array opt e10s fission stylo webrender-sw,4768818,77,ms,firefox,449140007.0,1851387385,2024-03-01 15:18:33,130.505705727026,179ceb82c9e5e6619e0a43e7c9a8682bff1f55ac,1385469,,,,,,,,,,,,,,,,,,,,,,,,,,,,,,,,,,,,,,,,,,,,,,,,,,TN,,,,,,,,,,
autoland,4769055,12,f76b60813665636d86169b6507d2f60fe004600c,windows10-64-shippable-qr,True,False,,,102210fe594ee9b33d82058545b1ed14f4c8206e,console.log-in-loop-content-process-array,damp,True,damp console.log-in-loop-content-process-array opt e10s fission stylo webrender-sw,4768818,77,ms,firefox,449160485.0,1851503290,2024-03-01 19:33:22,131.31825821487837,c12ee5058abff427e2fd65f86c453b2c0ef5c315,1385653,,,,,,,,,,,,,,,,,,,,,,,,,,,,,,,,,,,,,,,,,,,,,,,,,,TN,,,,,,,,,,
autoland,4769055,12,f76b60813665636d86169b6507d2f60fe004600c,windows10-64-shippable-qr,True,False,,,102210fe594ee9b33d82058545b1ed14f4c8206e,console.log-in-loop-content-process-array,damp,True,damp console.log-in-loop-content-process-array opt e10s fission stylo webrender-sw,4768818,77,ms,firefox,449200805.0,1851669017,2024-03-02 08:44:09,128.6561913760088,ac7b674e512d88788161e657fbc3371b8d955c65,1385889,,,,,,,,,,,,,,,,,,,,,,,,,,,,,,,,,,,,,,,,,,,,,,,,,,TN,,,,,,,,,,
autoland,4769055,12,f76b60813665636d86169b6507d2f60fe004600c,windows10-64-shippable-qr,True,False,,,102210fe594ee9b33d82058545b1ed14f4c8206e,console.log-in-loop-content-process-array,damp,True,damp console.log-in-loop-content-process-array opt e10s fission stylo webrender-sw,4768818,77,ms,firefox,449219841.0,1851740266,2024-03-02 12:50:07,129.1254036699538,6263d391d703f61cfd3ddbb3791adc628a603520,1385922,,,,,,,,,,,,,,,,,,,,,,,,,,,,,,,,,,,,,,,,,,,,,,,,,,TN,,,,,,,,,,
autoland,4769055,12,f76b60813665636d86169b6507d2f60fe004600c,windows10-64-shippable-qr,True,False,,,102210fe594ee9b33d82058545b1ed14f4c8206e,console.log-in-loop-content-process-array,damp,True,damp console.log-in-loop-content-process-array opt e10s fission stylo webrender-sw,4768818,77,ms,firefox,449248998.0,1851892116,2024-03-02 18:47:19,127.95291783729772,a2ddc20095d176734a72080712b366c74a36c934,1385949,,,,,,,,,,,,,,,,,,,,,,,,,,,,,,,,,,,,,,,,,,,,,,,,,,TN,,,,,,,,,,
autoland,4769055,12,f76b60813665636d86169b6507d2f60fe004600c,windows10-64-shippable-qr,True,False,,,102210fe594ee9b33d82058545b1ed14f4c8206e,console.log-in-loop-content-process-array,damp,True,damp console.log-in-loop-content-process-array opt e10s fission stylo webrender-sw,4768818,77,ms,firefox,449251681.0,1851910071,2024-03-02 19:45:31,128.27825234513148,8042d9f9b7b6eb6e6a6fbefba554c035ef6bbda1,1385954,,,,,,,,,,,,,,,,,,,,,,,,,,,,,,,,,,,,,,,,,,,,,,,,,,TN,,,,,,,,,,
autoland,4769055,12,f76b60813665636d86169b6507d2f60fe004600c,windows10-64-shippable-qr,True,False,,,102210fe594ee9b33d82058545b1ed14f4c8206e,console.log-in-loop-content-process-array,damp,True,damp console.log-in-loop-content-process-array opt e10s fission stylo webrender-sw,4768818,77,ms,firefox,449280076.0,1852003862,2024-03-03 01:04:11,130.86858766823934,c5ddc3b211e53221a5b12ce6c8a5a523bba3641f,1385990,,,,,,,,,,,,,,,,,,,,,,,,,,,,,,,,,,,,,,,,,,,,,,,,,,TN,,,,,,,,,,
autoland,4769055,12,f76b60813665636d86169b6507d2f60fe004600c,windows10-64-shippable-qr,True,False,,,102210fe594ee9b33d82058545b1ed14f4c8206e,console.log-in-loop-content-process-array,damp,True,damp console.log-in-loop-content-process-array opt e10s fission stylo webrender-sw,4768818,77,ms,firefox,449315538.0,1852128539,2024-03-03 12:29:51,128.58088838902404,62056fe89aac9d2f369746854f0e3a55ad7153d0,1386069,,,,,,,,,,,,,,,,,,,,,,,,,,,,,,,,,,,,,,,,,,,,,,,,,,TN,,,,,,,,,,
autoland,4769055,12,f76b60813665636d86169b6507d2f60fe004600c,windows10-64-shippable-qr,True,False,,,102210fe594ee9b33d82058545b1ed14f4c8206e,console.log-in-loop-content-process-array,damp,True,damp console.log-in-loop-content-process-array opt e10s fission stylo webrender-sw,4768818,77,ms,firefox,449344039.0,1852238577,2024-03-04 01:21:19,130.34629578808926,499cae53f42dfc8f376fd97d0a83c1f8e85e274c,1386148,,,,,,,,,,,,,,,,,,,,,,,,,,,,,,,,,,,,,,,,,,,,,,,,,,TN,,,,,,,,,,
autoland,4769055,12,f76b60813665636d86169b6507d2f60fe004600c,windows10-64-shippable-qr,True,False,,,102210fe594ee9b33d82058545b1ed14f4c8206e,console.log-in-loop-content-process-array,damp,True,damp console.log-in-loop-content-process-array opt e10s fission stylo webrender-sw,4768818,77,ms,firefox,449354903.0,1852284128,2024-03-04 06:32:50,128.66587545640505,79823348e9cf740dbe5ae11eb654b1a85ea0ecbc,1386182,,,,,,,,,,,,,,,,,,,,,,,,,,,,,,,,,,,,,,,,,,,,,,,,,,TN,,,,,,,,,,
autoland,4769055,12,f76b60813665636d86169b6507d2f60fe004600c,windows10-64-shippable-qr,True,False,,,102210fe594ee9b33d82058545b1ed14f4c8206e,console.log-in-loop-content-process-array,damp,True,damp console.log-in-loop-content-process-array opt e10s fission stylo webrender-sw,4768818,77,ms,firefox,449372707.0,1852369077,2024-03-04 08:48:22,129.0784591276024,54c13c0498731427f23aff4c7e87900a715761b0,1386226,,,,,,,,,,,,,,,,,,,,,,,,,,,,,,,,,,,,,,,,,,,,,,,,,,TN,,,,,,,,,,
autoland,4769055,12,f76b60813665636d86169b6507d2f60fe004600c,windows10-64-shippable-qr,True,False,,,102210fe594ee9b33d82058545b1ed14f4c8206e,console.log-in-loop-content-process-array,damp,True,damp console.log-in-loop-content-process-array opt e10s fission stylo webrender-sw,4768818,77,ms,firefox,449426728.0,1852502691,2024-03-04 12:51:58,128.1485456120554,938c019ec0d1f3f1c0932e575d8f9e9f4c387320,1386363,,,,,,,,,,,,,,,,,,,,,,,,,,,,,,,,,,,,,,,,,,,,,,,,,,TN,,,,,,,,,,
autoland,4769055,12,f76b60813665636d86169b6507d2f60fe004600c,windows10-64-shippable-qr,True,False,,,102210fe594ee9b33d82058545b1ed14f4c8206e,console.log-in-loop-content-process-array,damp,True,damp console.log-in-loop-content-process-array opt e10s fission stylo webrender-sw,4768818,77,ms,firefox,449439770.0,1852557763,2024-03-04 14:27:11,127.8359636439618,c90923a84670e17105b275c5be4a3c2842cb248e,1386418,,,,,,,,,,,,,,,,,,,,,,,,,,,,,,,,,,,,,,,,,,,,,,,,,,TN,,,,,,,,,,
autoland,4769055,12,f76b60813665636d86169b6507d2f60fe004600c,windows10-64-shippable-qr,True,False,,,102210fe594ee9b33d82058545b1ed14f4c8206e,console.log-in-loop-content-process-array,damp,True,damp console.log-in-loop-content-process-array opt e10s fission stylo webrender-sw,4768818,77,ms,firefox,449455157.0,1852619798,2024-03-04 16:31:41,128.06064805491587,6c8dfd2a5bcafec953d7303c1fc35ec76d05f6ac,1386528,,,,,,,,,,,,,,,,,,,,,,,,,,,,,,,,,,,,,,,,,,,,,,,,,,TN,,,,,,,,,,
autoland,4769055,12,f76b60813665636d86169b6507d2f60fe004600c,windows10-64-shippable-qr,True,False,,,102210fe594ee9b33d82058545b1ed14f4c8206e,console.log-in-loop-content-process-array,damp,True,damp console.log-in-loop-content-process-array opt e10s fission stylo webrender-sw,4768818,77,ms,firefox,449496774.0,1852789290,2024-03-04 20:31:42,129.4987345055888,430bda8b01b3b00b083a0034de19b12b032caf6b,1386698,,,,,,,,,,,,,,,,,,,,,,,,,,,,,,,,,,,,,,,,,,,,,,,,,,TN,,,,,,,,,,
autoland,4769055,12,f76b60813665636d86169b6507d2f60fe004600c,windows10-64-shippable-qr,True,False,,,102210fe594ee9b33d82058545b1ed14f4c8206e,console.log-in-loop-content-process-array,damp,True,damp console.log-in-loop-content-process-array opt e10s fission stylo webrender-sw,4768818,77,ms,firefox,449496035.0,1852784035,2024-03-04 21:16:05,127.93930415846262,5b706eb2187070200b3eecb6d99a95e750c3266e,1386717,,,,,,,,,,,,,,,,,,,,,,,,,,,,,,,,,,,,,,,,,,,,,,,,,,TN,,,,,,,,,,
autoland,4769055,12,f76b60813665636d86169b6507d2f60fe004600c,windows10-64-shippable-qr,True,False,,,102210fe594ee9b33d82058545b1ed14f4c8206e,console.log-in-loop-content-process-array,damp,True,damp console.log-in-loop-content-process-array opt e10s fission stylo webrender-sw,4768818,77,ms,firefox,449537636.0,1852904937,2024-03-05 01:28:34,128.42532325125467,2b54764bcf2909b800951938d1f6fd47752c91b6,1386871,,,,,,,,,,,,,,,,,,,,,,,,,,,,,,,,,,,,,,,,,,,,,,,,,,TN,,,,,,,,,,
autoland,4769055,12,f76b60813665636d86169b6507d2f60fe004600c,windows10-64-shippable-qr,True,False,,,102210fe594ee9b33d82058545b1ed14f4c8206e,console.log-in-loop-content-process-array,damp,True,damp console.log-in-loop-content-process-array opt e10s fission stylo webrender-sw,4768818,77,ms,firefox,449549396.0,1853011536,2024-03-05 05:25:14,131.81356916284676,61bb37d1ba16985ef9e5cd99cd02912849f743a3,1386945,,,,,,,,,,,,,,,,,,,,,,,,,,,,,,,,,,,,,,,,,,,,,,,,,,TN,,,,,,,,,,
autoland,4769055,12,f76b60813665636d86169b6507d2f60fe004600c,windows10-64-shippable-qr,True,False,,,102210fe594ee9b33d82058545b1ed14f4c8206e,console.log-in-loop-content-process-array,damp,True,damp console.log-in-loop-content-process-array opt e10s fission stylo webrender-sw,4768818,77,ms,firefox,449576685.0,1853089610,2024-03-05 09:36:09,128.159555774615,20859a1f25eb48ec31fdd24c0552b9fa83c5dcf2,1387072,,,,,,,,,,,,,,,,,,,,,,,,,,,,,,,,,,,,,,,,,,,,,,,,,,TN,,,,,,,,,,
autoland,4769055,12,f76b60813665636d86169b6507d2f60fe004600c,windows10-64-shippable-qr,True,False,,,102210fe594ee9b33d82058545b1ed14f4c8206e,console.log-in-loop-content-process-array,damp,True,damp console.log-in-loop-content-process-array opt e10s fission stylo webrender-sw,4768818,77,ms,firefox,449603309.0,1853171696,2024-03-05 11:43:18,127.43208657856304,300643546ea85a42a1f88a11595ebbb0b7157128,1387157,,,,,,,,,,,,,,,,,,,,,,,,,,,,,,,,,,,,,,,,,,,,,,,,,,TN,,,,,,,,,,
autoland,4769055,12,f76b60813665636d86169b6507d2f60fe004600c,windows10-64-shippable-qr,True,False,,,102210fe594ee9b33d82058545b1ed14f4c8206e,console.log-in-loop-content-process-array,damp,True,damp console.log-in-loop-content-process-array opt e10s fission stylo webrender-sw,4768818,77,ms,firefox,449629199.0,1853248467,2024-03-05 15:52:09,131.62920420194678,adf17fc47c84c0fa237aecff550ba42344a5c629,1387348,,,,,,,,,,,,,,,,,,,,,,,,,,,,,,,,,,,,,,,,,,,,,,,,,,TN,,,,,,,,,,
autoland,4769055,12,f76b60813665636d86169b6507d2f60fe004600c,windows10-64-shippable-qr,True,False,,,102210fe594ee9b33d82058545b1ed14f4c8206e,console.log-in-loop-content-process-array,damp,True,damp console.log-in-loop-content-process-array opt e10s fission stylo webrender-sw,4768818,77,ms,firefox,449669881.0,1853378156,2024-03-05 19:23:59,131.04928722687873,c13ff57ddd8d6b9f971a631b45c6da97b3c14fb9,1387560,,,,,,,,,,,,,,,,,,,,,,,,,,,,,,,,,,,,,,,,,,,,,,,,,,TN,,,,,,,,,,
autoland,4769055,12,f76b60813665636d86169b6507d2f60fe004600c,windows10-64-shippable-qr,True,False,,,102210fe594ee9b33d82058545b1ed14f4c8206e,console.log-in-loop-content-process-array,damp,True,damp console.log-in-loop-content-process-array opt e10s fission stylo webrender-sw,4768818,77,ms,firefox,449688408.0,1853433957,2024-03-05 22:16:54,127.76689491661637,099f52f30c39008328dfbc02ff824310e082a8da,1387647,,,,,,,,,,,,,,,,,,,,,,,,,,,,,,,,,,,,,,,,,,,,,,,,,,TN,,,,,,,,,,
autoland,4769055,12,f76b60813665636d86169b6507d2f60fe004600c,windows10-64-shippable-qr,True,False,,,102210fe594ee9b33d82058545b1ed14f4c8206e,console.log-in-loop-content-process-array,damp,True,damp console.log-in-loop-content-process-array opt e10s fission stylo webrender-sw,4768818,77,ms,firefox,449713314.0,1853525488,2024-03-06 02:53:23,130.4154304696367,488c772c72746cdfbf99e927acee696c4d6a5aef,1387831,,,,,,,,,,,,,,,,,,,,,,,,,,,,,,,,,,,,,,,,,,,,,,,,,,TN,,,,,,,,,,
autoland,4769055,12,f76b60813665636d86169b6507d2f60fe004600c,windows10-64-shippable-qr,True,False,,,102210fe594ee9b33d82058545b1ed14f4c8206e,console.log-in-loop-content-process-array,damp,True,damp console.log-in-loop-content-process-array opt e10s fission stylo webrender-sw,4768818,77,ms,firefox,449803943.0,1853868205,2024-03-06 14:00:28,128.6123739498471,143c3925806ed35200c2a71e650e7e74f58520a7,1388157,,,,,,,,,,,,,,,,,,,,,,,,,,,,,,,,,,,,,,,,,,,,,,,,,,TN,,,,,,,,,,
autoland,4769055,12,f76b60813665636d86169b6507d2f60fe004600c,windows10-64-shippable-qr,True,False,,,102210fe594ee9b33d82058545b1ed14f4c8206e,console.log-in-loop-content-process-array,damp,True,damp console.log-in-loop-content-process-array opt e10s fission stylo webrender-sw,4768818,77,ms,firefox,449831889.0,1853987816,2024-03-06 18:03:03,130.28627290219083,03e6d6ff8bde56b645cfbc34dee452ff375ff3ca,1388329,,,,,,,,,,,,,,,,,,,,,,,,,,,,,,,,,,,,,,,,,,,,,,,,,,TN,,,,,,,,,,
autoland,4769055,12,f76b60813665636d86169b6507d2f60fe004600c,windows10-64-shippable-qr,True,False,,,102210fe594ee9b33d82058545b1ed14f4c8206e,console.log-in-loop-content-process-array,damp,True,damp console.log-in-loop-content-process-array opt e10s fission stylo webrender-sw,4768818,77,ms,firefox,449831426.0,1853969473,2024-03-06 18:05:41,128.38431942240825,f408182c4687f0490084c35cc766e637d0bdfd0f,1388333,,,,,,,,,,,,,,,,,,,,,,,,,,,,,,,,,,,,,,,,,,,,,,,,,,TN,,,,,,,,,,
autoland,4769055,12,f76b60813665636d86169b6507d2f60fe004600c,windows10-64-shippable-qr,True,False,,,102210fe594ee9b33d82058545b1ed14f4c8206e,console.log-in-loop-content-process-array,damp,True,damp console.log-in-loop-content-process-array opt e10s fission stylo webrender-sw,4768818,77,ms,firefox,449857501.0,1854092223,2024-03-06 20:32:27,127.90410716230144,cbcc69d30489c534df28a444097bd87fcf8d8352,1388530,,,,,,,,,,,,,,,,,,,,,,,,,,,,,,,,,,,,,,,,,,,,,,,,,,TN,,,,,,,,,,
autoland,4769055,12,f76b60813665636d86169b6507d2f60fe004600c,windows10-64-shippable-qr,True,False,,,102210fe594ee9b33d82058545b1ed14f4c8206e,console.log-in-loop-content-process-array,damp,True,damp console.log-in-loop-content-process-array opt e10s fission stylo webrender-sw,4768818,77,ms,firefox,449875790.0,1854149374,2024-03-06 22:58:04,128.62509109341045,98eadcb9210580189dd1cb9eb2cad1362b0c2835,1388664,,,,,,,,,,,,,,,,,,,,,,,,,,,,,,,,,,,,,,,,,,,,,,,,,,TN,,,,,,,,,,
autoland,4769055,12,f76b60813665636d86169b6507d2f60fe004600c,windows10-64-shippable-qr,True,False,,,102210fe594ee9b33d82058545b1ed14f4c8206e,console.log-in-loop-content-process-array,damp,True,damp console.log-in-loop-content-process-array opt e10s fission stylo webrender-sw,4768818,77,ms,firefox,450349895.0,1856190219,2024-03-07 00:37:02,128.25414899837415,c2cea80c2f39a2bef74edabf1336a2df554aeead,1388744,,,,,,,,,,,,,,,,,,,,,,,,,,,,,,,,,,,,,,,,,,,,,,,,,,TN,,,,,,,,,,
autoland,4769055,12,f76b60813665636d86169b6507d2f60fe004600c,windows10-64-shippable-qr,True,False,,,102210fe594ee9b33d82058545b1ed14f4c8206e,console.log-in-loop-content-process-array,damp,True,damp console.log-in-loop-content-process-array opt e10s fission stylo webrender-sw,4768818,77,ms,firefox,450349901.0,1856190429,2024-03-07 01:09:04,129.1028700335537,e420cccb7ec93777f67029159c469f4c5063ad6f,1388768,,,,,,,,,,,,,,,,,,,,,,,,,,,,,,,,,,,,,,,,,,,,,,,,,,TN,,,,,,,,,,
autoland,4769055,12,f76b60813665636d86169b6507d2f60fe004600c,windows10-64-shippable-qr,True,False,,,102210fe594ee9b33d82058545b1ed14f4c8206e,console.log-in-loop-content-process-array,damp,True,damp console.log-in-loop-content-process-array opt e10s fission stylo webrender-sw,4768818,77,ms,firefox,450349902.0,1856190269,2024-03-07 01:46:01,128.7032953679718,5156f24f97bfe6856fcaa2338b49a785ee4bf0c8,1388785,,,,,,,,,,,,,,,,,,,,,,,,,,,,,,,,,,,,,,,,,,,,,,,,,,TN,,,,,,,,,,
autoland,4769055,12,f76b60813665636d86169b6507d2f60fe004600c,windows10-64-shippable-qr,True,False,,,102210fe594ee9b33d82058545b1ed14f4c8206e,console.log-in-loop-content-process-array,damp,True,damp console.log-in-loop-content-process-array opt e10s fission stylo webrender-sw,4768818,77,ms,firefox,450349894.0,1856190125,2024-03-07 02:25:29,129.16315946486975,3b9751f19c3e5d7af3b7937756ab16c1fe2f358d,1388797,,,,,,,,,,,,,,,,,,,,,,,,,,,,,,,,,,,,,,,,,,,,,,,,,,TN,,,,,,,,,,
autoland,4769055,12,f76b60813665636d86169b6507d2f60fe004600c,windows10-64-shippable-qr,True,False,,,102210fe594ee9b33d82058545b1ed14f4c8206e,console.log-in-loop-content-process-array,damp,True,damp console.log-in-loop-content-process-array opt e10s fission stylo webrender-sw,4768818,77,ms,firefox,450349896.0,1856190730,2024-03-07 02:53:45,131.46586740175917,094dfde276e5b948853fa19912f12e4479f05d2c,1388811,,,,,,,,,,,,,,,,,,,,,,,,,,,,,,,,,,,,,,,,,,,,,,,,,,TN,,,,,,,,,,
autoland,4769055,12,f76b60813665636d86169b6507d2f60fe004600c,windows10-64-shippable-qr,True,False,,,102210fe594ee9b33d82058545b1ed14f4c8206e,console.log-in-loop-content-process-array,damp,True,damp console.log-in-loop-content-process-array opt e10s fission stylo webrender-sw,4768818,77,ms,firefox,449896604.0,1854305863,2024-03-07 03:21:51,131.2724661218308,62ed755b7c5e2b357e66b4f19a5419c685e87a47,1388820,,,,,,,,,,,,,,,,,,,,,,,,,,,,,,,,,,,,,,,,,,,,,,,,,,TN,,,,,,,,,,
autoland,4769055,12,f76b60813665636d86169b6507d2f60fe004600c,windows10-64-shippable-qr,True,False,,,102210fe594ee9b33d82058545b1ed14f4c8206e,console.log-in-loop-content-process-array,damp,True,damp console.log-in-loop-content-process-array opt e10s fission stylo webrender-sw,4768818,77,ms,firefox,450365114.0,1856255290,2024-03-07 03:27:00,130.34800975393955,9915fb51518cb1eb95085f456c49bfb73ae8126d,1388824,,,,,,,,,,,,,,,,,,,,,,,,,,,,,,,,,,,,,,,,,,,,,,,,,,TN,,,,,,,,,,
autoland,4769055,12,f76b60813665636d86169b6507d2f60fe004600c,windows10-64-shippable-qr,True,False,,,102210fe594ee9b33d82058545b1ed14f4c8206e,console.log-in-loop-content-process-array,damp,True,damp console.log-in-loop-content-process-array opt e10s fission stylo webrender-sw,4768818,77,ms,firefox,450349898.0,1856190173,2024-03-07 04:10:05,128.49837337350073,3e8634526d9a1ae432b07bacf1288c9e15008eb6,1388832,,,,,,,,,,,,,,,,,,,,,,,,,,,,,,,,,,,,,,,,,,,,,,,,,,TN,,,,,,,,,,
autoland,4769055,12,f76b60813665636d86169b6507d2f60fe004600c,windows10-64-shippable-qr,True,False,,,102210fe594ee9b33d82058545b1ed14f4c8206e,console.log-in-loop-content-process-array,damp,True,damp console.log-in-loop-content-process-array opt e10s fission stylo webrender-sw,4768818,77,ms,firefox,450370201.0,1856267139,2024-03-07 05:14:50,128.99330746705527,d9c6cd169312c8d1f5d2f96615de956681e9684f,1388840,,,,,,,,,,,,,,,,,,,,,,,,,,,,,,,,,,,,,,,,,,,,,,,,,,TN,,,,,,,,,,
autoland,4769055,12,f76b60813665636d86169b6507d2f60fe004600c,windows10-64-shippable-qr,True,False,,,102210fe594ee9b33d82058545b1ed14f4c8206e,console.log-in-loop-content-process-array,damp,True,damp console.log-in-loop-content-process-array opt e10s fission stylo webrender-sw,4768818,77,ms,firefox,450366401.0,1856257931,2024-03-07 05:18:29,130.27598843289888,e91a65ccf1f0ff1cfaaf04f44a55263db148ef06,1388842,,,,,,,,,,,,,,,,,,,,,,,,,,,,,,,,,,,,,,,,,,,,,,,,,,TN,,,,,,,,,,
autoland,4769055,12,f76b60813665636d86169b6507d2f60fe004600c,windows10-64-shippable-qr,True,False,,,102210fe594ee9b33d82058545b1ed14f4c8206e,console.log-in-loop-content-process-array,damp,True,damp console.log-in-loop-content-process-array opt e10s fission stylo webrender-sw,4768818,77,ms,firefox,450366087.0,1856257113,2024-03-07 05:21:43,129.04876316307673,d57da3d63783b8d8e513030563631f0788d05dab,1388844,,,,,,,,,,,,,,,,,,,,,,,,,,,,,,,,,,,,,,,,,,,,,,,,,,TN,,,,,,,,,,
autoland,4769055,12,f76b60813665636d86169b6507d2f60fe004600c,windows10-64-shippable-qr,True,False,,,102210fe594ee9b33d82058545b1ed14f4c8206e,console.log-in-loop-content-process-array,damp,True,damp console.log-in-loop-content-process-array opt e10s fission stylo webrender-sw,4768818,77,ms,firefox,450367408.0,1856261995,2024-03-07 05:30:13,131.85705352522564,cb88e52676eb64961e17da44354737d76db1e174,1388846,,,,,,,,,,,,,,,,,,,,,,,,,,,,,,,,,,,,,,,,,,,,,,,,,,TN,,,,,,,,,,
autoland,4769055,12,f76b60813665636d86169b6507d2f60fe004600c,windows10-64-shippable-qr,True,False,,,102210fe594ee9b33d82058545b1ed14f4c8206e,console.log-in-loop-content-process-array,damp,True,damp console.log-in-loop-content-process-array opt e10s fission stylo webrender-sw,4768818,77,ms,firefox,449902292.0,1854351581,2024-03-07 06:37:03,128.7945632380288,d48a42b340b69771d9dc99ddf1303d3f88ae9165,1388849,,,,,,,,,,,,,,,,,,,,,,,,,,,,,,,,,,,,,,,,,,,,,,,,,,TN,,,,,,,,,,
autoland,4769055,12,f76b60813665636d86169b6507d2f60fe004600c,windows10-64-shippable-qr,True,False,,,102210fe594ee9b33d82058545b1ed14f4c8206e,console.log-in-loop-content-process-array,damp,True,damp console.log-in-loop-content-process-array opt e10s fission stylo webrender-sw,4768818,77,ms,firefox,450366558.0,1856258448,2024-03-07 10:01:59,129.89198849843524,83a61c8ae7da12778ad2eac71d99640e3a678234,1388865,,,,,,,,,,,,,,,,,,,,,,,,,,,,,,,,,,,,,,,,,,,,,,,,,,TN,,,,,,,,,,
autoland,4769055,12,f76b60813665636d86169b6507d2f60fe004600c,windows10-64-shippable-qr,True,False,,,102210fe594ee9b33d82058545b1ed14f4c8206e,console.log-in-loop-content-process-array,damp,True,damp console.log-in-loop-content-process-array opt e10s fission stylo webrender-sw,4768818,77,ms,firefox,450367401.0,1856262161,2024-03-07 10:07:27,131.63666860202466,d274bac69a2587c60862e3a7fd145faa3e34af20,1388867,,,,,,,,,,,,,,,,,,,,,,,,,,,,,,,,,,,,,,,,,,,,,,,,,,TN,,,,,,,,,,
autoland,4769055,12,f76b60813665636d86169b6507d2f60fe004600c,windows10-64-shippable-qr,True,False,,,102210fe594ee9b33d82058545b1ed14f4c8206e,console.log-in-loop-content-process-array,damp,True,damp console.log-in-loop-content-process-array opt e10s fission stylo webrender-sw,4768818,77,ms,firefox,450364333.0,1856253818,2024-03-07 10:10:48,128.7174657744672,18dde41563b13fb1f03c54f70efb0c2cd11ae166,1388868,,,,,,,,,,,,,,,,,,,,,,,,,,,,,,,,,,,,,,,,,,,,,,,,,,TN,,,,,,,,,,
autoland,4769055,12,f76b60813665636d86169b6507d2f60fe004600c,windows10-64-shippable-qr,True,False,,,102210fe594ee9b33d82058545b1ed14f4c8206e,console.log-in-loop-content-process-array,damp,True,damp console.log-in-loop-content-process-array opt e10s fission stylo webrender-sw,4768818,77,ms,firefox,450364219.0,1856253762,2024-03-07 10:14:47,129.1780074724702,e1470984952894bd293df04c68240fd835d57f7c,1388869,,,,,,,,,,,,,,,,,,,,,,,,,,,,,,,,,,,,,,,,,,,,,,,,,,TN,,,,,,,,,,
autoland,4769055,12,f76b60813665636d86169b6507d2f60fe004600c,windows10-64-shippable-qr,True,False,,,102210fe594ee9b33d82058545b1ed14f4c8206e,console.log-in-loop-content-process-array,damp,True,damp console.log-in-loop-content-process-array opt e10s fission stylo webrender-sw,4768818,77,ms,firefox,450370173.0,1856267093,2024-03-07 10:17:09,129.58504142076708,fdd447a68b687995e390300036d32e85d1ae1186,1388870,,,,,,,,,,,,,,,,,,,,,,,,,,,,,,,,,,,,,,,,,,,,,,,,,,TN,,,,,,,,,,
autoland,4769055,12,f76b60813665636d86169b6507d2f60fe004600c,windows10-64-shippable-qr,True,False,,,102210fe594ee9b33d82058545b1ed14f4c8206e,console.log-in-loop-content-process-array,damp,True,damp console.log-in-loop-content-process-array opt e10s fission stylo webrender-sw,4768818,77,ms,firefox,450356562.0,1856225465,2024-03-07 10:18:27,129.19734264583894,5e941e9079ec9c59ff07079511ce200262764b45,1388871,,,,,,,,,,,,,,,,,,,,,,,,,,,,,,,,,,,,,,,,,,,,,,,,,,TN,,,,,,,,,,
autoland,4769055,12,f76b60813665636d86169b6507d2f60fe004600c,windows10-64-shippable-qr,True,False,,,102210fe594ee9b33d82058545b1ed14f4c8206e,console.log-in-loop-content-process-array,damp,True,damp console.log-in-loop-content-process-array opt e10s fission stylo webrender-sw,4768818,77,ms,firefox,450349906.0,1856190823,2024-03-07 10:24:15,127.70728117494946,20014fe22fc507eb7cadf89698a0900ed1af3325,1388872,,,,,,,,,,,,,,,,,,,,,,,,,,,,,,,,,,,,,,,,,,,,,,,,,,TN,,,,,,,,,,
autoland,4769055,12,f76b60813665636d86169b6507d2f60fe004600c,windows10-64-shippable-qr,True,False,,,102210fe594ee9b33d82058545b1ed14f4c8206e,console.log-in-loop-content-process-array,damp,True,damp console.log-in-loop-content-process-array opt e10s fission stylo webrender-sw,4768818,77,ms,firefox,450349907.0,1856191090,2024-03-07 10:28:19,133.31436658101848,dd6e68ada72ac74cbb57785d5ef5ba7d897c1a25,1388874,,,,,,,,,,,,,,,,,,,,,,,,,,,,,,,,,,,,,,,,,,,,,,,,,,TN,,,,,,,,,,
autoland,4769055,12,f76b60813665636d86169b6507d2f60fe004600c,windows10-64-shippable-qr,True,False,,,102210fe594ee9b33d82058545b1ed14f4c8206e,console.log-in-loop-content-process-array,damp,True,damp console.log-in-loop-content-process-array opt e10s fission stylo webrender-sw,4768818,77,ms,firefox,450349905.0,1856190777,2024-03-07 10:31:52,128.67564737269095,edf70c42e48dc0cae548d11970b5d565e3ec4244,1388875,,,,,,,,,,,,,,,,,,,,,,,,,,,,,,,,,,,,,,,,,,,,,,,,,,TN,,,,,,,,,,
autoland,4769055,12,f76b60813665636d86169b6507d2f60fe004600c,windows10-64-shippable-qr,True,False,,,102210fe594ee9b33d82058545b1ed14f4c8206e,console.log-in-loop-content-process-array,damp,True,damp console.log-in-loop-content-process-array opt e10s fission stylo webrender-sw,4768818,77,ms,firefox,449924103.0,1854439588,2024-03-07 10:49:51,128.90011799895365,cfe658475285f9b5c867bcbd191d2e1332df885e,1388876,,,,,,,,,,,,,,,,,,,,,,,,,,,,,,,,,,,,,,,,,,,,,,,,,,TN,,,,,,,,,,
autoland,4769055,12,f76b60813665636d86169b6507d2f60fe004600c,windows10-64-shippable-qr,True,False,,,102210fe594ee9b33d82058545b1ed14f4c8206e,console.log-in-loop-content-process-array,damp,True,damp console.log-in-loop-content-process-array opt e10s fission stylo webrender-sw,4768818,77,ms,firefox,450349910.0,1856191032,2024-03-07 11:04:30,131.4150985257802,761e8b58691f463518b88dd494241487dde74635,1388877,,,,,,,,,,,,,,,,,,,,,,,,,,,,,,,,,,,,,,,,,,,,,,,,,,TN,,,,,,,,,,
autoland,4769055,12,f76b60813665636d86169b6507d2f60fe004600c,windows10-64-shippable-qr,True,False,,,102210fe594ee9b33d82058545b1ed14f4c8206e,console.log-in-loop-content-process-array,damp,True,damp console.log-in-loop-content-process-array opt e10s fission stylo webrender-sw,4768818,77,ms,firefox,450349908.0,1856190870,2024-03-07 11:46:13,128.45992474283958,1ea75ed91b6706d3ff95a22584770974f7dba477,1388879,,,,,,,,,,,,,,,,,,,,,,,,,,,,,,,,,,,,,,,,,,,,,,,,,,TN,,,,,,,,,,
autoland,4769055,12,f76b60813665636d86169b6507d2f60fe004600c,windows10-64-shippable-qr,True,False,,,102210fe594ee9b33d82058545b1ed14f4c8206e,console.log-in-loop-content-process-array,damp,True,damp console.log-in-loop-content-process-array opt e10s fission stylo webrender-sw,4768818,77,ms,firefox,450349914.0,1856190682,2024-03-07 12:55:09,128.56646460867523,c7b74318bb9b5bda4d1c958ec00ae74716e05d30,1388881,,,,,,,,,,,,,,,,,,,,,,,,,,,,,,,,,,,,,,,,,,,,,,,,,,TN,,,,,,,,,,
autoland,4769055,12,f76b60813665636d86169b6507d2f60fe004600c,windows10-64-shippable-qr,True,False,,,102210fe594ee9b33d82058545b1ed14f4c8206e,console.log-in-loop-content-process-array,damp,True,damp console.log-in-loop-content-process-array opt e10s fission stylo webrender-sw,4768818,77,ms,firefox,450349916.0,1856190973,2024-03-07 13:08:36,128.80573931618164,9f05ae95930173f3d0f4c587bce3d2cc3fdf999e,1388882,,,,,,,,,,,,,,,,,,,,,,,,,,,,,,,,,,,,,,,,,,,,,,,,,,TN,,,,,,,,,,
autoland,4769055,12,f76b60813665636d86169b6507d2f60fe004600c,windows10-64-shippable-qr,True,False,,,102210fe594ee9b33d82058545b1ed14f4c8206e,console.log-in-loop-content-process-array,damp,True,damp console.log-in-loop-content-process-array opt e10s fission stylo webrender-sw,4768818,77,ms,firefox,450349919.0,1856191138,2024-03-07 13:09:29,131.30471349728396,ac201b421175a8234e26d930c1b7f03aab8bd03e,1388884,,,,,,,,,,,,,,,,,,,,,,,,,,,,,,,,,,,,,,,,,,,,,,,,,,TN,,,,,,,,,,
autoland,4769055,12,f76b60813665636d86169b6507d2f60fe004600c,windows10-64-shippable-qr,True,False,,,102210fe594ee9b33d82058545b1ed14f4c8206e,console.log-in-loop-content-process-array,damp,True,damp console.log-in-loop-content-process-array opt e10s fission stylo webrender-sw,4768818,77,ms,firefox,449937417.0,1854489214,2024-03-07 13:27:03,128.21441420162046,0027da61966ddaf727a4c543b4541d0e175cb354,1388885,,,,,,,,,,,,,,,,,,,,,,,,,,,,,,,,,,,,,,,,,,,,,,,,,,TN,,,,,,,,,,
autoland,4769055,12,f76b60813665636d86169b6507d2f60fe004600c,windows10-64-shippable-qr,True,False,,,102210fe594ee9b33d82058545b1ed14f4c8206e,console.log-in-loop-content-process-array,damp,True,damp console.log-in-loop-content-process-array opt e10s fission stylo webrender-sw,4768818,77,ms,firefox,449979113.0,1854665022,2024-03-07 20:11:01,129.25856218038462,c9b3f598aa024ffbe096094ee8845222b7483c50,1389147,,,,,,,,,,,,,,,,,,,,,,,,,,,,,,,,,,,,,,,,,,,,,,,,,,TN,,,,,,,,,,
autoland,4769055,12,f76b60813665636d86169b6507d2f60fe004600c,windows10-64-shippable-qr,True,False,,,102210fe594ee9b33d82058545b1ed14f4c8206e,console.log-in-loop-content-process-array,damp,True,damp console.log-in-loop-content-process-array opt e10s fission stylo webrender-sw,4768818,77,ms,firefox,450018686.0,1854852690,2024-03-08 00:14:27,128.6979607733083,f9c5e71ad2de0632a1d833b02eb16cd13e4eabc1,1389377,,,,,,,,,,,,,,,,,,,,,,,,,,,,,,,,,,,,,,,,,,,,,,,,,,TN,,,,,,,,,,
autoland,4769055,12,f76b60813665636d86169b6507d2f60fe004600c,windows10-64-shippable-qr,True,False,,,102210fe594ee9b33d82058545b1ed14f4c8206e,console.log-in-loop-content-process-array,damp,True,damp console.log-in-loop-content-process-array opt e10s fission stylo webrender-sw,4768818,77,ms,firefox,450018446.0,1854846098,2024-03-08 01:03:56,129.9320440742431,ac5529a784bdd0522e58c4bcdb3293674601ac52,1389404,,,,,,,,,,,,,,,,,,,,,,,,,,,,,,,,,,,,,,,,,,,,,,,,,,TN,,,,,,,,,,
autoland,4769055,12,f76b60813665636d86169b6507d2f60fe004600c,windows10-64-shippable-qr,True,False,,,102210fe594ee9b33d82058545b1ed14f4c8206e,console.log-in-loop-content-process-array,damp,True,damp console.log-in-loop-content-process-array opt e10s fission stylo webrender-sw,4768818,77,ms,firefox,450309889.0,1856057182,2024-03-08 08:40:46,129.08118979100618,bf480ef2bdbfed23fd59d0f754f58c5aa93e3ca6,1389582,,,,,,,,,,,,,,,,,,,,,,,,,,,,,,,,,,,,,,,,,,,,,,,,,,TN,,,,,,,,,,
autoland,4769055,12,f76b60813665636d86169b6507d2f60fe004600c,windows10-64-shippable-qr,True,False,,,102210fe594ee9b33d82058545b1ed14f4c8206e,console.log-in-loop-content-process-array,damp,True,damp console.log-in-loop-content-process-array opt e10s fission stylo webrender-sw,4768818,77,ms,firefox,450311706.0,1856061438,2024-03-08 08:53:32,128.7265448813523,fa450c016c48462cabafdd6d357da518682e1c29,1389584,,,,,,,,,,,,,,,,,,,,,,,,,,,,,,,,,,,,,,,,,,,,,,,,,,TN,,,,,,,,,,
autoland,4769055,12,f76b60813665636d86169b6507d2f60fe004600c,windows10-64-shippable-qr,True,False,,,102210fe594ee9b33d82058545b1ed14f4c8206e,console.log-in-loop-content-process-array,damp,True,damp console.log-in-loop-content-process-array opt e10s fission stylo webrender-sw,4768818,77,ms,firefox,450310247.0,1856059008,2024-03-08 08:54:23,130.22914401065646,a08aed3b2eb3bc92e5aa8d2a965fb1127f7ae5ba,1389585,,,,,,,,,,,,,,,,,,,,,,,,,,,,,,,,,,,,,,,,,,,,,,,,,,TN,,,,,,,,,,
autoland,4769055,12,f76b60813665636d86169b6507d2f60fe004600c,windows10-64-shippable-qr,True,False,,,102210fe594ee9b33d82058545b1ed14f4c8206e,console.log-in-loop-content-process-array,damp,True,damp console.log-in-loop-content-process-array opt e10s fission stylo webrender-sw,4768818,77,ms,firefox,450313590.0,1856064670,2024-03-08 08:55:40,127.78878009452092,8ae768068bd7567097cb296930e3643ce1fdff9f,1389586,,,,,,,,,,,,,,,,,,,,,,,,,,,,,,,,,,,,,,,,,,,,,,,,,,TN,,,,,,,,,,
autoland,4769055,12,f76b60813665636d86169b6507d2f60fe004600c,windows10-64-shippable-qr,True,False,,,102210fe594ee9b33d82058545b1ed14f4c8206e,console.log-in-loop-content-process-array,damp,True,damp console.log-in-loop-content-process-array opt e10s fission stylo webrender-sw,4768818,77,ms,firefox,450311779.0,1856062012,2024-03-08 08:56:30,127.83054981641362,f6e655b847ff41584b50d4897dee99cfc1095bff,1389587,,,,,,,,,,,,,,,,,,,,,,,,,,,,,,,,,,,,,,,,,,,,,,,,,,TN,,,,,,,,,,
autoland,4769055,12,f76b60813665636d86169b6507d2f60fe004600c,windows10-64-shippable-qr,True,False,,,102210fe594ee9b33d82058545b1ed14f4c8206e,console.log-in-loop-content-process-array,damp,True,damp console.log-in-loop-content-process-array opt e10s fission stylo webrender-sw,4768818,77,ms,firefox,450309920.0,1856057607,2024-03-08 09:00:10,129.66964775466113,4c5285764100fef7429262fb418cb665ea747427,1389588,,,,,,,,,,,,,,,,,,,,,,,,,,,,,,,,,,,,,,,,,,,,,,,,,,TN,,,,,,,,,,
autoland,4769055,12,f76b60813665636d86169b6507d2f60fe004600c,windows10-64-shippable-qr,True,False,,,102210fe594ee9b33d82058545b1ed14f4c8206e,console.log-in-loop-content-process-array,damp,True,damp console.log-in-loop-content-process-array opt e10s fission stylo webrender-sw,4768818,77,ms,firefox,450311710.0,1856061761,2024-03-08 09:14:43,131.61355682509202,8a936faee760859d530e2fbc7d8ac3d0294385b5,1389589,,,,,,,,,,,,,,,,,,,,,,,,,,,,,,,,,,,,,,,,,,,,,,,,,,TN,,,,,,,,,,
autoland,4769055,12,f76b60813665636d86169b6507d2f60fe004600c,windows10-64-shippable-qr,True,False,,,102210fe594ee9b33d82058545b1ed14f4c8206e,console.log-in-loop-content-process-array,damp,True,damp console.log-in-loop-content-process-array opt e10s fission stylo webrender-sw,4768818,77,ms,firefox,450311059.0,1856061215,2024-03-08 09:34:09,130.8600909993911,f3ad3844002bda25d6609f07a0947c049bfeb413,1389591,,,,,,,,,,,,,,,,,,,,,,,,,,,,,,,,,,,,,,,,,,,,,,,,,,TN,,,,,,,,,,
autoland,4769055,12,f76b60813665636d86169b6507d2f60fe004600c,windows10-64-shippable-qr,True,False,,,102210fe594ee9b33d82058545b1ed14f4c8206e,console.log-in-loop-content-process-array,damp,True,damp console.log-in-loop-content-process-array opt e10s fission stylo webrender-sw,4768818,77,ms,firefox,450310369.0,1856059636,2024-03-08 09:43:30,129.54736833841343,caf25f875227c49e86a1889f6da8dff5e8e0e55f,1389592,,,,,,,,,,,,,,,,,,,,,,,,,,,,,,,,,,,,,,,,,,,,,,,,,,TN,,,,,,,,,,
autoland,4769055,12,f76b60813665636d86169b6507d2f60fe004600c,windows10-64-shippable-qr,True,False,,,102210fe594ee9b33d82058545b1ed14f4c8206e,console.log-in-loop-content-process-array,damp,True,damp console.log-in-loop-content-process-array opt e10s fission stylo webrender-sw,4768818,77,ms,firefox,450054781.0,1855049720,2024-03-08 09:44:20,128.6407874692486,fe38c21e5d5ba7ab071d13411995b46f31d7862c,1389593,,,,,,,,,,,,,,,,,,,,,,,,,,,,,,,,,,,,,,,,,,,,,,,,,,TN,,,,,,,,,,
autoland,4769055,12,f76b60813665636d86169b6507d2f60fe004600c,windows10-64-shippable-qr,True,False,,,102210fe594ee9b33d82058545b1ed14f4c8206e,console.log-in-loop-content-process-array,damp,True,damp console.log-in-loop-content-process-array opt e10s fission stylo webrender-sw,4768818,77,ms,firefox,450309741.0,1856054351,2024-03-08 11:01:59,128.73922324781415,3f762ddc6f508c5b8be6c3f8b4ae8a50d7b3c24e,1389599,,,,,,,,,,,,,,,,,,,,,,,,,,,,,,,,,,,,,,,,,,,,,,,,,,TN,,,,,,,,,,
autoland,4769055,12,f76b60813665636d86169b6507d2f60fe004600c,windows10-64-shippable-qr,True,False,,,102210fe594ee9b33d82058545b1ed14f4c8206e,console.log-in-loop-content-process-array,damp,True,damp console.log-in-loop-content-process-array opt e10s fission stylo webrender-sw,4768818,77,ms,firefox,450309747.0,1856054639,2024-03-08 11:03:06,130.18102305983848,31978f6f4be1b3c852a910e8d932b916b33c3f32,1389600,,,,,,,,,,,,,,,,,,,,,,,,,,,,,,,,,,,,,,,,,,,,,,,,,,TN,,,,,,,,,,
autoland,4769055,12,f76b60813665636d86169b6507d2f60fe004600c,windows10-64-shippable-qr,True,False,,,102210fe594ee9b33d82058545b1ed14f4c8206e,console.log-in-loop-content-process-array,damp,True,damp console.log-in-loop-content-process-array opt e10s fission stylo webrender-sw,4768818,77,ms,firefox,450310274.0,1856059236,2024-03-08 11:27:57,129.53149634653892,82f92a0ae9b1cd80fb4c0aaaf69dd5885456a821,1389601,,,,,,,,,,,,,,,,,,,,,,,,,,,,,,,,,,,,,,,,,,,,,,,,,,TN,,,,,,,,,,
autoland,4769055,12,f76b60813665636d86169b6507d2f60fe004600c,windows10-64-shippable-qr,True,False,,,102210fe594ee9b33d82058545b1ed14f4c8206e,console.log-in-loop-content-process-array,damp,True,damp console.log-in-loop-content-process-array opt e10s fission stylo webrender-sw,4768818,77,ms,firefox,450309816.0,1856056881,2024-03-08 11:29:31,132.1691483293962,94321c63dcf47e20ec09156fbb4c23a892cdb480,1389602,,,,,,,,,,,,,,,,,,,,,,,,,,,,,,,,,,,,,,,,,,,,,,,,,,TN,,,,,,,,,,
autoland,4769055,12,f76b60813665636d86169b6507d2f60fe004600c,windows10-64-shippable-qr,True,False,,,102210fe594ee9b33d82058545b1ed14f4c8206e,console.log-in-loop-content-process-array,damp,True,damp console.log-in-loop-content-process-array opt e10s fission stylo webrender-sw,4768818,77,ms,firefox,450312148.0,1856062350,2024-03-08 11:50:32,128.6635689565901,b7cc85b852b9e1ef2dffd2f6cf345d66deb97d0b,1389604,,,,,,,,,,,,,,,,,,,,,,,,,,,,,,,,,,,,,,,,,,,,,,,,,,TN,,,,,,,,,,
autoland,4769055,12,f76b60813665636d86169b6507d2f60fe004600c,windows10-64-shippable-qr,True,False,,,102210fe594ee9b33d82058545b1ed14f4c8206e,console.log-in-loop-content-process-array,damp,True,damp console.log-in-loop-content-process-array opt e10s fission stylo webrender-sw,4768818,77,ms,firefox,450303710.0,1856020917,2024-03-08 11:54:36,127.82197285171604,4eb67922b9780b6774aa6f2601e8b46e0c82d71f,1389605,,,,,,,,,,,,,,,,,,,,,,,,,,,,,,,,,,,,,,,,,,,,,,,,,,TN,,,,,,,,,,
autoland,4769055,12,f76b60813665636d86169b6507d2f60fe004600c,windows10-64-shippable-qr,True,False,,,102210fe594ee9b33d82058545b1ed14f4c8206e,console.log-in-loop-content-process-array,damp,True,damp console.log-in-loop-content-process-array opt e10s fission stylo webrender-sw,4768818,77,ms,firefox,450310046.0,1856058641,2024-03-08 12:37:43,129.43212421792123,54b3d06f92fc0139d3ddf6f54976e8b268e0d32c,1389607,,,,,,,,,,,,,,,,,,,,,,,,,,,,,,,,,,,,,,,,,,,,,,,,,,TN,,,,,,,,,,
autoland,4769055,12,f76b60813665636d86169b6507d2f60fe004600c,windows10-64-shippable-qr,True,False,,,102210fe594ee9b33d82058545b1ed14f4c8206e,console.log-in-loop-content-process-array,damp,True,damp console.log-in-loop-content-process-array opt e10s fission stylo webrender-sw,4768818,77,ms,firefox,450309972.0,1856058179,2024-03-08 13:21:58,129.07685171184312,ad3398beea9e54092dadaca9bc39cfd15db6ca48,1389609,,,,,,,,,,,,,,,,,,,,,,,,,,,,,,,,,,,,,,,,,,,,,,,,,,TN,,,,,,,,,,
autoland,4769055,12,f76b60813665636d86169b6507d2f60fe004600c,windows10-64-shippable-qr,True,False,,,102210fe594ee9b33d82058545b1ed14f4c8206e,console.log-in-loop-content-process-array,damp,True,damp console.log-in-loop-content-process-array opt e10s fission stylo webrender-sw,4768818,77,ms,firefox,450309808.0,1856055997,2024-03-08 13:30:03,131.09812604810577,a4e5280859c0c1dc1f3adf8cf20a79b371a68d1e,1389611,,,,,,,,,,,,,,,,,,,,,,,,,,,,,,,,,,,,,,,,,,,,,,,,,,TN,,,,,,,,,,
autoland,4769055,12,f76b60813665636d86169b6507d2f60fe004600c,windows10-64-shippable-qr,True,False,,,102210fe594ee9b33d82058545b1ed14f4c8206e,console.log-in-loop-content-process-array,damp,True,damp console.log-in-loop-content-process-array opt e10s fission stylo webrender-sw,4768818,77,ms,firefox,450310337.0,1856059386,2024-03-08 13:30:03,128.76264854412693,a4e5280859c0c1dc1f3adf8cf20a79b371a68d1e,1389611,,,,,,,,,,,,,,,,,,,,,,,,,,,,,,,,,,,,,,,,,,,,,,,,,,TN,,,,,,,,,,
autoland,4769055,12,f76b60813665636d86169b6507d2f60fe004600c,windows10-64-shippable-qr,True,False,,,102210fe594ee9b33d82058545b1ed14f4c8206e,console.log-in-loop-content-process-array,damp,True,damp console.log-in-loop-content-process-array opt e10s fission stylo webrender-sw,4768818,77,ms,firefox,450077980.0,1855118148,2024-03-08 13:47:55,128.3874352447874,e38d79679348570701c9c0b244b0d905b241b83b,1389613,,,,,,,,,,,,,,,,,,,,,,,,,,,,,,,,,,,,,,,,,,,,,,,,,,TN,,,,,,,,,,
autoland,4769055,12,f76b60813665636d86169b6507d2f60fe004600c,windows10-64-shippable-qr,True,False,,,102210fe594ee9b33d82058545b1ed14f4c8206e,console.log-in-loop-content-process-array,damp,True,damp console.log-in-loop-content-process-array opt e10s fission stylo webrender-sw,4768818,77,ms,firefox,450311053.0,1856061034,2024-03-08 14:25:57,128.69530787334406,1dd47f9b90f13a345be8fbbf098b1c7a92fc639e,1389626,,,,,,,,,,,,,,,,,,,,,,,,,,,,,,,,,,,,,,,,,,,,,,,,,,TN,,,,,,,,,,
autoland,4769055,12,f76b60813665636d86169b6507d2f60fe004600c,windows10-64-shippable-qr,True,False,,,102210fe594ee9b33d82058545b1ed14f4c8206e,console.log-in-loop-content-process-array,damp,True,damp console.log-in-loop-content-process-array opt e10s fission stylo webrender-sw,4768818,77,ms,firefox,450309757.0,1856055174,2024-03-08 14:37:28,128.91394200131072,183b81d91b61bdff27a15f3d9cc8e8b52f6bd21c,1389637,,,,,,,,,,,,,,,,,,,,,,,,,,,,,,,,,,,,,,,,,,,,,,,,,,TN,,,,,,,,,,
autoland,4769055,12,f76b60813665636d86169b6507d2f60fe004600c,windows10-64-shippable-qr,True,False,,,102210fe594ee9b33d82058545b1ed14f4c8206e,console.log-in-loop-content-process-array,damp,True,damp console.log-in-loop-content-process-array opt e10s fission stylo webrender-sw,4768818,77,ms,firefox,450312545.0,1856062755,2024-03-08 15:51:55,128.43474437944678,b2da2141db254da4e8e083c4d948eae54205918e,1389678,,,,,,,,,,,,,,,,,,,,,,,,,,,,,,,,,,,,,,,,,,,,,,,,,,TN,,,,,,,,,,
autoland,4769055,12,f76b60813665636d86169b6507d2f60fe004600c,windows10-64-shippable-qr,True,False,,,102210fe594ee9b33d82058545b1ed14f4c8206e,console.log-in-loop-content-process-array,damp,True,damp console.log-in-loop-content-process-array opt e10s fission stylo webrender-sw,4768818,77,ms,firefox,450309779.0,1856055347,2024-03-08 15:52:45,127.88729452170446,e604f2202087f7d067faf4c4edd8d4a5c19f3c46,1389680,,,,,,,,,,,,,,,,,,,,,,,,,,,,,,,,,,,,,,,,,,,,,,,,,,TN,,,,,,,,,,
autoland,4769055,12,f76b60813665636d86169b6507d2f60fe004600c,windows10-64-shippable-qr,True,False,,,102210fe594ee9b33d82058545b1ed14f4c8206e,console.log-in-loop-content-process-array,damp,True,damp console.log-in-loop-content-process-array opt e10s fission stylo webrender-sw,4768818,77,ms,firefox,450312197.0,1856062513,2024-03-08 15:53:43,129.79188924425398,faa37ecbbdd6cab29b812ebf6c32e89016440e4c,1389683,,,,,,,,,,,,,,,,,,,,,,,,,,,,,,,,,,,,,,,,,,,,,,,,,,TN,,,,,,,,,,
autoland,4769055,12,f76b60813665636d86169b6507d2f60fe004600c,windows10-64-shippable-qr,True,False,,,102210fe594ee9b33d82058545b1ed14f4c8206e,console.log-in-loop-content-process-array,damp,True,damp console.log-in-loop-content-process-array opt e10s fission stylo webrender-sw,4768818,77,ms,firefox,450096705.0,1855182867,2024-03-08 15:54:44,131.0836360111316,c306d54c8963e4dda4426d48bf41774947f5138d,1389685,,,,,,,,,,,,,,,,,,,,,,,,,,,,,,,,,,,,,,,,,,,,,,,,,,TN,,,,,,,,,,
autoland,4769055,12,f76b60813665636d86169b6507d2f60fe004600c,windows10-64-shippable-qr,True,False,,,102210fe594ee9b33d82058545b1ed14f4c8206e,console.log-in-loop-content-process-array,damp,True,damp console.log-in-loop-content-process-array opt e10s fission stylo webrender-sw,4768818,77,ms,firefox,450500218.0,1856734449,2024-03-08 15:58:36,130.57853581045674,7c9ae637e09fbaacaa28df02ba613975ed861c16,1389691,,,,,,,,,,,,,,,,,,,,,,,,,,,,,,,,,,,,,,,,,,,,,,,,,,TN,,,,,,,,,,
autoland,4769055,12,f76b60813665636d86169b6507d2f60fe004600c,windows10-64-shippable-qr,True,False,,,102210fe594ee9b33d82058545b1ed14f4c8206e,console.log-in-loop-content-process-array,damp,True,damp console.log-in-loop-content-process-array opt e10s fission stylo webrender-sw,4768818,77,ms,firefox,450449845.0,1856587144,2024-03-08 18:05:22,131.71479810464552,8ff8790ac05f83915484d861f8c34d4209909d0f,1389797,,,,,,,,,,,,,,,,,,,,,,,,,,,,,,,,,,,,,,,,,,,,,,,,,,TN,,,,,,,,,,
autoland,4769055,12,f76b60813665636d86169b6507d2f60fe004600c,windows10-64-shippable-qr,True,False,,,102210fe594ee9b33d82058545b1ed14f4c8206e,console.log-in-loop-content-process-array,damp,True,damp console.log-in-loop-content-process-array opt e10s fission stylo webrender-sw,4768818,77,ms,firefox,450441182.0,1856565115,2024-03-08 18:06:16,129.22067416098798,757f786bddde86442ab301d079cc2b475145e19c,1389799,,,,,,,,,,,,,,,,,,,,,,,,,,,,,,,,,,,,,,,,,,,,,,,,,,TN,,,,,,,,,,
autoland,4769055,12,f76b60813665636d86169b6507d2f60fe004600c,windows10-64-shippable-qr,True,False,,,102210fe594ee9b33d82058545b1ed14f4c8206e,console.log-in-loop-content-process-array,damp,True,damp console.log-in-loop-content-process-array opt e10s fission stylo webrender-sw,4768818,77,ms,firefox,450440390.0,1856562028,2024-03-08 18:07:05,129.0225740992646,4cabbd7e55b623f7aac48b4b87943c2f99ad0c68,1389801,,,,,,,,,,,,,,,,,,,,,,,,,,,,,,,,,,,,,,,,,,,,,,,,,,TN,,,,,,,,,,
autoland,4769055,12,f76b60813665636d86169b6507d2f60fe004600c,windows10-64-shippable-qr,True,False,,,102210fe594ee9b33d82058545b1ed14f4c8206e,console.log-in-loop-content-process-array,damp,True,damp console.log-in-loop-content-process-array opt e10s fission stylo webrender-sw,4768818,77,ms,firefox,450443292.0,1856570142,2024-03-08 18:07:05,129.44868494439106,4cabbd7e55b623f7aac48b4b87943c2f99ad0c68,1389801,,,,,,,,,,,,,,,,,,,,,,,,,,,,,,,,,,,,,,,,,,,,,,,,,,TN,,,,,,,,,,
autoland,4769055,12,f76b60813665636d86169b6507d2f60fe004600c,windows10-64-shippable-qr,True,False,,,102210fe594ee9b33d82058545b1ed14f4c8206e,console.log-in-loop-content-process-array,damp,True,damp console.log-in-loop-content-process-array opt e10s fission stylo webrender-sw,4768818,77,ms,firefox,450442602.0,1856568491,2024-03-08 18:08:00,128.88898066961335,f99598d709182f36c0b1e29d590c278eb985e45d,1389802,,,,,,,,,,,,,,,,,,,,,,,,,,,,,,,,,,,,,,,,,,,,,,,,,,TN,,,,,,,,,,
autoland,4769055,12,f76b60813665636d86169b6507d2f60fe004600c,windows10-64-shippable-qr,True,False,,,102210fe594ee9b33d82058545b1ed14f4c8206e,console.log-in-loop-content-process-array,damp,True,damp console.log-in-loop-content-process-array opt e10s fission stylo webrender-sw,4768818,77,ms,firefox,450443943.0,1856570885,2024-03-08 18:08:00,128.2942905222062,f99598d709182f36c0b1e29d590c278eb985e45d,1389802,,,,,,,,,,,,,,,,,,,,,,,,,,,,,,,,,,,,,,,,,,,,,,,,,,TN,,,,,,,,,,
autoland,4769055,12,f76b60813665636d86169b6507d2f60fe004600c,windows10-64-shippable-qr,True,False,,,102210fe594ee9b33d82058545b1ed14f4c8206e,console.log-in-loop-content-process-array,damp,True,damp console.log-in-loop-content-process-array opt e10s fission stylo webrender-sw,4768818,77,ms,firefox,450441015.0,1856565010,2024-03-08 18:08:52,128.39097542127456,c6b0c0cbab825d4a9d28b38ee0eb434c713910ec,1389804,,,,,,,,,,,,,,,,,,,,,,,,,,,,,,,,,,,,,,,,,,,,,,,,,,TN,,,,,,,,,,
autoland,4769055,12,f76b60813665636d86169b6507d2f60fe004600c,windows10-64-shippable-qr,True,False,,,102210fe594ee9b33d82058545b1ed14f4c8206e,console.log-in-loop-content-process-array,damp,True,damp console.log-in-loop-content-process-array opt e10s fission stylo webrender-sw,4768818,77,ms,firefox,450443112.0,1856569953,2024-03-08 18:08:52,130.60191713181848,c6b0c0cbab825d4a9d28b38ee0eb434c713910ec,1389804,,,,,,,,,,,,,,,,,,,,,,,,,,,,,,,,,,,,,,,,,,,,,,,,,,TN,,,,,,,,,,
autoland,4769055,12,f76b60813665636d86169b6507d2f60fe004600c,windows10-64-shippable-qr,True,False,,,102210fe594ee9b33d82058545b1ed14f4c8206e,console.log-in-loop-content-process-array,damp,True,damp console.log-in-loop-content-process-array opt e10s fission stylo webrender-sw,4768818,77,ms,firefox,450440478.0,1856562544,2024-03-08 18:09:43,128.77915926826063,ff3000a2f218f5d484f9affb02d9baf8540f5be4,1389806,,,,,,,,,,,,,,,,,,,,,,,,,,,,,,,,,,,,,,,,,,,,,,,,,,TN,,,,,,,,,,
autoland,4769055,12,f76b60813665636d86169b6507d2f60fe004600c,windows10-64-shippable-qr,True,False,,,102210fe594ee9b33d82058545b1ed14f4c8206e,console.log-in-loop-content-process-array,damp,True,damp console.log-in-loop-content-process-array opt e10s fission stylo webrender-sw,4768818,77,ms,firefox,450448894.0,1856583095,2024-03-08 18:09:43,128.7502675196829,ff3000a2f218f5d484f9affb02d9baf8540f5be4,1389806,,,,,,,,,,,,,,,,,,,,,,,,,,,,,,,,,,,,,,,,,,,,,,,,,,TN,,,,,,,,,,
autoland,4769055,12,f76b60813665636d86169b6507d2f60fe004600c,windows10-64-shippable-qr,True,False,,,102210fe594ee9b33d82058545b1ed14f4c8206e,console.log-in-loop-content-process-array,damp,True,damp console.log-in-loop-content-process-array opt e10s fission stylo webrender-sw,4768818,77,ms,firefox,450440378.0,1856562364,2024-03-08 18:34:53,131.541023380345,dd664f7b34edd2a957ea63ca38e92bbb51757415,1389827,,,,,,,,,,,,,,,,,,,,,,,,,,,,,,,,,,,,,,,,,,,,,,,,,,TN,,,,,,,,,,
autoland,4769055,12,f76b60813665636d86169b6507d2f60fe004600c,windows10-64-shippable-qr,True,False,,,102210fe594ee9b33d82058545b1ed14f4c8206e,console.log-in-loop-content-process-array,damp,True,damp console.log-in-loop-content-process-array opt e10s fission stylo webrender-sw,4768818,77,ms,firefox,450438781.0,1856556371,2024-03-08 18:38:40,128.73316712655833,cfa01ef1b9d8119a1ee278ec69a343696869e47d,1389834,,,,,,,,,,,,,,,,,,,,,,,,,,,,,,,,,,,,,,,,,,,,,,,,,,TN,,,,,,,,,,
autoland,4769055,12,f76b60813665636d86169b6507d2f60fe004600c,windows10-64-shippable-qr,True,False,,,102210fe594ee9b33d82058545b1ed14f4c8206e,console.log-in-loop-content-process-array,damp,True,damp console.log-in-loop-content-process-array opt e10s fission stylo webrender-sw,4768818,77,ms,firefox,450449858.0,1856587435,2024-03-08 18:39:38,128.14159201415714,c998b86ca78567a337d966f5df252fd30f378367,1389836,,,,,,,,,,,,,,,,,,,,,,,,,,,,,,,,,,,,,,,,,,,,,,,,,,TN,,,,,,,,,,
autoland,4769055,12,f76b60813665636d86169b6507d2f60fe004600c,windows10-64-shippable-qr,True,False,,,102210fe594ee9b33d82058545b1ed14f4c8206e,console.log-in-loop-content-process-array,damp,True,damp console.log-in-loop-content-process-array opt e10s fission stylo webrender-sw,4768818,77,ms,firefox,450422416.0,1856425705,2024-03-08 18:40:30,127.75383325670556,54354daf7409aa7cca8f1c27b3a169e5264dcc4f,1389837,,,,,,,,,,,,,,,,,,,,,,,,,,,,,,,,,,,,,,,,,,,,,,,,,,TN,,,,,,,,,,
autoland,4769055,12,f76b60813665636d86169b6507d2f60fe004600c,windows10-64-shippable-qr,True,False,,,102210fe594ee9b33d82058545b1ed14f4c8206e,console.log-in-loop-content-process-array,damp,True,damp console.log-in-loop-content-process-array opt e10s fission stylo webrender-sw,4768818,77,ms,firefox,450422200.0,1856424557,2024-03-08 18:41:23,131.5353735257395,2c3d04d02bf0d60fe58779aca543f99eb8410353,1389838,,,,,,,,,,,,,,,,,,,,,,,,,,,,,,,,,,,,,,,,,,,,,,,,,,TN,,,,,,,,,,
autoland,4769055,12,f76b60813665636d86169b6507d2f60fe004600c,windows10-64-shippable-qr,True,False,,,102210fe594ee9b33d82058545b1ed14f4c8206e,console.log-in-loop-content-process-array,damp,True,damp console.log-in-loop-content-process-array opt e10s fission stylo webrender-sw,4768818,77,ms,firefox,450420619.0,1856422959,2024-03-08 18:42:17,128.40044974102966,c07676719b3124f7491f822b831a763005ed6197,1389843,,,,,,,,,,,,,,,,,,,,,,,,,,,,,,,,,,,,,,,,,,,,,,,,,,TN,,,,,,,,,,
autoland,4769055,12,f76b60813665636d86169b6507d2f60fe004600c,windows10-64-shippable-qr,True,False,,,102210fe594ee9b33d82058545b1ed14f4c8206e,console.log-in-loop-content-process-array,damp,True,damp console.log-in-loop-content-process-array opt e10s fission stylo webrender-sw,4768818,77,ms,firefox,450422210.0,1856424963,2024-03-08 18:43:10,127.86588173532982,683cf1ec26db76400ea1037407ba03d82126f51a,1389844,,,,,,,,,,,,,,,,,,,,,,,,,,,,,,,,,,,,,,,,,,,,,,,,,,TN,,,,,,,,,,
autoland,4769055,12,f76b60813665636d86169b6507d2f60fe004600c,windows10-64-shippable-qr,True,False,,,102210fe594ee9b33d82058545b1ed14f4c8206e,console.log-in-loop-content-process-array,damp,True,damp console.log-in-loop-content-process-array opt e10s fission stylo webrender-sw,4768818,77,ms,firefox,450419401.0,1856419675,2024-03-08 18:44:22,133.01083049742556,545bd85bfbd1760b598f875c169e8fcb1cb1aa0e,1389846,,,,,,,,,,,,,,,,,,,,,,,,,,,,,,,,,,,,,,,,,,,,,,,,,,TN,,,,,,,,,,
autoland,4769055,12,f76b60813665636d86169b6507d2f60fe004600c,windows10-64-shippable-qr,True,False,,,102210fe594ee9b33d82058545b1ed14f4c8206e,console.log-in-loop-content-process-array,damp,True,damp console.log-in-loop-content-process-array opt e10s fission stylo webrender-sw,4768818,77,ms,firefox,450422148.0,1856424398,2024-03-08 18:45:13,131.751114369712,44338b463223d72e584a5749dc077c439bf652b3,1389847,,,,,,,,,,,,,,,,,,,,,,,,,,,,,,,,,,,,,,,,,,,,,,,,,,TN,,,,,,,,,,
autoland,4769055,12,f76b60813665636d86169b6507d2f60fe004600c,windows10-64-shippable-qr,True,False,,,102210fe594ee9b33d82058545b1ed14f4c8206e,console.log-in-loop-content-process-array,damp,True,damp console.log-in-loop-content-process-array opt e10s fission stylo webrender-sw,4768818,77,ms,firefox,450422492.0,1856426314,2024-03-08 18:46:07,129.35417377066187,3ca2467996c3de1964b00e68537bb803d5be963d,1389848,,,,,,,,,,,,,,,,,,,,,,,,,,,,,,,,,,,,,,,,,,,,,,,,,,TN,,,,,,,,,,
autoland,4769055,12,f76b60813665636d86169b6507d2f60fe004600c,windows10-64-shippable-qr,True,False,,,102210fe594ee9b33d82058545b1ed14f4c8206e,console.log-in-loop-content-process-array,damp,True,damp console.log-in-loop-content-process-array opt e10s fission stylo webrender-sw,4768818,77,ms,firefox,450422450.0,1856426182,2024-03-08 18:50:40,129.81753353342174,5e1c9b030ccb40072c16d641b123466ca766a64e,1389853,,,,,,,,,,,,,,,,,,,,,,,,,,,,,,,,,,,,,,,,,,,,,,,,,,TN,,,,,,,,,,
autoland,4769055,12,f76b60813665636d86169b6507d2f60fe004600c,windows10-64-shippable-qr,True,False,,,102210fe594ee9b33d82058545b1ed14f4c8206e,console.log-in-loop-content-process-array,damp,True,damp console.log-in-loop-content-process-array opt e10s fission stylo webrender-sw,4768818,77,ms,firefox,450422998.0,1856427801,2024-03-08 19:02:20,128.7254431790425,bc896eaf5fe2060ede1f1c46556ccc492a37fa1e,1389869,,,,,,,,,,,,,,,,,,,,,,,,,,,,,,,,,,,,,,,,,,,,,,,,,,TN,,,,,,,,,,
autoland,4769055,12,f76b60813665636d86169b6507d2f60fe004600c,windows10-64-shippable-qr,True,False,,,102210fe594ee9b33d82058545b1ed14f4c8206e,console.log-in-loop-content-process-array,damp,True,damp console.log-in-loop-content-process-array opt e10s fission stylo webrender-sw,4768818,77,ms,firefox,450368418.0,1856264472,2024-03-08 19:19:00,131.6266532499776,ed837d0b34abb5ae4fe6c812df89c1f655ab7ce2,1389887,,,,,,,,,,,,,,,,,,,,,,,,,,,,,,,,,,,,,,,,,,,,,,,,,,TN,,,,,,,,,,
autoland,4769055,12,f76b60813665636d86169b6507d2f60fe004600c,windows10-64-shippable-qr,True,False,,,102210fe594ee9b33d82058545b1ed14f4c8206e,console.log-in-loop-content-process-array,damp,True,damp console.log-in-loop-content-process-array opt e10s fission stylo webrender-sw,4768818,77,ms,firefox,450355599.0,1856222287,2024-03-08 19:30:23,128.50984713037724,bfafcbe27d65a675195c152f333fc302ae027437,1389901,,,,,,,,,,,,,,,,,,,,,,,,,,,,,,,,,,,,,,,,,,,,,,,,,,TN,,,,,,,,,,
autoland,4769055,12,f76b60813665636d86169b6507d2f60fe004600c,windows10-64-shippable-qr,True,False,,,102210fe594ee9b33d82058545b1ed14f4c8206e,console.log-in-loop-content-process-array,damp,True,damp console.log-in-loop-content-process-array opt e10s fission stylo webrender-sw,4768818,77,ms,firefox,450362603.0,1856250292,2024-03-08 19:37:28,130.06620165649292,a0b006d318a04bf81e863ef921c030a5637adc91,1389905,,,,,,,,,,,,,,,,,,,,,,,,,,,,,,,,,,,,,,,,,,,,,,,,,,TN,,,,,,,,,,
autoland,4769055,12,f76b60813665636d86169b6507d2f60fe004600c,windows10-64-shippable-qr,True,False,,,102210fe594ee9b33d82058545b1ed14f4c8206e,console.log-in-loop-content-process-array,damp,True,damp console.log-in-loop-content-process-array opt e10s fission stylo webrender-sw,4768818,77,ms,firefox,450364144.0,1856253651,2024-03-08 19:39:46,128.3826519588565,af767e1d92bbe59d7fd44142b07e139e8a5a2a8d,1389906,,,,,,,,,,,,,,,,,,,,,,,,,,,,,,,,,,,,,,,,,,,,,,,,,,TN,,,,,,,,,,
autoland,4769055,12,f76b60813665636d86169b6507d2f60fe004600c,windows10-64-shippable-qr,True,False,,,102210fe594ee9b33d82058545b1ed14f4c8206e,console.log-in-loop-content-process-array,damp,True,damp console.log-in-loop-content-process-array opt e10s fission stylo webrender-sw,4768818,77,ms,firefox,450367463.0,1856262065,2024-03-08 20:00:46,128.93971267237612,068504133d2b1152e4eb2598a1c878a1bf6875a0,1389925,,,,,,,,,,,,,,,,,,,,,,,,,,,,,,,,,,,,,,,,,,,,,,,,,,TN,,,,,,,,,,
autoland,4769055,12,f76b60813665636d86169b6507d2f60fe004600c,windows10-64-shippable-qr,True,False,,,102210fe594ee9b33d82058545b1ed14f4c8206e,console.log-in-loop-content-process-array,damp,True,damp console.log-in-loop-content-process-array opt e10s fission stylo webrender-sw,4768818,77,ms,firefox,450364658.0,1856254628,2024-03-08 21:22:58,128.47870282255826,63a5bc46dee6151c8b497a67e0ab9caa50334764,1390000,,,,,,,,,,,,,,,,,,,,,,,,,,,,,,,,,,,,,,,,,,,,,,,,,,TN,,,,,,,,,,
autoland,4769055,12,f76b60813665636d86169b6507d2f60fe004600c,windows10-64-shippable-qr,True,False,,,102210fe594ee9b33d82058545b1ed14f4c8206e,console.log-in-loop-content-process-array,damp,True,damp console.log-in-loop-content-process-array opt e10s fission stylo webrender-sw,4768818,77,ms,firefox,450364963.0,1856255021,2024-03-08 21:25:41,128.27739901135828,cf0ec10fbd235c44fbc7428537586dc626d899f7,1390005,,,,,,,,,,,,,,,,,,,,,,,,,,,,,,,,,,,,,,,,,,,,,,,,,,TN,,,,,,,,,,
autoland,4769055,12,f76b60813665636d86169b6507d2f60fe004600c,windows10-64-shippable-qr,True,False,,,102210fe594ee9b33d82058545b1ed14f4c8206e,console.log-in-loop-content-process-array,damp,True,damp console.log-in-loop-content-process-array opt e10s fission stylo webrender-sw,4768818,77,ms,firefox,450367172.0,1856260889,2024-03-08 21:28:11,128.6704834540451,704176a9795ec7bf8962d18a0797ee109bbd9b09,1390006,,,,,,,,,,,,,,,,,,,,,,,,,,,,,,,,,,,,,,,,,,,,,,,,,,TN,,,,,,,,,,
autoland,4769055,12,f76b60813665636d86169b6507d2f60fe004600c,windows10-64-shippable-qr,True,False,,,102210fe594ee9b33d82058545b1ed14f4c8206e,console.log-in-loop-content-process-array,damp,True,damp console.log-in-loop-content-process-array opt e10s fission stylo webrender-sw,4768818,77,ms,firefox,450364231.0,1856254016,2024-03-08 21:29:56,129.04705649844982,b2407a14159fedc9da341a9ed4274b8749e1d543,1390007,,,,,,,,,,,,,,,,,,,,,,,,,,,,,,,,,,,,,,,,,,,,,,,,,,TN,,,,,,,,,,
autoland,4769055,12,f76b60813665636d86169b6507d2f60fe004600c,windows10-64-shippable-qr,True,False,,,102210fe594ee9b33d82058545b1ed14f4c8206e,console.log-in-loop-content-process-array,damp,True,damp console.log-in-loop-content-process-array opt e10s fission stylo webrender-sw,4768818,77,ms,firefox,450304282.0,1856021740,2024-03-08 21:31:44,129.8333678080162,18fc50d449a586d08eb39b5d947abd836ded0177,1390010,,,,,,,,,,,,,,,,,,,,,,,,,,,,,,,,,,,,,,,,,,,,,,,,,,TN,,,,,,,,,,
autoland,4769055,12,f76b60813665636d86169b6507d2f60fe004600c,windows10-64-shippable-qr,True,False,,,102210fe594ee9b33d82058545b1ed14f4c8206e,console.log-in-loop-content-process-array,damp,True,damp console.log-in-loop-content-process-array opt e10s fission stylo webrender-sw,4768818,77,ms,firefox,450314046.0,1856065432,2024-03-08 21:32:41,128.573969063631,9da36d4b3b141ec6a98955bc2b384e832a1b079b,1390012,,,,,,,,,,,,,,,,,,,,,,,,,,,,,,,,,,,,,,,,,,,,,,,,,,TN,,,,,,,,,,
autoland,4769055,12,f76b60813665636d86169b6507d2f60fe004600c,windows10-64-shippable-qr,True,False,,,102210fe594ee9b33d82058545b1ed14f4c8206e,console.log-in-loop-content-process-array,damp,True,damp console.log-in-loop-content-process-array opt e10s fission stylo webrender-sw,4768818,77,ms,firefox,450312579.0,1856062902,2024-03-08 21:34:05,128.22773498593415,e068a92055aa651027207198c695cfb6733cfc73,1390013,,,,,,,,,,,,,,,,,,,,,,,,,,,,,,,,,,,,,,,,,,,,,,,,,,TN,,,,,,,,,,
autoland,4769055,12,f76b60813665636d86169b6507d2f60fe004600c,windows10-64-shippable-qr,True,False,,,102210fe594ee9b33d82058545b1ed14f4c8206e,console.log-in-loop-content-process-array,damp,True,damp console.log-in-loop-content-process-array opt e10s fission stylo webrender-sw,4768818,77,ms,firefox,450313444.0,1856064262,2024-03-08 21:36:11,129.53529522597637,49047047215db0c0b8181c998a9a05d291aa4a03,1390014,,,,,,,,,,,,,,,,,,,,,,,,,,,,,,,,,,,,,,,,,,,,,,,,,,TN,,,,,,,,,,
autoland,4769055,12,f76b60813665636d86169b6507d2f60fe004600c,windows10-64-shippable-qr,True,False,,,102210fe594ee9b33d82058545b1ed14f4c8206e,console.log-in-loop-content-process-array,damp,True,damp console.log-in-loop-content-process-array opt e10s fission stylo webrender-sw,4768818,77,ms,firefox,450304577.0,1856022093,2024-03-08 21:37:34,128.42395791769013,b82c03eb2191c536113c082a2fbf38264760b9a3,1390019,,,,,,,,,,,,,,,,,,,,,,,,,,,,,,,,,,,,,,,,,,,,,,,,,,TN,,,,,,,,,,
autoland,4769055,12,f76b60813665636d86169b6507d2f60fe004600c,windows10-64-shippable-qr,True,False,,,102210fe594ee9b33d82058545b1ed14f4c8206e,console.log-in-loop-content-process-array,damp,True,damp console.log-in-loop-content-process-array opt e10s fission stylo webrender-sw,4768818,77,ms,firefox,450309894.0,1856057435,2024-03-08 21:38:24,128.73090451703683,a824d1a90edd1ff5075e2ef32054e74b68c21a01,1390020,,,,,,,,,,,,,,,,,,,,,,,,,,,,,,,,,,,,,,,,,,,,,,,,,,TN,,,,,,,,,,
autoland,4769055,12,f76b60813665636d86169b6507d2f60fe004600c,windows10-64-shippable-qr,True,False,,,102210fe594ee9b33d82058545b1ed14f4c8206e,console.log-in-loop-content-process-array,damp,True,damp console.log-in-loop-content-process-array opt e10s fission stylo webrender-sw,4768818,77,ms,firefox,450312517.0,1856062610,2024-03-08 21:39:15,129.0179165713762,46d9d815c6a8b18ac0d3d1e58a1478edf656e127,1390021,,,,,,,,,,,,,,,,,,,,,,,,,,,,,,,,,,,,,,,,,,,,,,,,,,TN,,,,,,,,,,
autoland,4769055,12,f76b60813665636d86169b6507d2f60fe004600c,windows10-64-shippable-qr,True,False,,,102210fe594ee9b33d82058545b1ed14f4c8206e,console.log-in-loop-content-process-array,damp,True,damp console.log-in-loop-content-process-array opt e10s fission stylo webrender-sw,4768818,77,ms,firefox,450312180.0,1856062462,2024-03-08 22:07:21,129.22135682800217,1c8d25ae05efa1d553a52134e8ed6d5b71e682aa,1390042,,,,,,,,,,,,,,,,,,,,,,,,,,,,,,,,,,,,,,,,,,,,,,,,,,TN,,,,,,,,,,
autoland,4769055,12,f76b60813665636d86169b6507d2f60fe004600c,windows10-64-shippable-qr,True,False,,,102210fe594ee9b33d82058545b1ed14f4c8206e,console.log-in-loop-content-process-array,damp,True,damp console.log-in-loop-content-process-array opt e10s fission stylo webrender-sw,4768818,77,ms,firefox,450314034.0,1856065383,2024-03-08 22:09:08,128.47302696365296,8d1eb80b312313baa186f1fa68c28ed3488326dd,1390043,,,,,,,,,,,,,,,,,,,,,,,,,,,,,,,,,,,,,,,,,,,,,,,,,,TN,,,,,,,,,,
autoland,4769055,12,f76b60813665636d86169b6507d2f60fe004600c,windows10-64-shippable-qr,True,False,,,102210fe594ee9b33d82058545b1ed14f4c8206e,console.log-in-loop-content-process-array,damp,True,damp console.log-in-loop-content-process-array opt e10s fission stylo webrender-sw,4768818,77,ms,firefox,450146259.0,1855418694,2024-03-09 00:01:41,129.61235436152492,e40628b4cd80f3469e6fb5836c1e513e3e058225,1390115,,,,,,,,,,,,,,,,,,,,,,,,,,,,,,,,,,,,,,,,,,,,,,,,,,TN,,,,,,,,,,
autoland,4769055,12,f76b60813665636d86169b6507d2f60fe004600c,windows10-64-shippable-qr,True,False,,,102210fe594ee9b33d82058545b1ed14f4c8206e,console.log-in-loop-content-process-array,damp,True,damp console.log-in-loop-content-process-array opt e10s fission stylo webrender-sw,4768818,77,ms,firefox,450147714.0,1855444349,2024-03-09 00:02:45,131.8159941836857,4d67ec80ce46b924295e599b81d0db0071664eca,1390116,,,,,,,,,,,,,,,,,,,,,,,,,,,,,,,,,,,,,,,,,,,,,,,,,,TN,,,,,,,,,,
autoland,4769055,12,f76b60813665636d86169b6507d2f60fe004600c,windows10-64-shippable-qr,True,False,,,102210fe594ee9b33d82058545b1ed14f4c8206e,console.log-in-loop-content-process-array,damp,True,damp console.log-in-loop-content-process-array opt e10s fission stylo webrender-sw,4768818,77,ms,firefox,450147377.0,1855433661,2024-03-09 00:03:40,128.79093527429177,fb2eeb44f22026d0a1c7b18f8cb0786169300c1b,1390117,,,,,,,,,,,,,,,,,,,,,,,,,,,,,,,,,,,,,,,,,,,,,,,,,,TN,,,,,,,,,,
autoland,4769055,12,f76b60813665636d86169b6507d2f60fe004600c,windows10-64-shippable-qr,True,False,,,102210fe594ee9b33d82058545b1ed14f4c8206e,console.log-in-loop-content-process-array,damp,True,damp console.log-in-loop-content-process-array opt e10s fission stylo webrender-sw,4768818,77,ms,firefox,450165887.0,1855516588,2024-03-09 05:38:15,128.96560998987115,efb6c465b7de5cb34b029bb51e5b445952bdd9b2,1390162,,,,,,,,,,,,,,,,,,,,,,,,,,,,,,,,,,,,,,,,,,,,,,,,,,TN,,,,,,,,,,
autoland,4769055,12,f76b60813665636d86169b6507d2f60fe004600c,windows10-64-shippable-qr,True,False,,,102210fe594ee9b33d82058545b1ed14f4c8206e,console.log-in-loop-content-process-array,damp,True,damp console.log-in-loop-content-process-array opt e10s fission stylo webrender-sw,4768818,77,ms,firefox,450193885.0,1855602834,2024-03-09 10:41:02,127.89015614642447,1d530888568c2a44fc30d9b6567ab6195f238cb2,1390188,,,,,,,,,,,,,,,,,,,,,,,,,,,,,,,,,,,,,,,,,,,,,,,,,,TN,,,,,,,,,,
autoland,4769055,12,f76b60813665636d86169b6507d2f60fe004600c,windows10-64-shippable-qr,True,False,,,102210fe594ee9b33d82058545b1ed14f4c8206e,console.log-in-loop-content-process-array,damp,True,damp console.log-in-loop-content-process-array opt e10s fission stylo webrender-sw,4768818,77,ms,firefox,450206019.0,1855638057,2024-03-09 15:33:05,128.7410566384733,10af6b2ff03bd7512d53f3ed02f7e83dba7c57ba,1390221,,,,,,,,,,,,,,,,,,,,,,,,,,,,,,,,,,,,,,,,,,,,,,,,,,TN,,,,,,,,,,
autoland,4769055,12,f76b60813665636d86169b6507d2f60fe004600c,windows10-64-shippable-qr,True,False,,,102210fe594ee9b33d82058545b1ed14f4c8206e,console.log-in-loop-content-process-array,damp,True,damp console.log-in-loop-content-process-array opt e10s fission stylo webrender-sw,4768818,77,ms,firefox,450220964.0,1855695881,2024-03-09 20:59:44,128.89802067930577,9768cd53e66eef4a715150196cfa1138f7edf7ba,1390244,,,,,,,,,,,,,,,,,,,,,,,,,,,,,,,,,,,,,,,,,,,,,,,,,,TN,,,,,,,,,,
autoland,4769055,12,f76b60813665636d86169b6507d2f60fe004600c,windows10-64-shippable-qr,True,False,,,102210fe594ee9b33d82058545b1ed14f4c8206e,console.log-in-loop-content-process-array,damp,True,damp console.log-in-loop-content-process-array opt e10s fission stylo webrender-sw,4768818,77,ms,firefox,450254671.0,1855803316,2024-03-10 13:59:13,133.82295316088312,f8edec6de8b50f0f6809208600e5c8ab87dd12d4,1390283,,,,,,,,,,,,,,,,,,,,,,,,,,,,,,,,,,,,,,,,,,,,,,,,,,TN,,,,,,,,,,
autoland,4769055,12,f76b60813665636d86169b6507d2f60fe004600c,windows10-64-shippable-qr,True,False,,,102210fe594ee9b33d82058545b1ed14f4c8206e,console.log-in-loop-content-process-array,damp,True,damp console.log-in-loop-content-process-array opt e10s fission stylo webrender-sw,4768818,77,ms,firefox,450259779.0,1855831315,2024-03-10 18:05:45,129.6911895918147,059c20bed3da7a717ee144e4c2339499009d7c44,1390298,,,,,,,,,,,,,,,,,,,,,,,,,,,,,,,,,,,,,,,,,,,,,,,,,,TN,,,,,,,,,,
autoland,4769055,12,f76b60813665636d86169b6507d2f60fe004600c,windows10-64-shippable-qr,True,False,,,102210fe594ee9b33d82058545b1ed14f4c8206e,console.log-in-loop-content-process-array,damp,True,damp console.log-in-loop-content-process-array opt e10s fission stylo webrender-sw,4768818,77,ms,firefox,450282215.0,1855936510,2024-03-11 02:48:56,128.57133104753666,0f63ab5624960b1aa464bb2e3bd76c6cd196f186,1390365,,,,,,,,,,,,,,,,,,,,,,,,,,,,,,,,,,,,,,,,,,,,,,,,,,TN,,,,,,,,,,
autoland,4769055,12,f76b60813665636d86169b6507d2f60fe004600c,windows10-64-shippable-qr,True,False,,,102210fe594ee9b33d82058545b1ed14f4c8206e,console.log-in-loop-content-process-array,damp,True,damp console.log-in-loop-content-process-array opt e10s fission stylo webrender-sw,4768818,77,ms,firefox,450298276.0,1856003159,2024-03-11 09:18:44,128.01444523899409,343e945a502ea35f40687ffca3eab7543522fe79,1390442,,,,,,,,,,,,,,,,,,,,,,,,,,,,,,,,,,,,,,,,,,,,,,,,,,TN,,,,,,,,,,
autoland,4769055,12,f76b60813665636d86169b6507d2f60fe004600c,windows10-64-shippable-qr,True,False,,,102210fe594ee9b33d82058545b1ed14f4c8206e,console.log-in-loop-content-process-array,damp,True,damp console.log-in-loop-content-process-array opt e10s fission stylo webrender-sw,4768818,77,ms,firefox,450334457.0,1856127278,2024-03-11 13:24:20,127.95777981894936,23b4081496822ae44a0f120f8429c0c57a864325,1390505,,,,,,,,,,,,,,,,,,,,,,,,,,,,,,,,,,,,,,,,,,,,,,,,,,TN,,,,,,,,,,
autoland,4769055,12,f76b60813665636d86169b6507d2f60fe004600c,windows10-64-shippable-qr,True,False,,,102210fe594ee9b33d82058545b1ed14f4c8206e,console.log-in-loop-content-process-array,damp,True,damp console.log-in-loop-content-process-array opt e10s fission stylo webrender-sw,4768818,77,ms,firefox,450341919.0,1856159133,2024-03-11 14:23:46,131.72648418534664,ec25d27f83b73ab4fbd93c737d29b732042c2139,1390552,,,,,,,,,,,,,,,,,,,,,,,,,,,,,,,,,,,,,,,,,,,,,,,,,,TN,,,,,,,,,,
autoland,4769055,12,f76b60813665636d86169b6507d2f60fe004600c,windows10-64-shippable-qr,True,False,,,102210fe594ee9b33d82058545b1ed14f4c8206e,console.log-in-loop-content-process-array,damp,True,damp console.log-in-loop-content-process-array opt e10s fission stylo webrender-sw,4768818,77,ms,firefox,450375622.0,1856276075,2024-03-11 18:03:14,128.80390594759956,b5f646ecf7f3ca586020974d36c3f4c4fca4a3a3,1390747,,,,,,,,,,,,,,,,,,,,,,,,,,,,,,,,,,,,,,,,,,,,,,,,,,TN,,,,,,,,,,
autoland,4769055,12,f76b60813665636d86169b6507d2f60fe004600c,windows10-64-shippable-qr,True,False,,,102210fe594ee9b33d82058545b1ed14f4c8206e,console.log-in-loop-content-process-array,damp,True,damp console.log-in-loop-content-process-array opt e10s fission stylo webrender-sw,4768818,77,ms,firefox,450392631.0,1856319501,2024-03-11 19:41:42,129.22178637696197,4984afdb79c55a76ef741d1667378c296f74240f,1390851,,,,,,,,,,,,,,,,,,,,,,,,,,,,,,,,,,,,,,,,,,,,,,,,,,TN,,,,,,,,,,
autoland,4769055,12,f76b60813665636d86169b6507d2f60fe004600c,windows10-64-shippable-qr,True,False,,,102210fe594ee9b33d82058545b1ed14f4c8206e,console.log-in-loop-content-process-array,damp,True,damp console.log-in-loop-content-process-array opt e10s fission stylo webrender-sw,4768818,77,ms,firefox,450424769.0,1856437291,2024-03-12 03:06:47,128.20140417539005,5dbe89396d7f52d57c4a21457fcf95d4e1ae24c3,1391174,,,,,,,,,,,,,,,,,,,,,,,,,,,,,,,,,,,,,,,,,,,,,,,,,,TN,,,,,,,,,,
autoland,4769055,12,f76b60813665636d86169b6507d2f60fe004600c,windows10-64-shippable-qr,True,False,,,102210fe594ee9b33d82058545b1ed14f4c8206e,console.log-in-loop-content-process-array,damp,True,damp console.log-in-loop-content-process-array opt e10s fission stylo webrender-sw,4768818,77,ms,firefox,450434089.0,1856535750,2024-03-12 07:06:36,132.14854277998165,45bdb06ed9f6ae6b675b169c0b4dbd488363098d,1391218,,,,,,,,,,,,,,,,,,,,,,,,,,,,,,,,,,,,,,,,,,,,,,,,,,TN,,,,,,,,,,
autoland,4769055,12,f76b60813665636d86169b6507d2f60fe004600c,windows10-64-shippable-qr,True,False,,,102210fe594ee9b33d82058545b1ed14f4c8206e,console.log-in-loop-content-process-array,damp,True,damp console.log-in-loop-content-process-array opt e10s fission stylo webrender-sw,4768818,77,ms,firefox,450465416.0,1856623537,2024-03-12 11:26:19,128.86913935233497,8c1e5f6bca5a8f2ab2297cff5c736e61d3a3bd27,1391230,,,,,,,,,,,,,,,,,,,,,,,,,,,,,,,,,,,,,,,,,,,,,,,,,,TN,,,,,,,,,,
autoland,4769055,12,f76b60813665636d86169b6507d2f60fe004600c,windows10-64-shippable-qr,True,False,,,102210fe594ee9b33d82058545b1ed14f4c8206e,console.log-in-loop-content-process-array,damp,True,damp console.log-in-loop-content-process-array opt e10s fission stylo webrender-sw,4768818,77,ms,firefox,450499576.0,1856731172,2024-03-12 14:58:20,131.42705395731718,c93ce7649d8d7d874130caed9005d92be916b10e,1391396,,,,,,,,,,,,,,,,,,,,,,,,,,,,,,,,,,,,,,,,,,,,,,,,,,TN,,,,,,,,,,
autoland,4769055,12,f76b60813665636d86169b6507d2f60fe004600c,windows10-64-shippable-qr,True,False,,,102210fe594ee9b33d82058545b1ed14f4c8206e,console.log-in-loop-content-process-array,damp,True,damp console.log-in-loop-content-process-array opt e10s fission stylo webrender-sw,4768818,77,ms,firefox,450516034.0,1856802811,2024-03-12 19:37:06,129.1034261009554,d91b0606279d7c22a0119cdc8061cdeffe233787,1391673,,,,,,,,,,,,,,,,,,,,,,,,,,,,,,,,,,,,,,,,,,,,,,,,,,TN,,,,,,,,,,
autoland,4769055,12,f76b60813665636d86169b6507d2f60fe004600c,windows10-64-shippable-qr,True,False,,,102210fe594ee9b33d82058545b1ed14f4c8206e,console.log-in-loop-content-process-array,damp,True,damp console.log-in-loop-content-process-array opt e10s fission stylo webrender-sw,4768818,77,ms,firefox,450557740.0,1856950332,2024-03-12 23:13:34,131.97860385768217,bb96cef2989d78eaa9d2485bb379b29449a815b2,1391824,,,,,,,,,,,,,,,,,,,,,,,,,,,,,,,,,,,,,,,,,,,,,,,,,,TN,,,,,,,,,,
autoland,4769055,12,f76b60813665636d86169b6507d2f60fe004600c,windows10-64-shippable-qr,True,False,,,102210fe594ee9b33d82058545b1ed14f4c8206e,console.log-in-loop-content-process-array,damp,True,damp console.log-in-loop-content-process-array opt e10s fission stylo webrender-sw,4768818,77,ms,firefox,450587659.0,1857142627,2024-03-13 07:01:16,128.9077099992519,2dfb9f01e06f190da79fb195ea51dac2be58dde7,1392060,,,,,,,,,,,,,,,,,,,,,,,,,,,,,,,,,,,,,,,,,,,,,,,,,,TN,,,,,,,,,,
autoland,4769055,12,f76b60813665636d86169b6507d2f60fe004600c,windows10-64-shippable-qr,True,False,,,102210fe594ee9b33d82058545b1ed14f4c8206e,console.log-in-loop-content-process-array,damp,True,damp console.log-in-loop-content-process-array opt e10s fission stylo webrender-sw,4768818,77,ms,firefox,450619284.0,1857264475,2024-03-13 11:15:45,129.93615354551548,ae0da9180abdc1990832791041b323e05082f6f8,1392165,,,,,,,,,,,,,,,,,,,,,,,,,,,,,,,,,,,,,,,,,,,,,,,,,,TN,,,,,,,,,,
autoland,4769055,12,f76b60813665636d86169b6507d2f60fe004600c,windows10-64-shippable-qr,True,False,,,102210fe594ee9b33d82058545b1ed14f4c8206e,console.log-in-loop-content-process-array,damp,True,damp console.log-in-loop-content-process-array opt e10s fission stylo webrender-sw,4768818,77,ms,firefox,450643699.0,1857345179,2024-03-13 15:23:46,129.4679702876001,49e9b26b528b94a9db43d4b65112add1268f64fc,1392302,,,,,,,,,,,,,,,,,,,,,,,,,,,,,,,,,,,,,,,,,,,,,,,,,,TN,,,,,,,,,,
autoland,4769055,12,f76b60813665636d86169b6507d2f60fe004600c,windows10-64-shippable-qr,True,False,,,102210fe594ee9b33d82058545b1ed14f4c8206e,console.log-in-loop-content-process-array,damp,True,damp console.log-in-loop-content-process-array opt e10s fission stylo webrender-sw,4768818,77,ms,firefox,450643887.0,1857350806,2024-03-13 15:33:19,129.99670271380637,35c5c892ca1e96f731d20bc6edd310a5d4e13bad,1392307,,,,,,,,,,,,,,,,,,,,,,,,,,,,,,,,,,,,,,,,,,,,,,,,,,TN,,,,,,,,,,
autoland,4769055,12,f76b60813665636d86169b6507d2f60fe004600c,windows10-64-shippable-qr,True,False,,,102210fe594ee9b33d82058545b1ed14f4c8206e,console.log-in-loop-content-process-array,damp,True,damp console.log-in-loop-content-process-array opt e10s fission stylo webrender-sw,4768818,77,ms,firefox,450660273.0,1857445844,2024-03-13 18:41:03,127.8794835771114,ebcab57cf7cd8a64a561c831dc4d1bf6694f82b8,1392487,,,,,,,,,,,,,,,,,,,,,,,,,,,,,,,,,,,,,,,,,,,,,,,,,,TN,,,,,,,,,,
autoland,4769055,12,f76b60813665636d86169b6507d2f60fe004600c,windows10-64-shippable-qr,True,False,,,102210fe594ee9b33d82058545b1ed14f4c8206e,console.log-in-loop-content-process-array,damp,True,damp console.log-in-loop-content-process-array opt e10s fission stylo webrender-sw,4768818,77,ms,firefox,450680093.0,1857553464,2024-03-13 21:49:05,130.69352047486245,1f3b4df016ac965dd3a2c97cb547c495364fdeef,1392594,,,,,,,,,,,,,,,,,,,,,,,,,,,,,,,,,,,,,,,,,,,,,,,,,,TN,,,,,,,,,,
autoland,4769055,12,f76b60813665636d86169b6507d2f60fe004600c,windows10-64-shippable-qr,True,False,,,102210fe594ee9b33d82058545b1ed14f4c8206e,console.log-in-loop-content-process-array,damp,True,damp console.log-in-loop-content-process-array opt e10s fission stylo webrender-sw,4768818,77,ms,firefox,450712436.0,1857666208,2024-03-14 04:20:25,128.08266403612652,2333872b0f5028fa1f0e9236440fe58df07a0235,1392734,,,,,,,,,,,,,,,,,,,,,,,,,,,,,,,,,,,,,,,,,,,,,,,,,,TN,,,,,,,,,,
autoland,4769055,12,f76b60813665636d86169b6507d2f60fe004600c,windows10-64-shippable-qr,True,False,,,102210fe594ee9b33d82058545b1ed14f4c8206e,console.log-in-loop-content-process-array,damp,True,damp console.log-in-loop-content-process-array opt e10s fission stylo webrender-sw,4768818,77,ms,firefox,450725619.0,1857724907,2024-03-14 06:52:21,128.64241128830508,0c82ff77321a85c36f1c5b27c99d25bad8603028,1392758,,,,,,,,,,,,,,,,,,,,,,,,,,,,,,,,,,,,,,,,,,,,,,,,,,TN,,,,,,,,,,
autoland,4769055,12,f76b60813665636d86169b6507d2f60fe004600c,windows10-64-shippable-qr,True,False,,,102210fe594ee9b33d82058545b1ed14f4c8206e,console.log-in-loop-content-process-array,damp,True,damp console.log-in-loop-content-process-array opt e10s fission stylo webrender-sw,4768818,77,ms,firefox,450758261.0,1857840579,2024-03-14 10:59:46,133.15779664824004,1f30bd08be619a6ea06444a2a6e36123f7baad65,1392883,,,,,,,,,,,,,,,,,,,,,,,,,,,,,,,,,,,,,,,,,,,,,,,,,,TN,,,,,,,,,,
autoland,4769055,12,f76b60813665636d86169b6507d2f60fe004600c,windows10-64-shippable-qr,True,False,,,102210fe594ee9b33d82058545b1ed14f4c8206e,console.log-in-loop-content-process-array,damp,True,damp console.log-in-loop-content-process-array opt e10s fission stylo webrender-sw,4768818,77,ms,firefox,450804779.0,1858005457,2024-03-14 17:45:33,130.94654577080473,e0d1a1dbfd5c36a2527b566ff831a989ca5ae5f5,1393195,,,,,,,,,,,,,,,,,,,,,,,,,,,,,,,,,,,,,,,,,,,,,,,,,,TN,,,,,,,,,,
autoland,4769055,12,f76b60813665636d86169b6507d2f60fe004600c,windows10-64-shippable-qr,True,False,,,102210fe594ee9b33d82058545b1ed14f4c8206e,console.log-in-loop-content-process-array,damp,True,damp console.log-in-loop-content-process-array opt e10s fission stylo webrender-sw,4768818,77,ms,firefox,450827218.0,1858086757,2024-03-14 21:51:03,128.6546114621724,278273f1c1fdca23ad419f0bd277a616aa240d1e,1393332,,,,,,,,,,,,,,,,,,,,,,,,,,,,,,,,,,,,,,,,,,,,,,,,,,TN,,,,,,,,,,
autoland,4769055,12,f76b60813665636d86169b6507d2f60fe004600c,windows10-64-shippable-qr,True,False,,,102210fe594ee9b33d82058545b1ed14f4c8206e,console.log-in-loop-content-process-array,damp,True,damp console.log-in-loop-content-process-array opt e10s fission stylo webrender-sw,4768818,77,ms,firefox,450846870.0,1858159636,2024-03-15 00:00:33,128.62205310319405,e18af9ec05f36a6f63a2e3889d5bc27f11be4267,1393414,,,,,,,,,,,,,,,,,,,,,,,,,,,,,,,,,,,,,,,,,,,,,,,,,,TN,,,,,,,,,,
autoland,4769055,12,f76b60813665636d86169b6507d2f60fe004600c,windows10-64-shippable-qr,True,False,,,102210fe594ee9b33d82058545b1ed14f4c8206e,console.log-in-loop-content-process-array,damp,True,damp console.log-in-loop-content-process-array opt e10s fission stylo webrender-sw,4768818,77,ms,firefox,450865056.0,1858366097,2024-03-15 06:02:39,128.7664859761462,0eb2b661743e4b5d2ed6cf61116bc5ade9da405b,1393511,,,,,,,,,,,,,,,,,,,,,,,,,,,,,,,,,,,,,,,,,,,,,,,,,,TN,,,,,,,,,,
autoland,4769055,12,f76b60813665636d86169b6507d2f60fe004600c,windows10-64-shippable-qr,True,False,,,102210fe594ee9b33d82058545b1ed14f4c8206e,console.log-in-loop-content-process-array,damp,True,damp console.log-in-loop-content-process-array opt e10s fission stylo webrender-sw,4768818,77,ms,firefox,450894657.0,1858491860,2024-03-15 09:39:32,127.73604406752202,02d8b0bd788352c236ca20d0163498e5ee3faa07,1393552,,,,,,,,,,,,,,,,,,,,,,,,,,,,,,,,,,,,,,,,,,,,,,,,,,TN,,,,,,,,,,
autoland,4769055,12,f76b60813665636d86169b6507d2f60fe004600c,windows10-64-shippable-qr,True,False,,,102210fe594ee9b33d82058545b1ed14f4c8206e,console.log-in-loop-content-process-array,damp,True,damp console.log-in-loop-content-process-array opt e10s fission stylo webrender-sw,4768818,77,ms,firefox,450916795.0,1858579388,2024-03-15 14:14:34,129.0458673571593,4b69d32113781e4489234ce2c9cf8f5b5dcbce5a,1393636,,,,,,,,,,,,,,,,,,,,,,,,,,,,,,,,,,,,,,,,,,,,,,,,,,TN,,,,,,,,,,
autoland,4769055,12,f76b60813665636d86169b6507d2f60fe004600c,windows10-64-shippable-qr,True,False,,,102210fe594ee9b33d82058545b1ed14f4c8206e,console.log-in-loop-content-process-array,damp,True,damp console.log-in-loop-content-process-array opt e10s fission stylo webrender-sw,4768818,77,ms,firefox,450927414.0,1858627049,2024-03-15 16:14:11,130.94509104388817,eff5ebeb21a902d6ed24f356b4a4b41e89ff1172,1393715,,,,,,,,,,,,,,,,,,,,,,,,,,,,,,,,,,,,,,,,,,,,,,,,,,TN,,,,,,,,,,
autoland,4769055,12,f76b60813665636d86169b6507d2f60fe004600c,windows10-64-shippable-qr,True,False,,,102210fe594ee9b33d82058545b1ed14f4c8206e,console.log-in-loop-content-process-array,damp,True,damp console.log-in-loop-content-process-array opt e10s fission stylo webrender-sw,4768818,77,ms,firefox,450956454.0,1858731888,2024-03-15 20:55:49,127.83861478670406,f4367b1826eb51a4bbcde0cd6ae1a5b1644115d0,1393941,,,,,,,,,,,,,,,,,,,,,,,,,,,,,,,,,,,,,,,,,,,,,,,,,,TN,,,,,,,,,,
autoland,4769055,12,f76b60813665636d86169b6507d2f60fe004600c,windows10-64-shippable-qr,True,False,,,102210fe594ee9b33d82058545b1ed14f4c8206e,console.log-in-loop-content-process-array,damp,True,damp console.log-in-loop-content-process-array opt e10s fission stylo webrender-sw,4768818,77,ms,firefox,450975679.0,1858828819,2024-03-16 01:29:19,128.49837337350257,bbe046e25d1447071e399f377b669bbe9cbf3bf3,1394036,,,,,,,,,,,,,,,,,,,,,,,,,,,,,,,,,,,,,,,,,,,,,,,,,,TN,,,,,,,,,,
autoland,4769055,12,f76b60813665636d86169b6507d2f60fe004600c,windows10-64-shippable-qr,True,False,,,102210fe594ee9b33d82058545b1ed14f4c8206e,console.log-in-loop-content-process-array,damp,True,damp console.log-in-loop-content-process-array opt e10s fission stylo webrender-sw,4768818,77,ms,firefox,450982390.0,1858888182,2024-03-16 06:01:10,128.54961248406835,a7134d792577d5d0529bf81b769c32138f7bb0c0,1394058,,,,,,,,,,,,,,,,,,,,,,,,,,,,,,,,,,,,,,,,,,,,,,,,,,TN,,,,,,,,,,
autoland,4769055,12,f76b60813665636d86169b6507d2f60fe004600c,windows10-64-shippable-qr,True,False,,,102210fe594ee9b33d82058545b1ed14f4c8206e,console.log-in-loop-content-process-array,damp,True,damp console.log-in-loop-content-process-array opt e10s fission stylo webrender-sw,4768818,77,ms,firefox,451016880.0,1859008988,2024-03-16 15:16:53,131.53346913865423,a65344e02551e44aca46a84016a3a07cce9d23e6,1394103,,,,,,,,,,,,,,,,,,,,,,,,,,,,,,,,,,,,,,,,,,,,,,,,,,TN,,,,,,,,,,
autoland,4769055,12,f76b60813665636d86169b6507d2f60fe004600c,windows10-64-shippable-qr,True,False,,,102210fe594ee9b33d82058545b1ed14f4c8206e,console.log-in-loop-content-process-array,damp,True,damp console.log-in-loop-content-process-array opt e10s fission stylo webrender-sw,4768818,77,ms,firefox,451021749.0,1859049671,2024-03-16 21:40:10,128.58238050084583,bc06944d050ccff5aed2248b83d51d946814e90d,1394130,,,,,,,,,,,,,,,,,,,,,,,,,,,,,,,,,,,,,,,,,,,,,,,,,,TN,,,,,,,,,,
autoland,4769055,12,f76b60813665636d86169b6507d2f60fe004600c,windows10-64-shippable-qr,True,False,,,102210fe594ee9b33d82058545b1ed14f4c8206e,console.log-in-loop-content-process-array,damp,True,damp console.log-in-loop-content-process-array opt e10s fission stylo webrender-sw,4768818,77,ms,firefox,451042016.0,1859135146,2024-03-17 07:03:06,130.11193338268822,7ef716435af3dee46482a893f4a3b29a4d3faafe,1394146,,,,,,,,,,,,,,,,,,,,,,,,,,,,,,,,,,,,,,,,,,,,,,,,,,TN,,,,,,,,,,
autoland,4769055,12,f76b60813665636d86169b6507d2f60fe004600c,windows10-64-shippable-qr,True,False,,,102210fe594ee9b33d82058545b1ed14f4c8206e,console.log-in-loop-content-process-array,damp,True,damp console.log-in-loop-content-process-array opt e10s fission stylo webrender-sw,4768818,77,ms,firefox,451051229.0,1859161388,2024-03-17 13:56:17,128.04222022428257,47d63b18299914bf2eecdeb64fe8df0a52605aec,1394162,,,,,,,,,,,,,,,,,,,,,,,,,,,,,,,,,,,,,,,,,,,,,,,,,,TN,,,,,,,,,,
autoland,4769055,12,f76b60813665636d86169b6507d2f60fe004600c,windows10-64-shippable-qr,True,False,,,102210fe594ee9b33d82058545b1ed14f4c8206e,console.log-in-loop-content-process-array,damp,True,damp console.log-in-loop-content-process-array opt e10s fission stylo webrender-sw,4768818,77,ms,firefox,451056445.0,1859192992,2024-03-17 19:02:19,130.75433024369704,164fcac77feead59372521b0072049f25a4c9692,1394171,,,,,,,,,,,,,,,,,,,,,,,,,,,,,,,,,,,,,,,,,,,,,,,,,,TN,,,,,,,,,,
autoland,4769055,12,f76b60813665636d86169b6507d2f60fe004600c,windows10-64-shippable-qr,True,False,,,102210fe594ee9b33d82058545b1ed14f4c8206e,console.log-in-loop-content-process-array,damp,True,damp console.log-in-loop-content-process-array opt e10s fission stylo webrender-sw,4768818,77,ms,firefox,451076869.0,1859313108,2024-03-18 01:14:25,128.56018896197202,469d4a744966c133ae480dc66643d47b77aa3209,1394186,,,,,,,,,,,,,,,,,,,,,,,,,,,,,,,,,,,,,,,,,,,,,,,,,,TN,,,,,,,,,,
autoland,4769055,12,f76b60813665636d86169b6507d2f60fe004600c,windows10-64-shippable-qr,True,False,,,102210fe594ee9b33d82058545b1ed14f4c8206e,console.log-in-loop-content-process-array,damp,True,damp console.log-in-loop-content-process-array opt e10s fission stylo webrender-sw,4768818,77,ms,firefox,451088250.0,1859397274,2024-03-18 07:02:14,128.44635909786848,9ae71156ef3c731f44e2af8d1d9c34b7eb7c6c9b,1394207,,,,,,,,,,,,,,,,,,,,,,,,,,,,,,,,,,,,,,,,,,,,,,,,,,TN,,,,,,,,,,
autoland,4769055,12,f76b60813665636d86169b6507d2f60fe004600c,windows10-64-shippable-qr,True,False,,,102210fe594ee9b33d82058545b1ed14f4c8206e,console.log-in-loop-content-process-array,damp,True,damp console.log-in-loop-content-process-array opt e10s fission stylo webrender-sw,4768818,77,ms,firefox,451101141.0,1859453313,2024-03-18 09:15:45,130.49500577366416,d3946837037d31a7b6f83b1977e57c4ea384c904,1394248,,,,,,,,,,,,,,,,,,,,,,,,,,,,,,,,,,,,,,,,,,,,,,,,,,TN,,,,,,,,,,
autoland,4769055,12,f76b60813665636d86169b6507d2f60fe004600c,windows10-64-shippable-qr,True,False,,,102210fe594ee9b33d82058545b1ed14f4c8206e,console.log-in-loop-content-process-array,damp,True,damp console.log-in-loop-content-process-array opt e10s fission stylo webrender-sw,4768818,77,ms,firefox,451163173.0,1859679812,2024-03-18 16:13:31,128.64117271190844,9a84c7a992c26cd844507c8b4a7215e1aa1dd56e,1394426,,,,,,,,,,,,,,,,,,,,,,,,,,,,,,,,,,,,,,,,,,,,,,,,,,TN,,,,,,,,,,
autoland,4769055,12,f76b60813665636d86169b6507d2f60fe004600c,windows10-64-shippable-qr,True,False,,,102210fe594ee9b33d82058545b1ed14f4c8206e,console.log-in-loop-content-process-array,damp,True,damp console.log-in-loop-content-process-array opt e10s fission stylo webrender-sw,4768818,77,ms,firefox,451196828.0,1859829208,2024-03-18 17:45:54,127.4703125586675,ab4a4d632bcfcdcb0f37c6791a75467e73c47795,1394460,,,,,,,,,,,,,,,,,,,,,,,,,,,,,,,,,,,,,,,,,,,,,,,,,,TN,,,,,,,,,,
autoland,4769055,12,f76b60813665636d86169b6507d2f60fe004600c,windows10-64-shippable-qr,True,False,,,102210fe594ee9b33d82058545b1ed14f4c8206e,console.log-in-loop-content-process-array,damp,True,damp console.log-in-loop-content-process-array opt e10s fission stylo webrender-sw,4768818,77,ms,firefox,451199563.0,1859846718,2024-03-18 20:20:59,129.2401359601481,3d0c771e9c28d7bad460e8683406e4a832de5d93,1394525,,,,,,,,,,,,,,,,,,,,,,,,,,,,,,,,,,,,,,,,,,,,,,,,,,TN,,,,,,,,,,
autoland,4769055,12,f76b60813665636d86169b6507d2f60fe004600c,windows10-64-shippable-qr,True,False,,,102210fe594ee9b33d82058545b1ed14f4c8206e,console.log-in-loop-content-process-array,damp,True,damp console.log-in-loop-content-process-array opt e10s fission stylo webrender-sw,4768818,77,ms,firefox,451222207.0,1859940140,2024-03-19 01:00:45,128.67308235814744,0febedb51783638cc944e4b495547ccfedb4c43f,1394573,,,,,,,,,,,,,,,,,,,,,,,,,,,,,,,,,,,,,,,,,,,,,,,,,,TN,,,,,,,,,,
autoland,4769055,12,f76b60813665636d86169b6507d2f60fe004600c,windows10-64-shippable-qr,True,False,,,102210fe594ee9b33d82058545b1ed14f4c8206e,console.log-in-loop-content-process-array,damp,True,damp console.log-in-loop-content-process-array opt e10s fission stylo webrender-sw,4768818,77,ms,firefox,451224793.0,1859966895,2024-03-19 02:26:21,128.21343396731208,16ddc2d8ba870a73f3a200338e1400a51d2299c1,1394599,,,,,,,,,,,,,,,,,,,,,,,,,,,,,,,,,,,,,,,,,,,,,,,,,,TN,,,,,,,,,,
autoland,4769055,12,f76b60813665636d86169b6507d2f60fe004600c,windows10-64-shippable-qr,True,False,,,102210fe594ee9b33d82058545b1ed14f4c8206e,console.log-in-loop-content-process-array,damp,True,damp console.log-in-loop-content-process-array opt e10s fission stylo webrender-sw,4768818,77,ms,firefox,451244324.0,1860045615,2024-03-19 06:03:35,128.74762474788258,0fbe242e1d975dcdea4df1bc8187bd9ecfe80291,1394632,,,,,,,,,,,,,,,,,,,,,,,,,,,,,,,,,,,,,,,,,,,,,,,,,,TN,,,,,,,,,,
autoland,4769055,12,f76b60813665636d86169b6507d2f60fe004600c,windows10-64-shippable-qr,True,False,,,102210fe594ee9b33d82058545b1ed14f4c8206e,console.log-in-loop-content-process-array,damp,True,damp console.log-in-loop-content-process-array opt e10s fission stylo webrender-sw,4768818,77,ms,firefox,451283366.0,1860159122,2024-03-19 08:17:39,127.8504702883438,bd45b4ccb1292ec35d0fb6c623cb70b62fecd87b,1394665,,,,,,,,,,,,,,,,,,,,,,,,,,,,,,,,,,,,,,,,,,,,,,,,,,TN,,,,,,,,,,
autoland,4769055,12,f76b60813665636d86169b6507d2f60fe004600c,windows10-64-shippable-qr,True,False,,,102210fe594ee9b33d82058545b1ed14f4c8206e,console.log-in-loop-content-process-array,damp,True,damp console.log-in-loop-content-process-array opt e10s fission stylo webrender-sw,4768818,77,ms,firefox,451293872.0,1860187405,2024-03-19 11:15:16,129.67852241072617,a4280d9d04d7841f3a7286d7cb6d9667ed276e03,1394711,,,,,,,,,,,,,,,,,,,,,,,,,,,,,,,,,,,,,,,,,,,,,,,,,,TN,,,,,,,,,,
autoland,4769055,12,f76b60813665636d86169b6507d2f60fe004600c,windows10-64-shippable-qr,True,False,,,102210fe594ee9b33d82058545b1ed14f4c8206e,console.log-in-loop-content-process-array,damp,True,damp console.log-in-loop-content-process-array opt e10s fission stylo webrender-sw,4768818,77,ms,firefox,451321341.0,1860261669,2024-03-19 13:28:22,127.70195061660344,43d89580ba9c295f67bc3df94ba1aac23b435b63,1394763,,,,,,,,,,,,,,,,,,,,,,,,,,,,,,,,,,,,,,,,,,,,,,,,,,TN,,,,,,,,,,
autoland,4769055,12,f76b60813665636d86169b6507d2f60fe004600c,windows10-64-shippable-qr,True,False,,,102210fe594ee9b33d82058545b1ed14f4c8206e,console.log-in-loop-content-process-array,damp,True,damp console.log-in-loop-content-process-array opt e10s fission stylo webrender-sw,4768818,77,ms,firefox,451362466.0,1860434539,2024-03-19 17:03:22,127.75882619582626,3d4f500d317cd4c54e93299c01efed1c4354deb7,1394873,,,,,,,,,,,,,,,,,,,,,,,,,,,,,,,,,,,,,,,,,,,,,,,,,,TN,,,,,,,,,,
autoland,4769055,12,f76b60813665636d86169b6507d2f60fe004600c,windows10-64-shippable-qr,True,False,,,102210fe594ee9b33d82058545b1ed14f4c8206e,console.log-in-loop-content-process-array,damp,True,damp console.log-in-loop-content-process-array opt e10s fission stylo webrender-sw,4768818,77,ms,firefox,451378029.0,1860506636,2024-03-19 19:48:40,127.80785497953184,7c0de707e2a448dd3846c81f12ee9bae3ebca9d3,1394945,,,,,,,,,,,,,,,,,,,,,,,,,,,,,,,,,,,,,,,,,,,,,,,,,,TN,,,,,,,,,,
autoland,4769055,12,f76b60813665636d86169b6507d2f60fe004600c,windows10-64-shippable-qr,True,False,,,102210fe594ee9b33d82058545b1ed14f4c8206e,console.log-in-loop-content-process-array,damp,True,damp console.log-in-loop-content-process-array opt e10s fission stylo webrender-sw,4768818,77,ms,firefox,451410327.0,1860644941,2024-03-20 00:04:56,131.104018208076,25a7b6dcdd27704494317e01334be69707ff521f,1395012,,,,,,,,,,,,,,,,,,,,,,,,,,,,,,,,,,,,,,,,,,,,,,,,,,TN,,,,,,,,,,
autoland,4769055,12,f76b60813665636d86169b6507d2f60fe004600c,windows10-64-shippable-qr,True,False,,,102210fe594ee9b33d82058545b1ed14f4c8206e,console.log-in-loop-content-process-array,damp,True,damp console.log-in-loop-content-process-array opt e10s fission stylo webrender-sw,4768818,77,ms,firefox,451433387.0,1860796465,2024-03-20 06:31:28,127.36697882775296,dbb1856b4f3345f0353d4ea33ed0f83a90420827,1395067,,,,,,,,,,,,,,,,,,,,,,,,,,,,,,,,,,,,,,,,,,,,,,,,,,TN,,,,,,,,,,
autoland,4769055,12,f76b60813665636d86169b6507d2f60fe004600c,windows10-64-shippable-qr,True,False,,,102210fe594ee9b33d82058545b1ed14f4c8206e,console.log-in-loop-content-process-array,damp,True,damp console.log-in-loop-content-process-array opt e10s fission stylo webrender-sw,4768818,77,ms,firefox,451458882.0,1860890890,2024-03-20 10:14:04,128.526616342715,89f62e190e69ddb95685488010b5807b31491168,1395103,,,,,,,,,,,,,,,,,,,,,,,,,,,,,,,,,,,,,,,,,,,,,,,,,,TN,,,,,,,,,,
autoland,4769055,12,f76b60813665636d86169b6507d2f60fe004600c,windows10-64-shippable-qr,True,False,,,102210fe594ee9b33d82058545b1ed14f4c8206e,console.log-in-loop-content-process-array,damp,True,damp console.log-in-loop-content-process-array opt e10s fission stylo webrender-sw,4768818,77,ms,firefox,451530505.0,1861103022,2024-03-20 14:37:05,128.49039112041282,533a3c2e587f7ea99fde847c499dbb77d1d7c623,1395197,,,,,,,,,,,,,,,,,,,,,,,,,,,,,,,,,,,,,,,,,,,,,,,,,,TN,,,,,,,,,,
autoland,4769055,12,f76b60813665636d86169b6507d2f60fe004600c,windows10-64-shippable-qr,True,False,,,102210fe594ee9b33d82058545b1ed14f4c8206e,console.log-in-loop-content-process-array,damp,True,damp console.log-in-loop-content-process-array opt e10s fission stylo webrender-sw,4768818,77,ms,firefox,451593904.0,1861401601,2024-03-20 21:30:57,128.245484328354,7e65c2e3fa5893e80c6f6f8ef4deef5861f82edc,1395367,,,,,,,,,,,,,,,,,,,,,,,,,,,,,,,,,,,,,,,,,,,,,,,,,,TN,,,,,,,,,,
autoland,4769055,12,f76b60813665636d86169b6507d2f60fe004600c,windows10-64-shippable-qr,True,False,,,102210fe594ee9b33d82058545b1ed14f4c8206e,console.log-in-loop-content-process-array,damp,True,damp console.log-in-loop-content-process-array opt e10s fission stylo webrender-sw,4768818,77,ms,firefox,451746784.0,1861975738,2024-03-21 18:47:13,128.0893637515801,c83258a2f5a9fd7b7107508c07827d9aa1a83035,1396360,,,,,,,,,,,,,,,,,,,,,,,,,,,,,,,,,,,,,,,,,,,,,,,,,,TN,,,,,,,,,,
autoland,4769055,12,f76b60813665636d86169b6507d2f60fe004600c,windows10-64-shippable-qr,True,False,,,102210fe594ee9b33d82058545b1ed14f4c8206e,console.log-in-loop-content-process-array,damp,True,damp console.log-in-loop-content-process-array opt e10s fission stylo webrender-sw,4768818,77,ms,firefox,451776049.0,1862107004,2024-03-21 21:19:12,129.31074206903395,3e3e5631944ec7d9d81a7c8ca0c3b5998ad044b3,1396573,,,,,,,,,,,,,,,,,,,,,,,,,,,,,,,,,,,,,,,,,,,,,,,,,,TN,,,,,,,,,,
autoland,4769055,12,f76b60813665636d86169b6507d2f60fe004600c,windows10-64-shippable-qr,True,False,,,102210fe594ee9b33d82058545b1ed14f4c8206e,console.log-in-loop-content-process-array,damp,True,damp console.log-in-loop-content-process-array opt e10s fission stylo webrender-sw,4768818,77,ms,firefox,451832308.0,1862207404,2024-03-22 02:33:11,128.24688457118282,a64d6cbeaa4f78ec1f700f6123469eb1b3a31608,1396939,,,,,,,,,,,,,,,,,,,,,,,,,,,,,,,,,,,,,,,,,,,,,,,,,,TN,,,,,,,,,,
autoland,4769055,12,f76b60813665636d86169b6507d2f60fe004600c,windows10-64-shippable-qr,True,False,,,102210fe594ee9b33d82058545b1ed14f4c8206e,console.log-in-loop-content-process-array,damp,True,damp console.log-in-loop-content-process-array opt e10s fission stylo webrender-sw,4768818,77,ms,firefox,451848969.0,1862303280,2024-03-22 05:34:14,128.9705539012266,5d6efea5e0bbc9c3cb2231d09450c2c7dd045122,1397066,,,,,,,,,,,,,,,,,,,,,,,,,,,,,,,,,,,,,,,,,,,,,,,,,,TN,,,,,,,,,,
autoland,4769055,12,f76b60813665636d86169b6507d2f60fe004600c,windows10-64-shippable-qr,True,False,,,102210fe594ee9b33d82058545b1ed14f4c8206e,console.log-in-loop-content-process-array,damp,True,damp console.log-in-loop-content-process-array opt e10s fission stylo webrender-sw,4768818,77,ms,firefox,451878303.0,1862467579,2024-03-22 10:08:21,131.3560117514262,48b19f0a3ca9e2d02e502182cb41095a870c3c30,1397249,,,,,,,,,,,,,,,,,,,,,,,,,,,,,,,,,,,,,,,,,,,,,,,,,,TN,,,,,,,,,,
autoland,4769055,12,f76b60813665636d86169b6507d2f60fe004600c,windows10-64-shippable-qr,True,False,,,102210fe594ee9b33d82058545b1ed14f4c8206e,console.log-in-loop-content-process-array,damp,True,damp console.log-in-loop-content-process-array opt e10s fission stylo webrender-sw,4768818,77,ms,firefox,451912594.0,1862587798,2024-03-22 13:22:55,128.98080475573806,640f274ba8d721083e3a62631c1c96e652d0965c,1397337,,,,,,,,,,,,,,,,,,,,,,,,,,,,,,,,,,,,,,,,,,,,,,,,,,TN,,,,,,,,,,
autoland,4769055,12,f76b60813665636d86169b6507d2f60fe004600c,windows10-64-shippable-qr,True,False,,,102210fe594ee9b33d82058545b1ed14f4c8206e,console.log-in-loop-content-process-array,damp,True,damp console.log-in-loop-content-process-array opt e10s fission stylo webrender-sw,4768818,77,ms,firefox,451951498.0,1862736444,2024-03-22 17:28:16,128.55651720385504,d12a19660d53686074475ffbbed160cc788ebe05,1397524,,,,,,,,,,,,,,,,,,,,,,,,,,,,,,,,,,,,,,,,,,,,,,,,,,TN,,,,,,,,,,
autoland,4769055,12,f76b60813665636d86169b6507d2f60fe004600c,windows10-64-shippable-qr,True,False,,,102210fe594ee9b33d82058545b1ed14f4c8206e,console.log-in-loop-content-process-array,damp,True,damp console.log-in-loop-content-process-array opt e10s fission stylo webrender-sw,4768818,77,ms,firefox,451972896.0,1862829387,2024-03-22 22:43:04,127.83183174982878,a008405a9171acdb92d2997564e16713185f054f,1397682,,,,,,,,,,,,,,,,,,,,,,,,,,,,,,,,,,,,,,,,,,,,,,,,,,TN,,,,,,,,,,
autoland,4769055,12,f76b60813665636d86169b6507d2f60fe004600c,windows10-64-shippable-qr,True,False,,,102210fe594ee9b33d82058545b1ed14f4c8206e,console.log-in-loop-content-process-array,damp,True,damp console.log-in-loop-content-process-array opt e10s fission stylo webrender-sw,4768818,77,ms,firefox,451985211.0,1862920685,2024-03-23 04:11:22,130.2885732922514,341c752f9f931ed8ca1220eb7006bdfcd026038e,1397768,,,,,,,,,,,,,,,,,,,,,,,,,,,,,,,,,,,,,,,,,,,,,,,,,,TN,,,,,,,,,,
autoland,4769055,12,f76b60813665636d86169b6507d2f60fe004600c,windows10-64-shippable-qr,True,False,,,102210fe594ee9b33d82058545b1ed14f4c8206e,console.log-in-loop-content-process-array,damp,True,damp console.log-in-loop-content-process-array opt e10s fission stylo webrender-sw,4768818,77,ms,firefox,452000219.0,1862982487,2024-03-23 08:45:37,127.40554954049368,7575296d6781e483bc76a289f68623eb548baac4,1397819,,,,,,,,,,,,,,,,,,,,,,,,,,,,,,,,,,,,,,,,,,,,,,,,,,TN,,,,,,,,,,
autoland,4769055,12,f76b60813665636d86169b6507d2f60fe004600c,windows10-64-shippable-qr,True,False,,,102210fe594ee9b33d82058545b1ed14f4c8206e,console.log-in-loop-content-process-array,damp,True,damp console.log-in-loop-content-process-array opt e10s fission stylo webrender-sw,4768818,77,ms,firefox,452018957.0,1863049222,2024-03-23 13:51:59,127.91900281327436,47e43ed2bb6cad873900cd00ccf834a51f3dfe83,1397843,,,,,,,,,,,,,,,,,,,,,,,,,,,,,,,,,,,,,,,,,,,,,,,,,,TN,,,,,,,,,,
autoland,4769055,12,f76b60813665636d86169b6507d2f60fe004600c,windows10-64-shippable-qr,True,False,,,102210fe594ee9b33d82058545b1ed14f4c8206e,console.log-in-loop-content-process-array,damp,True,damp console.log-in-loop-content-process-array opt e10s fission stylo webrender-sw,4768818,77,ms,firefox,452029190.0,1863087275,2024-03-23 18:44:13,128.42545008205707,69c342123c6fdb9190169823dd12a42a77559b9f,1397871,,,,,,,,,,,,,,,,,,,,,,,,,,,,,,,,,,,,,,,,,,,,,,,,,,TN,,,,,,,,,,
autoland,4769055,12,f76b60813665636d86169b6507d2f60fe004600c,windows10-64-shippable-qr,True,False,,,102210fe594ee9b33d82058545b1ed14f4c8206e,console.log-in-loop-content-process-array,damp,True,damp console.log-in-loop-content-process-array opt e10s fission stylo webrender-sw,4768818,77,ms,firefox,452047254.0,1863158044,2024-03-24 00:54:50,127.874109547427,c43bc8bba8a808b2f5005002f96936afa3697b34,1397899,,,,,,,,,,,,,,,,,,,,,,,,,,,,,,,,,,,,,,,,,,,,,,,,,,TN,,,,,,,,,,
autoland,4769055,12,f76b60813665636d86169b6507d2f60fe004600c,windows10-64-shippable-qr,True,False,,,102210fe594ee9b33d82058545b1ed14f4c8206e,console.log-in-loop-content-process-array,damp,True,damp console.log-in-loop-content-process-array opt e10s fission stylo webrender-sw,4768818,77,ms,firefox,452053985.0,1863216404,2024-03-24 07:02:41,131.16609607159808,fa1b327e74e89e08f7fff24dbb35f11e48736aab,1397916,,,,,,,,,,,,,,,,,,,,,,,,,,,,,,,,,,,,,,,,,,,,,,,,,,TN,,,,,,,,,,
autoland,4769055,12,f76b60813665636d86169b6507d2f60fe004600c,windows10-64-shippable-qr,True,False,,,102210fe594ee9b33d82058545b1ed14f4c8206e,console.log-in-loop-content-process-array,damp,True,damp console.log-in-loop-content-process-array opt e10s fission stylo webrender-sw,4768818,77,ms,firefox,452077691.0,1863301024,2024-03-24 11:13:54,128.74310463882466,f0597fea22797603c0e45ec1c43433afa5ed6dcd,1397937,,,,,,,,,,,,,,,,,,,,,,,,,,,,,,,,,,,,,,,,,,,,,,,,,,TN,,,,,,,,,,
autoland,4769055,12,f76b60813665636d86169b6507d2f60fe004600c,windows10-64-shippable-qr,True,False,,,102210fe594ee9b33d82058545b1ed14f4c8206e,console.log-in-loop-content-process-array,damp,True,damp console.log-in-loop-content-process-array opt e10s fission stylo webrender-sw,4768818,77,ms,firefox,452092784.0,1863355323,2024-03-24 18:59:17,128.52174993437984,6ec4249c788c48dc30dfb8737228af711e49fde2,1397954,,,,,,,,,,,,,,,,,,,,,,,,,,,,,,,,,,,,,,,,,,,,,,,,,,TN,,,,,,,,,,
autoland,4769055,12,f76b60813665636d86169b6507d2f60fe004600c,windows10-64-shippable-qr,True,False,,,102210fe594ee9b33d82058545b1ed14f4c8206e,console.log-in-loop-content-process-array,damp,True,damp console.log-in-loop-content-process-array opt e10s fission stylo webrender-sw,4768818,77,ms,firefox,452107118.0,1863408307,2024-03-24 23:02:44,127.70800743150176,f16b84d2aab6142f8b4fd6de574e96c2f551ebc7,1397973,,,,,,,,,,,,,,,,,,,,,,,,,,,,,,,,,,,,,,,,,,,,,,,,,,TN,,,,,,,,,,
autoland,4769055,12,f76b60813665636d86169b6507d2f60fe004600c,windows10-64-shippable-qr,True,False,,,102210fe594ee9b33d82058545b1ed14f4c8206e,console.log-in-loop-content-process-array,damp,True,damp console.log-in-loop-content-process-array opt e10s fission stylo webrender-sw,4768818,77,ms,firefox,452116060.0,1863458207,2024-03-25 03:31:22,130.47442919709283,19d905446a32ebc5b281e61c8ee49718ee784a25,1397989,,,,,,,,,,,,,,,,,,,,,,,,,,,,,,,,,,,,,,,,,,,,,,,,,,TN,,,,,,,,,,
autoland,4769055,12,f76b60813665636d86169b6507d2f60fe004600c,windows10-64-shippable-qr,True,False,,,102210fe594ee9b33d82058545b1ed14f4c8206e,console.log-in-loop-content-process-array,damp,True,damp console.log-in-loop-content-process-array opt e10s fission stylo webrender-sw,4768818,77,ms,firefox,452137061.0,1863547539,2024-03-25 08:43:58,127.28919505735576,db7773c959d542b2327b7158f769c657e46e2992,1398035,,,,,,,,,,,,,,,,,,,,,,,,,,,,,,,,,,,,,,,,,,,,,,,,,,TN,,,,,,,,,,
autoland,4769055,12,f76b60813665636d86169b6507d2f60fe004600c,windows10-64-shippable-qr,True,False,,,102210fe594ee9b33d82058545b1ed14f4c8206e,console.log-in-loop-content-process-array,damp,True,damp console.log-in-loop-content-process-array opt e10s fission stylo webrender-sw,4768818,77,ms,firefox,452139761.0,1863569911,2024-03-25 09:25:18,129.5769378855366,71c813e27dff32e4664eb9116e60097837485bfb,1398057,,,,,,,,,,,,,,,,,,,,,,,,,,,,,,,,,,,,,,,,,,,,,,,,,,TN,,,,,,,,,,
autoland,4769055,12,f76b60813665636d86169b6507d2f60fe004600c,windows10-64-shippable-qr,True,False,,,102210fe594ee9b33d82058545b1ed14f4c8206e,console.log-in-loop-content-process-array,damp,True,damp console.log-in-loop-content-process-array opt e10s fission stylo webrender-sw,4768818,77,ms,firefox,452193160.0,1863744598,2024-03-25 13:40:37,127.81322138531324,5969005dae85cc8ac486b2f0bdbb7454b660f252,1398214,,,,,,,,,,,,,,,,,,,,,,,,,,,,,,,,,,,,,,,,,,,,,,,,,,TN,,,,,,,,,,
autoland,4769055,12,f76b60813665636d86169b6507d2f60fe004600c,windows10-64-shippable-qr,True,False,,,102210fe594ee9b33d82058545b1ed14f4c8206e,console.log-in-loop-content-process-array,damp,True,damp console.log-in-loop-content-process-array opt e10s fission stylo webrender-sw,4768818,77,ms,firefox,452193853.0,1863748053,2024-03-25 14:05:55,128.3114054924008,19dcff1ee3fcbb431110e0639c80a3ba51ee0a34,1398235,,,,,,,,,,,,,,,,,,,,,,,,,,,,,,,,,,,,,,,,,,,,,,,,,,TN,,,,,,,,,,
autoland,4769055,12,f76b60813665636d86169b6507d2f60fe004600c,windows10-64-shippable-qr,True,False,,,102210fe594ee9b33d82058545b1ed14f4c8206e,console.log-in-loop-content-process-array,damp,True,damp console.log-in-loop-content-process-array opt e10s fission stylo webrender-sw,4768818,77,ms,firefox,452220182.0,1863905126,2024-03-25 17:00:38,128.4356556225739,9b5934ed0d6138133e3cab84d859a8e38bd43683,1398374,,,,,,,,,,,,,,,,,,,,,,,,,,,,,,,,,,,,,,,,,,,,,,,,,,TN,,,,,,,,,,
autoland,4769055,12,f76b60813665636d86169b6507d2f60fe004600c,windows10-64-shippable-qr,True,False,,,102210fe594ee9b33d82058545b1ed14f4c8206e,console.log-in-loop-content-process-array,damp,True,damp console.log-in-loop-content-process-array opt e10s fission stylo webrender-sw,4768818,77,ms,firefox,452241527.0,1863996893,2024-03-25 20:16:40,128.4999436800499,05ef22f3485b9acca72235e56c8e11abea982310,1398545,,,,,,,,,,,,,,,,,,,,,,,,,,,,,,,,,,,,,,,,,,,,,,,,,,TN,,,,,,,,,,
autoland,4769055,12,f76b60813665636d86169b6507d2f60fe004600c,windows10-64-shippable-qr,True,False,,,102210fe594ee9b33d82058545b1ed14f4c8206e,console.log-in-loop-content-process-array,damp,True,damp console.log-in-loop-content-process-array opt e10s fission stylo webrender-sw,4768818,77,ms,firefox,452274225.0,1864099662,2024-03-26 00:18:31,127.71667524552504,af6fe1ffacb6272ced1d27e874f376c671a19461,1398725,,,,,,,,,,,,,,,,,,,,,,,,,,,,,,,,,,,,,,,,,,,,,,,,,,TN,,,,,,,,,,
autoland,4769055,12,f76b60813665636d86169b6507d2f60fe004600c,windows10-64-shippable-qr,True,False,,,102210fe594ee9b33d82058545b1ed14f4c8206e,console.log-in-loop-content-process-array,damp,True,damp console.log-in-loop-content-process-array opt e10s fission stylo webrender-sw,4768818,77,ms,firefox,452284395.0,1864120709,2024-03-26 01:24:19,129.5130643559769,f0c093accca57074b185d7b3a5a76937ae8c57ed,1398741,,,,,,,,,,,,,,,,,,,,,,,,,,,,,,,,,,,,,,,,,,,,,,,,,,TN,,,,,,,,,,
autoland,4769055,12,f76b60813665636d86169b6507d2f60fe004600c,windows10-64-shippable-qr,True,False,,,102210fe594ee9b33d82058545b1ed14f4c8206e,console.log-in-loop-content-process-array,damp,True,damp console.log-in-loop-content-process-array opt e10s fission stylo webrender-sw,4768818,77,ms,firefox,452305571.0,1864252088,2024-03-26 06:19:49,128.77651135547603,f76227b1c05f51b70e7d261e993b5cfa5fd8ee70,1398803,,,,,,,,,,,,,,,,,,,,,,,,,,,,,,,,,,,,,,,,,,,,,,,,,,TN,,,,,,,,,,
autoland,4769055,12,f76b60813665636d86169b6507d2f60fe004600c,windows10-64-shippable-qr,True,False,,,102210fe594ee9b33d82058545b1ed14f4c8206e,console.log-in-loop-content-process-array,damp,True,damp console.log-in-loop-content-process-array opt e10s fission stylo webrender-sw,4768818,77,ms,firefox,452321114.0,1864310321,2024-03-26 09:05:54,131.40111261070342,e02aed8fb19856047df1d2cb7de887404e2b6956,1398850,,,,,,,,,,,,,,,,,,,,,,,,,,,,,,,,,,,,,,,,,,,,,,,,,,TN,,,,,,,,,,
autoland,4769055,12,f76b60813665636d86169b6507d2f60fe004600c,windows10-64-shippable-qr,True,False,,,102210fe594ee9b33d82058545b1ed14f4c8206e,console.log-in-loop-content-process-array,damp,True,damp console.log-in-loop-content-process-array opt e10s fission stylo webrender-sw,4768818,77,ms,firefox,452350672.0,1864416656,2024-03-26 12:57:56,130.53310149961544,8bfc3595e66f8c45af3a35d0489015d7522799d3,1398965,,,,,,,,,,,,,,,,,,,,,,,,,,,,,,,,,,,,,,,,,,,,,,,,,,TN,,,,,,,,,,
autoland,4769055,12,f76b60813665636d86169b6507d2f60fe004600c,windows10-64-shippable-qr,True,False,,,102210fe594ee9b33d82058545b1ed14f4c8206e,console.log-in-loop-content-process-array,damp,True,damp console.log-in-loop-content-process-array opt e10s fission stylo webrender-sw,4768818,77,ms,firefox,452384851.0,1864528627,2024-03-26 16:59:38,127.853716846299,a95909edf99f57b3e1ff98f748fd9e2ff57447da,1399161,,,,,,,,,,,,,,,,,,,,,,,,,,,,,,,,,,,,,,,,,,,,,,,,,,TN,,,,,,,,,,
autoland,4769055,12,f76b60813665636d86169b6507d2f60fe004600c,windows10-64-shippable-qr,True,False,,,102210fe594ee9b33d82058545b1ed14f4c8206e,console.log-in-loop-content-process-array,damp,True,damp console.log-in-loop-content-process-array opt e10s fission stylo webrender-sw,4768818,77,ms,firefox,452396926.0,1864569436,2024-03-26 17:44:32,127.4876335123281,a93eeb987e4a1e533ac94ec0d1703c6f9b52b9ef,1399196,,,,,,,,,,,,,,,,,,,,,,,,,,,,,,,,,,,,,,,,,,,,,,,,,,TN,,,,,,,,,,
autoland,4769055,12,f76b60813665636d86169b6507d2f60fe004600c,windows10-64-shippable-qr,True,False,,,102210fe594ee9b33d82058545b1ed14f4c8206e,console.log-in-loop-content-process-array,damp,True,damp console.log-in-loop-content-process-array opt e10s fission stylo webrender-sw,4768818,77,ms,firefox,452406319.0,1864626289,2024-03-26 19:19:03,127.49561472224376,dfd96ba0e09153e6f98c22d8adcaf944059434ac,1399261,,,,,,,,,,,,,,,,,,,,,,,,,,,,,,,,,,,,,,,,,,,,,,,,,,TN,,,,,,,,,,
autoland,4769055,12,f76b60813665636d86169b6507d2f60fe004600c,windows10-64-shippable-qr,True,False,,,102210fe594ee9b33d82058545b1ed14f4c8206e,console.log-in-loop-content-process-array,damp,True,damp console.log-in-loop-content-process-array opt e10s fission stylo webrender-sw,4768818,77,ms,firefox,452438457.0,1864760860,2024-03-26 22:59:31,128.54201055947306,babb5943701ffb0ddb6991106d28f73ad2061bb6,1399480,,,,,,,,,,,,,,,,,,,,,,,,,,,,,,,,,,,,,,,,,,,,,,,,,,TN,,,,,,,,,,
autoland,4769055,12,f76b60813665636d86169b6507d2f60fe004600c,windows10-64-shippable-qr,True,False,,,102210fe594ee9b33d82058545b1ed14f4c8206e,console.log-in-loop-content-process-array,damp,True,damp console.log-in-loop-content-process-array opt e10s fission stylo webrender-sw,4768818,77,ms,firefox,452464155.0,1864925838,2024-03-27 06:25:00,129.3167095096378,1e79b6199559c2d8acfccdb5e9d5bc62033e6c15,1399622,,,,,,,,,,,,,,,,,,,,,,,,,,,,,,,,,,,,,,,,,,,,,,,,,,TN,,,,,,,,,,
autoland,4769055,12,f76b60813665636d86169b6507d2f60fe004600c,windows10-64-shippable-qr,True,False,,,102210fe594ee9b33d82058545b1ed14f4c8206e,console.log-in-loop-content-process-array,damp,True,damp console.log-in-loop-content-process-array opt e10s fission stylo webrender-sw,4768818,77,ms,firefox,452497610.0,1865062025,2024-03-27 09:31:11,129.63684820615526,7f2993771f48536c575137e4b51984ab6d3de136,1399694,,,,,,,,,,,,,,,,,,,,,,,,,,,,,,,,,,,,,,,,,,,,,,,,,,TN,,,,,,,,,,
autoland,4769055,12,f76b60813665636d86169b6507d2f60fe004600c,windows10-64-shippable-qr,True,False,,,102210fe594ee9b33d82058545b1ed14f4c8206e,console.log-in-loop-content-process-array,damp,True,damp console.log-in-loop-content-process-array opt e10s fission stylo webrender-sw,4768818,77,ms,firefox,452537096.0,1865233231,2024-03-27 13:38:48,127.40934441119316,bc7ca80e302a788b0c3cc63cb148c628351b4946,1399827,,,,,,,,,,,,,,,,,,,,,,,,,,,,,,,,,,,,,,,,,,,,,,,,,,TN,,,,,,,,,,
autoland,4769055,12,f76b60813665636d86169b6507d2f60fe004600c,windows10-64-shippable-qr,True,False,,,102210fe594ee9b33d82058545b1ed14f4c8206e,console.log-in-loop-content-process-array,damp,True,damp console.log-in-loop-content-process-array opt e10s fission stylo webrender-sw,4768818,77,ms,firefox,452554277.0,1865301910,2024-03-27 15:45:41,129.23423927735712,f8ac03b3c764017d5704deed413c8d35c99978fd,1399897,,,,,,,,,,,,,,,,,,,,,,,,,,,,,,,,,,,,,,,,,,,,,,,,,,TN,,,,,,,,,,
autoland,4769055,12,f76b60813665636d86169b6507d2f60fe004600c,windows10-64-shippable-qr,True,False,,,102210fe594ee9b33d82058545b1ed14f4c8206e,console.log-in-loop-content-process-array,damp,True,damp console.log-in-loop-content-process-array opt e10s fission stylo webrender-sw,4768818,77,ms,firefox,452565632.0,1865380299,2024-03-27 17:44:07,127.9688812536242,5937312af5ae37b411939c2dcddbf6072d8d9cfc,1400012,,,,,,,,,,,,,,,,,,,,,,,,,,,,,,,,,,,,,,,,,,,,,,,,,,TN,,,,,,,,,,
autoland,4769055,12,f76b60813665636d86169b6507d2f60fe004600c,windows10-64-shippable-qr,True,False,,,102210fe594ee9b33d82058545b1ed14f4c8206e,console.log-in-loop-content-process-array,damp,True,damp console.log-in-loop-content-process-array opt e10s fission stylo webrender-sw,4768818,77,ms,firefox,452621410.0,1865537034,2024-03-28 01:10:01,129.26414423910137,b1cc62489fae8d475f67dec2d9abdf69e2d47614,1400291,,,,,,,,,,,,,,,,,,,,,,,,,,,,,,,,,,,,,,,,,,,,,,,,,,TN,,,,,,,,,,
autoland,4769055,12,f76b60813665636d86169b6507d2f60fe004600c,windows10-64-shippable-qr,True,False,,,102210fe594ee9b33d82058545b1ed14f4c8206e,console.log-in-loop-content-process-array,damp,True,damp console.log-in-loop-content-process-array opt e10s fission stylo webrender-sw,4768818,77,ms,firefox,452661727.0,1865689054,2024-03-28 09:47:39,130.78351426859808,1e7411c6b6399b5f5595f99e8d08576e473af625,1400442,,,,,,,,,,,,,,,,,,,,,,,,,,,,,,,,,,,,,,,,,,,,,,,,,,TN,,,,,,,,,,
autoland,4769055,12,f76b60813665636d86169b6507d2f60fe004600c,windows10-64-shippable-qr,True,False,,,102210fe594ee9b33d82058545b1ed14f4c8206e,console.log-in-loop-content-process-array,damp,True,damp console.log-in-loop-content-process-array opt e10s fission stylo webrender-sw,4768818,77,ms,firefox,452665576.0,1865703127,2024-03-28 10:32:02,128.15925387251443,55aaac6352fb1fbc44f600408b2bd5a63b4ae440,1400466,,,,,,,,,,,,,,,,,,,,,,,,,,,,,,,,,,,,,,,,,,,,,,,,,,TN,,,,,,,,,,
autoland,4769055,12,f76b60813665636d86169b6507d2f60fe004600c,windows10-64-shippable-qr,True,False,,,102210fe594ee9b33d82058545b1ed14f4c8206e,console.log-in-loop-content-process-array,damp,True,damp console.log-in-loop-content-process-array opt e10s fission stylo webrender-sw,4768818,77,ms,firefox,452705768.0,1865850051,2024-03-28 14:53:03,128.895939324535,1c98db62bb1a20d26f812d28d86672158450e71c,1400606,,,,,,,,,,,,,,,,,,,,,,,,,,,,,,,,,,,,,,,,,,,,,,,,,,TN,,,,,,,,,,
autoland,4769055,12,f76b60813665636d86169b6507d2f60fe004600c,windows10-64-shippable-qr,True,False,,,102210fe594ee9b33d82058545b1ed14f4c8206e,console.log-in-loop-content-process-array,damp,True,damp console.log-in-loop-content-process-array opt e10s fission stylo webrender-sw,4768818,77,ms,firefox,452700250.0,1865824728,2024-03-28 15:08:02,128.23272809192895,2b1a58a2fa54e47a357b20bda28512cebd79f732,1400620,,,,,,,,,,,,,,,,,,,,,,,,,,,,,,,,,,,,,,,,,,,,,,,,,,TN,,,,,,,,,,
autoland,4769055,12,f76b60813665636d86169b6507d2f60fe004600c,windows10-64-shippable-qr,True,False,,,102210fe594ee9b33d82058545b1ed14f4c8206e,console.log-in-loop-content-process-array,damp,True,damp console.log-in-loop-content-process-array opt e10s fission stylo webrender-sw,4768818,77,ms,firefox,452736432.0,1865974395,2024-03-28 19:06:21,127.64026005543928,b9f38a3edd45f19c8f1f0e6f96e11dea269f3399,1400789,,,,,,,,,,,,,,,,,,,,,,,,,,,,,,,,,,,,,,,,,,,,,,,,,,TN,,,,,,,,,,
autoland,4769055,12,f76b60813665636d86169b6507d2f60fe004600c,windows10-64-shippable-qr,True,False,,,102210fe594ee9b33d82058545b1ed14f4c8206e,console.log-in-loop-content-process-array,damp,True,damp console.log-in-loop-content-process-array opt e10s fission stylo webrender-sw,4768818,77,ms,firefox,452759305.0,1866058945,2024-03-28 23:11:00,130.95826894936545,8b46ddebfb7e99c2dd8d13182e11398381eda976,1400928,,,,,,,,,,,,,,,,,,,,,,,,,,,,,,,,,,,,,,,,,,,,,,,,,,TN,,,,,,,,,,
autoland,4769055,12,f76b60813665636d86169b6507d2f60fe004600c,windows10-64-shippable-qr,True,False,,,102210fe594ee9b33d82058545b1ed14f4c8206e,console.log-in-loop-content-process-array,damp,True,damp console.log-in-loop-content-process-array opt e10s fission stylo webrender-sw,4768818,77,ms,firefox,452762551.0,1866082484,2024-03-29 00:03:22,127.63628755007268,28b4eaeb70285be21ee6612c4e891e41c7949b68,1400956,,,,,,,,,,,,,,,,,,,,,,,,,,,,,,,,,,,,,,,,,,,,,,,,,,TN,,,,,,,,,,
autoland,4769055,12,f76b60813665636d86169b6507d2f60fe004600c,windows10-64-shippable-qr,True,False,,,102210fe594ee9b33d82058545b1ed14f4c8206e,console.log-in-loop-content-process-array,damp,True,damp console.log-in-loop-content-process-array opt e10s fission stylo webrender-sw,4768818,77,ms,firefox,452777320.0,1866159117,2024-03-29 04:27:46,129.83209110607277,4120fb3d12f57159ca2e6809f555312e00adda5d,1401028,,,,,,,,,,,,,,,,,,,,,,,,,,,,,,,,,,,,,,,,,,,,,,,,,,TN,,,,,,,,,,
autoland,4769055,12,f76b60813665636d86169b6507d2f60fe004600c,windows10-64-shippable-qr,True,False,,,102210fe594ee9b33d82058545b1ed14f4c8206e,console.log-in-loop-content-process-array,damp,True,damp console.log-in-loop-content-process-array opt e10s fission stylo webrender-sw,4768818,77,ms,firefox,452828209.0,1866358880,2024-03-29 12:22:16,129.09331269859285,39124d8575b2fb025ca7fd37b91e052f28e88e67,1401116,,,,,,,,,,,,,,,,,,,,,,,,,,,,,,,,,,,,,,,,,,,,,,,,,,TN,,,,,,,,,,
autoland,4769055,12,f76b60813665636d86169b6507d2f60fe004600c,windows10-64-shippable-qr,True,False,,,102210fe594ee9b33d82058545b1ed14f4c8206e,console.log-in-loop-content-process-array,damp,True,damp console.log-in-loop-content-process-array opt e10s fission stylo webrender-sw,4768818,77,ms,firefox,452852614.0,1866424744,2024-03-29 16:11:04,130.12315296157612,33becba24b3c497daf0c1180e5c659ed3cc9028c,1401211,,,,,,,,,,,,,,,,,,,,,,,,,,,,,,,,,,,,,,,,,,,,,,,,,,TN,,,,,,,,,,
autoland,4769055,12,f76b60813665636d86169b6507d2f60fe004600c,windows10-64-shippable-qr,True,False,,,102210fe594ee9b33d82058545b1ed14f4c8206e,console.log-in-loop-content-process-array,damp,True,damp console.log-in-loop-content-process-array opt e10s fission stylo webrender-sw,4768818,77,ms,firefox,452880051.0,1866556165,2024-03-29 20:24:43,130.8952483027224,dd4f0b5931701d3aa7f7ed94fd3ba8c45816316c,1401326,,,,,,,,,,,,,,,,,,,,,,,,,,,,,,,,,,,,,,,,,,,,,,,,,,TN,,,,,,,,,,
autoland,4769055,12,f76b60813665636d86169b6507d2f60fe004600c,windows10-64-shippable-qr,True,False,,,102210fe594ee9b33d82058545b1ed14f4c8206e,console.log-in-loop-content-process-array,damp,True,damp console.log-in-loop-content-process-array opt e10s fission stylo webrender-sw,4768818,77,ms,firefox,452901346.0,1866683293,2024-03-30 04:38:25,128.58114194451628,2fe1ab05c8fa00d73df88b20df9bc87301a46d46,1401437,,,,,,,,,,,,,,,,,,,,,,,,,,,,,,,,,,,,,,,,,,,,,,,,,,TN,,,,,,,,,,
autoland,4769055,12,f76b60813665636d86169b6507d2f60fe004600c,windows10-64-shippable-qr,True,False,,,102210fe594ee9b33d82058545b1ed14f4c8206e,console.log-in-loop-content-process-array,damp,True,damp console.log-in-loop-content-process-array opt e10s fission stylo webrender-sw,4768818,77,ms,firefox,452909637.0,1866723846,2024-03-30 08:43:08,130.94107631938823,3e1a0031f44e72f557f0ec79cf8423168b952d80,1401445,,,,,,,,,,,,,,,,,,,,,,,,,,,,,,,,,,,,,,,,,,,,,,,,,,TN,,,,,,,,,,
autoland,4769055,12,f76b60813665636d86169b6507d2f60fe004600c,windows10-64-shippable-qr,True,False,,,102210fe594ee9b33d82058545b1ed14f4c8206e,console.log-in-loop-content-process-array,damp,True,damp console.log-in-loop-content-process-array opt e10s fission stylo webrender-sw,4768818,77,ms,firefox,452934988.0,1866816067,2024-03-30 16:23:17,130.5775194261496,dea770591ed30035f88966bbf45cbbcc6557cdcc,1401476,,,,,,,,,,,,,,,,,,,,,,,,,,,,,,,,,,,,,,,,,,,,,,,,,,TN,,,,,,,,,,
autoland,4769055,12,f76b60813665636d86169b6507d2f60fe004600c,windows10-64-shippable-qr,True,False,,,102210fe594ee9b33d82058545b1ed14f4c8206e,console.log-in-loop-content-process-array,damp,True,damp console.log-in-loop-content-process-array opt e10s fission stylo webrender-sw,4768818,77,ms,firefox,452939573.0,1866837960,2024-03-30 17:37:54,131.50129399533034,d7916bbe3cb4118dd9464ef3af064b13b3b0d0c4,1401479,,,,,,,,,,,,,,,,,,,,,,,,,,,,,,,,,,,,,,,,,,,,,,,,,,TN,,,,,,,,,,
autoland,4769055,12,f76b60813665636d86169b6507d2f60fe004600c,windows10-64-shippable-qr,True,False,,,102210fe594ee9b33d82058545b1ed14f4c8206e,console.log-in-loop-content-process-array,damp,True,damp console.log-in-loop-content-process-array opt e10s fission stylo webrender-sw,4768818,77,ms,firefox,452966842.0,1866933263,2024-03-31 07:04:36,129.15987838957517,579426b2f39c365731042d79d87533ac3f616461,1401509,,,,,,,,,,,,,,,,,,,,,,,,,,,,,,,,,,,,,,,,,,,,,,,,,,TN,,,,,,,,,,
autoland,4769055,12,f76b60813665636d86169b6507d2f60fe004600c,windows10-64-shippable-qr,True,False,,,102210fe594ee9b33d82058545b1ed14f4c8206e,console.log-in-loop-content-process-array,damp,True,damp console.log-in-loop-content-process-array opt e10s fission stylo webrender-sw,4768818,77,ms,firefox,452990008.0,1867019364,2024-03-31 14:47:20,127.69427062053364,dfc3fd176c4fcd62b5a28dcfedea3c509f24ebf5,1401533,,,,,,,,,,,,,,,,,,,,,,,,,,,,,,,,,,,,,,,,,,,,,,,,,,TN,,,,,,,,,,
autoland,4769055,12,f76b60813665636d86169b6507d2f60fe004600c,windows10-64-shippable-qr,True,False,,,102210fe594ee9b33d82058545b1ed14f4c8206e,console.log-in-loop-content-process-array,damp,True,damp console.log-in-loop-content-process-array opt e10s fission stylo webrender-sw,4768818,77,ms,firefox,452994771.0,1867044137,2024-03-31 19:03:22,128.14807305485556,334eacacff83840ceed0bb2077c0a2a527e491a5,1401545,,,,,,,,,,,,,,,,,,,,,,,,,,,,,,,,,,,,,,,,,,,,,,,,,,TN,,,,,,,,,,
autoland,4769055,12,f76b60813665636d86169b6507d2f60fe004600c,windows10-64-shippable-qr,True,False,,,102210fe594ee9b33d82058545b1ed14f4c8206e,console.log-in-loop-content-process-array,damp,True,damp console.log-in-loop-content-process-array opt e10s fission stylo webrender-sw,4768818,77,ms,firefox,453014864.0,1867122207,2024-04-01 07:03:36,128.1036165296846,5d97e037b69610f99c35f4bbd65d27bafc5605fc,1401600,,,,,,,,,,,,,,,,,,,,,,,,,,,,,,,,,,,,,,,,,,,,,,,,,,TN,,,,,,,,,,
autoland,4769055,12,f76b60813665636d86169b6507d2f60fe004600c,windows10-64-shippable-qr,True,False,,,102210fe594ee9b33d82058545b1ed14f4c8206e,console.log-in-loop-content-process-array,damp,True,damp console.log-in-loop-content-process-array opt e10s fission stylo webrender-sw,4768818,77,ms,firefox,453043274.0,1867207534,2024-04-01 11:30:18,128.37497657599306,9546c05d8f57091e5d3e12129a49f11b8b027da7,1401661,,,,,,,,,,,,,,,,,,,,,,,,,,,,,,,,,,,,,,,,,,,,,,,,,,TN,,,,,,,,,,
autoland,4769055,12,f76b60813665636d86169b6507d2f60fe004600c,windows10-64-shippable-qr,True,False,,,102210fe594ee9b33d82058545b1ed14f4c8206e,console.log-in-loop-content-process-array,damp,True,damp console.log-in-loop-content-process-array opt e10s fission stylo webrender-sw,4768818,77,ms,firefox,453069750.0,1867254397,2024-04-01 13:16:41,128.54163018668442,26157b52a8c30d72d8e065cc4a8286633ee85b63,1401687,,,,,,,,,,,,,,,,,,,,,,,,,,,,,,,,,,,,,,,,,,,,,,,,,,TN,,,,,,,,,,
autoland,4769055,12,f76b60813665636d86169b6507d2f60fe004600c,windows10-64-shippable-qr,True,False,,,102210fe594ee9b33d82058545b1ed14f4c8206e,console.log-in-loop-content-process-array,damp,True,damp console.log-in-loop-content-process-array opt e10s fission stylo webrender-sw,4768818,77,ms,firefox,453089707.0,1867338600,2024-04-01 17:19:53,128.32847671811214,cdd16ab5df10333f1a1eb637ecf2692e15271d17,1401785,,,,,,,,,,,,,,,,,,,,,,,,,,,,,,,,,,,,,,,,,,,,,,,,,,TN,,,,,,,,,,
autoland,4769055,12,f76b60813665636d86169b6507d2f60fe004600c,windows10-64-shippable-qr,True,False,,,102210fe594ee9b33d82058545b1ed14f4c8206e,console.log-in-loop-content-process-array,damp,True,damp console.log-in-loop-content-process-array opt e10s fission stylo webrender-sw,4768818,77,ms,firefox,453094222.0,1867361882,2024-04-01 18:19:29,128.2629798981743,57354c5689ef8a5f598978d912570706445e1034,1401826,,,,,,,,,,,,,,,,,,,,,,,,,,,,,,,,,,,,,,,,,,,,,,,,,,TN,,,,,,,,,,
autoland,4769055,12,f76b60813665636d86169b6507d2f60fe004600c,windows10-64-shippable-qr,True,False,,,102210fe594ee9b33d82058545b1ed14f4c8206e,console.log-in-loop-content-process-array,damp,True,damp console.log-in-loop-content-process-array opt e10s fission stylo webrender-sw,4768818,77,ms,firefox,453137158.0,1867507082,2024-04-01 22:35:55,128.28980940310794,13111643fbf4557d26174a12b2cde1954182b0ab,1402004,,,,,,,,,,,,,,,,,,,,,,,,,,,,,,,,,,,,,,,,,,,,,,,,,,TN,,,,,,,,,,
autoland,4769055,12,f76b60813665636d86169b6507d2f60fe004600c,windows10-64-shippable-qr,True,False,,,102210fe594ee9b33d82058545b1ed14f4c8206e,console.log-in-loop-content-process-array,damp,True,damp console.log-in-loop-content-process-array opt e10s fission stylo webrender-sw,4768818,77,ms,firefox,453137057.0,1867507366,2024-04-01 22:39:43,130.56642608334914,e7ec5d35ae0d80f4a77b6705e1a393c637da672e,1402007,,,,,,,,,,,,,,,,,,,,,,,,,,,,,,,,,,,,,,,,,,,,,,,,,,TN,,,,,,,,,,
autoland,4769055,12,f76b60813665636d86169b6507d2f60fe004600c,windows10-64-shippable-qr,True,False,,,102210fe594ee9b33d82058545b1ed14f4c8206e,console.log-in-loop-content-process-array,damp,True,damp console.log-in-loop-content-process-array opt e10s fission stylo webrender-sw,4768818,77,ms,firefox,453149681.0,1867601116,2024-04-02 04:32:43,129.24542663674947,de086751acb845c252c37aab95a7e6b265df39a6,1402085,,,,,,,,,,,,,,,,,,,,,,,,,,,,,,,,,,,,,,,,,,,,,,,,,,TN,,,,,,,,,,
autoland,4769055,12,f76b60813665636d86169b6507d2f60fe004600c,windows10-64-shippable-qr,True,False,,,102210fe594ee9b33d82058545b1ed14f4c8206e,console.log-in-loop-content-process-array,damp,True,damp console.log-in-loop-content-process-array opt e10s fission stylo webrender-sw,4768818,77,ms,firefox,453172991.0,1867675018,2024-04-02 08:47:33,129.0515874573539,4df6842cb470c27ca949eaaa6d3a9b6b37d9c8fe,1402179,,,,,,,,,,,,,,,,,,,,,,,,,,,,,,,,,,,,,,,,,,,,,,,,,,TN,,,,,,,,,,
autoland,4769055,12,f76b60813665636d86169b6507d2f60fe004600c,windows10-64-shippable-qr,True,False,,,102210fe594ee9b33d82058545b1ed14f4c8206e,console.log-in-loop-content-process-array,damp,True,damp console.log-in-loop-content-process-array opt e10s fission stylo webrender-sw,4768818,77,ms,firefox,453174197.0,1867685334,2024-04-02 08:57:49,128.22819881004398,52bb75377d06cfb305446ca966c7526c9c9729c7,1402180,,,,,,,,,,,,,,,,,,,,,,,,,,,,,,,,,,,,,,,,,,,,,,,,,,TN,,,,,,,,,,
