,revision,value,repository_name,signature_id,framework_id,signature_hash,machine_platform,should_alert,has_subtests,extra_options,tags,option_collection_hash,test,suite,lower_is_better,name,parent_signature,repository_id,measurement_unit,application,job_id,entry_id,push_timestamp,push_id,single_alert_new_value,single_alert_classifier,alert_summary_prev_push_revision,alert_summary_id,single_alert_amount_pct,single_alert_prev_value,alert_summary_first_triaged,alert_summary_framework,single_alert_series_signature_framework_id,single_alert_series_signature_suite_public_name,alert_summary_related_alerts,single_alert_taskcluster_metadata_retry_id,alert_summary_prev_push_id,alert_summary_status,single_alert_status,alert_summary_assignee_username,single_alert_prev_taskcluster_metadata_task_id,alert_summary_bug_number,alert_summary_bug_due_date,single_alert_series_signature_test_public_name,alert_summary_issue_tracker,single_alert_amount_abs,single_alert_id,single_alert_taskcluster_metadata_task_id,single_alert_backfill_record_total_backfills_successful,single_alert_summary_id,single_alert_prev_taskcluster_metadata_retry_id,single_alert_is_regression,single_alert_manually_created,single_alert_classifier_email,single_alert_backfill_record_total_backfills_failed,single_alert_backfill_record_total_actions_triggered,alert_summary_assignee_email,alert_summary_creation_timestamp,single_alert_prev_profile_url,alert_summary_notes,single_alert_noise_profile,single_alert_related_summary_id,alert_summary_bug_updated,single_alert_profile_url,single_alert_backfill_record_context,single_alert_starred,single_alert_backfill_record_total_backfills_in_progress,single_alert_t_value,single_alert_series_signature_suite,single_alert_backfill_record_status,single_alert_series_signature_tags,alert_summary_triage_due_date,alert_summary_status_general
0,1db51625512e546534a6a7352ff4ff3b9c48d713,0.8852236782647989,autoland,3779647,13,a34e21034f2e3c317ebb3d485012938d48ad04ac,macosx1015-64-shippable-qr,True,False,,|f|i|s|s|i|o|n| |w|a|r|m| |w|e|b|r|e|n|d|e|r|,102210fe594ee9b33d82058545b1ed14f4c8206e,PerceptualSpeedIndex,google-docs,True,google-docs PerceptualSpeedIndex opt fission warm webrender,,77,ms,firefox,,1700028541,2023-05-24 10:49:25,1245770,,,,,,,,,,,,,,,,,,,,,,,,,,,,,,,,,,,,,,,,,,,,,,,,,TN
1,6a96bb1f430f92b83cc31f74db4e4c1f71e155e5,0.8468142792589246,autoland,3779647,13,a34e21034f2e3c317ebb3d485012938d48ad04ac,macosx1015-64-shippable-qr,True,False,,|f|i|s|s|i|o|n| |w|a|r|m| |w|e|b|r|e|n|d|e|r|,102210fe594ee9b33d82058545b1ed14f4c8206e,PerceptualSpeedIndex,google-docs,True,google-docs PerceptualSpeedIndex opt fission warm webrender,,77,ms,firefox,,1700109128,2023-05-24 13:34:40,1245871,,,,,,,,,,,,,,,,,,,,,,,,,,,,,,,,,,,,,,,,,,,,,,,,,TN
2,b9da43bde2c92655235855f4bb966f7a2537eafa,0.8581111613194761,autoland,3779647,13,a34e21034f2e3c317ebb3d485012938d48ad04ac,macosx1015-64-shippable-qr,True,False,,|f|i|s|s|i|o|n| |w|a|r|m| |w|e|b|r|e|n|d|e|r|,102210fe594ee9b33d82058545b1ed14f4c8206e,PerceptualSpeedIndex,google-docs,True,google-docs PerceptualSpeedIndex opt fission warm webrender,,77,ms,firefox,,1700219812,2023-05-24 17:26:23,1246058,,,,,,,,,,,,,,,,,,,,,,,,,,,,,,,,,,,,,,,,,,,,,,,,,TN
3,468123d0735b96f7486f1e1a4de373e3dd7520bd,0.8874830546769092,autoland,3779647,13,a34e21034f2e3c317ebb3d485012938d48ad04ac,macosx1015-64-shippable-qr,True,False,,|f|i|s|s|i|o|n| |w|a|r|m| |w|e|b|r|e|n|d|e|r|,102210fe594ee9b33d82058545b1ed14f4c8206e,PerceptualSpeedIndex,google-docs,True,google-docs PerceptualSpeedIndex opt fission warm webrender,,77,ms,firefox,,1700359725,2023-05-24 21:30:03,1246204,,,,,,,,,,,,,,,,,,,,,,,,,,,,,,,,,,,,,,,,,,,,,,,,,TN
4,c1577427eba79d954813d300bfe6d4f09e0249f0,0.8761861726163578,autoland,3779647,13,a34e21034f2e3c317ebb3d485012938d48ad04ac,macosx1015-64-shippable-qr,True,False,,|f|i|s|s|i|o|n| |w|a|r|m| |w|e|b|r|e|n|d|e|r|,102210fe594ee9b33d82058545b1ed14f4c8206e,PerceptualSpeedIndex,google-docs,True,google-docs PerceptualSpeedIndex opt fission warm webrender,,77,ms,firefox,,1700418547,2023-05-25 01:52:13,1246339,,,,,,,,,,,,,,,,,,,,,,,,,,,,,,,,,,,,,,,,,,,,,,,,,TN
5,ee3230b1fe26e5521d07465dcab71e75d586e422,0.38138273836421144,autoland,3779647,13,a34e21034f2e3c317ebb3d485012938d48ad04ac,macosx1015-64-shippable-qr,True,False,,|f|i|s|s|i|o|n| |w|a|r|m| |w|e|b|r|e|n|d|e|r|,102210fe594ee9b33d82058545b1ed14f4c8206e,PerceptualSpeedIndex,google-docs,True,google-docs PerceptualSpeedIndex opt fission warm webrender,,77,ms,firefox,,1700476356,2023-05-25 06:53:28,1246434,,,,,,,,,,,,,,,,,,,,,,,,,,,,,,,,,,,,,,,,,,,,,,,,,TN
6,0cd7e9f3c07773af459b1d5676b4f14a1a4c2844,0.9213737008585632,autoland,3779647,13,a34e21034f2e3c317ebb3d485012938d48ad04ac,macosx1015-64-shippable-qr,True,False,,|f|i|s|s|i|o|n| |w|a|r|m| |w|e|b|r|e|n|d|e|r|,102210fe594ee9b33d82058545b1ed14f4c8206e,PerceptualSpeedIndex,google-docs,True,google-docs PerceptualSpeedIndex opt fission warm webrender,,77,ms,firefox,,1700539356,2023-05-25 09:03:58,1246517,,,,,,,,,,,,,,,,,,,,,,,,,,,,,,,,,,,,,,,,,,,,,,,,,TN
7,09f3ed0c8776aaa707aab014022efa3a16e01a6e,0.8852236782647989,autoland,3779647,13,a34e21034f2e3c317ebb3d485012938d48ad04ac,macosx1015-64-shippable-qr,True,False,,|f|i|s|s|i|o|n| |w|a|r|m| |w|e|b|r|e|n|d|e|r|,102210fe594ee9b33d82058545b1ed14f4c8206e,PerceptualSpeedIndex,google-docs,True,google-docs PerceptualSpeedIndex opt fission warm webrender,,77,ms,firefox,,1700660063,2023-05-25 13:17:19,1246661,,,,,,,,,,,,,,,,,,,,,,,,,,,,,,,,,,,,,,,,,,,,,,,,,TN
8,6e07dad252683bcc1ed82d6a973adda9b490af1f,0.8626299141436964,autoland,3779647,13,a34e21034f2e3c317ebb3d485012938d48ad04ac,macosx1015-64-shippable-qr,True,False,,|f|i|s|s|i|o|n| |w|a|r|m| |w|e|b|r|e|n|d|e|r|,102210fe594ee9b33d82058545b1ed14f4c8206e,PerceptualSpeedIndex,google-docs,True,google-docs PerceptualSpeedIndex opt fission warm webrender,,77,ms,firefox,,1700668996,2023-05-25 13:25:13,1246670,,,,,,,,,,,,,,,,,,,,,,,,,,,,,,,,,,,,,,,,,,,,,,,,,TN
9,4971297a8917c4ce5f9136ebb0c82cde74eb50c4,0.3316764572977857,autoland,3779647,13,a34e21034f2e3c317ebb3d485012938d48ad04ac,macosx1015-64-shippable-qr,True,False,,|f|i|s|s|i|o|n| |w|a|r|m| |w|e|b|r|e|n|d|e|r|,102210fe594ee9b33d82058545b1ed14f4c8206e,PerceptualSpeedIndex,google-docs,True,google-docs PerceptualSpeedIndex opt fission warm webrender,,77,ms,firefox,,1700859769,2023-05-25 17:00:24,1246837,,,,,,,,,,,,,,,,,,,,,,,,,,,,,,,,,,,,,,,,,,,,,,,,,TN
10,6d91b4ed2bb8fbe97d7f5fcf7cad0e6f2bb6ad2f,0.815183009489381,autoland,3779647,13,a34e21034f2e3c317ebb3d485012938d48ad04ac,macosx1015-64-shippable-qr,True,False,,|f|i|s|s|i|o|n| |w|a|r|m| |w|e|b|r|e|n|d|e|r|,102210fe594ee9b33d82058545b1ed14f4c8206e,PerceptualSpeedIndex,google-docs,True,google-docs PerceptualSpeedIndex opt fission warm webrender,,77,ms,firefox,,1700931895,2023-05-25 20:49:35,1247021,,,,,,,,,,,,,,,,,,,,,,,,,,,,,,,,,,,,,,,,,,,,,,,,,TN
11,d49f009b89ad3ae1616d96cb1d2d9234ef3f6cda,0.36556710347943966,autoland,3779647,13,a34e21034f2e3c317ebb3d485012938d48ad04ac,macosx1015-64-shippable-qr,True,False,,|f|i|s|s|i|o|n| |w|a|r|m| |w|e|b|r|e|n|d|e|r|,102210fe594ee9b33d82058545b1ed14f4c8206e,PerceptualSpeedIndex,google-docs,True,google-docs PerceptualSpeedIndex opt fission warm webrender,,77,ms,firefox,,1701038296,2023-05-26 00:58:32,1247180,,,,,,,,,,,,,,,,,,,,,,,,,,,,,,,,,,,,,,,,,,,,,,,,,TN
12,ffc18acbe9c027a3d6c960322b40a9d0576af311,0.8084048802530504,autoland,3779647,13,a34e21034f2e3c317ebb3d485012938d48ad04ac,macosx1015-64-shippable-qr,True,False,,|f|i|s|s|i|o|n| |w|a|r|m| |w|e|b|r|e|n|d|e|r|,102210fe594ee9b33d82058545b1ed14f4c8206e,PerceptualSpeedIndex,google-docs,True,google-docs PerceptualSpeedIndex opt fission warm webrender,,77,ms,firefox,,1701146619,2023-05-26 04:58:44,1247241,,,,,,,,,,,,,,,,,,,,,,,,,,,,,,,,,,,,,,,,,,,,,,,,,TN
13,35f77e2aafb53fdda81c118a9ea61aefdacd61b4,0.8648892905558068,autoland,3779647,13,a34e21034f2e3c317ebb3d485012938d48ad04ac,macosx1015-64-shippable-qr,True,False,,|f|i|s|s|i|o|n| |w|a|r|m| |w|e|b|r|e|n|d|e|r|,102210fe594ee9b33d82058545b1ed14f4c8206e,PerceptualSpeedIndex,google-docs,True,google-docs PerceptualSpeedIndex opt fission warm webrender,,77,ms,firefox,,1701226126,2023-05-26 08:30:04,1247293,,,,,,,,,,,,,,,,,,,,,,,,,,,,,,,,,,,,,,,,,,,,,,,,,TN
14,3999253a6a3dc448416b9a73377e8599ca6bd022,0.8739267962042478,autoland,3779647,13,a34e21034f2e3c317ebb3d485012938d48ad04ac,macosx1015-64-shippable-qr,True,False,,|f|i|s|s|i|o|n| |w|a|r|m| |w|e|b|r|e|n|d|e|r|,102210fe594ee9b33d82058545b1ed14f4c8206e,PerceptualSpeedIndex,google-docs,True,google-docs PerceptualSpeedIndex opt fission warm webrender,,77,ms,firefox,,1701397433,2023-05-26 12:58:50,1247437,,,,,,,,,,,,,,,,,,,,,,,,,,,,,,,,,,,,,,,,,,,,,,,,,TN
15,bb19012006135abc7ddd72be3cd269be7ef114b5,0.8739267962042478,autoland,3779647,13,a34e21034f2e3c317ebb3d485012938d48ad04ac,macosx1015-64-shippable-qr,True,False,,|f|i|s|s|i|o|n| |w|a|r|m| |w|e|b|r|e|n|d|e|r|,102210fe594ee9b33d82058545b1ed14f4c8206e,PerceptualSpeedIndex,google-docs,True,google-docs PerceptualSpeedIndex opt fission warm webrender,,77,ms,firefox,,1701379565,2023-05-26 13:11:40,1247444,,,,,,,,,,,,,,,,,,,,,,,,,,,,,,,,,,,,,,,,,,,,,,,,,TN
16,8ca2ea7fe36515caaf70ddf90bfd2ee269f059cf,0.8874830546769092,autoland,3779647,13,a34e21034f2e3c317ebb3d485012938d48ad04ac,macosx1015-64-shippable-qr,True,False,,|f|i|s|s|i|o|n| |w|a|r|m| |w|e|b|r|e|n|d|e|r|,102210fe594ee9b33d82058545b1ed14f4c8206e,PerceptualSpeedIndex,google-docs,True,google-docs PerceptualSpeedIndex opt fission warm webrender,,77,ms,firefox,,1701580884,2023-05-26 17:23:29,1247619,,,,,,,,,,,,,,,,,,,,,,,,,,,,,,,,,,,,,,,,,,,,,,,,,TN
17,f6b4fa0c88fefe367393867cc9b0a0a61ae30a86,0.8422955264347038,autoland,3779647,13,a34e21034f2e3c317ebb3d485012938d48ad04ac,macosx1015-64-shippable-qr,True,False,,|f|i|s|s|i|o|n| |w|a|r|m| |w|e|b|r|e|n|d|e|r|,102210fe594ee9b33d82058545b1ed14f4c8206e,PerceptualSpeedIndex,google-docs,True,google-docs PerceptualSpeedIndex opt fission warm webrender,,77,ms,firefox,,1701808256,2023-05-26 18:57:45,1247663,,,,,,,,,,,,,,,,,,,,,,,,,,,,,,,,,,,,,,,,,,,,,,,,,TN
18,224c6165eeed35754ed2edb7bcf25308c5bb56bb,0.4265702666064166,autoland,3779647,13,a34e21034f2e3c317ebb3d485012938d48ad04ac,macosx1015-64-shippable-qr,True,False,,|f|i|s|s|i|o|n| |w|a|r|m| |w|e|b|r|e|n|d|e|r|,102210fe594ee9b33d82058545b1ed14f4c8206e,PerceptualSpeedIndex,google-docs,True,google-docs PerceptualSpeedIndex opt fission warm webrender,,77,ms,firefox,,1701812754,2023-05-26 19:09:08,1247672,,,,,,,,,,,,,,,,,,,,,,,,,,,,,,,,,,,,,,,,,,,,,,,,,TN
19,fc6056442a0fa16146259cb730d4e34a16656952,0.8761861726163578,autoland,3779647,13,a34e21034f2e3c317ebb3d485012938d48ad04ac,macosx1015-64-shippable-qr,True,False,,|f|i|s|s|i|o|n| |w|a|r|m| |w|e|b|r|e|n|d|e|r|,102210fe594ee9b33d82058545b1ed14f4c8206e,PerceptualSpeedIndex,google-docs,True,google-docs PerceptualSpeedIndex opt fission warm webrender,,77,ms,firefox,,1701631666,2023-05-26 19:44:57,1247712,,,,,,,,,,,,,,,,,,,,,,,,,,,,,,,,,,,,,,,,,,,,,,,,,TN
20,b45b68be3f9bae0da4d649a44e60c6cd175f2212,0.8468142792589246,autoland,3779647,13,a34e21034f2e3c317ebb3d485012938d48ad04ac,macosx1015-64-shippable-qr,True,False,,|f|i|s|s|i|o|n| |w|a|r|m| |w|e|b|r|e|n|d|e|r|,102210fe594ee9b33d82058545b1ed14f4c8206e,PerceptualSpeedIndex,google-docs,True,google-docs PerceptualSpeedIndex opt fission warm webrender,,77,ms,firefox,,1701741810,2023-05-27 00:56:39,1247879,,,,,,,,,,,,,,,,,,,,,,,,,,,,,,,,,,,,,,,,,,,,,,,,,TN
21,6a941c8c6ff3290e530942915ee97161b670f15d,0.7880704925440578,autoland,3779647,13,a34e21034f2e3c317ebb3d485012938d48ad04ac,macosx1015-64-shippable-qr,True,False,,|f|i|s|s|i|o|n| |w|a|r|m| |w|e|b|r|e|n|d|e|r|,102210fe594ee9b33d82058545b1ed14f4c8206e,PerceptualSpeedIndex,google-docs,True,google-docs PerceptualSpeedIndex opt fission warm webrender,,77,ms,firefox,,1701881386,2023-05-27 11:39:36,1247945,,,,,,,,,,,,,,,,,,,,,,,,,,,,,,,,,,,,,,,,,,,,,,,,,TN
22,531a15ae09d49e29c270830e9b873aa625a5a8c2,0.8694080433800271,autoland,3779647,13,a34e21034f2e3c317ebb3d485012938d48ad04ac,macosx1015-64-shippable-qr,True,False,,|f|i|s|s|i|o|n| |w|a|r|m| |w|e|b|r|e|n|d|e|r|,102210fe594ee9b33d82058545b1ed14f4c8206e,PerceptualSpeedIndex,google-docs,True,google-docs PerceptualSpeedIndex opt fission warm webrender,,77,ms,firefox,,1701923161,2023-05-27 15:52:21,1247961,,,,,,,,,,,,,,,,,,,,,,,,,,,,,,,,,,,,,,,,,,,,,,,,,TN
23,47f0f49b40361f9c5bde3a5691dc5d65ec1e0061,0.8965205603253503,autoland,3779647,13,a34e21034f2e3c317ebb3d485012938d48ad04ac,macosx1015-64-shippable-qr,True,False,,|f|i|s|s|i|o|n| |w|a|r|m| |w|e|b|r|e|n|d|e|r|,102210fe594ee9b33d82058545b1ed14f4c8206e,PerceptualSpeedIndex,google-docs,True,google-docs PerceptualSpeedIndex opt fission warm webrender,,77,ms,firefox,,1702047438,2023-05-28 20:46:15,1248031,,,,,,,,,,,,,,,,,,,,,,,,,,,,,,,,,,,,,,,,,,,,,,,,,TN
24,1f8f2142966233c5d8d437f93d361aa0cc2b36c6,0.8287392679620424,autoland,3779647,13,a34e21034f2e3c317ebb3d485012938d48ad04ac,macosx1015-64-shippable-qr,True,False,,|f|i|s|s|i|o|n| |w|a|r|m| |w|e|b|r|e|n|d|e|r|,102210fe594ee9b33d82058545b1ed14f4c8206e,PerceptualSpeedIndex,google-docs,True,google-docs PerceptualSpeedIndex opt fission warm webrender,,77,ms,firefox,,1702080921,2023-05-29 02:12:22,1248080,,,,,,,,,,,,,,,,,,,,,,,,,,,,,,,,,,,,,,,,,,,,,,,,,TN
25,1565861edeebf64845658a3f48cb89fa4515bb68,0.4785359240849525,autoland,3779647,13,a34e21034f2e3c317ebb3d485012938d48ad04ac,macosx1015-64-shippable-qr,True,False,,|f|i|s|s|i|o|n| |w|a|r|m| |w|e|b|r|e|n|d|e|r|,102210fe594ee9b33d82058545b1ed14f4c8206e,PerceptualSpeedIndex,google-docs,True,google-docs PerceptualSpeedIndex opt fission warm webrender,,77,ms,firefox,,1702142465,2023-05-29 06:50:24,1248115,,,,,,,,,,,,,,,,,,,,,,,,,,,,,,,,,,,,,,,,,,,,,,,,,TN
26,31915ad324761c4fe80dac65ca36f070ab2102a2,0.8694080433800271,autoland,3779647,13,a34e21034f2e3c317ebb3d485012938d48ad04ac,macosx1015-64-shippable-qr,True,False,,|f|i|s|s|i|o|n| |w|a|r|m| |w|e|b|r|e|n|d|e|r|,102210fe594ee9b33d82058545b1ed14f4c8206e,PerceptualSpeedIndex,google-docs,True,google-docs PerceptualSpeedIndex opt fission warm webrender,,77,ms,firefox,,1702160753,2023-05-29 07:27:55,1248125,,,,,,,,,,,,,,,,,,,,,,,,,,,,,,,,,,,,,,,,,,,,,,,,,TN
27,fc5fe4c288f6b66527c3e44199ca2d8a6b8a11d8,0.8694080433800271,autoland,3779647,13,a34e21034f2e3c317ebb3d485012938d48ad04ac,macosx1015-64-shippable-qr,True,False,,|f|i|s|s|i|o|n| |w|a|r|m| |w|e|b|r|e|n|d|e|r|,102210fe594ee9b33d82058545b1ed14f4c8206e,PerceptualSpeedIndex,google-docs,True,google-docs PerceptualSpeedIndex opt fission warm webrender,,77,ms,firefox,,1702554683,2023-05-29 13:34:49,1248241,,,,,,,,,,,,,,,,,,,,,,,,,,,,,,,,,,,,,,,,,,,,,,,,,TN
28,e1a08bab18008646938a96dfab802d2471fcadc1,0.8377767736104835,autoland,3779647,13,a34e21034f2e3c317ebb3d485012938d48ad04ac,macosx1015-64-shippable-qr,True,False,,|f|i|s|s|i|o|n| |w|a|r|m| |w|e|b|r|e|n|d|e|r|,102210fe594ee9b33d82058545b1ed14f4c8206e,PerceptualSpeedIndex,google-docs,True,google-docs PerceptualSpeedIndex opt fission warm webrender,,77,ms,firefox,,1702329954,2023-05-29 15:52:56,1248305,,,,,,,,,,,,,,,,,,,,,,,,,,,,,,,,,,,,,,,,,,,,,,,,,TN
29,496eefc6bee2519ce93df561b640b582e869b964,0.8920018075011296,autoland,3779647,13,a34e21034f2e3c317ebb3d485012938d48ad04ac,macosx1015-64-shippable-qr,True,False,,|f|i|s|s|i|o|n| |w|a|r|m| |w|e|b|r|e|n|d|e|r|,102210fe594ee9b33d82058545b1ed14f4c8206e,PerceptualSpeedIndex,google-docs,True,google-docs PerceptualSpeedIndex opt fission warm webrender,,77,ms,firefox,,1702418291,2023-05-29 20:27:32,1248440,,,,,,,,,,,,,,,,,,,,,,,,,,,,,,,,,,,,,,,,,,,,,,,,,TN
30,f7d3e204b0fb015cf0fb51a08403e22986a2ae52,0.8807049254405785,autoland,3779647,13,a34e21034f2e3c317ebb3d485012938d48ad04ac,macosx1015-64-shippable-qr,True,False,,|f|i|s|s|i|o|n| |w|a|r|m| |w|e|b|r|e|n|d|e|r|,102210fe594ee9b33d82058545b1ed14f4c8206e,PerceptualSpeedIndex,google-docs,True,google-docs PerceptualSpeedIndex opt fission warm webrender,,77,ms,firefox,,1702422540,2023-05-29 20:34:18,1248445,,,,,,,,,,,,,,,,,,,,,,,,,,,,,,,,,,,,,,,,,,,,,,,,,TN
31,82442b2d56d94c600cca707dd62ab7a19d68bbd2,0.8852236782647989,autoland,3779647,13,a34e21034f2e3c317ebb3d485012938d48ad04ac,macosx1015-64-shippable-qr,True,False,,|f|i|s|s|i|o|n| |w|a|r|m| |w|e|b|r|e|n|d|e|r|,102210fe594ee9b33d82058545b1ed14f4c8206e,PerceptualSpeedIndex,google-docs,True,google-docs PerceptualSpeedIndex opt fission warm webrender,,77,ms,firefox,,1702490320,2023-05-30 01:15:28,1248536,,,,,,,,,,,,,,,,,,,,,,,,,,,,,,,,,,,,,,,,,,,,,,,,,TN
32,23a3b1b5a2b78d86456189221e567423206bc00a,0.8468142792589246,autoland,3779647,13,a34e21034f2e3c317ebb3d485012938d48ad04ac,macosx1015-64-shippable-qr,True,False,,|f|i|s|s|i|o|n| |w|a|r|m| |w|e|b|r|e|n|d|e|r|,102210fe594ee9b33d82058545b1ed14f4c8206e,PerceptualSpeedIndex,google-docs,True,google-docs PerceptualSpeedIndex opt fission warm webrender,,77,ms,firefox,,1702590847,2023-05-30 06:58:06,1248601,,,,,,,,,,,,,,,,,,,,,,,,,,,,,,,,,,,,,,,,,,,,,,,,,TN
33,64b2487b96b949b3c6a787dfd17210f9998fb42e,0.8535924084952553,autoland,3779647,13,a34e21034f2e3c317ebb3d485012938d48ad04ac,macosx1015-64-shippable-qr,True,False,,|f|i|s|s|i|o|n| |w|a|r|m| |w|e|b|r|e|n|d|e|r|,102210fe594ee9b33d82058545b1ed14f4c8206e,PerceptualSpeedIndex,google-docs,True,google-docs PerceptualSpeedIndex opt fission warm webrender,,77,ms,firefox,,1702617442,2023-05-30 07:49:46,1248618,,,,,,,,,,,,,,,,,,,,,,,,,,,,,,,,,,,,,,,,,,,,,,,,,TN
34,121d4440186ece5c7acf444a8879a3818d54fef5,0.5643922277451425,autoland,3779647,13,a34e21034f2e3c317ebb3d485012938d48ad04ac,macosx1015-64-shippable-qr,True,False,,|f|i|s|s|i|o|n| |w|a|r|m| |w|e|b|r|e|n|d|e|r|,102210fe594ee9b33d82058545b1ed14f4c8206e,PerceptualSpeedIndex,google-docs,True,google-docs PerceptualSpeedIndex opt fission warm webrender,,77,ms,firefox,,1702757768,2023-05-30 12:05:20,1248752,,,,,,,,,,,,,,,,,,,,,,,,,,,,,,,,,,,,,,,,,,,,,,,,,TN
35,1c86169a6ab3a53190c7fca3fe2cefe2251e4cad,0.8852236782647989,autoland,3779647,13,a34e21034f2e3c317ebb3d485012938d48ad04ac,macosx1015-64-shippable-qr,True,False,,|f|i|s|s|i|o|n| |w|a|r|m| |w|e|b|r|e|n|d|e|r|,102210fe594ee9b33d82058545b1ed14f4c8206e,PerceptualSpeedIndex,google-docs,True,google-docs PerceptualSpeedIndex opt fission warm webrender,,77,ms,firefox,,1703303135,2023-05-30 14:11:57,1248832,,,,,,,,,,,,,,,,,,,,,,,,,,,,,,,,,,,,,,,,,,,,,,,,,TN
36,2139914fff1c2bb8398578403a5d19f8ba7eab08,0.8761861726163578,autoland,3779647,13,a34e21034f2e3c317ebb3d485012938d48ad04ac,macosx1015-64-shippable-qr,True,False,,|f|i|s|s|i|o|n| |w|a|r|m| |w|e|b|r|e|n|d|e|r|,102210fe594ee9b33d82058545b1ed14f4c8206e,PerceptualSpeedIndex,google-docs,True,google-docs PerceptualSpeedIndex opt fission warm webrender,,77,ms,firefox,,1703256765,2023-05-30 14:17:42,1248836,,,,,,,,,,,,,,,,,,,,,,,,,,,,,,,,,,,,,,,,,,,,,,,,,TN
37,25819f54f4eb2233a294e431c4f84f146fc2fa5f,0.4062358788974243,autoland,3779647,13,a34e21034f2e3c317ebb3d485012938d48ad04ac,macosx1015-64-shippable-qr,True,False,,|f|i|s|s|i|o|n| |w|a|r|m| |w|e|b|r|e|n|d|e|r|,102210fe594ee9b33d82058545b1ed14f4c8206e,PerceptualSpeedIndex,google-docs,True,google-docs PerceptualSpeedIndex opt fission warm webrender,,77,ms,firefox,,1703266204,2023-05-30 14:18:36,1248839,,,,,,,,,,,,,,,,,,,,,,,,,,,,,,,,,,,,,,,,,,,,,,,,,TN
38,fe968fa39d7b2a02923dc930f6045d0c925149cc,0.3429733393583372,autoland,3779647,13,a34e21034f2e3c317ebb3d485012938d48ad04ac,macosx1015-64-shippable-qr,True,False,,|f|i|s|s|i|o|n| |w|a|r|m| |w|e|b|r|e|n|d|e|r|,102210fe594ee9b33d82058545b1ed14f4c8206e,PerceptualSpeedIndex,google-docs,True,google-docs PerceptualSpeedIndex opt fission warm webrender,,77,ms,firefox,,1703245949,2023-05-30 14:20:30,1248840,,,,,,,,,,,,,,,,,,,,,,,,,,,,,,,,,,,,,,,,,,,,,,,,,TN
39,8ddf44b47ed68e786f1ca69913136fe2ddd7f1d2,0.8648892905558068,autoland,3779647,13,a34e21034f2e3c317ebb3d485012938d48ad04ac,macosx1015-64-shippable-qr,True,False,,|f|i|s|s|i|o|n| |w|a|r|m| |w|e|b|r|e|n|d|e|r|,102210fe594ee9b33d82058545b1ed14f4c8206e,PerceptualSpeedIndex,google-docs,True,google-docs PerceptualSpeedIndex opt fission warm webrender,,77,ms,firefox,,1702821533,2023-05-30 15:20:14,1248888,,,,,,,,,,,,,,,,,,,,,,,,,,,,,,,,,,,,,,,,,,,,,,,,,TN
40,f283a65c051a837eb3b3eb004e258408b9aa8e53,0.8694080433800271,autoland,3779647,13,a34e21034f2e3c317ebb3d485012938d48ad04ac,macosx1015-64-shippable-qr,True,False,,|f|i|s|s|i|o|n| |w|a|r|m| |w|e|b|r|e|n|d|e|r|,102210fe594ee9b33d82058545b1ed14f4c8206e,PerceptualSpeedIndex,google-docs,True,google-docs PerceptualSpeedIndex opt fission warm webrender,,77,ms,firefox,,1703186958,2023-05-30 17:40:00,1248971,,,,,,,,,,,,,,,,,,,,,,,,,,,,,,,,,,,,,,,,,,,,,,,,,TN
41,3be173a1e2614e622c6c3361b457b0c2b24ff6da,0.8874830546769092,autoland,3779647,13,a34e21034f2e3c317ebb3d485012938d48ad04ac,macosx1015-64-shippable-qr,True,False,,|f|i|s|s|i|o|n| |w|a|r|m| |w|e|b|r|e|n|d|e|r|,102210fe594ee9b33d82058545b1ed14f4c8206e,PerceptualSpeedIndex,google-docs,True,google-docs PerceptualSpeedIndex opt fission warm webrender,,77,ms,firefox,,1703186069,2023-05-30 18:28:22,1249008,,,,,,,,,,,,,,,,,,,,,,,,,,,,,,,,,,,,,,,,,,,,,,,,,TN
42,361a866d206fd695b15823113863d449afb7c87d,0.8761861726163578,autoland,3779647,13,a34e21034f2e3c317ebb3d485012938d48ad04ac,macosx1015-64-shippable-qr,True,False,,|f|i|s|s|i|o|n| |w|a|r|m| |w|e|b|r|e|n|d|e|r|,102210fe594ee9b33d82058545b1ed14f4c8206e,PerceptualSpeedIndex,google-docs,True,google-docs PerceptualSpeedIndex opt fission warm webrender,,77,ms,firefox,,1702963848,2023-05-30 19:20:55,1249050,,,,,,,,,,,,,,,,,,,,,,,,,,,,,,,,,,,,,,,,,,,,,,,,,TN
43,f9dad80c02c9517d8cb38311989dab88f1236015,0.860370537731586,autoland,3779647,13,a34e21034f2e3c317ebb3d485012938d48ad04ac,macosx1015-64-shippable-qr,True,False,,|f|i|s|s|i|o|n| |w|a|r|m| |w|e|b|r|e|n|d|e|r|,102210fe594ee9b33d82058545b1ed14f4c8206e,PerceptualSpeedIndex,google-docs,True,google-docs PerceptualSpeedIndex opt fission warm webrender,,77,ms,firefox,,1702950577,2023-05-30 19:21:44,1249051,,,,,,,,,,,,,,,,,,,,,,,,,,,,,,,,,,,,,,,,,,,,,,,,,TN
44,0ea1f0bff41ab8b0e92e4f35f3d6eaf801ad3fc0,0.8558517849073657,autoland,3779647,13,a34e21034f2e3c317ebb3d485012938d48ad04ac,macosx1015-64-shippable-qr,True,False,,|f|i|s|s|i|o|n| |w|a|r|m| |w|e|b|r|e|n|d|e|r|,102210fe594ee9b33d82058545b1ed14f4c8206e,PerceptualSpeedIndex,google-docs,True,google-docs PerceptualSpeedIndex opt fission warm webrender,,77,ms,firefox,,1703099922,2023-05-30 22:16:30,1249172,,,,,,,,,,,,,,,,,,,,,,,,,,,,,,,,,,,,,,,,,,,,,,,,,TN
45,40997d8c121ee054ffe5df2c1a10d3a392f78c3c,0.860370537731586,autoland,3779647,13,a34e21034f2e3c317ebb3d485012938d48ad04ac,macosx1015-64-shippable-qr,True,False,,|f|i|s|s|i|o|n| |w|a|r|m| |w|e|b|r|e|n|d|e|r|,102210fe594ee9b33d82058545b1ed14f4c8206e,PerceptualSpeedIndex,google-docs,True,google-docs PerceptualSpeedIndex opt fission warm webrender,,77,ms,firefox,,1703160081,2023-05-31 02:21:54,1249255,,,,,,,,,,,,,,,,,,,,,,,,,,,,,,,,,,,,,,,,,,,,,,,,,TN
46,b1a1fe06a88b8bdb3f1c5564d12f6798261f34f8,0.4220515137821961,autoland,3779647,13,a34e21034f2e3c317ebb3d485012938d48ad04ac,macosx1015-64-shippable-qr,True,False,,|f|i|s|s|i|o|n| |w|a|r|m| |w|e|b|r|e|n|d|e|r|,102210fe594ee9b33d82058545b1ed14f4c8206e,PerceptualSpeedIndex,google-docs,True,google-docs PerceptualSpeedIndex opt fission warm webrender,,77,ms,firefox,,1704010021,2023-05-31 17:22:12,1249712,,,,,,,,,,,,,,,,,,,,,,,,,,,,,,,,,,,,,,,,,,,,,,,,,TN
47,acd631722a01cb363c4967477af9f240d35cd218,0.8694080433800271,autoland,3779647,13,a34e21034f2e3c317ebb3d485012938d48ad04ac,macosx1015-64-shippable-qr,True,False,,|f|i|s|s|i|o|n| |w|a|r|m| |w|e|b|r|e|n|d|e|r|,102210fe594ee9b33d82058545b1ed14f4c8206e,PerceptualSpeedIndex,google-docs,True,google-docs PerceptualSpeedIndex opt fission warm webrender,,77,ms,firefox,,1704021395,2023-05-31 20:28:19,1249881,,,,,,,,,,,,,,,,,,,,,,,,,,,,,,,,,,,,,,,,,,,,,,,,,TN
48,3e57422d355fbd79bda3cc9af613485b3bdce01e,0.7880704925440578,autoland,3779647,13,a34e21034f2e3c317ebb3d485012938d48ad04ac,macosx1015-64-shippable-qr,True,False,,|f|i|s|s|i|o|n| |w|a|r|m| |w|e|b|r|e|n|d|e|r|,102210fe594ee9b33d82058545b1ed14f4c8206e,PerceptualSpeedIndex,google-docs,True,google-docs PerceptualSpeedIndex opt fission warm webrender,,77,ms,firefox,,1704281344,2023-05-31 21:52:05,1249959,,,,,,,,,,,,,,,,,,,,,,,,,,,,,,,,,,,,,,,,,,,,,,,,,TN
49,1ee8fd36b1276fa713a4407e53085c5991e8ad2d,0.8581111613194761,autoland,3779647,13,a34e21034f2e3c317ebb3d485012938d48ad04ac,macosx1015-64-shippable-qr,True,False,,|f|i|s|s|i|o|n| |w|a|r|m| |w|e|b|r|e|n|d|e|r|,102210fe594ee9b33d82058545b1ed14f4c8206e,PerceptualSpeedIndex,google-docs,True,google-docs PerceptualSpeedIndex opt fission warm webrender,,77,ms,firefox,,1704290225,2023-05-31 21:52:58,1249961,,,,,,,,,,,,,,,,,,,,,,,,,,,,,,,,,,,,,,,,,,,,,,,,,TN
50,69cd9d943489100b8424cf1b19b0646cbc9c317c,0.8400361500225939,autoland,3779647,13,a34e21034f2e3c317ebb3d485012938d48ad04ac,macosx1015-64-shippable-qr,True,False,,|f|i|s|s|i|o|n| |w|a|r|m| |w|e|b|r|e|n|d|e|r|,102210fe594ee9b33d82058545b1ed14f4c8206e,PerceptualSpeedIndex,google-docs,True,google-docs PerceptualSpeedIndex opt fission warm webrender,,77,ms,firefox,,1704138331,2023-05-31 23:35:37,1250055,,,,,,,,,,,,,,,,,,,,,,,,,,,,,,,,,,,,,,,,,,,,,,,,,TN
51,5d6127a9b7ed37774d6403efd4ee1ec813503592,0.860370537731586,autoland,3779647,13,a34e21034f2e3c317ebb3d485012938d48ad04ac,macosx1015-64-shippable-qr,True,False,,|f|i|s|s|i|o|n| |w|a|r|m| |w|e|b|r|e|n|d|e|r|,102210fe594ee9b33d82058545b1ed14f4c8206e,PerceptualSpeedIndex,google-docs,True,google-docs PerceptualSpeedIndex opt fission warm webrender,,77,ms,firefox,,1704234918,2023-06-01 03:44:27,1250134,,,,,,,,,,,,,,,,,,,,,,,,,,,,,,,,,,,,,,,,,,,,,,,,,TN
52,310a02cb1216c0fafadcbc049aac0875871eab96,0.4853140533212834,autoland,3779647,13,a34e21034f2e3c317ebb3d485012938d48ad04ac,macosx1015-64-shippable-qr,True,False,,|f|i|s|s|i|o|n| |w|a|r|m| |w|e|b|r|e|n|d|e|r|,102210fe594ee9b33d82058545b1ed14f4c8206e,PerceptualSpeedIndex,google-docs,True,google-docs PerceptualSpeedIndex opt fission warm webrender,,77,ms,firefox,,1704388169,2023-06-01 08:18:01,1250206,,,,,,,,,,,,,,,,,,,,,,,,,,,,,,,,,,,,,,,,,,,,,,,,,TN
53,3ee1184f75ef01c3b8b3acb826d84a189cac75ce,0.8694080433800271,autoland,3779647,13,a34e21034f2e3c317ebb3d485012938d48ad04ac,macosx1015-64-shippable-qr,True,False,,|f|i|s|s|i|o|n| |w|a|r|m| |w|e|b|r|e|n|d|e|r|,102210fe594ee9b33d82058545b1ed14f4c8206e,PerceptualSpeedIndex,google-docs,True,google-docs PerceptualSpeedIndex opt fission warm webrender,,77,ms,firefox,,1704453196,2023-06-01 09:51:53,1250243,,,,,,,,,,,,,,,,,,,,,,,,,,,,,,,,,,,,,,,,,,,,,,,,,TN
54,01e7e891e3d0793f8a185fe99b6f8cc9c6ffa74e,0.413014008133755,autoland,3779647,13,a34e21034f2e3c317ebb3d485012938d48ad04ac,macosx1015-64-shippable-qr,True,False,,|f|i|s|s|i|o|n| |w|a|r|m| |w|e|b|r|e|n|d|e|r|,102210fe594ee9b33d82058545b1ed14f4c8206e,PerceptualSpeedIndex,google-docs,True,google-docs PerceptualSpeedIndex opt fission warm webrender,,77,ms,firefox,,1704622225,2023-06-01 13:54:39,1250379,,,,,,,,,,,,,,,,,,,,,,,,,,,,,,,,,,,,,,,,,,,,,,,,,TN
55,ae0f513f1d25aef3f79ad009b5f2dd7407536827,0.8716674197921375,autoland,3779647,13,a34e21034f2e3c317ebb3d485012938d48ad04ac,macosx1015-64-shippable-qr,True,False,,|f|i|s|s|i|o|n| |w|a|r|m| |w|e|b|r|e|n|d|e|r|,102210fe594ee9b33d82058545b1ed14f4c8206e,PerceptualSpeedIndex,google-docs,True,google-docs PerceptualSpeedIndex opt fission warm webrender,,77,ms,firefox,,1704783066,2023-06-01 19:53:44,1250634,,,,,,,,,,,,,,,,,,,,,,,,,,,,,,,,,,,,,,,,,,,,,,,,,TN
56,9718fca142ae7765c8ca6c3616fab6e303225556,0.34523271577044734,autoland,3779647,13,a34e21034f2e3c317ebb3d485012938d48ad04ac,macosx1015-64-shippable-qr,True,False,,|f|i|s|s|i|o|n| |w|a|r|m| |w|e|b|r|e|n|d|e|r|,102210fe594ee9b33d82058545b1ed14f4c8206e,PerceptualSpeedIndex,google-docs,True,google-docs PerceptualSpeedIndex opt fission warm webrender,,77,ms,firefox,,1704849034,2023-06-01 21:35:55,1250675,,,,,,,,,,,,,,,,,,,,,,,,,,,,,,,,,,,,,,,,,,,,,,,,,TN
57,c365694efc9c7ac4c2c010f9dc97afb7c80107ee,0.3678264798915498,autoland,3779647,13,a34e21034f2e3c317ebb3d485012938d48ad04ac,macosx1015-64-shippable-qr,True,False,,|f|i|s|s|i|o|n| |w|a|r|m| |w|e|b|r|e|n|d|e|r|,102210fe594ee9b33d82058545b1ed14f4c8206e,PerceptualSpeedIndex,google-docs,True,google-docs PerceptualSpeedIndex opt fission warm webrender,,77,ms,firefox,,1704942227,2023-06-02 02:04:00,1250783,,,,,,,,,,,,,,,,,,,,,,,,,,,,,,,,,,,,,,,,,,,,,,,,,TN
58,5d642eb9394b5f5e9e9f0a4b6be492055e341e31,0.8671486669679167,autoland,3779647,13,a34e21034f2e3c317ebb3d485012938d48ad04ac,macosx1015-64-shippable-qr,True,False,,|f|i|s|s|i|o|n| |w|a|r|m| |w|e|b|r|e|n|d|e|r|,102210fe594ee9b33d82058545b1ed14f4c8206e,PerceptualSpeedIndex,google-docs,True,google-docs PerceptualSpeedIndex opt fission warm webrender,,77,ms,firefox,,1705321623,2023-06-02 12:19:13,1250979,,,,,,,,,,,,,,,,,,,,,,,,,,,,,,,,,,,,,,,,,,,,,,,,,TN
59,e2c71d0ed1e8bb2b9752f78b13c31171d5dde3a9,0.8648892905558068,autoland,3779647,13,a34e21034f2e3c317ebb3d485012938d48ad04ac,macosx1015-64-shippable-qr,True,False,,|f|i|s|s|i|o|n| |w|a|r|m| |w|e|b|r|e|n|d|e|r|,102210fe594ee9b33d82058545b1ed14f4c8206e,PerceptualSpeedIndex,google-docs,True,google-docs PerceptualSpeedIndex opt fission warm webrender,,77,ms,firefox,,1705327542,2023-06-02 13:27:34,1251019,,,,,,,,,,,,,,,,,,,,,,,,,,,,,,,,,,,,,,,,,,,,,,,,,TN
60,ad7e9e56836f2bd7e0668d322719f548e825a685,0.8422955264347038,autoland,3779647,13,a34e21034f2e3c317ebb3d485012938d48ad04ac,macosx1015-64-shippable-qr,True,False,,|f|i|s|s|i|o|n| |w|a|r|m| |w|e|b|r|e|n|d|e|r|,102210fe594ee9b33d82058545b1ed14f4c8206e,PerceptualSpeedIndex,google-docs,True,google-docs PerceptualSpeedIndex opt fission warm webrender,,77,ms,firefox,,1705352738,2023-06-02 17:59:13,1251185,,,,,,,,,,,,,,,,,,,,,,,,,,,,,,,,,,,,,,,,,,,,,,,,,TN
61,8c3b1c60fde747fcb4e3421062a37b829d6acb9f,0.8535924084952553,autoland,3779647,13,a34e21034f2e3c317ebb3d485012938d48ad04ac,macosx1015-64-shippable-qr,True,False,,|f|i|s|s|i|o|n| |w|a|r|m| |w|e|b|r|e|n|d|e|r|,102210fe594ee9b33d82058545b1ed14f4c8206e,PerceptualSpeedIndex,google-docs,True,google-docs PerceptualSpeedIndex opt fission warm webrender,,77,ms,firefox,,1705343238,2023-06-02 18:03:52,1251187,,,,,,,,,,,,,,,,,,,,,,,,,,,,,,,,,,,,,,,,,,,,,,,,,TN
62,b9f63a24bc677e4c6a1f9bc801c2e3bf44dbd6e8,0.8694080433800271,autoland,3779647,13,a34e21034f2e3c317ebb3d485012938d48ad04ac,macosx1015-64-shippable-qr,True,False,,|f|i|s|s|i|o|n| |w|a|r|m| |w|e|b|r|e|n|d|e|r|,102210fe594ee9b33d82058545b1ed14f4c8206e,PerceptualSpeedIndex,google-docs,True,google-docs PerceptualSpeedIndex opt fission warm webrender,,77,ms,firefox,,1705399111,2023-06-02 22:18:32,1251308,,,,,,,,,,,,,,,,,,,,,,,,,,,,,,,,,,,,,,,,,,,,,,,,,TN
63,64bce9d136ae9b4bd5482515721d6daf2da53dc3,0.8671486669679167,autoland,3779647,13,a34e21034f2e3c317ebb3d485012938d48ad04ac,macosx1015-64-shippable-qr,True,False,,|f|i|s|s|i|o|n| |w|a|r|m| |w|e|b|r|e|n|d|e|r|,102210fe594ee9b33d82058545b1ed14f4c8206e,PerceptualSpeedIndex,google-docs,True,google-docs PerceptualSpeedIndex opt fission warm webrender,,77,ms,firefox,,1705448284,2023-06-03 05:40:17,1251358,,,,,,,,,,,,,,,,,,,,,,,,,,,,,,,,,,,,,,,,,,,,,,,,,TN
64,7bc8c25b2935765c57adc63333c221bbe5067831,0.8106642566651603,autoland,3779647,13,a34e21034f2e3c317ebb3d485012938d48ad04ac,macosx1015-64-shippable-qr,True,False,,|f|i|s|s|i|o|n| |w|a|r|m| |w|e|b|r|e|n|d|e|r|,102210fe594ee9b33d82058545b1ed14f4c8206e,PerceptualSpeedIndex,google-docs,True,google-docs PerceptualSpeedIndex opt fission warm webrender,,77,ms,firefox,,1705531557,2023-06-03 14:24:38,1251409,,,,,,,,,,,,,,,,,,,,,,,,,,,,,,,,,,,,,,,,,,,,,,,,,TN
65,b8f06acca6bf62e32647496ed613012fa4c27e9e,0.8829643018526889,autoland,3779647,13,a34e21034f2e3c317ebb3d485012938d48ad04ac,macosx1015-64-shippable-qr,True,False,,|f|i|s|s|i|o|n| |w|a|r|m| |w|e|b|r|e|n|d|e|r|,102210fe594ee9b33d82058545b1ed14f4c8206e,PerceptualSpeedIndex,google-docs,True,google-docs PerceptualSpeedIndex opt fission warm webrender,,77,ms,firefox,,1705597199,2023-06-03 23:39:13,1251453,,,,,,,,,,,,,,,,,,,,,,,,,,,,,,,,,,,,,,,,,,,,,,,,,TN
66,00802389f336283602445d4f08e53b8bd09b43eb,0.8874830546769092,autoland,3779647,13,a34e21034f2e3c317ebb3d485012938d48ad04ac,macosx1015-64-shippable-qr,True,False,,|f|i|s|s|i|o|n| |w|a|r|m| |w|e|b|r|e|n|d|e|r|,102210fe594ee9b33d82058545b1ed14f4c8206e,PerceptualSpeedIndex,google-docs,True,google-docs PerceptualSpeedIndex opt fission warm webrender,,77,ms,firefox,,1705677542,2023-06-04 11:53:44,1251481,,,,,,,,,,,,,,,,,,,,,,,,,,,,,,,,,,,,,,,,,,,,,,,,,TN
67,eeba3a3c20a4dc53210a44734b25d2c0870b6523,0.8761861726163578,autoland,3779647,13,a34e21034f2e3c317ebb3d485012938d48ad04ac,macosx1015-64-shippable-qr,True,False,,|f|i|s|s|i|o|n| |w|a|r|m| |w|e|b|r|e|n|d|e|r|,102210fe594ee9b33d82058545b1ed14f4c8206e,PerceptualSpeedIndex,google-docs,True,google-docs PerceptualSpeedIndex opt fission warm webrender,,77,ms,firefox,,1705717584,2023-06-04 20:28:08,1251514,,,,,,,,,,,,,,,,,,,,,,,,,,,,,,,,,,,,,,,,,,,,,,,,,TN
68,f8fa7749f7bdc93fa3491918a4e8b0fb4db659eb,0.860370537731586,autoland,3779647,13,a34e21034f2e3c317ebb3d485012938d48ad04ac,macosx1015-64-shippable-qr,True,False,,|f|i|s|s|i|o|n| |w|a|r|m| |w|e|b|r|e|n|d|e|r|,102210fe594ee9b33d82058545b1ed14f4c8206e,PerceptualSpeedIndex,google-docs,True,google-docs PerceptualSpeedIndex opt fission warm webrender,,77,ms,firefox,,1705768472,2023-06-05 03:24:10,1251552,,,,,,,,,,,,,,,,,,,,,,,,,,,,,,,,,,,,,,,,,,,,,,,,,TN
69,61d4558543daf8b284b3194aba84289d6e31ad2f,0.38816086760054214,autoland,3779647,13,a34e21034f2e3c317ebb3d485012938d48ad04ac,macosx1015-64-shippable-qr,True,False,,|f|i|s|s|i|o|n| |w|a|r|m| |w|e|b|r|e|n|d|e|r|,102210fe594ee9b33d82058545b1ed14f4c8206e,PerceptualSpeedIndex,google-docs,True,google-docs PerceptualSpeedIndex opt fission warm webrender,,77,ms,firefox,,1705801948,2023-06-05 08:05:57,1251588,,,,,,,,,,,,,,,,,,,,,,,,,,,,,,,,,,,,,,,,,,,,,,,,,TN
70,b4f58b5b89c23f507f450070978c31ce37ae0bfa,0.8400361500225939,autoland,3779647,13,a34e21034f2e3c317ebb3d485012938d48ad04ac,macosx1015-64-shippable-qr,True,False,,|f|i|s|s|i|o|n| |w|a|r|m| |w|e|b|r|e|n|d|e|r|,102210fe594ee9b33d82058545b1ed14f4c8206e,PerceptualSpeedIndex,google-docs,True,google-docs PerceptualSpeedIndex opt fission warm webrender,,77,ms,firefox,,1706371648,2023-06-05 08:13:54,1251592,,,,,,,,,,,,,,,,,,,,,,,,,,,,,,,,,,,,,,,,,,,,,,,,,TN
71,1affd61c6142771ac7be203e33a442977866164b,0.8987799367374607,autoland,3779647,13,a34e21034f2e3c317ebb3d485012938d48ad04ac,macosx1015-64-shippable-qr,True,False,,|f|i|s|s|i|o|n| |w|a|r|m| |w|e|b|r|e|n|d|e|r|,102210fe594ee9b33d82058545b1ed14f4c8206e,PerceptualSpeedIndex,google-docs,True,google-docs PerceptualSpeedIndex opt fission warm webrender,,77,ms,firefox,,1706376091,2023-06-05 09:41:40,1251624,,,,,,,,,,,,,,,,,,,,,,,,,,,,,,,,,,,,,,,,,,,,,,,,,TN
72,201365a3648ecab85ffce4e3930f9e9285ec3fbe,0.8897424310890196,autoland,3779647,13,a34e21034f2e3c317ebb3d485012938d48ad04ac,macosx1015-64-shippable-qr,True,False,,|f|i|s|s|i|o|n| |w|a|r|m| |w|e|b|r|e|n|d|e|r|,102210fe594ee9b33d82058545b1ed14f4c8206e,PerceptualSpeedIndex,google-docs,True,google-docs PerceptualSpeedIndex opt fission warm webrender,,77,ms,firefox,,1706357998,2023-06-05 09:45:03,1251629,,,,,,,,,,,,,,,,,,,,,,,,,,,,,,,,,,,,,,,,,,,,,,,,,TN
73,95ed74f9ad6da76c6cf56a1db4cfe6afd6213af2,0.3565295978309986,autoland,3779647,13,a34e21034f2e3c317ebb3d485012938d48ad04ac,macosx1015-64-shippable-qr,True,False,,|f|i|s|s|i|o|n| |w|a|r|m| |w|e|b|r|e|n|d|e|r|,102210fe594ee9b33d82058545b1ed14f4c8206e,PerceptualSpeedIndex,google-docs,True,google-docs PerceptualSpeedIndex opt fission warm webrender,,77,ms,firefox,,1706362558,2023-06-05 10:13:11,1251649,,,,,,,,,,,,,,,,,,,,,,,,,,,,,,,,,,,,,,,,,,,,,,,,,TN
74,6ad4019db2d5ac7bea3f12238282b70312e33b89,0.5192046995029371,autoland,3779647,13,a34e21034f2e3c317ebb3d485012938d48ad04ac,macosx1015-64-shippable-qr,True,False,,|f|i|s|s|i|o|n| |w|a|r|m| |w|e|b|r|e|n|d|e|r|,102210fe594ee9b33d82058545b1ed14f4c8206e,PerceptualSpeedIndex,google-docs,True,google-docs PerceptualSpeedIndex opt fission warm webrender,,77,ms,firefox,,1706379421,2023-06-05 11:51:57,1251708,,,,,,,,,,,,,,,,,,,,,,,,,,,,,,,,,,,,,,,,,,,,,,,,,TN
75,00af548d93acc8c2c3ab652a04c882e3a80476a9,0.37460460912788074,autoland,3779647,13,a34e21034f2e3c317ebb3d485012938d48ad04ac,macosx1015-64-shippable-qr,True,False,,|f|i|s|s|i|o|n| |w|a|r|m| |w|e|b|r|e|n|d|e|r|,102210fe594ee9b33d82058545b1ed14f4c8206e,PerceptualSpeedIndex,google-docs,True,google-docs PerceptualSpeedIndex opt fission warm webrender,,77,ms,firefox,,1705913942,2023-06-05 12:01:26,1251712,,,,,,,,,,,,,,,,,,,,,,,,,,,,,,,,,,,,,,,,,,,,,,,,,TN
76,c8df8c0bde6047b8fe23c9716940cbc1c07c2a65,0.8648892905558068,autoland,3779647,13,a34e21034f2e3c317ebb3d485012938d48ad04ac,macosx1015-64-shippable-qr,True,False,,|f|i|s|s|i|o|n| |w|a|r|m| |w|e|b|r|e|n|d|e|r|,102210fe594ee9b33d82058545b1ed14f4c8206e,PerceptualSpeedIndex,google-docs,True,google-docs PerceptualSpeedIndex opt fission warm webrender,,77,ms,firefox,,1706101726,2023-06-05 16:13:31,1251888,,,,,,,,,,,,,,,,,,,,,,,,,,,,,,,,,,,,,,,,,,,,,,,,,TN
77,03d635b2bdb2041550924e64dc0dd20abf4499f9,0.8242205151378221,autoland,3779647,13,a34e21034f2e3c317ebb3d485012938d48ad04ac,macosx1015-64-shippable-qr,True,False,,|f|i|s|s|i|o|n| |w|a|r|m| |w|e|b|r|e|n|d|e|r|,102210fe594ee9b33d82058545b1ed14f4c8206e,PerceptualSpeedIndex,google-docs,True,google-docs PerceptualSpeedIndex opt fission warm webrender,,77,ms,firefox,,1706110588,2023-06-05 16:43:43,1251915,,,,,,,,,,,,,,,,,,,,,,,,,,,,,,,,,,,,,,,,,,,,,,,,,TN
78,d73c2643092115d9b5859c16e121e421656264bc,0.8829643018526889,autoland,3779647,13,a34e21034f2e3c317ebb3d485012938d48ad04ac,macosx1015-64-shippable-qr,True,False,,|f|i|s|s|i|o|n| |w|a|r|m| |w|e|b|r|e|n|d|e|r|,102210fe594ee9b33d82058545b1ed14f4c8206e,PerceptualSpeedIndex,google-docs,True,google-docs PerceptualSpeedIndex opt fission warm webrender,,77,ms,firefox,,1706219930,2023-06-05 20:14:05,1252060,,,,,,,,,,,,,,,,,,,,,,,,,,,,,,,,,,,,,,,,,,,,,,,,,TN
79,3a79e9a1c11da81af50cfb6e535537b5e8e7ce9f,0.8739267962042478,autoland,3779647,13,a34e21034f2e3c317ebb3d485012938d48ad04ac,macosx1015-64-shippable-qr,True,False,,|f|i|s|s|i|o|n| |w|a|r|m| |w|e|b|r|e|n|d|e|r|,102210fe594ee9b33d82058545b1ed14f4c8206e,PerceptualSpeedIndex,google-docs,True,google-docs PerceptualSpeedIndex opt fission warm webrender,,77,ms,firefox,,1706276839,2023-06-05 22:25:10,1252165,,,,,,,,,,,,,,,,,,,,,,,,,,,,,,,,,,,,,,,,,,,,,,,,,TN
80,5e6e896228e55430e8e28f173cc439d598992d1d,0.46723904202440125,autoland,3779647,13,a34e21034f2e3c317ebb3d485012938d48ad04ac,macosx1015-64-shippable-qr,True,False,,|f|i|s|s|i|o|n| |w|a|r|m| |w|e|b|r|e|n|d|e|r|,102210fe594ee9b33d82058545b1ed14f4c8206e,PerceptualSpeedIndex,google-docs,True,google-docs PerceptualSpeedIndex opt fission warm webrender,,77,ms,firefox,,1707157360,2023-06-06 07:23:00,1252318,,,,,,,,,,,,,,,,,,,,,,,,,,,,,,,,,,,,,,,,,,,,,,,,,TN
81,7974ac7e053aa00b02c6b9405b4fe87e6729456d,0.5262087663804791,autoland,3779647,13,a34e21034f2e3c317ebb3d485012938d48ad04ac,macosx1015-64-shippable-qr,True,False,,|f|i|s|s|i|o|n| |w|a|r|m| |w|e|b|r|e|n|d|e|r|,102210fe594ee9b33d82058545b1ed14f4c8206e,PerceptualSpeedIndex,google-docs,True,google-docs PerceptualSpeedIndex opt fission warm webrender,,77,ms,firefox,,1706459299,2023-06-06 07:45:19,1252336,,,,,,,,,,,,,,,,,,,,,,,,,,,,,,,,,,,,,,,,,,,,,,,,,TN
82,847d7aa42cbef71e48427dda557da27be7b8a938,0.7887483054676907,autoland,3779647,13,a34e21034f2e3c317ebb3d485012938d48ad04ac,macosx1015-64-shippable-qr,True,False,,|f|i|s|s|i|o|n| |w|a|r|m| |w|e|b|r|e|n|d|e|r|,102210fe594ee9b33d82058545b1ed14f4c8206e,PerceptualSpeedIndex,google-docs,True,google-docs PerceptualSpeedIndex opt fission warm webrender,,77,ms,firefox,,1706630409,2023-06-06 12:19:14,1252475,,,,,,,,,,,,,,,,,,,,,,,,,,,,,,,,,,,,,,,,,,,,,,,,,TN
83,b97c8d97b6469becb2138e0a621833d27aee5863,0.6371441482150928,autoland,3779647,13,a34e21034f2e3c317ebb3d485012938d48ad04ac,macosx1015-64-shippable-qr,True,False,,|f|i|s|s|i|o|n| |w|a|r|m| |w|e|b|r|e|n|d|e|r|,102210fe594ee9b33d82058545b1ed14f4c8206e,PerceptualSpeedIndex,google-docs,True,google-docs PerceptualSpeedIndex opt fission warm webrender,,77,ms,firefox,,1707095110,2023-06-06 12:33:25,1252485,,,,,,,,,,,,,,,,,,,,,,,,,,,,,,,,,,,,,,,,,,,,,,,,,TN
84,d132c75f9ca2cdd84287910ccd9100989085f9e8,0.5915047446904653,autoland,3779647,13,a34e21034f2e3c317ebb3d485012938d48ad04ac,macosx1015-64-shippable-qr,True,False,,|f|i|s|s|i|o|n| |w|a|r|m| |w|e|b|r|e|n|d|e|r|,102210fe594ee9b33d82058545b1ed14f4c8206e,PerceptualSpeedIndex,google-docs,True,google-docs PerceptualSpeedIndex opt fission warm webrender,,77,ms,firefox,,1707095267,2023-06-06 12:36:53,1252489,,,,,,,,,,,,,,,,,,,,,,,,,,,,,,,,,,,,,,,,,,,,,,,,,TN
85,51ecbed77cf45640a921f61934b70efadfb58982,0.3328061455038409,autoland,3779647,13,a34e21034f2e3c317ebb3d485012938d48ad04ac,macosx1015-64-shippable-qr,True,False,,|f|i|s|s|i|o|n| |w|a|r|m| |w|e|b|r|e|n|d|e|r|,102210fe594ee9b33d82058545b1ed14f4c8206e,PerceptualSpeedIndex,google-docs,True,google-docs PerceptualSpeedIndex opt fission warm webrender,,77,ms,firefox,,1706709898,2023-06-06 15:07:26,1252589,,,,,,,,,,,,,,,,,,,,,,,,,,,,,,,,,,,,,,,,,,,,,,,,,TN
86,3e7d709ab2a3a86ff58f4406faa05e738ca49ec9,0.509715318572074,autoland,3779647,13,a34e21034f2e3c317ebb3d485012938d48ad04ac,macosx1015-64-shippable-qr,True,False,,|f|i|s|s|i|o|n| |w|a|r|m| |w|e|b|r|e|n|d|e|r|,102210fe594ee9b33d82058545b1ed14f4c8206e,PerceptualSpeedIndex,google-docs,True,google-docs PerceptualSpeedIndex opt fission warm webrender,,77,ms,firefox,,1706879258,2023-06-06 19:22:50,1252721,,,,,,,,,,,,,,,,,,,,,,,,,,,,,,,,,,,,,,,,,,,,,,,,,TN
87,9a56830b39f8d6802cef3772f81535d5f7bd475c,0.8418436511522818,autoland,3779647,13,a34e21034f2e3c317ebb3d485012938d48ad04ac,macosx1015-64-shippable-qr,True,False,,|f|i|s|s|i|o|n| |w|a|r|m| |w|e|b|r|e|n|d|e|r|,102210fe594ee9b33d82058545b1ed14f4c8206e,PerceptualSpeedIndex,google-docs,True,google-docs PerceptualSpeedIndex opt fission warm webrender,,77,ms,firefox,,1706908825,2023-06-06 19:49:29,1252741,,,,,,,,,,,,,,,,,,,,,,,,,,,,,,,,,,,,,,,,,,,,,,,,,TN
88,3a8e0dd854b5d9349d96a17de81427442d412db9,0.8113420695887936,autoland,3779647,13,a34e21034f2e3c317ebb3d485012938d48ad04ac,macosx1015-64-shippable-qr,True,False,,|f|i|s|s|i|o|n| |w|a|r|m| |w|e|b|r|e|n|d|e|r|,102210fe594ee9b33d82058545b1ed14f4c8206e,PerceptualSpeedIndex,google-docs,True,google-docs PerceptualSpeedIndex opt fission warm webrender,,77,ms,firefox,,1706980290,2023-06-06 22:47:19,1252831,,,,,,,,,,,,,,,,,,,,,,,,,,,,,,,,,,,,,,,,,,,,,,,,,TN
89,714383968fdbbcb6ef5ff4fc599e11ae386d09ce,0.799141436963398,autoland,3779647,13,a34e21034f2e3c317ebb3d485012938d48ad04ac,macosx1015-64-shippable-qr,True,False,,|f|i|s|s|i|o|n| |w|a|r|m| |w|e|b|r|e|n|d|e|r|,102210fe594ee9b33d82058545b1ed14f4c8206e,PerceptualSpeedIndex,google-docs,True,google-docs PerceptualSpeedIndex opt fission warm webrender,,77,ms,firefox,,1707074762,2023-06-07 02:52:45,1252906,,,,,,,,,,,,,,,,,,,,,,,,,,,,,,,,,,,,,,,,,,,,,,,,,TN
90,29928f29c7a08d81bf5a480f4678c4c90b0abc68,0.8305467690917308,autoland,3779647,13,a34e21034f2e3c317ebb3d485012938d48ad04ac,macosx1015-64-shippable-qr,True,False,,|f|i|s|s|i|o|n| |w|a|r|m| |w|e|b|r|e|n|d|e|r|,102210fe594ee9b33d82058545b1ed14f4c8206e,PerceptualSpeedIndex,google-docs,True,google-docs PerceptualSpeedIndex opt fission warm webrender,,77,ms,firefox,,1707207308,2023-06-07 06:55:53,1252967,,,,,,,,,,,,,,,,,,,,,,,,,,,,,,,,,,,,,,,,,,,,,,,,,TN
91,17472385b962b35b99a2c97f0c9b3f70604fab8a,0.5286940804338003,autoland,3779647,13,a34e21034f2e3c317ebb3d485012938d48ad04ac,macosx1015-64-shippable-qr,True,False,,|f|i|s|s|i|o|n| |w|a|r|m| |w|e|b|r|e|n|d|e|r|,102210fe594ee9b33d82058545b1ed14f4c8206e,PerceptualSpeedIndex,google-docs,True,google-docs PerceptualSpeedIndex opt fission warm webrender,,77,ms,firefox,,1707828591,2023-06-07 08:38:12,1253010,,,,,,,,,,,,,,,,,,,,,,,,,,,,,,,,,,,,,,,,,,,,,,,,,TN
92,5ee71fd842f2101b638b15488f8e630293dacd51,0.7532760957975602,autoland,3779647,13,a34e21034f2e3c317ebb3d485012938d48ad04ac,macosx1015-64-shippable-qr,True,False,,|f|i|s|s|i|o|n| |w|a|r|m| |w|e|b|r|e|n|d|e|r|,102210fe594ee9b33d82058545b1ed14f4c8206e,PerceptualSpeedIndex,google-docs,True,google-docs PerceptualSpeedIndex opt fission warm webrender,,77,ms,firefox,,1707844656,2023-06-07 08:45:52,1253014,,,,,,,,,,,,,,,,,,,,,,,,,,,,,,,,,,,,,,,,,,,,,,,,,TN
93,5c2039dcc9e34d981b3343ed3819d1f65ef07909,0.8391323994577498,autoland,3779647,13,a34e21034f2e3c317ebb3d485012938d48ad04ac,macosx1015-64-shippable-qr,True,False,,|f|i|s|s|i|o|n| |w|a|r|m| |w|e|b|r|e|n|d|e|r|,102210fe594ee9b33d82058545b1ed14f4c8206e,PerceptualSpeedIndex,google-docs,True,google-docs PerceptualSpeedIndex opt fission warm webrender,,77,ms,firefox,,1707325013,2023-06-07 11:44:03,1253076,,,,,,,,,,,,,,,,,,,,,,,,,,,,,,,,,,,,,,,,,,,,,,,,,TN
94,ed7804ffc016687db27f68ab46e27c0ffefda3af,0.8531405332128332,autoland,3779647,13,a34e21034f2e3c317ebb3d485012938d48ad04ac,macosx1015-64-shippable-qr,True,False,,|f|i|s|s|i|o|n| |w|a|r|m| |w|e|b|r|e|n|d|e|r|,102210fe594ee9b33d82058545b1ed14f4c8206e,PerceptualSpeedIndex,google-docs,True,google-docs PerceptualSpeedIndex opt fission warm webrender,,77,ms,firefox,,1707358231,2023-06-07 13:36:12,1253119,,,,,,,,,,,,,,,,,,,,,,,,,,,,,,,,,,,,,,,,,,,,,,,,,TN
95,1e9ddd307894fd2055ca49dcaa461478d0acea9e,0.7837776773610483,autoland,3779647,13,a34e21034f2e3c317ebb3d485012938d48ad04ac,macosx1015-64-shippable-qr,True,False,,|f|i|s|s|i|o|n| |w|a|r|m| |w|e|b|r|e|n|d|e|r|,102210fe594ee9b33d82058545b1ed14f4c8206e,PerceptualSpeedIndex,google-docs,True,google-docs PerceptualSpeedIndex opt fission warm webrender,,77,ms,firefox,,1707454430,2023-06-07 16:40:09,1253256,,,,,,,,,,,,,,,,,,,,,,,,,,,,,,,,,,,,,,,,,,,,,,,,,TN
96,d777b008615418be897668f8099b9e68f6666a3c,0.6079981924988704,autoland,3779647,13,a34e21034f2e3c317ebb3d485012938d48ad04ac,macosx1015-64-shippable-qr,True,False,,|f|i|s|s|i|o|n| |w|a|r|m| |w|e|b|r|e|n|d|e|r|,102210fe594ee9b33d82058545b1ed14f4c8206e,PerceptualSpeedIndex,google-docs,True,google-docs PerceptualSpeedIndex opt fission warm webrender,,77,ms,firefox,,1707672239,2023-06-07 20:51:47,1253401,,,,,,,,,,,,,,,,,,,,,,,,,,,,,,,,,,,,,,,,,,,,,,,,,TN
97,c18688c9011d0dc50b79d2f830dbf323c8c75604,0.3840939900587439,autoland,3779647,13,a34e21034f2e3c317ebb3d485012938d48ad04ac,macosx1015-64-shippable-qr,True,False,,|f|i|s|s|i|o|n| |w|a|r|m| |w|e|b|r|e|n|d|e|r|,102210fe594ee9b33d82058545b1ed14f4c8206e,PerceptualSpeedIndex,google-docs,True,google-docs PerceptualSpeedIndex opt fission warm webrender,,77,ms,firefox,,1707691984,2023-06-07 22:54:42,1253472,,,,,,,,,,,,,,,,,,,,,,,,,,,,,,,,,,,,,,,,,,,,,,,,,TN
98,2b2fb0c1bd13f27bbd5094192791600a5e261c4b,0.3542702214188884,autoland,3779647,13,a34e21034f2e3c317ebb3d485012938d48ad04ac,macosx1015-64-shippable-qr,True,False,,|f|i|s|s|i|o|n| |w|a|r|m| |w|e|b|r|e|n|d|e|r|,102210fe594ee9b33d82058545b1ed14f4c8206e,PerceptualSpeedIndex,google-docs,True,google-docs PerceptualSpeedIndex opt fission warm webrender,,77,ms,firefox,,1707771218,2023-06-08 03:47:09,1253596,,,,,,,,,,,,,,,,,,,,,,,,,,,,,,,,,,,,,,,,,,,,,,,,,TN
99,d588d40904f7880592d27c083cb64d31864340cb,0.5693628558517849,autoland,3779647,13,a34e21034f2e3c317ebb3d485012938d48ad04ac,macosx1015-64-shippable-qr,True,False,,|f|i|s|s|i|o|n| |w|a|r|m| |w|e|b|r|e|n|d|e|r|,102210fe594ee9b33d82058545b1ed14f4c8206e,PerceptualSpeedIndex,google-docs,True,google-docs PerceptualSpeedIndex opt fission warm webrender,,77,ms,firefox,,1707854053,2023-06-08 06:27:32,1253626,,,,,,,,,,,,,,,,,,,,,,,,,,,,,,,,,,,,,,,,,,,,,,,,,TN
100,a86d5a3f177d480362c07a9ed34166ae41840ab6,0.6095797559873475,autoland,3779647,13,a34e21034f2e3c317ebb3d485012938d48ad04ac,macosx1015-64-shippable-qr,True,False,,|f|i|s|s|i|o|n| |w|a|r|m| |w|e|b|r|e|n|d|e|r|,102210fe594ee9b33d82058545b1ed14f4c8206e,PerceptualSpeedIndex,google-docs,True,google-docs PerceptualSpeedIndex opt fission warm webrender,,77,ms,firefox,,1707989741,2023-06-08 10:57:22,1253788,,,,,,,,,,,,,,,,,,,,,,,,,,,,,,,,,,,,,,,,,,,,,,,,,TN
101,c7b3905a77fb83c75344dddb5646c5c7f5d16714,0.34206958879349303,autoland,3779647,13,a34e21034f2e3c317ebb3d485012938d48ad04ac,macosx1015-64-shippable-qr,True,False,,|f|i|s|s|i|o|n| |w|a|r|m| |w|e|b|r|e|n|d|e|r|,102210fe594ee9b33d82058545b1ed14f4c8206e,PerceptualSpeedIndex,google-docs,True,google-docs PerceptualSpeedIndex opt fission warm webrender,,77,ms,firefox,,1708369928,2023-06-08 21:44:04,1254265,,,,,,,,,,,,,,,,,,,,,,,,,,,,,,,,,,,,,,,,,,,,,,,,,TN
102,d18ffb52540958c2b12d76b4a392e12df3bc4280,0.5535472209670131,autoland,3779647,13,a34e21034f2e3c317ebb3d485012938d48ad04ac,macosx1015-64-shippable-qr,True,False,,|f|i|s|s|i|o|n| |w|a|r|m| |w|e|b|r|e|n|d|e|r|,102210fe594ee9b33d82058545b1ed14f4c8206e,PerceptualSpeedIndex,google-docs,True,google-docs PerceptualSpeedIndex opt fission warm webrender,,77,ms,firefox,,1708430784,2023-06-09 02:20:20,1254350,,,,,,,,,,,,,,,,,,,,,,,,,,,,,,,,,,,,,,,,,,,,,,,,,TN
103,e76a7e9393add417bcf6a33d7e0c71909cc3c6d9,0.5711703569814732,autoland,3779647,13,a34e21034f2e3c317ebb3d485012938d48ad04ac,macosx1015-64-shippable-qr,True,False,,|f|i|s|s|i|o|n| |w|a|r|m| |w|e|b|r|e|n|d|e|r|,102210fe594ee9b33d82058545b1ed14f4c8206e,PerceptualSpeedIndex,google-docs,True,google-docs PerceptualSpeedIndex opt fission warm webrender,,77,ms,firefox,,1708501879,2023-06-09 06:38:52,1254404,,,,,,,,,,,,,,,,,,,,,,,,,,,,,,,,,,,,,,,,,,,,,,,,,TN
104,6453bd709950f540a9b961069fe05277eec38c4e,0.6294622684139175,autoland,3779647,13,a34e21034f2e3c317ebb3d485012938d48ad04ac,macosx1015-64-shippable-qr,True,False,,|f|i|s|s|i|o|n| |w|a|r|m| |w|e|b|r|e|n|d|e|r|,102210fe594ee9b33d82058545b1ed14f4c8206e,PerceptualSpeedIndex,google-docs,True,google-docs PerceptualSpeedIndex opt fission warm webrender,,77,ms,firefox,,1708540660,2023-06-09 08:40:41,1254469,,,,,,,,,,,,,,,,,,,,,,,,,,,,,,,,,,,,,,,,,,,,,,,,,TN
105,7467d3da5f29eddf7cf135a00cef8cf87b5c6911,0.5774966109353818,autoland,3779647,13,a34e21034f2e3c317ebb3d485012938d48ad04ac,macosx1015-64-shippable-qr,True,False,,|f|i|s|s|i|o|n| |w|a|r|m| |w|e|b|r|e|n|d|e|r|,102210fe594ee9b33d82058545b1ed14f4c8206e,PerceptualSpeedIndex,google-docs,True,google-docs PerceptualSpeedIndex opt fission warm webrender,,77,ms,firefox,,1708702327,2023-06-09 13:23:42,1254611,,,,,,,,,,,,,,,,,,,,,,,,,,,,,,,,,,,,,,,,,,,,,,,,,TN
106,439e88bdf46b8545bcf3fbf4d1cac9bf084df91d,0.34455490284681445,autoland,3779647,13,a34e21034f2e3c317ebb3d485012938d48ad04ac,macosx1015-64-shippable-qr,True,False,,|f|i|s|s|i|o|n| |w|a|r|m| |w|e|b|r|e|n|d|e|r|,102210fe594ee9b33d82058545b1ed14f4c8206e,PerceptualSpeedIndex,google-docs,True,google-docs PerceptualSpeedIndex opt fission warm webrender,,77,ms,firefox,,1708868806,2023-06-09 18:12:56,1254830,,,,,,,,,,,,,,,,,,,,,,,,,,,,,,,,,,,,,,,,,,,,,,,,,TN
107,14c10deaa83992232930103150b2cb2351a623a5,0.5456394035246273,autoland,3779647,13,a34e21034f2e3c317ebb3d485012938d48ad04ac,macosx1015-64-shippable-qr,True,False,,|f|i|s|s|i|o|n| |w|a|r|m| |w|e|b|r|e|n|d|e|r|,102210fe594ee9b33d82058545b1ed14f4c8206e,PerceptualSpeedIndex,google-docs,True,google-docs PerceptualSpeedIndex opt fission warm webrender,,77,ms,firefox,,1708910949,2023-06-09 19:52:31,1254912,,,,,,,,,,,,,,,,,,,,,,,,,,,,,,,,,,,,,,,,,,,,,,,,,TN
108,463e881a627c52313496a136abc6c038a4b92af6,0.3203795752372345,autoland,3779647,13,a34e21034f2e3c317ebb3d485012938d48ad04ac,macosx1015-64-shippable-qr,True,False,,|f|i|s|s|i|o|n| |w|a|r|m| |w|e|b|r|e|n|d|e|r|,102210fe594ee9b33d82058545b1ed14f4c8206e,PerceptualSpeedIndex,google-docs,True,google-docs PerceptualSpeedIndex opt fission warm webrender,,77,ms,firefox,,1709015866,2023-06-10 01:55:58,1255101,,,,,,,,,,,,,,,,,,,,,,,,,,,,,,,,,,,,,,,,,,,,,,,,,TN
109,9c9d29101b3d0533b84b4e75dc06e89fcad3d31a,0.5395390872119294,autoland,3779647,13,a34e21034f2e3c317ebb3d485012938d48ad04ac,macosx1015-64-shippable-qr,True,False,,|f|i|s|s|i|o|n| |w|a|r|m| |w|e|b|r|e|n|d|e|r|,102210fe594ee9b33d82058545b1ed14f4c8206e,PerceptualSpeedIndex,google-docs,True,google-docs PerceptualSpeedIndex opt fission warm webrender,,77,ms,firefox,,1709149246,2023-06-10 13:36:02,1255207,,,,,,,,,,,,,,,,,,,,,,,,,,,,,,,,,,,,,,,,,,,,,,,,,TN
110,879c6932bb49782e5edfdbe48e93d997a2646d84,0.562358788974243,autoland,3779647,13,a34e21034f2e3c317ebb3d485012938d48ad04ac,macosx1015-64-shippable-qr,True,False,,|f|i|s|s|i|o|n| |w|a|r|m| |w|e|b|r|e|n|d|e|r|,102210fe594ee9b33d82058545b1ed14f4c8206e,PerceptualSpeedIndex,google-docs,True,google-docs PerceptualSpeedIndex opt fission warm webrender,,77,ms,firefox,,1709230665,2023-06-10 18:37:05,1255264,,,,,,,,,,,,,,,,,,,,,,,,,,,,,,,,,,,,,,,,,,,,,,,,,TN
111,711b87deb431206775bf67c5b0d04ace33eb3660,0.5074559421599638,autoland,3779647,13,a34e21034f2e3c317ebb3d485012938d48ad04ac,macosx1015-64-shippable-qr,True,False,,|f|i|s|s|i|o|n| |w|a|r|m| |w|e|b|r|e|n|d|e|r|,102210fe594ee9b33d82058545b1ed14f4c8206e,PerceptualSpeedIndex,google-docs,True,google-docs PerceptualSpeedIndex opt fission warm webrender,,77,ms,firefox,,1709266766,2023-06-10 20:39:30,1255276,,,,,,,,,,,,,,,,,,,,,,,,,,,,,,,,,,,,,,,,,,,,,,,,,TN
112,3904ff924b73ed2df5a530453ab025bb1c2fdf90,0.2849073655671033,autoland,3779647,13,a34e21034f2e3c317ebb3d485012938d48ad04ac,macosx1015-64-shippable-qr,True,False,,|f|i|s|s|i|o|n| |w|a|r|m| |w|e|b|r|e|n|d|e|r|,102210fe594ee9b33d82058545b1ed14f4c8206e,PerceptualSpeedIndex,google-docs,True,google-docs PerceptualSpeedIndex opt fission warm webrender,,77,ms,firefox,,1709471351,2023-06-11 14:35:35,1255360,,,,,,,,,,,,,,,,,,,,,,,,,,,,,,,,,,,,,,,,,,,,,,,,,TN
113,af0665af954105365927736b6a65c4d28533bc4d,0.6292363307727067,autoland,3779647,13,a34e21034f2e3c317ebb3d485012938d48ad04ac,macosx1015-64-shippable-qr,True,False,,|f|i|s|s|i|o|n| |w|a|r|m| |w|e|b|r|e|n|d|e|r|,102210fe594ee9b33d82058545b1ed14f4c8206e,PerceptualSpeedIndex,google-docs,True,google-docs PerceptualSpeedIndex opt fission warm webrender,,77,ms,firefox,,1709525996,2023-06-11 19:10:58,1255387,,,,,,,,,,,,,,,,,,,,,,,,,,,,,,,,,,,,,,,,,,,,,,,,,TN
114,c73c9ac3fe19822fcf08c5bd0bc112056008b4da,0.6016719385449618,autoland,3779647,13,a34e21034f2e3c317ebb3d485012938d48ad04ac,macosx1015-64-shippable-qr,True,False,,|f|i|s|s|i|o|n| |w|a|r|m| |w|e|b|r|e|n|d|e|r|,102210fe594ee9b33d82058545b1ed14f4c8206e,PerceptualSpeedIndex,google-docs,True,google-docs PerceptualSpeedIndex opt fission warm webrender,,77,ms,firefox,,1709603594,2023-06-12 00:14:44,1255422,,,,,,,,,,,,,,,,,,,,,,,,,,,,,,,,,,,,,,,,,,,,,,,,,TN
115,25564434f810ceea8a17b730bd5498b0ca9856c4,0.5291459557162224,autoland,3779647,13,a34e21034f2e3c317ebb3d485012938d48ad04ac,macosx1015-64-shippable-qr,True,False,,|f|i|s|s|i|o|n| |w|a|r|m| |w|e|b|r|e|n|d|e|r|,102210fe594ee9b33d82058545b1ed14f4c8206e,PerceptualSpeedIndex,google-docs,True,google-docs PerceptualSpeedIndex opt fission warm webrender,,77,ms,firefox,,1709652999,2023-06-12 04:46:29,1255461,,,,,,,,,,,,,,,,,,,,,,,,,,,,,,,,,,,,,,,,,,,,,,,,,TN
116,6c51face7335165a532e8f6b035a975ced1be55c,0.6075463172164484,autoland,3779647,13,a34e21034f2e3c317ebb3d485012938d48ad04ac,macosx1015-64-shippable-qr,True,False,,|f|i|s|s|i|o|n| |w|a|r|m| |w|e|b|r|e|n|d|e|r|,102210fe594ee9b33d82058545b1ed14f4c8206e,PerceptualSpeedIndex,google-docs,True,google-docs PerceptualSpeedIndex opt fission warm webrender,,77,ms,firefox,,1709763960,2023-06-12 09:00:15,1255535,,,,,,,,,,,,,,,,,,,,,,,,,,,,,,,,,,,,,,,,,,,,,,,,,TN
117,1dc3aecfed3a924c48ee323c36ee1e783f836dd7,0.5962494351558969,autoland,3779647,13,a34e21034f2e3c317ebb3d485012938d48ad04ac,macosx1015-64-shippable-qr,True,False,,|f|i|s|s|i|o|n| |w|a|r|m| |w|e|b|r|e|n|d|e|r|,102210fe594ee9b33d82058545b1ed14f4c8206e,PerceptualSpeedIndex,google-docs,True,google-docs PerceptualSpeedIndex opt fission warm webrender,,77,ms,firefox,,1709842083,2023-06-12 09:27:15,1255558,,,,,,,,,,,,,,,,,,,,,,,,,,,,,,,,,,,,,,,,,,,,,,,,,TN
118,ee618a493ff9c25c0ecb9dc6087a6179874541da,0.6735201084500675,autoland,3779647,13,a34e21034f2e3c317ebb3d485012938d48ad04ac,macosx1015-64-shippable-qr,True,False,,|f|i|s|s|i|o|n| |w|a|r|m| |w|e|b|r|e|n|d|e|r|,102210fe594ee9b33d82058545b1ed14f4c8206e,PerceptualSpeedIndex,google-docs,True,google-docs PerceptualSpeedIndex opt fission warm webrender,,77,ms,firefox,,1709982077,2023-06-12 14:14:19,1255741,,,,,,,,,,,,,,,,,,,,,,,,,,,,,,,,,,,,,,,,,,,,,,,,,TN
119,53b4b785ae2a7f70257069e77b138fe36b53698a,0.5750112968820607,autoland,3779647,13,a34e21034f2e3c317ebb3d485012938d48ad04ac,macosx1015-64-shippable-qr,True,False,,|f|i|s|s|i|o|n| |w|a|r|m| |w|e|b|r|e|n|d|e|r|,102210fe594ee9b33d82058545b1ed14f4c8206e,PerceptualSpeedIndex,google-docs,True,google-docs PerceptualSpeedIndex opt fission warm webrender,,77,ms,firefox,,1710105718,2023-06-12 17:28:50,1255840,,,,,,,,,,,,,,,,,,,,,,,,,,,,,,,,,,,,,,,,,,,,,,,,,TN
120,eff1078e2398a9021cd61a20eff8062a582128e2,0.5047446904654316,autoland,3779647,13,a34e21034f2e3c317ebb3d485012938d48ad04ac,macosx1015-64-shippable-qr,True,False,,|f|i|s|s|i|o|n| |w|a|r|m| |w|e|b|r|e|n|d|e|r|,102210fe594ee9b33d82058545b1ed14f4c8206e,PerceptualSpeedIndex,google-docs,True,google-docs PerceptualSpeedIndex opt fission warm webrender,,77,ms,firefox,,1710204760,2023-06-12 21:22:21,1256012,,,,,,,,,,,,,,,,,,,,,,,,,,,,,,,,,,,,,,,,,,,,,,,,,TN
121,2bdaa9d6ac390362734ba199115ca10186243e87,0.581111613194758,autoland,3779647,13,a34e21034f2e3c317ebb3d485012938d48ad04ac,macosx1015-64-shippable-qr,True,False,,|f|i|s|s|i|o|n| |w|a|r|m| |w|e|b|r|e|n|d|e|r|,102210fe594ee9b33d82058545b1ed14f4c8206e,PerceptualSpeedIndex,google-docs,True,google-docs PerceptualSpeedIndex opt fission warm webrender,,77,ms,firefox,,1710269191,2023-06-13 02:32:41,1256169,,,,,,,,,,,,,,,,,,,,,,,,,,,,,,,,,,,,,,,,,,,,,,,,,TN
122,1a37acad51201ba77a18b0951d3a93bc8c9eebf7,0.3425214640759149,autoland,3779647,13,a34e21034f2e3c317ebb3d485012938d48ad04ac,macosx1015-64-shippable-qr,True,False,,|f|i|s|s|i|o|n| |w|a|r|m| |w|e|b|r|e|n|d|e|r|,102210fe594ee9b33d82058545b1ed14f4c8206e,PerceptualSpeedIndex,google-docs,True,google-docs PerceptualSpeedIndex opt fission warm webrender,,77,ms,firefox,,1710359670,2023-06-13 05:20:45,1256212,,,,,,,,,,,,,,,,,,,,,,,,,,,,,,,,,,,,,,,,,,,,,,,,,TN
123,c7b5ae0c3e2d58a11af3dbe818dd67837d0ff44a,0.516945323090827,autoland,3779647,13,a34e21034f2e3c317ebb3d485012938d48ad04ac,macosx1015-64-shippable-qr,True,False,,|f|i|s|s|i|o|n| |w|a|r|m| |w|e|b|r|e|n|d|e|r|,102210fe594ee9b33d82058545b1ed14f4c8206e,PerceptualSpeedIndex,google-docs,True,google-docs PerceptualSpeedIndex opt fission warm webrender,,77,ms,firefox,,1710471019,2023-06-13 09:27:30,1256328,,,,,,,,,,,,,,,,,,,,,,,,,,,,,,,,,,,,,,,,,,,,,,,,,TN
124,2b9574ef0cc196618dae379b79b53958470216b3,0.6276547672842296,autoland,3779647,13,a34e21034f2e3c317ebb3d485012938d48ad04ac,macosx1015-64-shippable-qr,True,False,,|f|i|s|s|i|o|n| |w|a|r|m| |w|e|b|r|e|n|d|e|r|,102210fe594ee9b33d82058545b1ed14f4c8206e,PerceptualSpeedIndex,google-docs,True,google-docs PerceptualSpeedIndex opt fission warm webrender,,77,ms,firefox,,1710487483,2023-06-13 10:02:00,1256346,,,,,,,,,,,,,,,,,,,,,,,,,,,,,,,,,,,,,,,,,,,,,,,,,TN
125,c664c5443475712b02f770a02883311bc7cc80c6,0.5736556710347944,autoland,3779647,13,a34e21034f2e3c317ebb3d485012938d48ad04ac,macosx1015-64-shippable-qr,True,False,,|f|i|s|s|i|o|n| |w|a|r|m| |w|e|b|r|e|n|d|e|r|,102210fe594ee9b33d82058545b1ed14f4c8206e,PerceptualSpeedIndex,google-docs,True,google-docs PerceptualSpeedIndex opt fission warm webrender,,77,ms,firefox,,1710979328,2023-06-13 12:47:53,1256439,,,,,,,,,,,,,,,,,,,,,,,,,,,,,,,,,,,,,,,,,,,,,,,,,TN
126,e0c5d4002c779b972605e257db6a710408da603d,0.463172164482603,autoland,3779647,13,a34e21034f2e3c317ebb3d485012938d48ad04ac,macosx1015-64-shippable-qr,True,False,,|f|i|s|s|i|o|n| |w|a|r|m| |w|e|b|r|e|n|d|e|r|,102210fe594ee9b33d82058545b1ed14f4c8206e,PerceptualSpeedIndex,google-docs,True,google-docs PerceptualSpeedIndex opt fission warm webrender,,77,ms,firefox,,1710971366,2023-06-13 12:48:46,1256441,,,,,,,,,,,,,,,,,,,,,,,,,,,,,,,,,,,,,,,,,,,,,,,,,TN
127,8cd7aee6cae85ce9804794d4a45bc2f34aa04b66,0.570944419340262,autoland,3779647,13,a34e21034f2e3c317ebb3d485012938d48ad04ac,macosx1015-64-shippable-qr,True,False,,|f|i|s|s|i|o|n| |w|a|r|m| |w|e|b|r|e|n|d|e|r|,102210fe594ee9b33d82058545b1ed14f4c8206e,PerceptualSpeedIndex,google-docs,True,google-docs PerceptualSpeedIndex opt fission warm webrender,,77,ms,firefox,,1710550318,2023-06-13 13:01:33,1256450,,,,,,,,,,,,,,,,,,,,,,,,,,,,,,,,,,,,,,,,,,,,,,,,,TN
128,93520e8ffd9617b46d026ea530fde0169def3a80,0.6208766380478989,autoland,3779647,13,a34e21034f2e3c317ebb3d485012938d48ad04ac,macosx1015-64-shippable-qr,True,False,,|f|i|s|s|i|o|n| |w|a|r|m| |w|e|b|r|e|n|d|e|r|,102210fe594ee9b33d82058545b1ed14f4c8206e,PerceptualSpeedIndex,google-docs,True,google-docs PerceptualSpeedIndex opt fission warm webrender,,77,ms,firefox,,1710665748,2023-06-13 16:01:20,1256570,,,,,,,,,,,,,,,,,,,,,,,,,,,,,,,,,,,,,,,,,,,,,,,,,TN
129,4bc380c5e43a824ca233967781ba2e23cd65ffb3,0.5616809760506101,autoland,3779647,13,a34e21034f2e3c317ebb3d485012938d48ad04ac,macosx1015-64-shippable-qr,True,False,,|f|i|s|s|i|o|n| |w|a|r|m| |w|e|b|r|e|n|d|e|r|,102210fe594ee9b33d82058545b1ed14f4c8206e,PerceptualSpeedIndex,google-docs,True,google-docs PerceptualSpeedIndex opt fission warm webrender,,77,ms,firefox,,1710965227,2023-06-13 17:10:55,1256622,,,,,,,,,,,,,,,,,,,,,,,,,,,,,,,,,,,,,,,,,,,,,,,,,TN
130,1f345f63ab5a041a7f2c636003fc9201016e7051,0.5614550384093993,autoland,3779647,13,a34e21034f2e3c317ebb3d485012938d48ad04ac,macosx1015-64-shippable-qr,True,False,,|f|i|s|s|i|o|n| |w|a|r|m| |w|e|b|r|e|n|d|e|r|,102210fe594ee9b33d82058545b1ed14f4c8206e,PerceptualSpeedIndex,google-docs,True,google-docs PerceptualSpeedIndex opt fission warm webrender,,77,ms,firefox,,1710947085,2023-06-13 17:25:10,1256628,,,,,,,,,,,,,,,,,,,,,,,,,,,,,,,,,,,,,,,,,,,,,,,,,TN
131,2d8fa86b279358b19ca794787248a9600c86ef5a,0.3052417532760956,autoland,3779647,13,a34e21034f2e3c317ebb3d485012938d48ad04ac,macosx1015-64-shippable-qr,True,False,,|f|i|s|s|i|o|n| |w|a|r|m| |w|e|b|r|e|n|d|e|r|,102210fe594ee9b33d82058545b1ed14f4c8206e,PerceptualSpeedIndex,google-docs,True,google-docs PerceptualSpeedIndex opt fission warm webrender,,77,ms,firefox,,1710760860,2023-06-13 18:36:15,1256676,,,,,,,,,,,,,,,,,,,,,,,,,,,,,,,,,,,,,,,,,,,,,,,,,TN
132,0e2078b102ffd940ea83c3a5a8b1a176bdd3a8fb,0.5528694080433798,autoland,3779647,13,a34e21034f2e3c317ebb3d485012938d48ad04ac,macosx1015-64-shippable-qr,True,False,,|f|i|s|s|i|o|n| |w|a|r|m| |w|e|b|r|e|n|d|e|r|,102210fe594ee9b33d82058545b1ed14f4c8206e,PerceptualSpeedIndex,google-docs,True,google-docs PerceptualSpeedIndex opt fission warm webrender,,77,ms,firefox,,1710851370,2023-06-13 22:49:33,1256827,,,,,,,,,,,,,,,,,,,,,,,,,,,,,,,,,,,,,,,,,,,,,,,,,TN
133,4c6c30b03e25cbd9d4dfc96f082e8cf241f51109,0.6574785359240849,autoland,3779647,13,a34e21034f2e3c317ebb3d485012938d48ad04ac,macosx1015-64-shippable-qr,True,False,,|f|i|s|s|i|o|n| |w|a|r|m| |w|e|b|r|e|n|d|e|r|,102210fe594ee9b33d82058545b1ed14f4c8206e,PerceptualSpeedIndex,google-docs,True,google-docs PerceptualSpeedIndex opt fission warm webrender,,77,ms,firefox,,1710875737,2023-06-14 00:25:00,1256858,,,,,,,,,,,,,,,,,,,,,,,,,,,,,,,,,,,,,,,,,,,,,,,,,TN
134,b9e3497b939c3bdfee632c7297184b79cfeec9cc,0.23045639403524643,autoland,3779647,13,a34e21034f2e3c317ebb3d485012938d48ad04ac,macosx1015-64-shippable-qr,True,False,,|f|i|s|s|i|o|n| |w|a|r|m| |w|e|b|r|e|n|d|e|r|,102210fe594ee9b33d82058545b1ed14f4c8206e,PerceptualSpeedIndex,google-docs,True,google-docs PerceptualSpeedIndex opt fission warm webrender,,77,ms,firefox,,1710974097,2023-06-14 05:14:15,1256948,,,,,,,,,,,,,,,,,,,,,,,,,,,,,,,,,,,,,,,,,,,,,,,,,TN
135,c6fa16c28b26a19d81b8853153057f32cec6f2fd,0.571396294622684,autoland,3779647,13,a34e21034f2e3c317ebb3d485012938d48ad04ac,macosx1015-64-shippable-qr,True,False,,|f|i|s|s|i|o|n| |w|a|r|m| |w|e|b|r|e|n|d|e|r|,102210fe594ee9b33d82058545b1ed14f4c8206e,PerceptualSpeedIndex,google-docs,True,google-docs PerceptualSpeedIndex opt fission warm webrender,,77,ms,firefox,,1711080945,2023-06-14 11:48:24,1257091,,,,,,,,,,,,,,,,,,,,,,,,,,,,,,,,,,,,,,,,,,,,,,,,,TN
136,928a5d849e038bf4277f06519f8f7ab3c94cc7ff,0.3705377315860823,autoland,3779647,13,a34e21034f2e3c317ebb3d485012938d48ad04ac,macosx1015-64-shippable-qr,True,False,,|f|i|s|s|i|o|n| |w|a|r|m| |w|e|b|r|e|n|d|e|r|,102210fe594ee9b33d82058545b1ed14f4c8206e,PerceptualSpeedIndex,google-docs,True,google-docs PerceptualSpeedIndex opt fission warm webrender,,77,ms,firefox,,1711161843,2023-06-14 13:20:02,1257127,,,,,,,,,,,,,,,,,,,,,,,,,,,,,,,,,,,,,,,,,,,,,,,,,TN
137,029016670d4aed9df8e1718a7ab5d9d7ec471a98,0.5881156800723,autoland,3779647,13,a34e21034f2e3c317ebb3d485012938d48ad04ac,macosx1015-64-shippable-qr,True,False,,|f|i|s|s|i|o|n| |w|a|r|m| |w|e|b|r|e|n|d|e|r|,102210fe594ee9b33d82058545b1ed14f4c8206e,PerceptualSpeedIndex,google-docs,True,google-docs PerceptualSpeedIndex opt fission warm webrender,,77,ms,firefox,,1711719711,2023-06-14 13:53:45,1257145,,,,,,,,,,,,,,,,,,,,,,,,,,,,,,,,,,,,,,,,,,,,,,,,,TN
138,0accfdd3671420ce9a3da67370e1cb587c9a4161,0.534116583822865,autoland,3779647,13,a34e21034f2e3c317ebb3d485012938d48ad04ac,macosx1015-64-shippable-qr,True,False,,|f|i|s|s|i|o|n| |w|a|r|m| |w|e|b|r|e|n|d|e|r|,102210fe594ee9b33d82058545b1ed14f4c8206e,PerceptualSpeedIndex,google-docs,True,google-docs PerceptualSpeedIndex opt fission warm webrender,,77,ms,firefox,,1711714451,2023-06-14 14:11:42,1257150,,,,,,,,,,,,,,,,,,,,,,,,,,,,,,,,,,,,,,,,,,,,,,,,,TN
139,933dd3c3e1c8beb677df8e4d51b1e99b41599f65,0.6014460009037506,autoland,3779647,13,a34e21034f2e3c317ebb3d485012938d48ad04ac,macosx1015-64-shippable-qr,True,False,,|f|i|s|s|i|o|n| |w|a|r|m| |w|e|b|r|e|n|d|e|r|,102210fe594ee9b33d82058545b1ed14f4c8206e,PerceptualSpeedIndex,google-docs,True,google-docs PerceptualSpeedIndex opt fission warm webrender,,77,ms,firefox,,1711442027,2023-06-14 17:41:50,1257281,,,,,,,,,,,,,,,,,,,,,,,,,,,,,,,,,,,,,,,,,,,,,,,,,TN
140,d730841eed9459e5541190a9525313fb1ff98e75,0.33619521012200626,autoland,3779647,13,a34e21034f2e3c317ebb3d485012938d48ad04ac,macosx1015-64-shippable-qr,True,False,,|f|i|s|s|i|o|n| |w|a|r|m| |w|e|b|r|e|n|d|e|r|,102210fe594ee9b33d82058545b1ed14f4c8206e,PerceptualSpeedIndex,google-docs,True,google-docs PerceptualSpeedIndex opt fission warm webrender,,77,ms,firefox,,1711475523,2023-06-14 18:25:51,1257330,,,,,,,,,,,,,,,,,,,,,,,,,,,,,,,,,,,,,,,,,,,,,,,,,TN
141,9d6b12a756cbe33157704576e141c57a2d6e2bf5,0.5921825576140982,autoland,3779647,13,a34e21034f2e3c317ebb3d485012938d48ad04ac,macosx1015-64-shippable-qr,True,False,,|f|i|s|s|i|o|n| |w|a|r|m| |w|e|b|r|e|n|d|e|r|,102210fe594ee9b33d82058545b1ed14f4c8206e,PerceptualSpeedIndex,google-docs,True,google-docs PerceptualSpeedIndex opt fission warm webrender,,77,ms,firefox,,1711704528,2023-06-14 18:37:02,1257344,,,,,,,,,,,,,,,,,,,,,,,,,,,,,,,,,,,,,,,,,,,,,,,,,TN
142,3e7bf8f8a9a8ecebd1c1bd851e35577660e48a97,0.5833709896068684,autoland,3779647,13,a34e21034f2e3c317ebb3d485012938d48ad04ac,macosx1015-64-shippable-qr,True,False,,|f|i|s|s|i|o|n| |w|a|r|m| |w|e|b|r|e|n|d|e|r|,102210fe594ee9b33d82058545b1ed14f4c8206e,PerceptualSpeedIndex,google-docs,True,google-docs PerceptualSpeedIndex opt fission warm webrender,,77,ms,firefox,,1711722916,2023-06-14 18:39:05,1257346,,,,,,,,,,,,,,,,,,,,,,,,,,,,,,,,,,,,,,,,,,,,,,,,,TN
143,3fc04d8eb32b11cf44fd5ad011b0b37d26d39ffe,0.5501581563488478,autoland,3779647,13,a34e21034f2e3c317ebb3d485012938d48ad04ac,macosx1015-64-shippable-qr,True,False,,|f|i|s|s|i|o|n| |w|a|r|m| |w|e|b|r|e|n|d|e|r|,102210fe594ee9b33d82058545b1ed14f4c8206e,PerceptualSpeedIndex,google-docs,True,google-docs PerceptualSpeedIndex opt fission warm webrender,,77,ms,firefox,,1712883293,2023-06-14 18:39:57,1257348,,,,,,,,,,,,,,,,,,,,,,,,,,,,,,,,,,,,,,,,,,,,,,,,,TN
144,e19ae5c23602616b51de95ef61320cce476075f9,0.5393131495707184,autoland,3779647,13,a34e21034f2e3c317ebb3d485012938d48ad04ac,macosx1015-64-shippable-qr,True,False,,|f|i|s|s|i|o|n| |w|a|r|m| |w|e|b|r|e|n|d|e|r|,102210fe594ee9b33d82058545b1ed14f4c8206e,PerceptualSpeedIndex,google-docs,True,google-docs PerceptualSpeedIndex opt fission warm webrender,,77,ms,firefox,,1712890569,2023-06-14 19:00:00,1257364,,,,,,,,,,,,,,,,,,,,,,,,,,,,,,,,,,,,,,,,,,,,,,,,,TN
145,994e9952a43f470cbcf8b6adbb357108df62b605,0.6007681879801177,autoland,3779647,13,a34e21034f2e3c317ebb3d485012938d48ad04ac,macosx1015-64-shippable-qr,True,False,,|f|i|s|s|i|o|n| |w|a|r|m| |w|e|b|r|e|n|d|e|r|,102210fe594ee9b33d82058545b1ed14f4c8206e,PerceptualSpeedIndex,google-docs,True,google-docs PerceptualSpeedIndex opt fission warm webrender,,77,ms,firefox,,1712890646,2023-06-14 19:34:22,1257392,,,,,,,,,,,,,,,,,,,,,,,,,,,,,,,,,,,,,,,,,,,,,,,,,TN
146,5f7eb725bf615f42134068dbd1d2f5709f711db1,0.5657478535924088,autoland,3779647,13,a34e21034f2e3c317ebb3d485012938d48ad04ac,macosx1015-64-shippable-qr,True,False,,|f|i|s|s|i|o|n| |w|a|r|m| |w|e|b|r|e|n|d|e|r|,102210fe594ee9b33d82058545b1ed14f4c8206e,PerceptualSpeedIndex,google-docs,True,google-docs PerceptualSpeedIndex opt fission warm webrender,,77,ms,firefox,,1712884227,2023-06-14 19:57:10,1257409,,,,,,,,,,,,,,,,,,,,,,,,,,,,,,,,,,,,,,,,,,,,,,,,,TN
147,53fec5502cf3e4886eb964cc9bec801a59984545,0.48305467690917303,autoland,3779647,13,a34e21034f2e3c317ebb3d485012938d48ad04ac,macosx1015-64-shippable-qr,True,False,,|f|i|s|s|i|o|n| |w|a|r|m| |w|e|b|r|e|n|d|e|r|,102210fe594ee9b33d82058545b1ed14f4c8206e,PerceptualSpeedIndex,google-docs,True,google-docs PerceptualSpeedIndex opt fission warm webrender,,77,ms,firefox,,1712880383,2023-06-14 20:01:18,1257413,,,,,,,,,,,,,,,,,,,,,,,,,,,,,,,,,,,,,,,,,,,,,,,,,TN
148,26245e28e9f548ab614699cb18dee53da42ca198,0.5754631721644827,autoland,3779647,13,a34e21034f2e3c317ebb3d485012938d48ad04ac,macosx1015-64-shippable-qr,True,False,,|f|i|s|s|i|o|n| |w|a|r|m| |w|e|b|r|e|n|d|e|r|,102210fe594ee9b33d82058545b1ed14f4c8206e,PerceptualSpeedIndex,google-docs,True,google-docs PerceptualSpeedIndex opt fission warm webrender,,77,ms,firefox,,1712883044,2023-06-14 20:05:50,1257418,,,,,,,,,,,,,,,,,,,,,,,,,,,,,,,,,,,,,,,,,,,,,,,,,TN
149,4a5cb40ff785016beea761b45d924da213a0d4d2,0.6633529145955714,autoland,3779647,13,a34e21034f2e3c317ebb3d485012938d48ad04ac,macosx1015-64-shippable-qr,True,False,,|f|i|s|s|i|o|n| |w|a|r|m| |w|e|b|r|e|n|d|e|r|,102210fe594ee9b33d82058545b1ed14f4c8206e,PerceptualSpeedIndex,google-docs,True,google-docs PerceptualSpeedIndex opt fission warm webrender,,77,ms,firefox,,1712882701,2023-06-14 20:07:21,1257420,,,,,,,,,,,,,,,,,,,,,,,,,,,,,,,,,,,,,,,,,,,,,,,,,TN
150,0bb27b8dc59539d28a87d8b2c58d8be4ea1eb014,0.3427474017171259,autoland,3779647,13,a34e21034f2e3c317ebb3d485012938d48ad04ac,macosx1015-64-shippable-qr,True,False,,|f|i|s|s|i|o|n| |w|a|r|m| |w|e|b|r|e|n|d|e|r|,102210fe594ee9b33d82058545b1ed14f4c8206e,PerceptualSpeedIndex,google-docs,True,google-docs PerceptualSpeedIndex opt fission warm webrender,,77,ms,firefox,,1712890769,2023-06-14 20:08:13,1257421,,,,,,,,,,,,,,,,,,,,,,,,,,,,,,,,,,,,,,,,,,,,,,,,,TN
151,ff79aa6f7ba8605e7ea59acddd521284f75136e4,0.5937641211025757,autoland,3779647,13,a34e21034f2e3c317ebb3d485012938d48ad04ac,macosx1015-64-shippable-qr,True,False,,|f|i|s|s|i|o|n| |w|a|r|m| |w|e|b|r|e|n|d|e|r|,102210fe594ee9b33d82058545b1ed14f4c8206e,PerceptualSpeedIndex,google-docs,True,google-docs PerceptualSpeedIndex opt fission warm webrender,,77,ms,firefox,,1711527054,2023-06-14 20:09:05,1257422,,,,,,,,,,,,,,,,,,,,,,,,,,,,,,,,,,,,,,,,,,,,,,,,,TN
152,e29245b924d668d1f9ebd201253efd9bbe760b42,0.3843199276999547,autoland,3779647,13,a34e21034f2e3c317ebb3d485012938d48ad04ac,macosx1015-64-shippable-qr,True,False,,|f|i|s|s|i|o|n| |w|a|r|m| |w|e|b|r|e|n|d|e|r|,102210fe594ee9b33d82058545b1ed14f4c8206e,PerceptualSpeedIndex,google-docs,True,google-docs PerceptualSpeedIndex opt fission warm webrender,,77,ms,firefox,,1712890601,2023-06-14 21:11:42,1257477,,,,,,,,,,,,,,,,,,,,,,,,,,,,,,,,,,,,,,,,,,,,,,,,,TN
153,77c00d26c5f93e24f31ae9135d83e3ed0b90e2d6,0.6863985539990964,autoland,3779647,13,a34e21034f2e3c317ebb3d485012938d48ad04ac,macosx1015-64-shippable-qr,True,False,,|f|i|s|s|i|o|n| |w|a|r|m| |w|e|b|r|e|n|d|e|r|,102210fe594ee9b33d82058545b1ed14f4c8206e,PerceptualSpeedIndex,google-docs,True,google-docs PerceptualSpeedIndex opt fission warm webrender,,77,ms,firefox,,1712890546,2023-06-14 21:12:34,1257478,,,,,,,,,,,,,,,,,,,,,,,,,,,,,,,,,,,,,,,,,,,,,,,,,TN
154,9ba5a5405490d5aac649c3827b230fd700ca1449,0.06190691369182111,autoland,3779647,13,a34e21034f2e3c317ebb3d485012938d48ad04ac,macosx1015-64-shippable-qr,True,False,,|f|i|s|s|i|o|n| |w|a|r|m| |w|e|b|r|e|n|d|e|r|,102210fe594ee9b33d82058545b1ed14f4c8206e,PerceptualSpeedIndex,google-docs,True,google-docs PerceptualSpeedIndex opt fission warm webrender,,77,ms,firefox,,1712901702,2023-06-14 21:13:23,1257480,,,,,,,,,,,,,,,,,,,,,,,,,,,,,,,,,,,,,,,,,,,,,,,,,TN
155,44e3de76601103aeb357b50fbbc851a815248bc9,0.38770899231812006,autoland,3779647,13,a34e21034f2e3c317ebb3d485012938d48ad04ac,macosx1015-64-shippable-qr,True,False,,|f|i|s|s|i|o|n| |w|a|r|m| |w|e|b|r|e|n|d|e|r|,102210fe594ee9b33d82058545b1ed14f4c8206e,PerceptualSpeedIndex,google-docs,True,google-docs PerceptualSpeedIndex opt fission warm webrender,,77,ms,firefox,,1712900574,2023-06-14 21:14:12,1257481,,,,,,,,,,,,,,,,,,,,,,,,,,,,,,,,,,,,,,,,,,,,,,,,,TN
156,b4f612b0cfb8e477f969160baeb5bf89d8e66f46,0.4297333935833709,autoland,3779647,13,a34e21034f2e3c317ebb3d485012938d48ad04ac,macosx1015-64-shippable-qr,True,False,,|f|i|s|s|i|o|n| |w|a|r|m| |w|e|b|r|e|n|d|e|r|,102210fe594ee9b33d82058545b1ed14f4c8206e,PerceptualSpeedIndex,google-docs,True,google-docs PerceptualSpeedIndex opt fission warm webrender,,77,ms,firefox,,1712916294,2023-06-14 21:15:08,1257482,,,,,,,,,,,,,,,,,,,,,,,,,,,,,,,,,,,,,,,,,,,,,,,,,TN
157,63ccd00a399a8423226295df82ff93920cfa1889,0.5095797559873476,autoland,3779647,13,a34e21034f2e3c317ebb3d485012938d48ad04ac,macosx1015-64-shippable-qr,True,False,,|f|i|s|s|i|o|n| |w|a|r|m| |w|e|b|r|e|n|d|e|r|,102210fe594ee9b33d82058545b1ed14f4c8206e,PerceptualSpeedIndex,google-docs,True,google-docs PerceptualSpeedIndex opt fission warm webrender,,77,ms,firefox,,1712900147,2023-06-14 21:16:13,1257486,,,,,,,,,,,,,,,,,,,,,,,,,,,,,,,,,,,,,,,,,,,,,,,,,TN
158,0ebda393786b0626290fd39412c47a8ba21e2171,0.5222322638951649,autoland,3779647,13,a34e21034f2e3c317ebb3d485012938d48ad04ac,macosx1015-64-shippable-qr,True,False,,|f|i|s|s|i|o|n| |w|a|r|m| |w|e|b|r|e|n|d|e|r|,102210fe594ee9b33d82058545b1ed14f4c8206e,PerceptualSpeedIndex,google-docs,True,google-docs PerceptualSpeedIndex opt fission warm webrender,,77,ms,firefox,,1712900019,2023-06-14 21:17:26,1257487,,,,,,,,,,,,,,,,,,,,,,,,,,,,,,,,,,,,,,,,,,,,,,,,,TN
159,30738d539d3f3e96904c86962d622b68d2469a70,0.5652959783099862,autoland,3779647,13,a34e21034f2e3c317ebb3d485012938d48ad04ac,macosx1015-64-shippable-qr,True,False,,|f|i|s|s|i|o|n| |w|a|r|m| |w|e|b|r|e|n|d|e|r|,102210fe594ee9b33d82058545b1ed14f4c8206e,PerceptualSpeedIndex,google-docs,True,google-docs PerceptualSpeedIndex opt fission warm webrender,,77,ms,firefox,,1712900895,2023-06-14 21:19:47,1257490,,,,,,,,,,,,,,,,,,,,,,,,,,,,,,,,,,,,,,,,,,,,,,,,,TN
160,4b1c6fc1fc0f3e664d546c4bf5c24f0c157bc2c5,0.5000753125470703,autoland,3779647,13,a34e21034f2e3c317ebb3d485012938d48ad04ac,macosx1015-64-shippable-qr,True,False,,|f|i|s|s|i|o|n| |w|a|r|m| |w|e|b|r|e|n|d|e|r|,102210fe594ee9b33d82058545b1ed14f4c8206e,PerceptualSpeedIndex,google-docs,True,google-docs PerceptualSpeedIndex opt fission warm webrender,,77,ms,firefox,,1711572641,2023-06-14 21:46:45,1257512,,,,,,,,,,,,,,,,,,,,,,,,,,,,,,,,,,,,,,,,,,,,,,,,,TN
161,775a6521f77bd6dfb28ea80bb6ea016ad637ed6c,0.2626299141436963,autoland,3779647,13,a34e21034f2e3c317ebb3d485012938d48ad04ac,macosx1015-64-shippable-qr,True,False,,|f|i|s|s|i|o|n| |w|a|r|m| |w|e|b|r|e|n|d|e|r|,102210fe594ee9b33d82058545b1ed14f4c8206e,PerceptualSpeedIndex,google-docs,True,google-docs PerceptualSpeedIndex opt fission warm webrender,,77,ms,firefox,,1713794459,2023-06-14 21:52:34,1257518,,,,,,,,,,,,,,,,,,,,,,,,,,,,,,,,,,,,,,,,,,,,,,,,,TN
162,cb7ed7cd174464447fc0245af2ecc47997579867,0.2661545413465882,autoland,3779647,13,a34e21034f2e3c317ebb3d485012938d48ad04ac,macosx1015-64-shippable-qr,True,False,,|f|i|s|s|i|o|n| |w|a|r|m| |w|e|b|r|e|n|d|e|r|,102210fe594ee9b33d82058545b1ed14f4c8206e,PerceptualSpeedIndex,google-docs,True,google-docs PerceptualSpeedIndex opt fission warm webrender,,77,ms,firefox,,1713795572,2023-06-14 21:53:33,1257520,,,,,,,,,,,,,,,,,,,,,,,,,,,,,,,,,,,,,,,,,,,,,,,,,TN
163,2aa09387c97a62c95503c6654062e6c4681045dc,0.2946226841391777,autoland,3779647,13,a34e21034f2e3c317ebb3d485012938d48ad04ac,macosx1015-64-shippable-qr,True,False,,|f|i|s|s|i|o|n| |w|a|r|m| |w|e|b|r|e|n|d|e|r|,102210fe594ee9b33d82058545b1ed14f4c8206e,PerceptualSpeedIndex,google-docs,True,google-docs PerceptualSpeedIndex opt fission warm webrender,,77,ms,firefox,,1713794916,2023-06-14 22:20:31,1257542,,,,,,,,,,,,,,,,,,,,,,,,,,,,,,,,,,,,,,,,,,,,,,,,,TN
164,42ce1dad51edaebd8da2f08c22a9011651217e13,0.2476276547672842,autoland,3779647,13,a34e21034f2e3c317ebb3d485012938d48ad04ac,macosx1015-64-shippable-qr,True,False,,|f|i|s|s|i|o|n| |w|a|r|m| |w|e|b|r|e|n|d|e|r|,102210fe594ee9b33d82058545b1ed14f4c8206e,PerceptualSpeedIndex,google-docs,True,google-docs PerceptualSpeedIndex opt fission warm webrender,,77,ms,firefox,,1713791001,2023-06-14 22:26:58,1257548,,,,,,,,,,,,,,,,,,,,,,,,,,,,,,,,,,,,,,,,,,,,,,,,,TN
165,f9a60b1fb1fcbdf257a253cd78f89de6fe9b3b5e,0.2946226841391777,autoland,3779647,13,a34e21034f2e3c317ebb3d485012938d48ad04ac,macosx1015-64-shippable-qr,True,False,,|f|i|s|s|i|o|n| |w|a|r|m| |w|e|b|r|e|n|d|e|r|,102210fe594ee9b33d82058545b1ed14f4c8206e,PerceptualSpeedIndex,google-docs,True,google-docs PerceptualSpeedIndex opt fission warm webrender,,77,ms,firefox,,1713787587,2023-06-14 22:57:37,1257572,,,,,,,,,,,,,,,,,,,,,,,,,,,,,,,,,,,,,,,,,,,,,,,,,TN
166,513f9d3ebb82c8a1cfdacdaa1d59d0fcdd1248f6,0.35155896972435596,autoland,3779647,13,a34e21034f2e3c317ebb3d485012938d48ad04ac,macosx1015-64-shippable-qr,True,False,,|f|i|s|s|i|o|n| |w|a|r|m| |w|e|b|r|e|n|d|e|r|,102210fe594ee9b33d82058545b1ed14f4c8206e,PerceptualSpeedIndex,google-docs,True,google-docs PerceptualSpeedIndex opt fission warm webrender,,77,ms,firefox,,1713788297,2023-06-14 23:29:08,1257599,,,,,,,,,,,,,,,,,,,,,,,,,,,,,,,,,,,,,,,,,,,,,,,,,TN
167,d27fd70e433589624149fb52aa29dc2b5e5bbecf,0.2516945323090827,autoland,3779647,13,a34e21034f2e3c317ebb3d485012938d48ad04ac,macosx1015-64-shippable-qr,True,False,,|f|i|s|s|i|o|n| |w|a|r|m| |w|e|b|r|e|n|d|e|r|,102210fe594ee9b33d82058545b1ed14f4c8206e,PerceptualSpeedIndex,google-docs,True,google-docs PerceptualSpeedIndex opt fission warm webrender,,77,ms,firefox,,1713790224,2023-06-14 23:29:58,1257600,,,,,,,,,,,,,,,,,,,,,,,,,,,,,,,,,,,,,,,,,,,,,,,,,TN
168,550387c912c9081fd629603e8fb0e540eb9b30c1,0.26570266606416615,autoland,3779647,13,a34e21034f2e3c317ebb3d485012938d48ad04ac,macosx1015-64-shippable-qr,True,False,,|f|i|s|s|i|o|n| |w|a|r|m| |w|e|b|r|e|n|d|e|r|,102210fe594ee9b33d82058545b1ed14f4c8206e,PerceptualSpeedIndex,google-docs,True,google-docs PerceptualSpeedIndex opt fission warm webrender,,77,ms,firefox,,1713788881,2023-06-14 23:30:46,1257602,,,,,,,,,,,,,,,,,,,,,,,,,,,,,,,,,,,,,,,,,,,,,,,,,TN
169,e637dc2466d46339bd454a36b17578805a703e93,0.3131495707184815,autoland,3779647,13,a34e21034f2e3c317ebb3d485012938d48ad04ac,macosx1015-64-shippable-qr,True,False,,|f|i|s|s|i|o|n| |w|a|r|m| |w|e|b|r|e|n|d|e|r|,102210fe594ee9b33d82058545b1ed14f4c8206e,PerceptualSpeedIndex,google-docs,True,google-docs PerceptualSpeedIndex opt fission warm webrender,,77,ms,firefox,,1712883636,2023-06-14 23:31:39,1257603,,,,,,,,,,,,,,,,,,,,,,,,,,,,,,,,,,,,,,,,,,,,,,,,,TN
170,f3ec770d7511f21a227ace0a843acb622f686a1c,0.33619521012200626,autoland,3779647,13,a34e21034f2e3c317ebb3d485012938d48ad04ac,macosx1015-64-shippable-qr,True,False,,|f|i|s|s|i|o|n| |w|a|r|m| |w|e|b|r|e|n|d|e|r|,102210fe594ee9b33d82058545b1ed14f4c8206e,PerceptualSpeedIndex,google-docs,True,google-docs PerceptualSpeedIndex opt fission warm webrender,,77,ms,firefox,,1712754803,2023-06-14 23:33:14,1257604,,,,,,,,,,,,,,,,,,,,,,,,,,,,,,,,,,,,,,,,,,,,,,,,,TN
171,46e2145e66ddbaba1b9185cebd86c76f60270473,0.26762313601445986,autoland,3779647,13,a34e21034f2e3c317ebb3d485012938d48ad04ac,macosx1015-64-shippable-qr,True,False,,|f|i|s|s|i|o|n| |w|a|r|m| |w|e|b|r|e|n|d|e|r|,102210fe594ee9b33d82058545b1ed14f4c8206e,PerceptualSpeedIndex,google-docs,True,google-docs PerceptualSpeedIndex opt fission warm webrender,,77,ms,firefox,,1712698705,2023-06-14 23:36:14,1257607,,,,,,,,,,,,,,,,,,,,,,,,,,,,,,,,,,,,,,,,,,,,,,,,,TN
172,2200d22a37dd7278fa6f151c2d1a1100efaec0e7,0.25587437867148677,autoland,3779647,13,a34e21034f2e3c317ebb3d485012938d48ad04ac,macosx1015-64-shippable-qr,True,False,,|f|i|s|s|i|o|n| |w|a|r|m| |w|e|b|r|e|n|d|e|r|,102210fe594ee9b33d82058545b1ed14f4c8206e,PerceptualSpeedIndex,google-docs,True,google-docs PerceptualSpeedIndex opt fission warm webrender,,77,ms,firefox,,1712706875,2023-06-15 00:21:58,1257627,,,,,,,,,,,,,,,,,,,,,,,,,,,,,,,,,,,,,,,,,,,,,,,,,TN
173,dd8c4852148ddcef2fa3b1723d80559b663bcfa9,0.3088567555354724,autoland,3779647,13,a34e21034f2e3c317ebb3d485012938d48ad04ac,macosx1015-64-shippable-qr,True,False,,|f|i|s|s|i|o|n| |w|a|r|m| |w|e|b|r|e|n|d|e|r|,102210fe594ee9b33d82058545b1ed14f4c8206e,PerceptualSpeedIndex,google-docs,True,google-docs PerceptualSpeedIndex opt fission warm webrender,,77,ms,firefox,,1712749843,2023-06-15 00:32:06,1257632,,,,,,,,,,,,,,,,,,,,,,,,,,,,,,,,,,,,,,,,,,,,,,,,,TN
174,f79a5c376cee537c475ff187d9003ec2a28a2127,0.24197921373700848,autoland,3779647,13,a34e21034f2e3c317ebb3d485012938d48ad04ac,macosx1015-64-shippable-qr,True,False,,|f|i|s|s|i|o|n| |w|a|r|m| |w|e|b|r|e|n|d|e|r|,102210fe594ee9b33d82058545b1ed14f4c8206e,PerceptualSpeedIndex,google-docs,True,google-docs PerceptualSpeedIndex opt fission warm webrender,,77,ms,firefox,,1712768998,2023-06-15 01:10:18,1257643,,,,,,,,,,,,,,,,,,,,,,,,,,,,,,,,,,,,,,,,,,,,,,,,,TN
175,d3f82b96482962efb74477843c8255914df72629,0.20741075463172165,autoland,3779647,13,a34e21034f2e3c317ebb3d485012938d48ad04ac,macosx1015-64-shippable-qr,True,False,,|f|i|s|s|i|o|n| |w|a|r|m| |w|e|b|r|e|n|d|e|r|,102210fe594ee9b33d82058545b1ed14f4c8206e,PerceptualSpeedIndex,google-docs,True,google-docs PerceptualSpeedIndex opt fission warm webrender,,77,ms,firefox,,1712707371,2023-06-15 01:34:18,1257651,,,,,,,,,,,,,,,,,,,,,,,,,,,,,,,,,,,,,,,,,,,,,,,,,TN
176,2f7a472cb1c647dd4070e755b7ea245a4df13392,0.32806145503840933,autoland,3779647,13,a34e21034f2e3c317ebb3d485012938d48ad04ac,macosx1015-64-shippable-qr,True,False,,|f|i|s|s|i|o|n| |w|a|r|m| |w|e|b|r|e|n|d|e|r|,102210fe594ee9b33d82058545b1ed14f4c8206e,PerceptualSpeedIndex,google-docs,True,google-docs PerceptualSpeedIndex opt fission warm webrender,,77,ms,firefox,,1712707014,2023-06-15 01:36:53,1257653,,,,,,,,,,,,,,,,,,,,,,,,,,,,,,,,,,,,,,,,,,,,,,,,,TN
177,300ef25e8fb35e15e35570e898293698df57bd34,0.26265250790781747,autoland,3779647,13,a34e21034f2e3c317ebb3d485012938d48ad04ac,macosx1015-64-shippable-qr,True,False,,|f|i|s|s|i|o|n| |w|a|r|m| |w|e|b|r|e|n|d|e|r|,102210fe594ee9b33d82058545b1ed14f4c8206e,PerceptualSpeedIndex,google-docs,True,google-docs PerceptualSpeedIndex opt fission warm webrender,,77,ms,firefox,,1712707497,2023-06-15 01:44:38,1257659,,,,,,,,,,,,,,,,,,,,,,,,,,,,,,,,,,,,,,,,,,,,,,,,,TN
178,53e8e97bbe4e0c8fc4deff56e5b8d03391c0c023,0.3402620876638047,autoland,3779647,13,a34e21034f2e3c317ebb3d485012938d48ad04ac,macosx1015-64-shippable-qr,True,False,,|f|i|s|s|i|o|n| |w|a|r|m| |w|e|b|r|e|n|d|e|r|,102210fe594ee9b33d82058545b1ed14f4c8206e,PerceptualSpeedIndex,google-docs,True,google-docs PerceptualSpeedIndex opt fission warm webrender,,77,ms,firefox,,1711638944,2023-06-15 01:50:09,1257663,763.7,mozilla-ldap/aionescu@mozilla.com,4b1c6fc1fc0f3e664d546c4bf5c24f0c157bc2c5,38712.0,12.43,872.15,2023-06-19 07:42:42.719906,13.0,13.0,,,,1257512.0,2.0,2.0,mozilla-ldap/aionescu@mozilla.com,,,2023-06-23 06:50:03.077872,,1.0,-108.45,176697.0,,,38712.0,,False,False,aionescu@mozilla.com,,,aionescu@mozilla.com,2023-06-16 06:50:03.077872,,,OK,38732.0,,,,False,,9.89,google-docs,,"fission, warm, webrender",2023-06-21 06:50:03.077872,TP
179,28b5b95614645f144616ac0634a5d72ffb2c4752,0.2559873474920922,autoland,3779647,13,a34e21034f2e3c317ebb3d485012938d48ad04ac,macosx1015-64-shippable-qr,True,False,,|f|i|s|s|i|o|n| |w|a|r|m| |w|e|b|r|e|n|d|e|r|,102210fe594ee9b33d82058545b1ed14f4c8206e,PerceptualSpeedIndex,google-docs,True,google-docs PerceptualSpeedIndex opt fission warm webrender,,77,ms,firefox,,1712733386,2023-06-15 02:05:40,1257677,,,,,,,,,,,,,,,,,,,,,,,,,,,,,,,,,,,,,,,,,,,,,,,,,TN
180,abf8f424d2d09f957d7ecd02af086a9b7adde3f8,0.2758698599186624,autoland,3779647,13,a34e21034f2e3c317ebb3d485012938d48ad04ac,macosx1015-64-shippable-qr,True,False,,|f|i|s|s|i|o|n| |w|a|r|m| |w|e|b|r|e|n|d|e|r|,102210fe594ee9b33d82058545b1ed14f4c8206e,PerceptualSpeedIndex,google-docs,True,google-docs PerceptualSpeedIndex opt fission warm webrender,,77,ms,firefox,,1711665960,2023-06-15 02:43:47,1257688,,,,,,,,,,,,,,,,,,,,,,,,,,,,,,,,,,,,,,,,,,,,,,,,,TN
181,900ba46a6df5d5b6dde0d5de391246157de49c8a,0.24491640307275198,autoland,3779647,13,a34e21034f2e3c317ebb3d485012938d48ad04ac,macosx1015-64-shippable-qr,True,False,,|f|i|s|s|i|o|n| |w|a|r|m| |w|e|b|r|e|n|d|e|r|,102210fe594ee9b33d82058545b1ed14f4c8206e,PerceptualSpeedIndex,google-docs,True,google-docs PerceptualSpeedIndex opt fission warm webrender,,77,ms,firefox,,1711777186,2023-06-15 06:54:30,1257783,,,,,,,,,,,,,,,,,,,,,,,,,,,,,,,,,,,,,,,,,,,,,,,,,TN
182,6b660d3dd7840217e973e778bcb419a11c7a22b4,0.2519204699502937,autoland,3779647,13,a34e21034f2e3c317ebb3d485012938d48ad04ac,macosx1015-64-shippable-qr,True,False,,|f|i|s|s|i|o|n| |w|a|r|m| |w|e|b|r|e|n|d|e|r|,102210fe594ee9b33d82058545b1ed14f4c8206e,PerceptualSpeedIndex,google-docs,True,google-docs PerceptualSpeedIndex opt fission warm webrender,,77,ms,firefox,,1712386928,2023-06-15 08:32:55,1257839,,,,,,,,,,,,,,,,,,,,,,,,,,,,,,,,,,,,,,,,,,,,,,,,,TN
183,6c42ef642d0b0708e9a2fa2638b6670e90ef2b3b,0.2474017171260734,autoland,3779647,13,a34e21034f2e3c317ebb3d485012938d48ad04ac,macosx1015-64-shippable-qr,True,False,,|f|i|s|s|i|o|n| |w|a|r|m| |w|e|b|r|e|n|d|e|r|,102210fe594ee9b33d82058545b1ed14f4c8206e,PerceptualSpeedIndex,google-docs,True,google-docs PerceptualSpeedIndex opt fission warm webrender,,77,ms,firefox,,1712394726,2023-06-15 08:36:57,1257841,,,,,,,,,,,,,,,,,,,,,,,,,,,,,,,,,,,,,,,,,,,,,,,,,TN
184,86864bda9b5f7077819eb76b661bcefb89fd19fa,0.28761861726163573,autoland,3779647,13,a34e21034f2e3c317ebb3d485012938d48ad04ac,macosx1015-64-shippable-qr,True,False,,|f|i|s|s|i|o|n| |w|a|r|m| |w|e|b|r|e|n|d|e|r|,102210fe594ee9b33d82058545b1ed14f4c8206e,PerceptualSpeedIndex,google-docs,True,google-docs PerceptualSpeedIndex opt fission warm webrender,,77,ms,firefox,,1711845311,2023-06-15 10:33:37,1257909,,,,,,,,,,,,,,,,,,,,,,,,,,,,,,,,,,,,,,,,,,,,,,,,,TN
185,02d601db620c1b64867202e025ce19938938a04f,0.2953004970628106,autoland,3779647,13,a34e21034f2e3c317ebb3d485012938d48ad04ac,macosx1015-64-shippable-qr,True,False,,|f|i|s|s|i|o|n| |w|a|r|m| |w|e|b|r|e|n|d|e|r|,102210fe594ee9b33d82058545b1ed14f4c8206e,PerceptualSpeedIndex,google-docs,True,google-docs PerceptualSpeedIndex opt fission warm webrender,,77,ms,firefox,,1712102241,2023-06-15 14:40:40,1258053,,,,,,,,,,,,,,,,,,,,,,,,,,,,,,,,,,,,,,,,,,,,,,,,,TN
186,c71789b596556b921a7d6ce12b4102f252631c4b,0.2713511070944419,autoland,3779647,13,a34e21034f2e3c317ebb3d485012938d48ad04ac,macosx1015-64-shippable-qr,True,False,,|f|i|s|s|i|o|n| |w|a|r|m| |w|e|b|r|e|n|d|e|r|,102210fe594ee9b33d82058545b1ed14f4c8206e,PerceptualSpeedIndex,google-docs,True,google-docs PerceptualSpeedIndex opt fission warm webrender,,77,ms,firefox,,1712112117,2023-06-15 14:52:05,1258066,,,,,,,,,,,,,,,,,,,,,,,,,,,,,,,,,,,,,,,,,,,,,,,,,TN
187,fcc729658406fdb39ee043ecc43584d2f6a0389d,0.2702214188883867,autoland,3779647,13,a34e21034f2e3c317ebb3d485012938d48ad04ac,macosx1015-64-shippable-qr,True,False,,|f|i|s|s|i|o|n| |w|a|r|m| |w|e|b|r|e|n|d|e|r|,102210fe594ee9b33d82058545b1ed14f4c8206e,PerceptualSpeedIndex,google-docs,True,google-docs PerceptualSpeedIndex opt fission warm webrender,,77,ms,firefox,,1712400262,2023-06-15 15:04:41,1258080,,,,,,,,,,,,,,,,,,,,,,,,,,,,,,,,,,,,,,,,,,,,,,,,,TN
188,c882e1bf805b7149ed08a3dc0ebf5c5d2e35f114,0.2611839132399456,autoland,3779647,13,a34e21034f2e3c317ebb3d485012938d48ad04ac,macosx1015-64-shippable-qr,True,False,,|f|i|s|s|i|o|n| |w|a|r|m| |w|e|b|r|e|n|d|e|r|,102210fe594ee9b33d82058545b1ed14f4c8206e,PerceptualSpeedIndex,google-docs,True,google-docs PerceptualSpeedIndex opt fission warm webrender,,77,ms,firefox,,1712393467,2023-06-15 15:12:55,1258088,,,,,,,,,,,,,,,,,,,,,,,,,,,,,,,,,,,,,,,,,,,,,,,,,TN
189,91738dd5bb441001f7837d0cae71c0be46925602,0.2699954812471759,autoland,3779647,13,a34e21034f2e3c317ebb3d485012938d48ad04ac,macosx1015-64-shippable-qr,True,False,,|f|i|s|s|i|o|n| |w|a|r|m| |w|e|b|r|e|n|d|e|r|,102210fe594ee9b33d82058545b1ed14f4c8206e,PerceptualSpeedIndex,google-docs,True,google-docs PerceptualSpeedIndex opt fission warm webrender,,77,ms,firefox,,1712151525,2023-06-15 17:49:05,1258216,,,,,,,,,,,,,,,,,,,,,,,,,,,,,,,,,,,,,,,,,,,,,,,,,TN
190,ba00fe639072b671be556332e4628092d64d31df,0.2769995481247174,autoland,3779647,13,a34e21034f2e3c317ebb3d485012938d48ad04ac,macosx1015-64-shippable-qr,True,False,,|f|i|s|s|i|o|n| |w|a|r|m| |w|e|b|r|e|n|d|e|r|,102210fe594ee9b33d82058545b1ed14f4c8206e,PerceptualSpeedIndex,google-docs,True,google-docs PerceptualSpeedIndex opt fission warm webrender,,77,ms,firefox,,1712215673,2023-06-15 20:51:19,1258374,,,,,,,,,,,,,,,,,,,,,,,,,,,,,,,,,,,,,,,,,,,,,,,,,TN
191,6bc2d3f9b1aaecde92c9388f00f3d564d136d00a,0.2713511070944419,autoland,3779647,13,a34e21034f2e3c317ebb3d485012938d48ad04ac,macosx1015-64-shippable-qr,True,False,,|f|i|s|s|i|o|n| |w|a|r|m| |w|e|b|r|e|n|d|e|r|,102210fe594ee9b33d82058545b1ed14f4c8206e,PerceptualSpeedIndex,google-docs,True,google-docs PerceptualSpeedIndex opt fission warm webrender,,77,ms,firefox,,1712313691,2023-06-16 01:17:42,1258594,,,,,,,,,,,,,,,,,,,,,,,,,,,,,,,,,,,,,,,,,,,,,,,,,TN
192,6a640a4dd3245b82ce97d863bf842b0cd4089ce5,0.272028920018075,autoland,3779647,13,a34e21034f2e3c317ebb3d485012938d48ad04ac,macosx1015-64-shippable-qr,True,False,,|f|i|s|s|i|o|n| |w|a|r|m| |w|e|b|r|e|n|d|e|r|,102210fe594ee9b33d82058545b1ed14f4c8206e,PerceptualSpeedIndex,google-docs,True,google-docs PerceptualSpeedIndex opt fission warm webrender,,77,ms,firefox,,1712414759,2023-06-16 06:01:05,1258674,,,,,,,,,,,,,,,,,,,,,,,,,,,,,,,,,,,,,,,,,,,,,,,,,TN
193,34ee66e105968b161583947185cad1fcebdc6641,0.27089923181202,autoland,3779647,13,a34e21034f2e3c317ebb3d485012938d48ad04ac,macosx1015-64-shippable-qr,True,False,,|f|i|s|s|i|o|n| |w|a|r|m| |w|e|b|r|e|n|d|e|r|,102210fe594ee9b33d82058545b1ed14f4c8206e,PerceptualSpeedIndex,google-docs,True,google-docs PerceptualSpeedIndex opt fission warm webrender,,77,ms,firefox,,1712484769,2023-06-16 08:20:05,1258718,,,,,,,,,,,,,,,,,,,,,,,,,,,,,,,,,,,,,,,,,,,,,,,,,TN
194,439d02859a2ebe8406cb74f8d6c7b148011d1658,0.263443289652056,autoland,3779647,13,a34e21034f2e3c317ebb3d485012938d48ad04ac,macosx1015-64-shippable-qr,True,False,,|f|i|s|s|i|o|n| |w|a|r|m| |w|e|b|r|e|n|d|e|r|,102210fe594ee9b33d82058545b1ed14f4c8206e,PerceptualSpeedIndex,google-docs,True,google-docs PerceptualSpeedIndex opt fission warm webrender,,77,ms,firefox,,1712657648,2023-06-16 12:30:26,1258826,,,,,,,,,,,,,,,,,,,,,,,,,,,,,,,,,,,,,,,,,,,,,,,,,TN
195,1d8c3788eb6fa2e81d627829a32004244d0271df,0.2715770447356529,autoland,3779647,13,a34e21034f2e3c317ebb3d485012938d48ad04ac,macosx1015-64-shippable-qr,True,False,,|f|i|s|s|i|o|n| |w|a|r|m| |w|e|b|r|e|n|d|e|r|,102210fe594ee9b33d82058545b1ed14f4c8206e,PerceptualSpeedIndex,google-docs,True,google-docs PerceptualSpeedIndex opt fission warm webrender,,77,ms,firefox,,1712761468,2023-06-16 14:03:27,1258891,,,,,,,,,,,,,,,,,,,,,,,,,,,,,,,,,,,,,,,,,,,,,,,,,TN
196,e59de52b8ebea2db606a46a888a941400375fe0f,0.2670582919114324,autoland,3779647,13,a34e21034f2e3c317ebb3d485012938d48ad04ac,macosx1015-64-shippable-qr,True,False,,|f|i|s|s|i|o|n| |w|a|r|m| |w|e|b|r|e|n|d|e|r|,102210fe594ee9b33d82058545b1ed14f4c8206e,PerceptualSpeedIndex,google-docs,True,google-docs PerceptualSpeedIndex opt fission warm webrender,,77,ms,firefox,,1712913723,2023-06-16 16:55:49,1259018,,,,,,,,,,,,,,,,,,,,,,,,,,,,,,,,,,,,,,,,,,,,,,,,,TN
197,789349491e2fe15a39f350fe470db7d696989434,0.12562132851333008,autoland,3779647,13,a34e21034f2e3c317ebb3d485012938d48ad04ac,macosx1015-64-shippable-qr,True,False,,|f|i|s|s|i|o|n| |w|a|r|m| |w|e|b|r|e|n|d|e|r|,102210fe594ee9b33d82058545b1ed14f4c8206e,PerceptualSpeedIndex,google-docs,True,google-docs PerceptualSpeedIndex opt fission warm webrender,,77,ms,firefox,,1712953797,2023-06-16 19:50:08,1259157,,,,,,,,,,,,,,,,,,,,,,,,,,,,,,,,,,,,,,,,,,,,,,,,,TN
198,901b7ccc8be5e49a1b9736555af9653d46de349e,0.2740623587889741,autoland,3779647,13,a34e21034f2e3c317ebb3d485012938d48ad04ac,macosx1015-64-shippable-qr,True,False,,|f|i|s|s|i|o|n| |w|a|r|m| |w|e|b|r|e|n|d|e|r|,102210fe594ee9b33d82058545b1ed14f4c8206e,PerceptualSpeedIndex,google-docs,True,google-docs PerceptualSpeedIndex opt fission warm webrender,,77,ms,firefox,,1713056468,2023-06-17 00:30:00,1259314,,,,,,,,,,,,,,,,,,,,,,,,,,,,,,,,,,,,,,,,,,,,,,,,,TN
199,e0262ee6a9a7a642c11266a1e9cfa4bc3fbd4b3b,0.30004518752824216,autoland,3779647,13,a34e21034f2e3c317ebb3d485012938d48ad04ac,macosx1015-64-shippable-qr,True,False,,|f|i|s|s|i|o|n| |w|a|r|m| |w|e|b|r|e|n|d|e|r|,102210fe594ee9b33d82058545b1ed14f4c8206e,PerceptualSpeedIndex,google-docs,True,google-docs PerceptualSpeedIndex opt fission warm webrender,,77,ms,firefox,,1713218082,2023-06-17 15:38:59,1259384,,,,,,,,,,,,,,,,,,,,,,,,,,,,,,,,,,,,,,,,,,,,,,,,,TN
200,72d2cda2651d8fe01c8649f60e0620bc794a87fe,0.2553095345684593,autoland,3779647,13,a34e21034f2e3c317ebb3d485012938d48ad04ac,macosx1015-64-shippable-qr,True,False,,|f|i|s|s|i|o|n| |w|a|r|m| |w|e|b|r|e|n|d|e|r|,102210fe594ee9b33d82058545b1ed14f4c8206e,PerceptualSpeedIndex,google-docs,True,google-docs PerceptualSpeedIndex opt fission warm webrender,,77,ms,firefox,,1713335464,2023-06-17 23:38:11,1259423,,,,,,,,,,,,,,,,,,,,,,,,,,,,,,,,,,,,,,,,,,,,,,,,,TN
201,1634cff61cb0e270b9660ebdc234cfcf3fed2c68,0.2516945323090827,autoland,3779647,13,a34e21034f2e3c317ebb3d485012938d48ad04ac,macosx1015-64-shippable-qr,True,False,,|f|i|s|s|i|o|n| |w|a|r|m| |w|e|b|r|e|n|d|e|r|,102210fe594ee9b33d82058545b1ed14f4c8206e,PerceptualSpeedIndex,google-docs,True,google-docs PerceptualSpeedIndex opt fission warm webrender,,77,ms,firefox,,1713470872,2023-06-18 11:39:33,1259465,,,,,,,,,,,,,,,,,,,,,,,,,,,,,,,,,,,,,,,,,,,,,,,,,TN
202,1c059369d43547f90439b0a44cc76b54a0a3af97,0.2444645277903299,autoland,3779647,13,a34e21034f2e3c317ebb3d485012938d48ad04ac,macosx1015-64-shippable-qr,True,False,,|f|i|s|s|i|o|n| |w|a|r|m| |w|e|b|r|e|n|d|e|r|,102210fe594ee9b33d82058545b1ed14f4c8206e,PerceptualSpeedIndex,google-docs,True,google-docs PerceptualSpeedIndex opt fission warm webrender,,77,ms,firefox,,1713699649,2023-06-19 00:32:35,1259516,,,,,,,,,,,,,,,,,,,,,,,,,,,,,,,,,,,,,,,,,,,,,,,,,TN
203,a9e342522ebdb9602671208a06e988a285d3af18,0.2553095345684593,autoland,3779647,13,a34e21034f2e3c317ebb3d485012938d48ad04ac,macosx1015-64-shippable-qr,True,False,,|f|i|s|s|i|o|n| |w|a|r|m| |w|e|b|r|e|n|d|e|r|,102210fe594ee9b33d82058545b1ed14f4c8206e,PerceptualSpeedIndex,google-docs,True,google-docs PerceptualSpeedIndex opt fission warm webrender,,77,ms,firefox,,1713770650,2023-06-19 05:49:35,1259544,,,,,,,,,,,,,,,,,,,,,,,,,,,,,,,,,,,,,,,,,,,,,,,,,TN
204,0274a8c06c67e5ee1dccdb4e151ccf0ec70af43f,0.2704473565295977,autoland,3779647,13,a34e21034f2e3c317ebb3d485012938d48ad04ac,macosx1015-64-shippable-qr,True,False,,|f|i|s|s|i|o|n| |w|a|r|m| |w|e|b|r|e|n|d|e|r|,102210fe594ee9b33d82058545b1ed14f4c8206e,PerceptualSpeedIndex,google-docs,True,google-docs PerceptualSpeedIndex opt fission warm webrender,,77,ms,firefox,,1713899479,2023-06-19 09:32:15,1259616,,,,,,,,,,,,,,,,,,,,,,,,,,,,,,,,,,,,,,,,,,,,,,,,,TN
205,48e95e86f4c75db91d98b1e674c6fd254324b7a8,0.2623136014460008,autoland,3779647,13,a34e21034f2e3c317ebb3d485012938d48ad04ac,macosx1015-64-shippable-qr,True,False,,|f|i|s|s|i|o|n| |w|a|r|m| |w|e|b|r|e|n|d|e|r|,102210fe594ee9b33d82058545b1ed14f4c8206e,PerceptualSpeedIndex,google-docs,True,google-docs PerceptualSpeedIndex opt fission warm webrender,,77,ms,firefox,,1714437074,2023-06-19 10:54:06,1259657,,,,,,,,,,,,,,,,,,,,,,,,,,,,,,,,,,,,,,,,,,,,,,,,,TN
206,dcc8fc79cd80d8e3ace9dc6687916b9f166455be,0.27654767284229553,autoland,3779647,13,a34e21034f2e3c317ebb3d485012938d48ad04ac,macosx1015-64-shippable-qr,True,False,,|f|i|s|s|i|o|n| |w|a|r|m| |w|e|b|r|e|n|d|e|r|,102210fe594ee9b33d82058545b1ed14f4c8206e,PerceptualSpeedIndex,google-docs,True,google-docs PerceptualSpeedIndex opt fission warm webrender,,77,ms,firefox,,1714382883,2023-06-19 10:57:13,1259660,,,,,,,,,,,,,,,,,,,,,,,,,,,,,,,,,,,,,,,,,,,,,,,,,TN
207,bb1b615dd2ccf1843e88f66950b80af491bad37f,0.2815183009489379,autoland,3779647,13,a34e21034f2e3c317ebb3d485012938d48ad04ac,macosx1015-64-shippable-qr,True,False,,|f|i|s|s|i|o|n| |w|a|r|m| |w|e|b|r|e|n|d|e|r|,102210fe594ee9b33d82058545b1ed14f4c8206e,PerceptualSpeedIndex,google-docs,True,google-docs PerceptualSpeedIndex opt fission warm webrender,,77,ms,firefox,,1714388131,2023-06-19 10:58:05,1259661,,,,,,,,,,,,,,,,,,,,,,,,,,,,,,,,,,,,,,,,,,,,,,,,,TN
208,f8a8efb71935a31e7e12603b4edf86b90ef2cf4f,0.26366922729326703,autoland,3779647,13,a34e21034f2e3c317ebb3d485012938d48ad04ac,macosx1015-64-shippable-qr,True,False,,|f|i|s|s|i|o|n| |w|a|r|m| |w|e|b|r|e|n|d|e|r|,102210fe594ee9b33d82058545b1ed14f4c8206e,PerceptualSpeedIndex,google-docs,True,google-docs PerceptualSpeedIndex opt fission warm webrender,,77,ms,firefox,,1714404954,2023-06-19 11:22:46,1259677,,,,,,,,,,,,,,,,,,,,,,,,,,,,,,,,,,,,,,,,,,,,,,,,,TN
209,569ee35398db24e428d99ff22a6b9995a345395c,0.26863985539990964,autoland,3779647,13,a34e21034f2e3c317ebb3d485012938d48ad04ac,macosx1015-64-shippable-qr,True,False,,|f|i|s|s|i|o|n| |w|a|r|m| |w|e|b|r|e|n|d|e|r|,102210fe594ee9b33d82058545b1ed14f4c8206e,PerceptualSpeedIndex,google-docs,True,google-docs PerceptualSpeedIndex opt fission warm webrender,,77,ms,firefox,,1714423072,2023-06-19 12:30:04,1259715,,,,,,,,,,,,,,,,,,,,,,,,,,,,,,,,,,,,,,,,,,,,,,,,,TN
210,5f1f0f5559e239e38d683a443db7f8649327d102,0.22593764121102589,autoland,3779647,13,a34e21034f2e3c317ebb3d485012938d48ad04ac,macosx1015-64-shippable-qr,True,False,,|f|i|s|s|i|o|n| |w|a|r|m| |w|e|b|r|e|n|d|e|r|,102210fe594ee9b33d82058545b1ed14f4c8206e,PerceptualSpeedIndex,google-docs,True,google-docs PerceptualSpeedIndex opt fission warm webrender,,77,ms,firefox,,1714391544,2023-06-19 12:30:52,1259716,,,,,,,,,,,,,,,,,,,,,,,,,,,,,,,,,,,,,,,,,,,,,,,,,TN
211,89c8bf4e9209c0c4b1eb87efab68e96d6dbf8145,0.34771802982376876,autoland,3779647,13,a34e21034f2e3c317ebb3d485012938d48ad04ac,macosx1015-64-shippable-qr,True,False,,|f|i|s|s|i|o|n| |w|a|r|m| |w|e|b|r|e|n|d|e|r|,102210fe594ee9b33d82058545b1ed14f4c8206e,PerceptualSpeedIndex,google-docs,True,google-docs PerceptualSpeedIndex opt fission warm webrender,,77,ms,firefox,,1714006946,2023-06-19 13:01:53,1259739,,,,,,,,,,,,,,,,,,,,,,,,,,,,,,,,,,,,,,,,,,,,,,,,,TN
212,7d4649658fedcc49e21d5f950f279ff9e9e9e03f,0.23994577496610936,autoland,3779647,13,a34e21034f2e3c317ebb3d485012938d48ad04ac,macosx1015-64-shippable-qr,True,False,,|f|i|s|s|i|o|n| |w|a|r|m| |w|e|b|r|e|n|d|e|r|,102210fe594ee9b33d82058545b1ed14f4c8206e,PerceptualSpeedIndex,google-docs,True,google-docs PerceptualSpeedIndex opt fission warm webrender,,77,ms,firefox,,1714441837,2023-06-19 13:09:57,1259747,,,,,,,,,,,,,,,,,,,,,,,,,,,,,,,,,,,,,,,,,,,,,,,,,TN
213,ea38c77ffb12688592d8addb11d0b54e467e7547,0.2537279710799818,autoland,3779647,13,a34e21034f2e3c317ebb3d485012938d48ad04ac,macosx1015-64-shippable-qr,True,False,,|f|i|s|s|i|o|n| |w|a|r|m| |w|e|b|r|e|n|d|e|r|,102210fe594ee9b33d82058545b1ed14f4c8206e,PerceptualSpeedIndex,google-docs,True,google-docs PerceptualSpeedIndex opt fission warm webrender,,77,ms,firefox,,1714407508,2023-06-19 13:22:58,1259760,,,,,,,,,,,,,,,,,,,,,,,,,,,,,,,,,,,,,,,,,,,,,,,,,TN
214,9ecde3181716f5d8ad265d976575224cc04b2887,0.324672390420244,autoland,3779647,13,a34e21034f2e3c317ebb3d485012938d48ad04ac,macosx1015-64-shippable-qr,True,False,,|f|i|s|s|i|o|n| |w|a|r|m| |w|e|b|r|e|n|d|e|r|,102210fe594ee9b33d82058545b1ed14f4c8206e,PerceptualSpeedIndex,google-docs,True,google-docs PerceptualSpeedIndex opt fission warm webrender,,77,ms,firefox,,1714067097,2023-06-19 16:21:16,1259851,,,,,,,,,,,,,,,,,,,,,,,,,,,,,,,,,,,,,,,,,,,,,,,,,TN
215,521a8641a60a464e937d010be64f785f88808019,0.2898779936737461,autoland,3779647,13,a34e21034f2e3c317ebb3d485012938d48ad04ac,macosx1015-64-shippable-qr,True,False,,|f|i|s|s|i|o|n| |w|a|r|m| |w|e|b|r|e|n|d|e|r|,102210fe594ee9b33d82058545b1ed14f4c8206e,PerceptualSpeedIndex,google-docs,True,google-docs PerceptualSpeedIndex opt fission warm webrender,,77,ms,firefox,,1714418125,2023-06-19 16:50:43,1259866,,,,,,,,,,,,,,,,,,,,,,,,,,,,,,,,,,,,,,,,,,,,,,,,,TN
216,58b351a155c80d33d20f09d5854fd88f2b967464,0.2573429733393584,autoland,3779647,13,a34e21034f2e3c317ebb3d485012938d48ad04ac,macosx1015-64-shippable-qr,True,False,,|f|i|s|s|i|o|n| |w|a|r|m| |w|e|b|r|e|n|d|e|r|,102210fe594ee9b33d82058545b1ed14f4c8206e,PerceptualSpeedIndex,google-docs,True,google-docs PerceptualSpeedIndex opt fission warm webrender,,77,ms,firefox,,1714366407,2023-06-19 16:52:27,1259868,,,,,,,,,,,,,,,,,,,,,,,,,,,,,,,,,,,,,,,,,,,,,,,,,TN
217,365aa505cf55da4d91335bc3d2d02e1be46eb4c4,0.23452327157704467,autoland,3779647,13,a34e21034f2e3c317ebb3d485012938d48ad04ac,macosx1015-64-shippable-qr,True,False,,|f|i|s|s|i|o|n| |w|a|r|m| |w|e|b|r|e|n|d|e|r|,102210fe594ee9b33d82058545b1ed14f4c8206e,PerceptualSpeedIndex,google-docs,True,google-docs PerceptualSpeedIndex opt fission warm webrender,,77,ms,firefox,,1714413922,2023-06-19 17:24:35,1259880,,,,,,,,,,,,,,,,,,,,,,,,,,,,,,,,,,,,,,,,,,,,,,,,,TN
218,f7f17f9392c5b051c786828c0a61160f0f066291,0.2801626751016719,autoland,3779647,13,a34e21034f2e3c317ebb3d485012938d48ad04ac,macosx1015-64-shippable-qr,True,False,,|f|i|s|s|i|o|n| |w|a|r|m| |w|e|b|r|e|n|d|e|r|,102210fe594ee9b33d82058545b1ed14f4c8206e,PerceptualSpeedIndex,google-docs,True,google-docs PerceptualSpeedIndex opt fission warm webrender,,77,ms,firefox,,1714426383,2023-06-19 17:28:51,1259884,,,,,,,,,,,,,,,,,,,,,,,,,,,,,,,,,,,,,,,,,,,,,,,,,TN
219,08f12e7fa5f04d9acf47a841046c192b3b6b9b71,0.26208766380479,autoland,3779647,13,a34e21034f2e3c317ebb3d485012938d48ad04ac,macosx1015-64-shippable-qr,True,False,,|f|i|s|s|i|o|n| |w|a|r|m| |w|e|b|r|e|n|d|e|r|,102210fe594ee9b33d82058545b1ed14f4c8206e,PerceptualSpeedIndex,google-docs,True,google-docs PerceptualSpeedIndex opt fission warm webrender,,77,ms,firefox,,1714345064,2023-06-19 17:29:47,1259885,,,,,,,,,,,,,,,,,,,,,,,,,,,,,,,,,,,,,,,,,,,,,,,,,TN
220,b040fff76ed7ecee270c125c9c3229c5e9ee1ff0,0.2885223678264799,autoland,3779647,13,a34e21034f2e3c317ebb3d485012938d48ad04ac,macosx1015-64-shippable-qr,True,False,,|f|i|s|s|i|o|n| |w|a|r|m| |w|e|b|r|e|n|d|e|r|,102210fe594ee9b33d82058545b1ed14f4c8206e,PerceptualSpeedIndex,google-docs,True,google-docs PerceptualSpeedIndex opt fission warm webrender,,77,ms,firefox,,1714401180,2023-06-19 17:46:12,1259890,,,,,,,,,,,,,,,,,,,,,,,,,,,,,,,,,,,,,,,,,,,,,,,,,TN
221,5f266371028f0ed5fe633f259a012880a2a6df89,0.2903298689561682,autoland,3779647,13,a34e21034f2e3c317ebb3d485012938d48ad04ac,macosx1015-64-shippable-qr,True,False,,|f|i|s|s|i|o|n| |w|a|r|m| |w|e|b|r|e|n|d|e|r|,102210fe594ee9b33d82058545b1ed14f4c8206e,PerceptualSpeedIndex,google-docs,True,google-docs PerceptualSpeedIndex opt fission warm webrender,,77,ms,firefox,,1714382601,2023-06-19 18:37:51,1259913,,,,,,,,,,,,,,,,,,,,,,,,,,,,,,,,,,,,,,,,,,,,,,,,,TN
222,03a00f2c2bc451f4edbf350398a03d2342d68101,0.24853140533212836,autoland,3779647,13,a34e21034f2e3c317ebb3d485012938d48ad04ac,macosx1015-64-shippable-qr,True,False,,|f|i|s|s|i|o|n| |w|a|r|m| |w|e|b|r|e|n|d|e|r|,102210fe594ee9b33d82058545b1ed14f4c8206e,PerceptualSpeedIndex,google-docs,True,google-docs PerceptualSpeedIndex opt fission warm webrender,,77,ms,firefox,,1714348208,2023-06-19 18:48:22,1259919,,,,,,,,,,,,,,,,,,,,,,,,,,,,,,,,,,,,,,,,,,,,,,,,,TN
223,e06365982ef6b00590cb160ebe9f4978558d1052,0.2580207862629913,autoland,3779647,13,a34e21034f2e3c317ebb3d485012938d48ad04ac,macosx1015-64-shippable-qr,True,False,,|f|i|s|s|i|o|n| |w|a|r|m| |w|e|b|r|e|n|d|e|r|,102210fe594ee9b33d82058545b1ed14f4c8206e,PerceptualSpeedIndex,google-docs,True,google-docs PerceptualSpeedIndex opt fission warm webrender,,77,ms,firefox,,1714123528,2023-06-19 19:03:14,1259928,,,,,,,,,,,,,,,,,,,,,,,,,,,,,,,,,,,,,,,,,,,,,,,,,TN
224,edef1940a6bd4d95b235e43b1cada493f561f78a,0.2934929959331225,autoland,3779647,13,a34e21034f2e3c317ebb3d485012938d48ad04ac,macosx1015-64-shippable-qr,True,False,,|f|i|s|s|i|o|n| |w|a|r|m| |w|e|b|r|e|n|d|e|r|,102210fe594ee9b33d82058545b1ed14f4c8206e,PerceptualSpeedIndex,google-docs,True,google-docs PerceptualSpeedIndex opt fission warm webrender,,77,ms,firefox,,1714213081,2023-06-19 23:03:46,1260042,,,,,,,,,,,,,,,,,,,,,,,,,,,,,,,,,,,,,,,,,,,,,,,,,TN
225,a4b679a79f2fa00877013dfcc1a886078d728328,0.2627654767284229,autoland,3779647,13,a34e21034f2e3c317ebb3d485012938d48ad04ac,macosx1015-64-shippable-qr,True,False,,|f|i|s|s|i|o|n| |w|a|r|m| |w|e|b|r|e|n|d|e|r|,102210fe594ee9b33d82058545b1ed14f4c8206e,PerceptualSpeedIndex,google-docs,True,google-docs PerceptualSpeedIndex opt fission warm webrender,,77,ms,firefox,,1714370450,2023-06-20 04:00:20,1260102,,,,,,,,,,,,,,,,,,,,,,,,,,,,,,,,,,,,,,,,,,,,,,,,,TN
226,ce5a84713c8b968709940f18f143d251da4fcb83,0.2837776773610483,autoland,3779647,13,a34e21034f2e3c317ebb3d485012938d48ad04ac,macosx1015-64-shippable-qr,True,False,,|f|i|s|s|i|o|n| |w|a|r|m| |w|e|b|r|e|n|d|e|r|,102210fe594ee9b33d82058545b1ed14f4c8206e,PerceptualSpeedIndex,google-docs,True,google-docs PerceptualSpeedIndex opt fission warm webrender,,77,ms,firefox,,1714429792,2023-06-20 05:17:25,1260124,,,,,,,,,,,,,,,,,,,,,,,,,,,,,,,,,,,,,,,,,,,,,,,,,TN
227,caf02cdd31992e89c9bd81c5ec4d391070651f3a,0.2433348395842747,autoland,3779647,13,a34e21034f2e3c317ebb3d485012938d48ad04ac,macosx1015-64-shippable-qr,True,False,,|f|i|s|s|i|o|n| |w|a|r|m| |w|e|b|r|e|n|d|e|r|,102210fe594ee9b33d82058545b1ed14f4c8206e,PerceptualSpeedIndex,google-docs,True,google-docs PerceptualSpeedIndex opt fission warm webrender,,77,ms,firefox,,1714511793,2023-06-20 09:18:46,1260213,,,,,,,,,,,,,,,,,,,,,,,,,,,,,,,,,,,,,,,,,,,,,,,,,TN
228,5ade2b37847325019878bde832493c342759d7eb,0.289200180750113,autoland,3779647,13,a34e21034f2e3c317ebb3d485012938d48ad04ac,macosx1015-64-shippable-qr,True,False,,|f|i|s|s|i|o|n| |w|a|r|m| |w|e|b|r|e|n|d|e|r|,102210fe594ee9b33d82058545b1ed14f4c8206e,PerceptualSpeedIndex,google-docs,True,google-docs PerceptualSpeedIndex opt fission warm webrender,,77,ms,firefox,,1714717084,2023-06-20 12:29:52,1260284,,,,,,,,,,,,,,,,,,,,,,,,,,,,,,,,,,,,,,,,,,,,,,,,,TN
229,2a357dfcda5c76e2730168adf7715a8b0fe64909,0.2794848621780388,autoland,3779647,13,a34e21034f2e3c317ebb3d485012938d48ad04ac,macosx1015-64-shippable-qr,True,False,,|f|i|s|s|i|o|n| |w|a|r|m| |w|e|b|r|e|n|d|e|r|,102210fe594ee9b33d82058545b1ed14f4c8206e,PerceptualSpeedIndex,google-docs,True,google-docs PerceptualSpeedIndex opt fission warm webrender,,77,ms,firefox,,1715374608,2023-06-20 13:16:23,1260318,,,,,,,,,,,,,,,,,,,,,,,,,,,,,,,,,,,,,,,,,,,,,,,,,TN
230,45dc6efe7f01341ff7dbed8e768ddd2f1c6c20c5,0.29575237234523266,autoland,3779647,13,a34e21034f2e3c317ebb3d485012938d48ad04ac,macosx1015-64-shippable-qr,True,False,,|f|i|s|s|i|o|n| |w|a|r|m| |w|e|b|r|e|n|d|e|r|,102210fe594ee9b33d82058545b1ed14f4c8206e,PerceptualSpeedIndex,google-docs,True,google-docs PerceptualSpeedIndex opt fission warm webrender,,77,ms,firefox,,1715398400,2023-06-20 13:20:46,1260323,,,,,,,,,,,,,,,,,,,,,,,,,,,,,,,,,,,,,,,,,,,,,,,,,TN
231,1877c1e6db6f8a23c52ab9238c7f62d0b696f0ce,0.33664708540442856,autoland,3779647,13,a34e21034f2e3c317ebb3d485012938d48ad04ac,macosx1015-64-shippable-qr,True,False,,|f|i|s|s|i|o|n| |w|a|r|m| |w|e|b|r|e|n|d|e|r|,102210fe594ee9b33d82058545b1ed14f4c8206e,PerceptualSpeedIndex,google-docs,True,google-docs PerceptualSpeedIndex opt fission warm webrender,,77,ms,firefox,,1714997906,2023-06-20 16:34:00,1260512,,,,,,,,,,,,,,,,,,,,,,,,,,,,,,,,,,,,,,,,,,,,,,,,,TN
232,2ad5c2418b372960126440af5aa568104de3bfb8,0.2641211025756891,autoland,3779647,13,a34e21034f2e3c317ebb3d485012938d48ad04ac,macosx1015-64-shippable-qr,True,False,,|f|i|s|s|i|o|n| |w|a|r|m| |w|e|b|r|e|n|d|e|r|,102210fe594ee9b33d82058545b1ed14f4c8206e,PerceptualSpeedIndex,google-docs,True,google-docs PerceptualSpeedIndex opt fission warm webrender,,77,ms,firefox,,1715001633,2023-06-20 16:35:53,1260515,,,,,,,,,,,,,,,,,,,,,,,,,,,,,,,,,,,,,,,,,,,,,,,,,TN
233,143aa1574b8d50e4d2ddd1a2826b25a8418f13c1,0.2826479891549931,autoland,3779647,13,a34e21034f2e3c317ebb3d485012938d48ad04ac,macosx1015-64-shippable-qr,True,False,,|f|i|s|s|i|o|n| |w|a|r|m| |w|e|b|r|e|n|d|e|r|,102210fe594ee9b33d82058545b1ed14f4c8206e,PerceptualSpeedIndex,google-docs,True,google-docs PerceptualSpeedIndex opt fission warm webrender,,77,ms,firefox,,1715264553,2023-06-21 00:51:29,1260862,,,,,,,,,,,,,,,,,,,,,,,,,,,,,,,,,,,,,,,,,,,,,,,,,TN
234,7bdf45ed2f6b565e69fdbc44285af78de3271a4e,0.29484862178038873,autoland,3779647,13,a34e21034f2e3c317ebb3d485012938d48ad04ac,macosx1015-64-shippable-qr,True,False,,|f|i|s|s|i|o|n| |w|a|r|m| |w|e|b|r|e|n|d|e|r|,102210fe594ee9b33d82058545b1ed14f4c8206e,PerceptualSpeedIndex,google-docs,True,google-docs PerceptualSpeedIndex opt fission warm webrender,,77,ms,firefox,,1715307144,2023-06-21 02:28:11,1260905,,,,,,,,,,,,,,,,,,,,,,,,,,,,,,,,,,,,,,,,,,,,,,,,,TN
235,8a382f0bd3211346516d54c647d157320335a806,0.2742882964301854,autoland,3779647,13,a34e21034f2e3c317ebb3d485012938d48ad04ac,macosx1015-64-shippable-qr,True,False,,|f|i|s|s|i|o|n| |w|a|r|m| |w|e|b|r|e|n|d|e|r|,102210fe594ee9b33d82058545b1ed14f4c8206e,PerceptualSpeedIndex,google-docs,True,google-docs PerceptualSpeedIndex opt fission warm webrender,,77,ms,firefox,,1715425658,2023-06-21 06:55:17,1260969,,,,,,,,,,,,,,,,,,,,,,,,,,,,,,,,,,,,,,,,,,,,,,,,,TN
236,4c90403735bebf09d72af91e99745cfcbbae2a35,0.32196113872571175,autoland,3779647,13,a34e21034f2e3c317ebb3d485012938d48ad04ac,macosx1015-64-shippable-qr,True,False,,|f|i|s|s|i|o|n| |w|a|r|m| |w|e|b|r|e|n|d|e|r|,102210fe594ee9b33d82058545b1ed14f4c8206e,PerceptualSpeedIndex,google-docs,True,google-docs PerceptualSpeedIndex opt fission warm webrender,,77,ms,firefox,,1715451924,2023-06-21 07:34:24,1260998,,,,,,,,,,,,,,,,,,,,,,,,,,,,,,,,,,,,,,,,,,,,,,,,,TN
237,14edc9bcbe5615f748cdb086881c6b983aedf04d,0.2898779936737461,autoland,3779647,13,a34e21034f2e3c317ebb3d485012938d48ad04ac,macosx1015-64-shippable-qr,True,False,,|f|i|s|s|i|o|n| |w|a|r|m| |w|e|b|r|e|n|d|e|r|,102210fe594ee9b33d82058545b1ed14f4c8206e,PerceptualSpeedIndex,google-docs,True,google-docs PerceptualSpeedIndex opt fission warm webrender,,77,ms,firefox,,1715629379,2023-06-21 12:20:35,1261182,,,,,,,,,,,,,,,,,,,,,,,,,,,,,,,,,,,,,,,,,,,,,,,,,TN
238,b94f3d418f54f964368486a65cd5d15e828867db,0.298915499322187,autoland,3779647,13,a34e21034f2e3c317ebb3d485012938d48ad04ac,macosx1015-64-shippable-qr,True,False,,|f|i|s|s|i|o|n| |w|a|r|m| |w|e|b|r|e|n|d|e|r|,102210fe594ee9b33d82058545b1ed14f4c8206e,PerceptualSpeedIndex,google-docs,True,google-docs PerceptualSpeedIndex opt fission warm webrender,,77,ms,firefox,,1715649349,2023-06-21 12:59:17,1261207,,,,,,,,,,,,,,,,,,,,,,,,,,,,,,,,,,,,,,,,,,,,,,,,,TN
239,702dc0aa87a8c3e4929277c1dc8220a7dd72418f,0.2602801626751017,autoland,3779647,13,a34e21034f2e3c317ebb3d485012938d48ad04ac,macosx1015-64-shippable-qr,True,False,,|f|i|s|s|i|o|n| |w|a|r|m| |w|e|b|r|e|n|d|e|r|,102210fe594ee9b33d82058545b1ed14f4c8206e,PerceptualSpeedIndex,google-docs,True,google-docs PerceptualSpeedIndex opt fission warm webrender,,77,ms,firefox,,1715854427,2023-06-21 16:33:07,1261278,,,,,,,,,,,,,,,,,,,,,,,,,,,,,,,,,,,,,,,,,,,,,,,,,TN
240,78880280c2765ec0520ece3184fc8fdbac5b5356,0.24310890194306367,autoland,3779647,13,a34e21034f2e3c317ebb3d485012938d48ad04ac,macosx1015-64-shippable-qr,True,False,,|f|i|s|s|i|o|n| |w|a|r|m| |w|e|b|r|e|n|d|e|r|,102210fe594ee9b33d82058545b1ed14f4c8206e,PerceptualSpeedIndex,google-docs,True,google-docs PerceptualSpeedIndex opt fission warm webrender,,77,ms,firefox,,1715945764,2023-06-21 20:43:57,1261541,,,,,,,,,,,,,,,,,,,,,,,,,,,,,,,,,,,,,,,,,,,,,,,,,TN
241,109834499ca10a69681c6868a23ec828dcf160cf,0.2946226841391777,autoland,3779647,13,a34e21034f2e3c317ebb3d485012938d48ad04ac,macosx1015-64-shippable-qr,True,False,,|f|i|s|s|i|o|n| |w|a|r|m| |w|e|b|r|e|n|d|e|r|,102210fe594ee9b33d82058545b1ed14f4c8206e,PerceptualSpeedIndex,google-docs,True,google-docs PerceptualSpeedIndex opt fission warm webrender,,77,ms,firefox,,1716026832,2023-06-22 00:43:42,1261782,,,,,,,,,,,,,,,,,,,,,,,,,,,,,,,,,,,,,,,,,,,,,,,,,TN
242,57884604206ce9bb39718006eac660e6e32e5044,0.2921373700858563,autoland,3779647,13,a34e21034f2e3c317ebb3d485012938d48ad04ac,macosx1015-64-shippable-qr,True,False,,|f|i|s|s|i|o|n| |w|a|r|m| |w|e|b|r|e|n|d|e|r|,102210fe594ee9b33d82058545b1ed14f4c8206e,PerceptualSpeedIndex,google-docs,True,google-docs PerceptualSpeedIndex opt fission warm webrender,,77,ms,firefox,,1716087914,2023-06-22 05:48:27,1261863,,,,,,,,,,,,,,,,,,,,,,,,,,,,,,,,,,,,,,,,,,,,,,,,,TN
243,45769d7ff3c64d7abfcfedd8f05bb7dcb442270c,0.2995933122458201,autoland,3779647,13,a34e21034f2e3c317ebb3d485012938d48ad04ac,macosx1015-64-shippable-qr,True,False,,|f|i|s|s|i|o|n| |w|a|r|m| |w|e|b|r|e|n|d|e|r|,102210fe594ee9b33d82058545b1ed14f4c8206e,PerceptualSpeedIndex,google-docs,True,google-docs PerceptualSpeedIndex opt fission warm webrender,,77,ms,firefox,,1716128655,2023-06-22 07:29:35,1261886,,,,,,,,,,,,,,,,,,,,,,,,,,,,,,,,,,,,,,,,,,,,,,,,,TN
244,3d85ee9f4f736ebc38b26fed33c8681bb512aa92,0.35155896972435596,autoland,3779647,13,a34e21034f2e3c317ebb3d485012938d48ad04ac,macosx1015-64-shippable-qr,True,False,,|f|i|s|s|i|o|n| |w|a|r|m| |w|e|b|r|e|n|d|e|r|,102210fe594ee9b33d82058545b1ed14f4c8206e,PerceptualSpeedIndex,google-docs,True,google-docs PerceptualSpeedIndex opt fission warm webrender,,77,ms,firefox,,1716239252,2023-06-22 11:39:08,1262053,,,,,,,,,,,,,,,,,,,,,,,,,,,,,,,,,,,,,,,,,,,,,,,,,TN
245,b9e51e69d0451a93822b61cc15d72666124f02dd,0.3438770899231811,autoland,3779647,13,a34e21034f2e3c317ebb3d485012938d48ad04ac,macosx1015-64-shippable-qr,True,False,,|f|i|s|s|i|o|n| |w|a|r|m| |w|e|b|r|e|n|d|e|r|,102210fe594ee9b33d82058545b1ed14f4c8206e,PerceptualSpeedIndex,google-docs,True,google-docs PerceptualSpeedIndex opt fission warm webrender,,77,ms,firefox,,1716377224,2023-06-22 14:41:02,1262179,,,,,,,,,,,,,,,,,,,,,,,,,,,,,,,,,,,,,,,,,,,,,,,,,TN
246,3ca20b10728e84a6990e718a045dff56cc971095,0.26208766380479,autoland,3779647,13,a34e21034f2e3c317ebb3d485012938d48ad04ac,macosx1015-64-shippable-qr,True,False,,|f|i|s|s|i|o|n| |w|a|r|m| |w|e|b|r|e|n|d|e|r|,102210fe594ee9b33d82058545b1ed14f4c8206e,PerceptualSpeedIndex,google-docs,True,google-docs PerceptualSpeedIndex opt fission warm webrender,,77,ms,firefox,,1716839767,2023-06-22 16:17:16,1262281,,,,,,,,,,,,,,,,,,,,,,,,,,,,,,,,,,,,,,,,,,,,,,,,,TN
247,8319e8c25b28a1b598027e583d0b98267a83df3b,0.2627654767284229,autoland,3779647,13,a34e21034f2e3c317ebb3d485012938d48ad04ac,macosx1015-64-shippable-qr,True,False,,|f|i|s|s|i|o|n| |w|a|r|m| |w|e|b|r|e|n|d|e|r|,102210fe594ee9b33d82058545b1ed14f4c8206e,PerceptualSpeedIndex,google-docs,True,google-docs PerceptualSpeedIndex opt fission warm webrender,,77,ms,firefox,,1716816074,2023-06-22 16:18:05,1262282,,,,,,,,,,,,,,,,,,,,,,,,,,,,,,,,,,,,,,,,,,,,,,,,,TN
248,ab974ebe59e520c7ccfb29a7f17742be7ae4f5e8,0.3187980117487572,autoland,3779647,13,a34e21034f2e3c317ebb3d485012938d48ad04ac,macosx1015-64-shippable-qr,True,False,,|f|i|s|s|i|o|n| |w|a|r|m| |w|e|b|r|e|n|d|e|r|,102210fe594ee9b33d82058545b1ed14f4c8206e,PerceptualSpeedIndex,google-docs,True,google-docs PerceptualSpeedIndex opt fission warm webrender,,77,ms,firefox,,1716826937,2023-06-22 16:44:55,1262293,,,,,,,,,,,,,,,,,,,,,,,,,,,,,,,,,,,,,,,,,,,,,,,,,TN
249,3a16cb4731cdb6baad2db46ddec526fadb078136,0.3395842747401716,autoland,3779647,13,a34e21034f2e3c317ebb3d485012938d48ad04ac,macosx1015-64-shippable-qr,True,False,,|f|i|s|s|i|o|n| |w|a|r|m| |w|e|b|r|e|n|d|e|r|,102210fe594ee9b33d82058545b1ed14f4c8206e,PerceptualSpeedIndex,google-docs,True,google-docs PerceptualSpeedIndex opt fission warm webrender,,77,ms,firefox,,1716829998,2023-06-22 17:07:52,1262300,,,,,,,,,,,,,,,,,,,,,,,,,,,,,,,,,,,,,,,,,,,,,,,,,TN
250,9a98c67180c5914db4ca78d4fc36d6d0721d24a9,0.2559873474920922,autoland,3779647,13,a34e21034f2e3c317ebb3d485012938d48ad04ac,macosx1015-64-shippable-qr,True,False,,|f|i|s|s|i|o|n| |w|a|r|m| |w|e|b|r|e|n|d|e|r|,102210fe594ee9b33d82058545b1ed14f4c8206e,PerceptualSpeedIndex,google-docs,True,google-docs PerceptualSpeedIndex opt fission warm webrender,,77,ms,firefox,,1716713740,2023-06-22 18:48:21,1262325,,,,,,,,,,,,,,,,,,,,,,,,,,,,,,,,,,,,,,,,,,,,,,,,,TN
251,4b261191412d4972eaab59ddb358f2eef865280d,0.26683235427022134,autoland,3779647,13,a34e21034f2e3c317ebb3d485012938d48ad04ac,macosx1015-64-shippable-qr,True,False,,|f|i|s|s|i|o|n| |w|a|r|m| |w|e|b|r|e|n|d|e|r|,102210fe594ee9b33d82058545b1ed14f4c8206e,PerceptualSpeedIndex,google-docs,True,google-docs PerceptualSpeedIndex opt fission warm webrender,,77,ms,firefox,,1716718398,2023-06-22 19:02:55,1262337,,,,,,,,,,,,,,,,,,,,,,,,,,,,,,,,,,,,,,,,,,,,,,,,,TN
252,ec702239c313d37f8ee8d6b4d9b78aba8d4b6580,0.23610483506552193,autoland,3779647,13,a34e21034f2e3c317ebb3d485012938d48ad04ac,macosx1015-64-shippable-qr,True,False,,|f|i|s|s|i|o|n| |w|a|r|m| |w|e|b|r|e|n|d|e|r|,102210fe594ee9b33d82058545b1ed14f4c8206e,PerceptualSpeedIndex,google-docs,True,google-docs PerceptualSpeedIndex opt fission warm webrender,,77,ms,firefox,,1716778453,2023-06-22 22:58:49,1262495,,,,,,,,,,,,,,,,,,,,,,,,,,,,,,,,,,,,,,,,,,,,,,,,,TN
253,a9c0bee966a1e0b10528a9b41b3dcea34ee95b83,0.3603705377315862,autoland,3779647,13,a34e21034f2e3c317ebb3d485012938d48ad04ac,macosx1015-64-shippable-qr,True,False,,|f|i|s|s|i|o|n| |w|a|r|m| |w|e|b|r|e|n|d|e|r|,102210fe594ee9b33d82058545b1ed14f4c8206e,PerceptualSpeedIndex,google-docs,True,google-docs PerceptualSpeedIndex opt fission warm webrender,,77,ms,firefox,,1716868374,2023-06-23 03:22:10,1262648,,,,,,,,,,,,,,,,,,,,,,,,,,,,,,,,,,,,,,,,,,,,,,,,,TN
254,e6ebe768e49bf43fc6465b297a817d1e4994af82,0.25756891098056944,autoland,3779647,13,a34e21034f2e3c317ebb3d485012938d48ad04ac,macosx1015-64-shippable-qr,True,False,,|f|i|s|s|i|o|n| |w|a|r|m| |w|e|b|r|e|n|d|e|r|,102210fe594ee9b33d82058545b1ed14f4c8206e,PerceptualSpeedIndex,google-docs,True,google-docs PerceptualSpeedIndex opt fission warm webrender,,77,ms,firefox,,1716858123,2023-06-23 06:38:21,1262712,,,,,,,,,,,,,,,,,,,,,,,,,,,,,,,,,,,,,,,,,,,,,,,,,TN
255,21d4902198ae482d7fd52735881f90fb09ffaa07,0.2704473565295977,autoland,3779647,13,a34e21034f2e3c317ebb3d485012938d48ad04ac,macosx1015-64-shippable-qr,True,False,,|f|i|s|s|i|o|n| |w|a|r|m| |w|e|b|r|e|n|d|e|r|,102210fe594ee9b33d82058545b1ed14f4c8206e,PerceptualSpeedIndex,google-docs,True,google-docs PerceptualSpeedIndex opt fission warm webrender,,77,ms,firefox,,1717165471,2023-06-23 14:10:04,1262960,,,,,,,,,,,,,,,,,,,,,,,,,,,,,,,,,,,,,,,,,,,,,,,,,TN
256,801ba619d741b520231e6a0791457e7b44bef641,0.2756439222774516,autoland,3779647,13,a34e21034f2e3c317ebb3d485012938d48ad04ac,macosx1015-64-shippable-qr,True,False,,|f|i|s|s|i|o|n| |w|a|r|m| |w|e|b|r|e|n|d|e|r|,102210fe594ee9b33d82058545b1ed14f4c8206e,PerceptualSpeedIndex,google-docs,True,google-docs PerceptualSpeedIndex opt fission warm webrender,,77,ms,firefox,,1717147353,2023-06-23 14:24:51,1262973,,,,,,,,,,,,,,,,,,,,,,,,,,,,,,,,,,,,,,,,,,,,,,,,,TN
257,efb1631077da0ef473b1fe37d64cd6f652c34f37,0.2408495255309533,autoland,3779647,13,a34e21034f2e3c317ebb3d485012938d48ad04ac,macosx1015-64-shippable-qr,True,False,,|f|i|s|s|i|o|n| |w|a|r|m| |w|e|b|r|e|n|d|e|r|,102210fe594ee9b33d82058545b1ed14f4c8206e,PerceptualSpeedIndex,google-docs,True,google-docs PerceptualSpeedIndex opt fission warm webrender,,77,ms,firefox,,1717215451,2023-06-23 18:49:22,1263094,,,,,,,,,,,,,,,,,,,,,,,,,,,,,,,,,,,,,,,,,,,,,,,,,TN
258,3cfaf216653a2de7529a3bc74907ea4fecc21912,0.23633077270673275,autoland,3779647,13,a34e21034f2e3c317ebb3d485012938d48ad04ac,macosx1015-64-shippable-qr,True,False,,|f|i|s|s|i|o|n| |w|a|r|m| |w|e|b|r|e|n|d|e|r|,102210fe594ee9b33d82058545b1ed14f4c8206e,PerceptualSpeedIndex,google-docs,True,google-docs PerceptualSpeedIndex opt fission warm webrender,,77,ms,firefox,,1717229484,2023-06-23 19:29:51,1263108,,,,,,,,,,,,,,,,,,,,,,,,,,,,,,,,,,,,,,,,,,,,,,,,,TN
259,45c221c4d7560f0ab2b6f7c4d113e2f96d73e994,0.23023045639403517,autoland,3779647,13,a34e21034f2e3c317ebb3d485012938d48ad04ac,macosx1015-64-shippable-qr,True,False,,|f|i|s|s|i|o|n| |w|a|r|m| |w|e|b|r|e|n|d|e|r|,102210fe594ee9b33d82058545b1ed14f4c8206e,PerceptualSpeedIndex,google-docs,True,google-docs PerceptualSpeedIndex opt fission warm webrender,,77,ms,firefox,,1717259501,2023-06-23 23:33:35,1263150,,,,,,,,,,,,,,,,,,,,,,,,,,,,,,,,,,,,,,,,,,,,,,,,,TN
260,31d5ffaf0b16a722c89e3bc6043d1a6dd2df4f59,0.2611839132399456,autoland,3779647,13,a34e21034f2e3c317ebb3d485012938d48ad04ac,macosx1015-64-shippable-qr,True,False,,|f|i|s|s|i|o|n| |w|a|r|m| |w|e|b|r|e|n|d|e|r|,102210fe594ee9b33d82058545b1ed14f4c8206e,PerceptualSpeedIndex,google-docs,True,google-docs PerceptualSpeedIndex opt fission warm webrender,,77,ms,firefox,,1717392273,2023-06-24 17:55:21,1263267,,,,,,,,,,,,,,,,,,,,,,,,,,,,,,,,,,,,,,,,,,,,,,,,,TN
261,a529a3830f684519fc2c2ffb6fbe1b1e77930e71,0.22819701762313604,autoland,3779647,13,a34e21034f2e3c317ebb3d485012938d48ad04ac,macosx1015-64-shippable-qr,True,False,,|f|i|s|s|i|o|n| |w|a|r|m| |w|e|b|r|e|n|d|e|r|,102210fe594ee9b33d82058545b1ed14f4c8206e,PerceptualSpeedIndex,google-docs,True,google-docs PerceptualSpeedIndex opt fission warm webrender,,77,ms,firefox,,1717503457,2023-06-25 11:25:42,1263317,,,,,,,,,,,,,,,,,,,,,,,,,,,,,,,,,,,,,,,,,,,,,,,,,TN
262,391b29854d65124c758af8d7a7765b53ec46b9bf,0.29484862178038873,autoland,3779647,13,a34e21034f2e3c317ebb3d485012938d48ad04ac,macosx1015-64-shippable-qr,True,False,,|f|i|s|s|i|o|n| |w|a|r|m| |w|e|b|r|e|n|d|e|r|,102210fe594ee9b33d82058545b1ed14f4c8206e,PerceptualSpeedIndex,google-docs,True,google-docs PerceptualSpeedIndex opt fission warm webrender,,77,ms,firefox,,1717629665,2023-06-26 01:53:17,1263401,,,,,,,,,,,,,,,,,,,,,,,,,,,,,,,,,,,,,,,,,,,,,,,,,TN
263,b8784b3350a10d9ba119e133ba1afe2fa2862b64,0.23384545865341178,autoland,3779647,13,a34e21034f2e3c317ebb3d485012938d48ad04ac,macosx1015-64-shippable-qr,True,False,,|f|i|s|s|i|o|n| |w|a|r|m| |w|e|b|r|e|n|d|e|r|,102210fe594ee9b33d82058545b1ed14f4c8206e,PerceptualSpeedIndex,google-docs,True,google-docs PerceptualSpeedIndex opt fission warm webrender,,77,ms,firefox,,1717720235,2023-06-26 08:39:50,1263470,,,,,,,,,,,,,,,,,,,,,,,,,,,,,,,,,,,,,,,,,,,,,,,,,TN
264,147bbf0910da38bd103a6cac5b77bca042225107,0.24062358788974247,autoland,3779647,13,a34e21034f2e3c317ebb3d485012938d48ad04ac,macosx1015-64-shippable-qr,True,False,,|f|i|s|s|i|o|n| |w|a|r|m| |w|e|b|r|e|n|d|e|r|,102210fe594ee9b33d82058545b1ed14f4c8206e,PerceptualSpeedIndex,google-docs,True,google-docs PerceptualSpeedIndex opt fission warm webrender,,77,ms,firefox,,1717823619,2023-06-26 12:15:47,1263599,,,,,,,,,,,,,,,,,,,,,,,,,,,,,,,,,,,,,,,,,,,,,,,,,TN
265,0df3bf668e3f51bd027ba30815ee883bb23a0b77,0.26570266606416615,autoland,3779647,13,a34e21034f2e3c317ebb3d485012938d48ad04ac,macosx1015-64-shippable-qr,True,False,,|f|i|s|s|i|o|n| |w|a|r|m| |w|e|b|r|e|n|d|e|r|,102210fe594ee9b33d82058545b1ed14f4c8206e,PerceptualSpeedIndex,google-docs,True,google-docs PerceptualSpeedIndex opt fission warm webrender,,77,ms,firefox,,1718715457,2023-06-26 12:52:40,1263636,,,,,,,,,,,,,,,,,,,,,,,,,,,,,,,,,,,,,,,,,,,,,,,,,TN
266,b6233acd02848323203feb0864cfc994aaa0f4f3,0.25756891098056944,autoland,3779647,13,a34e21034f2e3c317ebb3d485012938d48ad04ac,macosx1015-64-shippable-qr,True,False,,|f|i|s|s|i|o|n| |w|a|r|m| |w|e|b|r|e|n|d|e|r|,102210fe594ee9b33d82058545b1ed14f4c8206e,PerceptualSpeedIndex,google-docs,True,google-docs PerceptualSpeedIndex opt fission warm webrender,,77,ms,firefox,,1718718100,2023-06-26 13:02:45,1263648,,,,,,,,,,,,,,,,,,,,,,,,,,,,,,,,,,,,,,,,,,,,,,,,,TN
267,43533d1489bc82330991d4cbac2d5b8e704b7558,0.2519204699502937,autoland,3779647,13,a34e21034f2e3c317ebb3d485012938d48ad04ac,macosx1015-64-shippable-qr,True,False,,|f|i|s|s|i|o|n| |w|a|r|m| |w|e|b|r|e|n|d|e|r|,102210fe594ee9b33d82058545b1ed14f4c8206e,PerceptualSpeedIndex,google-docs,True,google-docs PerceptualSpeedIndex opt fission warm webrender,,77,ms,firefox,,1718637288,2023-06-26 19:17:54,1263990,,,,,,,,,,,,,,,,,,,,,,,,,,,,,,,,,,,,,,,,,,,,,,,,,TN
268,e0d8554167a0aad02af68198462e91dd05958593,0.21915951197469496,autoland,3779647,13,a34e21034f2e3c317ebb3d485012938d48ad04ac,macosx1015-64-shippable-qr,True,False,,|f|i|s|s|i|o|n| |w|a|r|m| |w|e|b|r|e|n|d|e|r|,102210fe594ee9b33d82058545b1ed14f4c8206e,PerceptualSpeedIndex,google-docs,True,google-docs PerceptualSpeedIndex opt fission warm webrender,,77,ms,firefox,,1718833017,2023-06-27 04:20:21,1264240,,,,,,,,,,,,,,,,,,,,,,,,,,,,,,,,,,,,,,,,,,,,,,,,,TN
269,e963fffcb3a0375f0c08e6c62d4300cbf79fba0b,0.24310890194306367,autoland,3779647,13,a34e21034f2e3c317ebb3d485012938d48ad04ac,macosx1015-64-shippable-qr,True,False,,|f|i|s|s|i|o|n| |w|a|r|m| |w|e|b|r|e|n|d|e|r|,102210fe594ee9b33d82058545b1ed14f4c8206e,PerceptualSpeedIndex,google-docs,True,google-docs PerceptualSpeedIndex opt fission warm webrender,,77,ms,firefox,,1718848274,2023-06-27 07:09:08,1264287,,,,,,,,,,,,,,,,,,,,,,,,,,,,,,,,,,,,,,,,,,,,,,,,,TN
270,96efb14c1b2e225253f22aae7b217fdd48b4cb9f,0.22593764121102589,autoland,3779647,13,a34e21034f2e3c317ebb3d485012938d48ad04ac,macosx1015-64-shippable-qr,True,False,,|f|i|s|s|i|o|n| |w|a|r|m| |w|e|b|r|e|n|d|e|r|,102210fe594ee9b33d82058545b1ed14f4c8206e,PerceptualSpeedIndex,google-docs,True,google-docs PerceptualSpeedIndex opt fission warm webrender,,77,ms,firefox,,1718926447,2023-06-27 11:13:52,1264423,,,,,,,,,,,,,,,,,,,,,,,,,,,,,,,,,,,,,,,,,,,,,,,,,TN
271,c041b113d5acbf06ba2e6161d9a1ef4fa5b3636b,0.3572074107546317,autoland,3779647,13,a34e21034f2e3c317ebb3d485012938d48ad04ac,macosx1015-64-shippable-qr,True,False,,|f|i|s|s|i|o|n| |w|a|r|m| |w|e|b|r|e|n|d|e|r|,102210fe594ee9b33d82058545b1ed14f4c8206e,PerceptualSpeedIndex,google-docs,True,google-docs PerceptualSpeedIndex opt fission warm webrender,,77,ms,firefox,,1718910071,2023-06-27 15:57:28,1264575,,,,,,,,,,,,,,,,,,,,,,,,,,,,,,,,,,,,,,,,,,,,,,,,,TN
272,da38525a017e6dd411f2c2ccd84d286d86bdad8d,0.2553095345684593,autoland,3779647,13,a34e21034f2e3c317ebb3d485012938d48ad04ac,macosx1015-64-shippable-qr,True,False,,|f|i|s|s|i|o|n| |w|a|r|m| |w|e|b|r|e|n|d|e|r|,102210fe594ee9b33d82058545b1ed14f4c8206e,PerceptualSpeedIndex,google-docs,True,google-docs PerceptualSpeedIndex opt fission warm webrender,,77,ms,firefox,,1718885993,2023-06-27 16:17:01,1264584,,,,,,,,,,,,,,,,,,,,,,,,,,,,,,,,,,,,,,,,,,,,,,,,,TN
273,80adb872a3d1e32f459e5cf3bc77e47008da925f,0.3567555354722096,autoland,3779647,13,a34e21034f2e3c317ebb3d485012938d48ad04ac,macosx1015-64-shippable-qr,True,False,,|f|i|s|s|i|o|n| |w|a|r|m| |w|e|b|r|e|n|d|e|r|,102210fe594ee9b33d82058545b1ed14f4c8206e,PerceptualSpeedIndex,google-docs,True,google-docs PerceptualSpeedIndex opt fission warm webrender,,77,ms,firefox,,1718931606,2023-06-27 20:57:27,1264834,,,,,,,,,,,,,,,,,,,,,,,,,,,,,,,,,,,,,,,,,,,,,,,,,TN
274,591e3233df273509a8c0d0ccd1cc32795ae584dc,0.2537279710799818,autoland,3779647,13,a34e21034f2e3c317ebb3d485012938d48ad04ac,macosx1015-64-shippable-qr,True,False,,|f|i|s|s|i|o|n| |w|a|r|m| |w|e|b|r|e|n|d|e|r|,102210fe594ee9b33d82058545b1ed14f4c8206e,PerceptualSpeedIndex,google-docs,True,google-docs PerceptualSpeedIndex opt fission warm webrender,,77,ms,firefox,,1718958718,2023-06-28 00:04:05,1264952,,,,,,,,,,,,,,,,,,,,,,,,,,,,,,,,,,,,,,,,,,,,,,,,,TN
275,ecb2997338f1c9a2059192ce04d01243537176b9,0.24920921825576148,autoland,3779647,13,a34e21034f2e3c317ebb3d485012938d48ad04ac,macosx1015-64-shippable-qr,True,False,,|f|i|s|s|i|o|n| |w|a|r|m| |w|e|b|r|e|n|d|e|r|,102210fe594ee9b33d82058545b1ed14f4c8206e,PerceptualSpeedIndex,google-docs,True,google-docs PerceptualSpeedIndex opt fission warm webrender,,77,ms,firefox,,1718978487,2023-06-28 03:09:49,1265035,,,,,,,,,,,,,,,,,,,,,,,,,,,,,,,,,,,,,,,,,,,,,,,,,TN
276,51b6f36ff37d4b6906ec5cab830b1e283c6f7395,0.2568910980569361,autoland,3779647,13,a34e21034f2e3c317ebb3d485012938d48ad04ac,macosx1015-64-shippable-qr,True,False,,|f|i|s|s|i|o|n| |w|a|r|m| |w|e|b|r|e|n|d|e|r|,102210fe594ee9b33d82058545b1ed14f4c8206e,PerceptualSpeedIndex,google-docs,True,google-docs PerceptualSpeedIndex opt fission warm webrender,,77,ms,firefox,,1719016241,2023-06-28 07:19:30,1265110,,,,,,,,,,,,,,,,,,,,,,,,,,,,,,,,,,,,,,,,,,,,,,,,,TN
277,3b7b3970a88459c11033effb61df89644e963bda,0.2413014008133756,autoland,3779647,13,a34e21034f2e3c317ebb3d485012938d48ad04ac,macosx1015-64-shippable-qr,True,False,,|f|i|s|s|i|o|n| |w|a|r|m| |w|e|b|r|e|n|d|e|r|,102210fe594ee9b33d82058545b1ed14f4c8206e,PerceptualSpeedIndex,google-docs,True,google-docs PerceptualSpeedIndex opt fission warm webrender,,77,ms,firefox,,1719450788,2023-06-28 11:29:09,1265214,,,,,,,,,,,,,,,,,,,,,,,,,,,,,,,,,,,,,,,,,,,,,,,,,TN
278,c20ba5651ee046629ef49efd2e49f6214c3ae520,0.23994577496610936,autoland,3779647,13,a34e21034f2e3c317ebb3d485012938d48ad04ac,macosx1015-64-shippable-qr,True,False,,|f|i|s|s|i|o|n| |w|a|r|m| |w|e|b|r|e|n|d|e|r|,102210fe594ee9b33d82058545b1ed14f4c8206e,PerceptualSpeedIndex,google-docs,True,google-docs PerceptualSpeedIndex opt fission warm webrender,,77,ms,firefox,,1719499383,2023-06-28 14:16:43,1265309,,,,,,,,,,,,,,,,,,,,,,,,,,,,,,,,,,,,,,,,,,,,,,,,,TN
279,7f8cab56aed6b18878c445b25ab157c73db33453,0.22254857659286054,autoland,3779647,13,a34e21034f2e3c317ebb3d485012938d48ad04ac,macosx1015-64-shippable-qr,True,False,,|f|i|s|s|i|o|n| |w|a|r|m| |w|e|b|r|e|n|d|e|r|,102210fe594ee9b33d82058545b1ed14f4c8206e,PerceptualSpeedIndex,google-docs,True,google-docs PerceptualSpeedIndex opt fission warm webrender,,77,ms,firefox,,1719613079,2023-06-28 17:30:42,1265469,,,,,,,,,,,,,,,,,,,,,,,,,,,,,,,,,,,,,,,,,,,,,,,,,TN
280,c5e56896abbfc645ab1dff9eba0e565d5904e98c,0.2684139177586986,autoland,3779647,13,a34e21034f2e3c317ebb3d485012938d48ad04ac,macosx1015-64-shippable-qr,True,False,,|f|i|s|s|i|o|n| |w|a|r|m| |w|e|b|r|e|n|d|e|r|,102210fe594ee9b33d82058545b1ed14f4c8206e,PerceptualSpeedIndex,google-docs,True,google-docs PerceptualSpeedIndex opt fission warm webrender,,77,ms,firefox,,1719603596,2023-06-28 17:33:37,1265471,,,,,,,,,,,,,,,,,,,,,,,,,,,,,,,,,,,,,,,,,,,,,,,,,TN
281,0df511b69760b69959818e34e07aa74a0ad7061a,0.0,autoland,3779647,13,a34e21034f2e3c317ebb3d485012938d48ad04ac,macosx1015-64-shippable-qr,True,False,,|f|i|s|s|i|o|n| |w|a|r|m| |w|e|b|r|e|n|d|e|r|,102210fe594ee9b33d82058545b1ed14f4c8206e,PerceptualSpeedIndex,google-docs,True,google-docs PerceptualSpeedIndex opt fission warm webrender,,77,ms,firefox,,1719522278,2023-06-28 17:34:48,1265473,,,,,,,,,,,,,,,,,,,,,,,,,,,,,,,,,,,,,,,,,,,,,,,,,TN
282,3d01de27a80e9d17c671b0b47d83f082e36756e3,0.255083596927248,autoland,3779647,13,a34e21034f2e3c317ebb3d485012938d48ad04ac,macosx1015-64-shippable-qr,True,False,,|f|i|s|s|i|o|n| |w|a|r|m| |w|e|b|r|e|n|d|e|r|,102210fe594ee9b33d82058545b1ed14f4c8206e,PerceptualSpeedIndex,google-docs,True,google-docs PerceptualSpeedIndex opt fission warm webrender,,77,ms,firefox,,1719606546,2023-06-28 17:43:59,1265482,,,,,,,,,,,,,,,,,,,,,,,,,,,,,,,,,,,,,,,,,,,,,,,,,TN
283,be8d0f74f05a50e82bab53a7bb9d6b7a447d1be3,0.2444645277903299,autoland,3779647,13,a34e21034f2e3c317ebb3d485012938d48ad04ac,macosx1015-64-shippable-qr,True,False,,|f|i|s|s|i|o|n| |w|a|r|m| |w|e|b|r|e|n|d|e|r|,102210fe594ee9b33d82058545b1ed14f4c8206e,PerceptualSpeedIndex,google-docs,True,google-docs PerceptualSpeedIndex opt fission warm webrender,,77,ms,firefox,,1719607936,2023-06-28 17:50:41,1265490,,,,,,,,,,,,,,,,,,,,,,,,,,,,,,,,,,,,,,,,,,,,,,,,,TN
284,d18ee9401610559d6724af1cf6a4ba7ca620f195,0.21915951197469496,autoland,3779647,13,a34e21034f2e3c317ebb3d485012938d48ad04ac,macosx1015-64-shippable-qr,True,False,,|f|i|s|s|i|o|n| |w|a|r|m| |w|e|b|r|e|n|d|e|r|,102210fe594ee9b33d82058545b1ed14f4c8206e,PerceptualSpeedIndex,google-docs,True,google-docs PerceptualSpeedIndex opt fission warm webrender,,77,ms,firefox,,1719564672,2023-06-28 21:47:35,1265682,,,,,,,,,,,,,,,,,,,,,,,,,,,,,,,,,,,,,,,,,,,,,,,,,TN
285,bab00f4f94d567cf8ccf12e64f4e5cccc2ab6783,0.37279710799819266,autoland,3779647,13,a34e21034f2e3c317ebb3d485012938d48ad04ac,macosx1015-64-shippable-qr,True,False,,|f|i|s|s|i|o|n| |w|a|r|m| |w|e|b|r|e|n|d|e|r|,102210fe594ee9b33d82058545b1ed14f4c8206e,PerceptualSpeedIndex,google-docs,True,google-docs PerceptualSpeedIndex opt fission warm webrender,,77,ms,firefox,,1719605703,2023-06-29 02:28:53,1265821,,,,,,,,,,,,,,,,,,,,,,,,,,,,,,,,,,,,,,,,,,,,,,,,,TN
286,046c4b8aaa8932f15825dc4decd3911bb048e7f5,0.2315860822413014,autoland,3779647,13,a34e21034f2e3c317ebb3d485012938d48ad04ac,macosx1015-64-shippable-qr,True,False,,|f|i|s|s|i|o|n| |w|a|r|m| |w|e|b|r|e|n|d|e|r|,102210fe594ee9b33d82058545b1ed14f4c8206e,PerceptualSpeedIndex,google-docs,True,google-docs PerceptualSpeedIndex opt fission warm webrender,,77,ms,firefox,,1719710655,2023-06-29 08:54:52,1265934,,,,,,,,,,,,,,,,,,,,,,,,,,,,,,,,,,,,,,,,,,,,,,,,,TN
287,538e7a34c2f4c6822b182c662f0f4cdb1e609965,0.23023045639403517,autoland,3779647,13,a34e21034f2e3c317ebb3d485012938d48ad04ac,macosx1015-64-shippable-qr,True,False,,|f|i|s|s|i|o|n| |w|a|r|m| |w|e|b|r|e|n|d|e|r|,102210fe594ee9b33d82058545b1ed14f4c8206e,PerceptualSpeedIndex,google-docs,True,google-docs PerceptualSpeedIndex opt fission warm webrender,,77,ms,firefox,,1720131451,2023-06-29 11:58:43,1266013,,,,,,,,,,,,,,,,,,,,,,,,,,,,,,,,,,,,,,,,,,,,,,,,,TN
288,729e4ffa06cf277175d86f49502ce67a383d09d2,0.2413014008133756,autoland,3779647,13,a34e21034f2e3c317ebb3d485012938d48ad04ac,macosx1015-64-shippable-qr,True,False,,|f|i|s|s|i|o|n| |w|a|r|m| |w|e|b|r|e|n|d|e|r|,102210fe594ee9b33d82058545b1ed14f4c8206e,PerceptualSpeedIndex,google-docs,True,google-docs PerceptualSpeedIndex opt fission warm webrender,,77,ms,firefox,,1720128355,2023-06-29 12:23:15,1266022,,,,,,,,,,,,,,,,,,,,,,,,,,,,,,,,,,,,,,,,,,,,,,,,,TN
289,e784085dfb507c237319c40245ef0b32ddcf82b0,0.2695436059647538,autoland,3779647,13,a34e21034f2e3c317ebb3d485012938d48ad04ac,macosx1015-64-shippable-qr,True,False,,|f|i|s|s|i|o|n| |w|a|r|m| |w|e|b|r|e|n|d|e|r|,102210fe594ee9b33d82058545b1ed14f4c8206e,PerceptualSpeedIndex,google-docs,True,google-docs PerceptualSpeedIndex opt fission warm webrender,,77,ms,firefox,,1719824958,2023-06-29 12:57:39,1266033,,,,,,,,,,,,,,,,,,,,,,,,,,,,,,,,,,,,,,,,,,,,,,,,,TN
290,573b87117fd3efdb12ffb05692f97323c07a9900,0.24401265250790782,autoland,3779647,13,a34e21034f2e3c317ebb3d485012938d48ad04ac,macosx1015-64-shippable-qr,True,False,,|f|i|s|s|i|o|n| |w|a|r|m| |w|e|b|r|e|n|d|e|r|,102210fe594ee9b33d82058545b1ed14f4c8206e,PerceptualSpeedIndex,google-docs,True,google-docs PerceptualSpeedIndex opt fission warm webrender,,77,ms,firefox,,1719918686,2023-06-29 15:22:27,1266105,,,,,,,,,,,,,,,,,,,,,,,,,,,,,,,,,,,,,,,,,,,,,,,,,TN
291,c5ac7e957828eeda97a3af6fc706f41aa567e48e,0.28965205603253485,autoland,3779647,13,a34e21034f2e3c317ebb3d485012938d48ad04ac,macosx1015-64-shippable-qr,True,False,,|f|i|s|s|i|o|n| |w|a|r|m| |w|e|b|r|e|n|d|e|r|,102210fe594ee9b33d82058545b1ed14f4c8206e,PerceptualSpeedIndex,google-docs,True,google-docs PerceptualSpeedIndex opt fission warm webrender,,77,ms,firefox,,1719954439,2023-06-29 19:36:56,1266292,,,,,,,,,,,,,,,,,,,,,,,,,,,,,,,,,,,,,,,,,,,,,,,,,TN
292,e37ddb3aa508e953837fbd08afec4a2aa6f7f5ed,0.20628106642566646,autoland,3779647,13,a34e21034f2e3c317ebb3d485012938d48ad04ac,macosx1015-64-shippable-qr,True,False,,|f|i|s|s|i|o|n| |w|a|r|m| |w|e|b|r|e|n|d|e|r|,102210fe594ee9b33d82058545b1ed14f4c8206e,PerceptualSpeedIndex,google-docs,True,google-docs PerceptualSpeedIndex opt fission warm webrender,,77,ms,firefox,,1719975855,2023-06-29 20:41:17,1266342,,,,,,,,,,,,,,,,,,,,,,,,,,,,,,,,,,,,,,,,,,,,,,,,,TN
293,e547d8e238568d790c74653068edac30240a95c5,0.3633077270673295,autoland,3779647,13,a34e21034f2e3c317ebb3d485012938d48ad04ac,macosx1015-64-shippable-qr,True,False,,|f|i|s|s|i|o|n| |w|a|r|m| |w|e|b|r|e|n|d|e|r|,102210fe594ee9b33d82058545b1ed14f4c8206e,PerceptualSpeedIndex,google-docs,True,google-docs PerceptualSpeedIndex opt fission warm webrender,,77,ms,firefox,,1720059318,2023-06-30 01:00:02,1266447,,,,,,,,,,,,,,,,,,,,,,,,,,,,,,,,,,,,,,,,,,,,,,,,,TN
294,9bc27d87fa29fd921612525cc37e24f0ec3ba76b,0.2742882964301854,autoland,3779647,13,a34e21034f2e3c317ebb3d485012938d48ad04ac,macosx1015-64-shippable-qr,True,False,,|f|i|s|s|i|o|n| |w|a|r|m| |w|e|b|r|e|n|d|e|r|,102210fe594ee9b33d82058545b1ed14f4c8206e,PerceptualSpeedIndex,google-docs,True,google-docs PerceptualSpeedIndex opt fission warm webrender,,77,ms,firefox,,1720167068,2023-06-30 08:19:33,1266526,,,,,,,,,,,,,,,,,,,,,,,,,,,,,,,,,,,,,,,,,,,,,,,,,TN
295,0abcd848f8218f0e2d339bbd497ac60f4a3b752c,0.2598282873926796,autoland,3779647,13,a34e21034f2e3c317ebb3d485012938d48ad04ac,macosx1015-64-shippable-qr,True,False,,|f|i|s|s|i|o|n| |w|a|r|m| |w|e|b|r|e|n|d|e|r|,102210fe594ee9b33d82058545b1ed14f4c8206e,PerceptualSpeedIndex,google-docs,True,google-docs PerceptualSpeedIndex opt fission warm webrender,,77,ms,firefox,,1720260440,2023-06-30 13:51:38,1266633,,,,,,,,,,,,,,,,,,,,,,,,,,,,,,,,,,,,,,,,,,,,,,,,,TN
296,8ee32af33954493677c04d2dad76681d20d37c02,0.28219611387257126,autoland,3779647,13,a34e21034f2e3c317ebb3d485012938d48ad04ac,macosx1015-64-shippable-qr,True,False,,|f|i|s|s|i|o|n| |w|a|r|m| |w|e|b|r|e|n|d|e|r|,102210fe594ee9b33d82058545b1ed14f4c8206e,PerceptualSpeedIndex,google-docs,True,google-docs PerceptualSpeedIndex opt fission warm webrender,,77,ms,firefox,,1720365025,2023-07-01 00:00:49,1266825,,,,,,,,,,,,,,,,,,,,,,,,,,,,,,,,,,,,,,,,,,,,,,,,,TN
297,81b43c5e095f0b0407b6d1a8d4a7f92bf7115e5e,0.2885223678264799,autoland,3779647,13,a34e21034f2e3c317ebb3d485012938d48ad04ac,macosx1015-64-shippable-qr,True,False,,|f|i|s|s|i|o|n| |w|a|r|m| |w|e|b|r|e|n|d|e|r|,102210fe594ee9b33d82058545b1ed14f4c8206e,PerceptualSpeedIndex,google-docs,True,google-docs PerceptualSpeedIndex opt fission warm webrender,,77,ms,firefox,,1720390289,2023-07-01 02:26:01,1266845,,,,,,,,,,,,,,,,,,,,,,,,,,,,,,,,,,,,,,,,,,,,,,,,,TN
298,93c2b16409e05c7d2b654d2b5356a2b7742b0d18,0.23361952101220074,autoland,3779647,13,a34e21034f2e3c317ebb3d485012938d48ad04ac,macosx1015-64-shippable-qr,True,False,,|f|i|s|s|i|o|n| |w|a|r|m| |w|e|b|r|e|n|d|e|r|,102210fe594ee9b33d82058545b1ed14f4c8206e,PerceptualSpeedIndex,google-docs,True,google-docs PerceptualSpeedIndex opt fission warm webrender,,77,ms,firefox,,1720551739,2023-07-02 10:13:29,1266947,,,,,,,,,,,,,,,,,,,,,,,,,,,,,,,,,,,,,,,,,,,,,,,,,TN
299,8a50b880c83f70597cd2951c74b7e9420d4b55c7,0.23881608676005417,autoland,3779647,13,a34e21034f2e3c317ebb3d485012938d48ad04ac,macosx1015-64-shippable-qr,True,False,,|f|i|s|s|i|o|n| |w|a|r|m| |w|e|b|r|e|n|d|e|r|,102210fe594ee9b33d82058545b1ed14f4c8206e,PerceptualSpeedIndex,google-docs,True,google-docs PerceptualSpeedIndex opt fission warm webrender,,77,ms,firefox,,1720583266,2023-07-02 16:18:34,1266959,,,,,,,,,,,,,,,,,,,,,,,,,,,,,,,,,,,,,,,,,,,,,,,,,TN
300,03b04345a888d738f358fc74595aabb1dfb2685c,0.26253953908721184,autoland,3779647,13,a34e21034f2e3c317ebb3d485012938d48ad04ac,macosx1015-64-shippable-qr,True,False,,|f|i|s|s|i|o|n| |w|a|r|m| |w|e|b|r|e|n|d|e|r|,102210fe594ee9b33d82058545b1ed14f4c8206e,PerceptualSpeedIndex,google-docs,True,google-docs PerceptualSpeedIndex opt fission warm webrender,,77,ms,firefox,,1720644746,2023-07-03 04:14:26,1267009,,,,,,,,,,,,,,,,,,,,,,,,,,,,,,,,,,,,,,,,,,,,,,,,,TN
301,3463727761e55956f8308f38f71b1654b79497ca,0.2315860822413014,autoland,3779647,13,a34e21034f2e3c317ebb3d485012938d48ad04ac,macosx1015-64-shippable-qr,True,False,,|f|i|s|s|i|o|n| |w|a|r|m| |w|e|b|r|e|n|d|e|r|,102210fe594ee9b33d82058545b1ed14f4c8206e,PerceptualSpeedIndex,google-docs,True,google-docs PerceptualSpeedIndex opt fission warm webrender,,77,ms,firefox,,1720728359,2023-07-03 08:58:45,1267059,,,,,,,,,,,,,,,,,,,,,,,,,,,,,,,,,,,,,,,,,,,,,,,,,TN
302,90c1c72030a4d515720d44706816256c0a1e30a8,0.2598282873926796,autoland,3779647,13,a34e21034f2e3c317ebb3d485012938d48ad04ac,macosx1015-64-shippable-qr,True,False,,|f|i|s|s|i|o|n| |w|a|r|m| |w|e|b|r|e|n|d|e|r|,102210fe594ee9b33d82058545b1ed14f4c8206e,PerceptualSpeedIndex,google-docs,True,google-docs PerceptualSpeedIndex opt fission warm webrender,,77,ms,firefox,,1720722864,2023-07-03 08:59:44,1267060,,,,,,,,,,,,,,,,,,,,,,,,,,,,,,,,,,,,,,,,,,,,,,,,,TN
303,9d50665254899d8431813bdc04178e6006ce6d59,0.25960234975146856,autoland,3779647,13,a34e21034f2e3c317ebb3d485012938d48ad04ac,macosx1015-64-shippable-qr,True,False,,|f|i|s|s|i|o|n| |w|a|r|m| |w|e|b|r|e|n|d|e|r|,102210fe594ee9b33d82058545b1ed14f4c8206e,PerceptualSpeedIndex,google-docs,True,google-docs PerceptualSpeedIndex opt fission warm webrender,,77,ms,firefox,,1720765290,2023-07-03 14:20:46,1267108,,,,,,,,,,,,,,,,,,,,,,,,,,,,,,,,,,,,,,,,,,,,,,,,,TN
304,aeb5ae5a78c2b7650ac9946aa8d0f40e0cfe98bb,0.2688657930411207,autoland,3779647,13,a34e21034f2e3c317ebb3d485012938d48ad04ac,macosx1015-64-shippable-qr,True,False,,|f|i|s|s|i|o|n| |w|a|r|m| |w|e|b|r|e|n|d|e|r|,102210fe594ee9b33d82058545b1ed14f4c8206e,PerceptualSpeedIndex,google-docs,True,google-docs PerceptualSpeedIndex opt fission warm webrender,,77,ms,firefox,,1720892459,2023-07-03 14:22:54,1267111,,,,,,,,,,,,,,,,,,,,,,,,,,,,,,,,,,,,,,,,,,,,,,,,,TN
305,a820608802f2194dfc19272bf19b7124a7349b79,0.2559873474920922,autoland,3779647,13,a34e21034f2e3c317ebb3d485012938d48ad04ac,macosx1015-64-shippable-qr,True,False,,|f|i|s|s|i|o|n| |w|a|r|m| |w|e|b|r|e|n|d|e|r|,102210fe594ee9b33d82058545b1ed14f4c8206e,PerceptualSpeedIndex,google-docs,True,google-docs PerceptualSpeedIndex opt fission warm webrender,,77,ms,firefox,,1720848747,2023-07-04 00:08:48,1267203,,,,,,,,,,,,,,,,,,,,,,,,,,,,,,,,,,,,,,,,,,,,,,,,,TN
306,b2af19e5ff82fa8850262a0693f4941570a30474,0.2523723452327158,autoland,3779647,13,a34e21034f2e3c317ebb3d485012938d48ad04ac,macosx1015-64-shippable-qr,True,False,,|f|i|s|s|i|o|n| |w|a|r|m| |w|e|b|r|e|n|d|e|r|,102210fe594ee9b33d82058545b1ed14f4c8206e,PerceptualSpeedIndex,google-docs,True,google-docs PerceptualSpeedIndex opt fission warm webrender,,77,ms,firefox,,1720887549,2023-07-04 04:57:05,1267245,,,,,,,,,,,,,,,,,,,,,,,,,,,,,,,,,,,,,,,,,,,,,,,,,TN
307,54bec48c8d6e571fdfbc0694895c371fd3fd08f9,0.23429733393583363,autoland,3779647,13,a34e21034f2e3c317ebb3d485012938d48ad04ac,macosx1015-64-shippable-qr,True,False,,|f|i|s|s|i|o|n| |w|a|r|m| |w|e|b|r|e|n|d|e|r|,102210fe594ee9b33d82058545b1ed14f4c8206e,PerceptualSpeedIndex,google-docs,True,google-docs PerceptualSpeedIndex opt fission warm webrender,,77,ms,firefox,,1720979813,2023-07-04 07:10:31,1267272,,,,,,,,,,,,,,,,,,,,,,,,,,,,,,,,,,,,,,,,,,,,,,,,,TN
308,da13368ff947a55756c871582b1b13ffb6fa001d,0.22028920018075016,autoland,3779647,13,a34e21034f2e3c317ebb3d485012938d48ad04ac,macosx1015-64-shippable-qr,True,False,,|f|i|s|s|i|o|n| |w|a|r|m| |w|e|b|r|e|n|d|e|r|,102210fe594ee9b33d82058545b1ed14f4c8206e,PerceptualSpeedIndex,google-docs,True,google-docs PerceptualSpeedIndex opt fission warm webrender,,77,ms,firefox,,1721105517,2023-07-04 11:21:51,1267342,,,,,,,,,,,,,,,,,,,,,,,,,,,,,,,,,,,,,,,,,,,,,,,,,TN
309,3aa1825bf09a37959e97ac4b5eaa3cc4b236b283,0.18910980569362845,autoland,3779647,13,a34e21034f2e3c317ebb3d485012938d48ad04ac,macosx1015-64-shippable-qr,True,False,,|f|i|s|s|i|o|n| |w|a|r|m| |w|e|b|r|e|n|d|e|r|,102210fe594ee9b33d82058545b1ed14f4c8206e,PerceptualSpeedIndex,google-docs,True,google-docs PerceptualSpeedIndex opt fission warm webrender,,77,ms,firefox,,1721102457,2023-07-04 11:29:32,1267347,,,,,,,,,,,,,,,,,,,,,,,,,,,,,,,,,,,,,,,,,,,,,,,,,TN
310,11784c622930ff2f209c0b20dacc04fc8a7a1141,0.21667419792137377,autoland,3779647,13,a34e21034f2e3c317ebb3d485012938d48ad04ac,macosx1015-64-shippable-qr,True,False,,|f|i|s|s|i|o|n| |w|a|r|m| |w|e|b|r|e|n|d|e|r|,102210fe594ee9b33d82058545b1ed14f4c8206e,PerceptualSpeedIndex,google-docs,True,google-docs PerceptualSpeedIndex opt fission warm webrender,,77,ms,firefox,,1721500775,2023-07-04 15:20:28,1267501,,,,,,,,,,,,,,,,,,,,,,,,,,,,,,,,,,,,,,,,,,,,,,,,,TN
311,0b10444298656eb14e13cce5c36dc43c4a4d1bf6,0.2810664256665161,autoland,3779647,13,a34e21034f2e3c317ebb3d485012938d48ad04ac,macosx1015-64-shippable-qr,True,False,,|f|i|s|s|i|o|n| |w|a|r|m| |w|e|b|r|e|n|d|e|r|,102210fe594ee9b33d82058545b1ed14f4c8206e,PerceptualSpeedIndex,google-docs,True,google-docs PerceptualSpeedIndex opt fission warm webrender,,77,ms,firefox,,1721493883,2023-07-04 15:21:30,1267502,,,,,,,,,,,,,,,,,,,,,,,,,,,,,,,,,,,,,,,,,,,,,,,,,TN
312,cf717d6692eb6ff08bb1d0342645c7c6c1dcf8f7,0.3438770899231811,autoland,3779647,13,a34e21034f2e3c317ebb3d485012938d48ad04ac,macosx1015-64-shippable-qr,True,False,,|f|i|s|s|i|o|n| |w|a|r|m| |w|e|b|r|e|n|d|e|r|,102210fe594ee9b33d82058545b1ed14f4c8206e,PerceptualSpeedIndex,google-docs,True,google-docs PerceptualSpeedIndex opt fission warm webrender,,77,ms,firefox,,1721187078,2023-07-04 15:22:25,1267503,,,,,,,,,,,,,,,,,,,,,,,,,,,,,,,,,,,,,,,,,,,,,,,,,TN
313,a8c47414f934fc13d47ba329f04089ab17eb2407,0.28965205603253485,autoland,3779647,13,a34e21034f2e3c317ebb3d485012938d48ad04ac,macosx1015-64-shippable-qr,True,False,,|f|i|s|s|i|o|n| |w|a|r|m| |w|e|b|r|e|n|d|e|r|,102210fe594ee9b33d82058545b1ed14f4c8206e,PerceptualSpeedIndex,google-docs,True,google-docs PerceptualSpeedIndex opt fission warm webrender,,77,ms,firefox,,1721320301,2023-07-04 19:21:41,1267627,,,,,,,,,,,,,,,,,,,,,,,,,,,,,,,,,,,,,,,,,,,,,,,,,TN
314,3639b6891b332ea6c4ffea87bb2d1139c38b781d,0.24672390420244006,autoland,3779647,13,a34e21034f2e3c317ebb3d485012938d48ad04ac,macosx1015-64-shippable-qr,True,False,,|f|i|s|s|i|o|n| |w|a|r|m| |w|e|b|r|e|n|d|e|r|,102210fe594ee9b33d82058545b1ed14f4c8206e,PerceptualSpeedIndex,google-docs,True,google-docs PerceptualSpeedIndex opt fission warm webrender,,77,ms,firefox,,1721369238,2023-07-04 23:33:38,1267723,,,,,,,,,,,,,,,,,,,,,,,,,,,,,,,,,,,,,,,,,,,,,,,,,TN
315,243ab04b37e31315f3db16a95bf6535124d9edda,0.26366922729326703,autoland,3779647,13,a34e21034f2e3c317ebb3d485012938d48ad04ac,macosx1015-64-shippable-qr,True,False,,|f|i|s|s|i|o|n| |w|a|r|m| |w|e|b|r|e|n|d|e|r|,102210fe594ee9b33d82058545b1ed14f4c8206e,PerceptualSpeedIndex,google-docs,True,google-docs PerceptualSpeedIndex opt fission warm webrender,,77,ms,firefox,,1721504784,2023-07-05 03:49:13,1267756,,,,,,,,,,,,,,,,,,,,,,,,,,,,,,,,,,,,,,,,,,,,,,,,,TN
316,9ab7ea679b12d7e209ada3534abf7baf704fe9d4,0.2573429733393584,autoland,3779647,13,a34e21034f2e3c317ebb3d485012938d48ad04ac,macosx1015-64-shippable-qr,True,False,,|f|i|s|s|i|o|n| |w|a|r|m| |w|e|b|r|e|n|d|e|r|,102210fe594ee9b33d82058545b1ed14f4c8206e,PerceptualSpeedIndex,google-docs,True,google-docs PerceptualSpeedIndex opt fission warm webrender,,77,ms,firefox,,1721555305,2023-07-05 07:58:23,1267796,,,,,,,,,,,,,,,,,,,,,,,,,,,,,,,,,,,,,,,,,,,,,,,,,TN
317,e3f62ea4e59393fe53784906952e9a1417688db1,0.29123361952101234,autoland,3779647,13,a34e21034f2e3c317ebb3d485012938d48ad04ac,macosx1015-64-shippable-qr,True,False,,|f|i|s|s|i|o|n| |w|a|r|m| |w|e|b|r|e|n|d|e|r|,102210fe594ee9b33d82058545b1ed14f4c8206e,PerceptualSpeedIndex,google-docs,True,google-docs PerceptualSpeedIndex opt fission warm webrender,,77,ms,firefox,,1721640638,2023-07-05 09:46:48,1267838,,,,,,,,,,,,,,,,,,,,,,,,,,,,,,,,,,,,,,,,,,,,,,,,,TN
318,cee4ab20ddeef57e9b72447e753e72ed2eb244cf,0.19317668323542714,autoland,3779647,13,a34e21034f2e3c317ebb3d485012938d48ad04ac,macosx1015-64-shippable-qr,True,False,,|f|i|s|s|i|o|n| |w|a|r|m| |w|e|b|r|e|n|d|e|r|,102210fe594ee9b33d82058545b1ed14f4c8206e,PerceptualSpeedIndex,google-docs,True,google-docs PerceptualSpeedIndex opt fission warm webrender,,77,ms,firefox,,1721871078,2023-07-05 14:18:53,1267963,,,,,,,,,,,,,,,,,,,,,,,,,,,,,,,,,,,,,,,,,,,,,,,,,TN
319,4613dfbe6bc2e60b1159da46db2edee3018423e1,0.3639855399909624,autoland,3779647,13,a34e21034f2e3c317ebb3d485012938d48ad04ac,macosx1015-64-shippable-qr,True,False,,|f|i|s|s|i|o|n| |w|a|r|m| |w|e|b|r|e|n|d|e|r|,102210fe594ee9b33d82058545b1ed14f4c8206e,PerceptualSpeedIndex,google-docs,True,google-docs PerceptualSpeedIndex opt fission warm webrender,,77,ms,firefox,,1721881386,2023-07-05 14:38:06,1267976,,,,,,,,,,,,,,,,,,,,,,,,,,,,,,,,,,,,,,,,,,,,,,,,,TN
320,674dc1b6026b9fc62707f0df292dfaf1ba6557f1,0.29191143244464524,autoland,3779647,13,a34e21034f2e3c317ebb3d485012938d48ad04ac,macosx1015-64-shippable-qr,True,False,,|f|i|s|s|i|o|n| |w|a|r|m| |w|e|b|r|e|n|d|e|r|,102210fe594ee9b33d82058545b1ed14f4c8206e,PerceptualSpeedIndex,google-docs,True,google-docs PerceptualSpeedIndex opt fission warm webrender,,77,ms,firefox,,1721932534,2023-07-05 18:29:49,1268132,,,,,,,,,,,,,,,,,,,,,,,,,,,,,,,,,,,,,,,,,,,,,,,,,TN
321,712427656ebd8d82b78a42d8e45b973aa7c220d7,0.27496610935381827,autoland,3779647,13,a34e21034f2e3c317ebb3d485012938d48ad04ac,macosx1015-64-shippable-qr,True,False,,|f|i|s|s|i|o|n| |w|a|r|m| |w|e|b|r|e|n|d|e|r|,102210fe594ee9b33d82058545b1ed14f4c8206e,PerceptualSpeedIndex,google-docs,True,google-docs PerceptualSpeedIndex opt fission warm webrender,,77,ms,firefox,,1721949452,2023-07-05 21:03:11,1268236,,,,,,,,,,,,,,,,,,,,,,,,,,,,,,,,,,,,,,,,,,,,,,,,,TN
322,a0647e42fb1f509d753d2baacd7858b3ee9a8821,0.27112516945323106,autoland,3779647,13,a34e21034f2e3c317ebb3d485012938d48ad04ac,macosx1015-64-shippable-qr,True,False,,|f|i|s|s|i|o|n| |w|a|r|m| |w|e|b|r|e|n|d|e|r|,102210fe594ee9b33d82058545b1ed14f4c8206e,PerceptualSpeedIndex,google-docs,True,google-docs PerceptualSpeedIndex opt fission warm webrender,,77,ms,firefox,,1722016293,2023-07-06 01:07:34,1268349,,,,,,,,,,,,,,,,,,,,,,,,,,,,,,,,,,,,,,,,,,,,,,,,,TN
323,1ba8085e68676425907973397d26e7417c1c4a74,0.24514234071396301,autoland,3779647,13,a34e21034f2e3c317ebb3d485012938d48ad04ac,macosx1015-64-shippable-qr,True,False,,|f|i|s|s|i|o|n| |w|a|r|m| |w|e|b|r|e|n|d|e|r|,102210fe594ee9b33d82058545b1ed14f4c8206e,PerceptualSpeedIndex,google-docs,True,google-docs PerceptualSpeedIndex opt fission warm webrender,,77,ms,firefox,,1722109587,2023-07-06 06:12:07,1268405,,,,,,,,,,,,,,,,,,,,,,,,,,,,,,,,,,,,,,,,,,,,,,,,,TN
324,becc2fa2c186914b1a887e40e6f0e9a6643273eb,0.1674197921373699,autoland,3779647,13,a34e21034f2e3c317ebb3d485012938d48ad04ac,macosx1015-64-shippable-qr,True,False,,|f|i|s|s|i|o|n| |w|a|r|m| |w|e|b|r|e|n|d|e|r|,102210fe594ee9b33d82058545b1ed14f4c8206e,PerceptualSpeedIndex,google-docs,True,google-docs PerceptualSpeedIndex opt fission warm webrender,,77,ms,firefox,,1722319921,2023-07-06 11:48:20,1268565,,,,,,,,,,,,,,,,,,,,,,,,,,,,,,,,,,,,,,,,,,,,,,,,,TN
325,5b919b11b30bcc659d499c9290a54c3f91d96bd2,0.21577044735652962,autoland,3779647,13,a34e21034f2e3c317ebb3d485012938d48ad04ac,macosx1015-64-shippable-qr,True,False,,|f|i|s|s|i|o|n| |w|a|r|m| |w|e|b|r|e|n|d|e|r|,102210fe594ee9b33d82058545b1ed14f4c8206e,PerceptualSpeedIndex,google-docs,True,google-docs PerceptualSpeedIndex opt fission warm webrender,,77,ms,firefox,,1722558250,2023-07-06 12:38:53,1268598,,,,,,,,,,,,,,,,,,,,,,,,,,,,,,,,,,,,,,,,,,,,,,,,,TN
326,433f58fbe4180052220b584f15de1d1d6fda065a,0.23542702214188882,autoland,3779647,13,a34e21034f2e3c317ebb3d485012938d48ad04ac,macosx1015-64-shippable-qr,True,False,,|f|i|s|s|i|o|n| |w|a|r|m| |w|e|b|r|e|n|d|e|r|,102210fe594ee9b33d82058545b1ed14f4c8206e,PerceptualSpeedIndex,google-docs,True,google-docs PerceptualSpeedIndex opt fission warm webrender,,77,ms,firefox,,1722489814,2023-07-06 16:43:39,1268777,,,,,,,,,,,,,,,,,,,,,,,,,,,,,,,,,,,,,,,,,,,,,,,,,TN
327,08f072ae172f3d48b0361ca0d34ead8a0b254e60,0.26140985088115665,autoland,3779647,13,a34e21034f2e3c317ebb3d485012938d48ad04ac,macosx1015-64-shippable-qr,True,False,,|f|i|s|s|i|o|n| |w|a|r|m| |w|e|b|r|e|n|d|e|r|,102210fe594ee9b33d82058545b1ed14f4c8206e,PerceptualSpeedIndex,google-docs,True,google-docs PerceptualSpeedIndex opt fission warm webrender,,77,ms,firefox,,1722563821,2023-07-06 18:39:07,1268845,,,,,,,,,,,,,,,,,,,,,,,,,,,,,,,,,,,,,,,,,,,,,,,,,TN
328,2c6190b6ecb6ab8933a296c08e753c060a3c2e9b,0.25395390872119306,autoland,3779647,13,a34e21034f2e3c317ebb3d485012938d48ad04ac,macosx1015-64-shippable-qr,True,False,,|f|i|s|s|i|o|n| |w|a|r|m| |w|e|b|r|e|n|d|e|r|,102210fe594ee9b33d82058545b1ed14f4c8206e,PerceptualSpeedIndex,google-docs,True,google-docs PerceptualSpeedIndex opt fission warm webrender,,77,ms,firefox,,1722576896,2023-07-06 20:44:41,1268939,,,,,,,,,,,,,,,,,,,,,,,,,,,,,,,,,,,,,,,,,,,,,,,,,TN
329,acd3d81337398ace5cd75f251f18da388ed281fa,0.23023045639403517,autoland,3779647,13,a34e21034f2e3c317ebb3d485012938d48ad04ac,macosx1015-64-shippable-qr,True,False,,|f|i|s|s|i|o|n| |w|a|r|m| |w|e|b|r|e|n|d|e|r|,102210fe594ee9b33d82058545b1ed14f4c8206e,PerceptualSpeedIndex,google-docs,True,google-docs PerceptualSpeedIndex opt fission warm webrender,,77,ms,firefox,,1722658485,2023-07-07 00:51:02,1269038,,,,,,,,,,,,,,,,,,,,,,,,,,,,,,,,,,,,,,,,,,,,,,,,,TN
330,013763c5f493c6232cfa8502e7bcec4b151d9161,0.34229552643470407,autoland,3779647,13,a34e21034f2e3c317ebb3d485012938d48ad04ac,macosx1015-64-shippable-qr,True,False,,|f|i|s|s|i|o|n| |w|a|r|m| |w|e|b|r|e|n|d|e|r|,102210fe594ee9b33d82058545b1ed14f4c8206e,PerceptualSpeedIndex,google-docs,True,google-docs PerceptualSpeedIndex opt fission warm webrender,,77,ms,firefox,,1722665174,2023-07-07 01:49:15,1269055,,,,,,,,,,,,,,,,,,,,,,,,,,,,,,,,,,,,,,,,,,,,,,,,,TN
331,e4d87ff75575880ea0c0fa09b316e360e4d9492f,0.2555354722096701,autoland,3779647,13,a34e21034f2e3c317ebb3d485012938d48ad04ac,macosx1015-64-shippable-qr,True,False,,|f|i|s|s|i|o|n| |w|a|r|m| |w|e|b|r|e|n|d|e|r|,102210fe594ee9b33d82058545b1ed14f4c8206e,PerceptualSpeedIndex,google-docs,True,google-docs PerceptualSpeedIndex opt fission warm webrender,,77,ms,firefox,,1722702704,2023-07-07 06:17:26,1269097,,,,,,,,,,,,,,,,,,,,,,,,,,,,,,,,,,,,,,,,,,,,,,,,,TN
332,3a88b97290a0fe46c6fbfcf6dacd91c6b6900aeb,0.23926796204247625,autoland,3779647,13,a34e21034f2e3c317ebb3d485012938d48ad04ac,macosx1015-64-shippable-qr,True,False,,|f|i|s|s|i|o|n| |w|a|r|m| |w|e|b|r|e|n|d|e|r|,102210fe594ee9b33d82058545b1ed14f4c8206e,PerceptualSpeedIndex,google-docs,True,google-docs PerceptualSpeedIndex opt fission warm webrender,,77,ms,firefox,,1722808868,2023-07-07 10:08:37,1269195,,,,,,,,,,,,,,,,,,,,,,,,,,,,,,,,,,,,,,,,,,,,,,,,,TN
333,fb62b8660fcaa40ecb0be50aa61ba8005dcbba27,0.2462720289200182,autoland,3779647,13,a34e21034f2e3c317ebb3d485012938d48ad04ac,macosx1015-64-shippable-qr,True,False,,|f|i|s|s|i|o|n| |w|a|r|m| |w|e|b|r|e|n|d|e|r|,102210fe594ee9b33d82058545b1ed14f4c8206e,PerceptualSpeedIndex,google-docs,True,google-docs PerceptualSpeedIndex opt fission warm webrender,,77,ms,firefox,,1722897643,2023-07-07 14:06:48,1269286,,,,,,,,,,,,,,,,,,,,,,,,,,,,,,,,,,,,,,,,,,,,,,,,,TN
334,43977d30a10af8e193044a9aa578f2bc8b33edf7,0.23746046091278794,autoland,3779647,13,a34e21034f2e3c317ebb3d485012938d48ad04ac,macosx1015-64-shippable-qr,True,False,,|f|i|s|s|i|o|n| |w|a|r|m| |w|e|b|r|e|n|d|e|r|,102210fe594ee9b33d82058545b1ed14f4c8206e,PerceptualSpeedIndex,google-docs,True,google-docs PerceptualSpeedIndex opt fission warm webrender,,77,ms,firefox,,1722991017,2023-07-07 16:51:44,1269420,,,,,,,,,,,,,,,,,,,,,,,,,,,,,,,,,,,,,,,,,,,,,,,,,TN
335,d2be18e8ce8cd63eaddb8f012d582a2863075164,0.27677361048350657,autoland,3779647,13,a34e21034f2e3c317ebb3d485012938d48ad04ac,macosx1015-64-shippable-qr,True,False,,|f|i|s|s|i|o|n| |w|a|r|m| |w|e|b|r|e|n|d|e|r|,102210fe594ee9b33d82058545b1ed14f4c8206e,PerceptualSpeedIndex,google-docs,True,google-docs PerceptualSpeedIndex opt fission warm webrender,,77,ms,firefox,,1723213294,2023-07-08 02:51:52,1269678,,,,,,,,,,,,,,,,,,,,,,,,,,,,,,,,,,,,,,,,,,,,,,,,,TN
336,ef7d9ea0c3f751e7c525a136923c9c404c297b1f,0.24604609127880717,autoland,3779647,13,a34e21034f2e3c317ebb3d485012938d48ad04ac,macosx1015-64-shippable-qr,True,False,,|f|i|s|s|i|o|n| |w|a|r|m| |w|e|b|r|e|n|d|e|r|,102210fe594ee9b33d82058545b1ed14f4c8206e,PerceptualSpeedIndex,google-docs,True,google-docs PerceptualSpeedIndex opt fission warm webrender,,77,ms,firefox,,1723244144,2023-07-08 06:55:09,1269687,,,,,,,,,,,,,,,,,,,,,,,,,,,,,,,,,,,,,,,,,,,,,,,,,TN
337,ee68eebc7bfd59157569f7de331974b06e765482,0.2340713962946226,autoland,3779647,13,a34e21034f2e3c317ebb3d485012938d48ad04ac,macosx1015-64-shippable-qr,True,False,,|f|i|s|s|i|o|n| |w|a|r|m| |w|e|b|r|e|n|d|e|r|,102210fe594ee9b33d82058545b1ed14f4c8206e,PerceptualSpeedIndex,google-docs,True,google-docs PerceptualSpeedIndex opt fission warm webrender,,77,ms,firefox,,1723360986,2023-07-08 13:13:32,1269721,,,,,,,,,,,,,,,,,,,,,,,,,,,,,,,,,,,,,,,,,,,,,,,,,TN
338,3809d32977a2db97fd06c8fd3214256dc18af9a0,0.2358788974243109,autoland,3779647,13,a34e21034f2e3c317ebb3d485012938d48ad04ac,macosx1015-64-shippable-qr,True,False,,|f|i|s|s|i|o|n| |w|a|r|m| |w|e|b|r|e|n|d|e|r|,102210fe594ee9b33d82058545b1ed14f4c8206e,PerceptualSpeedIndex,google-docs,True,google-docs PerceptualSpeedIndex opt fission warm webrender,,77,ms,firefox,,1723374328,2023-07-08 13:22:34,1269723,,,,,,,,,,,,,,,,,,,,,,,,,,,,,,,,,,,,,,,,,,,,,,,,,TN
339,3b3b41fc7f1dad97415448fb4652eb636903a02a,0.25101671938544956,autoland,3779647,13,a34e21034f2e3c317ebb3d485012938d48ad04ac,macosx1015-64-shippable-qr,True,False,,|f|i|s|s|i|o|n| |w|a|r|m| |w|e|b|r|e|n|d|e|r|,102210fe594ee9b33d82058545b1ed14f4c8206e,PerceptualSpeedIndex,google-docs,True,google-docs PerceptualSpeedIndex opt fission warm webrender,,77,ms,firefox,,1723419659,2023-07-08 18:13:28,1269751,,,,,,,,,,,,,,,,,,,,,,,,,,,,,,,,,,,,,,,,,,,,,,,,,TN
340,47c72d2828f6f406fbe77758e1ae8cd7837af977,0.24062358788974247,autoland,3779647,13,a34e21034f2e3c317ebb3d485012938d48ad04ac,macosx1015-64-shippable-qr,True,False,,|f|i|s|s|i|o|n| |w|a|r|m| |w|e|b|r|e|n|d|e|r|,102210fe594ee9b33d82058545b1ed14f4c8206e,PerceptualSpeedIndex,google-docs,True,google-docs PerceptualSpeedIndex opt fission warm webrender,,77,ms,firefox,,1723490576,2023-07-08 22:36:06,1269766,,,,,,,,,,,,,,,,,,,,,,,,,,,,,,,,,,,,,,,,,,,,,,,,,TN
341,2ac0f03815253b96c145a52b1762ed04c50f079d,0.2426570266606416,autoland,3779647,13,a34e21034f2e3c317ebb3d485012938d48ad04ac,macosx1015-64-shippable-qr,True,False,,|f|i|s|s|i|o|n| |w|a|r|m| |w|e|b|r|e|n|d|e|r|,102210fe594ee9b33d82058545b1ed14f4c8206e,PerceptualSpeedIndex,google-docs,True,google-docs PerceptualSpeedIndex opt fission warm webrender,,77,ms,firefox,,1723514449,2023-07-09 03:04:33,1269805,,,,,,,,,,,,,,,,,,,,,,,,,,,,,,,,,,,,,,,,,,,,,,,,,TN
342,60d4eb46c8b40ab0cd000c9ef298c63c45539be7,0.3725711703569816,autoland,3779647,13,a34e21034f2e3c317ebb3d485012938d48ad04ac,macosx1015-64-shippable-qr,True,False,,|f|i|s|s|i|o|n| |w|a|r|m| |w|e|b|r|e|n|d|e|r|,102210fe594ee9b33d82058545b1ed14f4c8206e,PerceptualSpeedIndex,google-docs,True,google-docs PerceptualSpeedIndex opt fission warm webrender,,77,ms,firefox,,1723580435,2023-07-09 11:37:17,1269836,,,,,,,,,,,,,,,,,,,,,,,,,,,,,,,,,,,,,,,,,,,,,,,,,TN
343,38657e8c266f862cee349b298d0679f6617a8a63,0.2519204699502937,autoland,3779647,13,a34e21034f2e3c317ebb3d485012938d48ad04ac,macosx1015-64-shippable-qr,True,False,,|f|i|s|s|i|o|n| |w|a|r|m| |w|e|b|r|e|n|d|e|r|,102210fe594ee9b33d82058545b1ed14f4c8206e,PerceptualSpeedIndex,google-docs,True,google-docs PerceptualSpeedIndex opt fission warm webrender,,77,ms,firefox,,1723625092,2023-07-09 16:14:27,1269855,,,,,,,,,,,,,,,,,,,,,,,,,,,,,,,,,,,,,,,,,,,,,,,,,TN
344,91d2d276f13316b73f0fed743d543009fcfade03,0.23429733393583363,autoland,3779647,13,a34e21034f2e3c317ebb3d485012938d48ad04ac,macosx1015-64-shippable-qr,True,False,,|f|i|s|s|i|o|n| |w|a|r|m| |w|e|b|r|e|n|d|e|r|,102210fe594ee9b33d82058545b1ed14f4c8206e,PerceptualSpeedIndex,google-docs,True,google-docs PerceptualSpeedIndex opt fission warm webrender,,77,ms,firefox,,1723646994,2023-07-09 17:38:49,1269870,,,,,,,,,,,,,,,,,,,,,,,,,,,,,,,,,,,,,,,,,,,,,,,,,TN
345,5497748101b60ab9149d6616e70cabc4c11c6cb5,0.21057388160867596,autoland,3779647,13,a34e21034f2e3c317ebb3d485012938d48ad04ac,macosx1015-64-shippable-qr,True,False,,|f|i|s|s|i|o|n| |w|a|r|m| |w|e|b|r|e|n|d|e|r|,102210fe594ee9b33d82058545b1ed14f4c8206e,PerceptualSpeedIndex,google-docs,True,google-docs PerceptualSpeedIndex opt fission warm webrender,,77,ms,firefox,,1723719674,2023-07-09 22:03:27,1269918,,,,,,,,,,,,,,,,,,,,,,,,,,,,,,,,,,,,,,,,,,,,,,,,,TN
346,aaa3698312c56a08a7b405178ee462fe3c2a30e7,0.23994577496610936,autoland,3779647,13,a34e21034f2e3c317ebb3d485012938d48ad04ac,macosx1015-64-shippable-qr,True,False,,|f|i|s|s|i|o|n| |w|a|r|m| |w|e|b|r|e|n|d|e|r|,102210fe594ee9b33d82058545b1ed14f4c8206e,PerceptualSpeedIndex,google-docs,True,google-docs PerceptualSpeedIndex opt fission warm webrender,,77,ms,firefox,,1723832546,2023-07-10 02:33:11,1269963,,,,,,,,,,,,,,,,,,,,,,,,,,,,,,,,,,,,,,,,,,,,,,,,,TN
347,70fb59178ff21c468afeb592869c28371401db6a,0.07749661093538185,autoland,3779647,13,a34e21034f2e3c317ebb3d485012938d48ad04ac,macosx1015-64-shippable-qr,True,False,,|f|i|s|s|i|o|n| |w|a|r|m| |w|e|b|r|e|n|d|e|r|,102210fe594ee9b33d82058545b1ed14f4c8206e,PerceptualSpeedIndex,google-docs,True,google-docs PerceptualSpeedIndex opt fission warm webrender,,77,ms,firefox,,1724098917,2023-07-10 13:07:04,1270176,,,,,,,,,,,,,,,,,,,,,,,,,,,,,,,,,,,,,,,,,,,,,,,,,TN
348,e31033710cfe590d9e7deda75757f71ddef34207,0.23768639855399898,autoland,3779647,13,a34e21034f2e3c317ebb3d485012938d48ad04ac,macosx1015-64-shippable-qr,True,False,,|f|i|s|s|i|o|n| |w|a|r|m| |w|e|b|r|e|n|d|e|r|,102210fe594ee9b33d82058545b1ed14f4c8206e,PerceptualSpeedIndex,google-docs,True,google-docs PerceptualSpeedIndex opt fission warm webrender,,77,ms,firefox,,1724105588,2023-07-10 14:01:57,1270199,,,,,,,,,,,,,,,,,,,,,,,,,,,,,,,,,,,,,,,,,,,,,,,,,TN
349,1c909f267af625b4c370b6735113e1cafc94bbad,0.10935381834613644,autoland,3779647,13,a34e21034f2e3c317ebb3d485012938d48ad04ac,macosx1015-64-shippable-qr,True,False,,|f|i|s|s|i|o|n| |w|a|r|m| |w|e|b|r|e|n|d|e|r|,102210fe594ee9b33d82058545b1ed14f4c8206e,PerceptualSpeedIndex,google-docs,True,google-docs PerceptualSpeedIndex opt fission warm webrender,,77,ms,firefox,,1724233392,2023-07-10 18:14:55,1270330,,,,,,,,,,,,,,,,,,,,,,,,,,,,,,,,,,,,,,,,,,,,,,,,,TN
350,30b26799c81ba6f393a26ac1dec94fc65c700ae2,0.24559421599638487,autoland,3779647,13,a34e21034f2e3c317ebb3d485012938d48ad04ac,macosx1015-64-shippable-qr,True,False,,|f|i|s|s|i|o|n| |w|a|r|m| |w|e|b|r|e|n|d|e|r|,102210fe594ee9b33d82058545b1ed14f4c8206e,PerceptualSpeedIndex,google-docs,True,google-docs PerceptualSpeedIndex opt fission warm webrender,,77,ms,firefox,,1724399878,2023-07-10 18:29:35,1270336,,,,,,,,,,,,,,,,,,,,,,,,,,,,,,,,,,,,,,,,,,,,,,,,,TN
351,96f24646390be39f604f0815e8fdc2560d4608be,0.2663804789877995,autoland,3779647,13,a34e21034f2e3c317ebb3d485012938d48ad04ac,macosx1015-64-shippable-qr,True,False,,|f|i|s|s|i|o|n| |w|a|r|m| |w|e|b|r|e|n|d|e|r|,102210fe594ee9b33d82058545b1ed14f4c8206e,PerceptualSpeedIndex,google-docs,True,google-docs PerceptualSpeedIndex opt fission warm webrender,,77,ms,firefox,,1724404446,2023-07-10 18:33:19,1270340,,,,,,,,,,,,,,,,,,,,,,,,,,,,,,,,,,,,,,,,,,,,,,,,,TN
352,923b28f88778b9de2f2a694c75dcb313148c0fc5,0.2837776773610483,autoland,3779647,13,a34e21034f2e3c317ebb3d485012938d48ad04ac,macosx1015-64-shippable-qr,True,False,,|f|i|s|s|i|o|n| |w|a|r|m| |w|e|b|r|e|n|d|e|r|,102210fe594ee9b33d82058545b1ed14f4c8206e,PerceptualSpeedIndex,google-docs,True,google-docs PerceptualSpeedIndex opt fission warm webrender,,77,ms,firefox,,1724242936,2023-07-10 19:48:56,1270385,,,,,,,,,,,,,,,,,,,,,,,,,,,,,,,,,,,,,,,,,,,,,,,,,TN
353,b6a3e16c65e1298418f1aaf966dd3071d644075b,0.20198825124265696,autoland,3779647,13,a34e21034f2e3c317ebb3d485012938d48ad04ac,macosx1015-64-shippable-qr,True,False,,|f|i|s|s|i|o|n| |w|a|r|m| |w|e|b|r|e|n|d|e|r|,102210fe594ee9b33d82058545b1ed14f4c8206e,PerceptualSpeedIndex,google-docs,True,google-docs PerceptualSpeedIndex opt fission warm webrender,,77,ms,firefox,,1724349461,2023-07-11 01:42:54,1270560,,,,,,,,,,,,,,,,,,,,,,,,,,,,,,,,,,,,,,,,,,,,,,,,,TN
354,bd6b3707b0b4eb7dd36fd65f81325cd71a20ab43,0.23746046091278794,autoland,3779647,13,a34e21034f2e3c317ebb3d485012938d48ad04ac,macosx1015-64-shippable-qr,True,False,,|f|i|s|s|i|o|n| |w|a|r|m| |w|e|b|r|e|n|d|e|r|,102210fe594ee9b33d82058545b1ed14f4c8206e,PerceptualSpeedIndex,google-docs,True,google-docs PerceptualSpeedIndex opt fission warm webrender,,77,ms,firefox,,1724431621,2023-07-11 06:35:00,1270619,,,,,,,,,,,,,,,,,,,,,,,,,,,,,,,,,,,,,,,,,,,,,,,,,TN
355,6f3d3f416c953a7c5f64b907c4afb5906a1868a3,0.38025305015815625,autoland,3779647,13,a34e21034f2e3c317ebb3d485012938d48ad04ac,macosx1015-64-shippable-qr,True,False,,|f|i|s|s|i|o|n| |w|a|r|m| |w|e|b|r|e|n|d|e|r|,102210fe594ee9b33d82058545b1ed14f4c8206e,PerceptualSpeedIndex,google-docs,True,google-docs PerceptualSpeedIndex opt fission warm webrender,,77,ms,firefox,,1724497863,2023-07-11 08:55:46,1270644,,,,,,,,,,,,,,,,,,,,,,,,,,,,,,,,,,,,,,,,,,,,,,,,,TN
356,0c47c1159e0a060ee709f9f8f854bfad27f86c85,0.22819701762313604,autoland,3779647,13,a34e21034f2e3c317ebb3d485012938d48ad04ac,macosx1015-64-shippable-qr,True,False,,|f|i|s|s|i|o|n| |w|a|r|m| |w|e|b|r|e|n|d|e|r|,102210fe594ee9b33d82058545b1ed14f4c8206e,PerceptualSpeedIndex,google-docs,True,google-docs PerceptualSpeedIndex opt fission warm webrender,,77,ms,firefox,,1724594857,2023-07-11 13:33:02,1270792,,,,,,,,,,,,,,,,,,,,,,,,,,,,,,,,,,,,,,,,,,,,,,,,,TN
357,3100a08eeee126bc592700ba015d42a4eeabd552,0.2413014008133756,autoland,3779647,13,a34e21034f2e3c317ebb3d485012938d48ad04ac,macosx1015-64-shippable-qr,True,False,,|f|i|s|s|i|o|n| |w|a|r|m| |w|e|b|r|e|n|d|e|r|,102210fe594ee9b33d82058545b1ed14f4c8206e,PerceptualSpeedIndex,google-docs,True,google-docs PerceptualSpeedIndex opt fission warm webrender,,77,ms,firefox,,1724646226,2023-07-11 14:06:52,1270802,,,,,,,,,,,,,,,,,,,,,,,,,,,,,,,,,,,,,,,,,,,,,,,,,TN
358,87db7bb709335405232188624e8b3fa9990fd678,0.1299141436963398,autoland,3779647,13,a34e21034f2e3c317ebb3d485012938d48ad04ac,macosx1015-64-shippable-qr,True,False,,|f|i|s|s|i|o|n| |w|a|r|m| |w|e|b|r|e|n|d|e|r|,102210fe594ee9b33d82058545b1ed14f4c8206e,PerceptualSpeedIndex,google-docs,True,google-docs PerceptualSpeedIndex opt fission warm webrender,,77,ms,firefox,,1724784848,2023-07-11 18:36:01,1270977,,,,,,,,,,,,,,,,,,,,,,,,,,,,,,,,,,,,,,,,,,,,,,,,,TN
359,799309422d5f66cd280bc2aa8f49a203faaf670f,0.2501129688206054,autoland,3779647,13,a34e21034f2e3c317ebb3d485012938d48ad04ac,macosx1015-64-shippable-qr,True,False,,|f|i|s|s|i|o|n| |w|a|r|m| |w|e|b|r|e|n|d|e|r|,102210fe594ee9b33d82058545b1ed14f4c8206e,PerceptualSpeedIndex,google-docs,True,google-docs PerceptualSpeedIndex opt fission warm webrender,,77,ms,firefox,,1724905841,2023-07-11 22:00:07,1271127,,,,,,,,,,,,,,,,,,,,,,,,,,,,,,,,,,,,,,,,,,,,,,,,,TN
360,409794f954d9150f8da58e49d75898a655aca25d,0.23746046091278794,autoland,3779647,13,a34e21034f2e3c317ebb3d485012938d48ad04ac,macosx1015-64-shippable-qr,True,False,,|f|i|s|s|i|o|n| |w|a|r|m| |w|e|b|r|e|n|d|e|r|,102210fe594ee9b33d82058545b1ed14f4c8206e,PerceptualSpeedIndex,google-docs,True,google-docs PerceptualSpeedIndex opt fission warm webrender,,77,ms,firefox,,1724942834,2023-07-12 03:43:13,1271221,,,,,,,,,,,,,,,,,,,,,,,,,,,,,,,,,,,,,,,,,,,,,,,,,TN
361,3df39b644daab1c941ea8f68e6f1e1018058b95e,0.22232263895164928,autoland,3779647,13,a34e21034f2e3c317ebb3d485012938d48ad04ac,macosx1015-64-shippable-qr,True,False,,|f|i|s|s|i|o|n| |w|a|r|m| |w|e|b|r|e|n|d|e|r|,102210fe594ee9b33d82058545b1ed14f4c8206e,PerceptualSpeedIndex,google-docs,True,google-docs PerceptualSpeedIndex opt fission warm webrender,,77,ms,firefox,,1724998579,2023-07-12 07:41:52,1271289,,,,,,,,,,,,,,,,,,,,,,,,,,,,,,,,,,,,,,,,,,,,,,,,,TN
362,323cd57deb4d5a322c892f49b9141687d7561c0b,0.20176231360144592,autoland,3779647,13,a34e21034f2e3c317ebb3d485012938d48ad04ac,macosx1015-64-shippable-qr,True,False,,|f|i|s|s|i|o|n| |w|a|r|m| |w|e|b|r|e|n|d|e|r|,102210fe594ee9b33d82058545b1ed14f4c8206e,PerceptualSpeedIndex,google-docs,True,google-docs PerceptualSpeedIndex opt fission warm webrender,,77,ms,firefox,,1725192036,2023-07-12 11:57:10,1271397,,,,,,,,,,,,,,,,,,,,,,,,,,,,,,,,,,,,,,,,,,,,,,,,,TN
363,09a138b12b3b18e85b4234788a6f92fa756908af,0.18910980569362845,autoland,3779647,13,a34e21034f2e3c317ebb3d485012938d48ad04ac,macosx1015-64-shippable-qr,True,False,,|f|i|s|s|i|o|n| |w|a|r|m| |w|e|b|r|e|n|d|e|r|,102210fe594ee9b33d82058545b1ed14f4c8206e,PerceptualSpeedIndex,google-docs,True,google-docs PerceptualSpeedIndex opt fission warm webrender,,77,ms,firefox,,1725232962,2023-07-12 14:40:04,1271467,,,,,,,,,,,,,,,,,,,,,,,,,,,,,,,,,,,,,,,,,,,,,,,,,TN
364,5af60a4168846b5be7576faecbb5050fa6d965cf,0.17126073203795755,autoland,3779647,13,a34e21034f2e3c317ebb3d485012938d48ad04ac,macosx1015-64-shippable-qr,True,False,,|f|i|s|s|i|o|n| |w|a|r|m| |w|e|b|r|e|n|d|e|r|,102210fe594ee9b33d82058545b1ed14f4c8206e,PerceptualSpeedIndex,google-docs,True,google-docs PerceptualSpeedIndex opt fission warm webrender,,77,ms,firefox,,1725268100,2023-07-12 19:44:39,1271665,,,,,,,,,,,,,,,,,,,,,,,,,,,,,,,,,,,,,,,,,,,,,,,,,TN
365,48bcd4c43c3e833bc33696496138c36bdddef23d,0.22955264347040205,autoland,3779647,13,a34e21034f2e3c317ebb3d485012938d48ad04ac,macosx1015-64-shippable-qr,True,False,,|f|i|s|s|i|o|n| |w|a|r|m| |w|e|b|r|e|n|d|e|r|,102210fe594ee9b33d82058545b1ed14f4c8206e,PerceptualSpeedIndex,google-docs,True,google-docs PerceptualSpeedIndex opt fission warm webrender,,77,ms,firefox,,1725347579,2023-07-12 23:52:09,1271821,,,,,,,,,,,,,,,,,,,,,,,,,,,,,,,,,,,,,,,,,,,,,,,,,TN
366,0724fde82b2fe250010f13a500b6c525eaf3abb5,0.19995481247175784,autoland,3779647,13,a34e21034f2e3c317ebb3d485012938d48ad04ac,macosx1015-64-shippable-qr,True,False,,|f|i|s|s|i|o|n| |w|a|r|m| |w|e|b|r|e|n|d|e|r|,102210fe594ee9b33d82058545b1ed14f4c8206e,PerceptualSpeedIndex,google-docs,True,google-docs PerceptualSpeedIndex opt fission warm webrender,,77,ms,firefox,,1725401328,2023-07-13 04:00:14,1271916,,,,,,,,,,,,,,,,,,,,,,,,,,,,,,,,,,,,,,,,,,,,,,,,,TN
367,3170f4f57d01091d2a74fe40ee6f4ab8efa7351a,0.21712607320379562,autoland,3779647,13,a34e21034f2e3c317ebb3d485012938d48ad04ac,macosx1015-64-shippable-qr,True,False,,|f|i|s|s|i|o|n| |w|a|r|m| |w|e|b|r|e|n|d|e|r|,102210fe594ee9b33d82058545b1ed14f4c8206e,PerceptualSpeedIndex,google-docs,True,google-docs PerceptualSpeedIndex opt fission warm webrender,,77,ms,firefox,,1725459164,2023-07-13 08:20:37,1271978,,,,,,,,,,,,,,,,,,,,,,,,,,,,,,,,,,,,,,,,,,,,,,,,,TN
368,1bfb25414a090700f286cd06319e91cb9ac6e336,0.19317668323542714,autoland,3779647,13,a34e21034f2e3c317ebb3d485012938d48ad04ac,macosx1015-64-shippable-qr,True,False,,|f|i|s|s|i|o|n| |w|a|r|m| |w|e|b|r|e|n|d|e|r|,102210fe594ee9b33d82058545b1ed14f4c8206e,PerceptualSpeedIndex,google-docs,True,google-docs PerceptualSpeedIndex opt fission warm webrender,,77,ms,firefox,,1725551034,2023-07-13 11:47:10,1272070,,,,,,,,,,,,,,,,,,,,,,,,,,,,,,,,,,,,,,,,,,,,,,,,,TN
369,411654dc3bffdf2358079fc20c662dc3c58a2363,0.18323542702214168,autoland,3779647,13,a34e21034f2e3c317ebb3d485012938d48ad04ac,macosx1015-64-shippable-qr,True,False,,|f|i|s|s|i|o|n| |w|a|r|m| |w|e|b|r|e|n|d|e|r|,102210fe594ee9b33d82058545b1ed14f4c8206e,PerceptualSpeedIndex,google-docs,True,google-docs PerceptualSpeedIndex opt fission warm webrender,,77,ms,firefox,,1725709674,2023-07-13 14:50:19,1272192,,,,,,,,,,,,,,,,,,,,,,,,,,,,,,,,,,,,,,,,,,,,,,,,,TN
370,93efae7712c8170b189d6e2d626af9bc74ee9f33,0.1954360596475373,autoland,3779647,13,a34e21034f2e3c317ebb3d485012938d48ad04ac,macosx1015-64-shippable-qr,True,False,,|f|i|s|s|i|o|n| |w|a|r|m| |w|e|b|r|e|n|d|e|r|,102210fe594ee9b33d82058545b1ed14f4c8206e,PerceptualSpeedIndex,google-docs,True,google-docs PerceptualSpeedIndex opt fission warm webrender,,77,ms,firefox,,1725856201,2023-07-13 19:23:25,1272383,,,,,,,,,,,,,,,,,,,,,,,,,,,,,,,,,,,,,,,,,,,,,,,,,TN
371,bbf3c24cbbc7b98b52113accc0c5cd377e1bb198,0.21622232263895147,autoland,3779647,13,a34e21034f2e3c317ebb3d485012938d48ad04ac,macosx1015-64-shippable-qr,True,False,,|f|i|s|s|i|o|n| |w|a|r|m| |w|e|b|r|e|n|d|e|r|,102210fe594ee9b33d82058545b1ed14f4c8206e,PerceptualSpeedIndex,google-docs,True,google-docs PerceptualSpeedIndex opt fission warm webrender,,77,ms,firefox,,1725970406,2023-07-13 19:24:59,1272385,,,,,,,,,,,,,,,,,,,,,,,,,,,,,,,,,,,,,,,,,,,,,,,,,TN
372,1feed58581ba17fdd979df109fe14c7a2b3d9843,0.20854044283777684,autoland,3779647,13,a34e21034f2e3c317ebb3d485012938d48ad04ac,macosx1015-64-shippable-qr,True,False,,|f|i|s|s|i|o|n| |w|a|r|m| |w|e|b|r|e|n|d|e|r|,102210fe594ee9b33d82058545b1ed14f4c8206e,PerceptualSpeedIndex,google-docs,True,google-docs PerceptualSpeedIndex opt fission warm webrender,,77,ms,firefox,,1725999765,2023-07-13 19:30:44,1272388,,,,,,,,,,,,,,,,,,,,,,,,,,,,,,,,,,,,,,,,,,,,,,,,,TN
373,d7363bddf2b82c4f02c60bf1f3236c1853a1d788,0.17555354722096683,autoland,3779647,13,a34e21034f2e3c317ebb3d485012938d48ad04ac,macosx1015-64-shippable-qr,True,False,,|f|i|s|s|i|o|n| |w|a|r|m| |w|e|b|r|e|n|d|e|r|,102210fe594ee9b33d82058545b1ed14f4c8206e,PerceptualSpeedIndex,google-docs,True,google-docs PerceptualSpeedIndex opt fission warm webrender,,77,ms,firefox,,1725944121,2023-07-13 23:46:26,1272530,,,,,,,,,,,,,,,,,,,,,,,,,,,,,,,,,,,,,,,,,,,,,,,,,TN
374,ce811b4b8e62538cba1620fbe1f66b6963a00103,0.24220515137821952,autoland,3779647,13,a34e21034f2e3c317ebb3d485012938d48ad04ac,macosx1015-64-shippable-qr,True,False,,|f|i|s|s|i|o|n| |w|a|r|m| |w|e|b|r|e|n|d|e|r|,102210fe594ee9b33d82058545b1ed14f4c8206e,PerceptualSpeedIndex,google-docs,True,google-docs PerceptualSpeedIndex opt fission warm webrender,,77,ms,firefox,,1725953503,2023-07-14 00:33:08,1272546,,,,,,,,,,,,,,,,,,,,,,,,,,,,,,,,,,,,,,,,,,,,,,,,,TN
375,196cda3a105202c8969a926a0637db0e0014c07d,0.18526886579304125,autoland,3779647,13,a34e21034f2e3c317ebb3d485012938d48ad04ac,macosx1015-64-shippable-qr,True,False,,|f|i|s|s|i|o|n| |w|a|r|m| |w|e|b|r|e|n|d|e|r|,102210fe594ee9b33d82058545b1ed14f4c8206e,PerceptualSpeedIndex,google-docs,True,google-docs PerceptualSpeedIndex opt fission warm webrender,,77,ms,firefox,,1725988877,2023-07-14 05:34:55,1272621,,,,,,,,,,,,,,,,,,,,,,,,,,,,,,,,,,,,,,,,,,,,,,,,,TN
376,f04d14e8c457c340e7bb0c8955b7a42e3ed32c84,0.19475824672390418,autoland,3779647,13,a34e21034f2e3c317ebb3d485012938d48ad04ac,macosx1015-64-shippable-qr,True,False,,|f|i|s|s|i|o|n| |w|a|r|m| |w|e|b|r|e|n|d|e|r|,102210fe594ee9b33d82058545b1ed14f4c8206e,PerceptualSpeedIndex,google-docs,True,google-docs PerceptualSpeedIndex opt fission warm webrender,,77,ms,firefox,,1726358863,2023-07-14 12:49:37,1272721,,,,,,,,,,,,,,,,,,,,,,,,,,,,,,,,,,,,,,,,,,,,,,,,,TN
377,379fa15b7cfddd1f92027d8c39b32706dc0f59a8,0.20492544057840023,autoland,3779647,13,a34e21034f2e3c317ebb3d485012938d48ad04ac,macosx1015-64-shippable-qr,True,False,,|f|i|s|s|i|o|n| |w|a|r|m| |w|e|b|r|e|n|d|e|r|,102210fe594ee9b33d82058545b1ed14f4c8206e,PerceptualSpeedIndex,google-docs,True,google-docs PerceptualSpeedIndex opt fission warm webrender,,77,ms,firefox,,1726442498,2023-07-14 16:10:08,1272833,,,,,,,,,,,,,,,,,,,,,,,,,,,,,,,,,,,,,,,,,,,,,,,,,TN
378,f65db437bbbe4d54d073843c79519c0a373ada5c,0.21328513330320842,autoland,3779647,13,a34e21034f2e3c317ebb3d485012938d48ad04ac,macosx1015-64-shippable-qr,True,False,,|f|i|s|s|i|o|n| |w|a|r|m| |w|e|b|r|e|n|d|e|r|,102210fe594ee9b33d82058545b1ed14f4c8206e,PerceptualSpeedIndex,google-docs,True,google-docs PerceptualSpeedIndex opt fission warm webrender,,77,ms,firefox,,1726483287,2023-07-14 21:22:48,1272987,,,,,,,,,,,,,,,,,,,,,,,,,,,,,,,,,,,,,,,,,,,,,,,,,TN
379,2fa0f2941257f51a55bcabee0f1913fe395266b0,0.18346136466335294,autoland,3779647,13,a34e21034f2e3c317ebb3d485012938d48ad04ac,macosx1015-64-shippable-qr,True,False,,|f|i|s|s|i|o|n| |w|a|r|m| |w|e|b|r|e|n|d|e|r|,102210fe594ee9b33d82058545b1ed14f4c8206e,PerceptualSpeedIndex,google-docs,True,google-docs PerceptualSpeedIndex opt fission warm webrender,,77,ms,firefox,,1726494257,2023-07-14 22:30:09,1273018,,,,,,,,,,,,,,,,,,,,,,,,,,,,,,,,,,,,,,,,,,,,,,,,,TN
380,1e09c6aabfcd1088a923373e95d74f457e863755,0.21034794396746492,autoland,3779647,13,a34e21034f2e3c317ebb3d485012938d48ad04ac,macosx1015-64-shippable-qr,True,False,,|f|i|s|s|i|o|n| |w|a|r|m| |w|e|b|r|e|n|d|e|r|,102210fe594ee9b33d82058545b1ed14f4c8206e,PerceptualSpeedIndex,google-docs,True,google-docs PerceptualSpeedIndex opt fission warm webrender,,77,ms,firefox,,1726525451,2023-07-15 02:41:28,1273070,,,,,,,,,,,,,,,,,,,,,,,,,,,,,,,,,,,,,,,,,,,,,,,,,TN
381,3a71e5ba50017ceb558d246e6ea58f8d5a57a3af,0.20198825124265696,autoland,3779647,13,a34e21034f2e3c317ebb3d485012938d48ad04ac,macosx1015-64-shippable-qr,True,False,,|f|i|s|s|i|o|n| |w|a|r|m| |w|e|b|r|e|n|d|e|r|,102210fe594ee9b33d82058545b1ed14f4c8206e,PerceptualSpeedIndex,google-docs,True,google-docs PerceptualSpeedIndex opt fission warm webrender,,77,ms,firefox,,1726588496,2023-07-15 12:36:57,1273110,,,,,,,,,,,,,,,,,,,,,,,,,,,,,,,,,,,,,,,,,,,,,,,,,TN
382,23e9067195200f00248b6c027bfae113965bf3ea,0.21577044735652962,autoland,3779647,13,a34e21034f2e3c317ebb3d485012938d48ad04ac,macosx1015-64-shippable-qr,True,False,,|f|i|s|s|i|o|n| |w|a|r|m| |w|e|b|r|e|n|d|e|r|,102210fe594ee9b33d82058545b1ed14f4c8206e,PerceptualSpeedIndex,google-docs,True,google-docs PerceptualSpeedIndex opt fission warm webrender,,77,ms,firefox,,1726627048,2023-07-15 18:59:02,1273125,,,,,,,,,,,,,,,,,,,,,,,,,,,,,,,,,,,,,,,,,,,,,,,,,TN
383,29be5ceedcdd2e835a383389153d9264d9b81217,0.20876638047898788,autoland,3779647,13,a34e21034f2e3c317ebb3d485012938d48ad04ac,macosx1015-64-shippable-qr,True,False,,|f|i|s|s|i|o|n| |w|a|r|m| |w|e|b|r|e|n|d|e|r|,102210fe594ee9b33d82058545b1ed14f4c8206e,PerceptualSpeedIndex,google-docs,True,google-docs PerceptualSpeedIndex opt fission warm webrender,,77,ms,firefox,,1726674971,2023-07-16 02:22:04,1273151,,,,,,,,,,,,,,,,,,,,,,,,,,,,,,,,,,,,,,,,,,,,,,,,,TN
384,2d64faa1590722f6ec14781ee5e175a2c875171c,0.20108450067781303,autoland,3779647,13,a34e21034f2e3c317ebb3d485012938d48ad04ac,macosx1015-64-shippable-qr,True,False,,|f|i|s|s|i|o|n| |w|a|r|m| |w|e|b|r|e|n|d|e|r|,102210fe594ee9b33d82058545b1ed14f4c8206e,PerceptualSpeedIndex,google-docs,True,google-docs PerceptualSpeedIndex opt fission warm webrender,,77,ms,firefox,,1726765476,2023-07-16 17:40:24,1273186,,,,,,,,,,,,,,,,,,,,,,,,,,,,,,,,,,,,,,,,,,,,,,,,,TN
385,ef60c7cdcb76172f1caf579529cf9fb756de4dbd,0.22141888838680535,autoland,3779647,13,a34e21034f2e3c317ebb3d485012938d48ad04ac,macosx1015-64-shippable-qr,True,False,,|f|i|s|s|i|o|n| |w|a|r|m| |w|e|b|r|e|n|d|e|r|,102210fe594ee9b33d82058545b1ed14f4c8206e,PerceptualSpeedIndex,google-docs,True,google-docs PerceptualSpeedIndex opt fission warm webrender,,77,ms,firefox,,1726894899,2023-07-17 10:08:58,1273362,,,,,,,,,,,,,,,,,,,,,,,,,,,,,,,,,,,,,,,,,,,,,,,,,TN
386,953e77c13acb077960f863612d3036a0d8724008,0.2236782647989155,autoland,3779647,13,a34e21034f2e3c317ebb3d485012938d48ad04ac,macosx1015-64-shippable-qr,True,False,,|f|i|s|s|i|o|n| |w|a|r|m| |w|e|b|r|e|n|d|e|r|,102210fe594ee9b33d82058545b1ed14f4c8206e,PerceptualSpeedIndex,google-docs,True,google-docs PerceptualSpeedIndex opt fission warm webrender,,77,ms,firefox,,1727325411,2023-07-17 10:10:51,1273366,,,,,,,,,,,,,,,,,,,,,,,,,,,,,,,,,,,,,,,,,,,,,,,,,TN
387,2a006f66fd1958496f7cae9c174e45a5a5403b1d,0.24175327609579766,autoland,3779647,13,a34e21034f2e3c317ebb3d485012938d48ad04ac,macosx1015-64-shippable-qr,True,False,,|f|i|s|s|i|o|n| |w|a|r|m| |w|e|b|r|e|n|d|e|r|,102210fe594ee9b33d82058545b1ed14f4c8206e,PerceptualSpeedIndex,google-docs,True,google-docs PerceptualSpeedIndex opt fission warm webrender,,77,ms,firefox,,1727311166,2023-07-17 11:01:52,1273381,,,,,,,,,,,,,,,,,,,,,,,,,,,,,,,,,,,,,,,,,,,,,,,,,TN
388,b80c658a6c19f373d458a6ca866c32d87a5f579b,0.22435607772254862,autoland,3779647,13,a34e21034f2e3c317ebb3d485012938d48ad04ac,macosx1015-64-shippable-qr,True,False,,|f|i|s|s|i|o|n| |w|a|r|m| |w|e|b|r|e|n|d|e|r|,102210fe594ee9b33d82058545b1ed14f4c8206e,PerceptualSpeedIndex,google-docs,True,google-docs PerceptualSpeedIndex opt fission warm webrender,,77,ms,firefox,,1727273766,2023-07-17 13:42:26,1273443,,,,,,,,,,,,,,,,,,,,,,,,,,,,,,,,,,,,,,,,,,,,,,,,,TN
389,480a4843ee4329760fdea6dff2b457ff8cc95eb9,0.2046995029371892,autoland,3779647,13,a34e21034f2e3c317ebb3d485012938d48ad04ac,macosx1015-64-shippable-qr,True,False,,|f|i|s|s|i|o|n| |w|a|r|m| |w|e|b|r|e|n|d|e|r|,102210fe594ee9b33d82058545b1ed14f4c8206e,PerceptualSpeedIndex,google-docs,True,google-docs PerceptualSpeedIndex opt fission warm webrender,,77,ms,firefox,,1727333913,2023-07-17 13:56:56,1273451,,,,,,,,,,,,,,,,,,,,,,,,,,,,,,,,,,,,,,,,,,,,,,,,,TN
390,e90e64d1c5a944feafdb48fe3527c9aeeac00ec9,0.17962042476276552,autoland,3779647,13,a34e21034f2e3c317ebb3d485012938d48ad04ac,macosx1015-64-shippable-qr,True,False,,|f|i|s|s|i|o|n| |w|a|r|m| |w|e|b|r|e|n|d|e|r|,102210fe594ee9b33d82058545b1ed14f4c8206e,PerceptualSpeedIndex,google-docs,True,google-docs PerceptualSpeedIndex opt fission warm webrender,,77,ms,firefox,,1727005694,2023-07-17 14:30:30,1273474,,,,,,,,,,,,,,,,,,,,,,,,,,,,,,,,,,,,,,,,,,,,,,,,,TN
391,c59cb36c74f432b44e7148682b572301b05ed1e0,0.24875734297333918,autoland,3779647,13,a34e21034f2e3c317ebb3d485012938d48ad04ac,macosx1015-64-shippable-qr,True,False,,|f|i|s|s|i|o|n| |w|a|r|m| |w|e|b|r|e|n|d|e|r|,102210fe594ee9b33d82058545b1ed14f4c8206e,PerceptualSpeedIndex,google-docs,True,google-docs PerceptualSpeedIndex opt fission warm webrender,,77,ms,firefox,,1727327311,2023-07-17 15:18:16,1273503,,,,,,,,,,,,,,,,,,,,,,,,,,,,,,,,,,,,,,,,,,,,,,,,,TN
392,80a9077fa5eadb649347ccfdf256cdc5c647f611,0.1997288748305468,autoland,3779647,13,a34e21034f2e3c317ebb3d485012938d48ad04ac,macosx1015-64-shippable-qr,True,False,,|f|i|s|s|i|o|n| |w|a|r|m| |w|e|b|r|e|n|d|e|r|,102210fe594ee9b33d82058545b1ed14f4c8206e,PerceptualSpeedIndex,google-docs,True,google-docs PerceptualSpeedIndex opt fission warm webrender,,77,ms,firefox,,1727304142,2023-07-17 15:59:39,1273518,,,,,,,,,,,,,,,,,,,,,,,,,,,,,,,,,,,,,,,,,,,,,,,,,TN
393,01dc0385e5b93df37aef43d60cd1105523eae328,0.20808856755535454,autoland,3779647,13,a34e21034f2e3c317ebb3d485012938d48ad04ac,macosx1015-64-shippable-qr,True,False,,|f|i|s|s|i|o|n| |w|a|r|m| |w|e|b|r|e|n|d|e|r|,102210fe594ee9b33d82058545b1ed14f4c8206e,PerceptualSpeedIndex,google-docs,True,google-docs PerceptualSpeedIndex opt fission warm webrender,,77,ms,firefox,,1727079139,2023-07-17 16:07:24,1273529,,,,,,,,,,,,,,,,,,,,,,,,,,,,,,,,,,,,,,,,,,,,,,,,,TN
394,49cff8f1d0b45289c21ac815c0e150bdf80b3e3c,0.20108450067781303,autoland,3779647,13,a34e21034f2e3c317ebb3d485012938d48ad04ac,macosx1015-64-shippable-qr,True,False,,|f|i|s|s|i|o|n| |w|a|r|m| |w|e|b|r|e|n|d|e|r|,102210fe594ee9b33d82058545b1ed14f4c8206e,PerceptualSpeedIndex,google-docs,True,google-docs PerceptualSpeedIndex opt fission warm webrender,,77,ms,firefox,,1727305469,2023-07-17 16:23:13,1273535,,,,,,,,,,,,,,,,,,,,,,,,,,,,,,,,,,,,,,,,,,,,,,,,,TN
395,f2c1249026167b30c81eff3368093a442a915826,0.21215544509715323,autoland,3779647,13,a34e21034f2e3c317ebb3d485012938d48ad04ac,macosx1015-64-shippable-qr,True,False,,|f|i|s|s|i|o|n| |w|a|r|m| |w|e|b|r|e|n|d|e|r|,102210fe594ee9b33d82058545b1ed14f4c8206e,PerceptualSpeedIndex,google-docs,True,google-docs PerceptualSpeedIndex opt fission warm webrender,,77,ms,firefox,,1727134774,2023-07-17 20:04:09,1273673,,,,,,,,,,,,,,,,,,,,,,,,,,,,,,,,,,,,,,,,,,,,,,,,,TN
396,bbea40f618ed9435d7c989dcb18dc1ba34d55d4c,0.23045639403524643,autoland,3779647,13,a34e21034f2e3c317ebb3d485012938d48ad04ac,macosx1015-64-shippable-qr,True,False,,|f|i|s|s|i|o|n| |w|a|r|m| |w|e|b|r|e|n|d|e|r|,102210fe594ee9b33d82058545b1ed14f4c8206e,PerceptualSpeedIndex,google-docs,True,google-docs PerceptualSpeedIndex opt fission warm webrender,,77,ms,firefox,,1727209363,2023-07-17 23:40:15,1273797,,,,,,,,,,,,,,,,,,,,,,,,,,,,,,,,,,,,,,,,,,,,,,,,,TN
397,35e42e5979dac0b99828194869d5dc00365b37fb,0.22232263895164928,autoland,3779647,13,a34e21034f2e3c317ebb3d485012938d48ad04ac,macosx1015-64-shippable-qr,True,False,,|f|i|s|s|i|o|n| |w|a|r|m| |w|e|b|r|e|n|d|e|r|,102210fe594ee9b33d82058545b1ed14f4c8206e,PerceptualSpeedIndex,google-docs,True,google-docs PerceptualSpeedIndex opt fission warm webrender,,77,ms,firefox,,1727293496,2023-07-18 04:33:35,1273869,,,,,,,,,,,,,,,,,,,,,,,,,,,,,,,,,,,,,,,,,,,,,,,,,TN
398,ff623ceacdca87e37ceaa8e2d7f2072d5a7ae7fb,0.19633981021238145,autoland,3779647,13,a34e21034f2e3c317ebb3d485012938d48ad04ac,macosx1015-64-shippable-qr,True,False,,|f|i|s|s|i|o|n| |w|a|r|m| |w|e|b|r|e|n|d|e|r|,102210fe594ee9b33d82058545b1ed14f4c8206e,PerceptualSpeedIndex,google-docs,True,google-docs PerceptualSpeedIndex opt fission warm webrender,,77,ms,firefox,,1727399560,2023-07-18 08:33:44,1273935,,,,,,,,,,,,,,,,,,,,,,,,,,,,,,,,,,,,,,,,,,,,,,,,,TN
399,ed8bcaa0195e582a53b92eeac99b65a9c1f06da2,0.20515137821961127,autoland,3779647,13,a34e21034f2e3c317ebb3d485012938d48ad04ac,macosx1015-64-shippable-qr,True,False,,|f|i|s|s|i|o|n| |w|a|r|m| |w|e|b|r|e|n|d|e|r|,102210fe594ee9b33d82058545b1ed14f4c8206e,PerceptualSpeedIndex,google-docs,True,google-docs PerceptualSpeedIndex opt fission warm webrender,,77,ms,firefox,,1727396210,2023-07-18 08:34:31,1273936,,,,,,,,,,,,,,,,,,,,,,,,,,,,,,,,,,,,,,,,,,,,,,,,,TN
400,bcffaa369c722f4ebfa7cb8af6a3fc605e2efa10,0.19340262087663795,autoland,3779647,13,a34e21034f2e3c317ebb3d485012938d48ad04ac,macosx1015-64-shippable-qr,True,False,,|f|i|s|s|i|o|n| |w|a|r|m| |w|e|b|r|e|n|d|e|r|,102210fe594ee9b33d82058545b1ed14f4c8206e,PerceptualSpeedIndex,google-docs,True,google-docs PerceptualSpeedIndex opt fission warm webrender,,77,ms,firefox,,1727555421,2023-07-18 13:03:29,1274068,,,,,,,,,,,,,,,,,,,,,,,,,,,,,,,,,,,,,,,,,,,,,,,,,TN
401,0de8fdd9abfcc9f9019857d255157b5eb799f98b,0.21961138725711704,autoland,3779647,13,a34e21034f2e3c317ebb3d485012938d48ad04ac,macosx1015-64-shippable-qr,True,False,,|f|i|s|s|i|o|n| |w|a|r|m| |w|e|b|r|e|n|d|e|r|,102210fe594ee9b33d82058545b1ed14f4c8206e,PerceptualSpeedIndex,google-docs,True,google-docs PerceptualSpeedIndex opt fission warm webrender,,77,ms,firefox,,1727562165,2023-07-18 13:45:23,1274096,,,,,,,,,,,,,,,,,,,,,,,,,,,,,,,,,,,,,,,,,,,,,,,,,TN
402,9330f8cb5765b67a89ac1427300f344a63d42cdc,0.18798011748757326,autoland,3779647,13,a34e21034f2e3c317ebb3d485012938d48ad04ac,macosx1015-64-shippable-qr,True,False,,|f|i|s|s|i|o|n| |w|a|r|m| |w|e|b|r|e|n|d|e|r|,102210fe594ee9b33d82058545b1ed14f4c8206e,PerceptualSpeedIndex,google-docs,True,google-docs PerceptualSpeedIndex opt fission warm webrender,,77,ms,firefox,,1727651582,2023-07-18 17:24:29,1274230,,,,,,,,,,,,,,,,,,,,,,,,,,,,,,,,,,,,,,,,,,,,,,,,,TN
403,b39dcefbe15f24fbf00da64782588b71ef8277a6,0.21034794396746492,autoland,3779647,13,a34e21034f2e3c317ebb3d485012938d48ad04ac,macosx1015-64-shippable-qr,True,False,,|f|i|s|s|i|o|n| |w|a|r|m| |w|e|b|r|e|n|d|e|r|,102210fe594ee9b33d82058545b1ed14f4c8206e,PerceptualSpeedIndex,google-docs,True,google-docs PerceptualSpeedIndex opt fission warm webrender,,77,ms,firefox,,1727836038,2023-07-18 22:22:09,1274408,,,,,,,,,,,,,,,,,,,,,,,,,,,,,,,,,,,,,,,,,,,,,,,,,TN
404,a8acb9b8880c2f1c2cf5891e5a20997a21d9d909,0.19837324898328057,autoland,3779647,13,a34e21034f2e3c317ebb3d485012938d48ad04ac,macosx1015-64-shippable-qr,True,False,,|f|i|s|s|i|o|n| |w|a|r|m| |w|e|b|r|e|n|d|e|r|,102210fe594ee9b33d82058545b1ed14f4c8206e,PerceptualSpeedIndex,google-docs,True,google-docs PerceptualSpeedIndex opt fission warm webrender,,77,ms,firefox,,1727863392,2023-07-18 23:34:55,1274454,,,,,,,,,,,,,,,,,,,,,,,,,,,,,,,,,,,,,,,,,,,,,,,,,TN
405,49a85b3b07e07c1158f9cb0c1f58b67fc2d659f7,0.317668323542702,autoland,3779647,13,a34e21034f2e3c317ebb3d485012938d48ad04ac,macosx1015-64-shippable-qr,True,False,,|f|i|s|s|i|o|n| |w|a|r|m| |w|e|b|r|e|n|d|e|r|,102210fe594ee9b33d82058545b1ed14f4c8206e,PerceptualSpeedIndex,google-docs,True,google-docs PerceptualSpeedIndex opt fission warm webrender,,77,ms,firefox,,1727958458,2023-07-19 05:12:28,1274587,,,,,,,,,,,,,,,,,,,,,,,,,,,,,,,,,,,,,,,,,,,,,,,,,TN
406,140d21dede36ec0333dbfd36cf0d1320eee6cba4,0.17713511070944432,autoland,3779647,13,a34e21034f2e3c317ebb3d485012938d48ad04ac,macosx1015-64-shippable-qr,True,False,,|f|i|s|s|i|o|n| |w|a|r|m| |w|e|b|r|e|n|d|e|r|,102210fe594ee9b33d82058545b1ed14f4c8206e,PerceptualSpeedIndex,google-docs,True,google-docs PerceptualSpeedIndex opt fission warm webrender,,77,ms,firefox,,1728016997,2023-07-19 08:12:16,1274646,,,,,,,,,,,,,,,,,,,,,,,,,,,,,,,,,,,,,,,,,,,,,,,,,TN
407,b8d9ace4647851e162743362d884084c81a969ab,0.22051513782196097,autoland,3779647,13,a34e21034f2e3c317ebb3d485012938d48ad04ac,macosx1015-64-shippable-qr,True,False,,|f|i|s|s|i|o|n| |w|a|r|m| |w|e|b|r|e|n|d|e|r|,102210fe594ee9b33d82058545b1ed14f4c8206e,PerceptualSpeedIndex,google-docs,True,google-docs PerceptualSpeedIndex opt fission warm webrender,,77,ms,firefox,,1728338101,2023-07-19 12:13:12,1274744,,,,,,,,,,,,,,,,,,,,,,,,,,,,,,,,,,,,,,,,,,,,,,,,,TN
408,c0352b508434cf5db2d851fafc0d3a6f9eb7cc84,0.20582919114324438,autoland,3779647,13,a34e21034f2e3c317ebb3d485012938d48ad04ac,macosx1015-64-shippable-qr,True,False,,|f|i|s|s|i|o|n| |w|a|r|m| |w|e|b|r|e|n|d|e|r|,102210fe594ee9b33d82058545b1ed14f4c8206e,PerceptualSpeedIndex,google-docs,True,google-docs PerceptualSpeedIndex opt fission warm webrender,,77,ms,firefox,,1728795809,2023-07-19 13:05:01,1274780,,,,,,,,,,,,,,,,,,,,,,,,,,,,,,,,,,,,,,,,,,,,,,,,,TN
409,b4b23feef55a5201adccb65558c2f936b437b03c,0.2004066877541797,autoland,3779647,13,a34e21034f2e3c317ebb3d485012938d48ad04ac,macosx1015-64-shippable-qr,True,False,,|f|i|s|s|i|o|n| |w|a|r|m| |w|e|b|r|e|n|d|e|r|,102210fe594ee9b33d82058545b1ed14f4c8206e,PerceptualSpeedIndex,google-docs,True,google-docs PerceptualSpeedIndex opt fission warm webrender,,77,ms,firefox,,1728777786,2023-07-19 13:06:35,1274782,,,,,,,,,,,,,,,,,,,,,,,,,,,,,,,,,,,,,,,,,,,,,,,,,TN
410,c1d9936545b5ba143392d27280eb1d56af5ac580,0.20492544057840023,autoland,3779647,13,a34e21034f2e3c317ebb3d485012938d48ad04ac,macosx1015-64-shippable-qr,True,False,,|f|i|s|s|i|o|n| |w|a|r|m| |w|e|b|r|e|n|d|e|r|,102210fe594ee9b33d82058545b1ed14f4c8206e,PerceptualSpeedIndex,google-docs,True,google-docs PerceptualSpeedIndex opt fission warm webrender,,77,ms,firefox,,1728654532,2023-07-19 14:37:00,1274851,,,,,,,,,,,,,,,,,,,,,,,,,,,,,,,,,,,,,,,,,,,,,,,,,TN
411,42e0b293b3a65df8406e58d9a703707f07ca64e3,0.1967916854948033,autoland,3779647,13,a34e21034f2e3c317ebb3d485012938d48ad04ac,macosx1015-64-shippable-qr,True,False,,|f|i|s|s|i|o|n| |w|a|r|m| |w|e|b|r|e|n|d|e|r|,102210fe594ee9b33d82058545b1ed14f4c8206e,PerceptualSpeedIndex,google-docs,True,google-docs PerceptualSpeedIndex opt fission warm webrender,,77,ms,firefox,,1728784989,2023-07-19 16:22:57,1274925,,,,,,,,,,,,,,,,,,,,,,,,,,,,,,,,,,,,,,,,,,,,,,,,,TN
412,d05e7eb6194b6ed6a17fa804338e80e604d05426,0.1900135562584726,autoland,3779647,13,a34e21034f2e3c317ebb3d485012938d48ad04ac,macosx1015-64-shippable-qr,True,False,,|f|i|s|s|i|o|n| |w|a|r|m| |w|e|b|r|e|n|d|e|r|,102210fe594ee9b33d82058545b1ed14f4c8206e,PerceptualSpeedIndex,google-docs,True,google-docs PerceptualSpeedIndex opt fission warm webrender,,77,ms,firefox,,1728795130,2023-07-19 16:24:52,1274926,,,,,,,,,,,,,,,,,,,,,,,,,,,,,,,,,,,,,,,,,,,,,,,,,TN
413,a4cb1e2b9e3d0583fb35c77b1b5a61823240d23a,0.22751920469950293,autoland,3779647,13,a34e21034f2e3c317ebb3d485012938d48ad04ac,macosx1015-64-shippable-qr,True,False,,|f|i|s|s|i|o|n| |w|a|r|m| |w|e|b|r|e|n|d|e|r|,102210fe594ee9b33d82058545b1ed14f4c8206e,PerceptualSpeedIndex,google-docs,True,google-docs PerceptualSpeedIndex opt fission warm webrender,,77,ms,firefox,,1728676478,2023-07-19 18:46:51,1275034,,,,,,,,,,,,,,,,,,,,,,,,,,,,,,,,,,,,,,,,,,,,,,,,,TN
414,7d1e4a896dd81d294b7bccc7c20345d7c0432b47,0.2040216900135563,autoland,3779647,13,a34e21034f2e3c317ebb3d485012938d48ad04ac,macosx1015-64-shippable-qr,True,False,,|f|i|s|s|i|o|n| |w|a|r|m| |w|e|b|r|e|n|d|e|r|,102210fe594ee9b33d82058545b1ed14f4c8206e,PerceptualSpeedIndex,google-docs,True,google-docs PerceptualSpeedIndex opt fission warm webrender,,77,ms,firefox,,1728696814,2023-07-19 22:17:04,1275176,,,,,,,,,,,,,,,,,,,,,,,,,,,,,,,,,,,,,,,,,,,,,,,,,TN
415,e73cc92e62dbaf2e2cdb70a1d9890da611a2b772,0.2033438770899232,autoland,3779647,13,a34e21034f2e3c317ebb3d485012938d48ad04ac,macosx1015-64-shippable-qr,True,False,,|f|i|s|s|i|o|n| |w|a|r|m| |w|e|b|r|e|n|d|e|r|,102210fe594ee9b33d82058545b1ed14f4c8206e,PerceptualSpeedIndex,google-docs,True,google-docs PerceptualSpeedIndex opt fission warm webrender,,77,ms,firefox,,1728772311,2023-07-20 03:34:20,1275291,,,,,,,,,,,,,,,,,,,,,,,,,,,,,,,,,,,,,,,,,,,,,,,,,TN
416,9a6d93f12d75deb2d5f6662ca35347a774d7cd6f,0.1961138725711704,autoland,3779647,13,a34e21034f2e3c317ebb3d485012938d48ad04ac,macosx1015-64-shippable-qr,True,False,,|f|i|s|s|i|o|n| |w|a|r|m| |w|e|b|r|e|n|d|e|r|,102210fe594ee9b33d82058545b1ed14f4c8206e,PerceptualSpeedIndex,google-docs,True,google-docs PerceptualSpeedIndex opt fission warm webrender,,77,ms,firefox,,1728946947,2023-07-20 07:42:09,1275344,,,,,,,,,,,,,,,,,,,,,,,,,,,,,,,,,,,,,,,,,,,,,,,,,TN
417,0278b86272728b17ade153f25ef5ec4442158066,0.2329417080885674,autoland,3779647,13,a34e21034f2e3c317ebb3d485012938d48ad04ac,macosx1015-64-shippable-qr,True,False,,|f|i|s|s|i|o|n| |w|a|r|m| |w|e|b|r|e|n|d|e|r|,102210fe594ee9b33d82058545b1ed14f4c8206e,PerceptualSpeedIndex,google-docs,True,google-docs PerceptualSpeedIndex opt fission warm webrender,,77,ms,firefox,,1729047157,2023-07-20 12:22:04,1275437,,,,,,,,,,,,,,,,,,,,,,,,,,,,,,,,,,,,,,,,,,,,,,,,,TN
418,f33e1ce6dcf19e47952f3963c8e970c7c380acd2,0.21893357433348393,autoland,3779647,13,a34e21034f2e3c317ebb3d485012938d48ad04ac,macosx1015-64-shippable-qr,True,False,,|f|i|s|s|i|o|n| |w|a|r|m| |w|e|b|r|e|n|d|e|r|,102210fe594ee9b33d82058545b1ed14f4c8206e,PerceptualSpeedIndex,google-docs,True,google-docs PerceptualSpeedIndex opt fission warm webrender,,77,ms,firefox,,1729487051,2023-07-20 13:21:00,1275460,,,,,,,,,,,,,,,,,,,,,,,,,,,,,,,,,,,,,,,,,,,,,,,,,TN
419,a90f231791f03487ec9a1beab731726e345264d3,0.20515137821961127,autoland,3779647,13,a34e21034f2e3c317ebb3d485012938d48ad04ac,macosx1015-64-shippable-qr,True,False,,|f|i|s|s|i|o|n| |w|a|r|m| |w|e|b|r|e|n|d|e|r|,102210fe594ee9b33d82058545b1ed14f4c8206e,PerceptualSpeedIndex,google-docs,True,google-docs PerceptualSpeedIndex opt fission warm webrender,,77,ms,firefox,,1729473368,2023-07-20 13:24:59,1275463,,,,,,,,,,,,,,,,,,,,,,,,,,,,,,,,,,,,,,,,,,,,,,,,,TN
420,0bc898fe076442e9a552e9918f1b50ece1c87859,0.1825576140985088,autoland,3779647,13,a34e21034f2e3c317ebb3d485012938d48ad04ac,macosx1015-64-shippable-qr,True,False,,|f|i|s|s|i|o|n| |w|a|r|m| |w|e|b|r|e|n|d|e|r|,102210fe594ee9b33d82058545b1ed14f4c8206e,PerceptualSpeedIndex,google-docs,True,google-docs PerceptualSpeedIndex opt fission warm webrender,,77,ms,firefox,,1729117286,2023-07-20 15:24:57,1275543,,,,,,,,,,,,,,,,,,,,,,,,,,,,,,,,,,,,,,,,,,,,,,,,,TN
421,61e3c35c5ec858d73be3f12db7911814c97662d1,0.17261635788522378,autoland,3779647,13,a34e21034f2e3c317ebb3d485012938d48ad04ac,macosx1015-64-shippable-qr,True,False,,|f|i|s|s|i|o|n| |w|a|r|m| |w|e|b|r|e|n|d|e|r|,102210fe594ee9b33d82058545b1ed14f4c8206e,PerceptualSpeedIndex,google-docs,True,google-docs PerceptualSpeedIndex opt fission warm webrender,,77,ms,firefox,,1729478576,2023-07-20 15:49:41,1275563,,,,,,,,,,,,,,,,,,,,,,,,,,,,,,,,,,,,,,,,,,,,,,,,,TN
422,e19f10f18cc2b743954df29e6df658ad01a8d71f,0.21102575689109804,autoland,3779647,13,a34e21034f2e3c317ebb3d485012938d48ad04ac,macosx1015-64-shippable-qr,True,False,,|f|i|s|s|i|o|n| |w|a|r|m| |w|e|b|r|e|n|d|e|r|,102210fe594ee9b33d82058545b1ed14f4c8206e,PerceptualSpeedIndex,google-docs,True,google-docs PerceptualSpeedIndex opt fission warm webrender,,77,ms,firefox,,1729480681,2023-07-20 15:57:36,1275568,,,,,,,,,,,,,,,,,,,,,,,,,,,,,,,,,,,,,,,,,,,,,,,,,TN
423,1474bffb9d2bc609c90f59cdbd875d90f152f78b,0.20515137821961127,autoland,3779647,13,a34e21034f2e3c317ebb3d485012938d48ad04ac,macosx1015-64-shippable-qr,True,False,,|f|i|s|s|i|o|n| |w|a|r|m| |w|e|b|r|e|n|d|e|r|,102210fe594ee9b33d82058545b1ed14f4c8206e,PerceptualSpeedIndex,google-docs,True,google-docs PerceptualSpeedIndex opt fission warm webrender,,77,ms,firefox,,1729317703,2023-07-20 19:57:27,1275751,,,,,,,,,,,,,,,,,,,,,,,,,,,,,,,,,,,,,,,,,,,,,,,,,TN
424,a81b4cfa355314c5644c5a1924408dd57a6451ba,0.1954360596475373,autoland,3779647,13,a34e21034f2e3c317ebb3d485012938d48ad04ac,macosx1015-64-shippable-qr,True,False,,|f|i|s|s|i|o|n| |w|a|r|m| |w|e|b|r|e|n|d|e|r|,102210fe594ee9b33d82058545b1ed14f4c8206e,PerceptualSpeedIndex,google-docs,True,google-docs PerceptualSpeedIndex opt fission warm webrender,,77,ms,firefox,,1729394435,2023-07-20 23:58:39,1275867,,,,,,,,,,,,,,,,,,,,,,,,,,,,,,,,,,,,,,,,,,,,,,,,,TN
425,561b7f418a4da2b68cf411804f9a6dcc542bf5d4,0.2390420244012652,autoland,3779647,13,a34e21034f2e3c317ebb3d485012938d48ad04ac,macosx1015-64-shippable-qr,True,False,,|f|i|s|s|i|o|n| |w|a|r|m| |w|e|b|r|e|n|d|e|r|,102210fe594ee9b33d82058545b1ed14f4c8206e,PerceptualSpeedIndex,google-docs,True,google-docs PerceptualSpeedIndex opt fission warm webrender,,77,ms,firefox,,1729440589,2023-07-21 02:12:29,1275913,,,,,,,,,,,,,,,,,,,,,,,,,,,,,,,,,,,,,,,,,,,,,,,,,TN
426,a2fe9197bad582dee22ed11cd3cec32073abcbb1,0.2101220063262541,autoland,3779647,13,a34e21034f2e3c317ebb3d485012938d48ad04ac,macosx1015-64-shippable-qr,True,False,,|f|i|s|s|i|o|n| |w|a|r|m| |w|e|b|r|e|n|d|e|r|,102210fe594ee9b33d82058545b1ed14f4c8206e,PerceptualSpeedIndex,google-docs,True,google-docs PerceptualSpeedIndex opt fission warm webrender,,77,ms,firefox,,1729596393,2023-07-21 09:50:03,1276015,,,,,,,,,,,,,,,,,,,,,,,,,,,,,,,,,,,,,,,,,,,,,,,,,TN
427,9df47ce85e0472ca3ad7784cdf4c5640950ed7d9,0.19227293267058276,autoland,3779647,13,a34e21034f2e3c317ebb3d485012938d48ad04ac,macosx1015-64-shippable-qr,True,False,,|f|i|s|s|i|o|n| |w|a|r|m| |w|e|b|r|e|n|d|e|r|,102210fe594ee9b33d82058545b1ed14f4c8206e,PerceptualSpeedIndex,google-docs,True,google-docs PerceptualSpeedIndex opt fission warm webrender,,77,ms,firefox,,1729670762,2023-07-21 13:55:08,1276152,,,,,,,,,,,,,,,,,,,,,,,,,,,,,,,,,,,,,,,,,,,,,,,,,TN
428,b545926f1ae26978c1d882b547b81c46cc2d13b1,0.19069136918210572,autoland,3779647,13,a34e21034f2e3c317ebb3d485012938d48ad04ac,macosx1015-64-shippable-qr,True,False,,|f|i|s|s|i|o|n| |w|a|r|m| |w|e|b|r|e|n|d|e|r|,102210fe594ee9b33d82058545b1ed14f4c8206e,PerceptualSpeedIndex,google-docs,True,google-docs PerceptualSpeedIndex opt fission warm webrender,,77,ms,firefox,,1729969507,2023-07-21 14:57:13,1276194,,,,,,,,,,,,,,,,,,,,,,,,,,,,,,,,,,,,,,,,,,,,,,,,,TN
429,9fb23e77a86d962610c8be2392b3d05732b94847,0.2028920018075011,autoland,3779647,13,a34e21034f2e3c317ebb3d485012938d48ad04ac,macosx1015-64-shippable-qr,True,False,,|f|i|s|s|i|o|n| |w|a|r|m| |w|e|b|r|e|n|d|e|r|,102210fe594ee9b33d82058545b1ed14f4c8206e,PerceptualSpeedIndex,google-docs,True,google-docs PerceptualSpeedIndex opt fission warm webrender,,77,ms,firefox,,1729968015,2023-07-21 15:37:35,1276218,,,,,,,,,,,,,,,,,,,,,,,,,,,,,,,,,,,,,,,,,,,,,,,,,TN
430,e289c1fd943bfc8c2973687da74a008f86d9e60f,0.21215544509715323,autoland,3779647,13,a34e21034f2e3c317ebb3d485012938d48ad04ac,macosx1015-64-shippable-qr,True,False,,|f|i|s|s|i|o|n| |w|a|r|m| |w|e|b|r|e|n|d|e|r|,102210fe594ee9b33d82058545b1ed14f4c8206e,PerceptualSpeedIndex,google-docs,True,google-docs PerceptualSpeedIndex opt fission warm webrender,,77,ms,firefox,,1729773162,2023-07-21 17:11:12,1276290,,,,,,,,,,,,,,,,,,,,,,,,,,,,,,,,,,,,,,,,,,,,,,,,,TN
431,f13e959d38c7e8d9590bbc8d44f95149bbe180d1,0.21554450971531858,autoland,3779647,13,a34e21034f2e3c317ebb3d485012938d48ad04ac,macosx1015-64-shippable-qr,True,False,,|f|i|s|s|i|o|n| |w|a|r|m| |w|e|b|r|e|n|d|e|r|,102210fe594ee9b33d82058545b1ed14f4c8206e,PerceptualSpeedIndex,google-docs,True,google-docs PerceptualSpeedIndex opt fission warm webrender,,77,ms,firefox,,1729893761,2023-07-21 21:17:12,1276495,,,,,,,,,,,,,,,,,,,,,,,,,,,,,,,,,,,,,,,,,,,,,,,,,TN
432,50344759578b6b2e1851c6a6133121c4d89b4f0d,0.20244012652507903,autoland,3779647,13,a34e21034f2e3c317ebb3d485012938d48ad04ac,macosx1015-64-shippable-qr,True,False,,|f|i|s|s|i|o|n| |w|a|r|m| |w|e|b|r|e|n|d|e|r|,102210fe594ee9b33d82058545b1ed14f4c8206e,PerceptualSpeedIndex,google-docs,True,google-docs PerceptualSpeedIndex opt fission warm webrender,,77,ms,firefox,,1729893720,2023-07-21 22:20:56,1276531,,,,,,,,,,,,,,,,,,,,,,,,,,,,,,,,,,,,,,,,,,,,,,,,,TN
433,e4939251f81ca8c6a2fb9db3bbd4416e04dff97d,0.2046995029371892,autoland,3779647,13,a34e21034f2e3c317ebb3d485012938d48ad04ac,macosx1015-64-shippable-qr,True,False,,|f|i|s|s|i|o|n| |w|a|r|m| |w|e|b|r|e|n|d|e|r|,102210fe594ee9b33d82058545b1ed14f4c8206e,PerceptualSpeedIndex,google-docs,True,google-docs PerceptualSpeedIndex opt fission warm webrender,,77,ms,firefox,,1729944284,2023-07-22 03:42:46,1276588,,,,,,,,,,,,,,,,,,,,,,,,,,,,,,,,,,,,,,,,,,,,,,,,,TN
434,c95ec2e13d66e06547002bd008e87bea4f94c022,0.19950293718933576,autoland,3779647,13,a34e21034f2e3c317ebb3d485012938d48ad04ac,macosx1015-64-shippable-qr,True,False,,|f|i|s|s|i|o|n| |w|a|r|m| |w|e|b|r|e|n|d|e|r|,102210fe594ee9b33d82058545b1ed14f4c8206e,PerceptualSpeedIndex,google-docs,True,google-docs PerceptualSpeedIndex opt fission warm webrender,,77,ms,firefox,,1730021934,2023-07-22 08:58:42,1276620,,,,,,,,,,,,,,,,,,,,,,,,,,,,,,,,,,,,,,,,,,,,,,,,,TN
435,b16351df250c572a14efa126f7702fe104ac9fd7,0.20786262991414373,autoland,3779647,13,a34e21034f2e3c317ebb3d485012938d48ad04ac,macosx1015-64-shippable-qr,True,False,,|f|i|s|s|i|o|n| |w|a|r|m| |w|e|b|r|e|n|d|e|r|,102210fe594ee9b33d82058545b1ed14f4c8206e,PerceptualSpeedIndex,google-docs,True,google-docs PerceptualSpeedIndex opt fission warm webrender,,77,ms,firefox,,1730134492,2023-07-22 14:13:52,1276645,,,,,,,,,,,,,,,,,,,,,,,,,,,,,,,,,,,,,,,,,,,,,,,,,TN
436,829bb0f62051beedfe5ba05f679d3b6c8e0d1a3b,0.18052417532760967,autoland,3779647,13,a34e21034f2e3c317ebb3d485012938d48ad04ac,macosx1015-64-shippable-qr,True,False,,|f|i|s|s|i|o|n| |w|a|r|m| |w|e|b|r|e|n|d|e|r|,102210fe594ee9b33d82058545b1ed14f4c8206e,PerceptualSpeedIndex,google-docs,True,google-docs PerceptualSpeedIndex opt fission warm webrender,,77,ms,firefox,,1730219301,2023-07-23 02:59:53,1276677,,,,,,,,,,,,,,,,,,,,,,,,,,,,,,,,,,,,,,,,,,,,,,,,,TN
437,bd6c5007212e7ee9ecc312d4ef096252a9702033,0.25350203343877076,autoland,3779647,13,a34e21034f2e3c317ebb3d485012938d48ad04ac,macosx1015-64-shippable-qr,True,False,,|f|i|s|s|i|o|n| |w|a|r|m| |w|e|b|r|e|n|d|e|r|,102210fe594ee9b33d82058545b1ed14f4c8206e,PerceptualSpeedIndex,google-docs,True,google-docs PerceptualSpeedIndex opt fission warm webrender,,77,ms,firefox,,1730272297,2023-07-23 12:16:45,1276689,,,,,,,,,,,,,,,,,,,,,,,,,,,,,,,,,,,,,,,,,,,,,,,,,TN
438,2fd3284df4616a8723f5b749c4652a682c7b5372,0.17487573429733394,autoland,3779647,13,a34e21034f2e3c317ebb3d485012938d48ad04ac,macosx1015-64-shippable-qr,True,False,,|f|i|s|s|i|o|n| |w|a|r|m| |w|e|b|r|e|n|d|e|r|,102210fe594ee9b33d82058545b1ed14f4c8206e,PerceptualSpeedIndex,google-docs,True,google-docs PerceptualSpeedIndex opt fission warm webrender,,77,ms,firefox,,1730344560,2023-07-23 17:37:04,1276726,,,,,,,,,,,,,,,,,,,,,,,,,,,,,,,,,,,,,,,,,,,,,,,,,TN
439,7e5acc812edd3bcb93cfaf76eaab2c3fd6c4d274,0.19114324446452757,autoland,3779647,13,a34e21034f2e3c317ebb3d485012938d48ad04ac,macosx1015-64-shippable-qr,True,False,,|f|i|s|s|i|o|n| |w|a|r|m| |w|e|b|r|e|n|d|e|r|,102210fe594ee9b33d82058545b1ed14f4c8206e,PerceptualSpeedIndex,google-docs,True,google-docs PerceptualSpeedIndex opt fission warm webrender,,77,ms,firefox,,1730398989,2023-07-24 00:19:00,1276767,,,,,,,,,,,,,,,,,,,,,,,,,,,,,,,,,,,,,,,,,,,,,,,,,TN
440,7b6332c9bce4487c1db3384523b5991fef31e28c,0.1893357433348395,autoland,3779647,13,a34e21034f2e3c317ebb3d485012938d48ad04ac,macosx1015-64-shippable-qr,True,False,,|f|i|s|s|i|o|n| |w|a|r|m| |w|e|b|r|e|n|d|e|r|,102210fe594ee9b33d82058545b1ed14f4c8206e,PerceptualSpeedIndex,google-docs,True,google-docs PerceptualSpeedIndex opt fission warm webrender,,77,ms,firefox,,1730433415,2023-07-24 03:08:06,1276802,,,,,,,,,,,,,,,,,,,,,,,,,,,,,,,,,,,,,,,,,,,,,,,,,TN
441,91b590f6e608c6c3787304fa0010ce58519bde50,0.18233167645729775,autoland,3779647,13,a34e21034f2e3c317ebb3d485012938d48ad04ac,macosx1015-64-shippable-qr,True,False,,|f|i|s|s|i|o|n| |w|a|r|m| |w|e|b|r|e|n|d|e|r|,102210fe594ee9b33d82058545b1ed14f4c8206e,PerceptualSpeedIndex,google-docs,True,google-docs PerceptualSpeedIndex opt fission warm webrender,,77,ms,firefox,,1730507131,2023-07-24 07:35:58,1276834,,,,,,,,,,,,,,,,,,,,,,,,,,,,,,,,,,,,,,,,,,,,,,,,,TN
442,b1a1263e67ce531d13e0a5e2e77c737b114e38b0,0.19746949841843664,autoland,3779647,13,a34e21034f2e3c317ebb3d485012938d48ad04ac,macosx1015-64-shippable-qr,True,False,,|f|i|s|s|i|o|n| |w|a|r|m| |w|e|b|r|e|n|d|e|r|,102210fe594ee9b33d82058545b1ed14f4c8206e,PerceptualSpeedIndex,google-docs,True,google-docs PerceptualSpeedIndex opt fission warm webrender,,77,ms,firefox,,1730674898,2023-07-24 11:14:54,1276910,,,,,,,,,,,,,,,,,,,,,,,,,,,,,,,,,,,,,,,,,,,,,,,,,TN
443,23577cb64636c92dfc2f0a73ececd631f05b3414,0.20786262991414373,autoland,3779647,13,a34e21034f2e3c317ebb3d485012938d48ad04ac,macosx1015-64-shippable-qr,True,False,,|f|i|s|s|i|o|n| |w|a|r|m| |w|e|b|r|e|n|d|e|r|,102210fe594ee9b33d82058545b1ed14f4c8206e,PerceptualSpeedIndex,google-docs,True,google-docs PerceptualSpeedIndex opt fission warm webrender,,77,ms,firefox,,1731048814,2023-07-24 12:11:00,1276938,,,,,,,,,,,,,,,,,,,,,,,,,,,,,,,,,,,,,,,,,,,,,,,,,TN
444,8f3d9e59939f99a34bb59db9bca3680462fbc7e9,0.20018075011296865,autoland,3779647,13,a34e21034f2e3c317ebb3d485012938d48ad04ac,macosx1015-64-shippable-qr,True,False,,|f|i|s|s|i|o|n| |w|a|r|m| |w|e|b|r|e|n|d|e|r|,102210fe594ee9b33d82058545b1ed14f4c8206e,PerceptualSpeedIndex,google-docs,True,google-docs PerceptualSpeedIndex opt fission warm webrender,,77,ms,firefox,,1731040752,2023-07-24 12:15:49,1276939,,,,,,,,,,,,,,,,,,,,,,,,,,,,,,,,,,,,,,,,,,,,,,,,,TN
445,fcb2279fe7287100ede1a2fdd72043fbb1787a74,0.21373700858563027,autoland,3779647,13,a34e21034f2e3c317ebb3d485012938d48ad04ac,macosx1015-64-shippable-qr,True,False,,|f|i|s|s|i|o|n| |w|a|r|m| |w|e|b|r|e|n|d|e|r|,102210fe594ee9b33d82058545b1ed14f4c8206e,PerceptualSpeedIndex,google-docs,True,google-docs PerceptualSpeedIndex opt fission warm webrender,,77,ms,firefox,,1731045493,2023-07-24 14:37:08,1277022,,,,,,,,,,,,,,,,,,,,,,,,,,,,,,,,,,,,,,,,,,,,,,,,,TN
446,2ec32cd8e72a81b580f53114dd636edb8b3ff177,0.23542702214188882,autoland,3779647,13,a34e21034f2e3c317ebb3d485012938d48ad04ac,macosx1015-64-shippable-qr,True,False,,|f|i|s|s|i|o|n| |w|a|r|m| |w|e|b|r|e|n|d|e|r|,102210fe594ee9b33d82058545b1ed14f4c8206e,PerceptualSpeedIndex,google-docs,True,google-docs PerceptualSpeedIndex opt fission warm webrender,,77,ms,firefox,,1731037624,2023-07-24 14:56:47,1277037,,,,,,,,,,,,,,,,,,,,,,,,,,,,,,,,,,,,,,,,,,,,,,,,,TN
447,2483fdffbe5e3c051a32bcf141fb33e9803c0afc,0.20311793944871215,autoland,3779647,13,a34e21034f2e3c317ebb3d485012938d48ad04ac,macosx1015-64-shippable-qr,True,False,,|f|i|s|s|i|o|n| |w|a|r|m| |w|e|b|r|e|n|d|e|r|,102210fe594ee9b33d82058545b1ed14f4c8206e,PerceptualSpeedIndex,google-docs,True,google-docs PerceptualSpeedIndex opt fission warm webrender,,77,ms,firefox,,1730859507,2023-07-24 16:02:50,1277068,,,,,,,,,,,,,,,,,,,,,,,,,,,,,,,,,,,,,,,,,,,,,,,,,TN
448,f9c12557d7a4e074be3fc45027ae8ffbb8f27aaf,0.17623136014460017,autoland,3779647,13,a34e21034f2e3c317ebb3d485012938d48ad04ac,macosx1015-64-shippable-qr,True,False,,|f|i|s|s|i|o|n| |w|a|r|m| |w|e|b|r|e|n|d|e|r|,102210fe594ee9b33d82058545b1ed14f4c8206e,PerceptualSpeedIndex,google-docs,True,google-docs PerceptualSpeedIndex opt fission warm webrender,,77,ms,firefox,,1730872693,2023-07-24 19:16:11,1277230,,,,,,,,,,,,,,,,,,,,,,,,,,,,,,,,,,,,,,,,,,,,,,,,,TN
449,bd745245ac70d82630be9e971b5a9077b5f514e8,0.21938544961590578,autoland,3779647,13,a34e21034f2e3c317ebb3d485012938d48ad04ac,macosx1015-64-shippable-qr,True,False,,|f|i|s|s|i|o|n| |w|a|r|m| |w|e|b|r|e|n|d|e|r|,102210fe594ee9b33d82058545b1ed14f4c8206e,PerceptualSpeedIndex,google-docs,True,google-docs PerceptualSpeedIndex opt fission warm webrender,,77,ms,firefox,,1730962689,2023-07-24 23:43:54,1277393,,,,,,,,,,,,,,,,,,,,,,,,,,,,,,,,,,,,,,,,,,,,,,,,,TN
450,1084bcb2a2550fee8fad1f0be69e603b6c8d67bd,0.1875282422051514,autoland,3779647,13,a34e21034f2e3c317ebb3d485012938d48ad04ac,macosx1015-64-shippable-qr,True,False,,|f|i|s|s|i|o|n| |w|a|r|m| |w|e|b|r|e|n|d|e|r|,102210fe594ee9b33d82058545b1ed14f4c8206e,PerceptualSpeedIndex,google-docs,True,google-docs PerceptualSpeedIndex opt fission warm webrender,,77,ms,firefox,,1730976254,2023-07-25 00:28:34,1277414,,,,,,,,,,,,,,,,,,,,,,,,,,,,,,,,,,,,,,,,,,,,,,,,,TN
451,862d1cf3d7a17e3dde9bda49c5561ec902bb8136,0.1954360596475373,autoland,3779647,13,a34e21034f2e3c317ebb3d485012938d48ad04ac,macosx1015-64-shippable-qr,True,False,,|f|i|s|s|i|o|n| |w|a|r|m| |w|e|b|r|e|n|d|e|r|,102210fe594ee9b33d82058545b1ed14f4c8206e,PerceptualSpeedIndex,google-docs,True,google-docs PerceptualSpeedIndex opt fission warm webrender,,77,ms,firefox,,1731056251,2023-07-25 04:47:38,1277485,,,,,,,,,,,,,,,,,,,,,,,,,,,,,,,,,,,,,,,,,,,,,,,,,TN
452,45a52966f9649f4dc9b8bbb6a8e68cdcc63ee287,0.200858563036602,autoland,3779647,13,a34e21034f2e3c317ebb3d485012938d48ad04ac,macosx1015-64-shippable-qr,True,False,,|f|i|s|s|i|o|n| |w|a|r|m| |w|e|b|r|e|n|d|e|r|,102210fe594ee9b33d82058545b1ed14f4c8206e,PerceptualSpeedIndex,google-docs,True,google-docs PerceptualSpeedIndex opt fission warm webrender,,77,ms,firefox,,1731164919,2023-07-25 10:29:47,1277576,,,,,,,,,,,,,,,,,,,,,,,,,,,,,,,,,,,,,,,,,,,,,,,,,TN
453,1ae7562fa2353aa63871f769d4e0a1cdd9becf78,0.20492544057840023,autoland,3779647,13,a34e21034f2e3c317ebb3d485012938d48ad04ac,macosx1015-64-shippable-qr,True,False,,|f|i|s|s|i|o|n| |w|a|r|m| |w|e|b|r|e|n|d|e|r|,102210fe594ee9b33d82058545b1ed14f4c8206e,PerceptualSpeedIndex,google-docs,True,google-docs PerceptualSpeedIndex opt fission warm webrender,,77,ms,firefox,,1731272995,2023-07-25 14:49:04,1277682,,,,,,,,,,,,,,,,,,,,,,,,,,,,,,,,,,,,,,,,,,,,,,,,,TN
454,c30662ce80ba57a0977cdeb03e776a28af4fa2fb,0.2071848169905106,autoland,3779647,13,a34e21034f2e3c317ebb3d485012938d48ad04ac,macosx1015-64-shippable-qr,True,False,,|f|i|s|s|i|o|n| |w|a|r|m| |w|e|b|r|e|n|d|e|r|,102210fe594ee9b33d82058545b1ed14f4c8206e,PerceptualSpeedIndex,google-docs,True,google-docs PerceptualSpeedIndex opt fission warm webrender,,77,ms,firefox,,1731329748,2023-07-25 15:17:56,1277708,,,,,,,,,,,,,,,,,,,,,,,,,,,,,,,,,,,,,,,,,,,,,,,,,TN
455,9a2f59dbe5917068801919377341eb7c1ea2030d,0.1900135562584726,autoland,3779647,13,a34e21034f2e3c317ebb3d485012938d48ad04ac,macosx1015-64-shippable-qr,True,False,,|f|i|s|s|i|o|n| |w|a|r|m| |w|e|b|r|e|n|d|e|r|,102210fe594ee9b33d82058545b1ed14f4c8206e,PerceptualSpeedIndex,google-docs,True,google-docs PerceptualSpeedIndex opt fission warm webrender,,77,ms,firefox,,1731435571,2023-07-25 23:05:26,1278011,,,,,,,,,,,,,,,,,,,,,,,,,,,,,,,,,,,,,,,,,,,,,,,,,TN
456,6a9aca2a1b89781175cdec2df700998fa9209282,0.19204699502937195,autoland,3779647,13,a34e21034f2e3c317ebb3d485012938d48ad04ac,macosx1015-64-shippable-qr,True,False,,|f|i|s|s|i|o|n| |w|a|r|m| |w|e|b|r|e|n|d|e|r|,102210fe594ee9b33d82058545b1ed14f4c8206e,PerceptualSpeedIndex,google-docs,True,google-docs PerceptualSpeedIndex opt fission warm webrender,,77,ms,firefox,,1731481825,2023-07-26 02:26:30,1278087,,,,,,,,,,,,,,,,,,,,,,,,,,,,,,,,,,,,,,,,,,,,,,,,,TN
457,8470bc21f160f3c1fecb034308c203412e1fcb3c,0.1893357433348395,autoland,3779647,13,a34e21034f2e3c317ebb3d485012938d48ad04ac,macosx1015-64-shippable-qr,True,False,,|f|i|s|s|i|o|n| |w|a|r|m| |w|e|b|r|e|n|d|e|r|,102210fe594ee9b33d82058545b1ed14f4c8206e,PerceptualSpeedIndex,google-docs,True,google-docs PerceptualSpeedIndex opt fission warm webrender,,77,ms,firefox,,1731548584,2023-07-26 06:49:07,1278154,,,,,,,,,,,,,,,,,,,,,,,,,,,,,,,,,,,,,,,,,,,,,,,,,TN
458,87846ae3f12d74bcc97619bea65453ce0aca0e54,0.19453230908269314,autoland,3779647,13,a34e21034f2e3c317ebb3d485012938d48ad04ac,macosx1015-64-shippable-qr,True,False,,|f|i|s|s|i|o|n| |w|a|r|m| |w|e|b|r|e|n|d|e|r|,102210fe594ee9b33d82058545b1ed14f4c8206e,PerceptualSpeedIndex,google-docs,True,google-docs PerceptualSpeedIndex opt fission warm webrender,,77,ms,firefox,,1731624265,2023-07-26 09:35:06,1278218,,,,,,,,,,,,,,,,,,,,,,,,,,,,,,,,,,,,,,,,,,,,,,,,,TN
459,b65b154c05c37b796b5c0ef7cc01fd37ecfdea1c,0.22435607772254862,autoland,3779647,13,a34e21034f2e3c317ebb3d485012938d48ad04ac,macosx1015-64-shippable-qr,True,False,,|f|i|s|s|i|o|n| |w|a|r|m| |w|e|b|r|e|n|d|e|r|,102210fe594ee9b33d82058545b1ed14f4c8206e,PerceptualSpeedIndex,google-docs,True,google-docs PerceptualSpeedIndex opt fission warm webrender,,77,ms,firefox,,1731816682,2023-07-26 15:38:17,1278401,,,,,,,,,,,,,,,,,,,,,,,,,,,,,,,,,,,,,,,,,,,,,,,,,TN
460,84a5d1af6f7ff3689a022412a1fbc2c6632a5f96,0.1954360596475373,autoland,3779647,13,a34e21034f2e3c317ebb3d485012938d48ad04ac,macosx1015-64-shippable-qr,True,False,,|f|i|s|s|i|o|n| |w|a|r|m| |w|e|b|r|e|n|d|e|r|,102210fe594ee9b33d82058545b1ed14f4c8206e,PerceptualSpeedIndex,google-docs,True,google-docs PerceptualSpeedIndex opt fission warm webrender,,77,ms,firefox,,1731888781,2023-07-26 23:24:58,1278695,,,,,,,,,,,,,,,,,,,,,,,,,,,,,,,,,,,,,,,,,,,,,,,,,TN
461,3e5ffa17cbfe0cff1585c411714ca008dc6ae15e,0.2004066877541797,autoland,3779647,13,a34e21034f2e3c317ebb3d485012938d48ad04ac,macosx1015-64-shippable-qr,True,False,,|f|i|s|s|i|o|n| |w|a|r|m| |w|e|b|r|e|n|d|e|r|,102210fe594ee9b33d82058545b1ed14f4c8206e,PerceptualSpeedIndex,google-docs,True,google-docs PerceptualSpeedIndex opt fission warm webrender,,77,ms,firefox,,1731979862,2023-07-27 01:40:00,1278764,,,,,,,,,,,,,,,,,,,,,,,,,,,,,,,,,,,,,,,,,,,,,,,,,TN
462,49616ee80814eb0968b0e2523383748fdb2c7aad,0.3185720741075464,autoland,3779647,13,a34e21034f2e3c317ebb3d485012938d48ad04ac,macosx1015-64-shippable-qr,True,False,,|f|i|s|s|i|o|n| |w|a|r|m| |w|e|b|r|e|n|d|e|r|,102210fe594ee9b33d82058545b1ed14f4c8206e,PerceptualSpeedIndex,google-docs,True,google-docs PerceptualSpeedIndex opt fission warm webrender,,77,ms,firefox,,1732604929,2023-07-27 10:53:12,1278923,,,,,,,,,,,,,,,,,,,,,,,,,,,,,,,,,,,,,,,,,,,,,,,,,TN
463,84800a0d7e6ed9c82449cedd7ba57c2061572292,0.19769543605964768,autoland,3779647,13,a34e21034f2e3c317ebb3d485012938d48ad04ac,macosx1015-64-shippable-qr,True,False,,|f|i|s|s|i|o|n| |w|a|r|m| |w|e|b|r|e|n|d|e|r|,102210fe594ee9b33d82058545b1ed14f4c8206e,PerceptualSpeedIndex,google-docs,True,google-docs PerceptualSpeedIndex opt fission warm webrender,,77,ms,firefox,,1732130496,2023-07-27 11:30:20,1278928,,,,,,,,,,,,,,,,,,,,,,,,,,,,,,,,,,,,,,,,,,,,,,,,,TN
464,481bfcb7b2201e1eb04cebbeee74480be11095cc,0.1954360596475373,autoland,3779647,13,a34e21034f2e3c317ebb3d485012938d48ad04ac,macosx1015-64-shippable-qr,True,False,,|f|i|s|s|i|o|n| |w|a|r|m| |w|e|b|r|e|n|d|e|r|,102210fe594ee9b33d82058545b1ed14f4c8206e,PerceptualSpeedIndex,google-docs,True,google-docs PerceptualSpeedIndex opt fission warm webrender,,77,ms,firefox,,1732264226,2023-07-27 15:18:37,1279069,,,,,,,,,,,,,,,,,,,,,,,,,,,,,,,,,,,,,,,,,,,,,,,,,TN
465,f50f1984cd54c49748c94ebf3f3709aa4c582ead,0.18436511522819687,autoland,3779647,13,a34e21034f2e3c317ebb3d485012938d48ad04ac,macosx1015-64-shippable-qr,True,False,,|f|i|s|s|i|o|n| |w|a|r|m| |w|e|b|r|e|n|d|e|r|,102210fe594ee9b33d82058545b1ed14f4c8206e,PerceptualSpeedIndex,google-docs,True,google-docs PerceptualSpeedIndex opt fission warm webrender,,77,ms,firefox,,1732437852,2023-07-27 19:34:25,1279276,,,,,,,,,,,,,,,,,,,,,,,,,,,,,,,,,,,,,,,,,,,,,,,,,TN
466,0b367e70ac913aeec6308d2b941cff4dc929cd22,0.20108450067781303,autoland,3779647,13,a34e21034f2e3c317ebb3d485012938d48ad04ac,macosx1015-64-shippable-qr,True,False,,|f|i|s|s|i|o|n| |w|a|r|m| |w|e|b|r|e|n|d|e|r|,102210fe594ee9b33d82058545b1ed14f4c8206e,PerceptualSpeedIndex,google-docs,True,google-docs PerceptualSpeedIndex opt fission warm webrender,,77,ms,firefox,,1732507936,2023-07-27 23:35:22,1279407,,,,,,,,,,,,,,,,,,,,,,,,,,,,,,,,,,,,,,,,,,,,,,,,,TN
467,36ce680ea81ccb2f123f0f6831596185e6ea4e83,0.19046543154089468,autoland,3779647,13,a34e21034f2e3c317ebb3d485012938d48ad04ac,macosx1015-64-shippable-qr,True,False,,|f|i|s|s|i|o|n| |w|a|r|m| |w|e|b|r|e|n|d|e|r|,102210fe594ee9b33d82058545b1ed14f4c8206e,PerceptualSpeedIndex,google-docs,True,google-docs PerceptualSpeedIndex opt fission warm webrender,,77,ms,firefox,,1732533411,2023-07-28 01:05:08,1279448,,,,,,,,,,,,,,,,,,,,,,,,,,,,,,,,,,,,,,,,,,,,,,,,,TN
468,10692fd51184d10f78fb0eb56090f3c55827b561,0.24469046543154094,autoland,3779647,13,a34e21034f2e3c317ebb3d485012938d48ad04ac,macosx1015-64-shippable-qr,True,False,,|f|i|s|s|i|o|n| |w|a|r|m| |w|e|b|r|e|n|d|e|r|,102210fe594ee9b33d82058545b1ed14f4c8206e,PerceptualSpeedIndex,google-docs,True,google-docs PerceptualSpeedIndex opt fission warm webrender,,77,ms,firefox,,1732611974,2023-07-28 05:46:55,1279508,,,,,,,,,,,,,,,,,,,,,,,,,,,,,,,,,,,,,,,,,,,,,,,,,TN
469,af33198f4756b96446ab9cb00f77cc6e2b27f314,0.2862629914143695,autoland,3779647,13,a34e21034f2e3c317ebb3d485012938d48ad04ac,macosx1015-64-shippable-qr,True,False,,|f|i|s|s|i|o|n| |w|a|r|m| |w|e|b|r|e|n|d|e|r|,102210fe594ee9b33d82058545b1ed14f4c8206e,PerceptualSpeedIndex,google-docs,True,google-docs PerceptualSpeedIndex opt fission warm webrender,,77,ms,firefox,,1732730868,2023-07-28 11:09:37,1279609,,,,,,,,,,,,,,,,,,,,,,,,,,,,,,,,,,,,,,,,,,,,,,,,,TN
470,148b5471e5886061d13d6a4fb357e0791b2afb34,0.3081789426118391,autoland,3779647,13,a34e21034f2e3c317ebb3d485012938d48ad04ac,macosx1015-64-shippable-qr,True,False,,|f|i|s|s|i|o|n| |w|a|r|m| |w|e|b|r|e|n|d|e|r|,102210fe594ee9b33d82058545b1ed14f4c8206e,PerceptualSpeedIndex,google-docs,True,google-docs PerceptualSpeedIndex opt fission warm webrender,,77,ms,firefox,,1733058717,2023-07-28 13:57:10,1279692,,,,,,,,,,,,,,,,,,,,,,,,,,,,,,,,,,,,,,,,,,,,,,,,,TN
471,0f04283fe1434b754418b878f1af044b40bfa55d,0.18820605512878452,autoland,3779647,13,a34e21034f2e3c317ebb3d485012938d48ad04ac,macosx1015-64-shippable-qr,True,False,,|f|i|s|s|i|o|n| |w|a|r|m| |w|e|b|r|e|n|d|e|r|,102210fe594ee9b33d82058545b1ed14f4c8206e,PerceptualSpeedIndex,google-docs,True,google-docs PerceptualSpeedIndex opt fission warm webrender,,77,ms,firefox,,1733065729,2023-07-28 14:25:46,1279708,,,,,,,,,,,,,,,,,,,,,,,,,,,,,,,,,,,,,,,,,,,,,,,,,TN
472,08098e30932d89da82f6e452fff88fee938088d7,0.21577044735652962,autoland,3779647,13,a34e21034f2e3c317ebb3d485012938d48ad04ac,macosx1015-64-shippable-qr,True,False,,|f|i|s|s|i|o|n| |w|a|r|m| |w|e|b|r|e|n|d|e|r|,102210fe594ee9b33d82058545b1ed14f4c8206e,PerceptualSpeedIndex,google-docs,True,google-docs PerceptualSpeedIndex opt fission warm webrender,,77,ms,firefox,,1732929742,2023-07-28 14:46:21,1279720,,,,,,,,,,,,,,,,,,,,,,,,,,,,,,,,,,,,,,,,,,,,,,,,,TN
473,2f51f44f5da6afbdb8a587b03f47fcdc7b672475,0.20153637596023488,autoland,3779647,13,a34e21034f2e3c317ebb3d485012938d48ad04ac,macosx1015-64-shippable-qr,True,False,,|f|i|s|s|i|o|n| |w|a|r|m| |w|e|b|r|e|n|d|e|r|,102210fe594ee9b33d82058545b1ed14f4c8206e,PerceptualSpeedIndex,google-docs,True,google-docs PerceptualSpeedIndex opt fission warm webrender,,77,ms,firefox,,1732972464,2023-07-28 18:48:27,1279862,,,,,,,,,,,,,,,,,,,,,,,,,,,,,,,,,,,,,,,,,,,,,,,,,TN
474,95255b6bb2d51d6c10d6a3471da82aeaf7512c0f,0.19136918210573883,autoland,3779647,13,a34e21034f2e3c317ebb3d485012938d48ad04ac,macosx1015-64-shippable-qr,True,False,,|f|i|s|s|i|o|n| |w|a|r|m| |w|e|b|r|e|n|d|e|r|,102210fe594ee9b33d82058545b1ed14f4c8206e,PerceptualSpeedIndex,google-docs,True,google-docs PerceptualSpeedIndex opt fission warm webrender,,77,ms,firefox,,1732999497,2023-07-28 22:56:39,1279985,,,,,,,,,,,,,,,,,,,,,,,,,,,,,,,,,,,,,,,,,,,,,,,,,TN
475,1c410aed156878dc739ffdb4343c315fb0bb0a00,0.21283325802078612,autoland,3779647,13,a34e21034f2e3c317ebb3d485012938d48ad04ac,macosx1015-64-shippable-qr,True,False,,|f|i|s|s|i|o|n| |w|a|r|m| |w|e|b|r|e|n|d|e|r|,102210fe594ee9b33d82058545b1ed14f4c8206e,PerceptualSpeedIndex,google-docs,True,google-docs PerceptualSpeedIndex opt fission warm webrender,,77,ms,firefox,,1733040476,2023-07-29 03:44:49,1280031,,,,,,,,,,,,,,,,,,,,,,,,,,,,,,,,,,,,,,,,,,,,,,,,,TN
476,5f1e1cd609f68ff20fbea6b02e5a3444f7dd303d,0.2144148215092634,autoland,3779647,13,a34e21034f2e3c317ebb3d485012938d48ad04ac,macosx1015-64-shippable-qr,True,False,,|f|i|s|s|i|o|n| |w|a|r|m| |w|e|b|r|e|n|d|e|r|,102210fe594ee9b33d82058545b1ed14f4c8206e,PerceptualSpeedIndex,google-docs,True,google-docs PerceptualSpeedIndex opt fission warm webrender,,77,ms,firefox,,1733111729,2023-07-29 09:43:33,1280059,,,,,,,,,,,,,,,,,,,,,,,,,,,,,,,,,,,,,,,,,,,,,,,,,TN
477,9a9597eb50561ea739c8a26da45dcbad6557a326,0.20153637596023488,autoland,3779647,13,a34e21034f2e3c317ebb3d485012938d48ad04ac,macosx1015-64-shippable-qr,True,False,,|f|i|s|s|i|o|n| |w|a|r|m| |w|e|b|r|e|n|d|e|r|,102210fe594ee9b33d82058545b1ed14f4c8206e,PerceptualSpeedIndex,google-docs,True,google-docs PerceptualSpeedIndex opt fission warm webrender,,77,ms,firefox,,1733192830,2023-07-30 01:23:54,1280105,,,,,,,,,,,,,,,,,,,,,,,,,,,,,,,,,,,,,,,,,,,,,,,,,TN
478,ce5b2b0d4bc01294b78eeb50a7738e0b5755b3a4,0.22232263895164928,autoland,3779647,13,a34e21034f2e3c317ebb3d485012938d48ad04ac,macosx1015-64-shippable-qr,True,False,,|f|i|s|s|i|o|n| |w|a|r|m| |w|e|b|r|e|n|d|e|r|,102210fe594ee9b33d82058545b1ed14f4c8206e,PerceptualSpeedIndex,google-docs,True,google-docs PerceptualSpeedIndex opt fission warm webrender,,77,ms,firefox,,1733274042,2023-07-30 13:52:06,1280125,,,,,,,,,,,,,,,,,,,,,,,,,,,,,,,,,,,,,,,,,,,,,,,,,TN
479,91dd0dbb8e738b29e6f14bdbaaf28f2b1f531b2b,0.21351107094441946,autoland,3779647,13,a34e21034f2e3c317ebb3d485012938d48ad04ac,macosx1015-64-shippable-qr,True,False,,|f|i|s|s|i|o|n| |w|a|r|m| |w|e|b|r|e|n|d|e|r|,102210fe594ee9b33d82058545b1ed14f4c8206e,PerceptualSpeedIndex,google-docs,True,google-docs PerceptualSpeedIndex opt fission warm webrender,,77,ms,firefox,,1733341368,2023-07-31 04:52:45,1280185,,,,,,,,,,,,,,,,,,,,,,,,,,,,,,,,,,,,,,,,,,,,,,,,,TN
480,2b4f8ad0cecd1e9ce287bf572fd28b8b94d91717,0.2169001355625848,autoland,3779647,13,a34e21034f2e3c317ebb3d485012938d48ad04ac,macosx1015-64-shippable-qr,True,False,,|f|i|s|s|i|o|n| |w|a|r|m| |w|e|b|r|e|n|d|e|r|,102210fe594ee9b33d82058545b1ed14f4c8206e,PerceptualSpeedIndex,google-docs,True,google-docs PerceptualSpeedIndex opt fission warm webrender,,77,ms,firefox,,1733449687,2023-07-31 09:26:34,1280244,,,,,,,,,,,,,,,,,,,,,,,,,,,,,,,,,,,,,,,,,,,,,,,,,TN
481,805b1cd5321098059e548eed4aa9db6f43cd833e,0.18278355173971983,autoland,3779647,13,a34e21034f2e3c317ebb3d485012938d48ad04ac,macosx1015-64-shippable-qr,True,False,,|f|i|s|s|i|o|n| |w|a|r|m| |w|e|b|r|e|n|d|e|r|,102210fe594ee9b33d82058545b1ed14f4c8206e,PerceptualSpeedIndex,google-docs,True,google-docs PerceptualSpeedIndex opt fission warm webrender,,77,ms,firefox,,1733456658,2023-07-31 10:39:42,1280276,,,,,,,,,,,,,,,,,,,,,,,,,,,,,,,,,,,,,,,,,,,,,,,,,TN
482,7cad7000bc1c51f14ca241ac2aa08ac299612b8c,0.17962042476276552,autoland,3779647,13,a34e21034f2e3c317ebb3d485012938d48ad04ac,macosx1015-64-shippable-qr,True,False,,|f|i|s|s|i|o|n| |w|a|r|m| |w|e|b|r|e|n|d|e|r|,102210fe594ee9b33d82058545b1ed14f4c8206e,PerceptualSpeedIndex,google-docs,True,google-docs PerceptualSpeedIndex opt fission warm webrender,,77,ms,firefox,,1733631756,2023-07-31 14:45:15,1280380,,,,,,,,,,,,,,,,,,,,,,,,,,,,,,,,,,,,,,,,,,,,,,,,,TN
483,9e236040dbebcbd0457b0eeedbe2f9c748222f7e,0.18323542702214168,autoland,3779647,13,a34e21034f2e3c317ebb3d485012938d48ad04ac,macosx1015-64-shippable-qr,True,False,,|f|i|s|s|i|o|n| |w|a|r|m| |w|e|b|r|e|n|d|e|r|,102210fe594ee9b33d82058545b1ed14f4c8206e,PerceptualSpeedIndex,google-docs,True,google-docs PerceptualSpeedIndex opt fission warm webrender,,77,ms,firefox,,1733963781,2023-07-31 14:55:33,1280390,,,,,,,,,,,,,,,,,,,,,,,,,,,,,,,,,,,,,,,,,,,,,,,,,TN
484,546ff8a87052dd519d6886aaf27a95450b6e4444,0.2033438770899232,autoland,3779647,13,a34e21034f2e3c317ebb3d485012938d48ad04ac,macosx1015-64-shippable-qr,True,False,,|f|i|s|s|i|o|n| |w|a|r|m| |w|e|b|r|e|n|d|e|r|,102210fe594ee9b33d82058545b1ed14f4c8206e,PerceptualSpeedIndex,google-docs,True,google-docs PerceptualSpeedIndex opt fission warm webrender,,77,ms,firefox,,1733927684,2023-07-31 15:11:07,1280402,,,,,,,,,,,,,,,,,,,,,,,,,,,,,,,,,,,,,,,,,,,,,,,,,TN
485,0a238650aa096b0da883226d02d11fc5178541f3,0.18526886579304125,autoland,3779647,13,a34e21034f2e3c317ebb3d485012938d48ad04ac,macosx1015-64-shippable-qr,True,False,,|f|i|s|s|i|o|n| |w|a|r|m| |w|e|b|r|e|n|d|e|r|,102210fe594ee9b33d82058545b1ed14f4c8206e,PerceptualSpeedIndex,google-docs,True,google-docs PerceptualSpeedIndex opt fission warm webrender,,77,ms,firefox,,1733675728,2023-07-31 16:08:26,1280438,,,,,,,,,,,,,,,,,,,,,,,,,,,,,,,,,,,,,,,,,,,,,,,,,TN
486,2d698aca1dece26df297dd085dbde9216e3b2e66,0.16538635336647078,autoland,3779647,13,a34e21034f2e3c317ebb3d485012938d48ad04ac,macosx1015-64-shippable-qr,True,False,,|f|i|s|s|i|o|n| |w|a|r|m| |w|e|b|r|e|n|d|e|r|,102210fe594ee9b33d82058545b1ed14f4c8206e,PerceptualSpeedIndex,google-docs,True,google-docs PerceptualSpeedIndex opt fission warm webrender,,77,ms,firefox,,1733791108,2023-07-31 21:31:29,1280612,,,,,,,,,,,,,,,,,,,,,,,,,,,,,,,,,,,,,,,,,,,,,,,,,TN
487,28250de453513da3369c412cbce0f35b97146bec,0.19317668323542714,autoland,3779647,13,a34e21034f2e3c317ebb3d485012938d48ad04ac,macosx1015-64-shippable-qr,True,False,,|f|i|s|s|i|o|n| |w|a|r|m| |w|e|b|r|e|n|d|e|r|,102210fe594ee9b33d82058545b1ed14f4c8206e,PerceptualSpeedIndex,google-docs,True,google-docs PerceptualSpeedIndex opt fission warm webrender,,77,ms,firefox,,1733784004,2023-07-31 21:34:42,1280618,,,,,,,,,,,,,,,,,,,,,,,,,,,,,,,,,,,,,,,,,,,,,,,,,TN
488,195161a06a7a71dbce0ee5e8ddb8c84f3cb03df7,0.23520108450067778,autoland,3779647,13,a34e21034f2e3c317ebb3d485012938d48ad04ac,macosx1015-64-shippable-qr,True,False,,|f|i|s|s|i|o|n| |w|a|r|m| |w|e|b|r|e|n|d|e|r|,102210fe594ee9b33d82058545b1ed14f4c8206e,PerceptualSpeedIndex,google-docs,True,google-docs PerceptualSpeedIndex opt fission warm webrender,,77,ms,firefox,,1733801269,2023-07-31 23:41:21,1280694,,,,,,,,,,,,,,,,,,,,,,,,,,,,,,,,,,,,,,,,,,,,,,,,,TN
489,ca66ac527c958bd3f26f8c86f291fa85de21ec56,0.22096701310438327,autoland,3779647,13,a34e21034f2e3c317ebb3d485012938d48ad04ac,macosx1015-64-shippable-qr,True,False,,|f|i|s|s|i|o|n| |w|a|r|m| |w|e|b|r|e|n|d|e|r|,102210fe594ee9b33d82058545b1ed14f4c8206e,PerceptualSpeedIndex,google-docs,True,google-docs PerceptualSpeedIndex opt fission warm webrender,,77,ms,firefox,,1733938906,2023-08-01 03:53:20,1280753,,,,,,,,,,,,,,,,,,,,,,,,,,,,,,,,,,,,,,,,,,,,,,,,,TN
490,d5ecff066adaf3a4029a970db93a9f23f1ed2587,0.23791233619521002,autoland,3779647,13,a34e21034f2e3c317ebb3d485012938d48ad04ac,macosx1015-64-shippable-qr,True,False,,|f|i|s|s|i|o|n| |w|a|r|m| |w|e|b|r|e|n|d|e|r|,102210fe594ee9b33d82058545b1ed14f4c8206e,PerceptualSpeedIndex,google-docs,True,google-docs PerceptualSpeedIndex opt fission warm webrender,,77,ms,firefox,,1733915950,2023-08-01 04:02:13,1280758,,,,,,,,,,,,,,,,,,,,,,,,,,,,,,,,,,,,,,,,,,,,,,,,,TN
491,5201d6f4a7e8740bd42f08295800c15e0e18cd7e,0.19091730682331676,autoland,3779647,13,a34e21034f2e3c317ebb3d485012938d48ad04ac,macosx1015-64-shippable-qr,True,False,,|f|i|s|s|i|o|n| |w|a|r|m| |w|e|b|r|e|n|d|e|r|,102210fe594ee9b33d82058545b1ed14f4c8206e,PerceptualSpeedIndex,google-docs,True,google-docs PerceptualSpeedIndex opt fission warm webrender,,77,ms,firefox,,1734005177,2023-08-01 08:15:56,1280812,,,,,,,,,,,,,,,,,,,,,,,,,,,,,,,,,,,,,,,,,,,,,,,,,TN
492,b83cfea645752706c643567095d49b349cb9e610,0.22322638951649343,autoland,3779647,13,a34e21034f2e3c317ebb3d485012938d48ad04ac,macosx1015-64-shippable-qr,True,False,,|f|i|s|s|i|o|n| |w|a|r|m| |w|e|b|r|e|n|d|e|r|,102210fe594ee9b33d82058545b1ed14f4c8206e,PerceptualSpeedIndex,google-docs,True,google-docs PerceptualSpeedIndex opt fission warm webrender,,77,ms,firefox,,1734001457,2023-08-01 08:24:47,1280822,,,,,,,,,,,,,,,,,,,,,,,,,,,,,,,,,,,,,,,,,,,,,,,,,TN
493,90b19e0d07e5d2cd137f135b860f0357df90e338,0.20515137821961127,autoland,3779647,13,a34e21034f2e3c317ebb3d485012938d48ad04ac,macosx1015-64-shippable-qr,True,False,,|f|i|s|s|i|o|n| |w|a|r|m| |w|e|b|r|e|n|d|e|r|,102210fe594ee9b33d82058545b1ed14f4c8206e,PerceptualSpeedIndex,google-docs,True,google-docs PerceptualSpeedIndex opt fission warm webrender,,77,ms,firefox,,1734119455,2023-08-01 12:32:45,1280938,,,,,,,,,,,,,,,,,,,,,,,,,,,,,,,,,,,,,,,,,,,,,,,,,TN
494,61356e1447e3bb09709883f8b5806a201d39c5a4,0.22322638951649343,autoland,3779647,13,a34e21034f2e3c317ebb3d485012938d48ad04ac,macosx1015-64-shippable-qr,True,False,,|f|i|s|s|i|o|n| |w|a|r|m| |w|e|b|r|e|n|d|e|r|,102210fe594ee9b33d82058545b1ed14f4c8206e,PerceptualSpeedIndex,google-docs,True,google-docs PerceptualSpeedIndex opt fission warm webrender,,77,ms,firefox,,1734117539,2023-08-01 12:49:44,1280953,,,,,,,,,,,,,,,,,,,,,,,,,,,,,,,,,,,,,,,,,,,,,,,,,TN
495,ea7df1f8976b5cdf0d7ddbc918c38d7fffcee983,0.21915951197469496,autoland,3779647,13,a34e21034f2e3c317ebb3d485012938d48ad04ac,macosx1015-64-shippable-qr,True,False,,|f|i|s|s|i|o|n| |w|a|r|m| |w|e|b|r|e|n|d|e|r|,102210fe594ee9b33d82058545b1ed14f4c8206e,PerceptualSpeedIndex,google-docs,True,google-docs PerceptualSpeedIndex opt fission warm webrender,,77,ms,firefox,,1734289053,2023-08-01 15:48:38,1281058,,,,,,,,,,,,,,,,,,,,,,,,,,,,,,,,,,,,,,,,,,,,,,,,,TN
496,fd6f3d21ce3f450906d293c067fdadc62ea991a6,0.23994577496610936,autoland,3779647,13,a34e21034f2e3c317ebb3d485012938d48ad04ac,macosx1015-64-shippable-qr,True,False,,|f|i|s|s|i|o|n| |w|a|r|m| |w|e|b|r|e|n|d|e|r|,102210fe594ee9b33d82058545b1ed14f4c8206e,PerceptualSpeedIndex,google-docs,True,google-docs PerceptualSpeedIndex opt fission warm webrender,,77,ms,firefox,,1734314056,2023-08-01 20:02:17,1281212,,,,,,,,,,,,,,,,,,,,,,,,,,,,,,,,,,,,,,,,,,,,,,,,,TN
497,323a980eddb18489b9d7de1ffeff427026574b4c,0.20876638047898788,autoland,3779647,13,a34e21034f2e3c317ebb3d485012938d48ad04ac,macosx1015-64-shippable-qr,True,False,,|f|i|s|s|i|o|n| |w|a|r|m| |w|e|b|r|e|n|d|e|r|,102210fe594ee9b33d82058545b1ed14f4c8206e,PerceptualSpeedIndex,google-docs,True,google-docs PerceptualSpeedIndex opt fission warm webrender,,77,ms,firefox,,1734377770,2023-08-02 00:13:38,1281337,,,,,,,,,,,,,,,,,,,,,,,,,,,,,,,,,,,,,,,,,,,,,,,,,TN
498,7ee1dad073d03db2f730fd5c2baf77f37e458feb,0.24830546769091733,autoland,3779647,13,a34e21034f2e3c317ebb3d485012938d48ad04ac,macosx1015-64-shippable-qr,True,False,,|f|i|s|s|i|o|n| |w|a|r|m| |w|e|b|r|e|n|d|e|r|,102210fe594ee9b33d82058545b1ed14f4c8206e,PerceptualSpeedIndex,google-docs,True,google-docs PerceptualSpeedIndex opt fission warm webrender,,77,ms,firefox,,1734504871,2023-08-02 06:07:22,1281414,,,,,,,,,,,,,,,,,,,,,,,,,,,,,,,,,,,,,,,,,,,,,,,,,TN
499,a8968f9e8cf0bba14f132004f11b34a8abb93165,0.23316764572977844,autoland,3779647,13,a34e21034f2e3c317ebb3d485012938d48ad04ac,macosx1015-64-shippable-qr,True,False,,|f|i|s|s|i|o|n| |w|a|r|m| |w|e|b|r|e|n|d|e|r|,102210fe594ee9b33d82058545b1ed14f4c8206e,PerceptualSpeedIndex,google-docs,True,google-docs PerceptualSpeedIndex opt fission warm webrender,,77,ms,firefox,,1734489229,2023-08-02 06:35:09,1281421,,,,,,,,,,,,,,,,,,,,,,,,,,,,,,,,,,,,,,,,,,,,,,,,,TN
500,338c2c8d91af0f92fa1a7a3b5fb1830adb54b373,0.22638951649344774,autoland,3779647,13,a34e21034f2e3c317ebb3d485012938d48ad04ac,macosx1015-64-shippable-qr,True,False,,|f|i|s|s|i|o|n| |w|a|r|m| |w|e|b|r|e|n|d|e|r|,102210fe594ee9b33d82058545b1ed14f4c8206e,PerceptualSpeedIndex,google-docs,True,google-docs PerceptualSpeedIndex opt fission warm webrender,,77,ms,firefox,,1734660136,2023-08-02 10:39:12,1281520,,,,,,,,,,,,,,,,,,,,,,,,,,,,,,,,,,,,,,,,,,,,,,,,,TN
501,b21c8906db6d0a7e0fbae7e609d90da9cf977fbb,0.19633981021238145,autoland,3779647,13,a34e21034f2e3c317ebb3d485012938d48ad04ac,macosx1015-64-shippable-qr,True,False,,|f|i|s|s|i|o|n| |w|a|r|m| |w|e|b|r|e|n|d|e|r|,102210fe594ee9b33d82058545b1ed14f4c8206e,PerceptualSpeedIndex,google-docs,True,google-docs PerceptualSpeedIndex opt fission warm webrender,,77,ms,firefox,,1734672465,2023-08-02 12:59:29,1281568,,,,,,,,,,,,,,,,,,,,,,,,,,,,,,,,,,,,,,,,,,,,,,,,,TN
502,493b4e3a7627b3c038bbe926859df076a3342ea8,0.2211929507455943,autoland,3779647,13,a34e21034f2e3c317ebb3d485012938d48ad04ac,macosx1015-64-shippable-qr,True,False,,|f|i|s|s|i|o|n| |w|a|r|m| |w|e|b|r|e|n|d|e|r|,102210fe594ee9b33d82058545b1ed14f4c8206e,PerceptualSpeedIndex,google-docs,True,google-docs PerceptualSpeedIndex opt fission warm webrender,,77,ms,firefox,,1735138315,2023-08-02 15:00:42,1281631,,,,,,,,,,,,,,,,,,,,,,,,,,,,,,,,,,,,,,,,,,,,,,,,,TN
503,5bbb73c8e08703a3e4c2b27d5e12e123ae7f8946,0.21938544961590578,autoland,3779647,13,a34e21034f2e3c317ebb3d485012938d48ad04ac,macosx1015-64-shippable-qr,True,False,,|f|i|s|s|i|o|n| |w|a|r|m| |w|e|b|r|e|n|d|e|r|,102210fe594ee9b33d82058545b1ed14f4c8206e,PerceptualSpeedIndex,google-docs,True,google-docs PerceptualSpeedIndex opt fission warm webrender,,77,ms,firefox,,1735132481,2023-08-02 15:15:11,1281640,,,,,,,,,,,,,,,,,,,,,,,,,,,,,,,,,,,,,,,,,,,,,,,,,TN
504,90ca26ab8ee142d08164d3ed9761aa023bc4e2aa,0.1642566651604156,autoland,3779647,13,a34e21034f2e3c317ebb3d485012938d48ad04ac,macosx1015-64-shippable-qr,True,False,,|f|i|s|s|i|o|n| |w|a|r|m| |w|e|b|r|e|n|d|e|r|,102210fe594ee9b33d82058545b1ed14f4c8206e,PerceptualSpeedIndex,google-docs,True,google-docs PerceptualSpeedIndex opt fission warm webrender,,77,ms,firefox,,1734831996,2023-08-02 16:29:38,1281697,,,,,,,,,,,,,,,,,,,,,,,,,,,,,,,,,,,,,,,,,,,,,,,,,TN
505,9836af94c959ecca4666d7f0c19125b41969ff65,0.19995481247175784,autoland,3779647,13,a34e21034f2e3c317ebb3d485012938d48ad04ac,macosx1015-64-shippable-qr,True,False,,|f|i|s|s|i|o|n| |w|a|r|m| |w|e|b|r|e|n|d|e|r|,102210fe594ee9b33d82058545b1ed14f4c8206e,PerceptualSpeedIndex,google-docs,True,google-docs PerceptualSpeedIndex opt fission warm webrender,,77,ms,firefox,,1735037989,2023-08-03 00:54:50,1282044,,,,,,,,,,,,,,,,,,,,,,,,,,,,,,,,,,,,,,,,,,,,,,,,,TN
506,c37e853eb755f0f4110f01509516da8c93baf284,0.21418888386805235,autoland,3779647,13,a34e21034f2e3c317ebb3d485012938d48ad04ac,macosx1015-64-shippable-qr,True,False,,|f|i|s|s|i|o|n| |w|a|r|m| |w|e|b|r|e|n|d|e|r|,102210fe594ee9b33d82058545b1ed14f4c8206e,PerceptualSpeedIndex,google-docs,True,google-docs PerceptualSpeedIndex opt fission warm webrender,,77,ms,firefox,,1735045521,2023-08-03 00:55:51,1282045,,,,,,,,,,,,,,,,,,,,,,,,,,,,,,,,,,,,,,,,,,,,,,,,,TN
507,1eb2f6905e74aa982d6b71bec524ccfde726bb7b,0.16764572977858094,autoland,3779647,13,a34e21034f2e3c317ebb3d485012938d48ad04ac,macosx1015-64-shippable-qr,True,False,,|f|i|s|s|i|o|n| |w|a|r|m| |w|e|b|r|e|n|d|e|r|,102210fe594ee9b33d82058545b1ed14f4c8206e,PerceptualSpeedIndex,google-docs,True,google-docs PerceptualSpeedIndex opt fission warm webrender,,77,ms,firefox,,1735142464,2023-08-03 05:32:27,1282117,,,,,,,,,,,,,,,,,,,,,,,,,,,,,,,,,,,,,,,,,,,,,,,,,TN
508,6f55c55c40c70eff3b82d3129f516257598ea115,0.2114776321735199,autoland,3779647,13,a34e21034f2e3c317ebb3d485012938d48ad04ac,macosx1015-64-shippable-qr,True,False,,|f|i|s|s|i|o|n| |w|a|r|m| |w|e|b|r|e|n|d|e|r|,102210fe594ee9b33d82058545b1ed14f4c8206e,PerceptualSpeedIndex,google-docs,True,google-docs PerceptualSpeedIndex opt fission warm webrender,,77,ms,firefox,,1735248114,2023-08-03 09:35:33,1282197,,,,,,,,,,,,,,,,,,,,,,,,,,,,,,,,,,,,,,,,,,,,,,,,,TN
509,9a8ae552959ec73c3546151f30d131552d64bce0,0.19950293718933576,autoland,3779647,13,a34e21034f2e3c317ebb3d485012938d48ad04ac,macosx1015-64-shippable-qr,True,False,,|f|i|s|s|i|o|n| |w|a|r|m| |w|e|b|r|e|n|d|e|r|,102210fe594ee9b33d82058545b1ed14f4c8206e,PerceptualSpeedIndex,google-docs,True,google-docs PerceptualSpeedIndex opt fission warm webrender,,77,ms,firefox,,1735261110,2023-08-03 11:38:24,1282235,,,,,,,,,,,,,,,,,,,,,,,,,,,,,,,,,,,,,,,,,,,,,,,,,TN
510,b801323d1ecc3535a192916c7cb0575710458777,0.1875282422051514,autoland,3779647,13,a34e21034f2e3c317ebb3d485012938d48ad04ac,macosx1015-64-shippable-qr,True,False,,|f|i|s|s|i|o|n| |w|a|r|m| |w|e|b|r|e|n|d|e|r|,102210fe594ee9b33d82058545b1ed14f4c8206e,PerceptualSpeedIndex,google-docs,True,google-docs PerceptualSpeedIndex opt fission warm webrender,,77,ms,firefox,,1735560019,2023-08-03 15:46:38,1282361,,,,,,,,,,,,,,,,,,,,,,,,,,,,,,,,,,,,,,,,,,,,,,,,,TN
511,58d067f89f59472dc1a89d573ccebb4850863efa,0.18278355173971983,autoland,3779647,13,a34e21034f2e3c317ebb3d485012938d48ad04ac,macosx1015-64-shippable-qr,True,False,,|f|i|s|s|i|o|n| |w|a|r|m| |w|e|b|r|e|n|d|e|r|,102210fe594ee9b33d82058545b1ed14f4c8206e,PerceptualSpeedIndex,google-docs,True,google-docs PerceptualSpeedIndex opt fission warm webrender,,77,ms,firefox,,1735568148,2023-08-03 16:00:50,1282374,,,,,,,,,,,,,,,,,,,,,,,,,,,,,,,,,,,,,,,,,,,,,,,,,TN
512,8527a2500a35867e4319772e3be1f2756dfcfced,0.18549480343425206,autoland,3779647,13,a34e21034f2e3c317ebb3d485012938d48ad04ac,macosx1015-64-shippable-qr,True,False,,|f|i|s|s|i|o|n| |w|a|r|m| |w|e|b|r|e|n|d|e|r|,102210fe594ee9b33d82058545b1ed14f4c8206e,PerceptualSpeedIndex,google-docs,True,google-docs PerceptualSpeedIndex opt fission warm webrender,,77,ms,firefox,,1735569361,2023-08-03 19:10:36,1282500,,,,,,,,,,,,,,,,,,,,,,,,,,,,,,,,,,,,,,,,,,,,,,,,,TN
513,3922ccc760667154aea7a174114abfacb17fe35e,0.21983732489832808,autoland,3779647,13,a34e21034f2e3c317ebb3d485012938d48ad04ac,macosx1015-64-shippable-qr,True,False,,|f|i|s|s|i|o|n| |w|a|r|m| |w|e|b|r|e|n|d|e|r|,102210fe594ee9b33d82058545b1ed14f4c8206e,PerceptualSpeedIndex,google-docs,True,google-docs PerceptualSpeedIndex opt fission warm webrender,,77,ms,firefox,,1735642966,2023-08-03 22:02:40,1282606,,,,,,,,,,,,,,,,,,,,,,,,,,,,,,,,,,,,,,,,,,,,,,,,,TN
514,2b60f9868271a131fa342332b78f3968159fa46e,0.2071848169905106,autoland,3779647,13,a34e21034f2e3c317ebb3d485012938d48ad04ac,macosx1015-64-shippable-qr,True,False,,|f|i|s|s|i|o|n| |w|a|r|m| |w|e|b|r|e|n|d|e|r|,102210fe594ee9b33d82058545b1ed14f4c8206e,PerceptualSpeedIndex,google-docs,True,google-docs PerceptualSpeedIndex opt fission warm webrender,,77,ms,firefox,,1735720052,2023-08-04 02:28:33,1282715,,,,,,,,,,,,,,,,,,,,,,,,,,,,,,,,,,,,,,,,,,,,,,,,,TN
515,94da8bb07baea6212776a4b3ddcebff2c08eab98,0.1967916854948033,autoland,3779647,13,a34e21034f2e3c317ebb3d485012938d48ad04ac,macosx1015-64-shippable-qr,True,False,,|f|i|s|s|i|o|n| |w|a|r|m| |w|e|b|r|e|n|d|e|r|,102210fe594ee9b33d82058545b1ed14f4c8206e,PerceptualSpeedIndex,google-docs,True,google-docs PerceptualSpeedIndex opt fission warm webrender,,77,ms,firefox,,1735829152,2023-08-04 06:28:57,1282781,,,,,,,,,,,,,,,,,,,,,,,,,,,,,,,,,,,,,,,,,,,,,,,,,TN
516,386212864d07a46141ce5bca1ef4988cefa4bad7,0.1929507455942161,autoland,3779647,13,a34e21034f2e3c317ebb3d485012938d48ad04ac,macosx1015-64-shippable-qr,True,False,,|f|i|s|s|i|o|n| |w|a|r|m| |w|e|b|r|e|n|d|e|r|,102210fe594ee9b33d82058545b1ed14f4c8206e,PerceptualSpeedIndex,google-docs,True,google-docs PerceptualSpeedIndex opt fission warm webrender,,77,ms,firefox,,1735913054,2023-08-04 09:04:37,1282830,,,,,,,,,,,,,,,,,,,,,,,,,,,,,,,,,,,,,,,,,,,,,,,,,TN
517,3a8e173a97d02ae7b0aa11e9ca6f35b1fe8fa926,0.2065070040668775,autoland,3779647,13,a34e21034f2e3c317ebb3d485012938d48ad04ac,macosx1015-64-shippable-qr,True,False,,|f|i|s|s|i|o|n| |w|a|r|m| |w|e|b|r|e|n|d|e|r|,102210fe594ee9b33d82058545b1ed14f4c8206e,PerceptualSpeedIndex,google-docs,True,google-docs PerceptualSpeedIndex opt fission warm webrender,,77,ms,firefox,,1735997589,2023-08-04 13:05:51,1282936,,,,,,,,,,,,,,,,,,,,,,,,,,,,,,,,,,,,,,,,,,,,,,,,,TN
518,8b506ab414513f3320eb7747254e94b37808bb75,0.2065070040668775,autoland,3779647,13,a34e21034f2e3c317ebb3d485012938d48ad04ac,macosx1015-64-shippable-qr,True,False,,|f|i|s|s|i|o|n| |w|a|r|m| |w|e|b|r|e|n|d|e|r|,102210fe594ee9b33d82058545b1ed14f4c8206e,PerceptualSpeedIndex,google-docs,True,google-docs PerceptualSpeedIndex opt fission warm webrender,,77,ms,firefox,,1736024025,2023-08-04 14:26:38,1282995,,,,,,,,,,,,,,,,,,,,,,,,,,,,,,,,,,,,,,,,,,,,,,,,,TN
519,e8c6dc4a318cb8af6210801b4271ea32ee9f324a,0.1384997740623588,autoland,3779647,13,a34e21034f2e3c317ebb3d485012938d48ad04ac,macosx1015-64-shippable-qr,True,False,,|f|i|s|s|i|o|n| |w|a|r|m| |w|e|b|r|e|n|d|e|r|,102210fe594ee9b33d82058545b1ed14f4c8206e,PerceptualSpeedIndex,google-docs,True,google-docs PerceptualSpeedIndex opt fission warm webrender,,77,ms,firefox,,1736139503,2023-08-04 17:20:09,1283108,,,,,,,,,,,,,,,,,,,,,,,,,,,,,,,,,,,,,,,,,,,,,,,,,TN
520,de6dcf5a4c0eec5ef6847cde00ec5da4fcee2e8c,0.19272480795300484,autoland,3779647,13,a34e21034f2e3c317ebb3d485012938d48ad04ac,macosx1015-64-shippable-qr,True,False,,|f|i|s|s|i|o|n| |w|a|r|m| |w|e|b|r|e|n|d|e|r|,102210fe594ee9b33d82058545b1ed14f4c8206e,PerceptualSpeedIndex,google-docs,True,google-docs PerceptualSpeedIndex opt fission warm webrender,,77,ms,firefox,,1736292335,2023-08-04 21:22:40,1283226,,,,,,,,,,,,,,,,,,,,,,,,,,,,,,,,,,,,,,,,,,,,,,,,,TN
521,421628bd5a5c1cf8c64cb86994b1e6dc738abb49,0.21961138725711704,autoland,3779647,13,a34e21034f2e3c317ebb3d485012938d48ad04ac,macosx1015-64-shippable-qr,True,False,,|f|i|s|s|i|o|n| |w|a|r|m| |w|e|b|r|e|n|d|e|r|,102210fe594ee9b33d82058545b1ed14f4c8206e,PerceptualSpeedIndex,google-docs,True,google-docs PerceptualSpeedIndex opt fission warm webrender,,77,ms,firefox,,1736306199,2023-08-04 23:16:08,1283269,,,,,,,,,,,,,,,,,,,,,,,,,,,,,,,,,,,,,,,,,,,,,,,,,TN
522,9e73058ab4aadee7e12b26a9be296b2bbc04cf74,0.20808856755535454,autoland,3779647,13,a34e21034f2e3c317ebb3d485012938d48ad04ac,macosx1015-64-shippable-qr,True,False,,|f|i|s|s|i|o|n| |w|a|r|m| |w|e|b|r|e|n|d|e|r|,102210fe594ee9b33d82058545b1ed14f4c8206e,PerceptualSpeedIndex,google-docs,True,google-docs PerceptualSpeedIndex opt fission warm webrender,,77,ms,firefox,,1736441142,2023-08-05 11:44:34,1283328,,,,,,,,,,,,,,,,,,,,,,,,,,,,,,,,,,,,,,,,,,,,,,,,,TN
523,b0538d39e8c853c9e07b359df9c740d5175e7077,0.19633981021238145,autoland,3779647,13,a34e21034f2e3c317ebb3d485012938d48ad04ac,macosx1015-64-shippable-qr,True,False,,|f|i|s|s|i|o|n| |w|a|r|m| |w|e|b|r|e|n|d|e|r|,102210fe594ee9b33d82058545b1ed14f4c8206e,PerceptualSpeedIndex,google-docs,True,google-docs PerceptualSpeedIndex opt fission warm webrender,,77,ms,firefox,,1736465087,2023-08-05 16:15:02,1283346,,,,,,,,,,,,,,,,,,,,,,,,,,,,,,,,,,,,,,,,,,,,,,,,,TN
524,a777f43c4d9cabe80f2fc3aea6bf95c7e3e9c4c1,0.22435607772254862,autoland,3779647,13,a34e21034f2e3c317ebb3d485012938d48ad04ac,macosx1015-64-shippable-qr,True,False,,|f|i|s|s|i|o|n| |w|a|r|m| |w|e|b|r|e|n|d|e|r|,102210fe594ee9b33d82058545b1ed14f4c8206e,PerceptualSpeedIndex,google-docs,True,google-docs PerceptualSpeedIndex opt fission warm webrender,,77,ms,firefox,,1736626565,2023-08-06 23:55:51,1283445,,,,,,,,,,,,,,,,,,,,,,,,,,,,,,,,,,,,,,,,,,,,,,,,,TN
525,a86a27857ef685b0547d023a29fb8c8bb3f8fc1d,0.22955264347040205,autoland,3779647,13,a34e21034f2e3c317ebb3d485012938d48ad04ac,macosx1015-64-shippable-qr,True,False,,|f|i|s|s|i|o|n| |w|a|r|m| |w|e|b|r|e|n|d|e|r|,102210fe594ee9b33d82058545b1ed14f4c8206e,PerceptualSpeedIndex,google-docs,True,google-docs PerceptualSpeedIndex opt fission warm webrender,,77,ms,firefox,,1736654537,2023-08-07 02:09:17,1283462,,,,,,,,,,,,,,,,,,,,,,,,,,,,,,,,,,,,,,,,,,,,,,,,,TN
526,9555a7afb7209f87b299f3b014bb364b34f6e095,0.21644826028016273,autoland,3779647,13,a34e21034f2e3c317ebb3d485012938d48ad04ac,macosx1015-64-shippable-qr,True,False,,|f|i|s|s|i|o|n| |w|a|r|m| |w|e|b|r|e|n|d|e|r|,102210fe594ee9b33d82058545b1ed14f4c8206e,PerceptualSpeedIndex,google-docs,True,google-docs PerceptualSpeedIndex opt fission warm webrender,,77,ms,firefox,,1737270745,2023-08-07 04:48:50,1283483,,,,,,,,,,,,,,,,,,,,,,,,,,,,,,,,,,,,,,,,,,,,,,,,,TN
527,4389f1c2b8cc83eafdc84eb81353a028baaebb55,0.2046995029371892,autoland,3779647,13,a34e21034f2e3c317ebb3d485012938d48ad04ac,macosx1015-64-shippable-qr,True,False,,|f|i|s|s|i|o|n| |w|a|r|m| |w|e|b|r|e|n|d|e|r|,102210fe594ee9b33d82058545b1ed14f4c8206e,PerceptualSpeedIndex,google-docs,True,google-docs PerceptualSpeedIndex opt fission warm webrender,,77,ms,firefox,,1737252458,2023-08-07 04:55:58,1283484,,,,,,,,,,,,,,,,,,,,,,,,,,,,,,,,,,,,,,,,,,,,,,,,,TN
528,6d877fdb9a1e892fe6528a26aab81b53cfae55c5,0.22684139177586982,autoland,3779647,13,a34e21034f2e3c317ebb3d485012938d48ad04ac,macosx1015-64-shippable-qr,True,False,,|f|i|s|s|i|o|n| |w|a|r|m| |w|e|b|r|e|n|d|e|r|,102210fe594ee9b33d82058545b1ed14f4c8206e,PerceptualSpeedIndex,google-docs,True,google-docs PerceptualSpeedIndex opt fission warm webrender,,77,ms,firefox,,1736700895,2023-08-07 06:19:47,1283519,,,,,,,,,,,,,,,,,,,,,,,,,,,,,,,,,,,,,,,,,,,,,,,,,TN
529,2f07664dbc304adeae1029ead0f4ab014aaa02a8,0.20447356529597838,autoland,3779647,13,a34e21034f2e3c317ebb3d485012938d48ad04ac,macosx1015-64-shippable-qr,True,False,,|f|i|s|s|i|o|n| |w|a|r|m| |w|e|b|r|e|n|d|e|r|,102210fe594ee9b33d82058545b1ed14f4c8206e,PerceptualSpeedIndex,google-docs,True,google-docs PerceptualSpeedIndex opt fission warm webrender,,77,ms,firefox,,1736788449,2023-08-07 09:17:55,1283581,,,,,,,,,,,,,,,,,,,,,,,,,,,,,,,,,,,,,,,,,,,,,,,,,TN
530,d59d0a5038b29cdbcbb2d4b003d642a2617e297f,0.2776773610483507,autoland,3779647,13,a34e21034f2e3c317ebb3d485012938d48ad04ac,macosx1015-64-shippable-qr,True,False,,|f|i|s|s|i|o|n| |w|a|r|m| |w|e|b|r|e|n|d|e|r|,102210fe594ee9b33d82058545b1ed14f4c8206e,PerceptualSpeedIndex,google-docs,True,google-docs PerceptualSpeedIndex opt fission warm webrender,,77,ms,firefox,,1736879483,2023-08-07 13:44:02,1283713,,,,,,,,,,,,,,,,,,,,,,,,,,,,,,,,,,,,,,,,,,,,,,,,,TN
531,617205b5b34e3efa0afc95d965a8404aef4ddb36,0.20854044283777684,autoland,3779647,13,a34e21034f2e3c317ebb3d485012938d48ad04ac,macosx1015-64-shippable-qr,True,False,,|f|i|s|s|i|o|n| |w|a|r|m| |w|e|b|r|e|n|d|e|r|,102210fe594ee9b33d82058545b1ed14f4c8206e,PerceptualSpeedIndex,google-docs,True,google-docs PerceptualSpeedIndex opt fission warm webrender,,77,ms,firefox,,1737250473,2023-08-07 14:25:14,1283736,,,,,,,,,,,,,,,,,,,,,,,,,,,,,,,,,,,,,,,,,,,,,,,,,TN
532,6a6e81b1dfb459262cd93ce0448837be1183f628,0.3038861274288298,autoland,3779647,13,a34e21034f2e3c317ebb3d485012938d48ad04ac,macosx1015-64-shippable-qr,True,False,,|f|i|s|s|i|o|n| |w|a|r|m| |w|e|b|r|e|n|d|e|r|,102210fe594ee9b33d82058545b1ed14f4c8206e,PerceptualSpeedIndex,google-docs,True,google-docs PerceptualSpeedIndex opt fission warm webrender,,77,ms,firefox,,1737242287,2023-08-07 14:37:37,1283747,,,,,,,,,,,,,,,,,,,,,,,,,,,,,,,,,,,,,,,,,,,,,,,,,TN
533,969534e114528550edbcaf30931bc5e255ac2475,0.21464075915047465,autoland,3779647,13,a34e21034f2e3c317ebb3d485012938d48ad04ac,macosx1015-64-shippable-qr,True,False,,|f|i|s|s|i|o|n| |w|a|r|m| |w|e|b|r|e|n|d|e|r|,102210fe594ee9b33d82058545b1ed14f4c8206e,PerceptualSpeedIndex,google-docs,True,google-docs PerceptualSpeedIndex opt fission warm webrender,,77,ms,firefox,,1736972660,2023-08-07 16:46:35,1283815,,,,,,,,,,,,,,,,,,,,,,,,,,,,,,,,,,,,,,,,,,,,,,,,,TN
534,588b596bcb73c4c9cf235c8df1dc04fc9475c321,0.21780388612742896,autoland,3779647,13,a34e21034f2e3c317ebb3d485012938d48ad04ac,macosx1015-64-shippable-qr,True,False,,|f|i|s|s|i|o|n| |w|a|r|m| |w|e|b|r|e|n|d|e|r|,102210fe594ee9b33d82058545b1ed14f4c8206e,PerceptualSpeedIndex,google-docs,True,google-docs PerceptualSpeedIndex opt fission warm webrender,,77,ms,firefox,,1737065789,2023-08-07 20:52:42,1283921,,,,,,,,,,,,,,,,,,,,,,,,,,,,,,,,,,,,,,,,,,,,,,,,,TN
535,0d1a783351f683e500d6e8f83d3dc430b2afdcbf,0.19633981021238145,autoland,3779647,13,a34e21034f2e3c317ebb3d485012938d48ad04ac,macosx1015-64-shippable-qr,True,False,,|f|i|s|s|i|o|n| |w|a|r|m| |w|e|b|r|e|n|d|e|r|,102210fe594ee9b33d82058545b1ed14f4c8206e,PerceptualSpeedIndex,google-docs,True,google-docs PerceptualSpeedIndex opt fission warm webrender,,77,ms,firefox,,1737125199,2023-08-07 21:31:10,1283941,,,,,,,,,,,,,,,,,,,,,,,,,,,,,,,,,,,,,,,,,,,,,,,,,TN
536,7053ad5afbc40a1a98d9e4e447c98e2fd6d70f04,0.22006326253953912,autoland,3779647,13,a34e21034f2e3c317ebb3d485012938d48ad04ac,macosx1015-64-shippable-qr,True,False,,|f|i|s|s|i|o|n| |w|a|r|m| |w|e|b|r|e|n|d|e|r|,102210fe594ee9b33d82058545b1ed14f4c8206e,PerceptualSpeedIndex,google-docs,True,google-docs PerceptualSpeedIndex opt fission warm webrender,,77,ms,firefox,,1737207635,2023-08-08 01:47:48,1284029,,,,,,,,,,,,,,,,,,,,,,,,,,,,,,,,,,,,,,,,,,,,,,,,,TN
537,201950bdeb03d34c7ad70702b52d28c3e0f6a448,0.23361952101220074,autoland,3779647,13,a34e21034f2e3c317ebb3d485012938d48ad04ac,macosx1015-64-shippable-qr,True,False,,|f|i|s|s|i|o|n| |w|a|r|m| |w|e|b|r|e|n|d|e|r|,102210fe594ee9b33d82058545b1ed14f4c8206e,PerceptualSpeedIndex,google-docs,True,google-docs PerceptualSpeedIndex opt fission warm webrender,,77,ms,firefox,,1737322970,2023-08-08 08:03:57,1284128,,,,,,,,,,,,,,,,,,,,,,,,,,,,,,,,,,,,,,,,,,,,,,,,,TN
538,d1fbe6c1f87656fb4f55677904f55f6df433ea9a,0.1979213737008585,autoland,3779647,13,a34e21034f2e3c317ebb3d485012938d48ad04ac,macosx1015-64-shippable-qr,True,False,,|f|i|s|s|i|o|n| |w|a|r|m| |w|e|b|r|e|n|d|e|r|,102210fe594ee9b33d82058545b1ed14f4c8206e,PerceptualSpeedIndex,google-docs,True,google-docs PerceptualSpeedIndex opt fission warm webrender,,77,ms,firefox,,1737396811,2023-08-08 12:10:40,1284255,,,,,,,,,,,,,,,,,,,,,,,,,,,,,,,,,,,,,,,,,,,,,,,,,TN
539,062a5e5729067f579bd6d1ab2f1a3021d7fd291a,0.19588793492995915,autoland,3779647,13,a34e21034f2e3c317ebb3d485012938d48ad04ac,macosx1015-64-shippable-qr,True,False,,|f|i|s|s|i|o|n| |w|a|r|m| |w|e|b|r|e|n|d|e|r|,102210fe594ee9b33d82058545b1ed14f4c8206e,PerceptualSpeedIndex,google-docs,True,google-docs PerceptualSpeedIndex opt fission warm webrender,,77,ms,firefox,,1737409587,2023-08-08 12:20:31,1284261,,,,,,,,,,,,,,,,,,,,,,,,,,,,,,,,,,,,,,,,,,,,,,,,,TN
540,855c69dcdcc457c3e5a54150cdd89a71a2527e2b,0.18910980569362845,autoland,3779647,13,a34e21034f2e3c317ebb3d485012938d48ad04ac,macosx1015-64-shippable-qr,True,False,,|f|i|s|s|i|o|n| |w|a|r|m| |w|e|b|r|e|n|d|e|r|,102210fe594ee9b33d82058545b1ed14f4c8206e,PerceptualSpeedIndex,google-docs,True,google-docs PerceptualSpeedIndex opt fission warm webrender,,77,ms,firefox,,1737563726,2023-08-08 16:23:23,1284396,,,,,,,,,,,,,,,,,,,,,,,,,,,,,,,,,,,,,,,,,,,,,,,,,TN
541,b19ed5a6579d312e71c03201698107835378c612,0.2250338906461815,autoland,3779647,13,a34e21034f2e3c317ebb3d485012938d48ad04ac,macosx1015-64-shippable-qr,True,False,,|f|i|s|s|i|o|n| |w|a|r|m| |w|e|b|r|e|n|d|e|r|,102210fe594ee9b33d82058545b1ed14f4c8206e,PerceptualSpeedIndex,google-docs,True,google-docs PerceptualSpeedIndex opt fission warm webrender,,77,ms,firefox,,1737571546,2023-08-08 18:03:32,1284479,,,,,,,,,,,,,,,,,,,,,,,,,,,,,,,,,,,,,,,,,,,,,,,,,TN
542,4abb9ce2fb8e4174171b3478d6f28b78bf3f214a,0.20560325350203357,autoland,3779647,13,a34e21034f2e3c317ebb3d485012938d48ad04ac,macosx1015-64-shippable-qr,True,False,,|f|i|s|s|i|o|n| |w|a|r|m| |w|e|b|r|e|n|d|e|r|,102210fe594ee9b33d82058545b1ed14f4c8206e,PerceptualSpeedIndex,google-docs,True,google-docs PerceptualSpeedIndex opt fission warm webrender,,77,ms,firefox,,1737765612,2023-08-08 21:27:09,1284603,,,,,,,,,,,,,,,,,,,,,,,,,,,,,,,,,,,,,,,,,,,,,,,,,TN
543,25a29224e55d9a839d6fddde206208a453535ec8,0.20311793944871215,autoland,3779647,13,a34e21034f2e3c317ebb3d485012938d48ad04ac,macosx1015-64-shippable-qr,True,False,,|f|i|s|s|i|o|n| |w|a|r|m| |w|e|b|r|e|n|d|e|r|,102210fe594ee9b33d82058545b1ed14f4c8206e,PerceptualSpeedIndex,google-docs,True,google-docs PerceptualSpeedIndex opt fission warm webrender,,77,ms,firefox,,1737887044,2023-08-09 02:34:29,1284750,,,,,,,,,,,,,,,,,,,,,,,,,,,,,,,,,,,,,,,,,,,,,,,,,TN
544,3951ba8d46ada1b519bccbff6c94ced52fd96cd0,0.2076366922729327,autoland,3779647,13,a34e21034f2e3c317ebb3d485012938d48ad04ac,macosx1015-64-shippable-qr,True,False,,|f|i|s|s|i|o|n| |w|a|r|m| |w|e|b|r|e|n|d|e|r|,102210fe594ee9b33d82058545b1ed14f4c8206e,PerceptualSpeedIndex,google-docs,True,google-docs PerceptualSpeedIndex opt fission warm webrender,,77,ms,firefox,,1738533157,2023-08-09 11:39:18,1284953,,,,,,,,,,,,,,,,,,,,,,,,,,,,,,,,,,,,,,,,,,,,,,,,,TN
545,ed039eae768be7f3b20683997b4fe970d4b8bd82,0.21712607320379562,autoland,3779647,13,a34e21034f2e3c317ebb3d485012938d48ad04ac,macosx1015-64-shippable-qr,True,False,,|f|i|s|s|i|o|n| |w|a|r|m| |w|e|b|r|e|n|d|e|r|,102210fe594ee9b33d82058545b1ed14f4c8206e,PerceptualSpeedIndex,google-docs,True,google-docs PerceptualSpeedIndex opt fission warm webrender,,77,ms,firefox,,1738529943,2023-08-09 11:55:28,1284958,,,,,,,,,,,,,,,,,,,,,,,,,,,,,,,,,,,,,,,,,,,,,,,,,TN
546,46b5603cd2b8de629b659ec8d44fc7b086782c46,0.21464075915047465,autoland,3779647,13,a34e21034f2e3c317ebb3d485012938d48ad04ac,macosx1015-64-shippable-qr,True,False,,|f|i|s|s|i|o|n| |w|a|r|m| |w|e|b|r|e|n|d|e|r|,102210fe594ee9b33d82058545b1ed14f4c8206e,PerceptualSpeedIndex,google-docs,True,google-docs PerceptualSpeedIndex opt fission warm webrender,,77,ms,firefox,,1738003157,2023-08-09 13:49:06,1285020,,,,,,,,,,,,,,,,,,,,,,,,,,,,,,,,,,,,,,,,,,,,,,,,,TN
547,299828b58af2fd55f393babed8ea8db6425040df,0.18436511522819687,autoland,3779647,13,a34e21034f2e3c317ebb3d485012938d48ad04ac,macosx1015-64-shippable-qr,True,False,,|f|i|s|s|i|o|n| |w|a|r|m| |w|e|b|r|e|n|d|e|r|,102210fe594ee9b33d82058545b1ed14f4c8206e,PerceptualSpeedIndex,google-docs,True,google-docs PerceptualSpeedIndex opt fission warm webrender,,77,ms,firefox,,1738184704,2023-08-09 17:29:37,1285186,,,,,,,,,,,,,,,,,,,,,,,,,,,,,,,,,,,,,,,,,,,,,,,,,TN
548,9766f63db97d1b85b2f2f47d2b3cb3ee3782ae85,0.2230004518752824,autoland,3779647,13,a34e21034f2e3c317ebb3d485012938d48ad04ac,macosx1015-64-shippable-qr,True,False,,|f|i|s|s|i|o|n| |w|a|r|m| |w|e|b|r|e|n|d|e|r|,102210fe594ee9b33d82058545b1ed14f4c8206e,PerceptualSpeedIndex,google-docs,True,google-docs PerceptualSpeedIndex opt fission warm webrender,,77,ms,firefox,,1738355392,2023-08-09 20:56:32,1285337,,,,,,,,,,,,,,,,,,,,,,,,,,,,,,,,,,,,,,,,,,,,,,,,,TN
549,b2b54f91567d2de224314e03fc81ba6e815e2fa7,0.19498418436511522,autoland,3779647,13,a34e21034f2e3c317ebb3d485012938d48ad04ac,macosx1015-64-shippable-qr,True,False,,|f|i|s|s|i|o|n| |w|a|r|m| |w|e|b|r|e|n|d|e|r|,102210fe594ee9b33d82058545b1ed14f4c8206e,PerceptualSpeedIndex,google-docs,True,google-docs PerceptualSpeedIndex opt fission warm webrender,,77,ms,firefox,,1738406605,2023-08-10 01:02:34,1285442,,,,,,,,,,,,,,,,,,,,,,,,,,,,,,,,,,,,,,,,,,,,,,,,,TN
550,7704c89f0e6bc2ca33282a228b42fb5cd7aa072c,0.17803886127428825,autoland,3779647,13,a34e21034f2e3c317ebb3d485012938d48ad04ac,macosx1015-64-shippable-qr,True,False,,|f|i|s|s|i|o|n| |w|a|r|m| |w|e|b|r|e|n|d|e|r|,102210fe594ee9b33d82058545b1ed14f4c8206e,PerceptualSpeedIndex,google-docs,True,google-docs PerceptualSpeedIndex opt fission warm webrender,,77,ms,firefox,,1738440002,2023-08-10 02:22:08,1285454,,,,,,,,,,,,,,,,,,,,,,,,,,,,,,,,,,,,,,,,,,,,,,,,,TN
551,24eb42c9b3d9f910ba5afe124232608f70532552,0.22413014008133758,autoland,3779647,13,a34e21034f2e3c317ebb3d485012938d48ad04ac,macosx1015-64-shippable-qr,True,False,,|f|i|s|s|i|o|n| |w|a|r|m| |w|e|b|r|e|n|d|e|r|,102210fe594ee9b33d82058545b1ed14f4c8206e,PerceptualSpeedIndex,google-docs,True,google-docs PerceptualSpeedIndex opt fission warm webrender,,77,ms,firefox,,1738551866,2023-08-10 06:54:21,1285524,,,,,,,,,,,,,,,,,,,,,,,,,,,,,,,,,,,,,,,,,,,,,,,,,TN
552,f688cd32ea991c3f0e62e19b43efc48cb4cc183a,0.18775417984636222,autoland,3779647,13,a34e21034f2e3c317ebb3d485012938d48ad04ac,macosx1015-64-shippable-qr,True,False,,|f|i|s|s|i|o|n| |w|a|r|m| |w|e|b|r|e|n|d|e|r|,102210fe594ee9b33d82058545b1ed14f4c8206e,PerceptualSpeedIndex,google-docs,True,google-docs PerceptualSpeedIndex opt fission warm webrender,,77,ms,firefox,,1738657020,2023-08-10 07:38:16,1285542,,,,,,,,,,,,,,,,,,,,,,,,,,,,,,,,,,,,,,,,,,,,,,,,,TN
553,b544a2a999190b3345911b807fac8392e1360811,0.1961138725711704,autoland,3779647,13,a34e21034f2e3c317ebb3d485012938d48ad04ac,macosx1015-64-shippable-qr,True,False,,|f|i|s|s|i|o|n| |w|a|r|m| |w|e|b|r|e|n|d|e|r|,102210fe594ee9b33d82058545b1ed14f4c8206e,PerceptualSpeedIndex,google-docs,True,google-docs PerceptualSpeedIndex opt fission warm webrender,,77,ms,firefox,,1738714504,2023-08-10 11:47:02,1285658,,,,,,,,,,,,,,,,,,,,,,,,,,,,,,,,,,,,,,,,,,,,,,,,,TN
554,11f47f2a1cf08c1e0b5bb6374f2a7dd1f49c8cac,0.2175779484862177,autoland,3779647,13,a34e21034f2e3c317ebb3d485012938d48ad04ac,macosx1015-64-shippable-qr,True,False,,|f|i|s|s|i|o|n| |w|a|r|m| |w|e|b|r|e|n|d|e|r|,102210fe594ee9b33d82058545b1ed14f4c8206e,PerceptualSpeedIndex,google-docs,True,google-docs PerceptualSpeedIndex opt fission warm webrender,,77,ms,firefox,,1738900939,2023-08-10 13:06:38,1285701,,,,,,,,,,,,,,,,,,,,,,,,,,,,,,,,,,,,,,,,,,,,,,,,,TN
555,5dd3cd2421b46ac8062d03aab70251276fd58962,0.2519204699502937,autoland,3779647,13,a34e21034f2e3c317ebb3d485012938d48ad04ac,macosx1015-64-shippable-qr,True,False,,|f|i|s|s|i|o|n| |w|a|r|m| |w|e|b|r|e|n|d|e|r|,102210fe594ee9b33d82058545b1ed14f4c8206e,PerceptualSpeedIndex,google-docs,True,google-docs PerceptualSpeedIndex opt fission warm webrender,,77,ms,firefox,,1739029773,2023-08-10 15:43:03,1285787,,,,,,,,,,,,,,,,,,,,,,,,,,,,,,,,,,,,,,,,,,,,,,,,,TN
556,cb7f80daa8c82ee9dd68e66a2792421be67d2821,0.23610483506552193,autoland,3779647,13,a34e21034f2e3c317ebb3d485012938d48ad04ac,macosx1015-64-shippable-qr,True,False,,|f|i|s|s|i|o|n| |w|a|r|m| |w|e|b|r|e|n|d|e|r|,102210fe594ee9b33d82058545b1ed14f4c8206e,PerceptualSpeedIndex,google-docs,True,google-docs PerceptualSpeedIndex opt fission warm webrender,,77,ms,firefox,,1739034780,2023-08-10 15:45:51,1285790,,,,,,,,,,,,,,,,,,,,,,,,,,,,,,,,,,,,,,,,,,,,,,,,,TN
557,42a4b2af29229dbfd0675767afaf6965d292e4a7,0.21125169453230908,autoland,3779647,13,a34e21034f2e3c317ebb3d485012938d48ad04ac,macosx1015-64-shippable-qr,True,False,,|f|i|s|s|i|o|n| |w|a|r|m| |w|e|b|r|e|n|d|e|r|,102210fe594ee9b33d82058545b1ed14f4c8206e,PerceptualSpeedIndex,google-docs,True,google-docs PerceptualSpeedIndex opt fission warm webrender,,77,ms,firefox,,1738908124,2023-08-10 16:07:39,1285800,,,,,,,,,,,,,,,,,,,,,,,,,,,,,,,,,,,,,,,,,,,,,,,,,TN
558,fae9c8496544fb4597f4094d95b81fdefec01628,0.20131043831902384,autoland,3779647,13,a34e21034f2e3c317ebb3d485012938d48ad04ac,macosx1015-64-shippable-qr,True,False,,|f|i|s|s|i|o|n| |w|a|r|m| |w|e|b|r|e|n|d|e|r|,102210fe594ee9b33d82058545b1ed14f4c8206e,PerceptualSpeedIndex,google-docs,True,google-docs PerceptualSpeedIndex opt fission warm webrender,,77,ms,firefox,,1738920684,2023-08-10 18:32:11,1285918,,,,,,,,,,,,,,,,,,,,,,,,,,,,,,,,,,,,,,,,,,,,,,,,,TN
559,389f1009f2db207be63aacd4c9c54990f9d1104b,0.21486669679168546,autoland,3779647,13,a34e21034f2e3c317ebb3d485012938d48ad04ac,macosx1015-64-shippable-qr,True,False,,|f|i|s|s|i|o|n| |w|a|r|m| |w|e|b|r|e|n|d|e|r|,102210fe594ee9b33d82058545b1ed14f4c8206e,PerceptualSpeedIndex,google-docs,True,google-docs PerceptualSpeedIndex opt fission warm webrender,,77,ms,firefox,,1738998904,2023-08-10 21:59:13,1286074,,,,,,,,,,,,,,,,,,,,,,,,,,,,,,,,,,,,,,,,,,,,,,,,,TN
560,05da0ca6db46baad5f6e45489d80d5097053bb42,0.2175779484862177,autoland,3779647,13,a34e21034f2e3c317ebb3d485012938d48ad04ac,macosx1015-64-shippable-qr,True,False,,|f|i|s|s|i|o|n| |w|a|r|m| |w|e|b|r|e|n|d|e|r|,102210fe594ee9b33d82058545b1ed14f4c8206e,PerceptualSpeedIndex,google-docs,True,google-docs PerceptualSpeedIndex opt fission warm webrender,,77,ms,firefox,,1739038209,2023-08-11 03:08:44,1286160,,,,,,,,,,,,,,,,,,,,,,,,,,,,,,,,,,,,,,,,,,,,,,,,,TN
561,efb44db563b1abcb74959e12c6ce8e577cd213f2,0.18120198825124256,autoland,3779647,13,a34e21034f2e3c317ebb3d485012938d48ad04ac,macosx1015-64-shippable-qr,True,False,,|f|i|s|s|i|o|n| |w|a|r|m| |w|e|b|r|e|n|d|e|r|,102210fe594ee9b33d82058545b1ed14f4c8206e,PerceptualSpeedIndex,google-docs,True,google-docs PerceptualSpeedIndex opt fission warm webrender,,77,ms,firefox,,1739081565,2023-08-11 07:27:06,1286189,,,,,,,,,,,,,,,,,,,,,,,,,,,,,,,,,,,,,,,,,,,,,,,,,TN
562,cda91469ef2a9b195d09f702816a5f7aec451d02,0.19905106190691346,autoland,3779647,13,a34e21034f2e3c317ebb3d485012938d48ad04ac,macosx1015-64-shippable-qr,True,False,,|f|i|s|s|i|o|n| |w|a|r|m| |w|e|b|r|e|n|d|e|r|,102210fe594ee9b33d82058545b1ed14f4c8206e,PerceptualSpeedIndex,google-docs,True,google-docs PerceptualSpeedIndex opt fission warm webrender,,77,ms,firefox,,1739194463,2023-08-11 08:27:25,1286199,,,,,,,,,,,,,,,,,,,,,,,,,,,,,,,,,,,,,,,,,,,,,,,,,TN
563,21aaca8e9cca74e93bf7c9c3a6c05b78a0d46a06,0.1845910528694079,autoland,3779647,13,a34e21034f2e3c317ebb3d485012938d48ad04ac,macosx1015-64-shippable-qr,True,False,,|f|i|s|s|i|o|n| |w|a|r|m| |w|e|b|r|e|n|d|e|r|,102210fe594ee9b33d82058545b1ed14f4c8206e,PerceptualSpeedIndex,google-docs,True,google-docs PerceptualSpeedIndex opt fission warm webrender,,77,ms,firefox,,1739323359,2023-08-11 14:16:15,1286315,,,,,,,,,,,,,,,,,,,,,,,,,,,,,,,,,,,,,,,,,,,,,,,,,TN
564,16838b515ded4549918a4ebf3e3fa8a0b427e1f4,0.1818798011748759,autoland,3779647,13,a34e21034f2e3c317ebb3d485012938d48ad04ac,macosx1015-64-shippable-qr,True,False,,|f|i|s|s|i|o|n| |w|a|r|m| |w|e|b|r|e|n|d|e|r|,102210fe594ee9b33d82058545b1ed14f4c8206e,PerceptualSpeedIndex,google-docs,True,google-docs PerceptualSpeedIndex opt fission warm webrender,,77,ms,firefox,,1739454946,2023-08-11 16:12:07,1286403,,,,,,,,,,,,,,,,,,,,,,,,,,,,,,,,,,,,,,,,,,,,,,,,,TN
565,700d98d93bde10f22824d5d41b863f4a108f832b,0.21125169453230908,autoland,3779647,13,a34e21034f2e3c317ebb3d485012938d48ad04ac,macosx1015-64-shippable-qr,True,False,,|f|i|s|s|i|o|n| |w|a|r|m| |w|e|b|r|e|n|d|e|r|,102210fe594ee9b33d82058545b1ed14f4c8206e,PerceptualSpeedIndex,google-docs,True,google-docs PerceptualSpeedIndex opt fission warm webrender,,77,ms,firefox,,1739492291,2023-08-11 20:27:04,1286565,,,,,,,,,,,,,,,,,,,,,,,,,,,,,,,,,,,,,,,,,,,,,,,,,TN
566,51c1600372ae1fc4b34d3f3d0d77d993ebba6dee,0.2169001355625848,autoland,3779647,13,a34e21034f2e3c317ebb3d485012938d48ad04ac,macosx1015-64-shippable-qr,True,False,,|f|i|s|s|i|o|n| |w|a|r|m| |w|e|b|r|e|n|d|e|r|,102210fe594ee9b33d82058545b1ed14f4c8206e,PerceptualSpeedIndex,google-docs,True,google-docs PerceptualSpeedIndex opt fission warm webrender,,77,ms,firefox,,1739538182,2023-08-11 21:04:25,1286579,,,,,,,,,,,,,,,,,,,,,,,,,,,,,,,,,,,,,,,,,,,,,,,,,TN
567,d276fb10dd5967d5a7779c681e5fb051233edc53,0.2480795300497063,autoland,3779647,13,a34e21034f2e3c317ebb3d485012938d48ad04ac,macosx1015-64-shippable-qr,True,False,,|f|i|s|s|i|o|n| |w|a|r|m| |w|e|b|r|e|n|d|e|r|,102210fe594ee9b33d82058545b1ed14f4c8206e,PerceptualSpeedIndex,google-docs,True,google-docs PerceptualSpeedIndex opt fission warm webrender,,77,ms,firefox,,1739543373,2023-08-11 21:21:38,1286581,,,,,,,,,,,,,,,,,,,,,,,,,,,,,,,,,,,,,,,,,,,,,,,,,TN
568,8dd752fc2bce87d04b7ae3bab02bb57d59c64e8a,0.29439674649796665,autoland,3779647,13,a34e21034f2e3c317ebb3d485012938d48ad04ac,macosx1015-64-shippable-qr,True,False,,|f|i|s|s|i|o|n| |w|a|r|m| |w|e|b|r|e|n|d|e|r|,102210fe594ee9b33d82058545b1ed14f4c8206e,PerceptualSpeedIndex,google-docs,True,google-docs PerceptualSpeedIndex opt fission warm webrender,,77,ms,firefox,,1739551137,2023-08-12 05:14:02,1286635,,,,,,,,,,,,,,,,,,,,,,,,,,,,,,,,,,,,,,,,,,,,,,,,,TN
569,f20040ae7b2f3e1499ea3b90639fd96566103125,0.22751920469950293,autoland,3779647,13,a34e21034f2e3c317ebb3d485012938d48ad04ac,macosx1015-64-shippable-qr,True,False,,|f|i|s|s|i|o|n| |w|a|r|m| |w|e|b|r|e|n|d|e|r|,102210fe594ee9b33d82058545b1ed14f4c8206e,PerceptualSpeedIndex,google-docs,True,google-docs PerceptualSpeedIndex opt fission warm webrender,,77,ms,firefox,,1739556940,2023-08-12 05:14:50,1286636,,,,,,,,,,,,,,,,,,,,,,,,,,,,,,,,,,,,,,,,,,,,,,,,,TN
570,6386291adbedd6140dfbf10b071e5cc82f5433a1,0.19340262087663795,autoland,3779647,13,a34e21034f2e3c317ebb3d485012938d48ad04ac,macosx1015-64-shippable-qr,True,False,,|f|i|s|s|i|o|n| |w|a|r|m| |w|e|b|r|e|n|d|e|r|,102210fe594ee9b33d82058545b1ed14f4c8206e,PerceptualSpeedIndex,google-docs,True,google-docs PerceptualSpeedIndex opt fission warm webrender,,77,ms,firefox,,1739628706,2023-08-12 12:22:39,1286663,,,,,,,,,,,,,,,,,,,,,,,,,,,,,,,,,,,,,,,,,,,,,,,,,TN
571,9a15449ff274a89d15ae4d345601385b371c2dff,0.1868504292815183,autoland,3779647,13,a34e21034f2e3c317ebb3d485012938d48ad04ac,macosx1015-64-shippable-qr,True,False,,|f|i|s|s|i|o|n| |w|a|r|m| |w|e|b|r|e|n|d|e|r|,102210fe594ee9b33d82058545b1ed14f4c8206e,PerceptualSpeedIndex,google-docs,True,google-docs PerceptualSpeedIndex opt fission warm webrender,,77,ms,firefox,,1739681531,2023-08-12 17:53:09,1286688,,,,,,,,,,,,,,,,,,,,,,,,,,,,,,,,,,,,,,,,,,,,,,,,,TN
572,dcf2ddfaffbf9900de8ba4a674708bf996d147b6,0.31156800723000466,autoland,3779647,13,a34e21034f2e3c317ebb3d485012938d48ad04ac,macosx1015-64-shippable-qr,True,False,,|f|i|s|s|i|o|n| |w|a|r|m| |w|e|b|r|e|n|d|e|r|,102210fe594ee9b33d82058545b1ed14f4c8206e,PerceptualSpeedIndex,google-docs,True,google-docs PerceptualSpeedIndex opt fission warm webrender,,77,ms,firefox,,1739751975,2023-08-13 04:26:09,1286737,,,,,,,,,,,,,,,,,,,,,,,,,,,,,,,,,,,,,,,,,,,,,,,,,TN
573,cbfbab86b8f2ad4e39c90caa2d8e55102609b72d,0.19475824672390418,autoland,3779647,13,a34e21034f2e3c317ebb3d485012938d48ad04ac,macosx1015-64-shippable-qr,True,False,,|f|i|s|s|i|o|n| |w|a|r|m| |w|e|b|r|e|n|d|e|r|,102210fe594ee9b33d82058545b1ed14f4c8206e,PerceptualSpeedIndex,google-docs,True,google-docs PerceptualSpeedIndex opt fission warm webrender,,77,ms,firefox,,1739837091,2023-08-13 16:54:11,1286762,,,,,,,,,,,,,,,,,,,,,,,,,,,,,,,,,,,,,,,,,,,,,,,,,TN
574,bdeed1276a3515d597485fc241f9757ff607a9d1,0.2065070040668775,autoland,3779647,13,a34e21034f2e3c317ebb3d485012938d48ad04ac,macosx1015-64-shippable-qr,True,False,,|f|i|s|s|i|o|n| |w|a|r|m| |w|e|b|r|e|n|d|e|r|,102210fe594ee9b33d82058545b1ed14f4c8206e,PerceptualSpeedIndex,google-docs,True,google-docs PerceptualSpeedIndex opt fission warm webrender,,77,ms,firefox,,1739909798,2023-08-14 00:32:30,1286792,,,,,,,,,,,,,,,,,,,,,,,,,,,,,,,,,,,,,,,,,,,,,,,,,TN
575,a5bcd3edffd78b69932e1ea7c5dda0894107edaa,0.31043831902394947,autoland,3779647,13,a34e21034f2e3c317ebb3d485012938d48ad04ac,macosx1015-64-shippable-qr,True,False,,|f|i|s|s|i|o|n| |w|a|r|m| |w|e|b|r|e|n|d|e|r|,102210fe594ee9b33d82058545b1ed14f4c8206e,PerceptualSpeedIndex,google-docs,True,google-docs PerceptualSpeedIndex opt fission warm webrender,,77,ms,firefox,,1739949085,2023-08-14 06:39:21,1286822,,,,,,,,,,,,,,,,,,,,,,,,,,,,,,,,,,,,,,,,,,,,,,,,,TN
576,64a1445ac4138d208b6412914b12fd0a2e9ff945,0.17555354722096683,autoland,3779647,13,a34e21034f2e3c317ebb3d485012938d48ad04ac,macosx1015-64-shippable-qr,True,False,,|f|i|s|s|i|o|n| |w|a|r|m| |w|e|b|r|e|n|d|e|r|,102210fe594ee9b33d82058545b1ed14f4c8206e,PerceptualSpeedIndex,google-docs,True,google-docs PerceptualSpeedIndex opt fission warm webrender,,77,ms,firefox,,1740049964,2023-08-14 10:48:55,1286891,,,,,,,,,,,,,,,,,,,,,,,,,,,,,,,,,,,,,,,,,,,,,,,,,TN
577,966f06db181d109fbc6ac97a296ac28efbb8a5f2,0.23316764572977844,autoland,3779647,13,a34e21034f2e3c317ebb3d485012938d48ad04ac,macosx1015-64-shippable-qr,True,False,,|f|i|s|s|i|o|n| |w|a|r|m| |w|e|b|r|e|n|d|e|r|,102210fe594ee9b33d82058545b1ed14f4c8206e,PerceptualSpeedIndex,google-docs,True,google-docs PerceptualSpeedIndex opt fission warm webrender,,77,ms,firefox,,1740087785,2023-08-14 14:03:37,1286990,,,,,,,,,,,,,,,,,,,,,,,,,,,,,,,,,,,,,,,,,,,,,,,,,TN
578,31e28d290422a1535f35bcc058af1c08f4c7359b,0.3063714414821508,autoland,3779647,13,a34e21034f2e3c317ebb3d485012938d48ad04ac,macosx1015-64-shippable-qr,True,False,,|f|i|s|s|i|o|n| |w|a|r|m| |w|e|b|r|e|n|d|e|r|,102210fe594ee9b33d82058545b1ed14f4c8206e,PerceptualSpeedIndex,google-docs,True,google-docs PerceptualSpeedIndex opt fission warm webrender,,77,ms,firefox,,1740473738,2023-08-14 14:08:51,1286994,,,,,,,,,,,,,,,,,,,,,,,,,,,,,,,,,,,,,,,,,,,,,,,,,TN
579,8d9f5cc542b6dad03ce85719537d30c4469e20b1,0.316086760054225,autoland,3779647,13,a34e21034f2e3c317ebb3d485012938d48ad04ac,macosx1015-64-shippable-qr,True,False,,|f|i|s|s|i|o|n| |w|a|r|m| |w|e|b|r|e|n|d|e|r|,102210fe594ee9b33d82058545b1ed14f4c8206e,PerceptualSpeedIndex,google-docs,True,google-docs PerceptualSpeedIndex opt fission warm webrender,,77,ms,firefox,,1740472596,2023-08-14 14:09:39,1286995,,,,,,,,,,,,,,,,,,,,,,,,,,,,,,,,,,,,,,,,,,,,,,,,,TN
580,5b1987d52ae19ebe1b311fec0f664563b5bf198d,0.30117487573429735,autoland,3779647,13,a34e21034f2e3c317ebb3d485012938d48ad04ac,macosx1015-64-shippable-qr,True,False,,|f|i|s|s|i|o|n| |w|a|r|m| |w|e|b|r|e|n|d|e|r|,102210fe594ee9b33d82058545b1ed14f4c8206e,PerceptualSpeedIndex,google-docs,True,google-docs PerceptualSpeedIndex opt fission warm webrender,,77,ms,firefox,,1740243344,2023-08-14 16:54:04,1287092,,,,,,,,,,,,,,,,,,,,,,,,,,,,,,,,,,,,,,,,,,,,,,,,,TN
581,e69719641442a9b020920854741bcc703d699bc9,0.1900135562584726,autoland,3779647,13,a34e21034f2e3c317ebb3d485012938d48ad04ac,macosx1015-64-shippable-qr,True,False,,|f|i|s|s|i|o|n| |w|a|r|m| |w|e|b|r|e|n|d|e|r|,102210fe594ee9b33d82058545b1ed14f4c8206e,PerceptualSpeedIndex,google-docs,True,google-docs PerceptualSpeedIndex opt fission warm webrender,,77,ms,firefox,,1740490852,2023-08-14 18:39:26,1287157,,,,,,,,,,,,,,,,,,,,,,,,,,,,,,,,,,,,,,,,,,,,,,,,,TN
582,98ec3e8e37bd0c1dd0d57c0b66e97f6de4d5f66c,0.20854044283777684,autoland,3779647,13,a34e21034f2e3c317ebb3d485012938d48ad04ac,macosx1015-64-shippable-qr,True,False,,|f|i|s|s|i|o|n| |w|a|r|m| |w|e|b|r|e|n|d|e|r|,102210fe594ee9b33d82058545b1ed14f4c8206e,PerceptualSpeedIndex,google-docs,True,google-docs PerceptualSpeedIndex opt fission warm webrender,,77,ms,firefox,,1740483599,2023-08-14 18:43:30,1287159,,,,,,,,,,,,,,,,,,,,,,,,,,,,,,,,,,,,,,,,,,,,,,,,,TN
583,7081c01a8f314a82bc3c055c11f0880dc2b706fb,0.18323542702214168,autoland,3779647,13,a34e21034f2e3c317ebb3d485012938d48ad04ac,macosx1015-64-shippable-qr,True,False,,|f|i|s|s|i|o|n| |w|a|r|m| |w|e|b|r|e|n|d|e|r|,102210fe594ee9b33d82058545b1ed14f4c8206e,PerceptualSpeedIndex,google-docs,True,google-docs PerceptualSpeedIndex opt fission warm webrender,,77,ms,firefox,,1740344514,2023-08-14 21:20:15,1287268,,,,,,,,,,,,,,,,,,,,,,,,,,,,,,,,,,,,,,,,,,,,,,,,,TN
584,88ec6682eab1c5c36cb839c8db0156446559a1cb,0.17668323542702202,autoland,3779647,13,a34e21034f2e3c317ebb3d485012938d48ad04ac,macosx1015-64-shippable-qr,True,False,,|f|i|s|s|i|o|n| |w|a|r|m| |w|e|b|r|e|n|d|e|r|,102210fe594ee9b33d82058545b1ed14f4c8206e,PerceptualSpeedIndex,google-docs,True,google-docs PerceptualSpeedIndex opt fission warm webrender,,77,ms,firefox,,1740378876,2023-08-14 23:25:21,1287331,,,,,,,,,,,,,,,,,,,,,,,,,,,,,,,,,,,,,,,,,,,,,,,,,TN
585,ef2753ba331b17b408096bfd42e83a91039b995d,0.18097605061003152,autoland,3779647,13,a34e21034f2e3c317ebb3d485012938d48ad04ac,macosx1015-64-shippable-qr,True,False,,|f|i|s|s|i|o|n| |w|a|r|m| |w|e|b|r|e|n|d|e|r|,102210fe594ee9b33d82058545b1ed14f4c8206e,PerceptualSpeedIndex,google-docs,True,google-docs PerceptualSpeedIndex opt fission warm webrender,,77,ms,firefox,,1740462053,2023-08-15 03:40:03,1287395,,,,,,,,,,,,,,,,,,,,,,,,,,,,,,,,,,,,,,,,,,,,,,,,,TN
586,0038346134ec0c0912660c19edced48ff4c9996b,0.18097605061003152,autoland,3779647,13,a34e21034f2e3c317ebb3d485012938d48ad04ac,macosx1015-64-shippable-qr,True,False,,|f|i|s|s|i|o|n| |w|a|r|m| |w|e|b|r|e|n|d|e|r|,102210fe594ee9b33d82058545b1ed14f4c8206e,PerceptualSpeedIndex,google-docs,True,google-docs PerceptualSpeedIndex opt fission warm webrender,,77,ms,firefox,,1740679999,2023-08-15 12:15:00,1287534,,,,,,,,,,,,,,,,,,,,,,,,,,,,,,,,,,,,,,,,,,,,,,,,,TN
587,34ea39f6bd8afd706e571c5a5c5557f8f02274c7,0.18278355173971983,autoland,3779647,13,a34e21034f2e3c317ebb3d485012938d48ad04ac,macosx1015-64-shippable-qr,True,False,,|f|i|s|s|i|o|n| |w|a|r|m| |w|e|b|r|e|n|d|e|r|,102210fe594ee9b33d82058545b1ed14f4c8206e,PerceptualSpeedIndex,google-docs,True,google-docs PerceptualSpeedIndex opt fission warm webrender,,77,ms,firefox,,1740683599,2023-08-15 12:16:05,1287535,,,,,,,,,,,,,,,,,,,,,,,,,,,,,,,,,,,,,,,,,,,,,,,,,TN
588,e22b9fd845f91f33a25fd6da2d0f6c46e5a73fda,0.2914595571622234,autoland,3779647,13,a34e21034f2e3c317ebb3d485012938d48ad04ac,macosx1015-64-shippable-qr,True,False,,|f|i|s|s|i|o|n| |w|a|r|m| |w|e|b|r|e|n|d|e|r|,102210fe594ee9b33d82058545b1ed14f4c8206e,PerceptualSpeedIndex,google-docs,True,google-docs PerceptualSpeedIndex opt fission warm webrender,,77,ms,firefox,,1741117493,2023-08-15 12:37:24,1287550,,,,,,,,,,,,,,,,,,,,,,,,,,,,,,,,,,,,,,,,,,,,,,,,,TN
589,98924afbd295dc09b62c5086c76b9e8ff5089521,0.21780388612742896,autoland,3779647,13,a34e21034f2e3c317ebb3d485012938d48ad04ac,macosx1015-64-shippable-qr,True,False,,|f|i|s|s|i|o|n| |w|a|r|m| |w|e|b|r|e|n|d|e|r|,102210fe594ee9b33d82058545b1ed14f4c8206e,PerceptualSpeedIndex,google-docs,True,google-docs PerceptualSpeedIndex opt fission warm webrender,,77,ms,firefox,,1741109089,2023-08-15 12:57:24,1287555,,,,,,,,,,,,,,,,,,,,,,,,,,,,,,,,,,,,,,,,,,,,,,,,,TN
590,c01a1256082294777509d59591b44cc1a9a54101,0.22571170356981485,autoland,3779647,13,a34e21034f2e3c317ebb3d485012938d48ad04ac,macosx1015-64-shippable-qr,True,False,,|f|i|s|s|i|o|n| |w|a|r|m| |w|e|b|r|e|n|d|e|r|,102210fe594ee9b33d82058545b1ed14f4c8206e,PerceptualSpeedIndex,google-docs,True,google-docs PerceptualSpeedIndex opt fission warm webrender,,77,ms,firefox,,1740873362,2023-08-15 17:48:00,1287732,,,,,,,,,,,,,,,,,,,,,,,,,,,,,,,,,,,,,,,,,,,,,,,,,TN
591,b6d00af33f9f1879900a9ff148f77a03de4ca507,0.18888386805241741,autoland,3779647,13,a34e21034f2e3c317ebb3d485012938d48ad04ac,macosx1015-64-shippable-qr,True,False,,|f|i|s|s|i|o|n| |w|a|r|m| |w|e|b|r|e|n|d|e|r|,102210fe594ee9b33d82058545b1ed14f4c8206e,PerceptualSpeedIndex,google-docs,True,google-docs PerceptualSpeedIndex opt fission warm webrender,,77,ms,firefox,,1740921530,2023-08-15 20:18:28,1287829,,,,,,,,,,,,,,,,,,,,,,,,,,,,,,,,,,,,,,,,,,,,,,,,,TN
592,d89c15eac4ec564501a3193bdcd58be7d02393c5,0.929055580659738,autoland,3779647,13,a34e21034f2e3c317ebb3d485012938d48ad04ac,macosx1015-64-shippable-qr,True,False,,|f|i|s|s|i|o|n| |w|a|r|m| |w|e|b|r|e|n|d|e|r|,102210fe594ee9b33d82058545b1ed14f4c8206e,PerceptualSpeedIndex,google-docs,True,google-docs PerceptualSpeedIndex opt fission warm webrender,,77,ms,firefox,,1741847858,2023-08-15 23:56:07,1287949,,,,,,,,,,,,,,,,,,,,,,,,,,,,,,,,,,,,,,,,,,,,,,,,,TN
593,e3e4e48f102fd5baecd164c042650d7ed05a3d4a,0.203569814731134,autoland,3779647,13,a34e21034f2e3c317ebb3d485012938d48ad04ac,macosx1015-64-shippable-qr,True,False,,|f|i|s|s|i|o|n| |w|a|r|m| |w|e|b|r|e|n|d|e|r|,102210fe594ee9b33d82058545b1ed14f4c8206e,PerceptualSpeedIndex,google-docs,True,google-docs PerceptualSpeedIndex opt fission warm webrender,,77,ms,firefox,,1741843061,2023-08-16 00:04:54,1287957,,,,,,,,,,,,,,,,,,,,,,,,,,,,,,,,,,,,,,,,,,,,,,,,,TN
594,af1979bb2dd22b96889d47af7852253d7f161693,0.2169001355625848,autoland,3779647,13,a34e21034f2e3c317ebb3d485012938d48ad04ac,macosx1015-64-shippable-qr,True,False,,|f|i|s|s|i|o|n| |w|a|r|m| |w|e|b|r|e|n|d|e|r|,102210fe594ee9b33d82058545b1ed14f4c8206e,PerceptualSpeedIndex,google-docs,True,google-docs PerceptualSpeedIndex opt fission warm webrender,,77,ms,firefox,,1741039637,2023-08-16 01:44:13,1287987,,,,,,,,,,,,,,,,,,,,,,,,,,,,,,,,,,,,,,,,,,,,,,,,,TN
595,4d7123b9c5729f33db3288141ea7502fae3cbadc,0.21667419792137377,autoland,3779647,13,a34e21034f2e3c317ebb3d485012938d48ad04ac,macosx1015-64-shippable-qr,True,False,,|f|i|s|s|i|o|n| |w|a|r|m| |w|e|b|r|e|n|d|e|r|,102210fe594ee9b33d82058545b1ed14f4c8206e,PerceptualSpeedIndex,google-docs,True,google-docs PerceptualSpeedIndex opt fission warm webrender,,77,ms,firefox,,1741157242,2023-08-16 06:09:24,1288100,,,,,,,,,,,,,,,,,,,,,,,,,,,,,,,,,,,,,,,,,,,,,,,,,TN
596,3ba3d3cb9bb7860efcbb623d34fc5d721fc7cfcb,0.1918210573881609,autoland,3779647,13,a34e21034f2e3c317ebb3d485012938d48ad04ac,macosx1015-64-shippable-qr,True,False,,|f|i|s|s|i|o|n| |w|a|r|m| |w|e|b|r|e|n|d|e|r|,102210fe594ee9b33d82058545b1ed14f4c8206e,PerceptualSpeedIndex,google-docs,True,google-docs PerceptualSpeedIndex opt fission warm webrender,,77,ms,firefox,,1741208517,2023-08-16 07:28:11,1288129,,,,,,,,,,,,,,,,,,,,,,,,,,,,,,,,,,,,,,,,,,,,,,,,,TN
597,3cbe8cb45dab35d18ef4ffb5481be55dfabf47c7,0.20176231360144592,autoland,3779647,13,a34e21034f2e3c317ebb3d485012938d48ad04ac,macosx1015-64-shippable-qr,True,False,,|f|i|s|s|i|o|n| |w|a|r|m| |w|e|b|r|e|n|d|e|r|,102210fe594ee9b33d82058545b1ed14f4c8206e,PerceptualSpeedIndex,google-docs,True,google-docs PerceptualSpeedIndex opt fission warm webrender,,77,ms,firefox,,1741326991,2023-08-16 10:40:28,1288233,,,,,,,,,,,,,,,,,,,,,,,,,,,,,,,,,,,,,,,,,,,,,,,,,TN
598,8a73ffb04e0b980e31fed0ef3226cec7dc161d52,0.2004066877541797,autoland,3779647,13,a34e21034f2e3c317ebb3d485012938d48ad04ac,macosx1015-64-shippable-qr,True,False,,|f|i|s|s|i|o|n| |w|a|r|m| |w|e|b|r|e|n|d|e|r|,102210fe594ee9b33d82058545b1ed14f4c8206e,PerceptualSpeedIndex,google-docs,True,google-docs PerceptualSpeedIndex opt fission warm webrender,,77,ms,firefox,,1741802502,2023-08-16 12:28:12,1288290,,,,,,,,,,,,,,,,,,,,,,,,,,,,,,,,,,,,,,,,,,,,,,,,,TN
599,7122f40ccb24e35d458d3a857d77fe59f96a6f12,0.22842295526434686,autoland,3779647,13,a34e21034f2e3c317ebb3d485012938d48ad04ac,macosx1015-64-shippable-qr,True,False,,|f|i|s|s|i|o|n| |w|a|r|m| |w|e|b|r|e|n|d|e|r|,102210fe594ee9b33d82058545b1ed14f4c8206e,PerceptualSpeedIndex,google-docs,True,google-docs PerceptualSpeedIndex opt fission warm webrender,,77,ms,firefox,,1741839347,2023-08-16 13:01:50,1288300,,,,,,,,,,,,,,,,,,,,,,,,,,,,,,,,,,,,,,,,,,,,,,,,,TN
600,1cafd355bbcf32aae501b9419edec5e7c8a59968,0.18052417532760967,autoland,3779647,13,a34e21034f2e3c317ebb3d485012938d48ad04ac,macosx1015-64-shippable-qr,True,False,,|f|i|s|s|i|o|n| |w|a|r|m| |w|e|b|r|e|n|d|e|r|,102210fe594ee9b33d82058545b1ed14f4c8206e,PerceptualSpeedIndex,google-docs,True,google-docs PerceptualSpeedIndex opt fission warm webrender,,77,ms,firefox,,1741489168,2023-08-16 14:37:22,1288343,,,,,,,,,,,,,,,,,,,,,,,,,,,,,,,,,,,,,,,,,,,,,,,,,TN
601,76c2ef9d279ab62d4513c845d1c71e49aaf07d8c,0.22661545413465878,autoland,3779647,13,a34e21034f2e3c317ebb3d485012938d48ad04ac,macosx1015-64-shippable-qr,True,False,,|f|i|s|s|i|o|n| |w|a|r|m| |w|e|b|r|e|n|d|e|r|,102210fe594ee9b33d82058545b1ed14f4c8206e,PerceptualSpeedIndex,google-docs,True,google-docs PerceptualSpeedIndex opt fission warm webrender,,77,ms,firefox,,1741814780,2023-08-16 17:18:17,1288437,,,,,,,,,,,,,,,,,,,,,,,,,,,,,,,,,,,,,,,,,,,,,,,,,TN
602,e679173f9fd8ae276789ca7302817d53d23baab4,0.1624491640307275,autoland,3779647,13,a34e21034f2e3c317ebb3d485012938d48ad04ac,macosx1015-64-shippable-qr,True,False,,|f|i|s|s|i|o|n| |w|a|r|m| |w|e|b|r|e|n|d|e|r|,102210fe594ee9b33d82058545b1ed14f4c8206e,PerceptualSpeedIndex,google-docs,True,google-docs PerceptualSpeedIndex opt fission warm webrender,,77,ms,firefox,,1741851358,2023-08-16 17:19:17,1288439,,,,,,,,,,,,,,,,,,,,,,,,,,,,,,,,,,,,,,,,,,,,,,,,,TN
603,1c8dec8815d59d488dc44109a4361dcec573ec0a,0.20424762765476734,autoland,3779647,13,a34e21034f2e3c317ebb3d485012938d48ad04ac,macosx1015-64-shippable-qr,True,False,,|f|i|s|s|i|o|n| |w|a|r|m| |w|e|b|r|e|n|d|e|r|,102210fe594ee9b33d82058545b1ed14f4c8206e,PerceptualSpeedIndex,google-docs,True,google-docs PerceptualSpeedIndex opt fission warm webrender,,77,ms,firefox,,1741643395,2023-08-16 18:57:22,1288496,,,,,,,,,,,,,,,,,,,,,,,,,,,,,,,,,,,,,,,,,,,,,,,,,TN
604,4e21d241af64f5d1f3b4796d48ab8d58a961f081,0.2291007681879802,autoland,3779647,13,a34e21034f2e3c317ebb3d485012938d48ad04ac,macosx1015-64-shippable-qr,True,False,,|f|i|s|s|i|o|n| |w|a|r|m| |w|e|b|r|e|n|d|e|r|,102210fe594ee9b33d82058545b1ed14f4c8206e,PerceptualSpeedIndex,google-docs,True,google-docs PerceptualSpeedIndex opt fission warm webrender,,77,ms,firefox,,1741730653,2023-08-16 23:04:52,1288666,,,,,,,,,,,,,,,,,,,,,,,,,,,,,,,,,,,,,,,,,,,,,,,,,TN
605,200aa08042f1b584401fd4aca219d4b68edf7973,0.20741075463172165,autoland,3779647,13,a34e21034f2e3c317ebb3d485012938d48ad04ac,macosx1015-64-shippable-qr,True,False,,|f|i|s|s|i|o|n| |w|a|r|m| |w|e|b|r|e|n|d|e|r|,102210fe594ee9b33d82058545b1ed14f4c8206e,PerceptualSpeedIndex,google-docs,True,google-docs PerceptualSpeedIndex opt fission warm webrender,,77,ms,firefox,,1741718694,2023-08-16 23:22:50,1288675,,,,,,,,,,,,,,,,,,,,,,,,,,,,,,,,,,,,,,,,,,,,,,,,,TN
606,18db2934736dc8d16e5b5840ec0b170aef5c0c3b,0.20854044283777684,autoland,3779647,13,a34e21034f2e3c317ebb3d485012938d48ad04ac,macosx1015-64-shippable-qr,True,False,,|f|i|s|s|i|o|n| |w|a|r|m| |w|e|b|r|e|n|d|e|r|,102210fe594ee9b33d82058545b1ed14f4c8206e,PerceptualSpeedIndex,google-docs,True,google-docs PerceptualSpeedIndex opt fission warm webrender,,77,ms,firefox,,1741836716,2023-08-17 04:16:28,1288753,,,,,,,,,,,,,,,,,,,,,,,,,,,,,,,,,,,,,,,,,,,,,,,,,TN
607,bee27401511bf375891968a9ca78d7ef74d19962,0.2318120198825122,autoland,3779647,13,a34e21034f2e3c317ebb3d485012938d48ad04ac,macosx1015-64-shippable-qr,True,False,,|f|i|s|s|i|o|n| |w|a|r|m| |w|e|b|r|e|n|d|e|r|,102210fe594ee9b33d82058545b1ed14f4c8206e,PerceptualSpeedIndex,google-docs,True,google-docs PerceptualSpeedIndex opt fission warm webrender,,77,ms,firefox,,1741939234,2023-08-17 08:24:55,1288813,,,,,,,,,,,,,,,,,,,,,,,,,,,,,,,,,,,,,,,,,,,,,,,,,TN
608,78e7cb2837e7dec0ef55a2f5f383625335ad2520,0.3136014460009038,autoland,3779647,13,a34e21034f2e3c317ebb3d485012938d48ad04ac,macosx1015-64-shippable-qr,True,False,,|f|i|s|s|i|o|n| |w|a|r|m| |w|e|b|r|e|n|d|e|r|,102210fe594ee9b33d82058545b1ed14f4c8206e,PerceptualSpeedIndex,google-docs,True,google-docs PerceptualSpeedIndex opt fission warm webrender,,77,ms,firefox,,1742026384,2023-08-17 10:09:55,1288847,,,,,,,,,,,,,,,,,,,,,,,,,,,,,,,,,,,,,,,,,,,,,,,,,TN
609,776fbad509150f69418e1f44fa2580c651211253,0.20808856755535454,autoland,3779647,13,a34e21034f2e3c317ebb3d485012938d48ad04ac,macosx1015-64-shippable-qr,True,False,,|f|i|s|s|i|o|n| |w|a|r|m| |w|e|b|r|e|n|d|e|r|,102210fe594ee9b33d82058545b1ed14f4c8206e,PerceptualSpeedIndex,google-docs,True,google-docs PerceptualSpeedIndex opt fission warm webrender,,77,ms,firefox,,1742198487,2023-08-17 14:34:38,1288953,,,,,,,,,,,,,,,,,,,,,,,,,,,,,,,,,,,,,,,,,,,,,,,,,TN
610,aac1f1d71d5251ffb80e7a22087e1c473e53069d,0.2028920018075011,autoland,3779647,13,a34e21034f2e3c317ebb3d485012938d48ad04ac,macosx1015-64-shippable-qr,True,False,,|f|i|s|s|i|o|n| |w|a|r|m| |w|e|b|r|e|n|d|e|r|,102210fe594ee9b33d82058545b1ed14f4c8206e,PerceptualSpeedIndex,google-docs,True,google-docs PerceptualSpeedIndex opt fission warm webrender,,77,ms,firefox,,1742248724,2023-08-17 16:13:13,1289025,,,,,,,,,,,,,,,,,,,,,,,,,,,,,,,,,,,,,,,,,,,,,,,,,TN
611,d6e3a985fda44edfa84fae3ecc4b52e6b732f09e,0.22435607772254862,autoland,3779647,13,a34e21034f2e3c317ebb3d485012938d48ad04ac,macosx1015-64-shippable-qr,True,False,,|f|i|s|s|i|o|n| |w|a|r|m| |w|e|b|r|e|n|d|e|r|,102210fe594ee9b33d82058545b1ed14f4c8206e,PerceptualSpeedIndex,google-docs,True,google-docs PerceptualSpeedIndex opt fission warm webrender,,77,ms,firefox,,1742616373,2023-08-17 18:39:00,1289103,,,,,,,,,,,,,,,,,,,,,,,,,,,,,,,,,,,,,,,,,,,,,,,,,TN
612,42f016209a0fa6eb7e2f00106a5dea63b63bf689,1.0,autoland,3779647,13,a34e21034f2e3c317ebb3d485012938d48ad04ac,macosx1015-64-shippable-qr,True,False,,|f|i|s|s|i|o|n| |w|a|r|m| |w|e|b|r|e|n|d|e|r|,102210fe594ee9b33d82058545b1ed14f4c8206e,PerceptualSpeedIndex,google-docs,True,google-docs PerceptualSpeedIndex opt fission warm webrender,,77,ms,firefox,,1742647017,2023-08-17 18:44:39,1289111,,,,,,,,,,,,,,,,,,,,,,,,,,,,,,,,,,,,,,,,,,,,,,,,,TN
613,a317d1d25b687e15043cbc110d81765aeb149752,0.2076366922729327,autoland,3779647,13,a34e21034f2e3c317ebb3d485012938d48ad04ac,macosx1015-64-shippable-qr,True,False,,|f|i|s|s|i|o|n| |w|a|r|m| |w|e|b|r|e|n|d|e|r|,102210fe594ee9b33d82058545b1ed14f4c8206e,PerceptualSpeedIndex,google-docs,True,google-docs PerceptualSpeedIndex opt fission warm webrender,,77,ms,firefox,,1742649527,2023-08-17 19:33:04,1289134,,,,,,,,,,,,,,,,,,,,,,,,,,,,,,,,,,,,,,,,,,,,,,,,,TN
614,e3a24ea4f8b0be504990cbc266d7af273804678e,0.1954360596475373,autoland,3779647,13,a34e21034f2e3c317ebb3d485012938d48ad04ac,macosx1015-64-shippable-qr,True,False,,|f|i|s|s|i|o|n| |w|a|r|m| |w|e|b|r|e|n|d|e|r|,102210fe594ee9b33d82058545b1ed14f4c8206e,PerceptualSpeedIndex,google-docs,True,google-docs PerceptualSpeedIndex opt fission warm webrender,,77,ms,firefox,,1742321302,2023-08-17 19:44:04,1289144,,,,,,,,,,,,,,,,,,,,,,,,,,,,,,,,,,,,,,,,,,,,,,,,,TN
615,990790cb4b9bfd20fd7683f2815d50585f5dcba2,0.20153637596023488,autoland,3779647,13,a34e21034f2e3c317ebb3d485012938d48ad04ac,macosx1015-64-shippable-qr,True,False,,|f|i|s|s|i|o|n| |w|a|r|m| |w|e|b|r|e|n|d|e|r|,102210fe594ee9b33d82058545b1ed14f4c8206e,PerceptualSpeedIndex,google-docs,True,google-docs PerceptualSpeedIndex opt fission warm webrender,,77,ms,firefox,,1742444640,2023-08-18 00:01:41,1289285,,,,,,,,,,,,,,,,,,,,,,,,,,,,,,,,,,,,,,,,,,,,,,,,,TN
616,deca2c956e89b8e65d2a1b0fcb79db8b991a7046,0.20018075011296865,autoland,3779647,13,a34e21034f2e3c317ebb3d485012938d48ad04ac,macosx1015-64-shippable-qr,True,False,,|f|i|s|s|i|o|n| |w|a|r|m| |w|e|b|r|e|n|d|e|r|,102210fe594ee9b33d82058545b1ed14f4c8206e,PerceptualSpeedIndex,google-docs,True,google-docs PerceptualSpeedIndex opt fission warm webrender,,77,ms,firefox,,1742635665,2023-08-18 04:25:36,1289346,,,,,,,,,,,,,,,,,,,,,,,,,,,,,,,,,,,,,,,,,,,,,,,,,TN
617,87da0265a044885f5ed64cc9ce2b961721d2142e,0.17962042476276552,autoland,3779647,13,a34e21034f2e3c317ebb3d485012938d48ad04ac,macosx1015-64-shippable-qr,True,False,,|f|i|s|s|i|o|n| |w|a|r|m| |w|e|b|r|e|n|d|e|r|,102210fe594ee9b33d82058545b1ed14f4c8206e,PerceptualSpeedIndex,google-docs,True,google-docs PerceptualSpeedIndex opt fission warm webrender,,77,ms,firefox,,1742653357,2023-08-18 05:21:52,1289351,,,,,,,,,,,,,,,,,,,,,,,,,,,,,,,,,,,,,,,,,,,,,,,,,TN
618,e2305368eaae41c8b47dd15f03addc2ec4fe0504,0.21531857207410754,autoland,3779647,13,a34e21034f2e3c317ebb3d485012938d48ad04ac,macosx1015-64-shippable-qr,True,False,,|f|i|s|s|i|o|n| |w|a|r|m| |w|e|b|r|e|n|d|e|r|,102210fe594ee9b33d82058545b1ed14f4c8206e,PerceptualSpeedIndex,google-docs,True,google-docs PerceptualSpeedIndex opt fission warm webrender,,77,ms,firefox,,1742818221,2023-08-18 14:09:35,1289469,,,,,,,,,,,,,,,,,,,,,,,,,,,,,,,,,,,,,,,,,,,,,,,,,TN
619,62feb2305afdcba50bd84b58cd2ab152d53c61e7,0.21599638499774043,autoland,3779647,13,a34e21034f2e3c317ebb3d485012938d48ad04ac,macosx1015-64-shippable-qr,True,False,,|f|i|s|s|i|o|n| |w|a|r|m| |w|e|b|r|e|n|d|e|r|,102210fe594ee9b33d82058545b1ed14f4c8206e,PerceptualSpeedIndex,google-docs,True,google-docs PerceptualSpeedIndex opt fission warm webrender,,77,ms,firefox,,1742947264,2023-08-18 19:46:30,1289627,,,,,,,,,,,,,,,,,,,,,,,,,,,,,,,,,,,,,,,,,,,,,,,,,TN
620,9814020284505cbc4a6075b3b7aba216be0632f8,0.20108450067781303,autoland,3779647,13,a34e21034f2e3c317ebb3d485012938d48ad04ac,macosx1015-64-shippable-qr,True,False,,|f|i|s|s|i|o|n| |w|a|r|m| |w|e|b|r|e|n|d|e|r|,102210fe594ee9b33d82058545b1ed14f4c8206e,PerceptualSpeedIndex,google-docs,True,google-docs PerceptualSpeedIndex opt fission warm webrender,,77,ms,firefox,,1743068572,2023-08-19 05:41:08,1289731,,,,,,,,,,,,,,,,,,,,,,,,,,,,,,,,,,,,,,,,,,,,,,,,,TN
621,8fefefd6da577f8b3d842ea07120af9e964c09b5,0.20131043831902384,autoland,3779647,13,a34e21034f2e3c317ebb3d485012938d48ad04ac,macosx1015-64-shippable-qr,True,False,,|f|i|s|s|i|o|n| |w|a|r|m| |w|e|b|r|e|n|d|e|r|,102210fe594ee9b33d82058545b1ed14f4c8206e,PerceptualSpeedIndex,google-docs,True,google-docs PerceptualSpeedIndex opt fission warm webrender,,77,ms,firefox,,1743120141,2023-08-19 11:55:58,1289750,,,,,,,,,,,,,,,,,,,,,,,,,,,,,,,,,,,,,,,,,,,,,,,,,TN
622,00ae001484c9ff1069878dc66b64e3cd07b706f4,0.2046995029371892,autoland,3779647,13,a34e21034f2e3c317ebb3d485012938d48ad04ac,macosx1015-64-shippable-qr,True,False,,|f|i|s|s|i|o|n| |w|a|r|m| |w|e|b|r|e|n|d|e|r|,102210fe594ee9b33d82058545b1ed14f4c8206e,PerceptualSpeedIndex,google-docs,True,google-docs PerceptualSpeedIndex opt fission warm webrender,,77,ms,firefox,,1743146327,2023-08-19 16:49:23,1289762,,,,,,,,,,,,,,,,,,,,,,,,,,,,,,,,,,,,,,,,,,,,,,,,,TN
623,80d255ac1919800d21a7e2a610fbcd6fda43ed99,0.23633077270673275,autoland,3779647,13,a34e21034f2e3c317ebb3d485012938d48ad04ac,macosx1015-64-shippable-qr,True,False,,|f|i|s|s|i|o|n| |w|a|r|m| |w|e|b|r|e|n|d|e|r|,102210fe594ee9b33d82058545b1ed14f4c8206e,PerceptualSpeedIndex,google-docs,True,google-docs PerceptualSpeedIndex opt fission warm webrender,,77,ms,firefox,,1743435267,2023-08-21 01:56:25,1289869,,,,,,,,,,,,,,,,,,,,,,,,,,,,,,,,,,,,,,,,,,,,,,,,,TN
624,a4b3b09ad08da2e5b588b641b24f767ff91e5912,0.20944419340262077,autoland,3779647,13,a34e21034f2e3c317ebb3d485012938d48ad04ac,macosx1015-64-shippable-qr,True,False,,|f|i|s|s|i|o|n| |w|a|r|m| |w|e|b|r|e|n|d|e|r|,102210fe594ee9b33d82058545b1ed14f4c8206e,PerceptualSpeedIndex,google-docs,True,google-docs PerceptualSpeedIndex opt fission warm webrender,,77,ms,firefox,,1743499594,2023-08-21 07:01:47,1289886,,,,,,,,,,,,,,,,,,,,,,,,,,,,,,,,,,,,,,,,,,,,,,,,,TN
625,6c526147a8f6f14623f079b95e0ca9104043b0f5,0.2887483054676909,autoland,3779647,13,a34e21034f2e3c317ebb3d485012938d48ad04ac,macosx1015-64-shippable-qr,True,False,,|f|i|s|s|i|o|n| |w|a|r|m| |w|e|b|r|e|n|d|e|r|,102210fe594ee9b33d82058545b1ed14f4c8206e,PerceptualSpeedIndex,google-docs,True,google-docs PerceptualSpeedIndex opt fission warm webrender,,77,ms,firefox,,1743909301,2023-08-21 07:09:12,1289888,,,,,,,,,,,,,,,,,,,,,,,,,,,,,,,,,,,,,,,,,,,,,,,,,TN
626,d7221a353257ebd1c2305ece38857e1850ef2fbf,0.21034794396746492,autoland,3779647,13,a34e21034f2e3c317ebb3d485012938d48ad04ac,macosx1015-64-shippable-qr,True,False,,|f|i|s|s|i|o|n| |w|a|r|m| |w|e|b|r|e|n|d|e|r|,102210fe594ee9b33d82058545b1ed14f4c8206e,PerceptualSpeedIndex,google-docs,True,google-docs PerceptualSpeedIndex opt fission warm webrender,,77,ms,firefox,,1743909834,2023-08-21 08:09:02,1289906,,,,,,,,,,,,,,,,,,,,,,,,,,,,,,,,,,,,,,,,,,,,,,,,,TN
627,bc597f54f9cf91b3284e6f593c33ca79ec723077,0.22525982828739255,autoland,3779647,13,a34e21034f2e3c317ebb3d485012938d48ad04ac,macosx1015-64-shippable-qr,True,False,,|f|i|s|s|i|o|n| |w|a|r|m| |w|e|b|r|e|n|d|e|r|,102210fe594ee9b33d82058545b1ed14f4c8206e,PerceptualSpeedIndex,google-docs,True,google-docs PerceptualSpeedIndex opt fission warm webrender,,77,ms,firefox,,1743696054,2023-08-21 15:24:43,1290025,,,,,,,,,,,,,,,,,,,,,,,,,,,,,,,,,,,,,,,,,,,,,,,,,TN
628,82b916987920b0a9e2071c575073cbcff078021a,0.2004066877541797,autoland,3779647,13,a34e21034f2e3c317ebb3d485012938d48ad04ac,macosx1015-64-shippable-qr,True,False,,|f|i|s|s|i|o|n| |w|a|r|m| |w|e|b|r|e|n|d|e|r|,102210fe594ee9b33d82058545b1ed14f4c8206e,PerceptualSpeedIndex,google-docs,True,google-docs PerceptualSpeedIndex opt fission warm webrender,,77,ms,firefox,,1743751148,2023-08-21 19:46:12,1290082,,,,,,,,,,,,,,,,,,,,,,,,,,,,,,,,,,,,,,,,,,,,,,,,,TN
629,6db2de19f043d5839722ab0f3c6cd030a8cfec88,0.18052417532760967,autoland,3779647,13,a34e21034f2e3c317ebb3d485012938d48ad04ac,macosx1015-64-shippable-qr,True,False,,|f|i|s|s|i|o|n| |w|a|r|m| |w|e|b|r|e|n|d|e|r|,102210fe594ee9b33d82058545b1ed14f4c8206e,PerceptualSpeedIndex,google-docs,True,google-docs PerceptualSpeedIndex opt fission warm webrender,,77,ms,firefox,,1745492119,2023-08-21 21:58:02,1290106,,,,,,,,,,,,,,,,,,,,,,,,,,,,,,,,,,,,,,,,,,,,,,,,,TN
630,1bbf9fc4d2dc2a1ff3ccf67fb65cedc71fcc0291,0.20741075463172165,autoland,3779647,13,a34e21034f2e3c317ebb3d485012938d48ad04ac,macosx1015-64-shippable-qr,True,False,,|f|i|s|s|i|o|n| |w|a|r|m| |w|e|b|r|e|n|d|e|r|,102210fe594ee9b33d82058545b1ed14f4c8206e,PerceptualSpeedIndex,google-docs,True,google-docs PerceptualSpeedIndex opt fission warm webrender,,77,ms,firefox,,1743826724,2023-08-22 01:01:20,1290123,,,,,,,,,,,,,,,,,,,,,,,,,,,,,,,,,,,,,,,,,,,,,,,,,TN
631,58826b04f826554d81e88a2115ded444ef1cf5f4,0.1886579304112066,autoland,3779647,13,a34e21034f2e3c317ebb3d485012938d48ad04ac,macosx1015-64-shippable-qr,True,False,,|f|i|s|s|i|o|n| |w|a|r|m| |w|e|b|r|e|n|d|e|r|,102210fe594ee9b33d82058545b1ed14f4c8206e,PerceptualSpeedIndex,google-docs,True,google-docs PerceptualSpeedIndex opt fission warm webrender,,77,ms,firefox,,1745492249,2023-08-22 02:17:21,1290144,,,,,,,,,,,,,,,,,,,,,,,,,,,,,,,,,,,,,,,,,,,,,,,,,TN
632,dae9b74ddbfc51dc020fea6bb05e6b7316e28b88,0.18481699051061895,autoland,3779647,13,a34e21034f2e3c317ebb3d485012938d48ad04ac,macosx1015-64-shippable-qr,True,False,,|f|i|s|s|i|o|n| |w|a|r|m| |w|e|b|r|e|n|d|e|r|,102210fe594ee9b33d82058545b1ed14f4c8206e,PerceptualSpeedIndex,google-docs,True,google-docs PerceptualSpeedIndex opt fission warm webrender,,77,ms,firefox,,1745491037,2023-08-22 07:03:17,1290165,,,,,,,,,,,,,,,,,,,,,,,,,,,,,,,,,,,,,,,,,,,,,,,,,TN
633,7fac130e85bd394a3452b8cb154f40cb4fc60a6c,0.23497514685946697,autoland,3779647,13,a34e21034f2e3c317ebb3d485012938d48ad04ac,macosx1015-64-shippable-qr,True,False,,|f|i|s|s|i|o|n| |w|a|r|m| |w|e|b|r|e|n|d|e|r|,102210fe594ee9b33d82058545b1ed14f4c8206e,PerceptualSpeedIndex,google-docs,True,google-docs PerceptualSpeedIndex opt fission warm webrender,,77,ms,firefox,,1745491488,2023-08-22 07:53:19,1290168,,,,,,,,,,,,,,,,,,,,,,,,,,,,,,,,,,,,,,,,,,,,,,,,,TN
634,ccded805beae93d3b98543807638e626e7337acc,0.22413014008133758,autoland,3779647,13,a34e21034f2e3c317ebb3d485012938d48ad04ac,macosx1015-64-shippable-qr,True,False,,|f|i|s|s|i|o|n| |w|a|r|m| |w|e|b|r|e|n|d|e|r|,102210fe594ee9b33d82058545b1ed14f4c8206e,PerceptualSpeedIndex,google-docs,True,google-docs PerceptualSpeedIndex opt fission warm webrender,,77,ms,firefox,,1745491444,2023-08-22 09:29:27,1290185,,,,,,,,,,,,,,,,,,,,,,,,,,,,,,,,,,,,,,,,,,,,,,,,,TN
635,fb756de2f6aaa6888b947f58305c692cecb8b7d0,0.21780388612742896,autoland,3779647,13,a34e21034f2e3c317ebb3d485012938d48ad04ac,macosx1015-64-shippable-qr,True,False,,|f|i|s|s|i|o|n| |w|a|r|m| |w|e|b|r|e|n|d|e|r|,102210fe594ee9b33d82058545b1ed14f4c8206e,PerceptualSpeedIndex,google-docs,True,google-docs PerceptualSpeedIndex opt fission warm webrender,,77,ms,firefox,,1745491531,2023-08-22 10:01:35,1290189,,,,,,,,,,,,,,,,,,,,,,,,,,,,,,,,,,,,,,,,,,,,,,,,,TN
636,e4f39c21263f7325520d45120b6e2132e3c436f2,0.22955264347040205,autoland,3779647,13,a34e21034f2e3c317ebb3d485012938d48ad04ac,macosx1015-64-shippable-qr,True,False,,|f|i|s|s|i|o|n| |w|a|r|m| |w|e|b|r|e|n|d|e|r|,102210fe594ee9b33d82058545b1ed14f4c8206e,PerceptualSpeedIndex,google-docs,True,google-docs PerceptualSpeedIndex opt fission warm webrender,,77,ms,firefox,,1745490910,2023-08-22 10:22:47,1290191,,,,,,,,,,,,,,,,,,,,,,,,,,,,,,,,,,,,,,,,,,,,,,,,,TN
637,e5eaba75408ae99aad9253d54cd09efb8f5a50ec,0.18481699051061895,autoland,3779647,13,a34e21034f2e3c317ebb3d485012938d48ad04ac,macosx1015-64-shippable-qr,True,False,,|f|i|s|s|i|o|n| |w|a|r|m| |w|e|b|r|e|n|d|e|r|,102210fe594ee9b33d82058545b1ed14f4c8206e,PerceptualSpeedIndex,google-docs,True,google-docs PerceptualSpeedIndex opt fission warm webrender,,77,ms,firefox,,1744467297,2023-08-22 11:00:38,1290200,,,,,,,,,,,,,,,,,,,,,,,,,,,,,,,,,,,,,,,,,,,,,,,,,TN
638,81c3a95411ab3d706659872a9aedef21494cac9c,0.18662449164030703,autoland,3779647,13,a34e21034f2e3c317ebb3d485012938d48ad04ac,macosx1015-64-shippable-qr,True,False,,|f|i|s|s|i|o|n| |w|a|r|m| |w|e|b|r|e|n|d|e|r|,102210fe594ee9b33d82058545b1ed14f4c8206e,PerceptualSpeedIndex,google-docs,True,google-docs PerceptualSpeedIndex opt fission warm webrender,,77,ms,firefox,,1744033065,2023-08-22 11:50:17,1290203,,,,,,,,,,,,,,,,,,,,,,,,,,,,,,,,,,,,,,,,,,,,,,,,,TN
639,26e28b8edd2b29cf3ad703c39f70789335541470,0.2004066877541797,autoland,3779647,13,a34e21034f2e3c317ebb3d485012938d48ad04ac,macosx1015-64-shippable-qr,True,False,,|f|i|s|s|i|o|n| |w|a|r|m| |w|e|b|r|e|n|d|e|r|,102210fe594ee9b33d82058545b1ed14f4c8206e,PerceptualSpeedIndex,google-docs,True,google-docs PerceptualSpeedIndex opt fission warm webrender,,77,ms,firefox,,1745443025,2023-08-22 12:40:15,1290207,,,,,,,,,,,,,,,,,,,,,,,,,,,,,,,,,,,,,,,,,,,,,,,,,TN
640,c850305f1ad84d8d25568eb624bf06fb4b2bad56,0.2155896972435607,autoland,3779647,13,a34e21034f2e3c317ebb3d485012938d48ad04ac,macosx1015-64-shippable-qr,True,False,,|f|i|s|s|i|o|n| |w|a|r|m| |w|e|b|r|e|n|d|e|r|,102210fe594ee9b33d82058545b1ed14f4c8206e,PerceptualSpeedIndex,google-docs,True,google-docs PerceptualSpeedIndex opt fission warm webrender,,77,ms,firefox,,1745442157,2023-08-22 12:41:21,1290208,,,,,,,,,,,,,,,,,,,,,,,,,,,,,,,,,,,,,,,,,,,,,,,,,TN
641,bc91ede31572bbd7ef1382b7d9bd3beaac11dc56,0.2058969724356079,autoland,3779647,13,a34e21034f2e3c317ebb3d485012938d48ad04ac,macosx1015-64-shippable-qr,True,False,,|f|i|s|s|i|o|n| |w|a|r|m| |w|e|b|r|e|n|d|e|r|,102210fe594ee9b33d82058545b1ed14f4c8206e,PerceptualSpeedIndex,google-docs,True,google-docs PerceptualSpeedIndex opt fission warm webrender,,77,ms,firefox,,1745442858,2023-08-22 14:06:43,1290237,,,,,,,,,,,,,,,,,,,,,,,,,,,,,,,,,,,,,,,,,,,,,,,,,TN
642,ca737b661c6eeaecfebf6f2bd27aca46ef656ae4,0.20108450067781303,autoland,3779647,13,a34e21034f2e3c317ebb3d485012938d48ad04ac,macosx1015-64-shippable-qr,True,False,,|f|i|s|s|i|o|n| |w|a|r|m| |w|e|b|r|e|n|d|e|r|,102210fe594ee9b33d82058545b1ed14f4c8206e,PerceptualSpeedIndex,google-docs,True,google-docs PerceptualSpeedIndex opt fission warm webrender,,77,ms,firefox,,1745443139,2023-08-22 14:36:12,1290249,,,,,,,,,,,,,,,,,,,,,,,,,,,,,,,,,,,,,,,,,,,,,,,,,TN
643,939dacb7eea3d926e3cf425c8c3d03abb8a03782,0.20153637596023488,autoland,3779647,13,a34e21034f2e3c317ebb3d485012938d48ad04ac,macosx1015-64-shippable-qr,True,False,,|f|i|s|s|i|o|n| |w|a|r|m| |w|e|b|r|e|n|d|e|r|,102210fe594ee9b33d82058545b1ed14f4c8206e,PerceptualSpeedIndex,google-docs,True,google-docs PerceptualSpeedIndex opt fission warm webrender,,77,ms,firefox,,1745443057,2023-08-22 14:50:03,1290254,,,,,,,,,,,,,,,,,,,,,,,,,,,,,,,,,,,,,,,,,,,,,,,,,TN
644,27e7593f8ea662e89807d5d7dc324c488a9766ac,0.22525982828739255,autoland,3779647,13,a34e21034f2e3c317ebb3d485012938d48ad04ac,macosx1015-64-shippable-qr,True,False,,|f|i|s|s|i|o|n| |w|a|r|m| |w|e|b|r|e|n|d|e|r|,102210fe594ee9b33d82058545b1ed14f4c8206e,PerceptualSpeedIndex,google-docs,True,google-docs PerceptualSpeedIndex opt fission warm webrender,,77,ms,firefox,,1745443273,2023-08-22 15:25:25,1290268,,,,,,,,,,,,,,,,,,,,,,,,,,,,,,,,,,,,,,,,,,,,,,,,,TN
645,8374f96199da95257aa7fb4eeb57a37800c2b59b,0.20300497062810652,autoland,3779647,13,a34e21034f2e3c317ebb3d485012938d48ad04ac,macosx1015-64-shippable-qr,True,False,,|f|i|s|s|i|o|n| |w|a|r|m| |w|e|b|r|e|n|d|e|r|,102210fe594ee9b33d82058545b1ed14f4c8206e,PerceptualSpeedIndex,google-docs,True,google-docs PerceptualSpeedIndex opt fission warm webrender,,77,ms,firefox,,1745264384,2023-08-22 15:47:55,1290275,,,,,,,,,,,,,,,,,,,,,,,,,,,,,,,,,,,,,,,,,,,,,,,,,TN
646,eccdb961d59ca1e4315f6b2d255d638be86d8f63,0.21188431992770007,autoland,3779647,13,a34e21034f2e3c317ebb3d485012938d48ad04ac,macosx1015-64-shippable-qr,True,False,,|f|i|s|s|i|o|n| |w|a|r|m| |w|e|b|r|e|n|d|e|r|,102210fe594ee9b33d82058545b1ed14f4c8206e,PerceptualSpeedIndex,google-docs,True,google-docs PerceptualSpeedIndex opt fission warm webrender,,77,ms,firefox,,1744259534,2023-08-22 15:58:55,1290279,,,,,,,,,,,,,,,,,,,,,,,,,,,,,,,,,,,,,,,,,,,,,,,,,TN
647,ece9fb8fbedfa6acc08840151034f2468832c851,0.19765024853140556,autoland,3779647,13,a34e21034f2e3c317ebb3d485012938d48ad04ac,macosx1015-64-shippable-qr,True,False,,|f|i|s|s|i|o|n| |w|a|r|m| |w|e|b|r|e|n|d|e|r|,102210fe594ee9b33d82058545b1ed14f4c8206e,PerceptualSpeedIndex,google-docs,True,google-docs PerceptualSpeedIndex opt fission warm webrender,,77,ms,firefox,,1744263638,2023-08-22 16:02:39,1290281,,,,,,,,,,,,,,,,,,,,,,,,,,,,,,,,,,,,,,,,,,,,,,,,,TN
648,49ee3b9239da207904dfb2806cb48e35ae63b3bc,0.21699051061906904,autoland,3779647,13,a34e21034f2e3c317ebb3d485012938d48ad04ac,macosx1015-64-shippable-qr,True,False,,|f|i|s|s|i|o|n| |w|a|r|m| |w|e|b|r|e|n|d|e|r|,102210fe594ee9b33d82058545b1ed14f4c8206e,PerceptualSpeedIndex,google-docs,True,google-docs PerceptualSpeedIndex opt fission warm webrender,,77,ms,firefox,,1745343866,2023-08-22 16:46:35,1290295,,,,,,,,,,,,,,,,,,,,,,,,,,,,,,,,,,,,,,,,,,,,,,,,,TN
649,073558df71579d3e07dd23debf19e2ba12652e48,0.18563036601897887,autoland,3779647,13,a34e21034f2e3c317ebb3d485012938d48ad04ac,macosx1015-64-shippable-qr,True,False,,|f|i|s|s|i|o|n| |w|a|r|m| |w|e|b|r|e|n|d|e|r|,102210fe594ee9b33d82058545b1ed14f4c8206e,PerceptualSpeedIndex,google-docs,True,google-docs PerceptualSpeedIndex opt fission warm webrender,,77,ms,firefox,,1745387535,2023-08-22 17:31:21,1290308,,,,,,,,,,,,,,,,,,,,,,,,,,,,,,,,,,,,,,,,,,,,,,,,,TN
650,c223e100b2dc7bbda40061cbe5397c9a75ec6732,0.1948034342521463,autoland,3779647,13,a34e21034f2e3c317ebb3d485012938d48ad04ac,macosx1015-64-shippable-qr,True,False,,|f|i|s|s|i|o|n| |w|a|r|m| |w|e|b|r|e|n|d|e|r|,102210fe594ee9b33d82058545b1ed14f4c8206e,PerceptualSpeedIndex,google-docs,True,google-docs PerceptualSpeedIndex opt fission warm webrender,,77,ms,firefox,,1745334306,2023-08-22 17:35:30,1290310,,,,,,,,,,,,,,,,,,,,,,,,,,,,,,,,,,,,,,,,,,,,,,,,,TN
651,ee7136f40fd9c91f311f976371ff370fa775a23a,0.2073203795752372,autoland,3779647,13,a34e21034f2e3c317ebb3d485012938d48ad04ac,macosx1015-64-shippable-qr,True,False,,|f|i|s|s|i|o|n| |w|a|r|m| |w|e|b|r|e|n|d|e|r|,102210fe594ee9b33d82058545b1ed14f4c8206e,PerceptualSpeedIndex,google-docs,True,google-docs PerceptualSpeedIndex opt fission warm webrender,,77,ms,firefox,,1745401197,2023-08-22 18:35:44,1290336,,,,,,,,,,,,,,,,,,,,,,,,,,,,,,,,,,,,,,,,,,,,,,,,,TN
652,f225122ec09a472a76d5c6cc0ed14ed3de4e58bc,0.19588793492995915,autoland,3779647,13,a34e21034f2e3c317ebb3d485012938d48ad04ac,macosx1015-64-shippable-qr,True,False,,|f|i|s|s|i|o|n| |w|a|r|m| |w|e|b|r|e|n|d|e|r|,102210fe594ee9b33d82058545b1ed14f4c8206e,PerceptualSpeedIndex,google-docs,True,google-docs PerceptualSpeedIndex opt fission warm webrender,,77,ms,firefox,,1745380941,2023-08-22 18:37:30,1290337,,,,,,,,,,,,,,,,,,,,,,,,,,,,,,,,,,,,,,,,,,,,,,,,,TN
653,a2309627a5e18d34c6e485260fbfbc0ff54b067f,0.22028920018075016,autoland,3779647,13,a34e21034f2e3c317ebb3d485012938d48ad04ac,macosx1015-64-shippable-qr,True,False,,|f|i|s|s|i|o|n| |w|a|r|m| |w|e|b|r|e|n|d|e|r|,102210fe594ee9b33d82058545b1ed14f4c8206e,PerceptualSpeedIndex,google-docs,True,google-docs PerceptualSpeedIndex opt fission warm webrender,,77,ms,firefox,,1745395531,2023-08-22 18:59:40,1290349,,,,,,,,,,,,,,,,,,,,,,,,,,,,,,,,,,,,,,,,,,,,,,,,,TN
654,b09cf87924817558dcf4fe7f8b5e595133921f9f,0.22489832806145493,autoland,3779647,13,a34e21034f2e3c317ebb3d485012938d48ad04ac,macosx1015-64-shippable-qr,True,False,,|f|i|s|s|i|o|n| |w|a|r|m| |w|e|b|r|e|n|d|e|r|,102210fe594ee9b33d82058545b1ed14f4c8206e,PerceptualSpeedIndex,google-docs,True,google-docs PerceptualSpeedIndex opt fission warm webrender,,77,ms,firefox,,1745345740,2023-08-22 19:14:27,1290357,,,,,,,,,,,,,,,,,,,,,,,,,,,,,,,,,,,,,,,,,,,,,,,,,TN
655,c2c6ea88c6b37985c754a4f659439637361e8925,0.19308630817894246,autoland,3779647,13,a34e21034f2e3c317ebb3d485012938d48ad04ac,macosx1015-64-shippable-qr,True,False,,|f|i|s|s|i|o|n| |w|a|r|m| |w|e|b|r|e|n|d|e|r|,102210fe594ee9b33d82058545b1ed14f4c8206e,PerceptualSpeedIndex,google-docs,True,google-docs PerceptualSpeedIndex opt fission warm webrender,,77,ms,firefox,,1745378434,2023-08-22 19:28:03,1290362,,,,,,,,,,,,,,,,,,,,,,,,,,,,,,,,,,,,,,,,,,,,,,,,,TN
656,00d5057fac0409e472857787c1bd6ad7e3653dfa,0.2009037505648441,autoland,3779647,13,a34e21034f2e3c317ebb3d485012938d48ad04ac,macosx1015-64-shippable-qr,True,False,,|f|i|s|s|i|o|n| |w|a|r|m| |w|e|b|r|e|n|d|e|r|,102210fe594ee9b33d82058545b1ed14f4c8206e,PerceptualSpeedIndex,google-docs,True,google-docs PerceptualSpeedIndex opt fission warm webrender,,77,ms,firefox,,1745406366,2023-08-22 19:30:02,1290364,,,,,,,,,,,,,,,,,,,,,,,,,,,,,,,,,,,,,,,,,,,,,,,,,TN
657,e215151d2549581c23a1d3c8b53d8899f9776114,0.21723904202440125,autoland,3779647,13,a34e21034f2e3c317ebb3d485012938d48ad04ac,macosx1015-64-shippable-qr,True,False,,|f|i|s|s|i|o|n| |w|a|r|m| |w|e|b|r|e|n|d|e|r|,102210fe594ee9b33d82058545b1ed14f4c8206e,PerceptualSpeedIndex,google-docs,True,google-docs PerceptualSpeedIndex opt fission warm webrender,,77,ms,firefox,,1745314335,2023-08-22 19:52:39,1290376,,,,,,,,,,,,,,,,,,,,,,,,,,,,,,,,,,,,,,,,,,,,,,,,,TN
658,a1487474ef2708086b96f2b3625f244382eb9f4a,0.21113872571170345,autoland,3779647,13,a34e21034f2e3c317ebb3d485012938d48ad04ac,macosx1015-64-shippable-qr,True,False,,|f|i|s|s|i|o|n| |w|a|r|m| |w|e|b|r|e|n|d|e|r|,102210fe594ee9b33d82058545b1ed14f4c8206e,PerceptualSpeedIndex,google-docs,True,google-docs PerceptualSpeedIndex opt fission warm webrender,,77,ms,firefox,,1744326588,2023-08-22 20:17:58,1290386,,,,,,,,,,,,,,,,,,,,,,,,,,,,,,,,,,,,,,,,,,,,,,,,,TN
659,19bc05bee1ce0b2bd23b6d434193d1077f4fde57,0.2101220063262541,autoland,3779647,13,a34e21034f2e3c317ebb3d485012938d48ad04ac,macosx1015-64-shippable-qr,True,False,,|f|i|s|s|i|o|n| |w|a|r|m| |w|e|b|r|e|n|d|e|r|,102210fe594ee9b33d82058545b1ed14f4c8206e,PerceptualSpeedIndex,google-docs,True,google-docs PerceptualSpeedIndex opt fission warm webrender,,77,ms,firefox,,1745423378,2023-08-22 20:23:28,1290391,,,,,,,,,,,,,,,,,,,,,,,,,,,,,,,,,,,,,,,,,,,,,,,,,TN
660,faca0b32a21483f72d985fc2a7963e0178f3bbfd,0.19159511974694987,autoland,3779647,13,a34e21034f2e3c317ebb3d485012938d48ad04ac,macosx1015-64-shippable-qr,True,False,,|f|i|s|s|i|o|n| |w|a|r|m| |w|e|b|r|e|n|d|e|r|,102210fe594ee9b33d82058545b1ed14f4c8206e,PerceptualSpeedIndex,google-docs,True,google-docs PerceptualSpeedIndex opt fission warm webrender,,77,ms,firefox,,1745381596,2023-08-22 20:45:52,1290408,,,,,,,,,,,,,,,,,,,,,,,,,,,,,,,,,,,,,,,,,,,,,,,,,TN
661,45044573c4398ac2a2a3a8b798a5ce413342b0aa,0.19222774514234064,autoland,3779647,13,a34e21034f2e3c317ebb3d485012938d48ad04ac,macosx1015-64-shippable-qr,True,False,,|f|i|s|s|i|o|n| |w|a|r|m| |w|e|b|r|e|n|d|e|r|,102210fe594ee9b33d82058545b1ed14f4c8206e,PerceptualSpeedIndex,google-docs,True,google-docs PerceptualSpeedIndex opt fission warm webrender,,77,ms,firefox,,1745418794,2023-08-22 20:46:53,1290409,,,,,,,,,,,,,,,,,,,,,,,,,,,,,,,,,,,,,,,,,,,,,,,,,TN
662,2046d7068c989b05328a2d96df0fac1f7ffaff05,0.20637144148215092,autoland,3779647,13,a34e21034f2e3c317ebb3d485012938d48ad04ac,macosx1015-64-shippable-qr,True,False,,|f|i|s|s|i|o|n| |w|a|r|m| |w|e|b|r|e|n|d|e|r|,102210fe594ee9b33d82058545b1ed14f4c8206e,PerceptualSpeedIndex,google-docs,True,google-docs PerceptualSpeedIndex opt fission warm webrender,,77,ms,firefox,,1745402106,2023-08-22 21:04:05,1290413,,,,,,,,,,,,,,,,,,,,,,,,,,,,,,,,,,,,,,,,,,,,,,,,,TN
663,9cad08b3f358863e5413371c6eeebe7f21319f40,0.222729326705829,autoland,3779647,13,a34e21034f2e3c317ebb3d485012938d48ad04ac,macosx1015-64-shippable-qr,True,False,,|f|i|s|s|i|o|n| |w|a|r|m| |w|e|b|r|e|n|d|e|r|,102210fe594ee9b33d82058545b1ed14f4c8206e,PerceptualSpeedIndex,google-docs,True,google-docs PerceptualSpeedIndex opt fission warm webrender,,77,ms,firefox,,1745446520,2023-08-22 21:14:41,1290415,,,,,,,,,,,,,,,,,,,,,,,,,,,,,,,,,,,,,,,,,,,,,,,,,TN
664,27796b7b16927d348a01fbf7e7396be127c476f5,0.2046995029371892,autoland,3779647,13,a34e21034f2e3c317ebb3d485012938d48ad04ac,macosx1015-64-shippable-qr,True,False,,|f|i|s|s|i|o|n| |w|a|r|m| |w|e|b|r|e|n|d|e|r|,102210fe594ee9b33d82058545b1ed14f4c8206e,PerceptualSpeedIndex,google-docs,True,google-docs PerceptualSpeedIndex opt fission warm webrender,,77,ms,firefox,,1745417639,2023-08-22 21:31:32,1290425,,,,,,,,,,,,,,,,,,,,,,,,,,,,,,,,,,,,,,,,,,,,,,,,,TN
665,c63684e7946262a26b799403dc674098b2a4a33a,0.20768187980117503,autoland,3779647,13,a34e21034f2e3c317ebb3d485012938d48ad04ac,macosx1015-64-shippable-qr,True,False,,|f|i|s|s|i|o|n| |w|a|r|m| |w|e|b|r|e|n|d|e|r|,102210fe594ee9b33d82058545b1ed14f4c8206e,PerceptualSpeedIndex,google-docs,True,google-docs PerceptualSpeedIndex opt fission warm webrender,,77,ms,firefox,,1745401520,2023-08-22 21:32:24,1290426,,,,,,,,,,,,,,,,,,,,,,,,,,,,,,,,,,,,,,,,,,,,,,,,,TN
666,53719e3d438022736d5057169f8a62a36a67566d,0.22327157704473555,autoland,3779647,13,a34e21034f2e3c317ebb3d485012938d48ad04ac,macosx1015-64-shippable-qr,True,False,,|f|i|s|s|i|o|n| |w|a|r|m| |w|e|b|r|e|n|d|e|r|,102210fe594ee9b33d82058545b1ed14f4c8206e,PerceptualSpeedIndex,google-docs,True,google-docs PerceptualSpeedIndex opt fission warm webrender,,77,ms,firefox,,1745400871,2023-08-22 22:04:20,1290433,,,,,,,,,,,,,,,,,,,,,,,,,,,,,,,,,,,,,,,,,,,,,,,,,TN
667,959c2f0abc19c494aba15ae7513fff9f59631cc1,0.21722877213161906,autoland,3779647,13,a34e21034f2e3c317ebb3d485012938d48ad04ac,macosx1015-64-shippable-qr,True,False,,|f|i|s|s|i|o|n| |w|a|r|m| |w|e|b|r|e|n|d|e|r|,102210fe594ee9b33d82058545b1ed14f4c8206e,PerceptualSpeedIndex,google-docs,True,google-docs PerceptualSpeedIndex opt fission warm webrender,,77,ms,firefox,,1744358280,2023-08-22 22:10:32,1290435,,,,,,,,,,,,,,,,,,,,,,,,,,,,,,,,,,,,,,,,,,,,,,,,,TN
668,9e1b6fe9cc0d27d014cc4c22834a14cd8c012f75,0.19780840488025309,autoland,3779647,13,a34e21034f2e3c317ebb3d485012938d48ad04ac,macosx1015-64-shippable-qr,True,False,,|f|i|s|s|i|o|n| |w|a|r|m| |w|e|b|r|e|n|d|e|r|,102210fe594ee9b33d82058545b1ed14f4c8206e,PerceptualSpeedIndex,google-docs,True,google-docs PerceptualSpeedIndex opt fission warm webrender,,77,ms,firefox,,1745490303,2023-08-23 00:19:14,1290460,,,,,,,,,,,,,,,,,,,,,,,,,,,,,,,,,,,,,,,,,,,,,,,,,TN
669,8f1de042f9d0578dfedc008a944b8fc2652db651,0.20266606416629007,autoland,3779647,13,a34e21034f2e3c317ebb3d485012938d48ad04ac,macosx1015-64-shippable-qr,True,False,,|f|i|s|s|i|o|n| |w|a|r|m| |w|e|b|r|e|n|d|e|r|,102210fe594ee9b33d82058545b1ed14f4c8206e,PerceptualSpeedIndex,google-docs,True,google-docs PerceptualSpeedIndex opt fission warm webrender,,77,ms,firefox,,1745490863,2023-08-23 00:54:09,1290464,,,,,,,,,,,,,,,,,,,,,,,,,,,,,,,,,,,,,,,,,,,,,,,,,TN
670,337531b046035bac9a03e6818ef9be3c8acbd558,0.20018075011296865,autoland,3779647,13,a34e21034f2e3c317ebb3d485012938d48ad04ac,macosx1015-64-shippable-qr,True,False,,|f|i|s|s|i|o|n| |w|a|r|m| |w|e|b|r|e|n|d|e|r|,102210fe594ee9b33d82058545b1ed14f4c8206e,PerceptualSpeedIndex,google-docs,True,google-docs PerceptualSpeedIndex opt fission warm webrender,,77,ms,firefox,,1745495559,2023-08-23 01:02:33,1290465,,,,,,,,,,,,,,,,,,,,,,,,,,,,,,,,,,,,,,,,,,,,,,,,,TN
671,1e0ec5506207770d50fe44430c2dca4d752bd722,0.19453230908269314,autoland,3779647,13,a34e21034f2e3c317ebb3d485012938d48ad04ac,macosx1015-64-shippable-qr,True,False,,|f|i|s|s|i|o|n| |w|a|r|m| |w|e|b|r|e|n|d|e|r|,102210fe594ee9b33d82058545b1ed14f4c8206e,PerceptualSpeedIndex,google-docs,True,google-docs PerceptualSpeedIndex opt fission warm webrender,,77,ms,firefox,,1745484480,2023-08-23 01:19:52,1290468,,,,,,,,,,,,,,,,,,,,,,,,,,,,,,,,,,,,,,,,,,,,,,,,,TN
672,a9ecfff5e2200dcaa98e0a3a2a7616ca76d90f4b,0.21915951197469496,autoland,3779647,13,a34e21034f2e3c317ebb3d485012938d48ad04ac,macosx1015-64-shippable-qr,True,False,,|f|i|s|s|i|o|n| |w|a|r|m| |w|e|b|r|e|n|d|e|r|,102210fe594ee9b33d82058545b1ed14f4c8206e,PerceptualSpeedIndex,google-docs,True,google-docs PerceptualSpeedIndex opt fission warm webrender,,77,ms,firefox,,1745479329,2023-08-23 01:21:08,1290469,,,,,,,,,,,,,,,,,,,,,,,,,,,,,,,,,,,,,,,,,,,,,,,,,TN
673,9eefb932b282f2a422b2fe6c98052514ba514c5b,0.20379575237234526,autoland,3779647,13,a34e21034f2e3c317ebb3d485012938d48ad04ac,macosx1015-64-shippable-qr,True,False,,|f|i|s|s|i|o|n| |w|a|r|m| |w|e|b|r|e|n|d|e|r|,102210fe594ee9b33d82058545b1ed14f4c8206e,PerceptualSpeedIndex,google-docs,True,google-docs PerceptualSpeedIndex opt fission warm webrender,,77,ms,firefox,,1745480843,2023-08-23 01:24:06,1290470,,,,,,,,,,,,,,,,,,,,,,,,,,,,,,,,,,,,,,,,,,,,,,,,,TN
674,1d577cca3e4b8a3a4c4c2e735480df4b929d94be,0.2169001355625848,autoland,3779647,13,a34e21034f2e3c317ebb3d485012938d48ad04ac,macosx1015-64-shippable-qr,True,False,,|f|i|s|s|i|o|n| |w|a|r|m| |w|e|b|r|e|n|d|e|r|,102210fe594ee9b33d82058545b1ed14f4c8206e,PerceptualSpeedIndex,google-docs,True,google-docs PerceptualSpeedIndex opt fission warm webrender,,77,ms,firefox,,1745498962,2023-08-23 01:24:56,1290471,,,,,,,,,,,,,,,,,,,,,,,,,,,,,,,,,,,,,,,,,,,,,,,,,TN
675,dbee56e351426819f2e733230f043163c78485b3,0.20131043831902384,autoland,3779647,13,a34e21034f2e3c317ebb3d485012938d48ad04ac,macosx1015-64-shippable-qr,True,False,,|f|i|s|s|i|o|n| |w|a|r|m| |w|e|b|r|e|n|d|e|r|,102210fe594ee9b33d82058545b1ed14f4c8206e,PerceptualSpeedIndex,google-docs,True,google-docs PerceptualSpeedIndex opt fission warm webrender,,77,ms,firefox,,1745490007,2023-08-23 01:47:12,1290475,,,,,,,,,,,,,,,,,,,,,,,,,,,,,,,,,,,,,,,,,,,,,,,,,TN
676,8c77943ef9dd7363e800c8bae780d2501e640bac,0.18820605512878452,autoland,3779647,13,a34e21034f2e3c317ebb3d485012938d48ad04ac,macosx1015-64-shippable-qr,True,False,,|f|i|s|s|i|o|n| |w|a|r|m| |w|e|b|r|e|n|d|e|r|,102210fe594ee9b33d82058545b1ed14f4c8206e,PerceptualSpeedIndex,google-docs,True,google-docs PerceptualSpeedIndex opt fission warm webrender,,77,ms,firefox,,1745496474,2023-08-23 02:03:04,1290478,,,,,,,,,,,,,,,,,,,,,,,,,,,,,,,,,,,,,,,,,,,,,,,,,TN
677,df1f27dc099011a97267a844e60b1350575fc73c,0.21034794396746492,autoland,3779647,13,a34e21034f2e3c317ebb3d485012938d48ad04ac,macosx1015-64-shippable-qr,True,False,,|f|i|s|s|i|o|n| |w|a|r|m| |w|e|b|r|e|n|d|e|r|,102210fe594ee9b33d82058545b1ed14f4c8206e,PerceptualSpeedIndex,google-docs,True,google-docs PerceptualSpeedIndex opt fission warm webrender,,77,ms,firefox,,1744434676,2023-08-23 02:11:44,1290482,,,,,,,,,,,,,,,,,,,,,,,,,,,,,,,,,,,,,,,,,,,,,,,,,TN
678,4bc38d4265c6a238b9b03760025e14f04dd4b13f,0.19701762313601434,autoland,3779647,13,a34e21034f2e3c317ebb3d485012938d48ad04ac,macosx1015-64-shippable-qr,True,False,,|f|i|s|s|i|o|n| |w|a|r|m| |w|e|b|r|e|n|d|e|r|,102210fe594ee9b33d82058545b1ed14f4c8206e,PerceptualSpeedIndex,google-docs,True,google-docs PerceptualSpeedIndex opt fission warm webrender,,77,ms,firefox,,1745591449,2023-08-23 02:14:54,1290483,,,,,,,,,,,,,,,,,,,,,,,,,,,,,,,,,,,,,,,,,,,,,,,,,TN
679,2b144d9317851d31c498c8e0f07a3fadbd1ac7a4,0.20515137821961127,autoland,3779647,13,a34e21034f2e3c317ebb3d485012938d48ad04ac,macosx1015-64-shippable-qr,True,False,,|f|i|s|s|i|o|n| |w|a|r|m| |w|e|b|r|e|n|d|e|r|,102210fe594ee9b33d82058545b1ed14f4c8206e,PerceptualSpeedIndex,google-docs,True,google-docs PerceptualSpeedIndex opt fission warm webrender,,77,ms,firefox,,1745594780,2023-08-23 02:21:02,1290484,,,,,,,,,,,,,,,,,,,,,,,,,,,,,,,,,,,,,,,,,,,,,,,,,TN
680,759e83bd9bc4877a6a67f4dc37e5c48e6487e04f,0.2230004518752824,autoland,3779647,13,a34e21034f2e3c317ebb3d485012938d48ad04ac,macosx1015-64-shippable-qr,True,False,,|f|i|s|s|i|o|n| |w|a|r|m| |w|e|b|r|e|n|d|e|r|,102210fe594ee9b33d82058545b1ed14f4c8206e,PerceptualSpeedIndex,google-docs,True,google-docs PerceptualSpeedIndex opt fission warm webrender,,77,ms,firefox,,1745593814,2023-08-23 02:33:54,1290485,,,,,,,,,,,,,,,,,,,,,,,,,,,,,,,,,,,,,,,,,,,,,,,,,TN
681,b5f6b1bf6e0cdfb2d7d0b0281547b9608105356c,0.20244012652507903,autoland,3779647,13,a34e21034f2e3c317ebb3d485012938d48ad04ac,macosx1015-64-shippable-qr,True,False,,|f|i|s|s|i|o|n| |w|a|r|m| |w|e|b|r|e|n|d|e|r|,102210fe594ee9b33d82058545b1ed14f4c8206e,PerceptualSpeedIndex,google-docs,True,google-docs PerceptualSpeedIndex opt fission warm webrender,,77,ms,firefox,,1745593768,2023-08-23 03:25:08,1290501,,,,,,,,,,,,,,,,,,,,,,,,,,,,,,,,,,,,,,,,,,,,,,,,,TN
682,c2966db2f9a3e50cebd814671812b6f7881d9745,0.2119295074559422,autoland,3779647,13,a34e21034f2e3c317ebb3d485012938d48ad04ac,macosx1015-64-shippable-qr,True,False,,|f|i|s|s|i|o|n| |w|a|r|m| |w|e|b|r|e|n|d|e|r|,102210fe594ee9b33d82058545b1ed14f4c8206e,PerceptualSpeedIndex,google-docs,True,google-docs PerceptualSpeedIndex opt fission warm webrender,,77,ms,firefox,,1745595116,2023-08-23 03:59:02,1290503,,,,,,,,,,,,,,,,,,,,,,,,,,,,,,,,,,,,,,,,,,,,,,,,,TN
683,a412ac2bf120368e9592e2a44707fbe8a6683fc2,0.1961138725711704,autoland,3779647,13,a34e21034f2e3c317ebb3d485012938d48ad04ac,macosx1015-64-shippable-qr,True,False,,|f|i|s|s|i|o|n| |w|a|r|m| |w|e|b|r|e|n|d|e|r|,102210fe594ee9b33d82058545b1ed14f4c8206e,PerceptualSpeedIndex,google-docs,True,google-docs PerceptualSpeedIndex opt fission warm webrender,,77,ms,firefox,,1745596629,2023-08-23 05:47:00,1290530,,,,,,,,,,,,,,,,,,,,,,,,,,,,,,,,,,,,,,,,,,,,,,,,,TN
684,991ab6dbc55b4783dc5a6f561a9cc22cb4408e38,0.20605512878445542,autoland,3779647,13,a34e21034f2e3c317ebb3d485012938d48ad04ac,macosx1015-64-shippable-qr,True,False,,|f|i|s|s|i|o|n| |w|a|r|m| |w|e|b|r|e|n|d|e|r|,102210fe594ee9b33d82058545b1ed14f4c8206e,PerceptualSpeedIndex,google-docs,True,google-docs PerceptualSpeedIndex opt fission warm webrender,,77,ms,firefox,,1744529186,2023-08-23 06:45:25,1290546,,,,,,,,,,,,,,,,,,,,,,,,,,,,,,,,,,,,,,,,,,,,,,,,,TN
685,4a4d5e64aec5efa71e7c743f4c968544faee5332,0.19633981021238145,autoland,3779647,13,a34e21034f2e3c317ebb3d485012938d48ad04ac,macosx1015-64-shippable-qr,True,False,,|f|i|s|s|i|o|n| |w|a|r|m| |w|e|b|r|e|n|d|e|r|,102210fe594ee9b33d82058545b1ed14f4c8206e,PerceptualSpeedIndex,google-docs,True,google-docs PerceptualSpeedIndex opt fission warm webrender,,77,ms,firefox,,1744557183,2023-08-23 07:14:41,1290556,,,,,,,,,,,,,,,,,,,,,,,,,,,,,,,,,,,,,,,,,,,,,,,,,TN
686,3af3911e1648e90fd186da2433869d3985e492e8,0.23687302304563929,autoland,3779647,13,a34e21034f2e3c317ebb3d485012938d48ad04ac,macosx1015-64-shippable-qr,True,False,,|f|i|s|s|i|o|n| |w|a|r|m| |w|e|b|r|e|n|d|e|r|,102210fe594ee9b33d82058545b1ed14f4c8206e,PerceptualSpeedIndex,google-docs,True,google-docs PerceptualSpeedIndex opt fission warm webrender,,77,ms,firefox,,1746748109,2023-08-23 10:32:41,1290587,,,,,,,,,,,,,,,,,,,,,,,,,,,,,,,,,,,,,,,,,,,,,,,,,TN
687,c3bfc7b73e9fc06ec28663e6501728233eb0d574,0.2082391926494953,autoland,3779647,13,a34e21034f2e3c317ebb3d485012938d48ad04ac,macosx1015-64-shippable-qr,True,False,,|f|i|s|s|i|o|n| |w|a|r|m| |w|e|b|r|e|n|d|e|r|,102210fe594ee9b33d82058545b1ed14f4c8206e,PerceptualSpeedIndex,google-docs,True,google-docs PerceptualSpeedIndex opt fission warm webrender,,77,ms,firefox,,1744673010,2023-08-23 11:20:43,1290592,,,,,,,,,,,,,,,,,,,,,,,,,,,,,,,,,,,,,,,,,,,,,,,,,TN
688,a7db5ff392b1f3d18507813fbd65458438b3cbc4,0.19227293267058276,autoland,3779647,13,a34e21034f2e3c317ebb3d485012938d48ad04ac,macosx1015-64-shippable-qr,True,False,,|f|i|s|s|i|o|n| |w|a|r|m| |w|e|b|r|e|n|d|e|r|,102210fe594ee9b33d82058545b1ed14f4c8206e,PerceptualSpeedIndex,google-docs,True,google-docs PerceptualSpeedIndex opt fission warm webrender,,77,ms,firefox,,1744764265,2023-08-23 15:20:56,1290685,,,,,,,,,,,,,,,,,,,,,,,,,,,,,,,,,,,,,,,,,,,,,,,,,TN
689,40a8041d06707a315c5f6e4b541dbe805bf34ec7,0.20808856755535454,autoland,3779647,13,a34e21034f2e3c317ebb3d485012938d48ad04ac,macosx1015-64-shippable-qr,True,False,,|f|i|s|s|i|o|n| |w|a|r|m| |w|e|b|r|e|n|d|e|r|,102210fe594ee9b33d82058545b1ed14f4c8206e,PerceptualSpeedIndex,google-docs,True,google-docs PerceptualSpeedIndex opt fission warm webrender,,77,ms,firefox,,1744818373,2023-08-23 16:55:50,1290727,,,,,,,,,,,,,,,,,,,,,,,,,,,,,,,,,,,,,,,,,,,,,,,,,TN
690,b5371614cd5a3e19ca3e500a87546023aea8eb5d,0.2028920018075011,autoland,3779647,13,a34e21034f2e3c317ebb3d485012938d48ad04ac,macosx1015-64-shippable-qr,True,False,,|f|i|s|s|i|o|n| |w|a|r|m| |w|e|b|r|e|n|d|e|r|,102210fe594ee9b33d82058545b1ed14f4c8206e,PerceptualSpeedIndex,google-docs,True,google-docs PerceptualSpeedIndex opt fission warm webrender,,77,ms,firefox,,1744904065,2023-08-23 20:58:03,1290847,,,,,,,,,,,,,,,,,,,,,,,,,,,,,,,,,,,,,,,,,,,,,,,,,TN
691,25936c5809e05c5b5d28810efdfb0af9bb2f1792,0.22413014008133758,autoland,3779647,13,a34e21034f2e3c317ebb3d485012938d48ad04ac,macosx1015-64-shippable-qr,True,False,,|f|i|s|s|i|o|n| |w|a|r|m| |w|e|b|r|e|n|d|e|r|,102210fe594ee9b33d82058545b1ed14f4c8206e,PerceptualSpeedIndex,google-docs,True,google-docs PerceptualSpeedIndex opt fission warm webrender,,77,ms,firefox,,1744993392,2023-08-23 22:59:05,1290874,,,,,,,,,,,,,,,,,,,,,,,,,,,,,,,,,,,,,,,,,,,,,,,,,TN
692,9a1dfe1dd89aa00b21495d15856fce0da5c7f59a,0.21177888236180142,autoland,3779647,13,a34e21034f2e3c317ebb3d485012938d48ad04ac,macosx1015-64-shippable-qr,True,False,,|f|i|s|s|i|o|n| |w|a|r|m| |w|e|b|r|e|n|d|e|r|,102210fe594ee9b33d82058545b1ed14f4c8206e,PerceptualSpeedIndex,google-docs,True,google-docs PerceptualSpeedIndex opt fission warm webrender,,77,ms,firefox,,1745822948,2023-08-24 02:41:14,1290905,,,,,,,,,,,,,,,,,,,,,,,,,,,,,,,,,,,,,,,,,,,,,,,,,TN
693,332b088b314103bc02b008e08f1567f092cd6ca1,0.2077722548576595,autoland,3779647,13,a34e21034f2e3c317ebb3d485012938d48ad04ac,macosx1015-64-shippable-qr,True,False,,|f|i|s|s|i|o|n| |w|a|r|m| |w|e|b|r|e|n|d|e|r|,102210fe594ee9b33d82058545b1ed14f4c8206e,PerceptualSpeedIndex,google-docs,True,google-docs PerceptualSpeedIndex opt fission warm webrender,,77,ms,firefox,,1745103417,2023-08-24 03:53:22,1290918,,,,,,,,,,,,,,,,,,,,,,,,,,,,,,,,,,,,,,,,,,,,,,,,,TN
694,fbbf71ea5127f6cc74aab13a3817349afe93580c,0.24152733845458663,autoland,3779647,13,a34e21034f2e3c317ebb3d485012938d48ad04ac,macosx1015-64-shippable-qr,True,False,,|f|i|s|s|i|o|n| |w|a|r|m| |w|e|b|r|e|n|d|e|r|,102210fe594ee9b33d82058545b1ed14f4c8206e,PerceptualSpeedIndex,google-docs,True,google-docs PerceptualSpeedIndex opt fission warm webrender,,77,ms,firefox,,1745198724,2023-08-24 11:04:38,1291003,,,,,,,,,,,,,,,,,,,,,,,,,,,,,,,,,,,,,,,,,,,,,,,,,TN
695,9d2df5cf36fbb1712a62be68c4a309e2451e2d35,0.20515137821961127,autoland,3779647,13,a34e21034f2e3c317ebb3d485012938d48ad04ac,macosx1015-64-shippable-qr,True,False,,|f|i|s|s|i|o|n| |w|a|r|m| |w|e|b|r|e|n|d|e|r|,102210fe594ee9b33d82058545b1ed14f4c8206e,PerceptualSpeedIndex,google-docs,True,google-docs PerceptualSpeedIndex opt fission warm webrender,,77,ms,firefox,,1745302534,2023-08-24 13:41:33,1291057,,,,,,,,,,,,,,,,,,,,,,,,,,,,,,,,,,,,,,,,,,,,,,,,,TN
696,6089e7f0fa57a29c6d080f135f65e146c34457d8,0.23926796204247625,autoland,3779647,13,a34e21034f2e3c317ebb3d485012938d48ad04ac,macosx1015-64-shippable-qr,True,False,,|f|i|s|s|i|o|n| |w|a|r|m| |w|e|b|r|e|n|d|e|r|,102210fe594ee9b33d82058545b1ed14f4c8206e,PerceptualSpeedIndex,google-docs,True,google-docs PerceptualSpeedIndex opt fission warm webrender,,77,ms,firefox,,1745495733,2023-08-24 18:48:40,1291216,,,,,,,,,,,,,,,,,,,,,,,,,,,,,,,,,,,,,,,,,,,,,,,,,TN
697,0129f728663fcc0bcc1f816e006f1eb2635780e4,0.2261635788522367,autoland,3779647,13,a34e21034f2e3c317ebb3d485012938d48ad04ac,macosx1015-64-shippable-qr,True,False,,|f|i|s|s|i|o|n| |w|a|r|m| |w|e|b|r|e|n|d|e|r|,102210fe594ee9b33d82058545b1ed14f4c8206e,PerceptualSpeedIndex,google-docs,True,google-docs PerceptualSpeedIndex opt fission warm webrender,,77,ms,firefox,,1745653880,2023-08-25 00:48:43,1291339,,,,,,,,,,,,,,,,,,,,,,,,,,,,,,,,,,,,,,,,,,,,,,,,,TN
698,0a6ab504d311555a9987b1f9169130e91e5a9ec5,0.22846814279258898,autoland,3779647,13,a34e21034f2e3c317ebb3d485012938d48ad04ac,macosx1015-64-shippable-qr,True,False,,|f|i|s|s|i|o|n| |w|a|r|m| |w|e|b|r|e|n|d|e|r|,102210fe594ee9b33d82058545b1ed14f4c8206e,PerceptualSpeedIndex,google-docs,True,google-docs PerceptualSpeedIndex opt fission warm webrender,,77,ms,firefox,,1746988477,2023-08-25 09:43:17,1291393,,,,,,,,,,,,,,,,,,,,,,,,,,,,,,,,,,,,,,,,,,,,,,,,,TN
699,e5ba3b52ebac2d2582cecd6122443fc024cd24c9,0.21641060400662715,autoland,3779647,13,a34e21034f2e3c317ebb3d485012938d48ad04ac,macosx1015-64-shippable-qr,True,False,,|f|i|s|s|i|o|n| |w|a|r|m| |w|e|b|r|e|n|d|e|r|,102210fe594ee9b33d82058545b1ed14f4c8206e,PerceptualSpeedIndex,google-docs,True,google-docs PerceptualSpeedIndex opt fission warm webrender,,77,ms,firefox,,1745809524,2023-08-25 11:24:50,1291437,,,,,,,,,,,,,,,,,,,,,,,,,,,,,,,,,,,,,,,,,,,,,,,,,TN
700,059b77df2394c7caf1061e1b817e004878738efa,0.29484862178038873,autoland,3779647,13,a34e21034f2e3c317ebb3d485012938d48ad04ac,macosx1015-64-shippable-qr,True,False,,|f|i|s|s|i|o|n| |w|a|r|m| |w|e|b|r|e|n|d|e|r|,102210fe594ee9b33d82058545b1ed14f4c8206e,PerceptualSpeedIndex,google-docs,True,google-docs PerceptualSpeedIndex opt fission warm webrender,,77,ms,firefox,,1745984924,2023-08-25 15:32:54,1291507,,,,,,,,,,,,,,,,,,,,,,,,,,,,,,,,,,,,,,,,,,,,,,,,,TN
701,47efe79717796bf6f3a70e5733e99a98b0d9fad4,0.19408043380027107,autoland,3779647,13,a34e21034f2e3c317ebb3d485012938d48ad04ac,macosx1015-64-shippable-qr,True,False,,|f|i|s|s|i|o|n| |w|a|r|m| |w|e|b|r|e|n|d|e|r|,102210fe594ee9b33d82058545b1ed14f4c8206e,PerceptualSpeedIndex,google-docs,True,google-docs PerceptualSpeedIndex opt fission warm webrender,,77,ms,firefox,,1746121081,2023-08-25 19:36:02,1291599,,,,,,,,,,,,,,,,,,,,,,,,,,,,,,,,,,,,,,,,,,,,,,,,,TN
702,ddc3d1e9268d9abde51f1082490491f544286b16,0.30162675101671943,autoland,3779647,13,a34e21034f2e3c317ebb3d485012938d48ad04ac,macosx1015-64-shippable-qr,True,False,,|f|i|s|s|i|o|n| |w|a|r|m| |w|e|b|r|e|n|d|e|r|,102210fe594ee9b33d82058545b1ed14f4c8206e,PerceptualSpeedIndex,google-docs,True,google-docs PerceptualSpeedIndex opt fission warm webrender,,77,ms,firefox,,1746224697,2023-08-26 03:22:14,1291695,,,,,,,,,,,,,,,,,,,,,,,,,,,,,,,,,,,,,,,,,,,,,,,,,TN
703,cc8d561a9b401f3ebfda56de56c018b287d8b340,0.19995481247175784,autoland,3779647,13,a34e21034f2e3c317ebb3d485012938d48ad04ac,macosx1015-64-shippable-qr,True,False,,|f|i|s|s|i|o|n| |w|a|r|m| |w|e|b|r|e|n|d|e|r|,102210fe594ee9b33d82058545b1ed14f4c8206e,PerceptualSpeedIndex,google-docs,True,google-docs PerceptualSpeedIndex opt fission warm webrender,,77,ms,firefox,,1746395520,2023-08-26 13:17:30,1291872,,,,,,,,,,,,,,,,,,,,,,,,,,,,,,,,,,,,,,,,,,,,,,,,,TN
704,140288e1dd6073b83aa67b725aa9a96945374a82,0.2114776321735199,autoland,3779647,13,a34e21034f2e3c317ebb3d485012938d48ad04ac,macosx1015-64-shippable-qr,True,False,,|f|i|s|s|i|o|n| |w|a|r|m| |w|e|b|r|e|n|d|e|r|,102210fe594ee9b33d82058545b1ed14f4c8206e,PerceptualSpeedIndex,google-docs,True,google-docs PerceptualSpeedIndex opt fission warm webrender,,77,ms,firefox,,1746593658,2023-08-26 23:47:49,1292019,,,,,,,,,,,,,,,,,,,,,,,,,,,,,,,,,,,,,,,,,,,,,,,,,TN
705,6aaf2cf582814f5a76c09fa2ac7cc760a5886134,0.18549480343425206,autoland,3779647,13,a34e21034f2e3c317ebb3d485012938d48ad04ac,macosx1015-64-shippable-qr,True,False,,|f|i|s|s|i|o|n| |w|a|r|m| |w|e|b|r|e|n|d|e|r|,102210fe594ee9b33d82058545b1ed14f4c8206e,PerceptualSpeedIndex,google-docs,True,google-docs PerceptualSpeedIndex opt fission warm webrender,,77,ms,firefox,,1746730813,2023-08-27 23:31:15,1292080,,,,,,,,,,,,,,,,,,,,,,,,,,,,,,,,,,,,,,,,,,,,,,,,,TN
706,2303dc7d775759ce8737630e7762c69d2beac062,0.1979213737008585,autoland,3779647,13,a34e21034f2e3c317ebb3d485012938d48ad04ac,macosx1015-64-shippable-qr,True,False,,|f|i|s|s|i|o|n| |w|a|r|m| |w|e|b|r|e|n|d|e|r|,102210fe594ee9b33d82058545b1ed14f4c8206e,PerceptualSpeedIndex,google-docs,True,google-docs PerceptualSpeedIndex opt fission warm webrender,,77,ms,firefox,,1746842409,2023-08-28 10:38:35,1292181,,,,,,,,,,,,,,,,,,,,,,,,,,,,,,,,,,,,,,,,,,,,,,,,,TN
707,f8e518c6ab37a0144872f6158300e1de85034002,0.20944419340262077,autoland,3779647,13,a34e21034f2e3c317ebb3d485012938d48ad04ac,macosx1015-64-shippable-qr,True,False,,|f|i|s|s|i|o|n| |w|a|r|m| |w|e|b|r|e|n|d|e|r|,102210fe594ee9b33d82058545b1ed14f4c8206e,PerceptualSpeedIndex,google-docs,True,google-docs PerceptualSpeedIndex opt fission warm webrender,,77,ms,firefox,,1746990650,2023-08-28 14:50:25,1292276,,,,,,,,,,,,,,,,,,,,,,,,,,,,,,,,,,,,,,,,,,,,,,,,,TN
708,7ef66afbcd94bc7787448a9d797ec662b02fe58a,0.20492544057840023,autoland,3779647,13,a34e21034f2e3c317ebb3d485012938d48ad04ac,macosx1015-64-shippable-qr,True,False,,|f|i|s|s|i|o|n| |w|a|r|m| |w|e|b|r|e|n|d|e|r|,102210fe594ee9b33d82058545b1ed14f4c8206e,PerceptualSpeedIndex,google-docs,True,google-docs PerceptualSpeedIndex opt fission warm webrender,,77,ms,firefox,,1747061006,2023-08-28 18:02:15,1292360,,,,,,,,,,,,,,,,,,,,,,,,,,,,,,,,,,,,,,,,,,,,,,,,,TN
709,9451de3148827dbd587f22175b6c0453c7a605db,0.19159511974694987,autoland,3779647,13,a34e21034f2e3c317ebb3d485012938d48ad04ac,macosx1015-64-shippable-qr,True,False,,|f|i|s|s|i|o|n| |w|a|r|m| |w|e|b|r|e|n|d|e|r|,102210fe594ee9b33d82058545b1ed14f4c8206e,PerceptualSpeedIndex,google-docs,True,google-docs PerceptualSpeedIndex opt fission warm webrender,,77,ms,firefox,,1747145195,2023-08-28 20:37:08,1292463,,,,,,,,,,,,,,,,,,,,,,,,,,,,,,,,,,,,,,,,,,,,,,,,,TN
710,4cca72b5cd903bbb8bdc66098aaeb1eb12d8dddd,0.18436511522819687,autoland,3779647,13,a34e21034f2e3c317ebb3d485012938d48ad04ac,macosx1015-64-shippable-qr,True,False,,|f|i|s|s|i|o|n| |w|a|r|m| |w|e|b|r|e|n|d|e|r|,102210fe594ee9b33d82058545b1ed14f4c8206e,PerceptualSpeedIndex,google-docs,True,google-docs PerceptualSpeedIndex opt fission warm webrender,,77,ms,firefox,,1747258175,2023-08-29 02:20:20,1292618,,,,,,,,,,,,,,,,,,,,,,,,,,,,,,,,,,,,,,,,,,,,,,,,,TN
711,f79fe732a6b523e66f30e056118cdd2cff02a5ca,0.1918210573881609,autoland,3779647,13,a34e21034f2e3c317ebb3d485012938d48ad04ac,macosx1015-64-shippable-qr,True,False,,|f|i|s|s|i|o|n| |w|a|r|m| |w|e|b|r|e|n|d|e|r|,102210fe594ee9b33d82058545b1ed14f4c8206e,PerceptualSpeedIndex,google-docs,True,google-docs PerceptualSpeedIndex opt fission warm webrender,,77,ms,firefox,,1747264459,2023-08-29 03:02:37,1292639,,,,,,,,,,,,,,,,,,,,,,,,,,,,,,,,,,,,,,,,,,,,,,,,,TN
712,801325776b1492f30ec6ac7c770000fa8c894d2a,0.18120198825124256,autoland,3779647,13,a34e21034f2e3c317ebb3d485012938d48ad04ac,macosx1015-64-shippable-qr,True,False,,|f|i|s|s|i|o|n| |w|a|r|m| |w|e|b|r|e|n|d|e|r|,102210fe594ee9b33d82058545b1ed14f4c8206e,PerceptualSpeedIndex,google-docs,True,google-docs PerceptualSpeedIndex opt fission warm webrender,,77,ms,firefox,,1747349595,2023-08-29 07:11:54,1292691,,,,,,,,,,,,,,,,,,,,,,,,,,,,,,,,,,,,,,,,,,,,,,,,,TN
713,843a6e4db35622bdd606d6cdd7c0f1a05828a89e,0.2076366922729327,autoland,3779647,13,a34e21034f2e3c317ebb3d485012938d48ad04ac,macosx1015-64-shippable-qr,True,False,,|f|i|s|s|i|o|n| |w|a|r|m| |w|e|b|r|e|n|d|e|r|,102210fe594ee9b33d82058545b1ed14f4c8206e,PerceptualSpeedIndex,google-docs,True,google-docs PerceptualSpeedIndex opt fission warm webrender,,77,ms,firefox,,1747577001,2023-08-29 11:18:23,1292770,,,,,,,,,,,,,,,,,,,,,,,,,,,,,,,,,,,,,,,,,,,,,,,,,TN
714,abe9789555b5960e5b395aba02b4891c388e4839,0.1929507455942161,autoland,3779647,13,a34e21034f2e3c317ebb3d485012938d48ad04ac,macosx1015-64-shippable-qr,True,False,,|f|i|s|s|i|o|n| |w|a|r|m| |w|e|b|r|e|n|d|e|r|,102210fe594ee9b33d82058545b1ed14f4c8206e,PerceptualSpeedIndex,google-docs,True,google-docs PerceptualSpeedIndex opt fission warm webrender,,77,ms,firefox,,1747541745,2023-08-29 11:21:44,1292771,,,,,,,,,,,,,,,,,,,,,,,,,,,,,,,,,,,,,,,,,,,,,,,,,TN
715,0bb8944a5c2a783f353dc7595b2171844923a934,0.21712607320379562,autoland,3779647,13,a34e21034f2e3c317ebb3d485012938d48ad04ac,macosx1015-64-shippable-qr,True,False,,|f|i|s|s|i|o|n| |w|a|r|m| |w|e|b|r|e|n|d|e|r|,102210fe594ee9b33d82058545b1ed14f4c8206e,PerceptualSpeedIndex,google-docs,True,google-docs PerceptualSpeedIndex opt fission warm webrender,,77,ms,firefox,,1747737880,2023-08-29 16:25:43,1292913,,,,,,,,,,,,,,,,,,,,,,,,,,,,,,,,,,,,,,,,,,,,,,,,,TN
716,ab673eef69bf3656d8814e2758dff9da25527e74,0.255083596927248,autoland,3779647,13,a34e21034f2e3c317ebb3d485012938d48ad04ac,macosx1015-64-shippable-qr,True,False,,|f|i|s|s|i|o|n| |w|a|r|m| |w|e|b|r|e|n|d|e|r|,102210fe594ee9b33d82058545b1ed14f4c8206e,PerceptualSpeedIndex,google-docs,True,google-docs PerceptualSpeedIndex opt fission warm webrender,,77,ms,firefox,,1747882476,2023-08-29 18:40:33,1292984,,,,,,,,,,,,,,,,,,,,,,,,,,,,,,,,,,,,,,,,,,,,,,,,,TN
717,cb5ac3a7a82f68e5ca26d454b7615329d487cdd1,0.23859014911884313,autoland,3779647,13,a34e21034f2e3c317ebb3d485012938d48ad04ac,macosx1015-64-shippable-qr,True,False,,|f|i|s|s|i|o|n| |w|a|r|m| |w|e|b|r|e|n|d|e|r|,102210fe594ee9b33d82058545b1ed14f4c8206e,PerceptualSpeedIndex,google-docs,True,google-docs PerceptualSpeedIndex opt fission warm webrender,,77,ms,firefox,,1747903876,2023-08-29 18:52:04,1292994,,,,,,,,,,,,,,,,,,,,,,,,,,,,,,,,,,,,,,,,,,,,,,,,,TN
718,16c71fac642647b97c85d086e54342a5addaaf13,0.20244012652507903,autoland,3779647,13,a34e21034f2e3c317ebb3d485012938d48ad04ac,macosx1015-64-shippable-qr,True,False,,|f|i|s|s|i|o|n| |w|a|r|m| |w|e|b|r|e|n|d|e|r|,102210fe594ee9b33d82058545b1ed14f4c8206e,PerceptualSpeedIndex,google-docs,True,google-docs PerceptualSpeedIndex opt fission warm webrender,,77,ms,firefox,,1747817368,2023-08-29 20:54:58,1293039,,,,,,,,,,,,,,,,,,,,,,,,,,,,,,,,,,,,,,,,,,,,,,,,,TN
719,34dcd8f28e9a642600425b3383df225859ea91cd,0.2397198373248981,autoland,3779647,13,a34e21034f2e3c317ebb3d485012938d48ad04ac,macosx1015-64-shippable-qr,True,False,,|f|i|s|s|i|o|n| |w|a|r|m| |w|e|b|r|e|n|d|e|r|,102210fe594ee9b33d82058545b1ed14f4c8206e,PerceptualSpeedIndex,google-docs,True,google-docs PerceptualSpeedIndex opt fission warm webrender,,77,ms,firefox,,1747855339,2023-08-30 01:49:26,1293133,,,,,,,,,,,,,,,,,,,,,,,,,,,,,,,,,,,,,,,,,,,,,,,,,TN
720,379bb5e39311a7878ea31b7eb0dd39fdef1ab15a,0.22684139177586982,autoland,3779647,13,a34e21034f2e3c317ebb3d485012938d48ad04ac,macosx1015-64-shippable-qr,True,False,,|f|i|s|s|i|o|n| |w|a|r|m| |w|e|b|r|e|n|d|e|r|,102210fe594ee9b33d82058545b1ed14f4c8206e,PerceptualSpeedIndex,google-docs,True,google-docs PerceptualSpeedIndex opt fission warm webrender,,77,ms,firefox,,1748008528,2023-08-30 13:43:19,1293343,,,,,,,,,,,,,,,,,,,,,,,,,,,,,,,,,,,,,,,,,,,,,,,,,TN
721,f648d27187b6f45ac21ab6bf0ca9673dcfc55cf4,0.2480795300497063,autoland,3779647,13,a34e21034f2e3c317ebb3d485012938d48ad04ac,macosx1015-64-shippable-qr,True,False,,|f|i|s|s|i|o|n| |w|a|r|m| |w|e|b|r|e|n|d|e|r|,102210fe594ee9b33d82058545b1ed14f4c8206e,PerceptualSpeedIndex,google-docs,True,google-docs PerceptualSpeedIndex opt fission warm webrender,,77,ms,firefox,,1748081153,2023-08-30 16:15:47,1293412,,,,,,,,,,,,,,,,,,,,,,,,,,,,,,,,,,,,,,,,,,,,,,,,,TN
722,7643e2c34ec4fce31fb741b2e7003adc7e547e36,0.2600542250338904,autoland,3779647,13,a34e21034f2e3c317ebb3d485012938d48ad04ac,macosx1015-64-shippable-qr,True,False,,|f|i|s|s|i|o|n| |w|a|r|m| |w|e|b|r|e|n|d|e|r|,102210fe594ee9b33d82058545b1ed14f4c8206e,PerceptualSpeedIndex,google-docs,True,google-docs PerceptualSpeedIndex opt fission warm webrender,,77,ms,firefox,,1748161283,2023-08-30 20:58:03,1293585,,,,,,,,,,,,,,,,,,,,,,,,,,,,,,,,,,,,,,,,,,,,,,,,,TN
723,dbae0300ed9c0f063df53cd08d175d6968388ed0,0.25756891098056944,autoland,3779647,13,a34e21034f2e3c317ebb3d485012938d48ad04ac,macosx1015-64-shippable-qr,True,False,,|f|i|s|s|i|o|n| |w|a|r|m| |w|e|b|r|e|n|d|e|r|,102210fe594ee9b33d82058545b1ed14f4c8206e,PerceptualSpeedIndex,google-docs,True,google-docs PerceptualSpeedIndex opt fission warm webrender,,77,ms,firefox,,1750258593,2023-08-30 21:25:30,1293604,,,,,,,,,,,,,,,,,,,,,,,,,,,,,,,,,,,,,,,,,,,,,,,,,TN
724,1c96a04d55e9ed1dca377a6cede96c5703241ba0,0.2470628106642565,autoland,3779647,13,a34e21034f2e3c317ebb3d485012938d48ad04ac,macosx1015-64-shippable-qr,True,False,,|f|i|s|s|i|o|n| |w|a|r|m| |w|e|b|r|e|n|d|e|r|,102210fe594ee9b33d82058545b1ed14f4c8206e,PerceptualSpeedIndex,google-docs,True,google-docs PerceptualSpeedIndex opt fission warm webrender,,77,ms,firefox,,1749496615,2023-08-30 21:56:19,1293615,,,,,,,,,,,,,,,,,,,,,,,,,,,,,,,,,,,,,,,,,,,,,,,,,TN
725,8934e6e6ccb68dc0291ccf3662bf2a8bc178ed54,0.2397198373248981,autoland,3779647,13,a34e21034f2e3c317ebb3d485012938d48ad04ac,macosx1015-64-shippable-qr,True,False,,|f|i|s|s|i|o|n| |w|a|r|m| |w|e|b|r|e|n|d|e|r|,102210fe594ee9b33d82058545b1ed14f4c8206e,PerceptualSpeedIndex,google-docs,True,google-docs PerceptualSpeedIndex opt fission warm webrender,,77,ms,firefox,,1749523976,2023-08-30 23:21:37,1293646,,,,,,,,,,,,,,,,,,,,,,,,,,,,,,,,,,,,,,,,,,,,,,,,,TN
726,568451480af9fc26e1c69e5736b932d234625f6b,0.28603705377315847,autoland,3779647,13,a34e21034f2e3c317ebb3d485012938d48ad04ac,macosx1015-64-shippable-qr,True,False,,|f|i|s|s|i|o|n| |w|a|r|m| |w|e|b|r|e|n|d|e|r|,102210fe594ee9b33d82058545b1ed14f4c8206e,PerceptualSpeedIndex,google-docs,True,google-docs PerceptualSpeedIndex opt fission warm webrender,,77,ms,firefox,,1749492178,2023-08-30 23:29:12,1293651,,,,,,,,,,,,,,,,,,,,,,,,,,,,,,,,,,,,,,,,,,,,,,,,,TN
727,772112a9613e7d5bf99c337301ec791106211609,0.2322638951649345,autoland,3779647,13,a34e21034f2e3c317ebb3d485012938d48ad04ac,macosx1015-64-shippable-qr,True,False,,|f|i|s|s|i|o|n| |w|a|r|m| |w|e|b|r|e|n|d|e|r|,102210fe594ee9b33d82058545b1ed14f4c8206e,PerceptualSpeedIndex,google-docs,True,google-docs PerceptualSpeedIndex opt fission warm webrender,,77,ms,firefox,,1749533139,2023-08-30 23:30:11,1293653,,,,,,,,,,,,,,,,,,,,,,,,,,,,,,,,,,,,,,,,,,,,,,,,,TN
728,8db6a3b432759fd37b677c455c7d9ecedafd7e77,0.2169001355625848,autoland,3779647,13,a34e21034f2e3c317ebb3d485012938d48ad04ac,macosx1015-64-shippable-qr,True,False,,|f|i|s|s|i|o|n| |w|a|r|m| |w|e|b|r|e|n|d|e|r|,102210fe594ee9b33d82058545b1ed14f4c8206e,PerceptualSpeedIndex,google-docs,True,google-docs PerceptualSpeedIndex opt fission warm webrender,,77,ms,firefox,,1748209047,2023-08-30 23:31:09,1293654,,,,,,,,,,,,,,,,,,,,,,,,,,,,,,,,,,,,,,,,,,,,,,,,,TN
729,8bfc7a97556725e2742e03b4ce324e5cc2e8e874,0.25282422051513764,autoland,3779647,13,a34e21034f2e3c317ebb3d485012938d48ad04ac,macosx1015-64-shippable-qr,True,False,,|f|i|s|s|i|o|n| |w|a|r|m| |w|e|b|r|e|n|d|e|r|,102210fe594ee9b33d82058545b1ed14f4c8206e,PerceptualSpeedIndex,google-docs,True,google-docs PerceptualSpeedIndex opt fission warm webrender,,77,ms,firefox,,1749531071,2023-08-30 23:32:00,1293656,,,,,,,,,,,,,,,,,,,,,,,,,,,,,,,,,,,,,,,,,,,,,,,,,TN
730,dcea82601fcc8c43f4bc1a499202a9a8f30ec125,0.25079078174423874,autoland,3779647,13,a34e21034f2e3c317ebb3d485012938d48ad04ac,macosx1015-64-shippable-qr,True,False,,|f|i|s|s|i|o|n| |w|a|r|m| |w|e|b|r|e|n|d|e|r|,102210fe594ee9b33d82058545b1ed14f4c8206e,PerceptualSpeedIndex,google-docs,True,google-docs PerceptualSpeedIndex opt fission warm webrender,,77,ms,firefox,,1749533628,2023-08-31 00:12:37,1293664,,,,,,,,,,,,,,,,,,,,,,,,,,,,,,,,,,,,,,,,,,,,,,,,,TN
731,d0f462441a057aad9b525a368e8882ff4ae6e0f8,0.23316764572977844,autoland,3779647,13,a34e21034f2e3c317ebb3d485012938d48ad04ac,macosx1015-64-shippable-qr,True,False,,|f|i|s|s|i|o|n| |w|a|r|m| |w|e|b|r|e|n|d|e|r|,102210fe594ee9b33d82058545b1ed14f4c8206e,PerceptualSpeedIndex,google-docs,True,google-docs PerceptualSpeedIndex opt fission warm webrender,,77,ms,firefox,,1749522589,2023-08-31 01:01:53,1293689,,,,,,,,,,,,,,,,,,,,,,,,,,,,,,,,,,,,,,,,,,,,,,,,,TN
732,206a63104549456627d288950c4e557a9b8e6437,0.23666967916854964,autoland,3779647,13,a34e21034f2e3c317ebb3d485012938d48ad04ac,macosx1015-64-shippable-qr,True,False,,|f|i|s|s|i|o|n| |w|a|r|m| |w|e|b|r|e|n|d|e|r|,102210fe594ee9b33d82058545b1ed14f4c8206e,PerceptualSpeedIndex,google-docs,True,google-docs PerceptualSpeedIndex opt fission warm webrender,,77,ms,firefox,,1749523825,2023-08-31 02:14:36,1293711,,,,,,,,,,,,,,,,,,,,,,,,,,,,,,,,,,,,,,,,,,,,,,,,,TN
733,bcc1470439818e29a38c29432af9fd130b8ec931,0.21656122910076814,autoland,3779647,13,a34e21034f2e3c317ebb3d485012938d48ad04ac,macosx1015-64-shippable-qr,True,False,,|f|i|s|s|i|o|n| |w|a|r|m| |w|e|b|r|e|n|d|e|r|,102210fe594ee9b33d82058545b1ed14f4c8206e,PerceptualSpeedIndex,google-docs,True,google-docs PerceptualSpeedIndex opt fission warm webrender,,77,ms,firefox,,1748245284,2023-08-31 03:36:38,1293720,,,,,,,,,,,,,,,,,,,,,,,,,,,,,,,,,,,,,,,,,,,,,,,,,TN
734,cf8b82c9ee1f415029e358ac023cf24201b13f94,0.23339358337098948,autoland,3779647,13,a34e21034f2e3c317ebb3d485012938d48ad04ac,macosx1015-64-shippable-qr,True,False,,|f|i|s|s|i|o|n| |w|a|r|m| |w|e|b|r|e|n|d|e|r|,102210fe594ee9b33d82058545b1ed14f4c8206e,PerceptualSpeedIndex,google-docs,True,google-docs PerceptualSpeedIndex opt fission warm webrender,,77,ms,firefox,,1750259834,2023-08-31 04:20:13,1293728,,,,,,,,,,,,,,,,,,,,,,,,,,,,,,,,,,,,,,,,,,,,,,,,,TN
735,2d0c68d7097bd36dc5ec88db7a8c450ce6a5ccb1,0.24401265250790782,autoland,3779647,13,a34e21034f2e3c317ebb3d485012938d48ad04ac,macosx1015-64-shippable-qr,True,False,,|f|i|s|s|i|o|n| |w|a|r|m| |w|e|b|r|e|n|d|e|r|,102210fe594ee9b33d82058545b1ed14f4c8206e,PerceptualSpeedIndex,google-docs,True,google-docs PerceptualSpeedIndex opt fission warm webrender,,77,ms,firefox,,1750258517,2023-08-31 04:44:06,1293732,,,,,,,,,,,,,,,,,,,,,,,,,,,,,,,,,,,,,,,,,,,,,,,,,TN
736,03d6e3a3732943df64be04bdbb794e99a85cfc8a,0.23316764572977844,autoland,3779647,13,a34e21034f2e3c317ebb3d485012938d48ad04ac,macosx1015-64-shippable-qr,True,False,,|f|i|s|s|i|o|n| |w|a|r|m| |w|e|b|r|e|n|d|e|r|,102210fe594ee9b33d82058545b1ed14f4c8206e,PerceptualSpeedIndex,google-docs,True,google-docs PerceptualSpeedIndex opt fission warm webrender,,77,ms,firefox,,1750259635,2023-08-31 04:55:32,1293734,,,,,,,,,,,,,,,,,,,,,,,,,,,,,,,,,,,,,,,,,,,,,,,,,TN
737,e181f3ae7651fad8e30197beb4627e0db0e1626a,0.2740623587889741,autoland,3779647,13,a34e21034f2e3c317ebb3d485012938d48ad04ac,macosx1015-64-shippable-qr,True,False,,|f|i|s|s|i|o|n| |w|a|r|m| |w|e|b|r|e|n|d|e|r|,102210fe594ee9b33d82058545b1ed14f4c8206e,PerceptualSpeedIndex,google-docs,True,google-docs PerceptualSpeedIndex opt fission warm webrender,,77,ms,firefox,,1750258556,2023-08-31 06:22:05,1293742,,,,,,,,,,,,,,,,,,,,,,,,,,,,,,,,,,,,,,,,,,,,,,,,,TN
738,d022a7b7801aafa0cfa1ced2b39409115f5544c4,0.20221418888386822,autoland,3779647,13,a34e21034f2e3c317ebb3d485012938d48ad04ac,macosx1015-64-shippable-qr,True,False,,|f|i|s|s|i|o|n| |w|a|r|m| |w|e|b|r|e|n|d|e|r|,102210fe594ee9b33d82058545b1ed14f4c8206e,PerceptualSpeedIndex,google-docs,True,google-docs PerceptualSpeedIndex opt fission warm webrender,,77,ms,firefox,,1750251806,2023-08-31 06:23:30,1293743,,,,,,,,,,,,,,,,,,,,,,,,,,,,,,,,,,,,,,,,,,,,,,,,,TN
739,eb9c0e1c47f287cbd52ac656643e984598159e96,0.24861209734684642,autoland,3779647,13,a34e21034f2e3c317ebb3d485012938d48ad04ac,macosx1015-64-shippable-qr,True,False,,|f|i|s|s|i|o|n| |w|a|r|m| |w|e|b|r|e|n|d|e|r|,102210fe594ee9b33d82058545b1ed14f4c8206e,PerceptualSpeedIndex,google-docs,True,google-docs PerceptualSpeedIndex opt fission warm webrender,,77,ms,firefox,,1749505159,2023-08-31 07:00:02,1293749,,,,,,,,,,,,,,,,,,,,,,,,,,,,,,,,,,,,,,,,,,,,,,,,,TN
740,b31464975bb47ae4e77397f563a686b9ad30ca00,0.23752208026948196,autoland,3779647,13,a34e21034f2e3c317ebb3d485012938d48ad04ac,macosx1015-64-shippable-qr,True,False,,|f|i|s|s|i|o|n| |w|a|r|m| |w|e|b|r|e|n|d|e|r|,102210fe594ee9b33d82058545b1ed14f4c8206e,PerceptualSpeedIndex,google-docs,True,google-docs PerceptualSpeedIndex opt fission warm webrender,,77,ms,firefox,,1749524001,2023-08-31 07:02:33,1293750,,,,,,,,,,,,,,,,,,,,,,,,,,,,,,,,,,,,,,,,,,,,,,,,,TN
741,1928c5d9696c63162b791aebaba3619467086414,0.24230785030604274,autoland,3779647,13,a34e21034f2e3c317ebb3d485012938d48ad04ac,macosx1015-64-shippable-qr,True,False,,|f|i|s|s|i|o|n| |w|a|r|m| |w|e|b|r|e|n|d|e|r|,102210fe594ee9b33d82058545b1ed14f4c8206e,PerceptualSpeedIndex,google-docs,True,google-docs PerceptualSpeedIndex opt fission warm webrender,,77,ms,firefox,,1749533994,2023-08-31 07:07:47,1293753,,,,,,,,,,,,,,,,,,,,,,,,,,,,,,,,,,,,,,,,,,,,,,,,,TN
742,42ff0ef2bc5dc19a26e4ed7050f383575f3b5785,0.28761861726163573,autoland,3779647,13,a34e21034f2e3c317ebb3d485012938d48ad04ac,macosx1015-64-shippable-qr,True,False,,|f|i|s|s|i|o|n| |w|a|r|m| |w|e|b|r|e|n|d|e|r|,102210fe594ee9b33d82058545b1ed14f4c8206e,PerceptualSpeedIndex,google-docs,True,google-docs PerceptualSpeedIndex opt fission warm webrender,,77,ms,firefox,,1749524978,2023-08-31 07:36:25,1293763,770.78,mozilla-ldap/aesanu@mozilla.com,1928c5d9696c63162b791aebaba3619467086414,39436.0,3.36,745.74,2023-09-05 10:25:21.351109,13.0,13.0,,|180356|180357|,,1293753.0,6.0,4.0,mozilla-ldap/aesanu@mozilla.com,,1851576.0,2023-09-11 15:24:32.855083,,1.0,25.04,180377.0,,"(5,)",39436.0,,True,False,aesanu@mozilla.com,"(1,)","(4,)",aesanu@mozilla.com,2023-09-04 15:24:32.855083,,,OUTLIERS,,2023-09-05 10:42:50.798971,,"('[{""perf_datum_id"": 1749524001, ""value"": 743.4, ""job_id"": 427785346, ""push_id"": 1293750, ""push_timestamp"": ""2023-08-31T07:02:33"", ""push__revision"": ""b31464975bb47ae4e77397f563a686b9ad30ca00""}, {""perf_datum_id"": 1749533994, ""value"": 748.7, ""job_id"": 427786217, ""push_id"": 1293753, ""push_timestamp"": ""2023-08-31T07:07:47"", ""push__revision"": ""1928c5d9696c63162b791aebaba3619467086414""}, {""perf_datum_id"": 1749524978, ""value"": 769.7, ""job_id"": 427785415, ""push_id"": 1293763, ""push_timestamp"": ""2023-08-31T07:36:25"", ""push__revision"": ""42ff0ef2bc5dc19a26e4ed7050f383575f3b5785""}, {""perf_datum_id"": 1749522504, ""value"": 762.7, ""job_id"": 427784826, ""push_id"": 1293786, ""push_timestamp"": ""2023-08-31T08:28:46"", ""push__revision"": ""33d1c42b026e21617602c6006491a09d2380fce2""}, {""perf_datum_id"": 1749527468, ""value"": 814.3, ""job_id"": 427785450, ""push_id"": 1293788, ""push_timestamp"": ""2023-08-31T08:30:25"", ""push__revision"": ""6dd1e008f3df180fe4e57c64d8cec757b39f1205""}]',)",False,"(0,)",7.05,google-docs,"(4,)","fission, warm, webrender",2023-09-07 15:24:32.855083,TP
743,33d1c42b026e21617602c6006491a09d2380fce2,0.2839094743184212,autoland,3779647,13,a34e21034f2e3c317ebb3d485012938d48ad04ac,macosx1015-64-shippable-qr,True,False,,|f|i|s|s|i|o|n| |w|a|r|m| |w|e|b|r|e|n|d|e|r|,102210fe594ee9b33d82058545b1ed14f4c8206e,PerceptualSpeedIndex,google-docs,True,google-docs PerceptualSpeedIndex opt fission warm webrender,,77,ms,firefox,,1749522504,2023-08-31 08:28:46,1293786,,,,,,,,,,,,,,,,,,,,,,,,,,,,,,,,,,,,,,,,,,,,,,,,,TN
744,6dd1e008f3df180fe4e57c64d8cec757b39f1205,0.3012159553054268,autoland,3779647,13,a34e21034f2e3c317ebb3d485012938d48ad04ac,macosx1015-64-shippable-qr,True,False,,|f|i|s|s|i|o|n| |w|a|r|m| |w|e|b|r|e|n|d|e|r|,102210fe594ee9b33d82058545b1ed14f4c8206e,PerceptualSpeedIndex,google-docs,True,google-docs PerceptualSpeedIndex opt fission warm webrender,,77,ms,firefox,,1749527468,2023-08-31 08:30:25,1293788,,,,,,,,,,,,,,,,,,,,,,,,,,,,,,,,,,,,,,,,,,,,,,,,,TN
745,74c545838b20ac3d8760378749c10abb0d248621,0.27270673294170833,autoland,3779647,13,a34e21034f2e3c317ebb3d485012938d48ad04ac,macosx1015-64-shippable-qr,True,False,,|f|i|s|s|i|o|n| |w|a|r|m| |w|e|b|r|e|n|d|e|r|,102210fe594ee9b33d82058545b1ed14f4c8206e,PerceptualSpeedIndex,google-docs,True,google-docs PerceptualSpeedIndex opt fission warm webrender,,77,ms,firefox,,1749530423,2023-08-31 08:58:12,1293797,,,,,,,,,,,,,,,,,,,,,,,,,,,,,,,,,,,,,,,,,,,,,,,,,TN
746,1f3a4f8a850c5dce3f6ec4cfa42f10a899db9316,0.27853090324848107,autoland,3779647,13,a34e21034f2e3c317ebb3d485012938d48ad04ac,macosx1015-64-shippable-qr,True,False,,|f|i|s|s|i|o|n| |w|a|r|m| |w|e|b|r|e|n|d|e|r|,102210fe594ee9b33d82058545b1ed14f4c8206e,PerceptualSpeedIndex,google-docs,True,google-docs PerceptualSpeedIndex opt fission warm webrender,,77,ms,firefox,,1749527783,2023-08-31 09:12:35,1293807,,,,,,,,,,,,,,,,,,,,,,,,,,,,,,,,,,,,,,,,,,,,,,,,,TN
747,e2d1d56b4cb882f210d71f021a2f804a56d718e6,0.29322187076366935,autoland,3779647,13,a34e21034f2e3c317ebb3d485012938d48ad04ac,macosx1015-64-shippable-qr,True,False,,|f|i|s|s|i|o|n| |w|a|r|m| |w|e|b|r|e|n|d|e|r|,102210fe594ee9b33d82058545b1ed14f4c8206e,PerceptualSpeedIndex,google-docs,True,google-docs PerceptualSpeedIndex opt fission warm webrender,,77,ms,firefox,,1748388325,2023-08-31 09:19:24,1293811,,,,,,,,,,,,,,,,,,,,,,,,,,,,,,,,,,,,,,,,,,,,,,,,,TN
748,2f90cf700fe86ab9a60d492b8a31d87c61a9bffb,0.28287392679620416,autoland,3779647,13,a34e21034f2e3c317ebb3d485012938d48ad04ac,macosx1015-64-shippable-qr,True,False,,|f|i|s|s|i|o|n| |w|a|r|m| |w|e|b|r|e|n|d|e|r|,102210fe594ee9b33d82058545b1ed14f4c8206e,PerceptualSpeedIndex,google-docs,True,google-docs PerceptualSpeedIndex opt fission warm webrender,,77,ms,firefox,,1750256672,2023-08-31 09:43:26,1293826,,,,,,,,,,,,,,,,,,,,,,,,,,,,,,,,,,,,,,,,,,,,,,,,,TN
749,9125d5c558eab0d0c15ac0134d45fa2c4c4cf7f1,0.3034342521464075,autoland,3779647,13,a34e21034f2e3c317ebb3d485012938d48ad04ac,macosx1015-64-shippable-qr,True,False,,|f|i|s|s|i|o|n| |w|a|r|m| |w|e|b|r|e|n|d|e|r|,102210fe594ee9b33d82058545b1ed14f4c8206e,PerceptualSpeedIndex,google-docs,True,google-docs PerceptualSpeedIndex opt fission warm webrender,,77,ms,firefox,,1750256990,2023-08-31 09:45:37,1293828,,,,,,,,,,,,,,,,,,,,,,,,,,,,,,,,,,,,,,,,,,,,,,,,,TN
750,5a2ea27885f035af8c7af0f117ad2ae9ff7f50b1,0.2715770447356529,autoland,3779647,13,a34e21034f2e3c317ebb3d485012938d48ad04ac,macosx1015-64-shippable-qr,True,False,,|f|i|s|s|i|o|n| |w|a|r|m| |w|e|b|r|e|n|d|e|r|,102210fe594ee9b33d82058545b1ed14f4c8206e,PerceptualSpeedIndex,google-docs,True,google-docs PerceptualSpeedIndex opt fission warm webrender,,77,ms,firefox,,1750256849,2023-08-31 10:04:19,1293839,,,,,,,,,,,,,,,,,,,,,,,,,,,,,,,,,,,,,,,,,,,,,,,,,TN
751,a46391a553ce9bc6e49ef1315404897db496af73,0.30185268865793025,autoland,3779647,13,a34e21034f2e3c317ebb3d485012938d48ad04ac,macosx1015-64-shippable-qr,True,False,,|f|i|s|s|i|o|n| |w|a|r|m| |w|e|b|r|e|n|d|e|r|,102210fe594ee9b33d82058545b1ed14f4c8206e,PerceptualSpeedIndex,google-docs,True,google-docs PerceptualSpeedIndex opt fission warm webrender,,77,ms,firefox,,1750256498,2023-08-31 10:20:28,1293845,,,,,,,,,,,,,,,,,,,,,,,,,,,,,,,,,,,,,,,,,,,,,,,,,TN
752,f95c18989fd2d01b7228b5205f6851ec48fe7d42,0.29078174423859005,autoland,3779647,13,a34e21034f2e3c317ebb3d485012938d48ad04ac,macosx1015-64-shippable-qr,True,False,,|f|i|s|s|i|o|n| |w|a|r|m| |w|e|b|r|e|n|d|e|r|,102210fe594ee9b33d82058545b1ed14f4c8206e,PerceptualSpeedIndex,google-docs,True,google-docs PerceptualSpeedIndex opt fission warm webrender,,77,ms,firefox,,1750258494,2023-08-31 10:22:52,1293846,,,,,,,,,,,,,,,,,,,,,,,,,,,,,,,,,,,,,,,,,,,,,,,,,TN
753,37a26c9f2c5ced491362e75d2133695fb55d862d,0.32309082693176694,autoland,3779647,13,a34e21034f2e3c317ebb3d485012938d48ad04ac,macosx1015-64-shippable-qr,True,False,,|f|i|s|s|i|o|n| |w|a|r|m| |w|e|b|r|e|n|d|e|r|,102210fe594ee9b33d82058545b1ed14f4c8206e,PerceptualSpeedIndex,google-docs,True,google-docs PerceptualSpeedIndex opt fission warm webrender,,77,ms,firefox,,1750254129,2023-08-31 10:46:42,1293848,,,,,,,,,,,,,,,,,,,,,,,,,,,,,,,,,,,,,,,,,,,,,,,,,TN
754,165164f7cde3e6fd6f1eccdc8b63aff86bc87b88,0.28038861274288274,autoland,3779647,13,a34e21034f2e3c317ebb3d485012938d48ad04ac,macosx1015-64-shippable-qr,True,False,,|f|i|s|s|i|o|n| |w|a|r|m| |w|e|b|r|e|n|d|e|r|,102210fe594ee9b33d82058545b1ed14f4c8206e,PerceptualSpeedIndex,google-docs,True,google-docs PerceptualSpeedIndex opt fission warm webrender,,77,ms,firefox,,1750258164,2023-08-31 10:50:06,1293851,,,,,,,,,,,,,,,,,,,,,,,,,,,,,,,,,,,,,,,,,,,,,,,,,TN
755,a826fe2a1e6799629025d893d5ed689848f418b8,0.2218707636692272,autoland,3779647,13,a34e21034f2e3c317ebb3d485012938d48ad04ac,macosx1015-64-shippable-qr,True,False,,|f|i|s|s|i|o|n| |w|a|r|m| |w|e|b|r|e|n|d|e|r|,102210fe594ee9b33d82058545b1ed14f4c8206e,PerceptualSpeedIndex,google-docs,True,google-docs PerceptualSpeedIndex opt fission warm webrender,,77,ms,firefox,,1750251618,2023-08-31 10:59:54,1293852,,,,,,,,,,,,,,,,,,,,,,,,,,,,,,,,,,,,,,,,,,,,,,,,,TN
756,cd841f05f1287fd18e123ee5166d4523b92d1aa4,0.22898779936737457,autoland,3779647,13,a34e21034f2e3c317ebb3d485012938d48ad04ac,macosx1015-64-shippable-qr,True,False,,|f|i|s|s|i|o|n| |w|a|r|m| |w|e|b|r|e|n|d|e|r|,102210fe594ee9b33d82058545b1ed14f4c8206e,PerceptualSpeedIndex,google-docs,True,google-docs PerceptualSpeedIndex opt fission warm webrender,,77,ms,firefox,,1749534072,2023-08-31 11:12:34,1293860,,,,,,,,,,,,,,,,,,,,,,,,,,,,,,,,,,,,,,,,,,,,,,,,,TN
757,cb4d8c89562980ef1c342dfb695366e5f7a73f28,0.2561003163126976,autoland,3779647,13,a34e21034f2e3c317ebb3d485012938d48ad04ac,macosx1015-64-shippable-qr,True,False,,|f|i|s|s|i|o|n| |w|a|r|m| |w|e|b|r|e|n|d|e|r|,102210fe594ee9b33d82058545b1ed14f4c8206e,PerceptualSpeedIndex,google-docs,True,google-docs PerceptualSpeedIndex opt fission warm webrender,,77,ms,firefox,,1749491854,2023-08-31 11:25:46,1293869,,,,,,,,,,,,,,,,,,,,,,,,,,,,,,,,,,,,,,,,,,,,,,,,,TN
758,eb187162423d38045dcfa5e84b3b8812b8affb2f,0.2458201536375959,autoland,3779647,13,a34e21034f2e3c317ebb3d485012938d48ad04ac,macosx1015-64-shippable-qr,True,False,,|f|i|s|s|i|o|n| |w|a|r|m| |w|e|b|r|e|n|d|e|r|,102210fe594ee9b33d82058545b1ed14f4c8206e,PerceptualSpeedIndex,google-docs,True,google-docs PerceptualSpeedIndex opt fission warm webrender,,77,ms,firefox,,1749492009,2023-08-31 11:30:09,1293872,,,,,,,,,,,,,,,,,,,,,,,,,,,,,,,,,,,,,,,,,,,,,,,,,TN
759,10fe1f41598b7c2eb2b16562aa973c20d40a071d,0.2601671938544958,autoland,3779647,13,a34e21034f2e3c317ebb3d485012938d48ad04ac,macosx1015-64-shippable-qr,True,False,,|f|i|s|s|i|o|n| |w|a|r|m| |w|e|b|r|e|n|d|e|r|,102210fe594ee9b33d82058545b1ed14f4c8206e,PerceptualSpeedIndex,google-docs,True,google-docs PerceptualSpeedIndex opt fission warm webrender,,77,ms,firefox,,1749530226,2023-08-31 11:32:35,1293875,,,,,,,,,,,,,,,,,,,,,,,,,,,,,,,,,,,,,,,,,,,,,,,,,TN
760,75efbbfb861e774df2fb6ef8d8b1c990e9968c8a,0.23474920921825548,autoland,3779647,13,a34e21034f2e3c317ebb3d485012938d48ad04ac,macosx1015-64-shippable-qr,True,False,,|f|i|s|s|i|o|n| |w|a|r|m| |w|e|b|r|e|n|d|e|r|,102210fe594ee9b33d82058545b1ed14f4c8206e,PerceptualSpeedIndex,google-docs,True,google-docs PerceptualSpeedIndex opt fission warm webrender,,77,ms,firefox,,1749531094,2023-08-31 11:52:46,1293885,,,,,,,,,,,,,,,,,,,,,,,,,,,,,,,,,,,,,,,,,,,,,,,,,TN
761,38ce05a11ba723030c38b9fde081241575436a52,0.27677361048350657,autoland,3779647,13,a34e21034f2e3c317ebb3d485012938d48ad04ac,macosx1015-64-shippable-qr,True,False,,|f|i|s|s|i|o|n| |w|a|r|m| |w|e|b|r|e|n|d|e|r|,102210fe594ee9b33d82058545b1ed14f4c8206e,PerceptualSpeedIndex,google-docs,True,google-docs PerceptualSpeedIndex opt fission warm webrender,,77,ms,firefox,,1749533966,2023-08-31 12:08:33,1293887,,,,,,,,,,,,,,,,,,,,,,,,,,,,,,,,,,,,,,,,,,,,,,,,,TN
762,5d3c17292121902b8c960f741e0246f2d0fca60c,0.2402846814279258,autoland,3779647,13,a34e21034f2e3c317ebb3d485012938d48ad04ac,macosx1015-64-shippable-qr,True,False,,|f|i|s|s|i|o|n| |w|a|r|m| |w|e|b|r|e|n|d|e|r|,102210fe594ee9b33d82058545b1ed14f4c8206e,PerceptualSpeedIndex,google-docs,True,google-docs PerceptualSpeedIndex opt fission warm webrender,,77,ms,firefox,,1749528291,2023-08-31 12:29:47,1293894,,,,,,,,,,,,,,,,,,,,,,,,,,,,,,,,,,,,,,,,,,,,,,,,,TN
763,04436061c3f18010405d6a2c7295e223bd2ec3a0,0.23260280162675118,autoland,3779647,13,a34e21034f2e3c317ebb3d485012938d48ad04ac,macosx1015-64-shippable-qr,True,False,,|f|i|s|s|i|o|n| |w|a|r|m| |w|e|b|r|e|n|d|e|r|,102210fe594ee9b33d82058545b1ed14f4c8206e,PerceptualSpeedIndex,google-docs,True,google-docs PerceptualSpeedIndex opt fission warm webrender,,77,ms,firefox,,1749492227,2023-08-31 12:44:44,1293897,,,,,,,,,,,,,,,,,,,,,,,,,,,,,,,,,,,,,,,,,,,,,,,,,TN
764,283a74693e57c52d5af0584e5e618b957e46ba5c,0.2457071848169905,autoland,3779647,13,a34e21034f2e3c317ebb3d485012938d48ad04ac,macosx1015-64-shippable-qr,True,False,,|f|i|s|s|i|o|n| |w|a|r|m| |w|e|b|r|e|n|d|e|r|,102210fe594ee9b33d82058545b1ed14f4c8206e,PerceptualSpeedIndex,google-docs,True,google-docs PerceptualSpeedIndex opt fission warm webrender,,77,ms,firefox,,1749526723,2023-08-31 13:32:39,1293915,,,,,,,,,,,,,,,,,,,,,,,,,,,,,,,,,,,,,,,,,,,,,,,,,TN
765,79fd00522da11013e2076ceccfd842c54d2f0822,0.2382512426570269,autoland,3779647,13,a34e21034f2e3c317ebb3d485012938d48ad04ac,macosx1015-64-shippable-qr,True,False,,|f|i|s|s|i|o|n| |w|a|r|m| |w|e|b|r|e|n|d|e|r|,102210fe594ee9b33d82058545b1ed14f4c8206e,PerceptualSpeedIndex,google-docs,True,google-docs PerceptualSpeedIndex opt fission warm webrender,,77,ms,firefox,,1748617940,2023-08-31 14:04:37,1293937,,,,,,,,,,,,,,,,,,,,,,,,,,,,,,,,,,,,,,,,,,,,,,,,,TN
766,b14e43360960d11029439e3e2e8be97f06739303,0.26626751016719363,autoland,3779647,13,a34e21034f2e3c317ebb3d485012938d48ad04ac,macosx1015-64-shippable-qr,True,False,,|f|i|s|s|i|o|n| |w|a|r|m| |w|e|b|r|e|n|d|e|r|,102210fe594ee9b33d82058545b1ed14f4c8206e,PerceptualSpeedIndex,google-docs,True,google-docs PerceptualSpeedIndex opt fission warm webrender,,77,ms,firefox,,1749592787,2023-08-31 14:05:26,1293939,,,,,,,,,,,,,,,,,,,,,,,,,,,,,,,,,,,,,,,,,,,,,,,,,TN
767,b3b64c6b12cdd46d4683c3045b7710171354ff6a,0.23757342973339335,autoland,3779647,13,a34e21034f2e3c317ebb3d485012938d48ad04ac,macosx1015-64-shippable-qr,True,False,,|f|i|s|s|i|o|n| |w|a|r|m| |w|e|b|r|e|n|d|e|r|,102210fe594ee9b33d82058545b1ed14f4c8206e,PerceptualSpeedIndex,google-docs,True,google-docs PerceptualSpeedIndex opt fission warm webrender,,77,ms,firefox,,1749599903,2023-08-31 14:09:18,1293942,,,,,,,,,,,,,,,,,,,,,,,,,,,,,,,,,,,,,,,,,,,,,,,,,TN
768,0d9f7e4fbe802577146abfdc39fae473b6806723,0.18041120650700404,autoland,3779647,13,a34e21034f2e3c317ebb3d485012938d48ad04ac,macosx1015-64-shippable-qr,True,False,,|f|i|s|s|i|o|n| |w|a|r|m| |w|e|b|r|e|n|d|e|r|,102210fe594ee9b33d82058545b1ed14f4c8206e,PerceptualSpeedIndex,google-docs,True,google-docs PerceptualSpeedIndex opt fission warm webrender,,77,ms,firefox,,1749505665,2023-08-31 14:58:26,1293964,,,,,,,,,,,,,,,,,,,,,,,,,,,,,,,,,,,,,,,,,,,,,,,,,TN
769,d94f12d0e000842fbeb6efdd7249e293bbdaf8d1,0.2475146859466788,autoland,3779647,13,a34e21034f2e3c317ebb3d485012938d48ad04ac,macosx1015-64-shippable-qr,True,False,,|f|i|s|s|i|o|n| |w|a|r|m| |w|e|b|r|e|n|d|e|r|,102210fe594ee9b33d82058545b1ed14f4c8206e,PerceptualSpeedIndex,google-docs,True,google-docs PerceptualSpeedIndex opt fission warm webrender,,77,ms,firefox,,1749533648,2023-08-31 15:00:28,1293968,,,,,,,,,,,,,,,,,,,,,,,,,,,,,,,,,,,,,,,,,,,,,,,,,TN
770,ad418df11a3c4628f53f96c8ead5d233a337881b,0.2982376863985541,autoland,3779647,13,a34e21034f2e3c317ebb3d485012938d48ad04ac,macosx1015-64-shippable-qr,True,False,,|f|i|s|s|i|o|n| |w|a|r|m| |w|e|b|r|e|n|d|e|r|,102210fe594ee9b33d82058545b1ed14f4c8206e,PerceptualSpeedIndex,google-docs,True,google-docs PerceptualSpeedIndex opt fission warm webrender,,77,ms,firefox,,1749494593,2023-08-31 15:01:38,1293969,,,,,,,,,,,,,,,,,,,,,,,,,,,,,,,,,,,,,,,,,,,,,,,,,TN
771,f5e6bce28e5060c274360897d0241d38e2af632c,0.2600730531706583,autoland,3779647,13,a34e21034f2e3c317ebb3d485012938d48ad04ac,macosx1015-64-shippable-qr,True,False,,|f|i|s|s|i|o|n| |w|a|r|m| |w|e|b|r|e|n|d|e|r|,102210fe594ee9b33d82058545b1ed14f4c8206e,PerceptualSpeedIndex,google-docs,True,google-docs PerceptualSpeedIndex opt fission warm webrender,,77,ms,firefox,,1749527431,2023-08-31 15:37:01,1293982,,,,,,,,,,,,,,,,,,,,,,,,,,,,,,,,,,,,,,,,,,,,,,,,,TN
772,e930161a59352c4f89796a78b4ddfcfafd08f7f4,0.23674499171561947,autoland,3779647,13,a34e21034f2e3c317ebb3d485012938d48ad04ac,macosx1015-64-shippable-qr,True,False,,|f|i|s|s|i|o|n| |w|a|r|m| |w|e|b|r|e|n|d|e|r|,102210fe594ee9b33d82058545b1ed14f4c8206e,PerceptualSpeedIndex,google-docs,True,google-docs PerceptualSpeedIndex opt fission warm webrender,,77,ms,firefox,,1749529257,2023-08-31 16:04:35,1293994,,,,,,,,,,,,,,,,,,,,,,,,,,,,,,,,,,,,,,,,,,,,,,,,,TN
773,64ceb33533a47f77509a4391c344d35aa95ab136,0.2823768639855402,autoland,3779647,13,a34e21034f2e3c317ebb3d485012938d48ad04ac,macosx1015-64-shippable-qr,True,False,,|f|i|s|s|i|o|n| |w|a|r|m| |w|e|b|r|e|n|d|e|r|,102210fe594ee9b33d82058545b1ed14f4c8206e,PerceptualSpeedIndex,google-docs,True,google-docs PerceptualSpeedIndex opt fission warm webrender,,77,ms,firefox,,1749522665,2023-08-31 16:05:38,1293995,,,,,,,,,,,,,,,,,,,,,,,,,,,,,,,,,,,,,,,,,,,,,,,,,TN
774,1cfa4e734f9dcf3f74e11d051a1a5064acceed04,0.29254405784003623,autoland,3779647,13,a34e21034f2e3c317ebb3d485012938d48ad04ac,macosx1015-64-shippable-qr,True,False,,|f|i|s|s|i|o|n| |w|a|r|m| |w|e|b|r|e|n|d|e|r|,102210fe594ee9b33d82058545b1ed14f4c8206e,PerceptualSpeedIndex,google-docs,True,google-docs PerceptualSpeedIndex opt fission warm webrender,,77,ms,firefox,,1749523364,2023-08-31 16:18:58,1293999,,,,,,,,,,,,,,,,,,,,,,,,,,,,,,,,,,,,,,,,,,,,,,,,,TN
775,5b9e03176fe553f5ff1549407e7eaaf30bc785fd,0.28908721192950737,autoland,3779647,13,a34e21034f2e3c317ebb3d485012938d48ad04ac,macosx1015-64-shippable-qr,True,False,,|f|i|s|s|i|o|n| |w|a|r|m| |w|e|b|r|e|n|d|e|r|,102210fe594ee9b33d82058545b1ed14f4c8206e,PerceptualSpeedIndex,google-docs,True,google-docs PerceptualSpeedIndex opt fission warm webrender,,77,ms,firefox,,1749489253,2023-08-31 17:05:48,1294028,,,,,,,,,,,,,,,,,,,,,,,,,,,,,,,,,,,,,,,,,,,,,,,,,TN
776,a356d0eb9decfcb1ded59073a22058c7c694bad4,0.3199276999548124,autoland,3779647,13,a34e21034f2e3c317ebb3d485012938d48ad04ac,macosx1015-64-shippable-qr,True,False,,|f|i|s|s|i|o|n| |w|a|r|m| |w|e|b|r|e|n|d|e|r|,102210fe594ee9b33d82058545b1ed14f4c8206e,PerceptualSpeedIndex,google-docs,True,google-docs PerceptualSpeedIndex opt fission warm webrender,,77,ms,firefox,,1749529966,2023-08-31 17:58:48,1294057,,,,,,,,,,,,,,,,,,,,,,,,,,,,,,,,,,,,,,,,,,,,,,,,,TN
777,bd48139a6966dfb067c7b31bdf2021bd85a1f6a9,0.2867148666967918,autoland,3779647,13,a34e21034f2e3c317ebb3d485012938d48ad04ac,macosx1015-64-shippable-qr,True,False,,|f|i|s|s|i|o|n| |w|a|r|m| |w|e|b|r|e|n|d|e|r|,102210fe594ee9b33d82058545b1ed14f4c8206e,PerceptualSpeedIndex,google-docs,True,google-docs PerceptualSpeedIndex opt fission warm webrender,,77,ms,firefox,,1748642379,2023-08-31 18:09:30,1294069,,,,,,,,,,,,,,,,,,,,,,,,,,,,,,,,,,,,,,,,,,,,,,,,,TN
778,14117ed3c63a444931eb69e3a486bde4be07b6cc,0.28761861726163573,autoland,3779647,13,a34e21034f2e3c317ebb3d485012938d48ad04ac,macosx1015-64-shippable-qr,True,False,,|f|i|s|s|i|o|n| |w|a|r|m| |w|e|b|r|e|n|d|e|r|,102210fe594ee9b33d82058545b1ed14f4c8206e,PerceptualSpeedIndex,google-docs,True,google-docs PerceptualSpeedIndex opt fission warm webrender,,77,ms,firefox,,1748843180,2023-08-31 19:30:57,1294120,,,,,,,,,,,,,,,,,,,,,,,,,,,,,,,,,,,,,,,,,,,,,,,,,TN
779,a0d77e120c268cc1e877891df07436c1128dde4f,0.2772254857659284,autoland,3779647,13,a34e21034f2e3c317ebb3d485012938d48ad04ac,macosx1015-64-shippable-qr,True,False,,|f|i|s|s|i|o|n| |w|a|r|m| |w|e|b|r|e|n|d|e|r|,102210fe594ee9b33d82058545b1ed14f4c8206e,PerceptualSpeedIndex,google-docs,True,google-docs PerceptualSpeedIndex opt fission warm webrender,,77,ms,firefox,,1748657547,2023-08-31 19:33:29,1294123,,,,,,,,,,,,,,,,,,,,,,,,,,,,,,,,,,,,,,,,,,,,,,,,,TN
780,6433f4d865eef19ec6c2110009e4e3a281c59799,0.39380930863081787,autoland,3779647,13,a34e21034f2e3c317ebb3d485012938d48ad04ac,macosx1015-64-shippable-qr,True,False,,|f|i|s|s|i|o|n| |w|a|r|m| |w|e|b|r|e|n|d|e|r|,102210fe594ee9b33d82058545b1ed14f4c8206e,PerceptualSpeedIndex,google-docs,True,google-docs PerceptualSpeedIndex opt fission warm webrender,,77,ms,firefox,,1748836184,2023-08-31 20:20:26,1294162,,,,,,,,,,,,,,,,,,,,,,,,,,,,,,,,,,,,,,,,,,,,,,,,,TN
781,d5b172f3396fca2c5326f7c289b87ec3ddd75533,0.2971079981924989,autoland,3779647,13,a34e21034f2e3c317ebb3d485012938d48ad04ac,macosx1015-64-shippable-qr,True,False,,|f|i|s|s|i|o|n| |w|a|r|m| |w|e|b|r|e|n|d|e|r|,102210fe594ee9b33d82058545b1ed14f4c8206e,PerceptualSpeedIndex,google-docs,True,google-docs PerceptualSpeedIndex opt fission warm webrender,,77,ms,firefox,,1748842088,2023-08-31 20:42:50,1294180,,,,,,,,,,,,,,,,,,,,,,,,,,,,,,,,,,,,,,,,,,,,,,,,,TN
782,27ce38e0ae179241f6afc83c246df3113fc76eb5,0.2632173520108452,autoland,3779647,13,a34e21034f2e3c317ebb3d485012938d48ad04ac,macosx1015-64-shippable-qr,True,False,,|f|i|s|s|i|o|n| |w|a|r|m| |w|e|b|r|e|n|d|e|r|,102210fe594ee9b33d82058545b1ed14f4c8206e,PerceptualSpeedIndex,google-docs,True,google-docs PerceptualSpeedIndex opt fission warm webrender,,77,ms,firefox,,1748755560,2023-09-01 00:39:38,1294315,,,,,,,,,,,,,,,,,,,,,,,,,,,,,,,,,,,,,,,,,,,,,,,,,TN
783,9034f1db1295f77ef75c8afa9ac280788649b1c4,0.2964301852688658,autoland,3779647,13,a34e21034f2e3c317ebb3d485012938d48ad04ac,macosx1015-64-shippable-qr,True,False,,|f|i|s|s|i|o|n| |w|a|r|m| |w|e|b|r|e|n|d|e|r|,102210fe594ee9b33d82058545b1ed14f4c8206e,PerceptualSpeedIndex,google-docs,True,google-docs PerceptualSpeedIndex opt fission warm webrender,,77,ms,firefox,,1748763521,2023-09-01 01:00:26,1294322,,,,,,,,,,,,,,,,,,,,,,,,,,,,,,,,,,,,,,,,,,,,,,,,,TN
784,ae769caa17a3a27e7fed2cfd78ea439adf051dc8,0.3081789426118391,autoland,3779647,13,a34e21034f2e3c317ebb3d485012938d48ad04ac,macosx1015-64-shippable-qr,True,False,,|f|i|s|s|i|o|n| |w|a|r|m| |w|e|b|r|e|n|d|e|r|,102210fe594ee9b33d82058545b1ed14f4c8206e,PerceptualSpeedIndex,google-docs,True,google-docs PerceptualSpeedIndex opt fission warm webrender,,77,ms,firefox,,1748913744,2023-09-01 06:26:09,1294426,,,,,,,,,,,,,,,,,,,,,,,,,,,,,,,,,,,,,,,,,,,,,,,,,TN
785,2e446d8859cc4a60faa49f68ed5445c534e47850,0.27858111161319465,autoland,3779647,13,a34e21034f2e3c317ebb3d485012938d48ad04ac,macosx1015-64-shippable-qr,True,False,,|f|i|s|s|i|o|n| |w|a|r|m| |w|e|b|r|e|n|d|e|r|,102210fe594ee9b33d82058545b1ed14f4c8206e,PerceptualSpeedIndex,google-docs,True,google-docs PerceptualSpeedIndex opt fission warm webrender,,77,ms,firefox,,1749072967,2023-09-01 10:42:21,1294509,,,,,,,,,,,,,,,,,,,,,,,,,,,,,,,,,,,,,,,,,,,,,,,,,TN
786,dfc8a4578c404856f2c383d037d44dab021f40c3,0.28603705377315847,autoland,3779647,13,a34e21034f2e3c317ebb3d485012938d48ad04ac,macosx1015-64-shippable-qr,True,False,,|f|i|s|s|i|o|n| |w|a|r|m| |w|e|b|r|e|n|d|e|r|,102210fe594ee9b33d82058545b1ed14f4c8206e,PerceptualSpeedIndex,google-docs,True,google-docs PerceptualSpeedIndex opt fission warm webrender,,77,ms,firefox,,1749546632,2023-09-01 11:07:42,1294519,,,,,,,,,,,,,,,,,,,,,,,,,,,,,,,,,,,,,,,,,,,,,,,,,TN
787,c12da820266b0537b4b77b3b9609c089eafd3e4d,0.3411658382286489,autoland,3779647,13,a34e21034f2e3c317ebb3d485012938d48ad04ac,macosx1015-64-shippable-qr,True,False,,|f|i|s|s|i|o|n| |w|a|r|m| |w|e|b|r|e|n|d|e|r|,102210fe594ee9b33d82058545b1ed14f4c8206e,PerceptualSpeedIndex,google-docs,True,google-docs PerceptualSpeedIndex opt fission warm webrender,,77,ms,firefox,,1749546317,2023-09-01 11:44:03,1294531,,,,,,,,,,,,,,,,,,,,,,,,,,,,,,,,,,,,,,,,,,,,,,,,,TN
788,bf57203fdaf0f91ccecca73cc02286e5c20686be,0.3739267962042476,autoland,3779647,13,a34e21034f2e3c317ebb3d485012938d48ad04ac,macosx1015-64-shippable-qr,True,False,,|f|i|s|s|i|o|n| |w|a|r|m| |w|e|b|r|e|n|d|e|r|,102210fe594ee9b33d82058545b1ed14f4c8206e,PerceptualSpeedIndex,google-docs,True,google-docs PerceptualSpeedIndex opt fission warm webrender,,77,ms,firefox,,1749095143,2023-09-01 11:44:59,1294532,,,,,,,,,,,,,,,,,,,,,,,,,,,,,,,,,,,,,,,,,,,,,,,,,TN
789,ad7684944accdb72fb27cae1118a774a95ed9c55,0.2966561229100768,autoland,3779647,13,a34e21034f2e3c317ebb3d485012938d48ad04ac,macosx1015-64-shippable-qr,True,False,,|f|i|s|s|i|o|n| |w|a|r|m| |w|e|b|r|e|n|d|e|r|,102210fe594ee9b33d82058545b1ed14f4c8206e,PerceptualSpeedIndex,google-docs,True,google-docs PerceptualSpeedIndex opt fission warm webrender,,77,ms,firefox,,1749226254,2023-09-01 15:47:54,1294651,,,,,,,,,,,,,,,,,,,,,,,,,,,,,,,,,,,,,,,,,,,,,,,,,TN
790,fccf186ac4e88bf822ac830ba689a15017be05e1,0.3063714414821508,autoland,3779647,13,a34e21034f2e3c317ebb3d485012938d48ad04ac,macosx1015-64-shippable-qr,True,False,,|f|i|s|s|i|o|n| |w|a|r|m| |w|e|b|r|e|n|d|e|r|,102210fe594ee9b33d82058545b1ed14f4c8206e,PerceptualSpeedIndex,google-docs,True,google-docs PerceptualSpeedIndex opt fission warm webrender,,77,ms,firefox,,1749243502,2023-09-01 17:12:14,1294691,,,,,,,,,,,,,,,,,,,,,,,,,,,,,,,,,,,,,,,,,,,,,,,,,TN
791,99eed791079c7b72126fee110226a0f9c519a053,0.28400361500225935,autoland,3779647,13,a34e21034f2e3c317ebb3d485012938d48ad04ac,macosx1015-64-shippable-qr,True,False,,|f|i|s|s|i|o|n| |w|a|r|m| |w|e|b|r|e|n|d|e|r|,102210fe594ee9b33d82058545b1ed14f4c8206e,PerceptualSpeedIndex,google-docs,True,google-docs PerceptualSpeedIndex opt fission warm webrender,,77,ms,firefox,,1749533319,2023-09-02 01:00:47,1294900,,,,,,,,,,,,,,,,,,,,,,,,,,,,,,,,,,,,,,,,,,,,,,,,,TN
792,0d100cd406fac31edd725aaa2ca36c72593b7207,0.28897424310890196,autoland,3779647,13,a34e21034f2e3c317ebb3d485012938d48ad04ac,macosx1015-64-shippable-qr,True,False,,|f|i|s|s|i|o|n| |w|a|r|m| |w|e|b|r|e|n|d|e|r|,102210fe594ee9b33d82058545b1ed14f4c8206e,PerceptualSpeedIndex,google-docs,True,google-docs PerceptualSpeedIndex opt fission warm webrender,,77,ms,firefox,,1749561581,2023-09-02 06:50:37,1294943,,,,,,,,,,,,,,,,,,,,,,,,,,,,,,,,,,,,,,,,,,,,,,,,,TN
793,66f85436a9395093f71f506f8cdc16623cbbb38e,0.2738364211477631,autoland,3779647,13,a34e21034f2e3c317ebb3d485012938d48ad04ac,macosx1015-64-shippable-qr,True,False,,|f|i|s|s|i|o|n| |w|a|r|m| |w|e|b|r|e|n|d|e|r|,102210fe594ee9b33d82058545b1ed14f4c8206e,PerceptualSpeedIndex,google-docs,True,google-docs PerceptualSpeedIndex opt fission warm webrender,,77,ms,firefox,,1749619640,2023-09-02 11:43:51,1294960,,,,,,,,,,,,,,,,,,,,,,,,,,,,,,,,,,,,,,,,,,,,,,,,,TN
794,ee62282ee19c0c3cceebbdb2cd283127260a46d6,0.2774514234071397,autoland,3779647,13,a34e21034f2e3c317ebb3d485012938d48ad04ac,macosx1015-64-shippable-qr,True,False,,|f|i|s|s|i|o|n| |w|a|r|m| |w|e|b|r|e|n|d|e|r|,102210fe594ee9b33d82058545b1ed14f4c8206e,PerceptualSpeedIndex,google-docs,True,google-docs PerceptualSpeedIndex opt fission warm webrender,,77,ms,firefox,,1749646071,2023-09-02 16:16:12,1294982,,,,,,,,,,,,,,,,,,,,,,,,,,,,,,,,,,,,,,,,,,,,,,,,,TN
795,e2d4c17692b7650a5aefa27823ab8cb72dc06fe6,0.30072300045187506,autoland,3779647,13,a34e21034f2e3c317ebb3d485012938d48ad04ac,macosx1015-64-shippable-qr,True,False,,|f|i|s|s|i|o|n| |w|a|r|m| |w|e|b|r|e|n|d|e|r|,102210fe594ee9b33d82058545b1ed14f4c8206e,PerceptualSpeedIndex,google-docs,True,google-docs PerceptualSpeedIndex opt fission warm webrender,,77,ms,firefox,,1749839484,2023-09-03 15:28:00,1295071,,,,,,,,,,,,,,,,,,,,,,,,,,,,,,,,,,,,,,,,,,,,,,,,,TN
796,39747a728e31525f254d25d9fa323a491dda5b09,0.2894261183913238,autoland,3779647,13,a34e21034f2e3c317ebb3d485012938d48ad04ac,macosx1015-64-shippable-qr,True,False,,|f|i|s|s|i|o|n| |w|a|r|m| |w|e|b|r|e|n|d|e|r|,102210fe594ee9b33d82058545b1ed14f4c8206e,PerceptualSpeedIndex,google-docs,True,google-docs PerceptualSpeedIndex opt fission warm webrender,,77,ms,firefox,,1749876798,2023-09-03 17:48:29,1295079,,,,,,,,,,,,,,,,,,,,,,,,,,,,,,,,,,,,,,,,,,,,,,,,,TN
797,9398dc74275ecd37eab02b496051302e67ce059f,0.30072300045187506,autoland,3779647,13,a34e21034f2e3c317ebb3d485012938d48ad04ac,macosx1015-64-shippable-qr,True,False,,|f|i|s|s|i|o|n| |w|a|r|m| |w|e|b|r|e|n|d|e|r|,102210fe594ee9b33d82058545b1ed14f4c8206e,PerceptualSpeedIndex,google-docs,True,google-docs PerceptualSpeedIndex opt fission warm webrender,,77,ms,firefox,,1749976516,2023-09-04 00:54:15,1295103,,,,,,,,,,,,,,,,,,,,,,,,,,,,,,,,,,,,,,,,,,,,,,,,,TN
798,738c0a460acb30ab2ab419f4c0dc93fa9af200d6,0.3038861274288298,autoland,3779647,13,a34e21034f2e3c317ebb3d485012938d48ad04ac,macosx1015-64-shippable-qr,True,False,,|f|i|s|s|i|o|n| |w|a|r|m| |w|e|b|r|e|n|d|e|r|,102210fe594ee9b33d82058545b1ed14f4c8206e,PerceptualSpeedIndex,google-docs,True,google-docs PerceptualSpeedIndex opt fission warm webrender,,77,ms,firefox,,1750037430,2023-09-04 05:09:42,1295121,,,,,,,,,,,,,,,,,,,,,,,,,,,,,,,,,,,,,,,,,,,,,,,,,TN
799,5378e223b13ecd8d32d6afddc956d8bdca322ef0,0.2914595571622234,autoland,3779647,13,a34e21034f2e3c317ebb3d485012938d48ad04ac,macosx1015-64-shippable-qr,True,False,,|f|i|s|s|i|o|n| |w|a|r|m| |w|e|b|r|e|n|d|e|r|,102210fe594ee9b33d82058545b1ed14f4c8206e,PerceptualSpeedIndex,google-docs,True,google-docs PerceptualSpeedIndex opt fission warm webrender,,77,ms,firefox,,1750079033,2023-09-04 08:06:31,1295171,,,,,,,,,,,,,,,,,,,,,,,,,,,,,,,,,,,,,,,,,,,,,,,,,TN
800,16cc1aa2701e0b2cf32665cee19dc11308a4760a,0.25824672390420234,autoland,3779647,13,a34e21034f2e3c317ebb3d485012938d48ad04ac,macosx1015-64-shippable-qr,True,False,,|f|i|s|s|i|o|n| |w|a|r|m| |w|e|b|r|e|n|d|e|r|,102210fe594ee9b33d82058545b1ed14f4c8206e,PerceptualSpeedIndex,google-docs,True,google-docs PerceptualSpeedIndex opt fission warm webrender,,77,ms,firefox,,1750220502,2023-09-04 12:17:38,1295286,,,,,,,,,,,,,,,,,,,,,,,,,,,,,,,,,,,,,,,,,,,,,,,,,TN
801,2c0ab3a7f1f3e1e095a0175f8a6096d10a311a5a,0.2794848621780388,autoland,3779647,13,a34e21034f2e3c317ebb3d485012938d48ad04ac,macosx1015-64-shippable-qr,True,False,,|f|i|s|s|i|o|n| |w|a|r|m| |w|e|b|r|e|n|d|e|r|,102210fe594ee9b33d82058545b1ed14f4c8206e,PerceptualSpeedIndex,google-docs,True,google-docs PerceptualSpeedIndex opt fission warm webrender,,77,ms,firefox,,1750329666,2023-09-04 20:09:20,1295407,,,,,,,,,,,,,,,,,,,,,,,,,,,,,,,,,,,,,,,,,,,,,,,,,TN
802,530fe27f752d2f1fa88cd1013b419d7c1ca1a2e0,0.2641211025756891,autoland,3779647,13,a34e21034f2e3c317ebb3d485012938d48ad04ac,macosx1015-64-shippable-qr,True,False,,|f|i|s|s|i|o|n| |w|a|r|m| |w|e|b|r|e|n|d|e|r|,102210fe594ee9b33d82058545b1ed14f4c8206e,PerceptualSpeedIndex,google-docs,True,google-docs PerceptualSpeedIndex opt fission warm webrender,,77,ms,firefox,,1750395096,2023-09-05 01:26:26,1295456,,,,,,,,,,,,,,,,,,,,,,,,,,,,,,,,,,,,,,,,,,,,,,,,,TN
803,55f5393d14f682f76c2d9f9c857c9f0890ee2a7f,0.3156348847718029,autoland,3779647,13,a34e21034f2e3c317ebb3d485012938d48ad04ac,macosx1015-64-shippable-qr,True,False,,|f|i|s|s|i|o|n| |w|a|r|m| |w|e|b|r|e|n|d|e|r|,102210fe594ee9b33d82058545b1ed14f4c8206e,PerceptualSpeedIndex,google-docs,True,google-docs PerceptualSpeedIndex opt fission warm webrender,,77,ms,firefox,,1750493714,2023-09-05 06:45:05,1295504,,,,,,,,,,,,,,,,,,,,,,,,,,,,,,,,,,,,,,,,,,,,,,,,,TN
804,27708fc6f6648945c105baa6a5c63f9d62f265b5,0.255083596927248,autoland,3779647,13,a34e21034f2e3c317ebb3d485012938d48ad04ac,macosx1015-64-shippable-qr,True,False,,|f|i|s|s|i|o|n| |w|a|r|m| |w|e|b|r|e|n|d|e|r|,102210fe594ee9b33d82058545b1ed14f4c8206e,PerceptualSpeedIndex,google-docs,True,google-docs PerceptualSpeedIndex opt fission warm webrender,,77,ms,firefox,,1750619979,2023-09-05 11:29:45,1295622,,,,,,,,,,,,,,,,,,,,,,,,,,,,,,,,,,,,,,,,,,,,,,,,,TN
805,42d664dd03163fb19554f6e18c4163b8622b4401,0.2609579755987348,autoland,3779647,13,a34e21034f2e3c317ebb3d485012938d48ad04ac,macosx1015-64-shippable-qr,True,False,,|f|i|s|s|i|o|n| |w|a|r|m| |w|e|b|r|e|n|d|e|r|,102210fe594ee9b33d82058545b1ed14f4c8206e,PerceptualSpeedIndex,google-docs,True,google-docs PerceptualSpeedIndex opt fission warm webrender,,77,ms,firefox,,1750623461,2023-09-05 11:45:39,1295627,,,,,,,,,,,,,,,,,,,,,,,,,,,,,,,,,,,,,,,,,,,,,,,,,TN
806,40053facf08c6ea9bc6a6f5ae223a6faa89ebc08,0.33529145955716233,autoland,3779647,13,a34e21034f2e3c317ebb3d485012938d48ad04ac,macosx1015-64-shippable-qr,True,False,,|f|i|s|s|i|o|n| |w|a|r|m| |w|e|b|r|e|n|d|e|r|,102210fe594ee9b33d82058545b1ed14f4c8206e,PerceptualSpeedIndex,google-docs,True,google-docs PerceptualSpeedIndex opt fission warm webrender,,77,ms,firefox,,1750741279,2023-09-05 15:46:18,1295770,,,,,,,,,,,,,,,,,,,,,,,,,,,,,,,,,,,,,,,,,,,,,,,,,TN
807,08da3ca498f61eb9acb594038c5e764cfb37d735,0.28581111613194765,autoland,3779647,13,a34e21034f2e3c317ebb3d485012938d48ad04ac,macosx1015-64-shippable-qr,True,False,,|f|i|s|s|i|o|n| |w|a|r|m| |w|e|b|r|e|n|d|e|r|,102210fe594ee9b33d82058545b1ed14f4c8206e,PerceptualSpeedIndex,google-docs,True,google-docs PerceptualSpeedIndex opt fission warm webrender,,77,ms,firefox,,1750743612,2023-09-05 16:15:45,1295791,,,,,,,,,,,,,,,,,,,,,,,,,,,,,,,,,,,,,,,,,,,,,,,,,TN
808,e6278ccb302b74ca329c17e5d00508b795c54eec,0.30230456394035254,autoland,3779647,13,a34e21034f2e3c317ebb3d485012938d48ad04ac,macosx1015-64-shippable-qr,True,False,,|f|i|s|s|i|o|n| |w|a|r|m| |w|e|b|r|e|n|d|e|r|,102210fe594ee9b33d82058545b1ed14f4c8206e,PerceptualSpeedIndex,google-docs,True,google-docs PerceptualSpeedIndex opt fission warm webrender,,77,ms,firefox,,1750813781,2023-09-05 19:25:11,1295926,,,,,,,,,,,,,,,,,,,,,,,,,,,,,,,,,,,,,,,,,,,,,,,,,TN
809,b34280e9a0872e3b3f0893cd3bd78bf94b421612,0.25960234975146856,autoland,3779647,13,a34e21034f2e3c317ebb3d485012938d48ad04ac,macosx1015-64-shippable-qr,True,False,,|f|i|s|s|i|o|n| |w|a|r|m| |w|e|b|r|e|n|d|e|r|,102210fe594ee9b33d82058545b1ed14f4c8206e,PerceptualSpeedIndex,google-docs,True,google-docs PerceptualSpeedIndex opt fission warm webrender,,77,ms,firefox,,1750965081,2023-09-05 23:38:09,1296071,,,,,,,,,,,,,,,,,,,,,,,,,,,,,,,,,,,,,,,,,,,,,,,,,TN
810,ff7e2e9adbc1753b1f3e01a3f2eb8a91bb911418,0.4093990058743786,autoland,3779647,13,a34e21034f2e3c317ebb3d485012938d48ad04ac,macosx1015-64-shippable-qr,True,False,,|f|i|s|s|i|o|n| |w|a|r|m| |w|e|b|r|e|n|d|e|r|,102210fe594ee9b33d82058545b1ed14f4c8206e,PerceptualSpeedIndex,google-docs,True,google-docs PerceptualSpeedIndex opt fission warm webrender,,77,ms,firefox,,1751007853,2023-09-06 00:54:53,1296116,,,,,,,,,,,,,,,,,,,,,,,,,,,,,,,,,,,,,,,,,,,,,,,,,TN
811,5c56b92baa65aa27df61f84718594767ef8f26f4,0.39539087211929513,autoland,3779647,13,a34e21034f2e3c317ebb3d485012938d48ad04ac,macosx1015-64-shippable-qr,True,False,,|f|i|s|s|i|o|n| |w|a|r|m| |w|e|b|r|e|n|d|e|r|,102210fe594ee9b33d82058545b1ed14f4c8206e,PerceptualSpeedIndex,google-docs,True,google-docs PerceptualSpeedIndex opt fission warm webrender,,77,ms,firefox,,1751090687,2023-09-06 05:00:41,1296186,,,,,,,,,,,,,,,,,,,,,,,,,,,,,,,,,,,,,,,,,,,,,,,,,TN
812,6631a30338d3de03925f76afd071a29511729440,0.2898779936737461,autoland,3779647,13,a34e21034f2e3c317ebb3d485012938d48ad04ac,macosx1015-64-shippable-qr,True,False,,|f|i|s|s|i|o|n| |w|a|r|m| |w|e|b|r|e|n|d|e|r|,102210fe594ee9b33d82058545b1ed14f4c8206e,PerceptualSpeedIndex,google-docs,True,google-docs PerceptualSpeedIndex opt fission warm webrender,,77,ms,firefox,,1751221083,2023-09-06 10:31:58,1296288,,,,,,,,,,,,,,,,,,,,,,,,,,,,,,,,,,,,,,,,,,,,,,,,,TN
813,e43370e4259f61e0c264dbcef8b45e2862b3c5e8,0.3743786714866697,autoland,3779647,13,a34e21034f2e3c317ebb3d485012938d48ad04ac,macosx1015-64-shippable-qr,True,False,,|f|i|s|s|i|o|n| |w|a|r|m| |w|e|b|r|e|n|d|e|r|,102210fe594ee9b33d82058545b1ed14f4c8206e,PerceptualSpeedIndex,google-docs,True,google-docs PerceptualSpeedIndex opt fission warm webrender,,77,ms,firefox,,1751235695,2023-09-06 11:18:29,1296309,,,,,,,,,,,,,,,,,,,,,,,,,,,,,,,,,,,,,,,,,,,,,,,,,TN
814,1efdead581242a06398d33ea25040ec415b4051a,0.2758698599186624,autoland,3779647,13,a34e21034f2e3c317ebb3d485012938d48ad04ac,macosx1015-64-shippable-qr,True,False,,|f|i|s|s|i|o|n| |w|a|r|m| |w|e|b|r|e|n|d|e|r|,102210fe594ee9b33d82058545b1ed14f4c8206e,PerceptualSpeedIndex,google-docs,True,google-docs PerceptualSpeedIndex opt fission warm webrender,,77,ms,firefox,,1751645609,2023-09-06 12:46:11,1296355,,,,,,,,,,,,,,,,,,,,,,,,,,,,,,,,,,,,,,,,,,,,,,,,,TN
815,90f7ca5b0ec6598e9a3298d82a4a34df06986322,0.43470402169001354,autoland,3779647,13,a34e21034f2e3c317ebb3d485012938d48ad04ac,macosx1015-64-shippable-qr,True,False,,|f|i|s|s|i|o|n| |w|a|r|m| |w|e|b|r|e|n|d|e|r|,102210fe594ee9b33d82058545b1ed14f4c8206e,PerceptualSpeedIndex,google-docs,True,google-docs PerceptualSpeedIndex opt fission warm webrender,,77,ms,firefox,,1751647054,2023-09-06 12:47:02,1296356,,,,,,,,,,,,,,,,,,,,,,,,,,,,,,,,,,,,,,,,,,,,,,,,,TN
816,0315c2d875ca2a95bbb65ef4a1f7b75f72ed7263,0.28219611387257126,autoland,3779647,13,a34e21034f2e3c317ebb3d485012938d48ad04ac,macosx1015-64-shippable-qr,True,False,,|f|i|s|s|i|o|n| |w|a|r|m| |w|e|b|r|e|n|d|e|r|,102210fe594ee9b33d82058545b1ed14f4c8206e,PerceptualSpeedIndex,google-docs,True,google-docs PerceptualSpeedIndex opt fission warm webrender,,77,ms,firefox,,1751330933,2023-09-06 14:28:21,1296418,,,,,,,,,,,,,,,,,,,,,,,,,,,,,,,,,,,,,,,,,,,,,,,,,TN
817,0489416a8aec949f888e29303c9bbe21ed1f99e7,0.2742882964301854,autoland,3779647,13,a34e21034f2e3c317ebb3d485012938d48ad04ac,macosx1015-64-shippable-qr,True,False,,|f|i|s|s|i|o|n| |w|a|r|m| |w|e|b|r|e|n|d|e|r|,102210fe594ee9b33d82058545b1ed14f4c8206e,PerceptualSpeedIndex,google-docs,True,google-docs PerceptualSpeedIndex opt fission warm webrender,,77,ms,firefox,,1751643726,2023-09-06 16:46:52,1296506,,,,,,,,,,,,,,,,,,,,,,,,,,,,,,,,,,,,,,,,,,,,,,,,,TN
818,e7a99f508f56aad179face2013609fc9498d0c8f,0.3093086308178943,autoland,3779647,13,a34e21034f2e3c317ebb3d485012938d48ad04ac,macosx1015-64-shippable-qr,True,False,,|f|i|s|s|i|o|n| |w|a|r|m| |w|e|b|r|e|n|d|e|r|,102210fe594ee9b33d82058545b1ed14f4c8206e,PerceptualSpeedIndex,google-docs,True,google-docs PerceptualSpeedIndex opt fission warm webrender,,77,ms,firefox,,1751607720,2023-09-06 16:49:32,1296508,,,,,,,,,,,,,,,,,,,,,,,,,,,,,,,,,,,,,,,,,,,,,,,,,TN
819,340378041fcfd986f6c0edb18a81efbc36f930c1,0.28784455490284677,autoland,3779647,13,a34e21034f2e3c317ebb3d485012938d48ad04ac,macosx1015-64-shippable-qr,True,False,,|f|i|s|s|i|o|n| |w|a|r|m| |w|e|b|r|e|n|d|e|r|,102210fe594ee9b33d82058545b1ed14f4c8206e,PerceptualSpeedIndex,google-docs,True,google-docs PerceptualSpeedIndex opt fission warm webrender,,77,ms,firefox,,1751382372,2023-09-06 18:00:42,1296561,,,,,,,,,,,,,,,,,,,,,,,,,,,,,,,,,,,,,,,,,,,,,,,,,TN
820,6e5768f3fc480965c2b67e5006ad8351d30a27b2,0.2835517397198375,autoland,3779647,13,a34e21034f2e3c317ebb3d485012938d48ad04ac,macosx1015-64-shippable-qr,True,False,,|f|i|s|s|i|o|n| |w|a|r|m| |w|e|b|r|e|n|d|e|r|,102210fe594ee9b33d82058545b1ed14f4c8206e,PerceptualSpeedIndex,google-docs,True,google-docs PerceptualSpeedIndex opt fission warm webrender,,77,ms,firefox,,1751531780,2023-09-06 21:18:27,1296699,,,,,,,,,,,,,,,,,,,,,,,,,,,,,,,,,,,,,,,,,,,,,,,,,TN
821,172ac46f5fd5a20a001b2cbed27df0ffb44ef6a6,0.30185268865793025,autoland,3779647,13,a34e21034f2e3c317ebb3d485012938d48ad04ac,macosx1015-64-shippable-qr,True,False,,|f|i|s|s|i|o|n| |w|a|r|m| |w|e|b|r|e|n|d|e|r|,102210fe594ee9b33d82058545b1ed14f4c8206e,PerceptualSpeedIndex,google-docs,True,google-docs PerceptualSpeedIndex opt fission warm webrender,,77,ms,firefox,,1751586879,2023-09-07 02:02:33,1296842,,,,,,,,,,,,,,,,,,,,,,,,,,,,,,,,,,,,,,,,,,,,,,,,,TN
822,c8b40099127c273a58ba6defbe045c55752f0f64,0.29078174423859005,autoland,3779647,13,a34e21034f2e3c317ebb3d485012938d48ad04ac,macosx1015-64-shippable-qr,True,False,,|f|i|s|s|i|o|n| |w|a|r|m| |w|e|b|r|e|n|d|e|r|,102210fe594ee9b33d82058545b1ed14f4c8206e,PerceptualSpeedIndex,google-docs,True,google-docs PerceptualSpeedIndex opt fission warm webrender,,77,ms,firefox,,1751660272,2023-09-07 05:47:53,1296880,,,,,,,,,,,,,,,,,,,,,,,,,,,,,,,,,,,,,,,,,,,,,,,,,TN
823,72c09a220d986d7af3fa78b07b9b87cd943f9ab5,0.3325802078626299,autoland,3779647,13,a34e21034f2e3c317ebb3d485012938d48ad04ac,macosx1015-64-shippable-qr,True,False,,|f|i|s|s|i|o|n| |w|a|r|m| |w|e|b|r|e|n|d|e|r|,102210fe594ee9b33d82058545b1ed14f4c8206e,PerceptualSpeedIndex,google-docs,True,google-docs PerceptualSpeedIndex opt fission warm webrender,,77,ms,firefox,,1751792374,2023-09-07 10:02:59,1296967,,,,,,,,,,,,,,,,,,,,,,,,,,,,,,,,,,,,,,,,,,,,,,,,,TN
824,31aee1c71573016a4a40410e1c41adad2304c430,0.30004518752824216,autoland,3779647,13,a34e21034f2e3c317ebb3d485012938d48ad04ac,macosx1015-64-shippable-qr,True,False,,|f|i|s|s|i|o|n| |w|a|r|m| |w|e|b|r|e|n|d|e|r|,102210fe594ee9b33d82058545b1ed14f4c8206e,PerceptualSpeedIndex,google-docs,True,google-docs PerceptualSpeedIndex opt fission warm webrender,,77,ms,firefox,,1751839527,2023-09-07 12:32:17,1297037,,,,,,,,,,,,,,,,,,,,,,,,,,,,,,,,,,,,,,,,,,,,,,,,,TN
825,be838735b3cf99411aaa287377f080810144f92d,0.27925892453682777,autoland,3779647,13,a34e21034f2e3c317ebb3d485012938d48ad04ac,macosx1015-64-shippable-qr,True,False,,|f|i|s|s|i|o|n| |w|a|r|m| |w|e|b|r|e|n|d|e|r|,102210fe594ee9b33d82058545b1ed14f4c8206e,PerceptualSpeedIndex,google-docs,True,google-docs PerceptualSpeedIndex opt fission warm webrender,,77,ms,firefox,,1751922061,2023-09-07 16:05:38,1297179,,,,,,,,,,,,,,,,,,,,,,,,,,,,,,,,,,,,,,,,,,,,,,,,,TN
826,ab58e27cf5b6fa10352b2aab7515d67826afc2b7,0.29326705829191146,autoland,3779647,13,a34e21034f2e3c317ebb3d485012938d48ad04ac,macosx1015-64-shippable-qr,True,False,,|f|i|s|s|i|o|n| |w|a|r|m| |w|e|b|r|e|n|d|e|r|,102210fe594ee9b33d82058545b1ed14f4c8206e,PerceptualSpeedIndex,google-docs,True,google-docs PerceptualSpeedIndex opt fission warm webrender,,77,ms,firefox,,1752315717,2023-09-07 16:07:31,1297180,,,,,,,,,,,,,,,,,,,,,,,,,,,,,,,,,,,,,,,,,,,,,,,,,TN
827,83e2fb4331f8fa061470e0f9823cdcdb78eb8a56,0.25892453682783545,autoland,3779647,13,a34e21034f2e3c317ebb3d485012938d48ad04ac,macosx1015-64-shippable-qr,True,False,,|f|i|s|s|i|o|n| |w|a|r|m| |w|e|b|r|e|n|d|e|r|,102210fe594ee9b33d82058545b1ed14f4c8206e,PerceptualSpeedIndex,google-docs,True,google-docs PerceptualSpeedIndex opt fission warm webrender,,77,ms,firefox,,1752304471,2023-09-07 16:19:54,1297187,,,,,,,,,,,,,,,,,,,,,,,,,,,,,,,,,,,,,,,,,,,,,,,,,TN
828,25b4a7559a80b3970d88de68b2ac92420ca025c8,0.39448712155445076,autoland,3779647,13,a34e21034f2e3c317ebb3d485012938d48ad04ac,macosx1015-64-shippable-qr,True,False,,|f|i|s|s|i|o|n| |w|a|r|m| |w|e|b|r|e|n|d|e|r|,102210fe594ee9b33d82058545b1ed14f4c8206e,PerceptualSpeedIndex,google-docs,True,google-docs PerceptualSpeedIndex opt fission warm webrender,,77,ms,firefox,,1752070190,2023-09-07 18:57:03,1297304,,,,,,,,,,,,,,,,,,,,,,,,,,,,,,,,,,,,,,,,,,,,,,,,,TN
829,6fb5507c20420498c1ebe5f2b6df35394d980f1c,0.27790329868956176,autoland,3779647,13,a34e21034f2e3c317ebb3d485012938d48ad04ac,macosx1015-64-shippable-qr,True,False,,|f|i|s|s|i|o|n| |w|a|r|m| |w|e|b|r|e|n|d|e|r|,102210fe594ee9b33d82058545b1ed14f4c8206e,PerceptualSpeedIndex,google-docs,True,google-docs PerceptualSpeedIndex opt fission warm webrender,,77,ms,firefox,,1752190707,2023-09-07 23:16:45,1297446,,,,,,,,,,,,,,,,,,,,,,,,,,,,,,,,,,,,,,,,,,,,,,,,,TN
830,3096b15a785accc50f5e96ad64eed31ebd5ae045,0.27790329868956176,autoland,3779647,13,a34e21034f2e3c317ebb3d485012938d48ad04ac,macosx1015-64-shippable-qr,True,False,,|f|i|s|s|i|o|n| |w|a|r|m| |w|e|b|r|e|n|d|e|r|,102210fe594ee9b33d82058545b1ed14f4c8206e,PerceptualSpeedIndex,google-docs,True,google-docs PerceptualSpeedIndex opt fission warm webrender,,77,ms,firefox,,1752199979,2023-09-07 23:39:19,1297453,,,,,,,,,,,,,,,,,,,,,,,,,,,,,,,,,,,,,,,,,,,,,,,,,TN
831,9cf29328d69c6278a4d9e184fcf79d33542cb600,0.2955264347040216,autoland,3779647,13,a34e21034f2e3c317ebb3d485012938d48ad04ac,macosx1015-64-shippable-qr,True,False,,|f|i|s|s|i|o|n| |w|a|r|m| |w|e|b|r|e|n|d|e|r|,102210fe594ee9b33d82058545b1ed14f4c8206e,PerceptualSpeedIndex,google-docs,True,google-docs PerceptualSpeedIndex opt fission warm webrender,,77,ms,firefox,,1752293098,2023-09-08 04:28:36,1297535,,,,,,,,,,,,,,,,,,,,,,,,,,,,,,,,,,,,,,,,,,,,,,,,,TN
832,850826d930dbbaab76c864c8e0c815e741d335ec,0.2788070492544059,autoland,3779647,13,a34e21034f2e3c317ebb3d485012938d48ad04ac,macosx1015-64-shippable-qr,True,False,,|f|i|s|s|i|o|n| |w|a|r|m| |w|e|b|r|e|n|d|e|r|,102210fe594ee9b33d82058545b1ed14f4c8206e,PerceptualSpeedIndex,google-docs,True,google-docs PerceptualSpeedIndex opt fission warm webrender,,77,ms,firefox,,1752424449,2023-09-08 08:33:18,1297602,,,,,,,,,,,,,,,,,,,,,,,,,,,,,,,,,,,,,,,,,,,,,,,,,TN
833,274b1d437629e97813d0b7fe7e8b4912cf84cf32,0.30591956619972893,autoland,3779647,13,a34e21034f2e3c317ebb3d485012938d48ad04ac,macosx1015-64-shippable-qr,True,False,,|f|i|s|s|i|o|n| |w|a|r|m| |w|e|b|r|e|n|d|e|r|,102210fe594ee9b33d82058545b1ed14f4c8206e,PerceptualSpeedIndex,google-docs,True,google-docs PerceptualSpeedIndex opt fission warm webrender,,77,ms,firefox,,1752490243,2023-09-08 09:52:44,1297644,,,,,,,,,,,,,,,,,,,,,,,,,,,,,,,,,,,,,,,,,,,,,,,,,TN
834,822367e291b07b889b553a6beaa660fd1d4bf101,0.28219611387257126,autoland,3779647,13,a34e21034f2e3c317ebb3d485012938d48ad04ac,macosx1015-64-shippable-qr,True,False,,|f|i|s|s|i|o|n| |w|a|r|m| |w|e|b|r|e|n|d|e|r|,102210fe594ee9b33d82058545b1ed14f4c8206e,PerceptualSpeedIndex,google-docs,True,google-docs PerceptualSpeedIndex opt fission warm webrender,,77,ms,firefox,,1752594589,2023-09-08 14:14:09,1297788,,,,,,,,,,,,,,,,,,,,,,,,,,,,,,,,,,,,,,,,,,,,,,,,,TN
835,bde2db6f12ce1100b2bbb4b10916f7be1cf90f3a,0.31586082241301394,autoland,3779647,13,a34e21034f2e3c317ebb3d485012938d48ad04ac,macosx1015-64-shippable-qr,True,False,,|f|i|s|s|i|o|n| |w|a|r|m| |w|e|b|r|e|n|d|e|r|,102210fe594ee9b33d82058545b1ed14f4c8206e,PerceptualSpeedIndex,google-docs,True,google-docs PerceptualSpeedIndex opt fission warm webrender,,77,ms,firefox,,1752652021,2023-09-08 14:59:47,1297817,,,,,,,,,,,,,,,,,,,,,,,,,,,,,,,,,,,,,,,,,,,,,,,,,TN
836,27b2bca6565fd4a7d724617dc2a06ad4433d5e7d,0.2862629914143695,autoland,3779647,13,a34e21034f2e3c317ebb3d485012938d48ad04ac,macosx1015-64-shippable-qr,True,False,,|f|i|s|s|i|o|n| |w|a|r|m| |w|e|b|r|e|n|d|e|r|,102210fe594ee9b33d82058545b1ed14f4c8206e,PerceptualSpeedIndex,google-docs,True,google-docs PerceptualSpeedIndex opt fission warm webrender,,77,ms,firefox,,1752717649,2023-09-08 18:04:40,1297929,,,,,,,,,,,,,,,,,,,,,,,,,,,,,,,,,,,,,,,,,,,,,,,,,TN
837,caabab6fd2b88b34f1344af40c555fed0a039949,0.39493899683687306,autoland,3779647,13,a34e21034f2e3c317ebb3d485012938d48ad04ac,macosx1015-64-shippable-qr,True,False,,|f|i|s|s|i|o|n| |w|a|r|m| |w|e|b|r|e|n|d|e|r|,102210fe594ee9b33d82058545b1ed14f4c8206e,PerceptualSpeedIndex,google-docs,True,google-docs PerceptualSpeedIndex opt fission warm webrender,,77,ms,firefox,,1752853542,2023-09-08 22:44:42,1298112,,,,,,,,,,,,,,,,,,,,,,,,,,,,,,,,,,,,,,,,,,,,,,,,,TN
838,266305ba8989b3072ea042b1a3130ddfb89960e1,0.29394487121554436,autoland,3779647,13,a34e21034f2e3c317ebb3d485012938d48ad04ac,macosx1015-64-shippable-qr,True,False,,|f|i|s|s|i|o|n| |w|a|r|m| |w|e|b|r|e|n|d|e|r|,102210fe594ee9b33d82058545b1ed14f4c8206e,PerceptualSpeedIndex,google-docs,True,google-docs PerceptualSpeedIndex opt fission warm webrender,,77,ms,firefox,,1752918558,2023-09-09 01:11:00,1298167,,,,,,,,,,,,,,,,,,,,,,,,,,,,,,,,,,,,,,,,,,,,,,,,,TN
839,02f7c436b43f486a8aec92c449f2df1fedf9226a,0.3768639855399909,autoland,3779647,13,a34e21034f2e3c317ebb3d485012938d48ad04ac,macosx1015-64-shippable-qr,True,False,,|f|i|s|s|i|o|n| |w|a|r|m| |w|e|b|r|e|n|d|e|r|,102210fe594ee9b33d82058545b1ed14f4c8206e,PerceptualSpeedIndex,google-docs,True,google-docs PerceptualSpeedIndex opt fission warm webrender,,77,ms,firefox,,1752967832,2023-09-09 05:59:08,1298196,,,,,,,,,,,,,,,,,,,,,,,,,,,,,,,,,,,,,,,,,,,,,,,,,TN
840,52b4a28cd9d7623a471a02cb994a2aebbd5d7403,0.28716674197921366,autoland,3779647,13,a34e21034f2e3c317ebb3d485012938d48ad04ac,macosx1015-64-shippable-qr,True,False,,|f|i|s|s|i|o|n| |w|a|r|m| |w|e|b|r|e|n|d|e|r|,102210fe594ee9b33d82058545b1ed14f4c8206e,PerceptualSpeedIndex,google-docs,True,google-docs PerceptualSpeedIndex opt fission warm webrender,,77,ms,firefox,,1753067981,2023-09-09 12:58:29,1298223,,,,,,,,,,,,,,,,,,,,,,,,,,,,,,,,,,,,,,,,,,,,,,,,,TN
841,df18c9cb1487f09a89e27eabbd0819691c70701b,0.27971079981924984,autoland,3779647,13,a34e21034f2e3c317ebb3d485012938d48ad04ac,macosx1015-64-shippable-qr,True,False,,|f|i|s|s|i|o|n| |w|a|r|m| |w|e|b|r|e|n|d|e|r|,102210fe594ee9b33d82058545b1ed14f4c8206e,PerceptualSpeedIndex,google-docs,True,google-docs PerceptualSpeedIndex opt fission warm webrender,,77,ms,firefox,,1753199745,2023-09-09 23:18:35,1298263,,,,,,,,,,,,,,,,,,,,,,,,,,,,,,,,,,,,,,,,,,,,,,,,,TN
842,7faa89970aed2f2e16f538aba1a7465bb6a5ea20,0.31540894713059187,autoland,3779647,13,a34e21034f2e3c317ebb3d485012938d48ad04ac,macosx1015-64-shippable-qr,True,False,,|f|i|s|s|i|o|n| |w|a|r|m| |w|e|b|r|e|n|d|e|r|,102210fe594ee9b33d82058545b1ed14f4c8206e,PerceptualSpeedIndex,google-docs,True,google-docs PerceptualSpeedIndex opt fission warm webrender,,77,ms,firefox,,1753256586,2023-09-10 03:51:10,1298271,,,,,,,,,,,,,,,,,,,,,,,,,,,,,,,,,,,,,,,,,,,,,,,,,TN
843,2e1c2dd8ef65a6914ebc4e0bc0a0a274c31e29bc,0.2824220515137823,autoland,3779647,13,a34e21034f2e3c317ebb3d485012938d48ad04ac,macosx1015-64-shippable-qr,True,False,,|f|i|s|s|i|o|n| |w|a|r|m| |w|e|b|r|e|n|d|e|r|,102210fe594ee9b33d82058545b1ed14f4c8206e,PerceptualSpeedIndex,google-docs,True,google-docs PerceptualSpeedIndex opt fission warm webrender,,77,ms,firefox,,1753416755,2023-09-10 10:15:01,1298293,,,,,,,,,,,,,,,,,,,,,,,,,,,,,,,,,,,,,,,,,,,,,,,,,TN
844,640ad6a53cf88f878095f49f98b720a99c2762bd,0.3027564392227746,autoland,3779647,13,a34e21034f2e3c317ebb3d485012938d48ad04ac,macosx1015-64-shippable-qr,True,False,,|f|i|s|s|i|o|n| |w|a|r|m| |w|e|b|r|e|n|d|e|r|,102210fe594ee9b33d82058545b1ed14f4c8206e,PerceptualSpeedIndex,google-docs,True,google-docs PerceptualSpeedIndex opt fission warm webrender,,77,ms,firefox,,1753503672,2023-09-10 12:24:34,1298303,,,,,,,,,,,,,,,,,,,,,,,,,,,,,,,,,,,,,,,,,,,,,,,,,TN
845,e91d172728590586e38bc431f3dc779479e365d5,0.28084048802530504,autoland,3779647,13,a34e21034f2e3c317ebb3d485012938d48ad04ac,macosx1015-64-shippable-qr,True,False,,|f|i|s|s|i|o|n| |w|a|r|m| |w|e|b|r|e|n|d|e|r|,102210fe594ee9b33d82058545b1ed14f4c8206e,PerceptualSpeedIndex,google-docs,True,google-docs PerceptualSpeedIndex opt fission warm webrender,,77,ms,firefox,,1753607715,2023-09-10 16:24:53,1298313,,,,,,,,,,,,,,,,,,,,,,,,,,,,,,,,,,,,,,,,,,,,,,,,,TN
846,fff502a8f26bdfc51eada3cf32107848bff64a76,0.27971079981924984,autoland,3779647,13,a34e21034f2e3c317ebb3d485012938d48ad04ac,macosx1015-64-shippable-qr,True,False,,|f|i|s|s|i|o|n| |w|a|r|m| |w|e|b|r|e|n|d|e|r|,102210fe594ee9b33d82058545b1ed14f4c8206e,PerceptualSpeedIndex,google-docs,True,google-docs PerceptualSpeedIndex opt fission warm webrender,,77,ms,firefox,,1753732308,2023-09-10 22:24:39,1298356,,,,,,,,,,,,,,,,,,,,,,,,,,,,,,,,,,,,,,,,,,,,,,,,,TN
847,5f5a3f190fdfa0947a671467171ab2b3cee62c38,0.298915499322187,autoland,3779647,13,a34e21034f2e3c317ebb3d485012938d48ad04ac,macosx1015-64-shippable-qr,True,False,,|f|i|s|s|i|o|n| |w|a|r|m| |w|e|b|r|e|n|d|e|r|,102210fe594ee9b33d82058545b1ed14f4c8206e,PerceptualSpeedIndex,google-docs,True,google-docs PerceptualSpeedIndex opt fission warm webrender,,77,ms,firefox,,1753841389,2023-09-11 04:00:08,1298396,,,,,,,,,,,,,,,,,,,,,,,,,,,,,,,,,,,,,,,,,,,,,,,,,TN
848,35ae39561912dad340dac47c7c1dc3af6ead952b,0.3303208314505195,autoland,3779647,13,a34e21034f2e3c317ebb3d485012938d48ad04ac,macosx1015-64-shippable-qr,True,False,,|f|i|s|s|i|o|n| |w|a|r|m| |w|e|b|r|e|n|d|e|r|,102210fe594ee9b33d82058545b1ed14f4c8206e,PerceptualSpeedIndex,google-docs,True,google-docs PerceptualSpeedIndex opt fission warm webrender,,77,ms,firefox,,1753895225,2023-09-11 08:01:16,1298437,,,,,,,,,,,,,,,,,,,,,,,,,,,,,,,,,,,,,,,,,,,,,,,,,TN
849,16a377bb7b5f9713ac6a5fae21ce043c7de7cd67,0.37098960686850413,autoland,3779647,13,a34e21034f2e3c317ebb3d485012938d48ad04ac,macosx1015-64-shippable-qr,True,False,,|f|i|s|s|i|o|n| |w|a|r|m| |w|e|b|r|e|n|d|e|r|,102210fe594ee9b33d82058545b1ed14f4c8206e,PerceptualSpeedIndex,google-docs,True,google-docs PerceptualSpeedIndex opt fission warm webrender,,77,ms,firefox,,1753960464,2023-09-11 10:09:23,1298486,,,,,,,,,,,,,,,,,,,,,,,,,,,,,,,,,,,,,,,,,,,,,,,,,TN
850,2ea4fd5d517a2b5edf081c9e2ccd8c014f6dc171,0.2914595571622234,autoland,3779647,13,a34e21034f2e3c317ebb3d485012938d48ad04ac,macosx1015-64-shippable-qr,True,False,,|f|i|s|s|i|o|n| |w|a|r|m| |w|e|b|r|e|n|d|e|r|,102210fe594ee9b33d82058545b1ed14f4c8206e,PerceptualSpeedIndex,google-docs,True,google-docs PerceptualSpeedIndex opt fission warm webrender,,77,ms,firefox,,1754111343,2023-09-11 13:54:23,1298638,,,,,,,,,,,,,,,,,,,,,,,,,,,,,,,,,,,,,,,,,,,,,,,,,TN
851,f28ec98bf27ffbc0952af3f4ff0ffec4218a6554,0.2934929959331225,autoland,3779647,13,a34e21034f2e3c317ebb3d485012938d48ad04ac,macosx1015-64-shippable-qr,True,False,,|f|i|s|s|i|o|n| |w|a|r|m| |w|e|b|r|e|n|d|e|r|,102210fe594ee9b33d82058545b1ed14f4c8206e,PerceptualSpeedIndex,google-docs,True,google-docs PerceptualSpeedIndex opt fission warm webrender,,77,ms,firefox,,1754307841,2023-09-11 17:41:44,1298761,,,,,,,,,,,,,,,,,,,,,,,,,,,,,,,,,,,,,,,,,,,,,,,,,TN
852,4a10a12f6006582e936c81baefda439d8f078729,0.2810664256665161,autoland,3779647,13,a34e21034f2e3c317ebb3d485012938d48ad04ac,macosx1015-64-shippable-qr,True,False,,|f|i|s|s|i|o|n| |w|a|r|m| |w|e|b|r|e|n|d|e|r|,102210fe594ee9b33d82058545b1ed14f4c8206e,PerceptualSpeedIndex,google-docs,True,google-docs PerceptualSpeedIndex opt fission warm webrender,,77,ms,firefox,,1754370033,2023-09-11 21:44:17,1298874,,,,,,,,,,,,,,,,,,,,,,,,,,,,,,,,,,,,,,,,,,,,,,,,,TN
853,12882fe96164b756c60fff4549300977b85af06f,0.2898779936737461,autoland,3779647,13,a34e21034f2e3c317ebb3d485012938d48ad04ac,macosx1015-64-shippable-qr,True,False,,|f|i|s|s|i|o|n| |w|a|r|m| |w|e|b|r|e|n|d|e|r|,102210fe594ee9b33d82058545b1ed14f4c8206e,PerceptualSpeedIndex,google-docs,True,google-docs PerceptualSpeedIndex opt fission warm webrender,,77,ms,firefox,,1754383285,2023-09-11 22:07:56,1298881,,,,,,,,,,,,,,,,,,,,,,,,,,,,,,,,,,,,,,,,,,,,,,,,,TN
854,cdcc536589320caec69ec36416058cd46b8d4178,0.27654767284229553,autoland,3779647,13,a34e21034f2e3c317ebb3d485012938d48ad04ac,macosx1015-64-shippable-qr,True,False,,|f|i|s|s|i|o|n| |w|a|r|m| |w|e|b|r|e|n|d|e|r|,102210fe594ee9b33d82058545b1ed14f4c8206e,PerceptualSpeedIndex,google-docs,True,google-docs PerceptualSpeedIndex opt fission warm webrender,,77,ms,firefox,,1754545630,2023-09-12 02:35:45,1298976,,,,,,,,,,,,,,,,,,,,,,,,,,,,,,,,,,,,,,,,,,,,,,,,,TN
855,2e2360c55e7b421532f4d12b7a36a0e0f943a1e9,0.30591956619972893,autoland,3779647,13,a34e21034f2e3c317ebb3d485012938d48ad04ac,macosx1015-64-shippable-qr,True,False,,|f|i|s|s|i|o|n| |w|a|r|m| |w|e|b|r|e|n|d|e|r|,102210fe594ee9b33d82058545b1ed14f4c8206e,PerceptualSpeedIndex,google-docs,True,google-docs PerceptualSpeedIndex opt fission warm webrender,,77,ms,firefox,,1754640625,2023-09-12 07:31:58,1299027,,,,,,,,,,,,,,,,,,,,,,,,,,,,,,,,,,,,,,,,,,,,,,,,,TN
856,4cca882e069d67c3a9a9064ac603b0dca23a5b39,0.29439674649796665,autoland,3779647,13,a34e21034f2e3c317ebb3d485012938d48ad04ac,macosx1015-64-shippable-qr,True,False,,|f|i|s|s|i|o|n| |w|a|r|m| |w|e|b|r|e|n|d|e|r|,102210fe594ee9b33d82058545b1ed14f4c8206e,PerceptualSpeedIndex,google-docs,True,google-docs PerceptualSpeedIndex opt fission warm webrender,,77,ms,firefox,,1754749845,2023-09-12 11:48:24,1299122,,,,,,,,,,,,,,,,,,,,,,,,,,,,,,,,,,,,,,,,,,,,,,,,,TN
857,291b2b068eff119f82ed59b6c11d63f427f457fa,0.29914143696339823,autoland,3779647,13,a34e21034f2e3c317ebb3d485012938d48ad04ac,macosx1015-64-shippable-qr,True,False,,|f|i|s|s|i|o|n| |w|a|r|m| |w|e|b|r|e|n|d|e|r|,102210fe594ee9b33d82058545b1ed14f4c8206e,PerceptualSpeedIndex,google-docs,True,google-docs PerceptualSpeedIndex opt fission warm webrender,,77,ms,firefox,,1755255438,2023-09-12 11:51:18,1299123,,,,,,,,,,,,,,,,,,,,,,,,,,,,,,,,,,,,,,,,,,,,,,,,,TN
858,f302f4a5371614cb2d42fbbe4ddfdd068aae146d,0.28513330320831454,autoland,3779647,13,a34e21034f2e3c317ebb3d485012938d48ad04ac,macosx1015-64-shippable-qr,True,False,,|f|i|s|s|i|o|n| |w|a|r|m| |w|e|b|r|e|n|d|e|r|,102210fe594ee9b33d82058545b1ed14f4c8206e,PerceptualSpeedIndex,google-docs,True,google-docs PerceptualSpeedIndex opt fission warm webrender,,77,ms,firefox,,1754821614,2023-09-12 12:34:27,1299141,,,,,,,,,,,,,,,,,,,,,,,,,,,,,,,,,,,,,,,,,,,,,,,,,TN
859,1b3be6b61583c53c2cb899ffc91c921c022e8162,0.2580207862629913,autoland,3779647,13,a34e21034f2e3c317ebb3d485012938d48ad04ac,macosx1015-64-shippable-qr,True,False,,|f|i|s|s|i|o|n| |w|a|r|m| |w|e|b|r|e|n|d|e|r|,102210fe594ee9b33d82058545b1ed14f4c8206e,PerceptualSpeedIndex,google-docs,True,google-docs PerceptualSpeedIndex opt fission warm webrender,,77,ms,firefox,,1754991843,2023-09-12 16:35:29,1299257,,,,,,,,,,,,,,,,,,,,,,,,,,,,,,,,,,,,,,,,,,,,,,,,,TN
860,c77f534dc9b99192eca371e3917ffc5b504bd055,0.28287392679620416,autoland,3779647,13,a34e21034f2e3c317ebb3d485012938d48ad04ac,macosx1015-64-shippable-qr,True,False,,|f|i|s|s|i|o|n| |w|a|r|m| |w|e|b|r|e|n|d|e|r|,102210fe594ee9b33d82058545b1ed14f4c8206e,PerceptualSpeedIndex,google-docs,True,google-docs PerceptualSpeedIndex opt fission warm webrender,,77,ms,firefox,,1755057590,2023-09-12 17:51:01,1299297,,,,,,,,,,,,,,,,,,,,,,,,,,,,,,,,,,,,,,,,,,,,,,,,,TN
861,0339e9d43c22845d7589528bc8a08eee6b2d5c7a,0.2476276547672842,autoland,3779647,13,a34e21034f2e3c317ebb3d485012938d48ad04ac,macosx1015-64-shippable-qr,True,False,,|f|i|s|s|i|o|n| |w|a|r|m| |w|e|b|r|e|n|d|e|r|,102210fe594ee9b33d82058545b1ed14f4c8206e,PerceptualSpeedIndex,google-docs,True,google-docs PerceptualSpeedIndex opt fission warm webrender,,77,ms,firefox,,1755159754,2023-09-12 22:44:58,1299446,,,,,,,,,,,,,,,,,,,,,,,,,,,,,,,,,,,,,,,,,,,,,,,,,TN
862,d238756ba039d0430074dea8fa1db0c2b75b8184,0.29688206055128785,autoland,3779647,13,a34e21034f2e3c317ebb3d485012938d48ad04ac,macosx1015-64-shippable-qr,True,False,,|f|i|s|s|i|o|n| |w|a|r|m| |w|e|b|r|e|n|d|e|r|,102210fe594ee9b33d82058545b1ed14f4c8206e,PerceptualSpeedIndex,google-docs,True,google-docs PerceptualSpeedIndex opt fission warm webrender,,77,ms,firefox,,1755160810,2023-09-12 23:09:22,1299456,,,,,,,,,,,,,,,,,,,,,,,,,,,,,,,,,,,,,,,,,,,,,,,,,TN
863,daceab96e9588ecb729cc3648c7980f1d9928ef1,0.29258924536827835,autoland,3779647,13,a34e21034f2e3c317ebb3d485012938d48ad04ac,macosx1015-64-shippable-qr,True,False,,|f|i|s|s|i|o|n| |w|a|r|m| |w|e|b|r|e|n|d|e|r|,102210fe594ee9b33d82058545b1ed14f4c8206e,PerceptualSpeedIndex,google-docs,True,google-docs PerceptualSpeedIndex opt fission warm webrender,,77,ms,firefox,,1755241696,2023-09-13 03:21:32,1299496,,,,,,,,,,,,,,,,,,,,,,,,,,,,,,,,,,,,,,,,,,,,,,,,,TN
864,00a66a4ea7d34e12302bd63f68a950cbff5a9ffa,0.2568910980569361,autoland,3779647,13,a34e21034f2e3c317ebb3d485012938d48ad04ac,macosx1015-64-shippable-qr,True,False,,|f|i|s|s|i|o|n| |w|a|r|m| |w|e|b|r|e|n|d|e|r|,102210fe594ee9b33d82058545b1ed14f4c8206e,PerceptualSpeedIndex,google-docs,True,google-docs PerceptualSpeedIndex opt fission warm webrender,,77,ms,firefox,,1755302612,2023-09-13 08:07:28,1299529,,,,,,,,,,,,,,,,,,,,,,,,,,,,,,,,,,,,,,,,,,,,,,,,,TN
865,d495f0f008a3f8e3744708840003854f68717a05,0.29078174423859005,autoland,3779647,13,a34e21034f2e3c317ebb3d485012938d48ad04ac,macosx1015-64-shippable-qr,True,False,,|f|i|s|s|i|o|n| |w|a|r|m| |w|e|b|r|e|n|d|e|r|,102210fe594ee9b33d82058545b1ed14f4c8206e,PerceptualSpeedIndex,google-docs,True,google-docs PerceptualSpeedIndex opt fission warm webrender,,77,ms,firefox,,1756097649,2023-09-13 08:35:12,1299543,,,,,,,,,,,,,,,,,,,,,,,,,,,,,,,,,,,,,,,,,,,,,,,,,TN
866,553a9965853cc36518deed2d2f9e4141c0e52ead,0.2731586082241302,autoland,3779647,13,a34e21034f2e3c317ebb3d485012938d48ad04ac,macosx1015-64-shippable-qr,True,False,,|f|i|s|s|i|o|n| |w|a|r|m| |w|e|b|r|e|n|d|e|r|,102210fe594ee9b33d82058545b1ed14f4c8206e,PerceptualSpeedIndex,google-docs,True,google-docs PerceptualSpeedIndex opt fission warm webrender,,77,ms,firefox,,1756123853,2023-09-13 09:27:08,1299568,,,,,,,,,,,,,,,,,,,,,,,,,,,,,,,,,,,,,,,,,,,,,,,,,TN
867,1a4b8c41b3c3efb7f5870fb99730fc6b08a44cc1,0.28648892905558054,autoland,3779647,13,a34e21034f2e3c317ebb3d485012938d48ad04ac,macosx1015-64-shippable-qr,True,False,,|f|i|s|s|i|o|n| |w|a|r|m| |w|e|b|r|e|n|d|e|r|,102210fe594ee9b33d82058545b1ed14f4c8206e,PerceptualSpeedIndex,google-docs,True,google-docs PerceptualSpeedIndex opt fission warm webrender,,77,ms,firefox,,1755532768,2023-09-13 11:26:03,1299625,,,,,,,,,,,,,,,,,,,,,,,,,,,,,,,,,,,,,,,,,,,,,,,,,TN
868,dc8f31b9bc187dab586c4f70cd2bfc3b0d5d6ae4,0.2598282873926796,autoland,3779647,13,a34e21034f2e3c317ebb3d485012938d48ad04ac,macosx1015-64-shippable-qr,True,False,,|f|i|s|s|i|o|n| |w|a|r|m| |w|e|b|r|e|n|d|e|r|,102210fe594ee9b33d82058545b1ed14f4c8206e,PerceptualSpeedIndex,google-docs,True,google-docs PerceptualSpeedIndex opt fission warm webrender,,77,ms,firefox,,1756158806,2023-09-13 14:30:16,1299754,,,,,,,,,,,,,,,,,,,,,,,,,,,,,,,,,,,,,,,,,,,,,,,,,TN
869,7ac06c7aba78c22b33f18766dcab08b889a7864c,0.3056936285585179,autoland,3779647,13,a34e21034f2e3c317ebb3d485012938d48ad04ac,macosx1015-64-shippable-qr,True,False,,|f|i|s|s|i|o|n| |w|a|r|m| |w|e|b|r|e|n|d|e|r|,102210fe594ee9b33d82058545b1ed14f4c8206e,PerceptualSpeedIndex,google-docs,True,google-docs PerceptualSpeedIndex opt fission warm webrender,,77,ms,firefox,,1756118336,2023-09-13 14:34:20,1299757,,,,,,,,,,,,,,,,,,,,,,,,,,,,,,,,,,,,,,,,,,,,,,,,,TN
870,49a7e292daad5c6727d745e6910b8bde5c3f59a6,0.2731586082241302,autoland,3779647,13,a34e21034f2e3c317ebb3d485012938d48ad04ac,macosx1015-64-shippable-qr,True,False,,|f|i|s|s|i|o|n| |w|a|r|m| |w|e|b|r|e|n|d|e|r|,102210fe594ee9b33d82058545b1ed14f4c8206e,PerceptualSpeedIndex,google-docs,True,google-docs PerceptualSpeedIndex opt fission warm webrender,,77,ms,firefox,,1755721823,2023-09-13 15:38:40,1299802,,,,,,,,,,,,,,,,,,,,,,,,,,,,,,,,,,,,,,,,,,,,,,,,,TN
871,ce9c917d3e22a86f9e2a6fb5d5b68cd6d56fb687,0.28694080433800284,autoland,3779647,13,a34e21034f2e3c317ebb3d485012938d48ad04ac,macosx1015-64-shippable-qr,True,False,,|f|i|s|s|i|o|n| |w|a|r|m| |w|e|b|r|e|n|d|e|r|,102210fe594ee9b33d82058545b1ed14f4c8206e,PerceptualSpeedIndex,google-docs,True,google-docs PerceptualSpeedIndex opt fission warm webrender,,77,ms,firefox,,1755764000,2023-09-13 16:07:42,1299823,,,,,,,,,,,,,,,,,,,,,,,,,,,,,,,,,,,,,,,,,,,,,,,,,TN
872,ab101a976da356370e4d513e38e73a1fa55b1597,0.30162675101671943,autoland,3779647,13,a34e21034f2e3c317ebb3d485012938d48ad04ac,macosx1015-64-shippable-qr,True,False,,|f|i|s|s|i|o|n| |w|a|r|m| |w|e|b|r|e|n|d|e|r|,102210fe594ee9b33d82058545b1ed14f4c8206e,PerceptualSpeedIndex,google-docs,True,google-docs PerceptualSpeedIndex opt fission warm webrender,,77,ms,firefox,,1755910383,2023-09-13 20:42:18,1300022,,,,,,,,,,,,,,,,,,,,,,,,,,,,,,,,,,,,,,,,,,,,,,,,,TN
873,fc58fac540690555892621f6baed2284f400b915,0.2910076818798011,autoland,3779647,13,a34e21034f2e3c317ebb3d485012938d48ad04ac,macosx1015-64-shippable-qr,True,False,,|f|i|s|s|i|o|n| |w|a|r|m| |w|e|b|r|e|n|d|e|r|,102210fe594ee9b33d82058545b1ed14f4c8206e,PerceptualSpeedIndex,google-docs,True,google-docs PerceptualSpeedIndex opt fission warm webrender,,77,ms,firefox,,1756162936,2023-09-13 22:03:21,1300077,,,,,,,,,,,,,,,,,,,,,,,,,,,,,,,,,,,,,,,,,,,,,,,,,TN
874,17e683a390bfaef02374d3553fd9e056c9c15927,0.38454586534116575,autoland,3779647,13,a34e21034f2e3c317ebb3d485012938d48ad04ac,macosx1015-64-shippable-qr,True,False,,|f|i|s|s|i|o|n| |w|a|r|m| |w|e|b|r|e|n|d|e|r|,102210fe594ee9b33d82058545b1ed14f4c8206e,PerceptualSpeedIndex,google-docs,True,google-docs PerceptualSpeedIndex opt fission warm webrender,,77,ms,firefox,,1756149371,2023-09-13 22:40:28,1300094,,,,,,,,,,,,,,,,,,,,,,,,,,,,,,,,,,,,,,,,,,,,,,,,,TN
875,8f5a11c1eb0b7598d1415f6efa9c360191a423f8,0.2964301852688658,autoland,3779647,13,a34e21034f2e3c317ebb3d485012938d48ad04ac,macosx1015-64-shippable-qr,True,False,,|f|i|s|s|i|o|n| |w|a|r|m| |w|e|b|r|e|n|d|e|r|,102210fe594ee9b33d82058545b1ed14f4c8206e,PerceptualSpeedIndex,google-docs,True,google-docs PerceptualSpeedIndex opt fission warm webrender,,77,ms,firefox,,1755923863,2023-09-13 23:14:42,1300119,,,,,,,,,,,,,,,,,,,,,,,,,,,,,,,,,,,,,,,,,,,,,,,,,TN
876,c57de172952ed6dfa84943bd2175574e4c87e92b,0.3081789426118391,autoland,3779647,13,a34e21034f2e3c317ebb3d485012938d48ad04ac,macosx1015-64-shippable-qr,True,False,,|f|i|s|s|i|o|n| |w|a|r|m| |w|e|b|r|e|n|d|e|r|,102210fe594ee9b33d82058545b1ed14f4c8206e,PerceptualSpeedIndex,google-docs,True,google-docs PerceptualSpeedIndex opt fission warm webrender,,77,ms,firefox,,1756148245,2023-09-14 04:10:41,1300187,,,,,,,,,,,,,,,,,,,,,,,,,,,,,,,,,,,,,,,,,,,,,,,,,TN
877,69c7e9b937f817f1bee50511a690a35aa3b49793,0.28897424310890196,autoland,3779647,13,a34e21034f2e3c317ebb3d485012938d48ad04ac,macosx1015-64-shippable-qr,True,False,,|f|i|s|s|i|o|n| |w|a|r|m| |w|e|b|r|e|n|d|e|r|,102210fe594ee9b33d82058545b1ed14f4c8206e,PerceptualSpeedIndex,google-docs,True,google-docs PerceptualSpeedIndex opt fission warm webrender,,77,ms,firefox,,1756363652,2023-09-14 09:30:23,1300302,,,,,,,,,,,,,,,,,,,,,,,,,,,,,,,,,,,,,,,,,,,,,,,,,TN
878,76116e6c2476f694d9cd5db9c69d9065e3b2cbbd,0.28716674197921366,autoland,3779647,13,a34e21034f2e3c317ebb3d485012938d48ad04ac,macosx1015-64-shippable-qr,True,False,,|f|i|s|s|i|o|n| |w|a|r|m| |w|e|b|r|e|n|d|e|r|,102210fe594ee9b33d82058545b1ed14f4c8206e,PerceptualSpeedIndex,google-docs,True,google-docs PerceptualSpeedIndex opt fission warm webrender,,77,ms,firefox,,1756385053,2023-09-14 11:38:04,1300382,,,,,,,,,,,,,,,,,,,,,,,,,,,,,,,,,,,,,,,,,,,,,,,,,TN
879,3b93c8502571e31ff0926a4911fae422c3c2118c,0.31540894713059187,autoland,3779647,13,a34e21034f2e3c317ebb3d485012938d48ad04ac,macosx1015-64-shippable-qr,True,False,,|f|i|s|s|i|o|n| |w|a|r|m| |w|e|b|r|e|n|d|e|r|,102210fe594ee9b33d82058545b1ed14f4c8206e,PerceptualSpeedIndex,google-docs,True,google-docs PerceptualSpeedIndex opt fission warm webrender,,77,ms,firefox,,1756590764,2023-09-14 15:44:34,1300523,,,,,,,,,,,,,,,,,,,,,,,,,,,,,,,,,,,,,,,,,,,,,,,,,TN
880,98de7bc404c3786a5459a205dea174bdf39d3dbf,0.29439674649796665,autoland,3779647,13,a34e21034f2e3c317ebb3d485012938d48ad04ac,macosx1015-64-shippable-qr,True,False,,|f|i|s|s|i|o|n| |w|a|r|m| |w|e|b|r|e|n|d|e|r|,102210fe594ee9b33d82058545b1ed14f4c8206e,PerceptualSpeedIndex,google-docs,True,google-docs PerceptualSpeedIndex opt fission warm webrender,,77,ms,firefox,,1756602683,2023-09-14 16:38:11,1300546,,,,,,,,,,,,,,,,,,,,,,,,,,,,,,,,,,,,,,,,,,,,,,,,,TN
881,7bf127e6049ad217b3567e11ce2c53369aa3e9fb,0.30049706281066424,autoland,3779647,13,a34e21034f2e3c317ebb3d485012938d48ad04ac,macosx1015-64-shippable-qr,True,False,,|f|i|s|s|i|o|n| |w|a|r|m| |w|e|b|r|e|n|d|e|r|,102210fe594ee9b33d82058545b1ed14f4c8206e,PerceptualSpeedIndex,google-docs,True,google-docs PerceptualSpeedIndex opt fission warm webrender,,77,ms,firefox,,1757545871,2023-09-15 00:25:19,1300840,,,,,,,,,,,,,,,,,,,,,,,,,,,,,,,,,,,,,,,,,,,,,,,,,TN
882,cfbd0bd9bc623276a862481e44bd71e1d57e2eac,0.25756891098056944,autoland,3779647,13,a34e21034f2e3c317ebb3d485012938d48ad04ac,macosx1015-64-shippable-qr,True,False,,|f|i|s|s|i|o|n| |w|a|r|m| |w|e|b|r|e|n|d|e|r|,102210fe594ee9b33d82058545b1ed14f4c8206e,PerceptualSpeedIndex,google-docs,True,google-docs PerceptualSpeedIndex opt fission warm webrender,,77,ms,firefox,,1756805452,2023-09-15 00:53:43,1300850,,,,,,,,,,,,,,,,,,,,,,,,,,,,,,,,,,,,,,,,,,,,,,,,,TN
883,8f99acff4cbc8f25f158dc6ff079042f02768f05,0.2815183009489379,autoland,3779647,13,a34e21034f2e3c317ebb3d485012938d48ad04ac,macosx1015-64-shippable-qr,True,False,,|f|i|s|s|i|o|n| |w|a|r|m| |w|e|b|r|e|n|d|e|r|,102210fe594ee9b33d82058545b1ed14f4c8206e,PerceptualSpeedIndex,google-docs,True,google-docs PerceptualSpeedIndex opt fission warm webrender,,77,ms,firefox,,1756936369,2023-09-15 06:04:49,1300927,,,,,,,,,,,,,,,,,,,,,,,,,,,,,,,,,,,,,,,,,,,,,,,,,TN
884,0a032c6f1d5da0740059f67c499e0e9f7ab88650,0.3278355173971983,autoland,3779647,13,a34e21034f2e3c317ebb3d485012938d48ad04ac,macosx1015-64-shippable-qr,True,False,,|f|i|s|s|i|o|n| |w|a|r|m| |w|e|b|r|e|n|d|e|r|,102210fe594ee9b33d82058545b1ed14f4c8206e,PerceptualSpeedIndex,google-docs,True,google-docs PerceptualSpeedIndex opt fission warm webrender,,77,ms,firefox,,1756964263,2023-09-15 06:59:31,1300939,,,,,,,,,,,,,,,,,,,,,,,,,,,,,,,,,,,,,,,,,,,,,,,,,TN
885,079079610ac2a41dba72a91cbe2867519e2bc5bd,0.27248079530049685,autoland,3779647,13,a34e21034f2e3c317ebb3d485012938d48ad04ac,macosx1015-64-shippable-qr,True,False,,|f|i|s|s|i|o|n| |w|a|r|m| |w|e|b|r|e|n|d|e|r|,102210fe594ee9b33d82058545b1ed14f4c8206e,PerceptualSpeedIndex,google-docs,True,google-docs PerceptualSpeedIndex opt fission warm webrender,,77,ms,firefox,,1757213299,2023-09-15 14:51:55,1301175,,,,,,,,,,,,,,,,,,,,,,,,,,,,,,,,,,,,,,,,,,,,,,,,,TN
886,fec6b3b46bc6439ac98e03aa73938deaf6323f5c,0.2756439222774516,autoland,3779647,13,a34e21034f2e3c317ebb3d485012938d48ad04ac,macosx1015-64-shippable-qr,True,False,,|f|i|s|s|i|o|n| |w|a|r|m| |w|e|b|r|e|n|d|e|r|,102210fe594ee9b33d82058545b1ed14f4c8206e,PerceptualSpeedIndex,google-docs,True,google-docs PerceptualSpeedIndex opt fission warm webrender,,77,ms,firefox,,1757306795,2023-09-15 17:51:06,1301318,,,,,,,,,,,,,,,,,,,,,,,,,,,,,,,,,,,,,,,,,,,,,,,,,TN
887,99357ab2bb639918d2ea0e8f391494df18c24cb9,0.3034342521464075,autoland,3779647,13,a34e21034f2e3c317ebb3d485012938d48ad04ac,macosx1015-64-shippable-qr,True,False,,|f|i|s|s|i|o|n| |w|a|r|m| |w|e|b|r|e|n|d|e|r|,102210fe594ee9b33d82058545b1ed14f4c8206e,PerceptualSpeedIndex,google-docs,True,google-docs PerceptualSpeedIndex opt fission warm webrender,,77,ms,firefox,,1757346093,2023-09-15 20:04:54,1301421,,,,,,,,,,,,,,,,,,,,,,,,,,,,,,,,,,,,,,,,,,,,,,,,,TN
888,aa4e3903740dfa0ed175c6ff18e57b8fbe82afd7,0.28581111613194765,autoland,3779647,13,a34e21034f2e3c317ebb3d485012938d48ad04ac,macosx1015-64-shippable-qr,True,False,,|f|i|s|s|i|o|n| |w|a|r|m| |w|e|b|r|e|n|d|e|r|,102210fe594ee9b33d82058545b1ed14f4c8206e,PerceptualSpeedIndex,google-docs,True,google-docs PerceptualSpeedIndex opt fission warm webrender,,77,ms,firefox,,1757492922,2023-09-16 00:25:52,1301531,,,,,,,,,,,,,,,,,,,,,,,,,,,,,,,,,,,,,,,,,,,,,,,,,TN
889,69d0f600b52641dd114b02da128a162f86f09395,0.2923633077270673,autoland,3779647,13,a34e21034f2e3c317ebb3d485012938d48ad04ac,macosx1015-64-shippable-qr,True,False,,|f|i|s|s|i|o|n| |w|a|r|m| |w|e|b|r|e|n|d|e|r|,102210fe594ee9b33d82058545b1ed14f4c8206e,PerceptualSpeedIndex,google-docs,True,google-docs PerceptualSpeedIndex opt fission warm webrender,,77,ms,firefox,,1757474275,2023-09-16 00:35:43,1301538,,,,,,,,,,,,,,,,,,,,,,,,,,,,,,,,,,,,,,,,,,,,,,,,,TN
890,7fcd45f7f407a0c756c8b8292b1df8d8162cdce6,0.3002711251694532,autoland,3779647,13,a34e21034f2e3c317ebb3d485012938d48ad04ac,macosx1015-64-shippable-qr,True,False,,|f|i|s|s|i|o|n| |w|a|r|m| |w|e|b|r|e|n|d|e|r|,102210fe594ee9b33d82058545b1ed14f4c8206e,PerceptualSpeedIndex,google-docs,True,google-docs PerceptualSpeedIndex opt fission warm webrender,,77,ms,firefox,,1757563166,2023-09-16 05:54:34,1301559,,,,,,,,,,,,,,,,,,,,,,,,,,,,,,,,,,,,,,,,,,,,,,,,,TN
891,745d8130d1ac2d3e0ae51f2f22896853f0d34479,0.31495707184817,autoland,3779647,13,a34e21034f2e3c317ebb3d485012938d48ad04ac,macosx1015-64-shippable-qr,True,False,,|f|i|s|s|i|o|n| |w|a|r|m| |w|e|b|r|e|n|d|e|r|,102210fe594ee9b33d82058545b1ed14f4c8206e,PerceptualSpeedIndex,google-docs,True,google-docs PerceptualSpeedIndex opt fission warm webrender,,77,ms,firefox,,1757644335,2023-09-16 12:53:39,1301583,,,,,,,,,,,,,,,,,,,,,,,,,,,,,,,,,,,,,,,,,,,,,,,,,TN
892,a7bddb715bd51687e4f52876beeb747f6a19cb0d,0.3009489380930863,autoland,3779647,13,a34e21034f2e3c317ebb3d485012938d48ad04ac,macosx1015-64-shippable-qr,True,False,,|f|i|s|s|i|o|n| |w|a|r|m| |w|e|b|r|e|n|d|e|r|,102210fe594ee9b33d82058545b1ed14f4c8206e,PerceptualSpeedIndex,google-docs,True,google-docs PerceptualSpeedIndex opt fission warm webrender,,77,ms,firefox,,1757687022,2023-09-16 18:13:35,1301606,,,,,,,,,,,,,,,,,,,,,,,,,,,,,,,,,,,,,,,,,,,,,,,,,TN
893,d1558269e35b364c189cb76982dfc3fdd465224b,0.2774514234071397,autoland,3779647,13,a34e21034f2e3c317ebb3d485012938d48ad04ac,macosx1015-64-shippable-qr,True,False,,|f|i|s|s|i|o|n| |w|a|r|m| |w|e|b|r|e|n|d|e|r|,102210fe594ee9b33d82058545b1ed14f4c8206e,PerceptualSpeedIndex,google-docs,True,google-docs PerceptualSpeedIndex opt fission warm webrender,,77,ms,firefox,,1757801828,2023-09-17 06:44:56,1301647,,,,,,,,,,,,,,,,,,,,,,,,,,,,,,,,,,,,,,,,,,,,,,,,,TN
894,16afd66ac7be7ee4ffc61599d0241c28d47c74c7,0.29914143696339823,autoland,3779647,13,a34e21034f2e3c317ebb3d485012938d48ad04ac,macosx1015-64-shippable-qr,True,False,,|f|i|s|s|i|o|n| |w|a|r|m| |w|e|b|r|e|n|d|e|r|,102210fe594ee9b33d82058545b1ed14f4c8206e,PerceptualSpeedIndex,google-docs,True,google-docs PerceptualSpeedIndex opt fission warm webrender,,77,ms,firefox,,1757879444,2023-09-17 09:36:28,1301654,,,,,,,,,,,,,,,,,,,,,,,,,,,,,,,,,,,,,,,,,,,,,,,,,TN
895,17a576f280a8e27d78d7247f1f451ca46a64d0f4,0.30614550384093997,autoland,3779647,13,a34e21034f2e3c317ebb3d485012938d48ad04ac,macosx1015-64-shippable-qr,True,False,,|f|i|s|s|i|o|n| |w|a|r|m| |w|e|b|r|e|n|d|e|r|,102210fe594ee9b33d82058545b1ed14f4c8206e,PerceptualSpeedIndex,google-docs,True,google-docs PerceptualSpeedIndex opt fission warm webrender,,77,ms,firefox,,1757914263,2023-09-17 14:36:55,1301663,,,,,,,,,,,,,,,,,,,,,,,,,,,,,,,,,,,,,,,,,,,,,,,,,TN
896,76aa4dfe7e88c5e43988e15fd032c3b9678cfebd,0.29078174423859005,autoland,3779647,13,a34e21034f2e3c317ebb3d485012938d48ad04ac,macosx1015-64-shippable-qr,True,False,,|f|i|s|s|i|o|n| |w|a|r|m| |w|e|b|r|e|n|d|e|r|,102210fe594ee9b33d82058545b1ed14f4c8206e,PerceptualSpeedIndex,google-docs,True,google-docs PerceptualSpeedIndex opt fission warm webrender,,77,ms,firefox,,1757958546,2023-09-17 18:44:53,1301677,,,,,,,,,,,,,,,,,,,,,,,,,,,,,,,,,,,,,,,,,,,,,,,,,TN
897,4333e71e3754938bc5beee5baabbfd6657869bc6,0.3124717577948486,autoland,3779647,13,a34e21034f2e3c317ebb3d485012938d48ad04ac,macosx1015-64-shippable-qr,True,False,,|f|i|s|s|i|o|n| |w|a|r|m| |w|e|b|r|e|n|d|e|r|,102210fe594ee9b33d82058545b1ed14f4c8206e,PerceptualSpeedIndex,google-docs,True,google-docs PerceptualSpeedIndex opt fission warm webrender,,77,ms,firefox,,1758007869,2023-09-17 22:46:46,1301700,,,,,,,,,,,,,,,,,,,,,,,,,,,,,,,,,,,,,,,,,,,,,,,,,TN
898,d395f485b3a2b96c9d6f47f5167308b763c1891b,0.3038861274288298,autoland,3779647,13,a34e21034f2e3c317ebb3d485012938d48ad04ac,macosx1015-64-shippable-qr,True,False,,|f|i|s|s|i|o|n| |w|a|r|m| |w|e|b|r|e|n|d|e|r|,102210fe594ee9b33d82058545b1ed14f4c8206e,PerceptualSpeedIndex,google-docs,True,google-docs PerceptualSpeedIndex opt fission warm webrender,,77,ms,firefox,,1758066858,2023-09-18 03:57:39,1301730,,,,,,,,,,,,,,,,,,,,,,,,,,,,,,,,,,,,,,,,,,,,,,,,,TN
899,11fb2a6e434951fbef0791563a159cbbdd42f4c8,0.2738364211477631,autoland,3779647,13,a34e21034f2e3c317ebb3d485012938d48ad04ac,macosx1015-64-shippable-qr,True,False,,|f|i|s|s|i|o|n| |w|a|r|m| |w|e|b|r|e|n|d|e|r|,102210fe594ee9b33d82058545b1ed14f4c8206e,PerceptualSpeedIndex,google-docs,True,google-docs PerceptualSpeedIndex opt fission warm webrender,,77,ms,firefox,,1758238957,2023-09-18 09:50:33,1301818,,,,,,,,,,,,,,,,,,,,,,,,,,,,,,,,,,,,,,,,,,,,,,,,,TN
900,7a51e2aa7d09aac78f5c93c25c65e83cb1272b7d,0.3009489380930863,autoland,3779647,13,a34e21034f2e3c317ebb3d485012938d48ad04ac,macosx1015-64-shippable-qr,True,False,,|f|i|s|s|i|o|n| |w|a|r|m| |w|e|b|r|e|n|d|e|r|,102210fe594ee9b33d82058545b1ed14f4c8206e,PerceptualSpeedIndex,google-docs,True,google-docs PerceptualSpeedIndex opt fission warm webrender,,77,ms,firefox,,1758408849,2023-09-18 14:45:06,1301994,,,,,,,,,,,,,,,,,,,,,,,,,,,,,,,,,,,,,,,,,,,,,,,,,TN
901,44aa0c56427a5e659c7bec91e3b608472cb6f763,0.27971079981924984,autoland,3779647,13,a34e21034f2e3c317ebb3d485012938d48ad04ac,macosx1015-64-shippable-qr,True,False,,|f|i|s|s|i|o|n| |w|a|r|m| |w|e|b|r|e|n|d|e|r|,102210fe594ee9b33d82058545b1ed14f4c8206e,PerceptualSpeedIndex,google-docs,True,google-docs PerceptualSpeedIndex opt fission warm webrender,,77,ms,firefox,,1758601505,2023-09-18 21:05:31,1302247,,,,,,,,,,,,,,,,,,,,,,,,,,,,,,,,,,,,,,,,,,,,,,,,,TN
902,924c329a0e3413e329eeab1cab9a2d1b09dc4711,0.32196113872571175,autoland,3779647,13,a34e21034f2e3c317ebb3d485012938d48ad04ac,macosx1015-64-shippable-qr,True,False,,|f|i|s|s|i|o|n| |w|a|r|m| |w|e|b|r|e|n|d|e|r|,102210fe594ee9b33d82058545b1ed14f4c8206e,PerceptualSpeedIndex,google-docs,True,google-docs PerceptualSpeedIndex opt fission warm webrender,,77,ms,firefox,,1758746309,2023-09-18 21:07:39,1302250,,,,,,,,,,,,,,,,,,,,,,,,,,,,,,,,,,,,,,,,,,,,,,,,,TN
903,3a523925f8ff99d5984169d7fbae7e4d1fc1cd18,0.2684139177586986,autoland,3779647,13,a34e21034f2e3c317ebb3d485012938d48ad04ac,macosx1015-64-shippable-qr,True,False,,|f|i|s|s|i|o|n| |w|a|r|m| |w|e|b|r|e|n|d|e|r|,102210fe594ee9b33d82058545b1ed14f4c8206e,PerceptualSpeedIndex,google-docs,True,google-docs PerceptualSpeedIndex opt fission warm webrender,,77,ms,firefox,,1758626707,2023-09-18 22:22:31,1302316,,,,,,,,,,,,,,,,,,,,,,,,,,,,,,,,,,,,,,,,,,,,,,,,,TN
904,b0769fdf63e5e9d7ac3ef647f895b15971a8dc99,0.2776773610483507,autoland,3779647,13,a34e21034f2e3c317ebb3d485012938d48ad04ac,macosx1015-64-shippable-qr,True,False,,|f|i|s|s|i|o|n| |w|a|r|m| |w|e|b|r|e|n|d|e|r|,102210fe594ee9b33d82058545b1ed14f4c8206e,PerceptualSpeedIndex,google-docs,True,google-docs PerceptualSpeedIndex opt fission warm webrender,,77,ms,firefox,,1758677215,2023-09-19 00:36:20,1302387,,,,,,,,,,,,,,,,,,,,,,,,,,,,,,,,,,,,,,,,,,,,,,,,,TN
905,6589c0d4d3d3aaed578f6d60cc1831f6cdf79b7c,0.3210573881608674,autoland,3779647,13,a34e21034f2e3c317ebb3d485012938d48ad04ac,macosx1015-64-shippable-qr,True,False,,|f|i|s|s|i|o|n| |w|a|r|m| |w|e|b|r|e|n|d|e|r|,102210fe594ee9b33d82058545b1ed14f4c8206e,PerceptualSpeedIndex,google-docs,True,google-docs PerceptualSpeedIndex opt fission warm webrender,,77,ms,firefox,,1758743504,2023-09-19 04:53:23,1302461,,,,,,,,,,,,,,,,,,,,,,,,,,,,,,,,,,,,,,,,,,,,,,,,,TN
906,0a60f8be5517ddc928471d4a378b46228773fbc5,0.2873926796204247,autoland,3779647,13,a34e21034f2e3c317ebb3d485012938d48ad04ac,macosx1015-64-shippable-qr,True,False,,|f|i|s|s|i|o|n| |w|a|r|m| |w|e|b|r|e|n|d|e|r|,102210fe594ee9b33d82058545b1ed14f4c8206e,PerceptualSpeedIndex,google-docs,True,google-docs PerceptualSpeedIndex opt fission warm webrender,,77,ms,firefox,,1758838447,2023-09-19 06:42:05,1302480,,,,,,,,,,,,,,,,,,,,,,,,,,,,,,,,,,,,,,,,,,,,,,,,,TN
907,f257c2f8440fe82c3833f2d719a2bf3420df9120,0.2677361048350657,autoland,3779647,13,a34e21034f2e3c317ebb3d485012938d48ad04ac,macosx1015-64-shippable-qr,True,False,,|f|i|s|s|i|o|n| |w|a|r|m| |w|e|b|r|e|n|d|e|r|,102210fe594ee9b33d82058545b1ed14f4c8206e,PerceptualSpeedIndex,google-docs,True,google-docs PerceptualSpeedIndex opt fission warm webrender,,77,ms,firefox,,1758928315,2023-09-19 10:00:51,1302573,,,,,,,,,,,,,,,,,,,,,,,,,,,,,,,,,,,,,,,,,,,,,,,,,TN
908,dd890d993c3039c40d9a50218bd3284a9810cc85,0.30727519204699516,autoland,3779647,13,a34e21034f2e3c317ebb3d485012938d48ad04ac,macosx1015-64-shippable-qr,True,False,,|f|i|s|s|i|o|n| |w|a|r|m| |w|e|b|r|e|n|d|e|r|,102210fe594ee9b33d82058545b1ed14f4c8206e,PerceptualSpeedIndex,google-docs,True,google-docs PerceptualSpeedIndex opt fission warm webrender,,77,ms,firefox,,1759062455,2023-09-19 13:32:40,1302692,,,,,,,,,,,,,,,,,,,,,,,,,,,,,,,,,,,,,,,,,,,,,,,,,TN
909,e9e7852ce74f241f2a4f0ffac475410d0ea9a8a4,0.3678264798915498,autoland,3779647,13,a34e21034f2e3c317ebb3d485012938d48ad04ac,macosx1015-64-shippable-qr,True,False,,|f|i|s|s|i|o|n| |w|a|r|m| |w|e|b|r|e|n|d|e|r|,102210fe594ee9b33d82058545b1ed14f4c8206e,PerceptualSpeedIndex,google-docs,True,google-docs PerceptualSpeedIndex opt fission warm webrender,,77,ms,firefox,,1759172158,2023-09-19 16:21:41,1302819,,,,,,,,,,,,,,,,,,,,,,,,,,,,,,,,,,,,,,,,,,,,,,,,,TN
910,f97675e331c2e3f8e3a7649cb722085b3360163c,0.3014008133755084,autoland,3779647,13,a34e21034f2e3c317ebb3d485012938d48ad04ac,macosx1015-64-shippable-qr,True,False,,|f|i|s|s|i|o|n| |w|a|r|m| |w|e|b|r|e|n|d|e|r|,102210fe594ee9b33d82058545b1ed14f4c8206e,PerceptualSpeedIndex,google-docs,True,google-docs PerceptualSpeedIndex opt fission warm webrender,,77,ms,firefox,,1759336279,2023-09-19 20:31:47,1303015,,,,,,,,,,,,,,,,,,,,,,,,,,,,,,,,,,,,,,,,,,,,,,,,,TN
911,abf74735208c16d3b467c2acb344f3030fc5aacb,0.2812923633077271,autoland,3779647,13,a34e21034f2e3c317ebb3d485012938d48ad04ac,macosx1015-64-shippable-qr,True,False,,|f|i|s|s|i|o|n| |w|a|r|m| |w|e|b|r|e|n|d|e|r|,102210fe594ee9b33d82058545b1ed14f4c8206e,PerceptualSpeedIndex,google-docs,True,google-docs PerceptualSpeedIndex opt fission warm webrender,,77,ms,firefox,,1759359891,2023-09-19 20:45:08,1303026,,,,,,,,,,,,,,,,,,,,,,,,,,,,,,,,,,,,,,,,,,,,,,,,,TN
912,71a9b5a8ec8503f993e8d7e8f1b2b98ff57ed283,0.30863081789426117,autoland,3779647,13,a34e21034f2e3c317ebb3d485012938d48ad04ac,macosx1015-64-shippable-qr,True,False,,|f|i|s|s|i|o|n| |w|a|r|m| |w|e|b|r|e|n|d|e|r|,102210fe594ee9b33d82058545b1ed14f4c8206e,PerceptualSpeedIndex,google-docs,True,google-docs PerceptualSpeedIndex opt fission warm webrender,,77,ms,firefox,,1759436672,2023-09-20 00:59:14,1303207,,,,,,,,,,,,,,,,,,,,,,,,,,,,,,,,,,,,,,,,,,,,,,,,,TN
913,71c800e8074fa9f5e246acbf09097a0f15d4eb09,0.31021238138273843,autoland,3779647,13,a34e21034f2e3c317ebb3d485012938d48ad04ac,macosx1015-64-shippable-qr,True,False,,|f|i|s|s|i|o|n| |w|a|r|m| |w|e|b|r|e|n|d|e|r|,102210fe594ee9b33d82058545b1ed14f4c8206e,PerceptualSpeedIndex,google-docs,True,google-docs PerceptualSpeedIndex opt fission warm webrender,,77,ms,firefox,,1759534301,2023-09-20 05:02:26,1303254,,,,,,,,,,,,,,,,,,,,,,,,,,,,,,,,,,,,,,,,,,,,,,,,,TN
914,2664490a1b4aeb2b2bd98c81ac43b68b1a24ea2f,0.3836421147763218,autoland,3779647,13,a34e21034f2e3c317ebb3d485012938d48ad04ac,macosx1015-64-shippable-qr,True,False,,|f|i|s|s|i|o|n| |w|a|r|m| |w|e|b|r|e|n|d|e|r|,102210fe594ee9b33d82058545b1ed14f4c8206e,PerceptualSpeedIndex,google-docs,True,google-docs PerceptualSpeedIndex opt fission warm webrender,,77,ms,firefox,,1759697403,2023-09-20 09:03:21,1303343,,,,,,,,,,,,,,,,,,,,,,,,,,,,,,,,,,,,,,,,,,,,,,,,,TN
915,e11a98968ec15b84dc772d997bc0789a0a078549,0.33122458201536364,autoland,3779647,13,a34e21034f2e3c317ebb3d485012938d48ad04ac,macosx1015-64-shippable-qr,True,False,,|f|i|s|s|i|o|n| |w|a|r|m| |w|e|b|r|e|n|d|e|r|,102210fe594ee9b33d82058545b1ed14f4c8206e,PerceptualSpeedIndex,google-docs,True,google-docs PerceptualSpeedIndex opt fission warm webrender,,77,ms,firefox,,1759725997,2023-09-20 10:40:44,1303401,,,,,,,,,,,,,,,,,,,,,,,,,,,,,,,,,,,,,,,,,,,,,,,,,TN
916,5baf76c5d8f19d35c8e7710816a726d92cfff8bb,0.307727067329417,autoland,3779647,13,a34e21034f2e3c317ebb3d485012938d48ad04ac,macosx1015-64-shippable-qr,True,False,,|f|i|s|s|i|o|n| |w|a|r|m| |w|e|b|r|e|n|d|e|r|,102210fe594ee9b33d82058545b1ed14f4c8206e,PerceptualSpeedIndex,google-docs,True,google-docs PerceptualSpeedIndex opt fission warm webrender,,77,ms,firefox,,1759835567,2023-09-20 14:03:46,1303541,,,,,,,,,,,,,,,,,,,,,,,,,,,,,,,,,,,,,,,,,,,,,,,,,TN
917,07c4a658632d6c11d371f974b56a6365212bef62,0.2930411206507004,autoland,3779647,13,a34e21034f2e3c317ebb3d485012938d48ad04ac,macosx1015-64-shippable-qr,True,False,,|f|i|s|s|i|o|n| |w|a|r|m| |w|e|b|r|e|n|d|e|r|,102210fe594ee9b33d82058545b1ed14f4c8206e,PerceptualSpeedIndex,google-docs,True,google-docs PerceptualSpeedIndex opt fission warm webrender,,77,ms,firefox,,1760075168,2023-09-20 17:47:40,1303718,,,,,,,,,,,,,,,,,,,,,,,,,,,,,,,,,,,,,,,,,,,,,,,,,TN
918,137b5966e6ec0a63006a36cac0a3f1c4e3f5cefe,0.3285133303208314,autoland,3779647,13,a34e21034f2e3c317ebb3d485012938d48ad04ac,macosx1015-64-shippable-qr,True,False,,|f|i|s|s|i|o|n| |w|a|r|m| |w|e|b|r|e|n|d|e|r|,102210fe594ee9b33d82058545b1ed14f4c8206e,PerceptualSpeedIndex,google-docs,True,google-docs PerceptualSpeedIndex opt fission warm webrender,,77,ms,firefox,,1760116247,2023-09-20 21:06:43,1303845,,,,,,,,,,,,,,,,,,,,,,,,,,,,,,,,,,,,,,,,,,,,,,,,,TN
919,a94c799a5be0d573f8c654b43966b4b772ded228,0.2704473565295977,autoland,3779647,13,a34e21034f2e3c317ebb3d485012938d48ad04ac,macosx1015-64-shippable-qr,True,False,,|f|i|s|s|i|o|n| |w|a|r|m| |w|e|b|r|e|n|d|e|r|,102210fe594ee9b33d82058545b1ed14f4c8206e,PerceptualSpeedIndex,google-docs,True,google-docs PerceptualSpeedIndex opt fission warm webrender,,77,ms,firefox,,1760136035,2023-09-20 23:02:53,1303924,,,,,,,,,,,,,,,,,,,,,,,,,,,,,,,,,,,,,,,,,,,,,,,,,TN
920,7c6496f92bb0572d56513d645f3d6201f77a5653,0.29326705829191146,autoland,3779647,13,a34e21034f2e3c317ebb3d485012938d48ad04ac,macosx1015-64-shippable-qr,True,False,,|f|i|s|s|i|o|n| |w|a|r|m| |w|e|b|r|e|n|d|e|r|,102210fe594ee9b33d82058545b1ed14f4c8206e,PerceptualSpeedIndex,google-docs,True,google-docs PerceptualSpeedIndex opt fission warm webrender,,77,ms,firefox,,1760243589,2023-09-21 04:47:54,1304025,,,,,,,,,,,,,,,,,,,,,,,,,,,,,,,,,,,,,,,,,,,,,,,,,TN
921,e98350675c5a294fe5c7a4138a5b16c4f6992907,0.2853592408495256,autoland,3779647,13,a34e21034f2e3c317ebb3d485012938d48ad04ac,macosx1015-64-shippable-qr,True,False,,|f|i|s|s|i|o|n| |w|a|r|m| |w|e|b|r|e|n|d|e|r|,102210fe594ee9b33d82058545b1ed14f4c8206e,PerceptualSpeedIndex,google-docs,True,google-docs PerceptualSpeedIndex opt fission warm webrender,,77,ms,firefox,,1760380435,2023-09-21 08:45:10,1304121,,,,,,,,,,,,,,,,,,,,,,,,,,,,,,,,,,,,,,,,,,,,,,,,,TN
922,bd8d8c1ecad7cda50d42ce2dfde7fabc50a48948,0.29868956168097593,autoland,3779647,13,a34e21034f2e3c317ebb3d485012938d48ad04ac,macosx1015-64-shippable-qr,True,False,,|f|i|s|s|i|o|n| |w|a|r|m| |w|e|b|r|e|n|d|e|r|,102210fe594ee9b33d82058545b1ed14f4c8206e,PerceptualSpeedIndex,google-docs,True,google-docs PerceptualSpeedIndex opt fission warm webrender,,77,ms,firefox,,1760517280,2023-09-21 12:54:54,1304268,,,,,,,,,,,,,,,,,,,,,,,,,,,,,,,,,,,,,,,,,,,,,,,,,TN
923,6e82382700fc8345a06dc3efd346a25826fa1bf2,0.30614550384093997,autoland,3779647,13,a34e21034f2e3c317ebb3d485012938d48ad04ac,macosx1015-64-shippable-qr,True,False,,|f|i|s|s|i|o|n| |w|a|r|m| |w|e|b|r|e|n|d|e|r|,102210fe594ee9b33d82058545b1ed14f4c8206e,PerceptualSpeedIndex,google-docs,True,google-docs PerceptualSpeedIndex opt fission warm webrender,,77,ms,firefox,,1760545185,2023-09-21 14:02:07,1304316,,,,,,,,,,,,,,,,,,,,,,,,,,,,,,,,,,,,,,,,,,,,,,,,,TN
924,a2d7613e206fa711d809ee5dbffc2bf3ff8c75a4,0.31021238138273843,autoland,3779647,13,a34e21034f2e3c317ebb3d485012938d48ad04ac,macosx1015-64-shippable-qr,True,False,,|f|i|s|s|i|o|n| |w|a|r|m| |w|e|b|r|e|n|d|e|r|,102210fe594ee9b33d82058545b1ed14f4c8206e,PerceptualSpeedIndex,google-docs,True,google-docs PerceptualSpeedIndex opt fission warm webrender,,77,ms,firefox,,1760896633,2023-09-21 15:38:38,1304385,,,,,,,,,,,,,,,,,,,,,,,,,,,,,,,,,,,,,,,,,,,,,,,,,TN
925,984c001954dbafa02f989a9529a8b8477999ea83,0.2914595571622234,autoland,3779647,13,a34e21034f2e3c317ebb3d485012938d48ad04ac,macosx1015-64-shippable-qr,True,False,,|f|i|s|s|i|o|n| |w|a|r|m| |w|e|b|r|e|n|d|e|r|,102210fe594ee9b33d82058545b1ed14f4c8206e,PerceptualSpeedIndex,google-docs,True,google-docs PerceptualSpeedIndex opt fission warm webrender,,77,ms,firefox,,1760889855,2023-09-21 15:46:13,1304391,,,,,,,,,,,,,,,,,,,,,,,,,,,,,,,,,,,,,,,,,,,,,,,,,TN
926,3dbbf33d280bfd8c07b86b15238bbb6d1e1755db,0.28694080433800284,autoland,3779647,13,a34e21034f2e3c317ebb3d485012938d48ad04ac,macosx1015-64-shippable-qr,True,False,,|f|i|s|s|i|o|n| |w|a|r|m| |w|e|b|r|e|n|d|e|r|,102210fe594ee9b33d82058545b1ed14f4c8206e,PerceptualSpeedIndex,google-docs,True,google-docs PerceptualSpeedIndex opt fission warm webrender,,77,ms,firefox,,1760909317,2023-09-21 15:48:43,1304392,,,,,,,,,,,,,,,,,,,,,,,,,,,,,,,,,,,,,,,,,,,,,,,,,TN
927,028b2e51863828f9d6a1e00a8c085845e63f72e0,0.30433800271125167,autoland,3779647,13,a34e21034f2e3c317ebb3d485012938d48ad04ac,macosx1015-64-shippable-qr,True,False,,|f|i|s|s|i|o|n| |w|a|r|m| |w|e|b|r|e|n|d|e|r|,102210fe594ee9b33d82058545b1ed14f4c8206e,PerceptualSpeedIndex,google-docs,True,google-docs PerceptualSpeedIndex opt fission warm webrender,,77,ms,firefox,,1760904618,2023-09-21 16:35:46,1304430,,,,,,,,,,,,,,,,,,,,,,,,,,,,,,,,,,,,,,,,,,,,,,,,,TN
928,c3b23fbbe898130deb34c48569c8e7201ffabffb,0.30366018978761855,autoland,3779647,13,a34e21034f2e3c317ebb3d485012938d48ad04ac,macosx1015-64-shippable-qr,True,False,,|f|i|s|s|i|o|n| |w|a|r|m| |w|e|b|r|e|n|d|e|r|,102210fe594ee9b33d82058545b1ed14f4c8206e,PerceptualSpeedIndex,google-docs,True,google-docs PerceptualSpeedIndex opt fission warm webrender,,77,ms,firefox,,1760903826,2023-09-21 17:31:33,1304471,,,,,,,,,,,,,,,,,,,,,,,,,,,,,,,,,,,,,,,,,,,,,,,,,TN
929,114bde678f299872db02fe1116ecfd3a7ada9381,0.2885223678264799,autoland,3779647,13,a34e21034f2e3c317ebb3d485012938d48ad04ac,macosx1015-64-shippable-qr,True,False,,|f|i|s|s|i|o|n| |w|a|r|m| |w|e|b|r|e|n|d|e|r|,102210fe594ee9b33d82058545b1ed14f4c8206e,PerceptualSpeedIndex,google-docs,True,google-docs PerceptualSpeedIndex opt fission warm webrender,,77,ms,firefox,,1760679833,2023-09-21 18:54:27,1304515,,,,,,,,,,,,,,,,,,,,,,,,,,,,,,,,,,,,,,,,,,,,,,,,,TN
930,86fd71ad69b346f713966a8f18ec97a5b99a0aee,0.2699954812471759,autoland,3779647,13,a34e21034f2e3c317ebb3d485012938d48ad04ac,macosx1015-64-shippable-qr,True,False,,|f|i|s|s|i|o|n| |w|a|r|m| |w|e|b|r|e|n|d|e|r|,102210fe594ee9b33d82058545b1ed14f4c8206e,PerceptualSpeedIndex,google-docs,True,google-docs PerceptualSpeedIndex opt fission warm webrender,,77,ms,firefox,,1760696492,2023-09-21 19:19:33,1304533,,,,,,,,,,,,,,,,,,,,,,,,,,,,,,,,,,,,,,,,,,,,,,,,,TN
931,efa8aa7a4f5484f349595a2c97ba6a2c6f214c66,0.2704473565295977,autoland,3779647,13,a34e21034f2e3c317ebb3d485012938d48ad04ac,macosx1015-64-shippable-qr,True,False,,|f|i|s|s|i|o|n| |w|a|r|m| |w|e|b|r|e|n|d|e|r|,102210fe594ee9b33d82058545b1ed14f4c8206e,PerceptualSpeedIndex,google-docs,True,google-docs PerceptualSpeedIndex opt fission warm webrender,,77,ms,firefox,,1760780297,2023-09-21 23:47:59,1304690,,,,,,,,,,,,,,,,,,,,,,,,,,,,,,,,,,,,,,,,,,,,,,,,,TN
932,2de4a198348cc150a0c3ce328c42beade9646190,0.4161771351107093,autoland,3779647,13,a34e21034f2e3c317ebb3d485012938d48ad04ac,macosx1015-64-shippable-qr,True,False,,|f|i|s|s|i|o|n| |w|a|r|m| |w|e|b|r|e|n|d|e|r|,102210fe594ee9b33d82058545b1ed14f4c8206e,PerceptualSpeedIndex,google-docs,True,google-docs PerceptualSpeedIndex opt fission warm webrender,,77,ms,firefox,,1760884238,2023-09-22 04:42:00,1304767,,,,,,,,,,,,,,,,,,,,,,,,,,,,,,,,,,,,,,,,,,,,,,,,,TN
933,6da1ce80e10cc6744801930434a44df21da87140,0.30795300497062805,autoland,3779647,13,a34e21034f2e3c317ebb3d485012938d48ad04ac,macosx1015-64-shippable-qr,True,False,,|f|i|s|s|i|o|n| |w|a|r|m| |w|e|b|r|e|n|d|e|r|,102210fe594ee9b33d82058545b1ed14f4c8206e,PerceptualSpeedIndex,google-docs,True,google-docs PerceptualSpeedIndex opt fission warm webrender,,77,ms,firefox,,1761044808,2023-09-22 11:33:15,1304916,,,,,,,,,,,,,,,,,,,,,,,,,,,,,,,,,,,,,,,,,,,,,,,,,TN
934,d244d17a8e9ac94aa05c3bf0c2659104c7b15f76,0.3136014460009038,autoland,3779647,13,a34e21034f2e3c317ebb3d485012938d48ad04ac,macosx1015-64-shippable-qr,True,False,,|f|i|s|s|i|o|n| |w|a|r|m| |w|e|b|r|e|n|d|e|r|,102210fe594ee9b33d82058545b1ed14f4c8206e,PerceptualSpeedIndex,google-docs,True,google-docs PerceptualSpeedIndex opt fission warm webrender,,77,ms,firefox,,1761118358,2023-09-22 15:35:17,1305037,,,,,,,,,,,,,,,,,,,,,,,,,,,,,,,,,,,,,,,,,,,,,,,,,TN
935,aee77156969b7d1f696e8952bc590e1449a16f85,0.2742882964301854,autoland,3779647,13,a34e21034f2e3c317ebb3d485012938d48ad04ac,macosx1015-64-shippable-qr,True,False,,|f|i|s|s|i|o|n| |w|a|r|m| |w|e|b|r|e|n|d|e|r|,102210fe594ee9b33d82058545b1ed14f4c8206e,PerceptualSpeedIndex,google-docs,True,google-docs PerceptualSpeedIndex opt fission warm webrender,,77,ms,firefox,,1761124956,2023-09-22 16:10:00,1305065,,,,,,,,,,,,,,,,,,,,,,,,,,,,,,,,,,,,,,,,,,,,,,,,,TN
936,80cfc74bb77e6c4abfd0d70c51b274e4b036a05b,0.31156800723000466,autoland,3779647,13,a34e21034f2e3c317ebb3d485012938d48ad04ac,macosx1015-64-shippable-qr,True,False,,|f|i|s|s|i|o|n| |w|a|r|m| |w|e|b|r|e|n|d|e|r|,102210fe594ee9b33d82058545b1ed14f4c8206e,PerceptualSpeedIndex,google-docs,True,google-docs PerceptualSpeedIndex opt fission warm webrender,,77,ms,firefox,,1761223113,2023-09-22 20:28:01,1305231,,,,,,,,,,,,,,,,,,,,,,,,,,,,,,,,,,,,,,,,,,,,,,,,,TN
937,5ce53217bf3e4d42db88aab74741654bfc634cc8,0.28761861726163573,autoland,3779647,13,a34e21034f2e3c317ebb3d485012938d48ad04ac,macosx1015-64-shippable-qr,True,False,,|f|i|s|s|i|o|n| |w|a|r|m| |w|e|b|r|e|n|d|e|r|,102210fe594ee9b33d82058545b1ed14f4c8206e,PerceptualSpeedIndex,google-docs,True,google-docs PerceptualSpeedIndex opt fission warm webrender,,77,ms,firefox,,1761337848,2023-09-23 00:28:09,1305322,,,,,,,,,,,,,,,,,,,,,,,,,,,,,,,,,,,,,,,,,,,,,,,,,TN
938,1d9627a1274de78256ecdee1e8058e6b32392404,0.30366018978761855,autoland,3779647,13,a34e21034f2e3c317ebb3d485012938d48ad04ac,macosx1015-64-shippable-qr,True,False,,|f|i|s|s|i|o|n| |w|a|r|m| |w|e|b|r|e|n|d|e|r|,102210fe594ee9b33d82058545b1ed14f4c8206e,PerceptualSpeedIndex,google-docs,True,google-docs PerceptualSpeedIndex opt fission warm webrender,,77,ms,firefox,,1761339459,2023-09-23 00:41:33,1305328,,,,,,,,,,,,,,,,,,,,,,,,,,,,,,,,,,,,,,,,,,,,,,,,,TN
939,e85748b0b9880ee586b2c155a4d84c1cdf3f31b4,0.2998192498870311,autoland,3779647,13,a34e21034f2e3c317ebb3d485012938d48ad04ac,macosx1015-64-shippable-qr,True,False,,|f|i|s|s|i|o|n| |w|a|r|m| |w|e|b|r|e|n|d|e|r|,102210fe594ee9b33d82058545b1ed14f4c8206e,PerceptualSpeedIndex,google-docs,True,google-docs PerceptualSpeedIndex opt fission warm webrender,,77,ms,firefox,,1761447640,2023-09-23 16:39:34,1305402,,,,,,,,,,,,,,,,,,,,,,,,,,,,,,,,,,,,,,,,,,,,,,,,,TN
940,f4a2f296a2ea585882f2a2a627c036538eb875b0,0.26931766832354254,autoland,3779647,13,a34e21034f2e3c317ebb3d485012938d48ad04ac,macosx1015-64-shippable-qr,True,False,,|f|i|s|s|i|o|n| |w|a|r|m| |w|e|b|r|e|n|d|e|r|,102210fe594ee9b33d82058545b1ed14f4c8206e,PerceptualSpeedIndex,google-docs,True,google-docs PerceptualSpeedIndex opt fission warm webrender,,77,ms,firefox,,1761482486,2023-09-23 21:16:13,1305420,,,,,,,,,,,,,,,,,,,,,,,,,,,,,,,,,,,,,,,,,,,,,,,,,TN
941,68035862c82691cc5ad039c1067c1fd24d048350,0.4093990058743786,autoland,3779647,13,a34e21034f2e3c317ebb3d485012938d48ad04ac,macosx1015-64-shippable-qr,True,False,,|f|i|s|s|i|o|n| |w|a|r|m| |w|e|b|r|e|n|d|e|r|,102210fe594ee9b33d82058545b1ed14f4c8206e,PerceptualSpeedIndex,google-docs,True,google-docs PerceptualSpeedIndex opt fission warm webrender,,77,ms,firefox,,1761672747,2023-09-25 06:00:52,1305598,,,,,,,,,,,,,,,,,,,,,,,,,,,,,,,,,,,,,,,,,,,,,,,,,TN
942,27778dad58d148bf24097e327e55eb3b8631b902,0.3050158156348848,autoland,3779647,13,a34e21034f2e3c317ebb3d485012938d48ad04ac,macosx1015-64-shippable-qr,True,False,,|f|i|s|s|i|o|n| |w|a|r|m| |w|e|b|r|e|n|d|e|r|,102210fe594ee9b33d82058545b1ed14f4c8206e,PerceptualSpeedIndex,google-docs,True,google-docs PerceptualSpeedIndex opt fission warm webrender,,77,ms,firefox,,1761722076,2023-09-25 08:45:06,1305656,,,,,,,,,,,,,,,,,,,,,,,,,,,,,,,,,,,,,,,,,,,,,,,,,TN
943,a8305ea48b4ca432c6e10ea45d475586512c6037,0.32015363759602344,autoland,3779647,13,a34e21034f2e3c317ebb3d485012938d48ad04ac,macosx1015-64-shippable-qr,True,False,,|f|i|s|s|i|o|n| |w|a|r|m| |w|e|b|r|e|n|d|e|r|,102210fe594ee9b33d82058545b1ed14f4c8206e,PerceptualSpeedIndex,google-docs,True,google-docs PerceptualSpeedIndex opt fission warm webrender,,77,ms,firefox,,1762201339,2023-09-25 12:15:51,1305772,,,,,,,,,,,,,,,,,,,,,,,,,,,,,,,,,,,,,,,,,,,,,,,,,TN
944,a151165c8ba1e0a95cf626dc3f30b3fab32f12a5,0.2964301852688658,autoland,3779647,13,a34e21034f2e3c317ebb3d485012938d48ad04ac,macosx1015-64-shippable-qr,True,False,,|f|i|s|s|i|o|n| |w|a|r|m| |w|e|b|r|e|n|d|e|r|,102210fe594ee9b33d82058545b1ed14f4c8206e,PerceptualSpeedIndex,google-docs,True,google-docs PerceptualSpeedIndex opt fission warm webrender,,77,ms,firefox,,1762212320,2023-09-25 12:29:44,1305784,,,,,,,,,,,,,,,,,,,,,,,,,,,,,,,,,,,,,,,,,,,,,,,,,TN
945,7095adada0469a26b7fb47fc05017c5d8b95e1fb,0.29258924536827835,autoland,3779647,13,a34e21034f2e3c317ebb3d485012938d48ad04ac,macosx1015-64-shippable-qr,True,False,,|f|i|s|s|i|o|n| |w|a|r|m| |w|e|b|r|e|n|d|e|r|,102210fe594ee9b33d82058545b1ed14f4c8206e,PerceptualSpeedIndex,google-docs,True,google-docs PerceptualSpeedIndex opt fission warm webrender,,77,ms,firefox,,1762194467,2023-09-25 12:30:33,1305789,,,,,,,,,,,,,,,,,,,,,,,,,,,,,,,,,,,,,,,,,,,,,,,,,TN
946,9a8976307af6049000ae1a1623fd71bd62850a10,0.2873926796204247,autoland,3779647,13,a34e21034f2e3c317ebb3d485012938d48ad04ac,macosx1015-64-shippable-qr,True,False,,|f|i|s|s|i|o|n| |w|a|r|m| |w|e|b|r|e|n|d|e|r|,102210fe594ee9b33d82058545b1ed14f4c8206e,PerceptualSpeedIndex,google-docs,True,google-docs PerceptualSpeedIndex opt fission warm webrender,,77,ms,firefox,,1761848830,2023-09-25 12:33:35,1305791,,,,,,,,,,,,,,,,,,,,,,,,,,,,,,,,,,,,,,,,,,,,,,,,,TN
947,6a7f708c3d0458c9b30efa2bdfde6e7812554d1e,0.29484862178038873,autoland,3779647,13,a34e21034f2e3c317ebb3d485012938d48ad04ac,macosx1015-64-shippable-qr,True,False,,|f|i|s|s|i|o|n| |w|a|r|m| |w|e|b|r|e|n|d|e|r|,102210fe594ee9b33d82058545b1ed14f4c8206e,PerceptualSpeedIndex,google-docs,True,google-docs PerceptualSpeedIndex opt fission warm webrender,,77,ms,firefox,,1762058771,2023-09-25 20:45:54,1306210,,,,,,,,,,,,,,,,,,,,,,,,,,,,,,,,,,,,,,,,,,,,,,,,,TN
948,844608487349450c789be0794a915bb90d90b133,0.27654767284229553,autoland,3779647,13,a34e21034f2e3c317ebb3d485012938d48ad04ac,macosx1015-64-shippable-qr,True,False,,|f|i|s|s|i|o|n| |w|a|r|m| |w|e|b|r|e|n|d|e|r|,102210fe594ee9b33d82058545b1ed14f4c8206e,PerceptualSpeedIndex,google-docs,True,google-docs PerceptualSpeedIndex opt fission warm webrender,,77,ms,firefox,,1762126477,2023-09-26 00:20:03,1306338,,,,,,,,,,,,,,,,,,,,,,,,,,,,,,,,,,,,,,,,,,,,,,,,,TN
949,956fe894deba1ba357c2699828221cda94a938a0,0.25463172164482595,autoland,3779647,13,a34e21034f2e3c317ebb3d485012938d48ad04ac,macosx1015-64-shippable-qr,True,False,,|f|i|s|s|i|o|n| |w|a|r|m| |w|e|b|r|e|n|d|e|r|,102210fe594ee9b33d82058545b1ed14f4c8206e,PerceptualSpeedIndex,google-docs,True,google-docs PerceptualSpeedIndex opt fission warm webrender,,77,ms,firefox,,1762830382,2023-09-26 02:51:20,1306370,,,,,,,,,,,,,,,,,,,,,,,,,,,,,,,,,,,,,,,,,,,,,,,,,TN
950,d6b39ea73d85054019ddee8cf425a34c549015d5,0.29123361952101234,autoland,3779647,13,a34e21034f2e3c317ebb3d485012938d48ad04ac,macosx1015-64-shippable-qr,True,False,,|f|i|s|s|i|o|n| |w|a|r|m| |w|e|b|r|e|n|d|e|r|,102210fe594ee9b33d82058545b1ed14f4c8206e,PerceptualSpeedIndex,google-docs,True,google-docs PerceptualSpeedIndex opt fission warm webrender,,77,ms,firefox,,1762851572,2023-09-26 02:57:49,1306372,,,,,,,,,,,,,,,,,,,,,,,,,,,,,,,,,,,,,,,,,,,,,,,,,TN
951,5c61430973af5452b01293947d0f76b758b97c28,0.29620424762765474,autoland,3779647,13,a34e21034f2e3c317ebb3d485012938d48ad04ac,macosx1015-64-shippable-qr,True,False,,|f|i|s|s|i|o|n| |w|a|r|m| |w|e|b|r|e|n|d|e|r|,102210fe594ee9b33d82058545b1ed14f4c8206e,PerceptualSpeedIndex,google-docs,True,google-docs PerceptualSpeedIndex opt fission warm webrender,,77,ms,firefox,,1762213725,2023-09-26 05:18:37,1306392,,,,,,,,,,,,,,,,,,,,,,,,,,,,,,,,,,,,,,,,,,,,,,,,,TN
952,0b480081dd33a59f2e3c247ebf9eaa36c90a926a,0.30049706281066424,autoland,3779647,13,a34e21034f2e3c317ebb3d485012938d48ad04ac,macosx1015-64-shippable-qr,True,False,,|f|i|s|s|i|o|n| |w|a|r|m| |w|e|b|r|e|n|d|e|r|,102210fe594ee9b33d82058545b1ed14f4c8206e,PerceptualSpeedIndex,google-docs,True,google-docs PerceptualSpeedIndex opt fission warm webrender,,77,ms,firefox,,1762835936,2023-09-26 07:22:43,1306422,,,,,,,,,,,,,,,,,,,,,,,,,,,,,,,,,,,,,,,,,,,,,,,,,TN
953,a7382d4a1a052e1b25d2ad2dd2bdbbf16ed3ecd7,0.25350203343877076,autoland,3779647,13,a34e21034f2e3c317ebb3d485012938d48ad04ac,macosx1015-64-shippable-qr,True,False,,|f|i|s|s|i|o|n| |w|a|r|m| |w|e|b|r|e|n|d|e|r|,102210fe594ee9b33d82058545b1ed14f4c8206e,PerceptualSpeedIndex,google-docs,True,google-docs PerceptualSpeedIndex opt fission warm webrender,,77,ms,firefox,,1762815470,2023-09-26 07:47:07,1306433,,,,,,,,,,,,,,,,,,,,,,,,,,,,,,,,,,,,,,,,,,,,,,,,,TN
954,920e4f82b3485f132edc7f551ecd9334fa702021,0.26863985539990964,autoland,3779647,13,a34e21034f2e3c317ebb3d485012938d48ad04ac,macosx1015-64-shippable-qr,True,False,,|f|i|s|s|i|o|n| |w|a|r|m| |w|e|b|r|e|n|d|e|r|,102210fe594ee9b33d82058545b1ed14f4c8206e,PerceptualSpeedIndex,google-docs,True,google-docs PerceptualSpeedIndex opt fission warm webrender,,77,ms,firefox,,1762282133,2023-09-26 07:48:07,1306435,,,,,,,,,,,,,,,,,,,,,,,,,,,,,,,,,,,,,,,,,,,,,,,,,TN
955,e60c3407f3620f94624c0ac7484a7d1b257be989,0.30072300045187506,autoland,3779647,13,a34e21034f2e3c317ebb3d485012938d48ad04ac,macosx1015-64-shippable-qr,True,False,,|f|i|s|s|i|o|n| |w|a|r|m| |w|e|b|r|e|n|d|e|r|,102210fe594ee9b33d82058545b1ed14f4c8206e,PerceptualSpeedIndex,google-docs,True,google-docs PerceptualSpeedIndex opt fission warm webrender,,77,ms,firefox,,1762463664,2023-09-26 12:02:33,1306598,,,,,,,,,,,,,,,,,,,,,,,,,,,,,,,,,,,,,,,,,,,,,,,,,TN
956,f6c351ade4f28a1ce3843d0af7e5ec35b37a3576,0.27541798463624034,autoland,3779647,13,a34e21034f2e3c317ebb3d485012938d48ad04ac,macosx1015-64-shippable-qr,True,False,,|f|i|s|s|i|o|n| |w|a|r|m| |w|e|b|r|e|n|d|e|r|,102210fe594ee9b33d82058545b1ed14f4c8206e,PerceptualSpeedIndex,google-docs,True,google-docs PerceptualSpeedIndex opt fission warm webrender,,77,ms,firefox,,1762514849,2023-09-26 15:03:48,1306757,,,,,,,,,,,,,,,,,,,,,,,,,,,,,,,,,,,,,,,,,,,,,,,,,TN
957,7a98d860920f5f74014454ce20ec6739e8a16878,0.27180298237686396,autoland,3779647,13,a34e21034f2e3c317ebb3d485012938d48ad04ac,macosx1015-64-shippable-qr,True,False,,|f|i|s|s|i|o|n| |w|a|r|m| |w|e|b|r|e|n|d|e|r|,102210fe594ee9b33d82058545b1ed14f4c8206e,PerceptualSpeedIndex,google-docs,True,google-docs PerceptualSpeedIndex opt fission warm webrender,,77,ms,firefox,,1762686539,2023-09-26 21:35:50,1307018,,,,,,,,,,,,,,,,,,,,,,,,,,,,,,,,,,,,,,,,,,,,,,,,,TN
958,583cfd323dab818e35dc1f15fa3e92a503e56e11,0.2894261183913238,autoland,3779647,13,a34e21034f2e3c317ebb3d485012938d48ad04ac,macosx1015-64-shippable-qr,True,False,,|f|i|s|s|i|o|n| |w|a|r|m| |w|e|b|r|e|n|d|e|r|,102210fe594ee9b33d82058545b1ed14f4c8206e,PerceptualSpeedIndex,google-docs,True,google-docs PerceptualSpeedIndex opt fission warm webrender,,77,ms,firefox,,1762812660,2023-09-27 02:35:37,1307110,,,,,,,,,,,,,,,,,,,,,,,,,,,,,,,,,,,,,,,,,,,,,,,,,TN
959,82ae09837aed66d319e3280febbf971a401bd8a6,0.3032083145051965,autoland,3779647,13,a34e21034f2e3c317ebb3d485012938d48ad04ac,macosx1015-64-shippable-qr,True,False,,|f|i|s|s|i|o|n| |w|a|r|m| |w|e|b|r|e|n|d|e|r|,102210fe594ee9b33d82058545b1ed14f4c8206e,PerceptualSpeedIndex,google-docs,True,google-docs PerceptualSpeedIndex opt fission warm webrender,,77,ms,firefox,,1762880613,2023-09-27 06:23:31,1307163,,,,,,,,,,,,,,,,,,,,,,,,,,,,,,,,,,,,,,,,,,,,,,,,,TN
960,a1a8c2eeff55a4651fa01530fa3ec3ab3bec9b31,0.27654767284229553,autoland,3779647,13,a34e21034f2e3c317ebb3d485012938d48ad04ac,macosx1015-64-shippable-qr,True,False,,|f|i|s|s|i|o|n| |w|a|r|m| |w|e|b|r|e|n|d|e|r|,102210fe594ee9b33d82058545b1ed14f4c8206e,PerceptualSpeedIndex,google-docs,True,google-docs PerceptualSpeedIndex opt fission warm webrender,,77,ms,firefox,,1763004340,2023-09-27 10:25:54,1307283,,,,,,,,,,,,,,,,,,,,,,,,,,,,,,,,,,,,,,,,,,,,,,,,,TN
961,af764baf74a1dd0e0b863a8cf26c25266bdcbc14,0.26751016719385445,autoland,3779647,13,a34e21034f2e3c317ebb3d485012938d48ad04ac,macosx1015-64-shippable-qr,True,False,,|f|i|s|s|i|o|n| |w|a|r|m| |w|e|b|r|e|n|d|e|r|,102210fe594ee9b33d82058545b1ed14f4c8206e,PerceptualSpeedIndex,google-docs,True,google-docs PerceptualSpeedIndex opt fission warm webrender,,77,ms,firefox,,1763001533,2023-09-27 10:32:06,1307289,,,,,,,,,,,,,,,,,,,,,,,,,,,,,,,,,,,,,,,,,,,,,,,,,TN
962,980fa29a4d6158b8727d4f95c9acc919dc65d05c,0.2835517397198375,autoland,3779647,13,a34e21034f2e3c317ebb3d485012938d48ad04ac,macosx1015-64-shippable-qr,True,False,,|f|i|s|s|i|o|n| |w|a|r|m| |w|e|b|r|e|n|d|e|r|,102210fe594ee9b33d82058545b1ed14f4c8206e,PerceptualSpeedIndex,google-docs,True,google-docs PerceptualSpeedIndex opt fission warm webrender,,77,ms,firefox,,1763695922,2023-09-27 12:47:16,1307354,,,,,,,,,,,,,,,,,,,,,,,,,,,,,,,,,,,,,,,,,,,,,,,,,TN
963,b02ccb907221ffc44b9ebee03d8e03282071e929,0.38816086760054214,autoland,3779647,13,a34e21034f2e3c317ebb3d485012938d48ad04ac,macosx1015-64-shippable-qr,True,False,,|f|i|s|s|i|o|n| |w|a|r|m| |w|e|b|r|e|n|d|e|r|,102210fe594ee9b33d82058545b1ed14f4c8206e,PerceptualSpeedIndex,google-docs,True,google-docs PerceptualSpeedIndex opt fission warm webrender,,77,ms,firefox,,1763691051,2023-09-27 12:48:19,1307357,,,,,,,,,,,,,,,,,,,,,,,,,,,,,,,,,,,,,,,,,,,,,,,,,TN
964,42b4fa32b69deff886ea9bc4f4f7fb94391b751a,0.29326705829191146,autoland,3779647,13,a34e21034f2e3c317ebb3d485012938d48ad04ac,macosx1015-64-shippable-qr,True,False,,|f|i|s|s|i|o|n| |w|a|r|m| |w|e|b|r|e|n|d|e|r|,102210fe594ee9b33d82058545b1ed14f4c8206e,PerceptualSpeedIndex,google-docs,True,google-docs PerceptualSpeedIndex opt fission warm webrender,,77,ms,firefox,,1763320793,2023-09-27 14:48:02,1307439,,,,,,,,,,,,,,,,,,,,,,,,,,,,,,,,,,,,,,,,,,,,,,,,,TN
965,7768cf51f090145a9009fb37298f3c1da7d60a2f,0.2684139177586986,autoland,3779647,13,a34e21034f2e3c317ebb3d485012938d48ad04ac,macosx1015-64-shippable-qr,True,False,,|f|i|s|s|i|o|n| |w|a|r|m| |w|e|b|r|e|n|d|e|r|,102210fe594ee9b33d82058545b1ed14f4c8206e,PerceptualSpeedIndex,google-docs,True,google-docs PerceptualSpeedIndex opt fission warm webrender,,77,ms,firefox,,1763335131,2023-09-27 17:53:51,1307581,,,,,,,,,,,,,,,,,,,,,,,,,,,,,,,,,,,,,,,,,,,,,,,,,TN
966,d60788c1a5064d4f45dd33001554cde650df86be,0.2605061003163127,autoland,3779647,13,a34e21034f2e3c317ebb3d485012938d48ad04ac,macosx1015-64-shippable-qr,True,False,,|f|i|s|s|i|o|n| |w|a|r|m| |w|e|b|r|e|n|d|e|r|,102210fe594ee9b33d82058545b1ed14f4c8206e,PerceptualSpeedIndex,google-docs,True,google-docs PerceptualSpeedIndex opt fission warm webrender,,77,ms,firefox,,1763535123,2023-09-27 23:11:22,1307771,,,,,,,,,,,,,,,,,,,,,,,,,,,,,,,,,,,,,,,,,,,,,,,,,TN
967,d1fc71cc3817fe3529b10939ed53c1d395a346fa,0.29801174875734304,autoland,3779647,13,a34e21034f2e3c317ebb3d485012938d48ad04ac,macosx1015-64-shippable-qr,True,False,,|f|i|s|s|i|o|n| |w|a|r|m| |w|e|b|r|e|n|d|e|r|,102210fe594ee9b33d82058545b1ed14f4c8206e,PerceptualSpeedIndex,google-docs,True,google-docs PerceptualSpeedIndex opt fission warm webrender,,77,ms,firefox,,1763684926,2023-09-28 04:14:46,1307836,,,,,,,,,,,,,,,,,,,,,,,,,,,,,,,,,,,,,,,,,,,,,,,,,TN
968,d330b8e9f58e1065d1ca63ac5f284f7d1865e83c,0.2763217352010845,autoland,3779647,13,a34e21034f2e3c317ebb3d485012938d48ad04ac,macosx1015-64-shippable-qr,True,False,,|f|i|s|s|i|o|n| |w|a|r|m| |w|e|b|r|e|n|d|e|r|,102210fe594ee9b33d82058545b1ed14f4c8206e,PerceptualSpeedIndex,google-docs,True,google-docs PerceptualSpeedIndex opt fission warm webrender,,77,ms,firefox,,1763798435,2023-09-28 08:00:04,1307885,,,,,,,,,,,,,,,,,,,,,,,,,,,,,,,,,,,,,,,,,,,,,,,,,TN
969,a5fd40a8bf47afafdda240c7b8f1b1b911d2d937,0.30976050610031614,autoland,3779647,13,a34e21034f2e3c317ebb3d485012938d48ad04ac,macosx1015-64-shippable-qr,True,False,,|f|i|s|s|i|o|n| |w|a|r|m| |w|e|b|r|e|n|d|e|r|,102210fe594ee9b33d82058545b1ed14f4c8206e,PerceptualSpeedIndex,google-docs,True,google-docs PerceptualSpeedIndex opt fission warm webrender,,77,ms,firefox,,1763901453,2023-09-28 11:44:43,1308037,,,,,,,,,,,,,,,,,,,,,,,,,,,,,,,,,,,,,,,,,,,,,,,,,TN
970,0df79cc60ea0ef86258f3b33d533c75e91805d8b,0.2632173520108452,autoland,3779647,13,a34e21034f2e3c317ebb3d485012938d48ad04ac,macosx1015-64-shippable-qr,True,False,,|f|i|s|s|i|o|n| |w|a|r|m| |w|e|b|r|e|n|d|e|r|,102210fe594ee9b33d82058545b1ed14f4c8206e,PerceptualSpeedIndex,google-docs,True,google-docs PerceptualSpeedIndex opt fission warm webrender,,77,ms,firefox,,1764185903,2023-09-28 15:45:35,1308186,,,,,,,,,,,,,,,,,,,,,,,,,,,,,,,,,,,,,,,,,,,,,,,,,TN
971,a216736126b15f69ebee5d940a5c3394f95759cb,0.4109805693628559,autoland,3779647,13,a34e21034f2e3c317ebb3d485012938d48ad04ac,macosx1015-64-shippable-qr,True,False,,|f|i|s|s|i|o|n| |w|a|r|m| |w|e|b|r|e|n|d|e|r|,102210fe594ee9b33d82058545b1ed14f4c8206e,PerceptualSpeedIndex,google-docs,True,google-docs PerceptualSpeedIndex opt fission warm webrender,,77,ms,firefox,,1764207380,2023-09-28 16:38:20,1308227,,,,,,,,,,,,,,,,,,,,,,,,,,,,,,,,,,,,,,,,,,,,,,,,,TN
972,cd324cfaf45936b4670a6c0d15cbfe22d0e2f609,0.2941708088567554,autoland,3779647,13,a34e21034f2e3c317ebb3d485012938d48ad04ac,macosx1015-64-shippable-qr,True,False,,|f|i|s|s|i|o|n| |w|a|r|m| |w|e|b|r|e|n|d|e|r|,102210fe594ee9b33d82058545b1ed14f4c8206e,PerceptualSpeedIndex,google-docs,True,google-docs PerceptualSpeedIndex opt fission warm webrender,,77,ms,firefox,,1764296068,2023-09-28 19:24:36,1308380,,,,,,,,,,,,,,,,,,,,,,,,,,,,,,,,,,,,,,,,,,,,,,,,,TN
973,72bb9164219d9f54440ccfa7f55dc02f195190f9,0.26931766832354254,autoland,3779647,13,a34e21034f2e3c317ebb3d485012938d48ad04ac,macosx1015-64-shippable-qr,True,False,,|f|i|s|s|i|o|n| |w|a|r|m| |w|e|b|r|e|n|d|e|r|,102210fe594ee9b33d82058545b1ed14f4c8206e,PerceptualSpeedIndex,google-docs,True,google-docs PerceptualSpeedIndex opt fission warm webrender,,77,ms,firefox,,1764319413,2023-09-28 22:48:25,1308491,,,,,,,,,,,,,,,,,,,,,,,,,,,,,,,,,,,,,,,,,,,,,,,,,TN
974,4fd1c7c2dcf2973c3285d981e74b08dee641a0fc,0.28332580207862623,autoland,3779647,13,a34e21034f2e3c317ebb3d485012938d48ad04ac,macosx1015-64-shippable-qr,True,False,,|f|i|s|s|i|o|n| |w|a|r|m| |w|e|b|r|e|n|d|e|r|,102210fe594ee9b33d82058545b1ed14f4c8206e,PerceptualSpeedIndex,google-docs,True,google-docs PerceptualSpeedIndex opt fission warm webrender,,77,ms,firefox,,1764504695,2023-09-29 05:26:28,1308580,,,,,,,,,,,,,,,,,,,,,,,,,,,,,,,,,,,,,,,,,,,,,,,,,TN
975,6453cd78e4f187bc198e83900dd9937c3cc6d0fc,0.2873926796204247,autoland,3779647,13,a34e21034f2e3c317ebb3d485012938d48ad04ac,macosx1015-64-shippable-qr,True,False,,|f|i|s|s|i|o|n| |w|a|r|m| |w|e|b|r|e|n|d|e|r|,102210fe594ee9b33d82058545b1ed14f4c8206e,PerceptualSpeedIndex,google-docs,True,google-docs PerceptualSpeedIndex opt fission warm webrender,,77,ms,firefox,,1764637418,2023-09-29 09:03:41,1308650,,,,,,,,,,,,,,,,,,,,,,,,,,,,,,,,,,,,,,,,,,,,,,,,,TN
976,dfea5c2f2737b0334921941ecd0f5f235432942e,0.2781292363307726,autoland,3779647,13,a34e21034f2e3c317ebb3d485012938d48ad04ac,macosx1015-64-shippable-qr,True,False,,|f|i|s|s|i|o|n| |w|a|r|m| |w|e|b|r|e|n|d|e|r|,102210fe594ee9b33d82058545b1ed14f4c8206e,PerceptualSpeedIndex,google-docs,True,google-docs PerceptualSpeedIndex opt fission warm webrender,,77,ms,firefox,,1764782274,2023-09-29 13:06:51,1308761,,,,,,,,,,,,,,,,,,,,,,,,,,,,,,,,,,,,,,,,,,,,,,,,,TN
977,e2d3169fc579506294a164827b60ea38b9295bb1,0.24920921825576148,autoland,3779647,13,a34e21034f2e3c317ebb3d485012938d48ad04ac,macosx1015-64-shippable-qr,True,False,,|f|i|s|s|i|o|n| |w|a|r|m| |w|e|b|r|e|n|d|e|r|,102210fe594ee9b33d82058545b1ed14f4c8206e,PerceptualSpeedIndex,google-docs,True,google-docs PerceptualSpeedIndex opt fission warm webrender,,77,ms,firefox,,1764840722,2023-09-29 14:43:48,1308803,,,,,,,,,,,,,,,,,,,,,,,,,,,,,,,,,,,,,,,,,,,,,,,,,TN
978,51fa8a3c99f0609ebc42be909905d3b3360c6909,0.29484862178038873,autoland,3779647,13,a34e21034f2e3c317ebb3d485012938d48ad04ac,macosx1015-64-shippable-qr,True,False,,|f|i|s|s|i|o|n| |w|a|r|m| |w|e|b|r|e|n|d|e|r|,102210fe594ee9b33d82058545b1ed14f4c8206e,PerceptualSpeedIndex,google-docs,True,google-docs PerceptualSpeedIndex opt fission warm webrender,,77,ms,firefox,,1765187527,2023-09-29 17:22:14,1308879,,,,,,,,,,,,,,,,,,,,,,,,,,,,,,,,,,,,,,,,,,,,,,,,,TN
979,3677fd4aebcb91190a1d79fc4deeee12bf903671,0.2862629914143695,autoland,3779647,13,a34e21034f2e3c317ebb3d485012938d48ad04ac,macosx1015-64-shippable-qr,True,False,,|f|i|s|s|i|o|n| |w|a|r|m| |w|e|b|r|e|n|d|e|r|,102210fe594ee9b33d82058545b1ed14f4c8206e,PerceptualSpeedIndex,google-docs,True,google-docs PerceptualSpeedIndex opt fission warm webrender,,77,ms,firefox,,1765175723,2023-09-29 17:23:30,1308882,,,,,,,,,,,,,,,,,,,,,,,,,,,,,,,,,,,,,,,,,,,,,,,,,TN
980,8068f7fac7d44e5f28fec14686fc33ad260de99d,0.2688657930411207,autoland,3779647,13,a34e21034f2e3c317ebb3d485012938d48ad04ac,macosx1015-64-shippable-qr,True,False,,|f|i|s|s|i|o|n| |w|a|r|m| |w|e|b|r|e|n|d|e|r|,102210fe594ee9b33d82058545b1ed14f4c8206e,PerceptualSpeedIndex,google-docs,True,google-docs PerceptualSpeedIndex opt fission warm webrender,,77,ms,firefox,,1765174485,2023-09-29 17:37:10,1308888,,,,,,,,,,,,,,,,,,,,,,,,,,,,,,,,,,,,,,,,,,,,,,,,,TN
981,dbbfb173932c7a5d8d65faa382f881197bff8d18,0.34206958879349303,autoland,3779647,13,a34e21034f2e3c317ebb3d485012938d48ad04ac,macosx1015-64-shippable-qr,True,False,,|f|i|s|s|i|o|n| |w|a|r|m| |w|e|b|r|e|n|d|e|r|,102210fe594ee9b33d82058545b1ed14f4c8206e,PerceptualSpeedIndex,google-docs,True,google-docs PerceptualSpeedIndex opt fission warm webrender,,77,ms,firefox,,1765207275,2023-09-29 17:38:01,1308889,,,,,,,,,,,,,,,,,,,,,,,,,,,,,,,,,,,,,,,,,,,,,,,,,TN
982,bcd2222b6b08b09cee468dff6e7f94400e02b303,0.2799367374604609,autoland,3779647,13,a34e21034f2e3c317ebb3d485012938d48ad04ac,macosx1015-64-shippable-qr,True,False,,|f|i|s|s|i|o|n| |w|a|r|m| |w|e|b|r|e|n|d|e|r|,102210fe594ee9b33d82058545b1ed14f4c8206e,PerceptualSpeedIndex,google-docs,True,google-docs PerceptualSpeedIndex opt fission warm webrender,,77,ms,firefox,,1765190686,2023-09-29 22:04:24,1309030,,,,,,,,,,,,,,,,,,,,,,,,,,,,,,,,,,,,,,,,,,,,,,,,,TN
983,eee85ca883b58f7e7ed94e3a2e4ed573475159d4,0.29326705829191146,autoland,3779647,13,a34e21034f2e3c317ebb3d485012938d48ad04ac,macosx1015-64-shippable-qr,True,False,,|f|i|s|s|i|o|n| |w|a|r|m| |w|e|b|r|e|n|d|e|r|,102210fe594ee9b33d82058545b1ed14f4c8206e,PerceptualSpeedIndex,google-docs,True,google-docs PerceptualSpeedIndex opt fission warm webrender,,77,ms,firefox,,1765162185,2023-09-29 22:10:32,1309031,,,,,,,,,,,,,,,,,,,,,,,,,,,,,,,,,,,,,,,,,,,,,,,,,TN
984,c0cfc8c5836260ab8706d5b737a4f4f654da4610,0.2853592408495256,autoland,3779647,13,a34e21034f2e3c317ebb3d485012938d48ad04ac,macosx1015-64-shippable-qr,True,False,,|f|i|s|s|i|o|n| |w|a|r|m| |w|e|b|r|e|n|d|e|r|,102210fe594ee9b33d82058545b1ed14f4c8206e,PerceptualSpeedIndex,google-docs,True,google-docs PerceptualSpeedIndex opt fission warm webrender,,77,ms,firefox,,1765213367,2023-09-30 06:24:14,1309077,,,,,,,,,,,,,,,,,,,,,,,,,,,,,,,,,,,,,,,,,,,,,,,,,TN
985,0d5209658cf41a9d6d9f6c74890ecf69602525c4,0.30162675101671943,autoland,3779647,13,a34e21034f2e3c317ebb3d485012938d48ad04ac,macosx1015-64-shippable-qr,True,False,,|f|i|s|s|i|o|n| |w|a|r|m| |w|e|b|r|e|n|d|e|r|,102210fe594ee9b33d82058545b1ed14f4c8206e,PerceptualSpeedIndex,google-docs,True,google-docs PerceptualSpeedIndex opt fission warm webrender,,77,ms,firefox,,1765331415,2023-09-30 15:09:24,1309133,,,,,,,,,,,,,,,,,,,,,,,,,,,,,,,,,,,,,,,,,,,,,,,,,TN
986,8c9ba927121cd7f1cb5b31ffb86addc4c34b59a8,0.26547672842295533,autoland,3779647,13,a34e21034f2e3c317ebb3d485012938d48ad04ac,macosx1015-64-shippable-qr,True,False,,|f|i|s|s|i|o|n| |w|a|r|m| |w|e|b|r|e|n|d|e|r|,102210fe594ee9b33d82058545b1ed14f4c8206e,PerceptualSpeedIndex,google-docs,True,google-docs PerceptualSpeedIndex opt fission warm webrender,,77,ms,firefox,,1765352072,2023-09-30 15:56:32,1309136,,,,,,,,,,,,,,,,,,,,,,,,,,,,,,,,,,,,,,,,,,,,,,,,,TN
987,bacf4fcba00b9d708012b5c8144292e5362ed452,0.2923633077270673,autoland,3779647,13,a34e21034f2e3c317ebb3d485012938d48ad04ac,macosx1015-64-shippable-qr,True,False,,|f|i|s|s|i|o|n| |w|a|r|m| |w|e|b|r|e|n|d|e|r|,102210fe594ee9b33d82058545b1ed14f4c8206e,PerceptualSpeedIndex,google-docs,True,google-docs PerceptualSpeedIndex opt fission warm webrender,,77,ms,firefox,,1765381530,2023-09-30 20:01:07,1309152,,,,,,,,,,,,,,,,,,,,,,,,,,,,,,,,,,,,,,,,,,,,,,,,,TN
988,b781e655236dff9086d1be5c4b59b0263a9cee56,0.31021238138273843,autoland,3779647,13,a34e21034f2e3c317ebb3d485012938d48ad04ac,macosx1015-64-shippable-qr,True,False,,|f|i|s|s|i|o|n| |w|a|r|m| |w|e|b|r|e|n|d|e|r|,102210fe594ee9b33d82058545b1ed14f4c8206e,PerceptualSpeedIndex,google-docs,True,google-docs PerceptualSpeedIndex opt fission warm webrender,,77,ms,firefox,,1765436837,2023-10-01 02:27:22,1309171,,,,,,,,,,,,,,,,,,,,,,,,,,,,,,,,,,,,,,,,,,,,,,,,,TN
989,1abb269d873e8bda2c0fa1b4f26f481c89584ca6,0.27903298689561695,autoland,3779647,13,a34e21034f2e3c317ebb3d485012938d48ad04ac,macosx1015-64-shippable-qr,True,False,,|f|i|s|s|i|o|n| |w|a|r|m| |w|e|b|r|e|n|d|e|r|,102210fe594ee9b33d82058545b1ed14f4c8206e,PerceptualSpeedIndex,google-docs,True,google-docs PerceptualSpeedIndex opt fission warm webrender,,77,ms,firefox,,1765549807,2023-10-01 15:08:35,1309237,,,,,,,,,,,,,,,,,,,,,,,,,,,,,,,,,,,,,,,,,,,,,,,,,TN
990,72adc901a818435f7ba23e492963c7e1bf526be1,0.29914143696339823,autoland,3779647,13,a34e21034f2e3c317ebb3d485012938d48ad04ac,macosx1015-64-shippable-qr,True,False,,|f|i|s|s|i|o|n| |w|a|r|m| |w|e|b|r|e|n|d|e|r|,102210fe594ee9b33d82058545b1ed14f4c8206e,PerceptualSpeedIndex,google-docs,True,google-docs PerceptualSpeedIndex opt fission warm webrender,,77,ms,firefox,,1765602223,2023-10-01 19:57:41,1309256,,,,,,,,,,,,,,,,,,,,,,,,,,,,,,,,,,,,,,,,,,,,,,,,,TN
991,1c52958ae6ea59e32694986c0d6332b8171aca86,0.2959783099864439,autoland,3779647,13,a34e21034f2e3c317ebb3d485012938d48ad04ac,macosx1015-64-shippable-qr,True,False,,|f|i|s|s|i|o|n| |w|a|r|m| |w|e|b|r|e|n|d|e|r|,102210fe594ee9b33d82058545b1ed14f4c8206e,PerceptualSpeedIndex,google-docs,True,google-docs PerceptualSpeedIndex opt fission warm webrender,,77,ms,firefox,,1765599437,2023-10-01 20:03:17,1309258,,,,,,,,,,,,,,,,,,,,,,,,,,,,,,,,,,,,,,,,,,,,,,,,,TN
992,55fc90da3cff35171d66e3dcf280575bef8c17a6,0.2769995481247174,autoland,3779647,13,a34e21034f2e3c317ebb3d485012938d48ad04ac,macosx1015-64-shippable-qr,True,False,,|f|i|s|s|i|o|n| |w|a|r|m| |w|e|b|r|e|n|d|e|r|,102210fe594ee9b33d82058545b1ed14f4c8206e,PerceptualSpeedIndex,google-docs,True,google-docs PerceptualSpeedIndex opt fission warm webrender,,77,ms,firefox,,1765697648,2023-10-02 00:31:45,1309288,,,,,,,,,,,,,,,,,,,,,,,,,,,,,,,,,,,,,,,,,,,,,,,,,TN
993,318059aaa167779fcc844cbf085cb7ffacc47523,0.28468142792589246,autoland,3779647,13,a34e21034f2e3c317ebb3d485012938d48ad04ac,macosx1015-64-shippable-qr,True,False,,|f|i|s|s|i|o|n| |w|a|r|m| |w|e|b|r|e|n|d|e|r|,102210fe594ee9b33d82058545b1ed14f4c8206e,PerceptualSpeedIndex,google-docs,True,google-docs PerceptualSpeedIndex opt fission warm webrender,,77,ms,firefox,,1765866061,2023-10-02 11:08:53,1309454,,,,,,,,,,,,,,,,,,,,,,,,,,,,,,,,,,,,,,,,,,,,,,,,,TN
994,d4e50ba4e3bb32cd117ee7c751c056f37b00e6f4,0.2830998644374152,autoland,3779647,13,a34e21034f2e3c317ebb3d485012938d48ad04ac,macosx1015-64-shippable-qr,True,False,,|f|i|s|s|i|o|n| |w|a|r|m| |w|e|b|r|e|n|d|e|r|,102210fe594ee9b33d82058545b1ed14f4c8206e,PerceptualSpeedIndex,google-docs,True,google-docs PerceptualSpeedIndex opt fission warm webrender,,77,ms,firefox,,1766487437,2023-10-02 13:23:04,1309543,,,,,,,,,,,,,,,,,,,,,,,,,,,,,,,,,,,,,,,,,,,,,,,,,TN
995,1404f0f8f3636b099bf2bce17070418ad38f1890,0.2799367374604609,autoland,3779647,13,a34e21034f2e3c317ebb3d485012938d48ad04ac,macosx1015-64-shippable-qr,True,False,,|f|i|s|s|i|o|n| |w|a|r|m| |w|e|b|r|e|n|d|e|r|,102210fe594ee9b33d82058545b1ed14f4c8206e,PerceptualSpeedIndex,google-docs,True,google-docs PerceptualSpeedIndex opt fission warm webrender,,77,ms,firefox,,1766410392,2023-10-02 13:24:00,1309544,,,,,,,,,,,,,,,,,,,,,,,,,,,,,,,,,,,,,,,,,,,,,,,,,TN
996,ee29ea36851a37d2f52579657e670838c92d0068,0.24039765024853144,autoland,3779647,13,a34e21034f2e3c317ebb3d485012938d48ad04ac,macosx1015-64-shippable-qr,True,False,,|f|i|s|s|i|o|n| |w|a|r|m| |w|e|b|r|e|n|d|e|r|,102210fe594ee9b33d82058545b1ed14f4c8206e,PerceptualSpeedIndex,google-docs,True,google-docs PerceptualSpeedIndex opt fission warm webrender,,77,ms,firefox,,1766405348,2023-10-02 13:24:51,1309545,,,,,,,,,,,,,,,,,,,,,,,,,,,,,,,,,,,,,,,,,,,,,,,,,TN
997,db33a2d0d6c36f0c15318f1c5ffaa7498a1ee4f3,0.2959783099864439,autoland,3779647,13,a34e21034f2e3c317ebb3d485012938d48ad04ac,macosx1015-64-shippable-qr,True,False,,|f|i|s|s|i|o|n| |w|a|r|m| |w|e|b|r|e|n|d|e|r|,102210fe594ee9b33d82058545b1ed14f4c8206e,PerceptualSpeedIndex,google-docs,True,google-docs PerceptualSpeedIndex opt fission warm webrender,,77,ms,firefox,,1766105158,2023-10-02 16:59:31,1309721,,,,,,,,,,,,,,,,,,,,,,,,,,,,,,,,,,,,,,,,,,,,,,,,,TN
998,0435b7e1340f2ced37216f0dd2fbf09a0a8f2cad,0.29936737460460927,autoland,3779647,13,a34e21034f2e3c317ebb3d485012938d48ad04ac,macosx1015-64-shippable-qr,True,False,,|f|i|s|s|i|o|n| |w|a|r|m| |w|e|b|r|e|n|d|e|r|,102210fe594ee9b33d82058545b1ed14f4c8206e,PerceptualSpeedIndex,google-docs,True,google-docs PerceptualSpeedIndex opt fission warm webrender,,77,ms,firefox,,1766203722,2023-10-02 20:46:43,1309872,,,,,,,,,,,,,,,,,,,,,,,,,,,,,,,,,,,,,,,,,,,,,,,,,TN
999,53af11a26cb69e0616d9f481f988276e0a6da93e,0.2573429733393584,autoland,3779647,13,a34e21034f2e3c317ebb3d485012938d48ad04ac,macosx1015-64-shippable-qr,True,False,,|f|i|s|s|i|o|n| |w|a|r|m| |w|e|b|r|e|n|d|e|r|,102210fe594ee9b33d82058545b1ed14f4c8206e,PerceptualSpeedIndex,google-docs,True,google-docs PerceptualSpeedIndex opt fission warm webrender,,77,ms,firefox,,1766396181,2023-10-03 05:01:50,1310080,,,,,,,,,,,,,,,,,,,,,,,,,,,,,,,,,,,,,,,,,,,,,,,,,TN
1000,f003c74ca9f9399bc6db342491d997d682efc357,0.2835517397198375,autoland,3779647,13,a34e21034f2e3c317ebb3d485012938d48ad04ac,macosx1015-64-shippable-qr,True,False,,|f|i|s|s|i|o|n| |w|a|r|m| |w|e|b|r|e|n|d|e|r|,102210fe594ee9b33d82058545b1ed14f4c8206e,PerceptualSpeedIndex,google-docs,True,google-docs PerceptualSpeedIndex opt fission warm webrender,,77,ms,firefox,,1766753826,2023-10-03 11:04:59,1310236,,,,,,,,,,,,,,,,,,,,,,,,,,,,,,,,,,,,,,,,,,,,,,,,,TN
1001,e17d7235b6833e36a524263990347804df15c7fb,0.3056936285585179,autoland,3779647,13,a34e21034f2e3c317ebb3d485012938d48ad04ac,macosx1015-64-shippable-qr,True,False,,|f|i|s|s|i|o|n| |w|a|r|m| |w|e|b|r|e|n|d|e|r|,102210fe594ee9b33d82058545b1ed14f4c8206e,PerceptualSpeedIndex,google-docs,True,google-docs PerceptualSpeedIndex opt fission warm webrender,,77,ms,firefox,,1766771466,2023-10-03 12:29:11,1310274,,,,,,,,,,,,,,,,,,,,,,,,,,,,,,,,,,,,,,,,,,,,,,,,,TN
1002,b3b1aa7e76bca656376581afa36895bcaf2c2bca,0.24785359240849525,autoland,3779647,13,a34e21034f2e3c317ebb3d485012938d48ad04ac,macosx1015-64-shippable-qr,True,False,,|f|i|s|s|i|o|n| |w|a|r|m| |w|e|b|r|e|n|d|e|r|,102210fe594ee9b33d82058545b1ed14f4c8206e,PerceptualSpeedIndex,google-docs,True,google-docs PerceptualSpeedIndex opt fission warm webrender,,77,ms,firefox,,1767304911,2023-10-03 15:17:19,1310382,,,,,,,,,,,,,,,,,,,,,,,,,,,,,,,,,,,,,,,,,,,,,,,,,TN
1003,226b3a89b9be28eabc8c9c4dfebb5eac585c4a66,0.2916854948034342,autoland,3779647,13,a34e21034f2e3c317ebb3d485012938d48ad04ac,macosx1015-64-shippable-qr,True,False,,|f|i|s|s|i|o|n| |w|a|r|m| |w|e|b|r|e|n|d|e|r|,102210fe594ee9b33d82058545b1ed14f4c8206e,PerceptualSpeedIndex,google-docs,True,google-docs PerceptualSpeedIndex opt fission warm webrender,,77,ms,firefox,,1767327941,2023-10-03 15:19:21,1310384,,,,,,,,,,,,,,,,,,,,,,,,,,,,,,,,,,,,,,,,,,,,,,,,,TN
1004,b93578d846b3af884d0a623f8ce43e0183c8307f,0.3920018075011298,autoland,3779647,13,a34e21034f2e3c317ebb3d485012938d48ad04ac,macosx1015-64-shippable-qr,True,False,,|f|i|s|s|i|o|n| |w|a|r|m| |w|e|b|r|e|n|d|e|r|,102210fe594ee9b33d82058545b1ed14f4c8206e,PerceptualSpeedIndex,google-docs,True,google-docs PerceptualSpeedIndex opt fission warm webrender,,77,ms,firefox,,1767009480,2023-10-03 16:51:48,1310439,,,,,,,,,,,,,,,,,,,,,,,,,,,,,,,,,,,,,,,,,,,,,,,,,TN
1005,40e8e79805b33e9018a2ef43bb9b0edfd9bd0ec0,0.30795300497062805,autoland,3779647,13,a34e21034f2e3c317ebb3d485012938d48ad04ac,macosx1015-64-shippable-qr,True,False,,|f|i|s|s|i|o|n| |w|a|r|m| |w|e|b|r|e|n|d|e|r|,102210fe594ee9b33d82058545b1ed14f4c8206e,PerceptualSpeedIndex,google-docs,True,google-docs PerceptualSpeedIndex opt fission warm webrender,,77,ms,firefox,,1767314322,2023-10-03 18:55:57,1310528,,,,,,,,,,,,,,,,,,,,,,,,,,,,,,,,,,,,,,,,,,,,,,,,,TN
1006,629886ef61b65a57dcc4e49625313b4c6b8c8b7e,0.39674649796656114,autoland,3779647,13,a34e21034f2e3c317ebb3d485012938d48ad04ac,macosx1015-64-shippable-qr,True,False,,|f|i|s|s|i|o|n| |w|a|r|m| |w|e|b|r|e|n|d|e|r|,102210fe594ee9b33d82058545b1ed14f4c8206e,PerceptualSpeedIndex,google-docs,True,google-docs PerceptualSpeedIndex opt fission warm webrender,,77,ms,firefox,,1767334926,2023-10-03 18:59:16,1310533,,,,,,,,,,,,,,,,,,,,,,,,,,,,,,,,,,,,,,,,,,,,,,,,,TN
1007,422c0919f37048afb02dc4d87dfc018baa718a5b,0.3025305015815636,autoland,3779647,13,a34e21034f2e3c317ebb3d485012938d48ad04ac,macosx1015-64-shippable-qr,True,False,,|f|i|s|s|i|o|n| |w|a|r|m| |w|e|b|r|e|n|d|e|r|,102210fe594ee9b33d82058545b1ed14f4c8206e,PerceptualSpeedIndex,google-docs,True,google-docs PerceptualSpeedIndex opt fission warm webrender,,77,ms,firefox,,1767110793,2023-10-03 20:26:11,1310584,,,,,,,,,,,,,,,,,,,,,,,,,,,,,,,,,,,,,,,,,,,,,,,,,TN
1008,3fb508020251d2cb191f2d62714da25ec3f35118,0.32986895616809764,autoland,3779647,13,a34e21034f2e3c317ebb3d485012938d48ad04ac,macosx1015-64-shippable-qr,True,False,,|f|i|s|s|i|o|n| |w|a|r|m| |w|e|b|r|e|n|d|e|r|,102210fe594ee9b33d82058545b1ed14f4c8206e,PerceptualSpeedIndex,google-docs,True,google-docs PerceptualSpeedIndex opt fission warm webrender,,77,ms,firefox,,1767140008,2023-10-04 00:09:44,1310704,,,,,,,,,,,,,,,,,,,,,,,,,,,,,,,,,,,,,,,,,,,,,,,,,TN
1009,413c83e8ccdad48a5ea3e58243d8ec9bb8c317fd,0.298915499322187,autoland,3779647,13,a34e21034f2e3c317ebb3d485012938d48ad04ac,macosx1015-64-shippable-qr,True,False,,|f|i|s|s|i|o|n| |w|a|r|m| |w|e|b|r|e|n|d|e|r|,102210fe594ee9b33d82058545b1ed14f4c8206e,PerceptualSpeedIndex,google-docs,True,google-docs PerceptualSpeedIndex opt fission warm webrender,,77,ms,firefox,,1767354074,2023-10-04 04:52:48,1310758,,,,,,,,,,,,,,,,,,,,,,,,,,,,,,,,,,,,,,,,,,,,,,,,,TN
1010,ee60a98b1285e84f8466d929dd7197b4cb9e3beb,0.27474017171260723,autoland,3779647,13,a34e21034f2e3c317ebb3d485012938d48ad04ac,macosx1015-64-shippable-qr,True,False,,|f|i|s|s|i|o|n| |w|a|r|m| |w|e|b|r|e|n|d|e|r|,102210fe594ee9b33d82058545b1ed14f4c8206e,PerceptualSpeedIndex,google-docs,True,google-docs PerceptualSpeedIndex opt fission warm webrender,,77,ms,firefox,,1767409565,2023-10-04 07:37:17,1310806,,,,,,,,,,,,,,,,,,,,,,,,,,,,,,,,,,,,,,,,,,,,,,,,,TN
1011,1c1b0e052b07035c225a9cfda5aa8f87ea21e372,0.2815183009489379,autoland,3779647,13,a34e21034f2e3c317ebb3d485012938d48ad04ac,macosx1015-64-shippable-qr,True,False,,|f|i|s|s|i|o|n| |w|a|r|m| |w|e|b|r|e|n|d|e|r|,102210fe594ee9b33d82058545b1ed14f4c8206e,PerceptualSpeedIndex,google-docs,True,google-docs PerceptualSpeedIndex opt fission warm webrender,,77,ms,firefox,,1768118466,2023-10-04 09:49:47,1310877,,,,,,,,,,,,,,,,,,,,,,,,,,,,,,,,,,,,,,,,,,,,,,,,,TN
1012,5bf3ad80b3ec559fbfff98aed41d9b68c097f72a,0.2799367374604609,autoland,3779647,13,a34e21034f2e3c317ebb3d485012938d48ad04ac,macosx1015-64-shippable-qr,True,False,,|f|i|s|s|i|o|n| |w|a|r|m| |w|e|b|r|e|n|d|e|r|,102210fe594ee9b33d82058545b1ed14f4c8206e,PerceptualSpeedIndex,google-docs,True,google-docs PerceptualSpeedIndex opt fission warm webrender,,77,ms,firefox,,1768127059,2023-10-04 09:51:53,1310879,,,,,,,,,,,,,,,,,,,,,,,,,,,,,,,,,,,,,,,,,,,,,,,,,TN
1013,c559095402a2380ba171d9c60662e36c8d5e948d,0.2632173520108452,autoland,3779647,13,a34e21034f2e3c317ebb3d485012938d48ad04ac,macosx1015-64-shippable-qr,True,False,,|f|i|s|s|i|o|n| |w|a|r|m| |w|e|b|r|e|n|d|e|r|,102210fe594ee9b33d82058545b1ed14f4c8206e,PerceptualSpeedIndex,google-docs,True,google-docs PerceptualSpeedIndex opt fission warm webrender,,77,ms,firefox,,1767747559,2023-10-04 11:43:59,1310929,,,,,,,,,,,,,,,,,,,,,,,,,,,,,,,,,,,,,,,,,,,,,,,,,TN
1014,764533656770292f05824c8125c45832ba08baa6,0.30117487573429735,autoland,3779647,13,a34e21034f2e3c317ebb3d485012938d48ad04ac,macosx1015-64-shippable-qr,True,False,,|f|i|s|s|i|o|n| |w|a|r|m| |w|e|b|r|e|n|d|e|r|,102210fe594ee9b33d82058545b1ed14f4c8206e,PerceptualSpeedIndex,google-docs,True,google-docs PerceptualSpeedIndex opt fission warm webrender,,77,ms,firefox,,1767709559,2023-10-04 13:35:26,1311025,,,,,,,,,,,,,,,,,,,,,,,,,,,,,,,,,,,,,,,,,,,,,,,,,TN
1015,ce4c0f200f3bbd6681a6313aebf0d64f7ea8afe5,0.32196113872571175,autoland,3779647,13,a34e21034f2e3c317ebb3d485012938d48ad04ac,macosx1015-64-shippable-qr,True,False,,|f|i|s|s|i|o|n| |w|a|r|m| |w|e|b|r|e|n|d|e|r|,102210fe594ee9b33d82058545b1ed14f4c8206e,PerceptualSpeedIndex,google-docs,True,google-docs PerceptualSpeedIndex opt fission warm webrender,,77,ms,firefox,,1767840556,2023-10-04 16:58:39,1311191,,,,,,,,,,,,,,,,,,,,,,,,,,,,,,,,,,,,,,,,,,,,,,,,,TN
1016,e557eb7d97ce665fd81c680ed136877f12572c13,0.289200180750113,autoland,3779647,13,a34e21034f2e3c317ebb3d485012938d48ad04ac,macosx1015-64-shippable-qr,True,False,,|f|i|s|s|i|o|n| |w|a|r|m| |w|e|b|r|e|n|d|e|r|,102210fe594ee9b33d82058545b1ed14f4c8206e,PerceptualSpeedIndex,google-docs,True,google-docs PerceptualSpeedIndex opt fission warm webrender,,77,ms,firefox,,1767900845,2023-10-04 20:54:48,1311395,,,,,,,,,,,,,,,,,,,,,,,,,,,,,,,,,,,,,,,,,,,,,,,,,TN
1017,59f4df7189285072039d3a68afd88090443edb71,0.2758698599186624,autoland,3779647,13,a34e21034f2e3c317ebb3d485012938d48ad04ac,macosx1015-64-shippable-qr,True,False,,|f|i|s|s|i|o|n| |w|a|r|m| |w|e|b|r|e|n|d|e|r|,102210fe594ee9b33d82058545b1ed14f4c8206e,PerceptualSpeedIndex,google-docs,True,google-docs PerceptualSpeedIndex opt fission warm webrender,,77,ms,firefox,,1768002739,2023-10-05 00:01:56,1311536,,,,,,,,,,,,,,,,,,,,,,,,,,,,,,,,,,,,,,,,,,,,,,,,,TN
1018,c406ccc1889d7f77e187d219bc9800009e26c02e,0.28784455490284677,autoland,3779647,13,a34e21034f2e3c317ebb3d485012938d48ad04ac,macosx1015-64-shippable-qr,True,False,,|f|i|s|s|i|o|n| |w|a|r|m| |w|e|b|r|e|n|d|e|r|,102210fe594ee9b33d82058545b1ed14f4c8206e,PerceptualSpeedIndex,google-docs,True,google-docs PerceptualSpeedIndex opt fission warm webrender,,77,ms,firefox,,1768109809,2023-10-05 04:15:14,1311596,,,,,,,,,,,,,,,,,,,,,,,,,,,,,,,,,,,,,,,,,,,,,,,,,TN
1019,526604ee2cd434fcf94020c1c8b6b96d253a6e83,0.2688657930411207,autoland,3779647,13,a34e21034f2e3c317ebb3d485012938d48ad04ac,macosx1015-64-shippable-qr,True,False,,|f|i|s|s|i|o|n| |w|a|r|m| |w|e|b|r|e|n|d|e|r|,102210fe594ee9b33d82058545b1ed14f4c8206e,PerceptualSpeedIndex,google-docs,True,google-docs PerceptualSpeedIndex opt fission warm webrender,,77,ms,firefox,,1768183850,2023-10-05 08:15:44,1311663,,,,,,,,,,,,,,,,,,,,,,,,,,,,,,,,,,,,,,,,,,,,,,,,,TN
1020,352fa7471fb72db127fc25a7723d201abec7bd50,0.3264798915499323,autoland,3779647,13,a34e21034f2e3c317ebb3d485012938d48ad04ac,macosx1015-64-shippable-qr,True,False,,|f|i|s|s|i|o|n| |w|a|r|m| |w|e|b|r|e|n|d|e|r|,102210fe594ee9b33d82058545b1ed14f4c8206e,PerceptualSpeedIndex,google-docs,True,google-docs PerceptualSpeedIndex opt fission warm webrender,,77,ms,firefox,,1768190159,2023-10-05 08:43:24,1311677,,,,,,,,,,,,,,,,,,,,,,,,,,,,,,,,,,,,,,,,,,,,,,,,,TN
1021,071a248f1589b12a9d492997caf012ac6a813d61,0.2810664256665161,autoland,3779647,13,a34e21034f2e3c317ebb3d485012938d48ad04ac,macosx1015-64-shippable-qr,True,False,,|f|i|s|s|i|o|n| |w|a|r|m| |w|e|b|r|e|n|d|e|r|,102210fe594ee9b33d82058545b1ed14f4c8206e,PerceptualSpeedIndex,google-docs,True,google-docs PerceptualSpeedIndex opt fission warm webrender,,77,ms,firefox,,1768420051,2023-10-05 13:03:19,1311840,,,,,,,,,,,,,,,,,,,,,,,,,,,,,,,,,,,,,,,,,,,,,,,,,TN
1022,38a59b940c35dfab50ff2deda3fe6f27bfa99213,0.2810664256665161,autoland,3779647,13,a34e21034f2e3c317ebb3d485012938d48ad04ac,macosx1015-64-shippable-qr,True,False,,|f|i|s|s|i|o|n| |w|a|r|m| |w|e|b|r|e|n|d|e|r|,102210fe594ee9b33d82058545b1ed14f4c8206e,PerceptualSpeedIndex,google-docs,True,google-docs PerceptualSpeedIndex opt fission warm webrender,,77,ms,firefox,,1768438698,2023-10-05 14:07:33,1311899,,,,,,,,,,,,,,,,,,,,,,,,,,,,,,,,,,,,,,,,,,,,,,,,,TN
1023,def7651a06fb17bb344eaf48cc6daa6047be722e,0.2727067329417081,autoland,3779647,13,a34e21034f2e3c317ebb3d485012938d48ad04ac,macosx1015-64-shippable-qr,True,False,,|f|i|s|s|i|o|n| |w|a|r|m| |w|e|b|r|e|n|d|e|r|,102210fe594ee9b33d82058545b1ed14f4c8206e,PerceptualSpeedIndex,google-docs,True,google-docs PerceptualSpeedIndex opt fission warm webrender,,77,ms,firefox,,1768698408,2023-10-05 17:18:24,1312069,,,,,,,,,,,,,,,,,,,,,,,,,,,,,,,,,,,,,,,,,,,,,,,,,TN
1024,5cb270a4e6b6f0aa6cd6865b7f8daf75ad10263c,0.2413014008133756,autoland,3779647,13,a34e21034f2e3c317ebb3d485012938d48ad04ac,macosx1015-64-shippable-qr,True,False,,|f|i|s|s|i|o|n| |w|a|r|m| |w|e|b|r|e|n|d|e|r|,102210fe594ee9b33d82058545b1ed14f4c8206e,PerceptualSpeedIndex,google-docs,True,google-docs PerceptualSpeedIndex opt fission warm webrender,,77,ms,firefox,,1768809699,2023-10-05 19:49:01,1312160,,,,,,,,,,,,,,,,,,,,,,,,,,,,,,,,,,,,,,,,,,,,,,,,,TN
1025,461a9c98a535b9896e9d394bdfee72ce90cf7afd,0.26751016719385445,autoland,3779647,13,a34e21034f2e3c317ebb3d485012938d48ad04ac,macosx1015-64-shippable-qr,True,False,,|f|i|s|s|i|o|n| |w|a|r|m| |w|e|b|r|e|n|d|e|r|,102210fe594ee9b33d82058545b1ed14f4c8206e,PerceptualSpeedIndex,google-docs,True,google-docs PerceptualSpeedIndex opt fission warm webrender,,77,ms,firefox,,1768956691,2023-10-06 01:08:36,1312319,,,,,,,,,,,,,,,,,,,,,,,,,,,,,,,,,,,,,,,,,,,,,,,,,TN
1026,055e1badb79853e71fe9123f8e0c60a4381a1239,0.254857659286037,autoland,3779647,13,a34e21034f2e3c317ebb3d485012938d48ad04ac,macosx1015-64-shippable-qr,True,False,,|f|i|s|s|i|o|n| |w|a|r|m| |w|e|b|r|e|n|d|e|r|,102210fe594ee9b33d82058545b1ed14f4c8206e,PerceptualSpeedIndex,google-docs,True,google-docs PerceptualSpeedIndex opt fission warm webrender,,77,ms,firefox,,1768976317,2023-10-06 04:02:35,1312369,,,,,,,,,,,,,,,,,,,,,,,,,,,,,,,,,,,,,,,,,,,,,,,,,TN
1027,00b027478170756439b780282f9cfdf15edea985,0.2544057840036149,autoland,3779647,13,a34e21034f2e3c317ebb3d485012938d48ad04ac,macosx1015-64-shippable-qr,True,False,,|f|i|s|s|i|o|n| |w|a|r|m| |w|e|b|r|e|n|d|e|r|,102210fe594ee9b33d82058545b1ed14f4c8206e,PerceptualSpeedIndex,google-docs,True,google-docs PerceptualSpeedIndex opt fission warm webrender,,77,ms,firefox,,1769065925,2023-10-06 08:43:18,1312452,,,,,,,,,,,,,,,,,,,,,,,,,,,,,,,,,,,,,,,,,,,,,,,,,TN
1028,9b362770f30bc360df921ba24ace5de8c387e631,0.2598282873926796,autoland,3779647,13,a34e21034f2e3c317ebb3d485012938d48ad04ac,macosx1015-64-shippable-qr,True,False,,|f|i|s|s|i|o|n| |w|a|r|m| |w|e|b|r|e|n|d|e|r|,102210fe594ee9b33d82058545b1ed14f4c8206e,PerceptualSpeedIndex,google-docs,True,google-docs PerceptualSpeedIndex opt fission warm webrender,,77,ms,firefox,,1769250739,2023-10-06 12:06:22,1312537,,,,,,,,,,,,,,,,,,,,,,,,,,,,,,,,,,,,,,,,,,,,,,,,,TN
1029,8de2cc7842d02711e15c523c1ef655d13a93d459,0.2738364211477631,autoland,3779647,13,a34e21034f2e3c317ebb3d485012938d48ad04ac,macosx1015-64-shippable-qr,True,False,,|f|i|s|s|i|o|n| |w|a|r|m| |w|e|b|r|e|n|d|e|r|,102210fe594ee9b33d82058545b1ed14f4c8206e,PerceptualSpeedIndex,google-docs,True,google-docs PerceptualSpeedIndex opt fission warm webrender,,77,ms,firefox,,1769624979,2023-10-06 13:46:53,1312613,,,,,,,,,,,,,,,,,,,,,,,,,,,,,,,,,,,,,,,,,,,,,,,,,TN
1030,200aa4c0347a88e2cc21215f1cbe2441ea2feed1,0.23384545865341178,autoland,3779647,13,a34e21034f2e3c317ebb3d485012938d48ad04ac,macosx1015-64-shippable-qr,True,False,,|f|i|s|s|i|o|n| |w|a|r|m| |w|e|b|r|e|n|d|e|r|,102210fe594ee9b33d82058545b1ed14f4c8206e,PerceptualSpeedIndex,google-docs,True,google-docs PerceptualSpeedIndex opt fission warm webrender,,77,ms,firefox,,1769627249,2023-10-06 13:56:34,1312619,,,,,,,,,,,,,,,,,,,,,,,,,,,,,,,,,,,,,,,,,,,,,,,,,TN
1031,c561ffa6099b97fd965811d77fd98de66c44d32b,0.27112516945323106,autoland,3779647,13,a34e21034f2e3c317ebb3d485012938d48ad04ac,macosx1015-64-shippable-qr,True,False,,|f|i|s|s|i|o|n| |w|a|r|m| |w|e|b|r|e|n|d|e|r|,102210fe594ee9b33d82058545b1ed14f4c8206e,PerceptualSpeedIndex,google-docs,True,google-docs PerceptualSpeedIndex opt fission warm webrender,,77,ms,firefox,,1769464487,2023-10-06 19:00:40,1312844,,,,,,,,,,,,,,,,,,,,,,,,,,,,,,,,,,,,,,,,,,,,,,,,,TN
1032,1d25ed23e85a3a9d0d9117997337757d0ff718a2,0.2462720289200182,autoland,3779647,13,a34e21034f2e3c317ebb3d485012938d48ad04ac,macosx1015-64-shippable-qr,True,False,,|f|i|s|s|i|o|n| |w|a|r|m| |w|e|b|r|e|n|d|e|r|,102210fe594ee9b33d82058545b1ed14f4c8206e,PerceptualSpeedIndex,google-docs,True,google-docs PerceptualSpeedIndex opt fission warm webrender,,77,ms,firefox,,1769559672,2023-10-06 23:09:23,1312997,,,,,,,,,,,,,,,,,,,,,,,,,,,,,,,,,,,,,,,,,,,,,,,,,TN
1033,4db29be9ee2947a3d67a996fefc3ff1cb94a6fcc,0.3682783551739721,autoland,3779647,13,a34e21034f2e3c317ebb3d485012938d48ad04ac,macosx1015-64-shippable-qr,True,False,,|f|i|s|s|i|o|n| |w|a|r|m| |w|e|b|r|e|n|d|e|r|,102210fe594ee9b33d82058545b1ed14f4c8206e,PerceptualSpeedIndex,google-docs,True,google-docs PerceptualSpeedIndex opt fission warm webrender,,77,ms,firefox,,1769601491,2023-10-07 03:35:30,1313062,,,,,,,,,,,,,,,,,,,,,,,,,,,,,,,,,,,,,,,,,,,,,,,,,TN
1034,c4c56469518a5ccc9349ed7d29a0d56eba776df6,0.2742882964301854,autoland,3779647,13,a34e21034f2e3c317ebb3d485012938d48ad04ac,macosx1015-64-shippable-qr,True,False,,|f|i|s|s|i|o|n| |w|a|r|m| |w|e|b|r|e|n|d|e|r|,102210fe594ee9b33d82058545b1ed14f4c8206e,PerceptualSpeedIndex,google-docs,True,google-docs PerceptualSpeedIndex opt fission warm webrender,,77,ms,firefox,,1769644336,2023-10-07 06:02:53,1313071,,,,,,,,,,,,,,,,,,,,,,,,,,,,,,,,,,,,,,,,,,,,,,,,,TN
1035,ef73c2e8cd831f2a46ff5704623db63232fd912d,0.2623136014460008,autoland,3779647,13,a34e21034f2e3c317ebb3d485012938d48ad04ac,macosx1015-64-shippable-qr,True,False,,|f|i|s|s|i|o|n| |w|a|r|m| |w|e|b|r|e|n|d|e|r|,102210fe594ee9b33d82058545b1ed14f4c8206e,PerceptualSpeedIndex,google-docs,True,google-docs PerceptualSpeedIndex opt fission warm webrender,,77,ms,firefox,,1769785451,2023-10-07 13:52:35,1313122,,,,,,,,,,,,,,,,,,,,,,,,,,,,,,,,,,,,,,,,,,,,,,,,,TN
1036,8db232d0f8c742a85eb803c996ef87edac9d5c81,0.28603705377315847,autoland,3779647,13,a34e21034f2e3c317ebb3d485012938d48ad04ac,macosx1015-64-shippable-qr,True,False,,|f|i|s|s|i|o|n| |w|a|r|m| |w|e|b|r|e|n|d|e|r|,102210fe594ee9b33d82058545b1ed14f4c8206e,PerceptualSpeedIndex,google-docs,True,google-docs PerceptualSpeedIndex opt fission warm webrender,,77,ms,firefox,,1769816046,2023-10-07 18:43:49,1313149,,,,,,,,,,,,,,,,,,,,,,,,,,,,,,,,,,,,,,,,,,,,,,,,,TN
1037,fba49989dde6aa32244c622fd43abe19a32128ae,0.26502485314053326,autoland,3779647,13,a34e21034f2e3c317ebb3d485012938d48ad04ac,macosx1015-64-shippable-qr,True,False,,|f|i|s|s|i|o|n| |w|a|r|m| |w|e|b|r|e|n|d|e|r|,102210fe594ee9b33d82058545b1ed14f4c8206e,PerceptualSpeedIndex,google-docs,True,google-docs PerceptualSpeedIndex opt fission warm webrender,,77,ms,firefox,,1769878083,2023-10-07 23:15:17,1313184,,,,,,,,,,,,,,,,,,,,,,,,,,,,,,,,,,,,,,,,,,,,,,,,,TN
1038,68e866f36130edd1c8de093ac6d8a0fb78006527,0.2519204699502937,autoland,3779647,13,a34e21034f2e3c317ebb3d485012938d48ad04ac,macosx1015-64-shippable-qr,True,False,,|f|i|s|s|i|o|n| |w|a|r|m| |w|e|b|r|e|n|d|e|r|,102210fe594ee9b33d82058545b1ed14f4c8206e,PerceptualSpeedIndex,google-docs,True,google-docs PerceptualSpeedIndex opt fission warm webrender,,77,ms,firefox,,1770011128,2023-10-08 08:55:12,1313211,,,,,,,,,,,,,,,,,,,,,,,,,,,,,,,,,,,,,,,,,,,,,,,,,TN
1039,38314c6dc43eed509bfa7c922dbbc4147ac2ce34,0.2740623587889741,autoland,3779647,13,a34e21034f2e3c317ebb3d485012938d48ad04ac,macosx1015-64-shippable-qr,True,False,,|f|i|s|s|i|o|n| |w|a|r|m| |w|e|b|r|e|n|d|e|r|,102210fe594ee9b33d82058545b1ed14f4c8206e,PerceptualSpeedIndex,google-docs,True,google-docs PerceptualSpeedIndex opt fission warm webrender,,77,ms,firefox,,1770209602,2023-10-08 23:28:16,1313289,,,,,,,,,,,,,,,,,,,,,,,,,,,,,,,,,,,,,,,,,,,,,,,,,TN
1040,d5fd5e481ff21f14c9771aa58f8fb378a8430cdf,0.254857659286037,autoland,3779647,13,a34e21034f2e3c317ebb3d485012938d48ad04ac,macosx1015-64-shippable-qr,True,False,,|f|i|s|s|i|o|n| |w|a|r|m| |w|e|b|r|e|n|d|e|r|,102210fe594ee9b33d82058545b1ed14f4c8206e,PerceptualSpeedIndex,google-docs,True,google-docs PerceptualSpeedIndex opt fission warm webrender,,77,ms,firefox,,1770264442,2023-10-09 04:48:12,1313332,,,,,,,,,,,,,,,,,,,,,,,,,,,,,,,,,,,,,,,,,,,,,,,,,TN
1041,77c18c08c9ff87c6ff0e5b546ac609296d5e04db,0.23926796204247625,autoland,3779647,13,a34e21034f2e3c317ebb3d485012938d48ad04ac,macosx1015-64-shippable-qr,True,False,,|f|i|s|s|i|o|n| |w|a|r|m| |w|e|b|r|e|n|d|e|r|,102210fe594ee9b33d82058545b1ed14f4c8206e,PerceptualSpeedIndex,google-docs,True,google-docs PerceptualSpeedIndex opt fission warm webrender,,77,ms,firefox,,1770339329,2023-10-09 08:48:33,1313413,,,,,,,,,,,,,,,,,,,,,,,,,,,,,,,,,,,,,,,,,,,,,,,,,TN
1042,70c980c054e9a0693d3bee343b1235d47894163d,0.22028920018075016,autoland,3779647,13,a34e21034f2e3c317ebb3d485012938d48ad04ac,macosx1015-64-shippable-qr,True,False,,|f|i|s|s|i|o|n| |w|a|r|m| |w|e|b|r|e|n|d|e|r|,102210fe594ee9b33d82058545b1ed14f4c8206e,PerceptualSpeedIndex,google-docs,True,google-docs PerceptualSpeedIndex opt fission warm webrender,,77,ms,firefox,,1770453794,2023-10-09 11:45:29,1313495,,,,,,,,,,,,,,,,,,,,,,,,,,,,,,,,,,,,,,,,,,,,,,,,,TN
1043,86e82f01df51429edbb4cfa27823d4d71e7844ab,0.26253953908721184,autoland,3779647,13,a34e21034f2e3c317ebb3d485012938d48ad04ac,macosx1015-64-shippable-qr,True,False,,|f|i|s|s|i|o|n| |w|a|r|m| |w|e|b|r|e|n|d|e|r|,102210fe594ee9b33d82058545b1ed14f4c8206e,PerceptualSpeedIndex,google-docs,True,google-docs PerceptualSpeedIndex opt fission warm webrender,,77,ms,firefox,,1770631182,2023-10-09 16:17:23,1313678,,,,,,,,,,,,,,,,,,,,,,,,,,,,,,,,,,,,,,,,,,,,,,,,,TN
1044,9591bcc532c4599dba688d3555c6a0135139c39a,0.26796204247627653,autoland,3779647,13,a34e21034f2e3c317ebb3d485012938d48ad04ac,macosx1015-64-shippable-qr,True,False,,|f|i|s|s|i|o|n| |w|a|r|m| |w|e|b|r|e|n|d|e|r|,102210fe594ee9b33d82058545b1ed14f4c8206e,PerceptualSpeedIndex,google-docs,True,google-docs PerceptualSpeedIndex opt fission warm webrender,,77,ms,firefox,,1770620125,2023-10-09 16:47:54,1313694,,,,,,,,,,,,,,,,,,,,,,,,,,,,,,,,,,,,,,,,,,,,,,,,,TN
1045,3d1ac3fb7670dd794589cae42735270de4266f4c,0.23520108450067778,autoland,3779647,13,a34e21034f2e3c317ebb3d485012938d48ad04ac,macosx1015-64-shippable-qr,True,False,,|f|i|s|s|i|o|n| |w|a|r|m| |w|e|b|r|e|n|d|e|r|,102210fe594ee9b33d82058545b1ed14f4c8206e,PerceptualSpeedIndex,google-docs,True,google-docs PerceptualSpeedIndex opt fission warm webrender,,77,ms,firefox,,1770750837,2023-10-09 21:45:38,1313856,,,,,,,,,,,,,,,,,,,,,,,,,,,,,,,,,,,,,,,,,,,,,,,,,TN
1046,935a0ba75b642adf295d7792f8ad8129f87e4c03,0.2480795300497063,autoland,3779647,13,a34e21034f2e3c317ebb3d485012938d48ad04ac,macosx1015-64-shippable-qr,True,False,,|f|i|s|s|i|o|n| |w|a|r|m| |w|e|b|r|e|n|d|e|r|,102210fe594ee9b33d82058545b1ed14f4c8206e,PerceptualSpeedIndex,google-docs,True,google-docs PerceptualSpeedIndex opt fission warm webrender,,77,ms,firefox,,1770794970,2023-10-10 02:31:01,1313960,,,,,,,,,,,,,,,,,,,,,,,,,,,,,,,,,,,,,,,,,,,,,,,,,TN
1047,de9287a68ed836a8fd2eb2ba90de0770a18c877a,0.255083596927248,autoland,3779647,13,a34e21034f2e3c317ebb3d485012938d48ad04ac,macosx1015-64-shippable-qr,True,False,,|f|i|s|s|i|o|n| |w|a|r|m| |w|e|b|r|e|n|d|e|r|,102210fe594ee9b33d82058545b1ed14f4c8206e,PerceptualSpeedIndex,google-docs,True,google-docs PerceptualSpeedIndex opt fission warm webrender,,77,ms,firefox,,1770852118,2023-10-10 06:35:36,1314004,,,,,,,,,,,,,,,,,,,,,,,,,,,,,,,,,,,,,,,,,,,,,,,,,TN
1048,bec78f6e89cdb3b51ac879af75533217f38970cf,0.2562132851333032,autoland,3779647,13,a34e21034f2e3c317ebb3d485012938d48ad04ac,macosx1015-64-shippable-qr,True,False,,|f|i|s|s|i|o|n| |w|a|r|m| |w|e|b|r|e|n|d|e|r|,102210fe594ee9b33d82058545b1ed14f4c8206e,PerceptualSpeedIndex,google-docs,True,google-docs PerceptualSpeedIndex opt fission warm webrender,,77,ms,firefox,,1770894990,2023-10-10 08:23:57,1314048,,,,,,,,,,,,,,,,,,,,,,,,,,,,,,,,,,,,,,,,,,,,,,,,,TN
1049,7a4c861a2d10a6757c8844de9bd8f71c94cb6150,0.2370085856303661,autoland,3779647,13,a34e21034f2e3c317ebb3d485012938d48ad04ac,macosx1015-64-shippable-qr,True,False,,|f|i|s|s|i|o|n| |w|a|r|m| |w|e|b|r|e|n|d|e|r|,102210fe594ee9b33d82058545b1ed14f4c8206e,PerceptualSpeedIndex,google-docs,True,google-docs PerceptualSpeedIndex opt fission warm webrender,,77,ms,firefox,,1771040392,2023-10-10 12:59:15,1314216,,,,,,,,,,,,,,,,,,,,,,,,,,,,,,,,,,,,,,,,,,,,,,,,,TN
1050,fcde87df3b93db3d958e21f5a1824932b5a1e3af,0.25350203343877076,autoland,3779647,13,a34e21034f2e3c317ebb3d485012938d48ad04ac,macosx1015-64-shippable-qr,True,False,,|f|i|s|s|i|o|n| |w|a|r|m| |w|e|b|r|e|n|d|e|r|,102210fe594ee9b33d82058545b1ed14f4c8206e,PerceptualSpeedIndex,google-docs,True,google-docs PerceptualSpeedIndex opt fission warm webrender,,77,ms,firefox,,1771484042,2023-10-10 13:04:52,1314219,,,,,,,,,,,,,,,,,,,,,,,,,,,,,,,,,,,,,,,,,,,,,,,,,TN
1051,45b924a9f0ce3bb7897eba747182390358f0aab5,0.255083596927248,autoland,3779647,13,a34e21034f2e3c317ebb3d485012938d48ad04ac,macosx1015-64-shippable-qr,True,False,,|f|i|s|s|i|o|n| |w|a|r|m| |w|e|b|r|e|n|d|e|r|,102210fe594ee9b33d82058545b1ed14f4c8206e,PerceptualSpeedIndex,google-docs,True,google-docs PerceptualSpeedIndex opt fission warm webrender,,77,ms,firefox,,1771493673,2023-10-10 13:32:03,1314244,,,,,,,,,,,,,,,,,,,,,,,,,,,,,,,,,,,,,,,,,,,,,,,,,TN
1052,a356f20620ff71f1baee4893e21927c48f8da223,0.2544057840036149,autoland,3779647,13,a34e21034f2e3c317ebb3d485012938d48ad04ac,macosx1015-64-shippable-qr,True,False,,|f|i|s|s|i|o|n| |w|a|r|m| |w|e|b|r|e|n|d|e|r|,102210fe594ee9b33d82058545b1ed14f4c8206e,PerceptualSpeedIndex,google-docs,True,google-docs PerceptualSpeedIndex opt fission warm webrender,,77,ms,firefox,,1771486568,2023-10-10 14:21:52,1314283,,,,,,,,,,,,,,,,,,,,,,,,,,,,,,,,,,,,,,,,,,,,,,,,,TN
1053,60af720985092b2072845a378ab68a4c3f98670a,0.24966109353818355,autoland,3779647,13,a34e21034f2e3c317ebb3d485012938d48ad04ac,macosx1015-64-shippable-qr,True,False,,|f|i|s|s|i|o|n| |w|a|r|m| |w|e|b|r|e|n|d|e|r|,102210fe594ee9b33d82058545b1ed14f4c8206e,PerceptualSpeedIndex,google-docs,True,google-docs PerceptualSpeedIndex opt fission warm webrender,,77,ms,firefox,,1771476041,2023-10-10 14:39:22,1314303,,,,,,,,,,,,,,,,,,,,,,,,,,,,,,,,,,,,,,,,,,,,,,,,,TN
1054,686073214e498a3ed6018f15d9cd093812f5ab6f,0.28581111613194765,autoland,3779647,13,a34e21034f2e3c317ebb3d485012938d48ad04ac,macosx1015-64-shippable-qr,True,False,,|f|i|s|s|i|o|n| |w|a|r|m| |w|e|b|r|e|n|d|e|r|,102210fe594ee9b33d82058545b1ed14f4c8206e,PerceptualSpeedIndex,google-docs,True,google-docs PerceptualSpeedIndex opt fission warm webrender,,77,ms,firefox,,1771125005,2023-10-10 15:20:47,1314341,,,,,,,,,,,,,,,,,,,,,,,,,,,,,,,,,,,,,,,,,,,,,,,,,TN
1055,e746122083e758920b17ca0fd4726093187f3715,0.263443289652056,autoland,3779647,13,a34e21034f2e3c317ebb3d485012938d48ad04ac,macosx1015-64-shippable-qr,True,False,,|f|i|s|s|i|o|n| |w|a|r|m| |w|e|b|r|e|n|d|e|r|,102210fe594ee9b33d82058545b1ed14f4c8206e,PerceptualSpeedIndex,google-docs,True,google-docs PerceptualSpeedIndex opt fission warm webrender,,77,ms,firefox,,1771301413,2023-10-10 18:56:17,1314490,,,,,,,,,,,,,,,,,,,,,,,,,,,,,,,,,,,,,,,,,,,,,,,,,TN
1056,32a23612bb297f386b6239e7bff0be58b62b2f73,0.26253953908721184,autoland,3779647,13,a34e21034f2e3c317ebb3d485012938d48ad04ac,macosx1015-64-shippable-qr,True,False,,|f|i|s|s|i|o|n| |w|a|r|m| |w|e|b|r|e|n|d|e|r|,102210fe594ee9b33d82058545b1ed14f4c8206e,PerceptualSpeedIndex,google-docs,True,google-docs PerceptualSpeedIndex opt fission warm webrender,,77,ms,firefox,,1771374795,2023-10-10 21:46:34,1314585,,,,,,,,,,,,,,,,,,,,,,,,,,,,,,,,,,,,,,,,,,,,,,,,,TN
1057,88753a02fc62dc29db2d5f9f6c8eb7d599f6d39f,0.22164482602801616,autoland,3779647,13,a34e21034f2e3c317ebb3d485012938d48ad04ac,macosx1015-64-shippable-qr,True,False,,|f|i|s|s|i|o|n| |w|a|r|m| |w|e|b|r|e|n|d|e|r|,102210fe594ee9b33d82058545b1ed14f4c8206e,PerceptualSpeedIndex,google-docs,True,google-docs PerceptualSpeedIndex opt fission warm webrender,,77,ms,firefox,,1772168466,2023-10-11 00:09:28,1314684,,,,,,,,,,,,,,,,,,,,,,,,,,,,,,,,,,,,,,,,,,,,,,,,,TN
1058,d96615dc7b30363d62e6f07d235da826838846bc,0.25892453682783545,autoland,3779647,13,a34e21034f2e3c317ebb3d485012938d48ad04ac,macosx1015-64-shippable-qr,True,False,,|f|i|s|s|i|o|n| |w|a|r|m| |w|e|b|r|e|n|d|e|r|,102210fe594ee9b33d82058545b1ed14f4c8206e,PerceptualSpeedIndex,google-docs,True,google-docs PerceptualSpeedIndex opt fission warm webrender,,77,ms,firefox,,1772169376,2023-10-11 00:33:20,1314688,,,,,,,,,,,,,,,,,,,,,,,,,,,,,,,,,,,,,,,,,,,,,,,,,TN
1059,fb1c93363030ee78f4a3ea0da9854fb688a630b8,0.25033890646181645,autoland,3779647,13,a34e21034f2e3c317ebb3d485012938d48ad04ac,macosx1015-64-shippable-qr,True,False,,|f|i|s|s|i|o|n| |w|a|r|m| |w|e|b|r|e|n|d|e|r|,102210fe594ee9b33d82058545b1ed14f4c8206e,PerceptualSpeedIndex,google-docs,True,google-docs PerceptualSpeedIndex opt fission warm webrender,,77,ms,firefox,,1771461569,2023-10-11 04:35:52,1314760,,,,,,,,,,,,,,,,,,,,,,,,,,,,,,,,,,,,,,,,,,,,,,,,,TN
1060,d677f2833f2cf056757a6a3cf8c2e8b4273fb788,0.24920921825576148,autoland,3779647,13,a34e21034f2e3c317ebb3d485012938d48ad04ac,macosx1015-64-shippable-qr,True,False,,|f|i|s|s|i|o|n| |w|a|r|m| |w|e|b|r|e|n|d|e|r|,102210fe594ee9b33d82058545b1ed14f4c8206e,PerceptualSpeedIndex,google-docs,True,google-docs PerceptualSpeedIndex opt fission warm webrender,,77,ms,firefox,,1771509736,2023-10-11 05:18:39,1314767,,,,,,,,,,,,,,,,,,,,,,,,,,,,,,,,,,,,,,,,,,,,,,,,,TN
1061,2124c3eebcb12eb72e8ced7bfb3c8521a028af8d,0.2627654767284229,autoland,3779647,13,a34e21034f2e3c317ebb3d485012938d48ad04ac,macosx1015-64-shippable-qr,True,False,,|f|i|s|s|i|o|n| |w|a|r|m| |w|e|b|r|e|n|d|e|r|,102210fe594ee9b33d82058545b1ed14f4c8206e,PerceptualSpeedIndex,google-docs,True,google-docs PerceptualSpeedIndex opt fission warm webrender,,77,ms,firefox,,1771643425,2023-10-11 09:29:42,1314864,,,,,,,,,,,,,,,,,,,,,,,,,,,,,,,,,,,,,,,,,,,,,,,,,TN
1062,e4751df31e7494090d14b0ab8ff52bab6c1391d7,0.2584726615454136,autoland,3779647,13,a34e21034f2e3c317ebb3d485012938d48ad04ac,macosx1015-64-shippable-qr,True,False,,|f|i|s|s|i|o|n| |w|a|r|m| |w|e|b|r|e|n|d|e|r|,102210fe594ee9b33d82058545b1ed14f4c8206e,PerceptualSpeedIndex,google-docs,True,google-docs PerceptualSpeedIndex opt fission warm webrender,,77,ms,firefox,,1771683093,2023-10-11 10:39:45,1314918,,,,,,,,,,,,,,,,,,,,,,,,,,,,,,,,,,,,,,,,,,,,,,,,,TN
1063,2f6d9a971e1895c3186c6f2cdc2286c9f6e9694e,0.22593764121102589,autoland,3779647,13,a34e21034f2e3c317ebb3d485012938d48ad04ac,macosx1015-64-shippable-qr,True,False,,|f|i|s|s|i|o|n| |w|a|r|m| |w|e|b|r|e|n|d|e|r|,102210fe594ee9b33d82058545b1ed14f4c8206e,PerceptualSpeedIndex,google-docs,True,google-docs PerceptualSpeedIndex opt fission warm webrender,,77,ms,firefox,,1771777994,2023-10-11 14:42:40,1315015,,,,,,,,,,,,,,,,,,,,,,,,,,,,,,,,,,,,,,,,,,,,,,,,,TN
1064,a710f6c3ab82ca81444f0478a4882217c3628bf0,0.254857659286037,autoland,3779647,13,a34e21034f2e3c317ebb3d485012938d48ad04ac,macosx1015-64-shippable-qr,True,False,,|f|i|s|s|i|o|n| |w|a|r|m| |w|e|b|r|e|n|d|e|r|,102210fe594ee9b33d82058545b1ed14f4c8206e,PerceptualSpeedIndex,google-docs,True,google-docs PerceptualSpeedIndex opt fission warm webrender,,77,ms,firefox,,1771814088,2023-10-11 15:07:05,1315029,,,,,,,,,,,,,,,,,,,,,,,,,,,,,,,,,,,,,,,,,,,,,,,,,TN
1065,be8d8e6ec4b7216d8dcb9b4ff8c8a413fc83da74,0.23859014911884313,autoland,3779647,13,a34e21034f2e3c317ebb3d485012938d48ad04ac,macosx1015-64-shippable-qr,True,False,,|f|i|s|s|i|o|n| |w|a|r|m| |w|e|b|r|e|n|d|e|r|,102210fe594ee9b33d82058545b1ed14f4c8206e,PerceptualSpeedIndex,google-docs,True,google-docs PerceptualSpeedIndex opt fission warm webrender,,77,ms,firefox,,1771837365,2023-10-11 17:21:18,1315168,,,,,,,,,,,,,,,,,,,,,,,,,,,,,,,,,,,,,,,,,,,,,,,,,TN
1066,dfe9eba9757679d9dda934ba7dd5798a0c3360fe,0.2458201536375959,autoland,3779647,13,a34e21034f2e3c317ebb3d485012938d48ad04ac,macosx1015-64-shippable-qr,True,False,,|f|i|s|s|i|o|n| |w|a|r|m| |w|e|b|r|e|n|d|e|r|,102210fe594ee9b33d82058545b1ed14f4c8206e,PerceptualSpeedIndex,google-docs,True,google-docs PerceptualSpeedIndex opt fission warm webrender,,77,ms,firefox,,1772020150,2023-10-11 21:29:22,1315364,,,,,,,,,,,,,,,,,,,,,,,,,,,,,,,,,,,,,,,,,,,,,,,,,TN
1067,2cbc64e7dbb0cd771d39710e5c3f2ed9a7e02b50,0.2647989154993222,autoland,3779647,13,a34e21034f2e3c317ebb3d485012938d48ad04ac,macosx1015-64-shippable-qr,True,False,,|f|i|s|s|i|o|n| |w|a|r|m| |w|e|b|r|e|n|d|e|r|,102210fe594ee9b33d82058545b1ed14f4c8206e,PerceptualSpeedIndex,google-docs,True,google-docs PerceptualSpeedIndex opt fission warm webrender,,77,ms,firefox,,1772027738,2023-10-11 21:41:54,1315372,,,,,,,,,,,,,,,,,,,,,,,,,,,,,,,,,,,,,,,,,,,,,,,,,TN
1068,c77a5d731bccf47b2b9f0714e44d5943f903d95e,0.24604609127880717,autoland,3779647,13,a34e21034f2e3c317ebb3d485012938d48ad04ac,macosx1015-64-shippable-qr,True,False,,|f|i|s|s|i|o|n| |w|a|r|m| |w|e|b|r|e|n|d|e|r|,102210fe594ee9b33d82058545b1ed14f4c8206e,PerceptualSpeedIndex,google-docs,True,google-docs PerceptualSpeedIndex opt fission warm webrender,,77,ms,firefox,,1772143650,2023-10-12 04:10:05,1315494,,,,,,,,,,,,,,,,,,,,,,,,,,,,,,,,,,,,,,,,,,,,,,,,,TN
1069,d64dc6406137711ffbc7f0bc42f6794a1c4ad236,0.24175327609579766,autoland,3779647,13,a34e21034f2e3c317ebb3d485012938d48ad04ac,macosx1015-64-shippable-qr,True,False,,|f|i|s|s|i|o|n| |w|a|r|m| |w|e|b|r|e|n|d|e|r|,102210fe594ee9b33d82058545b1ed14f4c8206e,PerceptualSpeedIndex,google-docs,True,google-docs PerceptualSpeedIndex opt fission warm webrender,,77,ms,firefox,,1772249839,2023-10-12 08:16:23,1315559,,,,,,,,,,,,,,,,,,,,,,,,,,,,,,,,,,,,,,,,,,,,,,,,,TN
1070,6eb785f75431f10faa331dabd429029e6dd1224e,0.23859014911884313,autoland,3779647,13,a34e21034f2e3c317ebb3d485012938d48ad04ac,macosx1015-64-shippable-qr,True,False,,|f|i|s|s|i|o|n| |w|a|r|m| |w|e|b|r|e|n|d|e|r|,102210fe594ee9b33d82058545b1ed14f4c8206e,PerceptualSpeedIndex,google-docs,True,google-docs PerceptualSpeedIndex opt fission warm webrender,,77,ms,firefox,,1772350553,2023-10-12 09:32:06,1315613,,,,,,,,,,,,,,,,,,,,,,,,,,,,,,,,,,,,,,,,,,,,,,,,,TN
1071,c25b3a0b864c4419985106ff938b73a7e1a43cb0,0.27089923181202,autoland,3779647,13,a34e21034f2e3c317ebb3d485012938d48ad04ac,macosx1015-64-shippable-qr,True,False,,|f|i|s|s|i|o|n| |w|a|r|m| |w|e|b|r|e|n|d|e|r|,102210fe594ee9b33d82058545b1ed14f4c8206e,PerceptualSpeedIndex,google-docs,True,google-docs PerceptualSpeedIndex opt fission warm webrender,,77,ms,firefox,,1772857097,2023-10-12 09:47:02,1315625,,,,,,,,,,,,,,,,,,,,,,,,,,,,,,,,,,,,,,,,,,,,,,,,,TN
1072,9e5296fd6179caf9546e8478d7d34b22972ea0ed,0.25350203343877076,autoland,3779647,13,a34e21034f2e3c317ebb3d485012938d48ad04ac,macosx1015-64-shippable-qr,True,False,,|f|i|s|s|i|o|n| |w|a|r|m| |w|e|b|r|e|n|d|e|r|,102210fe594ee9b33d82058545b1ed14f4c8206e,PerceptualSpeedIndex,google-docs,True,google-docs PerceptualSpeedIndex opt fission warm webrender,,77,ms,firefox,,1772835731,2023-10-12 09:59:06,1315630,,,,,,,,,,,,,,,,,,,,,,,,,,,,,,,,,,,,,,,,,,,,,,,,,TN
1073,d3c6163a42b6002297fdb7cbb78395ee4495a357,0.3836421147763218,autoland,3779647,13,a34e21034f2e3c317ebb3d485012938d48ad04ac,macosx1015-64-shippable-qr,True,False,,|f|i|s|s|i|o|n| |w|a|r|m| |w|e|b|r|e|n|d|e|r|,102210fe594ee9b33d82058545b1ed14f4c8206e,PerceptualSpeedIndex,google-docs,True,google-docs PerceptualSpeedIndex opt fission warm webrender,,77,ms,firefox,,1772436141,2023-10-12 12:42:22,1315709,,,,,,,,,,,,,,,,,,,,,,,,,,,,,,,,,,,,,,,,,,,,,,,,,TN
1074,c09a0d19d99b488a292e3583cd0bb488afc74173,0.27541798463624034,autoland,3779647,13,a34e21034f2e3c317ebb3d485012938d48ad04ac,macosx1015-64-shippable-qr,True,False,,|f|i|s|s|i|o|n| |w|a|r|m| |w|e|b|r|e|n|d|e|r|,102210fe594ee9b33d82058545b1ed14f4c8206e,PerceptualSpeedIndex,google-docs,True,google-docs PerceptualSpeedIndex opt fission warm webrender,,77,ms,firefox,,1772509823,2023-10-12 17:01:35,1315902,,,,,,,,,,,,,,,,,,,,,,,,,,,,,,,,,,,,,,,,,,,,,,,,,TN
1075,a5369079cd89dd91a42689da9aad1fc607ef9146,0.27067329417080876,autoland,3779647,13,a34e21034f2e3c317ebb3d485012938d48ad04ac,macosx1015-64-shippable-qr,True,False,,|f|i|s|s|i|o|n| |w|a|r|m| |w|e|b|r|e|n|d|e|r|,102210fe594ee9b33d82058545b1ed14f4c8206e,PerceptualSpeedIndex,google-docs,True,google-docs PerceptualSpeedIndex opt fission warm webrender,,77,ms,firefox,,1772580451,2023-10-12 17:02:35,1315903,,,,,,,,,,,,,,,,,,,,,,,,,,,,,,,,,,,,,,,,,,,,,,,,,TN
1076,b9478e8898d6397ccb0ca6d2f90b882083ef91d2,0.2605061003163127,autoland,3779647,13,a34e21034f2e3c317ebb3d485012938d48ad04ac,macosx1015-64-shippable-qr,True,False,,|f|i|s|s|i|o|n| |w|a|r|m| |w|e|b|r|e|n|d|e|r|,102210fe594ee9b33d82058545b1ed14f4c8206e,PerceptualSpeedIndex,google-docs,True,google-docs PerceptualSpeedIndex opt fission warm webrender,,77,ms,firefox,,1772599947,2023-10-12 19:48:41,1316052,,,,,,,,,,,,,,,,,,,,,,,,,,,,,,,,,,,,,,,,,,,,,,,,,TN
1077,6769216667ff487b1442f654ee41dc5f12c23983,0.23316764572977844,autoland,3779647,13,a34e21034f2e3c317ebb3d485012938d48ad04ac,macosx1015-64-shippable-qr,True,False,,|f|i|s|s|i|o|n| |w|a|r|m| |w|e|b|r|e|n|d|e|r|,102210fe594ee9b33d82058545b1ed14f4c8206e,PerceptualSpeedIndex,google-docs,True,google-docs PerceptualSpeedIndex opt fission warm webrender,,77,ms,firefox,,1772726001,2023-10-12 23:58:41,1316211,,,,,,,,,,,,,,,,,,,,,,,,,,,,,,,,,,,,,,,,,,,,,,,,,TN
1078,810153993fc0b06ce0eabae2602fc7f74ed9be18,0.23881608676005417,autoland,3779647,13,a34e21034f2e3c317ebb3d485012938d48ad04ac,macosx1015-64-shippable-qr,True,False,,|f|i|s|s|i|o|n| |w|a|r|m| |w|e|b|r|e|n|d|e|r|,102210fe594ee9b33d82058545b1ed14f4c8206e,PerceptualSpeedIndex,google-docs,True,google-docs PerceptualSpeedIndex opt fission warm webrender,,77,ms,firefox,,1772882465,2023-10-13 06:04:39,1316292,,,,,,,,,,,,,,,,,,,,,,,,,,,,,,,,,,,,,,,,,,,,,,,,,TN
1079,930888998f68ddfb0f36d898e98305e459d7cbb2,0.27180298237686396,autoland,3779647,13,a34e21034f2e3c317ebb3d485012938d48ad04ac,macosx1015-64-shippable-qr,True,False,,|f|i|s|s|i|o|n| |w|a|r|m| |w|e|b|r|e|n|d|e|r|,102210fe594ee9b33d82058545b1ed14f4c8206e,PerceptualSpeedIndex,google-docs,True,google-docs PerceptualSpeedIndex opt fission warm webrender,,77,ms,firefox,,1772878267,2023-10-13 06:28:51,1316299,,,,,,,,,,,,,,,,,,,,,,,,,,,,,,,,,,,,,,,,,,,,,,,,,TN
1080,0db2502d9e9503580a800e13235be8c02043bbc0,0.2476276547672842,autoland,3779647,13,a34e21034f2e3c317ebb3d485012938d48ad04ac,macosx1015-64-shippable-qr,True,False,,|f|i|s|s|i|o|n| |w|a|r|m| |w|e|b|r|e|n|d|e|r|,102210fe594ee9b33d82058545b1ed14f4c8206e,PerceptualSpeedIndex,google-docs,True,google-docs PerceptualSpeedIndex opt fission warm webrender,,77,ms,firefox,,1772992762,2023-10-13 10:45:16,1316413,,,,,,,,,,,,,,,,,,,,,,,,,,,,,,,,,,,,,,,,,,,,,,,,,TN
1081,8246d773a07ce105d3a9f92b96007867c7df3cc4,0.24107546317216433,autoland,3779647,13,a34e21034f2e3c317ebb3d485012938d48ad04ac,macosx1015-64-shippable-qr,True,False,,|f|i|s|s|i|o|n| |w|a|r|m| |w|e|b|r|e|n|d|e|r|,102210fe594ee9b33d82058545b1ed14f4c8206e,PerceptualSpeedIndex,google-docs,True,google-docs PerceptualSpeedIndex opt fission warm webrender,,77,ms,firefox,,1773014655,2023-10-13 11:42:22,1316442,,,,,,,,,,,,,,,,,,,,,,,,,,,,,,,,,,,,,,,,,,,,,,,,,TN
1082,d92869043e48f272340ceae0f119dd775474cb62,0.2584726615454136,autoland,3779647,13,a34e21034f2e3c317ebb3d485012938d48ad04ac,macosx1015-64-shippable-qr,True,False,,|f|i|s|s|i|o|n| |w|a|r|m| |w|e|b|r|e|n|d|e|r|,102210fe594ee9b33d82058545b1ed14f4c8206e,PerceptualSpeedIndex,google-docs,True,google-docs PerceptualSpeedIndex opt fission warm webrender,,77,ms,firefox,,1773348584,2023-10-13 14:26:35,1316557,,,,,,,,,,,,,,,,,,,,,,,,,,,,,,,,,,,,,,,,,,,,,,,,,TN
1083,0038344669650c895c3351ddfb62b9f89119d0e3,0.2505648441030275,autoland,3779647,13,a34e21034f2e3c317ebb3d485012938d48ad04ac,macosx1015-64-shippable-qr,True,False,,|f|i|s|s|i|o|n| |w|a|r|m| |w|e|b|r|e|n|d|e|r|,102210fe594ee9b33d82058545b1ed14f4c8206e,PerceptualSpeedIndex,google-docs,True,google-docs PerceptualSpeedIndex opt fission warm webrender,,77,ms,firefox,,1773354189,2023-10-13 14:55:48,1316590,,,,,,,,,,,,,,,,,,,,,,,,,,,,,,,,,,,,,,,,,,,,,,,,,TN
1084,8adc92d3a6a8eeeefd63f98296c29907c3838316,0.2855851784907366,autoland,3779647,13,a34e21034f2e3c317ebb3d485012938d48ad04ac,macosx1015-64-shippable-qr,True,False,,|f|i|s|s|i|o|n| |w|a|r|m| |w|e|b|r|e|n|d|e|r|,102210fe594ee9b33d82058545b1ed14f4c8206e,PerceptualSpeedIndex,google-docs,True,google-docs PerceptualSpeedIndex opt fission warm webrender,,77,ms,firefox,,1773118442,2023-10-13 15:49:30,1316607,,,,,,,,,,,,,,,,,,,,,,,,,,,,,,,,,,,,,,,,,,,,,,,,,TN
1085,9ba44fb4eeafba4229fe28a6f3b42c79d8d05692,0.24491640307275198,autoland,3779647,13,a34e21034f2e3c317ebb3d485012938d48ad04ac,macosx1015-64-shippable-qr,True,False,,|f|i|s|s|i|o|n| |w|a|r|m| |w|e|b|r|e|n|d|e|r|,102210fe594ee9b33d82058545b1ed14f4c8206e,PerceptualSpeedIndex,google-docs,True,google-docs PerceptualSpeedIndex opt fission warm webrender,,77,ms,firefox,,1773217920,2023-10-13 16:11:23,1316611,,,,,,,,,,,,,,,,,,,,,,,,,,,,,,,,,,,,,,,,,,,,,,,,,TN
1086,35e20e70da91e5ef4caee7c732541350343fe927,0.2525982828739268,autoland,3779647,13,a34e21034f2e3c317ebb3d485012938d48ad04ac,macosx1015-64-shippable-qr,True,False,,|f|i|s|s|i|o|n| |w|a|r|m| |w|e|b|r|e|n|d|e|r|,102210fe594ee9b33d82058545b1ed14f4c8206e,PerceptualSpeedIndex,google-docs,True,google-docs PerceptualSpeedIndex opt fission warm webrender,,77,ms,firefox,,1773232675,2023-10-13 20:17:54,1316790,,,,,,,,,,,,,,,,,,,,,,,,,,,,,,,,,,,,,,,,,,,,,,,,,TN
1087,bcd044cb6c313be98b766d19688066871ddaa6b3,0.289200180750113,autoland,3779647,13,a34e21034f2e3c317ebb3d485012938d48ad04ac,macosx1015-64-shippable-qr,True,False,,|f|i|s|s|i|o|n| |w|a|r|m| |w|e|b|r|e|n|d|e|r|,102210fe594ee9b33d82058545b1ed14f4c8206e,PerceptualSpeedIndex,google-docs,True,google-docs PerceptualSpeedIndex opt fission warm webrender,,77,ms,firefox,,1773325241,2023-10-14 00:40:19,1316857,,,,,,,,,,,,,,,,,,,,,,,,,,,,,,,,,,,,,,,,,,,,,,,,,TN
1088,19db6b0f6713fdb1f311426a7899070e3ca19d6b,0.3748305467690918,autoland,3779647,13,a34e21034f2e3c317ebb3d485012938d48ad04ac,macosx1015-64-shippable-qr,True,False,,|f|i|s|s|i|o|n| |w|a|r|m| |w|e|b|r|e|n|d|e|r|,102210fe594ee9b33d82058545b1ed14f4c8206e,PerceptualSpeedIndex,google-docs,True,google-docs PerceptualSpeedIndex opt fission warm webrender,,77,ms,firefox,,1773370539,2023-10-14 05:14:50,1316873,,,,,,,,,,,,,,,,,,,,,,,,,,,,,,,,,,,,,,,,,,,,,,,,,TN
1089,1e870b95242b07bc4961bf7558d0703dd03814b3,0.22684139177586982,autoland,3779647,13,a34e21034f2e3c317ebb3d485012938d48ad04ac,macosx1015-64-shippable-qr,True,False,,|f|i|s|s|i|o|n| |w|a|r|m| |w|e|b|r|e|n|d|e|r|,102210fe594ee9b33d82058545b1ed14f4c8206e,PerceptualSpeedIndex,google-docs,True,google-docs PerceptualSpeedIndex opt fission warm webrender,,77,ms,firefox,,1773432616,2023-10-14 09:25:57,1316895,,,,,,,,,,,,,,,,,,,,,,,,,,,,,,,,,,,,,,,,,,,,,,,,,TN
1090,3f99c563251ec523301e9d46e6904989fc827306,0.2541798463624041,autoland,3779647,13,a34e21034f2e3c317ebb3d485012938d48ad04ac,macosx1015-64-shippable-qr,True,False,,|f|i|s|s|i|o|n| |w|a|r|m| |w|e|b|r|e|n|d|e|r|,102210fe594ee9b33d82058545b1ed14f4c8206e,PerceptualSpeedIndex,google-docs,True,google-docs PerceptualSpeedIndex opt fission warm webrender,,77,ms,firefox,,1773547482,2023-10-14 16:14:11,1316942,,,,,,,,,,,,,,,,,,,,,,,,,,,,,,,,,,,,,,,,,,,,,,,,,TN
1091,468469f54da6070a84314dc3c4ddcdfaca74b714,0.23090826931766828,autoland,3779647,13,a34e21034f2e3c317ebb3d485012938d48ad04ac,macosx1015-64-shippable-qr,True,False,,|f|i|s|s|i|o|n| |w|a|r|m| |w|e|b|r|e|n|d|e|r|,102210fe594ee9b33d82058545b1ed14f4c8206e,PerceptualSpeedIndex,google-docs,True,google-docs PerceptualSpeedIndex opt fission warm webrender,,77,ms,firefox,,1773692148,2023-10-15 06:24:19,1316977,,,,,,,,,,,,,,,,,,,,,,,,,,,,,,,,,,,,,,,,,,,,,,,,,TN
1092,91657cb1296c904004ace38877b9ca91f502be3f,0.24717577948486213,autoland,3779647,13,a34e21034f2e3c317ebb3d485012938d48ad04ac,macosx1015-64-shippable-qr,True,False,,|f|i|s|s|i|o|n| |w|a|r|m| |w|e|b|r|e|n|d|e|r|,102210fe594ee9b33d82058545b1ed14f4c8206e,PerceptualSpeedIndex,google-docs,True,google-docs PerceptualSpeedIndex opt fission warm webrender,,77,ms,firefox,,1773755253,2023-10-15 10:45:53,1317007,,,,,,,,,,,,,,,,,,,,,,,,,,,,,,,,,,,,,,,,,,,,,,,,,TN
1093,aba20bc488e22880b8ef5a89916ecabb51cee798,0.2474017171260734,autoland,3779647,13,a34e21034f2e3c317ebb3d485012938d48ad04ac,macosx1015-64-shippable-qr,True,False,,|f|i|s|s|i|o|n| |w|a|r|m| |w|e|b|r|e|n|d|e|r|,102210fe594ee9b33d82058545b1ed14f4c8206e,PerceptualSpeedIndex,google-docs,True,google-docs PerceptualSpeedIndex opt fission warm webrender,,77,ms,firefox,,1773810083,2023-10-15 15:32:44,1317021,,,,,,,,,,,,,,,,,,,,,,,,,,,,,,,,,,,,,,,,,,,,,,,,,TN
1094,f3de6f924333ec7c359d81d9fb16a9fca07ee42e,0.23361952101220074,autoland,3779647,13,a34e21034f2e3c317ebb3d485012938d48ad04ac,macosx1015-64-shippable-qr,True,False,,|f|i|s|s|i|o|n| |w|a|r|m| |w|e|b|r|e|n|d|e|r|,102210fe594ee9b33d82058545b1ed14f4c8206e,PerceptualSpeedIndex,google-docs,True,google-docs PerceptualSpeedIndex opt fission warm webrender,,77,ms,firefox,,1773910517,2023-10-16 01:55:37,1317071,,,,,,,,,,,,,,,,,,,,,,,,,,,,,,,,,,,,,,,,,,,,,,,,,TN
1095,e891ad8158b3106dceb2199ed2c74c0c2f05fa88,0.2474017171260734,autoland,3779647,13,a34e21034f2e3c317ebb3d485012938d48ad04ac,macosx1015-64-shippable-qr,True,False,,|f|i|s|s|i|o|n| |w|a|r|m| |w|e|b|r|e|n|d|e|r|,102210fe594ee9b33d82058545b1ed14f4c8206e,PerceptualSpeedIndex,google-docs,True,google-docs PerceptualSpeedIndex opt fission warm webrender,,77,ms,firefox,,1773953676,2023-10-16 05:57:00,1317093,,,,,,,,,,,,,,,,,,,,,,,,,,,,,,,,,,,,,,,,,,,,,,,,,TN
1096,56bf1b814b61d03feb5af78e0597df5e42a3d9b1,0.2623136014460008,autoland,3779647,13,a34e21034f2e3c317ebb3d485012938d48ad04ac,macosx1015-64-shippable-qr,True,False,,|f|i|s|s|i|o|n| |w|a|r|m| |w|e|b|r|e|n|d|e|r|,102210fe594ee9b33d82058545b1ed14f4c8206e,PerceptualSpeedIndex,google-docs,True,google-docs PerceptualSpeedIndex opt fission warm webrender,,77,ms,firefox,,1774702644,2023-10-16 08:23:09,1317139,,,,,,,,,,,,,,,,,,,,,,,,,,,,,,,,,,,,,,,,,,,,,,,,,TN
1097,fd6b422ae3e6288547b10ebdb73868dbf8146f3c,0.2755309534568462,autoland,3779647,13,a34e21034f2e3c317ebb3d485012938d48ad04ac,macosx1015-64-shippable-qr,True,False,,|f|i|s|s|i|o|n| |w|a|r|m| |w|e|b|r|e|n|d|e|r|,102210fe594ee9b33d82058545b1ed14f4c8206e,PerceptualSpeedIndex,google-docs,True,google-docs PerceptualSpeedIndex opt fission warm webrender,,77,ms,firefox,,1774674947,2023-10-16 08:56:06,1317154,,,,,,,,,,,,,,,,,,,,,,,,,,,,,,,,,,,,,,,,,,,,,,,,,TN
1098,0ae489476d37cd7110a2ac3774b5cbcb97accfad,0.24898328061455022,autoland,3779647,13,a34e21034f2e3c317ebb3d485012938d48ad04ac,macosx1015-64-shippable-qr,True,False,,|f|i|s|s|i|o|n| |w|a|r|m| |w|e|b|r|e|n|d|e|r|,102210fe594ee9b33d82058545b1ed14f4c8206e,PerceptualSpeedIndex,google-docs,True,google-docs PerceptualSpeedIndex opt fission warm webrender,,77,ms,firefox,,1774699286,2023-10-16 08:59:07,1317156,,,,,,,,,,,,,,,,,,,,,,,,,,,,,,,,,,,,,,,,,,,,,,,,,TN
1099,e009aa26b6f79e7e5af18000b983f6decaa90eed,0.2742882964301854,autoland,3779647,13,a34e21034f2e3c317ebb3d485012938d48ad04ac,macosx1015-64-shippable-qr,True,False,,|f|i|s|s|i|o|n| |w|a|r|m| |w|e|b|r|e|n|d|e|r|,102210fe594ee9b33d82058545b1ed14f4c8206e,PerceptualSpeedIndex,google-docs,True,google-docs PerceptualSpeedIndex opt fission warm webrender,,77,ms,firefox,,1774120309,2023-10-16 10:06:37,1317197,,,,,,,,,,,,,,,,,,,,,,,,,,,,,,,,,,,,,,,,,,,,,,,,,TN
1100,8cb2f63a1e705ad6bf77a8f6dcb151aa3b67d2e6,0.2462720289200182,autoland,3779647,13,a34e21034f2e3c317ebb3d485012938d48ad04ac,macosx1015-64-shippable-qr,True,False,,|f|i|s|s|i|o|n| |w|a|r|m| |w|e|b|r|e|n|d|e|r|,102210fe594ee9b33d82058545b1ed14f4c8206e,PerceptualSpeedIndex,google-docs,True,google-docs PerceptualSpeedIndex opt fission warm webrender,,77,ms,firefox,,1774147981,2023-10-16 11:25:28,1317241,,,,,,,,,,,,,,,,,,,,,,,,,,,,,,,,,,,,,,,,,,,,,,,,,TN
1101,e0dd0b10e8fd0ea751f11fb0a6548ad9b6780e16,0.25756891098056944,autoland,3779647,13,a34e21034f2e3c317ebb3d485012938d48ad04ac,macosx1015-64-shippable-qr,True,False,,|f|i|s|s|i|o|n| |w|a|r|m| |w|e|b|r|e|n|d|e|r|,102210fe594ee9b33d82058545b1ed14f4c8206e,PerceptualSpeedIndex,google-docs,True,google-docs PerceptualSpeedIndex opt fission warm webrender,,77,ms,firefox,,1774254895,2023-10-16 15:34:18,1317419,,,,,,,,,,,,,,,,,,,,,,,,,,,,,,,,,,,,,,,,,,,,,,,,,TN
1102,36e5163d2528daaa5669d0f9284470b070c8882e,0.27089923181202,autoland,3779647,13,a34e21034f2e3c317ebb3d485012938d48ad04ac,macosx1015-64-shippable-qr,True,False,,|f|i|s|s|i|o|n| |w|a|r|m| |w|e|b|r|e|n|d|e|r|,102210fe594ee9b33d82058545b1ed14f4c8206e,PerceptualSpeedIndex,google-docs,True,google-docs PerceptualSpeedIndex opt fission warm webrender,,77,ms,firefox,,1774507530,2023-10-16 19:06:00,1317546,,,,,,,,,,,,,,,,,,,,,,,,,,,,,,,,,,,,,,,,,,,,,,,,,TN
1103,aeef1b6cce72a720b2929b2f6c4de35348378a73,0.2677361048350657,autoland,3779647,13,a34e21034f2e3c317ebb3d485012938d48ad04ac,macosx1015-64-shippable-qr,True,False,,|f|i|s|s|i|o|n| |w|a|r|m| |w|e|b|r|e|n|d|e|r|,102210fe594ee9b33d82058545b1ed14f4c8206e,PerceptualSpeedIndex,google-docs,True,google-docs PerceptualSpeedIndex opt fission warm webrender,,77,ms,firefox,,1774681337,2023-10-16 22:21:52,1317658,,,,,,,,,,,,,,,,,,,,,,,,,,,,,,,,,,,,,,,,,,,,,,,,,TN
1104,0c243e4e632e879acf3987d71245084b00de62fb,0.2537279710799818,autoland,3779647,13,a34e21034f2e3c317ebb3d485012938d48ad04ac,macosx1015-64-shippable-qr,True,False,,|f|i|s|s|i|o|n| |w|a|r|m| |w|e|b|r|e|n|d|e|r|,102210fe594ee9b33d82058545b1ed14f4c8206e,PerceptualSpeedIndex,google-docs,True,google-docs PerceptualSpeedIndex opt fission warm webrender,,77,ms,firefox,,1774685721,2023-10-16 22:29:18,1317664,,,,,,,,,,,,,,,,,,,,,,,,,,,,,,,,,,,,,,,,,,,,,,,,,TN
1105,e4bf7b3e037323072304a1b1327df57c4a54b560,0.25146859466787164,autoland,3779647,13,a34e21034f2e3c317ebb3d485012938d48ad04ac,macosx1015-64-shippable-qr,True,False,,|f|i|s|s|i|o|n| |w|a|r|m| |w|e|b|r|e|n|d|e|r|,102210fe594ee9b33d82058545b1ed14f4c8206e,PerceptualSpeedIndex,google-docs,True,google-docs PerceptualSpeedIndex opt fission warm webrender,,77,ms,firefox,,1774575823,2023-10-17 00:17:31,1317700,,,,,,,,,,,,,,,,,,,,,,,,,,,,,,,,,,,,,,,,,,,,,,,,,TN
1106,896b283a3e7185d805f59d4dcb3d6bb89e9e62d8,0.26186172616357895,autoland,3779647,13,a34e21034f2e3c317ebb3d485012938d48ad04ac,macosx1015-64-shippable-qr,True,False,,|f|i|s|s|i|o|n| |w|a|r|m| |w|e|b|r|e|n|d|e|r|,102210fe594ee9b33d82058545b1ed14f4c8206e,PerceptualSpeedIndex,google-docs,True,google-docs PerceptualSpeedIndex opt fission warm webrender,,77,ms,firefox,,1774695343,2023-10-17 05:18:57,1317768,,,,,,,,,,,,,,,,,,,,,,,,,,,,,,,,,,,,,,,,,,,,,,,,,TN
1107,ca60a5861d4a8bd5de1c8e5a9f76c9e35767c38c,0.25756891098056944,autoland,3779647,13,a34e21034f2e3c317ebb3d485012938d48ad04ac,macosx1015-64-shippable-qr,True,False,,|f|i|s|s|i|o|n| |w|a|r|m| |w|e|b|r|e|n|d|e|r|,102210fe594ee9b33d82058545b1ed14f4c8206e,PerceptualSpeedIndex,google-docs,True,google-docs PerceptualSpeedIndex opt fission warm webrender,,77,ms,firefox,,1774715937,2023-10-17 06:01:55,1317782,,,,,,,,,,,,,,,,,,,,,,,,,,,,,,,,,,,,,,,,,,,,,,,,,TN
1108,d59eb47c0fe47f9dd6886090330bcd49c47262ce,0.2702214188883867,autoland,3779647,13,a34e21034f2e3c317ebb3d485012938d48ad04ac,macosx1015-64-shippable-qr,True,False,,|f|i|s|s|i|o|n| |w|a|r|m| |w|e|b|r|e|n|d|e|r|,102210fe594ee9b33d82058545b1ed14f4c8206e,PerceptualSpeedIndex,google-docs,True,google-docs PerceptualSpeedIndex opt fission warm webrender,,77,ms,firefox,,1774888737,2023-10-17 10:34:28,1317920,,,,,,,,,,,,,,,,,,,,,,,,,,,,,,,,,,,,,,,,,,,,,,,,,TN
1109,9b7c81791d7f619271724e082934a933604e20da,0.23565295978309986,autoland,3779647,13,a34e21034f2e3c317ebb3d485012938d48ad04ac,macosx1015-64-shippable-qr,True,False,,|f|i|s|s|i|o|n| |w|a|r|m| |w|e|b|r|e|n|d|e|r|,102210fe594ee9b33d82058545b1ed14f4c8206e,PerceptualSpeedIndex,google-docs,True,google-docs PerceptualSpeedIndex opt fission warm webrender,,77,ms,firefox,,1775028919,2023-10-17 13:02:41,1318010,,,,,,,,,,,,,,,,,,,,,,,,,,,,,,,,,,,,,,,,,,,,,,,,,TN
1110,4df3ab50f61692827e109b3ba0bc095436aefc36,0.3038861274288298,autoland,3779647,13,a34e21034f2e3c317ebb3d485012938d48ad04ac,macosx1015-64-shippable-qr,True,False,,|f|i|s|s|i|o|n| |w|a|r|m| |w|e|b|r|e|n|d|e|r|,102210fe594ee9b33d82058545b1ed14f4c8206e,PerceptualSpeedIndex,google-docs,True,google-docs PerceptualSpeedIndex opt fission warm webrender,,77,ms,firefox,,1775597732,2023-10-17 14:44:37,1318087,,,,,,,,,,,,,,,,,,,,,,,,,,,,,,,,,,,,,,,,,,,,,,,,,TN
1111,d08a4dbb9e1717c5718d158d2ccfbb8bd38ef48d,0.2476276547672842,autoland,3779647,13,a34e21034f2e3c317ebb3d485012938d48ad04ac,macosx1015-64-shippable-qr,True,False,,|f|i|s|s|i|o|n| |w|a|r|m| |w|e|b|r|e|n|d|e|r|,102210fe594ee9b33d82058545b1ed14f4c8206e,PerceptualSpeedIndex,google-docs,True,google-docs PerceptualSpeedIndex opt fission warm webrender,,77,ms,firefox,,1775646169,2023-10-17 14:48:54,1318094,,,,,,,,,,,,,,,,,,,,,,,,,,,,,,,,,,,,,,,,,,,,,,,,,TN
1112,684641630402200d14bf5126668b97a4f280fe59,0.2605061003163127,autoland,3779647,13,a34e21034f2e3c317ebb3d485012938d48ad04ac,macosx1015-64-shippable-qr,True,False,,|f|i|s|s|i|o|n| |w|a|r|m| |w|e|b|r|e|n|d|e|r|,102210fe594ee9b33d82058545b1ed14f4c8206e,PerceptualSpeedIndex,google-docs,True,google-docs PerceptualSpeedIndex opt fission warm webrender,,77,ms,firefox,,1775154721,2023-10-17 16:53:16,1318176,,,,,,,,,,,,,,,,,,,,,,,,,,,,,,,,,,,,,,,,,,,,,,,,,TN
1113,421ffc7aa24ace087dc2a09680943f412adc38ff,0.2433348395842747,autoland,3779647,13,a34e21034f2e3c317ebb3d485012938d48ad04ac,macosx1015-64-shippable-qr,True,False,,|f|i|s|s|i|o|n| |w|a|r|m| |w|e|b|r|e|n|d|e|r|,102210fe594ee9b33d82058545b1ed14f4c8206e,PerceptualSpeedIndex,google-docs,True,google-docs PerceptualSpeedIndex opt fission warm webrender,,77,ms,firefox,,1775414446,2023-10-17 21:03:18,1318349,,,,,,,,,,,,,,,,,,,,,,,,,,,,,,,,,,,,,,,,,,,,,,,,,TN
1114,4091bed4a0aae7772537e08e6cb49bf0bc7434c9,0.25395390872119306,autoland,3779647,13,a34e21034f2e3c317ebb3d485012938d48ad04ac,macosx1015-64-shippable-qr,True,False,,|f|i|s|s|i|o|n| |w|a|r|m| |w|e|b|r|e|n|d|e|r|,102210fe594ee9b33d82058545b1ed14f4c8206e,PerceptualSpeedIndex,google-docs,True,google-docs PerceptualSpeedIndex opt fission warm webrender,,77,ms,firefox,,1775387527,2023-10-17 21:04:13,1318350,,,,,,,,,,,,,,,,,,,,,,,,,,,,,,,,,,,,,,,,,,,,,,,,,TN
1115,ba691c21c968a48e1bd212426fcc20fa5f4c276d,0.2568910980569361,autoland,3779647,13,a34e21034f2e3c317ebb3d485012938d48ad04ac,macosx1015-64-shippable-qr,True,False,,|f|i|s|s|i|o|n| |w|a|r|m| |w|e|b|r|e|n|d|e|r|,102210fe594ee9b33d82058545b1ed14f4c8206e,PerceptualSpeedIndex,google-docs,True,google-docs PerceptualSpeedIndex opt fission warm webrender,,77,ms,firefox,,1775557529,2023-10-18 01:40:11,1318466,,,,,,,,,,,,,,,,,,,,,,,,,,,,,,,,,,,,,,,,,,,,,,,,,TN
1116,47d77a0e86e138652fedb38962b9709f9c0fb98d,0.24220515137821952,autoland,3779647,13,a34e21034f2e3c317ebb3d485012938d48ad04ac,macosx1015-64-shippable-qr,True,False,,|f|i|s|s|i|o|n| |w|a|r|m| |w|e|b|r|e|n|d|e|r|,102210fe594ee9b33d82058545b1ed14f4c8206e,PerceptualSpeedIndex,google-docs,True,google-docs PerceptualSpeedIndex opt fission warm webrender,,77,ms,firefox,,1775678852,2023-10-18 07:31:34,1318540,,,,,,,,,,,,,,,,,,,,,,,,,,,,,,,,,,,,,,,,,,,,,,,,,TN
1117,9e4f4dfc09522e65b6dfe0113cac8c8fba516089,0.27089923181202,autoland,3779647,13,a34e21034f2e3c317ebb3d485012938d48ad04ac,macosx1015-64-shippable-qr,True,False,,|f|i|s|s|i|o|n| |w|a|r|m| |w|e|b|r|e|n|d|e|r|,102210fe594ee9b33d82058545b1ed14f4c8206e,PerceptualSpeedIndex,google-docs,True,google-docs PerceptualSpeedIndex opt fission warm webrender,,77,ms,firefox,,1776638007,2023-10-18 07:54:20,1318546,,,,,,,,,,,,,,,,,,,,,,,,,,,,,,,,,,,,,,,,,,,,,,,,,TN
1118,ee3b3779af7fc81a53859fa92856ef9deae17a75,0.2175779484862177,autoland,3779647,13,a34e21034f2e3c317ebb3d485012938d48ad04ac,macosx1015-64-shippable-qr,True,False,,|f|i|s|s|i|o|n| |w|a|r|m| |w|e|b|r|e|n|d|e|r|,102210fe594ee9b33d82058545b1ed14f4c8206e,PerceptualSpeedIndex,google-docs,True,google-docs PerceptualSpeedIndex opt fission warm webrender,,77,ms,firefox,,1776636143,2023-10-18 08:00:45,1318549,,,,,,,,,,,,,,,,,,,,,,,,,,,,,,,,,,,,,,,,,,,,,,,,,TN
1119,639c0da2250e38bb3102b66c6105aaf808e2a817,0.27925892453682777,autoland,3779647,13,a34e21034f2e3c317ebb3d485012938d48ad04ac,macosx1015-64-shippable-qr,True,False,,|f|i|s|s|i|o|n| |w|a|r|m| |w|e|b|r|e|n|d|e|r|,102210fe594ee9b33d82058545b1ed14f4c8206e,PerceptualSpeedIndex,google-docs,True,google-docs PerceptualSpeedIndex opt fission warm webrender,,77,ms,firefox,,1775851833,2023-10-18 11:51:04,1318689,,,,,,,,,,,,,,,,,,,,,,,,,,,,,,,,,,,,,,,,,,,,,,,,,TN
1120,023ae54874d34eb300cdfa9630da4455cb406ad3,0.26683235427022134,autoland,3779647,13,a34e21034f2e3c317ebb3d485012938d48ad04ac,macosx1015-64-shippable-qr,True,False,,|f|i|s|s|i|o|n| |w|a|r|m| |w|e|b|r|e|n|d|e|r|,102210fe594ee9b33d82058545b1ed14f4c8206e,PerceptualSpeedIndex,google-docs,True,google-docs PerceptualSpeedIndex opt fission warm webrender,,77,ms,firefox,,1776063966,2023-10-18 16:05:19,1318932,,,,,,,,,,,,,,,,,,,,,,,,,,,,,,,,,,,,,,,,,,,,,,,,,TN
1121,361e571454e94ba0cfa1a86d2a7f63a24455581c,0.2218707636692272,autoland,3779647,13,a34e21034f2e3c317ebb3d485012938d48ad04ac,macosx1015-64-shippable-qr,True,False,,|f|i|s|s|i|o|n| |w|a|r|m| |w|e|b|r|e|n|d|e|r|,102210fe594ee9b33d82058545b1ed14f4c8206e,PerceptualSpeedIndex,google-docs,True,google-docs PerceptualSpeedIndex opt fission warm webrender,,77,ms,firefox,,1776102254,2023-10-18 16:32:33,1318947,,,,,,,,,,,,,,,,,,,,,,,,,,,,,,,,,,,,,,,,,,,,,,,,,TN
1122,77f05957a4fc15dc053469145b93089adfec3484,0.24514234071396301,autoland,3779647,13,a34e21034f2e3c317ebb3d485012938d48ad04ac,macosx1015-64-shippable-qr,True,False,,|f|i|s|s|i|o|n| |w|a|r|m| |w|e|b|r|e|n|d|e|r|,102210fe594ee9b33d82058545b1ed14f4c8206e,PerceptualSpeedIndex,google-docs,True,google-docs PerceptualSpeedIndex opt fission warm webrender,,77,ms,firefox,,1776318073,2023-10-18 20:42:45,1319167,,,,,,,,,,,,,,,,,,,,,,,,,,,,,,,,,,,,,,,,,,,,,,,,,TN
1123,e059b0995a2a62238ca266c3ed9955434ac43517,0.23723452327157712,autoland,3779647,13,a34e21034f2e3c317ebb3d485012938d48ad04ac,macosx1015-64-shippable-qr,True,False,,|f|i|s|s|i|o|n| |w|a|r|m| |w|e|b|r|e|n|d|e|r|,102210fe594ee9b33d82058545b1ed14f4c8206e,PerceptualSpeedIndex,google-docs,True,google-docs PerceptualSpeedIndex opt fission warm webrender,,77,ms,firefox,,1776300085,2023-10-18 20:46:18,1319169,,,,,,,,,,,,,,,,,,,,,,,,,,,,,,,,,,,,,,,,,,,,,,,,,TN
1124,beb80bb8c90921077e9c1130ad5a8e925dc060b7,0.26976954360596483,autoland,3779647,13,a34e21034f2e3c317ebb3d485012938d48ad04ac,macosx1015-64-shippable-qr,True,False,,|f|i|s|s|i|o|n| |w|a|r|m| |w|e|b|r|e|n|d|e|r|,102210fe594ee9b33d82058545b1ed14f4c8206e,PerceptualSpeedIndex,google-docs,True,google-docs PerceptualSpeedIndex opt fission warm webrender,,77,ms,firefox,,1776448921,2023-10-18 23:25:14,1319276,,,,,,,,,,,,,,,,,,,,,,,,,,,,,,,,,,,,,,,,,,,,,,,,,TN
1125,53cee944c60ac3c237a9aa2dacd19aa6bde80c2a,0.2408495255309533,autoland,3779647,13,a34e21034f2e3c317ebb3d485012938d48ad04ac,macosx1015-64-shippable-qr,True,False,,|f|i|s|s|i|o|n| |w|a|r|m| |w|e|b|r|e|n|d|e|r|,102210fe594ee9b33d82058545b1ed14f4c8206e,PerceptualSpeedIndex,google-docs,True,google-docs PerceptualSpeedIndex opt fission warm webrender,,77,ms,firefox,,1776645184,2023-10-19 04:23:12,1319373,,,,,,,,,,,,,,,,,,,,,,,,,,,,,,,,,,,,,,,,,,,,,,,,,TN
1126,a9a0ca5dc9605973d81ded607dfccd4d0a08dc68,0.2849073655671033,autoland,3779647,13,a34e21034f2e3c317ebb3d485012938d48ad04ac,macosx1015-64-shippable-qr,True,False,,|f|i|s|s|i|o|n| |w|a|r|m| |w|e|b|r|e|n|d|e|r|,102210fe594ee9b33d82058545b1ed14f4c8206e,PerceptualSpeedIndex,google-docs,True,google-docs PerceptualSpeedIndex opt fission warm webrender,,77,ms,firefox,,1776724790,2023-10-19 08:39:29,1319455,,,,,,,,,,,,,,,,,,,,,,,,,,,,,,,,,,,,,,,,,,,,,,,,,TN
1127,2981b7bbee06c518301e1542545e92b6d80a8d0b,0.2501129688206054,autoland,3779647,13,a34e21034f2e3c317ebb3d485012938d48ad04ac,macosx1015-64-shippable-qr,True,False,,|f|i|s|s|i|o|n| |w|a|r|m| |w|e|b|r|e|n|d|e|r|,102210fe594ee9b33d82058545b1ed14f4c8206e,PerceptualSpeedIndex,google-docs,True,google-docs PerceptualSpeedIndex opt fission warm webrender,,77,ms,firefox,,1776853032,2023-10-19 12:43:18,1319613,,,,,,,,,,,,,,,,,,,,,,,,,,,,,,,,,,,,,,,,,,,,,,,,,TN
1128,8be39770f68cb52d1a2b14bdf31a34f5e54212e8,0.31586082241301394,autoland,3779647,13,a34e21034f2e3c317ebb3d485012938d48ad04ac,macosx1015-64-shippable-qr,True,False,,|f|i|s|s|i|o|n| |w|a|r|m| |w|e|b|r|e|n|d|e|r|,102210fe594ee9b33d82058545b1ed14f4c8206e,PerceptualSpeedIndex,google-docs,True,google-docs PerceptualSpeedIndex opt fission warm webrender,,77,ms,firefox,,1776859272,2023-10-19 12:48:25,1319617,,,,,,,,,,,,,,,,,,,,,,,,,,,,,,,,,,,,,,,,,,,,,,,,,TN
1129,fafeb43eefd13b4df24d6526d729b15fb42b7d27,0.24243108901943056,autoland,3779647,13,a34e21034f2e3c317ebb3d485012938d48ad04ac,macosx1015-64-shippable-qr,True,False,,|f|i|s|s|i|o|n| |w|a|r|m| |w|e|b|r|e|n|d|e|r|,102210fe594ee9b33d82058545b1ed14f4c8206e,PerceptualSpeedIndex,google-docs,True,google-docs PerceptualSpeedIndex opt fission warm webrender,,77,ms,firefox,,1776941438,2023-10-19 17:06:19,1319833,,,,,,,,,,,,,,,,,,,,,,,,,,,,,,,,,,,,,,,,,,,,,,,,,TN
1130,6ae72d4d62c421303fd85fb0939f9baaa5594d83,0.25079078174423874,autoland,3779647,13,a34e21034f2e3c317ebb3d485012938d48ad04ac,macosx1015-64-shippable-qr,True,False,,|f|i|s|s|i|o|n| |w|a|r|m| |w|e|b|r|e|n|d|e|r|,102210fe594ee9b33d82058545b1ed14f4c8206e,PerceptualSpeedIndex,google-docs,True,google-docs PerceptualSpeedIndex opt fission warm webrender,,77,ms,firefox,,1777207683,2023-10-19 20:56:13,1319988,,,,,,,,,,,,,,,,,,,,,,,,,,,,,,,,,,,,,,,,,,,,,,,,,TN
1131,b61e815058043ef79ba03f013bdf41ef57651fa5,0.2666064166290105,autoland,3779647,13,a34e21034f2e3c317ebb3d485012938d48ad04ac,macosx1015-64-shippable-qr,True,False,,|f|i|s|s|i|o|n| |w|a|r|m| |w|e|b|r|e|n|d|e|r|,102210fe594ee9b33d82058545b1ed14f4c8206e,PerceptualSpeedIndex,google-docs,True,google-docs PerceptualSpeedIndex opt fission warm webrender,,77,ms,firefox,,1777220782,2023-10-19 20:58:51,1320000,,,,,,,,,,,,,,,,,,,,,,,,,,,,,,,,,,,,,,,,,,,,,,,,,TN
1132,b557109f1b5dd0a5c7be013c630945f886e17708,0.36488929055580677,autoland,3779647,13,a34e21034f2e3c317ebb3d485012938d48ad04ac,macosx1015-64-shippable-qr,True,False,,|f|i|s|s|i|o|n| |w|a|r|m| |w|e|b|r|e|n|d|e|r|,102210fe594ee9b33d82058545b1ed14f4c8206e,PerceptualSpeedIndex,google-docs,True,google-docs PerceptualSpeedIndex opt fission warm webrender,,77,ms,firefox,,1777079268,2023-10-19 22:45:17,1320076,,,,,,,,,,,,,,,,,,,,,,,,,,,,,,,,,,,,,,,,,,,,,,,,,TN
1133,0546c85daa8d8b6f7a8c5a842fdf1a990215e249,0.2842295526434704,autoland,3779647,13,a34e21034f2e3c317ebb3d485012938d48ad04ac,macosx1015-64-shippable-qr,True,False,,|f|i|s|s|i|o|n| |w|a|r|m| |w|e|b|r|e|n|d|e|r|,102210fe594ee9b33d82058545b1ed14f4c8206e,PerceptualSpeedIndex,google-docs,True,google-docs PerceptualSpeedIndex opt fission warm webrender,,77,ms,firefox,,1777090145,2023-10-19 22:59:16,1320081,,,,,,,,,,,,,,,,,,,,,,,,,,,,,,,,,,,,,,,,,,,,,,,,,TN
1134,dc0d913ecc2486cafc7a005d2fe6705f2c7da222,0.2505648441030275,autoland,3779647,13,a34e21034f2e3c317ebb3d485012938d48ad04ac,macosx1015-64-shippable-qr,True,False,,|f|i|s|s|i|o|n| |w|a|r|m| |w|e|b|r|e|n|d|e|r|,102210fe594ee9b33d82058545b1ed14f4c8206e,PerceptualSpeedIndex,google-docs,True,google-docs PerceptualSpeedIndex opt fission warm webrender,,77,ms,firefox,,1777191981,2023-10-20 03:32:37,1320137,,,,,,,,,,,,,,,,,,,,,,,,,,,,,,,,,,,,,,,,,,,,,,,,,TN
1135,5ebf0b67d0519897b95e84598900434fe92b7abb,0.27293267058291915,autoland,3779647,13,a34e21034f2e3c317ebb3d485012938d48ad04ac,macosx1015-64-shippable-qr,True,False,,|f|i|s|s|i|o|n| |w|a|r|m| |w|e|b|r|e|n|d|e|r|,102210fe594ee9b33d82058545b1ed14f4c8206e,PerceptualSpeedIndex,google-docs,True,google-docs PerceptualSpeedIndex opt fission warm webrender,,77,ms,firefox,,1777348133,2023-10-20 09:14:56,1320186,,,,,,,,,,,,,,,,,,,,,,,,,,,,,,,,,,,,,,,,,,,,,,,,,TN
1136,dfa7f17930eb1b48ff7435494924a0711114e40a,0.2772254857659284,autoland,3779647,13,a34e21034f2e3c317ebb3d485012938d48ad04ac,macosx1015-64-shippable-qr,True,False,,|f|i|s|s|i|o|n| |w|a|r|m| |w|e|b|r|e|n|d|e|r|,102210fe594ee9b33d82058545b1ed14f4c8206e,PerceptualSpeedIndex,google-docs,True,google-docs PerceptualSpeedIndex opt fission warm webrender,,77,ms,firefox,,1777414041,2023-10-20 14:06:35,1320283,,,,,,,,,,,,,,,,,,,,,,,,,,,,,,,,,,,,,,,,,,,,,,,,,TN
1137,8f4fc4b6cc05c16482986671d19d546faf6cb212,0.24966109353818355,autoland,3779647,13,a34e21034f2e3c317ebb3d485012938d48ad04ac,macosx1015-64-shippable-qr,True,False,,|f|i|s|s|i|o|n| |w|a|r|m| |w|e|b|r|e|n|d|e|r|,102210fe594ee9b33d82058545b1ed14f4c8206e,PerceptualSpeedIndex,google-docs,True,google-docs PerceptualSpeedIndex opt fission warm webrender,,77,ms,firefox,,1777432671,2023-10-20 15:24:34,1320314,,,,,,,,,,,,,,,,,,,,,,,,,,,,,,,,,,,,,,,,,,,,,,,,,TN
1138,f4da998c2ad5be8d29b4e2523b56d9d5e2a58984,0.24107546317216433,autoland,3779647,13,a34e21034f2e3c317ebb3d485012938d48ad04ac,macosx1015-64-shippable-qr,True,False,,|f|i|s|s|i|o|n| |w|a|r|m| |w|e|b|r|e|n|d|e|r|,102210fe594ee9b33d82058545b1ed14f4c8206e,PerceptualSpeedIndex,google-docs,True,google-docs PerceptualSpeedIndex opt fission warm webrender,,77,ms,firefox,,1777549132,2023-10-20 21:24:05,1320380,,,,,,,,,,,,,,,,,,,,,,,,,,,,,,,,,,,,,,,,,,,,,,,,,TN
1139,4124eee4f58ca46e13cb937c757a2fe1875120f0,0.23813827383642128,autoland,3779647,13,a34e21034f2e3c317ebb3d485012938d48ad04ac,macosx1015-64-shippable-qr,True,False,,|f|i|s|s|i|o|n| |w|a|r|m| |w|e|b|r|e|n|d|e|r|,102210fe594ee9b33d82058545b1ed14f4c8206e,PerceptualSpeedIndex,google-docs,True,google-docs PerceptualSpeedIndex opt fission warm webrender,,77,ms,firefox,,1777668326,2023-10-21 14:30:38,1320453,,,,,,,,,,,,,,,,,,,,,,,,,,,,,,,,,,,,,,,,,,,,,,,,,TN
1140,529ec79bcdfd6a273fe6607c2a34bcc93c009ec5,0.254857659286037,autoland,3779647,13,a34e21034f2e3c317ebb3d485012938d48ad04ac,macosx1015-64-shippable-qr,True,False,,|f|i|s|s|i|o|n| |w|a|r|m| |w|e|b|r|e|n|d|e|r|,102210fe594ee9b33d82058545b1ed14f4c8206e,PerceptualSpeedIndex,google-docs,True,google-docs PerceptualSpeedIndex opt fission warm webrender,,77,ms,firefox,,1777791706,2023-10-22 19:07:04,1320522,,,,,,,,,,,,,,,,,,,,,,,,,,,,,,,,,,,,,,,,,,,,,,,,,TN
1141,52f2e6e80f6f7d8ab6eaaa36c4aa47c5be27a7a1,0.3626299141436964,autoland,3779647,13,a34e21034f2e3c317ebb3d485012938d48ad04ac,macosx1015-64-shippable-qr,True,False,,|f|i|s|s|i|o|n| |w|a|r|m| |w|e|b|r|e|n|d|e|r|,102210fe594ee9b33d82058545b1ed14f4c8206e,PerceptualSpeedIndex,google-docs,True,google-docs PerceptualSpeedIndex opt fission warm webrender,,77,ms,firefox,,1777883544,2023-10-22 21:46:31,1320539,,,,,,,,,,,,,,,,,,,,,,,,,,,,,,,,,,,,,,,,,,,,,,,,,TN
1142,f1426851ae3049d6f44ef0e9da7b601c73ea435a,0.2602801626751017,autoland,3779647,13,a34e21034f2e3c317ebb3d485012938d48ad04ac,macosx1015-64-shippable-qr,True,False,,|f|i|s|s|i|o|n| |w|a|r|m| |w|e|b|r|e|n|d|e|r|,102210fe594ee9b33d82058545b1ed14f4c8206e,PerceptualSpeedIndex,google-docs,True,google-docs PerceptualSpeedIndex opt fission warm webrender,,77,ms,firefox,,1778878672,2023-10-23 09:45:25,1320692,,,,,,,,,,,,,,,,,,,,,,,,,,,,,,,,,,,,,,,,,,,,,,,,,TN
1143,3b1bb1524b9060ea54f96bef98b0c53eed1cb7e3,0.2397198373248981,autoland,3779647,13,a34e21034f2e3c317ebb3d485012938d48ad04ac,macosx1015-64-shippable-qr,True,False,,|f|i|s|s|i|o|n| |w|a|r|m| |w|e|b|r|e|n|d|e|r|,102210fe594ee9b33d82058545b1ed14f4c8206e,PerceptualSpeedIndex,google-docs,True,google-docs PerceptualSpeedIndex opt fission warm webrender,,77,ms,firefox,,1778797243,2023-10-23 09:59:46,1320702,,,,,,,,,,,,,,,,,,,,,,,,,,,,,,,,,,,,,,,,,,,,,,,,,TN
1144,fe4e67ae521b5b29efef2be635e0085c2aad1448,0.23384545865341178,autoland,3779647,13,a34e21034f2e3c317ebb3d485012938d48ad04ac,macosx1015-64-shippable-qr,True,False,,|f|i|s|s|i|o|n| |w|a|r|m| |w|e|b|r|e|n|d|e|r|,102210fe594ee9b33d82058545b1ed14f4c8206e,PerceptualSpeedIndex,google-docs,True,google-docs PerceptualSpeedIndex opt fission warm webrender,,77,ms,firefox,,1778816604,2023-10-23 10:46:08,1320734,,,,,,,,,,,,,,,,,,,,,,,,,,,,,,,,,,,,,,,,,,,,,,,,,TN
1145,acba8a75249bc2b26b143d4d2830575cf0d7bcc2,0.24672390420244006,autoland,3779647,13,a34e21034f2e3c317ebb3d485012938d48ad04ac,macosx1015-64-shippable-qr,True,False,,|f|i|s|s|i|o|n| |w|a|r|m| |w|e|b|r|e|n|d|e|r|,102210fe594ee9b33d82058545b1ed14f4c8206e,PerceptualSpeedIndex,google-docs,True,google-docs PerceptualSpeedIndex opt fission warm webrender,,77,ms,firefox,,1778040474,2023-10-23 11:07:29,1320744,,,,,,,,,,,,,,,,,,,,,,,,,,,,,,,,,,,,,,,,,,,,,,,,,TN
1146,4c6d299e86ebe5d31f47c71505844335e119cf21,0.23746046091278794,autoland,3779647,13,a34e21034f2e3c317ebb3d485012938d48ad04ac,macosx1015-64-shippable-qr,True,False,,|f|i|s|s|i|o|n| |w|a|r|m| |w|e|b|r|e|n|d|e|r|,102210fe594ee9b33d82058545b1ed14f4c8206e,PerceptualSpeedIndex,google-docs,True,google-docs PerceptualSpeedIndex opt fission warm webrender,,77,ms,firefox,,1778820883,2023-10-23 12:10:22,1320774,,,,,,,,,,,,,,,,,,,,,,,,,,,,,,,,,,,,,,,,,,,,,,,,,TN
1147,c858c7fc7c4b572acc8dfce2e3c4ff73fc2fa44f,0.2769995481247174,autoland,3779647,13,a34e21034f2e3c317ebb3d485012938d48ad04ac,macosx1015-64-shippable-qr,True,False,,|f|i|s|s|i|o|n| |w|a|r|m| |w|e|b|r|e|n|d|e|r|,102210fe594ee9b33d82058545b1ed14f4c8206e,PerceptualSpeedIndex,google-docs,True,google-docs PerceptualSpeedIndex opt fission warm webrender,,77,ms,firefox,,1778833533,2023-10-23 12:15:00,1320776,,,,,,,,,,,,,,,,,,,,,,,,,,,,,,,,,,,,,,,,,,,,,,,,,TN
1148,818b5938920e6868a3f3b5a16b0c972bd8ec5cfc,0.27474017171260723,autoland,3779647,13,a34e21034f2e3c317ebb3d485012938d48ad04ac,macosx1015-64-shippable-qr,True,False,,|f|i|s|s|i|o|n| |w|a|r|m| |w|e|b|r|e|n|d|e|r|,102210fe594ee9b33d82058545b1ed14f4c8206e,PerceptualSpeedIndex,google-docs,True,google-docs PerceptualSpeedIndex opt fission warm webrender,,77,ms,firefox,,1778135826,2023-10-23 12:26:53,1320781,,,,,,,,,,,,,,,,,,,,,,,,,,,,,,,,,,,,,,,,,,,,,,,,,TN
1149,82c0efe382655a52d0d24628862fa416c4f66c0a,0.24536827835517383,autoland,3779647,13,a34e21034f2e3c317ebb3d485012938d48ad04ac,macosx1015-64-shippable-qr,True,False,,|f|i|s|s|i|o|n| |w|a|r|m| |w|e|b|r|e|n|d|e|r|,102210fe594ee9b33d82058545b1ed14f4c8206e,PerceptualSpeedIndex,google-docs,True,google-docs PerceptualSpeedIndex opt fission warm webrender,,77,ms,firefox,,1778858692,2023-10-23 13:41:17,1320840,,,,,,,,,,,,,,,,,,,,,,,,,,,,,,,,,,,,,,,,,,,,,,,,,TN
1150,02eefc6ff7a472c3443d7c9dce3479eb24a2c821,0.27112516945323106,autoland,3779647,13,a34e21034f2e3c317ebb3d485012938d48ad04ac,macosx1015-64-shippable-qr,True,False,,|f|i|s|s|i|o|n| |w|a|r|m| |w|e|b|r|e|n|d|e|r|,102210fe594ee9b33d82058545b1ed14f4c8206e,PerceptualSpeedIndex,google-docs,True,google-docs PerceptualSpeedIndex opt fission warm webrender,,77,ms,firefox,,1778917205,2023-10-23 14:02:43,1320867,,,,,,,,,,,,,,,,,,,,,,,,,,,,,,,,,,,,,,,,,,,,,,,,,TN
1151,f222bdcd6517e233cb62a3164afd50fd17a55e62,0.24559421599638487,autoland,3779647,13,a34e21034f2e3c317ebb3d485012938d48ad04ac,macosx1015-64-shippable-qr,True,False,,|f|i|s|s|i|o|n| |w|a|r|m| |w|e|b|r|e|n|d|e|r|,102210fe594ee9b33d82058545b1ed14f4c8206e,PerceptualSpeedIndex,google-docs,True,google-docs PerceptualSpeedIndex opt fission warm webrender,,77,ms,firefox,,1778317976,2023-10-23 15:48:05,1320978,,,,,,,,,,,,,,,,,,,,,,,,,,,,,,,,,,,,,,,,,,,,,,,,,TN
1152,00c1813123fd4ca7ec1446ebdabe2848814e550e,0.23926796204247625,autoland,3779647,13,a34e21034f2e3c317ebb3d485012938d48ad04ac,macosx1015-64-shippable-qr,True,False,,|f|i|s|s|i|o|n| |w|a|r|m| |w|e|b|r|e|n|d|e|r|,102210fe594ee9b33d82058545b1ed14f4c8206e,PerceptualSpeedIndex,google-docs,True,google-docs PerceptualSpeedIndex opt fission warm webrender,,77,ms,firefox,,1778363164,2023-10-23 17:53:04,1321095,,,,,,,,,,,,,,,,,,,,,,,,,,,,,,,,,,,,,,,,,,,,,,,,,TN
1153,0fdbf0a455f26afa0a7a0390d6a380e318fce9d4,0.27293267058291915,autoland,3779647,13,a34e21034f2e3c317ebb3d485012938d48ad04ac,macosx1015-64-shippable-qr,True,False,,|f|i|s|s|i|o|n| |w|a|r|m| |w|e|b|r|e|n|d|e|r|,102210fe594ee9b33d82058545b1ed14f4c8206e,PerceptualSpeedIndex,google-docs,True,google-docs PerceptualSpeedIndex opt fission warm webrender,,77,ms,firefox,,1778529845,2023-10-23 20:36:06,1321210,,,,,,,,,,,,,,,,,,,,,,,,,,,,,,,,,,,,,,,,,,,,,,,,,TN
1154,ed9d130c38a8858740845db8ec5c8bb7e68cce65,0.35833709896068666,autoland,3779647,13,a34e21034f2e3c317ebb3d485012938d48ad04ac,macosx1015-64-shippable-qr,True,False,,|f|i|s|s|i|o|n| |w|a|r|m| |w|e|b|r|e|n|d|e|r|,102210fe594ee9b33d82058545b1ed14f4c8206e,PerceptualSpeedIndex,google-docs,True,google-docs PerceptualSpeedIndex opt fission warm webrender,,77,ms,firefox,,1778748537,2023-10-24 00:49:55,1321359,,,,,,,,,,,,,,,,,,,,,,,,,,,,,,,,,,,,,,,,,,,,,,,,,TN
1155,bcdbc81d4adffb0c3b1e04e1854e43cf49314d92,0.2738364211477631,autoland,3779647,13,a34e21034f2e3c317ebb3d485012938d48ad04ac,macosx1015-64-shippable-qr,True,False,,|f|i|s|s|i|o|n| |w|a|r|m| |w|e|b|r|e|n|d|e|r|,102210fe594ee9b33d82058545b1ed14f4c8206e,PerceptualSpeedIndex,google-docs,True,google-docs PerceptualSpeedIndex opt fission warm webrender,,77,ms,firefox,,1778871946,2023-10-24 05:06:29,1321416,,,,,,,,,,,,,,,,,,,,,,,,,,,,,,,,,,,,,,,,,,,,,,,,,TN
1156,36a87a6432703a1f3a1f2a92756c90146a19e5f2,0.2616357885223679,autoland,3779647,13,a34e21034f2e3c317ebb3d485012938d48ad04ac,macosx1015-64-shippable-qr,True,False,,|f|i|s|s|i|o|n| |w|a|r|m| |w|e|b|r|e|n|d|e|r|,102210fe594ee9b33d82058545b1ed14f4c8206e,PerceptualSpeedIndex,google-docs,True,google-docs PerceptualSpeedIndex opt fission warm webrender,,77,ms,firefox,,1778969839,2023-10-24 08:18:26,1321456,,,,,,,,,,,,,,,,,,,,,,,,,,,,,,,,,,,,,,,,,,,,,,,,,TN
1157,ea758c7008d76a67d75d4874bb1a1a00838f4128,0.2532760957975597,autoland,3779647,13,a34e21034f2e3c317ebb3d485012938d48ad04ac,macosx1015-64-shippable-qr,True,False,,|f|i|s|s|i|o|n| |w|a|r|m| |w|e|b|r|e|n|d|e|r|,102210fe594ee9b33d82058545b1ed14f4c8206e,PerceptualSpeedIndex,google-docs,True,google-docs PerceptualSpeedIndex opt fission warm webrender,,77,ms,firefox,,1779218937,2023-10-24 12:23:09,1321565,,,,,,,,,,,,,,,,,,,,,,,,,,,,,,,,,,,,,,,,,,,,,,,,,TN
1158,0900a57bd906196091cc9315cc1480b9457b5089,0.34342521464075926,autoland,3779647,13,a34e21034f2e3c317ebb3d485012938d48ad04ac,macosx1015-64-shippable-qr,True,False,,|f|i|s|s|i|o|n| |w|a|r|m| |w|e|b|r|e|n|d|e|r|,102210fe594ee9b33d82058545b1ed14f4c8206e,PerceptualSpeedIndex,google-docs,True,google-docs PerceptualSpeedIndex opt fission warm webrender,,77,ms,firefox,,1779709350,2023-10-24 13:05:55,1321592,,,,,,,,,,,,,,,,,,,,,,,,,,,,,,,,,,,,,,,,,,,,,,,,,TN
1159,f6e5fecee879e3d0cd8b2e91df7cfe30f2b5610c,0.22887483054676916,autoland,3779647,13,a34e21034f2e3c317ebb3d485012938d48ad04ac,macosx1015-64-shippable-qr,True,False,,|f|i|s|s|i|o|n| |w|a|r|m| |w|e|b|r|e|n|d|e|r|,102210fe594ee9b33d82058545b1ed14f4c8206e,PerceptualSpeedIndex,google-docs,True,google-docs PerceptualSpeedIndex opt fission warm webrender,,77,ms,firefox,,1779708919,2023-10-24 13:09:05,1321594,,,,,,,,,,,,,,,,,,,,,,,,,,,,,,,,,,,,,,,,,,,,,,,,,TN
1160,eccda51a6f68b20cfe9af1e94b9336b9856b103e,0.316086760054225,autoland,3779647,13,a34e21034f2e3c317ebb3d485012938d48ad04ac,macosx1015-64-shippable-qr,True,False,,|f|i|s|s|i|o|n| |w|a|r|m| |w|e|b|r|e|n|d|e|r|,102210fe594ee9b33d82058545b1ed14f4c8206e,PerceptualSpeedIndex,google-docs,True,google-docs PerceptualSpeedIndex opt fission warm webrender,,77,ms,firefox,,1779532500,2023-10-24 13:48:19,1321616,,,,,,,,,,,,,,,,,,,,,,,,,,,,,,,,,,,,,,,,,,,,,,,,,TN
1161,b2dec8a51f6e781be65a730cfde18a11c9569f94,0.2505648441030275,autoland,3779647,13,a34e21034f2e3c317ebb3d485012938d48ad04ac,macosx1015-64-shippable-qr,True,False,,|f|i|s|s|i|o|n| |w|a|r|m| |w|e|b|r|e|n|d|e|r|,102210fe594ee9b33d82058545b1ed14f4c8206e,PerceptualSpeedIndex,google-docs,True,google-docs PerceptualSpeedIndex opt fission warm webrender,,77,ms,firefox,,1779541969,2023-10-24 17:52:45,1321799,,,,,,,,,,,,,,,,,,,,,,,,,,,,,,,,,,,,,,,,,,,,,,,,,TN
1162,27ee97bc90986bde66dfb122cc4c8a6a3730e4a3,0.20944419340262077,autoland,3779647,13,a34e21034f2e3c317ebb3d485012938d48ad04ac,macosx1015-64-shippable-qr,True,False,,|f|i|s|s|i|o|n| |w|a|r|m| |w|e|b|r|e|n|d|e|r|,102210fe594ee9b33d82058545b1ed14f4c8206e,PerceptualSpeedIndex,google-docs,True,google-docs PerceptualSpeedIndex opt fission warm webrender,,77,ms,firefox,,1779595237,2023-10-24 21:54:59,1321984,,,,,,,,,,,,,,,,,,,,,,,,,,,,,,,,,,,,,,,,,,,,,,,,,TN
1163,edfb4ab939a51c9dc131c959da539ef71f17cf5f,0.23949389968368728,autoland,3779647,13,a34e21034f2e3c317ebb3d485012938d48ad04ac,macosx1015-64-shippable-qr,True,False,,|f|i|s|s|i|o|n| |w|a|r|m| |w|e|b|r|e|n|d|e|r|,102210fe594ee9b33d82058545b1ed14f4c8206e,PerceptualSpeedIndex,google-docs,True,google-docs PerceptualSpeedIndex opt fission warm webrender,,77,ms,firefox,,1779672272,2023-10-25 01:35:01,1322066,,,,,,,,,,,,,,,,,,,,,,,,,,,,,,,,,,,,,,,,,,,,,,,,,TN
1164,c00936a538d944ced81780de7e2670806145f0ec,0.22774514234071397,autoland,3779647,13,a34e21034f2e3c317ebb3d485012938d48ad04ac,macosx1015-64-shippable-qr,True,False,,|f|i|s|s|i|o|n| |w|a|r|m| |w|e|b|r|e|n|d|e|r|,102210fe594ee9b33d82058545b1ed14f4c8206e,PerceptualSpeedIndex,google-docs,True,google-docs PerceptualSpeedIndex opt fission warm webrender,,77,ms,firefox,,1779739810,2023-10-25 05:46:17,1322115,,,,,,,,,,,,,,,,,,,,,,,,,,,,,,,,,,,,,,,,,,,,,,,,,TN
1165,03d61eb955a9ac6e3374ca4c5504edc41cd1aa4a,0.26073203795752375,autoland,3779647,13,a34e21034f2e3c317ebb3d485012938d48ad04ac,macosx1015-64-shippable-qr,True,False,,|f|i|s|s|i|o|n| |w|a|r|m| |w|e|b|r|e|n|d|e|r|,102210fe594ee9b33d82058545b1ed14f4c8206e,PerceptualSpeedIndex,google-docs,True,google-docs PerceptualSpeedIndex opt fission warm webrender,,77,ms,firefox,,1779920797,2023-10-25 09:46:40,1322203,,,,,,,,,,,,,,,,,,,,,,,,,,,,,,,,,,,,,,,,,,,,,,,,,TN
1166,44697a7ca8612ae5a4807f530347c3df1d2c191a,0.25079078174423874,autoland,3779647,13,a34e21034f2e3c317ebb3d485012938d48ad04ac,macosx1015-64-shippable-qr,True,False,,|f|i|s|s|i|o|n| |w|a|r|m| |w|e|b|r|e|n|d|e|r|,102210fe594ee9b33d82058545b1ed14f4c8206e,PerceptualSpeedIndex,google-docs,True,google-docs PerceptualSpeedIndex opt fission warm webrender,,77,ms,firefox,,1779983077,2023-10-25 12:40:12,1322280,,,,,,,,,,,,,,,,,,,,,,,,,,,,,,,,,,,,,,,,,,,,,,,,,TN
1167,b8c2a1837c16c66a12ef79eaf5545e92ae448768,0.23768639855399898,autoland,3779647,13,a34e21034f2e3c317ebb3d485012938d48ad04ac,macosx1015-64-shippable-qr,True,False,,|f|i|s|s|i|o|n| |w|a|r|m| |w|e|b|r|e|n|d|e|r|,102210fe594ee9b33d82058545b1ed14f4c8206e,PerceptualSpeedIndex,google-docs,True,google-docs PerceptualSpeedIndex opt fission warm webrender,,77,ms,firefox,,1780183625,2023-10-25 16:42:09,1322418,,,,,,,,,,,,,,,,,,,,,,,,,,,,,,,,,,,,,,,,,,,,,,,,,TN
1168,691148c77012c40658cd4a6e4ee3ca178d1c1ca8,0.26208766380479,autoland,3779647,13,a34e21034f2e3c317ebb3d485012938d48ad04ac,macosx1015-64-shippable-qr,True,False,,|f|i|s|s|i|o|n| |w|a|r|m| |w|e|b|r|e|n|d|e|r|,102210fe594ee9b33d82058545b1ed14f4c8206e,PerceptualSpeedIndex,google-docs,True,google-docs PerceptualSpeedIndex opt fission warm webrender,,77,ms,firefox,,1780254549,2023-10-25 18:17:29,1322468,,,,,,,,,,,,,,,,,,,,,,,,,,,,,,,,,,,,,,,,,,,,,,,,,TN
1169,e6a52d2c9941178fa5113e3c7af81f561078c5f5,0.26931766832354254,autoland,3779647,13,a34e21034f2e3c317ebb3d485012938d48ad04ac,macosx1015-64-shippable-qr,True,False,,|f|i|s|s|i|o|n| |w|a|r|m| |w|e|b|r|e|n|d|e|r|,102210fe594ee9b33d82058545b1ed14f4c8206e,PerceptualSpeedIndex,google-docs,True,google-docs PerceptualSpeedIndex opt fission warm webrender,,77,ms,firefox,,1780397316,2023-10-25 21:16:28,1322573,,,,,,,,,,,,,,,,,,,,,,,,,,,,,,,,,,,,,,,,,,,,,,,,,TN
1170,68373a168c7ca93b1aa9bb3016a1ffa9ad6b7aac,0.2505648441030275,autoland,3779647,13,a34e21034f2e3c317ebb3d485012938d48ad04ac,macosx1015-64-shippable-qr,True,False,,|f|i|s|s|i|o|n| |w|a|r|m| |w|e|b|r|e|n|d|e|r|,102210fe594ee9b33d82058545b1ed14f4c8206e,PerceptualSpeedIndex,google-docs,True,google-docs PerceptualSpeedIndex opt fission warm webrender,,77,ms,firefox,,1780532141,2023-10-26 00:52:13,1322694,,,,,,,,,,,,,,,,,,,,,,,,,,,,,,,,,,,,,,,,,,,,,,,,,TN
1171,62489b97d11d4bb88f1184670849ed8c9dc61708,0.24288296430185286,autoland,3779647,13,a34e21034f2e3c317ebb3d485012938d48ad04ac,macosx1015-64-shippable-qr,True,False,,|f|i|s|s|i|o|n| |w|a|r|m| |w|e|b|r|e|n|d|e|r|,102210fe594ee9b33d82058545b1ed14f4c8206e,PerceptualSpeedIndex,google-docs,True,google-docs PerceptualSpeedIndex opt fission warm webrender,,77,ms,firefox,,1780694696,2023-10-26 04:52:14,1322765,,,,,,,,,,,,,,,,,,,,,,,,,,,,,,,,,,,,,,,,,,,,,,,,,TN
1172,8923dca93b808a23856287229fc8f1c0c1d1e20e,0.23633077270673275,autoland,3779647,13,a34e21034f2e3c317ebb3d485012938d48ad04ac,macosx1015-64-shippable-qr,True,False,,|f|i|s|s|i|o|n| |w|a|r|m| |w|e|b|r|e|n|d|e|r|,102210fe594ee9b33d82058545b1ed14f4c8206e,PerceptualSpeedIndex,google-docs,True,google-docs PerceptualSpeedIndex opt fission warm webrender,,77,ms,firefox,,1780889476,2023-10-26 09:06:19,1322848,,,,,,,,,,,,,,,,,,,,,,,,,,,,,,,,,,,,,,,,,,,,,,,,,TN
1173,4d2c1911361bbc41f63b4e807070a3d83596b70c,0.26683235427022134,autoland,3779647,13,a34e21034f2e3c317ebb3d485012938d48ad04ac,macosx1015-64-shippable-qr,True,False,,|f|i|s|s|i|o|n| |w|a|r|m| |w|e|b|r|e|n|d|e|r|,102210fe594ee9b33d82058545b1ed14f4c8206e,PerceptualSpeedIndex,google-docs,True,google-docs PerceptualSpeedIndex opt fission warm webrender,,77,ms,firefox,,1780903755,2023-10-26 09:07:41,1322851,,,,,,,,,,,,,,,,,,,,,,,,,,,,,,,,,,,,,,,,,,,,,,,,,TN
1174,db6b75385ffe5e764d60c5842add31b3a90c0587,0.2516945323090827,autoland,3779647,13,a34e21034f2e3c317ebb3d485012938d48ad04ac,macosx1015-64-shippable-qr,True,False,,|f|i|s|s|i|o|n| |w|a|r|m| |w|e|b|r|e|n|d|e|r|,102210fe594ee9b33d82058545b1ed14f4c8206e,PerceptualSpeedIndex,google-docs,True,google-docs PerceptualSpeedIndex opt fission warm webrender,,77,ms,firefox,,1780996489,2023-10-26 13:14:16,1322985,,,,,,,,,,,,,,,,,,,,,,,,,,,,,,,,,,,,,,,,,,,,,,,,,TN
1175,630864299a197bf416ac18d405063b7ec40c3644,0.2236782647989155,autoland,3779647,13,a34e21034f2e3c317ebb3d485012938d48ad04ac,macosx1015-64-shippable-qr,True,False,,|f|i|s|s|i|o|n| |w|a|r|m| |w|e|b|r|e|n|d|e|r|,102210fe594ee9b33d82058545b1ed14f4c8206e,PerceptualSpeedIndex,google-docs,True,google-docs PerceptualSpeedIndex opt fission warm webrender,,77,ms,firefox,,1781023648,2023-10-26 13:50:58,1323009,,,,,,,,,,,,,,,,,,,,,,,,,,,,,,,,,,,,,,,,,,,,,,,,,TN
1176,945d53ccf09fe8c263a6a24db6604162a4707ff9,0.24039765024853144,autoland,3779647,13,a34e21034f2e3c317ebb3d485012938d48ad04ac,macosx1015-64-shippable-qr,True,False,,|f|i|s|s|i|o|n| |w|a|r|m| |w|e|b|r|e|n|d|e|r|,102210fe594ee9b33d82058545b1ed14f4c8206e,PerceptualSpeedIndex,google-docs,True,google-docs PerceptualSpeedIndex opt fission warm webrender,,77,ms,firefox,,1781393055,2023-10-26 17:52:00,1323156,,,,,,,,,,,,,,,,,,,,,,,,,,,,,,,,,,,,,,,,,,,,,,,,,TN
1177,36c2d201b88e94ad4448c10d6d73ab2433ee0a46,0.24785359240849525,autoland,3779647,13,a34e21034f2e3c317ebb3d485012938d48ad04ac,macosx1015-64-shippable-qr,True,False,,|f|i|s|s|i|o|n| |w|a|r|m| |w|e|b|r|e|n|d|e|r|,102210fe594ee9b33d82058545b1ed14f4c8206e,PerceptualSpeedIndex,google-docs,True,google-docs PerceptualSpeedIndex opt fission warm webrender,,77,ms,firefox,,1781564031,2023-10-26 17:59:55,1323163,,,,,,,,,,,,,,,,,,,,,,,,,,,,,,,,,,,,,,,,,,,,,,,,,TN
1178,a1dbe7d2099563e23614b7c0d0b0f6923ab447f7,0.2370085856303661,autoland,3779647,13,a34e21034f2e3c317ebb3d485012938d48ad04ac,macosx1015-64-shippable-qr,True,False,,|f|i|s|s|i|o|n| |w|a|r|m| |w|e|b|r|e|n|d|e|r|,102210fe594ee9b33d82058545b1ed14f4c8206e,PerceptualSpeedIndex,google-docs,True,google-docs PerceptualSpeedIndex opt fission warm webrender,,77,ms,firefox,,1781397159,2023-10-26 19:25:04,1323220,,,,,,,,,,,,,,,,,,,,,,,,,,,,,,,,,,,,,,,,,,,,,,,,,TN
1179,a880804c93083962e65cea658b69a28c06528e8e,0.2580207862629913,autoland,3779647,13,a34e21034f2e3c317ebb3d485012938d48ad04ac,macosx1015-64-shippable-qr,True,False,,|f|i|s|s|i|o|n| |w|a|r|m| |w|e|b|r|e|n|d|e|r|,102210fe594ee9b33d82058545b1ed14f4c8206e,PerceptualSpeedIndex,google-docs,True,google-docs PerceptualSpeedIndex opt fission warm webrender,,77,ms,firefox,,1781460432,2023-10-26 23:27:25,1323339,,,,,,,,,,,,,,,,,,,,,,,,,,,,,,,,,,,,,,,,,,,,,,,,,TN
1180,6d47bee6d52ee11125f54db9df7336cbe69593c0,0.2769995481247174,autoland,3779647,13,a34e21034f2e3c317ebb3d485012938d48ad04ac,macosx1015-64-shippable-qr,True,False,,|f|i|s|s|i|o|n| |w|a|r|m| |w|e|b|r|e|n|d|e|r|,102210fe594ee9b33d82058545b1ed14f4c8206e,PerceptualSpeedIndex,google-docs,True,google-docs PerceptualSpeedIndex opt fission warm webrender,,77,ms,firefox,,1781473353,2023-10-27 00:10:25,1323363,,,,,,,,,,,,,,,,,,,,,,,,,,,,,,,,,,,,,,,,,,,,,,,,,TN
1181,4024630f5ffa1704a32f70c816f1003b0af9f105,0.3529145955716222,autoland,3779647,13,a34e21034f2e3c317ebb3d485012938d48ad04ac,macosx1015-64-shippable-qr,True,False,,|f|i|s|s|i|o|n| |w|a|r|m| |w|e|b|r|e|n|d|e|r|,102210fe594ee9b33d82058545b1ed14f4c8206e,PerceptualSpeedIndex,google-docs,True,google-docs PerceptualSpeedIndex opt fission warm webrender,,77,ms,firefox,,1781616223,2023-10-27 05:17:25,1323421,,,,,,,,,,,,,,,,,,,,,,,,,,,,,,,,,,,,,,,,,,,,,,,,,TN
1182,6e09ac4a4c291480d5951adca6d1659a46f571b2,0.255083596927248,autoland,3779647,13,a34e21034f2e3c317ebb3d485012938d48ad04ac,macosx1015-64-shippable-qr,True,False,,|f|i|s|s|i|o|n| |w|a|r|m| |w|e|b|r|e|n|d|e|r|,102210fe594ee9b33d82058545b1ed14f4c8206e,PerceptualSpeedIndex,google-docs,True,google-docs PerceptualSpeedIndex opt fission warm webrender,,77,ms,firefox,,1781716570,2023-10-27 08:56:16,1323505,,,,,,,,,,,,,,,,,,,,,,,,,,,,,,,,,,,,,,,,,,,,,,,,,TN
1183,6013b7df2b9133416d4244ef4d45c492f215c3d0,0.22638951649344774,autoland,3779647,13,a34e21034f2e3c317ebb3d485012938d48ad04ac,macosx1015-64-shippable-qr,True,False,,|f|i|s|s|i|o|n| |w|a|r|m| |w|e|b|r|e|n|d|e|r|,102210fe594ee9b33d82058545b1ed14f4c8206e,PerceptualSpeedIndex,google-docs,True,google-docs PerceptualSpeedIndex opt fission warm webrender,,77,ms,firefox,,1781911636,2023-10-27 13:05:02,1323649,,,,,,,,,,,,,,,,,,,,,,,,,,,,,,,,,,,,,,,,,,,,,,,,,TN
1184,cda838e04db16590f96ddeaa7d7d54cc80e12a03,0.25214640759150453,autoland,3779647,13,a34e21034f2e3c317ebb3d485012938d48ad04ac,macosx1015-64-shippable-qr,True,False,,|f|i|s|s|i|o|n| |w|a|r|m| |w|e|b|r|e|n|d|e|r|,102210fe594ee9b33d82058545b1ed14f4c8206e,PerceptualSpeedIndex,google-docs,True,google-docs PerceptualSpeedIndex opt fission warm webrender,,77,ms,firefox,,1781964588,2023-10-27 13:54:58,1323685,,,,,,,,,,,,,,,,,,,,,,,,,,,,,,,,,,,,,,,,,,,,,,,,,TN
1185,d4e3485d6f1d579bd3d64e8e2778f9f93a2ee587,0.2444645277903299,autoland,3779647,13,a34e21034f2e3c317ebb3d485012938d48ad04ac,macosx1015-64-shippable-qr,True,False,,|f|i|s|s|i|o|n| |w|a|r|m| |w|e|b|r|e|n|d|e|r|,102210fe594ee9b33d82058545b1ed14f4c8206e,PerceptualSpeedIndex,google-docs,True,google-docs PerceptualSpeedIndex opt fission warm webrender,,77,ms,firefox,,1782531034,2023-10-27 16:27:11,1323775,,,,,,,,,,,,,,,,,,,,,,,,,,,,,,,,,,,,,,,,,,,,,,,,,TN
1186,a844b03832eeff18db233edb38c228f3911be765,0.3567555354722096,autoland,3779647,13,a34e21034f2e3c317ebb3d485012938d48ad04ac,macosx1015-64-shippable-qr,True,False,,|f|i|s|s|i|o|n| |w|a|r|m| |w|e|b|r|e|n|d|e|r|,102210fe594ee9b33d82058545b1ed14f4c8206e,PerceptualSpeedIndex,google-docs,True,google-docs PerceptualSpeedIndex opt fission warm webrender,,77,ms,firefox,,1782530024,2023-10-27 16:29:24,1323776,,,,,,,,,,,,,,,,,,,,,,,,,,,,,,,,,,,,,,,,,,,,,,,,,TN
1187,b6d6a9c84257af5a3d659491a2ab963896e70d0d,0.2525982828739268,autoland,3779647,13,a34e21034f2e3c317ebb3d485012938d48ad04ac,macosx1015-64-shippable-qr,True,False,,|f|i|s|s|i|o|n| |w|a|r|m| |w|e|b|r|e|n|d|e|r|,102210fe594ee9b33d82058545b1ed14f4c8206e,PerceptualSpeedIndex,google-docs,True,google-docs PerceptualSpeedIndex opt fission warm webrender,,77,ms,firefox,,1782064926,2023-10-27 17:16:47,1323813,,,,,,,,,,,,,,,,,,,,,,,,,,,,,,,,,,,,,,,,,,,,,,,,,TN
1188,2744df17e06b25289ca5dd01128e6c4f237d7a7c,0.25282422051513787,autoland,3779647,13,a34e21034f2e3c317ebb3d485012938d48ad04ac,macosx1015-64-shippable-qr,True,False,,|f|i|s|s|i|o|n| |w|a|r|m| |w|e|b|r|e|n|d|e|r|,102210fe594ee9b33d82058545b1ed14f4c8206e,PerceptualSpeedIndex,google-docs,True,google-docs PerceptualSpeedIndex opt fission warm webrender,,77,ms,firefox,,1782330314,2023-10-27 22:11:30,1323968,,,,,,,,,,,,,,,,,,,,,,,,,,,,,,,,,,,,,,,,,,,,,,,,,TN
1189,5c87acee8b894f06e4b248cb602b36ccfcef1615,0.24920921825576148,autoland,3779647,13,a34e21034f2e3c317ebb3d485012938d48ad04ac,macosx1015-64-shippable-qr,True,False,,|f|i|s|s|i|o|n| |w|a|r|m| |w|e|b|r|e|n|d|e|r|,102210fe594ee9b33d82058545b1ed14f4c8206e,PerceptualSpeedIndex,google-docs,True,google-docs PerceptualSpeedIndex opt fission warm webrender,,77,ms,firefox,,1782346010,2023-10-27 23:12:32,1323985,,,,,,,,,,,,,,,,,,,,,,,,,,,,,,,,,,,,,,,,,,,,,,,,,TN
1190,0be08aa0812f81d5eb9f2235165d8478ebaf825b,0.24197921373700848,autoland,3779647,13,a34e21034f2e3c317ebb3d485012938d48ad04ac,macosx1015-64-shippable-qr,True,False,,|f|i|s|s|i|o|n| |w|a|r|m| |w|e|b|r|e|n|d|e|r|,102210fe594ee9b33d82058545b1ed14f4c8206e,PerceptualSpeedIndex,google-docs,True,google-docs PerceptualSpeedIndex opt fission warm webrender,,77,ms,firefox,,1782477051,2023-10-28 03:14:30,1324017,,,,,,,,,,,,,,,,,,,,,,,,,,,,,,,,,,,,,,,,,,,,,,,,,TN
1191,da935aab57913c853df3002f297cc6eb76175828,0.23633077270673275,autoland,3779647,13,a34e21034f2e3c317ebb3d485012938d48ad04ac,macosx1015-64-shippable-qr,True,False,,|f|i|s|s|i|o|n| |w|a|r|m| |w|e|b|r|e|n|d|e|r|,102210fe594ee9b33d82058545b1ed14f4c8206e,PerceptualSpeedIndex,google-docs,True,google-docs PerceptualSpeedIndex opt fission warm webrender,,77,ms,firefox,,1783046323,2023-10-29 17:34:24,1324194,,,,,,,,,,,,,,,,,,,,,,,,,,,,,,,,,,,,,,,,,,,,,,,,,TN
1192,61e57e6ba3b7e09a71062e7cdc44f395af832716,0.2532760957975597,autoland,3779647,13,a34e21034f2e3c317ebb3d485012938d48ad04ac,macosx1015-64-shippable-qr,True,False,,|f|i|s|s|i|o|n| |w|a|r|m| |w|e|b|r|e|n|d|e|r|,102210fe594ee9b33d82058545b1ed14f4c8206e,PerceptualSpeedIndex,google-docs,True,google-docs PerceptualSpeedIndex opt fission warm webrender,,77,ms,firefox,,1783125947,2023-10-29 22:37:58,1324214,,,,,,,,,,,,,,,,,,,,,,,,,,,,,,,,,,,,,,,,,,,,,,,,,TN
1193,cfc1bbb8edcc79491d2e1267e84338d155b2ee3c,0.23633077270673275,autoland,3779647,13,a34e21034f2e3c317ebb3d485012938d48ad04ac,macosx1015-64-shippable-qr,True,False,,|f|i|s|s|i|o|n| |w|a|r|m| |w|e|b|r|e|n|d|e|r|,102210fe594ee9b33d82058545b1ed14f4c8206e,PerceptualSpeedIndex,google-docs,True,google-docs PerceptualSpeedIndex opt fission warm webrender,,77,ms,firefox,,1783249538,2023-10-30 03:06:34,1324224,,,,,,,,,,,,,,,,,,,,,,,,,,,,,,,,,,,,,,,,,,,,,,,,,TN
1194,07ff1e2e4f656661631e6746f339e6232b59ebfd,0.28468142792589246,autoland,3779647,13,a34e21034f2e3c317ebb3d485012938d48ad04ac,macosx1015-64-shippable-qr,True,False,,|f|i|s|s|i|o|n| |w|a|r|m| |w|e|b|r|e|n|d|e|r|,102210fe594ee9b33d82058545b1ed14f4c8206e,PerceptualSpeedIndex,google-docs,True,google-docs PerceptualSpeedIndex opt fission warm webrender,,77,ms,firefox,,1783334544,2023-10-30 07:08:15,1324243,,,,,,,,,,,,,,,,,,,,,,,,,,,,,,,,,,,,,,,,,,,,,,,,,TN
1195,667502cd02b265ad789b4ee291e456bac0e09235,0.22887483054676916,autoland,3779647,13,a34e21034f2e3c317ebb3d485012938d48ad04ac,macosx1015-64-shippable-qr,True,False,,|f|i|s|s|i|o|n| |w|a|r|m| |w|e|b|r|e|n|d|e|r|,102210fe594ee9b33d82058545b1ed14f4c8206e,PerceptualSpeedIndex,google-docs,True,google-docs PerceptualSpeedIndex opt fission warm webrender,,77,ms,firefox,,1784193832,2023-10-30 09:49:11,1324304,,,,,,,,,,,,,,,,,,,,,,,,,,,,,,,,,,,,,,,,,,,,,,,,,TN
1196,5e0414b6e7a9fa6193d4558f3715934aab7c7891,0.23316764572977844,autoland,3779647,13,a34e21034f2e3c317ebb3d485012938d48ad04ac,macosx1015-64-shippable-qr,True,False,,|f|i|s|s|i|o|n| |w|a|r|m| |w|e|b|r|e|n|d|e|r|,102210fe594ee9b33d82058545b1ed14f4c8206e,PerceptualSpeedIndex,google-docs,True,google-docs PerceptualSpeedIndex opt fission warm webrender,,77,ms,firefox,,1784197775,2023-10-30 10:32:34,1324328,,,,,,,,,,,,,,,,,,,,,,,,,,,,,,,,,,,,,,,,,,,,,,,,,TN
1197,9c6272da5dc92ff944d294d9a026bd42a408c784,0.26389516493447807,autoland,3779647,13,a34e21034f2e3c317ebb3d485012938d48ad04ac,macosx1015-64-shippable-qr,True,False,,|f|i|s|s|i|o|n| |w|a|r|m| |w|e|b|r|e|n|d|e|r|,102210fe594ee9b33d82058545b1ed14f4c8206e,PerceptualSpeedIndex,google-docs,True,google-docs PerceptualSpeedIndex opt fission warm webrender,,77,ms,firefox,,1783561856,2023-10-30 12:36:41,1324389,,,,,,,,,,,,,,,,,,,,,,,,,,,,,,,,,,,,,,,,,,,,,,,,,TN
1198,d2a035a8329b5914bcd659ea1ea427c251c4d138,0.23768639855399898,autoland,3779647,13,a34e21034f2e3c317ebb3d485012938d48ad04ac,macosx1015-64-shippable-qr,True,False,,|f|i|s|s|i|o|n| |w|a|r|m| |w|e|b|r|e|n|d|e|r|,102210fe594ee9b33d82058545b1ed14f4c8206e,PerceptualSpeedIndex,google-docs,True,google-docs PerceptualSpeedIndex opt fission warm webrender,,77,ms,firefox,,1783747526,2023-10-30 13:43:34,1324429,,,,,,,,,,,,,,,,,,,,,,,,,,,,,,,,,,,,,,,,,,,,,,,,,TN
1199,3b1635a4b3cbb3f1af8b8df29319ec738b2356d5,0.25643922277451425,autoland,3779647,13,a34e21034f2e3c317ebb3d485012938d48ad04ac,macosx1015-64-shippable-qr,True,False,,|f|i|s|s|i|o|n| |w|a|r|m| |w|e|b|r|e|n|d|e|r|,102210fe594ee9b33d82058545b1ed14f4c8206e,PerceptualSpeedIndex,google-docs,True,google-docs PerceptualSpeedIndex opt fission warm webrender,,77,ms,firefox,,1784187801,2023-10-30 15:39:07,1324527,,,,,,,,,,,,,,,,,,,,,,,,,,,,,,,,,,,,,,,,,,,,,,,,,TN
1200,1b472d6498203a4f89b245e60fa313ec3e4886b2,0.2523723452327158,autoland,3779647,13,a34e21034f2e3c317ebb3d485012938d48ad04ac,macosx1015-64-shippable-qr,True,False,,|f|i|s|s|i|o|n| |w|a|r|m| |w|e|b|r|e|n|d|e|r|,102210fe594ee9b33d82058545b1ed14f4c8206e,PerceptualSpeedIndex,google-docs,True,google-docs PerceptualSpeedIndex opt fission warm webrender,,77,ms,firefox,,1784202195,2023-10-30 15:46:43,1324534,,,,,,,,,,,,,,,,,,,,,,,,,,,,,,,,,,,,,,,,,,,,,,,,,TN
1201,277907757ae0f5c9f9a9b4b15473ec6f3eab7674,0.2555354722096701,autoland,3779647,13,a34e21034f2e3c317ebb3d485012938d48ad04ac,macosx1015-64-shippable-qr,True,False,,|f|i|s|s|i|o|n| |w|a|r|m| |w|e|b|r|e|n|d|e|r|,102210fe594ee9b33d82058545b1ed14f4c8206e,PerceptualSpeedIndex,google-docs,True,google-docs PerceptualSpeedIndex opt fission warm webrender,,77,ms,firefox,,1783959449,2023-10-30 17:20:21,1324599,,,,,,,,,,,,,,,,,,,,,,,,,,,,,,,,,,,,,,,,,,,,,,,,,TN
1202,250d50a3e9aedba6c41312d2ce03b03eabac5c84,0.24220515137821952,autoland,3779647,13,a34e21034f2e3c317ebb3d485012938d48ad04ac,macosx1015-64-shippable-qr,True,False,,|f|i|s|s|i|o|n| |w|a|r|m| |w|e|b|r|e|n|d|e|r|,102210fe594ee9b33d82058545b1ed14f4c8206e,PerceptualSpeedIndex,google-docs,True,google-docs PerceptualSpeedIndex opt fission warm webrender,,77,ms,firefox,,1783984714,2023-10-30 21:26:51,1324725,,,,,,,,,,,,,,,,,,,,,,,,,,,,,,,,,,,,,,,,,,,,,,,,,TN
1203,49bcf5f146b911757fd23c8fef4193c975f04403,0.2537279710799818,autoland,3779647,13,a34e21034f2e3c317ebb3d485012938d48ad04ac,macosx1015-64-shippable-qr,True,False,,|f|i|s|s|i|o|n| |w|a|r|m| |w|e|b|r|e|n|d|e|r|,102210fe594ee9b33d82058545b1ed14f4c8206e,PerceptualSpeedIndex,google-docs,True,google-docs PerceptualSpeedIndex opt fission warm webrender,,77,ms,firefox,,1784166443,2023-10-30 22:07:45,1324747,,,,,,,,,,,,,,,,,,,,,,,,,,,,,,,,,,,,,,,,,,,,,,,,,TN
1204,be34980d62f85760d6c6e963c70ae22f2ffc9461,0.24559421599638487,autoland,3779647,13,a34e21034f2e3c317ebb3d485012938d48ad04ac,macosx1015-64-shippable-qr,True,False,,|f|i|s|s|i|o|n| |w|a|r|m| |w|e|b|r|e|n|d|e|r|,102210fe594ee9b33d82058545b1ed14f4c8206e,PerceptualSpeedIndex,google-docs,True,google-docs PerceptualSpeedIndex opt fission warm webrender,,77,ms,firefox,,1784200866,2023-10-30 22:14:50,1324750,,,,,,,,,,,,,,,,,,,,,,,,,,,,,,,,,,,,,,,,,,,,,,,,,TN
1205,9d87d8875f3012f1cb5e065b5861f41a29d1173c,0.27248079530049685,autoland,3779647,13,a34e21034f2e3c317ebb3d485012938d48ad04ac,macosx1015-64-shippable-qr,True,False,,|f|i|s|s|i|o|n| |w|a|r|m| |w|e|b|r|e|n|d|e|r|,102210fe594ee9b33d82058545b1ed14f4c8206e,PerceptualSpeedIndex,google-docs,True,google-docs PerceptualSpeedIndex opt fission warm webrender,,77,ms,firefox,,1783985711,2023-10-30 22:47:24,1324763,,,,,,,,,,,,,,,,,,,,,,,,,,,,,,,,,,,,,,,,,,,,,,,,,TN
1206,88295a805fb918c5a40c57d9827608c50c65da1a,0.2593764121102575,autoland,3779647,13,a34e21034f2e3c317ebb3d485012938d48ad04ac,macosx1015-64-shippable-qr,True,False,,|f|i|s|s|i|o|n| |w|a|r|m| |w|e|b|r|e|n|d|e|r|,102210fe594ee9b33d82058545b1ed14f4c8206e,PerceptualSpeedIndex,google-docs,True,google-docs PerceptualSpeedIndex opt fission warm webrender,,77,ms,firefox,,1784161084,2023-10-31 03:27:18,1324833,,,,,,,,,,,,,,,,,,,,,,,,,,,,,,,,,,,,,,,,,,,,,,,,,TN
1207,26a58e0274b4491ce07587bf329d30954bfa36a5,0.23723452327157712,autoland,3779647,13,a34e21034f2e3c317ebb3d485012938d48ad04ac,macosx1015-64-shippable-qr,True,False,,|f|i|s|s|i|o|n| |w|a|r|m| |w|e|b|r|e|n|d|e|r|,102210fe594ee9b33d82058545b1ed14f4c8206e,PerceptualSpeedIndex,google-docs,True,google-docs PerceptualSpeedIndex opt fission warm webrender,,77,ms,firefox,,1784411221,2023-10-31 08:52:16,1324883,,,,,,,,,,,,,,,,,,,,,,,,,,,,,,,,,,,,,,,,,,,,,,,,,TN
1208,173608723df3997c0b39049e55f7e4f529974bd1,0.2426570266606416,autoland,3779647,13,a34e21034f2e3c317ebb3d485012938d48ad04ac,macosx1015-64-shippable-qr,True,False,,|f|i|s|s|i|o|n| |w|a|r|m| |w|e|b|r|e|n|d|e|r|,102210fe594ee9b33d82058545b1ed14f4c8206e,PerceptualSpeedIndex,google-docs,True,google-docs PerceptualSpeedIndex opt fission warm webrender,,77,ms,firefox,,1784554446,2023-10-31 10:24:24,1324925,,,,,,,,,,,,,,,,,,,,,,,,,,,,,,,,,,,,,,,,,,,,,,,,,TN
1209,d93c1e224fa334cb0e1a4faf860be329181c1d60,0.25576140985088114,autoland,3779647,13,a34e21034f2e3c317ebb3d485012938d48ad04ac,macosx1015-64-shippable-qr,True,False,,|f|i|s|s|i|o|n| |w|a|r|m| |w|e|b|r|e|n|d|e|r|,102210fe594ee9b33d82058545b1ed14f4c8206e,PerceptualSpeedIndex,google-docs,True,google-docs PerceptualSpeedIndex opt fission warm webrender,,77,ms,firefox,,1784598089,2023-10-31 14:28:55,1325039,,,,,,,,,,,,,,,,,,,,,,,,,,,,,,,,,,,,,,,,,,,,,,,,,TN
1210,4712d595873a538c628ea09a2826c33e3f2e383d,0.23384545865341178,autoland,3779647,13,a34e21034f2e3c317ebb3d485012938d48ad04ac,macosx1015-64-shippable-qr,True,False,,|f|i|s|s|i|o|n| |w|a|r|m| |w|e|b|r|e|n|d|e|r|,102210fe594ee9b33d82058545b1ed14f4c8206e,PerceptualSpeedIndex,google-docs,True,google-docs PerceptualSpeedIndex opt fission warm webrender,,77,ms,firefox,,1784758545,2023-10-31 15:46:12,1325101,,,,,,,,,,,,,,,,,,,,,,,,,,,,,,,,,,,,,,,,,,,,,,,,,TN
1211,5624631ba42eb404a5c5b4e50e9c4fbc826eef31,0.2315860822413014,autoland,3779647,13,a34e21034f2e3c317ebb3d485012938d48ad04ac,macosx1015-64-shippable-qr,True,False,,|f|i|s|s|i|o|n| |w|a|r|m| |w|e|b|r|e|n|d|e|r|,102210fe594ee9b33d82058545b1ed14f4c8206e,PerceptualSpeedIndex,google-docs,True,google-docs PerceptualSpeedIndex opt fission warm webrender,,77,ms,firefox,,1784799080,2023-10-31 20:04:41,1325256,,,,,,,,,,,,,,,,,,,,,,,,,,,,,,,,,,,,,,,,,,,,,,,,,TN
1212,251055c46bfcc027766c9bdaccaaa919c3e6c8f6,0.2474017171260734,autoland,3779647,13,a34e21034f2e3c317ebb3d485012938d48ad04ac,macosx1015-64-shippable-qr,True,False,,|f|i|s|s|i|o|n| |w|a|r|m| |w|e|b|r|e|n|d|e|r|,102210fe594ee9b33d82058545b1ed14f4c8206e,PerceptualSpeedIndex,google-docs,True,google-docs PerceptualSpeedIndex opt fission warm webrender,,77,ms,firefox,,1784862580,2023-10-31 22:59:03,1325343,,,,,,,,,,,,,,,,,,,,,,,,,,,,,,,,,,,,,,,,,,,,,,,,,TN
1213,b73ef4c8979fb0702de9f4bf2fdf986b1d0fd487,0.2844554902846814,autoland,3779647,13,a34e21034f2e3c317ebb3d485012938d48ad04ac,macosx1015-64-shippable-qr,True,False,,|f|i|s|s|i|o|n| |w|a|r|m| |w|e|b|r|e|n|d|e|r|,102210fe594ee9b33d82058545b1ed14f4c8206e,PerceptualSpeedIndex,google-docs,True,google-docs PerceptualSpeedIndex opt fission warm webrender,,77,ms,firefox,,1785091356,2023-11-01 04:08:21,1325446,,,,,,,,,,,,,,,,,,,,,,,,,,,,,,,,,,,,,,,,,,,,,,,,,TN
1214,5db6f03a7c103189ba38ef4c4687a046566f4e5b,0.2672842295526434,autoland,3779647,13,a34e21034f2e3c317ebb3d485012938d48ad04ac,macosx1015-64-shippable-qr,True,False,,|f|i|s|s|i|o|n| |w|a|r|m| |w|e|b|r|e|n|d|e|r|,102210fe594ee9b33d82058545b1ed14f4c8206e,PerceptualSpeedIndex,google-docs,True,google-docs PerceptualSpeedIndex opt fission warm webrender,,77,ms,firefox,,1785257971,2023-11-01 08:27:37,1325492,,,,,,,,,,,,,,,,,,,,,,,,,,,,,,,,,,,,,,,,,,,,,,,,,TN
1215,dee5e3c280a214c32ea4f7a2b6446bbe456ecb54,0.23633077270673275,autoland,3779647,13,a34e21034f2e3c317ebb3d485012938d48ad04ac,macosx1015-64-shippable-qr,True,False,,|f|i|s|s|i|o|n| |w|a|r|m| |w|e|b|r|e|n|d|e|r|,102210fe594ee9b33d82058545b1ed14f4c8206e,PerceptualSpeedIndex,google-docs,True,google-docs PerceptualSpeedIndex opt fission warm webrender,,77,ms,firefox,,1785398883,2023-11-01 15:00:09,1325661,,,,,,,,,,,,,,,,,,,,,,,,,,,,,,,,,,,,,,,,,,,,,,,,,TN
1216,3eea9367b17b3c112968a3f0e008b1005452bbdd,0.24401265250790782,autoland,3779647,13,a34e21034f2e3c317ebb3d485012938d48ad04ac,macosx1015-64-shippable-qr,True,False,,|f|i|s|s|i|o|n| |w|a|r|m| |w|e|b|r|e|n|d|e|r|,102210fe594ee9b33d82058545b1ed14f4c8206e,PerceptualSpeedIndex,google-docs,True,google-docs PerceptualSpeedIndex opt fission warm webrender,,77,ms,firefox,,1785594416,2023-11-01 21:17:16,1325895,,,,,,,,,,,,,,,,,,,,,,,,,,,,,,,,,,,,,,,,,,,,,,,,,TN
1217,0ea21c7c9ab7dcf411a8094c876b12784bc6343c,0.24469046543154094,autoland,3779647,13,a34e21034f2e3c317ebb3d485012938d48ad04ac,macosx1015-64-shippable-qr,True,False,,|f|i|s|s|i|o|n| |w|a|r|m| |w|e|b|r|e|n|d|e|r|,102210fe594ee9b33d82058545b1ed14f4c8206e,PerceptualSpeedIndex,google-docs,True,google-docs PerceptualSpeedIndex opt fission warm webrender,,77,ms,firefox,,1785825617,2023-11-02 01:36:12,1325979,,,,,,,,,,,,,,,,,,,,,,,,,,,,,,,,,,,,,,,,,,,,,,,,,TN
1218,1fcf041bc427507f767a28519182263ab9925550,0.24717577948486213,autoland,3779647,13,a34e21034f2e3c317ebb3d485012938d48ad04ac,macosx1015-64-shippable-qr,True,False,,|f|i|s|s|i|o|n| |w|a|r|m| |w|e|b|r|e|n|d|e|r|,102210fe594ee9b33d82058545b1ed14f4c8206e,PerceptualSpeedIndex,google-docs,True,google-docs PerceptualSpeedIndex opt fission warm webrender,,77,ms,firefox,,1785834440,2023-11-02 06:18:28,1326017,,,,,,,,,,,,,,,,,,,,,,,,,,,,,,,,,,,,,,,,,,,,,,,,,TN
1219,86b37d608b6dff619ef21dd6df25970d2f35504f,0.20854044283777684,autoland,3779647,13,a34e21034f2e3c317ebb3d485012938d48ad04ac,macosx1015-64-shippable-qr,True,False,,|f|i|s|s|i|o|n| |w|a|r|m| |w|e|b|r|e|n|d|e|r|,102210fe594ee9b33d82058545b1ed14f4c8206e,PerceptualSpeedIndex,google-docs,True,google-docs PerceptualSpeedIndex opt fission warm webrender,,77,ms,firefox,,1786158046,2023-11-02 10:56:45,1326103,,,,,,,,,,,,,,,,,,,,,,,,,,,,,,,,,,,,,,,,,,,,,,,,,TN
1220,59754ae1b71386535d42979e577deaaad4aa522f,0.26976954360596483,autoland,3779647,13,a34e21034f2e3c317ebb3d485012938d48ad04ac,macosx1015-64-shippable-qr,True,False,,|f|i|s|s|i|o|n| |w|a|r|m| |w|e|b|r|e|n|d|e|r|,102210fe594ee9b33d82058545b1ed14f4c8206e,PerceptualSpeedIndex,google-docs,True,google-docs PerceptualSpeedIndex opt fission warm webrender,,77,ms,firefox,,1786287748,2023-11-02 12:13:53,1326138,,,,,,,,,,,,,,,,,,,,,,,,,,,,,,,,,,,,,,,,,,,,,,,,,TN
1221,42ea9e037ab397f0632ce37f1bd8709b44ffa6ff,0.2740623587889741,autoland,3779647,13,a34e21034f2e3c317ebb3d485012938d48ad04ac,macosx1015-64-shippable-qr,True,False,,|f|i|s|s|i|o|n| |w|a|r|m| |w|e|b|r|e|n|d|e|r|,102210fe594ee9b33d82058545b1ed14f4c8206e,PerceptualSpeedIndex,google-docs,True,google-docs PerceptualSpeedIndex opt fission warm webrender,,77,ms,firefox,,1786555279,2023-11-02 13:30:08,1326191,,,,,,,,,,,,,,,,,,,,,,,,,,,,,,,,,,,,,,,,,,,,,,,,,TN
1222,08cb433e982fa288536eb388ba3946a21ef856c1,0.2480795300497063,autoland,3779647,13,a34e21034f2e3c317ebb3d485012938d48ad04ac,macosx1015-64-shippable-qr,True,False,,|f|i|s|s|i|o|n| |w|a|r|m| |w|e|b|r|e|n|d|e|r|,102210fe594ee9b33d82058545b1ed14f4c8206e,PerceptualSpeedIndex,google-docs,True,google-docs PerceptualSpeedIndex opt fission warm webrender,,77,ms,firefox,,1786558403,2023-11-02 13:48:11,1326209,,,,,,,,,,,,,,,,,,,,,,,,,,,,,,,,,,,,,,,,,,,,,,,,,TN
1223,b32fede7af3947e835399bab4d1d7f096517521f,0.2236782647989155,autoland,3779647,13,a34e21034f2e3c317ebb3d485012938d48ad04ac,macosx1015-64-shippable-qr,True,False,,|f|i|s|s|i|o|n| |w|a|r|m| |w|e|b|r|e|n|d|e|r|,102210fe594ee9b33d82058545b1ed14f4c8206e,PerceptualSpeedIndex,google-docs,True,google-docs PerceptualSpeedIndex opt fission warm webrender,,77,ms,firefox,,1786403972,2023-11-02 15:35:11,1326301,,,,,,,,,,,,,,,,,,,,,,,,,,,,,,,,,,,,,,,,,,,,,,,,,TN
1224,94e5f553d8ee5632338645c8928e3cc1454d7b5b,0.2616357885223679,autoland,3779647,13,a34e21034f2e3c317ebb3d485012938d48ad04ac,macosx1015-64-shippable-qr,True,False,,|f|i|s|s|i|o|n| |w|a|r|m| |w|e|b|r|e|n|d|e|r|,102210fe594ee9b33d82058545b1ed14f4c8206e,PerceptualSpeedIndex,google-docs,True,google-docs PerceptualSpeedIndex opt fission warm webrender,,77,ms,firefox,,1786430668,2023-11-02 19:35:23,1326465,,,,,,,,,,,,,,,,,,,,,,,,,,,,,,,,,,,,,,,,,,,,,,,,,TN
1225,e76a1dc1e2e5cfa536e6893665fb8d42d2669341,0.23090826931766828,autoland,3779647,13,a34e21034f2e3c317ebb3d485012938d48ad04ac,macosx1015-64-shippable-qr,True,False,,|f|i|s|s|i|o|n| |w|a|r|m| |w|e|b|r|e|n|d|e|r|,102210fe594ee9b33d82058545b1ed14f4c8206e,PerceptualSpeedIndex,google-docs,True,google-docs PerceptualSpeedIndex opt fission warm webrender,,77,ms,firefox,,1786465151,2023-11-02 22:16:50,1326592,,,,,,,,,,,,,,,,,,,,,,,,,,,,,,,,,,,,,,,,,,,,,,,,,TN
1226,7398cacb1ad3e7be98ad07eff3a56fd050025c48,0.2568910980569361,autoland,3779647,13,a34e21034f2e3c317ebb3d485012938d48ad04ac,macosx1015-64-shippable-qr,True,False,,|f|i|s|s|i|o|n| |w|a|r|m| |w|e|b|r|e|n|d|e|r|,102210fe594ee9b33d82058545b1ed14f4c8206e,PerceptualSpeedIndex,google-docs,True,google-docs PerceptualSpeedIndex opt fission warm webrender,,77,ms,firefox,,1786490266,2023-11-03 02:17:21,1326661,,,,,,,,,,,,,,,,,,,,,,,,,,,,,,,,,,,,,,,,,,,,,,,,,TN
1227,63221dffde4f2b6c134c16fb540dea75d856626d,0.21735201084500666,autoland,3779647,13,a34e21034f2e3c317ebb3d485012938d48ad04ac,macosx1015-64-shippable-qr,True,False,,|f|i|s|s|i|o|n| |w|a|r|m| |w|e|b|r|e|n|d|e|r|,102210fe594ee9b33d82058545b1ed14f4c8206e,PerceptualSpeedIndex,google-docs,True,google-docs PerceptualSpeedIndex opt fission warm webrender,,77,ms,firefox,,1786569026,2023-11-03 06:29:48,1326720,,,,,,,,,,,,,,,,,,,,,,,,,,,,,,,,,,,,,,,,,,,,,,,,,TN
1228,fef2ab0f10caa08593c20e7febc4cec185670a4a,0.29326705829191146,autoland,3779647,13,a34e21034f2e3c317ebb3d485012938d48ad04ac,macosx1015-64-shippable-qr,True,False,,|f|i|s|s|i|o|n| |w|a|r|m| |w|e|b|r|e|n|d|e|r|,102210fe594ee9b33d82058545b1ed14f4c8206e,PerceptualSpeedIndex,google-docs,True,google-docs PerceptualSpeedIndex opt fission warm webrender,,77,ms,firefox,,1786700011,2023-11-03 09:45:55,1326769,,,,,,,,,,,,,,,,,,,,,,,,,,,,,,,,,,,,,,,,,,,,,,,,,TN
1229,db8c28afe588aab0cd434e280a4614c075350cde,0.23542702214188882,autoland,3779647,13,a34e21034f2e3c317ebb3d485012938d48ad04ac,macosx1015-64-shippable-qr,True,False,,|f|i|s|s|i|o|n| |w|a|r|m| |w|e|b|r|e|n|d|e|r|,102210fe594ee9b33d82058545b1ed14f4c8206e,PerceptualSpeedIndex,google-docs,True,google-docs PerceptualSpeedIndex opt fission warm webrender,,77,ms,firefox,,1787103490,2023-11-03 14:08:17,1326874,,,,,,,,,,,,,,,,,,,,,,,,,,,,,,,,,,,,,,,,,,,,,,,,,TN
1230,218b0b33b6bb55913c005cf174b1dcc8c1fb63ba,0.23542702214188882,autoland,3779647,13,a34e21034f2e3c317ebb3d485012938d48ad04ac,macosx1015-64-shippable-qr,True,False,,|f|i|s|s|i|o|n| |w|a|r|m| |w|e|b|r|e|n|d|e|r|,102210fe594ee9b33d82058545b1ed14f4c8206e,PerceptualSpeedIndex,google-docs,True,google-docs PerceptualSpeedIndex opt fission warm webrender,,77,ms,firefox,,1787193581,2023-11-03 14:30:10,1326901,,,,,,,,,,,,,,,,,,,,,,,,,,,,,,,,,,,,,,,,,,,,,,,,,TN
1231,0896ccb4c8266515669efe20006dd62d7cc46e05,0.23520108450067778,autoland,3779647,13,a34e21034f2e3c317ebb3d485012938d48ad04ac,macosx1015-64-shippable-qr,True,False,,|f|i|s|s|i|o|n| |w|a|r|m| |w|e|b|r|e|n|d|e|r|,102210fe594ee9b33d82058545b1ed14f4c8206e,PerceptualSpeedIndex,google-docs,True,google-docs PerceptualSpeedIndex opt fission warm webrender,,77,ms,firefox,,1787195081,2023-11-03 14:52:04,1326910,,,,,,,,,,,,,,,,,,,,,,,,,,,,,,,,,,,,,,,,,,,,,,,,,TN
1232,c1bbed9e33815cc111047e95375c6446ad566b5b,0.23768639855399898,autoland,3779647,13,a34e21034f2e3c317ebb3d485012938d48ad04ac,macosx1015-64-shippable-qr,True,False,,|f|i|s|s|i|o|n| |w|a|r|m| |w|e|b|r|e|n|d|e|r|,102210fe594ee9b33d82058545b1ed14f4c8206e,PerceptualSpeedIndex,google-docs,True,google-docs PerceptualSpeedIndex opt fission warm webrender,,77,ms,firefox,,1787135298,2023-11-03 15:30:02,1326932,,,,,,,,,,,,,,,,,,,,,,,,,,,,,,,,,,,,,,,,,,,,,,,,,TN
1233,3483c8458f12814829ccacc001ce04923ce9c601,0.23203795752372347,autoland,3779647,13,a34e21034f2e3c317ebb3d485012938d48ad04ac,macosx1015-64-shippable-qr,True,False,,|f|i|s|s|i|o|n| |w|a|r|m| |w|e|b|r|e|n|d|e|r|,102210fe594ee9b33d82058545b1ed14f4c8206e,PerceptualSpeedIndex,google-docs,True,google-docs PerceptualSpeedIndex opt fission warm webrender,,77,ms,firefox,,1787157551,2023-11-03 19:29:08,1327119,,,,,,,,,,,,,,,,,,,,,,,,,,,,,,,,,,,,,,,,,,,,,,,,,TN
1234,71b8373e6622cf42c02a4244f2c2629c6afed2db,0.25960234975146856,autoland,3779647,13,a34e21034f2e3c317ebb3d485012938d48ad04ac,macosx1015-64-shippable-qr,True,False,,|f|i|s|s|i|o|n| |w|a|r|m| |w|e|b|r|e|n|d|e|r|,102210fe594ee9b33d82058545b1ed14f4c8206e,PerceptualSpeedIndex,google-docs,True,google-docs PerceptualSpeedIndex opt fission warm webrender,,77,ms,firefox,,1787181847,2023-11-04 00:04:01,1327246,,,,,,,,,,,,,,,,,,,,,,,,,,,,,,,,,,,,,,,,,,,,,,,,,TN
1235,fa8ebe703963d027ce9185c21a4e7bdc98f8cd68,0.23881608676005417,autoland,3779647,13,a34e21034f2e3c317ebb3d485012938d48ad04ac,macosx1015-64-shippable-qr,True,False,,|f|i|s|s|i|o|n| |w|a|r|m| |w|e|b|r|e|n|d|e|r|,102210fe594ee9b33d82058545b1ed14f4c8206e,PerceptualSpeedIndex,google-docs,True,google-docs PerceptualSpeedIndex opt fission warm webrender,,77,ms,firefox,,1787190781,2023-11-04 01:35:30,1327271,,,,,,,,,,,,,,,,,,,,,,,,,,,,,,,,,,,,,,,,,,,,,,,,,TN
1236,f65c77517e3e8d32a23f3607a039a558abd2b12c,0.23248983280614555,autoland,3779647,13,a34e21034f2e3c317ebb3d485012938d48ad04ac,macosx1015-64-shippable-qr,True,False,,|f|i|s|s|i|o|n| |w|a|r|m| |w|e|b|r|e|n|d|e|r|,102210fe594ee9b33d82058545b1ed14f4c8206e,PerceptualSpeedIndex,google-docs,True,google-docs PerceptualSpeedIndex opt fission warm webrender,,77,ms,firefox,,1787222368,2023-11-04 08:24:01,1327306,,,,,,,,,,,,,,,,,,,,,,,,,,,,,,,,,,,,,,,,,,,,,,,,,TN
1237,90f5a1a99e4af4267d041ebe447fe2c0d6028eec,0.2541798463624041,autoland,3779647,13,a34e21034f2e3c317ebb3d485012938d48ad04ac,macosx1015-64-shippable-qr,True,False,,|f|i|s|s|i|o|n| |w|a|r|m| |w|e|b|r|e|n|d|e|r|,102210fe594ee9b33d82058545b1ed14f4c8206e,PerceptualSpeedIndex,google-docs,True,google-docs PerceptualSpeedIndex opt fission warm webrender,,77,ms,firefox,,1787350376,2023-11-04 14:15:16,1327379,,,,,,,,,,,,,,,,,,,,,,,,,,,,,,,,,,,,,,,,,,,,,,,,,TN
1238,55a02a6f1e91945e24618f64bd61b9f3a0beeea0,0.23859014911884313,autoland,3779647,13,a34e21034f2e3c317ebb3d485012938d48ad04ac,macosx1015-64-shippable-qr,True,False,,|f|i|s|s|i|o|n| |w|a|r|m| |w|e|b|r|e|n|d|e|r|,102210fe594ee9b33d82058545b1ed14f4c8206e,PerceptualSpeedIndex,google-docs,True,google-docs PerceptualSpeedIndex opt fission warm webrender,,77,ms,firefox,,1787439694,2023-11-04 18:45:40,1327418,,,,,,,,,,,,,,,,,,,,,,,,,,,,,,,,,,,,,,,,,,,,,,,,,TN
1239,c6d6218c85ae690d272c8b978051ec7c2718b1b2,0.25214640759150453,autoland,3779647,13,a34e21034f2e3c317ebb3d485012938d48ad04ac,macosx1015-64-shippable-qr,True,False,,|f|i|s|s|i|o|n| |w|a|r|m| |w|e|b|r|e|n|d|e|r|,102210fe594ee9b33d82058545b1ed14f4c8206e,PerceptualSpeedIndex,google-docs,True,google-docs PerceptualSpeedIndex opt fission warm webrender,,77,ms,firefox,,1787506918,2023-11-04 23:01:16,1327454,,,,,,,,,,,,,,,,,,,,,,,,,,,,,,,,,,,,,,,,,,,,,,,,,TN
1240,6e473b5825d2acd52739d9cc4cdec6ea5e26c9d1,0.23881608676005417,autoland,3779647,13,a34e21034f2e3c317ebb3d485012938d48ad04ac,macosx1015-64-shippable-qr,True,False,,|f|i|s|s|i|o|n| |w|a|r|m| |w|e|b|r|e|n|d|e|r|,102210fe594ee9b33d82058545b1ed14f4c8206e,PerceptualSpeedIndex,google-docs,True,google-docs PerceptualSpeedIndex opt fission warm webrender,,77,ms,firefox,,1787737600,2023-11-05 12:31:02,1327508,,,,,,,,,,,,,,,,,,,,,,,,,,,,,,,,,,,,,,,,,,,,,,,,,TN
1241,e4d362eebc148baf8432d0b013b6233995a2f16e,0.23384545865341178,autoland,3779647,13,a34e21034f2e3c317ebb3d485012938d48ad04ac,macosx1015-64-shippable-qr,True,False,,|f|i|s|s|i|o|n| |w|a|r|m| |w|e|b|r|e|n|d|e|r|,102210fe594ee9b33d82058545b1ed14f4c8206e,PerceptualSpeedIndex,google-docs,True,google-docs PerceptualSpeedIndex opt fission warm webrender,,77,ms,firefox,,1787871630,2023-11-05 17:15:11,1327546,,,,,,,,,,,,,,,,,,,,,,,,,,,,,,,,,,,,,,,,,,,,,,,,,TN
1242,1995198e0bee1b9f7d4ac3a5286fb89a8305fa28,0.23610483506552193,autoland,3779647,13,a34e21034f2e3c317ebb3d485012938d48ad04ac,macosx1015-64-shippable-qr,True,False,,|f|i|s|s|i|o|n| |w|a|r|m| |w|e|b|r|e|n|d|e|r|,102210fe594ee9b33d82058545b1ed14f4c8206e,PerceptualSpeedIndex,google-docs,True,google-docs PerceptualSpeedIndex opt fission warm webrender,,77,ms,firefox,,1787976537,2023-11-05 22:35:05,1327567,,,,,,,,,,,,,,,,,,,,,,,,,,,,,,,,,,,,,,,,,,,,,,,,,TN
1243,925231a8fb5eccf055afb3e9921596d8f990128b,0.2740623587889741,autoland,3779647,13,a34e21034f2e3c317ebb3d485012938d48ad04ac,macosx1015-64-shippable-qr,True,False,,|f|i|s|s|i|o|n| |w|a|r|m| |w|e|b|r|e|n|d|e|r|,102210fe594ee9b33d82058545b1ed14f4c8206e,PerceptualSpeedIndex,google-docs,True,google-docs PerceptualSpeedIndex opt fission warm webrender,,77,ms,firefox,,1788210064,2023-11-06 03:28:15,1327590,,,,,,,,,,,,,,,,,,,,,,,,,,,,,,,,,,,,,,,,,,,,,,,,,TN
1244,58f61f19462af6371405866cd0506983856d5433,0.22525982828739255,autoland,3779647,13,a34e21034f2e3c317ebb3d485012938d48ad04ac,macosx1015-64-shippable-qr,True,False,,|f|i|s|s|i|o|n| |w|a|r|m| |w|e|b|r|e|n|d|e|r|,102210fe594ee9b33d82058545b1ed14f4c8206e,PerceptualSpeedIndex,google-docs,True,google-docs PerceptualSpeedIndex opt fission warm webrender,,77,ms,firefox,,1788302560,2023-11-06 06:27:10,1327613,,,,,,,,,,,,,,,,,,,,,,,,,,,,,,,,,,,,,,,,,,,,,,,,,TN
1245,47130f8e8a79f36f7bea8cf4a4a19a3ef155e539,0.2523723452327158,autoland,3779647,13,a34e21034f2e3c317ebb3d485012938d48ad04ac,macosx1015-64-shippable-qr,True,False,,|f|i|s|s|i|o|n| |w|a|r|m| |w|e|b|r|e|n|d|e|r|,102210fe594ee9b33d82058545b1ed14f4c8206e,PerceptualSpeedIndex,google-docs,True,google-docs PerceptualSpeedIndex opt fission warm webrender,,77,ms,firefox,,1788444889,2023-11-06 10:22:32,1327714,,,,,,,,,,,,,,,,,,,,,,,,,,,,,,,,,,,,,,,,,,,,,,,,,TN
1246,e85ef9b0c6ee61f9f14bf8b49cd5f6e0a5fac3d7,0.23836421147763232,autoland,3779647,13,a34e21034f2e3c317ebb3d485012938d48ad04ac,macosx1015-64-shippable-qr,True,False,,|f|i|s|s|i|o|n| |w|a|r|m| |w|e|b|r|e|n|d|e|r|,102210fe594ee9b33d82058545b1ed14f4c8206e,PerceptualSpeedIndex,google-docs,True,google-docs PerceptualSpeedIndex opt fission warm webrender,,77,ms,firefox,,1788584768,2023-11-06 14:23:08,1327890,,,,,,,,,,,,,,,,,,,,,,,,,,,,,,,,,,,,,,,,,,,,,,,,,TN
1247,6d5e2f6a296345f3afbeecf2e34bf0f7da7c7991,0.2670582919114324,autoland,3779647,13,a34e21034f2e3c317ebb3d485012938d48ad04ac,macosx1015-64-shippable-qr,True,False,,|f|i|s|s|i|o|n| |w|a|r|m| |w|e|b|r|e|n|d|e|r|,102210fe594ee9b33d82058545b1ed14f4c8206e,PerceptualSpeedIndex,google-docs,True,google-docs PerceptualSpeedIndex opt fission warm webrender,,77,ms,firefox,,1788763010,2023-11-06 17:39:09,1328028,,,,,,,,,,,,,,,,,,,,,,,,,,,,,,,,,,,,,,,,,,,,,,,,,TN
1248,503650406cb658c3bb6b55a44c03d5b95ae8ff5b,0.20808856755535454,autoland,3779647,13,a34e21034f2e3c317ebb3d485012938d48ad04ac,macosx1015-64-shippable-qr,True,False,,|f|i|s|s|i|o|n| |w|a|r|m| |w|e|b|r|e|n|d|e|r|,102210fe594ee9b33d82058545b1ed14f4c8206e,PerceptualSpeedIndex,google-docs,True,google-docs PerceptualSpeedIndex opt fission warm webrender,,77,ms,firefox,,1789126483,2023-11-06 19:35:04,1328081,,,,,,,,,,,,,,,,,,,,,,,,,,,,,,,,,,,,,,,,,,,,,,,,,TN
1249,89a118c5878608de9ce47ac8182b338e6ef13c33,0.22955264347040205,autoland,3779647,13,a34e21034f2e3c317ebb3d485012938d48ad04ac,macosx1015-64-shippable-qr,True,False,,|f|i|s|s|i|o|n| |w|a|r|m| |w|e|b|r|e|n|d|e|r|,102210fe594ee9b33d82058545b1ed14f4c8206e,PerceptualSpeedIndex,google-docs,True,google-docs PerceptualSpeedIndex opt fission warm webrender,,77,ms,firefox,,1789002668,2023-11-06 19:36:11,1328083,,,,,,,,,,,,,,,,,,,,,,,,,,,,,,,,,,,,,,,,,,,,,,,,,TN
1250,ffb99ffa3c65771df47bdf63bc01d231c1b8de95,0.23248983280614555,autoland,3779647,13,a34e21034f2e3c317ebb3d485012938d48ad04ac,macosx1015-64-shippable-qr,True,False,,|f|i|s|s|i|o|n| |w|a|r|m| |w|e|b|r|e|n|d|e|r|,102210fe594ee9b33d82058545b1ed14f4c8206e,PerceptualSpeedIndex,google-docs,True,google-docs PerceptualSpeedIndex opt fission warm webrender,,77,ms,firefox,,1789069135,2023-11-06 19:52:32,1328090,,,,,,,,,,,,,,,,,,,,,,,,,,,,,,,,,,,,,,,,,,,,,,,,,TN
1251,14364903b3513c984be3affb09c263c89bd313c6,0.2611839132399456,autoland,3779647,13,a34e21034f2e3c317ebb3d485012938d48ad04ac,macosx1015-64-shippable-qr,True,False,,|f|i|s|s|i|o|n| |w|a|r|m| |w|e|b|r|e|n|d|e|r|,102210fe594ee9b33d82058545b1ed14f4c8206e,PerceptualSpeedIndex,google-docs,True,google-docs PerceptualSpeedIndex opt fission warm webrender,,77,ms,firefox,,1789101560,2023-11-06 19:53:36,1328091,,,,,,,,,,,,,,,,,,,,,,,,,,,,,,,,,,,,,,,,,,,,,,,,,TN
1252,cfad60e16bc9ffd1123a5eb881ba42aaa60b9b18,0.22955264347040205,autoland,3779647,13,a34e21034f2e3c317ebb3d485012938d48ad04ac,macosx1015-64-shippable-qr,True,False,,|f|i|s|s|i|o|n| |w|a|r|m| |w|e|b|r|e|n|d|e|r|,102210fe594ee9b33d82058545b1ed14f4c8206e,PerceptualSpeedIndex,google-docs,True,google-docs PerceptualSpeedIndex opt fission warm webrender,,77,ms,firefox,,1788849662,2023-11-06 20:45:17,1328100,,,,,,,,,,,,,,,,,,,,,,,,,,,,,,,,,,,,,,,,,,,,,,,,,TN
1253,05f23c29b41cfcb7bfe0b081854260fa6d04388f,0.2401717126073204,autoland,3779647,13,a34e21034f2e3c317ebb3d485012938d48ad04ac,macosx1015-64-shippable-qr,True,False,,|f|i|s|s|i|o|n| |w|a|r|m| |w|e|b|r|e|n|d|e|r|,102210fe594ee9b33d82058545b1ed14f4c8206e,PerceptualSpeedIndex,google-docs,True,google-docs PerceptualSpeedIndex opt fission warm webrender,,77,ms,firefox,,1788951748,2023-11-07 01:37:21,1328269,,,,,,,,,,,,,,,,,,,,,,,,,,,,,,,,,,,,,,,,,,,,,,,,,TN
1254,5f6163941f402e507f0d384b9904f2a425a28d57,0.26796204247627653,autoland,3779647,13,a34e21034f2e3c317ebb3d485012938d48ad04ac,macosx1015-64-shippable-qr,True,False,,|f|i|s|s|i|o|n| |w|a|r|m| |w|e|b|r|e|n|d|e|r|,102210fe594ee9b33d82058545b1ed14f4c8206e,PerceptualSpeedIndex,google-docs,True,google-docs PerceptualSpeedIndex opt fission warm webrender,,77,ms,firefox,,1789136343,2023-11-07 05:57:42,1328312,,,,,,,,,,,,,,,,,,,,,,,,,,,,,,,,,,,,,,,,,,,,,,,,,TN
1255,7a3978f0626b31f7d311cbc700a8ad6eef3c38a7,0.24356077722548575,autoland,3779647,13,a34e21034f2e3c317ebb3d485012938d48ad04ac,macosx1015-64-shippable-qr,True,False,,|f|i|s|s|i|o|n| |w|a|r|m| |w|e|b|r|e|n|d|e|r|,102210fe594ee9b33d82058545b1ed14f4c8206e,PerceptualSpeedIndex,google-docs,True,google-docs PerceptualSpeedIndex opt fission warm webrender,,77,ms,firefox,,1789159375,2023-11-07 07:13:43,1328322,,,,,,,,,,,,,,,,,,,,,,,,,,,,,,,,,,,,,,,,,,,,,,,,,TN
1256,3a6678776d36c32f58fe521d73f09bbc1478cbbb,0.24898328061455022,autoland,3779647,13,a34e21034f2e3c317ebb3d485012938d48ad04ac,macosx1015-64-shippable-qr,True,False,,|f|i|s|s|i|o|n| |w|a|r|m| |w|e|b|r|e|n|d|e|r|,102210fe594ee9b33d82058545b1ed14f4c8206e,PerceptualSpeedIndex,google-docs,True,google-docs PerceptualSpeedIndex opt fission warm webrender,,77,ms,firefox,,1789370465,2023-11-07 15:22:28,1328534,,,,,,,,,,,,,,,,,,,,,,,,,,,,,,,,,,,,,,,,,,,,,,,,,TN
1257,2f5322fade4338f844537e7e14979d023e4b7d48,0.3492995933122458,autoland,3779647,13,a34e21034f2e3c317ebb3d485012938d48ad04ac,macosx1015-64-shippable-qr,True,False,,|f|i|s|s|i|o|n| |w|a|r|m| |w|e|b|r|e|n|d|e|r|,102210fe594ee9b33d82058545b1ed14f4c8206e,PerceptualSpeedIndex,google-docs,True,google-docs PerceptualSpeedIndex opt fission warm webrender,,77,ms,firefox,,1789550970,2023-11-07 20:38:50,1328596,,,,,,,,,,,,,,,,,,,,,,,,,,,,,,,,,,,,,,,,,,,,,,,,,TN
1258,a68dd6c75952b039fd90f5f3236f2bb2c5313d30,0.21125169453230908,autoland,3779647,13,a34e21034f2e3c317ebb3d485012938d48ad04ac,macosx1015-64-shippable-qr,True,False,,|f|i|s|s|i|o|n| |w|a|r|m| |w|e|b|r|e|n|d|e|r|,102210fe594ee9b33d82058545b1ed14f4c8206e,PerceptualSpeedIndex,google-docs,True,google-docs PerceptualSpeedIndex opt fission warm webrender,,77,ms,firefox,,1789813710,2023-11-07 20:41:36,1328601,,,,,,,,,,,,,,,,,,,,,,,,,,,,,,,,,,,,,,,,,,,,,,,,,TN
1259,7ec4b8cb61720f01749a68ec9a3e7a9d62f9edca,0.25689109805693655,autoland,3779647,13,a34e21034f2e3c317ebb3d485012938d48ad04ac,macosx1015-64-shippable-qr,True,False,,|f|i|s|s|i|o|n| |w|a|r|m| |w|e|b|r|e|n|d|e|r|,102210fe594ee9b33d82058545b1ed14f4c8206e,PerceptualSpeedIndex,google-docs,True,google-docs PerceptualSpeedIndex opt fission warm webrender,,77,ms,firefox,,1789818238,2023-11-07 20:42:28,1328602,,,,,,,,,,,,,,,,,,,,,,,,,,,,,,,,,,,,,,,,,,,,,,,,,TN
1260,0cb5b12aa2dffce0f3c4119e0e4a1bdeeb5bbd31,0.2530501581563489,autoland,3779647,13,a34e21034f2e3c317ebb3d485012938d48ad04ac,macosx1015-64-shippable-qr,True,False,,|f|i|s|s|i|o|n| |w|a|r|m| |w|e|b|r|e|n|d|e|r|,102210fe594ee9b33d82058545b1ed14f4c8206e,PerceptualSpeedIndex,google-docs,True,google-docs PerceptualSpeedIndex opt fission warm webrender,,77,ms,firefox,,1789777728,2023-11-07 20:43:20,1328605,,,,,,,,,,,,,,,,,,,,,,,,,,,,,,,,,,,,,,,,,,,,,,,,,TN
1261,146ef5c46755802d7609ece035e0115301c936bd,0.23813827383642128,autoland,3779647,13,a34e21034f2e3c317ebb3d485012938d48ad04ac,macosx1015-64-shippable-qr,True,False,,|f|i|s|s|i|o|n| |w|a|r|m| |w|e|b|r|e|n|d|e|r|,102210fe594ee9b33d82058545b1ed14f4c8206e,PerceptualSpeedIndex,google-docs,True,google-docs PerceptualSpeedIndex opt fission warm webrender,,77,ms,firefox,,1789680697,2023-11-07 23:09:36,1328770,,,,,,,,,,,,,,,,,,,,,,,,,,,,,,,,,,,,,,,,,,,,,,,,,TN
1262,bf0c12a3c9849d9076678237eb16ad1452df16bd,0.24197921373700848,autoland,3779647,13,a34e21034f2e3c317ebb3d485012938d48ad04ac,macosx1015-64-shippable-qr,True,False,,|f|i|s|s|i|o|n| |w|a|r|m| |w|e|b|r|e|n|d|e|r|,102210fe594ee9b33d82058545b1ed14f4c8206e,PerceptualSpeedIndex,google-docs,True,google-docs PerceptualSpeedIndex opt fission warm webrender,,77,ms,firefox,,1790632718,2023-11-08 00:10:31,1328803,,,,,,,,,,,,,,,,,,,,,,,,,,,,,,,,,,,,,,,,,,,,,,,,,TN
1263,36cd4787833aa50ad51341da086befe9ab591119,0.25756891098056944,autoland,3779647,13,a34e21034f2e3c317ebb3d485012938d48ad04ac,macosx1015-64-shippable-qr,True,False,,|f|i|s|s|i|o|n| |w|a|r|m| |w|e|b|r|e|n|d|e|r|,102210fe594ee9b33d82058545b1ed14f4c8206e,PerceptualSpeedIndex,google-docs,True,google-docs PerceptualSpeedIndex opt fission warm webrender,,77,ms,firefox,,1790634041,2023-11-08 00:11:37,1328804,,,,,,,,,,,,,,,,,,,,,,,,,,,,,,,,,,,,,,,,,,,,,,,,,TN
1264,54f6a0fa6c5ffe3ce0a5f981a4cdedc058256898,0.2291007681879802,autoland,3779647,13,a34e21034f2e3c317ebb3d485012938d48ad04ac,macosx1015-64-shippable-qr,True,False,,|f|i|s|s|i|o|n| |w|a|r|m| |w|e|b|r|e|n|d|e|r|,102210fe594ee9b33d82058545b1ed14f4c8206e,PerceptualSpeedIndex,google-docs,True,google-docs PerceptualSpeedIndex opt fission warm webrender,,77,ms,firefox,,1789690136,2023-11-08 00:15:37,1328812,,,,,,,,,,,,,,,,,,,,,,,,,,,,,,,,,,,,,,,,,,,,,,,,,TN
1265,68721f0d6aec0facf9c8f271ea2bb2719348014a,0.22277451423407135,autoland,3779647,13,a34e21034f2e3c317ebb3d485012938d48ad04ac,macosx1015-64-shippable-qr,True,False,,|f|i|s|s|i|o|n| |w|a|r|m| |w|e|b|r|e|n|d|e|r|,102210fe594ee9b33d82058545b1ed14f4c8206e,PerceptualSpeedIndex,google-docs,True,google-docs PerceptualSpeedIndex opt fission warm webrender,,77,ms,firefox,,1789842125,2023-11-08 05:24:12,1328912,,,,,,,,,,,,,,,,,,,,,,,,,,,,,,,,,,,,,,,,,,,,,,,,,TN
1266,578787894d0e996af4d743caf71b5501330fb2ab,0.23859014911884313,autoland,3779647,13,a34e21034f2e3c317ebb3d485012938d48ad04ac,macosx1015-64-shippable-qr,True,False,,|f|i|s|s|i|o|n| |w|a|r|m| |w|e|b|r|e|n|d|e|r|,102210fe594ee9b33d82058545b1ed14f4c8206e,PerceptualSpeedIndex,google-docs,True,google-docs PerceptualSpeedIndex opt fission warm webrender,,77,ms,firefox,,1789984210,2023-11-08 09:44:01,1328973,,,,,,,,,,,,,,,,,,,,,,,,,,,,,,,,,,,,,,,,,,,,,,,,,TN
1267,e65fca949600e3163fd1befd6423958e0bc70029,0.2598282873926796,autoland,3779647,13,a34e21034f2e3c317ebb3d485012938d48ad04ac,macosx1015-64-shippable-qr,True,False,,|f|i|s|s|i|o|n| |w|a|r|m| |w|e|b|r|e|n|d|e|r|,102210fe594ee9b33d82058545b1ed14f4c8206e,PerceptualSpeedIndex,google-docs,True,google-docs PerceptualSpeedIndex opt fission warm webrender,,77,ms,firefox,,1790000602,2023-11-08 09:46:58,1328975,,,,,,,,,,,,,,,,,,,,,,,,,,,,,,,,,,,,,,,,,,,,,,,,,TN
1268,41529cdc86384f74205666f1f5b781a95de98e58,0.21644826028016273,autoland,3779647,13,a34e21034f2e3c317ebb3d485012938d48ad04ac,macosx1015-64-shippable-qr,True,False,,|f|i|s|s|i|o|n| |w|a|r|m| |w|e|b|r|e|n|d|e|r|,102210fe594ee9b33d82058545b1ed14f4c8206e,PerceptualSpeedIndex,google-docs,True,google-docs PerceptualSpeedIndex opt fission warm webrender,,77,ms,firefox,,1790635038,2023-11-08 11:14:55,1329030,,,,,,,,,,,,,,,,,,,,,,,,,,,,,,,,,,,,,,,,,,,,,,,,,TN
1269,008d97a8a9a984bfdc4a96e3ce3340b1b4e998ce,0.22232263895164928,autoland,3779647,13,a34e21034f2e3c317ebb3d485012938d48ad04ac,macosx1015-64-shippable-qr,True,False,,|f|i|s|s|i|o|n| |w|a|r|m| |w|e|b|r|e|n|d|e|r|,102210fe594ee9b33d82058545b1ed14f4c8206e,PerceptualSpeedIndex,google-docs,True,google-docs PerceptualSpeedIndex opt fission warm webrender,,77,ms,firefox,,1790643209,2023-11-08 11:17:38,1329031,,,,,,,,,,,,,,,,,,,,,,,,,,,,,,,,,,,,,,,,,,,,,,,,,TN
1270,ae536a17c1ffbb830141240a38f81e032b6645ea,0.23520108450067778,autoland,3779647,13,a34e21034f2e3c317ebb3d485012938d48ad04ac,macosx1015-64-shippable-qr,True,False,,|f|i|s|s|i|o|n| |w|a|r|m| |w|e|b|r|e|n|d|e|r|,102210fe594ee9b33d82058545b1ed14f4c8206e,PerceptualSpeedIndex,google-docs,True,google-docs PerceptualSpeedIndex opt fission warm webrender,,77,ms,firefox,,1790089378,2023-11-08 13:41:28,1329115,,,,,,,,,,,,,,,,,,,,,,,,,,,,,,,,,,,,,,,,,,,,,,,,,TN
1271,f1fb5f0afb5896b5c30e6a9b1439a9c4de4a3db2,0.22638951649344774,autoland,3779647,13,a34e21034f2e3c317ebb3d485012938d48ad04ac,macosx1015-64-shippable-qr,True,False,,|f|i|s|s|i|o|n| |w|a|r|m| |w|e|b|r|e|n|d|e|r|,102210fe594ee9b33d82058545b1ed14f4c8206e,PerceptualSpeedIndex,google-docs,True,google-docs PerceptualSpeedIndex opt fission warm webrender,,77,ms,firefox,,1790189443,2023-11-08 17:45:21,1329261,,,,,,,,,,,,,,,,,,,,,,,,,,,,,,,,,,,,,,,,,,,,,,,,,TN
1272,9b044e3ed5981e128922152098934a6691bfcd97,0.2114776321735199,autoland,3779647,13,a34e21034f2e3c317ebb3d485012938d48ad04ac,macosx1015-64-shippable-qr,True,False,,|f|i|s|s|i|o|n| |w|a|r|m| |w|e|b|r|e|n|d|e|r|,102210fe594ee9b33d82058545b1ed14f4c8206e,PerceptualSpeedIndex,google-docs,True,google-docs PerceptualSpeedIndex opt fission warm webrender,,77,ms,firefox,,1790408544,2023-11-08 23:10:55,1329500,,,,,,,,,,,,,,,,,,,,,,,,,,,,,,,,,,,,,,,,,,,,,,,,,TN
1273,fd3f50f4dce00592f4da8f972037ced4a0c9f5be,0.21351107094441946,autoland,3779647,13,a34e21034f2e3c317ebb3d485012938d48ad04ac,macosx1015-64-shippable-qr,True,False,,|f|i|s|s|i|o|n| |w|a|r|m| |w|e|b|r|e|n|d|e|r|,102210fe594ee9b33d82058545b1ed14f4c8206e,PerceptualSpeedIndex,google-docs,True,google-docs PerceptualSpeedIndex opt fission warm webrender,,77,ms,firefox,,1790419930,2023-11-09 00:04:05,1329532,,,,,,,,,,,,,,,,,,,,,,,,,,,,,,,,,,,,,,,,,,,,,,,,,TN
1274,975206b939dc6e4f823a1a29c703dd586e4157b9,0.25643922277451425,autoland,3779647,13,a34e21034f2e3c317ebb3d485012938d48ad04ac,macosx1015-64-shippable-qr,True,False,,|f|i|s|s|i|o|n| |w|a|r|m| |w|e|b|r|e|n|d|e|r|,102210fe594ee9b33d82058545b1ed14f4c8206e,PerceptualSpeedIndex,google-docs,True,google-docs PerceptualSpeedIndex opt fission warm webrender,,77,ms,firefox,,1790599425,2023-11-09 04:14:58,1329628,,,,,,,,,,,,,,,,,,,,,,,,,,,,,,,,,,,,,,,,,,,,,,,,,TN
1275,d0c4fdebcd36de1f0361cb29103afbf36e498521,0.2641211025756891,autoland,3779647,13,a34e21034f2e3c317ebb3d485012938d48ad04ac,macosx1015-64-shippable-qr,True,False,,|f|i|s|s|i|o|n| |w|a|r|m| |w|e|b|r|e|n|d|e|r|,102210fe594ee9b33d82058545b1ed14f4c8206e,PerceptualSpeedIndex,google-docs,True,google-docs PerceptualSpeedIndex opt fission warm webrender,,77,ms,firefox,,1790752263,2023-11-09 08:18:01,1329688,,,,,,,,,,,,,,,,,,,,,,,,,,,,,,,,,,,,,,,,,,,,,,,,,TN
1276,5392006086fa6f66b9c2f5919b8c65d04cf44936,0.26389516493447807,autoland,3779647,13,a34e21034f2e3c317ebb3d485012938d48ad04ac,macosx1015-64-shippable-qr,True,False,,|f|i|s|s|i|o|n| |w|a|r|m| |w|e|b|r|e|n|d|e|r|,102210fe594ee9b33d82058545b1ed14f4c8206e,PerceptualSpeedIndex,google-docs,True,google-docs PerceptualSpeedIndex opt fission warm webrender,,77,ms,firefox,,1790767562,2023-11-09 08:32:31,1329693,,,,,,,,,,,,,,,,,,,,,,,,,,,,,,,,,,,,,,,,,,,,,,,,,TN
1277,0d25aa82c9421a1a0e1d9bf224094a9feaa083c0,0.22684139177586982,autoland,3779647,13,a34e21034f2e3c317ebb3d485012938d48ad04ac,macosx1015-64-shippable-qr,True,False,,|f|i|s|s|i|o|n| |w|a|r|m| |w|e|b|r|e|n|d|e|r|,102210fe594ee9b33d82058545b1ed14f4c8206e,PerceptualSpeedIndex,google-docs,True,google-docs PerceptualSpeedIndex opt fission warm webrender,,77,ms,firefox,,1791198775,2023-11-09 12:39:55,1329818,,,,,,,,,,,,,,,,,,,,,,,,,,,,,,,,,,,,,,,,,,,,,,,,,TN
1278,af9d30c92582a30a1e7987079e780e59aa69ab7b,0.24672390420244006,autoland,3779647,13,a34e21034f2e3c317ebb3d485012938d48ad04ac,macosx1015-64-shippable-qr,True,False,,|f|i|s|s|i|o|n| |w|a|r|m| |w|e|b|r|e|n|d|e|r|,102210fe594ee9b33d82058545b1ed14f4c8206e,PerceptualSpeedIndex,google-docs,True,google-docs PerceptualSpeedIndex opt fission warm webrender,,77,ms,firefox,,1791204906,2023-11-09 13:52:13,1329843,,,,,,,,,,,,,,,,,,,,,,,,,,,,,,,,,,,,,,,,,,,,,,,,,TN
1279,1eda7f37f458e81d7c275eb0a3e1959cdfdb5053,0.23859014911884313,autoland,3779647,13,a34e21034f2e3c317ebb3d485012938d48ad04ac,macosx1015-64-shippable-qr,True,False,,|f|i|s|s|i|o|n| |w|a|r|m| |w|e|b|r|e|n|d|e|r|,102210fe594ee9b33d82058545b1ed14f4c8206e,PerceptualSpeedIndex,google-docs,True,google-docs PerceptualSpeedIndex opt fission warm webrender,,77,ms,firefox,,1791316613,2023-11-09 18:06:54,1329987,,,,,,,,,,,,,,,,,,,,,,,,,,,,,,,,,,,,,,,,,,,,,,,,,TN
1280,938e6fc607623834483a5ab95019520814f10ee8,0.2358788974243109,autoland,3779647,13,a34e21034f2e3c317ebb3d485012938d48ad04ac,macosx1015-64-shippable-qr,True,False,,|f|i|s|s|i|o|n| |w|a|r|m| |w|e|b|r|e|n|d|e|r|,102210fe594ee9b33d82058545b1ed14f4c8206e,PerceptualSpeedIndex,google-docs,True,google-docs PerceptualSpeedIndex opt fission warm webrender,,77,ms,firefox,,1791353985,2023-11-09 18:57:17,1330029,,,,,,,,,,,,,,,,,,,,,,,,,,,,,,,,,,,,,,,,,,,,,,,,,TN
1281,d3aff5d6c69730c6f26eb54b7e24fdd203480069,0.2544057840036149,autoland,3779647,13,a34e21034f2e3c317ebb3d485012938d48ad04ac,macosx1015-64-shippable-qr,True,False,,|f|i|s|s|i|o|n| |w|a|r|m| |w|e|b|r|e|n|d|e|r|,102210fe594ee9b33d82058545b1ed14f4c8206e,PerceptualSpeedIndex,google-docs,True,google-docs PerceptualSpeedIndex opt fission warm webrender,,77,ms,firefox,,1791397726,2023-11-09 23:53:27,1330185,,,,,,,,,,,,,,,,,,,,,,,,,,,,,,,,,,,,,,,,,,,,,,,,,TN
1282,543c915fc8c6775cd665ad6ebe58df0f46e9198c,0.23045639403524643,autoland,3779647,13,a34e21034f2e3c317ebb3d485012938d48ad04ac,macosx1015-64-shippable-qr,True,False,,|f|i|s|s|i|o|n| |w|a|r|m| |w|e|b|r|e|n|d|e|r|,102210fe594ee9b33d82058545b1ed14f4c8206e,PerceptualSpeedIndex,google-docs,True,google-docs PerceptualSpeedIndex opt fission warm webrender,,77,ms,firefox,,1791415158,2023-11-10 00:18:00,1330200,,,,,,,,,,,,,,,,,,,,,,,,,,,,,,,,,,,,,,,,,,,,,,,,,TN
1283,5fcc529533b87c657e0dd95ea8cdd37f7cbac5c0,0.24491640307275198,autoland,3779647,13,a34e21034f2e3c317ebb3d485012938d48ad04ac,macosx1015-64-shippable-qr,True,False,,|f|i|s|s|i|o|n| |w|a|r|m| |w|e|b|r|e|n|d|e|r|,102210fe594ee9b33d82058545b1ed14f4c8206e,PerceptualSpeedIndex,google-docs,True,google-docs PerceptualSpeedIndex opt fission warm webrender,,77,ms,firefox,,1791573003,2023-11-10 06:00:15,1330263,,,,,,,,,,,,,,,,,,,,,,,,,,,,,,,,,,,,,,,,,,,,,,,,,TN
1284,2033848fe740a46b19d19b2689365e6d5122d399,0.23429733393583363,autoland,3779647,13,a34e21034f2e3c317ebb3d485012938d48ad04ac,macosx1015-64-shippable-qr,True,False,,|f|i|s|s|i|o|n| |w|a|r|m| |w|e|b|r|e|n|d|e|r|,102210fe594ee9b33d82058545b1ed14f4c8206e,PerceptualSpeedIndex,google-docs,True,google-docs PerceptualSpeedIndex opt fission warm webrender,,77,ms,firefox,,1791727994,2023-11-10 10:16:47,1330353,,,,,,,,,,,,,,,,,,,,,,,,,,,,,,,,,,,,,,,,,,,,,,,,,TN
1285,e2c6fa08aa82b40d8316fc19e08ea45be70e9292,0.23113420695887932,autoland,3779647,13,a34e21034f2e3c317ebb3d485012938d48ad04ac,macosx1015-64-shippable-qr,True,False,,|f|i|s|s|i|o|n| |w|a|r|m| |w|e|b|r|e|n|d|e|r|,102210fe594ee9b33d82058545b1ed14f4c8206e,PerceptualSpeedIndex,google-docs,True,google-docs PerceptualSpeedIndex opt fission warm webrender,,77,ms,firefox,,1791834863,2023-11-10 14:18:06,1330451,,,,,,,,,,,,,,,,,,,,,,,,,,,,,,,,,,,,,,,,,,,,,,,,,TN
1286,5333a7b4673f82c2a84b3bf4e2547ca4b7f058f1,0.24356077722548575,autoland,3779647,13,a34e21034f2e3c317ebb3d485012938d48ad04ac,macosx1015-64-shippable-qr,True,False,,|f|i|s|s|i|o|n| |w|a|r|m| |w|e|b|r|e|n|d|e|r|,102210fe594ee9b33d82058545b1ed14f4c8206e,PerceptualSpeedIndex,google-docs,True,google-docs PerceptualSpeedIndex opt fission warm webrender,,77,ms,firefox,,1792239455,2023-11-10 14:36:50,1330458,,,,,,,,,,,,,,,,,,,,,,,,,,,,,,,,,,,,,,,,,,,,,,,,,TN
1287,b2f6c4b727ceb6bc9b6101de6557ff283ca94816,0.2397198373248981,autoland,3779647,13,a34e21034f2e3c317ebb3d485012938d48ad04ac,macosx1015-64-shippable-qr,True,False,,|f|i|s|s|i|o|n| |w|a|r|m| |w|e|b|r|e|n|d|e|r|,102210fe594ee9b33d82058545b1ed14f4c8206e,PerceptualSpeedIndex,google-docs,True,google-docs PerceptualSpeedIndex opt fission warm webrender,,77,ms,firefox,,1792241132,2023-11-10 14:39:32,1330462,,,,,,,,,,,,,,,,,,,,,,,,,,,,,,,,,,,,,,,,,,,,,,,,,TN
1288,f90b853d9b0b112db86ff41fcce843afb13939ce,0.23068233167645724,autoland,3779647,13,a34e21034f2e3c317ebb3d485012938d48ad04ac,macosx1015-64-shippable-qr,True,False,,|f|i|s|s|i|o|n| |w|a|r|m| |w|e|b|r|e|n|d|e|r|,102210fe594ee9b33d82058545b1ed14f4c8206e,PerceptualSpeedIndex,google-docs,True,google-docs PerceptualSpeedIndex opt fission warm webrender,,77,ms,firefox,,1791842670,2023-11-10 14:48:51,1330467,,,,,,,,,,,,,,,,,,,,,,,,,,,,,,,,,,,,,,,,,,,,,,,,,TN
1289,740891aba7f0d05a95960669bd6efe7b25177226,0.22571170356981485,autoland,3779647,13,a34e21034f2e3c317ebb3d485012938d48ad04ac,macosx1015-64-shippable-qr,True,False,,|f|i|s|s|i|o|n| |w|a|r|m| |w|e|b|r|e|n|d|e|r|,102210fe594ee9b33d82058545b1ed14f4c8206e,PerceptualSpeedIndex,google-docs,True,google-docs PerceptualSpeedIndex opt fission warm webrender,,77,ms,firefox,,1792126067,2023-11-10 23:46:31,1330635,,,,,,,,,,,,,,,,,,,,,,,,,,,,,,,,,,,,,,,,,,,,,,,,,TN
1290,94bbd4bd056a20549029ecbc07c9a4b5da968789,0.2230004518752824,autoland,3779647,13,a34e21034f2e3c317ebb3d485012938d48ad04ac,macosx1015-64-shippable-qr,True,False,,|f|i|s|s|i|o|n| |w|a|r|m| |w|e|b|r|e|n|d|e|r|,102210fe594ee9b33d82058545b1ed14f4c8206e,PerceptualSpeedIndex,google-docs,True,google-docs PerceptualSpeedIndex opt fission warm webrender,,77,ms,firefox,,1792287579,2023-11-11 06:55:04,1330673,,,,,,,,,,,,,,,,,,,,,,,,,,,,,,,,,,,,,,,,,,,,,,,,,TN
1291,29fb30143955ee92cd789fd467326c47f82f7968,0.23113420695887932,autoland,3779647,13,a34e21034f2e3c317ebb3d485012938d48ad04ac,macosx1015-64-shippable-qr,True,False,,|f|i|s|s|i|o|n| |w|a|r|m| |w|e|b|r|e|n|d|e|r|,102210fe594ee9b33d82058545b1ed14f4c8206e,PerceptualSpeedIndex,google-docs,True,google-docs PerceptualSpeedIndex opt fission warm webrender,,77,ms,firefox,,1792329375,2023-11-11 08:27:10,1330680,,,,,,,,,,,,,,,,,,,,,,,,,,,,,,,,,,,,,,,,,,,,,,,,,TN
1292,81243364a707b159122b0c5ee8e682567162117c,0.25395390872119306,autoland,3779647,13,a34e21034f2e3c317ebb3d485012938d48ad04ac,macosx1015-64-shippable-qr,True,False,,|f|i|s|s|i|o|n| |w|a|r|m| |w|e|b|r|e|n|d|e|r|,102210fe594ee9b33d82058545b1ed14f4c8206e,PerceptualSpeedIndex,google-docs,True,google-docs PerceptualSpeedIndex opt fission warm webrender,,77,ms,firefox,,1792459567,2023-11-11 12:34:55,1330712,,,,,,,,,,,,,,,,,,,,,,,,,,,,,,,,,,,,,,,,,,,,,,,,,TN
1293,3c8320ef59532128e1a7589968f497f0efcabbaf,0.2469498418436511,autoland,3779647,13,a34e21034f2e3c317ebb3d485012938d48ad04ac,macosx1015-64-shippable-qr,True,False,,|f|i|s|s|i|o|n| |w|a|r|m| |w|e|b|r|e|n|d|e|r|,102210fe594ee9b33d82058545b1ed14f4c8206e,PerceptualSpeedIndex,google-docs,True,google-docs PerceptualSpeedIndex opt fission warm webrender,,77,ms,firefox,,1792716239,2023-11-11 23:06:06,1330750,,,,,,,,,,,,,,,,,,,,,,,,,,,,,,,,,,,,,,,,,,,,,,,,,TN
1294,43bee97ffb8cfcea7412fb86386ea2cb2a1b9b49,0.2501129688206054,autoland,3779647,13,a34e21034f2e3c317ebb3d485012938d48ad04ac,macosx1015-64-shippable-qr,True,False,,|f|i|s|s|i|o|n| |w|a|r|m| |w|e|b|r|e|n|d|e|r|,102210fe594ee9b33d82058545b1ed14f4c8206e,PerceptualSpeedIndex,google-docs,True,google-docs PerceptualSpeedIndex opt fission warm webrender,,77,ms,firefox,,1792786733,2023-11-12 05:45:19,1330766,,,,,,,,,,,,,,,,,,,,,,,,,,,,,,,,,,,,,,,,,,,,,,,,,TN
1295,211dc86c8f534a950af69434fa996976b566a6a0,0.2390420244012652,autoland,3779647,13,a34e21034f2e3c317ebb3d485012938d48ad04ac,macosx1015-64-shippable-qr,True,False,,|f|i|s|s|i|o|n| |w|a|r|m| |w|e|b|r|e|n|d|e|r|,102210fe594ee9b33d82058545b1ed14f4c8206e,PerceptualSpeedIndex,google-docs,True,google-docs PerceptualSpeedIndex opt fission warm webrender,,77,ms,firefox,,1793073875,2023-11-13 00:59:12,1330865,,,,,,,,,,,,,,,,,,,,,,,,,,,,,,,,,,,,,,,,,,,,,,,,,TN
1296,25308a5c7e551cda7c3cfd77836eff8610462eae,0.27112516945323106,autoland,3779647,13,a34e21034f2e3c317ebb3d485012938d48ad04ac,macosx1015-64-shippable-qr,True,False,,|f|i|s|s|i|o|n| |w|a|r|m| |w|e|b|r|e|n|d|e|r|,102210fe594ee9b33d82058545b1ed14f4c8206e,PerceptualSpeedIndex,google-docs,True,google-docs PerceptualSpeedIndex opt fission warm webrender,,77,ms,firefox,,1793208699,2023-11-13 10:08:58,1330949,,,,,,,,,,,,,,,,,,,,,,,,,,,,,,,,,,,,,,,,,,,,,,,,,TN
1297,076ac3911ce97e80547b7576a608d0faf34afa0b,0.21577044735652962,autoland,3779647,13,a34e21034f2e3c317ebb3d485012938d48ad04ac,macosx1015-64-shippable-qr,True,False,,|f|i|s|s|i|o|n| |w|a|r|m| |w|e|b|r|e|n|d|e|r|,102210fe594ee9b33d82058545b1ed14f4c8206e,PerceptualSpeedIndex,google-docs,True,google-docs PerceptualSpeedIndex opt fission warm webrender,,77,ms,firefox,,1793815312,2023-11-13 13:46:12,1331038,,,,,,,,,,,,,,,,,,,,,,,,,,,,,,,,,,,,,,,,,,,,,,,,,TN
1298,3344f9adce95adb868093dd5732c536e6d291805,0.24107546317216433,autoland,3779647,13,a34e21034f2e3c317ebb3d485012938d48ad04ac,macosx1015-64-shippable-qr,True,False,,|f|i|s|s|i|o|n| |w|a|r|m| |w|e|b|r|e|n|d|e|r|,102210fe594ee9b33d82058545b1ed14f4c8206e,PerceptualSpeedIndex,google-docs,True,google-docs PerceptualSpeedIndex opt fission warm webrender,,77,ms,firefox,,1793805732,2023-11-13 13:55:57,1331044,,,,,,,,,,,,,,,,,,,,,,,,,,,,,,,,,,,,,,,,,,,,,,,,,TN
1299,69230ff99fdf9f440bef8c61123bce26e14c86b0,0.2365567103479438,autoland,3779647,13,a34e21034f2e3c317ebb3d485012938d48ad04ac,macosx1015-64-shippable-qr,True,False,,|f|i|s|s|i|o|n| |w|a|r|m| |w|e|b|r|e|n|d|e|r|,102210fe594ee9b33d82058545b1ed14f4c8206e,PerceptualSpeedIndex,google-docs,True,google-docs PerceptualSpeedIndex opt fission warm webrender,,77,ms,firefox,,1793809481,2023-11-13 14:06:51,1331048,,,,,,,,,,,,,,,,,,,,,,,,,,,,,,,,,,,,,,,,,,,,,,,,,TN
1300,54d191b31d03235c75592d07a8c538749933a18f,0.24062358788974247,autoland,3779647,13,a34e21034f2e3c317ebb3d485012938d48ad04ac,macosx1015-64-shippable-qr,True,False,,|f|i|s|s|i|o|n| |w|a|r|m| |w|e|b|r|e|n|d|e|r|,102210fe594ee9b33d82058545b1ed14f4c8206e,PerceptualSpeedIndex,google-docs,True,google-docs PerceptualSpeedIndex opt fission warm webrender,,77,ms,firefox,,1793450476,2023-11-13 14:09:58,1331049,,,,,,,,,,,,,,,,,,,,,,,,,,,,,,,,,,,,,,,,,,,,,,,,,TN
1301,70f361f21a24a6e9fc53cb014e28172d360fa851,0.255083596927248,autoland,3779647,13,a34e21034f2e3c317ebb3d485012938d48ad04ac,macosx1015-64-shippable-qr,True,False,,|f|i|s|s|i|o|n| |w|a|r|m| |w|e|b|r|e|n|d|e|r|,102210fe594ee9b33d82058545b1ed14f4c8206e,PerceptualSpeedIndex,google-docs,True,google-docs PerceptualSpeedIndex opt fission warm webrender,,77,ms,firefox,,1793463200,2023-11-13 15:01:04,1331086,,,,,,,,,,,,,,,,,,,,,,,,,,,,,,,,,,,,,,,,,,,,,,,,,TN
1302,9850dc0fc0707517b3a304d673f219842e499cac,0.24401265250790782,autoland,3779647,13,a34e21034f2e3c317ebb3d485012938d48ad04ac,macosx1015-64-shippable-qr,True,False,,|f|i|s|s|i|o|n| |w|a|r|m| |w|e|b|r|e|n|d|e|r|,102210fe594ee9b33d82058545b1ed14f4c8206e,PerceptualSpeedIndex,google-docs,True,google-docs PerceptualSpeedIndex opt fission warm webrender,,77,ms,firefox,,1793539889,2023-11-13 18:41:52,1331218,,,,,,,,,,,,,,,,,,,,,,,,,,,,,,,,,,,,,,,,,,,,,,,,,TN
1303,9d523f46c7d8642d6601894c5166ddcd17b6388a,0.24717577948486213,autoland,3779647,13,a34e21034f2e3c317ebb3d485012938d48ad04ac,macosx1015-64-shippable-qr,True,False,,|f|i|s|s|i|o|n| |w|a|r|m| |w|e|b|r|e|n|d|e|r|,102210fe594ee9b33d82058545b1ed14f4c8206e,PerceptualSpeedIndex,google-docs,True,google-docs PerceptualSpeedIndex opt fission warm webrender,,77,ms,firefox,,1793686730,2023-11-13 22:35:59,1331378,,,,,,,,,,,,,,,,,,,,,,,,,,,,,,,,,,,,,,,,,,,,,,,,,TN
1304,2628fd55e661366941f56769829687c53da4669b,0.22955264347040205,autoland,3779647,13,a34e21034f2e3c317ebb3d485012938d48ad04ac,macosx1015-64-shippable-qr,True,False,,|f|i|s|s|i|o|n| |w|a|r|m| |w|e|b|r|e|n|d|e|r|,102210fe594ee9b33d82058545b1ed14f4c8206e,PerceptualSpeedIndex,google-docs,True,google-docs PerceptualSpeedIndex opt fission warm webrender,,77,ms,firefox,,1793785708,2023-11-14 03:20:13,1331480,,,,,,,,,,,,,,,,,,,,,,,,,,,,,,,,,,,,,,,,,,,,,,,,,TN
1305,acdcddac0b907d2e59d6d0fa1f96fff98453093a,0.21938544961590578,autoland,3779647,13,a34e21034f2e3c317ebb3d485012938d48ad04ac,macosx1015-64-shippable-qr,True,False,,|f|i|s|s|i|o|n| |w|a|r|m| |w|e|b|r|e|n|d|e|r|,102210fe594ee9b33d82058545b1ed14f4c8206e,PerceptualSpeedIndex,google-docs,True,google-docs PerceptualSpeedIndex opt fission warm webrender,,77,ms,firefox,,1793827366,2023-11-14 06:06:45,1331509,,,,,,,,,,,,,,,,,,,,,,,,,,,,,,,,,,,,,,,,,,,,,,,,,TN
1306,cb79861638fa94cb8c4df5b5e303dc4bd22f762c,0.23361952101220074,autoland,3779647,13,a34e21034f2e3c317ebb3d485012938d48ad04ac,macosx1015-64-shippable-qr,True,False,,|f|i|s|s|i|o|n| |w|a|r|m| |w|e|b|r|e|n|d|e|r|,102210fe594ee9b33d82058545b1ed14f4c8206e,PerceptualSpeedIndex,google-docs,True,google-docs PerceptualSpeedIndex opt fission warm webrender,,77,ms,firefox,,1794115462,2023-11-14 15:09:42,1331752,,,,,,,,,,,,,,,,,,,,,,,,,,,,,,,,,,,,,,,,,,,,,,,,,TN
1307,1d700517893b09ca1438b9111ea148a71e7398ae,0.2347492092182557,autoland,3779647,13,a34e21034f2e3c317ebb3d485012938d48ad04ac,macosx1015-64-shippable-qr,True,False,,|f|i|s|s|i|o|n| |w|a|r|m| |w|e|b|r|e|n|d|e|r|,102210fe594ee9b33d82058545b1ed14f4c8206e,PerceptualSpeedIndex,google-docs,True,google-docs PerceptualSpeedIndex opt fission warm webrender,,77,ms,firefox,,1794099129,2023-11-14 15:18:46,1331762,,,,,,,,,,,,,,,,,,,,,,,,,,,,,,,,,,,,,,,,,,,,,,,,,TN
1308,cee24679e2a2e085bdefdbd66106fa1a805db56d,0.23723452327157712,autoland,3779647,13,a34e21034f2e3c317ebb3d485012938d48ad04ac,macosx1015-64-shippable-qr,True,False,,|f|i|s|s|i|o|n| |w|a|r|m| |w|e|b|r|e|n|d|e|r|,102210fe594ee9b33d82058545b1ed14f4c8206e,PerceptualSpeedIndex,google-docs,True,google-docs PerceptualSpeedIndex opt fission warm webrender,,77,ms,firefox,,1794221192,2023-11-14 18:32:45,1331906,,,,,,,,,,,,,,,,,,,,,,,,,,,,,,,,,,,,,,,,,,,,,,,,,TN
1309,45f7ef4749636f24bbab519e5d4e3851950ccacc,0.24898328061455022,autoland,3779647,13,a34e21034f2e3c317ebb3d485012938d48ad04ac,macosx1015-64-shippable-qr,True,False,,|f|i|s|s|i|o|n| |w|a|r|m| |w|e|b|r|e|n|d|e|r|,102210fe594ee9b33d82058545b1ed14f4c8206e,PerceptualSpeedIndex,google-docs,True,google-docs PerceptualSpeedIndex opt fission warm webrender,,77,ms,firefox,,1794322936,2023-11-14 20:17:49,1331971,,,,,,,,,,,,,,,,,,,,,,,,,,,,,,,,,,,,,,,,,,,,,,,,,TN
1310,0083ca2f4709e599083520545d538d1ee1b8356d,0.21418888386805235,autoland,3779647,13,a34e21034f2e3c317ebb3d485012938d48ad04ac,macosx1015-64-shippable-qr,True,False,,|f|i|s|s|i|o|n| |w|a|r|m| |w|e|b|r|e|n|d|e|r|,102210fe594ee9b33d82058545b1ed14f4c8206e,PerceptualSpeedIndex,google-docs,True,google-docs PerceptualSpeedIndex opt fission warm webrender,,77,ms,firefox,,1794513357,2023-11-15 01:57:11,1332132,,,,,,,,,,,,,,,,,,,,,,,,,,,,,,,,,,,,,,,,,,,,,,,,,TN
1311,d9f2158d4d442a658bb2029948eeebd438457667,0.25146859466787164,autoland,3779647,13,a34e21034f2e3c317ebb3d485012938d48ad04ac,macosx1015-64-shippable-qr,True,False,,|f|i|s|s|i|o|n| |w|a|r|m| |w|e|b|r|e|n|d|e|r|,102210fe594ee9b33d82058545b1ed14f4c8206e,PerceptualSpeedIndex,google-docs,True,google-docs PerceptualSpeedIndex opt fission warm webrender,,77,ms,firefox,,1794519374,2023-11-15 03:02:01,1332148,,,,,,,,,,,,,,,,,,,,,,,,,,,,,,,,,,,,,,,,,,,,,,,,,TN
1312,d12a09b7c773efc37f5d0e37cc52339e25f07b6c,0.22322638951649343,autoland,3779647,13,a34e21034f2e3c317ebb3d485012938d48ad04ac,macosx1015-64-shippable-qr,True,False,,|f|i|s|s|i|o|n| |w|a|r|m| |w|e|b|r|e|n|d|e|r|,102210fe594ee9b33d82058545b1ed14f4c8206e,PerceptualSpeedIndex,google-docs,True,google-docs PerceptualSpeedIndex opt fission warm webrender,,77,ms,firefox,,1794603674,2023-11-15 07:02:46,1332195,,,,,,,,,,,,,,,,,,,,,,,,,,,,,,,,,,,,,,,,,,,,,,,,,TN
1313,571c293cedd28db6ac86fd553e2810f40e382e80,0.22254857659286054,autoland,3779647,13,a34e21034f2e3c317ebb3d485012938d48ad04ac,macosx1015-64-shippable-qr,True,False,,|f|i|s|s|i|o|n| |w|a|r|m| |w|e|b|r|e|n|d|e|r|,102210fe594ee9b33d82058545b1ed14f4c8206e,PerceptualSpeedIndex,google-docs,True,google-docs PerceptualSpeedIndex opt fission warm webrender,,77,ms,firefox,,1794709690,2023-11-15 12:47:49,1332324,,,,,,,,,,,,,,,,,,,,,,,,,,,,,,,,,,,,,,,,,,,,,,,,,TN
1314,58fc056d56521455bb36e7bd4fcce81222093c75,0.25824672390420234,autoland,3779647,13,a34e21034f2e3c317ebb3d485012938d48ad04ac,macosx1015-64-shippable-qr,True,False,,|f|i|s|s|i|o|n| |w|a|r|m| |w|e|b|r|e|n|d|e|r|,102210fe594ee9b33d82058545b1ed14f4c8206e,PerceptualSpeedIndex,google-docs,True,google-docs PerceptualSpeedIndex opt fission warm webrender,,77,ms,firefox,,1794853833,2023-11-15 15:33:52,1332438,,,,,,,,,,,,,,,,,,,,,,,,,,,,,,,,,,,,,,,,,,,,,,,,,TN
1315,497808953269f774584b606c234a60b31c92f137,0.23723452327157712,autoland,3779647,13,a34e21034f2e3c317ebb3d485012938d48ad04ac,macosx1015-64-shippable-qr,True,False,,|f|i|s|s|i|o|n| |w|a|r|m| |w|e|b|r|e|n|d|e|r|,102210fe594ee9b33d82058545b1ed14f4c8206e,PerceptualSpeedIndex,google-docs,True,google-docs PerceptualSpeedIndex opt fission warm webrender,,77,ms,firefox,,1795182484,2023-11-15 16:29:36,1332499,,,,,,,,,,,,,,,,,,,,,,,,,,,,,,,,,,,,,,,,,,,,,,,,,TN
1316,aa00d6d7589c4174ecfcf5332944aa8a8ee720c3,0.22164482602801616,autoland,3779647,13,a34e21034f2e3c317ebb3d485012938d48ad04ac,macosx1015-64-shippable-qr,True,False,,|f|i|s|s|i|o|n| |w|a|r|m| |w|e|b|r|e|n|d|e|r|,102210fe594ee9b33d82058545b1ed14f4c8206e,PerceptualSpeedIndex,google-docs,True,google-docs PerceptualSpeedIndex opt fission warm webrender,,77,ms,firefox,,1795180693,2023-11-15 16:34:55,1332507,,,,,,,,,,,,,,,,,,,,,,,,,,,,,,,,,,,,,,,,,,,,,,,,,TN
1317,a70ee84d8943b9a1eaaf0fb3a0df60a1595f5782,0.24469046543154094,autoland,3779647,13,a34e21034f2e3c317ebb3d485012938d48ad04ac,macosx1015-64-shippable-qr,True,False,,|f|i|s|s|i|o|n| |w|a|r|m| |w|e|b|r|e|n|d|e|r|,102210fe594ee9b33d82058545b1ed14f4c8206e,PerceptualSpeedIndex,google-docs,True,google-docs PerceptualSpeedIndex opt fission warm webrender,,77,ms,firefox,,1795106146,2023-11-15 16:43:35,1332515,,,,,,,,,,,,,,,,,,,,,,,,,,,,,,,,,,,,,,,,,,,,,,,,,TN
1318,eb78feb610e5d895bd63b81693cde56dd08d82df,0.23497514685946697,autoland,3779647,13,a34e21034f2e3c317ebb3d485012938d48ad04ac,macosx1015-64-shippable-qr,True,False,,|f|i|s|s|i|o|n| |w|a|r|m| |w|e|b|r|e|n|d|e|r|,102210fe594ee9b33d82058545b1ed14f4c8206e,PerceptualSpeedIndex,google-docs,True,google-docs PerceptualSpeedIndex opt fission warm webrender,,77,ms,firefox,,1795132440,2023-11-15 23:08:22,1332792,,,,,,,,,,,,,,,,,,,,,,,,,,,,,,,,,,,,,,,,,,,,,,,,,TN
1319,ffd7ebdedeacec6717a3e8904121052ebbe61fe6,0.25576140985088114,autoland,3779647,13,a34e21034f2e3c317ebb3d485012938d48ad04ac,macosx1015-64-shippable-qr,True,False,,|f|i|s|s|i|o|n| |w|a|r|m| |w|e|b|r|e|n|d|e|r|,102210fe594ee9b33d82058545b1ed14f4c8206e,PerceptualSpeedIndex,google-docs,True,google-docs PerceptualSpeedIndex opt fission warm webrender,,77,ms,firefox,,1795413749,2023-11-16 09:33:00,1332997,,,,,,,,,,,,,,,,,,,,,,,,,,,,,,,,,,,,,,,,,,,,,,,,,TN
1320,71ef91d3bf98c6475cfe762c0152d5b31588182c,0.21961138725711704,autoland,3779647,13,a34e21034f2e3c317ebb3d485012938d48ad04ac,macosx1015-64-shippable-qr,True,False,,|f|i|s|s|i|o|n| |w|a|r|m| |w|e|b|r|e|n|d|e|r|,102210fe594ee9b33d82058545b1ed14f4c8206e,PerceptualSpeedIndex,google-docs,True,google-docs PerceptualSpeedIndex opt fission warm webrender,,77,ms,firefox,,1795481923,2023-11-16 13:34:03,1333089,,,,,,,,,,,,,,,,,,,,,,,,,,,,,,,,,,,,,,,,,,,,,,,,,TN
1321,5dba86b1842a5256c2845d69a7cebd605267d535,0.21599638499774043,autoland,3779647,13,a34e21034f2e3c317ebb3d485012938d48ad04ac,macosx1015-64-shippable-qr,True,False,,|f|i|s|s|i|o|n| |w|a|r|m| |w|e|b|r|e|n|d|e|r|,102210fe594ee9b33d82058545b1ed14f4c8206e,PerceptualSpeedIndex,google-docs,True,google-docs PerceptualSpeedIndex opt fission warm webrender,,77,ms,firefox,,1795489771,2023-11-16 15:30:11,1333183,,,,,,,,,,,,,,,,,,,,,,,,,,,,,,,,,,,,,,,,,,,,,,,,,TN
1322,53b2405c0e70ae3283dbbba0d568665110f0db23,0.2250338906461815,autoland,3779647,13,a34e21034f2e3c317ebb3d485012938d48ad04ac,macosx1015-64-shippable-qr,True,False,,|f|i|s|s|i|o|n| |w|a|r|m| |w|e|b|r|e|n|d|e|r|,102210fe594ee9b33d82058545b1ed14f4c8206e,PerceptualSpeedIndex,google-docs,True,google-docs PerceptualSpeedIndex opt fission warm webrender,,77,ms,firefox,,1795561715,2023-11-16 20:27:49,1333335,,,,,,,,,,,,,,,,,,,,,,,,,,,,,,,,,,,,,,,,,,,,,,,,,TN
1323,3b45d04f6865b297c8b2548a2c24424c5e9467e9,0.2413014008133756,autoland,3779647,13,a34e21034f2e3c317ebb3d485012938d48ad04ac,macosx1015-64-shippable-qr,True,False,,|f|i|s|s|i|o|n| |w|a|r|m| |w|e|b|r|e|n|d|e|r|,102210fe594ee9b33d82058545b1ed14f4c8206e,PerceptualSpeedIndex,google-docs,True,google-docs PerceptualSpeedIndex opt fission warm webrender,,77,ms,firefox,,1795614407,2023-11-16 23:04:46,1333418,,,,,,,,,,,,,,,,,,,,,,,,,,,,,,,,,,,,,,,,,,,,,,,,,TN
1324,8a71397fb808df79e78f3023bf95b46f7cc2d2a4,0.23090826931766828,autoland,3779647,13,a34e21034f2e3c317ebb3d485012938d48ad04ac,macosx1015-64-shippable-qr,True,False,,|f|i|s|s|i|o|n| |w|a|r|m| |w|e|b|r|e|n|d|e|r|,102210fe594ee9b33d82058545b1ed14f4c8206e,PerceptualSpeedIndex,google-docs,True,google-docs PerceptualSpeedIndex opt fission warm webrender,,77,ms,firefox,,1795784054,2023-11-17 06:40:14,1333538,,,,,,,,,,,,,,,,,,,,,,,,,,,,,,,,,,,,,,,,,,,,,,,,,TN
1325,ff5810792fa57d1b0a1076b4c90b3a83ac0242ca,0.2600542250338904,autoland,3779647,13,a34e21034f2e3c317ebb3d485012938d48ad04ac,macosx1015-64-shippable-qr,True,False,,|f|i|s|s|i|o|n| |w|a|r|m| |w|e|b|r|e|n|d|e|r|,102210fe594ee9b33d82058545b1ed14f4c8206e,PerceptualSpeedIndex,google-docs,True,google-docs PerceptualSpeedIndex opt fission warm webrender,,77,ms,firefox,,1795904448,2023-11-17 10:54:07,1333644,,,,,,,,,,,,,,,,,,,,,,,,,,,,,,,,,,,,,,,,,,,,,,,,,TN
1326,f3b46286b5bad609725e65f541d6609a1bafcbce,0.3680524175327611,autoland,3779647,13,a34e21034f2e3c317ebb3d485012938d48ad04ac,macosx1015-64-shippable-qr,True,False,,|f|i|s|s|i|o|n| |w|a|r|m| |w|e|b|r|e|n|d|e|r|,102210fe594ee9b33d82058545b1ed14f4c8206e,PerceptualSpeedIndex,google-docs,True,google-docs PerceptualSpeedIndex opt fission warm webrender,,77,ms,firefox,,1796078969,2023-11-17 15:35:00,1333770,,,,,,,,,,,,,,,,,,,,,,,,,,,,,,,,,,,,,,,,,,,,,,,,,TN
1327,b3bec7a68bb8ccbb4c637b64bec4dc0c806fecb3,0.22706732941708085,autoland,3779647,13,a34e21034f2e3c317ebb3d485012938d48ad04ac,macosx1015-64-shippable-qr,True,False,,|f|i|s|s|i|o|n| |w|a|r|m| |w|e|b|r|e|n|d|e|r|,102210fe594ee9b33d82058545b1ed14f4c8206e,PerceptualSpeedIndex,google-docs,True,google-docs PerceptualSpeedIndex opt fission warm webrender,,77,ms,firefox,,1796209577,2023-11-17 21:05:40,1334007,,,,,,,,,,,,,,,,,,,,,,,,,,,,,,,,,,,,,,,,,,,,,,,,,TN
1328,391181d97b6bb5b53fe8a1186c8a1a85971812de,0.23090826931766828,autoland,3779647,13,a34e21034f2e3c317ebb3d485012938d48ad04ac,macosx1015-64-shippable-qr,True,False,,|f|i|s|s|i|o|n| |w|a|r|m| |w|e|b|r|e|n|d|e|r|,102210fe594ee9b33d82058545b1ed14f4c8206e,PerceptualSpeedIndex,google-docs,True,google-docs PerceptualSpeedIndex opt fission warm webrender,,77,ms,firefox,,1796267544,2023-11-18 01:23:43,1334085,,,,,,,,,,,,,,,,,,,,,,,,,,,,,,,,,,,,,,,,,,,,,,,,,TN
1329,2cf1b902ea75e1237bbd69eaf02c889bc2924d10,0.26683235427022134,autoland,3779647,13,a34e21034f2e3c317ebb3d485012938d48ad04ac,macosx1015-64-shippable-qr,True,False,,|f|i|s|s|i|o|n| |w|a|r|m| |w|e|b|r|e|n|d|e|r|,102210fe594ee9b33d82058545b1ed14f4c8206e,PerceptualSpeedIndex,google-docs,True,google-docs PerceptualSpeedIndex opt fission warm webrender,,77,ms,firefox,,1796439552,2023-11-18 14:15:26,1334153,,,,,,,,,,,,,,,,,,,,,,,,,,,,,,,,,,,,,,,,,,,,,,,,,TN
1330,98917be406eeca58f61d8aeaf62aa4cae5be2137,0.23723452327157712,autoland,3779647,13,a34e21034f2e3c317ebb3d485012938d48ad04ac,macosx1015-64-shippable-qr,True,False,,|f|i|s|s|i|o|n| |w|a|r|m| |w|e|b|r|e|n|d|e|r|,102210fe594ee9b33d82058545b1ed14f4c8206e,PerceptualSpeedIndex,google-docs,True,google-docs PerceptualSpeedIndex opt fission warm webrender,,77,ms,firefox,,1796556131,2023-11-19 06:03:16,1334239,,,,,,,,,,,,,,,,,,,,,,,,,,,,,,,,,,,,,,,,,,,,,,,,,TN
1331,b403bb5b1c833d29961882402a090cf08f44c190,0.23429733393583363,autoland,3779647,13,a34e21034f2e3c317ebb3d485012938d48ad04ac,macosx1015-64-shippable-qr,True,False,,|f|i|s|s|i|o|n| |w|a|r|m| |w|e|b|r|e|n|d|e|r|,102210fe594ee9b33d82058545b1ed14f4c8206e,PerceptualSpeedIndex,google-docs,True,google-docs PerceptualSpeedIndex opt fission warm webrender,,77,ms,firefox,,1796622936,2023-11-19 11:10:53,1334278,,,,,,,,,,,,,,,,,,,,,,,,,,,,,,,,,,,,,,,,,,,,,,,,,TN
1332,1044018d08bd15166ae94a05bf5299b0701f4109,0.2297785811116131,autoland,3779647,13,a34e21034f2e3c317ebb3d485012938d48ad04ac,macosx1015-64-shippable-qr,True,False,,|f|i|s|s|i|o|n| |w|a|r|m| |w|e|b|r|e|n|d|e|r|,102210fe594ee9b33d82058545b1ed14f4c8206e,PerceptualSpeedIndex,google-docs,True,google-docs PerceptualSpeedIndex opt fission warm webrender,,77,ms,firefox,,1796696432,2023-11-19 15:28:11,1334290,,,,,,,,,,,,,,,,,,,,,,,,,,,,,,,,,,,,,,,,,,,,,,,,,TN
1333,bc206f18ecb2a36a3e014e37cf5265f04eb7db7c,0.22955264347040205,autoland,3779647,13,a34e21034f2e3c317ebb3d485012938d48ad04ac,macosx1015-64-shippable-qr,True,False,,|f|i|s|s|i|o|n| |w|a|r|m| |w|e|b|r|e|n|d|e|r|,102210fe594ee9b33d82058545b1ed14f4c8206e,PerceptualSpeedIndex,google-docs,True,google-docs PerceptualSpeedIndex opt fission warm webrender,,77,ms,firefox,,1796894834,2023-11-19 15:33:21,1334291,,,,,,,,,,,,,,,,,,,,,,,,,,,,,,,,,,,,,,,,,,,,,,,,,TN
1334,73f60b8af6dadb15fb13d768baf6b4c3313d939b,0.2318120198825122,autoland,3779647,13,a34e21034f2e3c317ebb3d485012938d48ad04ac,macosx1015-64-shippable-qr,True,False,,|f|i|s|s|i|o|n| |w|a|r|m| |w|e|b|r|e|n|d|e|r|,102210fe594ee9b33d82058545b1ed14f4c8206e,PerceptualSpeedIndex,google-docs,True,google-docs PerceptualSpeedIndex opt fission warm webrender,,77,ms,firefox,,1796808252,2023-11-20 01:53:49,1334371,,,,,,,,,,,,,,,,,,,,,,,,,,,,,,,,,,,,,,,,,,,,,,,,,TN
1335,86da25fdbc81a93ed888df6b8a9f7cc128fb9b5b,0.23542702214188882,autoland,3779647,13,a34e21034f2e3c317ebb3d485012938d48ad04ac,macosx1015-64-shippable-qr,True,False,,|f|i|s|s|i|o|n| |w|a|r|m| |w|e|b|r|e|n|d|e|r|,102210fe594ee9b33d82058545b1ed14f4c8206e,PerceptualSpeedIndex,google-docs,True,google-docs PerceptualSpeedIndex opt fission warm webrender,,77,ms,firefox,,1797058530,2023-11-20 09:30:46,1334455,,,,,,,,,,,,,,,,,,,,,,,,,,,,,,,,,,,,,,,,,,,,,,,,,TN
1336,de35cb5de97565935b503eade2990b5c385c7293,0.22932670582919124,autoland,3779647,13,a34e21034f2e3c317ebb3d485012938d48ad04ac,macosx1015-64-shippable-qr,True,False,,|f|i|s|s|i|o|n| |w|a|r|m| |w|e|b|r|e|n|d|e|r|,102210fe594ee9b33d82058545b1ed14f4c8206e,PerceptualSpeedIndex,google-docs,True,google-docs PerceptualSpeedIndex opt fission warm webrender,,77,ms,firefox,,1797114213,2023-11-20 12:44:46,1334619,,,,,,,,,,,,,,,,,,,,,,,,,,,,,,,,,,,,,,,,,,,,,,,,,TN
1337,38489d98c5bcdeb3759137e96ed433b4ced7b298,0.2187076366922729,autoland,3779647,13,a34e21034f2e3c317ebb3d485012938d48ad04ac,macosx1015-64-shippable-qr,True,False,,|f|i|s|s|i|o|n| |w|a|r|m| |w|e|b|r|e|n|d|e|r|,102210fe594ee9b33d82058545b1ed14f4c8206e,PerceptualSpeedIndex,google-docs,True,google-docs PerceptualSpeedIndex opt fission warm webrender,,77,ms,firefox,,1797706071,2023-11-20 12:49:26,1334626,,,,,,,,,,,,,,,,,,,,,,,,,,,,,,,,,,,,,,,,,,,,,,,,,TN
1338,9b797f214f1999e79623b4afc161911d82bbf0b3,0.2409624943515587,autoland,3779647,13,a34e21034f2e3c317ebb3d485012938d48ad04ac,macosx1015-64-shippable-qr,True,False,,|f|i|s|s|i|o|n| |w|a|r|m| |w|e|b|r|e|n|d|e|r|,102210fe594ee9b33d82058545b1ed14f4c8206e,PerceptualSpeedIndex,google-docs,True,google-docs PerceptualSpeedIndex opt fission warm webrender,,77,ms,firefox,,1797711702,2023-11-20 12:58:48,1334633,,,,,,,,,,,,,,,,,,,,,,,,,,,,,,,,,,,,,,,,,,,,,,,,,TN
1339,9517987e19427c2900046f62ca816d243d1f1403,0.2516945323090827,autoland,3779647,13,a34e21034f2e3c317ebb3d485012938d48ad04ac,macosx1015-64-shippable-qr,True,False,,|f|i|s|s|i|o|n| |w|a|r|m| |w|e|b|r|e|n|d|e|r|,102210fe594ee9b33d82058545b1ed14f4c8206e,PerceptualSpeedIndex,google-docs,True,google-docs PerceptualSpeedIndex opt fission warm webrender,,77,ms,firefox,,1797730902,2023-11-20 13:01:35,1334636,,,,,,,,,,,,,,,,,,,,,,,,,,,,,,,,,,,,,,,,,,,,,,,,,TN
1340,f78453d754386d0000dae39e031b91b0d0c4b07f,0.23859014911884313,autoland,3779647,13,a34e21034f2e3c317ebb3d485012938d48ad04ac,macosx1015-64-shippable-qr,True,False,,|f|i|s|s|i|o|n| |w|a|r|m| |w|e|b|r|e|n|d|e|r|,102210fe594ee9b33d82058545b1ed14f4c8206e,PerceptualSpeedIndex,google-docs,True,google-docs PerceptualSpeedIndex opt fission warm webrender,,77,ms,firefox,,1797368210,2023-11-20 16:13:55,1334757,,,,,,,,,,,,,,,,,,,,,,,,,,,,,,,,,,,,,,,,,,,,,,,,,TN
1341,a2089603188c4136890163ddd71b1d4e60e1c396,0.24875734297333918,autoland,3779647,13,a34e21034f2e3c317ebb3d485012938d48ad04ac,macosx1015-64-shippable-qr,True,False,,|f|i|s|s|i|o|n| |w|a|r|m| |w|e|b|r|e|n|d|e|r|,102210fe594ee9b33d82058545b1ed14f4c8206e,PerceptualSpeedIndex,google-docs,True,google-docs PerceptualSpeedIndex opt fission warm webrender,,77,ms,firefox,,1797380547,2023-11-20 18:08:54,1334868,,,,,,,,,,,,,,,,,,,,,,,,,,,,,,,,,,,,,,,,,,,,,,,,,TN
1342,7b567ceeead73f84de62ab77b4b6c87450b347fa,0.2365567103479438,autoland,3779647,13,a34e21034f2e3c317ebb3d485012938d48ad04ac,macosx1015-64-shippable-qr,True,False,,|f|i|s|s|i|o|n| |w|a|r|m| |w|e|b|r|e|n|d|e|r|,102210fe594ee9b33d82058545b1ed14f4c8206e,PerceptualSpeedIndex,google-docs,True,google-docs PerceptualSpeedIndex opt fission warm webrender,,77,ms,firefox,,1797579669,2023-11-20 23:09:27,1335119,,,,,,,,,,,,,,,,,,,,,,,,,,,,,,,,,,,,,,,,,,,,,,,,,TN
1343,b9fe9a49496aa38ca77c335f20236610ef01a582,0.27496610935381827,autoland,3779647,13,a34e21034f2e3c317ebb3d485012938d48ad04ac,macosx1015-64-shippable-qr,True,False,,|f|i|s|s|i|o|n| |w|a|r|m| |w|e|b|r|e|n|d|e|r|,102210fe594ee9b33d82058545b1ed14f4c8206e,PerceptualSpeedIndex,google-docs,True,google-docs PerceptualSpeedIndex opt fission warm webrender,,77,ms,firefox,,1797661566,2023-11-21 01:49:39,1335206,,,,,,,,,,,,,,,,,,,,,,,,,,,,,,,,,,,,,,,,,,,,,,,,,TN
1344,fddad0a59b2d028b2147493bf9ba8cc953d9e3eb,0.2408495255309533,autoland,3779647,13,a34e21034f2e3c317ebb3d485012938d48ad04ac,macosx1015-64-shippable-qr,True,False,,|f|i|s|s|i|o|n| |w|a|r|m| |w|e|b|r|e|n|d|e|r|,102210fe594ee9b33d82058545b1ed14f4c8206e,PerceptualSpeedIndex,google-docs,True,google-docs PerceptualSpeedIndex opt fission warm webrender,,77,ms,firefox,,1797807975,2023-11-21 08:38:33,1335289,,,,,,,,,,,,,,,,,,,,,,,,,,,,,,,,,,,,,,,,,,,,,,,,,TN
1345,1ff1d467cb8d49467127613245f448026cd7df9e,0.22345232715770447,autoland,3779647,13,a34e21034f2e3c317ebb3d485012938d48ad04ac,macosx1015-64-shippable-qr,True,False,,|f|i|s|s|i|o|n| |w|a|r|m| |w|e|b|r|e|n|d|e|r|,102210fe594ee9b33d82058545b1ed14f4c8206e,PerceptualSpeedIndex,google-docs,True,google-docs PerceptualSpeedIndex opt fission warm webrender,,77,ms,firefox,,1797904191,2023-11-21 12:15:20,1335466,,,,,,,,,,,,,,,,,,,,,,,,,,,,,,,,,,,,,,,,,,,,,,,,,TN
1346,a5a183d53f8edc045639859ff059a5220516b33e,0.22458201536375966,autoland,3779647,13,a34e21034f2e3c317ebb3d485012938d48ad04ac,macosx1015-64-shippable-qr,True,False,,|f|i|s|s|i|o|n| |w|a|r|m| |w|e|b|r|e|n|d|e|r|,102210fe594ee9b33d82058545b1ed14f4c8206e,PerceptualSpeedIndex,google-docs,True,google-docs PerceptualSpeedIndex opt fission warm webrender,,77,ms,firefox,,1798375195,2023-11-21 16:44:13,1335665,,,,,,,,,,,,,,,,,,,,,,,,,,,,,,,,,,,,,,,,,,,,,,,,,TN
1347,cbc5eb28277f8e6d60fede93a822ede9eb7f01a5,0.3264798915499323,autoland,3779647,13,a34e21034f2e3c317ebb3d485012938d48ad04ac,macosx1015-64-shippable-qr,True,False,,|f|i|s|s|i|o|n| |w|a|r|m| |w|e|b|r|e|n|d|e|r|,102210fe594ee9b33d82058545b1ed14f4c8206e,PerceptualSpeedIndex,google-docs,True,google-docs PerceptualSpeedIndex opt fission warm webrender,,77,ms,firefox,,1798195890,2023-11-21 17:01:46,1335682,,,,,,,,,,,,,,,,,,,,,,,,,,,,,,,,,,,,,,,,,,,,,,,,,TN
1348,62f686461927825493253d0f82a43804b3eddf71,0.2591504744690465,autoland,3779647,13,a34e21034f2e3c317ebb3d485012938d48ad04ac,macosx1015-64-shippable-qr,True,False,,|f|i|s|s|i|o|n| |w|a|r|m| |w|e|b|r|e|n|d|e|r|,102210fe594ee9b33d82058545b1ed14f4c8206e,PerceptualSpeedIndex,google-docs,True,google-docs PerceptualSpeedIndex opt fission warm webrender,,77,ms,firefox,,1798254468,2023-11-21 21:47:24,1335911,,,,,,,,,,,,,,,,,,,,,,,,,,,,,,,,,,,,,,,,,,,,,,,,,TN
1349,ef0b50d89a7f6107932087c2c1adc2f6fd9ab06a,0.2286488929055579,autoland,3779647,13,a34e21034f2e3c317ebb3d485012938d48ad04ac,macosx1015-64-shippable-qr,True,False,,|f|i|s|s|i|o|n| |w|a|r|m| |w|e|b|r|e|n|d|e|r|,102210fe594ee9b33d82058545b1ed14f4c8206e,PerceptualSpeedIndex,google-docs,True,google-docs PerceptualSpeedIndex opt fission warm webrender,,77,ms,firefox,,1798271891,2023-11-21 21:50:11,1335914,,,,,,,,,,,,,,,,,,,,,,,,,,,,,,,,,,,,,,,,,,,,,,,,,TN
1350,f1790974c5ecfa33fe7799087c80dba8b83fb78c,0.2169001355625848,autoland,3779647,13,a34e21034f2e3c317ebb3d485012938d48ad04ac,macosx1015-64-shippable-qr,True,False,,|f|i|s|s|i|o|n| |w|a|r|m| |w|e|b|r|e|n|d|e|r|,102210fe594ee9b33d82058545b1ed14f4c8206e,PerceptualSpeedIndex,google-docs,True,google-docs PerceptualSpeedIndex opt fission warm webrender,,77,ms,firefox,,1798441510,2023-11-21 21:52:47,1335917,,,,,,,,,,,,,,,,,,,,,,,,,,,,,,,,,,,,,,,,,,,,,,,,,TN
1351,7dc6122ebd68b46a9d4320c40c86f20c2b78984a,0.21305919566199716,autoland,3779647,13,a34e21034f2e3c317ebb3d485012938d48ad04ac,macosx1015-64-shippable-qr,True,False,,|f|i|s|s|i|o|n| |w|a|r|m| |w|e|b|r|e|n|d|e|r|,102210fe594ee9b33d82058545b1ed14f4c8206e,PerceptualSpeedIndex,google-docs,True,google-docs PerceptualSpeedIndex opt fission warm webrender,,77,ms,firefox,,1798350668,2023-11-22 01:56:32,1336017,,,,,,,,,,,,,,,,,,,,,,,,,,,,,,,,,,,,,,,,,,,,,,,,,TN
1352,ed20a8b98a8f2d8593dbbbd9b5df993e3e91433f,0.24378671486669679,autoland,3779647,13,a34e21034f2e3c317ebb3d485012938d48ad04ac,macosx1015-64-shippable-qr,True,False,,|f|i|s|s|i|o|n| |w|a|r|m| |w|e|b|r|e|n|d|e|r|,102210fe594ee9b33d82058545b1ed14f4c8206e,PerceptualSpeedIndex,google-docs,True,google-docs PerceptualSpeedIndex opt fission warm webrender,,77,ms,firefox,,1798443433,2023-11-22 05:59:37,1336060,,,,,,,,,,,,,,,,,,,,,,,,,,,,,,,,,,,,,,,,,,,,,,,,,TN
1353,0222787eb3244ffb2e62210f697d039bdef46036,0.23542702214188882,autoland,3779647,13,a34e21034f2e3c317ebb3d485012938d48ad04ac,macosx1015-64-shippable-qr,True,False,,|f|i|s|s|i|o|n| |w|a|r|m| |w|e|b|r|e|n|d|e|r|,102210fe594ee9b33d82058545b1ed14f4c8206e,PerceptualSpeedIndex,google-docs,True,google-docs PerceptualSpeedIndex opt fission warm webrender,,77,ms,firefox,,1798474111,2023-11-22 07:16:13,1336076,,,,,,,,,,,,,,,,,,,,,,,,,,,,,,,,,,,,,,,,,,,,,,,,,TN
1354,b90083f581e182455cf23aaacb125b728b3ccb32,0.2218707636692272,autoland,3779647,13,a34e21034f2e3c317ebb3d485012938d48ad04ac,macosx1015-64-shippable-qr,True,False,,|f|i|s|s|i|o|n| |w|a|r|m| |w|e|b|r|e|n|d|e|r|,102210fe594ee9b33d82058545b1ed14f4c8206e,PerceptualSpeedIndex,google-docs,True,google-docs PerceptualSpeedIndex opt fission warm webrender,,77,ms,firefox,,1798742343,2023-11-22 13:00:34,1336296,,,,,,,,,,,,,,,,,,,,,,,,,,,,,,,,,,,,,,,,,,,,,,,,,TN
1355,3d393874d4d797a664c536c3da3fef33489e9287,0.20628106642566646,autoland,3779647,13,a34e21034f2e3c317ebb3d485012938d48ad04ac,macosx1015-64-shippable-qr,True,False,,|f|i|s|s|i|o|n| |w|a|r|m| |w|e|b|r|e|n|d|e|r|,102210fe594ee9b33d82058545b1ed14f4c8206e,PerceptualSpeedIndex,google-docs,True,google-docs PerceptualSpeedIndex opt fission warm webrender,,77,ms,firefox,,1799384757,2023-11-22 16:04:36,1336396,,,,,,,,,,,,,,,,,,,,,,,,,,,,,,,,,,,,,,,,,,,,,,,,,TN
1356,823341e5f5121d198fed2a8fc4d2abd6e68951d8,0.23542702214188882,autoland,3779647,13,a34e21034f2e3c317ebb3d485012938d48ad04ac,macosx1015-64-shippable-qr,True,False,,|f|i|s|s|i|o|n| |w|a|r|m| |w|e|b|r|e|n|d|e|r|,102210fe594ee9b33d82058545b1ed14f4c8206e,PerceptualSpeedIndex,google-docs,True,google-docs PerceptualSpeedIndex opt fission warm webrender,,77,ms,firefox,,1799340262,2023-11-22 16:08:48,1336398,,,,,,,,,,,,,,,,,,,,,,,,,,,,,,,,,,,,,,,,,,,,,,,,,TN
1357,f4fae08660c1f3323af7bdef3ed152a3d34bc751,0.23520108450067778,autoland,3779647,13,a34e21034f2e3c317ebb3d485012938d48ad04ac,macosx1015-64-shippable-qr,True,False,,|f|i|s|s|i|o|n| |w|a|r|m| |w|e|b|r|e|n|d|e|r|,102210fe594ee9b33d82058545b1ed14f4c8206e,PerceptualSpeedIndex,google-docs,True,google-docs PerceptualSpeedIndex opt fission warm webrender,,77,ms,firefox,,1799006944,2023-11-22 16:22:37,1336410,,,,,,,,,,,,,,,,,,,,,,,,,,,,,,,,,,,,,,,,,,,,,,,,,TN
1358,bcdbc1e5d9a7c0fea2fcdc91ab0eebe908b34ece,0.21305919566199716,autoland,3779647,13,a34e21034f2e3c317ebb3d485012938d48ad04ac,macosx1015-64-shippable-qr,True,False,,|f|i|s|s|i|o|n| |w|a|r|m| |w|e|b|r|e|n|d|e|r|,102210fe594ee9b33d82058545b1ed14f4c8206e,PerceptualSpeedIndex,google-docs,True,google-docs PerceptualSpeedIndex opt fission warm webrender,,77,ms,firefox,,1799151755,2023-11-22 19:14:54,1336555,,,,,,,,,,,,,,,,,,,,,,,,,,,,,,,,,,,,,,,,,,,,,,,,,TN
1359,417b9a914e84789562a33c0f87dffc79ab476132,0.22232263895164928,autoland,3779647,13,a34e21034f2e3c317ebb3d485012938d48ad04ac,macosx1015-64-shippable-qr,True,False,,|f|i|s|s|i|o|n| |w|a|r|m| |w|e|b|r|e|n|d|e|r|,102210fe594ee9b33d82058545b1ed14f4c8206e,PerceptualSpeedIndex,google-docs,True,google-docs PerceptualSpeedIndex opt fission warm webrender,,77,ms,firefox,,1799385007,2023-11-22 19:54:40,1336588,,,,,,,,,,,,,,,,,,,,,,,,,,,,,,,,,,,,,,,,,,,,,,,,,TN
1360,28e1518994cbbad28b51800e62abeb93ad9fbb03,0.23633077270673275,autoland,3779647,13,a34e21034f2e3c317ebb3d485012938d48ad04ac,macosx1015-64-shippable-qr,True,False,,|f|i|s|s|i|o|n| |w|a|r|m| |w|e|b|r|e|n|d|e|r|,102210fe594ee9b33d82058545b1ed14f4c8206e,PerceptualSpeedIndex,google-docs,True,google-docs PerceptualSpeedIndex opt fission warm webrender,,77,ms,firefox,,1799387956,2023-11-22 19:56:19,1336589,,,,,,,,,,,,,,,,,,,,,,,,,,,,,,,,,,,,,,,,,,,,,,,,,TN
1361,3122924cd341ff55738fd6a06d4bd708010c15e4,0.2119295074559422,autoland,3779647,13,a34e21034f2e3c317ebb3d485012938d48ad04ac,macosx1015-64-shippable-qr,True,False,,|f|i|s|s|i|o|n| |w|a|r|m| |w|e|b|r|e|n|d|e|r|,102210fe594ee9b33d82058545b1ed14f4c8206e,PerceptualSpeedIndex,google-docs,True,google-docs PerceptualSpeedIndex opt fission warm webrender,,77,ms,firefox,,1799181033,2023-11-22 23:02:09,1336681,,,,,,,,,,,,,,,,,,,,,,,,,,,,,,,,,,,,,,,,,,,,,,,,,TN
1362,ad28a3a25b2a199ffa143a0f35905438495a0931,0.2150926344328965,autoland,3779647,13,a34e21034f2e3c317ebb3d485012938d48ad04ac,macosx1015-64-shippable-qr,True,False,,|f|i|s|s|i|o|n| |w|a|r|m| |w|e|b|r|e|n|d|e|r|,102210fe594ee9b33d82058545b1ed14f4c8206e,PerceptualSpeedIndex,google-docs,True,google-docs PerceptualSpeedIndex opt fission warm webrender,,77,ms,firefox,,1800142478,2023-11-23 02:36:04,1336744,,,,,,,,,,,,,,,,,,,,,,,,,,,,,,,,,,,,,,,,,,,,,,,,,TN
1363,8366d9b1b0ca63aa3b706dd53ce23f052221c11b,0.24197921373700848,autoland,3779647,13,a34e21034f2e3c317ebb3d485012938d48ad04ac,macosx1015-64-shippable-qr,True,False,,|f|i|s|s|i|o|n| |w|a|r|m| |w|e|b|r|e|n|d|e|r|,102210fe594ee9b33d82058545b1ed14f4c8206e,PerceptualSpeedIndex,google-docs,True,google-docs PerceptualSpeedIndex opt fission warm webrender,,77,ms,firefox,,1799366023,2023-11-23 04:10:29,1336756,,,,,,,,,,,,,,,,,,,,,,,,,,,,,,,,,,,,,,,,,,,,,,,,,TN
1364,023a5c518562ad97c805915ae5addfcad59d1223,0.3328061455038409,autoland,3779647,13,a34e21034f2e3c317ebb3d485012938d48ad04ac,macosx1015-64-shippable-qr,True,False,,|f|i|s|s|i|o|n| |w|a|r|m| |w|e|b|r|e|n|d|e|r|,102210fe594ee9b33d82058545b1ed14f4c8206e,PerceptualSpeedIndex,google-docs,True,google-docs PerceptualSpeedIndex opt fission warm webrender,,77,ms,firefox,,1799492144,2023-11-23 08:19:48,1336795,,,,,,,,,,,,,,,,,,,,,,,,,,,,,,,,,,,,,,,,,,,,,,,,,TN
1365,7392664630b156e348b2a77aef6fdd70004c9b47,0.2555354722096701,autoland,3779647,13,a34e21034f2e3c317ebb3d485012938d48ad04ac,macosx1015-64-shippable-qr,True,False,,|f|i|s|s|i|o|n| |w|a|r|m| |w|e|b|r|e|n|d|e|r|,102210fe594ee9b33d82058545b1ed14f4c8206e,PerceptualSpeedIndex,google-docs,True,google-docs PerceptualSpeedIndex opt fission warm webrender,,77,ms,firefox,,1799593672,2023-11-23 10:10:14,1336839,,,,,,,,,,,,,,,,,,,,,,,,,,,,,,,,,,,,,,,,,,,,,,,,,TN
1366,ef4f4ed6516d3a46177c934be7a763ff8f2f9ac7,0.21644826028016273,autoland,3779647,13,a34e21034f2e3c317ebb3d485012938d48ad04ac,macosx1015-64-shippable-qr,True,False,,|f|i|s|s|i|o|n| |w|a|r|m| |w|e|b|r|e|n|d|e|r|,102210fe594ee9b33d82058545b1ed14f4c8206e,PerceptualSpeedIndex,google-docs,True,google-docs PerceptualSpeedIndex opt fission warm webrender,,77,ms,firefox,,1800199265,2023-11-23 14:15:32,1336997,,,,,,,,,,,,,,,,,,,,,,,,,,,,,,,,,,,,,,,,,,,,,,,,,TN
1367,82dbcd75918f0eb33795da023e71e8241f428bbe,0.2119295074559422,autoland,3779647,13,a34e21034f2e3c317ebb3d485012938d48ad04ac,macosx1015-64-shippable-qr,True,False,,|f|i|s|s|i|o|n| |w|a|r|m| |w|e|b|r|e|n|d|e|r|,102210fe594ee9b33d82058545b1ed14f4c8206e,PerceptualSpeedIndex,google-docs,True,google-docs PerceptualSpeedIndex opt fission warm webrender,,77,ms,firefox,,1800211828,2023-11-23 14:16:51,1336999,,,,,,,,,,,,,,,,,,,,,,,,,,,,,,,,,,,,,,,,,,,,,,,,,TN
1368,872aa271adfdb73a79c09de279f0001bf419850c,0.23746046091278794,autoland,3779647,13,a34e21034f2e3c317ebb3d485012938d48ad04ac,macosx1015-64-shippable-qr,True,False,,|f|i|s|s|i|o|n| |w|a|r|m| |w|e|b|r|e|n|d|e|r|,102210fe594ee9b33d82058545b1ed14f4c8206e,PerceptualSpeedIndex,google-docs,True,google-docs PerceptualSpeedIndex opt fission warm webrender,,77,ms,firefox,,1799835249,2023-11-23 15:57:23,1337066,,,,,,,,,,,,,,,,,,,,,,,,,,,,,,,,,,,,,,,,,,,,,,,,,TN
1369,40bc8612037f1efc2ea0a5ff2a12b8d8b3a86f72,0.21351107094441946,autoland,3779647,13,a34e21034f2e3c317ebb3d485012938d48ad04ac,macosx1015-64-shippable-qr,True,False,,|f|i|s|s|i|o|n| |w|a|r|m| |w|e|b|r|e|n|d|e|r|,102210fe594ee9b33d82058545b1ed14f4c8206e,PerceptualSpeedIndex,google-docs,True,google-docs PerceptualSpeedIndex opt fission warm webrender,,77,ms,firefox,,1800202471,2023-11-23 19:02:08,1337209,,,,,,,,,,,,,,,,,,,,,,,,,,,,,,,,,,,,,,,,,,,,,,,,,TN
1370,84d22a46a333ec5fdfd6664fe37443349d696922,0.2230004518752824,autoland,3779647,13,a34e21034f2e3c317ebb3d485012938d48ad04ac,macosx1015-64-shippable-qr,True,False,,|f|i|s|s|i|o|n| |w|a|r|m| |w|e|b|r|e|n|d|e|r|,102210fe594ee9b33d82058545b1ed14f4c8206e,PerceptualSpeedIndex,google-docs,True,google-docs PerceptualSpeedIndex opt fission warm webrender,,77,ms,firefox,,1800207869,2023-11-23 19:11:00,1337217,,,,,,,,,,,,,,,,,,,,,,,,,,,,,,,,,,,,,,,,,,,,,,,,,TN
1371,180501fca2278e97c30e09ab097da1cb514f5ca1,0.2413014008133756,autoland,3779647,13,a34e21034f2e3c317ebb3d485012938d48ad04ac,macosx1015-64-shippable-qr,True,False,,|f|i|s|s|i|o|n| |w|a|r|m| |w|e|b|r|e|n|d|e|r|,102210fe594ee9b33d82058545b1ed14f4c8206e,PerceptualSpeedIndex,google-docs,True,google-docs PerceptualSpeedIndex opt fission warm webrender,,77,ms,firefox,,1799975729,2023-11-23 19:58:47,1337231,,,,,,,,,,,,,,,,,,,,,,,,,,,,,,,,,,,,,,,,,,,,,,,,,TN
1372,29d489a7e05adef3300e076dd1c46d14928ddf24,0.22593764121102589,autoland,3779647,13,a34e21034f2e3c317ebb3d485012938d48ad04ac,macosx1015-64-shippable-qr,True,False,,|f|i|s|s|i|o|n| |w|a|r|m| |w|e|b|r|e|n|d|e|r|,102210fe594ee9b33d82058545b1ed14f4c8206e,PerceptualSpeedIndex,google-docs,True,google-docs PerceptualSpeedIndex opt fission warm webrender,,77,ms,firefox,,1800036497,2023-11-23 23:50:52,1337321,,,,,,,,,,,,,,,,,,,,,,,,,,,,,,,,,,,,,,,,,,,,,,,,,TN
1373,dbd1a6aef0a74dc60875a4904d9eddb5ca9afbb7,0.23023045639403517,autoland,3779647,13,a34e21034f2e3c317ebb3d485012938d48ad04ac,macosx1015-64-shippable-qr,True,False,,|f|i|s|s|i|o|n| |w|a|r|m| |w|e|b|r|e|n|d|e|r|,102210fe594ee9b33d82058545b1ed14f4c8206e,PerceptualSpeedIndex,google-docs,True,google-docs PerceptualSpeedIndex opt fission warm webrender,,77,ms,firefox,,1800215419,2023-11-24 05:36:58,1337356,,,,,,,,,,,,,,,,,,,,,,,,,,,,,,,,,,,,,,,,,,,,,,,,,TN
1374,8bec1f302a76929843c944e27b75ddcbf1f21954,0.2397198373248981,autoland,3779647,13,a34e21034f2e3c317ebb3d485012938d48ad04ac,macosx1015-64-shippable-qr,True,False,,|f|i|s|s|i|o|n| |w|a|r|m| |w|e|b|r|e|n|d|e|r|,102210fe594ee9b33d82058545b1ed14f4c8206e,PerceptualSpeedIndex,google-docs,True,google-docs PerceptualSpeedIndex opt fission warm webrender,,77,ms,firefox,,1800370743,2023-11-24 09:28:03,1337436,,,,,,,,,,,,,,,,,,,,,,,,,,,,,,,,,,,,,,,,,,,,,,,,,TN
1375,1e01aa4b558aff87267a6384c318e6963b66a0d8,0.22028920018075016,autoland,3779647,13,a34e21034f2e3c317ebb3d485012938d48ad04ac,macosx1015-64-shippable-qr,True,False,,|f|i|s|s|i|o|n| |w|a|r|m| |w|e|b|r|e|n|d|e|r|,102210fe594ee9b33d82058545b1ed14f4c8206e,PerceptualSpeedIndex,google-docs,True,google-docs PerceptualSpeedIndex opt fission warm webrender,,77,ms,firefox,,1800450756,2023-11-24 13:31:32,1337559,,,,,,,,,,,,,,,,,,,,,,,,,,,,,,,,,,,,,,,,,,,,,,,,,TN
1376,6354cfb105a6c9a46216d5c8ea95ee463892366e,0.2370085856303661,autoland,3779647,13,a34e21034f2e3c317ebb3d485012938d48ad04ac,macosx1015-64-shippable-qr,True,False,,|f|i|s|s|i|o|n| |w|a|r|m| |w|e|b|r|e|n|d|e|r|,102210fe594ee9b33d82058545b1ed14f4c8206e,PerceptualSpeedIndex,google-docs,True,google-docs PerceptualSpeedIndex opt fission warm webrender,,77,ms,firefox,,1800475003,2023-11-24 14:07:25,1337582,,,,,,,,,,,,,,,,,,,,,,,,,,,,,,,,,,,,,,,,,,,,,,,,,TN
1377,f905e9024322370d02da128ab9ea37861774f2a5,0.2096701310438318,autoland,3779647,13,a34e21034f2e3c317ebb3d485012938d48ad04ac,macosx1015-64-shippable-qr,True,False,,|f|i|s|s|i|o|n| |w|a|r|m| |w|e|b|r|e|n|d|e|r|,102210fe594ee9b33d82058545b1ed14f4c8206e,PerceptualSpeedIndex,google-docs,True,google-docs PerceptualSpeedIndex opt fission warm webrender,,77,ms,firefox,,1800755574,2023-11-24 21:51:55,1337759,,,,,,,,,,,,,,,,,,,,,,,,,,,,,,,,,,,,,,,,,,,,,,,,,TN
1378,8875acba4f482b90d60501b953fb4530b361bd8f,0.2230004518752824,autoland,3779647,13,a34e21034f2e3c317ebb3d485012938d48ad04ac,macosx1015-64-shippable-qr,True,False,,|f|i|s|s|i|o|n| |w|a|r|m| |w|e|b|r|e|n|d|e|r|,102210fe594ee9b33d82058545b1ed14f4c8206e,PerceptualSpeedIndex,google-docs,True,google-docs PerceptualSpeedIndex opt fission warm webrender,,77,ms,firefox,,1800688040,2023-11-24 21:54:25,1337760,,,,,,,,,,,,,,,,,,,,,,,,,,,,,,,,,,,,,,,,,,,,,,,,,TN
1379,a137631f73ce188671f50c5225295d64d427fec2,0.20741075463172165,autoland,3779647,13,a34e21034f2e3c317ebb3d485012938d48ad04ac,macosx1015-64-shippable-qr,True,False,,|f|i|s|s|i|o|n| |w|a|r|m| |w|e|b|r|e|n|d|e|r|,102210fe594ee9b33d82058545b1ed14f4c8206e,PerceptualSpeedIndex,google-docs,True,google-docs PerceptualSpeedIndex opt fission warm webrender,,77,ms,firefox,,1800737321,2023-11-25 04:13:26,1337799,,,,,,,,,,,,,,,,,,,,,,,,,,,,,,,,,,,,,,,,,,,,,,,,,TN
1380,860c52f225fa7410ed4a4bf3bd0eb0846483e08d,0.24672390420244006,autoland,3779647,13,a34e21034f2e3c317ebb3d485012938d48ad04ac,macosx1015-64-shippable-qr,True,False,,|f|i|s|s|i|o|n| |w|a|r|m| |w|e|b|r|e|n|d|e|r|,102210fe594ee9b33d82058545b1ed14f4c8206e,PerceptualSpeedIndex,google-docs,True,google-docs PerceptualSpeedIndex opt fission warm webrender,,77,ms,firefox,,1800835952,2023-11-25 09:26:54,1337840,,,,,,,,,,,,,,,,,,,,,,,,,,,,,,,,,,,,,,,,,,,,,,,,,TN
1381,2ff68fa9f49916065f4ebb7a74c0940bf425f396,0.2340713962946226,autoland,3779647,13,a34e21034f2e3c317ebb3d485012938d48ad04ac,macosx1015-64-shippable-qr,True,False,,|f|i|s|s|i|o|n| |w|a|r|m| |w|e|b|r|e|n|d|e|r|,102210fe594ee9b33d82058545b1ed14f4c8206e,PerceptualSpeedIndex,google-docs,True,google-docs PerceptualSpeedIndex opt fission warm webrender,,77,ms,firefox,,1800875400,2023-11-25 14:41:03,1337869,,,,,,,,,,,,,,,,,,,,,,,,,,,,,,,,,,,,,,,,,,,,,,,,,TN
1382,0cd5e7d76f8ac3e26423c36c9d06f91a310dab45,0.20379575237234526,autoland,3779647,13,a34e21034f2e3c317ebb3d485012938d48ad04ac,macosx1015-64-shippable-qr,True,False,,|f|i|s|s|i|o|n| |w|a|r|m| |w|e|b|r|e|n|d|e|r|,102210fe594ee9b33d82058545b1ed14f4c8206e,PerceptualSpeedIndex,google-docs,True,google-docs PerceptualSpeedIndex opt fission warm webrender,,77,ms,firefox,,1801007467,2023-11-26 15:57:31,1337946,,,,,,,,,,,,,,,,,,,,,,,,,,,,,,,,,,,,,,,,,,,,,,,,,TN
1383,ffaaa99c517223770b014031e25b54d585f95ef2,0.22413014008133758,autoland,3779647,13,a34e21034f2e3c317ebb3d485012938d48ad04ac,macosx1015-64-shippable-qr,True,False,,|f|i|s|s|i|o|n| |w|a|r|m| |w|e|b|r|e|n|d|e|r|,102210fe594ee9b33d82058545b1ed14f4c8206e,PerceptualSpeedIndex,google-docs,True,google-docs PerceptualSpeedIndex opt fission warm webrender,,77,ms,firefox,,1801039922,2023-11-26 18:39:37,1337950,,,,,,,,,,,,,,,,,,,,,,,,,,,,,,,,,,,,,,,,,,,,,,,,,TN
1384,edf9292c0bc9c671afa4de12648c16622e9d418c,0.21486669679168546,autoland,3779647,13,a34e21034f2e3c317ebb3d485012938d48ad04ac,macosx1015-64-shippable-qr,True,False,,|f|i|s|s|i|o|n| |w|a|r|m| |w|e|b|r|e|n|d|e|r|,102210fe594ee9b33d82058545b1ed14f4c8206e,PerceptualSpeedIndex,google-docs,True,google-docs PerceptualSpeedIndex opt fission warm webrender,,77,ms,firefox,,1801190447,2023-11-27 01:49:37,1337984,,,,,,,,,,,,,,,,,,,,,,,,,,,,,,,,,,,,,,,,,,,,,,,,,TN
1385,600b27fdf4a03735007bce03c5c2617adeeb1416,0.21351107094441946,autoland,3779647,13,a34e21034f2e3c317ebb3d485012938d48ad04ac,macosx1015-64-shippable-qr,True,False,,|f|i|s|s|i|o|n| |w|a|r|m| |w|e|b|r|e|n|d|e|r|,102210fe594ee9b33d82058545b1ed14f4c8206e,PerceptualSpeedIndex,google-docs,True,google-docs PerceptualSpeedIndex opt fission warm webrender,,77,ms,firefox,,1801909351,2023-11-27 03:19:14,1337993,,,,,,,,,,,,,,,,,,,,,,,,,,,,,,,,,,,,,,,,,,,,,,,,,TN
1386,c1a92ff5b44e8a296b847ed428ebeec04f7f8f72,0.21622232263895147,autoland,3779647,13,a34e21034f2e3c317ebb3d485012938d48ad04ac,macosx1015-64-shippable-qr,True,False,,|f|i|s|s|i|o|n| |w|a|r|m| |w|e|b|r|e|n|d|e|r|,102210fe594ee9b33d82058545b1ed14f4c8206e,PerceptualSpeedIndex,google-docs,True,google-docs PerceptualSpeedIndex opt fission warm webrender,,77,ms,firefox,,1801335466,2023-11-27 10:22:36,1338085,,,,,,,,,,,,,,,,,,,,,,,,,,,,,,,,,,,,,,,,,,,,,,,,,TN
1387,3a166ac6c074ba6311e10b4a679ed7951f8c7046,0.17962042476276552,autoland,3779647,13,a34e21034f2e3c317ebb3d485012938d48ad04ac,macosx1015-64-shippable-qr,True,False,,|f|i|s|s|i|o|n| |w|a|r|m| |w|e|b|r|e|n|d|e|r|,102210fe594ee9b33d82058545b1ed14f4c8206e,PerceptualSpeedIndex,google-docs,True,google-docs PerceptualSpeedIndex opt fission warm webrender,,77,ms,firefox,,1801887983,2023-11-27 14:03:54,1338213,,,,,,,,,,,,,,,,,,,,,,,,,,,,,,,,,,,,,,,,,,,,,,,,,TN
1388,ab3f06ef0efa62a6f988339fc477cd5c937a0f91,0.1818798011748759,autoland,3779647,13,a34e21034f2e3c317ebb3d485012938d48ad04ac,macosx1015-64-shippable-qr,True,False,,|f|i|s|s|i|o|n| |w|a|r|m| |w|e|b|r|e|n|d|e|r|,102210fe594ee9b33d82058545b1ed14f4c8206e,PerceptualSpeedIndex,google-docs,True,google-docs PerceptualSpeedIndex opt fission warm webrender,,77,ms,firefox,,1801878098,2023-11-27 14:04:48,1338214,,,,,,,,,,,,,,,,,,,,,,,,,,,,,,,,,,,,,,,,,,,,,,,,,TN
1389,9ca2bcf6799b1a5f71d2d58db26f6b6c16a90427,0.19046543154089468,autoland,3779647,13,a34e21034f2e3c317ebb3d485012938d48ad04ac,macosx1015-64-shippable-qr,True,False,,|f|i|s|s|i|o|n| |w|a|r|m| |w|e|b|r|e|n|d|e|r|,102210fe594ee9b33d82058545b1ed14f4c8206e,PerceptualSpeedIndex,google-docs,True,google-docs PerceptualSpeedIndex opt fission warm webrender,,77,ms,firefox,,1801419961,2023-11-27 14:05:43,1338215,,,,,,,,,,,,,,,,,,,,,,,,,,,,,,,,,,,,,,,,,,,,,,,,,TN
1390,019c38ef6a2fb136b3ab9b94384971863607fba4,0.20131043831902384,autoland,3779647,13,a34e21034f2e3c317ebb3d485012938d48ad04ac,macosx1015-64-shippable-qr,True,False,,|f|i|s|s|i|o|n| |w|a|r|m| |w|e|b|r|e|n|d|e|r|,102210fe594ee9b33d82058545b1ed14f4c8206e,PerceptualSpeedIndex,google-docs,True,google-docs PerceptualSpeedIndex opt fission warm webrender,,77,ms,firefox,,1801885054,2023-11-27 15:33:40,1338282,,,,,,,,,,,,,,,,,,,,,,,,,,,,,,,,,,,,,,,,,,,,,,,,,TN
1391,e98889428f47cd8a7d6f3132b25982d107cff514,0.21893357433348393,autoland,3779647,13,a34e21034f2e3c317ebb3d485012938d48ad04ac,macosx1015-64-shippable-qr,True,False,,|f|i|s|s|i|o|n| |w|a|r|m| |w|e|b|r|e|n|d|e|r|,102210fe594ee9b33d82058545b1ed14f4c8206e,PerceptualSpeedIndex,google-docs,True,google-docs PerceptualSpeedIndex opt fission warm webrender,,77,ms,firefox,,1801896643,2023-11-27 15:42:45,1338288,,,,,,,,,,,,,,,,,,,,,,,,,,,,,,,,,,,,,,,,,,,,,,,,,TN
1392,6aa54d6d7cbf1a46e62c6765c489a940322b6bca,0.3314505196565747,autoland,3779647,13,a34e21034f2e3c317ebb3d485012938d48ad04ac,macosx1015-64-shippable-qr,True,False,,|f|i|s|s|i|o|n| |w|a|r|m| |w|e|b|r|e|n|d|e|r|,102210fe594ee9b33d82058545b1ed14f4c8206e,PerceptualSpeedIndex,google-docs,True,google-docs PerceptualSpeedIndex opt fission warm webrender,,77,ms,firefox,,1801577639,2023-11-27 17:34:20,1338399,,,,,,,,,,,,,,,,,,,,,,,,,,,,,,,,,,,,,,,,,,,,,,,,,TN
1393,5be201dbf09fac369541142298547108c80b52dd,0.19475824672390418,autoland,3779647,13,a34e21034f2e3c317ebb3d485012938d48ad04ac,macosx1015-64-shippable-qr,True,False,,|f|i|s|s|i|o|n| |w|a|r|m| |w|e|b|r|e|n|d|e|r|,102210fe594ee9b33d82058545b1ed14f4c8206e,PerceptualSpeedIndex,google-docs,True,google-docs PerceptualSpeedIndex opt fission warm webrender,,77,ms,firefox,,1801679389,2023-11-27 20:49:55,1338533,,,,,,,,,,,,,,,,,,,,,,,,,,,,,,,,,,,,,,,,,,,,,,,,,TN
1394,fbcb2af38cdaecde2b2da1efc0fc49b82fa9749e,0.18007230004518737,autoland,3779647,13,a34e21034f2e3c317ebb3d485012938d48ad04ac,macosx1015-64-shippable-qr,True,False,,|f|i|s|s|i|o|n| |w|a|r|m| |w|e|b|r|e|n|d|e|r|,102210fe594ee9b33d82058545b1ed14f4c8206e,PerceptualSpeedIndex,google-docs,True,google-docs PerceptualSpeedIndex opt fission warm webrender,,77,ms,firefox,,1801901439,2023-11-28 05:10:16,1338781,,,,,,,,,,,,,,,,,,,,,,,,,,,,,,,,,,,,,,,,,,,,,,,,,TN
1395,785b3d438fe5a8cba4caf5f4a2ed7250d324096c,0.19408043380027107,autoland,3779647,13,a34e21034f2e3c317ebb3d485012938d48ad04ac,macosx1015-64-shippable-qr,True,False,,|f|i|s|s|i|o|n| |w|a|r|m| |w|e|b|r|e|n|d|e|r|,102210fe594ee9b33d82058545b1ed14f4c8206e,PerceptualSpeedIndex,google-docs,True,google-docs PerceptualSpeedIndex opt fission warm webrender,,77,ms,firefox,,1801994029,2023-11-28 08:42:21,1338855,,,,,,,,,,,,,,,,,,,,,,,,,,,,,,,,,,,,,,,,,,,,,,,,,TN
1396,1957c4453ab1dfba8b7820dbf2fe772220e6eedc,0.18052417532760967,autoland,3779647,13,a34e21034f2e3c317ebb3d485012938d48ad04ac,macosx1015-64-shippable-qr,True,False,,|f|i|s|s|i|o|n| |w|a|r|m| |w|e|b|r|e|n|d|e|r|,102210fe594ee9b33d82058545b1ed14f4c8206e,PerceptualSpeedIndex,google-docs,True,google-docs PerceptualSpeedIndex opt fission warm webrender,,77,ms,firefox,,1802140616,2023-11-28 13:17:34,1339007,,,,,,,,,,,,,,,,,,,,,,,,,,,,,,,,,,,,,,,,,,,,,,,,,TN
1397,0745c3e29ba3856c91cbae74bd41d2135137bfd0,0.1857207410754631,autoland,3779647,13,a34e21034f2e3c317ebb3d485012938d48ad04ac,macosx1015-64-shippable-qr,True,False,,|f|i|s|s|i|o|n| |w|a|r|m| |w|e|b|r|e|n|d|e|r|,102210fe594ee9b33d82058545b1ed14f4c8206e,PerceptualSpeedIndex,google-docs,True,google-docs PerceptualSpeedIndex opt fission warm webrender,,77,ms,firefox,,1802191518,2023-11-28 14:12:32,1339043,,,,,,,,,,,,,,,,,,,,,,,,,,,,,,,,,,,,,,,,,,,,,,,,,TN
1398,c1578c9d7374f0a4d2f60dd492afff5058476d7c,0.19633981021238145,autoland,3779647,13,a34e21034f2e3c317ebb3d485012938d48ad04ac,macosx1015-64-shippable-qr,True,False,,|f|i|s|s|i|o|n| |w|a|r|m| |w|e|b|r|e|n|d|e|r|,102210fe594ee9b33d82058545b1ed14f4c8206e,PerceptualSpeedIndex,google-docs,True,google-docs PerceptualSpeedIndex opt fission warm webrender,,77,ms,firefox,,1802661240,2023-11-28 16:53:43,1339126,,,,,,,,,,,,,,,,,,,,,,,,,,,,,,,,,,,,,,,,,,,,,,,,,TN
1399,811f3fca797dc74faed8ca9ae123fb8b16a88701,0.19317668323542714,autoland,3779647,13,a34e21034f2e3c317ebb3d485012938d48ad04ac,macosx1015-64-shippable-qr,True,False,,|f|i|s|s|i|o|n| |w|a|r|m| |w|e|b|r|e|n|d|e|r|,102210fe594ee9b33d82058545b1ed14f4c8206e,PerceptualSpeedIndex,google-docs,True,google-docs PerceptualSpeedIndex opt fission warm webrender,,77,ms,firefox,,1802704153,2023-11-28 16:54:57,1339130,,,,,,,,,,,,,,,,,,,,,,,,,,,,,,,,,,,,,,,,,,,,,,,,,TN
1400,691b7e1a899214d8685841da762bd2b2415fa569,0.20854044283777684,autoland,3779647,13,a34e21034f2e3c317ebb3d485012938d48ad04ac,macosx1015-64-shippable-qr,True,False,,|f|i|s|s|i|o|n| |w|a|r|m| |w|e|b|r|e|n|d|e|r|,102210fe594ee9b33d82058545b1ed14f4c8206e,PerceptualSpeedIndex,google-docs,True,google-docs PerceptualSpeedIndex opt fission warm webrender,,77,ms,firefox,,1802339402,2023-11-28 17:36:07,1339183,,,,,,,,,,,,,,,,,,,,,,,,,,,,,,,,,,,,,,,,,,,,,,,,,TN
1401,000fea3a9ed37b16c009c76e8af859a50c9234dc,0.22932670582919124,autoland,3779647,13,a34e21034f2e3c317ebb3d485012938d48ad04ac,macosx1015-64-shippable-qr,True,False,,|f|i|s|s|i|o|n| |w|a|r|m| |w|e|b|r|e|n|d|e|r|,102210fe594ee9b33d82058545b1ed14f4c8206e,PerceptualSpeedIndex,google-docs,True,google-docs PerceptualSpeedIndex opt fission warm webrender,,77,ms,firefox,,1802490883,2023-11-28 21:29:24,1339366,,,,,,,,,,,,,,,,,,,,,,,,,,,,,,,,,,,,,,,,,,,,,,,,,TN
1402,a162f6ee0eef32a68c73ddb77aa04efda3afeb7c,0.23813827383642128,autoland,3779647,13,a34e21034f2e3c317ebb3d485012938d48ad04ac,macosx1015-64-shippable-qr,True,False,,|f|i|s|s|i|o|n| |w|a|r|m| |w|e|b|r|e|n|d|e|r|,102210fe594ee9b33d82058545b1ed14f4c8206e,PerceptualSpeedIndex,google-docs,True,google-docs PerceptualSpeedIndex opt fission warm webrender,,77,ms,firefox,,1802575840,2023-11-29 01:28:26,1339520,,,,,,,,,,,,,,,,,,,,,,,,,,,,,,,,,,,,,,,,,,,,,,,,,TN
1403,b675f0a9e569a63bedb249150a2be6b3e15197f9,0.20695887934929957,autoland,3779647,13,a34e21034f2e3c317ebb3d485012938d48ad04ac,macosx1015-64-shippable-qr,True,False,,|f|i|s|s|i|o|n| |w|a|r|m| |w|e|b|r|e|n|d|e|r|,102210fe594ee9b33d82058545b1ed14f4c8206e,PerceptualSpeedIndex,google-docs,True,google-docs PerceptualSpeedIndex opt fission warm webrender,,77,ms,firefox,,1802771991,2023-11-29 06:56:45,1339623,,,,,,,,,,,,,,,,,,,,,,,,,,,,,,,,,,,,,,,,,,,,,,,,,TN
1404,66c2fb78dfe25ce9af21d0e1dd82f62dbb5da53f,0.18549480343425206,autoland,3779647,13,a34e21034f2e3c317ebb3d485012938d48ad04ac,macosx1015-64-shippable-qr,True,False,,|f|i|s|s|i|o|n| |w|a|r|m| |w|e|b|r|e|n|d|e|r|,102210fe594ee9b33d82058545b1ed14f4c8206e,PerceptualSpeedIndex,google-docs,True,google-docs PerceptualSpeedIndex opt fission warm webrender,,77,ms,firefox,,1802796132,2023-11-29 09:02:39,1339662,,,,,,,,,,,,,,,,,,,,,,,,,,,,,,,,,,,,,,,,,,,,,,,,,TN
1405,be2b109ddbb7f38c98c25b3c79c036f6f06f81fb,0.20063262539539095,autoland,3779647,13,a34e21034f2e3c317ebb3d485012938d48ad04ac,macosx1015-64-shippable-qr,True,False,,|f|i|s|s|i|o|n| |w|a|r|m| |w|e|b|r|e|n|d|e|r|,102210fe594ee9b33d82058545b1ed14f4c8206e,PerceptualSpeedIndex,google-docs,True,google-docs PerceptualSpeedIndex opt fission warm webrender,,77,ms,firefox,,1803084545,2023-11-29 13:11:23,1339776,,,,,,,,,,,,,,,,,,,,,,,,,,,,,,,,,,,,,,,,,,,,,,,,,TN
1406,74f50e5d5557c1a8977dbafaa1f73d141c2380a8,0.1985991866244916,autoland,3779647,13,a34e21034f2e3c317ebb3d485012938d48ad04ac,macosx1015-64-shippable-qr,True,False,,|f|i|s|s|i|o|n| |w|a|r|m| |w|e|b|r|e|n|d|e|r|,102210fe594ee9b33d82058545b1ed14f4c8206e,PerceptualSpeedIndex,google-docs,True,google-docs PerceptualSpeedIndex opt fission warm webrender,,77,ms,firefox,,1803556949,2023-11-29 13:16:15,1339778,,,,,,,,,,,,,,,,,,,,,,,,,,,,,,,,,,,,,,,,,,,,,,,,,TN
1407,f5a30ad398a0617b6209b0fb871a4aa1c87ed26c,0.20876638047898788,autoland,3779647,13,a34e21034f2e3c317ebb3d485012938d48ad04ac,macosx1015-64-shippable-qr,True,False,,|f|i|s|s|i|o|n| |w|a|r|m| |w|e|b|r|e|n|d|e|r|,102210fe594ee9b33d82058545b1ed14f4c8206e,PerceptualSpeedIndex,google-docs,True,google-docs PerceptualSpeedIndex opt fission warm webrender,,77,ms,firefox,,1803607490,2023-11-29 13:25:22,1339781,,,,,,,,,,,,,,,,,,,,,,,,,,,,,,,,,,,,,,,,,,,,,,,,,TN
1408,e85c84028c440fb186322761a11035030f0eb94a,0.2119295074559422,autoland,3779647,13,a34e21034f2e3c317ebb3d485012938d48ad04ac,macosx1015-64-shippable-qr,True,False,,|f|i|s|s|i|o|n| |w|a|r|m| |w|e|b|r|e|n|d|e|r|,102210fe594ee9b33d82058545b1ed14f4c8206e,PerceptualSpeedIndex,google-docs,True,google-docs PerceptualSpeedIndex opt fission warm webrender,,77,ms,firefox,,1803550341,2023-11-29 14:26:21,1339813,,,,,,,,,,,,,,,,,,,,,,,,,,,,,,,,,,,,,,,,,,,,,,,,,TN
1409,fd253d27e64ec2f0a321ef83bffbcf28392e9f88,0.21373700858563027,autoland,3779647,13,a34e21034f2e3c317ebb3d485012938d48ad04ac,macosx1015-64-shippable-qr,True,False,,|f|i|s|s|i|o|n| |w|a|r|m| |w|e|b|r|e|n|d|e|r|,102210fe594ee9b33d82058545b1ed14f4c8206e,PerceptualSpeedIndex,google-docs,True,google-docs PerceptualSpeedIndex opt fission warm webrender,,77,ms,firefox,,1803569315,2023-11-29 14:33:23,1339819,,,,,,,,,,,,,,,,,,,,,,,,,,,,,,,,,,,,,,,,,,,,,,,,,TN
1410,dd4895b622d097df1c1335545c2b0b884709db00,0.2175779484862177,autoland,3779647,13,a34e21034f2e3c317ebb3d485012938d48ad04ac,macosx1015-64-shippable-qr,True,False,,|f|i|s|s|i|o|n| |w|a|r|m| |w|e|b|r|e|n|d|e|r|,102210fe594ee9b33d82058545b1ed14f4c8206e,PerceptualSpeedIndex,google-docs,True,google-docs PerceptualSpeedIndex opt fission warm webrender,,77,ms,firefox,,1803603579,2023-11-29 14:35:24,1339824,,,,,,,,,,,,,,,,,,,,,,,,,,,,,,,,,,,,,,,,,,,,,,,,,TN
1411,4c5b2b4298575e99e99d7203ecdb33fe66c65358,0.20854044283777684,autoland,3779647,13,a34e21034f2e3c317ebb3d485012938d48ad04ac,macosx1015-64-shippable-qr,True,False,,|f|i|s|s|i|o|n| |w|a|r|m| |w|e|b|r|e|n|d|e|r|,102210fe594ee9b33d82058545b1ed14f4c8206e,PerceptualSpeedIndex,google-docs,True,google-docs PerceptualSpeedIndex opt fission warm webrender,,77,ms,firefox,,1803576368,2023-11-29 14:36:19,1339826,,,,,,,,,,,,,,,,,,,,,,,,,,,,,,,,,,,,,,,,,,,,,,,,,TN
1412,0008fcc93b9b4a6aa22e3abf1888be08024320e9,0.2144148215092634,autoland,3779647,13,a34e21034f2e3c317ebb3d485012938d48ad04ac,macosx1015-64-shippable-qr,True,False,,|f|i|s|s|i|o|n| |w|a|r|m| |w|e|b|r|e|n|d|e|r|,102210fe594ee9b33d82058545b1ed14f4c8206e,PerceptualSpeedIndex,google-docs,True,google-docs PerceptualSpeedIndex opt fission warm webrender,,77,ms,firefox,,1803277463,2023-11-29 17:15:33,1339929,,,,,,,,,,,,,,,,,,,,,,,,,,,,,,,,,,,,,,,,,,,,,,,,,TN
1413,65a0553b296ae1432e5d18c3d2d607cacbb0a35e,0.21238138273836427,autoland,3779647,13,a34e21034f2e3c317ebb3d485012938d48ad04ac,macosx1015-64-shippable-qr,True,False,,|f|i|s|s|i|o|n| |w|a|r|m| |w|e|b|r|e|n|d|e|r|,102210fe594ee9b33d82058545b1ed14f4c8206e,PerceptualSpeedIndex,google-docs,True,google-docs PerceptualSpeedIndex opt fission warm webrender,,77,ms,firefox,,1803306565,2023-11-29 22:52:27,1340166,,,,,,,,,,,,,,,,,,,,,,,,,,,,,,,,,,,,,,,,,,,,,,,,,TN
1414,4bbe309179a5869e893e8f9ed2b110ef00ccec95,0.30908269317668324,autoland,3779647,13,a34e21034f2e3c317ebb3d485012938d48ad04ac,macosx1015-64-shippable-qr,True,False,,|f|i|s|s|i|o|n| |w|a|r|m| |w|e|b|r|e|n|d|e|r|,102210fe594ee9b33d82058545b1ed14f4c8206e,PerceptualSpeedIndex,google-docs,True,google-docs PerceptualSpeedIndex opt fission warm webrender,,77,ms,firefox,,1803313130,2023-11-29 22:59:56,1340178,,,,,,,,,,,,,,,,,,,,,,,,,,,,,,,,,,,,,,,,,,,,,,,,,TN
1415,7e08f5f9cbb4e38b3579328b49609d065203415a,0.21260732037957508,autoland,3779647,13,a34e21034f2e3c317ebb3d485012938d48ad04ac,macosx1015-64-shippable-qr,True,False,,|f|i|s|s|i|o|n| |w|a|r|m| |w|e|b|r|e|n|d|e|r|,102210fe594ee9b33d82058545b1ed14f4c8206e,PerceptualSpeedIndex,google-docs,True,google-docs PerceptualSpeedIndex opt fission warm webrender,,77,ms,firefox,,1803596300,2023-11-29 23:02:37,1340181,,,,,,,,,,,,,,,,,,,,,,,,,,,,,,,,,,,,,,,,,,,,,,,,,TN
1416,48f667e357c8e6dea764cb3ad69d2bce2f1e093b,0.19385449615906003,autoland,3779647,13,a34e21034f2e3c317ebb3d485012938d48ad04ac,macosx1015-64-shippable-qr,True,False,,|f|i|s|s|i|o|n| |w|a|r|m| |w|e|b|r|e|n|d|e|r|,102210fe594ee9b33d82058545b1ed14f4c8206e,PerceptualSpeedIndex,google-docs,True,google-docs PerceptualSpeedIndex opt fission warm webrender,,77,ms,firefox,,1803562270,2023-11-29 23:03:31,1340182,,,,,,,,,,,,,,,,,,,,,,,,,,,,,,,,,,,,,,,,,,,,,,,,,TN
1417,556c8b22cbbbcc165c42b2c52ebdfd01be3cee6b,0.2519204699502937,autoland,3779647,13,a34e21034f2e3c317ebb3d485012938d48ad04ac,macosx1015-64-shippable-qr,True,False,,|f|i|s|s|i|o|n| |w|a|r|m| |w|e|b|r|e|n|d|e|r|,102210fe594ee9b33d82058545b1ed14f4c8206e,PerceptualSpeedIndex,google-docs,True,google-docs PerceptualSpeedIndex opt fission warm webrender,,77,ms,firefox,,1803536100,2023-11-30 04:33:01,1340302,,,,,,,,,,,,,,,,,,,,,,,,,,,,,,,,,,,,,,,,,,,,,,,,,TN
1418,120432262a8cb73f69c8d683b4ddec3a037cbd91,0.21418888386805235,autoland,3779647,13,a34e21034f2e3c317ebb3d485012938d48ad04ac,macosx1015-64-shippable-qr,True,False,,|f|i|s|s|i|o|n| |w|a|r|m| |w|e|b|r|e|n|d|e|r|,102210fe594ee9b33d82058545b1ed14f4c8206e,PerceptualSpeedIndex,google-docs,True,google-docs PerceptualSpeedIndex opt fission warm webrender,,77,ms,firefox,,1803950827,2023-11-30 13:07:37,1340520,,,,,,,,,,,,,,,,,,,,,,,,,,,,,,,,,,,,,,,,,,,,,,,,,TN
1419,1d1fb9d5a4974d94e8c317f226c962fd351eae27,0.210799819249887,autoland,3779647,13,a34e21034f2e3c317ebb3d485012938d48ad04ac,macosx1015-64-shippable-qr,True,False,,|f|i|s|s|i|o|n| |w|a|r|m| |w|e|b|r|e|n|d|e|r|,102210fe594ee9b33d82058545b1ed14f4c8206e,PerceptualSpeedIndex,google-docs,True,google-docs PerceptualSpeedIndex opt fission warm webrender,,77,ms,firefox,,1803972704,2023-11-30 13:51:04,1340541,,,,,,,,,,,,,,,,,,,,,,,,,,,,,,,,,,,,,,,,,,,,,,,,,TN
1420,fc19848f02cea14c4cf8e366ff394ce03a4f08d6,0.25033890646181645,autoland,3779647,13,a34e21034f2e3c317ebb3d485012938d48ad04ac,macosx1015-64-shippable-qr,True,False,,|f|i|s|s|i|o|n| |w|a|r|m| |w|e|b|r|e|n|d|e|r|,102210fe594ee9b33d82058545b1ed14f4c8206e,PerceptualSpeedIndex,google-docs,True,google-docs PerceptualSpeedIndex opt fission warm webrender,,77,ms,firefox,,1804192758,2023-11-30 16:04:41,1340656,,,,,,,,,,,,,,,,,,,,,,,,,,,,,,,,,,,,,,,,,,,,,,,,,TN
1421,cfbcbcd48790bbc8b8a901aeacef87a2bd174e5c,0.20131043831902384,autoland,3779647,13,a34e21034f2e3c317ebb3d485012938d48ad04ac,macosx1015-64-shippable-qr,True,False,,|f|i|s|s|i|o|n| |w|a|r|m| |w|e|b|r|e|n|d|e|r|,102210fe594ee9b33d82058545b1ed14f4c8206e,PerceptualSpeedIndex,google-docs,True,google-docs PerceptualSpeedIndex opt fission warm webrender,,77,ms,firefox,,1804195706,2023-11-30 16:12:44,1340664,,,,,,,,,,,,,,,,,,,,,,,,,,,,,,,,,,,,,,,,,,,,,,,,,TN
1422,3ec1ddf45e5a6562bd1d81fe4144541880bf3a24,0.2230004518752824,autoland,3779647,13,a34e21034f2e3c317ebb3d485012938d48ad04ac,macosx1015-64-shippable-qr,True,False,,|f|i|s|s|i|o|n| |w|a|r|m| |w|e|b|r|e|n|d|e|r|,102210fe594ee9b33d82058545b1ed14f4c8206e,PerceptualSpeedIndex,google-docs,True,google-docs PerceptualSpeedIndex opt fission warm webrender,,77,ms,firefox,,1804071112,2023-11-30 17:04:12,1340716,,,,,,,,,,,,,,,,,,,,,,,,,,,,,,,,,,,,,,,,,,,,,,,,,TN
1423,8dde1f563468bd246dff71c96a31d7f075ce7d56,0.21577044735652962,autoland,3779647,13,a34e21034f2e3c317ebb3d485012938d48ad04ac,macosx1015-64-shippable-qr,True,False,,|f|i|s|s|i|o|n| |w|a|r|m| |w|e|b|r|e|n|d|e|r|,102210fe594ee9b33d82058545b1ed14f4c8206e,PerceptualSpeedIndex,google-docs,True,google-docs PerceptualSpeedIndex opt fission warm webrender,,77,ms,firefox,,1804197824,2023-11-30 17:37:56,1340742,,,,,,,,,,,,,,,,,,,,,,,,,,,,,,,,,,,,,,,,,,,,,,,,,TN
1424,df0f4cc6bda107aa2615bb366ec2b7d26773e889,0.25463172164482595,autoland,3779647,13,a34e21034f2e3c317ebb3d485012938d48ad04ac,macosx1015-64-shippable-qr,True,False,,|f|i|s|s|i|o|n| |w|a|r|m| |w|e|b|r|e|n|d|e|r|,102210fe594ee9b33d82058545b1ed14f4c8206e,PerceptualSpeedIndex,google-docs,True,google-docs PerceptualSpeedIndex opt fission warm webrender,,77,ms,firefox,,1804169475,2023-11-30 17:40:15,1340743,,,,,,,,,,,,,,,,,,,,,,,,,,,,,,,,,,,,,,,,,,,,,,,,,TN
1425,620e49ab6438e8c933133e9b4eb7a11188514a70,0.3185720741075464,autoland,3779647,13,a34e21034f2e3c317ebb3d485012938d48ad04ac,macosx1015-64-shippable-qr,True,False,,|f|i|s|s|i|o|n| |w|a|r|m| |w|e|b|r|e|n|d|e|r|,102210fe594ee9b33d82058545b1ed14f4c8206e,PerceptualSpeedIndex,google-docs,True,google-docs PerceptualSpeedIndex opt fission warm webrender,,77,ms,firefox,,1804073477,2023-11-30 20:20:14,1340881,,,,,,,,,,,,,,,,,,,,,,,,,,,,,,,,,,,,,,,,,,,,,,,,,TN
1426,e6f456e40dda9f799c2fef84edc219d26631e268,0.2119295074559422,autoland,3779647,13,a34e21034f2e3c317ebb3d485012938d48ad04ac,macosx1015-64-shippable-qr,True,False,,|f|i|s|s|i|o|n| |w|a|r|m| |w|e|b|r|e|n|d|e|r|,102210fe594ee9b33d82058545b1ed14f4c8206e,PerceptualSpeedIndex,google-docs,True,google-docs PerceptualSpeedIndex opt fission warm webrender,,77,ms,firefox,,1804166900,2023-11-30 20:22:02,1340886,,,,,,,,,,,,,,,,,,,,,,,,,,,,,,,,,,,,,,,,,,,,,,,,,TN
1427,faeaf5bd4445bd6831e09956e6f78eb06629517d,0.21644826028016273,autoland,3779647,13,a34e21034f2e3c317ebb3d485012938d48ad04ac,macosx1015-64-shippable-qr,True,False,,|f|i|s|s|i|o|n| |w|a|r|m| |w|e|b|r|e|n|d|e|r|,102210fe594ee9b33d82058545b1ed14f4c8206e,PerceptualSpeedIndex,google-docs,True,google-docs PerceptualSpeedIndex opt fission warm webrender,,77,ms,firefox,,1804208561,2023-11-30 20:24:49,1340888,,,,,,,,,,,,,,,,,,,,,,,,,,,,,,,,,,,,,,,,,,,,,,,,,TN
1428,68378d2409bc693ef00f3f157ecaea7067df7edc,0.1956619972887481,autoland,3779647,13,a34e21034f2e3c317ebb3d485012938d48ad04ac,macosx1015-64-shippable-qr,True,False,,|f|i|s|s|i|o|n| |w|a|r|m| |w|e|b|r|e|n|d|e|r|,102210fe594ee9b33d82058545b1ed14f4c8206e,PerceptualSpeedIndex,google-docs,True,google-docs PerceptualSpeedIndex opt fission warm webrender,,77,ms,firefox,,1804089475,2023-11-30 22:54:04,1340995,,,,,,,,,,,,,,,,,,,,,,,,,,,,,,,,,,,,,,,,,,,,,,,,,TN
1429,a1795b069cc23fbcb93366d99b3ddfb8664f054c,0.21712607320379562,autoland,3779647,13,a34e21034f2e3c317ebb3d485012938d48ad04ac,macosx1015-64-shippable-qr,True,False,,|f|i|s|s|i|o|n| |w|a|r|m| |w|e|b|r|e|n|d|e|r|,102210fe594ee9b33d82058545b1ed14f4c8206e,PerceptualSpeedIndex,google-docs,True,google-docs PerceptualSpeedIndex opt fission warm webrender,,77,ms,firefox,,1804122051,2023-12-01 03:29:20,1341103,,,,,,,,,,,,,,,,,,,,,,,,,,,,,,,,,,,,,,,,,,,,,,,,,TN
1430,81869d55a8d7b3d1d573810ab4e99f63cbe11a8a,0.3199276999548124,autoland,3779647,13,a34e21034f2e3c317ebb3d485012938d48ad04ac,macosx1015-64-shippable-qr,True,False,,|f|i|s|s|i|o|n| |w|a|r|m| |w|e|b|r|e|n|d|e|r|,102210fe594ee9b33d82058545b1ed14f4c8206e,PerceptualSpeedIndex,google-docs,True,google-docs PerceptualSpeedIndex opt fission warm webrender,,77,ms,firefox,,1804224434,2023-12-01 07:13:54,1341156,,,,,,,,,,,,,,,,,,,,,,,,,,,,,,,,,,,,,,,,,,,,,,,,,TN
1431,7440634a33a31738fc145eeac0bb47bc73fc64a0,0.19995481247175784,autoland,3779647,13,a34e21034f2e3c317ebb3d485012938d48ad04ac,macosx1015-64-shippable-qr,True,False,,|f|i|s|s|i|o|n| |w|a|r|m| |w|e|b|r|e|n|d|e|r|,102210fe594ee9b33d82058545b1ed14f4c8206e,PerceptualSpeedIndex,google-docs,True,google-docs PerceptualSpeedIndex opt fission warm webrender,,77,ms,firefox,,1804406522,2023-12-01 11:47:02,1341285,,,,,,,,,,,,,,,,,,,,,,,,,,,,,,,,,,,,,,,,,,,,,,,,,TN
1432,22b9561cfef1c56a9940f5117d7ff6a754861629,0.2114776321735199,autoland,3779647,13,a34e21034f2e3c317ebb3d485012938d48ad04ac,macosx1015-64-shippable-qr,True,False,,|f|i|s|s|i|o|n| |w|a|r|m| |w|e|b|r|e|n|d|e|r|,102210fe594ee9b33d82058545b1ed14f4c8206e,PerceptualSpeedIndex,google-docs,True,google-docs PerceptualSpeedIndex opt fission warm webrender,,77,ms,firefox,,1804446898,2023-12-01 14:17:01,1341402,,,,,,,,,,,,,,,,,,,,,,,,,,,,,,,,,,,,,,,,,,,,,,,,,TN
1433,efe09552a4d3540f0639e50d023f74997921fa37,0.2236782647989155,autoland,3779647,13,a34e21034f2e3c317ebb3d485012938d48ad04ac,macosx1015-64-shippable-qr,True,False,,|f|i|s|s|i|o|n| |w|a|r|m| |w|e|b|r|e|n|d|e|r|,102210fe594ee9b33d82058545b1ed14f4c8206e,PerceptualSpeedIndex,google-docs,True,google-docs PerceptualSpeedIndex opt fission warm webrender,,77,ms,firefox,,1804579227,2023-12-01 17:28:20,1341534,,,,,,,,,,,,,,,,,,,,,,,,,,,,,,,,,,,,,,,,,,,,,,,,,TN
1434,395e2da83ee8013844620d77f01730af2164eafc,0.19453230908269314,autoland,3779647,13,a34e21034f2e3c317ebb3d485012938d48ad04ac,macosx1015-64-shippable-qr,True,False,,|f|i|s|s|i|o|n| |w|a|r|m| |w|e|b|r|e|n|d|e|r|,102210fe594ee9b33d82058545b1ed14f4c8206e,PerceptualSpeedIndex,google-docs,True,google-docs PerceptualSpeedIndex opt fission warm webrender,,77,ms,firefox,,1804788351,2023-12-01 19:21:29,1341607,,,,,,,,,,,,,,,,,,,,,,,,,,,,,,,,,,,,,,,,,,,,,,,,,TN
1435,79ab6b2ca205df8f3aea4a749d7f81c062b9d1cb,0.20921825576140973,autoland,3779647,13,a34e21034f2e3c317ebb3d485012938d48ad04ac,macosx1015-64-shippable-qr,True,False,,|f|i|s|s|i|o|n| |w|a|r|m| |w|e|b|r|e|n|d|e|r|,102210fe594ee9b33d82058545b1ed14f4c8206e,PerceptualSpeedIndex,google-docs,True,google-docs PerceptualSpeedIndex opt fission warm webrender,,77,ms,firefox,,1804796033,2023-12-01 19:22:33,1341609,,,,,,,,,,,,,,,,,,,,,,,,,,,,,,,,,,,,,,,,,,,,,,,,,TN
1436,97bd03fdb1bec86b388b3393aa328608da4b388d,0.210799819249887,autoland,3779647,13,a34e21034f2e3c317ebb3d485012938d48ad04ac,macosx1015-64-shippable-qr,True,False,,|f|i|s|s|i|o|n| |w|a|r|m| |w|e|b|r|e|n|d|e|r|,102210fe594ee9b33d82058545b1ed14f4c8206e,PerceptualSpeedIndex,google-docs,True,google-docs PerceptualSpeedIndex opt fission warm webrender,,77,ms,firefox,,1804777442,2023-12-01 19:31:46,1341619,,,,,,,,,,,,,,,,,,,,,,,,,,,,,,,,,,,,,,,,,,,,,,,,,TN
1437,9f4e654aca48bbf21fe893213989c7eef3cac4d7,0.21373700858563027,autoland,3779647,13,a34e21034f2e3c317ebb3d485012938d48ad04ac,macosx1015-64-shippable-qr,True,False,,|f|i|s|s|i|o|n| |w|a|r|m| |w|e|b|r|e|n|d|e|r|,102210fe594ee9b33d82058545b1ed14f4c8206e,PerceptualSpeedIndex,google-docs,True,google-docs PerceptualSpeedIndex opt fission warm webrender,,77,ms,firefox,,1804782521,2023-12-01 20:03:19,1341635,,,,,,,,,,,,,,,,,,,,,,,,,,,,,,,,,,,,,,,,,,,,,,,,,TN
1438,a5a9381a759e44485d639727614ceb2b77851c90,0.21170356981473115,autoland,3779647,13,a34e21034f2e3c317ebb3d485012938d48ad04ac,macosx1015-64-shippable-qr,True,False,,|f|i|s|s|i|o|n| |w|a|r|m| |w|e|b|r|e|n|d|e|r|,102210fe594ee9b33d82058545b1ed14f4c8206e,PerceptualSpeedIndex,google-docs,True,google-docs PerceptualSpeedIndex opt fission warm webrender,,77,ms,firefox,,1804693825,2023-12-01 20:34:55,1341661,,,,,,,,,,,,,,,,,,,,,,,,,,,,,,,,,,,,,,,,,,,,,,,,,TN
1439,31ee979a197aa22bdbd9ddf747e6adccea5b591d,0.20029371893357428,autoland,3779647,13,a34e21034f2e3c317ebb3d485012938d48ad04ac,macosx1015-64-shippable-qr,True,False,,|f|i|s|s|i|o|n| |w|a|r|m| |w|e|b|r|e|n|d|e|r|,102210fe594ee9b33d82058545b1ed14f4c8206e,PerceptualSpeedIndex,google-docs,True,google-docs PerceptualSpeedIndex opt fission warm webrender,,77,ms,firefox,,1804764627,2023-12-01 20:38:14,1341662,,,,,,,,,,,,,,,,,,,,,,,,,,,,,,,,,,,,,,,,,,,,,,,,,TN
1440,2a52041afc10652845d2b12c671546363922fbdd,0.21034794396746492,autoland,3779647,13,a34e21034f2e3c317ebb3d485012938d48ad04ac,macosx1015-64-shippable-qr,True,False,,|f|i|s|s|i|o|n| |w|a|r|m| |w|e|b|r|e|n|d|e|r|,102210fe594ee9b33d82058545b1ed14f4c8206e,PerceptualSpeedIndex,google-docs,True,google-docs PerceptualSpeedIndex opt fission warm webrender,,77,ms,firefox,,1804766687,2023-12-01 20:53:45,1341673,,,,,,,,,,,,,,,,,,,,,,,,,,,,,,,,,,,,,,,,,,,,,,,,,TN
1441,387f8657fe91f06ad2988f2381601d3f55533a9b,0.23090826931766828,autoland,3779647,13,a34e21034f2e3c317ebb3d485012938d48ad04ac,macosx1015-64-shippable-qr,True,False,,|f|i|s|s|i|o|n| |w|a|r|m| |w|e|b|r|e|n|d|e|r|,102210fe594ee9b33d82058545b1ed14f4c8206e,PerceptualSpeedIndex,google-docs,True,google-docs PerceptualSpeedIndex opt fission warm webrender,,77,ms,firefox,,1804800713,2023-12-01 23:29:44,1341770,,,,,,,,,,,,,,,,,,,,,,,,,,,,,,,,,,,,,,,,,,,,,,,,,TN
1442,b2c7644e41eb5e082bf26a7b02cf780d20bada1c,0.21938544961590578,autoland,3779647,13,a34e21034f2e3c317ebb3d485012938d48ad04ac,macosx1015-64-shippable-qr,True,False,,|f|i|s|s|i|o|n| |w|a|r|m| |w|e|b|r|e|n|d|e|r|,102210fe594ee9b33d82058545b1ed14f4c8206e,PerceptualSpeedIndex,google-docs,True,google-docs PerceptualSpeedIndex opt fission warm webrender,,77,ms,firefox,,1804803783,2023-12-01 23:35:18,1341772,,,,,,,,,,,,,,,,,,,,,,,,,,,,,,,,,,,,,,,,,,,,,,,,,TN
1443,bf4c1083cec10076ccbf07f2cfc3e18b04d0bf72,0.19498418436511522,autoland,3779647,13,a34e21034f2e3c317ebb3d485012938d48ad04ac,macosx1015-64-shippable-qr,True,False,,|f|i|s|s|i|o|n| |w|a|r|m| |w|e|b|r|e|n|d|e|r|,102210fe594ee9b33d82058545b1ed14f4c8206e,PerceptualSpeedIndex,google-docs,True,google-docs PerceptualSpeedIndex opt fission warm webrender,,77,ms,firefox,,1804724353,2023-12-02 01:52:53,1341816,,,,,,,,,,,,,,,,,,,,,,,,,,,,,,,,,,,,,,,,,,,,,,,,,TN
1444,965cddb8421900af69da86a586e617bf7dec3b56,0.22028920018075016,autoland,3779647,13,a34e21034f2e3c317ebb3d485012938d48ad04ac,macosx1015-64-shippable-qr,True,False,,|f|i|s|s|i|o|n| |w|a|r|m| |w|e|b|r|e|n|d|e|r|,102210fe594ee9b33d82058545b1ed14f4c8206e,PerceptualSpeedIndex,google-docs,True,google-docs PerceptualSpeedIndex opt fission warm webrender,,77,ms,firefox,,1804861267,2023-12-02 08:10:23,1341832,,,,,,,,,,,,,,,,,,,,,,,,,,,,,,,,,,,,,,,,,,,,,,,,,TN
1445,2d582fee4916ee442de05970cc77f7be702c22a2,0.20921825576140973,autoland,3779647,13,a34e21034f2e3c317ebb3d485012938d48ad04ac,macosx1015-64-shippable-qr,True,False,,|f|i|s|s|i|o|n| |w|a|r|m| |w|e|b|r|e|n|d|e|r|,102210fe594ee9b33d82058545b1ed14f4c8206e,PerceptualSpeedIndex,google-docs,True,google-docs PerceptualSpeedIndex opt fission warm webrender,,77,ms,firefox,,1804961728,2023-12-02 14:39:28,1341863,,,,,,,,,,,,,,,,,,,,,,,,,,,,,,,,,,,,,,,,,,,,,,,,,TN
1446,d5a2cb7b9272b5c9cdfe4a0397c570ce5f9260bf,0.22232263895164928,autoland,3779647,13,a34e21034f2e3c317ebb3d485012938d48ad04ac,macosx1015-64-shippable-qr,True,False,,|f|i|s|s|i|o|n| |w|a|r|m| |w|e|b|r|e|n|d|e|r|,102210fe594ee9b33d82058545b1ed14f4c8206e,PerceptualSpeedIndex,google-docs,True,google-docs PerceptualSpeedIndex opt fission warm webrender,,77,ms,firefox,,1805021304,2023-12-02 18:55:31,1341891,,,,,,,,,,,,,,,,,,,,,,,,,,,,,,,,,,,,,,,,,,,,,,,,,TN
1447,fe75ab906c798b6697934b3789355dceb5748966,0.20063262539539095,autoland,3779647,13,a34e21034f2e3c317ebb3d485012938d48ad04ac,macosx1015-64-shippable-qr,True,False,,|f|i|s|s|i|o|n| |w|a|r|m| |w|e|b|r|e|n|d|e|r|,102210fe594ee9b33d82058545b1ed14f4c8206e,PerceptualSpeedIndex,google-docs,True,google-docs PerceptualSpeedIndex opt fission warm webrender,,77,ms,firefox,,1805077814,2023-12-03 00:49:27,1341930,,,,,,,,,,,,,,,,,,,,,,,,,,,,,,,,,,,,,,,,,,,,,,,,,TN
1448,8e959a7ded5f111e711c06a6728f76d3bd660699,0.19475824672390418,autoland,3779647,13,a34e21034f2e3c317ebb3d485012938d48ad04ac,macosx1015-64-shippable-qr,True,False,,|f|i|s|s|i|o|n| |w|a|r|m| |w|e|b|r|e|n|d|e|r|,102210fe594ee9b33d82058545b1ed14f4c8206e,PerceptualSpeedIndex,google-docs,True,google-docs PerceptualSpeedIndex opt fission warm webrender,,77,ms,firefox,,1805122420,2023-12-03 05:05:07,1341942,,,,,,,,,,,,,,,,,,,,,,,,,,,,,,,,,,,,,,,,,,,,,,,,,TN
1449,5d84c395021682cc2af1bf5da98c205cfbc32f76,0.21418888386805235,autoland,3779647,13,a34e21034f2e3c317ebb3d485012938d48ad04ac,macosx1015-64-shippable-qr,True,False,,|f|i|s|s|i|o|n| |w|a|r|m| |w|e|b|r|e|n|d|e|r|,102210fe594ee9b33d82058545b1ed14f4c8206e,PerceptualSpeedIndex,google-docs,True,google-docs PerceptualSpeedIndex opt fission warm webrender,,77,ms,firefox,,1805237678,2023-12-03 10:45:57,1341997,,,,,,,,,,,,,,,,,,,,,,,,,,,,,,,,,,,,,,,,,,,,,,,,,TN
1450,3445cc3f842050a3cdfc4da74ce254df933f7e7b,0.20176231360144592,autoland,3779647,13,a34e21034f2e3c317ebb3d485012938d48ad04ac,macosx1015-64-shippable-qr,True,False,,|f|i|s|s|i|o|n| |w|a|r|m| |w|e|b|r|e|n|d|e|r|,102210fe594ee9b33d82058545b1ed14f4c8206e,PerceptualSpeedIndex,google-docs,True,google-docs PerceptualSpeedIndex opt fission warm webrender,,77,ms,firefox,,1805251680,2023-12-03 12:21:22,1342011,,,,,,,,,,,,,,,,,,,,,,,,,,,,,,,,,,,,,,,,,,,,,,,,,TN
1451,8038f0b90bbd46dcb74eaaddf1fd1c6871dc4426,0.2591504744690465,autoland,3779647,13,a34e21034f2e3c317ebb3d485012938d48ad04ac,macosx1015-64-shippable-qr,True,False,,|f|i|s|s|i|o|n| |w|a|r|m| |w|e|b|r|e|n|d|e|r|,102210fe594ee9b33d82058545b1ed14f4c8206e,PerceptualSpeedIndex,google-docs,True,google-docs PerceptualSpeedIndex opt fission warm webrender,,77,ms,firefox,,1805308633,2023-12-03 18:05:44,1342033,,,,,,,,,,,,,,,,,,,,,,,,,,,,,,,,,,,,,,,,,,,,,,,,,TN
1452,369922cc5c4efad6c87b13600325eb5a989cde81,0.200858563036602,autoland,3779647,13,a34e21034f2e3c317ebb3d485012938d48ad04ac,macosx1015-64-shippable-qr,True,False,,|f|i|s|s|i|o|n| |w|a|r|m| |w|e|b|r|e|n|d|e|r|,102210fe594ee9b33d82058545b1ed14f4c8206e,PerceptualSpeedIndex,google-docs,True,google-docs PerceptualSpeedIndex opt fission warm webrender,,77,ms,firefox,,1805408350,2023-12-04 01:54:51,1342108,,,,,,,,,,,,,,,,,,,,,,,,,,,,,,,,,,,,,,,,,,,,,,,,,TN
1453,223106736a61f5cc112b0cc9d38ab1f63e034f89,0.220741075463172,autoland,3779647,13,a34e21034f2e3c317ebb3d485012938d48ad04ac,macosx1015-64-shippable-qr,True,False,,|f|i|s|s|i|o|n| |w|a|r|m| |w|e|b|r|e|n|d|e|r|,102210fe594ee9b33d82058545b1ed14f4c8206e,PerceptualSpeedIndex,google-docs,True,google-docs PerceptualSpeedIndex opt fission warm webrender,,77,ms,firefox,,1805705221,2023-12-04 11:05:28,1342238,,,,,,,,,,,,,,,,,,,,,,,,,,,,,,,,,,,,,,,,,,,,,,,,,TN
1454,20b709d0fa5633c408dd900f830b09af96c0465d,0.22638951649344774,autoland,3779647,13,a34e21034f2e3c317ebb3d485012938d48ad04ac,macosx1015-64-shippable-qr,True,False,,|f|i|s|s|i|o|n| |w|a|r|m| |w|e|b|r|e|n|d|e|r|,102210fe594ee9b33d82058545b1ed14f4c8206e,PerceptualSpeedIndex,google-docs,True,google-docs PerceptualSpeedIndex opt fission warm webrender,,77,ms,firefox,,1805716374,2023-12-04 11:06:23,1342240,,,,,,,,,,,,,,,,,,,,,,,,,,,,,,,,,,,,,,,,,,,,,,,,,TN
1455,97f759dedbc9028323bba1817bba400e8c09e9de,0.20379575237234526,autoland,3779647,13,a34e21034f2e3c317ebb3d485012938d48ad04ac,macosx1015-64-shippable-qr,True,False,,|f|i|s|s|i|o|n| |w|a|r|m| |w|e|b|r|e|n|d|e|r|,102210fe594ee9b33d82058545b1ed14f4c8206e,PerceptualSpeedIndex,google-docs,True,google-docs PerceptualSpeedIndex opt fission warm webrender,,77,ms,firefox,,1806207653,2023-12-04 13:16:38,1342301,,,,,,,,,,,,,,,,,,,,,,,,,,,,,,,,,,,,,,,,,,,,,,,,,TN
1456,4f1343fb977425ae4f66a42bd000c5fe434b9902,0.210799819249887,autoland,3779647,13,a34e21034f2e3c317ebb3d485012938d48ad04ac,macosx1015-64-shippable-qr,True,False,,|f|i|s|s|i|o|n| |w|a|r|m| |w|e|b|r|e|n|d|e|r|,102210fe594ee9b33d82058545b1ed14f4c8206e,PerceptualSpeedIndex,google-docs,True,google-docs PerceptualSpeedIndex opt fission warm webrender,,77,ms,firefox,,1806210472,2023-12-04 13:59:28,1342330,,,,,,,,,,,,,,,,,,,,,,,,,,,,,,,,,,,,,,,,,,,,,,,,,TN
1457,c937411c15e54bfe69abb088c2721fec07a2d5a4,0.19521012200632626,autoland,3779647,13,a34e21034f2e3c317ebb3d485012938d48ad04ac,macosx1015-64-shippable-qr,True,False,,|f|i|s|s|i|o|n| |w|a|r|m| |w|e|b|r|e|n|d|e|r|,102210fe594ee9b33d82058545b1ed14f4c8206e,PerceptualSpeedIndex,google-docs,True,google-docs PerceptualSpeedIndex opt fission warm webrender,,77,ms,firefox,,1806229961,2023-12-04 14:24:03,1342356,,,,,,,,,,,,,,,,,,,,,,,,,,,,,,,,,,,,,,,,,,,,,,,,,TN
1458,1512f0acb58b18405278e4c90a67e3007f15f786,0.20311793944871215,autoland,3779647,13,a34e21034f2e3c317ebb3d485012938d48ad04ac,macosx1015-64-shippable-qr,True,False,,|f|i|s|s|i|o|n| |w|a|r|m| |w|e|b|r|e|n|d|e|r|,102210fe594ee9b33d82058545b1ed14f4c8206e,PerceptualSpeedIndex,google-docs,True,google-docs PerceptualSpeedIndex opt fission warm webrender,,77,ms,firefox,,1806197295,2023-12-04 14:29:26,1342361,,,,,,,,,,,,,,,,,,,,,,,,,,,,,,,,,,,,,,,,,,,,,,,,,TN
1459,38094e01a744c421fe469d9a01cbfe12a1ee949b,0.2340713962946226,autoland,3779647,13,a34e21034f2e3c317ebb3d485012938d48ad04ac,macosx1015-64-shippable-qr,True,False,,|f|i|s|s|i|o|n| |w|a|r|m| |w|e|b|r|e|n|d|e|r|,102210fe594ee9b33d82058545b1ed14f4c8206e,PerceptualSpeedIndex,google-docs,True,google-docs PerceptualSpeedIndex opt fission warm webrender,,77,ms,firefox,,1805883201,2023-12-04 14:54:31,1342377,,,,,,,,,,,,,,,,,,,,,,,,,,,,,,,,,,,,,,,,,,,,,,,,,TN
1460,72ca57fdc9feb1e9765ce2cc4f26b6b60135122f,0.23429733393583363,autoland,3779647,13,a34e21034f2e3c317ebb3d485012938d48ad04ac,macosx1015-64-shippable-qr,True,False,,|f|i|s|s|i|o|n| |w|a|r|m| |w|e|b|r|e|n|d|e|r|,102210fe594ee9b33d82058545b1ed14f4c8206e,PerceptualSpeedIndex,google-docs,True,google-docs PerceptualSpeedIndex opt fission warm webrender,,77,ms,firefox,,1806104779,2023-12-04 19:05:48,1342587,,,,,,,,,,,,,,,,,,,,,,,,,,,,,,,,,,,,,,,,,,,,,,,,,TN
1461,0c227981163d450244f71254541e9183ba118aef,0.2032083145051966,autoland,3779647,13,a34e21034f2e3c317ebb3d485012938d48ad04ac,macosx1015-64-shippable-qr,True,False,,|f|i|s|s|i|o|n| |w|a|r|m| |w|e|b|r|e|n|d|e|r|,102210fe594ee9b33d82058545b1ed14f4c8206e,PerceptualSpeedIndex,google-docs,True,google-docs PerceptualSpeedIndex opt fission warm webrender,,77,ms,firefox,,1808741092,2023-12-05 01:58:45,1342886,,,,,,,,,,,,,,,,,,,,,,,,,,,,,,,,,,,,,,,,,,,,,,,,,TN
1462,67a13ae811a8202459789c09ca6ca803aa481993,0.21134206958879354,autoland,3779647,13,a34e21034f2e3c317ebb3d485012938d48ad04ac,macosx1015-64-shippable-qr,True,False,,|f|i|s|s|i|o|n| |w|a|r|m| |w|e|b|r|e|n|d|e|r|,102210fe594ee9b33d82058545b1ed14f4c8206e,PerceptualSpeedIndex,google-docs,True,google-docs PerceptualSpeedIndex opt fission warm webrender,,77,ms,firefox,,1808741115,2023-12-05 01:59:46,1342887,,,,,,,,,,,,,,,,,,,,,,,,,,,,,,,,,,,,,,,,,,,,,,,,,TN
1463,39486bb8305a2e3128c6ecd97d33378744922507,0.21507004066877533,autoland,3779647,13,a34e21034f2e3c317ebb3d485012938d48ad04ac,macosx1015-64-shippable-qr,True,False,,|f|i|s|s|i|o|n| |w|a|r|m| |w|e|b|r|e|n|d|e|r|,102210fe594ee9b33d82058545b1ed14f4c8206e,PerceptualSpeedIndex,google-docs,True,google-docs PerceptualSpeedIndex opt fission warm webrender,,77,ms,firefox,,1806145851,2023-12-05 02:36:15,1342897,,,,,,,,,,,,,,,,,,,,,,,,,,,,,,,,,,,,,,,,,,,,,,,,,TN
1464,775ade8b04da775ad41d5d135baae415863a874c,0.256213285133303,autoland,3779647,13,a34e21034f2e3c317ebb3d485012938d48ad04ac,macosx1015-64-shippable-qr,True,False,,|f|i|s|s|i|o|n| |w|a|r|m| |w|e|b|r|e|n|d|e|r|,102210fe594ee9b33d82058545b1ed14f4c8206e,PerceptualSpeedIndex,google-docs,True,google-docs PerceptualSpeedIndex opt fission warm webrender,,77,ms,firefox,,1806201721,2023-12-05 03:50:36,1342908,,,,,,,,,,,,,,,,,,,,,,,,,,,,,,,,,,,,,,,,,,,,,,,,,TN
1465,b9cd971855a19ad786cae3811ba00e5aaaf4471b,0.21486669679168546,autoland,3779647,13,a34e21034f2e3c317ebb3d485012938d48ad04ac,macosx1015-64-shippable-qr,True,False,,|f|i|s|s|i|o|n| |w|a|r|m| |w|e|b|r|e|n|d|e|r|,102210fe594ee9b33d82058545b1ed14f4c8206e,PerceptualSpeedIndex,google-docs,True,google-docs PerceptualSpeedIndex opt fission warm webrender,,77,ms,firefox,,1808840831,2023-12-05 05:41:18,1342923,,,,,,,,,,,,,,,,,,,,,,,,,,,,,,,,,,,,,,,,,,,,,,,,,TN
1466,582b654746494e079f0e60d676bc15c1723603dd,0.20560325350203357,autoland,3779647,13,a34e21034f2e3c317ebb3d485012938d48ad04ac,macosx1015-64-shippable-qr,True,False,,|f|i|s|s|i|o|n| |w|a|r|m| |w|e|b|r|e|n|d|e|r|,102210fe594ee9b33d82058545b1ed14f4c8206e,PerceptualSpeedIndex,google-docs,True,google-docs PerceptualSpeedIndex opt fission warm webrender,,77,ms,firefox,,1808841477,2023-12-05 05:52:20,1342925,,,,,,,,,,,,,,,,,,,,,,,,,,,,,,,,,,,,,,,,,,,,,,,,,TN
1467,92ebd26049f68d177b4f09d223883c6281dab6f4,0.19498418436511522,autoland,3779647,13,a34e21034f2e3c317ebb3d485012938d48ad04ac,macosx1015-64-shippable-qr,True,False,,|f|i|s|s|i|o|n| |w|a|r|m| |w|e|b|r|e|n|d|e|r|,102210fe594ee9b33d82058545b1ed14f4c8206e,PerceptualSpeedIndex,google-docs,True,google-docs PerceptualSpeedIndex opt fission warm webrender,,77,ms,firefox,,1808841730,2023-12-05 06:41:03,1342936,,,,,,,,,,,,,,,,,,,,,,,,,,,,,,,,,,,,,,,,,,,,,,,,,TN
1468,d0c8a1f53756c43d7a1908c054a15d4bebcb9862,0.20910528694080432,autoland,3779647,13,a34e21034f2e3c317ebb3d485012938d48ad04ac,macosx1015-64-shippable-qr,True,False,,|f|i|s|s|i|o|n| |w|a|r|m| |w|e|b|r|e|n|d|e|r|,102210fe594ee9b33d82058545b1ed14f4c8206e,PerceptualSpeedIndex,google-docs,True,google-docs PerceptualSpeedIndex opt fission warm webrender,,77,ms,firefox,,1808841249,2023-12-05 06:59:57,1342941,,,,,,,,,,,,,,,,,,,,,,,,,,,,,,,,,,,,,,,,,,,,,,,,,TN
1469,429e8cc8473b4c76828d06e2f07abbeb9dbebd81,0.22401717126073217,autoland,3779647,13,a34e21034f2e3c317ebb3d485012938d48ad04ac,macosx1015-64-shippable-qr,True,False,,|f|i|s|s|i|o|n| |w|a|r|m| |w|e|b|r|e|n|d|e|r|,102210fe594ee9b33d82058545b1ed14f4c8206e,PerceptualSpeedIndex,google-docs,True,google-docs PerceptualSpeedIndex opt fission warm webrender,,77,ms,firefox,,1806360366,2023-12-05 08:48:01,1342965,,,,,,,,,,,,,,,,,,,,,,,,,,,,,,,,,,,,,,,,,,,,,,,,,TN
1470,13c0047732a8b2d4d598059019ba7d7a082b1016,0.21660964430959906,autoland,3779647,13,a34e21034f2e3c317ebb3d485012938d48ad04ac,macosx1015-64-shippable-qr,True,False,,|f|i|s|s|i|o|n| |w|a|r|m| |w|e|b|r|e|n|d|e|r|,102210fe594ee9b33d82058545b1ed14f4c8206e,PerceptualSpeedIndex,google-docs,True,google-docs PerceptualSpeedIndex opt fission warm webrender,,77,ms,firefox,,1808841358,2023-12-05 08:58:40,1342969,,,,,,,,,,,,,,,,,,,,,,,,,,,,,,,,,,,,,,,,,,,,,,,,,TN
1471,020088bcc3c703f5267f25398b0423950a043e16,0.20989606868504285,autoland,3779647,13,a34e21034f2e3c317ebb3d485012938d48ad04ac,macosx1015-64-shippable-qr,True,False,,|f|i|s|s|i|o|n| |w|a|r|m| |w|e|b|r|e|n|d|e|r|,102210fe594ee9b33d82058545b1ed14f4c8206e,PerceptualSpeedIndex,google-docs,True,google-docs PerceptualSpeedIndex opt fission warm webrender,,77,ms,firefox,,1808841801,2023-12-05 09:18:45,1342978,,,,,,,,,,,,,,,,,,,,,,,,,,,,,,,,,,,,,,,,,,,,,,,,,TN
1472,aa13b2447e622320610eaaaf3e481fdc0ce0ed66,0.2193208960041313,autoland,3779647,13,a34e21034f2e3c317ebb3d485012938d48ad04ac,macosx1015-64-shippable-qr,True,False,,|f|i|s|s|i|o|n| |w|a|r|m| |w|e|b|r|e|n|d|e|r|,102210fe594ee9b33d82058545b1ed14f4c8206e,PerceptualSpeedIndex,google-docs,True,google-docs PerceptualSpeedIndex opt fission warm webrender,,77,ms,firefox,,1808841677,2023-12-05 09:23:41,1342985,,,,,,,,,,,,,,,,,,,,,,,,,,,,,,,,,,,,,,,,,,,,,,,,,TN
1473,975c80dda5fe59773d9908633aa62e666468a0a0,0.2137370085856305,autoland,3779647,13,a34e21034f2e3c317ebb3d485012938d48ad04ac,macosx1015-64-shippable-qr,True,False,,|f|i|s|s|i|o|n| |w|a|r|m| |w|e|b|r|e|n|d|e|r|,102210fe594ee9b33d82058545b1ed14f4c8206e,PerceptualSpeedIndex,google-docs,True,google-docs PerceptualSpeedIndex opt fission warm webrender,,77,ms,firefox,,1808842146,2023-12-05 09:38:34,1342992,,,,,,,,,,,,,,,,,,,,,,,,,,,,,,,,,,,,,,,,,,,,,,,,,TN
1474,790ba6aa65e4813604464fba8ab84f879deb6f73,0.21033056414891016,autoland,3779647,13,a34e21034f2e3c317ebb3d485012938d48ad04ac,macosx1015-64-shippable-qr,True,False,,|f|i|s|s|i|o|n| |w|a|r|m| |w|e|b|r|e|n|d|e|r|,102210fe594ee9b33d82058545b1ed14f4c8206e,PerceptualSpeedIndex,google-docs,True,google-docs PerceptualSpeedIndex opt fission warm webrender,,77,ms,firefox,,1808842429,2023-12-05 09:40:38,1342993,,,,,,,,,,,,,,,,,,,,,,,,,,,,,,,,,,,,,,,,,,,,,,,,,TN
1475,cbfee738b82dda693a04f29c06bbb1713e60bbbe,0.20198825124265696,autoland,3779647,13,a34e21034f2e3c317ebb3d485012938d48ad04ac,macosx1015-64-shippable-qr,True,False,,|f|i|s|s|i|o|n| |w|a|r|m| |w|e|b|r|e|n|d|e|r|,102210fe594ee9b33d82058545b1ed14f4c8206e,PerceptualSpeedIndex,google-docs,True,google-docs PerceptualSpeedIndex opt fission warm webrender,,77,ms,firefox,,1808841701,2023-12-05 10:10:19,1343000,,,,,,,,,,,,,,,,,,,,,,,,,,,,,,,,,,,,,,,,,,,,,,,,,TN
1476,db1b6937659d3ebf93383f1db4077911af6298c6,0.2562132851333032,autoland,3779647,13,a34e21034f2e3c317ebb3d485012938d48ad04ac,macosx1015-64-shippable-qr,True,False,,|f|i|s|s|i|o|n| |w|a|r|m| |w|e|b|r|e|n|d|e|r|,102210fe594ee9b33d82058545b1ed14f4c8206e,PerceptualSpeedIndex,google-docs,True,google-docs PerceptualSpeedIndex opt fission warm webrender,,77,ms,firefox,,1808841319,2023-12-05 10:14:03,1343001,,,,,,,,,,,,,,,,,,,,,,,,,,,,,,,,,,,,,,,,,,,,,,,,,TN
1477,efdfeb86fa3ea85d095f5f37f86ed8783076d1b2,0.2034568459105286,autoland,3779647,13,a34e21034f2e3c317ebb3d485012938d48ad04ac,macosx1015-64-shippable-qr,True,False,,|f|i|s|s|i|o|n| |w|a|r|m| |w|e|b|r|e|n|d|e|r|,102210fe594ee9b33d82058545b1ed14f4c8206e,PerceptualSpeedIndex,google-docs,True,google-docs PerceptualSpeedIndex opt fission warm webrender,,77,ms,firefox,,1808841756,2023-12-05 10:14:55,1343003,,,,,,,,,,,,,,,,,,,,,,,,,,,,,,,,,,,,,,,,,,,,,,,,,TN
1478,c139b963cf107385674aa36136f31d6891ff502b,0.20108450067781303,autoland,3779647,13,a34e21034f2e3c317ebb3d485012938d48ad04ac,macosx1015-64-shippable-qr,True,False,,|f|i|s|s|i|o|n| |w|a|r|m| |w|e|b|r|e|n|d|e|r|,102210fe594ee9b33d82058545b1ed14f4c8206e,PerceptualSpeedIndex,google-docs,True,google-docs PerceptualSpeedIndex opt fission warm webrender,,77,ms,firefox,,1808842280,2023-12-05 10:15:49,1343004,,,,,,,,,,,,,,,,,,,,,,,,,,,,,,,,,,,,,,,,,,,,,,,,,TN
1479,cdcb0b5a9d807168327b37006f2b2e0a884a35c6,0.19453230908269314,autoland,3779647,13,a34e21034f2e3c317ebb3d485012938d48ad04ac,macosx1015-64-shippable-qr,True,False,,|f|i|s|s|i|o|n| |w|a|r|m| |w|e|b|r|e|n|d|e|r|,102210fe594ee9b33d82058545b1ed14f4c8206e,PerceptualSpeedIndex,google-docs,True,google-docs PerceptualSpeedIndex opt fission warm webrender,,77,ms,firefox,,1808842084,2023-12-05 10:16:51,1343005,,,,,,,,,,,,,,,,,,,,,,,,,,,,,,,,,,,,,,,,,,,,,,,,,TN
1480,82b65bcfa32a71f5ab72c8e0e4ec6cf355b2c095,0.1954360596475373,autoland,3779647,13,a34e21034f2e3c317ebb3d485012938d48ad04ac,macosx1015-64-shippable-qr,True,False,,|f|i|s|s|i|o|n| |w|a|r|m| |w|e|b|r|e|n|d|e|r|,102210fe594ee9b33d82058545b1ed14f4c8206e,PerceptualSpeedIndex,google-docs,True,google-docs PerceptualSpeedIndex opt fission warm webrender,,77,ms,firefox,,1808842305,2023-12-05 10:33:32,1343018,,,,,,,,,,,,,,,,,,,,,,,,,,,,,,,,,,,,,,,,,,,,,,,,,TN
1481,a8d65636813214d2c542a6e5a2356cda7e8972bc,0.210799819249887,autoland,3779647,13,a34e21034f2e3c317ebb3d485012938d48ad04ac,macosx1015-64-shippable-qr,True,False,,|f|i|s|s|i|o|n| |w|a|r|m| |w|e|b|r|e|n|d|e|r|,102210fe594ee9b33d82058545b1ed14f4c8206e,PerceptualSpeedIndex,google-docs,True,google-docs PerceptualSpeedIndex opt fission warm webrender,,77,ms,firefox,,1808841939,2023-12-05 10:49:09,1343020,,,,,,,,,,,,,,,,,,,,,,,,,,,,,,,,,,,,,,,,,,,,,,,,,TN
1482,aa657711db7a1d1ff6a152b260d8a6657a2214d9,0.18820605512878452,autoland,3779647,13,a34e21034f2e3c317ebb3d485012938d48ad04ac,macosx1015-64-shippable-qr,True,False,,|f|i|s|s|i|o|n| |w|a|r|m| |w|e|b|r|e|n|d|e|r|,102210fe594ee9b33d82058545b1ed14f4c8206e,PerceptualSpeedIndex,google-docs,True,google-docs PerceptualSpeedIndex opt fission warm webrender,,77,ms,firefox,,1808842875,2023-12-05 10:57:09,1343023,,,,,,,,,,,,,,,,,,,,,,,,,,,,,,,,,,,,,,,,,,,,,,,,,TN
1483,7fdc28971a13ccf4eb148a1db7d68ce4485be7bb,0.20198825124265696,autoland,3779647,13,a34e21034f2e3c317ebb3d485012938d48ad04ac,macosx1015-64-shippable-qr,True,False,,|f|i|s|s|i|o|n| |w|a|r|m| |w|e|b|r|e|n|d|e|r|,102210fe594ee9b33d82058545b1ed14f4c8206e,PerceptualSpeedIndex,google-docs,True,google-docs PerceptualSpeedIndex opt fission warm webrender,,77,ms,firefox,,1808843422,2023-12-05 11:01:50,1343028,,,,,,,,,,,,,,,,,,,,,,,,,,,,,,,,,,,,,,,,,,,,,,,,,TN
1484,10602eb918edd2ccf85a22fb60b3dc62c845c42a,0.20989606868504285,autoland,3779647,13,a34e21034f2e3c317ebb3d485012938d48ad04ac,macosx1015-64-shippable-qr,True,False,,|f|i|s|s|i|o|n| |w|a|r|m| |w|e|b|r|e|n|d|e|r|,102210fe594ee9b33d82058545b1ed14f4c8206e,PerceptualSpeedIndex,google-docs,True,google-docs PerceptualSpeedIndex opt fission warm webrender,,77,ms,firefox,,1806400562,2023-12-05 11:07:31,1343031,,,,,,,,,,,,,,,,,,,,,,,,,,,,,,,,,,,,,,,,,,,,,,,,,TN
1485,4a4aeced5e16e3f9489126206429759fdb02f924,0.21594617663302706,autoland,3779647,13,a34e21034f2e3c317ebb3d485012938d48ad04ac,macosx1015-64-shippable-qr,True,False,,|f|i|s|s|i|o|n| |w|a|r|m| |w|e|b|r|e|n|d|e|r|,102210fe594ee9b33d82058545b1ed14f4c8206e,PerceptualSpeedIndex,google-docs,True,google-docs PerceptualSpeedIndex opt fission warm webrender,,77,ms,firefox,,1808843397,2023-12-05 11:31:45,1343042,,,,,,,,,,,,,,,,,,,,,,,,,,,,,,,,,,,,,,,,,,,,,,,,,TN
1486,87d12c4bce4962097d2f6e3adf16c5bb0296767c,0.21198599186624478,autoland,3779647,13,a34e21034f2e3c317ebb3d485012938d48ad04ac,macosx1015-64-shippable-qr,True,False,,|f|i|s|s|i|o|n| |w|a|r|m| |w|e|b|r|e|n|d|e|r|,102210fe594ee9b33d82058545b1ed14f4c8206e,PerceptualSpeedIndex,google-docs,True,google-docs PerceptualSpeedIndex opt fission warm webrender,,77,ms,firefox,,1808844784,2023-12-05 12:52:33,1343067,,,,,,,,,,,,,,,,,,,,,,,,,,,,,,,,,,,,,,,,,,,,,,,,,TN
1487,0be55a2499109a630f7193880b510202e23bce39,0.21537505648441013,autoland,3779647,13,a34e21034f2e3c317ebb3d485012938d48ad04ac,macosx1015-64-shippable-qr,True,False,,|f|i|s|s|i|o|n| |w|a|r|m| |w|e|b|r|e|n|d|e|r|,102210fe594ee9b33d82058545b1ed14f4c8206e,PerceptualSpeedIndex,google-docs,True,google-docs PerceptualSpeedIndex opt fission warm webrender,,77,ms,firefox,,1808842768,2023-12-05 12:54:07,1343069,,,,,,,,,,,,,,,,,,,,,,,,,,,,,,,,,,,,,,,,,,,,,,,,,TN
1488,e3ebf1f0194d9df3d227884b8b023e3c419d54a5,0.1918775417984635,autoland,3779647,13,a34e21034f2e3c317ebb3d485012938d48ad04ac,macosx1015-64-shippable-qr,True,False,,|f|i|s|s|i|o|n| |w|a|r|m| |w|e|b|r|e|n|d|e|r|,102210fe594ee9b33d82058545b1ed14f4c8206e,PerceptualSpeedIndex,google-docs,True,google-docs PerceptualSpeedIndex opt fission warm webrender,,77,ms,firefox,,1808844756,2023-12-05 13:04:18,1343078,,,,,,,,,,,,,,,,,,,,,,,,,,,,,,,,,,,,,,,,,,,,,,,,,TN
1489,91c058c18c2a5e76a0f90fce266b0fcbe74f5ad3,0.22110822413014009,autoland,3779647,13,a34e21034f2e3c317ebb3d485012938d48ad04ac,macosx1015-64-shippable-qr,True,False,,|f|i|s|s|i|o|n| |w|a|r|m| |w|e|b|r|e|n|d|e|r|,102210fe594ee9b33d82058545b1ed14f4c8206e,PerceptualSpeedIndex,google-docs,True,google-docs PerceptualSpeedIndex opt fission warm webrender,,77,ms,firefox,,1806912066,2023-12-05 14:09:06,1343100,,,,,,,,,,,,,,,,,,,,,,,,,,,,,,,,,,,,,,,,,,,,,,,,,TN
1490,d7ec576e1046afdd1d78ec401cb31a844b623ce9,0.2152733845458652,autoland,3779647,13,a34e21034f2e3c317ebb3d485012938d48ad04ac,macosx1015-64-shippable-qr,True,False,,|f|i|s|s|i|o|n| |w|a|r|m| |w|e|b|r|e|n|d|e|r|,102210fe594ee9b33d82058545b1ed14f4c8206e,PerceptualSpeedIndex,google-docs,True,google-docs PerceptualSpeedIndex opt fission warm webrender,,77,ms,firefox,,1806940739,2023-12-05 14:30:17,1343108,,,,,,,,,,,,,,,,,,,,,,,,,,,,,,,,,,,,,,,,,,,,,,,,,TN
1491,8a43a8a71dca6bfd21d0fceaade13e47d29a6ef0,0.21915951197469496,autoland,3779647,13,a34e21034f2e3c317ebb3d485012938d48ad04ac,macosx1015-64-shippable-qr,True,False,,|f|i|s|s|i|o|n| |w|a|r|m| |w|e|b|r|e|n|d|e|r|,102210fe594ee9b33d82058545b1ed14f4c8206e,PerceptualSpeedIndex,google-docs,True,google-docs PerceptualSpeedIndex opt fission warm webrender,,77,ms,firefox,,1808844514,2023-12-05 14:34:42,1343111,,,,,,,,,,,,,,,,,,,,,,,,,,,,,,,,,,,,,,,,,,,,,,,,,TN
1492,6211416a537ef3c2b2bb81e2309b67bf0cd6392d,0.21627880704925428,autoland,3779647,13,a34e21034f2e3c317ebb3d485012938d48ad04ac,macosx1015-64-shippable-qr,True,False,,|f|i|s|s|i|o|n| |w|a|r|m| |w|e|b|r|e|n|d|e|r|,102210fe594ee9b33d82058545b1ed14f4c8206e,PerceptualSpeedIndex,google-docs,True,google-docs PerceptualSpeedIndex opt fission warm webrender,,77,ms,firefox,,1808848633,2023-12-05 14:53:39,1343128,,,,,,,,,,,,,,,,,,,,,,,,,,,,,,,,,,,,,,,,,,,,,,,,,TN
1493,e603b8b016d76de025bea02bfdc1e0590166c2c0,0.2187076366922729,autoland,3779647,13,a34e21034f2e3c317ebb3d485012938d48ad04ac,macosx1015-64-shippable-qr,True,False,,|f|i|s|s|i|o|n| |w|a|r|m| |w|e|b|r|e|n|d|e|r|,102210fe594ee9b33d82058545b1ed14f4c8206e,PerceptualSpeedIndex,google-docs,True,google-docs PerceptualSpeedIndex opt fission warm webrender,,77,ms,firefox,,1806645589,2023-12-05 15:11:37,1343145,,,,,,,,,,,,,,,,,,,,,,,,,,,,,,,,,,,,,,,,,,,,,,,,,TN
1494,774cda5d71b6d972886316da5c27c63907d90e1d,0.23136014460009036,autoland,3779647,13,a34e21034f2e3c317ebb3d485012938d48ad04ac,macosx1015-64-shippable-qr,True,False,,|f|i|s|s|i|o|n| |w|a|r|m| |w|e|b|r|e|n|d|e|r|,102210fe594ee9b33d82058545b1ed14f4c8206e,PerceptualSpeedIndex,google-docs,True,google-docs PerceptualSpeedIndex opt fission warm webrender,,77,ms,firefox,,1808882749,2023-12-05 15:26:28,1343153,,,,,,,,,,,,,,,,,,,,,,,,,,,,,,,,,,,,,,,,,,,,,,,,,TN
1495,8c57ecb4b95f18d0ae6a5f9f85f9249e4b06395d,0.20591956619972862,autoland,3779647,13,a34e21034f2e3c317ebb3d485012938d48ad04ac,macosx1015-64-shippable-qr,True,False,,|f|i|s|s|i|o|n| |w|a|r|m| |w|e|b|r|e|n|d|e|r|,102210fe594ee9b33d82058545b1ed14f4c8206e,PerceptualSpeedIndex,google-docs,True,google-docs PerceptualSpeedIndex opt fission warm webrender,,77,ms,firefox,,1808423859,2023-12-05 15:29:24,1343157,,,,,,,,,,,,,,,,,,,,,,,,,,,,,,,,,,,,,,,,,,,,,,,,,TN
1496,a0db8be67659d142275051d77ba9829dca6cf521,0.21762313601446004,autoland,3779647,13,a34e21034f2e3c317ebb3d485012938d48ad04ac,macosx1015-64-shippable-qr,True,False,,|f|i|s|s|i|o|n| |w|a|r|m| |w|e|b|r|e|n|d|e|r|,102210fe594ee9b33d82058545b1ed14f4c8206e,PerceptualSpeedIndex,google-docs,True,google-docs PerceptualSpeedIndex opt fission warm webrender,,77,ms,firefox,,1808423955,2023-12-05 15:39:40,1343160,,,,,,,,,,,,,,,,,,,,,,,,,,,,,,,,,,,,,,,,,,,,,,,,,TN
1497,ba8757a723af66cf8acc482ec024a51df686e038,0.213420695887935,autoland,3779647,13,a34e21034f2e3c317ebb3d485012938d48ad04ac,macosx1015-64-shippable-qr,True,False,,|f|i|s|s|i|o|n| |w|a|r|m| |w|e|b|r|e|n|d|e|r|,102210fe594ee9b33d82058545b1ed14f4c8206e,PerceptualSpeedIndex,google-docs,True,google-docs PerceptualSpeedIndex opt fission warm webrender,,77,ms,firefox,,1808423909,2023-12-05 15:49:36,1343166,,,,,,,,,,,,,,,,,,,,,,,,,,,,,,,,,,,,,,,,,,,,,,,,,TN
1498,b32804e1e7976646d88777ca3051da9554294c0e,0.23452327157704467,autoland,3779647,13,a34e21034f2e3c317ebb3d485012938d48ad04ac,macosx1015-64-shippable-qr,True,False,,|f|i|s|s|i|o|n| |w|a|r|m| |w|e|b|r|e|n|d|e|r|,102210fe594ee9b33d82058545b1ed14f4c8206e,PerceptualSpeedIndex,google-docs,True,google-docs PerceptualSpeedIndex opt fission warm webrender,,77,ms,firefox,,1808424214,2023-12-05 15:56:14,1343174,,,,,,,,,,,,,,,,,,,,,,,,,,,,,,,,,,,,,,,,,,,,,,,,,TN
1499,d9e8e468a2f2ec8e114b4feb90dbc183827d5ef9,0.2271125169453232,autoland,3779647,13,a34e21034f2e3c317ebb3d485012938d48ad04ac,macosx1015-64-shippable-qr,True,False,,|f|i|s|s|i|o|n| |w|a|r|m| |w|e|b|r|e|n|d|e|r|,102210fe594ee9b33d82058545b1ed14f4c8206e,PerceptualSpeedIndex,google-docs,True,google-docs PerceptualSpeedIndex opt fission warm webrender,,77,ms,firefox,,1808423729,2023-12-05 16:01:06,1343179,,,,,,,,,,,,,,,,,,,,,,,,,,,,,,,,,,,,,,,,,,,,,,,,,TN
1500,40f851a3cb9acd3fc5e7786d732d718f4af40a71,0.21577044735652962,autoland,3779647,13,a34e21034f2e3c317ebb3d485012938d48ad04ac,macosx1015-64-shippable-qr,True,False,,|f|i|s|s|i|o|n| |w|a|r|m| |w|e|b|r|e|n|d|e|r|,102210fe594ee9b33d82058545b1ed14f4c8206e,PerceptualSpeedIndex,google-docs,True,google-docs PerceptualSpeedIndex opt fission warm webrender,,77,ms,firefox,,1808424006,2023-12-05 16:08:42,1343187,,,,,,,,,,,,,,,,,,,,,,,,,,,,,,,,,,,,,,,,,,,,,,,,,TN
1501,bb86f35848f675c48648ee8c3fb1d2a9d2ffe862,0.2045187528242205,autoland,3779647,13,a34e21034f2e3c317ebb3d485012938d48ad04ac,macosx1015-64-shippable-qr,True,False,,|f|i|s|s|i|o|n| |w|a|r|m| |w|e|b|r|e|n|d|e|r|,102210fe594ee9b33d82058545b1ed14f4c8206e,PerceptualSpeedIndex,google-docs,True,google-docs PerceptualSpeedIndex opt fission warm webrender,,77,ms,firefox,,1808424162,2023-12-05 16:17:39,1343195,,,,,,,,,,,,,,,,,,,,,,,,,,,,,,,,,,,,,,,,,,,,,,,,,TN
1502,641938bce319652004f19ad93cf3ef639586a3d1,0.2157252598282875,autoland,3779647,13,a34e21034f2e3c317ebb3d485012938d48ad04ac,macosx1015-64-shippable-qr,True,False,,|f|i|s|s|i|o|n| |w|a|r|m| |w|e|b|r|e|n|d|e|r|,102210fe594ee9b33d82058545b1ed14f4c8206e,PerceptualSpeedIndex,google-docs,True,google-docs PerceptualSpeedIndex opt fission warm webrender,,77,ms,firefox,,1808424240,2023-12-05 16:18:38,1343196,,,,,,,,,,,,,,,,,,,,,,,,,,,,,,,,,,,,,,,,,,,,,,,,,TN
1503,8e569acf3aaa38fefd04e97349ff3429d498f00a,0.22608826630516665,autoland,3779647,13,a34e21034f2e3c317ebb3d485012938d48ad04ac,macosx1015-64-shippable-qr,True,False,,|f|i|s|s|i|o|n| |w|a|r|m| |w|e|b|r|e|n|d|e|r|,102210fe594ee9b33d82058545b1ed14f4c8206e,PerceptualSpeedIndex,google-docs,True,google-docs PerceptualSpeedIndex opt fission warm webrender,,77,ms,firefox,,1808424139,2023-12-05 16:25:02,1343202,,,,,,,,,,,,,,,,,,,,,,,,,,,,,,,,,,,,,,,,,,,,,,,,,TN
1504,91bda8b5915b84ed6533a6620f955f271dc5aac3,0.22043982527489092,autoland,3779647,13,a34e21034f2e3c317ebb3d485012938d48ad04ac,macosx1015-64-shippable-qr,True,False,,|f|i|s|s|i|o|n| |w|a|r|m| |w|e|b|r|e|n|d|e|r|,102210fe594ee9b33d82058545b1ed14f4c8206e,PerceptualSpeedIndex,google-docs,True,google-docs PerceptualSpeedIndex opt fission warm webrender,,77,ms,firefox,,1806811590,2023-12-05 16:28:46,1343203,,,,,,,,,,,,,,,,,,,,,,,,,,,,,,,,,,,,,,,,,,,,,,,,,TN
1505,e378a6744fb228b1dc7274fca338ddab93212096,0.2071848169905106,autoland,3779647,13,a34e21034f2e3c317ebb3d485012938d48ad04ac,macosx1015-64-shippable-qr,True,False,,|f|i|s|s|i|o|n| |w|a|r|m| |w|e|b|r|e|n|d|e|r|,102210fe594ee9b33d82058545b1ed14f4c8206e,PerceptualSpeedIndex,google-docs,True,google-docs PerceptualSpeedIndex opt fission warm webrender,,77,ms,firefox,,1808468129,2023-12-05 18:03:40,1343280,,,,,,,,,,,,,,,,,,,,,,,,,,,,,,,,,,,,,,,,,,,,,,,,,TN
1506,9a95c6831ed2a70210eb566e3792c56ba39ae03c,0.19498418436511522,autoland,3779647,13,a34e21034f2e3c317ebb3d485012938d48ad04ac,macosx1015-64-shippable-qr,True,False,,|f|i|s|s|i|o|n| |w|a|r|m| |w|e|b|r|e|n|d|e|r|,102210fe594ee9b33d82058545b1ed14f4c8206e,PerceptualSpeedIndex,google-docs,True,google-docs PerceptualSpeedIndex opt fission warm webrender,,77,ms,firefox,,1808526874,2023-12-05 18:18:50,1343293,,,,,,,,,,,,,,,,,,,,,,,,,,,,,,,,,,,,,,,,,,,,,,,,,TN
1507,3d799b386f3e5b82c6ec9006fa15280564a6f14d,0.21215544509715323,autoland,3779647,13,a34e21034f2e3c317ebb3d485012938d48ad04ac,macosx1015-64-shippable-qr,True,False,,|f|i|s|s|i|o|n| |w|a|r|m| |w|e|b|r|e|n|d|e|r|,102210fe594ee9b33d82058545b1ed14f4c8206e,PerceptualSpeedIndex,google-docs,True,google-docs PerceptualSpeedIndex opt fission warm webrender,,77,ms,firefox,,1808496284,2023-12-05 18:51:31,1343329,,,,,,,,,,,,,,,,,,,,,,,,,,,,,,,,,,,,,,,,,,,,,,,,,TN
1508,6a7d3ea0f77e48ae3e4b767400763a431cfa8855,0.19453230908269314,autoland,3779647,13,a34e21034f2e3c317ebb3d485012938d48ad04ac,macosx1015-64-shippable-qr,True,False,,|f|i|s|s|i|o|n| |w|a|r|m| |w|e|b|r|e|n|d|e|r|,102210fe594ee9b33d82058545b1ed14f4c8206e,PerceptualSpeedIndex,google-docs,True,google-docs PerceptualSpeedIndex opt fission warm webrender,,77,ms,firefox,,1808513762,2023-12-05 18:52:42,1343330,,,,,,,,,,,,,,,,,,,,,,,,,,,,,,,,,,,,,,,,,,,,,,,,,TN
1509,9727ecc85463f12e33cdd2ed0518264430c6d73a,0.21305919566199716,autoland,3779647,13,a34e21034f2e3c317ebb3d485012938d48ad04ac,macosx1015-64-shippable-qr,True,False,,|f|i|s|s|i|o|n| |w|a|r|m| |w|e|b|r|e|n|d|e|r|,102210fe594ee9b33d82058545b1ed14f4c8206e,PerceptualSpeedIndex,google-docs,True,google-docs PerceptualSpeedIndex opt fission warm webrender,,77,ms,firefox,,1808493278,2023-12-05 18:59:31,1343332,,,,,,,,,,,,,,,,,,,,,,,,,,,,,,,,,,,,,,,,,,,,,,,,,TN
1510,5099adecab2d702a703b8a6ae4d0dd8b1574959a,0.22919114324446466,autoland,3779647,13,a34e21034f2e3c317ebb3d485012938d48ad04ac,macosx1015-64-shippable-qr,True,False,,|f|i|s|s|i|o|n| |w|a|r|m| |w|e|b|r|e|n|d|e|r|,102210fe594ee9b33d82058545b1ed14f4c8206e,PerceptualSpeedIndex,google-docs,True,google-docs PerceptualSpeedIndex opt fission warm webrender,,77,ms,firefox,,1808496432,2023-12-05 19:02:25,1343334,,,,,,,,,,,,,,,,,,,,,,,,,,,,,,,,,,,,,,,,,,,,,,,,,TN
1511,788ffe2d6b00318dda4de4c39a3e6d115423e9cd,0.24988703117939437,autoland,3779647,13,a34e21034f2e3c317ebb3d485012938d48ad04ac,macosx1015-64-shippable-qr,True,False,,|f|i|s|s|i|o|n| |w|a|r|m| |w|e|b|r|e|n|d|e|r|,102210fe594ee9b33d82058545b1ed14f4c8206e,PerceptualSpeedIndex,google-docs,True,google-docs PerceptualSpeedIndex opt fission warm webrender,,77,ms,firefox,,1808493943,2023-12-05 19:49:26,1343366,,,,,,,,,,,,,,,,,,,,,,,,,,,,,,,,,,,,,,,,,,,,,,,,,TN
1512,b77038bd9fee3a5e7c451b53bafa35f9bf0dfd52,0.2188883868052418,autoland,3779647,13,a34e21034f2e3c317ebb3d485012938d48ad04ac,macosx1015-64-shippable-qr,True,False,,|f|i|s|s|i|o|n| |w|a|r|m| |w|e|b|r|e|n|d|e|r|,102210fe594ee9b33d82058545b1ed14f4c8206e,PerceptualSpeedIndex,google-docs,True,google-docs PerceptualSpeedIndex opt fission warm webrender,,77,ms,firefox,,1808493826,2023-12-05 19:59:01,1343372,,,,,,,,,,,,,,,,,,,,,,,,,,,,,,,,,,,,,,,,,,,,,,,,,TN
1513,4e704738348372824af3486867aa2cf40fa9aa0e,0.21527338454586542,autoland,3779647,13,a34e21034f2e3c317ebb3d485012938d48ad04ac,macosx1015-64-shippable-qr,True,False,,|f|i|s|s|i|o|n| |w|a|r|m| |w|e|b|r|e|n|d|e|r|,102210fe594ee9b33d82058545b1ed14f4c8206e,PerceptualSpeedIndex,google-docs,True,google-docs PerceptualSpeedIndex opt fission warm webrender,,77,ms,firefox,,1808495908,2023-12-05 20:11:48,1343386,,,,,,,,,,,,,,,,,,,,,,,,,,,,,,,,,,,,,,,,,,,,,,,,,TN
1514,f778448a1da5f0622c4361d37810461a035f4627,0.21333032083145076,autoland,3779647,13,a34e21034f2e3c317ebb3d485012938d48ad04ac,macosx1015-64-shippable-qr,True,False,,|f|i|s|s|i|o|n| |w|a|r|m| |w|e|b|r|e|n|d|e|r|,102210fe594ee9b33d82058545b1ed14f4c8206e,PerceptualSpeedIndex,google-docs,True,google-docs PerceptualSpeedIndex opt fission warm webrender,,77,ms,firefox,,1806861462,2023-12-05 20:37:35,1343409,,,,,,,,,,,,,,,,,,,,,,,,,,,,,,,,,,,,,,,,,,,,,,,,,TN
1515,24080912beec2937dd0ae9798f36eba944703b14,0.2027564392227743,autoland,3779647,13,a34e21034f2e3c317ebb3d485012938d48ad04ac,macosx1015-64-shippable-qr,True,False,,|f|i|s|s|i|o|n| |w|a|r|m| |w|e|b|r|e|n|d|e|r|,102210fe594ee9b33d82058545b1ed14f4c8206e,PerceptualSpeedIndex,google-docs,True,google-docs PerceptualSpeedIndex opt fission warm webrender,,77,ms,firefox,,1808511249,2023-12-05 20:43:29,1343411,,,,,,,,,,,,,,,,,,,,,,,,,,,,,,,,,,,,,,,,,,,,,,,,,TN
1516,4ed0a5b3a83327a14dc5af7e28b11ac40ba77e24,0.21030275643922258,autoland,3779647,13,a34e21034f2e3c317ebb3d485012938d48ad04ac,macosx1015-64-shippable-qr,True,False,,|f|i|s|s|i|o|n| |w|a|r|m| |w|e|b|r|e|n|d|e|r|,102210fe594ee9b33d82058545b1ed14f4c8206e,PerceptualSpeedIndex,google-docs,True,google-docs PerceptualSpeedIndex opt fission warm webrender,,77,ms,firefox,,1808496402,2023-12-05 20:59:58,1343416,,,,,,,,,,,,,,,,,,,,,,,,,,,,,,,,,,,,,,,,,,,,,,,,,TN
1517,e841ad55e443cbf40d9ca3a975e9ff1a6fad1b45,0.19927699954812472,autoland,3779647,13,a34e21034f2e3c317ebb3d485012938d48ad04ac,macosx1015-64-shippable-qr,True,False,,|f|i|s|s|i|o|n| |w|a|r|m| |w|e|b|r|e|n|d|e|r|,102210fe594ee9b33d82058545b1ed14f4c8206e,PerceptualSpeedIndex,google-docs,True,google-docs PerceptualSpeedIndex opt fission warm webrender,,77,ms,firefox,,1808495823,2023-12-05 21:08:32,1343422,,,,,,,,,,,,,,,,,,,,,,,,,,,,,,,,,,,,,,,,,,,,,,,,,TN
1518,2534029d81d64b3e47159ec9cc22571f9f5e5df8,0.17645729778581098,autoland,3779647,13,a34e21034f2e3c317ebb3d485012938d48ad04ac,macosx1015-64-shippable-qr,True,False,,|f|i|s|s|i|o|n| |w|a|r|m| |w|e|b|r|e|n|d|e|r|,102210fe594ee9b33d82058545b1ed14f4c8206e,PerceptualSpeedIndex,google-docs,True,google-docs PerceptualSpeedIndex opt fission warm webrender,,77,ms,firefox,,1808513141,2023-12-05 21:14:38,1343426,,,,,,,,,,,,,,,,,,,,,,,,,,,,,,,,,,,,,,,,,,,,,,,,,TN
1519,408535dafc827c3b5bdf09b375c7a70c55687bd8,0.22141888838680535,autoland,3779647,13,a34e21034f2e3c317ebb3d485012938d48ad04ac,macosx1015-64-shippable-qr,True,False,,|f|i|s|s|i|o|n| |w|a|r|m| |w|e|b|r|e|n|d|e|r|,102210fe594ee9b33d82058545b1ed14f4c8206e,PerceptualSpeedIndex,google-docs,True,google-docs PerceptualSpeedIndex opt fission warm webrender,,77,ms,firefox,,1808467328,2023-12-05 21:35:51,1343438,,,,,,,,,,,,,,,,,,,,,,,,,,,,,,,,,,,,,,,,,,,,,,,,,TN
1520,177375e24d1352ab203de0ac3aa53003c5d0ffd2,0.2076366922729327,autoland,3779647,13,a34e21034f2e3c317ebb3d485012938d48ad04ac,macosx1015-64-shippable-qr,True,False,,|f|i|s|s|i|o|n| |w|a|r|m| |w|e|b|r|e|n|d|e|r|,102210fe594ee9b33d82058545b1ed14f4c8206e,PerceptualSpeedIndex,google-docs,True,google-docs PerceptualSpeedIndex opt fission warm webrender,,77,ms,firefox,,1806868942,2023-12-05 21:38:52,1343440,,,,,,,,,,,,,,,,,,,,,,,,,,,,,,,,,,,,,,,,,,,,,,,,,TN
1521,37f860367f1078a1aeb06260a19dca2dcb508df2,0.20876638047898788,autoland,3779647,13,a34e21034f2e3c317ebb3d485012938d48ad04ac,macosx1015-64-shippable-qr,True,False,,|f|i|s|s|i|o|n| |w|a|r|m| |w|e|b|r|e|n|d|e|r|,102210fe594ee9b33d82058545b1ed14f4c8206e,PerceptualSpeedIndex,google-docs,True,google-docs PerceptualSpeedIndex opt fission warm webrender,,77,ms,firefox,,1808466562,2023-12-05 21:40:21,1343442,,,,,,,,,,,,,,,,,,,,,,,,,,,,,,,,,,,,,,,,,,,,,,,,,TN
1522,c8d8db310b461ab11aa207c440dce1399da0e153,0.19950293718933576,autoland,3779647,13,a34e21034f2e3c317ebb3d485012938d48ad04ac,macosx1015-64-shippable-qr,True,False,,|f|i|s|s|i|o|n| |w|a|r|m| |w|e|b|r|e|n|d|e|r|,102210fe594ee9b33d82058545b1ed14f4c8206e,PerceptualSpeedIndex,google-docs,True,google-docs PerceptualSpeedIndex opt fission warm webrender,,77,ms,firefox,,1808466637,2023-12-05 21:47:57,1343448,,,,,,,,,,,,,,,,,,,,,,,,,,,,,,,,,,,,,,,,,,,,,,,,,TN
1523,c6c4a3b054ee57ce8229ba4f7b0c72166333d43a,0.19069136918210572,autoland,3779647,13,a34e21034f2e3c317ebb3d485012938d48ad04ac,macosx1015-64-shippable-qr,True,False,,|f|i|s|s|i|o|n| |w|a|r|m| |w|e|b|r|e|n|d|e|r|,102210fe594ee9b33d82058545b1ed14f4c8206e,PerceptualSpeedIndex,google-docs,True,google-docs PerceptualSpeedIndex opt fission warm webrender,,77,ms,firefox,,1808496458,2023-12-05 22:19:40,1343472,,,,,,,,,,,,,,,,,,,,,,,,,,,,,,,,,,,,,,,,,,,,,,,,,TN
1524,81652e4e3063db968d947c929d5f2a32c29260e6,0.20989606868504285,autoland,3779647,13,a34e21034f2e3c317ebb3d485012938d48ad04ac,macosx1015-64-shippable-qr,True,False,,|f|i|s|s|i|o|n| |w|a|r|m| |w|e|b|r|e|n|d|e|r|,102210fe594ee9b33d82058545b1ed14f4c8206e,PerceptualSpeedIndex,google-docs,True,google-docs PerceptualSpeedIndex opt fission warm webrender,,77,ms,firefox,,1808510508,2023-12-05 22:31:31,1343477,,,,,,,,,,,,,,,,,,,,,,,,,,,,,,,,,,,,,,,,,,,,,,,,,TN
1525,9d80c2eb64b7ed88243a0bbfe3f19f5580b76dcc,0.2028920018075011,autoland,3779647,13,a34e21034f2e3c317ebb3d485012938d48ad04ac,macosx1015-64-shippable-qr,True,False,,|f|i|s|s|i|o|n| |w|a|r|m| |w|e|b|r|e|n|d|e|r|,102210fe594ee9b33d82058545b1ed14f4c8206e,PerceptualSpeedIndex,google-docs,True,google-docs PerceptualSpeedIndex opt fission warm webrender,,77,ms,firefox,,1808496246,2023-12-05 22:41:36,1343487,,,,,,,,,,,,,,,,,,,,,,,,,,,,,,,,,,,,,,,,,,,,,,,,,TN
1526,fed4b5c2701f7a3926676a40150b055fb9ec039a,0.19814731134206953,autoland,3779647,13,a34e21034f2e3c317ebb3d485012938d48ad04ac,macosx1015-64-shippable-qr,True,False,,|f|i|s|s|i|o|n| |w|a|r|m| |w|e|b|r|e|n|d|e|r|,102210fe594ee9b33d82058545b1ed14f4c8206e,PerceptualSpeedIndex,google-docs,True,google-docs PerceptualSpeedIndex opt fission warm webrender,,77,ms,firefox,,1808496351,2023-12-05 22:57:47,1343499,,,,,,,,,,,,,,,,,,,,,,,,,,,,,,,,,,,,,,,,,,,,,,,,,TN
1527,00afe2e46b1bcb1b1da35475c886a0c66f949434,0.21893357433348393,autoland,3779647,13,a34e21034f2e3c317ebb3d485012938d48ad04ac,macosx1015-64-shippable-qr,True,False,,|f|i|s|s|i|o|n| |w|a|r|m| |w|e|b|r|e|n|d|e|r|,102210fe594ee9b33d82058545b1ed14f4c8206e,PerceptualSpeedIndex,google-docs,True,google-docs PerceptualSpeedIndex opt fission warm webrender,,77,ms,firefox,,1808497052,2023-12-05 23:32:06,1343513,,,,,,,,,,,,,,,,,,,,,,,,,,,,,,,,,,,,,,,,,,,,,,,,,TN
1528,f3c72b5730df88fce5472439458ad122f9a2d83e,0.21848169905106185,autoland,3779647,13,a34e21034f2e3c317ebb3d485012938d48ad04ac,macosx1015-64-shippable-qr,True,False,,|f|i|s|s|i|o|n| |w|a|r|m| |w|e|b|r|e|n|d|e|r|,102210fe594ee9b33d82058545b1ed14f4c8206e,PerceptualSpeedIndex,google-docs,True,google-docs PerceptualSpeedIndex opt fission warm webrender,,77,ms,firefox,,1808510602,2023-12-06 00:01:51,1343536,,,,,,,,,,,,,,,,,,,,,,,,,,,,,,,,,,,,,,,,,,,,,,,,,TN
1529,b4a067f5b89d67c7fc5f7cbbb611626d68af37ef,0.21351107094441946,autoland,3779647,13,a34e21034f2e3c317ebb3d485012938d48ad04ac,macosx1015-64-shippable-qr,True,False,,|f|i|s|s|i|o|n| |w|a|r|m| |w|e|b|r|e|n|d|e|r|,102210fe594ee9b33d82058545b1ed14f4c8206e,PerceptualSpeedIndex,google-docs,True,google-docs PerceptualSpeedIndex opt fission warm webrender,,77,ms,firefox,,1808510741,2023-12-06 00:08:56,1343537,,,,,,,,,,,,,,,,,,,,,,,,,,,,,,,,,,,,,,,,,,,,,,,,,TN
1530,30004166d9f2cc3399da68e8762c35b1b886c0dc,0.22028920018075016,autoland,3779647,13,a34e21034f2e3c317ebb3d485012938d48ad04ac,macosx1015-64-shippable-qr,True,False,,|f|i|s|s|i|o|n| |w|a|r|m| |w|e|b|r|e|n|d|e|r|,102210fe594ee9b33d82058545b1ed14f4c8206e,PerceptualSpeedIndex,google-docs,True,google-docs PerceptualSpeedIndex opt fission warm webrender,,77,ms,firefox,,1806897958,2023-12-06 02:13:38,1343563,,,,,,,,,,,,,,,,,,,,,,,,,,,,,,,,,,,,,,,,,,,,,,,,,TN
1531,6ca0bce858e2ec9a92ba045d19252239fc50fc12,0.21351107094441946,autoland,3779647,13,a34e21034f2e3c317ebb3d485012938d48ad04ac,macosx1015-64-shippable-qr,True,False,,|f|i|s|s|i|o|n| |w|a|r|m| |w|e|b|r|e|n|d|e|r|,102210fe594ee9b33d82058545b1ed14f4c8206e,PerceptualSpeedIndex,google-docs,True,google-docs PerceptualSpeedIndex opt fission warm webrender,,77,ms,firefox,,1808510808,2023-12-06 02:27:04,1343568,,,,,,,,,,,,,,,,,,,,,,,,,,,,,,,,,,,,,,,,,,,,,,,,,TN
1532,97dbbac0078e52636307914d54eac44a51f32782,0.21712607320379562,autoland,3779647,13,a34e21034f2e3c317ebb3d485012938d48ad04ac,macosx1015-64-shippable-qr,True,False,,|f|i|s|s|i|o|n| |w|a|r|m| |w|e|b|r|e|n|d|e|r|,102210fe594ee9b33d82058545b1ed14f4c8206e,PerceptualSpeedIndex,google-docs,True,google-docs PerceptualSpeedIndex opt fission warm webrender,,77,ms,firefox,,1808876074,2023-12-06 02:49:11,1343573,,,,,,,,,,,,,,,,,,,,,,,,,,,,,,,,,,,,,,,,,,,,,,,,,TN
1533,e01e64c4d032cbd8c06d226d9e614b1c1cc9c451,0.20673294170808854,autoland,3779647,13,a34e21034f2e3c317ebb3d485012938d48ad04ac,macosx1015-64-shippable-qr,True,False,,|f|i|s|s|i|o|n| |w|a|r|m| |w|e|b|r|e|n|d|e|r|,102210fe594ee9b33d82058545b1ed14f4c8206e,PerceptualSpeedIndex,google-docs,True,google-docs PerceptualSpeedIndex opt fission warm webrender,,77,ms,firefox,,1808585341,2023-12-06 05:09:31,1343588,,,,,,,,,,,,,,,,,,,,,,,,,,,,,,,,,,,,,,,,,,,,,,,,,TN
1534,8d007937f977db59d7eb8dd24fd8dae0b779df13,0.19159511974694987,autoland,3779647,13,a34e21034f2e3c317ebb3d485012938d48ad04ac,macosx1015-64-shippable-qr,True,False,,|f|i|s|s|i|o|n| |w|a|r|m| |w|e|b|r|e|n|d|e|r|,102210fe594ee9b33d82058545b1ed14f4c8206e,PerceptualSpeedIndex,google-docs,True,google-docs PerceptualSpeedIndex opt fission warm webrender,,77,ms,firefox,,1808542463,2023-12-06 05:20:18,1343590,,,,,,,,,,,,,,,,,,,,,,,,,,,,,,,,,,,,,,,,,,,,,,,,,TN
1535,25a57635a5f1fea590ca16f344ac72655a0dec2f,0.21238138273836427,autoland,3779647,13,a34e21034f2e3c317ebb3d485012938d48ad04ac,macosx1015-64-shippable-qr,True,False,,|f|i|s|s|i|o|n| |w|a|r|m| |w|e|b|r|e|n|d|e|r|,102210fe594ee9b33d82058545b1ed14f4c8206e,PerceptualSpeedIndex,google-docs,True,google-docs PerceptualSpeedIndex opt fission warm webrender,,77,ms,firefox,,1808511379,2023-12-06 07:04:47,1343594,,,,,,,,,,,,,,,,,,,,,,,,,,,,,,,,,,,,,,,,,,,,,,,,,TN
1536,87b34f6d58697c533192ce4b63b050d08079a63b,0.19746949841843664,autoland,3779647,13,a34e21034f2e3c317ebb3d485012938d48ad04ac,macosx1015-64-shippable-qr,True,False,,|f|i|s|s|i|o|n| |w|a|r|m| |w|e|b|r|e|n|d|e|r|,102210fe594ee9b33d82058545b1ed14f4c8206e,PerceptualSpeedIndex,google-docs,True,google-docs PerceptualSpeedIndex opt fission warm webrender,,77,ms,firefox,,1808511873,2023-12-06 08:36:18,1343630,,,,,,,,,,,,,,,,,,,,,,,,,,,,,,,,,,,,,,,,,,,,,,,,,TN
1537,3fe7139f1eb3c4ef882e197fcfb43d6d4c31fde0,0.20605512878445542,autoland,3779647,13,a34e21034f2e3c317ebb3d485012938d48ad04ac,macosx1015-64-shippable-qr,True,False,,|f|i|s|s|i|o|n| |w|a|r|m| |w|e|b|r|e|n|d|e|r|,102210fe594ee9b33d82058545b1ed14f4c8206e,PerceptualSpeedIndex,google-docs,True,google-docs PerceptualSpeedIndex opt fission warm webrender,,77,ms,firefox,,1808512057,2023-12-06 08:57:32,1343634,,,,,,,,,,,,,,,,,,,,,,,,,,,,,,,,,,,,,,,,,,,,,,,,,TN
1538,cd724cf4582b3e920c614d33a669277bac94bab1,0.21238138273836427,autoland,3779647,13,a34e21034f2e3c317ebb3d485012938d48ad04ac,macosx1015-64-shippable-qr,True,False,,|f|i|s|s|i|o|n| |w|a|r|m| |w|e|b|r|e|n|d|e|r|,102210fe594ee9b33d82058545b1ed14f4c8206e,PerceptualSpeedIndex,google-docs,True,google-docs PerceptualSpeedIndex opt fission warm webrender,,77,ms,firefox,,1808558320,2023-12-06 09:05:06,1343643,,,,,,,,,,,,,,,,,,,,,,,,,,,,,,,,,,,,,,,,,,,,,,,,,TN
1539,3ef263566f4f4def576c3f1ed01d424b8c29a2cb,0.23520108450067778,autoland,3779647,13,a34e21034f2e3c317ebb3d485012938d48ad04ac,macosx1015-64-shippable-qr,True,False,,|f|i|s|s|i|o|n| |w|a|r|m| |w|e|b|r|e|n|d|e|r|,102210fe594ee9b33d82058545b1ed14f4c8206e,PerceptualSpeedIndex,google-docs,True,google-docs PerceptualSpeedIndex opt fission warm webrender,,77,ms,firefox,,1808424327,2023-12-06 09:07:38,1343646,,,,,,,,,,,,,,,,,,,,,,,,,,,,,,,,,,,,,,,,,,,,,,,,,TN
1540,63afa0f8febdc8b199d998d50bb76fc8f7945c3e,0.20063262539539095,autoland,3779647,13,a34e21034f2e3c317ebb3d485012938d48ad04ac,macosx1015-64-shippable-qr,True,False,,|f|i|s|s|i|o|n| |w|a|r|m| |w|e|b|r|e|n|d|e|r|,102210fe594ee9b33d82058545b1ed14f4c8206e,PerceptualSpeedIndex,google-docs,True,google-docs PerceptualSpeedIndex opt fission warm webrender,,77,ms,firefox,,1807010198,2023-12-06 09:09:58,1343650,,,,,,,,,,,,,,,,,,,,,,,,,,,,,,,,,,,,,,,,,,,,,,,,,TN
1541,bd72dc9af1136390dd2d815e8d54aaeccb716364,0.20108450067781303,autoland,3779647,13,a34e21034f2e3c317ebb3d485012938d48ad04ac,macosx1015-64-shippable-qr,True,False,,|f|i|s|s|i|o|n| |w|a|r|m| |w|e|b|r|e|n|d|e|r|,102210fe594ee9b33d82058545b1ed14f4c8206e,PerceptualSpeedIndex,google-docs,True,google-docs PerceptualSpeedIndex opt fission warm webrender,,77,ms,firefox,,1807566319,2023-12-06 11:41:32,1343706,,,,,,,,,,,,,,,,,,,,,,,,,,,,,,,,,,,,,,,,,,,,,,,,,TN
1542,2f3297d504f3c523b74f99bff2204116513e0d48,0.1967916854948033,autoland,3779647,13,a34e21034f2e3c317ebb3d485012938d48ad04ac,macosx1015-64-shippable-qr,True,False,,|f|i|s|s|i|o|n| |w|a|r|m| |w|e|b|r|e|n|d|e|r|,102210fe594ee9b33d82058545b1ed14f4c8206e,PerceptualSpeedIndex,google-docs,True,google-docs PerceptualSpeedIndex opt fission warm webrender,,77,ms,firefox,,1807564702,2023-12-06 13:05:41,1343730,,,,,,,,,,,,,,,,,,,,,,,,,,,,,,,,,,,,,,,,,,,,,,,,,TN
1543,52f516546de7ac66228e074000877d32ebf093af,0.2139629462268413,autoland,3779647,13,a34e21034f2e3c317ebb3d485012938d48ad04ac,macosx1015-64-shippable-qr,True,False,,|f|i|s|s|i|o|n| |w|a|r|m| |w|e|b|r|e|n|d|e|r|,102210fe594ee9b33d82058545b1ed14f4c8206e,PerceptualSpeedIndex,google-docs,True,google-docs PerceptualSpeedIndex opt fission warm webrender,,77,ms,firefox,,1807183790,2023-12-06 13:42:54,1343745,,,,,,,,,,,,,,,,,,,,,,,,,,,,,,,,,,,,,,,,,,,,,,,,,TN
1544,a035ddfc75fc597cd1df3c347d2cbbc50568f884,0.1967916854948033,autoland,3779647,13,a34e21034f2e3c317ebb3d485012938d48ad04ac,macosx1015-64-shippable-qr,True,False,,|f|i|s|s|i|o|n| |w|a|r|m| |w|e|b|r|e|n|d|e|r|,102210fe594ee9b33d82058545b1ed14f4c8206e,PerceptualSpeedIndex,google-docs,True,google-docs PerceptualSpeedIndex opt fission warm webrender,,77,ms,firefox,,1807193403,2023-12-06 14:11:26,1343771,,,,,,,,,,,,,,,,,,,,,,,,,,,,,,,,,,,,,,,,,,,,,,,,,TN
1545,a69c40accbf099d041417ce4da9b82829f044167,0.1985991866244916,autoland,3779647,13,a34e21034f2e3c317ebb3d485012938d48ad04ac,macosx1015-64-shippable-qr,True,False,,|f|i|s|s|i|o|n| |w|a|r|m| |w|e|b|r|e|n|d|e|r|,102210fe594ee9b33d82058545b1ed14f4c8206e,PerceptualSpeedIndex,google-docs,True,google-docs PerceptualSpeedIndex opt fission warm webrender,,77,ms,firefox,,1807564726,2023-12-06 16:34:41,1343891,,,,,,,,,,,,,,,,,,,,,,,,,,,,,,,,,,,,,,,,,,,,,,,,,TN
1546,ef4b8028299fa2b731c2ac785839a0bba06025d9,0.2322638951649345,autoland,3779647,13,a34e21034f2e3c317ebb3d485012938d48ad04ac,macosx1015-64-shippable-qr,True,False,,|f|i|s|s|i|o|n| |w|a|r|m| |w|e|b|r|e|n|d|e|r|,102210fe594ee9b33d82058545b1ed14f4c8206e,PerceptualSpeedIndex,google-docs,True,google-docs PerceptualSpeedIndex opt fission warm webrender,,77,ms,firefox,,1807576962,2023-12-06 16:56:14,1343908,,,,,,,,,,,,,,,,,,,,,,,,,,,,,,,,,,,,,,,,,,,,,,,,,TN
1547,ab110e2fcc6ab3c8e078fe970b109f482069386e,0.21712607320379562,autoland,3779647,13,a34e21034f2e3c317ebb3d485012938d48ad04ac,macosx1015-64-shippable-qr,True,False,,|f|i|s|s|i|o|n| |w|a|r|m| |w|e|b|r|e|n|d|e|r|,102210fe594ee9b33d82058545b1ed14f4c8206e,PerceptualSpeedIndex,google-docs,True,google-docs PerceptualSpeedIndex opt fission warm webrender,,77,ms,firefox,,1807332966,2023-12-06 18:17:17,1343990,,,,,,,,,,,,,,,,,,,,,,,,,,,,,,,,,,,,,,,,,,,,,,,,,TN
1548,f3fc0213f527ba806a10092bbadec34e00dbe4f6,0.19927699954812472,autoland,3779647,13,a34e21034f2e3c317ebb3d485012938d48ad04ac,macosx1015-64-shippable-qr,True,False,,|f|i|s|s|i|o|n| |w|a|r|m| |w|e|b|r|e|n|d|e|r|,102210fe594ee9b33d82058545b1ed14f4c8206e,PerceptualSpeedIndex,google-docs,True,google-docs PerceptualSpeedIndex opt fission warm webrender,,77,ms,firefox,,1807461368,2023-12-06 22:50:02,1344189,,,,,,,,,,,,,,,,,,,,,,,,,,,,,,,,,,,,,,,,,,,,,,,,,TN
1549,9259a4ff84a40f3ba6516914e0b3a56b8d0c1f6c,0.22345232715770447,autoland,3779647,13,a34e21034f2e3c317ebb3d485012938d48ad04ac,macosx1015-64-shippable-qr,True,False,,|f|i|s|s|i|o|n| |w|a|r|m| |w|e|b|r|e|n|d|e|r|,102210fe594ee9b33d82058545b1ed14f4c8206e,PerceptualSpeedIndex,google-docs,True,google-docs PerceptualSpeedIndex opt fission warm webrender,,77,ms,firefox,,1808456524,2023-12-07 02:13:26,1344265,,,,,,,,,,,,,,,,,,,,,,,,,,,,,,,,,,,,,,,,,,,,,,,,,TN
1550,a69f0b0ab3518bb6ff95e488df4d7fb3c442e0fb,0.2261635788522367,autoland,3779647,13,a34e21034f2e3c317ebb3d485012938d48ad04ac,macosx1015-64-shippable-qr,True,False,,|f|i|s|s|i|o|n| |w|a|r|m| |w|e|b|r|e|n|d|e|r|,102210fe594ee9b33d82058545b1ed14f4c8206e,PerceptualSpeedIndex,google-docs,True,google-docs PerceptualSpeedIndex opt fission warm webrender,,77,ms,firefox,,1808460266,2023-12-07 02:14:19,1344266,,,,,,,,,,,,,,,,,,,,,,,,,,,,,,,,,,,,,,,,,,,,,,,,,TN
1551,93a04e8835aaaf359b24f47f54d622f7d36fd813,0.2114776321735199,autoland,3779647,13,a34e21034f2e3c317ebb3d485012938d48ad04ac,macosx1015-64-shippable-qr,True,False,,|f|i|s|s|i|o|n| |w|a|r|m| |w|e|b|r|e|n|d|e|r|,102210fe594ee9b33d82058545b1ed14f4c8206e,PerceptualSpeedIndex,google-docs,True,google-docs PerceptualSpeedIndex opt fission warm webrender,,77,ms,firefox,,1807536091,2023-12-07 04:18:34,1344290,,,,,,,,,,,,,,,,,,,,,,,,,,,,,,,,,,,,,,,,,,,,,,,,,TN
1552,f5d904bee3fe6c9e79061b56c8499b6154f7d3ff,0.22684139177586982,autoland,3779647,13,a34e21034f2e3c317ebb3d485012938d48ad04ac,macosx1015-64-shippable-qr,True,False,,|f|i|s|s|i|o|n| |w|a|r|m| |w|e|b|r|e|n|d|e|r|,102210fe594ee9b33d82058545b1ed14f4c8206e,PerceptualSpeedIndex,google-docs,True,google-docs PerceptualSpeedIndex opt fission warm webrender,,77,ms,firefox,,1807669933,2023-12-07 09:07:30,1344349,,,,,,,,,,,,,,,,,,,,,,,,,,,,,,,,,,,,,,,,,,,,,,,,,TN
1553,bea12a00706c3b2951d467008996bf7e89d17e5b,0.21125169453230908,autoland,3779647,13,a34e21034f2e3c317ebb3d485012938d48ad04ac,macosx1015-64-shippable-qr,True,False,,|f|i|s|s|i|o|n| |w|a|r|m| |w|e|b|r|e|n|d|e|r|,102210fe594ee9b33d82058545b1ed14f4c8206e,PerceptualSpeedIndex,google-docs,True,google-docs PerceptualSpeedIndex opt fission warm webrender,,77,ms,firefox,,1807766659,2023-12-07 12:51:56,1344456,,,,,,,,,,,,,,,,,,,,,,,,,,,,,,,,,,,,,,,,,,,,,,,,,TN
1554,ee83b5ce89b76ccac425ff061ab7b9242f847931,0.22277451423407135,autoland,3779647,13,a34e21034f2e3c317ebb3d485012938d48ad04ac,macosx1015-64-shippable-qr,True,False,,|f|i|s|s|i|o|n| |w|a|r|m| |w|e|b|r|e|n|d|e|r|,102210fe594ee9b33d82058545b1ed14f4c8206e,PerceptualSpeedIndex,google-docs,True,google-docs PerceptualSpeedIndex opt fission warm webrender,,77,ms,firefox,,1808428596,2023-12-07 13:24:55,1344468,,,,,,,,,,,,,,,,,,,,,,,,,,,,,,,,,,,,,,,,,,,,,,,,,TN
1555,47051dc8963377742b4656efbc924fdb4e2faf6f,0.21644826028016273,autoland,3779647,13,a34e21034f2e3c317ebb3d485012938d48ad04ac,macosx1015-64-shippable-qr,True,False,,|f|i|s|s|i|o|n| |w|a|r|m| |w|e|b|r|e|n|d|e|r|,102210fe594ee9b33d82058545b1ed14f4c8206e,PerceptualSpeedIndex,google-docs,True,google-docs PerceptualSpeedIndex opt fission warm webrender,,77,ms,firefox,,1808417651,2023-12-07 13:38:59,1344471,,,,,,,,,,,,,,,,,,,,,,,,,,,,,,,,,,,,,,,,,,,,,,,,,TN
1556,86eea6f5893cc797c622501ea8a8d4714bf5bfe6,0.19453230908269314,autoland,3779647,13,a34e21034f2e3c317ebb3d485012938d48ad04ac,macosx1015-64-shippable-qr,True,False,,|f|i|s|s|i|o|n| |w|a|r|m| |w|e|b|r|e|n|d|e|r|,102210fe594ee9b33d82058545b1ed14f4c8206e,PerceptualSpeedIndex,google-docs,True,google-docs PerceptualSpeedIndex opt fission warm webrender,,77,ms,firefox,,1808408287,2023-12-07 14:19:42,1344486,,,,,,,,,,,,,,,,,,,,,,,,,,,,,,,,,,,,,,,,,,,,,,,,,TN
1557,6d46d01f4af40e60ef81eef9a5bd88afda7b7aab,0.19159511974694987,autoland,3779647,13,a34e21034f2e3c317ebb3d485012938d48ad04ac,macosx1015-64-shippable-qr,True,False,,|f|i|s|s|i|o|n| |w|a|r|m| |w|e|b|r|e|n|d|e|r|,102210fe594ee9b33d82058545b1ed14f4c8206e,PerceptualSpeedIndex,google-docs,True,google-docs PerceptualSpeedIndex opt fission warm webrender,,77,ms,firefox,,1808464496,2023-12-07 14:20:39,1344488,,,,,,,,,,,,,,,,,,,,,,,,,,,,,,,,,,,,,,,,,,,,,,,,,TN
1558,797281d7e3b5fdd5f6a033248fec7bd885227546,0.1685494803434251,autoland,3779647,13,a34e21034f2e3c317ebb3d485012938d48ad04ac,macosx1015-64-shippable-qr,True,False,,|f|i|s|s|i|o|n| |w|a|r|m| |w|e|b|r|e|n|d|e|r|,102210fe594ee9b33d82058545b1ed14f4c8206e,PerceptualSpeedIndex,google-docs,True,google-docs PerceptualSpeedIndex opt fission warm webrender,,77,ms,firefox,,1808097142,2023-12-07 21:41:48,1344786,,,,,,,,,,,,,,,,,,,,,,,,,,,,,,,,,,,,,,,,,,,,,,,,,TN
1559,75e0ede09503eccf1cbef8632f794d1929320b8c,0.20605512878445542,autoland,3779647,13,a34e21034f2e3c317ebb3d485012938d48ad04ac,macosx1015-64-shippable-qr,True,False,,|f|i|s|s|i|o|n| |w|a|r|m| |w|e|b|r|e|n|d|e|r|,102210fe594ee9b33d82058545b1ed14f4c8206e,PerceptualSpeedIndex,google-docs,True,google-docs PerceptualSpeedIndex opt fission warm webrender,,77,ms,firefox,,1808446491,2023-12-07 21:42:43,1344787,,,,,,,,,,,,,,,,,,,,,,,,,,,,,,,,,,,,,,,,,,,,,,,,,TN
1560,a9e008e57ceeb52687048bd12fae3896ec5ac4a3,0.21486669679168546,autoland,3779647,13,a34e21034f2e3c317ebb3d485012938d48ad04ac,macosx1015-64-shippable-qr,True,False,,|f|i|s|s|i|o|n| |w|a|r|m| |w|e|b|r|e|n|d|e|r|,102210fe594ee9b33d82058545b1ed14f4c8206e,PerceptualSpeedIndex,google-docs,True,google-docs PerceptualSpeedIndex opt fission warm webrender,,77,ms,firefox,,1808413604,2023-12-07 21:43:35,1344788,,,,,,,,,,,,,,,,,,,,,,,,,,,,,,,,,,,,,,,,,,,,,,,,,TN
1561,c34126c5e2a85c81e511c7c4017e7f2694ddce13,0.21373700858563027,autoland,3779647,13,a34e21034f2e3c317ebb3d485012938d48ad04ac,macosx1015-64-shippable-qr,True,False,,|f|i|s|s|i|o|n| |w|a|r|m| |w|e|b|r|e|n|d|e|r|,102210fe594ee9b33d82058545b1ed14f4c8206e,PerceptualSpeedIndex,google-docs,True,google-docs PerceptualSpeedIndex opt fission warm webrender,,77,ms,firefox,,1808117905,2023-12-07 22:56:27,1344823,,,,,,,,,,,,,,,,,,,,,,,,,,,,,,,,,,,,,,,,,,,,,,,,,TN
1562,3152110c63b5c99048b0651867ecf7723aa5ddf8,0.23339358337098948,autoland,3779647,13,a34e21034f2e3c317ebb3d485012938d48ad04ac,macosx1015-64-shippable-qr,True,False,,|f|i|s|s|i|o|n| |w|a|r|m| |w|e|b|r|e|n|d|e|r|,102210fe594ee9b33d82058545b1ed14f4c8206e,PerceptualSpeedIndex,google-docs,True,google-docs PerceptualSpeedIndex opt fission warm webrender,,77,ms,firefox,,1808432375,2023-12-08 04:49:01,1344948,,,,,,,,,,,,,,,,,,,,,,,,,,,,,,,,,,,,,,,,,,,,,,,,,TN
1563,ff785fa504232b935c33c7d8c38a1cdc2f8d2d35,0.20628106642566646,autoland,3779647,13,a34e21034f2e3c317ebb3d485012938d48ad04ac,macosx1015-64-shippable-qr,True,False,,|f|i|s|s|i|o|n| |w|a|r|m| |w|e|b|r|e|n|d|e|r|,102210fe594ee9b33d82058545b1ed14f4c8206e,PerceptualSpeedIndex,google-docs,True,google-docs PerceptualSpeedIndex opt fission warm webrender,,77,ms,firefox,,1808872217,2023-12-08 09:01:47,1345044,,,,,,,,,,,,,,,,,,,,,,,,,,,,,,,,,,,,,,,,,,,,,,,,,TN
1564,84f194823b719420c22157f7e540e660397a17f2,0.193628558517849,autoland,3779647,13,a34e21034f2e3c317ebb3d485012938d48ad04ac,macosx1015-64-shippable-qr,True,False,,|f|i|s|s|i|o|n| |w|a|r|m| |w|e|b|r|e|n|d|e|r|,102210fe594ee9b33d82058545b1ed14f4c8206e,PerceptualSpeedIndex,google-docs,True,google-docs PerceptualSpeedIndex opt fission warm webrender,,77,ms,firefox,,1808883913,2023-12-08 14:53:30,1345173,,,,,,,,,,,,,,,,,,,,,,,,,,,,,,,,,,,,,,,,,,,,,,,,,TN
1565,6f5601bcf5ef9fa22b46e44e1d5e34893a04fc9e,0.23023045639403517,autoland,3779647,13,a34e21034f2e3c317ebb3d485012938d48ad04ac,macosx1015-64-shippable-qr,True,False,,|f|i|s|s|i|o|n| |w|a|r|m| |w|e|b|r|e|n|d|e|r|,102210fe594ee9b33d82058545b1ed14f4c8206e,PerceptualSpeedIndex,google-docs,True,google-docs PerceptualSpeedIndex opt fission warm webrender,,77,ms,firefox,,1809034548,2023-12-08 20:09:00,1345337,,,,,,,,,,,,,,,,,,,,,,,,,,,,,,,,,,,,,,,,,,,,,,,,,TN
1566,5e7ca7b9c60d764540bfc20b243ffaa67dfbfaa9,0.2028920018075011,autoland,3779647,13,a34e21034f2e3c317ebb3d485012938d48ad04ac,macosx1015-64-shippable-qr,True,False,,|f|i|s|s|i|o|n| |w|a|r|m| |w|e|b|r|e|n|d|e|r|,102210fe594ee9b33d82058545b1ed14f4c8206e,PerceptualSpeedIndex,google-docs,True,google-docs PerceptualSpeedIndex opt fission warm webrender,,77,ms,firefox,,1809054652,2023-12-09 00:35:37,1345495,,,,,,,,,,,,,,,,,,,,,,,,,,,,,,,,,,,,,,,,,,,,,,,,,TN
1567,9536c8afccb6fe6adb81c34e04ad22608a1cc454,0.19069136918210572,autoland,3779647,13,a34e21034f2e3c317ebb3d485012938d48ad04ac,macosx1015-64-shippable-qr,True,False,,|f|i|s|s|i|o|n| |w|a|r|m| |w|e|b|r|e|n|d|e|r|,102210fe594ee9b33d82058545b1ed14f4c8206e,PerceptualSpeedIndex,google-docs,True,google-docs PerceptualSpeedIndex opt fission warm webrender,,77,ms,firefox,,1809062496,2023-12-09 00:36:34,1345496,,,,,,,,,,,,,,,,,,,,,,,,,,,,,,,,,,,,,,,,,,,,,,,,,TN
1568,ce53d4215ca91122e12f63ca196acefc22a8d98c,0.21351107094441946,autoland,3779647,13,a34e21034f2e3c317ebb3d485012938d48ad04ac,macosx1015-64-shippable-qr,True,False,,|f|i|s|s|i|o|n| |w|a|r|m| |w|e|b|r|e|n|d|e|r|,102210fe594ee9b33d82058545b1ed14f4c8206e,PerceptualSpeedIndex,google-docs,True,google-docs PerceptualSpeedIndex opt fission warm webrender,,77,ms,firefox,,1809237721,2023-12-09 11:58:04,1345582,,,,,,,,,,,,,,,,,,,,,,,,,,,,,,,,,,,,,,,,,,,,,,,,,TN
1569,199c3dc51f2dd8c55a3346ac587238e6376b7236,0.23000451875282413,autoland,3779647,13,a34e21034f2e3c317ebb3d485012938d48ad04ac,macosx1015-64-shippable-qr,True,False,,|f|i|s|s|i|o|n| |w|a|r|m| |w|e|b|r|e|n|d|e|r|,102210fe594ee9b33d82058545b1ed14f4c8206e,PerceptualSpeedIndex,google-docs,True,google-docs PerceptualSpeedIndex opt fission warm webrender,,77,ms,firefox,,1809268979,2023-12-09 16:44:21,1345611,,,,,,,,,,,,,,,,,,,,,,,,,,,,,,,,,,,,,,,,,,,,,,,,,TN
1570,037b4a8e4edce03936a64d9d073da41b8b1bd9fb,0.2144148215092634,autoland,3779647,13,a34e21034f2e3c317ebb3d485012938d48ad04ac,macosx1015-64-shippable-qr,True,False,,|f|i|s|s|i|o|n| |w|a|r|m| |w|e|b|r|e|n|d|e|r|,102210fe594ee9b33d82058545b1ed14f4c8206e,PerceptualSpeedIndex,google-docs,True,google-docs PerceptualSpeedIndex opt fission warm webrender,,77,ms,firefox,,1809293407,2023-12-09 17:32:11,1345614,,,,,,,,,,,,,,,,,,,,,,,,,,,,,,,,,,,,,,,,,,,,,,,,,TN
1571,815bf21f166b5019bdab6ec104bc2f4475a7b553,0.2096701310438318,autoland,3779647,13,a34e21034f2e3c317ebb3d485012938d48ad04ac,macosx1015-64-shippable-qr,True,False,,|f|i|s|s|i|o|n| |w|a|r|m| |w|e|b|r|e|n|d|e|r|,102210fe594ee9b33d82058545b1ed14f4c8206e,PerceptualSpeedIndex,google-docs,True,google-docs PerceptualSpeedIndex opt fission warm webrender,,77,ms,firefox,,1809373173,2023-12-10 03:19:38,1345657,,,,,,,,,,,,,,,,,,,,,,,,,,,,,,,,,,,,,,,,,,,,,,,,,TN
1572,d4ee61633ce965862e2ee27be32e8a58344a7b03,0.20379575237234526,autoland,3779647,13,a34e21034f2e3c317ebb3d485012938d48ad04ac,macosx1015-64-shippable-qr,True,False,,|f|i|s|s|i|o|n| |w|a|r|m| |w|e|b|r|e|n|d|e|r|,102210fe594ee9b33d82058545b1ed14f4c8206e,PerceptualSpeedIndex,google-docs,True,google-docs PerceptualSpeedIndex opt fission warm webrender,,77,ms,firefox,,1809494385,2023-12-11 00:42:11,1345765,,,,,,,,,,,,,,,,,,,,,,,,,,,,,,,,,,,,,,,,,,,,,,,,,TN
1573,e84648aa607a32b9e4bbd2378f5a7caf9e31264a,0.22322638951649343,autoland,3779647,13,a34e21034f2e3c317ebb3d485012938d48ad04ac,macosx1015-64-shippable-qr,True,False,,|f|i|s|s|i|o|n| |w|a|r|m| |w|e|b|r|e|n|d|e|r|,102210fe594ee9b33d82058545b1ed14f4c8206e,PerceptualSpeedIndex,google-docs,True,google-docs PerceptualSpeedIndex opt fission warm webrender,,77,ms,firefox,,1809538110,2023-12-11 06:57:03,1345835,,,,,,,,,,,,,,,,,,,,,,,,,,,,,,,,,,,,,,,,,,,,,,,,,TN
1574,25a3d6c779f3ef9a9220e2d972c18f2e5a039cb2,0.20131043831902384,autoland,3779647,13,a34e21034f2e3c317ebb3d485012938d48ad04ac,macosx1015-64-shippable-qr,True,False,,|f|i|s|s|i|o|n| |w|a|r|m| |w|e|b|r|e|n|d|e|r|,102210fe594ee9b33d82058545b1ed14f4c8206e,PerceptualSpeedIndex,google-docs,True,google-docs PerceptualSpeedIndex opt fission warm webrender,,77,ms,firefox,,1809582042,2023-12-11 09:13:41,1345868,,,,,,,,,,,,,,,,,,,,,,,,,,,,,,,,,,,,,,,,,,,,,,,,,TN
1575,46d1ac4f2e9c8c9c173c430225737701542931bb,0.20831450519656558,autoland,3779647,13,a34e21034f2e3c317ebb3d485012938d48ad04ac,macosx1015-64-shippable-qr,True,False,,|f|i|s|s|i|o|n| |w|a|r|m| |w|e|b|r|e|n|d|e|r|,102210fe594ee9b33d82058545b1ed14f4c8206e,PerceptualSpeedIndex,google-docs,True,google-docs PerceptualSpeedIndex opt fission warm webrender,,77,ms,firefox,,1809789274,2023-12-11 13:39:55,1346049,,,,,,,,,,,,,,,,,,,,,,,,,,,,,,,,,,,,,,,,,,,,,,,,,TN
1576,4a4a406091cd38a7f1c47c0603c7b4dfb4aecd36,0.20921825576140973,autoland,3779647,13,a34e21034f2e3c317ebb3d485012938d48ad04ac,macosx1015-64-shippable-qr,True,False,,|f|i|s|s|i|o|n| |w|a|r|m| |w|e|b|r|e|n|d|e|r|,102210fe594ee9b33d82058545b1ed14f4c8206e,PerceptualSpeedIndex,google-docs,True,google-docs PerceptualSpeedIndex opt fission warm webrender,,77,ms,firefox,,1810182906,2023-12-11 13:42:36,1346052,,,,,,,,,,,,,,,,,,,,,,,,,,,,,,,,,,,,,,,,,,,,,,,,,TN
1577,2e39f61cacdfbdc31348aa972854eddb30572c10,0.21531857207410754,autoland,3779647,13,a34e21034f2e3c317ebb3d485012938d48ad04ac,macosx1015-64-shippable-qr,True,False,,|f|i|s|s|i|o|n| |w|a|r|m| |w|e|b|r|e|n|d|e|r|,102210fe594ee9b33d82058545b1ed14f4c8206e,PerceptualSpeedIndex,google-docs,True,google-docs PerceptualSpeedIndex opt fission warm webrender,,77,ms,firefox,,1810174001,2023-12-11 13:54:53,1346062,,,,,,,,,,,,,,,,,,,,,,,,,,,,,,,,,,,,,,,,,,,,,,,,,TN
1578,148b695e58fcfac3de4d0c3b3507d3a86d2bfb87,0.24988703117939437,autoland,3779647,13,a34e21034f2e3c317ebb3d485012938d48ad04ac,macosx1015-64-shippable-qr,True,False,,|f|i|s|s|i|o|n| |w|a|r|m| |w|e|b|r|e|n|d|e|r|,102210fe594ee9b33d82058545b1ed14f4c8206e,PerceptualSpeedIndex,google-docs,True,google-docs PerceptualSpeedIndex opt fission warm webrender,,77,ms,firefox,,1810156272,2023-12-11 14:00:48,1346066,,,,,,,,,,,,,,,,,,,,,,,,,,,,,,,,,,,,,,,,,,,,,,,,,TN
1579,a1e3aa7070c3265a2460dd9f59444244ab30a373,0.21622232263895147,autoland,3779647,13,a34e21034f2e3c317ebb3d485012938d48ad04ac,macosx1015-64-shippable-qr,True,False,,|f|i|s|s|i|o|n| |w|a|r|m| |w|e|b|r|e|n|d|e|r|,102210fe594ee9b33d82058545b1ed14f4c8206e,PerceptualSpeedIndex,google-docs,True,google-docs PerceptualSpeedIndex opt fission warm webrender,,77,ms,firefox,,1810156297,2023-12-11 14:11:51,1346073,,,,,,,,,,,,,,,,,,,,,,,,,,,,,,,,,,,,,,,,,,,,,,,,,TN
1580,fbda7db8e39b50ebf5ed7092f81706bd1d8c91ab,0.2175779484862177,autoland,3779647,13,a34e21034f2e3c317ebb3d485012938d48ad04ac,macosx1015-64-shippable-qr,True,False,,|f|i|s|s|i|o|n| |w|a|r|m| |w|e|b|r|e|n|d|e|r|,102210fe594ee9b33d82058545b1ed14f4c8206e,PerceptualSpeedIndex,google-docs,True,google-docs PerceptualSpeedIndex opt fission warm webrender,,77,ms,firefox,,1809822038,2023-12-11 15:49:45,1346158,,,,,,,,,,,,,,,,,,,,,,,,,,,,,,,,,,,,,,,,,,,,,,,,,TN
1581,8043d7693dbaf145c601652e0b8947d55f399fd8,0.2397198373248981,autoland,3779647,13,a34e21034f2e3c317ebb3d485012938d48ad04ac,macosx1015-64-shippable-qr,True,False,,|f|i|s|s|i|o|n| |w|a|r|m| |w|e|b|r|e|n|d|e|r|,102210fe594ee9b33d82058545b1ed14f4c8206e,PerceptualSpeedIndex,google-docs,True,google-docs PerceptualSpeedIndex opt fission warm webrender,,77,ms,firefox,,1809893647,2023-12-11 18:22:43,1346298,,,,,,,,,,,,,,,,,,,,,,,,,,,,,,,,,,,,,,,,,,,,,,,,,TN
1582,c2126b815d283d4d848e431071fa77e023b06eb2,0.21260732037957508,autoland,3779647,13,a34e21034f2e3c317ebb3d485012938d48ad04ac,macosx1015-64-shippable-qr,True,False,,|f|i|s|s|i|o|n| |w|a|r|m| |w|e|b|r|e|n|d|e|r|,102210fe594ee9b33d82058545b1ed14f4c8206e,PerceptualSpeedIndex,google-docs,True,google-docs PerceptualSpeedIndex opt fission warm webrender,,77,ms,firefox,,1809978464,2023-12-11 21:32:13,1346462,,,,,,,,,,,,,,,,,,,,,,,,,,,,,,,,,,,,,,,,,,,,,,,,,TN
1583,6e08bc24f0ba8814dfda465963c22d139bf6e80b,0.2218707636692272,autoland,3779647,13,a34e21034f2e3c317ebb3d485012938d48ad04ac,macosx1015-64-shippable-qr,True,False,,|f|i|s|s|i|o|n| |w|a|r|m| |w|e|b|r|e|n|d|e|r|,102210fe594ee9b33d82058545b1ed14f4c8206e,PerceptualSpeedIndex,google-docs,True,google-docs PerceptualSpeedIndex opt fission warm webrender,,77,ms,firefox,,1810076524,2023-12-12 01:33:17,1346620,,,,,,,,,,,,,,,,,,,,,,,,,,,,,,,,,,,,,,,,,,,,,,,,,TN
1584,55cd203304b8d5343dd941d772085dc25fd278c4,0.20695887934929957,autoland,3779647,13,a34e21034f2e3c317ebb3d485012938d48ad04ac,macosx1015-64-shippable-qr,True,False,,|f|i|s|s|i|o|n| |w|a|r|m| |w|e|b|r|e|n|d|e|r|,102210fe594ee9b33d82058545b1ed14f4c8206e,PerceptualSpeedIndex,google-docs,True,google-docs PerceptualSpeedIndex opt fission warm webrender,,77,ms,firefox,,1810091918,2023-12-12 04:01:22,1346691,,,,,,,,,,,,,,,,,,,,,,,,,,,,,,,,,,,,,,,,,,,,,,,,,TN
1585,64c2a5cd2e5c12acc49f695acaca7fc074be00ef,0.2046995029371892,autoland,3779647,13,a34e21034f2e3c317ebb3d485012938d48ad04ac,macosx1015-64-shippable-qr,True,False,,|f|i|s|s|i|o|n| |w|a|r|m| |w|e|b|r|e|n|d|e|r|,102210fe594ee9b33d82058545b1ed14f4c8206e,PerceptualSpeedIndex,google-docs,True,google-docs PerceptualSpeedIndex opt fission warm webrender,,77,ms,firefox,,1810224630,2023-12-12 08:08:04,1346735,,,,,,,,,,,,,,,,,,,,,,,,,,,,,,,,,,,,,,,,,,,,,,,,,TN
1586,378226435d1f217637869bc238a2bff9ae584e04,0.22774514234071397,autoland,3779647,13,a34e21034f2e3c317ebb3d485012938d48ad04ac,macosx1015-64-shippable-qr,True,False,,|f|i|s|s|i|o|n| |w|a|r|m| |w|e|b|r|e|n|d|e|r|,102210fe594ee9b33d82058545b1ed14f4c8206e,PerceptualSpeedIndex,google-docs,True,google-docs PerceptualSpeedIndex opt fission warm webrender,,77,ms,firefox,,1810435469,2023-12-12 13:15:06,1346892,,,,,,,,,,,,,,,,,,,,,,,,,,,,,,,,,,,,,,,,,,,,,,,,,TN
1587,661e5ee3675f09044e67f461631530ae9bc19953,0.22028920018075016,autoland,3779647,13,a34e21034f2e3c317ebb3d485012938d48ad04ac,macosx1015-64-shippable-qr,True,False,,|f|i|s|s|i|o|n| |w|a|r|m| |w|e|b|r|e|n|d|e|r|,102210fe594ee9b33d82058545b1ed14f4c8206e,PerceptualSpeedIndex,google-docs,True,google-docs PerceptualSpeedIndex opt fission warm webrender,,77,ms,firefox,,1810476996,2023-12-12 13:20:17,1346894,,,,,,,,,,,,,,,,,,,,,,,,,,,,,,,,,,,,,,,,,,,,,,,,,TN
1588,89856dfbbbb09660fd0b56d3d9ba6f60c823c81f,0.2144148215092634,autoland,3779647,13,a34e21034f2e3c317ebb3d485012938d48ad04ac,macosx1015-64-shippable-qr,True,False,,|f|i|s|s|i|o|n| |w|a|r|m| |w|e|b|r|e|n|d|e|r|,102210fe594ee9b33d82058545b1ed14f4c8206e,PerceptualSpeedIndex,google-docs,True,google-docs PerceptualSpeedIndex opt fission warm webrender,,77,ms,firefox,,1810547647,2023-12-12 17:56:51,1347131,,,,,,,,,,,,,,,,,,,,,,,,,,,,,,,,,,,,,,,,,,,,,,,,,TN
1589,b7336e3f433e4055ba8a7fcb5c2f756e0e9b59ef,0.23271577044735658,autoland,3779647,13,a34e21034f2e3c317ebb3d485012938d48ad04ac,macosx1015-64-shippable-qr,True,False,,|f|i|s|s|i|o|n| |w|a|r|m| |w|e|b|r|e|n|d|e|r|,102210fe594ee9b33d82058545b1ed14f4c8206e,PerceptualSpeedIndex,google-docs,True,google-docs PerceptualSpeedIndex opt fission warm webrender,,77,ms,firefox,,1810597989,2023-12-12 18:39:48,1347165,,,,,,,,,,,,,,,,,,,,,,,,,,,,,,,,,,,,,,,,,,,,,,,,,TN
1590,7272d706196d83e16ea8366481dce5127407ba4d,0.21486669679168546,autoland,3779647,13,a34e21034f2e3c317ebb3d485012938d48ad04ac,macosx1015-64-shippable-qr,True,False,,|f|i|s|s|i|o|n| |w|a|r|m| |w|e|b|r|e|n|d|e|r|,102210fe594ee9b33d82058545b1ed14f4c8206e,PerceptualSpeedIndex,google-docs,True,google-docs PerceptualSpeedIndex opt fission warm webrender,,77,ms,firefox,,1810625067,2023-12-12 20:06:07,1347223,,,,,,,,,,,,,,,,,,,,,,,,,,,,,,,,,,,,,,,,,,,,,,,,,TN
1591,f823ab1d9a00b627089b75899e588823b584a9c4,0.20424762765476734,autoland,3779647,13,a34e21034f2e3c317ebb3d485012938d48ad04ac,macosx1015-64-shippable-qr,True,False,,|f|i|s|s|i|o|n| |w|a|r|m| |w|e|b|r|e|n|d|e|r|,102210fe594ee9b33d82058545b1ed14f4c8206e,PerceptualSpeedIndex,google-docs,True,google-docs PerceptualSpeedIndex opt fission warm webrender,,77,ms,firefox,,1810788951,2023-12-13 00:40:28,1347426,,,,,,,,,,,,,,,,,,,,,,,,,,,,,,,,,,,,,,,,,,,,,,,,,TN
1592,c7169e7d15af250d7b1ffb91c072a4b2309457c1,0.21283325802078612,autoland,3779647,13,a34e21034f2e3c317ebb3d485012938d48ad04ac,macosx1015-64-shippable-qr,True,False,,|f|i|s|s|i|o|n| |w|a|r|m| |w|e|b|r|e|n|d|e|r|,102210fe594ee9b33d82058545b1ed14f4c8206e,PerceptualSpeedIndex,google-docs,True,google-docs PerceptualSpeedIndex opt fission warm webrender,,77,ms,firefox,,1810805167,2023-12-13 01:59:28,1347482,,,,,,,,,,,,,,,,,,,,,,,,,,,,,,,,,,,,,,,,,,,,,,,,,TN
1593,de73ddb24c16e91d220095612fc21b6636e51f81,0.18165386353366464,autoland,3779647,13,a34e21034f2e3c317ebb3d485012938d48ad04ac,macosx1015-64-shippable-qr,True,False,,|f|i|s|s|i|o|n| |w|a|r|m| |w|e|b|r|e|n|d|e|r|,102210fe594ee9b33d82058545b1ed14f4c8206e,PerceptualSpeedIndex,google-docs,True,google-docs PerceptualSpeedIndex opt fission warm webrender,,77,ms,firefox,,1810836815,2023-12-13 03:53:55,1347525,,,,,,,,,,,,,,,,,,,,,,,,,,,,,,,,,,,,,,,,,,,,,,,,,TN
1594,de61802013d3eabd67e8f7c4382ab95c650835ba,0.22209670131043824,autoland,3779647,13,a34e21034f2e3c317ebb3d485012938d48ad04ac,macosx1015-64-shippable-qr,True,False,,|f|i|s|s|i|o|n| |w|a|r|m| |w|e|b|r|e|n|d|e|r|,102210fe594ee9b33d82058545b1ed14f4c8206e,PerceptualSpeedIndex,google-docs,True,google-docs PerceptualSpeedIndex opt fission warm webrender,,77,ms,firefox,,1810893029,2023-12-13 08:08:28,1347584,,,,,,,,,,,,,,,,,,,,,,,,,,,,,,,,,,,,,,,,,,,,,,,,,TN
1595,12f45306a093afef1d1ed86121d9fcd9e8c69e15,0.20537731586082253,autoland,3779647,13,a34e21034f2e3c317ebb3d485012938d48ad04ac,macosx1015-64-shippable-qr,True,False,,|f|i|s|s|i|o|n| |w|a|r|m| |w|e|b|r|e|n|d|e|r|,102210fe594ee9b33d82058545b1ed14f4c8206e,PerceptualSpeedIndex,google-docs,True,google-docs PerceptualSpeedIndex opt fission warm webrender,,77,ms,firefox,,1811230566,2023-12-13 10:08:23,1347641,,,,,,,,,,,,,,,,,,,,,,,,,,,,,,,,,,,,,,,,,,,,,,,,,TN
1596,86021bfb36c3767a431a670a48505835ae7413cf,0.2071848169905106,autoland,3779647,13,a34e21034f2e3c317ebb3d485012938d48ad04ac,macosx1015-64-shippable-qr,True,False,,|f|i|s|s|i|o|n| |w|a|r|m| |w|e|b|r|e|n|d|e|r|,102210fe594ee9b33d82058545b1ed14f4c8206e,PerceptualSpeedIndex,google-docs,True,google-docs PerceptualSpeedIndex opt fission warm webrender,,77,ms,firefox,,1811460373,2023-12-13 11:56:46,1347715,,,,,,,,,,,,,,,,,,,,,,,,,,,,,,,,,,,,,,,,,,,,,,,,,TN
1597,fd1dd6b4ce421a61e2258a1d2712f3193f997c0a,0.21283325802078612,autoland,3779647,13,a34e21034f2e3c317ebb3d485012938d48ad04ac,macosx1015-64-shippable-qr,True,False,,|f|i|s|s|i|o|n| |w|a|r|m| |w|e|b|r|e|n|d|e|r|,102210fe594ee9b33d82058545b1ed14f4c8206e,PerceptualSpeedIndex,google-docs,True,google-docs PerceptualSpeedIndex opt fission warm webrender,,77,ms,firefox,,1811458370,2023-12-13 11:58:25,1347716,,,,,,,,,,,,,,,,,,,,,,,,,,,,,,,,,,,,,,,,,,,,,,,,,TN
1598,a54a846dda9a20948451fa14e9ebbd3bb19c826c,0.23248983280614555,autoland,3779647,13,a34e21034f2e3c317ebb3d485012938d48ad04ac,macosx1015-64-shippable-qr,True,False,,|f|i|s|s|i|o|n| |w|a|r|m| |w|e|b|r|e|n|d|e|r|,102210fe594ee9b33d82058545b1ed14f4c8206e,PerceptualSpeedIndex,google-docs,True,google-docs PerceptualSpeedIndex opt fission warm webrender,,77,ms,firefox,,1811260611,2023-12-13 13:51:07,1347765,,,,,,,,,,,,,,,,,,,,,,,,,,,,,,,,,,,,,,,,,,,,,,,,,TN
1599,951b244454e1790b94e5fa8474efc7fb8c990e28,0.18910980569362845,autoland,3779647,13,a34e21034f2e3c317ebb3d485012938d48ad04ac,macosx1015-64-shippable-qr,True,False,,|f|i|s|s|i|o|n| |w|a|r|m| |w|e|b|r|e|n|d|e|r|,102210fe594ee9b33d82058545b1ed14f4c8206e,PerceptualSpeedIndex,google-docs,True,google-docs PerceptualSpeedIndex opt fission warm webrender,,77,ms,firefox,,1811275169,2023-12-13 17:42:49,1347961,,,,,,,,,,,,,,,,,,,,,,,,,,,,,,,,,,,,,,,,,,,,,,,,,TN
1600,e9933f26f0f34b5bcd3500f5780efd5cce45b9f8,0.18617261635788518,autoland,3779647,13,a34e21034f2e3c317ebb3d485012938d48ad04ac,macosx1015-64-shippable-qr,True,False,,|f|i|s|s|i|o|n| |w|a|r|m| |w|e|b|r|e|n|d|e|r|,102210fe594ee9b33d82058545b1ed14f4c8206e,PerceptualSpeedIndex,google-docs,True,google-docs PerceptualSpeedIndex opt fission warm webrender,,77,ms,firefox,,1811467505,2023-12-13 19:13:20,1348064,,,,,,,,,,,,,,,,,,,,,,,,,,,,,,,,,,,,,,,,,,,,,,,,,TN
1601,32d5edd3ad279bbcc378b59e2b3d2cc93a57737c,0.2254857659286036,autoland,3779647,13,a34e21034f2e3c317ebb3d485012938d48ad04ac,macosx1015-64-shippable-qr,True,False,,|f|i|s|s|i|o|n| |w|a|r|m| |w|e|b|r|e|n|d|e|r|,102210fe594ee9b33d82058545b1ed14f4c8206e,PerceptualSpeedIndex,google-docs,True,google-docs PerceptualSpeedIndex opt fission warm webrender,,77,ms,firefox,,1811463969,2023-12-13 19:30:00,1348065,,,,,,,,,,,,,,,,,,,,,,,,,,,,,,,,,,,,,,,,,,,,,,,,,TN
1602,b89dc85aa7e47069b80251ce43d7d66c034a5b88,0.19430637144148233,autoland,3779647,13,a34e21034f2e3c317ebb3d485012938d48ad04ac,macosx1015-64-shippable-qr,True,False,,|f|i|s|s|i|o|n| |w|a|r|m| |w|e|b|r|e|n|d|e|r|,102210fe594ee9b33d82058545b1ed14f4c8206e,PerceptualSpeedIndex,google-docs,True,google-docs PerceptualSpeedIndex opt fission warm webrender,,77,ms,firefox,,1811334259,2023-12-13 20:42:40,1348117,,,,,,,,,,,,,,,,,,,,,,,,,,,,,,,,,,,,,,,,,,,,,,,,,TN
1603,12888ec6533c4e6ec49c2d7081e67ac660129ab6,0.2291007681879802,autoland,3779647,13,a34e21034f2e3c317ebb3d485012938d48ad04ac,macosx1015-64-shippable-qr,True,False,,|f|i|s|s|i|o|n| |w|a|r|m| |w|e|b|r|e|n|d|e|r|,102210fe594ee9b33d82058545b1ed14f4c8206e,PerceptualSpeedIndex,google-docs,True,google-docs PerceptualSpeedIndex opt fission warm webrender,,77,ms,firefox,,1811384782,2023-12-14 01:23:55,1348332,,,,,,,,,,,,,,,,,,,,,,,,,,,,,,,,,,,,,,,,,,,,,,,,,TN
1604,3af75f3310fc53f70cba7e6c5a7e7bec2d3381dc,0.20492544057840023,autoland,3779647,13,a34e21034f2e3c317ebb3d485012938d48ad04ac,macosx1015-64-shippable-qr,True,False,,|f|i|s|s|i|o|n| |w|a|r|m| |w|e|b|r|e|n|d|e|r|,102210fe594ee9b33d82058545b1ed14f4c8206e,PerceptualSpeedIndex,google-docs,True,google-docs PerceptualSpeedIndex opt fission warm webrender,,77,ms,firefox,,1811479588,2023-12-14 06:57:49,1348404,,,,,,,,,,,,,,,,,,,,,,,,,,,,,,,,,,,,,,,,,,,,,,,,,TN
1605,1c0fd259312d4631a0d1a7e0ea0560cff577beba,0.2236782647989155,autoland,3779647,13,a34e21034f2e3c317ebb3d485012938d48ad04ac,macosx1015-64-shippable-qr,True,False,,|f|i|s|s|i|o|n| |w|a|r|m| |w|e|b|r|e|n|d|e|r|,102210fe594ee9b33d82058545b1ed14f4c8206e,PerceptualSpeedIndex,google-docs,True,google-docs PerceptualSpeedIndex opt fission warm webrender,,77,ms,firefox,,1811558876,2023-12-14 09:15:58,1348457,,,,,,,,,,,,,,,,,,,,,,,,,,,,,,,,,,,,,,,,,,,,,,,,,TN
1606,31a1108bee2768e6f329db2b083b5066b2c83def,0.3131495707184815,autoland,3779647,13,a34e21034f2e3c317ebb3d485012938d48ad04ac,macosx1015-64-shippable-qr,True,False,,|f|i|s|s|i|o|n| |w|a|r|m| |w|e|b|r|e|n|d|e|r|,102210fe594ee9b33d82058545b1ed14f4c8206e,PerceptualSpeedIndex,google-docs,True,google-docs PerceptualSpeedIndex opt fission warm webrender,,77,ms,firefox,,1811742469,2023-12-14 13:22:59,1348529,,,,,,,,,,,,,,,,,,,,,,,,,,,,,,,,,,,,,,,,,,,,,,,,,TN
1607,44c4e62a38e1a18cd9c3cdc37be672c5b2eccb06,0.3289652056032535,autoland,3779647,13,a34e21034f2e3c317ebb3d485012938d48ad04ac,macosx1015-64-shippable-qr,True,False,,|f|i|s|s|i|o|n| |w|a|r|m| |w|e|b|r|e|n|d|e|r|,102210fe594ee9b33d82058545b1ed14f4c8206e,PerceptualSpeedIndex,google-docs,True,google-docs PerceptualSpeedIndex opt fission warm webrender,,77,ms,firefox,,1811831891,2023-12-14 15:25:58,1348605,,,,,,,,,,,,,,,,,,,,,,,,,,,,,,,,,,,,,,,,,,,,,,,,,TN
1608,78c7be7943b18dd539b6178da71c8c4a66089305,0.2169001355625848,autoland,3779647,13,a34e21034f2e3c317ebb3d485012938d48ad04ac,macosx1015-64-shippable-qr,True,False,,|f|i|s|s|i|o|n| |w|a|r|m| |w|e|b|r|e|n|d|e|r|,102210fe594ee9b33d82058545b1ed14f4c8206e,PerceptualSpeedIndex,google-docs,True,google-docs PerceptualSpeedIndex opt fission warm webrender,,77,ms,firefox,,1812386932,2023-12-14 19:23:56,1348840,,,,,,,,,,,,,,,,,,,,,,,,,,,,,,,,,,,,,,,,,,,,,,,,,TN
1609,5b5faa47b870a45949438e5959b9ef04204a9bac,0.22390420244012632,autoland,3779647,13,a34e21034f2e3c317ebb3d485012938d48ad04ac,macosx1015-64-shippable-qr,True,False,,|f|i|s|s|i|o|n| |w|a|r|m| |w|e|b|r|e|n|d|e|r|,102210fe594ee9b33d82058545b1ed14f4c8206e,PerceptualSpeedIndex,google-docs,True,google-docs PerceptualSpeedIndex opt fission warm webrender,,77,ms,firefox,,1812030009,2023-12-14 19:45:40,1348855,,,,,,,,,,,,,,,,,,,,,,,,,,,,,,,,,,,,,,,,,,,,,,,,,TN
1610,04ae3a53d7df39b7ef7380e872889038951a9e63,0.22141888838680535,autoland,3779647,13,a34e21034f2e3c317ebb3d485012938d48ad04ac,macosx1015-64-shippable-qr,True,False,,|f|i|s|s|i|o|n| |w|a|r|m| |w|e|b|r|e|n|d|e|r|,102210fe594ee9b33d82058545b1ed14f4c8206e,PerceptualSpeedIndex,google-docs,True,google-docs PerceptualSpeedIndex opt fission warm webrender,,77,ms,firefox,,1812203671,2023-12-14 21:45:13,1348957,,,,,,,,,,,,,,,,,,,,,,,,,,,,,,,,,,,,,,,,,,,,,,,,,TN
1611,efffe49c7c1c0f6b54d9f752224880e07e588f36,0.2119295074559422,autoland,3779647,13,a34e21034f2e3c317ebb3d485012938d48ad04ac,macosx1015-64-shippable-qr,True,False,,|f|i|s|s|i|o|n| |w|a|r|m| |w|e|b|r|e|n|d|e|r|,102210fe594ee9b33d82058545b1ed14f4c8206e,PerceptualSpeedIndex,google-docs,True,google-docs PerceptualSpeedIndex opt fission warm webrender,,77,ms,firefox,,1812298199,2023-12-15 01:58:19,1349130,,,,,,,,,,,,,,,,,,,,,,,,,,,,,,,,,,,,,,,,,,,,,,,,,TN
1612,d3a29d02b3dd8d8cfbfff6fcad00d94226e102e8,0.21893357433348393,autoland,3779647,13,a34e21034f2e3c317ebb3d485012938d48ad04ac,macosx1015-64-shippable-qr,True,False,,|f|i|s|s|i|o|n| |w|a|r|m| |w|e|b|r|e|n|d|e|r|,102210fe594ee9b33d82058545b1ed14f4c8206e,PerceptualSpeedIndex,google-docs,True,google-docs PerceptualSpeedIndex opt fission warm webrender,,77,ms,firefox,,1812558926,2023-12-15 11:00:39,1349239,,,,,,,,,,,,,,,,,,,,,,,,,,,,,,,,,,,,,,,,,,,,,,,,,TN
1613,1b43e68405d00eda15832b113572cef3c3f91d0b,0.23813827383642128,autoland,3779647,13,a34e21034f2e3c317ebb3d485012938d48ad04ac,macosx1015-64-shippable-qr,True,False,,|f|i|s|s|i|o|n| |w|a|r|m| |w|e|b|r|e|n|d|e|r|,102210fe594ee9b33d82058545b1ed14f4c8206e,PerceptualSpeedIndex,google-docs,True,google-docs PerceptualSpeedIndex opt fission warm webrender,,77,ms,firefox,,1813075325,2023-12-15 11:33:40,1349256,,,,,,,,,,,,,,,,,,,,,,,,,,,,,,,,,,,,,,,,,,,,,,,,,TN
1614,52110e0439924fde2539fa4e09821a9381655c91,0.23746046091278794,autoland,3779647,13,a34e21034f2e3c317ebb3d485012938d48ad04ac,macosx1015-64-shippable-qr,True,False,,|f|i|s|s|i|o|n| |w|a|r|m| |w|e|b|r|e|n|d|e|r|,102210fe594ee9b33d82058545b1ed14f4c8206e,PerceptualSpeedIndex,google-docs,True,google-docs PerceptualSpeedIndex opt fission warm webrender,,77,ms,firefox,,1813076876,2023-12-15 13:11:42,1349281,,,,,,,,,,,,,,,,,,,,,,,,,,,,,,,,,,,,,,,,,,,,,,,,,TN
1615,8fd04cb03fbd84435d9834d1de340c2f64e013bb,0.23610483506552193,autoland,3779647,13,a34e21034f2e3c317ebb3d485012938d48ad04ac,macosx1015-64-shippable-qr,True,False,,|f|i|s|s|i|o|n| |w|a|r|m| |w|e|b|r|e|n|d|e|r|,102210fe594ee9b33d82058545b1ed14f4c8206e,PerceptualSpeedIndex,google-docs,True,google-docs PerceptualSpeedIndex opt fission warm webrender,,77,ms,firefox,,1812604606,2023-12-15 15:09:59,1349331,,,,,,,,,,,,,,,,,,,,,,,,,,,,,,,,,,,,,,,,,,,,,,,,,TN
1616,8f1a041ed5a88918a5fe585c89ffabd9450bc0ef,0.2211929507455943,autoland,3779647,13,a34e21034f2e3c317ebb3d485012938d48ad04ac,macosx1015-64-shippable-qr,True,False,,|f|i|s|s|i|o|n| |w|a|r|m| |w|e|b|r|e|n|d|e|r|,102210fe594ee9b33d82058545b1ed14f4c8206e,PerceptualSpeedIndex,google-docs,True,google-docs PerceptualSpeedIndex opt fission warm webrender,,77,ms,firefox,,1812835483,2023-12-15 20:18:56,1349528,,,,,,,,,,,,,,,,,,,,,,,,,,,,,,,,,,,,,,,,,,,,,,,,,TN
1617,44e8ffbec880bf30f09db0da6825bbe4fc3e1352,0.2272932670582919,autoland,3779647,13,a34e21034f2e3c317ebb3d485012938d48ad04ac,macosx1015-64-shippable-qr,True,False,,|f|i|s|s|i|o|n| |w|a|r|m| |w|e|b|r|e|n|d|e|r|,102210fe594ee9b33d82058545b1ed14f4c8206e,PerceptualSpeedIndex,google-docs,True,google-docs PerceptualSpeedIndex opt fission warm webrender,,77,ms,firefox,,1813078216,2023-12-15 21:55:29,1349589,,,,,,,,,,,,,,,,,,,,,,,,,,,,,,,,,,,,,,,,,,,,,,,,,TN
1618,cb0fb07166b17b6a9b02be0ce0b759a8ee337c3d,0.23429733393583363,autoland,3779647,13,a34e21034f2e3c317ebb3d485012938d48ad04ac,macosx1015-64-shippable-qr,True,False,,|f|i|s|s|i|o|n| |w|a|r|m| |w|e|b|r|e|n|d|e|r|,102210fe594ee9b33d82058545b1ed14f4c8206e,PerceptualSpeedIndex,google-docs,True,google-docs PerceptualSpeedIndex opt fission warm webrender,,77,ms,firefox,,1813032695,2023-12-15 22:23:20,1349599,,,,,,,,,,,,,,,,,,,,,,,,,,,,,,,,,,,,,,,,,,,,,,,,,TN
1619,33b0a0fecfd912ef3f540060b5e13f54db31d5cd,0.24243108901943056,autoland,3779647,13,a34e21034f2e3c317ebb3d485012938d48ad04ac,macosx1015-64-shippable-qr,True,False,,|f|i|s|s|i|o|n| |w|a|r|m| |w|e|b|r|e|n|d|e|r|,102210fe594ee9b33d82058545b1ed14f4c8206e,PerceptualSpeedIndex,google-docs,True,google-docs PerceptualSpeedIndex opt fission warm webrender,,77,ms,firefox,,1813008389,2023-12-16 02:28:17,1349675,,,,,,,,,,,,,,,,,,,,,,,,,,,,,,,,,,,,,,,,,,,,,,,,,TN
1620,6d6d4867b0f48dce26d871d94c5f74f5a8ac6aaf,0.22571170356981485,autoland,3779647,13,a34e21034f2e3c317ebb3d485012938d48ad04ac,macosx1015-64-shippable-qr,True,False,,|f|i|s|s|i|o|n| |w|a|r|m| |w|e|b|r|e|n|d|e|r|,102210fe594ee9b33d82058545b1ed14f4c8206e,PerceptualSpeedIndex,google-docs,True,google-docs PerceptualSpeedIndex opt fission warm webrender,,77,ms,firefox,,1813175067,2023-12-16 14:03:11,1349726,,,,,,,,,,,,,,,,,,,,,,,,,,,,,,,,,,,,,,,,,,,,,,,,,TN
1621,2d19e1f44e562ba1bb3be1f4b8f95b9884d9b07d,0.21418888386805235,autoland,3779647,13,a34e21034f2e3c317ebb3d485012938d48ad04ac,macosx1015-64-shippable-qr,True,False,,|f|i|s|s|i|o|n| |w|a|r|m| |w|e|b|r|e|n|d|e|r|,102210fe594ee9b33d82058545b1ed14f4c8206e,PerceptualSpeedIndex,google-docs,True,google-docs PerceptualSpeedIndex opt fission warm webrender,,77,ms,firefox,,1813339642,2023-12-17 06:27:55,1349827,,,,,,,,,,,,,,,,,,,,,,,,,,,,,,,,,,,,,,,,,,,,,,,,,TN
1622,ab5e2f241728caa5dc020e829b1045df55247758,0.20786262991414373,autoland,3779647,13,a34e21034f2e3c317ebb3d485012938d48ad04ac,macosx1015-64-shippable-qr,True,False,,|f|i|s|s|i|o|n| |w|a|r|m| |w|e|b|r|e|n|d|e|r|,102210fe594ee9b33d82058545b1ed14f4c8206e,PerceptualSpeedIndex,google-docs,True,google-docs PerceptualSpeedIndex opt fission warm webrender,,77,ms,firefox,,1813436024,2023-12-17 14:26:46,1349862,,,,,,,,,,,,,,,,,,,,,,,,,,,,,,,,,,,,,,,,,,,,,,,,,TN
1623,b46057158b0694677a8174089de1cb8929d3116b,0.20131043831902384,autoland,3779647,13,a34e21034f2e3c317ebb3d485012938d48ad04ac,macosx1015-64-shippable-qr,True,False,,|f|i|s|s|i|o|n| |w|a|r|m| |w|e|b|r|e|n|d|e|r|,102210fe594ee9b33d82058545b1ed14f4c8206e,PerceptualSpeedIndex,google-docs,True,google-docs PerceptualSpeedIndex opt fission warm webrender,,77,ms,firefox,,1813530315,2023-12-18 01:43:16,1349993,,,,,,,,,,,,,,,,,,,,,,,,,,,,,,,,,,,,,,,,,,,,,,,,,TN
1624,1d2ed0b2947385e77bd609220eb0e453b44d4cb3,0.21599638499774043,autoland,3779647,13,a34e21034f2e3c317ebb3d485012938d48ad04ac,macosx1015-64-shippable-qr,True,False,,|f|i|s|s|i|o|n| |w|a|r|m| |w|e|b|r|e|n|d|e|r|,102210fe594ee9b33d82058545b1ed14f4c8206e,PerceptualSpeedIndex,google-docs,True,google-docs PerceptualSpeedIndex opt fission warm webrender,,77,ms,firefox,,1813570453,2023-12-18 05:48:57,1350028,,,,,,,,,,,,,,,,,,,,,,,,,,,,,,,,,,,,,,,,,,,,,,,,,TN
1625,1f7904968650806af8d68bbc64a717bac22df318,0.23090826931766828,autoland,3779647,13,a34e21034f2e3c317ebb3d485012938d48ad04ac,macosx1015-64-shippable-qr,True,False,,|f|i|s|s|i|o|n| |w|a|r|m| |w|e|b|r|e|n|d|e|r|,102210fe594ee9b33d82058545b1ed14f4c8206e,PerceptualSpeedIndex,google-docs,True,google-docs PerceptualSpeedIndex opt fission warm webrender,,77,ms,firefox,,1814021579,2023-12-18 10:08:52,1350088,,,,,,,,,,,,,,,,,,,,,,,,,,,,,,,,,,,,,,,,,,,,,,,,,TN
1626,8942476b2dcd0a89abfb3183ea577d611785e77e,0.20108450067781303,autoland,3779647,13,a34e21034f2e3c317ebb3d485012938d48ad04ac,macosx1015-64-shippable-qr,True,False,,|f|i|s|s|i|o|n| |w|a|r|m| |w|e|b|r|e|n|d|e|r|,102210fe594ee9b33d82058545b1ed14f4c8206e,PerceptualSpeedIndex,google-docs,True,google-docs PerceptualSpeedIndex opt fission warm webrender,,77,ms,firefox,,1814040020,2023-12-18 14:56:17,1350212,,,,,,,,,,,,,,,,,,,,,,,,,,,,,,,,,,,,,,,,,,,,,,,,,TN
1627,e409a860d27d9dbd962eb6568c1700e2aa2716aa,0.20876638047898788,autoland,3779647,13,a34e21034f2e3c317ebb3d485012938d48ad04ac,macosx1015-64-shippable-qr,True,False,,|f|i|s|s|i|o|n| |w|a|r|m| |w|e|b|r|e|n|d|e|r|,102210fe594ee9b33d82058545b1ed14f4c8206e,PerceptualSpeedIndex,google-docs,True,google-docs PerceptualSpeedIndex opt fission warm webrender,,77,ms,firefox,,1814045692,2023-12-18 15:53:23,1350255,,,,,,,,,,,,,,,,,,,,,,,,,,,,,,,,,,,,,,,,,,,,,,,,,TN
1628,c909d207f316bf0512f63f8262872083353a6ef5,0.22209670131043824,autoland,3779647,13,a34e21034f2e3c317ebb3d485012938d48ad04ac,macosx1015-64-shippable-qr,True,False,,|f|i|s|s|i|o|n| |w|a|r|m| |w|e|b|r|e|n|d|e|r|,102210fe594ee9b33d82058545b1ed14f4c8206e,PerceptualSpeedIndex,google-docs,True,google-docs PerceptualSpeedIndex opt fission warm webrender,,77,ms,firefox,,1814070542,2023-12-18 18:13:05,1350369,,,,,,,,,,,,,,,,,,,,,,,,,,,,,,,,,,,,,,,,,,,,,,,,,TN
1629,593e78a41c38b062baab03b6280366f86d0d233c,0.1965657478535925,autoland,3779647,13,a34e21034f2e3c317ebb3d485012938d48ad04ac,macosx1015-64-shippable-qr,True,False,,|f|i|s|s|i|o|n| |w|a|r|m| |w|e|b|r|e|n|d|e|r|,102210fe594ee9b33d82058545b1ed14f4c8206e,PerceptualSpeedIndex,google-docs,True,google-docs PerceptualSpeedIndex opt fission warm webrender,,77,ms,firefox,,1814093709,2023-12-18 20:47:25,1350523,,,,,,,,,,,,,,,,,,,,,,,,,,,,,,,,,,,,,,,,,,,,,,,,,TN
1630,4bc62630a431fca569dfb1add5eee214dcdd091c,0.19521012200632626,autoland,3779647,13,a34e21034f2e3c317ebb3d485012938d48ad04ac,macosx1015-64-shippable-qr,True,False,,|f|i|s|s|i|o|n| |w|a|r|m| |w|e|b|r|e|n|d|e|r|,102210fe594ee9b33d82058545b1ed14f4c8206e,PerceptualSpeedIndex,google-docs,True,google-docs PerceptualSpeedIndex opt fission warm webrender,,77,ms,firefox,,1814095912,2023-12-19 00:56:17,1350695,,,,,,,,,,,,,,,,,,,,,,,,,,,,,,,,,,,,,,,,,,,,,,,,,TN
1631,7e32f178b02fef938f803492c4bfd6d897ffcb21,0.2236782647989155,autoland,3779647,13,a34e21034f2e3c317ebb3d485012938d48ad04ac,macosx1015-64-shippable-qr,True,False,,|f|i|s|s|i|o|n| |w|a|r|m| |w|e|b|r|e|n|d|e|r|,102210fe594ee9b33d82058545b1ed14f4c8206e,PerceptualSpeedIndex,google-docs,True,google-docs PerceptualSpeedIndex opt fission warm webrender,,77,ms,firefox,,1814115745,2023-12-19 02:00:57,1350710,,,,,,,,,,,,,,,,,,,,,,,,,,,,,,,,,,,,,,,,,,,,,,,,,TN
1632,05b607c3bbe6ca02e9133ecb969e033fd3d7959e,0.20221418888386822,autoland,3779647,13,a34e21034f2e3c317ebb3d485012938d48ad04ac,macosx1015-64-shippable-qr,True,False,,|f|i|s|s|i|o|n| |w|a|r|m| |w|e|b|r|e|n|d|e|r|,102210fe594ee9b33d82058545b1ed14f4c8206e,PerceptualSpeedIndex,google-docs,True,google-docs PerceptualSpeedIndex opt fission warm webrender,,77,ms,firefox,,1814194430,2023-12-19 06:19:40,1350758,,,,,,,,,,,,,,,,,,,,,,,,,,,,,,,,,,,,,,,,,,,,,,,,,TN
1633,8efb8cc3558006677c6d18fcf41c3445498e257c,0.21644826028016273,autoland,3779647,13,a34e21034f2e3c317ebb3d485012938d48ad04ac,macosx1015-64-shippable-qr,True,False,,|f|i|s|s|i|o|n| |w|a|r|m| |w|e|b|r|e|n|d|e|r|,102210fe594ee9b33d82058545b1ed14f4c8206e,PerceptualSpeedIndex,google-docs,True,google-docs PerceptualSpeedIndex opt fission warm webrender,,77,ms,firefox,,1814330022,2023-12-19 10:31:52,1350823,,,,,,,,,,,,,,,,,,,,,,,,,,,,,,,,,,,,,,,,,,,,,,,,,TN
1634,e382d15d709c00d2fc941c2d6e9344b826246c27,0.23248983280614555,autoland,3779647,13,a34e21034f2e3c317ebb3d485012938d48ad04ac,macosx1015-64-shippable-qr,True,False,,|f|i|s|s|i|o|n| |w|a|r|m| |w|e|b|r|e|n|d|e|r|,102210fe594ee9b33d82058545b1ed14f4c8206e,PerceptualSpeedIndex,google-docs,True,google-docs PerceptualSpeedIndex opt fission warm webrender,,77,ms,firefox,,1814357497,2023-12-19 10:59:27,1350835,,,,,,,,,,,,,,,,,,,,,,,,,,,,,,,,,,,,,,,,,,,,,,,,,TN
1635,be64555d77f881872b0f03c41f3ab33631d3ac01,0.24559421599638487,autoland,3779647,13,a34e21034f2e3c317ebb3d485012938d48ad04ac,macosx1015-64-shippable-qr,True,False,,|f|i|s|s|i|o|n| |w|a|r|m| |w|e|b|r|e|n|d|e|r|,102210fe594ee9b33d82058545b1ed14f4c8206e,PerceptualSpeedIndex,google-docs,True,google-docs PerceptualSpeedIndex opt fission warm webrender,,77,ms,firefox,,1814921956,2023-12-19 13:19:02,1350903,,,,,,,,,,,,,,,,,,,,,,,,,,,,,,,,,,,,,,,,,,,,,,,,,TN
1636,b6f6bcaf2283fe3a010ced1fe192f3a3f164b583,0.20266606416629007,autoland,3779647,13,a34e21034f2e3c317ebb3d485012938d48ad04ac,macosx1015-64-shippable-qr,True,False,,|f|i|s|s|i|o|n| |w|a|r|m| |w|e|b|r|e|n|d|e|r|,102210fe594ee9b33d82058545b1ed14f4c8206e,PerceptualSpeedIndex,google-docs,True,google-docs PerceptualSpeedIndex opt fission warm webrender,,77,ms,firefox,,1814928642,2023-12-19 13:50:50,1350921,,,,,,,,,,,,,,,,,,,,,,,,,,,,,,,,,,,,,,,,,,,,,,,,,TN
1637,3e5f50c1f3ddf4e4cdc9218c20a6fda61fb8072f,0.20108450067781303,autoland,3779647,13,a34e21034f2e3c317ebb3d485012938d48ad04ac,macosx1015-64-shippable-qr,True,False,,|f|i|s|s|i|o|n| |w|a|r|m| |w|e|b|r|e|n|d|e|r|,102210fe594ee9b33d82058545b1ed14f4c8206e,PerceptualSpeedIndex,google-docs,True,google-docs PerceptualSpeedIndex opt fission warm webrender,,77,ms,firefox,,1814936823,2023-12-19 13:51:47,1350923,,,,,,,,,,,,,,,,,,,,,,,,,,,,,,,,,,,,,,,,,,,,,,,,,TN
1638,58a9c7e82a58e7e951a669f0634901963c5ed696,0.19204699502937195,autoland,3779647,13,a34e21034f2e3c317ebb3d485012938d48ad04ac,macosx1015-64-shippable-qr,True,False,,|f|i|s|s|i|o|n| |w|a|r|m| |w|e|b|r|e|n|d|e|r|,102210fe594ee9b33d82058545b1ed14f4c8206e,PerceptualSpeedIndex,google-docs,True,google-docs PerceptualSpeedIndex opt fission warm webrender,,77,ms,firefox,,1814620106,2023-12-19 15:05:00,1350969,,,,,,,,,,,,,,,,,,,,,,,,,,,,,,,,,,,,,,,,,,,,,,,,,TN
1639,ffd610f5a3bc262042d0839f354a1cf0cc9d5dff,0.21170356981473115,autoland,3779647,13,a34e21034f2e3c317ebb3d485012938d48ad04ac,macosx1015-64-shippable-qr,True,False,,|f|i|s|s|i|o|n| |w|a|r|m| |w|e|b|r|e|n|d|e|r|,102210fe594ee9b33d82058545b1ed14f4c8206e,PerceptualSpeedIndex,google-docs,True,google-docs PerceptualSpeedIndex opt fission warm webrender,,77,ms,firefox,,1814594792,2023-12-19 15:55:04,1351025,,,,,,,,,,,,,,,,,,,,,,,,,,,,,,,,,,,,,,,,,,,,,,,,,TN
1640,b50326daf412a23a363c8ca18b03b1dcede121ff,0.20808856755535454,autoland,3779647,13,a34e21034f2e3c317ebb3d485012938d48ad04ac,macosx1015-64-shippable-qr,True,False,,|f|i|s|s|i|o|n| |w|a|r|m| |w|e|b|r|e|n|d|e|r|,102210fe594ee9b33d82058545b1ed14f4c8206e,PerceptualSpeedIndex,google-docs,True,google-docs PerceptualSpeedIndex opt fission warm webrender,,77,ms,firefox,,1814712273,2023-12-19 20:21:31,1351238,,,,,,,,,,,,,,,,,,,,,,,,,,,,,,,,,,,,,,,,,,,,,,,,,TN
1641,31eaa2b1cf1b61e0b8868c53cf6bdbfc14805942,0.20899231812019892,autoland,3779647,13,a34e21034f2e3c317ebb3d485012938d48ad04ac,macosx1015-64-shippable-qr,True,False,,|f|i|s|s|i|o|n| |w|a|r|m| |w|e|b|r|e|n|d|e|r|,102210fe594ee9b33d82058545b1ed14f4c8206e,PerceptualSpeedIndex,google-docs,True,google-docs PerceptualSpeedIndex opt fission warm webrender,,77,ms,firefox,,1814794767,2023-12-19 21:18:40,1351276,,,,,,,,,,,,,,,,,,,,,,,,,,,,,,,,,,,,,,,,,,,,,,,,,TN
1642,9ac6d461916454c17cd8c7dfc7f73401ef3da12a,0.21328513330320842,autoland,3779647,13,a34e21034f2e3c317ebb3d485012938d48ad04ac,macosx1015-64-shippable-qr,True,False,,|f|i|s|s|i|o|n| |w|a|r|m| |w|e|b|r|e|n|d|e|r|,102210fe594ee9b33d82058545b1ed14f4c8206e,PerceptualSpeedIndex,google-docs,True,google-docs PerceptualSpeedIndex opt fission warm webrender,,77,ms,firefox,,1814850675,2023-12-20 02:06:01,1351432,,,,,,,,,,,,,,,,,,,,,,,,,,,,,,,,,,,,,,,,,,,,,,,,,TN
1643,e3bf6261f6fc31e78c716c97399a60f6f575ebcd,0.29507455942159955,autoland,3779647,13,a34e21034f2e3c317ebb3d485012938d48ad04ac,macosx1015-64-shippable-qr,True,False,,|f|i|s|s|i|o|n| |w|a|r|m| |w|e|b|r|e|n|d|e|r|,102210fe594ee9b33d82058545b1ed14f4c8206e,PerceptualSpeedIndex,google-docs,True,google-docs PerceptualSpeedIndex opt fission warm webrender,,77,ms,firefox,,1814921045,2023-12-20 04:26:18,1351473,,,,,,,,,,,,,,,,,,,,,,,,,,,,,,,,,,,,,,,,,,,,,,,,,TN
1644,4d6eabdc6228d414c7043c4fabdddfd95a3afb0e,0.20831450519656558,autoland,3779647,13,a34e21034f2e3c317ebb3d485012938d48ad04ac,macosx1015-64-shippable-qr,True,False,,|f|i|s|s|i|o|n| |w|a|r|m| |w|e|b|r|e|n|d|e|r|,102210fe594ee9b33d82058545b1ed14f4c8206e,PerceptualSpeedIndex,google-docs,True,google-docs PerceptualSpeedIndex opt fission warm webrender,,77,ms,firefox,,1815054272,2023-12-20 09:15:46,1351517,,,,,,,,,,,,,,,,,,,,,,,,,,,,,,,,,,,,,,,,,,,,,,,,,TN
1645,97f2e0f6b821072bc498a3bc7921831eb6d10d38,0.20018075011296865,autoland,3779647,13,a34e21034f2e3c317ebb3d485012938d48ad04ac,macosx1015-64-shippable-qr,True,False,,|f|i|s|s|i|o|n| |w|a|r|m| |w|e|b|r|e|n|d|e|r|,102210fe594ee9b33d82058545b1ed14f4c8206e,PerceptualSpeedIndex,google-docs,True,google-docs PerceptualSpeedIndex opt fission warm webrender,,77,ms,firefox,,1815163094,2023-12-20 13:10:00,1351639,,,,,,,,,,,,,,,,,,,,,,,,,,,,,,,,,,,,,,,,,,,,,,,,,TN
1646,c12f6936509f05b3caad77d4cb4b783a38761897,0.23023045639403517,autoland,3779647,13,a34e21034f2e3c317ebb3d485012938d48ad04ac,macosx1015-64-shippable-qr,True,False,,|f|i|s|s|i|o|n| |w|a|r|m| |w|e|b|r|e|n|d|e|r|,102210fe594ee9b33d82058545b1ed14f4c8206e,PerceptualSpeedIndex,google-docs,True,google-docs PerceptualSpeedIndex opt fission warm webrender,,77,ms,firefox,,1815379520,2023-12-20 17:43:19,1351821,,,,,,,,,,,,,,,,,,,,,,,,,,,,,,,,,,,,,,,,,,,,,,,,,TN
1647,aa4d4fecaf969d49a7ecf2568e3dda25cd2a7f1d,0.2028920018075011,autoland,3779647,13,a34e21034f2e3c317ebb3d485012938d48ad04ac,macosx1015-64-shippable-qr,True,False,,|f|i|s|s|i|o|n| |w|a|r|m| |w|e|b|r|e|n|d|e|r|,102210fe594ee9b33d82058545b1ed14f4c8206e,PerceptualSpeedIndex,google-docs,True,google-docs PerceptualSpeedIndex opt fission warm webrender,,77,ms,firefox,,1815476378,2023-12-20 21:55:32,1352017,,,,,,,,,,,,,,,,,,,,,,,,,,,,,,,,,,,,,,,,,,,,,,,,,TN
1648,dfc7e32798343d88b72708bf68fc966d1e088330,0.31540894713059187,autoland,3779647,13,a34e21034f2e3c317ebb3d485012938d48ad04ac,macosx1015-64-shippable-qr,True,False,,|f|i|s|s|i|o|n| |w|a|r|m| |w|e|b|r|e|n|d|e|r|,102210fe594ee9b33d82058545b1ed14f4c8206e,PerceptualSpeedIndex,google-docs,True,google-docs PerceptualSpeedIndex opt fission warm webrender,,77,ms,firefox,,1815481450,2023-12-20 21:58:53,1352020,,,,,,,,,,,,,,,,,,,,,,,,,,,,,,,,,,,,,,,,,,,,,,,,,TN
1649,37657c7691664026e54babf7d1cf608fe58a92fb,0.2347492092182557,autoland,3779647,13,a34e21034f2e3c317ebb3d485012938d48ad04ac,macosx1015-64-shippable-qr,True,False,,|f|i|s|s|i|o|n| |w|a|r|m| |w|e|b|r|e|n|d|e|r|,102210fe594ee9b33d82058545b1ed14f4c8206e,PerceptualSpeedIndex,google-docs,True,google-docs PerceptualSpeedIndex opt fission warm webrender,,77,ms,firefox,,1815584171,2023-12-21 03:06:09,1352135,,,,,,,,,,,,,,,,,,,,,,,,,,,,,,,,,,,,,,,,,,,,,,,,,TN
1650,2339ef37f5863c45acf6280581ec0994b40f11d5,0.1924988703117938,autoland,3779647,13,a34e21034f2e3c317ebb3d485012938d48ad04ac,macosx1015-64-shippable-qr,True,False,,|f|i|s|s|i|o|n| |w|a|r|m| |w|e|b|r|e|n|d|e|r|,102210fe594ee9b33d82058545b1ed14f4c8206e,PerceptualSpeedIndex,google-docs,True,google-docs PerceptualSpeedIndex opt fission warm webrender,,77,ms,firefox,,1815657101,2023-12-21 06:56:11,1352164,,,,,,,,,,,,,,,,,,,,,,,,,,,,,,,,,,,,,,,,,,,,,,,,,TN
1651,5e551f2bacc3d6a8294dcb0273e8299cf7a17e2d,0.2046995029371892,autoland,3779647,13,a34e21034f2e3c317ebb3d485012938d48ad04ac,macosx1015-64-shippable-qr,True,False,,|f|i|s|s|i|o|n| |w|a|r|m| |w|e|b|r|e|n|d|e|r|,102210fe594ee9b33d82058545b1ed14f4c8206e,PerceptualSpeedIndex,google-docs,True,google-docs PerceptualSpeedIndex opt fission warm webrender,,77,ms,firefox,,1815775360,2023-12-21 11:39:11,1352265,,,,,,,,,,,,,,,,,,,,,,,,,,,,,,,,,,,,,,,,,,,,,,,,,TN
1652,8b474eeffbe09d0e5e30675fa595293863b0db34,0.22842295526434686,autoland,3779647,13,a34e21034f2e3c317ebb3d485012938d48ad04ac,macosx1015-64-shippable-qr,True,False,,|f|i|s|s|i|o|n| |w|a|r|m| |w|e|b|r|e|n|d|e|r|,102210fe594ee9b33d82058545b1ed14f4c8206e,PerceptualSpeedIndex,google-docs,True,google-docs PerceptualSpeedIndex opt fission warm webrender,,77,ms,firefox,,1815818147,2023-12-21 13:05:54,1352315,,,,,,,,,,,,,,,,,,,,,,,,,,,,,,,,,,,,,,,,,,,,,,,,,TN
1653,e685307ecb90f0e91ef9f3781b3614b7308384b9,0.20018075011296865,autoland,3779647,13,a34e21034f2e3c317ebb3d485012938d48ad04ac,macosx1015-64-shippable-qr,True,False,,|f|i|s|s|i|o|n| |w|a|r|m| |w|e|b|r|e|n|d|e|r|,102210fe594ee9b33d82058545b1ed14f4c8206e,PerceptualSpeedIndex,google-docs,True,google-docs PerceptualSpeedIndex opt fission warm webrender,,77,ms,firefox,,1816079857,2023-12-21 18:00:27,1352454,,,,,,,,,,,,,,,,,,,,,,,,,,,,,,,,,,,,,,,,,,,,,,,,,TN
1654,14c89fd054c7ac54bac01a4fcb619d5dff3cc6ef,0.2101220063262541,autoland,3779647,13,a34e21034f2e3c317ebb3d485012938d48ad04ac,macosx1015-64-shippable-qr,True,False,,|f|i|s|s|i|o|n| |w|a|r|m| |w|e|b|r|e|n|d|e|r|,102210fe594ee9b33d82058545b1ed14f4c8206e,PerceptualSpeedIndex,google-docs,True,google-docs PerceptualSpeedIndex opt fission warm webrender,,77,ms,firefox,,1816090505,2023-12-21 18:17:05,1352468,,,,,,,,,,,,,,,,,,,,,,,,,,,,,,,,,,,,,,,,,,,,,,,,,TN
1655,e20257bfa3ef6e394b6669c19aa1a165ee73fefa,0.22254857659286054,autoland,3779647,13,a34e21034f2e3c317ebb3d485012938d48ad04ac,macosx1015-64-shippable-qr,True,False,,|f|i|s|s|i|o|n| |w|a|r|m| |w|e|b|r|e|n|d|e|r|,102210fe594ee9b33d82058545b1ed14f4c8206e,PerceptualSpeedIndex,google-docs,True,google-docs PerceptualSpeedIndex opt fission warm webrender,,77,ms,firefox,,1816147587,2023-12-21 22:08:07,1352650,,,,,,,,,,,,,,,,,,,,,,,,,,,,,,,,,,,,,,,,,,,,,,,,,TN
1656,6814c9419790a8ee7c93cac282a82a11d93d16ba,0.210799819249887,autoland,3779647,13,a34e21034f2e3c317ebb3d485012938d48ad04ac,macosx1015-64-shippable-qr,True,False,,|f|i|s|s|i|o|n| |w|a|r|m| |w|e|b|r|e|n|d|e|r|,102210fe594ee9b33d82058545b1ed14f4c8206e,PerceptualSpeedIndex,google-docs,True,google-docs PerceptualSpeedIndex opt fission warm webrender,,77,ms,firefox,,1816240361,2023-12-22 08:16:59,1352807,,,,,,,,,,,,,,,,,,,,,,,,,,,,,,,,,,,,,,,,,,,,,,,,,TN
1657,3189af86c93aef59c4fc9363b40f92eb4ef0358f,0.17916854948034344,autoland,3779647,13,a34e21034f2e3c317ebb3d485012938d48ad04ac,macosx1015-64-shippable-qr,True,False,,|f|i|s|s|i|o|n| |w|a|r|m| |w|e|b|r|e|n|d|e|r|,102210fe594ee9b33d82058545b1ed14f4c8206e,PerceptualSpeedIndex,google-docs,True,google-docs PerceptualSpeedIndex opt fission warm webrender,,77,ms,firefox,,1816487501,2023-12-22 13:33:45,1352859,,,,,,,,,,,,,,,,,,,,,,,,,,,,,,,,,,,,,,,,,,,,,,,,,TN
1658,8cd1fc9da2b45034679cc880c08d91e84d8e9516,0.23429733393583363,autoland,3779647,13,a34e21034f2e3c317ebb3d485012938d48ad04ac,macosx1015-64-shippable-qr,True,False,,|f|i|s|s|i|o|n| |w|a|r|m| |w|e|b|r|e|n|d|e|r|,102210fe594ee9b33d82058545b1ed14f4c8206e,PerceptualSpeedIndex,google-docs,True,google-docs PerceptualSpeedIndex opt fission warm webrender,,77,ms,firefox,,1816479795,2023-12-22 13:41:08,1352862,,,,,,,,,,,,,,,,,,,,,,,,,,,,,,,,,,,,,,,,,,,,,,,,,TN
1659,ac9f813bbc0f39b5e52be4229972795f2ca6309b,0.21780388612742896,autoland,3779647,13,a34e21034f2e3c317ebb3d485012938d48ad04ac,macosx1015-64-shippable-qr,True,False,,|f|i|s|s|i|o|n| |w|a|r|m| |w|e|b|r|e|n|d|e|r|,102210fe594ee9b33d82058545b1ed14f4c8206e,PerceptualSpeedIndex,google-docs,True,google-docs PerceptualSpeedIndex opt fission warm webrender,,77,ms,firefox,,1816501663,2023-12-22 19:27:05,1353028,,,,,,,,,,,,,,,,,,,,,,,,,,,,,,,,,,,,,,,,,,,,,,,,,TN
1660,58581f618255e51b846d0792b6abc3e5c2c67d51,0.20808856755535454,autoland,3779647,13,a34e21034f2e3c317ebb3d485012938d48ad04ac,macosx1015-64-shippable-qr,True,False,,|f|i|s|s|i|o|n| |w|a|r|m| |w|e|b|r|e|n|d|e|r|,102210fe594ee9b33d82058545b1ed14f4c8206e,PerceptualSpeedIndex,google-docs,True,google-docs PerceptualSpeedIndex opt fission warm webrender,,77,ms,firefox,,1816584393,2023-12-23 00:08:27,1353154,,,,,,,,,,,,,,,,,,,,,,,,,,,,,,,,,,,,,,,,,,,,,,,,,TN
1661,8b92fb4e3f41d856629818bd2ecfc25bed23a643,0.2139629462268413,autoland,3779647,13,a34e21034f2e3c317ebb3d485012938d48ad04ac,macosx1015-64-shippable-qr,True,False,,|f|i|s|s|i|o|n| |w|a|r|m| |w|e|b|r|e|n|d|e|r|,102210fe594ee9b33d82058545b1ed14f4c8206e,PerceptualSpeedIndex,google-docs,True,google-docs PerceptualSpeedIndex opt fission warm webrender,,77,ms,firefox,,1816643716,2023-12-23 05:47:03,1353193,,,,,,,,,,,,,,,,,,,,,,,,,,,,,,,,,,,,,,,,,,,,,,,,,TN
1662,6f7de1b98becd7269380a213d3eff367b81efe72,0.20899231812019892,autoland,3779647,13,a34e21034f2e3c317ebb3d485012938d48ad04ac,macosx1015-64-shippable-qr,True,False,,|f|i|s|s|i|o|n| |w|a|r|m| |w|e|b|r|e|n|d|e|r|,102210fe594ee9b33d82058545b1ed14f4c8206e,PerceptualSpeedIndex,google-docs,True,google-docs PerceptualSpeedIndex opt fission warm webrender,,77,ms,firefox,,1816672109,2023-12-23 08:44:57,1353213,,,,,,,,,,,,,,,,,,,,,,,,,,,,,,,,,,,,,,,,,,,,,,,,,TN
1663,e6f85355d2f352d6bc64a11372bc8efc1ced07b8,0.19069136918210572,autoland,3779647,13,a34e21034f2e3c317ebb3d485012938d48ad04ac,macosx1015-64-shippable-qr,True,False,,|f|i|s|s|i|o|n| |w|a|r|m| |w|e|b|r|e|n|d|e|r|,102210fe594ee9b33d82058545b1ed14f4c8206e,PerceptualSpeedIndex,google-docs,True,google-docs PerceptualSpeedIndex opt fission warm webrender,,77,ms,firefox,,1816768675,2023-12-23 15:53:06,1353251,,,,,,,,,,,,,,,,,,,,,,,,,,,,,,,,,,,,,,,,,,,,,,,,,TN
1664,0f896a4a54629904c55cc5e18aa1f6e387c9a697,0.2144148215092634,autoland,3779647,13,a34e21034f2e3c317ebb3d485012938d48ad04ac,macosx1015-64-shippable-qr,True,False,,|f|i|s|s|i|o|n| |w|a|r|m| |w|e|b|r|e|n|d|e|r|,102210fe594ee9b33d82058545b1ed14f4c8206e,PerceptualSpeedIndex,google-docs,True,google-docs PerceptualSpeedIndex opt fission warm webrender,,77,ms,firefox,,1816838028,2023-12-24 06:04:04,1353282,,,,,,,,,,,,,,,,,,,,,,,,,,,,,,,,,,,,,,,,,,,,,,,,,TN
1665,a15215077df33152e936203ec411ea07343a3f36,0.2365567103479438,autoland,3779647,13,a34e21034f2e3c317ebb3d485012938d48ad04ac,macosx1015-64-shippable-qr,True,False,,|f|i|s|s|i|o|n| |w|a|r|m| |w|e|b|r|e|n|d|e|r|,102210fe594ee9b33d82058545b1ed14f4c8206e,PerceptualSpeedIndex,google-docs,True,google-docs PerceptualSpeedIndex opt fission warm webrender,,77,ms,firefox,,1816936347,2023-12-24 13:46:59,1353302,,,,,,,,,,,,,,,,,,,,,,,,,,,,,,,,,,,,,,,,,,,,,,,,,TN
1666,65471d13c8aaa5b3c5aa872ca12360b7f26ad6e0,0.20244012652507903,autoland,3779647,13,a34e21034f2e3c317ebb3d485012938d48ad04ac,macosx1015-64-shippable-qr,True,False,,|f|i|s|s|i|o|n| |w|a|r|m| |w|e|b|r|e|n|d|e|r|,102210fe594ee9b33d82058545b1ed14f4c8206e,PerceptualSpeedIndex,google-docs,True,google-docs PerceptualSpeedIndex opt fission warm webrender,,77,ms,firefox,,1816969206,2023-12-24 18:13:48,1353317,,,,,,,,,,,,,,,,,,,,,,,,,,,,,,,,,,,,,,,,,,,,,,,,,TN
1667,29784c387017c900dc842f070d5cd88464dfc494,0.19814731134206953,autoland,3779647,13,a34e21034f2e3c317ebb3d485012938d48ad04ac,macosx1015-64-shippable-qr,True,False,,|f|i|s|s|i|o|n| |w|a|r|m| |w|e|b|r|e|n|d|e|r|,102210fe594ee9b33d82058545b1ed14f4c8206e,PerceptualSpeedIndex,google-docs,True,google-docs PerceptualSpeedIndex opt fission warm webrender,,77,ms,firefox,,1817038072,2023-12-25 01:21:58,1353335,,,,,,,,,,,,,,,,,,,,,,,,,,,,,,,,,,,,,,,,,,,,,,,,,TN
1668,f69f493b2f3cde5ef4b46b9675cfd4708287666e,0.18391323994577502,autoland,3779647,13,a34e21034f2e3c317ebb3d485012938d48ad04ac,macosx1015-64-shippable-qr,True,False,,|f|i|s|s|i|o|n| |w|a|r|m| |w|e|b|r|e|n|d|e|r|,102210fe594ee9b33d82058545b1ed14f4c8206e,PerceptualSpeedIndex,google-docs,True,google-docs PerceptualSpeedIndex opt fission warm webrender,,77,ms,firefox,,1817089932,2023-12-25 05:53:22,1353343,,,,,,,,,,,,,,,,,,,,,,,,,,,,,,,,,,,,,,,,,,,,,,,,,TN
1669,b9600c5aa59e300200656691d1f1997593caafbd,0.23836421147763232,autoland,3779647,13,a34e21034f2e3c317ebb3d485012938d48ad04ac,macosx1015-64-shippable-qr,True,False,,|f|i|s|s|i|o|n| |w|a|r|m| |w|e|b|r|e|n|d|e|r|,102210fe594ee9b33d82058545b1ed14f4c8206e,PerceptualSpeedIndex,google-docs,True,google-docs PerceptualSpeedIndex opt fission warm webrender,,77,ms,firefox,,1817170173,2023-12-25 12:57:04,1353372,,,,,,,,,,,,,,,,,,,,,,,,,,,,,,,,,,,,,,,,,,,,,,,,,TN
1670,fdd85a789550f85e20e7b7128f2b3316cbc76640,0.2119295074559422,autoland,3779647,13,a34e21034f2e3c317ebb3d485012938d48ad04ac,macosx1015-64-shippable-qr,True,False,,|f|i|s|s|i|o|n| |w|a|r|m| |w|e|b|r|e|n|d|e|r|,102210fe594ee9b33d82058545b1ed14f4c8206e,PerceptualSpeedIndex,google-docs,True,google-docs PerceptualSpeedIndex opt fission warm webrender,,77,ms,firefox,,1817204525,2023-12-25 17:10:06,1353386,,,,,,,,,,,,,,,,,,,,,,,,,,,,,,,,,,,,,,,,,,,,,,,,,TN
1671,ba6abbd36b496501cea141e17b61af674a18e279,0.23994577496610936,autoland,3779647,13,a34e21034f2e3c317ebb3d485012938d48ad04ac,macosx1015-64-shippable-qr,True,False,,|f|i|s|s|i|o|n| |w|a|r|m| |w|e|b|r|e|n|d|e|r|,102210fe594ee9b33d82058545b1ed14f4c8206e,PerceptualSpeedIndex,google-docs,True,google-docs PerceptualSpeedIndex opt fission warm webrender,,77,ms,firefox,,1817234160,2023-12-25 21:32:12,1353402,,,,,,,,,,,,,,,,,,,,,,,,,,,,,,,,,,,,,,,,,,,,,,,,,TN
1672,280c0b4dd9140984e6177c89f5858ceac6ae0107,0.227971079981925,autoland,3779647,13,a34e21034f2e3c317ebb3d485012938d48ad04ac,macosx1015-64-shippable-qr,True,False,,|f|i|s|s|i|o|n| |w|a|r|m| |w|e|b|r|e|n|d|e|r|,102210fe594ee9b33d82058545b1ed14f4c8206e,PerceptualSpeedIndex,google-docs,True,google-docs PerceptualSpeedIndex opt fission warm webrender,,77,ms,firefox,441391033.0,1817290369,2023-12-26 03:31:03,1353431,,,,,,,,,,,,,,,,,,,,,,,,,,,,,,,,,,,,,,,,,,,,,,,,,TN
1673,7503b1d6a430d23303b6ec356b3388951a1eca83,0.22413014008133758,autoland,3779647,13,a34e21034f2e3c317ebb3d485012938d48ad04ac,macosx1015-64-shippable-qr,True,False,,|f|i|s|s|i|o|n| |w|a|r|m| |w|e|b|r|e|n|d|e|r|,102210fe594ee9b33d82058545b1ed14f4c8206e,PerceptualSpeedIndex,google-docs,True,google-docs PerceptualSpeedIndex opt fission warm webrender,,77,ms,firefox,441397631.0,1817373445,2023-12-26 07:50:55,1353461,,,,,,,,,,,,,,,,,,,,,,,,,,,,,,,,,,,,,,,,,,,,,,,,,TN
1674,807f04c86e5d02f04afa662ade3d505a80a4f660,0.21283325802078612,autoland,3779647,13,a34e21034f2e3c317ebb3d485012938d48ad04ac,macosx1015-64-shippable-qr,True,False,,|f|i|s|s|i|o|n| |w|a|r|m| |w|e|b|r|e|n|d|e|r|,102210fe594ee9b33d82058545b1ed14f4c8206e,PerceptualSpeedIndex,google-docs,True,google-docs PerceptualSpeedIndex opt fission warm webrender,,77,ms,firefox,441423124.0,1817456332,2023-12-26 11:52:29,1353488,,,,,,,,,,,,,,,,,,,,,,,,,,,,,,,,,,,,,,,,,,,,,,,,,TN
1675,6d9a0abd0a3c26f4337aff723c15795fe91fe884,0.2218707636692272,autoland,3779647,13,a34e21034f2e3c317ebb3d485012938d48ad04ac,macosx1015-64-shippable-qr,True,False,,|f|i|s|s|i|o|n| |w|a|r|m| |w|e|b|r|e|n|d|e|r|,102210fe594ee9b33d82058545b1ed14f4c8206e,PerceptualSpeedIndex,google-docs,True,google-docs PerceptualSpeedIndex opt fission warm webrender,,77,ms,firefox,441454619.0,1817566711,2023-12-27 02:56:18,1353555,,,,,,,,,,,,,,,,,,,,,,,,,,,,,,,,,,,,,,,,,,,,,,,,,TN
1676,856e86584c4c811f064f93e2b734dd374c787eaf,0.20628106642566646,autoland,3779647,13,a34e21034f2e3c317ebb3d485012938d48ad04ac,macosx1015-64-shippable-qr,True,False,,|f|i|s|s|i|o|n| |w|a|r|m| |w|e|b|r|e|n|d|e|r|,102210fe594ee9b33d82058545b1ed14f4c8206e,PerceptualSpeedIndex,google-docs,True,google-docs PerceptualSpeedIndex opt fission warm webrender,,77,ms,firefox,441496198.0,1817764273,2023-12-27 14:58:54,1353654,,,,,,,,,,,,,,,,,,,,,,,,,,,,,,,,,,,,,,,,,,,,,,,,,TN
1677,97a27d8a860d5bd8ab2962d2f0e5e376287e527c,0.19023949389968364,autoland,3779647,13,a34e21034f2e3c317ebb3d485012938d48ad04ac,macosx1015-64-shippable-qr,True,False,,|f|i|s|s|i|o|n| |w|a|r|m| |w|e|b|r|e|n|d|e|r|,102210fe594ee9b33d82058545b1ed14f4c8206e,PerceptualSpeedIndex,google-docs,True,google-docs PerceptualSpeedIndex opt fission warm webrender,,77,ms,firefox,441507642.0,1817821493,2023-12-27 20:22:55,1353722,,,,,,,,,,,,,,,,,,,,,,,,,,,,,,,,,,,,,,,,,,,,,,,,,TN
1678,00fe06571a66e6773ca7801e6747493299cf4bda,0.20379575237234526,autoland,3779647,13,a34e21034f2e3c317ebb3d485012938d48ad04ac,macosx1015-64-shippable-qr,True,False,,|f|i|s|s|i|o|n| |w|a|r|m| |w|e|b|r|e|n|d|e|r|,102210fe594ee9b33d82058545b1ed14f4c8206e,PerceptualSpeedIndex,google-docs,True,google-docs PerceptualSpeedIndex opt fission warm webrender,,77,ms,firefox,441527512.0,1817896974,2023-12-28 01:36:38,1353793,,,,,,,,,,,,,,,,,,,,,,,,,,,,,,,,,,,,,,,,,,,,,,,,,TN
1679,10aa7423789835a7dbd24b0b44ad1ae2ad77b59b,0.22006326253953912,autoland,3779647,13,a34e21034f2e3c317ebb3d485012938d48ad04ac,macosx1015-64-shippable-qr,True,False,,|f|i|s|s|i|o|n| |w|a|r|m| |w|e|b|r|e|n|d|e|r|,102210fe594ee9b33d82058545b1ed14f4c8206e,PerceptualSpeedIndex,google-docs,True,google-docs PerceptualSpeedIndex opt fission warm webrender,,77,ms,firefox,441553268.0,1818016862,2023-12-28 13:32:35,1353834,,,,,,,,,,,,,,,,,,,,,,,,,,,,,,,,,,,,,,,,,,,,,,,,,TN
1680,659e4e8345823ce8331b67df6c3865b76063e2c2,0.22322638951649343,autoland,3779647,13,a34e21034f2e3c317ebb3d485012938d48ad04ac,macosx1015-64-shippable-qr,True,False,,|f|i|s|s|i|o|n| |w|a|r|m| |w|e|b|r|e|n|d|e|r|,102210fe594ee9b33d82058545b1ed14f4c8206e,PerceptualSpeedIndex,google-docs,True,google-docs PerceptualSpeedIndex opt fission warm webrender,,77,ms,firefox,441574829.0,1818191751,2023-12-28 17:48:27,1353939,,,,,,,,,,,,,,,,,,,,,,,,,,,,,,,,,,,,,,,,,,,,,,,,,TN
1681,0bd8678e10b6f0eb1d7e16cfe010ca8856e2bfcc,0.23316764572977844,autoland,3779647,13,a34e21034f2e3c317ebb3d485012938d48ad04ac,macosx1015-64-shippable-qr,True,False,,|f|i|s|s|i|o|n| |w|a|r|m| |w|e|b|r|e|n|d|e|r|,102210fe594ee9b33d82058545b1ed14f4c8206e,PerceptualSpeedIndex,google-docs,True,google-docs PerceptualSpeedIndex opt fission warm webrender,,77,ms,firefox,441601476.0,1818270616,2023-12-28 23:04:44,1354003,,,,,,,,,,,,,,,,,,,,,,,,,,,,,,,,,,,,,,,,,,,,,,,,,TN
1682,94b0152f259ce9de504474454b05fc7c8bbfc2d7,0.17758698599186618,autoland,3779647,13,a34e21034f2e3c317ebb3d485012938d48ad04ac,macosx1015-64-shippable-qr,True,False,,|f|i|s|s|i|o|n| |w|a|r|m| |w|e|b|r|e|n|d|e|r|,102210fe594ee9b33d82058545b1ed14f4c8206e,PerceptualSpeedIndex,google-docs,True,google-docs PerceptualSpeedIndex opt fission warm webrender,,77,ms,firefox,441710304.0,1818696172,2023-12-28 23:05:25,1354004,,,,,,,,,,,,,,,,,,,,,,,,,,,,,,,,,,,,,,,,,,,,,,,,,TN
1683,3044b295163bf51b01ccef2119d14af563f23a89,0.22141888838680535,autoland,3779647,13,a34e21034f2e3c317ebb3d485012938d48ad04ac,macosx1015-64-shippable-qr,True,False,,|f|i|s|s|i|o|n| |w|a|r|m| |w|e|b|r|e|n|d|e|r|,102210fe594ee9b33d82058545b1ed14f4c8206e,PerceptualSpeedIndex,google-docs,True,google-docs PerceptualSpeedIndex opt fission warm webrender,,77,ms,firefox,441710013.0,1818695221,2023-12-29 00:42:39,1354024,,,,,,,,,,,,,,,,,,,,,,,,,,,,,,,,,,,,,,,,,,,,,,,,,TN
1684,25b973ec90316da3daa35b031e4a4e089d70443a,0.2254857659286036,autoland,3779647,13,a34e21034f2e3c317ebb3d485012938d48ad04ac,macosx1015-64-shippable-qr,True,False,,|f|i|s|s|i|o|n| |w|a|r|m| |w|e|b|r|e|n|d|e|r|,102210fe594ee9b33d82058545b1ed14f4c8206e,PerceptualSpeedIndex,google-docs,True,google-docs PerceptualSpeedIndex opt fission warm webrender,,77,ms,firefox,441615476.0,1818351506,2023-12-29 05:51:26,1354078,,,,,,,,,,,,,,,,,,,,,,,,,,,,,,,,,,,,,,,,,,,,,,,,,TN
1685,4d00abb11b573ff386a9f02816ff81f2030e6dfe,0.22322638951649343,autoland,3779647,13,a34e21034f2e3c317ebb3d485012938d48ad04ac,macosx1015-64-shippable-qr,True,False,,|f|i|s|s|i|o|n| |w|a|r|m| |w|e|b|r|e|n|d|e|r|,102210fe594ee9b33d82058545b1ed14f4c8206e,PerceptualSpeedIndex,google-docs,True,google-docs PerceptualSpeedIndex opt fission warm webrender,,77,ms,firefox,441662340.0,1818494003,2023-12-29 14:24:04,1354164,,,,,,,,,,,,,,,,,,,,,,,,,,,,,,,,,,,,,,,,,,,,,,,,,TN
1686,52b5c5b51719976906d668db1cd59b2b49315565,0.22525982828739255,autoland,3779647,13,a34e21034f2e3c317ebb3d485012938d48ad04ac,macosx1015-64-shippable-qr,True,False,,|f|i|s|s|i|o|n| |w|a|r|m| |w|e|b|r|e|n|d|e|r|,102210fe594ee9b33d82058545b1ed14f4c8206e,PerceptualSpeedIndex,google-docs,True,google-docs PerceptualSpeedIndex opt fission warm webrender,,77,ms,firefox,441669139.0,1818526242,2023-12-29 16:09:29,1354179,,,,,,,,,,,,,,,,,,,,,,,,,,,,,,,,,,,,,,,,,,,,,,,,,TN
1687,8d822c618985176a1d4ebc4eedcd5a388e798418,0.2096701310438318,autoland,3779647,13,a34e21034f2e3c317ebb3d485012938d48ad04ac,macosx1015-64-shippable-qr,True,False,,|f|i|s|s|i|o|n| |w|a|r|m| |w|e|b|r|e|n|d|e|r|,102210fe594ee9b33d82058545b1ed14f4c8206e,PerceptualSpeedIndex,google-docs,True,google-docs PerceptualSpeedIndex opt fission warm webrender,,77,ms,firefox,441690916.0,1818597110,2023-12-29 20:10:09,1354279,,,,,,,,,,,,,,,,,,,,,,,,,,,,,,,,,,,,,,,,,,,,,,,,,TN
1688,15c3c77f07b45a04b27a42ab403aadaaed857fff,0.210799819249887,autoland,3779647,13,a34e21034f2e3c317ebb3d485012938d48ad04ac,macosx1015-64-shippable-qr,True,False,,|f|i|s|s|i|o|n| |w|a|r|m| |w|e|b|r|e|n|d|e|r|,102210fe594ee9b33d82058545b1ed14f4c8206e,PerceptualSpeedIndex,google-docs,True,google-docs PerceptualSpeedIndex opt fission warm webrender,,77,ms,firefox,441708277.0,1818673695,2023-12-30 03:46:41,1354316,,,,,,,,,,,,,,,,,,,,,,,,,,,,,,,,,,,,,,,,,,,,,,,,,TN
1689,9660032084db64efbe9cbbf4c47a38d0a6c36c9f,0.1918210573881609,autoland,3779647,13,a34e21034f2e3c317ebb3d485012938d48ad04ac,macosx1015-64-shippable-qr,True,False,,|f|i|s|s|i|o|n| |w|a|r|m| |w|e|b|r|e|n|d|e|r|,102210fe594ee9b33d82058545b1ed14f4c8206e,PerceptualSpeedIndex,google-docs,True,google-docs PerceptualSpeedIndex opt fission warm webrender,,77,ms,firefox,441717209.0,1818731736,2023-12-30 08:00:00,1354351,,,,,,,,,,,,,,,,,,,,,,,,,,,,,,,,,,,,,,,,,,,,,,,,,TN
1690,94ab264a143c3086d948c401c047297f01b76527,0.2004066877541797,autoland,3779647,13,a34e21034f2e3c317ebb3d485012938d48ad04ac,macosx1015-64-shippable-qr,True,False,,|f|i|s|s|i|o|n| |w|a|r|m| |w|e|b|r|e|n|d|e|r|,102210fe594ee9b33d82058545b1ed14f4c8206e,PerceptualSpeedIndex,google-docs,True,google-docs PerceptualSpeedIndex opt fission warm webrender,,77,ms,firefox,441761890.0,1818926121,2023-12-30 12:53:05,1354380,,,,,,,,,,,,,,,,,,,,,,,,,,,,,,,,,,,,,,,,,,,,,,,,,TN
1691,3e9c9290e422e1f39255953e22e3d8bfe8234425,0.21848169905106185,autoland,3779647,13,a34e21034f2e3c317ebb3d485012938d48ad04ac,macosx1015-64-shippable-qr,True,False,,|f|i|s|s|i|o|n| |w|a|r|m| |w|e|b|r|e|n|d|e|r|,102210fe594ee9b33d82058545b1ed14f4c8206e,PerceptualSpeedIndex,google-docs,True,google-docs PerceptualSpeedIndex opt fission warm webrender,,77,ms,firefox,441762162.0,1818928983,2023-12-30 17:18:37,1354396,,,,,,,,,,,,,,,,,,,,,,,,,,,,,,,,,,,,,,,,,,,,,,,,,TN
1692,be0bfc7f906523649c68f45d4b25ca752bfc701c,0.2150926344328965,autoland,3779647,13,a34e21034f2e3c317ebb3d485012938d48ad04ac,macosx1015-64-shippable-qr,True,False,,|f|i|s|s|i|o|n| |w|a|r|m| |w|e|b|r|e|n|d|e|r|,102210fe594ee9b33d82058545b1ed14f4c8206e,PerceptualSpeedIndex,google-docs,True,google-docs PerceptualSpeedIndex opt fission warm webrender,,77,ms,firefox,441777739.0,1818975066,2023-12-31 00:47:53,1354421,,,,,,,,,,,,,,,,,,,,,,,,,,,,,,,,,,,,,,,,,,,,,,,,,TN
1693,30b0d1ecdc26a3e4753bef7807739106282ed827,0.2004066877541797,autoland,3779647,13,a34e21034f2e3c317ebb3d485012938d48ad04ac,macosx1015-64-shippable-qr,True,False,,|f|i|s|s|i|o|n| |w|a|r|m| |w|e|b|r|e|n|d|e|r|,102210fe594ee9b33d82058545b1ed14f4c8206e,PerceptualSpeedIndex,google-docs,True,google-docs PerceptualSpeedIndex opt fission warm webrender,,77,ms,firefox,441811572.0,1819147950,2023-12-31 16:29:03,1354470,,,,,,,,,,,,,,,,,,,,,,,,,,,,,,,,,,,,,,,,,,,,,,,,,TN
1694,430d1a5b377307a1050c23ae96cab333c5a33be8,0.1965657478535925,autoland,3779647,13,a34e21034f2e3c317ebb3d485012938d48ad04ac,macosx1015-64-shippable-qr,True,False,,|f|i|s|s|i|o|n| |w|a|r|m| |w|e|b|r|e|n|d|e|r|,102210fe594ee9b33d82058545b1ed14f4c8206e,PerceptualSpeedIndex,google-docs,True,google-docs PerceptualSpeedIndex opt fission warm webrender,,77,ms,firefox,441827126.0,1819205190,2023-12-31 21:56:05,1354489,,,,,,,,,,,,,,,,,,,,,,,,,,,,,,,,,,,,,,,,,,,,,,,,,TN
1695,da3b8f5f832d95192044762406363fda8d55ef19,0.19905106190691346,autoland,3779647,13,a34e21034f2e3c317ebb3d485012938d48ad04ac,macosx1015-64-shippable-qr,True,False,,|f|i|s|s|i|o|n| |w|a|r|m| |w|e|b|r|e|n|d|e|r|,102210fe594ee9b33d82058545b1ed14f4c8206e,PerceptualSpeedIndex,google-docs,True,google-docs PerceptualSpeedIndex opt fission warm webrender,,77,ms,firefox,441858228.0,1819376358,2024-01-01 15:22:20,1354571,,,,,,,,,,,,,,,,,,,,,,,,,,,,,,,,,,,,,,,,,,,,,,,,,TN
1696,42461c8e1289d1829e0902914b12524c1fffa0a1,0.2272932670582919,autoland,3779647,13,a34e21034f2e3c317ebb3d485012938d48ad04ac,macosx1015-64-shippable-qr,True,False,,|f|i|s|s|i|o|n| |w|a|r|m| |w|e|b|r|e|n|d|e|r|,102210fe594ee9b33d82058545b1ed14f4c8206e,PerceptualSpeedIndex,google-docs,True,google-docs PerceptualSpeedIndex opt fission warm webrender,,77,ms,firefox,441858601.0,1819378927,2024-01-01 20:27:36,1354574,,,,,,,,,,,,,,,,,,,,,,,,,,,,,,,,,,,,,,,,,,,,,,,,,TN
1697,60c369c930dc96abae06a2e0ad6833a3574b803f,0.22751920469950293,autoland,3779647,13,a34e21034f2e3c317ebb3d485012938d48ad04ac,macosx1015-64-shippable-qr,True,False,,|f|i|s|s|i|o|n| |w|a|r|m| |w|e|b|r|e|n|d|e|r|,102210fe594ee9b33d82058545b1ed14f4c8206e,PerceptualSpeedIndex,google-docs,True,google-docs PerceptualSpeedIndex opt fission warm webrender,,77,ms,firefox,441879746.0,1819461609,2024-01-02 07:16:40,1354603,,,,,,,,,,,,,,,,,,,,,,,,,,,,,,,,,,,,,,,,,,,,,,,,,TN
1698,399d9781e72b3a4a01e67c7f902f80c9df9da386,0.21486669679168546,autoland,3779647,13,a34e21034f2e3c317ebb3d485012938d48ad04ac,macosx1015-64-shippable-qr,True,False,,|f|i|s|s|i|o|n| |w|a|r|m| |w|e|b|r|e|n|d|e|r|,102210fe594ee9b33d82058545b1ed14f4c8206e,PerceptualSpeedIndex,google-docs,True,google-docs PerceptualSpeedIndex opt fission warm webrender,,77,ms,firefox,441928478.0,1819667152,2024-01-02 11:19:41,1354672,,,,,,,,,,,,,,,,,,,,,,,,,,,,,,,,,,,,,,,,,,,,,,,,,TN
1699,9f15f6c0236cc27aa82549841609068645c13445,0.21599638499774043,autoland,3779647,13,a34e21034f2e3c317ebb3d485012938d48ad04ac,macosx1015-64-shippable-qr,True,False,,|f|i|s|s|i|o|n| |w|a|r|m| |w|e|b|r|e|n|d|e|r|,102210fe594ee9b33d82058545b1ed14f4c8206e,PerceptualSpeedIndex,google-docs,True,google-docs PerceptualSpeedIndex opt fission warm webrender,,77,ms,firefox,441955205.0,1819770463,2024-01-02 15:21:54,1354784,,,,,,,,,,,,,,,,,,,,,,,,,,,,,,,,,,,,,,,,,,,,,,,,,TN
1700,c44f0d09630a8cf36dac42c4eb31bf2a9395bf90,0.18820605512878452,autoland,3779647,13,a34e21034f2e3c317ebb3d485012938d48ad04ac,macosx1015-64-shippable-qr,True,False,,|f|i|s|s|i|o|n| |w|a|r|m| |w|e|b|r|e|n|d|e|r|,102210fe594ee9b33d82058545b1ed14f4c8206e,PerceptualSpeedIndex,google-docs,True,google-docs PerceptualSpeedIndex opt fission warm webrender,,77,ms,firefox,441955787.0,1819782685,2024-01-02 15:38:43,1354794,,,,,,,,,,,,,,,,,,,,,,,,,,,,,,,,,,,,,,,,,,,,,,,,,TN
1701,cc67c788cded515a24f96c72c8a12b87a2cd1b3a,0.22164482602801616,autoland,3779647,13,a34e21034f2e3c317ebb3d485012938d48ad04ac,macosx1015-64-shippable-qr,True,False,,|f|i|s|s|i|o|n| |w|a|r|m| |w|e|b|r|e|n|d|e|r|,102210fe594ee9b33d82058545b1ed14f4c8206e,PerceptualSpeedIndex,google-docs,True,google-docs PerceptualSpeedIndex opt fission warm webrender,,77,ms,firefox,441974415.0,1819826466,2024-01-02 20:40:29,1354935,,,,,,,,,,,,,,,,,,,,,,,,,,,,,,,,,,,,,,,,,,,,,,,,,TN
1702,655286516798565db497786ca92d9a8f7f7744bf,0.21915951197469496,autoland,3779647,13,a34e21034f2e3c317ebb3d485012938d48ad04ac,macosx1015-64-shippable-qr,True,False,,|f|i|s|s|i|o|n| |w|a|r|m| |w|e|b|r|e|n|d|e|r|,102210fe594ee9b33d82058545b1ed14f4c8206e,PerceptualSpeedIndex,google-docs,True,google-docs PerceptualSpeedIndex opt fission warm webrender,,77,ms,firefox,441998142.0,1819931699,2024-01-03 08:18:49,1355061,,,,,,,,,,,,,,,,,,,,,,,,,,,,,,,,,,,,,,,,,,,,,,,,,TN
1703,9ea90dc23395fc3e2d9d2bd18598cc49434eeff1,0.22345232715770447,autoland,3779647,13,a34e21034f2e3c317ebb3d485012938d48ad04ac,macosx1015-64-shippable-qr,True,False,,|f|i|s|s|i|o|n| |w|a|r|m| |w|e|b|r|e|n|d|e|r|,102210fe594ee9b33d82058545b1ed14f4c8206e,PerceptualSpeedIndex,google-docs,True,google-docs PerceptualSpeedIndex opt fission warm webrender,,77,ms,firefox,442038657.0,1820050696,2024-01-03 12:27:12,1355126,,,,,,,,,,,,,,,,,,,,,,,,,,,,,,,,,,,,,,,,,,,,,,,,,TN
1704,6aab4af4cab879cc95debd549578bc909a21cff7,0.20605512878445542,autoland,3779647,13,a34e21034f2e3c317ebb3d485012938d48ad04ac,macosx1015-64-shippable-qr,True,False,,|f|i|s|s|i|o|n| |w|a|r|m| |w|e|b|r|e|n|d|e|r|,102210fe594ee9b33d82058545b1ed14f4c8206e,PerceptualSpeedIndex,google-docs,True,google-docs PerceptualSpeedIndex opt fission warm webrender,,77,ms,firefox,442055522.0,1820151199,2024-01-03 16:19:36,1355230,,,,,,,,,,,,,,,,,,,,,,,,,,,,,,,,,,,,,,,,,,,,,,,,,TN
1705,c5a68fbf81d038a69c4e9be728d50030fd0d6271,0.22164482602801616,autoland,3779647,13,a34e21034f2e3c317ebb3d485012938d48ad04ac,macosx1015-64-shippable-qr,True,False,,|f|i|s|s|i|o|n| |w|a|r|m| |w|e|b|r|e|n|d|e|r|,102210fe594ee9b33d82058545b1ed14f4c8206e,PerceptualSpeedIndex,google-docs,True,google-docs PerceptualSpeedIndex opt fission warm webrender,,77,ms,firefox,442093374.0,1820297838,2024-01-03 20:41:01,1355381,,,,,,,,,,,,,,,,,,,,,,,,,,,,,,,,,,,,,,,,,,,,,,,,,TN
1706,d071b2f4ff07e1815cfa6650ffafb87c9b7e9fb1,0.19453230908269314,autoland,3779647,13,a34e21034f2e3c317ebb3d485012938d48ad04ac,macosx1015-64-shippable-qr,True,False,,|f|i|s|s|i|o|n| |w|a|r|m| |w|e|b|r|e|n|d|e|r|,102210fe594ee9b33d82058545b1ed14f4c8206e,PerceptualSpeedIndex,google-docs,True,google-docs PerceptualSpeedIndex opt fission warm webrender,,77,ms,firefox,442093802.0,1820302066,2024-01-03 20:57:48,1355389,,,,,,,,,,,,,,,,,,,,,,,,,,,,,,,,,,,,,,,,,,,,,,,,,TN
1707,99d5c9d12fe8a000d9b092346826d2101720ee5f,0.24469046543154094,autoland,3779647,13,a34e21034f2e3c317ebb3d485012938d48ad04ac,macosx1015-64-shippable-qr,True,False,,|f|i|s|s|i|o|n| |w|a|r|m| |w|e|b|r|e|n|d|e|r|,102210fe594ee9b33d82058545b1ed14f4c8206e,PerceptualSpeedIndex,google-docs,True,google-docs PerceptualSpeedIndex opt fission warm webrender,,77,ms,firefox,442097059.0,1820316227,2024-01-04 01:41:43,1355473,,,,,,,,,,,,,,,,,,,,,,,,,,,,,,,,,,,,,,,,,,,,,,,,,TN
1708,c285a1e59436529ca8d4acd4acf55d45e4277b1b,0.20447356529597838,autoland,3779647,13,a34e21034f2e3c317ebb3d485012938d48ad04ac,macosx1015-64-shippable-qr,True,False,,|f|i|s|s|i|o|n| |w|a|r|m| |w|e|b|r|e|n|d|e|r|,102210fe594ee9b33d82058545b1ed14f4c8206e,PerceptualSpeedIndex,google-docs,True,google-docs PerceptualSpeedIndex opt fission warm webrender,,77,ms,firefox,442119284.0,1820427475,2024-01-04 05:54:21,1355496,,,,,,,,,,,,,,,,,,,,,,,,,,,,,,,,,,,,,,,,,,,,,,,,,TN
1709,740351987a4ee46ea2c571e5824e859680bda968,0.20018075011296865,autoland,3779647,13,a34e21034f2e3c317ebb3d485012938d48ad04ac,macosx1015-64-shippable-qr,True,False,,|f|i|s|s|i|o|n| |w|a|r|m| |w|e|b|r|e|n|d|e|r|,102210fe594ee9b33d82058545b1ed14f4c8206e,PerceptualSpeedIndex,google-docs,True,google-docs PerceptualSpeedIndex opt fission warm webrender,,77,ms,firefox,442164142.0,1820634442,2024-01-04 11:10:14,1355581,,,,,,,,,,,,,,,,,,,,,,,,,,,,,,,,,,,,,,,,,,,,,,,,,TN
1710,45533d2448ef281f6e604ca7626c0a6ecce3e188,0.21283325802078612,autoland,3779647,13,a34e21034f2e3c317ebb3d485012938d48ad04ac,macosx1015-64-shippable-qr,True,False,,|f|i|s|s|i|o|n| |w|a|r|m| |w|e|b|r|e|n|d|e|r|,102210fe594ee9b33d82058545b1ed14f4c8206e,PerceptualSpeedIndex,google-docs,True,google-docs PerceptualSpeedIndex opt fission warm webrender,,77,ms,firefox,442194405.0,1820731254,2024-01-04 15:17:03,1355683,,,,,,,,,,,,,,,,,,,,,,,,,,,,,,,,,,,,,,,,,,,,,,,,,TN
1711,0a133d5fd15504b371307e44739e8f97c80096b9,0.2114776321735199,autoland,3779647,13,a34e21034f2e3c317ebb3d485012938d48ad04ac,macosx1015-64-shippable-qr,True,False,,|f|i|s|s|i|o|n| |w|a|r|m| |w|e|b|r|e|n|d|e|r|,102210fe594ee9b33d82058545b1ed14f4c8206e,PerceptualSpeedIndex,google-docs,True,google-docs PerceptualSpeedIndex opt fission warm webrender,,77,ms,firefox,442199928.0,1820744839,2024-01-04 15:42:51,1355702,,,,,,,,,,,,,,,,,,,,,,,,,,,,,,,,,,,,,,,,,,,,,,,,,TN
1712,048b65210703dec3aec972f180b52548b2664f7d,0.2144148215092634,autoland,3779647,13,a34e21034f2e3c317ebb3d485012938d48ad04ac,macosx1015-64-shippable-qr,True,False,,|f|i|s|s|i|o|n| |w|a|r|m| |w|e|b|r|e|n|d|e|r|,102210fe594ee9b33d82058545b1ed14f4c8206e,PerceptualSpeedIndex,google-docs,True,google-docs PerceptualSpeedIndex opt fission warm webrender,,77,ms,firefox,442203946.0,1820778305,2024-01-04 19:37:18,1355859,,,,,,,,,,,,,,,,,,,,,,,,,,,,,,,,,,,,,,,,,,,,,,,,,TN
1713,e3fea180f63a43f43dcc79e23886260f8127de0b,0.2065070040668775,autoland,3779647,13,a34e21034f2e3c317ebb3d485012938d48ad04ac,macosx1015-64-shippable-qr,True,False,,|f|i|s|s|i|o|n| |w|a|r|m| |w|e|b|r|e|n|d|e|r|,102210fe594ee9b33d82058545b1ed14f4c8206e,PerceptualSpeedIndex,google-docs,True,google-docs PerceptualSpeedIndex opt fission warm webrender,,77,ms,firefox,442256422.0,1821058306,2024-01-04 20:17:07,1355885,,,,,,,,,,,,,,,,,,,,,,,,,,,,,,,,,,,,,,,,,,,,,,,,,TN
1714,db832cc2d4e687b96654cf986f58183ba6ec8190,0.22322638951649343,autoland,3779647,13,a34e21034f2e3c317ebb3d485012938d48ad04ac,macosx1015-64-shippable-qr,True,False,,|f|i|s|s|i|o|n| |w|a|r|m| |w|e|b|r|e|n|d|e|r|,102210fe594ee9b33d82058545b1ed14f4c8206e,PerceptualSpeedIndex,google-docs,True,google-docs PerceptualSpeedIndex opt fission warm webrender,,77,ms,firefox,442257998.0,1821064124,2024-01-04 20:21:02,1355889,,,,,,,,,,,,,,,,,,,,,,,,,,,,,,,,,,,,,,,,,,,,,,,,,TN
1715,84d53ee96a81d7e514d24d1fb3160e91d9cee533,0.20808856755535454,autoland,3779647,13,a34e21034f2e3c317ebb3d485012938d48ad04ac,macosx1015-64-shippable-qr,True,False,,|f|i|s|s|i|o|n| |w|a|r|m| |w|e|b|r|e|n|d|e|r|,102210fe594ee9b33d82058545b1ed14f4c8206e,PerceptualSpeedIndex,google-docs,True,google-docs PerceptualSpeedIndex opt fission warm webrender,,77,ms,firefox,442238136.0,1820935652,2024-01-05 00:18:01,1356034,,,,,,,,,,,,,,,,,,,,,,,,,,,,,,,,,,,,,,,,,,,,,,,,,TN
1716,fab155eb519c68377a585ffdc537174653ab847b,0.2873926796204247,autoland,3779647,13,a34e21034f2e3c317ebb3d485012938d48ad04ac,macosx1015-64-shippable-qr,True,False,,|f|i|s|s|i|o|n| |w|a|r|m| |w|e|b|r|e|n|d|e|r|,102210fe594ee9b33d82058545b1ed14f4c8206e,PerceptualSpeedIndex,google-docs,True,google-docs PerceptualSpeedIndex opt fission warm webrender,,77,ms,firefox,442238851.0,1820959180,2024-01-05 00:22:57,1356036,,,,,,,,,,,,,,,,,,,,,,,,,,,,,,,,,,,,,,,,,,,,,,,,,TN
1717,376266ac23d50822ae8c18d60d1577f0b89b7c03,0.24401265250790782,autoland,3779647,13,a34e21034f2e3c317ebb3d485012938d48ad04ac,macosx1015-64-shippable-qr,True,False,,|f|i|s|s|i|o|n| |w|a|r|m| |w|e|b|r|e|n|d|e|r|,102210fe594ee9b33d82058545b1ed14f4c8206e,PerceptualSpeedIndex,google-docs,True,google-docs PerceptualSpeedIndex opt fission warm webrender,,77,ms,firefox,442255584.0,1821051667,2024-01-05 04:43:02,1356081,,,,,,,,,,,,,,,,,,,,,,,,,,,,,,,,,,,,,,,,,,,,,,,,,TN
1718,fa9bfcd5f0dbd19a8aaafddc25f6f73e4bcfd484,0.2248079530049707,autoland,3779647,13,a34e21034f2e3c317ebb3d485012938d48ad04ac,macosx1015-64-shippable-qr,True,False,,|f|i|s|s|i|o|n| |w|a|r|m| |w|e|b|r|e|n|d|e|r|,102210fe594ee9b33d82058545b1ed14f4c8206e,PerceptualSpeedIndex,google-docs,True,google-docs PerceptualSpeedIndex opt fission warm webrender,,77,ms,firefox,442266691.0,1821098950,2024-01-05 08:43:49,1356147,,,,,,,,,,,,,,,,,,,,,,,,,,,,,,,,,,,,,,,,,,,,,,,,,TN
1719,30bc5759ffcd80a2febc0a054214a3c910d31aea,0.22706732941708085,autoland,3779647,13,a34e21034f2e3c317ebb3d485012938d48ad04ac,macosx1015-64-shippable-qr,True,False,,|f|i|s|s|i|o|n| |w|a|r|m| |w|e|b|r|e|n|d|e|r|,102210fe594ee9b33d82058545b1ed14f4c8206e,PerceptualSpeedIndex,google-docs,True,google-docs PerceptualSpeedIndex opt fission warm webrender,,77,ms,firefox,442388554.0,1821554216,2024-01-05 12:49:29,1356208,,,,,,,,,,,,,,,,,,,,,,,,,,,,,,,,,,,,,,,,,,,,,,,,,TN
1720,d2e417f0f208016a0a4e369e822a12e20ef4fc5f,0.21802982376864,autoland,3779647,13,a34e21034f2e3c317ebb3d485012938d48ad04ac,macosx1015-64-shippable-qr,True,False,,|f|i|s|s|i|o|n| |w|a|r|m| |w|e|b|r|e|n|d|e|r|,102210fe594ee9b33d82058545b1ed14f4c8206e,PerceptualSpeedIndex,google-docs,True,google-docs PerceptualSpeedIndex opt fission warm webrender,,77,ms,firefox,442390058.0,1821578785,2024-01-05 17:02:32,1356351,,,,,,,,,,,,,,,,,,,,,,,,,,,,,,,,,,,,,,,,,,,,,,,,,TN
1721,567f5a81c44108f44c4e694af42be8f209da4c0a,0.22232263895164928,autoland,3779647,13,a34e21034f2e3c317ebb3d485012938d48ad04ac,macosx1015-64-shippable-qr,True,False,,|f|i|s|s|i|o|n| |w|a|r|m| |w|e|b|r|e|n|d|e|r|,102210fe594ee9b33d82058545b1ed14f4c8206e,PerceptualSpeedIndex,google-docs,True,google-docs PerceptualSpeedIndex opt fission warm webrender,,77,ms,firefox,442390940.0,1821588355,2024-01-05 19:52:18,1356444,,,,,,,,,,,,,,,,,,,,,,,,,,,,,,,,,,,,,,,,,,,,,,,,,TN
1722,0dece7636f83e4d8e406c0f28d75ab83079a80d8,0.23361952101220074,autoland,3779647,13,a34e21034f2e3c317ebb3d485012938d48ad04ac,macosx1015-64-shippable-qr,True,False,,|f|i|s|s|i|o|n| |w|a|r|m| |w|e|b|r|e|n|d|e|r|,102210fe594ee9b33d82058545b1ed14f4c8206e,PerceptualSpeedIndex,google-docs,True,google-docs PerceptualSpeedIndex opt fission warm webrender,,77,ms,firefox,442397457.0,1821630481,2024-01-05 22:36:58,1356512,,,,,,,,,,,,,,,,,,,,,,,,,,,,,,,,,,,,,,,,,,,,,,,,,TN
1723,d6443c86506e0e25a31501bde35b4baf10cbf339,0.21554450971531858,autoland,3779647,13,a34e21034f2e3c317ebb3d485012938d48ad04ac,macosx1015-64-shippable-qr,True,False,,|f|i|s|s|i|o|n| |w|a|r|m| |w|e|b|r|e|n|d|e|r|,102210fe594ee9b33d82058545b1ed14f4c8206e,PerceptualSpeedIndex,google-docs,True,google-docs PerceptualSpeedIndex opt fission warm webrender,,77,ms,firefox,442396268.0,1821623844,2024-01-05 22:37:55,1356513,,,,,,,,,,,,,,,,,,,,,,,,,,,,,,,,,,,,,,,,,,,,,,,,,TN
1724,2a86438878465bd10e251c52285e2455425bfeb9,0.20786262991414373,autoland,3779647,13,a34e21034f2e3c317ebb3d485012938d48ad04ac,macosx1015-64-shippable-qr,True,False,,|f|i|s|s|i|o|n| |w|a|r|m| |w|e|b|r|e|n|d|e|r|,102210fe594ee9b33d82058545b1ed14f4c8206e,PerceptualSpeedIndex,google-docs,True,google-docs PerceptualSpeedIndex opt fission warm webrender,,77,ms,firefox,442394777.0,1821604595,2024-01-06 00:04:36,1356549,,,,,,,,,,,,,,,,,,,,,,,,,,,,,,,,,,,,,,,,,,,,,,,,,TN
1725,ce6cf7dcf8b16c2a478f122f8bab575231c99881,0.23768639855399898,autoland,3779647,13,a34e21034f2e3c317ebb3d485012938d48ad04ac,macosx1015-64-shippable-qr,True,False,,|f|i|s|s|i|o|n| |w|a|r|m| |w|e|b|r|e|n|d|e|r|,102210fe594ee9b33d82058545b1ed14f4c8206e,PerceptualSpeedIndex,google-docs,True,google-docs PerceptualSpeedIndex opt fission warm webrender,,77,ms,firefox,442395686.0,1821614662,2024-01-06 00:21:54,1356554,,,,,,,,,,,,,,,,,,,,,,,,,,,,,,,,,,,,,,,,,,,,,,,,,TN
1726,b54f34f26a3a753076473795a42574f426a960ee,0.2211929507455943,autoland,3779647,13,a34e21034f2e3c317ebb3d485012938d48ad04ac,macosx1015-64-shippable-qr,True,False,,|f|i|s|s|i|o|n| |w|a|r|m| |w|e|b|r|e|n|d|e|r|,102210fe594ee9b33d82058545b1ed14f4c8206e,PerceptualSpeedIndex,google-docs,True,google-docs PerceptualSpeedIndex opt fission warm webrender,,77,ms,firefox,442417767.0,1821698301,2024-01-06 12:48:14,1356631,,,,,,,,,,,,,,,,,,,,,,,,,,,,,,,,,,,,,,,,,,,,,,,,,TN
1727,d6318b034527ed62918fa4fd893f093c084a6ccb,0.2139629462268413,autoland,3779647,13,a34e21034f2e3c317ebb3d485012938d48ad04ac,macosx1015-64-shippable-qr,True,False,,|f|i|s|s|i|o|n| |w|a|r|m| |w|e|b|r|e|n|d|e|r|,102210fe594ee9b33d82058545b1ed14f4c8206e,PerceptualSpeedIndex,google-docs,True,google-docs PerceptualSpeedIndex opt fission warm webrender,,77,ms,firefox,442426465.0,1821745585,2024-01-06 17:09:10,1356650,,,,,,,,,,,,,,,,,,,,,,,,,,,,,,,,,,,,,,,,,,,,,,,,,TN
1728,1d9422a3e1d878f2f2c54ef4e836faabebfdfc9a,0.21283325802078612,autoland,3779647,13,a34e21034f2e3c317ebb3d485012938d48ad04ac,macosx1015-64-shippable-qr,True,False,,|f|i|s|s|i|o|n| |w|a|r|m| |w|e|b|r|e|n|d|e|r|,102210fe594ee9b33d82058545b1ed14f4c8206e,PerceptualSpeedIndex,google-docs,True,google-docs PerceptualSpeedIndex opt fission warm webrender,,77,ms,firefox,442443480.0,1821806205,2024-01-06 21:44:09,1356666,,,,,,,,,,,,,,,,,,,,,,,,,,,,,,,,,,,,,,,,,,,,,,,,,TN
1729,47fc814524de5c30dfd7711cf3eda088303ad905,0.227971079981925,autoland,3779647,13,a34e21034f2e3c317ebb3d485012938d48ad04ac,macosx1015-64-shippable-qr,True,False,,|f|i|s|s|i|o|n| |w|a|r|m| |w|e|b|r|e|n|d|e|r|,102210fe594ee9b33d82058545b1ed14f4c8206e,PerceptualSpeedIndex,google-docs,True,google-docs PerceptualSpeedIndex opt fission warm webrender,,77,ms,firefox,442482043.0,1822024800,2024-01-07 23:26:49,1356765,,,,,,,,,,,,,,,,,,,,,,,,,,,,,,,,,,,,,,,,,,,,,,,,,TN
1730,750c44842f26873f40a2d09bc4ee94ecc4c39997,0.200858563036602,autoland,3779647,13,a34e21034f2e3c317ebb3d485012938d48ad04ac,macosx1015-64-shippable-qr,True,False,,|f|i|s|s|i|o|n| |w|a|r|m| |w|e|b|r|e|n|d|e|r|,102210fe594ee9b33d82058545b1ed14f4c8206e,PerceptualSpeedIndex,google-docs,True,google-docs PerceptualSpeedIndex opt fission warm webrender,,77,ms,firefox,442485952.0,1822050526,2024-01-08 02:39:55,1356771,,,,,,,,,,,,,,,,,,,,,,,,,,,,,,,,,,,,,,,,,,,,,,,,,TN
1731,f0a524f0a0085554a1bfdfe1320ee1e87caf7a94,0.20808856755535454,autoland,3779647,13,a34e21034f2e3c317ebb3d485012938d48ad04ac,macosx1015-64-shippable-qr,True,False,,|f|i|s|s|i|o|n| |w|a|r|m| |w|e|b|r|e|n|d|e|r|,102210fe594ee9b33d82058545b1ed14f4c8206e,PerceptualSpeedIndex,google-docs,True,google-docs PerceptualSpeedIndex opt fission warm webrender,,77,ms,firefox,442531620.0,1822207808,2024-01-08 11:59:03,1356886,,,,,,,,,,,,,,,,,,,,,,,,,,,,,,,,,,,,,,,,,,,,,,,,,TN
1732,3b8b6ba44de3870a21b3f250a24e6eae455bf564,0.2248079530049707,autoland,3779647,13,a34e21034f2e3c317ebb3d485012938d48ad04ac,macosx1015-64-shippable-qr,True,False,,|f|i|s|s|i|o|n| |w|a|r|m| |w|e|b|r|e|n|d|e|r|,102210fe594ee9b33d82058545b1ed14f4c8206e,PerceptualSpeedIndex,google-docs,True,google-docs PerceptualSpeedIndex opt fission warm webrender,,77,ms,firefox,442646748.0,1822750047,2024-01-08 13:59:36,1356959,,,,,,,,,,,,,,,,,,,,,,,,,,,,,,,,,,,,,,,,,,,,,,,,,TN
1733,c0b65b260d5fbb61bfacc80d014afb017086dc3d,0.2291007681879802,autoland,3779647,13,a34e21034f2e3c317ebb3d485012938d48ad04ac,macosx1015-64-shippable-qr,True,False,,|f|i|s|s|i|o|n| |w|a|r|m| |w|e|b|r|e|n|d|e|r|,102210fe594ee9b33d82058545b1ed14f4c8206e,PerceptualSpeedIndex,google-docs,True,google-docs PerceptualSpeedIndex opt fission warm webrender,,77,ms,firefox,442645994.0,1822739080,2024-01-08 14:18:59,1356978,,,,,,,,,,,,,,,,,,,,,,,,,,,,,,,,,,,,,,,,,,,,,,,,,TN
1734,7613e62377713778fccf1bbcf2d0d974a9d54d62,0.22887483054676916,autoland,3779647,13,a34e21034f2e3c317ebb3d485012938d48ad04ac,macosx1015-64-shippable-qr,True,False,,|f|i|s|s|i|o|n| |w|a|r|m| |w|e|b|r|e|n|d|e|r|,102210fe594ee9b33d82058545b1ed14f4c8206e,PerceptualSpeedIndex,google-docs,True,google-docs PerceptualSpeedIndex opt fission warm webrender,,77,ms,firefox,442645167.0,1822730447,2024-01-08 15:17:36,1357023,,,,,,,,,,,,,,,,,,,,,,,,,,,,,,,,,,,,,,,,,,,,,,,,,TN
1735,96dbd42557569de364e38f42a4d6592922dc824e,0.22051513782196097,autoland,3779647,13,a34e21034f2e3c317ebb3d485012938d48ad04ac,macosx1015-64-shippable-qr,True,False,,|f|i|s|s|i|o|n| |w|a|r|m| |w|e|b|r|e|n|d|e|r|,102210fe594ee9b33d82058545b1ed14f4c8206e,PerceptualSpeedIndex,google-docs,True,google-docs PerceptualSpeedIndex opt fission warm webrender,,77,ms,firefox,442646163.0,1822744762,2024-01-08 15:20:01,1357024,,,,,,,,,,,,,,,,,,,,,,,,,,,,,,,,,,,,,,,,,,,,,,,,,TN
1736,fa142c3f71b8a5f5e5781fe41471dc1528cecd75,0.22435607772254862,autoland,3779647,13,a34e21034f2e3c317ebb3d485012938d48ad04ac,macosx1015-64-shippable-qr,True,False,,|f|i|s|s|i|o|n| |w|a|r|m| |w|e|b|r|e|n|d|e|r|,102210fe594ee9b33d82058545b1ed14f4c8206e,PerceptualSpeedIndex,google-docs,True,google-docs PerceptualSpeedIndex opt fission warm webrender,,77,ms,firefox,442572382.0,1822385843,2024-01-08 15:57:02,1357053,,,,,,,,,,,,,,,,,,,,,,,,,,,,,,,,,,,,,,,,,,,,,,,,,TN
1737,f94198e20472275db87efe7b903db30b13a368d6,0.22006326253953912,autoland,3779647,13,a34e21034f2e3c317ebb3d485012938d48ad04ac,macosx1015-64-shippable-qr,True,False,,|f|i|s|s|i|o|n| |w|a|r|m| |w|e|b|r|e|n|d|e|r|,102210fe594ee9b33d82058545b1ed14f4c8206e,PerceptualSpeedIndex,google-docs,True,google-docs PerceptualSpeedIndex opt fission warm webrender,,77,ms,firefox,442644573.0,1822718417,2024-01-08 16:27:18,1357067,,,,,,,,,,,,,,,,,,,,,,,,,,,,,,,,,,,,,,,,,,,,,,,,,TN
1738,60f04fbada705752ff9cfd6d7f18f73b71d812b7,0.21848169905106185,autoland,3779647,13,a34e21034f2e3c317ebb3d485012938d48ad04ac,macosx1015-64-shippable-qr,True,False,,|f|i|s|s|i|o|n| |w|a|r|m| |w|e|b|r|e|n|d|e|r|,102210fe594ee9b33d82058545b1ed14f4c8206e,PerceptualSpeedIndex,google-docs,True,google-docs PerceptualSpeedIndex opt fission warm webrender,,77,ms,firefox,442642163.0,1822699403,2024-01-08 16:28:27,1357071,,,,,,,,,,,,,,,,,,,,,,,,,,,,,,,,,,,,,,,,,,,,,,,,,TN
1739,41ae953b02271ceda653046c5072bfe0329c7e96,0.20673294170808854,autoland,3779647,13,a34e21034f2e3c317ebb3d485012938d48ad04ac,macosx1015-64-shippable-qr,True,False,,|f|i|s|s|i|o|n| |w|a|r|m| |w|e|b|r|e|n|d|e|r|,102210fe594ee9b33d82058545b1ed14f4c8206e,PerceptualSpeedIndex,google-docs,True,google-docs PerceptualSpeedIndex opt fission warm webrender,,77,ms,firefox,442637146.0,1822658955,2024-01-08 20:04:05,1357175,,,,,,,,,,,,,,,,,,,,,,,,,,,,,,,,,,,,,,,,,,,,,,,,,TN
1740,4dc4f0070bb9c1118742b60f998c761de468ca6e,0.30840488025305035,autoland,3779647,13,a34e21034f2e3c317ebb3d485012938d48ad04ac,macosx1015-64-shippable-qr,True,False,,|f|i|s|s|i|o|n| |w|a|r|m| |w|e|b|r|e|n|d|e|r|,102210fe594ee9b33d82058545b1ed14f4c8206e,PerceptualSpeedIndex,google-docs,True,google-docs PerceptualSpeedIndex opt fission warm webrender,,77,ms,firefox,442642626.0,1822709147,2024-01-08 21:33:29,1357225,,,,,,,,,,,,,,,,,,,,,,,,,,,,,,,,,,,,,,,,,,,,,,,,,TN
1741,ebfdca0b0aecf8d9304a25f7913ec89b746a6ec1,0.24288296430185286,autoland,3779647,13,a34e21034f2e3c317ebb3d485012938d48ad04ac,macosx1015-64-shippable-qr,True,False,,|f|i|s|s|i|o|n| |w|a|r|m| |w|e|b|r|e|n|d|e|r|,102210fe594ee9b33d82058545b1ed14f4c8206e,PerceptualSpeedIndex,google-docs,True,google-docs PerceptualSpeedIndex opt fission warm webrender,,77,ms,firefox,442640303.0,1822679048,2024-01-08 21:39:10,1357230,,,,,,,,,,,,,,,,,,,,,,,,,,,,,,,,,,,,,,,,,,,,,,,,,TN
1742,ea866029ce2e23f03843038e1fd8ba7ca9ea30bb,0.2144148215092634,autoland,3779647,13,a34e21034f2e3c317ebb3d485012938d48ad04ac,macosx1015-64-shippable-qr,True,False,,|f|i|s|s|i|o|n| |w|a|r|m| |w|e|b|r|e|n|d|e|r|,102210fe594ee9b33d82058545b1ed14f4c8206e,PerceptualSpeedIndex,google-docs,True,google-docs PerceptualSpeedIndex opt fission warm webrender,,77,ms,firefox,442641294.0,1822692304,2024-01-09 02:28:42,1357330,,,,,,,,,,,,,,,,,,,,,,,,,,,,,,,,,,,,,,,,,,,,,,,,,TN
1743,b29d6ace45f4ca84cd58b15ab4430194755a7056,0.20515137821961127,autoland,3779647,13,a34e21034f2e3c317ebb3d485012938d48ad04ac,macosx1015-64-shippable-qr,True,False,,|f|i|s|s|i|o|n| |w|a|r|m| |w|e|b|r|e|n|d|e|r|,102210fe594ee9b33d82058545b1ed14f4c8206e,PerceptualSpeedIndex,google-docs,True,google-docs PerceptualSpeedIndex opt fission warm webrender,,77,ms,firefox,442681239.0,1822936636,2024-01-09 11:20:33,1357465,,,,,,,,,,,,,,,,,,,,,,,,,,,,,,,,,,,,,,,,,,,,,,,,,TN
1744,051ee8b6b5420d6e2ef877ed6ff3a70306257659,0.32218707636692256,autoland,3779647,13,a34e21034f2e3c317ebb3d485012938d48ad04ac,macosx1015-64-shippable-qr,True,False,,|f|i|s|s|i|o|n| |w|a|r|m| |w|e|b|r|e|n|d|e|r|,102210fe594ee9b33d82058545b1ed14f4c8206e,PerceptualSpeedIndex,google-docs,True,google-docs PerceptualSpeedIndex opt fission warm webrender,,77,ms,firefox,442688027.0,1822952836,2024-01-09 11:56:06,1357476,,,,,,,,,,,,,,,,,,,,,,,,,,,,,,,,,,,,,,,,,,,,,,,,,TN
1745,0184455feb69351f7ba6e6a9bc02f7417c5c6475,0.24469046543154094,autoland,3779647,13,a34e21034f2e3c317ebb3d485012938d48ad04ac,macosx1015-64-shippable-qr,True,False,,|f|i|s|s|i|o|n| |w|a|r|m| |w|e|b|r|e|n|d|e|r|,102210fe594ee9b33d82058545b1ed14f4c8206e,PerceptualSpeedIndex,google-docs,True,google-docs PerceptualSpeedIndex opt fission warm webrender,,77,ms,firefox,442790378.0,1823467415,2024-01-09 14:07:58,1357525,,,,,,,,,,,,,,,,,,,,,,,,,,,,,,,,,,,,,,,,,,,,,,,,,TN
1746,183931c45d316e57ad9529199745dd0005a44f8a,0.23949389968368728,autoland,3779647,13,a34e21034f2e3c317ebb3d485012938d48ad04ac,macosx1015-64-shippable-qr,True,False,,|f|i|s|s|i|o|n| |w|a|r|m| |w|e|b|r|e|n|d|e|r|,102210fe594ee9b33d82058545b1ed14f4c8206e,PerceptualSpeedIndex,google-docs,True,google-docs PerceptualSpeedIndex opt fission warm webrender,,77,ms,firefox,442791097.0,1823482507,2024-01-09 14:34:37,1357538,,,,,,,,,,,,,,,,,,,,,,,,,,,,,,,,,,,,,,,,,,,,,,,,,TN
1747,39da72deac75c8026ae23df612934a7fc7c3693a,0.18798011748757326,autoland,3779647,13,a34e21034f2e3c317ebb3d485012938d48ad04ac,macosx1015-64-shippable-qr,True,False,,|f|i|s|s|i|o|n| |w|a|r|m| |w|e|b|r|e|n|d|e|r|,102210fe594ee9b33d82058545b1ed14f4c8206e,PerceptualSpeedIndex,google-docs,True,google-docs PerceptualSpeedIndex opt fission warm webrender,,77,ms,firefox,442736591.0,1823188049,2024-01-09 16:23:43,1357611,,,,,,,,,,,,,,,,,,,,,,,,,,,,,,,,,,,,,,,,,,,,,,,,,TN
1748,65446098ef641575f65d67f1db14e51401e565de,0.22638951649344774,autoland,3779647,13,a34e21034f2e3c317ebb3d485012938d48ad04ac,macosx1015-64-shippable-qr,True,False,,|f|i|s|s|i|o|n| |w|a|r|m| |w|e|b|r|e|n|d|e|r|,102210fe594ee9b33d82058545b1ed14f4c8206e,PerceptualSpeedIndex,google-docs,True,google-docs PerceptualSpeedIndex opt fission warm webrender,,77,ms,firefox,442746048.0,1823238799,2024-01-09 17:04:21,1357636,,,,,,,,,,,,,,,,,,,,,,,,,,,,,,,,,,,,,,,,,,,,,,,,,TN
1749,199101385cfb15dcb58d0abdf1204d8bd155b53f,0.18526886579304125,autoland,3779647,13,a34e21034f2e3c317ebb3d485012938d48ad04ac,macosx1015-64-shippable-qr,True,False,,|f|i|s|s|i|o|n| |w|a|r|m| |w|e|b|r|e|n|d|e|r|,102210fe594ee9b33d82058545b1ed14f4c8206e,PerceptualSpeedIndex,google-docs,True,google-docs PerceptualSpeedIndex opt fission warm webrender,,77,ms,firefox,442790622.0,1823477728,2024-01-09 20:39:11,1357761,,,,,,,,,,,,,,,,,,,,,,,,,,,,,,,,,,,,,,,,,,,,,,,,,TN
1750,d4ff02b92c066b55eaedf705b0bec7eab81178b7,0.2169001355625848,autoland,3779647,13,a34e21034f2e3c317ebb3d485012938d48ad04ac,macosx1015-64-shippable-qr,True,False,,|f|i|s|s|i|o|n| |w|a|r|m| |w|e|b|r|e|n|d|e|r|,102210fe594ee9b33d82058545b1ed14f4c8206e,PerceptualSpeedIndex,google-docs,True,google-docs PerceptualSpeedIndex opt fission warm webrender,,77,ms,firefox,442790503.0,1823473589,2024-01-09 20:46:16,1357768,,,,,,,,,,,,,,,,,,,,,,,,,,,,,,,,,,,,,,,,,,,,,,,,,TN
1751,b089f828d54fe4d5fff32c8f142a603bc9d51325,0.20582919114324438,autoland,3779647,13,a34e21034f2e3c317ebb3d485012938d48ad04ac,macosx1015-64-shippable-qr,True,False,,|f|i|s|s|i|o|n| |w|a|r|m| |w|e|b|r|e|n|d|e|r|,102210fe594ee9b33d82058545b1ed14f4c8206e,PerceptualSpeedIndex,google-docs,True,google-docs PerceptualSpeedIndex opt fission warm webrender,,77,ms,firefox,442758213.0,1823274938,2024-01-09 20:55:28,1357773,,,,,,,,,,,,,,,,,,,,,,,,,,,,,,,,,,,,,,,,,,,,,,,,,TN
1752,33d47d05c368a7b03c3843f70deb11c351eab0e7,0.2297785811116131,autoland,3779647,13,a34e21034f2e3c317ebb3d485012938d48ad04ac,macosx1015-64-shippable-qr,True,False,,|f|i|s|s|i|o|n| |w|a|r|m| |w|e|b|r|e|n|d|e|r|,102210fe594ee9b33d82058545b1ed14f4c8206e,PerceptualSpeedIndex,google-docs,True,google-docs PerceptualSpeedIndex opt fission warm webrender,,77,ms,firefox,442766713.0,1823331530,2024-01-09 23:58:45,1357896,,,,,,,,,,,,,,,,,,,,,,,,,,,,,,,,,,,,,,,,,,,,,,,,,TN
1753,c208c35aa08ce571b9fe86e213c1e1b443e8b7c0,0.21599638499774043,autoland,3779647,13,a34e21034f2e3c317ebb3d485012938d48ad04ac,macosx1015-64-shippable-qr,True,False,,|f|i|s|s|i|o|n| |w|a|r|m| |w|e|b|r|e|n|d|e|r|,102210fe594ee9b33d82058545b1ed14f4c8206e,PerceptualSpeedIndex,google-docs,True,google-docs PerceptualSpeedIndex opt fission warm webrender,,77,ms,firefox,442918573.0,1824015362,2024-01-10 01:41:22,1357928,,,,,,,,,,,,,,,,,,,,,,,,,,,,,,,,,,,,,,,,,,,,,,,,,TN
1754,03be6a45140bf15382b04777d0e3abf02d7af112,0.20582919114324438,autoland,3779647,13,a34e21034f2e3c317ebb3d485012938d48ad04ac,macosx1015-64-shippable-qr,True,False,,|f|i|s|s|i|o|n| |w|a|r|m| |w|e|b|r|e|n|d|e|r|,102210fe594ee9b33d82058545b1ed14f4c8206e,PerceptualSpeedIndex,google-docs,True,google-docs PerceptualSpeedIndex opt fission warm webrender,,77,ms,firefox,442918761.0,1824022090,2024-01-10 02:03:50,1357936,,,,,,,,,,,,,,,,,,,,,,,,,,,,,,,,,,,,,,,,,,,,,,,,,TN
1755,8d93c10892064c983f5603645b9f6db6494fac24,0.22141888838680535,autoland,3779647,13,a34e21034f2e3c317ebb3d485012938d48ad04ac,macosx1015-64-shippable-qr,True,False,,|f|i|s|s|i|o|n| |w|a|r|m| |w|e|b|r|e|n|d|e|r|,102210fe594ee9b33d82058545b1ed14f4c8206e,PerceptualSpeedIndex,google-docs,True,google-docs PerceptualSpeedIndex opt fission warm webrender,,77,ms,firefox,442791918.0,1823487976,2024-01-10 06:33:00,1357998,,,,,,,,,,,,,,,,,,,,,,,,,,,,,,,,,,,,,,,,,,,,,,,,,TN
1756,c892e00c62dbbeba07a14640ce9baf3a7c27383d,0.22842295526434686,autoland,3779647,13,a34e21034f2e3c317ebb3d485012938d48ad04ac,macosx1015-64-shippable-qr,True,False,,|f|i|s|s|i|o|n| |w|a|r|m| |w|e|b|r|e|n|d|e|r|,102210fe594ee9b33d82058545b1ed14f4c8206e,PerceptualSpeedIndex,google-docs,True,google-docs PerceptualSpeedIndex opt fission warm webrender,,77,ms,firefox,442847240.0,1823685904,2024-01-10 10:37:21,1358093,,,,,,,,,,,,,,,,,,,,,,,,,,,,,,,,,,,,,,,,,,,,,,,,,TN
1757,645f7ed438fb8172e3e4db34d3d7821251ae066c,0.21915951197469496,autoland,3779647,13,a34e21034f2e3c317ebb3d485012938d48ad04ac,macosx1015-64-shippable-qr,True,False,,|f|i|s|s|i|o|n| |w|a|r|m| |w|e|b|r|e|n|d|e|r|,102210fe594ee9b33d82058545b1ed14f4c8206e,PerceptualSpeedIndex,google-docs,True,google-docs PerceptualSpeedIndex opt fission warm webrender,,77,ms,firefox,442851060.0,1823699370,2024-01-10 11:50:05,1358132,,,,,,,,,,,,,,,,,,,,,,,,,,,,,,,,,,,,,,,,,,,,,,,,,TN
1758,abbd6756776d8ea1ff22b8a5ee76e1417583f893,0.29868956168097593,autoland,3779647,13,a34e21034f2e3c317ebb3d485012938d48ad04ac,macosx1015-64-shippable-qr,True,False,,|f|i|s|s|i|o|n| |w|a|r|m| |w|e|b|r|e|n|d|e|r|,102210fe594ee9b33d82058545b1ed14f4c8206e,PerceptualSpeedIndex,google-docs,True,google-docs PerceptualSpeedIndex opt fission warm webrender,,77,ms,firefox,442859086.0,1823722057,2024-01-10 15:53:53,1358258,,,,,,,,,,,,,,,,,,,,,,,,,,,,,,,,,,,,,,,,,,,,,,,,,TN
1759,a6a3c60d31894fa2c788c6498b98e529a6ce0202,0.23136014460009036,autoland,3779647,13,a34e21034f2e3c317ebb3d485012938d48ad04ac,macosx1015-64-shippable-qr,True,False,,|f|i|s|s|i|o|n| |w|a|r|m| |w|e|b|r|e|n|d|e|r|,102210fe594ee9b33d82058545b1ed14f4c8206e,PerceptualSpeedIndex,google-docs,True,google-docs PerceptualSpeedIndex opt fission warm webrender,,77,ms,firefox,442917801.0,1824006826,2024-01-10 17:13:27,1358311,,,,,,,,,,,,,,,,,,,,,,,,,,,,,,,,,,,,,,,,,,,,,,,,,TN
1760,cefca88dbb5f5ddbed3d4d2d541ce66924187b3f,0.1997288748305468,autoland,3779647,13,a34e21034f2e3c317ebb3d485012938d48ad04ac,macosx1015-64-shippable-qr,True,False,,|f|i|s|s|i|o|n| |w|a|r|m| |w|e|b|r|e|n|d|e|r|,102210fe594ee9b33d82058545b1ed14f4c8206e,PerceptualSpeedIndex,google-docs,True,google-docs PerceptualSpeedIndex opt fission warm webrender,,77,ms,firefox,442917350.0,1823997837,2024-01-10 17:16:57,1358312,,,,,,,,,,,,,,,,,,,,,,,,,,,,,,,,,,,,,,,,,,,,,,,,,TN
1761,8ce5b5a3f4cb435bbade6c5ce303b682c2624aca,0.20899231812019892,autoland,3779647,13,a34e21034f2e3c317ebb3d485012938d48ad04ac,macosx1015-64-shippable-qr,True,False,,|f|i|s|s|i|o|n| |w|a|r|m| |w|e|b|r|e|n|d|e|r|,102210fe594ee9b33d82058545b1ed14f4c8206e,PerceptualSpeedIndex,google-docs,True,google-docs PerceptualSpeedIndex opt fission warm webrender,,77,ms,firefox,442917869.0,1824009244,2024-01-10 17:17:38,1358313,,,,,,,,,,,,,,,,,,,,,,,,,,,,,,,,,,,,,,,,,,,,,,,,,TN
1762,13107fcd50cf2795a397cd8d72ce290a0b34a909,0.22413014008133758,autoland,3779647,13,a34e21034f2e3c317ebb3d485012938d48ad04ac,macosx1015-64-shippable-qr,True,False,,|f|i|s|s|i|o|n| |w|a|r|m| |w|e|b|r|e|n|d|e|r|,102210fe594ee9b33d82058545b1ed14f4c8206e,PerceptualSpeedIndex,google-docs,True,google-docs PerceptualSpeedIndex opt fission warm webrender,,77,ms,firefox,442879363.0,1823861112,2024-01-10 20:02:55,1358406,,,,,,,,,,,,,,,,,,,,,,,,,,,,,,,,,,,,,,,,,,,,,,,,,TN
1763,1a93f0a64a7f897212da58c5753433922e0953cb,0.21373700858563027,autoland,3779647,13,a34e21034f2e3c317ebb3d485012938d48ad04ac,macosx1015-64-shippable-qr,True,False,,|f|i|s|s|i|o|n| |w|a|r|m| |w|e|b|r|e|n|d|e|r|,102210fe594ee9b33d82058545b1ed14f4c8206e,PerceptualSpeedIndex,google-docs,True,google-docs PerceptualSpeedIndex opt fission warm webrender,,77,ms,firefox,442906633.0,1823953035,2024-01-11 01:22:24,1358548,,,,,,,,,,,,,,,,,,,,,,,,,,,,,,,,,,,,,,,,,,,,,,,,,TN
1764,53b379d2ca1da12d341d8c9f8e59575152c88b27,0.19385449615906003,autoland,3779647,13,a34e21034f2e3c317ebb3d485012938d48ad04ac,macosx1015-64-shippable-qr,True,False,,|f|i|s|s|i|o|n| |w|a|r|m| |w|e|b|r|e|n|d|e|r|,102210fe594ee9b33d82058545b1ed14f4c8206e,PerceptualSpeedIndex,google-docs,True,google-docs PerceptualSpeedIndex opt fission warm webrender,,77,ms,firefox,442925881.0,1824052877,2024-01-11 07:34:58,1358622,,,,,,,,,,,,,,,,,,,,,,,,,,,,,,,,,,,,,,,,,,,,,,,,,TN
1765,0bd36479d605b1a8748ee37096ff0d54383f0402,0.20899231812019892,autoland,3779647,13,a34e21034f2e3c317ebb3d485012938d48ad04ac,macosx1015-64-shippable-qr,True,False,,|f|i|s|s|i|o|n| |w|a|r|m| |w|e|b|r|e|n|d|e|r|,102210fe594ee9b33d82058545b1ed14f4c8206e,PerceptualSpeedIndex,google-docs,True,google-docs PerceptualSpeedIndex opt fission warm webrender,,77,ms,firefox,442935517.0,1824087271,2024-01-11 09:13:52,1358650,,,,,,,,,,,,,,,,,,,,,,,,,,,,,,,,,,,,,,,,,,,,,,,,,TN
1766,9e9da9a3335070604e4d44a2a97d897ca73a4c16,0.1868504292815183,autoland,3779647,13,a34e21034f2e3c317ebb3d485012938d48ad04ac,macosx1015-64-shippable-qr,True,False,,|f|i|s|s|i|o|n| |w|a|r|m| |w|e|b|r|e|n|d|e|r|,102210fe594ee9b33d82058545b1ed14f4c8206e,PerceptualSpeedIndex,google-docs,True,google-docs PerceptualSpeedIndex opt fission warm webrender,,77,ms,firefox,442969902.0,1824219528,2024-01-11 13:33:40,1358737,,,,,,,,,,,,,,,,,,,,,,,,,,,,,,,,,,,,,,,,,,,,,,,,,TN
1767,0fbc415c1704aee17dbd065e8d41e057993f1797,0.20266606416629007,autoland,3779647,13,a34e21034f2e3c317ebb3d485012938d48ad04ac,macosx1015-64-shippable-qr,True,False,,|f|i|s|s|i|o|n| |w|a|r|m| |w|e|b|r|e|n|d|e|r|,102210fe594ee9b33d82058545b1ed14f4c8206e,PerceptualSpeedIndex,google-docs,True,google-docs PerceptualSpeedIndex opt fission warm webrender,,77,ms,firefox,442983248.0,1824281557,2024-01-11 15:31:24,1358816,,,,,,,,,,,,,,,,,,,,,,,,,,,,,,,,,,,,,,,,,,,,,,,,,TN
1768,c968fa42e944e86d2ef0e1790169260c72d1767b,0.22932670582919124,autoland,3779647,13,a34e21034f2e3c317ebb3d485012938d48ad04ac,macosx1015-64-shippable-qr,True,False,,|f|i|s|s|i|o|n| |w|a|r|m| |w|e|b|r|e|n|d|e|r|,102210fe594ee9b33d82058545b1ed14f4c8206e,PerceptualSpeedIndex,google-docs,True,google-docs PerceptualSpeedIndex opt fission warm webrender,,77,ms,firefox,443074473.0,1824725471,2024-01-11 18:18:15,1358919,,,,,,,,,,,,,,,,,,,,,,,,,,,,,,,,,,,,,,,,,,,,,,,,,TN
1769,c742a756f169303b59bc595b6ad84ce7314a1789,0.1965657478535925,autoland,3779647,13,a34e21034f2e3c317ebb3d485012938d48ad04ac,macosx1015-64-shippable-qr,True,False,,|f|i|s|s|i|o|n| |w|a|r|m| |w|e|b|r|e|n|d|e|r|,102210fe594ee9b33d82058545b1ed14f4c8206e,PerceptualSpeedIndex,google-docs,True,google-docs PerceptualSpeedIndex opt fission warm webrender,,77,ms,firefox,443075060.0,1824733144,2024-01-11 18:24:24,1358925,,,,,,,,,,,,,,,,,,,,,,,,,,,,,,,,,,,,,,,,,,,,,,,,,TN
1770,51d3d025e7fa3113193da45b9c1b1d792060a4c3,0.19340262087663795,autoland,3779647,13,a34e21034f2e3c317ebb3d485012938d48ad04ac,macosx1015-64-shippable-qr,True,False,,|f|i|s|s|i|o|n| |w|a|r|m| |w|e|b|r|e|n|d|e|r|,102210fe594ee9b33d82058545b1ed14f4c8206e,PerceptualSpeedIndex,google-docs,True,google-docs PerceptualSpeedIndex opt fission warm webrender,,77,ms,firefox,443025856.0,1824441152,2024-01-11 19:45:18,1358981,,,,,,,,,,,,,,,,,,,,,,,,,,,,,,,,,,,,,,,,,,,,,,,,,TN
1771,dfcfa98a7e21b51e5559d4bee58d465a40576f31,0.22638951649344774,autoland,3779647,13,a34e21034f2e3c317ebb3d485012938d48ad04ac,macosx1015-64-shippable-qr,True,False,,|f|i|s|s|i|o|n| |w|a|r|m| |w|e|b|r|e|n|d|e|r|,102210fe594ee9b33d82058545b1ed14f4c8206e,PerceptualSpeedIndex,google-docs,True,google-docs PerceptualSpeedIndex opt fission warm webrender,,77,ms,firefox,443074197.0,1824721009,2024-01-11 19:53:37,1358986,,,,,,,,,,,,,,,,,,,,,,,,,,,,,,,,,,,,,,,,,,,,,,,,,TN
1772,8f1e9e2c902a89cfb9f9ea20307fb3ee8a91a4af,0.1967916854948033,autoland,3779647,13,a34e21034f2e3c317ebb3d485012938d48ad04ac,macosx1015-64-shippable-qr,True,False,,|f|i|s|s|i|o|n| |w|a|r|m| |w|e|b|r|e|n|d|e|r|,102210fe594ee9b33d82058545b1ed14f4c8206e,PerceptualSpeedIndex,google-docs,True,google-docs PerceptualSpeedIndex opt fission warm webrender,,77,ms,firefox,443019965.0,1824426484,2024-01-11 20:05:09,1358995,,,,,,,,,,,,,,,,,,,,,,,,,,,,,,,,,,,,,,,,,,,,,,,,,TN
1773,1d2ccbe0bb6db4d9628b16914b33c5dc5e9406dc,0.24491640307275198,autoland,3779647,13,a34e21034f2e3c317ebb3d485012938d48ad04ac,macosx1015-64-shippable-qr,True,False,,|f|i|s|s|i|o|n| |w|a|r|m| |w|e|b|r|e|n|d|e|r|,102210fe594ee9b33d82058545b1ed14f4c8206e,PerceptualSpeedIndex,google-docs,True,google-docs PerceptualSpeedIndex opt fission warm webrender,,77,ms,firefox,443054136.0,1824576986,2024-01-12 01:35:24,1359176,,,,,,,,,,,,,,,,,,,,,,,,,,,,,,,,,,,,,,,,,,,,,,,,,TN
1774,1dc9f987063cf678f5c26e7534eadc8bfd186fa9,0.2150926344328965,autoland,3779647,13,a34e21034f2e3c317ebb3d485012938d48ad04ac,macosx1015-64-shippable-qr,True,False,,|f|i|s|s|i|o|n| |w|a|r|m| |w|e|b|r|e|n|d|e|r|,102210fe594ee9b33d82058545b1ed14f4c8206e,PerceptualSpeedIndex,google-docs,True,google-docs PerceptualSpeedIndex opt fission warm webrender,,77,ms,firefox,443073217.0,1824712991,2024-01-12 05:09:20,1359210,,,,,,,,,,,,,,,,,,,,,,,,,,,,,,,,,,,,,,,,,,,,,,,,,TN
1775,734e2e027196a9d64120ebf11a01a1b03e494d43,0.22232263895164928,autoland,3779647,13,a34e21034f2e3c317ebb3d485012938d48ad04ac,macosx1015-64-shippable-qr,True,False,,|f|i|s|s|i|o|n| |w|a|r|m| |w|e|b|r|e|n|d|e|r|,102210fe594ee9b33d82058545b1ed14f4c8206e,PerceptualSpeedIndex,google-docs,True,google-docs PerceptualSpeedIndex opt fission warm webrender,,77,ms,firefox,443100528.0,1824870590,2024-01-12 09:17:33,1359269,,,,,,,,,,,,,,,,,,,,,,,,,,,,,,,,,,,,,,,,,,,,,,,,,TN
1776,04e959fcffc3608cfdc8e3812cac822a94eb7f79,0.19588793492995915,autoland,3779647,13,a34e21034f2e3c317ebb3d485012938d48ad04ac,macosx1015-64-shippable-qr,True,False,,|f|i|s|s|i|o|n| |w|a|r|m| |w|e|b|r|e|n|d|e|r|,102210fe594ee9b33d82058545b1ed14f4c8206e,PerceptualSpeedIndex,google-docs,True,google-docs PerceptualSpeedIndex opt fission warm webrender,,77,ms,firefox,443098797.0,1824855413,2024-01-12 09:50:00,1359287,,,,,,,,,,,,,,,,,,,,,,,,,,,,,,,,,,,,,,,,,,,,,,,,,TN
1777,897e093ce0acdad2e945ff5f23e6d89f77ac22a2,0.1997288748305468,autoland,3779647,13,a34e21034f2e3c317ebb3d485012938d48ad04ac,macosx1015-64-shippable-qr,True,False,,|f|i|s|s|i|o|n| |w|a|r|m| |w|e|b|r|e|n|d|e|r|,102210fe594ee9b33d82058545b1ed14f4c8206e,PerceptualSpeedIndex,google-docs,True,google-docs PerceptualSpeedIndex opt fission warm webrender,,77,ms,firefox,443194886.0,1825369586,2024-01-12 13:49:10,1359374,,,,,,,,,,,,,,,,,,,,,,,,,,,,,,,,,,,,,,,,,,,,,,,,,TN
1778,ce67ec7f0570e0dbbb4af59d868791341b3ae825,0.3334839584274738,autoland,3779647,13,a34e21034f2e3c317ebb3d485012938d48ad04ac,macosx1015-64-shippable-qr,True,False,,|f|i|s|s|i|o|n| |w|a|r|m| |w|e|b|r|e|n|d|e|r|,102210fe594ee9b33d82058545b1ed14f4c8206e,PerceptualSpeedIndex,google-docs,True,google-docs PerceptualSpeedIndex opt fission warm webrender,,77,ms,firefox,443132091.0,1825045503,2024-01-12 13:58:07,1359382,,,,,,,,,,,,,,,,,,,,,,,,,,,,,,,,,,,,,,,,,,,,,,,,,TN
1779,ca885660ea6d70595474b1663ce6806f7a86a6ea,0.19521012200632626,autoland,3779647,13,a34e21034f2e3c317ebb3d485012938d48ad04ac,macosx1015-64-shippable-qr,True,False,,|f|i|s|s|i|o|n| |w|a|r|m| |w|e|b|r|e|n|d|e|r|,102210fe594ee9b33d82058545b1ed14f4c8206e,PerceptualSpeedIndex,google-docs,True,google-docs PerceptualSpeedIndex opt fission warm webrender,,77,ms,firefox,443137911.0,1825077248,2024-01-12 15:59:03,1359473,,,,,,,,,,,,,,,,,,,,,,,,,,,,,,,,,,,,,,,,,,,,,,,,,TN
1780,00f949eecc1be917553e235f582aeb7e1e1146fd,0.20876638047898788,autoland,3779647,13,a34e21034f2e3c317ebb3d485012938d48ad04ac,macosx1015-64-shippable-qr,True,False,,|f|i|s|s|i|o|n| |w|a|r|m| |w|e|b|r|e|n|d|e|r|,102210fe594ee9b33d82058545b1ed14f4c8206e,PerceptualSpeedIndex,google-docs,True,google-docs PerceptualSpeedIndex opt fission warm webrender,,77,ms,firefox,443167561.0,1825231650,2024-01-12 19:38:29,1359666,,,,,,,,,,,,,,,,,,,,,,,,,,,,,,,,,,,,,,,,,,,,,,,,,TN
1781,941c30d075424ce679789d63701ca84aa524da86,0.22751920469950293,autoland,3779647,13,a34e21034f2e3c317ebb3d485012938d48ad04ac,macosx1015-64-shippable-qr,True,False,,|f|i|s|s|i|o|n| |w|a|r|m| |w|e|b|r|e|n|d|e|r|,102210fe594ee9b33d82058545b1ed14f4c8206e,PerceptualSpeedIndex,google-docs,True,google-docs PerceptualSpeedIndex opt fission warm webrender,,77,ms,firefox,443195011.0,1825371159,2024-01-12 22:22:32,1359751,,,,,,,,,,,,,,,,,,,,,,,,,,,,,,,,,,,,,,,,,,,,,,,,,TN
1782,e9c1463b56151bf940fe442f91aeabc8a811573d,0.20899231812019892,autoland,3779647,13,a34e21034f2e3c317ebb3d485012938d48ad04ac,macosx1015-64-shippable-qr,True,False,,|f|i|s|s|i|o|n| |w|a|r|m| |w|e|b|r|e|n|d|e|r|,102210fe594ee9b33d82058545b1ed14f4c8206e,PerceptualSpeedIndex,google-docs,True,google-docs PerceptualSpeedIndex opt fission warm webrender,,77,ms,firefox,443193676.0,1825347622,2024-01-12 22:24:41,1359754,,,,,,,,,,,,,,,,,,,,,,,,,,,,,,,,,,,,,,,,,,,,,,,,,TN
1783,53d4d65c33f1a556689dd9de738b173142e52749,0.24875734297333918,autoland,3779647,13,a34e21034f2e3c317ebb3d485012938d48ad04ac,macosx1015-64-shippable-qr,True,False,,|f|i|s|s|i|o|n| |w|a|r|m| |w|e|b|r|e|n|d|e|r|,102210fe594ee9b33d82058545b1ed14f4c8206e,PerceptualSpeedIndex,google-docs,True,google-docs PerceptualSpeedIndex opt fission warm webrender,,77,ms,firefox,443185107.0,1825296776,2024-01-12 23:40:01,1359778,,,,,,,,,,,,,,,,,,,,,,,,,,,,,,,,,,,,,,,,,,,,,,,,,TN
1784,1c1cef3dae75411dbe9bc03547274f506cade636,0.22232263895164928,autoland,3779647,13,a34e21034f2e3c317ebb3d485012938d48ad04ac,macosx1015-64-shippable-qr,True,False,,|f|i|s|s|i|o|n| |w|a|r|m| |w|e|b|r|e|n|d|e|r|,102210fe594ee9b33d82058545b1ed14f4c8206e,PerceptualSpeedIndex,google-docs,True,google-docs PerceptualSpeedIndex opt fission warm webrender,,77,ms,firefox,443204751.0,1825426132,2024-01-13 08:47:40,1359844,,,,,,,,,,,,,,,,,,,,,,,,,,,,,,,,,,,,,,,,,,,,,,,,,TN
1785,9e96d1447f6c77f15bcd1c7fa432cefae4418038,0.2182557614098508,autoland,3779647,13,a34e21034f2e3c317ebb3d485012938d48ad04ac,macosx1015-64-shippable-qr,True,False,,|f|i|s|s|i|o|n| |w|a|r|m| |w|e|b|r|e|n|d|e|r|,102210fe594ee9b33d82058545b1ed14f4c8206e,PerceptualSpeedIndex,google-docs,True,google-docs PerceptualSpeedIndex opt fission warm webrender,,77,ms,firefox,443228685.0,1825519353,2024-01-13 14:38:07,1359886,,,,,,,,,,,,,,,,,,,,,,,,,,,,,,,,,,,,,,,,,,,,,,,,,TN
1786,05b08c9f9a5822b969513dda16d5f55e322ade4f,0.20623587889742434,autoland,3779647,13,a34e21034f2e3c317ebb3d485012938d48ad04ac,macosx1015-64-shippable-qr,True,False,,|f|i|s|s|i|o|n| |w|a|r|m| |w|e|b|r|e|n|d|e|r|,102210fe594ee9b33d82058545b1ed14f4c8206e,PerceptualSpeedIndex,google-docs,True,google-docs PerceptualSpeedIndex opt fission warm webrender,,77,ms,firefox,443249653.0,1825614405,2024-01-13 23:22:39,1359908,,,,,,,,,,,,,,,,,,,,,,,,,,,,,,,,,,,,,,,,,,,,,,,,,TN
1787,b24d63d72f77a64fe5d8bce6420b88e7e0c4d9da,0.2433348395842747,autoland,3779647,13,a34e21034f2e3c317ebb3d485012938d48ad04ac,macosx1015-64-shippable-qr,True,False,,|f|i|s|s|i|o|n| |w|a|r|m| |w|e|b|r|e|n|d|e|r|,102210fe594ee9b33d82058545b1ed14f4c8206e,PerceptualSpeedIndex,google-docs,True,google-docs PerceptualSpeedIndex opt fission warm webrender,,77,ms,firefox,443275311.0,1825765792,2024-01-14 13:25:52,1359942,,,,,,,,,,,,,,,,,,,,,,,,,,,,,,,,,,,,,,,,,,,,,,,,,TN
1788,de4567bec5231630b24dbc8a0f117c108e274afc,0.23610483506552193,autoland,3779647,13,a34e21034f2e3c317ebb3d485012938d48ad04ac,macosx1015-64-shippable-qr,True,False,,|f|i|s|s|i|o|n| |w|a|r|m| |w|e|b|r|e|n|d|e|r|,102210fe594ee9b33d82058545b1ed14f4c8206e,PerceptualSpeedIndex,google-docs,True,google-docs PerceptualSpeedIndex opt fission warm webrender,,77,ms,firefox,443302830.0,1825889489,2024-01-15 05:08:04,1360013,,,,,,,,,,,,,,,,,,,,,,,,,,,,,,,,,,,,,,,,,,,,,,,,,TN
1789,fed0bf16c40eba956c10bb3214420acaf75ee212,0.20628106642566646,autoland,3779647,13,a34e21034f2e3c317ebb3d485012938d48ad04ac,macosx1015-64-shippable-qr,True,False,,|f|i|s|s|i|o|n| |w|a|r|m| |w|e|b|r|e|n|d|e|r|,102210fe594ee9b33d82058545b1ed14f4c8206e,PerceptualSpeedIndex,google-docs,True,google-docs PerceptualSpeedIndex opt fission warm webrender,,77,ms,firefox,443302384.0,1825881947,2024-01-15 06:43:10,1360023,,,,,,,,,,,,,,,,,,,,,,,,,,,,,,,,,,,,,,,,,,,,,,,,,TN
1790,43598f45eee98e83ea2f55ce9a36e000770cf985,0.24175327609579766,autoland,3779647,13,a34e21034f2e3c317ebb3d485012938d48ad04ac,macosx1015-64-shippable-qr,True,False,,|f|i|s|s|i|o|n| |w|a|r|m| |w|e|b|r|e|n|d|e|r|,102210fe594ee9b33d82058545b1ed14f4c8206e,PerceptualSpeedIndex,google-docs,True,google-docs PerceptualSpeedIndex opt fission warm webrender,,77,ms,firefox,443332241.0,1825988669,2024-01-15 11:02:38,1360080,,,,,,,,,,,,,,,,,,,,,,,,,,,,,,,,,,,,,,,,,,,,,,,,,TN
1791,253b1ef032b4e35683449c7af5d9effaa417e813,0.1985991866244916,autoland,3779647,13,a34e21034f2e3c317ebb3d485012938d48ad04ac,macosx1015-64-shippable-qr,True,False,,|f|i|s|s|i|o|n| |w|a|r|m| |w|e|b|r|e|n|d|e|r|,102210fe594ee9b33d82058545b1ed14f4c8206e,PerceptualSpeedIndex,google-docs,True,google-docs PerceptualSpeedIndex opt fission warm webrender,,77,ms,firefox,443343027.0,1826045762,2024-01-15 13:01:22,1360125,,,,,,,,,,,,,,,,,,,,,,,,,,,,,,,,,,,,,,,,,,,,,,,,,TN
1792,96407685e7579866b7cb890b16c2d05cde908fed,0.22819701762313604,autoland,3779647,13,a34e21034f2e3c317ebb3d485012938d48ad04ac,macosx1015-64-shippable-qr,True,False,,|f|i|s|s|i|o|n| |w|a|r|m| |w|e|b|r|e|n|d|e|r|,102210fe594ee9b33d82058545b1ed14f4c8206e,PerceptualSpeedIndex,google-docs,True,google-docs PerceptualSpeedIndex opt fission warm webrender,,77,ms,firefox,443431197.0,1826429831,2024-01-15 13:14:28,1360129,,,,,,,,,,,,,,,,,,,,,,,,,,,,,,,,,,,,,,,,,,,,,,,,,TN
1793,8188051a080f272a706f8fb169248c4677069f6b,0.20786262991414373,autoland,3779647,13,a34e21034f2e3c317ebb3d485012938d48ad04ac,macosx1015-64-shippable-qr,True,False,,|f|i|s|s|i|o|n| |w|a|r|m| |w|e|b|r|e|n|d|e|r|,102210fe594ee9b33d82058545b1ed14f4c8206e,PerceptualSpeedIndex,google-docs,True,google-docs PerceptualSpeedIndex opt fission warm webrender,,77,ms,firefox,443430184.0,1826419131,2024-01-15 14:24:27,1360138,,,,,,,,,,,,,,,,,,,,,,,,,,,,,,,,,,,,,,,,,,,,,,,,,TN
1794,c99a236b215f1a49f9abf0d88cc6217ddc6d0623,0.21780388612742896,autoland,3779647,13,a34e21034f2e3c317ebb3d485012938d48ad04ac,macosx1015-64-shippable-qr,True,False,,|f|i|s|s|i|o|n| |w|a|r|m| |w|e|b|r|e|n|d|e|r|,102210fe594ee9b33d82058545b1ed14f4c8206e,PerceptualSpeedIndex,google-docs,True,google-docs PerceptualSpeedIndex opt fission warm webrender,,77,ms,firefox,443434224.0,1826452362,2024-01-15 16:25:19,1360277,,,,,,,,,,,,,,,,,,,,,,,,,,,,,,,,,,,,,,,,,,,,,,,,,TN
1795,dc36bc5a45acf968a84adb6249e9193a2307c43e,0.20605512878445542,autoland,3779647,13,a34e21034f2e3c317ebb3d485012938d48ad04ac,macosx1015-64-shippable-qr,True,False,,|f|i|s|s|i|o|n| |w|a|r|m| |w|e|b|r|e|n|d|e|r|,102210fe594ee9b33d82058545b1ed14f4c8206e,PerceptualSpeedIndex,google-docs,True,google-docs PerceptualSpeedIndex opt fission warm webrender,,77,ms,firefox,443430305.0,1826419099,2024-01-15 16:26:09,1360279,,,,,,,,,,,,,,,,,,,,,,,,,,,,,,,,,,,,,,,,,,,,,,,,,TN
1796,a9ede7f8216422a86a2b25e0696d884c8a069b78,0.220741075463172,autoland,3779647,13,a34e21034f2e3c317ebb3d485012938d48ad04ac,macosx1015-64-shippable-qr,True,False,,|f|i|s|s|i|o|n| |w|a|r|m| |w|e|b|r|e|n|d|e|r|,102210fe594ee9b33d82058545b1ed14f4c8206e,PerceptualSpeedIndex,google-docs,True,google-docs PerceptualSpeedIndex opt fission warm webrender,,77,ms,firefox,443373454.0,1826205241,2024-01-15 16:45:21,1360291,,,,,,,,,,,,,,,,,,,,,,,,,,,,,,,,,,,,,,,,,,,,,,,,,TN
1797,8a68c5a8cac8300a140767d36eaed293e8f2664c,0.20560325350203357,autoland,3779647,13,a34e21034f2e3c317ebb3d485012938d48ad04ac,macosx1015-64-shippable-qr,True,False,,|f|i|s|s|i|o|n| |w|a|r|m| |w|e|b|r|e|n|d|e|r|,102210fe594ee9b33d82058545b1ed14f4c8206e,PerceptualSpeedIndex,google-docs,True,google-docs PerceptualSpeedIndex opt fission warm webrender,,77,ms,firefox,443404726.0,1826295926,2024-01-15 21:04:35,1360446,,,,,,,,,,,,,,,,,,,,,,,,,,,,,,,,,,,,,,,,,,,,,,,,,TN
1798,02d1a62ad90af487d859bc4971a43862dceeda6e,0.20447356529597838,autoland,3779647,13,a34e21034f2e3c317ebb3d485012938d48ad04ac,macosx1015-64-shippable-qr,True,False,,|f|i|s|s|i|o|n| |w|a|r|m| |w|e|b|r|e|n|d|e|r|,102210fe594ee9b33d82058545b1ed14f4c8206e,PerceptualSpeedIndex,google-docs,True,google-docs PerceptualSpeedIndex opt fission warm webrender,,77,ms,firefox,443423844.0,1826374866,2024-01-16 02:30:18,1360561,,,,,,,,,,,,,,,,,,,,,,,,,,,,,,,,,,,,,,,,,,,,,,,,,TN
1799,70cdba288eb3585a65e68748b4aecfe615cf92e8,0.21915951197469496,autoland,3779647,13,a34e21034f2e3c317ebb3d485012938d48ad04ac,macosx1015-64-shippable-qr,True,False,,|f|i|s|s|i|o|n| |w|a|r|m| |w|e|b|r|e|n|d|e|r|,102210fe594ee9b33d82058545b1ed14f4c8206e,PerceptualSpeedIndex,google-docs,True,google-docs PerceptualSpeedIndex opt fission warm webrender,,77,ms,firefox,443428364.0,1826393144,2024-01-16 03:41:09,1360576,,,,,,,,,,,,,,,,,,,,,,,,,,,,,,,,,,,,,,,,,,,,,,,,,TN
1800,f2c924263ffece6d0b30e6a52dfd32792c5bf5ab,0.24785359240849525,autoland,3779647,13,a34e21034f2e3c317ebb3d485012938d48ad04ac,macosx1015-64-shippable-qr,True,False,,|f|i|s|s|i|o|n| |w|a|r|m| |w|e|b|r|e|n|d|e|r|,102210fe594ee9b33d82058545b1ed14f4c8206e,PerceptualSpeedIndex,google-docs,True,google-docs PerceptualSpeedIndex opt fission warm webrender,,77,ms,firefox,443447187.0,1826524118,2024-01-16 08:02:14,1360634,,,,,,,,,,,,,,,,,,,,,,,,,,,,,,,,,,,,,,,,,,,,,,,,,TN
1801,b7a792b71de6beb8e167d10494fa1c387f55f9c2,0.20379575237234526,autoland,3779647,13,a34e21034f2e3c317ebb3d485012938d48ad04ac,macosx1015-64-shippable-qr,True,False,,|f|i|s|s|i|o|n| |w|a|r|m| |w|e|b|r|e|n|d|e|r|,102210fe594ee9b33d82058545b1ed14f4c8206e,PerceptualSpeedIndex,google-docs,True,google-docs PerceptualSpeedIndex opt fission warm webrender,,77,ms,firefox,443485690.0,1826654288,2024-01-16 12:14:54,1360755,,,,,,,,,,,,,,,,,,,,,,,,,,,,,,,,,,,,,,,,,,,,,,,,,TN
1802,07af0d2b5ced38fc72f57fb9619e9e8430edc630,0.19046543154089468,autoland,3779647,13,a34e21034f2e3c317ebb3d485012938d48ad04ac,macosx1015-64-shippable-qr,True,False,,|f|i|s|s|i|o|n| |w|a|r|m| |w|e|b|r|e|n|d|e|r|,102210fe594ee9b33d82058545b1ed14f4c8206e,PerceptualSpeedIndex,google-docs,True,google-docs PerceptualSpeedIndex opt fission warm webrender,,77,ms,firefox,443570772.0,1827066639,2024-01-16 16:07:16,1360917,,,,,,,,,,,,,,,,,,,,,,,,,,,,,,,,,,,,,,,,,,,,,,,,,TN
1803,63082f3bb107e1a4f6692ea836f8812a9af8f74c,0.20379575237234526,autoland,3779647,13,a34e21034f2e3c317ebb3d485012938d48ad04ac,macosx1015-64-shippable-qr,True,False,,|f|i|s|s|i|o|n| |w|a|r|m| |w|e|b|r|e|n|d|e|r|,102210fe594ee9b33d82058545b1ed14f4c8206e,PerceptualSpeedIndex,google-docs,True,google-docs PerceptualSpeedIndex opt fission warm webrender,,77,ms,firefox,443576126.0,1827101672,2024-01-16 16:09:52,1360920,,,,,,,,,,,,,,,,,,,,,,,,,,,,,,,,,,,,,,,,,,,,,,,,,TN
1804,c57d859580d036c47f9c0140e247b012211f6475,0.3479439674649798,autoland,3779647,13,a34e21034f2e3c317ebb3d485012938d48ad04ac,macosx1015-64-shippable-qr,True,False,,|f|i|s|s|i|o|n| |w|a|r|m| |w|e|b|r|e|n|d|e|r|,102210fe594ee9b33d82058545b1ed14f4c8206e,PerceptualSpeedIndex,google-docs,True,google-docs PerceptualSpeedIndex opt fission warm webrender,,77,ms,firefox,443511398.0,1826790315,2024-01-16 16:10:42,1360921,,,,,,,,,,,,,,,,,,,,,,,,,,,,,,,,,,,,,,,,,,,,,,,,,TN
1805,70d83d705e48aa6e7e7f765142176e775044db26,0.19950293718933576,autoland,3779647,13,a34e21034f2e3c317ebb3d485012938d48ad04ac,macosx1015-64-shippable-qr,True,False,,|f|i|s|s|i|o|n| |w|a|r|m| |w|e|b|r|e|n|d|e|r|,102210fe594ee9b33d82058545b1ed14f4c8206e,PerceptualSpeedIndex,google-docs,True,google-docs PerceptualSpeedIndex opt fission warm webrender,,77,ms,firefox,443520493.0,1826828299,2024-01-16 18:47:57,1361053,,,,,,,,,,,,,,,,,,,,,,,,,,,,,,,,,,,,,,,,,,,,,,,,,TN
1806,be11cd2890f611f1552236eed7ffe53fba913a46,0.204835065521916,autoland,3779647,13,a34e21034f2e3c317ebb3d485012938d48ad04ac,macosx1015-64-shippable-qr,True,False,,|f|i|s|s|i|o|n| |w|a|r|m| |w|e|b|r|e|n|d|e|r|,102210fe594ee9b33d82058545b1ed14f4c8206e,PerceptualSpeedIndex,google-docs,True,google-docs PerceptualSpeedIndex opt fission warm webrender,,77,ms,firefox,443539582.0,1826891891,2024-01-16 21:05:47,1361171,,,,,,,,,,,,,,,,,,,,,,,,,,,,,,,,,,,,,,,,,,,,,,,,,TN
1807,e14244196def7be57366bd3c3b31e7218266e883,0.21622232263895147,autoland,3779647,13,a34e21034f2e3c317ebb3d485012938d48ad04ac,macosx1015-64-shippable-qr,True,False,,|f|i|s|s|i|o|n| |w|a|r|m| |w|e|b|r|e|n|d|e|r|,102210fe594ee9b33d82058545b1ed14f4c8206e,PerceptualSpeedIndex,google-docs,True,google-docs PerceptualSpeedIndex opt fission warm webrender,,77,ms,firefox,443575745.0,1827096547,2024-01-16 21:13:17,1361177,,,,,,,,,,,,,,,,,,,,,,,,,,,,,,,,,,,,,,,,,,,,,,,,,TN
1808,7a65679aabcf9e5a522b9fbd3463109e4b2946c2,0.21057388160867596,autoland,3779647,13,a34e21034f2e3c317ebb3d485012938d48ad04ac,macosx1015-64-shippable-qr,True,False,,|f|i|s|s|i|o|n| |w|a|r|m| |w|e|b|r|e|n|d|e|r|,102210fe594ee9b33d82058545b1ed14f4c8206e,PerceptualSpeedIndex,google-docs,True,google-docs PerceptualSpeedIndex opt fission warm webrender,,77,ms,firefox,443573404.0,1827078992,2024-01-16 21:16:43,1361180,,,,,,,,,,,,,,,,,,,,,,,,,,,,,,,,,,,,,,,,,,,,,,,,,TN
1809,2425c93f20f61b806df955141332d7cb553c6efb,0.21305919566199716,autoland,3779647,13,a34e21034f2e3c317ebb3d485012938d48ad04ac,macosx1015-64-shippable-qr,True,False,,|f|i|s|s|i|o|n| |w|a|r|m| |w|e|b|r|e|n|d|e|r|,102210fe594ee9b33d82058545b1ed14f4c8206e,PerceptualSpeedIndex,google-docs,True,google-docs PerceptualSpeedIndex opt fission warm webrender,,77,ms,firefox,443555062.0,1826961144,2024-01-17 00:27:37,1361277,,,,,,,,,,,,,,,,,,,,,,,,,,,,,,,,,,,,,,,,,,,,,,,,,TN
1810,71000174812fc0992b6793e53ac5f11f1b87bdc0,0.20537731586082253,autoland,3779647,13,a34e21034f2e3c317ebb3d485012938d48ad04ac,macosx1015-64-shippable-qr,True,False,,|f|i|s|s|i|o|n| |w|a|r|m| |w|e|b|r|e|n|d|e|r|,102210fe594ee9b33d82058545b1ed14f4c8206e,PerceptualSpeedIndex,google-docs,True,google-docs PerceptualSpeedIndex opt fission warm webrender,,77,ms,firefox,443573832.0,1827089526,2024-01-17 05:04:36,1361364,,,,,,,,,,,,,,,,,,,,,,,,,,,,,,,,,,,,,,,,,,,,,,,,,TN
1811,504ffc20d2ebb35be48357830d614ec96765c802,0.20244012652507903,autoland,3779647,13,a34e21034f2e3c317ebb3d485012938d48ad04ac,macosx1015-64-shippable-qr,True,False,,|f|i|s|s|i|o|n| |w|a|r|m| |w|e|b|r|e|n|d|e|r|,102210fe594ee9b33d82058545b1ed14f4c8206e,PerceptualSpeedIndex,google-docs,True,google-docs PerceptualSpeedIndex opt fission warm webrender,,77,ms,firefox,443609543.0,1827234058,2024-01-17 09:39:35,1361428,,,,,,,,,,,,,,,,,,,,,,,,,,,,,,,,,,,,,,,,,,,,,,,,,TN
1812,362d9aca9e101b9ee8f7efe2a7c456e245e6313c,0.220741075463172,autoland,3779647,13,a34e21034f2e3c317ebb3d485012938d48ad04ac,macosx1015-64-shippable-qr,True,False,,|f|i|s|s|i|o|n| |w|a|r|m| |w|e|b|r|e|n|d|e|r|,102210fe594ee9b33d82058545b1ed14f4c8206e,PerceptualSpeedIndex,google-docs,True,google-docs PerceptualSpeedIndex opt fission warm webrender,,77,ms,firefox,443621426.0,1827248967,2024-01-17 11:04:44,1361499,,,,,,,,,,,,,,,,,,,,,,,,,,,,,,,,,,,,,,,,,,,,,,,,,TN
1813,a4394526f54b75a6396802e446f5c6741b17bfdd,0.2096701310438318,autoland,3779647,13,a34e21034f2e3c317ebb3d485012938d48ad04ac,macosx1015-64-shippable-qr,True,False,,|f|i|s|s|i|o|n| |w|a|r|m| |w|e|b|r|e|n|d|e|r|,102210fe594ee9b33d82058545b1ed14f4c8206e,PerceptualSpeedIndex,google-docs,True,google-docs PerceptualSpeedIndex opt fission warm webrender,,77,ms,firefox,443737594.0,1827832908,2024-01-17 14:10:14,1361593,,,,,,,,,,,,,,,,,,,,,,,,,,,,,,,,,,,,,,,,,,,,,,,,,TN
1814,51ded5545163f1a0a3ff3790e9a25c0351e5d7b6,0.22751920469950293,autoland,3779647,13,a34e21034f2e3c317ebb3d485012938d48ad04ac,macosx1015-64-shippable-qr,True,False,,|f|i|s|s|i|o|n| |w|a|r|m| |w|e|b|r|e|n|d|e|r|,102210fe594ee9b33d82058545b1ed14f4c8206e,PerceptualSpeedIndex,google-docs,True,google-docs PerceptualSpeedIndex opt fission warm webrender,,77,ms,firefox,443735932.0,1827814664,2024-01-17 14:11:04,1361596,,,,,,,,,,,,,,,,,,,,,,,,,,,,,,,,,,,,,,,,,,,,,,,,,TN
1815,848e3e2acdf34af9e6862b8a77a8d1ea39c48098,0.21983732489832808,autoland,3779647,13,a34e21034f2e3c317ebb3d485012938d48ad04ac,macosx1015-64-shippable-qr,True,False,,|f|i|s|s|i|o|n| |w|a|r|m| |w|e|b|r|e|n|d|e|r|,102210fe594ee9b33d82058545b1ed14f4c8206e,PerceptualSpeedIndex,google-docs,True,google-docs PerceptualSpeedIndex opt fission warm webrender,,77,ms,firefox,443672881.0,1827441115,2024-01-17 15:07:48,1361632,,,,,,,,,,,,,,,,,,,,,,,,,,,,,,,,,,,,,,,,,,,,,,,,,TN
1816,a11dab561c63102a4ed97f42068f448ec332c652,0.21373700858563027,autoland,3779647,13,a34e21034f2e3c317ebb3d485012938d48ad04ac,macosx1015-64-shippable-qr,True,False,,|f|i|s|s|i|o|n| |w|a|r|m| |w|e|b|r|e|n|d|e|r|,102210fe594ee9b33d82058545b1ed14f4c8206e,PerceptualSpeedIndex,google-docs,True,google-docs PerceptualSpeedIndex opt fission warm webrender,,77,ms,firefox,443673326.0,1827452296,2024-01-17 15:18:54,1361644,,,,,,,,,,,,,,,,,,,,,,,,,,,,,,,,,,,,,,,,,,,,,,,,,TN
1817,2f4d0d298310463612b6ecbf04ff3239ac79e43b,0.24197921373700848,autoland,3779647,13,a34e21034f2e3c317ebb3d485012938d48ad04ac,macosx1015-64-shippable-qr,True,False,,|f|i|s|s|i|o|n| |w|a|r|m| |w|e|b|r|e|n|d|e|r|,102210fe594ee9b33d82058545b1ed14f4c8206e,PerceptualSpeedIndex,google-docs,True,google-docs PerceptualSpeedIndex opt fission warm webrender,,77,ms,firefox,444327534.0,1830744530,2024-01-17 22:04:37,1361873,,,,,,,,,,,,,,,,,,,,,,,,,,,,,,,,,,,,,,,,,,,,,,,,,TN
1818,3e1d839e925bad33eb9a86b6a7fc52cfbccd6f74,0.200858563036602,autoland,3779647,13,a34e21034f2e3c317ebb3d485012938d48ad04ac,macosx1015-64-shippable-qr,True,False,,|f|i|s|s|i|o|n| |w|a|r|m| |w|e|b|r|e|n|d|e|r|,102210fe594ee9b33d82058545b1ed14f4c8206e,PerceptualSpeedIndex,google-docs,True,google-docs PerceptualSpeedIndex opt fission warm webrender,,77,ms,firefox,444316440.0,1830690584,2024-01-17 22:05:39,1361874,,,,,,,,,,,,,,,,,,,,,,,,,,,,,,,,,,,,,,,,,,,,,,,,,TN
1819,992d35d6a57c8be1609c1e94c5b791751d4daced,0.33529145955716233,autoland,3779647,13,a34e21034f2e3c317ebb3d485012938d48ad04ac,macosx1015-64-shippable-qr,True,False,,|f|i|s|s|i|o|n| |w|a|r|m| |w|e|b|r|e|n|d|e|r|,102210fe594ee9b33d82058545b1ed14f4c8206e,PerceptualSpeedIndex,google-docs,True,google-docs PerceptualSpeedIndex opt fission warm webrender,,77,ms,firefox,444316427.0,1830690481,2024-01-17 22:06:25,1361876,,,,,,,,,,,,,,,,,,,,,,,,,,,,,,,,,,,,,,,,,,,,,,,,,TN
1820,41fd454b843afb783ff9d4fcd89a0918d9033f86,0.21667419792137377,autoland,3779647,13,a34e21034f2e3c317ebb3d485012938d48ad04ac,macosx1015-64-shippable-qr,True,False,,|f|i|s|s|i|o|n| |w|a|r|m| |w|e|b|r|e|n|d|e|r|,102210fe594ee9b33d82058545b1ed14f4c8206e,PerceptualSpeedIndex,google-docs,True,google-docs PerceptualSpeedIndex opt fission warm webrender,,77,ms,firefox,444316437.0,1830690851,2024-01-17 22:07:13,1361877,,,,,,,,,,,,,,,,,,,,,,,,,,,,,,,,,,,,,,,,,,,,,,,,,TN
1821,2e5c6f0706b88af06d492803637f062331427580,0.210799819249887,autoland,3779647,13,a34e21034f2e3c317ebb3d485012938d48ad04ac,macosx1015-64-shippable-qr,True,False,,|f|i|s|s|i|o|n| |w|a|r|m| |w|e|b|r|e|n|d|e|r|,102210fe594ee9b33d82058545b1ed14f4c8206e,PerceptualSpeedIndex,google-docs,True,google-docs PerceptualSpeedIndex opt fission warm webrender,,77,ms,firefox,444316423.0,1830690341,2024-01-17 22:08:00,1361879,,,,,,,,,,,,,,,,,,,,,,,,,,,,,,,,,,,,,,,,,,,,,,,,,TN
1822,45d6750560827745ad0db7430dc5e8546ce28f6c,0.2218707636692272,autoland,3779647,13,a34e21034f2e3c317ebb3d485012938d48ad04ac,macosx1015-64-shippable-qr,True,False,,|f|i|s|s|i|o|n| |w|a|r|m| |w|e|b|r|e|n|d|e|r|,102210fe594ee9b33d82058545b1ed14f4c8206e,PerceptualSpeedIndex,google-docs,True,google-docs PerceptualSpeedIndex opt fission warm webrender,,77,ms,firefox,444316424.0,1830690305,2024-01-17 22:08:44,1361882,,,,,,,,,,,,,,,,,,,,,,,,,,,,,,,,,,,,,,,,,,,,,,,,,TN
1823,f7c89ae648908327bf4cdf4ac66b1393388cb13a,0.23316764572977844,autoland,3779647,13,a34e21034f2e3c317ebb3d485012938d48ad04ac,macosx1015-64-shippable-qr,True,False,,|f|i|s|s|i|o|n| |w|a|r|m| |w|e|b|r|e|n|d|e|r|,102210fe594ee9b33d82058545b1ed14f4c8206e,PerceptualSpeedIndex,google-docs,True,google-docs PerceptualSpeedIndex opt fission warm webrender,,77,ms,firefox,444316435.0,1830690407,2024-01-17 22:09:27,1361883,,,,,,,,,,,,,,,,,,,,,,,,,,,,,,,,,,,,,,,,,,,,,,,,,TN
1824,686fad3c7efc1aa2f5c6702fed1716ea8d6fac88,0.23339358337098948,autoland,3779647,13,a34e21034f2e3c317ebb3d485012938d48ad04ac,macosx1015-64-shippable-qr,True,False,,|f|i|s|s|i|o|n| |w|a|r|m| |w|e|b|r|e|n|d|e|r|,102210fe594ee9b33d82058545b1ed14f4c8206e,PerceptualSpeedIndex,google-docs,True,google-docs PerceptualSpeedIndex opt fission warm webrender,,77,ms,firefox,444316436.0,1830690823,2024-01-17 22:10:10,1361884,,,,,,,,,,,,,,,,,,,,,,,,,,,,,,,,,,,,,,,,,,,,,,,,,TN
1825,b35009782736636b793c557b43600bc7639e0540,0.21599638499774043,autoland,3779647,13,a34e21034f2e3c317ebb3d485012938d48ad04ac,macosx1015-64-shippable-qr,True,False,,|f|i|s|s|i|o|n| |w|a|r|m| |w|e|b|r|e|n|d|e|r|,102210fe594ee9b33d82058545b1ed14f4c8206e,PerceptualSpeedIndex,google-docs,True,google-docs PerceptualSpeedIndex opt fission warm webrender,,77,ms,firefox,444316438.0,1830690554,2024-01-17 22:10:59,1361888,,,,,,,,,,,,,,,,,,,,,,,,,,,,,,,,,,,,,,,,,,,,,,,,,TN
1826,113bdf57bad70f38d44b3cbbd56ddfc58f551536,0.22774514234071397,autoland,3779647,13,a34e21034f2e3c317ebb3d485012938d48ad04ac,macosx1015-64-shippable-qr,True,False,,|f|i|s|s|i|o|n| |w|a|r|m| |w|e|b|r|e|n|d|e|r|,102210fe594ee9b33d82058545b1ed14f4c8206e,PerceptualSpeedIndex,google-docs,True,google-docs PerceptualSpeedIndex opt fission warm webrender,,77,ms,firefox,444316439.0,1830691047,2024-01-17 22:11:42,1361889,,,,,,,,,,,,,,,,,,,,,,,,,,,,,,,,,,,,,,,,,,,,,,,,,TN
1827,fe239ad8a8aea4198d356ae3ab92415c5237b530,0.20944419340262077,autoland,3779647,13,a34e21034f2e3c317ebb3d485012938d48ad04ac,macosx1015-64-shippable-qr,True,False,,|f|i|s|s|i|o|n| |w|a|r|m| |w|e|b|r|e|n|d|e|r|,102210fe594ee9b33d82058545b1ed14f4c8206e,PerceptualSpeedIndex,google-docs,True,google-docs PerceptualSpeedIndex opt fission warm webrender,,77,ms,firefox,443716840.0,1827681583,2024-01-17 23:49:06,1361957,,,,,,,,,,,,,,,,,,,,,,,,,,,,,,,,,,,,,,,,,,,,,,,,,TN
1828,79a6322a49b2f811fe674c1802ab75b99d9c95a3,0.20560325350203357,autoland,3779647,13,a34e21034f2e3c317ebb3d485012938d48ad04ac,macosx1015-64-shippable-qr,True,False,,|f|i|s|s|i|o|n| |w|a|r|m| |w|e|b|r|e|n|d|e|r|,102210fe594ee9b33d82058545b1ed14f4c8206e,PerceptualSpeedIndex,google-docs,True,google-docs PerceptualSpeedIndex opt fission warm webrender,,77,ms,firefox,443719551.0,1827701756,2024-01-17 23:52:50,1361961,,,,,,,,,,,,,,,,,,,,,,,,,,,,,,,,,,,,,,,,,,,,,,,,,TN
1829,c38d482445a0c034ac7b8fc0219092fccdbc58b2,0.17984636240397633,autoland,3779647,13,a34e21034f2e3c317ebb3d485012938d48ad04ac,macosx1015-64-shippable-qr,True,False,,|f|i|s|s|i|o|n| |w|a|r|m| |w|e|b|r|e|n|d|e|r|,102210fe594ee9b33d82058545b1ed14f4c8206e,PerceptualSpeedIndex,google-docs,True,google-docs PerceptualSpeedIndex opt fission warm webrender,,77,ms,firefox,443726713.0,1827752559,2024-01-18 01:49:32,1362034,,,,,,,,,,,,,,,,,,,,,,,,,,,,,,,,,,,,,,,,,,,,,,,,,TN
1830,a505d6315623943fb581b7f21beece40fc6faf17,0.24491640307275198,autoland,3779647,13,a34e21034f2e3c317ebb3d485012938d48ad04ac,macosx1015-64-shippable-qr,True,False,,|f|i|s|s|i|o|n| |w|a|r|m| |w|e|b|r|e|n|d|e|r|,102210fe594ee9b33d82058545b1ed14f4c8206e,PerceptualSpeedIndex,google-docs,True,google-docs PerceptualSpeedIndex opt fission warm webrender,,77,ms,firefox,443756895.0,1827911557,2024-01-18 06:50:06,1362092,,,,,,,,,,,,,,,,,,,,,,,,,,,,,,,,,,,,,,,,,,,,,,,,,TN
1831,0688ca401470034e41e10f2480620e88cac2700f,0.22774514234071397,autoland,3779647,13,a34e21034f2e3c317ebb3d485012938d48ad04ac,macosx1015-64-shippable-qr,True,False,,|f|i|s|s|i|o|n| |w|a|r|m| |w|e|b|r|e|n|d|e|r|,102210fe594ee9b33d82058545b1ed14f4c8206e,PerceptualSpeedIndex,google-docs,True,google-docs PerceptualSpeedIndex opt fission warm webrender,,77,ms,firefox,443780636.0,1828041102,2024-01-18 10:52:50,1362184,,,,,,,,,,,,,,,,,,,,,,,,,,,,,,,,,,,,,,,,,,,,,,,,,TN
1832,b0cfcec88155f8d78471d5ec65ef775e7f6b2eb5,0.32422051513782213,autoland,3779647,13,a34e21034f2e3c317ebb3d485012938d48ad04ac,macosx1015-64-shippable-qr,True,False,,|f|i|s|s|i|o|n| |w|a|r|m| |w|e|b|r|e|n|d|e|r|,102210fe594ee9b33d82058545b1ed14f4c8206e,PerceptualSpeedIndex,google-docs,True,google-docs PerceptualSpeedIndex opt fission warm webrender,,77,ms,firefox,443896206.0,1828648395,2024-01-18 11:51:21,1362206,,,,,,,,,,,,,,,,,,,,,,,,,,,,,,,,,,,,,,,,,,,,,,,,,TN
1833,be072303feafdac9f5574eb97613a65b9784d9b7,0.3402620876638047,autoland,3779647,13,a34e21034f2e3c317ebb3d485012938d48ad04ac,macosx1015-64-shippable-qr,True,False,,|f|i|s|s|i|o|n| |w|a|r|m| |w|e|b|r|e|n|d|e|r|,102210fe594ee9b33d82058545b1ed14f4c8206e,PerceptualSpeedIndex,google-docs,True,google-docs PerceptualSpeedIndex opt fission warm webrender,,77,ms,firefox,443896706.0,1828649494,2024-01-18 11:53:45,1362207,,,,,,,,,,,,,,,,,,,,,,,,,,,,,,,,,,,,,,,,,,,,,,,,,TN
1834,68ff26df33468fe750b39f175b43b8507718ece4,0.21057388160867596,autoland,3779647,13,a34e21034f2e3c317ebb3d485012938d48ad04ac,macosx1015-64-shippable-qr,True,False,,|f|i|s|s|i|o|n| |w|a|r|m| |w|e|b|r|e|n|d|e|r|,102210fe594ee9b33d82058545b1ed14f4c8206e,PerceptualSpeedIndex,google-docs,True,google-docs PerceptualSpeedIndex opt fission warm webrender,,77,ms,firefox,443800658.0,1828150812,2024-01-18 13:21:23,1362232,,,,,,,,,,,,,,,,,,,,,,,,,,,,,,,,,,,,,,,,,,,,,,,,,TN
1835,b3320921a0a66b56eb50ebd3bd8baf0ebd8d44d2,0.21599638499774043,autoland,3779647,13,a34e21034f2e3c317ebb3d485012938d48ad04ac,macosx1015-64-shippable-qr,True,False,,|f|i|s|s|i|o|n| |w|a|r|m| |w|e|b|r|e|n|d|e|r|,102210fe594ee9b33d82058545b1ed14f4c8206e,PerceptualSpeedIndex,google-docs,True,google-docs PerceptualSpeedIndex opt fission warm webrender,,77,ms,firefox,443894429.0,1828632675,2024-01-18 16:01:44,1362331,,,,,,,,,,,,,,,,,,,,,,,,,,,,,,,,,,,,,,,,,,,,,,,,,TN
1836,da092d881d44f60e7c5ae33f596dcdf706117ced,0.22593764121102589,autoland,3779647,13,a34e21034f2e3c317ebb3d485012938d48ad04ac,macosx1015-64-shippable-qr,True,False,,|f|i|s|s|i|o|n| |w|a|r|m| |w|e|b|r|e|n|d|e|r|,102210fe594ee9b33d82058545b1ed14f4c8206e,PerceptualSpeedIndex,google-docs,True,google-docs PerceptualSpeedIndex opt fission warm webrender,,77,ms,firefox,443894594.0,1828635104,2024-01-18 16:29:27,1362347,,,,,,,,,,,,,,,,,,,,,,,,,,,,,,,,,,,,,,,,,,,,,,,,,TN
1837,2b70f662a79773d519e78f0b8b64723a20b1e788,0.2530501581563489,autoland,3779647,13,a34e21034f2e3c317ebb3d485012938d48ad04ac,macosx1015-64-shippable-qr,True,False,,|f|i|s|s|i|o|n| |w|a|r|m| |w|e|b|r|e|n|d|e|r|,102210fe594ee9b33d82058545b1ed14f4c8206e,PerceptualSpeedIndex,google-docs,True,google-docs PerceptualSpeedIndex opt fission warm webrender,,77,ms,firefox,443830222.0,1828336084,2024-01-18 17:52:02,1362427,,,,,,,,,,,,,,,,,,,,,,,,,,,,,,,,,,,,,,,,,,,,,,,,,TN
1838,ef9ad6a28dae5d4efbe723dde5068cfdde493918,0.2169001355625848,autoland,3779647,13,a34e21034f2e3c317ebb3d485012938d48ad04ac,macosx1015-64-shippable-qr,True,False,,|f|i|s|s|i|o|n| |w|a|r|m| |w|e|b|r|e|n|d|e|r|,102210fe594ee9b33d82058545b1ed14f4c8206e,PerceptualSpeedIndex,google-docs,True,google-docs PerceptualSpeedIndex opt fission warm webrender,,77,ms,firefox,443875427.0,1828514527,2024-01-18 23:10:50,1362632,,,,,,,,,,,,,,,,,,,,,,,,,,,,,,,,,,,,,,,,,,,,,,,,,TN
1839,5624cd2e1525fd15b148c44ce2106fce74d6f297,0.21486669679168546,autoland,3779647,13,a34e21034f2e3c317ebb3d485012938d48ad04ac,macosx1015-64-shippable-qr,True,False,,|f|i|s|s|i|o|n| |w|a|r|m| |w|e|b|r|e|n|d|e|r|,102210fe594ee9b33d82058545b1ed14f4c8206e,PerceptualSpeedIndex,google-docs,True,google-docs PerceptualSpeedIndex opt fission warm webrender,,77,ms,firefox,443876781.0,1828531930,2024-01-18 23:17:45,1362637,,,,,,,,,,,,,,,,,,,,,,,,,,,,,,,,,,,,,,,,,,,,,,,,,TN
1840,b6393478fdf670fcce10fd4334c2601561eaea5d,0.20379575237234526,autoland,3779647,13,a34e21034f2e3c317ebb3d485012938d48ad04ac,macosx1015-64-shippable-qr,True,False,,|f|i|s|s|i|o|n| |w|a|r|m| |w|e|b|r|e|n|d|e|r|,102210fe594ee9b33d82058545b1ed14f4c8206e,PerceptualSpeedIndex,google-docs,True,google-docs PerceptualSpeedIndex opt fission warm webrender,,77,ms,firefox,443893783.0,1828617676,2024-01-19 04:17:47,1362724,,,,,,,,,,,,,,,,,,,,,,,,,,,,,,,,,,,,,,,,,,,,,,,,,TN
1841,99bf71eaca444aa371e7c84536a1b8aa434ef205,0.23136014460009036,autoland,3779647,13,a34e21034f2e3c317ebb3d485012938d48ad04ac,macosx1015-64-shippable-qr,True,False,,|f|i|s|s|i|o|n| |w|a|r|m| |w|e|b|r|e|n|d|e|r|,102210fe594ee9b33d82058545b1ed14f4c8206e,PerceptualSpeedIndex,google-docs,True,google-docs PerceptualSpeedIndex opt fission warm webrender,,77,ms,firefox,443925609.0,1828766300,2024-01-19 10:07:40,1362807,,,,,,,,,,,,,,,,,,,,,,,,,,,,,,,,,,,,,,,,,,,,,,,,,TN
1842,7459e9088955262e4430e24661d856acc7ca8929,0.20447356529597838,autoland,3779647,13,a34e21034f2e3c317ebb3d485012938d48ad04ac,macosx1015-64-shippable-qr,True,False,,|f|i|s|s|i|o|n| |w|a|r|m| |w|e|b|r|e|n|d|e|r|,102210fe594ee9b33d82058545b1ed14f4c8206e,PerceptualSpeedIndex,google-docs,True,google-docs PerceptualSpeedIndex opt fission warm webrender,,77,ms,firefox,443928509.0,1828776344,2024-01-19 10:28:03,1362814,,,,,,,,,,,,,,,,,,,,,,,,,,,,,,,,,,,,,,,,,,,,,,,,,TN
1843,4ec2b9afc62ae7c623f8c0ab5ced5f9ce44bcc0c,0.18594667871667414,autoland,3779647,13,a34e21034f2e3c317ebb3d485012938d48ad04ac,macosx1015-64-shippable-qr,True,False,,|f|i|s|s|i|o|n| |w|a|r|m| |w|e|b|r|e|n|d|e|r|,102210fe594ee9b33d82058545b1ed14f4c8206e,PerceptualSpeedIndex,google-docs,True,google-docs PerceptualSpeedIndex opt fission warm webrender,,77,ms,firefox,444013102.0,1829307612,2024-01-19 13:26:37,1362882,,,,,,,,,,,,,,,,,,,,,,,,,,,,,,,,,,,,,,,,,,,,,,,,,TN
1844,3aabb457a4630b878d121ef2eb9d2f0448847a6b,0.2315860822413014,autoland,3779647,13,a34e21034f2e3c317ebb3d485012938d48ad04ac,macosx1015-64-shippable-qr,True,False,,|f|i|s|s|i|o|n| |w|a|r|m| |w|e|b|r|e|n|d|e|r|,102210fe594ee9b33d82058545b1ed14f4c8206e,PerceptualSpeedIndex,google-docs,True,google-docs PerceptualSpeedIndex opt fission warm webrender,,77,ms,firefox,443955110.0,1828876280,2024-01-19 14:55:23,1362913,,,,,,,,,,,,,,,,,,,,,,,,,,,,,,,,,,,,,,,,,,,,,,,,,TN
1845,1ccd394332683308e570afe9039275d8e79be900,0.2187076366922729,autoland,3779647,13,a34e21034f2e3c317ebb3d485012938d48ad04ac,macosx1015-64-shippable-qr,True,False,,|f|i|s|s|i|o|n| |w|a|r|m| |w|e|b|r|e|n|d|e|r|,102210fe594ee9b33d82058545b1ed14f4c8206e,PerceptualSpeedIndex,google-docs,True,google-docs PerceptualSpeedIndex opt fission warm webrender,,77,ms,firefox,443977613.0,1828985915,2024-01-19 19:17:59,1363113,,,,,,,,,,,,,,,,,,,,,,,,,,,,,,,,,,,,,,,,,,,,,,,,,TN
1846,6d2ef7f226a0360135c1955b8805bd41d9af41e4,0.2230004518752824,autoland,3779647,13,a34e21034f2e3c317ebb3d485012938d48ad04ac,macosx1015-64-shippable-qr,True,False,,|f|i|s|s|i|o|n| |w|a|r|m| |w|e|b|r|e|n|d|e|r|,102210fe594ee9b33d82058545b1ed14f4c8206e,PerceptualSpeedIndex,google-docs,True,google-docs PerceptualSpeedIndex opt fission warm webrender,,77,ms,firefox,444003635.0,1829199696,2024-01-20 00:04:44,1363285,,,,,,,,,,,,,,,,,,,,,,,,,,,,,,,,,,,,,,,,,,,,,,,,,TN
1847,5471899cc9d0a7dfda174e9d7cfc986c2820eff8,0.22232263895164928,autoland,3779647,13,a34e21034f2e3c317ebb3d485012938d48ad04ac,macosx1015-64-shippable-qr,True,False,,|f|i|s|s|i|o|n| |w|a|r|m| |w|e|b|r|e|n|d|e|r|,102210fe594ee9b33d82058545b1ed14f4c8206e,PerceptualSpeedIndex,google-docs,True,google-docs PerceptualSpeedIndex opt fission warm webrender,,77,ms,firefox,444011919.0,1829291200,2024-01-20 04:18:19,1363367,,,,,,,,,,,,,,,,,,,,,,,,,,,,,,,,,,,,,,,,,,,,,,,,,TN
1848,4f4fa003a90f9d818ecfa36474300a11af18be25,0.1918210573881609,autoland,3779647,13,a34e21034f2e3c317ebb3d485012938d48ad04ac,macosx1015-64-shippable-qr,True,False,,|f|i|s|s|i|o|n| |w|a|r|m| |w|e|b|r|e|n|d|e|r|,102210fe594ee9b33d82058545b1ed14f4c8206e,PerceptualSpeedIndex,google-docs,True,google-docs PerceptualSpeedIndex opt fission warm webrender,,77,ms,firefox,444040934.0,1829484758,2024-01-21 00:59:25,1363463,,,,,,,,,,,,,,,,,,,,,,,,,,,,,,,,,,,,,,,,,,,,,,,,,TN
1849,0361c1f29babcfb2f10e1646dffe72cd452a3df4,0.20447356529597838,autoland,3779647,13,a34e21034f2e3c317ebb3d485012938d48ad04ac,macosx1015-64-shippable-qr,True,False,,|f|i|s|s|i|o|n| |w|a|r|m| |w|e|b|r|e|n|d|e|r|,102210fe594ee9b33d82058545b1ed14f4c8206e,PerceptualSpeedIndex,google-docs,True,google-docs PerceptualSpeedIndex opt fission warm webrender,,77,ms,firefox,444068319.0,1829576855,2024-01-21 14:36:57,1363517,,,,,,,,,,,,,,,,,,,,,,,,,,,,,,,,,,,,,,,,,,,,,,,,,TN
1850,6b4a069fe37d2413229dda3b61ccaf7b8f3a5f5d,0.3095345684591053,autoland,3779647,13,a34e21034f2e3c317ebb3d485012938d48ad04ac,macosx1015-64-shippable-qr,True,False,,|f|i|s|s|i|o|n| |w|a|r|m| |w|e|b|r|e|n|d|e|r|,102210fe594ee9b33d82058545b1ed14f4c8206e,PerceptualSpeedIndex,google-docs,True,google-docs PerceptualSpeedIndex opt fission warm webrender,,77,ms,firefox,444096915.0,1829700801,2024-01-22 07:43:27,1363663,,,,,,,,,,,,,,,,,,,,,,,,,,,,,,,,,,,,,,,,,,,,,,,,,TN
1851,f2c793f1a792004e2561484f40df1c1d0f3bce55,0.2187076366922729,autoland,3779647,13,a34e21034f2e3c317ebb3d485012938d48ad04ac,macosx1015-64-shippable-qr,True,False,,|f|i|s|s|i|o|n| |w|a|r|m| |w|e|b|r|e|n|d|e|r|,102210fe594ee9b33d82058545b1ed14f4c8206e,PerceptualSpeedIndex,google-docs,True,google-docs PerceptualSpeedIndex opt fission warm webrender,,77,ms,firefox,444257033.0,1830390298,2024-01-22 09:29:20,1363693,,,,,,,,,,,,,,,,,,,,,,,,,,,,,,,,,,,,,,,,,,,,,,,,,TN
1852,4de25e9a950057c7f2f7ca5b4730c41df1d2bfe1,0.20989606868504285,autoland,3779647,13,a34e21034f2e3c317ebb3d485012938d48ad04ac,macosx1015-64-shippable-qr,True,False,,|f|i|s|s|i|o|n| |w|a|r|m| |w|e|b|r|e|n|d|e|r|,102210fe594ee9b33d82058545b1ed14f4c8206e,PerceptualSpeedIndex,google-docs,True,google-docs PerceptualSpeedIndex opt fission warm webrender,,77,ms,firefox,444257051.0,1830391440,2024-01-22 09:55:26,1363706,,,,,,,,,,,,,,,,,,,,,,,,,,,,,,,,,,,,,,,,,,,,,,,,,TN
1853,095c9da9e10fc012c2e6a7d929fdcc7c03d09373,0.2187076366922729,autoland,3779647,13,a34e21034f2e3c317ebb3d485012938d48ad04ac,macosx1015-64-shippable-qr,True,False,,|f|i|s|s|i|o|n| |w|a|r|m| |w|e|b|r|e|n|d|e|r|,102210fe594ee9b33d82058545b1ed14f4c8206e,PerceptualSpeedIndex,google-docs,True,google-docs PerceptualSpeedIndex opt fission warm webrender,,77,ms,firefox,444123831.0,1829852387,2024-01-22 10:58:56,1363731,,,,,,,,,,,,,,,,,,,,,,,,,,,,,,,,,,,,,,,,,,,,,,,,,TN
1854,58cedc1e4ff28881f9ebd1749feaa24edbded9ce,0.200858563036602,autoland,3779647,13,a34e21034f2e3c317ebb3d485012938d48ad04ac,macosx1015-64-shippable-qr,True,False,,|f|i|s|s|i|o|n| |w|a|r|m| |w|e|b|r|e|n|d|e|r|,102210fe594ee9b33d82058545b1ed14f4c8206e,PerceptualSpeedIndex,google-docs,True,google-docs PerceptualSpeedIndex opt fission warm webrender,,77,ms,firefox,444163468.0,1830037998,2024-01-22 15:24:53,1363894,,,,,,,,,,,,,,,,,,,,,,,,,,,,,,,,,,,,,,,,,,,,,,,,,TN
1855,82dfbdd770bc54674f82bae256dae683772884af,0.21983732489832808,autoland,3779647,13,a34e21034f2e3c317ebb3d485012938d48ad04ac,macosx1015-64-shippable-qr,True,False,,|f|i|s|s|i|o|n| |w|a|r|m| |w|e|b|r|e|n|d|e|r|,102210fe594ee9b33d82058545b1ed14f4c8206e,PerceptualSpeedIndex,google-docs,True,google-docs PerceptualSpeedIndex opt fission warm webrender,,77,ms,firefox,444173659.0,1830047967,2024-01-22 15:55:20,1363920,,,,,,,,,,,,,,,,,,,,,,,,,,,,,,,,,,,,,,,,,,,,,,,,,TN
1856,ef71d190cd57de7a178f312b29fc104e6e3e98d4,0.1924988703117938,autoland,3779647,13,a34e21034f2e3c317ebb3d485012938d48ad04ac,macosx1015-64-shippable-qr,True,False,,|f|i|s|s|i|o|n| |w|a|r|m| |w|e|b|r|e|n|d|e|r|,102210fe594ee9b33d82058545b1ed14f4c8206e,PerceptualSpeedIndex,google-docs,True,google-docs PerceptualSpeedIndex opt fission warm webrender,,77,ms,firefox,444198282.0,1830111221,2024-01-22 18:55:34,1364078,,,,,,,,,,,,,,,,,,,,,,,,,,,,,,,,,,,,,,,,,,,,,,,,,TN
1857,06bafd5cf7f34e757edddf2def6a98003c6b1643,0.317668323542702,autoland,3779647,13,a34e21034f2e3c317ebb3d485012938d48ad04ac,macosx1015-64-shippable-qr,True,False,,|f|i|s|s|i|o|n| |w|a|r|m| |w|e|b|r|e|n|d|e|r|,102210fe594ee9b33d82058545b1ed14f4c8206e,PerceptualSpeedIndex,google-docs,True,google-docs PerceptualSpeedIndex opt fission warm webrender,,77,ms,firefox,444231994.0,1830238477,2024-01-22 22:04:08,1364244,,,,,,,,,,,,,,,,,,,,,,,,,,,,,,,,,,,,,,,,,,,,,,,,,TN
1858,43fa5aa71c8c00288a4fe686f0e4bf72e2f5f28d,0.2261635788522367,autoland,3779647,13,a34e21034f2e3c317ebb3d485012938d48ad04ac,macosx1015-64-shippable-qr,True,False,,|f|i|s|s|i|o|n| |w|a|r|m| |w|e|b|r|e|n|d|e|r|,102210fe594ee9b33d82058545b1ed14f4c8206e,PerceptualSpeedIndex,google-docs,True,google-docs PerceptualSpeedIndex opt fission warm webrender,,77,ms,firefox,444241090.0,1830286662,2024-01-23 00:22:14,1364332,,,,,,,,,,,,,,,,,,,,,,,,,,,,,,,,,,,,,,,,,,,,,,,,,TN
1859,fcdb6404eb0234c50bf85922bacad525da6851d5,0.21464075915047465,autoland,3779647,13,a34e21034f2e3c317ebb3d485012938d48ad04ac,macosx1015-64-shippable-qr,True,False,,|f|i|s|s|i|o|n| |w|a|r|m| |w|e|b|r|e|n|d|e|r|,102210fe594ee9b33d82058545b1ed14f4c8206e,PerceptualSpeedIndex,google-docs,True,google-docs PerceptualSpeedIndex opt fission warm webrender,,77,ms,firefox,444260994.0,1830414257,2024-01-23 05:54:31,1364408,,,,,,,,,,,,,,,,,,,,,,,,,,,,,,,,,,,,,,,,,,,,,,,,,TN
1860,296f1b67a4750aa2166832b5b9d8ba0eee6fe635,0.20673294170808854,autoland,3779647,13,a34e21034f2e3c317ebb3d485012938d48ad04ac,macosx1015-64-shippable-qr,True,False,,|f|i|s|s|i|o|n| |w|a|r|m| |w|e|b|r|e|n|d|e|r|,102210fe594ee9b33d82058545b1ed14f4c8206e,PerceptualSpeedIndex,google-docs,True,google-docs PerceptualSpeedIndex opt fission warm webrender,,77,ms,firefox,444322094.0,1830708197,2024-01-23 14:14:29,1364570,,,,,,,,,,,,,,,,,,,,,,,,,,,,,,,,,,,,,,,,,,,,,,,,,TN
1861,f3efca74da0f43269bd8ac07e2a5d27e89c4d7c3,0.2033438770899232,autoland,3779647,13,a34e21034f2e3c317ebb3d485012938d48ad04ac,macosx1015-64-shippable-qr,True,False,,|f|i|s|s|i|o|n| |w|a|r|m| |w|e|b|r|e|n|d|e|r|,102210fe594ee9b33d82058545b1ed14f4c8206e,PerceptualSpeedIndex,google-docs,True,google-docs PerceptualSpeedIndex opt fission warm webrender,,77,ms,firefox,444324698.0,1830727272,2024-01-23 14:50:16,1364607,,,,,,,,,,,,,,,,,,,,,,,,,,,,,,,,,,,,,,,,,,,,,,,,,TN
1862,cd7ab7cab97da5debfab77a966f3a8522c3dd916,0.21938544961590578,autoland,3779647,13,a34e21034f2e3c317ebb3d485012938d48ad04ac,macosx1015-64-shippable-qr,True,False,,|f|i|s|s|i|o|n| |w|a|r|m| |w|e|b|r|e|n|d|e|r|,102210fe594ee9b33d82058545b1ed14f4c8206e,PerceptualSpeedIndex,google-docs,True,google-docs PerceptualSpeedIndex opt fission warm webrender,,77,ms,firefox,444391542.0,1831084968,2024-01-23 15:33:06,1364661,,,,,,,,,,,,,,,,,,,,,,,,,,,,,,,,,,,,,,,,,,,,,,,,,TN
1863,c46a7cea75e6f516fea201de317fd0ebc3c20de2,0.22277451423407135,autoland,3779647,13,a34e21034f2e3c317ebb3d485012938d48ad04ac,macosx1015-64-shippable-qr,True,False,,|f|i|s|s|i|o|n| |w|a|r|m| |w|e|b|r|e|n|d|e|r|,102210fe594ee9b33d82058545b1ed14f4c8206e,PerceptualSpeedIndex,google-docs,True,google-docs PerceptualSpeedIndex opt fission warm webrender,,77,ms,firefox,444391423.0,1831084356,2024-01-23 15:33:54,1364664,,,,,,,,,,,,,,,,,,,,,,,,,,,,,,,,,,,,,,,,,,,,,,,,,TN
1864,936300bf2ee78e086143fb3718e2c0af755385b0,0.21057388160867596,autoland,3779647,13,a34e21034f2e3c317ebb3d485012938d48ad04ac,macosx1015-64-shippable-qr,True,False,,|f|i|s|s|i|o|n| |w|a|r|m| |w|e|b|r|e|n|d|e|r|,102210fe594ee9b33d82058545b1ed14f4c8206e,PerceptualSpeedIndex,google-docs,True,google-docs PerceptualSpeedIndex opt fission warm webrender,,77,ms,firefox,444325488.0,1830739271,2024-01-23 16:09:55,1364702,,,,,,,,,,,,,,,,,,,,,,,,,,,,,,,,,,,,,,,,,,,,,,,,,TN
1865,ec71bc6778c4bdb9b4a93283fc0a3d3f302eb89e,0.21599638499774043,autoland,3779647,13,a34e21034f2e3c317ebb3d485012938d48ad04ac,macosx1015-64-shippable-qr,True,False,,|f|i|s|s|i|o|n| |w|a|r|m| |w|e|b|r|e|n|d|e|r|,102210fe594ee9b33d82058545b1ed14f4c8206e,PerceptualSpeedIndex,google-docs,True,google-docs PerceptualSpeedIndex opt fission warm webrender,,77,ms,firefox,444342789.0,1830848094,2024-01-23 19:03:54,1364834,,,,,,,,,,,,,,,,,,,,,,,,,,,,,,,,,,,,,,,,,,,,,,,,,TN
1866,25e5c4ea04b149ffa31cda5c4d75559df5369612,0.2065070040668775,autoland,3779647,13,a34e21034f2e3c317ebb3d485012938d48ad04ac,macosx1015-64-shippable-qr,True,False,,|f|i|s|s|i|o|n| |w|a|r|m| |w|e|b|r|e|n|d|e|r|,102210fe594ee9b33d82058545b1ed14f4c8206e,PerceptualSpeedIndex,google-docs,True,google-docs PerceptualSpeedIndex opt fission warm webrender,,77,ms,firefox,444374121.0,1831001029,2024-01-23 22:21:15,1365024,,,,,,,,,,,,,,,,,,,,,,,,,,,,,,,,,,,,,,,,,,,,,,,,,TN
1867,9d584197c87fdcf2d80ad4dd2989ead88349b0c8,0.220741075463172,autoland,3779647,13,a34e21034f2e3c317ebb3d485012938d48ad04ac,macosx1015-64-shippable-qr,True,False,,|f|i|s|s|i|o|n| |w|a|r|m| |w|e|b|r|e|n|d|e|r|,102210fe594ee9b33d82058545b1ed14f4c8206e,PerceptualSpeedIndex,google-docs,True,google-docs PerceptualSpeedIndex opt fission warm webrender,,77,ms,firefox,444546953.0,1831824728,2024-01-24 01:36:46,1365186,,,,,,,,,,,,,,,,,,,,,,,,,,,,,,,,,,,,,,,,,,,,,,,,,TN
1868,a0389da68b91e5a92b02ccd9e65991bffb5d5771,0.20198825124265696,autoland,3779647,13,a34e21034f2e3c317ebb3d485012938d48ad04ac,macosx1015-64-shippable-qr,True,False,,|f|i|s|s|i|o|n| |w|a|r|m| |w|e|b|r|e|n|d|e|r|,102210fe594ee9b33d82058545b1ed14f4c8206e,PerceptualSpeedIndex,google-docs,True,google-docs PerceptualSpeedIndex opt fission warm webrender,,77,ms,firefox,444388586.0,1831052755,2024-01-24 02:38:58,1365197,,,,,,,,,,,,,,,,,,,,,,,,,,,,,,,,,,,,,,,,,,,,,,,,,TN
1869,eed6f8e8fe3af01f49be74cc1be72d51e5a0933f,0.200858563036602,autoland,3779647,13,a34e21034f2e3c317ebb3d485012938d48ad04ac,macosx1015-64-shippable-qr,True,False,,|f|i|s|s|i|o|n| |w|a|r|m| |w|e|b|r|e|n|d|e|r|,102210fe594ee9b33d82058545b1ed14f4c8206e,PerceptualSpeedIndex,google-docs,True,google-docs PerceptualSpeedIndex opt fission warm webrender,,77,ms,firefox,444407811.0,1831171765,2024-01-24 06:43:12,1365260,,,,,,,,,,,,,,,,,,,,,,,,,,,,,,,,,,,,,,,,,,,,,,,,,TN
1870,7079db6b8da9081aee6b0ce96b68f368efec3277,0.22684139177586982,autoland,3779647,13,a34e21034f2e3c317ebb3d485012938d48ad04ac,macosx1015-64-shippable-qr,True,False,,|f|i|s|s|i|o|n| |w|a|r|m| |w|e|b|r|e|n|d|e|r|,102210fe594ee9b33d82058545b1ed14f4c8206e,PerceptualSpeedIndex,google-docs,True,google-docs PerceptualSpeedIndex opt fission warm webrender,,77,ms,firefox,444408469.0,1831179857,2024-01-24 06:57:11,1365262,,,,,,,,,,,,,,,,,,,,,,,,,,,,,,,,,,,,,,,,,,,,,,,,,TN
1871,ce20634f32a1b78384fbbc028b4f86266056e7fb,0.18820605512878452,autoland,3779647,13,a34e21034f2e3c317ebb3d485012938d48ad04ac,macosx1015-64-shippable-qr,True,False,,|f|i|s|s|i|o|n| |w|a|r|m| |w|e|b|r|e|n|d|e|r|,102210fe594ee9b33d82058545b1ed14f4c8206e,PerceptualSpeedIndex,google-docs,True,google-docs PerceptualSpeedIndex opt fission warm webrender,,77,ms,firefox,444470253.0,1831398772,2024-01-24 11:40:35,1365369,,,,,,,,,,,,,,,,,,,,,,,,,,,,,,,,,,,,,,,,,,,,,,,,,TN
1872,be8632f7e7d18102bb10385103f6cef2a0615b03,0.18639855399909622,autoland,3779647,13,a34e21034f2e3c317ebb3d485012938d48ad04ac,macosx1015-64-shippable-qr,True,False,,|f|i|s|s|i|o|n| |w|a|r|m| |w|e|b|r|e|n|d|e|r|,102210fe594ee9b33d82058545b1ed14f4c8206e,PerceptualSpeedIndex,google-docs,True,google-docs PerceptualSpeedIndex opt fission warm webrender,,77,ms,firefox,444546571.0,1831818585,2024-01-24 13:36:01,1365437,,,,,,,,,,,,,,,,,,,,,,,,,,,,,,,,,,,,,,,,,,,,,,,,,TN
1873,848327e627b55c5a1265d68591ecf4c756ce58e5,0.19091730682331676,autoland,3779647,13,a34e21034f2e3c317ebb3d485012938d48ad04ac,macosx1015-64-shippable-qr,True,False,,|f|i|s|s|i|o|n| |w|a|r|m| |w|e|b|r|e|n|d|e|r|,102210fe594ee9b33d82058545b1ed14f4c8206e,PerceptualSpeedIndex,google-docs,True,google-docs PerceptualSpeedIndex opt fission warm webrender,,77,ms,firefox,444546404.0,1831815810,2024-01-24 14:06:56,1365454,,,,,,,,,,,,,,,,,,,,,,,,,,,,,,,,,,,,,,,,,,,,,,,,,TN
1874,150dd33322ea6d34c4829f8e67efe7e37be8c48e,0.2028920018075011,autoland,3779647,13,a34e21034f2e3c317ebb3d485012938d48ad04ac,macosx1015-64-shippable-qr,True,False,,|f|i|s|s|i|o|n| |w|a|r|m| |w|e|b|r|e|n|d|e|r|,102210fe594ee9b33d82058545b1ed14f4c8206e,PerceptualSpeedIndex,google-docs,True,google-docs PerceptualSpeedIndex opt fission warm webrender,,77,ms,firefox,444494098.0,1831566478,2024-01-24 16:03:05,1365533,,,,,,,,,,,,,,,,,,,,,,,,,,,,,,,,,,,,,,,,,,,,,,,,,TN
1875,e22428605dbb49942204564b03db80f474ea35ba,0.18843199276999556,autoland,3779647,13,a34e21034f2e3c317ebb3d485012938d48ad04ac,macosx1015-64-shippable-qr,True,False,,|f|i|s|s|i|o|n| |w|a|r|m| |w|e|b|r|e|n|d|e|r|,102210fe594ee9b33d82058545b1ed14f4c8206e,PerceptualSpeedIndex,google-docs,True,google-docs PerceptualSpeedIndex opt fission warm webrender,,77,ms,firefox,444503387.0,1831594324,2024-01-24 18:01:21,1365677,,,,,,,,,,,,,,,,,,,,,,,,,,,,,,,,,,,,,,,,,,,,,,,,,TN
1876,b8b82bd9546fe4e63cd5e9d29248d87665c548b8,0.22028920018075016,autoland,3779647,13,a34e21034f2e3c317ebb3d485012938d48ad04ac,macosx1015-64-shippable-qr,True,False,,|f|i|s|s|i|o|n| |w|a|r|m| |w|e|b|r|e|n|d|e|r|,102210fe594ee9b33d82058545b1ed14f4c8206e,PerceptualSpeedIndex,google-docs,True,google-docs PerceptualSpeedIndex opt fission warm webrender,,77,ms,firefox,444537323.0,1831764126,2024-01-24 22:08:16,1365907,,,,,,,,,,,,,,,,,,,,,,,,,,,,,,,,,,,,,,,,,,,,,,,,,TN
1877,ce5606473bf95f0899f69034525766ca9d0ed749,0.1918210573881609,autoland,3779647,13,a34e21034f2e3c317ebb3d485012938d48ad04ac,macosx1015-64-shippable-qr,True,False,,|f|i|s|s|i|o|n| |w|a|r|m| |w|e|b|r|e|n|d|e|r|,102210fe594ee9b33d82058545b1ed14f4c8206e,PerceptualSpeedIndex,google-docs,True,google-docs PerceptualSpeedIndex opt fission warm webrender,,77,ms,firefox,444547985.0,1831830274,2024-01-25 05:05:51,1366048,,,,,,,,,,,,,,,,,,,,,,,,,,,,,,,,,,,,,,,,,,,,,,,,,TN
1878,c0289f78466cf0bf8a6871ef3417c180aab77e07,0.18210573881608672,autoland,3779647,13,a34e21034f2e3c317ebb3d485012938d48ad04ac,macosx1015-64-shippable-qr,True,False,,|f|i|s|s|i|o|n| |w|a|r|m| |w|e|b|r|e|n|d|e|r|,102210fe594ee9b33d82058545b1ed14f4c8206e,PerceptualSpeedIndex,google-docs,True,google-docs PerceptualSpeedIndex opt fission warm webrender,,77,ms,firefox,444557871.0,1831875586,2024-01-25 07:56:38,1366087,,,,,,,,,,,,,,,,,,,,,,,,,,,,,,,,,,,,,,,,,,,,,,,,,TN
1879,c746000752516a4b8ede1f6a5c7b2f4be12a33d7,0.18594667871667414,autoland,3779647,13,a34e21034f2e3c317ebb3d485012938d48ad04ac,macosx1015-64-shippable-qr,True,False,,|f|i|s|s|i|o|n| |w|a|r|m| |w|e|b|r|e|n|d|e|r|,102210fe594ee9b33d82058545b1ed14f4c8206e,PerceptualSpeedIndex,google-docs,True,google-docs PerceptualSpeedIndex opt fission warm webrender,,77,ms,firefox,444597220.0,1832033925,2024-01-25 12:05:33,1366202,,,,,,,,,,,,,,,,,,,,,,,,,,,,,,,,,,,,,,,,,,,,,,,,,TN
1880,34f197ce93a24d93523617eba67ecee2e990c37c,0.1929507455942161,autoland,3779647,13,a34e21034f2e3c317ebb3d485012938d48ad04ac,macosx1015-64-shippable-qr,True,False,,|f|i|s|s|i|o|n| |w|a|r|m| |w|e|b|r|e|n|d|e|r|,102210fe594ee9b33d82058545b1ed14f4c8206e,PerceptualSpeedIndex,google-docs,True,google-docs PerceptualSpeedIndex opt fission warm webrender,,77,ms,firefox,444618233.0,1832152783,2024-01-25 15:26:29,1366326,,,,,,,,,,,,,,,,,,,,,,,,,,,,,,,,,,,,,,,,,,,,,,,,,TN
1881,dd2a416c0c76b4cc9f6161d6be89aa7356e4eae5,0.2169001355625848,autoland,3779647,13,a34e21034f2e3c317ebb3d485012938d48ad04ac,macosx1015-64-shippable-qr,True,False,,|f|i|s|s|i|o|n| |w|a|r|m| |w|e|b|r|e|n|d|e|r|,102210fe594ee9b33d82058545b1ed14f4c8206e,PerceptualSpeedIndex,google-docs,True,google-docs PerceptualSpeedIndex opt fission warm webrender,,77,ms,firefox,444661970.0,1832408909,2024-01-25 20:50:47,1366563,,,,,,,,,,,,,,,,,,,,,,,,,,,,,,,,,,,,,,,,,,,,,,,,,TN
1882,5da1e842ef70c74d8ed72128e460f75b633fae95,0.1893357433348395,autoland,3779647,13,a34e21034f2e3c317ebb3d485012938d48ad04ac,macosx1015-64-shippable-qr,True,False,,|f|i|s|s|i|o|n| |w|a|r|m| |w|e|b|r|e|n|d|e|r|,102210fe594ee9b33d82058545b1ed14f4c8206e,PerceptualSpeedIndex,google-docs,True,google-docs PerceptualSpeedIndex opt fission warm webrender,,77,ms,firefox,444666530.0,1832419359,2024-01-25 20:51:29,1366564,,,,,,,,,,,,,,,,,,,,,,,,,,,,,,,,,,,,,,,,,,,,,,,,,TN
1883,a412d893c38f632f34b44a9c5b3fd8cc30bb87be,0.19905106190691346,autoland,3779647,13,a34e21034f2e3c317ebb3d485012938d48ad04ac,macosx1015-64-shippable-qr,True,False,,|f|i|s|s|i|o|n| |w|a|r|m| |w|e|b|r|e|n|d|e|r|,102210fe594ee9b33d82058545b1ed14f4c8206e,PerceptualSpeedIndex,google-docs,True,google-docs PerceptualSpeedIndex opt fission warm webrender,,77,ms,firefox,444691185.0,1832546392,2024-01-26 03:41:27,1366751,,,,,,,,,,,,,,,,,,,,,,,,,,,,,,,,,,,,,,,,,,,,,,,,,TN
1884,18f5823716e4c35d7c899d2ce4be7fcd66cab9d0,0.2119295074559422,autoland,3779647,13,a34e21034f2e3c317ebb3d485012938d48ad04ac,macosx1015-64-shippable-qr,True,False,,|f|i|s|s|i|o|n| |w|a|r|m| |w|e|b|r|e|n|d|e|r|,102210fe594ee9b33d82058545b1ed14f4c8206e,PerceptualSpeedIndex,google-docs,True,google-docs PerceptualSpeedIndex opt fission warm webrender,,77,ms,firefox,444740752.0,1832724187,2024-01-26 11:04:34,1366921,,,,,,,,,,,,,,,,,,,,,,,,,,,,,,,,,,,,,,,,,,,,,,,,,TN
1885,19005661ad786853d186a7d3434e6c290bccaa95,0.23136014460009036,autoland,3779647,13,a34e21034f2e3c317ebb3d485012938d48ad04ac,macosx1015-64-shippable-qr,True,False,,|f|i|s|s|i|o|n| |w|a|r|m| |w|e|b|r|e|n|d|e|r|,102210fe594ee9b33d82058545b1ed14f4c8206e,PerceptualSpeedIndex,google-docs,True,google-docs PerceptualSpeedIndex opt fission warm webrender,,77,ms,firefox,444784193.0,1832935335,2024-01-26 15:49:43,1367044,,,,,,,,,,,,,,,,,,,,,,,,,,,,,,,,,,,,,,,,,,,,,,,,,TN
1886,4641c3dcf0c3cfbdc8976f2fcc6898107149e19e,0.24310890194306367,autoland,3779647,13,a34e21034f2e3c317ebb3d485012938d48ad04ac,macosx1015-64-shippable-qr,True,False,,|f|i|s|s|i|o|n| |w|a|r|m| |w|e|b|r|e|n|d|e|r|,102210fe594ee9b33d82058545b1ed14f4c8206e,PerceptualSpeedIndex,google-docs,True,google-docs PerceptualSpeedIndex opt fission warm webrender,,77,ms,firefox,444784569.0,1832941997,2024-01-26 15:52:38,1367050,,,,,,,,,,,,,,,,,,,,,,,,,,,,,,,,,,,,,,,,,,,,,,,,,TN
1887,38fb47dac16804e3d5c8211277f084198e43de88,0.21802982376864,autoland,3779647,13,a34e21034f2e3c317ebb3d485012938d48ad04ac,macosx1015-64-shippable-qr,True,False,,|f|i|s|s|i|o|n| |w|a|r|m| |w|e|b|r|e|n|d|e|r|,102210fe594ee9b33d82058545b1ed14f4c8206e,PerceptualSpeedIndex,google-docs,True,google-docs PerceptualSpeedIndex opt fission warm webrender,,77,ms,firefox,444815161.0,1833122515,2024-01-26 20:02:47,1367207,,,,,,,,,,,,,,,,,,,,,,,,,,,,,,,,,,,,,,,,,,,,,,,,,TN
1888,ac4906fa040ce76ad5ea8f73caf83045f291b613,0.19475824672390418,autoland,3779647,13,a34e21034f2e3c317ebb3d485012938d48ad04ac,macosx1015-64-shippable-qr,True,False,,|f|i|s|s|i|o|n| |w|a|r|m| |w|e|b|r|e|n|d|e|r|,102210fe594ee9b33d82058545b1ed14f4c8206e,PerceptualSpeedIndex,google-docs,True,google-docs PerceptualSpeedIndex opt fission warm webrender,,77,ms,firefox,444813580.0,1833111116,2024-01-26 20:05:08,1367213,,,,,,,,,,,,,,,,,,,,,,,,,,,,,,,,,,,,,,,,,,,,,,,,,TN
1889,99babcb9f349f4d91fe26290269d9d25fc1bbd04,0.1850429281518302,autoland,3779647,13,a34e21034f2e3c317ebb3d485012938d48ad04ac,macosx1015-64-shippable-qr,True,False,,|f|i|s|s|i|o|n| |w|a|r|m| |w|e|b|r|e|n|d|e|r|,102210fe594ee9b33d82058545b1ed14f4c8206e,PerceptualSpeedIndex,google-docs,True,google-docs PerceptualSpeedIndex opt fission warm webrender,,77,ms,firefox,444835947.0,1833242422,2024-01-27 00:32:58,1367362,,,,,,,,,,,,,,,,,,,,,,,,,,,,,,,,,,,,,,,,,,,,,,,,,TN
1890,1e79d9e65ec0577bb7d698c86edc6f35b4f92ce8,0.22571170356981485,autoland,3779647,13,a34e21034f2e3c317ebb3d485012938d48ad04ac,macosx1015-64-shippable-qr,True,False,,|f|i|s|s|i|o|n| |w|a|r|m| |w|e|b|r|e|n|d|e|r|,102210fe594ee9b33d82058545b1ed14f4c8206e,PerceptualSpeedIndex,google-docs,True,google-docs PerceptualSpeedIndex opt fission warm webrender,,77,ms,firefox,444860785.0,1833482931,2024-01-27 06:05:38,1367422,,,,,,,,,,,,,,,,,,,,,,,,,,,,,,,,,,,,,,,,,,,,,,,,,TN
1891,09a1abcfcfb73aa1ae9781d2816102729c0f82a6,0.2101220063262541,autoland,3779647,13,a34e21034f2e3c317ebb3d485012938d48ad04ac,macosx1015-64-shippable-qr,True,False,,|f|i|s|s|i|o|n| |w|a|r|m| |w|e|b|r|e|n|d|e|r|,102210fe594ee9b33d82058545b1ed14f4c8206e,PerceptualSpeedIndex,google-docs,True,google-docs PerceptualSpeedIndex opt fission warm webrender,,77,ms,firefox,444879934.0,1833595206,2024-01-27 14:01:44,1367473,,,,,,,,,,,,,,,,,,,,,,,,,,,,,,,,,,,,,,,,,,,,,,,,,TN
1892,2e376c0d1662606cf6811ab3ff138b784d465291,0.20560325350203357,autoland,3779647,13,a34e21034f2e3c317ebb3d485012938d48ad04ac,macosx1015-64-shippable-qr,True,False,,|f|i|s|s|i|o|n| |w|a|r|m| |w|e|b|r|e|n|d|e|r|,102210fe594ee9b33d82058545b1ed14f4c8206e,PerceptualSpeedIndex,google-docs,True,google-docs PerceptualSpeedIndex opt fission warm webrender,,77,ms,firefox,444900054.0,1833729913,2024-01-28 01:17:56,1367530,,,,,,,,,,,,,,,,,,,,,,,,,,,,,,,,,,,,,,,,,,,,,,,,,TN
1893,0f372a16b1e1e959f46701e4210f6a6eaf4e40ec,0.19430637144148233,autoland,3779647,13,a34e21034f2e3c317ebb3d485012938d48ad04ac,macosx1015-64-shippable-qr,True,False,,|f|i|s|s|i|o|n| |w|a|r|m| |w|e|b|r|e|n|d|e|r|,102210fe594ee9b33d82058545b1ed14f4c8206e,PerceptualSpeedIndex,google-docs,True,google-docs PerceptualSpeedIndex opt fission warm webrender,,77,ms,firefox,444904836.0,1833762587,2024-01-28 06:00:30,1367545,,,,,,,,,,,,,,,,,,,,,,,,,,,,,,,,,,,,,,,,,,,,,,,,,TN
1894,9b32d8116833ab08f4e3f0b18c12587ac1f9360b,0.19159511974694987,autoland,3779647,13,a34e21034f2e3c317ebb3d485012938d48ad04ac,macosx1015-64-shippable-qr,True,False,,|f|i|s|s|i|o|n| |w|a|r|m| |w|e|b|r|e|n|d|e|r|,102210fe594ee9b33d82058545b1ed14f4c8206e,PerceptualSpeedIndex,google-docs,True,google-docs PerceptualSpeedIndex opt fission warm webrender,,77,ms,firefox,444934019.0,1833912463,2024-01-28 10:01:02,1367556,,,,,,,,,,,,,,,,,,,,,,,,,,,,,,,,,,,,,,,,,,,,,,,,,TN
1895,13780f5cb2f5d698f35a23f2fafa1593ef7affe9,0.21622232263895147,autoland,3779647,13,a34e21034f2e3c317ebb3d485012938d48ad04ac,macosx1015-64-shippable-qr,True,False,,|f|i|s|s|i|o|n| |w|a|r|m| |w|e|b|r|e|n|d|e|r|,102210fe594ee9b33d82058545b1ed14f4c8206e,PerceptualSpeedIndex,google-docs,True,google-docs PerceptualSpeedIndex opt fission warm webrender,,77,ms,firefox,444946403.0,1833978314,2024-01-28 14:31:15,1367584,,,,,,,,,,,,,,,,,,,,,,,,,,,,,,,,,,,,,,,,,,,,,,,,,TN
1896,852acff05fb8be21502af8fc12cceeb2baa70dd7,0.1807501129688207,autoland,3779647,13,a34e21034f2e3c317ebb3d485012938d48ad04ac,macosx1015-64-shippable-qr,True,False,,|f|i|s|s|i|o|n| |w|a|r|m| |w|e|b|r|e|n|d|e|r|,102210fe594ee9b33d82058545b1ed14f4c8206e,PerceptualSpeedIndex,google-docs,True,google-docs PerceptualSpeedIndex opt fission warm webrender,,77,ms,firefox,444969700.0,1834094025,2024-01-29 01:40:26,1367631,,,,,,,,,,,,,,,,,,,,,,,,,,,,,,,,,,,,,,,,,,,,,,,,,TN
1897,fce9e73861891da48d1a0b85240491fa3e042f8b,0.20786262991414373,autoland,3779647,13,a34e21034f2e3c317ebb3d485012938d48ad04ac,macosx1015-64-shippable-qr,True,False,,|f|i|s|s|i|o|n| |w|a|r|m| |w|e|b|r|e|n|d|e|r|,102210fe594ee9b33d82058545b1ed14f4c8206e,PerceptualSpeedIndex,google-docs,True,google-docs PerceptualSpeedIndex opt fission warm webrender,,77,ms,firefox,445007109.0,1834279431,2024-01-29 10:50:01,1367743,,,,,,,,,,,,,,,,,,,,,,,,,,,,,,,,,,,,,,,,,,,,,,,,,TN
1898,97de3c8a7931e01c1a1c1cf6ac90a580607b77c9,0.2076366922729327,autoland,3779647,13,a34e21034f2e3c317ebb3d485012938d48ad04ac,macosx1015-64-shippable-qr,True,False,,|f|i|s|s|i|o|n| |w|a|r|m| |w|e|b|r|e|n|d|e|r|,102210fe594ee9b33d82058545b1ed14f4c8206e,PerceptualSpeedIndex,google-docs,True,google-docs PerceptualSpeedIndex opt fission warm webrender,,77,ms,firefox,445043622.0,1834543661,2024-01-29 14:53:09,1367876,,,,,,,,,,,,,,,,,,,,,,,,,,,,,,,,,,,,,,,,,,,,,,,,,TN
1899,8e91f5176c0f6e1689a893ed34d5046dbbd1122e,0.22887483054676916,autoland,3779647,13,a34e21034f2e3c317ebb3d485012938d48ad04ac,macosx1015-64-shippable-qr,True,False,,|f|i|s|s|i|o|n| |w|a|r|m| |w|e|b|r|e|n|d|e|r|,102210fe594ee9b33d82058545b1ed14f4c8206e,PerceptualSpeedIndex,google-docs,True,google-docs PerceptualSpeedIndex opt fission warm webrender,,77,ms,firefox,445043436.0,1834428638,2024-01-29 14:59:33,1367883,,,,,,,,,,,,,,,,,,,,,,,,,,,,,,,,,,,,,,,,,,,,,,,,,TN
1900,8913eab3409d19e1cf1a2c19f256256c293b3154,0.21170356981473115,autoland,3779647,13,a34e21034f2e3c317ebb3d485012938d48ad04ac,macosx1015-64-shippable-qr,True,False,,|f|i|s|s|i|o|n| |w|a|r|m| |w|e|b|r|e|n|d|e|r|,102210fe594ee9b33d82058545b1ed14f4c8206e,PerceptualSpeedIndex,google-docs,True,google-docs PerceptualSpeedIndex opt fission warm webrender,,77,ms,firefox,445072916.0,1834600578,2024-01-29 17:46:45,1368035,,,,,,,,,,,,,,,,,,,,,,,,,,,,,,,,,,,,,,,,,,,,,,,,,TN
1901,57a27d8b6d2a7f1f5c1ec710e4a09422fb9c05e1,0.22006326253953912,autoland,3779647,13,a34e21034f2e3c317ebb3d485012938d48ad04ac,macosx1015-64-shippable-qr,True,False,,|f|i|s|s|i|o|n| |w|a|r|m| |w|e|b|r|e|n|d|e|r|,102210fe594ee9b33d82058545b1ed14f4c8206e,PerceptualSpeedIndex,google-docs,True,google-docs PerceptualSpeedIndex opt fission warm webrender,,77,ms,firefox,445105415.0,1834704872,2024-01-29 21:21:15,1368229,,,,,,,,,,,,,,,,,,,,,,,,,,,,,,,,,,,,,,,,,,,,,,,,,TN
1902,b762b1918611946f2efce40512efc3b9e5dffeb4,0.21915951197469496,autoland,3779647,13,a34e21034f2e3c317ebb3d485012938d48ad04ac,macosx1015-64-shippable-qr,True,False,,|f|i|s|s|i|o|n| |w|a|r|m| |w|e|b|r|e|n|d|e|r|,102210fe594ee9b33d82058545b1ed14f4c8206e,PerceptualSpeedIndex,google-docs,True,google-docs PerceptualSpeedIndex opt fission warm webrender,,77,ms,firefox,445123400.0,1834777088,2024-01-29 23:10:28,1368268,,,,,,,,,,,,,,,,,,,,,,,,,,,,,,,,,,,,,,,,,,,,,,,,,TN
1903,cf44126862404cba2f62cb4052b457b4a17052c2,0.22322638951649343,autoland,3779647,13,a34e21034f2e3c317ebb3d485012938d48ad04ac,macosx1015-64-shippable-qr,True,False,,|f|i|s|s|i|o|n| |w|a|r|m| |w|e|b|r|e|n|d|e|r|,102210fe594ee9b33d82058545b1ed14f4c8206e,PerceptualSpeedIndex,google-docs,True,google-docs PerceptualSpeedIndex opt fission warm webrender,,77,ms,firefox,445123593.0,1834778714,2024-01-29 23:11:10,1368269,,,,,,,,,,,,,,,,,,,,,,,,,,,,,,,,,,,,,,,,,,,,,,,,,TN
1904,265910d5bfe79cc856e1c18d9e403fed38ee5a79,0.19724356077722538,autoland,3779647,13,a34e21034f2e3c317ebb3d485012938d48ad04ac,macosx1015-64-shippable-qr,True,False,,|f|i|s|s|i|o|n| |w|a|r|m| |w|e|b|r|e|n|d|e|r|,102210fe594ee9b33d82058545b1ed14f4c8206e,PerceptualSpeedIndex,google-docs,True,google-docs PerceptualSpeedIndex opt fission warm webrender,,77,ms,firefox,445115503.0,1834738824,2024-01-30 01:21:53,1368286,,,,,,,,,,,,,,,,,,,,,,,,,,,,,,,,,,,,,,,,,,,,,,,,,TN
1905,ab57d25172caf6ccb530b4064f03630a54325d5d,0.2211929507455943,autoland,3779647,13,a34e21034f2e3c317ebb3d485012938d48ad04ac,macosx1015-64-shippable-qr,True,False,,|f|i|s|s|i|o|n| |w|a|r|m| |w|e|b|r|e|n|d|e|r|,102210fe594ee9b33d82058545b1ed14f4c8206e,PerceptualSpeedIndex,google-docs,True,google-docs PerceptualSpeedIndex opt fission warm webrender,,77,ms,firefox,445295564.0,1835840011,2024-01-30 02:38:36,1368358,,,,,,,,,,,,,,,,,,,,,,,,,,,,,,,,,,,,,,,,,,,,,,,,,TN
1906,5d6eda16e0084bfea54586bd3a7cecf7c6a2c86b,0.18707636692272933,autoland,3779647,13,a34e21034f2e3c317ebb3d485012938d48ad04ac,macosx1015-64-shippable-qr,True,False,,|f|i|s|s|i|o|n| |w|a|r|m| |w|e|b|r|e|n|d|e|r|,102210fe594ee9b33d82058545b1ed14f4c8206e,PerceptualSpeedIndex,google-docs,True,google-docs PerceptualSpeedIndex opt fission warm webrender,,77,ms,firefox,445295148.0,1835827258,2024-01-30 02:48:40,1368362,,,,,,,,,,,,,,,,,,,,,,,,,,,,,,,,,,,,,,,,,,,,,,,,,TN
1907,a9528d76a91bc50db12b4a18830536bb25a6e378,0.1965657478535925,autoland,3779647,13,a34e21034f2e3c317ebb3d485012938d48ad04ac,macosx1015-64-shippable-qr,True,False,,|f|i|s|s|i|o|n| |w|a|r|m| |w|e|b|r|e|n|d|e|r|,102210fe594ee9b33d82058545b1ed14f4c8206e,PerceptualSpeedIndex,google-docs,True,google-docs PerceptualSpeedIndex opt fission warm webrender,,77,ms,firefox,445184601.0,1835439146,2024-01-30 13:09:07,1368599,,,,,,,,,,,,,,,,,,,,,,,,,,,,,,,,,,,,,,,,,,,,,,,,,TN
1908,91338712d82fcf42896cfc451e6341a5b95963b8,0.2004066877541797,autoland,3779647,13,a34e21034f2e3c317ebb3d485012938d48ad04ac,macosx1015-64-shippable-qr,True,False,,|f|i|s|s|i|o|n| |w|a|r|m| |w|e|b|r|e|n|d|e|r|,102210fe594ee9b33d82058545b1ed14f4c8206e,PerceptualSpeedIndex,google-docs,True,google-docs PerceptualSpeedIndex opt fission warm webrender,,77,ms,firefox,445188071.0,1835447453,2024-01-30 13:14:31,1368603,,,,,,,,,,,,,,,,,,,,,,,,,,,,,,,,,,,,,,,,,,,,,,,,,TN
1909,5eb08718b0d730bce22d08716392a14c090bbc8c,0.22164482602801616,autoland,3779647,13,a34e21034f2e3c317ebb3d485012938d48ad04ac,macosx1015-64-shippable-qr,True,False,,|f|i|s|s|i|o|n| |w|a|r|m| |w|e|b|r|e|n|d|e|r|,102210fe594ee9b33d82058545b1ed14f4c8206e,PerceptualSpeedIndex,google-docs,True,google-docs PerceptualSpeedIndex opt fission warm webrender,,77,ms,firefox,445293057.0,1835797310,2024-01-30 13:22:04,1368619,,,,,,,,,,,,,,,,,,,,,,,,,,,,,,,,,,,,,,,,,,,,,,,,,TN
1910,303334fc1459c8674765c0b5561251b283be50b9,0.20447356529597838,autoland,3779647,13,a34e21034f2e3c317ebb3d485012938d48ad04ac,macosx1015-64-shippable-qr,True,False,,|f|i|s|s|i|o|n| |w|a|r|m| |w|e|b|r|e|n|d|e|r|,102210fe594ee9b33d82058545b1ed14f4c8206e,PerceptualSpeedIndex,google-docs,True,google-docs PerceptualSpeedIndex opt fission warm webrender,,77,ms,firefox,445295274.0,1835836575,2024-01-30 13:22:56,1368620,,,,,,,,,,,,,,,,,,,,,,,,,,,,,,,,,,,,,,,,,,,,,,,,,TN
1911,1ac69623ae79a621c0035377f0841b1ba83070c1,0.22390420244012632,autoland,3779647,13,a34e21034f2e3c317ebb3d485012938d48ad04ac,macosx1015-64-shippable-qr,True,False,,|f|i|s|s|i|o|n| |w|a|r|m| |w|e|b|r|e|n|d|e|r|,102210fe594ee9b33d82058545b1ed14f4c8206e,PerceptualSpeedIndex,google-docs,True,google-docs PerceptualSpeedIndex opt fission warm webrender,,77,ms,firefox,445195658.0,1835466069,2024-01-30 14:29:15,1368655,,,,,,,,,,,,,,,,,,,,,,,,,,,,,,,,,,,,,,,,,,,,,,,,,TN
1912,a3dd43748dcdec6a27a5c140bfd611d463cd9acf,0.21577044735652962,autoland,3779647,13,a34e21034f2e3c317ebb3d485012938d48ad04ac,macosx1015-64-shippable-qr,True,False,,|f|i|s|s|i|o|n| |w|a|r|m| |w|e|b|r|e|n|d|e|r|,102210fe594ee9b33d82058545b1ed14f4c8206e,PerceptualSpeedIndex,google-docs,True,google-docs PerceptualSpeedIndex opt fission warm webrender,,77,ms,firefox,445238592.0,1835558257,2024-01-30 18:56:21,1368858,,,,,,,,,,,,,,,,,,,,,,,,,,,,,,,,,,,,,,,,,,,,,,,,,TN
1913,06b0ce1a9748e18deb48466efed01c1f5a8ff984,0.20876638047898788,autoland,3779647,13,a34e21034f2e3c317ebb3d485012938d48ad04ac,macosx1015-64-shippable-qr,True,False,,|f|i|s|s|i|o|n| |w|a|r|m| |w|e|b|r|e|n|d|e|r|,102210fe594ee9b33d82058545b1ed14f4c8206e,PerceptualSpeedIndex,google-docs,True,google-docs PerceptualSpeedIndex opt fission warm webrender,,77,ms,firefox,445246532.0,1835583066,2024-01-30 20:08:25,1368918,,,,,,,,,,,,,,,,,,,,,,,,,,,,,,,,,,,,,,,,,,,,,,,,,TN
1914,e2dede5cbdb79929f778f477a6c8b412f31ea798,0.21057388160867596,autoland,3779647,13,a34e21034f2e3c317ebb3d485012938d48ad04ac,macosx1015-64-shippable-qr,True,False,,|f|i|s|s|i|o|n| |w|a|r|m| |w|e|b|r|e|n|d|e|r|,102210fe594ee9b33d82058545b1ed14f4c8206e,PerceptualSpeedIndex,google-docs,True,google-docs PerceptualSpeedIndex opt fission warm webrender,,77,ms,firefox,445294643.0,1835821243,2024-01-30 20:14:27,1368926,,,,,,,,,,,,,,,,,,,,,,,,,,,,,,,,,,,,,,,,,,,,,,,,,TN
1915,e35109546c3cb0f5957a604c27f5f1dd2b7f81c0,0.21915951197469496,autoland,3779647,13,a34e21034f2e3c317ebb3d485012938d48ad04ac,macosx1015-64-shippable-qr,True,False,,|f|i|s|s|i|o|n| |w|a|r|m| |w|e|b|r|e|n|d|e|r|,102210fe594ee9b33d82058545b1ed14f4c8206e,PerceptualSpeedIndex,google-docs,True,google-docs PerceptualSpeedIndex opt fission warm webrender,,77,ms,firefox,445280427.0,1835693765,2024-01-31 00:31:01,1369086,,,,,,,,,,,,,,,,,,,,,,,,,,,,,,,,,,,,,,,,,,,,,,,,,TN
1916,2cac2f68bfdcfc9012c537044bc475f076bda7b0,0.19136918210573883,autoland,3779647,13,a34e21034f2e3c317ebb3d485012938d48ad04ac,macosx1015-64-shippable-qr,True,False,,|f|i|s|s|i|o|n| |w|a|r|m| |w|e|b|r|e|n|d|e|r|,102210fe594ee9b33d82058545b1ed14f4c8206e,PerceptualSpeedIndex,google-docs,True,google-docs PerceptualSpeedIndex opt fission warm webrender,,77,ms,firefox,445281111.0,1835701318,2024-01-31 00:32:30,1369088,,,,,,,,,,,,,,,,,,,,,,,,,,,,,,,,,,,,,,,,,,,,,,,,,TN
1917,4bad0524f4b8414b9df64413ea27b7af4ec48644,0.21622232263895147,autoland,3779647,13,a34e21034f2e3c317ebb3d485012938d48ad04ac,macosx1015-64-shippable-qr,True,False,,|f|i|s|s|i|o|n| |w|a|r|m| |w|e|b|r|e|n|d|e|r|,102210fe594ee9b33d82058545b1ed14f4c8206e,PerceptualSpeedIndex,google-docs,True,google-docs PerceptualSpeedIndex opt fission warm webrender,,77,ms,firefox,445447164.0,1836462157,2024-01-31 02:25:46,1369133,,,,,,,,,,,,,,,,,,,,,,,,,,,,,,,,,,,,,,,,,,,,,,,,,TN
1918,6c256fa0d22a5793a40b8ab6aafb34d0dd55cffb,0.1897876186172618,autoland,3779647,13,a34e21034f2e3c317ebb3d485012938d48ad04ac,macosx1015-64-shippable-qr,True,False,,|f|i|s|s|i|o|n| |w|a|r|m| |w|e|b|r|e|n|d|e|r|,102210fe594ee9b33d82058545b1ed14f4c8206e,PerceptualSpeedIndex,google-docs,True,google-docs PerceptualSpeedIndex opt fission warm webrender,,77,ms,firefox,445457720.0,1836554922,2024-01-31 02:44:42,1369143,,,,,,,,,,,,,,,,,,,,,,,,,,,,,,,,,,,,,,,,,,,,,,,,,TN
1919,5f6f60ae2125dc46d98b4b9276bce2d562d1f1bf,0.22209670131043824,autoland,3779647,13,a34e21034f2e3c317ebb3d485012938d48ad04ac,macosx1015-64-shippable-qr,True,False,,|f|i|s|s|i|o|n| |w|a|r|m| |w|e|b|r|e|n|d|e|r|,102210fe594ee9b33d82058545b1ed14f4c8206e,PerceptualSpeedIndex,google-docs,True,google-docs PerceptualSpeedIndex opt fission warm webrender,,77,ms,firefox,445295813.0,1835844763,2024-01-31 05:59:52,1369182,,,,,,,,,,,,,,,,,,,,,,,,,,,,,,,,,,,,,,,,,,,,,,,,,TN
1920,201f8fe705d53181047778d1c0722017bab79e95,0.1746497966561229,autoland,3779647,13,a34e21034f2e3c317ebb3d485012938d48ad04ac,macosx1015-64-shippable-qr,True,False,,|f|i|s|s|i|o|n| |w|a|r|m| |w|e|b|r|e|n|d|e|r|,102210fe594ee9b33d82058545b1ed14f4c8206e,PerceptualSpeedIndex,google-docs,True,google-docs PerceptualSpeedIndex opt fission warm webrender,,77,ms,firefox,445341575.0,1836007345,2024-01-31 10:01:40,1369265,,,,,,,,,,,,,,,,,,,,,,,,,,,,,,,,,,,,,,,,,,,,,,,,,TN
1921,5e52e144df4112277cfdda903747f83f1f147385,0.21667419792137377,autoland,3779647,13,a34e21034f2e3c317ebb3d485012938d48ad04ac,macosx1015-64-shippable-qr,True,False,,|f|i|s|s|i|o|n| |w|a|r|m| |w|e|b|r|e|n|d|e|r|,102210fe594ee9b33d82058545b1ed14f4c8206e,PerceptualSpeedIndex,google-docs,True,google-docs PerceptualSpeedIndex opt fission warm webrender,,77,ms,firefox,445346264.0,1836027425,2024-01-31 13:01:30,1369309,,,,,,,,,,,,,,,,,,,,,,,,,,,,,,,,,,,,,,,,,,,,,,,,,TN
1922,b7dab3b0d3f470193a71c5bea19ee5fbaa6530f1,0.20424762765476734,autoland,3779647,13,a34e21034f2e3c317ebb3d485012938d48ad04ac,macosx1015-64-shippable-qr,True,False,,|f|i|s|s|i|o|n| |w|a|r|m| |w|e|b|r|e|n|d|e|r|,102210fe594ee9b33d82058545b1ed14f4c8206e,PerceptualSpeedIndex,google-docs,True,google-docs PerceptualSpeedIndex opt fission warm webrender,,77,ms,firefox,445457258.0,1836542303,2024-01-31 15:58:13,1369399,,,,,,,,,,,,,,,,,,,,,,,,,,,,,,,,,,,,,,,,,,,,,,,,,TN
1923,e5ffa1d00efcd98c1b4b7d4587f0ba8ea89a0db2,0.2973339358337097,autoland,3779647,13,a34e21034f2e3c317ebb3d485012938d48ad04ac,macosx1015-64-shippable-qr,True,False,,|f|i|s|s|i|o|n| |w|a|r|m| |w|e|b|r|e|n|d|e|r|,102210fe594ee9b33d82058545b1ed14f4c8206e,PerceptualSpeedIndex,google-docs,True,google-docs PerceptualSpeedIndex opt fission warm webrender,,77,ms,firefox,445458944.0,1836566281,2024-01-31 16:10:27,1369414,,,,,,,,,,,,,,,,,,,,,,,,,,,,,,,,,,,,,,,,,,,,,,,,,TN
1924,a0bd6c4162065e8caa2b60ce8082f77d53221fb7,0.21125169453230908,autoland,3779647,13,a34e21034f2e3c317ebb3d485012938d48ad04ac,macosx1015-64-shippable-qr,True,False,,|f|i|s|s|i|o|n| |w|a|r|m| |w|e|b|r|e|n|d|e|r|,102210fe594ee9b33d82058545b1ed14f4c8206e,PerceptualSpeedIndex,google-docs,True,google-docs PerceptualSpeedIndex opt fission warm webrender,,77,ms,firefox,445385076.0,1836173262,2024-01-31 17:27:18,1369495,,,,,,,,,,,,,,,,,,,,,,,,,,,,,,,,,,,,,,,,,,,,,,,,,TN
1925,51cfd5dc22d96a1bf9482904157e76f085fa7da7,0.20221418888386822,autoland,3779647,13,a34e21034f2e3c317ebb3d485012938d48ad04ac,macosx1015-64-shippable-qr,True,False,,|f|i|s|s|i|o|n| |w|a|r|m| |w|e|b|r|e|n|d|e|r|,102210fe594ee9b33d82058545b1ed14f4c8206e,PerceptualSpeedIndex,google-docs,True,google-docs PerceptualSpeedIndex opt fission warm webrender,,77,ms,firefox,445456211.0,1836514510,2024-01-31 18:16:51,1369525,,,,,,,,,,,,,,,,,,,,,,,,,,,,,,,,,,,,,,,,,,,,,,,,,TN
1926,e0dd05f7816f3194d0a0a1d44ea0ebc55454b442,0.19408043380027085,autoland,3779647,13,a34e21034f2e3c317ebb3d485012938d48ad04ac,macosx1015-64-shippable-qr,True,False,,|f|i|s|s|i|o|n| |w|a|r|m| |w|e|b|r|e|n|d|e|r|,102210fe594ee9b33d82058545b1ed14f4c8206e,PerceptualSpeedIndex,google-docs,True,google-docs PerceptualSpeedIndex opt fission warm webrender,,77,ms,firefox,445457414.0,1836545905,2024-01-31 18:17:34,1369526,,,,,,,,,,,,,,,,,,,,,,,,,,,,,,,,,,,,,,,,,,,,,,,,,TN
1927,79a0d8770b55cb81f688dd50a56f2c84295b70f2,0.19882512426570265,autoland,3779647,13,a34e21034f2e3c317ebb3d485012938d48ad04ac,macosx1015-64-shippable-qr,True,False,,|f|i|s|s|i|o|n| |w|a|r|m| |w|e|b|r|e|n|d|e|r|,102210fe594ee9b33d82058545b1ed14f4c8206e,PerceptualSpeedIndex,google-docs,True,google-docs PerceptualSpeedIndex opt fission warm webrender,,77,ms,firefox,445455307.0,1836505744,2024-01-31 18:24:40,1369535,,,,,,,,,,,,,,,,,,,,,,,,,,,,,,,,,,,,,,,,,,,,,,,,,TN
1928,6bfab7427c326136417b187f0df7a7c63528daa3,0.19905106190691346,autoland,3779647,13,a34e21034f2e3c317ebb3d485012938d48ad04ac,macosx1015-64-shippable-qr,True,False,,|f|i|s|s|i|o|n| |w|a|r|m| |w|e|b|r|e|n|d|e|r|,102210fe594ee9b33d82058545b1ed14f4c8206e,PerceptualSpeedIndex,google-docs,True,google-docs PerceptualSpeedIndex opt fission warm webrender,,77,ms,firefox,445396363.0,1836227373,2024-01-31 18:39:44,1369546,,,,,,,,,,,,,,,,,,,,,,,,,,,,,,,,,,,,,,,,,,,,,,,,,TN
1929,2ee5ce9b3c67b7e972b0dff7348ea32cb570880e,0.20379575237234526,autoland,3779647,13,a34e21034f2e3c317ebb3d485012938d48ad04ac,macosx1015-64-shippable-qr,True,False,,|f|i|s|s|i|o|n| |w|a|r|m| |w|e|b|r|e|n|d|e|r|,102210fe594ee9b33d82058545b1ed14f4c8206e,PerceptualSpeedIndex,google-docs,True,google-docs PerceptualSpeedIndex opt fission warm webrender,,77,ms,firefox,445435560.0,1836404883,2024-01-31 21:40:54,1369676,,,,,,,,,,,,,,,,,,,,,,,,,,,,,,,,,,,,,,,,,,,,,,,,,TN
1930,6db2a1e04f4120175d3aad9831795823a4269aab,0.19724356077722538,autoland,3779647,13,a34e21034f2e3c317ebb3d485012938d48ad04ac,macosx1015-64-shippable-qr,True,False,,|f|i|s|s|i|o|n| |w|a|r|m| |w|e|b|r|e|n|d|e|r|,102210fe594ee9b33d82058545b1ed14f4c8206e,PerceptualSpeedIndex,google-docs,True,google-docs PerceptualSpeedIndex opt fission warm webrender,,77,ms,firefox,445446602.0,1836452132,2024-02-01 02:14:37,1369822,,,,,,,,,,,,,,,,,,,,,,,,,,,,,,,,,,,,,,,,,,,,,,,,,TN
1931,959c3318d5c3f3881746455c2c584be49bb179b6,0.20198825124265696,autoland,3779647,13,a34e21034f2e3c317ebb3d485012938d48ad04ac,macosx1015-64-shippable-qr,True,False,,|f|i|s|s|i|o|n| |w|a|r|m| |w|e|b|r|e|n|d|e|r|,102210fe594ee9b33d82058545b1ed14f4c8206e,PerceptualSpeedIndex,google-docs,True,google-docs PerceptualSpeedIndex opt fission warm webrender,,77,ms,firefox,445462251.0,1836569293,2024-02-01 06:47:17,1369862,,,,,,,,,,,,,,,,,,,,,,,,,,,,,,,,,,,,,,,,,,,,,,,,,TN
1932,a6957fa936149dccf133bd99e165c5879c2cb4d5,0.21735201084500666,autoland,3779647,13,a34e21034f2e3c317ebb3d485012938d48ad04ac,macosx1015-64-shippable-qr,True,False,,|f|i|s|s|i|o|n| |w|a|r|m| |w|e|b|r|e|n|d|e|r|,102210fe594ee9b33d82058545b1ed14f4c8206e,PerceptualSpeedIndex,google-docs,True,google-docs PerceptualSpeedIndex opt fission warm webrender,,77,ms,firefox,445497915.0,1836724099,2024-02-01 11:14:36,1370007,,,,,,,,,,,,,,,,,,,,,,,,,,,,,,,,,,,,,,,,,,,,,,,,,TN
1933,93a67689b8581caaa6d429ea7105abf0dc55e98f,0.22390420244012632,autoland,3779647,13,a34e21034f2e3c317ebb3d485012938d48ad04ac,macosx1015-64-shippable-qr,True,False,,|f|i|s|s|i|o|n| |w|a|r|m| |w|e|b|r|e|n|d|e|r|,102210fe594ee9b33d82058545b1ed14f4c8206e,PerceptualSpeedIndex,google-docs,True,google-docs PerceptualSpeedIndex opt fission warm webrender,,77,ms,firefox,445522113.0,1837063647,2024-02-01 13:09:51,1370065,,,,,,,,,,,,,,,,,,,,,,,,,,,,,,,,,,,,,,,,,,,,,,,,,TN
1934,f84c76f9460d8a2a4048954be483e24638c0f39c,0.1782647989154993,autoland,3779647,13,a34e21034f2e3c317ebb3d485012938d48ad04ac,macosx1015-64-shippable-qr,True,False,,|f|i|s|s|i|o|n| |w|a|r|m| |w|e|b|r|e|n|d|e|r|,102210fe594ee9b33d82058545b1ed14f4c8206e,PerceptualSpeedIndex,google-docs,True,google-docs PerceptualSpeedIndex opt fission warm webrender,,77,ms,firefox,445577684.0,1837140905,2024-02-01 17:13:14,1370273,,,,,,,,,,,,,,,,,,,,,,,,,,,,,,,,,,,,,,,,,,,,,,,,,TN
1935,854c462a083b4271435625134f95ce342e243ccb,0.19995481247175784,autoland,3779647,13,a34e21034f2e3c317ebb3d485012938d48ad04ac,macosx1015-64-shippable-qr,True,False,,|f|i|s|s|i|o|n| |w|a|r|m| |w|e|b|r|e|n|d|e|r|,102210fe594ee9b33d82058545b1ed14f4c8206e,PerceptualSpeedIndex,google-docs,True,google-docs PerceptualSpeedIndex opt fission warm webrender,,77,ms,firefox,445577913.0,1837149694,2024-02-01 18:09:58,1370333,,,,,,,,,,,,,,,,,,,,,,,,,,,,,,,,,,,,,,,,,,,,,,,,,TN
1936,144c524a091e2ed65d62b4911026d3400cea02fa,0.19430637144148233,autoland,3779647,13,a34e21034f2e3c317ebb3d485012938d48ad04ac,macosx1015-64-shippable-qr,True,False,,|f|i|s|s|i|o|n| |w|a|r|m| |w|e|b|r|e|n|d|e|r|,102210fe594ee9b33d82058545b1ed14f4c8206e,PerceptualSpeedIndex,google-docs,True,google-docs PerceptualSpeedIndex opt fission warm webrender,,77,ms,firefox,445615192.0,1837196786,2024-02-01 22:12:05,1370552,,,,,,,,,,,,,,,,,,,,,,,,,,,,,,,,,,,,,,,,,,,,,,,,,TN
1937,085a323ab16cb288d40fca29f6bb35d5d7e85753,0.19408043380027107,autoland,3779647,13,a34e21034f2e3c317ebb3d485012938d48ad04ac,macosx1015-64-shippable-qr,True,False,,|f|i|s|s|i|o|n| |w|a|r|m| |w|e|b|r|e|n|d|e|r|,102210fe594ee9b33d82058545b1ed14f4c8206e,PerceptualSpeedIndex,google-docs,True,google-docs PerceptualSpeedIndex opt fission warm webrender,,77,ms,firefox,445614966.0,1837192140,2024-02-01 22:19:46,1370561,,,,,,,,,,,,,,,,,,,,,,,,,,,,,,,,,,,,,,,,,,,,,,,,,TN
1938,dd4c0135beb5076b1a073f8d52507b724781d423,0.18820605512878452,autoland,3779647,13,a34e21034f2e3c317ebb3d485012938d48ad04ac,macosx1015-64-shippable-qr,True,False,,|f|i|s|s|i|o|n| |w|a|r|m| |w|e|b|r|e|n|d|e|r|,102210fe594ee9b33d82058545b1ed14f4c8206e,PerceptualSpeedIndex,google-docs,True,google-docs PerceptualSpeedIndex opt fission warm webrender,,77,ms,firefox,445627371.0,1837246596,2024-02-02 02:49:20,1370659,,,,,,,,,,,,,,,,,,,,,,,,,,,,,,,,,,,,,,,,,,,,,,,,,TN
1939,90d84a362f057a96158ef63f7aa96d639916e390,0.19498418436511522,autoland,3779647,13,a34e21034f2e3c317ebb3d485012938d48ad04ac,macosx1015-64-shippable-qr,True,False,,|f|i|s|s|i|o|n| |w|a|r|m| |w|e|b|r|e|n|d|e|r|,102210fe594ee9b33d82058545b1ed14f4c8206e,PerceptualSpeedIndex,google-docs,True,google-docs PerceptualSpeedIndex opt fission warm webrender,,77,ms,firefox,445701524.0,1837547822,2024-02-02 13:54:17,1370837,,,,,,,,,,,,,,,,,,,,,,,,,,,,,,,,,,,,,,,,,,,,,,,,,TN
1940,85d4a93d2fce8e976fce8c0e6ae573731793a21d,0.20221418888386822,autoland,3779647,13,a34e21034f2e3c317ebb3d485012938d48ad04ac,macosx1015-64-shippable-qr,True,False,,|f|i|s|s|i|o|n| |w|a|r|m| |w|e|b|r|e|n|d|e|r|,102210fe594ee9b33d82058545b1ed14f4c8206e,PerceptualSpeedIndex,google-docs,True,google-docs PerceptualSpeedIndex opt fission warm webrender,,77,ms,firefox,445790901.0,1837988965,2024-02-02 13:58:28,1370841,,,,,,,,,,,,,,,,,,,,,,,,,,,,,,,,,,,,,,,,,,,,,,,,,TN
1941,2d3365b1475ea6b0234b76a4ccfefc8c11e491a0,0.19408043380027107,autoland,3779647,13,a34e21034f2e3c317ebb3d485012938d48ad04ac,macosx1015-64-shippable-qr,True,False,,|f|i|s|s|i|o|n| |w|a|r|m| |w|e|b|r|e|n|d|e|r|,102210fe594ee9b33d82058545b1ed14f4c8206e,PerceptualSpeedIndex,google-docs,True,google-docs PerceptualSpeedIndex opt fission warm webrender,,77,ms,firefox,445707628.0,1837580650,2024-02-02 14:44:09,1370872,,,,,,,,,,,,,,,,,,,,,,,,,,,,,,,,,,,,,,,,,,,,,,,,,TN
1942,67f13af428e383eb2f3472448564da31a6cd3eae,0.22232263895164928,autoland,3779647,13,a34e21034f2e3c317ebb3d485012938d48ad04ac,macosx1015-64-shippable-qr,True,False,,|f|i|s|s|i|o|n| |w|a|r|m| |w|e|b|r|e|n|d|e|r|,102210fe594ee9b33d82058545b1ed14f4c8206e,PerceptualSpeedIndex,google-docs,True,google-docs PerceptualSpeedIndex opt fission warm webrender,,77,ms,firefox,445758823.0,1837870440,2024-02-02 19:53:24,1371106,,,,,,,,,,,,,,,,,,,,,,,,,,,,,,,,,,,,,,,,,,,,,,,,,TN
1943,0a89948ba0c00bf10f2fb02375bb347cffbdc1e1,0.18323542702214168,autoland,3779647,13,a34e21034f2e3c317ebb3d485012938d48ad04ac,macosx1015-64-shippable-qr,True,False,,|f|i|s|s|i|o|n| |w|a|r|m| |w|e|b|r|e|n|d|e|r|,102210fe594ee9b33d82058545b1ed14f4c8206e,PerceptualSpeedIndex,google-docs,True,google-docs PerceptualSpeedIndex opt fission warm webrender,,77,ms,firefox,445772903.0,1837899208,2024-02-02 21:53:09,1371183,,,,,,,,,,,,,,,,,,,,,,,,,,,,,,,,,,,,,,,,,,,,,,,,,TN
1944,b9172a6f32d47b58f805d7cdc242ba32e55cb4a6,0.18888386805241741,autoland,3779647,13,a34e21034f2e3c317ebb3d485012938d48ad04ac,macosx1015-64-shippable-qr,True,False,,|f|i|s|s|i|o|n| |w|a|r|m| |w|e|b|r|e|n|d|e|r|,102210fe594ee9b33d82058545b1ed14f4c8206e,PerceptualSpeedIndex,google-docs,True,google-docs PerceptualSpeedIndex opt fission warm webrender,,77,ms,firefox,445785071.0,1837956939,2024-02-03 02:32:07,1371314,,,,,,,,,,,,,,,,,,,,,,,,,,,,,,,,,,,,,,,,,,,,,,,,,TN
1945,f8d442e9495d595bd8d4c6cbd272480f9d0dbfb5,0.18594667871667414,autoland,3779647,13,a34e21034f2e3c317ebb3d485012938d48ad04ac,macosx1015-64-shippable-qr,True,False,,|f|i|s|s|i|o|n| |w|a|r|m| |w|e|b|r|e|n|d|e|r|,102210fe594ee9b33d82058545b1ed14f4c8206e,PerceptualSpeedIndex,google-docs,True,google-docs PerceptualSpeedIndex opt fission warm webrender,,77,ms,firefox,445797250.0,1838012108,2024-02-03 06:48:17,1371333,,,,,,,,,,,,,,,,,,,,,,,,,,,,,,,,,,,,,,,,,,,,,,,,,TN
1946,6c316fd08b2f2ac6443dd8193a52f819df23ce2e,0.17736104835065536,autoland,3779647,13,a34e21034f2e3c317ebb3d485012938d48ad04ac,macosx1015-64-shippable-qr,True,False,,|f|i|s|s|i|o|n| |w|a|r|m| |w|e|b|r|e|n|d|e|r|,102210fe594ee9b33d82058545b1ed14f4c8206e,PerceptualSpeedIndex,google-docs,True,google-docs PerceptualSpeedIndex opt fission warm webrender,,77,ms,firefox,445809044.0,1838055220,2024-02-03 09:08:28,1371368,,,,,,,,,,,,,,,,,,,,,,,,,,,,,,,,,,,,,,,,,,,,,,,,,TN
1947,234a8e0fb95fc4c3f978bc6c198667481d3115da,0.1929507455942161,autoland,3779647,13,a34e21034f2e3c317ebb3d485012938d48ad04ac,macosx1015-64-shippable-qr,True,False,,|f|i|s|s|i|o|n| |w|a|r|m| |w|e|b|r|e|n|d|e|r|,102210fe594ee9b33d82058545b1ed14f4c8206e,PerceptualSpeedIndex,google-docs,True,google-docs PerceptualSpeedIndex opt fission warm webrender,,77,ms,firefox,445832145.0,1838151422,2024-02-03 16:51:05,1371417,,,,,,,,,,,,,,,,,,,,,,,,,,,,,,,,,,,,,,,,,,,,,,,,,TN
1948,7a5ad9c8b72b8e9fbc0f63d91a955bff54216958,0.18413917758698606,autoland,3779647,13,a34e21034f2e3c317ebb3d485012938d48ad04ac,macosx1015-64-shippable-qr,True,False,,|f|i|s|s|i|o|n| |w|a|r|m| |w|e|b|r|e|n|d|e|r|,102210fe594ee9b33d82058545b1ed14f4c8206e,PerceptualSpeedIndex,google-docs,True,google-docs PerceptualSpeedIndex opt fission warm webrender,,77,ms,firefox,445849871.0,1838250931,2024-02-04 01:32:05,1371481,,,,,,,,,,,,,,,,,,,,,,,,,,,,,,,,,,,,,,,,,,,,,,,,,TN
1949,eb281b3fd4660b5e7e7d1e77f7ebe3182c28569d,0.18775417984636222,autoland,3779647,13,a34e21034f2e3c317ebb3d485012938d48ad04ac,macosx1015-64-shippable-qr,True,False,,|f|i|s|s|i|o|n| |w|a|r|m| |w|e|b|r|e|n|d|e|r|,102210fe594ee9b33d82058545b1ed14f4c8206e,PerceptualSpeedIndex,google-docs,True,google-docs PerceptualSpeedIndex opt fission warm webrender,,77,ms,firefox,445879065.0,1838426166,2024-02-04 11:04:08,1371513,,,,,,,,,,,,,,,,,,,,,,,,,,,,,,,,,,,,,,,,,,,,,,,,,TN
1950,6cb794603d85d30882e94931d5c7cba2c609e8dd,0.17126073203795755,autoland,3779647,13,a34e21034f2e3c317ebb3d485012938d48ad04ac,macosx1015-64-shippable-qr,True,False,,|f|i|s|s|i|o|n| |w|a|r|m| |w|e|b|r|e|n|d|e|r|,102210fe594ee9b33d82058545b1ed14f4c8206e,PerceptualSpeedIndex,google-docs,True,google-docs PerceptualSpeedIndex opt fission warm webrender,,77,ms,firefox,445890689.0,1838594199,2024-02-04 18:26:12,1371541,,,,,,,,,,,,,,,,,,,,,,,,,,,,,,,,,,,,,,,,,,,,,,,,,TN
1951,778e884de4e5ecb46e2d212a6f5f4a13e465a3a4,0.18413917758698606,autoland,3779647,13,a34e21034f2e3c317ebb3d485012938d48ad04ac,macosx1015-64-shippable-qr,True,False,,|f|i|s|s|i|o|n| |w|a|r|m| |w|e|b|r|e|n|d|e|r|,102210fe594ee9b33d82058545b1ed14f4c8206e,PerceptualSpeedIndex,google-docs,True,google-docs PerceptualSpeedIndex opt fission warm webrender,,77,ms,firefox,445908350.0,1838666881,2024-02-05 01:14:58,1371575,,,,,,,,,,,,,,,,,,,,,,,,,,,,,,,,,,,,,,,,,,,,,,,,,TN
1952,9ca12d444230411e2168420a584a7f95e90c1f97,0.2458201536375959,autoland,3779647,13,a34e21034f2e3c317ebb3d485012938d48ad04ac,macosx1015-64-shippable-qr,True,False,,|f|i|s|s|i|o|n| |w|a|r|m| |w|e|b|r|e|n|d|e|r|,102210fe594ee9b33d82058545b1ed14f4c8206e,PerceptualSpeedIndex,google-docs,True,google-docs PerceptualSpeedIndex opt fission warm webrender,,77,ms,firefox,445914330.0,1838694402,2024-02-05 06:38:18,1371605,,,,,,,,,,,,,,,,,,,,,,,,,,,,,,,,,,,,,,,,,,,,,,,,,TN
1953,e026ce62cd3a8700c3c5fb7495521391420d3ef6,0.17216448260280148,autoland,3779647,13,a34e21034f2e3c317ebb3d485012938d48ad04ac,macosx1015-64-shippable-qr,True,False,,|f|i|s|s|i|o|n| |w|a|r|m| |w|e|b|r|e|n|d|e|r|,102210fe594ee9b33d82058545b1ed14f4c8206e,PerceptualSpeedIndex,google-docs,True,google-docs PerceptualSpeedIndex opt fission warm webrender,,77,ms,firefox,445949974.0,1838826329,2024-02-05 11:13:48,1371747,,,,,,,,,,,,,,,,,,,,,,,,,,,,,,,,,,,,,,,,,,,,,,,,,TN
1954,d67e058935bae8bfad9fb5868b225926a25cb64a,0.1814279258924536,autoland,3779647,13,a34e21034f2e3c317ebb3d485012938d48ad04ac,macosx1015-64-shippable-qr,True,False,,|f|i|s|s|i|o|n| |w|a|r|m| |w|e|b|r|e|n|d|e|r|,102210fe594ee9b33d82058545b1ed14f4c8206e,PerceptualSpeedIndex,google-docs,True,google-docs PerceptualSpeedIndex opt fission warm webrender,,77,ms,firefox,445987283.0,1838958548,2024-02-05 15:06:21,1371897,,,,,,,,,,,,,,,,,,,,,,,,,,,,,,,,,,,,,,,,,,,,,,,,,TN
1955,a3f956419067fa1803aa9210eb8252a3fc3daefa,0.19475824672390418,autoland,3779647,13,a34e21034f2e3c317ebb3d485012938d48ad04ac,macosx1015-64-shippable-qr,True,False,,|f|i|s|s|i|o|n| |w|a|r|m| |w|e|b|r|e|n|d|e|r|,102210fe594ee9b33d82058545b1ed14f4c8206e,PerceptualSpeedIndex,google-docs,True,google-docs PerceptualSpeedIndex opt fission warm webrender,,77,ms,firefox,446078355.0,1839388352,2024-02-05 17:21:25,1372043,,,,,,,,,,,,,,,,,,,,,,,,,,,,,,,,,,,,,,,,,,,,,,,,,TN
1956,ae1411029bf854cc5f5d7da7a72697df01667583,0.18617261635788518,autoland,3779647,13,a34e21034f2e3c317ebb3d485012938d48ad04ac,macosx1015-64-shippable-qr,True,False,,|f|i|s|s|i|o|n| |w|a|r|m| |w|e|b|r|e|n|d|e|r|,102210fe594ee9b33d82058545b1ed14f4c8206e,PerceptualSpeedIndex,google-docs,True,google-docs PerceptualSpeedIndex opt fission warm webrender,,77,ms,firefox,446078449.0,1839409653,2024-02-05 17:33:45,1372057,,,,,,,,,,,,,,,,,,,,,,,,,,,,,,,,,,,,,,,,,,,,,,,,,TN
1957,9559ddacce7e802c8bda80f0f58d6cfd6cdd2948,0.29281518300948917,autoland,3779647,13,a34e21034f2e3c317ebb3d485012938d48ad04ac,macosx1015-64-shippable-qr,True,False,,|f|i|s|s|i|o|n| |w|a|r|m| |w|e|b|r|e|n|d|e|r|,102210fe594ee9b33d82058545b1ed14f4c8206e,PerceptualSpeedIndex,google-docs,True,google-docs PerceptualSpeedIndex opt fission warm webrender,,77,ms,firefox,446021474.0,1839043031,2024-02-05 18:46:19,1372136,,,,,,,,,,,,,,,,,,,,,,,,,,,,,,,,,,,,,,,,,,,,,,,,,TN
1958,9f16b642b137c1390a012556c58e9f957a816ef6,0.18052417532760967,autoland,3779647,13,a34e21034f2e3c317ebb3d485012938d48ad04ac,macosx1015-64-shippable-qr,True,False,,|f|i|s|s|i|o|n| |w|a|r|m| |w|e|b|r|e|n|d|e|r|,102210fe594ee9b33d82058545b1ed14f4c8206e,PerceptualSpeedIndex,google-docs,True,google-docs PerceptualSpeedIndex opt fission warm webrender,,77,ms,firefox,446070413.0,1839236998,2024-02-05 23:26:30,1372325,,,,,,,,,,,,,,,,,,,,,,,,,,,,,,,,,,,,,,,,,,,,,,,,,TN
1959,1995789cfffa08b612d3571d2e8596837f772a49,0.20018075011296865,autoland,3779647,13,a34e21034f2e3c317ebb3d485012938d48ad04ac,macosx1015-64-shippable-qr,True,False,,|f|i|s|s|i|o|n| |w|a|r|m| |w|e|b|r|e|n|d|e|r|,102210fe594ee9b33d82058545b1ed14f4c8206e,PerceptualSpeedIndex,google-docs,True,google-docs PerceptualSpeedIndex opt fission warm webrender,,77,ms,firefox,446076807.0,1839363758,2024-02-06 03:53:00,1372390,,,,,,,,,,,,,,,,,,,,,,,,,,,,,,,,,,,,,,,,,,,,,,,,,TN
1960,df0b9539f5604a9aefc6916ce6ecf2e52670b78b,0.22458201536375966,autoland,3779647,13,a34e21034f2e3c317ebb3d485012938d48ad04ac,macosx1015-64-shippable-qr,True,False,,|f|i|s|s|i|o|n| |w|a|r|m| |w|e|b|r|e|n|d|e|r|,102210fe594ee9b33d82058545b1ed14f4c8206e,PerceptualSpeedIndex,google-docs,True,google-docs PerceptualSpeedIndex opt fission warm webrender,,77,ms,firefox,446092936.0,1839466520,2024-02-06 07:31:17,1372455,,,,,,,,,,,,,,,,,,,,,,,,,,,,,,,,,,,,,,,,,,,,,,,,,TN
1961,c48ca61bc9255db0107d377c103a752265b60eb8,0.1753276095797558,autoland,3779647,13,a34e21034f2e3c317ebb3d485012938d48ad04ac,macosx1015-64-shippable-qr,True,False,,|f|i|s|s|i|o|n| |w|a|r|m| |w|e|b|r|e|n|d|e|r|,102210fe594ee9b33d82058545b1ed14f4c8206e,PerceptualSpeedIndex,google-docs,True,google-docs PerceptualSpeedIndex opt fission warm webrender,,77,ms,firefox,446169625.0,1840164617,2024-02-06 11:44:40,1372588,,,,,,,,,,,,,,,,,,,,,,,,,,,,,,,,,,,,,,,,,,,,,,,,,TN
1962,79b38383448166074627506218757a9881ca5679,0.17645729778581098,autoland,3779647,13,a34e21034f2e3c317ebb3d485012938d48ad04ac,macosx1015-64-shippable-qr,True,False,,|f|i|s|s|i|o|n| |w|a|r|m| |w|e|b|r|e|n|d|e|r|,102210fe594ee9b33d82058545b1ed14f4c8206e,PerceptualSpeedIndex,google-docs,True,google-docs PerceptualSpeedIndex opt fission warm webrender,,77,ms,firefox,446212638.0,1840191159,2024-02-06 17:15:13,1372809,,,,,,,,,,,,,,,,,,,,,,,,,,,,,,,,,,,,,,,,,,,,,,,,,TN
1963,1f93ea2744765ca11b90874574cc12168d3828a5,0.17736104835065536,autoland,3779647,13,a34e21034f2e3c317ebb3d485012938d48ad04ac,macosx1015-64-shippable-qr,True,False,,|f|i|s|s|i|o|n| |w|a|r|m| |w|e|b|r|e|n|d|e|r|,102210fe594ee9b33d82058545b1ed14f4c8206e,PerceptualSpeedIndex,google-docs,True,google-docs PerceptualSpeedIndex opt fission warm webrender,,77,ms,firefox,446225912.0,1840198561,2024-02-06 17:24:04,1372818,,,,,,,,,,,,,,,,,,,,,,,,,,,,,,,,,,,,,,,,,,,,,,,,,TN
1964,7b42121a4f48dfc82d82b04a831204e7b9fa7cdb,0.1929507455942161,autoland,3779647,13,a34e21034f2e3c317ebb3d485012938d48ad04ac,macosx1015-64-shippable-qr,True,False,,|f|i|s|s|i|o|n| |w|a|r|m| |w|e|b|r|e|n|d|e|r|,102210fe594ee9b33d82058545b1ed14f4c8206e,PerceptualSpeedIndex,google-docs,True,google-docs PerceptualSpeedIndex opt fission warm webrender,,77,ms,firefox,446285725.0,1840326178,2024-02-06 18:54:58,1372905,,,,,,,,,,,,,,,,,,,,,,,,,,,,,,,,,,,,,,,,,,,,,,,,,TN
1965,e3c76a18de2b4456900f94551dae44407d64eaa3,0.19385449615906003,autoland,3779647,13,a34e21034f2e3c317ebb3d485012938d48ad04ac,macosx1015-64-shippable-qr,True,False,,|f|i|s|s|i|o|n| |w|a|r|m| |w|e|b|r|e|n|d|e|r|,102210fe594ee9b33d82058545b1ed14f4c8206e,PerceptualSpeedIndex,google-docs,True,google-docs PerceptualSpeedIndex opt fission warm webrender,,77,ms,firefox,446296660.0,1840471019,2024-02-06 18:55:39,1372906,,,,,,,,,,,,,,,,,,,,,,,,,,,,,,,,,,,,,,,,,,,,,,,,,TN
1966,1d87eb92ed10d04dccab53b631b14010ca09beb6,0.19340262087663795,autoland,3779647,13,a34e21034f2e3c317ebb3d485012938d48ad04ac,macosx1015-64-shippable-qr,True,False,,|f|i|s|s|i|o|n| |w|a|r|m| |w|e|b|r|e|n|d|e|r|,102210fe594ee9b33d82058545b1ed14f4c8206e,PerceptualSpeedIndex,google-docs,True,google-docs PerceptualSpeedIndex opt fission warm webrender,,77,ms,firefox,446284964.0,1840318075,2024-02-07 04:17:01,1373159,,,,,,,,,,,,,,,,,,,,,,,,,,,,,,,,,,,,,,,,,,,,,,,,,TN
1967,fce00cd55ffb9127f24e7e1d2186178f72429fce,0.2812923633077271,autoland,3779647,13,a34e21034f2e3c317ebb3d485012938d48ad04ac,macosx1015-64-shippable-qr,True,False,,|f|i|s|s|i|o|n| |w|a|r|m| |w|e|b|r|e|n|d|e|r|,102210fe594ee9b33d82058545b1ed14f4c8206e,PerceptualSpeedIndex,google-docs,True,google-docs PerceptualSpeedIndex opt fission warm webrender,,77,ms,firefox,446285199.0,1840319846,2024-02-07 04:22:59,1373168,,,,,,,,,,,,,,,,,,,,,,,,,,,,,,,,,,,,,,,,,,,,,,,,,TN
1968,df59ba0b3152fb8f6812b413bd2a6869bff469c1,0.20108450067781303,autoland,3779647,13,a34e21034f2e3c317ebb3d485012938d48ad04ac,macosx1015-64-shippable-qr,True,False,,|f|i|s|s|i|o|n| |w|a|r|m| |w|e|b|r|e|n|d|e|r|,102210fe594ee9b33d82058545b1ed14f4c8206e,PerceptualSpeedIndex,google-docs,True,google-docs PerceptualSpeedIndex opt fission warm webrender,,77,ms,firefox,446303686.0,1840480666,2024-02-07 08:54:39,1373246,,,,,,,,,,,,,,,,,,,,,,,,,,,,,,,,,,,,,,,,,,,,,,,,,TN
1969,ab5b008e36a4742d737a89c8cbfc1a69e2b76456,0.200858563036602,autoland,3779647,13,a34e21034f2e3c317ebb3d485012938d48ad04ac,macosx1015-64-shippable-qr,True,False,,|f|i|s|s|i|o|n| |w|a|r|m| |w|e|b|r|e|n|d|e|r|,102210fe594ee9b33d82058545b1ed14f4c8206e,PerceptualSpeedIndex,google-docs,True,google-docs PerceptualSpeedIndex opt fission warm webrender,,77,ms,firefox,446309665.0,1840489357,2024-02-07 09:01:16,1373249,,,,,,,,,,,,,,,,,,,,,,,,,,,,,,,,,,,,,,,,,,,,,,,,,TN
1970,ec34bf3905e43d945effa45ba094092c7355d4b2,0.1979213737008585,autoland,3779647,13,a34e21034f2e3c317ebb3d485012938d48ad04ac,macosx1015-64-shippable-qr,True,False,,|f|i|s|s|i|o|n| |w|a|r|m| |w|e|b|r|e|n|d|e|r|,102210fe594ee9b33d82058545b1ed14f4c8206e,PerceptualSpeedIndex,google-docs,True,google-docs PerceptualSpeedIndex opt fission warm webrender,,77,ms,firefox,446355690.0,1840548600,2024-02-07 13:03:40,1373380,,,,,,,,,,,,,,,,,,,,,,,,,,,,,,,,,,,,,,,,,,,,,,,,,TN
1971,fdda8b6b095615f06fbef5c21ff9ad0a90927c83,0.19905106190691346,autoland,3779647,13,a34e21034f2e3c317ebb3d485012938d48ad04ac,macosx1015-64-shippable-qr,True,False,,|f|i|s|s|i|o|n| |w|a|r|m| |w|e|b|r|e|n|d|e|r|,102210fe594ee9b33d82058545b1ed14f4c8206e,PerceptualSpeedIndex,google-docs,True,google-docs PerceptualSpeedIndex opt fission warm webrender,,77,ms,firefox,446394089.0,1840797192,2024-02-07 14:05:10,1373437,,,,,,,,,,,,,,,,,,,,,,,,,,,,,,,,,,,,,,,,,,,,,,,,,TN
1972,1e73637ac83a296d733bc304b12c2e2f1ba09fe1,0.19159511974694987,autoland,3779647,13,a34e21034f2e3c317ebb3d485012938d48ad04ac,macosx1015-64-shippable-qr,True,False,,|f|i|s|s|i|o|n| |w|a|r|m| |w|e|b|r|e|n|d|e|r|,102210fe594ee9b33d82058545b1ed14f4c8206e,PerceptualSpeedIndex,google-docs,True,google-docs PerceptualSpeedIndex opt fission warm webrender,,77,ms,firefox,446468526.0,1841056334,2024-02-07 16:25:30,1373562,,,,,,,,,,,,,,,,,,,,,,,,,,,,,,,,,,,,,,,,,,,,,,,,,TN
1973,b2e92a2d742f43ad92c80b206b3db15a6256fdd8,0.19136918210573883,autoland,3779647,13,a34e21034f2e3c317ebb3d485012938d48ad04ac,macosx1015-64-shippable-qr,True,False,,|f|i|s|s|i|o|n| |w|a|r|m| |w|e|b|r|e|n|d|e|r|,102210fe594ee9b33d82058545b1ed14f4c8206e,PerceptualSpeedIndex,google-docs,True,google-docs PerceptualSpeedIndex opt fission warm webrender,,77,ms,firefox,446467727.0,1841051876,2024-02-07 16:59:51,1373603,,,,,,,,,,,,,,,,,,,,,,,,,,,,,,,,,,,,,,,,,,,,,,,,,TN
1974,fcafc196f2cef3d5c607edaa0f66c96cdf1708d6,0.29801174875734304,autoland,3779647,13,a34e21034f2e3c317ebb3d485012938d48ad04ac,macosx1015-64-shippable-qr,True,False,,|f|i|s|s|i|o|n| |w|a|r|m| |w|e|b|r|e|n|d|e|r|,102210fe594ee9b33d82058545b1ed14f4c8206e,PerceptualSpeedIndex,google-docs,True,google-docs PerceptualSpeedIndex opt fission warm webrender,,77,ms,firefox,446403627.0,1840803571,2024-02-07 17:25:01,1373622,,,,,,,,,,,,,,,,,,,,,,,,,,,,,,,,,,,,,,,,,,,,,,,,,TN
1975,0eee0e78f83c43165f612c4e7f3f7ff52d665b9c,0.2139629462268413,autoland,3779647,13,a34e21034f2e3c317ebb3d485012938d48ad04ac,macosx1015-64-shippable-qr,True,False,,|f|i|s|s|i|o|n| |w|a|r|m| |w|e|b|r|e|n|d|e|r|,102210fe594ee9b33d82058545b1ed14f4c8206e,PerceptualSpeedIndex,google-docs,True,google-docs PerceptualSpeedIndex opt fission warm webrender,,77,ms,firefox,446434125.0,1840912498,2024-02-07 21:31:39,1373826,,,,,,,,,,,,,,,,,,,,,,,,,,,,,,,,,,,,,,,,,,,,,,,,,TN
1976,1cb745ef034e9cd65d98c15632e13f5862e7390b,0.18594667871667414,autoland,3779647,13,a34e21034f2e3c317ebb3d485012938d48ad04ac,macosx1015-64-shippable-qr,True,False,,|f|i|s|s|i|o|n| |w|a|r|m| |w|e|b|r|e|n|d|e|r|,102210fe594ee9b33d82058545b1ed14f4c8206e,PerceptualSpeedIndex,google-docs,True,google-docs PerceptualSpeedIndex opt fission warm webrender,,77,ms,firefox,446435864.0,1840921700,2024-02-07 21:36:53,1373829,,,,,,,,,,,,,,,,,,,,,,,,,,,,,,,,,,,,,,,,,,,,,,,,,TN
1977,0cb1cb869761baae745081466c878e32a7d83888,0.20266606416629007,autoland,3779647,13,a34e21034f2e3c317ebb3d485012938d48ad04ac,macosx1015-64-shippable-qr,True,False,,|f|i|s|s|i|o|n| |w|a|r|m| |w|e|b|r|e|n|d|e|r|,102210fe594ee9b33d82058545b1ed14f4c8206e,PerceptualSpeedIndex,google-docs,True,google-docs PerceptualSpeedIndex opt fission warm webrender,,77,ms,firefox,446455006.0,1840973548,2024-02-08 01:47:30,1373927,,,,,,,,,,,,,,,,,,,,,,,,,,,,,,,,,,,,,,,,,,,,,,,,,TN
1978,bbcb9c75a4919aa67c2fc1ec689eb69d653990dd,0.19069136918210572,autoland,3779647,13,a34e21034f2e3c317ebb3d485012938d48ad04ac,macosx1015-64-shippable-qr,True,False,,|f|i|s|s|i|o|n| |w|a|r|m| |w|e|b|r|e|n|d|e|r|,102210fe594ee9b33d82058545b1ed14f4c8206e,PerceptualSpeedIndex,google-docs,True,google-docs PerceptualSpeedIndex opt fission warm webrender,,77,ms,firefox,446457634.0,1840981194,2024-02-08 02:38:53,1373953,,,,,,,,,,,,,,,,,,,,,,,,,,,,,,,,,,,,,,,,,,,,,,,,,TN
1979,344524bd7c755d7d7fcfca1d69503577b07db2b7,0.18730230456394037,autoland,3779647,13,a34e21034f2e3c317ebb3d485012938d48ad04ac,macosx1015-64-shippable-qr,True,False,,|f|i|s|s|i|o|n| |w|a|r|m| |w|e|b|r|e|n|d|e|r|,102210fe594ee9b33d82058545b1ed14f4c8206e,PerceptualSpeedIndex,google-docs,True,google-docs PerceptualSpeedIndex opt fission warm webrender,,77,ms,firefox,446470919.0,1841072168,2024-02-08 07:03:19,1374007,,,,,,,,,,,,,,,,,,,,,,,,,,,,,,,,,,,,,,,,,,,,,,,,,TN
1980,286029e09b16d8910d7110864541cdb9d4b84681,0.1967916854948033,autoland,3779647,13,a34e21034f2e3c317ebb3d485012938d48ad04ac,macosx1015-64-shippable-qr,True,False,,|f|i|s|s|i|o|n| |w|a|r|m| |w|e|b|r|e|n|d|e|r|,102210fe594ee9b33d82058545b1ed14f4c8206e,PerceptualSpeedIndex,google-docs,True,google-docs PerceptualSpeedIndex opt fission warm webrender,,77,ms,firefox,446540242.0,1841324520,2024-02-08 14:56:42,1374192,,,,,,,,,,,,,,,,,,,,,,,,,,,,,,,,,,,,,,,,,,,,,,,,,TN
1981,8b424277a5065ea04bc1818e9ba12a8b24c12008,0.1954360596475373,autoland,3779647,13,a34e21034f2e3c317ebb3d485012938d48ad04ac,macosx1015-64-shippable-qr,True,False,,|f|i|s|s|i|o|n| |w|a|r|m| |w|e|b|r|e|n|d|e|r|,102210fe594ee9b33d82058545b1ed14f4c8206e,PerceptualSpeedIndex,google-docs,True,google-docs PerceptualSpeedIndex opt fission warm webrender,,77,ms,firefox,446600744.0,1841593568,2024-02-08 22:41:03,1374550,,,,,,,,,,,,,,,,,,,,,,,,,,,,,,,,,,,,,,,,,,,,,,,,,TN
1982,ba6c8f006d21287c25440f5141e3eead45bd9f96,0.20131043831902384,autoland,3779647,13,a34e21034f2e3c317ebb3d485012938d48ad04ac,macosx1015-64-shippable-qr,True,False,,|f|i|s|s|i|o|n| |w|a|r|m| |w|e|b|r|e|n|d|e|r|,102210fe594ee9b33d82058545b1ed14f4c8206e,PerceptualSpeedIndex,google-docs,True,google-docs PerceptualSpeedIndex opt fission warm webrender,,77,ms,firefox,446598040.0,1841579877,2024-02-08 23:27:55,1374577,,,,,,,,,,,,,,,,,,,,,,,,,,,,,,,,,,,,,,,,,,,,,,,,,TN
1983,b17a56f7d0a828b62b52f572c8237345bf64786f,0.2071848169905106,autoland,3779647,13,a34e21034f2e3c317ebb3d485012938d48ad04ac,macosx1015-64-shippable-qr,True,False,,|f|i|s|s|i|o|n| |w|a|r|m| |w|e|b|r|e|n|d|e|r|,102210fe594ee9b33d82058545b1ed14f4c8206e,PerceptualSpeedIndex,google-docs,True,google-docs PerceptualSpeedIndex opt fission warm webrender,,77,ms,firefox,446618287.0,1841659528,2024-02-09 04:08:21,1374660,,,,,,,,,,,,,,,,,,,,,,,,,,,,,,,,,,,,,,,,,,,,,,,,,TN
1984,7b81e807e547afd0cca0453e9697e58369ae5e92,0.19023949389968364,autoland,3779647,13,a34e21034f2e3c317ebb3d485012938d48ad04ac,macosx1015-64-shippable-qr,True,False,,|f|i|s|s|i|o|n| |w|a|r|m| |w|e|b|r|e|n|d|e|r|,102210fe594ee9b33d82058545b1ed14f4c8206e,PerceptualSpeedIndex,google-docs,True,google-docs PerceptualSpeedIndex opt fission warm webrender,,77,ms,firefox,446638973.0,1841773342,2024-02-09 08:27:03,1374718,,,,,,,,,,,,,,,,,,,,,,,,,,,,,,,,,,,,,,,,,,,,,,,,,TN
1985,045e453bba33077fb8d5641ca3706f3785ce14f5,0.19272480795300484,autoland,3779647,13,a34e21034f2e3c317ebb3d485012938d48ad04ac,macosx1015-64-shippable-qr,True,False,,|f|i|s|s|i|o|n| |w|a|r|m| |w|e|b|r|e|n|d|e|r|,102210fe594ee9b33d82058545b1ed14f4c8206e,PerceptualSpeedIndex,google-docs,True,google-docs PerceptualSpeedIndex opt fission warm webrender,,77,ms,firefox,446683535.0,1841925981,2024-02-09 11:56:29,1374806,,,,,,,,,,,,,,,,,,,,,,,,,,,,,,,,,,,,,,,,,,,,,,,,,TN
1986,193e6982f5a17f0fa7cced978df3079f87e4ad99,0.20379575237234526,autoland,3779647,13,a34e21034f2e3c317ebb3d485012938d48ad04ac,macosx1015-64-shippable-qr,True,False,,|f|i|s|s|i|o|n| |w|a|r|m| |w|e|b|r|e|n|d|e|r|,102210fe594ee9b33d82058545b1ed14f4c8206e,PerceptualSpeedIndex,google-docs,True,google-docs PerceptualSpeedIndex opt fission warm webrender,,77,ms,firefox,446725797.0,1842073169,2024-02-09 16:09:01,1374959,,,,,,,,,,,,,,,,,,,,,,,,,,,,,,,,,,,,,,,,,,,,,,,,,TN
1987,39d76f98160905dab2a294ece0e03ee8ba5ba4cc,0.21125169453230908,autoland,3779647,13,a34e21034f2e3c317ebb3d485012938d48ad04ac,macosx1015-64-shippable-qr,True,False,,|f|i|s|s|i|o|n| |w|a|r|m| |w|e|b|r|e|n|d|e|r|,102210fe594ee9b33d82058545b1ed14f4c8206e,PerceptualSpeedIndex,google-docs,True,google-docs PerceptualSpeedIndex opt fission warm webrender,,77,ms,firefox,446734524.0,1842096161,2024-02-09 17:06:42,1375009,,,,,,,,,,,,,,,,,,,,,,,,,,,,,,,,,,,,,,,,,,,,,,,,,TN
1988,0fb5f3212fd93e901bed6bb19bd8b63339869991,0.2040216900135563,autoland,3779647,13,a34e21034f2e3c317ebb3d485012938d48ad04ac,macosx1015-64-shippable-qr,True,False,,|f|i|s|s|i|o|n| |w|a|r|m| |w|e|b|r|e|n|d|e|r|,102210fe594ee9b33d82058545b1ed14f4c8206e,PerceptualSpeedIndex,google-docs,True,google-docs PerceptualSpeedIndex opt fission warm webrender,,77,ms,firefox,446777724.0,1842246392,2024-02-09 21:47:15,1375247,,,,,,,,,,,,,,,,,,,,,,,,,,,,,,,,,,,,,,,,,,,,,,,,,TN
1989,20876ae07c4b760464125773aa45200a98f34159,0.20244012652507903,autoland,3779647,13,a34e21034f2e3c317ebb3d485012938d48ad04ac,macosx1015-64-shippable-qr,True,False,,|f|i|s|s|i|o|n| |w|a|r|m| |w|e|b|r|e|n|d|e|r|,102210fe594ee9b33d82058545b1ed14f4c8206e,PerceptualSpeedIndex,google-docs,True,google-docs PerceptualSpeedIndex opt fission warm webrender,,77,ms,firefox,446787577.0,1842296061,2024-02-10 07:03:30,1375365,,,,,,,,,,,,,,,,,,,,,,,,,,,,,,,,,,,,,,,,,,,,,,,,,TN
1990,b09350ff8440d3ef5d3ac2b811bfe9a5d243196a,0.2076366922729327,autoland,3779647,13,a34e21034f2e3c317ebb3d485012938d48ad04ac,macosx1015-64-shippable-qr,True,False,,|f|i|s|s|i|o|n| |w|a|r|m| |w|e|b|r|e|n|d|e|r|,102210fe594ee9b33d82058545b1ed14f4c8206e,PerceptualSpeedIndex,google-docs,True,google-docs PerceptualSpeedIndex opt fission warm webrender,,77,ms,firefox,446810489.0,1842363242,2024-02-10 13:47:16,1375389,,,,,,,,,,,,,,,,,,,,,,,,,,,,,,,,,,,,,,,,,,,,,,,,,TN
1991,f6690a5e6ceef6b384dc31d4485e790a4935508a,0.20424762765476734,autoland,3779647,13,a34e21034f2e3c317ebb3d485012938d48ad04ac,macosx1015-64-shippable-qr,True,False,,|f|i|s|s|i|o|n| |w|a|r|m| |w|e|b|r|e|n|d|e|r|,102210fe594ee9b33d82058545b1ed14f4c8206e,PerceptualSpeedIndex,google-docs,True,google-docs PerceptualSpeedIndex opt fission warm webrender,,77,ms,firefox,446820337.0,1842405464,2024-02-10 17:58:32,1375417,,,,,,,,,,,,,,,,,,,,,,,,,,,,,,,,,,,,,,,,,,,,,,,,,TN
1992,f92c77fccb76549171ecc809818a26b1eb883b43,0.21531857207410754,autoland,3779647,13,a34e21034f2e3c317ebb3d485012938d48ad04ac,macosx1015-64-shippable-qr,True,False,,|f|i|s|s|i|o|n| |w|a|r|m| |w|e|b|r|e|n|d|e|r|,102210fe594ee9b33d82058545b1ed14f4c8206e,PerceptualSpeedIndex,google-docs,True,google-docs PerceptualSpeedIndex opt fission warm webrender,,77,ms,firefox,446840148.0,1842471961,2024-02-11 02:31:23,1375439,,,,,,,,,,,,,,,,,,,,,,,,,,,,,,,,,,,,,,,,,,,,,,,,,TN
1993,13676fc9b0cd8461cb9863d3a2d1b9a696a9c0f5,0.18368730230456398,autoland,3779647,13,a34e21034f2e3c317ebb3d485012938d48ad04ac,macosx1015-64-shippable-qr,True,False,,|f|i|s|s|i|o|n| |w|a|r|m| |w|e|b|r|e|n|d|e|r|,102210fe594ee9b33d82058545b1ed14f4c8206e,PerceptualSpeedIndex,google-docs,True,google-docs PerceptualSpeedIndex opt fission warm webrender,,77,ms,firefox,446873202.0,1842611280,2024-02-11 15:25:51,1375518,,,,,,,,,,,,,,,,,,,,,,,,,,,,,,,,,,,,,,,,,,,,,,,,,TN
1994,1d7c6ca36b30093e9822c8c2e74db03474e093cd,0.19498418436511522,autoland,3779647,13,a34e21034f2e3c317ebb3d485012938d48ad04ac,macosx1015-64-shippable-qr,True,False,,|f|i|s|s|i|o|n| |w|a|r|m| |w|e|b|r|e|n|d|e|r|,102210fe594ee9b33d82058545b1ed14f4c8206e,PerceptualSpeedIndex,google-docs,True,google-docs PerceptualSpeedIndex opt fission warm webrender,,77,ms,firefox,447057961.0,1843297682,2024-02-12 15:03:24,1375832,,,,,,,,,,,,,,,,,,,,,,,,,,,,,,,,,,,,,,,,,,,,,,,,,TN
1995,39631cf9791b027f8480e62183e72f6daf8ae046,0.1967916854948033,autoland,3779647,13,a34e21034f2e3c317ebb3d485012938d48ad04ac,macosx1015-64-shippable-qr,True,False,,|f|i|s|s|i|o|n| |w|a|r|m| |w|e|b|r|e|n|d|e|r|,102210fe594ee9b33d82058545b1ed14f4c8206e,PerceptualSpeedIndex,google-docs,True,google-docs PerceptualSpeedIndex opt fission warm webrender,,77,ms,firefox,447053165.0,1843274753,2024-02-12 15:04:07,1375833,,,,,,,,,,,,,,,,,,,,,,,,,,,,,,,,,,,,,,,,,,,,,,,,,TN
1996,cab51450b6bd71ade4db0f49831f7e402b375b45,0.19430637144148233,autoland,3779647,13,a34e21034f2e3c317ebb3d485012938d48ad04ac,macosx1015-64-shippable-qr,True,False,,|f|i|s|s|i|o|n| |w|a|r|m| |w|e|b|r|e|n|d|e|r|,102210fe594ee9b33d82058545b1ed14f4c8206e,PerceptualSpeedIndex,google-docs,True,google-docs PerceptualSpeedIndex opt fission warm webrender,,77,ms,firefox,446945317.0,1842928187,2024-02-12 15:53:07,1375888,,,,,,,,,,,,,,,,,,,,,,,,,,,,,,,,,,,,,,,,,,,,,,,,,TN
1997,753f8762281c81c9add69b918aa492348b16768f,0.19453230908269314,autoland,3779647,13,a34e21034f2e3c317ebb3d485012938d48ad04ac,macosx1015-64-shippable-qr,True,False,,|f|i|s|s|i|o|n| |w|a|r|m| |w|e|b|r|e|n|d|e|r|,102210fe594ee9b33d82058545b1ed14f4c8206e,PerceptualSpeedIndex,google-docs,True,google-docs PerceptualSpeedIndex opt fission warm webrender,,77,ms,firefox,447056222.0,1843288778,2024-02-12 18:30:03,1376028,,,,,,,,,,,,,,,,,,,,,,,,,,,,,,,,,,,,,,,,,,,,,,,,,TN
1998,86ac645e866184f4a0cbb7bcbebf05d1fd15b3b7,0.18210573881608672,autoland,3779647,13,a34e21034f2e3c317ebb3d485012938d48ad04ac,macosx1015-64-shippable-qr,True,False,,|f|i|s|s|i|o|n| |w|a|r|m| |w|e|b|r|e|n|d|e|r|,102210fe594ee9b33d82058545b1ed14f4c8206e,PerceptualSpeedIndex,google-docs,True,google-docs PerceptualSpeedIndex opt fission warm webrender,,77,ms,firefox,447056757.0,1843294300,2024-02-12 18:31:48,1376029,,,,,,,,,,,,,,,,,,,,,,,,,,,,,,,,,,,,,,,,,,,,,,,,,TN
1999,37ec3180a6cbce3bb2544f9a16b4ded4657c6eb6,0.17442385901491186,autoland,3779647,13,a34e21034f2e3c317ebb3d485012938d48ad04ac,macosx1015-64-shippable-qr,True,False,,|f|i|s|s|i|o|n| |w|a|r|m| |w|e|b|r|e|n|d|e|r|,102210fe594ee9b33d82058545b1ed14f4c8206e,PerceptualSpeedIndex,google-docs,True,google-docs PerceptualSpeedIndex opt fission warm webrender,,77,ms,firefox,446977525.0,1843054202,2024-02-12 20:04:04,1376093,,,,,,,,,,,,,,,,,,,,,,,,,,,,,,,,,,,,,,,,,,,,,,,,,TN
2000,995a3050d70cb954214be8710caa54a1794745ec,0.18843199276999556,autoland,3779647,13,a34e21034f2e3c317ebb3d485012938d48ad04ac,macosx1015-64-shippable-qr,True,False,,|f|i|s|s|i|o|n| |w|a|r|m| |w|e|b|r|e|n|d|e|r|,102210fe594ee9b33d82058545b1ed14f4c8206e,PerceptualSpeedIndex,google-docs,True,google-docs PerceptualSpeedIndex opt fission warm webrender,,77,ms,firefox,446983931.0,1843059706,2024-02-12 20:15:07,1376103,,,,,,,,,,,,,,,,,,,,,,,,,,,,,,,,,,,,,,,,,,,,,,,,,TN
2001,e7724c952412d5b322b1352d9665d9c956af76e8,0.21577044735652962,autoland,3779647,13,a34e21034f2e3c317ebb3d485012938d48ad04ac,macosx1015-64-shippable-qr,True,False,,|f|i|s|s|i|o|n| |w|a|r|m| |w|e|b|r|e|n|d|e|r|,102210fe594ee9b33d82058545b1ed14f4c8206e,PerceptualSpeedIndex,google-docs,True,google-docs PerceptualSpeedIndex opt fission warm webrender,,77,ms,firefox,447054060.0,1843280587,2024-02-12 23:09:02,1376230,,,,,,,,,,,,,,,,,,,,,,,,,,,,,,,,,,,,,,,,,,,,,,,,,TN
2002,81c51e73deee4f4acc645831425d6a915b7977e4,0.21125169453230908,autoland,3779647,13,a34e21034f2e3c317ebb3d485012938d48ad04ac,macosx1015-64-shippable-qr,True,False,,|f|i|s|s|i|o|n| |w|a|r|m| |w|e|b|r|e|n|d|e|r|,102210fe594ee9b33d82058545b1ed14f4c8206e,PerceptualSpeedIndex,google-docs,True,google-docs PerceptualSpeedIndex opt fission warm webrender,,77,ms,firefox,447052726.0,1843267615,2024-02-12 23:09:49,1376231,,,,,,,,,,,,,,,,,,,,,,,,,,,,,,,,,,,,,,,,,,,,,,,,,TN
2003,b316bafe790ef37c5585cadd21f6a2c8ebd749b9,0.20560325350203357,autoland,3779647,13,a34e21034f2e3c317ebb3d485012938d48ad04ac,macosx1015-64-shippable-qr,True,False,,|f|i|s|s|i|o|n| |w|a|r|m| |w|e|b|r|e|n|d|e|r|,102210fe594ee9b33d82058545b1ed14f4c8206e,PerceptualSpeedIndex,google-docs,True,google-docs PerceptualSpeedIndex opt fission warm webrender,,77,ms,firefox,447021941.0,1843117498,2024-02-13 00:22:17,1376256,,,,,,,,,,,,,,,,,,,,,,,,,,,,,,,,,,,,,,,,,,,,,,,,,TN
2004,52fc8e3041c5f42dfa50438336b110a9a5e77f2b,0.19272480795300484,autoland,3779647,13,a34e21034f2e3c317ebb3d485012938d48ad04ac,macosx1015-64-shippable-qr,True,False,,|f|i|s|s|i|o|n| |w|a|r|m| |w|e|b|r|e|n|d|e|r|,102210fe594ee9b33d82058545b1ed14f4c8206e,PerceptualSpeedIndex,google-docs,True,google-docs PerceptualSpeedIndex opt fission warm webrender,,77,ms,firefox,447030557.0,1843150401,2024-02-13 02:51:29,1376298,,,,,,,,,,,,,,,,,,,,,,,,,,,,,,,,,,,,,,,,,,,,,,,,,TN
2005,5f6ad5b21119b4bbef2bc6c9153e0f7329c20ebe,0.17962042476276552,autoland,3779647,13,a34e21034f2e3c317ebb3d485012938d48ad04ac,macosx1015-64-shippable-qr,True,False,,|f|i|s|s|i|o|n| |w|a|r|m| |w|e|b|r|e|n|d|e|r|,102210fe594ee9b33d82058545b1ed14f4c8206e,PerceptualSpeedIndex,google-docs,True,google-docs PerceptualSpeedIndex opt fission warm webrender,,77,ms,firefox,447059501.0,1843302638,2024-02-13 06:57:28,1376370,,,,,,,,,,,,,,,,,,,,,,,,,,,,,,,,,,,,,,,,,,,,,,,,,TN
2006,c5320acccd4a760b0ae41149fcdd8fe44b658ee7,0.19046543154089468,autoland,3779647,13,a34e21034f2e3c317ebb3d485012938d48ad04ac,macosx1015-64-shippable-qr,True,False,,|f|i|s|s|i|o|n| |w|a|r|m| |w|e|b|r|e|n|d|e|r|,102210fe594ee9b33d82058545b1ed14f4c8206e,PerceptualSpeedIndex,google-docs,True,google-docs PerceptualSpeedIndex opt fission warm webrender,,77,ms,firefox,447087866.0,1843394475,2024-02-13 09:49:45,1376447,,,,,,,,,,,,,,,,,,,,,,,,,,,,,,,,,,,,,,,,,,,,,,,,,TN
2007,0d474eb34652f4c47a16b6d83012c0f2e026dc00,0.21735201084500666,autoland,3779647,13,a34e21034f2e3c317ebb3d485012938d48ad04ac,macosx1015-64-shippable-qr,True,False,,|f|i|s|s|i|o|n| |w|a|r|m| |w|e|b|r|e|n|d|e|r|,102210fe594ee9b33d82058545b1ed14f4c8206e,PerceptualSpeedIndex,google-docs,True,google-docs PerceptualSpeedIndex opt fission warm webrender,,77,ms,firefox,447110795.0,1843476451,2024-02-13 13:45:34,1376559,,,,,,,,,,,,,,,,,,,,,,,,,,,,,,,,,,,,,,,,,,,,,,,,,TN
2008,17329a53b9f9a20247103958883a0ce7c42af78d,0.1961138725711704,autoland,3779647,13,a34e21034f2e3c317ebb3d485012938d48ad04ac,macosx1015-64-shippable-qr,True,False,,|f|i|s|s|i|o|n| |w|a|r|m| |w|e|b|r|e|n|d|e|r|,102210fe594ee9b33d82058545b1ed14f4c8206e,PerceptualSpeedIndex,google-docs,True,google-docs PerceptualSpeedIndex opt fission warm webrender,,77,ms,firefox,447151352.0,1843625808,2024-02-13 16:46:39,1376703,,,,,,,,,,,,,,,,,,,,,,,,,,,,,,,,,,,,,,,,,,,,,,,,,TN
2009,4a18caac75720f24abc9063ce8df5fa6b7948aa4,0.17171260732037963,autoland,3779647,13,a34e21034f2e3c317ebb3d485012938d48ad04ac,macosx1015-64-shippable-qr,True,False,,|f|i|s|s|i|o|n| |w|a|r|m| |w|e|b|r|e|n|d|e|r|,102210fe594ee9b33d82058545b1ed14f4c8206e,PerceptualSpeedIndex,google-docs,True,google-docs PerceptualSpeedIndex opt fission warm webrender,,77,ms,firefox,447194489.0,1843748316,2024-02-14 00:47:09,1376921,,,,,,,,,,,,,,,,,,,,,,,,,,,,,,,,,,,,,,,,,,,,,,,,,TN
2010,aaaa3f2b8fed9e159a8b08e4263034e9a051be71,0.20176231360144592,autoland,3779647,13,a34e21034f2e3c317ebb3d485012938d48ad04ac,macosx1015-64-shippable-qr,True,False,,|f|i|s|s|i|o|n| |w|a|r|m| |w|e|b|r|e|n|d|e|r|,102210fe594ee9b33d82058545b1ed14f4c8206e,PerceptualSpeedIndex,google-docs,True,google-docs PerceptualSpeedIndex opt fission warm webrender,,77,ms,firefox,447197783.0,1843759239,2024-02-14 01:35:59,1376937,,,,,,,,,,,,,,,,,,,,,,,,,,,,,,,,,,,,,,,,,,,,,,,,,TN
2011,1b24ea8c2e7e02f00bd61e8cd672da76b16c42a6,0.17916854948034344,autoland,3779647,13,a34e21034f2e3c317ebb3d485012938d48ad04ac,macosx1015-64-shippable-qr,True,False,,|f|i|s|s|i|o|n| |w|a|r|m| |w|e|b|r|e|n|d|e|r|,102210fe594ee9b33d82058545b1ed14f4c8206e,PerceptualSpeedIndex,google-docs,True,google-docs PerceptualSpeedIndex opt fission warm webrender,,77,ms,firefox,447219002.0,1843842687,2024-02-14 05:55:05,1376972,,,,,,,,,,,,,,,,,,,,,,,,,,,,,,,,,,,,,,,,,,,,,,,,,TN
2012,dca10aca1871edfdba5107bc7766982b186d7f2c,0.21531857207410754,autoland,3779647,13,a34e21034f2e3c317ebb3d485012938d48ad04ac,macosx1015-64-shippable-qr,True,False,,|f|i|s|s|i|o|n| |w|a|r|m| |w|e|b|r|e|n|d|e|r|,102210fe594ee9b33d82058545b1ed14f4c8206e,PerceptualSpeedIndex,google-docs,True,google-docs PerceptualSpeedIndex opt fission warm webrender,,77,ms,firefox,447276555.0,1844025139,2024-02-14 15:32:04,1377071,,,,,,,,,,,,,,,,,,,,,,,,,,,,,,,,,,,,,,,,,,,,,,,,,TN
2013,2ea0fda6ec6ed02a530a3a4bb67fabb0d14d403f,0.1606416629010392,autoland,3779647,13,a34e21034f2e3c317ebb3d485012938d48ad04ac,macosx1015-64-shippable-qr,True,False,,|f|i|s|s|i|o|n| |w|a|r|m| |w|e|b|r|e|n|d|e|r|,102210fe594ee9b33d82058545b1ed14f4c8206e,PerceptualSpeedIndex,google-docs,True,google-docs PerceptualSpeedIndex opt fission warm webrender,,77,ms,firefox,447281820.0,1844038201,2024-02-14 15:37:30,1377078,,,,,,,,,,,,,,,,,,,,,,,,,,,,,,,,,,,,,,,,,,,,,,,,,TN
2014,466985b4c0ca5b200d4dac6fe17e528f81b1c8a7,0.19408043380027107,autoland,3779647,13,a34e21034f2e3c317ebb3d485012938d48ad04ac,macosx1015-64-shippable-qr,True,False,,|f|i|s|s|i|o|n| |w|a|r|m| |w|e|b|r|e|n|d|e|r|,102210fe594ee9b33d82058545b1ed14f4c8206e,PerceptualSpeedIndex,google-docs,True,google-docs PerceptualSpeedIndex opt fission warm webrender,,77,ms,firefox,447349189.0,1844253066,2024-02-14 17:52:22,1377119,,,,,,,,,,,,,,,,,,,,,,,,,,,,,,,,,,,,,,,,,,,,,,,,,TN
2015,223dbcb9e4a51eb75c8c9ed3cd201826a8600b3b,0.19204699502937195,autoland,3779647,13,a34e21034f2e3c317ebb3d485012938d48ad04ac,macosx1015-64-shippable-qr,True,False,,|f|i|s|s|i|o|n| |w|a|r|m| |w|e|b|r|e|n|d|e|r|,102210fe594ee9b33d82058545b1ed14f4c8206e,PerceptualSpeedIndex,google-docs,True,google-docs PerceptualSpeedIndex opt fission warm webrender,,77,ms,firefox,447349515.0,1844259308,2024-02-14 17:53:01,1377120,,,,,,,,,,,,,,,,,,,,,,,,,,,,,,,,,,,,,,,,,,,,,,,,,TN
2016,b0b34dab81d56b5e5ee526c9f44e926db4b27dce,0.19204699502937195,autoland,3779647,13,a34e21034f2e3c317ebb3d485012938d48ad04ac,macosx1015-64-shippable-qr,True,False,,|f|i|s|s|i|o|n| |w|a|r|m| |w|e|b|r|e|n|d|e|r|,102210fe594ee9b33d82058545b1ed14f4c8206e,PerceptualSpeedIndex,google-docs,True,google-docs PerceptualSpeedIndex opt fission warm webrender,,77,ms,firefox,447311832.0,1844097109,2024-02-14 20:39:05,1377195,,,,,,,,,,,,,,,,,,,,,,,,,,,,,,,,,,,,,,,,,,,,,,,,,TN
2017,981afc9a696a12b7e873eae165925138a2726efe,0.2218707636692272,autoland,3779647,13,a34e21034f2e3c317ebb3d485012938d48ad04ac,macosx1015-64-shippable-qr,True,False,,|f|i|s|s|i|o|n| |w|a|r|m| |w|e|b|r|e|n|d|e|r|,102210fe594ee9b33d82058545b1ed14f4c8206e,PerceptualSpeedIndex,google-docs,True,google-docs PerceptualSpeedIndex opt fission warm webrender,,77,ms,firefox,447333086.0,1844172092,2024-02-15 00:51:05,1377256,,,,,,,,,,,,,,,,,,,,,,,,,,,,,,,,,,,,,,,,,,,,,,,,,TN
2018,aa5fc411278d3beae081682cb31a2167257d3aed,0.1985991866244916,autoland,3779647,13,a34e21034f2e3c317ebb3d485012938d48ad04ac,macosx1015-64-shippable-qr,True,False,,|f|i|s|s|i|o|n| |w|a|r|m| |w|e|b|r|e|n|d|e|r|,102210fe594ee9b33d82058545b1ed14f4c8206e,PerceptualSpeedIndex,google-docs,True,google-docs PerceptualSpeedIndex opt fission warm webrender,,77,ms,firefox,447348561.0,1844242765,2024-02-15 04:52:31,1377304,,,,,,,,,,,,,,,,,,,,,,,,,,,,,,,,,,,,,,,,,,,,,,,,,TN
2019,2b4e9ee6225f1183da45d24404e72f48e3803f08,0.2774514234071397,autoland,3779647,13,a34e21034f2e3c317ebb3d485012938d48ad04ac,macosx1015-64-shippable-qr,True,False,,|f|i|s|s|i|o|n| |w|a|r|m| |w|e|b|r|e|n|d|e|r|,102210fe594ee9b33d82058545b1ed14f4c8206e,PerceptualSpeedIndex,google-docs,True,google-docs PerceptualSpeedIndex opt fission warm webrender,,77,ms,firefox,447395297.0,1844417090,2024-02-15 12:49:34,1377375,,,,,,,,,,,,,,,,,,,,,,,,,,,,,,,,,,,,,,,,,,,,,,,,,TN
2020,dbe553dd13b79a3c4821f203f3adca31fe71cc56,0.16335291459557166,autoland,3779647,13,a34e21034f2e3c317ebb3d485012938d48ad04ac,macosx1015-64-shippable-qr,True,False,,|f|i|s|s|i|o|n| |w|a|r|m| |w|e|b|r|e|n|d|e|r|,102210fe594ee9b33d82058545b1ed14f4c8206e,PerceptualSpeedIndex,google-docs,True,google-docs PerceptualSpeedIndex opt fission warm webrender,,77,ms,firefox,447407684.0,1844455717,2024-02-15 16:23:45,1377427,,,,,,,,,,,,,,,,,,,,,,,,,,,,,,,,,,,,,,,,,,,,,,,,,TN
2021,960b4f0570e98c1d761e11649d09838eb8123a33,0.1850429281518302,autoland,3779647,13,a34e21034f2e3c317ebb3d485012938d48ad04ac,macosx1015-64-shippable-qr,True,False,,|f|i|s|s|i|o|n| |w|a|r|m| |w|e|b|r|e|n|d|e|r|,102210fe594ee9b33d82058545b1ed14f4c8206e,PerceptualSpeedIndex,google-docs,True,google-docs PerceptualSpeedIndex opt fission warm webrender,,77,ms,firefox,447487030.0,1844736151,2024-02-15 16:24:25,1377428,,,,,,,,,,,,,,,,,,,,,,,,,,,,,,,,,,,,,,,,,,,,,,,,,TN
2022,02d5bc9805676f9a22f3cef50c86ddc38e7534d9,0.1692272932670582,autoland,3779647,13,a34e21034f2e3c317ebb3d485012938d48ad04ac,macosx1015-64-shippable-qr,True,False,,|f|i|s|s|i|o|n| |w|a|r|m| |w|e|b|r|e|n|d|e|r|,102210fe594ee9b33d82058545b1ed14f4c8206e,PerceptualSpeedIndex,google-docs,True,google-docs PerceptualSpeedIndex opt fission warm webrender,,77,ms,firefox,447431660.0,1844588951,2024-02-15 20:44:46,1377493,,,,,,,,,,,,,,,,,,,,,,,,,,,,,,,,,,,,,,,,,,,,,,,,,TN
2023,798af36e79586239c3954fe06796d9a27a353b92,0.20628106642566646,autoland,3779647,13,a34e21034f2e3c317ebb3d485012938d48ad04ac,macosx1015-64-shippable-qr,True,False,,|f|i|s|s|i|o|n| |w|a|r|m| |w|e|b|r|e|n|d|e|r|,102210fe594ee9b33d82058545b1ed14f4c8206e,PerceptualSpeedIndex,google-docs,True,google-docs PerceptualSpeedIndex opt fission warm webrender,,77,ms,firefox,447437267.0,1844605287,2024-02-15 22:19:13,1377518,,,,,,,,,,,,,,,,,,,,,,,,,,,,,,,,,,,,,,,,,,,,,,,,,TN
2024,861d200fe3e761e23bbb6ce556446725fb01cd43,0.18233167645729775,autoland,3779647,13,a34e21034f2e3c317ebb3d485012938d48ad04ac,macosx1015-64-shippable-qr,True,False,,|f|i|s|s|i|o|n| |w|a|r|m| |w|e|b|r|e|n|d|e|r|,102210fe594ee9b33d82058545b1ed14f4c8206e,PerceptualSpeedIndex,google-docs,True,google-docs PerceptualSpeedIndex opt fission warm webrender,,77,ms,firefox,447487430.0,1844738921,2024-02-16 06:24:45,1378006,,,,,,,,,,,,,,,,,,,,,,,,,,,,,,,,,,,,,,,,,,,,,,,,,TN
2025,313b43f262a908e7e012c7d19f326345a0863bae,0.19588793492995915,autoland,3779647,13,a34e21034f2e3c317ebb3d485012938d48ad04ac,macosx1015-64-shippable-qr,True,False,,|f|i|s|s|i|o|n| |w|a|r|m| |w|e|b|r|e|n|d|e|r|,102210fe594ee9b33d82058545b1ed14f4c8206e,PerceptualSpeedIndex,google-docs,True,google-docs PerceptualSpeedIndex opt fission warm webrender,,77,ms,firefox,447521175.0,1844833091,2024-02-16 14:55:53,1378386,,,,,,,,,,,,,,,,,,,,,,,,,,,,,,,,,,,,,,,,,,,,,,,,,TN
2026,2af34b4c9adf8c8defd3251b569af9c38cc0a429,0.20447356529597838,autoland,3779647,13,a34e21034f2e3c317ebb3d485012938d48ad04ac,macosx1015-64-shippable-qr,True,False,,|f|i|s|s|i|o|n| |w|a|r|m| |w|e|b|r|e|n|d|e|r|,102210fe594ee9b33d82058545b1ed14f4c8206e,PerceptualSpeedIndex,google-docs,True,google-docs PerceptualSpeedIndex opt fission warm webrender,,77,ms,firefox,447564838.0,1845030916,2024-02-17 16:55:38,1378583,,,,,,,,,,,,,,,,,,,,,,,,,,,,,,,,,,,,,,,,,,,,,,,,,TN
2027,fcdb3e9046c67688b2a5b8aeb6451b081b3b52ea,0.2028920018075011,autoland,3779647,13,a34e21034f2e3c317ebb3d485012938d48ad04ac,macosx1015-64-shippable-qr,True,False,,|f|i|s|s|i|o|n| |w|a|r|m| |w|e|b|r|e|n|d|e|r|,102210fe594ee9b33d82058545b1ed14f4c8206e,PerceptualSpeedIndex,google-docs,True,google-docs PerceptualSpeedIndex opt fission warm webrender,,77,ms,firefox,447595154.0,1845201608,2024-02-19 03:31:58,1378717,,,,,,,,,,,,,,,,,,,,,,,,,,,,,,,,,,,,,,,,,,,,,,,,,TN
2028,1dcfa194ad7d005175d431adf6ee3b93c00fb453,0.1604157252598284,autoland,3779647,13,a34e21034f2e3c317ebb3d485012938d48ad04ac,macosx1015-64-shippable-qr,True,False,,|f|i|s|s|i|o|n| |w|a|r|m| |w|e|b|r|e|n|d|e|r|,102210fe594ee9b33d82058545b1ed14f4c8206e,PerceptualSpeedIndex,google-docs,True,google-docs PerceptualSpeedIndex opt fission warm webrender,,77,ms,firefox,447623812.0,1845368211,2024-02-19 10:14:02,1378796,,,,,,,,,,,,,,,,,,,,,,,,,,,,,,,,,,,,,,,,,,,,,,,,,TN
2029,ac4ab326e785a5ad42ce51b54749c2bcce394916,0.17239042024401252,autoland,3779647,13,a34e21034f2e3c317ebb3d485012938d48ad04ac,macosx1015-64-shippable-qr,True,False,,|f|i|s|s|i|o|n| |w|a|r|m| |w|e|b|r|e|n|d|e|r|,102210fe594ee9b33d82058545b1ed14f4c8206e,PerceptualSpeedIndex,google-docs,True,google-docs PerceptualSpeedIndex opt fission warm webrender,,77,ms,firefox,447641479.0,1845393341,2024-02-19 12:40:02,1378838,,,,,,,,,,,,,,,,,,,,,,,,,,,,,,,,,,,,,,,,,,,,,,,,,TN
2030,bef8b1b461b8524917fc01cd866e903290b1d7f6,0.19905106190691346,autoland,3779647,13,a34e21034f2e3c317ebb3d485012938d48ad04ac,macosx1015-64-shippable-qr,True,False,,|f|i|s|s|i|o|n| |w|a|r|m| |w|e|b|r|e|n|d|e|r|,102210fe594ee9b33d82058545b1ed14f4c8206e,PerceptualSpeedIndex,google-docs,True,google-docs PerceptualSpeedIndex opt fission warm webrender,,77,ms,firefox,447667243.0,1845448172,2024-02-19 16:50:13,1378949,,,,,,,,,,,,,,,,,,,,,,,,,,,,,,,,,,,,,,,,,,,,,,,,,TN
2031,2f43b0ae1352efb25f67ffe4f86884c0eb959adb,0.2849073655671033,autoland,3779647,13,a34e21034f2e3c317ebb3d485012938d48ad04ac,macosx1015-64-shippable-qr,True,False,,|f|i|s|s|i|o|n| |w|a|r|m| |w|e|b|r|e|n|d|e|r|,102210fe594ee9b33d82058545b1ed14f4c8206e,PerceptualSpeedIndex,google-docs,True,google-docs PerceptualSpeedIndex opt fission warm webrender,,77,ms,firefox,447690156.0,1845526093,2024-02-19 20:56:27,1379008,,,,,,,,,,,,,,,,,,,,,,,,,,,,,,,,,,,,,,,,,,,,,,,,,TN
2032,e9309553f817fa164bde4c229fe12ae51207bed9,0.17442385901491186,autoland,3779647,13,a34e21034f2e3c317ebb3d485012938d48ad04ac,macosx1015-64-shippable-qr,True,False,,|f|i|s|s|i|o|n| |w|a|r|m| |w|e|b|r|e|n|d|e|r|,102210fe594ee9b33d82058545b1ed14f4c8206e,PerceptualSpeedIndex,google-docs,True,google-docs PerceptualSpeedIndex opt fission warm webrender,,77,ms,firefox,447698475.0,1845555019,2024-02-19 22:19:49,1379038,,,,,,,,,,,,,,,,,,,,,,,,,,,,,,,,,,,,,,,,,,,,,,,,,TN
2033,da0966c2c2d5b4f7c7f1b4d5702cd8c1f77e8633,0.21034794396746492,autoland,3779647,13,a34e21034f2e3c317ebb3d485012938d48ad04ac,macosx1015-64-shippable-qr,True,False,,|f|i|s|s|i|o|n| |w|a|r|m| |w|e|b|r|e|n|d|e|r|,102210fe594ee9b33d82058545b1ed14f4c8206e,PerceptualSpeedIndex,google-docs,True,google-docs PerceptualSpeedIndex opt fission warm webrender,,77,ms,firefox,447716508.0,1845656676,2024-02-19 22:21:54,1379039,,,,,,,,,,,,,,,,,,,,,,,,,,,,,,,,,,,,,,,,,,,,,,,,,TN
2034,ad2add2f3c608b924436c34684c1a775130e74ce,0.1893357433348395,autoland,3779647,13,a34e21034f2e3c317ebb3d485012938d48ad04ac,macosx1015-64-shippable-qr,True,False,,|f|i|s|s|i|o|n| |w|a|r|m| |w|e|b|r|e|n|d|e|r|,102210fe594ee9b33d82058545b1ed14f4c8206e,PerceptualSpeedIndex,google-docs,True,google-docs PerceptualSpeedIndex opt fission warm webrender,,77,ms,firefox,447714113.0,1845625861,2024-02-20 03:01:00,1379095,,,,,,,,,,,,,,,,,,,,,,,,,,,,,,,,,,,,,,,,,,,,,,,,,TN
2035,cc3c4937fb69e80b552b61a4f2dfd1405b518d89,0.20831450519656558,autoland,3779647,13,a34e21034f2e3c317ebb3d485012938d48ad04ac,macosx1015-64-shippable-qr,True,False,,|f|i|s|s|i|o|n| |w|a|r|m| |w|e|b|r|e|n|d|e|r|,102210fe594ee9b33d82058545b1ed14f4c8206e,PerceptualSpeedIndex,google-docs,True,google-docs PerceptualSpeedIndex opt fission warm webrender,,77,ms,firefox,447728365.0,1845710296,2024-02-20 09:01:06,1379152,,,,,,,,,,,,,,,,,,,,,,,,,,,,,,,,,,,,,,,,,,,,,,,,,TN
2036,0465723cfb4ca46ccf93d696eb564093a1d9f2e6,0.20921825576140973,autoland,3779647,13,a34e21034f2e3c317ebb3d485012938d48ad04ac,macosx1015-64-shippable-qr,True,False,,|f|i|s|s|i|o|n| |w|a|r|m| |w|e|b|r|e|n|d|e|r|,102210fe594ee9b33d82058545b1ed14f4c8206e,PerceptualSpeedIndex,google-docs,True,google-docs PerceptualSpeedIndex opt fission warm webrender,,77,ms,firefox,447779496.0,1845912706,2024-02-20 16:46:59,1379390,,,,,,,,,,,,,,,,,,,,,,,,,,,,,,,,,,,,,,,,,,,,,,,,,TN
2037,53f7baad39fc2408bc5c1ab6df97372a395730a4,0.27677361048350657,autoland,3779647,13,a34e21034f2e3c317ebb3d485012938d48ad04ac,macosx1015-64-shippable-qr,True,False,,|f|i|s|s|i|o|n| |w|a|r|m| |w|e|b|r|e|n|d|e|r|,102210fe594ee9b33d82058545b1ed14f4c8206e,PerceptualSpeedIndex,google-docs,True,google-docs PerceptualSpeedIndex opt fission warm webrender,,77,ms,firefox,447800643.0,1845978994,2024-02-20 20:06:07,1379528,,,,,,,,,,,,,,,,,,,,,,,,,,,,,,,,,,,,,,,,,,,,,,,,,TN
2038,05e1180d2aa04a8882ff66dfaeeb0705694f7a61,0.1818798011748759,autoland,3779647,13,a34e21034f2e3c317ebb3d485012938d48ad04ac,macosx1015-64-shippable-qr,True,False,,|f|i|s|s|i|o|n| |w|a|r|m| |w|e|b|r|e|n|d|e|r|,102210fe594ee9b33d82058545b1ed14f4c8206e,PerceptualSpeedIndex,google-docs,True,google-docs PerceptualSpeedIndex opt fission warm webrender,,77,ms,firefox,447830928.0,1846059349,2024-02-21 00:08:41,1379609,,,,,,,,,,,,,,,,,,,,,,,,,,,,,,,,,,,,,,,,,,,,,,,,,TN
2039,119078d182dd2557cd70eb6933abc1ecfb499edd,0.21034794396746492,autoland,3779647,13,a34e21034f2e3c317ebb3d485012938d48ad04ac,macosx1015-64-shippable-qr,True,False,,|f|i|s|s|i|o|n| |w|a|r|m| |w|e|b|r|e|n|d|e|r|,102210fe594ee9b33d82058545b1ed14f4c8206e,PerceptualSpeedIndex,google-docs,True,google-docs PerceptualSpeedIndex opt fission warm webrender,,77,ms,firefox,447833195.0,1846085107,2024-02-21 00:41:01,1379618,,,,,,,,,,,,,,,,,,,,,,,,,,,,,,,,,,,,,,,,,,,,,,,,,TN
2040,714d9f89093457451e3881a56b2477e958b70fe0,0.2065070040668775,autoland,3779647,13,a34e21034f2e3c317ebb3d485012938d48ad04ac,macosx1015-64-shippable-qr,True,False,,|f|i|s|s|i|o|n| |w|a|r|m| |w|e|b|r|e|n|d|e|r|,102210fe594ee9b33d82058545b1ed14f4c8206e,PerceptualSpeedIndex,google-docs,True,google-docs PerceptualSpeedIndex opt fission warm webrender,,77,ms,firefox,447856787.0,1846183592,2024-02-21 05:21:04,1379764,,,,,,,,,,,,,,,,,,,,,,,,,,,,,,,,,,,,,,,,,,,,,,,,,TN
2041,764b93d1a22891bddaaec4e5f73836957d938bac,0.1924988703117938,autoland,3779647,13,a34e21034f2e3c317ebb3d485012938d48ad04ac,macosx1015-64-shippable-qr,True,False,,|f|i|s|s|i|o|n| |w|a|r|m| |w|e|b|r|e|n|d|e|r|,102210fe594ee9b33d82058545b1ed14f4c8206e,PerceptualSpeedIndex,google-docs,True,google-docs PerceptualSpeedIndex opt fission warm webrender,,77,ms,firefox,447879650.0,1846285236,2024-02-21 10:11:10,1379832,,,,,,,,,,,,,,,,,,,,,,,,,,,,,,,,,,,,,,,,,,,,,,,,,TN
2042,24ffc625c71e9cb6e20c48936ac06da6ec066694,0.2659286037053772,autoland,3779647,13,a34e21034f2e3c317ebb3d485012938d48ad04ac,macosx1015-64-shippable-qr,True,False,,|f|i|s|s|i|o|n| |w|a|r|m| |w|e|b|r|e|n|d|e|r|,102210fe594ee9b33d82058545b1ed14f4c8206e,PerceptualSpeedIndex,google-docs,True,google-docs PerceptualSpeedIndex opt fission warm webrender,,77,ms,firefox,447878255.0,1846266184,2024-02-21 10:22:21,1379838,,,,,,,,,,,,,,,,,,,,,,,,,,,,,,,,,,,,,,,,,,,,,,,,,TN
2043,799f79fdcedba2bbccee86179c8b547894a16162,0.17261635788522378,autoland,3779647,13,a34e21034f2e3c317ebb3d485012938d48ad04ac,macosx1015-64-shippable-qr,True,False,,|f|i|s|s|i|o|n| |w|a|r|m| |w|e|b|r|e|n|d|e|r|,102210fe594ee9b33d82058545b1ed14f4c8206e,PerceptualSpeedIndex,google-docs,True,google-docs PerceptualSpeedIndex opt fission warm webrender,,77,ms,firefox,447914409.0,1846397588,2024-02-21 14:24:58,1379926,,,,,,,,,,,,,,,,,,,,,,,,,,,,,,,,,,,,,,,,,,,,,,,,,TN
2044,f8dd4015fa59fee3a1a74c00cd2393a9578e49f0,0.17329417080885667,autoland,3779647,13,a34e21034f2e3c317ebb3d485012938d48ad04ac,macosx1015-64-shippable-qr,True,False,,|f|i|s|s|i|o|n| |w|a|r|m| |w|e|b|r|e|n|d|e|r|,102210fe594ee9b33d82058545b1ed14f4c8206e,PerceptualSpeedIndex,google-docs,True,google-docs PerceptualSpeedIndex opt fission warm webrender,,77,ms,firefox,447924412.0,1846451662,2024-02-21 15:14:56,1379958,,,,,,,,,,,,,,,,,,,,,,,,,,,,,,,,,,,,,,,,,,,,,,,,,TN
2045,bec4dc4bd9ce0a51dab009936bc838963e3f16b3,0.20424762765476734,autoland,3779647,13,a34e21034f2e3c317ebb3d485012938d48ad04ac,macosx1015-64-shippable-qr,True,False,,|f|i|s|s|i|o|n| |w|a|r|m| |w|e|b|r|e|n|d|e|r|,102210fe594ee9b33d82058545b1ed14f4c8206e,PerceptualSpeedIndex,google-docs,True,google-docs PerceptualSpeedIndex opt fission warm webrender,,77,ms,firefox,447998539.0,1846848608,2024-02-21 20:37:48,1380197,,,,,,,,,,,,,,,,,,,,,,,,,,,,,,,,,,,,,,,,,,,,,,,,,TN
2046,31b9ef95a482db91c24a809eb6a64f2c0d7f8f9d,0.19136918210573883,autoland,3779647,13,a34e21034f2e3c317ebb3d485012938d48ad04ac,macosx1015-64-shippable-qr,True,False,,|f|i|s|s|i|o|n| |w|a|r|m| |w|e|b|r|e|n|d|e|r|,102210fe594ee9b33d82058545b1ed14f4c8206e,PerceptualSpeedIndex,google-docs,True,google-docs PerceptualSpeedIndex opt fission warm webrender,,77,ms,firefox,447995694.0,1846824057,2024-02-21 20:47:55,1380210,,,,,,,,,,,,,,,,,,,,,,,,,,,,,,,,,,,,,,,,,,,,,,,,,TN
2047,445c60e096fe3cdc8b7169881875c476febfe082,0.1807501129688207,autoland,3779647,13,a34e21034f2e3c317ebb3d485012938d48ad04ac,macosx1015-64-shippable-qr,True,False,,|f|i|s|s|i|o|n| |w|a|r|m| |w|e|b|r|e|n|d|e|r|,102210fe594ee9b33d82058545b1ed14f4c8206e,PerceptualSpeedIndex,google-docs,True,google-docs PerceptualSpeedIndex opt fission warm webrender,,77,ms,firefox,447997271.0,1846835430,2024-02-22 00:49:41,1380338,,,,,,,,,,,,,,,,,,,,,,,,,,,,,,,,,,,,,,,,,,,,,,,,,TN
2048,c5e3b3132f32b45a2d65870d86690f854c5531fb,0.17216448260280148,autoland,3779647,13,a34e21034f2e3c317ebb3d485012938d48ad04ac,macosx1015-64-shippable-qr,True,False,,|f|i|s|s|i|o|n| |w|a|r|m| |w|e|b|r|e|n|d|e|r|,102210fe594ee9b33d82058545b1ed14f4c8206e,PerceptualSpeedIndex,google-docs,True,google-docs PerceptualSpeedIndex opt fission warm webrender,,77,ms,firefox,448160938.0,1847494716,2024-02-22 00:56:42,1380343,,,,,,,,,,,,,,,,,,,,,,,,,,,,,,,,,,,,,,,,,,,,,,,,,TN
2049,c5bcba5528449aa68d66ae69932dfb3ae2d19030,0.1985991866244916,autoland,3779647,13,a34e21034f2e3c317ebb3d485012938d48ad04ac,macosx1015-64-shippable-qr,True,False,,|f|i|s|s|i|o|n| |w|a|r|m| |w|e|b|r|e|n|d|e|r|,102210fe594ee9b33d82058545b1ed14f4c8206e,PerceptualSpeedIndex,google-docs,True,google-docs PerceptualSpeedIndex opt fission warm webrender,,77,ms,firefox,448161162.0,1847499808,2024-02-22 02:02:43,1380372,,,,,,,,,,,,,,,,,,,,,,,,,,,,,,,,,,,,,,,,,,,,,,,,,TN
2050,093d37f32ef033aa168508e96b9ec2e753850ccc,0.19995481247175784,autoland,3779647,13,a34e21034f2e3c317ebb3d485012938d48ad04ac,macosx1015-64-shippable-qr,True,False,,|f|i|s|s|i|o|n| |w|a|r|m| |w|e|b|r|e|n|d|e|r|,102210fe594ee9b33d82058545b1ed14f4c8206e,PerceptualSpeedIndex,google-docs,True,google-docs PerceptualSpeedIndex opt fission warm webrender,,77,ms,firefox,447997621.0,1846841906,2024-02-22 02:03:24,1380373,,,,,,,,,,,,,,,,,,,,,,,,,,,,,,,,,,,,,,,,,,,,,,,,,TN
2051,e32e8effe8493ec71ad7a3b2b043f7742905b2be,0.21260732037957508,autoland,3779647,13,a34e21034f2e3c317ebb3d485012938d48ad04ac,macosx1015-64-shippable-qr,True,False,,|f|i|s|s|i|o|n| |w|a|r|m| |w|e|b|r|e|n|d|e|r|,102210fe594ee9b33d82058545b1ed14f4c8206e,PerceptualSpeedIndex,google-docs,True,google-docs PerceptualSpeedIndex opt fission warm webrender,,77,ms,firefox,448016882.0,1846943996,2024-02-22 06:55:22,1380445,,,,,,,,,,,,,,,,,,,,,,,,,,,,,,,,,,,,,,,,,,,,,,,,,TN
2052,836800665817ebbf328952caef8477f135630733,0.19724356077722538,autoland,3779647,13,a34e21034f2e3c317ebb3d485012938d48ad04ac,macosx1015-64-shippable-qr,True,False,,|f|i|s|s|i|o|n| |w|a|r|m| |w|e|b|r|e|n|d|e|r|,102210fe594ee9b33d82058545b1ed14f4c8206e,PerceptualSpeedIndex,google-docs,True,google-docs PerceptualSpeedIndex opt fission warm webrender,,77,ms,firefox,448059277.0,1847118726,2024-02-22 08:58:43,1380488,,,,,,,,,,,,,,,,,,,,,,,,,,,,,,,,,,,,,,,,,,,,,,,,,TN
2053,583b3985eb0c0410cf6ebaf8e2f5c576185726c5,0.203569814731134,autoland,3779647,13,a34e21034f2e3c317ebb3d485012938d48ad04ac,macosx1015-64-shippable-qr,True,False,,|f|i|s|s|i|o|n| |w|a|r|m| |w|e|b|r|e|n|d|e|r|,102210fe594ee9b33d82058545b1ed14f4c8206e,PerceptualSpeedIndex,google-docs,True,google-docs PerceptualSpeedIndex opt fission warm webrender,,77,ms,firefox,448084722.0,1847219518,2024-02-22 12:54:00,1380594,,,,,,,,,,,,,,,,,,,,,,,,,,,,,,,,,,,,,,,,,,,,,,,,,TN
2054,97926aad2648cc77b8f5753c0c31e56cb3ca5f7d,0.3063714414821508,autoland,3779647,13,a34e21034f2e3c317ebb3d485012938d48ad04ac,macosx1015-64-shippable-qr,True,False,,|f|i|s|s|i|o|n| |w|a|r|m| |w|e|b|r|e|n|d|e|r|,102210fe594ee9b33d82058545b1ed14f4c8206e,PerceptualSpeedIndex,google-docs,True,google-docs PerceptualSpeedIndex opt fission warm webrender,,77,ms,firefox,448167010.0,1847572133,2024-02-22 13:02:14,1380599,,,,,,,,,,,,,,,,,,,,,,,,,,,,,,,,,,,,,,,,,,,,,,,,,TN
2055,7bc8ecb228993ee2c97c23dca54d66d6419999dc,0.2941708088567554,autoland,3779647,13,a34e21034f2e3c317ebb3d485012938d48ad04ac,macosx1015-64-shippable-qr,True,False,,|f|i|s|s|i|o|n| |w|a|r|m| |w|e|b|r|e|n|d|e|r|,102210fe594ee9b33d82058545b1ed14f4c8206e,PerceptualSpeedIndex,google-docs,True,google-docs PerceptualSpeedIndex opt fission warm webrender,,77,ms,firefox,448167230.0,1847577219,2024-02-22 13:09:22,1380603,,,,,,,,,,,,,,,,,,,,,,,,,,,,,,,,,,,,,,,,,,,,,,,,,TN
2056,2d093d7624aece78778af6f1acee484f469f26d5,0.2704473565295977,autoland,3779647,13,a34e21034f2e3c317ebb3d485012938d48ad04ac,macosx1015-64-shippable-qr,True,False,,|f|i|s|s|i|o|n| |w|a|r|m| |w|e|b|r|e|n|d|e|r|,102210fe594ee9b33d82058545b1ed14f4c8206e,PerceptualSpeedIndex,google-docs,True,google-docs PerceptualSpeedIndex opt fission warm webrender,,77,ms,firefox,448166515.0,1847563226,2024-02-22 14:58:00,1380678,,,,,,,,,,,,,,,,,,,,,,,,,,,,,,,,,,,,,,,,,,,,,,,,,TN
2057,eaba203b7e9f80d2f6f8c1e80a832c1401ae2b9f,0.18300948938093087,autoland,3779647,13,a34e21034f2e3c317ebb3d485012938d48ad04ac,macosx1015-64-shippable-qr,True,False,,|f|i|s|s|i|o|n| |w|a|r|m| |w|e|b|r|e|n|d|e|r|,102210fe594ee9b33d82058545b1ed14f4c8206e,PerceptualSpeedIndex,google-docs,True,google-docs PerceptualSpeedIndex opt fission warm webrender,,77,ms,firefox,448166158.0,1847553425,2024-02-22 15:08:55,1380688,,,,,,,,,,,,,,,,,,,,,,,,,,,,,,,,,,,,,,,,,,,,,,,,,TN
2058,51ea0932b27ba455533226277e6c6deeb38a8fd4,0.1746497966561229,autoland,3779647,13,a34e21034f2e3c317ebb3d485012938d48ad04ac,macosx1015-64-shippable-qr,True,False,,|f|i|s|s|i|o|n| |w|a|r|m| |w|e|b|r|e|n|d|e|r|,102210fe594ee9b33d82058545b1ed14f4c8206e,PerceptualSpeedIndex,google-docs,True,google-docs PerceptualSpeedIndex opt fission warm webrender,,77,ms,firefox,448103459.0,1847284929,2024-02-22 16:54:14,1380794,,,,,,,,,,,,,,,,,,,,,,,,,,,,,,,,,,,,,,,,,,,,,,,,,TN
2059,aac0a57bd987ca0633e2f48ca37f8564344749b9,0.2826479891549931,autoland,3779647,13,a34e21034f2e3c317ebb3d485012938d48ad04ac,macosx1015-64-shippable-qr,True,False,,|f|i|s|s|i|o|n| |w|a|r|m| |w|e|b|r|e|n|d|e|r|,102210fe594ee9b33d82058545b1ed14f4c8206e,PerceptualSpeedIndex,google-docs,True,google-docs PerceptualSpeedIndex opt fission warm webrender,,77,ms,firefox,448106338.0,1847294170,2024-02-22 17:17:40,1380806,,,,,,,,,,,,,,,,,,,,,,,,,,,,,,,,,,,,,,,,,,,,,,,,,TN
2060,1b60bca1b546c120891a0263bcdf7757d75178bc,0.1814279258924536,autoland,3779647,13,a34e21034f2e3c317ebb3d485012938d48ad04ac,macosx1015-64-shippable-qr,True,False,,|f|i|s|s|i|o|n| |w|a|r|m| |w|e|b|r|e|n|d|e|r|,102210fe594ee9b33d82058545b1ed14f4c8206e,PerceptualSpeedIndex,google-docs,True,google-docs PerceptualSpeedIndex opt fission warm webrender,,77,ms,firefox,448152638.0,1847470721,2024-02-22 21:59:43,1380998,,,,,,,,,,,,,,,,,,,,,,,,,,,,,,,,,,,,,,,,,,,,,,,,,TN
2061,3157eece201c15988ff693f9746bc767ad633fa8,0.20153637596023488,autoland,3779647,13,a34e21034f2e3c317ebb3d485012938d48ad04ac,macosx1015-64-shippable-qr,True,False,,|f|i|s|s|i|o|n| |w|a|r|m| |w|e|b|r|e|n|d|e|r|,102210fe594ee9b33d82058545b1ed14f4c8206e,PerceptualSpeedIndex,google-docs,True,google-docs PerceptualSpeedIndex opt fission warm webrender,,77,ms,firefox,448151803.0,1847462213,2024-02-22 22:05:44,1381007,,,,,,,,,,,,,,,,,,,,,,,,,,,,,,,,,,,,,,,,,,,,,,,,,TN
2062,90d2dd7d6b48918404ecc4906e62fa106b4238a9,0.17984636240397633,autoland,3779647,13,a34e21034f2e3c317ebb3d485012938d48ad04ac,macosx1015-64-shippable-qr,True,False,,|f|i|s|s|i|o|n| |w|a|r|m| |w|e|b|r|e|n|d|e|r|,102210fe594ee9b33d82058545b1ed14f4c8206e,PerceptualSpeedIndex,google-docs,True,google-docs PerceptualSpeedIndex opt fission warm webrender,,77,ms,firefox,448165551.0,1847549904,2024-02-23 03:42:44,1381156,,,,,,,,,,,,,,,,,,,,,,,,,,,,,,,,,,,,,,,,,,,,,,,,,TN
2063,21d2a36f8f072b9b57adbeb73eca449f62093ca3,0.30433800271125167,autoland,3779647,13,a34e21034f2e3c317ebb3d485012938d48ad04ac,macosx1015-64-shippable-qr,True,False,,|f|i|s|s|i|o|n| |w|a|r|m| |w|e|b|r|e|n|d|e|r|,102210fe594ee9b33d82058545b1ed14f4c8206e,PerceptualSpeedIndex,google-docs,True,google-docs PerceptualSpeedIndex opt fission warm webrender,,77,ms,firefox,448174437.0,1847617491,2024-02-23 07:23:44,1381206,,,,,,,,,,,,,,,,,,,,,,,,,,,,,,,,,,,,,,,,,,,,,,,,,TN
2064,75e12d12d89c2d79200c0057830f9e0c37f973f5,0.1924988703117938,autoland,3779647,13,a34e21034f2e3c317ebb3d485012938d48ad04ac,macosx1015-64-shippable-qr,True,False,,|f|i|s|s|i|o|n| |w|a|r|m| |w|e|b|r|e|n|d|e|r|,102210fe594ee9b33d82058545b1ed14f4c8206e,PerceptualSpeedIndex,google-docs,True,google-docs PerceptualSpeedIndex opt fission warm webrender,,77,ms,firefox,448217021.0,1847758660,2024-02-23 12:03:57,1381319,,,,,,,,,,,,,,,,,,,,,,,,,,,,,,,,,,,,,,,,,,,,,,,,,TN
2065,80e08d441c6cb001610ee0f198a3dcf424bafd4f,0.203569814731134,autoland,3779647,13,a34e21034f2e3c317ebb3d485012938d48ad04ac,macosx1015-64-shippable-qr,True,False,,|f|i|s|s|i|o|n| |w|a|r|m| |w|e|b|r|e|n|d|e|r|,102210fe594ee9b33d82058545b1ed14f4c8206e,PerceptualSpeedIndex,google-docs,True,google-docs PerceptualSpeedIndex opt fission warm webrender,,77,ms,firefox,448317436.0,1848188717,2024-02-23 14:24:56,1381381,,,,,,,,,,,,,,,,,,,,,,,,,,,,,,,,,,,,,,,,,,,,,,,,,TN
2066,a700ab961a223f6d614abe258766bed35dab027b,0.19159511974694987,autoland,3779647,13,a34e21034f2e3c317ebb3d485012938d48ad04ac,macosx1015-64-shippable-qr,True,False,,|f|i|s|s|i|o|n| |w|a|r|m| |w|e|b|r|e|n|d|e|r|,102210fe594ee9b33d82058545b1ed14f4c8206e,PerceptualSpeedIndex,google-docs,True,google-docs PerceptualSpeedIndex opt fission warm webrender,,77,ms,firefox,448315137.0,1848147121,2024-02-23 14:54:44,1381402,,,,,,,,,,,,,,,,,,,,,,,,,,,,,,,,,,,,,,,,,,,,,,,,,TN
2067,e2c67ce1b79f08538c8f70b2089d860802aa289e,0.18007230004518737,autoland,3779647,13,a34e21034f2e3c317ebb3d485012938d48ad04ac,macosx1015-64-shippable-qr,True,False,,|f|i|s|s|i|o|n| |w|a|r|m| |w|e|b|r|e|n|d|e|r|,102210fe594ee9b33d82058545b1ed14f4c8206e,PerceptualSpeedIndex,google-docs,True,google-docs PerceptualSpeedIndex opt fission warm webrender,,77,ms,firefox,448240826.0,1847862401,2024-02-23 15:17:21,1381416,,,,,,,,,,,,,,,,,,,,,,,,,,,,,,,,,,,,,,,,,,,,,,,,,TN
2068,dccf526bcc0afbf9f7abd33abff453ced5a76335,0.2629914143696339,autoland,3779647,13,a34e21034f2e3c317ebb3d485012938d48ad04ac,macosx1015-64-shippable-qr,True,False,,|f|i|s|s|i|o|n| |w|a|r|m| |w|e|b|r|e|n|d|e|r|,102210fe594ee9b33d82058545b1ed14f4c8206e,PerceptualSpeedIndex,google-docs,True,google-docs PerceptualSpeedIndex opt fission warm webrender,,77,ms,firefox,448262148.0,1847961634,2024-02-23 18:14:32,1381598,,,,,,,,,,,,,,,,,,,,,,,,,,,,,,,,,,,,,,,,,,,,,,,,,TN
2069,85863a9ea2f0fb7ef6aeecaafc6836e9ae4a8178,0.19995481247175784,autoland,3779647,13,a34e21034f2e3c317ebb3d485012938d48ad04ac,macosx1015-64-shippable-qr,True,False,,|f|i|s|s|i|o|n| |w|a|r|m| |w|e|b|r|e|n|d|e|r|,102210fe594ee9b33d82058545b1ed14f4c8206e,PerceptualSpeedIndex,google-docs,True,google-docs PerceptualSpeedIndex opt fission warm webrender,,77,ms,firefox,448317044.0,1848181453,2024-02-23 18:28:43,1381603,,,,,,,,,,,,,,,,,,,,,,,,,,,,,,,,,,,,,,,,,,,,,,,,,TN
2070,d2eef8673a91da595254a8300b7af61b8e569b63,0.20786262991414373,autoland,3779647,13,a34e21034f2e3c317ebb3d485012938d48ad04ac,macosx1015-64-shippable-qr,True,False,,|f|i|s|s|i|o|n| |w|a|r|m| |w|e|b|r|e|n|d|e|r|,102210fe594ee9b33d82058545b1ed14f4c8206e,PerceptualSpeedIndex,google-docs,True,google-docs PerceptualSpeedIndex opt fission warm webrender,,77,ms,firefox,448317385.0,1848188796,2024-02-23 18:35:41,1381609,,,,,,,,,,,,,,,,,,,,,,,,,,,,,,,,,,,,,,,,,,,,,,,,,TN
2071,8c239bb8c3fa84633497932b3d3a1d566f9e7581,0.21170356981473115,autoland,3779647,13,a34e21034f2e3c317ebb3d485012938d48ad04ac,macosx1015-64-shippable-qr,True,False,,|f|i|s|s|i|o|n| |w|a|r|m| |w|e|b|r|e|n|d|e|r|,102210fe594ee9b33d82058545b1ed14f4c8206e,PerceptualSpeedIndex,google-docs,True,google-docs PerceptualSpeedIndex opt fission warm webrender,,77,ms,firefox,448298594.0,1848093781,2024-02-23 22:24:23,1381790,,,,,,,,,,,,,,,,,,,,,,,,,,,,,,,,,,,,,,,,,,,,,,,,,TN
2072,fc1f91bbfd85565b6b9a06155b3d750dc17812f0,0.1918210573881609,autoland,3779647,13,a34e21034f2e3c317ebb3d485012938d48ad04ac,macosx1015-64-shippable-qr,True,False,,|f|i|s|s|i|o|n| |w|a|r|m| |w|e|b|r|e|n|d|e|r|,102210fe594ee9b33d82058545b1ed14f4c8206e,PerceptualSpeedIndex,google-docs,True,google-docs PerceptualSpeedIndex opt fission warm webrender,,77,ms,firefox,448301333.0,1848096277,2024-02-23 22:37:13,1381800,,,,,,,,,,,,,,,,,,,,,,,,,,,,,,,,,,,,,,,,,,,,,,,,,TN
2073,504cbf2189790d36f74d4fc454949d0c55a40c37,0.19701762313601434,autoland,3779647,13,a34e21034f2e3c317ebb3d485012938d48ad04ac,macosx1015-64-shippable-qr,True,False,,|f|i|s|s|i|o|n| |w|a|r|m| |w|e|b|r|e|n|d|e|r|,102210fe594ee9b33d82058545b1ed14f4c8206e,PerceptualSpeedIndex,google-docs,True,google-docs PerceptualSpeedIndex opt fission warm webrender,,77,ms,firefox,448315914.0,1848156989,2024-02-24 03:17:09,1381876,,,,,,,,,,,,,,,,,,,,,,,,,,,,,,,,,,,,,,,,,,,,,,,,,TN
2074,f571738470f98e8161bf79b269e333053dca32c4,0.2801626751016719,autoland,3779647,13,a34e21034f2e3c317ebb3d485012938d48ad04ac,macosx1015-64-shippable-qr,True,False,,|f|i|s|s|i|o|n| |w|a|r|m| |w|e|b|r|e|n|d|e|r|,102210fe594ee9b33d82058545b1ed14f4c8206e,PerceptualSpeedIndex,google-docs,True,google-docs PerceptualSpeedIndex opt fission warm webrender,,77,ms,firefox,448326839.0,1848230180,2024-02-24 08:59:15,1381906,,,,,,,,,,,,,,,,,,,,,,,,,,,,,,,,,,,,,,,,,,,,,,,,,TN
2075,fb873ef9e164e2ac423d266870ce82445945de97,0.1818798011748759,autoland,3779647,13,a34e21034f2e3c317ebb3d485012938d48ad04ac,macosx1015-64-shippable-qr,True,False,,|f|i|s|s|i|o|n| |w|a|r|m| |w|e|b|r|e|n|d|e|r|,102210fe594ee9b33d82058545b1ed14f4c8206e,PerceptualSpeedIndex,google-docs,True,google-docs PerceptualSpeedIndex opt fission warm webrender,,77,ms,firefox,448353429.0,1848317254,2024-02-24 18:15:08,1381948,,,,,,,,,,,,,,,,,,,,,,,,,,,,,,,,,,,,,,,,,,,,,,,,,TN
2076,fedd91b7af1e6b3c4a7d6f58b8bce94d55eb9d74,0.20492544057840023,autoland,3779647,13,a34e21034f2e3c317ebb3d485012938d48ad04ac,macosx1015-64-shippable-qr,True,False,,|f|i|s|s|i|o|n| |w|a|r|m| |w|e|b|r|e|n|d|e|r|,102210fe594ee9b33d82058545b1ed14f4c8206e,PerceptualSpeedIndex,google-docs,True,google-docs PerceptualSpeedIndex opt fission warm webrender,,77,ms,firefox,448374593.0,1848381494,2024-02-25 01:06:55,1381999,,,,,,,,,,,,,,,,,,,,,,,,,,,,,,,,,,,,,,,,,,,,,,,,,TN
2077,689cf8cf7e6b9b9ee5e599a77325de05487a5eed,0.1814279258924536,autoland,3779647,13,a34e21034f2e3c317ebb3d485012938d48ad04ac,macosx1015-64-shippable-qr,True,False,,|f|i|s|s|i|o|n| |w|a|r|m| |w|e|b|r|e|n|d|e|r|,102210fe594ee9b33d82058545b1ed14f4c8206e,PerceptualSpeedIndex,google-docs,True,google-docs PerceptualSpeedIndex opt fission warm webrender,,77,ms,firefox,448412835.0,1848507245,2024-02-26 01:39:06,1382090,,,,,,,,,,,,,,,,,,,,,,,,,,,,,,,,,,,,,,,,,,,,,,,,,TN
2078,3af6901e77d5b3f960f24207e6d8a296508c685c,0.210799819249887,autoland,3779647,13,a34e21034f2e3c317ebb3d485012938d48ad04ac,macosx1015-64-shippable-qr,True,False,,|f|i|s|s|i|o|n| |w|a|r|m| |w|e|b|r|e|n|d|e|r|,102210fe594ee9b33d82058545b1ed14f4c8206e,PerceptualSpeedIndex,google-docs,True,google-docs PerceptualSpeedIndex opt fission warm webrender,,77,ms,firefox,448582160.0,1849193945,2024-02-26 08:26:30,1382148,,,,,,,,,,,,,,,,,,,,,,,,,,,,,,,,,,,,,,,,,,,,,,,,,TN
2079,9efb6f33056715dde89a576fe22714c2e6f3e7a9,0.19701762313601434,autoland,3779647,13,a34e21034f2e3c317ebb3d485012938d48ad04ac,macosx1015-64-shippable-qr,True,False,,|f|i|s|s|i|o|n| |w|a|r|m| |w|e|b|r|e|n|d|e|r|,102210fe594ee9b33d82058545b1ed14f4c8206e,PerceptualSpeedIndex,google-docs,True,google-docs PerceptualSpeedIndex opt fission warm webrender,,77,ms,firefox,448579682.0,1849168099,2024-02-26 08:29:13,1382149,,,,,,,,,,,,,,,,,,,,,,,,,,,,,,,,,,,,,,,,,,,,,,,,,TN
2080,8268ce246a04145ed6598e99b5d061a4e1ee3ca6,0.20379575237234526,autoland,3779647,13,a34e21034f2e3c317ebb3d485012938d48ad04ac,macosx1015-64-shippable-qr,True,False,,|f|i|s|s|i|o|n| |w|a|r|m| |w|e|b|r|e|n|d|e|r|,102210fe594ee9b33d82058545b1ed14f4c8206e,PerceptualSpeedIndex,google-docs,True,google-docs PerceptualSpeedIndex opt fission warm webrender,,77,ms,firefox,448449261.0,1848663051,2024-02-26 10:31:50,1382207,,,,,,,,,,,,,,,,,,,,,,,,,,,,,,,,,,,,,,,,,,,,,,,,,TN
2081,20ea3f74f4fe9153bbc8d976f6e5df94c464dc30,0.16832354270221428,autoland,3779647,13,a34e21034f2e3c317ebb3d485012938d48ad04ac,macosx1015-64-shippable-qr,True,False,,|f|i|s|s|i|o|n| |w|a|r|m| |w|e|b|r|e|n|d|e|r|,102210fe594ee9b33d82058545b1ed14f4c8206e,PerceptualSpeedIndex,google-docs,True,google-docs PerceptualSpeedIndex opt fission warm webrender,,77,ms,firefox,448582327.0,1849198472,2024-02-26 13:55:05,1382274,,,,,,,,,,,,,,,,,,,,,,,,,,,,,,,,,,,,,,,,,,,,,,,,,TN
2082,4dc477669dc382edf409e1b691b033c7243b97cd,0.19995481247175784,autoland,3779647,13,a34e21034f2e3c317ebb3d485012938d48ad04ac,macosx1015-64-shippable-qr,True,False,,|f|i|s|s|i|o|n| |w|a|r|m| |w|e|b|r|e|n|d|e|r|,102210fe594ee9b33d82058545b1ed14f4c8206e,PerceptualSpeedIndex,google-docs,True,google-docs PerceptualSpeedIndex opt fission warm webrender,,77,ms,firefox,448582977.0,1849201093,2024-02-26 14:13:27,1382289,,,,,,,,,,,,,,,,,,,,,,,,,,,,,,,,,,,,,,,,,,,,,,,,,TN
2083,a5c1fbe78e431fe4a1db712f75edb33f6fd668e4,0.20447356529597838,autoland,3779647,13,a34e21034f2e3c317ebb3d485012938d48ad04ac,macosx1015-64-shippable-qr,True,False,,|f|i|s|s|i|o|n| |w|a|r|m| |w|e|b|r|e|n|d|e|r|,102210fe594ee9b33d82058545b1ed14f4c8206e,PerceptualSpeedIndex,google-docs,True,google-docs PerceptualSpeedIndex opt fission warm webrender,,77,ms,firefox,448485998.0,1848741925,2024-02-26 14:40:18,1382307,,,,,,,,,,,,,,,,,,,,,,,,,,,,,,,,,,,,,,,,,,,,,,,,,TN
2084,621c8480cd3562f3f61966b4219a0335ce72f698,0.27790329868956176,autoland,3779647,13,a34e21034f2e3c317ebb3d485012938d48ad04ac,macosx1015-64-shippable-qr,True,False,,|f|i|s|s|i|o|n| |w|a|r|m| |w|e|b|r|e|n|d|e|r|,102210fe594ee9b33d82058545b1ed14f4c8206e,PerceptualSpeedIndex,google-docs,True,google-docs PerceptualSpeedIndex opt fission warm webrender,,77,ms,firefox,448487739.0,1848764162,2024-02-26 15:06:28,1382323,,,,,,,,,,,,,,,,,,,,,,,,,,,,,,,,,,,,,,,,,,,,,,,,,TN
2085,b26d4c8d5e44cc544e259f32a62382902af6f7ff,0.19633981021238145,autoland,3779647,13,a34e21034f2e3c317ebb3d485012938d48ad04ac,macosx1015-64-shippable-qr,True,False,,|f|i|s|s|i|o|n| |w|a|r|m| |w|e|b|r|e|n|d|e|r|,102210fe594ee9b33d82058545b1ed14f4c8206e,PerceptualSpeedIndex,google-docs,True,google-docs PerceptualSpeedIndex opt fission warm webrender,,77,ms,firefox,448511687.0,1848883672,2024-02-26 18:24:43,1382496,,,,,,,,,,,,,,,,,,,,,,,,,,,,,,,,,,,,,,,,,,,,,,,,,TN
2086,2bd01d77bc4d2a1ad705bb1ecb8e793864a737ee,0.193628558517849,autoland,3779647,13,a34e21034f2e3c317ebb3d485012938d48ad04ac,macosx1015-64-shippable-qr,True,False,,|f|i|s|s|i|o|n| |w|a|r|m| |w|e|b|r|e|n|d|e|r|,102210fe594ee9b33d82058545b1ed14f4c8206e,PerceptualSpeedIndex,google-docs,True,google-docs PerceptualSpeedIndex opt fission warm webrender,,77,ms,firefox,448544248.0,1848992745,2024-02-26 22:27:48,1382641,,,,,,,,,,,,,,,,,,,,,,,,,,,,,,,,,,,,,,,,,,,,,,,,,TN
2087,9fbcc8f23c0b7543b9146f0d90dd58ce36d32898,0.18278355173971983,autoland,3779647,13,a34e21034f2e3c317ebb3d485012938d48ad04ac,macosx1015-64-shippable-qr,True,False,,|f|i|s|s|i|o|n| |w|a|r|m| |w|e|b|r|e|n|d|e|r|,102210fe594ee9b33d82058545b1ed14f4c8206e,PerceptualSpeedIndex,google-docs,True,google-docs PerceptualSpeedIndex opt fission warm webrender,,77,ms,firefox,448546456.0,1849000596,2024-02-26 22:53:03,1382666,,,,,,,,,,,,,,,,,,,,,,,,,,,,,,,,,,,,,,,,,,,,,,,,,TN
2088,74094dc4022c8437eb87a7e25bf6433fb07a7fbb,0.18278355173971983,autoland,3779647,13,a34e21034f2e3c317ebb3d485012938d48ad04ac,macosx1015-64-shippable-qr,True,False,,|f|i|s|s|i|o|n| |w|a|r|m| |w|e|b|r|e|n|d|e|r|,102210fe594ee9b33d82058545b1ed14f4c8206e,PerceptualSpeedIndex,google-docs,True,google-docs PerceptualSpeedIndex opt fission warm webrender,,77,ms,firefox,448581494.0,1849180514,2024-02-27 03:06:58,1382765,,,,,,,,,,,,,,,,,,,,,,,,,,,,,,,,,,,,,,,,,,,,,,,,,TN
2089,f0fd4d27a58991220e91d1c086442a03b0a52117,0.18639855399909622,autoland,3779647,13,a34e21034f2e3c317ebb3d485012938d48ad04ac,macosx1015-64-shippable-qr,True,False,,|f|i|s|s|i|o|n| |w|a|r|m| |w|e|b|r|e|n|d|e|r|,102210fe594ee9b33d82058545b1ed14f4c8206e,PerceptualSpeedIndex,google-docs,True,google-docs PerceptualSpeedIndex opt fission warm webrender,,77,ms,firefox,448621712.0,1849361221,2024-02-27 10:31:28,1382887,,,,,,,,,,,,,,,,,,,,,,,,,,,,,,,,,,,,,,,,,,,,,,,,,TN
2090,32acc4e2db50b53733cfcf554a308ccc986925b5,0.20582919114324438,autoland,3779647,13,a34e21034f2e3c317ebb3d485012938d48ad04ac,macosx1015-64-shippable-qr,True,False,,|f|i|s|s|i|o|n| |w|a|r|m| |w|e|b|r|e|n|d|e|r|,102210fe594ee9b33d82058545b1ed14f4c8206e,PerceptualSpeedIndex,google-docs,True,google-docs PerceptualSpeedIndex opt fission warm webrender,,77,ms,firefox,448639383.0,1849407106,2024-02-27 13:59:53,1383025,,,,,,,,,,,,,,,,,,,,,,,,,,,,,,,,,,,,,,,,,,,,,,,,,TN
2091,149f61eecb69d6cf570be79260785c5b4a42e516,0.19837324898328057,autoland,3779647,13,a34e21034f2e3c317ebb3d485012938d48ad04ac,macosx1015-64-shippable-qr,True,False,,|f|i|s|s|i|o|n| |w|a|r|m| |w|e|b|r|e|n|d|e|r|,102210fe594ee9b33d82058545b1ed14f4c8206e,PerceptualSpeedIndex,google-docs,True,google-docs PerceptualSpeedIndex opt fission warm webrender,,77,ms,firefox,448676276.0,1849563525,2024-02-27 19:00:03,1383277,,,,,,,,,,,,,,,,,,,,,,,,,,,,,,,,,,,,,,,,,,,,,,,,,TN
2092,06645f775e47ea71f6dfa2daff5411ab31c5a629,0.20741075463172165,autoland,3779647,13,a34e21034f2e3c317ebb3d485012938d48ad04ac,macosx1015-64-shippable-qr,True,False,,|f|i|s|s|i|o|n| |w|a|r|m| |w|e|b|r|e|n|d|e|r|,102210fe594ee9b33d82058545b1ed14f4c8206e,PerceptualSpeedIndex,google-docs,True,google-docs PerceptualSpeedIndex opt fission warm webrender,,77,ms,firefox,448704188.0,1849655127,2024-02-27 23:02:29,1383416,,,,,,,,,,,,,,,,,,,,,,,,,,,,,,,,,,,,,,,,,,,,,,,,,TN
2093,c2895c7db175458e315a65fd8d5e9385e60a76d3,0.1814279258924536,autoland,3779647,13,a34e21034f2e3c317ebb3d485012938d48ad04ac,macosx1015-64-shippable-qr,True,False,,|f|i|s|s|i|o|n| |w|a|r|m| |w|e|b|r|e|n|d|e|r|,102210fe594ee9b33d82058545b1ed14f4c8206e,PerceptualSpeedIndex,google-docs,True,google-docs PerceptualSpeedIndex opt fission warm webrender,,77,ms,firefox,448704562.0,1849667039,2024-02-27 23:18:10,1383436,,,,,,,,,,,,,,,,,,,,,,,,,,,,,,,,,,,,,,,,,,,,,,,,,TN
2094,41ceb034dc709c821d837a321d2c5fb944bd4231,0.1886579304112066,autoland,3779647,13,a34e21034f2e3c317ebb3d485012938d48ad04ac,macosx1015-64-shippable-qr,True,False,,|f|i|s|s|i|o|n| |w|a|r|m| |w|e|b|r|e|n|d|e|r|,102210fe594ee9b33d82058545b1ed14f4c8206e,PerceptualSpeedIndex,google-docs,True,google-docs PerceptualSpeedIndex opt fission warm webrender,,77,ms,firefox,448725758.0,1849778026,2024-02-28 03:31:31,1383545,,,,,,,,,,,,,,,,,,,,,,,,,,,,,,,,,,,,,,,,,,,,,,,,,TN
2095,710f48d1638d076913089bfa3978b6a1efc1d842,0.19588793492995915,autoland,3779647,13,a34e21034f2e3c317ebb3d485012938d48ad04ac,macosx1015-64-shippable-qr,True,False,,|f|i|s|s|i|o|n| |w|a|r|m| |w|e|b|r|e|n|d|e|r|,102210fe594ee9b33d82058545b1ed14f4c8206e,PerceptualSpeedIndex,google-docs,True,google-docs PerceptualSpeedIndex opt fission warm webrender,,77,ms,firefox,448750302.0,1849858982,2024-02-28 07:34:11,1383600,,,,,,,,,,,,,,,,,,,,,,,,,,,,,,,,,,,,,,,,,,,,,,,,,TN
2096,85f3a9a2a4155f207064d78c57f79611f7332287,0.19136918210573883,autoland,3779647,13,a34e21034f2e3c317ebb3d485012938d48ad04ac,macosx1015-64-shippable-qr,True,False,,|f|i|s|s|i|o|n| |w|a|r|m| |w|e|b|r|e|n|d|e|r|,102210fe594ee9b33d82058545b1ed14f4c8206e,PerceptualSpeedIndex,google-docs,True,google-docs PerceptualSpeedIndex opt fission warm webrender,,77,ms,firefox,448761962.0,1849940052,2024-02-28 08:18:18,1383612,,,,,,,,,,,,,,,,,,,,,,,,,,,,,,,,,,,,,,,,,,,,,,,,,TN
2097,2356949f5c6d9a4f229d012051bac51b3eb83aec,0.1857207410754631,autoland,3779647,13,a34e21034f2e3c317ebb3d485012938d48ad04ac,macosx1015-64-shippable-qr,True,False,,|f|i|s|s|i|o|n| |w|a|r|m| |w|e|b|r|e|n|d|e|r|,102210fe594ee9b33d82058545b1ed14f4c8206e,PerceptualSpeedIndex,google-docs,True,google-docs PerceptualSpeedIndex opt fission warm webrender,,77,ms,firefox,448798483.0,1850013587,2024-02-28 12:53:19,1383715,,,,,,,,,,,,,,,,,,,,,,,,,,,,,,,,,,,,,,,,,,,,,,,,,TN
2098,6583cb878dec05576053eaa9368a4eb5bbbbbedc,0.18097605061003152,autoland,3779647,13,a34e21034f2e3c317ebb3d485012938d48ad04ac,macosx1015-64-shippable-qr,True,False,,|f|i|s|s|i|o|n| |w|a|r|m| |w|e|b|r|e|n|d|e|r|,102210fe594ee9b33d82058545b1ed14f4c8206e,PerceptualSpeedIndex,google-docs,True,google-docs PerceptualSpeedIndex opt fission warm webrender,,77,ms,firefox,448800210.0,1850021510,2024-02-28 14:06:22,1383751,,,,,,,,,,,,,,,,,,,,,,,,,,,,,,,,,,,,,,,,,,,,,,,,,TN
2099,3f69b2549451d64ce2da31b3073267541ae38398,0.2731586082241302,autoland,3779647,13,a34e21034f2e3c317ebb3d485012938d48ad04ac,macosx1015-64-shippable-qr,True,False,,|f|i|s|s|i|o|n| |w|a|r|m| |w|e|b|r|e|n|d|e|r|,102210fe594ee9b33d82058545b1ed14f4c8206e,PerceptualSpeedIndex,google-docs,True,google-docs PerceptualSpeedIndex opt fission warm webrender,,77,ms,firefox,448904687.0,1850416989,2024-02-28 16:55:42,1383877,,,,,,,,,,,,,,,,,,,,,,,,,,,,,,,,,,,,,,,,,,,,,,,,,TN
2100,b281b2ba71defd226d3230f9c164786827f3de70,0.21464075915047465,autoland,3779647,13,a34e21034f2e3c317ebb3d485012938d48ad04ac,macosx1015-64-shippable-qr,True,False,,|f|i|s|s|i|o|n| |w|a|r|m| |w|e|b|r|e|n|d|e|r|,102210fe594ee9b33d82058545b1ed14f4c8206e,PerceptualSpeedIndex,google-docs,True,google-docs PerceptualSpeedIndex opt fission warm webrender,,77,ms,firefox,448904683.0,1850417014,2024-02-28 17:06:06,1383880,,,,,,,,,,,,,,,,,,,,,,,,,,,,,,,,,,,,,,,,,,,,,,,,,TN
2101,32ca524f7abf0664a2f0d882868c3e913297f446,0.20063262539539095,autoland,3779647,13,a34e21034f2e3c317ebb3d485012938d48ad04ac,macosx1015-64-shippable-qr,True,False,,|f|i|s|s|i|o|n| |w|a|r|m| |w|e|b|r|e|n|d|e|r|,102210fe594ee9b33d82058545b1ed14f4c8206e,PerceptualSpeedIndex,google-docs,True,google-docs PerceptualSpeedIndex opt fission warm webrender,,77,ms,firefox,448822179.0,1850120649,2024-02-28 17:56:27,1383890,,,,,,,,,,,,,,,,,,,,,,,,,,,,,,,,,,,,,,,,,,,,,,,,,TN
2102,da466faa7aee60bdeeca32b0767a1f0b9b964272,0.1674197921373699,autoland,3779647,13,a34e21034f2e3c317ebb3d485012938d48ad04ac,macosx1015-64-shippable-qr,True,False,,|f|i|s|s|i|o|n| |w|a|r|m| |w|e|b|r|e|n|d|e|r|,102210fe594ee9b33d82058545b1ed14f4c8206e,PerceptualSpeedIndex,google-docs,True,google-docs PerceptualSpeedIndex opt fission warm webrender,,77,ms,firefox,448877890.0,1850294080,2024-02-28 20:42:42,1384009,,,,,,,,,,,,,,,,,,,,,,,,,,,,,,,,,,,,,,,,,,,,,,,,,TN
2103,cbef4527f79aadfe5c4dd940effe9b01df8734b1,0.1825576140985088,autoland,3779647,13,a34e21034f2e3c317ebb3d485012938d48ad04ac,macosx1015-64-shippable-qr,True,False,,|f|i|s|s|i|o|n| |w|a|r|m| |w|e|b|r|e|n|d|e|r|,102210fe594ee9b33d82058545b1ed14f4c8206e,PerceptualSpeedIndex,google-docs,True,google-docs PerceptualSpeedIndex opt fission warm webrender,,77,ms,firefox,448899537.0,1850379493,2024-02-29 00:51:41,1384174,,,,,,,,,,,,,,,,,,,,,,,,,,,,,,,,,,,,,,,,,,,,,,,,,TN
2104,f21a5f54b6ecffa5b49d4944c32c752ea622e3c6,0.20695887934929957,autoland,3779647,13,a34e21034f2e3c317ebb3d485012938d48ad04ac,macosx1015-64-shippable-qr,True,False,,|f|i|s|s|i|o|n| |w|a|r|m| |w|e|b|r|e|n|d|e|r|,102210fe594ee9b33d82058545b1ed14f4c8206e,PerceptualSpeedIndex,google-docs,True,google-docs PerceptualSpeedIndex opt fission warm webrender,,77,ms,firefox,448900601.0,1850382758,2024-02-29 01:20:40,1384182,,,,,,,,,,,,,,,,,,,,,,,,,,,,,,,,,,,,,,,,,,,,,,,,,TN
2105,64915858a170d28a53a5fecf27f85f9c633ec87f,0.30366018978761855,autoland,3779647,13,a34e21034f2e3c317ebb3d485012938d48ad04ac,macosx1015-64-shippable-qr,True,False,,|f|i|s|s|i|o|n| |w|a|r|m| |w|e|b|r|e|n|d|e|r|,102210fe594ee9b33d82058545b1ed14f4c8206e,PerceptualSpeedIndex,google-docs,True,google-docs PerceptualSpeedIndex opt fission warm webrender,,77,ms,firefox,449058521.0,1851157797,2024-02-29 02:29:01,1384204,,,,,,,,,,,,,,,,,,,,,,,,,,,,,,,,,,,,,,,,,,,,,,,,,TN
2106,5640911065b0971e369a205bd76962548ee3cab6,0.1789426118391324,autoland,3779647,13,a34e21034f2e3c317ebb3d485012938d48ad04ac,macosx1015-64-shippable-qr,True,False,,|f|i|s|s|i|o|n| |w|a|r|m| |w|e|b|r|e|n|d|e|r|,102210fe594ee9b33d82058545b1ed14f4c8206e,PerceptualSpeedIndex,google-docs,True,google-docs PerceptualSpeedIndex opt fission warm webrender,,77,ms,firefox,449058422.0,1851155114,2024-02-29 02:49:12,1384218,,,,,,,,,,,,,,,,,,,,,,,,,,,,,,,,,,,,,,,,,,,,,,,,,TN
2107,6221fa04fb58c3a8e527a7a91edc5d9b2e754f18,0.1956619972887481,autoland,3779647,13,a34e21034f2e3c317ebb3d485012938d48ad04ac,macosx1015-64-shippable-qr,True,False,,|f|i|s|s|i|o|n| |w|a|r|m| |w|e|b|r|e|n|d|e|r|,102210fe594ee9b33d82058545b1ed14f4c8206e,PerceptualSpeedIndex,google-docs,True,google-docs PerceptualSpeedIndex opt fission warm webrender,,77,ms,firefox,449255062.0,1851930213,2024-02-29 09:18:47,1384385,,,,,,,,,,,,,,,,,,,,,,,,,,,,,,,,,,,,,,,,,,,,,,,,,TN
2108,dc9879eee35b3acad421c7071b0d773fe9469916,0.1624491640307275,autoland,3779647,13,a34e21034f2e3c317ebb3d485012938d48ad04ac,macosx1015-64-shippable-qr,True,False,,|f|i|s|s|i|o|n| |w|a|r|m| |w|e|b|r|e|n|d|e|r|,102210fe594ee9b33d82058545b1ed14f4c8206e,PerceptualSpeedIndex,google-docs,True,google-docs PerceptualSpeedIndex opt fission warm webrender,,77,ms,firefox,449254943.0,1851930021,2024-02-29 09:49:27,1384390,,,,,,,,,,,,,,,,,,,,,,,,,,,,,,,,,,,,,,,,,,,,,,,,,TN
2109,f3dab553f9484c6cfbae7a3dd05736958b2c9b5a,0.17419792137370083,autoland,3779647,13,a34e21034f2e3c317ebb3d485012938d48ad04ac,macosx1015-64-shippable-qr,True,False,,|f|i|s|s|i|o|n| |w|a|r|m| |w|e|b|r|e|n|d|e|r|,102210fe594ee9b33d82058545b1ed14f4c8206e,PerceptualSpeedIndex,google-docs,True,google-docs PerceptualSpeedIndex opt fission warm webrender,,77,ms,firefox,449254377.0,1851929626,2024-02-29 10:01:33,1384392,,,,,,,,,,,,,,,,,,,,,,,,,,,,,,,,,,,,,,,,,,,,,,,,,TN
2110,69830d7bb58d442eeb9bb86594656ae61730d47e,0.16199728874830543,autoland,3779647,13,a34e21034f2e3c317ebb3d485012938d48ad04ac,macosx1015-64-shippable-qr,True,False,,|f|i|s|s|i|o|n| |w|a|r|m| |w|e|b|r|e|n|d|e|r|,102210fe594ee9b33d82058545b1ed14f4c8206e,PerceptualSpeedIndex,google-docs,True,google-docs PerceptualSpeedIndex opt fission warm webrender,,77,ms,firefox,449273539.0,1851980459,2024-02-29 10:13:26,1384393,,,,,,,,,,,,,,,,,,,,,,,,,,,,,,,,,,,,,,,,,,,,,,,,,TN
2111,fbb087d5e5b8af76523b084cba81dc1be84c7fb4,0.1753276095797558,autoland,3779647,13,a34e21034f2e3c317ebb3d485012938d48ad04ac,macosx1015-64-shippable-qr,True,False,,|f|i|s|s|i|o|n| |w|a|r|m| |w|e|b|r|e|n|d|e|r|,102210fe594ee9b33d82058545b1ed14f4c8206e,PerceptualSpeedIndex,google-docs,True,google-docs PerceptualSpeedIndex opt fission warm webrender,,77,ms,firefox,448945315.0,1850627366,2024-02-29 10:50:05,1384399,,,,,,,,,,,,,,,,,,,,,,,,,,,,,,,,,,,,,,,,,,,,,,,,,TN
2112,f4eb76daa6742665322e599161ee5d5c9cadea89,0.18368730230456398,autoland,3779647,13,a34e21034f2e3c317ebb3d485012938d48ad04ac,macosx1015-64-shippable-qr,True,False,,|f|i|s|s|i|o|n| |w|a|r|m| |w|e|b|r|e|n|d|e|r|,102210fe594ee9b33d82058545b1ed14f4c8206e,PerceptualSpeedIndex,google-docs,True,google-docs PerceptualSpeedIndex opt fission warm webrender,,77,ms,firefox,449275042.0,1851984291,2024-02-29 11:01:44,1384400,,,,,,,,,,,,,,,,,,,,,,,,,,,,,,,,,,,,,,,,,,,,,,,,,TN
2113,a75137d48b997b9a72dbd81c2e4b814cb7ee0f73,0.18888386805241741,autoland,3779647,13,a34e21034f2e3c317ebb3d485012938d48ad04ac,macosx1015-64-shippable-qr,True,False,,|f|i|s|s|i|o|n| |w|a|r|m| |w|e|b|r|e|n|d|e|r|,102210fe594ee9b33d82058545b1ed14f4c8206e,PerceptualSpeedIndex,google-docs,True,google-docs PerceptualSpeedIndex opt fission warm webrender,,77,ms,firefox,449273413.0,1851980373,2024-02-29 11:18:25,1384401,,,,,,,,,,,,,,,,,,,,,,,,,,,,,,,,,,,,,,,,,,,,,,,,,TN
2114,2f259801220c4aedd89487daae8eb702758fe144,0.18639855399909622,autoland,3779647,13,a34e21034f2e3c317ebb3d485012938d48ad04ac,macosx1015-64-shippable-qr,True,False,,|f|i|s|s|i|o|n| |w|a|r|m| |w|e|b|r|e|n|d|e|r|,102210fe594ee9b33d82058545b1ed14f4c8206e,PerceptualSpeedIndex,google-docs,True,google-docs PerceptualSpeedIndex opt fission warm webrender,,77,ms,firefox,449260348.0,1851961348,2024-02-29 13:16:49,1384412,,,,,,,,,,,,,,,,,,,,,,,,,,,,,,,,,,,,,,,,,,,,,,,,,TN
2115,f59d543c582d069461e8c1dd6996a42667872910,0.18436511522819687,autoland,3779647,13,a34e21034f2e3c317ebb3d485012938d48ad04ac,macosx1015-64-shippable-qr,True,False,,|f|i|s|s|i|o|n| |w|a|r|m| |w|e|b|r|e|n|d|e|r|,102210fe594ee9b33d82058545b1ed14f4c8206e,PerceptualSpeedIndex,google-docs,True,google-docs PerceptualSpeedIndex opt fission warm webrender,,77,ms,firefox,449274516.0,1851982747,2024-02-29 13:21:55,1384413,,,,,,,,,,,,,,,,,,,,,,,,,,,,,,,,,,,,,,,,,,,,,,,,,TN
2116,42781edfbf79030ca8e6f7c1584ebfc2bd31935c,0.1825576140985088,autoland,3779647,13,a34e21034f2e3c317ebb3d485012938d48ad04ac,macosx1015-64-shippable-qr,True,False,,|f|i|s|s|i|o|n| |w|a|r|m| |w|e|b|r|e|n|d|e|r|,102210fe594ee9b33d82058545b1ed14f4c8206e,PerceptualSpeedIndex,google-docs,True,google-docs PerceptualSpeedIndex opt fission warm webrender,,77,ms,firefox,448964698.0,1850714491,2024-02-29 13:22:41,1384414,,,,,,,,,,,,,,,,,,,,,,,,,,,,,,,,,,,,,,,,,,,,,,,,,TN
2117,b7237bf9155ba6da911a49854c7d11a89004dc22,0.19114324446452757,autoland,3779647,13,a34e21034f2e3c317ebb3d485012938d48ad04ac,macosx1015-64-shippable-qr,True,False,,|f|i|s|s|i|o|n| |w|a|r|m| |w|e|b|r|e|n|d|e|r|,102210fe594ee9b33d82058545b1ed14f4c8206e,PerceptualSpeedIndex,google-docs,True,google-docs PerceptualSpeedIndex opt fission warm webrender,,77,ms,firefox,449255076.0,1851930329,2024-02-29 14:14:06,1384421,,,,,,,,,,,,,,,,,,,,,,,,,,,,,,,,,,,,,,,,,,,,,,,,,TN
2118,f8efbecda02eee7fbc6c37ca6aa17b70e135e833,0.19475824672390418,autoland,3779647,13,a34e21034f2e3c317ebb3d485012938d48ad04ac,macosx1015-64-shippable-qr,True,False,,|f|i|s|s|i|o|n| |w|a|r|m| |w|e|b|r|e|n|d|e|r|,102210fe594ee9b33d82058545b1ed14f4c8206e,PerceptualSpeedIndex,google-docs,True,google-docs PerceptualSpeedIndex opt fission warm webrender,,77,ms,firefox,449261394.0,1851961374,2024-02-29 15:16:42,1384634,,,,,,,,,,,,,,,,,,,,,,,,,,,,,,,,,,,,,,,,,,,,,,,,,TN
2119,511874307bd1cf88840183b46801861861b635d2,0.17397198373249,autoland,3779647,13,a34e21034f2e3c317ebb3d485012938d48ad04ac,macosx1015-64-shippable-qr,True,False,,|f|i|s|s|i|o|n| |w|a|r|m| |w|e|b|r|e|n|d|e|r|,102210fe594ee9b33d82058545b1ed14f4c8206e,PerceptualSpeedIndex,google-docs,True,google-docs PerceptualSpeedIndex opt fission warm webrender,,77,ms,firefox,449272606.0,1851980322,2024-02-29 15:55:50,1384640,,,,,,,,,,,,,,,,,,,,,,,,,,,,,,,,,,,,,,,,,,,,,,,,,TN
2120,0deeb41b2f01c0566d42aea1d8c1b1cbfcb6cf55,0.16764572977858094,autoland,3779647,13,a34e21034f2e3c317ebb3d485012938d48ad04ac,macosx1015-64-shippable-qr,True,False,,|f|i|s|s|i|o|n| |w|a|r|m| |w|e|b|r|e|n|d|e|r|,102210fe594ee9b33d82058545b1ed14f4c8206e,PerceptualSpeedIndex,google-docs,True,google-docs PerceptualSpeedIndex opt fission warm webrender,,77,ms,firefox,449267057.0,1851968833,2024-02-29 16:01:32,1384644,,,,,,,,,,,,,,,,,,,,,,,,,,,,,,,,,,,,,,,,,,,,,,,,,TN
2121,d5890dcf62dcd77b162010ee752c449ca22d4e52,0.1678716674197922,autoland,3779647,13,a34e21034f2e3c317ebb3d485012938d48ad04ac,macosx1015-64-shippable-qr,True,False,,|f|i|s|s|i|o|n| |w|a|r|m| |w|e|b|r|e|n|d|e|r|,102210fe594ee9b33d82058545b1ed14f4c8206e,PerceptualSpeedIndex,google-docs,True,google-docs PerceptualSpeedIndex opt fission warm webrender,,77,ms,firefox,449266119.0,1851964599,2024-02-29 17:18:14,1384668,,,,,,,,,,,,,,,,,,,,,,,,,,,,,,,,,,,,,,,,,,,,,,,,,TN
2122,e594b8a45404bb3c1e37221eeea1b166cd5cde47,0.18481699051061895,autoland,3779647,13,a34e21034f2e3c317ebb3d485012938d48ad04ac,macosx1015-64-shippable-qr,True,False,,|f|i|s|s|i|o|n| |w|a|r|m| |w|e|b|r|e|n|d|e|r|,102210fe594ee9b33d82058545b1ed14f4c8206e,PerceptualSpeedIndex,google-docs,True,google-docs PerceptualSpeedIndex opt fission warm webrender,,77,ms,firefox,449266267.0,1851966105,2024-02-29 17:19:39,1384669,,,,,,,,,,,,,,,,,,,,,,,,,,,,,,,,,,,,,,,,,,,,,,,,,TN
2123,4fde36e8266aa091b48cc6aa8ba4129b1739a64b,0.18413917758698606,autoland,3779647,13,a34e21034f2e3c317ebb3d485012938d48ad04ac,macosx1015-64-shippable-qr,True,False,,|f|i|s|s|i|o|n| |w|a|r|m| |w|e|b|r|e|n|d|e|r|,102210fe594ee9b33d82058545b1ed14f4c8206e,PerceptualSpeedIndex,google-docs,True,google-docs PerceptualSpeedIndex opt fission warm webrender,,77,ms,firefox,449256813.0,1851937999,2024-02-29 17:21:21,1384670,,,,,,,,,,,,,,,,,,,,,,,,,,,,,,,,,,,,,,,,,,,,,,,,,TN
2124,227cb48886216e8eeda3e75d29f7f8017242805c,0.17713511070944432,autoland,3779647,13,a34e21034f2e3c317ebb3d485012938d48ad04ac,macosx1015-64-shippable-qr,True,False,,|f|i|s|s|i|o|n| |w|a|r|m| |w|e|b|r|e|n|d|e|r|,102210fe594ee9b33d82058545b1ed14f4c8206e,PerceptualSpeedIndex,google-docs,True,google-docs PerceptualSpeedIndex opt fission warm webrender,,77,ms,firefox,449263550.0,1851961475,2024-02-29 17:23:19,1384671,,,,,,,,,,,,,,,,,,,,,,,,,,,,,,,,,,,,,,,,,,,,,,,,,TN
2125,d4c327b25a3d462c7c80904e56bd6588b869ca5d,0.21802982376864,autoland,3779647,13,a34e21034f2e3c317ebb3d485012938d48ad04ac,macosx1015-64-shippable-qr,True,False,,|f|i|s|s|i|o|n| |w|a|r|m| |w|e|b|r|e|n|d|e|r|,102210fe594ee9b33d82058545b1ed14f4c8206e,PerceptualSpeedIndex,google-docs,True,google-docs PerceptualSpeedIndex opt fission warm webrender,,77,ms,firefox,449264927.0,1851962453,2024-02-29 17:24:10,1384672,,,,,,,,,,,,,,,,,,,,,,,,,,,,,,,,,,,,,,,,,,,,,,,,,TN
2126,4b82553ad6abc0079d2d7a0642c099ca93d1d156,0.20972661545413462,autoland,3779647,13,a34e21034f2e3c317ebb3d485012938d48ad04ac,macosx1015-64-shippable-qr,True,False,,|f|i|s|s|i|o|n| |w|a|r|m| |w|e|b|r|e|n|d|e|r|,102210fe594ee9b33d82058545b1ed14f4c8206e,PerceptualSpeedIndex,google-docs,True,google-docs PerceptualSpeedIndex opt fission warm webrender,,77,ms,firefox,449032593.0,1851012023,2024-02-29 17:24:54,1384673,,,,,,,,,,,,,,,,,,,,,,,,,,,,,,,,,,,,,,,,,,,,,,,,,TN
2127,765b8e83f9f887f69c2a0e0df7c0ffa2c0c807b8,0.18323542702214168,autoland,3779647,13,a34e21034f2e3c317ebb3d485012938d48ad04ac,macosx1015-64-shippable-qr,True,False,,|f|i|s|s|i|o|n| |w|a|r|m| |w|e|b|r|e|n|d|e|r|,102210fe594ee9b33d82058545b1ed14f4c8206e,PerceptualSpeedIndex,google-docs,True,google-docs PerceptualSpeedIndex opt fission warm webrender,,77,ms,firefox,449276473.0,1851988359,2024-02-29 17:25:38,1384675,,,,,,,,,,,,,,,,,,,,,,,,,,,,,,,,,,,,,,,,,,,,,,,,,TN
2128,d19b5789ff7af715406b0b9f9524ba1b2fb41d70,0.17984636240397633,autoland,3779647,13,a34e21034f2e3c317ebb3d485012938d48ad04ac,macosx1015-64-shippable-qr,True,False,,|f|i|s|s|i|o|n| |w|a|r|m| |w|e|b|r|e|n|d|e|r|,102210fe594ee9b33d82058545b1ed14f4c8206e,PerceptualSpeedIndex,google-docs,True,google-docs PerceptualSpeedIndex opt fission warm webrender,,77,ms,firefox,449276018.0,1851987568,2024-02-29 17:26:43,1384676,,,,,,,,,,,,,,,,,,,,,,,,,,,,,,,,,,,,,,,,,,,,,,,,,TN
2129,aff056572c2790f447e93d3839f4ac7a61aa4b8f,0.1592860370537732,autoland,3779647,13,a34e21034f2e3c317ebb3d485012938d48ad04ac,macosx1015-64-shippable-qr,True,False,,|f|i|s|s|i|o|n| |w|a|r|m| |w|e|b|r|e|n|d|e|r|,102210fe594ee9b33d82058545b1ed14f4c8206e,PerceptualSpeedIndex,google-docs,True,google-docs PerceptualSpeedIndex opt fission warm webrender,,77,ms,firefox,449268521.0,1851971613,2024-02-29 17:27:26,1384677,,,,,,,,,,,,,,,,,,,,,,,,,,,,,,,,,,,,,,,,,,,,,,,,,TN
2130,7869cbb8ae9869b1b100dc0e212f982d5ae280eb,0.18052417532760967,autoland,3779647,13,a34e21034f2e3c317ebb3d485012938d48ad04ac,macosx1015-64-shippable-qr,True,False,,|f|i|s|s|i|o|n| |w|a|r|m| |w|e|b|r|e|n|d|e|r|,102210fe594ee9b33d82058545b1ed14f4c8206e,PerceptualSpeedIndex,google-docs,True,google-docs PerceptualSpeedIndex opt fission warm webrender,,77,ms,firefox,449255796.0,1851931949,2024-02-29 17:28:17,1384679,,,,,,,,,,,,,,,,,,,,,,,,,,,,,,,,,,,,,,,,,,,,,,,,,TN
2131,05cc50cadbeff0c566f3ea7cf16e1e2b4f906144,0.19069136918210572,autoland,3779647,13,a34e21034f2e3c317ebb3d485012938d48ad04ac,macosx1015-64-shippable-qr,True,False,,|f|i|s|s|i|o|n| |w|a|r|m| |w|e|b|r|e|n|d|e|r|,102210fe594ee9b33d82058545b1ed14f4c8206e,PerceptualSpeedIndex,google-docs,True,google-docs PerceptualSpeedIndex opt fission warm webrender,,77,ms,firefox,449256763.0,1851934860,2024-02-29 17:30:55,1384680,,,,,,,,,,,,,,,,,,,,,,,,,,,,,,,,,,,,,,,,,,,,,,,,,TN
2132,636cf8095a0f42555363480bc387b9a5aad03efe,0.1814279258924536,autoland,3779647,13,a34e21034f2e3c317ebb3d485012938d48ad04ac,macosx1015-64-shippable-qr,True,False,,|f|i|s|s|i|o|n| |w|a|r|m| |w|e|b|r|e|n|d|e|r|,102210fe594ee9b33d82058545b1ed14f4c8206e,PerceptualSpeedIndex,google-docs,True,google-docs PerceptualSpeedIndex opt fission warm webrender,,77,ms,firefox,449032787.0,1851024006,2024-02-29 17:36:34,1384681,,,,,,,,,,,,,,,,,,,,,,,,,,,,,,,,,,,,,,,,,,,,,,,,,TN
2133,e31b2f51bdd2bc06dc45bde72f6e555cd7b0ba0e,0.1893357433348395,autoland,3779647,13,a34e21034f2e3c317ebb3d485012938d48ad04ac,macosx1015-64-shippable-qr,True,False,,|f|i|s|s|i|o|n| |w|a|r|m| |w|e|b|r|e|n|d|e|r|,102210fe594ee9b33d82058545b1ed14f4c8206e,PerceptualSpeedIndex,google-docs,True,google-docs PerceptualSpeedIndex opt fission warm webrender,,77,ms,firefox,449256716.0,1851932677,2024-02-29 19:52:04,1384753,,,,,,,,,,,,,,,,,,,,,,,,,,,,,,,,,,,,,,,,,,,,,,,,,TN
2134,e8d20bbb8f68d4ca8c95149f865c6a99afd4edca,0.1900135562584726,autoland,3779647,13,a34e21034f2e3c317ebb3d485012938d48ad04ac,macosx1015-64-shippable-qr,True,False,,|f|i|s|s|i|o|n| |w|a|r|m| |w|e|b|r|e|n|d|e|r|,102210fe594ee9b33d82058545b1ed14f4c8206e,PerceptualSpeedIndex,google-docs,True,google-docs PerceptualSpeedIndex opt fission warm webrender,,77,ms,firefox,449257307.0,1851947401,2024-02-29 19:56:28,1384758,,,,,,,,,,,,,,,,,,,,,,,,,,,,,,,,,,,,,,,,,,,,,,,,,TN
2135,61835ebbcf3182d008584d161aed079a7f729738,0.2663804789877995,autoland,3779647,13,a34e21034f2e3c317ebb3d485012938d48ad04ac,macosx1015-64-shippable-qr,True,False,,|f|i|s|s|i|o|n| |w|a|r|m| |w|e|b|r|e|n|d|e|r|,102210fe594ee9b33d82058545b1ed14f4c8206e,PerceptualSpeedIndex,google-docs,True,google-docs PerceptualSpeedIndex opt fission warm webrender,,77,ms,firefox,449263012.0,1851961316,2024-02-29 20:11:35,1384771,,,,,,,,,,,,,,,,,,,,,,,,,,,,,,,,,,,,,,,,,,,,,,,,,TN
2136,b80118ceef958531ef4972eed8ec1b19535e9b55,0.18594667871667414,autoland,3779647,13,a34e21034f2e3c317ebb3d485012938d48ad04ac,macosx1015-64-shippable-qr,True,False,,|f|i|s|s|i|o|n| |w|a|r|m| |w|e|b|r|e|n|d|e|r|,102210fe594ee9b33d82058545b1ed14f4c8206e,PerceptualSpeedIndex,google-docs,True,google-docs PerceptualSpeedIndex opt fission warm webrender,,77,ms,firefox,449268893.0,1851973570,2024-02-29 20:47:08,1384781,,,,,,,,,,,,,,,,,,,,,,,,,,,,,,,,,,,,,,,,,,,,,,,,,TN
2137,c6298d950fc5558994fdca6a83eb8215952d0465,0.19905106190691346,autoland,3779647,13,a34e21034f2e3c317ebb3d485012938d48ad04ac,macosx1015-64-shippable-qr,True,False,,|f|i|s|s|i|o|n| |w|a|r|m| |w|e|b|r|e|n|d|e|r|,102210fe594ee9b33d82058545b1ed14f4c8206e,PerceptualSpeedIndex,google-docs,True,google-docs PerceptualSpeedIndex opt fission warm webrender,,77,ms,firefox,449268899.0,1851973652,2024-02-29 21:09:45,1384785,,,,,,,,,,,,,,,,,,,,,,,,,,,,,,,,,,,,,,,,,,,,,,,,,TN
2138,9da201be1e1d86358cbd681f2e0a3d220f7f8654,0.17374604609127875,autoland,3779647,13,a34e21034f2e3c317ebb3d485012938d48ad04ac,macosx1015-64-shippable-qr,True,False,,|f|i|s|s|i|o|n| |w|a|r|m| |w|e|b|r|e|n|d|e|r|,102210fe594ee9b33d82058545b1ed14f4c8206e,PerceptualSpeedIndex,google-docs,True,google-docs PerceptualSpeedIndex opt fission warm webrender,,77,ms,firefox,449257360.0,1851948157,2024-02-29 21:13:30,1384787,,,,,,,,,,,,,,,,,,,,,,,,,,,,,,,,,,,,,,,,,,,,,,,,,TN
2139,06e78822dc0362c41dfe509b6195d46193bc46f7,0.17510167193854498,autoland,3779647,13,a34e21034f2e3c317ebb3d485012938d48ad04ac,macosx1015-64-shippable-qr,True,False,,|f|i|s|s|i|o|n| |w|a|r|m| |w|e|b|r|e|n|d|e|r|,102210fe594ee9b33d82058545b1ed14f4c8206e,PerceptualSpeedIndex,google-docs,True,google-docs PerceptualSpeedIndex opt fission warm webrender,,77,ms,firefox,449256817.0,1851938437,2024-02-29 21:14:23,1384788,,,,,,,,,,,,,,,,,,,,,,,,,,,,,,,,,,,,,,,,,,,,,,,,,TN
2140,1da5476041673aa7d343a647c5ada8a095ea9cf0,0.29868956168097593,autoland,3779647,13,a34e21034f2e3c317ebb3d485012938d48ad04ac,macosx1015-64-shippable-qr,True,False,,|f|i|s|s|i|o|n| |w|a|r|m| |w|e|b|r|e|n|d|e|r|,102210fe594ee9b33d82058545b1ed14f4c8206e,PerceptualSpeedIndex,google-docs,True,google-docs PerceptualSpeedIndex opt fission warm webrender,,77,ms,firefox,449265160.0,1851963063,2024-02-29 21:25:17,1384789,,,,,,,,,,,,,,,,,,,,,,,,,,,,,,,,,,,,,,,,,,,,,,,,,TN
2141,1a461feeeb4e7725855a242023e45625b9bddae4,0.22158834161771335,autoland,3779647,13,a34e21034f2e3c317ebb3d485012938d48ad04ac,macosx1015-64-shippable-qr,True,False,,|f|i|s|s|i|o|n| |w|a|r|m| |w|e|b|r|e|n|d|e|r|,102210fe594ee9b33d82058545b1ed14f4c8206e,PerceptualSpeedIndex,google-docs,True,google-docs PerceptualSpeedIndex opt fission warm webrender,,77,ms,firefox,449036549.0,1851034049,2024-02-29 21:50:05,1384804,,,,,,,,,,,,,,,,,,,,,,,,,,,,,,,,,,,,,,,,,,,,,,,,,TN
2142,415f94176c1508d1acb91186346a42009b378ca7,0.17329417080885667,autoland,3779647,13,a34e21034f2e3c317ebb3d485012938d48ad04ac,macosx1015-64-shippable-qr,True,False,,|f|i|s|s|i|o|n| |w|a|r|m| |w|e|b|r|e|n|d|e|r|,102210fe594ee9b33d82058545b1ed14f4c8206e,PerceptualSpeedIndex,google-docs,True,google-docs PerceptualSpeedIndex opt fission warm webrender,,77,ms,firefox,449039736.0,1851045745,2024-02-29 21:57:41,1384812,,,,,,,,,,,,,,,,,,,,,,,,,,,,,,,,,,,,,,,,,,,,,,,,,TN
2143,3ed1cc3830b2bb116e2875dedadc6ea20235768a,0.20582919114324438,autoland,3779647,13,a34e21034f2e3c317ebb3d485012938d48ad04ac,macosx1015-64-shippable-qr,True,False,,|f|i|s|s|i|o|n| |w|a|r|m| |w|e|b|r|e|n|d|e|r|,102210fe594ee9b33d82058545b1ed14f4c8206e,PerceptualSpeedIndex,google-docs,True,google-docs PerceptualSpeedIndex opt fission warm webrender,,77,ms,firefox,449055660.0,1851122296,2024-03-01 02:06:20,1385033,,,,,,,,,,,,,,,,,,,,,,,,,,,,,,,,,,,,,,,,,,,,,,,,,TN
2144,c726403b9a5aaed84563fd210952c3858369c756,0.17442385901491186,autoland,3779647,13,a34e21034f2e3c317ebb3d485012938d48ad04ac,macosx1015-64-shippable-qr,True,False,,|f|i|s|s|i|o|n| |w|a|r|m| |w|e|b|r|e|n|d|e|r|,102210fe594ee9b33d82058545b1ed14f4c8206e,PerceptualSpeedIndex,google-docs,True,google-docs PerceptualSpeedIndex opt fission warm webrender,,77,ms,firefox,449055391.0,1851115924,2024-03-01 02:09:48,1385038,,,,,,,,,,,,,,,,,,,,,,,,,,,,,,,,,,,,,,,,,,,,,,,,,TN
2145,b921bb1aee11c101ece321f78bcc56942889bac9,0.19023949389968364,autoland,3779647,13,a34e21034f2e3c317ebb3d485012938d48ad04ac,macosx1015-64-shippable-qr,True,False,,|f|i|s|s|i|o|n| |w|a|r|m| |w|e|b|r|e|n|d|e|r|,102210fe594ee9b33d82058545b1ed14f4c8206e,PerceptualSpeedIndex,google-docs,True,google-docs PerceptualSpeedIndex opt fission warm webrender,,77,ms,firefox,449097197.0,1851301766,2024-03-01 11:09:10,1385336,,,,,,,,,,,,,,,,,,,,,,,,,,,,,,,,,,,,,,,,,,,,,,,,,TN
2146,ab2f491c1f6a1907e3cd7de371a27940c1b7ae66,0.20989606868504285,autoland,3779647,13,a34e21034f2e3c317ebb3d485012938d48ad04ac,macosx1015-64-shippable-qr,True,False,,|f|i|s|s|i|o|n| |w|a|r|m| |w|e|b|r|e|n|d|e|r|,102210fe594ee9b33d82058545b1ed14f4c8206e,PerceptualSpeedIndex,google-docs,True,google-docs PerceptualSpeedIndex opt fission warm webrender,,77,ms,firefox,449144175.0,1851438564,2024-03-01 15:15:21,1385464,,,,,,,,,,,,,,,,,,,,,,,,,,,,,,,,,,,,,,,,,,,,,,,,,TN
2147,179ceb82c9e5e6619e0a43e7c9a8682bff1f55ac,0.1868504292815183,autoland,3779647,13,a34e21034f2e3c317ebb3d485012938d48ad04ac,macosx1015-64-shippable-qr,True,False,,|f|i|s|s|i|o|n| |w|a|r|m| |w|e|b|r|e|n|d|e|r|,102210fe594ee9b33d82058545b1ed14f4c8206e,PerceptualSpeedIndex,google-docs,True,google-docs PerceptualSpeedIndex opt fission warm webrender,,77,ms,firefox,449144515.0,1851448997,2024-03-01 15:18:33,1385469,,,,,,,,,,,,,,,,,,,,,,,,,,,,,,,,,,,,,,,,,,,,,,,,,TN
2148,c12ee5058abff427e2fd65f86c453b2c0ef5c315,0.19927699954812472,autoland,3779647,13,a34e21034f2e3c317ebb3d485012938d48ad04ac,macosx1015-64-shippable-qr,True,False,,|f|i|s|s|i|o|n| |w|a|r|m| |w|e|b|r|e|n|d|e|r|,102210fe594ee9b33d82058545b1ed14f4c8206e,PerceptualSpeedIndex,google-docs,True,google-docs PerceptualSpeedIndex opt fission warm webrender,,77,ms,firefox,449160851.0,1851516502,2024-03-01 19:33:22,1385653,,,,,,,,,,,,,,,,,,,,,,,,,,,,,,,,,,,,,,,,,,,,,,,,,TN
2149,ac7b674e512d88788161e657fbc3371b8d955c65,0.16764572977858094,autoland,3779647,13,a34e21034f2e3c317ebb3d485012938d48ad04ac,macosx1015-64-shippable-qr,True,False,,|f|i|s|s|i|o|n| |w|a|r|m| |w|e|b|r|e|n|d|e|r|,102210fe594ee9b33d82058545b1ed14f4c8206e,PerceptualSpeedIndex,google-docs,True,google-docs PerceptualSpeedIndex opt fission warm webrender,,77,ms,firefox,449196897.0,1851664546,2024-03-02 08:44:09,1385889,,,,,,,,,,,,,,,,,,,,,,,,,,,,,,,,,,,,,,,,,,,,,,,,,TN
2150,6263d391d703f61cfd3ddbb3791adc628a603520,0.2953004970628106,autoland,3779647,13,a34e21034f2e3c317ebb3d485012938d48ad04ac,macosx1015-64-shippable-qr,True,False,,|f|i|s|s|i|o|n| |w|a|r|m| |w|e|b|r|e|n|d|e|r|,102210fe594ee9b33d82058545b1ed14f4c8206e,PerceptualSpeedIndex,google-docs,True,google-docs PerceptualSpeedIndex opt fission warm webrender,,77,ms,firefox,449218809.0,1851749973,2024-03-02 12:50:07,1385922,,,,,,,,,,,,,,,,,,,,,,,,,,,,,,,,,,,,,,,,,,,,,,,,,TN
2151,a2ddc20095d176734a72080712b366c74a36c934,0.18391323994577502,autoland,3779647,13,a34e21034f2e3c317ebb3d485012938d48ad04ac,macosx1015-64-shippable-qr,True,False,,|f|i|s|s|i|o|n| |w|a|r|m| |w|e|b|r|e|n|d|e|r|,102210fe594ee9b33d82058545b1ed14f4c8206e,PerceptualSpeedIndex,google-docs,True,google-docs PerceptualSpeedIndex opt fission warm webrender,,77,ms,firefox,449248737.0,1851901192,2024-03-02 18:47:19,1385949,,,,,,,,,,,,,,,,,,,,,,,,,,,,,,,,,,,,,,,,,,,,,,,,,TN
2152,c5ddc3b211e53221a5b12ce6c8a5a523bba3641f,0.29914143696339823,autoland,3779647,13,a34e21034f2e3c317ebb3d485012938d48ad04ac,macosx1015-64-shippable-qr,True,False,,|f|i|s|s|i|o|n| |w|a|r|m| |w|e|b|r|e|n|d|e|r|,102210fe594ee9b33d82058545b1ed14f4c8206e,PerceptualSpeedIndex,google-docs,True,google-docs PerceptualSpeedIndex opt fission warm webrender,,77,ms,firefox,449278128.0,1851999041,2024-03-03 01:04:11,1385990,,,,,,,,,,,,,,,,,,,,,,,,,,,,,,,,,,,,,,,,,,,,,,,,,TN
2153,62056fe89aac9d2f369746854f0e3a55ad7153d0,0.19905106190691346,autoland,3779647,13,a34e21034f2e3c317ebb3d485012938d48ad04ac,macosx1015-64-shippable-qr,True,False,,|f|i|s|s|i|o|n| |w|a|r|m| |w|e|b|r|e|n|d|e|r|,102210fe594ee9b33d82058545b1ed14f4c8206e,PerceptualSpeedIndex,google-docs,True,google-docs PerceptualSpeedIndex opt fission warm webrender,,77,ms,firefox,449314956.0,1852134947,2024-03-03 12:29:51,1386069,,,,,,,,,,,,,,,,,,,,,,,,,,,,,,,,,,,,,,,,,,,,,,,,,TN
2154,499cae53f42dfc8f376fd97d0a83c1f8e85e274c,0.2740623587889741,autoland,3779647,13,a34e21034f2e3c317ebb3d485012938d48ad04ac,macosx1015-64-shippable-qr,True,False,,|f|i|s|s|i|o|n| |w|a|r|m| |w|e|b|r|e|n|d|e|r|,102210fe594ee9b33d82058545b1ed14f4c8206e,PerceptualSpeedIndex,google-docs,True,google-docs PerceptualSpeedIndex opt fission warm webrender,,77,ms,firefox,449343136.0,1852230346,2024-03-04 01:21:19,1386148,,,,,,,,,,,,,,,,,,,,,,,,,,,,,,,,,,,,,,,,,,,,,,,,,TN
2155,79823348e9cf740dbe5ae11eb654b1a85ea0ecbc,0.17171260732037963,autoland,3779647,13,a34e21034f2e3c317ebb3d485012938d48ad04ac,macosx1015-64-shippable-qr,True,False,,|f|i|s|s|i|o|n| |w|a|r|m| |w|e|b|r|e|n|d|e|r|,102210fe594ee9b33d82058545b1ed14f4c8206e,PerceptualSpeedIndex,google-docs,True,google-docs PerceptualSpeedIndex opt fission warm webrender,,77,ms,firefox,449354002.0,1852285478,2024-03-04 06:32:50,1386182,,,,,,,,,,,,,,,,,,,,,,,,,,,,,,,,,,,,,,,,,,,,,,,,,TN
2156,54c13c0498731427f23aff4c7e87900a715761b0,0.2559873474920922,autoland,3779647,13,a34e21034f2e3c317ebb3d485012938d48ad04ac,macosx1015-64-shippable-qr,True,False,,|f|i|s|s|i|o|n| |w|a|r|m| |w|e|b|r|e|n|d|e|r|,102210fe594ee9b33d82058545b1ed14f4c8206e,PerceptualSpeedIndex,google-docs,True,google-docs PerceptualSpeedIndex opt fission warm webrender,,77,ms,firefox,449369534.0,1852373001,2024-03-04 08:48:22,1386226,,,,,,,,,,,,,,,,,,,,,,,,,,,,,,,,,,,,,,,,,,,,,,,,,TN
2157,938c019ec0d1f3f1c0932e575d8f9e9f4c387320,0.15499322187076348,autoland,3779647,13,a34e21034f2e3c317ebb3d485012938d48ad04ac,macosx1015-64-shippable-qr,True,False,,|f|i|s|s|i|o|n| |w|a|r|m| |w|e|b|r|e|n|d|e|r|,102210fe594ee9b33d82058545b1ed14f4c8206e,PerceptualSpeedIndex,google-docs,True,google-docs PerceptualSpeedIndex opt fission warm webrender,,77,ms,firefox,449416897.0,1852506988,2024-03-04 12:51:58,1386363,,,,,,,,,,,,,,,,,,,,,,,,,,,,,,,,,,,,,,,,,,,,,,,,,TN
2158,ebe362ea0bcdad9ff347eb250a8e26d408e47215,0.18820605512878452,autoland,3779647,13,a34e21034f2e3c317ebb3d485012938d48ad04ac,macosx1015-64-shippable-qr,True,False,,|f|i|s|s|i|o|n| |w|a|r|m| |w|e|b|r|e|n|d|e|r|,102210fe594ee9b33d82058545b1ed14f4c8206e,PerceptualSpeedIndex,google-docs,True,google-docs PerceptualSpeedIndex opt fission warm webrender,,77,ms,firefox,449549172.0,1853009953,2024-03-04 13:05:50,1386367,,,,,,,,,,,,,,,,,,,,,,,,,,,,,,,,,,,,,,,,,,,,,,,,,TN
2159,b277bde0552da0099eed99380ad5b8eaa6402a30,0.18594667871667414,autoland,3779647,13,a34e21034f2e3c317ebb3d485012938d48ad04ac,macosx1015-64-shippable-qr,True,False,,|f|i|s|s|i|o|n| |w|a|r|m| |w|e|b|r|e|n|d|e|r|,102210fe594ee9b33d82058545b1ed14f4c8206e,PerceptualSpeedIndex,google-docs,True,google-docs PerceptualSpeedIndex opt fission warm webrender,,77,ms,firefox,449545080.0,1852990643,2024-03-04 13:19:08,1386372,,,,,,,,,,,,,,,,,,,,,,,,,,,,,,,,,,,,,,,,,,,,,,,,,TN
2160,c90923a84670e17105b275c5be4a3c2842cb248e,0.18639855399909622,autoland,3779647,13,a34e21034f2e3c317ebb3d485012938d48ad04ac,macosx1015-64-shippable-qr,True,False,,|f|i|s|s|i|o|n| |w|a|r|m| |w|e|b|r|e|n|d|e|r|,102210fe594ee9b33d82058545b1ed14f4c8206e,PerceptualSpeedIndex,google-docs,True,google-docs PerceptualSpeedIndex opt fission warm webrender,,77,ms,firefox,449432327.0,1852540856,2024-03-04 14:27:11,1386418,,,,,,,,,,,,,,,,,,,,,,,,,,,,,,,,,,,,,,,,,,,,,,,,,TN
2161,6c8dfd2a5bcafec953d7303c1fc35ec76d05f6ac,0.19046543154089468,autoland,3779647,13,a34e21034f2e3c317ebb3d485012938d48ad04ac,macosx1015-64-shippable-qr,True,False,,|f|i|s|s|i|o|n| |w|a|r|m| |w|e|b|r|e|n|d|e|r|,102210fe594ee9b33d82058545b1ed14f4c8206e,PerceptualSpeedIndex,google-docs,True,google-docs PerceptualSpeedIndex opt fission warm webrender,,77,ms,firefox,449452509.0,1852620908,2024-03-04 16:31:41,1386528,,,,,,,,,,,,,,,,,,,,,,,,,,,,,,,,,,,,,,,,,,,,,,,,,TN
2162,430bda8b01b3b00b083a0034de19b12b032caf6b,0.1807501129688207,autoland,3779647,13,a34e21034f2e3c317ebb3d485012938d48ad04ac,macosx1015-64-shippable-qr,True,False,,|f|i|s|s|i|o|n| |w|a|r|m| |w|e|b|r|e|n|d|e|r|,102210fe594ee9b33d82058545b1ed14f4c8206e,PerceptualSpeedIndex,google-docs,True,google-docs PerceptualSpeedIndex opt fission warm webrender,,77,ms,firefox,449493968.0,1852816157,2024-03-04 20:31:42,1386698,,,,,,,,,,,,,,,,,,,,,,,,,,,,,,,,,,,,,,,,,,,,,,,,,TN
2163,5b706eb2187070200b3eecb6d99a95e750c3266e,0.21305919566199716,autoland,3779647,13,a34e21034f2e3c317ebb3d485012938d48ad04ac,macosx1015-64-shippable-qr,True,False,,|f|i|s|s|i|o|n| |w|a|r|m| |w|e|b|r|e|n|d|e|r|,102210fe594ee9b33d82058545b1ed14f4c8206e,PerceptualSpeedIndex,google-docs,True,google-docs PerceptualSpeedIndex opt fission warm webrender,,77,ms,firefox,449503869.0,1852837103,2024-03-04 21:16:05,1386717,,,,,,,,,,,,,,,,,,,,,,,,,,,,,,,,,,,,,,,,,,,,,,,,,TN
2164,2b54764bcf2909b800951938d1f6fd47752c91b6,0.19430637144148233,autoland,3779647,13,a34e21034f2e3c317ebb3d485012938d48ad04ac,macosx1015-64-shippable-qr,True,False,,|f|i|s|s|i|o|n| |w|a|r|m| |w|e|b|r|e|n|d|e|r|,102210fe594ee9b33d82058545b1ed14f4c8206e,PerceptualSpeedIndex,google-docs,True,google-docs PerceptualSpeedIndex opt fission warm webrender,,77,ms,firefox,449535354.0,1852903907,2024-03-05 01:28:34,1386871,,,,,,,,,,,,,,,,,,,,,,,,,,,,,,,,,,,,,,,,,,,,,,,,,TN
2165,61bb37d1ba16985ef9e5cd99cd02912849f743a3,0.3181201988251243,autoland,3779647,13,a34e21034f2e3c317ebb3d485012938d48ad04ac,macosx1015-64-shippable-qr,True,False,,|f|i|s|s|i|o|n| |w|a|r|m| |w|e|b|r|e|n|d|e|r|,102210fe594ee9b33d82058545b1ed14f4c8206e,PerceptualSpeedIndex,google-docs,True,google-docs PerceptualSpeedIndex opt fission warm webrender,,77,ms,firefox,449549957.0,1853016203,2024-03-05 05:25:14,1386945,,,,,,,,,,,,,,,,,,,,,,,,,,,,,,,,,,,,,,,,,,,,,,,,,TN
2166,20859a1f25eb48ec31fdd24c0552b9fa83c5dcf2,0.17849073655671033,autoland,3779647,13,a34e21034f2e3c317ebb3d485012938d48ad04ac,macosx1015-64-shippable-qr,True,False,,|f|i|s|s|i|o|n| |w|a|r|m| |w|e|b|r|e|n|d|e|r|,102210fe594ee9b33d82058545b1ed14f4c8206e,PerceptualSpeedIndex,google-docs,True,google-docs PerceptualSpeedIndex opt fission warm webrender,,77,ms,firefox,449578658.0,1853129521,2024-03-05 09:36:09,1387072,,,,,,,,,,,,,,,,,,,,,,,,,,,,,,,,,,,,,,,,,,,,,,,,,TN
2167,300643546ea85a42a1f88a11595ebbb0b7157128,0.17962042476276552,autoland,3779647,13,a34e21034f2e3c317ebb3d485012938d48ad04ac,macosx1015-64-shippable-qr,True,False,,|f|i|s|s|i|o|n| |w|a|r|m| |w|e|b|r|e|n|d|e|r|,102210fe594ee9b33d82058545b1ed14f4c8206e,PerceptualSpeedIndex,google-docs,True,google-docs PerceptualSpeedIndex opt fission warm webrender,,77,ms,firefox,449602217.0,1853184839,2024-03-05 11:43:18,1387157,,,,,,,,,,,,,,,,,,,,,,,,,,,,,,,,,,,,,,,,,,,,,,,,,TN
2168,ce04bfaf8a42c978750bbc90600639374bf1293a,0.22842295526434686,autoland,3779647,13,a34e21034f2e3c317ebb3d485012938d48ad04ac,macosx1015-64-shippable-qr,True,False,,|f|i|s|s|i|o|n| |w|a|r|m| |w|e|b|r|e|n|d|e|r|,102210fe594ee9b33d82058545b1ed14f4c8206e,PerceptualSpeedIndex,google-docs,True,google-docs PerceptualSpeedIndex opt fission warm webrender,,77,ms,firefox,449725074.0,1853621842,2024-03-05 13:23:13,1387210,,,,,,,,,,,,,,,,,,,,,,,,,,,,,,,,,,,,,,,,,,,,,,,,,TN
2169,33e78b58e39fe602a8fcc6ab12a2f2bc513b66e3,0.18820605512878452,autoland,3779647,13,a34e21034f2e3c317ebb3d485012938d48ad04ac,macosx1015-64-shippable-qr,True,False,,|f|i|s|s|i|o|n| |w|a|r|m| |w|e|b|r|e|n|d|e|r|,102210fe594ee9b33d82058545b1ed14f4c8206e,PerceptualSpeedIndex,google-docs,True,google-docs PerceptualSpeedIndex opt fission warm webrender,,77,ms,firefox,449725642.0,1853625150,2024-03-05 13:27:30,1387213,,,,,,,,,,,,,,,,,,,,,,,,,,,,,,,,,,,,,,,,,,,,,,,,,TN
2170,4132892d754dddce6198ca04a7119f25a8ebfa9e,0.15431540894713058,autoland,3779647,13,a34e21034f2e3c317ebb3d485012938d48ad04ac,macosx1015-64-shippable-qr,True,False,,|f|i|s|s|i|o|n| |w|a|r|m| |w|e|b|r|e|n|d|e|r|,102210fe594ee9b33d82058545b1ed14f4c8206e,PerceptualSpeedIndex,google-docs,True,google-docs PerceptualSpeedIndex opt fission warm webrender,,77,ms,firefox,449725963.0,1853630200,2024-03-05 14:21:00,1387261,,,,,,,,,,,,,,,,,,,,,,,,,,,,,,,,,,,,,,,,,,,,,,,,,TN
2171,a01a55c90524c2dd692e9c4343b58f8cf797775f,0.19091730682331676,autoland,3779647,13,a34e21034f2e3c317ebb3d485012938d48ad04ac,macosx1015-64-shippable-qr,True,False,,|f|i|s|s|i|o|n| |w|a|r|m| |w|e|b|r|e|n|d|e|r|,102210fe594ee9b33d82058545b1ed14f4c8206e,PerceptualSpeedIndex,google-docs,True,google-docs PerceptualSpeedIndex opt fission warm webrender,,77,ms,firefox,449726248.0,1853636252,2024-03-05 14:25:39,1387264,,,,,,,,,,,,,,,,,,,,,,,,,,,,,,,,,,,,,,,,,,,,,,,,,TN
2172,adf17fc47c84c0fa237aecff550ba42344a5c629,0.19023949389968364,autoland,3779647,13,a34e21034f2e3c317ebb3d485012938d48ad04ac,macosx1015-64-shippable-qr,True,False,,|f|i|s|s|i|o|n| |w|a|r|m| |w|e|b|r|e|n|d|e|r|,102210fe594ee9b33d82058545b1ed14f4c8206e,PerceptualSpeedIndex,google-docs,True,google-docs PerceptualSpeedIndex opt fission warm webrender,,77,ms,firefox,449630079.0,1853270993,2024-03-05 15:52:09,1387348,,,,,,,,,,,,,,,,,,,,,,,,,,,,,,,,,,,,,,,,,,,,,,,,,TN
2173,592e22279f895d585e8f156ec76d4ad64c779ad0,0.1692272932670582,autoland,3779647,13,a34e21034f2e3c317ebb3d485012938d48ad04ac,macosx1015-64-shippable-qr,True,False,,|f|i|s|s|i|o|n| |w|a|r|m| |w|e|b|r|e|n|d|e|r|,102210fe594ee9b33d82058545b1ed14f4c8206e,PerceptualSpeedIndex,google-docs,True,google-docs PerceptualSpeedIndex opt fission warm webrender,,77,ms,firefox,449724868.0,1853615725,2024-03-05 18:29:32,1387494,,,,,,,,,,,,,,,,,,,,,,,,,,,,,,,,,,,,,,,,,,,,,,,,,TN
2174,867bf0a906009a7dd84967547a5fbb8e9bf6bb5f,0.1850429281518302,autoland,3779647,13,a34e21034f2e3c317ebb3d485012938d48ad04ac,macosx1015-64-shippable-qr,True,False,,|f|i|s|s|i|o|n| |w|a|r|m| |w|e|b|r|e|n|d|e|r|,102210fe594ee9b33d82058545b1ed14f4c8206e,PerceptualSpeedIndex,google-docs,True,google-docs PerceptualSpeedIndex opt fission warm webrender,,77,ms,firefox,449724071.0,1853613378,2024-03-05 18:30:41,1387498,,,,,,,,,,,,,,,,,,,,,,,,,,,,,,,,,,,,,,,,,,,,,,,,,TN
2175,b1dedc536b88c9f5c0e91eeb84892e9328eb67cb,0.17510167193854498,autoland,3779647,13,a34e21034f2e3c317ebb3d485012938d48ad04ac,macosx1015-64-shippable-qr,True,False,,|f|i|s|s|i|o|n| |w|a|r|m| |w|e|b|r|e|n|d|e|r|,102210fe594ee9b33d82058545b1ed14f4c8206e,PerceptualSpeedIndex,google-docs,True,google-docs PerceptualSpeedIndex opt fission warm webrender,,77,ms,firefox,449720167.0,1853578243,2024-03-05 18:33:24,1387501,,,,,,,,,,,,,,,,,,,,,,,,,,,,,,,,,,,,,,,,,,,,,,,,,TN
2176,8632754daac15f378926a4efb6bd274adfe643b3,0.18639855399909622,autoland,3779647,13,a34e21034f2e3c317ebb3d485012938d48ad04ac,macosx1015-64-shippable-qr,True,False,,|f|i|s|s|i|o|n| |w|a|r|m| |w|e|b|r|e|n|d|e|r|,102210fe594ee9b33d82058545b1ed14f4c8206e,PerceptualSpeedIndex,google-docs,True,google-docs PerceptualSpeedIndex opt fission warm webrender,,77,ms,firefox,449719939.0,1853574471,2024-03-05 18:34:14,1387502,,,,,,,,,,,,,,,,,,,,,,,,,,,,,,,,,,,,,,,,,,,,,,,,,TN
2177,c13ff57ddd8d6b9f971a631b45c6da97b3c14fb9,0.1671938544961591,autoland,3779647,13,a34e21034f2e3c317ebb3d485012938d48ad04ac,macosx1015-64-shippable-qr,True,False,,|f|i|s|s|i|o|n| |w|a|r|m| |w|e|b|r|e|n|d|e|r|,102210fe594ee9b33d82058545b1ed14f4c8206e,PerceptualSpeedIndex,google-docs,True,google-docs PerceptualSpeedIndex opt fission warm webrender,,77,ms,firefox,449664662.0,1853377348,2024-03-05 19:23:59,1387560,,,,,,,,,,,,,,,,,,,,,,,,,,,,,,,,,,,,,,,,,,,,,,,,,TN
2178,099f52f30c39008328dfbc02ff824310e082a8da,0.1735201084500677,autoland,3779647,13,a34e21034f2e3c317ebb3d485012938d48ad04ac,macosx1015-64-shippable-qr,True,False,,|f|i|s|s|i|o|n| |w|a|r|m| |w|e|b|r|e|n|d|e|r|,102210fe594ee9b33d82058545b1ed14f4c8206e,PerceptualSpeedIndex,google-docs,True,google-docs PerceptualSpeedIndex opt fission warm webrender,,77,ms,firefox,449687425.0,1853461612,2024-03-05 22:16:54,1387647,,,,,,,,,,,,,,,,,,,,,,,,,,,,,,,,,,,,,,,,,,,,,,,,,TN
2179,488c772c72746cdfbf99e927acee696c4d6a5aef,0.1875282422051514,autoland,3779647,13,a34e21034f2e3c317ebb3d485012938d48ad04ac,macosx1015-64-shippable-qr,True,False,,|f|i|s|s|i|o|n| |w|a|r|m| |w|e|b|r|e|n|d|e|r|,102210fe594ee9b33d82058545b1ed14f4c8206e,PerceptualSpeedIndex,google-docs,True,google-docs PerceptualSpeedIndex opt fission warm webrender,,77,ms,firefox,449713936.0,1853548494,2024-03-06 02:53:23,1387831,,,,,,,,,,,,,,,,,,,,,,,,,,,,,,,,,,,,,,,,,,,,,,,,,TN
2180,143c3925806ed35200c2a71e650e7e74f58520a7,0.203569814731134,autoland,3779647,13,a34e21034f2e3c317ebb3d485012938d48ad04ac,macosx1015-64-shippable-qr,True,False,,|f|i|s|s|i|o|n| |w|a|r|m| |w|e|b|r|e|n|d|e|r|,102210fe594ee9b33d82058545b1ed14f4c8206e,PerceptualSpeedIndex,google-docs,True,google-docs PerceptualSpeedIndex opt fission warm webrender,,77,ms,firefox,449794703.0,1853848053,2024-03-06 14:00:28,1388157,,,,,,,,,,,,,,,,,,,,,,,,,,,,,,,,,,,,,,,,,,,,,,,,,TN
2181,03e6d6ff8bde56b645cfbc34dee452ff375ff3ca,0.18594667871667414,autoland,3779647,13,a34e21034f2e3c317ebb3d485012938d48ad04ac,macosx1015-64-shippable-qr,True,False,,|f|i|s|s|i|o|n| |w|a|r|m| |w|e|b|r|e|n|d|e|r|,102210fe594ee9b33d82058545b1ed14f4c8206e,PerceptualSpeedIndex,google-docs,True,google-docs PerceptualSpeedIndex opt fission warm webrender,,77,ms,firefox,449833086.0,1854002434,2024-03-06 18:03:03,1388329,,,,,,,,,,,,,,,,,,,,,,,,,,,,,,,,,,,,,,,,,,,,,,,,,TN
2182,2a33c6ffb867576c11fa7edb2e13b7bf5b39d650,0.19453230908269314,autoland,3779647,13,a34e21034f2e3c317ebb3d485012938d48ad04ac,macosx1015-64-shippable-qr,True,False,,|f|i|s|s|i|o|n| |w|a|r|m| |w|e|b|r|e|n|d|e|r|,102210fe594ee9b33d82058545b1ed14f4c8206e,PerceptualSpeedIndex,google-docs,True,google-docs PerceptualSpeedIndex opt fission warm webrender,,77,ms,firefox,449897086.0,1854320576,2024-03-06 18:04:52,1388332,,,,,,,,,,,,,,,,,,,,,,,,,,,,,,,,,,,,,,,,,,,,,,,,,TN
2183,f408182c4687f0490084c35cc766e637d0bdfd0f,0.18549480343425206,autoland,3779647,13,a34e21034f2e3c317ebb3d485012938d48ad04ac,macosx1015-64-shippable-qr,True,False,,|f|i|s|s|i|o|n| |w|a|r|m| |w|e|b|r|e|n|d|e|r|,102210fe594ee9b33d82058545b1ed14f4c8206e,PerceptualSpeedIndex,google-docs,True,google-docs PerceptualSpeedIndex opt fission warm webrender,,77,ms,firefox,449834228.0,1854015783,2024-03-06 18:05:41,1388333,,,,,,,,,,,,,,,,,,,,,,,,,,,,,,,,,,,,,,,,,,,,,,,,,TN
2184,cbcc69d30489c534df28a444097bd87fcf8d8352,0.2941708088567554,autoland,3779647,13,a34e21034f2e3c317ebb3d485012938d48ad04ac,macosx1015-64-shippable-qr,True,False,,|f|i|s|s|i|o|n| |w|a|r|m| |w|e|b|r|e|n|d|e|r|,102210fe594ee9b33d82058545b1ed14f4c8206e,PerceptualSpeedIndex,google-docs,True,google-docs PerceptualSpeedIndex opt fission warm webrender,,77,ms,firefox,449850182.0,1854076019,2024-03-06 20:32:27,1388530,,,,,,,,,,,,,,,,,,,,,,,,,,,,,,,,,,,,,,,,,,,,,,,,,TN
2185,fff42f9943259b806c262822a11bb3c2108a64a3,0.17419792137370083,autoland,3779647,13,a34e21034f2e3c317ebb3d485012938d48ad04ac,macosx1015-64-shippable-qr,True,False,,|f|i|s|s|i|o|n| |w|a|r|m| |w|e|b|r|e|n|d|e|r|,102210fe594ee9b33d82058545b1ed14f4c8206e,PerceptualSpeedIndex,google-docs,True,google-docs PerceptualSpeedIndex opt fission warm webrender,,77,ms,firefox,449898304.0,1854339422,2024-03-06 22:04:29,1388615,,,,,,,,,,,,,,,,,,,,,,,,,,,,,,,,,,,,,,,,,,,,,,,,,TN
2186,e7c0504a7b8d395173d0b7b8caf998da6d799fa0,0.1897876186172618,autoland,3779647,13,a34e21034f2e3c317ebb3d485012938d48ad04ac,macosx1015-64-shippable-qr,True,False,,|f|i|s|s|i|o|n| |w|a|r|m| |w|e|b|r|e|n|d|e|r|,102210fe594ee9b33d82058545b1ed14f4c8206e,PerceptualSpeedIndex,google-docs,True,google-docs PerceptualSpeedIndex opt fission warm webrender,,77,ms,firefox,449897439.0,1854330213,2024-03-06 22:29:06,1388634,,,,,,,,,,,,,,,,,,,,,,,,,,,,,,,,,,,,,,,,,,,,,,,,,TN
2187,98eadcb9210580189dd1cb9eb2cad1362b0c2835,0.20131043831902384,autoland,3779647,13,a34e21034f2e3c317ebb3d485012938d48ad04ac,macosx1015-64-shippable-qr,True,False,,|f|i|s|s|i|o|n| |w|a|r|m| |w|e|b|r|e|n|d|e|r|,102210fe594ee9b33d82058545b1ed14f4c8206e,PerceptualSpeedIndex,google-docs,True,google-docs PerceptualSpeedIndex opt fission warm webrender,,77,ms,firefox,449874594.0,1854167084,2024-03-06 22:58:04,1388664,,,,,,,,,,,,,,,,,,,,,,,,,,,,,,,,,,,,,,,,,,,,,,,,,TN
2188,62ed755b7c5e2b357e66b4f19a5419c685e87a47,0.25463172164482595,autoland,3779647,13,a34e21034f2e3c317ebb3d485012938d48ad04ac,macosx1015-64-shippable-qr,True,False,,|f|i|s|s|i|o|n| |w|a|r|m| |w|e|b|r|e|n|d|e|r|,102210fe594ee9b33d82058545b1ed14f4c8206e,PerceptualSpeedIndex,google-docs,True,google-docs PerceptualSpeedIndex opt fission warm webrender,,77,ms,firefox,449893209.0,1854264023,2024-03-07 03:21:51,1388820,,,,,,,,,,,,,,,,,,,,,,,,,,,,,,,,,,,,,,,,,,,,,,,,,TN
2189,d48a42b340b69771d9dc99ddf1303d3f88ae9165,0.18888386805241741,autoland,3779647,13,a34e21034f2e3c317ebb3d485012938d48ad04ac,macosx1015-64-shippable-qr,True,False,,|f|i|s|s|i|o|n| |w|a|r|m| |w|e|b|r|e|n|d|e|r|,102210fe594ee9b33d82058545b1ed14f4c8206e,PerceptualSpeedIndex,google-docs,True,google-docs PerceptualSpeedIndex opt fission warm webrender,,77,ms,firefox,449901216.0,1854353525,2024-03-07 06:37:03,1388849,,,,,,,,,,,,,,,,,,,,,,,,,,,,,,,,,,,,,,,,,,,,,,,,,TN
2190,cfe658475285f9b5c867bcbd191d2e1332df885e,0.1924988703117938,autoland,3779647,13,a34e21034f2e3c317ebb3d485012938d48ad04ac,macosx1015-64-shippable-qr,True,False,,|f|i|s|s|i|o|n| |w|a|r|m| |w|e|b|r|e|n|d|e|r|,102210fe594ee9b33d82058545b1ed14f4c8206e,PerceptualSpeedIndex,google-docs,True,google-docs PerceptualSpeedIndex opt fission warm webrender,,77,ms,firefox,449924760.0,1854459070,2024-03-07 10:49:51,1388876,,,,,,,,,,,,,,,,,,,,,,,,,,,,,,,,,,,,,,,,,,,,,,,,,TN
2191,0027da61966ddaf727a4c543b4541d0e175cb354,0.18165386353366464,autoland,3779647,13,a34e21034f2e3c317ebb3d485012938d48ad04ac,macosx1015-64-shippable-qr,True,False,,|f|i|s|s|i|o|n| |w|a|r|m| |w|e|b|r|e|n|d|e|r|,102210fe594ee9b33d82058545b1ed14f4c8206e,PerceptualSpeedIndex,google-docs,True,google-docs PerceptualSpeedIndex opt fission warm webrender,,77,ms,firefox,449936239.0,1854507036,2024-03-07 13:27:03,1388885,,,,,,,,,,,,,,,,,,,,,,,,,,,,,,,,,,,,,,,,,,,,,,,,,TN
2192,c9b3f598aa024ffbe096094ee8845222b7483c50,0.18730230456394037,autoland,3779647,13,a34e21034f2e3c317ebb3d485012938d48ad04ac,macosx1015-64-shippable-qr,True,False,,|f|i|s|s|i|o|n| |w|a|r|m| |w|e|b|r|e|n|d|e|r|,102210fe594ee9b33d82058545b1ed14f4c8206e,PerceptualSpeedIndex,google-docs,True,google-docs PerceptualSpeedIndex opt fission warm webrender,,77,ms,firefox,449978289.0,1854687391,2024-03-07 20:11:01,1389147,,,,,,,,,,,,,,,,,,,,,,,,,,,,,,,,,,,,,,,,,,,,,,,,,TN
2193,f9c5e71ad2de0632a1d833b02eb16cd13e4eabc1,0.20108450067781303,autoland,3779647,13,a34e21034f2e3c317ebb3d485012938d48ad04ac,macosx1015-64-shippable-qr,True,False,,|f|i|s|s|i|o|n| |w|a|r|m| |w|e|b|r|e|n|d|e|r|,102210fe594ee9b33d82058545b1ed14f4c8206e,PerceptualSpeedIndex,google-docs,True,google-docs PerceptualSpeedIndex opt fission warm webrender,,77,ms,firefox,450012149.0,1854827870,2024-03-08 00:14:27,1389377,,,,,,,,,,,,,,,,,,,,,,,,,,,,,,,,,,,,,,,,,,,,,,,,,TN
2194,ac5529a784bdd0522e58c4bcdb3293674601ac52,0.18730230456394037,autoland,3779647,13,a34e21034f2e3c317ebb3d485012938d48ad04ac,macosx1015-64-shippable-qr,True,False,,|f|i|s|s|i|o|n| |w|a|r|m| |w|e|b|r|e|n|d|e|r|,102210fe594ee9b33d82058545b1ed14f4c8206e,PerceptualSpeedIndex,google-docs,True,google-docs PerceptualSpeedIndex opt fission warm webrender,,77,ms,firefox,450014609.0,1854833499,2024-03-08 01:03:56,1389404,,,,,,,,,,,,,,,,,,,,,,,,,,,,,,,,,,,,,,,,,,,,,,,,,TN
2195,fe38c21e5d5ba7ab071d13411995b46f31d7862c,0.18481699051061895,autoland,3779647,13,a34e21034f2e3c317ebb3d485012938d48ad04ac,macosx1015-64-shippable-qr,True,False,,|f|i|s|s|i|o|n| |w|a|r|m| |w|e|b|r|e|n|d|e|r|,102210fe594ee9b33d82058545b1ed14f4c8206e,PerceptualSpeedIndex,google-docs,True,google-docs PerceptualSpeedIndex opt fission warm webrender,,77,ms,firefox,450054651.0,1855056246,2024-03-08 09:44:20,1389593,,,,,,,,,,,,,,,,,,,,,,,,,,,,,,,,,,,,,,,,,,,,,,,,,TN
2196,e38d79679348570701c9c0b244b0d905b241b83b,0.18413917758698606,autoland,3779647,13,a34e21034f2e3c317ebb3d485012938d48ad04ac,macosx1015-64-shippable-qr,True,False,,|f|i|s|s|i|o|n| |w|a|r|m| |w|e|b|r|e|n|d|e|r|,102210fe594ee9b33d82058545b1ed14f4c8206e,PerceptualSpeedIndex,google-docs,True,google-docs PerceptualSpeedIndex opt fission warm webrender,,77,ms,firefox,450075683.0,1855118824,2024-03-08 13:47:55,1389613,,,,,,,,,,,,,,,,,,,,,,,,,,,,,,,,,,,,,,,,,,,,,,,,,TN
2197,c306d54c8963e4dda4426d48bf41774947f5138d,0.19317668323542714,autoland,3779647,13,a34e21034f2e3c317ebb3d485012938d48ad04ac,macosx1015-64-shippable-qr,True,False,,|f|i|s|s|i|o|n| |w|a|r|m| |w|e|b|r|e|n|d|e|r|,102210fe594ee9b33d82058545b1ed14f4c8206e,PerceptualSpeedIndex,google-docs,True,google-docs PerceptualSpeedIndex opt fission warm webrender,,77,ms,firefox,450094089.0,1855187192,2024-03-08 15:54:44,1389685,,,,,,,,,,,,,,,,,,,,,,,,,,,,,,,,,,,,,,,,,,,,,,,,,TN
2198,e40628b4cd80f3469e6fb5836c1e513e3e058225,0.1893357433348395,autoland,3779647,13,a34e21034f2e3c317ebb3d485012938d48ad04ac,macosx1015-64-shippable-qr,True,False,,|f|i|s|s|i|o|n| |w|a|r|m| |w|e|b|r|e|n|d|e|r|,102210fe594ee9b33d82058545b1ed14f4c8206e,PerceptualSpeedIndex,google-docs,True,google-docs PerceptualSpeedIndex opt fission warm webrender,,77,ms,firefox,450146960.0,1855435266,2024-03-09 00:01:41,1390115,,,,,,,,,,,,,,,,,,,,,,,,,,,,,,,,,,,,,,,,,,,,,,,,,TN
2199,4d67ec80ce46b924295e599b81d0db0071664eca,0.20198825124265696,autoland,3779647,13,a34e21034f2e3c317ebb3d485012938d48ad04ac,macosx1015-64-shippable-qr,True,False,,|f|i|s|s|i|o|n| |w|a|r|m| |w|e|b|r|e|n|d|e|r|,102210fe594ee9b33d82058545b1ed14f4c8206e,PerceptualSpeedIndex,google-docs,True,google-docs PerceptualSpeedIndex opt fission warm webrender,,77,ms,firefox,450147537.0,1855445673,2024-03-09 00:02:45,1390116,,,,,,,,,,,,,,,,,,,,,,,,,,,,,,,,,,,,,,,,,,,,,,,,,TN
2200,fb2eeb44f22026d0a1c7b18f8cb0786169300c1b,0.19114324446452757,autoland,3779647,13,a34e21034f2e3c317ebb3d485012938d48ad04ac,macosx1015-64-shippable-qr,True,False,,|f|i|s|s|i|o|n| |w|a|r|m| |w|e|b|r|e|n|d|e|r|,102210fe594ee9b33d82058545b1ed14f4c8206e,PerceptualSpeedIndex,google-docs,True,google-docs PerceptualSpeedIndex opt fission warm webrender,,77,ms,firefox,450148228.0,1855451785,2024-03-09 00:03:40,1390117,,,,,,,,,,,,,,,,,,,,,,,,,,,,,,,,,,,,,,,,,,,,,,,,,TN
2201,efb6c465b7de5cb34b029bb51e5b445952bdd9b2,0.2040216900135563,autoland,3779647,13,a34e21034f2e3c317ebb3d485012938d48ad04ac,macosx1015-64-shippable-qr,True,False,,|f|i|s|s|i|o|n| |w|a|r|m| |w|e|b|r|e|n|d|e|r|,102210fe594ee9b33d82058545b1ed14f4c8206e,PerceptualSpeedIndex,google-docs,True,google-docs PerceptualSpeedIndex opt fission warm webrender,,77,ms,firefox,450165087.0,1855519002,2024-03-09 05:38:15,1390162,,,,,,,,,,,,,,,,,,,,,,,,,,,,,,,,,,,,,,,,,,,,,,,,,TN
2202,1d530888568c2a44fc30d9b6567ab6195f238cb2,0.18007230004518737,autoland,3779647,13,a34e21034f2e3c317ebb3d485012938d48ad04ac,macosx1015-64-shippable-qr,True,False,,|f|i|s|s|i|o|n| |w|a|r|m| |w|e|b|r|e|n|d|e|r|,102210fe594ee9b33d82058545b1ed14f4c8206e,PerceptualSpeedIndex,google-docs,True,google-docs PerceptualSpeedIndex opt fission warm webrender,,77,ms,firefox,450190740.0,1855598374,2024-03-09 10:41:02,1390188,,,,,,,,,,,,,,,,,,,,,,,,,,,,,,,,,,,,,,,,,,,,,,,,,TN
2203,10af6b2ff03bd7512d53f3ed02f7e83dba7c57ba,0.1924988703117938,autoland,3779647,13,a34e21034f2e3c317ebb3d485012938d48ad04ac,macosx1015-64-shippable-qr,True,False,,|f|i|s|s|i|o|n| |w|a|r|m| |w|e|b|r|e|n|d|e|r|,102210fe594ee9b33d82058545b1ed14f4c8206e,PerceptualSpeedIndex,google-docs,True,google-docs PerceptualSpeedIndex opt fission warm webrender,,77,ms,firefox,450205404.0,1855639283,2024-03-09 15:33:05,1390221,,,,,,,,,,,,,,,,,,,,,,,,,,,,,,,,,,,,,,,,,,,,,,,,,TN
2204,9768cd53e66eef4a715150196cfa1138f7edf7ba,0.21893357433348393,autoland,3779647,13,a34e21034f2e3c317ebb3d485012938d48ad04ac,macosx1015-64-shippable-qr,True,False,,|f|i|s|s|i|o|n| |w|a|r|m| |w|e|b|r|e|n|d|e|r|,102210fe594ee9b33d82058545b1ed14f4c8206e,PerceptualSpeedIndex,google-docs,True,google-docs PerceptualSpeedIndex opt fission warm webrender,,77,ms,firefox,450216836.0,1855677997,2024-03-09 20:59:44,1390244,,,,,,,,,,,,,,,,,,,,,,,,,,,,,,,,,,,,,,,,,,,,,,,,,TN
2205,f8edec6de8b50f0f6809208600e5c8ab87dd12d4,0.3009489380930863,autoland,3779647,13,a34e21034f2e3c317ebb3d485012938d48ad04ac,macosx1015-64-shippable-qr,True,False,,|f|i|s|s|i|o|n| |w|a|r|m| |w|e|b|r|e|n|d|e|r|,102210fe594ee9b33d82058545b1ed14f4c8206e,PerceptualSpeedIndex,google-docs,True,google-docs PerceptualSpeedIndex opt fission warm webrender,,77,ms,firefox,450254101.0,1855808678,2024-03-10 13:59:13,1390283,,,,,,,,,,,,,,,,,,,,,,,,,,,,,,,,,,,,,,,,,,,,,,,,,TN
2206,059c20bed3da7a717ee144e4c2339499009d7c44,0.19837324898328057,autoland,3779647,13,a34e21034f2e3c317ebb3d485012938d48ad04ac,macosx1015-64-shippable-qr,True,False,,|f|i|s|s|i|o|n| |w|a|r|m| |w|e|b|r|e|n|d|e|r|,102210fe594ee9b33d82058545b1ed14f4c8206e,PerceptualSpeedIndex,google-docs,True,google-docs PerceptualSpeedIndex opt fission warm webrender,,77,ms,firefox,450259205.0,1855832008,2024-03-10 18:05:45,1390298,,,,,,,,,,,,,,,,,,,,,,,,,,,,,,,,,,,,,,,,,,,,,,,,,TN
2207,0f63ab5624960b1aa464bb2e3bd76c6cd196f186,0.21373700858563027,autoland,3779647,13,a34e21034f2e3c317ebb3d485012938d48ad04ac,macosx1015-64-shippable-qr,True,False,,|f|i|s|s|i|o|n| |w|a|r|m| |w|e|b|r|e|n|d|e|r|,102210fe594ee9b33d82058545b1ed14f4c8206e,PerceptualSpeedIndex,google-docs,True,google-docs PerceptualSpeedIndex opt fission warm webrender,,77,ms,firefox,450280505.0,1855935580,2024-03-11 02:48:56,1390365,,,,,,,,,,,,,,,,,,,,,,,,,,,,,,,,,,,,,,,,,,,,,,,,,TN
2208,2a132ae2427f76ce68c19e08ce3960465c65dc3a,0.18820605512878452,autoland,3779647,13,a34e21034f2e3c317ebb3d485012938d48ad04ac,macosx1015-64-shippable-qr,True,False,,|f|i|s|s|i|o|n| |w|a|r|m| |w|e|b|r|e|n|d|e|r|,102210fe594ee9b33d82058545b1ed14f4c8206e,PerceptualSpeedIndex,google-docs,True,google-docs PerceptualSpeedIndex opt fission warm webrender,,77,ms,firefox,450428166.0,1856478726,2024-03-11 09:24:54,1390444,,,,,,,,,,,,,,,,,,,,,,,,,,,,,,,,,,,,,,,,,,,,,,,,,TN
2209,2692de58a79eac06924d27eda115f3f14c8c206c,0.2365567103479438,autoland,3779647,13,a34e21034f2e3c317ebb3d485012938d48ad04ac,macosx1015-64-shippable-qr,True,False,,|f|i|s|s|i|o|n| |w|a|r|m| |w|e|b|r|e|n|d|e|r|,102210fe594ee9b33d82058545b1ed14f4c8206e,PerceptualSpeedIndex,google-docs,True,google-docs PerceptualSpeedIndex opt fission warm webrender,,77,ms,firefox,450428809.0,1856487994,2024-03-11 09:48:07,1390457,,,,,,,,,,,,,,,,,,,,,,,,,,,,,,,,,,,,,,,,,,,,,,,,,TN
2210,856a612ce3d555ad6ec378bc99e74accba55c54a,0.19995481247175784,autoland,3779647,13,a34e21034f2e3c317ebb3d485012938d48ad04ac,macosx1015-64-shippable-qr,True,False,,|f|i|s|s|i|o|n| |w|a|r|m| |w|e|b|r|e|n|d|e|r|,102210fe594ee9b33d82058545b1ed14f4c8206e,PerceptualSpeedIndex,google-docs,True,google-docs PerceptualSpeedIndex opt fission warm webrender,,77,ms,firefox,450428058.0,1856478749,2024-03-11 12:32:27,1390498,,,,,,,,,,,,,,,,,,,,,,,,,,,,,,,,,,,,,,,,,,,,,,,,,TN
2211,715d05429686085f90ae695d4bec02a707e3e4cc,0.17668323542702202,autoland,3779647,13,a34e21034f2e3c317ebb3d485012938d48ad04ac,macosx1015-64-shippable-qr,True,False,,|f|i|s|s|i|o|n| |w|a|r|m| |w|e|b|r|e|n|d|e|r|,102210fe594ee9b33d82058545b1ed14f4c8206e,PerceptualSpeedIndex,google-docs,True,google-docs PerceptualSpeedIndex opt fission warm webrender,,77,ms,firefox,450428896.0,1856488221,2024-03-11 12:39:30,1390500,,,,,,,,,,,,,,,,,,,,,,,,,,,,,,,,,,,,,,,,,,,,,,,,,TN
2212,23b4081496822ae44a0f120f8429c0c57a864325,0.19385449615906003,autoland,3779647,13,a34e21034f2e3c317ebb3d485012938d48ad04ac,macosx1015-64-shippable-qr,True,False,,|f|i|s|s|i|o|n| |w|a|r|m| |w|e|b|r|e|n|d|e|r|,102210fe594ee9b33d82058545b1ed14f4c8206e,PerceptualSpeedIndex,google-docs,True,google-docs PerceptualSpeedIndex opt fission warm webrender,,77,ms,firefox,450332703.0,1856131333,2024-03-11 13:24:20,1390505,,,,,,,,,,,,,,,,,,,,,,,,,,,,,,,,,,,,,,,,,,,,,,,,,TN
2213,ec25d27f83b73ab4fbd93c737d29b732042c2139,0.19340262087663795,autoland,3779647,13,a34e21034f2e3c317ebb3d485012938d48ad04ac,macosx1015-64-shippable-qr,True,False,,|f|i|s|s|i|o|n| |w|a|r|m| |w|e|b|r|e|n|d|e|r|,102210fe594ee9b33d82058545b1ed14f4c8206e,PerceptualSpeedIndex,google-docs,True,google-docs PerceptualSpeedIndex opt fission warm webrender,,77,ms,firefox,450339087.0,1856165614,2024-03-11 14:23:46,1390552,,,,,,,,,,,,,,,,,,,,,,,,,,,,,,,,,,,,,,,,,,,,,,,,,TN
2214,b5f646ecf7f3ca586020974d36c3f4c4fca4a3a3,0.1954360596475373,autoland,3779647,13,a34e21034f2e3c317ebb3d485012938d48ad04ac,macosx1015-64-shippable-qr,True,False,,|f|i|s|s|i|o|n| |w|a|r|m| |w|e|b|r|e|n|d|e|r|,102210fe594ee9b33d82058545b1ed14f4c8206e,PerceptualSpeedIndex,google-docs,True,google-docs PerceptualSpeedIndex opt fission warm webrender,,77,ms,firefox,450369142.0,1856287142,2024-03-11 18:03:14,1390747,,,,,,,,,,,,,,,,,,,,,,,,,,,,,,,,,,,,,,,,,,,,,,,,,TN
2215,4984afdb79c55a76ef741d1667378c296f74240f,0.20786262991414373,autoland,3779647,13,a34e21034f2e3c317ebb3d485012938d48ad04ac,macosx1015-64-shippable-qr,True,False,,|f|i|s|s|i|o|n| |w|a|r|m| |w|e|b|r|e|n|d|e|r|,102210fe594ee9b33d82058545b1ed14f4c8206e,PerceptualSpeedIndex,google-docs,True,google-docs PerceptualSpeedIndex opt fission warm webrender,,77,ms,firefox,450390751.0,1856324164,2024-03-11 19:41:42,1390851,,,,,,,,,,,,,,,,,,,,,,,,,,,,,,,,,,,,,,,,,,,,,,,,,TN
2216,b09474764fb5539e6a0804ccf511ccf5a4dab743,0.23068233167645724,autoland,3779647,13,a34e21034f2e3c317ebb3d485012938d48ad04ac,macosx1015-64-shippable-qr,True,False,,|f|i|s|s|i|o|n| |w|a|r|m| |w|e|b|r|e|n|d|e|r|,102210fe594ee9b33d82058545b1ed14f4c8206e,PerceptualSpeedIndex,google-docs,True,google-docs PerceptualSpeedIndex opt fission warm webrender,,77,ms,firefox,450432097.0,1856515279,2024-03-11 22:07:57,1391017,,,,,,,,,,,,,,,,,,,,,,,,,,,,,,,,,,,,,,,,,,,,,,,,,TN
2217,cc3717eca9f6e97d26aa079dfb5a0d95afffbbde,0.16900135562584717,autoland,3779647,13,a34e21034f2e3c317ebb3d485012938d48ad04ac,macosx1015-64-shippable-qr,True,False,,|f|i|s|s|i|o|n| |w|a|r|m| |w|e|b|r|e|n|d|e|r|,102210fe594ee9b33d82058545b1ed14f4c8206e,PerceptualSpeedIndex,google-docs,True,google-docs PerceptualSpeedIndex opt fission warm webrender,,77,ms,firefox,450430776.0,1856509329,2024-03-11 22:09:50,1391018,,,,,,,,,,,,,,,,,,,,,,,,,,,,,,,,,,,,,,,,,,,,,,,,,TN
2218,e7bb5a728361f4b05cdc970a020bbe0b89e1a10b,0.18413917758698606,autoland,3779647,13,a34e21034f2e3c317ebb3d485012938d48ad04ac,macosx1015-64-shippable-qr,True,False,,|f|i|s|s|i|o|n| |w|a|r|m| |w|e|b|r|e|n|d|e|r|,102210fe594ee9b33d82058545b1ed14f4c8206e,PerceptualSpeedIndex,google-docs,True,google-docs PerceptualSpeedIndex opt fission warm webrender,,77,ms,firefox,450432188.0,1856518272,2024-03-11 22:11:33,1391020,,,,,,,,,,,,,,,,,,,,,,,,,,,,,,,,,,,,,,,,,,,,,,,,,TN
2219,1aef65c426c611042b513e7e8af814f1191c7692,0.18526886579304125,autoland,3779647,13,a34e21034f2e3c317ebb3d485012938d48ad04ac,macosx1015-64-shippable-qr,True,False,,|f|i|s|s|i|o|n| |w|a|r|m| |w|e|b|r|e|n|d|e|r|,102210fe594ee9b33d82058545b1ed14f4c8206e,PerceptualSpeedIndex,google-docs,True,google-docs PerceptualSpeedIndex opt fission warm webrender,,77,ms,firefox,450431061.0,1856512794,2024-03-11 22:12:28,1391028,,,,,,,,,,,,,,,,,,,,,,,,,,,,,,,,,,,,,,,,,,,,,,,,,TN
2220,5dbe89396d7f52d57c4a21457fcf95d4e1ae24c3,0.27677361048350657,autoland,3779647,13,a34e21034f2e3c317ebb3d485012938d48ad04ac,macosx1015-64-shippable-qr,True,False,,|f|i|s|s|i|o|n| |w|a|r|m| |w|e|b|r|e|n|d|e|r|,102210fe594ee9b33d82058545b1ed14f4c8206e,PerceptualSpeedIndex,google-docs,True,google-docs PerceptualSpeedIndex opt fission warm webrender,,77,ms,firefox,450427042.0,1856456982,2024-03-12 03:06:47,1391174,,,,,,,,,,,,,,,,,,,,,,,,,,,,,,,,,,,,,,,,,,,,,,,,,TN
2221,45bdb06ed9f6ae6b675b169c0b4dbd488363098d,0.18707636692272933,autoland,3779647,13,a34e21034f2e3c317ebb3d485012938d48ad04ac,macosx1015-64-shippable-qr,True,False,,|f|i|s|s|i|o|n| |w|a|r|m| |w|e|b|r|e|n|d|e|r|,102210fe594ee9b33d82058545b1ed14f4c8206e,PerceptualSpeedIndex,google-docs,True,google-docs PerceptualSpeedIndex opt fission warm webrender,,77,ms,firefox,450433812.0,1856538212,2024-03-12 07:06:36,1391218,,,,,,,,,,,,,,,,,,,,,,,,,,,,,,,,,,,,,,,,,,,,,,,,,TN
2222,74baace7eeb366eee357e89b04dac7178961a2a9,0.3014008133755084,autoland,3779647,13,a34e21034f2e3c317ebb3d485012938d48ad04ac,macosx1015-64-shippable-qr,True,False,,|f|i|s|s|i|o|n| |w|a|r|m| |w|e|b|r|e|n|d|e|r|,102210fe594ee9b33d82058545b1ed14f4c8206e,PerceptualSpeedIndex,google-docs,True,google-docs PerceptualSpeedIndex opt fission warm webrender,,77,ms,firefox,450571605.0,1857008605,2024-03-12 08:58:41,1391222,,,,,,,,,,,,,,,,,,,,,,,,,,,,,,,,,,,,,,,,,,,,,,,,,TN
2223,3e91ddebfb8efe05daac1d48ac4a3d30e0ec1885,0.18820605512878452,autoland,3779647,13,a34e21034f2e3c317ebb3d485012938d48ad04ac,macosx1015-64-shippable-qr,True,False,,|f|i|s|s|i|o|n| |w|a|r|m| |w|e|b|r|e|n|d|e|r|,102210fe594ee9b33d82058545b1ed14f4c8206e,PerceptualSpeedIndex,google-docs,True,google-docs PerceptualSpeedIndex opt fission warm webrender,,77,ms,firefox,450573526.0,1857026017,2024-03-12 09:05:05,1391223,,,,,,,,,,,,,,,,,,,,,,,,,,,,,,,,,,,,,,,,,,,,,,,,,TN
2224,8c1e5f6bca5a8f2ab2297cff5c736e61d3a3bd27,0.19588793492995915,autoland,3779647,13,a34e21034f2e3c317ebb3d485012938d48ad04ac,macosx1015-64-shippable-qr,True,False,,|f|i|s|s|i|o|n| |w|a|r|m| |w|e|b|r|e|n|d|e|r|,102210fe594ee9b33d82058545b1ed14f4c8206e,PerceptualSpeedIndex,google-docs,True,google-docs PerceptualSpeedIndex opt fission warm webrender,,77,ms,firefox,450455173.0,1856612795,2024-03-12 11:26:19,1391230,,,,,,,,,,,,,,,,,,,,,,,,,,,,,,,,,,,,,,,,,,,,,,,,,TN
2225,c93ce7649d8d7d874130caed9005d92be916b10e,0.19069136918210572,autoland,3779647,13,a34e21034f2e3c317ebb3d485012938d48ad04ac,macosx1015-64-shippable-qr,True,False,,|f|i|s|s|i|o|n| |w|a|r|m| |w|e|b|r|e|n|d|e|r|,102210fe594ee9b33d82058545b1ed14f4c8206e,PerceptualSpeedIndex,google-docs,True,google-docs PerceptualSpeedIndex opt fission warm webrender,,77,ms,firefox,450499498.0,1856738338,2024-03-12 14:58:20,1391396,,,,,,,,,,,,,,,,,,,,,,,,,,,,,,,,,,,,,,,,,,,,,,,,,TN
2226,48a907540cf263a7246d86efb7d4159c0b4597f5,0.18910980569362845,autoland,3779647,13,a34e21034f2e3c317ebb3d485012938d48ad04ac,macosx1015-64-shippable-qr,True,False,,|f|i|s|s|i|o|n| |w|a|r|m| |w|e|b|r|e|n|d|e|r|,102210fe594ee9b33d82058545b1ed14f4c8206e,PerceptualSpeedIndex,google-docs,True,google-docs PerceptualSpeedIndex opt fission warm webrender,,77,ms,firefox,450572465.0,1857020120,2024-03-12 15:04:24,1391401,,,,,,,,,,,,,,,,,,,,,,,,,,,,,,,,,,,,,,,,,,,,,,,,,TN
2227,06a229e6d63a6d3497e21a0c1fce3ed4d13e9733,0.19408043380027107,autoland,3779647,13,a34e21034f2e3c317ebb3d485012938d48ad04ac,macosx1015-64-shippable-qr,True,False,,|f|i|s|s|i|o|n| |w|a|r|m| |w|e|b|r|e|n|d|e|r|,102210fe594ee9b33d82058545b1ed14f4c8206e,PerceptualSpeedIndex,google-docs,True,google-docs PerceptualSpeedIndex opt fission warm webrender,,77,ms,firefox,450572874.0,1857013487,2024-03-12 15:07:58,1391404,,,,,,,,,,,,,,,,,,,,,,,,,,,,,,,,,,,,,,,,,,,,,,,,,TN
2228,d91b0606279d7c22a0119cdc8061cdeffe233787,0.18526886579304125,autoland,3779647,13,a34e21034f2e3c317ebb3d485012938d48ad04ac,macosx1015-64-shippable-qr,True,False,,|f|i|s|s|i|o|n| |w|a|r|m| |w|e|b|r|e|n|d|e|r|,102210fe594ee9b33d82058545b1ed14f4c8206e,PerceptualSpeedIndex,google-docs,True,google-docs PerceptualSpeedIndex opt fission warm webrender,,77,ms,firefox,450534522.0,1856901639,2024-03-12 19:37:06,1391673,,,,,,,,,,,,,,,,,,,,,,,,,,,,,,,,,,,,,,,,,,,,,,,,,TN
2229,bb96cef2989d78eaa9d2485bb379b29449a815b2,0.19724356077722538,autoland,3779647,13,a34e21034f2e3c317ebb3d485012938d48ad04ac,macosx1015-64-shippable-qr,True,False,,|f|i|s|s|i|o|n| |w|a|r|m| |w|e|b|r|e|n|d|e|r|,102210fe594ee9b33d82058545b1ed14f4c8206e,PerceptualSpeedIndex,google-docs,True,google-docs PerceptualSpeedIndex opt fission warm webrender,,77,ms,firefox,450556666.0,1856943199,2024-03-12 23:13:34,1391824,,,,,,,,,,,,,,,,,,,,,,,,,,,,,,,,,,,,,,,,,,,,,,,,,TN
2230,2dfb9f01e06f190da79fb195ea51dac2be58dde7,0.17758698599186618,autoland,3779647,13,a34e21034f2e3c317ebb3d485012938d48ad04ac,macosx1015-64-shippable-qr,True,False,,|f|i|s|s|i|o|n| |w|a|r|m| |w|e|b|r|e|n|d|e|r|,102210fe594ee9b33d82058545b1ed14f4c8206e,PerceptualSpeedIndex,google-docs,True,google-docs PerceptualSpeedIndex opt fission warm webrender,,77,ms,firefox,450581169.0,1857050151,2024-03-13 07:01:16,1392060,,,,,,,,,,,,,,,,,,,,,,,,,,,,,,,,,,,,,,,,,,,,,,,,,TN
2231,ae0da9180abdc1990832791041b323e05082f6f8,0.2101220063262541,autoland,3779647,13,a34e21034f2e3c317ebb3d485012938d48ad04ac,macosx1015-64-shippable-qr,True,False,,|f|i|s|s|i|o|n| |w|a|r|m| |w|e|b|r|e|n|d|e|r|,102210fe594ee9b33d82058545b1ed14f4c8206e,PerceptualSpeedIndex,google-docs,True,google-docs PerceptualSpeedIndex opt fission warm webrender,,77,ms,firefox,450614529.0,1857232626,2024-03-13 11:15:45,1392165,,,,,,,,,,,,,,,,,,,,,,,,,,,,,,,,,,,,,,,,,,,,,,,,,TN
2232,49e9b26b528b94a9db43d4b65112add1268f64fc,0.19905106190691346,autoland,3779647,13,a34e21034f2e3c317ebb3d485012938d48ad04ac,macosx1015-64-shippable-qr,True,False,,|f|i|s|s|i|o|n| |w|a|r|m| |w|e|b|r|e|n|d|e|r|,102210fe594ee9b33d82058545b1ed14f4c8206e,PerceptualSpeedIndex,google-docs,True,google-docs PerceptualSpeedIndex opt fission warm webrender,,77,ms,firefox,450647097.0,1857374271,2024-03-13 15:23:46,1392302,,,,,,,,,,,,,,,,,,,,,,,,,,,,,,,,,,,,,,,,,,,,,,,,,TN
2233,35c5c892ca1e96f731d20bc6edd310a5d4e13bad,0.17849073655671033,autoland,3779647,13,a34e21034f2e3c317ebb3d485012938d48ad04ac,macosx1015-64-shippable-qr,True,False,,|f|i|s|s|i|o|n| |w|a|r|m| |w|e|b|r|e|n|d|e|r|,102210fe594ee9b33d82058545b1ed14f4c8206e,PerceptualSpeedIndex,google-docs,True,google-docs PerceptualSpeedIndex opt fission warm webrender,,77,ms,firefox,450648287.0,1857385511,2024-03-13 15:33:19,1392307,,,,,,,,,,,,,,,,,,,,,,,,,,,,,,,,,,,,,,,,,,,,,,,,,TN
2234,ebcab57cf7cd8a64a561c831dc4d1bf6694f82b8,0.20854044283777684,autoland,3779647,13,a34e21034f2e3c317ebb3d485012938d48ad04ac,macosx1015-64-shippable-qr,True,False,,|f|i|s|s|i|o|n| |w|a|r|m| |w|e|b|r|e|n|d|e|r|,102210fe594ee9b33d82058545b1ed14f4c8206e,PerceptualSpeedIndex,google-docs,True,google-docs PerceptualSpeedIndex opt fission warm webrender,,77,ms,firefox,450658813.0,1857445517,2024-03-13 18:41:03,1392487,,,,,,,,,,,,,,,,,,,,,,,,,,,,,,,,,,,,,,,,,,,,,,,,,TN
2235,1f3b4df016ac965dd3a2c97cb547c495364fdeef,0.19312019882512432,autoland,3779647,13,a34e21034f2e3c317ebb3d485012938d48ad04ac,macosx1015-64-shippable-qr,True,False,,|f|i|s|s|i|o|n| |w|a|r|m| |w|e|b|r|e|n|d|e|r|,102210fe594ee9b33d82058545b1ed14f4c8206e,PerceptualSpeedIndex,google-docs,True,google-docs PerceptualSpeedIndex opt fission warm webrender,,77,ms,firefox,450697337.0,1857627949,2024-03-13 21:49:05,1392594,,,,,,,,,,,,,,,,,,,,,,,,,,,,,,,,,,,,,,,,,,,,,,,,,TN
2236,2333872b0f5028fa1f0e9236440fe58df07a0235,0.2867148666967918,autoland,3779647,13,a34e21034f2e3c317ebb3d485012938d48ad04ac,macosx1015-64-shippable-qr,True,False,,|f|i|s|s|i|o|n| |w|a|r|m| |w|e|b|r|e|n|d|e|r|,102210fe594ee9b33d82058545b1ed14f4c8206e,PerceptualSpeedIndex,google-docs,True,google-docs PerceptualSpeedIndex opt fission warm webrender,,77,ms,firefox,450711278.0,1857665836,2024-03-14 04:20:25,1392734,,,,,,,,,,,,,,,,,,,,,,,,,,,,,,,,,,,,,,,,,,,,,,,,,TN
2237,0c82ff77321a85c36f1c5b27c99d25bad8603028,0.3120198825124265,autoland,3779647,13,a34e21034f2e3c317ebb3d485012938d48ad04ac,macosx1015-64-shippable-qr,True,False,,|f|i|s|s|i|o|n| |w|a|r|m| |w|e|b|r|e|n|d|e|r|,102210fe594ee9b33d82058545b1ed14f4c8206e,PerceptualSpeedIndex,google-docs,True,google-docs PerceptualSpeedIndex opt fission warm webrender,,77,ms,firefox,450725457.0,1857730167,2024-03-14 06:52:21,1392758,,,,,,,,,,,,,,,,,,,,,,,,,,,,,,,,,,,,,,,,,,,,,,,,,TN
2238,1f30bd08be619a6ea06444a2a6e36123f7baad65,0.3255761409850879,autoland,3779647,13,a34e21034f2e3c317ebb3d485012938d48ad04ac,macosx1015-64-shippable-qr,True,False,,|f|i|s|s|i|o|n| |w|a|r|m| |w|e|b|r|e|n|d|e|r|,102210fe594ee9b33d82058545b1ed14f4c8206e,PerceptualSpeedIndex,google-docs,True,google-docs PerceptualSpeedIndex opt fission warm webrender,,77,ms,firefox,450759653.0,1857840019,2024-03-14 10:59:46,1392883,,,,,,,,,,,,,,,,,,,,,,,,,,,,,,,,,,,,,,,,,,,,,,,,,TN
2239,a2e41cba02ab8e8aa60a549df2f83a8d277e0daf,0.1967916854948033,autoland,3779647,13,a34e21034f2e3c317ebb3d485012938d48ad04ac,macosx1015-64-shippable-qr,True,False,,|f|i|s|s|i|o|n| |w|a|r|m| |w|e|b|r|e|n|d|e|r|,102210fe594ee9b33d82058545b1ed14f4c8206e,PerceptualSpeedIndex,google-docs,True,google-docs PerceptualSpeedIndex opt fission warm webrender,,77,ms,firefox,452141555.0,1863586776,2024-03-14 11:00:35,1392885,,,,,,,,,,,,,,,,,,,,,,,,,,,,,,,,,,,,,,,,,,,,,,,,,TN
2240,2ed22fb6ba94e0acf2b7a3860bae02448cac1699,0.22751920469950293,autoland,3779647,13,a34e21034f2e3c317ebb3d485012938d48ad04ac,macosx1015-64-shippable-qr,True,False,,|f|i|s|s|i|o|n| |w|a|r|m| |w|e|b|r|e|n|d|e|r|,102210fe594ee9b33d82058545b1ed14f4c8206e,PerceptualSpeedIndex,google-docs,True,google-docs PerceptualSpeedIndex opt fission warm webrender,,77,ms,firefox,452141574.0,1863587518,2024-03-14 11:19:49,1392898,,,,,,,,,,,,,,,,,,,,,,,,,,,,,,,,,,,,,,,,,,,,,,,,,TN
2241,3a264233ce8e9c0cb1655af4114069564a84d655,0.17013104383190236,autoland,3779647,13,a34e21034f2e3c317ebb3d485012938d48ad04ac,macosx1015-64-shippable-qr,True,False,,|f|i|s|s|i|o|n| |w|a|r|m| |w|e|b|r|e|n|d|e|r|,102210fe594ee9b33d82058545b1ed14f4c8206e,PerceptualSpeedIndex,google-docs,True,google-docs PerceptualSpeedIndex opt fission warm webrender,,77,ms,firefox,452141597.0,1863586856,2024-03-14 14:01:13,1392960,,,,,,,,,,,,,,,,,,,,,,,,,,,,,,,,,,,,,,,,,,,,,,,,,TN
2242,644bbe40a765d85e57da6c0c76d68bd0ff992c86,0.18029823768639863,autoland,3779647,13,a34e21034f2e3c317ebb3d485012938d48ad04ac,macosx1015-64-shippable-qr,True,False,,|f|i|s|s|i|o|n| |w|a|r|m| |w|e|b|r|e|n|d|e|r|,102210fe594ee9b33d82058545b1ed14f4c8206e,PerceptualSpeedIndex,google-docs,True,google-docs PerceptualSpeedIndex opt fission warm webrender,,77,ms,firefox,452141593.0,1863587226,2024-03-14 14:02:02,1392961,,,,,,,,,,,,,,,,,,,,,,,,,,,,,,,,,,,,,,,,,,,,,,,,,TN
2243,1b1b5dafac0dfde6f1df6bc1a30d6b8bad88a812,0.2835517397198375,autoland,3779647,13,a34e21034f2e3c317ebb3d485012938d48ad04ac,macosx1015-64-shippable-qr,True,False,,|f|i|s|s|i|o|n| |w|a|r|m| |w|e|b|r|e|n|d|e|r|,102210fe594ee9b33d82058545b1ed14f4c8206e,PerceptualSpeedIndex,google-docs,True,google-docs PerceptualSpeedIndex opt fission warm webrender,,77,ms,firefox,452141601.0,1863586692,2024-03-14 14:02:53,1392962,,,,,,,,,,,,,,,,,,,,,,,,,,,,,,,,,,,,,,,,,,,,,,,,,TN
2244,bbf56ec305f01be8420bbfe6d13e34ec85bf45d6,0.22401717126073173,autoland,3779647,13,a34e21034f2e3c317ebb3d485012938d48ad04ac,macosx1015-64-shippable-qr,True,False,,|f|i|s|s|i|o|n| |w|a|r|m| |w|e|b|r|e|n|d|e|r|,102210fe594ee9b33d82058545b1ed14f4c8206e,PerceptualSpeedIndex,google-docs,True,google-docs PerceptualSpeedIndex opt fission warm webrender,,77,ms,firefox,450861296.0,1858349172,2024-03-14 14:03:42,1392963,,,,,,,,,,,,,,,,,,,,,,,,,,,,,,,,,,,,,,,,,,,,,,,,,TN
2245,00d7f0e95970baefacab200daf3486ddd862cb0f,0.18922277451423408,autoland,3779647,13,a34e21034f2e3c317ebb3d485012938d48ad04ac,macosx1015-64-shippable-qr,True,False,,|f|i|s|s|i|o|n| |w|a|r|m| |w|e|b|r|e|n|d|e|r|,102210fe594ee9b33d82058545b1ed14f4c8206e,PerceptualSpeedIndex,google-docs,True,google-docs PerceptualSpeedIndex opt fission warm webrender,,77,ms,firefox,450778339.0,1857920668,2024-03-14 14:04:30,1392964,,,,,,,,,,,,,,,,,,,,,,,,,,,,,,,,,,,,,,,,,,,,,,,,,TN
2246,88f1242a37fa082f7b3d55d36ba96ee6c8f42068,0.21622232263895147,autoland,3779647,13,a34e21034f2e3c317ebb3d485012938d48ad04ac,macosx1015-64-shippable-qr,True,False,,|f|i|s|s|i|o|n| |w|a|r|m| |w|e|b|r|e|n|d|e|r|,102210fe594ee9b33d82058545b1ed14f4c8206e,PerceptualSpeedIndex,google-docs,True,google-docs PerceptualSpeedIndex opt fission warm webrender,,77,ms,firefox,452141723.0,1863588395,2024-03-14 14:05:56,1392966,,,,,,,,,,,,,,,,,,,,,,,,,,,,,,,,,,,,,,,,,,,,,,,,,TN
2247,284c6596726d5dc4300413356fa75acde7f6dedd,0.24220515137821974,autoland,3779647,13,a34e21034f2e3c317ebb3d485012938d48ad04ac,macosx1015-64-shippable-qr,True,False,,|f|i|s|s|i|o|n| |w|a|r|m| |w|e|b|r|e|n|d|e|r|,102210fe594ee9b33d82058545b1ed14f4c8206e,PerceptualSpeedIndex,google-docs,True,google-docs PerceptualSpeedIndex opt fission warm webrender,,77,ms,firefox,450859090.0,1858328189,2024-03-14 14:08:54,1392971,,,,,,,,,,,,,,,,,,,,,,,,,,,,,,,,,,,,,,,,,,,,,,,,,TN
2248,e172f064ce25ea0f25f8bd0f418f3370ee51e17f,0.19351558969724336,autoland,3779647,13,a34e21034f2e3c317ebb3d485012938d48ad04ac,macosx1015-64-shippable-qr,True,False,,|f|i|s|s|i|o|n| |w|a|r|m| |w|e|b|r|e|n|d|e|r|,102210fe594ee9b33d82058545b1ed14f4c8206e,PerceptualSpeedIndex,google-docs,True,google-docs PerceptualSpeedIndex opt fission warm webrender,,77,ms,firefox,450858723.0,1858326321,2024-03-14 14:09:44,1392974,,,,,,,,,,,,,,,,,,,,,,,,,,,,,,,,,,,,,,,,,,,,,,,,,TN
2249,841e7dd0db80a53d9937286637f15cb2579eb9c4,0.2830998644374152,autoland,3779647,13,a34e21034f2e3c317ebb3d485012938d48ad04ac,macosx1015-64-shippable-qr,True,False,,|f|i|s|s|i|o|n| |w|a|r|m| |w|e|b|r|e|n|d|e|r|,102210fe594ee9b33d82058545b1ed14f4c8206e,PerceptualSpeedIndex,google-docs,True,google-docs PerceptualSpeedIndex opt fission warm webrender,,77,ms,firefox,452141744.0,1863587599,2024-03-14 14:14:39,1392983,,,,,,,,,,,,,,,,,,,,,,,,,,,,,,,,,,,,,,,,,,,,,,,,,TN
2250,dfd25610ed279904a59236c77997c0f4e9bccb42,0.2544057840036149,autoland,3779647,13,a34e21034f2e3c317ebb3d485012938d48ad04ac,macosx1015-64-shippable-qr,True,False,,|f|i|s|s|i|o|n| |w|a|r|m| |w|e|b|r|e|n|d|e|r|,102210fe594ee9b33d82058545b1ed14f4c8206e,PerceptualSpeedIndex,google-docs,True,google-docs PerceptualSpeedIndex opt fission warm webrender,,77,ms,firefox,452141746.0,1863587640,2024-03-14 15:21:15,1393043,,,,,,,,,,,,,,,,,,,,,,,,,,,,,,,,,,,,,,,,,,,,,,,,,TN
2251,c964173b08eb0ad865f68d77521aaf33a5d5fa27,0.1897876186172618,autoland,3779647,13,a34e21034f2e3c317ebb3d485012938d48ad04ac,macosx1015-64-shippable-qr,True,False,,|f|i|s|s|i|o|n| |w|a|r|m| |w|e|b|r|e|n|d|e|r|,102210fe594ee9b33d82058545b1ed14f4c8206e,PerceptualSpeedIndex,google-docs,True,google-docs PerceptualSpeedIndex opt fission warm webrender,,77,ms,firefox,452141749.0,1863589266,2024-03-14 15:37:12,1393054,,,,,,,,,,,,,,,,,,,,,,,,,,,,,,,,,,,,,,,,,,,,,,,,,TN
2252,60a6ed6de4aee86649aea9d7b89a3ccbea947ca8,0.18594667871667414,autoland,3779647,13,a34e21034f2e3c317ebb3d485012938d48ad04ac,macosx1015-64-shippable-qr,True,False,,|f|i|s|s|i|o|n| |w|a|r|m| |w|e|b|r|e|n|d|e|r|,102210fe594ee9b33d82058545b1ed14f4c8206e,PerceptualSpeedIndex,google-docs,True,google-docs PerceptualSpeedIndex opt fission warm webrender,,77,ms,firefox,452141794.0,1863590451,2024-03-14 15:40:01,1393058,,,,,,,,,,,,,,,,,,,,,,,,,,,,,,,,,,,,,,,,,,,,,,,,,TN
2253,990d9bc4d0f76f9c1757663959b84e55b6f50925,0.19588793492995915,autoland,3779647,13,a34e21034f2e3c317ebb3d485012938d48ad04ac,macosx1015-64-shippable-qr,True,False,,|f|i|s|s|i|o|n| |w|a|r|m| |w|e|b|r|e|n|d|e|r|,102210fe594ee9b33d82058545b1ed14f4c8206e,PerceptualSpeedIndex,google-docs,True,google-docs PerceptualSpeedIndex opt fission warm webrender,,77,ms,firefox,452141795.0,1863590771,2024-03-14 15:40:58,1393060,,,,,,,,,,,,,,,,,,,,,,,,,,,,,,,,,,,,,,,,,,,,,,,,,TN
2254,bdedf3b0399f359de3c0aafb88772443c491f62d,0.20176231360144592,autoland,3779647,13,a34e21034f2e3c317ebb3d485012938d48ad04ac,macosx1015-64-shippable-qr,True,False,,|f|i|s|s|i|o|n| |w|a|r|m| |w|e|b|r|e|n|d|e|r|,102210fe594ee9b33d82058545b1ed14f4c8206e,PerceptualSpeedIndex,google-docs,True,google-docs PerceptualSpeedIndex opt fission warm webrender,,77,ms,firefox,452141784.0,1863589328,2024-03-14 15:41:47,1393061,,,,,,,,,,,,,,,,,,,,,,,,,,,,,,,,,,,,,,,,,,,,,,,,,TN
2255,bc38055d434192749562d0a9edd4dd4e0a02fa6e,0.18120198825124256,autoland,3779647,13,a34e21034f2e3c317ebb3d485012938d48ad04ac,macosx1015-64-shippable-qr,True,False,,|f|i|s|s|i|o|n| |w|a|r|m| |w|e|b|r|e|n|d|e|r|,102210fe594ee9b33d82058545b1ed14f4c8206e,PerceptualSpeedIndex,google-docs,True,google-docs PerceptualSpeedIndex opt fission warm webrender,,77,ms,firefox,452141785.0,1863589468,2024-03-14 15:42:38,1393063,,,,,,,,,,,,,,,,,,,,,,,,,,,,,,,,,,,,,,,,,,,,,,,,,TN
2256,7c2abade08a47351b25c061009bd2a2625a48a8c,0.2819701762313602,autoland,3779647,13,a34e21034f2e3c317ebb3d485012938d48ad04ac,macosx1015-64-shippable-qr,True,False,,|f|i|s|s|i|o|n| |w|a|r|m| |w|e|b|r|e|n|d|e|r|,102210fe594ee9b33d82058545b1ed14f4c8206e,PerceptualSpeedIndex,google-docs,True,google-docs PerceptualSpeedIndex opt fission warm webrender,,77,ms,firefox,452141797.0,1863588657,2024-03-14 16:10:37,1393078,,,,,,,,,,,,,,,,,,,,,,,,,,,,,,,,,,,,,,,,,,,,,,,,,TN
2257,ff9b11f40854d4b647344c4058dedeeab19224ff,0.18843199276999556,autoland,3779647,13,a34e21034f2e3c317ebb3d485012938d48ad04ac,macosx1015-64-shippable-qr,True,False,,|f|i|s|s|i|o|n| |w|a|r|m| |w|e|b|r|e|n|d|e|r|,102210fe594ee9b33d82058545b1ed14f4c8206e,PerceptualSpeedIndex,google-docs,True,google-docs PerceptualSpeedIndex opt fission warm webrender,,77,ms,firefox,452141793.0,1863589376,2024-03-14 16:13:26,1393081,,,,,,,,,,,,,,,,,,,,,,,,,,,,,,,,,,,,,,,,,,,,,,,,,TN
2258,3f93730f2b49d87467a7609650668946a55f4d4f,0.20605512878445542,autoland,3779647,13,a34e21034f2e3c317ebb3d485012938d48ad04ac,macosx1015-64-shippable-qr,True,False,,|f|i|s|s|i|o|n| |w|a|r|m| |w|e|b|r|e|n|d|e|r|,102210fe594ee9b33d82058545b1ed14f4c8206e,PerceptualSpeedIndex,google-docs,True,google-docs PerceptualSpeedIndex opt fission warm webrender,,77,ms,firefox,452141815.0,1863590154,2024-03-14 17:15:35,1393133,,,,,,,,,,,,,,,,,,,,,,,,,,,,,,,,,,,,,,,,,,,,,,,,,TN
2259,7ea0b5653ebeb4ccf6f697bac20698725e2b44c7,0.20131043831902384,autoland,3779647,13,a34e21034f2e3c317ebb3d485012938d48ad04ac,macosx1015-64-shippable-qr,True,False,,|f|i|s|s|i|o|n| |w|a|r|m| |w|e|b|r|e|n|d|e|r|,102210fe594ee9b33d82058545b1ed14f4c8206e,PerceptualSpeedIndex,google-docs,True,google-docs PerceptualSpeedIndex opt fission warm webrender,,77,ms,firefox,452141826.0,1863591181,2024-03-14 17:34:39,1393173,,,,,,,,,,,,,,,,,,,,,,,,,,,,,,,,,,,,,,,,,,,,,,,,,TN
2260,eb65fb93262537bad82d2eb3fc084d7f7b393e07,0.20262840789275494,autoland,3779647,13,a34e21034f2e3c317ebb3d485012938d48ad04ac,macosx1015-64-shippable-qr,True,False,,|f|i|s|s|i|o|n| |w|a|r|m| |w|e|b|r|e|n|d|e|r|,102210fe594ee9b33d82058545b1ed14f4c8206e,PerceptualSpeedIndex,google-docs,True,google-docs PerceptualSpeedIndex opt fission warm webrender,,77,ms,firefox,451691629.0,1861785720,2024-03-14 17:36:00,1393176,,,,,,,,,,,,,,,,,,,,,,,,,,,,,,,,,,,,,,,,,,,,,,,,,TN
2261,e0d1a1dbfd5c36a2527b566ff831a989ca5ae5f5,0.21472548576592843,autoland,3779647,13,a34e21034f2e3c317ebb3d485012938d48ad04ac,macosx1015-64-shippable-qr,True,False,,|f|i|s|s|i|o|n| |w|a|r|m| |w|e|b|r|e|n|d|e|r|,102210fe594ee9b33d82058545b1ed14f4c8206e,PerceptualSpeedIndex,google-docs,True,google-docs PerceptualSpeedIndex opt fission warm webrender,,77,ms,firefox,450804085.0,1858008201,2024-03-14 17:45:33,1393195,,,,,,,,,,,,,,,,,,,,,,,,,,,,,,,,,,,,,,,,,,,,,,,,,TN
2262,5b75492ce9a7ea8539d2add87bcdb4585c474a9b,0.19814731134206953,autoland,3779647,13,a34e21034f2e3c317ebb3d485012938d48ad04ac,macosx1015-64-shippable-qr,True,False,,|f|i|s|s|i|o|n| |w|a|r|m| |w|e|b|r|e|n|d|e|r|,102210fe594ee9b33d82058545b1ed14f4c8206e,PerceptualSpeedIndex,google-docs,True,google-docs PerceptualSpeedIndex opt fission warm webrender,,77,ms,firefox,451559495.0,1861249568,2024-03-14 17:53:38,1393198,,,,,,,,,,,,,,,,,,,,,,,,,,,,,,,,,,,,,,,,,,,,,,,,,TN
2263,5804e635dd1e6f9bac06c845381fc1e3c434e72e,0.20854044283777684,autoland,3779647,13,a34e21034f2e3c317ebb3d485012938d48ad04ac,macosx1015-64-shippable-qr,True,False,,|f|i|s|s|i|o|n| |w|a|r|m| |w|e|b|r|e|n|d|e|r|,102210fe594ee9b33d82058545b1ed14f4c8206e,PerceptualSpeedIndex,google-docs,True,google-docs PerceptualSpeedIndex opt fission warm webrender,,77,ms,firefox,451559499.0,1861249705,2024-03-14 18:10:45,1393215,,,,,,,,,,,,,,,,,,,,,,,,,,,,,,,,,,,,,,,,,,,,,,,,,TN
2264,b55a2672a570303223d03e32da7933521c414717,0.19272480795300484,autoland,3779647,13,a34e21034f2e3c317ebb3d485012938d48ad04ac,macosx1015-64-shippable-qr,True,False,,|f|i|s|s|i|o|n| |w|a|r|m| |w|e|b|r|e|n|d|e|r|,102210fe594ee9b33d82058545b1ed14f4c8206e,PerceptualSpeedIndex,google-docs,True,google-docs PerceptualSpeedIndex opt fission warm webrender,,77,ms,firefox,451559497.0,1861249593,2024-03-14 18:25:35,1393225,,,,,,,,,,,,,,,,,,,,,,,,,,,,,,,,,,,,,,,,,,,,,,,,,TN
2265,d355d851f95ebdd3e41b0b9bda3eee9f1edb926c,0.2025907516192198,autoland,3779647,13,a34e21034f2e3c317ebb3d485012938d48ad04ac,macosx1015-64-shippable-qr,True,False,,|f|i|s|s|i|o|n| |w|a|r|m| |w|e|b|r|e|n|d|e|r|,102210fe594ee9b33d82058545b1ed14f4c8206e,PerceptualSpeedIndex,google-docs,True,google-docs PerceptualSpeedIndex opt fission warm webrender,,77,ms,firefox,451559498.0,1861249632,2024-03-14 18:31:15,1393231,,,,,,,,,,,,,,,,,,,,,,,,,,,,,,,,,,,,,,,,,,,,,,,,,TN
2266,cb325dd60cf2278346666d539689b3a1ac1bbf37,0.23158608224130117,autoland,3779647,13,a34e21034f2e3c317ebb3d485012938d48ad04ac,macosx1015-64-shippable-qr,True,False,,|f|i|s|s|i|o|n| |w|a|r|m| |w|e|b|r|e|n|d|e|r|,102210fe594ee9b33d82058545b1ed14f4c8206e,PerceptualSpeedIndex,google-docs,True,google-docs PerceptualSpeedIndex opt fission warm webrender,,77,ms,firefox,451559502.0,1861249838,2024-03-14 19:22:00,1393254,,,,,,,,,,,,,,,,,,,,,,,,,,,,,,,,,,,,,,,,,,,,,,,,,TN
2267,df657b8117d29c613b49ddd147b0f6688de87ee1,0.21185419490887192,autoland,3779647,13,a34e21034f2e3c317ebb3d485012938d48ad04ac,macosx1015-64-shippable-qr,True,False,,|f|i|s|s|i|o|n| |w|a|r|m| |w|e|b|r|e|n|d|e|r|,102210fe594ee9b33d82058545b1ed14f4c8206e,PerceptualSpeedIndex,google-docs,True,google-docs PerceptualSpeedIndex opt fission warm webrender,,77,ms,firefox,451559500.0,1861249477,2024-03-14 19:49:28,1393267,,,,,,,,,,,,,,,,,,,,,,,,,,,,,,,,,,,,,,,,,,,,,,,,,TN
2268,db17994abe63b839d18b9907fbb09b2ec02a6683,0.18519355324597075,autoland,3779647,13,a34e21034f2e3c317ebb3d485012938d48ad04ac,macosx1015-64-shippable-qr,True,False,,|f|i|s|s|i|o|n| |w|a|r|m| |w|e|b|r|e|n|d|e|r|,102210fe594ee9b33d82058545b1ed14f4c8206e,PerceptualSpeedIndex,google-docs,True,google-docs PerceptualSpeedIndex opt fission warm webrender,,77,ms,firefox,451559501.0,1861249813,2024-03-14 20:35:13,1393282,,,,,,,,,,,,,,,,,,,,,,,,,,,,,,,,,,,,,,,,,,,,,,,,,TN
2269,6becfa99ec06b6016872ebe106c564d0be49ac10,0.1796204247627653,autoland,3779647,13,a34e21034f2e3c317ebb3d485012938d48ad04ac,macosx1015-64-shippable-qr,True,False,,|f|i|s|s|i|o|n| |w|a|r|m| |w|e|b|r|e|n|d|e|r|,102210fe594ee9b33d82058545b1ed14f4c8206e,PerceptualSpeedIndex,google-docs,True,google-docs PerceptualSpeedIndex opt fission warm webrender,,77,ms,firefox,451559518.0,1861249677,2024-03-14 20:43:56,1393288,,,,,,,,,,,,,,,,,,,,,,,,,,,,,,,,,,,,,,,,,,,,,,,,,TN
2270,02dd9b09a010712f21eedc050648369c27e2a8ef,0.22751920469950293,autoland,3779647,13,a34e21034f2e3c317ebb3d485012938d48ad04ac,macosx1015-64-shippable-qr,True,False,,|f|i|s|s|i|o|n| |w|a|r|m| |w|e|b|r|e|n|d|e|r|,102210fe594ee9b33d82058545b1ed14f4c8206e,PerceptualSpeedIndex,google-docs,True,google-docs PerceptualSpeedIndex opt fission warm webrender,,77,ms,firefox,450860428.0,1858341059,2024-03-14 20:45:39,1393290,,,,,,,,,,,,,,,,,,,,,,,,,,,,,,,,,,,,,,,,,,,,,,,,,TN
2271,65df374506551b71fd3759cdb913ccc38d3900ea,0.333890646181654,autoland,3779647,13,a34e21034f2e3c317ebb3d485012938d48ad04ac,macosx1015-64-shippable-qr,True,False,,|f|i|s|s|i|o|n| |w|a|r|m| |w|e|b|r|e|n|d|e|r|,102210fe594ee9b33d82058545b1ed14f4c8206e,PerceptualSpeedIndex,google-docs,True,google-docs PerceptualSpeedIndex opt fission warm webrender,,77,ms,firefox,450860160.0,1858340871,2024-03-14 20:46:30,1393291,775.87,mozilla-ldap/bacasandrei@mozilla.com,02dd9b09a010712f21eedc050648369c27e2a8ef,41834.0,5.42,735.98,2024-03-18 09:16:03.725580,13.0,13.0,,|191378|191540|191262|191263|191264|191265|191266|191267|191375|191376|191379|191394|191398|191422|191541|191579|191366|191380|191396|191498|191500|,,1393290.0,5.0,4.0,mozilla-ldap/bacasandrei@mozilla.com,,1886726.0,2024-03-25 08:09:57.357781,,1.0,39.88,191875.0,,,41834.0,,True,False,bacasandrei@mozilla.com,,,bacasandrei@mozilla.com,2024-03-16 08:09:57.357781,,,SKEWED,,2024-03-21 11:59:58.684106,,,False,,7.11,google-docs,,"fission, warm, webrender",2024-03-21 08:09:57.357781,SP
2272,4aafa3f8df2d114c339ecbbb31ec97cc28d9c6e5,0.36240397650248535,autoland,3779647,13,a34e21034f2e3c317ebb3d485012938d48ad04ac,macosx1015-64-shippable-qr,True,False,,|f|i|s|s|i|o|n| |w|a|r|m| |w|e|b|r|e|n|d|e|r|,102210fe594ee9b33d82058545b1ed14f4c8206e,PerceptualSpeedIndex,google-docs,True,google-docs PerceptualSpeedIndex opt fission warm webrender,,77,ms,firefox,451111883.0,1859516592,2024-03-14 20:47:27,1393292,,,,,,,,,,,,,,,,,,,,,,,,,,,,,,,,,,,,,,,,,,,,,,,,,TN
2273,763032da4fc34b77771e2ab90f9c00c25a8178bb,0.33043380027112534,autoland,3779647,13,a34e21034f2e3c317ebb3d485012938d48ad04ac,macosx1015-64-shippable-qr,True,False,,|f|i|s|s|i|o|n| |w|a|r|m| |w|e|b|r|e|n|d|e|r|,102210fe594ee9b33d82058545b1ed14f4c8206e,PerceptualSpeedIndex,google-docs,True,google-docs PerceptualSpeedIndex opt fission warm webrender,,77,ms,firefox,451108105.0,1859497329,2024-03-14 20:48:19,1393293,,,,,,,,,,,,,,,,,,,,,,,,,,,,,,,,,,,,,,,,,,,,,,,,,TN
2274,45479c42ced9e048a32e2b1f410788b7602ac63c,0.3015137821961138,autoland,3779647,13,a34e21034f2e3c317ebb3d485012938d48ad04ac,macosx1015-64-shippable-qr,True,False,,|f|i|s|s|i|o|n| |w|a|r|m| |w|e|b|r|e|n|d|e|r|,102210fe594ee9b33d82058545b1ed14f4c8206e,PerceptualSpeedIndex,google-docs,True,google-docs PerceptualSpeedIndex opt fission warm webrender,,77,ms,firefox,451127726.0,1859581087,2024-03-14 20:49:11,1393294,,,,,,,,,,,,,,,,,,,,,,,,,,,,,,,,,,,,,,,,,,,,,,,,,TN
2275,4f9493a15fc3d28baff0e5b7cba3e41c8c23aa21,0.29021690013556256,autoland,3779647,13,a34e21034f2e3c317ebb3d485012938d48ad04ac,macosx1015-64-shippable-qr,True,False,,|f|i|s|s|i|o|n| |w|a|r|m| |w|e|b|r|e|n|d|e|r|,102210fe594ee9b33d82058545b1ed14f4c8206e,PerceptualSpeedIndex,google-docs,True,google-docs PerceptualSpeedIndex opt fission warm webrender,,77,ms,firefox,451164574.0,1859709887,2024-03-14 20:50:01,1393295,,,,,,,,,,,,,,,,,,,,,,,,,,,,,,,,,,,,,,,,,,,,,,,,,TN
2276,278273f1c1fdca23ad419f0bd277a616aa240d1e,0.2830998644374152,autoland,3779647,13,a34e21034f2e3c317ebb3d485012938d48ad04ac,macosx1015-64-shippable-qr,True,False,,|f|i|s|s|i|o|n| |w|a|r|m| |w|e|b|r|e|n|d|e|r|,102210fe594ee9b33d82058545b1ed14f4c8206e,PerceptualSpeedIndex,google-docs,True,google-docs PerceptualSpeedIndex opt fission warm webrender,,77,ms,firefox,450846649.0,1858166947,2024-03-14 21:51:03,1393332,,,,,,,,,,,,,,,,,,,,,,,,,,,,,,,,,,,,,,,,,,,,,,,,,TN
2277,c23cf6deede38f8c97dc6dc9b36b9afefe5b5010,0.290555806597379,autoland,3779647,13,a34e21034f2e3c317ebb3d485012938d48ad04ac,macosx1015-64-shippable-qr,True,False,,|f|i|s|s|i|o|n| |w|a|r|m| |w|e|b|r|e|n|d|e|r|,102210fe594ee9b33d82058545b1ed14f4c8206e,PerceptualSpeedIndex,google-docs,True,google-docs PerceptualSpeedIndex opt fission warm webrender,,77,ms,firefox,451559558.0,1861255517,2024-03-14 22:20:08,1393354,,,,,,,,,,,,,,,,,,,,,,,,,,,,,,,,,,,,,,,,,,,,,,,,,TN
2278,e18af9ec05f36a6f63a2e3889d5bc27f11be4267,0.2318120198825122,autoland,3779647,13,a34e21034f2e3c317ebb3d485012938d48ad04ac,macosx1015-64-shippable-qr,True,False,,|f|i|s|s|i|o|n| |w|a|r|m| |w|e|b|r|e|n|d|e|r|,102210fe594ee9b33d82058545b1ed14f4c8206e,PerceptualSpeedIndex,google-docs,True,google-docs PerceptualSpeedIndex opt fission warm webrender,,77,ms,firefox,450848672.0,1858193307,2024-03-15 00:00:33,1393414,,,,,,,,,,,,,,,,,,,,,,,,,,,,,,,,,,,,,,,,,,,,,,,,,TN
2279,ee16900a94843f36729f17c28cf9932ab52ba0ae,0.29123361952101234,autoland,3779647,13,a34e21034f2e3c317ebb3d485012938d48ad04ac,macosx1015-64-shippable-qr,True,False,,|f|i|s|s|i|o|n| |w|a|r|m| |w|e|b|r|e|n|d|e|r|,102210fe594ee9b33d82058545b1ed14f4c8206e,PerceptualSpeedIndex,google-docs,True,google-docs PerceptualSpeedIndex opt fission warm webrender,,77,ms,firefox,451560148.0,1861256862,2024-03-15 00:01:47,1393416,,,,,,,,,,,,,,,,,,,,,,,,,,,,,,,,,,,,,,,,,,,,,,,,,TN
2280,be3fca116905314a5c3ce1953ed6d67269b2ea13,0.29326705829191146,autoland,3779647,13,a34e21034f2e3c317ebb3d485012938d48ad04ac,macosx1015-64-shippable-qr,True,False,,|f|i|s|s|i|o|n| |w|a|r|m| |w|e|b|r|e|n|d|e|r|,102210fe594ee9b33d82058545b1ed14f4c8206e,PerceptualSpeedIndex,google-docs,True,google-docs PerceptualSpeedIndex opt fission warm webrender,,77,ms,firefox,450980047.0,1858866783,2024-03-15 00:02:35,1393418,,,,,,,,,,,,,,,,,,,,,,,,,,,,,,,,,,,,,,,,,,,,,,,,,TN
2281,a4b18fc0529b53bf1ce429dbb5bc790ea118db90,0.37957523723452335,autoland,3779647,13,a34e21034f2e3c317ebb3d485012938d48ad04ac,macosx1015-64-shippable-qr,True,False,,|f|i|s|s|i|o|n| |w|a|r|m| |w|e|b|r|e|n|d|e|r|,102210fe594ee9b33d82058545b1ed14f4c8206e,PerceptualSpeedIndex,google-docs,True,google-docs PerceptualSpeedIndex opt fission warm webrender,,77,ms,firefox,450980531.0,1858875141,2024-03-15 00:03:24,1393419,,,,,,,,,,,,,,,,,,,,,,,,,,,,,,,,,,,,,,,,,,,,,,,,,TN
2282,0eb2b661743e4b5d2ed6cf61116bc5ade9da405b,0.31834613646633536,autoland,3779647,13,a34e21034f2e3c317ebb3d485012938d48ad04ac,macosx1015-64-shippable-qr,True,False,,|f|i|s|s|i|o|n| |w|a|r|m| |w|e|b|r|e|n|d|e|r|,102210fe594ee9b33d82058545b1ed14f4c8206e,PerceptualSpeedIndex,google-docs,True,google-docs PerceptualSpeedIndex opt fission warm webrender,,77,ms,firefox,450863772.0,1858370525,2024-03-15 06:02:39,1393511,,,,,,,,,,,,,,,,,,,,,,,,,,,,,,,,,,,,,,,,,,,,,,,,,TN
2283,02d8b0bd788352c236ca20d0163498e5ee3faa07,0.2715770447356529,autoland,3779647,13,a34e21034f2e3c317ebb3d485012938d48ad04ac,macosx1015-64-shippable-qr,True,False,,|f|i|s|s|i|o|n| |w|a|r|m| |w|e|b|r|e|n|d|e|r|,102210fe594ee9b33d82058545b1ed14f4c8206e,PerceptualSpeedIndex,google-docs,True,google-docs PerceptualSpeedIndex opt fission warm webrender,,77,ms,firefox,450886939.0,1858477533,2024-03-15 09:39:32,1393552,,,,,,,,,,,,,,,,,,,,,,,,,,,,,,,,,,,,,,,,,,,,,,,,,TN
2284,4b69d32113781e4489234ce2c9cf8f5b5dcbce5a,0.27089923181202,autoland,3779647,13,a34e21034f2e3c317ebb3d485012938d48ad04ac,macosx1015-64-shippable-qr,True,False,,|f|i|s|s|i|o|n| |w|a|r|m| |w|e|b|r|e|n|d|e|r|,102210fe594ee9b33d82058545b1ed14f4c8206e,PerceptualSpeedIndex,google-docs,True,google-docs PerceptualSpeedIndex opt fission warm webrender,,77,ms,firefox,450909481.0,1858565970,2024-03-15 14:14:34,1393636,,,,,,,,,,,,,,,,,,,,,,,,,,,,,,,,,,,,,,,,,,,,,,,,,TN
2285,eff5ebeb21a902d6ed24f356b4a4b41e89ff1172,0.3897424310890196,autoland,3779647,13,a34e21034f2e3c317ebb3d485012938d48ad04ac,macosx1015-64-shippable-qr,True,False,,|f|i|s|s|i|o|n| |w|a|r|m| |w|e|b|r|e|n|d|e|r|,102210fe594ee9b33d82058545b1ed14f4c8206e,PerceptualSpeedIndex,google-docs,True,google-docs PerceptualSpeedIndex opt fission warm webrender,,77,ms,firefox,450925533.0,1858629978,2024-03-15 16:14:11,1393715,,,,,,,,,,,,,,,,,,,,,,,,,,,,,,,,,,,,,,,,,,,,,,,,,TN
2286,f4367b1826eb51a4bbcde0cd6ae1a5b1644115d0,0.3217352010845007,autoland,3779647,13,a34e21034f2e3c317ebb3d485012938d48ad04ac,macosx1015-64-shippable-qr,True,False,,|f|i|s|s|i|o|n| |w|a|r|m| |w|e|b|r|e|n|d|e|r|,102210fe594ee9b33d82058545b1ed14f4c8206e,PerceptualSpeedIndex,google-docs,True,google-docs PerceptualSpeedIndex opt fission warm webrender,,77,ms,firefox,450969066.0,1858800129,2024-03-15 20:55:49,1393941,,,,,,,,,,,,,,,,,,,,,,,,,,,,,,,,,,,,,,,,,,,,,,,,,TN
2287,bbe046e25d1447071e399f377b669bbe9cbf3bf3,0.44148215092634446,autoland,3779647,13,a34e21034f2e3c317ebb3d485012938d48ad04ac,macosx1015-64-shippable-qr,True,False,,|f|i|s|s|i|o|n| |w|a|r|m| |w|e|b|r|e|n|d|e|r|,102210fe594ee9b33d82058545b1ed14f4c8206e,PerceptualSpeedIndex,google-docs,True,google-docs PerceptualSpeedIndex opt fission warm webrender,,77,ms,firefox,450975313.0,1858832895,2024-03-16 01:29:19,1394036,,,,,,,,,,,,,,,,,,,,,,,,,,,,,,,,,,,,,,,,,,,,,,,,,TN
2288,a7134d792577d5d0529bf81b769c32138f7bb0c0,0.30976050610031614,autoland,3779647,13,a34e21034f2e3c317ebb3d485012938d48ad04ac,macosx1015-64-shippable-qr,True,False,,|f|i|s|s|i|o|n| |w|a|r|m| |w|e|b|r|e|n|d|e|r|,102210fe594ee9b33d82058545b1ed14f4c8206e,PerceptualSpeedIndex,google-docs,True,google-docs PerceptualSpeedIndex opt fission warm webrender,,77,ms,firefox,450981437.0,1858884571,2024-03-16 06:01:10,1394058,,,,,,,,,,,,,,,,,,,,,,,,,,,,,,,,,,,,,,,,,,,,,,,,,TN
2289,a65344e02551e44aca46a84016a3a07cce9d23e6,0.2916403072751921,autoland,3779647,13,a34e21034f2e3c317ebb3d485012938d48ad04ac,macosx1015-64-shippable-qr,True,False,,|f|i|s|s|i|o|n| |w|a|r|m| |w|e|b|r|e|n|d|e|r|,102210fe594ee9b33d82058545b1ed14f4c8206e,PerceptualSpeedIndex,google-docs,True,google-docs PerceptualSpeedIndex opt fission warm webrender,,77,ms,firefox,451015833.0,1859002743,2024-03-16 15:16:53,1394103,,,,,,,,,,,,,,,,,,,,,,,,,,,,,,,,,,,,,,,,,,,,,,,,,TN
2290,7ef716435af3dee46482a893f4a3b29a4d3faafe,0.29198674499171573,autoland,3779647,13,a34e21034f2e3c317ebb3d485012938d48ad04ac,macosx1015-64-shippable-qr,True,False,,|f|i|s|s|i|o|n| |w|a|r|m| |w|e|b|r|e|n|d|e|r|,102210fe594ee9b33d82058545b1ed14f4c8206e,PerceptualSpeedIndex,google-docs,True,google-docs PerceptualSpeedIndex opt fission warm webrender,,77,ms,firefox,451041431.0,1859131396,2024-03-17 07:03:06,1394146,,,,,,,,,,,,,,,,,,,,,,,,,,,,,,,,,,,,,,,,,,,,,,,,,TN
2291,47d63b18299914bf2eecdeb64fe8df0a52605aec,0.3497514685946679,autoland,3779647,13,a34e21034f2e3c317ebb3d485012938d48ad04ac,macosx1015-64-shippable-qr,True,False,,|f|i|s|s|i|o|n| |w|a|r|m| |w|e|b|r|e|n|d|e|r|,102210fe594ee9b33d82058545b1ed14f4c8206e,PerceptualSpeedIndex,google-docs,True,google-docs PerceptualSpeedIndex opt fission warm webrender,,77,ms,firefox,451051083.0,1859162381,2024-03-17 13:56:17,1394162,,,,,,,,,,,,,,,,,,,,,,,,,,,,,,,,,,,,,,,,,,,,,,,,,TN
2292,164fcac77feead59372521b0072049f25a4c9692,0.2830433800271126,autoland,3779647,13,a34e21034f2e3c317ebb3d485012938d48ad04ac,macosx1015-64-shippable-qr,True,False,,|f|i|s|s|i|o|n| |w|a|r|m| |w|e|b|r|e|n|d|e|r|,102210fe594ee9b33d82058545b1ed14f4c8206e,PerceptualSpeedIndex,google-docs,True,google-docs PerceptualSpeedIndex opt fission warm webrender,,77,ms,firefox,451056078.0,1859195945,2024-03-17 19:02:19,1394171,,,,,,,,,,,,,,,,,,,,,,,,,,,,,,,,,,,,,,,,,,,,,,,,,TN
2293,469d4a744966c133ae480dc66643d47b77aa3209,0.3034342521464075,autoland,3779647,13,a34e21034f2e3c317ebb3d485012938d48ad04ac,macosx1015-64-shippable-qr,True,False,,|f|i|s|s|i|o|n| |w|a|r|m| |w|e|b|r|e|n|d|e|r|,102210fe594ee9b33d82058545b1ed14f4c8206e,PerceptualSpeedIndex,google-docs,True,google-docs PerceptualSpeedIndex opt fission warm webrender,,77,ms,firefox,451076511.0,1859310959,2024-03-18 01:14:25,1394186,,,,,,,,,,,,,,,,,,,,,,,,,,,,,,,,,,,,,,,,,,,,,,,,,TN
2294,9ae71156ef3c731f44e2af8d1d9c34b7eb7c6c9b,0.331902394938997,autoland,3779647,13,a34e21034f2e3c317ebb3d485012938d48ad04ac,macosx1015-64-shippable-qr,True,False,,|f|i|s|s|i|o|n| |w|a|r|m| |w|e|b|r|e|n|d|e|r|,102210fe594ee9b33d82058545b1ed14f4c8206e,PerceptualSpeedIndex,google-docs,True,google-docs PerceptualSpeedIndex opt fission warm webrender,,77,ms,firefox,451091161.0,1859412357,2024-03-18 07:02:14,1394207,,,,,,,,,,,,,,,,,,,,,,,,,,,,,,,,,,,,,,,,,,,,,,,,,TN
2295,d3946837037d31a7b6f83b1977e57c4ea384c904,0.38635336647085405,autoland,3779647,13,a34e21034f2e3c317ebb3d485012938d48ad04ac,macosx1015-64-shippable-qr,True,False,,|f|i|s|s|i|o|n| |w|a|r|m| |w|e|b|r|e|n|d|e|r|,102210fe594ee9b33d82058545b1ed14f4c8206e,PerceptualSpeedIndex,google-docs,True,google-docs PerceptualSpeedIndex opt fission warm webrender,,77,ms,firefox,451100332.0,1859457801,2024-03-18 09:15:45,1394248,,,,,,,,,,,,,,,,,,,,,,,,,,,,,,,,,,,,,,,,,,,,,,,,,TN
2296,9a84c7a992c26cd844507c8b4a7215e1aa1dd56e,0.27925892453682777,autoland,3779647,13,a34e21034f2e3c317ebb3d485012938d48ad04ac,macosx1015-64-shippable-qr,True,False,,|f|i|s|s|i|o|n| |w|a|r|m| |w|e|b|r|e|n|d|e|r|,102210fe594ee9b33d82058545b1ed14f4c8206e,PerceptualSpeedIndex,google-docs,True,google-docs PerceptualSpeedIndex opt fission warm webrender,,77,ms,firefox,451200725.0,1859875793,2024-03-18 16:13:31,1394426,,,,,,,,,,,,,,,,,,,,,,,,,,,,,,,,,,,,,,,,,,,,,,,,,TN
2297,ab4a4d632bcfcdcb0f37c6791a75467e73c47795,0.2973339358337097,autoland,3779647,13,a34e21034f2e3c317ebb3d485012938d48ad04ac,macosx1015-64-shippable-qr,True,False,,|f|i|s|s|i|o|n| |w|a|r|m| |w|e|b|r|e|n|d|e|r|,102210fe594ee9b33d82058545b1ed14f4c8206e,PerceptualSpeedIndex,google-docs,True,google-docs PerceptualSpeedIndex opt fission warm webrender,,77,ms,firefox,451201732.0,1859895317,2024-03-18 17:45:54,1394460,,,,,,,,,,,,,,,,,,,,,,,,,,,,,,,,,,,,,,,,,,,,,,,,,TN
2298,3d0c771e9c28d7bad460e8683406e4a832de5d93,0.2763217352010845,autoland,3779647,13,a34e21034f2e3c317ebb3d485012938d48ad04ac,macosx1015-64-shippable-qr,True,False,,|f|i|s|s|i|o|n| |w|a|r|m| |w|e|b|r|e|n|d|e|r|,102210fe594ee9b33d82058545b1ed14f4c8206e,PerceptualSpeedIndex,google-docs,True,google-docs PerceptualSpeedIndex opt fission warm webrender,,77,ms,firefox,451201944.0,1859909525,2024-03-18 20:20:59,1394525,,,,,,,,,,,,,,,,,,,,,,,,,,,,,,,,,,,,,,,,,,,,,,,,,TN
2299,0febedb51783638cc944e4b495547ccfedb4c43f,0.29078174423859005,autoland,3779647,13,a34e21034f2e3c317ebb3d485012938d48ad04ac,macosx1015-64-shippable-qr,True,False,,|f|i|s|s|i|o|n| |w|a|r|m| |w|e|b|r|e|n|d|e|r|,102210fe594ee9b33d82058545b1ed14f4c8206e,PerceptualSpeedIndex,google-docs,True,google-docs PerceptualSpeedIndex opt fission warm webrender,,77,ms,firefox,451219516.0,1859958017,2024-03-19 01:00:45,1394573,,,,,,,,,,,,,,,,,,,,,,,,,,,,,,,,,,,,,,,,,,,,,,,,,TN
2300,16ddc2d8ba870a73f3a200338e1400a51d2299c1,0.3260280162675102,autoland,3779647,13,a34e21034f2e3c317ebb3d485012938d48ad04ac,macosx1015-64-shippable-qr,True,False,,|f|i|s|s|i|o|n| |w|a|r|m| |w|e|b|r|e|n|d|e|r|,102210fe594ee9b33d82058545b1ed14f4c8206e,PerceptualSpeedIndex,google-docs,True,google-docs PerceptualSpeedIndex opt fission warm webrender,,77,ms,firefox,451225507.0,1859977334,2024-03-19 02:26:21,1394599,,,,,,,,,,,,,,,,,,,,,,,,,,,,,,,,,,,,,,,,,,,,,,,,,TN
2301,0fbe242e1d975dcdea4df1bc8187bd9ecfe80291,0.40103931314957086,autoland,3779647,13,a34e21034f2e3c317ebb3d485012938d48ad04ac,macosx1015-64-shippable-qr,True,False,,|f|i|s|s|i|o|n| |w|a|r|m| |w|e|b|r|e|n|d|e|r|,102210fe594ee9b33d82058545b1ed14f4c8206e,PerceptualSpeedIndex,google-docs,True,google-docs PerceptualSpeedIndex opt fission warm webrender,,77,ms,firefox,451242925.0,1860051827,2024-03-19 06:03:35,1394632,,,,,,,,,,,,,,,,,,,,,,,,,,,,,,,,,,,,,,,,,,,,,,,,,TN
2302,a4280d9d04d7841f3a7286d7cb6d9667ed276e03,0.32376863985539983,autoland,3779647,13,a34e21034f2e3c317ebb3d485012938d48ad04ac,macosx1015-64-shippable-qr,True,False,,|f|i|s|s|i|o|n| |w|a|r|m| |w|e|b|r|e|n|d|e|r|,102210fe594ee9b33d82058545b1ed14f4c8206e,PerceptualSpeedIndex,google-docs,True,google-docs PerceptualSpeedIndex opt fission warm webrender,,77,ms,firefox,451289216.0,1860479650,2024-03-19 11:15:16,1394711,,,,,,,,,,,,,,,,,,,,,,,,,,,,,,,,,,,,,,,,,,,,,,,,,TN
2303,43d89580ba9c295f67bc3df94ba1aac23b435b63,0.3653411658382286,autoland,3779647,13,a34e21034f2e3c317ebb3d485012938d48ad04ac,macosx1015-64-shippable-qr,True,False,,|f|i|s|s|i|o|n| |w|a|r|m| |w|e|b|r|e|n|d|e|r|,102210fe594ee9b33d82058545b1ed14f4c8206e,PerceptualSpeedIndex,google-docs,True,google-docs PerceptualSpeedIndex opt fission warm webrender,,77,ms,firefox,451316838.0,1860516367,2024-03-19 13:28:22,1394763,,,,,,,,,,,,,,,,,,,,,,,,,,,,,,,,,,,,,,,,,,,,,,,,,TN
2304,dc2c79ec121bc45d80e22abc7b35f291f62d7386,0.2923633077270673,autoland,3779647,13,a34e21034f2e3c317ebb3d485012938d48ad04ac,macosx1015-64-shippable-qr,True,False,,|f|i|s|s|i|o|n| |w|a|r|m| |w|e|b|r|e|n|d|e|r|,102210fe594ee9b33d82058545b1ed14f4c8206e,PerceptualSpeedIndex,google-docs,True,google-docs PerceptualSpeedIndex opt fission warm webrender,,77,ms,firefox,452249432.0,1864035495,2024-03-19 15:33:57,1394830,,,,,,,,,,,,,,,,,,,,,,,,,,,,,,,,,,,,,,,,,,,,,,,,,TN
2305,2092d43bfaaeefc21ae6a09ba0b9e0a73668ed37,0.2849073655671033,autoland,3779647,13,a34e21034f2e3c317ebb3d485012938d48ad04ac,macosx1015-64-shippable-qr,True,False,,|f|i|s|s|i|o|n| |w|a|r|m| |w|e|b|r|e|n|d|e|r|,102210fe594ee9b33d82058545b1ed14f4c8206e,PerceptualSpeedIndex,google-docs,True,google-docs PerceptualSpeedIndex opt fission warm webrender,,77,ms,firefox,452249455.0,1864036014,2024-03-19 15:34:55,1394832,,,,,,,,,,,,,,,,,,,,,,,,,,,,,,,,,,,,,,,,,,,,,,,,,TN
2306,f983e945bb0df08a6d90ac794e316776e2eb7892,0.39426118391323994,autoland,3779647,13,a34e21034f2e3c317ebb3d485012938d48ad04ac,macosx1015-64-shippable-qr,True,False,,|f|i|s|s|i|o|n| |w|a|r|m| |w|e|b|r|e|n|d|e|r|,102210fe594ee9b33d82058545b1ed14f4c8206e,PerceptualSpeedIndex,google-docs,True,google-docs PerceptualSpeedIndex opt fission warm webrender,,77,ms,firefox,452249447.0,1864036068,2024-03-19 15:35:48,1394833,,,,,,,,,,,,,,,,,,,,,,,,,,,,,,,,,,,,,,,,,,,,,,,,,TN
2307,5b4c193400a219eeb807076839e43da8f9bacce5,0.30908269317668324,autoland,3779647,13,a34e21034f2e3c317ebb3d485012938d48ad04ac,macosx1015-64-shippable-qr,True,False,,|f|i|s|s|i|o|n| |w|a|r|m| |w|e|b|r|e|n|d|e|r|,102210fe594ee9b33d82058545b1ed14f4c8206e,PerceptualSpeedIndex,google-docs,True,google-docs PerceptualSpeedIndex opt fission warm webrender,,77,ms,firefox,452249458.0,1864036252,2024-03-19 15:36:41,1394835,,,,,,,,,,,,,,,,,,,,,,,,,,,,,,,,,,,,,,,,,,,,,,,,,TN
2308,dc701f4ef6c47286e8c2603ecc472cbaa342a608,0.30795300497062805,autoland,3779647,13,a34e21034f2e3c317ebb3d485012938d48ad04ac,macosx1015-64-shippable-qr,True,False,,|f|i|s|s|i|o|n| |w|a|r|m| |w|e|b|r|e|n|d|e|r|,102210fe594ee9b33d82058545b1ed14f4c8206e,PerceptualSpeedIndex,google-docs,True,google-docs PerceptualSpeedIndex opt fission warm webrender,,77,ms,firefox,452116952.0,1863471589,2024-03-19 15:37:56,1394836,,,,,,,,,,,,,,,,,,,,,,,,,,,,,,,,,,,,,,,,,,,,,,,,,TN
2309,79f80b3cf047bd2b1e6527a6c44053230722f1f7,0.3136014460009038,autoland,3779647,13,a34e21034f2e3c317ebb3d485012938d48ad04ac,macosx1015-64-shippable-qr,True,False,,|f|i|s|s|i|o|n| |w|a|r|m| |w|e|b|r|e|n|d|e|r|,102210fe594ee9b33d82058545b1ed14f4c8206e,PerceptualSpeedIndex,google-docs,True,google-docs PerceptualSpeedIndex opt fission warm webrender,,77,ms,firefox,452116950.0,1863471672,2024-03-19 15:38:50,1394837,,,,,,,,,,,,,,,,,,,,,,,,,,,,,,,,,,,,,,,,,,,,,,,,,TN
2310,6be5ac2730b807b3b16659edc3d79b645564c79b,0.33303208314505195,autoland,3779647,13,a34e21034f2e3c317ebb3d485012938d48ad04ac,macosx1015-64-shippable-qr,True,False,,|f|i|s|s|i|o|n| |w|a|r|m| |w|e|b|r|e|n|d|e|r|,102210fe594ee9b33d82058545b1ed14f4c8206e,PerceptualSpeedIndex,google-docs,True,google-docs PerceptualSpeedIndex opt fission warm webrender,,77,ms,firefox,452116949.0,1863471718,2024-03-19 15:39:40,1394838,,,,,,,,,,,,,,,,,,,,,,,,,,,,,,,,,,,,,,,,,,,,,,,,,TN
2311,7343078a368c7afc58db7d3236d03fcdca07b1fd,0.3014008133755084,autoland,3779647,13,a34e21034f2e3c317ebb3d485012938d48ad04ac,macosx1015-64-shippable-qr,True,False,,|f|i|s|s|i|o|n| |w|a|r|m| |w|e|b|r|e|n|d|e|r|,102210fe594ee9b33d82058545b1ed14f4c8206e,PerceptualSpeedIndex,google-docs,True,google-docs PerceptualSpeedIndex opt fission warm webrender,,77,ms,firefox,452116948.0,1863471555,2024-03-19 16:34:39,1394861,,,,,,,,,,,,,,,,,,,,,,,,,,,,,,,,,,,,,,,,,,,,,,,,,TN
2312,f1fbe41260ccd8c334edcef9a356b9484bd15710,0.29484862178038873,autoland,3779647,13,a34e21034f2e3c317ebb3d485012938d48ad04ac,macosx1015-64-shippable-qr,True,False,,|f|i|s|s|i|o|n| |w|a|r|m| |w|e|b|r|e|n|d|e|r|,102210fe594ee9b33d82058545b1ed14f4c8206e,PerceptualSpeedIndex,google-docs,True,google-docs PerceptualSpeedIndex opt fission warm webrender,,77,ms,firefox,451430507.0,1860780990,2024-03-19 17:01:41,1394871,,,,,,,,,,,,,,,,,,,,,,,,,,,,,,,,,,,,,,,,,,,,,,,,,TN
2313,90c7bb425e9215f104b1646f0cb78f064eee85b8,0.31891098056936285,autoland,3779647,13,a34e21034f2e3c317ebb3d485012938d48ad04ac,macosx1015-64-shippable-qr,True,False,,|f|i|s|s|i|o|n| |w|a|r|m| |w|e|b|r|e|n|d|e|r|,102210fe594ee9b33d82058545b1ed14f4c8206e,PerceptualSpeedIndex,google-docs,True,google-docs PerceptualSpeedIndex opt fission warm webrender,,77,ms,firefox,451430969.0,1860787888,2024-03-19 17:02:34,1394872,,,,,,,,,,,,,,,,,,,,,,,,,,,,,,,,,,,,,,,,,,,,,,,,,TN
2314,3d4f500d317cd4c54e93299c01efed1c4354deb7,0.3204925440578399,autoland,3779647,13,a34e21034f2e3c317ebb3d485012938d48ad04ac,macosx1015-64-shippable-qr,True,False,,|f|i|s|s|i|o|n| |w|a|r|m| |w|e|b|r|e|n|d|e|r|,102210fe594ee9b33d82058545b1ed14f4c8206e,PerceptualSpeedIndex,google-docs,True,google-docs PerceptualSpeedIndex opt fission warm webrender,,77,ms,firefox,451359110.0,1860549345,2024-03-19 17:03:22,1394873,,,,,,,,,,,,,,,,,,,,,,,,,,,,,,,,,,,,,,,,,,,,,,,,,TN
2315,7305404462c07cbaecb903621abbdf6c87a6f5cd,0.30727519204699516,autoland,3779647,13,a34e21034f2e3c317ebb3d485012938d48ad04ac,macosx1015-64-shippable-qr,True,False,,|f|i|s|s|i|o|n| |w|a|r|m| |w|e|b|r|e|n|d|e|r|,102210fe594ee9b33d82058545b1ed14f4c8206e,PerceptualSpeedIndex,google-docs,True,google-docs PerceptualSpeedIndex opt fission warm webrender,,77,ms,firefox,452150351.0,1863637731,2024-03-19 17:05:18,1394874,,,,,,,,,,,,,,,,,,,,,,,,,,,,,,,,,,,,,,,,,,,,,,,,,TN
2316,b385fda596419557a627195eeca04e00e5e70853,0.3142792589245367,autoland,3779647,13,a34e21034f2e3c317ebb3d485012938d48ad04ac,macosx1015-64-shippable-qr,True,False,,|f|i|s|s|i|o|n| |w|a|r|m| |w|e|b|r|e|n|d|e|r|,102210fe594ee9b33d82058545b1ed14f4c8206e,PerceptualSpeedIndex,google-docs,True,google-docs PerceptualSpeedIndex opt fission warm webrender,,77,ms,firefox,452125055.0,1863509438,2024-03-19 17:06:07,1394875,,,,,,,,,,,,,,,,,,,,,,,,,,,,,,,,,,,,,,,,,,,,,,,,,TN
2317,37ad73d4bc67da9987ba83e4312129adcab098b1,0.26818798011748757,autoland,3779647,13,a34e21034f2e3c317ebb3d485012938d48ad04ac,macosx1015-64-shippable-qr,True,False,,|f|i|s|s|i|o|n| |w|a|r|m| |w|e|b|r|e|n|d|e|r|,102210fe594ee9b33d82058545b1ed14f4c8206e,PerceptualSpeedIndex,google-docs,True,google-docs PerceptualSpeedIndex opt fission warm webrender,,77,ms,firefox,452136585.0,1863552921,2024-03-19 17:07:00,1394877,,,,,,,,,,,,,,,,,,,,,,,,,,,,,,,,,,,,,,,,,,,,,,,,,TN
2318,075d02b3d330cb754d21972246fd20adb3ec0b41,0.2769995481247174,autoland,3779647,13,a34e21034f2e3c317ebb3d485012938d48ad04ac,macosx1015-64-shippable-qr,True,False,,|f|i|s|s|i|o|n| |w|a|r|m| |w|e|b|r|e|n|d|e|r|,102210fe594ee9b33d82058545b1ed14f4c8206e,PerceptualSpeedIndex,google-docs,True,google-docs PerceptualSpeedIndex opt fission warm webrender,,77,ms,firefox,451430796.0,1860786523,2024-03-19 17:10:24,1394878,,,,,,,,,,,,,,,,,,,,,,,,,,,,,,,,,,,,,,,,,,,,,,,,,TN
2319,b2f4fc8e6b027e886b2e54c0810b8338eae1f9a0,0.3054676909173071,autoland,3779647,13,a34e21034f2e3c317ebb3d485012938d48ad04ac,macosx1015-64-shippable-qr,True,False,,|f|i|s|s|i|o|n| |w|a|r|m| |w|e|b|r|e|n|d|e|r|,102210fe594ee9b33d82058545b1ed14f4c8206e,PerceptualSpeedIndex,google-docs,True,google-docs PerceptualSpeedIndex opt fission warm webrender,,77,ms,firefox,451430238.0,1860771354,2024-03-19 17:11:12,1394879,,,,,,,,,,,,,,,,,,,,,,,,,,,,,,,,,,,,,,,,,,,,,,,,,TN
2320,0b1b88d093f40f192d0d1fc959c0fcfaaebc3c68,0.3106642566651605,autoland,3779647,13,a34e21034f2e3c317ebb3d485012938d48ad04ac,macosx1015-64-shippable-qr,True,False,,|f|i|s|s|i|o|n| |w|a|r|m| |w|e|b|r|e|n|d|e|r|,102210fe594ee9b33d82058545b1ed14f4c8206e,PerceptualSpeedIndex,google-docs,True,google-docs PerceptualSpeedIndex opt fission warm webrender,,77,ms,firefox,452156520.0,1863655733,2024-03-19 17:11:58,1394883,,,,,,,,,,,,,,,,,,,,,,,,,,,,,,,,,,,,,,,,,,,,,,,,,TN
2321,c5e567a16b9bdfa4d4b95c996419580ace3d7e61,0.28400361500225935,autoland,3779647,13,a34e21034f2e3c317ebb3d485012938d48ad04ac,macosx1015-64-shippable-qr,True,False,,|f|i|s|s|i|o|n| |w|a|r|m| |w|e|b|r|e|n|d|e|r|,102210fe594ee9b33d82058545b1ed14f4c8206e,PerceptualSpeedIndex,google-docs,True,google-docs PerceptualSpeedIndex opt fission warm webrender,,77,ms,firefox,452132894.0,1863538126,2024-03-19 17:12:43,1394884,,,,,,,,,,,,,,,,,,,,,,,,,,,,,,,,,,,,,,,,,,,,,,,,,TN
2322,b9c4f8219055730cdbeebf4409b982580f466cd2,0.2934929959331225,autoland,3779647,13,a34e21034f2e3c317ebb3d485012938d48ad04ac,macosx1015-64-shippable-qr,True,False,,|f|i|s|s|i|o|n| |w|a|r|m| |w|e|b|r|e|n|d|e|r|,102210fe594ee9b33d82058545b1ed14f4c8206e,PerceptualSpeedIndex,google-docs,True,google-docs PerceptualSpeedIndex opt fission warm webrender,,77,ms,firefox,452155308.0,1863648226,2024-03-19 17:13:28,1394885,,,,,,,,,,,,,,,,,,,,,,,,,,,,,,,,,,,,,,,,,,,,,,,,,TN
2323,133faaf08dd783faeb88f98aa8104fb3c8f6cf1c,0.30072300045187506,autoland,3779647,13,a34e21034f2e3c317ebb3d485012938d48ad04ac,macosx1015-64-shippable-qr,True,False,,|f|i|s|s|i|o|n| |w|a|r|m| |w|e|b|r|e|n|d|e|r|,102210fe594ee9b33d82058545b1ed14f4c8206e,PerceptualSpeedIndex,google-docs,True,google-docs PerceptualSpeedIndex opt fission warm webrender,,77,ms,firefox,452133270.0,1863538101,2024-03-19 17:14:13,1394887,,,,,,,,,,,,,,,,,,,,,,,,,,,,,,,,,,,,,,,,,,,,,,,,,TN
2324,f635514491d2a8a5482389b5ac410a5744d6c4a9,0.3836421147763218,autoland,3779647,13,a34e21034f2e3c317ebb3d485012938d48ad04ac,macosx1015-64-shippable-qr,True,False,,|f|i|s|s|i|o|n| |w|a|r|m| |w|e|b|r|e|n|d|e|r|,102210fe594ee9b33d82058545b1ed14f4c8206e,PerceptualSpeedIndex,google-docs,True,google-docs PerceptualSpeedIndex opt fission warm webrender,,77,ms,firefox,452173205.0,1863687584,2024-03-19 17:15:04,1394888,,,,,,,,,,,,,,,,,,,,,,,,,,,,,,,,,,,,,,,,,,,,,,,,,TN
2325,5fa7e85069490f978df94d392ba80487fb41635d,0.26502485314053326,autoland,3779647,13,a34e21034f2e3c317ebb3d485012938d48ad04ac,macosx1015-64-shippable-qr,True,False,,|f|i|s|s|i|o|n| |w|a|r|m| |w|e|b|r|e|n|d|e|r|,102210fe594ee9b33d82058545b1ed14f4c8206e,PerceptualSpeedIndex,google-docs,True,google-docs PerceptualSpeedIndex opt fission warm webrender,,77,ms,firefox,452135405.0,1863543436,2024-03-19 17:15:57,1394889,,,,,,,,,,,,,,,,,,,,,,,,,,,,,,,,,,,,,,,,,,,,,,,,,TN
2326,07eab96de41b5162064b8800d06ad56840895f55,0.31631269769543624,autoland,3779647,13,a34e21034f2e3c317ebb3d485012938d48ad04ac,macosx1015-64-shippable-qr,True,False,,|f|i|s|s|i|o|n| |w|a|r|m| |w|e|b|r|e|n|d|e|r|,102210fe594ee9b33d82058545b1ed14f4c8206e,PerceptualSpeedIndex,google-docs,True,google-docs PerceptualSpeedIndex opt fission warm webrender,,77,ms,firefox,452166429.0,1863676568,2024-03-19 17:16:44,1394891,,,,,,,,,,,,,,,,,,,,,,,,,,,,,,,,,,,,,,,,,,,,,,,,,TN
2327,67c27892c2fb09cfce61f59fb72bb0d12422f24f,0.3430863081789426,autoland,3779647,13,a34e21034f2e3c317ebb3d485012938d48ad04ac,macosx1015-64-shippable-qr,True,False,,|f|i|s|s|i|o|n| |w|a|r|m| |w|e|b|r|e|n|d|e|r|,102210fe594ee9b33d82058545b1ed14f4c8206e,PerceptualSpeedIndex,google-docs,True,google-docs PerceptualSpeedIndex opt fission warm webrender,,77,ms,firefox,452137773.0,1863565537,2024-03-19 19:01:17,1394924,,,,,,,,,,,,,,,,,,,,,,,,,,,,,,,,,,,,,,,,,,,,,,,,,TN
2328,e98d395467c4df44e6f3098474513e8c3e894e2c,0.3124717577948486,autoland,3779647,13,a34e21034f2e3c317ebb3d485012938d48ad04ac,macosx1015-64-shippable-qr,True,False,,|f|i|s|s|i|o|n| |w|a|r|m| |w|e|b|r|e|n|d|e|r|,102210fe594ee9b33d82058545b1ed14f4c8206e,PerceptualSpeedIndex,google-docs,True,google-docs PerceptualSpeedIndex opt fission warm webrender,,77,ms,firefox,452181906.0,1863710650,2024-03-19 19:26:24,1394935,,,,,,,,,,,,,,,,,,,,,,,,,,,,,,,,,,,,,,,,,,,,,,,,,TN
2329,3210370acb38a092baa26d5c51936604472e371b,0.2980117487573428,autoland,3779647,13,a34e21034f2e3c317ebb3d485012938d48ad04ac,macosx1015-64-shippable-qr,True,False,,|f|i|s|s|i|o|n| |w|a|r|m| |w|e|b|r|e|n|d|e|r|,102210fe594ee9b33d82058545b1ed14f4c8206e,PerceptualSpeedIndex,google-docs,True,google-docs PerceptualSpeedIndex opt fission warm webrender,,77,ms,firefox,452153699.0,1863639722,2024-03-19 19:39:49,1394937,,,,,,,,,,,,,,,,,,,,,,,,,,,,,,,,,,,,,,,,,,,,,,,,,TN
2330,f6c6242528fe38cf56079d37b3841cf7684ae34a,0.2819701762313602,autoland,3779647,13,a34e21034f2e3c317ebb3d485012938d48ad04ac,macosx1015-64-shippable-qr,True,False,,|f|i|s|s|i|o|n| |w|a|r|m| |w|e|b|r|e|n|d|e|r|,102210fe594ee9b33d82058545b1ed14f4c8206e,PerceptualSpeedIndex,google-docs,True,google-docs PerceptualSpeedIndex opt fission warm webrender,,77,ms,firefox,452177197.0,1863692714,2024-03-19 19:41:47,1394939,,,,,,,,,,,,,,,,,,,,,,,,,,,,,,,,,,,,,,,,,,,,,,,,,TN
2331,22372035539cbc1b324ffc44e8f5ed038d15181c,0.2842295526434704,autoland,3779647,13,a34e21034f2e3c317ebb3d485012938d48ad04ac,macosx1015-64-shippable-qr,True,False,,|f|i|s|s|i|o|n| |w|a|r|m| |w|e|b|r|e|n|d|e|r|,102210fe594ee9b33d82058545b1ed14f4c8206e,PerceptualSpeedIndex,google-docs,True,google-docs PerceptualSpeedIndex opt fission warm webrender,,77,ms,firefox,452160699.0,1863667631,2024-03-19 19:45:51,1394941,,,,,,,,,,,,,,,,,,,,,,,,,,,,,,,,,,,,,,,,,,,,,,,,,TN
2332,a87db3b698e19b65bc001936fc7a8b80239a25dd,0.30622081638801,autoland,3779647,13,a34e21034f2e3c317ebb3d485012938d48ad04ac,macosx1015-64-shippable-qr,True,False,,|f|i|s|s|i|o|n| |w|a|r|m| |w|e|b|r|e|n|d|e|r|,102210fe594ee9b33d82058545b1ed14f4c8206e,PerceptualSpeedIndex,google-docs,True,google-docs PerceptualSpeedIndex opt fission warm webrender,,77,ms,firefox,451586743.0,1861386733,2024-03-19 19:46:44,1394942,,,,,,,,,,,,,,,,,,,,,,,,,,,,,,,,,,,,,,,,,,,,,,,,,TN
2333,f5ac2d368c7d44f585bea0397dedcd879e2b8ab4,0.3307081531211671,autoland,3779647,13,a34e21034f2e3c317ebb3d485012938d48ad04ac,macosx1015-64-shippable-qr,True,False,,|f|i|s|s|i|o|n| |w|a|r|m| |w|e|b|r|e|n|d|e|r|,102210fe594ee9b33d82058545b1ed14f4c8206e,PerceptualSpeedIndex,google-docs,True,google-docs PerceptualSpeedIndex opt fission warm webrender,,77,ms,firefox,451586631.0,1861386408,2024-03-19 19:47:51,1394944,,,,,,,,,,,,,,,,,,,,,,,,,,,,,,,,,,,,,,,,,,,,,,,,,TN
2334,7c0de707e2a448dd3846c81f12ee9bae3ebca9d3,0.2801626751016719,autoland,3779647,13,a34e21034f2e3c317ebb3d485012938d48ad04ac,macosx1015-64-shippable-qr,True,False,,|f|i|s|s|i|o|n| |w|a|r|m| |w|e|b|r|e|n|d|e|r|,102210fe594ee9b33d82058545b1ed14f4c8206e,PerceptualSpeedIndex,google-docs,True,google-docs PerceptualSpeedIndex opt fission warm webrender,,77,ms,firefox,451377758.0,1860592644,2024-03-19 19:48:40,1394945,,,,,,,,,,,,,,,,,,,,,,,,,,,,,,,,,,,,,,,,,,,,,,,,,TN
2335,1957e76267e37b4b09b4cbb40bd79753455a2775,0.29575237234523266,autoland,3779647,13,a34e21034f2e3c317ebb3d485012938d48ad04ac,macosx1015-64-shippable-qr,True,False,,|f|i|s|s|i|o|n| |w|a|r|m| |w|e|b|r|e|n|d|e|r|,102210fe594ee9b33d82058545b1ed14f4c8206e,PerceptualSpeedIndex,google-docs,True,google-docs PerceptualSpeedIndex opt fission warm webrender,,77,ms,firefox,452482192.0,1865011677,2024-03-19 19:49:49,1394947,,,,,,,,,,,,,,,,,,,,,,,,,,,,,,,,,,,,,,,,,,,,,,,,,TN
2336,acccc0eb50c9a1111b4f152c608de7a230877385,0.2347492092182557,autoland,3779647,13,a34e21034f2e3c317ebb3d485012938d48ad04ac,macosx1015-64-shippable-qr,True,False,,|f|i|s|s|i|o|n| |w|a|r|m| |w|e|b|r|e|n|d|e|r|,102210fe594ee9b33d82058545b1ed14f4c8206e,PerceptualSpeedIndex,google-docs,True,google-docs PerceptualSpeedIndex opt fission warm webrender,,77,ms,firefox,451429629.0,1860764545,2024-03-19 19:50:51,1394948,,,,,,,,,,,,,,,,,,,,,,,,,,,,,,,,,,,,,,,,,,,,,,,,,TN
2337,8cd1f5a5caf1d710563af9a6e3a77a1371d35d0f,0.2946226841391777,autoland,3779647,13,a34e21034f2e3c317ebb3d485012938d48ad04ac,macosx1015-64-shippable-qr,True,False,,|f|i|s|s|i|o|n| |w|a|r|m| |w|e|b|r|e|n|d|e|r|,102210fe594ee9b33d82058545b1ed14f4c8206e,PerceptualSpeedIndex,google-docs,True,google-docs PerceptualSpeedIndex opt fission warm webrender,,77,ms,firefox,451430339.0,1860774030,2024-03-19 19:55:18,1394950,,,,,,,,,,,,,,,,,,,,,,,,,,,,,,,,,,,,,,,,,,,,,,,,,TN
2338,25a7b6dcdd27704494317e01334be69707ff521f,0.2627654767284229,autoland,3779647,13,a34e21034f2e3c317ebb3d485012938d48ad04ac,macosx1015-64-shippable-qr,True,False,,|f|i|s|s|i|o|n| |w|a|r|m| |w|e|b|r|e|n|d|e|r|,102210fe594ee9b33d82058545b1ed14f4c8206e,PerceptualSpeedIndex,google-docs,True,google-docs PerceptualSpeedIndex opt fission warm webrender,,77,ms,firefox,451408419.0,1860639479,2024-03-20 00:04:56,1395012,,,,,,,,,,,,,,,,,,,,,,,,,,,,,,,,,,,,,,,,,,,,,,,,,TN
2339,dbb1856b4f3345f0353d4ea33ed0f83a90420827,0.28965205603253485,autoland,3779647,13,a34e21034f2e3c317ebb3d485012938d48ad04ac,macosx1015-64-shippable-qr,True,False,,|f|i|s|s|i|o|n| |w|a|r|m| |w|e|b|r|e|n|d|e|r|,102210fe594ee9b33d82058545b1ed14f4c8206e,PerceptualSpeedIndex,google-docs,True,google-docs PerceptualSpeedIndex opt fission warm webrender,,77,ms,firefox,451432241.0,1860793313,2024-03-20 06:31:28,1395067,,,,,,,,,,,,,,,,,,,,,,,,,,,,,,,,,,,,,,,,,,,,,,,,,TN
2340,89f62e190e69ddb95685488010b5807b31491168,0.29371893357433354,autoland,3779647,13,a34e21034f2e3c317ebb3d485012938d48ad04ac,macosx1015-64-shippable-qr,True,False,,|f|i|s|s|i|o|n| |w|a|r|m| |w|e|b|r|e|n|d|e|r|,102210fe594ee9b33d82058545b1ed14f4c8206e,PerceptualSpeedIndex,google-docs,True,google-docs PerceptualSpeedIndex opt fission warm webrender,,77,ms,firefox,451463801.0,1860949563,2024-03-20 10:14:04,1395103,,,,,,,,,,,,,,,,,,,,,,,,,,,,,,,,,,,,,,,,,,,,,,,,,TN
2341,c831c4fb57a5247bedd50033fe2b46e3bfecea5b,0.30230456394035254,autoland,3779647,13,a34e21034f2e3c317ebb3d485012938d48ad04ac,macosx1015-64-shippable-qr,True,False,,|f|i|s|s|i|o|n| |w|a|r|m| |w|e|b|r|e|n|d|e|r|,102210fe594ee9b33d82058545b1ed14f4c8206e,PerceptualSpeedIndex,google-docs,True,google-docs PerceptualSpeedIndex opt fission warm webrender,,77,ms,firefox,451619491.0,1861505723,2024-03-20 12:31:36,1395145,,,,,,,,,,,,,,,,,,,,,,,,,,,,,,,,,,,,,,,,,,,,,,,,,TN
2342,8eb7b62278abdd1879878cc07955c579617203e5,0.3178942611839133,autoland,3779647,13,a34e21034f2e3c317ebb3d485012938d48ad04ac,macosx1015-64-shippable-qr,True,False,,|f|i|s|s|i|o|n| |w|a|r|m| |w|e|b|r|e|n|d|e|r|,102210fe594ee9b33d82058545b1ed14f4c8206e,PerceptualSpeedIndex,google-docs,True,google-docs PerceptualSpeedIndex opt fission warm webrender,,77,ms,firefox,451620792.0,1861511192,2024-03-20 13:28:41,1395172,,,,,,,,,,,,,,,,,,,,,,,,,,,,,,,,,,,,,,,,,,,,,,,,,TN
2343,533a3c2e587f7ea99fde847c499dbb77d1d7c623,0.2998192498870311,autoland,3779647,13,a34e21034f2e3c317ebb3d485012938d48ad04ac,macosx1015-64-shippable-qr,True,False,,|f|i|s|s|i|o|n| |w|a|r|m| |w|e|b|r|e|n|d|e|r|,102210fe594ee9b33d82058545b1ed14f4c8206e,PerceptualSpeedIndex,google-docs,True,google-docs PerceptualSpeedIndex opt fission warm webrender,,77,ms,firefox,451513754.0,1861052635,2024-03-20 14:37:05,1395197,,,,,,,,,,,,,,,,,,,,,,,,,,,,,,,,,,,,,,,,,,,,,,,,,TN
2344,abc6d755ba19ab107510d746a7774bdd92ee42a3,0.3156348847718029,autoland,3779647,13,a34e21034f2e3c317ebb3d485012938d48ad04ac,macosx1015-64-shippable-qr,True,False,,|f|i|s|s|i|o|n| |w|a|r|m| |w|e|b|r|e|n|d|e|r|,102210fe594ee9b33d82058545b1ed14f4c8206e,PerceptualSpeedIndex,google-docs,True,google-docs PerceptualSpeedIndex opt fission warm webrender,,77,ms,firefox,451617311.0,1861493087,2024-03-20 14:58:00,1395213,,,,,,,,,,,,,,,,,,,,,,,,,,,,,,,,,,,,,,,,,,,,,,,,,TN
2345,44ee710d3a49501b5b000c7e0f6d2167c47ac041,0.2894261183913238,autoland,3779647,13,a34e21034f2e3c317ebb3d485012938d48ad04ac,macosx1015-64-shippable-qr,True,False,,|f|i|s|s|i|o|n| |w|a|r|m| |w|e|b|r|e|n|d|e|r|,102210fe594ee9b33d82058545b1ed14f4c8206e,PerceptualSpeedIndex,google-docs,True,google-docs PerceptualSpeedIndex opt fission warm webrender,,77,ms,firefox,451555381.0,1861221684,2024-03-20 16:49:51,1395254,,,,,,,,,,,,,,,,,,,,,,,,,,,,,,,,,,,,,,,,,,,,,,,,,TN
2346,7e65c2e3fa5893e80c6f6f8ef4deef5861f82edc,0.3136014460009038,autoland,3779647,13,a34e21034f2e3c317ebb3d485012938d48ad04ac,macosx1015-64-shippable-qr,True,False,,|f|i|s|s|i|o|n| |w|a|r|m| |w|e|b|r|e|n|d|e|r|,102210fe594ee9b33d82058545b1ed14f4c8206e,PerceptualSpeedIndex,google-docs,True,google-docs PerceptualSpeedIndex opt fission warm webrender,,77,ms,firefox,451588255.0,1861390727,2024-03-20 21:30:57,1395367,,,,,,,,,,,,,,,,,,,,,,,,,,,,,,,,,,,,,,,,,,,,,,,,,TN
2347,cd39ad6d1934b2a8d659607d5fc0c1f88df011ba,0.28603705377315847,autoland,3779647,13,a34e21034f2e3c317ebb3d485012938d48ad04ac,macosx1015-64-shippable-qr,True,False,,|f|i|s|s|i|o|n| |w|a|r|m| |w|e|b|r|e|n|d|e|r|,102210fe594ee9b33d82058545b1ed14f4c8206e,PerceptualSpeedIndex,google-docs,True,google-docs PerceptualSpeedIndex opt fission warm webrender,,77,ms,firefox,451608587.0,1861457580,2024-03-21 02:02:41,1395495,,,,,,,,,,,,,,,,,,,,,,,,,,,,,,,,,,,,,,,,,,,,,,,,,TN
2348,ed7ada93d4ad18f5c9f613bf5ce8d5f89bdaa140,0.30004518752824216,autoland,3779647,13,a34e21034f2e3c317ebb3d485012938d48ad04ac,macosx1015-64-shippable-qr,True,False,,|f|i|s|s|i|o|n| |w|a|r|m| |w|e|b|r|e|n|d|e|r|,102210fe594ee9b33d82058545b1ed14f4c8206e,PerceptualSpeedIndex,google-docs,True,google-docs PerceptualSpeedIndex opt fission warm webrender,,77,ms,firefox,451623166.0,1861543156,2024-03-21 06:23:30,1395640,,,,,,,,,,,,,,,,,,,,,,,,,,,,,,,,,,,,,,,,,,,,,,,,,TN
2349,335ba8ea2f56243d2cb6a5bc7aa4d0d0f3c415c7,0.2964301852688658,autoland,3779647,13,a34e21034f2e3c317ebb3d485012938d48ad04ac,macosx1015-64-shippable-qr,True,False,,|f|i|s|s|i|o|n| |w|a|r|m| |w|e|b|r|e|n|d|e|r|,102210fe594ee9b33d82058545b1ed14f4c8206e,PerceptualSpeedIndex,google-docs,True,google-docs PerceptualSpeedIndex opt fission warm webrender,,77,ms,firefox,451706002.0,1861849728,2024-03-21 08:38:48,1395685,,,,,,,,,,,,,,,,,,,,,,,,,,,,,,,,,,,,,,,,,,,,,,,,,TN
2350,42e0c42e5e1c3fc7c0ad70a25fb2ef3cc909e5d1,0.29575237234523266,autoland,3779647,13,a34e21034f2e3c317ebb3d485012938d48ad04ac,macosx1015-64-shippable-qr,True,False,,|f|i|s|s|i|o|n| |w|a|r|m| |w|e|b|r|e|n|d|e|r|,102210fe594ee9b33d82058545b1ed14f4c8206e,PerceptualSpeedIndex,google-docs,True,google-docs PerceptualSpeedIndex opt fission warm webrender,,77,ms,firefox,451851154.0,1862325423,2024-03-21 08:42:18,1395691,,,,,,,,,,,,,,,,,,,,,,,,,,,,,,,,,,,,,,,,,,,,,,,,,TN
2351,79b454f01f93f009791c6d78b151b86734acae05,0.28648892905558054,autoland,3779647,13,a34e21034f2e3c317ebb3d485012938d48ad04ac,macosx1015-64-shippable-qr,True,False,,|f|i|s|s|i|o|n| |w|a|r|m| |w|e|b|r|e|n|d|e|r|,102210fe594ee9b33d82058545b1ed14f4c8206e,PerceptualSpeedIndex,google-docs,True,google-docs PerceptualSpeedIndex opt fission warm webrender,,77,ms,firefox,451850546.0,1862323178,2024-03-21 09:02:11,1395725,,,,,,,,,,,,,,,,,,,,,,,,,,,,,,,,,,,,,,,,,,,,,,,,,TN
2352,d90b4451e543266ae9d98982a92dafa311c75db6,0.26976954360596483,autoland,3779647,13,a34e21034f2e3c317ebb3d485012938d48ad04ac,macosx1015-64-shippable-qr,True,False,,|f|i|s|s|i|o|n| |w|a|r|m| |w|e|b|r|e|n|d|e|r|,102210fe594ee9b33d82058545b1ed14f4c8206e,PerceptualSpeedIndex,google-docs,True,google-docs PerceptualSpeedIndex opt fission warm webrender,,77,ms,firefox,451743915.0,1861966787,2024-03-21 12:46:07,1395897,,,,,,,,,,,,,,,,,,,,,,,,,,,,,,,,,,,,,,,,,,,,,,,,,TN
2353,dbfd6042b4d2b3a3b509b22f41276fdfdd6a17b0,0.3027564392227746,autoland,3779647,13,a34e21034f2e3c317ebb3d485012938d48ad04ac,macosx1015-64-shippable-qr,True,False,,|f|i|s|s|i|o|n| |w|a|r|m| |w|e|b|r|e|n|d|e|r|,102210fe594ee9b33d82058545b1ed14f4c8206e,PerceptualSpeedIndex,google-docs,True,google-docs PerceptualSpeedIndex opt fission warm webrender,,77,ms,firefox,451745943.0,1861976258,2024-03-21 13:53:06,1395978,,,,,,,,,,,,,,,,,,,,,,,,,,,,,,,,,,,,,,,,,,,,,,,,,TN
2354,761aa95394f28659c52a30a4cf4bbb9de1bf1fcd,0.3185720741075464,autoland,3779647,13,a34e21034f2e3c317ebb3d485012938d48ad04ac,macosx1015-64-shippable-qr,True,False,,|f|i|s|s|i|o|n| |w|a|r|m| |w|e|b|r|e|n|d|e|r|,102210fe594ee9b33d82058545b1ed14f4c8206e,PerceptualSpeedIndex,google-docs,True,google-docs PerceptualSpeedIndex opt fission warm webrender,,77,ms,firefox,451857765.0,1862351903,2024-03-21 18:45:37,1396356,,,,,,,,,,,,,,,,,,,,,,,,,,,,,,,,,,,,,,,,,,,,,,,,,TN
2355,bb41b62cad53dc168eae7ef8e5dd62439925c999,0.3027564392227746,autoland,3779647,13,a34e21034f2e3c317ebb3d485012938d48ad04ac,macosx1015-64-shippable-qr,True,False,,|f|i|s|s|i|o|n| |w|a|r|m| |w|e|b|r|e|n|d|e|r|,102210fe594ee9b33d82058545b1ed14f4c8206e,PerceptualSpeedIndex,google-docs,True,google-docs PerceptualSpeedIndex opt fission warm webrender,,77,ms,firefox,451860814.0,1862377731,2024-03-21 18:46:28,1396358,,,,,,,,,,,,,,,,,,,,,,,,,,,,,,,,,,,,,,,,,,,,,,,,,TN
2356,c83258a2f5a9fd7b7107508c07827d9aa1a83035,0.29484862178038873,autoland,3779647,13,a34e21034f2e3c317ebb3d485012938d48ad04ac,macosx1015-64-shippable-qr,True,False,,|f|i|s|s|i|o|n| |w|a|r|m| |w|e|b|r|e|n|d|e|r|,102210fe594ee9b33d82058545b1ed14f4c8206e,PerceptualSpeedIndex,google-docs,True,google-docs PerceptualSpeedIndex opt fission warm webrender,,77,ms,firefox,451750045.0,1862006138,2024-03-21 18:47:13,1396360,,,,,,,,,,,,,,,,,,,,,,,,,,,,,,,,,,,,,,,,,,,,,,,,,TN
2357,3e3e5631944ec7d9d81a7c8ca0c3b5998ad044b3,0.3088567555354722,autoland,3779647,13,a34e21034f2e3c317ebb3d485012938d48ad04ac,macosx1015-64-shippable-qr,True,False,,|f|i|s|s|i|o|n| |w|a|r|m| |w|e|b|r|e|n|d|e|r|,102210fe594ee9b33d82058545b1ed14f4c8206e,PerceptualSpeedIndex,google-docs,True,google-docs PerceptualSpeedIndex opt fission warm webrender,,77,ms,firefox,451769994.0,1862078239,2024-03-21 21:19:12,1396573,,,,,,,,,,,,,,,,,,,,,,,,,,,,,,,,,,,,,,,,,,,,,,,,,TN
2358,a64d6cbeaa4f78ec1f700f6123469eb1b3a31608,0.28084048802530504,autoland,3779647,13,a34e21034f2e3c317ebb3d485012938d48ad04ac,macosx1015-64-shippable-qr,True,False,,|f|i|s|s|i|o|n| |w|a|r|m| |w|e|b|r|e|n|d|e|r|,102210fe594ee9b33d82058545b1ed14f4c8206e,PerceptualSpeedIndex,google-docs,True,google-docs PerceptualSpeedIndex opt fission warm webrender,,77,ms,firefox,451830363.0,1862205286,2024-03-22 02:33:11,1396939,,,,,,,,,,,,,,,,,,,,,,,,,,,,,,,,,,,,,,,,,,,,,,,,,TN
2359,5d6efea5e0bbc9c3cb2231d09450c2c7dd045122,0.39290555806597394,autoland,3779647,13,a34e21034f2e3c317ebb3d485012938d48ad04ac,macosx1015-64-shippable-qr,True,False,,|f|i|s|s|i|o|n| |w|a|r|m| |w|e|b|r|e|n|d|e|r|,102210fe594ee9b33d82058545b1ed14f4c8206e,PerceptualSpeedIndex,google-docs,True,google-docs PerceptualSpeedIndex opt fission warm webrender,,77,ms,firefox,451878938.0,1862478266,2024-03-22 05:34:14,1397066,,,,,,,,,,,,,,,,,,,,,,,,,,,,,,,,,,,,,,,,,,,,,,,,,TN
2360,48b19f0a3ca9e2d02e502182cb41095a870c3c30,0.25282422051513787,autoland,3779647,13,a34e21034f2e3c317ebb3d485012938d48ad04ac,macosx1015-64-shippable-qr,True,False,,|f|i|s|s|i|o|n| |w|a|r|m| |w|e|b|r|e|n|d|e|r|,102210fe594ee9b33d82058545b1ed14f4c8206e,PerceptualSpeedIndex,google-docs,True,google-docs PerceptualSpeedIndex opt fission warm webrender,,77,ms,firefox,451906289.0,1862577542,2024-03-22 10:08:21,1397249,,,,,,,,,,,,,,,,,,,,,,,,,,,,,,,,,,,,,,,,,,,,,,,,,TN
2361,640f274ba8d721083e3a62631c1c96e652d0965c,0.2774514234071397,autoland,3779647,13,a34e21034f2e3c317ebb3d485012938d48ad04ac,macosx1015-64-shippable-qr,True,False,,|f|i|s|s|i|o|n| |w|a|r|m| |w|e|b|r|e|n|d|e|r|,102210fe594ee9b33d82058545b1ed14f4c8206e,PerceptualSpeedIndex,google-docs,True,google-docs PerceptualSpeedIndex opt fission warm webrender,,77,ms,firefox,451960162.0,1862797130,2024-03-22 13:22:55,1397337,,,,,,,,,,,,,,,,,,,,,,,,,,,,,,,,,,,,,,,,,,,,,,,,,TN
2362,d12a19660d53686074475ffbbed160cc788ebe05,0.2855851784907366,autoland,3779647,13,a34e21034f2e3c317ebb3d485012938d48ad04ac,macosx1015-64-shippable-qr,True,False,,|f|i|s|s|i|o|n| |w|a|r|m| |w|e|b|r|e|n|d|e|r|,102210fe594ee9b33d82058545b1ed14f4c8206e,PerceptualSpeedIndex,google-docs,True,google-docs PerceptualSpeedIndex opt fission warm webrender,,77,ms,firefox,451979516.0,1862873987,2024-03-22 17:28:16,1397524,,,,,,,,,,,,,,,,,,,,,,,,,,,,,,,,,,,,,,,,,,,,,,,,,TN
2363,a008405a9171acdb92d2997564e16713185f054f,0.31224582015363755,autoland,3779647,13,a34e21034f2e3c317ebb3d485012938d48ad04ac,macosx1015-64-shippable-qr,True,False,,|f|i|s|s|i|o|n| |w|a|r|m| |w|e|b|r|e|n|d|e|r|,102210fe594ee9b33d82058545b1ed14f4c8206e,PerceptualSpeedIndex,google-docs,True,google-docs PerceptualSpeedIndex opt fission warm webrender,,77,ms,firefox,451984050.0,1862909389,2024-03-22 22:43:04,1397682,,,,,,,,,,,,,,,,,,,,,,,,,,,,,,,,,,,,,,,,,,,,,,,,,TN
2364,341c752f9f931ed8ca1220eb7006bdfcd026038e,0.2799367374604609,autoland,3779647,13,a34e21034f2e3c317ebb3d485012938d48ad04ac,macosx1015-64-shippable-qr,True,False,,|f|i|s|s|i|o|n| |w|a|r|m| |w|e|b|r|e|n|d|e|r|,102210fe594ee9b33d82058545b1ed14f4c8206e,PerceptualSpeedIndex,google-docs,True,google-docs PerceptualSpeedIndex opt fission warm webrender,,77,ms,firefox,451985889.0,1862932445,2024-03-23 04:11:22,1397768,,,,,,,,,,,,,,,,,,,,,,,,,,,,,,,,,,,,,,,,,,,,,,,,,TN
2365,7575296d6781e483bc76a289f68623eb548baac4,0.38996836873023044,autoland,3779647,13,a34e21034f2e3c317ebb3d485012938d48ad04ac,macosx1015-64-shippable-qr,True,False,,|f|i|s|s|i|o|n| |w|a|r|m| |w|e|b|r|e|n|d|e|r|,102210fe594ee9b33d82058545b1ed14f4c8206e,PerceptualSpeedIndex,google-docs,True,google-docs PerceptualSpeedIndex opt fission warm webrender,,77,ms,firefox,451998246.0,1862983507,2024-03-23 08:45:37,1397819,,,,,,,,,,,,,,,,,,,,,,,,,,,,,,,,,,,,,,,,,,,,,,,,,TN
2366,47e43ed2bb6cad873900cd00ccf834a51f3dfe83,0.30863081789426117,autoland,3779647,13,a34e21034f2e3c317ebb3d485012938d48ad04ac,macosx1015-64-shippable-qr,True,False,,|f|i|s|s|i|o|n| |w|a|r|m| |w|e|b|r|e|n|d|e|r|,102210fe594ee9b33d82058545b1ed14f4c8206e,PerceptualSpeedIndex,google-docs,True,google-docs PerceptualSpeedIndex opt fission warm webrender,,77,ms,firefox,452018404.0,1863049573,2024-03-23 13:51:59,1397843,,,,,,,,,,,,,,,,,,,,,,,,,,,,,,,,,,,,,,,,,,,,,,,,,TN
2367,69c342123c6fdb9190169823dd12a42a77559b9f,0.3264798915499323,autoland,3779647,13,a34e21034f2e3c317ebb3d485012938d48ad04ac,macosx1015-64-shippable-qr,True,False,,|f|i|s|s|i|o|n| |w|a|r|m| |w|e|b|r|e|n|d|e|r|,102210fe594ee9b33d82058545b1ed14f4c8206e,PerceptualSpeedIndex,google-docs,True,google-docs PerceptualSpeedIndex opt fission warm webrender,,77,ms,firefox,452028655.0,1863091861,2024-03-23 18:44:13,1397871,,,,,,,,,,,,,,,,,,,,,,,,,,,,,,,,,,,,,,,,,,,,,,,,,TN
2368,c43bc8bba8a808b2f5005002f96936afa3697b34,0.2670582919114324,autoland,3779647,13,a34e21034f2e3c317ebb3d485012938d48ad04ac,macosx1015-64-shippable-qr,True,False,,|f|i|s|s|i|o|n| |w|a|r|m| |w|e|b|r|e|n|d|e|r|,102210fe594ee9b33d82058545b1ed14f4c8206e,PerceptualSpeedIndex,google-docs,True,google-docs PerceptualSpeedIndex opt fission warm webrender,,77,ms,firefox,452053769.0,1863226502,2024-03-24 00:54:50,1397899,,,,,,,,,,,,,,,,,,,,,,,,,,,,,,,,,,,,,,,,,,,,,,,,,TN
2369,fa1b327e74e89e08f7fff24dbb35f11e48736aab,0.3032083145051965,autoland,3779647,13,a34e21034f2e3c317ebb3d485012938d48ad04ac,macosx1015-64-shippable-qr,True,False,,|f|i|s|s|i|o|n| |w|a|r|m| |w|e|b|r|e|n|d|e|r|,102210fe594ee9b33d82058545b1ed14f4c8206e,PerceptualSpeedIndex,google-docs,True,google-docs PerceptualSpeedIndex opt fission warm webrender,,77,ms,firefox,452056334.0,1863233516,2024-03-24 07:02:41,1397916,,,,,,,,,,,,,,,,,,,,,,,,,,,,,,,,,,,,,,,,,,,,,,,,,TN
2370,f0597fea22797603c0e45ec1c43433afa5ed6dcd,0.3014008133755084,autoland,3779647,13,a34e21034f2e3c317ebb3d485012938d48ad04ac,macosx1015-64-shippable-qr,True,False,,|f|i|s|s|i|o|n| |w|a|r|m| |w|e|b|r|e|n|d|e|r|,102210fe594ee9b33d82058545b1ed14f4c8206e,PerceptualSpeedIndex,google-docs,True,google-docs PerceptualSpeedIndex opt fission warm webrender,,77,ms,firefox,452075432.0,1863298708,2024-03-24 11:13:54,1397937,,,,,,,,,,,,,,,,,,,,,,,,,,,,,,,,,,,,,,,,,,,,,,,,,TN
2371,6ec4249c788c48dc30dfb8737228af711e49fde2,0.30614550384093997,autoland,3779647,13,a34e21034f2e3c317ebb3d485012938d48ad04ac,macosx1015-64-shippable-qr,True,False,,|f|i|s|s|i|o|n| |w|a|r|m| |w|e|b|r|e|n|d|e|r|,102210fe594ee9b33d82058545b1ed14f4c8206e,PerceptualSpeedIndex,google-docs,True,google-docs PerceptualSpeedIndex opt fission warm webrender,,77,ms,firefox,452092324.0,1863352046,2024-03-24 18:59:17,1397954,,,,,,,,,,,,,,,,,,,,,,,,,,,,,,,,,,,,,,,,,,,,,,,,,TN
2372,f16b84d2aab6142f8b4fd6de574e96c2f551ebc7,0.3065973791233618,autoland,3779647,13,a34e21034f2e3c317ebb3d485012938d48ad04ac,macosx1015-64-shippable-qr,True,False,,|f|i|s|s|i|o|n| |w|a|r|m| |w|e|b|r|e|n|d|e|r|,102210fe594ee9b33d82058545b1ed14f4c8206e,PerceptualSpeedIndex,google-docs,True,google-docs PerceptualSpeedIndex opt fission warm webrender,,77,ms,firefox,452105844.0,1863408172,2024-03-24 23:02:44,1397973,,,,,,,,,,,,,,,,,,,,,,,,,,,,,,,,,,,,,,,,,,,,,,,,,TN
2373,19d905446a32ebc5b281e61c8ee49718ee784a25,0.28400361500225935,autoland,3779647,13,a34e21034f2e3c317ebb3d485012938d48ad04ac,macosx1015-64-shippable-qr,True,False,,|f|i|s|s|i|o|n| |w|a|r|m| |w|e|b|r|e|n|d|e|r|,102210fe594ee9b33d82058545b1ed14f4c8206e,PerceptualSpeedIndex,google-docs,True,google-docs PerceptualSpeedIndex opt fission warm webrender,,77,ms,firefox,452115277.0,1863446174,2024-03-25 03:31:22,1397989,,,,,,,,,,,,,,,,,,,,,,,,,,,,,,,,,,,,,,,,,,,,,,,,,TN
2374,db7773c959d542b2327b7158f769c657e46e2992,0.28287392679620416,autoland,3779647,13,a34e21034f2e3c317ebb3d485012938d48ad04ac,macosx1015-64-shippable-qr,True,False,,|f|i|s|s|i|o|n| |w|a|r|m| |w|e|b|r|e|n|d|e|r|,102210fe594ee9b33d82058545b1ed14f4c8206e,PerceptualSpeedIndex,google-docs,True,google-docs PerceptualSpeedIndex opt fission warm webrender,,77,ms,firefox,452184270.0,1863722147,2024-03-25 08:43:58,1398035,,,,,,,,,,,,,,,,,,,,,,,,,,,,,,,,,,,,,,,,,,,,,,,,,TN
2375,71c813e27dff32e4664eb9116e60097837485bfb,0.23791233619521002,autoland,3779647,13,a34e21034f2e3c317ebb3d485012938d48ad04ac,macosx1015-64-shippable-qr,True,False,,|f|i|s|s|i|o|n| |w|a|r|m| |w|e|b|r|e|n|d|e|r|,102210fe594ee9b33d82058545b1ed14f4c8206e,PerceptualSpeedIndex,google-docs,True,google-docs PerceptualSpeedIndex opt fission warm webrender,,77,ms,firefox,452191416.0,1863738466,2024-03-25 09:25:18,1398057,,,,,,,,,,,,,,,,,,,,,,,,,,,,,,,,,,,,,,,,,,,,,,,,,TN
2376,5969005dae85cc8ac486b2f0bdbb7454b660f252,0.4184365115228197,autoland,3779647,13,a34e21034f2e3c317ebb3d485012938d48ad04ac,macosx1015-64-shippable-qr,True,False,,|f|i|s|s|i|o|n| |w|a|r|m| |w|e|b|r|e|n|d|e|r|,102210fe594ee9b33d82058545b1ed14f4c8206e,PerceptualSpeedIndex,google-docs,True,google-docs PerceptualSpeedIndex opt fission warm webrender,,77,ms,firefox,452293745.0,1864165028,2024-03-25 13:40:37,1398214,,,,,,,,,,,,,,,,,,,,,,,,,,,,,,,,,,,,,,,,,,,,,,,,,TN
2377,19dcff1ee3fcbb431110e0639c80a3ba51ee0a34,0.29281518300948917,autoland,3779647,13,a34e21034f2e3c317ebb3d485012938d48ad04ac,macosx1015-64-shippable-qr,True,False,,|f|i|s|s|i|o|n| |w|a|r|m| |w|e|b|r|e|n|d|e|r|,102210fe594ee9b33d82058545b1ed14f4c8206e,PerceptualSpeedIndex,google-docs,True,google-docs PerceptualSpeedIndex opt fission warm webrender,,77,ms,firefox,452294323.0,1864170851,2024-03-25 14:05:55,1398235,,,,,,,,,,,,,,,,,,,,,,,,,,,,,,,,,,,,,,,,,,,,,,,,,TN
2378,1ccfb1fee9008dff43ef927076a3c5188eb2e683,0.17013104383190236,autoland,3779647,13,a34e21034f2e3c317ebb3d485012938d48ad04ac,macosx1015-64-shippable-qr,True,False,,|f|i|s|s|i|o|n| |w|a|r|m| |w|e|b|r|e|n|d|e|r|,102210fe594ee9b33d82058545b1ed14f4c8206e,PerceptualSpeedIndex,google-docs,True,google-docs PerceptualSpeedIndex opt fission warm webrender,,77,ms,firefox,452399906.0,1864617076,2024-03-25 14:40:25,1398263,,,,,,,,,,,,,,,,,,,,,,,,,,,,,,,,,,,,,,,,,,,,,,,,,TN
2379,4c62ed2fd27692e962d9d0568404bbc956674765,0.2873926796204247,autoland,3779647,13,a34e21034f2e3c317ebb3d485012938d48ad04ac,macosx1015-64-shippable-qr,True,False,,|f|i|s|s|i|o|n| |w|a|r|m| |w|e|b|r|e|n|d|e|r|,102210fe594ee9b33d82058545b1ed14f4c8206e,PerceptualSpeedIndex,google-docs,True,google-docs PerceptualSpeedIndex opt fission warm webrender,,77,ms,firefox,452378873.0,1864536955,2024-03-25 14:55:12,1398275,,,,,,,,,,,,,,,,,,,,,,,,,,,,,,,,,,,,,,,,,,,,,,,,,TN
2380,83e8fe031f9498f26b15b45bed88798d2ec510d6,0.2616357885223679,autoland,3779647,13,a34e21034f2e3c317ebb3d485012938d48ad04ac,macosx1015-64-shippable-qr,True,False,,|f|i|s|s|i|o|n| |w|a|r|m| |w|e|b|r|e|n|d|e|r|,102210fe594ee9b33d82058545b1ed14f4c8206e,PerceptualSpeedIndex,google-docs,True,google-docs PerceptualSpeedIndex opt fission warm webrender,,77,ms,firefox,452399798.0,1864614460,2024-03-25 16:24:33,1398337,,,,,,,,,,,,,,,,,,,,,,,,,,,,,,,,,,,,,,,,,,,,,,,,,TN
2381,2bd9a68e0e0eed71138c8a8cd57f238938d37bad,0.3009489380930863,autoland,3779647,13,a34e21034f2e3c317ebb3d485012938d48ad04ac,macosx1015-64-shippable-qr,True,False,,|f|i|s|s|i|o|n| |w|a|r|m| |w|e|b|r|e|n|d|e|r|,102210fe594ee9b33d82058545b1ed14f4c8206e,PerceptualSpeedIndex,google-docs,True,google-docs PerceptualSpeedIndex opt fission warm webrender,,77,ms,firefox,452403051.0,1864619776,2024-03-25 16:26:02,1398338,,,,,,,,,,,,,,,,,,,,,,,,,,,,,,,,,,,,,,,,,,,,,,,,,TN
2382,9b5934ed0d6138133e3cab84d859a8e38bd43683,0.32376863985539983,autoland,3779647,13,a34e21034f2e3c317ebb3d485012938d48ad04ac,macosx1015-64-shippable-qr,True,False,,|f|i|s|s|i|o|n| |w|a|r|m| |w|e|b|r|e|n|d|e|r|,102210fe594ee9b33d82058545b1ed14f4c8206e,PerceptualSpeedIndex,google-docs,True,google-docs PerceptualSpeedIndex opt fission warm webrender,,77,ms,firefox,452334436.0,1864370284,2024-03-25 17:00:38,1398374,,,,,,,,,,,,,,,,,,,,,,,,,,,,,,,,,,,,,,,,,,,,,,,,,TN
2383,05ef22f3485b9acca72235e56c8e11abea982310,0.2695436059647538,autoland,3779647,13,a34e21034f2e3c317ebb3d485012938d48ad04ac,macosx1015-64-shippable-qr,True,False,,|f|i|s|s|i|o|n| |w|a|r|m| |w|e|b|r|e|n|d|e|r|,102210fe594ee9b33d82058545b1ed14f4c8206e,PerceptualSpeedIndex,google-docs,True,google-docs PerceptualSpeedIndex opt fission warm webrender,,77,ms,firefox,452338180.0,1864381814,2024-03-25 20:16:40,1398545,,,,,,,,,,,,,,,,,,,,,,,,,,,,,,,,,,,,,,,,,,,,,,,,,TN
2384,af6fe1ffacb6272ced1d27e874f376c671a19461,0.2923633077270673,autoland,3779647,13,a34e21034f2e3c317ebb3d485012938d48ad04ac,macosx1015-64-shippable-qr,True,False,,|f|i|s|s|i|o|n| |w|a|r|m| |w|e|b|r|e|n|d|e|r|,102210fe594ee9b33d82058545b1ed14f4c8206e,PerceptualSpeedIndex,google-docs,True,google-docs PerceptualSpeedIndex opt fission warm webrender,,77,ms,firefox,452370977.0,1864485288,2024-03-26 00:18:31,1398725,,,,,,,,,,,,,,,,,,,,,,,,,,,,,,,,,,,,,,,,,,,,,,,,,TN
2385,f0c093accca57074b185d7b3a5a76937ae8c57ed,0.3038861274288298,autoland,3779647,13,a34e21034f2e3c317ebb3d485012938d48ad04ac,macosx1015-64-shippable-qr,True,False,,|f|i|s|s|i|o|n| |w|a|r|m| |w|e|b|r|e|n|d|e|r|,102210fe594ee9b33d82058545b1ed14f4c8206e,PerceptualSpeedIndex,google-docs,True,google-docs PerceptualSpeedIndex opt fission warm webrender,,77,ms,firefox,452377158.0,1864510629,2024-03-26 01:24:19,1398741,,,,,,,,,,,,,,,,,,,,,,,,,,,,,,,,,,,,,,,,,,,,,,,,,TN
2386,1ae61dcda070d554cd7c9925dce2611bc43f0c02,0.29326705829191146,autoland,3779647,13,a34e21034f2e3c317ebb3d485012938d48ad04ac,macosx1015-64-shippable-qr,True,False,,|f|i|s|s|i|o|n| |w|a|r|m| |w|e|b|r|e|n|d|e|r|,102210fe594ee9b33d82058545b1ed14f4c8206e,PerceptualSpeedIndex,google-docs,True,google-docs PerceptualSpeedIndex opt fission warm webrender,,77,ms,firefox,452463176.0,1864896524,2024-03-26 04:41:36,1398794,,,,,,,,,,,,,,,,,,,,,,,,,,,,,,,,,,,,,,,,,,,,,,,,,TN
2387,c1b5b1e89360513f3c4b81679bb7a25e0482a533,0.2819701762313602,autoland,3779647,13,a34e21034f2e3c317ebb3d485012938d48ad04ac,macosx1015-64-shippable-qr,True,False,,|f|i|s|s|i|o|n| |w|a|r|m| |w|e|b|r|e|n|d|e|r|,102210fe594ee9b33d82058545b1ed14f4c8206e,PerceptualSpeedIndex,google-docs,True,google-docs PerceptualSpeedIndex opt fission warm webrender,,77,ms,firefox,452462142.0,1864885489,2024-03-26 04:44:39,1398796,,,,,,,,,,,,,,,,,,,,,,,,,,,,,,,,,,,,,,,,,,,,,,,,,TN
2388,f76227b1c05f51b70e7d261e993b5cfa5fd8ee70,0.26186172616357895,autoland,3779647,13,a34e21034f2e3c317ebb3d485012938d48ad04ac,macosx1015-64-shippable-qr,True,False,,|f|i|s|s|i|o|n| |w|a|r|m| |w|e|b|r|e|n|d|e|r|,102210fe594ee9b33d82058545b1ed14f4c8206e,PerceptualSpeedIndex,google-docs,True,google-docs PerceptualSpeedIndex opt fission warm webrender,,77,ms,firefox,452404811.0,1864628310,2024-03-26 06:19:49,1398803,,,,,,,,,,,,,,,,,,,,,,,,,,,,,,,,,,,,,,,,,,,,,,,,,TN
2389,e02aed8fb19856047df1d2cb7de887404e2b6956,0.27089923181202,autoland,3779647,13,a34e21034f2e3c317ebb3d485012938d48ad04ac,macosx1015-64-shippable-qr,True,False,,|f|i|s|s|i|o|n| |w|a|r|m| |w|e|b|r|e|n|d|e|r|,102210fe594ee9b33d82058545b1ed14f4c8206e,PerceptualSpeedIndex,google-docs,True,google-docs PerceptualSpeedIndex opt fission warm webrender,,77,ms,firefox,452405804.0,1864632734,2024-03-26 09:05:54,1398850,,,,,,,,,,,,,,,,,,,,,,,,,,,,,,,,,,,,,,,,,,,,,,,,,TN
2390,1710585070f00b71f9dc85559d71f4504cb8ffbf,0.3264798915499323,autoland,3779647,13,a34e21034f2e3c317ebb3d485012938d48ad04ac,macosx1015-64-shippable-qr,True,False,,|f|i|s|s|i|o|n| |w|a|r|m| |w|e|b|r|e|n|d|e|r|,102210fe594ee9b33d82058545b1ed14f4c8206e,PerceptualSpeedIndex,google-docs,True,google-docs PerceptualSpeedIndex opt fission warm webrender,,77,ms,firefox,452469112.0,1864940707,2024-03-26 12:41:45,1398957,,,,,,,,,,,,,,,,,,,,,,,,,,,,,,,,,,,,,,,,,,,,,,,,,TN
2391,2e46f8032c78c727d5e4202817d08e677b5804b2,0.35833709896068666,autoland,3779647,13,a34e21034f2e3c317ebb3d485012938d48ad04ac,macosx1015-64-shippable-qr,True,False,,|f|i|s|s|i|o|n| |w|a|r|m| |w|e|b|r|e|n|d|e|r|,102210fe594ee9b33d82058545b1ed14f4c8206e,PerceptualSpeedIndex,google-docs,True,google-docs PerceptualSpeedIndex opt fission warm webrender,,77,ms,firefox,452469652.0,1864942395,2024-03-26 12:54:29,1398963,,,,,,,,,,,,,,,,,,,,,,,,,,,,,,,,,,,,,,,,,,,,,,,,,TN
2392,8bfc3595e66f8c45af3a35d0489015d7522799d3,0.31269769543605963,autoland,3779647,13,a34e21034f2e3c317ebb3d485012938d48ad04ac,macosx1015-64-shippable-qr,True,False,,|f|i|s|s|i|o|n| |w|a|r|m| |w|e|b|r|e|n|d|e|r|,102210fe594ee9b33d82058545b1ed14f4c8206e,PerceptualSpeedIndex,google-docs,True,google-docs PerceptualSpeedIndex opt fission warm webrender,,77,ms,firefox,452409421.0,1864651614,2024-03-26 12:57:56,1398965,,,,,,,,,,,,,,,,,,,,,,,,,,,,,,,,,,,,,,,,,,,,,,,,,TN
2393,a95909edf99f57b3e1ff98f748fd9e2ff57447da,0.2688657930411207,autoland,3779647,13,a34e21034f2e3c317ebb3d485012938d48ad04ac,macosx1015-64-shippable-qr,True,False,,|f|i|s|s|i|o|n| |w|a|r|m| |w|e|b|r|e|n|d|e|r|,102210fe594ee9b33d82058545b1ed14f4c8206e,PerceptualSpeedIndex,google-docs,True,google-docs PerceptualSpeedIndex opt fission warm webrender,,77,ms,firefox,452411127.0,1864663014,2024-03-26 16:59:38,1399161,,,,,,,,,,,,,,,,,,,,,,,,,,,,,,,,,,,,,,,,,,,,,,,,,TN
2394,a93eeb987e4a1e533ac94ec0d1703c6f9b52b9ef,0.29484862178038873,autoland,3779647,13,a34e21034f2e3c317ebb3d485012938d48ad04ac,macosx1015-64-shippable-qr,True,False,,|f|i|s|s|i|o|n| |w|a|r|m| |w|e|b|r|e|n|d|e|r|,102210fe594ee9b33d82058545b1ed14f4c8206e,PerceptualSpeedIndex,google-docs,True,google-docs PerceptualSpeedIndex opt fission warm webrender,,77,ms,firefox,452413153.0,1864670080,2024-03-26 17:44:32,1399196,,,,,,,,,,,,,,,,,,,,,,,,,,,,,,,,,,,,,,,,,,,,,,,,,TN
2395,883e713c301355d165c64ba2ea14c7656f777c11,0.31947582467239055,autoland,3779647,13,a34e21034f2e3c317ebb3d485012938d48ad04ac,macosx1015-64-shippable-qr,True,False,,|f|i|s|s|i|o|n| |w|a|r|m| |w|e|b|r|e|n|d|e|r|,102210fe594ee9b33d82058545b1ed14f4c8206e,PerceptualSpeedIndex,google-docs,True,google-docs PerceptualSpeedIndex opt fission warm webrender,,77,ms,firefox,452462404.0,1864889620,2024-03-26 18:41:01,1399241,,,,,,,,,,,,,,,,,,,,,,,,,,,,,,,,,,,,,,,,,,,,,,,,,TN
2396,4e4e3eb212c5618c3d27c5729b6dad691c4d3ca7,0.38454586534116575,autoland,3779647,13,a34e21034f2e3c317ebb3d485012938d48ad04ac,macosx1015-64-shippable-qr,True,False,,|f|i|s|s|i|o|n| |w|a|r|m| |w|e|b|r|e|n|d|e|r|,102210fe594ee9b33d82058545b1ed14f4c8206e,PerceptualSpeedIndex,google-docs,True,google-docs PerceptualSpeedIndex opt fission warm webrender,,77,ms,firefox,452466075.0,1864909572,2024-03-26 18:41:57,1399243,,,,,,,,,,,,,,,,,,,,,,,,,,,,,,,,,,,,,,,,,,,,,,,,,TN
2397,dfd96ba0e09153e6f98c22d8adcaf944059434ac,0.3676005422503388,autoland,3779647,13,a34e21034f2e3c317ebb3d485012938d48ad04ac,macosx1015-64-shippable-qr,True,False,,|f|i|s|s|i|o|n| |w|a|r|m| |w|e|b|r|e|n|d|e|r|,102210fe594ee9b33d82058545b1ed14f4c8206e,PerceptualSpeedIndex,google-docs,True,google-docs PerceptualSpeedIndex opt fission warm webrender,,77,ms,firefox,452415398.0,1864679419,2024-03-26 19:19:03,1399261,,,,,,,,,,,,,,,,,,,,,,,,,,,,,,,,,,,,,,,,,,,,,,,,,TN
2398,aa1041e84618525b4fff77ccce55ab917a531b1c,0.40781744238590156,autoland,3779647,13,a34e21034f2e3c317ebb3d485012938d48ad04ac,macosx1015-64-shippable-qr,True,False,,|f|i|s|s|i|o|n| |w|a|r|m| |w|e|b|r|e|n|d|e|r|,102210fe594ee9b33d82058545b1ed14f4c8206e,PerceptualSpeedIndex,google-docs,True,google-docs PerceptualSpeedIndex opt fission warm webrender,,77,ms,firefox,452462035.0,1864884712,2024-03-26 19:19:54,1399262,,,,,,,,,,,,,,,,,,,,,,,,,,,,,,,,,,,,,,,,,,,,,,,,,TN
2399,e59265cb671fad14d00aea4eb38d55c300d7c3ef,0.2250338906461815,autoland,3779647,13,a34e21034f2e3c317ebb3d485012938d48ad04ac,macosx1015-64-shippable-qr,True,False,,|f|i|s|s|i|o|n| |w|a|r|m| |w|e|b|r|e|n|d|e|r|,102210fe594ee9b33d82058545b1ed14f4c8206e,PerceptualSpeedIndex,google-docs,True,google-docs PerceptualSpeedIndex opt fission warm webrender,,77,ms,firefox,452468089.0,1864930092,2024-03-26 19:20:40,1399263,,,,,,,,,,,,,,,,,,,,,,,,,,,,,,,,,,,,,,,,,,,,,,,,,TN
2400,babb5943701ffb0ddb6991106d28f73ad2061bb6,0.27248079530049685,autoland,3779647,13,a34e21034f2e3c317ebb3d485012938d48ad04ac,macosx1015-64-shippable-qr,True,False,,|f|i|s|s|i|o|n| |w|a|r|m| |w|e|b|r|e|n|d|e|r|,102210fe594ee9b33d82058545b1ed14f4c8206e,PerceptualSpeedIndex,google-docs,True,google-docs PerceptualSpeedIndex opt fission warm webrender,,77,ms,firefox,452432782.0,1864753030,2024-03-26 22:59:31,1399480,,,,,,,,,,,,,,,,,,,,,,,,,,,,,,,,,,,,,,,,,,,,,,,,,TN
2401,1e79b6199559c2d8acfccdb5e9d5bc62033e6c15,0.28897424310890196,autoland,3779647,13,a34e21034f2e3c317ebb3d485012938d48ad04ac,macosx1015-64-shippable-qr,True,False,,|f|i|s|s|i|o|n| |w|a|r|m| |w|e|b|r|e|n|d|e|r|,102210fe594ee9b33d82058545b1ed14f4c8206e,PerceptualSpeedIndex,google-docs,True,google-docs PerceptualSpeedIndex opt fission warm webrender,,77,ms,firefox,452481393.0,1865009861,2024-03-27 06:25:00,1399622,,,,,,,,,,,,,,,,,,,,,,,,,,,,,,,,,,,,,,,,,,,,,,,,,TN
2402,622bd952017025edfe3b7763206ce176b1fd01a7,0.24423859014911864,autoland,3779647,13,a34e21034f2e3c317ebb3d485012938d48ad04ac,macosx1015-64-shippable-qr,True,False,,|f|i|s|s|i|o|n| |w|a|r|m| |w|e|b|r|e|n|d|e|r|,102210fe594ee9b33d82058545b1ed14f4c8206e,PerceptualSpeedIndex,google-docs,True,google-docs PerceptualSpeedIndex opt fission warm webrender,,77,ms,firefox,452629132.0,1865585098,2024-03-27 06:38:16,1399627,,,,,,,,,,,,,,,,,,,,,,,,,,,,,,,,,,,,,,,,,,,,,,,,,TN
2403,b3b57606103afb4c7c6eb41d87b2ccb21add6030,0.26208766380479,autoland,3779647,13,a34e21034f2e3c317ebb3d485012938d48ad04ac,macosx1015-64-shippable-qr,True,False,,|f|i|s|s|i|o|n| |w|a|r|m| |w|e|b|r|e|n|d|e|r|,102210fe594ee9b33d82058545b1ed14f4c8206e,PerceptualSpeedIndex,google-docs,True,google-docs PerceptualSpeedIndex opt fission warm webrender,,77,ms,firefox,452628554.0,1865580661,2024-03-27 06:40:48,1399631,,,,,,,,,,,,,,,,,,,,,,,,,,,,,,,,,,,,,,,,,,,,,,,,,TN
2404,7f2993771f48536c575137e4b51984ab6d3de136,0.22706732941708085,autoland,3779647,13,a34e21034f2e3c317ebb3d485012938d48ad04ac,macosx1015-64-shippable-qr,True,False,,|f|i|s|s|i|o|n| |w|a|r|m| |w|e|b|r|e|n|d|e|r|,102210fe594ee9b33d82058545b1ed14f4c8206e,PerceptualSpeedIndex,google-docs,True,google-docs PerceptualSpeedIndex opt fission warm webrender,,77,ms,firefox,452494619.0,1865066586,2024-03-27 09:31:11,1399694,,,,,,,,,,,,,,,,,,,,,,,,,,,,,,,,,,,,,,,,,,,,,,,,,TN
2405,bc7ca80e302a788b0c3cc63cb148c628351b4946,0.29394487121554436,autoland,3779647,13,a34e21034f2e3c317ebb3d485012938d48ad04ac,macosx1015-64-shippable-qr,True,False,,|f|i|s|s|i|o|n| |w|a|r|m| |w|e|b|r|e|n|d|e|r|,102210fe594ee9b33d82058545b1ed14f4c8206e,PerceptualSpeedIndex,google-docs,True,google-docs PerceptualSpeedIndex opt fission warm webrender,,77,ms,firefox,452535745.0,1865242235,2024-03-27 13:38:48,1399827,,,,,,,,,,,,,,,,,,,,,,,,,,,,,,,,,,,,,,,,,,,,,,,,,TN
2406,f8ac03b3c764017d5704deed413c8d35c99978fd,0.30478987799367374,autoland,3779647,13,a34e21034f2e3c317ebb3d485012938d48ad04ac,macosx1015-64-shippable-qr,True,False,,|f|i|s|s|i|o|n| |w|a|r|m| |w|e|b|r|e|n|d|e|r|,102210fe594ee9b33d82058545b1ed14f4c8206e,PerceptualSpeedIndex,google-docs,True,google-docs PerceptualSpeedIndex opt fission warm webrender,,77,ms,firefox,452548827.0,1865286689,2024-03-27 15:45:41,1399897,,,,,,,,,,,,,,,,,,,,,,,,,,,,,,,,,,,,,,,,,,,,,,,,,TN
2407,b1cc62489fae8d475f67dec2d9abdf69e2d47614,0.3142792589245367,autoland,3779647,13,a34e21034f2e3c317ebb3d485012938d48ad04ac,macosx1015-64-shippable-qr,True,False,,|f|i|s|s|i|o|n| |w|a|r|m| |w|e|b|r|e|n|d|e|r|,102210fe594ee9b33d82058545b1ed14f4c8206e,PerceptualSpeedIndex,google-docs,True,google-docs PerceptualSpeedIndex opt fission warm webrender,,77,ms,firefox,452621057.0,1865540608,2024-03-28 01:10:01,1400291,,,,,,,,,,,,,,,,,,,,,,,,,,,,,,,,,,,,,,,,,,,,,,,,,TN
2408,1e7411c6b6399b5f5595f99e8d08576e473af625,0.2984636240397649,autoland,3779647,13,a34e21034f2e3c317ebb3d485012938d48ad04ac,macosx1015-64-shippable-qr,True,False,,|f|i|s|s|i|o|n| |w|a|r|m| |w|e|b|r|e|n|d|e|r|,102210fe594ee9b33d82058545b1ed14f4c8206e,PerceptualSpeedIndex,google-docs,True,google-docs PerceptualSpeedIndex opt fission warm webrender,,77,ms,firefox,452671018.0,1865728144,2024-03-28 09:47:39,1400442,,,,,,,,,,,,,,,,,,,,,,,,,,,,,,,,,,,,,,,,,,,,,,,,,TN
2409,55aaac6352fb1fbc44f600408b2bd5a63b4ae440,0.2982376863985541,autoland,3779647,13,a34e21034f2e3c317ebb3d485012938d48ad04ac,macosx1015-64-shippable-qr,True,False,,|f|i|s|s|i|o|n| |w|a|r|m| |w|e|b|r|e|n|d|e|r|,102210fe594ee9b33d82058545b1ed14f4c8206e,PerceptualSpeedIndex,google-docs,True,google-docs PerceptualSpeedIndex opt fission warm webrender,,77,ms,firefox,452673978.0,1865739805,2024-03-28 10:32:02,1400466,,,,,,,,,,,,,,,,,,,,,,,,,,,,,,,,,,,,,,,,,,,,,,,,,TN
2410,bbd8d31961c44a5970a51986b7c9a59266dce635,0.324898328061455,autoland,3779647,13,a34e21034f2e3c317ebb3d485012938d48ad04ac,macosx1015-64-shippable-qr,True,False,,|f|i|s|s|i|o|n| |w|a|r|m| |w|e|b|r|e|n|d|e|r|,102210fe594ee9b33d82058545b1ed14f4c8206e,PerceptualSpeedIndex,google-docs,True,google-docs PerceptualSpeedIndex opt fission warm webrender,,77,ms,firefox,452888944.0,1866610249,2024-03-28 12:44:44,1400526,,,,,,,,,,,,,,,,,,,,,,,,,,,,,,,,,,,,,,,,,,,,,,,,,TN
2411,ace4b125b6e06909b7a5d35847873198b28f2d27,0.2663804789877995,autoland,3779647,13,a34e21034f2e3c317ebb3d485012938d48ad04ac,macosx1015-64-shippable-qr,True,False,,|f|i|s|s|i|o|n| |w|a|r|m| |w|e|b|r|e|n|d|e|r|,102210fe594ee9b33d82058545b1ed14f4c8206e,PerceptualSpeedIndex,google-docs,True,google-docs PerceptualSpeedIndex opt fission warm webrender,,77,ms,firefox,452889961.0,1866615049,2024-03-28 12:45:30,1400527,,,,,,,,,,,,,,,,,,,,,,,,,,,,,,,,,,,,,,,,,,,,,,,,,TN
2412,1c98db62bb1a20d26f812d28d86672158450e71c,0.3033212833258021,autoland,3779647,13,a34e21034f2e3c317ebb3d485012938d48ad04ac,macosx1015-64-shippable-qr,True,False,,|f|i|s|s|i|o|n| |w|a|r|m| |w|e|b|r|e|n|d|e|r|,102210fe594ee9b33d82058545b1ed14f4c8206e,PerceptualSpeedIndex,google-docs,True,google-docs PerceptualSpeedIndex opt fission warm webrender,,77,ms,firefox,452701869.0,1865849137,2024-03-28 14:53:03,1400606,,,,,,,,,,,,,,,,,,,,,,,,,,,,,,,,,,,,,,,,,,,,,,,,,TN
2413,69724381fb4d62ef4609a8f6019e5786c617ba8b,0.32015363759602344,autoland,3779647,13,a34e21034f2e3c317ebb3d485012938d48ad04ac,macosx1015-64-shippable-qr,True,False,,|f|i|s|s|i|o|n| |w|a|r|m| |w|e|b|r|e|n|d|e|r|,102210fe594ee9b33d82058545b1ed14f4c8206e,PerceptualSpeedIndex,google-docs,True,google-docs PerceptualSpeedIndex opt fission warm webrender,,77,ms,firefox,453296942.0,1868210785,2024-03-28 15:04:41,1400617,,,,,,,,,,,,,,,,,,,,,,,,,,,,,,,,,,,,,,,,,,,,,,,,,TN
2414,2b1a58a2fa54e47a357b20bda28512cebd79f732,0.2990284681427924,autoland,3779647,13,a34e21034f2e3c317ebb3d485012938d48ad04ac,macosx1015-64-shippable-qr,True,False,,|f|i|s|s|i|o|n| |w|a|r|m| |w|e|b|r|e|n|d|e|r|,102210fe594ee9b33d82058545b1ed14f4c8206e,PerceptualSpeedIndex,google-docs,True,google-docs PerceptualSpeedIndex opt fission warm webrender,,77,ms,firefox,452706778.0,1865871826,2024-03-28 15:08:02,1400620,,,,,,,,,,,,,,,,,,,,,,,,,,,,,,,,,,,,,,,,,,,,,,,,,TN
2415,8b07b647f9eb04f42cb161dbba5b6a44d1055fa9,0.31586082241301394,autoland,3779647,13,a34e21034f2e3c317ebb3d485012938d48ad04ac,macosx1015-64-shippable-qr,True,False,,|f|i|s|s|i|o|n| |w|a|r|m| |w|e|b|r|e|n|d|e|r|,102210fe594ee9b33d82058545b1ed14f4c8206e,PerceptualSpeedIndex,google-docs,True,google-docs PerceptualSpeedIndex opt fission warm webrender,,77,ms,firefox,453296962.0,1868210757,2024-03-28 15:18:32,1400632,,,,,,,,,,,,,,,,,,,,,,,,,,,,,,,,,,,,,,,,,,,,,,,,,TN
2416,f30b70bf498a50f6dab5b24d564718858ae51beb,0.3291911432444645,autoland,3779647,13,a34e21034f2e3c317ebb3d485012938d48ad04ac,macosx1015-64-shippable-qr,True,False,,|f|i|s|s|i|o|n| |w|a|r|m| |w|e|b|r|e|n|d|e|r|,102210fe594ee9b33d82058545b1ed14f4c8206e,PerceptualSpeedIndex,google-docs,True,google-docs PerceptualSpeedIndex opt fission warm webrender,,77,ms,firefox,453296953.0,1868210860,2024-03-28 17:04:24,1400694,,,,,,,,,,,,,,,,,,,,,,,,,,,,,,,,,,,,,,,,,,,,,,,,,TN
2417,ed1247270ba031574d372035ebb2d790ca769c31,0.3316764572977857,autoland,3779647,13,a34e21034f2e3c317ebb3d485012938d48ad04ac,macosx1015-64-shippable-qr,True,False,,|f|i|s|s|i|o|n| |w|a|r|m| |w|e|b|r|e|n|d|e|r|,102210fe594ee9b33d82058545b1ed14f4c8206e,PerceptualSpeedIndex,google-docs,True,google-docs PerceptualSpeedIndex opt fission warm webrender,,77,ms,firefox,453296960.0,1868210807,2024-03-28 17:29:10,1400717,,,,,,,,,,,,,,,,,,,,,,,,,,,,,,,,,,,,,,,,,,,,,,,,,TN
2418,bae88db81951e0561249da8a92815ef5d459c933,0.30072300045187506,autoland,3779647,13,a34e21034f2e3c317ebb3d485012938d48ad04ac,macosx1015-64-shippable-qr,True,False,,|f|i|s|s|i|o|n| |w|a|r|m| |w|e|b|r|e|n|d|e|r|,102210fe594ee9b33d82058545b1ed14f4c8206e,PerceptualSpeedIndex,google-docs,True,google-docs PerceptualSpeedIndex opt fission warm webrender,,77,ms,firefox,452888658.0,1866606711,2024-03-28 17:32:47,1400723,,,,,,,,,,,,,,,,,,,,,,,,,,,,,,,,,,,,,,,,,,,,,,,,,TN
2419,7ce32c81126f9172f3c11a209c8f10625468a0de,0.17013104383190236,autoland,3779647,13,a34e21034f2e3c317ebb3d485012938d48ad04ac,macosx1015-64-shippable-qr,True,False,,|f|i|s|s|i|o|n| |w|a|r|m| |w|e|b|r|e|n|d|e|r|,102210fe594ee9b33d82058545b1ed14f4c8206e,PerceptualSpeedIndex,google-docs,True,google-docs PerceptualSpeedIndex opt fission warm webrender,,77,ms,firefox,453296971.0,1868208941,2024-03-28 17:36:47,1400732,,,,,,,,,,,,,,,,,,,,,,,,,,,,,,,,,,,,,,,,,,,,,,,,,TN
2420,7c3726276ab0a0aab34b95197997bcdf357f06c0,0.1897876186172618,autoland,3779647,13,a34e21034f2e3c317ebb3d485012938d48ad04ac,macosx1015-64-shippable-qr,True,False,,|f|i|s|s|i|o|n| |w|a|r|m| |w|e|b|r|e|n|d|e|r|,102210fe594ee9b33d82058545b1ed14f4c8206e,PerceptualSpeedIndex,google-docs,True,google-docs PerceptualSpeedIndex opt fission warm webrender,,77,ms,firefox,453296977.0,1868208777,2024-03-28 17:38:19,1400733,,,,,,,,,,,,,,,,,,,,,,,,,,,,,,,,,,,,,,,,,,,,,,,,,TN
2421,c6650caabc0c4d47fdf791a4430b7ca4dbb9448d,0.16583822864889286,autoland,3779647,13,a34e21034f2e3c317ebb3d485012938d48ad04ac,macosx1015-64-shippable-qr,True,False,,|f|i|s|s|i|o|n| |w|a|r|m| |w|e|b|r|e|n|d|e|r|,102210fe594ee9b33d82058545b1ed14f4c8206e,PerceptualSpeedIndex,google-docs,True,google-docs PerceptualSpeedIndex opt fission warm webrender,,77,ms,firefox,453296978.0,1868208871,2024-03-28 17:39:37,1400734,,,,,,,,,,,,,,,,,,,,,,,,,,,,,,,,,,,,,,,,,,,,,,,,,TN
2422,242be80ea3f589700dd7e6981e094bcf8ad22753,0.17126073203795755,autoland,3779647,13,a34e21034f2e3c317ebb3d485012938d48ad04ac,macosx1015-64-shippable-qr,True,False,,|f|i|s|s|i|o|n| |w|a|r|m| |w|e|b|r|e|n|d|e|r|,102210fe594ee9b33d82058545b1ed14f4c8206e,PerceptualSpeedIndex,google-docs,True,google-docs PerceptualSpeedIndex opt fission warm webrender,,77,ms,firefox,453296990.0,1868209168,2024-03-28 17:41:48,1400737,,,,,,,,,,,,,,,,,,,,,,,,,,,,,,,,,,,,,,,,,,,,,,,,,TN
2423,6c9fca75b2eaa3ddc79ebd1ae5f28c81e7b7429c,0.18052417532760967,autoland,3779647,13,a34e21034f2e3c317ebb3d485012938d48ad04ac,macosx1015-64-shippable-qr,True,False,,|f|i|s|s|i|o|n| |w|a|r|m| |w|e|b|r|e|n|d|e|r|,102210fe594ee9b33d82058545b1ed14f4c8206e,PerceptualSpeedIndex,google-docs,True,google-docs PerceptualSpeedIndex opt fission warm webrender,,77,ms,firefox,453296979.0,1868208806,2024-03-28 17:43:38,1400738,,,,,,,,,,,,,,,,,,,,,,,,,,,,,,,,,,,,,,,,,,,,,,,,,TN
2424,118454ebbc02bca76df9228b849b316196e8c59a,0.1985991866244916,autoland,3779647,13,a34e21034f2e3c317ebb3d485012938d48ad04ac,macosx1015-64-shippable-qr,True,False,,|f|i|s|s|i|o|n| |w|a|r|m| |w|e|b|r|e|n|d|e|r|,102210fe594ee9b33d82058545b1ed14f4c8206e,PerceptualSpeedIndex,google-docs,True,google-docs PerceptualSpeedIndex opt fission warm webrender,,77,ms,firefox,453296980.0,1868208844,2024-03-28 18:27:52,1400770,,,,,,,,,,,,,,,,,,,,,,,,,,,,,,,,,,,,,,,,,,,,,,,,,TN
2425,642ca08449313612d8ec40da1ca936d66abecb98,0.21486669679168546,autoland,3779647,13,a34e21034f2e3c317ebb3d485012938d48ad04ac,macosx1015-64-shippable-qr,True,False,,|f|i|s|s|i|o|n| |w|a|r|m| |w|e|b|r|e|n|d|e|r|,102210fe594ee9b33d82058545b1ed14f4c8206e,PerceptualSpeedIndex,google-docs,True,google-docs PerceptualSpeedIndex opt fission warm webrender,,77,ms,firefox,453296981.0,1868209199,2024-03-28 18:45:04,1400780,,,,,,,,,,,,,,,,,,,,,,,,,,,,,,,,,,,,,,,,,,,,,,,,,TN
2426,aadd2e3e6f9e2ea343c79d71d3bc37d83886c236,0.18707636692272933,autoland,3779647,13,a34e21034f2e3c317ebb3d485012938d48ad04ac,macosx1015-64-shippable-qr,True,False,,|f|i|s|s|i|o|n| |w|a|r|m| |w|e|b|r|e|n|d|e|r|,102210fe594ee9b33d82058545b1ed14f4c8206e,PerceptualSpeedIndex,google-docs,True,google-docs PerceptualSpeedIndex opt fission warm webrender,,77,ms,firefox,453296991.0,1868209069,2024-03-28 18:46:05,1400781,,,,,,,,,,,,,,,,,,,,,,,,,,,,,,,,,,,,,,,,,,,,,,,,,TN
2427,1bf9232e1e7810d72017f5547a9048eedd7f6b5a,0.20695887934929957,autoland,3779647,13,a34e21034f2e3c317ebb3d485012938d48ad04ac,macosx1015-64-shippable-qr,True,False,,|f|i|s|s|i|o|n| |w|a|r|m| |w|e|b|r|e|n|d|e|r|,102210fe594ee9b33d82058545b1ed14f4c8206e,PerceptualSpeedIndex,google-docs,True,google-docs PerceptualSpeedIndex opt fission warm webrender,,77,ms,firefox,453296994.0,1868209251,2024-03-28 19:03:34,1400787,,,,,,,,,,,,,,,,,,,,,,,,,,,,,,,,,,,,,,,,,,,,,,,,,TN
2428,b9f38a3edd45f19c8f1f0e6f96e11dea269f3399,0.20366018978761846,autoland,3779647,13,a34e21034f2e3c317ebb3d485012938d48ad04ac,macosx1015-64-shippable-qr,True,False,,|f|i|s|s|i|o|n| |w|a|r|m| |w|e|b|r|e|n|d|e|r|,102210fe594ee9b33d82058545b1ed14f4c8206e,PerceptualSpeedIndex,google-docs,True,google-docs PerceptualSpeedIndex opt fission warm webrender,,77,ms,firefox,452771209.0,1866133813,2024-03-28 19:06:21,1400789,,,,,,,,,,,,,,,,,,,,,,,,,,,,,,,,,,,,,,,,,,,,,,,,,TN
2429,8b46ddebfb7e99c2dd8d13182e11398381eda976,0.17171260732037963,autoland,3779647,13,a34e21034f2e3c317ebb3d485012938d48ad04ac,macosx1015-64-shippable-qr,True,False,,|f|i|s|s|i|o|n| |w|a|r|m| |w|e|b|r|e|n|d|e|r|,102210fe594ee9b33d82058545b1ed14f4c8206e,PerceptualSpeedIndex,google-docs,True,google-docs PerceptualSpeedIndex opt fission warm webrender,,77,ms,firefox,452772325.0,1866134507,2024-03-28 23:11:00,1400928,717.88,mozilla-ldap/bacasandrei@mozilla.com,b9f38a3edd45f19c8f1f0e6f96e11dea269f3399,42078.0,7.34,774.78,2024-04-01 07:51:26.780928,13.0,13.0,,,0.0,1400789.0,2.0,2.0,mozilla-ldap/aesanu@mozilla.com,W3i2nw4_TpG85jOEme11JA,,2024-04-08 17:04:42.664402,,1.0,-56.9,192485.0,AGnW-yRqR2WJvwoech2OvQ,,42078.0,0.0,False,False,bacasandrei@mozilla.com,,,aesanu@mozilla.com,2024-03-31 17:04:42.664402,,[andra] 7ce32c8112 but there is a missing data point before this,SKEWED,42095.0,,,,False,,13.18,google-docs,,"fission, warm, webrender",2024-04-04 17:04:42.664402,TP
2430,28b4eaeb70285be21ee6612c4e891e41c7949b68,0.17239042024401252,autoland,3779647,13,a34e21034f2e3c317ebb3d485012938d48ad04ac,macosx1015-64-shippable-qr,True,False,,|f|i|s|s|i|o|n| |w|a|r|m| |w|e|b|r|e|n|d|e|r|,102210fe594ee9b33d82058545b1ed14f4c8206e,PerceptualSpeedIndex,google-docs,True,google-docs PerceptualSpeedIndex opt fission warm webrender,,77,ms,firefox,452775258.0,1866148987,2024-03-29 00:03:22,1400956,,,,,,,,,,,,,,,,,,,,,,,,,,,,,,,,,,,,,,,,,,,,,,,,,TN
2431,4120fb3d12f57159ca2e6809f555312e00adda5d,0.17261635788522378,autoland,3779647,13,a34e21034f2e3c317ebb3d485012938d48ad04ac,macosx1015-64-shippable-qr,True,False,,|f|i|s|s|i|o|n| |w|a|r|m| |w|e|b|r|e|n|d|e|r|,102210fe594ee9b33d82058545b1ed14f4c8206e,PerceptualSpeedIndex,google-docs,True,google-docs PerceptualSpeedIndex opt fission warm webrender,,77,ms,firefox,452883415.0,1866582090,2024-03-29 04:27:46,1401028,,,,,,,,,,,,,,,,,,,,,,,,,,,,,,,,,,,,,,,,,,,,,,,,,TN
2432,39124d8575b2fb025ca7fd37b91e052f28e88e67,0.16109353818346128,autoland,3779647,13,a34e21034f2e3c317ebb3d485012938d48ad04ac,macosx1015-64-shippable-qr,True,False,,|f|i|s|s|i|o|n| |w|a|r|m| |w|e|b|r|e|n|d|e|r|,102210fe594ee9b33d82058545b1ed14f4c8206e,PerceptualSpeedIndex,google-docs,True,google-docs PerceptualSpeedIndex opt fission warm webrender,,77,ms,firefox,452897028.0,1866663315,2024-03-29 12:22:16,1401116,,,,,,,,,,,,,,,,,,,,,,,,,,,,,,,,,,,,,,,,,,,,,,,,,TN
2433,33becba24b3c497daf0c1180e5c659ed3cc9028c,0.16900135562584717,autoland,3779647,13,a34e21034f2e3c317ebb3d485012938d48ad04ac,macosx1015-64-shippable-qr,True,False,,|f|i|s|s|i|o|n| |w|a|r|m| |w|e|b|r|e|n|d|e|r|,102210fe594ee9b33d82058545b1ed14f4c8206e,PerceptualSpeedIndex,google-docs,True,google-docs PerceptualSpeedIndex opt fission warm webrender,,77,ms,firefox,452908206.0,1866710292,2024-03-29 16:11:04,1401211,,,,,,,,,,,,,,,,,,,,,,,,,,,,,,,,,,,,,,,,,,,,,,,,,TN
2434,dd4f0b5931701d3aa7f7ed94fd3ba8c45816316c,0.16651604157252597,autoland,3779647,13,a34e21034f2e3c317ebb3d485012938d48ad04ac,macosx1015-64-shippable-qr,True,False,,|f|i|s|s|i|o|n| |w|a|r|m| |w|e|b|r|e|n|d|e|r|,102210fe594ee9b33d82058545b1ed14f4c8206e,PerceptualSpeedIndex,google-docs,True,google-docs PerceptualSpeedIndex opt fission warm webrender,,77,ms,firefox,452908765.0,1866718998,2024-03-29 20:24:43,1401326,,,,,,,,,,,,,,,,,,,,,,,,,,,,,,,,,,,,,,,,,,,,,,,,,TN
2435,2fe1ab05c8fa00d73df88b20df9bc87301a46d46,0.1782647989154993,autoland,3779647,13,a34e21034f2e3c317ebb3d485012938d48ad04ac,macosx1015-64-shippable-qr,True,False,,|f|i|s|s|i|o|n| |w|a|r|m| |w|e|b|r|e|n|d|e|r|,102210fe594ee9b33d82058545b1ed14f4c8206e,PerceptualSpeedIndex,google-docs,True,google-docs PerceptualSpeedIndex opt fission warm webrender,,77,ms,firefox,452912170.0,1866738250,2024-03-30 04:38:25,1401437,,,,,,,,,,,,,,,,,,,,,,,,,,,,,,,,,,,,,,,,,,,,,,,,,TN
2436,3e1a0031f44e72f557f0ec79cf8423168b952d80,0.1965657478535925,autoland,3779647,13,a34e21034f2e3c317ebb3d485012938d48ad04ac,macosx1015-64-shippable-qr,True,False,,|f|i|s|s|i|o|n| |w|a|r|m| |w|e|b|r|e|n|d|e|r|,102210fe594ee9b33d82058545b1ed14f4c8206e,PerceptualSpeedIndex,google-docs,True,google-docs PerceptualSpeedIndex opt fission warm webrender,,77,ms,firefox,452920829.0,1866774092,2024-03-30 08:43:08,1401445,,,,,,,,,,,,,,,,,,,,,,,,,,,,,,,,,,,,,,,,,,,,,,,,,TN
2437,dea770591ed30035f88966bbf45cbbcc6557cdcc,0.14753727971079988,autoland,3779647,13,a34e21034f2e3c317ebb3d485012938d48ad04ac,macosx1015-64-shippable-qr,True,False,,|f|i|s|s|i|o|n| |w|a|r|m| |w|e|b|r|e|n|d|e|r|,102210fe594ee9b33d82058545b1ed14f4c8206e,PerceptualSpeedIndex,google-docs,True,google-docs PerceptualSpeedIndex opt fission warm webrender,,77,ms,firefox,452933906.0,1866822514,2024-03-30 16:23:17,1401476,,,,,,,,,,,,,,,,,,,,,,,,,,,,,,,,,,,,,,,,,,,,,,,,,TN
2438,d7916bbe3cb4118dd9464ef3af064b13b3b0d0c4,0.166741979213737,autoland,3779647,13,a34e21034f2e3c317ebb3d485012938d48ad04ac,macosx1015-64-shippable-qr,True,False,,|f|i|s|s|i|o|n| |w|a|r|m| |w|e|b|r|e|n|d|e|r|,102210fe594ee9b33d82058545b1ed14f4c8206e,PerceptualSpeedIndex,google-docs,True,google-docs PerceptualSpeedIndex opt fission warm webrender,,77,ms,firefox,452939375.0,1866842657,2024-03-30 17:37:54,1401479,,,,,,,,,,,,,,,,,,,,,,,,,,,,,,,,,,,,,,,,,,,,,,,,,TN
2439,579426b2f39c365731042d79d87533ac3f616461,0.1674197921373699,autoland,3779647,13,a34e21034f2e3c317ebb3d485012938d48ad04ac,macosx1015-64-shippable-qr,True,False,,|f|i|s|s|i|o|n| |w|a|r|m| |w|e|b|r|e|n|d|e|r|,102210fe594ee9b33d82058545b1ed14f4c8206e,PerceptualSpeedIndex,google-docs,True,google-docs PerceptualSpeedIndex opt fission warm webrender,,77,ms,firefox,452989448.0,1867010248,2024-03-31 07:04:36,1401509,,,,,,,,,,,,,,,,,,,,,,,,,,,,,,,,,,,,,,,,,,,,,,,,,TN
2440,dfc3fd176c4fcd62b5a28dcfedea3c509f24ebf5,0.1818798011748759,autoland,3779647,13,a34e21034f2e3c317ebb3d485012938d48ad04ac,macosx1015-64-shippable-qr,True,False,,|f|i|s|s|i|o|n| |w|a|r|m| |w|e|b|r|e|n|d|e|r|,102210fe594ee9b33d82058545b1ed14f4c8206e,PerceptualSpeedIndex,google-docs,True,google-docs PerceptualSpeedIndex opt fission warm webrender,,77,ms,firefox,452989648.0,1867016128,2024-03-31 14:47:20,1401533,,,,,,,,,,,,,,,,,,,,,,,,,,,,,,,,,,,,,,,,,,,,,,,,,TN
2441,334eacacff83840ceed0bb2077c0a2a527e491a5,0.17013104383190236,autoland,3779647,13,a34e21034f2e3c317ebb3d485012938d48ad04ac,macosx1015-64-shippable-qr,True,False,,|f|i|s|s|i|o|n| |w|a|r|m| |w|e|b|r|e|n|d|e|r|,102210fe594ee9b33d82058545b1ed14f4c8206e,PerceptualSpeedIndex,google-docs,True,google-docs PerceptualSpeedIndex opt fission warm webrender,,77,ms,firefox,452994098.0,1867045418,2024-03-31 19:03:22,1401545,,,,,,,,,,,,,,,,,,,,,,,,,,,,,,,,,,,,,,,,,,,,,,,,,TN
2442,5d97e037b69610f99c35f4bbd65d27bafc5605fc,0.18368730230456398,autoland,3779647,13,a34e21034f2e3c317ebb3d485012938d48ad04ac,macosx1015-64-shippable-qr,True,False,,|f|i|s|s|i|o|n| |w|a|r|m| |w|e|b|r|e|n|d|e|r|,102210fe594ee9b33d82058545b1ed14f4c8206e,PerceptualSpeedIndex,google-docs,True,google-docs PerceptualSpeedIndex opt fission warm webrender,,77,ms,firefox,453017554.0,1867137025,2024-04-01 07:03:36,1401600,,,,,,,,,,,,,,,,,,,,,,,,,,,,,,,,,,,,,,,,,,,,,,,,,TN
2443,9546c05d8f57091e5d3e12129a49f11b8b027da7,0.21328513330320842,autoland,3779647,13,a34e21034f2e3c317ebb3d485012938d48ad04ac,macosx1015-64-shippable-qr,True,False,,|f|i|s|s|i|o|n| |w|a|r|m| |w|e|b|r|e|n|d|e|r|,102210fe594ee9b33d82058545b1ed14f4c8206e,PerceptualSpeedIndex,google-docs,True,google-docs PerceptualSpeedIndex opt fission warm webrender,,77,ms,firefox,453039613.0,1867203864,2024-04-01 11:30:18,1401661,,,,,,,,,,,,,,,,,,,,,,,,,,,,,,,,,,,,,,,,,,,,,,,,,TN
2444,26157b52a8c30d72d8e065cc4a8286633ee85b63,0.20153637596023488,autoland,3779647,13,a34e21034f2e3c317ebb3d485012938d48ad04ac,macosx1015-64-shippable-qr,True,False,,|f|i|s|s|i|o|n| |w|a|r|m| |w|e|b|r|e|n|d|e|r|,102210fe594ee9b33d82058545b1ed14f4c8206e,PerceptualSpeedIndex,google-docs,True,google-docs PerceptualSpeedIndex opt fission warm webrender,,77,ms,firefox,453061453.0,1867243194,2024-04-01 13:16:41,1401687,,,,,,,,,,,,,,,,,,,,,,,,,,,,,,,,,,,,,,,,,,,,,,,,,TN
2445,cdd16ab5df10333f1a1eb637ecf2692e15271d17,0.16131947582467232,autoland,3779647,13,a34e21034f2e3c317ebb3d485012938d48ad04ac,macosx1015-64-shippable-qr,True,False,,|f|i|s|s|i|o|n| |w|a|r|m| |w|e|b|r|e|n|d|e|r|,102210fe594ee9b33d82058545b1ed14f4c8206e,PerceptualSpeedIndex,google-docs,True,google-docs PerceptualSpeedIndex opt fission warm webrender,,77,ms,firefox,453086928.0,1867330128,2024-04-01 17:19:53,1401785,,,,,,,,,,,,,,,,,,,,,,,,,,,,,,,,,,,,,,,,,,,,,,,,,TN
2446,57354c5689ef8a5f598978d912570706445e1034,0.17397198373249,autoland,3779647,13,a34e21034f2e3c317ebb3d485012938d48ad04ac,macosx1015-64-shippable-qr,True,False,,|f|i|s|s|i|o|n| |w|a|r|m| |w|e|b|r|e|n|d|e|r|,102210fe594ee9b33d82058545b1ed14f4c8206e,PerceptualSpeedIndex,google-docs,True,google-docs PerceptualSpeedIndex opt fission warm webrender,,77,ms,firefox,453093270.0,1867366106,2024-04-01 18:19:29,1401826,,,,,,,,,,,,,,,,,,,,,,,,,,,,,,,,,,,,,,,,,,,,,,,,,TN
2447,13111643fbf4557d26174a12b2cde1954182b0ab,0.17668323542702202,autoland,3779647,13,a34e21034f2e3c317ebb3d485012938d48ad04ac,macosx1015-64-shippable-qr,True,False,,|f|i|s|s|i|o|n| |w|a|r|m| |w|e|b|r|e|n|d|e|r|,102210fe594ee9b33d82058545b1ed14f4c8206e,PerceptualSpeedIndex,google-docs,True,google-docs PerceptualSpeedIndex opt fission warm webrender,,77,ms,firefox,453137680.0,1867524576,2024-04-01 22:35:55,1402004,,,,,,,,,,,,,,,,,,,,,,,,,,,,,,,,,,,,,,,,,,,,,,,,,TN
2448,e7ec5d35ae0d80f4a77b6705e1a393c637da672e,0.15544509715318577,autoland,3779647,13,a34e21034f2e3c317ebb3d485012938d48ad04ac,macosx1015-64-shippable-qr,True,False,,|f|i|s|s|i|o|n| |w|a|r|m| |w|e|b|r|e|n|d|e|r|,102210fe594ee9b33d82058545b1ed14f4c8206e,PerceptualSpeedIndex,google-docs,True,google-docs PerceptualSpeedIndex opt fission warm webrender,,77,ms,firefox,453134408.0,1867513428,2024-04-01 22:39:43,1402007,,,,,,,,,,,,,,,,,,,,,,,,,,,,,,,,,,,,,,,,,,,,,,,,,TN
2449,de086751acb845c252c37aab95a7e6b265df39a6,0.17442385901491186,autoland,3779647,13,a34e21034f2e3c317ebb3d485012938d48ad04ac,macosx1015-64-shippable-qr,True,False,,|f|i|s|s|i|o|n| |w|a|r|m| |w|e|b|r|e|n|d|e|r|,102210fe594ee9b33d82058545b1ed14f4c8206e,PerceptualSpeedIndex,google-docs,True,google-docs PerceptualSpeedIndex opt fission warm webrender,,77,ms,firefox,453153164.0,1867623827,2024-04-02 04:32:43,1402085,,,,,,,,,,,,,,,,,,,,,,,,,,,,,,,,,,,,,,,,,,,,,,,,,TN
2450,81ea9950a766d85ced5d1db992689422649c3b26,0.1660641662901039,autoland,3779647,13,a34e21034f2e3c317ebb3d485012938d48ad04ac,macosx1015-64-shippable-qr,True,False,,|f|i|s|s|i|o|n| |w|a|r|m| |w|e|b|r|e|n|d|e|r|,102210fe594ee9b33d82058545b1ed14f4c8206e,PerceptualSpeedIndex,google-docs,True,google-docs PerceptualSpeedIndex opt fission warm webrender,,77,ms,firefox,453418416.0,1868611807,2024-04-03 12:19:12,1403087,,,,,,,,,,,,,,,,,,,,,,,,,,,,,,,,,,,,,,,,,,,,,,,,,TN
2451,31ead35d5981bb6a0da919643013edfb0b8934b6,0.2541798463624041,autoland,3779647,13,a34e21034f2e3c317ebb3d485012938d48ad04ac,macosx1015-64-shippable-qr,True,False,,|f|i|s|s|i|o|n| |w|a|r|m| |w|e|b|r|e|n|d|e|r|,102210fe594ee9b33d82058545b1ed14f4c8206e,PerceptualSpeedIndex,google-docs,True,google-docs PerceptualSpeedIndex opt fission warm webrender,,77,ms,firefox,453420548.0,1868625909,2024-04-03 15:08:48,1403194,,,,,,,,,,,,,,,,,,,,,,,,,,,,,,,,,,,,,,,,,,,,,,,,,TN
2452,a9ffaf77a5b0635bebc58e9cf9c0fb26f5444d3d,0.18165386353366464,autoland,3779647,13,a34e21034f2e3c317ebb3d485012938d48ad04ac,macosx1015-64-shippable-qr,True,False,,|f|i|s|s|i|o|n| |w|a|r|m| |w|e|b|r|e|n|d|e|r|,102210fe594ee9b33d82058545b1ed14f4c8206e,PerceptualSpeedIndex,google-docs,True,google-docs PerceptualSpeedIndex opt fission warm webrender,,77,ms,firefox,453454388.0,1868733932,2024-04-03 16:14:29,1403253,,,,,,,,,,,,,,,,,,,,,,,,,,,,,,,,,,,,,,,,,,,,,,,,,TN
2453,b27e71b032d1cc8cba63e44da1cee14deda5e942,0.2745142340713964,autoland,3779647,13,a34e21034f2e3c317ebb3d485012938d48ad04ac,macosx1015-64-shippable-qr,True,False,,|f|i|s|s|i|o|n| |w|a|r|m| |w|e|b|r|e|n|d|e|r|,102210fe594ee9b33d82058545b1ed14f4c8206e,PerceptualSpeedIndex,google-docs,True,google-docs PerceptualSpeedIndex opt fission warm webrender,,77,ms,firefox,453505915.0,1869005277,2024-04-03 16:15:23,1403255,,,,,,,,,,,,,,,,,,,,,,,,,,,,,,,,,,,,,,,,,,,,,,,,,TN
2454,aedb2756de7fa4089d89d53f49a007290003d58d,0.1967916854948033,autoland,3779647,13,a34e21034f2e3c317ebb3d485012938d48ad04ac,macosx1015-64-shippable-qr,True,False,,|f|i|s|s|i|o|n| |w|a|r|m| |w|e|b|r|e|n|d|e|r|,102210fe594ee9b33d82058545b1ed14f4c8206e,PerceptualSpeedIndex,google-docs,True,google-docs PerceptualSpeedIndex opt fission warm webrender,,77,ms,firefox,453476801.0,1868844297,2024-04-03 23:35:22,1403575,,,,,,,,,,,,,,,,,,,,,,,,,,,,,,,,,,,,,,,,,,,,,,,,,TN
2455,f2360b4c9b8a110f0b1c40841a767a47da5b85be,0.15725259828287386,autoland,3779647,13,a34e21034f2e3c317ebb3d485012938d48ad04ac,macosx1015-64-shippable-qr,True,False,,|f|i|s|s|i|o|n| |w|a|r|m| |w|e|b|r|e|n|d|e|r|,102210fe594ee9b33d82058545b1ed14f4c8206e,PerceptualSpeedIndex,google-docs,True,google-docs PerceptualSpeedIndex opt fission warm webrender,,77,ms,firefox,453497799.0,1868948155,2024-04-04 04:04:35,1403674,,,,,,,,,,,,,,,,,,,,,,,,,,,,,,,,,,,,,,,,,,,,,,,,,TN
2456,08ea8edc42ee204a4f50aae52417198c7a11d742,0.1868504292815183,autoland,3779647,13,a34e21034f2e3c317ebb3d485012938d48ad04ac,macosx1015-64-shippable-qr,True,False,,|f|i|s|s|i|o|n| |w|a|r|m| |w|e|b|r|e|n|d|e|r|,102210fe594ee9b33d82058545b1ed14f4c8206e,PerceptualSpeedIndex,google-docs,True,google-docs PerceptualSpeedIndex opt fission warm webrender,,77,ms,firefox,453513149.0,1869019372,2024-04-04 08:28:09,1403757,,,,,,,,,,,,,,,,,,,,,,,,,,,,,,,,,,,,,,,,,,,,,,,,,TN
2457,a260c2683052c9aa36748f1ded4e99c0d2bcf63e,0.2812923633077271,autoland,3779647,13,a34e21034f2e3c317ebb3d485012938d48ad04ac,macosx1015-64-shippable-qr,True,False,,|f|i|s|s|i|o|n| |w|a|r|m| |w|e|b|r|e|n|d|e|r|,102210fe594ee9b33d82058545b1ed14f4c8206e,PerceptualSpeedIndex,google-docs,True,google-docs PerceptualSpeedIndex opt fission warm webrender,,77,ms,firefox,453521774.0,1869051979,2024-04-04 12:29:27,1403877,,,,,,,,,,,,,,,,,,,,,,,,,,,,,,,,,,,,,,,,,,,,,,,,,TN
2458,e633b6ff34e81c89b87f1d4e3b18fcae399b3d37,0.2602801626751017,autoland,3779647,13,a34e21034f2e3c317ebb3d485012938d48ad04ac,macosx1015-64-shippable-qr,True,False,,|f|i|s|s|i|o|n| |w|a|r|m| |w|e|b|r|e|n|d|e|r|,102210fe594ee9b33d82058545b1ed14f4c8206e,PerceptualSpeedIndex,google-docs,True,google-docs PerceptualSpeedIndex opt fission warm webrender,,77,ms,firefox,453535145.0,1869109198,2024-04-04 15:41:47,1404042,,,,,,,,,,,,,,,,,,,,,,,,,,,,,,,,,,,,,,,,,,,,,,,,,TN
2459,2b8e4c563c2fa403003707729e7fd66dd5909763,0.1929507455942161,autoland,3779647,13,a34e21034f2e3c317ebb3d485012938d48ad04ac,macosx1015-64-shippable-qr,True,False,,|f|i|s|s|i|o|n| |w|a|r|m| |w|e|b|r|e|n|d|e|r|,102210fe594ee9b33d82058545b1ed14f4c8206e,PerceptualSpeedIndex,google-docs,True,google-docs PerceptualSpeedIndex opt fission warm webrender,,77,ms,firefox,453546383.0,1869164919,2024-04-04 17:55:39,1404131,,,,,,,,,,,,,,,,,,,,,,,,,,,,,,,,,,,,,,,,,,,,,,,,,TN
2460,7689f9c266fcdf019b8bea308bf5569885d72ed3,0.1985991866244916,autoland,3779647,13,a34e21034f2e3c317ebb3d485012938d48ad04ac,macosx1015-64-shippable-qr,True,False,,|f|i|s|s|i|o|n| |w|a|r|m| |w|e|b|r|e|n|d|e|r|,102210fe594ee9b33d82058545b1ed14f4c8206e,PerceptualSpeedIndex,google-docs,True,google-docs PerceptualSpeedIndex opt fission warm webrender,,77,ms,firefox,453571327.0,1869260287,2024-04-04 22:08:58,1404331,,,,,,,,,,,,,,,,,,,,,,,,,,,,,,,,,,,,,,,,,,,,,,,,,TN
2461,8600529acb2a250f255ea4d80486fecb2b7dc31b,0.19046543154089468,autoland,3779647,13,a34e21034f2e3c317ebb3d485012938d48ad04ac,macosx1015-64-shippable-qr,True,False,,|f|i|s|s|i|o|n| |w|a|r|m| |w|e|b|r|e|n|d|e|r|,102210fe594ee9b33d82058545b1ed14f4c8206e,PerceptualSpeedIndex,google-docs,True,google-docs PerceptualSpeedIndex opt fission warm webrender,,77,ms,firefox,453584994.0,1869308127,2024-04-05 00:24:01,1404399,,,,,,,,,,,,,,,,,,,,,,,,,,,,,,,,,,,,,,,,,,,,,,,,,TN
2462,ea8ea972270ddb95f071f900f9199fb7ff95bb10,0.2040216900135563,autoland,3779647,13,a34e21034f2e3c317ebb3d485012938d48ad04ac,macosx1015-64-shippable-qr,True,False,,|f|i|s|s|i|o|n| |w|a|r|m| |w|e|b|r|e|n|d|e|r|,102210fe594ee9b33d82058545b1ed14f4c8206e,PerceptualSpeedIndex,google-docs,True,google-docs PerceptualSpeedIndex opt fission warm webrender,,77,ms,firefox,453596529.0,1869356287,2024-04-05 04:36:57,1404445,,,,,,,,,,,,,,,,,,,,,,,,,,,,,,,,,,,,,,,,,,,,,,,,,TN
2463,e25a9624d6d92e1a88da8b414e3ea781e4e25a07,0.20492544057840023,autoland,3779647,13,a34e21034f2e3c317ebb3d485012938d48ad04ac,macosx1015-64-shippable-qr,True,False,,|f|i|s|s|i|o|n| |w|a|r|m| |w|e|b|r|e|n|d|e|r|,102210fe594ee9b33d82058545b1ed14f4c8206e,PerceptualSpeedIndex,google-docs,True,google-docs PerceptualSpeedIndex opt fission warm webrender,,77,ms,firefox,453707073.0,1869789077,2024-04-05 13:56:08,1404693,,,,,,,,,,,,,,,,,,,,,,,,,,,,,,,,,,,,,,,,,,,,,,,,,TN
2464,1564b30ff7230370f1d96bdfc88b528c6dbf1f37,0.1979213737008585,autoland,3779647,13,a34e21034f2e3c317ebb3d485012938d48ad04ac,macosx1015-64-shippable-qr,True,False,,|f|i|s|s|i|o|n| |w|a|r|m| |w|e|b|r|e|n|d|e|r|,102210fe594ee9b33d82058545b1ed14f4c8206e,PerceptualSpeedIndex,google-docs,True,google-docs PerceptualSpeedIndex opt fission warm webrender,,77,ms,firefox,453731947.0,1869954165,2024-04-05 21:22:34,1405040,,,,,,,,,,,,,,,,,,,,,,,,,,,,,,,,,,,,,,,,,,,,,,,,,TN
2465,bcbab342eed82aec3d4dd40516bf07e1ee96e716,0.3178942611839133,autoland,3779647,13,a34e21034f2e3c317ebb3d485012938d48ad04ac,macosx1015-64-shippable-qr,True,False,,|f|i|s|s|i|o|n| |w|a|r|m| |w|e|b|r|e|n|d|e|r|,102210fe594ee9b33d82058545b1ed14f4c8206e,PerceptualSpeedIndex,google-docs,True,google-docs PerceptualSpeedIndex opt fission warm webrender,,77,ms,firefox,453716850.0,1869837256,2024-04-05 21:23:25,1405041,,,,,,,,,,,,,,,,,,,,,,,,,,,,,,,,,,,,,,,,,,,,,,,,,TN
2466,5695ee1969a8c3cddf47affcdc2358c67fa09729,0.17736104835065536,autoland,3779647,13,a34e21034f2e3c317ebb3d485012938d48ad04ac,macosx1015-64-shippable-qr,True,False,,|f|i|s|s|i|o|n| |w|a|r|m| |w|e|b|r|e|n|d|e|r|,102210fe594ee9b33d82058545b1ed14f4c8206e,PerceptualSpeedIndex,google-docs,True,google-docs PerceptualSpeedIndex opt fission warm webrender,,77,ms,firefox,453729828.0,1869923829,2024-04-06 02:12:01,1405161,,,,,,,,,,,,,,,,,,,,,,,,,,,,,,,,,,,,,,,,,,,,,,,,,TN
2467,9fc8fef3e3ad12973fa215fac0d8ce85b8476e0a,0.17916854948034344,autoland,3779647,13,a34e21034f2e3c317ebb3d485012938d48ad04ac,macosx1015-64-shippable-qr,True,False,,|f|i|s|s|i|o|n| |w|a|r|m| |w|e|b|r|e|n|d|e|r|,102210fe594ee9b33d82058545b1ed14f4c8206e,PerceptualSpeedIndex,google-docs,True,google-docs PerceptualSpeedIndex opt fission warm webrender,,77,ms,firefox,453757080.0,1870049864,2024-04-06 08:07:05,1405200,,,,,,,,,,,,,,,,,,,,,,,,,,,,,,,,,,,,,,,,,,,,,,,,,TN
2468,efb8ceaaddf1096a2a68534d60681deac7fbfbb7,0.17939448712155448,autoland,3779647,13,a34e21034f2e3c317ebb3d485012938d48ad04ac,macosx1015-64-shippable-qr,True,False,,|f|i|s|s|i|o|n| |w|a|r|m| |w|e|b|r|e|n|d|e|r|,102210fe594ee9b33d82058545b1ed14f4c8206e,PerceptualSpeedIndex,google-docs,True,google-docs PerceptualSpeedIndex opt fission warm webrender,,77,ms,firefox,453804394.0,1870239172,2024-04-06 09:10:48,1405212,,,,,,,,,,,,,,,,,,,,,,,,,,,,,,,,,,,,,,,,,,,,,,,,,TN
2469,1e56e647f8d57834bb7fa2d951e64b2fa4b3487f,0.1886579304112066,autoland,3779647,13,a34e21034f2e3c317ebb3d485012938d48ad04ac,macosx1015-64-shippable-qr,True,False,,|f|i|s|s|i|o|n| |w|a|r|m| |w|e|b|r|e|n|d|e|r|,102210fe594ee9b33d82058545b1ed14f4c8206e,PerceptualSpeedIndex,google-docs,True,google-docs PerceptualSpeedIndex opt fission warm webrender,,77,ms,firefox,453804306.0,1870235075,2024-04-06 09:11:43,1405213,,,,,,,,,,,,,,,,,,,,,,,,,,,,,,,,,,,,,,,,,,,,,,,,,TN
2470,0f5a5f081afbca1abac9185c32c792b9c3550264,0.19927699954812472,autoland,3779647,13,a34e21034f2e3c317ebb3d485012938d48ad04ac,macosx1015-64-shippable-qr,True,False,,|f|i|s|s|i|o|n| |w|a|r|m| |w|e|b|r|e|n|d|e|r|,102210fe594ee9b33d82058545b1ed14f4c8206e,PerceptualSpeedIndex,google-docs,True,google-docs PerceptualSpeedIndex opt fission warm webrender,,77,ms,firefox,453769085.0,1870092732,2024-04-06 12:49:36,1405245,,,,,,,,,,,,,,,,,,,,,,,,,,,,,,,,,,,,,,,,,,,,,,,,,TN
2471,3719e5d315bba4fd2d01a2bb964ff7d7c6521282,0.21057388160867596,autoland,3779647,13,a34e21034f2e3c317ebb3d485012938d48ad04ac,macosx1015-64-shippable-qr,True,False,,|f|i|s|s|i|o|n| |w|a|r|m| |w|e|b|r|e|n|d|e|r|,102210fe594ee9b33d82058545b1ed14f4c8206e,PerceptualSpeedIndex,google-docs,True,google-docs PerceptualSpeedIndex opt fission warm webrender,,77,ms,firefox,453780169.0,1870146029,2024-04-06 19:13:32,1405288,,,,,,,,,,,,,,,,,,,,,,,,,,,,,,,,,,,,,,,,,,,,,,,,,TN
2472,7362d727c60c8a1b15c8e7357969595c93c659c6,0.3065973791233618,autoland,3779647,13,a34e21034f2e3c317ebb3d485012938d48ad04ac,macosx1015-64-shippable-qr,True,False,,|f|i|s|s|i|o|n| |w|a|r|m| |w|e|b|r|e|n|d|e|r|,102210fe594ee9b33d82058545b1ed14f4c8206e,PerceptualSpeedIndex,google-docs,True,google-docs PerceptualSpeedIndex opt fission warm webrender,,77,ms,firefox,453795681.0,1870206848,2024-04-07 00:18:02,1405303,,,,,,,,,,,,,,,,,,,,,,,,,,,,,,,,,,,,,,,,,,,,,,,,,TN
2473,56daf0a3e72bc04ceb0b6d6a5e8b51b32333fe11,0.17419792137370083,autoland,3779647,13,a34e21034f2e3c317ebb3d485012938d48ad04ac,macosx1015-64-shippable-qr,True,False,,|f|i|s|s|i|o|n| |w|a|r|m| |w|e|b|r|e|n|d|e|r|,102210fe594ee9b33d82058545b1ed14f4c8206e,PerceptualSpeedIndex,google-docs,True,google-docs PerceptualSpeedIndex opt fission warm webrender,,77,ms,firefox,453827217.0,1870329812,2024-04-07 12:29:26,1405334,,,,,,,,,,,,,,,,,,,,,,,,,,,,,,,,,,,,,,,,,,,,,,,,,TN
2474,c59be65c8118a8e4c60719162c4426e511ee042c,0.19746949841843664,autoland,3779647,13,a34e21034f2e3c317ebb3d485012938d48ad04ac,macosx1015-64-shippable-qr,True,False,,|f|i|s|s|i|o|n| |w|a|r|m| |w|e|b|r|e|n|d|e|r|,102210fe594ee9b33d82058545b1ed14f4c8206e,PerceptualSpeedIndex,google-docs,True,google-docs PerceptualSpeedIndex opt fission warm webrender,,77,ms,firefox,453837552.0,1870368424,2024-04-07 17:34:38,1405352,,,,,,,,,,,,,,,,,,,,,,,,,,,,,,,,,,,,,,,,,,,,,,,,,TN
2475,a5f6bf0601900e20973b195443e8431788bf1494,0.17668323542702202,autoland,3779647,13,a34e21034f2e3c317ebb3d485012938d48ad04ac,macosx1015-64-shippable-qr,True,False,,|f|i|s|s|i|o|n| |w|a|r|m| |w|e|b|r|e|n|d|e|r|,102210fe594ee9b33d82058545b1ed14f4c8206e,PerceptualSpeedIndex,google-docs,True,google-docs PerceptualSpeedIndex opt fission warm webrender,,77,ms,firefox,453849915.0,1870421802,2024-04-07 22:40:32,1405368,,,,,,,,,,,,,,,,,,,,,,,,,,,,,,,,,,,,,,,,,,,,,,,,,TN
2476,d61d36a30ac8194456d356ab948a2a962e330d3c,0.18910980569362845,autoland,3779647,13,a34e21034f2e3c317ebb3d485012938d48ad04ac,macosx1015-64-shippable-qr,True,False,,|f|i|s|s|i|o|n| |w|a|r|m| |w|e|b|r|e|n|d|e|r|,102210fe594ee9b33d82058545b1ed14f4c8206e,PerceptualSpeedIndex,google-docs,True,google-docs PerceptualSpeedIndex opt fission warm webrender,,77,ms,firefox,454018241.0,1871113685,2024-04-08 00:16:58,1405370,,,,,,,,,,,,,,,,,,,,,,,,,,,,,,,,,,,,,,,,,,,,,,,,,TN
2477,93d08e6b3d615ead541eee15f876af2c74e90d53,0.1857207410754631,autoland,3779647,13,a34e21034f2e3c317ebb3d485012938d48ad04ac,macosx1015-64-shippable-qr,True,False,,|f|i|s|s|i|o|n| |w|a|r|m| |w|e|b|r|e|n|d|e|r|,102210fe594ee9b33d82058545b1ed14f4c8206e,PerceptualSpeedIndex,google-docs,True,google-docs PerceptualSpeedIndex opt fission warm webrender,,77,ms,firefox,453859085.0,1870459500,2024-04-08 04:43:41,1405385,,,,,,,,,,,,,,,,,,,,,,,,,,,,,,,,,,,,,,,,,,,,,,,,,TN
2478,7fdec039f49159c7769bb304ab5f0a97f9dde43f,0.16290103931314937,autoland,3779647,13,a34e21034f2e3c317ebb3d485012938d48ad04ac,macosx1015-64-shippable-qr,True,False,,|f|i|s|s|i|o|n| |w|a|r|m| |w|e|b|r|e|n|d|e|r|,102210fe594ee9b33d82058545b1ed14f4c8206e,PerceptualSpeedIndex,google-docs,True,google-docs PerceptualSpeedIndex opt fission warm webrender,,77,ms,firefox,453920932.0,1870729264,2024-04-08 09:12:14,1405465,,,,,,,,,,,,,,,,,,,,,,,,,,,,,,,,,,,,,,,,,,,,,,,,,TN
2479,83eae9239b46f03f52da5463ad71098ca7791ea0,0.20176231360144592,autoland,3779647,13,a34e21034f2e3c317ebb3d485012938d48ad04ac,macosx1015-64-shippable-qr,True,False,,|f|i|s|s|i|o|n| |w|a|r|m| |w|e|b|r|e|n|d|e|r|,102210fe594ee9b33d82058545b1ed14f4c8206e,PerceptualSpeedIndex,google-docs,True,google-docs PerceptualSpeedIndex opt fission warm webrender,,77,ms,firefox,454018097.0,1871112235,2024-04-08 09:14:11,1405468,,,,,,,,,,,,,,,,,,,,,,,,,,,,,,,,,,,,,,,,,,,,,,,,,TN
2480,8f90997050c158167089ac3c0b526920d3f7bb82,0.17419792137370083,autoland,3779647,13,a34e21034f2e3c317ebb3d485012938d48ad04ac,macosx1015-64-shippable-qr,True,False,,|f|i|s|s|i|o|n| |w|a|r|m| |w|e|b|r|e|n|d|e|r|,102210fe594ee9b33d82058545b1ed14f4c8206e,PerceptualSpeedIndex,google-docs,True,google-docs PerceptualSpeedIndex opt fission warm webrender,,77,ms,firefox,454018602.0,1871127598,2024-04-08 09:15:02,1405470,,,,,,,,,,,,,,,,,,,,,,,,,,,,,,,,,,,,,,,,,,,,,,,,,TN
2481,2d1a289ac036edc287917e987f17d8d1f1607f39,0.20831450519656558,autoland,3779647,13,a34e21034f2e3c317ebb3d485012938d48ad04ac,macosx1015-64-shippable-qr,True,False,,|f|i|s|s|i|o|n| |w|a|r|m| |w|e|b|r|e|n|d|e|r|,102210fe594ee9b33d82058545b1ed14f4c8206e,PerceptualSpeedIndex,google-docs,True,google-docs PerceptualSpeedIndex opt fission warm webrender,,77,ms,firefox,454018499.0,1871123164,2024-04-08 11:42:34,1405553,,,,,,,,,,,,,,,,,,,,,,,,,,,,,,,,,,,,,,,,,,,,,,,,,TN
2482,8aa3f0cfdd9cc43a71881956b4d48edd5af26a75,0.3285133303208314,autoland,3779647,13,a34e21034f2e3c317ebb3d485012938d48ad04ac,macosx1015-64-shippable-qr,True,False,,|f|i|s|s|i|o|n| |w|a|r|m| |w|e|b|r|e|n|d|e|r|,102210fe594ee9b33d82058545b1ed14f4c8206e,PerceptualSpeedIndex,google-docs,True,google-docs PerceptualSpeedIndex opt fission warm webrender,,77,ms,firefox,454020418.0,1871145793,2024-04-08 11:52:58,1405560,,,,,,,,,,,,,,,,,,,,,,,,,,,,,,,,,,,,,,,,,,,,,,,,,TN
2483,1b56c653a5ee3a14ec0955b092498999e9333bfa,0.20492544057840023,autoland,3779647,13,a34e21034f2e3c317ebb3d485012938d48ad04ac,macosx1015-64-shippable-qr,True,False,,|f|i|s|s|i|o|n| |w|a|r|m| |w|e|b|r|e|n|d|e|r|,102210fe594ee9b33d82058545b1ed14f4c8206e,PerceptualSpeedIndex,google-docs,True,google-docs PerceptualSpeedIndex opt fission warm webrender,,77,ms,firefox,453918936.0,1870726964,2024-04-08 13:49:41,1405618,,,,,,,,,,,,,,,,,,,,,,,,,,,,,,,,,,,,,,,,,,,,,,,,,TN
2484,a549052e0246a7e3e6baecb8a5f7263439d50fd0,0.1825576140985088,autoland,3779647,13,a34e21034f2e3c317ebb3d485012938d48ad04ac,macosx1015-64-shippable-qr,True,False,,|f|i|s|s|i|o|n| |w|a|r|m| |w|e|b|r|e|n|d|e|r|,102210fe594ee9b33d82058545b1ed14f4c8206e,PerceptualSpeedIndex,google-docs,True,google-docs PerceptualSpeedIndex opt fission warm webrender,,77,ms,firefox,454016793.0,1871093947,2024-04-08 16:11:07,1405753,,,,,,,,,,,,,,,,,,,,,,,,,,,,,,,,,,,,,,,,,,,,,,,,,TN
2485,79551503d77c8353439905d86ec3033546f0c874,0.16516041572525975,autoland,3779647,13,a34e21034f2e3c317ebb3d485012938d48ad04ac,macosx1015-64-shippable-qr,True,False,,|f|i|s|s|i|o|n| |w|a|r|m| |w|e|b|r|e|n|d|e|r|,102210fe594ee9b33d82058545b1ed14f4c8206e,PerceptualSpeedIndex,google-docs,True,google-docs PerceptualSpeedIndex opt fission warm webrender,,77,ms,firefox,453958321.0,1870834011,2024-04-08 19:08:45,1405880,,,,,,,,,,,,,,,,,,,,,,,,,,,,,,,,,,,,,,,,,,,,,,,,,TN
2486,c19d16f89e851b3d8052fb11a8e8f0ae3f4cb9b7,0.15906009941256216,autoland,3779647,13,a34e21034f2e3c317ebb3d485012938d48ad04ac,macosx1015-64-shippable-qr,True,False,,|f|i|s|s|i|o|n| |w|a|r|m| |w|e|b|r|e|n|d|e|r|,102210fe594ee9b33d82058545b1ed14f4c8206e,PerceptualSpeedIndex,google-docs,True,google-docs PerceptualSpeedIndex opt fission warm webrender,,77,ms,firefox,453994176.0,1870969887,2024-04-08 23:24:57,1406026,,,,,,,,,,,,,,,,,,,,,,,,,,,,,,,,,,,,,,,,,,,,,,,,,TN
2487,643848d855ebb8ab8d9d7009ca7ce9d21d267b34,0.1924988703117938,autoland,3779647,13,a34e21034f2e3c317ebb3d485012938d48ad04ac,macosx1015-64-shippable-qr,True,False,,|f|i|s|s|i|o|n| |w|a|r|m| |w|e|b|r|e|n|d|e|r|,102210fe594ee9b33d82058545b1ed14f4c8206e,PerceptualSpeedIndex,google-docs,True,google-docs PerceptualSpeedIndex opt fission warm webrender,,77,ms,firefox,454019565.0,1871136563,2024-04-09 06:15:12,1406147,,,,,,,,,,,,,,,,,,,,,,,,,,,,,,,,,,,,,,,,,,,,,,,,,TN
2488,7cd4aaac69823ebb7b440d4e14d05275ba50a073,0.16583822864889286,autoland,3779647,13,a34e21034f2e3c317ebb3d485012938d48ad04ac,macosx1015-64-shippable-qr,True,False,,|f|i|s|s|i|o|n| |w|a|r|m| |w|e|b|r|e|n|d|e|r|,102210fe594ee9b33d82058545b1ed14f4c8206e,PerceptualSpeedIndex,google-docs,True,google-docs PerceptualSpeedIndex opt fission warm webrender,,77,ms,firefox,454058787.0,1871293601,2024-04-09 10:19:15,1406264,,,,,,,,,,,,,,,,,,,,,,,,,,,,,,,,,,,,,,,,,,,,,,,,,TN
2489,d74b7b0696b5cf43a1196eb49d3ee3d6fd5be939,0.16290103931314937,autoland,3779647,13,a34e21034f2e3c317ebb3d485012938d48ad04ac,macosx1015-64-shippable-qr,True,False,,|f|i|s|s|i|o|n| |w|a|r|m| |w|e|b|r|e|n|d|e|r|,102210fe594ee9b33d82058545b1ed14f4c8206e,PerceptualSpeedIndex,google-docs,True,google-docs PerceptualSpeedIndex opt fission warm webrender,,77,ms,firefox,454143241.0,1871733950,2024-04-09 13:18:22,1406384,,,,,,,,,,,,,,,,,,,,,,,,,,,,,,,,,,,,,,,,,,,,,,,,,TN
2490,4f295f84763cdb0699eaf30eb9984e7fe1de74e5,0.18820605512878452,autoland,3779647,13,a34e21034f2e3c317ebb3d485012938d48ad04ac,macosx1015-64-shippable-qr,True,False,,|f|i|s|s|i|o|n| |w|a|r|m| |w|e|b|r|e|n|d|e|r|,102210fe594ee9b33d82058545b1ed14f4c8206e,PerceptualSpeedIndex,google-docs,True,google-docs PerceptualSpeedIndex opt fission warm webrender,,77,ms,firefox,454144566.0,1871741113,2024-04-09 13:31:54,1406402,,,,,,,,,,,,,,,,,,,,,,,,,,,,,,,,,,,,,,,,,,,,,,,,,TN
2491,34fef7e7706b912024aa3ba8826647e5ddc0a0ab,0.20018075011296865,autoland,3779647,13,a34e21034f2e3c317ebb3d485012938d48ad04ac,macosx1015-64-shippable-qr,True,False,,|f|i|s|s|i|o|n| |w|a|r|m| |w|e|b|r|e|n|d|e|r|,102210fe594ee9b33d82058545b1ed14f4c8206e,PerceptualSpeedIndex,google-docs,True,google-docs PerceptualSpeedIndex opt fission warm webrender,,77,ms,firefox,454073451.0,1871370358,2024-04-09 14:26:21,1406452,,,,,,,,,,,,,,,,,,,,,,,,,,,,,,,,,,,,,,,,,,,,,,,,,TN
2492,c3cd9a2f257b5976229a43d8d3cff6d96d02fe11,0.2733845458653412,autoland,3779647,13,a34e21034f2e3c317ebb3d485012938d48ad04ac,macosx1015-64-shippable-qr,True,False,,|f|i|s|s|i|o|n| |w|a|r|m| |w|e|b|r|e|n|d|e|r|,102210fe594ee9b33d82058545b1ed14f4c8206e,PerceptualSpeedIndex,google-docs,True,google-docs PerceptualSpeedIndex opt fission warm webrender,,77,ms,firefox,454141308.0,1871708068,2024-04-09 16:33:24,1406558,,,,,,,,,,,,,,,,,,,,,,,,,,,,,,,,,,,,,,,,,,,,,,,,,TN
2493,0952e6765442e7b623010cc9b7b52ebee241bd40,0.20515137821961127,autoland,3779647,13,a34e21034f2e3c317ebb3d485012938d48ad04ac,macosx1015-64-shippable-qr,True,False,,|f|i|s|s|i|o|n| |w|a|r|m| |w|e|b|r|e|n|d|e|r|,102210fe594ee9b33d82058545b1ed14f4c8206e,PerceptualSpeedIndex,google-docs,True,google-docs PerceptualSpeedIndex opt fission warm webrender,,77,ms,firefox,454140843.0,1871704399,2024-04-09 16:41:46,1406566,,,,,,,,,,,,,,,,,,,,,,,,,,,,,,,,,,,,,,,,,,,,,,,,,TN
2494,e3c9c90141d0f6b39792470ce489a5af6123cc15,0.2175779484862177,autoland,3779647,13,a34e21034f2e3c317ebb3d485012938d48ad04ac,macosx1015-64-shippable-qr,True,False,,|f|i|s|s|i|o|n| |w|a|r|m| |w|e|b|r|e|n|d|e|r|,102210fe594ee9b33d82058545b1ed14f4c8206e,PerceptualSpeedIndex,google-docs,True,google-docs PerceptualSpeedIndex opt fission warm webrender,,77,ms,firefox,454087270.0,1871451488,2024-04-09 17:03:26,1406581,,,,,,,,,,,,,,,,,,,,,,,,,,,,,,,,,,,,,,,,,,,,,,,,,TN
2495,42fe954d2d47356658d58a292876a6f15d6cbc51,0.2740623587889741,autoland,3779647,13,a34e21034f2e3c317ebb3d485012938d48ad04ac,macosx1015-64-shippable-qr,True,False,,|f|i|s|s|i|o|n| |w|a|r|m| |w|e|b|r|e|n|d|e|r|,102210fe594ee9b33d82058545b1ed14f4c8206e,PerceptualSpeedIndex,google-docs,True,google-docs PerceptualSpeedIndex opt fission warm webrender,,77,ms,firefox,454111394.0,1871547201,2024-04-09 20:18:20,1406718,,,,,,,,,,,,,,,,,,,,,,,,,,,,,,,,,,,,,,,,,,,,,,,,,TN
2496,c6228adca1a9c453ab8514c86ee26ee9a7903d27,0.19069136918210572,autoland,3779647,13,a34e21034f2e3c317ebb3d485012938d48ad04ac,macosx1015-64-shippable-qr,True,False,,|f|i|s|s|i|o|n| |w|a|r|m| |w|e|b|r|e|n|d|e|r|,102210fe594ee9b33d82058545b1ed14f4c8206e,PerceptualSpeedIndex,google-docs,True,google-docs PerceptualSpeedIndex opt fission warm webrender,,77,ms,firefox,454132157.0,1871638367,2024-04-10 00:18:40,1406841,,,,,,,,,,,,,,,,,,,,,,,,,,,,,,,,,,,,,,,,,,,,,,,,,TN
2497,a3f0d7e2d176a84f97e08088b78e1abe8da0a5f7,0.27609579755987346,autoland,3779647,13,a34e21034f2e3c317ebb3d485012938d48ad04ac,macosx1015-64-shippable-qr,True,False,,|f|i|s|s|i|o|n| |w|a|r|m| |w|e|b|r|e|n|d|e|r|,102210fe594ee9b33d82058545b1ed14f4c8206e,PerceptualSpeedIndex,google-docs,True,google-docs PerceptualSpeedIndex opt fission warm webrender,,77,ms,firefox,454142808.0,1871725875,2024-04-10 05:00:45,1406899,,,,,,,,,,,,,,,,,,,,,,,,,,,,,,,,,,,,,,,,,,,,,,,,,TN
2498,cb449d228d38790ba76f64d551817f6a804c044e,0.19701762313601434,autoland,3779647,13,a34e21034f2e3c317ebb3d485012938d48ad04ac,macosx1015-64-shippable-qr,True,False,,|f|i|s|s|i|o|n| |w|a|r|m| |w|e|b|r|e|n|d|e|r|,102210fe594ee9b33d82058545b1ed14f4c8206e,PerceptualSpeedIndex,google-docs,True,google-docs PerceptualSpeedIndex opt fission warm webrender,,77,ms,firefox,454190043.0,1871926198,2024-04-10 09:31:15,1406973,,,,,,,,,,,,,,,,,,,,,,,,,,,,,,,,,,,,,,,,,,,,,,,,,TN
2499,17662e43cc8542dd0a35b099169dfcc2b23b2d59,0.15973791233619505,autoland,3779647,13,a34e21034f2e3c317ebb3d485012938d48ad04ac,macosx1015-64-shippable-qr,True,False,,|f|i|s|s|i|o|n| |w|a|r|m| |w|e|b|r|e|n|d|e|r|,102210fe594ee9b33d82058545b1ed14f4c8206e,PerceptualSpeedIndex,google-docs,True,google-docs PerceptualSpeedIndex opt fission warm webrender,,77,ms,firefox,454269502.0,1872386235,2024-04-10 13:14:00,1407072,,,,,,,,,,,,,,,,,,,,,,,,,,,,,,,,,,,,,,,,,,,,,,,,,TN
2500,53228f89fadff09aff9d51b46652c77d94059014,0.16380478987799374,autoland,3779647,13,a34e21034f2e3c317ebb3d485012938d48ad04ac,macosx1015-64-shippable-qr,True,False,,|f|i|s|s|i|o|n| |w|a|r|m| |w|e|b|r|e|n|d|e|r|,102210fe594ee9b33d82058545b1ed14f4c8206e,PerceptualSpeedIndex,google-docs,True,google-docs PerceptualSpeedIndex opt fission warm webrender,,77,ms,firefox,454196090.0,1871981736,2024-04-10 13:31:55,1407087,,,,,,,,,,,,,,,,,,,,,,,,,,,,,,,,,,,,,,,,,,,,,,,,,TN
2501,a30d53cfa601940935af0c765cccbdde2178bb67,0.29575237234523266,autoland,3779647,13,a34e21034f2e3c317ebb3d485012938d48ad04ac,macosx1015-64-shippable-qr,True,False,,|f|i|s|s|i|o|n| |w|a|r|m| |w|e|b|r|e|n|d|e|r|,102210fe594ee9b33d82058545b1ed14f4c8206e,PerceptualSpeedIndex,google-docs,True,google-docs PerceptualSpeedIndex opt fission warm webrender,,77,ms,firefox,454221467.0,1872114323,2024-04-10 17:21:37,1407259,,,,,,,,,,,,,,,,,,,,,,,,,,,,,,,,,,,,,,,,,,,,,,,,,TN
2502,658f4b57b8ecb99f066d0c342241810adb16c5b7,0.28603705377315847,autoland,3779647,13,a34e21034f2e3c317ebb3d485012938d48ad04ac,macosx1015-64-shippable-qr,True,False,,|f|i|s|s|i|o|n| |w|a|r|m| |w|e|b|r|e|n|d|e|r|,102210fe594ee9b33d82058545b1ed14f4c8206e,PerceptualSpeedIndex,google-docs,True,google-docs PerceptualSpeedIndex opt fission warm webrender,,77,ms,firefox,454270685.0,1872395529,2024-04-10 17:51:13,1407289,,,,,,,,,,,,,,,,,,,,,,,,,,,,,,,,,,,,,,,,,,,,,,,,,TN
2503,df5d696fe260420dcfaa26f75edc59908f157545,0.28694080433800284,autoland,3779647,13,a34e21034f2e3c317ebb3d485012938d48ad04ac,macosx1015-64-shippable-qr,True,False,,|f|i|s|s|i|o|n| |w|a|r|m| |w|e|b|r|e|n|d|e|r|,102210fe594ee9b33d82058545b1ed14f4c8206e,PerceptualSpeedIndex,google-docs,True,google-docs PerceptualSpeedIndex opt fission warm webrender,,77,ms,firefox,454269865.0,1872394610,2024-04-10 18:14:03,1407304,,,,,,,,,,,,,,,,,,,,,,,,,,,,,,,,,,,,,,,,,,,,,,,,,TN
2504,399bfc5051b26618286e3ba39745bc52ad99fcbd,0.1997288748305468,autoland,3779647,13,a34e21034f2e3c317ebb3d485012938d48ad04ac,macosx1015-64-shippable-qr,True,False,,|f|i|s|s|i|o|n| |w|a|r|m| |w|e|b|r|e|n|d|e|r|,102210fe594ee9b33d82058545b1ed14f4c8206e,PerceptualSpeedIndex,google-docs,True,google-docs PerceptualSpeedIndex opt fission warm webrender,,77,ms,firefox,454272408.0,1872405946,2024-04-10 19:30:38,1407363,,,,,,,,,,,,,,,,,,,,,,,,,,,,,,,,,,,,,,,,,,,,,,,,,TN
2505,1b6bb55f1ad9e598178ec9d9e3659e43ae01f879,0.17397198373249,autoland,3779647,13,a34e21034f2e3c317ebb3d485012938d48ad04ac,macosx1015-64-shippable-qr,True,False,,|f|i|s|s|i|o|n| |w|a|r|m| |w|e|b|r|e|n|d|e|r|,102210fe594ee9b33d82058545b1ed14f4c8206e,PerceptualSpeedIndex,google-docs,True,google-docs PerceptualSpeedIndex opt fission warm webrender,,77,ms,firefox,454272613.0,1872409745,2024-04-10 19:31:26,1407365,,,,,,,,,,,,,,,,,,,,,,,,,,,,,,,,,,,,,,,,,,,,,,,,,TN
2506,bc425d90bbe9987cc754323772553d4be3e6de83,0.1735201084500677,autoland,3779647,13,a34e21034f2e3c317ebb3d485012938d48ad04ac,macosx1015-64-shippable-qr,True,False,,|f|i|s|s|i|o|n| |w|a|r|m| |w|e|b|r|e|n|d|e|r|,102210fe594ee9b33d82058545b1ed14f4c8206e,PerceptualSpeedIndex,google-docs,True,google-docs PerceptualSpeedIndex opt fission warm webrender,,77,ms,firefox,454237787.0,1872192983,2024-04-10 20:55:18,1407422,,,,,,,,,,,,,,,,,,,,,,,,,,,,,,,,,,,,,,,,,,,,,,,,,TN
2507,1ae79ee05e2fe6a64e1916d65c78979921af1e5e,0.19430637144148233,autoland,3779647,13,a34e21034f2e3c317ebb3d485012938d48ad04ac,macosx1015-64-shippable-qr,True,False,,|f|i|s|s|i|o|n| |w|a|r|m| |w|e|b|r|e|n|d|e|r|,102210fe594ee9b33d82058545b1ed14f4c8206e,PerceptualSpeedIndex,google-docs,True,google-docs PerceptualSpeedIndex opt fission warm webrender,,77,ms,firefox,454255307.0,1872278414,2024-04-11 01:15:30,1407545,,,,,,,,,,,,,,,,,,,,,,,,,,,,,,,,,,,,,,,,,,,,,,,,,TN
2508,7a8a0223fffe0f06dd2e7aad79bf1920cf1430c0,0.1965657478535925,autoland,3779647,13,a34e21034f2e3c317ebb3d485012938d48ad04ac,macosx1015-64-shippable-qr,True,False,,|f|i|s|s|i|o|n| |w|a|r|m| |w|e|b|r|e|n|d|e|r|,102210fe594ee9b33d82058545b1ed14f4c8206e,PerceptualSpeedIndex,google-docs,True,google-docs PerceptualSpeedIndex opt fission warm webrender,,77,ms,firefox,454275280.0,1872439338,2024-04-11 06:36:24,1407612,,,,,,,,,,,,,,,,,,,,,,,,,,,,,,,,,,,,,,,,,,,,,,,,,TN
2509,747c6705d00627b032063055173575d6e6043880,0.19633981021238145,autoland,3779647,13,a34e21034f2e3c317ebb3d485012938d48ad04ac,macosx1015-64-shippable-qr,True,False,,|f|i|s|s|i|o|n| |w|a|r|m| |w|e|b|r|e|n|d|e|r|,102210fe594ee9b33d82058545b1ed14f4c8206e,PerceptualSpeedIndex,google-docs,True,google-docs PerceptualSpeedIndex opt fission warm webrender,,77,ms,firefox,454323211.0,1872757662,2024-04-11 11:27:44,1407747,,,,,,,,,,,,,,,,,,,,,,,,,,,,,,,,,,,,,,,,,,,,,,,,,TN
2510,bbca818d6385ef61c987f967ebccfe9df63fc36b,0.3142792589245367,autoland,3779647,13,a34e21034f2e3c317ebb3d485012938d48ad04ac,macosx1015-64-shippable-qr,True,False,,|f|i|s|s|i|o|n| |w|a|r|m| |w|e|b|r|e|n|d|e|r|,102210fe594ee9b33d82058545b1ed14f4c8206e,PerceptualSpeedIndex,google-docs,True,google-docs PerceptualSpeedIndex opt fission warm webrender,,77,ms,firefox,454323742.0,1872766572,2024-04-11 15:41:30,1407834,,,,,,,,,,,,,,,,,,,,,,,,,,,,,,,,,,,,,,,,,,,,,,,,,TN
2511,a6c95ed12e514ccf3e43f7cf11dfa317ab376543,0.16967916854948029,autoland,3779647,13,a34e21034f2e3c317ebb3d485012938d48ad04ac,macosx1015-64-shippable-qr,True,False,,|f|i|s|s|i|o|n| |w|a|r|m| |w|e|b|r|e|n|d|e|r|,102210fe594ee9b33d82058545b1ed14f4c8206e,PerceptualSpeedIndex,google-docs,True,google-docs PerceptualSpeedIndex opt fission warm webrender,,77,ms,firefox,454375531.0,1873038151,2024-04-11 16:23:59,1407894,,,,,,,,,,,,,,,,,,,,,,,,,,,,,,,,,,,,,,,,,,,,,,,,,TN
2512,283a71abb547740e1fe56c6d669272379b47afcb,0.21802982376864,autoland,3779647,13,a34e21034f2e3c317ebb3d485012938d48ad04ac,macosx1015-64-shippable-qr,True,False,,|f|i|s|s|i|o|n| |w|a|r|m| |w|e|b|r|e|n|d|e|r|,102210fe594ee9b33d82058545b1ed14f4c8206e,PerceptualSpeedIndex,google-docs,True,google-docs PerceptualSpeedIndex opt fission warm webrender,,77,ms,firefox,454375783.0,1873045087,2024-04-11 16:26:59,1407898,,,,,,,,,,,,,,,,,,,,,,,,,,,,,,,,,,,,,,,,,,,,,,,,,TN
2513,036ac9a41b52b5af1836d103d3a7aefad37e2b87,0.3038861274288298,autoland,3779647,13,a34e21034f2e3c317ebb3d485012938d48ad04ac,macosx1015-64-shippable-qr,True,False,,|f|i|s|s|i|o|n| |w|a|r|m| |w|e|b|r|e|n|d|e|r|,102210fe594ee9b33d82058545b1ed14f4c8206e,PerceptualSpeedIndex,google-docs,True,google-docs PerceptualSpeedIndex opt fission warm webrender,,77,ms,firefox,454338996.0,1872860140,2024-04-11 18:08:24,1407970,,,,,,,,,,,,,,,,,,,,,,,,,,,,,,,,,,,,,,,,,,,,,,,,,TN
2514,90ef908ff18573cca9f4f0e5d676df56875c68b5,0.18707636692272933,autoland,3779647,13,a34e21034f2e3c317ebb3d485012938d48ad04ac,macosx1015-64-shippable-qr,True,False,,|f|i|s|s|i|o|n| |w|a|r|m| |w|e|b|r|e|n|d|e|r|,102210fe594ee9b33d82058545b1ed14f4c8206e,PerceptualSpeedIndex,google-docs,True,google-docs PerceptualSpeedIndex opt fission warm webrender,,77,ms,firefox,454366893.0,1872966915,2024-04-11 23:15:25,1408175,,,,,,,,,,,,,,,,,,,,,,,,,,,,,,,,,,,,,,,,,,,,,,,,,TN
2515,be4463b26a49bdb9c791eaf7d0b41ff9eb0294d3,0.16403072751920456,autoland,3779647,13,a34e21034f2e3c317ebb3d485012938d48ad04ac,macosx1015-64-shippable-qr,True,False,,|f|i|s|s|i|o|n| |w|a|r|m| |w|e|b|r|e|n|d|e|r|,102210fe594ee9b33d82058545b1ed14f4c8206e,PerceptualSpeedIndex,google-docs,True,google-docs PerceptualSpeedIndex opt fission warm webrender,,77,ms,firefox,454419264.0,1873282186,2024-04-12 14:13:45,1408318,,,,,,,,,,,,,,,,,,,,,,,,,,,,,,,,,,,,,,,,,,,,,,,,,TN
2516,5e5bc998487f4e6ee9fe6fe52ca5eb66cd37de03,0.18278355173971983,autoland,3779647,13,a34e21034f2e3c317ebb3d485012938d48ad04ac,macosx1015-64-shippable-qr,True,False,,|f|i|s|s|i|o|n| |w|a|r|m| |w|e|b|r|e|n|d|e|r|,102210fe594ee9b33d82058545b1ed14f4c8206e,PerceptualSpeedIndex,google-docs,True,google-docs PerceptualSpeedIndex opt fission warm webrender,,77,ms,firefox,454435947.0,1873367483,2024-04-12 20:21:58,1408379,,,,,,,,,,,,,,,,,,,,,,,,,,,,,,,,,,,,,,,,,,,,,,,,,TN
2517,39657b697a7ffcda0f07cae917b68f1e84f57d54,0.21125169453230908,autoland,3779647,13,a34e21034f2e3c317ebb3d485012938d48ad04ac,macosx1015-64-shippable-qr,True,False,,|f|i|s|s|i|o|n| |w|a|r|m| |w|e|b|r|e|n|d|e|r|,102210fe594ee9b33d82058545b1ed14f4c8206e,PerceptualSpeedIndex,google-docs,True,google-docs PerceptualSpeedIndex opt fission warm webrender,,77,ms,firefox,454440383.0,1873409780,2024-04-13 06:05:05,1408439,,,,,,,,,,,,,,,,,,,,,,,,,,,,,,,,,,,,,,,,,,,,,,,,,TN
2518,1dc823d4e96db6fe0450fcb588466eff7038b4cc,0.20153637596023488,autoland,3779647,13,a34e21034f2e3c317ebb3d485012938d48ad04ac,macosx1015-64-shippable-qr,True,False,,|f|i|s|s|i|o|n| |w|a|r|m| |w|e|b|r|e|n|d|e|r|,102210fe594ee9b33d82058545b1ed14f4c8206e,PerceptualSpeedIndex,google-docs,True,google-docs PerceptualSpeedIndex opt fission warm webrender,,77,ms,firefox,454463719.0,1873513030,2024-04-13 20:36:37,1408512,,,,,,,,,,,,,,,,,,,,,,,,,,,,,,,,,,,,,,,,,,,,,,,,,TN
2519,25a22c2f939167a119d912b3fe61312db879d576,0.17803886127428825,autoland,3779647,13,a34e21034f2e3c317ebb3d485012938d48ad04ac,macosx1015-64-shippable-qr,True,False,,|f|i|s|s|i|o|n| |w|a|r|m| |w|e|b|r|e|n|d|e|r|,102210fe594ee9b33d82058545b1ed14f4c8206e,PerceptualSpeedIndex,google-docs,True,google-docs PerceptualSpeedIndex opt fission warm webrender,,77,ms,firefox,454485079.0,1873673160,2024-04-14 12:41:18,1408562,,,,,,,,,,,,,,,,,,,,,,,,,,,,,,,,,,,,,,,,,,,,,,,,,TN
2520,8c457b0d7626241855c3c025a2531eb5f00b8cfc,0.2715770447356529,autoland,3779647,13,a34e21034f2e3c317ebb3d485012938d48ad04ac,macosx1015-64-shippable-qr,True,False,,|f|i|s|s|i|o|n| |w|a|r|m| |w|e|b|r|e|n|d|e|r|,102210fe594ee9b33d82058545b1ed14f4c8206e,PerceptualSpeedIndex,google-docs,True,google-docs PerceptualSpeedIndex opt fission warm webrender,,77,ms,firefox,454505184.0,1873807839,2024-04-15 00:20:26,1408605,,,,,,,,,,,,,,,,,,,,,,,,,,,,,,,,,,,,,,,,,,,,,,,,,TN
2521,4b17d2a2a7ae64b3c8d364d200a6b97cc636dffd,0.17758698599186618,autoland,3779647,13,a34e21034f2e3c317ebb3d485012938d48ad04ac,macosx1015-64-shippable-qr,True,False,,|f|i|s|s|i|o|n| |w|a|r|m| |w|e|b|r|e|n|d|e|r|,102210fe594ee9b33d82058545b1ed14f4c8206e,PerceptualSpeedIndex,google-docs,True,google-docs PerceptualSpeedIndex opt fission warm webrender,,77,ms,firefox,454511762.0,1873843012,2024-04-15 05:51:41,1408627,,,,,,,,,,,,,,,,,,,,,,,,,,,,,,,,,,,,,,,,,,,,,,,,,TN
2522,177f569e862519d4372977ba20b630f95e24ef1c,0.31518300948938105,autoland,3779647,13,a34e21034f2e3c317ebb3d485012938d48ad04ac,macosx1015-64-shippable-qr,True,False,,|f|i|s|s|i|o|n| |w|a|r|m| |w|e|b|r|e|n|d|e|r|,102210fe594ee9b33d82058545b1ed14f4c8206e,PerceptualSpeedIndex,google-docs,True,google-docs PerceptualSpeedIndex opt fission warm webrender,,77,ms,firefox,454535350.0,1873965268,2024-04-15 10:25:42,1408738,,,,,,,,,,,,,,,,,,,,,,,,,,,,,,,,,,,,,,,,,,,,,,,,,TN
2523,4897460458d13272e6016fd9e4c184c3c41cbd74,0.18820605512878452,autoland,3779647,13,a34e21034f2e3c317ebb3d485012938d48ad04ac,macosx1015-64-shippable-qr,True,False,,|f|i|s|s|i|o|n| |w|a|r|m| |w|e|b|r|e|n|d|e|r|,102210fe594ee9b33d82058545b1ed14f4c8206e,PerceptualSpeedIndex,google-docs,True,google-docs PerceptualSpeedIndex opt fission warm webrender,,77,ms,firefox,454584300.0,1874151047,2024-04-15 14:58:12,1408898,,,,,,,,,,,,,,,,,,,,,,,,,,,,,,,,,,,,,,,,,,,,,,,,,TN
2524,d49ecc17e4ae83fbccee8ffbe50a119039d1e408,0.19385449615906003,autoland,3779647,13,a34e21034f2e3c317ebb3d485012938d48ad04ac,macosx1015-64-shippable-qr,True,False,,|f|i|s|s|i|o|n| |w|a|r|m| |w|e|b|r|e|n|d|e|r|,102210fe594ee9b33d82058545b1ed14f4c8206e,PerceptualSpeedIndex,google-docs,True,google-docs PerceptualSpeedIndex opt fission warm webrender,,77,ms,firefox,454601169.0,1874247128,2024-04-15 18:18:39,1409057,,,,,,,,,,,,,,,,,,,,,,,,,,,,,,,,,,,,,,,,,,,,,,,,,TN
2525,8d488b7ac977a67ba128a580f6959fe058df2fe5,0.19023949389968364,autoland,3779647,13,a34e21034f2e3c317ebb3d485012938d48ad04ac,macosx1015-64-shippable-qr,True,False,,|f|i|s|s|i|o|n| |w|a|r|m| |w|e|b|r|e|n|d|e|r|,102210fe594ee9b33d82058545b1ed14f4c8206e,PerceptualSpeedIndex,google-docs,True,google-docs PerceptualSpeedIndex opt fission warm webrender,,77,ms,firefox,454627883.0,1874382253,2024-04-15 20:13:44,1409141,,,,,,,,,,,,,,,,,,,,,,,,,,,,,,,,,,,,,,,,,,,,,,,,,TN
2526,547363a98ae60f0645c5cc21aeecffb7e0ddb047,0.17962042476276552,autoland,3779647,13,a34e21034f2e3c317ebb3d485012938d48ad04ac,macosx1015-64-shippable-qr,True,False,,|f|i|s|s|i|o|n| |w|a|r|m| |w|e|b|r|e|n|d|e|r|,102210fe594ee9b33d82058545b1ed14f4c8206e,PerceptualSpeedIndex,google-docs,True,google-docs PerceptualSpeedIndex opt fission warm webrender,,77,ms,firefox,454634749.0,1874421519,2024-04-15 21:50:25,1409212,,,,,,,,,,,,,,,,,,,,,,,,,,,,,,,,,,,,,,,,,,,,,,,,,TN
2527,5a31505f08c64efa6eb7a8ed02d5e9c0db448e37,0.17803886127428825,autoland,3779647,13,a34e21034f2e3c317ebb3d485012938d48ad04ac,macosx1015-64-shippable-qr,True,False,,|f|i|s|s|i|o|n| |w|a|r|m| |w|e|b|r|e|n|d|e|r|,102210fe594ee9b33d82058545b1ed14f4c8206e,PerceptualSpeedIndex,google-docs,True,google-docs PerceptualSpeedIndex opt fission warm webrender,,77,ms,firefox,454646060.0,1874467660,2024-04-16 00:41:18,1409277,,,,,,,,,,,,,,,,,,,,,,,,,,,,,,,,,,,,,,,,,,,,,,,,,TN
2528,69a1a1d802b357216fef131d6ad99816defddc1f,0.2076366922729327,autoland,3779647,13,a34e21034f2e3c317ebb3d485012938d48ad04ac,macosx1015-64-shippable-qr,True,False,,|f|i|s|s|i|o|n| |w|a|r|m| |w|e|b|r|e|n|d|e|r|,102210fe594ee9b33d82058545b1ed14f4c8206e,PerceptualSpeedIndex,google-docs,True,google-docs PerceptualSpeedIndex opt fission warm webrender,,77,ms,firefox,454666395.0,1874554049,2024-04-16 05:04:40,1409360,,,,,,,,,,,,,,,,,,,,,,,,,,,,,,,,,,,,,,,,,,,,,,,,,TN
2529,11d1c89ad8b2dad0cee1caf733cd833e448945eb,0.19701762313601434,autoland,3779647,13,a34e21034f2e3c317ebb3d485012938d48ad04ac,macosx1015-64-shippable-qr,True,False,,|f|i|s|s|i|o|n| |w|a|r|m| |w|e|b|r|e|n|d|e|r|,102210fe594ee9b33d82058545b1ed14f4c8206e,PerceptualSpeedIndex,google-docs,True,google-docs PerceptualSpeedIndex opt fission warm webrender,,77,ms,firefox,454715530.0,1874742084,2024-04-16 13:28:04,1409649,,,,,,,,,,,,,,,,,,,,,,,,,,,,,,,,,,,,,,,,,,,,,,,,,TN
2530,12c7f0b00cd7ce4e2edde6ff37daf12e807388b1,0.1893357433348395,autoland,3779647,13,a34e21034f2e3c317ebb3d485012938d48ad04ac,macosx1015-64-shippable-qr,True,False,,|f|i|s|s|i|o|n| |w|a|r|m| |w|e|b|r|e|n|d|e|r|,102210fe594ee9b33d82058545b1ed14f4c8206e,PerceptualSpeedIndex,google-docs,True,google-docs PerceptualSpeedIndex opt fission warm webrender,,77,ms,firefox,454740858.0,1874904258,2024-04-16 17:33:30,1409875,,,,,,,,,,,,,,,,,,,,,,,,,,,,,,,,,,,,,,,,,,,,,,,,,TN
2531,852d3945e38d8d16c4cf17918e862882d7ef363c,0.16809760506100324,autoland,3779647,13,a34e21034f2e3c317ebb3d485012938d48ad04ac,macosx1015-64-shippable-qr,True,False,,|f|i|s|s|i|o|n| |w|a|r|m| |w|e|b|r|e|n|d|e|r|,102210fe594ee9b33d82058545b1ed14f4c8206e,PerceptualSpeedIndex,google-docs,True,google-docs PerceptualSpeedIndex opt fission warm webrender,,77,ms,firefox,454757999.0,1874981448,2024-04-16 20:13:25,1409984,,,,,,,,,,,,,,,,,,,,,,,,,,,,,,,,,,,,,,,,,,,,,,,,,TN
2532,3f5bf473ca3cf95233298d16ad833028500755e6,0.18775417984636222,autoland,3779647,13,a34e21034f2e3c317ebb3d485012938d48ad04ac,macosx1015-64-shippable-qr,True,False,,|f|i|s|s|i|o|n| |w|a|r|m| |w|e|b|r|e|n|d|e|r|,102210fe594ee9b33d82058545b1ed14f4c8206e,PerceptualSpeedIndex,google-docs,True,google-docs PerceptualSpeedIndex opt fission warm webrender,,77,ms,firefox,454777943.0,1875075840,2024-04-17 00:00:12,1410132,,,,,,,,,,,,,,,,,,,,,,,,,,,,,,,,,,,,,,,,,,,,,,,,,TN
2533,7900ea0538965c6aba695fd896a6e2833d781007,0.2254857659286036,autoland,3779647,13,a34e21034f2e3c317ebb3d485012938d48ad04ac,macosx1015-64-shippable-qr,True,False,,|f|i|s|s|i|o|n| |w|a|r|m| |w|e|b|r|e|n|d|e|r|,102210fe594ee9b33d82058545b1ed14f4c8206e,PerceptualSpeedIndex,google-docs,True,google-docs PerceptualSpeedIndex opt fission warm webrender,,77,ms,firefox,454798930.0,1875229708,2024-04-17 04:14:52,1410204,,,,,,,,,,,,,,,,,,,,,,,,,,,,,,,,,,,,,,,,,,,,,,,,,TN
2534,acabdf625d68e5d96c49e0eebb5c71f4286e5ffd,0.1857207410754631,autoland,3779647,13,a34e21034f2e3c317ebb3d485012938d48ad04ac,macosx1015-64-shippable-qr,True,False,,|f|i|s|s|i|o|n| |w|a|r|m| |w|e|b|r|e|n|d|e|r|,102210fe594ee9b33d82058545b1ed14f4c8206e,PerceptualSpeedIndex,google-docs,True,google-docs PerceptualSpeedIndex opt fission warm webrender,,77,ms,firefox,454838584.0,1875380290,2024-04-17 08:24:06,1410333,,,,,,,,,,,,,,,,,,,,,,,,,,,,,,,,,,,,,,,,,,,,,,,,,TN
2535,05ad651d0c97009f3d906febefe9888c127c2660,0.21125169453230908,autoland,3779647,13,a34e21034f2e3c317ebb3d485012938d48ad04ac,macosx1015-64-shippable-qr,True,False,,|f|i|s|s|i|o|n| |w|a|r|m| |w|e|b|r|e|n|d|e|r|,102210fe594ee9b33d82058545b1ed14f4c8206e,PerceptualSpeedIndex,google-docs,True,google-docs PerceptualSpeedIndex opt fission warm webrender,,77,ms,firefox,454864782.0,1875447184,2024-04-17 11:47:51,1410461,,,,,,,,,,,,,,,,,,,,,,,,,,,,,,,,,,,,,,,,,,,,,,,,,TN
2536,4bf7684679058a9cea70efbf2306566e43ddbd57,0.17261635788522378,autoland,3779647,13,a34e21034f2e3c317ebb3d485012938d48ad04ac,macosx1015-64-shippable-qr,True,False,,|f|i|s|s|i|o|n| |w|a|r|m| |w|e|b|r|e|n|d|e|r|,102210fe594ee9b33d82058545b1ed14f4c8206e,PerceptualSpeedIndex,google-docs,True,google-docs PerceptualSpeedIndex opt fission warm webrender,,77,ms,firefox,454959153.0,1875860246,2024-04-17 12:34:17,1410496,,,,,,,,,,,,,,,,,,,,,,,,,,,,,,,,,,,,,,,,,,,,,,,,,TN
2537,32f820922a96457623c5707ec70ed65ff3537597,0.1825576140985088,autoland,3779647,13,a34e21034f2e3c317ebb3d485012938d48ad04ac,macosx1015-64-shippable-qr,True,False,,|f|i|s|s|i|o|n| |w|a|r|m| |w|e|b|r|e|n|d|e|r|,102210fe594ee9b33d82058545b1ed14f4c8206e,PerceptualSpeedIndex,google-docs,True,google-docs PerceptualSpeedIndex opt fission warm webrender,,77,ms,firefox,454959691.0,1875862926,2024-04-17 12:37:32,1410498,,,,,,,,,,,,,,,,,,,,,,,,,,,,,,,,,,,,,,,,,,,,,,,,,TN
2538,57f6925a520cf97f4af35e42db00435e817475dc,0.28694080433800284,autoland,3779647,13,a34e21034f2e3c317ebb3d485012938d48ad04ac,macosx1015-64-shippable-qr,True,False,,|f|i|s|s|i|o|n| |w|a|r|m| |w|e|b|r|e|n|d|e|r|,102210fe594ee9b33d82058545b1ed14f4c8206e,PerceptualSpeedIndex,google-docs,True,google-docs PerceptualSpeedIndex opt fission warm webrender,,77,ms,firefox,454875415.0,1875498275,2024-04-17 13:57:03,1410569,,,,,,,,,,,,,,,,,,,,,,,,,,,,,,,,,,,,,,,,,,,,,,,,,TN
2539,9cb15fbf3387b57dedc490cfbdf02cf3837c4fd9,0.20424762765476734,autoland,3779647,13,a34e21034f2e3c317ebb3d485012938d48ad04ac,macosx1015-64-shippable-qr,True,False,,|f|i|s|s|i|o|n| |w|a|r|m| |w|e|b|r|e|n|d|e|r|,102210fe594ee9b33d82058545b1ed14f4c8206e,PerceptualSpeedIndex,google-docs,True,google-docs PerceptualSpeedIndex opt fission warm webrender,,77,ms,firefox,454959908.0,1875866301,2024-04-17 13:58:01,1410571,,,,,,,,,,,,,,,,,,,,,,,,,,,,,,,,,,,,,,,,,,,,,,,,,TN
2540,975f45b6eb35d30e4fb742aa8d34792a54cb42d7,0.17487573429733394,autoland,3779647,13,a34e21034f2e3c317ebb3d485012938d48ad04ac,macosx1015-64-shippable-qr,True,False,,|f|i|s|s|i|o|n| |w|a|r|m| |w|e|b|r|e|n|d|e|r|,102210fe594ee9b33d82058545b1ed14f4c8206e,PerceptualSpeedIndex,google-docs,True,google-docs PerceptualSpeedIndex opt fission warm webrender,,77,ms,firefox,454959039.0,1875854375,2024-04-17 14:29:06,1410605,,,,,,,,,,,,,,,,,,,,,,,,,,,,,,,,,,,,,,,,,,,,,,,,,TN
2541,1d9301697aa0ac99d1a7eba6aa3ddefa0327d4c6,0.20108450067781303,autoland,3779647,13,a34e21034f2e3c317ebb3d485012938d48ad04ac,macosx1015-64-shippable-qr,True,False,,|f|i|s|s|i|o|n| |w|a|r|m| |w|e|b|r|e|n|d|e|r|,102210fe594ee9b33d82058545b1ed14f4c8206e,PerceptualSpeedIndex,google-docs,True,google-docs PerceptualSpeedIndex opt fission warm webrender,,77,ms,firefox,454957963.0,1875841051,2024-04-17 16:46:44,1410713,,,,,,,,,,,,,,,,,,,,,,,,,,,,,,,,,,,,,,,,,,,,,,,,,TN
2542,d58df5e2d05c48b077fbc55bb4c851270a79904b,0.18278355173971983,autoland,3779647,13,a34e21034f2e3c317ebb3d485012938d48ad04ac,macosx1015-64-shippable-qr,True,False,,|f|i|s|s|i|o|n| |w|a|r|m| |w|e|b|r|e|n|d|e|r|,102210fe594ee9b33d82058545b1ed14f4c8206e,PerceptualSpeedIndex,google-docs,True,google-docs PerceptualSpeedIndex opt fission warm webrender,,77,ms,firefox,454957821.0,1875835409,2024-04-17 16:47:37,1410714,,,,,,,,,,,,,,,,,,,,,,,,,,,,,,,,,,,,,,,,,,,,,,,,,TN
2543,25500210a453fec07cc9d95612bbe778bae07f71,0.17849073655671033,autoland,3779647,13,a34e21034f2e3c317ebb3d485012938d48ad04ac,macosx1015-64-shippable-qr,True,False,,|f|i|s|s|i|o|n| |w|a|r|m| |w|e|b|r|e|n|d|e|r|,102210fe594ee9b33d82058545b1ed14f4c8206e,PerceptualSpeedIndex,google-docs,True,google-docs PerceptualSpeedIndex opt fission warm webrender,,77,ms,firefox,454907383.0,1875618696,2024-04-17 18:33:15,1410800,,,,,,,,,,,,,,,,,,,,,,,,,,,,,,,,,,,,,,,,,,,,,,,,,TN
2544,d35a7bf5f1fc33f0f83edc8fdcffd17131fd9b82,0.18120198825124256,autoland,3779647,13,a34e21034f2e3c317ebb3d485012938d48ad04ac,macosx1015-64-shippable-qr,True,False,,|f|i|s|s|i|o|n| |w|a|r|m| |w|e|b|r|e|n|d|e|r|,102210fe594ee9b33d82058545b1ed14f4c8206e,PerceptualSpeedIndex,google-docs,True,google-docs PerceptualSpeedIndex opt fission warm webrender,,77,ms,firefox,454920029.0,1875668492,2024-04-17 20:25:11,1410917,,,,,,,,,,,,,,,,,,,,,,,,,,,,,,,,,,,,,,,,,,,,,,,,,TN
2545,1bf7d54b4913d7994ed2ce4b07f0426fc70b4b7e,0.2033438770899232,autoland,3779647,13,a34e21034f2e3c317ebb3d485012938d48ad04ac,macosx1015-64-shippable-qr,True,False,,|f|i|s|s|i|o|n| |w|a|r|m| |w|e|b|r|e|n|d|e|r|,102210fe594ee9b33d82058545b1ed14f4c8206e,PerceptualSpeedIndex,google-docs,True,google-docs PerceptualSpeedIndex opt fission warm webrender,,77,ms,firefox,454938321.0,1875748826,2024-04-18 00:20:10,1411120,,,,,,,,,,,,,,,,,,,,,,,,,,,,,,,,,,,,,,,,,,,,,,,,,TN
2546,12adf93b9ad4085d4f0b493c368533bb040dce46,0.2704473565295977,autoland,3779647,13,a34e21034f2e3c317ebb3d485012938d48ad04ac,macosx1015-64-shippable-qr,True,False,,|f|i|s|s|i|o|n| |w|a|r|m| |w|e|b|r|e|n|d|e|r|,102210fe594ee9b33d82058545b1ed14f4c8206e,PerceptualSpeedIndex,google-docs,True,google-docs PerceptualSpeedIndex opt fission warm webrender,,77,ms,firefox,454958233.0,1875843656,2024-04-18 03:49:51,1411204,,,,,,,,,,,,,,,,,,,,,,,,,,,,,,,,,,,,,,,,,,,,,,,,,TN
2547,d4cde5148929d0d9587580bca2d37027d7424348,0.17374604609127875,autoland,3779647,13,a34e21034f2e3c317ebb3d485012938d48ad04ac,macosx1015-64-shippable-qr,True,False,,|f|i|s|s|i|o|n| |w|a|r|m| |w|e|b|r|e|n|d|e|r|,102210fe594ee9b33d82058545b1ed14f4c8206e,PerceptualSpeedIndex,google-docs,True,google-docs PerceptualSpeedIndex opt fission warm webrender,,77,ms,firefox,454976057.0,1875948426,2024-04-18 07:53:55,1411277,,,,,,,,,,,,,,,,,,,,,,,,,,,,,,,,,,,,,,,,,,,,,,,,,TN
2548,123e0c272c21270c6f9a5e2fca3bfbc72c7b5ef9,0.200858563036602,autoland,3779647,13,a34e21034f2e3c317ebb3d485012938d48ad04ac,macosx1015-64-shippable-qr,True,False,,|f|i|s|s|i|o|n| |w|a|r|m| |w|e|b|r|e|n|d|e|r|,102210fe594ee9b33d82058545b1ed14f4c8206e,PerceptualSpeedIndex,google-docs,True,google-docs PerceptualSpeedIndex opt fission warm webrender,,77,ms,firefox,455005060.0,1876075851,2024-04-18 12:14:33,1411435,,,,,,,,,,,,,,,,,,,,,,,,,,,,,,,,,,,,,,,,,,,,,,,,,TN
2549,257d3013546c7ec40031343c459162a0b69fa6f2,0.18368730230456398,autoland,3779647,13,a34e21034f2e3c317ebb3d485012938d48ad04ac,macosx1015-64-shippable-qr,True,False,,|f|i|s|s|i|o|n| |w|a|r|m| |w|e|b|r|e|n|d|e|r|,102210fe594ee9b33d82058545b1ed14f4c8206e,PerceptualSpeedIndex,google-docs,True,google-docs PerceptualSpeedIndex opt fission warm webrender,,77,ms,firefox,455065913.0,1876325467,2024-04-18 15:42:46,1411573,,,,,,,,,,,,,,,,,,,,,,,,,,,,,,,,,,,,,,,,,,,,,,,,,TN
2550,0f5d446707971afc1fab01c0a28b208101241b8a,0.290555806597379,autoland,3779647,13,a34e21034f2e3c317ebb3d485012938d48ad04ac,macosx1015-64-shippable-qr,True,False,,|f|i|s|s|i|o|n| |w|a|r|m| |w|e|b|r|e|n|d|e|r|,102210fe594ee9b33d82058545b1ed14f4c8206e,PerceptualSpeedIndex,google-docs,True,google-docs PerceptualSpeedIndex opt fission warm webrender,,77,ms,firefox,455080592.0,1876411979,2024-04-18 18:28:28,1411727,,,,,,,,,,,,,,,,,,,,,,,,,,,,,,,,,,,,,,,,,,,,,,,,,TN
2551,1161842c1c20d7700df1b0815fc6ac6cb35706ab,0.19927699954812472,autoland,3779647,13,a34e21034f2e3c317ebb3d485012938d48ad04ac,macosx1015-64-shippable-qr,True,False,,|f|i|s|s|i|o|n| |w|a|r|m| |w|e|b|r|e|n|d|e|r|,102210fe594ee9b33d82058545b1ed14f4c8206e,PerceptualSpeedIndex,google-docs,True,google-docs PerceptualSpeedIndex opt fission warm webrender,,77,ms,firefox,455117302.0,1876756483,2024-04-18 18:38:31,1411735,,,,,,,,,,,,,,,,,,,,,,,,,,,,,,,,,,,,,,,,,,,,,,,,,TN
2552,83b9c7e20aec8a8544ef8cbe7b065c56df94db97,0.17803886127428825,autoland,3779647,13,a34e21034f2e3c317ebb3d485012938d48ad04ac,macosx1015-64-shippable-qr,True,False,,|f|i|s|s|i|o|n| |w|a|r|m| |w|e|b|r|e|n|d|e|r|,102210fe594ee9b33d82058545b1ed14f4c8206e,PerceptualSpeedIndex,google-docs,True,google-docs PerceptualSpeedIndex opt fission warm webrender,,77,ms,firefox,455117891.0,1876764087,2024-04-18 18:49:22,1411745,,,,,,,,,,,,,,,,,,,,,,,,,,,,,,,,,,,,,,,,,,,,,,,,,TN
2553,9f733bac89327bde042222de14857bc9838c6cdb,0.19746949841843664,autoland,3779647,13,a34e21034f2e3c317ebb3d485012938d48ad04ac,macosx1015-64-shippable-qr,True,False,,|f|i|s|s|i|o|n| |w|a|r|m| |w|e|b|r|e|n|d|e|r|,102210fe594ee9b33d82058545b1ed14f4c8206e,PerceptualSpeedIndex,google-docs,True,google-docs PerceptualSpeedIndex opt fission warm webrender,,77,ms,firefox,455117521.0,1876759577,2024-04-18 21:12:29,1411840,,,,,,,,,,,,,,,,,,,,,,,,,,,,,,,,,,,,,,,,,,,,,,,,,TN
2554,bb8f4afc1b2b8fb8965b67c3f8cc898cef63a5b3,0.22028920018075016,autoland,3779647,13,a34e21034f2e3c317ebb3d485012938d48ad04ac,macosx1015-64-shippable-qr,True,False,,|f|i|s|s|i|o|n| |w|a|r|m| |w|e|b|r|e|n|d|e|r|,102210fe594ee9b33d82058545b1ed14f4c8206e,PerceptualSpeedIndex,google-docs,True,google-docs PerceptualSpeedIndex opt fission warm webrender,,77,ms,firefox,455111637.0,1876670679,2024-04-18 21:13:34,1411843,,,,,,,,,,,,,,,,,,,,,,,,,,,,,,,,,,,,,,,,,,,,,,,,,TN
2555,eed297665148d999a1c59d7d6e66f6973e0dd84c,0.3120198825124265,autoland,3779647,13,a34e21034f2e3c317ebb3d485012938d48ad04ac,macosx1015-64-shippable-qr,True,False,,|f|i|s|s|i|o|n| |w|a|r|m| |w|e|b|r|e|n|d|e|r|,102210fe594ee9b33d82058545b1ed14f4c8206e,PerceptualSpeedIndex,google-docs,True,google-docs PerceptualSpeedIndex opt fission warm webrender,,77,ms,firefox,455095259.0,1876514211,2024-04-18 21:15:15,1411845,,,,,,,,,,,,,,,,,,,,,,,,,,,,,,,,,,,,,,,,,,,,,,,,,TN
2556,3e097fca93b9af809ad16ed1d5f0bdd874f8f8e2,0.210799819249887,autoland,3779647,13,a34e21034f2e3c317ebb3d485012938d48ad04ac,macosx1015-64-shippable-qr,True,False,,|f|i|s|s|i|o|n| |w|a|r|m| |w|e|b|r|e|n|d|e|r|,102210fe594ee9b33d82058545b1ed14f4c8206e,PerceptualSpeedIndex,google-docs,True,google-docs PerceptualSpeedIndex opt fission warm webrender,,77,ms,firefox,455110599.0,1876651885,2024-04-19 01:55:54,1411981,,,,,,,,,,,,,,,,,,,,,,,,,,,,,,,,,,,,,,,,,,,,,,,,,TN
2557,99364906cd1d11016d0fc2dc03a8b7fd11705aa4,0.290555806597379,autoland,3779647,13,a34e21034f2e3c317ebb3d485012938d48ad04ac,macosx1015-64-shippable-qr,True,False,,|f|i|s|s|i|o|n| |w|a|r|m| |w|e|b|r|e|n|d|e|r|,102210fe594ee9b33d82058545b1ed14f4c8206e,PerceptualSpeedIndex,google-docs,True,google-docs PerceptualSpeedIndex opt fission warm webrender,,77,ms,firefox,455118982.0,1876794962,2024-04-19 06:08:52,1412057,,,,,,,,,,,,,,,,,,,,,,,,,,,,,,,,,,,,,,,,,,,,,,,,,TN
2558,465ebfc7da3d3a6de812574016249ab37ab8605c,0.21735201084500666,autoland,3779647,13,a34e21034f2e3c317ebb3d485012938d48ad04ac,macosx1015-64-shippable-qr,True,False,,|f|i|s|s|i|o|n| |w|a|r|m| |w|e|b|r|e|n|d|e|r|,102210fe594ee9b33d82058545b1ed14f4c8206e,PerceptualSpeedIndex,google-docs,True,google-docs PerceptualSpeedIndex opt fission warm webrender,,77,ms,firefox,455151083.0,1877002357,2024-04-19 10:27:22,1412150,,,,,,,,,,,,,,,,,,,,,,,,,,,,,,,,,,,,,,,,,,,,,,,,,TN
2559,4b196ac64ccbf1061ee2c2835e31fe8b071b9099,0.1746497966561229,autoland,3779647,13,a34e21034f2e3c317ebb3d485012938d48ad04ac,macosx1015-64-shippable-qr,True,False,,|f|i|s|s|i|o|n| |w|a|r|m| |w|e|b|r|e|n|d|e|r|,102210fe594ee9b33d82058545b1ed14f4c8206e,PerceptualSpeedIndex,google-docs,True,google-docs PerceptualSpeedIndex opt fission warm webrender,,77,ms,firefox,455186369.0,1877119283,2024-04-19 14:48:08,1412270,,,,,,,,,,,,,,,,,,,,,,,,,,,,,,,,,,,,,,,,,,,,,,,,,TN
2560,cf54488baa94dff90075eb1c2e96afc7353a4eee,0.17600542250338913,autoland,3779647,13,a34e21034f2e3c317ebb3d485012938d48ad04ac,macosx1015-64-shippable-qr,True,False,,|f|i|s|s|i|o|n| |w|a|r|m| |w|e|b|r|e|n|d|e|r|,102210fe594ee9b33d82058545b1ed14f4c8206e,PerceptualSpeedIndex,google-docs,True,google-docs PerceptualSpeedIndex opt fission warm webrender,,77,ms,firefox,455213990.0,1877262192,2024-04-19 18:48:31,1412477,,,,,,,,,,,,,,,,,,,,,,,,,,,,,,,,,,,,,,,,,,,,,,,,,TN
2561,fd56e5907d69d8a14032cc7ec308f013a266ee16,0.20673294170808854,autoland,3779647,13,a34e21034f2e3c317ebb3d485012938d48ad04ac,macosx1015-64-shippable-qr,True,False,,|f|i|s|s|i|o|n| |w|a|r|m| |w|e|b|r|e|n|d|e|r|,102210fe594ee9b33d82058545b1ed14f4c8206e,PerceptualSpeedIndex,google-docs,True,google-docs PerceptualSpeedIndex opt fission warm webrender,,77,ms,firefox,455242126.0,1877423870,2024-04-19 22:58:06,1412613,,,,,,,,,,,,,,,,,,,,,,,,,,,,,,,,,,,,,,,,,,,,,,,,,TN
2562,4797f0a19ccc6dca6f6aa6710f76967e23ba6276,0.17962042476276552,autoland,3779647,13,a34e21034f2e3c317ebb3d485012938d48ad04ac,macosx1015-64-shippable-qr,True,False,,|f|i|s|s|i|o|n| |w|a|r|m| |w|e|b|r|e|n|d|e|r|,102210fe594ee9b33d82058545b1ed14f4c8206e,PerceptualSpeedIndex,google-docs,True,google-docs PerceptualSpeedIndex opt fission warm webrender,,77,ms,firefox,455253413.0,1877514865,2024-04-20 05:31:24,1412701,,,,,,,,,,,,,,,,,,,,,,,,,,,,,,,,,,,,,,,,,,,,,,,,,TN
2563,f5d9ea237d971478f314e77299398079989b786c,0.19837324898328057,autoland,3779647,13,a34e21034f2e3c317ebb3d485012938d48ad04ac,macosx1015-64-shippable-qr,True,False,,|f|i|s|s|i|o|n| |w|a|r|m| |w|e|b|r|e|n|d|e|r|,102210fe594ee9b33d82058545b1ed14f4c8206e,PerceptualSpeedIndex,google-docs,True,google-docs PerceptualSpeedIndex opt fission warm webrender,,77,ms,firefox,455283170.0,1877627911,2024-04-20 15:42:35,1412749,,,,,,,,,,,,,,,,,,,,,,,,,,,,,,,,,,,,,,,,,,,,,,,,,TN
2564,65ceed609eb489d653eefc7e22fa34f869027a26,0.15702666064166304,autoland,3779647,13,a34e21034f2e3c317ebb3d485012938d48ad04ac,macosx1015-64-shippable-qr,True,False,,|f|i|s|s|i|o|n| |w|a|r|m| |w|e|b|r|e|n|d|e|r|,102210fe594ee9b33d82058545b1ed14f4c8206e,PerceptualSpeedIndex,google-docs,True,google-docs PerceptualSpeedIndex opt fission warm webrender,,77,ms,firefox,455289198.0,1877665861,2024-04-21 00:18:25,1412781,,,,,,,,,,,,,,,,,,,,,,,,,,,,,,,,,,,,,,,,,,,,,,,,,TN
2565,400d4e6908a3aef8f83ae4db204d62e3e028f704,0.19498418436511522,autoland,3779647,13,a34e21034f2e3c317ebb3d485012938d48ad04ac,macosx1015-64-shippable-qr,True,False,,|f|i|s|s|i|o|n| |w|a|r|m| |w|e|b|r|e|n|d|e|r|,102210fe594ee9b33d82058545b1ed14f4c8206e,PerceptualSpeedIndex,google-docs,True,google-docs PerceptualSpeedIndex opt fission warm webrender,,77,ms,firefox,455324841.0,1877855633,2024-04-21 21:40:30,1412843,,,,,,,,,,,,,,,,,,,,,,,,,,,,,,,,,,,,,,,,,,,,,,,,,TN
2566,d4a6129fdbbe32300d5069df6ce47dd92f665c96,0.18391323994577502,autoland,3779647,13,a34e21034f2e3c317ebb3d485012938d48ad04ac,macosx1015-64-shippable-qr,True,False,,|f|i|s|s|i|o|n| |w|a|r|m| |w|e|b|r|e|n|d|e|r|,102210fe594ee9b33d82058545b1ed14f4c8206e,PerceptualSpeedIndex,google-docs,True,google-docs PerceptualSpeedIndex opt fission warm webrender,,77,ms,firefox,455335302.0,1877965660,2024-04-22 04:00:04,1412913,,,,,,,,,,,,,,,,,,,,,,,,,,,,,,,,,,,,,,,,,,,,,,,,,TN
2567,5a83d047329402d960e6c402c6deb27927a436c9,0.18029823768639863,autoland,3779647,13,a34e21034f2e3c317ebb3d485012938d48ad04ac,macosx1015-64-shippable-qr,True,False,,|f|i|s|s|i|o|n| |w|a|r|m| |w|e|b|r|e|n|d|e|r|,102210fe594ee9b33d82058545b1ed14f4c8206e,PerceptualSpeedIndex,google-docs,True,google-docs PerceptualSpeedIndex opt fission warm webrender,,77,ms,firefox,455350103.0,1878048086,2024-04-22 08:07:09,1412944,,,,,,,,,,,,,,,,,,,,,,,,,,,,,,,,,,,,,,,,,,,,,,,,,TN
2568,1c34b0b26d5a556ee695c70bd744ca9f129f456e,0.19272480795300484,autoland,3779647,13,a34e21034f2e3c317ebb3d485012938d48ad04ac,macosx1015-64-shippable-qr,True,False,,|f|i|s|s|i|o|n| |w|a|r|m| |w|e|b|r|e|n|d|e|r|,102210fe594ee9b33d82058545b1ed14f4c8206e,PerceptualSpeedIndex,google-docs,True,google-docs PerceptualSpeedIndex opt fission warm webrender,,77,ms,firefox,455386315.0,1878166724,2024-04-22 12:07:57,1413048,,,,,,,,,,,,,,,,,,,,,,,,,,,,,,,,,,,,,,,,,,,,,,,,,TN
2569,936f17cdc5b5d160df1a4947540a1d24b6394d57,0.18368730230456398,autoland,3779647,13,a34e21034f2e3c317ebb3d485012938d48ad04ac,macosx1015-64-shippable-qr,True,False,,|f|i|s|s|i|o|n| |w|a|r|m| |w|e|b|r|e|n|d|e|r|,102210fe594ee9b33d82058545b1ed14f4c8206e,PerceptualSpeedIndex,google-docs,True,google-docs PerceptualSpeedIndex opt fission warm webrender,,77,ms,firefox,455490608.0,1878693328,2024-04-22 16:00:04,1413215,,,,,,,,,,,,,,,,,,,,,,,,,,,,,,,,,,,,,,,,,,,,,,,,,TN
2570,ed724b89a2c25252a6eab99f0fa48f85f2523b66,0.17397198373249,autoland,3779647,13,a34e21034f2e3c317ebb3d485012938d48ad04ac,macosx1015-64-shippable-qr,True,False,,|f|i|s|s|i|o|n| |w|a|r|m| |w|e|b|r|e|n|d|e|r|,102210fe594ee9b33d82058545b1ed14f4c8206e,PerceptualSpeedIndex,google-docs,True,google-docs PerceptualSpeedIndex opt fission warm webrender,,77,ms,firefox,455436163.0,1878349299,2024-04-22 19:20:17,1413379,,,,,,,,,,,,,,,,,,,,,,,,,,,,,,,,,,,,,,,,,,,,,,,,,TN
2571,294255d7250372c7cd6256cb6d1da23325d1f728,0.1886579304112066,autoland,3779647,13,a34e21034f2e3c317ebb3d485012938d48ad04ac,macosx1015-64-shippable-qr,True,False,,|f|i|s|s|i|o|n| |w|a|r|m| |w|e|b|r|e|n|d|e|r|,102210fe594ee9b33d82058545b1ed14f4c8206e,PerceptualSpeedIndex,google-docs,True,google-docs PerceptualSpeedIndex opt fission warm webrender,,77,ms,firefox,455475511.0,1878577635,2024-04-22 23:20:55,1413581,,,,,,,,,,,,,,,,,,,,,,,,,,,,,,,,,,,,,,,,,,,,,,,,,TN
2572,074d29b6e81d7fbf5ac7dea664ffea6a59b41b80,0.18007230004518737,autoland,3779647,13,a34e21034f2e3c317ebb3d485012938d48ad04ac,macosx1015-64-shippable-qr,True,False,,|f|i|s|s|i|o|n| |w|a|r|m| |w|e|b|r|e|n|d|e|r|,102210fe594ee9b33d82058545b1ed14f4c8206e,PerceptualSpeedIndex,google-docs,True,google-docs PerceptualSpeedIndex opt fission warm webrender,,77,ms,firefox,455489524.0,1878683756,2024-04-23 03:59:43,1413693,,,,,,,,,,,,,,,,,,,,,,,,,,,,,,,,,,,,,,,,,,,,,,,,,TN
2573,5519716422b3e14060894caded45bac7a3aeb773,0.203569814731134,autoland,3779647,13,a34e21034f2e3c317ebb3d485012938d48ad04ac,macosx1015-64-shippable-qr,True,False,,|f|i|s|s|i|o|n| |w|a|r|m| |w|e|b|r|e|n|d|e|r|,102210fe594ee9b33d82058545b1ed14f4c8206e,PerceptualSpeedIndex,google-docs,True,google-docs PerceptualSpeedIndex opt fission warm webrender,,77,ms,firefox,455506780.0,1878778706,2024-04-23 08:01:00,1413770,,,,,,,,,,,,,,,,,,,,,,,,,,,,,,,,,,,,,,,,,,,,,,,,,TN
2574,d0b5d121d8fc8ffddbec3e026a455ecfe0071347,0.29868956168097593,autoland,3779647,13,a34e21034f2e3c317ebb3d485012938d48ad04ac,macosx1015-64-shippable-qr,True,False,,|f|i|s|s|i|o|n| |w|a|r|m| |w|e|b|r|e|n|d|e|r|,102210fe594ee9b33d82058545b1ed14f4c8206e,PerceptualSpeedIndex,google-docs,True,google-docs PerceptualSpeedIndex opt fission warm webrender,,77,ms,firefox,455536496.0,1878869981,2024-04-23 11:54:58,1413921,,,,,,,,,,,,,,,,,,,,,,,,,,,,,,,,,,,,,,,,,,,,,,,,,TN
2575,3670eb21452ed6a6d994b7c9197e9eb8dce496fc,0.19995481247175784,autoland,3779647,13,a34e21034f2e3c317ebb3d485012938d48ad04ac,macosx1015-64-shippable-qr,True,False,,|f|i|s|s|i|o|n| |w|a|r|m| |w|e|b|r|e|n|d|e|r|,102210fe594ee9b33d82058545b1ed14f4c8206e,PerceptualSpeedIndex,google-docs,True,google-docs PerceptualSpeedIndex opt fission warm webrender,,77,ms,firefox,455632334.0,1879466291,2024-04-23 13:23:36,1413985,,,,,,,,,,,,,,,,,,,,,,,,,,,,,,,,,,,,,,,,,,,,,,,,,TN
2576,403992af097e07dbee379c1772c8ff1b21690142,0.24920921825576148,autoland,3779647,13,a34e21034f2e3c317ebb3d485012938d48ad04ac,macosx1015-64-shippable-qr,True,False,,|f|i|s|s|i|o|n| |w|a|r|m| |w|e|b|r|e|n|d|e|r|,102210fe594ee9b33d82058545b1ed14f4c8206e,PerceptualSpeedIndex,google-docs,True,google-docs PerceptualSpeedIndex opt fission warm webrender,,77,ms,firefox,455632697.0,1879470688,2024-04-23 13:24:27,1413988,,,,,,,,,,,,,,,,,,,,,,,,,,,,,,,,,,,,,,,,,,,,,,,,,TN
2577,058dc2e8394c7361874508e49f2bbbfc3173f1a9,0.19069136918210572,autoland,3779647,13,a34e21034f2e3c317ebb3d485012938d48ad04ac,macosx1015-64-shippable-qr,True,False,,|f|i|s|s|i|o|n| |w|a|r|m| |w|e|b|r|e|n|d|e|r|,102210fe594ee9b33d82058545b1ed14f4c8206e,PerceptualSpeedIndex,google-docs,True,google-docs PerceptualSpeedIndex opt fission warm webrender,,77,ms,firefox,455560415.0,1879034745,2024-04-23 15:44:45,1414120,,,,,,,,,,,,,,,,,,,,,,,,,,,,,,,,,,,,,,,,,,,,,,,,,TN
2578,1c40eb01d534a1c361c5c6fe0b3fdc64aed2c883,0.19385449615906003,autoland,3779647,13,a34e21034f2e3c317ebb3d485012938d48ad04ac,macosx1015-64-shippable-qr,True,False,,|f|i|s|s|i|o|n| |w|a|r|m| |w|e|b|r|e|n|d|e|r|,102210fe594ee9b33d82058545b1ed14f4c8206e,PerceptualSpeedIndex,google-docs,True,google-docs PerceptualSpeedIndex opt fission warm webrender,,77,ms,firefox,455587530.0,1879212415,2024-04-23 18:21:27,1414216,,,,,,,,,,,,,,,,,,,,,,,,,,,,,,,,,,,,,,,,,,,,,,,,,TN
2579,b516592332299274cdbcfd113f1d8a97cc0ee8af,0.19159511974694987,autoland,3779647,13,a34e21034f2e3c317ebb3d485012938d48ad04ac,macosx1015-64-shippable-qr,True,False,,|f|i|s|s|i|o|n| |w|a|r|m| |w|e|b|r|e|n|d|e|r|,102210fe594ee9b33d82058545b1ed14f4c8206e,PerceptualSpeedIndex,google-docs,True,google-docs PerceptualSpeedIndex opt fission warm webrender,,77,ms,firefox,455613315.0,1879337417,2024-04-23 22:59:53,1414419,,,,,,,,,,,,,,,,,,,,,,,,,,,,,,,,,,,,,,,,,,,,,,,,,TN
2580,3de3f9428f138bf269718fceb36c5112a195ca37,0.19091730682331676,autoland,3779647,13,a34e21034f2e3c317ebb3d485012938d48ad04ac,macosx1015-64-shippable-qr,True,False,,|f|i|s|s|i|o|n| |w|a|r|m| |w|e|b|r|e|n|d|e|r|,102210fe594ee9b33d82058545b1ed14f4c8206e,PerceptualSpeedIndex,google-docs,True,google-docs PerceptualSpeedIndex opt fission warm webrender,,77,ms,firefox,455630748.0,1879446709,2024-04-24 03:55:37,1414529,,,,,,,,,,,,,,,,,,,,,,,,,,,,,,,,,,,,,,,,,,,,,,,,,TN
2581,fd7d96cffddb9a76a1ecc148c3b284e8003fe6b9,0.18956168097605053,autoland,3779647,13,a34e21034f2e3c317ebb3d485012938d48ad04ac,macosx1015-64-shippable-qr,True,False,,|f|i|s|s|i|o|n| |w|a|r|m| |w|e|b|r|e|n|d|e|r|,102210fe594ee9b33d82058545b1ed14f4c8206e,PerceptualSpeedIndex,google-docs,True,google-docs PerceptualSpeedIndex opt fission warm webrender,,77,ms,firefox,455652735.0,1879602276,2024-04-24 07:56:15,1414632,,,,,,,,,,,,,,,,,,,,,,,,,,,,,,,,,,,,,,,,,,,,,,,,,TN
2582,87963547052db96296ae50e55c8266cbfc3bd922,0.20311793944871215,autoland,3779647,13,a34e21034f2e3c317ebb3d485012938d48ad04ac,macosx1015-64-shippable-qr,True,False,,|f|i|s|s|i|o|n| |w|a|r|m| |w|e|b|r|e|n|d|e|r|,102210fe594ee9b33d82058545b1ed14f4c8206e,PerceptualSpeedIndex,google-docs,True,google-docs PerceptualSpeedIndex opt fission warm webrender,,77,ms,firefox,455706787.0,1879827167,2024-04-24 12:15:38,1414844,,,,,,,,,,,,,,,,,,,,,,,,,,,,,,,,,,,,,,,,,,,,,,,,,TN
2583,ec5140ea1b1384a44d1ce6e0271fc97472399e96,0.22209670131043824,autoland,3779647,13,a34e21034f2e3c317ebb3d485012938d48ad04ac,macosx1015-64-shippable-qr,True,False,,|f|i|s|s|i|o|n| |w|a|r|m| |w|e|b|r|e|n|d|e|r|,102210fe594ee9b33d82058545b1ed14f4c8206e,PerceptualSpeedIndex,google-docs,True,google-docs PerceptualSpeedIndex opt fission warm webrender,,77,ms,firefox,455756912.0,164294,2024-04-25 00:20:54,1415370,,,,,,,,,,,,,,,,,,,,,,,,,,,,,,,,,,,,,,,,,,,,,,,,,TN
2584,cffa531d3b2e833bda2b3f035d37edb92f838428,0.18617261635788518,autoland,3779647,13,a34e21034f2e3c317ebb3d485012938d48ad04ac,macosx1015-64-shippable-qr,True,False,,|f|i|s|s|i|o|n| |w|a|r|m| |w|e|b|r|e|n|d|e|r|,102210fe594ee9b33d82058545b1ed14f4c8206e,PerceptualSpeedIndex,google-docs,True,google-docs PerceptualSpeedIndex opt fission warm webrender,,77,ms,firefox,455792256.0,390392,2024-04-25 02:34:18,1415633,,,,,,,,,,,,,,,,,,,,,,,,,,,,,,,,,,,,,,,,,,,,,,,,,TN
2585,792c9892791495e8f13e77e5a78bfda83ab7a455,0.19724356077722538,autoland,3779647,13,a34e21034f2e3c317ebb3d485012938d48ad04ac,macosx1015-64-shippable-qr,True,False,,|f|i|s|s|i|o|n| |w|a|r|m| |w|e|b|r|e|n|d|e|r|,102210fe594ee9b33d82058545b1ed14f4c8206e,PerceptualSpeedIndex,google-docs,True,google-docs PerceptualSpeedIndex opt fission warm webrender,,77,ms,firefox,455798569.0,449415,2024-04-25 05:01:58,1415718,,,,,,,,,,,,,,,,,,,,,,,,,,,,,,,,,,,,,,,,,,,,,,,,,TN
2586,5b0d6bb6f3780aaf074d79548381fd6e7a565b85,0.27474017171260723,autoland,3779647,13,a34e21034f2e3c317ebb3d485012938d48ad04ac,macosx1015-64-shippable-qr,True,False,,|f|i|s|s|i|o|n| |w|a|r|m| |w|e|b|r|e|n|d|e|r|,102210fe594ee9b33d82058545b1ed14f4c8206e,PerceptualSpeedIndex,google-docs,True,google-docs PerceptualSpeedIndex opt fission warm webrender,,77,ms,firefox,455826990.0,570109,2024-04-25 09:09:49,1415822,,,,,,,,,,,,,,,,,,,,,,,,,,,,,,,,,,,,,,,,,,,,,,,,,TN
2587,88f7b12683ce863c6ca742ac14e176ee045383bd,0.16900135562584717,autoland,3779647,13,a34e21034f2e3c317ebb3d485012938d48ad04ac,macosx1015-64-shippable-qr,True,False,,|f|i|s|s|i|o|n| |w|a|r|m| |w|e|b|r|e|n|d|e|r|,102210fe594ee9b33d82058545b1ed14f4c8206e,PerceptualSpeedIndex,google-docs,True,google-docs PerceptualSpeedIndex opt fission warm webrender,,77,ms,firefox,455854602.0,657042,2024-04-25 13:10:04,1416008,,,,,,,,,,,,,,,,,,,,,,,,,,,,,,,,,,,,,,,,,,,,,,,,,TN
2588,a913463932b70a4b7504d40b66173c0b20e76894,0.2046995029371892,autoland,3779647,13,a34e21034f2e3c317ebb3d485012938d48ad04ac,macosx1015-64-shippable-qr,True,False,,|f|i|s|s|i|o|n| |w|a|r|m| |w|e|b|r|e|n|d|e|r|,102210fe594ee9b33d82058545b1ed14f4c8206e,PerceptualSpeedIndex,google-docs,True,google-docs PerceptualSpeedIndex opt fission warm webrender,,77,ms,firefox,455954768.0,1107700,2024-04-25 15:42:52,1416136,,,,,,,,,,,,,,,,,,,,,,,,,,,,,,,,,,,,,,,,,,,,,,,,,TN
2589,b743d99059effb91581a29dcf6595a01d5c1716d,0.20673294170808854,autoland,3779647,13,a34e21034f2e3c317ebb3d485012938d48ad04ac,macosx1015-64-shippable-qr,True,False,,|f|i|s|s|i|o|n| |w|a|r|m| |w|e|b|r|e|n|d|e|r|,102210fe594ee9b33d82058545b1ed14f4c8206e,PerceptualSpeedIndex,google-docs,True,google-docs PerceptualSpeedIndex opt fission warm webrender,,77,ms,firefox,455953872.0,1096132,2024-04-25 15:59:28,1416150,,,,,,,,,,,,,,,,,,,,,,,,,,,,,,,,,,,,,,,,,,,,,,,,,TN
2590,6611338ffbdafbbc5b82211b1c255353bdb30763,0.17510167193854498,autoland,3779647,13,a34e21034f2e3c317ebb3d485012938d48ad04ac,macosx1015-64-shippable-qr,True,False,,|f|i|s|s|i|o|n| |w|a|r|m| |w|e|b|r|e|n|d|e|r|,102210fe594ee9b33d82058545b1ed14f4c8206e,PerceptualSpeedIndex,google-docs,True,google-docs PerceptualSpeedIndex opt fission warm webrender,,77,ms,firefox,455878908.0,768150,2024-04-25 16:29:00,1416183,,,,,,,,,,,,,,,,,,,,,,,,,,,,,,,,,,,,,,,,,,,,,,,,,TN
2591,6a497992821d53c3704819a4f43c6a7d3234c5a2,0.18956168097605053,autoland,3779647,13,a34e21034f2e3c317ebb3d485012938d48ad04ac,macosx1015-64-shippable-qr,True,False,,|f|i|s|s|i|o|n| |w|a|r|m| |w|e|b|r|e|n|d|e|r|,102210fe594ee9b33d82058545b1ed14f4c8206e,PerceptualSpeedIndex,google-docs,True,google-docs PerceptualSpeedIndex opt fission warm webrender,,77,ms,firefox,455927448.0,988588,2024-04-25 21:12:20,1416361,,,,,,,,,,,,,,,,,,,,,,,,,,,,,,,,,,,,,,,,,,,,,,,,,TN
2592,b89431ee0f24bcb481d894ad21288e4f09e1960d,0.29439674649796665,autoland,3779647,13,a34e21034f2e3c317ebb3d485012938d48ad04ac,macosx1015-64-shippable-qr,True,False,,|f|i|s|s|i|o|n| |w|a|r|m| |w|e|b|r|e|n|d|e|r|,102210fe594ee9b33d82058545b1ed14f4c8206e,PerceptualSpeedIndex,google-docs,True,google-docs PerceptualSpeedIndex opt fission warm webrender,,77,ms,firefox,455944460.0,1040140,2024-04-26 01:33:24,1416487,,,,,,,,,,,,,,,,,,,,,,,,,,,,,,,,,,,,,,,,,,,,,,,,,TN
2593,ed2448d27fe2e034cd5804dc7310c3f72ac2eaa5,0.18707636692272933,autoland,3779647,13,a34e21034f2e3c317ebb3d485012938d48ad04ac,macosx1015-64-shippable-qr,True,False,,|f|i|s|s|i|o|n| |w|a|r|m| |w|e|b|r|e|n|d|e|r|,102210fe594ee9b33d82058545b1ed14f4c8206e,PerceptualSpeedIndex,google-docs,True,google-docs PerceptualSpeedIndex opt fission warm webrender,,77,ms,firefox,455956738.0,1129263,2024-04-26 05:34:38,1416537,,,,,,,,,,,,,,,,,,,,,,,,,,,,,,,,,,,,,,,,,,,,,,,,,TN
2594,c8be3827903b85cfb4313957b4f308f696d3b0fe,0.19317668323542714,autoland,3779647,13,a34e21034f2e3c317ebb3d485012938d48ad04ac,macosx1015-64-shippable-qr,True,False,,|f|i|s|s|i|o|n| |w|a|r|m| |w|e|b|r|e|n|d|e|r|,102210fe594ee9b33d82058545b1ed14f4c8206e,PerceptualSpeedIndex,google-docs,True,google-docs PerceptualSpeedIndex opt fission warm webrender,,77,ms,firefox,455993121.0,1305635,2024-04-26 09:39:43,1416671,,,,,,,,,,,,,,,,,,,,,,,,,,,,,,,,,,,,,,,,,,,,,,,,,TN
2595,462f013c08cacd7abfae1f2d1bf26354372a829f,0.18549480343425206,autoland,3779647,13,a34e21034f2e3c317ebb3d485012938d48ad04ac,macosx1015-64-shippable-qr,True,False,,|f|i|s|s|i|o|n| |w|a|r|m| |w|e|b|r|e|n|d|e|r|,102210fe594ee9b33d82058545b1ed14f4c8206e,PerceptualSpeedIndex,google-docs,True,google-docs PerceptualSpeedIndex opt fission warm webrender,,77,ms,firefox,456023558.0,1393751,2024-04-26 13:51:38,1416831,,,,,,,,,,,,,,,,,,,,,,,,,,,,,,,,,,,,,,,,,,,,,,,,,TN
2596,ed101e266315213d1ad0a423c49bade6ff5df172,0.16403072751920456,autoland,3779647,13,a34e21034f2e3c317ebb3d485012938d48ad04ac,macosx1015-64-shippable-qr,True,False,,|f|i|s|s|i|o|n| |w|a|r|m| |w|e|b|r|e|n|d|e|r|,102210fe594ee9b33d82058545b1ed14f4c8206e,PerceptualSpeedIndex,google-docs,True,google-docs PerceptualSpeedIndex opt fission warm webrender,,77,ms,firefox,456056666.0,1567324,2024-04-26 17:53:01,1417003,,,,,,,,,,,,,,,,,,,,,,,,,,,,,,,,,,,,,,,,,,,,,,,,,TN
2597,7b85c82d731ddab976c6abe7e54685cacaebba41,0.20537731586082253,autoland,3779647,13,a34e21034f2e3c317ebb3d485012938d48ad04ac,macosx1015-64-shippable-qr,True,False,,|f|i|s|s|i|o|n| |w|a|r|m| |w|e|b|r|e|n|d|e|r|,102210fe594ee9b33d82058545b1ed14f4c8206e,PerceptualSpeedIndex,google-docs,True,google-docs PerceptualSpeedIndex opt fission warm webrender,,77,ms,firefox,456079876.0,1661621,2024-04-26 22:54:36,1417188,,,,,,,,,,,,,,,,,,,,,,,,,,,,,,,,,,,,,,,,,,,,,,,,,TN
2598,45defed78aafc90410c68310027bf771bcfc5968,0.20560325350203357,autoland,3779647,13,a34e21034f2e3c317ebb3d485012938d48ad04ac,macosx1015-64-shippable-qr,True,False,,|f|i|s|s|i|o|n| |w|a|r|m| |w|e|b|r|e|n|d|e|r|,102210fe594ee9b33d82058545b1ed14f4c8206e,PerceptualSpeedIndex,google-docs,True,google-docs PerceptualSpeedIndex opt fission warm webrender,,77,ms,firefox,456093704.0,1747221,2024-04-27 03:46:15,1417229,,,,,,,,,,,,,,,,,,,,,,,,,,,,,,,,,,,,,,,,,,,,,,,,,TN
2599,b694b588a2936a5c99a0ecf2d9d8fb6382a2bff4,0.17171260732037963,autoland,3779647,13,a34e21034f2e3c317ebb3d485012938d48ad04ac,macosx1015-64-shippable-qr,True,False,,|f|i|s|s|i|o|n| |w|a|r|m| |w|e|b|r|e|n|d|e|r|,102210fe594ee9b33d82058545b1ed14f4c8206e,PerceptualSpeedIndex,google-docs,True,google-docs PerceptualSpeedIndex opt fission warm webrender,,77,ms,firefox,456113254.0,1842584,2024-04-27 10:47:32,1417256,,,,,,,,,,,,,,,,,,,,,,,,,,,,,,,,,,,,,,,,,,,,,,,,,TN
2600,69bb72420e433fa8d66fff354e5ce90402289ac1,0.200858563036602,autoland,3779647,13,a34e21034f2e3c317ebb3d485012938d48ad04ac,macosx1015-64-shippable-qr,True,False,,|f|i|s|s|i|o|n| |w|a|r|m| |w|e|b|r|e|n|d|e|r|,102210fe594ee9b33d82058545b1ed14f4c8206e,PerceptualSpeedIndex,google-docs,True,google-docs PerceptualSpeedIndex opt fission warm webrender,,77,ms,firefox,456136115.0,1949684,2024-04-27 18:43:51,1417294,,,,,,,,,,,,,,,,,,,,,,,,,,,,,,,,,,,,,,,,,,,,,,,,,TN
2601,8256dde0533523666a60914881f81717e1705f8a,0.2844554902846814,autoland,3779647,13,a34e21034f2e3c317ebb3d485012938d48ad04ac,macosx1015-64-shippable-qr,True,False,,|f|i|s|s|i|o|n| |w|a|r|m| |w|e|b|r|e|n|d|e|r|,102210fe594ee9b33d82058545b1ed14f4c8206e,PerceptualSpeedIndex,google-docs,True,google-docs PerceptualSpeedIndex opt fission warm webrender,,77,ms,firefox,456150600.0,2019240,2024-04-27 22:45:22,1417317,,,,,,,,,,,,,,,,,,,,,,,,,,,,,,,,,,,,,,,,,,,,,,,,,TN
2602,d1651fe33156a2aab5884ab1eaaaa8c5dd64631d,0.1782647989154993,autoland,3779647,13,a34e21034f2e3c317ebb3d485012938d48ad04ac,macosx1015-64-shippable-qr,True,False,,|f|i|s|s|i|o|n| |w|a|r|m| |w|e|b|r|e|n|d|e|r|,102210fe594ee9b33d82058545b1ed14f4c8206e,PerceptualSpeedIndex,google-docs,True,google-docs PerceptualSpeedIndex opt fission warm webrender,,77,ms,firefox,456156879.0,2052548,2024-04-28 03:23:06,1417329,,,,,,,,,,,,,,,,,,,,,,,,,,,,,,,,,,,,,,,,,,,,,,,,,TN
2603,e479324bc8bb9135d7a48ad8ebc677725f27de37,0.17555354722096683,autoland,3779647,13,a34e21034f2e3c317ebb3d485012938d48ad04ac,macosx1015-64-shippable-qr,True,False,,|f|i|s|s|i|o|n| |w|a|r|m| |w|e|b|r|e|n|d|e|r|,102210fe594ee9b33d82058545b1ed14f4c8206e,PerceptualSpeedIndex,google-docs,True,google-docs PerceptualSpeedIndex opt fission warm webrender,,77,ms,firefox,456177724.0,2138464,2024-04-28 10:04:44,1417378,,,,,,,,,,,,,,,,,,,,,,,,,,,,,,,,,,,,,,,,,,,,,,,,,TN
2604,f157e5d64220507743654737cdd9b5e74f4f3ed5,0.17849073655671033,autoland,3779647,13,a34e21034f2e3c317ebb3d485012938d48ad04ac,macosx1015-64-shippable-qr,True,False,,|f|i|s|s|i|o|n| |w|a|r|m| |w|e|b|r|e|n|d|e|r|,102210fe594ee9b33d82058545b1ed14f4c8206e,PerceptualSpeedIndex,google-docs,True,google-docs PerceptualSpeedIndex opt fission warm webrender,,77,ms,firefox,456186427.0,2179048,2024-04-28 14:13:44,1417383,,,,,,,,,,,,,,,,,,,,,,,,,,,,,,,,,,,,,,,,,,,,,,,,,TN
2605,717a883474bedbbf5f420ffd52c76d3f6d4b910d,0.20266606416629007,autoland,3779647,13,a34e21034f2e3c317ebb3d485012938d48ad04ac,macosx1015-64-shippable-qr,True,False,,|f|i|s|s|i|o|n| |w|a|r|m| |w|e|b|r|e|n|d|e|r|,102210fe594ee9b33d82058545b1ed14f4c8206e,PerceptualSpeedIndex,google-docs,True,google-docs PerceptualSpeedIndex opt fission warm webrender,,77,ms,firefox,456191821.0,2219411,2024-04-28 19:02:33,1417402,,,,,,,,,,,,,,,,,,,,,,,,,,,,,,,,,,,,,,,,,,,,,,,,,TN
2606,0481d43263e16ab0b359e3c85888197704857817,0.28400361500225935,autoland,3779647,13,a34e21034f2e3c317ebb3d485012938d48ad04ac,macosx1015-64-shippable-qr,True,False,,|f|i|s|s|i|o|n| |w|a|r|m| |w|e|b|r|e|n|d|e|r|,102210fe594ee9b33d82058545b1ed14f4c8206e,PerceptualSpeedIndex,google-docs,True,google-docs PerceptualSpeedIndex opt fission warm webrender,,77,ms,firefox,456207979.0,2289222,2024-04-29 00:22:43,1417434,,,,,,,,,,,,,,,,,,,,,,,,,,,,,,,,,,,,,,,,,,,,,,,,,TN
2607,6b17c605c084e2db078b234e703a176d3b427fe1,0.2783551739719836,autoland,3779647,13,a34e21034f2e3c317ebb3d485012938d48ad04ac,macosx1015-64-shippable-qr,True,False,,|f|i|s|s|i|o|n| |w|a|r|m| |w|e|b|r|e|n|d|e|r|,102210fe594ee9b33d82058545b1ed14f4c8206e,PerceptualSpeedIndex,google-docs,True,google-docs PerceptualSpeedIndex opt fission warm webrender,,77,ms,firefox,456215815.0,2351187,2024-04-29 06:17:09,1417456,,,,,,,,,,,,,,,,,,,,,,,,,,,,,,,,,,,,,,,,,,,,,,,,,TN
2608,04a668ef9c909b54153526f6b4e28b4287e80664,0.22955264347040205,autoland,3779647,13,a34e21034f2e3c317ebb3d485012938d48ad04ac,macosx1015-64-shippable-qr,True,False,,|f|i|s|s|i|o|n| |w|a|r|m| |w|e|b|r|e|n|d|e|r|,102210fe594ee9b33d82058545b1ed14f4c8206e,PerceptualSpeedIndex,google-docs,True,google-docs PerceptualSpeedIndex opt fission warm webrender,,77,ms,firefox,456246437.0,2533622,2024-04-29 10:38:34,1417565,,,,,,,,,,,,,,,,,,,,,,,,,,,,,,,,,,,,,,,,,,,,,,,,,TN
2609,650dda9187436a12c66c2e81441e68e1d481e164,0.18910980569362845,autoland,3779647,13,a34e21034f2e3c317ebb3d485012938d48ad04ac,macosx1015-64-shippable-qr,True,False,,|f|i|s|s|i|o|n| |w|a|r|m| |w|e|b|r|e|n|d|e|r|,102210fe594ee9b33d82058545b1ed14f4c8206e,PerceptualSpeedIndex,google-docs,True,google-docs PerceptualSpeedIndex opt fission warm webrender,,77,ms,firefox,456296795.0,2734912,2024-04-29 14:46:23,1417768,,,,,,,,,,,,,,,,,,,,,,,,,,,,,,,,,,,,,,,,,,,,,,,,,TN
2610,efdaf7a2b304f9e71ba7b718af54373670cf6f93,0.200858563036602,autoland,3779647,13,a34e21034f2e3c317ebb3d485012938d48ad04ac,macosx1015-64-shippable-qr,True,False,,|f|i|s|s|i|o|n| |w|a|r|m| |w|e|b|r|e|n|d|e|r|,102210fe594ee9b33d82058545b1ed14f4c8206e,PerceptualSpeedIndex,google-docs,True,google-docs PerceptualSpeedIndex opt fission warm webrender,,77,ms,firefox,456379179.0,3145746,2024-04-29 14:47:47,1417771,,,,,,,,,,,,,,,,,,,,,,,,,,,,,,,,,,,,,,,,,,,,,,,,,TN
2611,dc425d760d0918fee1c46e930cf3badd1f1f0fb9,0.17193854496159044,autoland,3779647,13,a34e21034f2e3c317ebb3d485012938d48ad04ac,macosx1015-64-shippable-qr,True,False,,|f|i|s|s|i|o|n| |w|a|r|m| |w|e|b|r|e|n|d|e|r|,102210fe594ee9b33d82058545b1ed14f4c8206e,PerceptualSpeedIndex,google-docs,True,google-docs PerceptualSpeedIndex opt fission warm webrender,,77,ms,firefox,456380682.0,3163459,2024-04-29 15:00:21,1417778,,,,,,,,,,,,,,,,,,,,,,,,,,,,,,,,,,,,,,,,,,,,,,,,,TN
2612,fb9d21d9a3f911f1748f03b323b8358292a5588c,0.166741979213737,autoland,3779647,13,a34e21034f2e3c317ebb3d485012938d48ad04ac,macosx1015-64-shippable-qr,True,False,,|f|i|s|s|i|o|n| |w|a|r|m| |w|e|b|r|e|n|d|e|r|,102210fe594ee9b33d82058545b1ed14f4c8206e,PerceptualSpeedIndex,google-docs,True,google-docs PerceptualSpeedIndex opt fission warm webrender,,77,ms,firefox,456319053.0,2862410,2024-04-29 17:19:25,1417921,,,,,,,,,,,,,,,,,,,,,,,,,,,,,,,,,,,,,,,,,,,,,,,,,TN
2613,e9cdeeb2f957d210479897325c1d72ded8f512a4,0.1924988703117938,autoland,3779647,13,a34e21034f2e3c317ebb3d485012938d48ad04ac,macosx1015-64-shippable-qr,True,False,,|f|i|s|s|i|o|n| |w|a|r|m| |w|e|b|r|e|n|d|e|r|,102210fe594ee9b33d82058545b1ed14f4c8206e,PerceptualSpeedIndex,google-docs,True,google-docs PerceptualSpeedIndex opt fission warm webrender,,77,ms,firefox,456335362.0,2965767,2024-04-29 19:52:22,1418020,,,,,,,,,,,,,,,,,,,,,,,,,,,,,,,,,,,,,,,,,,,,,,,,,TN
2614,660a39c9cdc7fc3c728c5da5ccaa8856854fa346,0.18910980569362845,autoland,3779647,13,a34e21034f2e3c317ebb3d485012938d48ad04ac,macosx1015-64-shippable-qr,True,False,,|f|i|s|s|i|o|n| |w|a|r|m| |w|e|b|r|e|n|d|e|r|,102210fe594ee9b33d82058545b1ed14f4c8206e,PerceptualSpeedIndex,google-docs,True,google-docs PerceptualSpeedIndex opt fission warm webrender,,77,ms,firefox,456368942.0,3085821,2024-04-30 00:02:50,1418169,,,,,,,,,,,,,,,,,,,,,,,,,,,,,,,,,,,,,,,,,,,,,,,,,TN
2615,0c6cd807867dbaf592b3c7db4eef81220fe03acf,0.18639855399909622,autoland,3779647,13,a34e21034f2e3c317ebb3d485012938d48ad04ac,macosx1015-64-shippable-qr,True,False,,|f|i|s|s|i|o|n| |w|a|r|m| |w|e|b|r|e|n|d|e|r|,102210fe594ee9b33d82058545b1ed14f4c8206e,PerceptualSpeedIndex,google-docs,True,google-docs PerceptualSpeedIndex opt fission warm webrender,,77,ms,firefox,456379581.0,3150669,2024-04-30 05:00:53,1418256,,,,,,,,,,,,,,,,,,,,,,,,,,,,,,,,,,,,,,,,,,,,,,,,,TN
2616,5502377f2629549b2b7c5368c980d0487ed281d4,0.18888386805241741,autoland,3779647,13,a34e21034f2e3c317ebb3d485012938d48ad04ac,macosx1015-64-shippable-qr,True,False,,|f|i|s|s|i|o|n| |w|a|r|m| |w|e|b|r|e|n|d|e|r|,102210fe594ee9b33d82058545b1ed14f4c8206e,PerceptualSpeedIndex,google-docs,True,google-docs PerceptualSpeedIndex opt fission warm webrender,,77,ms,firefox,456412757.0,3312959,2024-04-30 09:02:30,1418348,,,,,,,,,,,,,,,,,,,,,,,,,,,,,,,,,,,,,,,,,,,,,,,,,TN
2617,26390589f165128dffd39f91181ed9c9daf7afaa,0.18707636692272933,autoland,3779647,13,a34e21034f2e3c317ebb3d485012938d48ad04ac,macosx1015-64-shippable-qr,True,False,,|f|i|s|s|i|o|n| |w|a|r|m| |w|e|b|r|e|n|d|e|r|,102210fe594ee9b33d82058545b1ed14f4c8206e,PerceptualSpeedIndex,google-docs,True,google-docs PerceptualSpeedIndex opt fission warm webrender,,77,ms,firefox,456525730.0,3852729,2024-04-30 09:34:04,1418368,,,,,,,,,,,,,,,,,,,,,,,,,,,,,,,,,,,,,,,,,,,,,,,,,TN
2618,d642b8b54c96cbe8ecce5112f12979726ab9eec9,0.2250338906461815,autoland,3779647,13,a34e21034f2e3c317ebb3d485012938d48ad04ac,macosx1015-64-shippable-qr,True,False,,|f|i|s|s|i|o|n| |w|a|r|m| |w|e|b|r|e|n|d|e|r|,102210fe594ee9b33d82058545b1ed14f4c8206e,PerceptualSpeedIndex,google-docs,True,google-docs PerceptualSpeedIndex opt fission warm webrender,,77,ms,firefox,456525519.0,3850853,2024-04-30 10:38:29,1418396,,,,,,,,,,,,,,,,,,,,,,,,,,,,,,,,,,,,,,,,,,,,,,,,,TN
2619,df31c6244c03bc65932fec706fefedf091587459,0.18007230004518737,autoland,3779647,13,a34e21034f2e3c317ebb3d485012938d48ad04ac,macosx1015-64-shippable-qr,True,False,,|f|i|s|s|i|o|n| |w|a|r|m| |w|e|b|r|e|n|d|e|r|,102210fe594ee9b33d82058545b1ed14f4c8206e,PerceptualSpeedIndex,google-docs,True,google-docs PerceptualSpeedIndex opt fission warm webrender,,77,ms,firefox,456438867.0,3386127,2024-04-30 13:09:55,1418487,,,,,,,,,,,,,,,,,,,,,,,,,,,,,,,,,,,,,,,,,,,,,,,,,TN
2620,c6a1a0587644242ad8f8fc0bcf0a94c8e485fc19,0.17510167193854498,autoland,3779647,13,a34e21034f2e3c317ebb3d485012938d48ad04ac,macosx1015-64-shippable-qr,True,False,,|f|i|s|s|i|o|n| |w|a|r|m| |w|e|b|r|e|n|d|e|r|,102210fe594ee9b33d82058545b1ed14f4c8206e,PerceptualSpeedIndex,google-docs,True,google-docs PerceptualSpeedIndex opt fission warm webrender,,77,ms,firefox,456526481.0,3859085,2024-04-30 15:40:12,1418640,,,,,,,,,,,,,,,,,,,,,,,,,,,,,,,,,,,,,,,,,,,,,,,,,TN
2621,ba7ae57dce0dd88946407baf4899d321ca533e03,0.20515137821961127,autoland,3779647,13,a34e21034f2e3c317ebb3d485012938d48ad04ac,macosx1015-64-shippable-qr,True,False,,|f|i|s|s|i|o|n| |w|a|r|m| |w|e|b|r|e|n|d|e|r|,102210fe594ee9b33d82058545b1ed14f4c8206e,PerceptualSpeedIndex,google-docs,True,google-docs PerceptualSpeedIndex opt fission warm webrender,,77,ms,firefox,456525617.0,3851498,2024-04-30 15:58:16,1418659,,,,,,,,,,,,,,,,,,,,,,,,,,,,,,,,,,,,,,,,,,,,,,,,,TN
2622,8f7500d7e530d9db7e5101922db97ea633705f4e,0.210799819249887,autoland,3779647,13,a34e21034f2e3c317ebb3d485012938d48ad04ac,macosx1015-64-shippable-qr,True,False,,|f|i|s|s|i|o|n| |w|a|r|m| |w|e|b|r|e|n|d|e|r|,102210fe594ee9b33d82058545b1ed14f4c8206e,PerceptualSpeedIndex,google-docs,True,google-docs PerceptualSpeedIndex opt fission warm webrender,,77,ms,firefox,456462184.0,3538829,2024-04-30 16:26:23,1418685,,,,,,,,,,,,,,,,,,,,,,,,,,,,,,,,,,,,,,,,,,,,,,,,,TN
2623,ec8f015d7e7237118cd2c9633310bf3b43bc902b,0.1886579304112066,autoland,3779647,13,a34e21034f2e3c317ebb3d485012938d48ad04ac,macosx1015-64-shippable-qr,True,False,,|f|i|s|s|i|o|n| |w|a|r|m| |w|e|b|r|e|n|d|e|r|,102210fe594ee9b33d82058545b1ed14f4c8206e,PerceptualSpeedIndex,google-docs,True,google-docs PerceptualSpeedIndex opt fission warm webrender,,77,ms,firefox,456481431.0,3618770,2024-04-30 19:24:53,1418797,,,,,,,,,,,,,,,,,,,,,,,,,,,,,,,,,,,,,,,,,,,,,,,,,TN
2624,cd22a3f9463d7df724c7e17c83b6f9d8fe0dd54e,0.1814279258924536,autoland,3779647,13,a34e21034f2e3c317ebb3d485012938d48ad04ac,macosx1015-64-shippable-qr,True,False,,|f|i|s|s|i|o|n| |w|a|r|m| |w|e|b|r|e|n|d|e|r|,102210fe594ee9b33d82058545b1ed14f4c8206e,PerceptualSpeedIndex,google-docs,True,google-docs PerceptualSpeedIndex opt fission warm webrender,,77,ms,firefox,456515960.0,3766975,2024-04-30 23:32:26,1418926,,,,,,,,,,,,,,,,,,,,,,,,,,,,,,,,,,,,,,,,,,,,,,,,,TN
2625,5801de1f3daa092cf721149dc96e7b073c172a92,0.29688206055128785,autoland,3779647,13,a34e21034f2e3c317ebb3d485012938d48ad04ac,macosx1015-64-shippable-qr,True,False,,|f|i|s|s|i|o|n| |w|a|r|m| |w|e|b|r|e|n|d|e|r|,102210fe594ee9b33d82058545b1ed14f4c8206e,PerceptualSpeedIndex,google-docs,True,google-docs PerceptualSpeedIndex opt fission warm webrender,,77,ms,firefox,456524454.0,3834700,2024-05-01 03:47:22,1419018,,,,,,,,,,,,,,,,,,,,,,,,,,,,,,,,,,,,,,,,,,,,,,,,,TN
2626,287f670c824ebf9c8dbde990f795f92c94af4882,0.18346136466335294,autoland,3779647,13,a34e21034f2e3c317ebb3d485012938d48ad04ac,macosx1015-64-shippable-qr,True,False,,|f|i|s|s|i|o|n| |w|a|r|m| |w|e|b|r|e|n|d|e|r|,102210fe594ee9b33d82058545b1ed14f4c8206e,PerceptualSpeedIndex,google-docs,True,google-docs PerceptualSpeedIndex opt fission warm webrender,,77,ms,firefox,456531496.0,3888475,2024-05-01 07:50:28,1419058,,,,,,,,,,,,,,,,,,,,,,,,,,,,,,,,,,,,,,,,,,,,,,,,,TN
2627,0c09216614e40f92d253d63a3699eb680be6773a,0.2641211025756891,autoland,3779647,13,a34e21034f2e3c317ebb3d485012938d48ad04ac,macosx1015-64-shippable-qr,True,False,,|f|i|s|s|i|o|n| |w|a|r|m| |w|e|b|r|e|n|d|e|r|,102210fe594ee9b33d82058545b1ed14f4c8206e,PerceptualSpeedIndex,google-docs,True,google-docs PerceptualSpeedIndex opt fission warm webrender,,77,ms,firefox,456577579.0,4068979,2024-05-01 18:27:07,1419281,,,,,,,,,,,,,,,,,,,,,,,,,,,,,,,,,,,,,,,,,,,,,,,,,TN
2628,b8f4a7d4d873dccbf25b9bc2f3510753c2b3fde7,0.1967916854948033,autoland,3779647,13,a34e21034f2e3c317ebb3d485012938d48ad04ac,macosx1015-64-shippable-qr,True,False,,|f|i|s|s|i|o|n| |w|a|r|m| |w|e|b|r|e|n|d|e|r|,102210fe594ee9b33d82058545b1ed14f4c8206e,PerceptualSpeedIndex,google-docs,True,google-docs PerceptualSpeedIndex opt fission warm webrender,,77,ms,firefox,456602750.0,4230370,2024-05-01 20:27:27,1419379,,,,,,,,,,,,,,,,,,,,,,,,,,,,,,,,,,,,,,,,,,,,,,,,,TN
2629,c20a8162786c1c65c5f6de523fe04ed01e365e70,0.18391323994577502,autoland,3779647,13,a34e21034f2e3c317ebb3d485012938d48ad04ac,macosx1015-64-shippable-qr,True,False,,|f|i|s|s|i|o|n| |w|a|r|m| |w|e|b|r|e|n|d|e|r|,102210fe594ee9b33d82058545b1ed14f4c8206e,PerceptualSpeedIndex,google-docs,True,google-docs PerceptualSpeedIndex opt fission warm webrender,,77,ms,firefox,456639549.0,4425787,2024-05-01 22:41:28,1419434,,,,,,,,,,,,,,,,,,,,,,,,,,,,,,,,,,,,,,,,,,,,,,,,,TN
2630,cc7310ddf9a3d299491efc7c2b1279cef8b05ae7,0.21577044735652962,autoland,3779647,13,a34e21034f2e3c317ebb3d485012938d48ad04ac,macosx1015-64-shippable-qr,True,False,,|f|i|s|s|i|o|n| |w|a|r|m| |w|e|b|r|e|n|d|e|r|,102210fe594ee9b33d82058545b1ed14f4c8206e,PerceptualSpeedIndex,google-docs,True,google-docs PerceptualSpeedIndex opt fission warm webrender,,77,ms,firefox,456638567.0,4411422,2024-05-01 22:42:15,1419435,,,,,,,,,,,,,,,,,,,,,,,,,,,,,,,,,,,,,,,,,,,,,,,,,TN
2631,f873ea171aa0a79e19d6d38f0801893b0fb7127f,0.2731586082241302,autoland,3779647,13,a34e21034f2e3c317ebb3d485012938d48ad04ac,macosx1015-64-shippable-qr,True,False,,|f|i|s|s|i|o|n| |w|a|r|m| |w|e|b|r|e|n|d|e|r|,102210fe594ee9b33d82058545b1ed14f4c8206e,PerceptualSpeedIndex,google-docs,True,google-docs PerceptualSpeedIndex opt fission warm webrender,,77,ms,firefox,456638102.0,4402429,2024-05-01 22:43:04,1419437,,,,,,,,,,,,,,,,,,,,,,,,,,,,,,,,,,,,,,,,,,,,,,,,,TN
2632,533fbd9c5056d0b2611e332cddafd7337193d64f,0.18278355173971983,autoland,3779647,13,a34e21034f2e3c317ebb3d485012938d48ad04ac,macosx1015-64-shippable-qr,True,False,,|f|i|s|s|i|o|n| |w|a|r|m| |w|e|b|r|e|n|d|e|r|,102210fe594ee9b33d82058545b1ed14f4c8206e,PerceptualSpeedIndex,google-docs,True,google-docs PerceptualSpeedIndex opt fission warm webrender,,77,ms,firefox,456614895.0,4288465,2024-05-01 23:13:57,1419453,,,,,,,,,,,,,,,,,,,,,,,,,,,,,,,,,,,,,,,,,,,,,,,,,TN
2633,dda5d5286866494223d6cc52382d52032d961218,0.26796204247627653,autoland,3779647,13,a34e21034f2e3c317ebb3d485012938d48ad04ac,macosx1015-64-shippable-qr,True,False,,|f|i|s|s|i|o|n| |w|a|r|m| |w|e|b|r|e|n|d|e|r|,102210fe594ee9b33d82058545b1ed14f4c8206e,PerceptualSpeedIndex,google-docs,True,google-docs PerceptualSpeedIndex opt fission warm webrender,,77,ms,firefox,456637088.0,4394721,2024-05-02 04:22:12,1419529,,,,,,,,,,,,,,,,,,,,,,,,,,,,,,,,,,,,,,,,,,,,,,,,,TN
2634,8f1e622a3413df009913d856f603c77b8e637efc,0.18910980569362845,autoland,3779647,13,a34e21034f2e3c317ebb3d485012938d48ad04ac,macosx1015-64-shippable-qr,True,False,,|f|i|s|s|i|o|n| |w|a|r|m| |w|e|b|r|e|n|d|e|r|,102210fe594ee9b33d82058545b1ed14f4c8206e,PerceptualSpeedIndex,google-docs,True,google-docs PerceptualSpeedIndex opt fission warm webrender,,77,ms,firefox,456779509.0,5166788,2024-05-02 08:48:43,1419618,,,,,,,,,,,,,,,,,,,,,,,,,,,,,,,,,,,,,,,,,,,,,,,,,TN
2635,ea25d02dac47e6880ab5b936adc308c24cbeab32,0.27654767284229553,autoland,3779647,13,a34e21034f2e3c317ebb3d485012938d48ad04ac,macosx1015-64-shippable-qr,True,False,,|f|i|s|s|i|o|n| |w|a|r|m| |w|e|b|r|e|n|d|e|r|,102210fe594ee9b33d82058545b1ed14f4c8206e,PerceptualSpeedIndex,google-docs,True,google-docs PerceptualSpeedIndex opt fission warm webrender,,77,ms,firefox,456780260.0,5178032,2024-05-02 12:53:32,1419765,,,,,,,,,,,,,,,,,,,,,,,,,,,,,,,,,,,,,,,,,,,,,,,,,TN
2636,91cfcfc5935b5ac51c36c1a08a064c33a2d96fd5,0.16516041572525975,autoland,3779647,13,a34e21034f2e3c317ebb3d485012938d48ad04ac,macosx1015-64-shippable-qr,True,False,,|f|i|s|s|i|o|n| |w|a|r|m| |w|e|b|r|e|n|d|e|r|,102210fe594ee9b33d82058545b1ed14f4c8206e,PerceptualSpeedIndex,google-docs,True,google-docs PerceptualSpeedIndex opt fission warm webrender,,77,ms,firefox,456782101.0,5195965,2024-05-02 15:44:03,1419950,,,,,,,,,,,,,,,,,,,,,,,,,,,,,,,,,,,,,,,,,,,,,,,,,TN
2637,3a0b95c0a8b3e334c5811a26420f39aaba7e5be3,0.1868504292815183,autoland,3779647,13,a34e21034f2e3c317ebb3d485012938d48ad04ac,macosx1015-64-shippable-qr,True,False,,|f|i|s|s|i|o|n| |w|a|r|m| |w|e|b|r|e|n|d|e|r|,102210fe594ee9b33d82058545b1ed14f4c8206e,PerceptualSpeedIndex,google-docs,True,google-docs PerceptualSpeedIndex opt fission warm webrender,,77,ms,firefox,456783128.0,5206841,2024-05-02 17:57:36,1420053,,,,,,,,,,,,,,,,,,,,,,,,,,,,,,,,,,,,,,,,,,,,,,,,,TN
2638,f5cfc0ea73926b119ca193381efffbfa5859d867,0.16832354270221428,autoland,3779647,13,a34e21034f2e3c317ebb3d485012938d48ad04ac,macosx1015-64-shippable-qr,True,False,,|f|i|s|s|i|o|n| |w|a|r|m| |w|e|b|r|e|n|d|e|r|,102210fe594ee9b33d82058545b1ed14f4c8206e,PerceptualSpeedIndex,google-docs,True,google-docs PerceptualSpeedIndex opt fission warm webrender,,77,ms,firefox,456784029.0,5209369,2024-05-02 23:51:01,1420328,,,,,,,,,,,,,,,,,,,,,,,,,,,,,,,,,,,,,,,,,,,,,,,,,TN
2639,c5c13444d9afc38f2ee8d567a1a17f26a9b6659b,0.16154541346588358,autoland,3779647,13,a34e21034f2e3c317ebb3d485012938d48ad04ac,macosx1015-64-shippable-qr,True,False,,|f|i|s|s|i|o|n| |w|a|r|m| |w|e|b|r|e|n|d|e|r|,102210fe594ee9b33d82058545b1ed14f4c8206e,PerceptualSpeedIndex,google-docs,True,google-docs PerceptualSpeedIndex opt fission warm webrender,,77,ms,firefox,456806682.0,5345271,2024-05-03 04:04:06,1420386,,,,,,,,,,,,,,,,,,,,,,,,,,,,,,,,,,,,,,,,,,,,,,,,,TN
2640,fd534101970b397f34b099196fabc43b927c7fcf,0.20424762765476734,autoland,3779647,13,a34e21034f2e3c317ebb3d485012938d48ad04ac,macosx1015-64-shippable-qr,True,False,,|f|i|s|s|i|o|n| |w|a|r|m| |w|e|b|r|e|n|d|e|r|,102210fe594ee9b33d82058545b1ed14f4c8206e,PerceptualSpeedIndex,google-docs,True,google-docs PerceptualSpeedIndex opt fission warm webrender,,77,ms,firefox,456813000.0,5358860,2024-05-03 08:10:40,1420452,,,,,,,,,,,,,,,,,,,,,,,,,,,,,,,,,,,,,,,,,,,,,,,,,TN
2641,e91d8e436dcc57f87d15822b1dc5b12644cb980e,0.18391323994577502,autoland,3779647,13,a34e21034f2e3c317ebb3d485012938d48ad04ac,macosx1015-64-shippable-qr,True,False,,|f|i|s|s|i|o|n| |w|a|r|m| |w|e|b|r|e|n|d|e|r|,102210fe594ee9b33d82058545b1ed14f4c8206e,PerceptualSpeedIndex,google-docs,True,google-docs PerceptualSpeedIndex opt fission warm webrender,,77,ms,firefox,456853622.0,5530476,2024-05-03 12:18:12,1420590,,,,,,,,,,,,,,,,,,,,,,,,,,,,,,,,,,,,,,,,,,,,,,,,,TN
2642,e3c2a1a1c6f49f351ee44f96a5a16f7ba91bd9ea,0.20831450519656558,autoland,3779647,13,a34e21034f2e3c317ebb3d485012938d48ad04ac,macosx1015-64-shippable-qr,True,False,,|f|i|s|s|i|o|n| |w|a|r|m| |w|e|b|r|e|n|d|e|r|,102210fe594ee9b33d82058545b1ed14f4c8206e,PerceptualSpeedIndex,google-docs,True,google-docs PerceptualSpeedIndex opt fission warm webrender,,77,ms,firefox,456944675.0,6175808,2024-05-03 14:27:41,1420712,,,,,,,,,,,,,,,,,,,,,,,,,,,,,,,,,,,,,,,,,,,,,,,,,TN
2643,e22820789eaab8ed7ab2e189a831c85a008f0f58,0.18029823768639863,autoland,3779647,13,a34e21034f2e3c317ebb3d485012938d48ad04ac,macosx1015-64-shippable-qr,True,False,,|f|i|s|s|i|o|n| |w|a|r|m| |w|e|b|r|e|n|d|e|r|,102210fe594ee9b33d82058545b1ed14f4c8206e,PerceptualSpeedIndex,google-docs,True,google-docs PerceptualSpeedIndex opt fission warm webrender,,77,ms,firefox,456944576.0,6175647,2024-05-03 14:31:38,1420719,,,,,,,,,,,,,,,,,,,,,,,,,,,,,,,,,,,,,,,,,,,,,,,,,TN
2644,0a8a8f84140a331e815f8520a76a3c928e4486ea,0.18910980569362845,autoland,3779647,13,a34e21034f2e3c317ebb3d485012938d48ad04ac,macosx1015-64-shippable-qr,True,False,,|f|i|s|s|i|o|n| |w|a|r|m| |w|e|b|r|e|n|d|e|r|,102210fe594ee9b33d82058545b1ed14f4c8206e,PerceptualSpeedIndex,google-docs,True,google-docs PerceptualSpeedIndex opt fission warm webrender,,77,ms,firefox,456888464.0,5775614,2024-05-03 16:29:14,1420823,,,,,,,,,,,,,,,,,,,,,,,,,,,,,,,,,,,,,,,,,,,,,,,,,TN
2645,1e88e24f01e40c6d9b7e3f222f4fbb0d55c9639d,0.17623136014460017,autoland,3779647,13,a34e21034f2e3c317ebb3d485012938d48ad04ac,macosx1015-64-shippable-qr,True,False,,|f|i|s|s|i|o|n| |w|a|r|m| |w|e|b|r|e|n|d|e|r|,102210fe594ee9b33d82058545b1ed14f4c8206e,PerceptualSpeedIndex,google-docs,True,google-docs PerceptualSpeedIndex opt fission warm webrender,,77,ms,firefox,456921842.0,6056020,2024-05-03 19:41:01,1420975,,,,,,,,,,,,,,,,,,,,,,,,,,,,,,,,,,,,,,,,,,,,,,,,,TN
2646,a546ec29a8018c8e98e738460e9bdfd5d4003690,0.19453230908269314,autoland,3779647,13,a34e21034f2e3c317ebb3d485012938d48ad04ac,macosx1015-64-shippable-qr,True,False,,|f|i|s|s|i|o|n| |w|a|r|m| |w|e|b|r|e|n|d|e|r|,102210fe594ee9b33d82058545b1ed14f4c8206e,PerceptualSpeedIndex,google-docs,True,google-docs PerceptualSpeedIndex opt fission warm webrender,,77,ms,firefox,456967311.0,6294578,2024-05-04 09:19:48,1421174,,,,,,,,,,,,,,,,,,,,,,,,,,,,,,,,,,,,,,,,,,,,,,,,,TN
2647,422a6a673019bc0e2dfd459eceee9594246a0a9d,0.18052417532760967,autoland,3779647,13,a34e21034f2e3c317ebb3d485012938d48ad04ac,macosx1015-64-shippable-qr,True,False,,|f|i|s|s|i|o|n| |w|a|r|m| |w|e|b|r|e|n|d|e|r|,102210fe594ee9b33d82058545b1ed14f4c8206e,PerceptualSpeedIndex,google-docs,True,google-docs PerceptualSpeedIndex opt fission warm webrender,,77,ms,firefox,456979061.0,6347107,2024-05-04 19:44:42,1421318,,,,,,,,,,,,,,,,,,,,,,,,,,,,,,,,,,,,,,,,,,,,,,,,,TN
2648,1343ec609dea28acb4b297bebd481211e1742b11,0.2916854948034342,autoland,3779647,13,a34e21034f2e3c317ebb3d485012938d48ad04ac,macosx1015-64-shippable-qr,True,False,,|f|i|s|s|i|o|n| |w|a|r|m| |w|e|b|r|e|n|d|e|r|,102210fe594ee9b33d82058545b1ed14f4c8206e,PerceptualSpeedIndex,google-docs,True,google-docs PerceptualSpeedIndex opt fission warm webrender,,77,ms,firefox,456995840.0,6413689,2024-05-05 00:17:27,1421344,,,,,,,,,,,,,,,,,,,,,,,,,,,,,,,,,,,,,,,,,,,,,,,,,TN
2649,5c3e0ef9b916432dfc42f800c3c7997f58ae5a63,0.17713511070944432,autoland,3779647,13,a34e21034f2e3c317ebb3d485012938d48ad04ac,macosx1015-64-shippable-qr,True,False,,|f|i|s|s|i|o|n| |w|a|r|m| |w|e|b|r|e|n|d|e|r|,102210fe594ee9b33d82058545b1ed14f4c8206e,PerceptualSpeedIndex,google-docs,True,google-docs PerceptualSpeedIndex opt fission warm webrender,,77,ms,firefox,457031104.0,6611423,2024-05-05 08:06:08,1421422,,,,,,,,,,,,,,,,,,,,,,,,,,,,,,,,,,,,,,,,,,,,,,,,,TN
2650,286a373804e5360a54d51ec691ba7bfd02def155,0.28468142792589246,autoland,3779647,13,a34e21034f2e3c317ebb3d485012938d48ad04ac,macosx1015-64-shippable-qr,True,False,,|f|i|s|s|i|o|n| |w|a|r|m| |w|e|b|r|e|n|d|e|r|,102210fe594ee9b33d82058545b1ed14f4c8206e,PerceptualSpeedIndex,google-docs,True,google-docs PerceptualSpeedIndex opt fission warm webrender,,77,ms,firefox,457031534.0,6627349,2024-05-05 13:09:56,1421444,,,,,,,,,,,,,,,,,,,,,,,,,,,,,,,,,,,,,,,,,,,,,,,,,TN
2651,a6cb5ac7a79af000e99bf48f04ecb2943fcd3c68,0.17261635788522378,autoland,3779647,13,a34e21034f2e3c317ebb3d485012938d48ad04ac,macosx1015-64-shippable-qr,True,False,,|f|i|s|s|i|o|n| |w|a|r|m| |w|e|b|r|e|n|d|e|r|,102210fe594ee9b33d82058545b1ed14f4c8206e,PerceptualSpeedIndex,google-docs,True,google-docs PerceptualSpeedIndex opt fission warm webrender,,77,ms,firefox,457036219.0,6674712,2024-05-05 17:38:00,1421459,,,,,,,,,,,,,,,,,,,,,,,,,,,,,,,,,,,,,,,,,,,,,,,,,TN
2652,ea67e3b59c22cea8a2c797ce9a6608d3ddeaeca9,0.15476728422955266,autoland,3779647,13,a34e21034f2e3c317ebb3d485012938d48ad04ac,macosx1015-64-shippable-qr,True,False,,|f|i|s|s|i|o|n| |w|a|r|m| |w|e|b|r|e|n|d|e|r|,102210fe594ee9b33d82058545b1ed14f4c8206e,PerceptualSpeedIndex,google-docs,True,google-docs PerceptualSpeedIndex opt fission warm webrender,,77,ms,firefox,457055813.0,6791511,2024-05-05 22:09:52,1421479,,,,,,,,,,,,,,,,,,,,,,,,,,,,,,,,,,,,,,,,,,,,,,,,,TN
2653,ab041350c7569b831b00994a96625b9354dcf6b6,0.19475824672390418,autoland,3779647,13,a34e21034f2e3c317ebb3d485012938d48ad04ac,macosx1015-64-shippable-qr,True,False,,|f|i|s|s|i|o|n| |w|a|r|m| |w|e|b|r|e|n|d|e|r|,102210fe594ee9b33d82058545b1ed14f4c8206e,PerceptualSpeedIndex,google-docs,True,google-docs PerceptualSpeedIndex opt fission warm webrender,,77,ms,firefox,457060656.0,6832197,2024-05-06 03:19:39,1421502,,,,,,,,,,,,,,,,,,,,,,,,,,,,,,,,,,,,,,,,,,,,,,,,,TN
2654,35d94430dcd939821a6eb019d739ae0d4077b831,0.16877541798463613,autoland,3779647,13,a34e21034f2e3c317ebb3d485012938d48ad04ac,macosx1015-64-shippable-qr,True,False,,|f|i|s|s|i|o|n| |w|a|r|m| |w|e|b|r|e|n|d|e|r|,102210fe594ee9b33d82058545b1ed14f4c8206e,PerceptualSpeedIndex,google-docs,True,google-docs PerceptualSpeedIndex opt fission warm webrender,,77,ms,firefox,457221322.0,7558357,2024-05-06 03:26:48,1421504,,,,,,,,,,,,,,,,,,,,,,,,,,,,,,,,,,,,,,,,,,,,,,,,,TN
2655,65e120a9c1dcb9c8f1c8930e808b03aa149eaf40,0.1746497966561229,autoland,3779647,13,a34e21034f2e3c317ebb3d485012938d48ad04ac,macosx1015-64-shippable-qr,True,False,,|f|i|s|s|i|o|n| |w|a|r|m| |w|e|b|r|e|n|d|e|r|,102210fe594ee9b33d82058545b1ed14f4c8206e,PerceptualSpeedIndex,google-docs,True,google-docs PerceptualSpeedIndex opt fission warm webrender,,77,ms,firefox,457069808.0,6896524,2024-05-06 07:31:35,1421524,,,,,,,,,,,,,,,,,,,,,,,,,,,,,,,,,,,,,,,,,,,,,,,,,TN
2656,13b26e8e0e39998b30b388bb6f5d84c0e8067c03,0.1961138725711704,autoland,3779647,13,a34e21034f2e3c317ebb3d485012938d48ad04ac,macosx1015-64-shippable-qr,True,False,,|f|i|s|s|i|o|n| |w|a|r|m| |w|e|b|r|e|n|d|e|r|,102210fe594ee9b33d82058545b1ed14f4c8206e,PerceptualSpeedIndex,google-docs,True,google-docs PerceptualSpeedIndex opt fission warm webrender,,77,ms,firefox,457101900.0,7032260,2024-05-06 11:33:14,1421623,,,,,,,,,,,,,,,,,,,,,,,,,,,,,,,,,,,,,,,,,,,,,,,,,TN
2657,26e8012d5da938871783505e3753b681ab8cb186,0.1818798011748759,autoland,3779647,13,a34e21034f2e3c317ebb3d485012938d48ad04ac,macosx1015-64-shippable-qr,True,False,,|f|i|s|s|i|o|n| |w|a|r|m| |w|e|b|r|e|n|d|e|r|,102210fe594ee9b33d82058545b1ed14f4c8206e,PerceptualSpeedIndex,google-docs,True,google-docs PerceptualSpeedIndex opt fission warm webrender,,77,ms,firefox,457135082.0,7196340,2024-05-06 15:35:21,1421812,,,,,,,,,,,,,,,,,,,,,,,,,,,,,,,,,,,,,,,,,,,,,,,,,TN
2658,eb10b86b18adfc70952409e13993f834d33fa099,0.1961138725711704,autoland,3779647,13,a34e21034f2e3c317ebb3d485012938d48ad04ac,macosx1015-64-shippable-qr,True,False,,|f|i|s|s|i|o|n| |w|a|r|m| |w|e|b|r|e|n|d|e|r|,102210fe594ee9b33d82058545b1ed14f4c8206e,PerceptualSpeedIndex,google-docs,True,google-docs PerceptualSpeedIndex opt fission warm webrender,,77,ms,firefox,457150951.0,7254382,2024-05-06 17:44:25,1421908,,,,,,,,,,,,,,,,,,,,,,,,,,,,,,,,,,,,,,,,,,,,,,,,,TN
2659,4c7b1942b455d9c365693e5584f7ea86c5b33615,0.16493447808404893,autoland,3779647,13,a34e21034f2e3c317ebb3d485012938d48ad04ac,macosx1015-64-shippable-qr,True,False,,|f|i|s|s|i|o|n| |w|a|r|m| |w|e|b|r|e|n|d|e|r|,102210fe594ee9b33d82058545b1ed14f4c8206e,PerceptualSpeedIndex,google-docs,True,google-docs PerceptualSpeedIndex opt fission warm webrender,,77,ms,firefox,457173978.0,7340853,2024-05-06 20:39:16,1422073,,,,,,,,,,,,,,,,,,,,,,,,,,,,,,,,,,,,,,,,,,,,,,,,,TN
2660,945bbd356b57424bcdb359e6d88c48cd03ff2c10,0.18007230004518737,autoland,3779647,13,a34e21034f2e3c317ebb3d485012938d48ad04ac,macosx1015-64-shippable-qr,True,False,,|f|i|s|s|i|o|n| |w|a|r|m| |w|e|b|r|e|n|d|e|r|,102210fe594ee9b33d82058545b1ed14f4c8206e,PerceptualSpeedIndex,google-docs,True,google-docs PerceptualSpeedIndex opt fission warm webrender,,77,ms,firefox,457212413.0,7522316,2024-05-07 01:41:54,1422278,,,,,,,,,,,,,,,,,,,,,,,,,,,,,,,,,,,,,,,,,,,,,,,,,TN
2661,80150ac16109a11457c3103e68bf1c7ac29270c0,0.16538635336647078,autoland,3779647,13,a34e21034f2e3c317ebb3d485012938d48ad04ac,macosx1015-64-shippable-qr,True,False,,|f|i|s|s|i|o|n| |w|a|r|m| |w|e|b|r|e|n|d|e|r|,102210fe594ee9b33d82058545b1ed14f4c8206e,PerceptualSpeedIndex,google-docs,True,google-docs PerceptualSpeedIndex opt fission warm webrender,,77,ms,firefox,457227204.0,7593276,2024-05-07 06:04:59,1422341,,,,,,,,,,,,,,,,,,,,,,,,,,,,,,,,,,,,,,,,,,,,,,,,,TN
2662,641e15621e7bd2e0e8a2fab82d2b9838e386c3c4,0.16493447808404893,autoland,3779647,13,a34e21034f2e3c317ebb3d485012938d48ad04ac,macosx1015-64-shippable-qr,True,False,,|f|i|s|s|i|o|n| |w|a|r|m| |w|e|b|r|e|n|d|e|r|,102210fe594ee9b33d82058545b1ed14f4c8206e,PerceptualSpeedIndex,google-docs,True,google-docs PerceptualSpeedIndex opt fission warm webrender,,77,ms,firefox,457275514.0,7772584,2024-05-07 10:41:19,1422484,,,,,,,,,,,,,,,,,,,,,,,,,,,,,,,,,,,,,,,,,,,,,,,,,TN
2663,0041f761ddff5c598852d2b5cc41772a3a11cd0b,0.19227293267058276,autoland,3779647,13,a34e21034f2e3c317ebb3d485012938d48ad04ac,macosx1015-64-shippable-qr,True,False,,|f|i|s|s|i|o|n| |w|a|r|m| |w|e|b|r|e|n|d|e|r|,102210fe594ee9b33d82058545b1ed14f4c8206e,PerceptualSpeedIndex,google-docs,True,google-docs PerceptualSpeedIndex opt fission warm webrender,,77,ms,firefox,457310203.0,7931610,2024-05-07 14:42:49,1422671,,,,,,,,,,,,,,,,,,,,,,,,,,,,,,,,,,,,,,,,,,,,,,,,,TN
2664,425b44586178edae02872c1fbc0220a0b4ff4c1d,0.19814731134206953,autoland,3779647,13,a34e21034f2e3c317ebb3d485012938d48ad04ac,macosx1015-64-shippable-qr,True,False,,|f|i|s|s|i|o|n| |w|a|r|m| |w|e|b|r|e|n|d|e|r|,102210fe594ee9b33d82058545b1ed14f4c8206e,PerceptualSpeedIndex,google-docs,True,google-docs PerceptualSpeedIndex opt fission warm webrender,,77,ms,firefox,457343286.0,8108533,2024-05-07 18:25:44,1422943,,,,,,,,,,,,,,,,,,,,,,,,,,,,,,,,,,,,,,,,,,,,,,,,,TN
2665,149e752fdb3fa75a3a02f55e7c7c91f7f704cf8a,0.2733845458653412,autoland,3779647,13,a34e21034f2e3c317ebb3d485012938d48ad04ac,macosx1015-64-shippable-qr,True,False,,|f|i|s|s|i|o|n| |w|a|r|m| |w|e|b|r|e|n|d|e|r|,102210fe594ee9b33d82058545b1ed14f4c8206e,PerceptualSpeedIndex,google-docs,True,google-docs PerceptualSpeedIndex opt fission warm webrender,,77,ms,firefox,457378555.0,8324506,2024-05-07 22:14:58,1423124,,,,,,,,,,,,,,,,,,,,,,,,,,,,,,,,,,,,,,,,,,,,,,,,,TN
2666,a0b3e2669a2dc49c467521cb9b7966ca05e3dbc3,0.18662449164030703,autoland,3779647,13,a34e21034f2e3c317ebb3d485012938d48ad04ac,macosx1015-64-shippable-qr,True,False,,|f|i|s|s|i|o|n| |w|a|r|m| |w|e|b|r|e|n|d|e|r|,102210fe594ee9b33d82058545b1ed14f4c8206e,PerceptualSpeedIndex,google-docs,True,google-docs PerceptualSpeedIndex opt fission warm webrender,,77,ms,firefox,457409418.0,8464357,2024-05-08 04:41:52,1423269,,,,,,,,,,,,,,,,,,,,,,,,,,,,,,,,,,,,,,,,,,,,,,,,,TN
2667,bec816ef2f2c29ed86b08bb592d6283618418e16,0.20944419340262077,autoland,3779647,13,a34e21034f2e3c317ebb3d485012938d48ad04ac,macosx1015-64-shippable-qr,True,False,,|f|i|s|s|i|o|n| |w|a|r|m| |w|e|b|r|e|n|d|e|r|,102210fe594ee9b33d82058545b1ed14f4c8206e,PerceptualSpeedIndex,google-docs,True,google-docs PerceptualSpeedIndex opt fission warm webrender,,77,ms,firefox,457422067.0,8541570,2024-05-08 08:48:11,1423316,,,,,,,,,,,,,,,,,,,,,,,,,,,,,,,,,,,,,,,,,,,,,,,,,TN
2668,ed7b6f65910afcd687ef5aaa25605666805796bb,0.19159511974694987,autoland,3779647,13,a34e21034f2e3c317ebb3d485012938d48ad04ac,macosx1015-64-shippable-qr,True,False,,|f|i|s|s|i|o|n| |w|a|r|m| |w|e|b|r|e|n|d|e|r|,102210fe594ee9b33d82058545b1ed14f4c8206e,PerceptualSpeedIndex,google-docs,True,google-docs PerceptualSpeedIndex opt fission warm webrender,,77,ms,firefox,457458590.0,8685107,2024-05-08 13:09:13,1423417,,,,,,,,,,,,,,,,,,,,,,,,,,,,,,,,,,,,,,,,,,,,,,,,,TN
