,revision,value,repository_name,signature_id,framework_id,signature_hash,machine_platform,should_alert,has_subtests,extra_options,tags,option_collection_hash,test,suite,lower_is_better,name,parent_signature,repository_id,measurement_unit,application,job_id,entry_id,push_timestamp,push_id,single_alert_new_value,single_alert_classifier,alert_summary_prev_push_revision,alert_summary_id,single_alert_amount_pct,single_alert_prev_value,alert_summary_first_triaged,alert_summary_framework,single_alert_series_signature_framework_id,single_alert_series_signature_suite_public_name,alert_summary_related_alerts,single_alert_taskcluster_metadata_retry_id,alert_summary_prev_push_id,alert_summary_status,single_alert_status,alert_summary_assignee_username,single_alert_prev_taskcluster_metadata_task_id,alert_summary_bug_number,alert_summary_bug_due_date,single_alert_series_signature_test_public_name,alert_summary_issue_tracker,single_alert_amount_abs,single_alert_id,single_alert_taskcluster_metadata_task_id,single_alert_backfill_record_total_backfills_successful,single_alert_summary_id,single_alert_prev_taskcluster_metadata_retry_id,single_alert_is_regression,single_alert_manually_created,single_alert_classifier_email,single_alert_backfill_record_total_backfills_failed,single_alert_backfill_record_total_actions_triggered,alert_summary_assignee_email,alert_summary_creation_timestamp,single_alert_prev_profile_url,alert_summary_notes,single_alert_noise_profile,single_alert_related_summary_id,alert_summary_bug_updated,single_alert_profile_url,single_alert_backfill_record_context,single_alert_starred,single_alert_backfill_record_total_backfills_in_progress,single_alert_t_value,single_alert_series_signature_suite,single_alert_backfill_record_status,single_alert_series_signature_tags,alert_summary_triage_due_date,alert_summary_status_general
0,1db51625512e546534a6a7352ff4ff3b9c48d713,0.06641575526892679,autoland,4775609,12,d42f896683fcaa492a6c00f43ebeea3a7281573d,macosx1015-64-shippable-qr,True,False,,,102210fe594ee9b33d82058545b1ed14f4c8206e,custom.styleeditor.reload.DAMP,damp,True,damp custom.styleeditor.reload.DAMP opt e10s fission stylo webrender,4775519,77,ms,firefox,,1700014735,2023-05-24 10:49:25,1245770,,,,,,,,,,,,,,,,,,,,,,,,,,,,,,,,,,,,,,,,,,,,,,,,,TN
1,6a96bb1f430f92b83cc31f74db4e4c1f71e155e5,0.06787271147289703,autoland,4775609,12,d42f896683fcaa492a6c00f43ebeea3a7281573d,macosx1015-64-shippable-qr,True,False,,,102210fe594ee9b33d82058545b1ed14f4c8206e,custom.styleeditor.reload.DAMP,damp,True,damp custom.styleeditor.reload.DAMP opt e10s fission stylo webrender,4775519,77,ms,firefox,,1700098413,2023-05-24 13:34:40,1245871,,,,,,,,,,,,,,,,,,,,,,,,,,,,,,,,,,,,,,,,,,,,,,,,,TN
2,b9da43bde2c92655235855f4bb966f7a2537eafa,0.08575715928815014,autoland,4775609,12,d42f896683fcaa492a6c00f43ebeea3a7281573d,macosx1015-64-shippable-qr,True,False,,,102210fe594ee9b33d82058545b1ed14f4c8206e,custom.styleeditor.reload.DAMP,damp,True,damp custom.styleeditor.reload.DAMP opt e10s fission stylo webrender,4775519,77,ms,firefox,,1700210949,2023-05-24 17:26:23,1246058,,,,,,,,,,,,,,,,,,,,,,,,,,,,,,,,,,,,,,,,,,,,,,,,,TN
3,468123d0735b96f7486f1e1a4de373e3dd7520bd,0.07406514669266262,autoland,4775609,12,d42f896683fcaa492a6c00f43ebeea3a7281573d,macosx1015-64-shippable-qr,True,False,,,102210fe594ee9b33d82058545b1ed14f4c8206e,custom.styleeditor.reload.DAMP,damp,True,damp custom.styleeditor.reload.DAMP opt e10s fission stylo webrender,4775519,77,ms,firefox,,1700347919,2023-05-24 21:30:03,1246204,,,,,,,,,,,,,,,,,,,,,,,,,,,,,,,,,,,,,,,,,,,,,,,,,TN
4,c1577427eba79d954813d300bfe6d4f09e0249f0,0.07903082775511833,autoland,4775609,12,d42f896683fcaa492a6c00f43ebeea3a7281573d,macosx1015-64-shippable-qr,True,False,,,102210fe594ee9b33d82058545b1ed14f4c8206e,custom.styleeditor.reload.DAMP,damp,True,damp custom.styleeditor.reload.DAMP opt e10s fission stylo webrender,4775519,77,ms,firefox,,1700413217,2023-05-25 01:52:13,1246339,,,,,,,,,,,,,,,,,,,,,,,,,,,,,,,,,,,,,,,,,,,,,,,,,TN
5,ee3230b1fe26e5521d07465dcab71e75d586e422,0.07704728326551302,autoland,4775609,12,d42f896683fcaa492a6c00f43ebeea3a7281573d,macosx1015-64-shippable-qr,True,False,,,102210fe594ee9b33d82058545b1ed14f4c8206e,custom.styleeditor.reload.DAMP,damp,True,damp custom.styleeditor.reload.DAMP opt e10s fission stylo webrender,4775519,77,ms,firefox,,1700467580,2023-05-25 06:53:28,1246434,,,,,,,,,,,,,,,,,,,,,,,,,,,,,,,,,,,,,,,,,,,,,,,,,TN
6,0cd7e9f3c07773af459b1d5676b4f14a1a4c2844,0.06286985672353074,autoland,4775609,12,d42f896683fcaa492a6c00f43ebeea3a7281573d,macosx1015-64-shippable-qr,True,False,,,102210fe594ee9b33d82058545b1ed14f4c8206e,custom.styleeditor.reload.DAMP,damp,True,damp custom.styleeditor.reload.DAMP opt e10s fission stylo webrender,4775519,77,ms,firefox,,1700526501,2023-05-25 09:03:58,1246517,,,,,,,,,,,,,,,,,,,,,,,,,,,,,,,,,,,,,,,,,,,,,,,,,TN
7,09f3ed0c8776aaa707aab014022efa3a16e01a6e,0.07697703887499258,autoland,4775609,12,d42f896683fcaa492a6c00f43ebeea3a7281573d,macosx1015-64-shippable-qr,True,False,,,102210fe594ee9b33d82058545b1ed14f4c8206e,custom.styleeditor.reload.DAMP,damp,True,damp custom.styleeditor.reload.DAMP opt e10s fission stylo webrender,4775519,77,ms,firefox,,1700654034,2023-05-25 13:17:19,1246661,,,,,,,,,,,,,,,,,,,,,,,,,,,,,,,,,,,,,,,,,,,,,,,,,TN
8,6e07dad252683bcc1ed82d6a973adda9b490af1f,0.058219157519933784,autoland,4775609,12,d42f896683fcaa492a6c00f43ebeea3a7281573d,macosx1015-64-shippable-qr,True,False,,,102210fe594ee9b33d82058545b1ed14f4c8206e,custom.styleeditor.reload.DAMP,damp,True,damp custom.styleeditor.reload.DAMP opt e10s fission stylo webrender,4775519,77,ms,firefox,,1700665010,2023-05-25 13:25:13,1246670,,,,,,,,,,,,,,,,,,,,,,,,,,,,,,,,,,,,,,,,,,,,,,,,,TN
9,4971297a8917c4ce5f9136ebb0c82cde74eb50c4,0.10040730545566373,autoland,4775609,12,d42f896683fcaa492a6c00f43ebeea3a7281573d,macosx1015-64-shippable-qr,True,False,,,102210fe594ee9b33d82058545b1ed14f4c8206e,custom.styleeditor.reload.DAMP,damp,True,damp custom.styleeditor.reload.DAMP opt e10s fission stylo webrender,4775519,77,ms,firefox,,1700836702,2023-05-25 17:00:24,1246837,,,,,,,,,,,,,,,,,,,,,,,,,,,,,,,,,,,,,,,,,,,,,,,,,TN
10,6d91b4ed2bb8fbe97d7f5fcf7cad0e6f2bb6ad2f,0.07002996080681684,autoland,4775609,12,d42f896683fcaa492a6c00f43ebeea3a7281573d,macosx1015-64-shippable-qr,True,False,,,102210fe594ee9b33d82058545b1ed14f4c8206e,custom.styleeditor.reload.DAMP,damp,True,damp custom.styleeditor.reload.DAMP opt e10s fission stylo webrender,4775519,77,ms,firefox,,1700922915,2023-05-25 20:49:35,1247021,,,,,,,,,,,,,,,,,,,,,,,,,,,,,,,,,,,,,,,,,,,,,,,,,TN
11,d49f009b89ad3ae1616d96cb1d2d9234ef3f6cda,0.08917822401821063,autoland,4775609,12,d42f896683fcaa492a6c00f43ebeea3a7281573d,macosx1015-64-shippable-qr,True,False,,,102210fe594ee9b33d82058545b1ed14f4c8206e,custom.styleeditor.reload.DAMP,damp,True,damp custom.styleeditor.reload.DAMP opt e10s fission stylo webrender,4775519,77,ms,firefox,,1701035325,2023-05-26 00:58:32,1247180,,,,,,,,,,,,,,,,,,,,,,,,,,,,,,,,,,,,,,,,,,,,,,,,,TN
12,ffc18acbe9c027a3d6c960322b40a9d0576af311,0.125133513023726,autoland,4775609,12,d42f896683fcaa492a6c00f43ebeea3a7281573d,macosx1015-64-shippable-qr,True,False,,,102210fe594ee9b33d82058545b1ed14f4c8206e,custom.styleeditor.reload.DAMP,damp,True,damp custom.styleeditor.reload.DAMP opt e10s fission stylo webrender,4775519,77,ms,firefox,,1701142760,2023-05-26 04:58:44,1247241,,,,,,,,,,,,,,,,,,,,,,,,,,,,,,,,,,,,,,,,,,,,,,,,,TN
13,35f77e2aafb53fdda81c118a9ea61aefdacd61b4,0.06741519702074211,autoland,4775609,12,d42f896683fcaa492a6c00f43ebeea3a7281573d,macosx1015-64-shippable-qr,True,False,,,102210fe594ee9b33d82058545b1ed14f4c8206e,custom.styleeditor.reload.DAMP,damp,True,damp custom.styleeditor.reload.DAMP opt e10s fission stylo webrender,4775519,77,ms,firefox,,1701218647,2023-05-26 08:30:04,1247293,,,,,,,,,,,,,,,,,,,,,,,,,,,,,,,,,,,,,,,,,,,,,,,,,TN
14,3999253a6a3dc448416b9a73377e8599ca6bd022,0.07873250795781883,autoland,4775609,12,d42f896683fcaa492a6c00f43ebeea3a7281573d,macosx1015-64-shippable-qr,True,False,,,102210fe594ee9b33d82058545b1ed14f4c8206e,custom.styleeditor.reload.DAMP,damp,True,damp custom.styleeditor.reload.DAMP opt e10s fission stylo webrender,4775519,77,ms,firefox,,1701382532,2023-05-26 12:58:50,1247437,,,,,,,,,,,,,,,,,,,,,,,,,,,,,,,,,,,,,,,,,,,,,,,,,TN
15,bb19012006135abc7ddd72be3cd269be7ef114b5,0.0894038628672772,autoland,4775609,12,d42f896683fcaa492a6c00f43ebeea3a7281573d,macosx1015-64-shippable-qr,True,False,,,102210fe594ee9b33d82058545b1ed14f4c8206e,custom.styleeditor.reload.DAMP,damp,True,damp custom.styleeditor.reload.DAMP opt e10s fission stylo webrender,4775519,77,ms,firefox,,1701351879,2023-05-26 13:11:40,1247444,,,,,,,,,,,,,,,,,,,,,,,,,,,,,,,,,,,,,,,,,,,,,,,,,TN
16,8ca2ea7fe36515caaf70ddf90bfd2ee269f059cf,0.12499264027369761,autoland,4775609,12,d42f896683fcaa492a6c00f43ebeea3a7281573d,macosx1015-64-shippable-qr,True,False,,,102210fe594ee9b33d82058545b1ed14f4c8206e,custom.styleeditor.reload.DAMP,damp,True,damp custom.styleeditor.reload.DAMP opt e10s fission stylo webrender,4775519,77,ms,firefox,,1701575015,2023-05-26 17:23:29,1247619,,,,,,,,,,,,,,,,,,,,,,,,,,,,,,,,,,,,,,,,,,,,,,,,,TN
17,fc6056442a0fa16146259cb730d4e34a16656952,0.15439781813616266,autoland,4775609,12,d42f896683fcaa492a6c00f43ebeea3a7281573d,macosx1015-64-shippable-qr,True,False,,,102210fe594ee9b33d82058545b1ed14f4c8206e,custom.styleeditor.reload.DAMP,damp,True,damp custom.styleeditor.reload.DAMP opt e10s fission stylo webrender,4775519,77,ms,firefox,,1701619497,2023-05-26 19:44:57,1247712,,,,,,,,,,,,,,,,,,,,,,,,,,,,,,,,,,,,,,,,,,,,,,,,,TN
18,b45b68be3f9bae0da4d649a44e60c6cd175f2212,0.08616887007528612,autoland,4775609,12,d42f896683fcaa492a6c00f43ebeea3a7281573d,macosx1015-64-shippable-qr,True,False,,,102210fe594ee9b33d82058545b1ed14f4c8206e,custom.styleeditor.reload.DAMP,damp,True,damp custom.styleeditor.reload.DAMP opt e10s fission stylo webrender,4775519,77,ms,firefox,,1701730525,2023-05-27 00:56:39,1247879,,,,,,,,,,,,,,,,,,,,,,,,,,,,,,,,,,,,,,,,,,,,,,,,,TN
19,6a941c8c6ff3290e530942915ee97161b670f15d,0.06580720001841817,autoland,4775609,12,d42f896683fcaa492a6c00f43ebeea3a7281573d,macosx1015-64-shippable-qr,True,False,,,102210fe594ee9b33d82058545b1ed14f4c8206e,custom.styleeditor.reload.DAMP,damp,True,damp custom.styleeditor.reload.DAMP opt e10s fission stylo webrender,4775519,77,ms,firefox,,1701876940,2023-05-27 11:39:36,1247945,,,,,,,,,,,,,,,,,,,,,,,,,,,,,,,,,,,,,,,,,,,,,,,,,TN
20,531a15ae09d49e29c270830e9b873aa625a5a8c2,0.08332519821815054,autoland,4775609,12,d42f896683fcaa492a6c00f43ebeea3a7281573d,macosx1015-64-shippable-qr,True,False,,,102210fe594ee9b33d82058545b1ed14f4c8206e,custom.styleeditor.reload.DAMP,damp,True,damp custom.styleeditor.reload.DAMP opt e10s fission stylo webrender,4775519,77,ms,firefox,,1701918121,2023-05-27 15:52:21,1247961,,,,,,,,,,,,,,,,,,,,,,,,,,,,,,,,,,,,,,,,,,,,,,,,,TN
21,47f0f49b40361f9c5bde3a5691dc5d65ec1e0061,0.08454136525240036,autoland,4775609,12,d42f896683fcaa492a6c00f43ebeea3a7281573d,macosx1015-64-shippable-qr,True,False,,,102210fe594ee9b33d82058545b1ed14f4c8206e,custom.styleeditor.reload.DAMP,damp,True,damp custom.styleeditor.reload.DAMP opt e10s fission stylo webrender,4775519,77,ms,firefox,,1702041179,2023-05-28 20:46:15,1248031,,,,,,,,,,,,,,,,,,,,,,,,,,,,,,,,,,,,,,,,,,,,,,,,,TN
22,1f8f2142966233c5d8d437f93d361aa0cc2b36c6,0.0847651094885869,autoland,4775609,12,d42f896683fcaa492a6c00f43ebeea3a7281573d,macosx1015-64-shippable-qr,True,False,,,102210fe594ee9b33d82058545b1ed14f4c8206e,custom.styleeditor.reload.DAMP,damp,True,damp custom.styleeditor.reload.DAMP opt e10s fission stylo webrender,4775519,77,ms,firefox,,1702073993,2023-05-29 02:12:22,1248080,,,,,,,,,,,,,,,,,,,,,,,,,,,,,,,,,,,,,,,,,,,,,,,,,TN
23,1565861edeebf64845658a3f48cb89fa4515bb68,0.09877903763145951,autoland,4775609,12,d42f896683fcaa492a6c00f43ebeea3a7281573d,macosx1015-64-shippable-qr,True,False,,,102210fe594ee9b33d82058545b1ed14f4c8206e,custom.styleeditor.reload.DAMP,damp,True,damp custom.styleeditor.reload.DAMP opt e10s fission stylo webrender,4775519,77,ms,firefox,,1702137585,2023-05-29 06:50:24,1248115,,,,,,,,,,,,,,,,,,,,,,,,,,,,,,,,,,,,,,,,,,,,,,,,,TN
24,31915ad324761c4fe80dac65ca36f070ab2102a2,0.13020470164343317,autoland,4775609,12,d42f896683fcaa492a6c00f43ebeea3a7281573d,macosx1015-64-shippable-qr,True,False,,,102210fe594ee9b33d82058545b1ed14f4c8206e,custom.styleeditor.reload.DAMP,damp,True,damp custom.styleeditor.reload.DAMP opt e10s fission stylo webrender,4775519,77,ms,firefox,,1702155219,2023-05-29 07:27:55,1248125,,,,,,,,,,,,,,,,,,,,,,,,,,,,,,,,,,,,,,,,,,,,,,,,,TN
25,e1a08bab18008646938a96dfab802d2471fcadc1,0.10276750710307131,autoland,4775609,12,d42f896683fcaa492a6c00f43ebeea3a7281573d,macosx1015-64-shippable-qr,True,False,,,102210fe594ee9b33d82058545b1ed14f4c8206e,custom.styleeditor.reload.DAMP,damp,True,damp custom.styleeditor.reload.DAMP opt e10s fission stylo webrender,4775519,77,ms,firefox,,1702323965,2023-05-29 15:52:56,1248305,,,,,,,,,,,,,,,,,,,,,,,,,,,,,,,,,,,,,,,,,,,,,,,,,TN
26,496eefc6bee2519ce93df561b640b582e869b964,0.08221608010254322,autoland,4775609,12,d42f896683fcaa492a6c00f43ebeea3a7281573d,macosx1015-64-shippable-qr,True,False,,,102210fe594ee9b33d82058545b1ed14f4c8206e,custom.styleeditor.reload.DAMP,damp,True,damp custom.styleeditor.reload.DAMP opt e10s fission stylo webrender,4775519,77,ms,firefox,,1702402197,2023-05-29 20:27:32,1248440,,,,,,,,,,,,,,,,,,,,,,,,,,,,,,,,,,,,,,,,,,,,,,,,,TN
27,f7d3e204b0fb015cf0fb51a08403e22986a2ae52,0.09262837001371083,autoland,4775609,12,d42f896683fcaa492a6c00f43ebeea3a7281573d,macosx1015-64-shippable-qr,True,False,,,102210fe594ee9b33d82058545b1ed14f4c8206e,custom.styleeditor.reload.DAMP,damp,True,damp custom.styleeditor.reload.DAMP opt e10s fission stylo webrender,4775519,77,ms,firefox,,1702412184,2023-05-29 20:34:18,1248445,,,,,,,,,,,,,,,,,,,,,,,,,,,,,,,,,,,,,,,,,,,,,,,,,TN
28,82442b2d56d94c600cca707dd62ab7a19d68bbd2,0.1034230903312352,autoland,4775609,12,d42f896683fcaa492a6c00f43ebeea3a7281573d,macosx1015-64-shippable-qr,True,False,,,102210fe594ee9b33d82058545b1ed14f4c8206e,custom.styleeditor.reload.DAMP,damp,True,damp custom.styleeditor.reload.DAMP opt e10s fission stylo webrender,4775519,77,ms,firefox,,1702480430,2023-05-30 01:15:28,1248536,,,,,,,,,,,,,,,,,,,,,,,,,,,,,,,,,,,,,,,,,,,,,,,,,TN
29,23a3b1b5a2b78d86456189221e567423206bc00a,0.09968353261982188,autoland,4775609,12,d42f896683fcaa492a6c00f43ebeea3a7281573d,macosx1015-64-shippable-qr,True,False,,,102210fe594ee9b33d82058545b1ed14f4c8206e,custom.styleeditor.reload.DAMP,damp,True,damp custom.styleeditor.reload.DAMP opt e10s fission stylo webrender,4775519,77,ms,firefox,,1702586249,2023-05-30 06:58:06,1248601,,,,,,,,,,,,,,,,,,,,,,,,,,,,,,,,,,,,,,,,,,,,,,,,,TN
30,64b2487b96b949b3c6a787dfd17210f9998fb42e,0.03350045928893175,autoland,4775609,12,d42f896683fcaa492a6c00f43ebeea3a7281573d,macosx1015-64-shippable-qr,True,False,,,102210fe594ee9b33d82058545b1ed14f4c8206e,custom.styleeditor.reload.DAMP,damp,True,damp custom.styleeditor.reload.DAMP opt e10s fission stylo webrender,4775519,77,ms,firefox,,1702607337,2023-05-30 07:49:46,1248618,,,,,,,,,,,,,,,,,,,,,,,,,,,,,,,,,,,,,,,,,,,,,,,,,TN
31,121d4440186ece5c7acf444a8879a3818d54fef5,0.02934596929025096,autoland,4775609,12,d42f896683fcaa492a6c00f43ebeea3a7281573d,macosx1015-64-shippable-qr,True,False,,,102210fe594ee9b33d82058545b1ed14f4c8206e,custom.styleeditor.reload.DAMP,damp,True,damp custom.styleeditor.reload.DAMP opt e10s fission stylo webrender,4775519,77,ms,firefox,,1702752632,2023-05-30 12:05:20,1248752,,,,,,,,,,,,,,,,,,,,,,,,,,,,,,,,,,,,,,,,,,,,,,,,,TN
32,8ddf44b47ed68e786f1ca69913136fe2ddd7f1d2,0.1034540777286036,autoland,4775609,12,d42f896683fcaa492a6c00f43ebeea3a7281573d,macosx1015-64-shippable-qr,True,False,,,102210fe594ee9b33d82058545b1ed14f4c8206e,custom.styleeditor.reload.DAMP,damp,True,damp custom.styleeditor.reload.DAMP opt e10s fission stylo webrender,4775519,77,ms,firefox,,1702814857,2023-05-30 15:20:14,1248888,,,,,,,,,,,,,,,,,,,,,,,,,,,,,,,,,,,,,,,,,,,,,,,,,TN
33,361a866d206fd695b15823113863d449afb7c87d,0.0759054701873888,autoland,4775609,12,d42f896683fcaa492a6c00f43ebeea3a7281573d,macosx1015-64-shippable-qr,True,False,,,102210fe594ee9b33d82058545b1ed14f4c8206e,custom.styleeditor.reload.DAMP,damp,True,damp custom.styleeditor.reload.DAMP opt e10s fission stylo webrender,4775519,77,ms,firefox,,1702938647,2023-05-30 19:20:55,1249050,,,,,,,,,,,,,,,,,,,,,,,,,,,,,,,,,,,,,,,,,,,,,,,,,TN
34,f9dad80c02c9517d8cb38311989dab88f1236015,0.07652259452944643,autoland,4775609,12,d42f896683fcaa492a6c00f43ebeea3a7281573d,macosx1015-64-shippable-qr,True,False,,,102210fe594ee9b33d82058545b1ed14f4c8206e,custom.styleeditor.reload.DAMP,damp,True,damp custom.styleeditor.reload.DAMP opt e10s fission stylo webrender,4775519,77,ms,firefox,,1702928915,2023-05-30 19:21:44,1249051,,,,,,,,,,,,,,,,,,,,,,,,,,,,,,,,,,,,,,,,,,,,,,,,,TN
35,0ea1f0bff41ab8b0e92e4f35f3d6eaf801ad3fc0,0.06965072392570587,autoland,4775609,12,d42f896683fcaa492a6c00f43ebeea3a7281573d,macosx1015-64-shippable-qr,True,False,,,102210fe594ee9b33d82058545b1ed14f4c8206e,custom.styleeditor.reload.DAMP,damp,True,damp custom.styleeditor.reload.DAMP opt e10s fission stylo webrender,4775519,77,ms,firefox,,1703087431,2023-05-30 22:16:30,1249172,,,,,,,,,,,,,,,,,,,,,,,,,,,,,,,,,,,,,,,,,,,,,,,,,TN
36,40997d8c121ee054ffe5df2c1a10d3a392f78c3c,0.08593492652474238,autoland,4775609,12,d42f896683fcaa492a6c00f43ebeea3a7281573d,macosx1015-64-shippable-qr,True,False,,,102210fe594ee9b33d82058545b1ed14f4c8206e,custom.styleeditor.reload.DAMP,damp,True,damp custom.styleeditor.reload.DAMP opt e10s fission stylo webrender,4775519,77,ms,firefox,,1703150914,2023-05-31 02:21:54,1249255,,,,,,,,,,,,,,,,,,,,,,,,,,,,,,,,,,,,,,,,,,,,,,,,,TN
37,acd631722a01cb363c4967477af9f240d35cd218,0.10485897321804455,autoland,4775609,12,d42f896683fcaa492a6c00f43ebeea3a7281573d,macosx1015-64-shippable-qr,True,False,,,102210fe594ee9b33d82058545b1ed14f4c8206e,custom.styleeditor.reload.DAMP,damp,True,damp custom.styleeditor.reload.DAMP opt e10s fission stylo webrender,4775519,77,ms,firefox,,1704012689,2023-05-31 20:28:19,1249881,,,,,,,,,,,,,,,,,,,,,,,,,,,,,,,,,,,,,,,,,,,,,,,,,TN
38,5d6127a9b7ed37774d6403efd4ee1ec813503592,0.09621477125745637,autoland,4775609,12,d42f896683fcaa492a6c00f43ebeea3a7281573d,macosx1015-64-shippable-qr,True,False,,,102210fe594ee9b33d82058545b1ed14f4c8206e,custom.styleeditor.reload.DAMP,damp,True,damp custom.styleeditor.reload.DAMP opt e10s fission stylo webrender,4775519,77,ms,firefox,,1704220825,2023-06-01 03:44:27,1250134,,,,,,,,,,,,,,,,,,,,,,,,,,,,,,,,,,,,,,,,,,,,,,,,,TN
39,310a02cb1216c0fafadcbc049aac0875871eab96,0.08011519358179492,autoland,4775609,12,d42f896683fcaa492a6c00f43ebeea3a7281573d,macosx1015-64-shippable-qr,True,False,,,102210fe594ee9b33d82058545b1ed14f4c8206e,custom.styleeditor.reload.DAMP,damp,True,damp custom.styleeditor.reload.DAMP opt e10s fission stylo webrender,4775519,77,ms,firefox,,1704376338,2023-06-01 08:18:01,1250206,,,,,,,,,,,,,,,,,,,,,,,,,,,,,,,,,,,,,,,,,,,,,,,,,TN
40,3ee1184f75ef01c3b8b3acb826d84a189cac75ce,0.05881408187002912,autoland,4775609,12,d42f896683fcaa492a6c00f43ebeea3a7281573d,macosx1015-64-shippable-qr,True,False,,,102210fe594ee9b33d82058545b1ed14f4c8206e,custom.styleeditor.reload.DAMP,damp,True,damp custom.styleeditor.reload.DAMP opt e10s fission stylo webrender,4775519,77,ms,firefox,,1704422808,2023-06-01 09:51:53,1250243,,,,,,,,,,,,,,,,,,,,,,,,,,,,,,,,,,,,,,,,,,,,,,,,,TN
41,01e7e891e3d0793f8a185fe99b6f8cc9c6ffa74e,0.09615682758893562,autoland,4775609,12,d42f896683fcaa492a6c00f43ebeea3a7281573d,macosx1015-64-shippable-qr,True,False,,,102210fe594ee9b33d82058545b1ed14f4c8206e,custom.styleeditor.reload.DAMP,damp,True,damp custom.styleeditor.reload.DAMP opt e10s fission stylo webrender,4775519,77,ms,firefox,,1704614245,2023-06-01 13:54:39,1250379,,,,,,,,,,,,,,,,,,,,,,,,,,,,,,,,,,,,,,,,,,,,,,,,,TN
42,ae0f513f1d25aef3f79ad009b5f2dd7407536827,0.14569857586142754,autoland,4775609,12,d42f896683fcaa492a6c00f43ebeea3a7281573d,macosx1015-64-shippable-qr,True,False,,,102210fe594ee9b33d82058545b1ed14f4c8206e,custom.styleeditor.reload.DAMP,damp,True,damp custom.styleeditor.reload.DAMP opt e10s fission stylo webrender,4775519,77,ms,firefox,,1704774410,2023-06-01 19:53:44,1250634,,,,,,,,,,,,,,,,,,,,,,,,,,,,,,,,,,,,,,,,,,,,,,,,,TN
43,9718fca142ae7765c8ca6c3616fab6e303225556,0.12911253137205814,autoland,4775609,12,d42f896683fcaa492a6c00f43ebeea3a7281573d,macosx1015-64-shippable-qr,True,False,,,102210fe594ee9b33d82058545b1ed14f4c8206e,custom.styleeditor.reload.DAMP,damp,True,damp custom.styleeditor.reload.DAMP opt e10s fission stylo webrender,4775519,77,ms,firefox,,1704839771,2023-06-01 21:35:55,1250675,,,,,,,,,,,,,,,,,,,,,,,,,,,,,,,,,,,,,,,,,,,,,,,,,TN
44,c365694efc9c7ac4c2c010f9dc97afb7c80107ee,0.07385956638545804,autoland,4775609,12,d42f896683fcaa492a6c00f43ebeea3a7281573d,macosx1015-64-shippable-qr,True,False,,,102210fe594ee9b33d82058545b1ed14f4c8206e,custom.styleeditor.reload.DAMP,damp,True,damp custom.styleeditor.reload.DAMP opt e10s fission stylo webrender,4775519,77,ms,firefox,,1704932891,2023-06-02 02:04:00,1250783,,,,,,,,,,,,,,,,,,,,,,,,,,,,,,,,,,,,,,,,,,,,,,,,,TN
45,5d642eb9394b5f5e9e9f0a4b6be492055e341e31,0.08049755651929591,autoland,4775609,12,d42f896683fcaa492a6c00f43ebeea3a7281573d,macosx1015-64-shippable-qr,True,False,,,102210fe594ee9b33d82058545b1ed14f4c8206e,custom.styleeditor.reload.DAMP,damp,True,damp custom.styleeditor.reload.DAMP opt e10s fission stylo webrender,4775519,77,ms,firefox,,1705304335,2023-06-02 12:19:13,1250979,,,,,,,,,,,,,,,,,,,,,,,,,,,,,,,,,,,,,,,,,,,,,,,,,TN
46,e2c71d0ed1e8bb2b9752f78b13c31171d5dde3a9,0.08406524037012642,autoland,4775609,12,d42f896683fcaa492a6c00f43ebeea3a7281573d,macosx1015-64-shippable-qr,True,False,,,102210fe594ee9b33d82058545b1ed14f4c8206e,custom.styleeditor.reload.DAMP,damp,True,damp custom.styleeditor.reload.DAMP opt e10s fission stylo webrender,4775519,77,ms,firefox,,1705304675,2023-06-02 13:27:34,1251019,,,,,,,,,,,,,,,,,,,,,,,,,,,,,,,,,,,,,,,,,,,,,,,,,TN
47,ad7e9e56836f2bd7e0668d322719f548e825a685,0.07554005290004462,autoland,4775609,12,d42f896683fcaa492a6c00f43ebeea3a7281573d,macosx1015-64-shippable-qr,True,False,,,102210fe594ee9b33d82058545b1ed14f4c8206e,custom.styleeditor.reload.DAMP,damp,True,damp custom.styleeditor.reload.DAMP opt e10s fission stylo webrender,4775519,77,ms,firefox,,1705345574,2023-06-02 17:59:13,1251185,,,,,,,,,,,,,,,,,,,,,,,,,,,,,,,,,,,,,,,,,,,,,,,,,TN
48,8c3b1c60fde747fcb4e3421062a37b829d6acb9f,0.05578380600345234,autoland,4775609,12,d42f896683fcaa492a6c00f43ebeea3a7281573d,macosx1015-64-shippable-qr,True,False,,,102210fe594ee9b33d82058545b1ed14f4c8206e,custom.styleeditor.reload.DAMP,damp,True,damp custom.styleeditor.reload.DAMP opt e10s fission stylo webrender,4775519,77,ms,firefox,,1705340310,2023-06-02 18:03:52,1251187,,,,,,,,,,,,,,,,,,,,,,,,,,,,,,,,,,,,,,,,,,,,,,,,,TN
49,b9f63a24bc677e4c6a1f9bc801c2e3bf44dbd6e8,0.08676076216714279,autoland,4775609,12,d42f896683fcaa492a6c00f43ebeea3a7281573d,macosx1015-64-shippable-qr,True,False,,,102210fe594ee9b33d82058545b1ed14f4c8206e,custom.styleeditor.reload.DAMP,damp,True,damp custom.styleeditor.reload.DAMP opt e10s fission stylo webrender,4775519,77,ms,firefox,,1705396274,2023-06-02 22:18:32,1251308,,,,,,,,,,,,,,,,,,,,,,,,,,,,,,,,,,,,,,,,,,,,,,,,,TN
50,64bce9d136ae9b4bd5482515721d6daf2da53dc3,0.07076363894645826,autoland,4775609,12,d42f896683fcaa492a6c00f43ebeea3a7281573d,macosx1015-64-shippable-qr,True,False,,,102210fe594ee9b33d82058545b1ed14f4c8206e,custom.styleeditor.reload.DAMP,damp,True,damp custom.styleeditor.reload.DAMP opt e10s fission stylo webrender,4775519,77,ms,firefox,,1705443803,2023-06-03 05:40:17,1251358,,,,,,,,,,,,,,,,,,,,,,,,,,,,,,,,,,,,,,,,,,,,,,,,,TN
51,7bc8c25b2935765c57adc63333c221bbe5067831,0.07310154625520887,autoland,4775609,12,d42f896683fcaa492a6c00f43ebeea3a7281573d,macosx1015-64-shippable-qr,True,False,,,102210fe594ee9b33d82058545b1ed14f4c8206e,custom.styleeditor.reload.DAMP,damp,True,damp custom.styleeditor.reload.DAMP opt e10s fission stylo webrender,4775519,77,ms,firefox,,1705525827,2023-06-03 14:24:38,1251409,,,,,,,,,,,,,,,,,,,,,,,,,,,,,,,,,,,,,,,,,,,,,,,,,TN
52,b8f06acca6bf62e32647496ed613012fa4c27e9e,0.09842323657405377,autoland,4775609,12,d42f896683fcaa492a6c00f43ebeea3a7281573d,macosx1015-64-shippable-qr,True,False,,,102210fe594ee9b33d82058545b1ed14f4c8206e,custom.styleeditor.reload.DAMP,damp,True,damp custom.styleeditor.reload.DAMP opt e10s fission stylo webrender,4775519,77,ms,firefox,,1705595448,2023-06-03 23:39:13,1251453,,,,,,,,,,,,,,,,,,,,,,,,,,,,,,,,,,,,,,,,,,,,,,,,,TN
53,00802389f336283602445d4f08e53b8bd09b43eb,0.08584806176071846,autoland,4775609,12,d42f896683fcaa492a6c00f43ebeea3a7281573d,macosx1015-64-shippable-qr,True,False,,,102210fe594ee9b33d82058545b1ed14f4c8206e,custom.styleeditor.reload.DAMP,damp,True,damp custom.styleeditor.reload.DAMP opt e10s fission stylo webrender,4775519,77,ms,firefox,,1705674331,2023-06-04 11:53:44,1251481,,,,,,,,,,,,,,,,,,,,,,,,,,,,,,,,,,,,,,,,,,,,,,,,,TN
54,eeba3a3c20a4dc53210a44734b25d2c0870b6523,0.07373933745580608,autoland,4775609,12,d42f896683fcaa492a6c00f43ebeea3a7281573d,macosx1015-64-shippable-qr,True,False,,,102210fe594ee9b33d82058545b1ed14f4c8206e,custom.styleeditor.reload.DAMP,damp,True,damp custom.styleeditor.reload.DAMP opt e10s fission stylo webrender,4775519,77,ms,firefox,,1705711461,2023-06-04 20:28:08,1251514,,,,,,,,,,,,,,,,,,,,,,,,,,,,,,,,,,,,,,,,,,,,,,,,,TN
55,f8fa7749f7bdc93fa3491918a4e8b0fb4db659eb,0.06735347345143039,autoland,4775609,12,d42f896683fcaa492a6c00f43ebeea3a7281573d,macosx1015-64-shippable-qr,True,False,,,102210fe594ee9b33d82058545b1ed14f4c8206e,custom.styleeditor.reload.DAMP,damp,True,damp custom.styleeditor.reload.DAMP opt e10s fission stylo webrender,4775519,77,ms,firefox,,1705764869,2023-06-05 03:24:10,1251552,,,,,,,,,,,,,,,,,,,,,,,,,,,,,,,,,,,,,,,,,,,,,,,,,TN
56,61d4558543daf8b284b3194aba84289d6e31ad2f,0.0678067774089452,autoland,4775609,12,d42f896683fcaa492a6c00f43ebeea3a7281573d,macosx1015-64-shippable-qr,True,False,,,102210fe594ee9b33d82058545b1ed14f4c8206e,custom.styleeditor.reload.DAMP,damp,True,damp custom.styleeditor.reload.DAMP opt e10s fission stylo webrender,4775519,77,ms,firefox,,1705795758,2023-06-05 08:05:57,1251588,,,,,,,,,,,,,,,,,,,,,,,,,,,,,,,,,,,,,,,,,,,,,,,,,TN
57,00af548d93acc8c2c3ab652a04c882e3a80476a9,0.015347499191795788,autoland,4775609,12,d42f896683fcaa492a6c00f43ebeea3a7281573d,macosx1015-64-shippable-qr,True,False,,,102210fe594ee9b33d82058545b1ed14f4c8206e,custom.styleeditor.reload.DAMP,damp,True,damp custom.styleeditor.reload.DAMP opt e10s fission stylo webrender,4775519,77,ms,firefox,,1705909167,2023-06-05 12:01:26,1251712,,,,,,,,,,,,,,,,,,,,,,,,,,,,,,,,,,,,,,,,,,,,,,,,,TN
58,c8df8c0bde6047b8fe23c9716940cbc1c07c2a65,0.08736935362041753,autoland,4775609,12,d42f896683fcaa492a6c00f43ebeea3a7281573d,macosx1015-64-shippable-qr,True,False,,,102210fe594ee9b33d82058545b1ed14f4c8206e,custom.styleeditor.reload.DAMP,damp,True,damp custom.styleeditor.reload.DAMP opt e10s fission stylo webrender,4775519,77,ms,firefox,,1706092696,2023-06-05 16:13:31,1251888,,,,,,,,,,,,,,,,,,,,,,,,,,,,,,,,,,,,,,,,,,,,,,,,,TN
59,03d635b2bdb2041550924e64dc0dd20abf4499f9,0.08085869255205175,autoland,4775609,12,d42f896683fcaa492a6c00f43ebeea3a7281573d,macosx1015-64-shippable-qr,True,False,,,102210fe594ee9b33d82058545b1ed14f4c8206e,custom.styleeditor.reload.DAMP,damp,True,damp custom.styleeditor.reload.DAMP opt e10s fission stylo webrender,4775519,77,ms,firefox,,1706101461,2023-06-05 16:43:43,1251915,,,,,,,,,,,,,,,,,,,,,,,,,,,,,,,,,,,,,,,,,,,,,,,,,TN
60,d73c2643092115d9b5859c16e121e421656264bc,0.09173287745341763,autoland,4775609,12,d42f896683fcaa492a6c00f43ebeea3a7281573d,macosx1015-64-shippable-qr,True,False,,,102210fe594ee9b33d82058545b1ed14f4c8206e,custom.styleeditor.reload.DAMP,damp,True,damp custom.styleeditor.reload.DAMP opt e10s fission stylo webrender,4775519,77,ms,firefox,,1706248542,2023-06-05 20:14:05,1252060,,,,,,,,,,,,,,,,,,,,,,,,,,,,,,,,,,,,,,,,,,,,,,,,,TN
61,3a79e9a1c11da81af50cfb6e535537b5e8e7ce9f,0.16869864409490154,autoland,4775609,12,d42f896683fcaa492a6c00f43ebeea3a7281573d,macosx1015-64-shippable-qr,True,False,,,102210fe594ee9b33d82058545b1ed14f4c8206e,custom.styleeditor.reload.DAMP,damp,True,damp custom.styleeditor.reload.DAMP opt e10s fission stylo webrender,4775519,77,ms,firefox,,1706275284,2023-06-05 22:25:10,1252165,,,,,,,,,,,,,,,,,,,,,,,,,,,,,,,,,,,,,,,,,,,,,,,,,TN
62,7974ac7e053aa00b02c6b9405b4fe87e6729456d,0.10449749161318284,autoland,4775609,12,d42f896683fcaa492a6c00f43ebeea3a7281573d,macosx1015-64-shippable-qr,True,False,,,102210fe594ee9b33d82058545b1ed14f4c8206e,custom.styleeditor.reload.DAMP,damp,True,damp custom.styleeditor.reload.DAMP opt e10s fission stylo webrender,4775519,77,ms,firefox,,1706451741,2023-06-06 07:45:19,1252336,,,,,,,,,,,,,,,,,,,,,,,,,,,,,,,,,,,,,,,,,,,,,,,,,TN
63,847d7aa42cbef71e48427dda557da27be7b8a938,0.06942843548065347,autoland,4775609,12,d42f896683fcaa492a6c00f43ebeea3a7281573d,macosx1015-64-shippable-qr,True,False,,,102210fe594ee9b33d82058545b1ed14f4c8206e,custom.styleeditor.reload.DAMP,damp,True,damp custom.styleeditor.reload.DAMP opt e10s fission stylo webrender,4775519,77,ms,firefox,,1706618393,2023-06-06 12:19:14,1252475,,,,,,,,,,,,,,,,,,,,,,,,,,,,,,,,,,,,,,,,,,,,,,,,,TN
64,51ecbed77cf45640a921f61934b70efadfb58982,0.15190275888776317,autoland,4775609,12,d42f896683fcaa492a6c00f43ebeea3a7281573d,macosx1015-64-shippable-qr,True,False,,,102210fe594ee9b33d82058545b1ed14f4c8206e,custom.styleeditor.reload.DAMP,damp,True,damp custom.styleeditor.reload.DAMP opt e10s fission stylo webrender,4775519,77,ms,firefox,,1706707234,2023-06-06 15:07:26,1252589,,,,,,,,,,,,,,,,,,,,,,,,,,,,,,,,,,,,,,,,,,,,,,,,,TN
65,3e7d709ab2a3a86ff58f4406faa05e738ca49ec9,0.09424748291930246,autoland,4775609,12,d42f896683fcaa492a6c00f43ebeea3a7281573d,macosx1015-64-shippable-qr,True,False,,,102210fe594ee9b33d82058545b1ed14f4c8206e,custom.styleeditor.reload.DAMP,damp,True,damp custom.styleeditor.reload.DAMP opt e10s fission stylo webrender,4775519,77,ms,firefox,,1706873749,2023-06-06 19:22:50,1252721,,,,,,,,,,,,,,,,,,,,,,,,,,,,,,,,,,,,,,,,,,,,,,,,,TN
66,9a56830b39f8d6802cef3772f81535d5f7bd475c,0.06678676424233976,autoland,4775609,12,d42f896683fcaa492a6c00f43ebeea3a7281573d,macosx1015-64-shippable-qr,True,False,,,102210fe594ee9b33d82058545b1ed14f4c8206e,custom.styleeditor.reload.DAMP,damp,True,damp custom.styleeditor.reload.DAMP opt e10s fission stylo webrender,4775519,77,ms,firefox,,1706901079,2023-06-06 19:49:29,1252741,,,,,,,,,,,,,,,,,,,,,,,,,,,,,,,,,,,,,,,,,,,,,,,,,TN
67,3a8e0dd854b5d9349d96a17de81427442d412db9,0.03477595776544934,autoland,4775609,12,d42f896683fcaa492a6c00f43ebeea3a7281573d,macosx1015-64-shippable-qr,True,False,,,102210fe594ee9b33d82058545b1ed14f4c8206e,custom.styleeditor.reload.DAMP,damp,True,damp custom.styleeditor.reload.DAMP opt e10s fission stylo webrender,4775519,77,ms,firefox,,1706972189,2023-06-06 22:47:19,1252831,,,,,,,,,,,,,,,,,,,,,,,,,,,,,,,,,,,,,,,,,,,,,,,,,TN
68,714383968fdbbcb6ef5ff4fc599e11ae386d09ce,0.08247579510552544,autoland,4775609,12,d42f896683fcaa492a6c00f43ebeea3a7281573d,macosx1015-64-shippable-qr,True,False,,,102210fe594ee9b33d82058545b1ed14f4c8206e,custom.styleeditor.reload.DAMP,damp,True,damp custom.styleeditor.reload.DAMP opt e10s fission stylo webrender,4775519,77,ms,firefox,,1707068323,2023-06-07 02:52:45,1252906,,,,,,,,,,,,,,,,,,,,,,,,,,,,,,,,,,,,,,,,,,,,,,,,,TN
69,29928f29c7a08d81bf5a480f4678c4c90b0abc68,0.09632252942167979,autoland,4775609,12,d42f896683fcaa492a6c00f43ebeea3a7281573d,macosx1015-64-shippable-qr,True,False,,,102210fe594ee9b33d82058545b1ed14f4c8206e,custom.styleeditor.reload.DAMP,damp,True,damp custom.styleeditor.reload.DAMP opt e10s fission stylo webrender,4775519,77,ms,firefox,,1707195827,2023-06-07 06:55:53,1252967,,,,,,,,,,,,,,,,,,,,,,,,,,,,,,,,,,,,,,,,,,,,,,,,,TN
70,5c2039dcc9e34d981b3343ed3819d1f65ef07909,0.08241809662866861,autoland,4775609,12,d42f896683fcaa492a6c00f43ebeea3a7281573d,macosx1015-64-shippable-qr,True,False,,,102210fe594ee9b33d82058545b1ed14f4c8206e,custom.styleeditor.reload.DAMP,damp,True,damp custom.styleeditor.reload.DAMP opt e10s fission stylo webrender,4775519,77,ms,firefox,,1707308432,2023-06-07 11:44:03,1253076,,,,,,,,,,,,,,,,,,,,,,,,,,,,,,,,,,,,,,,,,,,,,,,,,TN
71,ed7804ffc016687db27f68ab46e27c0ffefda3af,0.08399202076821721,autoland,4775609,12,d42f896683fcaa492a6c00f43ebeea3a7281573d,macosx1015-64-shippable-qr,True,False,,,102210fe594ee9b33d82058545b1ed14f4c8206e,custom.styleeditor.reload.DAMP,damp,True,damp custom.styleeditor.reload.DAMP opt e10s fission stylo webrender,4775519,77,ms,firefox,,1707351403,2023-06-07 13:36:12,1253119,,,,,,,,,,,,,,,,,,,,,,,,,,,,,,,,,,,,,,,,,,,,,,,,,TN
72,1e9ddd307894fd2055ca49dcaa461478d0acea9e,0.08503678732079806,autoland,4775609,12,d42f896683fcaa492a6c00f43ebeea3a7281573d,macosx1015-64-shippable-qr,True,False,,,102210fe594ee9b33d82058545b1ed14f4c8206e,custom.styleeditor.reload.DAMP,damp,True,damp custom.styleeditor.reload.DAMP opt e10s fission stylo webrender,4775519,77,ms,firefox,,1707467411,2023-06-07 16:40:09,1253256,,,,,,,,,,,,,,,,,,,,,,,,,,,,,,,,,,,,,,,,,,,,,,,,,TN
73,d777b008615418be897668f8099b9e68f6666a3c,0.07152221638032813,autoland,4775609,12,d42f896683fcaa492a6c00f43ebeea3a7281573d,macosx1015-64-shippable-qr,True,False,,,102210fe594ee9b33d82058545b1ed14f4c8206e,custom.styleeditor.reload.DAMP,damp,True,damp custom.styleeditor.reload.DAMP opt e10s fission stylo webrender,4775519,77,ms,firefox,,1707651540,2023-06-07 20:51:47,1253401,,,,,,,,,,,,,,,,,,,,,,,,,,,,,,,,,,,,,,,,,,,,,,,,,TN
74,c18688c9011d0dc50b79d2f830dbf323c8c75604,0.13217474029687032,autoland,4775609,12,d42f896683fcaa492a6c00f43ebeea3a7281573d,macosx1015-64-shippable-qr,True,False,,,102210fe594ee9b33d82058545b1ed14f4c8206e,custom.styleeditor.reload.DAMP,damp,True,damp custom.styleeditor.reload.DAMP opt e10s fission stylo webrender,4775519,77,ms,firefox,,1707681620,2023-06-07 22:54:42,1253472,,,,,,,,,,,,,,,,,,,,,,,,,,,,,,,,,,,,,,,,,,,,,,,,,TN
75,2b2fb0c1bd13f27bbd5094192791600a5e261c4b,0.07135634724675383,autoland,4775609,12,d42f896683fcaa492a6c00f43ebeea3a7281573d,macosx1015-64-shippable-qr,True,False,,,102210fe594ee9b33d82058545b1ed14f4c8206e,custom.styleeditor.reload.DAMP,damp,True,damp custom.styleeditor.reload.DAMP opt e10s fission stylo webrender,4775519,77,ms,firefox,,1707758712,2023-06-08 03:47:09,1253596,,,,,,,,,,,,,,,,,,,,,,,,,,,,,,,,,,,,,,,,,,,,,,,,,TN
76,d588d40904f7880592d27c083cb64d31864340cb,0.07776347381014331,autoland,4775609,12,d42f896683fcaa492a6c00f43ebeea3a7281573d,macosx1015-64-shippable-qr,True,False,,,102210fe594ee9b33d82058545b1ed14f4c8206e,custom.styleeditor.reload.DAMP,damp,True,damp custom.styleeditor.reload.DAMP opt e10s fission stylo webrender,4775519,77,ms,firefox,,1707844816,2023-06-08 06:27:32,1253626,,,,,,,,,,,,,,,,,,,,,,,,,,,,,,,,,,,,,,,,,,,,,,,,,TN
77,a86d5a3f177d480362c07a9ed34166ae41840ab6,0.03969205306799767,autoland,4775609,12,d42f896683fcaa492a6c00f43ebeea3a7281573d,macosx1015-64-shippable-qr,True,False,,,102210fe594ee9b33d82058545b1ed14f4c8206e,custom.styleeditor.reload.DAMP,damp,True,damp custom.styleeditor.reload.DAMP opt e10s fission stylo webrender,4775519,77,ms,firefox,,1707980898,2023-06-08 10:57:22,1253788,,,,,,,,,,,,,,,,,,,,,,,,,,,,,,,,,,,,,,,,,,,,,,,,,TN
78,581d6b2a5146b01bfc5a4a599127e2e794918f78,0.08149464892921576,autoland,4775609,12,d42f896683fcaa492a6c00f43ebeea3a7281573d,macosx1015-64-shippable-qr,True,False,,,102210fe594ee9b33d82058545b1ed14f4c8206e,custom.styleeditor.reload.DAMP,damp,True,damp custom.styleeditor.reload.DAMP opt e10s fission stylo webrender,4775519,77,ms,firefox,,1708148610,2023-06-08 15:05:55,1253951,,,,,,,,,,,,,,,,,,,,,,,,,,,,,,,,,,,,,,,,,,,,,,,,,TN
79,954d7d588e595404fbe8f79a002de1a32f4175fc,0.06001982908197523,autoland,4775609,12,d42f896683fcaa492a6c00f43ebeea3a7281573d,macosx1015-64-shippable-qr,True,False,,,102210fe594ee9b33d82058545b1ed14f4c8206e,custom.styleeditor.reload.DAMP,damp,True,damp custom.styleeditor.reload.DAMP opt e10s fission stylo webrender,4775519,77,ms,firefox,,1708165611,2023-06-08 15:14:50,1253958,,,,,,,,,,,,,,,,,,,,,,,,,,,,,,,,,,,,,,,,,,,,,,,,,TN
80,c7b3905a77fb83c75344dddb5646c5c7f5d16714,0.07078071404900121,autoland,4775609,12,d42f896683fcaa492a6c00f43ebeea3a7281573d,macosx1015-64-shippable-qr,True,False,,,102210fe594ee9b33d82058545b1ed14f4c8206e,custom.styleeditor.reload.DAMP,damp,True,damp custom.styleeditor.reload.DAMP opt e10s fission stylo webrender,4775519,77,ms,firefox,,1708365740,2023-06-08 21:44:04,1254265,,,,,,,,,,,,,,,,,,,,,,,,,,,,,,,,,,,,,,,,,,,,,,,,,TN
81,d18ffb52540958c2b12d76b4a392e12df3bc4280,0.08515438002884484,autoland,4775609,12,d42f896683fcaa492a6c00f43ebeea3a7281573d,macosx1015-64-shippable-qr,True,False,,,102210fe594ee9b33d82058545b1ed14f4c8206e,custom.styleeditor.reload.DAMP,damp,True,damp custom.styleeditor.reload.DAMP opt e10s fission stylo webrender,4775519,77,ms,firefox,,1708425990,2023-06-09 02:20:20,1254350,,,,,,,,,,,,,,,,,,,,,,,,,,,,,,,,,,,,,,,,,,,,,,,,,TN
82,e76a7e9393add417bcf6a33d7e0c71909cc3c6d9,0.08147666436862594,autoland,4775609,12,d42f896683fcaa492a6c00f43ebeea3a7281573d,macosx1015-64-shippable-qr,True,False,,,102210fe594ee9b33d82058545b1ed14f4c8206e,custom.styleeditor.reload.DAMP,damp,True,damp custom.styleeditor.reload.DAMP opt e10s fission stylo webrender,4775519,77,ms,firefox,,1708495480,2023-06-09 06:38:52,1254404,,,,,,,,,,,,,,,,,,,,,,,,,,,,,,,,,,,,,,,,,,,,,,,,,TN
83,6453bd709950f540a9b961069fe05277eec38c4e,0.09121021223413572,autoland,4775609,12,d42f896683fcaa492a6c00f43ebeea3a7281573d,macosx1015-64-shippable-qr,True,False,,,102210fe594ee9b33d82058545b1ed14f4c8206e,custom.styleeditor.reload.DAMP,damp,True,damp custom.styleeditor.reload.DAMP opt e10s fission stylo webrender,4775519,77,ms,firefox,,1708528279,2023-06-09 08:40:41,1254469,,,,,,,,,,,,,,,,,,,,,,,,,,,,,,,,,,,,,,,,,,,,,,,,,TN
84,7467d3da5f29eddf7cf135a00cef8cf87b5c6911,0.12749884559438185,autoland,4775609,12,d42f896683fcaa492a6c00f43ebeea3a7281573d,macosx1015-64-shippable-qr,True,False,,,102210fe594ee9b33d82058545b1ed14f4c8206e,custom.styleeditor.reload.DAMP,damp,True,damp custom.styleeditor.reload.DAMP opt e10s fission stylo webrender,4775519,77,ms,firefox,,1708696021,2023-06-09 13:23:42,1254611,,,,,,,,,,,,,,,,,,,,,,,,,,,,,,,,,,,,,,,,,,,,,,,,,TN
85,439e88bdf46b8545bcf3fbf4d1cac9bf084df91d,0.0977791274374128,autoland,4775609,12,d42f896683fcaa492a6c00f43ebeea3a7281573d,macosx1015-64-shippable-qr,True,False,,,102210fe594ee9b33d82058545b1ed14f4c8206e,custom.styleeditor.reload.DAMP,damp,True,damp custom.styleeditor.reload.DAMP opt e10s fission stylo webrender,4775519,77,ms,firefox,,1708863049,2023-06-09 18:12:56,1254830,,,,,,,,,,,,,,,,,,,,,,,,,,,,,,,,,,,,,,,,,,,,,,,,,TN
86,14c10deaa83992232930103150b2cb2351a623a5,0.09187619114937934,autoland,4775609,12,d42f896683fcaa492a6c00f43ebeea3a7281573d,macosx1015-64-shippable-qr,True,False,,,102210fe594ee9b33d82058545b1ed14f4c8206e,custom.styleeditor.reload.DAMP,damp,True,damp custom.styleeditor.reload.DAMP opt e10s fission stylo webrender,4775519,77,ms,firefox,,1708906292,2023-06-09 19:52:31,1254912,,,,,,,,,,,,,,,,,,,,,,,,,,,,,,,,,,,,,,,,,,,,,,,,,TN
87,463e881a627c52313496a136abc6c038a4b92af6,0.08163103911514291,autoland,4775609,12,d42f896683fcaa492a6c00f43ebeea3a7281573d,macosx1015-64-shippable-qr,True,False,,,102210fe594ee9b33d82058545b1ed14f4c8206e,custom.styleeditor.reload.DAMP,damp,True,damp custom.styleeditor.reload.DAMP opt e10s fission stylo webrender,4775519,77,ms,firefox,,1709008023,2023-06-10 01:55:58,1255101,,,,,,,,,,,,,,,,,,,,,,,,,,,,,,,,,,,,,,,,,,,,,,,,,TN
88,9c9d29101b3d0533b84b4e75dc06e89fcad3d31a,0.06612716360115395,autoland,4775609,12,d42f896683fcaa492a6c00f43ebeea3a7281573d,macosx1015-64-shippable-qr,True,False,,,102210fe594ee9b33d82058545b1ed14f4c8206e,custom.styleeditor.reload.DAMP,damp,True,damp custom.styleeditor.reload.DAMP opt e10s fission stylo webrender,4775519,77,ms,firefox,,1709139129,2023-06-10 13:36:02,1255207,,,,,,,,,,,,,,,,,,,,,,,,,,,,,,,,,,,,,,,,,,,,,,,,,TN
89,879c6932bb49782e5edfdbe48e93d997a2646d84,0.07915925497200665,autoland,4775609,12,d42f896683fcaa492a6c00f43ebeea3a7281573d,macosx1015-64-shippable-qr,True,False,,,102210fe594ee9b33d82058545b1ed14f4c8206e,custom.styleeditor.reload.DAMP,damp,True,damp custom.styleeditor.reload.DAMP opt e10s fission stylo webrender,4775519,77,ms,firefox,,1709226393,2023-06-10 18:37:05,1255264,,,,,,,,,,,,,,,,,,,,,,,,,,,,,,,,,,,,,,,,,,,,,,,,,TN
90,711b87deb431206775bf67c5b0d04ace33eb3660,0.08471921915630021,autoland,4775609,12,d42f896683fcaa492a6c00f43ebeea3a7281573d,macosx1015-64-shippable-qr,True,False,,,102210fe594ee9b33d82058545b1ed14f4c8206e,custom.styleeditor.reload.DAMP,damp,True,damp custom.styleeditor.reload.DAMP opt e10s fission stylo webrender,4775519,77,ms,firefox,,1709262461,2023-06-10 20:39:30,1255276,,,,,,,,,,,,,,,,,,,,,,,,,,,,,,,,,,,,,,,,,,,,,,,,,TN
91,3904ff924b73ed2df5a530453ab025bb1c2fdf90,0.09777403929930889,autoland,4775609,12,d42f896683fcaa492a6c00f43ebeea3a7281573d,macosx1015-64-shippable-qr,True,False,,,102210fe594ee9b33d82058545b1ed14f4c8206e,custom.styleeditor.reload.DAMP,damp,True,damp custom.styleeditor.reload.DAMP opt e10s fission stylo webrender,4775519,77,ms,firefox,,1709463679,2023-06-11 14:35:35,1255360,,,,,,,,,,,,,,,,,,,,,,,,,,,,,,,,,,,,,,,,,,,,,,,,,TN
92,af0665af954105365927736b6a65c4d28533bc4d,0.06971559384690407,autoland,4775609,12,d42f896683fcaa492a6c00f43ebeea3a7281573d,macosx1015-64-shippable-qr,True,False,,,102210fe594ee9b33d82058545b1ed14f4c8206e,custom.styleeditor.reload.DAMP,damp,True,damp custom.styleeditor.reload.DAMP opt e10s fission stylo webrender,4775519,77,ms,firefox,,1709520695,2023-06-11 19:10:58,1255387,,,,,,,,,,,,,,,,,,,,,,,,,,,,,,,,,,,,,,,,,,,,,,,,,TN
93,c73c9ac3fe19822fcf08c5bd0bc112056008b4da,0.07135175607426641,autoland,4775609,12,d42f896683fcaa492a6c00f43ebeea3a7281573d,macosx1015-64-shippable-qr,True,False,,,102210fe594ee9b33d82058545b1ed14f4c8206e,custom.styleeditor.reload.DAMP,damp,True,damp custom.styleeditor.reload.DAMP opt e10s fission stylo webrender,4775519,77,ms,firefox,,1709600467,2023-06-12 00:14:44,1255422,,,,,,,,,,,,,,,,,,,,,,,,,,,,,,,,,,,,,,,,,,,,,,,,,TN
94,25564434f810ceea8a17b730bd5498b0ca9856c4,0.09045536259099302,autoland,4775609,12,d42f896683fcaa492a6c00f43ebeea3a7281573d,macosx1015-64-shippable-qr,True,False,,,102210fe594ee9b33d82058545b1ed14f4c8206e,custom.styleeditor.reload.DAMP,damp,True,damp custom.styleeditor.reload.DAMP opt e10s fission stylo webrender,4775519,77,ms,firefox,,1709647088,2023-06-12 04:46:29,1255461,,,,,,,,,,,,,,,,,,,,,,,,,,,,,,,,,,,,,,,,,,,,,,,,,TN
95,6c51face7335165a532e8f6b035a975ced1be55c,0.07679195922258014,autoland,4775609,12,d42f896683fcaa492a6c00f43ebeea3a7281573d,macosx1015-64-shippable-qr,True,False,,,102210fe594ee9b33d82058545b1ed14f4c8206e,custom.styleeditor.reload.DAMP,damp,True,damp custom.styleeditor.reload.DAMP opt e10s fission stylo webrender,4775519,77,ms,firefox,,1709758174,2023-06-12 09:00:15,1255535,,,,,,,,,,,,,,,,,,,,,,,,,,,,,,,,,,,,,,,,,,,,,,,,,TN
96,1dc3aecfed3a924c48ee323c36ee1e783f836dd7,0.11402754467186699,autoland,4775609,12,d42f896683fcaa492a6c00f43ebeea3a7281573d,macosx1015-64-shippable-qr,True,False,,,102210fe594ee9b33d82058545b1ed14f4c8206e,custom.styleeditor.reload.DAMP,damp,True,damp custom.styleeditor.reload.DAMP opt e10s fission stylo webrender,4775519,77,ms,firefox,,1709835460,2023-06-12 09:27:15,1255558,,,,,,,,,,,,,,,,,,,,,,,,,,,,,,,,,,,,,,,,,,,,,,,,,TN
97,ee618a493ff9c25c0ecb9dc6087a6179874541da,0.07235523224348989,autoland,4775609,12,d42f896683fcaa492a6c00f43ebeea3a7281573d,macosx1015-64-shippable-qr,True,False,,,102210fe594ee9b33d82058545b1ed14f4c8206e,custom.styleeditor.reload.DAMP,damp,True,damp custom.styleeditor.reload.DAMP opt e10s fission stylo webrender,4775519,77,ms,firefox,,1709968259,2023-06-12 14:14:19,1255741,,,,,,,,,,,,,,,,,,,,,,,,,,,,,,,,,,,,,,,,,,,,,,,,,TN
98,53b4b785ae2a7f70257069e77b138fe36b53698a,0.1428504549003401,autoland,4775609,12,d42f896683fcaa492a6c00f43ebeea3a7281573d,macosx1015-64-shippable-qr,True,False,,,102210fe594ee9b33d82058545b1ed14f4c8206e,custom.styleeditor.reload.DAMP,damp,True,damp custom.styleeditor.reload.DAMP opt e10s fission stylo webrender,4775519,77,ms,firefox,,1710098952,2023-06-12 17:28:50,1255840,,,,,,,,,,,,,,,,,,,,,,,,,,,,,,,,,,,,,,,,,,,,,,,,,TN
99,eff1078e2398a9021cd61a20eff8062a582128e2,0.0858915709365245,autoland,4775609,12,d42f896683fcaa492a6c00f43ebeea3a7281573d,macosx1015-64-shippable-qr,True,False,,,102210fe594ee9b33d82058545b1ed14f4c8206e,custom.styleeditor.reload.DAMP,damp,True,damp custom.styleeditor.reload.DAMP opt e10s fission stylo webrender,4775519,77,ms,firefox,,1710202691,2023-06-12 21:22:21,1256012,,,,,,,,,,,,,,,,,,,,,,,,,,,,,,,,,,,,,,,,,,,,,,,,,TN
100,2bdaa9d6ac390362734ba199115ca10186243e87,0.07767291142442317,autoland,4775609,12,d42f896683fcaa492a6c00f43ebeea3a7281573d,macosx1015-64-shippable-qr,True,False,,,102210fe594ee9b33d82058545b1ed14f4c8206e,custom.styleeditor.reload.DAMP,damp,True,damp custom.styleeditor.reload.DAMP opt e10s fission stylo webrender,4775519,77,ms,firefox,,1710264842,2023-06-13 02:32:41,1256169,,,,,,,,,,,,,,,,,,,,,,,,,,,,,,,,,,,,,,,,,,,,,,,,,TN
101,1a37acad51201ba77a18b0951d3a93bc8c9eebf7,0.07037774788213891,autoland,4775609,12,d42f896683fcaa492a6c00f43ebeea3a7281573d,macosx1015-64-shippable-qr,True,False,,,102210fe594ee9b33d82058545b1ed14f4c8206e,custom.styleeditor.reload.DAMP,damp,True,damp custom.styleeditor.reload.DAMP opt e10s fission stylo webrender,4775519,77,ms,firefox,,1710354427,2023-06-13 05:20:45,1256212,,,,,,,,,,,,,,,,,,,,,,,,,,,,,,,,,,,,,,,,,,,,,,,,,TN
102,c7b5ae0c3e2d58a11af3dbe818dd67837d0ff44a,0.04995970184742676,autoland,4775609,12,d42f896683fcaa492a6c00f43ebeea3a7281573d,macosx1015-64-shippable-qr,True,False,,,102210fe594ee9b33d82058545b1ed14f4c8206e,custom.styleeditor.reload.DAMP,damp,True,damp custom.styleeditor.reload.DAMP opt e10s fission stylo webrender,4775519,77,ms,firefox,,1710464251,2023-06-13 09:27:30,1256328,,,,,,,,,,,,,,,,,,,,,,,,,,,,,,,,,,,,,,,,,,,,,,,,,TN
103,2b9574ef0cc196618dae379b79b53958470216b3,0.09113139381530999,autoland,4775609,12,d42f896683fcaa492a6c00f43ebeea3a7281573d,macosx1015-64-shippable-qr,True,False,,,102210fe594ee9b33d82058545b1ed14f4c8206e,custom.styleeditor.reload.DAMP,damp,True,damp custom.styleeditor.reload.DAMP opt e10s fission stylo webrender,4775519,77,ms,firefox,,1710475997,2023-06-13 10:02:00,1256346,,,,,,,,,,,,,,,,,,,,,,,,,,,,,,,,,,,,,,,,,,,,,,,,,TN
104,8cd7aee6cae85ce9804794d4a45bc2f34aa04b66,0.08125823261815152,autoland,4775609,12,d42f896683fcaa492a6c00f43ebeea3a7281573d,macosx1015-64-shippable-qr,True,False,,,102210fe594ee9b33d82058545b1ed14f4c8206e,custom.styleeditor.reload.DAMP,damp,True,damp custom.styleeditor.reload.DAMP opt e10s fission stylo webrender,4775519,77,ms,firefox,,1710544124,2023-06-13 13:01:33,1256450,,,,,,,,,,,,,,,,,,,,,,,,,,,,,,,,,,,,,,,,,,,,,,,,,TN
105,93520e8ffd9617b46d026ea530fde0169def3a80,0.090753301161902,autoland,4775609,12,d42f896683fcaa492a6c00f43ebeea3a7281573d,macosx1015-64-shippable-qr,True,False,,,102210fe594ee9b33d82058545b1ed14f4c8206e,custom.styleeditor.reload.DAMP,damp,True,damp custom.styleeditor.reload.DAMP opt e10s fission stylo webrender,4775519,77,ms,firefox,,1710659009,2023-06-13 16:01:20,1256570,,,,,,,,,,,,,,,,,,,,,,,,,,,,,,,,,,,,,,,,,,,,,,,,,TN
106,2d8fa86b279358b19ca794787248a9600c86ef5a,0.07005367747644276,autoland,4775609,12,d42f896683fcaa492a6c00f43ebeea3a7281573d,macosx1015-64-shippable-qr,True,False,,,102210fe594ee9b33d82058545b1ed14f4c8206e,custom.styleeditor.reload.DAMP,damp,True,damp custom.styleeditor.reload.DAMP opt e10s fission stylo webrender,4775519,77,ms,firefox,,1710753348,2023-06-13 18:36:15,1256676,,,,,,,,,,,,,,,,,,,,,,,,,,,,,,,,,,,,,,,,,,,,,,,,,TN
107,0e2078b102ffd940ea83c3a5a8b1a176bdd3a8fb,0.08145666945590024,autoland,4775609,12,d42f896683fcaa492a6c00f43ebeea3a7281573d,macosx1015-64-shippable-qr,True,False,,,102210fe594ee9b33d82058545b1ed14f4c8206e,custom.styleeditor.reload.DAMP,damp,True,damp custom.styleeditor.reload.DAMP opt e10s fission stylo webrender,4775519,77,ms,firefox,,1710848389,2023-06-13 22:49:33,1256827,,,,,,,,,,,,,,,,,,,,,,,,,,,,,,,,,,,,,,,,,,,,,,,,,TN
108,4c6c30b03e25cbd9d4dfc96f082e8cf241f51109,0.06577439809313501,autoland,4775609,12,d42f896683fcaa492a6c00f43ebeea3a7281573d,macosx1015-64-shippable-qr,True,False,,,102210fe594ee9b33d82058545b1ed14f4c8206e,custom.styleeditor.reload.DAMP,damp,True,damp custom.styleeditor.reload.DAMP opt e10s fission stylo webrender,4775519,77,ms,firefox,,1710869596,2023-06-14 00:25:00,1256858,,,,,,,,,,,,,,,,,,,,,,,,,,,,,,,,,,,,,,,,,,,,,,,,,TN
109,b9e3497b939c3bdfee632c7297184b79cfeec9cc,0.08745631931344666,autoland,4775609,12,d42f896683fcaa492a6c00f43ebeea3a7281573d,macosx1015-64-shippable-qr,True,False,,,102210fe594ee9b33d82058545b1ed14f4c8206e,custom.styleeditor.reload.DAMP,damp,True,damp custom.styleeditor.reload.DAMP opt e10s fission stylo webrender,4775519,77,ms,firefox,,1710961609,2023-06-14 05:14:15,1256948,,,,,,,,,,,,,,,,,,,,,,,,,,,,,,,,,,,,,,,,,,,,,,,,,TN
110,c6fa16c28b26a19d81b8853153057f32cec6f2fd,0.07891227786714794,autoland,4775609,12,d42f896683fcaa492a6c00f43ebeea3a7281573d,macosx1015-64-shippable-qr,True,False,,,102210fe594ee9b33d82058545b1ed14f4c8206e,custom.styleeditor.reload.DAMP,damp,True,damp custom.styleeditor.reload.DAMP opt e10s fission stylo webrender,4775519,77,ms,firefox,,1711073768,2023-06-14 11:48:24,1257091,,,,,,,,,,,,,,,,,,,,,,,,,,,,,,,,,,,,,,,,,,,,,,,,,TN
111,928a5d849e038bf4277f06519f8f7ab3c94cc7ff,0.05050999747774049,autoland,4775609,12,d42f896683fcaa492a6c00f43ebeea3a7281573d,macosx1015-64-shippable-qr,True,False,,,102210fe594ee9b33d82058545b1ed14f4c8206e,custom.styleeditor.reload.DAMP,damp,True,damp custom.styleeditor.reload.DAMP opt e10s fission stylo webrender,4775519,77,ms,firefox,,1711134445,2023-06-14 13:20:02,1257127,,,,,,,,,,,,,,,,,,,,,,,,,,,,,,,,,,,,,,,,,,,,,,,,,TN
112,933dd3c3e1c8beb677df8e4d51b1e99b41599f65,0.08837349789574728,autoland,4775609,12,d42f896683fcaa492a6c00f43ebeea3a7281573d,macosx1015-64-shippable-qr,True,False,,,102210fe594ee9b33d82058545b1ed14f4c8206e,custom.styleeditor.reload.DAMP,damp,True,damp custom.styleeditor.reload.DAMP opt e10s fission stylo webrender,4775519,77,ms,firefox,,1711438103,2023-06-14 17:41:50,1257281,,,,,,,,,,,,,,,,,,,,,,,,,,,,,,,,,,,,,,,,,,,,,,,,,TN
113,d730841eed9459e5541190a9525313fb1ff98e75,0.07490307955346037,autoland,4775609,12,d42f896683fcaa492a6c00f43ebeea3a7281573d,macosx1015-64-shippable-qr,True,False,,,102210fe594ee9b33d82058545b1ed14f4c8206e,custom.styleeditor.reload.DAMP,damp,True,damp custom.styleeditor.reload.DAMP opt e10s fission stylo webrender,4775519,77,ms,firefox,,1711466342,2023-06-14 18:25:51,1257330,,,,,,,,,,,,,,,,,,,,,,,,,,,,,,,,,,,,,,,,,,,,,,,,,TN
114,ff79aa6f7ba8605e7ea59acddd521284f75136e4,0.07122361683414863,autoland,4775609,12,d42f896683fcaa492a6c00f43ebeea3a7281573d,macosx1015-64-shippable-qr,True,False,,,102210fe594ee9b33d82058545b1ed14f4c8206e,custom.styleeditor.reload.DAMP,damp,True,damp custom.styleeditor.reload.DAMP opt e10s fission stylo webrender,4775519,77,ms,firefox,,1711510356,2023-06-14 20:09:05,1257422,,,,,,,,,,,,,,,,,,,,,,,,,,,,,,,,,,,,,,,,,,,,,,,,,TN
115,4b1c6fc1fc0f3e664d546c4bf5c24f0c157bc2c5,0.08123209639513745,autoland,4775609,12,d42f896683fcaa492a6c00f43ebeea3a7281573d,macosx1015-64-shippable-qr,True,False,,,102210fe594ee9b33d82058545b1ed14f4c8206e,custom.styleeditor.reload.DAMP,damp,True,damp custom.styleeditor.reload.DAMP opt e10s fission stylo webrender,4775519,77,ms,firefox,,1711567697,2023-06-14 21:46:45,1257512,,,,,,,,,,,,,,,,,,,,,,,,,,,,,,,,,,,,,,,,,,,,,,,,,TN
116,53e8e97bbe4e0c8fc4deff56e5b8d03391c0c023,0.28737409322436785,autoland,4775609,12,d42f896683fcaa492a6c00f43ebeea3a7281573d,macosx1015-64-shippable-qr,True,False,,,102210fe594ee9b33d82058545b1ed14f4c8206e,custom.styleeditor.reload.DAMP,damp,True,damp custom.styleeditor.reload.DAMP opt e10s fission stylo webrender,4775519,77,ms,firefox,,1711632364,2023-06-15 01:50:09,1257663,,,,,,,,,,,,,,,,,,,,,,,,,,,,,,,,,,,,,,,,,,,,,,,,,TN
117,abf8f424d2d09f957d7ecd02af086a9b7adde3f8,0.2775221901980122,autoland,4775609,12,d42f896683fcaa492a6c00f43ebeea3a7281573d,macosx1015-64-shippable-qr,True,False,,,102210fe594ee9b33d82058545b1ed14f4c8206e,custom.styleeditor.reload.DAMP,damp,True,damp custom.styleeditor.reload.DAMP opt e10s fission stylo webrender,4775519,77,ms,firefox,,1711660442,2023-06-15 02:43:47,1257688,,,,,,,,,,,,,,,,,,,,,,,,,,,,,,,,,,,,,,,,,,,,,,,,,TN
118,900ba46a6df5d5b6dde0d5de391246157de49c8a,0.29693758120868613,autoland,4775609,12,d42f896683fcaa492a6c00f43ebeea3a7281573d,macosx1015-64-shippable-qr,True,False,,,102210fe594ee9b33d82058545b1ed14f4c8206e,custom.styleeditor.reload.DAMP,damp,True,damp custom.styleeditor.reload.DAMP opt e10s fission stylo webrender,4775519,77,ms,firefox,,1711770227,2023-06-15 06:54:30,1257783,,,,,,,,,,,,,,,,,,,,,,,,,,,,,,,,,,,,,,,,,,,,,,,,,TN
119,86864bda9b5f7077819eb76b661bcefb89fd19fa,0.3198316476619509,autoland,4775609,12,d42f896683fcaa492a6c00f43ebeea3a7281573d,macosx1015-64-shippable-qr,True,False,,,102210fe594ee9b33d82058545b1ed14f4c8206e,custom.styleeditor.reload.DAMP,damp,True,damp custom.styleeditor.reload.DAMP opt e10s fission stylo webrender,4775519,77,ms,firefox,,1711839395,2023-06-15 10:33:37,1257909,,,,,,,,,,,,,,,,,,,,,,,,,,,,,,,,,,,,,,,,,,,,,,,,,TN
120,02d601db620c1b64867202e025ce19938938a04f,0.2820046725717215,autoland,4775609,12,d42f896683fcaa492a6c00f43ebeea3a7281573d,macosx1015-64-shippable-qr,True,False,,,102210fe594ee9b33d82058545b1ed14f4c8206e,custom.styleeditor.reload.DAMP,damp,True,damp custom.styleeditor.reload.DAMP opt e10s fission stylo webrender,4775519,77,ms,firefox,,1712085794,2023-06-15 14:40:40,1258053,,,,,,,,,,,,,,,,,,,,,,,,,,,,,,,,,,,,,,,,,,,,,,,,,TN
121,c71789b596556b921a7d6ce12b4102f252631c4b,0.29562005622531756,autoland,4775609,12,d42f896683fcaa492a6c00f43ebeea3a7281573d,macosx1015-64-shippable-qr,True,False,,,102210fe594ee9b33d82058545b1ed14f4c8206e,custom.styleeditor.reload.DAMP,damp,True,damp custom.styleeditor.reload.DAMP opt e10s fission stylo webrender,4775519,77,ms,firefox,,1712097614,2023-06-15 14:52:05,1258066,,,,,,,,,,,,,,,,,,,,,,,,,,,,,,,,,,,,,,,,,,,,,,,,,TN
122,91738dd5bb441001f7837d0cae71c0be46925602,0.2895152202474654,autoland,4775609,12,d42f896683fcaa492a6c00f43ebeea3a7281573d,macosx1015-64-shippable-qr,True,False,,,102210fe594ee9b33d82058545b1ed14f4c8206e,custom.styleeditor.reload.DAMP,damp,True,damp custom.styleeditor.reload.DAMP opt e10s fission stylo webrender,4775519,77,ms,firefox,,1712142450,2023-06-15 17:49:05,1258216,,,,,,,,,,,,,,,,,,,,,,,,,,,,,,,,,,,,,,,,,,,,,,,,,TN
123,ba00fe639072b671be556332e4628092d64d31df,0.4477475631540168,autoland,4775609,12,d42f896683fcaa492a6c00f43ebeea3a7281573d,macosx1015-64-shippable-qr,True,False,,,102210fe594ee9b33d82058545b1ed14f4c8206e,custom.styleeditor.reload.DAMP,damp,True,damp custom.styleeditor.reload.DAMP opt e10s fission stylo webrender,4775519,77,ms,firefox,,1712211208,2023-06-15 20:51:19,1258374,,,,,,,,,,,,,,,,,,,,,,,,,,,,,,,,,,,,,,,,,,,,,,,,,TN
124,6bc2d3f9b1aaecde92c9388f00f3d564d136d00a,0.30507296935832423,autoland,4775609,12,d42f896683fcaa492a6c00f43ebeea3a7281573d,macosx1015-64-shippable-qr,True,False,,,102210fe594ee9b33d82058545b1ed14f4c8206e,custom.styleeditor.reload.DAMP,damp,True,damp custom.styleeditor.reload.DAMP opt e10s fission stylo webrender,4775519,77,ms,firefox,,1712307702,2023-06-16 01:17:42,1258594,,,,,,,,,,,,,,,,,,,,,,,,,,,,,,,,,,,,,,,,,,,,,,,,,TN
125,6a640a4dd3245b82ce97d863bf842b0cd4089ce5,0.294480800380928,autoland,4775609,12,d42f896683fcaa492a6c00f43ebeea3a7281573d,macosx1015-64-shippable-qr,True,False,,,102210fe594ee9b33d82058545b1ed14f4c8206e,custom.styleeditor.reload.DAMP,damp,True,damp custom.styleeditor.reload.DAMP opt e10s fission stylo webrender,4775519,77,ms,firefox,,1712402176,2023-06-16 06:01:05,1258674,,,,,,,,,,,,,,,,,,,,,,,,,,,,,,,,,,,,,,,,,,,,,,,,,TN
126,34ee66e105968b161583947185cad1fcebdc6641,0.8486855875244075,autoland,4775609,12,d42f896683fcaa492a6c00f43ebeea3a7281573d,macosx1015-64-shippable-qr,True,False,,,102210fe594ee9b33d82058545b1ed14f4c8206e,custom.styleeditor.reload.DAMP,damp,True,damp custom.styleeditor.reload.DAMP opt e10s fission stylo webrender,4775519,77,ms,firefox,,1712463704,2023-06-16 08:20:05,1258718,1004.19,mozilla-ldap/nchevobbe@mozilla.com,6a640a4dd3245b82ce97d863bf842b0cd4089ce5,38746.0,104.3,491.53,2023-06-19 12:09:41.984218,12.0,12.0,,,,1258674.0,7.0,4.0,,,,2023-06-26 11:21:27.618842,,1.0,512.67,176811.0,,,38746.0,,True,False,nchevobbe@mozilla.com,,,,2023-06-19 11:21:27.618842,,"We're now traversing all rules from stylesheet, which seems to have quite a large impact",SKEWED,,2023-06-19 12:09:41.984316,,,False,,15.55,damp,,,2023-06-22 11:21:27.618842,TP
127,439d02859a2ebe8406cb74f8d6c7b148011d1658,0.8342295799356441,autoland,4775609,12,d42f896683fcaa492a6c00f43ebeea3a7281573d,macosx1015-64-shippable-qr,True,False,,,102210fe594ee9b33d82058545b1ed14f4c8206e,custom.styleeditor.reload.DAMP,damp,True,damp custom.styleeditor.reload.DAMP opt e10s fission stylo webrender,4775519,77,ms,firefox,,1712644022,2023-06-16 12:30:26,1258826,,,,,,,,,,,,,,,,,,,,,,,,,,,,,,,,,,,,,,,,,,,,,,,,,TN
128,1d8c3788eb6fa2e81d627829a32004244d0271df,0.8362596258168644,autoland,4775609,12,d42f896683fcaa492a6c00f43ebeea3a7281573d,macosx1015-64-shippable-qr,True,False,,,102210fe594ee9b33d82058545b1ed14f4c8206e,custom.styleeditor.reload.DAMP,damp,True,damp custom.styleeditor.reload.DAMP opt e10s fission stylo webrender,4775519,77,ms,firefox,,1712751248,2023-06-16 14:03:27,1258891,,,,,,,,,,,,,,,,,,,,,,,,,,,,,,,,,,,,,,,,,,,,,,,,,TN
129,e59de52b8ebea2db606a46a888a941400375fe0f,0.7038791785030163,autoland,4775609,12,d42f896683fcaa492a6c00f43ebeea3a7281573d,macosx1015-64-shippable-qr,True,False,,,102210fe594ee9b33d82058545b1ed14f4c8206e,custom.styleeditor.reload.DAMP,damp,True,damp custom.styleeditor.reload.DAMP opt e10s fission stylo webrender,4775519,77,ms,firefox,,1712908230,2023-06-16 16:55:49,1259018,,,,,,,,,,,,,,,,,,,,,,,,,,,,,,,,,,,,,,,,,,,,,,,,,TN
130,789349491e2fe15a39f350fe470db7d696989434,0.8490620060728682,autoland,4775609,12,d42f896683fcaa492a6c00f43ebeea3a7281573d,macosx1015-64-shippable-qr,True,False,,,102210fe594ee9b33d82058545b1ed14f4c8206e,custom.styleeditor.reload.DAMP,damp,True,damp custom.styleeditor.reload.DAMP opt e10s fission stylo webrender,4775519,77,ms,firefox,,1712945943,2023-06-16 19:50:08,1259157,,,,,,,,,,,,,,,,,,,,,,,,,,,,,,,,,,,,,,,,,,,,,,,,,TN
131,901b7ccc8be5e49a1b9736555af9653d46de349e,0.8364631535353457,autoland,4775609,12,d42f896683fcaa492a6c00f43ebeea3a7281573d,macosx1015-64-shippable-qr,True,False,,,102210fe594ee9b33d82058545b1ed14f4c8206e,custom.styleeditor.reload.DAMP,damp,True,damp custom.styleeditor.reload.DAMP opt e10s fission stylo webrender,4775519,77,ms,firefox,,1713048267,2023-06-17 00:30:00,1259314,,,,,,,,,,,,,,,,,,,,,,,,,,,,,,,,,,,,,,,,,,,,,,,,,TN
132,e0262ee6a9a7a642c11266a1e9cfa4bc3fbd4b3b,0.8553600612979471,autoland,4775609,12,d42f896683fcaa492a6c00f43ebeea3a7281573d,macosx1015-64-shippable-qr,True,False,,,102210fe594ee9b33d82058545b1ed14f4c8206e,custom.styleeditor.reload.DAMP,damp,True,damp custom.styleeditor.reload.DAMP opt e10s fission stylo webrender,4775519,77,ms,firefox,,1713212458,2023-06-17 15:38:59,1259384,,,,,,,,,,,,,,,,,,,,,,,,,,,,,,,,,,,,,,,,,,,,,,,,,TN
133,72d2cda2651d8fe01c8649f60e0620bc794a87fe,0.8491812032229069,autoland,4775609,12,d42f896683fcaa492a6c00f43ebeea3a7281573d,macosx1015-64-shippable-qr,True,False,,,102210fe594ee9b33d82058545b1ed14f4c8206e,custom.styleeditor.reload.DAMP,damp,True,damp custom.styleeditor.reload.DAMP opt e10s fission stylo webrender,4775519,77,ms,firefox,,1713331534,2023-06-17 23:38:11,1259423,,,,,,,,,,,,,,,,,,,,,,,,,,,,,,,,,,,,,,,,,,,,,,,,,TN
134,1634cff61cb0e270b9660ebdc234cfcf3fed2c68,0.8469291448058327,autoland,4775609,12,d42f896683fcaa492a6c00f43ebeea3a7281573d,macosx1015-64-shippable-qr,True,False,,,102210fe594ee9b33d82058545b1ed14f4c8206e,custom.styleeditor.reload.DAMP,damp,True,damp custom.styleeditor.reload.DAMP opt e10s fission stylo webrender,4775519,77,ms,firefox,,1713464783,2023-06-18 11:39:33,1259465,,,,,,,,,,,,,,,,,,,,,,,,,,,,,,,,,,,,,,,,,,,,,,,,,TN
135,1c059369d43547f90439b0a44cc76b54a0a3af97,0.8412073261583959,autoland,4775609,12,d42f896683fcaa492a6c00f43ebeea3a7281573d,macosx1015-64-shippable-qr,True,False,,,102210fe594ee9b33d82058545b1ed14f4c8206e,custom.styleeditor.reload.DAMP,damp,True,damp custom.styleeditor.reload.DAMP opt e10s fission stylo webrender,4775519,77,ms,firefox,,1713694744,2023-06-19 00:32:35,1259516,,,,,,,,,,,,,,,,,,,,,,,,,,,,,,,,,,,,,,,,,,,,,,,,,TN
136,a9e342522ebdb9602671208a06e988a285d3af18,0.8418099068508591,autoland,4775609,12,d42f896683fcaa492a6c00f43ebeea3a7281573d,macosx1015-64-shippable-qr,True,False,,,102210fe594ee9b33d82058545b1ed14f4c8206e,custom.styleeditor.reload.DAMP,damp,True,damp custom.styleeditor.reload.DAMP opt e10s fission stylo webrender,4775519,77,ms,firefox,,1713763922,2023-06-19 05:49:35,1259544,,,,,,,,,,,,,,,,,,,,,,,,,,,,,,,,,,,,,,,,,,,,,,,,,TN
137,0274a8c06c67e5ee1dccdb4e151ccf0ec70af43f,0.8545548990963905,autoland,4775609,12,d42f896683fcaa492a6c00f43ebeea3a7281573d,macosx1015-64-shippable-qr,True,False,,,102210fe594ee9b33d82058545b1ed14f4c8206e,custom.styleeditor.reload.DAMP,damp,True,damp custom.styleeditor.reload.DAMP opt e10s fission stylo webrender,4775519,77,ms,firefox,,1713888084,2023-06-19 09:32:15,1259616,,,,,,,,,,,,,,,,,,,,,,,,,,,,,,,,,,,,,,,,,,,,,,,,,TN
138,89c8bf4e9209c0c4b1eb87efab68e96d6dbf8145,0.8764051413667531,autoland,4775609,12,d42f896683fcaa492a6c00f43ebeea3a7281573d,macosx1015-64-shippable-qr,True,False,,,102210fe594ee9b33d82058545b1ed14f4c8206e,custom.styleeditor.reload.DAMP,damp,True,damp custom.styleeditor.reload.DAMP opt e10s fission stylo webrender,4775519,77,ms,firefox,,1713998613,2023-06-19 13:01:53,1259739,,,,,,,,,,,,,,,,,,,,,,,,,,,,,,,,,,,,,,,,,,,,,,,,,TN
139,9ecde3181716f5d8ad265d976575224cc04b2887,0.855364316771799,autoland,4775609,12,d42f896683fcaa492a6c00f43ebeea3a7281573d,macosx1015-64-shippable-qr,True,False,,,102210fe594ee9b33d82058545b1ed14f4c8206e,custom.styleeditor.reload.DAMP,damp,True,damp custom.styleeditor.reload.DAMP opt e10s fission stylo webrender,4775519,77,ms,firefox,,1714058589,2023-06-19 16:21:16,1259851,,,,,,,,,,,,,,,,,,,,,,,,,,,,,,,,,,,,,,,,,,,,,,,,,TN
140,e06365982ef6b00590cb160ebe9f4978558d1052,0.8395831613174942,autoland,4775609,12,d42f896683fcaa492a6c00f43ebeea3a7281573d,macosx1015-64-shippable-qr,True,False,,,102210fe594ee9b33d82058545b1ed14f4c8206e,custom.styleeditor.reload.DAMP,damp,True,damp custom.styleeditor.reload.DAMP opt e10s fission stylo webrender,4775519,77,ms,firefox,,1714116149,2023-06-19 19:03:14,1259928,,,,,,,,,,,,,,,,,,,,,,,,,,,,,,,,,,,,,,,,,,,,,,,,,TN
141,edef1940a6bd4d95b235e43b1cada493f561f78a,0.8746533638718361,autoland,4775609,12,d42f896683fcaa492a6c00f43ebeea3a7281573d,macosx1015-64-shippable-qr,True,False,,,102210fe594ee9b33d82058545b1ed14f4c8206e,custom.styleeditor.reload.DAMP,damp,True,damp custom.styleeditor.reload.DAMP opt e10s fission stylo webrender,4775519,77,ms,firefox,,1714210261,2023-06-19 23:03:46,1260042,,,,,,,,,,,,,,,,,,,,,,,,,,,,,,,,,,,,,,,,,,,,,,,,,TN
142,a4b679a79f2fa00877013dfcc1a886078d728328,0.8277332008694356,autoland,4775609,12,d42f896683fcaa492a6c00f43ebeea3a7281573d,macosx1015-64-shippable-qr,True,False,,,102210fe594ee9b33d82058545b1ed14f4c8206e,custom.styleeditor.reload.DAMP,damp,True,damp custom.styleeditor.reload.DAMP opt e10s fission stylo webrender,4775519,77,ms,firefox,,1714361047,2023-06-20 04:00:20,1260102,,,,,,,,,,,,,,,,,,,,,,,,,,,,,,,,,,,,,,,,,,,,,,,,,TN
143,ce5a84713c8b968709940f18f143d251da4fcb83,0.8615182569027002,autoland,4775609,12,d42f896683fcaa492a6c00f43ebeea3a7281573d,macosx1015-64-shippable-qr,True,False,,,102210fe594ee9b33d82058545b1ed14f4c8206e,custom.styleeditor.reload.DAMP,damp,True,damp custom.styleeditor.reload.DAMP opt e10s fission stylo webrender,4775519,77,ms,firefox,,1714423490,2023-06-20 05:17:25,1260124,,,,,,,,,,,,,,,,,,,,,,,,,,,,,,,,,,,,,,,,,,,,,,,,,TN
144,caf02cdd31992e89c9bd81c5ec4d391070651f3a,0.9794598326168849,autoland,4775609,12,d42f896683fcaa492a6c00f43ebeea3a7281573d,macosx1015-64-shippable-qr,True,False,,,102210fe594ee9b33d82058545b1ed14f4c8206e,custom.styleeditor.reload.DAMP,damp,True,damp custom.styleeditor.reload.DAMP opt e10s fission stylo webrender,4775519,77,ms,firefox,,1714499398,2023-06-20 09:18:46,1260213,,,,,,,,,,,,,,,,,,,,,,,,,,,,,,,,,,,,,,,,,,,,,,,,,TN
145,5ade2b37847325019878bde832493c342759d7eb,0.823527711007783,autoland,4775609,12,d42f896683fcaa492a6c00f43ebeea3a7281573d,macosx1015-64-shippable-qr,True,False,,,102210fe594ee9b33d82058545b1ed14f4c8206e,custom.styleeditor.reload.DAMP,damp,True,damp custom.styleeditor.reload.DAMP opt e10s fission stylo webrender,4775519,77,ms,firefox,,1714716268,2023-06-20 12:29:52,1260284,,,,,,,,,,,,,,,,,,,,,,,,,,,,,,,,,,,,,,,,,,,,,,,,,TN
146,1877c1e6db6f8a23c52ab9238c7f62d0b696f0ce,0.9697910701993495,autoland,4775609,12,d42f896683fcaa492a6c00f43ebeea3a7281573d,macosx1015-64-shippable-qr,True,False,,,102210fe594ee9b33d82058545b1ed14f4c8206e,custom.styleeditor.reload.DAMP,damp,True,damp custom.styleeditor.reload.DAMP opt e10s fission stylo webrender,4775519,77,ms,firefox,,1714964419,2023-06-20 16:34:00,1260512,,,,,,,,,,,,,,,,,,,,,,,,,,,,,,,,,,,,,,,,,,,,,,,,,TN
147,2ad5c2418b372960126440af5aa568104de3bfb8,0.9705534116267167,autoland,4775609,12,d42f896683fcaa492a6c00f43ebeea3a7281573d,macosx1015-64-shippable-qr,True,False,,,102210fe594ee9b33d82058545b1ed14f4c8206e,custom.styleeditor.reload.DAMP,damp,True,damp custom.styleeditor.reload.DAMP opt e10s fission stylo webrender,4775519,77,ms,firefox,,1714976597,2023-06-20 16:35:53,1260515,,,,,,,,,,,,,,,,,,,,,,,,,,,,,,,,,,,,,,,,,,,,,,,,,TN
148,143aa1574b8d50e4d2ddd1a2826b25a8418f13c1,0.9621343065703287,autoland,4775609,12,d42f896683fcaa492a6c00f43ebeea3a7281573d,macosx1015-64-shippable-qr,True,False,,,102210fe594ee9b33d82058545b1ed14f4c8206e,custom.styleeditor.reload.DAMP,damp,True,damp custom.styleeditor.reload.DAMP opt e10s fission stylo webrender,4775519,77,ms,firefox,,1715258255,2023-06-21 00:51:29,1260862,,,,,,,,,,,,,,,,,,,,,,,,,,,,,,,,,,,,,,,,,,,,,,,,,TN
149,7bdf45ed2f6b565e69fdbc44285af78de3271a4e,0.9644176858893172,autoland,4775609,12,d42f896683fcaa492a6c00f43ebeea3a7281573d,macosx1015-64-shippable-qr,True,False,,,102210fe594ee9b33d82058545b1ed14f4c8206e,custom.styleeditor.reload.DAMP,damp,True,damp custom.styleeditor.reload.DAMP opt e10s fission stylo webrender,4775519,77,ms,firefox,,1715298117,2023-06-21 02:28:11,1260905,,,,,,,,,,,,,,,,,,,,,,,,,,,,,,,,,,,,,,,,,,,,,,,,,TN
150,8a382f0bd3211346516d54c647d157320335a806,1.0,autoland,4775609,12,d42f896683fcaa492a6c00f43ebeea3a7281573d,macosx1015-64-shippable-qr,True,False,,,102210fe594ee9b33d82058545b1ed14f4c8206e,custom.styleeditor.reload.DAMP,damp,True,damp custom.styleeditor.reload.DAMP opt e10s fission stylo webrender,4775519,77,ms,firefox,,1715415181,2023-06-21 06:55:17,1260969,,,,,,,,,,,,,,,,,,,,,,,,,,,,,,,,,,,,,,,,,,,,,,,,,TN
151,4c90403735bebf09d72af91e99745cfcbbae2a35,0.9612042282743738,autoland,4775609,12,d42f896683fcaa492a6c00f43ebeea3a7281573d,macosx1015-64-shippable-qr,True,False,,,102210fe594ee9b33d82058545b1ed14f4c8206e,custom.styleeditor.reload.DAMP,damp,True,damp custom.styleeditor.reload.DAMP opt e10s fission stylo webrender,4775519,77,ms,firefox,,1715441022,2023-06-21 07:34:24,1260998,,,,,,,,,,,,,,,,,,,,,,,,,,,,,,,,,,,,,,,,,,,,,,,,,TN
152,14edc9bcbe5615f748cdb086881c6b983aedf04d,0.967728814802236,autoland,4775609,12,d42f896683fcaa492a6c00f43ebeea3a7281573d,macosx1015-64-shippable-qr,True,False,,,102210fe594ee9b33d82058545b1ed14f4c8206e,custom.styleeditor.reload.DAMP,damp,True,damp custom.styleeditor.reload.DAMP opt e10s fission stylo webrender,4775519,77,ms,firefox,,1715619298,2023-06-21 12:20:35,1261182,,,,,,,,,,,,,,,,,,,,,,,,,,,,,,,,,,,,,,,,,,,,,,,,,TN
153,b94f3d418f54f964368486a65cd5d15e828867db,0.9551232406126515,autoland,4775609,12,d42f896683fcaa492a6c00f43ebeea3a7281573d,macosx1015-64-shippable-qr,True,False,,,102210fe594ee9b33d82058545b1ed14f4c8206e,custom.styleeditor.reload.DAMP,damp,True,damp custom.styleeditor.reload.DAMP opt e10s fission stylo webrender,4775519,77,ms,firefox,,1715640850,2023-06-21 12:59:17,1261207,,,,,,,,,,,,,,,,,,,,,,,,,,,,,,,,,,,,,,,,,,,,,,,,,TN
154,702dc0aa87a8c3e4929277c1dc8220a7dd72418f,0.1707424574597451,autoland,4775609,12,d42f896683fcaa492a6c00f43ebeea3a7281573d,macosx1015-64-shippable-qr,True,False,,,102210fe594ee9b33d82058545b1ed14f4c8206e,custom.styleeditor.reload.DAMP,damp,True,damp custom.styleeditor.reload.DAMP opt e10s fission stylo webrender,4775519,77,ms,firefox,,1715848637,2023-06-21 16:33:07,1261278,335.09,mozilla-ldap/nchevobbe@mozilla.com,b94f3d418f54f964368486a65cd5d15e828867db,38852.0,69.5,1098.81,2023-06-23 14:03:12.895055,12.0,12.0,,|177676|177747|177748|177749|177750|177751|177752|177753|177754|177755|177756|177757|177758|177759|177773|177774|177775|177776|177809|177810|,,1261207.0,4.0,4.0,,,1839168.0,2023-06-30 09:17:20.309366,,1.0,-763.72,177716.0,,,38852.0,,False,False,nchevobbe@mozilla.com,,,,2023-06-23 09:17:20.309366,,"recover from previous regressions: 
- https://treeherder.mozilla.org/perfherder/alerts?id=38821&hideDwnToInv=0
- https://treeherder.mozilla.org/perfherder/alerts?id=38746&hideDwnToInv=0",OK,,2023-06-23 14:03:12.895157,,,False,,24.83,damp,,,2023-06-28 09:17:20.309366,TP
155,78880280c2765ec0520ece3184fc8fdbac5b5356,0.3716165583377267,autoland,4775609,12,d42f896683fcaa492a6c00f43ebeea3a7281573d,macosx1015-64-shippable-qr,True,False,,,102210fe594ee9b33d82058545b1ed14f4c8206e,custom.styleeditor.reload.DAMP,damp,True,damp custom.styleeditor.reload.DAMP opt e10s fission stylo webrender,4775519,77,ms,firefox,,1715930127,2023-06-21 20:43:57,1261541,,,,,,,,,,,,,,,,,,,,,,,,,,,,,,,,,,,,,,,,,,,,,,,,,TN
156,109834499ca10a69681c6868a23ec828dcf160cf,0.05085535677177194,autoland,4775609,12,d42f896683fcaa492a6c00f43ebeea3a7281573d,macosx1015-64-shippable-qr,True,False,,,102210fe594ee9b33d82058545b1ed14f4c8206e,custom.styleeditor.reload.DAMP,damp,True,damp custom.styleeditor.reload.DAMP opt e10s fission stylo webrender,4775519,77,ms,firefox,,1716021638,2023-06-22 00:43:42,1261782,,,,,,,,,,,,,,,,,,,,,,,,,,,,,,,,,,,,,,,,,,,,,,,,,TN
157,57884604206ce9bb39718006eac660e6e32e5044,0.0872210828843401,autoland,4775609,12,d42f896683fcaa492a6c00f43ebeea3a7281573d,macosx1015-64-shippable-qr,True,False,,,102210fe594ee9b33d82058545b1ed14f4c8206e,custom.styleeditor.reload.DAMP,damp,True,damp custom.styleeditor.reload.DAMP opt e10s fission stylo webrender,4775519,77,ms,firefox,,1716081917,2023-06-22 05:48:27,1261863,,,,,,,,,,,,,,,,,,,,,,,,,,,,,,,,,,,,,,,,,,,,,,,,,TN
158,45769d7ff3c64d7abfcfedd8f05bb7dcb442270c,0.07558847358819515,autoland,4775609,12,d42f896683fcaa492a6c00f43ebeea3a7281573d,macosx1015-64-shippable-qr,True,False,,,102210fe594ee9b33d82058545b1ed14f4c8206e,custom.styleeditor.reload.DAMP,damp,True,damp custom.styleeditor.reload.DAMP opt e10s fission stylo webrender,4775519,77,ms,firefox,,1716117966,2023-06-22 07:29:35,1261886,,,,,,,,,,,,,,,,,,,,,,,,,,,,,,,,,,,,,,,,,,,,,,,,,TN
159,3d85ee9f4f736ebc38b26fed33c8681bb512aa92,0.06234365679510606,autoland,4775609,12,d42f896683fcaa492a6c00f43ebeea3a7281573d,macosx1015-64-shippable-qr,True,False,,,102210fe594ee9b33d82058545b1ed14f4c8206e,custom.styleeditor.reload.DAMP,damp,True,damp custom.styleeditor.reload.DAMP opt e10s fission stylo webrender,4775519,77,ms,firefox,,1716236638,2023-06-22 11:39:08,1262053,,,,,,,,,,,,,,,,,,,,,,,,,,,,,,,,,,,,,,,,,,,,,,,,,TN
160,b9e51e69d0451a93822b61cc15d72666124f02dd,0.026166647618698247,autoland,4775609,12,d42f896683fcaa492a6c00f43ebeea3a7281573d,macosx1015-64-shippable-qr,True,False,,,102210fe594ee9b33d82058545b1ed14f4c8206e,custom.styleeditor.reload.DAMP,damp,True,damp custom.styleeditor.reload.DAMP opt e10s fission stylo webrender,4775519,77,ms,firefox,,1716371299,2023-06-22 14:41:02,1262179,,,,,,,,,,,,,,,,,,,,,,,,,,,,,,,,,,,,,,,,,,,,,,,,,TN
161,9a98c67180c5914db4ca78d4fc36d6d0721d24a9,0.08604350693123747,autoland,4775609,12,d42f896683fcaa492a6c00f43ebeea3a7281573d,macosx1015-64-shippable-qr,True,False,,,102210fe594ee9b33d82058545b1ed14f4c8206e,custom.styleeditor.reload.DAMP,damp,True,damp custom.styleeditor.reload.DAMP opt e10s fission stylo webrender,4775519,77,ms,firefox,,1716704813,2023-06-22 18:48:21,1262325,,,,,,,,,,,,,,,,,,,,,,,,,,,,,,,,,,,,,,,,,,,,,,,,,TN
162,4b261191412d4972eaab59ddb358f2eef865280d,0.06829606255528547,autoland,4775609,12,d42f896683fcaa492a6c00f43ebeea3a7281573d,macosx1015-64-shippable-qr,True,False,,,102210fe594ee9b33d82058545b1ed14f4c8206e,custom.styleeditor.reload.DAMP,damp,True,damp custom.styleeditor.reload.DAMP opt e10s fission stylo webrender,4775519,77,ms,firefox,,1716710112,2023-06-22 19:02:55,1262337,,,,,,,,,,,,,,,,,,,,,,,,,,,,,,,,,,,,,,,,,,,,,,,,,TN
163,ec702239c313d37f8ee8d6b4d9b78aba8d4b6580,0.0662045443302346,autoland,4775609,12,d42f896683fcaa492a6c00f43ebeea3a7281573d,macosx1015-64-shippable-qr,True,False,,,102210fe594ee9b33d82058545b1ed14f4c8206e,custom.styleeditor.reload.DAMP,damp,True,damp custom.styleeditor.reload.DAMP opt e10s fission stylo webrender,4775519,77,ms,firefox,,1716759884,2023-06-22 22:58:49,1262495,,,,,,,,,,,,,,,,,,,,,,,,,,,,,,,,,,,,,,,,,,,,,,,,,TN
164,a9c0bee966a1e0b10528a9b41b3dcea34ee95b83,0.06349593302916784,autoland,4775609,12,d42f896683fcaa492a6c00f43ebeea3a7281573d,macosx1015-64-shippable-qr,True,False,,,102210fe594ee9b33d82058545b1ed14f4c8206e,custom.styleeditor.reload.DAMP,damp,True,damp custom.styleeditor.reload.DAMP opt e10s fission stylo webrender,4775519,77,ms,firefox,,1716860722,2023-06-23 03:22:10,1262648,,,,,,,,,,,,,,,,,,,,,,,,,,,,,,,,,,,,,,,,,,,,,,,,,TN
165,e6ebe768e49bf43fc6465b297a817d1e4994af82,0.06051594119759779,autoland,4775609,12,d42f896683fcaa492a6c00f43ebeea3a7281573d,macosx1015-64-shippable-qr,True,False,,,102210fe594ee9b33d82058545b1ed14f4c8206e,custom.styleeditor.reload.DAMP,damp,True,damp custom.styleeditor.reload.DAMP opt e10s fission stylo webrender,4775519,77,ms,firefox,,1716841769,2023-06-23 06:38:21,1262712,,,,,,,,,,,,,,,,,,,,,,,,,,,,,,,,,,,,,,,,,,,,,,,,,TN
166,21d4902198ae482d7fd52735881f90fb09ffaa07,0.08126256817697092,autoland,4775609,12,d42f896683fcaa492a6c00f43ebeea3a7281573d,macosx1015-64-shippable-qr,True,False,,,102210fe594ee9b33d82058545b1ed14f4c8206e,custom.styleeditor.reload.DAMP,damp,True,damp custom.styleeditor.reload.DAMP opt e10s fission stylo webrender,4775519,77,ms,firefox,,1717175862,2023-06-23 14:10:04,1262960,,,,,,,,,,,,,,,,,,,,,,,,,,,,,,,,,,,,,,,,,,,,,,,,,TN
167,801ba619d741b520231e6a0791457e7b44bef641,0.07843405815959781,autoland,4775609,12,d42f896683fcaa492a6c00f43ebeea3a7281573d,macosx1015-64-shippable-qr,True,False,,,102210fe594ee9b33d82058545b1ed14f4c8206e,custom.styleeditor.reload.DAMP,damp,True,damp custom.styleeditor.reload.DAMP opt e10s fission stylo webrender,4775519,77,ms,firefox,,1717136724,2023-06-23 14:24:51,1262973,,,,,,,,,,,,,,,,,,,,,,,,,,,,,,,,,,,,,,,,,,,,,,,,,TN
168,efb1631077da0ef473b1fe37d64cd6f652c34f37,0.08568943154033337,autoland,4775609,12,d42f896683fcaa492a6c00f43ebeea3a7281573d,macosx1015-64-shippable-qr,True,False,,,102210fe594ee9b33d82058545b1ed14f4c8206e,custom.styleeditor.reload.DAMP,damp,True,damp custom.styleeditor.reload.DAMP opt e10s fission stylo webrender,4775519,77,ms,firefox,,1717211768,2023-06-23 18:49:22,1263094,,,,,,,,,,,,,,,,,,,,,,,,,,,,,,,,,,,,,,,,,,,,,,,,,TN
169,3cfaf216653a2de7529a3bc74907ea4fecc21912,0.06573045832348956,autoland,4775609,12,d42f896683fcaa492a6c00f43ebeea3a7281573d,macosx1015-64-shippable-qr,True,False,,,102210fe594ee9b33d82058545b1ed14f4c8206e,custom.styleeditor.reload.DAMP,damp,True,damp custom.styleeditor.reload.DAMP opt e10s fission stylo webrender,4775519,77,ms,firefox,,1717225982,2023-06-23 19:29:51,1263108,,,,,,,,,,,,,,,,,,,,,,,,,,,,,,,,,,,,,,,,,,,,,,,,,TN
170,45c221c4d7560f0ab2b6f7c4d113e2f96d73e994,0.0648989975348711,autoland,4775609,12,d42f896683fcaa492a6c00f43ebeea3a7281573d,macosx1015-64-shippable-qr,True,False,,,102210fe594ee9b33d82058545b1ed14f4c8206e,custom.styleeditor.reload.DAMP,damp,True,damp custom.styleeditor.reload.DAMP opt e10s fission stylo webrender,4775519,77,ms,firefox,,1717254714,2023-06-23 23:33:35,1263150,,,,,,,,,,,,,,,,,,,,,,,,,,,,,,,,,,,,,,,,,,,,,,,,,TN
171,31d5ffaf0b16a722c89e3bc6043d1a6dd2df4f59,0.09562164004270662,autoland,4775609,12,d42f896683fcaa492a6c00f43ebeea3a7281573d,macosx1015-64-shippable-qr,True,False,,,102210fe594ee9b33d82058545b1ed14f4c8206e,custom.styleeditor.reload.DAMP,damp,True,damp custom.styleeditor.reload.DAMP opt e10s fission stylo webrender,4775519,77,ms,firefox,,1717381044,2023-06-24 17:55:21,1263267,,,,,,,,,,,,,,,,,,,,,,,,,,,,,,,,,,,,,,,,,,,,,,,,,TN
172,a529a3830f684519fc2c2ffb6fbe1b1e77930e71,0.0862965874979924,autoland,4775609,12,d42f896683fcaa492a6c00f43ebeea3a7281573d,macosx1015-64-shippable-qr,True,False,,,102210fe594ee9b33d82058545b1ed14f4c8206e,custom.styleeditor.reload.DAMP,damp,True,damp custom.styleeditor.reload.DAMP opt e10s fission stylo webrender,4775519,77,ms,firefox,,1717501805,2023-06-25 11:25:42,1263317,,,,,,,,,,,,,,,,,,,,,,,,,,,,,,,,,,,,,,,,,,,,,,,,,TN
173,391b29854d65124c758af8d7a7765b53ec46b9bf,0.06225415855212563,autoland,4775609,12,d42f896683fcaa492a6c00f43ebeea3a7281573d,macosx1015-64-shippable-qr,True,False,,,102210fe594ee9b33d82058545b1ed14f4c8206e,custom.styleeditor.reload.DAMP,damp,True,damp custom.styleeditor.reload.DAMP opt e10s fission stylo webrender,4775519,77,ms,firefox,,1717623883,2023-06-26 01:53:17,1263401,,,,,,,,,,,,,,,,,,,,,,,,,,,,,,,,,,,,,,,,,,,,,,,,,TN
174,b8784b3350a10d9ba119e133ba1afe2fa2862b64,0.06076933826451819,autoland,4775609,12,d42f896683fcaa492a6c00f43ebeea3a7281573d,macosx1015-64-shippable-qr,True,False,,,102210fe594ee9b33d82058545b1ed14f4c8206e,custom.styleeditor.reload.DAMP,damp,True,damp custom.styleeditor.reload.DAMP opt e10s fission stylo webrender,4775519,77,ms,firefox,,1717713120,2023-06-26 08:39:50,1263470,,,,,,,,,,,,,,,,,,,,,,,,,,,,,,,,,,,,,,,,,,,,,,,,,TN
175,147bbf0910da38bd103a6cac5b77bca042225107,0.06687499538756941,autoland,4775609,12,d42f896683fcaa492a6c00f43ebeea3a7281573d,macosx1015-64-shippable-qr,True,False,,,102210fe594ee9b33d82058545b1ed14f4c8206e,custom.styleeditor.reload.DAMP,damp,True,damp custom.styleeditor.reload.DAMP opt e10s fission stylo webrender,4775519,77,ms,firefox,,1717814878,2023-06-26 12:15:47,1263599,,,,,,,,,,,,,,,,,,,,,,,,,,,,,,,,,,,,,,,,,,,,,,,,,TN
176,43533d1489bc82330991d4cbac2d5b8e704b7558,0.06877899465983861,autoland,4775609,12,d42f896683fcaa492a6c00f43ebeea3a7281573d,macosx1015-64-shippable-qr,True,False,,,102210fe594ee9b33d82058545b1ed14f4c8206e,custom.styleeditor.reload.DAMP,damp,True,damp custom.styleeditor.reload.DAMP opt e10s fission stylo webrender,4775519,77,ms,firefox,,1718627277,2023-06-26 19:17:54,1263990,,,,,,,,,,,,,,,,,,,,,,,,,,,,,,,,,,,,,,,,,,,,,,,,,TN
177,e0d8554167a0aad02af68198462e91dd05958593,0.09042403510676639,autoland,4775609,12,d42f896683fcaa492a6c00f43ebeea3a7281573d,macosx1015-64-shippable-qr,True,False,,,102210fe594ee9b33d82058545b1ed14f4c8206e,custom.styleeditor.reload.DAMP,damp,True,damp custom.styleeditor.reload.DAMP opt e10s fission stylo webrender,4775519,77,ms,firefox,,1718820585,2023-06-27 04:20:21,1264240,,,,,,,,,,,,,,,,,,,,,,,,,,,,,,,,,,,,,,,,,,,,,,,,,TN
178,e963fffcb3a0375f0c08e6c62d4300cbf79fba0b,0.0708278753187761,autoland,4775609,12,d42f896683fcaa492a6c00f43ebeea3a7281573d,macosx1015-64-shippable-qr,True,False,,,102210fe594ee9b33d82058545b1ed14f4c8206e,custom.styleeditor.reload.DAMP,damp,True,damp custom.styleeditor.reload.DAMP opt e10s fission stylo webrender,4775519,77,ms,firefox,,1718834783,2023-06-27 07:09:08,1264287,,,,,,,,,,,,,,,,,,,,,,,,,,,,,,,,,,,,,,,,,,,,,,,,,TN
179,96efb14c1b2e225253f22aae7b217fdd48b4cb9f,0.07868585626980978,autoland,4775609,12,d42f896683fcaa492a6c00f43ebeea3a7281573d,macosx1015-64-shippable-qr,True,False,,,102210fe594ee9b33d82058545b1ed14f4c8206e,custom.styleeditor.reload.DAMP,damp,True,damp custom.styleeditor.reload.DAMP opt e10s fission stylo webrender,4775519,77,ms,firefox,,1718914719,2023-06-27 11:13:52,1264423,,,,,,,,,,,,,,,,,,,,,,,,,,,,,,,,,,,,,,,,,,,,,,,,,TN
180,c041b113d5acbf06ba2e6161d9a1ef4fa5b3636b,0.06092919773431177,autoland,4775609,12,d42f896683fcaa492a6c00f43ebeea3a7281573d,macosx1015-64-shippable-qr,True,False,,,102210fe594ee9b33d82058545b1ed14f4c8206e,custom.styleeditor.reload.DAMP,damp,True,damp custom.styleeditor.reload.DAMP opt e10s fission stylo webrender,4775519,77,ms,firefox,,1718901015,2023-06-27 15:57:28,1264575,,,,,,,,,,,,,,,,,,,,,,,,,,,,,,,,,,,,,,,,,,,,,,,,,TN
181,da38525a017e6dd411f2c2ccd84d286d86bdad8d,0.04767195241243699,autoland,4775609,12,d42f896683fcaa492a6c00f43ebeea3a7281573d,macosx1015-64-shippable-qr,True,False,,,102210fe594ee9b33d82058545b1ed14f4c8206e,custom.styleeditor.reload.DAMP,damp,True,damp custom.styleeditor.reload.DAMP opt e10s fission stylo webrender,4775519,77,ms,firefox,,1718871743,2023-06-27 16:17:01,1264584,,,,,,,,,,,,,,,,,,,,,,,,,,,,,,,,,,,,,,,,,,,,,,,,,TN
182,80adb872a3d1e32f459e5cf3bc77e47008da925f,0.08187264504185354,autoland,4775609,12,d42f896683fcaa492a6c00f43ebeea3a7281573d,macosx1015-64-shippable-qr,True,False,,,102210fe594ee9b33d82058545b1ed14f4c8206e,custom.styleeditor.reload.DAMP,damp,True,damp custom.styleeditor.reload.DAMP opt e10s fission stylo webrender,4775519,77,ms,firefox,,1718928635,2023-06-27 20:57:27,1264834,,,,,,,,,,,,,,,,,,,,,,,,,,,,,,,,,,,,,,,,,,,,,,,,,TN
183,591e3233df273509a8c0d0ccd1cc32795ae584dc,0.061458451862047736,autoland,4775609,12,d42f896683fcaa492a6c00f43ebeea3a7281573d,macosx1015-64-shippable-qr,True,False,,,102210fe594ee9b33d82058545b1ed14f4c8206e,custom.styleeditor.reload.DAMP,damp,True,damp custom.styleeditor.reload.DAMP opt e10s fission stylo webrender,4775519,77,ms,firefox,,1718949942,2023-06-28 00:04:05,1264952,,,,,,,,,,,,,,,,,,,,,,,,,,,,,,,,,,,,,,,,,,,,,,,,,TN
184,ecb2997338f1c9a2059192ce04d01243537176b9,0.110554671549765,autoland,4775609,12,d42f896683fcaa492a6c00f43ebeea3a7281573d,macosx1015-64-shippable-qr,True,False,,,102210fe594ee9b33d82058545b1ed14f4c8206e,custom.styleeditor.reload.DAMP,damp,True,damp custom.styleeditor.reload.DAMP opt e10s fission stylo webrender,4775519,77,ms,firefox,,1718973701,2023-06-28 03:09:49,1265035,,,,,,,,,,,,,,,,,,,,,,,,,,,,,,,,,,,,,,,,,,,,,,,,,TN
185,51b6f36ff37d4b6906ec5cab830b1e283c6f7395,0.0867318619156815,autoland,4775609,12,d42f896683fcaa492a6c00f43ebeea3a7281573d,macosx1015-64-shippable-qr,True,False,,,102210fe594ee9b33d82058545b1ed14f4c8206e,custom.styleeditor.reload.DAMP,damp,True,damp custom.styleeditor.reload.DAMP opt e10s fission stylo webrender,4775519,77,ms,firefox,,1719010334,2023-06-28 07:19:30,1265110,,,,,,,,,,,,,,,,,,,,,,,,,,,,,,,,,,,,,,,,,,,,,,,,,TN
186,3b7b3970a88459c11033effb61df89644e963bda,0.06464599595602477,autoland,4775609,12,d42f896683fcaa492a6c00f43ebeea3a7281573d,macosx1015-64-shippable-qr,True,False,,,102210fe594ee9b33d82058545b1ed14f4c8206e,custom.styleeditor.reload.DAMP,damp,True,damp custom.styleeditor.reload.DAMP opt e10s fission stylo webrender,4775519,77,ms,firefox,,1719445414,2023-06-28 11:29:09,1265214,,,,,,,,,,,,,,,,,,,,,,,,,,,,,,,,,,,,,,,,,,,,,,,,,TN
187,c20ba5651ee046629ef49efd2e49f6214c3ae520,0.06236139013025477,autoland,4775609,12,d42f896683fcaa492a6c00f43ebeea3a7281573d,macosx1015-64-shippable-qr,True,False,,,102210fe594ee9b33d82058545b1ed14f4c8206e,custom.styleeditor.reload.DAMP,damp,True,damp custom.styleeditor.reload.DAMP opt e10s fission stylo webrender,4775519,77,ms,firefox,,1719494936,2023-06-28 14:16:43,1265309,,,,,,,,,,,,,,,,,,,,,,,,,,,,,,,,,,,,,,,,,,,,,,,,,TN
188,0df511b69760b69959818e34e07aa74a0ad7061a,0.07414376325349009,autoland,4775609,12,d42f896683fcaa492a6c00f43ebeea3a7281573d,macosx1015-64-shippable-qr,True,False,,,102210fe594ee9b33d82058545b1ed14f4c8206e,custom.styleeditor.reload.DAMP,damp,True,damp custom.styleeditor.reload.DAMP opt e10s fission stylo webrender,4775519,77,ms,firefox,,1719517244,2023-06-28 17:34:48,1265473,,,,,,,,,,,,,,,,,,,,,,,,,,,,,,,,,,,,,,,,,,,,,,,,,TN
189,d18ee9401610559d6724af1cf6a4ba7ca620f195,0.06155016725190465,autoland,4775609,12,d42f896683fcaa492a6c00f43ebeea3a7281573d,macosx1015-64-shippable-qr,True,False,,,102210fe594ee9b33d82058545b1ed14f4c8206e,custom.styleeditor.reload.DAMP,damp,True,damp custom.styleeditor.reload.DAMP opt e10s fission stylo webrender,4775519,77,ms,firefox,,1719553619,2023-06-28 21:47:35,1265682,,,,,,,,,,,,,,,,,,,,,,,,,,,,,,,,,,,,,,,,,,,,,,,,,TN
190,bab00f4f94d567cf8ccf12e64f4e5cccc2ab6783,0.08704596174284768,autoland,4775609,12,d42f896683fcaa492a6c00f43ebeea3a7281573d,macosx1015-64-shippable-qr,True,False,,,102210fe594ee9b33d82058545b1ed14f4c8206e,custom.styleeditor.reload.DAMP,damp,True,damp custom.styleeditor.reload.DAMP opt e10s fission stylo webrender,4775519,77,ms,firefox,,1719598423,2023-06-29 02:28:53,1265821,,,,,,,,,,,,,,,,,,,,,,,,,,,,,,,,,,,,,,,,,,,,,,,,,TN
191,046c4b8aaa8932f15825dc4decd3911bb048e7f5,0.14751321182835814,autoland,4775609,12,d42f896683fcaa492a6c00f43ebeea3a7281573d,macosx1015-64-shippable-qr,True,False,,,102210fe594ee9b33d82058545b1ed14f4c8206e,custom.styleeditor.reload.DAMP,damp,True,damp custom.styleeditor.reload.DAMP opt e10s fission stylo webrender,4775519,77,ms,firefox,,1719697690,2023-06-29 08:54:52,1265934,,,,,,,,,,,,,,,,,,,,,,,,,,,,,,,,,,,,,,,,,,,,,,,,,TN
192,e784085dfb507c237319c40245ef0b32ddcf82b0,0.08696075627354621,autoland,4775609,12,d42f896683fcaa492a6c00f43ebeea3a7281573d,macosx1015-64-shippable-qr,True,False,,,102210fe594ee9b33d82058545b1ed14f4c8206e,custom.styleeditor.reload.DAMP,damp,True,damp custom.styleeditor.reload.DAMP opt e10s fission stylo webrender,4775519,77,ms,firefox,,1719812976,2023-06-29 12:57:39,1266033,,,,,,,,,,,,,,,,,,,,,,,,,,,,,,,,,,,,,,,,,,,,,,,,,TN
193,573b87117fd3efdb12ffb05692f97323c07a9900,0.06965766444010069,autoland,4775609,12,d42f896683fcaa492a6c00f43ebeea3a7281573d,macosx1015-64-shippable-qr,True,False,,,102210fe594ee9b33d82058545b1ed14f4c8206e,custom.styleeditor.reload.DAMP,damp,True,damp custom.styleeditor.reload.DAMP opt e10s fission stylo webrender,4775519,77,ms,firefox,,1719911121,2023-06-29 15:22:27,1266105,,,,,,,,,,,,,,,,,,,,,,,,,,,,,,,,,,,,,,,,,,,,,,,,,TN
194,c5ac7e957828eeda97a3af6fc706f41aa567e48e,0.08026783114275554,autoland,4775609,12,d42f896683fcaa492a6c00f43ebeea3a7281573d,macosx1015-64-shippable-qr,True,False,,,102210fe594ee9b33d82058545b1ed14f4c8206e,custom.styleeditor.reload.DAMP,damp,True,damp custom.styleeditor.reload.DAMP opt e10s fission stylo webrender,4775519,77,ms,firefox,,1719951340,2023-06-29 19:36:56,1266292,,,,,,,,,,,,,,,,,,,,,,,,,,,,,,,,,,,,,,,,,,,,,,,,,TN
195,e37ddb3aa508e953837fbd08afec4a2aa6f7f5ed,0.11541163178277025,autoland,4775609,12,d42f896683fcaa492a6c00f43ebeea3a7281573d,macosx1015-64-shippable-qr,True,False,,,102210fe594ee9b33d82058545b1ed14f4c8206e,custom.styleeditor.reload.DAMP,damp,True,damp custom.styleeditor.reload.DAMP opt e10s fission stylo webrender,4775519,77,ms,firefox,,1719970511,2023-06-29 20:41:17,1266342,,,,,,,,,,,,,,,,,,,,,,,,,,,,,,,,,,,,,,,,,,,,,,,,,TN
196,e547d8e238568d790c74653068edac30240a95c5,0.0860211994279298,autoland,4775609,12,d42f896683fcaa492a6c00f43ebeea3a7281573d,macosx1015-64-shippable-qr,True,False,,,102210fe594ee9b33d82058545b1ed14f4c8206e,custom.styleeditor.reload.DAMP,damp,True,damp custom.styleeditor.reload.DAMP opt e10s fission stylo webrender,4775519,77,ms,firefox,,1720055779,2023-06-30 01:00:02,1266447,,,,,,,,,,,,,,,,,,,,,,,,,,,,,,,,,,,,,,,,,,,,,,,,,TN
197,9bc27d87fa29fd921612525cc37e24f0ec3ba76b,0.09915160497060993,autoland,4775609,12,d42f896683fcaa492a6c00f43ebeea3a7281573d,macosx1015-64-shippable-qr,True,False,,,102210fe594ee9b33d82058545b1ed14f4c8206e,custom.styleeditor.reload.DAMP,damp,True,damp custom.styleeditor.reload.DAMP opt e10s fission stylo webrender,4775519,77,ms,firefox,,1720160041,2023-06-30 08:19:33,1266526,,,,,,,,,,,,,,,,,,,,,,,,,,,,,,,,,,,,,,,,,,,,,,,,,TN
198,0abcd848f8218f0e2d339bbd497ac60f4a3b752c,0.07997734157095254,autoland,4775609,12,d42f896683fcaa492a6c00f43ebeea3a7281573d,macosx1015-64-shippable-qr,True,False,,,102210fe594ee9b33d82058545b1ed14f4c8206e,custom.styleeditor.reload.DAMP,damp,True,damp custom.styleeditor.reload.DAMP opt e10s fission stylo webrender,4775519,77,ms,firefox,,1720257553,2023-06-30 13:51:38,1266633,,,,,,,,,,,,,,,,,,,,,,,,,,,,,,,,,,,,,,,,,,,,,,,,,TN
199,8ee32af33954493677c04d2dad76681d20d37c02,0.0766713320621813,autoland,4775609,12,d42f896683fcaa492a6c00f43ebeea3a7281573d,macosx1015-64-shippable-qr,True,False,,,102210fe594ee9b33d82058545b1ed14f4c8206e,custom.styleeditor.reload.DAMP,damp,True,damp custom.styleeditor.reload.DAMP opt e10s fission stylo webrender,4775519,77,ms,firefox,,1720359787,2023-07-01 00:00:49,1266825,,,,,,,,,,,,,,,,,,,,,,,,,,,,,,,,,,,,,,,,,,,,,,,,,TN
200,81b43c5e095f0b0407b6d1a8d4a7f92bf7115e5e,0.06685278771620606,autoland,4775609,12,d42f896683fcaa492a6c00f43ebeea3a7281573d,macosx1015-64-shippable-qr,True,False,,,102210fe594ee9b33d82058545b1ed14f4c8206e,custom.styleeditor.reload.DAMP,damp,True,damp custom.styleeditor.reload.DAMP opt e10s fission stylo webrender,4775519,77,ms,firefox,,1720384307,2023-07-01 02:26:01,1266845,,,,,,,,,,,,,,,,,,,,,,,,,,,,,,,,,,,,,,,,,,,,,,,,,TN
201,e8ccd4d6629a5cde6dd4011e79c55630beb87376,0.0720575361215921,autoland,4775609,12,d42f896683fcaa492a6c00f43ebeea3a7281573d,macosx1015-64-shippable-qr,True,False,,,102210fe594ee9b33d82058545b1ed14f4c8206e,custom.styleeditor.reload.DAMP,damp,True,damp custom.styleeditor.reload.DAMP opt e10s fission stylo webrender,4775519,77,ms,firefox,,1720476371,2023-07-02 04:09:27,1266929,,,,,,,,,,,,,,,,,,,,,,,,,,,,,,,,,,,,,,,,,,,,,,,,,TN
202,93c2b16409e05c7d2b654d2b5356a2b7742b0d18,0.084166972414778,autoland,4775609,12,d42f896683fcaa492a6c00f43ebeea3a7281573d,macosx1015-64-shippable-qr,True,False,,,102210fe594ee9b33d82058545b1ed14f4c8206e,custom.styleeditor.reload.DAMP,damp,True,damp custom.styleeditor.reload.DAMP opt e10s fission stylo webrender,4775519,77,ms,firefox,,1720546117,2023-07-02 10:13:29,1266947,,,,,,,,,,,,,,,,,,,,,,,,,,,,,,,,,,,,,,,,,,,,,,,,,TN
203,8a50b880c83f70597cd2951c74b7e9420d4b55c7,0.08623012136270863,autoland,4775609,12,d42f896683fcaa492a6c00f43ebeea3a7281573d,macosx1015-64-shippable-qr,True,False,,,102210fe594ee9b33d82058545b1ed14f4c8206e,custom.styleeditor.reload.DAMP,damp,True,damp custom.styleeditor.reload.DAMP opt e10s fission stylo webrender,4775519,77,ms,firefox,,1720579030,2023-07-02 16:18:34,1266959,,,,,,,,,,,,,,,,,,,,,,,,,,,,,,,,,,,,,,,,,,,,,,,,,TN
204,03b04345a888d738f358fc74595aabb1dfb2685c,0.08168697078597364,autoland,4775609,12,d42f896683fcaa492a6c00f43ebeea3a7281573d,macosx1015-64-shippable-qr,True,False,,,102210fe594ee9b33d82058545b1ed14f4c8206e,custom.styleeditor.reload.DAMP,damp,True,damp custom.styleeditor.reload.DAMP opt e10s fission stylo webrender,4775519,77,ms,firefox,,1720639532,2023-07-03 04:14:26,1267009,,,,,,,,,,,,,,,,,,,,,,,,,,,,,,,,,,,,,,,,,,,,,,,,,TN
205,3463727761e55956f8308f38f71b1654b79497ca,0.07937217073313674,autoland,4775609,12,d42f896683fcaa492a6c00f43ebeea3a7281573d,macosx1015-64-shippable-qr,True,False,,,102210fe594ee9b33d82058545b1ed14f4c8206e,custom.styleeditor.reload.DAMP,damp,True,damp custom.styleeditor.reload.DAMP opt e10s fission stylo webrender,4775519,77,ms,firefox,,1720719352,2023-07-03 08:58:45,1267059,,,,,,,,,,,,,,,,,,,,,,,,,,,,,,,,,,,,,,,,,,,,,,,,,TN
206,90c1c72030a4d515720d44706816256c0a1e30a8,0.08161219501245254,autoland,4775609,12,d42f896683fcaa492a6c00f43ebeea3a7281573d,macosx1015-64-shippable-qr,True,False,,,102210fe594ee9b33d82058545b1ed14f4c8206e,custom.styleeditor.reload.DAMP,damp,True,damp custom.styleeditor.reload.DAMP opt e10s fission stylo webrender,4775519,77,ms,firefox,,1720716383,2023-07-03 08:59:44,1267060,,,,,,,,,,,,,,,,,,,,,,,,,,,,,,,,,,,,,,,,,,,,,,,,,TN
207,9d50665254899d8431813bdc04178e6006ce6d59,0.15584756120773374,autoland,4775609,12,d42f896683fcaa492a6c00f43ebeea3a7281573d,macosx1015-64-shippable-qr,True,False,,,102210fe594ee9b33d82058545b1ed14f4c8206e,custom.styleeditor.reload.DAMP,damp,True,damp custom.styleeditor.reload.DAMP opt e10s fission stylo webrender,4775519,77,ms,firefox,,1720760098,2023-07-03 14:20:46,1267108,,,,,,,,,,,,,,,,,,,,,,,,,,,,,,,,,,,,,,,,,,,,,,,,,TN
208,a820608802f2194dfc19272bf19b7124a7349b79,0.10355516470531417,autoland,4775609,12,d42f896683fcaa492a6c00f43ebeea3a7281573d,macosx1015-64-shippable-qr,True,False,,,102210fe594ee9b33d82058545b1ed14f4c8206e,custom.styleeditor.reload.DAMP,damp,True,damp custom.styleeditor.reload.DAMP opt e10s fission stylo webrender,4775519,77,ms,firefox,,1720846129,2023-07-04 00:08:48,1267203,,,,,,,,,,,,,,,,,,,,,,,,,,,,,,,,,,,,,,,,,,,,,,,,,TN
209,b2af19e5ff82fa8850262a0693f4941570a30474,0.07693632444515419,autoland,4775609,12,d42f896683fcaa492a6c00f43ebeea3a7281573d,macosx1015-64-shippable-qr,True,False,,,102210fe594ee9b33d82058545b1ed14f4c8206e,custom.styleeditor.reload.DAMP,damp,True,damp custom.styleeditor.reload.DAMP opt e10s fission stylo webrender,4775519,77,ms,firefox,,1720880405,2023-07-04 04:57:05,1267245,,,,,,,,,,,,,,,,,,,,,,,,,,,,,,,,,,,,,,,,,,,,,,,,,TN
210,54bec48c8d6e571fdfbc0694895c371fd3fd08f9,0.08664430491035718,autoland,4775609,12,d42f896683fcaa492a6c00f43ebeea3a7281573d,macosx1015-64-shippable-qr,True,False,,,102210fe594ee9b33d82058545b1ed14f4c8206e,custom.styleeditor.reload.DAMP,damp,True,damp custom.styleeditor.reload.DAMP opt e10s fission stylo webrender,4775519,77,ms,firefox,,1720971329,2023-07-04 07:10:31,1267272,,,,,,,,,,,,,,,,,,,,,,,,,,,,,,,,,,,,,,,,,,,,,,,,,TN
211,da13368ff947a55756c871582b1b13ffb6fa001d,0.08060609084952036,autoland,4775609,12,d42f896683fcaa492a6c00f43ebeea3a7281573d,macosx1015-64-shippable-qr,True,False,,,102210fe594ee9b33d82058545b1ed14f4c8206e,custom.styleeditor.reload.DAMP,damp,True,damp custom.styleeditor.reload.DAMP opt e10s fission stylo webrender,4775519,77,ms,firefox,,1721102085,2023-07-04 11:21:51,1267342,,,,,,,,,,,,,,,,,,,,,,,,,,,,,,,,,,,,,,,,,,,,,,,,,TN
212,3aa1825bf09a37959e97ac4b5eaa3cc4b236b283,0.08285835660985846,autoland,4775609,12,d42f896683fcaa492a6c00f43ebeea3a7281573d,macosx1015-64-shippable-qr,True,False,,,102210fe594ee9b33d82058545b1ed14f4c8206e,custom.styleeditor.reload.DAMP,damp,True,damp custom.styleeditor.reload.DAMP opt e10s fission stylo webrender,4775519,77,ms,firefox,,1721093437,2023-07-04 11:29:32,1267347,,,,,,,,,,,,,,,,,,,,,,,,,,,,,,,,,,,,,,,,,,,,,,,,,TN
213,cf717d6692eb6ff08bb1d0342645c7c6c1dcf8f7,0.10182188793508107,autoland,4775609,12,d42f896683fcaa492a6c00f43ebeea3a7281573d,macosx1015-64-shippable-qr,True,False,,,102210fe594ee9b33d82058545b1ed14f4c8206e,custom.styleeditor.reload.DAMP,damp,True,damp custom.styleeditor.reload.DAMP opt e10s fission stylo webrender,4775519,77,ms,firefox,,1721183661,2023-07-04 15:22:25,1267503,,,,,,,,,,,,,,,,,,,,,,,,,,,,,,,,,,,,,,,,,,,,,,,,,TN
214,a8c47414f934fc13d47ba329f04089ab17eb2407,0.056227651158324454,autoland,4775609,12,d42f896683fcaa492a6c00f43ebeea3a7281573d,macosx1015-64-shippable-qr,True,False,,,102210fe594ee9b33d82058545b1ed14f4c8206e,custom.styleeditor.reload.DAMP,damp,True,damp custom.styleeditor.reload.DAMP opt e10s fission stylo webrender,4775519,77,ms,firefox,,1721312641,2023-07-04 19:21:41,1267627,,,,,,,,,,,,,,,,,,,,,,,,,,,,,,,,,,,,,,,,,,,,,,,,,TN
215,3639b6891b332ea6c4ffea87bb2d1139c38b781d,0.07888431011189079,autoland,4775609,12,d42f896683fcaa492a6c00f43ebeea3a7281573d,macosx1015-64-shippable-qr,True,False,,,102210fe594ee9b33d82058545b1ed14f4c8206e,custom.styleeditor.reload.DAMP,damp,True,damp custom.styleeditor.reload.DAMP opt e10s fission stylo webrender,4775519,77,ms,firefox,,1721363978,2023-07-04 23:33:38,1267723,,,,,,,,,,,,,,,,,,,,,,,,,,,,,,,,,,,,,,,,,,,,,,,,,TN
216,243ab04b37e31315f3db16a95bf6535124d9edda,0.08054979276253393,autoland,4775609,12,d42f896683fcaa492a6c00f43ebeea3a7281573d,macosx1015-64-shippable-qr,True,False,,,102210fe594ee9b33d82058545b1ed14f4c8206e,custom.styleeditor.reload.DAMP,damp,True,damp custom.styleeditor.reload.DAMP opt e10s fission stylo webrender,4775519,77,ms,firefox,,1721500040,2023-07-05 03:49:13,1267756,,,,,,,,,,,,,,,,,,,,,,,,,,,,,,,,,,,,,,,,,,,,,,,,,TN
217,9ab7ea679b12d7e209ada3534abf7baf704fe9d4,0.08389543665111232,autoland,4775609,12,d42f896683fcaa492a6c00f43ebeea3a7281573d,macosx1015-64-shippable-qr,True,False,,,102210fe594ee9b33d82058545b1ed14f4c8206e,custom.styleeditor.reload.DAMP,damp,True,damp custom.styleeditor.reload.DAMP opt e10s fission stylo webrender,4775519,77,ms,firefox,,1721548732,2023-07-05 07:58:23,1267796,,,,,,,,,,,,,,,,,,,,,,,,,,,,,,,,,,,,,,,,,,,,,,,,,TN
218,e3f62ea4e59393fe53784906952e9a1417688db1,0.0750763993316948,autoland,4775609,12,d42f896683fcaa492a6c00f43ebeea3a7281573d,macosx1015-64-shippable-qr,True,False,,,102210fe594ee9b33d82058545b1ed14f4c8206e,custom.styleeditor.reload.DAMP,damp,True,damp custom.styleeditor.reload.DAMP opt e10s fission stylo webrender,4775519,77,ms,firefox,,1721627700,2023-07-05 09:46:48,1267838,,,,,,,,,,,,,,,,,,,,,,,,,,,,,,,,,,,,,,,,,,,,,,,,,TN
219,cee4ab20ddeef57e9b72447e753e72ed2eb244cf,0.07263931337226986,autoland,4775609,12,d42f896683fcaa492a6c00f43ebeea3a7281573d,macosx1015-64-shippable-qr,True,False,,,102210fe594ee9b33d82058545b1ed14f4c8206e,custom.styleeditor.reload.DAMP,damp,True,damp custom.styleeditor.reload.DAMP opt e10s fission stylo webrender,4775519,77,ms,firefox,,1721859214,2023-07-05 14:18:53,1267963,,,,,,,,,,,,,,,,,,,,,,,,,,,,,,,,,,,,,,,,,,,,,,,,,TN
220,4613dfbe6bc2e60b1159da46db2edee3018423e1,0.0493842386931132,autoland,4775609,12,d42f896683fcaa492a6c00f43ebeea3a7281573d,macosx1015-64-shippable-qr,True,False,,,102210fe594ee9b33d82058545b1ed14f4c8206e,custom.styleeditor.reload.DAMP,damp,True,damp custom.styleeditor.reload.DAMP opt e10s fission stylo webrender,4775519,77,ms,firefox,,1721876369,2023-07-05 14:38:06,1267976,,,,,,,,,,,,,,,,,,,,,,,,,,,,,,,,,,,,,,,,,,,,,,,,,TN
221,674dc1b6026b9fc62707f0df292dfaf1ba6557f1,0.17860652102867486,autoland,4775609,12,d42f896683fcaa492a6c00f43ebeea3a7281573d,macosx1015-64-shippable-qr,True,False,,,102210fe594ee9b33d82058545b1ed14f4c8206e,custom.styleeditor.reload.DAMP,damp,True,damp custom.styleeditor.reload.DAMP opt e10s fission stylo webrender,4775519,77,ms,firefox,,1721912892,2023-07-05 18:29:49,1268132,,,,,,,,,,,,,,,,,,,,,,,,,,,,,,,,,,,,,,,,,,,,,,,,,TN
222,712427656ebd8d82b78a42d8e45b973aa7c220d7,0.08601573554869701,autoland,4775609,12,d42f896683fcaa492a6c00f43ebeea3a7281573d,macosx1015-64-shippable-qr,True,False,,,102210fe594ee9b33d82058545b1ed14f4c8206e,custom.styleeditor.reload.DAMP,damp,True,damp custom.styleeditor.reload.DAMP opt e10s fission stylo webrender,4775519,77,ms,firefox,,1721936554,2023-07-05 21:03:11,1268236,,,,,,,,,,,,,,,,,,,,,,,,,,,,,,,,,,,,,,,,,,,,,,,,,TN
223,a0647e42fb1f509d753d2baacd7858b3ee9a8821,0.08711776833876311,autoland,4775609,12,d42f896683fcaa492a6c00f43ebeea3a7281573d,macosx1015-64-shippable-qr,True,False,,,102210fe594ee9b33d82058545b1ed14f4c8206e,custom.styleeditor.reload.DAMP,damp,True,damp custom.styleeditor.reload.DAMP opt e10s fission stylo webrender,4775519,77,ms,firefox,,1722012057,2023-07-06 01:07:34,1268349,,,,,,,,,,,,,,,,,,,,,,,,,,,,,,,,,,,,,,,,,,,,,,,,,TN
224,1ba8085e68676425907973397d26e7417c1c4a74,0.0795392707616937,autoland,4775609,12,d42f896683fcaa492a6c00f43ebeea3a7281573d,macosx1015-64-shippable-qr,True,False,,,102210fe594ee9b33d82058545b1ed14f4c8206e,custom.styleeditor.reload.DAMP,damp,True,damp custom.styleeditor.reload.DAMP opt e10s fission stylo webrender,4775519,77,ms,firefox,,1722104005,2023-07-06 06:12:07,1268405,,,,,,,,,,,,,,,,,,,,,,,,,,,,,,,,,,,,,,,,,,,,,,,,,TN
225,becc2fa2c186914b1a887e40e6f0e9a6643273eb,0.07619901450707639,autoland,4775609,12,d42f896683fcaa492a6c00f43ebeea3a7281573d,macosx1015-64-shippable-qr,True,False,,,102210fe594ee9b33d82058545b1ed14f4c8206e,custom.styleeditor.reload.DAMP,damp,True,damp custom.styleeditor.reload.DAMP opt e10s fission stylo webrender,4775519,77,ms,firefox,,1722308298,2023-07-06 11:48:20,1268565,,,,,,,,,,,,,,,,,,,,,,,,,,,,,,,,,,,,,,,,,,,,,,,,,TN
226,5b919b11b30bcc659d499c9290a54c3f91d96bd2,0.06825181396484165,autoland,4775609,12,d42f896683fcaa492a6c00f43ebeea3a7281573d,macosx1015-64-shippable-qr,True,False,,,102210fe594ee9b33d82058545b1ed14f4c8206e,custom.styleeditor.reload.DAMP,damp,True,damp custom.styleeditor.reload.DAMP opt e10s fission stylo webrender,4775519,77,ms,firefox,,1722546722,2023-07-06 12:38:53,1268598,,,,,,,,,,,,,,,,,,,,,,,,,,,,,,,,,,,,,,,,,,,,,,,,,TN
227,433f58fbe4180052220b584f15de1d1d6fda065a,0.06907706048904827,autoland,4775609,12,d42f896683fcaa492a6c00f43ebeea3a7281573d,macosx1015-64-shippable-qr,True,False,,,102210fe594ee9b33d82058545b1ed14f4c8206e,custom.styleeditor.reload.DAMP,damp,True,damp custom.styleeditor.reload.DAMP opt e10s fission stylo webrender,4775519,77,ms,firefox,,1722484414,2023-07-06 16:43:39,1268777,,,,,,,,,,,,,,,,,,,,,,,,,,,,,,,,,,,,,,,,,,,,,,,,,TN
228,08f072ae172f3d48b0361ca0d34ead8a0b254e60,0.08987059367307759,autoland,4775609,12,d42f896683fcaa492a6c00f43ebeea3a7281573d,macosx1015-64-shippable-qr,True,False,,,102210fe594ee9b33d82058545b1ed14f4c8206e,custom.styleeditor.reload.DAMP,damp,True,damp custom.styleeditor.reload.DAMP opt e10s fission stylo webrender,4775519,77,ms,firefox,,1722558289,2023-07-06 18:39:07,1268845,,,,,,,,,,,,,,,,,,,,,,,,,,,,,,,,,,,,,,,,,,,,,,,,,TN
229,2c6190b6ecb6ab8933a296c08e753c060a3c2e9b,0.08449026391189207,autoland,4775609,12,d42f896683fcaa492a6c00f43ebeea3a7281573d,macosx1015-64-shippable-qr,True,False,,,102210fe594ee9b33d82058545b1ed14f4c8206e,custom.styleeditor.reload.DAMP,damp,True,damp custom.styleeditor.reload.DAMP opt e10s fission stylo webrender,4775519,77,ms,firefox,,1722572905,2023-07-06 20:44:41,1268939,,,,,,,,,,,,,,,,,,,,,,,,,,,,,,,,,,,,,,,,,,,,,,,,,TN
230,acd3d81337398ace5cd75f251f18da388ed281fa,0.06177252755402579,autoland,4775609,12,d42f896683fcaa492a6c00f43ebeea3a7281573d,macosx1015-64-shippable-qr,True,False,,,102210fe594ee9b33d82058545b1ed14f4c8206e,custom.styleeditor.reload.DAMP,damp,True,damp custom.styleeditor.reload.DAMP opt e10s fission stylo webrender,4775519,77,ms,firefox,,1722652175,2023-07-07 00:51:02,1269038,,,,,,,,,,,,,,,,,,,,,,,,,,,,,,,,,,,,,,,,,,,,,,,,,TN
231,013763c5f493c6232cfa8502e7bcec4b151d9161,0.0771234583318558,autoland,4775609,12,d42f896683fcaa492a6c00f43ebeea3a7281573d,macosx1015-64-shippable-qr,True,False,,,102210fe594ee9b33d82058545b1ed14f4c8206e,custom.styleeditor.reload.DAMP,damp,True,damp custom.styleeditor.reload.DAMP opt e10s fission stylo webrender,4775519,77,ms,firefox,,1722658590,2023-07-07 01:49:15,1269055,,,,,,,,,,,,,,,,,,,,,,,,,,,,,,,,,,,,,,,,,,,,,,,,,TN
232,e4d87ff75575880ea0c0fa09b316e360e4d9492f,0.06724769382470591,autoland,4775609,12,d42f896683fcaa492a6c00f43ebeea3a7281573d,macosx1015-64-shippable-qr,True,False,,,102210fe594ee9b33d82058545b1ed14f4c8206e,custom.styleeditor.reload.DAMP,damp,True,damp custom.styleeditor.reload.DAMP opt e10s fission stylo webrender,4775519,77,ms,firefox,,1722696725,2023-07-07 06:17:26,1269097,,,,,,,,,,,,,,,,,,,,,,,,,,,,,,,,,,,,,,,,,,,,,,,,,TN
233,3a88b97290a0fe46c6fbfcf6dacd91c6b6900aeb,0.07288881260507996,autoland,4775609,12,d42f896683fcaa492a6c00f43ebeea3a7281573d,macosx1015-64-shippable-qr,True,False,,,102210fe594ee9b33d82058545b1ed14f4c8206e,custom.styleeditor.reload.DAMP,damp,True,damp custom.styleeditor.reload.DAMP opt e10s fission stylo webrender,4775519,77,ms,firefox,,1722799435,2023-07-07 10:08:37,1269195,,,,,,,,,,,,,,,,,,,,,,,,,,,,,,,,,,,,,,,,,,,,,,,,,TN
234,fb62b8660fcaa40ecb0be50aa61ba8005dcbba27,0.06933437568564338,autoland,4775609,12,d42f896683fcaa492a6c00f43ebeea3a7281573d,macosx1015-64-shippable-qr,True,False,,,102210fe594ee9b33d82058545b1ed14f4c8206e,custom.styleeditor.reload.DAMP,damp,True,damp custom.styleeditor.reload.DAMP opt e10s fission stylo webrender,4775519,77,ms,firefox,,1722889414,2023-07-07 14:06:48,1269286,,,,,,,,,,,,,,,,,,,,,,,,,,,,,,,,,,,,,,,,,,,,,,,,,TN
235,43977d30a10af8e193044a9aa578f2bc8b33edf7,0.07204999387288608,autoland,4775609,12,d42f896683fcaa492a6c00f43ebeea3a7281573d,macosx1015-64-shippable-qr,True,False,,,102210fe594ee9b33d82058545b1ed14f4c8206e,custom.styleeditor.reload.DAMP,damp,True,damp custom.styleeditor.reload.DAMP opt e10s fission stylo webrender,4775519,77,ms,firefox,,1722982297,2023-07-07 16:51:44,1269420,,,,,,,,,,,,,,,,,,,,,,,,,,,,,,,,,,,,,,,,,,,,,,,,,TN
236,d2be18e8ce8cd63eaddb8f012d582a2863075164,0.07485299792499522,autoland,4775609,12,d42f896683fcaa492a6c00f43ebeea3a7281573d,macosx1015-64-shippable-qr,True,False,,,102210fe594ee9b33d82058545b1ed14f4c8206e,custom.styleeditor.reload.DAMP,damp,True,damp custom.styleeditor.reload.DAMP opt e10s fission stylo webrender,4775519,77,ms,firefox,,1723208614,2023-07-08 02:51:52,1269678,,,,,,,,,,,,,,,,,,,,,,,,,,,,,,,,,,,,,,,,,,,,,,,,,TN
237,ef7d9ea0c3f751e7c525a136923c9c404c297b1f,0.0598563932149751,autoland,4775609,12,d42f896683fcaa492a6c00f43ebeea3a7281573d,macosx1015-64-shippable-qr,True,False,,,102210fe594ee9b33d82058545b1ed14f4c8206e,custom.styleeditor.reload.DAMP,damp,True,damp custom.styleeditor.reload.DAMP opt e10s fission stylo webrender,4775519,77,ms,firefox,,1723238922,2023-07-08 06:55:09,1269687,,,,,,,,,,,,,,,,,,,,,,,,,,,,,,,,,,,,,,,,,,,,,,,,,TN
238,ee68eebc7bfd59157569f7de331974b06e765482,0.1531824908970324,autoland,4775609,12,d42f896683fcaa492a6c00f43ebeea3a7281573d,macosx1015-64-shippable-qr,True,False,,,102210fe594ee9b33d82058545b1ed14f4c8206e,custom.styleeditor.reload.DAMP,damp,True,damp custom.styleeditor.reload.DAMP opt e10s fission stylo webrender,4775519,77,ms,firefox,,1723353508,2023-07-08 13:13:32,1269721,,,,,,,,,,,,,,,,,,,,,,,,,,,,,,,,,,,,,,,,,,,,,,,,,TN
239,3809d32977a2db97fd06c8fd3214256dc18af9a0,0.08518313382354775,autoland,4775609,12,d42f896683fcaa492a6c00f43ebeea3a7281573d,macosx1015-64-shippable-qr,True,False,,,102210fe594ee9b33d82058545b1ed14f4c8206e,custom.styleeditor.reload.DAMP,damp,True,damp custom.styleeditor.reload.DAMP opt e10s fission stylo webrender,4775519,77,ms,firefox,,1723366377,2023-07-08 13:22:34,1269723,,,,,,,,,,,,,,,,,,,,,,,,,,,,,,,,,,,,,,,,,,,,,,,,,TN
240,3b3b41fc7f1dad97415448fb4652eb636903a02a,0.15836572332384002,autoland,4775609,12,d42f896683fcaa492a6c00f43ebeea3a7281573d,macosx1015-64-shippable-qr,True,False,,,102210fe594ee9b33d82058545b1ed14f4c8206e,custom.styleeditor.reload.DAMP,damp,True,damp custom.styleeditor.reload.DAMP opt e10s fission stylo webrender,4775519,77,ms,firefox,,1723415285,2023-07-08 18:13:28,1269751,,,,,,,,,,,,,,,,,,,,,,,,,,,,,,,,,,,,,,,,,,,,,,,,,TN
241,47c72d2828f6f406fbe77758e1ae8cd7837af977,0.07966544792007962,autoland,4775609,12,d42f896683fcaa492a6c00f43ebeea3a7281573d,macosx1015-64-shippable-qr,True,False,,,102210fe594ee9b33d82058545b1ed14f4c8206e,custom.styleeditor.reload.DAMP,damp,True,damp custom.styleeditor.reload.DAMP opt e10s fission stylo webrender,4775519,77,ms,firefox,,1723486717,2023-07-08 22:36:06,1269766,,,,,,,,,,,,,,,,,,,,,,,,,,,,,,,,,,,,,,,,,,,,,,,,,TN
242,2ac0f03815253b96c145a52b1762ed04c50f079d,0.0742435770986209,autoland,4775609,12,d42f896683fcaa492a6c00f43ebeea3a7281573d,macosx1015-64-shippable-qr,True,False,,,102210fe594ee9b33d82058545b1ed14f4c8206e,custom.styleeditor.reload.DAMP,damp,True,damp custom.styleeditor.reload.DAMP opt e10s fission stylo webrender,4775519,77,ms,firefox,,1723509311,2023-07-09 03:04:33,1269805,,,,,,,,,,,,,,,,,,,,,,,,,,,,,,,,,,,,,,,,,,,,,,,,,TN
243,60d4eb46c8b40ab0cd000c9ef298c63c45539be7,0.07706196514396729,autoland,4775609,12,d42f896683fcaa492a6c00f43ebeea3a7281573d,macosx1015-64-shippable-qr,True,False,,,102210fe594ee9b33d82058545b1ed14f4c8206e,custom.styleeditor.reload.DAMP,damp,True,damp custom.styleeditor.reload.DAMP opt e10s fission stylo webrender,4775519,77,ms,firefox,,1723575501,2023-07-09 11:37:17,1269836,,,,,,,,,,,,,,,,,,,,,,,,,,,,,,,,,,,,,,,,,,,,,,,,,TN
244,38657e8c266f862cee349b298d0679f6617a8a63,0.07024342948337253,autoland,4775609,12,d42f896683fcaa492a6c00f43ebeea3a7281573d,macosx1015-64-shippable-qr,True,False,,,102210fe594ee9b33d82058545b1ed14f4c8206e,custom.styleeditor.reload.DAMP,damp,True,damp custom.styleeditor.reload.DAMP opt e10s fission stylo webrender,4775519,77,ms,firefox,,1723622260,2023-07-09 16:14:27,1269855,,,,,,,,,,,,,,,,,,,,,,,,,,,,,,,,,,,,,,,,,,,,,,,,,TN
245,91d2d276f13316b73f0fed743d543009fcfade03,0.06787692909835302,autoland,4775609,12,d42f896683fcaa492a6c00f43ebeea3a7281573d,macosx1015-64-shippable-qr,True,False,,,102210fe594ee9b33d82058545b1ed14f4c8206e,custom.styleeditor.reload.DAMP,damp,True,damp custom.styleeditor.reload.DAMP opt e10s fission stylo webrender,4775519,77,ms,firefox,,1723641045,2023-07-09 17:38:49,1269870,,,,,,,,,,,,,,,,,,,,,,,,,,,,,,,,,,,,,,,,,,,,,,,,,TN
246,5497748101b60ab9149d6616e70cabc4c11c6cb5,0.0904782630521741,autoland,4775609,12,d42f896683fcaa492a6c00f43ebeea3a7281573d,macosx1015-64-shippable-qr,True,False,,,102210fe594ee9b33d82058545b1ed14f4c8206e,custom.styleeditor.reload.DAMP,damp,True,damp custom.styleeditor.reload.DAMP opt e10s fission stylo webrender,4775519,77,ms,firefox,,1723712995,2023-07-09 22:03:27,1269918,,,,,,,,,,,,,,,,,,,,,,,,,,,,,,,,,,,,,,,,,,,,,,,,,TN
247,aaa3698312c56a08a7b405178ee462fe3c2a30e7,0.07801396916831588,autoland,4775609,12,d42f896683fcaa492a6c00f43ebeea3a7281573d,macosx1015-64-shippable-qr,True,False,,,102210fe594ee9b33d82058545b1ed14f4c8206e,custom.styleeditor.reload.DAMP,damp,True,damp custom.styleeditor.reload.DAMP opt e10s fission stylo webrender,4775519,77,ms,firefox,,1723827297,2023-07-10 02:33:11,1269963,,,,,,,,,,,,,,,,,,,,,,,,,,,,,,,,,,,,,,,,,,,,,,,,,TN
248,70fb59178ff21c468afeb592869c28371401db6a,0.07653080159309461,autoland,4775609,12,d42f896683fcaa492a6c00f43ebeea3a7281573d,macosx1015-64-shippable-qr,True,False,,,102210fe594ee9b33d82058545b1ed14f4c8206e,custom.styleeditor.reload.DAMP,damp,True,damp custom.styleeditor.reload.DAMP opt e10s fission stylo webrender,4775519,77,ms,firefox,,1724083195,2023-07-10 13:07:04,1270176,,,,,,,,,,,,,,,,,,,,,,,,,,,,,,,,,,,,,,,,,,,,,,,,,TN
249,e31033710cfe590d9e7deda75757f71ddef34207,0.09054911356520473,autoland,4775609,12,d42f896683fcaa492a6c00f43ebeea3a7281573d,macosx1015-64-shippable-qr,True,False,,,102210fe594ee9b33d82058545b1ed14f4c8206e,custom.styleeditor.reload.DAMP,damp,True,damp custom.styleeditor.reload.DAMP opt e10s fission stylo webrender,4775519,77,ms,firefox,,1724097459,2023-07-10 14:01:57,1270199,,,,,,,,,,,,,,,,,,,,,,,,,,,,,,,,,,,,,,,,,,,,,,,,,TN
250,1c909f267af625b4c370b6735113e1cafc94bbad,0.07611525934362345,autoland,4775609,12,d42f896683fcaa492a6c00f43ebeea3a7281573d,macosx1015-64-shippable-qr,True,False,,,102210fe594ee9b33d82058545b1ed14f4c8206e,custom.styleeditor.reload.DAMP,damp,True,damp custom.styleeditor.reload.DAMP opt e10s fission stylo webrender,4775519,77,ms,firefox,,1724224891,2023-07-10 18:14:55,1270330,,,,,,,,,,,,,,,,,,,,,,,,,,,,,,,,,,,,,,,,,,,,,,,,,TN
251,923b28f88778b9de2f2a694c75dcb313148c0fc5,0.07872502604709891,autoland,4775609,12,d42f896683fcaa492a6c00f43ebeea3a7281573d,macosx1015-64-shippable-qr,True,False,,,102210fe594ee9b33d82058545b1ed14f4c8206e,custom.styleeditor.reload.DAMP,damp,True,damp custom.styleeditor.reload.DAMP opt e10s fission stylo webrender,4775519,77,ms,firefox,,1724233113,2023-07-10 19:48:56,1270385,,,,,,,,,,,,,,,,,,,,,,,,,,,,,,,,,,,,,,,,,,,,,,,,,TN
252,bd6b3707b0b4eb7dd36fd65f81325cd71a20ab43,0.06886079103270987,autoland,4775609,12,d42f896683fcaa492a6c00f43ebeea3a7281573d,macosx1015-64-shippable-qr,True,False,,,102210fe594ee9b33d82058545b1ed14f4c8206e,custom.styleeditor.reload.DAMP,damp,True,damp custom.styleeditor.reload.DAMP opt e10s fission stylo webrender,4775519,77,ms,firefox,,1724426010,2023-07-11 06:35:00,1270619,,,,,,,,,,,,,,,,,,,,,,,,,,,,,,,,,,,,,,,,,,,,,,,,,TN
253,6f3d3f416c953a7c5f64b907c4afb5906a1868a3,0.08466595168196839,autoland,4775609,12,d42f896683fcaa492a6c00f43ebeea3a7281573d,macosx1015-64-shippable-qr,True,False,,,102210fe594ee9b33d82058545b1ed14f4c8206e,custom.styleeditor.reload.DAMP,damp,True,damp custom.styleeditor.reload.DAMP opt e10s fission stylo webrender,4775519,77,ms,firefox,,1724495787,2023-07-11 08:55:46,1270644,,,,,,,,,,,,,,,,,,,,,,,,,,,,,,,,,,,,,,,,,,,,,,,,,TN
254,0c47c1159e0a060ee709f9f8f854bfad27f86c85,0.07825493935203065,autoland,4775609,12,d42f896683fcaa492a6c00f43ebeea3a7281573d,macosx1015-64-shippable-qr,True,False,,,102210fe594ee9b33d82058545b1ed14f4c8206e,custom.styleeditor.reload.DAMP,damp,True,damp custom.styleeditor.reload.DAMP opt e10s fission stylo webrender,4775519,77,ms,firefox,,1724590200,2023-07-11 13:33:02,1270792,,,,,,,,,,,,,,,,,,,,,,,,,,,,,,,,,,,,,,,,,,,,,,,,,TN
255,3100a08eeee126bc592700ba015d42a4eeabd552,0.07393818898009058,autoland,4775609,12,d42f896683fcaa492a6c00f43ebeea3a7281573d,macosx1015-64-shippable-qr,True,False,,,102210fe594ee9b33d82058545b1ed14f4c8206e,custom.styleeditor.reload.DAMP,damp,True,damp custom.styleeditor.reload.DAMP opt e10s fission stylo webrender,4775519,77,ms,firefox,,1724635339,2023-07-11 14:06:52,1270802,,,,,,,,,,,,,,,,,,,,,,,,,,,,,,,,,,,,,,,,,,,,,,,,,TN
256,87db7bb709335405232188624e8b3fa9990fd678,0.09088942147244972,autoland,4775609,12,d42f896683fcaa492a6c00f43ebeea3a7281573d,macosx1015-64-shippable-qr,True,False,,,102210fe594ee9b33d82058545b1ed14f4c8206e,custom.styleeditor.reload.DAMP,damp,True,damp custom.styleeditor.reload.DAMP opt e10s fission stylo webrender,4775519,77,ms,firefox,,1724774611,2023-07-11 18:36:01,1270977,,,,,,,,,,,,,,,,,,,,,,,,,,,,,,,,,,,,,,,,,,,,,,,,,TN
257,799309422d5f66cd280bc2aa8f49a203faaf670f,0.09489040778574687,autoland,4775609,12,d42f896683fcaa492a6c00f43ebeea3a7281573d,macosx1015-64-shippable-qr,True,False,,,102210fe594ee9b33d82058545b1ed14f4c8206e,custom.styleeditor.reload.DAMP,damp,True,damp custom.styleeditor.reload.DAMP opt e10s fission stylo webrender,4775519,77,ms,firefox,,1724901419,2023-07-11 22:00:07,1271127,,,,,,,,,,,,,,,,,,,,,,,,,,,,,,,,,,,,,,,,,,,,,,,,,TN
258,409794f954d9150f8da58e49d75898a655aca25d,0.06835739996147228,autoland,4775609,12,d42f896683fcaa492a6c00f43ebeea3a7281573d,macosx1015-64-shippable-qr,True,False,,,102210fe594ee9b33d82058545b1ed14f4c8206e,custom.styleeditor.reload.DAMP,damp,True,damp custom.styleeditor.reload.DAMP opt e10s fission stylo webrender,4775519,77,ms,firefox,,1724937493,2023-07-12 03:43:13,1271221,,,,,,,,,,,,,,,,,,,,,,,,,,,,,,,,,,,,,,,,,,,,,,,,,TN
259,3df39b644daab1c941ea8f68e6f1e1018058b95e,0.07723399368921308,autoland,4775609,12,d42f896683fcaa492a6c00f43ebeea3a7281573d,macosx1015-64-shippable-qr,True,False,,,102210fe594ee9b33d82058545b1ed14f4c8206e,custom.styleeditor.reload.DAMP,damp,True,damp custom.styleeditor.reload.DAMP opt e10s fission stylo webrender,4775519,77,ms,firefox,,1724993593,2023-07-12 07:41:52,1271289,,,,,,,,,,,,,,,,,,,,,,,,,,,,,,,,,,,,,,,,,,,,,,,,,TN
260,323cd57deb4d5a322c892f49b9141687d7561c0b,0.14911093546516668,autoland,4775609,12,d42f896683fcaa492a6c00f43ebeea3a7281573d,macosx1015-64-shippable-qr,True,False,,,102210fe594ee9b33d82058545b1ed14f4c8206e,custom.styleeditor.reload.DAMP,damp,True,damp custom.styleeditor.reload.DAMP opt e10s fission stylo webrender,4775519,77,ms,firefox,,1725181379,2023-07-12 11:57:10,1271397,,,,,,,,,,,,,,,,,,,,,,,,,,,,,,,,,,,,,,,,,,,,,,,,,TN
261,09a138b12b3b18e85b4234788a6f92fa756908af,0.08534783459420714,autoland,4775609,12,d42f896683fcaa492a6c00f43ebeea3a7281573d,macosx1015-64-shippable-qr,True,False,,,102210fe594ee9b33d82058545b1ed14f4c8206e,custom.styleeditor.reload.DAMP,damp,True,damp custom.styleeditor.reload.DAMP opt e10s fission stylo webrender,4775519,77,ms,firefox,,1725225663,2023-07-12 14:40:04,1271467,,,,,,,,,,,,,,,,,,,,,,,,,,,,,,,,,,,,,,,,,,,,,,,,,TN
262,5af60a4168846b5be7576faecbb5050fa6d965cf,0.07210807796437224,autoland,4775609,12,d42f896683fcaa492a6c00f43ebeea3a7281573d,macosx1015-64-shippable-qr,True,False,,,102210fe594ee9b33d82058545b1ed14f4c8206e,custom.styleeditor.reload.DAMP,damp,True,damp custom.styleeditor.reload.DAMP opt e10s fission stylo webrender,4775519,77,ms,firefox,,1725263522,2023-07-12 19:44:39,1271665,,,,,,,,,,,,,,,,,,,,,,,,,,,,,,,,,,,,,,,,,,,,,,,,,TN
263,48bcd4c43c3e833bc33696496138c36bdddef23d,0.14938565213793692,autoland,4775609,12,d42f896683fcaa492a6c00f43ebeea3a7281573d,macosx1015-64-shippable-qr,True,False,,,102210fe594ee9b33d82058545b1ed14f4c8206e,custom.styleeditor.reload.DAMP,damp,True,damp custom.styleeditor.reload.DAMP opt e10s fission stylo webrender,4775519,77,ms,firefox,,1725342759,2023-07-12 23:52:09,1271821,,,,,,,,,,,,,,,,,,,,,,,,,,,,,,,,,,,,,,,,,,,,,,,,,TN
264,0724fde82b2fe250010f13a500b6c525eaf3abb5,0.06335875406114011,autoland,4775609,12,d42f896683fcaa492a6c00f43ebeea3a7281573d,macosx1015-64-shippable-qr,True,False,,,102210fe594ee9b33d82058545b1ed14f4c8206e,custom.styleeditor.reload.DAMP,damp,True,damp custom.styleeditor.reload.DAMP opt e10s fission stylo webrender,4775519,77,ms,firefox,,1725395737,2023-07-13 04:00:14,1271916,,,,,,,,,,,,,,,,,,,,,,,,,,,,,,,,,,,,,,,,,,,,,,,,,TN
265,3170f4f57d01091d2a74fe40ee6f4ab8efa7351a,0.0877957440919303,autoland,4775609,12,d42f896683fcaa492a6c00f43ebeea3a7281573d,macosx1015-64-shippable-qr,True,False,,,102210fe594ee9b33d82058545b1ed14f4c8206e,custom.styleeditor.reload.DAMP,damp,True,damp custom.styleeditor.reload.DAMP opt e10s fission stylo webrender,4775519,77,ms,firefox,,1725455796,2023-07-13 08:20:37,1271978,,,,,,,,,,,,,,,,,,,,,,,,,,,,,,,,,,,,,,,,,,,,,,,,,TN
266,1bfb25414a090700f286cd06319e91cb9ac6e336,0.07890064799390745,autoland,4775609,12,d42f896683fcaa492a6c00f43ebeea3a7281573d,macosx1015-64-shippable-qr,True,False,,,102210fe594ee9b33d82058545b1ed14f4c8206e,custom.styleeditor.reload.DAMP,damp,True,damp custom.styleeditor.reload.DAMP opt e10s fission stylo webrender,4775519,77,ms,firefox,,1725544950,2023-07-13 11:47:10,1272070,,,,,,,,,,,,,,,,,,,,,,,,,,,,,,,,,,,,,,,,,,,,,,,,,TN
267,411654dc3bffdf2358079fc20c662dc3c58a2363,0.06180786148076889,autoland,4775609,12,d42f896683fcaa492a6c00f43ebeea3a7281573d,macosx1015-64-shippable-qr,True,False,,,102210fe594ee9b33d82058545b1ed14f4c8206e,custom.styleeditor.reload.DAMP,damp,True,damp custom.styleeditor.reload.DAMP opt e10s fission stylo webrender,4775519,77,ms,firefox,,1725704303,2023-07-13 14:50:19,1272192,,,,,,,,,,,,,,,,,,,,,,,,,,,,,,,,,,,,,,,,,,,,,,,,,TN
268,93efae7712c8170b189d6e2d626af9bc74ee9f33,0.06784234336269152,autoland,4775609,12,d42f896683fcaa492a6c00f43ebeea3a7281573d,macosx1015-64-shippable-qr,True,False,,,102210fe594ee9b33d82058545b1ed14f4c8206e,custom.styleeditor.reload.DAMP,damp,True,damp custom.styleeditor.reload.DAMP opt e10s fission stylo webrender,4775519,77,ms,firefox,,1725851651,2023-07-13 19:23:25,1272383,,,,,,,,,,,,,,,,,,,,,,,,,,,,,,,,,,,,,,,,,,,,,,,,,TN
269,d7363bddf2b82c4f02c60bf1f3236c1853a1d788,0.08591176935283257,autoland,4775609,12,d42f896683fcaa492a6c00f43ebeea3a7281573d,macosx1015-64-shippable-qr,True,False,,,102210fe594ee9b33d82058545b1ed14f4c8206e,custom.styleeditor.reload.DAMP,damp,True,damp custom.styleeditor.reload.DAMP opt e10s fission stylo webrender,4775519,77,ms,firefox,,1725938455,2023-07-13 23:46:26,1272530,,,,,,,,,,,,,,,,,,,,,,,,,,,,,,,,,,,,,,,,,,,,,,,,,TN
270,ce811b4b8e62538cba1620fbe1f66b6963a00103,0.0798577922664595,autoland,4775609,12,d42f896683fcaa492a6c00f43ebeea3a7281573d,macosx1015-64-shippable-qr,True,False,,,102210fe594ee9b33d82058545b1ed14f4c8206e,custom.styleeditor.reload.DAMP,damp,True,damp custom.styleeditor.reload.DAMP opt e10s fission stylo webrender,4775519,77,ms,firefox,,1725949515,2023-07-14 00:33:08,1272546,,,,,,,,,,,,,,,,,,,,,,,,,,,,,,,,,,,,,,,,,,,,,,,,,TN
271,196cda3a105202c8969a926a0637db0e0014c07d,0.13525644716877555,autoland,4775609,12,d42f896683fcaa492a6c00f43ebeea3a7281573d,macosx1015-64-shippable-qr,True,False,,,102210fe594ee9b33d82058545b1ed14f4c8206e,custom.styleeditor.reload.DAMP,damp,True,damp custom.styleeditor.reload.DAMP opt e10s fission stylo webrender,4775519,77,ms,firefox,,1725983331,2023-07-14 05:34:55,1272621,,,,,,,,,,,,,,,,,,,,,,,,,,,,,,,,,,,,,,,,,,,,,,,,,TN
272,f04d14e8c457c340e7bb0c8955b7a42e3ed32c84,0.07432414915882996,autoland,4775609,12,d42f896683fcaa492a6c00f43ebeea3a7281573d,macosx1015-64-shippable-qr,True,False,,,102210fe594ee9b33d82058545b1ed14f4c8206e,custom.styleeditor.reload.DAMP,damp,True,damp custom.styleeditor.reload.DAMP opt e10s fission stylo webrender,4775519,77,ms,firefox,,1726345199,2023-07-14 12:49:37,1272721,,,,,,,,,,,,,,,,,,,,,,,,,,,,,,,,,,,,,,,,,,,,,,,,,TN
273,379fa15b7cfddd1f92027d8c39b32706dc0f59a8,0.10256827819207393,autoland,4775609,12,d42f896683fcaa492a6c00f43ebeea3a7281573d,macosx1015-64-shippable-qr,True,False,,,102210fe594ee9b33d82058545b1ed14f4c8206e,custom.styleeditor.reload.DAMP,damp,True,damp custom.styleeditor.reload.DAMP opt e10s fission stylo webrender,4775519,77,ms,firefox,,1726437554,2023-07-14 16:10:08,1272833,,,,,,,,,,,,,,,,,,,,,,,,,,,,,,,,,,,,,,,,,,,,,,,,,TN
274,f65db437bbbe4d54d073843c79519c0a373ada5c,0.07048637107375649,autoland,4775609,12,d42f896683fcaa492a6c00f43ebeea3a7281573d,macosx1015-64-shippable-qr,True,False,,,102210fe594ee9b33d82058545b1ed14f4c8206e,custom.styleeditor.reload.DAMP,damp,True,damp custom.styleeditor.reload.DAMP opt e10s fission stylo webrender,4775519,77,ms,firefox,,1726473566,2023-07-14 21:22:48,1272987,,,,,,,,,,,,,,,,,,,,,,,,,,,,,,,,,,,,,,,,,,,,,,,,,TN
275,2fa0f2941257f51a55bcabee0f1913fe395266b0,0.07143669386231982,autoland,4775609,12,d42f896683fcaa492a6c00f43ebeea3a7281573d,macosx1015-64-shippable-qr,True,False,,,102210fe594ee9b33d82058545b1ed14f4c8206e,custom.styleeditor.reload.DAMP,damp,True,damp custom.styleeditor.reload.DAMP opt e10s fission stylo webrender,4775519,77,ms,firefox,,1726488744,2023-07-14 22:30:09,1273018,,,,,,,,,,,,,,,,,,,,,,,,,,,,,,,,,,,,,,,,,,,,,,,,,TN
276,1e09c6aabfcd1088a923373e95d74f457e863755,0.05504407322081223,autoland,4775609,12,d42f896683fcaa492a6c00f43ebeea3a7281573d,macosx1015-64-shippable-qr,True,False,,,102210fe594ee9b33d82058545b1ed14f4c8206e,custom.styleeditor.reload.DAMP,damp,True,damp custom.styleeditor.reload.DAMP opt e10s fission stylo webrender,4775519,77,ms,firefox,,1726519056,2023-07-15 02:41:28,1273070,,,,,,,,,,,,,,,,,,,,,,,,,,,,,,,,,,,,,,,,,,,,,,,,,TN
277,3a71e5ba50017ceb558d246e6ea58f8d5a57a3af,0.07640996434680897,autoland,4775609,12,d42f896683fcaa492a6c00f43ebeea3a7281573d,macosx1015-64-shippable-qr,True,False,,,102210fe594ee9b33d82058545b1ed14f4c8206e,custom.styleeditor.reload.DAMP,damp,True,damp custom.styleeditor.reload.DAMP opt e10s fission stylo webrender,4775519,77,ms,firefox,,1726580926,2023-07-15 12:36:57,1273110,,,,,,,,,,,,,,,,,,,,,,,,,,,,,,,,,,,,,,,,,,,,,,,,,TN
278,23e9067195200f00248b6c027bfae113965bf3ea,0.06082334460496641,autoland,4775609,12,d42f896683fcaa492a6c00f43ebeea3a7281573d,macosx1015-64-shippable-qr,True,False,,,102210fe594ee9b33d82058545b1ed14f4c8206e,custom.styleeditor.reload.DAMP,damp,True,damp custom.styleeditor.reload.DAMP opt e10s fission stylo webrender,4775519,77,ms,firefox,,1726622328,2023-07-15 18:59:02,1273125,,,,,,,,,,,,,,,,,,,,,,,,,,,,,,,,,,,,,,,,,,,,,,,,,TN
279,29be5ceedcdd2e835a383389153d9264d9b81217,0.09175413891536877,autoland,4775609,12,d42f896683fcaa492a6c00f43ebeea3a7281573d,macosx1015-64-shippable-qr,True,False,,,102210fe594ee9b33d82058545b1ed14f4c8206e,custom.styleeditor.reload.DAMP,damp,True,damp custom.styleeditor.reload.DAMP opt e10s fission stylo webrender,4775519,77,ms,firefox,,1726669904,2023-07-16 02:22:04,1273151,,,,,,,,,,,,,,,,,,,,,,,,,,,,,,,,,,,,,,,,,,,,,,,,,TN
280,2d64faa1590722f6ec14781ee5e175a2c875171c,0.0675635302889171,autoland,4775609,12,d42f896683fcaa492a6c00f43ebeea3a7281573d,macosx1015-64-shippable-qr,True,False,,,102210fe594ee9b33d82058545b1ed14f4c8206e,custom.styleeditor.reload.DAMP,damp,True,damp custom.styleeditor.reload.DAMP opt e10s fission stylo webrender,4775519,77,ms,firefox,,1726759695,2023-07-16 17:40:24,1273186,,,,,,,,,,,,,,,,,,,,,,,,,,,,,,,,,,,,,,,,,,,,,,,,,TN
281,ef60c7cdcb76172f1caf579529cf9fb756de4dbd,0.0811595306376211,autoland,4775609,12,d42f896683fcaa492a6c00f43ebeea3a7281573d,macosx1015-64-shippable-qr,True,False,,,102210fe594ee9b33d82058545b1ed14f4c8206e,custom.styleeditor.reload.DAMP,damp,True,damp custom.styleeditor.reload.DAMP opt e10s fission stylo webrender,4775519,77,ms,firefox,,1726888140,2023-07-17 10:08:58,1273362,,,,,,,,,,,,,,,,,,,,,,,,,,,,,,,,,,,,,,,,,,,,,,,,,TN
282,e90e64d1c5a944feafdb48fe3527c9aeeac00ec9,0.10265825200814349,autoland,4775609,12,d42f896683fcaa492a6c00f43ebeea3a7281573d,macosx1015-64-shippable-qr,True,False,,,102210fe594ee9b33d82058545b1ed14f4c8206e,custom.styleeditor.reload.DAMP,damp,True,damp custom.styleeditor.reload.DAMP opt e10s fission stylo webrender,4775519,77,ms,firefox,,1726997490,2023-07-17 14:30:30,1273474,,,,,,,,,,,,,,,,,,,,,,,,,,,,,,,,,,,,,,,,,,,,,,,,,TN
283,01dc0385e5b93df37aef43d60cd1105523eae328,0.06806399441915606,autoland,4775609,12,d42f896683fcaa492a6c00f43ebeea3a7281573d,macosx1015-64-shippable-qr,True,False,,,102210fe594ee9b33d82058545b1ed14f4c8206e,custom.styleeditor.reload.DAMP,damp,True,damp custom.styleeditor.reload.DAMP opt e10s fission stylo webrender,4775519,77,ms,firefox,,1727069212,2023-07-17 16:07:24,1273529,,,,,,,,,,,,,,,,,,,,,,,,,,,,,,,,,,,,,,,,,,,,,,,,,TN
284,f2c1249026167b30c81eff3368093a442a915826,0.08202134692029966,autoland,4775609,12,d42f896683fcaa492a6c00f43ebeea3a7281573d,macosx1015-64-shippable-qr,True,False,,,102210fe594ee9b33d82058545b1ed14f4c8206e,custom.styleeditor.reload.DAMP,damp,True,damp custom.styleeditor.reload.DAMP opt e10s fission stylo webrender,4775519,77,ms,firefox,,1727127820,2023-07-17 20:04:09,1273673,,,,,,,,,,,,,,,,,,,,,,,,,,,,,,,,,,,,,,,,,,,,,,,,,TN
285,bbea40f618ed9435d7c989dcb18dc1ba34d55d4c,0.10086140093790591,autoland,4775609,12,d42f896683fcaa492a6c00f43ebeea3a7281573d,macosx1015-64-shippable-qr,True,False,,,102210fe594ee9b33d82058545b1ed14f4c8206e,custom.styleeditor.reload.DAMP,damp,True,damp custom.styleeditor.reload.DAMP opt e10s fission stylo webrender,4775519,77,ms,firefox,,1727202049,2023-07-17 23:40:15,1273797,,,,,,,,,,,,,,,,,,,,,,,,,,,,,,,,,,,,,,,,,,,,,,,,,TN
286,35e42e5979dac0b99828194869d5dc00365b37fb,0.06440341584505027,autoland,4775609,12,d42f896683fcaa492a6c00f43ebeea3a7281573d,macosx1015-64-shippable-qr,True,False,,,102210fe594ee9b33d82058545b1ed14f4c8206e,custom.styleeditor.reload.DAMP,damp,True,damp custom.styleeditor.reload.DAMP opt e10s fission stylo webrender,4775519,77,ms,firefox,,1727284406,2023-07-18 04:33:35,1273869,,,,,,,,,,,,,,,,,,,,,,,,,,,,,,,,,,,,,,,,,,,,,,,,,TN
287,ff623ceacdca87e37ceaa8e2d7f2072d5a7ae7fb,0.09685060805570883,autoland,4775609,12,d42f896683fcaa492a6c00f43ebeea3a7281573d,macosx1015-64-shippable-qr,True,False,,,102210fe594ee9b33d82058545b1ed14f4c8206e,custom.styleeditor.reload.DAMP,damp,True,damp custom.styleeditor.reload.DAMP opt e10s fission stylo webrender,4775519,77,ms,firefox,,1727394797,2023-07-18 08:33:44,1273935,,,,,,,,,,,,,,,,,,,,,,,,,,,,,,,,,,,,,,,,,,,,,,,,,TN
288,ed8bcaa0195e582a53b92eeac99b65a9c1f06da2,0.11163218572344785,autoland,4775609,12,d42f896683fcaa492a6c00f43ebeea3a7281573d,macosx1015-64-shippable-qr,True,False,,,102210fe594ee9b33d82058545b1ed14f4c8206e,custom.styleeditor.reload.DAMP,damp,True,damp custom.styleeditor.reload.DAMP opt e10s fission stylo webrender,4775519,77,ms,firefox,,1727387150,2023-07-18 08:34:31,1273936,,,,,,,,,,,,,,,,,,,,,,,,,,,,,,,,,,,,,,,,,,,,,,,,,TN
289,bcffaa369c722f4ebfa7cb8af6a3fc605e2efa10,0.06398063358532119,autoland,4775609,12,d42f896683fcaa492a6c00f43ebeea3a7281573d,macosx1015-64-shippable-qr,True,False,,,102210fe594ee9b33d82058545b1ed14f4c8206e,custom.styleeditor.reload.DAMP,damp,True,damp custom.styleeditor.reload.DAMP opt e10s fission stylo webrender,4775519,77,ms,firefox,,1727545164,2023-07-18 13:03:29,1274068,,,,,,,,,,,,,,,,,,,,,,,,,,,,,,,,,,,,,,,,,,,,,,,,,TN
290,0de8fdd9abfcc9f9019857d255157b5eb799f98b,0.11299327857503255,autoland,4775609,12,d42f896683fcaa492a6c00f43ebeea3a7281573d,macosx1015-64-shippable-qr,True,False,,,102210fe594ee9b33d82058545b1ed14f4c8206e,custom.styleeditor.reload.DAMP,damp,True,damp custom.styleeditor.reload.DAMP opt e10s fission stylo webrender,4775519,77,ms,firefox,,1727559450,2023-07-18 13:45:23,1274096,,,,,,,,,,,,,,,,,,,,,,,,,,,,,,,,,,,,,,,,,,,,,,,,,TN
291,9330f8cb5765b67a89ac1427300f344a63d42cdc,0.10230578928715783,autoland,4775609,12,d42f896683fcaa492a6c00f43ebeea3a7281573d,macosx1015-64-shippable-qr,True,False,,,102210fe594ee9b33d82058545b1ed14f4c8206e,custom.styleeditor.reload.DAMP,damp,True,damp custom.styleeditor.reload.DAMP opt e10s fission stylo webrender,4775519,77,ms,firefox,,1727652629,2023-07-18 17:24:29,1274230,,,,,,,,,,,,,,,,,,,,,,,,,,,,,,,,,,,,,,,,,,,,,,,,,TN
292,b39dcefbe15f24fbf00da64782588b71ef8277a6,0.09567579997075304,autoland,4775609,12,d42f896683fcaa492a6c00f43ebeea3a7281573d,macosx1015-64-shippable-qr,True,False,,,102210fe594ee9b33d82058545b1ed14f4c8206e,custom.styleeditor.reload.DAMP,damp,True,damp custom.styleeditor.reload.DAMP opt e10s fission stylo webrender,4775519,77,ms,firefox,,1727825446,2023-07-18 22:22:09,1274408,,,,,,,,,,,,,,,,,,,,,,,,,,,,,,,,,,,,,,,,,,,,,,,,,TN
293,a8acb9b8880c2f1c2cf5891e5a20997a21d9d909,0.0798244577212851,autoland,4775609,12,d42f896683fcaa492a6c00f43ebeea3a7281573d,macosx1015-64-shippable-qr,True,False,,,102210fe594ee9b33d82058545b1ed14f4c8206e,custom.styleeditor.reload.DAMP,damp,True,damp custom.styleeditor.reload.DAMP opt e10s fission stylo webrender,4775519,77,ms,firefox,,1727853923,2023-07-18 23:34:55,1274454,,,,,,,,,,,,,,,,,,,,,,,,,,,,,,,,,,,,,,,,,,,,,,,,,TN
294,49a85b3b07e07c1158f9cb0c1f58b67fc2d659f7,0.0611353803243429,autoland,4775609,12,d42f896683fcaa492a6c00f43ebeea3a7281573d,macosx1015-64-shippable-qr,True,False,,,102210fe594ee9b33d82058545b1ed14f4c8206e,custom.styleeditor.reload.DAMP,damp,True,damp custom.styleeditor.reload.DAMP opt e10s fission stylo webrender,4775519,77,ms,firefox,,1727951861,2023-07-19 05:12:28,1274587,,,,,,,,,,,,,,,,,,,,,,,,,,,,,,,,,,,,,,,,,,,,,,,,,TN
295,140d21dede36ec0333dbfd36cf0d1320eee6cba4,0.14605581954529284,autoland,4775609,12,d42f896683fcaa492a6c00f43ebeea3a7281573d,macosx1015-64-shippable-qr,True,False,,,102210fe594ee9b33d82058545b1ed14f4c8206e,custom.styleeditor.reload.DAMP,damp,True,damp custom.styleeditor.reload.DAMP opt e10s fission stylo webrender,4775519,77,ms,firefox,,1728001891,2023-07-19 08:12:16,1274646,,,,,,,,,,,,,,,,,,,,,,,,,,,,,,,,,,,,,,,,,,,,,,,,,TN
296,b8d9ace4647851e162743362d884084c81a969ab,0.07271002730204862,autoland,4775609,12,d42f896683fcaa492a6c00f43ebeea3a7281573d,macosx1015-64-shippable-qr,True,False,,,102210fe594ee9b33d82058545b1ed14f4c8206e,custom.styleeditor.reload.DAMP,damp,True,damp custom.styleeditor.reload.DAMP opt e10s fission stylo webrender,4775519,77,ms,firefox,,1728300479,2023-07-19 12:13:12,1274744,,,,,,,,,,,,,,,,,,,,,,,,,,,,,,,,,,,,,,,,,,,,,,,,,TN
297,c1d9936545b5ba143392d27280eb1d56af5ac580,0.08613603139868153,autoland,4775609,12,d42f896683fcaa492a6c00f43ebeea3a7281573d,macosx1015-64-shippable-qr,True,False,,,102210fe594ee9b33d82058545b1ed14f4c8206e,custom.styleeditor.reload.DAMP,damp,True,damp custom.styleeditor.reload.DAMP opt e10s fission stylo webrender,4775519,77,ms,firefox,,1728646112,2023-07-19 14:37:00,1274851,,,,,,,,,,,,,,,,,,,,,,,,,,,,,,,,,,,,,,,,,,,,,,,,,TN
298,a4cb1e2b9e3d0583fb35c77b1b5a61823240d23a,0.0748412078818042,autoland,4775609,12,d42f896683fcaa492a6c00f43ebeea3a7281573d,macosx1015-64-shippable-qr,True,False,,,102210fe594ee9b33d82058545b1ed14f4c8206e,custom.styleeditor.reload.DAMP,damp,True,damp custom.styleeditor.reload.DAMP opt e10s fission stylo webrender,4775519,77,ms,firefox,,1728669047,2023-07-19 18:46:51,1275034,,,,,,,,,,,,,,,,,,,,,,,,,,,,,,,,,,,,,,,,,,,,,,,,,TN
299,7d1e4a896dd81d294b7bccc7c20345d7c0432b47,0.08024448856867439,autoland,4775609,12,d42f896683fcaa492a6c00f43ebeea3a7281573d,macosx1015-64-shippable-qr,True,False,,,102210fe594ee9b33d82058545b1ed14f4c8206e,custom.styleeditor.reload.DAMP,damp,True,damp custom.styleeditor.reload.DAMP opt e10s fission stylo webrender,4775519,77,ms,firefox,,1728694418,2023-07-19 22:17:04,1275176,,,,,,,,,,,,,,,,,,,,,,,,,,,,,,,,,,,,,,,,,,,,,,,,,TN
300,e73cc92e62dbaf2e2cdb70a1d9890da611a2b772,0.08650744518516967,autoland,4775609,12,d42f896683fcaa492a6c00f43ebeea3a7281573d,macosx1015-64-shippable-qr,True,False,,,102210fe594ee9b33d82058545b1ed14f4c8206e,custom.styleeditor.reload.DAMP,damp,True,damp custom.styleeditor.reload.DAMP opt e10s fission stylo webrender,4775519,77,ms,firefox,,1728764127,2023-07-20 03:34:20,1275291,,,,,,,,,,,,,,,,,,,,,,,,,,,,,,,,,,,,,,,,,,,,,,,,,TN
301,9a6d93f12d75deb2d5f6662ca35347a774d7cd6f,0.05640964040860358,autoland,4775609,12,d42f896683fcaa492a6c00f43ebeea3a7281573d,macosx1015-64-shippable-qr,True,False,,,102210fe594ee9b33d82058545b1ed14f4c8206e,custom.styleeditor.reload.DAMP,damp,True,damp custom.styleeditor.reload.DAMP opt e10s fission stylo webrender,4775519,77,ms,firefox,,1728939808,2023-07-20 07:42:09,1275344,,,,,,,,,,,,,,,,,,,,,,,,,,,,,,,,,,,,,,,,,,,,,,,,,TN
302,0278b86272728b17ade153f25ef5ec4442158066,0.06954506936317861,autoland,4775609,12,d42f896683fcaa492a6c00f43ebeea3a7281573d,macosx1015-64-shippable-qr,True,False,,,102210fe594ee9b33d82058545b1ed14f4c8206e,custom.styleeditor.reload.DAMP,damp,True,damp custom.styleeditor.reload.DAMP opt e10s fission stylo webrender,4775519,77,ms,firefox,,1729042552,2023-07-20 12:22:04,1275437,,,,,,,,,,,,,,,,,,,,,,,,,,,,,,,,,,,,,,,,,,,,,,,,,TN
303,0bc898fe076442e9a552e9918f1b50ece1c87859,0.10332105549955828,autoland,4775609,12,d42f896683fcaa492a6c00f43ebeea3a7281573d,macosx1015-64-shippable-qr,True,False,,,102210fe594ee9b33d82058545b1ed14f4c8206e,custom.styleeditor.reload.DAMP,damp,True,damp custom.styleeditor.reload.DAMP opt e10s fission stylo webrender,4775519,77,ms,firefox,,1729107456,2023-07-20 15:24:57,1275543,,,,,,,,,,,,,,,,,,,,,,,,,,,,,,,,,,,,,,,,,,,,,,,,,TN
304,1474bffb9d2bc609c90f59cdbd875d90f152f78b,0.06747414504252786,autoland,4775609,12,d42f896683fcaa492a6c00f43ebeea3a7281573d,macosx1015-64-shippable-qr,True,False,,,102210fe594ee9b33d82058545b1ed14f4c8206e,custom.styleeditor.reload.DAMP,damp,True,damp custom.styleeditor.reload.DAMP opt e10s fission stylo webrender,4775519,77,ms,firefox,,1729310395,2023-07-20 19:57:27,1275751,,,,,,,,,,,,,,,,,,,,,,,,,,,,,,,,,,,,,,,,,,,,,,,,,TN
305,a81b4cfa355314c5644c5a1924408dd57a6451ba,0.06962166953809906,autoland,4775609,12,d42f896683fcaa492a6c00f43ebeea3a7281573d,macosx1015-64-shippable-qr,True,False,,,102210fe594ee9b33d82058545b1ed14f4c8206e,custom.styleeditor.reload.DAMP,damp,True,damp custom.styleeditor.reload.DAMP opt e10s fission stylo webrender,4775519,77,ms,firefox,,1729390569,2023-07-20 23:58:39,1275867,,,,,,,,,,,,,,,,,,,,,,,,,,,,,,,,,,,,,,,,,,,,,,,,,TN
306,561b7f418a4da2b68cf411804f9a6dcc542bf5d4,0.08095036954499119,autoland,4775609,12,d42f896683fcaa492a6c00f43ebeea3a7281573d,macosx1015-64-shippable-qr,True,False,,,102210fe594ee9b33d82058545b1ed14f4c8206e,custom.styleeditor.reload.DAMP,damp,True,damp custom.styleeditor.reload.DAMP opt e10s fission stylo webrender,4775519,77,ms,firefox,,1729434910,2023-07-21 02:12:29,1275913,,,,,,,,,,,,,,,,,,,,,,,,,,,,,,,,,,,,,,,,,,,,,,,,,TN
307,a2fe9197bad582dee22ed11cd3cec32073abcbb1,0.07247792735134401,autoland,4775609,12,d42f896683fcaa492a6c00f43ebeea3a7281573d,macosx1015-64-shippable-qr,True,False,,,102210fe594ee9b33d82058545b1ed14f4c8206e,custom.styleeditor.reload.DAMP,damp,True,damp custom.styleeditor.reload.DAMP opt e10s fission stylo webrender,4775519,77,ms,firefox,,1729587140,2023-07-21 09:50:03,1276015,,,,,,,,,,,,,,,,,,,,,,,,,,,,,,,,,,,,,,,,,,,,,,,,,TN
308,9df47ce85e0472ca3ad7784cdf4c5640950ed7d9,0.09388558443376754,autoland,4775609,12,d42f896683fcaa492a6c00f43ebeea3a7281573d,macosx1015-64-shippable-qr,True,False,,,102210fe594ee9b33d82058545b1ed14f4c8206e,custom.styleeditor.reload.DAMP,damp,True,damp custom.styleeditor.reload.DAMP opt e10s fission stylo webrender,4775519,77,ms,firefox,,1729665106,2023-07-21 13:55:08,1276152,,,,,,,,,,,,,,,,,,,,,,,,,,,,,,,,,,,,,,,,,,,,,,,,,TN
309,e289c1fd943bfc8c2973687da74a008f86d9e60f,0.09642156874644947,autoland,4775609,12,d42f896683fcaa492a6c00f43ebeea3a7281573d,macosx1015-64-shippable-qr,True,False,,,102210fe594ee9b33d82058545b1ed14f4c8206e,custom.styleeditor.reload.DAMP,damp,True,damp custom.styleeditor.reload.DAMP opt e10s fission stylo webrender,4775519,77,ms,firefox,,1729761464,2023-07-21 17:11:12,1276290,,,,,,,,,,,,,,,,,,,,,,,,,,,,,,,,,,,,,,,,,,,,,,,,,TN
310,f13e959d38c7e8d9590bbc8d44f95149bbe180d1,0.08521026946309246,autoland,4775609,12,d42f896683fcaa492a6c00f43ebeea3a7281573d,macosx1015-64-shippable-qr,True,False,,,102210fe594ee9b33d82058545b1ed14f4c8206e,custom.styleeditor.reload.DAMP,damp,True,damp custom.styleeditor.reload.DAMP opt e10s fission stylo webrender,4775519,77,ms,firefox,,1729886839,2023-07-21 21:17:12,1276495,,,,,,,,,,,,,,,,,,,,,,,,,,,,,,,,,,,,,,,,,,,,,,,,,TN
311,50344759578b6b2e1851c6a6133121c4d89b4f0d,0.08029832815684373,autoland,4775609,12,d42f896683fcaa492a6c00f43ebeea3a7281573d,macosx1015-64-shippable-qr,True,False,,,102210fe594ee9b33d82058545b1ed14f4c8206e,custom.styleeditor.reload.DAMP,damp,True,damp custom.styleeditor.reload.DAMP opt e10s fission stylo webrender,4775519,77,ms,firefox,,1729886877,2023-07-21 22:20:56,1276531,,,,,,,,,,,,,,,,,,,,,,,,,,,,,,,,,,,,,,,,,,,,,,,,,TN
312,e4939251f81ca8c6a2fb9db3bbd4416e04dff97d,0.10854197338911592,autoland,4775609,12,d42f896683fcaa492a6c00f43ebeea3a7281573d,macosx1015-64-shippable-qr,True,False,,,102210fe594ee9b33d82058545b1ed14f4c8206e,custom.styleeditor.reload.DAMP,damp,True,damp custom.styleeditor.reload.DAMP opt e10s fission stylo webrender,4775519,77,ms,firefox,,1729940039,2023-07-22 03:42:46,1276588,,,,,,,,,,,,,,,,,,,,,,,,,,,,,,,,,,,,,,,,,,,,,,,,,TN
313,c95ec2e13d66e06547002bd008e87bea4f94c022,0.08012952549992647,autoland,4775609,12,d42f896683fcaa492a6c00f43ebeea3a7281573d,macosx1015-64-shippable-qr,True,False,,,102210fe594ee9b33d82058545b1ed14f4c8206e,custom.styleeditor.reload.DAMP,damp,True,damp custom.styleeditor.reload.DAMP opt e10s fission stylo webrender,4775519,77,ms,firefox,,1730015107,2023-07-22 08:58:42,1276620,,,,,,,,,,,,,,,,,,,,,,,,,,,,,,,,,,,,,,,,,,,,,,,,,TN
314,b16351df250c572a14efa126f7702fe104ac9fd7,0.06626274361241541,autoland,4775609,12,d42f896683fcaa492a6c00f43ebeea3a7281573d,macosx1015-64-shippable-qr,True,False,,,102210fe594ee9b33d82058545b1ed14f4c8206e,custom.styleeditor.reload.DAMP,damp,True,damp custom.styleeditor.reload.DAMP opt e10s fission stylo webrender,4775519,77,ms,firefox,,1730128303,2023-07-22 14:13:52,1276645,,,,,,,,,,,,,,,,,,,,,,,,,,,,,,,,,,,,,,,,,,,,,,,,,TN
315,829bb0f62051beedfe5ba05f679d3b6c8e0d1a3b,0.08565985550339661,autoland,4775609,12,d42f896683fcaa492a6c00f43ebeea3a7281573d,macosx1015-64-shippable-qr,True,False,,,102210fe594ee9b33d82058545b1ed14f4c8206e,custom.styleeditor.reload.DAMP,damp,True,damp custom.styleeditor.reload.DAMP opt e10s fission stylo webrender,4775519,77,ms,firefox,,1730214951,2023-07-23 02:59:53,1276677,,,,,,,,,,,,,,,,,,,,,,,,,,,,,,,,,,,,,,,,,,,,,,,,,TN
316,bd6c5007212e7ee9ecc312d4ef096252a9702033,0.07938002289972379,autoland,4775609,12,d42f896683fcaa492a6c00f43ebeea3a7281573d,macosx1015-64-shippable-qr,True,False,,,102210fe594ee9b33d82058545b1ed14f4c8206e,custom.styleeditor.reload.DAMP,damp,True,damp custom.styleeditor.reload.DAMP opt e10s fission stylo webrender,4775519,77,ms,firefox,,1730267574,2023-07-23 12:16:45,1276689,,,,,,,,,,,,,,,,,,,,,,,,,,,,,,,,,,,,,,,,,,,,,,,,,TN
317,2fd3284df4616a8723f5b749c4652a682c7b5372,0.08418351270333618,autoland,4775609,12,d42f896683fcaa492a6c00f43ebeea3a7281573d,macosx1015-64-shippable-qr,True,False,,,102210fe594ee9b33d82058545b1ed14f4c8206e,custom.styleeditor.reload.DAMP,damp,True,damp custom.styleeditor.reload.DAMP opt e10s fission stylo webrender,4775519,77,ms,firefox,,1730340107,2023-07-23 17:37:04,1276726,,,,,,,,,,,,,,,,,,,,,,,,,,,,,,,,,,,,,,,,,,,,,,,,,TN
318,7e5acc812edd3bcb93cfaf76eaab2c3fd6c4d274,0.10140797426278608,autoland,4775609,12,d42f896683fcaa492a6c00f43ebeea3a7281573d,macosx1015-64-shippable-qr,True,False,,,102210fe594ee9b33d82058545b1ed14f4c8206e,custom.styleeditor.reload.DAMP,damp,True,damp custom.styleeditor.reload.DAMP opt e10s fission stylo webrender,4775519,77,ms,firefox,,1730391742,2023-07-24 00:19:00,1276767,,,,,,,,,,,,,,,,,,,,,,,,,,,,,,,,,,,,,,,,,,,,,,,,,TN
319,7b6332c9bce4487c1db3384523b5991fef31e28c,0.07005397313259437,autoland,4775609,12,d42f896683fcaa492a6c00f43ebeea3a7281573d,macosx1015-64-shippable-qr,True,False,,,102210fe594ee9b33d82058545b1ed14f4c8206e,custom.styleeditor.reload.DAMP,damp,True,damp custom.styleeditor.reload.DAMP opt e10s fission stylo webrender,4775519,77,ms,firefox,,1730429296,2023-07-24 03:08:06,1276802,,,,,,,,,,,,,,,,,,,,,,,,,,,,,,,,,,,,,,,,,,,,,,,,,TN
320,91b590f6e608c6c3787304fa0010ce58519bde50,0.0772996885952999,autoland,4775609,12,d42f896683fcaa492a6c00f43ebeea3a7281573d,macosx1015-64-shippable-qr,True,False,,,102210fe594ee9b33d82058545b1ed14f4c8206e,custom.styleeditor.reload.DAMP,damp,True,damp custom.styleeditor.reload.DAMP opt e10s fission stylo webrender,4775519,77,ms,firefox,,1730497897,2023-07-24 07:35:58,1276834,,,,,,,,,,,,,,,,,,,,,,,,,,,,,,,,,,,,,,,,,,,,,,,,,TN
321,b1a1263e67ce531d13e0a5e2e77c737b114e38b0,0.05577269284281344,autoland,4775609,12,d42f896683fcaa492a6c00f43ebeea3a7281573d,macosx1015-64-shippable-qr,True,False,,,102210fe594ee9b33d82058545b1ed14f4c8206e,custom.styleeditor.reload.DAMP,damp,True,damp custom.styleeditor.reload.DAMP opt e10s fission stylo webrender,4775519,77,ms,firefox,,1730664482,2023-07-24 11:14:54,1276910,,,,,,,,,,,,,,,,,,,,,,,,,,,,,,,,,,,,,,,,,,,,,,,,,TN
322,2483fdffbe5e3c051a32bcf141fb33e9803c0afc,0.13444957685356923,autoland,4775609,12,d42f896683fcaa492a6c00f43ebeea3a7281573d,macosx1015-64-shippable-qr,True,False,,,102210fe594ee9b33d82058545b1ed14f4c8206e,custom.styleeditor.reload.DAMP,damp,True,damp custom.styleeditor.reload.DAMP opt e10s fission stylo webrender,4775519,77,ms,firefox,,1730854780,2023-07-24 16:02:50,1277068,,,,,,,,,,,,,,,,,,,,,,,,,,,,,,,,,,,,,,,,,,,,,,,,,TN
323,f9c12557d7a4e074be3fc45027ae8ffbb8f27aaf,0.07444557991154027,autoland,4775609,12,d42f896683fcaa492a6c00f43ebeea3a7281573d,macosx1015-64-shippable-qr,True,False,,,102210fe594ee9b33d82058545b1ed14f4c8206e,custom.styleeditor.reload.DAMP,damp,True,damp custom.styleeditor.reload.DAMP opt e10s fission stylo webrender,4775519,77,ms,firefox,,1730863470,2023-07-24 19:16:11,1277230,,,,,,,,,,,,,,,,,,,,,,,,,,,,,,,,,,,,,,,,,,,,,,,,,TN
324,bd745245ac70d82630be9e971b5a9077b5f514e8,0.0684889263568958,autoland,4775609,12,d42f896683fcaa492a6c00f43ebeea3a7281573d,macosx1015-64-shippable-qr,True,False,,,102210fe594ee9b33d82058545b1ed14f4c8206e,custom.styleeditor.reload.DAMP,damp,True,damp custom.styleeditor.reload.DAMP opt e10s fission stylo webrender,4775519,77,ms,firefox,,1730951194,2023-07-24 23:43:54,1277393,,,,,,,,,,,,,,,,,,,,,,,,,,,,,,,,,,,,,,,,,,,,,,,,,TN
325,1084bcb2a2550fee8fad1f0be69e603b6c8d67bd,0.06050571884507938,autoland,4775609,12,d42f896683fcaa492a6c00f43ebeea3a7281573d,macosx1015-64-shippable-qr,True,False,,,102210fe594ee9b33d82058545b1ed14f4c8206e,custom.styleeditor.reload.DAMP,damp,True,damp custom.styleeditor.reload.DAMP opt e10s fission stylo webrender,4775519,77,ms,firefox,,1730967277,2023-07-25 00:28:34,1277414,,,,,,,,,,,,,,,,,,,,,,,,,,,,,,,,,,,,,,,,,,,,,,,,,TN
326,862d1cf3d7a17e3dde9bda49c5561ec902bb8136,0.07819969059753712,autoland,4775609,12,d42f896683fcaa492a6c00f43ebeea3a7281573d,macosx1015-64-shippable-qr,True,False,,,102210fe594ee9b33d82058545b1ed14f4c8206e,custom.styleeditor.reload.DAMP,damp,True,damp custom.styleeditor.reload.DAMP opt e10s fission stylo webrender,4775519,77,ms,firefox,,1731052751,2023-07-25 04:47:38,1277485,,,,,,,,,,,,,,,,,,,,,,,,,,,,,,,,,,,,,,,,,,,,,,,,,TN
327,45a52966f9649f4dc9b8bbb6a8e68cdcc63ee287,0.15072692889667072,autoland,4775609,12,d42f896683fcaa492a6c00f43ebeea3a7281573d,macosx1015-64-shippable-qr,True,False,,,102210fe594ee9b33d82058545b1ed14f4c8206e,custom.styleeditor.reload.DAMP,damp,True,damp custom.styleeditor.reload.DAMP opt e10s fission stylo webrender,4775519,77,ms,firefox,,1731159907,2023-07-25 10:29:47,1277576,,,,,,,,,,,,,,,,,,,,,,,,,,,,,,,,,,,,,,,,,,,,,,,,,TN
328,1ae7562fa2353aa63871f769d4e0a1cdd9becf78,0.13730146729341158,autoland,4775609,12,d42f896683fcaa492a6c00f43ebeea3a7281573d,macosx1015-64-shippable-qr,True,False,,,102210fe594ee9b33d82058545b1ed14f4c8206e,custom.styleeditor.reload.DAMP,damp,True,damp custom.styleeditor.reload.DAMP opt e10s fission stylo webrender,4775519,77,ms,firefox,,1731263607,2023-07-25 14:49:04,1277682,,,,,,,,,,,,,,,,,,,,,,,,,,,,,,,,,,,,,,,,,,,,,,,,,TN
329,c30662ce80ba57a0977cdeb03e776a28af4fa2fb,0.15933176361017037,autoland,4775609,12,d42f896683fcaa492a6c00f43ebeea3a7281573d,macosx1015-64-shippable-qr,True,False,,,102210fe594ee9b33d82058545b1ed14f4c8206e,custom.styleeditor.reload.DAMP,damp,True,damp custom.styleeditor.reload.DAMP opt e10s fission stylo webrender,4775519,77,ms,firefox,,1731327562,2023-07-25 15:17:56,1277708,,,,,,,,,,,,,,,,,,,,,,,,,,,,,,,,,,,,,,,,,,,,,,,,,TN
330,9a2f59dbe5917068801919377341eb7c1ea2030d,0.08787080345400705,autoland,4775609,12,d42f896683fcaa492a6c00f43ebeea3a7281573d,macosx1015-64-shippable-qr,True,False,,,102210fe594ee9b33d82058545b1ed14f4c8206e,custom.styleeditor.reload.DAMP,damp,True,damp custom.styleeditor.reload.DAMP opt e10s fission stylo webrender,4775519,77,ms,firefox,,1731425943,2023-07-25 23:05:26,1278011,,,,,,,,,,,,,,,,,,,,,,,,,,,,,,,,,,,,,,,,,,,,,,,,,TN
331,6a9aca2a1b89781175cdec2df700998fa9209282,0.07782667346610161,autoland,4775609,12,d42f896683fcaa492a6c00f43ebeea3a7281573d,macosx1015-64-shippable-qr,True,False,,,102210fe594ee9b33d82058545b1ed14f4c8206e,custom.styleeditor.reload.DAMP,damp,True,damp custom.styleeditor.reload.DAMP opt e10s fission stylo webrender,4775519,77,ms,firefox,,1731476599,2023-07-26 02:26:30,1278087,,,,,,,,,,,,,,,,,,,,,,,,,,,,,,,,,,,,,,,,,,,,,,,,,TN
332,8470bc21f160f3c1fecb034308c203412e1fcb3c,0.0885613695515145,autoland,4775609,12,d42f896683fcaa492a6c00f43ebeea3a7281573d,macosx1015-64-shippable-qr,True,False,,,102210fe594ee9b33d82058545b1ed14f4c8206e,custom.styleeditor.reload.DAMP,damp,True,damp custom.styleeditor.reload.DAMP opt e10s fission stylo webrender,4775519,77,ms,firefox,,1731541401,2023-07-26 06:49:07,1278154,,,,,,,,,,,,,,,,,,,,,,,,,,,,,,,,,,,,,,,,,,,,,,,,,TN
333,87846ae3f12d74bcc97619bea65453ce0aca0e54,0.06351465481028995,autoland,4775609,12,d42f896683fcaa492a6c00f43ebeea3a7281573d,macosx1015-64-shippable-qr,True,False,,,102210fe594ee9b33d82058545b1ed14f4c8206e,custom.styleeditor.reload.DAMP,damp,True,damp custom.styleeditor.reload.DAMP opt e10s fission stylo webrender,4775519,77,ms,firefox,,1731613094,2023-07-26 09:35:06,1278218,,,,,,,,,,,,,,,,,,,,,,,,,,,,,,,,,,,,,,,,,,,,,,,,,TN
334,b65b154c05c37b796b5c0ef7cc01fd37ecfdea1c,0.0936590695868133,autoland,4775609,12,d42f896683fcaa492a6c00f43ebeea3a7281573d,macosx1015-64-shippable-qr,True,False,,,102210fe594ee9b33d82058545b1ed14f4c8206e,custom.styleeditor.reload.DAMP,damp,True,damp custom.styleeditor.reload.DAMP opt e10s fission stylo webrender,4775519,77,ms,firefox,,1731811036,2023-07-26 15:38:17,1278401,,,,,,,,,,,,,,,,,,,,,,,,,,,,,,,,,,,,,,,,,,,,,,,,,TN
335,84a5d1af6f7ff3689a022412a1fbc2c6632a5f96,0.080341404544717,autoland,4775609,12,d42f896683fcaa492a6c00f43ebeea3a7281573d,macosx1015-64-shippable-qr,True,False,,,102210fe594ee9b33d82058545b1ed14f4c8206e,custom.styleeditor.reload.DAMP,damp,True,damp custom.styleeditor.reload.DAMP opt e10s fission stylo webrender,4775519,77,ms,firefox,,1731879769,2023-07-26 23:24:58,1278695,,,,,,,,,,,,,,,,,,,,,,,,,,,,,,,,,,,,,,,,,,,,,,,,,TN
336,3e5ffa17cbfe0cff1585c411714ca008dc6ae15e,0.08126215952422411,autoland,4775609,12,d42f896683fcaa492a6c00f43ebeea3a7281573d,macosx1015-64-shippable-qr,True,False,,,102210fe594ee9b33d82058545b1ed14f4c8206e,custom.styleeditor.reload.DAMP,damp,True,damp custom.styleeditor.reload.DAMP opt e10s fission stylo webrender,4775519,77,ms,firefox,,1731972657,2023-07-27 01:40:00,1278764,,,,,,,,,,,,,,,,,,,,,,,,,,,,,,,,,,,,,,,,,,,,,,,,,TN
337,84800a0d7e6ed9c82449cedd7ba57c2061572292,0.09002397997362721,autoland,4775609,12,d42f896683fcaa492a6c00f43ebeea3a7281573d,macosx1015-64-shippable-qr,True,False,,,102210fe594ee9b33d82058545b1ed14f4c8206e,custom.styleeditor.reload.DAMP,damp,True,damp custom.styleeditor.reload.DAMP opt e10s fission stylo webrender,4775519,77,ms,firefox,,1732124923,2023-07-27 11:30:20,1278928,,,,,,,,,,,,,,,,,,,,,,,,,,,,,,,,,,,,,,,,,,,,,,,,,TN
338,481bfcb7b2201e1eb04cebbeee74480be11095cc,0.04104020177523582,autoland,4775609,12,d42f896683fcaa492a6c00f43ebeea3a7281573d,macosx1015-64-shippable-qr,True,False,,,102210fe594ee9b33d82058545b1ed14f4c8206e,custom.styleeditor.reload.DAMP,damp,True,damp custom.styleeditor.reload.DAMP opt e10s fission stylo webrender,4775519,77,ms,firefox,,1732268154,2023-07-27 15:18:37,1279069,,,,,,,,,,,,,,,,,,,,,,,,,,,,,,,,,,,,,,,,,,,,,,,,,TN
339,f50f1984cd54c49748c94ebf3f3709aa4c582ead,0.07647089748845803,autoland,4775609,12,d42f896683fcaa492a6c00f43ebeea3a7281573d,macosx1015-64-shippable-qr,True,False,,,102210fe594ee9b33d82058545b1ed14f4c8206e,custom.styleeditor.reload.DAMP,damp,True,damp custom.styleeditor.reload.DAMP opt e10s fission stylo webrender,4775519,77,ms,firefox,,1732430284,2023-07-27 19:34:25,1279276,,,,,,,,,,,,,,,,,,,,,,,,,,,,,,,,,,,,,,,,,,,,,,,,,TN
340,0b367e70ac913aeec6308d2b941cff4dc929cd22,0.09764254910667947,autoland,4775609,12,d42f896683fcaa492a6c00f43ebeea3a7281573d,macosx1015-64-shippable-qr,True,False,,,102210fe594ee9b33d82058545b1ed14f4c8206e,custom.styleeditor.reload.DAMP,damp,True,damp custom.styleeditor.reload.DAMP opt e10s fission stylo webrender,4775519,77,ms,firefox,,1732490881,2023-07-27 23:35:22,1279407,,,,,,,,,,,,,,,,,,,,,,,,,,,,,,,,,,,,,,,,,,,,,,,,,TN
341,36ce680ea81ccb2f123f0f6831596185e6ea4e83,0.09095188610197918,autoland,4775609,12,d42f896683fcaa492a6c00f43ebeea3a7281573d,macosx1015-64-shippable-qr,True,False,,,102210fe594ee9b33d82058545b1ed14f4c8206e,custom.styleeditor.reload.DAMP,damp,True,damp custom.styleeditor.reload.DAMP opt e10s fission stylo webrender,4775519,77,ms,firefox,,1732523946,2023-07-28 01:05:08,1279448,,,,,,,,,,,,,,,,,,,,,,,,,,,,,,,,,,,,,,,,,,,,,,,,,TN
342,10692fd51184d10f78fb0eb56090f3c55827b561,0.09942119401133387,autoland,4775609,12,d42f896683fcaa492a6c00f43ebeea3a7281573d,macosx1015-64-shippable-qr,True,False,,,102210fe594ee9b33d82058545b1ed14f4c8206e,custom.styleeditor.reload.DAMP,damp,True,damp custom.styleeditor.reload.DAMP opt e10s fission stylo webrender,4775519,77,ms,firefox,,1732604263,2023-07-28 05:46:55,1279508,,,,,,,,,,,,,,,,,,,,,,,,,,,,,,,,,,,,,,,,,,,,,,,,,TN
343,af33198f4756b96446ab9cb00f77cc6e2b27f314,0.08676226293751488,autoland,4775609,12,d42f896683fcaa492a6c00f43ebeea3a7281573d,macosx1015-64-shippable-qr,True,False,,,102210fe594ee9b33d82058545b1ed14f4c8206e,custom.styleeditor.reload.DAMP,damp,True,damp custom.styleeditor.reload.DAMP opt e10s fission stylo webrender,4775519,77,ms,firefox,,1732724083,2023-07-28 11:09:37,1279609,,,,,,,,,,,,,,,,,,,,,,,,,,,,,,,,,,,,,,,,,,,,,,,,,TN
344,08098e30932d89da82f6e452fff88fee938088d7,0.09024624428350153,autoland,4775609,12,d42f896683fcaa492a6c00f43ebeea3a7281573d,macosx1015-64-shippable-qr,True,False,,,102210fe594ee9b33d82058545b1ed14f4c8206e,custom.styleeditor.reload.DAMP,damp,True,damp custom.styleeditor.reload.DAMP opt e10s fission stylo webrender,4775519,77,ms,firefox,,1732925581,2023-07-28 14:46:21,1279720,,,,,,,,,,,,,,,,,,,,,,,,,,,,,,,,,,,,,,,,,,,,,,,,,TN
345,2f51f44f5da6afbdb8a587b03f47fcdc7b672475,0.12966276940701854,autoland,4775609,12,d42f896683fcaa492a6c00f43ebeea3a7281573d,macosx1015-64-shippable-qr,True,False,,,102210fe594ee9b33d82058545b1ed14f4c8206e,custom.styleeditor.reload.DAMP,damp,True,damp custom.styleeditor.reload.DAMP opt e10s fission stylo webrender,4775519,77,ms,firefox,,1732967421,2023-07-28 18:48:27,1279862,,,,,,,,,,,,,,,,,,,,,,,,,,,,,,,,,,,,,,,,,,,,,,,,,TN
346,95255b6bb2d51d6c10d6a3471da82aeaf7512c0f,0.09883006327520549,autoland,4775609,12,d42f896683fcaa492a6c00f43ebeea3a7281573d,macosx1015-64-shippable-qr,True,False,,,102210fe594ee9b33d82058545b1ed14f4c8206e,custom.styleeditor.reload.DAMP,damp,True,damp custom.styleeditor.reload.DAMP opt e10s fission stylo webrender,4775519,77,ms,firefox,,1732993835,2023-07-28 22:56:39,1279985,,,,,,,,,,,,,,,,,,,,,,,,,,,,,,,,,,,,,,,,,,,,,,,,,TN
347,1c410aed156878dc739ffdb4343c315fb0bb0a00,0.07568515369755285,autoland,4775609,12,d42f896683fcaa492a6c00f43ebeea3a7281573d,macosx1015-64-shippable-qr,True,False,,,102210fe594ee9b33d82058545b1ed14f4c8206e,custom.styleeditor.reload.DAMP,damp,True,damp custom.styleeditor.reload.DAMP opt e10s fission stylo webrender,4775519,77,ms,firefox,,1733035528,2023-07-29 03:44:49,1280031,,,,,,,,,,,,,,,,,,,,,,,,,,,,,,,,,,,,,,,,,,,,,,,,,TN
348,5f1e1cd609f68ff20fbea6b02e5a3444f7dd303d,0.0643414547634637,autoland,4775609,12,d42f896683fcaa492a6c00f43ebeea3a7281573d,macosx1015-64-shippable-qr,True,False,,,102210fe594ee9b33d82058545b1ed14f4c8206e,custom.styleeditor.reload.DAMP,damp,True,damp custom.styleeditor.reload.DAMP opt e10s fission stylo webrender,4775519,77,ms,firefox,,1733109680,2023-07-29 09:43:33,1280059,,,,,,,,,,,,,,,,,,,,,,,,,,,,,,,,,,,,,,,,,,,,,,,,,TN
349,9a9597eb50561ea739c8a26da45dcbad6557a326,0.06396680192399434,autoland,4775609,12,d42f896683fcaa492a6c00f43ebeea3a7281573d,macosx1015-64-shippable-qr,True,False,,,102210fe594ee9b33d82058545b1ed14f4c8206e,custom.styleeditor.reload.DAMP,damp,True,damp custom.styleeditor.reload.DAMP opt e10s fission stylo webrender,4775519,77,ms,firefox,,1733186964,2023-07-30 01:23:54,1280105,,,,,,,,,,,,,,,,,,,,,,,,,,,,,,,,,,,,,,,,,,,,,,,,,TN
350,ce5b2b0d4bc01294b78eeb50a7738e0b5755b3a4,0.08587865750969631,autoland,4775609,12,d42f896683fcaa492a6c00f43ebeea3a7281573d,macosx1015-64-shippable-qr,True,False,,,102210fe594ee9b33d82058545b1ed14f4c8206e,custom.styleeditor.reload.DAMP,damp,True,damp custom.styleeditor.reload.DAMP opt e10s fission stylo webrender,4775519,77,ms,firefox,,1733268485,2023-07-30 13:52:06,1280125,,,,,,,,,,,,,,,,,,,,,,,,,,,,,,,,,,,,,,,,,,,,,,,,,TN
351,91dd0dbb8e738b29e6f14bdbaaf28f2b1f531b2b,0.06556912276704135,autoland,4775609,12,d42f896683fcaa492a6c00f43ebeea3a7281573d,macosx1015-64-shippable-qr,True,False,,,102210fe594ee9b33d82058545b1ed14f4c8206e,custom.styleeditor.reload.DAMP,damp,True,damp custom.styleeditor.reload.DAMP opt e10s fission stylo webrender,4775519,77,ms,firefox,,1733335115,2023-07-31 04:52:45,1280185,,,,,,,,,,,,,,,,,,,,,,,,,,,,,,,,,,,,,,,,,,,,,,,,,TN
352,2b4f8ad0cecd1e9ce287bf572fd28b8b94d91717,0.07357471512451191,autoland,4775609,12,d42f896683fcaa492a6c00f43ebeea3a7281573d,macosx1015-64-shippable-qr,True,False,,,102210fe594ee9b33d82058545b1ed14f4c8206e,custom.styleeditor.reload.DAMP,damp,True,damp custom.styleeditor.reload.DAMP opt e10s fission stylo webrender,4775519,77,ms,firefox,,1733440813,2023-07-31 09:26:34,1280244,,,,,,,,,,,,,,,,,,,,,,,,,,,,,,,,,,,,,,,,,,,,,,,,,TN
353,805b1cd5321098059e548eed4aa9db6f43cd833e,0.06901600447731954,autoland,4775609,12,d42f896683fcaa492a6c00f43ebeea3a7281573d,macosx1015-64-shippable-qr,True,False,,,102210fe594ee9b33d82058545b1ed14f4c8206e,custom.styleeditor.reload.DAMP,damp,True,damp custom.styleeditor.reload.DAMP opt e10s fission stylo webrender,4775519,77,ms,firefox,,1733450078,2023-07-31 10:39:42,1280276,,,,,,,,,,,,,,,,,,,,,,,,,,,,,,,,,,,,,,,,,,,,,,,,,TN
354,7cad7000bc1c51f14ca241ac2aa08ac299612b8c,0.07080145550720446,autoland,4775609,12,d42f896683fcaa492a6c00f43ebeea3a7281573d,macosx1015-64-shippable-qr,True,False,,,102210fe594ee9b33d82058545b1ed14f4c8206e,custom.styleeditor.reload.DAMP,damp,True,damp custom.styleeditor.reload.DAMP opt e10s fission stylo webrender,4775519,77,ms,firefox,,1733617249,2023-07-31 14:45:15,1280380,,,,,,,,,,,,,,,,,,,,,,,,,,,,,,,,,,,,,,,,,,,,,,,,,TN
355,0a238650aa096b0da883226d02d11fc5178541f3,0.07305671238627476,autoland,4775609,12,d42f896683fcaa492a6c00f43ebeea3a7281573d,macosx1015-64-shippable-qr,True,False,,,102210fe594ee9b33d82058545b1ed14f4c8206e,custom.styleeditor.reload.DAMP,damp,True,damp custom.styleeditor.reload.DAMP opt e10s fission stylo webrender,4775519,77,ms,firefox,,1733674728,2023-07-31 16:08:26,1280438,,,,,,,,,,,,,,,,,,,,,,,,,,,,,,,,,,,,,,,,,,,,,,,,,TN
356,2d698aca1dece26df297dd085dbde9216e3b2e66,0.09326219755689796,autoland,4775609,12,d42f896683fcaa492a6c00f43ebeea3a7281573d,macosx1015-64-shippable-qr,True,False,,,102210fe594ee9b33d82058545b1ed14f4c8206e,custom.styleeditor.reload.DAMP,damp,True,damp custom.styleeditor.reload.DAMP opt e10s fission stylo webrender,4775519,77,ms,firefox,,1733784231,2023-07-31 21:31:29,1280612,,,,,,,,,,,,,,,,,,,,,,,,,,,,,,,,,,,,,,,,,,,,,,,,,TN
357,28250de453513da3369c412cbce0f35b97146bec,0.07387005751629327,autoland,4775609,12,d42f896683fcaa492a6c00f43ebeea3a7281573d,macosx1015-64-shippable-qr,True,False,,,102210fe594ee9b33d82058545b1ed14f4c8206e,custom.styleeditor.reload.DAMP,damp,True,damp custom.styleeditor.reload.DAMP opt e10s fission stylo webrender,4775519,77,ms,firefox,,1733779173,2023-07-31 21:34:42,1280618,,,,,,,,,,,,,,,,,,,,,,,,,,,,,,,,,,,,,,,,,,,,,,,,,TN
358,195161a06a7a71dbce0ee5e8ddb8c84f3cb03df7,0.10222856050007734,autoland,4775609,12,d42f896683fcaa492a6c00f43ebeea3a7281573d,macosx1015-64-shippable-qr,True,False,,,102210fe594ee9b33d82058545b1ed14f4c8206e,custom.styleeditor.reload.DAMP,damp,True,damp custom.styleeditor.reload.DAMP opt e10s fission stylo webrender,4775519,77,ms,firefox,,1733798246,2023-07-31 23:41:21,1280694,,,,,,,,,,,,,,,,,,,,,,,,,,,,,,,,,,,,,,,,,,,,,,,,,TN
359,ca66ac527c958bd3f26f8c86f291fa85de21ec56,0.06574122536347726,autoland,4775609,12,d42f896683fcaa492a6c00f43ebeea3a7281573d,macosx1015-64-shippable-qr,True,False,,,102210fe594ee9b33d82058545b1ed14f4c8206e,custom.styleeditor.reload.DAMP,damp,True,damp custom.styleeditor.reload.DAMP opt e10s fission stylo webrender,4775519,77,ms,firefox,,1733932453,2023-08-01 03:53:20,1280753,,,,,,,,,,,,,,,,,,,,,,,,,,,,,,,,,,,,,,,,,,,,,,,,,TN
360,d5ecff066adaf3a4029a970db93a9f23f1ed2587,0.08573694770719531,autoland,4775609,12,d42f896683fcaa492a6c00f43ebeea3a7281573d,macosx1015-64-shippable-qr,True,False,,,102210fe594ee9b33d82058545b1ed14f4c8206e,custom.styleeditor.reload.DAMP,damp,True,damp custom.styleeditor.reload.DAMP opt e10s fission stylo webrender,4775519,77,ms,firefox,,1733905071,2023-08-01 04:02:13,1280758,,,,,,,,,,,,,,,,,,,,,,,,,,,,,,,,,,,,,,,,,,,,,,,,,TN
361,5201d6f4a7e8740bd42f08295800c15e0e18cd7e,0.07002204885080099,autoland,4775609,12,d42f896683fcaa492a6c00f43ebeea3a7281573d,macosx1015-64-shippable-qr,True,False,,,102210fe594ee9b33d82058545b1ed14f4c8206e,custom.styleeditor.reload.DAMP,damp,True,damp custom.styleeditor.reload.DAMP opt e10s fission stylo webrender,4775519,77,ms,firefox,,1733997606,2023-08-01 08:15:56,1280812,,,,,,,,,,,,,,,,,,,,,,,,,,,,,,,,,,,,,,,,,,,,,,,,,TN
362,b83cfea645752706c643567095d49b349cb9e610,0.0656251652403877,autoland,4775609,12,d42f896683fcaa492a6c00f43ebeea3a7281573d,macosx1015-64-shippable-qr,True,False,,,102210fe594ee9b33d82058545b1ed14f4c8206e,custom.styleeditor.reload.DAMP,damp,True,damp custom.styleeditor.reload.DAMP opt e10s fission stylo webrender,4775519,77,ms,firefox,,1733993231,2023-08-01 08:24:47,1280822,,,,,,,,,,,,,,,,,,,,,,,,,,,,,,,,,,,,,,,,,,,,,,,,,TN
363,90b19e0d07e5d2cd137f135b860f0357df90e338,0.09093045843627262,autoland,4775609,12,d42f896683fcaa492a6c00f43ebeea3a7281573d,macosx1015-64-shippable-qr,True,False,,,102210fe594ee9b33d82058545b1ed14f4c8206e,custom.styleeditor.reload.DAMP,damp,True,damp custom.styleeditor.reload.DAMP opt e10s fission stylo webrender,4775519,77,ms,firefox,,1734109738,2023-08-01 12:32:45,1280938,,,,,,,,,,,,,,,,,,,,,,,,,,,,,,,,,,,,,,,,,,,,,,,,,TN
364,61356e1447e3bb09709883f8b5806a201d39c5a4,0.07751039269486903,autoland,4775609,12,d42f896683fcaa492a6c00f43ebeea3a7281573d,macosx1015-64-shippable-qr,True,False,,,102210fe594ee9b33d82058545b1ed14f4c8206e,custom.styleeditor.reload.DAMP,damp,True,damp custom.styleeditor.reload.DAMP opt e10s fission stylo webrender,4775519,77,ms,firefox,,1734107504,2023-08-01 12:49:44,1280953,,,,,,,,,,,,,,,,,,,,,,,,,,,,,,,,,,,,,,,,,,,,,,,,,TN
365,ea7df1f8976b5cdf0d7ddbc918c38d7fffcee983,0.09979882041665378,autoland,4775609,12,d42f896683fcaa492a6c00f43ebeea3a7281573d,macosx1015-64-shippable-qr,True,False,,,102210fe594ee9b33d82058545b1ed14f4c8206e,custom.styleeditor.reload.DAMP,damp,True,damp custom.styleeditor.reload.DAMP opt e10s fission stylo webrender,4775519,77,ms,firefox,,1734275596,2023-08-01 15:48:38,1281058,,,,,,,,,,,,,,,,,,,,,,,,,,,,,,,,,,,,,,,,,,,,,,,,,TN
366,fd6f3d21ce3f450906d293c067fdadc62ea991a6,0.14766723661454634,autoland,4775609,12,d42f896683fcaa492a6c00f43ebeea3a7281573d,macosx1015-64-shippable-qr,True,False,,,102210fe594ee9b33d82058545b1ed14f4c8206e,custom.styleeditor.reload.DAMP,damp,True,damp custom.styleeditor.reload.DAMP opt e10s fission stylo webrender,4775519,77,ms,firefox,,1734307633,2023-08-01 20:02:17,1281212,,,,,,,,,,,,,,,,,,,,,,,,,,,,,,,,,,,,,,,,,,,,,,,,,TN
367,323a980eddb18489b9d7de1ffeff427026574b4c,0.08068686531627495,autoland,4775609,12,d42f896683fcaa492a6c00f43ebeea3a7281573d,macosx1015-64-shippable-qr,True,False,,,102210fe594ee9b33d82058545b1ed14f4c8206e,custom.styleeditor.reload.DAMP,damp,True,damp custom.styleeditor.reload.DAMP opt e10s fission stylo webrender,4775519,77,ms,firefox,,1734373590,2023-08-02 00:13:38,1281337,,,,,,,,,,,,,,,,,,,,,,,,,,,,,,,,,,,,,,,,,,,,,,,,,TN
368,7ee1dad073d03db2f730fd5c2baf77f37e458feb,0.0986420347406799,autoland,4775609,12,d42f896683fcaa492a6c00f43ebeea3a7281573d,macosx1015-64-shippable-qr,True,False,,,102210fe594ee9b33d82058545b1ed14f4c8206e,custom.styleeditor.reload.DAMP,damp,True,damp custom.styleeditor.reload.DAMP opt e10s fission stylo webrender,4775519,77,ms,firefox,,1734497939,2023-08-02 06:07:22,1281414,,,,,,,,,,,,,,,,,,,,,,,,,,,,,,,,,,,,,,,,,,,,,,,,,TN
369,a8968f9e8cf0bba14f132004f11b34a8abb93165,0.1176458965266976,autoland,4775609,12,d42f896683fcaa492a6c00f43ebeea3a7281573d,macosx1015-64-shippable-qr,True,False,,,102210fe594ee9b33d82058545b1ed14f4c8206e,custom.styleeditor.reload.DAMP,damp,True,damp custom.styleeditor.reload.DAMP opt e10s fission stylo webrender,4775519,77,ms,firefox,,1734482656,2023-08-02 06:35:09,1281421,,,,,,,,,,,,,,,,,,,,,,,,,,,,,,,,,,,,,,,,,,,,,,,,,TN
370,338c2c8d91af0f92fa1a7a3b5fb1830adb54b373,0.04303201531206946,autoland,4775609,12,d42f896683fcaa492a6c00f43ebeea3a7281573d,macosx1015-64-shippable-qr,True,False,,,102210fe594ee9b33d82058545b1ed14f4c8206e,custom.styleeditor.reload.DAMP,damp,True,damp custom.styleeditor.reload.DAMP opt e10s fission stylo webrender,4775519,77,ms,firefox,,1734657172,2023-08-02 10:39:12,1281520,,,,,,,,,,,,,,,,,,,,,,,,,,,,,,,,,,,,,,,,,,,,,,,,,TN
371,b21c8906db6d0a7e0fbae7e609d90da9cf977fbb,0.07889749396262785,autoland,4775609,12,d42f896683fcaa492a6c00f43ebeea3a7281573d,macosx1015-64-shippable-qr,True,False,,,102210fe594ee9b33d82058545b1ed14f4c8206e,custom.styleeditor.reload.DAMP,damp,True,damp custom.styleeditor.reload.DAMP opt e10s fission stylo webrender,4775519,77,ms,firefox,,1734667372,2023-08-02 12:59:29,1281568,,,,,,,,,,,,,,,,,,,,,,,,,,,,,,,,,,,,,,,,,,,,,,,,,TN
372,90ca26ab8ee142d08164d3ed9761aa023bc4e2aa,0.13471928218206047,autoland,4775609,12,d42f896683fcaa492a6c00f43ebeea3a7281573d,macosx1015-64-shippable-qr,True,False,,,102210fe594ee9b33d82058545b1ed14f4c8206e,custom.styleeditor.reload.DAMP,damp,True,damp custom.styleeditor.reload.DAMP opt e10s fission stylo webrender,4775519,77,ms,firefox,,1734825268,2023-08-02 16:29:38,1281697,,,,,,,,,,,,,,,,,,,,,,,,,,,,,,,,,,,,,,,,,,,,,,,,,TN
373,9836af94c959ecca4666d7f0c19125b41969ff65,0.11160760402646364,autoland,4775609,12,d42f896683fcaa492a6c00f43ebeea3a7281573d,macosx1015-64-shippable-qr,True,False,,,102210fe594ee9b33d82058545b1ed14f4c8206e,custom.styleeditor.reload.DAMP,damp,True,damp custom.styleeditor.reload.DAMP opt e10s fission stylo webrender,4775519,77,ms,firefox,,1735030825,2023-08-03 00:54:50,1282044,,,,,,,,,,,,,,,,,,,,,,,,,,,,,,,,,,,,,,,,,,,,,,,,,TN
374,c37e853eb755f0f4110f01509516da8c93baf284,0.09280870033496302,autoland,4775609,12,d42f896683fcaa492a6c00f43ebeea3a7281573d,macosx1015-64-shippable-qr,True,False,,,102210fe594ee9b33d82058545b1ed14f4c8206e,custom.styleeditor.reload.DAMP,damp,True,damp custom.styleeditor.reload.DAMP opt e10s fission stylo webrender,4775519,77,ms,firefox,,1735062658,2023-08-03 00:55:51,1282045,,,,,,,,,,,,,,,,,,,,,,,,,,,,,,,,,,,,,,,,,,,,,,,,,TN
375,1eb2f6905e74aa982d6b71bec524ccfde726bb7b,0.09698828124669434,autoland,4775609,12,d42f896683fcaa492a6c00f43ebeea3a7281573d,macosx1015-64-shippable-qr,True,False,,,102210fe594ee9b33d82058545b1ed14f4c8206e,custom.styleeditor.reload.DAMP,damp,True,damp custom.styleeditor.reload.DAMP opt e10s fission stylo webrender,4775519,77,ms,firefox,,1735138192,2023-08-03 05:32:27,1282117,,,,,,,,,,,,,,,,,,,,,,,,,,,,,,,,,,,,,,,,,,,,,,,,,TN
376,6f55c55c40c70eff3b82d3129f516257598ea115,0.07125663049094255,autoland,4775609,12,d42f896683fcaa492a6c00f43ebeea3a7281573d,macosx1015-64-shippable-qr,True,False,,,102210fe594ee9b33d82058545b1ed14f4c8206e,custom.styleeditor.reload.DAMP,damp,True,damp custom.styleeditor.reload.DAMP opt e10s fission stylo webrender,4775519,77,ms,firefox,,1735244780,2023-08-03 09:35:33,1282197,,,,,,,,,,,,,,,,,,,,,,,,,,,,,,,,,,,,,,,,,,,,,,,,,TN
377,9a8ae552959ec73c3546151f30d131552d64bce0,0.08350596260726606,autoland,4775609,12,d42f896683fcaa492a6c00f43ebeea3a7281573d,macosx1015-64-shippable-qr,True,False,,,102210fe594ee9b33d82058545b1ed14f4c8206e,custom.styleeditor.reload.DAMP,damp,True,damp custom.styleeditor.reload.DAMP opt e10s fission stylo webrender,4775519,77,ms,firefox,,1735253264,2023-08-03 11:38:24,1282235,,,,,,,,,,,,,,,,,,,,,,,,,,,,,,,,,,,,,,,,,,,,,,,,,TN
378,b801323d1ecc3535a192916c7cb0575710458777,0.10112843000228039,autoland,4775609,12,d42f896683fcaa492a6c00f43ebeea3a7281573d,macosx1015-64-shippable-qr,True,False,,,102210fe594ee9b33d82058545b1ed14f4c8206e,custom.styleeditor.reload.DAMP,damp,True,damp custom.styleeditor.reload.DAMP opt e10s fission stylo webrender,4775519,77,ms,firefox,,1735556697,2023-08-03 15:46:38,1282361,,,,,,,,,,,,,,,,,,,,,,,,,,,,,,,,,,,,,,,,,,,,,,,,,TN
379,58d067f89f59472dc1a89d573ccebb4850863efa,0.06917956156882327,autoland,4775609,12,d42f896683fcaa492a6c00f43ebeea3a7281573d,macosx1015-64-shippable-qr,True,False,,,102210fe594ee9b33d82058545b1ed14f4c8206e,custom.styleeditor.reload.DAMP,damp,True,damp custom.styleeditor.reload.DAMP opt e10s fission stylo webrender,4775519,77,ms,firefox,,1735564465,2023-08-03 16:00:50,1282374,,,,,,,,,,,,,,,,,,,,,,,,,,,,,,,,,,,,,,,,,,,,,,,,,TN
380,8527a2500a35867e4319772e3be1f2756dfcfced,0.08243920121187337,autoland,4775609,12,d42f896683fcaa492a6c00f43ebeea3a7281573d,macosx1015-64-shippable-qr,True,False,,,102210fe594ee9b33d82058545b1ed14f4c8206e,custom.styleeditor.reload.DAMP,damp,True,damp custom.styleeditor.reload.DAMP opt e10s fission stylo webrender,4775519,77,ms,firefox,,1735568066,2023-08-03 19:10:36,1282500,,,,,,,,,,,,,,,,,,,,,,,,,,,,,,,,,,,,,,,,,,,,,,,,,TN
381,3922ccc760667154aea7a174114abfacb17fe35e,0.0946715410532401,autoland,4775609,12,d42f896683fcaa492a6c00f43ebeea3a7281573d,macosx1015-64-shippable-qr,True,False,,,102210fe594ee9b33d82058545b1ed14f4c8206e,custom.styleeditor.reload.DAMP,damp,True,damp custom.styleeditor.reload.DAMP opt e10s fission stylo webrender,4775519,77,ms,firefox,,1735636454,2023-08-03 22:02:40,1282606,,,,,,,,,,,,,,,,,,,,,,,,,,,,,,,,,,,,,,,,,,,,,,,,,TN
382,2b60f9868271a131fa342332b78f3968159fa46e,0.08942233616559703,autoland,4775609,12,d42f896683fcaa492a6c00f43ebeea3a7281573d,macosx1015-64-shippable-qr,True,False,,,102210fe594ee9b33d82058545b1ed14f4c8206e,custom.styleeditor.reload.DAMP,damp,True,damp custom.styleeditor.reload.DAMP opt e10s fission stylo webrender,4775519,77,ms,firefox,,1735712134,2023-08-04 02:28:33,1282715,,,,,,,,,,,,,,,,,,,,,,,,,,,,,,,,,,,,,,,,,,,,,,,,,TN
383,94da8bb07baea6212776a4b3ddcebff2c08eab98,0.09257371092593841,autoland,4775609,12,d42f896683fcaa492a6c00f43ebeea3a7281573d,macosx1015-64-shippable-qr,True,False,,,102210fe594ee9b33d82058545b1ed14f4c8206e,custom.styleeditor.reload.DAMP,damp,True,damp custom.styleeditor.reload.DAMP opt e10s fission stylo webrender,4775519,77,ms,firefox,,1735824708,2023-08-04 06:28:57,1282781,,,,,,,,,,,,,,,,,,,,,,,,,,,,,,,,,,,,,,,,,,,,,,,,,TN
384,386212864d07a46141ce5bca1ef4988cefa4bad7,0.11179553876283188,autoland,4775609,12,d42f896683fcaa492a6c00f43ebeea3a7281573d,macosx1015-64-shippable-qr,True,False,,,102210fe594ee9b33d82058545b1ed14f4c8206e,custom.styleeditor.reload.DAMP,damp,True,damp custom.styleeditor.reload.DAMP opt e10s fission stylo webrender,4775519,77,ms,firefox,,1735908363,2023-08-04 09:04:37,1282830,,,,,,,,,,,,,,,,,,,,,,,,,,,,,,,,,,,,,,,,,,,,,,,,,TN
385,3a8e173a97d02ae7b0aa11e9ca6f35b1fe8fa926,0.13591325635516383,autoland,4775609,12,d42f896683fcaa492a6c00f43ebeea3a7281573d,macosx1015-64-shippable-qr,True,False,,,102210fe594ee9b33d82058545b1ed14f4c8206e,custom.styleeditor.reload.DAMP,damp,True,damp custom.styleeditor.reload.DAMP opt e10s fission stylo webrender,4775519,77,ms,firefox,,1735987887,2023-08-04 13:05:51,1282936,,,,,,,,,,,,,,,,,,,,,,,,,,,,,,,,,,,,,,,,,,,,,,,,,TN
386,8b506ab414513f3320eb7747254e94b37808bb75,0.06835849537021588,autoland,4775609,12,d42f896683fcaa492a6c00f43ebeea3a7281573d,macosx1015-64-shippable-qr,True,False,,,102210fe594ee9b33d82058545b1ed14f4c8206e,custom.styleeditor.reload.DAMP,damp,True,damp custom.styleeditor.reload.DAMP opt e10s fission stylo webrender,4775519,77,ms,firefox,,1736030254,2023-08-04 14:26:38,1282995,,,,,,,,,,,,,,,,,,,,,,,,,,,,,,,,,,,,,,,,,,,,,,,,,TN
387,e8c6dc4a318cb8af6210801b4271ea32ee9f324a,0.07890092445161528,autoland,4775609,12,d42f896683fcaa492a6c00f43ebeea3a7281573d,macosx1015-64-shippable-qr,True,False,,,102210fe594ee9b33d82058545b1ed14f4c8206e,custom.styleeditor.reload.DAMP,damp,True,damp custom.styleeditor.reload.DAMP opt e10s fission stylo webrender,4775519,77,ms,firefox,,1736112200,2023-08-04 17:20:09,1283108,,,,,,,,,,,,,,,,,,,,,,,,,,,,,,,,,,,,,,,,,,,,,,,,,TN
388,de6dcf5a4c0eec5ef6847cde00ec5da4fcee2e8c,0.1426662068151247,autoland,4775609,12,d42f896683fcaa492a6c00f43ebeea3a7281573d,macosx1015-64-shippable-qr,True,False,,,102210fe594ee9b33d82058545b1ed14f4c8206e,custom.styleeditor.reload.DAMP,damp,True,damp custom.styleeditor.reload.DAMP opt e10s fission stylo webrender,4775519,77,ms,firefox,,1736286356,2023-08-04 21:22:40,1283226,,,,,,,,,,,,,,,,,,,,,,,,,,,,,,,,,,,,,,,,,,,,,,,,,TN
389,421628bd5a5c1cf8c64cb86994b1e6dc738abb49,0.10462106162190782,autoland,4775609,12,d42f896683fcaa492a6c00f43ebeea3a7281573d,macosx1015-64-shippable-qr,True,False,,,102210fe594ee9b33d82058545b1ed14f4c8206e,custom.styleeditor.reload.DAMP,damp,True,damp custom.styleeditor.reload.DAMP opt e10s fission stylo webrender,4775519,77,ms,firefox,,1736299503,2023-08-04 23:16:08,1283269,,,,,,,,,,,,,,,,,,,,,,,,,,,,,,,,,,,,,,,,,,,,,,,,,TN
390,9e73058ab4aadee7e12b26a9be296b2bbc04cf74,0.09446236405334052,autoland,4775609,12,d42f896683fcaa492a6c00f43ebeea3a7281573d,macosx1015-64-shippable-qr,True,False,,,102210fe594ee9b33d82058545b1ed14f4c8206e,custom.styleeditor.reload.DAMP,damp,True,damp custom.styleeditor.reload.DAMP opt e10s fission stylo webrender,4775519,77,ms,firefox,,1736434573,2023-08-05 11:44:34,1283328,,,,,,,,,,,,,,,,,,,,,,,,,,,,,,,,,,,,,,,,,,,,,,,,,TN
391,b0538d39e8c853c9e07b359df9c740d5175e7077,0.10559098109242615,autoland,4775609,12,d42f896683fcaa492a6c00f43ebeea3a7281573d,macosx1015-64-shippable-qr,True,False,,,102210fe594ee9b33d82058545b1ed14f4c8206e,custom.styleeditor.reload.DAMP,damp,True,damp custom.styleeditor.reload.DAMP opt e10s fission stylo webrender,4775519,77,ms,firefox,,1736458256,2023-08-05 16:15:02,1283346,,,,,,,,,,,,,,,,,,,,,,,,,,,,,,,,,,,,,,,,,,,,,,,,,TN
392,a777f43c4d9cabe80f2fc3aea6bf95c7e3e9c4c1,0.12298369568455991,autoland,4775609,12,d42f896683fcaa492a6c00f43ebeea3a7281573d,macosx1015-64-shippable-qr,True,False,,,102210fe594ee9b33d82058545b1ed14f4c8206e,custom.styleeditor.reload.DAMP,damp,True,damp custom.styleeditor.reload.DAMP opt e10s fission stylo webrender,4775519,77,ms,firefox,,1736618961,2023-08-06 23:55:51,1283445,,,,,,,,,,,,,,,,,,,,,,,,,,,,,,,,,,,,,,,,,,,,,,,,,TN
393,a86a27857ef685b0547d023a29fb8c8bb3f8fc1d,0.0862155733248634,autoland,4775609,12,d42f896683fcaa492a6c00f43ebeea3a7281573d,macosx1015-64-shippable-qr,True,False,,,102210fe594ee9b33d82058545b1ed14f4c8206e,custom.styleeditor.reload.DAMP,damp,True,damp custom.styleeditor.reload.DAMP opt e10s fission stylo webrender,4775519,77,ms,firefox,,1736648704,2023-08-07 02:09:17,1283462,,,,,,,,,,,,,,,,,,,,,,,,,,,,,,,,,,,,,,,,,,,,,,,,,TN
394,6d877fdb9a1e892fe6528a26aab81b53cfae55c5,0.07108347033410728,autoland,4775609,12,d42f896683fcaa492a6c00f43ebeea3a7281573d,macosx1015-64-shippable-qr,True,False,,,102210fe594ee9b33d82058545b1ed14f4c8206e,custom.styleeditor.reload.DAMP,damp,True,damp custom.styleeditor.reload.DAMP opt e10s fission stylo webrender,4775519,77,ms,firefox,,1736696499,2023-08-07 06:19:47,1283519,,,,,,,,,,,,,,,,,,,,,,,,,,,,,,,,,,,,,,,,,,,,,,,,,TN
395,2f07664dbc304adeae1029ead0f4ab014aaa02a8,0.0703833554754813,autoland,4775609,12,d42f896683fcaa492a6c00f43ebeea3a7281573d,macosx1015-64-shippable-qr,True,False,,,102210fe594ee9b33d82058545b1ed14f4c8206e,custom.styleeditor.reload.DAMP,damp,True,damp custom.styleeditor.reload.DAMP opt e10s fission stylo webrender,4775519,77,ms,firefox,,1736776656,2023-08-07 09:17:55,1283581,,,,,,,,,,,,,,,,,,,,,,,,,,,,,,,,,,,,,,,,,,,,,,,,,TN
396,d59d0a5038b29cdbcbb2d4b003d642a2617e297f,0.07712464534466923,autoland,4775609,12,d42f896683fcaa492a6c00f43ebeea3a7281573d,macosx1015-64-shippable-qr,True,False,,,102210fe594ee9b33d82058545b1ed14f4c8206e,custom.styleeditor.reload.DAMP,damp,True,damp custom.styleeditor.reload.DAMP opt e10s fission stylo webrender,4775519,77,ms,firefox,,1736870435,2023-08-07 13:44:02,1283713,,,,,,,,,,,,,,,,,,,,,,,,,,,,,,,,,,,,,,,,,,,,,,,,,TN
397,969534e114528550edbcaf30931bc5e255ac2475,0.08076823109532077,autoland,4775609,12,d42f896683fcaa492a6c00f43ebeea3a7281573d,macosx1015-64-shippable-qr,True,False,,,102210fe594ee9b33d82058545b1ed14f4c8206e,custom.styleeditor.reload.DAMP,damp,True,damp custom.styleeditor.reload.DAMP opt e10s fission stylo webrender,4775519,77,ms,firefox,,1736971037,2023-08-07 16:46:35,1283815,,,,,,,,,,,,,,,,,,,,,,,,,,,,,,,,,,,,,,,,,,,,,,,,,TN
398,588b596bcb73c4c9cf235c8df1dc04fc9475c321,0.10758574186579889,autoland,4775609,12,d42f896683fcaa492a6c00f43ebeea3a7281573d,macosx1015-64-shippable-qr,True,False,,,102210fe594ee9b33d82058545b1ed14f4c8206e,custom.styleeditor.reload.DAMP,damp,True,damp custom.styleeditor.reload.DAMP opt e10s fission stylo webrender,4775519,77,ms,firefox,,1737054758,2023-08-07 20:52:42,1283921,,,,,,,,,,,,,,,,,,,,,,,,,,,,,,,,,,,,,,,,,,,,,,,,,TN
399,0d1a783351f683e500d6e8f83d3dc430b2afdcbf,0.07115042136743749,autoland,4775609,12,d42f896683fcaa492a6c00f43ebeea3a7281573d,macosx1015-64-shippable-qr,True,False,,,102210fe594ee9b33d82058545b1ed14f4c8206e,custom.styleeditor.reload.DAMP,damp,True,damp custom.styleeditor.reload.DAMP opt e10s fission stylo webrender,4775519,77,ms,firefox,,1737110089,2023-08-07 21:31:10,1283941,,,,,,,,,,,,,,,,,,,,,,,,,,,,,,,,,,,,,,,,,,,,,,,,,TN
400,7053ad5afbc40a1a98d9e4e447c98e2fd6d70f04,0.08521397750681453,autoland,4775609,12,d42f896683fcaa492a6c00f43ebeea3a7281573d,macosx1015-64-shippable-qr,True,False,,,102210fe594ee9b33d82058545b1ed14f4c8206e,custom.styleeditor.reload.DAMP,damp,True,damp custom.styleeditor.reload.DAMP opt e10s fission stylo webrender,4775519,77,ms,firefox,,1737202182,2023-08-08 01:47:48,1284029,,,,,,,,,,,,,,,,,,,,,,,,,,,,,,,,,,,,,,,,,,,,,,,,,TN
401,201950bdeb03d34c7ad70702b52d28c3e0f6a448,0.07697988573104791,autoland,4775609,12,d42f896683fcaa492a6c00f43ebeea3a7281573d,macosx1015-64-shippable-qr,True,False,,,102210fe594ee9b33d82058545b1ed14f4c8206e,custom.styleeditor.reload.DAMP,damp,True,damp custom.styleeditor.reload.DAMP opt e10s fission stylo webrender,4775519,77,ms,firefox,,1737316472,2023-08-08 08:03:57,1284128,,,,,,,,,,,,,,,,,,,,,,,,,,,,,,,,,,,,,,,,,,,,,,,,,TN
402,d1fbe6c1f87656fb4f55677904f55f6df433ea9a,0.10212343307218763,autoland,4775609,12,d42f896683fcaa492a6c00f43ebeea3a7281573d,macosx1015-64-shippable-qr,True,False,,,102210fe594ee9b33d82058545b1ed14f4c8206e,custom.styleeditor.reload.DAMP,damp,True,damp custom.styleeditor.reload.DAMP opt e10s fission stylo webrender,4775519,77,ms,firefox,,1737382512,2023-08-08 12:10:40,1284255,,,,,,,,,,,,,,,,,,,,,,,,,,,,,,,,,,,,,,,,,,,,,,,,,TN
403,062a5e5729067f579bd6d1ab2f1a3021d7fd291a,0.06928289421579531,autoland,4775609,12,d42f896683fcaa492a6c00f43ebeea3a7281573d,macosx1015-64-shippable-qr,True,False,,,102210fe594ee9b33d82058545b1ed14f4c8206e,custom.styleeditor.reload.DAMP,damp,True,damp custom.styleeditor.reload.DAMP opt e10s fission stylo webrender,4775519,77,ms,firefox,,1737393104,2023-08-08 12:20:31,1284261,,,,,,,,,,,,,,,,,,,,,,,,,,,,,,,,,,,,,,,,,,,,,,,,,TN
404,855c69dcdcc457c3e5a54150cdd89a71a2527e2b,0.06879331451036813,autoland,4775609,12,d42f896683fcaa492a6c00f43ebeea3a7281573d,macosx1015-64-shippable-qr,True,False,,,102210fe594ee9b33d82058545b1ed14f4c8206e,custom.styleeditor.reload.DAMP,damp,True,damp custom.styleeditor.reload.DAMP opt e10s fission stylo webrender,4775519,77,ms,firefox,,1737545992,2023-08-08 16:23:23,1284396,,,,,,,,,,,,,,,,,,,,,,,,,,,,,,,,,,,,,,,,,,,,,,,,,TN
405,b19ed5a6579d312e71c03201698107835378c612,0.08566533364432488,autoland,4775609,12,d42f896683fcaa492a6c00f43ebeea3a7281573d,macosx1015-64-shippable-qr,True,False,,,102210fe594ee9b33d82058545b1ed14f4c8206e,custom.styleeditor.reload.DAMP,damp,True,damp custom.styleeditor.reload.DAMP opt e10s fission stylo webrender,4775519,77,ms,firefox,,1737562827,2023-08-08 18:03:32,1284479,,,,,,,,,,,,,,,,,,,,,,,,,,,,,,,,,,,,,,,,,,,,,,,,,TN
406,f77c2fc738fa94b4b96b53a890011f6b5d5a1ffd,0.10531925060158404,autoland,4775609,12,d42f896683fcaa492a6c00f43ebeea3a7281573d,macosx1015-64-shippable-qr,True,False,,,102210fe594ee9b33d82058545b1ed14f4c8206e,custom.styleeditor.reload.DAMP,damp,True,damp custom.styleeditor.reload.DAMP opt e10s fission stylo webrender,4775519,77,ms,firefox,,1739055365,2023-08-08 20:21:46,1284561,,,,,,,,,,,,,,,,,,,,,,,,,,,,,,,,,,,,,,,,,,,,,,,,,TN
407,a177379714690f85186a58cca544d9f3d83d7d5b,0.09132171683902457,autoland,4775609,12,d42f896683fcaa492a6c00f43ebeea3a7281573d,macosx1015-64-shippable-qr,True,False,,,102210fe594ee9b33d82058545b1ed14f4c8206e,custom.styleeditor.reload.DAMP,damp,True,damp custom.styleeditor.reload.DAMP opt e10s fission stylo webrender,4775519,77,ms,firefox,,1739055214,2023-08-08 20:23:17,1284562,,,,,,,,,,,,,,,,,,,,,,,,,,,,,,,,,,,,,,,,,,,,,,,,,TN
408,a8267c9267daac307ec0b06882b52db6d8d2fb09,0.09850253989092794,autoland,4775609,12,d42f896683fcaa492a6c00f43ebeea3a7281573d,macosx1015-64-shippable-qr,True,False,,,102210fe594ee9b33d82058545b1ed14f4c8206e,custom.styleeditor.reload.DAMP,damp,True,damp custom.styleeditor.reload.DAMP opt e10s fission stylo webrender,4775519,77,ms,firefox,,1739055438,2023-08-08 20:24:34,1284564,,,,,,,,,,,,,,,,,,,,,,,,,,,,,,,,,,,,,,,,,,,,,,,,,TN
409,8d4143f38c23a84e8bd5c536c1f81a8c746c4748,0.06420070488353502,autoland,4775609,12,d42f896683fcaa492a6c00f43ebeea3a7281573d,macosx1015-64-shippable-qr,True,False,,,102210fe594ee9b33d82058545b1ed14f4c8206e,custom.styleeditor.reload.DAMP,damp,True,damp custom.styleeditor.reload.DAMP opt e10s fission stylo webrender,4775519,77,ms,firefox,,1739055162,2023-08-08 20:25:32,1284566,,,,,,,,,,,,,,,,,,,,,,,,,,,,,,,,,,,,,,,,,,,,,,,,,TN
410,b50be8861ca0a4f9e6777e9333a9e483bdb57bf9,0.07368020074067277,autoland,4775609,12,d42f896683fcaa492a6c00f43ebeea3a7281573d,macosx1015-64-shippable-qr,True,False,,,102210fe594ee9b33d82058545b1ed14f4c8206e,custom.styleeditor.reload.DAMP,damp,True,damp custom.styleeditor.reload.DAMP opt e10s fission stylo webrender,4775519,77,ms,firefox,,1739055281,2023-08-08 21:01:52,1284585,,,,,,,,,,,,,,,,,,,,,,,,,,,,,,,,,,,,,,,,,,,,,,,,,TN
411,7544c8f9eea7e3d2e8b8d60a7dec5444b799234d,0.09948587139949905,autoland,4775609,12,d42f896683fcaa492a6c00f43ebeea3a7281573d,macosx1015-64-shippable-qr,True,False,,,102210fe594ee9b33d82058545b1ed14f4c8206e,custom.styleeditor.reload.DAMP,damp,True,damp custom.styleeditor.reload.DAMP opt e10s fission stylo webrender,4775519,77,ms,firefox,,1739055584,2023-08-08 21:06:47,1284589,,,,,,,,,,,,,,,,,,,,,,,,,,,,,,,,,,,,,,,,,,,,,,,,,TN
412,c7ce9810dc564ccfb6a77bccc1dbc7a59ba3bca6,0.08640448005143597,autoland,4775609,12,d42f896683fcaa492a6c00f43ebeea3a7281573d,macosx1015-64-shippable-qr,True,False,,,102210fe594ee9b33d82058545b1ed14f4c8206e,custom.styleeditor.reload.DAMP,damp,True,damp custom.styleeditor.reload.DAMP opt e10s fission stylo webrender,4775519,77,ms,firefox,,1739055402,2023-08-08 21:22:21,1284597,,,,,,,,,,,,,,,,,,,,,,,,,,,,,,,,,,,,,,,,,,,,,,,,,TN
413,ae572fb876bce47682cd3f6d2bd750c6e1de558f,0.08758685342320321,autoland,4775609,12,d42f896683fcaa492a6c00f43ebeea3a7281573d,macosx1015-64-shippable-qr,True,False,,,102210fe594ee9b33d82058545b1ed14f4c8206e,custom.styleeditor.reload.DAMP,damp,True,damp custom.styleeditor.reload.DAMP opt e10s fission stylo webrender,4775519,77,ms,firefox,,1739055521,2023-08-08 21:25:00,1284599,,,,,,,,,,,,,,,,,,,,,,,,,,,,,,,,,,,,,,,,,,,,,,,,,TN
414,4abb9ce2fb8e4174171b3478d6f28b78bf3f214a,0.07488743226715405,autoland,4775609,12,d42f896683fcaa492a6c00f43ebeea3a7281573d,macosx1015-64-shippable-qr,True,False,,,102210fe594ee9b33d82058545b1ed14f4c8206e,custom.styleeditor.reload.DAMP,damp,True,damp custom.styleeditor.reload.DAMP opt e10s fission stylo webrender,4775519,77,ms,firefox,,1737760969,2023-08-08 21:27:09,1284603,,,,,,,,,,,,,,,,,,,,,,,,,,,,,,,,,,,,,,,,,,,,,,,,,TN
415,a5c57fffac4bdeaa8d476c510486d9e87e81d7e7,0.10330631876837754,autoland,4775609,12,d42f896683fcaa492a6c00f43ebeea3a7281573d,macosx1015-64-shippable-qr,True,False,,,102210fe594ee9b33d82058545b1ed14f4c8206e,custom.styleeditor.reload.DAMP,damp,True,damp custom.styleeditor.reload.DAMP opt e10s fission stylo webrender,4775519,77,ms,firefox,,1739054219,2023-08-08 21:50:37,1284620,,,,,,,,,,,,,,,,,,,,,,,,,,,,,,,,,,,,,,,,,,,,,,,,,TN
416,f0e5e2a506600cc59e93ffec47817893774c4a8d,0.06933529446865544,autoland,4775609,12,d42f896683fcaa492a6c00f43ebeea3a7281573d,macosx1015-64-shippable-qr,True,False,,,102210fe594ee9b33d82058545b1ed14f4c8206e,custom.styleeditor.reload.DAMP,damp,True,damp custom.styleeditor.reload.DAMP opt e10s fission stylo webrender,4775519,77,ms,firefox,,1739053855,2023-08-08 23:05:44,1284663,,,,,,,,,,,,,,,,,,,,,,,,,,,,,,,,,,,,,,,,,,,,,,,,,TN
417,ba9868b3f4e7934eabca6398df3c74738e1ef7b1,0.0922838269281242,autoland,4775609,12,d42f896683fcaa492a6c00f43ebeea3a7281573d,macosx1015-64-shippable-qr,True,False,,,102210fe594ee9b33d82058545b1ed14f4c8206e,custom.styleeditor.reload.DAMP,damp,True,damp custom.styleeditor.reload.DAMP opt e10s fission stylo webrender,4775519,77,ms,firefox,,1739054163,2023-08-08 23:13:51,1284668,,,,,,,,,,,,,,,,,,,,,,,,,,,,,,,,,,,,,,,,,,,,,,,,,TN
418,4ab6eb349233e78877e51e66556fe91e98830f6f,0.09035886514120572,autoland,4775609,12,d42f896683fcaa492a6c00f43ebeea3a7281573d,macosx1015-64-shippable-qr,True,False,,,102210fe594ee9b33d82058545b1ed14f4c8206e,custom.styleeditor.reload.DAMP,damp,True,damp custom.styleeditor.reload.DAMP opt e10s fission stylo webrender,4775519,77,ms,firefox,,1739054430,2023-08-08 23:14:47,1284669,,,,,,,,,,,,,,,,,,,,,,,,,,,,,,,,,,,,,,,,,,,,,,,,,TN
419,b57643dc6b227f5d0ffd05324f2f21bd4557fcee,0.0788645505173366,autoland,4775609,12,d42f896683fcaa492a6c00f43ebeea3a7281573d,macosx1015-64-shippable-qr,True,False,,,102210fe594ee9b33d82058545b1ed14f4c8206e,custom.styleeditor.reload.DAMP,damp,True,damp custom.styleeditor.reload.DAMP opt e10s fission stylo webrender,4775519,77,ms,firefox,,1739054757,2023-08-09 00:40:25,1284706,,,,,,,,,,,,,,,,,,,,,,,,,,,,,,,,,,,,,,,,,,,,,,,,,TN
420,a369921ff340abce27758b0614128b89fb724e9c,0.07188325422670372,autoland,4775609,12,d42f896683fcaa492a6c00f43ebeea3a7281573d,macosx1015-64-shippable-qr,True,False,,,102210fe594ee9b33d82058545b1ed14f4c8206e,custom.styleeditor.reload.DAMP,damp,True,damp custom.styleeditor.reload.DAMP opt e10s fission stylo webrender,4775519,77,ms,firefox,,1739054828,2023-08-09 01:08:31,1284728,,,,,,,,,,,,,,,,,,,,,,,,,,,,,,,,,,,,,,,,,,,,,,,,,TN
421,e20332cad1b4b44d6393073713a2c61914f43029,0.09589123127753607,autoland,4775609,12,d42f896683fcaa492a6c00f43ebeea3a7281573d,macosx1015-64-shippable-qr,True,False,,,102210fe594ee9b33d82058545b1ed14f4c8206e,custom.styleeditor.reload.DAMP,damp,True,damp custom.styleeditor.reload.DAMP opt e10s fission stylo webrender,4775519,77,ms,firefox,,1739054860,2023-08-09 01:17:28,1284735,,,,,,,,,,,,,,,,,,,,,,,,,,,,,,,,,,,,,,,,,,,,,,,,,TN
422,25a29224e55d9a839d6fddde206208a453535ec8,0.09300637764541125,autoland,4775609,12,d42f896683fcaa492a6c00f43ebeea3a7281573d,macosx1015-64-shippable-qr,True,False,,,102210fe594ee9b33d82058545b1ed14f4c8206e,custom.styleeditor.reload.DAMP,damp,True,damp custom.styleeditor.reload.DAMP opt e10s fission stylo webrender,4775519,77,ms,firefox,,1737881192,2023-08-09 02:34:29,1284750,,,,,,,,,,,,,,,,,,,,,,,,,,,,,,,,,,,,,,,,,,,,,,,,,TN
423,271f6544c7cc45b0fc3752ed033a633ab29a451a,0.08390987772613545,autoland,4775609,12,d42f896683fcaa492a6c00f43ebeea3a7281573d,macosx1015-64-shippable-qr,True,False,,,102210fe594ee9b33d82058545b1ed14f4c8206e,custom.styleeditor.reload.DAMP,damp,True,damp custom.styleeditor.reload.DAMP opt e10s fission stylo webrender,4775519,77,ms,firefox,,1739217541,2023-08-09 09:01:47,1284881,,,,,,,,,,,,,,,,,,,,,,,,,,,,,,,,,,,,,,,,,,,,,,,,,TN
424,9f47cd8b57f0dd3906340137c3a78499a3bd1e2a,0.08582092392709623,autoland,4775609,12,d42f896683fcaa492a6c00f43ebeea3a7281573d,macosx1015-64-shippable-qr,True,False,,,102210fe594ee9b33d82058545b1ed14f4c8206e,custom.styleeditor.reload.DAMP,damp,True,damp custom.styleeditor.reload.DAMP opt e10s fission stylo webrender,4775519,77,ms,firefox,,1739218224,2023-08-09 09:02:40,1284884,,,,,,,,,,,,,,,,,,,,,,,,,,,,,,,,,,,,,,,,,,,,,,,,,TN
425,03bf43b4ae074d8f44674efd9216923702030794,0.07770846531056952,autoland,4775609,12,d42f896683fcaa492a6c00f43ebeea3a7281573d,macosx1015-64-shippable-qr,True,False,,,102210fe594ee9b33d82058545b1ed14f4c8206e,custom.styleeditor.reload.DAMP,damp,True,damp custom.styleeditor.reload.DAMP opt e10s fission stylo webrender,4775519,77,ms,firefox,,1739218455,2023-08-09 09:35:09,1284895,,,,,,,,,,,,,,,,,,,,,,,,,,,,,,,,,,,,,,,,,,,,,,,,,TN
426,c8a68edde94fa45fd9e45fa60c0f442ff75cf805,0.09010195859735737,autoland,4775609,12,d42f896683fcaa492a6c00f43ebeea3a7281573d,macosx1015-64-shippable-qr,True,False,,,102210fe594ee9b33d82058545b1ed14f4c8206e,custom.styleeditor.reload.DAMP,damp,True,damp custom.styleeditor.reload.DAMP opt e10s fission stylo webrender,4775519,77,ms,firefox,,1739218414,2023-08-09 10:02:00,1284909,,,,,,,,,,,,,,,,,,,,,,,,,,,,,,,,,,,,,,,,,,,,,,,,,TN
427,7b7e075d34e7117a290796f59fb7741f81caf6c0,0.0636213877772484,autoland,4775609,12,d42f896683fcaa492a6c00f43ebeea3a7281573d,macosx1015-64-shippable-qr,True,False,,,102210fe594ee9b33d82058545b1ed14f4c8206e,custom.styleeditor.reload.DAMP,damp,True,damp custom.styleeditor.reload.DAMP opt e10s fission stylo webrender,4775519,77,ms,firefox,,1739217851,2023-08-09 10:31:54,1284928,,,,,,,,,,,,,,,,,,,,,,,,,,,,,,,,,,,,,,,,,,,,,,,,,TN
428,a88b93419ed90c6046351bf87ce7abd219e463a1,0.1038739346928862,autoland,4775609,12,d42f896683fcaa492a6c00f43ebeea3a7281573d,macosx1015-64-shippable-qr,True,False,,,102210fe594ee9b33d82058545b1ed14f4c8206e,custom.styleeditor.reload.DAMP,damp,True,damp custom.styleeditor.reload.DAMP opt e10s fission stylo webrender,4775519,77,ms,firefox,,1739218147,2023-08-09 10:32:43,1284929,,,,,,,,,,,,,,,,,,,,,,,,,,,,,,,,,,,,,,,,,,,,,,,,,TN
429,5d075579fe14205d97cd78a4dc8ddd1e155bf0d7,0.07208121000609757,autoland,4775609,12,d42f896683fcaa492a6c00f43ebeea3a7281573d,macosx1015-64-shippable-qr,True,False,,,102210fe594ee9b33d82058545b1ed14f4c8206e,custom.styleeditor.reload.DAMP,damp,True,damp custom.styleeditor.reload.DAMP opt e10s fission stylo webrender,4775519,77,ms,firefox,,1739054970,2023-08-09 11:22:24,1284946,,,,,,,,,,,,,,,,,,,,,,,,,,,,,,,,,,,,,,,,,,,,,,,,,TN
430,3951ba8d46ada1b519bccbff6c94ced52fd96cd0,0.08664187438641574,autoland,4775609,12,d42f896683fcaa492a6c00f43ebeea3a7281573d,macosx1015-64-shippable-qr,True,False,,,102210fe594ee9b33d82058545b1ed14f4c8206e,custom.styleeditor.reload.DAMP,damp,True,damp custom.styleeditor.reload.DAMP opt e10s fission stylo webrender,4775519,77,ms,firefox,,1739055092,2023-08-09 11:39:18,1284953,,,,,,,,,,,,,,,,,,,,,,,,,,,,,,,,,,,,,,,,,,,,,,,,,TN
431,ed039eae768be7f3b20683997b4fe970d4b8bd82,0.08765630080370668,autoland,4775609,12,d42f896683fcaa492a6c00f43ebeea3a7281573d,macosx1015-64-shippable-qr,True,False,,,102210fe594ee9b33d82058545b1ed14f4c8206e,custom.styleeditor.reload.DAMP,damp,True,damp custom.styleeditor.reload.DAMP opt e10s fission stylo webrender,4775519,77,ms,firefox,,1739055628,2023-08-09 11:55:28,1284958,,,,,,,,,,,,,,,,,,,,,,,,,,,,,,,,,,,,,,,,,,,,,,,,,TN
432,bdfc3c7388cff421c902cbee6a8479c791a31624,0.06754549416676903,autoland,4775609,12,d42f896683fcaa492a6c00f43ebeea3a7281573d,macosx1015-64-shippable-qr,True,False,,,102210fe594ee9b33d82058545b1ed14f4c8206e,custom.styleeditor.reload.DAMP,damp,True,damp custom.styleeditor.reload.DAMP opt e10s fission stylo webrender,4775519,77,ms,firefox,,1739231723,2023-08-09 12:11:10,1284962,,,,,,,,,,,,,,,,,,,,,,,,,,,,,,,,,,,,,,,,,,,,,,,,,TN
433,dd89bc6e84a4201b52b881eee44ae8c9666f6d20,0.060474507648610176,autoland,4775609,12,d42f896683fcaa492a6c00f43ebeea3a7281573d,macosx1015-64-shippable-qr,True,False,,,102210fe594ee9b33d82058545b1ed14f4c8206e,custom.styleeditor.reload.DAMP,damp,True,damp custom.styleeditor.reload.DAMP opt e10s fission stylo webrender,4775519,77,ms,firefox,,1739209655,2023-08-09 12:48:27,1284979,,,,,,,,,,,,,,,,,,,,,,,,,,,,,,,,,,,,,,,,,,,,,,,,,TN
434,eb50419b724bb471aea048fe07d6e692d5950398,0.12096636521188103,autoland,4775609,12,d42f896683fcaa492a6c00f43ebeea3a7281573d,macosx1015-64-shippable-qr,True,False,,,102210fe594ee9b33d82058545b1ed14f4c8206e,custom.styleeditor.reload.DAMP,damp,True,damp custom.styleeditor.reload.DAMP opt e10s fission stylo webrender,4775519,77,ms,firefox,,1739234237,2023-08-09 13:02:52,1284991,,,,,,,,,,,,,,,,,,,,,,,,,,,,,,,,,,,,,,,,,,,,,,,,,TN
435,0c508433b9b8c9130d9d731ae565045101407893,0.10272439506093328,autoland,4775609,12,d42f896683fcaa492a6c00f43ebeea3a7281573d,macosx1015-64-shippable-qr,True,False,,,102210fe594ee9b33d82058545b1ed14f4c8206e,custom.styleeditor.reload.DAMP,damp,True,damp custom.styleeditor.reload.DAMP opt e10s fission stylo webrender,4775519,77,ms,firefox,,1739189681,2023-08-09 13:47:07,1285015,,,,,,,,,,,,,,,,,,,,,,,,,,,,,,,,,,,,,,,,,,,,,,,,,TN
436,06668876615f016fe83f27cfdd85e1ea709bc2c7,0.07507875086770371,autoland,4775609,12,d42f896683fcaa492a6c00f43ebeea3a7281573d,macosx1015-64-shippable-qr,True,False,,,102210fe594ee9b33d82058545b1ed14f4c8206e,custom.styleeditor.reload.DAMP,damp,True,damp custom.styleeditor.reload.DAMP opt e10s fission stylo webrender,4775519,77,ms,firefox,,1739210517,2023-08-09 13:48:01,1285017,,,,,,,,,,,,,,,,,,,,,,,,,,,,,,,,,,,,,,,,,,,,,,,,,TN
437,46b5603cd2b8de629b659ec8d44fc7b086782c46,0.07089564694875605,autoland,4775609,12,d42f896683fcaa492a6c00f43ebeea3a7281573d,macosx1015-64-shippable-qr,True,False,,,102210fe594ee9b33d82058545b1ed14f4c8206e,custom.styleeditor.reload.DAMP,damp,True,damp custom.styleeditor.reload.DAMP opt e10s fission stylo webrender,4775519,77,ms,firefox,,1737997521,2023-08-09 13:49:06,1285020,,,,,,,,,,,,,,,,,,,,,,,,,,,,,,,,,,,,,,,,,,,,,,,,,TN
438,882261d22b333021fc327c4d57e15cf88fc8dad9,0.08216256963067875,autoland,4775609,12,d42f896683fcaa492a6c00f43ebeea3a7281573d,macosx1015-64-shippable-qr,True,False,,,102210fe594ee9b33d82058545b1ed14f4c8206e,custom.styleeditor.reload.DAMP,damp,True,damp custom.styleeditor.reload.DAMP opt e10s fission stylo webrender,4775519,77,ms,firefox,,1739180326,2023-08-09 15:38:22,1285097,,,,,,,,,,,,,,,,,,,,,,,,,,,,,,,,,,,,,,,,,,,,,,,,,TN
439,daf8c825b7c8a6378f4c4d4feaa5a3312bddd171,0.0849683777537168,autoland,4775609,12,d42f896683fcaa492a6c00f43ebeea3a7281573d,macosx1015-64-shippable-qr,True,False,,,102210fe594ee9b33d82058545b1ed14f4c8206e,custom.styleeditor.reload.DAMP,damp,True,damp custom.styleeditor.reload.DAMP opt e10s fission stylo webrender,4775519,77,ms,firefox,,1739231504,2023-08-09 15:49:56,1285106,,,,,,,,,,,,,,,,,,,,,,,,,,,,,,,,,,,,,,,,,,,,,,,,,TN
440,60bddb7ad6aac10d901132781b6f7d39af76315c,0.09289541992212513,autoland,4775609,12,d42f896683fcaa492a6c00f43ebeea3a7281573d,macosx1015-64-shippable-qr,True,False,,,102210fe594ee9b33d82058545b1ed14f4c8206e,custom.styleeditor.reload.DAMP,damp,True,damp custom.styleeditor.reload.DAMP opt e10s fission stylo webrender,4775519,77,ms,firefox,,1739194068,2023-08-09 15:50:44,1285108,,,,,,,,,,,,,,,,,,,,,,,,,,,,,,,,,,,,,,,,,,,,,,,,,TN
441,b639f1987825061aaa3ed14937070d46ece07728,0.09311706384775187,autoland,4775609,12,d42f896683fcaa492a6c00f43ebeea3a7281573d,macosx1015-64-shippable-qr,True,False,,,102210fe594ee9b33d82058545b1ed14f4c8206e,custom.styleeditor.reload.DAMP,damp,True,damp custom.styleeditor.reload.DAMP opt e10s fission stylo webrender,4775519,77,ms,firefox,,1739189529,2023-08-09 15:58:00,1285113,,,,,,,,,,,,,,,,,,,,,,,,,,,,,,,,,,,,,,,,,,,,,,,,,TN
442,0252ecd5496bb10d5c9cddbd125bfb0fbd8252f9,0.06826052512495406,autoland,4775609,12,d42f896683fcaa492a6c00f43ebeea3a7281573d,macosx1015-64-shippable-qr,True,False,,,102210fe594ee9b33d82058545b1ed14f4c8206e,custom.styleeditor.reload.DAMP,damp,True,damp custom.styleeditor.reload.DAMP opt e10s fission stylo webrender,4775519,77,ms,firefox,,1739230656,2023-08-09 16:00:06,1285117,,,,,,,,,,,,,,,,,,,,,,,,,,,,,,,,,,,,,,,,,,,,,,,,,TN
443,788a140a7adf9ed889bae70fb64a269c4edc1dd7,0.07330591322028646,autoland,4775609,12,d42f896683fcaa492a6c00f43ebeea3a7281573d,macosx1015-64-shippable-qr,True,False,,,102210fe594ee9b33d82058545b1ed14f4c8206e,custom.styleeditor.reload.DAMP,damp,True,damp custom.styleeditor.reload.DAMP opt e10s fission stylo webrender,4775519,77,ms,firefox,,1739204360,2023-08-09 16:19:57,1285131,,,,,,,,,,,,,,,,,,,,,,,,,,,,,,,,,,,,,,,,,,,,,,,,,TN
444,bc1cbc172685007e724fad1ea24efc373c909c6d,0.09186725893283487,autoland,4775609,12,d42f896683fcaa492a6c00f43ebeea3a7281573d,macosx1015-64-shippable-qr,True,False,,,102210fe594ee9b33d82058545b1ed14f4c8206e,custom.styleeditor.reload.DAMP,damp,True,damp custom.styleeditor.reload.DAMP opt e10s fission stylo webrender,4775519,77,ms,firefox,,1739205267,2023-08-09 16:36:21,1285143,,,,,,,,,,,,,,,,,,,,,,,,,,,,,,,,,,,,,,,,,,,,,,,,,TN
445,812653ad046dde530aeaeda4ba181f5fc2f2afd1,0.08615843599129286,autoland,4775609,12,d42f896683fcaa492a6c00f43ebeea3a7281573d,macosx1015-64-shippable-qr,True,False,,,102210fe594ee9b33d82058545b1ed14f4c8206e,custom.styleeditor.reload.DAMP,damp,True,damp custom.styleeditor.reload.DAMP opt e10s fission stylo webrender,4775519,77,ms,firefox,,1739232657,2023-08-09 17:00:10,1285161,,,,,,,,,,,,,,,,,,,,,,,,,,,,,,,,,,,,,,,,,,,,,,,,,TN
446,e828ac47395161e2431195edc4a3f991a1acf31e,0.07628967398209408,autoland,4775609,12,d42f896683fcaa492a6c00f43ebeea3a7281573d,macosx1015-64-shippable-qr,True,False,,,102210fe594ee9b33d82058545b1ed14f4c8206e,custom.styleeditor.reload.DAMP,damp,True,damp custom.styleeditor.reload.DAMP opt e10s fission stylo webrender,4775519,77,ms,firefox,,1739247290,2023-08-09 17:17:06,1285174,,,,,,,,,,,,,,,,,,,,,,,,,,,,,,,,,,,,,,,,,,,,,,,,,TN
447,299828b58af2fd55f393babed8ea8db6425040df,0.10005607527523086,autoland,4775609,12,d42f896683fcaa492a6c00f43ebeea3a7281573d,macosx1015-64-shippable-qr,True,False,,,102210fe594ee9b33d82058545b1ed14f4c8206e,custom.styleeditor.reload.DAMP,damp,True,damp custom.styleeditor.reload.DAMP opt e10s fission stylo webrender,4775519,77,ms,firefox,,1738222855,2023-08-09 17:29:37,1285186,,,,,,,,,,,,,,,,,,,,,,,,,,,,,,,,,,,,,,,,,,,,,,,,,TN
448,34ef0d1d3564c96c6e9fea23d0bfa4bf4fff9608,0.07503338053918684,autoland,4775609,12,d42f896683fcaa492a6c00f43ebeea3a7281573d,macosx1015-64-shippable-qr,True,False,,,102210fe594ee9b33d82058545b1ed14f4c8206e,custom.styleeditor.reload.DAMP,damp,True,damp custom.styleeditor.reload.DAMP opt e10s fission stylo webrender,4775519,77,ms,firefox,,1739375584,2023-08-09 19:33:10,1285288,,,,,,,,,,,,,,,,,,,,,,,,,,,,,,,,,,,,,,,,,,,,,,,,,TN
449,a6844e692ebc79c8d8134a34d036169ad4ecdd5a,0.07537961144288902,autoland,4775609,12,d42f896683fcaa492a6c00f43ebeea3a7281573d,macosx1015-64-shippable-qr,True,False,,,102210fe594ee9b33d82058545b1ed14f4c8206e,custom.styleeditor.reload.DAMP,damp,True,damp custom.styleeditor.reload.DAMP opt e10s fission stylo webrender,4775519,77,ms,firefox,,1739319184,2023-08-09 19:38:18,1285294,,,,,,,,,,,,,,,,,,,,,,,,,,,,,,,,,,,,,,,,,,,,,,,,,TN
450,e42e5ee05fabc74bb6f4597c3ce0f26c494b232e,0.09799964523675553,autoland,4775609,12,d42f896683fcaa492a6c00f43ebeea3a7281573d,macosx1015-64-shippable-qr,True,False,,,102210fe594ee9b33d82058545b1ed14f4c8206e,custom.styleeditor.reload.DAMP,damp,True,damp custom.styleeditor.reload.DAMP opt e10s fission stylo webrender,4775519,77,ms,firefox,,1739402125,2023-08-09 19:58:32,1285305,,,,,,,,,,,,,,,,,,,,,,,,,,,,,,,,,,,,,,,,,,,,,,,,,TN
451,c5bddf078b568d02ca1c278ed7ff6a7fbd743d4d,0.07159591210380406,autoland,4775609,12,d42f896683fcaa492a6c00f43ebeea3a7281573d,macosx1015-64-shippable-qr,True,False,,,102210fe594ee9b33d82058545b1ed14f4c8206e,custom.styleeditor.reload.DAMP,damp,True,damp custom.styleeditor.reload.DAMP opt e10s fission stylo webrender,4775519,77,ms,firefox,,1739338389,2023-08-09 20:07:32,1285308,,,,,,,,,,,,,,,,,,,,,,,,,,,,,,,,,,,,,,,,,,,,,,,,,TN
452,16a7ed8f0af19579f3ae5667ee20899aba771a70,0.08369827897874432,autoland,4775609,12,d42f896683fcaa492a6c00f43ebeea3a7281573d,macosx1015-64-shippable-qr,True,False,,,102210fe594ee9b33d82058545b1ed14f4c8206e,custom.styleeditor.reload.DAMP,damp,True,damp custom.styleeditor.reload.DAMP opt e10s fission stylo webrender,4775519,77,ms,firefox,,1739401973,2023-08-09 20:16:28,1285314,,,,,,,,,,,,,,,,,,,,,,,,,,,,,,,,,,,,,,,,,,,,,,,,,TN
453,ef38cc91ce01b9d9a20b18d23cad8b845f346a13,0.0781020313671652,autoland,4775609,12,d42f896683fcaa492a6c00f43ebeea3a7281573d,macosx1015-64-shippable-qr,True,False,,,102210fe594ee9b33d82058545b1ed14f4c8206e,custom.styleeditor.reload.DAMP,damp,True,damp custom.styleeditor.reload.DAMP opt e10s fission stylo webrender,4775519,77,ms,firefox,,1739319884,2023-08-09 20:20:38,1285317,,,,,,,,,,,,,,,,,,,,,,,,,,,,,,,,,,,,,,,,,,,,,,,,,TN
454,926ebea0dcafe426d948c6bf3e2afc6fdbd1e2d2,0.08506071078519045,autoland,4775609,12,d42f896683fcaa492a6c00f43ebeea3a7281573d,macosx1015-64-shippable-qr,True,False,,,102210fe594ee9b33d82058545b1ed14f4c8206e,custom.styleeditor.reload.DAMP,damp,True,damp custom.styleeditor.reload.DAMP opt e10s fission stylo webrender,4775519,77,ms,firefox,,1739361940,2023-08-09 20:29:14,1285323,,,,,,,,,,,,,,,,,,,,,,,,,,,,,,,,,,,,,,,,,,,,,,,,,TN
455,a3d69906f45ec5abb7b54bc459243661adcd1f20,0.08718243640196499,autoland,4775609,12,d42f896683fcaa492a6c00f43ebeea3a7281573d,macosx1015-64-shippable-qr,True,False,,,102210fe594ee9b33d82058545b1ed14f4c8206e,custom.styleeditor.reload.DAMP,damp,True,damp custom.styleeditor.reload.DAMP opt e10s fission stylo webrender,4775519,77,ms,firefox,,1739362492,2023-08-09 20:30:46,1285324,,,,,,,,,,,,,,,,,,,,,,,,,,,,,,,,,,,,,,,,,,,,,,,,,TN
456,333c7555fb80d38f1c2f282ad3055a6d66366746,0.07729686258327045,autoland,4775609,12,d42f896683fcaa492a6c00f43ebeea3a7281573d,macosx1015-64-shippable-qr,True,False,,,102210fe594ee9b33d82058545b1ed14f4c8206e,custom.styleeditor.reload.DAMP,damp,True,damp custom.styleeditor.reload.DAMP opt e10s fission stylo webrender,4775519,77,ms,firefox,,1739365249,2023-08-09 20:52:07,1285334,,,,,,,,,,,,,,,,,,,,,,,,,,,,,,,,,,,,,,,,,,,,,,,,,TN
457,9766f63db97d1b85b2f2f47d2b3cb3ee3782ae85,0.08967984444371663,autoland,4775609,12,d42f896683fcaa492a6c00f43ebeea3a7281573d,macosx1015-64-shippable-qr,True,False,,,102210fe594ee9b33d82058545b1ed14f4c8206e,custom.styleeditor.reload.DAMP,damp,True,damp custom.styleeditor.reload.DAMP opt e10s fission stylo webrender,4775519,77,ms,firefox,,1738338075,2023-08-09 20:56:32,1285337,,,,,,,,,,,,,,,,,,,,,,,,,,,,,,,,,,,,,,,,,,,,,,,,,TN
458,8e58e447dcdaf45bcf3f5959e390922454f6318d,0.10435841967787712,autoland,4775609,12,d42f896683fcaa492a6c00f43ebeea3a7281573d,macosx1015-64-shippable-qr,True,False,,,102210fe594ee9b33d82058545b1ed14f4c8206e,custom.styleeditor.reload.DAMP,damp,True,damp custom.styleeditor.reload.DAMP opt e10s fission stylo webrender,4775519,77,ms,firefox,,1739334344,2023-08-09 22:41:08,1285393,,,,,,,,,,,,,,,,,,,,,,,,,,,,,,,,,,,,,,,,,,,,,,,,,TN
459,143c92d5b2e47990744115565c9e2231d23f899f,0.07973581408361113,autoland,4775609,12,d42f896683fcaa492a6c00f43ebeea3a7281573d,macosx1015-64-shippable-qr,True,False,,,102210fe594ee9b33d82058545b1ed14f4c8206e,custom.styleeditor.reload.DAMP,damp,True,damp custom.styleeditor.reload.DAMP opt e10s fission stylo webrender,4775519,77,ms,firefox,,1739361739,2023-08-09 22:41:56,1285395,,,,,,,,,,,,,,,,,,,,,,,,,,,,,,,,,,,,,,,,,,,,,,,,,TN
460,6aa8174d4b572810836efdfa141937b2c9a55ac5,0.0775257733969621,autoland,4775609,12,d42f896683fcaa492a6c00f43ebeea3a7281573d,macosx1015-64-shippable-qr,True,False,,,102210fe594ee9b33d82058545b1ed14f4c8206e,custom.styleeditor.reload.DAMP,damp,True,damp custom.styleeditor.reload.DAMP opt e10s fission stylo webrender,4775519,77,ms,firefox,,1739237438,2023-08-09 22:42:55,1285396,,,,,,,,,,,,,,,,,,,,,,,,,,,,,,,,,,,,,,,,,,,,,,,,,TN
461,e6f2508469f04d04626f34ee53d95cdcf6e33796,0.08503626567145811,autoland,4775609,12,d42f896683fcaa492a6c00f43ebeea3a7281573d,macosx1015-64-shippable-qr,True,False,,,102210fe594ee9b33d82058545b1ed14f4c8206e,custom.styleeditor.reload.DAMP,damp,True,damp custom.styleeditor.reload.DAMP opt e10s fission stylo webrender,4775519,77,ms,firefox,,1739362284,2023-08-09 23:08:36,1285407,,,,,,,,,,,,,,,,,,,,,,,,,,,,,,,,,,,,,,,,,,,,,,,,,TN
462,9d4c13dd5f580a74bdeddb09289a9b815a6a357a,0.09001763515976052,autoland,4775609,12,d42f896683fcaa492a6c00f43ebeea3a7281573d,macosx1015-64-shippable-qr,True,False,,,102210fe594ee9b33d82058545b1ed14f4c8206e,custom.styleeditor.reload.DAMP,damp,True,damp custom.styleeditor.reload.DAMP opt e10s fission stylo webrender,4775519,77,ms,firefox,,1739334286,2023-08-09 23:09:47,1285408,,,,,,,,,,,,,,,,,,,,,,,,,,,,,,,,,,,,,,,,,,,,,,,,,TN
463,49a55aa6d804884458f6ef07484b34dae8ddcc52,0.09170968627282117,autoland,4775609,12,d42f896683fcaa492a6c00f43ebeea3a7281573d,macosx1015-64-shippable-qr,True,False,,,102210fe594ee9b33d82058545b1ed14f4c8206e,custom.styleeditor.reload.DAMP,damp,True,damp custom.styleeditor.reload.DAMP opt e10s fission stylo webrender,4775519,77,ms,firefox,,1739338088,2023-08-09 23:10:35,1285409,,,,,,,,,,,,,,,,,,,,,,,,,,,,,,,,,,,,,,,,,,,,,,,,,TN
464,22d124cc2bf5e17255bcf679b412be798d0434ea,0.06933374542790521,autoland,4775609,12,d42f896683fcaa492a6c00f43ebeea3a7281573d,macosx1015-64-shippable-qr,True,False,,,102210fe594ee9b33d82058545b1ed14f4c8206e,custom.styleeditor.reload.DAMP,damp,True,damp custom.styleeditor.reload.DAMP opt e10s fission stylo webrender,4775519,77,ms,firefox,,1739381954,2023-08-09 23:11:24,1285410,,,,,,,,,,,,,,,,,,,,,,,,,,,,,,,,,,,,,,,,,,,,,,,,,TN
465,ed49804fb080efa705059a505cc2c832e0947520,0.09271527591726514,autoland,4775609,12,d42f896683fcaa492a6c00f43ebeea3a7281573d,macosx1015-64-shippable-qr,True,False,,,102210fe594ee9b33d82058545b1ed14f4c8206e,custom.styleeditor.reload.DAMP,damp,True,damp custom.styleeditor.reload.DAMP opt e10s fission stylo webrender,4775519,77,ms,firefox,,1739218939,2023-08-09 23:12:12,1285411,,,,,,,,,,,,,,,,,,,,,,,,,,,,,,,,,,,,,,,,,,,,,,,,,TN
466,f2506aaa10bdb0da5908b60d9250b2f6e111e0db,0.0810371602578549,autoland,4775609,12,d42f896683fcaa492a6c00f43ebeea3a7281573d,macosx1015-64-shippable-qr,True,False,,,102210fe594ee9b33d82058545b1ed14f4c8206e,custom.styleeditor.reload.DAMP,damp,True,damp custom.styleeditor.reload.DAMP opt e10s fission stylo webrender,4775519,77,ms,firefox,,1739342528,2023-08-09 23:13:01,1285412,,,,,,,,,,,,,,,,,,,,,,,,,,,,,,,,,,,,,,,,,,,,,,,,,TN
467,b2b54f91567d2de224314e03fc81ba6e815e2fa7,0.08779579894464479,autoland,4775609,12,d42f896683fcaa492a6c00f43ebeea3a7281573d,macosx1015-64-shippable-qr,True,False,,,102210fe594ee9b33d82058545b1ed14f4c8206e,custom.styleeditor.reload.DAMP,damp,True,damp custom.styleeditor.reload.DAMP opt e10s fission stylo webrender,4775519,77,ms,firefox,,1738394725,2023-08-10 01:02:34,1285442,,,,,,,,,,,,,,,,,,,,,,,,,,,,,,,,,,,,,,,,,,,,,,,,,TN
468,7704c89f0e6bc2ca33282a228b42fb5cd7aa072c,0.08513571694012484,autoland,4775609,12,d42f896683fcaa492a6c00f43ebeea3a7281573d,macosx1015-64-shippable-qr,True,False,,,102210fe594ee9b33d82058545b1ed14f4c8206e,custom.styleeditor.reload.DAMP,damp,True,damp custom.styleeditor.reload.DAMP opt e10s fission stylo webrender,4775519,77,ms,firefox,,1738432537,2023-08-10 02:22:08,1285454,,,,,,,,,,,,,,,,,,,,,,,,,,,,,,,,,,,,,,,,,,,,,,,,,TN
469,24eb42c9b3d9f910ba5afe124232608f70532552,0.0891250624096262,autoland,4775609,12,d42f896683fcaa492a6c00f43ebeea3a7281573d,macosx1015-64-shippable-qr,True,False,,,102210fe594ee9b33d82058545b1ed14f4c8206e,custom.styleeditor.reload.DAMP,damp,True,damp custom.styleeditor.reload.DAMP opt e10s fission stylo webrender,4775519,77,ms,firefox,,1738545491,2023-08-10 06:54:21,1285524,,,,,,,,,,,,,,,,,,,,,,,,,,,,,,,,,,,,,,,,,,,,,,,,,TN
470,f688cd32ea991c3f0e62e19b43efc48cb4cc183a,0.06597659453617405,autoland,4775609,12,d42f896683fcaa492a6c00f43ebeea3a7281573d,macosx1015-64-shippable-qr,True,False,,,102210fe594ee9b33d82058545b1ed14f4c8206e,custom.styleeditor.reload.DAMP,damp,True,damp custom.styleeditor.reload.DAMP opt e10s fission stylo webrender,4775519,77,ms,firefox,,1738654509,2023-08-10 07:38:16,1285542,,,,,,,,,,,,,,,,,,,,,,,,,,,,,,,,,,,,,,,,,,,,,,,,,TN
471,b544a2a999190b3345911b807fac8392e1360811,0.0758890105323412,autoland,4775609,12,d42f896683fcaa492a6c00f43ebeea3a7281573d,macosx1015-64-shippable-qr,True,False,,,102210fe594ee9b33d82058545b1ed14f4c8206e,custom.styleeditor.reload.DAMP,damp,True,damp custom.styleeditor.reload.DAMP opt e10s fission stylo webrender,4775519,77,ms,firefox,,1738713870,2023-08-10 11:47:02,1285658,,,,,,,,,,,,,,,,,,,,,,,,,,,,,,,,,,,,,,,,,,,,,,,,,TN
472,11f47f2a1cf08c1e0b5bb6374f2a7dd1f49c8cac,0.09007788319097682,autoland,4775609,12,d42f896683fcaa492a6c00f43ebeea3a7281573d,macosx1015-64-shippable-qr,True,False,,,102210fe594ee9b33d82058545b1ed14f4c8206e,custom.styleeditor.reload.DAMP,damp,True,damp custom.styleeditor.reload.DAMP opt e10s fission stylo webrender,4775519,77,ms,firefox,,1738881343,2023-08-10 13:06:38,1285701,,,,,,,,,,,,,,,,,,,,,,,,,,,,,,,,,,,,,,,,,,,,,,,,,TN
473,42a4b2af29229dbfd0675767afaf6965d292e4a7,0.0942231935872977,autoland,4775609,12,d42f896683fcaa492a6c00f43ebeea3a7281573d,macosx1015-64-shippable-qr,True,False,,,102210fe594ee9b33d82058545b1ed14f4c8206e,custom.styleeditor.reload.DAMP,damp,True,damp custom.styleeditor.reload.DAMP opt e10s fission stylo webrender,4775519,77,ms,firefox,,1738898605,2023-08-10 16:07:39,1285800,,,,,,,,,,,,,,,,,,,,,,,,,,,,,,,,,,,,,,,,,,,,,,,,,TN
474,fae9c8496544fb4597f4094d95b81fdefec01628,0.10103131216824957,autoland,4775609,12,d42f896683fcaa492a6c00f43ebeea3a7281573d,macosx1015-64-shippable-qr,True,False,,,102210fe594ee9b33d82058545b1ed14f4c8206e,custom.styleeditor.reload.DAMP,damp,True,damp custom.styleeditor.reload.DAMP opt e10s fission stylo webrender,4775519,77,ms,firefox,,1738910016,2023-08-10 18:32:11,1285918,,,,,,,,,,,,,,,,,,,,,,,,,,,,,,,,,,,,,,,,,,,,,,,,,TN
475,389f1009f2db207be63aacd4c9c54990f9d1104b,0.08873739521430957,autoland,4775609,12,d42f896683fcaa492a6c00f43ebeea3a7281573d,macosx1015-64-shippable-qr,True,False,,,102210fe594ee9b33d82058545b1ed14f4c8206e,custom.styleeditor.reload.DAMP,damp,True,damp custom.styleeditor.reload.DAMP opt e10s fission stylo webrender,4775519,77,ms,firefox,,1738995980,2023-08-10 21:59:13,1286074,,,,,,,,,,,,,,,,,,,,,,,,,,,,,,,,,,,,,,,,,,,,,,,,,TN
476,05da0ca6db46baad5f6e45489d80d5097053bb42,0.07990173697285519,autoland,4775609,12,d42f896683fcaa492a6c00f43ebeea3a7281573d,macosx1015-64-shippable-qr,True,False,,,102210fe594ee9b33d82058545b1ed14f4c8206e,custom.styleeditor.reload.DAMP,damp,True,damp custom.styleeditor.reload.DAMP opt e10s fission stylo webrender,4775519,77,ms,firefox,,1739031770,2023-08-11 03:08:44,1286160,,,,,,,,,,,,,,,,,,,,,,,,,,,,,,,,,,,,,,,,,,,,,,,,,TN
477,efb44db563b1abcb74959e12c6ce8e577cd213f2,0.07262297000498358,autoland,4775609,12,d42f896683fcaa492a6c00f43ebeea3a7281573d,macosx1015-64-shippable-qr,True,False,,,102210fe594ee9b33d82058545b1ed14f4c8206e,custom.styleeditor.reload.DAMP,damp,True,damp custom.styleeditor.reload.DAMP opt e10s fission stylo webrender,4775519,77,ms,firefox,,1739078635,2023-08-11 07:27:06,1286189,,,,,,,,,,,,,,,,,,,,,,,,,,,,,,,,,,,,,,,,,,,,,,,,,TN
478,cda91469ef2a9b195d09f702816a5f7aec451d02,0.08323680854860233,autoland,4775609,12,d42f896683fcaa492a6c00f43ebeea3a7281573d,macosx1015-64-shippable-qr,True,False,,,102210fe594ee9b33d82058545b1ed14f4c8206e,custom.styleeditor.reload.DAMP,damp,True,damp custom.styleeditor.reload.DAMP opt e10s fission stylo webrender,4775519,77,ms,firefox,,1739189019,2023-08-11 08:27:25,1286199,,,,,,,,,,,,,,,,,,,,,,,,,,,,,,,,,,,,,,,,,,,,,,,,,TN
479,21aaca8e9cca74e93bf7c9c3a6c05b78a0d46a06,0.07512285574402999,autoland,4775609,12,d42f896683fcaa492a6c00f43ebeea3a7281573d,macosx1015-64-shippable-qr,True,False,,,102210fe594ee9b33d82058545b1ed14f4c8206e,custom.styleeditor.reload.DAMP,damp,True,damp custom.styleeditor.reload.DAMP opt e10s fission stylo webrender,4775519,77,ms,firefox,,1739309476,2023-08-11 14:16:15,1286315,,,,,,,,,,,,,,,,,,,,,,,,,,,,,,,,,,,,,,,,,,,,,,,,,TN
480,16838b515ded4549918a4ebf3e3fa8a0b427e1f4,0.13095279068913662,autoland,4775609,12,d42f896683fcaa492a6c00f43ebeea3a7281573d,macosx1015-64-shippable-qr,True,False,,,102210fe594ee9b33d82058545b1ed14f4c8206e,custom.styleeditor.reload.DAMP,damp,True,damp custom.styleeditor.reload.DAMP opt e10s fission stylo webrender,4775519,77,ms,firefox,,1739450120,2023-08-11 16:12:07,1286403,,,,,,,,,,,,,,,,,,,,,,,,,,,,,,,,,,,,,,,,,,,,,,,,,TN
481,700d98d93bde10f22824d5d41b863f4a108f832b,0.09171948900203353,autoland,4775609,12,d42f896683fcaa492a6c00f43ebeea3a7281573d,macosx1015-64-shippable-qr,True,False,,,102210fe594ee9b33d82058545b1ed14f4c8206e,custom.styleeditor.reload.DAMP,damp,True,damp custom.styleeditor.reload.DAMP opt e10s fission stylo webrender,4775519,77,ms,firefox,,1739470016,2023-08-11 20:27:04,1286565,,,,,,,,,,,,,,,,,,,,,,,,,,,,,,,,,,,,,,,,,,,,,,,,,TN
482,8dd752fc2bce87d04b7ae3bab02bb57d59c64e8a,0.09348179547614599,autoland,4775609,12,d42f896683fcaa492a6c00f43ebeea3a7281573d,macosx1015-64-shippable-qr,True,False,,,102210fe594ee9b33d82058545b1ed14f4c8206e,custom.styleeditor.reload.DAMP,damp,True,damp custom.styleeditor.reload.DAMP opt e10s fission stylo webrender,4775519,77,ms,firefox,,1739544133,2023-08-12 05:14:02,1286635,,,,,,,,,,,,,,,,,,,,,,,,,,,,,,,,,,,,,,,,,,,,,,,,,TN
483,f20040ae7b2f3e1499ea3b90639fd96566103125,0.09284044872241409,autoland,4775609,12,d42f896683fcaa492a6c00f43ebeea3a7281573d,macosx1015-64-shippable-qr,True,False,,,102210fe594ee9b33d82058545b1ed14f4c8206e,custom.styleeditor.reload.DAMP,damp,True,damp custom.styleeditor.reload.DAMP opt e10s fission stylo webrender,4775519,77,ms,firefox,,1739550296,2023-08-12 05:14:50,1286636,,,,,,,,,,,,,,,,,,,,,,,,,,,,,,,,,,,,,,,,,,,,,,,,,TN
484,6386291adbedd6140dfbf10b071e5cc82f5433a1,0.06356379626316777,autoland,4775609,12,d42f896683fcaa492a6c00f43ebeea3a7281573d,macosx1015-64-shippable-qr,True,False,,,102210fe594ee9b33d82058545b1ed14f4c8206e,custom.styleeditor.reload.DAMP,damp,True,damp custom.styleeditor.reload.DAMP opt e10s fission stylo webrender,4775519,77,ms,firefox,,1739621593,2023-08-12 12:22:39,1286663,,,,,,,,,,,,,,,,,,,,,,,,,,,,,,,,,,,,,,,,,,,,,,,,,TN
485,9a15449ff274a89d15ae4d345601385b371c2dff,0.07486060928811722,autoland,4775609,12,d42f896683fcaa492a6c00f43ebeea3a7281573d,macosx1015-64-shippable-qr,True,False,,,102210fe594ee9b33d82058545b1ed14f4c8206e,custom.styleeditor.reload.DAMP,damp,True,damp custom.styleeditor.reload.DAMP opt e10s fission stylo webrender,4775519,77,ms,firefox,,1739673398,2023-08-12 17:53:09,1286688,,,,,,,,,,,,,,,,,,,,,,,,,,,,,,,,,,,,,,,,,,,,,,,,,TN
486,dcf2ddfaffbf9900de8ba4a674708bf996d147b6,0.08662351902145538,autoland,4775609,12,d42f896683fcaa492a6c00f43ebeea3a7281573d,macosx1015-64-shippable-qr,True,False,,,102210fe594ee9b33d82058545b1ed14f4c8206e,custom.styleeditor.reload.DAMP,damp,True,damp custom.styleeditor.reload.DAMP opt e10s fission stylo webrender,4775519,77,ms,firefox,,1739746072,2023-08-13 04:26:09,1286737,,,,,,,,,,,,,,,,,,,,,,,,,,,,,,,,,,,,,,,,,,,,,,,,,TN
487,cbfbab86b8f2ad4e39c90caa2d8e55102609b72d,0.07361357224132709,autoland,4775609,12,d42f896683fcaa492a6c00f43ebeea3a7281573d,macosx1015-64-shippable-qr,True,False,,,102210fe594ee9b33d82058545b1ed14f4c8206e,custom.styleeditor.reload.DAMP,damp,True,damp custom.styleeditor.reload.DAMP opt e10s fission stylo webrender,4775519,77,ms,firefox,,1739828114,2023-08-13 16:54:11,1286762,,,,,,,,,,,,,,,,,,,,,,,,,,,,,,,,,,,,,,,,,,,,,,,,,TN
488,bdeed1276a3515d597485fc241f9757ff607a9d1,0.0721263274636032,autoland,4775609,12,d42f896683fcaa492a6c00f43ebeea3a7281573d,macosx1015-64-shippable-qr,True,False,,,102210fe594ee9b33d82058545b1ed14f4c8206e,custom.styleeditor.reload.DAMP,damp,True,damp custom.styleeditor.reload.DAMP opt e10s fission stylo webrender,4775519,77,ms,firefox,,1739905302,2023-08-14 00:32:30,1286792,,,,,,,,,,,,,,,,,,,,,,,,,,,,,,,,,,,,,,,,,,,,,,,,,TN
489,a5bcd3edffd78b69932e1ea7c5dda0894107edaa,0.06217620570917359,autoland,4775609,12,d42f896683fcaa492a6c00f43ebeea3a7281573d,macosx1015-64-shippable-qr,True,False,,,102210fe594ee9b33d82058545b1ed14f4c8206e,custom.styleeditor.reload.DAMP,damp,True,damp custom.styleeditor.reload.DAMP opt e10s fission stylo webrender,4775519,77,ms,firefox,,1739944000,2023-08-14 06:39:21,1286822,,,,,,,,,,,,,,,,,,,,,,,,,,,,,,,,,,,,,,,,,,,,,,,,,TN
490,64a1445ac4138d208b6412914b12fd0a2e9ff945,0.06594471303949306,autoland,4775609,12,d42f896683fcaa492a6c00f43ebeea3a7281573d,macosx1015-64-shippable-qr,True,False,,,102210fe594ee9b33d82058545b1ed14f4c8206e,custom.styleeditor.reload.DAMP,damp,True,damp custom.styleeditor.reload.DAMP opt e10s fission stylo webrender,4775519,77,ms,firefox,,1740044766,2023-08-14 10:48:55,1286891,,,,,,,,,,,,,,,,,,,,,,,,,,,,,,,,,,,,,,,,,,,,,,,,,TN
491,966f06db181d109fbc6ac97a296ac28efbb8a5f2,0.07509528457392955,autoland,4775609,12,d42f896683fcaa492a6c00f43ebeea3a7281573d,macosx1015-64-shippable-qr,True,False,,,102210fe594ee9b33d82058545b1ed14f4c8206e,custom.styleeditor.reload.DAMP,damp,True,damp custom.styleeditor.reload.DAMP opt e10s fission stylo webrender,4775519,77,ms,firefox,,1740078113,2023-08-14 14:03:37,1286990,,,,,,,,,,,,,,,,,,,,,,,,,,,,,,,,,,,,,,,,,,,,,,,,,TN
492,5b1987d52ae19ebe1b311fec0f664563b5bf198d,0.0663256997222958,autoland,4775609,12,d42f896683fcaa492a6c00f43ebeea3a7281573d,macosx1015-64-shippable-qr,True,False,,,102210fe594ee9b33d82058545b1ed14f4c8206e,custom.styleeditor.reload.DAMP,damp,True,damp custom.styleeditor.reload.DAMP opt e10s fission stylo webrender,4775519,77,ms,firefox,,1740238714,2023-08-14 16:54:04,1287092,,,,,,,,,,,,,,,,,,,,,,,,,,,,,,,,,,,,,,,,,,,,,,,,,TN
493,7081c01a8f314a82bc3c055c11f0880dc2b706fb,0.07878616982319397,autoland,4775609,12,d42f896683fcaa492a6c00f43ebeea3a7281573d,macosx1015-64-shippable-qr,True,False,,,102210fe594ee9b33d82058545b1ed14f4c8206e,custom.styleeditor.reload.DAMP,damp,True,damp custom.styleeditor.reload.DAMP opt e10s fission stylo webrender,4775519,77,ms,firefox,,1740337294,2023-08-14 21:20:15,1287268,,,,,,,,,,,,,,,,,,,,,,,,,,,,,,,,,,,,,,,,,,,,,,,,,TN
494,88ec6682eab1c5c36cb839c8db0156446559a1cb,0.08006427819201933,autoland,4775609,12,d42f896683fcaa492a6c00f43ebeea3a7281573d,macosx1015-64-shippable-qr,True,False,,,102210fe594ee9b33d82058545b1ed14f4c8206e,custom.styleeditor.reload.DAMP,damp,True,damp custom.styleeditor.reload.DAMP opt e10s fission stylo webrender,4775519,77,ms,firefox,,1740368740,2023-08-14 23:25:21,1287331,,,,,,,,,,,,,,,,,,,,,,,,,,,,,,,,,,,,,,,,,,,,,,,,,TN
495,ef2753ba331b17b408096bfd42e83a91039b995d,0.06193670722389255,autoland,4775609,12,d42f896683fcaa492a6c00f43ebeea3a7281573d,macosx1015-64-shippable-qr,True,False,,,102210fe594ee9b33d82058545b1ed14f4c8206e,custom.styleeditor.reload.DAMP,damp,True,damp custom.styleeditor.reload.DAMP opt e10s fission stylo webrender,4775519,77,ms,firefox,,1740452255,2023-08-15 03:40:03,1287395,,,,,,,,,,,,,,,,,,,,,,,,,,,,,,,,,,,,,,,,,,,,,,,,,TN
496,0038346134ec0c0912660c19edced48ff4c9996b,0.07420455597217768,autoland,4775609,12,d42f896683fcaa492a6c00f43ebeea3a7281573d,macosx1015-64-shippable-qr,True,False,,,102210fe594ee9b33d82058545b1ed14f4c8206e,custom.styleeditor.reload.DAMP,damp,True,damp custom.styleeditor.reload.DAMP opt e10s fission stylo webrender,4775519,77,ms,firefox,,1740671319,2023-08-15 12:15:00,1287534,,,,,,,,,,,,,,,,,,,,,,,,,,,,,,,,,,,,,,,,,,,,,,,,,TN
497,34ea39f6bd8afd706e571c5a5c5557f8f02274c7,0.0815888365310698,autoland,4775609,12,d42f896683fcaa492a6c00f43ebeea3a7281573d,macosx1015-64-shippable-qr,True,False,,,102210fe594ee9b33d82058545b1ed14f4c8206e,custom.styleeditor.reload.DAMP,damp,True,damp custom.styleeditor.reload.DAMP opt e10s fission stylo webrender,4775519,77,ms,firefox,,1740673957,2023-08-15 12:16:05,1287535,,,,,,,,,,,,,,,,,,,,,,,,,,,,,,,,,,,,,,,,,,,,,,,,,TN
498,c01a1256082294777509d59591b44cc1a9a54101,0.07336321620906916,autoland,4775609,12,d42f896683fcaa492a6c00f43ebeea3a7281573d,macosx1015-64-shippable-qr,True,False,,,102210fe594ee9b33d82058545b1ed14f4c8206e,custom.styleeditor.reload.DAMP,damp,True,damp custom.styleeditor.reload.DAMP opt e10s fission stylo webrender,4775519,77,ms,firefox,,1740854812,2023-08-15 17:48:00,1287732,,,,,,,,,,,,,,,,,,,,,,,,,,,,,,,,,,,,,,,,,,,,,,,,,TN
499,b6d00af33f9f1879900a9ff148f77a03de4ca507,0.0750650119074715,autoland,4775609,12,d42f896683fcaa492a6c00f43ebeea3a7281573d,macosx1015-64-shippable-qr,True,False,,,102210fe594ee9b33d82058545b1ed14f4c8206e,custom.styleeditor.reload.DAMP,damp,True,damp custom.styleeditor.reload.DAMP opt e10s fission stylo webrender,4775519,77,ms,firefox,,1740909765,2023-08-15 20:18:28,1287829,,,,,,,,,,,,,,,,,,,,,,,,,,,,,,,,,,,,,,,,,,,,,,,,,TN
500,4d7123b9c5729f33db3288141ea7502fae3cbadc,0.07049282175337057,autoland,4775609,12,d42f896683fcaa492a6c00f43ebeea3a7281573d,macosx1015-64-shippable-qr,True,False,,,102210fe594ee9b33d82058545b1ed14f4c8206e,custom.styleeditor.reload.DAMP,damp,True,damp custom.styleeditor.reload.DAMP opt e10s fission stylo webrender,4775519,77,ms,firefox,,1741145222,2023-08-16 06:09:24,1288100,,,,,,,,,,,,,,,,,,,,,,,,,,,,,,,,,,,,,,,,,,,,,,,,,TN
501,3ba3d3cb9bb7860efcbb623d34fc5d721fc7cfcb,0.10731477602184719,autoland,4775609,12,d42f896683fcaa492a6c00f43ebeea3a7281573d,macosx1015-64-shippable-qr,True,False,,,102210fe594ee9b33d82058545b1ed14f4c8206e,custom.styleeditor.reload.DAMP,damp,True,damp custom.styleeditor.reload.DAMP opt e10s fission stylo webrender,4775519,77,ms,firefox,,1741195828,2023-08-16 07:28:11,1288129,,,,,,,,,,,,,,,,,,,,,,,,,,,,,,,,,,,,,,,,,,,,,,,,,TN
502,3cbe8cb45dab35d18ef4ffb5481be55dfabf47c7,0.07498916924856991,autoland,4775609,12,d42f896683fcaa492a6c00f43ebeea3a7281573d,macosx1015-64-shippable-qr,True,False,,,102210fe594ee9b33d82058545b1ed14f4c8206e,custom.styleeditor.reload.DAMP,damp,True,damp custom.styleeditor.reload.DAMP opt e10s fission stylo webrender,4775519,77,ms,firefox,,1741318361,2023-08-16 10:40:28,1288233,,,,,,,,,,,,,,,,,,,,,,,,,,,,,,,,,,,,,,,,,,,,,,,,,TN
503,1cafd355bbcf32aae501b9419edec5e7c8a59968,0.10786882302954487,autoland,4775609,12,d42f896683fcaa492a6c00f43ebeea3a7281573d,macosx1015-64-shippable-qr,True,False,,,102210fe594ee9b33d82058545b1ed14f4c8206e,custom.styleeditor.reload.DAMP,damp,True,damp custom.styleeditor.reload.DAMP opt e10s fission stylo webrender,4775519,77,ms,firefox,,1741481162,2023-08-16 14:37:22,1288343,,,,,,,,,,,,,,,,,,,,,,,,,,,,,,,,,,,,,,,,,,,,,,,,,TN
504,1c8dec8815d59d488dc44109a4361dcec573ec0a,0.08558698257064801,autoland,4775609,12,d42f896683fcaa492a6c00f43ebeea3a7281573d,macosx1015-64-shippable-qr,True,False,,,102210fe594ee9b33d82058545b1ed14f4c8206e,custom.styleeditor.reload.DAMP,damp,True,damp custom.styleeditor.reload.DAMP opt e10s fission stylo webrender,4775519,77,ms,firefox,,1741638874,2023-08-16 18:57:22,1288496,,,,,,,,,,,,,,,,,,,,,,,,,,,,,,,,,,,,,,,,,,,,,,,,,TN
505,4e21d241af64f5d1f3b4796d48ab8d58a961f081,0.09960449698422369,autoland,4775609,12,d42f896683fcaa492a6c00f43ebeea3a7281573d,macosx1015-64-shippable-qr,True,False,,,102210fe594ee9b33d82058545b1ed14f4c8206e,custom.styleeditor.reload.DAMP,damp,True,damp custom.styleeditor.reload.DAMP opt e10s fission stylo webrender,4775519,77,ms,firefox,,1741726887,2023-08-16 23:04:52,1288666,,,,,,,,,,,,,,,,,,,,,,,,,,,,,,,,,,,,,,,,,,,,,,,,,TN
506,200aa08042f1b584401fd4aca219d4b68edf7973,0.07873743153778323,autoland,4775609,12,d42f896683fcaa492a6c00f43ebeea3a7281573d,macosx1015-64-shippable-qr,True,False,,,102210fe594ee9b33d82058545b1ed14f4c8206e,custom.styleeditor.reload.DAMP,damp,True,damp custom.styleeditor.reload.DAMP opt e10s fission stylo webrender,4775519,77,ms,firefox,,1741709621,2023-08-16 23:22:50,1288675,,,,,,,,,,,,,,,,,,,,,,,,,,,,,,,,,,,,,,,,,,,,,,,,,TN
507,18db2934736dc8d16e5b5840ec0b170aef5c0c3b,0.09179729758234462,autoland,4775609,12,d42f896683fcaa492a6c00f43ebeea3a7281573d,macosx1015-64-shippable-qr,True,False,,,102210fe594ee9b33d82058545b1ed14f4c8206e,custom.styleeditor.reload.DAMP,damp,True,damp custom.styleeditor.reload.DAMP opt e10s fission stylo webrender,4775519,77,ms,firefox,,1741819534,2023-08-17 04:16:28,1288753,,,,,,,,,,,,,,,,,,,,,,,,,,,,,,,,,,,,,,,,,,,,,,,,,TN
508,bee27401511bf375891968a9ca78d7ef74d19962,0.09746864185583731,autoland,4775609,12,d42f896683fcaa492a6c00f43ebeea3a7281573d,macosx1015-64-shippable-qr,True,False,,,102210fe594ee9b33d82058545b1ed14f4c8206e,custom.styleeditor.reload.DAMP,damp,True,damp custom.styleeditor.reload.DAMP opt e10s fission stylo webrender,4775519,77,ms,firefox,,1741930738,2023-08-17 08:24:55,1288813,,,,,,,,,,,,,,,,,,,,,,,,,,,,,,,,,,,,,,,,,,,,,,,,,TN
509,78e7cb2837e7dec0ef55a2f5f383625335ad2520,0.08449001652614457,autoland,4775609,12,d42f896683fcaa492a6c00f43ebeea3a7281573d,macosx1015-64-shippable-qr,True,False,,,102210fe594ee9b33d82058545b1ed14f4c8206e,custom.styleeditor.reload.DAMP,damp,True,damp custom.styleeditor.reload.DAMP opt e10s fission stylo webrender,4775519,77,ms,firefox,,1742021164,2023-08-17 10:09:55,1288847,,,,,,,,,,,,,,,,,,,,,,,,,,,,,,,,,,,,,,,,,,,,,,,,,TN
510,776fbad509150f69418e1f44fa2580c651211253,0.08586974284598758,autoland,4775609,12,d42f896683fcaa492a6c00f43ebeea3a7281573d,macosx1015-64-shippable-qr,True,False,,,102210fe594ee9b33d82058545b1ed14f4c8206e,custom.styleeditor.reload.DAMP,damp,True,damp custom.styleeditor.reload.DAMP opt e10s fission stylo webrender,4775519,77,ms,firefox,,1742178956,2023-08-17 14:34:38,1288953,,,,,,,,,,,,,,,,,,,,,,,,,,,,,,,,,,,,,,,,,,,,,,,,,TN
511,aac1f1d71d5251ffb80e7a22087e1c473e53069d,0.0736025731743401,autoland,4775609,12,d42f896683fcaa492a6c00f43ebeea3a7281573d,macosx1015-64-shippable-qr,True,False,,,102210fe594ee9b33d82058545b1ed14f4c8206e,custom.styleeditor.reload.DAMP,damp,True,damp custom.styleeditor.reload.DAMP opt e10s fission stylo webrender,4775519,77,ms,firefox,,1742239613,2023-08-17 16:13:13,1289025,,,,,,,,,,,,,,,,,,,,,,,,,,,,,,,,,,,,,,,,,,,,,,,,,TN
512,e3a24ea4f8b0be504990cbc266d7af273804678e,0.11610752133654112,autoland,4775609,12,d42f896683fcaa492a6c00f43ebeea3a7281573d,macosx1015-64-shippable-qr,True,False,,,102210fe594ee9b33d82058545b1ed14f4c8206e,custom.styleeditor.reload.DAMP,damp,True,damp custom.styleeditor.reload.DAMP opt e10s fission stylo webrender,4775519,77,ms,firefox,,1742314517,2023-08-17 19:44:04,1289144,,,,,,,,,,,,,,,,,,,,,,,,,,,,,,,,,,,,,,,,,,,,,,,,,TN
513,990790cb4b9bfd20fd7683f2815d50585f5dcba2,0.1521184798169008,autoland,4775609,12,d42f896683fcaa492a6c00f43ebeea3a7281573d,macosx1015-64-shippable-qr,True,False,,,102210fe594ee9b33d82058545b1ed14f4c8206e,custom.styleeditor.reload.DAMP,damp,True,damp custom.styleeditor.reload.DAMP opt e10s fission stylo webrender,4775519,77,ms,firefox,,1742439140,2023-08-18 00:01:41,1289285,,,,,,,,,,,,,,,,,,,,,,,,,,,,,,,,,,,,,,,,,,,,,,,,,TN
514,deca2c956e89b8e65d2a1b0fcb79db8b991a7046,0.06406775615713456,autoland,4775609,12,d42f896683fcaa492a6c00f43ebeea3a7281573d,macosx1015-64-shippable-qr,True,False,,,102210fe594ee9b33d82058545b1ed14f4c8206e,custom.styleeditor.reload.DAMP,damp,True,damp custom.styleeditor.reload.DAMP opt e10s fission stylo webrender,4775519,77,ms,firefox,,1742627156,2023-08-18 04:25:36,1289346,,,,,,,,,,,,,,,,,,,,,,,,,,,,,,,,,,,,,,,,,,,,,,,,,TN
515,87da0265a044885f5ed64cc9ce2b961721d2142e,0.07907599128890264,autoland,4775609,12,d42f896683fcaa492a6c00f43ebeea3a7281573d,macosx1015-64-shippable-qr,True,False,,,102210fe594ee9b33d82058545b1ed14f4c8206e,custom.styleeditor.reload.DAMP,damp,True,damp custom.styleeditor.reload.DAMP opt e10s fission stylo webrender,4775519,77,ms,firefox,,1742645822,2023-08-18 05:21:52,1289351,,,,,,,,,,,,,,,,,,,,,,,,,,,,,,,,,,,,,,,,,,,,,,,,,TN
516,e2305368eaae41c8b47dd15f03addc2ec4fe0504,0.08267170213592367,autoland,4775609,12,d42f896683fcaa492a6c00f43ebeea3a7281573d,macosx1015-64-shippable-qr,True,False,,,102210fe594ee9b33d82058545b1ed14f4c8206e,custom.styleeditor.reload.DAMP,damp,True,damp custom.styleeditor.reload.DAMP opt e10s fission stylo webrender,4775519,77,ms,firefox,,1742807072,2023-08-18 14:09:35,1289469,,,,,,,,,,,,,,,,,,,,,,,,,,,,,,,,,,,,,,,,,,,,,,,,,TN
517,62feb2305afdcba50bd84b58cd2ab152d53c61e7,0.10211382890981135,autoland,4775609,12,d42f896683fcaa492a6c00f43ebeea3a7281573d,macosx1015-64-shippable-qr,True,False,,,102210fe594ee9b33d82058545b1ed14f4c8206e,custom.styleeditor.reload.DAMP,damp,True,damp custom.styleeditor.reload.DAMP opt e10s fission stylo webrender,4775519,77,ms,firefox,,1742939480,2023-08-18 19:46:30,1289627,,,,,,,,,,,,,,,,,,,,,,,,,,,,,,,,,,,,,,,,,,,,,,,,,TN
518,9814020284505cbc4a6075b3b7aba216be0632f8,0.08358392258106184,autoland,4775609,12,d42f896683fcaa492a6c00f43ebeea3a7281573d,macosx1015-64-shippable-qr,True,False,,,102210fe594ee9b33d82058545b1ed14f4c8206e,custom.styleeditor.reload.DAMP,damp,True,damp custom.styleeditor.reload.DAMP opt e10s fission stylo webrender,4775519,77,ms,firefox,,1743057763,2023-08-19 05:41:08,1289731,,,,,,,,,,,,,,,,,,,,,,,,,,,,,,,,,,,,,,,,,,,,,,,,,TN
519,8fefefd6da577f8b3d842ea07120af9e964c09b5,0.06592839490445757,autoland,4775609,12,d42f896683fcaa492a6c00f43ebeea3a7281573d,macosx1015-64-shippable-qr,True,False,,,102210fe594ee9b33d82058545b1ed14f4c8206e,custom.styleeditor.reload.DAMP,damp,True,damp custom.styleeditor.reload.DAMP opt e10s fission stylo webrender,4775519,77,ms,firefox,,1743115708,2023-08-19 11:55:58,1289750,,,,,,,,,,,,,,,,,,,,,,,,,,,,,,,,,,,,,,,,,,,,,,,,,TN
520,00ae001484c9ff1069878dc66b64e3cd07b706f4,0.06992435780584788,autoland,4775609,12,d42f896683fcaa492a6c00f43ebeea3a7281573d,macosx1015-64-shippable-qr,True,False,,,102210fe594ee9b33d82058545b1ed14f4c8206e,custom.styleeditor.reload.DAMP,damp,True,damp custom.styleeditor.reload.DAMP opt e10s fission stylo webrender,4775519,77,ms,firefox,,1743140942,2023-08-19 16:49:23,1289762,,,,,,,,,,,,,,,,,,,,,,,,,,,,,,,,,,,,,,,,,,,,,,,,,TN
521,80d255ac1919800d21a7e2a610fbcd6fda43ed99,0.1064485962054657,autoland,4775609,12,d42f896683fcaa492a6c00f43ebeea3a7281573d,macosx1015-64-shippable-qr,True,False,,,102210fe594ee9b33d82058545b1ed14f4c8206e,custom.styleeditor.reload.DAMP,damp,True,damp custom.styleeditor.reload.DAMP opt e10s fission stylo webrender,4775519,77,ms,firefox,,1743431212,2023-08-21 01:56:25,1289869,,,,,,,,,,,,,,,,,,,,,,,,,,,,,,,,,,,,,,,,,,,,,,,,,TN
522,a4b3b09ad08da2e5b588b641b24f767ff91e5912,0.08086770211095662,autoland,4775609,12,d42f896683fcaa492a6c00f43ebeea3a7281573d,macosx1015-64-shippable-qr,True,False,,,102210fe594ee9b33d82058545b1ed14f4c8206e,custom.styleeditor.reload.DAMP,damp,True,damp custom.styleeditor.reload.DAMP opt e10s fission stylo webrender,4775519,77,ms,firefox,,1743494482,2023-08-21 07:01:47,1289886,,,,,,,,,,,,,,,,,,,,,,,,,,,,,,,,,,,,,,,,,,,,,,,,,TN
523,bc597f54f9cf91b3284e6f593c33ca79ec723077,0.07104804480333027,autoland,4775609,12,d42f896683fcaa492a6c00f43ebeea3a7281573d,macosx1015-64-shippable-qr,True,False,,,102210fe594ee9b33d82058545b1ed14f4c8206e,custom.styleeditor.reload.DAMP,damp,True,damp custom.styleeditor.reload.DAMP opt e10s fission stylo webrender,4775519,77,ms,firefox,,1743689941,2023-08-21 15:24:43,1290025,,,,,,,,,,,,,,,,,,,,,,,,,,,,,,,,,,,,,,,,,,,,,,,,,TN
524,82b916987920b0a9e2071c575073cbcff078021a,0.08243596819265925,autoland,4775609,12,d42f896683fcaa492a6c00f43ebeea3a7281573d,macosx1015-64-shippable-qr,True,False,,,102210fe594ee9b33d82058545b1ed14f4c8206e,custom.styleeditor.reload.DAMP,damp,True,damp custom.styleeditor.reload.DAMP opt e10s fission stylo webrender,4775519,77,ms,firefox,,1743739461,2023-08-21 19:46:12,1290082,,,,,,,,,,,,,,,,,,,,,,,,,,,,,,,,,,,,,,,,,,,,,,,,,TN
525,1bbf9fc4d2dc2a1ff3ccf67fb65cedc71fcc0291,0.08345322336461247,autoland,4775609,12,d42f896683fcaa492a6c00f43ebeea3a7281573d,macosx1015-64-shippable-qr,True,False,,,102210fe594ee9b33d82058545b1ed14f4c8206e,custom.styleeditor.reload.DAMP,damp,True,damp custom.styleeditor.reload.DAMP opt e10s fission stylo webrender,4775519,77,ms,firefox,,1743820683,2023-08-22 01:01:20,1290123,,,,,,,,,,,,,,,,,,,,,,,,,,,,,,,,,,,,,,,,,,,,,,,,,TN
526,81c3a95411ab3d706659872a9aedef21494cac9c,0.10722884978783848,autoland,4775609,12,d42f896683fcaa492a6c00f43ebeea3a7281573d,macosx1015-64-shippable-qr,True,False,,,102210fe594ee9b33d82058545b1ed14f4c8206e,custom.styleeditor.reload.DAMP,damp,True,damp custom.styleeditor.reload.DAMP opt e10s fission stylo webrender,4775519,77,ms,firefox,,1744030193,2023-08-22 11:50:17,1290203,,,,,,,,,,,,,,,,,,,,,,,,,,,,,,,,,,,,,,,,,,,,,,,,,TN
527,eccdb961d59ca1e4315f6b2d255d638be86d8f63,0.10170439615604737,autoland,4775609,12,d42f896683fcaa492a6c00f43ebeea3a7281573d,macosx1015-64-shippable-qr,True,False,,,102210fe594ee9b33d82058545b1ed14f4c8206e,custom.styleeditor.reload.DAMP,damp,True,damp custom.styleeditor.reload.DAMP opt e10s fission stylo webrender,4775519,77,ms,firefox,,1744242765,2023-08-22 15:58:55,1290279,,,,,,,,,,,,,,,,,,,,,,,,,,,,,,,,,,,,,,,,,,,,,,,,,TN
528,ece9fb8fbedfa6acc08840151034f2468832c851,0.07305752310944397,autoland,4775609,12,d42f896683fcaa492a6c00f43ebeea3a7281573d,macosx1015-64-shippable-qr,True,False,,,102210fe594ee9b33d82058545b1ed14f4c8206e,custom.styleeditor.reload.DAMP,damp,True,damp custom.styleeditor.reload.DAMP opt e10s fission stylo webrender,4775519,77,ms,firefox,,1744258457,2023-08-22 16:02:39,1290281,,,,,,,,,,,,,,,,,,,,,,,,,,,,,,,,,,,,,,,,,,,,,,,,,TN
529,a1487474ef2708086b96f2b3625f244382eb9f4a,0.08758847377249085,autoland,4775609,12,d42f896683fcaa492a6c00f43ebeea3a7281573d,macosx1015-64-shippable-qr,True,False,,,102210fe594ee9b33d82058545b1ed14f4c8206e,custom.styleeditor.reload.DAMP,damp,True,damp custom.styleeditor.reload.DAMP opt e10s fission stylo webrender,4775519,77,ms,firefox,,1744320254,2023-08-22 20:17:58,1290386,,,,,,,,,,,,,,,,,,,,,,,,,,,,,,,,,,,,,,,,,,,,,,,,,TN
530,959c2f0abc19c494aba15ae7513fff9f59631cc1,0.07948400664844191,autoland,4775609,12,d42f896683fcaa492a6c00f43ebeea3a7281573d,macosx1015-64-shippable-qr,True,False,,,102210fe594ee9b33d82058545b1ed14f4c8206e,custom.styleeditor.reload.DAMP,damp,True,damp custom.styleeditor.reload.DAMP opt e10s fission stylo webrender,4775519,77,ms,firefox,,1744350681,2023-08-22 22:10:32,1290435,,,,,,,,,,,,,,,,,,,,,,,,,,,,,,,,,,,,,,,,,,,,,,,,,TN
531,df1f27dc099011a97267a844e60b1350575fc73c,0.07736669996662221,autoland,4775609,12,d42f896683fcaa492a6c00f43ebeea3a7281573d,macosx1015-64-shippable-qr,True,False,,,102210fe594ee9b33d82058545b1ed14f4c8206e,custom.styleeditor.reload.DAMP,damp,True,damp custom.styleeditor.reload.DAMP opt e10s fission stylo webrender,4775519,77,ms,firefox,,1744422791,2023-08-23 02:11:44,1290482,,,,,,,,,,,,,,,,,,,,,,,,,,,,,,,,,,,,,,,,,,,,,,,,,TN
532,991ab6dbc55b4783dc5a6f561a9cc22cb4408e38,0.07191820418441147,autoland,4775609,12,d42f896683fcaa492a6c00f43ebeea3a7281573d,macosx1015-64-shippable-qr,True,False,,,102210fe594ee9b33d82058545b1ed14f4c8206e,custom.styleeditor.reload.DAMP,damp,True,damp custom.styleeditor.reload.DAMP opt e10s fission stylo webrender,4775519,77,ms,firefox,,1744522274,2023-08-23 06:45:25,1290546,,,,,,,,,,,,,,,,,,,,,,,,,,,,,,,,,,,,,,,,,,,,,,,,,TN
533,4a4d5e64aec5efa71e7c743f4c968544faee5332,0.08337024930387305,autoland,4775609,12,d42f896683fcaa492a6c00f43ebeea3a7281573d,macosx1015-64-shippable-qr,True,False,,,102210fe594ee9b33d82058545b1ed14f4c8206e,custom.styleeditor.reload.DAMP,damp,True,damp custom.styleeditor.reload.DAMP opt e10s fission stylo webrender,4775519,77,ms,firefox,,1744549295,2023-08-23 07:14:41,1290556,,,,,,,,,,,,,,,,,,,,,,,,,,,,,,,,,,,,,,,,,,,,,,,,,TN
534,c3bfc7b73e9fc06ec28663e6501728233eb0d574,0.06707465982913863,autoland,4775609,12,d42f896683fcaa492a6c00f43ebeea3a7281573d,macosx1015-64-shippable-qr,True,False,,,102210fe594ee9b33d82058545b1ed14f4c8206e,custom.styleeditor.reload.DAMP,damp,True,damp custom.styleeditor.reload.DAMP opt e10s fission stylo webrender,4775519,77,ms,firefox,,1744668749,2023-08-23 11:20:43,1290592,,,,,,,,,,,,,,,,,,,,,,,,,,,,,,,,,,,,,,,,,,,,,,,,,TN
535,a7db5ff392b1f3d18507813fbd65458438b3cbc4,0.10346060739613822,autoland,4775609,12,d42f896683fcaa492a6c00f43ebeea3a7281573d,macosx1015-64-shippable-qr,True,False,,,102210fe594ee9b33d82058545b1ed14f4c8206e,custom.styleeditor.reload.DAMP,damp,True,damp custom.styleeditor.reload.DAMP opt e10s fission stylo webrender,4775519,77,ms,firefox,,1744755061,2023-08-23 15:20:56,1290685,,,,,,,,,,,,,,,,,,,,,,,,,,,,,,,,,,,,,,,,,,,,,,,,,TN
536,40a8041d06707a315c5f6e4b541dbe805bf34ec7,0.13222210013347513,autoland,4775609,12,d42f896683fcaa492a6c00f43ebeea3a7281573d,macosx1015-64-shippable-qr,True,False,,,102210fe594ee9b33d82058545b1ed14f4c8206e,custom.styleeditor.reload.DAMP,damp,True,damp custom.styleeditor.reload.DAMP opt e10s fission stylo webrender,4775519,77,ms,firefox,,1744812119,2023-08-23 16:55:50,1290727,,,,,,,,,,,,,,,,,,,,,,,,,,,,,,,,,,,,,,,,,,,,,,,,,TN
537,b5371614cd5a3e19ca3e500a87546023aea8eb5d,0.1015473451453936,autoland,4775609,12,d42f896683fcaa492a6c00f43ebeea3a7281573d,macosx1015-64-shippable-qr,True,False,,,102210fe594ee9b33d82058545b1ed14f4c8206e,custom.styleeditor.reload.DAMP,damp,True,damp custom.styleeditor.reload.DAMP opt e10s fission stylo webrender,4775519,77,ms,firefox,,1744894239,2023-08-23 20:58:03,1290847,,,,,,,,,,,,,,,,,,,,,,,,,,,,,,,,,,,,,,,,,,,,,,,,,TN
538,25936c5809e05c5b5d28810efdfb0af9bb2f1792,0.09283919478925823,autoland,4775609,12,d42f896683fcaa492a6c00f43ebeea3a7281573d,macosx1015-64-shippable-qr,True,False,,,102210fe594ee9b33d82058545b1ed14f4c8206e,custom.styleeditor.reload.DAMP,damp,True,damp custom.styleeditor.reload.DAMP opt e10s fission stylo webrender,4775519,77,ms,firefox,,1744985778,2023-08-23 22:59:05,1290874,,,,,,,,,,,,,,,,,,,,,,,,,,,,,,,,,,,,,,,,,,,,,,,,,TN
539,332b088b314103bc02b008e08f1567f092cd6ca1,0.07915991759282737,autoland,4775609,12,d42f896683fcaa492a6c00f43ebeea3a7281573d,macosx1015-64-shippable-qr,True,False,,,102210fe594ee9b33d82058545b1ed14f4c8206e,custom.styleeditor.reload.DAMP,damp,True,damp custom.styleeditor.reload.DAMP opt e10s fission stylo webrender,4775519,77,ms,firefox,,1745098182,2023-08-24 03:53:22,1290918,,,,,,,,,,,,,,,,,,,,,,,,,,,,,,,,,,,,,,,,,,,,,,,,,TN
540,fbbf71ea5127f6cc74aab13a3817349afe93580c,0.0946851977343956,autoland,4775609,12,d42f896683fcaa492a6c00f43ebeea3a7281573d,macosx1015-64-shippable-qr,True,False,,,102210fe594ee9b33d82058545b1ed14f4c8206e,custom.styleeditor.reload.DAMP,damp,True,damp custom.styleeditor.reload.DAMP opt e10s fission stylo webrender,4775519,77,ms,firefox,,1745190175,2023-08-24 11:04:38,1291003,,,,,,,,,,,,,,,,,,,,,,,,,,,,,,,,,,,,,,,,,,,,,,,,,TN
541,9d2df5cf36fbb1712a62be68c4a309e2451e2d35,0.10768943544366494,autoland,4775609,12,d42f896683fcaa492a6c00f43ebeea3a7281573d,macosx1015-64-shippable-qr,True,False,,,102210fe594ee9b33d82058545b1ed14f4c8206e,custom.styleeditor.reload.DAMP,damp,True,damp custom.styleeditor.reload.DAMP opt e10s fission stylo webrender,4775519,77,ms,firefox,,1745283418,2023-08-24 13:41:33,1291057,,,,,,,,,,,,,,,,,,,,,,,,,,,,,,,,,,,,,,,,,,,,,,,,,TN
542,6089e7f0fa57a29c6d080f135f65e146c34457d8,0.11713541793576543,autoland,4775609,12,d42f896683fcaa492a6c00f43ebeea3a7281573d,macosx1015-64-shippable-qr,True,False,,,102210fe594ee9b33d82058545b1ed14f4c8206e,custom.styleeditor.reload.DAMP,damp,True,damp custom.styleeditor.reload.DAMP opt e10s fission stylo webrender,4775519,77,ms,firefox,,1745486205,2023-08-24 18:48:40,1291216,,,,,,,,,,,,,,,,,,,,,,,,,,,,,,,,,,,,,,,,,,,,,,,,,TN
543,0129f728663fcc0bcc1f816e006f1eb2635780e4,0.11755492274557588,autoland,4775609,12,d42f896683fcaa492a6c00f43ebeea3a7281573d,macosx1015-64-shippable-qr,True,False,,,102210fe594ee9b33d82058545b1ed14f4c8206e,custom.styleeditor.reload.DAMP,damp,True,damp custom.styleeditor.reload.DAMP opt e10s fission stylo webrender,4775519,77,ms,firefox,,1745650304,2023-08-25 00:48:43,1291339,,,,,,,,,,,,,,,,,,,,,,,,,,,,,,,,,,,,,,,,,,,,,,,,,TN
544,e5ba3b52ebac2d2582cecd6122443fc024cd24c9,0.10443506483202153,autoland,4775609,12,d42f896683fcaa492a6c00f43ebeea3a7281573d,macosx1015-64-shippable-qr,True,False,,,102210fe594ee9b33d82058545b1ed14f4c8206e,custom.styleeditor.reload.DAMP,damp,True,damp custom.styleeditor.reload.DAMP opt e10s fission stylo webrender,4775519,77,ms,firefox,,1745804878,2023-08-25 11:24:50,1291437,,,,,,,,,,,,,,,,,,,,,,,,,,,,,,,,,,,,,,,,,,,,,,,,,TN
545,059b77df2394c7caf1061e1b817e004878738efa,0.12372658743520787,autoland,4775609,12,d42f896683fcaa492a6c00f43ebeea3a7281573d,macosx1015-64-shippable-qr,True,False,,,102210fe594ee9b33d82058545b1ed14f4c8206e,custom.styleeditor.reload.DAMP,damp,True,damp custom.styleeditor.reload.DAMP opt e10s fission stylo webrender,4775519,77,ms,firefox,,1745976983,2023-08-25 15:32:54,1291507,,,,,,,,,,,,,,,,,,,,,,,,,,,,,,,,,,,,,,,,,,,,,,,,,TN
546,47efe79717796bf6f3a70e5733e99a98b0d9fad4,0.06314470449430709,autoland,4775609,12,d42f896683fcaa492a6c00f43ebeea3a7281573d,macosx1015-64-shippable-qr,True,False,,,102210fe594ee9b33d82058545b1ed14f4c8206e,custom.styleeditor.reload.DAMP,damp,True,damp custom.styleeditor.reload.DAMP opt e10s fission stylo webrender,4775519,77,ms,firefox,,1746105970,2023-08-25 19:36:02,1291599,,,,,,,,,,,,,,,,,,,,,,,,,,,,,,,,,,,,,,,,,,,,,,,,,TN
547,ddc3d1e9268d9abde51f1082490491f544286b16,0.11679261642395211,autoland,4775609,12,d42f896683fcaa492a6c00f43ebeea3a7281573d,macosx1015-64-shippable-qr,True,False,,,102210fe594ee9b33d82058545b1ed14f4c8206e,custom.styleeditor.reload.DAMP,damp,True,damp custom.styleeditor.reload.DAMP opt e10s fission stylo webrender,4775519,77,ms,firefox,,1746218658,2023-08-26 03:22:14,1291695,,,,,,,,,,,,,,,,,,,,,,,,,,,,,,,,,,,,,,,,,,,,,,,,,TN
548,cc8d561a9b401f3ebfda56de56c018b287d8b340,0.11146136887474295,autoland,4775609,12,d42f896683fcaa492a6c00f43ebeea3a7281573d,macosx1015-64-shippable-qr,True,False,,,102210fe594ee9b33d82058545b1ed14f4c8206e,custom.styleeditor.reload.DAMP,damp,True,damp custom.styleeditor.reload.DAMP opt e10s fission stylo webrender,4775519,77,ms,firefox,,1746379778,2023-08-26 13:17:30,1291872,,,,,,,,,,,,,,,,,,,,,,,,,,,,,,,,,,,,,,,,,,,,,,,,,TN
549,140288e1dd6073b83aa67b725aa9a96945374a82,0.11018807822011473,autoland,4775609,12,d42f896683fcaa492a6c00f43ebeea3a7281573d,macosx1015-64-shippable-qr,True,False,,,102210fe594ee9b33d82058545b1ed14f4c8206e,custom.styleeditor.reload.DAMP,damp,True,damp custom.styleeditor.reload.DAMP opt e10s fission stylo webrender,4775519,77,ms,firefox,,1746588317,2023-08-26 23:47:49,1292019,,,,,,,,,,,,,,,,,,,,,,,,,,,,,,,,,,,,,,,,,,,,,,,,,TN
550,6aaf2cf582814f5a76c09fa2ac7cc760a5886134,0.08107167742763571,autoland,4775609,12,d42f896683fcaa492a6c00f43ebeea3a7281573d,macosx1015-64-shippable-qr,True,False,,,102210fe594ee9b33d82058545b1ed14f4c8206e,custom.styleeditor.reload.DAMP,damp,True,damp custom.styleeditor.reload.DAMP opt e10s fission stylo webrender,4775519,77,ms,firefox,,1746726044,2023-08-27 23:31:15,1292080,,,,,,,,,,,,,,,,,,,,,,,,,,,,,,,,,,,,,,,,,,,,,,,,,TN
551,2303dc7d775759ce8737630e7762c69d2beac062,0.09327911852332332,autoland,4775609,12,d42f896683fcaa492a6c00f43ebeea3a7281573d,macosx1015-64-shippable-qr,True,False,,,102210fe594ee9b33d82058545b1ed14f4c8206e,custom.styleeditor.reload.DAMP,damp,True,damp custom.styleeditor.reload.DAMP opt e10s fission stylo webrender,4775519,77,ms,firefox,,1746834346,2023-08-28 10:38:35,1292181,,,,,,,,,,,,,,,,,,,,,,,,,,,,,,,,,,,,,,,,,,,,,,,,,TN
552,f8e518c6ab37a0144872f6158300e1de85034002,0.07078233494681019,autoland,4775609,12,d42f896683fcaa492a6c00f43ebeea3a7281573d,macosx1015-64-shippable-qr,True,False,,,102210fe594ee9b33d82058545b1ed14f4c8206e,custom.styleeditor.reload.DAMP,damp,True,damp custom.styleeditor.reload.DAMP opt e10s fission stylo webrender,4775519,77,ms,firefox,,1746980554,2023-08-28 14:50:25,1292276,,,,,,,,,,,,,,,,,,,,,,,,,,,,,,,,,,,,,,,,,,,,,,,,,TN
553,7ef66afbcd94bc7787448a9d797ec662b02fe58a,0.12363585829721685,autoland,4775609,12,d42f896683fcaa492a6c00f43ebeea3a7281573d,macosx1015-64-shippable-qr,True,False,,,102210fe594ee9b33d82058545b1ed14f4c8206e,custom.styleeditor.reload.DAMP,damp,True,damp custom.styleeditor.reload.DAMP opt e10s fission stylo webrender,4775519,77,ms,firefox,,1747050854,2023-08-28 18:02:15,1292360,,,,,,,,,,,,,,,,,,,,,,,,,,,,,,,,,,,,,,,,,,,,,,,,,TN
554,9451de3148827dbd587f22175b6c0453c7a605db,0.08884486430474159,autoland,4775609,12,d42f896683fcaa492a6c00f43ebeea3a7281573d,macosx1015-64-shippable-qr,True,False,,,102210fe594ee9b33d82058545b1ed14f4c8206e,custom.styleeditor.reload.DAMP,damp,True,damp custom.styleeditor.reload.DAMP opt e10s fission stylo webrender,4775519,77,ms,firefox,,1747137143,2023-08-28 20:37:08,1292463,,,,,,,,,,,,,,,,,,,,,,,,,,,,,,,,,,,,,,,,,,,,,,,,,TN
555,4cca72b5cd903bbb8bdc66098aaeb1eb12d8dddd,0.11464842916772033,autoland,4775609,12,d42f896683fcaa492a6c00f43ebeea3a7281573d,macosx1015-64-shippable-qr,True,False,,,102210fe594ee9b33d82058545b1ed14f4c8206e,custom.styleeditor.reload.DAMP,damp,True,damp custom.styleeditor.reload.DAMP opt e10s fission stylo webrender,4775519,77,ms,firefox,,1747252121,2023-08-29 02:20:20,1292618,,,,,,,,,,,,,,,,,,,,,,,,,,,,,,,,,,,,,,,,,,,,,,,,,TN
556,f79fe732a6b523e66f30e056118cdd2cff02a5ca,0.10333591400377401,autoland,4775609,12,d42f896683fcaa492a6c00f43ebeea3a7281573d,macosx1015-64-shippable-qr,True,False,,,102210fe594ee9b33d82058545b1ed14f4c8206e,custom.styleeditor.reload.DAMP,damp,True,damp custom.styleeditor.reload.DAMP opt e10s fission stylo webrender,4775519,77,ms,firefox,,1747257110,2023-08-29 03:02:37,1292639,,,,,,,,,,,,,,,,,,,,,,,,,,,,,,,,,,,,,,,,,,,,,,,,,TN
557,801325776b1492f30ec6ac7c770000fa8c894d2a,0.10615280292434842,autoland,4775609,12,d42f896683fcaa492a6c00f43ebeea3a7281573d,macosx1015-64-shippable-qr,True,False,,,102210fe594ee9b33d82058545b1ed14f4c8206e,custom.styleeditor.reload.DAMP,damp,True,damp custom.styleeditor.reload.DAMP opt e10s fission stylo webrender,4775519,77,ms,firefox,,1747334754,2023-08-29 07:11:54,1292691,,,,,,,,,,,,,,,,,,,,,,,,,,,,,,,,,,,,,,,,,,,,,,,,,TN
558,843a6e4db35622bdd606d6cdd7c0f1a05828a89e,0.14812081428714013,autoland,4775609,12,d42f896683fcaa492a6c00f43ebeea3a7281573d,macosx1015-64-shippable-qr,True,False,,,102210fe594ee9b33d82058545b1ed14f4c8206e,custom.styleeditor.reload.DAMP,damp,True,damp custom.styleeditor.reload.DAMP opt e10s fission stylo webrender,4775519,77,ms,firefox,,1747541787,2023-08-29 11:18:23,1292770,,,,,,,,,,,,,,,,,,,,,,,,,,,,,,,,,,,,,,,,,,,,,,,,,TN
559,abe9789555b5960e5b395aba02b4891c388e4839,0.08814737634279357,autoland,4775609,12,d42f896683fcaa492a6c00f43ebeea3a7281573d,macosx1015-64-shippable-qr,True,False,,,102210fe594ee9b33d82058545b1ed14f4c8206e,custom.styleeditor.reload.DAMP,damp,True,damp custom.styleeditor.reload.DAMP opt e10s fission stylo webrender,4775519,77,ms,firefox,,1747531308,2023-08-29 11:21:44,1292771,,,,,,,,,,,,,,,,,,,,,,,,,,,,,,,,,,,,,,,,,,,,,,,,,TN
560,0bb8944a5c2a783f353dc7595b2171844923a934,0.07549792930386406,autoland,4775609,12,d42f896683fcaa492a6c00f43ebeea3a7281573d,macosx1015-64-shippable-qr,True,False,,,102210fe594ee9b33d82058545b1ed14f4c8206e,custom.styleeditor.reload.DAMP,damp,True,damp custom.styleeditor.reload.DAMP opt e10s fission stylo webrender,4775519,77,ms,firefox,,1747724132,2023-08-29 16:25:43,1292913,,,,,,,,,,,,,,,,,,,,,,,,,,,,,,,,,,,,,,,,,,,,,,,,,TN
561,16c71fac642647b97c85d086e54342a5addaaf13,0.05705034977377754,autoland,4775609,12,d42f896683fcaa492a6c00f43ebeea3a7281573d,macosx1015-64-shippable-qr,True,False,,,102210fe594ee9b33d82058545b1ed14f4c8206e,custom.styleeditor.reload.DAMP,damp,True,damp custom.styleeditor.reload.DAMP opt e10s fission stylo webrender,4775519,77,ms,firefox,,1747807316,2023-08-29 20:54:58,1293039,,,,,,,,,,,,,,,,,,,,,,,,,,,,,,,,,,,,,,,,,,,,,,,,,TN
562,34dcd8f28e9a642600425b3383df225859ea91cd,0.08358740408306231,autoland,4775609,12,d42f896683fcaa492a6c00f43ebeea3a7281573d,macosx1015-64-shippable-qr,True,False,,,102210fe594ee9b33d82058545b1ed14f4c8206e,custom.styleeditor.reload.DAMP,damp,True,damp custom.styleeditor.reload.DAMP opt e10s fission stylo webrender,4775519,77,ms,firefox,,1747851828,2023-08-30 01:49:26,1293133,,,,,,,,,,,,,,,,,,,,,,,,,,,,,,,,,,,,,,,,,,,,,,,,,TN
563,379bb5e39311a7878ea31b7eb0dd39fdef1ab15a,0.04889391353923728,autoland,4775609,12,d42f896683fcaa492a6c00f43ebeea3a7281573d,macosx1015-64-shippable-qr,True,False,,,102210fe594ee9b33d82058545b1ed14f4c8206e,custom.styleeditor.reload.DAMP,damp,True,damp custom.styleeditor.reload.DAMP opt e10s fission stylo webrender,4775519,77,ms,firefox,,1748000840,2023-08-30 13:43:19,1293343,,,,,,,,,,,,,,,,,,,,,,,,,,,,,,,,,,,,,,,,,,,,,,,,,TN
564,f648d27187b6f45ac21ab6bf0ca9673dcfc55cf4,0.1382587415668971,autoland,4775609,12,d42f896683fcaa492a6c00f43ebeea3a7281573d,macosx1015-64-shippable-qr,True,False,,,102210fe594ee9b33d82058545b1ed14f4c8206e,custom.styleeditor.reload.DAMP,damp,True,damp custom.styleeditor.reload.DAMP opt e10s fission stylo webrender,4775519,77,ms,firefox,,1748072329,2023-08-30 16:15:47,1293412,,,,,,,,,,,,,,,,,,,,,,,,,,,,,,,,,,,,,,,,,,,,,,,,,TN
565,7643e2c34ec4fce31fb741b2e7003adc7e547e36,0.10348354570570945,autoland,4775609,12,d42f896683fcaa492a6c00f43ebeea3a7281573d,macosx1015-64-shippable-qr,True,False,,,102210fe594ee9b33d82058545b1ed14f4c8206e,custom.styleeditor.reload.DAMP,damp,True,damp custom.styleeditor.reload.DAMP opt e10s fission stylo webrender,4775519,77,ms,firefox,,1748154433,2023-08-30 20:58:03,1293585,,,,,,,,,,,,,,,,,,,,,,,,,,,,,,,,,,,,,,,,,,,,,,,,,TN
566,8db6a3b432759fd37b677c455c7d9ecedafd7e77,0.1296217456078564,autoland,4775609,12,d42f896683fcaa492a6c00f43ebeea3a7281573d,macosx1015-64-shippable-qr,True,False,,,102210fe594ee9b33d82058545b1ed14f4c8206e,custom.styleeditor.reload.DAMP,damp,True,damp custom.styleeditor.reload.DAMP opt e10s fission stylo webrender,4775519,77,ms,firefox,,1748206219,2023-08-30 23:31:09,1293654,,,,,,,,,,,,,,,,,,,,,,,,,,,,,,,,,,,,,,,,,,,,,,,,,TN
567,bcc1470439818e29a38c29432af9fd130b8ec931,0.07681022682320615,autoland,4775609,12,d42f896683fcaa492a6c00f43ebeea3a7281573d,macosx1015-64-shippable-qr,True,False,,,102210fe594ee9b33d82058545b1ed14f4c8206e,custom.styleeditor.reload.DAMP,damp,True,damp custom.styleeditor.reload.DAMP opt e10s fission stylo webrender,4775519,77,ms,firefox,,1748239043,2023-08-31 03:36:38,1293720,,,,,,,,,,,,,,,,,,,,,,,,,,,,,,,,,,,,,,,,,,,,,,,,,TN
568,e2d1d56b4cb882f210d71f021a2f804a56d718e6,0.12150208647507194,autoland,4775609,12,d42f896683fcaa492a6c00f43ebeea3a7281573d,macosx1015-64-shippable-qr,True,False,,,102210fe594ee9b33d82058545b1ed14f4c8206e,custom.styleeditor.reload.DAMP,damp,True,damp custom.styleeditor.reload.DAMP opt e10s fission stylo webrender,4775519,77,ms,firefox,,1748381298,2023-08-31 09:19:24,1293811,,,,,,,,,,,,,,,,,,,,,,,,,,,,,,,,,,,,,,,,,,,,,,,,,TN
569,79fd00522da11013e2076ceccfd842c54d2f0822,0.10664791013815478,autoland,4775609,12,d42f896683fcaa492a6c00f43ebeea3a7281573d,macosx1015-64-shippable-qr,True,False,,,102210fe594ee9b33d82058545b1ed14f4c8206e,custom.styleeditor.reload.DAMP,damp,True,damp custom.styleeditor.reload.DAMP opt e10s fission stylo webrender,4775519,77,ms,firefox,,1748604382,2023-08-31 14:04:37,1293937,,,,,,,,,,,,,,,,,,,,,,,,,,,,,,,,,,,,,,,,,,,,,,,,,TN
570,bd48139a6966dfb067c7b31bdf2021bd85a1f6a9,0.10766918765990796,autoland,4775609,12,d42f896683fcaa492a6c00f43ebeea3a7281573d,macosx1015-64-shippable-qr,True,False,,,102210fe594ee9b33d82058545b1ed14f4c8206e,custom.styleeditor.reload.DAMP,damp,True,damp custom.styleeditor.reload.DAMP opt e10s fission stylo webrender,4775519,77,ms,firefox,,1748634846,2023-08-31 18:09:30,1294069,,,,,,,,,,,,,,,,,,,,,,,,,,,,,,,,,,,,,,,,,,,,,,,,,TN
571,a0d77e120c268cc1e877891df07436c1128dde4f,0.17352008390191764,autoland,4775609,12,d42f896683fcaa492a6c00f43ebeea3a7281573d,macosx1015-64-shippable-qr,True,False,,,102210fe594ee9b33d82058545b1ed14f4c8206e,custom.styleeditor.reload.DAMP,damp,True,damp custom.styleeditor.reload.DAMP opt e10s fission stylo webrender,4775519,77,ms,firefox,,1748649687,2023-08-31 19:33:29,1294123,,,,,,,,,,,,,,,,,,,,,,,,,,,,,,,,,,,,,,,,,,,,,,,,,TN
572,27ce38e0ae179241f6afc83c246df3113fc76eb5,0.09181539404248684,autoland,4775609,12,d42f896683fcaa492a6c00f43ebeea3a7281573d,macosx1015-64-shippable-qr,True,False,,,102210fe594ee9b33d82058545b1ed14f4c8206e,custom.styleeditor.reload.DAMP,damp,True,damp custom.styleeditor.reload.DAMP opt e10s fission stylo webrender,4775519,77,ms,firefox,,1748748375,2023-09-01 00:39:38,1294315,,,,,,,,,,,,,,,,,,,,,,,,,,,,,,,,,,,,,,,,,,,,,,,,,TN
573,9034f1db1295f77ef75c8afa9ac280788649b1c4,0.09099632667693675,autoland,4775609,12,d42f896683fcaa492a6c00f43ebeea3a7281573d,macosx1015-64-shippable-qr,True,False,,,102210fe594ee9b33d82058545b1ed14f4c8206e,custom.styleeditor.reload.DAMP,damp,True,damp custom.styleeditor.reload.DAMP opt e10s fission stylo webrender,4775519,77,ms,firefox,,1748759467,2023-09-01 01:00:26,1294322,,,,,,,,,,,,,,,,,,,,,,,,,,,,,,,,,,,,,,,,,,,,,,,,,TN
574,ae769caa17a3a27e7fed2cfd78ea439adf051dc8,0.12352795367621117,autoland,4775609,12,d42f896683fcaa492a6c00f43ebeea3a7281573d,macosx1015-64-shippable-qr,True,False,,,102210fe594ee9b33d82058545b1ed14f4c8206e,custom.styleeditor.reload.DAMP,damp,True,damp custom.styleeditor.reload.DAMP opt e10s fission stylo webrender,4775519,77,ms,firefox,,1748904040,2023-09-01 06:26:09,1294426,,,,,,,,,,,,,,,,,,,,,,,,,,,,,,,,,,,,,,,,,,,,,,,,,TN
575,2e446d8859cc4a60faa49f68ed5445c534e47850,0.08563053946832083,autoland,4775609,12,d42f896683fcaa492a6c00f43ebeea3a7281573d,macosx1015-64-shippable-qr,True,False,,,102210fe594ee9b33d82058545b1ed14f4c8206e,custom.styleeditor.reload.DAMP,damp,True,damp custom.styleeditor.reload.DAMP opt e10s fission stylo webrender,4775519,77,ms,firefox,,1749068091,2023-09-01 10:42:21,1294509,,,,,,,,,,,,,,,,,,,,,,,,,,,,,,,,,,,,,,,,,,,,,,,,,TN
576,bf57203fdaf0f91ccecca73cc02286e5c20686be,0.11114092917043444,autoland,4775609,12,d42f896683fcaa492a6c00f43ebeea3a7281573d,macosx1015-64-shippable-qr,True,False,,,102210fe594ee9b33d82058545b1ed14f4c8206e,custom.styleeditor.reload.DAMP,damp,True,damp custom.styleeditor.reload.DAMP opt e10s fission stylo webrender,4775519,77,ms,firefox,,1749089308,2023-09-01 11:44:59,1294532,,,,,,,,,,,,,,,,,,,,,,,,,,,,,,,,,,,,,,,,,,,,,,,,,TN
577,ad7684944accdb72fb27cae1118a774a95ed9c55,0.14097851210491535,autoland,4775609,12,d42f896683fcaa492a6c00f43ebeea3a7281573d,macosx1015-64-shippable-qr,True,False,,,102210fe594ee9b33d82058545b1ed14f4c8206e,custom.styleeditor.reload.DAMP,damp,True,damp custom.styleeditor.reload.DAMP opt e10s fission stylo webrender,4775519,77,ms,firefox,,1749218670,2023-09-01 15:47:54,1294651,,,,,,,,,,,,,,,,,,,,,,,,,,,,,,,,,,,,,,,,,,,,,,,,,TN
578,fccf186ac4e88bf822ac830ba689a15017be05e1,0.08985691559934694,autoland,4775609,12,d42f896683fcaa492a6c00f43ebeea3a7281573d,macosx1015-64-shippable-qr,True,False,,,102210fe594ee9b33d82058545b1ed14f4c8206e,custom.styleeditor.reload.DAMP,damp,True,damp custom.styleeditor.reload.DAMP opt e10s fission stylo webrender,4775519,77,ms,firefox,,1749232808,2023-09-01 17:12:14,1294691,,,,,,,,,,,,,,,,,,,,,,,,,,,,,,,,,,,,,,,,,,,,,,,,,TN
579,99eed791079c7b72126fee110226a0f9c519a053,0.12193874098713087,autoland,4775609,12,d42f896683fcaa492a6c00f43ebeea3a7281573d,macosx1015-64-shippable-qr,True,False,,,102210fe594ee9b33d82058545b1ed14f4c8206e,custom.styleeditor.reload.DAMP,damp,True,damp custom.styleeditor.reload.DAMP opt e10s fission stylo webrender,4775519,77,ms,firefox,,1749530698,2023-09-02 01:00:47,1294900,,,,,,,,,,,,,,,,,,,,,,,,,,,,,,,,,,,,,,,,,,,,,,,,,TN
580,0d100cd406fac31edd725aaa2ca36c72593b7207,0.15235554119593397,autoland,4775609,12,d42f896683fcaa492a6c00f43ebeea3a7281573d,macosx1015-64-shippable-qr,True,False,,,102210fe594ee9b33d82058545b1ed14f4c8206e,custom.styleeditor.reload.DAMP,damp,True,damp custom.styleeditor.reload.DAMP opt e10s fission stylo webrender,4775519,77,ms,firefox,,1749557366,2023-09-02 06:50:37,1294943,,,,,,,,,,,,,,,,,,,,,,,,,,,,,,,,,,,,,,,,,,,,,,,,,TN
581,66f85436a9395093f71f506f8cdc16623cbbb38e,0.1008471172901585,autoland,4775609,12,d42f896683fcaa492a6c00f43ebeea3a7281573d,macosx1015-64-shippable-qr,True,False,,,102210fe594ee9b33d82058545b1ed14f4c8206e,custom.styleeditor.reload.DAMP,damp,True,damp custom.styleeditor.reload.DAMP opt e10s fission stylo webrender,4775519,77,ms,firefox,,1749615226,2023-09-02 11:43:51,1294960,,,,,,,,,,,,,,,,,,,,,,,,,,,,,,,,,,,,,,,,,,,,,,,,,TN
582,ee62282ee19c0c3cceebbdb2cd283127260a46d6,0.10976846205926521,autoland,4775609,12,d42f896683fcaa492a6c00f43ebeea3a7281573d,macosx1015-64-shippable-qr,True,False,,,102210fe594ee9b33d82058545b1ed14f4c8206e,custom.styleeditor.reload.DAMP,damp,True,damp custom.styleeditor.reload.DAMP opt e10s fission stylo webrender,4775519,77,ms,firefox,,1749641520,2023-09-02 16:16:12,1294982,,,,,,,,,,,,,,,,,,,,,,,,,,,,,,,,,,,,,,,,,,,,,,,,,TN
583,e2d4c17692b7650a5aefa27823ab8cb72dc06fe6,0.05407882445921719,autoland,4775609,12,d42f896683fcaa492a6c00f43ebeea3a7281573d,macosx1015-64-shippable-qr,True,False,,,102210fe594ee9b33d82058545b1ed14f4c8206e,custom.styleeditor.reload.DAMP,damp,True,damp custom.styleeditor.reload.DAMP opt e10s fission stylo webrender,4775519,77,ms,firefox,,1749832971,2023-09-03 15:28:00,1295071,,,,,,,,,,,,,,,,,,,,,,,,,,,,,,,,,,,,,,,,,,,,,,,,,TN
584,39747a728e31525f254d25d9fa323a491dda5b09,0.10312564324067708,autoland,4775609,12,d42f896683fcaa492a6c00f43ebeea3a7281573d,macosx1015-64-shippable-qr,True,False,,,102210fe594ee9b33d82058545b1ed14f4c8206e,custom.styleeditor.reload.DAMP,damp,True,damp custom.styleeditor.reload.DAMP opt e10s fission stylo webrender,4775519,77,ms,firefox,,1749870019,2023-09-03 17:48:29,1295079,,,,,,,,,,,,,,,,,,,,,,,,,,,,,,,,,,,,,,,,,,,,,,,,,TN
585,9398dc74275ecd37eab02b496051302e67ce059f,0.08032450442231154,autoland,4775609,12,d42f896683fcaa492a6c00f43ebeea3a7281573d,macosx1015-64-shippable-qr,True,False,,,102210fe594ee9b33d82058545b1ed14f4c8206e,custom.styleeditor.reload.DAMP,damp,True,damp custom.styleeditor.reload.DAMP opt e10s fission stylo webrender,4775519,77,ms,firefox,,1749970728,2023-09-04 00:54:15,1295103,,,,,,,,,,,,,,,,,,,,,,,,,,,,,,,,,,,,,,,,,,,,,,,,,TN
586,738c0a460acb30ab2ab419f4c0dc93fa9af200d6,0.07167723674334148,autoland,4775609,12,d42f896683fcaa492a6c00f43ebeea3a7281573d,macosx1015-64-shippable-qr,True,False,,,102210fe594ee9b33d82058545b1ed14f4c8206e,custom.styleeditor.reload.DAMP,damp,True,damp custom.styleeditor.reload.DAMP opt e10s fission stylo webrender,4775519,77,ms,firefox,,1750030949,2023-09-04 05:09:42,1295121,,,,,,,,,,,,,,,,,,,,,,,,,,,,,,,,,,,,,,,,,,,,,,,,,TN
587,5378e223b13ecd8d32d6afddc956d8bdca322ef0,0.15421091133971204,autoland,4775609,12,d42f896683fcaa492a6c00f43ebeea3a7281573d,macosx1015-64-shippable-qr,True,False,,,102210fe594ee9b33d82058545b1ed14f4c8206e,custom.styleeditor.reload.DAMP,damp,True,damp custom.styleeditor.reload.DAMP opt e10s fission stylo webrender,4775519,77,ms,firefox,,1750066934,2023-09-04 08:06:31,1295171,,,,,,,,,,,,,,,,,,,,,,,,,,,,,,,,,,,,,,,,,,,,,,,,,TN
588,16cc1aa2701e0b2cf32665cee19dc11308a4760a,0.1366228552487152,autoland,4775609,12,d42f896683fcaa492a6c00f43ebeea3a7281573d,macosx1015-64-shippable-qr,True,False,,,102210fe594ee9b33d82058545b1ed14f4c8206e,custom.styleeditor.reload.DAMP,damp,True,damp custom.styleeditor.reload.DAMP opt e10s fission stylo webrender,4775519,77,ms,firefox,,1750210022,2023-09-04 12:17:38,1295286,,,,,,,,,,,,,,,,,,,,,,,,,,,,,,,,,,,,,,,,,,,,,,,,,TN
589,2c0ab3a7f1f3e1e095a0175f8a6096d10a311a5a,0.09661906102040596,autoland,4775609,12,d42f896683fcaa492a6c00f43ebeea3a7281573d,macosx1015-64-shippable-qr,True,False,,,102210fe594ee9b33d82058545b1ed14f4c8206e,custom.styleeditor.reload.DAMP,damp,True,damp custom.styleeditor.reload.DAMP opt e10s fission stylo webrender,4775519,77,ms,firefox,,1750323031,2023-09-04 20:09:20,1295407,,,,,,,,,,,,,,,,,,,,,,,,,,,,,,,,,,,,,,,,,,,,,,,,,TN
590,530fe27f752d2f1fa88cd1013b419d7c1ca1a2e0,0.13838465378666587,autoland,4775609,12,d42f896683fcaa492a6c00f43ebeea3a7281573d,macosx1015-64-shippable-qr,True,False,,,102210fe594ee9b33d82058545b1ed14f4c8206e,custom.styleeditor.reload.DAMP,damp,True,damp custom.styleeditor.reload.DAMP opt e10s fission stylo webrender,4775519,77,ms,firefox,,1750391171,2023-09-05 01:26:26,1295456,,,,,,,,,,,,,,,,,,,,,,,,,,,,,,,,,,,,,,,,,,,,,,,,,TN
591,55f5393d14f682f76c2d9f9c857c9f0890ee2a7f,0.06096797092646017,autoland,4775609,12,d42f896683fcaa492a6c00f43ebeea3a7281573d,macosx1015-64-shippable-qr,True,False,,,102210fe594ee9b33d82058545b1ed14f4c8206e,custom.styleeditor.reload.DAMP,damp,True,damp custom.styleeditor.reload.DAMP opt e10s fission stylo webrender,4775519,77,ms,firefox,,1750485022,2023-09-05 06:45:05,1295504,,,,,,,,,,,,,,,,,,,,,,,,,,,,,,,,,,,,,,,,,,,,,,,,,TN
592,27708fc6f6648945c105baa6a5c63f9d62f265b5,0.10111637831164838,autoland,4775609,12,d42f896683fcaa492a6c00f43ebeea3a7281573d,macosx1015-64-shippable-qr,True,False,,,102210fe594ee9b33d82058545b1ed14f4c8206e,custom.styleeditor.reload.DAMP,damp,True,damp custom.styleeditor.reload.DAMP opt e10s fission stylo webrender,4775519,77,ms,firefox,,1750609651,2023-09-05 11:29:45,1295622,,,,,,,,,,,,,,,,,,,,,,,,,,,,,,,,,,,,,,,,,,,,,,,,,TN
593,42d664dd03163fb19554f6e18c4163b8622b4401,0.08239176677554683,autoland,4775609,12,d42f896683fcaa492a6c00f43ebeea3a7281573d,macosx1015-64-shippable-qr,True,False,,,102210fe594ee9b33d82058545b1ed14f4c8206e,custom.styleeditor.reload.DAMP,damp,True,damp custom.styleeditor.reload.DAMP opt e10s fission stylo webrender,4775519,77,ms,firefox,,1750615798,2023-09-05 11:45:39,1295627,,,,,,,,,,,,,,,,,,,,,,,,,,,,,,,,,,,,,,,,,,,,,,,,,TN
594,40053facf08c6ea9bc6a6f5ae223a6faa89ebc08,0.17935664346458985,autoland,4775609,12,d42f896683fcaa492a6c00f43ebeea3a7281573d,macosx1015-64-shippable-qr,True,False,,,102210fe594ee9b33d82058545b1ed14f4c8206e,custom.styleeditor.reload.DAMP,damp,True,damp custom.styleeditor.reload.DAMP opt e10s fission stylo webrender,4775519,77,ms,firefox,,1750728658,2023-09-05 15:46:18,1295770,,,,,,,,,,,,,,,,,,,,,,,,,,,,,,,,,,,,,,,,,,,,,,,,,TN
595,08da3ca498f61eb9acb594038c5e764cfb37d735,0.10374070950876996,autoland,4775609,12,d42f896683fcaa492a6c00f43ebeea3a7281573d,macosx1015-64-shippable-qr,True,False,,,102210fe594ee9b33d82058545b1ed14f4c8206e,custom.styleeditor.reload.DAMP,damp,True,damp custom.styleeditor.reload.DAMP opt e10s fission stylo webrender,4775519,77,ms,firefox,,1750740015,2023-09-05 16:15:45,1295791,,,,,,,,,,,,,,,,,,,,,,,,,,,,,,,,,,,,,,,,,,,,,,,,,TN
596,e6278ccb302b74ca329c17e5d00508b795c54eec,0.121953332358606,autoland,4775609,12,d42f896683fcaa492a6c00f43ebeea3a7281573d,macosx1015-64-shippable-qr,True,False,,,102210fe594ee9b33d82058545b1ed14f4c8206e,custom.styleeditor.reload.DAMP,damp,True,damp custom.styleeditor.reload.DAMP opt e10s fission stylo webrender,4775519,77,ms,firefox,,1750790122,2023-09-05 19:25:11,1295926,,,,,,,,,,,,,,,,,,,,,,,,,,,,,,,,,,,,,,,,,,,,,,,,,TN
597,b34280e9a0872e3b3f0893cd3bd78bf94b421612,0.1489115184093331,autoland,4775609,12,d42f896683fcaa492a6c00f43ebeea3a7281573d,macosx1015-64-shippable-qr,True,False,,,102210fe594ee9b33d82058545b1ed14f4c8206e,custom.styleeditor.reload.DAMP,damp,True,damp custom.styleeditor.reload.DAMP opt e10s fission stylo webrender,4775519,77,ms,firefox,,1750962515,2023-09-05 23:38:09,1296071,,,,,,,,,,,,,,,,,,,,,,,,,,,,,,,,,,,,,,,,,,,,,,,,,TN
598,ff7e2e9adbc1753b1f3e01a3f2eb8a91bb911418,0.16651586191786494,autoland,4775609,12,d42f896683fcaa492a6c00f43ebeea3a7281573d,macosx1015-64-shippable-qr,True,False,,,102210fe594ee9b33d82058545b1ed14f4c8206e,custom.styleeditor.reload.DAMP,damp,True,damp custom.styleeditor.reload.DAMP opt e10s fission stylo webrender,4775519,77,ms,firefox,,1750994567,2023-09-06 00:54:53,1296116,,,,,,,,,,,,,,,,,,,,,,,,,,,,,,,,,,,,,,,,,,,,,,,,,TN
599,5c56b92baa65aa27df61f84718594767ef8f26f4,0.09133565162348795,autoland,4775609,12,d42f896683fcaa492a6c00f43ebeea3a7281573d,macosx1015-64-shippable-qr,True,False,,,102210fe594ee9b33d82058545b1ed14f4c8206e,custom.styleeditor.reload.DAMP,damp,True,damp custom.styleeditor.reload.DAMP opt e10s fission stylo webrender,4775519,77,ms,firefox,,1751083479,2023-09-06 05:00:41,1296186,,,,,,,,,,,,,,,,,,,,,,,,,,,,,,,,,,,,,,,,,,,,,,,,,TN
600,6631a30338d3de03925f76afd071a29511729440,0.04460634207057579,autoland,4775609,12,d42f896683fcaa492a6c00f43ebeea3a7281573d,macosx1015-64-shippable-qr,True,False,,,102210fe594ee9b33d82058545b1ed14f4c8206e,custom.styleeditor.reload.DAMP,damp,True,damp custom.styleeditor.reload.DAMP opt e10s fission stylo webrender,4775519,77,ms,firefox,,1751210493,2023-09-06 10:31:58,1296288,,,,,,,,,,,,,,,,,,,,,,,,,,,,,,,,,,,,,,,,,,,,,,,,,TN
601,e43370e4259f61e0c264dbcef8b45e2862b3c5e8,0.14143378253236494,autoland,4775609,12,d42f896683fcaa492a6c00f43ebeea3a7281573d,macosx1015-64-shippable-qr,True,False,,,102210fe594ee9b33d82058545b1ed14f4c8206e,custom.styleeditor.reload.DAMP,damp,True,damp custom.styleeditor.reload.DAMP opt e10s fission stylo webrender,4775519,77,ms,firefox,,1751224857,2023-09-06 11:18:29,1296309,,,,,,,,,,,,,,,,,,,,,,,,,,,,,,,,,,,,,,,,,,,,,,,,,TN
602,0315c2d875ca2a95bbb65ef4a1f7b75f72ed7263,0.0958636233561162,autoland,4775609,12,d42f896683fcaa492a6c00f43ebeea3a7281573d,macosx1015-64-shippable-qr,True,False,,,102210fe594ee9b33d82058545b1ed14f4c8206e,custom.styleeditor.reload.DAMP,damp,True,damp custom.styleeditor.reload.DAMP opt e10s fission stylo webrender,4775519,77,ms,firefox,,1751315557,2023-09-06 14:28:21,1296418,,,,,,,,,,,,,,,,,,,,,,,,,,,,,,,,,,,,,,,,,,,,,,,,,TN
603,340378041fcfd986f6c0edb18a81efbc36f930c1,0.04801267884589733,autoland,4775609,12,d42f896683fcaa492a6c00f43ebeea3a7281573d,macosx1015-64-shippable-qr,True,False,,,102210fe594ee9b33d82058545b1ed14f4c8206e,custom.styleeditor.reload.DAMP,damp,True,damp custom.styleeditor.reload.DAMP opt e10s fission stylo webrender,4775519,77,ms,firefox,,1751375051,2023-09-06 18:00:42,1296561,,,,,,,,,,,,,,,,,,,,,,,,,,,,,,,,,,,,,,,,,,,,,,,,,TN
604,6e5768f3fc480965c2b67e5006ad8351d30a27b2,0.08600447373720022,autoland,4775609,12,d42f896683fcaa492a6c00f43ebeea3a7281573d,macosx1015-64-shippable-qr,True,False,,,102210fe594ee9b33d82058545b1ed14f4c8206e,custom.styleeditor.reload.DAMP,damp,True,damp custom.styleeditor.reload.DAMP opt e10s fission stylo webrender,4775519,77,ms,firefox,,1751518699,2023-09-06 21:18:27,1296699,,,,,,,,,,,,,,,,,,,,,,,,,,,,,,,,,,,,,,,,,,,,,,,,,TN
605,172ac46f5fd5a20a001b2cbed27df0ffb44ef6a6,0.11231803668131557,autoland,4775609,12,d42f896683fcaa492a6c00f43ebeea3a7281573d,macosx1015-64-shippable-qr,True,False,,,102210fe594ee9b33d82058545b1ed14f4c8206e,custom.styleeditor.reload.DAMP,damp,True,damp custom.styleeditor.reload.DAMP opt e10s fission stylo webrender,4775519,77,ms,firefox,,1751579616,2023-09-07 02:02:33,1296842,,,,,,,,,,,,,,,,,,,,,,,,,,,,,,,,,,,,,,,,,,,,,,,,,TN
606,c8b40099127c273a58ba6defbe045c55752f0f64,0.0732908577948207,autoland,4775609,12,d42f896683fcaa492a6c00f43ebeea3a7281573d,macosx1015-64-shippable-qr,True,False,,,102210fe594ee9b33d82058545b1ed14f4c8206e,custom.styleeditor.reload.DAMP,damp,True,damp custom.styleeditor.reload.DAMP opt e10s fission stylo webrender,4775519,77,ms,firefox,,1751653280,2023-09-07 05:47:53,1296880,,,,,,,,,,,,,,,,,,,,,,,,,,,,,,,,,,,,,,,,,,,,,,,,,TN
607,72c09a220d986d7af3fa78b07b9b87cd943f9ab5,0.038433767922877005,autoland,4775609,12,d42f896683fcaa492a6c00f43ebeea3a7281573d,macosx1015-64-shippable-qr,True,False,,,102210fe594ee9b33d82058545b1ed14f4c8206e,custom.styleeditor.reload.DAMP,damp,True,damp custom.styleeditor.reload.DAMP opt e10s fission stylo webrender,4775519,77,ms,firefox,,1751780988,2023-09-07 10:02:59,1296967,,,,,,,,,,,,,,,,,,,,,,,,,,,,,,,,,,,,,,,,,,,,,,,,,TN
608,31aee1c71573016a4a40410e1c41adad2304c430,0.035756548832247825,autoland,4775609,12,d42f896683fcaa492a6c00f43ebeea3a7281573d,macosx1015-64-shippable-qr,True,False,,,102210fe594ee9b33d82058545b1ed14f4c8206e,custom.styleeditor.reload.DAMP,damp,True,damp custom.styleeditor.reload.DAMP opt e10s fission stylo webrender,4775519,77,ms,firefox,,1751827734,2023-09-07 12:32:17,1297037,,,,,,,,,,,,,,,,,,,,,,,,,,,,,,,,,,,,,,,,,,,,,,,,,TN
609,be838735b3cf99411aaa287377f080810144f92d,0.14500528797204199,autoland,4775609,12,d42f896683fcaa492a6c00f43ebeea3a7281573d,macosx1015-64-shippable-qr,True,False,,,102210fe594ee9b33d82058545b1ed14f4c8206e,custom.styleeditor.reload.DAMP,damp,True,damp custom.styleeditor.reload.DAMP opt e10s fission stylo webrender,4775519,77,ms,firefox,,1751911885,2023-09-07 16:05:38,1297179,,,,,,,,,,,,,,,,,,,,,,,,,,,,,,,,,,,,,,,,,,,,,,,,,TN
610,25b4a7559a80b3970d88de68b2ac92420ca025c8,0.13037537148687023,autoland,4775609,12,d42f896683fcaa492a6c00f43ebeea3a7281573d,macosx1015-64-shippable-qr,True,False,,,102210fe594ee9b33d82058545b1ed14f4c8206e,custom.styleeditor.reload.DAMP,damp,True,damp custom.styleeditor.reload.DAMP opt e10s fission stylo webrender,4775519,77,ms,firefox,,1752059650,2023-09-07 18:57:03,1297304,,,,,,,,,,,,,,,,,,,,,,,,,,,,,,,,,,,,,,,,,,,,,,,,,TN
611,6fb5507c20420498c1ebe5f2b6df35394d980f1c,0.06924152813566953,autoland,4775609,12,d42f896683fcaa492a6c00f43ebeea3a7281573d,macosx1015-64-shippable-qr,True,False,,,102210fe594ee9b33d82058545b1ed14f4c8206e,custom.styleeditor.reload.DAMP,damp,True,damp custom.styleeditor.reload.DAMP opt e10s fission stylo webrender,4775519,77,ms,firefox,,1752180760,2023-09-07 23:16:45,1297446,,,,,,,,,,,,,,,,,,,,,,,,,,,,,,,,,,,,,,,,,,,,,,,,,TN
612,3096b15a785accc50f5e96ad64eed31ebd5ae045,0.08036524847264553,autoland,4775609,12,d42f896683fcaa492a6c00f43ebeea3a7281573d,macosx1015-64-shippable-qr,True,False,,,102210fe594ee9b33d82058545b1ed14f4c8206e,custom.styleeditor.reload.DAMP,damp,True,damp custom.styleeditor.reload.DAMP opt e10s fission stylo webrender,4775519,77,ms,firefox,,1752190876,2023-09-07 23:39:19,1297453,,,,,,,,,,,,,,,,,,,,,,,,,,,,,,,,,,,,,,,,,,,,,,,,,TN
613,9cf29328d69c6278a4d9e184fcf79d33542cb600,0.09264761673535898,autoland,4775609,12,d42f896683fcaa492a6c00f43ebeea3a7281573d,macosx1015-64-shippable-qr,True,False,,,102210fe594ee9b33d82058545b1ed14f4c8206e,custom.styleeditor.reload.DAMP,damp,True,damp custom.styleeditor.reload.DAMP opt e10s fission stylo webrender,4775519,77,ms,firefox,,1752285195,2023-09-08 04:28:36,1297535,,,,,,,,,,,,,,,,,,,,,,,,,,,,,,,,,,,,,,,,,,,,,,,,,TN
614,850826d930dbbaab76c864c8e0c815e741d335ec,0.10426541086093599,autoland,4775609,12,d42f896683fcaa492a6c00f43ebeea3a7281573d,macosx1015-64-shippable-qr,True,False,,,102210fe594ee9b33d82058545b1ed14f4c8206e,custom.styleeditor.reload.DAMP,damp,True,damp custom.styleeditor.reload.DAMP opt e10s fission stylo webrender,4775519,77,ms,firefox,,1752413672,2023-09-08 08:33:18,1297602,,,,,,,,,,,,,,,,,,,,,,,,,,,,,,,,,,,,,,,,,,,,,,,,,TN
615,274b1d437629e97813d0b7fe7e8b4912cf84cf32,0.09493439363168693,autoland,4775609,12,d42f896683fcaa492a6c00f43ebeea3a7281573d,macosx1015-64-shippable-qr,True,False,,,102210fe594ee9b33d82058545b1ed14f4c8206e,custom.styleeditor.reload.DAMP,damp,True,damp custom.styleeditor.reload.DAMP opt e10s fission stylo webrender,4775519,77,ms,firefox,,1752482927,2023-09-08 09:52:44,1297644,,,,,,,,,,,,,,,,,,,,,,,,,,,,,,,,,,,,,,,,,,,,,,,,,TN
616,822367e291b07b889b553a6beaa660fd1d4bf101,0.17878800124573557,autoland,4775609,12,d42f896683fcaa492a6c00f43ebeea3a7281573d,macosx1015-64-shippable-qr,True,False,,,102210fe594ee9b33d82058545b1ed14f4c8206e,custom.styleeditor.reload.DAMP,damp,True,damp custom.styleeditor.reload.DAMP opt e10s fission stylo webrender,4775519,77,ms,firefox,,1752586125,2023-09-08 14:14:09,1297788,,,,,,,,,,,,,,,,,,,,,,,,,,,,,,,,,,,,,,,,,,,,,,,,,TN
617,bde2db6f12ce1100b2bbb4b10916f7be1cf90f3a,0.10080537492039648,autoland,4775609,12,d42f896683fcaa492a6c00f43ebeea3a7281573d,macosx1015-64-shippable-qr,True,False,,,102210fe594ee9b33d82058545b1ed14f4c8206e,custom.styleeditor.reload.DAMP,damp,True,damp custom.styleeditor.reload.DAMP opt e10s fission stylo webrender,4775519,77,ms,firefox,,1752635517,2023-09-08 14:59:47,1297817,,,,,,,,,,,,,,,,,,,,,,,,,,,,,,,,,,,,,,,,,,,,,,,,,TN
618,27b2bca6565fd4a7d724617dc2a06ad4433d5e7d,0.13849752970949475,autoland,4775609,12,d42f896683fcaa492a6c00f43ebeea3a7281573d,macosx1015-64-shippable-qr,True,False,,,102210fe594ee9b33d82058545b1ed14f4c8206e,custom.styleeditor.reload.DAMP,damp,True,damp custom.styleeditor.reload.DAMP opt e10s fission stylo webrender,4775519,77,ms,firefox,,1752705737,2023-09-08 18:04:40,1297929,,,,,,,,,,,,,,,,,,,,,,,,,,,,,,,,,,,,,,,,,,,,,,,,,TN
619,caabab6fd2b88b34f1344af40c555fed0a039949,0.09049540397796879,autoland,4775609,12,d42f896683fcaa492a6c00f43ebeea3a7281573d,macosx1015-64-shippable-qr,True,False,,,102210fe594ee9b33d82058545b1ed14f4c8206e,custom.styleeditor.reload.DAMP,damp,True,damp custom.styleeditor.reload.DAMP opt e10s fission stylo webrender,4775519,77,ms,firefox,,1752847044,2023-09-08 22:44:42,1298112,,,,,,,,,,,,,,,,,,,,,,,,,,,,,,,,,,,,,,,,,,,,,,,,,TN
620,266305ba8989b3072ea042b1a3130ddfb89960e1,0.09039515185963748,autoland,4775609,12,d42f896683fcaa492a6c00f43ebeea3a7281573d,macosx1015-64-shippable-qr,True,False,,,102210fe594ee9b33d82058545b1ed14f4c8206e,custom.styleeditor.reload.DAMP,damp,True,damp custom.styleeditor.reload.DAMP opt e10s fission stylo webrender,4775519,77,ms,firefox,,1752912707,2023-09-09 01:11:00,1298167,,,,,,,,,,,,,,,,,,,,,,,,,,,,,,,,,,,,,,,,,,,,,,,,,TN
621,02f7c436b43f486a8aec92c449f2df1fedf9226a,0.10785419710084576,autoland,4775609,12,d42f896683fcaa492a6c00f43ebeea3a7281573d,macosx1015-64-shippable-qr,True,False,,,102210fe594ee9b33d82058545b1ed14f4c8206e,custom.styleeditor.reload.DAMP,damp,True,damp custom.styleeditor.reload.DAMP opt e10s fission stylo webrender,4775519,77,ms,firefox,,1752962930,2023-09-09 05:59:08,1298196,,,,,,,,,,,,,,,,,,,,,,,,,,,,,,,,,,,,,,,,,,,,,,,,,TN
622,52b4a28cd9d7623a471a02cb994a2aebbd5d7403,0.07435150475776992,autoland,4775609,12,d42f896683fcaa492a6c00f43ebeea3a7281573d,macosx1015-64-shippable-qr,True,False,,,102210fe594ee9b33d82058545b1ed14f4c8206e,custom.styleeditor.reload.DAMP,damp,True,damp custom.styleeditor.reload.DAMP opt e10s fission stylo webrender,4775519,77,ms,firefox,,1753054881,2023-09-09 12:58:29,1298223,,,,,,,,,,,,,,,,,,,,,,,,,,,,,,,,,,,,,,,,,,,,,,,,,TN
623,df18c9cb1487f09a89e27eabbd0819691c70701b,0.08982897581896543,autoland,4775609,12,d42f896683fcaa492a6c00f43ebeea3a7281573d,macosx1015-64-shippable-qr,True,False,,,102210fe594ee9b33d82058545b1ed14f4c8206e,custom.styleeditor.reload.DAMP,damp,True,damp custom.styleeditor.reload.DAMP opt e10s fission stylo webrender,4775519,77,ms,firefox,,1753194575,2023-09-09 23:18:35,1298263,,,,,,,,,,,,,,,,,,,,,,,,,,,,,,,,,,,,,,,,,,,,,,,,,TN
624,7faa89970aed2f2e16f538aba1a7465bb6a5ea20,0.1514764912863481,autoland,4775609,12,d42f896683fcaa492a6c00f43ebeea3a7281573d,macosx1015-64-shippable-qr,True,False,,,102210fe594ee9b33d82058545b1ed14f4c8206e,custom.styleeditor.reload.DAMP,damp,True,damp custom.styleeditor.reload.DAMP opt e10s fission stylo webrender,4775519,77,ms,firefox,,1753252110,2023-09-10 03:51:10,1298271,,,,,,,,,,,,,,,,,,,,,,,,,,,,,,,,,,,,,,,,,,,,,,,,,TN
625,2e1c2dd8ef65a6914ebc4e0bc0a0a274c31e29bc,0.10665379418920096,autoland,4775609,12,d42f896683fcaa492a6c00f43ebeea3a7281573d,macosx1015-64-shippable-qr,True,False,,,102210fe594ee9b33d82058545b1ed14f4c8206e,custom.styleeditor.reload.DAMP,damp,True,damp custom.styleeditor.reload.DAMP opt e10s fission stylo webrender,4775519,77,ms,firefox,,1753408237,2023-09-10 10:15:01,1298293,,,,,,,,,,,,,,,,,,,,,,,,,,,,,,,,,,,,,,,,,,,,,,,,,TN
626,640ad6a53cf88f878095f49f98b720a99c2762bd,0.09588985173168757,autoland,4775609,12,d42f896683fcaa492a6c00f43ebeea3a7281573d,macosx1015-64-shippable-qr,True,False,,,102210fe594ee9b33d82058545b1ed14f4c8206e,custom.styleeditor.reload.DAMP,damp,True,damp custom.styleeditor.reload.DAMP opt e10s fission stylo webrender,4775519,77,ms,firefox,,1753489079,2023-09-10 12:24:34,1298303,,,,,,,,,,,,,,,,,,,,,,,,,,,,,,,,,,,,,,,,,,,,,,,,,TN
627,e91d172728590586e38bc431f3dc779479e365d5,0.10258024815218053,autoland,4775609,12,d42f896683fcaa492a6c00f43ebeea3a7281573d,macosx1015-64-shippable-qr,True,False,,,102210fe594ee9b33d82058545b1ed14f4c8206e,custom.styleeditor.reload.DAMP,damp,True,damp custom.styleeditor.reload.DAMP opt e10s fission stylo webrender,4775519,77,ms,firefox,,1753603139,2023-09-10 16:24:53,1298313,,,,,,,,,,,,,,,,,,,,,,,,,,,,,,,,,,,,,,,,,,,,,,,,,TN
628,fff502a8f26bdfc51eada3cf32107848bff64a76,0.11183168067012728,autoland,4775609,12,d42f896683fcaa492a6c00f43ebeea3a7281573d,macosx1015-64-shippable-qr,True,False,,,102210fe594ee9b33d82058545b1ed14f4c8206e,custom.styleeditor.reload.DAMP,damp,True,damp custom.styleeditor.reload.DAMP opt e10s fission stylo webrender,4775519,77,ms,firefox,,1753728345,2023-09-10 22:24:39,1298356,,,,,,,,,,,,,,,,,,,,,,,,,,,,,,,,,,,,,,,,,,,,,,,,,TN
629,5f5a3f190fdfa0947a671467171ab2b3cee62c38,0.04490402996456505,autoland,4775609,12,d42f896683fcaa492a6c00f43ebeea3a7281573d,macosx1015-64-shippable-qr,True,False,,,102210fe594ee9b33d82058545b1ed14f4c8206e,custom.styleeditor.reload.DAMP,damp,True,damp custom.styleeditor.reload.DAMP opt e10s fission stylo webrender,4775519,77,ms,firefox,,1753832469,2023-09-11 04:00:08,1298396,,,,,,,,,,,,,,,,,,,,,,,,,,,,,,,,,,,,,,,,,,,,,,,,,TN
630,35ae39561912dad340dac47c7c1dc3af6ead952b,0.08449792793362909,autoland,4775609,12,d42f896683fcaa492a6c00f43ebeea3a7281573d,macosx1015-64-shippable-qr,True,False,,,102210fe594ee9b33d82058545b1ed14f4c8206e,custom.styleeditor.reload.DAMP,damp,True,damp custom.styleeditor.reload.DAMP opt e10s fission stylo webrender,4775519,77,ms,firefox,,1753888341,2023-09-11 08:01:16,1298437,,,,,,,,,,,,,,,,,,,,,,,,,,,,,,,,,,,,,,,,,,,,,,,,,TN
631,16a377bb7b5f9713ac6a5fae21ce043c7de7cd67,0.07891008046727854,autoland,4775609,12,d42f896683fcaa492a6c00f43ebeea3a7281573d,macosx1015-64-shippable-qr,True,False,,,102210fe594ee9b33d82058545b1ed14f4c8206e,custom.styleeditor.reload.DAMP,damp,True,damp custom.styleeditor.reload.DAMP opt e10s fission stylo webrender,4775519,77,ms,firefox,,1753952887,2023-09-11 10:09:23,1298486,,,,,,,,,,,,,,,,,,,,,,,,,,,,,,,,,,,,,,,,,,,,,,,,,TN
632,2ea4fd5d517a2b5edf081c9e2ccd8c014f6dc171,0.13753219318352738,autoland,4775609,12,d42f896683fcaa492a6c00f43ebeea3a7281573d,macosx1015-64-shippable-qr,True,False,,,102210fe594ee9b33d82058545b1ed14f4c8206e,custom.styleeditor.reload.DAMP,damp,True,damp custom.styleeditor.reload.DAMP opt e10s fission stylo webrender,4775519,77,ms,firefox,,1754099386,2023-09-11 13:54:23,1298638,,,,,,,,,,,,,,,,,,,,,,,,,,,,,,,,,,,,,,,,,,,,,,,,,TN
633,f28ec98bf27ffbc0952af3f4ff0ffec4218a6554,0.07910093995057188,autoland,4775609,12,d42f896683fcaa492a6c00f43ebeea3a7281573d,macosx1015-64-shippable-qr,True,False,,,102210fe594ee9b33d82058545b1ed14f4c8206e,custom.styleeditor.reload.DAMP,damp,True,damp custom.styleeditor.reload.DAMP opt e10s fission stylo webrender,4775519,77,ms,firefox,,1754297967,2023-09-11 17:41:44,1298761,,,,,,,,,,,,,,,,,,,,,,,,,,,,,,,,,,,,,,,,,,,,,,,,,TN
634,4a10a12f6006582e936c81baefda439d8f078729,0.10138223023670984,autoland,4775609,12,d42f896683fcaa492a6c00f43ebeea3a7281573d,macosx1015-64-shippable-qr,True,False,,,102210fe594ee9b33d82058545b1ed14f4c8206e,custom.styleeditor.reload.DAMP,damp,True,damp custom.styleeditor.reload.DAMP opt e10s fission stylo webrender,4775519,77,ms,firefox,,1754364115,2023-09-11 21:44:17,1298874,,,,,,,,,,,,,,,,,,,,,,,,,,,,,,,,,,,,,,,,,,,,,,,,,TN
635,12882fe96164b756c60fff4549300977b85af06f,0.10018911560568916,autoland,4775609,12,d42f896683fcaa492a6c00f43ebeea3a7281573d,macosx1015-64-shippable-qr,True,False,,,102210fe594ee9b33d82058545b1ed14f4c8206e,custom.styleeditor.reload.DAMP,damp,True,damp custom.styleeditor.reload.DAMP opt e10s fission stylo webrender,4775519,77,ms,firefox,,1754375959,2023-09-11 22:07:56,1298881,,,,,,,,,,,,,,,,,,,,,,,,,,,,,,,,,,,,,,,,,,,,,,,,,TN
636,cdcc536589320caec69ec36416058cd46b8d4178,0.1257948574328504,autoland,4775609,12,d42f896683fcaa492a6c00f43ebeea3a7281573d,macosx1015-64-shippable-qr,True,False,,,102210fe594ee9b33d82058545b1ed14f4c8206e,custom.styleeditor.reload.DAMP,damp,True,damp custom.styleeditor.reload.DAMP opt e10s fission stylo webrender,4775519,77,ms,firefox,,1754538331,2023-09-12 02:35:45,1298976,,,,,,,,,,,,,,,,,,,,,,,,,,,,,,,,,,,,,,,,,,,,,,,,,TN
637,2e2360c55e7b421532f4d12b7a36a0e0f943a1e9,0.1040206070207686,autoland,4775609,12,d42f896683fcaa492a6c00f43ebeea3a7281573d,macosx1015-64-shippable-qr,True,False,,,102210fe594ee9b33d82058545b1ed14f4c8206e,custom.styleeditor.reload.DAMP,damp,True,damp custom.styleeditor.reload.DAMP opt e10s fission stylo webrender,4775519,77,ms,firefox,,1754636030,2023-09-12 07:31:58,1299027,,,,,,,,,,,,,,,,,,,,,,,,,,,,,,,,,,,,,,,,,,,,,,,,,TN
638,4cca882e069d67c3a9a9064ac603b0dca23a5b39,0.09861268414840008,autoland,4775609,12,d42f896683fcaa492a6c00f43ebeea3a7281573d,macosx1015-64-shippable-qr,True,False,,,102210fe594ee9b33d82058545b1ed14f4c8206e,custom.styleeditor.reload.DAMP,damp,True,damp custom.styleeditor.reload.DAMP opt e10s fission stylo webrender,4775519,77,ms,firefox,,1754739726,2023-09-12 11:48:24,1299122,,,,,,,,,,,,,,,,,,,,,,,,,,,,,,,,,,,,,,,,,,,,,,,,,TN
639,f302f4a5371614cb2d42fbbe4ddfdd068aae146d,0.1002357464496823,autoland,4775609,12,d42f896683fcaa492a6c00f43ebeea3a7281573d,macosx1015-64-shippable-qr,True,False,,,102210fe594ee9b33d82058545b1ed14f4c8206e,custom.styleeditor.reload.DAMP,damp,True,damp custom.styleeditor.reload.DAMP opt e10s fission stylo webrender,4775519,77,ms,firefox,,1754794953,2023-09-12 12:34:27,1299141,,,,,,,,,,,,,,,,,,,,,,,,,,,,,,,,,,,,,,,,,,,,,,,,,TN
640,1b3be6b61583c53c2cb899ffc91c921c022e8162,0.16545909852732055,autoland,4775609,12,d42f896683fcaa492a6c00f43ebeea3a7281573d,macosx1015-64-shippable-qr,True,False,,,102210fe594ee9b33d82058545b1ed14f4c8206e,custom.styleeditor.reload.DAMP,damp,True,damp custom.styleeditor.reload.DAMP opt e10s fission stylo webrender,4775519,77,ms,firefox,,1754979476,2023-09-12 16:35:29,1299257,,,,,,,,,,,,,,,,,,,,,,,,,,,,,,,,,,,,,,,,,,,,,,,,,TN
641,c77f534dc9b99192eca371e3917ffc5b504bd055,0.09192033990788678,autoland,4775609,12,d42f896683fcaa492a6c00f43ebeea3a7281573d,macosx1015-64-shippable-qr,True,False,,,102210fe594ee9b33d82058545b1ed14f4c8206e,custom.styleeditor.reload.DAMP,damp,True,damp custom.styleeditor.reload.DAMP opt e10s fission stylo webrender,4775519,77,ms,firefox,,1755040161,2023-09-12 17:51:01,1299297,,,,,,,,,,,,,,,,,,,,,,,,,,,,,,,,,,,,,,,,,,,,,,,,,TN
642,0339e9d43c22845d7589528bc8a08eee6b2d5c7a,0.20983707337465124,autoland,4775609,12,d42f896683fcaa492a6c00f43ebeea3a7281573d,macosx1015-64-shippable-qr,True,False,,,102210fe594ee9b33d82058545b1ed14f4c8206e,custom.styleeditor.reload.DAMP,damp,True,damp custom.styleeditor.reload.DAMP opt e10s fission stylo webrender,4775519,77,ms,firefox,,1755153697,2023-09-12 22:44:58,1299446,,,,,,,,,,,,,,,,,,,,,,,,,,,,,,,,,,,,,,,,,,,,,,,,,TN
643,d238756ba039d0430074dea8fa1db0c2b75b8184,0.08702918997583348,autoland,4775609,12,d42f896683fcaa492a6c00f43ebeea3a7281573d,macosx1015-64-shippable-qr,True,False,,,102210fe594ee9b33d82058545b1ed14f4c8206e,custom.styleeditor.reload.DAMP,damp,True,damp custom.styleeditor.reload.DAMP opt e10s fission stylo webrender,4775519,77,ms,firefox,,1755159802,2023-09-12 23:09:22,1299456,,,,,,,,,,,,,,,,,,,,,,,,,,,,,,,,,,,,,,,,,,,,,,,,,TN
644,daceab96e9588ecb729cc3648c7980f1d9928ef1,0.08692131826647365,autoland,4775609,12,d42f896683fcaa492a6c00f43ebeea3a7281573d,macosx1015-64-shippable-qr,True,False,,,102210fe594ee9b33d82058545b1ed14f4c8206e,custom.styleeditor.reload.DAMP,damp,True,damp custom.styleeditor.reload.DAMP opt e10s fission stylo webrender,4775519,77,ms,firefox,,1755233832,2023-09-13 03:21:32,1299496,,,,,,,,,,,,,,,,,,,,,,,,,,,,,,,,,,,,,,,,,,,,,,,,,TN
645,00a66a4ea7d34e12302bd63f68a950cbff5a9ffa,0.1347169975663461,autoland,4775609,12,d42f896683fcaa492a6c00f43ebeea3a7281573d,macosx1015-64-shippable-qr,True,False,,,102210fe594ee9b33d82058545b1ed14f4c8206e,custom.styleeditor.reload.DAMP,damp,True,damp custom.styleeditor.reload.DAMP opt e10s fission stylo webrender,4775519,77,ms,firefox,,1755302399,2023-09-13 08:07:28,1299529,,,,,,,,,,,,,,,,,,,,,,,,,,,,,,,,,,,,,,,,,,,,,,,,,TN
646,1a4b8c41b3c3efb7f5870fb99730fc6b08a44cc1,0.09853063271037427,autoland,4775609,12,d42f896683fcaa492a6c00f43ebeea3a7281573d,macosx1015-64-shippable-qr,True,False,,,102210fe594ee9b33d82058545b1ed14f4c8206e,custom.styleeditor.reload.DAMP,damp,True,damp custom.styleeditor.reload.DAMP opt e10s fission stylo webrender,4775519,77,ms,firefox,,1755524750,2023-09-13 11:26:03,1299625,,,,,,,,,,,,,,,,,,,,,,,,,,,,,,,,,,,,,,,,,,,,,,,,,TN
647,49a7e292daad5c6727d745e6910b8bde5c3f59a6,0.09637080255607905,autoland,4775609,12,d42f896683fcaa492a6c00f43ebeea3a7281573d,macosx1015-64-shippable-qr,True,False,,,102210fe594ee9b33d82058545b1ed14f4c8206e,custom.styleeditor.reload.DAMP,damp,True,damp custom.styleeditor.reload.DAMP opt e10s fission stylo webrender,4775519,77,ms,firefox,,1755698088,2023-09-13 15:38:40,1299802,,,,,,,,,,,,,,,,,,,,,,,,,,,,,,,,,,,,,,,,,,,,,,,,,TN
648,ce9c917d3e22a86f9e2a6fb5d5b68cd6d56fb687,0.08312403136064317,autoland,4775609,12,d42f896683fcaa492a6c00f43ebeea3a7281573d,macosx1015-64-shippable-qr,True,False,,,102210fe594ee9b33d82058545b1ed14f4c8206e,custom.styleeditor.reload.DAMP,damp,True,damp custom.styleeditor.reload.DAMP opt e10s fission stylo webrender,4775519,77,ms,firefox,,1755755703,2023-09-13 16:07:42,1299823,,,,,,,,,,,,,,,,,,,,,,,,,,,,,,,,,,,,,,,,,,,,,,,,,TN
649,ab101a976da356370e4d513e38e73a1fa55b1597,0.08495648678152867,autoland,4775609,12,d42f896683fcaa492a6c00f43ebeea3a7281573d,macosx1015-64-shippable-qr,True,False,,,102210fe594ee9b33d82058545b1ed14f4c8206e,custom.styleeditor.reload.DAMP,damp,True,damp custom.styleeditor.reload.DAMP opt e10s fission stylo webrender,4775519,77,ms,firefox,,1755903009,2023-09-13 20:42:18,1300022,,,,,,,,,,,,,,,,,,,,,,,,,,,,,,,,,,,,,,,,,,,,,,,,,TN
650,8f5a11c1eb0b7598d1415f6efa9c360191a423f8,0.1325979674121382,autoland,4775609,12,d42f896683fcaa492a6c00f43ebeea3a7281573d,macosx1015-64-shippable-qr,True,False,,,102210fe594ee9b33d82058545b1ed14f4c8206e,custom.styleeditor.reload.DAMP,damp,True,damp custom.styleeditor.reload.DAMP opt e10s fission stylo webrender,4775519,77,ms,firefox,,1755921565,2023-09-13 23:14:42,1300119,,,,,,,,,,,,,,,,,,,,,,,,,,,,,,,,,,,,,,,,,,,,,,,,,TN
651,c57de172952ed6dfa84943bd2175574e4c87e92b,0.11380444166393988,autoland,4775609,12,d42f896683fcaa492a6c00f43ebeea3a7281573d,macosx1015-64-shippable-qr,True,False,,,102210fe594ee9b33d82058545b1ed14f4c8206e,custom.styleeditor.reload.DAMP,damp,True,damp custom.styleeditor.reload.DAMP opt e10s fission stylo webrender,4775519,77,ms,firefox,,1756113275,2023-09-14 04:10:41,1300187,,,,,,,,,,,,,,,,,,,,,,,,,,,,,,,,,,,,,,,,,,,,,,,,,TN
652,69c7e9b937f817f1bee50511a690a35aa3b49793,0.11151605922856317,autoland,4775609,12,d42f896683fcaa492a6c00f43ebeea3a7281573d,macosx1015-64-shippable-qr,True,False,,,102210fe594ee9b33d82058545b1ed14f4c8206e,custom.styleeditor.reload.DAMP,damp,True,damp custom.styleeditor.reload.DAMP opt e10s fission stylo webrender,4775519,77,ms,firefox,,1756360510,2023-09-14 09:30:23,1300302,,,,,,,,,,,,,,,,,,,,,,,,,,,,,,,,,,,,,,,,,,,,,,,,,TN
653,76116e6c2476f694d9cd5db9c69d9065e3b2cbbd,0.14671617495989653,autoland,4775609,12,d42f896683fcaa492a6c00f43ebeea3a7281573d,macosx1015-64-shippable-qr,True,False,,,102210fe594ee9b33d82058545b1ed14f4c8206e,custom.styleeditor.reload.DAMP,damp,True,damp custom.styleeditor.reload.DAMP opt e10s fission stylo webrender,4775519,77,ms,firefox,,1756377522,2023-09-14 11:38:04,1300382,,,,,,,,,,,,,,,,,,,,,,,,,,,,,,,,,,,,,,,,,,,,,,,,,TN
654,3b93c8502571e31ff0926a4911fae422c3c2118c,0.06322901257315366,autoland,4775609,12,d42f896683fcaa492a6c00f43ebeea3a7281573d,macosx1015-64-shippable-qr,True,False,,,102210fe594ee9b33d82058545b1ed14f4c8206e,custom.styleeditor.reload.DAMP,damp,True,damp custom.styleeditor.reload.DAMP opt e10s fission stylo webrender,4775519,77,ms,firefox,,1756581903,2023-09-14 15:44:34,1300523,,,,,,,,,,,,,,,,,,,,,,,,,,,,,,,,,,,,,,,,,,,,,,,,,TN
655,98de7bc404c3786a5459a205dea174bdf39d3dbf,0.15868662433950426,autoland,4775609,12,d42f896683fcaa492a6c00f43ebeea3a7281573d,macosx1015-64-shippable-qr,True,False,,,102210fe594ee9b33d82058545b1ed14f4c8206e,custom.styleeditor.reload.DAMP,damp,True,damp custom.styleeditor.reload.DAMP opt e10s fission stylo webrender,4775519,77,ms,firefox,,1756594568,2023-09-14 16:38:11,1300546,,,,,,,,,,,,,,,,,,,,,,,,,,,,,,,,,,,,,,,,,,,,,,,,,TN
656,cfbd0bd9bc623276a862481e44bd71e1d57e2eac,0.10482844603496722,autoland,4775609,12,d42f896683fcaa492a6c00f43ebeea3a7281573d,macosx1015-64-shippable-qr,True,False,,,102210fe594ee9b33d82058545b1ed14f4c8206e,custom.styleeditor.reload.DAMP,damp,True,damp custom.styleeditor.reload.DAMP opt e10s fission stylo webrender,4775519,77,ms,firefox,,1756800335,2023-09-15 00:53:43,1300850,,,,,,,,,,,,,,,,,,,,,,,,,,,,,,,,,,,,,,,,,,,,,,,,,TN
657,8f99acff4cbc8f25f158dc6ff079042f02768f05,0.10082423493037646,autoland,4775609,12,d42f896683fcaa492a6c00f43ebeea3a7281573d,macosx1015-64-shippable-qr,True,False,,,102210fe594ee9b33d82058545b1ed14f4c8206e,custom.styleeditor.reload.DAMP,damp,True,damp custom.styleeditor.reload.DAMP opt e10s fission stylo webrender,4775519,77,ms,firefox,,1756919048,2023-09-15 06:04:49,1300927,,,,,,,,,,,,,,,,,,,,,,,,,,,,,,,,,,,,,,,,,,,,,,,,,TN
658,0a032c6f1d5da0740059f67c499e0e9f7ab88650,0.13915128798772197,autoland,4775609,12,d42f896683fcaa492a6c00f43ebeea3a7281573d,macosx1015-64-shippable-qr,True,False,,,102210fe594ee9b33d82058545b1ed14f4c8206e,custom.styleeditor.reload.DAMP,damp,True,damp custom.styleeditor.reload.DAMP opt e10s fission stylo webrender,4775519,77,ms,firefox,,1756946084,2023-09-15 06:59:31,1300939,,,,,,,,,,,,,,,,,,,,,,,,,,,,,,,,,,,,,,,,,,,,,,,,,TN
659,079079610ac2a41dba72a91cbe2867519e2bc5bd,0.0788132089219345,autoland,4775609,12,d42f896683fcaa492a6c00f43ebeea3a7281573d,macosx1015-64-shippable-qr,True,False,,,102210fe594ee9b33d82058545b1ed14f4c8206e,custom.styleeditor.reload.DAMP,damp,True,damp custom.styleeditor.reload.DAMP opt e10s fission stylo webrender,4775519,77,ms,firefox,,1757198288,2023-09-15 14:51:55,1301175,,,,,,,,,,,,,,,,,,,,,,,,,,,,,,,,,,,,,,,,,,,,,,,,,TN
660,fec6b3b46bc6439ac98e03aa73938deaf6323f5c,0.12215585078708019,autoland,4775609,12,d42f896683fcaa492a6c00f43ebeea3a7281573d,macosx1015-64-shippable-qr,True,False,,,102210fe594ee9b33d82058545b1ed14f4c8206e,custom.styleeditor.reload.DAMP,damp,True,damp custom.styleeditor.reload.DAMP opt e10s fission stylo webrender,4775519,77,ms,firefox,,1757290437,2023-09-15 17:51:06,1301318,,,,,,,,,,,,,,,,,,,,,,,,,,,,,,,,,,,,,,,,,,,,,,,,,TN
661,99357ab2bb639918d2ea0e8f391494df18c24cb9,0.1356240519825226,autoland,4775609,12,d42f896683fcaa492a6c00f43ebeea3a7281573d,macosx1015-64-shippable-qr,True,False,,,102210fe594ee9b33d82058545b1ed14f4c8206e,custom.styleeditor.reload.DAMP,damp,True,damp custom.styleeditor.reload.DAMP opt e10s fission stylo webrender,4775519,77,ms,firefox,,1757338125,2023-09-15 20:04:54,1301421,,,,,,,,,,,,,,,,,,,,,,,,,,,,,,,,,,,,,,,,,,,,,,,,,TN
662,aa4e3903740dfa0ed175c6ff18e57b8fbe82afd7,0.06182475611787275,autoland,4775609,12,d42f896683fcaa492a6c00f43ebeea3a7281573d,macosx1015-64-shippable-qr,True,False,,,102210fe594ee9b33d82058545b1ed14f4c8206e,custom.styleeditor.reload.DAMP,damp,True,damp custom.styleeditor.reload.DAMP opt e10s fission stylo webrender,4775519,77,ms,firefox,,1757486790,2023-09-16 00:25:52,1301531,,,,,,,,,,,,,,,,,,,,,,,,,,,,,,,,,,,,,,,,,,,,,,,,,TN
663,69d0f600b52641dd114b02da128a162f86f09395,0.1186057993424332,autoland,4775609,12,d42f896683fcaa492a6c00f43ebeea3a7281573d,macosx1015-64-shippable-qr,True,False,,,102210fe594ee9b33d82058545b1ed14f4c8206e,custom.styleeditor.reload.DAMP,damp,True,damp custom.styleeditor.reload.DAMP opt e10s fission stylo webrender,4775519,77,ms,firefox,,1757465123,2023-09-16 00:35:43,1301538,,,,,,,,,,,,,,,,,,,,,,,,,,,,,,,,,,,,,,,,,,,,,,,,,TN
664,7fcd45f7f407a0c756c8b8292b1df8d8162cdce6,0.11134424899713263,autoland,4775609,12,d42f896683fcaa492a6c00f43ebeea3a7281573d,macosx1015-64-shippable-qr,True,False,,,102210fe594ee9b33d82058545b1ed14f4c8206e,custom.styleeditor.reload.DAMP,damp,True,damp custom.styleeditor.reload.DAMP opt e10s fission stylo webrender,4775519,77,ms,firefox,,1757557114,2023-09-16 05:54:34,1301559,,,,,,,,,,,,,,,,,,,,,,,,,,,,,,,,,,,,,,,,,,,,,,,,,TN
665,745d8130d1ac2d3e0ae51f2f22896853f0d34479,0.07103162573929167,autoland,4775609,12,d42f896683fcaa492a6c00f43ebeea3a7281573d,macosx1015-64-shippable-qr,True,False,,,102210fe594ee9b33d82058545b1ed14f4c8206e,custom.styleeditor.reload.DAMP,damp,True,damp custom.styleeditor.reload.DAMP opt e10s fission stylo webrender,4775519,77,ms,firefox,,1757639286,2023-09-16 12:53:39,1301583,,,,,,,,,,,,,,,,,,,,,,,,,,,,,,,,,,,,,,,,,,,,,,,,,TN
666,a7bddb715bd51687e4f52876beeb747f6a19cb0d,0.0792651267512744,autoland,4775609,12,d42f896683fcaa492a6c00f43ebeea3a7281573d,macosx1015-64-shippable-qr,True,False,,,102210fe594ee9b33d82058545b1ed14f4c8206e,custom.styleeditor.reload.DAMP,damp,True,damp custom.styleeditor.reload.DAMP opt e10s fission stylo webrender,4775519,77,ms,firefox,,1757679203,2023-09-16 18:13:35,1301606,,,,,,,,,,,,,,,,,,,,,,,,,,,,,,,,,,,,,,,,,,,,,,,,,TN
667,d1558269e35b364c189cb76982dfc3fdd465224b,0.11780213407154339,autoland,4775609,12,d42f896683fcaa492a6c00f43ebeea3a7281573d,macosx1015-64-shippable-qr,True,False,,,102210fe594ee9b33d82058545b1ed14f4c8206e,custom.styleeditor.reload.DAMP,damp,True,damp custom.styleeditor.reload.DAMP opt e10s fission stylo webrender,4775519,77,ms,firefox,,1757795603,2023-09-17 06:44:56,1301647,,,,,,,,,,,,,,,,,,,,,,,,,,,,,,,,,,,,,,,,,,,,,,,,,TN
668,16afd66ac7be7ee4ffc61599d0241c28d47c74c7,0.07986349475500798,autoland,4775609,12,d42f896683fcaa492a6c00f43ebeea3a7281573d,macosx1015-64-shippable-qr,True,False,,,102210fe594ee9b33d82058545b1ed14f4c8206e,custom.styleeditor.reload.DAMP,damp,True,damp custom.styleeditor.reload.DAMP opt e10s fission stylo webrender,4775519,77,ms,firefox,,1757875796,2023-09-17 09:36:28,1301654,,,,,,,,,,,,,,,,,,,,,,,,,,,,,,,,,,,,,,,,,,,,,,,,,TN
669,17a576f280a8e27d78d7247f1f451ca46a64d0f4,0.10963329618599232,autoland,4775609,12,d42f896683fcaa492a6c00f43ebeea3a7281573d,macosx1015-64-shippable-qr,True,False,,,102210fe594ee9b33d82058545b1ed14f4c8206e,custom.styleeditor.reload.DAMP,damp,True,damp custom.styleeditor.reload.DAMP opt e10s fission stylo webrender,4775519,77,ms,firefox,,1757909894,2023-09-17 14:36:55,1301663,,,,,,,,,,,,,,,,,,,,,,,,,,,,,,,,,,,,,,,,,,,,,,,,,TN
670,76aa4dfe7e88c5e43988e15fd032c3b9678cfebd,0.09665244767564601,autoland,4775609,12,d42f896683fcaa492a6c00f43ebeea3a7281573d,macosx1015-64-shippable-qr,True,False,,,102210fe594ee9b33d82058545b1ed14f4c8206e,custom.styleeditor.reload.DAMP,damp,True,damp custom.styleeditor.reload.DAMP opt e10s fission stylo webrender,4775519,77,ms,firefox,,1757954046,2023-09-17 18:44:53,1301677,,,,,,,,,,,,,,,,,,,,,,,,,,,,,,,,,,,,,,,,,,,,,,,,,TN
671,4333e71e3754938bc5beee5baabbfd6657869bc6,0.10727945032301867,autoland,4775609,12,d42f896683fcaa492a6c00f43ebeea3a7281573d,macosx1015-64-shippable-qr,True,False,,,102210fe594ee9b33d82058545b1ed14f4c8206e,custom.styleeditor.reload.DAMP,damp,True,damp custom.styleeditor.reload.DAMP opt e10s fission stylo webrender,4775519,77,ms,firefox,,1757999852,2023-09-17 22:46:46,1301700,,,,,,,,,,,,,,,,,,,,,,,,,,,,,,,,,,,,,,,,,,,,,,,,,TN
672,d395f485b3a2b96c9d6f47f5167308b763c1891b,0.08863534612092916,autoland,4775609,12,d42f896683fcaa492a6c00f43ebeea3a7281573d,macosx1015-64-shippable-qr,True,False,,,102210fe594ee9b33d82058545b1ed14f4c8206e,custom.styleeditor.reload.DAMP,damp,True,damp custom.styleeditor.reload.DAMP opt e10s fission stylo webrender,4775519,77,ms,firefox,,1758062591,2023-09-18 03:57:39,1301730,,,,,,,,,,,,,,,,,,,,,,,,,,,,,,,,,,,,,,,,,,,,,,,,,TN
673,11fb2a6e434951fbef0791563a159cbbdd42f4c8,0.06220984688103487,autoland,4775609,12,d42f896683fcaa492a6c00f43ebeea3a7281573d,macosx1015-64-shippable-qr,True,False,,,102210fe594ee9b33d82058545b1ed14f4c8206e,custom.styleeditor.reload.DAMP,damp,True,damp custom.styleeditor.reload.DAMP opt e10s fission stylo webrender,4775519,77,ms,firefox,,1758255181,2023-09-18 09:50:33,1301818,,,,,,,,,,,,,,,,,,,,,,,,,,,,,,,,,,,,,,,,,,,,,,,,,TN
674,7a51e2aa7d09aac78f5c93c25c65e83cb1272b7d,0.20207225373113208,autoland,4775609,12,d42f896683fcaa492a6c00f43ebeea3a7281573d,macosx1015-64-shippable-qr,True,False,,,102210fe594ee9b33d82058545b1ed14f4c8206e,custom.styleeditor.reload.DAMP,damp,True,damp custom.styleeditor.reload.DAMP opt e10s fission stylo webrender,4775519,77,ms,firefox,,1758398149,2023-09-18 14:45:06,1301994,,,,,,,,,,,,,,,,,,,,,,,,,,,,,,,,,,,,,,,,,,,,,,,,,TN
675,44aa0c56427a5e659c7bec91e3b608472cb6f763,0.03662086255917435,autoland,4775609,12,d42f896683fcaa492a6c00f43ebeea3a7281573d,macosx1015-64-shippable-qr,True,False,,,102210fe594ee9b33d82058545b1ed14f4c8206e,custom.styleeditor.reload.DAMP,damp,True,damp custom.styleeditor.reload.DAMP opt e10s fission stylo webrender,4775519,77,ms,firefox,,1758597039,2023-09-18 21:05:31,1302247,,,,,,,,,,,,,,,,,,,,,,,,,,,,,,,,,,,,,,,,,,,,,,,,,TN
676,3a523925f8ff99d5984169d7fbae7e4d1fc1cd18,0.1469785228933238,autoland,4775609,12,d42f896683fcaa492a6c00f43ebeea3a7281573d,macosx1015-64-shippable-qr,True,False,,,102210fe594ee9b33d82058545b1ed14f4c8206e,custom.styleeditor.reload.DAMP,damp,True,damp custom.styleeditor.reload.DAMP opt e10s fission stylo webrender,4775519,77,ms,firefox,,1758619591,2023-09-18 22:22:31,1302316,,,,,,,,,,,,,,,,,,,,,,,,,,,,,,,,,,,,,,,,,,,,,,,,,TN
677,b0769fdf63e5e9d7ac3ef647f895b15971a8dc99,0.09100431378118756,autoland,4775609,12,d42f896683fcaa492a6c00f43ebeea3a7281573d,macosx1015-64-shippable-qr,True,False,,,102210fe594ee9b33d82058545b1ed14f4c8206e,custom.styleeditor.reload.DAMP,damp,True,damp custom.styleeditor.reload.DAMP opt e10s fission stylo webrender,4775519,77,ms,firefox,,1758664721,2023-09-19 00:36:20,1302387,,,,,,,,,,,,,,,,,,,,,,,,,,,,,,,,,,,,,,,,,,,,,,,,,TN
678,6589c0d4d3d3aaed578f6d60cc1831f6cdf79b7c,0.07391858297313847,autoland,4775609,12,d42f896683fcaa492a6c00f43ebeea3a7281573d,macosx1015-64-shippable-qr,True,False,,,102210fe594ee9b33d82058545b1ed14f4c8206e,custom.styleeditor.reload.DAMP,damp,True,damp custom.styleeditor.reload.DAMP opt e10s fission stylo webrender,4775519,77,ms,firefox,,1758734841,2023-09-19 04:53:23,1302461,,,,,,,,,,,,,,,,,,,,,,,,,,,,,,,,,,,,,,,,,,,,,,,,,TN
679,0a60f8be5517ddc928471d4a378b46228773fbc5,0.06490896262813345,autoland,4775609,12,d42f896683fcaa492a6c00f43ebeea3a7281573d,macosx1015-64-shippable-qr,True,False,,,102210fe594ee9b33d82058545b1ed14f4c8206e,custom.styleeditor.reload.DAMP,damp,True,damp custom.styleeditor.reload.DAMP opt e10s fission stylo webrender,4775519,77,ms,firefox,,1758833125,2023-09-19 06:42:05,1302480,,,,,,,,,,,,,,,,,,,,,,,,,,,,,,,,,,,,,,,,,,,,,,,,,TN
680,f257c2f8440fe82c3833f2d719a2bf3420df9120,0.10013473791234295,autoland,4775609,12,d42f896683fcaa492a6c00f43ebeea3a7281573d,macosx1015-64-shippable-qr,True,False,,,102210fe594ee9b33d82058545b1ed14f4c8206e,custom.styleeditor.reload.DAMP,damp,True,damp custom.styleeditor.reload.DAMP opt e10s fission stylo webrender,4775519,77,ms,firefox,,1758918663,2023-09-19 10:00:51,1302573,,,,,,,,,,,,,,,,,,,,,,,,,,,,,,,,,,,,,,,,,,,,,,,,,TN
681,dd890d993c3039c40d9a50218bd3284a9810cc85,0.07113133646130992,autoland,4775609,12,d42f896683fcaa492a6c00f43ebeea3a7281573d,macosx1015-64-shippable-qr,True,False,,,102210fe594ee9b33d82058545b1ed14f4c8206e,custom.styleeditor.reload.DAMP,damp,True,damp custom.styleeditor.reload.DAMP opt e10s fission stylo webrender,4775519,77,ms,firefox,,1759047599,2023-09-19 13:32:40,1302692,,,,,,,,,,,,,,,,,,,,,,,,,,,,,,,,,,,,,,,,,,,,,,,,,TN
682,e9e7852ce74f241f2a4f0ffac475410d0ea9a8a4,0.14824397399752232,autoland,4775609,12,d42f896683fcaa492a6c00f43ebeea3a7281573d,macosx1015-64-shippable-qr,True,False,,,102210fe594ee9b33d82058545b1ed14f4c8206e,custom.styleeditor.reload.DAMP,damp,True,damp custom.styleeditor.reload.DAMP opt e10s fission stylo webrender,4775519,77,ms,firefox,,1759163186,2023-09-19 16:21:41,1302819,,,,,,,,,,,,,,,,,,,,,,,,,,,,,,,,,,,,,,,,,,,,,,,,,TN
683,f97675e331c2e3f8e3a7649cb722085b3360163c,0.08494324478689702,autoland,4775609,12,d42f896683fcaa492a6c00f43ebeea3a7281573d,macosx1015-64-shippable-qr,True,False,,,102210fe594ee9b33d82058545b1ed14f4c8206e,custom.styleeditor.reload.DAMP,damp,True,damp custom.styleeditor.reload.DAMP opt e10s fission stylo webrender,4775519,77,ms,firefox,,1759343712,2023-09-19 20:31:47,1303015,,,,,,,,,,,,,,,,,,,,,,,,,,,,,,,,,,,,,,,,,,,,,,,,,TN
684,abf74735208c16d3b467c2acb344f3030fc5aacb,0.1348376932926435,autoland,4775609,12,d42f896683fcaa492a6c00f43ebeea3a7281573d,macosx1015-64-shippable-qr,True,False,,,102210fe594ee9b33d82058545b1ed14f4c8206e,custom.styleeditor.reload.DAMP,damp,True,damp custom.styleeditor.reload.DAMP opt e10s fission stylo webrender,4775519,77,ms,firefox,,1759351909,2023-09-19 20:45:08,1303026,,,,,,,,,,,,,,,,,,,,,,,,,,,,,,,,,,,,,,,,,,,,,,,,,TN
685,71a9b5a8ec8503f993e8d7e8f1b2b98ff57ed283,0.07696654061330571,autoland,4775609,12,d42f896683fcaa492a6c00f43ebeea3a7281573d,macosx1015-64-shippable-qr,True,False,,,102210fe594ee9b33d82058545b1ed14f4c8206e,custom.styleeditor.reload.DAMP,damp,True,damp custom.styleeditor.reload.DAMP opt e10s fission stylo webrender,4775519,77,ms,firefox,,1759429010,2023-09-20 00:59:14,1303207,,,,,,,,,,,,,,,,,,,,,,,,,,,,,,,,,,,,,,,,,,,,,,,,,TN
686,71c800e8074fa9f5e246acbf09097a0f15d4eb09,0.07030819353881934,autoland,4775609,12,d42f896683fcaa492a6c00f43ebeea3a7281573d,macosx1015-64-shippable-qr,True,False,,,102210fe594ee9b33d82058545b1ed14f4c8206e,custom.styleeditor.reload.DAMP,damp,True,damp custom.styleeditor.reload.DAMP opt e10s fission stylo webrender,4775519,77,ms,firefox,,1759526834,2023-09-20 05:02:26,1303254,,,,,,,,,,,,,,,,,,,,,,,,,,,,,,,,,,,,,,,,,,,,,,,,,TN
687,2664490a1b4aeb2b2bd98c81ac43b68b1a24ea2f,0.07702192046581935,autoland,4775609,12,d42f896683fcaa492a6c00f43ebeea3a7281573d,macosx1015-64-shippable-qr,True,False,,,102210fe594ee9b33d82058545b1ed14f4c8206e,custom.styleeditor.reload.DAMP,damp,True,damp custom.styleeditor.reload.DAMP opt e10s fission stylo webrender,4775519,77,ms,firefox,,1759691127,2023-09-20 09:03:21,1303343,,,,,,,,,,,,,,,,,,,,,,,,,,,,,,,,,,,,,,,,,,,,,,,,,TN
688,e11a98968ec15b84dc772d997bc0789a0a078549,0.057556656267003015,autoland,4775609,12,d42f896683fcaa492a6c00f43ebeea3a7281573d,macosx1015-64-shippable-qr,True,False,,,102210fe594ee9b33d82058545b1ed14f4c8206e,custom.styleeditor.reload.DAMP,damp,True,damp custom.styleeditor.reload.DAMP opt e10s fission stylo webrender,4775519,77,ms,firefox,,1759710587,2023-09-20 10:40:44,1303401,,,,,,,,,,,,,,,,,,,,,,,,,,,,,,,,,,,,,,,,,,,,,,,,,TN
689,5baf76c5d8f19d35c8e7710816a726d92cfff8bb,0.07915168803956524,autoland,4775609,12,d42f896683fcaa492a6c00f43ebeea3a7281573d,macosx1015-64-shippable-qr,True,False,,,102210fe594ee9b33d82058545b1ed14f4c8206e,custom.styleeditor.reload.DAMP,damp,True,damp custom.styleeditor.reload.DAMP opt e10s fission stylo webrender,4775519,77,ms,firefox,,1759833072,2023-09-20 14:03:46,1303541,,,,,,,,,,,,,,,,,,,,,,,,,,,,,,,,,,,,,,,,,,,,,,,,,TN
690,07c4a658632d6c11d371f974b56a6365212bef62,0.07098011739163068,autoland,4775609,12,d42f896683fcaa492a6c00f43ebeea3a7281573d,macosx1015-64-shippable-qr,True,False,,,102210fe594ee9b33d82058545b1ed14f4c8206e,custom.styleeditor.reload.DAMP,damp,True,damp custom.styleeditor.reload.DAMP opt e10s fission stylo webrender,4775519,77,ms,firefox,,1760071427,2023-09-20 17:47:40,1303718,,,,,,,,,,,,,,,,,,,,,,,,,,,,,,,,,,,,,,,,,,,,,,,,,TN
691,137b5966e6ec0a63006a36cac0a3f1c4e3f5cefe,0.05229383693478157,autoland,4775609,12,d42f896683fcaa492a6c00f43ebeea3a7281573d,macosx1015-64-shippable-qr,True,False,,,102210fe594ee9b33d82058545b1ed14f4c8206e,custom.styleeditor.reload.DAMP,damp,True,damp custom.styleeditor.reload.DAMP opt e10s fission stylo webrender,4775519,77,ms,firefox,,1760111775,2023-09-20 21:06:43,1303845,,,,,,,,,,,,,,,,,,,,,,,,,,,,,,,,,,,,,,,,,,,,,,,,,TN
692,a94c799a5be0d573f8c654b43966b4b772ded228,0.07634765111079617,autoland,4775609,12,d42f896683fcaa492a6c00f43ebeea3a7281573d,macosx1015-64-shippable-qr,True,False,,,102210fe594ee9b33d82058545b1ed14f4c8206e,custom.styleeditor.reload.DAMP,damp,True,damp custom.styleeditor.reload.DAMP opt e10s fission stylo webrender,4775519,77,ms,firefox,,1760128710,2023-09-20 23:02:53,1303924,,,,,,,,,,,,,,,,,,,,,,,,,,,,,,,,,,,,,,,,,,,,,,,,,TN
693,7c6496f92bb0572d56513d645f3d6201f77a5653,0.049287230564501294,autoland,4775609,12,d42f896683fcaa492a6c00f43ebeea3a7281573d,macosx1015-64-shippable-qr,True,False,,,102210fe594ee9b33d82058545b1ed14f4c8206e,custom.styleeditor.reload.DAMP,damp,True,damp custom.styleeditor.reload.DAMP opt e10s fission stylo webrender,4775519,77,ms,firefox,,1760234546,2023-09-21 04:47:54,1304025,,,,,,,,,,,,,,,,,,,,,,,,,,,,,,,,,,,,,,,,,,,,,,,,,TN
694,e98350675c5a294fe5c7a4138a5b16c4f6992907,0.07019594951930475,autoland,4775609,12,d42f896683fcaa492a6c00f43ebeea3a7281573d,macosx1015-64-shippable-qr,True,False,,,102210fe594ee9b33d82058545b1ed14f4c8206e,custom.styleeditor.reload.DAMP,damp,True,damp custom.styleeditor.reload.DAMP opt e10s fission stylo webrender,4775519,77,ms,firefox,,1760368443,2023-09-21 08:45:10,1304121,,,,,,,,,,,,,,,,,,,,,,,,,,,,,,,,,,,,,,,,,,,,,,,,,TN
695,bd8d8c1ecad7cda50d42ce2dfde7fabc50a48948,0.11632336842692864,autoland,4775609,12,d42f896683fcaa492a6c00f43ebeea3a7281573d,macosx1015-64-shippable-qr,True,False,,,102210fe594ee9b33d82058545b1ed14f4c8206e,custom.styleeditor.reload.DAMP,damp,True,damp custom.styleeditor.reload.DAMP opt e10s fission stylo webrender,4775519,77,ms,firefox,,1760508366,2023-09-21 12:54:54,1304268,,,,,,,,,,,,,,,,,,,,,,,,,,,,,,,,,,,,,,,,,,,,,,,,,TN
696,6e82382700fc8345a06dc3efd346a25826fa1bf2,0.04211629416647711,autoland,4775609,12,d42f896683fcaa492a6c00f43ebeea3a7281573d,macosx1015-64-shippable-qr,True,False,,,102210fe594ee9b33d82058545b1ed14f4c8206e,custom.styleeditor.reload.DAMP,damp,True,damp custom.styleeditor.reload.DAMP opt e10s fission stylo webrender,4775519,77,ms,firefox,,1760539964,2023-09-21 14:02:07,1304316,,,,,,,,,,,,,,,,,,,,,,,,,,,,,,,,,,,,,,,,,,,,,,,,,TN
697,114bde678f299872db02fe1116ecfd3a7ada9381,0.07827095853975236,autoland,4775609,12,d42f896683fcaa492a6c00f43ebeea3a7281573d,macosx1015-64-shippable-qr,True,False,,,102210fe594ee9b33d82058545b1ed14f4c8206e,custom.styleeditor.reload.DAMP,damp,True,damp custom.styleeditor.reload.DAMP opt e10s fission stylo webrender,4775519,77,ms,firefox,,1760653401,2023-09-21 18:54:27,1304515,,,,,,,,,,,,,,,,,,,,,,,,,,,,,,,,,,,,,,,,,,,,,,,,,TN
698,86fd71ad69b346f713966a8f18ec97a5b99a0aee,0.07492057427931331,autoland,4775609,12,d42f896683fcaa492a6c00f43ebeea3a7281573d,macosx1015-64-shippable-qr,True,False,,,102210fe594ee9b33d82058545b1ed14f4c8206e,custom.styleeditor.reload.DAMP,damp,True,damp custom.styleeditor.reload.DAMP opt e10s fission stylo webrender,4775519,77,ms,firefox,,1760686846,2023-09-21 19:19:33,1304533,,,,,,,,,,,,,,,,,,,,,,,,,,,,,,,,,,,,,,,,,,,,,,,,,TN
699,efa8aa7a4f5484f349595a2c97ba6a2c6f214c66,0.10801140224762512,autoland,4775609,12,d42f896683fcaa492a6c00f43ebeea3a7281573d,macosx1015-64-shippable-qr,True,False,,,102210fe594ee9b33d82058545b1ed14f4c8206e,custom.styleeditor.reload.DAMP,damp,True,damp custom.styleeditor.reload.DAMP opt e10s fission stylo webrender,4775519,77,ms,firefox,,1760777237,2023-09-21 23:47:59,1304690,,,,,,,,,,,,,,,,,,,,,,,,,,,,,,,,,,,,,,,,,,,,,,,,,TN
700,2de4a198348cc150a0c3ce328c42beade9646190,0.07716628239721923,autoland,4775609,12,d42f896683fcaa492a6c00f43ebeea3a7281573d,macosx1015-64-shippable-qr,True,False,,,102210fe594ee9b33d82058545b1ed14f4c8206e,custom.styleeditor.reload.DAMP,damp,True,damp custom.styleeditor.reload.DAMP opt e10s fission stylo webrender,4775519,77,ms,firefox,,1760872486,2023-09-22 04:42:00,1304767,,,,,,,,,,,,,,,,,,,,,,,,,,,,,,,,,,,,,,,,,,,,,,,,,TN
701,6da1ce80e10cc6744801930434a44df21da87140,0.061606115927071714,autoland,4775609,12,d42f896683fcaa492a6c00f43ebeea3a7281573d,macosx1015-64-shippable-qr,True,False,,,102210fe594ee9b33d82058545b1ed14f4c8206e,custom.styleeditor.reload.DAMP,damp,True,damp custom.styleeditor.reload.DAMP opt e10s fission stylo webrender,4775519,77,ms,firefox,,1761034280,2023-09-22 11:33:15,1304916,,,,,,,,,,,,,,,,,,,,,,,,,,,,,,,,,,,,,,,,,,,,,,,,,TN
702,d244d17a8e9ac94aa05c3bf0c2659104c7b15f76,0.09397331971042144,autoland,4775609,12,d42f896683fcaa492a6c00f43ebeea3a7281573d,macosx1015-64-shippable-qr,True,False,,,102210fe594ee9b33d82058545b1ed14f4c8206e,custom.styleeditor.reload.DAMP,damp,True,damp custom.styleeditor.reload.DAMP opt e10s fission stylo webrender,4775519,77,ms,firefox,,1761112303,2023-09-22 15:35:17,1305037,,,,,,,,,,,,,,,,,,,,,,,,,,,,,,,,,,,,,,,,,,,,,,,,,TN
703,aee77156969b7d1f696e8952bc590e1449a16f85,0.060400638590519085,autoland,4775609,12,d42f896683fcaa492a6c00f43ebeea3a7281573d,macosx1015-64-shippable-qr,True,False,,,102210fe594ee9b33d82058545b1ed14f4c8206e,custom.styleeditor.reload.DAMP,damp,True,damp custom.styleeditor.reload.DAMP opt e10s fission stylo webrender,4775519,77,ms,firefox,,1761119289,2023-09-22 16:10:00,1305065,,,,,,,,,,,,,,,,,,,,,,,,,,,,,,,,,,,,,,,,,,,,,,,,,TN
704,80cfc74bb77e6c4abfd0d70c51b274e4b036a05b,0.0717335754213449,autoland,4775609,12,d42f896683fcaa492a6c00f43ebeea3a7281573d,macosx1015-64-shippable-qr,True,False,,,102210fe594ee9b33d82058545b1ed14f4c8206e,custom.styleeditor.reload.DAMP,damp,True,damp custom.styleeditor.reload.DAMP opt e10s fission stylo webrender,4775519,77,ms,firefox,,1761208825,2023-09-22 20:28:01,1305231,,,,,,,,,,,,,,,,,,,,,,,,,,,,,,,,,,,,,,,,,,,,,,,,,TN
705,5ce53217bf3e4d42db88aab74741654bfc634cc8,0.08488452220979015,autoland,4775609,12,d42f896683fcaa492a6c00f43ebeea3a7281573d,macosx1015-64-shippable-qr,True,False,,,102210fe594ee9b33d82058545b1ed14f4c8206e,custom.styleeditor.reload.DAMP,damp,True,damp custom.styleeditor.reload.DAMP opt e10s fission stylo webrender,4775519,77,ms,firefox,,1761332815,2023-09-23 00:28:09,1305322,,,,,,,,,,,,,,,,,,,,,,,,,,,,,,,,,,,,,,,,,,,,,,,,,TN
706,1d9627a1274de78256ecdee1e8058e6b32392404,0.08504850770103178,autoland,4775609,12,d42f896683fcaa492a6c00f43ebeea3a7281573d,macosx1015-64-shippable-qr,True,False,,,102210fe594ee9b33d82058545b1ed14f4c8206e,custom.styleeditor.reload.DAMP,damp,True,damp custom.styleeditor.reload.DAMP opt e10s fission stylo webrender,4775519,77,ms,firefox,,1761337218,2023-09-23 00:41:33,1305328,,,,,,,,,,,,,,,,,,,,,,,,,,,,,,,,,,,,,,,,,,,,,,,,,TN
707,e85748b0b9880ee586b2c155a4d84c1cdf3f31b4,0.08308454124346903,autoland,4775609,12,d42f896683fcaa492a6c00f43ebeea3a7281573d,macosx1015-64-shippable-qr,True,False,,,102210fe594ee9b33d82058545b1ed14f4c8206e,custom.styleeditor.reload.DAMP,damp,True,damp custom.styleeditor.reload.DAMP opt e10s fission stylo webrender,4775519,77,ms,firefox,,1761442322,2023-09-23 16:39:34,1305402,,,,,,,,,,,,,,,,,,,,,,,,,,,,,,,,,,,,,,,,,,,,,,,,,TN
708,f4a2f296a2ea585882f2a2a627c036538eb875b0,0.06883667613237504,autoland,4775609,12,d42f896683fcaa492a6c00f43ebeea3a7281573d,macosx1015-64-shippable-qr,True,False,,,102210fe594ee9b33d82058545b1ed14f4c8206e,custom.styleeditor.reload.DAMP,damp,True,damp custom.styleeditor.reload.DAMP opt e10s fission stylo webrender,4775519,77,ms,firefox,,1761474688,2023-09-23 21:16:13,1305420,,,,,,,,,,,,,,,,,,,,,,,,,,,,,,,,,,,,,,,,,,,,,,,,,TN
709,68035862c82691cc5ad039c1067c1fd24d048350,0.17349516047250318,autoland,4775609,12,d42f896683fcaa492a6c00f43ebeea3a7281573d,macosx1015-64-shippable-qr,True,False,,,102210fe594ee9b33d82058545b1ed14f4c8206e,custom.styleeditor.reload.DAMP,damp,True,damp custom.styleeditor.reload.DAMP opt e10s fission stylo webrender,4775519,77,ms,firefox,,1761667921,2023-09-25 06:00:52,1305598,,,,,,,,,,,,,,,,,,,,,,,,,,,,,,,,,,,,,,,,,,,,,,,,,TN
710,27778dad58d148bf24097e327e55eb3b8631b902,0.04445884256369326,autoland,4775609,12,d42f896683fcaa492a6c00f43ebeea3a7281573d,macosx1015-64-shippable-qr,True,False,,,102210fe594ee9b33d82058545b1ed14f4c8206e,custom.styleeditor.reload.DAMP,damp,True,damp custom.styleeditor.reload.DAMP opt e10s fission stylo webrender,4775519,77,ms,firefox,,1761714776,2023-09-25 08:45:06,1305656,,,,,,,,,,,,,,,,,,,,,,,,,,,,,,,,,,,,,,,,,,,,,,,,,TN
711,9a8976307af6049000ae1a1623fd71bd62850a10,0.021121293532042507,autoland,4775609,12,d42f896683fcaa492a6c00f43ebeea3a7281573d,macosx1015-64-shippable-qr,True,False,,,102210fe594ee9b33d82058545b1ed14f4c8206e,custom.styleeditor.reload.DAMP,damp,True,damp custom.styleeditor.reload.DAMP opt e10s fission stylo webrender,4775519,77,ms,firefox,,1761838151,2023-09-25 12:33:35,1305791,,,,,,,,,,,,,,,,,,,,,,,,,,,,,,,,,,,,,,,,,,,,,,,,,TN
712,6a7f708c3d0458c9b30efa2bdfde6e7812554d1e,0.08827972936867584,autoland,4775609,12,d42f896683fcaa492a6c00f43ebeea3a7281573d,macosx1015-64-shippable-qr,True,False,,,102210fe594ee9b33d82058545b1ed14f4c8206e,custom.styleeditor.reload.DAMP,damp,True,damp custom.styleeditor.reload.DAMP opt e10s fission stylo webrender,4775519,77,ms,firefox,,1762053477,2023-09-25 20:45:54,1306210,,,,,,,,,,,,,,,,,,,,,,,,,,,,,,,,,,,,,,,,,,,,,,,,,TN
713,844608487349450c789be0794a915bb90d90b133,0.09992862717938067,autoland,4775609,12,d42f896683fcaa492a6c00f43ebeea3a7281573d,macosx1015-64-shippable-qr,True,False,,,102210fe594ee9b33d82058545b1ed14f4c8206e,custom.styleeditor.reload.DAMP,damp,True,damp custom.styleeditor.reload.DAMP opt e10s fission stylo webrender,4775519,77,ms,firefox,,1762121825,2023-09-26 00:20:03,1306338,,,,,,,,,,,,,,,,,,,,,,,,,,,,,,,,,,,,,,,,,,,,,,,,,TN
714,5c61430973af5452b01293947d0f76b758b97c28,0.05104030203503995,autoland,4775609,12,d42f896683fcaa492a6c00f43ebeea3a7281573d,macosx1015-64-shippable-qr,True,False,,,102210fe594ee9b33d82058545b1ed14f4c8206e,custom.styleeditor.reload.DAMP,damp,True,damp custom.styleeditor.reload.DAMP opt e10s fission stylo webrender,4775519,77,ms,firefox,,1762204627,2023-09-26 05:18:37,1306392,,,,,,,,,,,,,,,,,,,,,,,,,,,,,,,,,,,,,,,,,,,,,,,,,TN
715,920e4f82b3485f132edc7f551ecd9334fa702021,0.07595540316501803,autoland,4775609,12,d42f896683fcaa492a6c00f43ebeea3a7281573d,macosx1015-64-shippable-qr,True,False,,,102210fe594ee9b33d82058545b1ed14f4c8206e,custom.styleeditor.reload.DAMP,damp,True,damp custom.styleeditor.reload.DAMP opt e10s fission stylo webrender,4775519,77,ms,firefox,,1762273321,2023-09-26 07:48:07,1306435,,,,,,,,,,,,,,,,,,,,,,,,,,,,,,,,,,,,,,,,,,,,,,,,,TN
716,e60c3407f3620f94624c0ac7484a7d1b257be989,0.09835176019151193,autoland,4775609,12,d42f896683fcaa492a6c00f43ebeea3a7281573d,macosx1015-64-shippable-qr,True,False,,,102210fe594ee9b33d82058545b1ed14f4c8206e,custom.styleeditor.reload.DAMP,damp,True,damp custom.styleeditor.reload.DAMP opt e10s fission stylo webrender,4775519,77,ms,firefox,,1762452993,2023-09-26 12:02:33,1306598,,,,,,,,,,,,,,,,,,,,,,,,,,,,,,,,,,,,,,,,,,,,,,,,,TN
717,f6c351ade4f28a1ce3843d0af7e5ec35b37a3576,0.19610357262102773,autoland,4775609,12,d42f896683fcaa492a6c00f43ebeea3a7281573d,macosx1015-64-shippable-qr,True,False,,,102210fe594ee9b33d82058545b1ed14f4c8206e,custom.styleeditor.reload.DAMP,damp,True,damp custom.styleeditor.reload.DAMP opt e10s fission stylo webrender,4775519,77,ms,firefox,,1762509697,2023-09-26 15:03:48,1306757,,,,,,,,,,,,,,,,,,,,,,,,,,,,,,,,,,,,,,,,,,,,,,,,,TN
718,7a98d860920f5f74014454ce20ec6739e8a16878,0.10357197651481592,autoland,4775609,12,d42f896683fcaa492a6c00f43ebeea3a7281573d,macosx1015-64-shippable-qr,True,False,,,102210fe594ee9b33d82058545b1ed14f4c8206e,custom.styleeditor.reload.DAMP,damp,True,damp custom.styleeditor.reload.DAMP opt e10s fission stylo webrender,4775519,77,ms,firefox,,1762679801,2023-09-26 21:35:50,1307018,,,,,,,,,,,,,,,,,,,,,,,,,,,,,,,,,,,,,,,,,,,,,,,,,TN
719,583cfd323dab818e35dc1f15fa3e92a503e56e11,0.08009023449809577,autoland,4775609,12,d42f896683fcaa492a6c00f43ebeea3a7281573d,macosx1015-64-shippable-qr,True,False,,,102210fe594ee9b33d82058545b1ed14f4c8206e,custom.styleeditor.reload.DAMP,damp,True,damp custom.styleeditor.reload.DAMP opt e10s fission stylo webrender,4775519,77,ms,firefox,,1762802159,2023-09-27 02:35:37,1307110,,,,,,,,,,,,,,,,,,,,,,,,,,,,,,,,,,,,,,,,,,,,,,,,,TN
720,82ae09837aed66d319e3280febbf971a401bd8a6,0.08585875749219868,autoland,4775609,12,d42f896683fcaa492a6c00f43ebeea3a7281573d,macosx1015-64-shippable-qr,True,False,,,102210fe594ee9b33d82058545b1ed14f4c8206e,custom.styleeditor.reload.DAMP,damp,True,damp custom.styleeditor.reload.DAMP opt e10s fission stylo webrender,4775519,77,ms,firefox,,1762876622,2023-09-27 06:23:31,1307163,,,,,,,,,,,,,,,,,,,,,,,,,,,,,,,,,,,,,,,,,,,,,,,,,TN
721,a1a8c2eeff55a4651fa01530fa3ec3ab3bec9b31,0.07627146507388405,autoland,4775609,12,d42f896683fcaa492a6c00f43ebeea3a7281573d,macosx1015-64-shippable-qr,True,False,,,102210fe594ee9b33d82058545b1ed14f4c8206e,custom.styleeditor.reload.DAMP,damp,True,damp custom.styleeditor.reload.DAMP opt e10s fission stylo webrender,4775519,77,ms,firefox,,1762991969,2023-09-27 10:25:54,1307283,,,,,,,,,,,,,,,,,,,,,,,,,,,,,,,,,,,,,,,,,,,,,,,,,TN
722,af764baf74a1dd0e0b863a8cf26c25266bdcbc14,0.07250891200609955,autoland,4775609,12,d42f896683fcaa492a6c00f43ebeea3a7281573d,macosx1015-64-shippable-qr,True,False,,,102210fe594ee9b33d82058545b1ed14f4c8206e,custom.styleeditor.reload.DAMP,damp,True,damp custom.styleeditor.reload.DAMP opt e10s fission stylo webrender,4775519,77,ms,firefox,,1763001061,2023-09-27 10:32:06,1307289,,,,,,,,,,,,,,,,,,,,,,,,,,,,,,,,,,,,,,,,,,,,,,,,,TN
723,42b4fa32b69deff886ea9bc4f4f7fb94391b751a,0.08465030329860934,autoland,4775609,12,d42f896683fcaa492a6c00f43ebeea3a7281573d,macosx1015-64-shippable-qr,True,False,,,102210fe594ee9b33d82058545b1ed14f4c8206e,custom.styleeditor.reload.DAMP,damp,True,damp custom.styleeditor.reload.DAMP opt e10s fission stylo webrender,4775519,77,ms,firefox,,1763307554,2023-09-27 14:48:02,1307439,,,,,,,,,,,,,,,,,,,,,,,,,,,,,,,,,,,,,,,,,,,,,,,,,TN
724,7768cf51f090145a9009fb37298f3c1da7d60a2f,0.1433869545235737,autoland,4775609,12,d42f896683fcaa492a6c00f43ebeea3a7281573d,macosx1015-64-shippable-qr,True,False,,,102210fe594ee9b33d82058545b1ed14f4c8206e,custom.styleeditor.reload.DAMP,damp,True,damp custom.styleeditor.reload.DAMP opt e10s fission stylo webrender,4775519,77,ms,firefox,,1763325709,2023-09-27 17:53:51,1307581,,,,,,,,,,,,,,,,,,,,,,,,,,,,,,,,,,,,,,,,,,,,,,,,,TN
725,d60788c1a5064d4f45dd33001554cde650df86be,0.10795066602722408,autoland,4775609,12,d42f896683fcaa492a6c00f43ebeea3a7281573d,macosx1015-64-shippable-qr,True,False,,,102210fe594ee9b33d82058545b1ed14f4c8206e,custom.styleeditor.reload.DAMP,damp,True,damp custom.styleeditor.reload.DAMP opt e10s fission stylo webrender,4775519,77,ms,firefox,,1763528713,2023-09-27 23:11:22,1307771,,,,,,,,,,,,,,,,,,,,,,,,,,,,,,,,,,,,,,,,,,,,,,,,,TN
726,d1fc71cc3817fe3529b10939ed53c1d395a346fa,0.06673103168687844,autoland,4775609,12,d42f896683fcaa492a6c00f43ebeea3a7281573d,macosx1015-64-shippable-qr,True,False,,,102210fe594ee9b33d82058545b1ed14f4c8206e,custom.styleeditor.reload.DAMP,damp,True,damp custom.styleeditor.reload.DAMP opt e10s fission stylo webrender,4775519,77,ms,firefox,,1763675538,2023-09-28 04:14:46,1307836,,,,,,,,,,,,,,,,,,,,,,,,,,,,,,,,,,,,,,,,,,,,,,,,,TN
727,d330b8e9f58e1065d1ca63ac5f284f7d1865e83c,0.08204993012306011,autoland,4775609,12,d42f896683fcaa492a6c00f43ebeea3a7281573d,macosx1015-64-shippable-qr,True,False,,,102210fe594ee9b33d82058545b1ed14f4c8206e,custom.styleeditor.reload.DAMP,damp,True,damp custom.styleeditor.reload.DAMP opt e10s fission stylo webrender,4775519,77,ms,firefox,,1763788113,2023-09-28 08:00:04,1307885,,,,,,,,,,,,,,,,,,,,,,,,,,,,,,,,,,,,,,,,,,,,,,,,,TN
728,a5fd40a8bf47afafdda240c7b8f1b1b911d2d937,0.1635958246554251,autoland,4775609,12,d42f896683fcaa492a6c00f43ebeea3a7281573d,macosx1015-64-shippable-qr,True,False,,,102210fe594ee9b33d82058545b1ed14f4c8206e,custom.styleeditor.reload.DAMP,damp,True,damp custom.styleeditor.reload.DAMP opt e10s fission stylo webrender,4775519,77,ms,firefox,,1763893359,2023-09-28 11:44:43,1308037,,,,,,,,,,,,,,,,,,,,,,,,,,,,,,,,,,,,,,,,,,,,,,,,,TN
729,0df79cc60ea0ef86258f3b33d533c75e91805d8b,0.07994423466454659,autoland,4775609,12,d42f896683fcaa492a6c00f43ebeea3a7281573d,macosx1015-64-shippable-qr,True,False,,,102210fe594ee9b33d82058545b1ed14f4c8206e,custom.styleeditor.reload.DAMP,damp,True,damp custom.styleeditor.reload.DAMP opt e10s fission stylo webrender,4775519,77,ms,firefox,,1764160598,2023-09-28 15:45:35,1308186,,,,,,,,,,,,,,,,,,,,,,,,,,,,,,,,,,,,,,,,,,,,,,,,,TN
730,a216736126b15f69ebee5d940a5c3394f95759cb,0.02233368779634126,autoland,4775609,12,d42f896683fcaa492a6c00f43ebeea3a7281573d,macosx1015-64-shippable-qr,True,False,,,102210fe594ee9b33d82058545b1ed14f4c8206e,custom.styleeditor.reload.DAMP,damp,True,damp custom.styleeditor.reload.DAMP opt e10s fission stylo webrender,4775519,77,ms,firefox,,1764214359,2023-09-28 16:38:20,1308227,,,,,,,,,,,,,,,,,,,,,,,,,,,,,,,,,,,,,,,,,,,,,,,,,TN
731,cd324cfaf45936b4670a6c0d15cbfe22d0e2f609,0.03444706361173716,autoland,4775609,12,d42f896683fcaa492a6c00f43ebeea3a7281573d,macosx1015-64-shippable-qr,True,False,,,102210fe594ee9b33d82058545b1ed14f4c8206e,custom.styleeditor.reload.DAMP,damp,True,damp custom.styleeditor.reload.DAMP opt e10s fission stylo webrender,4775519,77,ms,firefox,,1764286407,2023-09-28 19:24:36,1308380,,,,,,,,,,,,,,,,,,,,,,,,,,,,,,,,,,,,,,,,,,,,,,,,,TN
732,72bb9164219d9f54440ccfa7f55dc02f195190f9,0.09805512930938864,autoland,4775609,12,d42f896683fcaa492a6c00f43ebeea3a7281573d,macosx1015-64-shippable-qr,True,False,,,102210fe594ee9b33d82058545b1ed14f4c8206e,custom.styleeditor.reload.DAMP,damp,True,damp custom.styleeditor.reload.DAMP opt e10s fission stylo webrender,4775519,77,ms,firefox,,1764312390,2023-09-28 22:48:25,1308491,,,,,,,,,,,,,,,,,,,,,,,,,,,,,,,,,,,,,,,,,,,,,,,,,TN
733,4fd1c7c2dcf2973c3285d981e74b08dee641a0fc,0.08003994168668516,autoland,4775609,12,d42f896683fcaa492a6c00f43ebeea3a7281573d,macosx1015-64-shippable-qr,True,False,,,102210fe594ee9b33d82058545b1ed14f4c8206e,custom.styleeditor.reload.DAMP,damp,True,damp custom.styleeditor.reload.DAMP opt e10s fission stylo webrender,4775519,77,ms,firefox,,1764498685,2023-09-29 05:26:28,1308580,,,,,,,,,,,,,,,,,,,,,,,,,,,,,,,,,,,,,,,,,,,,,,,,,TN
734,6453cd78e4f187bc198e83900dd9937c3cc6d0fc,0.08442592441647767,autoland,4775609,12,d42f896683fcaa492a6c00f43ebeea3a7281573d,macosx1015-64-shippable-qr,True,False,,,102210fe594ee9b33d82058545b1ed14f4c8206e,custom.styleeditor.reload.DAMP,damp,True,damp custom.styleeditor.reload.DAMP opt e10s fission stylo webrender,4775519,77,ms,firefox,,1764622348,2023-09-29 09:03:41,1308650,,,,,,,,,,,,,,,,,,,,,,,,,,,,,,,,,,,,,,,,,,,,,,,,,TN
735,dfea5c2f2737b0334921941ecd0f5f235432942e,0.07263060660038034,autoland,4775609,12,d42f896683fcaa492a6c00f43ebeea3a7281573d,macosx1015-64-shippable-qr,True,False,,,102210fe594ee9b33d82058545b1ed14f4c8206e,custom.styleeditor.reload.DAMP,damp,True,damp custom.styleeditor.reload.DAMP opt e10s fission stylo webrender,4775519,77,ms,firefox,,1764763007,2023-09-29 13:06:51,1308761,,,,,,,,,,,,,,,,,,,,,,,,,,,,,,,,,,,,,,,,,,,,,,,,,TN
736,e2d3169fc579506294a164827b60ea38b9295bb1,0.061068400767609665,autoland,4775609,12,d42f896683fcaa492a6c00f43ebeea3a7281573d,macosx1015-64-shippable-qr,True,False,,,102210fe594ee9b33d82058545b1ed14f4c8206e,custom.styleeditor.reload.DAMP,damp,True,damp custom.styleeditor.reload.DAMP opt e10s fission stylo webrender,4775519,77,ms,firefox,,1764826987,2023-09-29 14:43:48,1308803,,,,,,,,,,,,,,,,,,,,,,,,,,,,,,,,,,,,,,,,,,,,,,,,,TN
737,c0cfc8c5836260ab8706d5b737a4f4f654da4610,0.02891561845251034,autoland,4775609,12,d42f896683fcaa492a6c00f43ebeea3a7281573d,macosx1015-64-shippable-qr,True,False,,,102210fe594ee9b33d82058545b1ed14f4c8206e,custom.styleeditor.reload.DAMP,damp,True,damp custom.styleeditor.reload.DAMP opt e10s fission stylo webrender,4775519,77,ms,firefox,,1765212781,2023-09-30 06:24:14,1309077,,,,,,,,,,,,,,,,,,,,,,,,,,,,,,,,,,,,,,,,,,,,,,,,,TN
738,0d5209658cf41a9d6d9f6c74890ecf69602525c4,0.08303178719058263,autoland,4775609,12,d42f896683fcaa492a6c00f43ebeea3a7281573d,macosx1015-64-shippable-qr,True,False,,,102210fe594ee9b33d82058545b1ed14f4c8206e,custom.styleeditor.reload.DAMP,damp,True,damp custom.styleeditor.reload.DAMP opt e10s fission stylo webrender,4775519,77,ms,firefox,,1765325504,2023-09-30 15:09:24,1309133,,,,,,,,,,,,,,,,,,,,,,,,,,,,,,,,,,,,,,,,,,,,,,,,,TN
739,8c9ba927121cd7f1cb5b31ffb86addc4c34b59a8,0.09680492287257464,autoland,4775609,12,d42f896683fcaa492a6c00f43ebeea3a7281573d,macosx1015-64-shippable-qr,True,False,,,102210fe594ee9b33d82058545b1ed14f4c8206e,custom.styleeditor.reload.DAMP,damp,True,damp custom.styleeditor.reload.DAMP opt e10s fission stylo webrender,4775519,77,ms,firefox,,1765347509,2023-09-30 15:56:32,1309136,,,,,,,,,,,,,,,,,,,,,,,,,,,,,,,,,,,,,,,,,,,,,,,,,TN
740,bacf4fcba00b9d708012b5c8144292e5362ed452,0.13688120387049973,autoland,4775609,12,d42f896683fcaa492a6c00f43ebeea3a7281573d,macosx1015-64-shippable-qr,True,False,,,102210fe594ee9b33d82058545b1ed14f4c8206e,custom.styleeditor.reload.DAMP,damp,True,damp custom.styleeditor.reload.DAMP opt e10s fission stylo webrender,4775519,77,ms,firefox,,1765378391,2023-09-30 20:01:07,1309152,,,,,,,,,,,,,,,,,,,,,,,,,,,,,,,,,,,,,,,,,,,,,,,,,TN
741,b781e655236dff9086d1be5c4b59b0263a9cee56,0.06460429417726771,autoland,4775609,12,d42f896683fcaa492a6c00f43ebeea3a7281573d,macosx1015-64-shippable-qr,True,False,,,102210fe594ee9b33d82058545b1ed14f4c8206e,custom.styleeditor.reload.DAMP,damp,True,damp custom.styleeditor.reload.DAMP opt e10s fission stylo webrender,4775519,77,ms,firefox,,1765430858,2023-10-01 02:27:22,1309171,,,,,,,,,,,,,,,,,,,,,,,,,,,,,,,,,,,,,,,,,,,,,,,,,TN
742,1abb269d873e8bda2c0fa1b4f26f481c89584ca6,0.06874449997968368,autoland,4775609,12,d42f896683fcaa492a6c00f43ebeea3a7281573d,macosx1015-64-shippable-qr,True,False,,,102210fe594ee9b33d82058545b1ed14f4c8206e,custom.styleeditor.reload.DAMP,damp,True,damp custom.styleeditor.reload.DAMP opt e10s fission stylo webrender,4775519,77,ms,firefox,,1765543780,2023-10-01 15:08:35,1309237,,,,,,,,,,,,,,,,,,,,,,,,,,,,,,,,,,,,,,,,,,,,,,,,,TN
743,72adc901a818435f7ba23e492963c7e1bf526be1,0.0552659020000969,autoland,4775609,12,d42f896683fcaa492a6c00f43ebeea3a7281573d,macosx1015-64-shippable-qr,True,False,,,102210fe594ee9b33d82058545b1ed14f4c8206e,custom.styleeditor.reload.DAMP,damp,True,damp custom.styleeditor.reload.DAMP opt e10s fission stylo webrender,4775519,77,ms,firefox,,1765606977,2023-10-01 19:57:41,1309256,,,,,,,,,,,,,,,,,,,,,,,,,,,,,,,,,,,,,,,,,,,,,,,,,TN
744,1c52958ae6ea59e32694986c0d6332b8171aca86,0.10900728186394937,autoland,4775609,12,d42f896683fcaa492a6c00f43ebeea3a7281573d,macosx1015-64-shippable-qr,True,False,,,102210fe594ee9b33d82058545b1ed14f4c8206e,custom.styleeditor.reload.DAMP,damp,True,damp custom.styleeditor.reload.DAMP opt e10s fission stylo webrender,4775519,77,ms,firefox,,1765590103,2023-10-01 20:03:17,1309258,,,,,,,,,,,,,,,,,,,,,,,,,,,,,,,,,,,,,,,,,,,,,,,,,TN
745,55fc90da3cff35171d66e3dcf280575bef8c17a6,0.0950230065518145,autoland,4775609,12,d42f896683fcaa492a6c00f43ebeea3a7281573d,macosx1015-64-shippable-qr,True,False,,,102210fe594ee9b33d82058545b1ed14f4c8206e,custom.styleeditor.reload.DAMP,damp,True,damp custom.styleeditor.reload.DAMP opt e10s fission stylo webrender,4775519,77,ms,firefox,,1765692859,2023-10-02 00:31:45,1309288,,,,,,,,,,,,,,,,,,,,,,,,,,,,,,,,,,,,,,,,,,,,,,,,,TN
746,318059aaa167779fcc844cbf085cb7ffacc47523,0.06459021458163205,autoland,4775609,12,d42f896683fcaa492a6c00f43ebeea3a7281573d,macosx1015-64-shippable-qr,True,False,,,102210fe594ee9b33d82058545b1ed14f4c8206e,custom.styleeditor.reload.DAMP,damp,True,damp custom.styleeditor.reload.DAMP opt e10s fission stylo webrender,4775519,77,ms,firefox,,1765857016,2023-10-02 11:08:53,1309454,,,,,,,,,,,,,,,,,,,,,,,,,,,,,,,,,,,,,,,,,,,,,,,,,TN
747,db33a2d0d6c36f0c15318f1c5ffaa7498a1ee4f3,0.10689540176149365,autoland,4775609,12,d42f896683fcaa492a6c00f43ebeea3a7281573d,macosx1015-64-shippable-qr,True,False,,,102210fe594ee9b33d82058545b1ed14f4c8206e,custom.styleeditor.reload.DAMP,damp,True,damp custom.styleeditor.reload.DAMP opt e10s fission stylo webrender,4775519,77,ms,firefox,,1766094347,2023-10-02 16:59:31,1309721,,,,,,,,,,,,,,,,,,,,,,,,,,,,,,,,,,,,,,,,,,,,,,,,,TN
748,0435b7e1340f2ced37216f0dd2fbf09a0a8f2cad,0.16592827082761163,autoland,4775609,12,d42f896683fcaa492a6c00f43ebeea3a7281573d,macosx1015-64-shippable-qr,True,False,,,102210fe594ee9b33d82058545b1ed14f4c8206e,custom.styleeditor.reload.DAMP,damp,True,damp custom.styleeditor.reload.DAMP opt e10s fission stylo webrender,4775519,77,ms,firefox,,1766183775,2023-10-02 20:46:43,1309872,,,,,,,,,,,,,,,,,,,,,,,,,,,,,,,,,,,,,,,,,,,,,,,,,TN
749,53af11a26cb69e0616d9f481f988276e0a6da93e,0.08270327152065005,autoland,4775609,12,d42f896683fcaa492a6c00f43ebeea3a7281573d,macosx1015-64-shippable-qr,True,False,,,102210fe594ee9b33d82058545b1ed14f4c8206e,custom.styleeditor.reload.DAMP,damp,True,damp custom.styleeditor.reload.DAMP opt e10s fission stylo webrender,4775519,77,ms,firefox,,1766387434,2023-10-03 05:01:50,1310080,,,,,,,,,,,,,,,,,,,,,,,,,,,,,,,,,,,,,,,,,,,,,,,,,TN
750,f003c74ca9f9399bc6db342491d997d682efc357,0.08399564104758489,autoland,4775609,12,d42f896683fcaa492a6c00f43ebeea3a7281573d,macosx1015-64-shippable-qr,True,False,,,102210fe594ee9b33d82058545b1ed14f4c8206e,custom.styleeditor.reload.DAMP,damp,True,damp custom.styleeditor.reload.DAMP opt e10s fission stylo webrender,4775519,77,ms,firefox,,1766736305,2023-10-03 11:04:59,1310236,,,,,,,,,,,,,,,,,,,,,,,,,,,,,,,,,,,,,,,,,,,,,,,,,TN
751,e17d7235b6833e36a524263990347804df15c7fb,0.10445757035365194,autoland,4775609,12,d42f896683fcaa492a6c00f43ebeea3a7281573d,macosx1015-64-shippable-qr,True,False,,,102210fe594ee9b33d82058545b1ed14f4c8206e,custom.styleeditor.reload.DAMP,damp,True,damp custom.styleeditor.reload.DAMP opt e10s fission stylo webrender,4775519,77,ms,firefox,,1766757912,2023-10-03 12:29:11,1310274,,,,,,,,,,,,,,,,,,,,,,,,,,,,,,,,,,,,,,,,,,,,,,,,,TN
752,b93578d846b3af884d0a623f8ce43e0183c8307f,0.08477097982644105,autoland,4775609,12,d42f896683fcaa492a6c00f43ebeea3a7281573d,macosx1015-64-shippable-qr,True,False,,,102210fe594ee9b33d82058545b1ed14f4c8206e,custom.styleeditor.reload.DAMP,damp,True,damp custom.styleeditor.reload.DAMP opt e10s fission stylo webrender,4775519,77,ms,firefox,,1767002595,2023-10-03 16:51:48,1310439,,,,,,,,,,,,,,,,,,,,,,,,,,,,,,,,,,,,,,,,,,,,,,,,,TN
753,422c0919f37048afb02dc4d87dfc018baa718a5b,0.18152494836382316,autoland,4775609,12,d42f896683fcaa492a6c00f43ebeea3a7281573d,macosx1015-64-shippable-qr,True,False,,,102210fe594ee9b33d82058545b1ed14f4c8206e,custom.styleeditor.reload.DAMP,damp,True,damp custom.styleeditor.reload.DAMP opt e10s fission stylo webrender,4775519,77,ms,firefox,,1767103315,2023-10-03 20:26:11,1310584,,,,,,,,,,,,,,,,,,,,,,,,,,,,,,,,,,,,,,,,,,,,,,,,,TN
754,3fb508020251d2cb191f2d62714da25ec3f35118,0.18077928216268396,autoland,4775609,12,d42f896683fcaa492a6c00f43ebeea3a7281573d,macosx1015-64-shippable-qr,True,False,,,102210fe594ee9b33d82058545b1ed14f4c8206e,custom.styleeditor.reload.DAMP,damp,True,damp custom.styleeditor.reload.DAMP opt e10s fission stylo webrender,4775519,77,ms,firefox,,1767129192,2023-10-04 00:09:44,1310704,,,,,,,,,,,,,,,,,,,,,,,,,,,,,,,,,,,,,,,,,,,,,,,,,TN
755,413c83e8ccdad48a5ea3e58243d8ec9bb8c317fd,0.07802759074374599,autoland,4775609,12,d42f896683fcaa492a6c00f43ebeea3a7281573d,macosx1015-64-shippable-qr,True,False,,,102210fe594ee9b33d82058545b1ed14f4c8206e,custom.styleeditor.reload.DAMP,damp,True,damp custom.styleeditor.reload.DAMP opt e10s fission stylo webrender,4775519,77,ms,firefox,,1767331843,2023-10-04 04:52:48,1310758,,,,,,,,,,,,,,,,,,,,,,,,,,,,,,,,,,,,,,,,,,,,,,,,,TN
756,ee60a98b1285e84f8466d929dd7197b4cb9e3beb,0.08287947819741748,autoland,4775609,12,d42f896683fcaa492a6c00f43ebeea3a7281573d,macosx1015-64-shippable-qr,True,False,,,102210fe594ee9b33d82058545b1ed14f4c8206e,custom.styleeditor.reload.DAMP,damp,True,damp custom.styleeditor.reload.DAMP opt e10s fission stylo webrender,4775519,77,ms,firefox,,1767388490,2023-10-04 07:37:17,1310806,,,,,,,,,,,,,,,,,,,,,,,,,,,,,,,,,,,,,,,,,,,,,,,,,TN
757,c559095402a2380ba171d9c60662e36c8d5e948d,0.08635400622599315,autoland,4775609,12,d42f896683fcaa492a6c00f43ebeea3a7281573d,macosx1015-64-shippable-qr,True,False,,,102210fe594ee9b33d82058545b1ed14f4c8206e,custom.styleeditor.reload.DAMP,damp,True,damp custom.styleeditor.reload.DAMP opt e10s fission stylo webrender,4775519,77,ms,firefox,,1767711995,2023-10-04 11:43:59,1310929,,,,,,,,,,,,,,,,,,,,,,,,,,,,,,,,,,,,,,,,,,,,,,,,,TN
758,764533656770292f05824c8125c45832ba08baa6,0.15704389569329374,autoland,4775609,12,d42f896683fcaa492a6c00f43ebeea3a7281573d,macosx1015-64-shippable-qr,True,False,,,102210fe594ee9b33d82058545b1ed14f4c8206e,custom.styleeditor.reload.DAMP,damp,True,damp custom.styleeditor.reload.DAMP opt e10s fission stylo webrender,4775519,77,ms,firefox,,1767706156,2023-10-04 13:35:26,1311025,,,,,,,,,,,,,,,,,,,,,,,,,,,,,,,,,,,,,,,,,,,,,,,,,TN
759,ce4c0f200f3bbd6681a6313aebf0d64f7ea8afe5,0.07333587596888941,autoland,4775609,12,d42f896683fcaa492a6c00f43ebeea3a7281573d,macosx1015-64-shippable-qr,True,False,,,102210fe594ee9b33d82058545b1ed14f4c8206e,custom.styleeditor.reload.DAMP,damp,True,damp custom.styleeditor.reload.DAMP opt e10s fission stylo webrender,4775519,77,ms,firefox,,1767829456,2023-10-04 16:58:39,1311191,,,,,,,,,,,,,,,,,,,,,,,,,,,,,,,,,,,,,,,,,,,,,,,,,TN
760,e557eb7d97ce665fd81c680ed136877f12572c13,0.07730752979132172,autoland,4775609,12,d42f896683fcaa492a6c00f43ebeea3a7281573d,macosx1015-64-shippable-qr,True,False,,,102210fe594ee9b33d82058545b1ed14f4c8206e,custom.styleeditor.reload.DAMP,damp,True,damp custom.styleeditor.reload.DAMP opt e10s fission stylo webrender,4775519,77,ms,firefox,,1767893607,2023-10-04 20:54:48,1311395,,,,,,,,,,,,,,,,,,,,,,,,,,,,,,,,,,,,,,,,,,,,,,,,,TN
761,59f4df7189285072039d3a68afd88090443edb71,0.10488459053434751,autoland,4775609,12,d42f896683fcaa492a6c00f43ebeea3a7281573d,macosx1015-64-shippable-qr,True,False,,,102210fe594ee9b33d82058545b1ed14f4c8206e,custom.styleeditor.reload.DAMP,damp,True,damp custom.styleeditor.reload.DAMP opt e10s fission stylo webrender,4775519,77,ms,firefox,,1767991553,2023-10-05 00:01:56,1311536,,,,,,,,,,,,,,,,,,,,,,,,,,,,,,,,,,,,,,,,,,,,,,,,,TN
762,c406ccc1889d7f77e187d219bc9800009e26c02e,0.12480711357164487,autoland,4775609,12,d42f896683fcaa492a6c00f43ebeea3a7281573d,macosx1015-64-shippable-qr,True,False,,,102210fe594ee9b33d82058545b1ed14f4c8206e,custom.styleeditor.reload.DAMP,damp,True,damp custom.styleeditor.reload.DAMP opt e10s fission stylo webrender,4775519,77,ms,firefox,,1768102963,2023-10-05 04:15:14,1311596,,,,,,,,,,,,,,,,,,,,,,,,,,,,,,,,,,,,,,,,,,,,,,,,,TN
763,526604ee2cd434fcf94020c1c8b6b96d253a6e83,0.07723806376089587,autoland,4775609,12,d42f896683fcaa492a6c00f43ebeea3a7281573d,macosx1015-64-shippable-qr,True,False,,,102210fe594ee9b33d82058545b1ed14f4c8206e,custom.styleeditor.reload.DAMP,damp,True,damp custom.styleeditor.reload.DAMP opt e10s fission stylo webrender,4775519,77,ms,firefox,,1768167513,2023-10-05 08:15:44,1311663,,,,,,,,,,,,,,,,,,,,,,,,,,,,,,,,,,,,,,,,,,,,,,,,,TN
764,352fa7471fb72db127fc25a7723d201abec7bd50,0.12809338542692444,autoland,4775609,12,d42f896683fcaa492a6c00f43ebeea3a7281573d,macosx1015-64-shippable-qr,True,False,,,102210fe594ee9b33d82058545b1ed14f4c8206e,custom.styleeditor.reload.DAMP,damp,True,damp custom.styleeditor.reload.DAMP opt e10s fission stylo webrender,4775519,77,ms,firefox,,1768174239,2023-10-05 08:43:24,1311677,,,,,,,,,,,,,,,,,,,,,,,,,,,,,,,,,,,,,,,,,,,,,,,,,TN
765,071a248f1589b12a9d492997caf012ac6a813d61,0.0777511341427467,autoland,4775609,12,d42f896683fcaa492a6c00f43ebeea3a7281573d,macosx1015-64-shippable-qr,True,False,,,102210fe594ee9b33d82058545b1ed14f4c8206e,custom.styleeditor.reload.DAMP,damp,True,damp custom.styleeditor.reload.DAMP opt e10s fission stylo webrender,4775519,77,ms,firefox,,1768389729,2023-10-05 13:03:19,1311840,,,,,,,,,,,,,,,,,,,,,,,,,,,,,,,,,,,,,,,,,,,,,,,,,TN
766,38a59b940c35dfab50ff2deda3fe6f27bfa99213,0.06488538363880814,autoland,4775609,12,d42f896683fcaa492a6c00f43ebeea3a7281573d,macosx1015-64-shippable-qr,True,False,,,102210fe594ee9b33d82058545b1ed14f4c8206e,custom.styleeditor.reload.DAMP,damp,True,damp custom.styleeditor.reload.DAMP opt e10s fission stylo webrender,4775519,77,ms,firefox,,1768411096,2023-10-05 14:07:33,1311899,,,,,,,,,,,,,,,,,,,,,,,,,,,,,,,,,,,,,,,,,,,,,,,,,TN
767,def7651a06fb17bb344eaf48cc6daa6047be722e,0.09641949805634936,autoland,4775609,12,d42f896683fcaa492a6c00f43ebeea3a7281573d,macosx1015-64-shippable-qr,True,False,,,102210fe594ee9b33d82058545b1ed14f4c8206e,custom.styleeditor.reload.DAMP,damp,True,damp custom.styleeditor.reload.DAMP opt e10s fission stylo webrender,4775519,77,ms,firefox,,1768675850,2023-10-05 17:18:24,1312069,,,,,,,,,,,,,,,,,,,,,,,,,,,,,,,,,,,,,,,,,,,,,,,,,TN
768,5cb270a4e6b6f0aa6cd6865b7f8daf75ad10263c,0.07171157619030416,autoland,4775609,12,d42f896683fcaa492a6c00f43ebeea3a7281573d,macosx1015-64-shippable-qr,True,False,,,102210fe594ee9b33d82058545b1ed14f4c8206e,custom.styleeditor.reload.DAMP,damp,True,damp custom.styleeditor.reload.DAMP opt e10s fission stylo webrender,4775519,77,ms,firefox,,1768789086,2023-10-05 19:49:01,1312160,,,,,,,,,,,,,,,,,,,,,,,,,,,,,,,,,,,,,,,,,,,,,,,,,TN
769,461a9c98a535b9896e9d394bdfee72ce90cf7afd,0.08285717672788678,autoland,4775609,12,d42f896683fcaa492a6c00f43ebeea3a7281573d,macosx1015-64-shippable-qr,True,False,,,102210fe594ee9b33d82058545b1ed14f4c8206e,custom.styleeditor.reload.DAMP,damp,True,damp custom.styleeditor.reload.DAMP opt e10s fission stylo webrender,4775519,77,ms,firefox,,1768952761,2023-10-06 01:08:36,1312319,,,,,,,,,,,,,,,,,,,,,,,,,,,,,,,,,,,,,,,,,,,,,,,,,TN
770,055e1badb79853e71fe9123f8e0c60a4381a1239,0.0,autoland,4775609,12,d42f896683fcaa492a6c00f43ebeea3a7281573d,macosx1015-64-shippable-qr,True,False,,,102210fe594ee9b33d82058545b1ed14f4c8206e,custom.styleeditor.reload.DAMP,damp,True,damp custom.styleeditor.reload.DAMP opt e10s fission stylo webrender,4775519,77,ms,firefox,,1768965008,2023-10-06 04:02:35,1312369,,,,,,,,,,,,,,,,,,,,,,,,,,,,,,,,,,,,,,,,,,,,,,,,,TN
771,00b027478170756439b780282f9cfdf15edea985,0.1307876993670976,autoland,4775609,12,d42f896683fcaa492a6c00f43ebeea3a7281573d,macosx1015-64-shippable-qr,True,False,,,102210fe594ee9b33d82058545b1ed14f4c8206e,custom.styleeditor.reload.DAMP,damp,True,damp custom.styleeditor.reload.DAMP opt e10s fission stylo webrender,4775519,77,ms,firefox,,1769061193,2023-10-06 08:43:18,1312452,,,,,,,,,,,,,,,,,,,,,,,,,,,,,,,,,,,,,,,,,,,,,,,,,TN
772,9b362770f30bc360df921ba24ace5de8c387e631,0.11810492436533804,autoland,4775609,12,d42f896683fcaa492a6c00f43ebeea3a7281573d,macosx1015-64-shippable-qr,True,False,,,102210fe594ee9b33d82058545b1ed14f4c8206e,custom.styleeditor.reload.DAMP,damp,True,damp custom.styleeditor.reload.DAMP opt e10s fission stylo webrender,4775519,77,ms,firefox,,1769240960,2023-10-06 12:06:22,1312537,,,,,,,,,,,,,,,,,,,,,,,,,,,,,,,,,,,,,,,,,,,,,,,,,TN
773,c561ffa6099b97fd965811d77fd98de66c44d32b,0.08969281820857694,autoland,4775609,12,d42f896683fcaa492a6c00f43ebeea3a7281573d,macosx1015-64-shippable-qr,True,False,,,102210fe594ee9b33d82058545b1ed14f4c8206e,custom.styleeditor.reload.DAMP,damp,True,damp custom.styleeditor.reload.DAMP opt e10s fission stylo webrender,4775519,77,ms,firefox,,1769451036,2023-10-06 19:00:40,1312844,,,,,,,,,,,,,,,,,,,,,,,,,,,,,,,,,,,,,,,,,,,,,,,,,TN
774,1d25ed23e85a3a9d0d9117997337757d0ff718a2,0.1066450649276855,autoland,4775609,12,d42f896683fcaa492a6c00f43ebeea3a7281573d,macosx1015-64-shippable-qr,True,False,,,102210fe594ee9b33d82058545b1ed14f4c8206e,custom.styleeditor.reload.DAMP,damp,True,damp custom.styleeditor.reload.DAMP opt e10s fission stylo webrender,4775519,77,ms,firefox,,1769553992,2023-10-06 23:09:23,1312997,,,,,,,,,,,,,,,,,,,,,,,,,,,,,,,,,,,,,,,,,,,,,,,,,TN
775,4db29be9ee2947a3d67a996fefc3ff1cb94a6fcc,0.0976732918609311,autoland,4775609,12,d42f896683fcaa492a6c00f43ebeea3a7281573d,macosx1015-64-shippable-qr,True,False,,,102210fe594ee9b33d82058545b1ed14f4c8206e,custom.styleeditor.reload.DAMP,damp,True,damp custom.styleeditor.reload.DAMP opt e10s fission stylo webrender,4775519,77,ms,firefox,,1769597194,2023-10-07 03:35:30,1313062,,,,,,,,,,,,,,,,,,,,,,,,,,,,,,,,,,,,,,,,,,,,,,,,,TN
776,c4c56469518a5ccc9349ed7d29a0d56eba776df6,0.14175631431932678,autoland,4775609,12,d42f896683fcaa492a6c00f43ebeea3a7281573d,macosx1015-64-shippable-qr,True,False,,,102210fe594ee9b33d82058545b1ed14f4c8206e,custom.styleeditor.reload.DAMP,damp,True,damp custom.styleeditor.reload.DAMP opt e10s fission stylo webrender,4775519,77,ms,firefox,,1769640336,2023-10-07 06:02:53,1313071,,,,,,,,,,,,,,,,,,,,,,,,,,,,,,,,,,,,,,,,,,,,,,,,,TN
777,ef73c2e8cd831f2a46ff5704623db63232fd912d,0.1754238697971358,autoland,4775609,12,d42f896683fcaa492a6c00f43ebeea3a7281573d,macosx1015-64-shippable-qr,True,False,,,102210fe594ee9b33d82058545b1ed14f4c8206e,custom.styleeditor.reload.DAMP,damp,True,damp custom.styleeditor.reload.DAMP opt e10s fission stylo webrender,4775519,77,ms,firefox,,1769780605,2023-10-07 13:52:35,1313122,,,,,,,,,,,,,,,,,,,,,,,,,,,,,,,,,,,,,,,,,,,,,,,,,TN
778,8db232d0f8c742a85eb803c996ef87edac9d5c81,0.1362956670145435,autoland,4775609,12,d42f896683fcaa492a6c00f43ebeea3a7281573d,macosx1015-64-shippable-qr,True,False,,,102210fe594ee9b33d82058545b1ed14f4c8206e,custom.styleeditor.reload.DAMP,damp,True,damp custom.styleeditor.reload.DAMP opt e10s fission stylo webrender,4775519,77,ms,firefox,,1769809050,2023-10-07 18:43:49,1313149,,,,,,,,,,,,,,,,,,,,,,,,,,,,,,,,,,,,,,,,,,,,,,,,,TN
779,fba49989dde6aa32244c622fd43abe19a32128ae,0.15601225429902804,autoland,4775609,12,d42f896683fcaa492a6c00f43ebeea3a7281573d,macosx1015-64-shippable-qr,True,False,,,102210fe594ee9b33d82058545b1ed14f4c8206e,custom.styleeditor.reload.DAMP,damp,True,damp custom.styleeditor.reload.DAMP opt e10s fission stylo webrender,4775519,77,ms,firefox,,1769874006,2023-10-07 23:15:17,1313184,,,,,,,,,,,,,,,,,,,,,,,,,,,,,,,,,,,,,,,,,,,,,,,,,TN
780,68e866f36130edd1c8de093ac6d8a0fb78006527,0.10118563535323016,autoland,4775609,12,d42f896683fcaa492a6c00f43ebeea3a7281573d,macosx1015-64-shippable-qr,True,False,,,102210fe594ee9b33d82058545b1ed14f4c8206e,custom.styleeditor.reload.DAMP,damp,True,damp custom.styleeditor.reload.DAMP opt e10s fission stylo webrender,4775519,77,ms,firefox,,1770003594,2023-10-08 08:55:12,1313211,,,,,,,,,,,,,,,,,,,,,,,,,,,,,,,,,,,,,,,,,,,,,,,,,TN
781,38314c6dc43eed509bfa7c922dbbc4147ac2ce34,0.0857460751994456,autoland,4775609,12,d42f896683fcaa492a6c00f43ebeea3a7281573d,macosx1015-64-shippable-qr,True,False,,,102210fe594ee9b33d82058545b1ed14f4c8206e,custom.styleeditor.reload.DAMP,damp,True,damp custom.styleeditor.reload.DAMP opt e10s fission stylo webrender,4775519,77,ms,firefox,,1770203684,2023-10-08 23:28:16,1313289,,,,,,,,,,,,,,,,,,,,,,,,,,,,,,,,,,,,,,,,,,,,,,,,,TN
782,d5fd5e481ff21f14c9771aa58f8fb378a8430cdf,0.10518757829793351,autoland,4775609,12,d42f896683fcaa492a6c00f43ebeea3a7281573d,macosx1015-64-shippable-qr,True,False,,,102210fe594ee9b33d82058545b1ed14f4c8206e,custom.styleeditor.reload.DAMP,damp,True,damp custom.styleeditor.reload.DAMP opt e10s fission stylo webrender,4775519,77,ms,firefox,,1770251815,2023-10-09 04:48:12,1313332,,,,,,,,,,,,,,,,,,,,,,,,,,,,,,,,,,,,,,,,,,,,,,,,,TN
783,77c18c08c9ff87c6ff0e5b546ac609296d5e04db,0.09320055736374572,autoland,4775609,12,d42f896683fcaa492a6c00f43ebeea3a7281573d,macosx1015-64-shippable-qr,True,False,,,102210fe594ee9b33d82058545b1ed14f4c8206e,custom.styleeditor.reload.DAMP,damp,True,damp custom.styleeditor.reload.DAMP opt e10s fission stylo webrender,4775519,77,ms,firefox,,1770329652,2023-10-09 08:48:33,1313413,,,,,,,,,,,,,,,,,,,,,,,,,,,,,,,,,,,,,,,,,,,,,,,,,TN
784,70c980c054e9a0693d3bee343b1235d47894163d,0.10891189627872655,autoland,4775609,12,d42f896683fcaa492a6c00f43ebeea3a7281573d,macosx1015-64-shippable-qr,True,False,,,102210fe594ee9b33d82058545b1ed14f4c8206e,custom.styleeditor.reload.DAMP,damp,True,damp custom.styleeditor.reload.DAMP opt e10s fission stylo webrender,4775519,77,ms,firefox,,1770439774,2023-10-09 11:45:29,1313495,,,,,,,,,,,,,,,,,,,,,,,,,,,,,,,,,,,,,,,,,,,,,,,,,TN
785,86e82f01df51429edbb4cfa27823d4d71e7844ab,0.06989875694536984,autoland,4775609,12,d42f896683fcaa492a6c00f43ebeea3a7281573d,macosx1015-64-shippable-qr,True,False,,,102210fe594ee9b33d82058545b1ed14f4c8206e,custom.styleeditor.reload.DAMP,damp,True,damp custom.styleeditor.reload.DAMP opt e10s fission stylo webrender,4775519,77,ms,firefox,,1770596656,2023-10-09 16:17:23,1313678,,,,,,,,,,,,,,,,,,,,,,,,,,,,,,,,,,,,,,,,,,,,,,,,,TN
786,9591bcc532c4599dba688d3555c6a0135139c39a,0.21660862493977784,autoland,4775609,12,d42f896683fcaa492a6c00f43ebeea3a7281573d,macosx1015-64-shippable-qr,True,False,,,102210fe594ee9b33d82058545b1ed14f4c8206e,custom.styleeditor.reload.DAMP,damp,True,damp custom.styleeditor.reload.DAMP opt e10s fission stylo webrender,4775519,77,ms,firefox,,1770613824,2023-10-09 16:47:54,1313694,,,,,,,,,,,,,,,,,,,,,,,,,,,,,,,,,,,,,,,,,,,,,,,,,TN
787,3d1ac3fb7670dd794589cae42735270de4266f4c,0.14918316113582492,autoland,4775609,12,d42f896683fcaa492a6c00f43ebeea3a7281573d,macosx1015-64-shippable-qr,True,False,,,102210fe594ee9b33d82058545b1ed14f4c8206e,custom.styleeditor.reload.DAMP,damp,True,damp custom.styleeditor.reload.DAMP opt e10s fission stylo webrender,4775519,77,ms,firefox,,1770742014,2023-10-09 21:45:38,1313856,,,,,,,,,,,,,,,,,,,,,,,,,,,,,,,,,,,,,,,,,,,,,,,,,TN
788,935a0ba75b642adf295d7792f8ad8129f87e4c03,0.06408211330750091,autoland,4775609,12,d42f896683fcaa492a6c00f43ebeea3a7281573d,macosx1015-64-shippable-qr,True,False,,,102210fe594ee9b33d82058545b1ed14f4c8206e,custom.styleeditor.reload.DAMP,damp,True,damp custom.styleeditor.reload.DAMP opt e10s fission stylo webrender,4775519,77,ms,firefox,,1770788554,2023-10-10 02:31:01,1313960,,,,,,,,,,,,,,,,,,,,,,,,,,,,,,,,,,,,,,,,,,,,,,,,,TN
789,de9287a68ed836a8fd2eb2ba90de0770a18c877a,0.14008565686328805,autoland,4775609,12,d42f896683fcaa492a6c00f43ebeea3a7281573d,macosx1015-64-shippable-qr,True,False,,,102210fe594ee9b33d82058545b1ed14f4c8206e,custom.styleeditor.reload.DAMP,damp,True,damp custom.styleeditor.reload.DAMP opt e10s fission stylo webrender,4775519,77,ms,firefox,,1770841142,2023-10-10 06:35:36,1314004,,,,,,,,,,,,,,,,,,,,,,,,,,,,,,,,,,,,,,,,,,,,,,,,,TN
790,bec78f6e89cdb3b51ac879af75533217f38970cf,0.10449180667751401,autoland,4775609,12,d42f896683fcaa492a6c00f43ebeea3a7281573d,macosx1015-64-shippable-qr,True,False,,,102210fe594ee9b33d82058545b1ed14f4c8206e,custom.styleeditor.reload.DAMP,damp,True,damp custom.styleeditor.reload.DAMP opt e10s fission stylo webrender,4775519,77,ms,firefox,,1770886302,2023-10-10 08:23:57,1314048,,,,,,,,,,,,,,,,,,,,,,,,,,,,,,,,,,,,,,,,,,,,,,,,,TN
791,7a4c861a2d10a6757c8844de9bd8f71c94cb6150,0.11896724090481331,autoland,4775609,12,d42f896683fcaa492a6c00f43ebeea3a7281573d,macosx1015-64-shippable-qr,True,False,,,102210fe594ee9b33d82058545b1ed14f4c8206e,custom.styleeditor.reload.DAMP,damp,True,damp custom.styleeditor.reload.DAMP opt e10s fission stylo webrender,4775519,77,ms,firefox,,1771031795,2023-10-10 12:59:15,1314216,,,,,,,,,,,,,,,,,,,,,,,,,,,,,,,,,,,,,,,,,,,,,,,,,TN
792,686073214e498a3ed6018f15d9cd093812f5ab6f,0.1111983895865109,autoland,4775609,12,d42f896683fcaa492a6c00f43ebeea3a7281573d,macosx1015-64-shippable-qr,True,False,,,102210fe594ee9b33d82058545b1ed14f4c8206e,custom.styleeditor.reload.DAMP,damp,True,damp custom.styleeditor.reload.DAMP opt e10s fission stylo webrender,4775519,77,ms,firefox,,1771118942,2023-10-10 15:20:47,1314341,,,,,,,,,,,,,,,,,,,,,,,,,,,,,,,,,,,,,,,,,,,,,,,,,TN
793,e746122083e758920b17ca0fd4726093187f3715,0.07443286779417702,autoland,4775609,12,d42f896683fcaa492a6c00f43ebeea3a7281573d,macosx1015-64-shippable-qr,True,False,,,102210fe594ee9b33d82058545b1ed14f4c8206e,custom.styleeditor.reload.DAMP,damp,True,damp custom.styleeditor.reload.DAMP opt e10s fission stylo webrender,4775519,77,ms,firefox,,1771294475,2023-10-10 18:56:17,1314490,,,,,,,,,,,,,,,,,,,,,,,,,,,,,,,,,,,,,,,,,,,,,,,,,TN
794,32a23612bb297f386b6239e7bff0be58b62b2f73,0.09108799983021054,autoland,4775609,12,d42f896683fcaa492a6c00f43ebeea3a7281573d,macosx1015-64-shippable-qr,True,False,,,102210fe594ee9b33d82058545b1ed14f4c8206e,custom.styleeditor.reload.DAMP,damp,True,damp custom.styleeditor.reload.DAMP opt e10s fission stylo webrender,4775519,77,ms,firefox,,1771365961,2023-10-10 21:46:34,1314585,,,,,,,,,,,,,,,,,,,,,,,,,,,,,,,,,,,,,,,,,,,,,,,,,TN
795,fb1c93363030ee78f4a3ea0da9854fb688a630b8,0.17090488403673587,autoland,4775609,12,d42f896683fcaa492a6c00f43ebeea3a7281573d,macosx1015-64-shippable-qr,True,False,,,102210fe594ee9b33d82058545b1ed14f4c8206e,custom.styleeditor.reload.DAMP,damp,True,damp custom.styleeditor.reload.DAMP opt e10s fission stylo webrender,4775519,77,ms,firefox,,1771456889,2023-10-11 04:35:52,1314760,,,,,,,,,,,,,,,,,,,,,,,,,,,,,,,,,,,,,,,,,,,,,,,,,TN
796,d677f2833f2cf056757a6a3cf8c2e8b4273fb788,0.07083704779026229,autoland,4775609,12,d42f896683fcaa492a6c00f43ebeea3a7281573d,macosx1015-64-shippable-qr,True,False,,,102210fe594ee9b33d82058545b1ed14f4c8206e,custom.styleeditor.reload.DAMP,damp,True,damp custom.styleeditor.reload.DAMP opt e10s fission stylo webrender,4775519,77,ms,firefox,,1771501746,2023-10-11 05:18:39,1314767,,,,,,,,,,,,,,,,,,,,,,,,,,,,,,,,,,,,,,,,,,,,,,,,,TN
797,2124c3eebcb12eb72e8ced7bfb3c8521a028af8d,0.05838063514490355,autoland,4775609,12,d42f896683fcaa492a6c00f43ebeea3a7281573d,macosx1015-64-shippable-qr,True,False,,,102210fe594ee9b33d82058545b1ed14f4c8206e,custom.styleeditor.reload.DAMP,damp,True,damp custom.styleeditor.reload.DAMP opt e10s fission stylo webrender,4775519,77,ms,firefox,,1771630359,2023-10-11 09:29:42,1314864,,,,,,,,,,,,,,,,,,,,,,,,,,,,,,,,,,,,,,,,,,,,,,,,,TN
798,e4751df31e7494090d14b0ab8ff52bab6c1391d7,0.08373156251089375,autoland,4775609,12,d42f896683fcaa492a6c00f43ebeea3a7281573d,macosx1015-64-shippable-qr,True,False,,,102210fe594ee9b33d82058545b1ed14f4c8206e,custom.styleeditor.reload.DAMP,damp,True,damp custom.styleeditor.reload.DAMP opt e10s fission stylo webrender,4775519,77,ms,firefox,,1771675583,2023-10-11 10:39:45,1314918,,,,,,,,,,,,,,,,,,,,,,,,,,,,,,,,,,,,,,,,,,,,,,,,,TN
799,2f6d9a971e1895c3186c6f2cdc2286c9f6e9694e,0.12453767153619466,autoland,4775609,12,d42f896683fcaa492a6c00f43ebeea3a7281573d,macosx1015-64-shippable-qr,True,False,,,102210fe594ee9b33d82058545b1ed14f4c8206e,custom.styleeditor.reload.DAMP,damp,True,damp custom.styleeditor.reload.DAMP opt e10s fission stylo webrender,4775519,77,ms,firefox,,1771767993,2023-10-11 14:42:40,1315015,,,,,,,,,,,,,,,,,,,,,,,,,,,,,,,,,,,,,,,,,,,,,,,,,TN
800,a710f6c3ab82ca81444f0478a4882217c3628bf0,0.09589980804850012,autoland,4775609,12,d42f896683fcaa492a6c00f43ebeea3a7281573d,macosx1015-64-shippable-qr,True,False,,,102210fe594ee9b33d82058545b1ed14f4c8206e,custom.styleeditor.reload.DAMP,damp,True,damp custom.styleeditor.reload.DAMP opt e10s fission stylo webrender,4775519,77,ms,firefox,,1771807736,2023-10-11 15:07:05,1315029,,,,,,,,,,,,,,,,,,,,,,,,,,,,,,,,,,,,,,,,,,,,,,,,,TN
801,be8d8e6ec4b7216d8dcb9b4ff8c8a413fc83da74,0.1277063824980127,autoland,4775609,12,d42f896683fcaa492a6c00f43ebeea3a7281573d,macosx1015-64-shippable-qr,True,False,,,102210fe594ee9b33d82058545b1ed14f4c8206e,custom.styleeditor.reload.DAMP,damp,True,damp custom.styleeditor.reload.DAMP opt e10s fission stylo webrender,4775519,77,ms,firefox,,1771824316,2023-10-11 17:21:18,1315168,,,,,,,,,,,,,,,,,,,,,,,,,,,,,,,,,,,,,,,,,,,,,,,,,TN
802,dfe9eba9757679d9dda934ba7dd5798a0c3360fe,0.07941926398555837,autoland,4775609,12,d42f896683fcaa492a6c00f43ebeea3a7281573d,macosx1015-64-shippable-qr,True,False,,,102210fe594ee9b33d82058545b1ed14f4c8206e,custom.styleeditor.reload.DAMP,damp,True,damp custom.styleeditor.reload.DAMP opt e10s fission stylo webrender,4775519,77,ms,firefox,,1772016917,2023-10-11 21:29:22,1315364,,,,,,,,,,,,,,,,,,,,,,,,,,,,,,,,,,,,,,,,,,,,,,,,,TN
803,2cbc64e7dbb0cd771d39710e5c3f2ed9a7e02b50,0.0982395178175694,autoland,4775609,12,d42f896683fcaa492a6c00f43ebeea3a7281573d,macosx1015-64-shippable-qr,True,False,,,102210fe594ee9b33d82058545b1ed14f4c8206e,custom.styleeditor.reload.DAMP,damp,True,damp custom.styleeditor.reload.DAMP opt e10s fission stylo webrender,4775519,77,ms,firefox,,1772021931,2023-10-11 21:41:54,1315372,,,,,,,,,,,,,,,,,,,,,,,,,,,,,,,,,,,,,,,,,,,,,,,,,TN
804,c77a5d731bccf47b2b9f0714e44d5943f903d95e,0.10506495340155403,autoland,4775609,12,d42f896683fcaa492a6c00f43ebeea3a7281573d,macosx1015-64-shippable-qr,True,False,,,102210fe594ee9b33d82058545b1ed14f4c8206e,custom.styleeditor.reload.DAMP,damp,True,damp custom.styleeditor.reload.DAMP opt e10s fission stylo webrender,4775519,77,ms,firefox,,1772137506,2023-10-12 04:10:05,1315494,,,,,,,,,,,,,,,,,,,,,,,,,,,,,,,,,,,,,,,,,,,,,,,,,TN
805,d64dc6406137711ffbc7f0bc42f6794a1c4ad236,0.09024300742461383,autoland,4775609,12,d42f896683fcaa492a6c00f43ebeea3a7281573d,macosx1015-64-shippable-qr,True,False,,,102210fe594ee9b33d82058545b1ed14f4c8206e,custom.styleeditor.reload.DAMP,damp,True,damp custom.styleeditor.reload.DAMP opt e10s fission stylo webrender,4775519,77,ms,firefox,,1772245008,2023-10-12 08:16:23,1315559,,,,,,,,,,,,,,,,,,,,,,,,,,,,,,,,,,,,,,,,,,,,,,,,,TN
806,6eb785f75431f10faa331dabd429029e6dd1224e,0.11812342838117429,autoland,4775609,12,d42f896683fcaa492a6c00f43ebeea3a7281573d,macosx1015-64-shippable-qr,True,False,,,102210fe594ee9b33d82058545b1ed14f4c8206e,custom.styleeditor.reload.DAMP,damp,True,damp custom.styleeditor.reload.DAMP opt e10s fission stylo webrender,4775519,77,ms,firefox,,1772348178,2023-10-12 09:32:06,1315613,,,,,,,,,,,,,,,,,,,,,,,,,,,,,,,,,,,,,,,,,,,,,,,,,TN
807,d3c6163a42b6002297fdb7cbb78395ee4495a357,0.1264588967559901,autoland,4775609,12,d42f896683fcaa492a6c00f43ebeea3a7281573d,macosx1015-64-shippable-qr,True,False,,,102210fe594ee9b33d82058545b1ed14f4c8206e,custom.styleeditor.reload.DAMP,damp,True,damp custom.styleeditor.reload.DAMP opt e10s fission stylo webrender,4775519,77,ms,firefox,,1772429134,2023-10-12 12:42:22,1315709,,,,,,,,,,,,,,,,,,,,,,,,,,,,,,,,,,,,,,,,,,,,,,,,,TN
808,c09a0d19d99b488a292e3583cd0bb488afc74173,0.10958453870214979,autoland,4775609,12,d42f896683fcaa492a6c00f43ebeea3a7281573d,macosx1015-64-shippable-qr,True,False,,,102210fe594ee9b33d82058545b1ed14f4c8206e,custom.styleeditor.reload.DAMP,damp,True,damp custom.styleeditor.reload.DAMP opt e10s fission stylo webrender,4775519,77,ms,firefox,,1772503625,2023-10-12 17:01:35,1315902,,,,,,,,,,,,,,,,,,,,,,,,,,,,,,,,,,,,,,,,,,,,,,,,,TN
809,a5369079cd89dd91a42689da9aad1fc607ef9146,0.1260535351709377,autoland,4775609,12,d42f896683fcaa492a6c00f43ebeea3a7281573d,macosx1015-64-shippable-qr,True,False,,,102210fe594ee9b33d82058545b1ed14f4c8206e,custom.styleeditor.reload.DAMP,damp,True,damp custom.styleeditor.reload.DAMP opt e10s fission stylo webrender,4775519,77,ms,firefox,,1772568656,2023-10-12 17:02:35,1315903,,,,,,,,,,,,,,,,,,,,,,,,,,,,,,,,,,,,,,,,,,,,,,,,,TN
810,b9478e8898d6397ccb0ca6d2f90b882083ef91d2,0.09815559754743969,autoland,4775609,12,d42f896683fcaa492a6c00f43ebeea3a7281573d,macosx1015-64-shippable-qr,True,False,,,102210fe594ee9b33d82058545b1ed14f4c8206e,custom.styleeditor.reload.DAMP,damp,True,damp custom.styleeditor.reload.DAMP opt e10s fission stylo webrender,4775519,77,ms,firefox,,1772594077,2023-10-12 19:48:41,1316052,,,,,,,,,,,,,,,,,,,,,,,,,,,,,,,,,,,,,,,,,,,,,,,,,TN
811,6769216667ff487b1442f654ee41dc5f12c23983,0.10293147394437852,autoland,4775609,12,d42f896683fcaa492a6c00f43ebeea3a7281573d,macosx1015-64-shippable-qr,True,False,,,102210fe594ee9b33d82058545b1ed14f4c8206e,custom.styleeditor.reload.DAMP,damp,True,damp custom.styleeditor.reload.DAMP opt e10s fission stylo webrender,4775519,77,ms,firefox,,1772717092,2023-10-12 23:58:41,1316211,,,,,,,,,,,,,,,,,,,,,,,,,,,,,,,,,,,,,,,,,,,,,,,,,TN
812,810153993fc0b06ce0eabae2602fc7f74ed9be18,0.13093791134086308,autoland,4775609,12,d42f896683fcaa492a6c00f43ebeea3a7281573d,macosx1015-64-shippable-qr,True,False,,,102210fe594ee9b33d82058545b1ed14f4c8206e,custom.styleeditor.reload.DAMP,damp,True,damp custom.styleeditor.reload.DAMP opt e10s fission stylo webrender,4775519,77,ms,firefox,,1772876890,2023-10-13 06:04:39,1316292,,,,,,,,,,,,,,,,,,,,,,,,,,,,,,,,,,,,,,,,,,,,,,,,,TN
813,930888998f68ddfb0f36d898e98305e459d7cbb2,0.1155156868400457,autoland,4775609,12,d42f896683fcaa492a6c00f43ebeea3a7281573d,macosx1015-64-shippable-qr,True,False,,,102210fe594ee9b33d82058545b1ed14f4c8206e,custom.styleeditor.reload.DAMP,damp,True,damp custom.styleeditor.reload.DAMP opt e10s fission stylo webrender,4775519,77,ms,firefox,,1772871123,2023-10-13 06:28:51,1316299,,,,,,,,,,,,,,,,,,,,,,,,,,,,,,,,,,,,,,,,,,,,,,,,,TN
814,0db2502d9e9503580a800e13235be8c02043bbc0,0.0630744315803956,autoland,4775609,12,d42f896683fcaa492a6c00f43ebeea3a7281573d,macosx1015-64-shippable-qr,True,False,,,102210fe594ee9b33d82058545b1ed14f4c8206e,custom.styleeditor.reload.DAMP,damp,True,damp custom.styleeditor.reload.DAMP opt e10s fission stylo webrender,4775519,77,ms,firefox,,1772988234,2023-10-13 10:45:16,1316413,,,,,,,,,,,,,,,,,,,,,,,,,,,,,,,,,,,,,,,,,,,,,,,,,TN
815,8246d773a07ce105d3a9f92b96007867c7df3cc4,0.058224149665784874,autoland,4775609,12,d42f896683fcaa492a6c00f43ebeea3a7281573d,macosx1015-64-shippable-qr,True,False,,,102210fe594ee9b33d82058545b1ed14f4c8206e,custom.styleeditor.reload.DAMP,damp,True,damp custom.styleeditor.reload.DAMP opt e10s fission stylo webrender,4775519,77,ms,firefox,,1773003412,2023-10-13 11:42:22,1316442,,,,,,,,,,,,,,,,,,,,,,,,,,,,,,,,,,,,,,,,,,,,,,,,,TN
816,8adc92d3a6a8eeeefd63f98296c29907c3838316,0.09275770394600524,autoland,4775609,12,d42f896683fcaa492a6c00f43ebeea3a7281573d,macosx1015-64-shippable-qr,True,False,,,102210fe594ee9b33d82058545b1ed14f4c8206e,custom.styleeditor.reload.DAMP,damp,True,damp custom.styleeditor.reload.DAMP opt e10s fission stylo webrender,4775519,77,ms,firefox,,1773112726,2023-10-13 15:49:30,1316607,,,,,,,,,,,,,,,,,,,,,,,,,,,,,,,,,,,,,,,,,,,,,,,,,TN
817,9ba44fb4eeafba4229fe28a6f3b42c79d8d05692,0.10268447709256068,autoland,4775609,12,d42f896683fcaa492a6c00f43ebeea3a7281573d,macosx1015-64-shippable-qr,True,False,,,102210fe594ee9b33d82058545b1ed14f4c8206e,custom.styleeditor.reload.DAMP,damp,True,damp custom.styleeditor.reload.DAMP opt e10s fission stylo webrender,4775519,77,ms,firefox,,1773214106,2023-10-13 16:11:23,1316611,,,,,,,,,,,,,,,,,,,,,,,,,,,,,,,,,,,,,,,,,,,,,,,,,TN
818,35e20e70da91e5ef4caee7c732541350343fe927,0.08368468976641674,autoland,4775609,12,d42f896683fcaa492a6c00f43ebeea3a7281573d,macosx1015-64-shippable-qr,True,False,,,102210fe594ee9b33d82058545b1ed14f4c8206e,custom.styleeditor.reload.DAMP,damp,True,damp custom.styleeditor.reload.DAMP opt e10s fission stylo webrender,4775519,77,ms,firefox,,1773242740,2023-10-13 20:17:54,1316790,,,,,,,,,,,,,,,,,,,,,,,,,,,,,,,,,,,,,,,,,,,,,,,,,TN
819,bcd044cb6c313be98b766d19688066871ddaa6b3,0.15304149472839285,autoland,4775609,12,d42f896683fcaa492a6c00f43ebeea3a7281573d,macosx1015-64-shippable-qr,True,False,,,102210fe594ee9b33d82058545b1ed14f4c8206e,custom.styleeditor.reload.DAMP,damp,True,damp custom.styleeditor.reload.DAMP opt e10s fission stylo webrender,4775519,77,ms,firefox,,1773322316,2023-10-14 00:40:19,1316857,,,,,,,,,,,,,,,,,,,,,,,,,,,,,,,,,,,,,,,,,,,,,,,,,TN
820,19db6b0f6713fdb1f311426a7899070e3ca19d6b,0.09572234085626241,autoland,4775609,12,d42f896683fcaa492a6c00f43ebeea3a7281573d,macosx1015-64-shippable-qr,True,False,,,102210fe594ee9b33d82058545b1ed14f4c8206e,custom.styleeditor.reload.DAMP,damp,True,damp custom.styleeditor.reload.DAMP opt e10s fission stylo webrender,4775519,77,ms,firefox,,1773368546,2023-10-14 05:14:50,1316873,,,,,,,,,,,,,,,,,,,,,,,,,,,,,,,,,,,,,,,,,,,,,,,,,TN
821,1e870b95242b07bc4961bf7558d0703dd03814b3,0.07466172156103468,autoland,4775609,12,d42f896683fcaa492a6c00f43ebeea3a7281573d,macosx1015-64-shippable-qr,True,False,,,102210fe594ee9b33d82058545b1ed14f4c8206e,custom.styleeditor.reload.DAMP,damp,True,damp custom.styleeditor.reload.DAMP opt e10s fission stylo webrender,4775519,77,ms,firefox,,1773423421,2023-10-14 09:25:57,1316895,,,,,,,,,,,,,,,,,,,,,,,,,,,,,,,,,,,,,,,,,,,,,,,,,TN
822,3f99c563251ec523301e9d46e6904989fc827306,0.07932703681982611,autoland,4775609,12,d42f896683fcaa492a6c00f43ebeea3a7281573d,macosx1015-64-shippable-qr,True,False,,,102210fe594ee9b33d82058545b1ed14f4c8206e,custom.styleeditor.reload.DAMP,damp,True,damp custom.styleeditor.reload.DAMP opt e10s fission stylo webrender,4775519,77,ms,firefox,,1773542528,2023-10-14 16:14:11,1316942,,,,,,,,,,,,,,,,,,,,,,,,,,,,,,,,,,,,,,,,,,,,,,,,,TN
823,468469f54da6070a84314dc3c4ddcdfaca74b714,0.1626259452273804,autoland,4775609,12,d42f896683fcaa492a6c00f43ebeea3a7281573d,macosx1015-64-shippable-qr,True,False,,,102210fe594ee9b33d82058545b1ed14f4c8206e,custom.styleeditor.reload.DAMP,damp,True,damp custom.styleeditor.reload.DAMP opt e10s fission stylo webrender,4775519,77,ms,firefox,,1773688576,2023-10-15 06:24:19,1316977,,,,,,,,,,,,,,,,,,,,,,,,,,,,,,,,,,,,,,,,,,,,,,,,,TN
824,91657cb1296c904004ace38877b9ca91f502be3f,0.18763980264206204,autoland,4775609,12,d42f896683fcaa492a6c00f43ebeea3a7281573d,macosx1015-64-shippable-qr,True,False,,,102210fe594ee9b33d82058545b1ed14f4c8206e,custom.styleeditor.reload.DAMP,damp,True,damp custom.styleeditor.reload.DAMP opt e10s fission stylo webrender,4775519,77,ms,firefox,,1773752124,2023-10-15 10:45:53,1317007,,,,,,,,,,,,,,,,,,,,,,,,,,,,,,,,,,,,,,,,,,,,,,,,,TN
825,aba20bc488e22880b8ef5a89916ecabb51cee798,0.08053107098139395,autoland,4775609,12,d42f896683fcaa492a6c00f43ebeea3a7281573d,macosx1015-64-shippable-qr,True,False,,,102210fe594ee9b33d82058545b1ed14f4c8206e,custom.styleeditor.reload.DAMP,damp,True,damp custom.styleeditor.reload.DAMP opt e10s fission stylo webrender,4775519,77,ms,firefox,,1773807857,2023-10-15 15:32:44,1317021,,,,,,,,,,,,,,,,,,,,,,,,,,,,,,,,,,,,,,,,,,,,,,,,,TN
826,f3de6f924333ec7c359d81d9fb16a9fca07ee42e,0.09885051346548801,autoland,4775609,12,d42f896683fcaa492a6c00f43ebeea3a7281573d,macosx1015-64-shippable-qr,True,False,,,102210fe594ee9b33d82058545b1ed14f4c8206e,custom.styleeditor.reload.DAMP,damp,True,damp custom.styleeditor.reload.DAMP opt e10s fission stylo webrender,4775519,77,ms,firefox,,1773906108,2023-10-16 01:55:37,1317071,,,,,,,,,,,,,,,,,,,,,,,,,,,,,,,,,,,,,,,,,,,,,,,,,TN
827,e891ad8158b3106dceb2199ed2c74c0c2f05fa88,0.13028112409555936,autoland,4775609,12,d42f896683fcaa492a6c00f43ebeea3a7281573d,macosx1015-64-shippable-qr,True,False,,,102210fe594ee9b33d82058545b1ed14f4c8206e,custom.styleeditor.reload.DAMP,damp,True,damp custom.styleeditor.reload.DAMP opt e10s fission stylo webrender,4775519,77,ms,firefox,,1773950845,2023-10-16 05:57:00,1317093,,,,,,,,,,,,,,,,,,,,,,,,,,,,,,,,,,,,,,,,,,,,,,,,,TN
828,e009aa26b6f79e7e5af18000b983f6decaa90eed,0.14418737306209728,autoland,4775609,12,d42f896683fcaa492a6c00f43ebeea3a7281573d,macosx1015-64-shippable-qr,True,False,,,102210fe594ee9b33d82058545b1ed14f4c8206e,custom.styleeditor.reload.DAMP,damp,True,damp custom.styleeditor.reload.DAMP opt e10s fission stylo webrender,4775519,77,ms,firefox,,1774109497,2023-10-16 10:06:37,1317197,,,,,,,,,,,,,,,,,,,,,,,,,,,,,,,,,,,,,,,,,,,,,,,,,TN
829,8cb2f63a1e705ad6bf77a8f6dcb151aa3b67d2e6,0.0832254935299293,autoland,4775609,12,d42f896683fcaa492a6c00f43ebeea3a7281573d,macosx1015-64-shippable-qr,True,False,,,102210fe594ee9b33d82058545b1ed14f4c8206e,custom.styleeditor.reload.DAMP,damp,True,damp custom.styleeditor.reload.DAMP opt e10s fission stylo webrender,4775519,77,ms,firefox,,1774136978,2023-10-16 11:25:28,1317241,,,,,,,,,,,,,,,,,,,,,,,,,,,,,,,,,,,,,,,,,,,,,,,,,TN
830,e0dd0b10e8fd0ea751f11fb0a6548ad9b6780e16,0.07977186493538796,autoland,4775609,12,d42f896683fcaa492a6c00f43ebeea3a7281573d,macosx1015-64-shippable-qr,True,False,,,102210fe594ee9b33d82058545b1ed14f4c8206e,custom.styleeditor.reload.DAMP,damp,True,damp custom.styleeditor.reload.DAMP opt e10s fission stylo webrender,4775519,77,ms,firefox,,1774250750,2023-10-16 15:34:18,1317419,,,,,,,,,,,,,,,,,,,,,,,,,,,,,,,,,,,,,,,,,,,,,,,,,TN
831,36e5163d2528daaa5669d0f9284470b070c8882e,0.09627704664510905,autoland,4775609,12,d42f896683fcaa492a6c00f43ebeea3a7281573d,macosx1015-64-shippable-qr,True,False,,,102210fe594ee9b33d82058545b1ed14f4c8206e,custom.styleeditor.reload.DAMP,damp,True,damp custom.styleeditor.reload.DAMP opt e10s fission stylo webrender,4775519,77,ms,firefox,,1774479753,2023-10-16 19:06:00,1317546,,,,,,,,,,,,,,,,,,,,,,,,,,,,,,,,,,,,,,,,,,,,,,,,,TN
832,e4bf7b3e037323072304a1b1327df57c4a54b560,0.11133585762834591,autoland,4775609,12,d42f896683fcaa492a6c00f43ebeea3a7281573d,macosx1015-64-shippable-qr,True,False,,,102210fe594ee9b33d82058545b1ed14f4c8206e,custom.styleeditor.reload.DAMP,damp,True,damp custom.styleeditor.reload.DAMP opt e10s fission stylo webrender,4775519,77,ms,firefox,,1774569148,2023-10-17 00:17:31,1317700,,,,,,,,,,,,,,,,,,,,,,,,,,,,,,,,,,,,,,,,,,,,,,,,,TN
833,896b283a3e7185d805f59d4dcb3d6bb89e9e62d8,0.20034156765475497,autoland,4775609,12,d42f896683fcaa492a6c00f43ebeea3a7281573d,macosx1015-64-shippable-qr,True,False,,,102210fe594ee9b33d82058545b1ed14f4c8206e,custom.styleeditor.reload.DAMP,damp,True,damp custom.styleeditor.reload.DAMP opt e10s fission stylo webrender,4775519,77,ms,firefox,,1774687627,2023-10-17 05:18:57,1317768,,,,,,,,,,,,,,,,,,,,,,,,,,,,,,,,,,,,,,,,,,,,,,,,,TN
834,ca60a5861d4a8bd5de1c8e5a9f76c9e35767c38c,0.11717750203796784,autoland,4775609,12,d42f896683fcaa492a6c00f43ebeea3a7281573d,macosx1015-64-shippable-qr,True,False,,,102210fe594ee9b33d82058545b1ed14f4c8206e,custom.styleeditor.reload.DAMP,damp,True,damp custom.styleeditor.reload.DAMP opt e10s fission stylo webrender,4775519,77,ms,firefox,,1774705116,2023-10-17 06:01:55,1317782,,,,,,,,,,,,,,,,,,,,,,,,,,,,,,,,,,,,,,,,,,,,,,,,,TN
835,d59eb47c0fe47f9dd6886090330bcd49c47262ce,0.06943961172190732,autoland,4775609,12,d42f896683fcaa492a6c00f43ebeea3a7281573d,macosx1015-64-shippable-qr,True,False,,,102210fe594ee9b33d82058545b1ed14f4c8206e,custom.styleeditor.reload.DAMP,damp,True,damp custom.styleeditor.reload.DAMP opt e10s fission stylo webrender,4775519,77,ms,firefox,,1774877375,2023-10-17 10:34:28,1317920,,,,,,,,,,,,,,,,,,,,,,,,,,,,,,,,,,,,,,,,,,,,,,,,,TN
836,9b7c81791d7f619271724e082934a933604e20da,0.11501917923633709,autoland,4775609,12,d42f896683fcaa492a6c00f43ebeea3a7281573d,macosx1015-64-shippable-qr,True,False,,,102210fe594ee9b33d82058545b1ed14f4c8206e,custom.styleeditor.reload.DAMP,damp,True,damp custom.styleeditor.reload.DAMP opt e10s fission stylo webrender,4775519,77,ms,firefox,,1775008382,2023-10-17 13:02:41,1318010,,,,,,,,,,,,,,,,,,,,,,,,,,,,,,,,,,,,,,,,,,,,,,,,,TN
837,684641630402200d14bf5126668b97a4f280fe59,0.18884239801684394,autoland,4775609,12,d42f896683fcaa492a6c00f43ebeea3a7281573d,macosx1015-64-shippable-qr,True,False,,,102210fe594ee9b33d82058545b1ed14f4c8206e,custom.styleeditor.reload.DAMP,damp,True,damp custom.styleeditor.reload.DAMP opt e10s fission stylo webrender,4775519,77,ms,firefox,,1775137095,2023-10-17 16:53:16,1318176,,,,,,,,,,,,,,,,,,,,,,,,,,,,,,,,,,,,,,,,,,,,,,,,,TN
838,421ffc7aa24ace087dc2a09680943f412adc38ff,0.19472279477458232,autoland,4775609,12,d42f896683fcaa492a6c00f43ebeea3a7281573d,macosx1015-64-shippable-qr,True,False,,,102210fe594ee9b33d82058545b1ed14f4c8206e,custom.styleeditor.reload.DAMP,damp,True,damp custom.styleeditor.reload.DAMP opt e10s fission stylo webrender,4775519,77,ms,firefox,,1775406004,2023-10-17 21:03:18,1318349,,,,,,,,,,,,,,,,,,,,,,,,,,,,,,,,,,,,,,,,,,,,,,,,,TN
839,4091bed4a0aae7772537e08e6cb49bf0bc7434c9,0.11199845597058433,autoland,4775609,12,d42f896683fcaa492a6c00f43ebeea3a7281573d,macosx1015-64-shippable-qr,True,False,,,102210fe594ee9b33d82058545b1ed14f4c8206e,custom.styleeditor.reload.DAMP,damp,True,damp custom.styleeditor.reload.DAMP opt e10s fission stylo webrender,4775519,77,ms,firefox,,1775380068,2023-10-17 21:04:13,1318350,,,,,,,,,,,,,,,,,,,,,,,,,,,,,,,,,,,,,,,,,,,,,,,,,TN
840,ba691c21c968a48e1bd212426fcc20fa5f4c276d,0.09983521409790963,autoland,4775609,12,d42f896683fcaa492a6c00f43ebeea3a7281573d,macosx1015-64-shippable-qr,True,False,,,102210fe594ee9b33d82058545b1ed14f4c8206e,custom.styleeditor.reload.DAMP,damp,True,damp custom.styleeditor.reload.DAMP opt e10s fission stylo webrender,4775519,77,ms,firefox,,1775545983,2023-10-18 01:40:11,1318466,,,,,,,,,,,,,,,,,,,,,,,,,,,,,,,,,,,,,,,,,,,,,,,,,TN
841,47d77a0e86e138652fedb38962b9709f9c0fb98d,0.11895372793775943,autoland,4775609,12,d42f896683fcaa492a6c00f43ebeea3a7281573d,macosx1015-64-shippable-qr,True,False,,,102210fe594ee9b33d82058545b1ed14f4c8206e,custom.styleeditor.reload.DAMP,damp,True,damp custom.styleeditor.reload.DAMP opt e10s fission stylo webrender,4775519,77,ms,firefox,,1775669979,2023-10-18 07:31:34,1318540,,,,,,,,,,,,,,,,,,,,,,,,,,,,,,,,,,,,,,,,,,,,,,,,,TN
842,639c0da2250e38bb3102b66c6105aaf808e2a817,0.07725701153522224,autoland,4775609,12,d42f896683fcaa492a6c00f43ebeea3a7281573d,macosx1015-64-shippable-qr,True,False,,,102210fe594ee9b33d82058545b1ed14f4c8206e,custom.styleeditor.reload.DAMP,damp,True,damp custom.styleeditor.reload.DAMP opt e10s fission stylo webrender,4775519,77,ms,firefox,,1775813494,2023-10-18 11:51:04,1318689,,,,,,,,,,,,,,,,,,,,,,,,,,,,,,,,,,,,,,,,,,,,,,,,,TN
843,023ae54874d34eb300cdfa9630da4455cb406ad3,0.08851205202139661,autoland,4775609,12,d42f896683fcaa492a6c00f43ebeea3a7281573d,macosx1015-64-shippable-qr,True,False,,,102210fe594ee9b33d82058545b1ed14f4c8206e,custom.styleeditor.reload.DAMP,damp,True,damp custom.styleeditor.reload.DAMP opt e10s fission stylo webrender,4775519,77,ms,firefox,,1776053379,2023-10-18 16:05:19,1318932,,,,,,,,,,,,,,,,,,,,,,,,,,,,,,,,,,,,,,,,,,,,,,,,,TN
844,361e571454e94ba0cfa1a86d2a7f63a24455581c,0.09143831177613082,autoland,4775609,12,d42f896683fcaa492a6c00f43ebeea3a7281573d,macosx1015-64-shippable-qr,True,False,,,102210fe594ee9b33d82058545b1ed14f4c8206e,custom.styleeditor.reload.DAMP,damp,True,damp custom.styleeditor.reload.DAMP opt e10s fission stylo webrender,4775519,77,ms,firefox,,1776094053,2023-10-18 16:32:33,1318947,,,,,,,,,,,,,,,,,,,,,,,,,,,,,,,,,,,,,,,,,,,,,,,,,TN
845,77f05957a4fc15dc053469145b93089adfec3484,0.10204109256033855,autoland,4775609,12,d42f896683fcaa492a6c00f43ebeea3a7281573d,macosx1015-64-shippable-qr,True,False,,,102210fe594ee9b33d82058545b1ed14f4c8206e,custom.styleeditor.reload.DAMP,damp,True,damp custom.styleeditor.reload.DAMP opt e10s fission stylo webrender,4775519,77,ms,firefox,,1776303409,2023-10-18 20:42:45,1319167,,,,,,,,,,,,,,,,,,,,,,,,,,,,,,,,,,,,,,,,,,,,,,,,,TN
846,e059b0995a2a62238ca266c3ed9955434ac43517,0.0890314392422305,autoland,4775609,12,d42f896683fcaa492a6c00f43ebeea3a7281573d,macosx1015-64-shippable-qr,True,False,,,102210fe594ee9b33d82058545b1ed14f4c8206e,custom.styleeditor.reload.DAMP,damp,True,damp custom.styleeditor.reload.DAMP opt e10s fission stylo webrender,4775519,77,ms,firefox,,1776290961,2023-10-18 20:46:18,1319169,,,,,,,,,,,,,,,,,,,,,,,,,,,,,,,,,,,,,,,,,,,,,,,,,TN
847,beb80bb8c90921077e9c1130ad5a8e925dc060b7,0.10146485982238418,autoland,4775609,12,d42f896683fcaa492a6c00f43ebeea3a7281573d,macosx1015-64-shippable-qr,True,False,,,102210fe594ee9b33d82058545b1ed14f4c8206e,custom.styleeditor.reload.DAMP,damp,True,damp custom.styleeditor.reload.DAMP opt e10s fission stylo webrender,4775519,77,ms,firefox,,1776441075,2023-10-18 23:25:14,1319276,,,,,,,,,,,,,,,,,,,,,,,,,,,,,,,,,,,,,,,,,,,,,,,,,TN
848,53cee944c60ac3c237a9aa2dacd19aa6bde80c2a,0.07234748758825821,autoland,4775609,12,d42f896683fcaa492a6c00f43ebeea3a7281573d,macosx1015-64-shippable-qr,True,False,,,102210fe594ee9b33d82058545b1ed14f4c8206e,custom.styleeditor.reload.DAMP,damp,True,damp custom.styleeditor.reload.DAMP opt e10s fission stylo webrender,4775519,77,ms,firefox,,1776640086,2023-10-19 04:23:12,1319373,,,,,,,,,,,,,,,,,,,,,,,,,,,,,,,,,,,,,,,,,,,,,,,,,TN
849,a9a0ca5dc9605973d81ded607dfccd4d0a08dc68,0.10917927749756517,autoland,4775609,12,d42f896683fcaa492a6c00f43ebeea3a7281573d,macosx1015-64-shippable-qr,True,False,,,102210fe594ee9b33d82058545b1ed14f4c8206e,custom.styleeditor.reload.DAMP,damp,True,damp custom.styleeditor.reload.DAMP opt e10s fission stylo webrender,4775519,77,ms,firefox,,1776716446,2023-10-19 08:39:29,1319455,,,,,,,,,,,,,,,,,,,,,,,,,,,,,,,,,,,,,,,,,,,,,,,,,TN
850,2981b7bbee06c518301e1542545e92b6d80a8d0b,0.1311104083283383,autoland,4775609,12,d42f896683fcaa492a6c00f43ebeea3a7281573d,macosx1015-64-shippable-qr,True,False,,,102210fe594ee9b33d82058545b1ed14f4c8206e,custom.styleeditor.reload.DAMP,damp,True,damp custom.styleeditor.reload.DAMP opt e10s fission stylo webrender,4775519,77,ms,firefox,,1776839700,2023-10-19 12:43:18,1319613,,,,,,,,,,,,,,,,,,,,,,,,,,,,,,,,,,,,,,,,,,,,,,,,,TN
851,8be39770f68cb52d1a2b14bdf31a34f5e54212e8,0.22376981071865548,autoland,4775609,12,d42f896683fcaa492a6c00f43ebeea3a7281573d,macosx1015-64-shippable-qr,True,False,,,102210fe594ee9b33d82058545b1ed14f4c8206e,custom.styleeditor.reload.DAMP,damp,True,damp custom.styleeditor.reload.DAMP opt e10s fission stylo webrender,4775519,77,ms,firefox,,1776847083,2023-10-19 12:48:25,1319617,,,,,,,,,,,,,,,,,,,,,,,,,,,,,,,,,,,,,,,,,,,,,,,,,TN
852,fafeb43eefd13b4df24d6526d729b15fb42b7d27,0.0990107322205756,autoland,4775609,12,d42f896683fcaa492a6c00f43ebeea3a7281573d,macosx1015-64-shippable-qr,True,False,,,102210fe594ee9b33d82058545b1ed14f4c8206e,custom.styleeditor.reload.DAMP,damp,True,damp custom.styleeditor.reload.DAMP opt e10s fission stylo webrender,4775519,77,ms,firefox,,1776940183,2023-10-19 17:06:19,1319833,,,,,,,,,,,,,,,,,,,,,,,,,,,,,,,,,,,,,,,,,,,,,,,,,TN
853,b557109f1b5dd0a5c7be013c630945f886e17708,0.16619695095879417,autoland,4775609,12,d42f896683fcaa492a6c00f43ebeea3a7281573d,macosx1015-64-shippable-qr,True,False,,,102210fe594ee9b33d82058545b1ed14f4c8206e,custom.styleeditor.reload.DAMP,damp,True,damp custom.styleeditor.reload.DAMP opt e10s fission stylo webrender,4775519,77,ms,firefox,,1777068521,2023-10-19 22:45:17,1320076,,,,,,,,,,,,,,,,,,,,,,,,,,,,,,,,,,,,,,,,,,,,,,,,,TN
854,0546c85daa8d8b6f7a8c5a842fdf1a990215e249,0.07084963978017667,autoland,4775609,12,d42f896683fcaa492a6c00f43ebeea3a7281573d,macosx1015-64-shippable-qr,True,False,,,102210fe594ee9b33d82058545b1ed14f4c8206e,custom.styleeditor.reload.DAMP,damp,True,damp custom.styleeditor.reload.DAMP opt e10s fission stylo webrender,4775519,77,ms,firefox,,1777079900,2023-10-19 22:59:16,1320081,,,,,,,,,,,,,,,,,,,,,,,,,,,,,,,,,,,,,,,,,,,,,,,,,TN
855,dc0d913ecc2486cafc7a005d2fe6705f2c7da222,0.0915506616613968,autoland,4775609,12,d42f896683fcaa492a6c00f43ebeea3a7281573d,macosx1015-64-shippable-qr,True,False,,,102210fe594ee9b33d82058545b1ed14f4c8206e,custom.styleeditor.reload.DAMP,damp,True,damp custom.styleeditor.reload.DAMP opt e10s fission stylo webrender,4775519,77,ms,firefox,,1777189460,2023-10-20 03:32:37,1320137,,,,,,,,,,,,,,,,,,,,,,,,,,,,,,,,,,,,,,,,,,,,,,,,,TN
856,5ebf0b67d0519897b95e84598900434fe92b7abb,0.10304696469627939,autoland,4775609,12,d42f896683fcaa492a6c00f43ebeea3a7281573d,macosx1015-64-shippable-qr,True,False,,,102210fe594ee9b33d82058545b1ed14f4c8206e,custom.styleeditor.reload.DAMP,damp,True,damp custom.styleeditor.reload.DAMP opt e10s fission stylo webrender,4775519,77,ms,firefox,,1777338612,2023-10-20 09:14:56,1320186,,,,,,,,,,,,,,,,,,,,,,,,,,,,,,,,,,,,,,,,,,,,,,,,,TN
857,dfa7f17930eb1b48ff7435494924a0711114e40a,0.08579584800710832,autoland,4775609,12,d42f896683fcaa492a6c00f43ebeea3a7281573d,macosx1015-64-shippable-qr,True,False,,,102210fe594ee9b33d82058545b1ed14f4c8206e,custom.styleeditor.reload.DAMP,damp,True,damp custom.styleeditor.reload.DAMP opt e10s fission stylo webrender,4775519,77,ms,firefox,,1777408801,2023-10-20 14:06:35,1320283,,,,,,,,,,,,,,,,,,,,,,,,,,,,,,,,,,,,,,,,,,,,,,,,,TN
858,8f4fc4b6cc05c16482986671d19d546faf6cb212,0.12189926568017162,autoland,4775609,12,d42f896683fcaa492a6c00f43ebeea3a7281573d,macosx1015-64-shippable-qr,True,False,,,102210fe594ee9b33d82058545b1ed14f4c8206e,custom.styleeditor.reload.DAMP,damp,True,damp custom.styleeditor.reload.DAMP opt e10s fission stylo webrender,4775519,77,ms,firefox,,1777424334,2023-10-20 15:24:34,1320314,,,,,,,,,,,,,,,,,,,,,,,,,,,,,,,,,,,,,,,,,,,,,,,,,TN
859,f4da998c2ad5be8d29b4e2523b56d9d5e2a58984,0.09728581829570437,autoland,4775609,12,d42f896683fcaa492a6c00f43ebeea3a7281573d,macosx1015-64-shippable-qr,True,False,,,102210fe594ee9b33d82058545b1ed14f4c8206e,custom.styleeditor.reload.DAMP,damp,True,damp custom.styleeditor.reload.DAMP opt e10s fission stylo webrender,4775519,77,ms,firefox,,1777534296,2023-10-20 21:24:05,1320380,,,,,,,,,,,,,,,,,,,,,,,,,,,,,,,,,,,,,,,,,,,,,,,,,TN
860,4124eee4f58ca46e13cb937c757a2fe1875120f0,0.09618341579833029,autoland,4775609,12,d42f896683fcaa492a6c00f43ebeea3a7281573d,macosx1015-64-shippable-qr,True,False,,,102210fe594ee9b33d82058545b1ed14f4c8206e,custom.styleeditor.reload.DAMP,damp,True,damp custom.styleeditor.reload.DAMP opt e10s fission stylo webrender,4775519,77,ms,firefox,,1777663787,2023-10-21 14:30:38,1320453,,,,,,,,,,,,,,,,,,,,,,,,,,,,,,,,,,,,,,,,,,,,,,,,,TN
861,529ec79bcdfd6a273fe6607c2a34bcc93c009ec5,0.10229715492084845,autoland,4775609,12,d42f896683fcaa492a6c00f43ebeea3a7281573d,macosx1015-64-shippable-qr,True,False,,,102210fe594ee9b33d82058545b1ed14f4c8206e,custom.styleeditor.reload.DAMP,damp,True,damp custom.styleeditor.reload.DAMP opt e10s fission stylo webrender,4775519,77,ms,firefox,,1777786926,2023-10-22 19:07:04,1320522,,,,,,,,,,,,,,,,,,,,,,,,,,,,,,,,,,,,,,,,,,,,,,,,,TN
862,52f2e6e80f6f7d8ab6eaaa36c4aa47c5be27a7a1,0.0478480707763147,autoland,4775609,12,d42f896683fcaa492a6c00f43ebeea3a7281573d,macosx1015-64-shippable-qr,True,False,,,102210fe594ee9b33d82058545b1ed14f4c8206e,custom.styleeditor.reload.DAMP,damp,True,damp custom.styleeditor.reload.DAMP opt e10s fission stylo webrender,4775519,77,ms,firefox,,1777876137,2023-10-22 21:46:31,1320539,,,,,,,,,,,,,,,,,,,,,,,,,,,,,,,,,,,,,,,,,,,,,,,,,TN
863,acba8a75249bc2b26b143d4d2830575cf0d7bcc2,0.09009282068307917,autoland,4775609,12,d42f896683fcaa492a6c00f43ebeea3a7281573d,macosx1015-64-shippable-qr,True,False,,,102210fe594ee9b33d82058545b1ed14f4c8206e,custom.styleeditor.reload.DAMP,damp,True,damp custom.styleeditor.reload.DAMP opt e10s fission stylo webrender,4775519,77,ms,firefox,,1778025037,2023-10-23 11:07:29,1320744,,,,,,,,,,,,,,,,,,,,,,,,,,,,,,,,,,,,,,,,,,,,,,,,,TN
864,818b5938920e6868a3f3b5a16b0c972bd8ec5cfc,0.22777535638986673,autoland,4775609,12,d42f896683fcaa492a6c00f43ebeea3a7281573d,macosx1015-64-shippable-qr,True,False,,,102210fe594ee9b33d82058545b1ed14f4c8206e,custom.styleeditor.reload.DAMP,damp,True,damp custom.styleeditor.reload.DAMP opt e10s fission stylo webrender,4775519,77,ms,firefox,,1778124366,2023-10-23 12:26:53,1320781,,,,,,,,,,,,,,,,,,,,,,,,,,,,,,,,,,,,,,,,,,,,,,,,,TN
865,f222bdcd6517e233cb62a3164afd50fd17a55e62,0.1902833542315343,autoland,4775609,12,d42f896683fcaa492a6c00f43ebeea3a7281573d,macosx1015-64-shippable-qr,True,False,,,102210fe594ee9b33d82058545b1ed14f4c8206e,custom.styleeditor.reload.DAMP,damp,True,damp custom.styleeditor.reload.DAMP opt e10s fission stylo webrender,4775519,77,ms,firefox,,1778300208,2023-10-23 15:48:05,1320978,,,,,,,,,,,,,,,,,,,,,,,,,,,,,,,,,,,,,,,,,,,,,,,,,TN
866,00c1813123fd4ca7ec1446ebdabe2848814e550e,0.16170420893273968,autoland,4775609,12,d42f896683fcaa492a6c00f43ebeea3a7281573d,macosx1015-64-shippable-qr,True,False,,,102210fe594ee9b33d82058545b1ed14f4c8206e,custom.styleeditor.reload.DAMP,damp,True,damp custom.styleeditor.reload.DAMP opt e10s fission stylo webrender,4775519,77,ms,firefox,,1778346074,2023-10-23 17:53:04,1321095,,,,,,,,,,,,,,,,,,,,,,,,,,,,,,,,,,,,,,,,,,,,,,,,,TN
867,0fdbf0a455f26afa0a7a0390d6a380e318fce9d4,0.23944837732884877,autoland,4775609,12,d42f896683fcaa492a6c00f43ebeea3a7281573d,macosx1015-64-shippable-qr,True,False,,,102210fe594ee9b33d82058545b1ed14f4c8206e,custom.styleeditor.reload.DAMP,damp,True,damp custom.styleeditor.reload.DAMP opt e10s fission stylo webrender,4775519,77,ms,firefox,,1778517392,2023-10-23 20:36:06,1321210,,,,,,,,,,,,,,,,,,,,,,,,,,,,,,,,,,,,,,,,,,,,,,,,,TN
868,ed9d130c38a8858740845db8ec5c8bb7e68cce65,0.13077128140010968,autoland,4775609,12,d42f896683fcaa492a6c00f43ebeea3a7281573d,macosx1015-64-shippable-qr,True,False,,,102210fe594ee9b33d82058545b1ed14f4c8206e,custom.styleeditor.reload.DAMP,damp,True,damp custom.styleeditor.reload.DAMP opt e10s fission stylo webrender,4775519,77,ms,firefox,,1778730948,2023-10-24 00:49:55,1321359,,,,,,,,,,,,,,,,,,,,,,,,,,,,,,,,,,,,,,,,,,,,,,,,,TN
869,bcdbc81d4adffb0c3b1e04e1854e43cf49314d92,0.15902288740734322,autoland,4775609,12,d42f896683fcaa492a6c00f43ebeea3a7281573d,macosx1015-64-shippable-qr,True,False,,,102210fe594ee9b33d82058545b1ed14f4c8206e,custom.styleeditor.reload.DAMP,damp,True,damp custom.styleeditor.reload.DAMP opt e10s fission stylo webrender,4775519,77,ms,firefox,,1778852664,2023-10-24 05:06:29,1321416,,,,,,,,,,,,,,,,,,,,,,,,,,,,,,,,,,,,,,,,,,,,,,,,,TN
870,36a87a6432703a1f3a1f2a92756c90146a19e5f2,0.08585084443909402,autoland,4775609,12,d42f896683fcaa492a6c00f43ebeea3a7281573d,macosx1015-64-shippable-qr,True,False,,,102210fe594ee9b33d82058545b1ed14f4c8206e,custom.styleeditor.reload.DAMP,damp,True,damp custom.styleeditor.reload.DAMP opt e10s fission stylo webrender,4775519,77,ms,firefox,,1778951824,2023-10-24 08:18:26,1321456,,,,,,,,,,,,,,,,,,,,,,,,,,,,,,,,,,,,,,,,,,,,,,,,,TN
871,ea758c7008d76a67d75d4874bb1a1a00838f4128,0.062284316576386445,autoland,4775609,12,d42f896683fcaa492a6c00f43ebeea3a7281573d,macosx1015-64-shippable-qr,True,False,,,102210fe594ee9b33d82058545b1ed14f4c8206e,custom.styleeditor.reload.DAMP,damp,True,damp custom.styleeditor.reload.DAMP opt e10s fission stylo webrender,4775519,77,ms,firefox,,1779202272,2023-10-24 12:23:09,1321565,,,,,,,,,,,,,,,,,,,,,,,,,,,,,,,,,,,,,,,,,,,,,,,,,TN
872,eccda51a6f68b20cfe9af1e94b9336b9856b103e,0.12732537606822092,autoland,4775609,12,d42f896683fcaa492a6c00f43ebeea3a7281573d,macosx1015-64-shippable-qr,True,False,,,102210fe594ee9b33d82058545b1ed14f4c8206e,custom.styleeditor.reload.DAMP,damp,True,damp custom.styleeditor.reload.DAMP opt e10s fission stylo webrender,4775519,77,ms,firefox,,1779519764,2023-10-24 13:48:19,1321616,,,,,,,,,,,,,,,,,,,,,,,,,,,,,,,,,,,,,,,,,,,,,,,,,TN
873,b2dec8a51f6e781be65a730cfde18a11c9569f94,0.10842382118335303,autoland,4775609,12,d42f896683fcaa492a6c00f43ebeea3a7281573d,macosx1015-64-shippable-qr,True,False,,,102210fe594ee9b33d82058545b1ed14f4c8206e,custom.styleeditor.reload.DAMP,damp,True,damp custom.styleeditor.reload.DAMP opt e10s fission stylo webrender,4775519,77,ms,firefox,,1779531657,2023-10-24 17:52:45,1321799,,,,,,,,,,,,,,,,,,,,,,,,,,,,,,,,,,,,,,,,,,,,,,,,,TN
874,27ee97bc90986bde66dfb122cc4c8a6a3730e4a3,0.08539933197134275,autoland,4775609,12,d42f896683fcaa492a6c00f43ebeea3a7281573d,macosx1015-64-shippable-qr,True,False,,,102210fe594ee9b33d82058545b1ed14f4c8206e,custom.styleeditor.reload.DAMP,damp,True,damp custom.styleeditor.reload.DAMP opt e10s fission stylo webrender,4775519,77,ms,firefox,,1779582848,2023-10-24 21:54:59,1321984,,,,,,,,,,,,,,,,,,,,,,,,,,,,,,,,,,,,,,,,,,,,,,,,,TN
875,edfb4ab939a51c9dc131c959da539ef71f17cf5f,0.07715458999189112,autoland,4775609,12,d42f896683fcaa492a6c00f43ebeea3a7281573d,macosx1015-64-shippable-qr,True,False,,,102210fe594ee9b33d82058545b1ed14f4c8206e,custom.styleeditor.reload.DAMP,damp,True,damp custom.styleeditor.reload.DAMP opt e10s fission stylo webrender,4775519,77,ms,firefox,,1779670039,2023-10-25 01:35:01,1322066,,,,,,,,,,,,,,,,,,,,,,,,,,,,,,,,,,,,,,,,,,,,,,,,,TN
876,c00936a538d944ced81780de7e2670806145f0ec,0.10657458576754691,autoland,4775609,12,d42f896683fcaa492a6c00f43ebeea3a7281573d,macosx1015-64-shippable-qr,True,False,,,102210fe594ee9b33d82058545b1ed14f4c8206e,custom.styleeditor.reload.DAMP,damp,True,damp custom.styleeditor.reload.DAMP opt e10s fission stylo webrender,4775519,77,ms,firefox,,1779737485,2023-10-25 05:46:17,1322115,,,,,,,,,,,,,,,,,,,,,,,,,,,,,,,,,,,,,,,,,,,,,,,,,TN
877,03d61eb955a9ac6e3374ca4c5504edc41cd1aa4a,0.09148611208007368,autoland,4775609,12,d42f896683fcaa492a6c00f43ebeea3a7281573d,macosx1015-64-shippable-qr,True,False,,,102210fe594ee9b33d82058545b1ed14f4c8206e,custom.styleeditor.reload.DAMP,damp,True,damp custom.styleeditor.reload.DAMP opt e10s fission stylo webrender,4775519,77,ms,firefox,,1779908673,2023-10-25 09:46:40,1322203,,,,,,,,,,,,,,,,,,,,,,,,,,,,,,,,,,,,,,,,,,,,,,,,,TN
878,44697a7ca8612ae5a4807f530347c3df1d2c191a,0.10577581994140145,autoland,4775609,12,d42f896683fcaa492a6c00f43ebeea3a7281573d,macosx1015-64-shippable-qr,True,False,,,102210fe594ee9b33d82058545b1ed14f4c8206e,custom.styleeditor.reload.DAMP,damp,True,damp custom.styleeditor.reload.DAMP opt e10s fission stylo webrender,4775519,77,ms,firefox,,1779976350,2023-10-25 12:40:12,1322280,,,,,,,,,,,,,,,,,,,,,,,,,,,,,,,,,,,,,,,,,,,,,,,,,TN
879,b8c2a1837c16c66a12ef79eaf5545e92ae448768,0.15958792141439382,autoland,4775609,12,d42f896683fcaa492a6c00f43ebeea3a7281573d,macosx1015-64-shippable-qr,True,False,,,102210fe594ee9b33d82058545b1ed14f4c8206e,custom.styleeditor.reload.DAMP,damp,True,damp custom.styleeditor.reload.DAMP opt e10s fission stylo webrender,4775519,77,ms,firefox,,1780178054,2023-10-25 16:42:09,1322418,,,,,,,,,,,,,,,,,,,,,,,,,,,,,,,,,,,,,,,,,,,,,,,,,TN
880,691148c77012c40658cd4a6e4ee3ca178d1c1ca8,0.13722981154246555,autoland,4775609,12,d42f896683fcaa492a6c00f43ebeea3a7281573d,macosx1015-64-shippable-qr,True,False,,,102210fe594ee9b33d82058545b1ed14f4c8206e,custom.styleeditor.reload.DAMP,damp,True,damp custom.styleeditor.reload.DAMP opt e10s fission stylo webrender,4775519,77,ms,firefox,,1780230376,2023-10-25 18:17:29,1322468,,,,,,,,,,,,,,,,,,,,,,,,,,,,,,,,,,,,,,,,,,,,,,,,,TN
881,e6a52d2c9941178fa5113e3c7af81f561078c5f5,0.10816320824138465,autoland,4775609,12,d42f896683fcaa492a6c00f43ebeea3a7281573d,macosx1015-64-shippable-qr,True,False,,,102210fe594ee9b33d82058545b1ed14f4c8206e,custom.styleeditor.reload.DAMP,damp,True,damp custom.styleeditor.reload.DAMP opt e10s fission stylo webrender,4775519,77,ms,firefox,,1780397224,2023-10-25 21:16:28,1322573,,,,,,,,,,,,,,,,,,,,,,,,,,,,,,,,,,,,,,,,,,,,,,,,,TN
882,68373a168c7ca93b1aa9bb3016a1ffa9ad6b7aac,0.09916483599468029,autoland,4775609,12,d42f896683fcaa492a6c00f43ebeea3a7281573d,macosx1015-64-shippable-qr,True,False,,,102210fe594ee9b33d82058545b1ed14f4c8206e,custom.styleeditor.reload.DAMP,damp,True,damp custom.styleeditor.reload.DAMP opt e10s fission stylo webrender,4775519,77,ms,firefox,,1780518001,2023-10-26 00:52:13,1322694,,,,,,,,,,,,,,,,,,,,,,,,,,,,,,,,,,,,,,,,,,,,,,,,,TN
883,62489b97d11d4bb88f1184670849ed8c9dc61708,0.10850716659700638,autoland,4775609,12,d42f896683fcaa492a6c00f43ebeea3a7281573d,macosx1015-64-shippable-qr,True,False,,,102210fe594ee9b33d82058545b1ed14f4c8206e,custom.styleeditor.reload.DAMP,damp,True,damp custom.styleeditor.reload.DAMP opt e10s fission stylo webrender,4775519,77,ms,firefox,,1780672604,2023-10-26 04:52:14,1322765,,,,,,,,,,,,,,,,,,,,,,,,,,,,,,,,,,,,,,,,,,,,,,,,,TN
884,8923dca93b808a23856287229fc8f1c0c1d1e20e,0.08076798316103789,autoland,4775609,12,d42f896683fcaa492a6c00f43ebeea3a7281573d,macosx1015-64-shippable-qr,True,False,,,102210fe594ee9b33d82058545b1ed14f4c8206e,custom.styleeditor.reload.DAMP,damp,True,damp custom.styleeditor.reload.DAMP opt e10s fission stylo webrender,4775519,77,ms,firefox,,1780861463,2023-10-26 09:06:19,1322848,,,,,,,,,,,,,,,,,,,,,,,,,,,,,,,,,,,,,,,,,,,,,,,,,TN
885,4d2c1911361bbc41f63b4e807070a3d83596b70c,0.10134585520538042,autoland,4775609,12,d42f896683fcaa492a6c00f43ebeea3a7281573d,macosx1015-64-shippable-qr,True,False,,,102210fe594ee9b33d82058545b1ed14f4c8206e,custom.styleeditor.reload.DAMP,damp,True,damp custom.styleeditor.reload.DAMP opt e10s fission stylo webrender,4775519,77,ms,firefox,,1780892733,2023-10-26 09:07:41,1322851,,,,,,,,,,,,,,,,,,,,,,,,,,,,,,,,,,,,,,,,,,,,,,,,,TN
886,db6b75385ffe5e764d60c5842add31b3a90c0587,0.08710775058689574,autoland,4775609,12,d42f896683fcaa492a6c00f43ebeea3a7281573d,macosx1015-64-shippable-qr,True,False,,,102210fe594ee9b33d82058545b1ed14f4c8206e,custom.styleeditor.reload.DAMP,damp,True,damp custom.styleeditor.reload.DAMP opt e10s fission stylo webrender,4775519,77,ms,firefox,,1780991604,2023-10-26 13:14:16,1322985,,,,,,,,,,,,,,,,,,,,,,,,,,,,,,,,,,,,,,,,,,,,,,,,,TN
887,630864299a197bf416ac18d405063b7ec40c3644,0.10820979520318463,autoland,4775609,12,d42f896683fcaa492a6c00f43ebeea3a7281573d,macosx1015-64-shippable-qr,True,False,,,102210fe594ee9b33d82058545b1ed14f4c8206e,custom.styleeditor.reload.DAMP,damp,True,damp custom.styleeditor.reload.DAMP opt e10s fission stylo webrender,4775519,77,ms,firefox,,1781009860,2023-10-26 13:50:58,1323009,,,,,,,,,,,,,,,,,,,,,,,,,,,,,,,,,,,,,,,,,,,,,,,,,TN
888,945d53ccf09fe8c263a6a24db6604162a4707ff9,0.0941455961899601,autoland,4775609,12,d42f896683fcaa492a6c00f43ebeea3a7281573d,macosx1015-64-shippable-qr,True,False,,,102210fe594ee9b33d82058545b1ed14f4c8206e,custom.styleeditor.reload.DAMP,damp,True,damp custom.styleeditor.reload.DAMP opt e10s fission stylo webrender,4775519,77,ms,firefox,,1781372944,2023-10-26 17:52:00,1323156,,,,,,,,,,,,,,,,,,,,,,,,,,,,,,,,,,,,,,,,,,,,,,,,,TN
889,a1dbe7d2099563e23614b7c0d0b0f6923ab447f7,0.10850851487678914,autoland,4775609,12,d42f896683fcaa492a6c00f43ebeea3a7281573d,macosx1015-64-shippable-qr,True,False,,,102210fe594ee9b33d82058545b1ed14f4c8206e,custom.styleeditor.reload.DAMP,damp,True,damp custom.styleeditor.reload.DAMP opt e10s fission stylo webrender,4775519,77,ms,firefox,,1781376012,2023-10-26 19:25:04,1323220,,,,,,,,,,,,,,,,,,,,,,,,,,,,,,,,,,,,,,,,,,,,,,,,,TN
890,a880804c93083962e65cea658b69a28c06528e8e,0.08197562608290676,autoland,4775609,12,d42f896683fcaa492a6c00f43ebeea3a7281573d,macosx1015-64-shippable-qr,True,False,,,102210fe594ee9b33d82058545b1ed14f4c8206e,custom.styleeditor.reload.DAMP,damp,True,damp custom.styleeditor.reload.DAMP opt e10s fission stylo webrender,4775519,77,ms,firefox,,1781449072,2023-10-26 23:27:25,1323339,,,,,,,,,,,,,,,,,,,,,,,,,,,,,,,,,,,,,,,,,,,,,,,,,TN
891,6d47bee6d52ee11125f54db9df7336cbe69593c0,0.10449638687943413,autoland,4775609,12,d42f896683fcaa492a6c00f43ebeea3a7281573d,macosx1015-64-shippable-qr,True,False,,,102210fe594ee9b33d82058545b1ed14f4c8206e,custom.styleeditor.reload.DAMP,damp,True,damp custom.styleeditor.reload.DAMP opt e10s fission stylo webrender,4775519,77,ms,firefox,,1781466465,2023-10-27 00:10:25,1323363,,,,,,,,,,,,,,,,,,,,,,,,,,,,,,,,,,,,,,,,,,,,,,,,,TN
892,4024630f5ffa1704a32f70c816f1003b0af9f105,0.12267427314863338,autoland,4775609,12,d42f896683fcaa492a6c00f43ebeea3a7281573d,macosx1015-64-shippable-qr,True,False,,,102210fe594ee9b33d82058545b1ed14f4c8206e,custom.styleeditor.reload.DAMP,damp,True,damp custom.styleeditor.reload.DAMP opt e10s fission stylo webrender,4775519,77,ms,firefox,,1781601783,2023-10-27 05:17:25,1323421,,,,,,,,,,,,,,,,,,,,,,,,,,,,,,,,,,,,,,,,,,,,,,,,,TN
893,6e09ac4a4c291480d5951adca6d1659a46f571b2,0.08457425384497513,autoland,4775609,12,d42f896683fcaa492a6c00f43ebeea3a7281573d,macosx1015-64-shippable-qr,True,False,,,102210fe594ee9b33d82058545b1ed14f4c8206e,custom.styleeditor.reload.DAMP,damp,True,damp custom.styleeditor.reload.DAMP opt e10s fission stylo webrender,4775519,77,ms,firefox,,1781707837,2023-10-27 08:56:16,1323505,,,,,,,,,,,,,,,,,,,,,,,,,,,,,,,,,,,,,,,,,,,,,,,,,TN
894,6013b7df2b9133416d4244ef4d45c492f215c3d0,0.09402369864062626,autoland,4775609,12,d42f896683fcaa492a6c00f43ebeea3a7281573d,macosx1015-64-shippable-qr,True,False,,,102210fe594ee9b33d82058545b1ed14f4c8206e,custom.styleeditor.reload.DAMP,damp,True,damp custom.styleeditor.reload.DAMP opt e10s fission stylo webrender,4775519,77,ms,firefox,,1781905609,2023-10-27 13:05:02,1323649,,,,,,,,,,,,,,,,,,,,,,,,,,,,,,,,,,,,,,,,,,,,,,,,,TN
895,cda838e04db16590f96ddeaa7d7d54cc80e12a03,0.09445221246084018,autoland,4775609,12,d42f896683fcaa492a6c00f43ebeea3a7281573d,macosx1015-64-shippable-qr,True,False,,,102210fe594ee9b33d82058545b1ed14f4c8206e,custom.styleeditor.reload.DAMP,damp,True,damp custom.styleeditor.reload.DAMP opt e10s fission stylo webrender,4775519,77,ms,firefox,,1781954613,2023-10-27 13:54:58,1323685,,,,,,,,,,,,,,,,,,,,,,,,,,,,,,,,,,,,,,,,,,,,,,,,,TN
896,b6d6a9c84257af5a3d659491a2ab963896e70d0d,0.05508270928117537,autoland,4775609,12,d42f896683fcaa492a6c00f43ebeea3a7281573d,macosx1015-64-shippable-qr,True,False,,,102210fe594ee9b33d82058545b1ed14f4c8206e,custom.styleeditor.reload.DAMP,damp,True,damp custom.styleeditor.reload.DAMP opt e10s fission stylo webrender,4775519,77,ms,firefox,,1782060149,2023-10-27 17:16:47,1323813,,,,,,,,,,,,,,,,,,,,,,,,,,,,,,,,,,,,,,,,,,,,,,,,,TN
897,2744df17e06b25289ca5dd01128e6c4f237d7a7c,0.17461434570743262,autoland,4775609,12,d42f896683fcaa492a6c00f43ebeea3a7281573d,macosx1015-64-shippable-qr,True,False,,,102210fe594ee9b33d82058545b1ed14f4c8206e,custom.styleeditor.reload.DAMP,damp,True,damp custom.styleeditor.reload.DAMP opt e10s fission stylo webrender,4775519,77,ms,firefox,,1782317539,2023-10-27 22:11:30,1323968,,,,,,,,,,,,,,,,,,,,,,,,,,,,,,,,,,,,,,,,,,,,,,,,,TN
898,5c87acee8b894f06e4b248cb602b36ccfcef1615,0.052273407040027475,autoland,4775609,12,d42f896683fcaa492a6c00f43ebeea3a7281573d,macosx1015-64-shippable-qr,True,False,,,102210fe594ee9b33d82058545b1ed14f4c8206e,custom.styleeditor.reload.DAMP,damp,True,damp custom.styleeditor.reload.DAMP opt e10s fission stylo webrender,4775519,77,ms,firefox,,1782341220,2023-10-27 23:12:32,1323985,,,,,,,,,,,,,,,,,,,,,,,,,,,,,,,,,,,,,,,,,,,,,,,,,TN
899,0be08aa0812f81d5eb9f2235165d8478ebaf825b,0.08892238600531494,autoland,4775609,12,d42f896683fcaa492a6c00f43ebeea3a7281573d,macosx1015-64-shippable-qr,True,False,,,102210fe594ee9b33d82058545b1ed14f4c8206e,custom.styleeditor.reload.DAMP,damp,True,damp custom.styleeditor.reload.DAMP opt e10s fission stylo webrender,4775519,77,ms,firefox,,1782467016,2023-10-28 03:14:30,1324017,,,,,,,,,,,,,,,,,,,,,,,,,,,,,,,,,,,,,,,,,,,,,,,,,TN
900,da935aab57913c853df3002f297cc6eb76175828,0.14517660343195948,autoland,4775609,12,d42f896683fcaa492a6c00f43ebeea3a7281573d,macosx1015-64-shippable-qr,True,False,,,102210fe594ee9b33d82058545b1ed14f4c8206e,custom.styleeditor.reload.DAMP,damp,True,damp custom.styleeditor.reload.DAMP opt e10s fission stylo webrender,4775519,77,ms,firefox,,1783039768,2023-10-29 17:34:24,1324194,,,,,,,,,,,,,,,,,,,,,,,,,,,,,,,,,,,,,,,,,,,,,,,,,TN
901,61e57e6ba3b7e09a71062e7cdc44f395af832716,0.11967149714362557,autoland,4775609,12,d42f896683fcaa492a6c00f43ebeea3a7281573d,macosx1015-64-shippable-qr,True,False,,,102210fe594ee9b33d82058545b1ed14f4c8206e,custom.styleeditor.reload.DAMP,damp,True,damp custom.styleeditor.reload.DAMP opt e10s fission stylo webrender,4775519,77,ms,firefox,,1783121001,2023-10-29 22:37:58,1324214,,,,,,,,,,,,,,,,,,,,,,,,,,,,,,,,,,,,,,,,,,,,,,,,,TN
902,cfc1bbb8edcc79491d2e1267e84338d155b2ee3c,0.06039471285139719,autoland,4775609,12,d42f896683fcaa492a6c00f43ebeea3a7281573d,macosx1015-64-shippable-qr,True,False,,,102210fe594ee9b33d82058545b1ed14f4c8206e,custom.styleeditor.reload.DAMP,damp,True,damp custom.styleeditor.reload.DAMP opt e10s fission stylo webrender,4775519,77,ms,firefox,,1783237223,2023-10-30 03:06:34,1324224,,,,,,,,,,,,,,,,,,,,,,,,,,,,,,,,,,,,,,,,,,,,,,,,,TN
903,07ff1e2e4f656661631e6746f339e6232b59ebfd,0.0736311382756975,autoland,4775609,12,d42f896683fcaa492a6c00f43ebeea3a7281573d,macosx1015-64-shippable-qr,True,False,,,102210fe594ee9b33d82058545b1ed14f4c8206e,custom.styleeditor.reload.DAMP,damp,True,damp custom.styleeditor.reload.DAMP opt e10s fission stylo webrender,4775519,77,ms,firefox,,1783324016,2023-10-30 07:08:15,1324243,,,,,,,,,,,,,,,,,,,,,,,,,,,,,,,,,,,,,,,,,,,,,,,,,TN
904,9c6272da5dc92ff944d294d9a026bd42a408c784,0.07901496818880382,autoland,4775609,12,d42f896683fcaa492a6c00f43ebeea3a7281573d,macosx1015-64-shippable-qr,True,False,,,102210fe594ee9b33d82058545b1ed14f4c8206e,custom.styleeditor.reload.DAMP,damp,True,damp custom.styleeditor.reload.DAMP opt e10s fission stylo webrender,4775519,77,ms,firefox,,1783558193,2023-10-30 12:36:41,1324389,,,,,,,,,,,,,,,,,,,,,,,,,,,,,,,,,,,,,,,,,,,,,,,,,TN
905,d2a035a8329b5914bcd659ea1ea427c251c4d138,0.12666446664116665,autoland,4775609,12,d42f896683fcaa492a6c00f43ebeea3a7281573d,macosx1015-64-shippable-qr,True,False,,,102210fe594ee9b33d82058545b1ed14f4c8206e,custom.styleeditor.reload.DAMP,damp,True,damp custom.styleeditor.reload.DAMP opt e10s fission stylo webrender,4775519,77,ms,firefox,,1783675394,2023-10-30 13:43:34,1324429,,,,,,,,,,,,,,,,,,,,,,,,,,,,,,,,,,,,,,,,,,,,,,,,,TN
906,277907757ae0f5c9f9a9b4b15473ec6f3eab7674,0.09888337298612049,autoland,4775609,12,d42f896683fcaa492a6c00f43ebeea3a7281573d,macosx1015-64-shippable-qr,True,False,,,102210fe594ee9b33d82058545b1ed14f4c8206e,custom.styleeditor.reload.DAMP,damp,True,damp custom.styleeditor.reload.DAMP opt e10s fission stylo webrender,4775519,77,ms,firefox,,1783945434,2023-10-30 17:20:21,1324599,,,,,,,,,,,,,,,,,,,,,,,,,,,,,,,,,,,,,,,,,,,,,,,,,TN
907,250d50a3e9aedba6c41312d2ce03b03eabac5c84,0.09261943176333337,autoland,4775609,12,d42f896683fcaa492a6c00f43ebeea3a7281573d,macosx1015-64-shippable-qr,True,False,,,102210fe594ee9b33d82058545b1ed14f4c8206e,custom.styleeditor.reload.DAMP,damp,True,damp custom.styleeditor.reload.DAMP opt e10s fission stylo webrender,4775519,77,ms,firefox,,1783964898,2023-10-30 21:26:51,1324725,,,,,,,,,,,,,,,,,,,,,,,,,,,,,,,,,,,,,,,,,,,,,,,,,TN
908,9d87d8875f3012f1cb5e065b5861f41a29d1173c,0.10737620777470486,autoland,4775609,12,d42f896683fcaa492a6c00f43ebeea3a7281573d,macosx1015-64-shippable-qr,True,False,,,102210fe594ee9b33d82058545b1ed14f4c8206e,custom.styleeditor.reload.DAMP,damp,True,damp custom.styleeditor.reload.DAMP opt e10s fission stylo webrender,4775519,77,ms,firefox,,1783990242,2023-10-30 22:47:24,1324763,,,,,,,,,,,,,,,,,,,,,,,,,,,,,,,,,,,,,,,,,,,,,,,,,TN
909,88295a805fb918c5a40c57d9827608c50c65da1a,0.07178640023422539,autoland,4775609,12,d42f896683fcaa492a6c00f43ebeea3a7281573d,macosx1015-64-shippable-qr,True,False,,,102210fe594ee9b33d82058545b1ed14f4c8206e,custom.styleeditor.reload.DAMP,damp,True,damp custom.styleeditor.reload.DAMP opt e10s fission stylo webrender,4775519,77,ms,firefox,,1784151523,2023-10-31 03:27:18,1324833,,,,,,,,,,,,,,,,,,,,,,,,,,,,,,,,,,,,,,,,,,,,,,,,,TN
910,26a58e0274b4491ce07587bf329d30954bfa36a5,0.08817017148673872,autoland,4775609,12,d42f896683fcaa492a6c00f43ebeea3a7281573d,macosx1015-64-shippable-qr,True,False,,,102210fe594ee9b33d82058545b1ed14f4c8206e,custom.styleeditor.reload.DAMP,damp,True,damp custom.styleeditor.reload.DAMP opt e10s fission stylo webrender,4775519,77,ms,firefox,,1784397102,2023-10-31 08:52:16,1324883,,,,,,,,,,,,,,,,,,,,,,,,,,,,,,,,,,,,,,,,,,,,,,,,,TN
911,173608723df3997c0b39049e55f7e4f529974bd1,0.08745593424736453,autoland,4775609,12,d42f896683fcaa492a6c00f43ebeea3a7281573d,macosx1015-64-shippable-qr,True,False,,,102210fe594ee9b33d82058545b1ed14f4c8206e,custom.styleeditor.reload.DAMP,damp,True,damp custom.styleeditor.reload.DAMP opt e10s fission stylo webrender,4775519,77,ms,firefox,,1784519449,2023-10-31 10:24:24,1324925,,,,,,,,,,,,,,,,,,,,,,,,,,,,,,,,,,,,,,,,,,,,,,,,,TN
912,d93c1e224fa334cb0e1a4faf860be329181c1d60,0.18904409694572116,autoland,4775609,12,d42f896683fcaa492a6c00f43ebeea3a7281573d,macosx1015-64-shippable-qr,True,False,,,102210fe594ee9b33d82058545b1ed14f4c8206e,custom.styleeditor.reload.DAMP,damp,True,damp custom.styleeditor.reload.DAMP opt e10s fission stylo webrender,4775519,77,ms,firefox,,1784596566,2023-10-31 14:28:55,1325039,,,,,,,,,,,,,,,,,,,,,,,,,,,,,,,,,,,,,,,,,,,,,,,,,TN
913,4712d595873a538c628ea09a2826c33e3f2e383d,0.07352704262741105,autoland,4775609,12,d42f896683fcaa492a6c00f43ebeea3a7281573d,macosx1015-64-shippable-qr,True,False,,,102210fe594ee9b33d82058545b1ed14f4c8206e,custom.styleeditor.reload.DAMP,damp,True,damp custom.styleeditor.reload.DAMP opt e10s fission stylo webrender,4775519,77,ms,firefox,,1784740761,2023-10-31 15:46:12,1325101,,,,,,,,,,,,,,,,,,,,,,,,,,,,,,,,,,,,,,,,,,,,,,,,,TN
914,5624631ba42eb404a5c5b4e50e9c4fbc826eef31,0.06635560597259615,autoland,4775609,12,d42f896683fcaa492a6c00f43ebeea3a7281573d,macosx1015-64-shippable-qr,True,False,,,102210fe594ee9b33d82058545b1ed14f4c8206e,custom.styleeditor.reload.DAMP,damp,True,damp custom.styleeditor.reload.DAMP opt e10s fission stylo webrender,4775519,77,ms,firefox,,1784794745,2023-10-31 20:04:41,1325256,,,,,,,,,,,,,,,,,,,,,,,,,,,,,,,,,,,,,,,,,,,,,,,,,TN
915,251055c46bfcc027766c9bdaccaaa919c3e6c8f6,0.07548349261704584,autoland,4775609,12,d42f896683fcaa492a6c00f43ebeea3a7281573d,macosx1015-64-shippable-qr,True,False,,,102210fe594ee9b33d82058545b1ed14f4c8206e,custom.styleeditor.reload.DAMP,damp,True,damp custom.styleeditor.reload.DAMP opt e10s fission stylo webrender,4775519,77,ms,firefox,,1784849830,2023-10-31 22:59:03,1325343,,,,,,,,,,,,,,,,,,,,,,,,,,,,,,,,,,,,,,,,,,,,,,,,,TN
916,b73ef4c8979fb0702de9f4bf2fdf986b1d0fd487,0.17193186020734808,autoland,4775609,12,d42f896683fcaa492a6c00f43ebeea3a7281573d,macosx1015-64-shippable-qr,True,False,,,102210fe594ee9b33d82058545b1ed14f4c8206e,custom.styleeditor.reload.DAMP,damp,True,damp custom.styleeditor.reload.DAMP opt e10s fission stylo webrender,4775519,77,ms,firefox,,1785089306,2023-11-01 04:08:21,1325446,,,,,,,,,,,,,,,,,,,,,,,,,,,,,,,,,,,,,,,,,,,,,,,,,TN
917,5db6f03a7c103189ba38ef4c4687a046566f4e5b,0.20779449419595852,autoland,4775609,12,d42f896683fcaa492a6c00f43ebeea3a7281573d,macosx1015-64-shippable-qr,True,False,,,102210fe594ee9b33d82058545b1ed14f4c8206e,custom.styleeditor.reload.DAMP,damp,True,damp custom.styleeditor.reload.DAMP opt e10s fission stylo webrender,4775519,77,ms,firefox,,1785252088,2023-11-01 08:27:37,1325492,,,,,,,,,,,,,,,,,,,,,,,,,,,,,,,,,,,,,,,,,,,,,,,,,TN
918,dee5e3c280a214c32ea4f7a2b6446bbe456ecb54,0.11868191681343665,autoland,4775609,12,d42f896683fcaa492a6c00f43ebeea3a7281573d,macosx1015-64-shippable-qr,True,False,,,102210fe594ee9b33d82058545b1ed14f4c8206e,custom.styleeditor.reload.DAMP,damp,True,damp custom.styleeditor.reload.DAMP opt e10s fission stylo webrender,4775519,77,ms,firefox,,1785386125,2023-11-01 15:00:09,1325661,,,,,,,,,,,,,,,,,,,,,,,,,,,,,,,,,,,,,,,,,,,,,,,,,TN
919,3eea9367b17b3c112968a3f0e008b1005452bbdd,0.08963130966191624,autoland,4775609,12,d42f896683fcaa492a6c00f43ebeea3a7281573d,macosx1015-64-shippable-qr,True,False,,,102210fe594ee9b33d82058545b1ed14f4c8206e,custom.styleeditor.reload.DAMP,damp,True,damp custom.styleeditor.reload.DAMP opt e10s fission stylo webrender,4775519,77,ms,firefox,,1785584751,2023-11-01 21:17:16,1325895,,,,,,,,,,,,,,,,,,,,,,,,,,,,,,,,,,,,,,,,,,,,,,,,,TN
920,0ea21c7c9ab7dcf411a8094c876b12784bc6343c,0.0943564132861403,autoland,4775609,12,d42f896683fcaa492a6c00f43ebeea3a7281573d,macosx1015-64-shippable-qr,True,False,,,102210fe594ee9b33d82058545b1ed14f4c8206e,custom.styleeditor.reload.DAMP,damp,True,damp custom.styleeditor.reload.DAMP opt e10s fission stylo webrender,4775519,77,ms,firefox,,1785821143,2023-11-02 01:36:12,1325979,,,,,,,,,,,,,,,,,,,,,,,,,,,,,,,,,,,,,,,,,,,,,,,,,TN
921,1fcf041bc427507f767a28519182263ab9925550,0.06165539176912188,autoland,4775609,12,d42f896683fcaa492a6c00f43ebeea3a7281573d,macosx1015-64-shippable-qr,True,False,,,102210fe594ee9b33d82058545b1ed14f4c8206e,custom.styleeditor.reload.DAMP,damp,True,damp custom.styleeditor.reload.DAMP opt e10s fission stylo webrender,4775519,77,ms,firefox,,1785830930,2023-11-02 06:18:28,1326017,,,,,,,,,,,,,,,,,,,,,,,,,,,,,,,,,,,,,,,,,,,,,,,,,TN
922,86b37d608b6dff619ef21dd6df25970d2f35504f,0.07762805506586318,autoland,4775609,12,d42f896683fcaa492a6c00f43ebeea3a7281573d,macosx1015-64-shippable-qr,True,False,,,102210fe594ee9b33d82058545b1ed14f4c8206e,custom.styleeditor.reload.DAMP,damp,True,damp custom.styleeditor.reload.DAMP opt e10s fission stylo webrender,4775519,77,ms,firefox,,1786148829,2023-11-02 10:56:45,1326103,,,,,,,,,,,,,,,,,,,,,,,,,,,,,,,,,,,,,,,,,,,,,,,,,TN
923,59754ae1b71386535d42979e577deaaad4aa522f,0.11006819431404913,autoland,4775609,12,d42f896683fcaa492a6c00f43ebeea3a7281573d,macosx1015-64-shippable-qr,True,False,,,102210fe594ee9b33d82058545b1ed14f4c8206e,custom.styleeditor.reload.DAMP,damp,True,damp custom.styleeditor.reload.DAMP opt e10s fission stylo webrender,4775519,77,ms,firefox,,1786279674,2023-11-02 12:13:53,1326138,,,,,,,,,,,,,,,,,,,,,,,,,,,,,,,,,,,,,,,,,,,,,,,,,TN
924,7398cacb1ad3e7be98ad07eff3a56fd050025c48,0.05919925271816051,autoland,4775609,12,d42f896683fcaa492a6c00f43ebeea3a7281573d,macosx1015-64-shippable-qr,True,False,,,102210fe594ee9b33d82058545b1ed14f4c8206e,custom.styleeditor.reload.DAMP,damp,True,damp custom.styleeditor.reload.DAMP opt e10s fission stylo webrender,4775519,77,ms,firefox,,1786481932,2023-11-03 02:17:21,1326661,,,,,,,,,,,,,,,,,,,,,,,,,,,,,,,,,,,,,,,,,,,,,,,,,TN
925,63221dffde4f2b6c134c16fb540dea75d856626d,0.07138563585546936,autoland,4775609,12,d42f896683fcaa492a6c00f43ebeea3a7281573d,macosx1015-64-shippable-qr,True,False,,,102210fe594ee9b33d82058545b1ed14f4c8206e,custom.styleeditor.reload.DAMP,damp,True,damp custom.styleeditor.reload.DAMP opt e10s fission stylo webrender,4775519,77,ms,firefox,,1786563363,2023-11-03 06:29:48,1326720,,,,,,,,,,,,,,,,,,,,,,,,,,,,,,,,,,,,,,,,,,,,,,,,,TN
926,fef2ab0f10caa08593c20e7febc4cec185670a4a,0.08699472381908951,autoland,4775609,12,d42f896683fcaa492a6c00f43ebeea3a7281573d,macosx1015-64-shippable-qr,True,False,,,102210fe594ee9b33d82058545b1ed14f4c8206e,custom.styleeditor.reload.DAMP,damp,True,damp custom.styleeditor.reload.DAMP opt e10s fission stylo webrender,4775519,77,ms,firefox,,1786689940,2023-11-03 09:45:55,1326769,,,,,,,,,,,,,,,,,,,,,,,,,,,,,,,,,,,,,,,,,,,,,,,,,TN
927,db8c28afe588aab0cd434e280a4614c075350cde,0.11788171055492525,autoland,4775609,12,d42f896683fcaa492a6c00f43ebeea3a7281573d,macosx1015-64-shippable-qr,True,False,,,102210fe594ee9b33d82058545b1ed14f4c8206e,custom.styleeditor.reload.DAMP,damp,True,damp custom.styleeditor.reload.DAMP opt e10s fission stylo webrender,4775519,77,ms,firefox,,1787098084,2023-11-03 14:08:17,1326874,,,,,,,,,,,,,,,,,,,,,,,,,,,,,,,,,,,,,,,,,,,,,,,,,TN
928,c1bbed9e33815cc111047e95375c6446ad566b5b,0.06860722392235441,autoland,4775609,12,d42f896683fcaa492a6c00f43ebeea3a7281573d,macosx1015-64-shippable-qr,True,False,,,102210fe594ee9b33d82058545b1ed14f4c8206e,custom.styleeditor.reload.DAMP,damp,True,damp custom.styleeditor.reload.DAMP opt e10s fission stylo webrender,4775519,77,ms,firefox,,1787129076,2023-11-03 15:30:02,1326932,,,,,,,,,,,,,,,,,,,,,,,,,,,,,,,,,,,,,,,,,,,,,,,,,TN
929,3483c8458f12814829ccacc001ce04923ce9c601,0.08466118827191649,autoland,4775609,12,d42f896683fcaa492a6c00f43ebeea3a7281573d,macosx1015-64-shippable-qr,True,False,,,102210fe594ee9b33d82058545b1ed14f4c8206e,custom.styleeditor.reload.DAMP,damp,True,damp custom.styleeditor.reload.DAMP opt e10s fission stylo webrender,4775519,77,ms,firefox,,1787154980,2023-11-03 19:29:08,1327119,,,,,,,,,,,,,,,,,,,,,,,,,,,,,,,,,,,,,,,,,,,,,,,,,TN
930,71b8373e6622cf42c02a4244f2c2629c6afed2db,0.10022404033115406,autoland,4775609,12,d42f896683fcaa492a6c00f43ebeea3a7281573d,macosx1015-64-shippable-qr,True,False,,,102210fe594ee9b33d82058545b1ed14f4c8206e,custom.styleeditor.reload.DAMP,damp,True,damp custom.styleeditor.reload.DAMP opt e10s fission stylo webrender,4775519,77,ms,firefox,,1787178380,2023-11-04 00:04:01,1327246,,,,,,,,,,,,,,,,,,,,,,,,,,,,,,,,,,,,,,,,,,,,,,,,,TN
931,fa8ebe703963d027ce9185c21a4e7bdc98f8cd68,0.13281217879447788,autoland,4775609,12,d42f896683fcaa492a6c00f43ebeea3a7281573d,macosx1015-64-shippable-qr,True,False,,,102210fe594ee9b33d82058545b1ed14f4c8206e,custom.styleeditor.reload.DAMP,damp,True,damp custom.styleeditor.reload.DAMP opt e10s fission stylo webrender,4775519,77,ms,firefox,,1787185344,2023-11-04 01:35:30,1327271,,,,,,,,,,,,,,,,,,,,,,,,,,,,,,,,,,,,,,,,,,,,,,,,,TN
932,f65c77517e3e8d32a23f3607a039a558abd2b12c,0.2254241593646178,autoland,4775609,12,d42f896683fcaa492a6c00f43ebeea3a7281573d,macosx1015-64-shippable-qr,True,False,,,102210fe594ee9b33d82058545b1ed14f4c8206e,custom.styleeditor.reload.DAMP,damp,True,damp custom.styleeditor.reload.DAMP opt e10s fission stylo webrender,4775519,77,ms,firefox,,1787217715,2023-11-04 08:24:01,1327306,,,,,,,,,,,,,,,,,,,,,,,,,,,,,,,,,,,,,,,,,,,,,,,,,TN
933,90f5a1a99e4af4267d041ebe447fe2c0d6028eec,0.07551782767578963,autoland,4775609,12,d42f896683fcaa492a6c00f43ebeea3a7281573d,macosx1015-64-shippable-qr,True,False,,,102210fe594ee9b33d82058545b1ed14f4c8206e,custom.styleeditor.reload.DAMP,damp,True,damp custom.styleeditor.reload.DAMP opt e10s fission stylo webrender,4775519,77,ms,firefox,,1787344019,2023-11-04 14:15:16,1327379,,,,,,,,,,,,,,,,,,,,,,,,,,,,,,,,,,,,,,,,,,,,,,,,,TN
934,55a02a6f1e91945e24618f64bd61b9f3a0beeea0,0.12021139873244163,autoland,4775609,12,d42f896683fcaa492a6c00f43ebeea3a7281573d,macosx1015-64-shippable-qr,True,False,,,102210fe594ee9b33d82058545b1ed14f4c8206e,custom.styleeditor.reload.DAMP,damp,True,damp custom.styleeditor.reload.DAMP opt e10s fission stylo webrender,4775519,77,ms,firefox,,1787433924,2023-11-04 18:45:40,1327418,,,,,,,,,,,,,,,,,,,,,,,,,,,,,,,,,,,,,,,,,,,,,,,,,TN
935,c6d6218c85ae690d272c8b978051ec7c2718b1b2,0.10597358867304985,autoland,4775609,12,d42f896683fcaa492a6c00f43ebeea3a7281573d,macosx1015-64-shippable-qr,True,False,,,102210fe594ee9b33d82058545b1ed14f4c8206e,custom.styleeditor.reload.DAMP,damp,True,damp custom.styleeditor.reload.DAMP opt e10s fission stylo webrender,4775519,77,ms,firefox,,1787501053,2023-11-04 23:01:16,1327454,,,,,,,,,,,,,,,,,,,,,,,,,,,,,,,,,,,,,,,,,,,,,,,,,TN
936,6e473b5825d2acd52739d9cc4cdec6ea5e26c9d1,0.05171404151279685,autoland,4775609,12,d42f896683fcaa492a6c00f43ebeea3a7281573d,macosx1015-64-shippable-qr,True,False,,,102210fe594ee9b33d82058545b1ed14f4c8206e,custom.styleeditor.reload.DAMP,damp,True,damp custom.styleeditor.reload.DAMP opt e10s fission stylo webrender,4775519,77,ms,firefox,,1787730976,2023-11-05 12:31:02,1327508,,,,,,,,,,,,,,,,,,,,,,,,,,,,,,,,,,,,,,,,,,,,,,,,,TN
937,e4d362eebc148baf8432d0b013b6233995a2f16e,0.19145195682852212,autoland,4775609,12,d42f896683fcaa492a6c00f43ebeea3a7281573d,macosx1015-64-shippable-qr,True,False,,,102210fe594ee9b33d82058545b1ed14f4c8206e,custom.styleeditor.reload.DAMP,damp,True,damp custom.styleeditor.reload.DAMP opt e10s fission stylo webrender,4775519,77,ms,firefox,,1787846194,2023-11-05 17:15:11,1327546,,,,,,,,,,,,,,,,,,,,,,,,,,,,,,,,,,,,,,,,,,,,,,,,,TN
938,1995198e0bee1b9f7d4ac3a5286fb89a8305fa28,0.10066859363459418,autoland,4775609,12,d42f896683fcaa492a6c00f43ebeea3a7281573d,macosx1015-64-shippable-qr,True,False,,,102210fe594ee9b33d82058545b1ed14f4c8206e,custom.styleeditor.reload.DAMP,damp,True,damp custom.styleeditor.reload.DAMP opt e10s fission stylo webrender,4775519,77,ms,firefox,,1787968584,2023-11-05 22:35:05,1327567,,,,,,,,,,,,,,,,,,,,,,,,,,,,,,,,,,,,,,,,,,,,,,,,,TN
939,925231a8fb5eccf055afb3e9921596d8f990128b,0.08824471742737994,autoland,4775609,12,d42f896683fcaa492a6c00f43ebeea3a7281573d,macosx1015-64-shippable-qr,True,False,,,102210fe594ee9b33d82058545b1ed14f4c8206e,custom.styleeditor.reload.DAMP,damp,True,damp custom.styleeditor.reload.DAMP opt e10s fission stylo webrender,4775519,77,ms,firefox,,1788194994,2023-11-06 03:28:15,1327590,,,,,,,,,,,,,,,,,,,,,,,,,,,,,,,,,,,,,,,,,,,,,,,,,TN
940,58f61f19462af6371405866cd0506983856d5433,0.07880120495315118,autoland,4775609,12,d42f896683fcaa492a6c00f43ebeea3a7281573d,macosx1015-64-shippable-qr,True,False,,,102210fe594ee9b33d82058545b1ed14f4c8206e,custom.styleeditor.reload.DAMP,damp,True,damp custom.styleeditor.reload.DAMP opt e10s fission stylo webrender,4775519,77,ms,firefox,,1788295792,2023-11-06 06:27:10,1327613,,,,,,,,,,,,,,,,,,,,,,,,,,,,,,,,,,,,,,,,,,,,,,,,,TN
941,47130f8e8a79f36f7bea8cf4a4a19a3ef155e539,0.0935331162275122,autoland,4775609,12,d42f896683fcaa492a6c00f43ebeea3a7281573d,macosx1015-64-shippable-qr,True,False,,,102210fe594ee9b33d82058545b1ed14f4c8206e,custom.styleeditor.reload.DAMP,damp,True,damp custom.styleeditor.reload.DAMP opt e10s fission stylo webrender,4775519,77,ms,firefox,,1788434513,2023-11-06 10:22:32,1327714,,,,,,,,,,,,,,,,,,,,,,,,,,,,,,,,,,,,,,,,,,,,,,,,,TN
942,e85ef9b0c6ee61f9f14bf8b49cd5f6e0a5fac3d7,0.12227226471021607,autoland,4775609,12,d42f896683fcaa492a6c00f43ebeea3a7281573d,macosx1015-64-shippable-qr,True,False,,,102210fe594ee9b33d82058545b1ed14f4c8206e,custom.styleeditor.reload.DAMP,damp,True,damp custom.styleeditor.reload.DAMP opt e10s fission stylo webrender,4775519,77,ms,firefox,,1788575737,2023-11-06 14:23:08,1327890,,,,,,,,,,,,,,,,,,,,,,,,,,,,,,,,,,,,,,,,,,,,,,,,,TN
943,6d5e2f6a296345f3afbeecf2e34bf0f7da7c7991,0.11359270962443113,autoland,4775609,12,d42f896683fcaa492a6c00f43ebeea3a7281573d,macosx1015-64-shippable-qr,True,False,,,102210fe594ee9b33d82058545b1ed14f4c8206e,custom.styleeditor.reload.DAMP,damp,True,damp custom.styleeditor.reload.DAMP opt e10s fission stylo webrender,4775519,77,ms,firefox,,1788744933,2023-11-06 17:39:09,1328028,,,,,,,,,,,,,,,,,,,,,,,,,,,,,,,,,,,,,,,,,,,,,,,,,TN
944,cfad60e16bc9ffd1123a5eb881ba42aaa60b9b18,0.108087470899697,autoland,4775609,12,d42f896683fcaa492a6c00f43ebeea3a7281573d,macosx1015-64-shippable-qr,True,False,,,102210fe594ee9b33d82058545b1ed14f4c8206e,custom.styleeditor.reload.DAMP,damp,True,damp custom.styleeditor.reload.DAMP opt e10s fission stylo webrender,4775519,77,ms,firefox,,1788844347,2023-11-06 20:45:17,1328100,,,,,,,,,,,,,,,,,,,,,,,,,,,,,,,,,,,,,,,,,,,,,,,,,TN
945,05f23c29b41cfcb7bfe0b081854260fa6d04388f,0.19327005948725218,autoland,4775609,12,d42f896683fcaa492a6c00f43ebeea3a7281573d,macosx1015-64-shippable-qr,True,False,,,102210fe594ee9b33d82058545b1ed14f4c8206e,custom.styleeditor.reload.DAMP,damp,True,damp custom.styleeditor.reload.DAMP opt e10s fission stylo webrender,4775519,77,ms,firefox,,1788940695,2023-11-07 01:37:21,1328269,,,,,,,,,,,,,,,,,,,,,,,,,,,,,,,,,,,,,,,,,,,,,,,,,TN
946,5f6163941f402e507f0d384b9904f2a425a28d57,0.09654614804517575,autoland,4775609,12,d42f896683fcaa492a6c00f43ebeea3a7281573d,macosx1015-64-shippable-qr,True,False,,,102210fe594ee9b33d82058545b1ed14f4c8206e,custom.styleeditor.reload.DAMP,damp,True,damp custom.styleeditor.reload.DAMP opt e10s fission stylo webrender,4775519,77,ms,firefox,,1789128870,2023-11-07 05:57:42,1328312,,,,,,,,,,,,,,,,,,,,,,,,,,,,,,,,,,,,,,,,,,,,,,,,,TN
947,7a3978f0626b31f7d311cbc700a8ad6eef3c38a7,0.20109642168613856,autoland,4775609,12,d42f896683fcaa492a6c00f43ebeea3a7281573d,macosx1015-64-shippable-qr,True,False,,,102210fe594ee9b33d82058545b1ed14f4c8206e,custom.styleeditor.reload.DAMP,damp,True,damp custom.styleeditor.reload.DAMP opt e10s fission stylo webrender,4775519,77,ms,firefox,,1789150952,2023-11-07 07:13:43,1328322,,,,,,,,,,,,,,,,,,,,,,,,,,,,,,,,,,,,,,,,,,,,,,,,,TN
948,3a6678776d36c32f58fe521d73f09bbc1478cbbb,0.07027923733759484,autoland,4775609,12,d42f896683fcaa492a6c00f43ebeea3a7281573d,macosx1015-64-shippable-qr,True,False,,,102210fe594ee9b33d82058545b1ed14f4c8206e,custom.styleeditor.reload.DAMP,damp,True,damp custom.styleeditor.reload.DAMP opt e10s fission stylo webrender,4775519,77,ms,firefox,,1789364696,2023-11-07 15:22:28,1328534,,,,,,,,,,,,,,,,,,,,,,,,,,,,,,,,,,,,,,,,,,,,,,,,,TN
949,2f5322fade4338f844537e7e14979d023e4b7d48,0.0690608465741741,autoland,4775609,12,d42f896683fcaa492a6c00f43ebeea3a7281573d,macosx1015-64-shippable-qr,True,False,,,102210fe594ee9b33d82058545b1ed14f4c8206e,custom.styleeditor.reload.DAMP,damp,True,damp custom.styleeditor.reload.DAMP opt e10s fission stylo webrender,4775519,77,ms,firefox,,1789536637,2023-11-07 20:38:50,1328596,,,,,,,,,,,,,,,,,,,,,,,,,,,,,,,,,,,,,,,,,,,,,,,,,TN
950,146ef5c46755802d7609ece035e0115301c936bd,0.16989480030912607,autoland,4775609,12,d42f896683fcaa492a6c00f43ebeea3a7281573d,macosx1015-64-shippable-qr,True,False,,,102210fe594ee9b33d82058545b1ed14f4c8206e,custom.styleeditor.reload.DAMP,damp,True,damp custom.styleeditor.reload.DAMP opt e10s fission stylo webrender,4775519,77,ms,firefox,,1789677877,2023-11-07 23:09:36,1328770,,,,,,,,,,,,,,,,,,,,,,,,,,,,,,,,,,,,,,,,,,,,,,,,,TN
951,54f6a0fa6c5ffe3ce0a5f981a4cdedc058256898,0.14522242848952965,autoland,4775609,12,d42f896683fcaa492a6c00f43ebeea3a7281573d,macosx1015-64-shippable-qr,True,False,,,102210fe594ee9b33d82058545b1ed14f4c8206e,custom.styleeditor.reload.DAMP,damp,True,damp custom.styleeditor.reload.DAMP opt e10s fission stylo webrender,4775519,77,ms,firefox,,1789682664,2023-11-08 00:15:37,1328812,,,,,,,,,,,,,,,,,,,,,,,,,,,,,,,,,,,,,,,,,,,,,,,,,TN
952,68721f0d6aec0facf9c8f271ea2bb2719348014a,0.04583856284976323,autoland,4775609,12,d42f896683fcaa492a6c00f43ebeea3a7281573d,macosx1015-64-shippable-qr,True,False,,,102210fe594ee9b33d82058545b1ed14f4c8206e,custom.styleeditor.reload.DAMP,damp,True,damp custom.styleeditor.reload.DAMP opt e10s fission stylo webrender,4775519,77,ms,firefox,,1789834267,2023-11-08 05:24:12,1328912,,,,,,,,,,,,,,,,,,,,,,,,,,,,,,,,,,,,,,,,,,,,,,,,,TN
953,578787894d0e996af4d743caf71b5501330fb2ab,0.04478990120565696,autoland,4775609,12,d42f896683fcaa492a6c00f43ebeea3a7281573d,macosx1015-64-shippable-qr,True,False,,,102210fe594ee9b33d82058545b1ed14f4c8206e,custom.styleeditor.reload.DAMP,damp,True,damp custom.styleeditor.reload.DAMP opt e10s fission stylo webrender,4775519,77,ms,firefox,,1789970331,2023-11-08 09:44:01,1328973,,,,,,,,,,,,,,,,,,,,,,,,,,,,,,,,,,,,,,,,,,,,,,,,,TN
954,e65fca949600e3163fd1befd6423958e0bc70029,0.21089262945685372,autoland,4775609,12,d42f896683fcaa492a6c00f43ebeea3a7281573d,macosx1015-64-shippable-qr,True,False,,,102210fe594ee9b33d82058545b1ed14f4c8206e,custom.styleeditor.reload.DAMP,damp,True,damp custom.styleeditor.reload.DAMP opt e10s fission stylo webrender,4775519,77,ms,firefox,,1789992913,2023-11-08 09:46:58,1328975,,,,,,,,,,,,,,,,,,,,,,,,,,,,,,,,,,,,,,,,,,,,,,,,,TN
955,ae536a17c1ffbb830141240a38f81e032b6645ea,0.10250186252128762,autoland,4775609,12,d42f896683fcaa492a6c00f43ebeea3a7281573d,macosx1015-64-shippable-qr,True,False,,,102210fe594ee9b33d82058545b1ed14f4c8206e,custom.styleeditor.reload.DAMP,damp,True,damp custom.styleeditor.reload.DAMP opt e10s fission stylo webrender,4775519,77,ms,firefox,,1790086590,2023-11-08 13:41:28,1329115,,,,,,,,,,,,,,,,,,,,,,,,,,,,,,,,,,,,,,,,,,,,,,,,,TN
956,f1fb5f0afb5896b5c30e6a9b1439a9c4de4a3db2,0.09986967696348742,autoland,4775609,12,d42f896683fcaa492a6c00f43ebeea3a7281573d,macosx1015-64-shippable-qr,True,False,,,102210fe594ee9b33d82058545b1ed14f4c8206e,custom.styleeditor.reload.DAMP,damp,True,damp custom.styleeditor.reload.DAMP opt e10s fission stylo webrender,4775519,77,ms,firefox,,1790180180,2023-11-08 17:45:21,1329261,,,,,,,,,,,,,,,,,,,,,,,,,,,,,,,,,,,,,,,,,,,,,,,,,TN
957,9b044e3ed5981e128922152098934a6691bfcd97,0.05978056097811335,autoland,4775609,12,d42f896683fcaa492a6c00f43ebeea3a7281573d,macosx1015-64-shippable-qr,True,False,,,102210fe594ee9b33d82058545b1ed14f4c8206e,custom.styleeditor.reload.DAMP,damp,True,damp custom.styleeditor.reload.DAMP opt e10s fission stylo webrender,4775519,77,ms,firefox,,1790398120,2023-11-08 23:10:55,1329500,,,,,,,,,,,,,,,,,,,,,,,,,,,,,,,,,,,,,,,,,,,,,,,,,TN
958,fd3f50f4dce00592f4da8f972037ced4a0c9f5be,0.11075883391417957,autoland,4775609,12,d42f896683fcaa492a6c00f43ebeea3a7281573d,macosx1015-64-shippable-qr,True,False,,,102210fe594ee9b33d82058545b1ed14f4c8206e,custom.styleeditor.reload.DAMP,damp,True,damp custom.styleeditor.reload.DAMP opt e10s fission stylo webrender,4775519,77,ms,firefox,,1790412046,2023-11-09 00:04:05,1329532,,,,,,,,,,,,,,,,,,,,,,,,,,,,,,,,,,,,,,,,,,,,,,,,,TN
959,975206b939dc6e4f823a1a29c703dd586e4157b9,0.09673524127095245,autoland,4775609,12,d42f896683fcaa492a6c00f43ebeea3a7281573d,macosx1015-64-shippable-qr,True,False,,,102210fe594ee9b33d82058545b1ed14f4c8206e,custom.styleeditor.reload.DAMP,damp,True,damp custom.styleeditor.reload.DAMP opt e10s fission stylo webrender,4775519,77,ms,firefox,,1790577756,2023-11-09 04:14:58,1329628,,,,,,,,,,,,,,,,,,,,,,,,,,,,,,,,,,,,,,,,,,,,,,,,,TN
960,d0c4fdebcd36de1f0361cb29103afbf36e498521,0.09579386934889988,autoland,4775609,12,d42f896683fcaa492a6c00f43ebeea3a7281573d,macosx1015-64-shippable-qr,True,False,,,102210fe594ee9b33d82058545b1ed14f4c8206e,custom.styleeditor.reload.DAMP,damp,True,damp custom.styleeditor.reload.DAMP opt e10s fission stylo webrender,4775519,77,ms,firefox,,1790745156,2023-11-09 08:18:01,1329688,,,,,,,,,,,,,,,,,,,,,,,,,,,,,,,,,,,,,,,,,,,,,,,,,TN
961,5392006086fa6f66b9c2f5919b8c65d04cf44936,0.05981728048449397,autoland,4775609,12,d42f896683fcaa492a6c00f43ebeea3a7281573d,macosx1015-64-shippable-qr,True,False,,,102210fe594ee9b33d82058545b1ed14f4c8206e,custom.styleeditor.reload.DAMP,damp,True,damp custom.styleeditor.reload.DAMP opt e10s fission stylo webrender,4775519,77,ms,firefox,,1790758675,2023-11-09 08:32:31,1329693,,,,,,,,,,,,,,,,,,,,,,,,,,,,,,,,,,,,,,,,,,,,,,,,,TN
962,0d25aa82c9421a1a0e1d9bf224094a9feaa083c0,0.1539385527852552,autoland,4775609,12,d42f896683fcaa492a6c00f43ebeea3a7281573d,macosx1015-64-shippable-qr,True,False,,,102210fe594ee9b33d82058545b1ed14f4c8206e,custom.styleeditor.reload.DAMP,damp,True,damp custom.styleeditor.reload.DAMP opt e10s fission stylo webrender,4775519,77,ms,firefox,,1791189504,2023-11-09 12:39:55,1329818,,,,,,,,,,,,,,,,,,,,,,,,,,,,,,,,,,,,,,,,,,,,,,,,,TN
963,af9d30c92582a30a1e7987079e780e59aa69ab7b,0.04457437006689963,autoland,4775609,12,d42f896683fcaa492a6c00f43ebeea3a7281573d,macosx1015-64-shippable-qr,True,False,,,102210fe594ee9b33d82058545b1ed14f4c8206e,custom.styleeditor.reload.DAMP,damp,True,damp custom.styleeditor.reload.DAMP opt e10s fission stylo webrender,4775519,77,ms,firefox,,1791194487,2023-11-09 13:52:13,1329843,,,,,,,,,,,,,,,,,,,,,,,,,,,,,,,,,,,,,,,,,,,,,,,,,TN
964,1eda7f37f458e81d7c275eb0a3e1959cdfdb5053,0.07172502717377982,autoland,4775609,12,d42f896683fcaa492a6c00f43ebeea3a7281573d,macosx1015-64-shippable-qr,True,False,,,102210fe594ee9b33d82058545b1ed14f4c8206e,custom.styleeditor.reload.DAMP,damp,True,damp custom.styleeditor.reload.DAMP opt e10s fission stylo webrender,4775519,77,ms,firefox,,1791311612,2023-11-09 18:06:54,1329987,,,,,,,,,,,,,,,,,,,,,,,,,,,,,,,,,,,,,,,,,,,,,,,,,TN
965,938e6fc607623834483a5ab95019520814f10ee8,0.13544677348363637,autoland,4775609,12,d42f896683fcaa492a6c00f43ebeea3a7281573d,macosx1015-64-shippable-qr,True,False,,,102210fe594ee9b33d82058545b1ed14f4c8206e,custom.styleeditor.reload.DAMP,damp,True,damp custom.styleeditor.reload.DAMP opt e10s fission stylo webrender,4775519,77,ms,firefox,,1791314378,2023-11-09 18:57:17,1330029,,,,,,,,,,,,,,,,,,,,,,,,,,,,,,,,,,,,,,,,,,,,,,,,,TN
966,d3aff5d6c69730c6f26eb54b7e24fdd203480069,0.1054714367246794,autoland,4775609,12,d42f896683fcaa492a6c00f43ebeea3a7281573d,macosx1015-64-shippable-qr,True,False,,,102210fe594ee9b33d82058545b1ed14f4c8206e,custom.styleeditor.reload.DAMP,damp,True,damp custom.styleeditor.reload.DAMP opt e10s fission stylo webrender,4775519,77,ms,firefox,,1791394401,2023-11-09 23:53:27,1330185,,,,,,,,,,,,,,,,,,,,,,,,,,,,,,,,,,,,,,,,,,,,,,,,,TN
967,543c915fc8c6775cd665ad6ebe58df0f46e9198c,0.07387407492933112,autoland,4775609,12,d42f896683fcaa492a6c00f43ebeea3a7281573d,macosx1015-64-shippable-qr,True,False,,,102210fe594ee9b33d82058545b1ed14f4c8206e,custom.styleeditor.reload.DAMP,damp,True,damp custom.styleeditor.reload.DAMP opt e10s fission stylo webrender,4775519,77,ms,firefox,,1791404410,2023-11-10 00:18:00,1330200,,,,,,,,,,,,,,,,,,,,,,,,,,,,,,,,,,,,,,,,,,,,,,,,,TN
968,5fcc529533b87c657e0dd95ea8cdd37f7cbac5c0,0.08922489764731223,autoland,4775609,12,d42f896683fcaa492a6c00f43ebeea3a7281573d,macosx1015-64-shippable-qr,True,False,,,102210fe594ee9b33d82058545b1ed14f4c8206e,custom.styleeditor.reload.DAMP,damp,True,damp custom.styleeditor.reload.DAMP opt e10s fission stylo webrender,4775519,77,ms,firefox,,1791570442,2023-11-10 06:00:15,1330263,,,,,,,,,,,,,,,,,,,,,,,,,,,,,,,,,,,,,,,,,,,,,,,,,TN
969,2033848fe740a46b19d19b2689365e6d5122d399,0.050133270657000795,autoland,4775609,12,d42f896683fcaa492a6c00f43ebeea3a7281573d,macosx1015-64-shippable-qr,True,False,,,102210fe594ee9b33d82058545b1ed14f4c8206e,custom.styleeditor.reload.DAMP,damp,True,damp custom.styleeditor.reload.DAMP opt e10s fission stylo webrender,4775519,77,ms,firefox,,1791717534,2023-11-10 10:16:47,1330353,,,,,,,,,,,,,,,,,,,,,,,,,,,,,,,,,,,,,,,,,,,,,,,,,TN
970,e2c6fa08aa82b40d8316fc19e08ea45be70e9292,0.20410042529494687,autoland,4775609,12,d42f896683fcaa492a6c00f43ebeea3a7281573d,macosx1015-64-shippable-qr,True,False,,,102210fe594ee9b33d82058545b1ed14f4c8206e,custom.styleeditor.reload.DAMP,damp,True,damp custom.styleeditor.reload.DAMP opt e10s fission stylo webrender,4775519,77,ms,firefox,,1791816501,2023-11-10 14:18:06,1330451,,,,,,,,,,,,,,,,,,,,,,,,,,,,,,,,,,,,,,,,,,,,,,,,,TN
971,f90b853d9b0b112db86ff41fcce843afb13939ce,0.1694147205458979,autoland,4775609,12,d42f896683fcaa492a6c00f43ebeea3a7281573d,macosx1015-64-shippable-qr,True,False,,,102210fe594ee9b33d82058545b1ed14f4c8206e,custom.styleeditor.reload.DAMP,damp,True,damp custom.styleeditor.reload.DAMP opt e10s fission stylo webrender,4775519,77,ms,firefox,,1791832480,2023-11-10 14:48:51,1330467,,,,,,,,,,,,,,,,,,,,,,,,,,,,,,,,,,,,,,,,,,,,,,,,,TN
972,740891aba7f0d05a95960669bd6efe7b25177226,0.056451806789878656,autoland,4775609,12,d42f896683fcaa492a6c00f43ebeea3a7281573d,macosx1015-64-shippable-qr,True,False,,,102210fe594ee9b33d82058545b1ed14f4c8206e,custom.styleeditor.reload.DAMP,damp,True,damp custom.styleeditor.reload.DAMP opt e10s fission stylo webrender,4775519,77,ms,firefox,,1792124521,2023-11-10 23:46:31,1330635,,,,,,,,,,,,,,,,,,,,,,,,,,,,,,,,,,,,,,,,,,,,,,,,,TN
973,94bbd4bd056a20549029ecbc07c9a4b5da968789,0.09043891445501206,autoland,4775609,12,d42f896683fcaa492a6c00f43ebeea3a7281573d,macosx1015-64-shippable-qr,True,False,,,102210fe594ee9b33d82058545b1ed14f4c8206e,custom.styleeditor.reload.DAMP,damp,True,damp custom.styleeditor.reload.DAMP opt e10s fission stylo webrender,4775519,77,ms,firefox,,1792280369,2023-11-11 06:55:04,1330673,,,,,,,,,,,,,,,,,,,,,,,,,,,,,,,,,,,,,,,,,,,,,,,,,TN
974,29fb30143955ee92cd789fd467326c47f82f7968,0.051828259681639344,autoland,4775609,12,d42f896683fcaa492a6c00f43ebeea3a7281573d,macosx1015-64-shippable-qr,True,False,,,102210fe594ee9b33d82058545b1ed14f4c8206e,custom.styleeditor.reload.DAMP,damp,True,damp custom.styleeditor.reload.DAMP opt e10s fission stylo webrender,4775519,77,ms,firefox,,1792326401,2023-11-11 08:27:10,1330680,,,,,,,,,,,,,,,,,,,,,,,,,,,,,,,,,,,,,,,,,,,,,,,,,TN
975,81243364a707b159122b0c5ee8e682567162117c,0.12142957940994764,autoland,4775609,12,d42f896683fcaa492a6c00f43ebeea3a7281573d,macosx1015-64-shippable-qr,True,False,,,102210fe594ee9b33d82058545b1ed14f4c8206e,custom.styleeditor.reload.DAMP,damp,True,damp custom.styleeditor.reload.DAMP opt e10s fission stylo webrender,4775519,77,ms,firefox,,1792430474,2023-11-11 12:34:55,1330712,,,,,,,,,,,,,,,,,,,,,,,,,,,,,,,,,,,,,,,,,,,,,,,,,TN
976,3c8320ef59532128e1a7589968f497f0efcabbaf,0.097269004292111,autoland,4775609,12,d42f896683fcaa492a6c00f43ebeea3a7281573d,macosx1015-64-shippable-qr,True,False,,,102210fe594ee9b33d82058545b1ed14f4c8206e,custom.styleeditor.reload.DAMP,damp,True,damp custom.styleeditor.reload.DAMP opt e10s fission stylo webrender,4775519,77,ms,firefox,,1792711675,2023-11-11 23:06:06,1330750,,,,,,,,,,,,,,,,,,,,,,,,,,,,,,,,,,,,,,,,,,,,,,,,,TN
977,43bee97ffb8cfcea7412fb86386ea2cb2a1b9b49,0.05713198981641382,autoland,4775609,12,d42f896683fcaa492a6c00f43ebeea3a7281573d,macosx1015-64-shippable-qr,True,False,,,102210fe594ee9b33d82058545b1ed14f4c8206e,custom.styleeditor.reload.DAMP,damp,True,damp custom.styleeditor.reload.DAMP opt e10s fission stylo webrender,4775519,77,ms,firefox,,1792780390,2023-11-12 05:45:19,1330766,,,,,,,,,,,,,,,,,,,,,,,,,,,,,,,,,,,,,,,,,,,,,,,,,TN
978,211dc86c8f534a950af69434fa996976b566a6a0,0.15284970110330925,autoland,4775609,12,d42f896683fcaa492a6c00f43ebeea3a7281573d,macosx1015-64-shippable-qr,True,False,,,102210fe594ee9b33d82058545b1ed14f4c8206e,custom.styleeditor.reload.DAMP,damp,True,damp custom.styleeditor.reload.DAMP opt e10s fission stylo webrender,4775519,77,ms,firefox,,1793070842,2023-11-13 00:59:12,1330865,,,,,,,,,,,,,,,,,,,,,,,,,,,,,,,,,,,,,,,,,,,,,,,,,TN
979,25308a5c7e551cda7c3cfd77836eff8610462eae,0.06439563388996583,autoland,4775609,12,d42f896683fcaa492a6c00f43ebeea3a7281573d,macosx1015-64-shippable-qr,True,False,,,102210fe594ee9b33d82058545b1ed14f4c8206e,custom.styleeditor.reload.DAMP,damp,True,damp custom.styleeditor.reload.DAMP opt e10s fission stylo webrender,4775519,77,ms,firefox,,1793194006,2023-11-13 10:08:58,1330949,,,,,,,,,,,,,,,,,,,,,,,,,,,,,,,,,,,,,,,,,,,,,,,,,TN
980,54d191b31d03235c75592d07a8c538749933a18f,0.03197474081490265,autoland,4775609,12,d42f896683fcaa492a6c00f43ebeea3a7281573d,macosx1015-64-shippable-qr,True,False,,,102210fe594ee9b33d82058545b1ed14f4c8206e,custom.styleeditor.reload.DAMP,damp,True,damp custom.styleeditor.reload.DAMP opt e10s fission stylo webrender,4775519,77,ms,firefox,,1793416352,2023-11-13 14:09:58,1331049,,,,,,,,,,,,,,,,,,,,,,,,,,,,,,,,,,,,,,,,,,,,,,,,,TN
981,70f361f21a24a6e9fc53cb014e28172d360fa851,0.10308608565465704,autoland,4775609,12,d42f896683fcaa492a6c00f43ebeea3a7281573d,macosx1015-64-shippable-qr,True,False,,,102210fe594ee9b33d82058545b1ed14f4c8206e,custom.styleeditor.reload.DAMP,damp,True,damp custom.styleeditor.reload.DAMP opt e10s fission stylo webrender,4775519,77,ms,firefox,,1793444065,2023-11-13 15:01:04,1331086,,,,,,,,,,,,,,,,,,,,,,,,,,,,,,,,,,,,,,,,,,,,,,,,,TN
982,9850dc0fc0707517b3a304d673f219842e499cac,0.101301503491814,autoland,4775609,12,d42f896683fcaa492a6c00f43ebeea3a7281573d,macosx1015-64-shippable-qr,True,False,,,102210fe594ee9b33d82058545b1ed14f4c8206e,custom.styleeditor.reload.DAMP,damp,True,damp custom.styleeditor.reload.DAMP opt e10s fission stylo webrender,4775519,77,ms,firefox,,1793526520,2023-11-13 18:41:52,1331218,,,,,,,,,,,,,,,,,,,,,,,,,,,,,,,,,,,,,,,,,,,,,,,,,TN
983,9d523f46c7d8642d6601894c5166ddcd17b6388a,0.10557612697642133,autoland,4775609,12,d42f896683fcaa492a6c00f43ebeea3a7281573d,macosx1015-64-shippable-qr,True,False,,,102210fe594ee9b33d82058545b1ed14f4c8206e,custom.styleeditor.reload.DAMP,damp,True,damp custom.styleeditor.reload.DAMP opt e10s fission stylo webrender,4775519,77,ms,firefox,,1793669794,2023-11-13 22:35:59,1331378,,,,,,,,,,,,,,,,,,,,,,,,,,,,,,,,,,,,,,,,,,,,,,,,,TN
984,2628fd55e661366941f56769829687c53da4669b,0.10708896274113666,autoland,4775609,12,d42f896683fcaa492a6c00f43ebeea3a7281573d,macosx1015-64-shippable-qr,True,False,,,102210fe594ee9b33d82058545b1ed14f4c8206e,custom.styleeditor.reload.DAMP,damp,True,damp custom.styleeditor.reload.DAMP opt e10s fission stylo webrender,4775519,77,ms,firefox,,1793772025,2023-11-14 03:20:13,1331480,,,,,,,,,,,,,,,,,,,,,,,,,,,,,,,,,,,,,,,,,,,,,,,,,TN
985,acdcddac0b907d2e59d6d0fa1f96fff98453093a,0.08510097542272577,autoland,4775609,12,d42f896683fcaa492a6c00f43ebeea3a7281573d,macosx1015-64-shippable-qr,True,False,,,102210fe594ee9b33d82058545b1ed14f4c8206e,custom.styleeditor.reload.DAMP,damp,True,damp custom.styleeditor.reload.DAMP opt e10s fission stylo webrender,4775519,77,ms,firefox,,1793819482,2023-11-14 06:06:45,1331509,,,,,,,,,,,,,,,,,,,,,,,,,,,,,,,,,,,,,,,,,,,,,,,,,TN
986,cee24679e2a2e085bdefdbd66106fa1a805db56d,0.0841027941863608,autoland,4775609,12,d42f896683fcaa492a6c00f43ebeea3a7281573d,macosx1015-64-shippable-qr,True,False,,,102210fe594ee9b33d82058545b1ed14f4c8206e,custom.styleeditor.reload.DAMP,damp,True,damp custom.styleeditor.reload.DAMP opt e10s fission stylo webrender,4775519,77,ms,firefox,,1794207207,2023-11-14 18:32:45,1331906,,,,,,,,,,,,,,,,,,,,,,,,,,,,,,,,,,,,,,,,,,,,,,,,,TN
987,45f7ef4749636f24bbab519e5d4e3851950ccacc,0.07894681478389398,autoland,4775609,12,d42f896683fcaa492a6c00f43ebeea3a7281573d,macosx1015-64-shippable-qr,True,False,,,102210fe594ee9b33d82058545b1ed14f4c8206e,custom.styleeditor.reload.DAMP,damp,True,damp custom.styleeditor.reload.DAMP opt e10s fission stylo webrender,4775519,77,ms,firefox,,1794310071,2023-11-14 20:17:49,1331971,,,,,,,,,,,,,,,,,,,,,,,,,,,,,,,,,,,,,,,,,,,,,,,,,TN
988,0083ca2f4709e599083520545d538d1ee1b8356d,0.2131579090245277,autoland,4775609,12,d42f896683fcaa492a6c00f43ebeea3a7281573d,macosx1015-64-shippable-qr,True,False,,,102210fe594ee9b33d82058545b1ed14f4c8206e,custom.styleeditor.reload.DAMP,damp,True,damp custom.styleeditor.reload.DAMP opt e10s fission stylo webrender,4775519,77,ms,firefox,,1794502910,2023-11-15 01:57:11,1332132,,,,,,,,,,,,,,,,,,,,,,,,,,,,,,,,,,,,,,,,,,,,,,,,,TN
989,d9f2158d4d442a658bb2029948eeebd438457667,0.12724508814508279,autoland,4775609,12,d42f896683fcaa492a6c00f43ebeea3a7281573d,macosx1015-64-shippable-qr,True,False,,,102210fe594ee9b33d82058545b1ed14f4c8206e,custom.styleeditor.reload.DAMP,damp,True,damp custom.styleeditor.reload.DAMP opt e10s fission stylo webrender,4775519,77,ms,firefox,,1794515314,2023-11-15 03:02:01,1332148,,,,,,,,,,,,,,,,,,,,,,,,,,,,,,,,,,,,,,,,,,,,,,,,,TN
990,d12a09b7c773efc37f5d0e37cc52339e25f07b6c,0.21271138212029705,autoland,4775609,12,d42f896683fcaa492a6c00f43ebeea3a7281573d,macosx1015-64-shippable-qr,True,False,,,102210fe594ee9b33d82058545b1ed14f4c8206e,custom.styleeditor.reload.DAMP,damp,True,damp custom.styleeditor.reload.DAMP opt e10s fission stylo webrender,4775519,77,ms,firefox,,1794597927,2023-11-15 07:02:46,1332195,,,,,,,,,,,,,,,,,,,,,,,,,,,,,,,,,,,,,,,,,,,,,,,,,TN
991,571c293cedd28db6ac86fd553e2810f40e382e80,0.194082973474904,autoland,4775609,12,d42f896683fcaa492a6c00f43ebeea3a7281573d,macosx1015-64-shippable-qr,True,False,,,102210fe594ee9b33d82058545b1ed14f4c8206e,custom.styleeditor.reload.DAMP,damp,True,damp custom.styleeditor.reload.DAMP opt e10s fission stylo webrender,4775519,77,ms,firefox,,1794701803,2023-11-15 12:47:49,1332324,,,,,,,,,,,,,,,,,,,,,,,,,,,,,,,,,,,,,,,,,,,,,,,,,TN
992,58fc056d56521455bb36e7bd4fcce81222093c75,0.09166857745194151,autoland,4775609,12,d42f896683fcaa492a6c00f43ebeea3a7281573d,macosx1015-64-shippable-qr,True,False,,,102210fe594ee9b33d82058545b1ed14f4c8206e,custom.styleeditor.reload.DAMP,damp,True,damp custom.styleeditor.reload.DAMP opt e10s fission stylo webrender,4775519,77,ms,firefox,,1794842701,2023-11-15 15:33:52,1332438,,,,,,,,,,,,,,,,,,,,,,,,,,,,,,,,,,,,,,,,,,,,,,,,,TN
993,a70ee84d8943b9a1eaaf0fb3a0df60a1595f5782,0.08112732221874669,autoland,4775609,12,d42f896683fcaa492a6c00f43ebeea3a7281573d,macosx1015-64-shippable-qr,True,False,,,102210fe594ee9b33d82058545b1ed14f4c8206e,custom.styleeditor.reload.DAMP,damp,True,damp custom.styleeditor.reload.DAMP opt e10s fission stylo webrender,4775519,77,ms,firefox,,1795096251,2023-11-15 16:43:35,1332515,,,,,,,,,,,,,,,,,,,,,,,,,,,,,,,,,,,,,,,,,,,,,,,,,TN
994,eb78feb610e5d895bd63b81693cde56dd08d82df,0.11171161684714603,autoland,4775609,12,d42f896683fcaa492a6c00f43ebeea3a7281573d,macosx1015-64-shippable-qr,True,False,,,102210fe594ee9b33d82058545b1ed14f4c8206e,custom.styleeditor.reload.DAMP,damp,True,damp custom.styleeditor.reload.DAMP opt e10s fission stylo webrender,4775519,77,ms,firefox,,1795128168,2023-11-15 23:08:22,1332792,,,,,,,,,,,,,,,,,,,,,,,,,,,,,,,,,,,,,,,,,,,,,,,,,TN
995,ffd7ebdedeacec6717a3e8904121052ebbe61fe6,0.09580364081205645,autoland,4775609,12,d42f896683fcaa492a6c00f43ebeea3a7281573d,macosx1015-64-shippable-qr,True,False,,,102210fe594ee9b33d82058545b1ed14f4c8206e,custom.styleeditor.reload.DAMP,damp,True,damp custom.styleeditor.reload.DAMP opt e10s fission stylo webrender,4775519,77,ms,firefox,,1795410691,2023-11-16 09:33:00,1332997,,,,,,,,,,,,,,,,,,,,,,,,,,,,,,,,,,,,,,,,,,,,,,,,,TN
996,71ef91d3bf98c6475cfe762c0152d5b31588182c,0.1318196402572066,autoland,4775609,12,d42f896683fcaa492a6c00f43ebeea3a7281573d,macosx1015-64-shippable-qr,True,False,,,102210fe594ee9b33d82058545b1ed14f4c8206e,custom.styleeditor.reload.DAMP,damp,True,damp custom.styleeditor.reload.DAMP opt e10s fission stylo webrender,4775519,77,ms,firefox,,1795473497,2023-11-16 13:34:03,1333089,,,,,,,,,,,,,,,,,,,,,,,,,,,,,,,,,,,,,,,,,,,,,,,,,TN
997,5dba86b1842a5256c2845d69a7cebd605267d535,0.1403921875639273,autoland,4775609,12,d42f896683fcaa492a6c00f43ebeea3a7281573d,macosx1015-64-shippable-qr,True,False,,,102210fe594ee9b33d82058545b1ed14f4c8206e,custom.styleeditor.reload.DAMP,damp,True,damp custom.styleeditor.reload.DAMP opt e10s fission stylo webrender,4775519,77,ms,firefox,,1795484968,2023-11-16 15:30:11,1333183,,,,,,,,,,,,,,,,,,,,,,,,,,,,,,,,,,,,,,,,,,,,,,,,,TN
998,53b2405c0e70ae3283dbbba0d568665110f0db23,0.12151565100364814,autoland,4775609,12,d42f896683fcaa492a6c00f43ebeea3a7281573d,macosx1015-64-shippable-qr,True,False,,,102210fe594ee9b33d82058545b1ed14f4c8206e,custom.styleeditor.reload.DAMP,damp,True,damp custom.styleeditor.reload.DAMP opt e10s fission stylo webrender,4775519,77,ms,firefox,,1795555675,2023-11-16 20:27:49,1333335,,,,,,,,,,,,,,,,,,,,,,,,,,,,,,,,,,,,,,,,,,,,,,,,,TN
999,3b45d04f6865b297c8b2548a2c24424c5e9467e9,0.07398229824464769,autoland,4775609,12,d42f896683fcaa492a6c00f43ebeea3a7281573d,macosx1015-64-shippable-qr,True,False,,,102210fe594ee9b33d82058545b1ed14f4c8206e,custom.styleeditor.reload.DAMP,damp,True,damp custom.styleeditor.reload.DAMP opt e10s fission stylo webrender,4775519,77,ms,firefox,,1795610902,2023-11-16 23:04:46,1333418,,,,,,,,,,,,,,,,,,,,,,,,,,,,,,,,,,,,,,,,,,,,,,,,,TN
1000,8a71397fb808df79e78f3023bf95b46f7cc2d2a4,0.08868893832334501,autoland,4775609,12,d42f896683fcaa492a6c00f43ebeea3a7281573d,macosx1015-64-shippable-qr,True,False,,,102210fe594ee9b33d82058545b1ed14f4c8206e,custom.styleeditor.reload.DAMP,damp,True,damp custom.styleeditor.reload.DAMP opt e10s fission stylo webrender,4775519,77,ms,firefox,,1795775111,2023-11-17 06:40:14,1333538,,,,,,,,,,,,,,,,,,,,,,,,,,,,,,,,,,,,,,,,,,,,,,,,,TN
1001,ff5810792fa57d1b0a1076b4c90b3a83ac0242ca,0.07750561502314363,autoland,4775609,12,d42f896683fcaa492a6c00f43ebeea3a7281573d,macosx1015-64-shippable-qr,True,False,,,102210fe594ee9b33d82058545b1ed14f4c8206e,custom.styleeditor.reload.DAMP,damp,True,damp custom.styleeditor.reload.DAMP opt e10s fission stylo webrender,4775519,77,ms,firefox,,1795898561,2023-11-17 10:54:07,1333644,,,,,,,,,,,,,,,,,,,,,,,,,,,,,,,,,,,,,,,,,,,,,,,,,TN
1002,f3b46286b5bad609725e65f541d6609a1bafcbce,0.07194512425275784,autoland,4775609,12,d42f896683fcaa492a6c00f43ebeea3a7281573d,macosx1015-64-shippable-qr,True,False,,,102210fe594ee9b33d82058545b1ed14f4c8206e,custom.styleeditor.reload.DAMP,damp,True,damp custom.styleeditor.reload.DAMP opt e10s fission stylo webrender,4775519,77,ms,firefox,,1796070780,2023-11-17 15:35:00,1333770,,,,,,,,,,,,,,,,,,,,,,,,,,,,,,,,,,,,,,,,,,,,,,,,,TN
1003,b3bec7a68bb8ccbb4c637b64bec4dc0c806fecb3,0.06257155338204218,autoland,4775609,12,d42f896683fcaa492a6c00f43ebeea3a7281573d,macosx1015-64-shippable-qr,True,False,,,102210fe594ee9b33d82058545b1ed14f4c8206e,custom.styleeditor.reload.DAMP,damp,True,damp custom.styleeditor.reload.DAMP opt e10s fission stylo webrender,4775519,77,ms,firefox,,1796202556,2023-11-17 21:05:40,1334007,,,,,,,,,,,,,,,,,,,,,,,,,,,,,,,,,,,,,,,,,,,,,,,,,TN
1004,391181d97b6bb5b53fe8a1186c8a1a85971812de,0.09712561599642772,autoland,4775609,12,d42f896683fcaa492a6c00f43ebeea3a7281573d,macosx1015-64-shippable-qr,True,False,,,102210fe594ee9b33d82058545b1ed14f4c8206e,custom.styleeditor.reload.DAMP,damp,True,damp custom.styleeditor.reload.DAMP opt e10s fission stylo webrender,4775519,77,ms,firefox,,1796263187,2023-11-18 01:23:43,1334085,,,,,,,,,,,,,,,,,,,,,,,,,,,,,,,,,,,,,,,,,,,,,,,,,TN
1005,2cf1b902ea75e1237bbd69eaf02c889bc2924d10,0.0806927131645151,autoland,4775609,12,d42f896683fcaa492a6c00f43ebeea3a7281573d,macosx1015-64-shippable-qr,True,False,,,102210fe594ee9b33d82058545b1ed14f4c8206e,custom.styleeditor.reload.DAMP,damp,True,damp custom.styleeditor.reload.DAMP opt e10s fission stylo webrender,4775519,77,ms,firefox,,1796434782,2023-11-18 14:15:26,1334153,,,,,,,,,,,,,,,,,,,,,,,,,,,,,,,,,,,,,,,,,,,,,,,,,TN
1006,98917be406eeca58f61d8aeaf62aa4cae5be2137,0.11588776818410085,autoland,4775609,12,d42f896683fcaa492a6c00f43ebeea3a7281573d,macosx1015-64-shippable-qr,True,False,,,102210fe594ee9b33d82058545b1ed14f4c8206e,custom.styleeditor.reload.DAMP,damp,True,damp custom.styleeditor.reload.DAMP opt e10s fission stylo webrender,4775519,77,ms,firefox,,1796551297,2023-11-19 06:03:16,1334239,,,,,,,,,,,,,,,,,,,,,,,,,,,,,,,,,,,,,,,,,,,,,,,,,TN
1007,b403bb5b1c833d29961882402a090cf08f44c190,0.1986708696077113,autoland,4775609,12,d42f896683fcaa492a6c00f43ebeea3a7281573d,macosx1015-64-shippable-qr,True,False,,,102210fe594ee9b33d82058545b1ed14f4c8206e,custom.styleeditor.reload.DAMP,damp,True,damp custom.styleeditor.reload.DAMP opt e10s fission stylo webrender,4775519,77,ms,firefox,,1796618227,2023-11-19 11:10:53,1334278,,,,,,,,,,,,,,,,,,,,,,,,,,,,,,,,,,,,,,,,,,,,,,,,,TN
1008,1044018d08bd15166ae94a05bf5299b0701f4109,0.11853316063078939,autoland,4775609,12,d42f896683fcaa492a6c00f43ebeea3a7281573d,macosx1015-64-shippable-qr,True,False,,,102210fe594ee9b33d82058545b1ed14f4c8206e,custom.styleeditor.reload.DAMP,damp,True,damp custom.styleeditor.reload.DAMP opt e10s fission stylo webrender,4775519,77,ms,firefox,,1796690115,2023-11-19 15:28:11,1334290,,,,,,,,,,,,,,,,,,,,,,,,,,,,,,,,,,,,,,,,,,,,,,,,,TN
1009,73f60b8af6dadb15fb13d768baf6b4c3313d939b,0.08789838065790445,autoland,4775609,12,d42f896683fcaa492a6c00f43ebeea3a7281573d,macosx1015-64-shippable-qr,True,False,,,102210fe594ee9b33d82058545b1ed14f4c8206e,custom.styleeditor.reload.DAMP,damp,True,damp custom.styleeditor.reload.DAMP opt e10s fission stylo webrender,4775519,77,ms,firefox,,1796793298,2023-11-20 01:53:49,1334371,,,,,,,,,,,,,,,,,,,,,,,,,,,,,,,,,,,,,,,,,,,,,,,,,TN
1010,86da25fdbc81a93ed888df6b8a9f7cc128fb9b5b,0.24004405864645356,autoland,4775609,12,d42f896683fcaa492a6c00f43ebeea3a7281573d,macosx1015-64-shippable-qr,True,False,,,102210fe594ee9b33d82058545b1ed14f4c8206e,custom.styleeditor.reload.DAMP,damp,True,damp custom.styleeditor.reload.DAMP opt e10s fission stylo webrender,4775519,77,ms,firefox,,1797051065,2023-11-20 09:30:46,1334455,,,,,,,,,,,,,,,,,,,,,,,,,,,,,,,,,,,,,,,,,,,,,,,,,TN
1011,de35cb5de97565935b503eade2990b5c385c7293,0.10906748985266407,autoland,4775609,12,d42f896683fcaa492a6c00f43ebeea3a7281573d,macosx1015-64-shippable-qr,True,False,,,102210fe594ee9b33d82058545b1ed14f4c8206e,custom.styleeditor.reload.DAMP,damp,True,damp custom.styleeditor.reload.DAMP opt e10s fission stylo webrender,4775519,77,ms,firefox,,1797107343,2023-11-20 12:44:46,1334619,,,,,,,,,,,,,,,,,,,,,,,,,,,,,,,,,,,,,,,,,,,,,,,,,TN
1012,f78453d754386d0000dae39e031b91b0d0c4b07f,0.11108752346726664,autoland,4775609,12,d42f896683fcaa492a6c00f43ebeea3a7281573d,macosx1015-64-shippable-qr,True,False,,,102210fe594ee9b33d82058545b1ed14f4c8206e,custom.styleeditor.reload.DAMP,damp,True,damp custom.styleeditor.reload.DAMP opt e10s fission stylo webrender,4775519,77,ms,firefox,,1797349911,2023-11-20 16:13:55,1334757,,,,,,,,,,,,,,,,,,,,,,,,,,,,,,,,,,,,,,,,,,,,,,,,,TN
1013,a2089603188c4136890163ddd71b1d4e60e1c396,0.09689021007242543,autoland,4775609,12,d42f896683fcaa492a6c00f43ebeea3a7281573d,macosx1015-64-shippable-qr,True,False,,,102210fe594ee9b33d82058545b1ed14f4c8206e,custom.styleeditor.reload.DAMP,damp,True,damp custom.styleeditor.reload.DAMP opt e10s fission stylo webrender,4775519,77,ms,firefox,,1797363522,2023-11-20 18:08:54,1334868,,,,,,,,,,,,,,,,,,,,,,,,,,,,,,,,,,,,,,,,,,,,,,,,,TN
1014,7b567ceeead73f84de62ab77b4b6c87450b347fa,0.06890632372531463,autoland,4775609,12,d42f896683fcaa492a6c00f43ebeea3a7281573d,macosx1015-64-shippable-qr,True,False,,,102210fe594ee9b33d82058545b1ed14f4c8206e,custom.styleeditor.reload.DAMP,damp,True,damp custom.styleeditor.reload.DAMP opt e10s fission stylo webrender,4775519,77,ms,firefox,,1797568667,2023-11-20 23:09:27,1335119,,,,,,,,,,,,,,,,,,,,,,,,,,,,,,,,,,,,,,,,,,,,,,,,,TN
1015,b9fe9a49496aa38ca77c335f20236610ef01a582,0.10943370469855662,autoland,4775609,12,d42f896683fcaa492a6c00f43ebeea3a7281573d,macosx1015-64-shippable-qr,True,False,,,102210fe594ee9b33d82058545b1ed14f4c8206e,custom.styleeditor.reload.DAMP,damp,True,damp custom.styleeditor.reload.DAMP opt e10s fission stylo webrender,4775519,77,ms,firefox,,1797653059,2023-11-21 01:49:39,1335206,,,,,,,,,,,,,,,,,,,,,,,,,,,,,,,,,,,,,,,,,,,,,,,,,TN
1016,fddad0a59b2d028b2147493bf9ba8cc953d9e3eb,0.06208362364636827,autoland,4775609,12,d42f896683fcaa492a6c00f43ebeea3a7281573d,macosx1015-64-shippable-qr,True,False,,,102210fe594ee9b33d82058545b1ed14f4c8206e,custom.styleeditor.reload.DAMP,damp,True,damp custom.styleeditor.reload.DAMP opt e10s fission stylo webrender,4775519,77,ms,firefox,,1797796807,2023-11-21 08:38:33,1335289,,,,,,,,,,,,,,,,,,,,,,,,,,,,,,,,,,,,,,,,,,,,,,,,,TN
1017,1ff1d467cb8d49467127613245f448026cd7df9e,0.12911257415718058,autoland,4775609,12,d42f896683fcaa492a6c00f43ebeea3a7281573d,macosx1015-64-shippable-qr,True,False,,,102210fe594ee9b33d82058545b1ed14f4c8206e,custom.styleeditor.reload.DAMP,damp,True,damp custom.styleeditor.reload.DAMP opt e10s fission stylo webrender,4775519,77,ms,firefox,,1797901065,2023-11-21 12:15:20,1335466,,,,,,,,,,,,,,,,,,,,,,,,,,,,,,,,,,,,,,,,,,,,,,,,,TN
1018,cbc5eb28277f8e6d60fede93a822ede9eb7f01a5,0.07002367523387759,autoland,4775609,12,d42f896683fcaa492a6c00f43ebeea3a7281573d,macosx1015-64-shippable-qr,True,False,,,102210fe594ee9b33d82058545b1ed14f4c8206e,custom.styleeditor.reload.DAMP,damp,True,damp custom.styleeditor.reload.DAMP opt e10s fission stylo webrender,4775519,77,ms,firefox,,1798152849,2023-11-21 17:01:46,1335682,,,,,,,,,,,,,,,,,,,,,,,,,,,,,,,,,,,,,,,,,,,,,,,,,TN
1019,62f686461927825493253d0f82a43804b3eddf71,0.10516166532548088,autoland,4775609,12,d42f896683fcaa492a6c00f43ebeea3a7281573d,macosx1015-64-shippable-qr,True,False,,,102210fe594ee9b33d82058545b1ed14f4c8206e,custom.styleeditor.reload.DAMP,damp,True,damp custom.styleeditor.reload.DAMP opt e10s fission stylo webrender,4775519,77,ms,firefox,,1798245962,2023-11-21 21:47:24,1335911,,,,,,,,,,,,,,,,,,,,,,,,,,,,,,,,,,,,,,,,,,,,,,,,,TN
1020,ef0b50d89a7f6107932087c2c1adc2f6fd9ab06a,0.12466001448960268,autoland,4775609,12,d42f896683fcaa492a6c00f43ebeea3a7281573d,macosx1015-64-shippable-qr,True,False,,,102210fe594ee9b33d82058545b1ed14f4c8206e,custom.styleeditor.reload.DAMP,damp,True,damp custom.styleeditor.reload.DAMP opt e10s fission stylo webrender,4775519,77,ms,firefox,,1798263550,2023-11-21 21:50:11,1335914,,,,,,,,,,,,,,,,,,,,,,,,,,,,,,,,,,,,,,,,,,,,,,,,,TN
1021,7dc6122ebd68b46a9d4320c40c86f20c2b78984a,0.16688328681470027,autoland,4775609,12,d42f896683fcaa492a6c00f43ebeea3a7281573d,macosx1015-64-shippable-qr,True,False,,,102210fe594ee9b33d82058545b1ed14f4c8206e,custom.styleeditor.reload.DAMP,damp,True,damp custom.styleeditor.reload.DAMP opt e10s fission stylo webrender,4775519,77,ms,firefox,,1798342999,2023-11-22 01:56:32,1336017,,,,,,,,,,,,,,,,,,,,,,,,,,,,,,,,,,,,,,,,,,,,,,,,,TN
1022,ed20a8b98a8f2d8593dbbbd9b5df993e3e91433f,0.06134261937772656,autoland,4775609,12,d42f896683fcaa492a6c00f43ebeea3a7281573d,macosx1015-64-shippable-qr,True,False,,,102210fe594ee9b33d82058545b1ed14f4c8206e,custom.styleeditor.reload.DAMP,damp,True,damp custom.styleeditor.reload.DAMP opt e10s fission stylo webrender,4775519,77,ms,firefox,,1798436171,2023-11-22 05:59:37,1336060,,,,,,,,,,,,,,,,,,,,,,,,,,,,,,,,,,,,,,,,,,,,,,,,,TN
1023,0222787eb3244ffb2e62210f697d039bdef46036,0.16936130661481957,autoland,4775609,12,d42f896683fcaa492a6c00f43ebeea3a7281573d,macosx1015-64-shippable-qr,True,False,,,102210fe594ee9b33d82058545b1ed14f4c8206e,custom.styleeditor.reload.DAMP,damp,True,damp custom.styleeditor.reload.DAMP opt e10s fission stylo webrender,4775519,77,ms,firefox,,1798463899,2023-11-22 07:16:13,1336076,,,,,,,,,,,,,,,,,,,,,,,,,,,,,,,,,,,,,,,,,,,,,,,,,TN
1024,b90083f581e182455cf23aaacb125b728b3ccb32,0.11832592651415197,autoland,4775609,12,d42f896683fcaa492a6c00f43ebeea3a7281573d,macosx1015-64-shippable-qr,True,False,,,102210fe594ee9b33d82058545b1ed14f4c8206e,custom.styleeditor.reload.DAMP,damp,True,damp custom.styleeditor.reload.DAMP opt e10s fission stylo webrender,4775519,77,ms,firefox,,1798724481,2023-11-22 13:00:34,1336296,,,,,,,,,,,,,,,,,,,,,,,,,,,,,,,,,,,,,,,,,,,,,,,,,TN
1025,f4fae08660c1f3323af7bdef3ed152a3d34bc751,0.07761996099881213,autoland,4775609,12,d42f896683fcaa492a6c00f43ebeea3a7281573d,macosx1015-64-shippable-qr,True,False,,,102210fe594ee9b33d82058545b1ed14f4c8206e,custom.styleeditor.reload.DAMP,damp,True,damp custom.styleeditor.reload.DAMP opt e10s fission stylo webrender,4775519,77,ms,firefox,,1798991428,2023-11-22 16:22:37,1336410,,,,,,,,,,,,,,,,,,,,,,,,,,,,,,,,,,,,,,,,,,,,,,,,,TN
1026,bcdbc1e5d9a7c0fea2fcdc91ab0eebe908b34ece,0.09798638294662138,autoland,4775609,12,d42f896683fcaa492a6c00f43ebeea3a7281573d,macosx1015-64-shippable-qr,True,False,,,102210fe594ee9b33d82058545b1ed14f4c8206e,custom.styleeditor.reload.DAMP,damp,True,damp custom.styleeditor.reload.DAMP opt e10s fission stylo webrender,4775519,77,ms,firefox,,1799148294,2023-11-22 19:14:54,1336555,,,,,,,,,,,,,,,,,,,,,,,,,,,,,,,,,,,,,,,,,,,,,,,,,TN
1027,3122924cd341ff55738fd6a06d4bd708010c15e4,0.09410056320565652,autoland,4775609,12,d42f896683fcaa492a6c00f43ebeea3a7281573d,macosx1015-64-shippable-qr,True,False,,,102210fe594ee9b33d82058545b1ed14f4c8206e,custom.styleeditor.reload.DAMP,damp,True,damp custom.styleeditor.reload.DAMP opt e10s fission stylo webrender,4775519,77,ms,firefox,,1799175854,2023-11-22 23:02:09,1336681,,,,,,,,,,,,,,,,,,,,,,,,,,,,,,,,,,,,,,,,,,,,,,,,,TN
1028,8366d9b1b0ca63aa3b706dd53ce23f052221c11b,0.07523142847114594,autoland,4775609,12,d42f896683fcaa492a6c00f43ebeea3a7281573d,macosx1015-64-shippable-qr,True,False,,,102210fe594ee9b33d82058545b1ed14f4c8206e,custom.styleeditor.reload.DAMP,damp,True,damp custom.styleeditor.reload.DAMP opt e10s fission stylo webrender,4775519,77,ms,firefox,,1799360765,2023-11-23 04:10:29,1336756,,,,,,,,,,,,,,,,,,,,,,,,,,,,,,,,,,,,,,,,,,,,,,,,,TN
1029,023a5c518562ad97c805915ae5addfcad59d1223,0.11361390581165781,autoland,4775609,12,d42f896683fcaa492a6c00f43ebeea3a7281573d,macosx1015-64-shippable-qr,True,False,,,102210fe594ee9b33d82058545b1ed14f4c8206e,custom.styleeditor.reload.DAMP,damp,True,damp custom.styleeditor.reload.DAMP opt e10s fission stylo webrender,4775519,77,ms,firefox,,1799482702,2023-11-23 08:19:48,1336795,,,,,,,,,,,,,,,,,,,,,,,,,,,,,,,,,,,,,,,,,,,,,,,,,TN
1030,7392664630b156e348b2a77aef6fdd70004c9b47,0.04755028798713329,autoland,4775609,12,d42f896683fcaa492a6c00f43ebeea3a7281573d,macosx1015-64-shippable-qr,True,False,,,102210fe594ee9b33d82058545b1ed14f4c8206e,custom.styleeditor.reload.DAMP,damp,True,damp custom.styleeditor.reload.DAMP opt e10s fission stylo webrender,4775519,77,ms,firefox,,1799582588,2023-11-23 10:10:14,1336839,,,,,,,,,,,,,,,,,,,,,,,,,,,,,,,,,,,,,,,,,,,,,,,,,TN
1031,872aa271adfdb73a79c09de279f0001bf419850c,0.06334037346391697,autoland,4775609,12,d42f896683fcaa492a6c00f43ebeea3a7281573d,macosx1015-64-shippable-qr,True,False,,,102210fe594ee9b33d82058545b1ed14f4c8206e,custom.styleeditor.reload.DAMP,damp,True,damp custom.styleeditor.reload.DAMP opt e10s fission stylo webrender,4775519,77,ms,firefox,,1799819116,2023-11-23 15:57:23,1337066,,,,,,,,,,,,,,,,,,,,,,,,,,,,,,,,,,,,,,,,,,,,,,,,,TN
1032,180501fca2278e97c30e09ab097da1cb514f5ca1,0.07871481192251495,autoland,4775609,12,d42f896683fcaa492a6c00f43ebeea3a7281573d,macosx1015-64-shippable-qr,True,False,,,102210fe594ee9b33d82058545b1ed14f4c8206e,custom.styleeditor.reload.DAMP,damp,True,damp custom.styleeditor.reload.DAMP opt e10s fission stylo webrender,4775519,77,ms,firefox,,1799972107,2023-11-23 19:58:47,1337231,,,,,,,,,,,,,,,,,,,,,,,,,,,,,,,,,,,,,,,,,,,,,,,,,TN
1033,29d489a7e05adef3300e076dd1c46d14928ddf24,0.18892595351639008,autoland,4775609,12,d42f896683fcaa492a6c00f43ebeea3a7281573d,macosx1015-64-shippable-qr,True,False,,,102210fe594ee9b33d82058545b1ed14f4c8206e,custom.styleeditor.reload.DAMP,damp,True,damp custom.styleeditor.reload.DAMP opt e10s fission stylo webrender,4775519,77,ms,firefox,,1800031827,2023-11-23 23:50:52,1337321,,,,,,,,,,,,,,,,,,,,,,,,,,,,,,,,,,,,,,,,,,,,,,,,,TN
1034,dbd1a6aef0a74dc60875a4904d9eddb5ca9afbb7,0.09511100457299815,autoland,4775609,12,d42f896683fcaa492a6c00f43ebeea3a7281573d,macosx1015-64-shippable-qr,True,False,,,102210fe594ee9b33d82058545b1ed14f4c8206e,custom.styleeditor.reload.DAMP,damp,True,damp custom.styleeditor.reload.DAMP opt e10s fission stylo webrender,4775519,77,ms,firefox,,1800213142,2023-11-24 05:36:58,1337356,,,,,,,,,,,,,,,,,,,,,,,,,,,,,,,,,,,,,,,,,,,,,,,,,TN
1035,8bec1f302a76929843c944e27b75ddcbf1f21954,0.11011619921862709,autoland,4775609,12,d42f896683fcaa492a6c00f43ebeea3a7281573d,macosx1015-64-shippable-qr,True,False,,,102210fe594ee9b33d82058545b1ed14f4c8206e,custom.styleeditor.reload.DAMP,damp,True,damp custom.styleeditor.reload.DAMP opt e10s fission stylo webrender,4775519,77,ms,firefox,,1800360634,2023-11-24 09:28:03,1337436,,,,,,,,,,,,,,,,,,,,,,,,,,,,,,,,,,,,,,,,,,,,,,,,,TN
1036,1e01aa4b558aff87267a6384c318e6963b66a0d8,0.15944021291868127,autoland,4775609,12,d42f896683fcaa492a6c00f43ebeea3a7281573d,macosx1015-64-shippable-qr,True,False,,,102210fe594ee9b33d82058545b1ed14f4c8206e,custom.styleeditor.reload.DAMP,damp,True,damp custom.styleeditor.reload.DAMP opt e10s fission stylo webrender,4775519,77,ms,firefox,,1800445874,2023-11-24 13:31:32,1337559,,,,,,,,,,,,,,,,,,,,,,,,,,,,,,,,,,,,,,,,,,,,,,,,,TN
1037,6354cfb105a6c9a46216d5c8ea95ee463892366e,0.10636028991201302,autoland,4775609,12,d42f896683fcaa492a6c00f43ebeea3a7281573d,macosx1015-64-shippable-qr,True,False,,,102210fe594ee9b33d82058545b1ed14f4c8206e,custom.styleeditor.reload.DAMP,damp,True,damp custom.styleeditor.reload.DAMP opt e10s fission stylo webrender,4775519,77,ms,firefox,,1800457777,2023-11-24 14:07:25,1337582,,,,,,,,,,,,,,,,,,,,,,,,,,,,,,,,,,,,,,,,,,,,,,,,,TN
1038,8875acba4f482b90d60501b953fb4530b361bd8f,0.11162925878242724,autoland,4775609,12,d42f896683fcaa492a6c00f43ebeea3a7281573d,macosx1015-64-shippable-qr,True,False,,,102210fe594ee9b33d82058545b1ed14f4c8206e,custom.styleeditor.reload.DAMP,damp,True,damp custom.styleeditor.reload.DAMP opt e10s fission stylo webrender,4775519,77,ms,firefox,,1800677843,2023-11-24 21:54:25,1337760,,,,,,,,,,,,,,,,,,,,,,,,,,,,,,,,,,,,,,,,,,,,,,,,,TN
1039,a137631f73ce188671f50c5225295d64d427fec2,0.07500800238072897,autoland,4775609,12,d42f896683fcaa492a6c00f43ebeea3a7281573d,macosx1015-64-shippable-qr,True,False,,,102210fe594ee9b33d82058545b1ed14f4c8206e,custom.styleeditor.reload.DAMP,damp,True,damp custom.styleeditor.reload.DAMP opt e10s fission stylo webrender,4775519,77,ms,firefox,,1800731464,2023-11-25 04:13:26,1337799,,,,,,,,,,,,,,,,,,,,,,,,,,,,,,,,,,,,,,,,,,,,,,,,,TN
1040,860c52f225fa7410ed4a4bf3bd0eb0846483e08d,0.18686448031900882,autoland,4775609,12,d42f896683fcaa492a6c00f43ebeea3a7281573d,macosx1015-64-shippable-qr,True,False,,,102210fe594ee9b33d82058545b1ed14f4c8206e,custom.styleeditor.reload.DAMP,damp,True,damp custom.styleeditor.reload.DAMP opt e10s fission stylo webrender,4775519,77,ms,firefox,,1800826156,2023-11-25 09:26:54,1337840,,,,,,,,,,,,,,,,,,,,,,,,,,,,,,,,,,,,,,,,,,,,,,,,,TN
1041,2ff68fa9f49916065f4ebb7a74c0940bf425f396,0.15375383735487502,autoland,4775609,12,d42f896683fcaa492a6c00f43ebeea3a7281573d,macosx1015-64-shippable-qr,True,False,,,102210fe594ee9b33d82058545b1ed14f4c8206e,custom.styleeditor.reload.DAMP,damp,True,damp custom.styleeditor.reload.DAMP opt e10s fission stylo webrender,4775519,77,ms,firefox,,1800868911,2023-11-25 14:41:03,1337869,,,,,,,,,,,,,,,,,,,,,,,,,,,,,,,,,,,,,,,,,,,,,,,,,TN
1042,0cd5e7d76f8ac3e26423c36c9d06f91a310dab45,0.157936394392238,autoland,4775609,12,d42f896683fcaa492a6c00f43ebeea3a7281573d,macosx1015-64-shippable-qr,True,False,,,102210fe594ee9b33d82058545b1ed14f4c8206e,custom.styleeditor.reload.DAMP,damp,True,damp custom.styleeditor.reload.DAMP opt e10s fission stylo webrender,4775519,77,ms,firefox,,1801001678,2023-11-26 15:57:31,1337946,,,,,,,,,,,,,,,,,,,,,,,,,,,,,,,,,,,,,,,,,,,,,,,,,TN
1043,ffaaa99c517223770b014031e25b54d585f95ef2,0.0996614341053721,autoland,4775609,12,d42f896683fcaa492a6c00f43ebeea3a7281573d,macosx1015-64-shippable-qr,True,False,,,102210fe594ee9b33d82058545b1ed14f4c8206e,custom.styleeditor.reload.DAMP,damp,True,damp custom.styleeditor.reload.DAMP opt e10s fission stylo webrender,4775519,77,ms,firefox,,1801032284,2023-11-26 18:39:37,1337950,,,,,,,,,,,,,,,,,,,,,,,,,,,,,,,,,,,,,,,,,,,,,,,,,TN
1044,edf9292c0bc9c671afa4de12648c16622e9d418c,0.08820204859521474,autoland,4775609,12,d42f896683fcaa492a6c00f43ebeea3a7281573d,macosx1015-64-shippable-qr,True,False,,,102210fe594ee9b33d82058545b1ed14f4c8206e,custom.styleeditor.reload.DAMP,damp,True,damp custom.styleeditor.reload.DAMP opt e10s fission stylo webrender,4775519,77,ms,firefox,,1801183199,2023-11-27 01:49:37,1337984,,,,,,,,,,,,,,,,,,,,,,,,,,,,,,,,,,,,,,,,,,,,,,,,,TN
1045,c1a92ff5b44e8a296b847ed428ebeec04f7f8f72,0.10994054381166529,autoland,4775609,12,d42f896683fcaa492a6c00f43ebeea3a7281573d,macosx1015-64-shippable-qr,True,False,,,102210fe594ee9b33d82058545b1ed14f4c8206e,custom.styleeditor.reload.DAMP,damp,True,damp custom.styleeditor.reload.DAMP opt e10s fission stylo webrender,4775519,77,ms,firefox,,1801331014,2023-11-27 10:22:36,1338085,,,,,,,,,,,,,,,,,,,,,,,,,,,,,,,,,,,,,,,,,,,,,,,,,TN
1046,9ca2bcf6799b1a5f71d2d58db26f6b6c16a90427,0.08846761528613062,autoland,4775609,12,d42f896683fcaa492a6c00f43ebeea3a7281573d,macosx1015-64-shippable-qr,True,False,,,102210fe594ee9b33d82058545b1ed14f4c8206e,custom.styleeditor.reload.DAMP,damp,True,damp custom.styleeditor.reload.DAMP opt e10s fission stylo webrender,4775519,77,ms,firefox,,1801412822,2023-11-27 14:05:43,1338215,,,,,,,,,,,,,,,,,,,,,,,,,,,,,,,,,,,,,,,,,,,,,,,,,TN
1047,6aa54d6d7cbf1a46e62c6765c489a940322b6bca,0.10844193190521267,autoland,4775609,12,d42f896683fcaa492a6c00f43ebeea3a7281573d,macosx1015-64-shippable-qr,True,False,,,102210fe594ee9b33d82058545b1ed14f4c8206e,custom.styleeditor.reload.DAMP,damp,True,damp custom.styleeditor.reload.DAMP opt e10s fission stylo webrender,4775519,77,ms,firefox,,1801570251,2023-11-27 17:34:20,1338399,,,,,,,,,,,,,,,,,,,,,,,,,,,,,,,,,,,,,,,,,,,,,,,,,TN
1048,fbcb2af38cdaecde2b2da1efc0fc49b82fa9749e,0.08619988160785852,autoland,4775609,12,d42f896683fcaa492a6c00f43ebeea3a7281573d,macosx1015-64-shippable-qr,True,False,,,102210fe594ee9b33d82058545b1ed14f4c8206e,custom.styleeditor.reload.DAMP,damp,True,damp custom.styleeditor.reload.DAMP opt e10s fission stylo webrender,4775519,77,ms,firefox,,1801893482,2023-11-28 05:10:16,1338781,,,,,,,,,,,,,,,,,,,,,,,,,,,,,,,,,,,,,,,,,,,,,,,,,TN
1049,785b3d438fe5a8cba4caf5f4a2ed7250d324096c,0.05363582732737304,autoland,4775609,12,d42f896683fcaa492a6c00f43ebeea3a7281573d,macosx1015-64-shippable-qr,True,False,,,102210fe594ee9b33d82058545b1ed14f4c8206e,custom.styleeditor.reload.DAMP,damp,True,damp custom.styleeditor.reload.DAMP opt e10s fission stylo webrender,4775519,77,ms,firefox,,1801987422,2023-11-28 08:42:21,1338855,,,,,,,,,,,,,,,,,,,,,,,,,,,,,,,,,,,,,,,,,,,,,,,,,TN
1050,1957c4453ab1dfba8b7820dbf2fe772220e6eedc,0.12447121198321931,autoland,4775609,12,d42f896683fcaa492a6c00f43ebeea3a7281573d,macosx1015-64-shippable-qr,True,False,,,102210fe594ee9b33d82058545b1ed14f4c8206e,custom.styleeditor.reload.DAMP,damp,True,damp custom.styleeditor.reload.DAMP opt e10s fission stylo webrender,4775519,77,ms,firefox,,1802134585,2023-11-28 13:17:34,1339007,,,,,,,,,,,,,,,,,,,,,,,,,,,,,,,,,,,,,,,,,,,,,,,,,TN
1051,0745c3e29ba3856c91cbae74bd41d2135137bfd0,0.07076451768699471,autoland,4775609,12,d42f896683fcaa492a6c00f43ebeea3a7281573d,macosx1015-64-shippable-qr,True,False,,,102210fe594ee9b33d82058545b1ed14f4c8206e,custom.styleeditor.reload.DAMP,damp,True,damp custom.styleeditor.reload.DAMP opt e10s fission stylo webrender,4775519,77,ms,firefox,,1802168117,2023-11-28 14:12:32,1339043,,,,,,,,,,,,,,,,,,,,,,,,,,,,,,,,,,,,,,,,,,,,,,,,,TN
1052,691b7e1a899214d8685841da762bd2b2415fa569,0.11300801201505511,autoland,4775609,12,d42f896683fcaa492a6c00f43ebeea3a7281573d,macosx1015-64-shippable-qr,True,False,,,102210fe594ee9b33d82058545b1ed14f4c8206e,custom.styleeditor.reload.DAMP,damp,True,damp custom.styleeditor.reload.DAMP opt e10s fission stylo webrender,4775519,77,ms,firefox,,1802400814,2023-11-28 17:36:07,1339183,,,,,,,,,,,,,,,,,,,,,,,,,,,,,,,,,,,,,,,,,,,,,,,,,TN
1053,000fea3a9ed37b16c009c76e8af859a50c9234dc,0.12505591562641027,autoland,4775609,12,d42f896683fcaa492a6c00f43ebeea3a7281573d,macosx1015-64-shippable-qr,True,False,,,102210fe594ee9b33d82058545b1ed14f4c8206e,custom.styleeditor.reload.DAMP,damp,True,damp custom.styleeditor.reload.DAMP opt e10s fission stylo webrender,4775519,77,ms,firefox,,1802481720,2023-11-28 21:29:24,1339366,,,,,,,,,,,,,,,,,,,,,,,,,,,,,,,,,,,,,,,,,,,,,,,,,TN
1054,a162f6ee0eef32a68c73ddb77aa04efda3afeb7c,0.09729481743259122,autoland,4775609,12,d42f896683fcaa492a6c00f43ebeea3a7281573d,macosx1015-64-shippable-qr,True,False,,,102210fe594ee9b33d82058545b1ed14f4c8206e,custom.styleeditor.reload.DAMP,damp,True,damp custom.styleeditor.reload.DAMP opt e10s fission stylo webrender,4775519,77,ms,firefox,,1802557247,2023-11-29 01:28:26,1339520,,,,,,,,,,,,,,,,,,,,,,,,,,,,,,,,,,,,,,,,,,,,,,,,,TN
1055,b675f0a9e569a63bedb249150a2be6b3e15197f9,0.08618635931584945,autoland,4775609,12,d42f896683fcaa492a6c00f43ebeea3a7281573d,macosx1015-64-shippable-qr,True,False,,,102210fe594ee9b33d82058545b1ed14f4c8206e,custom.styleeditor.reload.DAMP,damp,True,damp custom.styleeditor.reload.DAMP opt e10s fission stylo webrender,4775519,77,ms,firefox,,1802759467,2023-11-29 06:56:45,1339623,,,,,,,,,,,,,,,,,,,,,,,,,,,,,,,,,,,,,,,,,,,,,,,,,TN
1056,66c2fb78dfe25ce9af21d0e1dd82f62dbb5da53f,0.09219316087075813,autoland,4775609,12,d42f896683fcaa492a6c00f43ebeea3a7281573d,macosx1015-64-shippable-qr,True,False,,,102210fe594ee9b33d82058545b1ed14f4c8206e,custom.styleeditor.reload.DAMP,damp,True,damp custom.styleeditor.reload.DAMP opt e10s fission stylo webrender,4775519,77,ms,firefox,,1802787633,2023-11-29 09:02:39,1339662,,,,,,,,,,,,,,,,,,,,,,,,,,,,,,,,,,,,,,,,,,,,,,,,,TN
1057,be2b109ddbb7f38c98c25b3c79c036f6f06f81fb,0.10720413041052768,autoland,4775609,12,d42f896683fcaa492a6c00f43ebeea3a7281573d,macosx1015-64-shippable-qr,True,False,,,102210fe594ee9b33d82058545b1ed14f4c8206e,custom.styleeditor.reload.DAMP,damp,True,damp custom.styleeditor.reload.DAMP opt e10s fission stylo webrender,4775519,77,ms,firefox,,1803073236,2023-11-29 13:11:23,1339776,,,,,,,,,,,,,,,,,,,,,,,,,,,,,,,,,,,,,,,,,,,,,,,,,TN
1058,0008fcc93b9b4a6aa22e3abf1888be08024320e9,0.18831291570178832,autoland,4775609,12,d42f896683fcaa492a6c00f43ebeea3a7281573d,macosx1015-64-shippable-qr,True,False,,,102210fe594ee9b33d82058545b1ed14f4c8206e,custom.styleeditor.reload.DAMP,damp,True,damp custom.styleeditor.reload.DAMP opt e10s fission stylo webrender,4775519,77,ms,firefox,,1803270802,2023-11-29 17:15:33,1339929,,,,,,,,,,,,,,,,,,,,,,,,,,,,,,,,,,,,,,,,,,,,,,,,,TN
1059,65a0553b296ae1432e5d18c3d2d607cacbb0a35e,0.11803792396456103,autoland,4775609,12,d42f896683fcaa492a6c00f43ebeea3a7281573d,macosx1015-64-shippable-qr,True,False,,,102210fe594ee9b33d82058545b1ed14f4c8206e,custom.styleeditor.reload.DAMP,damp,True,damp custom.styleeditor.reload.DAMP opt e10s fission stylo webrender,4775519,77,ms,firefox,,1803302261,2023-11-29 22:52:27,1340166,,,,,,,,,,,,,,,,,,,,,,,,,,,,,,,,,,,,,,,,,,,,,,,,,TN
1060,4bbe309179a5869e893e8f9ed2b110ef00ccec95,0.12125469962041174,autoland,4775609,12,d42f896683fcaa492a6c00f43ebeea3a7281573d,macosx1015-64-shippable-qr,True,False,,,102210fe594ee9b33d82058545b1ed14f4c8206e,custom.styleeditor.reload.DAMP,damp,True,damp custom.styleeditor.reload.DAMP opt e10s fission stylo webrender,4775519,77,ms,firefox,,1803309289,2023-11-29 22:59:56,1340178,,,,,,,,,,,,,,,,,,,,,,,,,,,,,,,,,,,,,,,,,,,,,,,,,TN
1061,556c8b22cbbbcc165c42b2c52ebdfd01be3cee6b,0.06743835199852444,autoland,4775609,12,d42f896683fcaa492a6c00f43ebeea3a7281573d,macosx1015-64-shippable-qr,True,False,,,102210fe594ee9b33d82058545b1ed14f4c8206e,custom.styleeditor.reload.DAMP,damp,True,damp custom.styleeditor.reload.DAMP opt e10s fission stylo webrender,4775519,77,ms,firefox,,1803533030,2023-11-30 04:33:01,1340302,,,,,,,,,,,,,,,,,,,,,,,,,,,,,,,,,,,,,,,,,,,,,,,,,TN
1062,120432262a8cb73f69c8d683b4ddec3a037cbd91,0.15776263634079496,autoland,4775609,12,d42f896683fcaa492a6c00f43ebeea3a7281573d,macosx1015-64-shippable-qr,True,False,,,102210fe594ee9b33d82058545b1ed14f4c8206e,custom.styleeditor.reload.DAMP,damp,True,damp custom.styleeditor.reload.DAMP opt e10s fission stylo webrender,4775519,77,ms,firefox,,1803944016,2023-11-30 13:07:37,1340520,,,,,,,,,,,,,,,,,,,,,,,,,,,,,,,,,,,,,,,,,,,,,,,,,TN
1063,1d1fb9d5a4974d94e8c317f226c962fd351eae27,0.07462752198849798,autoland,4775609,12,d42f896683fcaa492a6c00f43ebeea3a7281573d,macosx1015-64-shippable-qr,True,False,,,102210fe594ee9b33d82058545b1ed14f4c8206e,custom.styleeditor.reload.DAMP,damp,True,damp custom.styleeditor.reload.DAMP opt e10s fission stylo webrender,4775519,77,ms,firefox,,1803973366,2023-11-30 13:51:04,1340541,,,,,,,,,,,,,,,,,,,,,,,,,,,,,,,,,,,,,,,,,,,,,,,,,TN
1064,3ec1ddf45e5a6562bd1d81fe4144541880bf3a24,0.08679965000147843,autoland,4775609,12,d42f896683fcaa492a6c00f43ebeea3a7281573d,macosx1015-64-shippable-qr,True,False,,,102210fe594ee9b33d82058545b1ed14f4c8206e,custom.styleeditor.reload.DAMP,damp,True,damp custom.styleeditor.reload.DAMP opt e10s fission stylo webrender,4775519,77,ms,firefox,,1804063109,2023-11-30 17:04:12,1340716,,,,,,,,,,,,,,,,,,,,,,,,,,,,,,,,,,,,,,,,,,,,,,,,,TN
1065,620e49ab6438e8c933133e9b4eb7a11188514a70,0.23911588209421458,autoland,4775609,12,d42f896683fcaa492a6c00f43ebeea3a7281573d,macosx1015-64-shippable-qr,True,False,,,102210fe594ee9b33d82058545b1ed14f4c8206e,custom.styleeditor.reload.DAMP,damp,True,damp custom.styleeditor.reload.DAMP opt e10s fission stylo webrender,4775519,77,ms,firefox,,1804067630,2023-11-30 20:20:14,1340881,,,,,,,,,,,,,,,,,,,,,,,,,,,,,,,,,,,,,,,,,,,,,,,,,TN
1066,68378d2409bc693ef00f3f157ecaea7067df7edc,0.23097002420631052,autoland,4775609,12,d42f896683fcaa492a6c00f43ebeea3a7281573d,macosx1015-64-shippable-qr,True,False,,,102210fe594ee9b33d82058545b1ed14f4c8206e,custom.styleeditor.reload.DAMP,damp,True,damp custom.styleeditor.reload.DAMP opt e10s fission stylo webrender,4775519,77,ms,firefox,,1804084922,2023-11-30 22:54:04,1340995,,,,,,,,,,,,,,,,,,,,,,,,,,,,,,,,,,,,,,,,,,,,,,,,,TN
1067,a1795b069cc23fbcb93366d99b3ddfb8664f054c,0.10128052506987717,autoland,4775609,12,d42f896683fcaa492a6c00f43ebeea3a7281573d,macosx1015-64-shippable-qr,True,False,,,102210fe594ee9b33d82058545b1ed14f4c8206e,custom.styleeditor.reload.DAMP,damp,True,damp custom.styleeditor.reload.DAMP opt e10s fission stylo webrender,4775519,77,ms,firefox,,1804107923,2023-12-01 03:29:20,1341103,,,,,,,,,,,,,,,,,,,,,,,,,,,,,,,,,,,,,,,,,,,,,,,,,TN
1068,81869d55a8d7b3d1d573810ab4e99f63cbe11a8a,0.0783476239894092,autoland,4775609,12,d42f896683fcaa492a6c00f43ebeea3a7281573d,macosx1015-64-shippable-qr,True,False,,,102210fe594ee9b33d82058545b1ed14f4c8206e,custom.styleeditor.reload.DAMP,damp,True,damp custom.styleeditor.reload.DAMP opt e10s fission stylo webrender,4775519,77,ms,firefox,,1804216709,2023-12-01 07:13:54,1341156,,,,,,,,,,,,,,,,,,,,,,,,,,,,,,,,,,,,,,,,,,,,,,,,,TN
1069,7440634a33a31738fc145eeac0bb47bc73fc64a0,0.06899320659071967,autoland,4775609,12,d42f896683fcaa492a6c00f43ebeea3a7281573d,macosx1015-64-shippable-qr,True,False,,,102210fe594ee9b33d82058545b1ed14f4c8206e,custom.styleeditor.reload.DAMP,damp,True,damp custom.styleeditor.reload.DAMP opt e10s fission stylo webrender,4775519,77,ms,firefox,,1804398383,2023-12-01 11:47:02,1341285,,,,,,,,,,,,,,,,,,,,,,,,,,,,,,,,,,,,,,,,,,,,,,,,,TN
1070,22b9561cfef1c56a9940f5117d7ff6a754861629,0.12222025500871964,autoland,4775609,12,d42f896683fcaa492a6c00f43ebeea3a7281573d,macosx1015-64-shippable-qr,True,False,,,102210fe594ee9b33d82058545b1ed14f4c8206e,custom.styleeditor.reload.DAMP,damp,True,damp custom.styleeditor.reload.DAMP opt e10s fission stylo webrender,4775519,77,ms,firefox,,1804437092,2023-12-01 14:17:01,1341402,,,,,,,,,,,,,,,,,,,,,,,,,,,,,,,,,,,,,,,,,,,,,,,,,TN
1071,efe09552a4d3540f0639e50d023f74997921fa37,0.1204624179340516,autoland,4775609,12,d42f896683fcaa492a6c00f43ebeea3a7281573d,macosx1015-64-shippable-qr,True,False,,,102210fe594ee9b33d82058545b1ed14f4c8206e,custom.styleeditor.reload.DAMP,damp,True,damp custom.styleeditor.reload.DAMP opt e10s fission stylo webrender,4775519,77,ms,firefox,,1804571453,2023-12-01 17:28:20,1341534,,,,,,,,,,,,,,,,,,,,,,,,,,,,,,,,,,,,,,,,,,,,,,,,,TN
1072,a5a9381a759e44485d639727614ceb2b77851c90,0.06970896160478224,autoland,4775609,12,d42f896683fcaa492a6c00f43ebeea3a7281573d,macosx1015-64-shippable-qr,True,False,,,102210fe594ee9b33d82058545b1ed14f4c8206e,custom.styleeditor.reload.DAMP,damp,True,damp custom.styleeditor.reload.DAMP opt e10s fission stylo webrender,4775519,77,ms,firefox,,1804691288,2023-12-01 20:34:55,1341661,,,,,,,,,,,,,,,,,,,,,,,,,,,,,,,,,,,,,,,,,,,,,,,,,TN
1073,bf4c1083cec10076ccbf07f2cfc3e18b04d0bf72,0.09886155147789794,autoland,4775609,12,d42f896683fcaa492a6c00f43ebeea3a7281573d,macosx1015-64-shippable-qr,True,False,,,102210fe594ee9b33d82058545b1ed14f4c8206e,custom.styleeditor.reload.DAMP,damp,True,damp custom.styleeditor.reload.DAMP opt e10s fission stylo webrender,4775519,77,ms,firefox,,1804716161,2023-12-02 01:52:53,1341816,,,,,,,,,,,,,,,,,,,,,,,,,,,,,,,,,,,,,,,,,,,,,,,,,TN
1074,965cddb8421900af69da86a586e617bf7dec3b56,0.11221094991433478,autoland,4775609,12,d42f896683fcaa492a6c00f43ebeea3a7281573d,macosx1015-64-shippable-qr,True,False,,,102210fe594ee9b33d82058545b1ed14f4c8206e,custom.styleeditor.reload.DAMP,damp,True,damp custom.styleeditor.reload.DAMP opt e10s fission stylo webrender,4775519,77,ms,firefox,,1804850026,2023-12-02 08:10:23,1341832,,,,,,,,,,,,,,,,,,,,,,,,,,,,,,,,,,,,,,,,,,,,,,,,,TN
1075,2d582fee4916ee442de05970cc77f7be702c22a2,0.06282236688597631,autoland,4775609,12,d42f896683fcaa492a6c00f43ebeea3a7281573d,macosx1015-64-shippable-qr,True,False,,,102210fe594ee9b33d82058545b1ed14f4c8206e,custom.styleeditor.reload.DAMP,damp,True,damp custom.styleeditor.reload.DAMP opt e10s fission stylo webrender,4775519,77,ms,firefox,,1804955050,2023-12-02 14:39:28,1341863,,,,,,,,,,,,,,,,,,,,,,,,,,,,,,,,,,,,,,,,,,,,,,,,,TN
1076,d5a2cb7b9272b5c9cdfe4a0397c570ce5f9260bf,0.12102346030885253,autoland,4775609,12,d42f896683fcaa492a6c00f43ebeea3a7281573d,macosx1015-64-shippable-qr,True,False,,,102210fe594ee9b33d82058545b1ed14f4c8206e,custom.styleeditor.reload.DAMP,damp,True,damp custom.styleeditor.reload.DAMP opt e10s fission stylo webrender,4775519,77,ms,firefox,,1805015468,2023-12-02 18:55:31,1341891,,,,,,,,,,,,,,,,,,,,,,,,,,,,,,,,,,,,,,,,,,,,,,,,,TN
1077,fe75ab906c798b6697934b3789355dceb5748966,0.11576563696219766,autoland,4775609,12,d42f896683fcaa492a6c00f43ebeea3a7281573d,macosx1015-64-shippable-qr,True,False,,,102210fe594ee9b33d82058545b1ed14f4c8206e,custom.styleeditor.reload.DAMP,damp,True,damp custom.styleeditor.reload.DAMP opt e10s fission stylo webrender,4775519,77,ms,firefox,,1805070636,2023-12-03 00:49:27,1341930,,,,,,,,,,,,,,,,,,,,,,,,,,,,,,,,,,,,,,,,,,,,,,,,,TN
1078,8e959a7ded5f111e711c06a6728f76d3bd660699,0.07787551597167364,autoland,4775609,12,d42f896683fcaa492a6c00f43ebeea3a7281573d,macosx1015-64-shippable-qr,True,False,,,102210fe594ee9b33d82058545b1ed14f4c8206e,custom.styleeditor.reload.DAMP,damp,True,damp custom.styleeditor.reload.DAMP opt e10s fission stylo webrender,4775519,77,ms,firefox,,1805119456,2023-12-03 05:05:07,1341942,,,,,,,,,,,,,,,,,,,,,,,,,,,,,,,,,,,,,,,,,,,,,,,,,TN
1079,5d84c395021682cc2af1bf5da98c205cfbc32f76,0.06354563343125641,autoland,4775609,12,d42f896683fcaa492a6c00f43ebeea3a7281573d,macosx1015-64-shippable-qr,True,False,,,102210fe594ee9b33d82058545b1ed14f4c8206e,custom.styleeditor.reload.DAMP,damp,True,damp custom.styleeditor.reload.DAMP opt e10s fission stylo webrender,4775519,77,ms,firefox,,1805232867,2023-12-03 10:45:57,1341997,,,,,,,,,,,,,,,,,,,,,,,,,,,,,,,,,,,,,,,,,,,,,,,,,TN
1080,3445cc3f842050a3cdfc4da74ce254df933f7e7b,0.10371405657316224,autoland,4775609,12,d42f896683fcaa492a6c00f43ebeea3a7281573d,macosx1015-64-shippable-qr,True,False,,,102210fe594ee9b33d82058545b1ed14f4c8206e,custom.styleeditor.reload.DAMP,damp,True,damp custom.styleeditor.reload.DAMP opt e10s fission stylo webrender,4775519,77,ms,firefox,,1805249902,2023-12-03 12:21:22,1342011,,,,,,,,,,,,,,,,,,,,,,,,,,,,,,,,,,,,,,,,,,,,,,,,,TN
1081,8038f0b90bbd46dcb74eaaddf1fd1c6871dc4426,0.06742557296084267,autoland,4775609,12,d42f896683fcaa492a6c00f43ebeea3a7281573d,macosx1015-64-shippable-qr,True,False,,,102210fe594ee9b33d82058545b1ed14f4c8206e,custom.styleeditor.reload.DAMP,damp,True,damp custom.styleeditor.reload.DAMP opt e10s fission stylo webrender,4775519,77,ms,firefox,,1805300944,2023-12-03 18:05:44,1342033,,,,,,,,,,,,,,,,,,,,,,,,,,,,,,,,,,,,,,,,,,,,,,,,,TN
1082,369922cc5c4efad6c87b13600325eb5a989cde81,0.08239690702374436,autoland,4775609,12,d42f896683fcaa492a6c00f43ebeea3a7281573d,macosx1015-64-shippable-qr,True,False,,,102210fe594ee9b33d82058545b1ed14f4c8206e,custom.styleeditor.reload.DAMP,damp,True,damp custom.styleeditor.reload.DAMP opt e10s fission stylo webrender,4775519,77,ms,firefox,,1805401279,2023-12-04 01:54:51,1342108,,,,,,,,,,,,,,,,,,,,,,,,,,,,,,,,,,,,,,,,,,,,,,,,,TN
1083,223106736a61f5cc112b0cc9d38ab1f63e034f89,0.06460955894113107,autoland,4775609,12,d42f896683fcaa492a6c00f43ebeea3a7281573d,macosx1015-64-shippable-qr,True,False,,,102210fe594ee9b33d82058545b1ed14f4c8206e,custom.styleeditor.reload.DAMP,damp,True,damp custom.styleeditor.reload.DAMP opt e10s fission stylo webrender,4775519,77,ms,firefox,,1805692384,2023-12-04 11:05:28,1342238,,,,,,,,,,,,,,,,,,,,,,,,,,,,,,,,,,,,,,,,,,,,,,,,,TN
1084,20b709d0fa5633c408dd900f830b09af96c0465d,0.11472150724965136,autoland,4775609,12,d42f896683fcaa492a6c00f43ebeea3a7281573d,macosx1015-64-shippable-qr,True,False,,,102210fe594ee9b33d82058545b1ed14f4c8206e,custom.styleeditor.reload.DAMP,damp,True,damp custom.styleeditor.reload.DAMP opt e10s fission stylo webrender,4775519,77,ms,firefox,,1805703083,2023-12-04 11:06:23,1342240,,,,,,,,,,,,,,,,,,,,,,,,,,,,,,,,,,,,,,,,,,,,,,,,,TN
1085,38094e01a744c421fe469d9a01cbfe12a1ee949b,0.10690068188412721,autoland,4775609,12,d42f896683fcaa492a6c00f43ebeea3a7281573d,macosx1015-64-shippable-qr,True,False,,,102210fe594ee9b33d82058545b1ed14f4c8206e,custom.styleeditor.reload.DAMP,damp,True,damp custom.styleeditor.reload.DAMP opt e10s fission stylo webrender,4775519,77,ms,firefox,,1805879232,2023-12-04 14:54:31,1342377,,,,,,,,,,,,,,,,,,,,,,,,,,,,,,,,,,,,,,,,,,,,,,,,,TN
1086,72ca57fdc9feb1e9765ce2cc4f26b6b60135122f,0.08217485444536093,autoland,4775609,12,d42f896683fcaa492a6c00f43ebeea3a7281573d,macosx1015-64-shippable-qr,True,False,,,102210fe594ee9b33d82058545b1ed14f4c8206e,custom.styleeditor.reload.DAMP,damp,True,damp custom.styleeditor.reload.DAMP opt e10s fission stylo webrender,4775519,77,ms,firefox,,1806097003,2023-12-04 19:05:48,1342587,,,,,,,,,,,,,,,,,,,,,,,,,,,,,,,,,,,,,,,,,,,,,,,,,TN
1087,39486bb8305a2e3128c6ecd97d33378744922507,0.18722136362052944,autoland,4775609,12,d42f896683fcaa492a6c00f43ebeea3a7281573d,macosx1015-64-shippable-qr,True,False,,,102210fe594ee9b33d82058545b1ed14f4c8206e,custom.styleeditor.reload.DAMP,damp,True,damp custom.styleeditor.reload.DAMP opt e10s fission stylo webrender,4775519,77,ms,firefox,,1806143143,2023-12-05 02:36:15,1342897,,,,,,,,,,,,,,,,,,,,,,,,,,,,,,,,,,,,,,,,,,,,,,,,,TN
1088,775ade8b04da775ad41d5d135baae415863a874c,0.11701522795151637,autoland,4775609,12,d42f896683fcaa492a6c00f43ebeea3a7281573d,macosx1015-64-shippable-qr,True,False,,,102210fe594ee9b33d82058545b1ed14f4c8206e,custom.styleeditor.reload.DAMP,damp,True,damp custom.styleeditor.reload.DAMP opt e10s fission stylo webrender,4775519,77,ms,firefox,,1806191034,2023-12-05 03:50:36,1342908,,,,,,,,,,,,,,,,,,,,,,,,,,,,,,,,,,,,,,,,,,,,,,,,,TN
1089,429e8cc8473b4c76828d06e2f07abbeb9dbebd81,0.09627512076618333,autoland,4775609,12,d42f896683fcaa492a6c00f43ebeea3a7281573d,macosx1015-64-shippable-qr,True,False,,,102210fe594ee9b33d82058545b1ed14f4c8206e,custom.styleeditor.reload.DAMP,damp,True,damp custom.styleeditor.reload.DAMP opt e10s fission stylo webrender,4775519,77,ms,firefox,,1806352943,2023-12-05 08:48:01,1342965,,,,,,,,,,,,,,,,,,,,,,,,,,,,,,,,,,,,,,,,,,,,,,,,,TN
1090,10602eb918edd2ccf85a22fb60b3dc62c845c42a,0.07486009915785596,autoland,4775609,12,d42f896683fcaa492a6c00f43ebeea3a7281573d,macosx1015-64-shippable-qr,True,False,,,102210fe594ee9b33d82058545b1ed14f4c8206e,custom.styleeditor.reload.DAMP,damp,True,damp custom.styleeditor.reload.DAMP opt e10s fission stylo webrender,4775519,77,ms,firefox,,1806393678,2023-12-05 11:07:31,1343031,,,,,,,,,,,,,,,,,,,,,,,,,,,,,,,,,,,,,,,,,,,,,,,,,TN
1091,e603b8b016d76de025bea02bfdc1e0590166c2c0,0.07860545480153525,autoland,4775609,12,d42f896683fcaa492a6c00f43ebeea3a7281573d,macosx1015-64-shippable-qr,True,False,,,102210fe594ee9b33d82058545b1ed14f4c8206e,custom.styleeditor.reload.DAMP,damp,True,damp custom.styleeditor.reload.DAMP opt e10s fission stylo webrender,4775519,77,ms,firefox,,1806632403,2023-12-05 15:11:37,1343145,,,,,,,,,,,,,,,,,,,,,,,,,,,,,,,,,,,,,,,,,,,,,,,,,TN
1092,91bda8b5915b84ed6533a6620f955f271dc5aac3,0.08242454895385282,autoland,4775609,12,d42f896683fcaa492a6c00f43ebeea3a7281573d,macosx1015-64-shippable-qr,True,False,,,102210fe594ee9b33d82058545b1ed14f4c8206e,custom.styleeditor.reload.DAMP,damp,True,damp custom.styleeditor.reload.DAMP opt e10s fission stylo webrender,4775519,77,ms,firefox,,1806801633,2023-12-05 16:28:46,1343203,,,,,,,,,,,,,,,,,,,,,,,,,,,,,,,,,,,,,,,,,,,,,,,,,TN
1093,f778448a1da5f0622c4361d37810461a035f4627,0.066057937825594,autoland,4775609,12,d42f896683fcaa492a6c00f43ebeea3a7281573d,macosx1015-64-shippable-qr,True,False,,,102210fe594ee9b33d82058545b1ed14f4c8206e,custom.styleeditor.reload.DAMP,damp,True,damp custom.styleeditor.reload.DAMP opt e10s fission stylo webrender,4775519,77,ms,firefox,,1806852802,2023-12-05 20:37:35,1343409,,,,,,,,,,,,,,,,,,,,,,,,,,,,,,,,,,,,,,,,,,,,,,,,,TN
1094,177375e24d1352ab203de0ac3aa53003c5d0ffd2,0.06342266131714508,autoland,4775609,12,d42f896683fcaa492a6c00f43ebeea3a7281573d,macosx1015-64-shippable-qr,True,False,,,102210fe594ee9b33d82058545b1ed14f4c8206e,custom.styleeditor.reload.DAMP,damp,True,damp custom.styleeditor.reload.DAMP opt e10s fission stylo webrender,4775519,77,ms,firefox,,1806856927,2023-12-05 21:38:52,1343440,,,,,,,,,,,,,,,,,,,,,,,,,,,,,,,,,,,,,,,,,,,,,,,,,TN
1095,30004166d9f2cc3399da68e8762c35b1b886c0dc,0.15654225552078072,autoland,4775609,12,d42f896683fcaa492a6c00f43ebeea3a7281573d,macosx1015-64-shippable-qr,True,False,,,102210fe594ee9b33d82058545b1ed14f4c8206e,custom.styleeditor.reload.DAMP,damp,True,damp custom.styleeditor.reload.DAMP opt e10s fission stylo webrender,4775519,77,ms,firefox,,1806894058,2023-12-06 02:13:38,1343563,,,,,,,,,,,,,,,,,,,,,,,,,,,,,,,,,,,,,,,,,,,,,,,,,TN
1096,63afa0f8febdc8b199d998d50bb76fc8f7945c3e,0.0772664939245496,autoland,4775609,12,d42f896683fcaa492a6c00f43ebeea3a7281573d,macosx1015-64-shippable-qr,True,False,,,102210fe594ee9b33d82058545b1ed14f4c8206e,custom.styleeditor.reload.DAMP,damp,True,damp custom.styleeditor.reload.DAMP opt e10s fission stylo webrender,4775519,77,ms,firefox,,1807005720,2023-12-06 09:09:58,1343650,,,,,,,,,,,,,,,,,,,,,,,,,,,,,,,,,,,,,,,,,,,,,,,,,TN
1097,52f516546de7ac66228e074000877d32ebf093af,0.1041181033385652,autoland,4775609,12,d42f896683fcaa492a6c00f43ebeea3a7281573d,macosx1015-64-shippable-qr,True,False,,,102210fe594ee9b33d82058545b1ed14f4c8206e,custom.styleeditor.reload.DAMP,damp,True,damp custom.styleeditor.reload.DAMP opt e10s fission stylo webrender,4775519,77,ms,firefox,,1807176692,2023-12-06 13:42:54,1343745,,,,,,,,,,,,,,,,,,,,,,,,,,,,,,,,,,,,,,,,,,,,,,,,,TN
1098,a035ddfc75fc597cd1df3c347d2cbbc50568f884,0.09948431413084236,autoland,4775609,12,d42f896683fcaa492a6c00f43ebeea3a7281573d,macosx1015-64-shippable-qr,True,False,,,102210fe594ee9b33d82058545b1ed14f4c8206e,custom.styleeditor.reload.DAMP,damp,True,damp custom.styleeditor.reload.DAMP opt e10s fission stylo webrender,4775519,77,ms,firefox,,1807184526,2023-12-06 14:11:26,1343771,,,,,,,,,,,,,,,,,,,,,,,,,,,,,,,,,,,,,,,,,,,,,,,,,TN
1099,ab110e2fcc6ab3c8e078fe970b109f482069386e,0.06204860292864056,autoland,4775609,12,d42f896683fcaa492a6c00f43ebeea3a7281573d,macosx1015-64-shippable-qr,True,False,,,102210fe594ee9b33d82058545b1ed14f4c8206e,custom.styleeditor.reload.DAMP,damp,True,damp custom.styleeditor.reload.DAMP opt e10s fission stylo webrender,4775519,77,ms,firefox,,1807328060,2023-12-06 18:17:17,1343990,,,,,,,,,,,,,,,,,,,,,,,,,,,,,,,,,,,,,,,,,,,,,,,,,TN
1100,f3fc0213f527ba806a10092bbadec34e00dbe4f6,0.11126914410728467,autoland,4775609,12,d42f896683fcaa492a6c00f43ebeea3a7281573d,macosx1015-64-shippable-qr,True,False,,,102210fe594ee9b33d82058545b1ed14f4c8206e,custom.styleeditor.reload.DAMP,damp,True,damp custom.styleeditor.reload.DAMP opt e10s fission stylo webrender,4775519,77,ms,firefox,,1807440279,2023-12-06 22:50:02,1344189,,,,,,,,,,,,,,,,,,,,,,,,,,,,,,,,,,,,,,,,,,,,,,,,,TN
1101,93a04e8835aaaf359b24f47f54d622f7d36fd813,0.11803277877962914,autoland,4775609,12,d42f896683fcaa492a6c00f43ebeea3a7281573d,macosx1015-64-shippable-qr,True,False,,,102210fe594ee9b33d82058545b1ed14f4c8206e,custom.styleeditor.reload.DAMP,damp,True,damp custom.styleeditor.reload.DAMP opt e10s fission stylo webrender,4775519,77,ms,firefox,,1807526098,2023-12-07 04:18:34,1344290,,,,,,,,,,,,,,,,,,,,,,,,,,,,,,,,,,,,,,,,,,,,,,,,,TN
1102,f5d904bee3fe6c9e79061b56c8499b6154f7d3ff,0.07160473790613164,autoland,4775609,12,d42f896683fcaa492a6c00f43ebeea3a7281573d,macosx1015-64-shippable-qr,True,False,,,102210fe594ee9b33d82058545b1ed14f4c8206e,custom.styleeditor.reload.DAMP,damp,True,damp custom.styleeditor.reload.DAMP opt e10s fission stylo webrender,4775519,77,ms,firefox,,1807630907,2023-12-07 09:07:30,1344349,,,,,,,,,,,,,,,,,,,,,,,,,,,,,,,,,,,,,,,,,,,,,,,,,TN
1103,bea12a00706c3b2951d467008996bf7e89d17e5b,0.11879704882855696,autoland,4775609,12,d42f896683fcaa492a6c00f43ebeea3a7281573d,macosx1015-64-shippable-qr,True,False,,,102210fe594ee9b33d82058545b1ed14f4c8206e,custom.styleeditor.reload.DAMP,damp,True,damp custom.styleeditor.reload.DAMP opt e10s fission stylo webrender,4775519,77,ms,firefox,,1807760703,2023-12-07 12:51:56,1344456,,,,,,,,,,,,,,,,,,,,,,,,,,,,,,,,,,,,,,,,,,,,,,,,,TN
1104,797281d7e3b5fdd5f6a033248fec7bd885227546,0.07803638089178694,autoland,4775609,12,d42f896683fcaa492a6c00f43ebeea3a7281573d,macosx1015-64-shippable-qr,True,False,,,102210fe594ee9b33d82058545b1ed14f4c8206e,custom.styleeditor.reload.DAMP,damp,True,damp custom.styleeditor.reload.DAMP opt e10s fission stylo webrender,4775519,77,ms,firefox,,1808082186,2023-12-07 21:41:48,1344786,,,,,,,,,,,,,,,,,,,,,,,,,,,,,,,,,,,,,,,,,,,,,,,,,TN
1105,c34126c5e2a85c81e511c7c4017e7f2694ddce13,0.04816159081024024,autoland,4775609,12,d42f896683fcaa492a6c00f43ebeea3a7281573d,macosx1015-64-shippable-qr,True,False,,,102210fe594ee9b33d82058545b1ed14f4c8206e,custom.styleeditor.reload.DAMP,damp,True,damp custom.styleeditor.reload.DAMP opt e10s fission stylo webrender,4775519,77,ms,firefox,,1808106125,2023-12-07 22:56:27,1344823,,,,,,,,,,,,,,,,,,,,,,,,,,,,,,,,,,,,,,,,,,,,,,,,,TN
1106,3152110c63b5c99048b0651867ecf7723aa5ddf8,0.15970199312648992,autoland,4775609,12,d42f896683fcaa492a6c00f43ebeea3a7281573d,macosx1015-64-shippable-qr,True,False,,,102210fe594ee9b33d82058545b1ed14f4c8206e,custom.styleeditor.reload.DAMP,damp,True,damp custom.styleeditor.reload.DAMP opt e10s fission stylo webrender,4775519,77,ms,firefox,,1808423136,2023-12-08 04:49:01,1344948,,,,,,,,,,,,,,,,,,,,,,,,,,,,,,,,,,,,,,,,,,,,,,,,,TN
1107,ff785fa504232b935c33c7d8c38a1cdc2f8d2d35,0.13233415820229116,autoland,4775609,12,d42f896683fcaa492a6c00f43ebeea3a7281573d,macosx1015-64-shippable-qr,True,False,,,102210fe594ee9b33d82058545b1ed14f4c8206e,custom.styleeditor.reload.DAMP,damp,True,damp custom.styleeditor.reload.DAMP opt e10s fission stylo webrender,4775519,77,ms,firefox,,1808865931,2023-12-08 09:01:47,1345044,,,,,,,,,,,,,,,,,,,,,,,,,,,,,,,,,,,,,,,,,,,,,,,,,TN
1108,84f194823b719420c22157f7e540e660397a17f2,0.0782050025347219,autoland,4775609,12,d42f896683fcaa492a6c00f43ebeea3a7281573d,macosx1015-64-shippable-qr,True,False,,,102210fe594ee9b33d82058545b1ed14f4c8206e,custom.styleeditor.reload.DAMP,damp,True,damp custom.styleeditor.reload.DAMP opt e10s fission stylo webrender,4775519,77,ms,firefox,,1808920667,2023-12-08 14:53:30,1345173,,,,,,,,,,,,,,,,,,,,,,,,,,,,,,,,,,,,,,,,,,,,,,,,,TN
1109,6f5601bcf5ef9fa22b46e44e1d5e34893a04fc9e,0.052831683192247736,autoland,4775609,12,d42f896683fcaa492a6c00f43ebeea3a7281573d,macosx1015-64-shippable-qr,True,False,,,102210fe594ee9b33d82058545b1ed14f4c8206e,custom.styleeditor.reload.DAMP,damp,True,damp custom.styleeditor.reload.DAMP opt e10s fission stylo webrender,4775519,77,ms,firefox,,1809023382,2023-12-08 20:09:00,1345337,,,,,,,,,,,,,,,,,,,,,,,,,,,,,,,,,,,,,,,,,,,,,,,,,TN
1110,5e7ca7b9c60d764540bfc20b243ffaa67dfbfaa9,0.06775063674926846,autoland,4775609,12,d42f896683fcaa492a6c00f43ebeea3a7281573d,macosx1015-64-shippable-qr,True,False,,,102210fe594ee9b33d82058545b1ed14f4c8206e,custom.styleeditor.reload.DAMP,damp,True,damp custom.styleeditor.reload.DAMP opt e10s fission stylo webrender,4775519,77,ms,firefox,,1809051793,2023-12-09 00:35:37,1345495,,,,,,,,,,,,,,,,,,,,,,,,,,,,,,,,,,,,,,,,,,,,,,,,,TN
1111,9536c8afccb6fe6adb81c34e04ad22608a1cc454,0.1689258446008397,autoland,4775609,12,d42f896683fcaa492a6c00f43ebeea3a7281573d,macosx1015-64-shippable-qr,True,False,,,102210fe594ee9b33d82058545b1ed14f4c8206e,custom.styleeditor.reload.DAMP,damp,True,damp custom.styleeditor.reload.DAMP opt e10s fission stylo webrender,4775519,77,ms,firefox,,1809058622,2023-12-09 00:36:34,1345496,,,,,,,,,,,,,,,,,,,,,,,,,,,,,,,,,,,,,,,,,,,,,,,,,TN
1112,ce53d4215ca91122e12f63ca196acefc22a8d98c,0.04711765363075099,autoland,4775609,12,d42f896683fcaa492a6c00f43ebeea3a7281573d,macosx1015-64-shippable-qr,True,False,,,102210fe594ee9b33d82058545b1ed14f4c8206e,custom.styleeditor.reload.DAMP,damp,True,damp custom.styleeditor.reload.DAMP opt e10s fission stylo webrender,4775519,77,ms,firefox,,1809235350,2023-12-09 11:58:04,1345582,,,,,,,,,,,,,,,,,,,,,,,,,,,,,,,,,,,,,,,,,,,,,,,,,TN
1113,199c3dc51f2dd8c55a3346ac587238e6376b7236,0.09465638469876725,autoland,4775609,12,d42f896683fcaa492a6c00f43ebeea3a7281573d,macosx1015-64-shippable-qr,True,False,,,102210fe594ee9b33d82058545b1ed14f4c8206e,custom.styleeditor.reload.DAMP,damp,True,damp custom.styleeditor.reload.DAMP opt e10s fission stylo webrender,4775519,77,ms,firefox,,1809263167,2023-12-09 16:44:21,1345611,,,,,,,,,,,,,,,,,,,,,,,,,,,,,,,,,,,,,,,,,,,,,,,,,TN
1114,037b4a8e4edce03936a64d9d073da41b8b1bd9fb,0.09118038442321652,autoland,4775609,12,d42f896683fcaa492a6c00f43ebeea3a7281573d,macosx1015-64-shippable-qr,True,False,,,102210fe594ee9b33d82058545b1ed14f4c8206e,custom.styleeditor.reload.DAMP,damp,True,damp custom.styleeditor.reload.DAMP opt e10s fission stylo webrender,4775519,77,ms,firefox,,1809288709,2023-12-09 17:32:11,1345614,,,,,,,,,,,,,,,,,,,,,,,,,,,,,,,,,,,,,,,,,,,,,,,,,TN
1115,815bf21f166b5019bdab6ec104bc2f4475a7b553,0.08139071564497724,autoland,4775609,12,d42f896683fcaa492a6c00f43ebeea3a7281573d,macosx1015-64-shippable-qr,True,False,,,102210fe594ee9b33d82058545b1ed14f4c8206e,custom.styleeditor.reload.DAMP,damp,True,damp custom.styleeditor.reload.DAMP opt e10s fission stylo webrender,4775519,77,ms,firefox,,1809366717,2023-12-10 03:19:38,1345657,,,,,,,,,,,,,,,,,,,,,,,,,,,,,,,,,,,,,,,,,,,,,,,,,TN
1116,d4ee61633ce965862e2ee27be32e8a58344a7b03,0.06451251515824852,autoland,4775609,12,d42f896683fcaa492a6c00f43ebeea3a7281573d,macosx1015-64-shippable-qr,True,False,,,102210fe594ee9b33d82058545b1ed14f4c8206e,custom.styleeditor.reload.DAMP,damp,True,damp custom.styleeditor.reload.DAMP opt e10s fission stylo webrender,4775519,77,ms,firefox,,1809487172,2023-12-11 00:42:11,1345765,,,,,,,,,,,,,,,,,,,,,,,,,,,,,,,,,,,,,,,,,,,,,,,,,TN
1117,e84648aa607a32b9e4bbd2378f5a7caf9e31264a,0.07361167707992572,autoland,4775609,12,d42f896683fcaa492a6c00f43ebeea3a7281573d,macosx1015-64-shippable-qr,True,False,,,102210fe594ee9b33d82058545b1ed14f4c8206e,custom.styleeditor.reload.DAMP,damp,True,damp custom.styleeditor.reload.DAMP opt e10s fission stylo webrender,4775519,77,ms,firefox,,1809531546,2023-12-11 06:57:03,1345835,,,,,,,,,,,,,,,,,,,,,,,,,,,,,,,,,,,,,,,,,,,,,,,,,TN
1118,25a3d6c779f3ef9a9220e2d972c18f2e5a039cb2,0.12642516891683114,autoland,4775609,12,d42f896683fcaa492a6c00f43ebeea3a7281573d,macosx1015-64-shippable-qr,True,False,,,102210fe594ee9b33d82058545b1ed14f4c8206e,custom.styleeditor.reload.DAMP,damp,True,damp custom.styleeditor.reload.DAMP opt e10s fission stylo webrender,4775519,77,ms,firefox,,1809572299,2023-12-11 09:13:41,1345868,,,,,,,,,,,,,,,,,,,,,,,,,,,,,,,,,,,,,,,,,,,,,,,,,TN
1119,46d1ac4f2e9c8c9c173c430225737701542931bb,0.07426108882879423,autoland,4775609,12,d42f896683fcaa492a6c00f43ebeea3a7281573d,macosx1015-64-shippable-qr,True,False,,,102210fe594ee9b33d82058545b1ed14f4c8206e,custom.styleeditor.reload.DAMP,damp,True,damp custom.styleeditor.reload.DAMP opt e10s fission stylo webrender,4775519,77,ms,firefox,,1809780424,2023-12-11 13:39:55,1346049,,,,,,,,,,,,,,,,,,,,,,,,,,,,,,,,,,,,,,,,,,,,,,,,,TN
1120,fbda7db8e39b50ebf5ed7092f81706bd1d8c91ab,0.07170694936356203,autoland,4775609,12,d42f896683fcaa492a6c00f43ebeea3a7281573d,macosx1015-64-shippable-qr,True,False,,,102210fe594ee9b33d82058545b1ed14f4c8206e,custom.styleeditor.reload.DAMP,damp,True,damp custom.styleeditor.reload.DAMP opt e10s fission stylo webrender,4775519,77,ms,firefox,,1809809172,2023-12-11 15:49:45,1346158,,,,,,,,,,,,,,,,,,,,,,,,,,,,,,,,,,,,,,,,,,,,,,,,,TN
1121,8043d7693dbaf145c601652e0b8947d55f399fd8,0.0992935182766933,autoland,4775609,12,d42f896683fcaa492a6c00f43ebeea3a7281573d,macosx1015-64-shippable-qr,True,False,,,102210fe594ee9b33d82058545b1ed14f4c8206e,custom.styleeditor.reload.DAMP,damp,True,damp custom.styleeditor.reload.DAMP opt e10s fission stylo webrender,4775519,77,ms,firefox,,1809886969,2023-12-11 18:22:43,1346298,,,,,,,,,,,,,,,,,,,,,,,,,,,,,,,,,,,,,,,,,,,,,,,,,TN
1122,c2126b815d283d4d848e431071fa77e023b06eb2,0.07573348058756402,autoland,4775609,12,d42f896683fcaa492a6c00f43ebeea3a7281573d,macosx1015-64-shippable-qr,True,False,,,102210fe594ee9b33d82058545b1ed14f4c8206e,custom.styleeditor.reload.DAMP,damp,True,damp custom.styleeditor.reload.DAMP opt e10s fission stylo webrender,4775519,77,ms,firefox,,1809975095,2023-12-11 21:32:13,1346462,,,,,,,,,,,,,,,,,,,,,,,,,,,,,,,,,,,,,,,,,,,,,,,,,TN
1123,6e08bc24f0ba8814dfda465963c22d139bf6e80b,0.06581797748043378,autoland,4775609,12,d42f896683fcaa492a6c00f43ebeea3a7281573d,macosx1015-64-shippable-qr,True,False,,,102210fe594ee9b33d82058545b1ed14f4c8206e,custom.styleeditor.reload.DAMP,damp,True,damp custom.styleeditor.reload.DAMP opt e10s fission stylo webrender,4775519,77,ms,firefox,,1810074079,2023-12-12 01:33:17,1346620,,,,,,,,,,,,,,,,,,,,,,,,,,,,,,,,,,,,,,,,,,,,,,,,,TN
1124,55cd203304b8d5343dd941d772085dc25fd278c4,0.06824135190595881,autoland,4775609,12,d42f896683fcaa492a6c00f43ebeea3a7281573d,macosx1015-64-shippable-qr,True,False,,,102210fe594ee9b33d82058545b1ed14f4c8206e,custom.styleeditor.reload.DAMP,damp,True,damp custom.styleeditor.reload.DAMP opt e10s fission stylo webrender,4775519,77,ms,firefox,,1810084092,2023-12-12 04:01:22,1346691,,,,,,,,,,,,,,,,,,,,,,,,,,,,,,,,,,,,,,,,,,,,,,,,,TN
1125,64c2a5cd2e5c12acc49f695acaca7fc074be00ef,0.04089047908770377,autoland,4775609,12,d42f896683fcaa492a6c00f43ebeea3a7281573d,macosx1015-64-shippable-qr,True,False,,,102210fe594ee9b33d82058545b1ed14f4c8206e,custom.styleeditor.reload.DAMP,damp,True,damp custom.styleeditor.reload.DAMP opt e10s fission stylo webrender,4775519,77,ms,firefox,,1810216954,2023-12-12 08:08:04,1346735,,,,,,,,,,,,,,,,,,,,,,,,,,,,,,,,,,,,,,,,,,,,,,,,,TN
1126,378226435d1f217637869bc238a2bff9ae584e04,0.17216451910722347,autoland,4775609,12,d42f896683fcaa492a6c00f43ebeea3a7281573d,macosx1015-64-shippable-qr,True,False,,,102210fe594ee9b33d82058545b1ed14f4c8206e,custom.styleeditor.reload.DAMP,damp,True,damp custom.styleeditor.reload.DAMP opt e10s fission stylo webrender,4775519,77,ms,firefox,,1810426703,2023-12-12 13:15:06,1346892,,,,,,,,,,,,,,,,,,,,,,,,,,,,,,,,,,,,,,,,,,,,,,,,,TN
1127,661e5ee3675f09044e67f461631530ae9bc19953,0.07700448991765607,autoland,4775609,12,d42f896683fcaa492a6c00f43ebeea3a7281573d,macosx1015-64-shippable-qr,True,False,,,102210fe594ee9b33d82058545b1ed14f4c8206e,custom.styleeditor.reload.DAMP,damp,True,damp custom.styleeditor.reload.DAMP opt e10s fission stylo webrender,4775519,77,ms,firefox,,1810463495,2023-12-12 13:20:17,1346894,,,,,,,,,,,,,,,,,,,,,,,,,,,,,,,,,,,,,,,,,,,,,,,,,TN
1128,89856dfbbbb09660fd0b56d3d9ba6f60c823c81f,0.14109067384537516,autoland,4775609,12,d42f896683fcaa492a6c00f43ebeea3a7281573d,macosx1015-64-shippable-qr,True,False,,,102210fe594ee9b33d82058545b1ed14f4c8206e,custom.styleeditor.reload.DAMP,damp,True,damp custom.styleeditor.reload.DAMP opt e10s fission stylo webrender,4775519,77,ms,firefox,,1810533356,2023-12-12 17:56:51,1347131,,,,,,,,,,,,,,,,,,,,,,,,,,,,,,,,,,,,,,,,,,,,,,,,,TN
1129,b7336e3f433e4055ba8a7fcb5c2f756e0e9b59ef,0.07474730661113854,autoland,4775609,12,d42f896683fcaa492a6c00f43ebeea3a7281573d,macosx1015-64-shippable-qr,True,False,,,102210fe594ee9b33d82058545b1ed14f4c8206e,custom.styleeditor.reload.DAMP,damp,True,damp custom.styleeditor.reload.DAMP opt e10s fission stylo webrender,4775519,77,ms,firefox,,1810589322,2023-12-12 18:39:48,1347165,,,,,,,,,,,,,,,,,,,,,,,,,,,,,,,,,,,,,,,,,,,,,,,,,TN
1130,7272d706196d83e16ea8366481dce5127407ba4d,0.07404594549876381,autoland,4775609,12,d42f896683fcaa492a6c00f43ebeea3a7281573d,macosx1015-64-shippable-qr,True,False,,,102210fe594ee9b33d82058545b1ed14f4c8206e,custom.styleeditor.reload.DAMP,damp,True,damp custom.styleeditor.reload.DAMP opt e10s fission stylo webrender,4775519,77,ms,firefox,,1810608057,2023-12-12 20:06:07,1347223,,,,,,,,,,,,,,,,,,,,,,,,,,,,,,,,,,,,,,,,,,,,,,,,,TN
1131,f823ab1d9a00b627089b75899e588823b584a9c4,0.07486549172853535,autoland,4775609,12,d42f896683fcaa492a6c00f43ebeea3a7281573d,macosx1015-64-shippable-qr,True,False,,,102210fe594ee9b33d82058545b1ed14f4c8206e,custom.styleeditor.reload.DAMP,damp,True,damp custom.styleeditor.reload.DAMP opt e10s fission stylo webrender,4775519,77,ms,firefox,,1810771148,2023-12-13 00:40:28,1347426,,,,,,,,,,,,,,,,,,,,,,,,,,,,,,,,,,,,,,,,,,,,,,,,,TN
1132,c7169e7d15af250d7b1ffb91c072a4b2309457c1,0.09289359387515167,autoland,4775609,12,d42f896683fcaa492a6c00f43ebeea3a7281573d,macosx1015-64-shippable-qr,True,False,,,102210fe594ee9b33d82058545b1ed14f4c8206e,custom.styleeditor.reload.DAMP,damp,True,damp custom.styleeditor.reload.DAMP opt e10s fission stylo webrender,4775519,77,ms,firefox,,1810792904,2023-12-13 01:59:28,1347482,,,,,,,,,,,,,,,,,,,,,,,,,,,,,,,,,,,,,,,,,,,,,,,,,TN
1133,de73ddb24c16e91d220095612fc21b6636e51f81,0.05457153022103639,autoland,4775609,12,d42f896683fcaa492a6c00f43ebeea3a7281573d,macosx1015-64-shippable-qr,True,False,,,102210fe594ee9b33d82058545b1ed14f4c8206e,custom.styleeditor.reload.DAMP,damp,True,damp custom.styleeditor.reload.DAMP opt e10s fission stylo webrender,4775519,77,ms,firefox,,1810834407,2023-12-13 03:53:55,1347525,,,,,,,,,,,,,,,,,,,,,,,,,,,,,,,,,,,,,,,,,,,,,,,,,TN
1134,de61802013d3eabd67e8f7c4382ab95c650835ba,0.09036609253530836,autoland,4775609,12,d42f896683fcaa492a6c00f43ebeea3a7281573d,macosx1015-64-shippable-qr,True,False,,,102210fe594ee9b33d82058545b1ed14f4c8206e,custom.styleeditor.reload.DAMP,damp,True,damp custom.styleeditor.reload.DAMP opt e10s fission stylo webrender,4775519,77,ms,firefox,,1810883819,2023-12-13 08:08:28,1347584,,,,,,,,,,,,,,,,,,,,,,,,,,,,,,,,,,,,,,,,,,,,,,,,,TN
1135,12f45306a093afef1d1ed86121d9fcd9e8c69e15,0.1936773420144861,autoland,4775609,12,d42f896683fcaa492a6c00f43ebeea3a7281573d,macosx1015-64-shippable-qr,True,False,,,102210fe594ee9b33d82058545b1ed14f4c8206e,custom.styleeditor.reload.DAMP,damp,True,damp custom.styleeditor.reload.DAMP opt e10s fission stylo webrender,4775519,77,ms,firefox,,1811214405,2023-12-13 10:08:23,1347641,,,,,,,,,,,,,,,,,,,,,,,,,,,,,,,,,,,,,,,,,,,,,,,,,TN
1136,a54a846dda9a20948451fa14e9ebbd3bb19c826c,0.20248931540090764,autoland,4775609,12,d42f896683fcaa492a6c00f43ebeea3a7281573d,macosx1015-64-shippable-qr,True,False,,,102210fe594ee9b33d82058545b1ed14f4c8206e,custom.styleeditor.reload.DAMP,damp,True,damp custom.styleeditor.reload.DAMP opt e10s fission stylo webrender,4775519,77,ms,firefox,,1811248518,2023-12-13 13:51:07,1347765,,,,,,,,,,,,,,,,,,,,,,,,,,,,,,,,,,,,,,,,,,,,,,,,,TN
1137,951b244454e1790b94e5fa8474efc7fb8c990e28,0.10934301176333977,autoland,4775609,12,d42f896683fcaa492a6c00f43ebeea3a7281573d,macosx1015-64-shippable-qr,True,False,,,102210fe594ee9b33d82058545b1ed14f4c8206e,custom.styleeditor.reload.DAMP,damp,True,damp custom.styleeditor.reload.DAMP opt e10s fission stylo webrender,4775519,77,ms,firefox,,1811269525,2023-12-13 17:42:49,1347961,,,,,,,,,,,,,,,,,,,,,,,,,,,,,,,,,,,,,,,,,,,,,,,,,TN
1138,b89dc85aa7e47069b80251ce43d7d66c034a5b88,0.1888989868232257,autoland,4775609,12,d42f896683fcaa492a6c00f43ebeea3a7281573d,macosx1015-64-shippable-qr,True,False,,,102210fe594ee9b33d82058545b1ed14f4c8206e,custom.styleeditor.reload.DAMP,damp,True,damp custom.styleeditor.reload.DAMP opt e10s fission stylo webrender,4775519,77,ms,firefox,,1811332074,2023-12-13 20:42:40,1348117,,,,,,,,,,,,,,,,,,,,,,,,,,,,,,,,,,,,,,,,,,,,,,,,,TN
1139,12888ec6533c4e6ec49c2d7081e67ac660129ab6,0.10841719552356355,autoland,4775609,12,d42f896683fcaa492a6c00f43ebeea3a7281573d,macosx1015-64-shippable-qr,True,False,,,102210fe594ee9b33d82058545b1ed14f4c8206e,custom.styleeditor.reload.DAMP,damp,True,damp custom.styleeditor.reload.DAMP opt e10s fission stylo webrender,4775519,77,ms,firefox,,1811374757,2023-12-14 01:23:55,1348332,,,,,,,,,,,,,,,,,,,,,,,,,,,,,,,,,,,,,,,,,,,,,,,,,TN
1140,3af75f3310fc53f70cba7e6c5a7e7bec2d3381dc,0.07287034095234629,autoland,4775609,12,d42f896683fcaa492a6c00f43ebeea3a7281573d,macosx1015-64-shippable-qr,True,False,,,102210fe594ee9b33d82058545b1ed14f4c8206e,custom.styleeditor.reload.DAMP,damp,True,damp custom.styleeditor.reload.DAMP opt e10s fission stylo webrender,4775519,77,ms,firefox,,1811472066,2023-12-14 06:57:49,1348404,,,,,,,,,,,,,,,,,,,,,,,,,,,,,,,,,,,,,,,,,,,,,,,,,TN
1141,1c0fd259312d4631a0d1a7e0ea0560cff577beba,0.19070886870513748,autoland,4775609,12,d42f896683fcaa492a6c00f43ebeea3a7281573d,macosx1015-64-shippable-qr,True,False,,,102210fe594ee9b33d82058545b1ed14f4c8206e,custom.styleeditor.reload.DAMP,damp,True,damp custom.styleeditor.reload.DAMP opt e10s fission stylo webrender,4775519,77,ms,firefox,,1811547114,2023-12-14 09:15:58,1348457,,,,,,,,,,,,,,,,,,,,,,,,,,,,,,,,,,,,,,,,,,,,,,,,,TN
1142,31a1108bee2768e6f329db2b083b5066b2c83def,0.12106379351231433,autoland,4775609,12,d42f896683fcaa492a6c00f43ebeea3a7281573d,macosx1015-64-shippable-qr,True,False,,,102210fe594ee9b33d82058545b1ed14f4c8206e,custom.styleeditor.reload.DAMP,damp,True,damp custom.styleeditor.reload.DAMP opt e10s fission stylo webrender,4775519,77,ms,firefox,,1811730655,2023-12-14 13:22:59,1348529,,,,,,,,,,,,,,,,,,,,,,,,,,,,,,,,,,,,,,,,,,,,,,,,,TN
1143,44c4e62a38e1a18cd9c3cdc37be672c5b2eccb06,0.058541371161122124,autoland,4775609,12,d42f896683fcaa492a6c00f43ebeea3a7281573d,macosx1015-64-shippable-qr,True,False,,,102210fe594ee9b33d82058545b1ed14f4c8206e,custom.styleeditor.reload.DAMP,damp,True,damp custom.styleeditor.reload.DAMP opt e10s fission stylo webrender,4775519,77,ms,firefox,,1811818500,2023-12-14 15:25:58,1348605,,,,,,,,,,,,,,,,,,,,,,,,,,,,,,,,,,,,,,,,,,,,,,,,,TN
1144,5b5faa47b870a45949438e5959b9ef04204a9bac,0.12112560100628483,autoland,4775609,12,d42f896683fcaa492a6c00f43ebeea3a7281573d,macosx1015-64-shippable-qr,True,False,,,102210fe594ee9b33d82058545b1ed14f4c8206e,custom.styleeditor.reload.DAMP,damp,True,damp custom.styleeditor.reload.DAMP opt e10s fission stylo webrender,4775519,77,ms,firefox,,1812014408,2023-12-14 19:45:40,1348855,,,,,,,,,,,,,,,,,,,,,,,,,,,,,,,,,,,,,,,,,,,,,,,,,TN
1145,04ae3a53d7df39b7ef7380e872889038951a9e63,0.10699485138457027,autoland,4775609,12,d42f896683fcaa492a6c00f43ebeea3a7281573d,macosx1015-64-shippable-qr,True,False,,,102210fe594ee9b33d82058545b1ed14f4c8206e,custom.styleeditor.reload.DAMP,damp,True,damp custom.styleeditor.reload.DAMP opt e10s fission stylo webrender,4775519,77,ms,firefox,,1812175880,2023-12-14 21:45:13,1348957,,,,,,,,,,,,,,,,,,,,,,,,,,,,,,,,,,,,,,,,,,,,,,,,,TN
1146,efffe49c7c1c0f6b54d9f752224880e07e588f36,0.09030882684636643,autoland,4775609,12,d42f896683fcaa492a6c00f43ebeea3a7281573d,macosx1015-64-shippable-qr,True,False,,,102210fe594ee9b33d82058545b1ed14f4c8206e,custom.styleeditor.reload.DAMP,damp,True,damp custom.styleeditor.reload.DAMP opt e10s fission stylo webrender,4775519,77,ms,firefox,,1812286954,2023-12-15 01:58:19,1349130,,,,,,,,,,,,,,,,,,,,,,,,,,,,,,,,,,,,,,,,,,,,,,,,,TN
1147,d3a29d02b3dd8d8cfbfff6fcad00d94226e102e8,0.11880486918053296,autoland,4775609,12,d42f896683fcaa492a6c00f43ebeea3a7281573d,macosx1015-64-shippable-qr,True,False,,,102210fe594ee9b33d82058545b1ed14f4c8206e,custom.styleeditor.reload.DAMP,damp,True,damp custom.styleeditor.reload.DAMP opt e10s fission stylo webrender,4775519,77,ms,firefox,,1812535971,2023-12-15 11:00:39,1349239,,,,,,,,,,,,,,,,,,,,,,,,,,,,,,,,,,,,,,,,,,,,,,,,,TN
1148,8fd04cb03fbd84435d9834d1de340c2f64e013bb,0.06685371472714258,autoland,4775609,12,d42f896683fcaa492a6c00f43ebeea3a7281573d,macosx1015-64-shippable-qr,True,False,,,102210fe594ee9b33d82058545b1ed14f4c8206e,custom.styleeditor.reload.DAMP,damp,True,damp custom.styleeditor.reload.DAMP opt e10s fission stylo webrender,4775519,77,ms,firefox,,1812586718,2023-12-15 15:09:59,1349331,,,,,,,,,,,,,,,,,,,,,,,,,,,,,,,,,,,,,,,,,,,,,,,,,TN
1149,8f1a041ed5a88918a5fe585c89ffabd9450bc0ef,0.09261856947859992,autoland,4775609,12,d42f896683fcaa492a6c00f43ebeea3a7281573d,macosx1015-64-shippable-qr,True,False,,,102210fe594ee9b33d82058545b1ed14f4c8206e,custom.styleeditor.reload.DAMP,damp,True,damp custom.styleeditor.reload.DAMP opt e10s fission stylo webrender,4775519,77,ms,firefox,,1812838118,2023-12-15 20:18:56,1349528,,,,,,,,,,,,,,,,,,,,,,,,,,,,,,,,,,,,,,,,,,,,,,,,,TN
1150,33b0a0fecfd912ef3f540060b5e13f54db31d5cd,0.08203186931718265,autoland,4775609,12,d42f896683fcaa492a6c00f43ebeea3a7281573d,macosx1015-64-shippable-qr,True,False,,,102210fe594ee9b33d82058545b1ed14f4c8206e,custom.styleeditor.reload.DAMP,damp,True,damp custom.styleeditor.reload.DAMP opt e10s fission stylo webrender,4775519,77,ms,firefox,,1812998535,2023-12-16 02:28:17,1349675,,,,,,,,,,,,,,,,,,,,,,,,,,,,,,,,,,,,,,,,,,,,,,,,,TN
1151,6d6d4867b0f48dce26d871d94c5f74f5a8ac6aaf,0.08068499758122577,autoland,4775609,12,d42f896683fcaa492a6c00f43ebeea3a7281573d,macosx1015-64-shippable-qr,True,False,,,102210fe594ee9b33d82058545b1ed14f4c8206e,custom.styleeditor.reload.DAMP,damp,True,damp custom.styleeditor.reload.DAMP opt e10s fission stylo webrender,4775519,77,ms,firefox,,1813162668,2023-12-16 14:03:11,1349726,,,,,,,,,,,,,,,,,,,,,,,,,,,,,,,,,,,,,,,,,,,,,,,,,TN
1152,2d19e1f44e562ba1bb3be1f4b8f95b9884d9b07d,0.07144203487145095,autoland,4775609,12,d42f896683fcaa492a6c00f43ebeea3a7281573d,macosx1015-64-shippable-qr,True,False,,,102210fe594ee9b33d82058545b1ed14f4c8206e,custom.styleeditor.reload.DAMP,damp,True,damp custom.styleeditor.reload.DAMP opt e10s fission stylo webrender,4775519,77,ms,firefox,,1813333713,2023-12-17 06:27:55,1349827,,,,,,,,,,,,,,,,,,,,,,,,,,,,,,,,,,,,,,,,,,,,,,,,,TN
1153,ab5e2f241728caa5dc020e829b1045df55247758,0.1866368706118125,autoland,4775609,12,d42f896683fcaa492a6c00f43ebeea3a7281573d,macosx1015-64-shippable-qr,True,False,,,102210fe594ee9b33d82058545b1ed14f4c8206e,custom.styleeditor.reload.DAMP,damp,True,damp custom.styleeditor.reload.DAMP opt e10s fission stylo webrender,4775519,77,ms,firefox,,1813430087,2023-12-17 14:26:46,1349862,,,,,,,,,,,,,,,,,,,,,,,,,,,,,,,,,,,,,,,,,,,,,,,,,TN
1154,b46057158b0694677a8174089de1cb8929d3116b,0.1188113631938088,autoland,4775609,12,d42f896683fcaa492a6c00f43ebeea3a7281573d,macosx1015-64-shippable-qr,True,False,,,102210fe594ee9b33d82058545b1ed14f4c8206e,custom.styleeditor.reload.DAMP,damp,True,damp custom.styleeditor.reload.DAMP opt e10s fission stylo webrender,4775519,77,ms,firefox,,1813525145,2023-12-18 01:43:16,1349993,,,,,,,,,,,,,,,,,,,,,,,,,,,,,,,,,,,,,,,,,,,,,,,,,TN
1155,1d2ed0b2947385e77bd609220eb0e453b44d4cb3,0.1624052030804395,autoland,4775609,12,d42f896683fcaa492a6c00f43ebeea3a7281573d,macosx1015-64-shippable-qr,True,False,,,102210fe594ee9b33d82058545b1ed14f4c8206e,custom.styleeditor.reload.DAMP,damp,True,damp custom.styleeditor.reload.DAMP opt e10s fission stylo webrender,4775519,77,ms,firefox,,1813562237,2023-12-18 05:48:57,1350028,,,,,,,,,,,,,,,,,,,,,,,,,,,,,,,,,,,,,,,,,,,,,,,,,TN
1156,1f7904968650806af8d68bbc64a717bac22df318,0.18751796597923776,autoland,4775609,12,d42f896683fcaa492a6c00f43ebeea3a7281573d,macosx1015-64-shippable-qr,True,False,,,102210fe594ee9b33d82058545b1ed14f4c8206e,custom.styleeditor.reload.DAMP,damp,True,damp custom.styleeditor.reload.DAMP opt e10s fission stylo webrender,4775519,77,ms,firefox,,1814017783,2023-12-18 10:08:52,1350088,,,,,,,,,,,,,,,,,,,,,,,,,,,,,,,,,,,,,,,,,,,,,,,,,TN
1157,8942476b2dcd0a89abfb3183ea577d611785e77e,0.09916952206237178,autoland,4775609,12,d42f896683fcaa492a6c00f43ebeea3a7281573d,macosx1015-64-shippable-qr,True,False,,,102210fe594ee9b33d82058545b1ed14f4c8206e,custom.styleeditor.reload.DAMP,damp,True,damp custom.styleeditor.reload.DAMP opt e10s fission stylo webrender,4775519,77,ms,firefox,,1814033153,2023-12-18 14:56:17,1350212,,,,,,,,,,,,,,,,,,,,,,,,,,,,,,,,,,,,,,,,,,,,,,,,,TN
1158,e409a860d27d9dbd962eb6568c1700e2aa2716aa,0.0849955797650307,autoland,4775609,12,d42f896683fcaa492a6c00f43ebeea3a7281573d,macosx1015-64-shippable-qr,True,False,,,102210fe594ee9b33d82058545b1ed14f4c8206e,custom.styleeditor.reload.DAMP,damp,True,damp custom.styleeditor.reload.DAMP opt e10s fission stylo webrender,4775519,77,ms,firefox,,1814036768,2023-12-18 15:53:23,1350255,,,,,,,,,,,,,,,,,,,,,,,,,,,,,,,,,,,,,,,,,,,,,,,,,TN
1159,c909d207f316bf0512f63f8262872083353a6ef5,0.12512084424001652,autoland,4775609,12,d42f896683fcaa492a6c00f43ebeea3a7281573d,macosx1015-64-shippable-qr,True,False,,,102210fe594ee9b33d82058545b1ed14f4c8206e,custom.styleeditor.reload.DAMP,damp,True,damp custom.styleeditor.reload.DAMP opt e10s fission stylo webrender,4775519,77,ms,firefox,,1814066751,2023-12-18 18:13:05,1350369,,,,,,,,,,,,,,,,,,,,,,,,,,,,,,,,,,,,,,,,,,,,,,,,,TN
1160,593e78a41c38b062baab03b6280366f86d0d233c,0.06038793963779454,autoland,4775609,12,d42f896683fcaa492a6c00f43ebeea3a7281573d,macosx1015-64-shippable-qr,True,False,,,102210fe594ee9b33d82058545b1ed14f4c8206e,custom.styleeditor.reload.DAMP,damp,True,damp custom.styleeditor.reload.DAMP opt e10s fission stylo webrender,4775519,77,ms,firefox,,1814082683,2023-12-18 20:47:25,1350523,,,,,,,,,,,,,,,,,,,,,,,,,,,,,,,,,,,,,,,,,,,,,,,,,TN
1161,4bc62630a431fca569dfb1add5eee214dcdd091c,0.09510906498090022,autoland,4775609,12,d42f896683fcaa492a6c00f43ebeea3a7281573d,macosx1015-64-shippable-qr,True,False,,,102210fe594ee9b33d82058545b1ed14f4c8206e,custom.styleeditor.reload.DAMP,damp,True,damp custom.styleeditor.reload.DAMP opt e10s fission stylo webrender,4775519,77,ms,firefox,,1814092960,2023-12-19 00:56:17,1350695,,,,,,,,,,,,,,,,,,,,,,,,,,,,,,,,,,,,,,,,,,,,,,,,,TN
1162,7e32f178b02fef938f803492c4bfd6d897ffcb21,0.0808939255497857,autoland,4775609,12,d42f896683fcaa492a6c00f43ebeea3a7281573d,macosx1015-64-shippable-qr,True,False,,,102210fe594ee9b33d82058545b1ed14f4c8206e,custom.styleeditor.reload.DAMP,damp,True,damp custom.styleeditor.reload.DAMP opt e10s fission stylo webrender,4775519,77,ms,firefox,,1814110139,2023-12-19 02:00:57,1350710,,,,,,,,,,,,,,,,,,,,,,,,,,,,,,,,,,,,,,,,,,,,,,,,,TN
1163,05b607c3bbe6ca02e9133ecb969e033fd3d7959e,0.1041432247862904,autoland,4775609,12,d42f896683fcaa492a6c00f43ebeea3a7281573d,macosx1015-64-shippable-qr,True,False,,,102210fe594ee9b33d82058545b1ed14f4c8206e,custom.styleeditor.reload.DAMP,damp,True,damp custom.styleeditor.reload.DAMP opt e10s fission stylo webrender,4775519,77,ms,firefox,,1814189081,2023-12-19 06:19:40,1350758,,,,,,,,,,,,,,,,,,,,,,,,,,,,,,,,,,,,,,,,,,,,,,,,,TN
1164,8efb8cc3558006677c6d18fcf41c3445498e257c,0.06360028648520782,autoland,4775609,12,d42f896683fcaa492a6c00f43ebeea3a7281573d,macosx1015-64-shippable-qr,True,False,,,102210fe594ee9b33d82058545b1ed14f4c8206e,custom.styleeditor.reload.DAMP,damp,True,damp custom.styleeditor.reload.DAMP opt e10s fission stylo webrender,4775519,77,ms,firefox,,1814309072,2023-12-19 10:31:52,1350823,,,,,,,,,,,,,,,,,,,,,,,,,,,,,,,,,,,,,,,,,,,,,,,,,TN
1165,e382d15d709c00d2fc941c2d6e9344b826246c27,0.07521535991597944,autoland,4775609,12,d42f896683fcaa492a6c00f43ebeea3a7281573d,macosx1015-64-shippable-qr,True,False,,,102210fe594ee9b33d82058545b1ed14f4c8206e,custom.styleeditor.reload.DAMP,damp,True,damp custom.styleeditor.reload.DAMP opt e10s fission stylo webrender,4775519,77,ms,firefox,,1814336726,2023-12-19 10:59:27,1350835,,,,,,,,,,,,,,,,,,,,,,,,,,,,,,,,,,,,,,,,,,,,,,,,,TN
1166,58a9c7e82a58e7e951a669f0634901963c5ed696,0.04405071311050612,autoland,4775609,12,d42f896683fcaa492a6c00f43ebeea3a7281573d,macosx1015-64-shippable-qr,True,False,,,102210fe594ee9b33d82058545b1ed14f4c8206e,custom.styleeditor.reload.DAMP,damp,True,damp custom.styleeditor.reload.DAMP opt e10s fission stylo webrender,4775519,77,ms,firefox,,1814615184,2023-12-19 15:05:00,1350969,,,,,,,,,,,,,,,,,,,,,,,,,,,,,,,,,,,,,,,,,,,,,,,,,TN
1167,ffd610f5a3bc262042d0839f354a1cf0cc9d5dff,0.2122216773506826,autoland,4775609,12,d42f896683fcaa492a6c00f43ebeea3a7281573d,macosx1015-64-shippable-qr,True,False,,,102210fe594ee9b33d82058545b1ed14f4c8206e,custom.styleeditor.reload.DAMP,damp,True,damp custom.styleeditor.reload.DAMP opt e10s fission stylo webrender,4775519,77,ms,firefox,,1814591999,2023-12-19 15:55:04,1351025,,,,,,,,,,,,,,,,,,,,,,,,,,,,,,,,,,,,,,,,,,,,,,,,,TN
1168,b50326daf412a23a363c8ca18b03b1dcede121ff,0.08096362634986565,autoland,4775609,12,d42f896683fcaa492a6c00f43ebeea3a7281573d,macosx1015-64-shippable-qr,True,False,,,102210fe594ee9b33d82058545b1ed14f4c8206e,custom.styleeditor.reload.DAMP,damp,True,damp custom.styleeditor.reload.DAMP opt e10s fission stylo webrender,4775519,77,ms,firefox,,1814696450,2023-12-19 20:21:31,1351238,,,,,,,,,,,,,,,,,,,,,,,,,,,,,,,,,,,,,,,,,,,,,,,,,TN
1169,31eaa2b1cf1b61e0b8868c53cf6bdbfc14805942,0.08126090559109217,autoland,4775609,12,d42f896683fcaa492a6c00f43ebeea3a7281573d,macosx1015-64-shippable-qr,True,False,,,102210fe594ee9b33d82058545b1ed14f4c8206e,custom.styleeditor.reload.DAMP,damp,True,damp custom.styleeditor.reload.DAMP opt e10s fission stylo webrender,4775519,77,ms,firefox,,1814783254,2023-12-19 21:18:40,1351276,,,,,,,,,,,,,,,,,,,,,,,,,,,,,,,,,,,,,,,,,,,,,,,,,TN
1170,9ac6d461916454c17cd8c7dfc7f73401ef3da12a,0.05092245042215704,autoland,4775609,12,d42f896683fcaa492a6c00f43ebeea3a7281573d,macosx1015-64-shippable-qr,True,False,,,102210fe594ee9b33d82058545b1ed14f4c8206e,custom.styleeditor.reload.DAMP,damp,True,damp custom.styleeditor.reload.DAMP opt e10s fission stylo webrender,4775519,77,ms,firefox,,1814834674,2023-12-20 02:06:01,1351432,,,,,,,,,,,,,,,,,,,,,,,,,,,,,,,,,,,,,,,,,,,,,,,,,TN
1171,e3bf6261f6fc31e78c716c97399a60f6f575ebcd,0.06957559874037333,autoland,4775609,12,d42f896683fcaa492a6c00f43ebeea3a7281573d,macosx1015-64-shippable-qr,True,False,,,102210fe594ee9b33d82058545b1ed14f4c8206e,custom.styleeditor.reload.DAMP,damp,True,damp custom.styleeditor.reload.DAMP opt e10s fission stylo webrender,4775519,77,ms,firefox,,1814899244,2023-12-20 04:26:18,1351473,,,,,,,,,,,,,,,,,,,,,,,,,,,,,,,,,,,,,,,,,,,,,,,,,TN
1172,4d6eabdc6228d414c7043c4fabdddfd95a3afb0e,0.08843284579384597,autoland,4775609,12,d42f896683fcaa492a6c00f43ebeea3a7281573d,macosx1015-64-shippable-qr,True,False,,,102210fe594ee9b33d82058545b1ed14f4c8206e,custom.styleeditor.reload.DAMP,damp,True,damp custom.styleeditor.reload.DAMP opt e10s fission stylo webrender,4775519,77,ms,firefox,,1815066721,2023-12-20 09:15:46,1351517,,,,,,,,,,,,,,,,,,,,,,,,,,,,,,,,,,,,,,,,,,,,,,,,,TN
1173,97f2e0f6b821072bc498a3bc7921831eb6d10d38,0.06670904671756517,autoland,4775609,12,d42f896683fcaa492a6c00f43ebeea3a7281573d,macosx1015-64-shippable-qr,True,False,,,102210fe594ee9b33d82058545b1ed14f4c8206e,custom.styleeditor.reload.DAMP,damp,True,damp custom.styleeditor.reload.DAMP opt e10s fission stylo webrender,4775519,77,ms,firefox,,1815157088,2023-12-20 13:10:00,1351639,,,,,,,,,,,,,,,,,,,,,,,,,,,,,,,,,,,,,,,,,,,,,,,,,TN
1174,c12f6936509f05b3caad77d4cb4b783a38761897,0.07781056870813907,autoland,4775609,12,d42f896683fcaa492a6c00f43ebeea3a7281573d,macosx1015-64-shippable-qr,True,False,,,102210fe594ee9b33d82058545b1ed14f4c8206e,custom.styleeditor.reload.DAMP,damp,True,damp custom.styleeditor.reload.DAMP opt e10s fission stylo webrender,4775519,77,ms,firefox,,1815375560,2023-12-20 17:43:19,1351821,,,,,,,,,,,,,,,,,,,,,,,,,,,,,,,,,,,,,,,,,,,,,,,,,TN
1175,aa4d4fecaf969d49a7ecf2568e3dda25cd2a7f1d,0.11751452755856179,autoland,4775609,12,d42f896683fcaa492a6c00f43ebeea3a7281573d,macosx1015-64-shippable-qr,True,False,,,102210fe594ee9b33d82058545b1ed14f4c8206e,custom.styleeditor.reload.DAMP,damp,True,damp custom.styleeditor.reload.DAMP opt e10s fission stylo webrender,4775519,77,ms,firefox,,1815468052,2023-12-20 21:55:32,1352017,,,,,,,,,,,,,,,,,,,,,,,,,,,,,,,,,,,,,,,,,,,,,,,,,TN
1176,dfc7e32798343d88b72708bf68fc966d1e088330,0.07078069265644599,autoland,4775609,12,d42f896683fcaa492a6c00f43ebeea3a7281573d,macosx1015-64-shippable-qr,True,False,,,102210fe594ee9b33d82058545b1ed14f4c8206e,custom.styleeditor.reload.DAMP,damp,True,damp custom.styleeditor.reload.DAMP opt e10s fission stylo webrender,4775519,77,ms,firefox,,1815458288,2023-12-20 21:58:53,1352020,,,,,,,,,,,,,,,,,,,,,,,,,,,,,,,,,,,,,,,,,,,,,,,,,TN
1177,37657c7691664026e54babf7d1cf608fe58a92fb,0.1868756543661832,autoland,4775609,12,d42f896683fcaa492a6c00f43ebeea3a7281573d,macosx1015-64-shippable-qr,True,False,,,102210fe594ee9b33d82058545b1ed14f4c8206e,custom.styleeditor.reload.DAMP,damp,True,damp custom.styleeditor.reload.DAMP opt e10s fission stylo webrender,4775519,77,ms,firefox,,1815579339,2023-12-21 03:06:09,1352135,,,,,,,,,,,,,,,,,,,,,,,,,,,,,,,,,,,,,,,,,,,,,,,,,TN
1178,2339ef37f5863c45acf6280581ec0994b40f11d5,0.19964232550287042,autoland,4775609,12,d42f896683fcaa492a6c00f43ebeea3a7281573d,macosx1015-64-shippable-qr,True,False,,,102210fe594ee9b33d82058545b1ed14f4c8206e,custom.styleeditor.reload.DAMP,damp,True,damp custom.styleeditor.reload.DAMP opt e10s fission stylo webrender,4775519,77,ms,firefox,,1815646986,2023-12-21 06:56:11,1352164,,,,,,,,,,,,,,,,,,,,,,,,,,,,,,,,,,,,,,,,,,,,,,,,,TN
1179,5e551f2bacc3d6a8294dcb0273e8299cf7a17e2d,0.04236257957854078,autoland,4775609,12,d42f896683fcaa492a6c00f43ebeea3a7281573d,macosx1015-64-shippable-qr,True,False,,,102210fe594ee9b33d82058545b1ed14f4c8206e,custom.styleeditor.reload.DAMP,damp,True,damp custom.styleeditor.reload.DAMP opt e10s fission stylo webrender,4775519,77,ms,firefox,,1815763824,2023-12-21 11:39:11,1352265,,,,,,,,,,,,,,,,,,,,,,,,,,,,,,,,,,,,,,,,,,,,,,,,,TN
1180,8b474eeffbe09d0e5e30675fa595293863b0db34,0.10956506708435809,autoland,4775609,12,d42f896683fcaa492a6c00f43ebeea3a7281573d,macosx1015-64-shippable-qr,True,False,,,102210fe594ee9b33d82058545b1ed14f4c8206e,custom.styleeditor.reload.DAMP,damp,True,damp custom.styleeditor.reload.DAMP opt e10s fission stylo webrender,4775519,77,ms,firefox,,1815813087,2023-12-21 13:05:54,1352315,,,,,,,,,,,,,,,,,,,,,,,,,,,,,,,,,,,,,,,,,,,,,,,,,TN
1181,e685307ecb90f0e91ef9f3781b3614b7308384b9,0.08216180937200318,autoland,4775609,12,d42f896683fcaa492a6c00f43ebeea3a7281573d,macosx1015-64-shippable-qr,True,False,,,102210fe594ee9b33d82058545b1ed14f4c8206e,custom.styleeditor.reload.DAMP,damp,True,damp custom.styleeditor.reload.DAMP opt e10s fission stylo webrender,4775519,77,ms,firefox,,1816074005,2023-12-21 18:00:27,1352454,,,,,,,,,,,,,,,,,,,,,,,,,,,,,,,,,,,,,,,,,,,,,,,,,TN
1182,14c89fd054c7ac54bac01a4fcb619d5dff3cc6ef,0.08396055505513872,autoland,4775609,12,d42f896683fcaa492a6c00f43ebeea3a7281573d,macosx1015-64-shippable-qr,True,False,,,102210fe594ee9b33d82058545b1ed14f4c8206e,custom.styleeditor.reload.DAMP,damp,True,damp custom.styleeditor.reload.DAMP opt e10s fission stylo webrender,4775519,77,ms,firefox,,1816083367,2023-12-21 18:17:05,1352468,,,,,,,,,,,,,,,,,,,,,,,,,,,,,,,,,,,,,,,,,,,,,,,,,TN
1183,e20257bfa3ef6e394b6669c19aa1a165ee73fefa,0.059060134706584166,autoland,4775609,12,d42f896683fcaa492a6c00f43ebeea3a7281573d,macosx1015-64-shippable-qr,True,False,,,102210fe594ee9b33d82058545b1ed14f4c8206e,custom.styleeditor.reload.DAMP,damp,True,damp custom.styleeditor.reload.DAMP opt e10s fission stylo webrender,4775519,77,ms,firefox,,1816138292,2023-12-21 22:08:07,1352650,,,,,,,,,,,,,,,,,,,,,,,,,,,,,,,,,,,,,,,,,,,,,,,,,TN
1184,6814c9419790a8ee7c93cac282a82a11d93d16ba,0.060659639411110244,autoland,4775609,12,d42f896683fcaa492a6c00f43ebeea3a7281573d,macosx1015-64-shippable-qr,True,False,,,102210fe594ee9b33d82058545b1ed14f4c8206e,custom.styleeditor.reload.DAMP,damp,True,damp custom.styleeditor.reload.DAMP opt e10s fission stylo webrender,4775519,77,ms,firefox,,1816233100,2023-12-22 08:16:59,1352807,,,,,,,,,,,,,,,,,,,,,,,,,,,,,,,,,,,,,,,,,,,,,,,,,TN
1185,3189af86c93aef59c4fc9363b40f92eb4ef0358f,0.20049526826138658,autoland,4775609,12,d42f896683fcaa492a6c00f43ebeea3a7281573d,macosx1015-64-shippable-qr,True,False,,,102210fe594ee9b33d82058545b1ed14f4c8206e,custom.styleeditor.reload.DAMP,damp,True,damp custom.styleeditor.reload.DAMP opt e10s fission stylo webrender,4775519,77,ms,firefox,,1816481549,2023-12-22 13:33:45,1352859,,,,,,,,,,,,,,,,,,,,,,,,,,,,,,,,,,,,,,,,,,,,,,,,,TN
1186,8cd1fc9da2b45034679cc880c08d91e84d8e9516,0.0688134613651139,autoland,4775609,12,d42f896683fcaa492a6c00f43ebeea3a7281573d,macosx1015-64-shippable-qr,True,False,,,102210fe594ee9b33d82058545b1ed14f4c8206e,custom.styleeditor.reload.DAMP,damp,True,damp custom.styleeditor.reload.DAMP opt e10s fission stylo webrender,4775519,77,ms,firefox,,1816474642,2023-12-22 13:41:08,1352862,,,,,,,,,,,,,,,,,,,,,,,,,,,,,,,,,,,,,,,,,,,,,,,,,TN
1187,ac9f813bbc0f39b5e52be4229972795f2ca6309b,0.06126178183034897,autoland,4775609,12,d42f896683fcaa492a6c00f43ebeea3a7281573d,macosx1015-64-shippable-qr,True,False,,,102210fe594ee9b33d82058545b1ed14f4c8206e,custom.styleeditor.reload.DAMP,damp,True,damp custom.styleeditor.reload.DAMP opt e10s fission stylo webrender,4775519,77,ms,firefox,,1816494049,2023-12-22 19:27:05,1353028,,,,,,,,,,,,,,,,,,,,,,,,,,,,,,,,,,,,,,,,,,,,,,,,,TN
1188,58581f618255e51b846d0792b6abc3e5c2c67d51,0.10612768915599835,autoland,4775609,12,d42f896683fcaa492a6c00f43ebeea3a7281573d,macosx1015-64-shippable-qr,True,False,,,102210fe594ee9b33d82058545b1ed14f4c8206e,custom.styleeditor.reload.DAMP,damp,True,damp custom.styleeditor.reload.DAMP opt e10s fission stylo webrender,4775519,77,ms,firefox,,1816579584,2023-12-23 00:08:27,1353154,,,,,,,,,,,,,,,,,,,,,,,,,,,,,,,,,,,,,,,,,,,,,,,,,TN
1189,8b92fb4e3f41d856629818bd2ecfc25bed23a643,0.11668319786793557,autoland,4775609,12,d42f896683fcaa492a6c00f43ebeea3a7281573d,macosx1015-64-shippable-qr,True,False,,,102210fe594ee9b33d82058545b1ed14f4c8206e,custom.styleeditor.reload.DAMP,damp,True,damp custom.styleeditor.reload.DAMP opt e10s fission stylo webrender,4775519,77,ms,firefox,,1816636777,2023-12-23 05:47:03,1353193,,,,,,,,,,,,,,,,,,,,,,,,,,,,,,,,,,,,,,,,,,,,,,,,,TN
1190,6f7de1b98becd7269380a213d3eff367b81efe72,0.07341189415648375,autoland,4775609,12,d42f896683fcaa492a6c00f43ebeea3a7281573d,macosx1015-64-shippable-qr,True,False,,,102210fe594ee9b33d82058545b1ed14f4c8206e,custom.styleeditor.reload.DAMP,damp,True,damp custom.styleeditor.reload.DAMP opt e10s fission stylo webrender,4775519,77,ms,firefox,,1816670607,2023-12-23 08:44:57,1353213,,,,,,,,,,,,,,,,,,,,,,,,,,,,,,,,,,,,,,,,,,,,,,,,,TN
1191,e6f85355d2f352d6bc64a11372bc8efc1ced07b8,0.06855654494779301,autoland,4775609,12,d42f896683fcaa492a6c00f43ebeea3a7281573d,macosx1015-64-shippable-qr,True,False,,,102210fe594ee9b33d82058545b1ed14f4c8206e,custom.styleeditor.reload.DAMP,damp,True,damp custom.styleeditor.reload.DAMP opt e10s fission stylo webrender,4775519,77,ms,firefox,,1816763489,2023-12-23 15:53:06,1353251,,,,,,,,,,,,,,,,,,,,,,,,,,,,,,,,,,,,,,,,,,,,,,,,,TN
1192,0f896a4a54629904c55cc5e18aa1f6e387c9a697,0.0984922692680214,autoland,4775609,12,d42f896683fcaa492a6c00f43ebeea3a7281573d,macosx1015-64-shippable-qr,True,False,,,102210fe594ee9b33d82058545b1ed14f4c8206e,custom.styleeditor.reload.DAMP,damp,True,damp custom.styleeditor.reload.DAMP opt e10s fission stylo webrender,4775519,77,ms,firefox,,1816833833,2023-12-24 06:04:04,1353282,,,,,,,,,,,,,,,,,,,,,,,,,,,,,,,,,,,,,,,,,,,,,,,,,TN
1193,a15215077df33152e936203ec411ea07343a3f36,0.08996494802718857,autoland,4775609,12,d42f896683fcaa492a6c00f43ebeea3a7281573d,macosx1015-64-shippable-qr,True,False,,,102210fe594ee9b33d82058545b1ed14f4c8206e,custom.styleeditor.reload.DAMP,damp,True,damp custom.styleeditor.reload.DAMP opt e10s fission stylo webrender,4775519,77,ms,firefox,,1816928164,2023-12-24 13:46:59,1353302,,,,,,,,,,,,,,,,,,,,,,,,,,,,,,,,,,,,,,,,,,,,,,,,,TN
1194,65471d13c8aaa5b3c5aa872ca12360b7f26ad6e0,0.20607034820913206,autoland,4775609,12,d42f896683fcaa492a6c00f43ebeea3a7281573d,macosx1015-64-shippable-qr,True,False,,,102210fe594ee9b33d82058545b1ed14f4c8206e,custom.styleeditor.reload.DAMP,damp,True,damp custom.styleeditor.reload.DAMP opt e10s fission stylo webrender,4775519,77,ms,firefox,,1816961438,2023-12-24 18:13:48,1353317,,,,,,,,,,,,,,,,,,,,,,,,,,,,,,,,,,,,,,,,,,,,,,,,,TN
1195,29784c387017c900dc842f070d5cd88464dfc494,0.12040157036265753,autoland,4775609,12,d42f896683fcaa492a6c00f43ebeea3a7281573d,macosx1015-64-shippable-qr,True,False,,,102210fe594ee9b33d82058545b1ed14f4c8206e,custom.styleeditor.reload.DAMP,damp,True,damp custom.styleeditor.reload.DAMP opt e10s fission stylo webrender,4775519,77,ms,firefox,,1817033860,2023-12-25 01:21:58,1353335,,,,,,,,,,,,,,,,,,,,,,,,,,,,,,,,,,,,,,,,,,,,,,,,,TN
1196,f69f493b2f3cde5ef4b46b9675cfd4708287666e,0.10450051893468115,autoland,4775609,12,d42f896683fcaa492a6c00f43ebeea3a7281573d,macosx1015-64-shippable-qr,True,False,,,102210fe594ee9b33d82058545b1ed14f4c8206e,custom.styleeditor.reload.DAMP,damp,True,damp custom.styleeditor.reload.DAMP opt e10s fission stylo webrender,4775519,77,ms,firefox,,1817086067,2023-12-25 05:53:22,1353343,,,,,,,,,,,,,,,,,,,,,,,,,,,,,,,,,,,,,,,,,,,,,,,,,TN
1197,b9600c5aa59e300200656691d1f1997593caafbd,0.08036608826775504,autoland,4775609,12,d42f896683fcaa492a6c00f43ebeea3a7281573d,macosx1015-64-shippable-qr,True,False,,,102210fe594ee9b33d82058545b1ed14f4c8206e,custom.styleeditor.reload.DAMP,damp,True,damp custom.styleeditor.reload.DAMP opt e10s fission stylo webrender,4775519,77,ms,firefox,,1817165378,2023-12-25 12:57:04,1353372,,,,,,,,,,,,,,,,,,,,,,,,,,,,,,,,,,,,,,,,,,,,,,,,,TN
1198,fdd85a789550f85e20e7b7128f2b3316cbc76640,0.1346049460798665,autoland,4775609,12,d42f896683fcaa492a6c00f43ebeea3a7281573d,macosx1015-64-shippable-qr,True,False,,,102210fe594ee9b33d82058545b1ed14f4c8206e,custom.styleeditor.reload.DAMP,damp,True,damp custom.styleeditor.reload.DAMP opt e10s fission stylo webrender,4775519,77,ms,firefox,,1817202699,2023-12-25 17:10:06,1353386,,,,,,,,,,,,,,,,,,,,,,,,,,,,,,,,,,,,,,,,,,,,,,,,,TN
1199,ba6abbd36b496501cea141e17b61af674a18e279,0.1160291521614572,autoland,4775609,12,d42f896683fcaa492a6c00f43ebeea3a7281573d,macosx1015-64-shippable-qr,True,False,,,102210fe594ee9b33d82058545b1ed14f4c8206e,custom.styleeditor.reload.DAMP,damp,True,damp custom.styleeditor.reload.DAMP opt e10s fission stylo webrender,4775519,77,ms,firefox,,1817227361,2023-12-25 21:32:12,1353402,,,,,,,,,,,,,,,,,,,,,,,,,,,,,,,,,,,,,,,,,,,,,,,,,TN
1200,280c0b4dd9140984e6177c89f5858ceac6ae0107,0.06578743713270369,autoland,4775609,12,d42f896683fcaa492a6c00f43ebeea3a7281573d,macosx1015-64-shippable-qr,True,False,,,102210fe594ee9b33d82058545b1ed14f4c8206e,custom.styleeditor.reload.DAMP,damp,True,damp custom.styleeditor.reload.DAMP opt e10s fission stylo webrender,4775519,77,ms,firefox,441391093.0,1817283874,2023-12-26 03:31:03,1353431,,,,,,,,,,,,,,,,,,,,,,,,,,,,,,,,,,,,,,,,,,,,,,,,,TN
1201,7503b1d6a430d23303b6ec356b3388951a1eca83,0.08764762749197041,autoland,4775609,12,d42f896683fcaa492a6c00f43ebeea3a7281573d,macosx1015-64-shippable-qr,True,False,,,102210fe594ee9b33d82058545b1ed14f4c8206e,custom.styleeditor.reload.DAMP,damp,True,damp custom.styleeditor.reload.DAMP opt e10s fission stylo webrender,4775519,77,ms,firefox,441397625.0,1817356085,2023-12-26 07:50:55,1353461,,,,,,,,,,,,,,,,,,,,,,,,,,,,,,,,,,,,,,,,,,,,,,,,,TN
1202,807f04c86e5d02f04afa662ade3d505a80a4f660,0.13255352025483635,autoland,4775609,12,d42f896683fcaa492a6c00f43ebeea3a7281573d,macosx1015-64-shippable-qr,True,False,,,102210fe594ee9b33d82058545b1ed14f4c8206e,custom.styleeditor.reload.DAMP,damp,True,damp custom.styleeditor.reload.DAMP opt e10s fission stylo webrender,4775519,77,ms,firefox,441423122.0,1817449376,2023-12-26 11:52:29,1353488,,,,,,,,,,,,,,,,,,,,,,,,,,,,,,,,,,,,,,,,,,,,,,,,,TN
1203,6d9a0abd0a3c26f4337aff723c15795fe91fe884,0.12003567146842703,autoland,4775609,12,d42f896683fcaa492a6c00f43ebeea3a7281573d,macosx1015-64-shippable-qr,True,False,,,102210fe594ee9b33d82058545b1ed14f4c8206e,custom.styleeditor.reload.DAMP,damp,True,damp custom.styleeditor.reload.DAMP opt e10s fission stylo webrender,4775519,77,ms,firefox,441454605.0,1817561011,2023-12-27 02:56:18,1353555,,,,,,,,,,,,,,,,,,,,,,,,,,,,,,,,,,,,,,,,,,,,,,,,,TN
1204,856e86584c4c811f064f93e2b734dd374c787eaf,0.16640327781147818,autoland,4775609,12,d42f896683fcaa492a6c00f43ebeea3a7281573d,macosx1015-64-shippable-qr,True,False,,,102210fe594ee9b33d82058545b1ed14f4c8206e,custom.styleeditor.reload.DAMP,damp,True,damp custom.styleeditor.reload.DAMP opt e10s fission stylo webrender,4775519,77,ms,firefox,441496215.0,1817759224,2023-12-27 14:58:54,1353654,,,,,,,,,,,,,,,,,,,,,,,,,,,,,,,,,,,,,,,,,,,,,,,,,TN
1205,97a27d8a860d5bd8ab2962d2f0e5e376287e527c,0.13241185433451247,autoland,4775609,12,d42f896683fcaa492a6c00f43ebeea3a7281573d,macosx1015-64-shippable-qr,True,False,,,102210fe594ee9b33d82058545b1ed14f4c8206e,custom.styleeditor.reload.DAMP,damp,True,damp custom.styleeditor.reload.DAMP opt e10s fission stylo webrender,4775519,77,ms,firefox,441507664.0,1817815345,2023-12-27 20:22:55,1353722,,,,,,,,,,,,,,,,,,,,,,,,,,,,,,,,,,,,,,,,,,,,,,,,,TN
1206,00fe06571a66e6773ca7801e6747493299cf4bda,0.047655327102165246,autoland,4775609,12,d42f896683fcaa492a6c00f43ebeea3a7281573d,macosx1015-64-shippable-qr,True,False,,,102210fe594ee9b33d82058545b1ed14f4c8206e,custom.styleeditor.reload.DAMP,damp,True,damp custom.styleeditor.reload.DAMP opt e10s fission stylo webrender,4775519,77,ms,firefox,441527604.0,1817894441,2023-12-28 01:36:38,1353793,,,,,,,,,,,,,,,,,,,,,,,,,,,,,,,,,,,,,,,,,,,,,,,,,TN
1207,10aa7423789835a7dbd24b0b44ad1ae2ad77b59b,0.09377549996576418,autoland,4775609,12,d42f896683fcaa492a6c00f43ebeea3a7281573d,macosx1015-64-shippable-qr,True,False,,,102210fe594ee9b33d82058545b1ed14f4c8206e,custom.styleeditor.reload.DAMP,damp,True,damp custom.styleeditor.reload.DAMP opt e10s fission stylo webrender,4775519,77,ms,firefox,441553304.0,1818006236,2023-12-28 13:32:35,1353834,,,,,,,,,,,,,,,,,,,,,,,,,,,,,,,,,,,,,,,,,,,,,,,,,TN
1208,659e4e8345823ce8331b67df6c3865b76063e2c2,0.10428298512320688,autoland,4775609,12,d42f896683fcaa492a6c00f43ebeea3a7281573d,macosx1015-64-shippable-qr,True,False,,,102210fe594ee9b33d82058545b1ed14f4c8206e,custom.styleeditor.reload.DAMP,damp,True,damp custom.styleeditor.reload.DAMP opt e10s fission stylo webrender,4775519,77,ms,firefox,441574871.0,1818186366,2023-12-28 17:48:27,1353939,,,,,,,,,,,,,,,,,,,,,,,,,,,,,,,,,,,,,,,,,,,,,,,,,TN
1209,2e15b5318d54850660d5c4e4ece3c82b2634d806,0.07396849236408704,autoland,4775609,12,d42f896683fcaa492a6c00f43ebeea3a7281573d,macosx1015-64-shippable-qr,True,False,,,102210fe594ee9b33d82058545b1ed14f4c8206e,custom.styleeditor.reload.DAMP,damp,True,damp custom.styleeditor.reload.DAMP opt e10s fission stylo webrender,4775519,77,ms,firefox,441590703.0,1818231453,2023-12-28 20:32:29,1353968,,,,,,,,,,,,,,,,,,,,,,,,,,,,,,,,,,,,,,,,,,,,,,,,,TN
1210,0bd8678e10b6f0eb1d7e16cfe010ca8856e2bfcc,0.0791086939307768,autoland,4775609,12,d42f896683fcaa492a6c00f43ebeea3a7281573d,macosx1015-64-shippable-qr,True,False,,,102210fe594ee9b33d82058545b1ed14f4c8206e,custom.styleeditor.reload.DAMP,damp,True,damp custom.styleeditor.reload.DAMP opt e10s fission stylo webrender,4775519,77,ms,firefox,441601479.0,1818265805,2023-12-28 23:04:44,1354003,,,,,,,,,,,,,,,,,,,,,,,,,,,,,,,,,,,,,,,,,,,,,,,,,TN
1211,25b973ec90316da3daa35b031e4a4e089d70443a,0.04572422894166678,autoland,4775609,12,d42f896683fcaa492a6c00f43ebeea3a7281573d,macosx1015-64-shippable-qr,True,False,,,102210fe594ee9b33d82058545b1ed14f4c8206e,custom.styleeditor.reload.DAMP,damp,True,damp custom.styleeditor.reload.DAMP opt e10s fission stylo webrender,4775519,77,ms,firefox,441615450.0,1818344762,2023-12-29 05:51:26,1354078,,,,,,,,,,,,,,,,,,,,,,,,,,,,,,,,,,,,,,,,,,,,,,,,,TN
1212,4d00abb11b573ff386a9f02816ff81f2030e6dfe,0.0727104277268869,autoland,4775609,12,d42f896683fcaa492a6c00f43ebeea3a7281573d,macosx1015-64-shippable-qr,True,False,,,102210fe594ee9b33d82058545b1ed14f4c8206e,custom.styleeditor.reload.DAMP,damp,True,damp custom.styleeditor.reload.DAMP opt e10s fission stylo webrender,4775519,77,ms,firefox,441662375.0,1818486127,2023-12-29 14:24:04,1354164,,,,,,,,,,,,,,,,,,,,,,,,,,,,,,,,,,,,,,,,,,,,,,,,,TN
1213,52b5c5b51719976906d668db1cd59b2b49315565,0.114750726743927,autoland,4775609,12,d42f896683fcaa492a6c00f43ebeea3a7281573d,macosx1015-64-shippable-qr,True,False,,,102210fe594ee9b33d82058545b1ed14f4c8206e,custom.styleeditor.reload.DAMP,damp,True,damp custom.styleeditor.reload.DAMP opt e10s fission stylo webrender,4775519,77,ms,firefox,441669014.0,1818517319,2023-12-29 16:09:29,1354179,,,,,,,,,,,,,,,,,,,,,,,,,,,,,,,,,,,,,,,,,,,,,,,,,TN
1214,8d822c618985176a1d4ebc4eedcd5a388e798418,0.08682096247648641,autoland,4775609,12,d42f896683fcaa492a6c00f43ebeea3a7281573d,macosx1015-64-shippable-qr,True,False,,,102210fe594ee9b33d82058545b1ed14f4c8206e,custom.styleeditor.reload.DAMP,damp,True,damp custom.styleeditor.reload.DAMP opt e10s fission stylo webrender,4775519,77,ms,firefox,441690971.0,1818592481,2023-12-29 20:10:09,1354279,,,,,,,,,,,,,,,,,,,,,,,,,,,,,,,,,,,,,,,,,,,,,,,,,TN
1215,15c3c77f07b45a04b27a42ab403aadaaed857fff,0.06645287574868103,autoland,4775609,12,d42f896683fcaa492a6c00f43ebeea3a7281573d,macosx1015-64-shippable-qr,True,False,,,102210fe594ee9b33d82058545b1ed14f4c8206e,custom.styleeditor.reload.DAMP,damp,True,damp custom.styleeditor.reload.DAMP opt e10s fission stylo webrender,4775519,77,ms,firefox,441708343.0,1818664021,2023-12-30 03:46:41,1354316,,,,,,,,,,,,,,,,,,,,,,,,,,,,,,,,,,,,,,,,,,,,,,,,,TN
1216,9660032084db64efbe9cbbf4c47a38d0a6c36c9f,0.08211281656998515,autoland,4775609,12,d42f896683fcaa492a6c00f43ebeea3a7281573d,macosx1015-64-shippable-qr,True,False,,,102210fe594ee9b33d82058545b1ed14f4c8206e,custom.styleeditor.reload.DAMP,damp,True,damp custom.styleeditor.reload.DAMP opt e10s fission stylo webrender,4775519,77,ms,firefox,441717266.0,1818729237,2023-12-30 08:00:00,1354351,,,,,,,,,,,,,,,,,,,,,,,,,,,,,,,,,,,,,,,,,,,,,,,,,TN
1217,94ab264a143c3086d948c401c047297f01b76527,0.10686363326142179,autoland,4775609,12,d42f896683fcaa492a6c00f43ebeea3a7281573d,macosx1015-64-shippable-qr,True,False,,,102210fe594ee9b33d82058545b1ed14f4c8206e,custom.styleeditor.reload.DAMP,damp,True,damp custom.styleeditor.reload.DAMP opt e10s fission stylo webrender,4775519,77,ms,firefox,441761842.0,1818918961,2023-12-30 12:53:05,1354380,,,,,,,,,,,,,,,,,,,,,,,,,,,,,,,,,,,,,,,,,,,,,,,,,TN
1218,3e9c9290e422e1f39255953e22e3d8bfe8234425,0.09170530792889531,autoland,4775609,12,d42f896683fcaa492a6c00f43ebeea3a7281573d,macosx1015-64-shippable-qr,True,False,,,102210fe594ee9b33d82058545b1ed14f4c8206e,custom.styleeditor.reload.DAMP,damp,True,damp custom.styleeditor.reload.DAMP opt e10s fission stylo webrender,4775519,77,ms,firefox,441762140.0,1818925071,2023-12-30 17:18:37,1354396,,,,,,,,,,,,,,,,,,,,,,,,,,,,,,,,,,,,,,,,,,,,,,,,,TN
1219,be0bfc7f906523649c68f45d4b25ca752bfc701c,0.08196651449794401,autoland,4775609,12,d42f896683fcaa492a6c00f43ebeea3a7281573d,macosx1015-64-shippable-qr,True,False,,,102210fe594ee9b33d82058545b1ed14f4c8206e,custom.styleeditor.reload.DAMP,damp,True,damp custom.styleeditor.reload.DAMP opt e10s fission stylo webrender,4775519,77,ms,firefox,441777688.0,1818969046,2023-12-31 00:47:53,1354421,,,,,,,,,,,,,,,,,,,,,,,,,,,,,,,,,,,,,,,,,,,,,,,,,TN
1220,30b0d1ecdc26a3e4753bef7807739106282ed827,0.20862427210319584,autoland,4775609,12,d42f896683fcaa492a6c00f43ebeea3a7281573d,macosx1015-64-shippable-qr,True,False,,,102210fe594ee9b33d82058545b1ed14f4c8206e,custom.styleeditor.reload.DAMP,damp,True,damp custom.styleeditor.reload.DAMP opt e10s fission stylo webrender,4775519,77,ms,firefox,441811640.0,1819144665,2023-12-31 16:29:03,1354470,,,,,,,,,,,,,,,,,,,,,,,,,,,,,,,,,,,,,,,,,,,,,,,,,TN
1221,1d9bdb9eb18ed5657dcd20860b5eccf9dd34f740,0.1275907052468817,autoland,4775609,12,d42f896683fcaa492a6c00f43ebeea3a7281573d,macosx1015-64-shippable-qr,True,False,,,102210fe594ee9b33d82058545b1ed14f4c8206e,custom.styleeditor.reload.DAMP,damp,True,damp custom.styleeditor.reload.DAMP opt e10s fission stylo webrender,4775519,77,ms,firefox,441832328.0,1819242279,2023-12-31 19:13:37,1354481,,,,,,,,,,,,,,,,,,,,,,,,,,,,,,,,,,,,,,,,,,,,,,,,,TN
1222,430d1a5b377307a1050c23ae96cab333c5a33be8,0.0851761516211012,autoland,4775609,12,d42f896683fcaa492a6c00f43ebeea3a7281573d,macosx1015-64-shippable-qr,True,False,,,102210fe594ee9b33d82058545b1ed14f4c8206e,custom.styleeditor.reload.DAMP,damp,True,damp custom.styleeditor.reload.DAMP opt e10s fission stylo webrender,4775519,77,ms,firefox,441826179.0,1819192606,2023-12-31 21:56:05,1354489,,,,,,,,,,,,,,,,,,,,,,,,,,,,,,,,,,,,,,,,,,,,,,,,,TN
1223,da3b8f5f832d95192044762406363fda8d55ef19,0.060914672186094476,autoland,4775609,12,d42f896683fcaa492a6c00f43ebeea3a7281573d,macosx1015-64-shippable-qr,True,False,,,102210fe594ee9b33d82058545b1ed14f4c8206e,custom.styleeditor.reload.DAMP,damp,True,damp custom.styleeditor.reload.DAMP opt e10s fission stylo webrender,4775519,77,ms,firefox,441858209.0,1819369903,2024-01-01 15:22:20,1354571,,,,,,,,,,,,,,,,,,,,,,,,,,,,,,,,,,,,,,,,,,,,,,,,,TN
1224,42461c8e1289d1829e0902914b12524c1fffa0a1,0.04834043699981505,autoland,4775609,12,d42f896683fcaa492a6c00f43ebeea3a7281573d,macosx1015-64-shippable-qr,True,False,,,102210fe594ee9b33d82058545b1ed14f4c8206e,custom.styleeditor.reload.DAMP,damp,True,damp custom.styleeditor.reload.DAMP opt e10s fission stylo webrender,4775519,77,ms,firefox,441858666.0,1819375436,2024-01-01 20:27:36,1354574,,,,,,,,,,,,,,,,,,,,,,,,,,,,,,,,,,,,,,,,,,,,,,,,,TN
1225,60c369c930dc96abae06a2e0ad6833a3574b803f,0.1302739213851702,autoland,4775609,12,d42f896683fcaa492a6c00f43ebeea3a7281573d,macosx1015-64-shippable-qr,True,False,,,102210fe594ee9b33d82058545b1ed14f4c8206e,custom.styleeditor.reload.DAMP,damp,True,damp custom.styleeditor.reload.DAMP opt e10s fission stylo webrender,4775519,77,ms,firefox,441879695.0,1819456699,2024-01-02 07:16:40,1354603,,,,,,,,,,,,,,,,,,,,,,,,,,,,,,,,,,,,,,,,,,,,,,,,,TN
1226,399d9781e72b3a4a01e67c7f902f80c9df9da386,0.06265429760989377,autoland,4775609,12,d42f896683fcaa492a6c00f43ebeea3a7281573d,macosx1015-64-shippable-qr,True,False,,,102210fe594ee9b33d82058545b1ed14f4c8206e,custom.styleeditor.reload.DAMP,damp,True,damp custom.styleeditor.reload.DAMP opt e10s fission stylo webrender,4775519,77,ms,firefox,441928502.0,1819658041,2024-01-02 11:19:41,1354672,,,,,,,,,,,,,,,,,,,,,,,,,,,,,,,,,,,,,,,,,,,,,,,,,TN
1227,9f15f6c0236cc27aa82549841609068645c13445,0.06669776899877283,autoland,4775609,12,d42f896683fcaa492a6c00f43ebeea3a7281573d,macosx1015-64-shippable-qr,True,False,,,102210fe594ee9b33d82058545b1ed14f4c8206e,custom.styleeditor.reload.DAMP,damp,True,damp custom.styleeditor.reload.DAMP opt e10s fission stylo webrender,4775519,77,ms,firefox,441955217.0,1819763184,2024-01-02 15:21:54,1354784,,,,,,,,,,,,,,,,,,,,,,,,,,,,,,,,,,,,,,,,,,,,,,,,,TN
1228,c44f0d09630a8cf36dac42c4eb31bf2a9395bf90,0.17774831460333823,autoland,4775609,12,d42f896683fcaa492a6c00f43ebeea3a7281573d,macosx1015-64-shippable-qr,True,False,,,102210fe594ee9b33d82058545b1ed14f4c8206e,custom.styleeditor.reload.DAMP,damp,True,damp custom.styleeditor.reload.DAMP opt e10s fission stylo webrender,4775519,77,ms,firefox,441955843.0,1819776744,2024-01-02 15:38:43,1354794,,,,,,,,,,,,,,,,,,,,,,,,,,,,,,,,,,,,,,,,,,,,,,,,,TN
1229,cc67c788cded515a24f96c72c8a12b87a2cd1b3a,0.24157405343835653,autoland,4775609,12,d42f896683fcaa492a6c00f43ebeea3a7281573d,macosx1015-64-shippable-qr,True,False,,,102210fe594ee9b33d82058545b1ed14f4c8206e,custom.styleeditor.reload.DAMP,damp,True,damp custom.styleeditor.reload.DAMP opt e10s fission stylo webrender,4775519,77,ms,firefox,441974395.0,1819824586,2024-01-02 20:40:29,1354935,,,,,,,,,,,,,,,,,,,,,,,,,,,,,,,,,,,,,,,,,,,,,,,,,TN
1230,655286516798565db497786ca92d9a8f7f7744bf,0.08414912169481326,autoland,4775609,12,d42f896683fcaa492a6c00f43ebeea3a7281573d,macosx1015-64-shippable-qr,True,False,,,102210fe594ee9b33d82058545b1ed14f4c8206e,custom.styleeditor.reload.DAMP,damp,True,damp custom.styleeditor.reload.DAMP opt e10s fission stylo webrender,4775519,77,ms,firefox,441998031.0,1819924819,2024-01-03 08:18:49,1355061,,,,,,,,,,,,,,,,,,,,,,,,,,,,,,,,,,,,,,,,,,,,,,,,,TN
1231,9ea90dc23395fc3e2d9d2bd18598cc49434eeff1,0.09325795963592354,autoland,4775609,12,d42f896683fcaa492a6c00f43ebeea3a7281573d,macosx1015-64-shippable-qr,True,False,,,102210fe594ee9b33d82058545b1ed14f4c8206e,custom.styleeditor.reload.DAMP,damp,True,damp custom.styleeditor.reload.DAMP opt e10s fission stylo webrender,4775519,77,ms,firefox,442038614.0,1820041193,2024-01-03 12:27:12,1355126,,,,,,,,,,,,,,,,,,,,,,,,,,,,,,,,,,,,,,,,,,,,,,,,,TN
1232,6aab4af4cab879cc95debd549578bc909a21cff7,0.2145132697670863,autoland,4775609,12,d42f896683fcaa492a6c00f43ebeea3a7281573d,macosx1015-64-shippable-qr,True,False,,,102210fe594ee9b33d82058545b1ed14f4c8206e,custom.styleeditor.reload.DAMP,damp,True,damp custom.styleeditor.reload.DAMP opt e10s fission stylo webrender,4775519,77,ms,firefox,442055418.0,1820128673,2024-01-03 16:19:36,1355230,,,,,,,,,,,,,,,,,,,,,,,,,,,,,,,,,,,,,,,,,,,,,,,,,TN
1233,c5a68fbf81d038a69c4e9be728d50030fd0d6271,0.07400510984441178,autoland,4775609,12,d42f896683fcaa492a6c00f43ebeea3a7281573d,macosx1015-64-shippable-qr,True,False,,,102210fe594ee9b33d82058545b1ed14f4c8206e,custom.styleeditor.reload.DAMP,damp,True,damp custom.styleeditor.reload.DAMP opt e10s fission stylo webrender,4775519,77,ms,firefox,442093360.0,1820292383,2024-01-03 20:41:01,1355381,,,,,,,,,,,,,,,,,,,,,,,,,,,,,,,,,,,,,,,,,,,,,,,,,TN
1234,d071b2f4ff07e1815cfa6650ffafb87c9b7e9fb1,0.13990976174995784,autoland,4775609,12,d42f896683fcaa492a6c00f43ebeea3a7281573d,macosx1015-64-shippable-qr,True,False,,,102210fe594ee9b33d82058545b1ed14f4c8206e,custom.styleeditor.reload.DAMP,damp,True,damp custom.styleeditor.reload.DAMP opt e10s fission stylo webrender,4775519,77,ms,firefox,442093851.0,1820297815,2024-01-03 20:57:48,1355389,,,,,,,,,,,,,,,,,,,,,,,,,,,,,,,,,,,,,,,,,,,,,,,,,TN
1235,99d5c9d12fe8a000d9b092346826d2101720ee5f,0.05730004373371822,autoland,4775609,12,d42f896683fcaa492a6c00f43ebeea3a7281573d,macosx1015-64-shippable-qr,True,False,,,102210fe594ee9b33d82058545b1ed14f4c8206e,custom.styleeditor.reload.DAMP,damp,True,damp custom.styleeditor.reload.DAMP opt e10s fission stylo webrender,4775519,77,ms,firefox,442097039.0,1820310864,2024-01-04 01:41:43,1355473,,,,,,,,,,,,,,,,,,,,,,,,,,,,,,,,,,,,,,,,,,,,,,,,,TN
1236,c285a1e59436529ca8d4acd4acf55d45e4277b1b,0.07764755191590167,autoland,4775609,12,d42f896683fcaa492a6c00f43ebeea3a7281573d,macosx1015-64-shippable-qr,True,False,,,102210fe594ee9b33d82058545b1ed14f4c8206e,custom.styleeditor.reload.DAMP,damp,True,damp custom.styleeditor.reload.DAMP opt e10s fission stylo webrender,4775519,77,ms,firefox,442119184.0,1820417698,2024-01-04 05:54:21,1355496,,,,,,,,,,,,,,,,,,,,,,,,,,,,,,,,,,,,,,,,,,,,,,,,,TN
1237,740351987a4ee46ea2c571e5824e859680bda968,0.11393228908758163,autoland,4775609,12,d42f896683fcaa492a6c00f43ebeea3a7281573d,macosx1015-64-shippable-qr,True,False,,,102210fe594ee9b33d82058545b1ed14f4c8206e,custom.styleeditor.reload.DAMP,damp,True,damp custom.styleeditor.reload.DAMP opt e10s fission stylo webrender,4775519,77,ms,firefox,442164083.0,1820617806,2024-01-04 11:10:14,1355581,,,,,,,,,,,,,,,,,,,,,,,,,,,,,,,,,,,,,,,,,,,,,,,,,TN
1238,45533d2448ef281f6e604ca7626c0a6ecce3e188,0.06815146859687832,autoland,4775609,12,d42f896683fcaa492a6c00f43ebeea3a7281573d,macosx1015-64-shippable-qr,True,False,,,102210fe594ee9b33d82058545b1ed14f4c8206e,custom.styleeditor.reload.DAMP,damp,True,damp custom.styleeditor.reload.DAMP opt e10s fission stylo webrender,4775519,77,ms,firefox,442194458.0,1820722432,2024-01-04 15:17:03,1355683,,,,,,,,,,,,,,,,,,,,,,,,,,,,,,,,,,,,,,,,,,,,,,,,,TN
1239,048b65210703dec3aec972f180b52548b2664f7d,0.03590390517352815,autoland,4775609,12,d42f896683fcaa492a6c00f43ebeea3a7281573d,macosx1015-64-shippable-qr,True,False,,,102210fe594ee9b33d82058545b1ed14f4c8206e,custom.styleeditor.reload.DAMP,damp,True,damp custom.styleeditor.reload.DAMP opt e10s fission stylo webrender,4775519,77,ms,firefox,442203985.0,1820772272,2024-01-04 19:37:18,1355859,,,,,,,,,,,,,,,,,,,,,,,,,,,,,,,,,,,,,,,,,,,,,,,,,TN
1240,84d53ee96a81d7e514d24d1fb3160e91d9cee533,0.09789304336777938,autoland,4775609,12,d42f896683fcaa492a6c00f43ebeea3a7281573d,macosx1015-64-shippable-qr,True,False,,,102210fe594ee9b33d82058545b1ed14f4c8206e,custom.styleeditor.reload.DAMP,damp,True,damp custom.styleeditor.reload.DAMP opt e10s fission stylo webrender,4775519,77,ms,firefox,442238145.0,1820927788,2024-01-05 00:18:01,1356034,,,,,,,,,,,,,,,,,,,,,,,,,,,,,,,,,,,,,,,,,,,,,,,,,TN
1241,fab155eb519c68377a585ffdc537174653ab847b,0.0745982975574841,autoland,4775609,12,d42f896683fcaa492a6c00f43ebeea3a7281573d,macosx1015-64-shippable-qr,True,False,,,102210fe594ee9b33d82058545b1ed14f4c8206e,custom.styleeditor.reload.DAMP,damp,True,damp custom.styleeditor.reload.DAMP opt e10s fission stylo webrender,4775519,77,ms,firefox,442238884.0,1820951975,2024-01-05 00:22:57,1356036,,,,,,,,,,,,,,,,,,,,,,,,,,,,,,,,,,,,,,,,,,,,,,,,,TN
1242,376266ac23d50822ae8c18d60d1577f0b89b7c03,0.10448627094122043,autoland,4775609,12,d42f896683fcaa492a6c00f43ebeea3a7281573d,macosx1015-64-shippable-qr,True,False,,,102210fe594ee9b33d82058545b1ed14f4c8206e,custom.styleeditor.reload.DAMP,damp,True,damp custom.styleeditor.reload.DAMP opt e10s fission stylo webrender,4775519,77,ms,firefox,442255637.0,1821043810,2024-01-05 04:43:02,1356081,,,,,,,,,,,,,,,,,,,,,,,,,,,,,,,,,,,,,,,,,,,,,,,,,TN
1243,fa9bfcd5f0dbd19a8aaafddc25f6f73e4bcfd484,0.04057811205788303,autoland,4775609,12,d42f896683fcaa492a6c00f43ebeea3a7281573d,macosx1015-64-shippable-qr,True,False,,,102210fe594ee9b33d82058545b1ed14f4c8206e,custom.styleeditor.reload.DAMP,damp,True,damp custom.styleeditor.reload.DAMP opt e10s fission stylo webrender,4775519,77,ms,firefox,442266724.0,1821091945,2024-01-05 08:43:49,1356147,,,,,,,,,,,,,,,,,,,,,,,,,,,,,,,,,,,,,,,,,,,,,,,,,TN
1244,30bc5759ffcd80a2febc0a054214a3c910d31aea,0.09087962806819855,autoland,4775609,12,d42f896683fcaa492a6c00f43ebeea3a7281573d,macosx1015-64-shippable-qr,True,False,,,102210fe594ee9b33d82058545b1ed14f4c8206e,custom.styleeditor.reload.DAMP,damp,True,damp custom.styleeditor.reload.DAMP opt e10s fission stylo webrender,4775519,77,ms,firefox,442388575.0,1821549875,2024-01-05 12:49:29,1356208,,,,,,,,,,,,,,,,,,,,,,,,,,,,,,,,,,,,,,,,,,,,,,,,,TN
1245,d2e417f0f208016a0a4e369e822a12e20ef4fc5f,0.09927848259818878,autoland,4775609,12,d42f896683fcaa492a6c00f43ebeea3a7281573d,macosx1015-64-shippable-qr,True,False,,,102210fe594ee9b33d82058545b1ed14f4c8206e,custom.styleeditor.reload.DAMP,damp,True,damp custom.styleeditor.reload.DAMP opt e10s fission stylo webrender,4775519,77,ms,firefox,442390040.0,1821576583,2024-01-05 17:02:32,1356351,,,,,,,,,,,,,,,,,,,,,,,,,,,,,,,,,,,,,,,,,,,,,,,,,TN
1246,2a86438878465bd10e251c52285e2455425bfeb9,0.08320823796195137,autoland,4775609,12,d42f896683fcaa492a6c00f43ebeea3a7281573d,macosx1015-64-shippable-qr,True,False,,,102210fe594ee9b33d82058545b1ed14f4c8206e,custom.styleeditor.reload.DAMP,damp,True,damp custom.styleeditor.reload.DAMP opt e10s fission stylo webrender,4775519,77,ms,firefox,442394673.0,1821598342,2024-01-06 00:04:36,1356549,,,,,,,,,,,,,,,,,,,,,,,,,,,,,,,,,,,,,,,,,,,,,,,,,TN
1247,ce6cf7dcf8b16c2a478f122f8bab575231c99881,0.19329076748529422,autoland,4775609,12,d42f896683fcaa492a6c00f43ebeea3a7281573d,macosx1015-64-shippable-qr,True,False,,,102210fe594ee9b33d82058545b1ed14f4c8206e,custom.styleeditor.reload.DAMP,damp,True,damp custom.styleeditor.reload.DAMP opt e10s fission stylo webrender,4775519,77,ms,firefox,442395711.0,1821609295,2024-01-06 00:21:54,1356554,,,,,,,,,,,,,,,,,,,,,,,,,,,,,,,,,,,,,,,,,,,,,,,,,TN
1248,b54f34f26a3a753076473795a42574f426a960ee,0.06248309240394262,autoland,4775609,12,d42f896683fcaa492a6c00f43ebeea3a7281573d,macosx1015-64-shippable-qr,True,False,,,102210fe594ee9b33d82058545b1ed14f4c8206e,custom.styleeditor.reload.DAMP,damp,True,damp custom.styleeditor.reload.DAMP opt e10s fission stylo webrender,4775519,77,ms,firefox,442417866.0,1821692068,2024-01-06 12:48:14,1356631,,,,,,,,,,,,,,,,,,,,,,,,,,,,,,,,,,,,,,,,,,,,,,,,,TN
1249,d6318b034527ed62918fa4fd893f093c084a6ccb,0.18638195522163442,autoland,4775609,12,d42f896683fcaa492a6c00f43ebeea3a7281573d,macosx1015-64-shippable-qr,True,False,,,102210fe594ee9b33d82058545b1ed14f4c8206e,custom.styleeditor.reload.DAMP,damp,True,damp custom.styleeditor.reload.DAMP opt e10s fission stylo webrender,4775519,77,ms,firefox,442426503.0,1821736474,2024-01-06 17:09:10,1356650,,,,,,,,,,,,,,,,,,,,,,,,,,,,,,,,,,,,,,,,,,,,,,,,,TN
1250,1d9422a3e1d878f2f2c54ef4e836faabebfdfc9a,0.07706805763534419,autoland,4775609,12,d42f896683fcaa492a6c00f43ebeea3a7281573d,macosx1015-64-shippable-qr,True,False,,,102210fe594ee9b33d82058545b1ed14f4c8206e,custom.styleeditor.reload.DAMP,damp,True,damp custom.styleeditor.reload.DAMP opt e10s fission stylo webrender,4775519,77,ms,firefox,442443601.0,1821802575,2024-01-06 21:44:09,1356666,,,,,,,,,,,,,,,,,,,,,,,,,,,,,,,,,,,,,,,,,,,,,,,,,TN
1251,47fc814524de5c30dfd7711cf3eda088303ad905,0.20422260259316066,autoland,4775609,12,d42f896683fcaa492a6c00f43ebeea3a7281573d,macosx1015-64-shippable-qr,True,False,,,102210fe594ee9b33d82058545b1ed14f4c8206e,custom.styleeditor.reload.DAMP,damp,True,damp custom.styleeditor.reload.DAMP opt e10s fission stylo webrender,4775519,77,ms,firefox,442481944.0,1822020764,2024-01-07 23:26:49,1356765,,,,,,,,,,,,,,,,,,,,,,,,,,,,,,,,,,,,,,,,,,,,,,,,,TN
1252,750c44842f26873f40a2d09bc4ee94ecc4c39997,0.06590685095097365,autoland,4775609,12,d42f896683fcaa492a6c00f43ebeea3a7281573d,macosx1015-64-shippable-qr,True,False,,,102210fe594ee9b33d82058545b1ed14f4c8206e,custom.styleeditor.reload.DAMP,damp,True,damp custom.styleeditor.reload.DAMP opt e10s fission stylo webrender,4775519,77,ms,firefox,442485862.0,1822044805,2024-01-08 02:39:55,1356771,,,,,,,,,,,,,,,,,,,,,,,,,,,,,,,,,,,,,,,,,,,,,,,,,TN
1253,f0a524f0a0085554a1bfdfe1320ee1e87caf7a94,0.08793556970357325,autoland,4775609,12,d42f896683fcaa492a6c00f43ebeea3a7281573d,macosx1015-64-shippable-qr,True,False,,,102210fe594ee9b33d82058545b1ed14f4c8206e,custom.styleeditor.reload.DAMP,damp,True,damp custom.styleeditor.reload.DAMP opt e10s fission stylo webrender,4775519,77,ms,firefox,442531535.0,1822198176,2024-01-08 11:59:03,1356886,,,,,,,,,,,,,,,,,,,,,,,,,,,,,,,,,,,,,,,,,,,,,,,,,TN
1254,fa142c3f71b8a5f5e5781fe41471dc1528cecd75,0.09719481763676369,autoland,4775609,12,d42f896683fcaa492a6c00f43ebeea3a7281573d,macosx1015-64-shippable-qr,True,False,,,102210fe594ee9b33d82058545b1ed14f4c8206e,custom.styleeditor.reload.DAMP,damp,True,damp custom.styleeditor.reload.DAMP opt e10s fission stylo webrender,4775519,77,ms,firefox,442572512.0,1822377167,2024-01-08 15:57:02,1357053,,,,,,,,,,,,,,,,,,,,,,,,,,,,,,,,,,,,,,,,,,,,,,,,,TN
1255,41ae953b02271ceda653046c5072bfe0329c7e96,0.06871275287215917,autoland,4775609,12,d42f896683fcaa492a6c00f43ebeea3a7281573d,macosx1015-64-shippable-qr,True,False,,,102210fe594ee9b33d82058545b1ed14f4c8206e,custom.styleeditor.reload.DAMP,damp,True,damp custom.styleeditor.reload.DAMP opt e10s fission stylo webrender,4775519,77,ms,firefox,442637239.0,1822652689,2024-01-08 20:04:05,1357175,,,,,,,,,,,,,,,,,,,,,,,,,,,,,,,,,,,,,,,,,,,,,,,,,TN
1256,ea866029ce2e23f03843038e1fd8ba7ca9ea30bb,0.12617699273156896,autoland,4775609,12,d42f896683fcaa492a6c00f43ebeea3a7281573d,macosx1015-64-shippable-qr,True,False,,,102210fe594ee9b33d82058545b1ed14f4c8206e,custom.styleeditor.reload.DAMP,damp,True,damp custom.styleeditor.reload.DAMP opt e10s fission stylo webrender,4775519,77,ms,firefox,442641222.0,1822682966,2024-01-09 02:28:42,1357330,,,,,,,,,,,,,,,,,,,,,,,,,,,,,,,,,,,,,,,,,,,,,,,,,TN
1257,b29d6ace45f4ca84cd58b15ab4430194755a7056,0.05716593816349741,autoland,4775609,12,d42f896683fcaa492a6c00f43ebeea3a7281573d,macosx1015-64-shippable-qr,True,False,,,102210fe594ee9b33d82058545b1ed14f4c8206e,custom.styleeditor.reload.DAMP,damp,True,damp custom.styleeditor.reload.DAMP opt e10s fission stylo webrender,4775519,77,ms,firefox,442681182.0,1822919323,2024-01-09 11:20:33,1357465,,,,,,,,,,,,,,,,,,,,,,,,,,,,,,,,,,,,,,,,,,,,,,,,,TN
1258,051ee8b6b5420d6e2ef877ed6ff3a70306257659,0.07196652668622167,autoland,4775609,12,d42f896683fcaa492a6c00f43ebeea3a7281573d,macosx1015-64-shippable-qr,True,False,,,102210fe594ee9b33d82058545b1ed14f4c8206e,custom.styleeditor.reload.DAMP,damp,True,damp custom.styleeditor.reload.DAMP opt e10s fission stylo webrender,4775519,77,ms,firefox,442688120.0,1822950684,2024-01-09 11:56:06,1357476,,,,,,,,,,,,,,,,,,,,,,,,,,,,,,,,,,,,,,,,,,,,,,,,,TN
1259,39da72deac75c8026ae23df612934a7fc7c3693a,0.11205883235713598,autoland,4775609,12,d42f896683fcaa492a6c00f43ebeea3a7281573d,macosx1015-64-shippable-qr,True,False,,,102210fe594ee9b33d82058545b1ed14f4c8206e,custom.styleeditor.reload.DAMP,damp,True,damp custom.styleeditor.reload.DAMP opt e10s fission stylo webrender,4775519,77,ms,firefox,442736543.0,1823177528,2024-01-09 16:23:43,1357611,,,,,,,,,,,,,,,,,,,,,,,,,,,,,,,,,,,,,,,,,,,,,,,,,TN
1260,65446098ef641575f65d67f1db14e51401e565de,0.08733164018278594,autoland,4775609,12,d42f896683fcaa492a6c00f43ebeea3a7281573d,macosx1015-64-shippable-qr,True,False,,,102210fe594ee9b33d82058545b1ed14f4c8206e,custom.styleeditor.reload.DAMP,damp,True,damp custom.styleeditor.reload.DAMP opt e10s fission stylo webrender,4775519,77,ms,firefox,442745905.0,1823215825,2024-01-09 17:04:21,1357636,,,,,,,,,,,,,,,,,,,,,,,,,,,,,,,,,,,,,,,,,,,,,,,,,TN
1261,b089f828d54fe4d5fff32c8f142a603bc9d51325,0.09906825297464411,autoland,4775609,12,d42f896683fcaa492a6c00f43ebeea3a7281573d,macosx1015-64-shippable-qr,True,False,,,102210fe594ee9b33d82058545b1ed14f4c8206e,custom.styleeditor.reload.DAMP,damp,True,damp custom.styleeditor.reload.DAMP opt e10s fission stylo webrender,4775519,77,ms,firefox,442758267.0,1823270368,2024-01-09 20:55:28,1357773,,,,,,,,,,,,,,,,,,,,,,,,,,,,,,,,,,,,,,,,,,,,,,,,,TN
1262,33d47d05c368a7b03c3843f70deb11c351eab0e7,0.1037161140985996,autoland,4775609,12,d42f896683fcaa492a6c00f43ebeea3a7281573d,macosx1015-64-shippable-qr,True,False,,,102210fe594ee9b33d82058545b1ed14f4c8206e,custom.styleeditor.reload.DAMP,damp,True,damp custom.styleeditor.reload.DAMP opt e10s fission stylo webrender,4775519,77,ms,firefox,442766731.0,1823320118,2024-01-09 23:58:45,1357896,,,,,,,,,,,,,,,,,,,,,,,,,,,,,,,,,,,,,,,,,,,,,,,,,TN
1263,8d93c10892064c983f5603645b9f6db6494fac24,0.07154638339075858,autoland,4775609,12,d42f896683fcaa492a6c00f43ebeea3a7281573d,macosx1015-64-shippable-qr,True,False,,,102210fe594ee9b33d82058545b1ed14f4c8206e,custom.styleeditor.reload.DAMP,damp,True,damp custom.styleeditor.reload.DAMP opt e10s fission stylo webrender,4775519,77,ms,firefox,442792000.0,1823481950,2024-01-10 06:33:00,1357998,,,,,,,,,,,,,,,,,,,,,,,,,,,,,,,,,,,,,,,,,,,,,,,,,TN
1264,c892e00c62dbbeba07a14640ce9baf3a7c27383d,0.08362975860916744,autoland,4775609,12,d42f896683fcaa492a6c00f43ebeea3a7281573d,macosx1015-64-shippable-qr,True,False,,,102210fe594ee9b33d82058545b1ed14f4c8206e,custom.styleeditor.reload.DAMP,damp,True,damp custom.styleeditor.reload.DAMP opt e10s fission stylo webrender,4775519,77,ms,firefox,442847146.0,1823674932,2024-01-10 10:37:21,1358093,,,,,,,,,,,,,,,,,,,,,,,,,,,,,,,,,,,,,,,,,,,,,,,,,TN
1265,645f7ed438fb8172e3e4db34d3d7821251ae066c,0.08125348950363609,autoland,4775609,12,d42f896683fcaa492a6c00f43ebeea3a7281573d,macosx1015-64-shippable-qr,True,False,,,102210fe594ee9b33d82058545b1ed14f4c8206e,custom.styleeditor.reload.DAMP,damp,True,damp custom.styleeditor.reload.DAMP opt e10s fission stylo webrender,4775519,77,ms,firefox,442851054.0,1823693128,2024-01-10 11:50:05,1358132,,,,,,,,,,,,,,,,,,,,,,,,,,,,,,,,,,,,,,,,,,,,,,,,,TN
1266,abbd6756776d8ea1ff22b8a5ee76e1417583f893,0.06774819690036582,autoland,4775609,12,d42f896683fcaa492a6c00f43ebeea3a7281573d,macosx1015-64-shippable-qr,True,False,,,102210fe594ee9b33d82058545b1ed14f4c8206e,custom.styleeditor.reload.DAMP,damp,True,damp custom.styleeditor.reload.DAMP opt e10s fission stylo webrender,4775519,77,ms,firefox,442859217.0,1823719058,2024-01-10 15:53:53,1358258,,,,,,,,,,,,,,,,,,,,,,,,,,,,,,,,,,,,,,,,,,,,,,,,,TN
1267,13107fcd50cf2795a397cd8d72ce290a0b34a909,0.18236626837994452,autoland,4775609,12,d42f896683fcaa492a6c00f43ebeea3a7281573d,macosx1015-64-shippable-qr,True,False,,,102210fe594ee9b33d82058545b1ed14f4c8206e,custom.styleeditor.reload.DAMP,damp,True,damp custom.styleeditor.reload.DAMP opt e10s fission stylo webrender,4775519,77,ms,firefox,442879406.0,1823854744,2024-01-10 20:02:55,1358406,,,,,,,,,,,,,,,,,,,,,,,,,,,,,,,,,,,,,,,,,,,,,,,,,TN
1268,1a93f0a64a7f897212da58c5753433922e0953cb,0.08530028716132332,autoland,4775609,12,d42f896683fcaa492a6c00f43ebeea3a7281573d,macosx1015-64-shippable-qr,True,False,,,102210fe594ee9b33d82058545b1ed14f4c8206e,custom.styleeditor.reload.DAMP,damp,True,damp custom.styleeditor.reload.DAMP opt e10s fission stylo webrender,4775519,77,ms,firefox,442906507.0,1823946318,2024-01-11 01:22:24,1358548,,,,,,,,,,,,,,,,,,,,,,,,,,,,,,,,,,,,,,,,,,,,,,,,,TN
1269,53b379d2ca1da12d341d8c9f8e59575152c88b27,0.06838156368073456,autoland,4775609,12,d42f896683fcaa492a6c00f43ebeea3a7281573d,macosx1015-64-shippable-qr,True,False,,,102210fe594ee9b33d82058545b1ed14f4c8206e,custom.styleeditor.reload.DAMP,damp,True,damp custom.styleeditor.reload.DAMP opt e10s fission stylo webrender,4775519,77,ms,firefox,442925909.0,1824045012,2024-01-11 07:34:58,1358622,,,,,,,,,,,,,,,,,,,,,,,,,,,,,,,,,,,,,,,,,,,,,,,,,TN
1270,0bd36479d605b1a8748ee37096ff0d54383f0402,0.08077145259544227,autoland,4775609,12,d42f896683fcaa492a6c00f43ebeea3a7281573d,macosx1015-64-shippable-qr,True,False,,,102210fe594ee9b33d82058545b1ed14f4c8206e,custom.styleeditor.reload.DAMP,damp,True,damp custom.styleeditor.reload.DAMP opt e10s fission stylo webrender,4775519,77,ms,firefox,442935461.0,1824076352,2024-01-11 09:13:52,1358650,,,,,,,,,,,,,,,,,,,,,,,,,,,,,,,,,,,,,,,,,,,,,,,,,TN
1271,9e9da9a3335070604e4d44a2a97d897ca73a4c16,0.07609466159954181,autoland,4775609,12,d42f896683fcaa492a6c00f43ebeea3a7281573d,macosx1015-64-shippable-qr,True,False,,,102210fe594ee9b33d82058545b1ed14f4c8206e,custom.styleeditor.reload.DAMP,damp,True,damp custom.styleeditor.reload.DAMP opt e10s fission stylo webrender,4775519,77,ms,firefox,442969939.0,1824210205,2024-01-11 13:33:40,1358737,,,,,,,,,,,,,,,,,,,,,,,,,,,,,,,,,,,,,,,,,,,,,,,,,TN
1272,0fbc415c1704aee17dbd065e8d41e057993f1797,0.12576751938678205,autoland,4775609,12,d42f896683fcaa492a6c00f43ebeea3a7281573d,macosx1015-64-shippable-qr,True,False,,,102210fe594ee9b33d82058545b1ed14f4c8206e,custom.styleeditor.reload.DAMP,damp,True,damp custom.styleeditor.reload.DAMP opt e10s fission stylo webrender,4775519,77,ms,firefox,442983182.0,1824270593,2024-01-11 15:31:24,1358816,,,,,,,,,,,,,,,,,,,,,,,,,,,,,,,,,,,,,,,,,,,,,,,,,TN
1273,51d3d025e7fa3113193da45b9c1b1d792060a4c3,0.060597290520838676,autoland,4775609,12,d42f896683fcaa492a6c00f43ebeea3a7281573d,macosx1015-64-shippable-qr,True,False,,,102210fe594ee9b33d82058545b1ed14f4c8206e,custom.styleeditor.reload.DAMP,damp,True,damp custom.styleeditor.reload.DAMP opt e10s fission stylo webrender,4775519,77,ms,firefox,443025809.0,1824427078,2024-01-11 19:45:18,1358981,,,,,,,,,,,,,,,,,,,,,,,,,,,,,,,,,,,,,,,,,,,,,,,,,TN
1274,8f1e9e2c902a89cfb9f9ea20307fb3ee8a91a4af,0.06152928811337083,autoland,4775609,12,d42f896683fcaa492a6c00f43ebeea3a7281573d,macosx1015-64-shippable-qr,True,False,,,102210fe594ee9b33d82058545b1ed14f4c8206e,custom.styleeditor.reload.DAMP,damp,True,damp custom.styleeditor.reload.DAMP opt e10s fission stylo webrender,4775519,77,ms,firefox,443020078.0,1824423526,2024-01-11 20:05:09,1358995,,,,,,,,,,,,,,,,,,,,,,,,,,,,,,,,,,,,,,,,,,,,,,,,,TN
1275,1d2ccbe0bb6db4d9628b16914b33c5dc5e9406dc,0.10191579469102036,autoland,4775609,12,d42f896683fcaa492a6c00f43ebeea3a7281573d,macosx1015-64-shippable-qr,True,False,,,102210fe594ee9b33d82058545b1ed14f4c8206e,custom.styleeditor.reload.DAMP,damp,True,damp custom.styleeditor.reload.DAMP opt e10s fission stylo webrender,4775519,77,ms,firefox,443054118.0,1824568827,2024-01-12 01:35:24,1359176,,,,,,,,,,,,,,,,,,,,,,,,,,,,,,,,,,,,,,,,,,,,,,,,,TN
1276,1dc9f987063cf678f5c26e7534eadc8bfd186fa9,0.14251270696943263,autoland,4775609,12,d42f896683fcaa492a6c00f43ebeea3a7281573d,macosx1015-64-shippable-qr,True,False,,,102210fe594ee9b33d82058545b1ed14f4c8206e,custom.styleeditor.reload.DAMP,damp,True,damp custom.styleeditor.reload.DAMP opt e10s fission stylo webrender,4775519,77,ms,firefox,443073186.0,1824697674,2024-01-12 05:09:20,1359210,,,,,,,,,,,,,,,,,,,,,,,,,,,,,,,,,,,,,,,,,,,,,,,,,TN
1277,734e2e027196a9d64120ebf11a01a1b03e494d43,0.09773185591368555,autoland,4775609,12,d42f896683fcaa492a6c00f43ebeea3a7281573d,macosx1015-64-shippable-qr,True,False,,,102210fe594ee9b33d82058545b1ed14f4c8206e,custom.styleeditor.reload.DAMP,damp,True,damp custom.styleeditor.reload.DAMP opt e10s fission stylo webrender,4775519,77,ms,firefox,443100640.0,1824868284,2024-01-12 09:17:33,1359269,,,,,,,,,,,,,,,,,,,,,,,,,,,,,,,,,,,,,,,,,,,,,,,,,TN
1278,04e959fcffc3608cfdc8e3812cac822a94eb7f79,0.1050353022163863,autoland,4775609,12,d42f896683fcaa492a6c00f43ebeea3a7281573d,macosx1015-64-shippable-qr,True,False,,,102210fe594ee9b33d82058545b1ed14f4c8206e,custom.styleeditor.reload.DAMP,damp,True,damp custom.styleeditor.reload.DAMP opt e10s fission stylo webrender,4775519,77,ms,firefox,443098847.0,1824847459,2024-01-12 09:50:00,1359287,,,,,,,,,,,,,,,,,,,,,,,,,,,,,,,,,,,,,,,,,,,,,,,,,TN
1279,ce67ec7f0570e0dbbb4af59d868791341b3ae825,0.1593923341753492,autoland,4775609,12,d42f896683fcaa492a6c00f43ebeea3a7281573d,macosx1015-64-shippable-qr,True,False,,,102210fe594ee9b33d82058545b1ed14f4c8206e,custom.styleeditor.reload.DAMP,damp,True,damp custom.styleeditor.reload.DAMP opt e10s fission stylo webrender,4775519,77,ms,firefox,443132187.0,1825038008,2024-01-12 13:58:07,1359382,,,,,,,,,,,,,,,,,,,,,,,,,,,,,,,,,,,,,,,,,,,,,,,,,TN
1280,ca885660ea6d70595474b1663ce6806f7a86a6ea,0.1074384738373883,autoland,4775609,12,d42f896683fcaa492a6c00f43ebeea3a7281573d,macosx1015-64-shippable-qr,True,False,,,102210fe594ee9b33d82058545b1ed14f4c8206e,custom.styleeditor.reload.DAMP,damp,True,damp custom.styleeditor.reload.DAMP opt e10s fission stylo webrender,4775519,77,ms,firefox,443137848.0,1825068661,2024-01-12 15:59:03,1359473,,,,,,,,,,,,,,,,,,,,,,,,,,,,,,,,,,,,,,,,,,,,,,,,,TN
1281,00f949eecc1be917553e235f582aeb7e1e1146fd,0.09500457768420528,autoland,4775609,12,d42f896683fcaa492a6c00f43ebeea3a7281573d,macosx1015-64-shippable-qr,True,False,,,102210fe594ee9b33d82058545b1ed14f4c8206e,custom.styleeditor.reload.DAMP,damp,True,damp custom.styleeditor.reload.DAMP opt e10s fission stylo webrender,4775519,77,ms,firefox,443167487.0,1825221115,2024-01-12 19:38:29,1359666,,,,,,,,,,,,,,,,,,,,,,,,,,,,,,,,,,,,,,,,,,,,,,,,,TN
1282,53d4d65c33f1a556689dd9de738b173142e52749,0.08627339906004078,autoland,4775609,12,d42f896683fcaa492a6c00f43ebeea3a7281573d,macosx1015-64-shippable-qr,True,False,,,102210fe594ee9b33d82058545b1ed14f4c8206e,custom.styleeditor.reload.DAMP,damp,True,damp custom.styleeditor.reload.DAMP opt e10s fission stylo webrender,4775519,77,ms,firefox,443185075.0,1825290126,2024-01-12 23:40:01,1359778,,,,,,,,,,,,,,,,,,,,,,,,,,,,,,,,,,,,,,,,,,,,,,,,,TN
1283,1c1cef3dae75411dbe9bc03547274f506cade636,0.23903120101689995,autoland,4775609,12,d42f896683fcaa492a6c00f43ebeea3a7281573d,macosx1015-64-shippable-qr,True,False,,,102210fe594ee9b33d82058545b1ed14f4c8206e,custom.styleeditor.reload.DAMP,damp,True,damp custom.styleeditor.reload.DAMP opt e10s fission stylo webrender,4775519,77,ms,firefox,443204754.0,1825419430,2024-01-13 08:47:40,1359844,,,,,,,,,,,,,,,,,,,,,,,,,,,,,,,,,,,,,,,,,,,,,,,,,TN
1284,9e96d1447f6c77f15bcd1c7fa432cefae4418038,0.20791910914894357,autoland,4775609,12,d42f896683fcaa492a6c00f43ebeea3a7281573d,macosx1015-64-shippable-qr,True,False,,,102210fe594ee9b33d82058545b1ed14f4c8206e,custom.styleeditor.reload.DAMP,damp,True,damp custom.styleeditor.reload.DAMP opt e10s fission stylo webrender,4775519,77,ms,firefox,443228679.0,1825513703,2024-01-13 14:38:07,1359886,,,,,,,,,,,,,,,,,,,,,,,,,,,,,,,,,,,,,,,,,,,,,,,,,TN
1285,05b08c9f9a5822b969513dda16d5f55e322ade4f,0.13429437767068297,autoland,4775609,12,d42f896683fcaa492a6c00f43ebeea3a7281573d,macosx1015-64-shippable-qr,True,False,,,102210fe594ee9b33d82058545b1ed14f4c8206e,custom.styleeditor.reload.DAMP,damp,True,damp custom.styleeditor.reload.DAMP opt e10s fission stylo webrender,4775519,77,ms,firefox,443249605.0,1825607233,2024-01-13 23:22:39,1359908,,,,,,,,,,,,,,,,,,,,,,,,,,,,,,,,,,,,,,,,,,,,,,,,,TN
1286,b24d63d72f77a64fe5d8bce6420b88e7e0c4d9da,0.10567064863133457,autoland,4775609,12,d42f896683fcaa492a6c00f43ebeea3a7281573d,macosx1015-64-shippable-qr,True,False,,,102210fe594ee9b33d82058545b1ed14f4c8206e,custom.styleeditor.reload.DAMP,damp,True,damp custom.styleeditor.reload.DAMP opt e10s fission stylo webrender,4775519,77,ms,firefox,443275296.0,1825759153,2024-01-14 13:25:52,1359942,,,,,,,,,,,,,,,,,,,,,,,,,,,,,,,,,,,,,,,,,,,,,,,,,TN
1287,de4567bec5231630b24dbc8a0f117c108e274afc,0.10374859623255706,autoland,4775609,12,d42f896683fcaa492a6c00f43ebeea3a7281573d,macosx1015-64-shippable-qr,True,False,,,102210fe594ee9b33d82058545b1ed14f4c8206e,custom.styleeditor.reload.DAMP,damp,True,damp custom.styleeditor.reload.DAMP opt e10s fission stylo webrender,4775519,77,ms,firefox,443302843.0,1825882262,2024-01-15 05:08:04,1360013,,,,,,,,,,,,,,,,,,,,,,,,,,,,,,,,,,,,,,,,,,,,,,,,,TN
1288,fed0bf16c40eba956c10bb3214420acaf75ee212,0.07396719893699283,autoland,4775609,12,d42f896683fcaa492a6c00f43ebeea3a7281573d,macosx1015-64-shippable-qr,True,False,,,102210fe594ee9b33d82058545b1ed14f4c8206e,custom.styleeditor.reload.DAMP,damp,True,damp custom.styleeditor.reload.DAMP opt e10s fission stylo webrender,4775519,77,ms,firefox,443302325.0,1825874602,2024-01-15 06:43:10,1360023,,,,,,,,,,,,,,,,,,,,,,,,,,,,,,,,,,,,,,,,,,,,,,,,,TN
1289,43598f45eee98e83ea2f55ce9a36e000770cf985,0.08131353841947497,autoland,4775609,12,d42f896683fcaa492a6c00f43ebeea3a7281573d,macosx1015-64-shippable-qr,True,False,,,102210fe594ee9b33d82058545b1ed14f4c8206e,custom.styleeditor.reload.DAMP,damp,True,damp custom.styleeditor.reload.DAMP opt e10s fission stylo webrender,4775519,77,ms,firefox,443332267.0,1825979507,2024-01-15 11:02:38,1360080,,,,,,,,,,,,,,,,,,,,,,,,,,,,,,,,,,,,,,,,,,,,,,,,,TN
1290,253b1ef032b4e35683449c7af5d9effaa417e813,0.06579464368277849,autoland,4775609,12,d42f896683fcaa492a6c00f43ebeea3a7281573d,macosx1015-64-shippable-qr,True,False,,,102210fe594ee9b33d82058545b1ed14f4c8206e,custom.styleeditor.reload.DAMP,damp,True,damp custom.styleeditor.reload.DAMP opt e10s fission stylo webrender,4775519,77,ms,firefox,443343112.0,1826040209,2024-01-15 13:01:22,1360125,,,,,,,,,,,,,,,,,,,,,,,,,,,,,,,,,,,,,,,,,,,,,,,,,TN
1291,a9ede7f8216422a86a2b25e0696d884c8a069b78,0.1928062665930117,autoland,4775609,12,d42f896683fcaa492a6c00f43ebeea3a7281573d,macosx1015-64-shippable-qr,True,False,,,102210fe594ee9b33d82058545b1ed14f4c8206e,custom.styleeditor.reload.DAMP,damp,True,damp custom.styleeditor.reload.DAMP opt e10s fission stylo webrender,4775519,77,ms,firefox,443373472.0,1826197815,2024-01-15 16:45:21,1360291,,,,,,,,,,,,,,,,,,,,,,,,,,,,,,,,,,,,,,,,,,,,,,,,,TN
1292,8a68c5a8cac8300a140767d36eaed293e8f2664c,0.046538824713655,autoland,4775609,12,d42f896683fcaa492a6c00f43ebeea3a7281573d,macosx1015-64-shippable-qr,True,False,,,102210fe594ee9b33d82058545b1ed14f4c8206e,custom.styleeditor.reload.DAMP,damp,True,damp custom.styleeditor.reload.DAMP opt e10s fission stylo webrender,4775519,77,ms,firefox,443404776.0,1826287208,2024-01-15 21:04:35,1360446,,,,,,,,,,,,,,,,,,,,,,,,,,,,,,,,,,,,,,,,,,,,,,,,,TN
1293,02d1a62ad90af487d859bc4971a43862dceeda6e,0.0961050899569002,autoland,4775609,12,d42f896683fcaa492a6c00f43ebeea3a7281573d,macosx1015-64-shippable-qr,True,False,,,102210fe594ee9b33d82058545b1ed14f4c8206e,custom.styleeditor.reload.DAMP,damp,True,damp custom.styleeditor.reload.DAMP opt e10s fission stylo webrender,4775519,77,ms,firefox,443423741.0,1826366479,2024-01-16 02:30:18,1360561,,,,,,,,,,,,,,,,,,,,,,,,,,,,,,,,,,,,,,,,,,,,,,,,,TN
1294,70cdba288eb3585a65e68748b4aecfe615cf92e8,0.09781783261220989,autoland,4775609,12,d42f896683fcaa492a6c00f43ebeea3a7281573d,macosx1015-64-shippable-qr,True,False,,,102210fe594ee9b33d82058545b1ed14f4c8206e,custom.styleeditor.reload.DAMP,damp,True,damp custom.styleeditor.reload.DAMP opt e10s fission stylo webrender,4775519,77,ms,firefox,443428505.0,1826391949,2024-01-16 03:41:09,1360576,,,,,,,,,,,,,,,,,,,,,,,,,,,,,,,,,,,,,,,,,,,,,,,,,TN
1295,f2c924263ffece6d0b30e6a52dfd32792c5bf5ab,0.07259742673985886,autoland,4775609,12,d42f896683fcaa492a6c00f43ebeea3a7281573d,macosx1015-64-shippable-qr,True,False,,,102210fe594ee9b33d82058545b1ed14f4c8206e,custom.styleeditor.reload.DAMP,damp,True,damp custom.styleeditor.reload.DAMP opt e10s fission stylo webrender,4775519,77,ms,firefox,443447185.0,1826515128,2024-01-16 08:02:14,1360634,,,,,,,,,,,,,,,,,,,,,,,,,,,,,,,,,,,,,,,,,,,,,,,,,TN
1296,b7a792b71de6beb8e167d10494fa1c387f55f9c2,0.07715204208314164,autoland,4775609,12,d42f896683fcaa492a6c00f43ebeea3a7281573d,macosx1015-64-shippable-qr,True,False,,,102210fe594ee9b33d82058545b1ed14f4c8206e,custom.styleeditor.reload.DAMP,damp,True,damp custom.styleeditor.reload.DAMP opt e10s fission stylo webrender,4775519,77,ms,firefox,443485712.0,1826645913,2024-01-16 12:14:54,1360755,,,,,,,,,,,,,,,,,,,,,,,,,,,,,,,,,,,,,,,,,,,,,,,,,TN
1297,c57d859580d036c47f9c0140e247b012211f6475,0.08047359410949656,autoland,4775609,12,d42f896683fcaa492a6c00f43ebeea3a7281573d,macosx1015-64-shippable-qr,True,False,,,102210fe594ee9b33d82058545b1ed14f4c8206e,custom.styleeditor.reload.DAMP,damp,True,damp custom.styleeditor.reload.DAMP opt e10s fission stylo webrender,4775519,77,ms,firefox,443511410.0,1826779347,2024-01-16 16:10:42,1360921,,,,,,,,,,,,,,,,,,,,,,,,,,,,,,,,,,,,,,,,,,,,,,,,,TN
1298,70d83d705e48aa6e7e7f765142176e775044db26,0.14555024314173393,autoland,4775609,12,d42f896683fcaa492a6c00f43ebeea3a7281573d,macosx1015-64-shippable-qr,True,False,,,102210fe594ee9b33d82058545b1ed14f4c8206e,custom.styleeditor.reload.DAMP,damp,True,damp custom.styleeditor.reload.DAMP opt e10s fission stylo webrender,4775519,77,ms,firefox,443520533.0,1826818833,2024-01-16 18:47:57,1361053,,,,,,,,,,,,,,,,,,,,,,,,,,,,,,,,,,,,,,,,,,,,,,,,,TN
1299,be11cd2890f611f1552236eed7ffe53fba913a46,0.07355925269187752,autoland,4775609,12,d42f896683fcaa492a6c00f43ebeea3a7281573d,macosx1015-64-shippable-qr,True,False,,,102210fe594ee9b33d82058545b1ed14f4c8206e,custom.styleeditor.reload.DAMP,damp,True,damp custom.styleeditor.reload.DAMP opt e10s fission stylo webrender,4775519,77,ms,firefox,443539576.0,1826881336,2024-01-16 21:05:47,1361171,,,,,,,,,,,,,,,,,,,,,,,,,,,,,,,,,,,,,,,,,,,,,,,,,TN
1300,2425c93f20f61b806df955141332d7cb553c6efb,0.17121991581158275,autoland,4775609,12,d42f896683fcaa492a6c00f43ebeea3a7281573d,macosx1015-64-shippable-qr,True,False,,,102210fe594ee9b33d82058545b1ed14f4c8206e,custom.styleeditor.reload.DAMP,damp,True,damp custom.styleeditor.reload.DAMP opt e10s fission stylo webrender,4775519,77,ms,firefox,443555174.0,1826951442,2024-01-17 00:27:37,1361277,,,,,,,,,,,,,,,,,,,,,,,,,,,,,,,,,,,,,,,,,,,,,,,,,TN
1301,71000174812fc0992b6793e53ac5f11f1b87bdc0,0.1895851164329227,autoland,4775609,12,d42f896683fcaa492a6c00f43ebeea3a7281573d,macosx1015-64-shippable-qr,True,False,,,102210fe594ee9b33d82058545b1ed14f4c8206e,custom.styleeditor.reload.DAMP,damp,True,damp custom.styleeditor.reload.DAMP opt e10s fission stylo webrender,4775519,77,ms,firefox,443573744.0,1827069367,2024-01-17 05:04:36,1361364,,,,,,,,,,,,,,,,,,,,,,,,,,,,,,,,,,,,,,,,,,,,,,,,,TN
1302,504ffc20d2ebb35be48357830d614ec96765c802,0.1107444657932779,autoland,4775609,12,d42f896683fcaa492a6c00f43ebeea3a7281573d,macosx1015-64-shippable-qr,True,False,,,102210fe594ee9b33d82058545b1ed14f4c8206e,custom.styleeditor.reload.DAMP,damp,True,damp custom.styleeditor.reload.DAMP opt e10s fission stylo webrender,4775519,77,ms,firefox,443609579.0,1827223138,2024-01-17 09:39:35,1361428,,,,,,,,,,,,,,,,,,,,,,,,,,,,,,,,,,,,,,,,,,,,,,,,,TN
1303,362d9aca9e101b9ee8f7efe2a7c456e245e6313c,0.12952827657659832,autoland,4775609,12,d42f896683fcaa492a6c00f43ebeea3a7281573d,macosx1015-64-shippable-qr,True,False,,,102210fe594ee9b33d82058545b1ed14f4c8206e,custom.styleeditor.reload.DAMP,damp,True,damp custom.styleeditor.reload.DAMP opt e10s fission stylo webrender,4775519,77,ms,firefox,443621398.0,1827235113,2024-01-17 11:04:44,1361499,,,,,,,,,,,,,,,,,,,,,,,,,,,,,,,,,,,,,,,,,,,,,,,,,TN
1304,848e3e2acdf34af9e6862b8a77a8d1ea39c48098,0.06580287926984563,autoland,4775609,12,d42f896683fcaa492a6c00f43ebeea3a7281573d,macosx1015-64-shippable-qr,True,False,,,102210fe594ee9b33d82058545b1ed14f4c8206e,custom.styleeditor.reload.DAMP,damp,True,damp custom.styleeditor.reload.DAMP opt e10s fission stylo webrender,4775519,77,ms,firefox,443672832.0,1827426223,2024-01-17 15:07:48,1361632,,,,,,,,,,,,,,,,,,,,,,,,,,,,,,,,,,,,,,,,,,,,,,,,,TN
1305,a11dab561c63102a4ed97f42068f448ec332c652,0.16215580367957572,autoland,4775609,12,d42f896683fcaa492a6c00f43ebeea3a7281573d,macosx1015-64-shippable-qr,True,False,,,102210fe594ee9b33d82058545b1ed14f4c8206e,custom.styleeditor.reload.DAMP,damp,True,damp custom.styleeditor.reload.DAMP opt e10s fission stylo webrender,4775519,77,ms,firefox,443673323.0,1827444354,2024-01-17 15:18:54,1361644,,,,,,,,,,,,,,,,,,,,,,,,,,,,,,,,,,,,,,,,,,,,,,,,,TN
1306,fe239ad8a8aea4198d356ae3ab92415c5237b530,0.20224524055335213,autoland,4775609,12,d42f896683fcaa492a6c00f43ebeea3a7281573d,macosx1015-64-shippable-qr,True,False,,,102210fe594ee9b33d82058545b1ed14f4c8206e,custom.styleeditor.reload.DAMP,damp,True,damp custom.styleeditor.reload.DAMP opt e10s fission stylo webrender,4775519,77,ms,firefox,443716788.0,1827662033,2024-01-17 23:49:06,1361957,,,,,,,,,,,,,,,,,,,,,,,,,,,,,,,,,,,,,,,,,,,,,,,,,TN
1307,79a6322a49b2f811fe674c1802ab75b99d9c95a3,0.10057356568910325,autoland,4775609,12,d42f896683fcaa492a6c00f43ebeea3a7281573d,macosx1015-64-shippable-qr,True,False,,,102210fe594ee9b33d82058545b1ed14f4c8206e,custom.styleeditor.reload.DAMP,damp,True,damp custom.styleeditor.reload.DAMP opt e10s fission stylo webrender,4775519,77,ms,firefox,443719673.0,1827701253,2024-01-17 23:52:50,1361961,,,,,,,,,,,,,,,,,,,,,,,,,,,,,,,,,,,,,,,,,,,,,,,,,TN
1308,c38d482445a0c034ac7b8fc0219092fccdbc58b2,0.09370424957641854,autoland,4775609,12,d42f896683fcaa492a6c00f43ebeea3a7281573d,macosx1015-64-shippable-qr,True,False,,,102210fe594ee9b33d82058545b1ed14f4c8206e,custom.styleeditor.reload.DAMP,damp,True,damp custom.styleeditor.reload.DAMP opt e10s fission stylo webrender,4775519,77,ms,firefox,443726755.0,1827745766,2024-01-18 01:49:32,1362034,,,,,,,,,,,,,,,,,,,,,,,,,,,,,,,,,,,,,,,,,,,,,,,,,TN
1309,a505d6315623943fb581b7f21beece40fc6faf17,0.21540096885325233,autoland,4775609,12,d42f896683fcaa492a6c00f43ebeea3a7281573d,macosx1015-64-shippable-qr,True,False,,,102210fe594ee9b33d82058545b1ed14f4c8206e,custom.styleeditor.reload.DAMP,damp,True,damp custom.styleeditor.reload.DAMP opt e10s fission stylo webrender,4775519,77,ms,firefox,443756831.0,1827900170,2024-01-18 06:50:06,1362092,,,,,,,,,,,,,,,,,,,,,,,,,,,,,,,,,,,,,,,,,,,,,,,,,TN
1310,0688ca401470034e41e10f2480620e88cac2700f,0.08766906667673968,autoland,4775609,12,d42f896683fcaa492a6c00f43ebeea3a7281573d,macosx1015-64-shippable-qr,True,False,,,102210fe594ee9b33d82058545b1ed14f4c8206e,custom.styleeditor.reload.DAMP,damp,True,damp custom.styleeditor.reload.DAMP opt e10s fission stylo webrender,4775519,77,ms,firefox,443780717.0,1828028686,2024-01-18 10:52:50,1362184,,,,,,,,,,,,,,,,,,,,,,,,,,,,,,,,,,,,,,,,,,,,,,,,,TN
1311,68ff26df33468fe750b39f175b43b8507718ece4,0.18770069903238357,autoland,4775609,12,d42f896683fcaa492a6c00f43ebeea3a7281573d,macosx1015-64-shippable-qr,True,False,,,102210fe594ee9b33d82058545b1ed14f4c8206e,custom.styleeditor.reload.DAMP,damp,True,damp custom.styleeditor.reload.DAMP opt e10s fission stylo webrender,4775519,77,ms,firefox,443800650.0,1828140091,2024-01-18 13:21:23,1362232,,,,,,,,,,,,,,,,,,,,,,,,,,,,,,,,,,,,,,,,,,,,,,,,,TN
1312,2b70f662a79773d519e78f0b8b64723a20b1e788,0.05206597819622755,autoland,4775609,12,d42f896683fcaa492a6c00f43ebeea3a7281573d,macosx1015-64-shippable-qr,True,False,,,102210fe594ee9b33d82058545b1ed14f4c8206e,custom.styleeditor.reload.DAMP,damp,True,damp custom.styleeditor.reload.DAMP opt e10s fission stylo webrender,4775519,77,ms,firefox,443830291.0,1828331532,2024-01-18 17:52:02,1362427,,,,,,,,,,,,,,,,,,,,,,,,,,,,,,,,,,,,,,,,,,,,,,,,,TN
1313,ef9ad6a28dae5d4efbe723dde5068cfdde493918,0.1467617542772754,autoland,4775609,12,d42f896683fcaa492a6c00f43ebeea3a7281573d,macosx1015-64-shippable-qr,True,False,,,102210fe594ee9b33d82058545b1ed14f4c8206e,custom.styleeditor.reload.DAMP,damp,True,damp custom.styleeditor.reload.DAMP opt e10s fission stylo webrender,4775519,77,ms,firefox,443875487.0,1828506254,2024-01-18 23:10:50,1362632,,,,,,,,,,,,,,,,,,,,,,,,,,,,,,,,,,,,,,,,,,,,,,,,,TN
1314,5624cd2e1525fd15b148c44ce2106fce74d6f297,0.09904604969151964,autoland,4775609,12,d42f896683fcaa492a6c00f43ebeea3a7281573d,macosx1015-64-shippable-qr,True,False,,,102210fe594ee9b33d82058545b1ed14f4c8206e,custom.styleeditor.reload.DAMP,damp,True,damp custom.styleeditor.reload.DAMP opt e10s fission stylo webrender,4775519,77,ms,firefox,443876823.0,1828523971,2024-01-18 23:17:45,1362637,,,,,,,,,,,,,,,,,,,,,,,,,,,,,,,,,,,,,,,,,,,,,,,,,TN
1315,b6393478fdf670fcce10fd4334c2601561eaea5d,0.08042871964953752,autoland,4775609,12,d42f896683fcaa492a6c00f43ebeea3a7281573d,macosx1015-64-shippable-qr,True,False,,,102210fe594ee9b33d82058545b1ed14f4c8206e,custom.styleeditor.reload.DAMP,damp,True,damp custom.styleeditor.reload.DAMP opt e10s fission stylo webrender,4775519,77,ms,firefox,443893823.0,1828611536,2024-01-19 04:17:47,1362724,,,,,,,,,,,,,,,,,,,,,,,,,,,,,,,,,,,,,,,,,,,,,,,,,TN
1316,99bf71eaca444aa371e7c84536a1b8aa434ef205,0.07774824066186742,autoland,4775609,12,d42f896683fcaa492a6c00f43ebeea3a7281573d,macosx1015-64-shippable-qr,True,False,,,102210fe594ee9b33d82058545b1ed14f4c8206e,custom.styleeditor.reload.DAMP,damp,True,damp custom.styleeditor.reload.DAMP opt e10s fission stylo webrender,4775519,77,ms,firefox,443925591.0,1828752243,2024-01-19 10:07:40,1362807,,,,,,,,,,,,,,,,,,,,,,,,,,,,,,,,,,,,,,,,,,,,,,,,,TN
1317,7459e9088955262e4430e24661d856acc7ca8929,0.08758802617432315,autoland,4775609,12,d42f896683fcaa492a6c00f43ebeea3a7281573d,macosx1015-64-shippable-qr,True,False,,,102210fe594ee9b33d82058545b1ed14f4c8206e,custom.styleeditor.reload.DAMP,damp,True,damp custom.styleeditor.reload.DAMP opt e10s fission stylo webrender,4775519,77,ms,firefox,443928580.0,1828771804,2024-01-19 10:28:03,1362814,,,,,,,,,,,,,,,,,,,,,,,,,,,,,,,,,,,,,,,,,,,,,,,,,TN
1318,3aabb457a4630b878d121ef2eb9d2f0448847a6b,0.06462324195159808,autoland,4775609,12,d42f896683fcaa492a6c00f43ebeea3a7281573d,macosx1015-64-shippable-qr,True,False,,,102210fe594ee9b33d82058545b1ed14f4c8206e,custom.styleeditor.reload.DAMP,damp,True,damp custom.styleeditor.reload.DAMP opt e10s fission stylo webrender,4775519,77,ms,firefox,443955115.0,1828868833,2024-01-19 14:55:23,1362913,,,,,,,,,,,,,,,,,,,,,,,,,,,,,,,,,,,,,,,,,,,,,,,,,TN
1319,1ccd394332683308e570afe9039275d8e79be900,0.0877688843615661,autoland,4775609,12,d42f896683fcaa492a6c00f43ebeea3a7281573d,macosx1015-64-shippable-qr,True,False,,,102210fe594ee9b33d82058545b1ed14f4c8206e,custom.styleeditor.reload.DAMP,damp,True,damp custom.styleeditor.reload.DAMP opt e10s fission stylo webrender,4775519,77,ms,firefox,443977666.0,1828960012,2024-01-19 19:17:59,1363113,,,,,,,,,,,,,,,,,,,,,,,,,,,,,,,,,,,,,,,,,,,,,,,,,TN
1320,6d2ef7f226a0360135c1955b8805bd41d9af41e4,0.06908556759707296,autoland,4775609,12,d42f896683fcaa492a6c00f43ebeea3a7281573d,macosx1015-64-shippable-qr,True,False,,,102210fe594ee9b33d82058545b1ed14f4c8206e,custom.styleeditor.reload.DAMP,damp,True,damp custom.styleeditor.reload.DAMP opt e10s fission stylo webrender,4775519,77,ms,firefox,444003753.0,1829185649,2024-01-20 00:04:44,1363285,,,,,,,,,,,,,,,,,,,,,,,,,,,,,,,,,,,,,,,,,,,,,,,,,TN
1321,5471899cc9d0a7dfda174e9d7cfc986c2820eff8,0.05544100613723307,autoland,4775609,12,d42f896683fcaa492a6c00f43ebeea3a7281573d,macosx1015-64-shippable-qr,True,False,,,102210fe594ee9b33d82058545b1ed14f4c8206e,custom.styleeditor.reload.DAMP,damp,True,damp custom.styleeditor.reload.DAMP opt e10s fission stylo webrender,4775519,77,ms,firefox,444011945.0,1829285441,2024-01-20 04:18:19,1363367,,,,,,,,,,,,,,,,,,,,,,,,,,,,,,,,,,,,,,,,,,,,,,,,,TN
1322,4f4fa003a90f9d818ecfa36474300a11af18be25,0.2509566223489304,autoland,4775609,12,d42f896683fcaa492a6c00f43ebeea3a7281573d,macosx1015-64-shippable-qr,True,False,,,102210fe594ee9b33d82058545b1ed14f4c8206e,custom.styleeditor.reload.DAMP,damp,True,damp custom.styleeditor.reload.DAMP opt e10s fission stylo webrender,4775519,77,ms,firefox,444040917.0,1829481898,2024-01-21 00:59:25,1363463,,,,,,,,,,,,,,,,,,,,,,,,,,,,,,,,,,,,,,,,,,,,,,,,,TN
1323,0361c1f29babcfb2f10e1646dffe72cd452a3df4,0.21193318880599854,autoland,4775609,12,d42f896683fcaa492a6c00f43ebeea3a7281573d,macosx1015-64-shippable-qr,True,False,,,102210fe594ee9b33d82058545b1ed14f4c8206e,custom.styleeditor.reload.DAMP,damp,True,damp custom.styleeditor.reload.DAMP opt e10s fission stylo webrender,4775519,77,ms,firefox,444068202.0,1829570394,2024-01-21 14:36:57,1363517,,,,,,,,,,,,,,,,,,,,,,,,,,,,,,,,,,,,,,,,,,,,,,,,,TN
1324,6b4a069fe37d2413229dda3b61ccaf7b8f3a5f5d,0.07998624142443439,autoland,4775609,12,d42f896683fcaa492a6c00f43ebeea3a7281573d,macosx1015-64-shippable-qr,True,False,,,102210fe594ee9b33d82058545b1ed14f4c8206e,custom.styleeditor.reload.DAMP,damp,True,damp custom.styleeditor.reload.DAMP opt e10s fission stylo webrender,4775519,77,ms,firefox,444096958.0,1829696643,2024-01-22 07:43:27,1363663,,,,,,,,,,,,,,,,,,,,,,,,,,,,,,,,,,,,,,,,,,,,,,,,,TN
1325,095c9da9e10fc012c2e6a7d929fdcc7c03d09373,0.1287608283611928,autoland,4775609,12,d42f896683fcaa492a6c00f43ebeea3a7281573d,macosx1015-64-shippable-qr,True,False,,,102210fe594ee9b33d82058545b1ed14f4c8206e,custom.styleeditor.reload.DAMP,damp,True,damp custom.styleeditor.reload.DAMP opt e10s fission stylo webrender,4775519,77,ms,firefox,444123792.0,1829834076,2024-01-22 10:58:56,1363731,,,,,,,,,,,,,,,,,,,,,,,,,,,,,,,,,,,,,,,,,,,,,,,,,TN
1326,58cedc1e4ff28881f9ebd1749feaa24edbded9ce,0.06302185579883873,autoland,4775609,12,d42f896683fcaa492a6c00f43ebeea3a7281573d,macosx1015-64-shippable-qr,True,False,,,102210fe594ee9b33d82058545b1ed14f4c8206e,custom.styleeditor.reload.DAMP,damp,True,damp custom.styleeditor.reload.DAMP opt e10s fission stylo webrender,4775519,77,ms,firefox,444163326.0,1829953835,2024-01-22 15:24:53,1363894,,,,,,,,,,,,,,,,,,,,,,,,,,,,,,,,,,,,,,,,,,,,,,,,,TN
1327,82dfbdd770bc54674f82bae256dae683772884af,0.2135639793066914,autoland,4775609,12,d42f896683fcaa492a6c00f43ebeea3a7281573d,macosx1015-64-shippable-qr,True,False,,,102210fe594ee9b33d82058545b1ed14f4c8206e,custom.styleeditor.reload.DAMP,damp,True,damp custom.styleeditor.reload.DAMP opt e10s fission stylo webrender,4775519,77,ms,firefox,444173662.0,1830037669,2024-01-22 15:55:20,1363920,,,,,,,,,,,,,,,,,,,,,,,,,,,,,,,,,,,,,,,,,,,,,,,,,TN
1328,ef71d190cd57de7a178f312b29fc104e6e3e98d4,0.19523613996855688,autoland,4775609,12,d42f896683fcaa492a6c00f43ebeea3a7281573d,macosx1015-64-shippable-qr,True,False,,,102210fe594ee9b33d82058545b1ed14f4c8206e,custom.styleeditor.reload.DAMP,damp,True,damp custom.styleeditor.reload.DAMP opt e10s fission stylo webrender,4775519,77,ms,firefox,444198222.0,1830095070,2024-01-22 18:55:34,1364078,,,,,,,,,,,,,,,,,,,,,,,,,,,,,,,,,,,,,,,,,,,,,,,,,TN
1329,06bafd5cf7f34e757edddf2def6a98003c6b1643,0.23577592588395396,autoland,4775609,12,d42f896683fcaa492a6c00f43ebeea3a7281573d,macosx1015-64-shippable-qr,True,False,,,102210fe594ee9b33d82058545b1ed14f4c8206e,custom.styleeditor.reload.DAMP,damp,True,damp custom.styleeditor.reload.DAMP opt e10s fission stylo webrender,4775519,77,ms,firefox,444231998.0,1830229425,2024-01-22 22:04:08,1364244,,,,,,,,,,,,,,,,,,,,,,,,,,,,,,,,,,,,,,,,,,,,,,,,,TN
1330,43fa5aa71c8c00288a4fe686f0e4bf72e2f5f28d,0.187861926528973,autoland,4775609,12,d42f896683fcaa492a6c00f43ebeea3a7281573d,macosx1015-64-shippable-qr,True,False,,,102210fe594ee9b33d82058545b1ed14f4c8206e,custom.styleeditor.reload.DAMP,damp,True,damp custom.styleeditor.reload.DAMP opt e10s fission stylo webrender,4775519,77,ms,firefox,444241143.0,1830279431,2024-01-23 00:22:14,1364332,,,,,,,,,,,,,,,,,,,,,,,,,,,,,,,,,,,,,,,,,,,,,,,,,TN
1331,fcdb6404eb0234c50bf85922bacad525da6851d5,0.09880649141674192,autoland,4775609,12,d42f896683fcaa492a6c00f43ebeea3a7281573d,macosx1015-64-shippable-qr,True,False,,,102210fe594ee9b33d82058545b1ed14f4c8206e,custom.styleeditor.reload.DAMP,damp,True,damp custom.styleeditor.reload.DAMP opt e10s fission stylo webrender,4775519,77,ms,firefox,444260951.0,1830399569,2024-01-23 05:54:31,1364408,,,,,,,,,,,,,,,,,,,,,,,,,,,,,,,,,,,,,,,,,,,,,,,,,TN
1332,296f1b67a4750aa2166832b5b9d8ba0eee6fe635,0.12312213791065274,autoland,4775609,12,d42f896683fcaa492a6c00f43ebeea3a7281573d,macosx1015-64-shippable-qr,True,False,,,102210fe594ee9b33d82058545b1ed14f4c8206e,custom.styleeditor.reload.DAMP,damp,True,damp custom.styleeditor.reload.DAMP opt e10s fission stylo webrender,4775519,77,ms,firefox,444321996.0,1830685517,2024-01-23 14:14:29,1364570,,,,,,,,,,,,,,,,,,,,,,,,,,,,,,,,,,,,,,,,,,,,,,,,,TN
1333,f3efca74da0f43269bd8ac07e2a5d27e89c4d7c3,0.06785933234647418,autoland,4775609,12,d42f896683fcaa492a6c00f43ebeea3a7281573d,macosx1015-64-shippable-qr,True,False,,,102210fe594ee9b33d82058545b1ed14f4c8206e,custom.styleeditor.reload.DAMP,damp,True,damp custom.styleeditor.reload.DAMP opt e10s fission stylo webrender,4775519,77,ms,firefox,444324600.0,1830701958,2024-01-23 14:50:16,1364607,,,,,,,,,,,,,,,,,,,,,,,,,,,,,,,,,,,,,,,,,,,,,,,,,TN
1334,936300bf2ee78e086143fb3718e2c0af755385b0,0.19112935318450547,autoland,4775609,12,d42f896683fcaa492a6c00f43ebeea3a7281573d,macosx1015-64-shippable-qr,True,False,,,102210fe594ee9b33d82058545b1ed14f4c8206e,custom.styleeditor.reload.DAMP,damp,True,damp custom.styleeditor.reload.DAMP opt e10s fission stylo webrender,4775519,77,ms,firefox,444325379.0,1830720032,2024-01-23 16:09:55,1364702,,,,,,,,,,,,,,,,,,,,,,,,,,,,,,,,,,,,,,,,,,,,,,,,,TN
1335,ec71bc6778c4bdb9b4a93283fc0a3d3f302eb89e,0.07080792373970418,autoland,4775609,12,d42f896683fcaa492a6c00f43ebeea3a7281573d,macosx1015-64-shippable-qr,True,False,,,102210fe594ee9b33d82058545b1ed14f4c8206e,custom.styleeditor.reload.DAMP,damp,True,damp custom.styleeditor.reload.DAMP opt e10s fission stylo webrender,4775519,77,ms,firefox,444342813.0,1830836783,2024-01-23 19:03:54,1364834,,,,,,,,,,,,,,,,,,,,,,,,,,,,,,,,,,,,,,,,,,,,,,,,,TN
1336,25e5c4ea04b149ffa31cda5c4d75559df5369612,0.08091577558141921,autoland,4775609,12,d42f896683fcaa492a6c00f43ebeea3a7281573d,macosx1015-64-shippable-qr,True,False,,,102210fe594ee9b33d82058545b1ed14f4c8206e,custom.styleeditor.reload.DAMP,damp,True,damp custom.styleeditor.reload.DAMP opt e10s fission stylo webrender,4775519,77,ms,firefox,444374104.0,1830987883,2024-01-23 22:21:15,1365024,,,,,,,,,,,,,,,,,,,,,,,,,,,,,,,,,,,,,,,,,,,,,,,,,TN
1337,a0389da68b91e5a92b02ccd9e65991bffb5d5771,0.059442791654640725,autoland,4775609,12,d42f896683fcaa492a6c00f43ebeea3a7281573d,macosx1015-64-shippable-qr,True,False,,,102210fe594ee9b33d82058545b1ed14f4c8206e,custom.styleeditor.reload.DAMP,damp,True,damp custom.styleeditor.reload.DAMP opt e10s fission stylo webrender,4775519,77,ms,firefox,444388546.0,1831047072,2024-01-24 02:38:58,1365197,,,,,,,,,,,,,,,,,,,,,,,,,,,,,,,,,,,,,,,,,,,,,,,,,TN
1338,eed6f8e8fe3af01f49be74cc1be72d51e5a0933f,0.09022165545566352,autoland,4775609,12,d42f896683fcaa492a6c00f43ebeea3a7281573d,macosx1015-64-shippable-qr,True,False,,,102210fe594ee9b33d82058545b1ed14f4c8206e,custom.styleeditor.reload.DAMP,damp,True,damp custom.styleeditor.reload.DAMP opt e10s fission stylo webrender,4775519,77,ms,firefox,444407830.0,1831158530,2024-01-24 06:43:12,1365260,,,,,,,,,,,,,,,,,,,,,,,,,,,,,,,,,,,,,,,,,,,,,,,,,TN
1339,7079db6b8da9081aee6b0ce96b68f368efec3277,0.11399229247565529,autoland,4775609,12,d42f896683fcaa492a6c00f43ebeea3a7281573d,macosx1015-64-shippable-qr,True,False,,,102210fe594ee9b33d82058545b1ed14f4c8206e,custom.styleeditor.reload.DAMP,damp,True,damp custom.styleeditor.reload.DAMP opt e10s fission stylo webrender,4775519,77,ms,firefox,444408429.0,1831168045,2024-01-24 06:57:11,1365262,,,,,,,,,,,,,,,,,,,,,,,,,,,,,,,,,,,,,,,,,,,,,,,,,TN
1340,ce20634f32a1b78384fbbc028b4f86266056e7fb,0.10548983981153848,autoland,4775609,12,d42f896683fcaa492a6c00f43ebeea3a7281573d,macosx1015-64-shippable-qr,True,False,,,102210fe594ee9b33d82058545b1ed14f4c8206e,custom.styleeditor.reload.DAMP,damp,True,damp custom.styleeditor.reload.DAMP opt e10s fission stylo webrender,4775519,77,ms,firefox,444470300.0,1831394099,2024-01-24 11:40:35,1365369,,,,,,,,,,,,,,,,,,,,,,,,,,,,,,,,,,,,,,,,,,,,,,,,,TN
1341,150dd33322ea6d34c4829f8e67efe7e37be8c48e,0.25584843325624834,autoland,4775609,12,d42f896683fcaa492a6c00f43ebeea3a7281573d,macosx1015-64-shippable-qr,True,False,,,102210fe594ee9b33d82058545b1ed14f4c8206e,custom.styleeditor.reload.DAMP,damp,True,damp custom.styleeditor.reload.DAMP opt e10s fission stylo webrender,4775519,77,ms,firefox,444494070.0,1831553197,2024-01-24 16:03:05,1365533,,,,,,,,,,,,,,,,,,,,,,,,,,,,,,,,,,,,,,,,,,,,,,,,,TN
1342,e22428605dbb49942204564b03db80f474ea35ba,0.1940118437615327,autoland,4775609,12,d42f896683fcaa492a6c00f43ebeea3a7281573d,macosx1015-64-shippable-qr,True,False,,,102210fe594ee9b33d82058545b1ed14f4c8206e,custom.styleeditor.reload.DAMP,damp,True,damp custom.styleeditor.reload.DAMP opt e10s fission stylo webrender,4775519,77,ms,firefox,444503329.0,1831580794,2024-01-24 18:01:21,1365677,,,,,,,,,,,,,,,,,,,,,,,,,,,,,,,,,,,,,,,,,,,,,,,,,TN
1343,b8b82bd9546fe4e63cd5e9d29248d87665c548b8,0.047094723000560834,autoland,4775609,12,d42f896683fcaa492a6c00f43ebeea3a7281573d,macosx1015-64-shippable-qr,True,False,,,102210fe594ee9b33d82058545b1ed14f4c8206e,custom.styleeditor.reload.DAMP,damp,True,damp custom.styleeditor.reload.DAMP opt e10s fission stylo webrender,4775519,77,ms,firefox,444537310.0,1831759398,2024-01-24 22:08:16,1365907,,,,,,,,,,,,,,,,,,,,,,,,,,,,,,,,,,,,,,,,,,,,,,,,,TN
1344,ce5606473bf95f0899f69034525766ca9d0ed749,0.10927783192429247,autoland,4775609,12,d42f896683fcaa492a6c00f43ebeea3a7281573d,macosx1015-64-shippable-qr,True,False,,,102210fe594ee9b33d82058545b1ed14f4c8206e,custom.styleeditor.reload.DAMP,damp,True,damp custom.styleeditor.reload.DAMP opt e10s fission stylo webrender,4775519,77,ms,firefox,444548127.0,1831825921,2024-01-25 05:05:51,1366048,,,,,,,,,,,,,,,,,,,,,,,,,,,,,,,,,,,,,,,,,,,,,,,,,TN
1345,c0289f78466cf0bf8a6871ef3417c180aab77e07,0.06982585274656544,autoland,4775609,12,d42f896683fcaa492a6c00f43ebeea3a7281573d,macosx1015-64-shippable-qr,True,False,,,102210fe594ee9b33d82058545b1ed14f4c8206e,custom.styleeditor.reload.DAMP,damp,True,damp custom.styleeditor.reload.DAMP opt e10s fission stylo webrender,4775519,77,ms,firefox,444557849.0,1831867905,2024-01-25 07:56:38,1366087,,,,,,,,,,,,,,,,,,,,,,,,,,,,,,,,,,,,,,,,,,,,,,,,,TN
1346,c746000752516a4b8ede1f6a5c7b2f4be12a33d7,0.05193997876064188,autoland,4775609,12,d42f896683fcaa492a6c00f43ebeea3a7281573d,macosx1015-64-shippable-qr,True,False,,,102210fe594ee9b33d82058545b1ed14f4c8206e,custom.styleeditor.reload.DAMP,damp,True,damp custom.styleeditor.reload.DAMP opt e10s fission stylo webrender,4775519,77,ms,firefox,444597194.0,1832022232,2024-01-25 12:05:33,1366202,,,,,,,,,,,,,,,,,,,,,,,,,,,,,,,,,,,,,,,,,,,,,,,,,TN
1347,34f197ce93a24d93523617eba67ecee2e990c37c,0.1276091708658244,autoland,4775609,12,d42f896683fcaa492a6c00f43ebeea3a7281573d,macosx1015-64-shippable-qr,True,False,,,102210fe594ee9b33d82058545b1ed14f4c8206e,custom.styleeditor.reload.DAMP,damp,True,damp custom.styleeditor.reload.DAMP opt e10s fission stylo webrender,4775519,77,ms,firefox,444618178.0,1832137690,2024-01-25 15:26:29,1366326,,,,,,,,,,,,,,,,,,,,,,,,,,,,,,,,,,,,,,,,,,,,,,,,,TN
1348,dd2a416c0c76b4cc9f6161d6be89aa7356e4eae5,0.09911844211444681,autoland,4775609,12,d42f896683fcaa492a6c00f43ebeea3a7281573d,macosx1015-64-shippable-qr,True,False,,,102210fe594ee9b33d82058545b1ed14f4c8206e,custom.styleeditor.reload.DAMP,damp,True,damp custom.styleeditor.reload.DAMP opt e10s fission stylo webrender,4775519,77,ms,firefox,444661978.0,1832395646,2024-01-25 20:50:47,1366563,,,,,,,,,,,,,,,,,,,,,,,,,,,,,,,,,,,,,,,,,,,,,,,,,TN
1349,5da1e842ef70c74d8ed72128e460f75b633fae95,0.0965537725729465,autoland,4775609,12,d42f896683fcaa492a6c00f43ebeea3a7281573d,macosx1015-64-shippable-qr,True,False,,,102210fe594ee9b33d82058545b1ed14f4c8206e,custom.styleeditor.reload.DAMP,damp,True,damp custom.styleeditor.reload.DAMP opt e10s fission stylo webrender,4775519,77,ms,firefox,444666560.0,1832412673,2024-01-25 20:51:29,1366564,,,,,,,,,,,,,,,,,,,,,,,,,,,,,,,,,,,,,,,,,,,,,,,,,TN
1350,a412d893c38f632f34b44a9c5b3fd8cc30bb87be,0.11615579885911737,autoland,4775609,12,d42f896683fcaa492a6c00f43ebeea3a7281573d,macosx1015-64-shippable-qr,True,False,,,102210fe594ee9b33d82058545b1ed14f4c8206e,custom.styleeditor.reload.DAMP,damp,True,damp custom.styleeditor.reload.DAMP opt e10s fission stylo webrender,4775519,77,ms,firefox,444691196.0,1832539456,2024-01-26 03:41:27,1366751,,,,,,,,,,,,,,,,,,,,,,,,,,,,,,,,,,,,,,,,,,,,,,,,,TN
1351,18f5823716e4c35d7c899d2ce4be7fcd66cab9d0,0.07403355756095709,autoland,4775609,12,d42f896683fcaa492a6c00f43ebeea3a7281573d,macosx1015-64-shippable-qr,True,False,,,102210fe594ee9b33d82058545b1ed14f4c8206e,custom.styleeditor.reload.DAMP,damp,True,damp custom.styleeditor.reload.DAMP opt e10s fission stylo webrender,4775519,77,ms,firefox,444740807.0,1832706311,2024-01-26 11:04:34,1366921,,,,,,,,,,,,,,,,,,,,,,,,,,,,,,,,,,,,,,,,,,,,,,,,,TN
1352,19005661ad786853d186a7d3434e6c290bccaa95,0.1792864133358008,autoland,4775609,12,d42f896683fcaa492a6c00f43ebeea3a7281573d,macosx1015-64-shippable-qr,True,False,,,102210fe594ee9b33d82058545b1ed14f4c8206e,custom.styleeditor.reload.DAMP,damp,True,damp custom.styleeditor.reload.DAMP opt e10s fission stylo webrender,4775519,77,ms,firefox,444784243.0,1832927979,2024-01-26 15:49:43,1367044,,,,,,,,,,,,,,,,,,,,,,,,,,,,,,,,,,,,,,,,,,,,,,,,,TN
1353,4641c3dcf0c3cfbdc8976f2fcc6898107149e19e,0.08175255708367823,autoland,4775609,12,d42f896683fcaa492a6c00f43ebeea3a7281573d,macosx1015-64-shippable-qr,True,False,,,102210fe594ee9b33d82058545b1ed14f4c8206e,custom.styleeditor.reload.DAMP,damp,True,damp custom.styleeditor.reload.DAMP opt e10s fission stylo webrender,4775519,77,ms,firefox,444784640.0,1832937221,2024-01-26 15:52:38,1367050,,,,,,,,,,,,,,,,,,,,,,,,,,,,,,,,,,,,,,,,,,,,,,,,,TN
1354,38fb47dac16804e3d5c8211277f084198e43de88,0.10504483068200426,autoland,4775609,12,d42f896683fcaa492a6c00f43ebeea3a7281573d,macosx1015-64-shippable-qr,True,False,,,102210fe594ee9b33d82058545b1ed14f4c8206e,custom.styleeditor.reload.DAMP,damp,True,damp custom.styleeditor.reload.DAMP opt e10s fission stylo webrender,4775519,77,ms,firefox,444815274.0,1833117386,2024-01-26 20:02:47,1367207,,,,,,,,,,,,,,,,,,,,,,,,,,,,,,,,,,,,,,,,,,,,,,,,,TN
1355,ac4906fa040ce76ad5ea8f73caf83045f291b613,0.06940698532532091,autoland,4775609,12,d42f896683fcaa492a6c00f43ebeea3a7281573d,macosx1015-64-shippable-qr,True,False,,,102210fe594ee9b33d82058545b1ed14f4c8206e,custom.styleeditor.reload.DAMP,damp,True,damp custom.styleeditor.reload.DAMP opt e10s fission stylo webrender,4775519,77,ms,firefox,444813689.0,1833106111,2024-01-26 20:05:08,1367213,,,,,,,,,,,,,,,,,,,,,,,,,,,,,,,,,,,,,,,,,,,,,,,,,TN
1356,99babcb9f349f4d91fe26290269d9d25fc1bbd04,0.09469323201199781,autoland,4775609,12,d42f896683fcaa492a6c00f43ebeea3a7281573d,macosx1015-64-shippable-qr,True,False,,,102210fe594ee9b33d82058545b1ed14f4c8206e,custom.styleeditor.reload.DAMP,damp,True,damp custom.styleeditor.reload.DAMP opt e10s fission stylo webrender,4775519,77,ms,firefox,444835961.0,1833235781,2024-01-27 00:32:58,1367362,,,,,,,,,,,,,,,,,,,,,,,,,,,,,,,,,,,,,,,,,,,,,,,,,TN
1357,1e79d9e65ec0577bb7d698c86edc6f35b4f92ce8,0.19599534766015692,autoland,4775609,12,d42f896683fcaa492a6c00f43ebeea3a7281573d,macosx1015-64-shippable-qr,True,False,,,102210fe594ee9b33d82058545b1ed14f4c8206e,custom.styleeditor.reload.DAMP,damp,True,damp custom.styleeditor.reload.DAMP opt e10s fission stylo webrender,4775519,77,ms,firefox,444860782.0,1833472015,2024-01-27 06:05:38,1367422,,,,,,,,,,,,,,,,,,,,,,,,,,,,,,,,,,,,,,,,,,,,,,,,,TN
1358,09a1abcfcfb73aa1ae9781d2816102729c0f82a6,0.04878357565165731,autoland,4775609,12,d42f896683fcaa492a6c00f43ebeea3a7281573d,macosx1015-64-shippable-qr,True,False,,,102210fe594ee9b33d82058545b1ed14f4c8206e,custom.styleeditor.reload.DAMP,damp,True,damp custom.styleeditor.reload.DAMP opt e10s fission stylo webrender,4775519,77,ms,firefox,444879975.0,1833588426,2024-01-27 14:01:44,1367473,,,,,,,,,,,,,,,,,,,,,,,,,,,,,,,,,,,,,,,,,,,,,,,,,TN
1359,2e376c0d1662606cf6811ab3ff138b784d465291,0.06545075882979162,autoland,4775609,12,d42f896683fcaa492a6c00f43ebeea3a7281573d,macosx1015-64-shippable-qr,True,False,,,102210fe594ee9b33d82058545b1ed14f4c8206e,custom.styleeditor.reload.DAMP,damp,True,damp custom.styleeditor.reload.DAMP opt e10s fission stylo webrender,4775519,77,ms,firefox,444899999.0,1833724537,2024-01-28 01:17:56,1367530,,,,,,,,,,,,,,,,,,,,,,,,,,,,,,,,,,,,,,,,,,,,,,,,,TN
1360,0f372a16b1e1e959f46701e4210f6a6eaf4e40ec,0.06709227139126828,autoland,4775609,12,d42f896683fcaa492a6c00f43ebeea3a7281573d,macosx1015-64-shippable-qr,True,False,,,102210fe594ee9b33d82058545b1ed14f4c8206e,custom.styleeditor.reload.DAMP,damp,True,damp custom.styleeditor.reload.DAMP opt e10s fission stylo webrender,4775519,77,ms,firefox,444904856.0,1833756855,2024-01-28 06:00:30,1367545,,,,,,,,,,,,,,,,,,,,,,,,,,,,,,,,,,,,,,,,,,,,,,,,,TN
1361,9b32d8116833ab08f4e3f0b18c12587ac1f9360b,0.08810341518056497,autoland,4775609,12,d42f896683fcaa492a6c00f43ebeea3a7281573d,macosx1015-64-shippable-qr,True,False,,,102210fe594ee9b33d82058545b1ed14f4c8206e,custom.styleeditor.reload.DAMP,damp,True,damp custom.styleeditor.reload.DAMP opt e10s fission stylo webrender,4775519,77,ms,firefox,444934055.0,1833906468,2024-01-28 10:01:02,1367556,,,,,,,,,,,,,,,,,,,,,,,,,,,,,,,,,,,,,,,,,,,,,,,,,TN
1362,13780f5cb2f5d698f35a23f2fafa1593ef7affe9,0.09506914043017717,autoland,4775609,12,d42f896683fcaa492a6c00f43ebeea3a7281573d,macosx1015-64-shippable-qr,True,False,,,102210fe594ee9b33d82058545b1ed14f4c8206e,custom.styleeditor.reload.DAMP,damp,True,damp custom.styleeditor.reload.DAMP opt e10s fission stylo webrender,4775519,77,ms,firefox,444946391.0,1833970405,2024-01-28 14:31:15,1367584,,,,,,,,,,,,,,,,,,,,,,,,,,,,,,,,,,,,,,,,,,,,,,,,,TN
1363,852acff05fb8be21502af8fc12cceeb2baa70dd7,0.0839408777396572,autoland,4775609,12,d42f896683fcaa492a6c00f43ebeea3a7281573d,macosx1015-64-shippable-qr,True,False,,,102210fe594ee9b33d82058545b1ed14f4c8206e,custom.styleeditor.reload.DAMP,damp,True,damp custom.styleeditor.reload.DAMP opt e10s fission stylo webrender,4775519,77,ms,firefox,444969591.0,1834089158,2024-01-29 01:40:26,1367631,,,,,,,,,,,,,,,,,,,,,,,,,,,,,,,,,,,,,,,,,,,,,,,,,TN
1364,fce9e73861891da48d1a0b85240491fa3e042f8b,0.05304386228139085,autoland,4775609,12,d42f896683fcaa492a6c00f43ebeea3a7281573d,macosx1015-64-shippable-qr,True,False,,,102210fe594ee9b33d82058545b1ed14f4c8206e,custom.styleeditor.reload.DAMP,damp,True,damp custom.styleeditor.reload.DAMP opt e10s fission stylo webrender,4775519,77,ms,firefox,445007105.0,1834253373,2024-01-29 10:50:01,1367743,,,,,,,,,,,,,,,,,,,,,,,,,,,,,,,,,,,,,,,,,,,,,,,,,TN
1365,97de3c8a7931e01c1a1c1cf6ac90a580607b77c9,0.08675949068114519,autoland,4775609,12,d42f896683fcaa492a6c00f43ebeea3a7281573d,macosx1015-64-shippable-qr,True,False,,,102210fe594ee9b33d82058545b1ed14f4c8206e,custom.styleeditor.reload.DAMP,damp,True,damp custom.styleeditor.reload.DAMP opt e10s fission stylo webrender,4775519,77,ms,firefox,445043589.0,1834530039,2024-01-29 14:53:09,1367876,,,,,,,,,,,,,,,,,,,,,,,,,,,,,,,,,,,,,,,,,,,,,,,,,TN
1366,8e91f5176c0f6e1689a893ed34d5046dbbd1122e,0.0801904175020331,autoland,4775609,12,d42f896683fcaa492a6c00f43ebeea3a7281573d,macosx1015-64-shippable-qr,True,False,,,102210fe594ee9b33d82058545b1ed14f4c8206e,custom.styleeditor.reload.DAMP,damp,True,damp custom.styleeditor.reload.DAMP opt e10s fission stylo webrender,4775519,77,ms,firefox,445043458.0,1834434739,2024-01-29 14:59:33,1367883,,,,,,,,,,,,,,,,,,,,,,,,,,,,,,,,,,,,,,,,,,,,,,,,,TN
1367,8913eab3409d19e1cf1a2c19f256256c293b3154,0.12988977299170684,autoland,4775609,12,d42f896683fcaa492a6c00f43ebeea3a7281573d,macosx1015-64-shippable-qr,True,False,,,102210fe594ee9b33d82058545b1ed14f4c8206e,custom.styleeditor.reload.DAMP,damp,True,damp custom.styleeditor.reload.DAMP opt e10s fission stylo webrender,4775519,77,ms,firefox,445072806.0,1834581417,2024-01-29 17:46:45,1368035,,,,,,,,,,,,,,,,,,,,,,,,,,,,,,,,,,,,,,,,,,,,,,,,,TN
1368,57a27d8b6d2a7f1f5c1ec710e4a09422fb9c05e1,0.19055752676536858,autoland,4775609,12,d42f896683fcaa492a6c00f43ebeea3a7281573d,macosx1015-64-shippable-qr,True,False,,,102210fe594ee9b33d82058545b1ed14f4c8206e,custom.styleeditor.reload.DAMP,damp,True,damp custom.styleeditor.reload.DAMP opt e10s fission stylo webrender,4775519,77,ms,firefox,445105265.0,1834698254,2024-01-29 21:21:15,1368229,,,,,,,,,,,,,,,,,,,,,,,,,,,,,,,,,,,,,,,,,,,,,,,,,TN
1369,265910d5bfe79cc856e1c18d9e403fed38ee5a79,0.04462293611478374,autoland,4775609,12,d42f896683fcaa492a6c00f43ebeea3a7281573d,macosx1015-64-shippable-qr,True,False,,,102210fe594ee9b33d82058545b1ed14f4c8206e,custom.styleeditor.reload.DAMP,damp,True,damp custom.styleeditor.reload.DAMP opt e10s fission stylo webrender,4775519,77,ms,firefox,445115538.0,1834732031,2024-01-30 01:21:53,1368286,,,,,,,,,,,,,,,,,,,,,,,,,,,,,,,,,,,,,,,,,,,,,,,,,TN
1370,a9528d76a91bc50db12b4a18830536bb25a6e378,0.18233690352595727,autoland,4775609,12,d42f896683fcaa492a6c00f43ebeea3a7281573d,macosx1015-64-shippable-qr,True,False,,,102210fe594ee9b33d82058545b1ed14f4c8206e,custom.styleeditor.reload.DAMP,damp,True,damp custom.styleeditor.reload.DAMP opt e10s fission stylo webrender,4775519,77,ms,firefox,445184594.0,1835424538,2024-01-30 13:09:07,1368599,,,,,,,,,,,,,,,,,,,,,,,,,,,,,,,,,,,,,,,,,,,,,,,,,TN
1371,91338712d82fcf42896cfc451e6341a5b95963b8,0.1061838045834323,autoland,4775609,12,d42f896683fcaa492a6c00f43ebeea3a7281573d,macosx1015-64-shippable-qr,True,False,,,102210fe594ee9b33d82058545b1ed14f4c8206e,custom.styleeditor.reload.DAMP,damp,True,damp custom.styleeditor.reload.DAMP opt e10s fission stylo webrender,4775519,77,ms,firefox,445188056.0,1835431138,2024-01-30 13:14:31,1368603,,,,,,,,,,,,,,,,,,,,,,,,,,,,,,,,,,,,,,,,,,,,,,,,,TN
1372,1ac69623ae79a621c0035377f0841b1ba83070c1,0.058780369389622444,autoland,4775609,12,d42f896683fcaa492a6c00f43ebeea3a7281573d,macosx1015-64-shippable-qr,True,False,,,102210fe594ee9b33d82058545b1ed14f4c8206e,custom.styleeditor.reload.DAMP,damp,True,damp custom.styleeditor.reload.DAMP opt e10s fission stylo webrender,4775519,77,ms,firefox,445195648.0,1835451310,2024-01-30 14:29:15,1368655,,,,,,,,,,,,,,,,,,,,,,,,,,,,,,,,,,,,,,,,,,,,,,,,,TN
1373,a3dd43748dcdec6a27a5c140bfd611d463cd9acf,0.15614004303026568,autoland,4775609,12,d42f896683fcaa492a6c00f43ebeea3a7281573d,macosx1015-64-shippable-qr,True,False,,,102210fe594ee9b33d82058545b1ed14f4c8206e,custom.styleeditor.reload.DAMP,damp,True,damp custom.styleeditor.reload.DAMP opt e10s fission stylo webrender,4775519,77,ms,firefox,445238555.0,1835539019,2024-01-30 18:56:21,1368858,,,,,,,,,,,,,,,,,,,,,,,,,,,,,,,,,,,,,,,,,,,,,,,,,TN
1374,06b0ce1a9748e18deb48466efed01c1f5a8ff984,0.08417287895545017,autoland,4775609,12,d42f896683fcaa492a6c00f43ebeea3a7281573d,macosx1015-64-shippable-qr,True,False,,,102210fe594ee9b33d82058545b1ed14f4c8206e,custom.styleeditor.reload.DAMP,damp,True,damp custom.styleeditor.reload.DAMP opt e10s fission stylo webrender,4775519,77,ms,firefox,445246650.0,1835578487,2024-01-30 20:08:25,1368918,,,,,,,,,,,,,,,,,,,,,,,,,,,,,,,,,,,,,,,,,,,,,,,,,TN
1375,e35109546c3cb0f5957a604c27f5f1dd2b7f81c0,0.13940659392923188,autoland,4775609,12,d42f896683fcaa492a6c00f43ebeea3a7281573d,macosx1015-64-shippable-qr,True,False,,,102210fe594ee9b33d82058545b1ed14f4c8206e,custom.styleeditor.reload.DAMP,damp,True,damp custom.styleeditor.reload.DAMP opt e10s fission stylo webrender,4775519,77,ms,firefox,445280455.0,1835687091,2024-01-31 00:31:01,1369086,,,,,,,,,,,,,,,,,,,,,,,,,,,,,,,,,,,,,,,,,,,,,,,,,TN
1376,2cac2f68bfdcfc9012c537044bc475f076bda7b0,0.12217604371810864,autoland,4775609,12,d42f896683fcaa492a6c00f43ebeea3a7281573d,macosx1015-64-shippable-qr,True,False,,,102210fe594ee9b33d82058545b1ed14f4c8206e,custom.styleeditor.reload.DAMP,damp,True,damp custom.styleeditor.reload.DAMP opt e10s fission stylo webrender,4775519,77,ms,firefox,445281083.0,1835691884,2024-01-31 00:32:30,1369088,,,,,,,,,,,,,,,,,,,,,,,,,,,,,,,,,,,,,,,,,,,,,,,,,TN
1377,5f6f60ae2125dc46d98b4b9276bce2d562d1f1bf,0.057246276551160935,autoland,4775609,12,d42f896683fcaa492a6c00f43ebeea3a7281573d,macosx1015-64-shippable-qr,True,False,,,102210fe594ee9b33d82058545b1ed14f4c8206e,custom.styleeditor.reload.DAMP,damp,True,damp custom.styleeditor.reload.DAMP opt e10s fission stylo webrender,4775519,77,ms,firefox,445295787.0,1835832956,2024-01-31 05:59:52,1369182,,,,,,,,,,,,,,,,,,,,,,,,,,,,,,,,,,,,,,,,,,,,,,,,,TN
1378,201f8fe705d53181047778d1c0722017bab79e95,0.08961235914495302,autoland,4775609,12,d42f896683fcaa492a6c00f43ebeea3a7281573d,macosx1015-64-shippable-qr,True,False,,,102210fe594ee9b33d82058545b1ed14f4c8206e,custom.styleeditor.reload.DAMP,damp,True,damp custom.styleeditor.reload.DAMP opt e10s fission stylo webrender,4775519,77,ms,firefox,445341553.0,1836000742,2024-01-31 10:01:40,1369265,,,,,,,,,,,,,,,,,,,,,,,,,,,,,,,,,,,,,,,,,,,,,,,,,TN
1379,5e52e144df4112277cfdda903747f83f1f147385,0.1280057664380319,autoland,4775609,12,d42f896683fcaa492a6c00f43ebeea3a7281573d,macosx1015-64-shippable-qr,True,False,,,102210fe594ee9b33d82058545b1ed14f4c8206e,custom.styleeditor.reload.DAMP,damp,True,damp custom.styleeditor.reload.DAMP opt e10s fission stylo webrender,4775519,77,ms,firefox,445346388.0,1836016915,2024-01-31 13:01:30,1369309,,,,,,,,,,,,,,,,,,,,,,,,,,,,,,,,,,,,,,,,,,,,,,,,,TN
1380,a0bd6c4162065e8caa2b60ce8082f77d53221fb7,0.08742558039888254,autoland,4775609,12,d42f896683fcaa492a6c00f43ebeea3a7281573d,macosx1015-64-shippable-qr,True,False,,,102210fe594ee9b33d82058545b1ed14f4c8206e,custom.styleeditor.reload.DAMP,damp,True,damp custom.styleeditor.reload.DAMP opt e10s fission stylo webrender,4775519,77,ms,firefox,445385078.0,1836163198,2024-01-31 17:27:18,1369495,,,,,,,,,,,,,,,,,,,,,,,,,,,,,,,,,,,,,,,,,,,,,,,,,TN
1381,6bfab7427c326136417b187f0df7a7c63528daa3,0.078889352173726,autoland,4775609,12,d42f896683fcaa492a6c00f43ebeea3a7281573d,macosx1015-64-shippable-qr,True,False,,,102210fe594ee9b33d82058545b1ed14f4c8206e,custom.styleeditor.reload.DAMP,damp,True,damp custom.styleeditor.reload.DAMP opt e10s fission stylo webrender,4775519,77,ms,firefox,445396445.0,1836221376,2024-01-31 18:39:44,1369546,,,,,,,,,,,,,,,,,,,,,,,,,,,,,,,,,,,,,,,,,,,,,,,,,TN
1382,2ee5ce9b3c67b7e972b0dff7348ea32cb570880e,0.029764115398256796,autoland,4775609,12,d42f896683fcaa492a6c00f43ebeea3a7281573d,macosx1015-64-shippable-qr,True,False,,,102210fe594ee9b33d82058545b1ed14f4c8206e,custom.styleeditor.reload.DAMP,damp,True,damp custom.styleeditor.reload.DAMP opt e10s fission stylo webrender,4775519,77,ms,firefox,445435497.0,1836395394,2024-01-31 21:40:54,1369676,,,,,,,,,,,,,,,,,,,,,,,,,,,,,,,,,,,,,,,,,,,,,,,,,TN
1383,6db2a1e04f4120175d3aad9831795823a4269aab,0.21167474474049458,autoland,4775609,12,d42f896683fcaa492a6c00f43ebeea3a7281573d,macosx1015-64-shippable-qr,True,False,,,102210fe594ee9b33d82058545b1ed14f4c8206e,custom.styleeditor.reload.DAMP,damp,True,damp custom.styleeditor.reload.DAMP opt e10s fission stylo webrender,4775519,77,ms,firefox,445446638.0,1836448265,2024-02-01 02:14:37,1369822,,,,,,,,,,,,,,,,,,,,,,,,,,,,,,,,,,,,,,,,,,,,,,,,,TN
1384,959c3318d5c3f3881746455c2c584be49bb179b6,0.13165875449305747,autoland,4775609,12,d42f896683fcaa492a6c00f43ebeea3a7281573d,macosx1015-64-shippable-qr,True,False,,,102210fe594ee9b33d82058545b1ed14f4c8206e,custom.styleeditor.reload.DAMP,damp,True,damp custom.styleeditor.reload.DAMP opt e10s fission stylo webrender,4775519,77,ms,firefox,445462263.0,1836559312,2024-02-01 06:47:17,1369862,,,,,,,,,,,,,,,,,,,,,,,,,,,,,,,,,,,,,,,,,,,,,,,,,TN
1385,a6957fa936149dccf133bd99e165c5879c2cb4d5,0.10812769275213985,autoland,4775609,12,d42f896683fcaa492a6c00f43ebeea3a7281573d,macosx1015-64-shippable-qr,True,False,,,102210fe594ee9b33d82058545b1ed14f4c8206e,custom.styleeditor.reload.DAMP,damp,True,damp custom.styleeditor.reload.DAMP opt e10s fission stylo webrender,4775519,77,ms,firefox,445497876.0,1836696696,2024-02-01 11:14:36,1370007,,,,,,,,,,,,,,,,,,,,,,,,,,,,,,,,,,,,,,,,,,,,,,,,,TN
1386,93a67689b8581caaa6d429ea7105abf0dc55e98f,0.05362049050745121,autoland,4775609,12,d42f896683fcaa492a6c00f43ebeea3a7281573d,macosx1015-64-shippable-qr,True,False,,,102210fe594ee9b33d82058545b1ed14f4c8206e,custom.styleeditor.reload.DAMP,damp,True,damp custom.styleeditor.reload.DAMP opt e10s fission stylo webrender,4775519,77,ms,firefox,445522068.0,1837050723,2024-02-01 13:09:51,1370065,,,,,,,,,,,,,,,,,,,,,,,,,,,,,,,,,,,,,,,,,,,,,,,,,TN
1387,f84c76f9460d8a2a4048954be483e24638c0f39c,0.05599249316859112,autoland,4775609,12,d42f896683fcaa492a6c00f43ebeea3a7281573d,macosx1015-64-shippable-qr,True,False,,,102210fe594ee9b33d82058545b1ed14f4c8206e,custom.styleeditor.reload.DAMP,damp,True,damp custom.styleeditor.reload.DAMP opt e10s fission stylo webrender,4775519,77,ms,firefox,445577716.0,1837130945,2024-02-01 17:13:14,1370273,,,,,,,,,,,,,,,,,,,,,,,,,,,,,,,,,,,,,,,,,,,,,,,,,TN
1388,854c462a083b4271435625134f95ce342e243ccb,0.1975851500159424,autoland,4775609,12,d42f896683fcaa492a6c00f43ebeea3a7281573d,macosx1015-64-shippable-qr,True,False,,,102210fe594ee9b33d82058545b1ed14f4c8206e,custom.styleeditor.reload.DAMP,damp,True,damp custom.styleeditor.reload.DAMP opt e10s fission stylo webrender,4775519,77,ms,firefox,445577808.0,1837136782,2024-02-01 18:09:58,1370333,,,,,,,,,,,,,,,,,,,,,,,,,,,,,,,,,,,,,,,,,,,,,,,,,TN
1389,144c524a091e2ed65d62b4911026d3400cea02fa,0.08002167957131684,autoland,4775609,12,d42f896683fcaa492a6c00f43ebeea3a7281573d,macosx1015-64-shippable-qr,True,False,,,102210fe594ee9b33d82058545b1ed14f4c8206e,custom.styleeditor.reload.DAMP,damp,True,damp custom.styleeditor.reload.DAMP opt e10s fission stylo webrender,4775519,77,ms,firefox,445615126.0,1837186409,2024-02-01 22:12:05,1370552,,,,,,,,,,,,,,,,,,,,,,,,,,,,,,,,,,,,,,,,,,,,,,,,,TN
1390,085a323ab16cb288d40fca29f6bb35d5d7e85753,0.0658789100735454,autoland,4775609,12,d42f896683fcaa492a6c00f43ebeea3a7281573d,macosx1015-64-shippable-qr,True,False,,,102210fe594ee9b33d82058545b1ed14f4c8206e,custom.styleeditor.reload.DAMP,damp,True,damp custom.styleeditor.reload.DAMP opt e10s fission stylo webrender,4775519,77,ms,firefox,445614995.0,1837184879,2024-02-01 22:19:46,1370561,,,,,,,,,,,,,,,,,,,,,,,,,,,,,,,,,,,,,,,,,,,,,,,,,TN
1391,dd4c0135beb5076b1a073f8d52507b724781d423,0.04321274678954512,autoland,4775609,12,d42f896683fcaa492a6c00f43ebeea3a7281573d,macosx1015-64-shippable-qr,True,False,,,102210fe594ee9b33d82058545b1ed14f4c8206e,custom.styleeditor.reload.DAMP,damp,True,damp custom.styleeditor.reload.DAMP opt e10s fission stylo webrender,4775519,77,ms,firefox,445627413.0,1837238514,2024-02-02 02:49:20,1370659,,,,,,,,,,,,,,,,,,,,,,,,,,,,,,,,,,,,,,,,,,,,,,,,,TN
1392,90d84a362f057a96158ef63f7aa96d639916e390,0.10522692963773234,autoland,4775609,12,d42f896683fcaa492a6c00f43ebeea3a7281573d,macosx1015-64-shippable-qr,True,False,,,102210fe594ee9b33d82058545b1ed14f4c8206e,custom.styleeditor.reload.DAMP,damp,True,damp custom.styleeditor.reload.DAMP opt e10s fission stylo webrender,4775519,77,ms,firefox,445701506.0,1837528606,2024-02-02 13:54:17,1370837,,,,,,,,,,,,,,,,,,,,,,,,,,,,,,,,,,,,,,,,,,,,,,,,,TN
1393,2d3365b1475ea6b0234b76a4ccfefc8c11e491a0,0.07451404926809224,autoland,4775609,12,d42f896683fcaa492a6c00f43ebeea3a7281573d,macosx1015-64-shippable-qr,True,False,,,102210fe594ee9b33d82058545b1ed14f4c8206e,custom.styleeditor.reload.DAMP,damp,True,damp custom.styleeditor.reload.DAMP opt e10s fission stylo webrender,4775519,77,ms,firefox,445707575.0,1837563496,2024-02-02 14:44:09,1370872,,,,,,,,,,,,,,,,,,,,,,,,,,,,,,,,,,,,,,,,,,,,,,,,,TN
1394,67f13af428e383eb2f3472448564da31a6cd3eae,0.14531003760491773,autoland,4775609,12,d42f896683fcaa492a6c00f43ebeea3a7281573d,macosx1015-64-shippable-qr,True,False,,,102210fe594ee9b33d82058545b1ed14f4c8206e,custom.styleeditor.reload.DAMP,damp,True,damp custom.styleeditor.reload.DAMP opt e10s fission stylo webrender,4775519,77,ms,firefox,445758887.0,1837865181,2024-02-02 19:53:24,1371106,,,,,,,,,,,,,,,,,,,,,,,,,,,,,,,,,,,,,,,,,,,,,,,,,TN
1395,0a89948ba0c00bf10f2fb02375bb347cffbdc1e1,0.10191775293305472,autoland,4775609,12,d42f896683fcaa492a6c00f43ebeea3a7281573d,macosx1015-64-shippable-qr,True,False,,,102210fe594ee9b33d82058545b1ed14f4c8206e,custom.styleeditor.reload.DAMP,damp,True,damp custom.styleeditor.reload.DAMP opt e10s fission stylo webrender,4775519,77,ms,firefox,445772957.0,1837889905,2024-02-02 21:53:09,1371183,,,,,,,,,,,,,,,,,,,,,,,,,,,,,,,,,,,,,,,,,,,,,,,,,TN
1396,b9172a6f32d47b58f805d7cdc242ba32e55cb4a6,0.11965629032466912,autoland,4775609,12,d42f896683fcaa492a6c00f43ebeea3a7281573d,macosx1015-64-shippable-qr,True,False,,,102210fe594ee9b33d82058545b1ed14f4c8206e,custom.styleeditor.reload.DAMP,damp,True,damp custom.styleeditor.reload.DAMP opt e10s fission stylo webrender,4775519,77,ms,firefox,445785095.0,1837952088,2024-02-03 02:32:07,1371314,,,,,,,,,,,,,,,,,,,,,,,,,,,,,,,,,,,,,,,,,,,,,,,,,TN
1397,f8d442e9495d595bd8d4c6cbd272480f9d0dbfb5,0.2127139552612874,autoland,4775609,12,d42f896683fcaa492a6c00f43ebeea3a7281573d,macosx1015-64-shippable-qr,True,False,,,102210fe594ee9b33d82058545b1ed14f4c8206e,custom.styleeditor.reload.DAMP,damp,True,damp custom.styleeditor.reload.DAMP opt e10s fission stylo webrender,4775519,77,ms,firefox,445797294.0,1838008570,2024-02-03 06:48:17,1371333,,,,,,,,,,,,,,,,,,,,,,,,,,,,,,,,,,,,,,,,,,,,,,,,,TN
1398,6c316fd08b2f2ac6443dd8193a52f819df23ce2e,0.08985313131034117,autoland,4775609,12,d42f896683fcaa492a6c00f43ebeea3a7281573d,macosx1015-64-shippable-qr,True,False,,,102210fe594ee9b33d82058545b1ed14f4c8206e,custom.styleeditor.reload.DAMP,damp,True,damp custom.styleeditor.reload.DAMP opt e10s fission stylo webrender,4775519,77,ms,firefox,445809129.0,1838042658,2024-02-03 09:08:28,1371368,,,,,,,,,,,,,,,,,,,,,,,,,,,,,,,,,,,,,,,,,,,,,,,,,TN
1399,234a8e0fb95fc4c3f978bc6c198667481d3115da,0.08065165425961762,autoland,4775609,12,d42f896683fcaa492a6c00f43ebeea3a7281573d,macosx1015-64-shippable-qr,True,False,,,102210fe594ee9b33d82058545b1ed14f4c8206e,custom.styleeditor.reload.DAMP,damp,True,damp custom.styleeditor.reload.DAMP opt e10s fission stylo webrender,4775519,77,ms,firefox,445832262.0,1838144627,2024-02-03 16:51:05,1371417,,,,,,,,,,,,,,,,,,,,,,,,,,,,,,,,,,,,,,,,,,,,,,,,,TN
1400,7a5ad9c8b72b8e9fbc0f63d91a955bff54216958,0.1582100359517591,autoland,4775609,12,d42f896683fcaa492a6c00f43ebeea3a7281573d,macosx1015-64-shippable-qr,True,False,,,102210fe594ee9b33d82058545b1ed14f4c8206e,custom.styleeditor.reload.DAMP,damp,True,damp custom.styleeditor.reload.DAMP opt e10s fission stylo webrender,4775519,77,ms,firefox,445849845.0,1838244541,2024-02-04 01:32:05,1371481,,,,,,,,,,,,,,,,,,,,,,,,,,,,,,,,,,,,,,,,,,,,,,,,,TN
1401,eb281b3fd4660b5e7e7d1e77f7ebe3182c28569d,0.05402077931315391,autoland,4775609,12,d42f896683fcaa492a6c00f43ebeea3a7281573d,macosx1015-64-shippable-qr,True,False,,,102210fe594ee9b33d82058545b1ed14f4c8206e,custom.styleeditor.reload.DAMP,damp,True,damp custom.styleeditor.reload.DAMP opt e10s fission stylo webrender,4775519,77,ms,firefox,445879079.0,1838419431,2024-02-04 11:04:08,1371513,,,,,,,,,,,,,,,,,,,,,,,,,,,,,,,,,,,,,,,,,,,,,,,,,TN
1402,6cb794603d85d30882e94931d5c7cba2c609e8dd,0.06843538736162436,autoland,4775609,12,d42f896683fcaa492a6c00f43ebeea3a7281573d,macosx1015-64-shippable-qr,True,False,,,102210fe594ee9b33d82058545b1ed14f4c8206e,custom.styleeditor.reload.DAMP,damp,True,damp custom.styleeditor.reload.DAMP opt e10s fission stylo webrender,4775519,77,ms,firefox,445890661.0,1838590652,2024-02-04 18:26:12,1371541,,,,,,,,,,,,,,,,,,,,,,,,,,,,,,,,,,,,,,,,,,,,,,,,,TN
1403,778e884de4e5ecb46e2d212a6f5f4a13e465a3a4,0.09004538076151691,autoland,4775609,12,d42f896683fcaa492a6c00f43ebeea3a7281573d,macosx1015-64-shippable-qr,True,False,,,102210fe594ee9b33d82058545b1ed14f4c8206e,custom.styleeditor.reload.DAMP,damp,True,damp custom.styleeditor.reload.DAMP opt e10s fission stylo webrender,4775519,77,ms,firefox,445908288.0,1838664413,2024-02-05 01:14:58,1371575,,,,,,,,,,,,,,,,,,,,,,,,,,,,,,,,,,,,,,,,,,,,,,,,,TN
1404,9ca12d444230411e2168420a584a7f95e90c1f97,0.08114934723054956,autoland,4775609,12,d42f896683fcaa492a6c00f43ebeea3a7281573d,macosx1015-64-shippable-qr,True,False,,,102210fe594ee9b33d82058545b1ed14f4c8206e,custom.styleeditor.reload.DAMP,damp,True,damp custom.styleeditor.reload.DAMP opt e10s fission stylo webrender,4775519,77,ms,firefox,445914368.0,1838688750,2024-02-05 06:38:18,1371605,,,,,,,,,,,,,,,,,,,,,,,,,,,,,,,,,,,,,,,,,,,,,,,,,TN
1405,e026ce62cd3a8700c3c5fb7495521391420d3ef6,0.22343428816251892,autoland,4775609,12,d42f896683fcaa492a6c00f43ebeea3a7281573d,macosx1015-64-shippable-qr,True,False,,,102210fe594ee9b33d82058545b1ed14f4c8206e,custom.styleeditor.reload.DAMP,damp,True,damp custom.styleeditor.reload.DAMP opt e10s fission stylo webrender,4775519,77,ms,firefox,445949915.0,1838814211,2024-02-05 11:13:48,1371747,,,,,,,,,,,,,,,,,,,,,,,,,,,,,,,,,,,,,,,,,,,,,,,,,TN
1406,d67e058935bae8bfad9fb5868b225926a25cb64a,0.09806628251253313,autoland,4775609,12,d42f896683fcaa492a6c00f43ebeea3a7281573d,macosx1015-64-shippable-qr,True,False,,,102210fe594ee9b33d82058545b1ed14f4c8206e,custom.styleeditor.reload.DAMP,damp,True,damp custom.styleeditor.reload.DAMP opt e10s fission stylo webrender,4775519,77,ms,firefox,445987296.0,1838949858,2024-02-05 15:06:21,1371897,,,,,,,,,,,,,,,,,,,,,,,,,,,,,,,,,,,,,,,,,,,,,,,,,TN
1407,9559ddacce7e802c8bda80f0f58d6cfd6cdd2948,0.08194581417927516,autoland,4775609,12,d42f896683fcaa492a6c00f43ebeea3a7281573d,macosx1015-64-shippable-qr,True,False,,,102210fe594ee9b33d82058545b1ed14f4c8206e,custom.styleeditor.reload.DAMP,damp,True,damp custom.styleeditor.reload.DAMP opt e10s fission stylo webrender,4775519,77,ms,firefox,446021523.0,1839038289,2024-02-05 18:46:19,1372136,,,,,,,,,,,,,,,,,,,,,,,,,,,,,,,,,,,,,,,,,,,,,,,,,TN
1408,9f16b642b137c1390a012556c58e9f957a816ef6,0.06136326484368493,autoland,4775609,12,d42f896683fcaa492a6c00f43ebeea3a7281573d,macosx1015-64-shippable-qr,True,False,,,102210fe594ee9b33d82058545b1ed14f4c8206e,custom.styleeditor.reload.DAMP,damp,True,damp custom.styleeditor.reload.DAMP opt e10s fission stylo webrender,4775519,77,ms,firefox,446070500.0,1839234477,2024-02-05 23:26:30,1372325,,,,,,,,,,,,,,,,,,,,,,,,,,,,,,,,,,,,,,,,,,,,,,,,,TN
1409,1995789cfffa08b612d3571d2e8596837f772a49,0.0518219538131896,autoland,4775609,12,d42f896683fcaa492a6c00f43ebeea3a7281573d,macosx1015-64-shippable-qr,True,False,,,102210fe594ee9b33d82058545b1ed14f4c8206e,custom.styleeditor.reload.DAMP,damp,True,damp custom.styleeditor.reload.DAMP opt e10s fission stylo webrender,4775519,77,ms,firefox,446076772.0,1839302590,2024-02-06 03:53:00,1372390,,,,,,,,,,,,,,,,,,,,,,,,,,,,,,,,,,,,,,,,,,,,,,,,,TN
1410,df0b9539f5604a9aefc6916ce6ecf2e52670b78b,0.07603210920566394,autoland,4775609,12,d42f896683fcaa492a6c00f43ebeea3a7281573d,macosx1015-64-shippable-qr,True,False,,,102210fe594ee9b33d82058545b1ed14f4c8206e,custom.styleeditor.reload.DAMP,damp,True,damp custom.styleeditor.reload.DAMP opt e10s fission stylo webrender,4775519,77,ms,firefox,446092931.0,1839456234,2024-02-06 07:31:17,1372455,,,,,,,,,,,,,,,,,,,,,,,,,,,,,,,,,,,,,,,,,,,,,,,,,TN
1411,c48ca61bc9255db0107d377c103a752265b60eb8,0.21028347850585088,autoland,4775609,12,d42f896683fcaa492a6c00f43ebeea3a7281573d,macosx1015-64-shippable-qr,True,False,,,102210fe594ee9b33d82058545b1ed14f4c8206e,custom.styleeditor.reload.DAMP,damp,True,damp custom.styleeditor.reload.DAMP opt e10s fission stylo webrender,4775519,77,ms,firefox,446169565.0,1840155868,2024-02-06 11:44:40,1372588,,,,,,,,,,,,,,,,,,,,,,,,,,,,,,,,,,,,,,,,,,,,,,,,,TN
1412,42d77e7dae4bb4b0a7b4f6b9dd45c88ba835b5d0,0.08417959237959194,autoland,4775609,12,d42f896683fcaa492a6c00f43ebeea3a7281573d,macosx1015-64-shippable-qr,True,False,,,102210fe594ee9b33d82058545b1ed14f4c8206e,custom.styleeditor.reload.DAMP,damp,True,damp custom.styleeditor.reload.DAMP opt e10s fission stylo webrender,4775519,77,ms,firefox,446712136.0,1842033769,2024-02-06 12:16:41,1372602,,,,,,,,,,,,,,,,,,,,,,,,,,,,,,,,,,,,,,,,,,,,,,,,,TN
1413,79b38383448166074627506218757a9881ca5679,0.06650964776314061,autoland,4775609,12,d42f896683fcaa492a6c00f43ebeea3a7281573d,macosx1015-64-shippable-qr,True,False,,,102210fe594ee9b33d82058545b1ed14f4c8206e,custom.styleeditor.reload.DAMP,damp,True,damp custom.styleeditor.reload.DAMP opt e10s fission stylo webrender,4775519,77,ms,firefox,446212696.0,1840183773,2024-02-06 17:15:13,1372809,,,,,,,,,,,,,,,,,,,,,,,,,,,,,,,,,,,,,,,,,,,,,,,,,TN
1414,1f93ea2744765ca11b90874574cc12168d3828a5,0.08667816823573521,autoland,4775609,12,d42f896683fcaa492a6c00f43ebeea3a7281573d,macosx1015-64-shippable-qr,True,False,,,102210fe594ee9b33d82058545b1ed14f4c8206e,custom.styleeditor.reload.DAMP,damp,True,damp custom.styleeditor.reload.DAMP opt e10s fission stylo webrender,4775519,77,ms,firefox,446225835.0,1840190505,2024-02-06 17:24:04,1372818,,,,,,,,,,,,,,,,,,,,,,,,,,,,,,,,,,,,,,,,,,,,,,,,,TN
1415,1d87eb92ed10d04dccab53b631b14010ca09beb6,0.22061336098486878,autoland,4775609,12,d42f896683fcaa492a6c00f43ebeea3a7281573d,macosx1015-64-shippable-qr,True,False,,,102210fe594ee9b33d82058545b1ed14f4c8206e,custom.styleeditor.reload.DAMP,damp,True,damp custom.styleeditor.reload.DAMP opt e10s fission stylo webrender,4775519,77,ms,firefox,446284910.0,1840310407,2024-02-07 04:17:01,1373159,,,,,,,,,,,,,,,,,,,,,,,,,,,,,,,,,,,,,,,,,,,,,,,,,TN
1416,fce00cd55ffb9127f24e7e1d2186178f72429fce,0.0368085131584896,autoland,4775609,12,d42f896683fcaa492a6c00f43ebeea3a7281573d,macosx1015-64-shippable-qr,True,False,,,102210fe594ee9b33d82058545b1ed14f4c8206e,custom.styleeditor.reload.DAMP,damp,True,damp custom.styleeditor.reload.DAMP opt e10s fission stylo webrender,4775519,77,ms,firefox,446285195.0,1840313373,2024-02-07 04:22:59,1373168,,,,,,,,,,,,,,,,,,,,,,,,,,,,,,,,,,,,,,,,,,,,,,,,,TN
1417,df59ba0b3152fb8f6812b413bd2a6869bff469c1,0.10180976603294845,autoland,4775609,12,d42f896683fcaa492a6c00f43ebeea3a7281573d,macosx1015-64-shippable-qr,True,False,,,102210fe594ee9b33d82058545b1ed14f4c8206e,custom.styleeditor.reload.DAMP,damp,True,damp custom.styleeditor.reload.DAMP opt e10s fission stylo webrender,4775519,77,ms,firefox,446303758.0,1840473908,2024-02-07 08:54:39,1373246,,,,,,,,,,,,,,,,,,,,,,,,,,,,,,,,,,,,,,,,,,,,,,,,,TN
1418,ab5b008e36a4742d737a89c8cbfc1a69e2b76456,0.07271885200730355,autoland,4775609,12,d42f896683fcaa492a6c00f43ebeea3a7281573d,macosx1015-64-shippable-qr,True,False,,,102210fe594ee9b33d82058545b1ed14f4c8206e,custom.styleeditor.reload.DAMP,damp,True,damp custom.styleeditor.reload.DAMP opt e10s fission stylo webrender,4775519,77,ms,firefox,446309788.0,1840486465,2024-02-07 09:01:16,1373249,,,,,,,,,,,,,,,,,,,,,,,,,,,,,,,,,,,,,,,,,,,,,,,,,TN
1419,ec34bf3905e43d945effa45ba094092c7355d4b2,0.08247431079097228,autoland,4775609,12,d42f896683fcaa492a6c00f43ebeea3a7281573d,macosx1015-64-shippable-qr,True,False,,,102210fe594ee9b33d82058545b1ed14f4c8206e,custom.styleeditor.reload.DAMP,damp,True,damp custom.styleeditor.reload.DAMP opt e10s fission stylo webrender,4775519,77,ms,firefox,446355739.0,1840539666,2024-02-07 13:03:40,1373380,,,,,,,,,,,,,,,,,,,,,,,,,,,,,,,,,,,,,,,,,,,,,,,,,TN
1420,fdda8b6b095615f06fbef5c21ff9ad0a90927c83,0.10406160668473674,autoland,4775609,12,d42f896683fcaa492a6c00f43ebeea3a7281573d,macosx1015-64-shippable-qr,True,False,,,102210fe594ee9b33d82058545b1ed14f4c8206e,custom.styleeditor.reload.DAMP,damp,True,damp custom.styleeditor.reload.DAMP opt e10s fission stylo webrender,4775519,77,ms,firefox,446394094.0,1840782122,2024-02-07 14:05:10,1373437,,,,,,,,,,,,,,,,,,,,,,,,,,,,,,,,,,,,,,,,,,,,,,,,,TN
1421,fcafc196f2cef3d5c607edaa0f66c96cdf1708d6,0.09458052668110745,autoland,4775609,12,d42f896683fcaa492a6c00f43ebeea3a7281573d,macosx1015-64-shippable-qr,True,False,,,102210fe594ee9b33d82058545b1ed14f4c8206e,custom.styleeditor.reload.DAMP,damp,True,damp custom.styleeditor.reload.DAMP opt e10s fission stylo webrender,4775519,77,ms,firefox,446403750.0,1840799813,2024-02-07 17:25:01,1373622,,,,,,,,,,,,,,,,,,,,,,,,,,,,,,,,,,,,,,,,,,,,,,,,,TN
1422,0eee0e78f83c43165f612c4e7f3f7ff52d665b9c,0.09337299181909342,autoland,4775609,12,d42f896683fcaa492a6c00f43ebeea3a7281573d,macosx1015-64-shippable-qr,True,False,,,102210fe594ee9b33d82058545b1ed14f4c8206e,custom.styleeditor.reload.DAMP,damp,True,damp custom.styleeditor.reload.DAMP opt e10s fission stylo webrender,4775519,77,ms,firefox,446434138.0,1840904482,2024-02-07 21:31:39,1373826,,,,,,,,,,,,,,,,,,,,,,,,,,,,,,,,,,,,,,,,,,,,,,,,,TN
1423,1cb745ef034e9cd65d98c15632e13f5862e7390b,0.07116998788043133,autoland,4775609,12,d42f896683fcaa492a6c00f43ebeea3a7281573d,macosx1015-64-shippable-qr,True,False,,,102210fe594ee9b33d82058545b1ed14f4c8206e,custom.styleeditor.reload.DAMP,damp,True,damp custom.styleeditor.reload.DAMP opt e10s fission stylo webrender,4775519,77,ms,firefox,446435905.0,1840913470,2024-02-07 21:36:53,1373829,,,,,,,,,,,,,,,,,,,,,,,,,,,,,,,,,,,,,,,,,,,,,,,,,TN
1424,0cb1cb869761baae745081466c878e32a7d83888,0.08194027954004429,autoland,4775609,12,d42f896683fcaa492a6c00f43ebeea3a7281573d,macosx1015-64-shippable-qr,True,False,,,102210fe594ee9b33d82058545b1ed14f4c8206e,custom.styleeditor.reload.DAMP,damp,True,damp custom.styleeditor.reload.DAMP opt e10s fission stylo webrender,4775519,77,ms,firefox,446455056.0,1840967898,2024-02-08 01:47:30,1373927,,,,,,,,,,,,,,,,,,,,,,,,,,,,,,,,,,,,,,,,,,,,,,,,,TN
1425,bbcb9c75a4919aa67c2fc1ec689eb69d653990dd,0.08193024642941871,autoland,4775609,12,d42f896683fcaa492a6c00f43ebeea3a7281573d,macosx1015-64-shippable-qr,True,False,,,102210fe594ee9b33d82058545b1ed14f4c8206e,custom.styleeditor.reload.DAMP,damp,True,damp custom.styleeditor.reload.DAMP opt e10s fission stylo webrender,4775519,77,ms,firefox,446457650.0,1840976501,2024-02-08 02:38:53,1373953,,,,,,,,,,,,,,,,,,,,,,,,,,,,,,,,,,,,,,,,,,,,,,,,,TN
1426,344524bd7c755d7d7fcfca1d69503577b07db2b7,0.06340637060846582,autoland,4775609,12,d42f896683fcaa492a6c00f43ebeea3a7281573d,macosx1015-64-shippable-qr,True,False,,,102210fe594ee9b33d82058545b1ed14f4c8206e,custom.styleeditor.reload.DAMP,damp,True,damp custom.styleeditor.reload.DAMP opt e10s fission stylo webrender,4775519,77,ms,firefox,446470832.0,1841058580,2024-02-08 07:03:19,1374007,,,,,,,,,,,,,,,,,,,,,,,,,,,,,,,,,,,,,,,,,,,,,,,,,TN
1427,286029e09b16d8910d7110864541cdb9d4b84681,0.10277048944535172,autoland,4775609,12,d42f896683fcaa492a6c00f43ebeea3a7281573d,macosx1015-64-shippable-qr,True,False,,,102210fe594ee9b33d82058545b1ed14f4c8206e,custom.styleeditor.reload.DAMP,damp,True,damp custom.styleeditor.reload.DAMP opt e10s fission stylo webrender,4775519,77,ms,firefox,446540352.0,1841322506,2024-02-08 14:56:42,1374192,,,,,,,,,,,,,,,,,,,,,,,,,,,,,,,,,,,,,,,,,,,,,,,,,TN
1428,8b424277a5065ea04bc1818e9ba12a8b24c12008,0.083700022746649,autoland,4775609,12,d42f896683fcaa492a6c00f43ebeea3a7281573d,macosx1015-64-shippable-qr,True,False,,,102210fe594ee9b33d82058545b1ed14f4c8206e,custom.styleeditor.reload.DAMP,damp,True,damp custom.styleeditor.reload.DAMP opt e10s fission stylo webrender,4775519,77,ms,firefox,446600793.0,1841600639,2024-02-08 22:41:03,1374550,,,,,,,,,,,,,,,,,,,,,,,,,,,,,,,,,,,,,,,,,,,,,,,,,TN
1429,ba6c8f006d21287c25440f5141e3eead45bd9f96,0.22383573820025687,autoland,4775609,12,d42f896683fcaa492a6c00f43ebeea3a7281573d,macosx1015-64-shippable-qr,True,False,,,102210fe594ee9b33d82058545b1ed14f4c8206e,custom.styleeditor.reload.DAMP,damp,True,damp custom.styleeditor.reload.DAMP opt e10s fission stylo webrender,4775519,77,ms,firefox,446597973.0,1841571676,2024-02-08 23:27:55,1374577,,,,,,,,,,,,,,,,,,,,,,,,,,,,,,,,,,,,,,,,,,,,,,,,,TN
1430,cfafa1a1bdded5e6c956260432539b9d769a74b7,0.04821867164551624,autoland,4775609,12,d42f896683fcaa492a6c00f43ebeea3a7281573d,macosx1015-64-shippable-qr,True,False,,,102210fe594ee9b33d82058545b1ed14f4c8206e,custom.styleeditor.reload.DAMP,damp,True,damp custom.styleeditor.reload.DAMP opt e10s fission stylo webrender,4775519,77,ms,firefox,446631354.0,1841718434,2024-02-08 23:39:28,1374587,,,,,,,,,,,,,,,,,,,,,,,,,,,,,,,,,,,,,,,,,,,,,,,,,TN
1431,7ae707f4ae6dc958a4f690a92d47662a1aa77a1c,0.08292507616472272,autoland,4775609,12,d42f896683fcaa492a6c00f43ebeea3a7281573d,macosx1015-64-shippable-qr,True,False,,,102210fe594ee9b33d82058545b1ed14f4c8206e,custom.styleeditor.reload.DAMP,damp,True,damp custom.styleeditor.reload.DAMP opt e10s fission stylo webrender,4775519,77,ms,firefox,446632353.0,1841727161,2024-02-08 23:49:30,1374595,,,,,,,,,,,,,,,,,,,,,,,,,,,,,,,,,,,,,,,,,,,,,,,,,TN
1432,b17a56f7d0a828b62b52f572c8237345bf64786f,0.1713814532260154,autoland,4775609,12,d42f896683fcaa492a6c00f43ebeea3a7281573d,macosx1015-64-shippable-qr,True,False,,,102210fe594ee9b33d82058545b1ed14f4c8206e,custom.styleeditor.reload.DAMP,damp,True,damp custom.styleeditor.reload.DAMP opt e10s fission stylo webrender,4775519,77,ms,firefox,446618246.0,1841649485,2024-02-09 04:08:21,1374660,,,,,,,,,,,,,,,,,,,,,,,,,,,,,,,,,,,,,,,,,,,,,,,,,TN
1433,7b81e807e547afd0cca0453e9697e58369ae5e92,0.11054632954842508,autoland,4775609,12,d42f896683fcaa492a6c00f43ebeea3a7281573d,macosx1015-64-shippable-qr,True,False,,,102210fe594ee9b33d82058545b1ed14f4c8206e,custom.styleeditor.reload.DAMP,damp,True,damp custom.styleeditor.reload.DAMP opt e10s fission stylo webrender,4775519,77,ms,firefox,446638972.0,1841762369,2024-02-09 08:27:03,1374718,,,,,,,,,,,,,,,,,,,,,,,,,,,,,,,,,,,,,,,,,,,,,,,,,TN
1434,045e453bba33077fb8d5641ca3706f3785ce14f5,0.07582109902793122,autoland,4775609,12,d42f896683fcaa492a6c00f43ebeea3a7281573d,macosx1015-64-shippable-qr,True,False,,,102210fe594ee9b33d82058545b1ed14f4c8206e,custom.styleeditor.reload.DAMP,damp,True,damp custom.styleeditor.reload.DAMP opt e10s fission stylo webrender,4775519,77,ms,firefox,446683428.0,1841904905,2024-02-09 11:56:29,1374806,,,,,,,,,,,,,,,,,,,,,,,,,,,,,,,,,,,,,,,,,,,,,,,,,TN
1435,193e6982f5a17f0fa7cced978df3079f87e4ad99,0.10712183871759406,autoland,4775609,12,d42f896683fcaa492a6c00f43ebeea3a7281573d,macosx1015-64-shippable-qr,True,False,,,102210fe594ee9b33d82058545b1ed14f4c8206e,custom.styleeditor.reload.DAMP,damp,True,damp custom.styleeditor.reload.DAMP opt e10s fission stylo webrender,4775519,77,ms,firefox,446725908.0,1842068119,2024-02-09 16:09:01,1374959,,,,,,,,,,,,,,,,,,,,,,,,,,,,,,,,,,,,,,,,,,,,,,,,,TN
1436,39d76f98160905dab2a294ece0e03ee8ba5ba4cc,0.07647660820490698,autoland,4775609,12,d42f896683fcaa492a6c00f43ebeea3a7281573d,macosx1015-64-shippable-qr,True,False,,,102210fe594ee9b33d82058545b1ed14f4c8206e,custom.styleeditor.reload.DAMP,damp,True,damp custom.styleeditor.reload.DAMP opt e10s fission stylo webrender,4775519,77,ms,firefox,446734526.0,1842087372,2024-02-09 17:06:42,1375009,,,,,,,,,,,,,,,,,,,,,,,,,,,,,,,,,,,,,,,,,,,,,,,,,TN
1437,0fb5f3212fd93e901bed6bb19bd8b63339869991,0.06098001932594205,autoland,4775609,12,d42f896683fcaa492a6c00f43ebeea3a7281573d,macosx1015-64-shippable-qr,True,False,,,102210fe594ee9b33d82058545b1ed14f4c8206e,custom.styleeditor.reload.DAMP,damp,True,damp custom.styleeditor.reload.DAMP opt e10s fission stylo webrender,4775519,77,ms,firefox,446777743.0,1842242780,2024-02-09 21:47:15,1375247,,,,,,,,,,,,,,,,,,,,,,,,,,,,,,,,,,,,,,,,,,,,,,,,,TN
1438,20876ae07c4b760464125773aa45200a98f34159,0.07548444321464909,autoland,4775609,12,d42f896683fcaa492a6c00f43ebeea3a7281573d,macosx1015-64-shippable-qr,True,False,,,102210fe594ee9b33d82058545b1ed14f4c8206e,custom.styleeditor.reload.DAMP,damp,True,damp custom.styleeditor.reload.DAMP opt e10s fission stylo webrender,4775519,77,ms,firefox,446787481.0,1842292109,2024-02-10 07:03:30,1375365,,,,,,,,,,,,,,,,,,,,,,,,,,,,,,,,,,,,,,,,,,,,,,,,,TN
1439,b09350ff8440d3ef5d3ac2b811bfe9a5d243196a,0.21246760238036777,autoland,4775609,12,d42f896683fcaa492a6c00f43ebeea3a7281573d,macosx1015-64-shippable-qr,True,False,,,102210fe594ee9b33d82058545b1ed14f4c8206e,custom.styleeditor.reload.DAMP,damp,True,damp custom.styleeditor.reload.DAMP opt e10s fission stylo webrender,4775519,77,ms,firefox,446810530.0,1842358187,2024-02-10 13:47:16,1375389,,,,,,,,,,,,,,,,,,,,,,,,,,,,,,,,,,,,,,,,,,,,,,,,,TN
1440,f6690a5e6ceef6b384dc31d4485e790a4935508a,0.06554270734373052,autoland,4775609,12,d42f896683fcaa492a6c00f43ebeea3a7281573d,macosx1015-64-shippable-qr,True,False,,,102210fe594ee9b33d82058545b1ed14f4c8206e,custom.styleeditor.reload.DAMP,damp,True,damp custom.styleeditor.reload.DAMP opt e10s fission stylo webrender,4775519,77,ms,firefox,446820352.0,1842399248,2024-02-10 17:58:32,1375417,,,,,,,,,,,,,,,,,,,,,,,,,,,,,,,,,,,,,,,,,,,,,,,,,TN
1441,f92c77fccb76549171ecc809818a26b1eb883b43,0.04674067723014036,autoland,4775609,12,d42f896683fcaa492a6c00f43ebeea3a7281573d,macosx1015-64-shippable-qr,True,False,,,102210fe594ee9b33d82058545b1ed14f4c8206e,custom.styleeditor.reload.DAMP,damp,True,damp custom.styleeditor.reload.DAMP opt e10s fission stylo webrender,4775519,77,ms,firefox,446840211.0,1842465466,2024-02-11 02:31:23,1375439,,,,,,,,,,,,,,,,,,,,,,,,,,,,,,,,,,,,,,,,,,,,,,,,,TN
1442,13676fc9b0cd8461cb9863d3a2d1b9a696a9c0f5,0.09986722888668431,autoland,4775609,12,d42f896683fcaa492a6c00f43ebeea3a7281573d,macosx1015-64-shippable-qr,True,False,,,102210fe594ee9b33d82058545b1ed14f4c8206e,custom.styleeditor.reload.DAMP,damp,True,damp custom.styleeditor.reload.DAMP opt e10s fission stylo webrender,4775519,77,ms,firefox,446873178.0,1842606424,2024-02-11 15:25:51,1375518,,,,,,,,,,,,,,,,,,,,,,,,,,,,,,,,,,,,,,,,,,,,,,,,,TN
1443,cab51450b6bd71ade4db0f49831f7e402b375b45,0.07276901262368718,autoland,4775609,12,d42f896683fcaa492a6c00f43ebeea3a7281573d,macosx1015-64-shippable-qr,True,False,,,102210fe594ee9b33d82058545b1ed14f4c8206e,custom.styleeditor.reload.DAMP,damp,True,damp custom.styleeditor.reload.DAMP opt e10s fission stylo webrender,4775519,77,ms,firefox,446945351.0,1842915867,2024-02-12 15:53:07,1375888,,,,,,,,,,,,,,,,,,,,,,,,,,,,,,,,,,,,,,,,,,,,,,,,,TN
1444,37ec3180a6cbce3bb2544f9a16b4ded4657c6eb6,0.04960035511034683,autoland,4775609,12,d42f896683fcaa492a6c00f43ebeea3a7281573d,macosx1015-64-shippable-qr,True,False,,,102210fe594ee9b33d82058545b1ed14f4c8206e,custom.styleeditor.reload.DAMP,damp,True,damp custom.styleeditor.reload.DAMP opt e10s fission stylo webrender,4775519,77,ms,firefox,446977478.0,1843043542,2024-02-12 20:04:04,1376093,,,,,,,,,,,,,,,,,,,,,,,,,,,,,,,,,,,,,,,,,,,,,,,,,TN
1445,995a3050d70cb954214be8710caa54a1794745ec,0.09325579514768001,autoland,4775609,12,d42f896683fcaa492a6c00f43ebeea3a7281573d,macosx1015-64-shippable-qr,True,False,,,102210fe594ee9b33d82058545b1ed14f4c8206e,custom.styleeditor.reload.DAMP,damp,True,damp custom.styleeditor.reload.DAMP opt e10s fission stylo webrender,4775519,77,ms,firefox,446983828.0,1843048070,2024-02-12 20:15:07,1376103,,,,,,,,,,,,,,,,,,,,,,,,,,,,,,,,,,,,,,,,,,,,,,,,,TN
1446,b316bafe790ef37c5585cadd21f6a2c8ebd749b9,0.06421962029476286,autoland,4775609,12,d42f896683fcaa492a6c00f43ebeea3a7281573d,macosx1015-64-shippable-qr,True,False,,,102210fe594ee9b33d82058545b1ed14f4c8206e,custom.styleeditor.reload.DAMP,damp,True,damp custom.styleeditor.reload.DAMP opt e10s fission stylo webrender,4775519,77,ms,firefox,447021885.0,1843111476,2024-02-13 00:22:17,1376256,,,,,,,,,,,,,,,,,,,,,,,,,,,,,,,,,,,,,,,,,,,,,,,,,TN
1447,52fc8e3041c5f42dfa50438336b110a9a5e77f2b,0.1514229681983582,autoland,4775609,12,d42f896683fcaa492a6c00f43ebeea3a7281573d,macosx1015-64-shippable-qr,True,False,,,102210fe594ee9b33d82058545b1ed14f4c8206e,custom.styleeditor.reload.DAMP,damp,True,damp custom.styleeditor.reload.DAMP opt e10s fission stylo webrender,4775519,77,ms,firefox,447030587.0,1843144318,2024-02-13 02:51:29,1376298,,,,,,,,,,,,,,,,,,,,,,,,,,,,,,,,,,,,,,,,,,,,,,,,,TN
1448,5f6ad5b21119b4bbef2bc6c9153e0f7329c20ebe,0.095724577750112,autoland,4775609,12,d42f896683fcaa492a6c00f43ebeea3a7281573d,macosx1015-64-shippable-qr,True,False,,,102210fe594ee9b33d82058545b1ed14f4c8206e,custom.styleeditor.reload.DAMP,damp,True,damp custom.styleeditor.reload.DAMP opt e10s fission stylo webrender,4775519,77,ms,firefox,447059527.0,1843294423,2024-02-13 06:57:28,1376370,,,,,,,,,,,,,,,,,,,,,,,,,,,,,,,,,,,,,,,,,,,,,,,,,TN
1449,c5320acccd4a760b0ae41149fcdd8fe44b658ee7,0.10225746404272279,autoland,4775609,12,d42f896683fcaa492a6c00f43ebeea3a7281573d,macosx1015-64-shippable-qr,True,False,,,102210fe594ee9b33d82058545b1ed14f4c8206e,custom.styleeditor.reload.DAMP,damp,True,damp custom.styleeditor.reload.DAMP opt e10s fission stylo webrender,4775519,77,ms,firefox,447087896.0,1843384305,2024-02-13 09:49:45,1376447,,,,,,,,,,,,,,,,,,,,,,,,,,,,,,,,,,,,,,,,,,,,,,,,,TN
1450,0d474eb34652f4c47a16b6d83012c0f2e026dc00,0.09270235426251655,autoland,4775609,12,d42f896683fcaa492a6c00f43ebeea3a7281573d,macosx1015-64-shippable-qr,True,False,,,102210fe594ee9b33d82058545b1ed14f4c8206e,custom.styleeditor.reload.DAMP,damp,True,damp custom.styleeditor.reload.DAMP opt e10s fission stylo webrender,4775519,77,ms,firefox,447110848.0,1843462932,2024-02-13 13:45:34,1376559,,,,,,,,,,,,,,,,,,,,,,,,,,,,,,,,,,,,,,,,,,,,,,,,,TN
1451,17329a53b9f9a20247103958883a0ce7c42af78d,0.08363401298596879,autoland,4775609,12,d42f896683fcaa492a6c00f43ebeea3a7281573d,macosx1015-64-shippable-qr,True,False,,,102210fe594ee9b33d82058545b1ed14f4c8206e,custom.styleeditor.reload.DAMP,damp,True,damp custom.styleeditor.reload.DAMP opt e10s fission stylo webrender,4775519,77,ms,firefox,447151332.0,1843620280,2024-02-13 16:46:39,1376703,,,,,,,,,,,,,,,,,,,,,,,,,,,,,,,,,,,,,,,,,,,,,,,,,TN
1452,4a18caac75720f24abc9063ce8df5fa6b7948aa4,0.09385101625098169,autoland,4775609,12,d42f896683fcaa492a6c00f43ebeea3a7281573d,macosx1015-64-shippable-qr,True,False,,,102210fe594ee9b33d82058545b1ed14f4c8206e,custom.styleeditor.reload.DAMP,damp,True,damp custom.styleeditor.reload.DAMP opt e10s fission stylo webrender,4775519,77,ms,firefox,447194423.0,1843735722,2024-02-14 00:47:09,1376921,,,,,,,,,,,,,,,,,,,,,,,,,,,,,,,,,,,,,,,,,,,,,,,,,TN
1453,aaaa3f2b8fed9e159a8b08e4263034e9a051be71,0.1123330476761007,autoland,4775609,12,d42f896683fcaa492a6c00f43ebeea3a7281573d,macosx1015-64-shippable-qr,True,False,,,102210fe594ee9b33d82058545b1ed14f4c8206e,custom.styleeditor.reload.DAMP,damp,True,damp custom.styleeditor.reload.DAMP opt e10s fission stylo webrender,4775519,77,ms,firefox,447197758.0,1843754114,2024-02-14 01:35:59,1376937,,,,,,,,,,,,,,,,,,,,,,,,,,,,,,,,,,,,,,,,,,,,,,,,,TN
1454,1b24ea8c2e7e02f00bd61e8cd672da76b16c42a6,0.09408173939846265,autoland,4775609,12,d42f896683fcaa492a6c00f43ebeea3a7281573d,macosx1015-64-shippable-qr,True,False,,,102210fe594ee9b33d82058545b1ed14f4c8206e,custom.styleeditor.reload.DAMP,damp,True,damp custom.styleeditor.reload.DAMP opt e10s fission stylo webrender,4775519,77,ms,firefox,447218905.0,1843833599,2024-02-14 05:55:05,1376972,,,,,,,,,,,,,,,,,,,,,,,,,,,,,,,,,,,,,,,,,,,,,,,,,TN
1455,dca10aca1871edfdba5107bc7766982b186d7f2c,0.11468876785645782,autoland,4775609,12,d42f896683fcaa492a6c00f43ebeea3a7281573d,macosx1015-64-shippable-qr,True,False,,,102210fe594ee9b33d82058545b1ed14f4c8206e,custom.styleeditor.reload.DAMP,damp,True,damp custom.styleeditor.reload.DAMP opt e10s fission stylo webrender,4775519,77,ms,firefox,447276471.0,1844007860,2024-02-14 15:32:04,1377071,,,,,,,,,,,,,,,,,,,,,,,,,,,,,,,,,,,,,,,,,,,,,,,,,TN
1456,2ea0fda6ec6ed02a530a3a4bb67fabb0d14d403f,0.19887136232530733,autoland,4775609,12,d42f896683fcaa492a6c00f43ebeea3a7281573d,macosx1015-64-shippable-qr,True,False,,,102210fe594ee9b33d82058545b1ed14f4c8206e,custom.styleeditor.reload.DAMP,damp,True,damp custom.styleeditor.reload.DAMP opt e10s fission stylo webrender,4775519,77,ms,firefox,447281781.0,1844025405,2024-02-14 15:37:30,1377078,,,,,,,,,,,,,,,,,,,,,,,,,,,,,,,,,,,,,,,,,,,,,,,,,TN
1457,b0b34dab81d56b5e5ee526c9f44e926db4b27dce,0.1011779938211011,autoland,4775609,12,d42f896683fcaa492a6c00f43ebeea3a7281573d,macosx1015-64-shippable-qr,True,False,,,102210fe594ee9b33d82058545b1ed14f4c8206e,custom.styleeditor.reload.DAMP,damp,True,damp custom.styleeditor.reload.DAMP opt e10s fission stylo webrender,4775519,77,ms,firefox,447311782.0,1844089506,2024-02-14 20:39:05,1377195,,,,,,,,,,,,,,,,,,,,,,,,,,,,,,,,,,,,,,,,,,,,,,,,,TN
1458,981afc9a696a12b7e873eae165925138a2726efe,0.0878668880670011,autoland,4775609,12,d42f896683fcaa492a6c00f43ebeea3a7281573d,macosx1015-64-shippable-qr,True,False,,,102210fe594ee9b33d82058545b1ed14f4c8206e,custom.styleeditor.reload.DAMP,damp,True,damp custom.styleeditor.reload.DAMP opt e10s fission stylo webrender,4775519,77,ms,firefox,447333092.0,1844166077,2024-02-15 00:51:05,1377256,,,,,,,,,,,,,,,,,,,,,,,,,,,,,,,,,,,,,,,,,,,,,,,,,TN
1459,aa5fc411278d3beae081682cb31a2167257d3aed,0.06234861054406554,autoland,4775609,12,d42f896683fcaa492a6c00f43ebeea3a7281573d,macosx1015-64-shippable-qr,True,False,,,102210fe594ee9b33d82058545b1ed14f4c8206e,custom.styleeditor.reload.DAMP,damp,True,damp custom.styleeditor.reload.DAMP opt e10s fission stylo webrender,4775519,77,ms,firefox,447348627.0,1844233248,2024-02-15 04:52:31,1377304,,,,,,,,,,,,,,,,,,,,,,,,,,,,,,,,,,,,,,,,,,,,,,,,,TN
1460,2b4e9ee6225f1183da45d24404e72f48e3803f08,0.07394953855594766,autoland,4775609,12,d42f896683fcaa492a6c00f43ebeea3a7281573d,macosx1015-64-shippable-qr,True,False,,,102210fe594ee9b33d82058545b1ed14f4c8206e,custom.styleeditor.reload.DAMP,damp,True,damp custom.styleeditor.reload.DAMP opt e10s fission stylo webrender,4775519,77,ms,firefox,447395309.0,1844412020,2024-02-15 12:49:34,1377375,,,,,,,,,,,,,,,,,,,,,,,,,,,,,,,,,,,,,,,,,,,,,,,,,TN
1461,dbe553dd13b79a3c4821f203f3adca31fe71cc56,0.16242888683843548,autoland,4775609,12,d42f896683fcaa492a6c00f43ebeea3a7281573d,macosx1015-64-shippable-qr,True,False,,,102210fe594ee9b33d82058545b1ed14f4c8206e,custom.styleeditor.reload.DAMP,damp,True,damp custom.styleeditor.reload.DAMP opt e10s fission stylo webrender,4775519,77,ms,firefox,447407685.0,1844449121,2024-02-15 16:23:45,1377427,,,,,,,,,,,,,,,,,,,,,,,,,,,,,,,,,,,,,,,,,,,,,,,,,TN
1462,02d5bc9805676f9a22f3cef50c86ddc38e7534d9,0.13216922266198167,autoland,4775609,12,d42f896683fcaa492a6c00f43ebeea3a7281573d,macosx1015-64-shippable-qr,True,False,,,102210fe594ee9b33d82058545b1ed14f4c8206e,custom.styleeditor.reload.DAMP,damp,True,damp custom.styleeditor.reload.DAMP opt e10s fission stylo webrender,4775519,77,ms,firefox,447431650.0,1844571050,2024-02-15 20:44:46,1377493,,,,,,,,,,,,,,,,,,,,,,,,,,,,,,,,,,,,,,,,,,,,,,,,,TN
1463,798af36e79586239c3954fe06796d9a27a353b92,0.07103283524171905,autoland,4775609,12,d42f896683fcaa492a6c00f43ebeea3a7281573d,macosx1015-64-shippable-qr,True,False,,,102210fe594ee9b33d82058545b1ed14f4c8206e,custom.styleeditor.reload.DAMP,damp,True,damp custom.styleeditor.reload.DAMP opt e10s fission stylo webrender,4775519,77,ms,firefox,447437226.0,1844591463,2024-02-15 22:19:13,1377518,,,,,,,,,,,,,,,,,,,,,,,,,,,,,,,,,,,,,,,,,,,,,,,,,TN
1464,861d200fe3e761e23bbb6ce556446725fb01cd43,0.08933285602399565,autoland,4775609,12,d42f896683fcaa492a6c00f43ebeea3a7281573d,macosx1015-64-shippable-qr,True,False,,,102210fe594ee9b33d82058545b1ed14f4c8206e,custom.styleeditor.reload.DAMP,damp,True,damp custom.styleeditor.reload.DAMP opt e10s fission stylo webrender,4775519,77,ms,firefox,447487474.0,1844735814,2024-02-16 06:24:45,1378006,,,,,,,,,,,,,,,,,,,,,,,,,,,,,,,,,,,,,,,,,,,,,,,,,TN
1465,313b43f262a908e7e012c7d19f326345a0863bae,0.09639920693896259,autoland,4775609,12,d42f896683fcaa492a6c00f43ebeea3a7281573d,macosx1015-64-shippable-qr,True,False,,,102210fe594ee9b33d82058545b1ed14f4c8206e,custom.styleeditor.reload.DAMP,damp,True,damp custom.styleeditor.reload.DAMP opt e10s fission stylo webrender,4775519,77,ms,firefox,447521194.0,1844826719,2024-02-16 14:55:53,1378386,,,,,,,,,,,,,,,,,,,,,,,,,,,,,,,,,,,,,,,,,,,,,,,,,TN
1466,2af34b4c9adf8c8defd3251b569af9c38cc0a429,0.08901956308030312,autoland,4775609,12,d42f896683fcaa492a6c00f43ebeea3a7281573d,macosx1015-64-shippable-qr,True,False,,,102210fe594ee9b33d82058545b1ed14f4c8206e,custom.styleeditor.reload.DAMP,damp,True,damp custom.styleeditor.reload.DAMP opt e10s fission stylo webrender,4775519,77,ms,firefox,447564897.0,1845027475,2024-02-17 16:55:38,1378583,,,,,,,,,,,,,,,,,,,,,,,,,,,,,,,,,,,,,,,,,,,,,,,,,TN
1467,fcdb3e9046c67688b2a5b8aeb6451b081b3b52ea,0.11677818247978267,autoland,4775609,12,d42f896683fcaa492a6c00f43ebeea3a7281573d,macosx1015-64-shippable-qr,True,False,,,102210fe594ee9b33d82058545b1ed14f4c8206e,custom.styleeditor.reload.DAMP,damp,True,damp custom.styleeditor.reload.DAMP opt e10s fission stylo webrender,4775519,77,ms,firefox,447595188.0,1845195322,2024-02-19 03:31:58,1378717,,,,,,,,,,,,,,,,,,,,,,,,,,,,,,,,,,,,,,,,,,,,,,,,,TN
1468,1dcfa194ad7d005175d431adf6ee3b93c00fb453,0.11633396542348923,autoland,4775609,12,d42f896683fcaa492a6c00f43ebeea3a7281573d,macosx1015-64-shippable-qr,True,False,,,102210fe594ee9b33d82058545b1ed14f4c8206e,custom.styleeditor.reload.DAMP,damp,True,damp custom.styleeditor.reload.DAMP opt e10s fission stylo webrender,4775519,77,ms,firefox,447623797.0,1845360366,2024-02-19 10:14:02,1378796,,,,,,,,,,,,,,,,,,,,,,,,,,,,,,,,,,,,,,,,,,,,,,,,,TN
1469,ac4ab326e785a5ad42ce51b54749c2bcce394916,0.08383777437703166,autoland,4775609,12,d42f896683fcaa492a6c00f43ebeea3a7281573d,macosx1015-64-shippable-qr,True,False,,,102210fe594ee9b33d82058545b1ed14f4c8206e,custom.styleeditor.reload.DAMP,damp,True,damp custom.styleeditor.reload.DAMP opt e10s fission stylo webrender,4775519,77,ms,firefox,447641364.0,1845381468,2024-02-19 12:40:02,1378838,,,,,,,,,,,,,,,,,,,,,,,,,,,,,,,,,,,,,,,,,,,,,,,,,TN
1470,bef8b1b461b8524917fc01cd866e903290b1d7f6,0.10552222485615836,autoland,4775609,12,d42f896683fcaa492a6c00f43ebeea3a7281573d,macosx1015-64-shippable-qr,True,False,,,102210fe594ee9b33d82058545b1ed14f4c8206e,custom.styleeditor.reload.DAMP,damp,True,damp custom.styleeditor.reload.DAMP opt e10s fission stylo webrender,4775519,77,ms,firefox,447667320.0,1845440509,2024-02-19 16:50:13,1378949,,,,,,,,,,,,,,,,,,,,,,,,,,,,,,,,,,,,,,,,,,,,,,,,,TN
1471,2f43b0ae1352efb25f67ffe4f86884c0eb959adb,0.05052258069122506,autoland,4775609,12,d42f896683fcaa492a6c00f43ebeea3a7281573d,macosx1015-64-shippable-qr,True,False,,,102210fe594ee9b33d82058545b1ed14f4c8206e,custom.styleeditor.reload.DAMP,damp,True,damp custom.styleeditor.reload.DAMP opt e10s fission stylo webrender,4775519,77,ms,firefox,447690237.0,1845538127,2024-02-19 20:56:27,1379008,,,,,,,,,,,,,,,,,,,,,,,,,,,,,,,,,,,,,,,,,,,,,,,,,TN
1472,e9309553f817fa164bde4c229fe12ae51207bed9,0.053327397077121474,autoland,4775609,12,d42f896683fcaa492a6c00f43ebeea3a7281573d,macosx1015-64-shippable-qr,True,False,,,102210fe594ee9b33d82058545b1ed14f4c8206e,custom.styleeditor.reload.DAMP,damp,True,damp custom.styleeditor.reload.DAMP opt e10s fission stylo webrender,4775519,77,ms,firefox,447698471.0,1845547309,2024-02-19 22:19:49,1379038,,,,,,,,,,,,,,,,,,,,,,,,,,,,,,,,,,,,,,,,,,,,,,,,,TN
1473,ad2add2f3c608b924436c34684c1a775130e74ce,0.08517636664374817,autoland,4775609,12,d42f896683fcaa492a6c00f43ebeea3a7281573d,macosx1015-64-shippable-qr,True,False,,,102210fe594ee9b33d82058545b1ed14f4c8206e,custom.styleeditor.reload.DAMP,damp,True,damp custom.styleeditor.reload.DAMP opt e10s fission stylo webrender,4775519,77,ms,firefox,447714005.0,1845617674,2024-02-20 03:01:00,1379095,,,,,,,,,,,,,,,,,,,,,,,,,,,,,,,,,,,,,,,,,,,,,,,,,TN
1474,cc3c4937fb69e80b552b61a4f2dfd1405b518d89,0.06915761444788215,autoland,4775609,12,d42f896683fcaa492a6c00f43ebeea3a7281573d,macosx1015-64-shippable-qr,True,False,,,102210fe594ee9b33d82058545b1ed14f4c8206e,custom.styleeditor.reload.DAMP,damp,True,damp custom.styleeditor.reload.DAMP opt e10s fission stylo webrender,4775519,77,ms,firefox,447728184.0,1845700323,2024-02-20 09:01:06,1379152,,,,,,,,,,,,,,,,,,,,,,,,,,,,,,,,,,,,,,,,,,,,,,,,,TN
1475,0465723cfb4ca46ccf93d696eb564093a1d9f2e6,0.15588160883823837,autoland,4775609,12,d42f896683fcaa492a6c00f43ebeea3a7281573d,macosx1015-64-shippable-qr,True,False,,,102210fe594ee9b33d82058545b1ed14f4c8206e,custom.styleeditor.reload.DAMP,damp,True,damp custom.styleeditor.reload.DAMP opt e10s fission stylo webrender,4775519,77,ms,firefox,447779491.0,1845906223,2024-02-20 16:46:59,1379390,,,,,,,,,,,,,,,,,,,,,,,,,,,,,,,,,,,,,,,,,,,,,,,,,TN
1476,53f7baad39fc2408bc5c1ab6df97372a395730a4,0.06122001148569939,autoland,4775609,12,d42f896683fcaa492a6c00f43ebeea3a7281573d,macosx1015-64-shippable-qr,True,False,,,102210fe594ee9b33d82058545b1ed14f4c8206e,custom.styleeditor.reload.DAMP,damp,True,damp custom.styleeditor.reload.DAMP opt e10s fission stylo webrender,4775519,77,ms,firefox,447800660.0,1845968632,2024-02-20 20:06:07,1379528,,,,,,,,,,,,,,,,,,,,,,,,,,,,,,,,,,,,,,,,,,,,,,,,,TN
1477,05e1180d2aa04a8882ff66dfaeeb0705694f7a61,0.07048033562921358,autoland,4775609,12,d42f896683fcaa492a6c00f43ebeea3a7281573d,macosx1015-64-shippable-qr,True,False,,,102210fe594ee9b33d82058545b1ed14f4c8206e,custom.styleeditor.reload.DAMP,damp,True,damp custom.styleeditor.reload.DAMP opt e10s fission stylo webrender,4775519,77,ms,firefox,447830934.0,1846053470,2024-02-21 00:08:41,1379609,,,,,,,,,,,,,,,,,,,,,,,,,,,,,,,,,,,,,,,,,,,,,,,,,TN
1478,119078d182dd2557cd70eb6933abc1ecfb499edd,0.048312399581602605,autoland,4775609,12,d42f896683fcaa492a6c00f43ebeea3a7281573d,macosx1015-64-shippable-qr,True,False,,,102210fe594ee9b33d82058545b1ed14f4c8206e,custom.styleeditor.reload.DAMP,damp,True,damp custom.styleeditor.reload.DAMP opt e10s fission stylo webrender,4775519,77,ms,firefox,447833212.0,1846076772,2024-02-21 00:41:01,1379618,,,,,,,,,,,,,,,,,,,,,,,,,,,,,,,,,,,,,,,,,,,,,,,,,TN
1479,714d9f89093457451e3881a56b2477e958b70fe0,0.06123642012771807,autoland,4775609,12,d42f896683fcaa492a6c00f43ebeea3a7281573d,macosx1015-64-shippable-qr,True,False,,,102210fe594ee9b33d82058545b1ed14f4c8206e,custom.styleeditor.reload.DAMP,damp,True,damp custom.styleeditor.reload.DAMP opt e10s fission stylo webrender,4775519,77,ms,firefox,447856860.0,1846178144,2024-02-21 05:21:04,1379764,,,,,,,,,,,,,,,,,,,,,,,,,,,,,,,,,,,,,,,,,,,,,,,,,TN
1480,764b93d1a22891bddaaec4e5f73836957d938bac,0.08925908021552453,autoland,4775609,12,d42f896683fcaa492a6c00f43ebeea3a7281573d,macosx1015-64-shippable-qr,True,False,,,102210fe594ee9b33d82058545b1ed14f4c8206e,custom.styleeditor.reload.DAMP,damp,True,damp custom.styleeditor.reload.DAMP opt e10s fission stylo webrender,4775519,77,ms,firefox,447879651.0,1846272194,2024-02-21 10:11:10,1379832,,,,,,,,,,,,,,,,,,,,,,,,,,,,,,,,,,,,,,,,,,,,,,,,,TN
1481,24ffc625c71e9cb6e20c48936ac06da6ec066694,0.07337041453122745,autoland,4775609,12,d42f896683fcaa492a6c00f43ebeea3a7281573d,macosx1015-64-shippable-qr,True,False,,,102210fe594ee9b33d82058545b1ed14f4c8206e,custom.styleeditor.reload.DAMP,damp,True,damp custom.styleeditor.reload.DAMP opt e10s fission stylo webrender,4775519,77,ms,firefox,447878265.0,1846253375,2024-02-21 10:22:21,1379838,,,,,,,,,,,,,,,,,,,,,,,,,,,,,,,,,,,,,,,,,,,,,,,,,TN
1482,799f79fdcedba2bbccee86179c8b547894a16162,0.07944781098550274,autoland,4775609,12,d42f896683fcaa492a6c00f43ebeea3a7281573d,macosx1015-64-shippable-qr,True,False,,,102210fe594ee9b33d82058545b1ed14f4c8206e,custom.styleeditor.reload.DAMP,damp,True,damp custom.styleeditor.reload.DAMP opt e10s fission stylo webrender,4775519,77,ms,firefox,447914553.0,1846390521,2024-02-21 14:24:58,1379926,,,,,,,,,,,,,,,,,,,,,,,,,,,,,,,,,,,,,,,,,,,,,,,,,TN
1483,f8dd4015fa59fee3a1a74c00cd2393a9578e49f0,0.07970568513127263,autoland,4775609,12,d42f896683fcaa492a6c00f43ebeea3a7281573d,macosx1015-64-shippable-qr,True,False,,,102210fe594ee9b33d82058545b1ed14f4c8206e,custom.styleeditor.reload.DAMP,damp,True,damp custom.styleeditor.reload.DAMP opt e10s fission stylo webrender,4775519,77,ms,firefox,447924479.0,1846439371,2024-02-21 15:14:56,1379958,,,,,,,,,,,,,,,,,,,,,,,,,,,,,,,,,,,,,,,,,,,,,,,,,TN
1484,bec4dc4bd9ce0a51dab009936bc838963e3f16b3,0.08329590083302507,autoland,4775609,12,d42f896683fcaa492a6c00f43ebeea3a7281573d,macosx1015-64-shippable-qr,True,False,,,102210fe594ee9b33d82058545b1ed14f4c8206e,custom.styleeditor.reload.DAMP,damp,True,damp custom.styleeditor.reload.DAMP opt e10s fission stylo webrender,4775519,77,ms,firefox,447998652.0,1846844465,2024-02-21 20:37:48,1380197,,,,,,,,,,,,,,,,,,,,,,,,,,,,,,,,,,,,,,,,,,,,,,,,,TN
1485,31b9ef95a482db91c24a809eb6a64f2c0d7f8f9d,0.09901186712331933,autoland,4775609,12,d42f896683fcaa492a6c00f43ebeea3a7281573d,macosx1015-64-shippable-qr,True,False,,,102210fe594ee9b33d82058545b1ed14f4c8206e,custom.styleeditor.reload.DAMP,damp,True,damp custom.styleeditor.reload.DAMP opt e10s fission stylo webrender,4775519,77,ms,firefox,447995775.0,1846820257,2024-02-21 20:47:55,1380210,,,,,,,,,,,,,,,,,,,,,,,,,,,,,,,,,,,,,,,,,,,,,,,,,TN
1486,445c60e096fe3cdc8b7169881875c476febfe082,0.04253370140838253,autoland,4775609,12,d42f896683fcaa492a6c00f43ebeea3a7281573d,macosx1015-64-shippable-qr,True,False,,,102210fe594ee9b33d82058545b1ed14f4c8206e,custom.styleeditor.reload.DAMP,damp,True,damp custom.styleeditor.reload.DAMP opt e10s fission stylo webrender,4775519,77,ms,firefox,447997237.0,1846824574,2024-02-22 00:49:41,1380338,,,,,,,,,,,,,,,,,,,,,,,,,,,,,,,,,,,,,,,,,,,,,,,,,TN
1487,093d37f32ef033aa168508e96b9ec2e753850ccc,0.0632044758553914,autoland,4775609,12,d42f896683fcaa492a6c00f43ebeea3a7281573d,macosx1015-64-shippable-qr,True,False,,,102210fe594ee9b33d82058545b1ed14f4c8206e,custom.styleeditor.reload.DAMP,damp,True,damp custom.styleeditor.reload.DAMP opt e10s fission stylo webrender,4775519,77,ms,firefox,447997575.0,1846828391,2024-02-22 02:03:24,1380373,,,,,,,,,,,,,,,,,,,,,,,,,,,,,,,,,,,,,,,,,,,,,,,,,TN
1488,e32e8effe8493ec71ad7a3b2b043f7742905b2be,0.07900019306072154,autoland,4775609,12,d42f896683fcaa492a6c00f43ebeea3a7281573d,macosx1015-64-shippable-qr,True,False,,,102210fe594ee9b33d82058545b1ed14f4c8206e,custom.styleeditor.reload.DAMP,damp,True,damp custom.styleeditor.reload.DAMP opt e10s fission stylo webrender,4775519,77,ms,firefox,448016862.0,1846935621,2024-02-22 06:55:22,1380445,,,,,,,,,,,,,,,,,,,,,,,,,,,,,,,,,,,,,,,,,,,,,,,,,TN
1489,836800665817ebbf328952caef8477f135630733,0.158928789763933,autoland,4775609,12,d42f896683fcaa492a6c00f43ebeea3a7281573d,macosx1015-64-shippable-qr,True,False,,,102210fe594ee9b33d82058545b1ed14f4c8206e,custom.styleeditor.reload.DAMP,damp,True,damp custom.styleeditor.reload.DAMP opt e10s fission stylo webrender,4775519,77,ms,firefox,448059318.0,1847110564,2024-02-22 08:58:43,1380488,,,,,,,,,,,,,,,,,,,,,,,,,,,,,,,,,,,,,,,,,,,,,,,,,TN
1490,583b3985eb0c0410cf6ebaf8e2f5c576185726c5,0.06404631697234137,autoland,4775609,12,d42f896683fcaa492a6c00f43ebeea3a7281573d,macosx1015-64-shippable-qr,True,False,,,102210fe594ee9b33d82058545b1ed14f4c8206e,custom.styleeditor.reload.DAMP,damp,True,damp custom.styleeditor.reload.DAMP opt e10s fission stylo webrender,4775519,77,ms,firefox,448084741.0,1847210928,2024-02-22 12:54:00,1380594,,,,,,,,,,,,,,,,,,,,,,,,,,,,,,,,,,,,,,,,,,,,,,,,,TN
1491,51ea0932b27ba455533226277e6c6deeb38a8fd4,0.07703931700528605,autoland,4775609,12,d42f896683fcaa492a6c00f43ebeea3a7281573d,macosx1015-64-shippable-qr,True,False,,,102210fe594ee9b33d82058545b1ed14f4c8206e,custom.styleeditor.reload.DAMP,damp,True,damp custom.styleeditor.reload.DAMP opt e10s fission stylo webrender,4775519,77,ms,firefox,448103423.0,1847278480,2024-02-22 16:54:14,1380794,,,,,,,,,,,,,,,,,,,,,,,,,,,,,,,,,,,,,,,,,,,,,,,,,TN
1492,aac0a57bd987ca0633e2f48ca37f8564344749b9,0.057408282956326384,autoland,4775609,12,d42f896683fcaa492a6c00f43ebeea3a7281573d,macosx1015-64-shippable-qr,True,False,,,102210fe594ee9b33d82058545b1ed14f4c8206e,custom.styleeditor.reload.DAMP,damp,True,damp custom.styleeditor.reload.DAMP opt e10s fission stylo webrender,4775519,77,ms,firefox,448106387.0,1847290391,2024-02-22 17:17:40,1380806,,,,,,,,,,,,,,,,,,,,,,,,,,,,,,,,,,,,,,,,,,,,,,,,,TN
1493,1b60bca1b546c120891a0263bcdf7757d75178bc,0.09394387806264104,autoland,4775609,12,d42f896683fcaa492a6c00f43ebeea3a7281573d,macosx1015-64-shippable-qr,True,False,,,102210fe594ee9b33d82058545b1ed14f4c8206e,custom.styleeditor.reload.DAMP,damp,True,damp custom.styleeditor.reload.DAMP opt e10s fission stylo webrender,4775519,77,ms,firefox,448152628.0,1847464364,2024-02-22 21:59:43,1380998,,,,,,,,,,,,,,,,,,,,,,,,,,,,,,,,,,,,,,,,,,,,,,,,,TN
1494,3157eece201c15988ff693f9746bc767ad633fa8,0.043017393223069966,autoland,4775609,12,d42f896683fcaa492a6c00f43ebeea3a7281573d,macosx1015-64-shippable-qr,True,False,,,102210fe594ee9b33d82058545b1ed14f4c8206e,custom.styleeditor.reload.DAMP,damp,True,damp custom.styleeditor.reload.DAMP opt e10s fission stylo webrender,4775519,77,ms,firefox,448151668.0,1847455361,2024-02-22 22:05:44,1381007,,,,,,,,,,,,,,,,,,,,,,,,,,,,,,,,,,,,,,,,,,,,,,,,,TN
1495,90d2dd7d6b48918404ecc4906e62fa106b4238a9,0.05361732660269103,autoland,4775609,12,d42f896683fcaa492a6c00f43ebeea3a7281573d,macosx1015-64-shippable-qr,True,False,,,102210fe594ee9b33d82058545b1ed14f4c8206e,custom.styleeditor.reload.DAMP,damp,True,damp custom.styleeditor.reload.DAMP opt e10s fission stylo webrender,4775519,77,ms,firefox,448165459.0,1847533770,2024-02-23 03:42:44,1381156,,,,,,,,,,,,,,,,,,,,,,,,,,,,,,,,,,,,,,,,,,,,,,,,,TN
1496,21d2a36f8f072b9b57adbeb73eca449f62093ca3,0.07430291676879319,autoland,4775609,12,d42f896683fcaa492a6c00f43ebeea3a7281573d,macosx1015-64-shippable-qr,True,False,,,102210fe594ee9b33d82058545b1ed14f4c8206e,custom.styleeditor.reload.DAMP,damp,True,damp custom.styleeditor.reload.DAMP opt e10s fission stylo webrender,4775519,77,ms,firefox,448174559.0,1847608253,2024-02-23 07:23:44,1381206,,,,,,,,,,,,,,,,,,,,,,,,,,,,,,,,,,,,,,,,,,,,,,,,,TN
1497,75e12d12d89c2d79200c0057830f9e0c37f973f5,0.1031067728086772,autoland,4775609,12,d42f896683fcaa492a6c00f43ebeea3a7281573d,macosx1015-64-shippable-qr,True,False,,,102210fe594ee9b33d82058545b1ed14f4c8206e,custom.styleeditor.reload.DAMP,damp,True,damp custom.styleeditor.reload.DAMP opt e10s fission stylo webrender,4775519,77,ms,firefox,448217030.0,1847751861,2024-02-23 12:03:57,1381319,,,,,,,,,,,,,,,,,,,,,,,,,,,,,,,,,,,,,,,,,,,,,,,,,TN
1498,e2c67ce1b79f08538c8f70b2089d860802aa289e,0.07281442189763293,autoland,4775609,12,d42f896683fcaa492a6c00f43ebeea3a7281573d,macosx1015-64-shippable-qr,True,False,,,102210fe594ee9b33d82058545b1ed14f4c8206e,custom.styleeditor.reload.DAMP,damp,True,damp custom.styleeditor.reload.DAMP opt e10s fission stylo webrender,4775519,77,ms,firefox,448240915.0,1847852940,2024-02-23 15:17:21,1381416,,,,,,,,,,,,,,,,,,,,,,,,,,,,,,,,,,,,,,,,,,,,,,,,,TN
1499,dccf526bcc0afbf9f7abd33abff453ced5a76335,0.08494114612192127,autoland,4775609,12,d42f896683fcaa492a6c00f43ebeea3a7281573d,macosx1015-64-shippable-qr,True,False,,,102210fe594ee9b33d82058545b1ed14f4c8206e,custom.styleeditor.reload.DAMP,damp,True,damp custom.styleeditor.reload.DAMP opt e10s fission stylo webrender,4775519,77,ms,firefox,448262166.0,1847954851,2024-02-23 18:14:32,1381598,,,,,,,,,,,,,,,,,,,,,,,,,,,,,,,,,,,,,,,,,,,,,,,,,TN
1500,8c239bb8c3fa84633497932b3d3a1d566f9e7581,0.09113675292584211,autoland,4775609,12,d42f896683fcaa492a6c00f43ebeea3a7281573d,macosx1015-64-shippable-qr,True,False,,,102210fe594ee9b33d82058545b1ed14f4c8206e,custom.styleeditor.reload.DAMP,damp,True,damp custom.styleeditor.reload.DAMP opt e10s fission stylo webrender,4775519,77,ms,firefox,448298569.0,1848079742,2024-02-23 22:24:23,1381790,,,,,,,,,,,,,,,,,,,,,,,,,,,,,,,,,,,,,,,,,,,,,,,,,TN
1501,fc1f91bbfd85565b6b9a06155b3d750dc17812f0,0.11317247033671124,autoland,4775609,12,d42f896683fcaa492a6c00f43ebeea3a7281573d,macosx1015-64-shippable-qr,True,False,,,102210fe594ee9b33d82058545b1ed14f4c8206e,custom.styleeditor.reload.DAMP,damp,True,damp custom.styleeditor.reload.DAMP opt e10s fission stylo webrender,4775519,77,ms,firefox,448301434.0,1848090500,2024-02-23 22:37:13,1381800,,,,,,,,,,,,,,,,,,,,,,,,,,,,,,,,,,,,,,,,,,,,,,,,,TN
1502,504cbf2189790d36f74d4fc454949d0c55a40c37,0.08630891345223085,autoland,4775609,12,d42f896683fcaa492a6c00f43ebeea3a7281573d,macosx1015-64-shippable-qr,True,False,,,102210fe594ee9b33d82058545b1ed14f4c8206e,custom.styleeditor.reload.DAMP,damp,True,damp custom.styleeditor.reload.DAMP opt e10s fission stylo webrender,4775519,77,ms,firefox,448316003.0,1848151256,2024-02-24 03:17:09,1381876,,,,,,,,,,,,,,,,,,,,,,,,,,,,,,,,,,,,,,,,,,,,,,,,,TN
1503,f571738470f98e8161bf79b269e333053dca32c4,0.09381843044540428,autoland,4775609,12,d42f896683fcaa492a6c00f43ebeea3a7281573d,macosx1015-64-shippable-qr,True,False,,,102210fe594ee9b33d82058545b1ed14f4c8206e,custom.styleeditor.reload.DAMP,damp,True,damp custom.styleeditor.reload.DAMP opt e10s fission stylo webrender,4775519,77,ms,firefox,448326779.0,1848222639,2024-02-24 08:59:15,1381906,,,,,,,,,,,,,,,,,,,,,,,,,,,,,,,,,,,,,,,,,,,,,,,,,TN
1504,fb873ef9e164e2ac423d266870ce82445945de97,0.08930657937801822,autoland,4775609,12,d42f896683fcaa492a6c00f43ebeea3a7281573d,macosx1015-64-shippable-qr,True,False,,,102210fe594ee9b33d82058545b1ed14f4c8206e,custom.styleeditor.reload.DAMP,damp,True,damp custom.styleeditor.reload.DAMP opt e10s fission stylo webrender,4775519,77,ms,firefox,448353469.0,1848311890,2024-02-24 18:15:08,1381948,,,,,,,,,,,,,,,,,,,,,,,,,,,,,,,,,,,,,,,,,,,,,,,,,TN
1505,fedd91b7af1e6b3c4a7d6f58b8bce94d55eb9d74,0.06774301715821601,autoland,4775609,12,d42f896683fcaa492a6c00f43ebeea3a7281573d,macosx1015-64-shippable-qr,True,False,,,102210fe594ee9b33d82058545b1ed14f4c8206e,custom.styleeditor.reload.DAMP,damp,True,damp custom.styleeditor.reload.DAMP opt e10s fission stylo webrender,4775519,77,ms,firefox,448374629.0,1848373698,2024-02-25 01:06:55,1381999,,,,,,,,,,,,,,,,,,,,,,,,,,,,,,,,,,,,,,,,,,,,,,,,,TN
1506,689cf8cf7e6b9b9ee5e599a77325de05487a5eed,0.07699783024918,autoland,4775609,12,d42f896683fcaa492a6c00f43ebeea3a7281573d,macosx1015-64-shippable-qr,True,False,,,102210fe594ee9b33d82058545b1ed14f4c8206e,custom.styleeditor.reload.DAMP,damp,True,damp custom.styleeditor.reload.DAMP opt e10s fission stylo webrender,4775519,77,ms,firefox,448412750.0,1848501089,2024-02-26 01:39:06,1382090,,,,,,,,,,,,,,,,,,,,,,,,,,,,,,,,,,,,,,,,,,,,,,,,,TN
1507,8268ce246a04145ed6598e99b5d061a4e1ee3ca6,0.07825520099948369,autoland,4775609,12,d42f896683fcaa492a6c00f43ebeea3a7281573d,macosx1015-64-shippable-qr,True,False,,,102210fe594ee9b33d82058545b1ed14f4c8206e,custom.styleeditor.reload.DAMP,damp,True,damp custom.styleeditor.reload.DAMP opt e10s fission stylo webrender,4775519,77,ms,firefox,448449297.0,1848647484,2024-02-26 10:31:50,1382207,,,,,,,,,,,,,,,,,,,,,,,,,,,,,,,,,,,,,,,,,,,,,,,,,TN
1508,a5c1fbe78e431fe4a1db712f75edb33f6fd668e4,0.13422188651285621,autoland,4775609,12,d42f896683fcaa492a6c00f43ebeea3a7281573d,macosx1015-64-shippable-qr,True,False,,,102210fe594ee9b33d82058545b1ed14f4c8206e,custom.styleeditor.reload.DAMP,damp,True,damp custom.styleeditor.reload.DAMP opt e10s fission stylo webrender,4775519,77,ms,firefox,448486069.0,1848734827,2024-02-26 14:40:18,1382307,,,,,,,,,,,,,,,,,,,,,,,,,,,,,,,,,,,,,,,,,,,,,,,,,TN
1509,621c8480cd3562f3f61966b4219a0335ce72f698,0.09250204310740628,autoland,4775609,12,d42f896683fcaa492a6c00f43ebeea3a7281573d,macosx1015-64-shippable-qr,True,False,,,102210fe594ee9b33d82058545b1ed14f4c8206e,custom.styleeditor.reload.DAMP,damp,True,damp custom.styleeditor.reload.DAMP opt e10s fission stylo webrender,4775519,77,ms,firefox,448487738.0,1848749927,2024-02-26 15:06:28,1382323,,,,,,,,,,,,,,,,,,,,,,,,,,,,,,,,,,,,,,,,,,,,,,,,,TN
1510,b26d4c8d5e44cc544e259f32a62382902af6f7ff,0.12703779917572894,autoland,4775609,12,d42f896683fcaa492a6c00f43ebeea3a7281573d,macosx1015-64-shippable-qr,True,False,,,102210fe594ee9b33d82058545b1ed14f4c8206e,custom.styleeditor.reload.DAMP,damp,True,damp custom.styleeditor.reload.DAMP opt e10s fission stylo webrender,4775519,77,ms,firefox,448511749.0,1848873693,2024-02-26 18:24:43,1382496,,,,,,,,,,,,,,,,,,,,,,,,,,,,,,,,,,,,,,,,,,,,,,,,,TN
1511,2bd01d77bc4d2a1ad705bb1ecb8e793864a737ee,0.2234425967037016,autoland,4775609,12,d42f896683fcaa492a6c00f43ebeea3a7281573d,macosx1015-64-shippable-qr,True,False,,,102210fe594ee9b33d82058545b1ed14f4c8206e,custom.styleeditor.reload.DAMP,damp,True,damp custom.styleeditor.reload.DAMP opt e10s fission stylo webrender,4775519,77,ms,firefox,448544227.0,1848974391,2024-02-26 22:27:48,1382641,,,,,,,,,,,,,,,,,,,,,,,,,,,,,,,,,,,,,,,,,,,,,,,,,TN
1512,9fbcc8f23c0b7543b9146f0d90dd58ce36d32898,0.06002569722573986,autoland,4775609,12,d42f896683fcaa492a6c00f43ebeea3a7281573d,macosx1015-64-shippable-qr,True,False,,,102210fe594ee9b33d82058545b1ed14f4c8206e,custom.styleeditor.reload.DAMP,damp,True,damp custom.styleeditor.reload.DAMP opt e10s fission stylo webrender,4775519,77,ms,firefox,448546433.0,1848978826,2024-02-26 22:53:03,1382666,,,,,,,,,,,,,,,,,,,,,,,,,,,,,,,,,,,,,,,,,,,,,,,,,TN
1513,74094dc4022c8437eb87a7e25bf6433fb07a7fbb,0.20950148060705798,autoland,4775609,12,d42f896683fcaa492a6c00f43ebeea3a7281573d,macosx1015-64-shippable-qr,True,False,,,102210fe594ee9b33d82058545b1ed14f4c8206e,custom.styleeditor.reload.DAMP,damp,True,damp custom.styleeditor.reload.DAMP opt e10s fission stylo webrender,4775519,77,ms,firefox,448581479.0,1849174766,2024-02-27 03:06:58,1382765,,,,,,,,,,,,,,,,,,,,,,,,,,,,,,,,,,,,,,,,,,,,,,,,,TN
1514,f0fd4d27a58991220e91d1c086442a03b0a52117,0.08421530862977228,autoland,4775609,12,d42f896683fcaa492a6c00f43ebeea3a7281573d,macosx1015-64-shippable-qr,True,False,,,102210fe594ee9b33d82058545b1ed14f4c8206e,custom.styleeditor.reload.DAMP,damp,True,damp custom.styleeditor.reload.DAMP opt e10s fission stylo webrender,4775519,77,ms,firefox,448621655.0,1849352309,2024-02-27 10:31:28,1382887,,,,,,,,,,,,,,,,,,,,,,,,,,,,,,,,,,,,,,,,,,,,,,,,,TN
1515,32acc4e2db50b53733cfcf554a308ccc986925b5,0.10368553699955613,autoland,4775609,12,d42f896683fcaa492a6c00f43ebeea3a7281573d,macosx1015-64-shippable-qr,True,False,,,102210fe594ee9b33d82058545b1ed14f4c8206e,custom.styleeditor.reload.DAMP,damp,True,damp custom.styleeditor.reload.DAMP opt e10s fission stylo webrender,4775519,77,ms,firefox,448639450.0,1849401670,2024-02-27 13:59:53,1383025,,,,,,,,,,,,,,,,,,,,,,,,,,,,,,,,,,,,,,,,,,,,,,,,,TN
1516,149f61eecb69d6cf570be79260785c5b4a42e516,0.21454316778949611,autoland,4775609,12,d42f896683fcaa492a6c00f43ebeea3a7281573d,macosx1015-64-shippable-qr,True,False,,,102210fe594ee9b33d82058545b1ed14f4c8206e,custom.styleeditor.reload.DAMP,damp,True,damp custom.styleeditor.reload.DAMP opt e10s fission stylo webrender,4775519,77,ms,firefox,448676245.0,1849544448,2024-02-27 19:00:03,1383277,,,,,,,,,,,,,,,,,,,,,,,,,,,,,,,,,,,,,,,,,,,,,,,,,TN
1517,06645f775e47ea71f6dfa2daff5411ab31c5a629,0.10674575641629602,autoland,4775609,12,d42f896683fcaa492a6c00f43ebeea3a7281573d,macosx1015-64-shippable-qr,True,False,,,102210fe594ee9b33d82058545b1ed14f4c8206e,custom.styleeditor.reload.DAMP,damp,True,damp custom.styleeditor.reload.DAMP opt e10s fission stylo webrender,4775519,77,ms,firefox,448704147.0,1849635677,2024-02-27 23:02:29,1383416,,,,,,,,,,,,,,,,,,,,,,,,,,,,,,,,,,,,,,,,,,,,,,,,,TN
1518,c2895c7db175458e315a65fd8d5e9385e60a76d3,0.0844904043348575,autoland,4775609,12,d42f896683fcaa492a6c00f43ebeea3a7281573d,macosx1015-64-shippable-qr,True,False,,,102210fe594ee9b33d82058545b1ed14f4c8206e,custom.styleeditor.reload.DAMP,damp,True,damp custom.styleeditor.reload.DAMP opt e10s fission stylo webrender,4775519,77,ms,firefox,448704558.0,1849651873,2024-02-27 23:18:10,1383436,,,,,,,,,,,,,,,,,,,,,,,,,,,,,,,,,,,,,,,,,,,,,,,,,TN
1519,41ceb034dc709c821d837a321d2c5fb944bd4231,0.09357222292418638,autoland,4775609,12,d42f896683fcaa492a6c00f43ebeea3a7281573d,macosx1015-64-shippable-qr,True,False,,,102210fe594ee9b33d82058545b1ed14f4c8206e,custom.styleeditor.reload.DAMP,damp,True,damp custom.styleeditor.reload.DAMP opt e10s fission stylo webrender,4775519,77,ms,firefox,448725708.0,1849762420,2024-02-28 03:31:31,1383545,,,,,,,,,,,,,,,,,,,,,,,,,,,,,,,,,,,,,,,,,,,,,,,,,TN
1520,710f48d1638d076913089bfa3978b6a1efc1d842,0.06753449564829744,autoland,4775609,12,d42f896683fcaa492a6c00f43ebeea3a7281573d,macosx1015-64-shippable-qr,True,False,,,102210fe594ee9b33d82058545b1ed14f4c8206e,custom.styleeditor.reload.DAMP,damp,True,damp custom.styleeditor.reload.DAMP opt e10s fission stylo webrender,4775519,77,ms,firefox,448750378.0,1849847050,2024-02-28 07:34:11,1383600,,,,,,,,,,,,,,,,,,,,,,,,,,,,,,,,,,,,,,,,,,,,,,,,,TN
1521,85f3a9a2a4155f207064d78c57f79611f7332287,0.2270559114334692,autoland,4775609,12,d42f896683fcaa492a6c00f43ebeea3a7281573d,macosx1015-64-shippable-qr,True,False,,,102210fe594ee9b33d82058545b1ed14f4c8206e,custom.styleeditor.reload.DAMP,damp,True,damp custom.styleeditor.reload.DAMP opt e10s fission stylo webrender,4775519,77,ms,firefox,448761879.0,1849913718,2024-02-28 08:18:18,1383612,,,,,,,,,,,,,,,,,,,,,,,,,,,,,,,,,,,,,,,,,,,,,,,,,TN
1522,2356949f5c6d9a4f229d012051bac51b3eb83aec,0.0500172664836705,autoland,4775609,12,d42f896683fcaa492a6c00f43ebeea3a7281573d,macosx1015-64-shippable-qr,True,False,,,102210fe594ee9b33d82058545b1ed14f4c8206e,custom.styleeditor.reload.DAMP,damp,True,damp custom.styleeditor.reload.DAMP opt e10s fission stylo webrender,4775519,77,ms,firefox,448798514.0,1849997450,2024-02-28 12:53:19,1383715,,,,,,,,,,,,,,,,,,,,,,,,,,,,,,,,,,,,,,,,,,,,,,,,,TN
1523,6583cb878dec05576053eaa9368a4eb5bbbbbedc,0.1067485539049085,autoland,4775609,12,d42f896683fcaa492a6c00f43ebeea3a7281573d,macosx1015-64-shippable-qr,True,False,,,102210fe594ee9b33d82058545b1ed14f4c8206e,custom.styleeditor.reload.DAMP,damp,True,damp custom.styleeditor.reload.DAMP opt e10s fission stylo webrender,4775519,77,ms,firefox,448800250.0,1850008076,2024-02-28 14:06:22,1383751,,,,,,,,,,,,,,,,,,,,,,,,,,,,,,,,,,,,,,,,,,,,,,,,,TN
1524,32ca524f7abf0664a2f0d882868c3e913297f446,0.07207190533956842,autoland,4775609,12,d42f896683fcaa492a6c00f43ebeea3a7281573d,macosx1015-64-shippable-qr,True,False,,,102210fe594ee9b33d82058545b1ed14f4c8206e,custom.styleeditor.reload.DAMP,damp,True,damp custom.styleeditor.reload.DAMP opt e10s fission stylo webrender,4775519,77,ms,firefox,448822208.0,1850106010,2024-02-28 17:56:27,1383890,,,,,,,,,,,,,,,,,,,,,,,,,,,,,,,,,,,,,,,,,,,,,,,,,TN
1525,da466faa7aee60bdeeca32b0767a1f0b9b964272,0.060827106404338305,autoland,4775609,12,d42f896683fcaa492a6c00f43ebeea3a7281573d,macosx1015-64-shippable-qr,True,False,,,102210fe594ee9b33d82058545b1ed14f4c8206e,custom.styleeditor.reload.DAMP,damp,True,damp custom.styleeditor.reload.DAMP opt e10s fission stylo webrender,4775519,77,ms,firefox,448877853.0,1850277993,2024-02-28 20:42:42,1384009,,,,,,,,,,,,,,,,,,,,,,,,,,,,,,,,,,,,,,,,,,,,,,,,,TN
1526,cbef4527f79aadfe5c4dd940effe9b01df8734b1,0.1527753186237687,autoland,4775609,12,d42f896683fcaa492a6c00f43ebeea3a7281573d,macosx1015-64-shippable-qr,True,False,,,102210fe594ee9b33d82058545b1ed14f4c8206e,custom.styleeditor.reload.DAMP,damp,True,damp custom.styleeditor.reload.DAMP opt e10s fission stylo webrender,4775519,77,ms,firefox,448899541.0,1850369784,2024-02-29 00:51:41,1384174,,,,,,,,,,,,,,,,,,,,,,,,,,,,,,,,,,,,,,,,,,,,,,,,,TN
1527,f21a5f54b6ecffa5b49d4944c32c752ea622e3c6,0.08099041367461979,autoland,4775609,12,d42f896683fcaa492a6c00f43ebeea3a7281573d,macosx1015-64-shippable-qr,True,False,,,102210fe594ee9b33d82058545b1ed14f4c8206e,custom.styleeditor.reload.DAMP,damp,True,damp custom.styleeditor.reload.DAMP opt e10s fission stylo webrender,4775519,77,ms,firefox,448900489.0,1850370979,2024-02-29 01:20:40,1384182,,,,,,,,,,,,,,,,,,,,,,,,,,,,,,,,,,,,,,,,,,,,,,,,,TN
1528,bb7b045d24f7773df5e27742496f2c0bb95d780f,0.22450031069182325,autoland,4775609,12,d42f896683fcaa492a6c00f43ebeea3a7281573d,macosx1015-64-shippable-qr,True,False,,,102210fe594ee9b33d82058545b1ed14f4c8206e,custom.styleeditor.reload.DAMP,damp,True,damp custom.styleeditor.reload.DAMP opt e10s fission stylo webrender,4775519,77,ms,firefox,448922249.0,1850481655,2024-02-29 06:49:17,1384273,,,,,,,,,,,,,,,,,,,,,,,,,,,,,,,,,,,,,,,,,,,,,,,,,TN
1529,fbb087d5e5b8af76523b084cba81dc1be84c7fb4,0.10964314828265548,autoland,4775609,12,d42f896683fcaa492a6c00f43ebeea3a7281573d,macosx1015-64-shippable-qr,True,False,,,102210fe594ee9b33d82058545b1ed14f4c8206e,custom.styleeditor.reload.DAMP,damp,True,damp custom.styleeditor.reload.DAMP opt e10s fission stylo webrender,4775519,77,ms,firefox,448945366.0,1850619044,2024-02-29 10:50:05,1384399,,,,,,,,,,,,,,,,,,,,,,,,,,,,,,,,,,,,,,,,,,,,,,,,,TN
1530,42781edfbf79030ca8e6f7c1584ebfc2bd31935c,0.16483996986694,autoland,4775609,12,d42f896683fcaa492a6c00f43ebeea3a7281573d,macosx1015-64-shippable-qr,True,False,,,102210fe594ee9b33d82058545b1ed14f4c8206e,custom.styleeditor.reload.DAMP,damp,True,damp custom.styleeditor.reload.DAMP opt e10s fission stylo webrender,4775519,77,ms,firefox,448964717.0,1850713733,2024-02-29 13:22:41,1384414,,,,,,,,,,,,,,,,,,,,,,,,,,,,,,,,,,,,,,,,,,,,,,,,,TN
1531,4b82553ad6abc0079d2d7a0642c099ca93d1d156,0.10107785415083553,autoland,4775609,12,d42f896683fcaa492a6c00f43ebeea3a7281573d,macosx1015-64-shippable-qr,True,False,,,102210fe594ee9b33d82058545b1ed14f4c8206e,custom.styleeditor.reload.DAMP,damp,True,damp custom.styleeditor.reload.DAMP opt e10s fission stylo webrender,4775519,77,ms,firefox,449032604.0,1850991685,2024-02-29 17:24:54,1384673,,,,,,,,,,,,,,,,,,,,,,,,,,,,,,,,,,,,,,,,,,,,,,,,,TN
1532,636cf8095a0f42555363480bc387b9a5aad03efe,0.11116335680118311,autoland,4775609,12,d42f896683fcaa492a6c00f43ebeea3a7281573d,macosx1015-64-shippable-qr,True,False,,,102210fe594ee9b33d82058545b1ed14f4c8206e,custom.styleeditor.reload.DAMP,damp,True,damp custom.styleeditor.reload.DAMP opt e10s fission stylo webrender,4775519,77,ms,firefox,449032728.0,1850998892,2024-02-29 17:36:34,1384681,,,,,,,,,,,,,,,,,,,,,,,,,,,,,,,,,,,,,,,,,,,,,,,,,TN
1533,1a461feeeb4e7725855a242023e45625b9bddae4,0.07167887738812961,autoland,4775609,12,d42f896683fcaa492a6c00f43ebeea3a7281573d,macosx1015-64-shippable-qr,True,False,,,102210fe594ee9b33d82058545b1ed14f4c8206e,custom.styleeditor.reload.DAMP,damp,True,damp custom.styleeditor.reload.DAMP opt e10s fission stylo webrender,4775519,77,ms,firefox,449036639.0,1851020959,2024-02-29 21:50:05,1384804,,,,,,,,,,,,,,,,,,,,,,,,,,,,,,,,,,,,,,,,,,,,,,,,,TN
1534,415f94176c1508d1acb91186346a42009b378ca7,0.1173015574932127,autoland,4775609,12,d42f896683fcaa492a6c00f43ebeea3a7281573d,macosx1015-64-shippable-qr,True,False,,,102210fe594ee9b33d82058545b1ed14f4c8206e,custom.styleeditor.reload.DAMP,damp,True,damp custom.styleeditor.reload.DAMP opt e10s fission stylo webrender,4775519,77,ms,firefox,449039570.0,1851023064,2024-02-29 21:57:41,1384812,,,,,,,,,,,,,,,,,,,,,,,,,,,,,,,,,,,,,,,,,,,,,,,,,TN
1535,3ed1cc3830b2bb116e2875dedadc6ea20235768a,0.0995936646694956,autoland,4775609,12,d42f896683fcaa492a6c00f43ebeea3a7281573d,macosx1015-64-shippable-qr,True,False,,,102210fe594ee9b33d82058545b1ed14f4c8206e,custom.styleeditor.reload.DAMP,damp,True,damp custom.styleeditor.reload.DAMP opt e10s fission stylo webrender,4775519,77,ms,firefox,449055612.0,1851114934,2024-03-01 02:06:20,1385033,,,,,,,,,,,,,,,,,,,,,,,,,,,,,,,,,,,,,,,,,,,,,,,,,TN
1536,c726403b9a5aaed84563fd210952c3858369c756,0.10802858595854825,autoland,4775609,12,d42f896683fcaa492a6c00f43ebeea3a7281573d,macosx1015-64-shippable-qr,True,False,,,102210fe594ee9b33d82058545b1ed14f4c8206e,custom.styleeditor.reload.DAMP,damp,True,damp custom.styleeditor.reload.DAMP opt e10s fission stylo webrender,4775519,77,ms,firefox,449055527.0,1851113243,2024-03-01 02:09:48,1385038,,,,,,,,,,,,,,,,,,,,,,,,,,,,,,,,,,,,,,,,,,,,,,,,,TN
1537,b921bb1aee11c101ece321f78bcc56942889bac9,0.12795151216331874,autoland,4775609,12,d42f896683fcaa492a6c00f43ebeea3a7281573d,macosx1015-64-shippable-qr,True,False,,,102210fe594ee9b33d82058545b1ed14f4c8206e,custom.styleeditor.reload.DAMP,damp,True,damp custom.styleeditor.reload.DAMP opt e10s fission stylo webrender,4775519,77,ms,firefox,449097254.0,1851287415,2024-03-01 11:09:10,1385336,,,,,,,,,,,,,,,,,,,,,,,,,,,,,,,,,,,,,,,,,,,,,,,,,TN
1538,ab2f491c1f6a1907e3cd7de371a27940c1b7ae66,0.06102449665223497,autoland,4775609,12,d42f896683fcaa492a6c00f43ebeea3a7281573d,macosx1015-64-shippable-qr,True,False,,,102210fe594ee9b33d82058545b1ed14f4c8206e,custom.styleeditor.reload.DAMP,damp,True,damp custom.styleeditor.reload.DAMP opt e10s fission stylo webrender,4775519,77,ms,firefox,449144181.0,1851417076,2024-03-01 15:15:21,1385464,,,,,,,,,,,,,,,,,,,,,,,,,,,,,,,,,,,,,,,,,,,,,,,,,TN
1539,179ceb82c9e5e6619e0a43e7c9a8682bff1f55ac,0.06100009432362702,autoland,4775609,12,d42f896683fcaa492a6c00f43ebeea3a7281573d,macosx1015-64-shippable-qr,True,False,,,102210fe594ee9b33d82058545b1ed14f4c8206e,custom.styleeditor.reload.DAMP,damp,True,damp custom.styleeditor.reload.DAMP opt e10s fission stylo webrender,4775519,77,ms,firefox,449144474.0,1851423294,2024-03-01 15:18:33,1385469,,,,,,,,,,,,,,,,,,,,,,,,,,,,,,,,,,,,,,,,,,,,,,,,,TN
1540,c12ee5058abff427e2fd65f86c453b2c0ef5c315,0.056592409664545484,autoland,4775609,12,d42f896683fcaa492a6c00f43ebeea3a7281573d,macosx1015-64-shippable-qr,True,False,,,102210fe594ee9b33d82058545b1ed14f4c8206e,custom.styleeditor.reload.DAMP,damp,True,damp custom.styleeditor.reload.DAMP opt e10s fission stylo webrender,4775519,77,ms,firefox,449160797.0,1851503904,2024-03-01 19:33:22,1385653,,,,,,,,,,,,,,,,,,,,,,,,,,,,,,,,,,,,,,,,,,,,,,,,,TN
1541,ac7b674e512d88788161e657fbc3371b8d955c65,0.0974343512277861,autoland,4775609,12,d42f896683fcaa492a6c00f43ebeea3a7281573d,macosx1015-64-shippable-qr,True,False,,,102210fe594ee9b33d82058545b1ed14f4c8206e,custom.styleeditor.reload.DAMP,damp,True,damp custom.styleeditor.reload.DAMP opt e10s fission stylo webrender,4775519,77,ms,firefox,449196875.0,1851647479,2024-03-02 08:44:09,1385889,,,,,,,,,,,,,,,,,,,,,,,,,,,,,,,,,,,,,,,,,,,,,,,,,TN
1542,6263d391d703f61cfd3ddbb3791adc628a603520,0.08333526149778514,autoland,4775609,12,d42f896683fcaa492a6c00f43ebeea3a7281573d,macosx1015-64-shippable-qr,True,False,,,102210fe594ee9b33d82058545b1ed14f4c8206e,custom.styleeditor.reload.DAMP,damp,True,damp custom.styleeditor.reload.DAMP opt e10s fission stylo webrender,4775519,77,ms,firefox,449218885.0,1851727115,2024-03-02 12:50:07,1385922,,,,,,,,,,,,,,,,,,,,,,,,,,,,,,,,,,,,,,,,,,,,,,,,,TN
1543,a2ddc20095d176734a72080712b366c74a36c934,0.0768707024931869,autoland,4775609,12,d42f896683fcaa492a6c00f43ebeea3a7281573d,macosx1015-64-shippable-qr,True,False,,,102210fe594ee9b33d82058545b1ed14f4c8206e,custom.styleeditor.reload.DAMP,damp,True,damp custom.styleeditor.reload.DAMP opt e10s fission stylo webrender,4775519,77,ms,firefox,449248725.0,1851888313,2024-03-02 18:47:19,1385949,,,,,,,,,,,,,,,,,,,,,,,,,,,,,,,,,,,,,,,,,,,,,,,,,TN
1544,8042d9f9b7b6eb6e6a6fbefba554c035ef6bbda1,0.12978197039675293,autoland,4775609,12,d42f896683fcaa492a6c00f43ebeea3a7281573d,macosx1015-64-shippable-qr,True,False,,,102210fe594ee9b33d82058545b1ed14f4c8206e,custom.styleeditor.reload.DAMP,damp,True,damp custom.styleeditor.reload.DAMP opt e10s fission stylo webrender,4775519,77,ms,firefox,449252370.0,1851912158,2024-03-02 19:45:31,1385954,,,,,,,,,,,,,,,,,,,,,,,,,,,,,,,,,,,,,,,,,,,,,,,,,TN
1545,c5ddc3b211e53221a5b12ce6c8a5a523bba3641f,0.10825662900223476,autoland,4775609,12,d42f896683fcaa492a6c00f43ebeea3a7281573d,macosx1015-64-shippable-qr,True,False,,,102210fe594ee9b33d82058545b1ed14f4c8206e,custom.styleeditor.reload.DAMP,damp,True,damp custom.styleeditor.reload.DAMP opt e10s fission stylo webrender,4775519,77,ms,firefox,449278048.0,1851987317,2024-03-03 01:04:11,1385990,,,,,,,,,,,,,,,,,,,,,,,,,,,,,,,,,,,,,,,,,,,,,,,,,TN
1546,62056fe89aac9d2f369746854f0e3a55ad7153d0,0.07476958668808009,autoland,4775609,12,d42f896683fcaa492a6c00f43ebeea3a7281573d,macosx1015-64-shippable-qr,True,False,,,102210fe594ee9b33d82058545b1ed14f4c8206e,custom.styleeditor.reload.DAMP,damp,True,damp custom.styleeditor.reload.DAMP opt e10s fission stylo webrender,4775519,77,ms,firefox,449314940.0,1852125348,2024-03-03 12:29:51,1386069,,,,,,,,,,,,,,,,,,,,,,,,,,,,,,,,,,,,,,,,,,,,,,,,,TN
1547,499cae53f42dfc8f376fd97d0a83c1f8e85e274c,0.11112081413026181,autoland,4775609,12,d42f896683fcaa492a6c00f43ebeea3a7281573d,macosx1015-64-shippable-qr,True,False,,,102210fe594ee9b33d82058545b1ed14f4c8206e,custom.styleeditor.reload.DAMP,damp,True,damp custom.styleeditor.reload.DAMP opt e10s fission stylo webrender,4775519,77,ms,firefox,449343137.0,1852223385,2024-03-04 01:21:19,1386148,,,,,,,,,,,,,,,,,,,,,,,,,,,,,,,,,,,,,,,,,,,,,,,,,TN
1548,79823348e9cf740dbe5ae11eb654b1a85ea0ecbc,0.07595974146644635,autoland,4775609,12,d42f896683fcaa492a6c00f43ebeea3a7281573d,macosx1015-64-shippable-qr,True,False,,,102210fe594ee9b33d82058545b1ed14f4c8206e,custom.styleeditor.reload.DAMP,damp,True,damp custom.styleeditor.reload.DAMP opt e10s fission stylo webrender,4775519,77,ms,firefox,449354060.0,1852276463,2024-03-04 06:32:50,1386182,,,,,,,,,,,,,,,,,,,,,,,,,,,,,,,,,,,,,,,,,,,,,,,,,TN
1549,54c13c0498731427f23aff4c7e87900a715761b0,0.10183161441900379,autoland,4775609,12,d42f896683fcaa492a6c00f43ebeea3a7281573d,macosx1015-64-shippable-qr,True,False,,,102210fe594ee9b33d82058545b1ed14f4c8206e,custom.styleeditor.reload.DAMP,damp,True,damp custom.styleeditor.reload.DAMP opt e10s fission stylo webrender,4775519,77,ms,firefox,449369493.0,1852347459,2024-03-04 08:48:22,1386226,,,,,,,,,,,,,,,,,,,,,,,,,,,,,,,,,,,,,,,,,,,,,,,,,TN
1550,938c019ec0d1f3f1c0932e575d8f9e9f4c387320,0.08355219467199498,autoland,4775609,12,d42f896683fcaa492a6c00f43ebeea3a7281573d,macosx1015-64-shippable-qr,True,False,,,102210fe594ee9b33d82058545b1ed14f4c8206e,custom.styleeditor.reload.DAMP,damp,True,damp custom.styleeditor.reload.DAMP opt e10s fission stylo webrender,4775519,77,ms,firefox,449416940.0,1852490663,2024-03-04 12:51:58,1386363,,,,,,,,,,,,,,,,,,,,,,,,,,,,,,,,,,,,,,,,,,,,,,,,,TN
1551,c90923a84670e17105b275c5be4a3c2842cb248e,0.07419252018881323,autoland,4775609,12,d42f896683fcaa492a6c00f43ebeea3a7281573d,macosx1015-64-shippable-qr,True,False,,,102210fe594ee9b33d82058545b1ed14f4c8206e,custom.styleeditor.reload.DAMP,damp,True,damp custom.styleeditor.reload.DAMP opt e10s fission stylo webrender,4775519,77,ms,firefox,449432301.0,1852522443,2024-03-04 14:27:11,1386418,,,,,,,,,,,,,,,,,,,,,,,,,,,,,,,,,,,,,,,,,,,,,,,,,TN
1552,6c8dfd2a5bcafec953d7303c1fc35ec76d05f6ac,0.10107341272626674,autoland,4775609,12,d42f896683fcaa492a6c00f43ebeea3a7281573d,macosx1015-64-shippable-qr,True,False,,,102210fe594ee9b33d82058545b1ed14f4c8206e,custom.styleeditor.reload.DAMP,damp,True,damp custom.styleeditor.reload.DAMP opt e10s fission stylo webrender,4775519,77,ms,firefox,449452542.0,1852596666,2024-03-04 16:31:41,1386528,,,,,,,,,,,,,,,,,,,,,,,,,,,,,,,,,,,,,,,,,,,,,,,,,TN
1553,430bda8b01b3b00b083a0034de19b12b032caf6b,0.06641171372065496,autoland,4775609,12,d42f896683fcaa492a6c00f43ebeea3a7281573d,macosx1015-64-shippable-qr,True,False,,,102210fe594ee9b33d82058545b1ed14f4c8206e,custom.styleeditor.reload.DAMP,damp,True,damp custom.styleeditor.reload.DAMP opt e10s fission stylo webrender,4775519,77,ms,firefox,449493926.0,1852793905,2024-03-04 20:31:42,1386698,,,,,,,,,,,,,,,,,,,,,,,,,,,,,,,,,,,,,,,,,,,,,,,,,TN
1554,5b706eb2187070200b3eecb6d99a95e750c3266e,0.10364096916629795,autoland,4775609,12,d42f896683fcaa492a6c00f43ebeea3a7281573d,macosx1015-64-shippable-qr,True,False,,,102210fe594ee9b33d82058545b1ed14f4c8206e,custom.styleeditor.reload.DAMP,damp,True,damp custom.styleeditor.reload.DAMP opt e10s fission stylo webrender,4775519,77,ms,firefox,449503958.0,1852829269,2024-03-04 21:16:05,1386717,,,,,,,,,,,,,,,,,,,,,,,,,,,,,,,,,,,,,,,,,,,,,,,,,TN
1555,61bb37d1ba16985ef9e5cd99cd02912849f743a3,0.046906762483420406,autoland,4775609,12,d42f896683fcaa492a6c00f43ebeea3a7281573d,macosx1015-64-shippable-qr,True,False,,,102210fe594ee9b33d82058545b1ed14f4c8206e,custom.styleeditor.reload.DAMP,damp,True,damp custom.styleeditor.reload.DAMP opt e10s fission stylo webrender,4775519,77,ms,firefox,449549984.0,1853003853,2024-03-05 05:25:14,1386945,,,,,,,,,,,,,,,,,,,,,,,,,,,,,,,,,,,,,,,,,,,,,,,,,TN
1556,20859a1f25eb48ec31fdd24c0552b9fa83c5dcf2,0.10801181967680173,autoland,4775609,12,d42f896683fcaa492a6c00f43ebeea3a7281573d,macosx1015-64-shippable-qr,True,False,,,102210fe594ee9b33d82058545b1ed14f4c8206e,custom.styleeditor.reload.DAMP,damp,True,damp custom.styleeditor.reload.DAMP opt e10s fission stylo webrender,4775519,77,ms,firefox,449578682.0,1853102005,2024-03-05 09:36:09,1387072,,,,,,,,,,,,,,,,,,,,,,,,,,,,,,,,,,,,,,,,,,,,,,,,,TN
1557,300643546ea85a42a1f88a11595ebbb0b7157128,0.0976827111696475,autoland,4775609,12,d42f896683fcaa492a6c00f43ebeea3a7281573d,macosx1015-64-shippable-qr,True,False,,,102210fe594ee9b33d82058545b1ed14f4c8206e,custom.styleeditor.reload.DAMP,damp,True,damp custom.styleeditor.reload.DAMP opt e10s fission stylo webrender,4775519,77,ms,firefox,449602202.0,1853166094,2024-03-05 11:43:18,1387157,,,,,,,,,,,,,,,,,,,,,,,,,,,,,,,,,,,,,,,,,,,,,,,,,TN
1558,adf17fc47c84c0fa237aecff550ba42344a5c629,0.056217513278992215,autoland,4775609,12,d42f896683fcaa492a6c00f43ebeea3a7281573d,macosx1015-64-shippable-qr,True,False,,,102210fe594ee9b33d82058545b1ed14f4c8206e,custom.styleeditor.reload.DAMP,damp,True,damp custom.styleeditor.reload.DAMP opt e10s fission stylo webrender,4775519,77,ms,firefox,449630047.0,1853248771,2024-03-05 15:52:09,1387348,,,,,,,,,,,,,,,,,,,,,,,,,,,,,,,,,,,,,,,,,,,,,,,,,TN
1559,c13ff57ddd8d6b9f971a631b45c6da97b3c14fb9,0.05045190954657469,autoland,4775609,12,d42f896683fcaa492a6c00f43ebeea3a7281573d,macosx1015-64-shippable-qr,True,False,,,102210fe594ee9b33d82058545b1ed14f4c8206e,custom.styleeditor.reload.DAMP,damp,True,damp custom.styleeditor.reload.DAMP opt e10s fission stylo webrender,4775519,77,ms,firefox,449664507.0,1853360669,2024-03-05 19:23:59,1387560,,,,,,,,,,,,,,,,,,,,,,,,,,,,,,,,,,,,,,,,,,,,,,,,,TN
1560,099f52f30c39008328dfbc02ff824310e082a8da,0.10664479944053296,autoland,4775609,12,d42f896683fcaa492a6c00f43ebeea3a7281573d,macosx1015-64-shippable-qr,True,False,,,102210fe594ee9b33d82058545b1ed14f4c8206e,custom.styleeditor.reload.DAMP,damp,True,damp custom.styleeditor.reload.DAMP opt e10s fission stylo webrender,4775519,77,ms,firefox,449687407.0,1853451094,2024-03-05 22:16:54,1387647,,,,,,,,,,,,,,,,,,,,,,,,,,,,,,,,,,,,,,,,,,,,,,,,,TN
1561,488c772c72746cdfbf99e927acee696c4d6a5aef,0.09530881389563761,autoland,4775609,12,d42f896683fcaa492a6c00f43ebeea3a7281573d,macosx1015-64-shippable-qr,True,False,,,102210fe594ee9b33d82058545b1ed14f4c8206e,custom.styleeditor.reload.DAMP,damp,True,damp custom.styleeditor.reload.DAMP opt e10s fission stylo webrender,4775519,77,ms,firefox,449713825.0,1853528711,2024-03-06 02:53:23,1387831,,,,,,,,,,,,,,,,,,,,,,,,,,,,,,,,,,,,,,,,,,,,,,,,,TN
1562,143c3925806ed35200c2a71e650e7e74f58520a7,0.27376696161362996,autoland,4775609,12,d42f896683fcaa492a6c00f43ebeea3a7281573d,macosx1015-64-shippable-qr,True,False,,,102210fe594ee9b33d82058545b1ed14f4c8206e,custom.styleeditor.reload.DAMP,damp,True,damp custom.styleeditor.reload.DAMP opt e10s fission stylo webrender,4775519,77,ms,firefox,449794625.0,1853830460,2024-03-06 14:00:28,1388157,495.37,mozilla-ldap/nchevobbe@mozilla.com,488c772c72746cdfbf99e927acee696c4d6a5aef,41702.0,53.94,321.79,2024-03-14 08:09:16.395350,12.0,12.0,,|190726|190744|190745|190669|190719|190722|190746|190783|190736|190737|,0.0,1387831.0,7.0,2.0,,bFsPIAuDTGGehS5jPHRYpw,1713093.0,2024-03-15 03:12:40.682234,,1.0,173.58,190671.0,DfYLnM-QTb-dzro7fY11kA,,41702.0,0.0,True,False,nchevobbe@mozilla.com,,,,2024-03-08 03:12:40.682234,,"Caused by patch from Bug 1713093 , but was backed out",SKEWED,41694.0,2024-03-14 08:16:57.201570,,,False,,7.04,damp,,,2024-03-13 03:12:40.682234,TP
1563,03e6d6ff8bde56b645cfbc34dee452ff375ff3ca,0.21749257923085247,autoland,4775609,12,d42f896683fcaa492a6c00f43ebeea3a7281573d,macosx1015-64-shippable-qr,True,False,,,102210fe594ee9b33d82058545b1ed14f4c8206e,custom.styleeditor.reload.DAMP,damp,True,damp custom.styleeditor.reload.DAMP opt e10s fission stylo webrender,4775519,77,ms,firefox,449833186.0,1853990369,2024-03-06 18:03:03,1388329,,,,,,,,,,,,,,,,,,,,,,,,,,,,,,,,,,,,,,,,,,,,,,,,,TN
1564,f408182c4687f0490084c35cc766e637d0bdfd0f,0.13841925707519498,autoland,4775609,12,d42f896683fcaa492a6c00f43ebeea3a7281573d,macosx1015-64-shippable-qr,True,False,,,102210fe594ee9b33d82058545b1ed14f4c8206e,custom.styleeditor.reload.DAMP,damp,True,damp custom.styleeditor.reload.DAMP opt e10s fission stylo webrender,4775519,77,ms,firefox,449834314.0,1853999424,2024-03-06 18:05:41,1388333,,,,,,,,,,,,,,,,,,,,,,,,,,,,,,,,,,,,,,,,,,,,,,,,,TN
1565,cbcc69d30489c534df28a444097bd87fcf8d8352,0.28657408717828464,autoland,4775609,12,d42f896683fcaa492a6c00f43ebeea3a7281573d,macosx1015-64-shippable-qr,True,False,,,102210fe594ee9b33d82058545b1ed14f4c8206e,custom.styleeditor.reload.DAMP,damp,True,damp custom.styleeditor.reload.DAMP opt e10s fission stylo webrender,4775519,77,ms,firefox,449850212.0,1854060077,2024-03-06 20:32:27,1388530,,,,,,,,,,,,,,,,,,,,,,,,,,,,,,,,,,,,,,,,,,,,,,,,,TN
1566,98eadcb9210580189dd1cb9eb2cad1362b0c2835,0.5184135351907142,autoland,4775609,12,d42f896683fcaa492a6c00f43ebeea3a7281573d,macosx1015-64-shippable-qr,True,False,,,102210fe594ee9b33d82058545b1ed14f4c8206e,custom.styleeditor.reload.DAMP,damp,True,damp custom.styleeditor.reload.DAMP opt e10s fission stylo webrender,4775519,77,ms,firefox,449874622.0,1854154809,2024-03-06 22:58:04,1388664,,,,,,,,,,,,,,,,,,,,,,,,,,,,,,,,,,,,,,,,,,,,,,,,,TN
1567,62ed755b7c5e2b357e66b4f19a5419c685e87a47,0.2644760834092135,autoland,4775609,12,d42f896683fcaa492a6c00f43ebeea3a7281573d,macosx1015-64-shippable-qr,True,False,,,102210fe594ee9b33d82058545b1ed14f4c8206e,custom.styleeditor.reload.DAMP,damp,True,damp custom.styleeditor.reload.DAMP opt e10s fission stylo webrender,4775519,77,ms,firefox,449893201.0,1854239775,2024-03-07 03:21:51,1388820,,,,,,,,,,,,,,,,,,,,,,,,,,,,,,,,,,,,,,,,,,,,,,,,,TN
1568,d48a42b340b69771d9dc99ddf1303d3f88ae9165,0.20107693525810005,autoland,4775609,12,d42f896683fcaa492a6c00f43ebeea3a7281573d,macosx1015-64-shippable-qr,True,False,,,102210fe594ee9b33d82058545b1ed14f4c8206e,custom.styleeditor.reload.DAMP,damp,True,damp custom.styleeditor.reload.DAMP opt e10s fission stylo webrender,4775519,77,ms,firefox,449901178.0,1854342982,2024-03-07 06:37:03,1388849,,,,,,,,,,,,,,,,,,,,,,,,,,,,,,,,,,,,,,,,,,,,,,,,,TN
1569,cfe658475285f9b5c867bcbd191d2e1332df885e,0.2786278750820292,autoland,4775609,12,d42f896683fcaa492a6c00f43ebeea3a7281573d,macosx1015-64-shippable-qr,True,False,,,102210fe594ee9b33d82058545b1ed14f4c8206e,custom.styleeditor.reload.DAMP,damp,True,damp custom.styleeditor.reload.DAMP opt e10s fission stylo webrender,4775519,77,ms,firefox,449924616.0,1854439149,2024-03-07 10:49:51,1388876,,,,,,,,,,,,,,,,,,,,,,,,,,,,,,,,,,,,,,,,,,,,,,,,,TN
1570,0027da61966ddaf727a4c543b4541d0e175cb354,0.29052809159019716,autoland,4775609,12,d42f896683fcaa492a6c00f43ebeea3a7281573d,macosx1015-64-shippable-qr,True,False,,,102210fe594ee9b33d82058545b1ed14f4c8206e,custom.styleeditor.reload.DAMP,damp,True,damp custom.styleeditor.reload.DAMP opt e10s fission stylo webrender,4775519,77,ms,firefox,449936294.0,1854496469,2024-03-07 13:27:03,1388885,,,,,,,,,,,,,,,,,,,,,,,,,,,,,,,,,,,,,,,,,,,,,,,,,TN
1571,c9b3f598aa024ffbe096094ee8845222b7483c50,0.2627478201773908,autoland,4775609,12,d42f896683fcaa492a6c00f43ebeea3a7281573d,macosx1015-64-shippable-qr,True,False,,,102210fe594ee9b33d82058545b1ed14f4c8206e,custom.styleeditor.reload.DAMP,damp,True,damp custom.styleeditor.reload.DAMP opt e10s fission stylo webrender,4775519,77,ms,firefox,449978231.0,1854666092,2024-03-07 20:11:01,1389147,,,,,,,,,,,,,,,,,,,,,,,,,,,,,,,,,,,,,,,,,,,,,,,,,TN
1572,f9c5e71ad2de0632a1d833b02eb16cd13e4eabc1,0.2877720974143741,autoland,4775609,12,d42f896683fcaa492a6c00f43ebeea3a7281573d,macosx1015-64-shippable-qr,True,False,,,102210fe594ee9b33d82058545b1ed14f4c8206e,custom.styleeditor.reload.DAMP,damp,True,damp custom.styleeditor.reload.DAMP opt e10s fission stylo webrender,4775519,77,ms,firefox,450012069.0,1854799872,2024-03-08 00:14:27,1389377,,,,,,,,,,,,,,,,,,,,,,,,,,,,,,,,,,,,,,,,,,,,,,,,,TN
1573,ac5529a784bdd0522e58c4bcdb3293674601ac52,0.27929133845162984,autoland,4775609,12,d42f896683fcaa492a6c00f43ebeea3a7281573d,macosx1015-64-shippable-qr,True,False,,,102210fe594ee9b33d82058545b1ed14f4c8206e,custom.styleeditor.reload.DAMP,damp,True,damp custom.styleeditor.reload.DAMP opt e10s fission stylo webrender,4775519,77,ms,firefox,450014653.0,1854818356,2024-03-08 01:03:56,1389404,,,,,,,,,,,,,,,,,,,,,,,,,,,,,,,,,,,,,,,,,,,,,,,,,TN
1574,fe38c21e5d5ba7ab071d13411995b46f31d7862c,0.2737704255627786,autoland,4775609,12,d42f896683fcaa492a6c00f43ebeea3a7281573d,macosx1015-64-shippable-qr,True,False,,,102210fe594ee9b33d82058545b1ed14f4c8206e,custom.styleeditor.reload.DAMP,damp,True,damp custom.styleeditor.reload.DAMP opt e10s fission stylo webrender,4775519,77,ms,firefox,450054693.0,1855046951,2024-03-08 09:44:20,1389593,,,,,,,,,,,,,,,,,,,,,,,,,,,,,,,,,,,,,,,,,,,,,,,,,TN
1575,e38d79679348570701c9c0b244b0d905b241b83b,0.24496931051321053,autoland,4775609,12,d42f896683fcaa492a6c00f43ebeea3a7281573d,macosx1015-64-shippable-qr,True,False,,,102210fe594ee9b33d82058545b1ed14f4c8206e,custom.styleeditor.reload.DAMP,damp,True,damp custom.styleeditor.reload.DAMP opt e10s fission stylo webrender,4775519,77,ms,firefox,450075741.0,1855101791,2024-03-08 13:47:55,1389613,,,,,,,,,,,,,,,,,,,,,,,,,,,,,,,,,,,,,,,,,,,,,,,,,TN
1576,c306d54c8963e4dda4426d48bf41774947f5138d,0.47764958760996795,autoland,4775609,12,d42f896683fcaa492a6c00f43ebeea3a7281573d,macosx1015-64-shippable-qr,True,False,,,102210fe594ee9b33d82058545b1ed14f4c8206e,custom.styleeditor.reload.DAMP,damp,True,damp custom.styleeditor.reload.DAMP opt e10s fission stylo webrender,4775519,77,ms,firefox,450094071.0,1855166285,2024-03-08 15:54:44,1389685,,,,,,,,,,,,,,,,,,,,,,,,,,,,,,,,,,,,,,,,,,,,,,,,,TN
1577,e40628b4cd80f3469e6fb5836c1e513e3e058225,0.0901891261483927,autoland,4775609,12,d42f896683fcaa492a6c00f43ebeea3a7281573d,macosx1015-64-shippable-qr,True,False,,,102210fe594ee9b33d82058545b1ed14f4c8206e,custom.styleeditor.reload.DAMP,damp,True,damp custom.styleeditor.reload.DAMP opt e10s fission stylo webrender,4775519,77,ms,firefox,450147018.0,1855420520,2024-03-09 00:01:41,1390115,,,,,,,,,,,,,,,,,,,,,,,,,,,,,,,,,,,,,,,,,,,,,,,,,TN
1578,4d67ec80ce46b924295e599b81d0db0071664eca,0.08527232489133985,autoland,4775609,12,d42f896683fcaa492a6c00f43ebeea3a7281573d,macosx1015-64-shippable-qr,True,False,,,102210fe594ee9b33d82058545b1ed14f4c8206e,custom.styleeditor.reload.DAMP,damp,True,damp custom.styleeditor.reload.DAMP opt e10s fission stylo webrender,4775519,77,ms,firefox,450147504.0,1855424932,2024-03-09 00:02:45,1390116,,,,,,,,,,,,,,,,,,,,,,,,,,,,,,,,,,,,,,,,,,,,,,,,,TN
1579,fb2eeb44f22026d0a1c7b18f8cb0786169300c1b,0.2916702403669366,autoland,4775609,12,d42f896683fcaa492a6c00f43ebeea3a7281573d,macosx1015-64-shippable-qr,True,False,,,102210fe594ee9b33d82058545b1ed14f4c8206e,custom.styleeditor.reload.DAMP,damp,True,damp custom.styleeditor.reload.DAMP opt e10s fission stylo webrender,4775519,77,ms,firefox,450148144.0,1855435983,2024-03-09 00:03:40,1390117,,,,,,,,,,,,,,,,,,,,,,,,,,,,,,,,,,,,,,,,,,,,,,,,,TN
1580,efb6c465b7de5cb34b029bb51e5b445952bdd9b2,0.10010312409693595,autoland,4775609,12,d42f896683fcaa492a6c00f43ebeea3a7281573d,macosx1015-64-shippable-qr,True,False,,,102210fe594ee9b33d82058545b1ed14f4c8206e,custom.styleeditor.reload.DAMP,damp,True,damp custom.styleeditor.reload.DAMP opt e10s fission stylo webrender,4775519,77,ms,firefox,450165138.0,1855510021,2024-03-09 05:38:15,1390162,,,,,,,,,,,,,,,,,,,,,,,,,,,,,,,,,,,,,,,,,,,,,,,,,TN
1581,1d530888568c2a44fc30d9b6567ab6195f238cb2,0.07036289047496797,autoland,4775609,12,d42f896683fcaa492a6c00f43ebeea3a7281573d,macosx1015-64-shippable-qr,True,False,,,102210fe594ee9b33d82058545b1ed14f4c8206e,custom.styleeditor.reload.DAMP,damp,True,damp custom.styleeditor.reload.DAMP opt e10s fission stylo webrender,4775519,77,ms,firefox,450190767.0,1855589972,2024-03-09 10:41:02,1390188,,,,,,,,,,,,,,,,,,,,,,,,,,,,,,,,,,,,,,,,,,,,,,,,,TN
1582,10af6b2ff03bd7512d53f3ed02f7e83dba7c57ba,0.11192671464941323,autoland,4775609,12,d42f896683fcaa492a6c00f43ebeea3a7281573d,macosx1015-64-shippable-qr,True,False,,,102210fe594ee9b33d82058545b1ed14f4c8206e,custom.styleeditor.reload.DAMP,damp,True,damp custom.styleeditor.reload.DAMP opt e10s fission stylo webrender,4775519,77,ms,firefox,450205429.0,1855629338,2024-03-09 15:33:05,1390221,,,,,,,,,,,,,,,,,,,,,,,,,,,,,,,,,,,,,,,,,,,,,,,,,TN
1583,9768cd53e66eef4a715150196cfa1138f7edf7ba,0.0820145748037579,autoland,4775609,12,d42f896683fcaa492a6c00f43ebeea3a7281573d,macosx1015-64-shippable-qr,True,False,,,102210fe594ee9b33d82058545b1ed14f4c8206e,custom.styleeditor.reload.DAMP,damp,True,damp custom.styleeditor.reload.DAMP opt e10s fission stylo webrender,4775519,77,ms,firefox,450216826.0,1855666378,2024-03-09 20:59:44,1390244,,,,,,,,,,,,,,,,,,,,,,,,,,,,,,,,,,,,,,,,,,,,,,,,,TN
1584,f8edec6de8b50f0f6809208600e5c8ab87dd12d4,0.2078604189349233,autoland,4775609,12,d42f896683fcaa492a6c00f43ebeea3a7281573d,macosx1015-64-shippable-qr,True,False,,,102210fe594ee9b33d82058545b1ed14f4c8206e,custom.styleeditor.reload.DAMP,damp,True,damp custom.styleeditor.reload.DAMP opt e10s fission stylo webrender,4775519,77,ms,firefox,450254108.0,1855800064,2024-03-10 13:59:13,1390283,,,,,,,,,,,,,,,,,,,,,,,,,,,,,,,,,,,,,,,,,,,,,,,,,TN
1585,059c20bed3da7a717ee144e4c2339499009d7c44,0.13304528090433804,autoland,4775609,12,d42f896683fcaa492a6c00f43ebeea3a7281573d,macosx1015-64-shippable-qr,True,False,,,102210fe594ee9b33d82058545b1ed14f4c8206e,custom.styleeditor.reload.DAMP,damp,True,damp custom.styleeditor.reload.DAMP opt e10s fission stylo webrender,4775519,77,ms,firefox,450259206.0,1855823691,2024-03-10 18:05:45,1390298,,,,,,,,,,,,,,,,,,,,,,,,,,,,,,,,,,,,,,,,,,,,,,,,,TN
1586,0f63ab5624960b1aa464bb2e3bd76c6cd196f186,0.12038820933763367,autoland,4775609,12,d42f896683fcaa492a6c00f43ebeea3a7281573d,macosx1015-64-shippable-qr,True,False,,,102210fe594ee9b33d82058545b1ed14f4c8206e,custom.styleeditor.reload.DAMP,damp,True,damp custom.styleeditor.reload.DAMP opt e10s fission stylo webrender,4775519,77,ms,firefox,450280595.0,1855926563,2024-03-11 02:48:56,1390365,,,,,,,,,,,,,,,,,,,,,,,,,,,,,,,,,,,,,,,,,,,,,,,,,TN
1587,343e945a502ea35f40687ffca3eab7543522fe79,0.09931748233207882,autoland,4775609,12,d42f896683fcaa492a6c00f43ebeea3a7281573d,macosx1015-64-shippable-qr,True,False,,,102210fe594ee9b33d82058545b1ed14f4c8206e,custom.styleeditor.reload.DAMP,damp,True,damp custom.styleeditor.reload.DAMP opt e10s fission stylo webrender,4775519,77,ms,firefox,450305796.0,1856036383,2024-03-11 09:18:44,1390442,,,,,,,,,,,,,,,,,,,,,,,,,,,,,,,,,,,,,,,,,,,,,,,,,TN
1588,23b4081496822ae44a0f120f8429c0c57a864325,0.12262120533820031,autoland,4775609,12,d42f896683fcaa492a6c00f43ebeea3a7281573d,macosx1015-64-shippable-qr,True,False,,,102210fe594ee9b33d82058545b1ed14f4c8206e,custom.styleeditor.reload.DAMP,damp,True,damp custom.styleeditor.reload.DAMP opt e10s fission stylo webrender,4775519,77,ms,firefox,450332785.0,1856118609,2024-03-11 13:24:20,1390505,,,,,,,,,,,,,,,,,,,,,,,,,,,,,,,,,,,,,,,,,,,,,,,,,TN
1589,ec25d27f83b73ab4fbd93c737d29b732042c2139,0.08669464928335402,autoland,4775609,12,d42f896683fcaa492a6c00f43ebeea3a7281573d,macosx1015-64-shippable-qr,True,False,,,102210fe594ee9b33d82058545b1ed14f4c8206e,custom.styleeditor.reload.DAMP,damp,True,damp custom.styleeditor.reload.DAMP opt e10s fission stylo webrender,4775519,77,ms,firefox,450339180.0,1856150826,2024-03-11 14:23:46,1390552,,,,,,,,,,,,,,,,,,,,,,,,,,,,,,,,,,,,,,,,,,,,,,,,,TN
1590,b5f646ecf7f3ca586020974d36c3f4c4fca4a3a3,0.10502065379808123,autoland,4775609,12,d42f896683fcaa492a6c00f43ebeea3a7281573d,macosx1015-64-shippable-qr,True,False,,,102210fe594ee9b33d82058545b1ed14f4c8206e,custom.styleeditor.reload.DAMP,damp,True,damp custom.styleeditor.reload.DAMP opt e10s fission stylo webrender,4775519,77,ms,firefox,450369090.0,1856263272,2024-03-11 18:03:14,1390747,,,,,,,,,,,,,,,,,,,,,,,,,,,,,,,,,,,,,,,,,,,,,,,,,TN
1591,4984afdb79c55a76ef741d1667378c296f74240f,0.2631054642861163,autoland,4775609,12,d42f896683fcaa492a6c00f43ebeea3a7281573d,macosx1015-64-shippable-qr,True,False,,,102210fe594ee9b33d82058545b1ed14f4c8206e,custom.styleeditor.reload.DAMP,damp,True,damp custom.styleeditor.reload.DAMP opt e10s fission stylo webrender,4775519,77,ms,firefox,450390792.0,1856308683,2024-03-11 19:41:42,1390851,,,,,,,,,,,,,,,,,,,,,,,,,,,,,,,,,,,,,,,,,,,,,,,,,TN
1592,5dbe89396d7f52d57c4a21457fcf95d4e1ae24c3,0.11478243819718087,autoland,4775609,12,d42f896683fcaa492a6c00f43ebeea3a7281573d,macosx1015-64-shippable-qr,True,False,,,102210fe594ee9b33d82058545b1ed14f4c8206e,custom.styleeditor.reload.DAMP,damp,True,damp custom.styleeditor.reload.DAMP opt e10s fission stylo webrender,4775519,77,ms,firefox,450427192.0,1856451361,2024-03-12 03:06:47,1391174,,,,,,,,,,,,,,,,,,,,,,,,,,,,,,,,,,,,,,,,,,,,,,,,,TN
1593,45bdb06ed9f6ae6b675b169c0b4dbd488363098d,0.1086682465397707,autoland,4775609,12,d42f896683fcaa492a6c00f43ebeea3a7281573d,macosx1015-64-shippable-qr,True,False,,,102210fe594ee9b33d82058545b1ed14f4c8206e,custom.styleeditor.reload.DAMP,damp,True,damp custom.styleeditor.reload.DAMP opt e10s fission stylo webrender,4775519,77,ms,firefox,450433683.0,1856526274,2024-03-12 07:06:36,1391218,,,,,,,,,,,,,,,,,,,,,,,,,,,,,,,,,,,,,,,,,,,,,,,,,TN
1594,8c1e5f6bca5a8f2ab2297cff5c736e61d3a3bd27,0.10169262585983757,autoland,4775609,12,d42f896683fcaa492a6c00f43ebeea3a7281573d,macosx1015-64-shippable-qr,True,False,,,102210fe594ee9b33d82058545b1ed14f4c8206e,custom.styleeditor.reload.DAMP,damp,True,damp custom.styleeditor.reload.DAMP opt e10s fission stylo webrender,4775519,77,ms,firefox,450455093.0,1856598686,2024-03-12 11:26:19,1391230,,,,,,,,,,,,,,,,,,,,,,,,,,,,,,,,,,,,,,,,,,,,,,,,,TN
1595,c93ce7649d8d7d874130caed9005d92be916b10e,0.11060449921013221,autoland,4775609,12,d42f896683fcaa492a6c00f43ebeea3a7281573d,macosx1015-64-shippable-qr,True,False,,,102210fe594ee9b33d82058545b1ed14f4c8206e,custom.styleeditor.reload.DAMP,damp,True,damp custom.styleeditor.reload.DAMP opt e10s fission stylo webrender,4775519,77,ms,firefox,450499441.0,1856729088,2024-03-12 14:58:20,1391396,,,,,,,,,,,,,,,,,,,,,,,,,,,,,,,,,,,,,,,,,,,,,,,,,TN
1596,d91b0606279d7c22a0119cdc8061cdeffe233787,0.1205113756303422,autoland,4775609,12,d42f896683fcaa492a6c00f43ebeea3a7281573d,macosx1015-64-shippable-qr,True,False,,,102210fe594ee9b33d82058545b1ed14f4c8206e,custom.styleeditor.reload.DAMP,damp,True,damp custom.styleeditor.reload.DAMP opt e10s fission stylo webrender,4775519,77,ms,firefox,450534578.0,1856894952,2024-03-12 19:37:06,1391673,,,,,,,,,,,,,,,,,,,,,,,,,,,,,,,,,,,,,,,,,,,,,,,,,TN
1597,bb96cef2989d78eaa9d2485bb379b29449a815b2,0.10537200684857595,autoland,4775609,12,d42f896683fcaa492a6c00f43ebeea3a7281573d,macosx1015-64-shippable-qr,True,False,,,102210fe594ee9b33d82058545b1ed14f4c8206e,custom.styleeditor.reload.DAMP,damp,True,damp custom.styleeditor.reload.DAMP opt e10s fission stylo webrender,4775519,77,ms,firefox,450556629.0,1856936195,2024-03-12 23:13:34,1391824,,,,,,,,,,,,,,,,,,,,,,,,,,,,,,,,,,,,,,,,,,,,,,,,,TN
1598,2dfb9f01e06f190da79fb195ea51dac2be58dde7,0.09302117965133444,autoland,4775609,12,d42f896683fcaa492a6c00f43ebeea3a7281573d,macosx1015-64-shippable-qr,True,False,,,102210fe594ee9b33d82058545b1ed14f4c8206e,custom.styleeditor.reload.DAMP,damp,True,damp custom.styleeditor.reload.DAMP opt e10s fission stylo webrender,4775519,77,ms,firefox,450581137.0,1857042996,2024-03-13 07:01:16,1392060,,,,,,,,,,,,,,,,,,,,,,,,,,,,,,,,,,,,,,,,,,,,,,,,,TN
1599,ae0da9180abdc1990832791041b323e05082f6f8,0.20056616759333867,autoland,4775609,12,d42f896683fcaa492a6c00f43ebeea3a7281573d,macosx1015-64-shippable-qr,True,False,,,102210fe594ee9b33d82058545b1ed14f4c8206e,custom.styleeditor.reload.DAMP,damp,True,damp custom.styleeditor.reload.DAMP opt e10s fission stylo webrender,4775519,77,ms,firefox,450614560.0,1857226776,2024-03-13 11:15:45,1392165,,,,,,,,,,,,,,,,,,,,,,,,,,,,,,,,,,,,,,,,,,,,,,,,,TN
1600,49e9b26b528b94a9db43d4b65112add1268f64fc,0.10387219860436064,autoland,4775609,12,d42f896683fcaa492a6c00f43ebeea3a7281573d,macosx1015-64-shippable-qr,True,False,,,102210fe594ee9b33d82058545b1ed14f4c8206e,custom.styleeditor.reload.DAMP,damp,True,damp custom.styleeditor.reload.DAMP opt e10s fission stylo webrender,4775519,77,ms,firefox,450646993.0,1857365139,2024-03-13 15:23:46,1392302,,,,,,,,,,,,,,,,,,,,,,,,,,,,,,,,,,,,,,,,,,,,,,,,,TN
1601,35c5c892ca1e96f731d20bc6edd310a5d4e13bad,0.09442611408620227,autoland,4775609,12,d42f896683fcaa492a6c00f43ebeea3a7281573d,macosx1015-64-shippable-qr,True,False,,,102210fe594ee9b33d82058545b1ed14f4c8206e,custom.styleeditor.reload.DAMP,damp,True,damp custom.styleeditor.reload.DAMP opt e10s fission stylo webrender,4775519,77,ms,firefox,450648178.0,1857373435,2024-03-13 15:33:19,1392307,,,,,,,,,,,,,,,,,,,,,,,,,,,,,,,,,,,,,,,,,,,,,,,,,TN
1602,ebcab57cf7cd8a64a561c831dc4d1bf6694f82b8,0.09341329704764767,autoland,4775609,12,d42f896683fcaa492a6c00f43ebeea3a7281573d,macosx1015-64-shippable-qr,True,False,,,102210fe594ee9b33d82058545b1ed14f4c8206e,custom.styleeditor.reload.DAMP,damp,True,damp custom.styleeditor.reload.DAMP opt e10s fission stylo webrender,4775519,77,ms,firefox,450658765.0,1857437292,2024-03-13 18:41:03,1392487,,,,,,,,,,,,,,,,,,,,,,,,,,,,,,,,,,,,,,,,,,,,,,,,,TN
1603,1f3b4df016ac965dd3a2c97cb547c495364fdeef,0.11781455656656203,autoland,4775609,12,d42f896683fcaa492a6c00f43ebeea3a7281573d,macosx1015-64-shippable-qr,True,False,,,102210fe594ee9b33d82058545b1ed14f4c8206e,custom.styleeditor.reload.DAMP,damp,True,damp custom.styleeditor.reload.DAMP opt e10s fission stylo webrender,4775519,77,ms,firefox,450697271.0,1857622388,2024-03-13 21:49:05,1392594,,,,,,,,,,,,,,,,,,,,,,,,,,,,,,,,,,,,,,,,,,,,,,,,,TN
1604,2333872b0f5028fa1f0e9236440fe58df07a0235,0.10467399833432678,autoland,4775609,12,d42f896683fcaa492a6c00f43ebeea3a7281573d,macosx1015-64-shippable-qr,True,False,,,102210fe594ee9b33d82058545b1ed14f4c8206e,custom.styleeditor.reload.DAMP,damp,True,damp custom.styleeditor.reload.DAMP opt e10s fission stylo webrender,4775519,77,ms,firefox,450711357.0,1857657883,2024-03-14 04:20:25,1392734,,,,,,,,,,,,,,,,,,,,,,,,,,,,,,,,,,,,,,,,,,,,,,,,,TN
1605,0c82ff77321a85c36f1c5b27c99d25bad8603028,0.14124417862777555,autoland,4775609,12,d42f896683fcaa492a6c00f43ebeea3a7281573d,macosx1015-64-shippable-qr,True,False,,,102210fe594ee9b33d82058545b1ed14f4c8206e,custom.styleeditor.reload.DAMP,damp,True,damp custom.styleeditor.reload.DAMP opt e10s fission stylo webrender,4775519,77,ms,firefox,450725437.0,1857722226,2024-03-14 06:52:21,1392758,,,,,,,,,,,,,,,,,,,,,,,,,,,,,,,,,,,,,,,,,,,,,,,,,TN
1606,1f30bd08be619a6ea06444a2a6e36123f7baad65,0.040584962065300656,autoland,4775609,12,d42f896683fcaa492a6c00f43ebeea3a7281573d,macosx1015-64-shippable-qr,True,False,,,102210fe594ee9b33d82058545b1ed14f4c8206e,custom.styleeditor.reload.DAMP,damp,True,damp custom.styleeditor.reload.DAMP opt e10s fission stylo webrender,4775519,77,ms,firefox,450759748.0,1857832025,2024-03-14 10:59:46,1392883,,,,,,,,,,,,,,,,,,,,,,,,,,,,,,,,,,,,,,,,,,,,,,,,,TN
1607,e0d1a1dbfd5c36a2527b566ff831a989ca5ae5f5,0.05562635840766578,autoland,4775609,12,d42f896683fcaa492a6c00f43ebeea3a7281573d,macosx1015-64-shippable-qr,True,False,,,102210fe594ee9b33d82058545b1ed14f4c8206e,custom.styleeditor.reload.DAMP,damp,True,damp custom.styleeditor.reload.DAMP opt e10s fission stylo webrender,4775519,77,ms,firefox,450804164.0,1857999882,2024-03-14 17:45:33,1393195,,,,,,,,,,,,,,,,,,,,,,,,,,,,,,,,,,,,,,,,,,,,,,,,,TN
1608,278273f1c1fdca23ad419f0bd277a616aa240d1e,0.041109587172175055,autoland,4775609,12,d42f896683fcaa492a6c00f43ebeea3a7281573d,macosx1015-64-shippable-qr,True,False,,,102210fe594ee9b33d82058545b1ed14f4c8206e,custom.styleeditor.reload.DAMP,damp,True,damp custom.styleeditor.reload.DAMP opt e10s fission stylo webrender,4775519,77,ms,firefox,450846752.0,1858155529,2024-03-14 21:51:03,1393332,,,,,,,,,,,,,,,,,,,,,,,,,,,,,,,,,,,,,,,,,,,,,,,,,TN
1609,e18af9ec05f36a6f63a2e3889d5bc27f11be4267,0.0488562675704276,autoland,4775609,12,d42f896683fcaa492a6c00f43ebeea3a7281573d,macosx1015-64-shippable-qr,True,False,,,102210fe594ee9b33d82058545b1ed14f4c8206e,custom.styleeditor.reload.DAMP,damp,True,damp custom.styleeditor.reload.DAMP opt e10s fission stylo webrender,4775519,77,ms,firefox,450848744.0,1858177180,2024-03-15 00:00:33,1393414,,,,,,,,,,,,,,,,,,,,,,,,,,,,,,,,,,,,,,,,,,,,,,,,,TN
1610,0eb2b661743e4b5d2ed6cf61116bc5ade9da405b,0.14595808736080146,autoland,4775609,12,d42f896683fcaa492a6c00f43ebeea3a7281573d,macosx1015-64-shippable-qr,True,False,,,102210fe594ee9b33d82058545b1ed14f4c8206e,custom.styleeditor.reload.DAMP,damp,True,damp custom.styleeditor.reload.DAMP opt e10s fission stylo webrender,4775519,77,ms,firefox,450863907.0,1858359371,2024-03-15 06:02:39,1393511,,,,,,,,,,,,,,,,,,,,,,,,,,,,,,,,,,,,,,,,,,,,,,,,,TN
1611,02d8b0bd788352c236ca20d0163498e5ee3faa07,0.1893834070820276,autoland,4775609,12,d42f896683fcaa492a6c00f43ebeea3a7281573d,macosx1015-64-shippable-qr,True,False,,,102210fe594ee9b33d82058545b1ed14f4c8206e,custom.styleeditor.reload.DAMP,damp,True,damp custom.styleeditor.reload.DAMP opt e10s fission stylo webrender,4775519,77,ms,firefox,450886989.0,1858464061,2024-03-15 09:39:32,1393552,,,,,,,,,,,,,,,,,,,,,,,,,,,,,,,,,,,,,,,,,,,,,,,,,TN
1612,4b69d32113781e4489234ce2c9cf8f5b5dcbce5a,0.19109022454674068,autoland,4775609,12,d42f896683fcaa492a6c00f43ebeea3a7281573d,macosx1015-64-shippable-qr,True,False,,,102210fe594ee9b33d82058545b1ed14f4c8206e,custom.styleeditor.reload.DAMP,damp,True,damp custom.styleeditor.reload.DAMP opt e10s fission stylo webrender,4775519,77,ms,firefox,450909465.0,1858556286,2024-03-15 14:14:34,1393636,,,,,,,,,,,,,,,,,,,,,,,,,,,,,,,,,,,,,,,,,,,,,,,,,TN
1613,eff5ebeb21a902d6ed24f356b4a4b41e89ff1172,0.05046429199909175,autoland,4775609,12,d42f896683fcaa492a6c00f43ebeea3a7281573d,macosx1015-64-shippable-qr,True,False,,,102210fe594ee9b33d82058545b1ed14f4c8206e,custom.styleeditor.reload.DAMP,damp,True,damp custom.styleeditor.reload.DAMP opt e10s fission stylo webrender,4775519,77,ms,firefox,450925465.0,1858609090,2024-03-15 16:14:11,1393715,,,,,,,,,,,,,,,,,,,,,,,,,,,,,,,,,,,,,,,,,,,,,,,,,TN
1614,f4367b1826eb51a4bbcde0cd6ae1a5b1644115d0,0.03382689878351447,autoland,4775609,12,d42f896683fcaa492a6c00f43ebeea3a7281573d,macosx1015-64-shippable-qr,True,False,,,102210fe594ee9b33d82058545b1ed14f4c8206e,custom.styleeditor.reload.DAMP,damp,True,damp custom.styleeditor.reload.DAMP opt e10s fission stylo webrender,4775519,77,ms,firefox,450969071.0,1858796381,2024-03-15 20:55:49,1393941,,,,,,,,,,,,,,,,,,,,,,,,,,,,,,,,,,,,,,,,,,,,,,,,,TN
1615,a7134d792577d5d0529bf81b769c32138f7bb0c0,0.05628039588623768,autoland,4775609,12,d42f896683fcaa492a6c00f43ebeea3a7281573d,macosx1015-64-shippable-qr,True,False,,,102210fe594ee9b33d82058545b1ed14f4c8206e,custom.styleeditor.reload.DAMP,damp,True,damp custom.styleeditor.reload.DAMP opt e10s fission stylo webrender,4775519,77,ms,firefox,450981465.0,1858879057,2024-03-16 06:01:10,1394058,,,,,,,,,,,,,,,,,,,,,,,,,,,,,,,,,,,,,,,,,,,,,,,,,TN
1616,a65344e02551e44aca46a84016a3a07cce9d23e6,0.2104305221866452,autoland,4775609,12,d42f896683fcaa492a6c00f43ebeea3a7281573d,macosx1015-64-shippable-qr,True,False,,,102210fe594ee9b33d82058545b1ed14f4c8206e,custom.styleeditor.reload.DAMP,damp,True,damp custom.styleeditor.reload.DAMP opt e10s fission stylo webrender,4775519,77,ms,firefox,451015871.0,1858995560,2024-03-16 15:16:53,1394103,,,,,,,,,,,,,,,,,,,,,,,,,,,,,,,,,,,,,,,,,,,,,,,,,TN
1617,bc06944d050ccff5aed2248b83d51d946814e90d,0.043386249775861474,autoland,4775609,12,d42f896683fcaa492a6c00f43ebeea3a7281573d,macosx1015-64-shippable-qr,True,False,,,102210fe594ee9b33d82058545b1ed14f4c8206e,custom.styleeditor.reload.DAMP,damp,True,damp custom.styleeditor.reload.DAMP opt e10s fission stylo webrender,4775519,77,ms,firefox,451026382.0,1859065693,2024-03-16 21:40:10,1394130,,,,,,,,,,,,,,,,,,,,,,,,,,,,,,,,,,,,,,,,,,,,,,,,,TN
1618,7ef716435af3dee46482a893f4a3b29a4d3faafe,0.03252989859012001,autoland,4775609,12,d42f896683fcaa492a6c00f43ebeea3a7281573d,macosx1015-64-shippable-qr,True,False,,,102210fe594ee9b33d82058545b1ed14f4c8206e,custom.styleeditor.reload.DAMP,damp,True,damp custom.styleeditor.reload.DAMP opt e10s fission stylo webrender,4775519,77,ms,firefox,451041379.0,1859125224,2024-03-17 07:03:06,1394146,,,,,,,,,,,,,,,,,,,,,,,,,,,,,,,,,,,,,,,,,,,,,,,,,TN
1619,47d63b18299914bf2eecdeb64fe8df0a52605aec,0.043300165566009574,autoland,4775609,12,d42f896683fcaa492a6c00f43ebeea3a7281573d,macosx1015-64-shippable-qr,True,False,,,102210fe594ee9b33d82058545b1ed14f4c8206e,custom.styleeditor.reload.DAMP,damp,True,damp custom.styleeditor.reload.DAMP opt e10s fission stylo webrender,4775519,77,ms,firefox,451050955.0,1859155296,2024-03-17 13:56:17,1394162,,,,,,,,,,,,,,,,,,,,,,,,,,,,,,,,,,,,,,,,,,,,,,,,,TN
1620,164fcac77feead59372521b0072049f25a4c9692,0.058409653329706324,autoland,4775609,12,d42f896683fcaa492a6c00f43ebeea3a7281573d,macosx1015-64-shippable-qr,True,False,,,102210fe594ee9b33d82058545b1ed14f4c8206e,custom.styleeditor.reload.DAMP,damp,True,damp custom.styleeditor.reload.DAMP opt e10s fission stylo webrender,4775519,77,ms,firefox,451056012.0,1859187310,2024-03-17 19:02:19,1394171,,,,,,,,,,,,,,,,,,,,,,,,,,,,,,,,,,,,,,,,,,,,,,,,,TN
1621,469d4a744966c133ae480dc66643d47b77aa3209,0.180436412084988,autoland,4775609,12,d42f896683fcaa492a6c00f43ebeea3a7281573d,macosx1015-64-shippable-qr,True,False,,,102210fe594ee9b33d82058545b1ed14f4c8206e,custom.styleeditor.reload.DAMP,damp,True,damp custom.styleeditor.reload.DAMP opt e10s fission stylo webrender,4775519,77,ms,firefox,451076576.0,1859304305,2024-03-18 01:14:25,1394186,,,,,,,,,,,,,,,,,,,,,,,,,,,,,,,,,,,,,,,,,,,,,,,,,TN
1622,9ae71156ef3c731f44e2af8d1d9c34b7eb7c6c9b,0.04702828922838359,autoland,4775609,12,d42f896683fcaa492a6c00f43ebeea3a7281573d,macosx1015-64-shippable-qr,True,False,,,102210fe594ee9b33d82058545b1ed14f4c8206e,custom.styleeditor.reload.DAMP,damp,True,damp custom.styleeditor.reload.DAMP opt e10s fission stylo webrender,4775519,77,ms,firefox,451091235.0,1859417849,2024-03-18 07:02:14,1394207,,,,,,,,,,,,,,,,,,,,,,,,,,,,,,,,,,,,,,,,,,,,,,,,,TN
1623,d3946837037d31a7b6f83b1977e57c4ea384c904,0.051136263025248485,autoland,4775609,12,d42f896683fcaa492a6c00f43ebeea3a7281573d,macosx1015-64-shippable-qr,True,False,,,102210fe594ee9b33d82058545b1ed14f4c8206e,custom.styleeditor.reload.DAMP,damp,True,damp custom.styleeditor.reload.DAMP opt e10s fission stylo webrender,4775519,77,ms,firefox,451100462.0,1859452052,2024-03-18 09:15:45,1394248,,,,,,,,,,,,,,,,,,,,,,,,,,,,,,,,,,,,,,,,,,,,,,,,,TN
1624,9a84c7a992c26cd844507c8b4a7215e1aa1dd56e,0.042026512334925215,autoland,4775609,12,d42f896683fcaa492a6c00f43ebeea3a7281573d,macosx1015-64-shippable-qr,True,False,,,102210fe594ee9b33d82058545b1ed14f4c8206e,custom.styleeditor.reload.DAMP,damp,True,damp custom.styleeditor.reload.DAMP opt e10s fission stylo webrender,4775519,77,ms,firefox,451200728.0,1859867848,2024-03-18 16:13:31,1394426,,,,,,,,,,,,,,,,,,,,,,,,,,,,,,,,,,,,,,,,,,,,,,,,,TN
1625,ab4a4d632bcfcdcb0f37c6791a75467e73c47795,0.04672510893176057,autoland,4775609,12,d42f896683fcaa492a6c00f43ebeea3a7281573d,macosx1015-64-shippable-qr,True,False,,,102210fe594ee9b33d82058545b1ed14f4c8206e,custom.styleeditor.reload.DAMP,damp,True,damp custom.styleeditor.reload.DAMP opt e10s fission stylo webrender,4775519,77,ms,firefox,451201779.0,1859892078,2024-03-18 17:45:54,1394460,,,,,,,,,,,,,,,,,,,,,,,,,,,,,,,,,,,,,,,,,,,,,,,,,TN
1626,3d0c771e9c28d7bad460e8683406e4a832de5d93,0.04584375465949514,autoland,4775609,12,d42f896683fcaa492a6c00f43ebeea3a7281573d,macosx1015-64-shippable-qr,True,False,,,102210fe594ee9b33d82058545b1ed14f4c8206e,custom.styleeditor.reload.DAMP,damp,True,damp custom.styleeditor.reload.DAMP opt e10s fission stylo webrender,4775519,77,ms,firefox,451201824.0,1859894381,2024-03-18 20:20:59,1394525,,,,,,,,,,,,,,,,,,,,,,,,,,,,,,,,,,,,,,,,,,,,,,,,,TN
1627,0febedb51783638cc944e4b495547ccfedb4c43f,0.09379310220292258,autoland,4775609,12,d42f896683fcaa492a6c00f43ebeea3a7281573d,macosx1015-64-shippable-qr,True,False,,,102210fe594ee9b33d82058545b1ed14f4c8206e,custom.styleeditor.reload.DAMP,damp,True,damp custom.styleeditor.reload.DAMP opt e10s fission stylo webrender,4775519,77,ms,firefox,451219701.0,1859957701,2024-03-19 01:00:45,1394573,,,,,,,,,,,,,,,,,,,,,,,,,,,,,,,,,,,,,,,,,,,,,,,,,TN
1628,16ddc2d8ba870a73f3a200338e1400a51d2299c1,0.03613994080672922,autoland,4775609,12,d42f896683fcaa492a6c00f43ebeea3a7281573d,macosx1015-64-shippable-qr,True,False,,,102210fe594ee9b33d82058545b1ed14f4c8206e,custom.styleeditor.reload.DAMP,damp,True,damp custom.styleeditor.reload.DAMP opt e10s fission stylo webrender,4775519,77,ms,firefox,451225586.0,1859974420,2024-03-19 02:26:21,1394599,,,,,,,,,,,,,,,,,,,,,,,,,,,,,,,,,,,,,,,,,,,,,,,,,TN
1629,0fbe242e1d975dcdea4df1bc8187bd9ecfe80291,0.04582859720796756,autoland,4775609,12,d42f896683fcaa492a6c00f43ebeea3a7281573d,macosx1015-64-shippable-qr,True,False,,,102210fe594ee9b33d82058545b1ed14f4c8206e,custom.styleeditor.reload.DAMP,damp,True,damp custom.styleeditor.reload.DAMP opt e10s fission stylo webrender,4775519,77,ms,firefox,451242973.0,1860045584,2024-03-19 06:03:35,1394632,,,,,,,,,,,,,,,,,,,,,,,,,,,,,,,,,,,,,,,,,,,,,,,,,TN
1630,a4280d9d04d7841f3a7286d7cb6d9667ed276e03,0.0384330241200343,autoland,4775609,12,d42f896683fcaa492a6c00f43ebeea3a7281573d,macosx1015-64-shippable-qr,True,False,,,102210fe594ee9b33d82058545b1ed14f4c8206e,custom.styleeditor.reload.DAMP,damp,True,damp custom.styleeditor.reload.DAMP opt e10s fission stylo webrender,4775519,77,ms,firefox,451289221.0,1860465087,2024-03-19 11:15:16,1394711,,,,,,,,,,,,,,,,,,,,,,,,,,,,,,,,,,,,,,,,,,,,,,,,,TN
1631,43d89580ba9c295f67bc3df94ba1aac23b435b63,0.04123630298425324,autoland,4775609,12,d42f896683fcaa492a6c00f43ebeea3a7281573d,macosx1015-64-shippable-qr,True,False,,,102210fe594ee9b33d82058545b1ed14f4c8206e,custom.styleeditor.reload.DAMP,damp,True,damp custom.styleeditor.reload.DAMP opt e10s fission stylo webrender,4775519,77,ms,firefox,451316908.0,1860503419,2024-03-19 13:28:22,1394763,,,,,,,,,,,,,,,,,,,,,,,,,,,,,,,,,,,,,,,,,,,,,,,,,TN
1632,3d4f500d317cd4c54e93299c01efed1c4354deb7,0.2743321398833614,autoland,4775609,12,d42f896683fcaa492a6c00f43ebeea3a7281573d,macosx1015-64-shippable-qr,True,False,,,102210fe594ee9b33d82058545b1ed14f4c8206e,custom.styleeditor.reload.DAMP,damp,True,damp custom.styleeditor.reload.DAMP opt e10s fission stylo webrender,4775519,77,ms,firefox,451359101.0,1860538491,2024-03-19 17:03:22,1394873,496.01,mozilla-ldap/nchevobbe@mozilla.com,43d89580ba9c295f67bc3df94ba1aac23b435b63,41938.0,58.14,313.65,2024-03-25 14:02:22.056361,12.0,12.0,,,,1394763.0,5.0,4.0,,,1885437.0,2024-03-28 11:03:21.662324,,1.0,182.36,191914.0,,,41938.0,,True,False,nchevobbe@mozilla.com,,,,2024-03-21 11:03:21.662324,,"expected regression, modifying the tests",OK,,2024-03-25 14:02:22.056484,,,False,,13.1,damp,,,2024-03-26 11:03:21.662324,SP
1633,7c0de707e2a448dd3846c81f12ee9bae3ebca9d3,0.2781140181121912,autoland,4775609,12,d42f896683fcaa492a6c00f43ebeea3a7281573d,macosx1015-64-shippable-qr,True,False,,,102210fe594ee9b33d82058545b1ed14f4c8206e,custom.styleeditor.reload.DAMP,damp,True,damp custom.styleeditor.reload.DAMP opt e10s fission stylo webrender,4775519,77,ms,firefox,451377686.0,1860568921,2024-03-19 19:48:40,1394945,,,,,,,,,,,,,,,,,,,,,,,,,,,,,,,,,,,,,,,,,,,,,,,,,TN
1634,25a7b6dcdd27704494317e01334be69707ff521f,0.26430812932384956,autoland,4775609,12,d42f896683fcaa492a6c00f43ebeea3a7281573d,macosx1015-64-shippable-qr,True,False,,,102210fe594ee9b33d82058545b1ed14f4c8206e,custom.styleeditor.reload.DAMP,damp,True,damp custom.styleeditor.reload.DAMP opt e10s fission stylo webrender,4775519,77,ms,firefox,451408338.0,1860630500,2024-03-20 00:04:56,1395012,,,,,,,,,,,,,,,,,,,,,,,,,,,,,,,,,,,,,,,,,,,,,,,,,TN
1635,dbb1856b4f3345f0353d4ea33ed0f83a90420827,0.23549292590222987,autoland,4775609,12,d42f896683fcaa492a6c00f43ebeea3a7281573d,macosx1015-64-shippable-qr,True,False,,,102210fe594ee9b33d82058545b1ed14f4c8206e,custom.styleeditor.reload.DAMP,damp,True,damp custom.styleeditor.reload.DAMP opt e10s fission stylo webrender,4775519,77,ms,firefox,451432170.0,1860774685,2024-03-20 06:31:28,1395067,,,,,,,,,,,,,,,,,,,,,,,,,,,,,,,,,,,,,,,,,,,,,,,,,TN
1636,89f62e190e69ddb95685488010b5807b31491168,0.2588899297947836,autoland,4775609,12,d42f896683fcaa492a6c00f43ebeea3a7281573d,macosx1015-64-shippable-qr,True,False,,,102210fe594ee9b33d82058545b1ed14f4c8206e,custom.styleeditor.reload.DAMP,damp,True,damp custom.styleeditor.reload.DAMP opt e10s fission stylo webrender,4775519,77,ms,firefox,451463784.0,1860928164,2024-03-20 10:14:04,1395103,,,,,,,,,,,,,,,,,,,,,,,,,,,,,,,,,,,,,,,,,,,,,,,,,TN
1637,533a3c2e587f7ea99fde847c499dbb77d1d7c623,0.33990362680257297,autoland,4775609,12,d42f896683fcaa492a6c00f43ebeea3a7281573d,macosx1015-64-shippable-qr,True,False,,,102210fe594ee9b33d82058545b1ed14f4c8206e,custom.styleeditor.reload.DAMP,damp,True,damp custom.styleeditor.reload.DAMP opt e10s fission stylo webrender,4775519,77,ms,firefox,451513840.0,1861040283,2024-03-20 14:37:05,1395197,,,,,,,,,,,,,,,,,,,,,,,,,,,,,,,,,,,,,,,,,,,,,,,,,TN
1638,44ee710d3a49501b5b000c7e0f6d2167c47ac041,0.2734415094679698,autoland,4775609,12,d42f896683fcaa492a6c00f43ebeea3a7281573d,macosx1015-64-shippable-qr,True,False,,,102210fe594ee9b33d82058545b1ed14f4c8206e,custom.styleeditor.reload.DAMP,damp,True,damp custom.styleeditor.reload.DAMP opt e10s fission stylo webrender,4775519,77,ms,firefox,451555358.0,1861195881,2024-03-20 16:49:51,1395254,,,,,,,,,,,,,,,,,,,,,,,,,,,,,,,,,,,,,,,,,,,,,,,,,TN
1639,7e65c2e3fa5893e80c6f6f8ef4deef5861f82edc,0.2734150013435304,autoland,4775609,12,d42f896683fcaa492a6c00f43ebeea3a7281573d,macosx1015-64-shippable-qr,True,False,,,102210fe594ee9b33d82058545b1ed14f4c8206e,custom.styleeditor.reload.DAMP,damp,True,damp custom.styleeditor.reload.DAMP opt e10s fission stylo webrender,4775519,77,ms,firefox,451588222.0,1861375388,2024-03-20 21:30:57,1395367,,,,,,,,,,,,,,,,,,,,,,,,,,,,,,,,,,,,,,,,,,,,,,,,,TN
1640,cd39ad6d1934b2a8d659607d5fc0c1f88df011ba,0.2390924775365572,autoland,4775609,12,d42f896683fcaa492a6c00f43ebeea3a7281573d,macosx1015-64-shippable-qr,True,False,,,102210fe594ee9b33d82058545b1ed14f4c8206e,custom.styleeditor.reload.DAMP,damp,True,damp custom.styleeditor.reload.DAMP opt e10s fission stylo webrender,4775519,77,ms,firefox,451608636.0,1861452237,2024-03-21 02:02:41,1395495,,,,,,,,,,,,,,,,,,,,,,,,,,,,,,,,,,,,,,,,,,,,,,,,,TN
1641,d90b4451e543266ae9d98982a92dafa311c75db6,0.2458759310443795,autoland,4775609,12,d42f896683fcaa492a6c00f43ebeea3a7281573d,macosx1015-64-shippable-qr,True,False,,,102210fe594ee9b33d82058545b1ed14f4c8206e,custom.styleeditor.reload.DAMP,damp,True,damp custom.styleeditor.reload.DAMP opt e10s fission stylo webrender,4775519,77,ms,firefox,451743963.0,1861949513,2024-03-21 12:46:07,1395897,,,,,,,,,,,,,,,,,,,,,,,,,,,,,,,,,,,,,,,,,,,,,,,,,TN
1642,dbfd6042b4d2b3a3b509b22f41276fdfdd6a17b0,0.27969826553324934,autoland,4775609,12,d42f896683fcaa492a6c00f43ebeea3a7281573d,macosx1015-64-shippable-qr,True,False,,,102210fe594ee9b33d82058545b1ed14f4c8206e,custom.styleeditor.reload.DAMP,damp,True,damp custom.styleeditor.reload.DAMP opt e10s fission stylo webrender,4775519,77,ms,firefox,451746025.0,1861963452,2024-03-21 13:53:06,1395978,,,,,,,,,,,,,,,,,,,,,,,,,,,,,,,,,,,,,,,,,,,,,,,,,TN
1643,6a09c380e669a377e8254dd93ff3485ae0ec96c4,0.3449834881854931,autoland,4775609,12,d42f896683fcaa492a6c00f43ebeea3a7281573d,macosx1015-64-shippable-qr,True,False,,,102210fe594ee9b33d82058545b1ed14f4c8206e,custom.styleeditor.reload.DAMP,damp,True,damp custom.styleeditor.reload.DAMP opt e10s fission stylo webrender,4775519,77,ms,firefox,451748869.0,1861983699,2024-03-21 17:29:27,1396220,,,,,,,,,,,,,,,,,,,,,,,,,,,,,,,,,,,,,,,,,,,,,,,,,TN
1644,c83258a2f5a9fd7b7107508c07827d9aa1a83035,0.2784259123115795,autoland,4775609,12,d42f896683fcaa492a6c00f43ebeea3a7281573d,macosx1015-64-shippable-qr,True,False,,,102210fe594ee9b33d82058545b1ed14f4c8206e,custom.styleeditor.reload.DAMP,damp,True,damp custom.styleeditor.reload.DAMP opt e10s fission stylo webrender,4775519,77,ms,firefox,451749945.0,1861991738,2024-03-21 18:47:13,1396360,,,,,,,,,,,,,,,,,,,,,,,,,,,,,,,,,,,,,,,,,,,,,,,,,TN
1645,3e3e5631944ec7d9d81a7c8ca0c3b5998ad044b3,0.2473159032013153,autoland,4775609,12,d42f896683fcaa492a6c00f43ebeea3a7281573d,macosx1015-64-shippable-qr,True,False,,,102210fe594ee9b33d82058545b1ed14f4c8206e,custom.styleeditor.reload.DAMP,damp,True,damp custom.styleeditor.reload.DAMP opt e10s fission stylo webrender,4775519,77,ms,firefox,451769984.0,1862056677,2024-03-21 21:19:12,1396573,,,,,,,,,,,,,,,,,,,,,,,,,,,,,,,,,,,,,,,,,,,,,,,,,TN
1646,a64d6cbeaa4f78ec1f700f6123469eb1b3a31608,0.2804234458898333,autoland,4775609,12,d42f896683fcaa492a6c00f43ebeea3a7281573d,macosx1015-64-shippable-qr,True,False,,,102210fe594ee9b33d82058545b1ed14f4c8206e,custom.styleeditor.reload.DAMP,damp,True,damp custom.styleeditor.reload.DAMP opt e10s fission stylo webrender,4775519,77,ms,firefox,451830395.0,1862196921,2024-03-22 02:33:11,1396939,,,,,,,,,,,,,,,,,,,,,,,,,,,,,,,,,,,,,,,,,,,,,,,,,TN
1647,5d6efea5e0bbc9c3cb2231d09450c2c7dd045122,0.2518851450218305,autoland,4775609,12,d42f896683fcaa492a6c00f43ebeea3a7281573d,macosx1015-64-shippable-qr,True,False,,,102210fe594ee9b33d82058545b1ed14f4c8206e,custom.styleeditor.reload.DAMP,damp,True,damp custom.styleeditor.reload.DAMP opt e10s fission stylo webrender,4775519,77,ms,firefox,451879044.0,1862468986,2024-03-22 05:34:14,1397066,,,,,,,,,,,,,,,,,,,,,,,,,,,,,,,,,,,,,,,,,,,,,,,,,TN
1648,48b19f0a3ca9e2d02e502182cb41095a870c3c30,0.2676735201908708,autoland,4775609,12,d42f896683fcaa492a6c00f43ebeea3a7281573d,macosx1015-64-shippable-qr,True,False,,,102210fe594ee9b33d82058545b1ed14f4c8206e,custom.styleeditor.reload.DAMP,damp,True,damp custom.styleeditor.reload.DAMP opt e10s fission stylo webrender,4775519,77,ms,firefox,451906282.0,1862567451,2024-03-22 10:08:21,1397249,,,,,,,,,,,,,,,,,,,,,,,,,,,,,,,,,,,,,,,,,,,,,,,,,TN
1649,640f274ba8d721083e3a62631c1c96e652d0965c,0.25747424751837383,autoland,4775609,12,d42f896683fcaa492a6c00f43ebeea3a7281573d,macosx1015-64-shippable-qr,True,False,,,102210fe594ee9b33d82058545b1ed14f4c8206e,custom.styleeditor.reload.DAMP,damp,True,damp custom.styleeditor.reload.DAMP opt e10s fission stylo webrender,4775519,77,ms,firefox,451960048.0,1862784045,2024-03-22 13:22:55,1397337,,,,,,,,,,,,,,,,,,,,,,,,,,,,,,,,,,,,,,,,,,,,,,,,,TN
1650,d12a19660d53686074475ffbbed160cc788ebe05,0.2500267963754636,autoland,4775609,12,d42f896683fcaa492a6c00f43ebeea3a7281573d,macosx1015-64-shippable-qr,True,False,,,102210fe594ee9b33d82058545b1ed14f4c8206e,custom.styleeditor.reload.DAMP,damp,True,damp custom.styleeditor.reload.DAMP opt e10s fission stylo webrender,4775519,77,ms,firefox,451979545.0,1862870513,2024-03-22 17:28:16,1397524,,,,,,,,,,,,,,,,,,,,,,,,,,,,,,,,,,,,,,,,,,,,,,,,,TN
1651,a008405a9171acdb92d2997564e16713185f054f,0.24110190866931963,autoland,4775609,12,d42f896683fcaa492a6c00f43ebeea3a7281573d,macosx1015-64-shippable-qr,True,False,,,102210fe594ee9b33d82058545b1ed14f4c8206e,custom.styleeditor.reload.DAMP,damp,True,damp custom.styleeditor.reload.DAMP opt e10s fission stylo webrender,4775519,77,ms,firefox,451983931.0,1862897406,2024-03-22 22:43:04,1397682,,,,,,,,,,,,,,,,,,,,,,,,,,,,,,,,,,,,,,,,,,,,,,,,,TN
1652,341c752f9f931ed8ca1220eb7006bdfcd026038e,0.29049152018613517,autoland,4775609,12,d42f896683fcaa492a6c00f43ebeea3a7281573d,macosx1015-64-shippable-qr,True,False,,,102210fe594ee9b33d82058545b1ed14f4c8206e,custom.styleeditor.reload.DAMP,damp,True,damp custom.styleeditor.reload.DAMP opt e10s fission stylo webrender,4775519,77,ms,firefox,451985985.0,1862927190,2024-03-23 04:11:22,1397768,,,,,,,,,,,,,,,,,,,,,,,,,,,,,,,,,,,,,,,,,,,,,,,,,TN
1653,7575296d6781e483bc76a289f68623eb548baac4,0.26066902668583064,autoland,4775609,12,d42f896683fcaa492a6c00f43ebeea3a7281573d,macosx1015-64-shippable-qr,True,False,,,102210fe594ee9b33d82058545b1ed14f4c8206e,custom.styleeditor.reload.DAMP,damp,True,damp custom.styleeditor.reload.DAMP opt e10s fission stylo webrender,4775519,77,ms,firefox,451998254.0,1862970104,2024-03-23 08:45:37,1397819,,,,,,,,,,,,,,,,,,,,,,,,,,,,,,,,,,,,,,,,,,,,,,,,,TN
1654,47e43ed2bb6cad873900cd00ccf834a51f3dfe83,0.2935269395920696,autoland,4775609,12,d42f896683fcaa492a6c00f43ebeea3a7281573d,macosx1015-64-shippable-qr,True,False,,,102210fe594ee9b33d82058545b1ed14f4c8206e,custom.styleeditor.reload.DAMP,damp,True,damp custom.styleeditor.reload.DAMP opt e10s fission stylo webrender,4775519,77,ms,firefox,452018441.0,1863043776,2024-03-23 13:51:59,1397843,,,,,,,,,,,,,,,,,,,,,,,,,,,,,,,,,,,,,,,,,,,,,,,,,TN
1655,69c342123c6fdb9190169823dd12a42a77559b9f,0.22951922247728135,autoland,4775609,12,d42f896683fcaa492a6c00f43ebeea3a7281573d,macosx1015-64-shippable-qr,True,False,,,102210fe594ee9b33d82058545b1ed14f4c8206e,custom.styleeditor.reload.DAMP,damp,True,damp custom.styleeditor.reload.DAMP opt e10s fission stylo webrender,4775519,77,ms,firefox,452028719.0,1863083364,2024-03-23 18:44:13,1397871,,,,,,,,,,,,,,,,,,,,,,,,,,,,,,,,,,,,,,,,,,,,,,,,,TN
1656,c43bc8bba8a808b2f5005002f96936afa3697b34,0.2853822994344974,autoland,4775609,12,d42f896683fcaa492a6c00f43ebeea3a7281573d,macosx1015-64-shippable-qr,True,False,,,102210fe594ee9b33d82058545b1ed14f4c8206e,custom.styleeditor.reload.DAMP,damp,True,damp custom.styleeditor.reload.DAMP opt e10s fission stylo webrender,4775519,77,ms,firefox,452053838.0,1863212397,2024-03-24 00:54:50,1397899,,,,,,,,,,,,,,,,,,,,,,,,,,,,,,,,,,,,,,,,,,,,,,,,,TN
1657,fa1b327e74e89e08f7fff24dbb35f11e48736aab,0.2594398332281594,autoland,4775609,12,d42f896683fcaa492a6c00f43ebeea3a7281573d,macosx1015-64-shippable-qr,True,False,,,102210fe594ee9b33d82058545b1ed14f4c8206e,custom.styleeditor.reload.DAMP,damp,True,damp custom.styleeditor.reload.DAMP opt e10s fission stylo webrender,4775519,77,ms,firefox,452056305.0,1863223928,2024-03-24 07:02:41,1397916,,,,,,,,,,,,,,,,,,,,,,,,,,,,,,,,,,,,,,,,,,,,,,,,,TN
1658,f0597fea22797603c0e45ec1c43433afa5ed6dcd,0.2521456630685967,autoland,4775609,12,d42f896683fcaa492a6c00f43ebeea3a7281573d,macosx1015-64-shippable-qr,True,False,,,102210fe594ee9b33d82058545b1ed14f4c8206e,custom.styleeditor.reload.DAMP,damp,True,damp custom.styleeditor.reload.DAMP opt e10s fission stylo webrender,4775519,77,ms,firefox,452075423.0,1863288312,2024-03-24 11:13:54,1397937,,,,,,,,,,,,,,,,,,,,,,,,,,,,,,,,,,,,,,,,,,,,,,,,,TN
1659,6ec4249c788c48dc30dfb8737228af711e49fde2,0.26837160111071207,autoland,4775609,12,d42f896683fcaa492a6c00f43ebeea3a7281573d,macosx1015-64-shippable-qr,True,False,,,102210fe594ee9b33d82058545b1ed14f4c8206e,custom.styleeditor.reload.DAMP,damp,True,damp custom.styleeditor.reload.DAMP opt e10s fission stylo webrender,4775519,77,ms,firefox,452092316.0,1863347353,2024-03-24 18:59:17,1397954,,,,,,,,,,,,,,,,,,,,,,,,,,,,,,,,,,,,,,,,,,,,,,,,,TN
1660,f16b84d2aab6142f8b4fd6de574e96c2f551ebc7,0.220700983813441,autoland,4775609,12,d42f896683fcaa492a6c00f43ebeea3a7281573d,macosx1015-64-shippable-qr,True,False,,,102210fe594ee9b33d82058545b1ed14f4c8206e,custom.styleeditor.reload.DAMP,damp,True,damp custom.styleeditor.reload.DAMP opt e10s fission stylo webrender,4775519,77,ms,firefox,452105846.0,1863397994,2024-03-24 23:02:44,1397973,,,,,,,,,,,,,,,,,,,,,,,,,,,,,,,,,,,,,,,,,,,,,,,,,TN
1661,19d905446a32ebc5b281e61c8ee49718ee784a25,0.5471645554471702,autoland,4775609,12,d42f896683fcaa492a6c00f43ebeea3a7281573d,macosx1015-64-shippable-qr,True,False,,,102210fe594ee9b33d82058545b1ed14f4c8206e,custom.styleeditor.reload.DAMP,damp,True,damp custom.styleeditor.reload.DAMP opt e10s fission stylo webrender,4775519,77,ms,firefox,452115349.0,1863440696,2024-03-25 03:31:22,1397989,,,,,,,,,,,,,,,,,,,,,,,,,,,,,,,,,,,,,,,,,,,,,,,,,TN
1662,db7773c959d542b2327b7158f769c657e46e2992,0.24372688054619535,autoland,4775609,12,d42f896683fcaa492a6c00f43ebeea3a7281573d,macosx1015-64-shippable-qr,True,False,,,102210fe594ee9b33d82058545b1ed14f4c8206e,custom.styleeditor.reload.DAMP,damp,True,damp custom.styleeditor.reload.DAMP opt e10s fission stylo webrender,4775519,77,ms,firefox,452184157.0,1863705820,2024-03-25 08:43:58,1398035,,,,,,,,,,,,,,,,,,,,,,,,,,,,,,,,,,,,,,,,,,,,,,,,,TN
1663,71c813e27dff32e4664eb9116e60097837485bfb,0.49160074394810677,autoland,4775609,12,d42f896683fcaa492a6c00f43ebeea3a7281573d,macosx1015-64-shippable-qr,True,False,,,102210fe594ee9b33d82058545b1ed14f4c8206e,custom.styleeditor.reload.DAMP,damp,True,damp custom.styleeditor.reload.DAMP opt e10s fission stylo webrender,4775519,77,ms,firefox,452191490.0,1863730907,2024-03-25 09:25:18,1398057,,,,,,,,,,,,,,,,,,,,,,,,,,,,,,,,,,,,,,,,,,,,,,,,,TN
1664,5969005dae85cc8ac486b2f0bdbb7454b660f252,0.23668029361399762,autoland,4775609,12,d42f896683fcaa492a6c00f43ebeea3a7281573d,macosx1015-64-shippable-qr,True,False,,,102210fe594ee9b33d82058545b1ed14f4c8206e,custom.styleeditor.reload.DAMP,damp,True,damp custom.styleeditor.reload.DAMP opt e10s fission stylo webrender,4775519,77,ms,firefox,452293880.0,1864157376,2024-03-25 13:40:37,1398214,,,,,,,,,,,,,,,,,,,,,,,,,,,,,,,,,,,,,,,,,,,,,,,,,TN
1665,19dcff1ee3fcbb431110e0639c80a3ba51ee0a34,0.24578945847731132,autoland,4775609,12,d42f896683fcaa492a6c00f43ebeea3a7281573d,macosx1015-64-shippable-qr,True,False,,,102210fe594ee9b33d82058545b1ed14f4c8206e,custom.styleeditor.reload.DAMP,damp,True,damp custom.styleeditor.reload.DAMP opt e10s fission stylo webrender,4775519,77,ms,firefox,452294365.0,1864162685,2024-03-25 14:05:55,1398235,,,,,,,,,,,,,,,,,,,,,,,,,,,,,,,,,,,,,,,,,,,,,,,,,TN
1666,9b5934ed0d6138133e3cab84d859a8e38bd43683,0.24653911740775286,autoland,4775609,12,d42f896683fcaa492a6c00f43ebeea3a7281573d,macosx1015-64-shippable-qr,True,False,,,102210fe594ee9b33d82058545b1ed14f4c8206e,custom.styleeditor.reload.DAMP,damp,True,damp custom.styleeditor.reload.DAMP opt e10s fission stylo webrender,4775519,77,ms,firefox,452334509.0,1864361674,2024-03-25 17:00:38,1398374,,,,,,,,,,,,,,,,,,,,,,,,,,,,,,,,,,,,,,,,,,,,,,,,,TN
1667,05ef22f3485b9acca72235e56c8e11abea982310,0.24783323618788206,autoland,4775609,12,d42f896683fcaa492a6c00f43ebeea3a7281573d,macosx1015-64-shippable-qr,True,False,,,102210fe594ee9b33d82058545b1ed14f4c8206e,custom.styleeditor.reload.DAMP,damp,True,damp custom.styleeditor.reload.DAMP opt e10s fission stylo webrender,4775519,77,ms,firefox,452338088.0,1864370992,2024-03-25 20:16:40,1398545,,,,,,,,,,,,,,,,,,,,,,,,,,,,,,,,,,,,,,,,,,,,,,,,,TN
1668,af6fe1ffacb6272ced1d27e874f376c671a19461,0.3169545205836786,autoland,4775609,12,d42f896683fcaa492a6c00f43ebeea3a7281573d,macosx1015-64-shippable-qr,True,False,,,102210fe594ee9b33d82058545b1ed14f4c8206e,custom.styleeditor.reload.DAMP,damp,True,damp custom.styleeditor.reload.DAMP opt e10s fission stylo webrender,4775519,77,ms,firefox,452371008.0,1864471695,2024-03-26 00:18:31,1398725,,,,,,,,,,,,,,,,,,,,,,,,,,,,,,,,,,,,,,,,,,,,,,,,,TN
1669,f0c093accca57074b185d7b3a5a76937ae8c57ed,0.2636068373258907,autoland,4775609,12,d42f896683fcaa492a6c00f43ebeea3a7281573d,macosx1015-64-shippable-qr,True,False,,,102210fe594ee9b33d82058545b1ed14f4c8206e,custom.styleeditor.reload.DAMP,damp,True,damp custom.styleeditor.reload.DAMP opt e10s fission stylo webrender,4775519,77,ms,firefox,452377224.0,1864496486,2024-03-26 01:24:19,1398741,,,,,,,,,,,,,,,,,,,,,,,,,,,,,,,,,,,,,,,,,,,,,,,,,TN
1670,f76227b1c05f51b70e7d261e993b5cfa5fd8ee70,0.28377552784191035,autoland,4775609,12,d42f896683fcaa492a6c00f43ebeea3a7281573d,macosx1015-64-shippable-qr,True,False,,,102210fe594ee9b33d82058545b1ed14f4c8206e,custom.styleeditor.reload.DAMP,damp,True,damp custom.styleeditor.reload.DAMP opt e10s fission stylo webrender,4775519,77,ms,firefox,452404830.0,1864615878,2024-03-26 06:19:49,1398803,,,,,,,,,,,,,,,,,,,,,,,,,,,,,,,,,,,,,,,,,,,,,,,,,TN
1671,e02aed8fb19856047df1d2cb7de887404e2b6956,0.21254016045851304,autoland,4775609,12,d42f896683fcaa492a6c00f43ebeea3a7281573d,macosx1015-64-shippable-qr,True,False,,,102210fe594ee9b33d82058545b1ed14f4c8206e,custom.styleeditor.reload.DAMP,damp,True,damp custom.styleeditor.reload.DAMP opt e10s fission stylo webrender,4775519,77,ms,firefox,452405827.0,1864621590,2024-03-26 09:05:54,1398850,,,,,,,,,,,,,,,,,,,,,,,,,,,,,,,,,,,,,,,,,,,,,,,,,TN
1672,8bfc3595e66f8c45af3a35d0489015d7522799d3,0.2383947191506846,autoland,4775609,12,d42f896683fcaa492a6c00f43ebeea3a7281573d,macosx1015-64-shippable-qr,True,False,,,102210fe594ee9b33d82058545b1ed14f4c8206e,custom.styleeditor.reload.DAMP,damp,True,damp custom.styleeditor.reload.DAMP opt e10s fission stylo webrender,4775519,77,ms,firefox,452409432.0,1864639023,2024-03-26 12:57:56,1398965,,,,,,,,,,,,,,,,,,,,,,,,,,,,,,,,,,,,,,,,,,,,,,,,,TN
1673,a95909edf99f57b3e1ff98f748fd9e2ff57447da,0.23479697875310573,autoland,4775609,12,d42f896683fcaa492a6c00f43ebeea3a7281573d,macosx1015-64-shippable-qr,True,False,,,102210fe594ee9b33d82058545b1ed14f4c8206e,custom.styleeditor.reload.DAMP,damp,True,damp custom.styleeditor.reload.DAMP opt e10s fission stylo webrender,4775519,77,ms,firefox,452411133.0,1864650309,2024-03-26 16:59:38,1399161,,,,,,,,,,,,,,,,,,,,,,,,,,,,,,,,,,,,,,,,,,,,,,,,,TN
1674,a93eeb987e4a1e533ac94ec0d1703c6f9b52b9ef,0.23337562031744902,autoland,4775609,12,d42f896683fcaa492a6c00f43ebeea3a7281573d,macosx1015-64-shippable-qr,True,False,,,102210fe594ee9b33d82058545b1ed14f4c8206e,custom.styleeditor.reload.DAMP,damp,True,damp custom.styleeditor.reload.DAMP opt e10s fission stylo webrender,4775519,77,ms,firefox,452413099.0,1864653635,2024-03-26 17:44:32,1399196,,,,,,,,,,,,,,,,,,,,,,,,,,,,,,,,,,,,,,,,,,,,,,,,,TN
1675,dfd96ba0e09153e6f98c22d8adcaf944059434ac,0.528858382384062,autoland,4775609,12,d42f896683fcaa492a6c00f43ebeea3a7281573d,macosx1015-64-shippable-qr,True,False,,,102210fe594ee9b33d82058545b1ed14f4c8206e,custom.styleeditor.reload.DAMP,damp,True,damp custom.styleeditor.reload.DAMP opt e10s fission stylo webrender,4775519,77,ms,firefox,452415385.0,1864672448,2024-03-26 19:19:03,1399261,,,,,,,,,,,,,,,,,,,,,,,,,,,,,,,,,,,,,,,,,,,,,,,,,TN
1676,babb5943701ffb0ddb6991106d28f73ad2061bb6,0.2449079012499809,autoland,4775609,12,d42f896683fcaa492a6c00f43ebeea3a7281573d,macosx1015-64-shippable-qr,True,False,,,102210fe594ee9b33d82058545b1ed14f4c8206e,custom.styleeditor.reload.DAMP,damp,True,damp custom.styleeditor.reload.DAMP opt e10s fission stylo webrender,4775519,77,ms,firefox,452432749.0,1864741991,2024-03-26 22:59:31,1399480,,,,,,,,,,,,,,,,,,,,,,,,,,,,,,,,,,,,,,,,,,,,,,,,,TN
1677,1e79b6199559c2d8acfccdb5e9d5bc62033e6c15,0.3085565541191681,autoland,4775609,12,d42f896683fcaa492a6c00f43ebeea3a7281573d,macosx1015-64-shippable-qr,True,False,,,102210fe594ee9b33d82058545b1ed14f4c8206e,custom.styleeditor.reload.DAMP,damp,True,damp custom.styleeditor.reload.DAMP opt e10s fission stylo webrender,4775519,77,ms,firefox,452481349.0,1864997987,2024-03-27 06:25:00,1399622,,,,,,,,,,,,,,,,,,,,,,,,,,,,,,,,,,,,,,,,,,,,,,,,,TN
1678,7f2993771f48536c575137e4b51984ab6d3de136,0.25331970047287294,autoland,4775609,12,d42f896683fcaa492a6c00f43ebeea3a7281573d,macosx1015-64-shippable-qr,True,False,,,102210fe594ee9b33d82058545b1ed14f4c8206e,custom.styleeditor.reload.DAMP,damp,True,damp custom.styleeditor.reload.DAMP opt e10s fission stylo webrender,4775519,77,ms,firefox,452494613.0,1865053559,2024-03-27 09:31:11,1399694,,,,,,,,,,,,,,,,,,,,,,,,,,,,,,,,,,,,,,,,,,,,,,,,,TN
1679,bc7ca80e302a788b0c3cc63cb148c628351b4946,0.5275252539965585,autoland,4775609,12,d42f896683fcaa492a6c00f43ebeea3a7281573d,macosx1015-64-shippable-qr,True,False,,,102210fe594ee9b33d82058545b1ed14f4c8206e,custom.styleeditor.reload.DAMP,damp,True,damp custom.styleeditor.reload.DAMP opt e10s fission stylo webrender,4775519,77,ms,firefox,452535841.0,1865233062,2024-03-27 13:38:48,1399827,,,,,,,,,,,,,,,,,,,,,,,,,,,,,,,,,,,,,,,,,,,,,,,,,TN
1680,f8ac03b3c764017d5704deed413c8d35c99978fd,0.2573131247904949,autoland,4775609,12,d42f896683fcaa492a6c00f43ebeea3a7281573d,macosx1015-64-shippable-qr,True,False,,,102210fe594ee9b33d82058545b1ed14f4c8206e,custom.styleeditor.reload.DAMP,damp,True,damp custom.styleeditor.reload.DAMP opt e10s fission stylo webrender,4775519,77,ms,firefox,452548886.0,1865275057,2024-03-27 15:45:41,1399897,,,,,,,,,,,,,,,,,,,,,,,,,,,,,,,,,,,,,,,,,,,,,,,,,TN
1681,b1cc62489fae8d475f67dec2d9abdf69e2d47614,0.24640107176681875,autoland,4775609,12,d42f896683fcaa492a6c00f43ebeea3a7281573d,macosx1015-64-shippable-qr,True,False,,,102210fe594ee9b33d82058545b1ed14f4c8206e,custom.styleeditor.reload.DAMP,damp,True,damp custom.styleeditor.reload.DAMP opt e10s fission stylo webrender,4775519,77,ms,firefox,452621132.0,1865529532,2024-03-28 01:10:01,1400291,,,,,,,,,,,,,,,,,,,,,,,,,,,,,,,,,,,,,,,,,,,,,,,,,TN
1682,1e7411c6b6399b5f5595f99e8d08576e473af625,0.3969153898834343,autoland,4775609,12,d42f896683fcaa492a6c00f43ebeea3a7281573d,macosx1015-64-shippable-qr,True,False,,,102210fe594ee9b33d82058545b1ed14f4c8206e,custom.styleeditor.reload.DAMP,damp,True,damp custom.styleeditor.reload.DAMP opt e10s fission stylo webrender,4775519,77,ms,firefox,452670942.0,1865719225,2024-03-28 09:47:39,1400442,,,,,,,,,,,,,,,,,,,,,,,,,,,,,,,,,,,,,,,,,,,,,,,,,TN
1683,55aaac6352fb1fbc44f600408b2bd5a63b4ae440,0.2692432930767185,autoland,4775609,12,d42f896683fcaa492a6c00f43ebeea3a7281573d,macosx1015-64-shippable-qr,True,False,,,102210fe594ee9b33d82058545b1ed14f4c8206e,custom.styleeditor.reload.DAMP,damp,True,damp custom.styleeditor.reload.DAMP opt e10s fission stylo webrender,4775519,77,ms,firefox,452673975.0,1865730397,2024-03-28 10:32:02,1400466,,,,,,,,,,,,,,,,,,,,,,,,,,,,,,,,,,,,,,,,,,,,,,,,,TN
1684,1c98db62bb1a20d26f812d28d86672158450e71c,0.2703678067046597,autoland,4775609,12,d42f896683fcaa492a6c00f43ebeea3a7281573d,macosx1015-64-shippable-qr,True,False,,,102210fe594ee9b33d82058545b1ed14f4c8206e,custom.styleeditor.reload.DAMP,damp,True,damp custom.styleeditor.reload.DAMP opt e10s fission stylo webrender,4775519,77,ms,firefox,452701897.0,1865832558,2024-03-28 14:53:03,1400606,,,,,,,,,,,,,,,,,,,,,,,,,,,,,,,,,,,,,,,,,,,,,,,,,TN
1685,2b1a58a2fa54e47a357b20bda28512cebd79f732,0.24512526282391472,autoland,4775609,12,d42f896683fcaa492a6c00f43ebeea3a7281573d,macosx1015-64-shippable-qr,True,False,,,102210fe594ee9b33d82058545b1ed14f4c8206e,custom.styleeditor.reload.DAMP,damp,True,damp custom.styleeditor.reload.DAMP opt e10s fission stylo webrender,4775519,77,ms,firefox,452706746.0,1865852206,2024-03-28 15:08:02,1400620,,,,,,,,,,,,,,,,,,,,,,,,,,,,,,,,,,,,,,,,,,,,,,,,,TN
1686,b9f38a3edd45f19c8f1f0e6f96e11dea269f3399,0.25066381360420303,autoland,4775609,12,d42f896683fcaa492a6c00f43ebeea3a7281573d,macosx1015-64-shippable-qr,True,False,,,102210fe594ee9b33d82058545b1ed14f4c8206e,custom.styleeditor.reload.DAMP,damp,True,damp custom.styleeditor.reload.DAMP opt e10s fission stylo webrender,4775519,77,ms,firefox,452771144.0,1866125108,2024-03-28 19:06:21,1400789,,,,,,,,,,,,,,,,,,,,,,,,,,,,,,,,,,,,,,,,,,,,,,,,,TN
1687,8b46ddebfb7e99c2dd8d13182e11398381eda976,0.2306109753194877,autoland,4775609,12,d42f896683fcaa492a6c00f43ebeea3a7281573d,macosx1015-64-shippable-qr,True,False,,,102210fe594ee9b33d82058545b1ed14f4c8206e,custom.styleeditor.reload.DAMP,damp,True,damp custom.styleeditor.reload.DAMP opt e10s fission stylo webrender,4775519,77,ms,firefox,452772375.0,1866134469,2024-03-28 23:11:00,1400928,,,,,,,,,,,,,,,,,,,,,,,,,,,,,,,,,,,,,,,,,,,,,,,,,TN
1688,28b4eaeb70285be21ee6612c4e891e41c7949b68,0.28529040741890893,autoland,4775609,12,d42f896683fcaa492a6c00f43ebeea3a7281573d,macosx1015-64-shippable-qr,True,False,,,102210fe594ee9b33d82058545b1ed14f4c8206e,custom.styleeditor.reload.DAMP,damp,True,damp custom.styleeditor.reload.DAMP opt e10s fission stylo webrender,4775519,77,ms,firefox,452775201.0,1866141545,2024-03-29 00:03:22,1400956,,,,,,,,,,,,,,,,,,,,,,,,,,,,,,,,,,,,,,,,,,,,,,,,,TN
1689,4120fb3d12f57159ca2e6809f555312e00adda5d,0.5004201087382432,autoland,4775609,12,d42f896683fcaa492a6c00f43ebeea3a7281573d,macosx1015-64-shippable-qr,True,False,,,102210fe594ee9b33d82058545b1ed14f4c8206e,custom.styleeditor.reload.DAMP,damp,True,damp custom.styleeditor.reload.DAMP opt e10s fission stylo webrender,4775519,77,ms,firefox,452883388.0,1866569393,2024-03-29 04:27:46,1401028,,,,,,,,,,,,,,,,,,,,,,,,,,,,,,,,,,,,,,,,,,,,,,,,,TN
1690,39124d8575b2fb025ca7fd37b91e052f28e88e67,0.3129098912539325,autoland,4775609,12,d42f896683fcaa492a6c00f43ebeea3a7281573d,macosx1015-64-shippable-qr,True,False,,,102210fe594ee9b33d82058545b1ed14f4c8206e,custom.styleeditor.reload.DAMP,damp,True,damp custom.styleeditor.reload.DAMP opt e10s fission stylo webrender,4775519,77,ms,firefox,452897016.0,1866659085,2024-03-29 12:22:16,1401116,,,,,,,,,,,,,,,,,,,,,,,,,,,,,,,,,,,,,,,,,,,,,,,,,TN
1691,33becba24b3c497daf0c1180e5c659ed3cc9028c,0.26215568837916764,autoland,4775609,12,d42f896683fcaa492a6c00f43ebeea3a7281573d,macosx1015-64-shippable-qr,True,False,,,102210fe594ee9b33d82058545b1ed14f4c8206e,custom.styleeditor.reload.DAMP,damp,True,damp custom.styleeditor.reload.DAMP opt e10s fission stylo webrender,4775519,77,ms,firefox,452908177.0,1866705098,2024-03-29 16:11:04,1401211,,,,,,,,,,,,,,,,,,,,,,,,,,,,,,,,,,,,,,,,,,,,,,,,,TN
1692,dd4f0b5931701d3aa7f7ed94fd3ba8c45816316c,0.25478528775199644,autoland,4775609,12,d42f896683fcaa492a6c00f43ebeea3a7281573d,macosx1015-64-shippable-qr,True,False,,,102210fe594ee9b33d82058545b1ed14f4c8206e,custom.styleeditor.reload.DAMP,damp,True,damp custom.styleeditor.reload.DAMP opt e10s fission stylo webrender,4775519,77,ms,firefox,452908884.0,1866709247,2024-03-29 20:24:43,1401326,,,,,,,,,,,,,,,,,,,,,,,,,,,,,,,,,,,,,,,,,,,,,,,,,TN
1693,2fe1ab05c8fa00d73df88b20df9bc87301a46d46,0.27083994379434356,autoland,4775609,12,d42f896683fcaa492a6c00f43ebeea3a7281573d,macosx1015-64-shippable-qr,True,False,,,102210fe594ee9b33d82058545b1ed14f4c8206e,custom.styleeditor.reload.DAMP,damp,True,damp custom.styleeditor.reload.DAMP opt e10s fission stylo webrender,4775519,77,ms,firefox,452912159.0,1866728418,2024-03-30 04:38:25,1401437,,,,,,,,,,,,,,,,,,,,,,,,,,,,,,,,,,,,,,,,,,,,,,,,,TN
1694,3e1a0031f44e72f557f0ec79cf8423168b952d80,0.28911164850660437,autoland,4775609,12,d42f896683fcaa492a6c00f43ebeea3a7281573d,macosx1015-64-shippable-qr,True,False,,,102210fe594ee9b33d82058545b1ed14f4c8206e,custom.styleeditor.reload.DAMP,damp,True,damp custom.styleeditor.reload.DAMP opt e10s fission stylo webrender,4775519,77,ms,firefox,452920810.0,1866766156,2024-03-30 08:43:08,1401445,,,,,,,,,,,,,,,,,,,,,,,,,,,,,,,,,,,,,,,,,,,,,,,,,TN
1695,dea770591ed30035f88966bbf45cbbcc6557cdcc,0.25130879489904007,autoland,4775609,12,d42f896683fcaa492a6c00f43ebeea3a7281573d,macosx1015-64-shippable-qr,True,False,,,102210fe594ee9b33d82058545b1ed14f4c8206e,custom.styleeditor.reload.DAMP,damp,True,damp custom.styleeditor.reload.DAMP opt e10s fission stylo webrender,4775519,77,ms,firefox,452933818.0,1866807103,2024-03-30 16:23:17,1401476,,,,,,,,,,,,,,,,,,,,,,,,,,,,,,,,,,,,,,,,,,,,,,,,,TN
1696,d7916bbe3cb4118dd9464ef3af064b13b3b0d0c4,0.21827125250644325,autoland,4775609,12,d42f896683fcaa492a6c00f43ebeea3a7281573d,macosx1015-64-shippable-qr,True,False,,,102210fe594ee9b33d82058545b1ed14f4c8206e,custom.styleeditor.reload.DAMP,damp,True,damp custom.styleeditor.reload.DAMP opt e10s fission stylo webrender,4775519,77,ms,firefox,452939497.0,1866835711,2024-03-30 17:37:54,1401479,,,,,,,,,,,,,,,,,,,,,,,,,,,,,,,,,,,,,,,,,,,,,,,,,TN
1697,579426b2f39c365731042d79d87533ac3f616461,0.25997093095574036,autoland,4775609,12,d42f896683fcaa492a6c00f43ebeea3a7281573d,macosx1015-64-shippable-qr,True,False,,,102210fe594ee9b33d82058545b1ed14f4c8206e,custom.styleeditor.reload.DAMP,damp,True,damp custom.styleeditor.reload.DAMP opt e10s fission stylo webrender,4775519,77,ms,firefox,452989430.0,1867007736,2024-03-31 07:04:36,1401509,,,,,,,,,,,,,,,,,,,,,,,,,,,,,,,,,,,,,,,,,,,,,,,,,TN
1698,dfc3fd176c4fcd62b5a28dcfedea3c509f24ebf5,0.2515600143130902,autoland,4775609,12,d42f896683fcaa492a6c00f43ebeea3a7281573d,macosx1015-64-shippable-qr,True,False,,,102210fe594ee9b33d82058545b1ed14f4c8206e,custom.styleeditor.reload.DAMP,damp,True,damp custom.styleeditor.reload.DAMP opt e10s fission stylo webrender,4775519,77,ms,firefox,452989780.0,1867012859,2024-03-31 14:47:20,1401533,,,,,,,,,,,,,,,,,,,,,,,,,,,,,,,,,,,,,,,,,,,,,,,,,TN
1699,334eacacff83840ceed0bb2077c0a2a527e491a5,0.2605773003254303,autoland,4775609,12,d42f896683fcaa492a6c00f43ebeea3a7281573d,macosx1015-64-shippable-qr,True,False,,,102210fe594ee9b33d82058545b1ed14f4c8206e,custom.styleeditor.reload.DAMP,damp,True,damp custom.styleeditor.reload.DAMP opt e10s fission stylo webrender,4775519,77,ms,firefox,452994055.0,1867036754,2024-03-31 19:03:22,1401545,,,,,,,,,,,,,,,,,,,,,,,,,,,,,,,,,,,,,,,,,,,,,,,,,TN
1700,5d97e037b69610f99c35f4bbd65d27bafc5605fc,0.5095692129624827,autoland,4775609,12,d42f896683fcaa492a6c00f43ebeea3a7281573d,macosx1015-64-shippable-qr,True,False,,,102210fe594ee9b33d82058545b1ed14f4c8206e,custom.styleeditor.reload.DAMP,damp,True,damp custom.styleeditor.reload.DAMP opt e10s fission stylo webrender,4775519,77,ms,firefox,453017612.0,1867133622,2024-04-01 07:03:36,1401600,,,,,,,,,,,,,,,,,,,,,,,,,,,,,,,,,,,,,,,,,,,,,,,,,TN
1701,9546c05d8f57091e5d3e12129a49f11b8b027da7,0.34619220676916423,autoland,4775609,12,d42f896683fcaa492a6c00f43ebeea3a7281573d,macosx1015-64-shippable-qr,True,False,,,102210fe594ee9b33d82058545b1ed14f4c8206e,custom.styleeditor.reload.DAMP,damp,True,damp custom.styleeditor.reload.DAMP opt e10s fission stylo webrender,4775519,77,ms,firefox,453039582.0,1867193305,2024-04-01 11:30:18,1401661,,,,,,,,,,,,,,,,,,,,,,,,,,,,,,,,,,,,,,,,,,,,,,,,,TN
1702,26157b52a8c30d72d8e065cc4a8286633ee85b63,0.31809379452946523,autoland,4775609,12,d42f896683fcaa492a6c00f43ebeea3a7281573d,macosx1015-64-shippable-qr,True,False,,,102210fe594ee9b33d82058545b1ed14f4c8206e,custom.styleeditor.reload.DAMP,damp,True,damp custom.styleeditor.reload.DAMP opt e10s fission stylo webrender,4775519,77,ms,firefox,453061368.0,1867235917,2024-04-01 13:16:41,1401687,,,,,,,,,,,,,,,,,,,,,,,,,,,,,,,,,,,,,,,,,,,,,,,,,TN
1703,cdd16ab5df10333f1a1eb637ecf2692e15271d17,0.2531768036575485,autoland,4775609,12,d42f896683fcaa492a6c00f43ebeea3a7281573d,macosx1015-64-shippable-qr,True,False,,,102210fe594ee9b33d82058545b1ed14f4c8206e,custom.styleeditor.reload.DAMP,damp,True,damp custom.styleeditor.reload.DAMP opt e10s fission stylo webrender,4775519,77,ms,firefox,453086974.0,1867324409,2024-04-01 17:19:53,1401785,,,,,,,,,,,,,,,,,,,,,,,,,,,,,,,,,,,,,,,,,,,,,,,,,TN
1704,57354c5689ef8a5f598978d912570706445e1034,0.249687406154192,autoland,4775609,12,d42f896683fcaa492a6c00f43ebeea3a7281573d,macosx1015-64-shippable-qr,True,False,,,102210fe594ee9b33d82058545b1ed14f4c8206e,custom.styleeditor.reload.DAMP,damp,True,damp custom.styleeditor.reload.DAMP opt e10s fission stylo webrender,4775519,77,ms,firefox,453093203.0,1867350884,2024-04-01 18:19:29,1401826,,,,,,,,,,,,,,,,,,,,,,,,,,,,,,,,,,,,,,,,,,,,,,,,,TN
1705,13111643fbf4557d26174a12b2cde1954182b0ab,0.3057654931493327,autoland,4775609,12,d42f896683fcaa492a6c00f43ebeea3a7281573d,macosx1015-64-shippable-qr,True,False,,,102210fe594ee9b33d82058545b1ed14f4c8206e,custom.styleeditor.reload.DAMP,damp,True,damp custom.styleeditor.reload.DAMP opt e10s fission stylo webrender,4775519,77,ms,firefox,453137629.0,1867508961,2024-04-01 22:35:55,1402004,,,,,,,,,,,,,,,,,,,,,,,,,,,,,,,,,,,,,,,,,,,,,,,,,TN
1706,e7ec5d35ae0d80f4a77b6705e1a393c637da672e,0.2653659425953942,autoland,4775609,12,d42f896683fcaa492a6c00f43ebeea3a7281573d,macosx1015-64-shippable-qr,True,False,,,102210fe594ee9b33d82058545b1ed14f4c8206e,custom.styleeditor.reload.DAMP,damp,True,damp custom.styleeditor.reload.DAMP opt e10s fission stylo webrender,4775519,77,ms,firefox,453134271.0,1867492328,2024-04-01 22:39:43,1402007,,,,,,,,,,,,,,,,,,,,,,,,,,,,,,,,,,,,,,,,,,,,,,,,,TN
1707,de086751acb845c252c37aab95a7e6b265df39a6,0.26674912902468234,autoland,4775609,12,d42f896683fcaa492a6c00f43ebeea3a7281573d,macosx1015-64-shippable-qr,True,False,,,102210fe594ee9b33d82058545b1ed14f4c8206e,custom.styleeditor.reload.DAMP,damp,True,damp custom.styleeditor.reload.DAMP opt e10s fission stylo webrender,4775519,77,ms,firefox,453153082.0,1867619245,2024-04-02 04:32:43,1402085,,,,,,,,,,,,,,,,,,,,,,,,,,,,,,,,,,,,,,,,,,,,,,,,,TN
1708,81ea9950a766d85ced5d1db992689422649c3b26,0.2847775860683837,autoland,4775609,12,d42f896683fcaa492a6c00f43ebeea3a7281573d,macosx1015-64-shippable-qr,True,False,,,102210fe594ee9b33d82058545b1ed14f4c8206e,custom.styleeditor.reload.DAMP,damp,True,damp custom.styleeditor.reload.DAMP opt e10s fission stylo webrender,4775519,77,ms,firefox,453418493.0,1868601731,2024-04-03 12:19:12,1403087,,,,,,,,,,,,,,,,,,,,,,,,,,,,,,,,,,,,,,,,,,,,,,,,,TN
1709,31ead35d5981bb6a0da919643013edfb0b8934b6,0.25307487249751554,autoland,4775609,12,d42f896683fcaa492a6c00f43ebeea3a7281573d,macosx1015-64-shippable-qr,True,False,,,102210fe594ee9b33d82058545b1ed14f4c8206e,custom.styleeditor.reload.DAMP,damp,True,damp custom.styleeditor.reload.DAMP opt e10s fission stylo webrender,4775519,77,ms,firefox,453420568.0,1868614941,2024-04-03 15:08:48,1403194,,,,,,,,,,,,,,,,,,,,,,,,,,,,,,,,,,,,,,,,,,,,,,,,,TN
1710,aedb2756de7fa4089d89d53f49a007290003d58d,0.2387981279789782,autoland,4775609,12,d42f896683fcaa492a6c00f43ebeea3a7281573d,macosx1015-64-shippable-qr,True,False,,,102210fe594ee9b33d82058545b1ed14f4c8206e,custom.styleeditor.reload.DAMP,damp,True,damp custom.styleeditor.reload.DAMP opt e10s fission stylo webrender,4775519,77,ms,firefox,453476786.0,1868834893,2024-04-03 23:35:22,1403575,,,,,,,,,,,,,,,,,,,,,,,,,,,,,,,,,,,,,,,,,,,,,,,,,TN
1711,f2360b4c9b8a110f0b1c40841a767a47da5b85be,0.3018339821914307,autoland,4775609,12,d42f896683fcaa492a6c00f43ebeea3a7281573d,macosx1015-64-shippable-qr,True,False,,,102210fe594ee9b33d82058545b1ed14f4c8206e,custom.styleeditor.reload.DAMP,damp,True,damp custom.styleeditor.reload.DAMP opt e10s fission stylo webrender,4775519,77,ms,firefox,453497757.0,1868935829,2024-04-04 04:04:35,1403674,,,,,,,,,,,,,,,,,,,,,,,,,,,,,,,,,,,,,,,,,,,,,,,,,TN
1712,08ea8edc42ee204a4f50aae52417198c7a11d742,0.2339516413239206,autoland,4775609,12,d42f896683fcaa492a6c00f43ebeea3a7281573d,macosx1015-64-shippable-qr,True,False,,,102210fe594ee9b33d82058545b1ed14f4c8206e,custom.styleeditor.reload.DAMP,damp,True,damp custom.styleeditor.reload.DAMP opt e10s fission stylo webrender,4775519,77,ms,firefox,453513153.0,1869011483,2024-04-04 08:28:09,1403757,,,,,,,,,,,,,,,,,,,,,,,,,,,,,,,,,,,,,,,,,,,,,,,,,TN
1713,a260c2683052c9aa36748f1ded4e99c0d2bcf63e,0.2925068781550801,autoland,4775609,12,d42f896683fcaa492a6c00f43ebeea3a7281573d,macosx1015-64-shippable-qr,True,False,,,102210fe594ee9b33d82058545b1ed14f4c8206e,custom.styleeditor.reload.DAMP,damp,True,damp custom.styleeditor.reload.DAMP opt e10s fission stylo webrender,4775519,77,ms,firefox,453521853.0,1869049890,2024-04-04 12:29:27,1403877,,,,,,,,,,,,,,,,,,,,,,,,,,,,,,,,,,,,,,,,,,,,,,,,,TN
1714,e633b6ff34e81c89b87f1d4e3b18fcae399b3d37,0.3469832504296661,autoland,4775609,12,d42f896683fcaa492a6c00f43ebeea3a7281573d,macosx1015-64-shippable-qr,True,False,,,102210fe594ee9b33d82058545b1ed14f4c8206e,custom.styleeditor.reload.DAMP,damp,True,damp custom.styleeditor.reload.DAMP opt e10s fission stylo webrender,4775519,77,ms,firefox,453535075.0,1869095619,2024-04-04 15:41:47,1404042,,,,,,,,,,,,,,,,,,,,,,,,,,,,,,,,,,,,,,,,,,,,,,,,,TN
1715,2b8e4c563c2fa403003707729e7fd66dd5909763,0.2814083374097179,autoland,4775609,12,d42f896683fcaa492a6c00f43ebeea3a7281573d,macosx1015-64-shippable-qr,True,False,,,102210fe594ee9b33d82058545b1ed14f4c8206e,custom.styleeditor.reload.DAMP,damp,True,damp custom.styleeditor.reload.DAMP opt e10s fission stylo webrender,4775519,77,ms,firefox,453546330.0,1869151664,2024-04-04 17:55:39,1404131,,,,,,,,,,,,,,,,,,,,,,,,,,,,,,,,,,,,,,,,,,,,,,,,,TN
1716,7689f9c266fcdf019b8bea308bf5569885d72ed3,0.27390397492643553,autoland,4775609,12,d42f896683fcaa492a6c00f43ebeea3a7281573d,macosx1015-64-shippable-qr,True,False,,,102210fe594ee9b33d82058545b1ed14f4c8206e,custom.styleeditor.reload.DAMP,damp,True,damp custom.styleeditor.reload.DAMP opt e10s fission stylo webrender,4775519,77,ms,firefox,453571276.0,1869248339,2024-04-04 22:08:58,1404331,,,,,,,,,,,,,,,,,,,,,,,,,,,,,,,,,,,,,,,,,,,,,,,,,TN
1717,8600529acb2a250f255ea4d80486fecb2b7dc31b,0.3366454428299935,autoland,4775609,12,d42f896683fcaa492a6c00f43ebeea3a7281573d,macosx1015-64-shippable-qr,True,False,,,102210fe594ee9b33d82058545b1ed14f4c8206e,custom.styleeditor.reload.DAMP,damp,True,damp custom.styleeditor.reload.DAMP opt e10s fission stylo webrender,4775519,77,ms,firefox,453584882.0,1869304294,2024-04-05 00:24:01,1404399,,,,,,,,,,,,,,,,,,,,,,,,,,,,,,,,,,,,,,,,,,,,,,,,,TN
1718,ea8ea972270ddb95f071f900f9199fb7ff95bb10,0.261507930439744,autoland,4775609,12,d42f896683fcaa492a6c00f43ebeea3a7281573d,macosx1015-64-shippable-qr,True,False,,,102210fe594ee9b33d82058545b1ed14f4c8206e,custom.styleeditor.reload.DAMP,damp,True,damp custom.styleeditor.reload.DAMP opt e10s fission stylo webrender,4775519,77,ms,firefox,453596654.0,1869351554,2024-04-05 04:36:57,1404445,,,,,,,,,,,,,,,,,,,,,,,,,,,,,,,,,,,,,,,,,,,,,,,,,TN
1719,e25a9624d6d92e1a88da8b414e3ea781e4e25a07,0.3038829720072657,autoland,4775609,12,d42f896683fcaa492a6c00f43ebeea3a7281573d,macosx1015-64-shippable-qr,True,False,,,102210fe594ee9b33d82058545b1ed14f4c8206e,custom.styleeditor.reload.DAMP,damp,True,damp custom.styleeditor.reload.DAMP opt e10s fission stylo webrender,4775519,77,ms,firefox,453707101.0,1869774999,2024-04-05 13:56:08,1404693,,,,,,,,,,,,,,,,,,,,,,,,,,,,,,,,,,,,,,,,,,,,,,,,,TN
1720,bcbab342eed82aec3d4dd40516bf07e1ee96e716,0.23967853329922645,autoland,4775609,12,d42f896683fcaa492a6c00f43ebeea3a7281573d,macosx1015-64-shippable-qr,True,False,,,102210fe594ee9b33d82058545b1ed14f4c8206e,custom.styleeditor.reload.DAMP,damp,True,damp custom.styleeditor.reload.DAMP opt e10s fission stylo webrender,4775519,77,ms,firefox,453716913.0,1869831586,2024-04-05 21:23:25,1405041,,,,,,,,,,,,,,,,,,,,,,,,,,,,,,,,,,,,,,,,,,,,,,,,,TN
1721,5695ee1969a8c3cddf47affcdc2358c67fa09729,0.3073993235876494,autoland,4775609,12,d42f896683fcaa492a6c00f43ebeea3a7281573d,macosx1015-64-shippable-qr,True,False,,,102210fe594ee9b33d82058545b1ed14f4c8206e,custom.styleeditor.reload.DAMP,damp,True,damp custom.styleeditor.reload.DAMP opt e10s fission stylo webrender,4775519,77,ms,firefox,453729790.0,1869914962,2024-04-06 02:12:01,1405161,,,,,,,,,,,,,,,,,,,,,,,,,,,,,,,,,,,,,,,,,,,,,,,,,TN
1722,9fc8fef3e3ad12973fa215fac0d8ce85b8476e0a,0.24129455635121616,autoland,4775609,12,d42f896683fcaa492a6c00f43ebeea3a7281573d,macosx1015-64-shippable-qr,True,False,,,102210fe594ee9b33d82058545b1ed14f4c8206e,custom.styleeditor.reload.DAMP,damp,True,damp custom.styleeditor.reload.DAMP opt e10s fission stylo webrender,4775519,77,ms,firefox,453756966.0,1870040939,2024-04-06 08:07:05,1405200,,,,,,,,,,,,,,,,,,,,,,,,,,,,,,,,,,,,,,,,,,,,,,,,,TN
1723,0f5a5f081afbca1abac9185c32c792b9c3550264,0.24998042114513847,autoland,4775609,12,d42f896683fcaa492a6c00f43ebeea3a7281573d,macosx1015-64-shippable-qr,True,False,,,102210fe594ee9b33d82058545b1ed14f4c8206e,custom.styleeditor.reload.DAMP,damp,True,damp custom.styleeditor.reload.DAMP opt e10s fission stylo webrender,4775519,77,ms,firefox,453769035.0,1870086194,2024-04-06 12:49:36,1405245,,,,,,,,,,,,,,,,,,,,,,,,,,,,,,,,,,,,,,,,,,,,,,,,,TN
1724,3719e5d315bba4fd2d01a2bb964ff7d7c6521282,0.2537047687464172,autoland,4775609,12,d42f896683fcaa492a6c00f43ebeea3a7281573d,macosx1015-64-shippable-qr,True,False,,,102210fe594ee9b33d82058545b1ed14f4c8206e,custom.styleeditor.reload.DAMP,damp,True,damp custom.styleeditor.reload.DAMP opt e10s fission stylo webrender,4775519,77,ms,firefox,453780268.0,1870137815,2024-04-06 19:13:32,1405288,,,,,,,,,,,,,,,,,,,,,,,,,,,,,,,,,,,,,,,,,,,,,,,,,TN
1725,7362d727c60c8a1b15c8e7357969595c93c659c6,0.2545184786470093,autoland,4775609,12,d42f896683fcaa492a6c00f43ebeea3a7281573d,macosx1015-64-shippable-qr,True,False,,,102210fe594ee9b33d82058545b1ed14f4c8206e,custom.styleeditor.reload.DAMP,damp,True,damp custom.styleeditor.reload.DAMP opt e10s fission stylo webrender,4775519,77,ms,firefox,453795564.0,1870199713,2024-04-07 00:18:02,1405303,,,,,,,,,,,,,,,,,,,,,,,,,,,,,,,,,,,,,,,,,,,,,,,,,TN
1726,56daf0a3e72bc04ceb0b6d6a5e8b51b32333fe11,0.2543359693929504,autoland,4775609,12,d42f896683fcaa492a6c00f43ebeea3a7281573d,macosx1015-64-shippable-qr,True,False,,,102210fe594ee9b33d82058545b1ed14f4c8206e,custom.styleeditor.reload.DAMP,damp,True,damp custom.styleeditor.reload.DAMP opt e10s fission stylo webrender,4775519,77,ms,firefox,453827122.0,1870324430,2024-04-07 12:29:26,1405334,,,,,,,,,,,,,,,,,,,,,,,,,,,,,,,,,,,,,,,,,,,,,,,,,TN
1727,c59be65c8118a8e4c60719162c4426e511ee042c,0.25003128497336574,autoland,4775609,12,d42f896683fcaa492a6c00f43ebeea3a7281573d,macosx1015-64-shippable-qr,True,False,,,102210fe594ee9b33d82058545b1ed14f4c8206e,custom.styleeditor.reload.DAMP,damp,True,damp custom.styleeditor.reload.DAMP opt e10s fission stylo webrender,4775519,77,ms,firefox,453837590.0,1870361680,2024-04-07 17:34:38,1405352,,,,,,,,,,,,,,,,,,,,,,,,,,,,,,,,,,,,,,,,,,,,,,,,,TN
1728,a5f6bf0601900e20973b195443e8431788bf1494,0.32828045875622897,autoland,4775609,12,d42f896683fcaa492a6c00f43ebeea3a7281573d,macosx1015-64-shippable-qr,True,False,,,102210fe594ee9b33d82058545b1ed14f4c8206e,custom.styleeditor.reload.DAMP,damp,True,damp custom.styleeditor.reload.DAMP opt e10s fission stylo webrender,4775519,77,ms,firefox,453849947.0,1870415428,2024-04-07 22:40:32,1405368,,,,,,,,,,,,,,,,,,,,,,,,,,,,,,,,,,,,,,,,,,,,,,,,,TN
1729,93d08e6b3d615ead541eee15f876af2c74e90d53,0.2686470571981399,autoland,4775609,12,d42f896683fcaa492a6c00f43ebeea3a7281573d,macosx1015-64-shippable-qr,True,False,,,102210fe594ee9b33d82058545b1ed14f4c8206e,custom.styleeditor.reload.DAMP,damp,True,damp custom.styleeditor.reload.DAMP opt e10s fission stylo webrender,4775519,77,ms,firefox,453859111.0,1870451872,2024-04-08 04:43:41,1405385,,,,,,,,,,,,,,,,,,,,,,,,,,,,,,,,,,,,,,,,,,,,,,,,,TN
1730,7fdec039f49159c7769bb304ab5f0a97f9dde43f,0.30975177728866715,autoland,4775609,12,d42f896683fcaa492a6c00f43ebeea3a7281573d,macosx1015-64-shippable-qr,True,False,,,102210fe594ee9b33d82058545b1ed14f4c8206e,custom.styleeditor.reload.DAMP,damp,True,damp custom.styleeditor.reload.DAMP opt e10s fission stylo webrender,4775519,77,ms,firefox,453921004.0,1870722496,2024-04-08 09:12:14,1405465,,,,,,,,,,,,,,,,,,,,,,,,,,,,,,,,,,,,,,,,,,,,,,,,,TN
1731,1b56c653a5ee3a14ec0955b092498999e9333bfa,0.2645385211609202,autoland,4775609,12,d42f896683fcaa492a6c00f43ebeea3a7281573d,macosx1015-64-shippable-qr,True,False,,,102210fe594ee9b33d82058545b1ed14f4c8206e,custom.styleeditor.reload.DAMP,damp,True,damp custom.styleeditor.reload.DAMP opt e10s fission stylo webrender,4775519,77,ms,firefox,453918767.0,1870706866,2024-04-08 13:49:41,1405618,,,,,,,,,,,,,,,,,,,,,,,,,,,,,,,,,,,,,,,,,,,,,,,,,TN
1732,79551503d77c8353439905d86ec3033546f0c874,0.23984040421818492,autoland,4775609,12,d42f896683fcaa492a6c00f43ebeea3a7281573d,macosx1015-64-shippable-qr,True,False,,,102210fe594ee9b33d82058545b1ed14f4c8206e,custom.styleeditor.reload.DAMP,damp,True,damp custom.styleeditor.reload.DAMP opt e10s fission stylo webrender,4775519,77,ms,firefox,453958297.0,1870820966,2024-04-08 19:08:45,1405880,,,,,,,,,,,,,,,,,,,,,,,,,,,,,,,,,,,,,,,,,,,,,,,,,TN
1733,c19d16f89e851b3d8052fb11a8e8f0ae3f4cb9b7,0.5618131026579676,autoland,4775609,12,d42f896683fcaa492a6c00f43ebeea3a7281573d,macosx1015-64-shippable-qr,True,False,,,102210fe594ee9b33d82058545b1ed14f4c8206e,custom.styleeditor.reload.DAMP,damp,True,damp custom.styleeditor.reload.DAMP opt e10s fission stylo webrender,4775519,77,ms,firefox,453994149.0,1870963791,2024-04-08 23:24:57,1406026,,,,,,,,,,,,,,,,,,,,,,,,,,,,,,,,,,,,,,,,,,,,,,,,,TN
1734,643848d855ebb8ab8d9d7009ca7ce9d21d267b34,0.24740004617347117,autoland,4775609,12,d42f896683fcaa492a6c00f43ebeea3a7281573d,macosx1015-64-shippable-qr,True,False,,,102210fe594ee9b33d82058545b1ed14f4c8206e,custom.styleeditor.reload.DAMP,damp,True,damp custom.styleeditor.reload.DAMP opt e10s fission stylo webrender,4775519,77,ms,firefox,454019607.0,1871123033,2024-04-09 06:15:12,1406147,,,,,,,,,,,,,,,,,,,,,,,,,,,,,,,,,,,,,,,,,,,,,,,,,TN
1735,7cd4aaac69823ebb7b440d4e14d05275ba50a073,0.2553352965025904,autoland,4775609,12,d42f896683fcaa492a6c00f43ebeea3a7281573d,macosx1015-64-shippable-qr,True,False,,,102210fe594ee9b33d82058545b1ed14f4c8206e,custom.styleeditor.reload.DAMP,damp,True,damp custom.styleeditor.reload.DAMP opt e10s fission stylo webrender,4775519,77,ms,firefox,454058803.0,1871286288,2024-04-09 10:19:15,1406264,,,,,,,,,,,,,,,,,,,,,,,,,,,,,,,,,,,,,,,,,,,,,,,,,TN
1736,34fef7e7706b912024aa3ba8826647e5ddc0a0ab,0.25886068177708094,autoland,4775609,12,d42f896683fcaa492a6c00f43ebeea3a7281573d,macosx1015-64-shippable-qr,True,False,,,102210fe594ee9b33d82058545b1ed14f4c8206e,custom.styleeditor.reload.DAMP,damp,True,damp custom.styleeditor.reload.DAMP opt e10s fission stylo webrender,4775519,77,ms,firefox,454073528.0,1871364093,2024-04-09 14:26:21,1406452,,,,,,,,,,,,,,,,,,,,,,,,,,,,,,,,,,,,,,,,,,,,,,,,,TN
1737,e3c9c90141d0f6b39792470ce489a5af6123cc15,0.24404408942540917,autoland,4775609,12,d42f896683fcaa492a6c00f43ebeea3a7281573d,macosx1015-64-shippable-qr,True,False,,,102210fe594ee9b33d82058545b1ed14f4c8206e,custom.styleeditor.reload.DAMP,damp,True,damp custom.styleeditor.reload.DAMP opt e10s fission stylo webrender,4775519,77,ms,firefox,454087228.0,1871438016,2024-04-09 17:03:26,1406581,,,,,,,,,,,,,,,,,,,,,,,,,,,,,,,,,,,,,,,,,,,,,,,,,TN
1738,42fe954d2d47356658d58a292876a6f15d6cbc51,0.31478350102344294,autoland,4775609,12,d42f896683fcaa492a6c00f43ebeea3a7281573d,macosx1015-64-shippable-qr,True,False,,,102210fe594ee9b33d82058545b1ed14f4c8206e,custom.styleeditor.reload.DAMP,damp,True,damp custom.styleeditor.reload.DAMP opt e10s fission stylo webrender,4775519,77,ms,firefox,454111320.0,1871531125,2024-04-09 20:18:20,1406718,,,,,,,,,,,,,,,,,,,,,,,,,,,,,,,,,,,,,,,,,,,,,,,,,TN
1739,c6228adca1a9c453ab8514c86ee26ee9a7903d27,0.2661784369597639,autoland,4775609,12,d42f896683fcaa492a6c00f43ebeea3a7281573d,macosx1015-64-shippable-qr,True,False,,,102210fe594ee9b33d82058545b1ed14f4c8206e,custom.styleeditor.reload.DAMP,damp,True,damp custom.styleeditor.reload.DAMP opt e10s fission stylo webrender,4775519,77,ms,firefox,454132228.0,1871628668,2024-04-10 00:18:40,1406841,,,,,,,,,,,,,,,,,,,,,,,,,,,,,,,,,,,,,,,,,,,,,,,,,TN
1740,a3f0d7e2d176a84f97e08088b78e1abe8da0a5f7,0.3251130159892384,autoland,4775609,12,d42f896683fcaa492a6c00f43ebeea3a7281573d,macosx1015-64-shippable-qr,True,False,,,102210fe594ee9b33d82058545b1ed14f4c8206e,custom.styleeditor.reload.DAMP,damp,True,damp custom.styleeditor.reload.DAMP opt e10s fission stylo webrender,4775519,77,ms,firefox,454142820.0,1871714152,2024-04-10 05:00:45,1406899,,,,,,,,,,,,,,,,,,,,,,,,,,,,,,,,,,,,,,,,,,,,,,,,,TN
1741,cb449d228d38790ba76f64d551817f6a804c044e,0.25799296169637503,autoland,4775609,12,d42f896683fcaa492a6c00f43ebeea3a7281573d,macosx1015-64-shippable-qr,True,False,,,102210fe594ee9b33d82058545b1ed14f4c8206e,custom.styleeditor.reload.DAMP,damp,True,damp custom.styleeditor.reload.DAMP opt e10s fission stylo webrender,4775519,77,ms,firefox,454190041.0,1871920894,2024-04-10 09:31:15,1406973,,,,,,,,,,,,,,,,,,,,,,,,,,,,,,,,,,,,,,,,,,,,,,,,,TN
1742,53228f89fadff09aff9d51b46652c77d94059014,0.280263853004259,autoland,4775609,12,d42f896683fcaa492a6c00f43ebeea3a7281573d,macosx1015-64-shippable-qr,True,False,,,102210fe594ee9b33d82058545b1ed14f4c8206e,custom.styleeditor.reload.DAMP,damp,True,damp custom.styleeditor.reload.DAMP opt e10s fission stylo webrender,4775519,77,ms,firefox,454196058.0,1871970865,2024-04-10 13:31:55,1407087,,,,,,,,,,,,,,,,,,,,,,,,,,,,,,,,,,,,,,,,,,,,,,,,,TN
1743,a30d53cfa601940935af0c765cccbdde2178bb67,0.23151194602071917,autoland,4775609,12,d42f896683fcaa492a6c00f43ebeea3a7281573d,macosx1015-64-shippable-qr,True,False,,,102210fe594ee9b33d82058545b1ed14f4c8206e,custom.styleeditor.reload.DAMP,damp,True,damp custom.styleeditor.reload.DAMP opt e10s fission stylo webrender,4775519,77,ms,firefox,454221456.0,1872099570,2024-04-10 17:21:37,1407259,,,,,,,,,,,,,,,,,,,,,,,,,,,,,,,,,,,,,,,,,,,,,,,,,TN
1744,bc425d90bbe9987cc754323772553d4be3e6de83,0.225837901896429,autoland,4775609,12,d42f896683fcaa492a6c00f43ebeea3a7281573d,macosx1015-64-shippable-qr,True,False,,,102210fe594ee9b33d82058545b1ed14f4c8206e,custom.styleeditor.reload.DAMP,damp,True,damp custom.styleeditor.reload.DAMP opt e10s fission stylo webrender,4775519,77,ms,firefox,454237914.0,1872186284,2024-04-10 20:55:18,1407422,,,,,,,,,,,,,,,,,,,,,,,,,,,,,,,,,,,,,,,,,,,,,,,,,TN
1745,1ae79ee05e2fe6a64e1916d65c78979921af1e5e,0.25898398520158267,autoland,4775609,12,d42f896683fcaa492a6c00f43ebeea3a7281573d,macosx1015-64-shippable-qr,True,False,,,102210fe594ee9b33d82058545b1ed14f4c8206e,custom.styleeditor.reload.DAMP,damp,True,damp custom.styleeditor.reload.DAMP opt e10s fission stylo webrender,4775519,77,ms,firefox,454255259.0,1872270711,2024-04-11 01:15:30,1407545,,,,,,,,,,,,,,,,,,,,,,,,,,,,,,,,,,,,,,,,,,,,,,,,,TN
1746,7a8a0223fffe0f06dd2e7aad79bf1920cf1430c0,0.24979478748027956,autoland,4775609,12,d42f896683fcaa492a6c00f43ebeea3a7281573d,macosx1015-64-shippable-qr,True,False,,,102210fe594ee9b33d82058545b1ed14f4c8206e,custom.styleeditor.reload.DAMP,damp,True,damp custom.styleeditor.reload.DAMP opt e10s fission stylo webrender,4775519,77,ms,firefox,454275251.0,1872427171,2024-04-11 06:36:24,1407612,,,,,,,,,,,,,,,,,,,,,,,,,,,,,,,,,,,,,,,,,,,,,,,,,TN
1747,747c6705d00627b032063055173575d6e6043880,0.23704231003285997,autoland,4775609,12,d42f896683fcaa492a6c00f43ebeea3a7281573d,macosx1015-64-shippable-qr,True,False,,,102210fe594ee9b33d82058545b1ed14f4c8206e,custom.styleeditor.reload.DAMP,damp,True,damp custom.styleeditor.reload.DAMP opt e10s fission stylo webrender,4775519,77,ms,firefox,454323293.0,1872741584,2024-04-11 11:27:44,1407747,,,,,,,,,,,,,,,,,,,,,,,,,,,,,,,,,,,,,,,,,,,,,,,,,TN
1748,bbca818d6385ef61c987f967ebccfe9df63fc36b,0.3131990490017417,autoland,4775609,12,d42f896683fcaa492a6c00f43ebeea3a7281573d,macosx1015-64-shippable-qr,True,False,,,102210fe594ee9b33d82058545b1ed14f4c8206e,custom.styleeditor.reload.DAMP,damp,True,damp custom.styleeditor.reload.DAMP opt e10s fission stylo webrender,4775519,77,ms,firefox,454323834.0,1872752267,2024-04-11 15:41:30,1407834,,,,,,,,,,,,,,,,,,,,,,,,,,,,,,,,,,,,,,,,,,,,,,,,,TN
1749,036ac9a41b52b5af1836d103d3a7aefad37e2b87,0.32720889884505505,autoland,4775609,12,d42f896683fcaa492a6c00f43ebeea3a7281573d,macosx1015-64-shippable-qr,True,False,,,102210fe594ee9b33d82058545b1ed14f4c8206e,custom.styleeditor.reload.DAMP,damp,True,damp custom.styleeditor.reload.DAMP opt e10s fission stylo webrender,4775519,77,ms,firefox,454339092.0,1872852985,2024-04-11 18:08:24,1407970,,,,,,,,,,,,,,,,,,,,,,,,,,,,,,,,,,,,,,,,,,,,,,,,,TN
1750,90ef908ff18573cca9f4f0e5d676df56875c68b5,0.27436939255817444,autoland,4775609,12,d42f896683fcaa492a6c00f43ebeea3a7281573d,macosx1015-64-shippable-qr,True,False,,,102210fe594ee9b33d82058545b1ed14f4c8206e,custom.styleeditor.reload.DAMP,damp,True,damp custom.styleeditor.reload.DAMP opt e10s fission stylo webrender,4775519,77,ms,firefox,454366799.0,1872960644,2024-04-11 23:15:25,1408175,,,,,,,,,,,,,,,,,,,,,,,,,,,,,,,,,,,,,,,,,,,,,,,,,TN
1751,be4463b26a49bdb9c791eaf7d0b41ff9eb0294d3,0.28264644607962314,autoland,4775609,12,d42f896683fcaa492a6c00f43ebeea3a7281573d,macosx1015-64-shippable-qr,True,False,,,102210fe594ee9b33d82058545b1ed14f4c8206e,custom.styleeditor.reload.DAMP,damp,True,damp custom.styleeditor.reload.DAMP opt e10s fission stylo webrender,4775519,77,ms,firefox,454419145.0,1873276845,2024-04-12 14:13:45,1408318,,,,,,,,,,,,,,,,,,,,,,,,,,,,,,,,,,,,,,,,,,,,,,,,,TN
1752,5e5bc998487f4e6ee9fe6fe52ca5eb66cd37de03,0.23978671492645937,autoland,4775609,12,d42f896683fcaa492a6c00f43ebeea3a7281573d,macosx1015-64-shippable-qr,True,False,,,102210fe594ee9b33d82058545b1ed14f4c8206e,custom.styleeditor.reload.DAMP,damp,True,damp custom.styleeditor.reload.DAMP opt e10s fission stylo webrender,4775519,77,ms,firefox,454435885.0,1873364959,2024-04-12 20:21:58,1408379,,,,,,,,,,,,,,,,,,,,,,,,,,,,,,,,,,,,,,,,,,,,,,,,,TN
1753,39657b697a7ffcda0f07cae917b68f1e84f57d54,0.295339186174641,autoland,4775609,12,d42f896683fcaa492a6c00f43ebeea3a7281573d,macosx1015-64-shippable-qr,True,False,,,102210fe594ee9b33d82058545b1ed14f4c8206e,custom.styleeditor.reload.DAMP,damp,True,damp custom.styleeditor.reload.DAMP opt e10s fission stylo webrender,4775519,77,ms,firefox,454440440.0,1873400773,2024-04-13 06:05:05,1408439,,,,,,,,,,,,,,,,,,,,,,,,,,,,,,,,,,,,,,,,,,,,,,,,,TN
1754,1dc823d4e96db6fe0450fcb588466eff7038b4cc,0.3129403087315608,autoland,4775609,12,d42f896683fcaa492a6c00f43ebeea3a7281573d,macosx1015-64-shippable-qr,True,False,,,102210fe594ee9b33d82058545b1ed14f4c8206e,custom.styleeditor.reload.DAMP,damp,True,damp custom.styleeditor.reload.DAMP opt e10s fission stylo webrender,4775519,77,ms,firefox,454463792.0,1873503911,2024-04-13 20:36:37,1408512,,,,,,,,,,,,,,,,,,,,,,,,,,,,,,,,,,,,,,,,,,,,,,,,,TN
1755,25a22c2f939167a119d912b3fe61312db879d576,0.26701236886330876,autoland,4775609,12,d42f896683fcaa492a6c00f43ebeea3a7281573d,macosx1015-64-shippable-qr,True,False,,,102210fe594ee9b33d82058545b1ed14f4c8206e,custom.styleeditor.reload.DAMP,damp,True,damp custom.styleeditor.reload.DAMP opt e10s fission stylo webrender,4775519,77,ms,firefox,454485147.0,1873667068,2024-04-14 12:41:18,1408562,,,,,,,,,,,,,,,,,,,,,,,,,,,,,,,,,,,,,,,,,,,,,,,,,TN
1756,8c457b0d7626241855c3c025a2531eb5f00b8cfc,0.26446625270511354,autoland,4775609,12,d42f896683fcaa492a6c00f43ebeea3a7281573d,macosx1015-64-shippable-qr,True,False,,,102210fe594ee9b33d82058545b1ed14f4c8206e,custom.styleeditor.reload.DAMP,damp,True,damp custom.styleeditor.reload.DAMP opt e10s fission stylo webrender,4775519,77,ms,firefox,454505108.0,1873799486,2024-04-15 00:20:26,1408605,,,,,,,,,,,,,,,,,,,,,,,,,,,,,,,,,,,,,,,,,,,,,,,,,TN
1757,4b17d2a2a7ae64b3c8d364d200a6b97cc636dffd,0.331264726905701,autoland,4775609,12,d42f896683fcaa492a6c00f43ebeea3a7281573d,macosx1015-64-shippable-qr,True,False,,,102210fe594ee9b33d82058545b1ed14f4c8206e,custom.styleeditor.reload.DAMP,damp,True,damp custom.styleeditor.reload.DAMP opt e10s fission stylo webrender,4775519,77,ms,firefox,454511727.0,1873840446,2024-04-15 05:51:41,1408627,,,,,,,,,,,,,,,,,,,,,,,,,,,,,,,,,,,,,,,,,,,,,,,,,TN
1758,177f569e862519d4372977ba20b630f95e24ef1c,0.2733889265555732,autoland,4775609,12,d42f896683fcaa492a6c00f43ebeea3a7281573d,macosx1015-64-shippable-qr,True,False,,,102210fe594ee9b33d82058545b1ed14f4c8206e,custom.styleeditor.reload.DAMP,damp,True,damp custom.styleeditor.reload.DAMP opt e10s fission stylo webrender,4775519,77,ms,firefox,454535394.0,1873951883,2024-04-15 10:25:42,1408738,,,,,,,,,,,,,,,,,,,,,,,,,,,,,,,,,,,,,,,,,,,,,,,,,TN
1759,4897460458d13272e6016fd9e4c184c3c41cbd74,0.5793945325406415,autoland,4775609,12,d42f896683fcaa492a6c00f43ebeea3a7281573d,macosx1015-64-shippable-qr,True,False,,,102210fe594ee9b33d82058545b1ed14f4c8206e,custom.styleeditor.reload.DAMP,damp,True,damp custom.styleeditor.reload.DAMP opt e10s fission stylo webrender,4775519,77,ms,firefox,454584313.0,1874135248,2024-04-15 14:58:12,1408898,,,,,,,,,,,,,,,,,,,,,,,,,,,,,,,,,,,,,,,,,,,,,,,,,TN
1760,d49ecc17e4ae83fbccee8ffbe50a119039d1e408,0.23765282681654315,autoland,4775609,12,d42f896683fcaa492a6c00f43ebeea3a7281573d,macosx1015-64-shippable-qr,True,False,,,102210fe594ee9b33d82058545b1ed14f4c8206e,custom.styleeditor.reload.DAMP,damp,True,damp custom.styleeditor.reload.DAMP opt e10s fission stylo webrender,4775519,77,ms,firefox,454601219.0,1874225974,2024-04-15 18:18:39,1409057,,,,,,,,,,,,,,,,,,,,,,,,,,,,,,,,,,,,,,,,,,,,,,,,,TN
1761,8d488b7ac977a67ba128a580f6959fe058df2fe5,0.48405346744099514,autoland,4775609,12,d42f896683fcaa492a6c00f43ebeea3a7281573d,macosx1015-64-shippable-qr,True,False,,,102210fe594ee9b33d82058545b1ed14f4c8206e,custom.styleeditor.reload.DAMP,damp,True,damp custom.styleeditor.reload.DAMP opt e10s fission stylo webrender,4775519,77,ms,firefox,454627867.0,1874368529,2024-04-15 20:13:44,1409141,,,,,,,,,,,,,,,,,,,,,,,,,,,,,,,,,,,,,,,,,,,,,,,,,TN
1762,547363a98ae60f0645c5cc21aeecffb7e0ddb047,0.3262357715875794,autoland,4775609,12,d42f896683fcaa492a6c00f43ebeea3a7281573d,macosx1015-64-shippable-qr,True,False,,,102210fe594ee9b33d82058545b1ed14f4c8206e,custom.styleeditor.reload.DAMP,damp,True,damp custom.styleeditor.reload.DAMP opt e10s fission stylo webrender,4775519,77,ms,firefox,454634663.0,1874412879,2024-04-15 21:50:25,1409212,,,,,,,,,,,,,,,,,,,,,,,,,,,,,,,,,,,,,,,,,,,,,,,,,TN
1763,5a31505f08c64efa6eb7a8ed02d5e9c0db448e37,0.24471485369174734,autoland,4775609,12,d42f896683fcaa492a6c00f43ebeea3a7281573d,macosx1015-64-shippable-qr,True,False,,,102210fe594ee9b33d82058545b1ed14f4c8206e,custom.styleeditor.reload.DAMP,damp,True,damp custom.styleeditor.reload.DAMP opt e10s fission stylo webrender,4775519,77,ms,firefox,454645922.0,1874455033,2024-04-16 00:41:18,1409277,,,,,,,,,,,,,,,,,,,,,,,,,,,,,,,,,,,,,,,,,,,,,,,,,TN
1764,69a1a1d802b357216fef131d6ad99816defddc1f,0.27186725950328267,autoland,4775609,12,d42f896683fcaa492a6c00f43ebeea3a7281573d,macosx1015-64-shippable-qr,True,False,,,102210fe594ee9b33d82058545b1ed14f4c8206e,custom.styleeditor.reload.DAMP,damp,True,damp custom.styleeditor.reload.DAMP opt e10s fission stylo webrender,4775519,77,ms,firefox,454666383.0,1874546488,2024-04-16 05:04:40,1409360,,,,,,,,,,,,,,,,,,,,,,,,,,,,,,,,,,,,,,,,,,,,,,,,,TN
1765,2949cb403e680d76f7bcb101117ceefeb480b064,0.2664182744348344,autoland,4775609,12,d42f896683fcaa492a6c00f43ebeea3a7281573d,macosx1015-64-shippable-qr,True,False,,,102210fe594ee9b33d82058545b1ed14f4c8206e,custom.styleeditor.reload.DAMP,damp,True,damp custom.styleeditor.reload.DAMP opt e10s fission stylo webrender,4775519,77,ms,firefox,454694545.0,1874623587,2024-04-16 09:18:49,1409480,,,,,,,,,,,,,,,,,,,,,,,,,,,,,,,,,,,,,,,,,,,,,,,,,TN
1766,11d1c89ad8b2dad0cee1caf733cd833e448945eb,0.2534309522067187,autoland,4775609,12,d42f896683fcaa492a6c00f43ebeea3a7281573d,macosx1015-64-shippable-qr,True,False,,,102210fe594ee9b33d82058545b1ed14f4c8206e,custom.styleeditor.reload.DAMP,damp,True,damp custom.styleeditor.reload.DAMP opt e10s fission stylo webrender,4775519,77,ms,firefox,454715524.0,1874729722,2024-04-16 13:28:04,1409649,,,,,,,,,,,,,,,,,,,,,,,,,,,,,,,,,,,,,,,,,,,,,,,,,TN
1767,12c7f0b00cd7ce4e2edde6ff37daf12e807388b1,0.2654780341243514,autoland,4775609,12,d42f896683fcaa492a6c00f43ebeea3a7281573d,macosx1015-64-shippable-qr,True,False,,,102210fe594ee9b33d82058545b1ed14f4c8206e,custom.styleeditor.reload.DAMP,damp,True,damp custom.styleeditor.reload.DAMP opt e10s fission stylo webrender,4775519,77,ms,firefox,454740778.0,1874894751,2024-04-16 17:33:30,1409875,,,,,,,,,,,,,,,,,,,,,,,,,,,,,,,,,,,,,,,,,,,,,,,,,TN
1768,852d3945e38d8d16c4cf17918e862882d7ef363c,0.34040714074392425,autoland,4775609,12,d42f896683fcaa492a6c00f43ebeea3a7281573d,macosx1015-64-shippable-qr,True,False,,,102210fe594ee9b33d82058545b1ed14f4c8206e,custom.styleeditor.reload.DAMP,damp,True,damp custom.styleeditor.reload.DAMP opt e10s fission stylo webrender,4775519,77,ms,firefox,454757867.0,1874966985,2024-04-16 20:13:25,1409984,,,,,,,,,,,,,,,,,,,,,,,,,,,,,,,,,,,,,,,,,,,,,,,,,TN
1769,3f5bf473ca3cf95233298d16ad833028500755e6,0.5494751323892577,autoland,4775609,12,d42f896683fcaa492a6c00f43ebeea3a7281573d,macosx1015-64-shippable-qr,True,False,,,102210fe594ee9b33d82058545b1ed14f4c8206e,custom.styleeditor.reload.DAMP,damp,True,damp custom.styleeditor.reload.DAMP opt e10s fission stylo webrender,4775519,77,ms,firefox,454777888.0,1875068478,2024-04-17 00:00:12,1410132,,,,,,,,,,,,,,,,,,,,,,,,,,,,,,,,,,,,,,,,,,,,,,,,,TN
1770,7900ea0538965c6aba695fd896a6e2833d781007,0.30668781691658714,autoland,4775609,12,d42f896683fcaa492a6c00f43ebeea3a7281573d,macosx1015-64-shippable-qr,True,False,,,102210fe594ee9b33d82058545b1ed14f4c8206e,custom.styleeditor.reload.DAMP,damp,True,damp custom.styleeditor.reload.DAMP opt e10s fission stylo webrender,4775519,77,ms,firefox,454798933.0,1875221770,2024-04-17 04:14:52,1410204,,,,,,,,,,,,,,,,,,,,,,,,,,,,,,,,,,,,,,,,,,,,,,,,,TN
1771,acabdf625d68e5d96c49e0eebb5c71f4286e5ffd,0.45362043137622526,autoland,4775609,12,d42f896683fcaa492a6c00f43ebeea3a7281573d,macosx1015-64-shippable-qr,True,False,,,102210fe594ee9b33d82058545b1ed14f4c8206e,custom.styleeditor.reload.DAMP,damp,True,damp custom.styleeditor.reload.DAMP opt e10s fission stylo webrender,4775519,77,ms,firefox,454838661.0,1875375453,2024-04-17 08:24:06,1410333,,,,,,,,,,,,,,,,,,,,,,,,,,,,,,,,,,,,,,,,,,,,,,,,,TN
1772,05ad651d0c97009f3d906febefe9888c127c2660,0.2683654921635243,autoland,4775609,12,d42f896683fcaa492a6c00f43ebeea3a7281573d,macosx1015-64-shippable-qr,True,False,,,102210fe594ee9b33d82058545b1ed14f4c8206e,custom.styleeditor.reload.DAMP,damp,True,damp custom.styleeditor.reload.DAMP opt e10s fission stylo webrender,4775519,77,ms,firefox,454864757.0,1875439858,2024-04-17 11:47:51,1410461,,,,,,,,,,,,,,,,,,,,,,,,,,,,,,,,,,,,,,,,,,,,,,,,,TN
1773,57f6925a520cf97f4af35e42db00435e817475dc,0.39568387725286663,autoland,4775609,12,d42f896683fcaa492a6c00f43ebeea3a7281573d,macosx1015-64-shippable-qr,True,False,,,102210fe594ee9b33d82058545b1ed14f4c8206e,custom.styleeditor.reload.DAMP,damp,True,damp custom.styleeditor.reload.DAMP opt e10s fission stylo webrender,4775519,77,ms,firefox,454875497.0,1875492254,2024-04-17 13:57:03,1410569,,,,,,,,,,,,,,,,,,,,,,,,,,,,,,,,,,,,,,,,,,,,,,,,,TN
1774,25500210a453fec07cc9d95612bbe778bae07f71,0.5551246776441476,autoland,4775609,12,d42f896683fcaa492a6c00f43ebeea3a7281573d,macosx1015-64-shippable-qr,True,False,,,102210fe594ee9b33d82058545b1ed14f4c8206e,custom.styleeditor.reload.DAMP,damp,True,damp custom.styleeditor.reload.DAMP opt e10s fission stylo webrender,4775519,77,ms,firefox,454907304.0,1875608727,2024-04-17 18:33:15,1410800,,,,,,,,,,,,,,,,,,,,,,,,,,,,,,,,,,,,,,,,,,,,,,,,,TN
1775,d35a7bf5f1fc33f0f83edc8fdcffd17131fd9b82,0.26543751990694114,autoland,4775609,12,d42f896683fcaa492a6c00f43ebeea3a7281573d,macosx1015-64-shippable-qr,True,False,,,102210fe594ee9b33d82058545b1ed14f4c8206e,custom.styleeditor.reload.DAMP,damp,True,damp custom.styleeditor.reload.DAMP opt e10s fission stylo webrender,4775519,77,ms,firefox,454920073.0,1875663880,2024-04-17 20:25:11,1410917,,,,,,,,,,,,,,,,,,,,,,,,,,,,,,,,,,,,,,,,,,,,,,,,,TN
1776,1bf7d54b4913d7994ed2ce4b07f0426fc70b4b7e,0.2382865594645342,autoland,4775609,12,d42f896683fcaa492a6c00f43ebeea3a7281573d,macosx1015-64-shippable-qr,True,False,,,102210fe594ee9b33d82058545b1ed14f4c8206e,custom.styleeditor.reload.DAMP,damp,True,damp custom.styleeditor.reload.DAMP opt e10s fission stylo webrender,4775519,77,ms,firefox,454938348.0,1875738257,2024-04-18 00:20:10,1411120,,,,,,,,,,,,,,,,,,,,,,,,,,,,,,,,,,,,,,,,,,,,,,,,,TN
1777,12adf93b9ad4085d4f0b493c368533bb040dce46,0.317107072025867,autoland,4775609,12,d42f896683fcaa492a6c00f43ebeea3a7281573d,macosx1015-64-shippable-qr,True,False,,,102210fe594ee9b33d82058545b1ed14f4c8206e,custom.styleeditor.reload.DAMP,damp,True,damp custom.styleeditor.reload.DAMP opt e10s fission stylo webrender,4775519,77,ms,firefox,454954919.0,1875814327,2024-04-18 03:49:51,1411204,,,,,,,,,,,,,,,,,,,,,,,,,,,,,,,,,,,,,,,,,,,,,,,,,TN
1778,d4cde5148929d0d9587580bca2d37027d7424348,0.545411880013265,autoland,4775609,12,d42f896683fcaa492a6c00f43ebeea3a7281573d,macosx1015-64-shippable-qr,True,False,,,102210fe594ee9b33d82058545b1ed14f4c8206e,custom.styleeditor.reload.DAMP,damp,True,damp custom.styleeditor.reload.DAMP opt e10s fission stylo webrender,4775519,77,ms,firefox,454976134.0,1875940372,2024-04-18 07:53:55,1411277,,,,,,,,,,,,,,,,,,,,,,,,,,,,,,,,,,,,,,,,,,,,,,,,,TN
1779,123e0c272c21270c6f9a5e2fca3bfbc72c7b5ef9,0.23607598670650326,autoland,4775609,12,d42f896683fcaa492a6c00f43ebeea3a7281573d,macosx1015-64-shippable-qr,True,False,,,102210fe594ee9b33d82058545b1ed14f4c8206e,custom.styleeditor.reload.DAMP,damp,True,damp custom.styleeditor.reload.DAMP opt e10s fission stylo webrender,4775519,77,ms,firefox,455005020.0,1876061328,2024-04-18 12:14:33,1411435,,,,,,,,,,,,,,,,,,,,,,,,,,,,,,,,,,,,,,,,,,,,,,,,,TN
1780,257d3013546c7ec40031343c459162a0b69fa6f2,0.3067918917208278,autoland,4775609,12,d42f896683fcaa492a6c00f43ebeea3a7281573d,macosx1015-64-shippable-qr,True,False,,,102210fe594ee9b33d82058545b1ed14f4c8206e,custom.styleeditor.reload.DAMP,damp,True,damp custom.styleeditor.reload.DAMP opt e10s fission stylo webrender,4775519,77,ms,firefox,455065830.0,1876311980,2024-04-18 15:42:46,1411573,,,,,,,,,,,,,,,,,,,,,,,,,,,,,,,,,,,,,,,,,,,,,,,,,TN
1781,0f5d446707971afc1fab01c0a28b208101241b8a,0.29034104711343595,autoland,4775609,12,d42f896683fcaa492a6c00f43ebeea3a7281573d,macosx1015-64-shippable-qr,True,False,,,102210fe594ee9b33d82058545b1ed14f4c8206e,custom.styleeditor.reload.DAMP,damp,True,damp custom.styleeditor.reload.DAMP opt e10s fission stylo webrender,4775519,77,ms,firefox,455080639.0,1876399521,2024-04-18 18:28:28,1411727,,,,,,,,,,,,,,,,,,,,,,,,,,,,,,,,,,,,,,,,,,,,,,,,,TN
1782,eed297665148d999a1c59d7d6e66f6973e0dd84c,0.25472821843579113,autoland,4775609,12,d42f896683fcaa492a6c00f43ebeea3a7281573d,macosx1015-64-shippable-qr,True,False,,,102210fe594ee9b33d82058545b1ed14f4c8206e,custom.styleeditor.reload.DAMP,damp,True,damp custom.styleeditor.reload.DAMP opt e10s fission stylo webrender,4775519,77,ms,firefox,455095269.0,1876500389,2024-04-18 21:15:15,1411845,,,,,,,,,,,,,,,,,,,,,,,,,,,,,,,,,,,,,,,,,,,,,,,,,TN
1783,3e097fca93b9af809ad16ed1d5f0bdd874f8f8e2,0.27223673424620015,autoland,4775609,12,d42f896683fcaa492a6c00f43ebeea3a7281573d,macosx1015-64-shippable-qr,True,False,,,102210fe594ee9b33d82058545b1ed14f4c8206e,custom.styleeditor.reload.DAMP,damp,True,damp custom.styleeditor.reload.DAMP opt e10s fission stylo webrender,4775519,77,ms,firefox,455110605.0,1876643991,2024-04-19 01:55:54,1411981,,,,,,,,,,,,,,,,,,,,,,,,,,,,,,,,,,,,,,,,,,,,,,,,,TN
1784,99364906cd1d11016d0fc2dc03a8b7fd11705aa4,0.29836678029183333,autoland,4775609,12,d42f896683fcaa492a6c00f43ebeea3a7281573d,macosx1015-64-shippable-qr,True,False,,,102210fe594ee9b33d82058545b1ed14f4c8206e,custom.styleeditor.reload.DAMP,damp,True,damp custom.styleeditor.reload.DAMP opt e10s fission stylo webrender,4775519,77,ms,firefox,455118939.0,1876779811,2024-04-19 06:08:52,1412057,,,,,,,,,,,,,,,,,,,,,,,,,,,,,,,,,,,,,,,,,,,,,,,,,TN
1785,465ebfc7da3d3a6de812574016249ab37ab8605c,0.2556217044836799,autoland,4775609,12,d42f896683fcaa492a6c00f43ebeea3a7281573d,macosx1015-64-shippable-qr,True,False,,,102210fe594ee9b33d82058545b1ed14f4c8206e,custom.styleeditor.reload.DAMP,damp,True,damp custom.styleeditor.reload.DAMP opt e10s fission stylo webrender,4775519,77,ms,firefox,455150981.0,1876979892,2024-04-19 10:27:22,1412150,,,,,,,,,,,,,,,,,,,,,,,,,,,,,,,,,,,,,,,,,,,,,,,,,TN
1786,4b196ac64ccbf1061ee2c2835e31fe8b071b9099,0.23586141329622484,autoland,4775609,12,d42f896683fcaa492a6c00f43ebeea3a7281573d,macosx1015-64-shippable-qr,True,False,,,102210fe594ee9b33d82058545b1ed14f4c8206e,custom.styleeditor.reload.DAMP,damp,True,damp custom.styleeditor.reload.DAMP opt e10s fission stylo webrender,4775519,77,ms,firefox,455186373.0,1877110264,2024-04-19 14:48:08,1412270,,,,,,,,,,,,,,,,,,,,,,,,,,,,,,,,,,,,,,,,,,,,,,,,,TN
1787,cf54488baa94dff90075eb1c2e96afc7353a4eee,0.28111414308533306,autoland,4775609,12,d42f896683fcaa492a6c00f43ebeea3a7281573d,macosx1015-64-shippable-qr,True,False,,,102210fe594ee9b33d82058545b1ed14f4c8206e,custom.styleeditor.reload.DAMP,damp,True,damp custom.styleeditor.reload.DAMP opt e10s fission stylo webrender,4775519,77,ms,firefox,455214080.0,1877247645,2024-04-19 18:48:31,1412477,,,,,,,,,,,,,,,,,,,,,,,,,,,,,,,,,,,,,,,,,,,,,,,,,TN
1788,fd56e5907d69d8a14032cc7ec308f013a266ee16,0.2443858992000671,autoland,4775609,12,d42f896683fcaa492a6c00f43ebeea3a7281573d,macosx1015-64-shippable-qr,True,False,,,102210fe594ee9b33d82058545b1ed14f4c8206e,custom.styleeditor.reload.DAMP,damp,True,damp custom.styleeditor.reload.DAMP opt e10s fission stylo webrender,4775519,77,ms,firefox,455242142.0,1877413039,2024-04-19 22:58:06,1412613,,,,,,,,,,,,,,,,,,,,,,,,,,,,,,,,,,,,,,,,,,,,,,,,,TN
1789,4797f0a19ccc6dca6f6aa6710f76967e23ba6276,0.24147724881335703,autoland,4775609,12,d42f896683fcaa492a6c00f43ebeea3a7281573d,macosx1015-64-shippable-qr,True,False,,,102210fe594ee9b33d82058545b1ed14f4c8206e,custom.styleeditor.reload.DAMP,damp,True,damp custom.styleeditor.reload.DAMP opt e10s fission stylo webrender,4775519,77,ms,firefox,455253447.0,1877506943,2024-04-20 05:31:24,1412701,,,,,,,,,,,,,,,,,,,,,,,,,,,,,,,,,,,,,,,,,,,,,,,,,TN
1790,f5d9ea237d971478f314e77299398079989b786c,0.5721967259902412,autoland,4775609,12,d42f896683fcaa492a6c00f43ebeea3a7281573d,macosx1015-64-shippable-qr,True,False,,,102210fe594ee9b33d82058545b1ed14f4c8206e,custom.styleeditor.reload.DAMP,damp,True,damp custom.styleeditor.reload.DAMP opt e10s fission stylo webrender,4775519,77,ms,firefox,455283198.0,1877620289,2024-04-20 15:42:35,1412749,,,,,,,,,,,,,,,,,,,,,,,,,,,,,,,,,,,,,,,,,,,,,,,,,TN
1791,65ceed609eb489d653eefc7e22fa34f869027a26,0.25158880650470067,autoland,4775609,12,d42f896683fcaa492a6c00f43ebeea3a7281573d,macosx1015-64-shippable-qr,True,False,,,102210fe594ee9b33d82058545b1ed14f4c8206e,custom.styleeditor.reload.DAMP,damp,True,damp custom.styleeditor.reload.DAMP opt e10s fission stylo webrender,4775519,77,ms,firefox,455289211.0,1877660990,2024-04-21 00:18:25,1412781,,,,,,,,,,,,,,,,,,,,,,,,,,,,,,,,,,,,,,,,,,,,,,,,,TN
1792,400d4e6908a3aef8f83ae4db204d62e3e028f704,0.25884589567845934,autoland,4775609,12,d42f896683fcaa492a6c00f43ebeea3a7281573d,macosx1015-64-shippable-qr,True,False,,,102210fe594ee9b33d82058545b1ed14f4c8206e,custom.styleeditor.reload.DAMP,damp,True,damp custom.styleeditor.reload.DAMP opt e10s fission stylo webrender,4775519,77,ms,firefox,455324709.0,1877839688,2024-04-21 21:40:30,1412843,,,,,,,,,,,,,,,,,,,,,,,,,,,,,,,,,,,,,,,,,,,,,,,,,TN
1793,d4a6129fdbbe32300d5069df6ce47dd92f665c96,0.24347778118969016,autoland,4775609,12,d42f896683fcaa492a6c00f43ebeea3a7281573d,macosx1015-64-shippable-qr,True,False,,,102210fe594ee9b33d82058545b1ed14f4c8206e,custom.styleeditor.reload.DAMP,damp,True,damp custom.styleeditor.reload.DAMP opt e10s fission stylo webrender,4775519,77,ms,firefox,455335253.0,1877955854,2024-04-22 04:00:04,1412913,,,,,,,,,,,,,,,,,,,,,,,,,,,,,,,,,,,,,,,,,,,,,,,,,TN
1794,5a83d047329402d960e6c402c6deb27927a436c9,0.31344779894643554,autoland,4775609,12,d42f896683fcaa492a6c00f43ebeea3a7281573d,macosx1015-64-shippable-qr,True,False,,,102210fe594ee9b33d82058545b1ed14f4c8206e,custom.styleeditor.reload.DAMP,damp,True,damp custom.styleeditor.reload.DAMP opt e10s fission stylo webrender,4775519,77,ms,firefox,455350067.0,1878040120,2024-04-22 08:07:09,1412944,,,,,,,,,,,,,,,,,,,,,,,,,,,,,,,,,,,,,,,,,,,,,,,,,TN
1795,1c34b0b26d5a556ee695c70bd744ca9f129f456e,0.3294198204663759,autoland,4775609,12,d42f896683fcaa492a6c00f43ebeea3a7281573d,macosx1015-64-shippable-qr,True,False,,,102210fe594ee9b33d82058545b1ed14f4c8206e,custom.styleeditor.reload.DAMP,damp,True,damp custom.styleeditor.reload.DAMP opt e10s fission stylo webrender,4775519,77,ms,firefox,455386233.0,1878155463,2024-04-22 12:07:57,1413048,,,,,,,,,,,,,,,,,,,,,,,,,,,,,,,,,,,,,,,,,,,,,,,,,TN
1796,ed724b89a2c25252a6eab99f0fa48f85f2523b66,0.2654102767560788,autoland,4775609,12,d42f896683fcaa492a6c00f43ebeea3a7281573d,macosx1015-64-shippable-qr,True,False,,,102210fe594ee9b33d82058545b1ed14f4c8206e,custom.styleeditor.reload.DAMP,damp,True,damp custom.styleeditor.reload.DAMP opt e10s fission stylo webrender,4775519,77,ms,firefox,455436251.0,1878340490,2024-04-22 19:20:17,1413379,,,,,,,,,,,,,,,,,,,,,,,,,,,,,,,,,,,,,,,,,,,,,,,,,TN
1797,294255d7250372c7cd6256cb6d1da23325d1f728,0.2864157641331137,autoland,4775609,12,d42f896683fcaa492a6c00f43ebeea3a7281573d,macosx1015-64-shippable-qr,True,False,,,102210fe594ee9b33d82058545b1ed14f4c8206e,custom.styleeditor.reload.DAMP,damp,True,damp custom.styleeditor.reload.DAMP opt e10s fission stylo webrender,4775519,77,ms,firefox,455475513.0,1878573131,2024-04-22 23:20:55,1413581,,,,,,,,,,,,,,,,,,,,,,,,,,,,,,,,,,,,,,,,,,,,,,,,,TN
1798,074d29b6e81d7fbf5ac7dea664ffea6a59b41b80,0.2710644894287401,autoland,4775609,12,d42f896683fcaa492a6c00f43ebeea3a7281573d,macosx1015-64-shippable-qr,True,False,,,102210fe594ee9b33d82058545b1ed14f4c8206e,custom.styleeditor.reload.DAMP,damp,True,damp custom.styleeditor.reload.DAMP opt e10s fission stylo webrender,4775519,77,ms,firefox,455489440.0,1878668520,2024-04-23 03:59:43,1413693,,,,,,,,,,,,,,,,,,,,,,,,,,,,,,,,,,,,,,,,,,,,,,,,,TN
1799,5519716422b3e14060894caded45bac7a3aeb773,0.27968389357265216,autoland,4775609,12,d42f896683fcaa492a6c00f43ebeea3a7281573d,macosx1015-64-shippable-qr,True,False,,,102210fe594ee9b33d82058545b1ed14f4c8206e,custom.styleeditor.reload.DAMP,damp,True,damp custom.styleeditor.reload.DAMP opt e10s fission stylo webrender,4775519,77,ms,firefox,455506701.0,1878766086,2024-04-23 08:01:00,1413770,,,,,,,,,,,,,,,,,,,,,,,,,,,,,,,,,,,,,,,,,,,,,,,,,TN
1800,d0b5d121d8fc8ffddbec3e026a455ecfe0071347,0.28433841217098627,autoland,4775609,12,d42f896683fcaa492a6c00f43ebeea3a7281573d,macosx1015-64-shippable-qr,True,False,,,102210fe594ee9b33d82058545b1ed14f4c8206e,custom.styleeditor.reload.DAMP,damp,True,damp custom.styleeditor.reload.DAMP opt e10s fission stylo webrender,4775519,77,ms,firefox,455536400.0,1878853941,2024-04-23 11:54:58,1413921,,,,,,,,,,,,,,,,,,,,,,,,,,,,,,,,,,,,,,,,,,,,,,,,,TN
1801,058dc2e8394c7361874508e49f2bbbfc3173f1a9,0.2215110542362056,autoland,4775609,12,d42f896683fcaa492a6c00f43ebeea3a7281573d,macosx1015-64-shippable-qr,True,False,,,102210fe594ee9b33d82058545b1ed14f4c8206e,custom.styleeditor.reload.DAMP,damp,True,damp custom.styleeditor.reload.DAMP opt e10s fission stylo webrender,4775519,77,ms,firefox,455560331.0,1879019467,2024-04-23 15:44:45,1414120,,,,,,,,,,,,,,,,,,,,,,,,,,,,,,,,,,,,,,,,,,,,,,,,,TN
1802,1c40eb01d534a1c361c5c6fe0b3fdc64aed2c883,0.4752410969208994,autoland,4775609,12,d42f896683fcaa492a6c00f43ebeea3a7281573d,macosx1015-64-shippable-qr,True,False,,,102210fe594ee9b33d82058545b1ed14f4c8206e,custom.styleeditor.reload.DAMP,damp,True,damp custom.styleeditor.reload.DAMP opt e10s fission stylo webrender,4775519,77,ms,firefox,455587709.0,1879199696,2024-04-23 18:21:27,1414216,,,,,,,,,,,,,,,,,,,,,,,,,,,,,,,,,,,,,,,,,,,,,,,,,TN
1803,b516592332299274cdbcfd113f1d8a97cc0ee8af,0.25324544580016045,autoland,4775609,12,d42f896683fcaa492a6c00f43ebeea3a7281573d,macosx1015-64-shippable-qr,True,False,,,102210fe594ee9b33d82058545b1ed14f4c8206e,custom.styleeditor.reload.DAMP,damp,True,damp custom.styleeditor.reload.DAMP opt e10s fission stylo webrender,4775519,77,ms,firefox,455613391.0,1879328618,2024-04-23 22:59:53,1414419,,,,,,,,,,,,,,,,,,,,,,,,,,,,,,,,,,,,,,,,,,,,,,,,,TN
1804,3de3f9428f138bf269718fceb36c5112a195ca37,0.28959010846906835,autoland,4775609,12,d42f896683fcaa492a6c00f43ebeea3a7281573d,macosx1015-64-shippable-qr,True,False,,,102210fe594ee9b33d82058545b1ed14f4c8206e,custom.styleeditor.reload.DAMP,damp,True,damp custom.styleeditor.reload.DAMP opt e10s fission stylo webrender,4775519,77,ms,firefox,455630869.0,1879436443,2024-04-24 03:55:37,1414529,,,,,,,,,,,,,,,,,,,,,,,,,,,,,,,,,,,,,,,,,,,,,,,,,TN
1805,fd7d96cffddb9a76a1ecc148c3b284e8003fe6b9,0.25598562374332273,autoland,4775609,12,d42f896683fcaa492a6c00f43ebeea3a7281573d,macosx1015-64-shippable-qr,True,False,,,102210fe594ee9b33d82058545b1ed14f4c8206e,custom.styleeditor.reload.DAMP,damp,True,damp custom.styleeditor.reload.DAMP opt e10s fission stylo webrender,4775519,77,ms,firefox,455652792.0,1879591132,2024-04-24 07:56:15,1414632,,,,,,,,,,,,,,,,,,,,,,,,,,,,,,,,,,,,,,,,,,,,,,,,,TN
1806,87963547052db96296ae50e55c8266cbfc3bd922,0.27937435420044104,autoland,4775609,12,d42f896683fcaa492a6c00f43ebeea3a7281573d,macosx1015-64-shippable-qr,True,False,,,102210fe594ee9b33d82058545b1ed14f4c8206e,custom.styleeditor.reload.DAMP,damp,True,damp custom.styleeditor.reload.DAMP opt e10s fission stylo webrender,4775519,77,ms,firefox,455706806.0,1879812408,2024-04-24 12:15:38,1414844,,,,,,,,,,,,,,,,,,,,,,,,,,,,,,,,,,,,,,,,,,,,,,,,,TN
1807,ec5140ea1b1384a44d1ce6e0271fc97472399e96,0.2320627616548087,autoland,4775609,12,d42f896683fcaa492a6c00f43ebeea3a7281573d,macosx1015-64-shippable-qr,True,False,,,102210fe594ee9b33d82058545b1ed14f4c8206e,custom.styleeditor.reload.DAMP,damp,True,damp custom.styleeditor.reload.DAMP opt e10s fission stylo webrender,4775519,77,ms,firefox,455757018.0,153804,2024-04-25 00:20:54,1415370,,,,,,,,,,,,,,,,,,,,,,,,,,,,,,,,,,,,,,,,,,,,,,,,,TN
1808,cffa531d3b2e833bda2b3f035d37edb92f838428,0.526078390144177,autoland,4775609,12,d42f896683fcaa492a6c00f43ebeea3a7281573d,macosx1015-64-shippable-qr,True,False,,,102210fe594ee9b33d82058545b1ed14f4c8206e,custom.styleeditor.reload.DAMP,damp,True,damp custom.styleeditor.reload.DAMP opt e10s fission stylo webrender,4775519,77,ms,firefox,455792084.0,365502,2024-04-25 02:34:18,1415633,,,,,,,,,,,,,,,,,,,,,,,,,,,,,,,,,,,,,,,,,,,,,,,,,TN
1809,792c9892791495e8f13e77e5a78bfda83ab7a455,0.26254377245513544,autoland,4775609,12,d42f896683fcaa492a6c00f43ebeea3a7281573d,macosx1015-64-shippable-qr,True,False,,,102210fe594ee9b33d82058545b1ed14f4c8206e,custom.styleeditor.reload.DAMP,damp,True,damp custom.styleeditor.reload.DAMP opt e10s fission stylo webrender,4775519,77,ms,firefox,455798431.0,429915,2024-04-25 05:01:58,1415718,,,,,,,,,,,,,,,,,,,,,,,,,,,,,,,,,,,,,,,,,,,,,,,,,TN
1810,5b0d6bb6f3780aaf074d79548381fd6e7a565b85,0.2473936805155667,autoland,4775609,12,d42f896683fcaa492a6c00f43ebeea3a7281573d,macosx1015-64-shippable-qr,True,False,,,102210fe594ee9b33d82058545b1ed14f4c8206e,custom.styleeditor.reload.DAMP,damp,True,damp custom.styleeditor.reload.DAMP opt e10s fission stylo webrender,4775519,77,ms,firefox,455827070.0,563572,2024-04-25 09:09:49,1415822,,,,,,,,,,,,,,,,,,,,,,,,,,,,,,,,,,,,,,,,,,,,,,,,,TN
1811,88f7b12683ce863c6ca742ac14e176ee045383bd,0.5226997199826893,autoland,4775609,12,d42f896683fcaa492a6c00f43ebeea3a7281573d,macosx1015-64-shippable-qr,True,False,,,102210fe594ee9b33d82058545b1ed14f4c8206e,custom.styleeditor.reload.DAMP,damp,True,damp custom.styleeditor.reload.DAMP opt e10s fission stylo webrender,4775519,77,ms,firefox,455854582.0,642846,2024-04-25 13:10:04,1416008,,,,,,,,,,,,,,,,,,,,,,,,,,,,,,,,,,,,,,,,,,,,,,,,,TN
1812,6611338ffbdafbbc5b82211b1c255353bdb30763,0.32499856743898475,autoland,4775609,12,d42f896683fcaa492a6c00f43ebeea3a7281573d,macosx1015-64-shippable-qr,True,False,,,102210fe594ee9b33d82058545b1ed14f4c8206e,custom.styleeditor.reload.DAMP,damp,True,damp custom.styleeditor.reload.DAMP opt e10s fission stylo webrender,4775519,77,ms,firefox,455878879.0,755768,2024-04-25 16:29:00,1416183,,,,,,,,,,,,,,,,,,,,,,,,,,,,,,,,,,,,,,,,,,,,,,,,,TN
1813,6a497992821d53c3704819a4f43c6a7d3234c5a2,0.2740859109695963,autoland,4775609,12,d42f896683fcaa492a6c00f43ebeea3a7281573d,macosx1015-64-shippable-qr,True,False,,,102210fe594ee9b33d82058545b1ed14f4c8206e,custom.styleeditor.reload.DAMP,damp,True,damp custom.styleeditor.reload.DAMP opt e10s fission stylo webrender,4775519,77,ms,firefox,455927421.0,978269,2024-04-25 21:12:20,1416361,,,,,,,,,,,,,,,,,,,,,,,,,,,,,,,,,,,,,,,,,,,,,,,,,TN
1814,b89431ee0f24bcb481d894ad21288e4f09e1960d,0.2992146650812387,autoland,4775609,12,d42f896683fcaa492a6c00f43ebeea3a7281573d,macosx1015-64-shippable-qr,True,False,,,102210fe594ee9b33d82058545b1ed14f4c8206e,custom.styleeditor.reload.DAMP,damp,True,damp custom.styleeditor.reload.DAMP opt e10s fission stylo webrender,4775519,77,ms,firefox,455944437.0,1035982,2024-04-26 01:33:24,1416487,,,,,,,,,,,,,,,,,,,,,,,,,,,,,,,,,,,,,,,,,,,,,,,,,TN
1815,ed2448d27fe2e034cd5804dc7310c3f72ac2eaa5,0.5047848749852923,autoland,4775609,12,d42f896683fcaa492a6c00f43ebeea3a7281573d,macosx1015-64-shippable-qr,True,False,,,102210fe594ee9b33d82058545b1ed14f4c8206e,custom.styleeditor.reload.DAMP,damp,True,damp custom.styleeditor.reload.DAMP opt e10s fission stylo webrender,4775519,77,ms,firefox,455956642.0,1121807,2024-04-26 05:34:38,1416537,,,,,,,,,,,,,,,,,,,,,,,,,,,,,,,,,,,,,,,,,,,,,,,,,TN
1816,c8be3827903b85cfb4313957b4f308f696d3b0fe,0.25105016652840156,autoland,4775609,12,d42f896683fcaa492a6c00f43ebeea3a7281573d,macosx1015-64-shippable-qr,True,False,,,102210fe594ee9b33d82058545b1ed14f4c8206e,custom.styleeditor.reload.DAMP,damp,True,damp custom.styleeditor.reload.DAMP opt e10s fission stylo webrender,4775519,77,ms,firefox,455993108.0,1290528,2024-04-26 09:39:43,1416671,,,,,,,,,,,,,,,,,,,,,,,,,,,,,,,,,,,,,,,,,,,,,,,,,TN
1817,462f013c08cacd7abfae1f2d1bf26354372a829f,0.2581359594406825,autoland,4775609,12,d42f896683fcaa492a6c00f43ebeea3a7281573d,macosx1015-64-shippable-qr,True,False,,,102210fe594ee9b33d82058545b1ed14f4c8206e,custom.styleeditor.reload.DAMP,damp,True,damp custom.styleeditor.reload.DAMP opt e10s fission stylo webrender,4775519,77,ms,firefox,456023578.0,1385265,2024-04-26 13:51:38,1416831,,,,,,,,,,,,,,,,,,,,,,,,,,,,,,,,,,,,,,,,,,,,,,,,,TN
1818,ed101e266315213d1ad0a423c49bade6ff5df172,0.2680444490793205,autoland,4775609,12,d42f896683fcaa492a6c00f43ebeea3a7281573d,macosx1015-64-shippable-qr,True,False,,,102210fe594ee9b33d82058545b1ed14f4c8206e,custom.styleeditor.reload.DAMP,damp,True,damp custom.styleeditor.reload.DAMP opt e10s fission stylo webrender,4775519,77,ms,firefox,456056636.0,1554348,2024-04-26 17:53:01,1417003,,,,,,,,,,,,,,,,,,,,,,,,,,,,,,,,,,,,,,,,,,,,,,,,,TN
1819,7b85c82d731ddab976c6abe7e54685cacaebba41,0.25120093251463754,autoland,4775609,12,d42f896683fcaa492a6c00f43ebeea3a7281573d,macosx1015-64-shippable-qr,True,False,,,102210fe594ee9b33d82058545b1ed14f4c8206e,custom.styleeditor.reload.DAMP,damp,True,damp custom.styleeditor.reload.DAMP opt e10s fission stylo webrender,4775519,77,ms,firefox,456079897.0,1656111,2024-04-26 22:54:36,1417188,,,,,,,,,,,,,,,,,,,,,,,,,,,,,,,,,,,,,,,,,,,,,,,,,TN
1820,45defed78aafc90410c68310027bf771bcfc5968,0.5181436620129252,autoland,4775609,12,d42f896683fcaa492a6c00f43ebeea3a7281573d,macosx1015-64-shippable-qr,True,False,,,102210fe594ee9b33d82058545b1ed14f4c8206e,custom.styleeditor.reload.DAMP,damp,True,damp custom.styleeditor.reload.DAMP opt e10s fission stylo webrender,4775519,77,ms,firefox,456093701.0,1739106,2024-04-27 03:46:15,1417229,,,,,,,,,,,,,,,,,,,,,,,,,,,,,,,,,,,,,,,,,,,,,,,,,TN
1821,b694b588a2936a5c99a0ecf2d9d8fb6382a2bff4,0.24842479861490846,autoland,4775609,12,d42f896683fcaa492a6c00f43ebeea3a7281573d,macosx1015-64-shippable-qr,True,False,,,102210fe594ee9b33d82058545b1ed14f4c8206e,custom.styleeditor.reload.DAMP,damp,True,damp custom.styleeditor.reload.DAMP opt e10s fission stylo webrender,4775519,77,ms,firefox,456113129.0,1829659,2024-04-27 10:47:32,1417256,,,,,,,,,,,,,,,,,,,,,,,,,,,,,,,,,,,,,,,,,,,,,,,,,TN
1822,69bb72420e433fa8d66fff354e5ce90402289ac1,0.23999566538464528,autoland,4775609,12,d42f896683fcaa492a6c00f43ebeea3a7281573d,macosx1015-64-shippable-qr,True,False,,,102210fe594ee9b33d82058545b1ed14f4c8206e,custom.styleeditor.reload.DAMP,damp,True,damp custom.styleeditor.reload.DAMP opt e10s fission stylo webrender,4775519,77,ms,firefox,456136159.0,1941071,2024-04-27 18:43:51,1417294,,,,,,,,,,,,,,,,,,,,,,,,,,,,,,,,,,,,,,,,,,,,,,,,,TN
1823,8256dde0533523666a60914881f81717e1705f8a,0.23407079952852244,autoland,4775609,12,d42f896683fcaa492a6c00f43ebeea3a7281573d,macosx1015-64-shippable-qr,True,False,,,102210fe594ee9b33d82058545b1ed14f4c8206e,custom.styleeditor.reload.DAMP,damp,True,damp custom.styleeditor.reload.DAMP opt e10s fission stylo webrender,4775519,77,ms,firefox,456150631.0,2008957,2024-04-27 22:45:22,1417317,,,,,,,,,,,,,,,,,,,,,,,,,,,,,,,,,,,,,,,,,,,,,,,,,TN
1824,d1651fe33156a2aab5884ab1eaaaa8c5dd64631d,0.23596410690903497,autoland,4775609,12,d42f896683fcaa492a6c00f43ebeea3a7281573d,macosx1015-64-shippable-qr,True,False,,,102210fe594ee9b33d82058545b1ed14f4c8206e,custom.styleeditor.reload.DAMP,damp,True,damp custom.styleeditor.reload.DAMP opt e10s fission stylo webrender,4775519,77,ms,firefox,456156930.0,2043978,2024-04-28 03:23:06,1417329,,,,,,,,,,,,,,,,,,,,,,,,,,,,,,,,,,,,,,,,,,,,,,,,,TN
1825,e479324bc8bb9135d7a48ad8ebc677725f27de37,0.23896891081901445,autoland,4775609,12,d42f896683fcaa492a6c00f43ebeea3a7281573d,macosx1015-64-shippable-qr,True,False,,,102210fe594ee9b33d82058545b1ed14f4c8206e,custom.styleeditor.reload.DAMP,damp,True,damp custom.styleeditor.reload.DAMP opt e10s fission stylo webrender,4775519,77,ms,firefox,456177754.0,2122800,2024-04-28 10:04:44,1417378,,,,,,,,,,,,,,,,,,,,,,,,,,,,,,,,,,,,,,,,,,,,,,,,,TN
1826,f157e5d64220507743654737cdd9b5e74f4f3ed5,0.26492012658238834,autoland,4775609,12,d42f896683fcaa492a6c00f43ebeea3a7281573d,macosx1015-64-shippable-qr,True,False,,,102210fe594ee9b33d82058545b1ed14f4c8206e,custom.styleeditor.reload.DAMP,damp,True,damp custom.styleeditor.reload.DAMP opt e10s fission stylo webrender,4775519,77,ms,firefox,456186553.0,2174859,2024-04-28 14:13:44,1417383,,,,,,,,,,,,,,,,,,,,,,,,,,,,,,,,,,,,,,,,,,,,,,,,,TN
1827,717a883474bedbbf5f420ffd52c76d3f6d4b910d,0.41701074615535544,autoland,4775609,12,d42f896683fcaa492a6c00f43ebeea3a7281573d,macosx1015-64-shippable-qr,True,False,,,102210fe594ee9b33d82058545b1ed14f4c8206e,custom.styleeditor.reload.DAMP,damp,True,damp custom.styleeditor.reload.DAMP opt e10s fission stylo webrender,4775519,77,ms,firefox,456191865.0,2210944,2024-04-28 19:02:33,1417402,,,,,,,,,,,,,,,,,,,,,,,,,,,,,,,,,,,,,,,,,,,,,,,,,TN
1828,0481d43263e16ab0b359e3c85888197704857817,0.2786567259660397,autoland,4775609,12,d42f896683fcaa492a6c00f43ebeea3a7281573d,macosx1015-64-shippable-qr,True,False,,,102210fe594ee9b33d82058545b1ed14f4c8206e,custom.styleeditor.reload.DAMP,damp,True,damp custom.styleeditor.reload.DAMP opt e10s fission stylo webrender,4775519,77,ms,firefox,456207988.0,2280107,2024-04-29 00:22:43,1417434,,,,,,,,,,,,,,,,,,,,,,,,,,,,,,,,,,,,,,,,,,,,,,,,,TN
1829,6b17c605c084e2db078b234e703a176d3b427fe1,0.21453338535579225,autoland,4775609,12,d42f896683fcaa492a6c00f43ebeea3a7281573d,macosx1015-64-shippable-qr,True,False,,,102210fe594ee9b33d82058545b1ed14f4c8206e,custom.styleeditor.reload.DAMP,damp,True,damp custom.styleeditor.reload.DAMP opt e10s fission stylo webrender,4775519,77,ms,firefox,456215818.0,2345871,2024-04-29 06:17:09,1417456,,,,,,,,,,,,,,,,,,,,,,,,,,,,,,,,,,,,,,,,,,,,,,,,,TN
1830,04a668ef9c909b54153526f6b4e28b4287e80664,0.3049921883092493,autoland,4775609,12,d42f896683fcaa492a6c00f43ebeea3a7281573d,macosx1015-64-shippable-qr,True,False,,,102210fe594ee9b33d82058545b1ed14f4c8206e,custom.styleeditor.reload.DAMP,damp,True,damp custom.styleeditor.reload.DAMP opt e10s fission stylo webrender,4775519,77,ms,firefox,456246439.0,2516752,2024-04-29 10:38:34,1417565,,,,,,,,,,,,,,,,,,,,,,,,,,,,,,,,,,,,,,,,,,,,,,,,,TN
1831,650dda9187436a12c66c2e81441e68e1d481e164,0.5231218034187737,autoland,4775609,12,d42f896683fcaa492a6c00f43ebeea3a7281573d,macosx1015-64-shippable-qr,True,False,,,102210fe594ee9b33d82058545b1ed14f4c8206e,custom.styleeditor.reload.DAMP,damp,True,damp custom.styleeditor.reload.DAMP opt e10s fission stylo webrender,4775519,77,ms,firefox,456296880.0,2720165,2024-04-29 14:46:23,1417768,,,,,,,,,,,,,,,,,,,,,,,,,,,,,,,,,,,,,,,,,,,,,,,,,TN
1832,fb9d21d9a3f911f1748f03b323b8358292a5588c,0.5754465657673835,autoland,4775609,12,d42f896683fcaa492a6c00f43ebeea3a7281573d,macosx1015-64-shippable-qr,True,False,,,102210fe594ee9b33d82058545b1ed14f4c8206e,custom.styleeditor.reload.DAMP,damp,True,damp custom.styleeditor.reload.DAMP opt e10s fission stylo webrender,4775519,77,ms,firefox,456319018.0,2846018,2024-04-29 17:19:25,1417921,,,,,,,,,,,,,,,,,,,,,,,,,,,,,,,,,,,,,,,,,,,,,,,,,TN
1833,e9cdeeb2f957d210479897325c1d72ded8f512a4,0.2797404960922181,autoland,4775609,12,d42f896683fcaa492a6c00f43ebeea3a7281573d,macosx1015-64-shippable-qr,True,False,,,102210fe594ee9b33d82058545b1ed14f4c8206e,custom.styleeditor.reload.DAMP,damp,True,damp custom.styleeditor.reload.DAMP opt e10s fission stylo webrender,4775519,77,ms,firefox,456335316.0,2949893,2024-04-29 19:52:22,1418020,,,,,,,,,,,,,,,,,,,,,,,,,,,,,,,,,,,,,,,,,,,,,,,,,TN
1834,660a39c9cdc7fc3c728c5da5ccaa8856854fa346,0.26889727061333896,autoland,4775609,12,d42f896683fcaa492a6c00f43ebeea3a7281573d,macosx1015-64-shippable-qr,True,False,,,102210fe594ee9b33d82058545b1ed14f4c8206e,custom.styleeditor.reload.DAMP,damp,True,damp custom.styleeditor.reload.DAMP opt e10s fission stylo webrender,4775519,77,ms,firefox,456369072.0,3081317,2024-04-30 00:02:50,1418169,,,,,,,,,,,,,,,,,,,,,,,,,,,,,,,,,,,,,,,,,,,,,,,,,TN
1835,0c6cd807867dbaf592b3c7db4eef81220fe03acf,0.24865554809170293,autoland,4775609,12,d42f896683fcaa492a6c00f43ebeea3a7281573d,macosx1015-64-shippable-qr,True,False,,,102210fe594ee9b33d82058545b1ed14f4c8206e,custom.styleeditor.reload.DAMP,damp,True,damp custom.styleeditor.reload.DAMP opt e10s fission stylo webrender,4775519,77,ms,firefox,456379616.0,3141553,2024-04-30 05:00:53,1418256,,,,,,,,,,,,,,,,,,,,,,,,,,,,,,,,,,,,,,,,,,,,,,,,,TN
1836,5502377f2629549b2b7c5368c980d0487ed281d4,0.2935655877200308,autoland,4775609,12,d42f896683fcaa492a6c00f43ebeea3a7281573d,macosx1015-64-shippable-qr,True,False,,,102210fe594ee9b33d82058545b1ed14f4c8206e,custom.styleeditor.reload.DAMP,damp,True,damp custom.styleeditor.reload.DAMP opt e10s fission stylo webrender,4775519,77,ms,firefox,456412786.0,3302394,2024-04-30 09:02:30,1418348,,,,,,,,,,,,,,,,,,,,,,,,,,,,,,,,,,,,,,,,,,,,,,,,,TN
1837,df31c6244c03bc65932fec706fefedf091587459,0.25906906176699535,autoland,4775609,12,d42f896683fcaa492a6c00f43ebeea3a7281573d,macosx1015-64-shippable-qr,True,False,,,102210fe594ee9b33d82058545b1ed14f4c8206e,custom.styleeditor.reload.DAMP,damp,True,damp custom.styleeditor.reload.DAMP opt e10s fission stylo webrender,4775519,77,ms,firefox,456438889.0,3377194,2024-04-30 13:09:55,1418487,,,,,,,,,,,,,,,,,,,,,,,,,,,,,,,,,,,,,,,,,,,,,,,,,TN
1838,8f7500d7e530d9db7e5101922db97ea633705f4e,0.2641509378902484,autoland,4775609,12,d42f896683fcaa492a6c00f43ebeea3a7281573d,macosx1015-64-shippable-qr,True,False,,,102210fe594ee9b33d82058545b1ed14f4c8206e,custom.styleeditor.reload.DAMP,damp,True,damp custom.styleeditor.reload.DAMP opt e10s fission stylo webrender,4775519,77,ms,firefox,456462182.0,3525953,2024-04-30 16:26:23,1418685,,,,,,,,,,,,,,,,,,,,,,,,,,,,,,,,,,,,,,,,,,,,,,,,,TN
1839,ec8f015d7e7237118cd2c9633310bf3b43bc902b,0.2726646666275894,autoland,4775609,12,d42f896683fcaa492a6c00f43ebeea3a7281573d,macosx1015-64-shippable-qr,True,False,,,102210fe594ee9b33d82058545b1ed14f4c8206e,custom.styleeditor.reload.DAMP,damp,True,damp custom.styleeditor.reload.DAMP opt e10s fission stylo webrender,4775519,77,ms,firefox,456481472.0,3607426,2024-04-30 19:24:53,1418797,,,,,,,,,,,,,,,,,,,,,,,,,,,,,,,,,,,,,,,,,,,,,,,,,TN
1840,cd22a3f9463d7df724c7e17c83b6f9d8fe0dd54e,0.33412411461500563,autoland,4775609,12,d42f896683fcaa492a6c00f43ebeea3a7281573d,macosx1015-64-shippable-qr,True,False,,,102210fe594ee9b33d82058545b1ed14f4c8206e,custom.styleeditor.reload.DAMP,damp,True,damp custom.styleeditor.reload.DAMP opt e10s fission stylo webrender,4775519,77,ms,firefox,456516035.0,3760938,2024-04-30 23:32:26,1418926,,,,,,,,,,,,,,,,,,,,,,,,,,,,,,,,,,,,,,,,,,,,,,,,,TN
1841,5801de1f3daa092cf721149dc96e7b073c172a92,0.3142743432859512,autoland,4775609,12,d42f896683fcaa492a6c00f43ebeea3a7281573d,macosx1015-64-shippable-qr,True,False,,,102210fe594ee9b33d82058545b1ed14f4c8206e,custom.styleeditor.reload.DAMP,damp,True,damp custom.styleeditor.reload.DAMP opt e10s fission stylo webrender,4775519,77,ms,firefox,456524338.0,3828362,2024-05-01 03:47:22,1419018,,,,,,,,,,,,,,,,,,,,,,,,,,,,,,,,,,,,,,,,,,,,,,,,,TN
1842,287f670c824ebf9c8dbde990f795f92c94af4882,0.32950086809965823,autoland,4775609,12,d42f896683fcaa492a6c00f43ebeea3a7281573d,macosx1015-64-shippable-qr,True,False,,,102210fe594ee9b33d82058545b1ed14f4c8206e,custom.styleeditor.reload.DAMP,damp,True,damp custom.styleeditor.reload.DAMP opt e10s fission stylo webrender,4775519,77,ms,firefox,456531594.0,3881355,2024-05-01 07:50:28,1419058,,,,,,,,,,,,,,,,,,,,,,,,,,,,,,,,,,,,,,,,,,,,,,,,,TN
1843,0c09216614e40f92d253d63a3699eb680be6773a,0.24119994912607606,autoland,4775609,12,d42f896683fcaa492a6c00f43ebeea3a7281573d,macosx1015-64-shippable-qr,True,False,,,102210fe594ee9b33d82058545b1ed14f4c8206e,custom.styleeditor.reload.DAMP,damp,True,damp custom.styleeditor.reload.DAMP opt e10s fission stylo webrender,4775519,77,ms,firefox,456577756.0,4056551,2024-05-01 18:27:07,1419281,,,,,,,,,,,,,,,,,,,,,,,,,,,,,,,,,,,,,,,,,,,,,,,,,TN
1844,b8f4a7d4d873dccbf25b9bc2f3510753c2b3fde7,0.5441309944513317,autoland,4775609,12,d42f896683fcaa492a6c00f43ebeea3a7281573d,macosx1015-64-shippable-qr,True,False,,,102210fe594ee9b33d82058545b1ed14f4c8206e,custom.styleeditor.reload.DAMP,damp,True,damp custom.styleeditor.reload.DAMP opt e10s fission stylo webrender,4775519,77,ms,firefox,456602654.0,4212079,2024-05-01 20:27:27,1419379,,,,,,,,,,,,,,,,,,,,,,,,,,,,,,,,,,,,,,,,,,,,,,,,,TN
1845,533fbd9c5056d0b2611e332cddafd7337193d64f,0.5547467846546266,autoland,4775609,12,d42f896683fcaa492a6c00f43ebeea3a7281573d,macosx1015-64-shippable-qr,True,False,,,102210fe594ee9b33d82058545b1ed14f4c8206e,custom.styleeditor.reload.DAMP,damp,True,damp custom.styleeditor.reload.DAMP opt e10s fission stylo webrender,4775519,77,ms,firefox,456614899.0,4278528,2024-05-01 23:13:57,1419453,,,,,,,,,,,,,,,,,,,,,,,,,,,,,,,,,,,,,,,,,,,,,,,,,TN
1846,dda5d5286866494223d6cc52382d52032d961218,0.25154822262432514,autoland,4775609,12,d42f896683fcaa492a6c00f43ebeea3a7281573d,macosx1015-64-shippable-qr,True,False,,,102210fe594ee9b33d82058545b1ed14f4c8206e,custom.styleeditor.reload.DAMP,damp,True,damp custom.styleeditor.reload.DAMP opt e10s fission stylo webrender,4775519,77,ms,firefox,456637016.0,4381645,2024-05-02 04:22:12,1419529,,,,,,,,,,,,,,,,,,,,,,,,,,,,,,,,,,,,,,,,,,,,,,,,,TN
1847,8f1e622a3413df009913d856f603c77b8e637efc,0.24605085965282697,autoland,4775609,12,d42f896683fcaa492a6c00f43ebeea3a7281573d,macosx1015-64-shippable-qr,True,False,,,102210fe594ee9b33d82058545b1ed14f4c8206e,custom.styleeditor.reload.DAMP,damp,True,damp custom.styleeditor.reload.DAMP opt e10s fission stylo webrender,4775519,77,ms,firefox,456779619.0,5156157,2024-05-02 08:48:43,1419618,,,,,,,,,,,,,,,,,,,,,,,,,,,,,,,,,,,,,,,,,,,,,,,,,TN
1848,91cfcfc5935b5ac51c36c1a08a064c33a2d96fd5,0.25424001937327917,autoland,4775609,12,d42f896683fcaa492a6c00f43ebeea3a7281573d,macosx1015-64-shippable-qr,True,False,,,102210fe594ee9b33d82058545b1ed14f4c8206e,custom.styleeditor.reload.DAMP,damp,True,damp custom.styleeditor.reload.DAMP opt e10s fission stylo webrender,4775519,77,ms,firefox,456782199.0,5188442,2024-05-02 15:44:03,1419950,,,,,,,,,,,,,,,,,,,,,,,,,,,,,,,,,,,,,,,,,,,,,,,,,TN
1849,3a0b95c0a8b3e334c5811a26420f39aaba7e5be3,0.24967709877997396,autoland,4775609,12,d42f896683fcaa492a6c00f43ebeea3a7281573d,macosx1015-64-shippable-qr,True,False,,,102210fe594ee9b33d82058545b1ed14f4c8206e,custom.styleeditor.reload.DAMP,damp,True,damp custom.styleeditor.reload.DAMP opt e10s fission stylo webrender,4775519,77,ms,firefox,456783047.0,5191602,2024-05-02 17:57:36,1420053,,,,,,,,,,,,,,,,,,,,,,,,,,,,,,,,,,,,,,,,,,,,,,,,,TN
1850,f5cfc0ea73926b119ca193381efffbfa5859d867,0.26087668810513914,autoland,4775609,12,d42f896683fcaa492a6c00f43ebeea3a7281573d,macosx1015-64-shippable-qr,True,False,,,102210fe594ee9b33d82058545b1ed14f4c8206e,custom.styleeditor.reload.DAMP,damp,True,damp custom.styleeditor.reload.DAMP opt e10s fission stylo webrender,4775519,77,ms,firefox,456784096.0,5202727,2024-05-02 23:51:01,1420328,,,,,,,,,,,,,,,,,,,,,,,,,,,,,,,,,,,,,,,,,,,,,,,,,TN
1851,c5c13444d9afc38f2ee8d567a1a17f26a9b6659b,0.28281153740165016,autoland,4775609,12,d42f896683fcaa492a6c00f43ebeea3a7281573d,macosx1015-64-shippable-qr,True,False,,,102210fe594ee9b33d82058545b1ed14f4c8206e,custom.styleeditor.reload.DAMP,damp,True,damp custom.styleeditor.reload.DAMP opt e10s fission stylo webrender,4775519,77,ms,firefox,456806823.0,5331289,2024-05-03 04:04:06,1420386,,,,,,,,,,,,,,,,,,,,,,,,,,,,,,,,,,,,,,,,,,,,,,,,,TN
1852,fd534101970b397f34b099196fabc43b927c7fcf,0.48038774861869776,autoland,4775609,12,d42f896683fcaa492a6c00f43ebeea3a7281573d,macosx1015-64-shippable-qr,True,False,,,102210fe594ee9b33d82058545b1ed14f4c8206e,custom.styleeditor.reload.DAMP,damp,True,damp custom.styleeditor.reload.DAMP opt e10s fission stylo webrender,4775519,77,ms,firefox,456813064.0,5350689,2024-05-03 08:10:40,1420452,,,,,,,,,,,,,,,,,,,,,,,,,,,,,,,,,,,,,,,,,,,,,,,,,TN
1853,e91d8e436dcc57f87d15822b1dc5b12644cb980e,0.26792624586053665,autoland,4775609,12,d42f896683fcaa492a6c00f43ebeea3a7281573d,macosx1015-64-shippable-qr,True,False,,,102210fe594ee9b33d82058545b1ed14f4c8206e,custom.styleeditor.reload.DAMP,damp,True,damp custom.styleeditor.reload.DAMP opt e10s fission stylo webrender,4775519,77,ms,firefox,456853629.0,5510917,2024-05-03 12:18:12,1420590,,,,,,,,,,,,,,,,,,,,,,,,,,,,,,,,,,,,,,,,,,,,,,,,,TN
1854,0a8a8f84140a331e815f8520a76a3c928e4486ea,0.28078437348224855,autoland,4775609,12,d42f896683fcaa492a6c00f43ebeea3a7281573d,macosx1015-64-shippable-qr,True,False,,,102210fe594ee9b33d82058545b1ed14f4c8206e,custom.styleeditor.reload.DAMP,damp,True,damp custom.styleeditor.reload.DAMP opt e10s fission stylo webrender,4775519,77,ms,firefox,456888362.0,5756256,2024-05-03 16:29:14,1420823,,,,,,,,,,,,,,,,,,,,,,,,,,,,,,,,,,,,,,,,,,,,,,,,,TN
1855,1e88e24f01e40c6d9b7e3f222f4fbb0d55c9639d,0.25772363210899457,autoland,4775609,12,d42f896683fcaa492a6c00f43ebeea3a7281573d,macosx1015-64-shippable-qr,True,False,,,102210fe594ee9b33d82058545b1ed14f4c8206e,custom.styleeditor.reload.DAMP,damp,True,damp custom.styleeditor.reload.DAMP opt e10s fission stylo webrender,4775519,77,ms,firefox,456921823.0,6036551,2024-05-03 19:41:01,1420975,,,,,,,,,,,,,,,,,,,,,,,,,,,,,,,,,,,,,,,,,,,,,,,,,TN
1856,b5ebcaf20c9cca5a0f4b965c398f0f26296df1b5,0.3853602825409114,autoland,4775609,12,d42f896683fcaa492a6c00f43ebeea3a7281573d,macosx1015-64-shippable-qr,True,False,,,102210fe594ee9b33d82058545b1ed14f4c8206e,custom.styleeditor.reload.DAMP,damp,True,damp custom.styleeditor.reload.DAMP opt e10s fission stylo webrender,4775519,77,ms,firefox,456936735.0,6105562,2024-05-04 00:06:35,1421120,,,,,,,,,,,,,,,,,,,,,,,,,,,,,,,,,,,,,,,,,,,,,,,,,TN
1857,a546ec29a8018c8e98e738460e9bdfd5d4003690,0.5316461801657162,autoland,4775609,12,d42f896683fcaa492a6c00f43ebeea3a7281573d,macosx1015-64-shippable-qr,True,False,,,102210fe594ee9b33d82058545b1ed14f4c8206e,custom.styleeditor.reload.DAMP,damp,True,damp custom.styleeditor.reload.DAMP opt e10s fission stylo webrender,4775519,77,ms,firefox,456967392.0,6287568,2024-05-04 09:19:48,1421174,,,,,,,,,,,,,,,,,,,,,,,,,,,,,,,,,,,,,,,,,,,,,,,,,TN
1858,422a6a673019bc0e2dfd459eceee9594246a0a9d,0.24277912760747605,autoland,4775609,12,d42f896683fcaa492a6c00f43ebeea3a7281573d,macosx1015-64-shippable-qr,True,False,,,102210fe594ee9b33d82058545b1ed14f4c8206e,custom.styleeditor.reload.DAMP,damp,True,damp custom.styleeditor.reload.DAMP opt e10s fission stylo webrender,4775519,77,ms,firefox,456979151.0,6334075,2024-05-04 19:44:42,1421318,,,,,,,,,,,,,,,,,,,,,,,,,,,,,,,,,,,,,,,,,,,,,,,,,TN
1859,1343ec609dea28acb4b297bebd481211e1742b11,0.2208843624830672,autoland,4775609,12,d42f896683fcaa492a6c00f43ebeea3a7281573d,macosx1015-64-shippable-qr,True,False,,,102210fe594ee9b33d82058545b1ed14f4c8206e,custom.styleeditor.reload.DAMP,damp,True,damp custom.styleeditor.reload.DAMP opt e10s fission stylo webrender,4775519,77,ms,firefox,456995920.0,6405112,2024-05-05 00:17:27,1421344,,,,,,,,,,,,,,,,,,,,,,,,,,,,,,,,,,,,,,,,,,,,,,,,,TN
1860,5c3e0ef9b916432dfc42f800c3c7997f58ae5a63,0.27970552583898595,autoland,4775609,12,d42f896683fcaa492a6c00f43ebeea3a7281573d,macosx1015-64-shippable-qr,True,False,,,102210fe594ee9b33d82058545b1ed14f4c8206e,custom.styleeditor.reload.DAMP,damp,True,damp custom.styleeditor.reload.DAMP opt e10s fission stylo webrender,4775519,77,ms,firefox,457030974.0,6603517,2024-05-05 08:06:08,1421422,,,,,,,,,,,,,,,,,,,,,,,,,,,,,,,,,,,,,,,,,,,,,,,,,TN
1861,286a373804e5360a54d51ec691ba7bfd02def155,0.26649072116197653,autoland,4775609,12,d42f896683fcaa492a6c00f43ebeea3a7281573d,macosx1015-64-shippable-qr,True,False,,,102210fe594ee9b33d82058545b1ed14f4c8206e,custom.styleeditor.reload.DAMP,damp,True,damp custom.styleeditor.reload.DAMP opt e10s fission stylo webrender,4775519,77,ms,firefox,457031671.0,6617826,2024-05-05 13:09:56,1421444,,,,,,,,,,,,,,,,,,,,,,,,,,,,,,,,,,,,,,,,,,,,,,,,,TN
1862,a6cb5ac7a79af000e99bf48f04ecb2943fcd3c68,0.3038850531193818,autoland,4775609,12,d42f896683fcaa492a6c00f43ebeea3a7281573d,macosx1015-64-shippable-qr,True,False,,,102210fe594ee9b33d82058545b1ed14f4c8206e,custom.styleeditor.reload.DAMP,damp,True,damp custom.styleeditor.reload.DAMP opt e10s fission stylo webrender,4775519,77,ms,firefox,457036247.0,6668542,2024-05-05 17:38:00,1421459,,,,,,,,,,,,,,,,,,,,,,,,,,,,,,,,,,,,,,,,,,,,,,,,,TN
1863,ea67e3b59c22cea8a2c797ce9a6608d3ddeaeca9,0.5356812530549508,autoland,4775609,12,d42f896683fcaa492a6c00f43ebeea3a7281573d,macosx1015-64-shippable-qr,True,False,,,102210fe594ee9b33d82058545b1ed14f4c8206e,custom.styleeditor.reload.DAMP,damp,True,damp custom.styleeditor.reload.DAMP opt e10s fission stylo webrender,4775519,77,ms,firefox,457055805.0,6782499,2024-05-05 22:09:52,1421479,,,,,,,,,,,,,,,,,,,,,,,,,,,,,,,,,,,,,,,,,,,,,,,,,TN
1864,ab041350c7569b831b00994a96625b9354dcf6b6,0.2600355452632746,autoland,4775609,12,d42f896683fcaa492a6c00f43ebeea3a7281573d,macosx1015-64-shippable-qr,True,False,,,102210fe594ee9b33d82058545b1ed14f4c8206e,custom.styleeditor.reload.DAMP,damp,True,damp custom.styleeditor.reload.DAMP opt e10s fission stylo webrender,4775519,77,ms,firefox,457060684.0,6824103,2024-05-06 03:19:39,1421502,,,,,,,,,,,,,,,,,,,,,,,,,,,,,,,,,,,,,,,,,,,,,,,,,TN
1865,65e120a9c1dcb9c8f1c8930e808b03aa149eaf40,0.33549163181690284,autoland,4775609,12,d42f896683fcaa492a6c00f43ebeea3a7281573d,macosx1015-64-shippable-qr,True,False,,,102210fe594ee9b33d82058545b1ed14f4c8206e,custom.styleeditor.reload.DAMP,damp,True,damp custom.styleeditor.reload.DAMP opt e10s fission stylo webrender,4775519,77,ms,firefox,457069819.0,6886302,2024-05-06 07:31:35,1421524,,,,,,,,,,,,,,,,,,,,,,,,,,,,,,,,,,,,,,,,,,,,,,,,,TN
1866,13b26e8e0e39998b30b388bb6f5d84c0e8067c03,0.239551991370271,autoland,4775609,12,d42f896683fcaa492a6c00f43ebeea3a7281573d,macosx1015-64-shippable-qr,True,False,,,102210fe594ee9b33d82058545b1ed14f4c8206e,custom.styleeditor.reload.DAMP,damp,True,damp custom.styleeditor.reload.DAMP opt e10s fission stylo webrender,4775519,77,ms,firefox,457101776.0,7020136,2024-05-06 11:33:14,1421623,,,,,,,,,,,,,,,,,,,,,,,,,,,,,,,,,,,,,,,,,,,,,,,,,TN
1867,26e8012d5da938871783505e3753b681ab8cb186,0.24467954719137647,autoland,4775609,12,d42f896683fcaa492a6c00f43ebeea3a7281573d,macosx1015-64-shippable-qr,True,False,,,102210fe594ee9b33d82058545b1ed14f4c8206e,custom.styleeditor.reload.DAMP,damp,True,damp custom.styleeditor.reload.DAMP opt e10s fission stylo webrender,4775519,77,ms,firefox,457135099.0,7179795,2024-05-06 15:35:21,1421812,,,,,,,,,,,,,,,,,,,,,,,,,,,,,,,,,,,,,,,,,,,,,,,,,TN
1868,eb10b86b18adfc70952409e13993f834d33fa099,0.22870172719063475,autoland,4775609,12,d42f896683fcaa492a6c00f43ebeea3a7281573d,macosx1015-64-shippable-qr,True,False,,,102210fe594ee9b33d82058545b1ed14f4c8206e,custom.styleeditor.reload.DAMP,damp,True,damp custom.styleeditor.reload.DAMP opt e10s fission stylo webrender,4775519,77,ms,firefox,457150950.0,7243236,2024-05-06 17:44:25,1421908,,,,,,,,,,,,,,,,,,,,,,,,,,,,,,,,,,,,,,,,,,,,,,,,,TN
1869,4c7b1942b455d9c365693e5584f7ea86c5b33615,0.23117772127988784,autoland,4775609,12,d42f896683fcaa492a6c00f43ebeea3a7281573d,macosx1015-64-shippable-qr,True,False,,,102210fe594ee9b33d82058545b1ed14f4c8206e,custom.styleeditor.reload.DAMP,damp,True,damp custom.styleeditor.reload.DAMP opt e10s fission stylo webrender,4775519,77,ms,firefox,457174024.0,7327857,2024-05-06 20:39:16,1422073,,,,,,,,,,,,,,,,,,,,,,,,,,,,,,,,,,,,,,,,,,,,,,,,,TN
1870,945bbd356b57424bcdb359e6d88c48cd03ff2c10,0.3098917915936616,autoland,4775609,12,d42f896683fcaa492a6c00f43ebeea3a7281573d,macosx1015-64-shippable-qr,True,False,,,102210fe594ee9b33d82058545b1ed14f4c8206e,custom.styleeditor.reload.DAMP,damp,True,damp custom.styleeditor.reload.DAMP opt e10s fission stylo webrender,4775519,77,ms,firefox,457212474.0,7514181,2024-05-07 01:41:54,1422278,,,,,,,,,,,,,,,,,,,,,,,,,,,,,,,,,,,,,,,,,,,,,,,,,TN
1871,80150ac16109a11457c3103e68bf1c7ac29270c0,0.2732100161883327,autoland,4775609,12,d42f896683fcaa492a6c00f43ebeea3a7281573d,macosx1015-64-shippable-qr,True,False,,,102210fe594ee9b33d82058545b1ed14f4c8206e,custom.styleeditor.reload.DAMP,damp,True,damp custom.styleeditor.reload.DAMP opt e10s fission stylo webrender,4775519,77,ms,firefox,457227296.0,7579494,2024-05-07 06:04:59,1422341,,,,,,,,,,,,,,,,,,,,,,,,,,,,,,,,,,,,,,,,,,,,,,,,,TN
1872,641e15621e7bd2e0e8a2fab82d2b9838e386c3c4,0.280256909198698,autoland,4775609,12,d42f896683fcaa492a6c00f43ebeea3a7281573d,macosx1015-64-shippable-qr,True,False,,,102210fe594ee9b33d82058545b1ed14f4c8206e,custom.styleeditor.reload.DAMP,damp,True,damp custom.styleeditor.reload.DAMP opt e10s fission stylo webrender,4775519,77,ms,firefox,457275411.0,7755610,2024-05-07 10:41:19,1422484,,,,,,,,,,,,,,,,,,,,,,,,,,,,,,,,,,,,,,,,,,,,,,,,,TN
1873,0041f761ddff5c598852d2b5cc41772a3a11cd0b,0.2567224954082041,autoland,4775609,12,d42f896683fcaa492a6c00f43ebeea3a7281573d,macosx1015-64-shippable-qr,True,False,,,102210fe594ee9b33d82058545b1ed14f4c8206e,custom.styleeditor.reload.DAMP,damp,True,damp custom.styleeditor.reload.DAMP opt e10s fission stylo webrender,4775519,77,ms,firefox,457310067.0,7905863,2024-05-07 14:42:49,1422671,,,,,,,,,,,,,,,,,,,,,,,,,,,,,,,,,,,,,,,,,,,,,,,,,TN
1874,425b44586178edae02872c1fbc0220a0b4ff4c1d,0.2542313164410572,autoland,4775609,12,d42f896683fcaa492a6c00f43ebeea3a7281573d,macosx1015-64-shippable-qr,True,False,,,102210fe594ee9b33d82058545b1ed14f4c8206e,custom.styleeditor.reload.DAMP,damp,True,damp custom.styleeditor.reload.DAMP opt e10s fission stylo webrender,4775519,77,ms,firefox,457343210.0,8098394,2024-05-07 18:25:44,1422943,,,,,,,,,,,,,,,,,,,,,,,,,,,,,,,,,,,,,,,,,,,,,,,,,TN
1875,149e752fdb3fa75a3a02f55e7c7c91f7f704cf8a,0.27322985422228213,autoland,4775609,12,d42f896683fcaa492a6c00f43ebeea3a7281573d,macosx1015-64-shippable-qr,True,False,,,102210fe594ee9b33d82058545b1ed14f4c8206e,custom.styleeditor.reload.DAMP,damp,True,damp custom.styleeditor.reload.DAMP opt e10s fission stylo webrender,4775519,77,ms,firefox,457378601.0,8305003,2024-05-07 22:14:58,1423124,,,,,,,,,,,,,,,,,,,,,,,,,,,,,,,,,,,,,,,,,,,,,,,,,TN
1876,a0b3e2669a2dc49c467521cb9b7966ca05e3dbc3,0.2776281102477,autoland,4775609,12,d42f896683fcaa492a6c00f43ebeea3a7281573d,macosx1015-64-shippable-qr,True,False,,,102210fe594ee9b33d82058545b1ed14f4c8206e,custom.styleeditor.reload.DAMP,damp,True,damp custom.styleeditor.reload.DAMP opt e10s fission stylo webrender,4775519,77,ms,firefox,457409400.0,8455452,2024-05-08 04:41:52,1423269,,,,,,,,,,,,,,,,,,,,,,,,,,,,,,,,,,,,,,,,,,,,,,,,,TN
1877,bec816ef2f2c29ed86b08bb592d6283618418e16,0.24752318339423734,autoland,4775609,12,d42f896683fcaa492a6c00f43ebeea3a7281573d,macosx1015-64-shippable-qr,True,False,,,102210fe594ee9b33d82058545b1ed14f4c8206e,custom.styleeditor.reload.DAMP,damp,True,damp custom.styleeditor.reload.DAMP opt e10s fission stylo webrender,4775519,77,ms,firefox,457422122.0,8527299,2024-05-08 08:48:11,1423316,,,,,,,,,,,,,,,,,,,,,,,,,,,,,,,,,,,,,,,,,,,,,,,,,TN
1878,ed7b6f65910afcd687ef5aaa25605666805796bb,0.26067290861268116,autoland,4775609,12,d42f896683fcaa492a6c00f43ebeea3a7281573d,macosx1015-64-shippable-qr,True,False,,,102210fe594ee9b33d82058545b1ed14f4c8206e,custom.styleeditor.reload.DAMP,damp,True,damp custom.styleeditor.reload.DAMP opt e10s fission stylo webrender,4775519,77,ms,firefox,457458554.0,8675326,2024-05-08 13:09:13,1423417,,,,,,,,,,,,,,,,,,,,,,,,,,,,,,,,,,,,,,,,,,,,,,,,,TN
