repository_name,signature_id,framework_id,signature_hash,machine_platform,should_alert,has_subtests,extra_options,tags,option_collection_hash,test,suite,lower_is_better,name,parent_signature,repository_id,measurement_unit,application,job_id,entry_id,push_timestamp,value,revision,push_id
autoland,5094822,1,1972a98d0a69bbe4fd05a217fd515442dc617628,linux1804-64-shippable-qr,True,False,,,102210fe594ee9b33d82058545b1ed14f4c8206e,issue5044.pdf,pdfpaint,True,pdfpaint issue5044.pdf opt e10s fission stylo webrender,4767280,77,ms,firefox,453907181,1870664888,2024-04-08T13:49:41,305.77,1b56c653a5ee3a14ec0955b092498999e9333bfa,1405618
autoland,5094822,1,1972a98d0a69bbe4fd05a217fd515442dc617628,linux1804-64-shippable-qr,True,False,,,102210fe594ee9b33d82058545b1ed14f4c8206e,issue5044.pdf,pdfpaint,True,pdfpaint issue5044.pdf opt e10s fission stylo webrender,4767280,77,ms,firefox,453956995,1870814884,2024-04-08T19:08:45,319.37,79551503d77c8353439905d86ec3033546f0c874,1405880
autoland,5094822,1,1972a98d0a69bbe4fd05a217fd515442dc617628,linux1804-64-shippable-qr,True,False,,,102210fe594ee9b33d82058545b1ed14f4c8206e,issue5044.pdf,pdfpaint,True,pdfpaint issue5044.pdf opt e10s fission stylo webrender,4767280,77,ms,firefox,453992641,1870948883,2024-04-08T23:24:57,298.8,c19d16f89e851b3d8052fb11a8e8f0ae3f4cb9b7,1406026
autoland,5094822,1,1972a98d0a69bbe4fd05a217fd515442dc617628,linux1804-64-shippable-qr,True,False,,,102210fe594ee9b33d82058545b1ed14f4c8206e,issue5044.pdf,pdfpaint,True,pdfpaint issue5044.pdf opt e10s fission stylo webrender,4767280,77,ms,firefox,454019354,1871124451,2024-04-09T06:15:12,311.1,643848d855ebb8ab8d9d7009ca7ce9d21d267b34,1406147
autoland,5094822,1,1972a98d0a69bbe4fd05a217fd515442dc617628,linux1804-64-shippable-qr,True,False,,,102210fe594ee9b33d82058545b1ed14f4c8206e,issue5044.pdf,pdfpaint,True,pdfpaint issue5044.pdf opt e10s fission stylo webrender,4767280,77,ms,firefox,454042920,1871228011,2024-04-09T10:19:15,306.11,7cd4aaac69823ebb7b440d4e14d05275ba50a073,1406264
autoland,5094822,1,1972a98d0a69bbe4fd05a217fd515442dc617628,linux1804-64-shippable-qr,True,False,,,102210fe594ee9b33d82058545b1ed14f4c8206e,issue5044.pdf,pdfpaint,True,pdfpaint issue5044.pdf opt e10s fission stylo webrender,4767280,77,ms,firefox,454072948,1871364875,2024-04-09T14:26:21,307.86,34fef7e7706b912024aa3ba8826647e5ddc0a0ab,1406452
autoland,5094822,1,1972a98d0a69bbe4fd05a217fd515442dc617628,linux1804-64-shippable-qr,True,False,,,102210fe594ee9b33d82058545b1ed14f4c8206e,issue5044.pdf,pdfpaint,True,pdfpaint issue5044.pdf opt e10s fission stylo webrender,4767280,77,ms,firefox,454088216,1871446951,2024-04-09T17:03:26,306.73,e3c9c90141d0f6b39792470ce489a5af6123cc15,1406581
autoland,5094822,1,1972a98d0a69bbe4fd05a217fd515442dc617628,linux1804-64-shippable-qr,True,False,,,102210fe594ee9b33d82058545b1ed14f4c8206e,issue5044.pdf,pdfpaint,True,pdfpaint issue5044.pdf opt e10s fission stylo webrender,4767280,77,ms,firefox,454112164,1871552551,2024-04-09T20:18:20,302.12,42fe954d2d47356658d58a292876a6f15d6cbc51,1406718
autoland,5094822,1,1972a98d0a69bbe4fd05a217fd515442dc617628,linux1804-64-shippable-qr,True,False,,,102210fe594ee9b33d82058545b1ed14f4c8206e,issue5044.pdf,pdfpaint,True,pdfpaint issue5044.pdf opt e10s fission stylo webrender,4767280,77,ms,firefox,454132382,1871624241,2024-04-10T00:18:40,300.09000000000003,c6228adca1a9c453ab8514c86ee26ee9a7903d27,1406841
autoland,5094822,1,1972a98d0a69bbe4fd05a217fd515442dc617628,linux1804-64-shippable-qr,True,False,,,102210fe594ee9b33d82058545b1ed14f4c8206e,issue5044.pdf,pdfpaint,True,pdfpaint issue5044.pdf opt e10s fission stylo webrender,4767280,77,ms,firefox,454140001,1871692560,2024-04-10T05:00:45,305.89,a3f0d7e2d176a84f97e08088b78e1abe8da0a5f7,1406899
autoland,5094822,1,1972a98d0a69bbe4fd05a217fd515442dc617628,linux1804-64-shippable-qr,True,False,,,102210fe594ee9b33d82058545b1ed14f4c8206e,issue5044.pdf,pdfpaint,True,pdfpaint issue5044.pdf opt e10s fission stylo webrender,4767280,77,ms,firefox,454157370,1871788695,2024-04-10T09:31:15,307.09000000000003,cb449d228d38790ba76f64d551817f6a804c044e,1406973
autoland,5094822,1,1972a98d0a69bbe4fd05a217fd515442dc617628,linux1804-64-shippable-qr,True,False,,,102210fe594ee9b33d82058545b1ed14f4c8206e,issue5044.pdf,pdfpaint,True,pdfpaint issue5044.pdf opt e10s fission stylo webrender,4767280,77,ms,firefox,454191261,1871936881,2024-04-10T13:31:55,301.86,53228f89fadff09aff9d51b46652c77d94059014,1407087
autoland,5094822,1,1972a98d0a69bbe4fd05a217fd515442dc617628,linux1804-64-shippable-qr,True,False,,,102210fe594ee9b33d82058545b1ed14f4c8206e,issue5044.pdf,pdfpaint,True,pdfpaint issue5044.pdf opt e10s fission stylo webrender,4767280,77,ms,firefox,454208104,1872023407,2024-04-10T17:21:37,305.53999999999996,a30d53cfa601940935af0c765cccbdde2178bb67,1407259
autoland,5094822,1,1972a98d0a69bbe4fd05a217fd515442dc617628,linux1804-64-shippable-qr,True,False,,,102210fe594ee9b33d82058545b1ed14f4c8206e,issue5044.pdf,pdfpaint,True,pdfpaint issue5044.pdf opt e10s fission stylo webrender,4767280,77,ms,firefox,454234756,1872154515,2024-04-10T20:55:18,312.45,bc425d90bbe9987cc754323772553d4be3e6de83,1407422
autoland,5094822,1,1972a98d0a69bbe4fd05a217fd515442dc617628,linux1804-64-shippable-qr,True,False,,,102210fe594ee9b33d82058545b1ed14f4c8206e,issue5044.pdf,pdfpaint,True,pdfpaint issue5044.pdf opt e10s fission stylo webrender,4767280,77,ms,firefox,454254894,1872271837,2024-04-11T01:15:30,310.36,1ae79ee05e2fe6a64e1916d65c78979921af1e5e,1407545
autoland,5094822,1,1972a98d0a69bbe4fd05a217fd515442dc617628,linux1804-64-shippable-qr,True,False,,,102210fe594ee9b33d82058545b1ed14f4c8206e,issue5044.pdf,pdfpaint,True,pdfpaint issue5044.pdf opt e10s fission stylo webrender,4767280,77,ms,firefox,454273542,1872438216,2024-04-11T06:36:24,299.1,7a8a0223fffe0f06dd2e7aad79bf1920cf1430c0,1407612
autoland,5094822,1,1972a98d0a69bbe4fd05a217fd515442dc617628,linux1804-64-shippable-qr,True,False,,,102210fe594ee9b33d82058545b1ed14f4c8206e,issue5044.pdf,pdfpaint,True,pdfpaint issue5044.pdf opt e10s fission stylo webrender,4767280,77,ms,firefox,454305729,1872591898,2024-04-11T11:27:44,277.58000000000004,747c6705d00627b032063055173575d6e6043880,1407747
autoland,5094822,1,1972a98d0a69bbe4fd05a217fd515442dc617628,linux1804-64-shippable-qr,True,False,,,102210fe594ee9b33d82058545b1ed14f4c8206e,issue5044.pdf,pdfpaint,True,pdfpaint issue5044.pdf opt e10s fission stylo webrender,4767280,77,ms,firefox,454329765,1872801328,2024-04-11T15:41:30,323.20000000000005,bbca818d6385ef61c987f967ebccfe9df63fc36b,1407834
autoland,5094822,1,1972a98d0a69bbe4fd05a217fd515442dc617628,linux1804-64-shippable-qr,True,False,,,102210fe594ee9b33d82058545b1ed14f4c8206e,issue5044.pdf,pdfpaint,True,pdfpaint issue5044.pdf opt e10s fission stylo webrender,4767280,77,ms,firefox,454338113,1872835567,2024-04-11T18:08:24,301.6,036ac9a41b52b5af1836d103d3a7aefad37e2b87,1407970
autoland,5094822,1,1972a98d0a69bbe4fd05a217fd515442dc617628,linux1804-64-shippable-qr,True,False,,,102210fe594ee9b33d82058545b1ed14f4c8206e,issue5044.pdf,pdfpaint,True,pdfpaint issue5044.pdf opt e10s fission stylo webrender,4767280,77,ms,firefox,454367457,1872961796,2024-04-11T23:15:25,317.16999999999996,90ef908ff18573cca9f4f0e5d676df56875c68b5,1408175
autoland,5094822,1,1972a98d0a69bbe4fd05a217fd515442dc617628,linux1804-64-shippable-qr,True,False,,,102210fe594ee9b33d82058545b1ed14f4c8206e,issue5044.pdf,pdfpaint,True,pdfpaint issue5044.pdf opt e10s fission stylo webrender,4767280,77,ms,firefox,454404387,1873185590,2024-04-12T14:13:45,348.57,be4463b26a49bdb9c791eaf7d0b41ff9eb0294d3,1408318
autoland,5094822,1,1972a98d0a69bbe4fd05a217fd515442dc617628,linux1804-64-shippable-qr,True,False,,,102210fe594ee9b33d82058545b1ed14f4c8206e,issue5044.pdf,pdfpaint,True,pdfpaint issue5044.pdf opt e10s fission stylo webrender,4767280,77,ms,firefox,454421765,1873283639,2024-04-12T20:21:58,324.54,5e5bc998487f4e6ee9fe6fe52ca5eb66cd37de03,1408379
autoland,5094822,1,1972a98d0a69bbe4fd05a217fd515442dc617628,linux1804-64-shippable-qr,True,False,,,102210fe594ee9b33d82058545b1ed14f4c8206e,issue5044.pdf,pdfpaint,True,pdfpaint issue5044.pdf opt e10s fission stylo webrender,4767280,77,ms,firefox,454440574,1873399104,2024-04-13T06:05:05,305.73,39657b697a7ffcda0f07cae917b68f1e84f57d54,1408439
autoland,5094822,1,1972a98d0a69bbe4fd05a217fd515442dc617628,linux1804-64-shippable-qr,True,False,,,102210fe594ee9b33d82058545b1ed14f4c8206e,issue5044.pdf,pdfpaint,True,pdfpaint issue5044.pdf opt e10s fission stylo webrender,4767280,77,ms,firefox,454463246,1873500738,2024-04-13T20:36:37,308.78,1dc823d4e96db6fe0450fcb588466eff7038b4cc,1408512
autoland,5094822,1,1972a98d0a69bbe4fd05a217fd515442dc617628,linux1804-64-shippable-qr,True,False,,,102210fe594ee9b33d82058545b1ed14f4c8206e,issue5044.pdf,pdfpaint,True,pdfpaint issue5044.pdf opt e10s fission stylo webrender,4767280,77,ms,firefox,454484773,1873666198,2024-04-14T12:41:18,301.96,25a22c2f939167a119d912b3fe61312db879d576,1408562
autoland,5094822,1,1972a98d0a69bbe4fd05a217fd515442dc617628,linux1804-64-shippable-qr,True,False,,,102210fe594ee9b33d82058545b1ed14f4c8206e,issue5044.pdf,pdfpaint,True,pdfpaint issue5044.pdf opt e10s fission stylo webrender,4767280,77,ms,firefox,454505428,1873802790,2024-04-15T00:20:26,308.01,8c457b0d7626241855c3c025a2531eb5f00b8cfc,1408605
autoland,5094822,1,1972a98d0a69bbe4fd05a217fd515442dc617628,linux1804-64-shippable-qr,True,False,,,102210fe594ee9b33d82058545b1ed14f4c8206e,issue5044.pdf,pdfpaint,True,pdfpaint issue5044.pdf opt e10s fission stylo webrender,4767280,77,ms,firefox,454513068,1873853330,2024-04-15T05:51:41,297.03999999999996,4b17d2a2a7ae64b3c8d364d200a6b97cc636dffd,1408627
autoland,5094822,1,1972a98d0a69bbe4fd05a217fd515442dc617628,linux1804-64-shippable-qr,True,False,,,102210fe594ee9b33d82058545b1ed14f4c8206e,issue5044.pdf,pdfpaint,True,pdfpaint issue5044.pdf opt e10s fission stylo webrender,4767280,77,ms,firefox,454534634,1873948931,2024-04-15T10:25:42,304.13,177f569e862519d4372977ba20b630f95e24ef1c,1408738
autoland,5094822,1,1972a98d0a69bbe4fd05a217fd515442dc617628,linux1804-64-shippable-qr,True,False,,,102210fe594ee9b33d82058545b1ed14f4c8206e,issue5044.pdf,pdfpaint,True,pdfpaint issue5044.pdf opt e10s fission stylo webrender,4767280,77,ms,firefox,454572023,1874114346,2024-04-15T14:58:12,308.27,4897460458d13272e6016fd9e4c184c3c41cbd74,1408898
autoland,5094822,1,1972a98d0a69bbe4fd05a217fd515442dc617628,linux1804-64-shippable-qr,True,False,,,102210fe594ee9b33d82058545b1ed14f4c8206e,issue5044.pdf,pdfpaint,True,pdfpaint issue5044.pdf opt e10s fission stylo webrender,4767280,77,ms,firefox,454601625,1874238480,2024-04-15T18:18:39,302.22,d49ecc17e4ae83fbccee8ffbe50a119039d1e408,1409057
autoland,5094822,1,1972a98d0a69bbe4fd05a217fd515442dc617628,linux1804-64-shippable-qr,True,False,,,102210fe594ee9b33d82058545b1ed14f4c8206e,issue5044.pdf,pdfpaint,True,pdfpaint issue5044.pdf opt e10s fission stylo webrender,4767280,77,ms,firefox,454618651,1874308464,2024-04-15T20:13:44,297.40999999999997,8d488b7ac977a67ba128a580f6959fe058df2fe5,1409141
autoland,5094822,1,1972a98d0a69bbe4fd05a217fd515442dc617628,linux1804-64-shippable-qr,True,False,,,102210fe594ee9b33d82058545b1ed14f4c8206e,issue5044.pdf,pdfpaint,True,pdfpaint issue5044.pdf opt e10s fission stylo webrender,4767280,77,ms,firefox,454630025,1874381139,2024-04-15T21:50:25,301.69,547363a98ae60f0645c5cc21aeecffb7e0ddb047,1409212
autoland,5094822,1,1972a98d0a69bbe4fd05a217fd515442dc617628,linux1804-64-shippable-qr,True,False,,,102210fe594ee9b33d82058545b1ed14f4c8206e,issue5044.pdf,pdfpaint,True,pdfpaint issue5044.pdf opt e10s fission stylo webrender,4767280,77,ms,firefox,454645752,1874446724,2024-04-16T00:41:18,305.39,5a31505f08c64efa6eb7a8ed02d5e9c0db448e37,1409277
autoland,5094822,1,1972a98d0a69bbe4fd05a217fd515442dc617628,linux1804-64-shippable-qr,True,False,,,102210fe594ee9b33d82058545b1ed14f4c8206e,issue5044.pdf,pdfpaint,True,pdfpaint issue5044.pdf opt e10s fission stylo webrender,4767280,77,ms,firefox,454665171,1874538061,2024-04-16T05:04:40,327.24,69a1a1d802b357216fef131d6ad99816defddc1f,1409360
autoland,5094822,1,1972a98d0a69bbe4fd05a217fd515442dc617628,linux1804-64-shippable-qr,True,False,,,102210fe594ee9b33d82058545b1ed14f4c8206e,issue5044.pdf,pdfpaint,True,pdfpaint issue5044.pdf opt e10s fission stylo webrender,4767280,77,ms,firefox,454693152,1874613745,2024-04-16T09:18:49,327.32,2949cb403e680d76f7bcb101117ceefeb480b064,1409480
autoland,5094822,1,1972a98d0a69bbe4fd05a217fd515442dc617628,linux1804-64-shippable-qr,True,False,,,102210fe594ee9b33d82058545b1ed14f4c8206e,issue5044.pdf,pdfpaint,True,pdfpaint issue5044.pdf opt e10s fission stylo webrender,4767280,77,ms,firefox,454715422,1874741208,2024-04-16T13:28:04,302.62,11d1c89ad8b2dad0cee1caf733cd833e448945eb,1409649
autoland,5094822,1,1972a98d0a69bbe4fd05a217fd515442dc617628,linux1804-64-shippable-qr,True,False,,,102210fe594ee9b33d82058545b1ed14f4c8206e,issue5044.pdf,pdfpaint,True,pdfpaint issue5044.pdf opt e10s fission stylo webrender,4767280,77,ms,firefox,454738780,1874875769,2024-04-16T17:33:30,317.17999999999995,12c7f0b00cd7ce4e2edde6ff37daf12e807388b1,1409875
autoland,5094822,1,1972a98d0a69bbe4fd05a217fd515442dc617628,linux1804-64-shippable-qr,True,False,,,102210fe594ee9b33d82058545b1ed14f4c8206e,issue5044.pdf,pdfpaint,True,pdfpaint issue5044.pdf opt e10s fission stylo webrender,4767280,77,ms,firefox,454757314,1874951379,2024-04-16T20:13:25,308.36,852d3945e38d8d16c4cf17918e862882d7ef363c,1409984
autoland,5094822,1,1972a98d0a69bbe4fd05a217fd515442dc617628,linux1804-64-shippable-qr,True,False,,,102210fe594ee9b33d82058545b1ed14f4c8206e,issue5044.pdf,pdfpaint,True,pdfpaint issue5044.pdf opt e10s fission stylo webrender,4767280,77,ms,firefox,454777254,1875066969,2024-04-17T00:00:12,298.17,3f5bf473ca3cf95233298d16ad833028500755e6,1410132
autoland,5094822,1,1972a98d0a69bbe4fd05a217fd515442dc617628,linux1804-64-shippable-qr,True,False,,,102210fe594ee9b33d82058545b1ed14f4c8206e,issue5044.pdf,pdfpaint,True,pdfpaint issue5044.pdf opt e10s fission stylo webrender,4767280,77,ms,firefox,454796164,1875206369,2024-04-17T04:14:52,310.04999999999995,7900ea0538965c6aba695fd896a6e2833d781007,1410204
autoland,5094822,1,1972a98d0a69bbe4fd05a217fd515442dc617628,linux1804-64-shippable-qr,True,False,,,102210fe594ee9b33d82058545b1ed14f4c8206e,issue5044.pdf,pdfpaint,True,pdfpaint issue5044.pdf opt e10s fission stylo webrender,4767280,77,ms,firefox,454819713,1875274566,2024-04-17T08:24:06,299.90999999999997,acabdf625d68e5d96c49e0eebb5c71f4286e5ffd,1410333
autoland,5094822,1,1972a98d0a69bbe4fd05a217fd515442dc617628,linux1804-64-shippable-qr,True,False,,,102210fe594ee9b33d82058545b1ed14f4c8206e,issue5044.pdf,pdfpaint,True,pdfpaint issue5044.pdf opt e10s fission stylo webrender,4767280,77,ms,firefox,454853958,1875412226,2024-04-17T11:47:51,310.76,05ad651d0c97009f3d906febefe9888c127c2660,1410461
autoland,5094822,1,1972a98d0a69bbe4fd05a217fd515442dc617628,linux1804-64-shippable-qr,True,False,,,102210fe594ee9b33d82058545b1ed14f4c8206e,issue5044.pdf,pdfpaint,True,pdfpaint issue5044.pdf opt e10s fission stylo webrender,4767280,77,ms,firefox,454873451,1875473257,2024-04-17T13:57:03,324.06,57f6925a520cf97f4af35e42db00435e817475dc,1410569
autoland,5094822,1,1972a98d0a69bbe4fd05a217fd515442dc617628,linux1804-64-shippable-qr,True,False,,,102210fe594ee9b33d82058545b1ed14f4c8206e,issue5044.pdf,pdfpaint,True,pdfpaint issue5044.pdf opt e10s fission stylo webrender,4767280,77,ms,firefox,454894723,1875557647,2024-04-17T18:33:15,303.06,25500210a453fec07cc9d95612bbe778bae07f71,1410800
autoland,5094822,1,1972a98d0a69bbe4fd05a217fd515442dc617628,linux1804-64-shippable-qr,True,False,,,102210fe594ee9b33d82058545b1ed14f4c8206e,issue5044.pdf,pdfpaint,True,pdfpaint issue5044.pdf opt e10s fission stylo webrender,4767280,77,ms,firefox,454915716,1875642529,2024-04-17T20:25:11,322.05,d35a7bf5f1fc33f0f83edc8fdcffd17131fd9b82,1410917
autoland,5094822,1,1972a98d0a69bbe4fd05a217fd515442dc617628,linux1804-64-shippable-qr,True,False,,,102210fe594ee9b33d82058545b1ed14f4c8206e,issue5044.pdf,pdfpaint,True,pdfpaint issue5044.pdf opt e10s fission stylo webrender,4767280,77,ms,firefox,454936732,1875725941,2024-04-18T00:20:10,306.62,1bf7d54b4913d7994ed2ce4b07f0426fc70b4b7e,1411120
autoland,5094822,1,1972a98d0a69bbe4fd05a217fd515442dc617628,linux1804-64-shippable-qr,True,False,,,102210fe594ee9b33d82058545b1ed14f4c8206e,issue5044.pdf,pdfpaint,True,pdfpaint issue5044.pdf opt e10s fission stylo webrender,4767280,77,ms,firefox,454953901,1875800758,2024-04-18T03:49:51,304.87,12adf93b9ad4085d4f0b493c368533bb040dce46,1411204
autoland,5094822,1,1972a98d0a69bbe4fd05a217fd515442dc617628,linux1804-64-shippable-qr,True,False,,,102210fe594ee9b33d82058545b1ed14f4c8206e,issue5044.pdf,pdfpaint,True,pdfpaint issue5044.pdf opt e10s fission stylo webrender,4767280,77,ms,firefox,454971072,1875912890,2024-04-18T07:53:55,306.67,d4cde5148929d0d9587580bca2d37027d7424348,1411277
autoland,5094822,1,1972a98d0a69bbe4fd05a217fd515442dc617628,linux1804-64-shippable-qr,True,False,,,102210fe594ee9b33d82058545b1ed14f4c8206e,issue5044.pdf,pdfpaint,True,pdfpaint issue5044.pdf opt e10s fission stylo webrender,4767280,77,ms,firefox,455004167,1876055533,2024-04-18T12:14:33,295.86,123e0c272c21270c6f9a5e2fca3bfbc72c7b5ef9,1411435
autoland,5094822,1,1972a98d0a69bbe4fd05a217fd515442dc617628,linux1804-64-shippable-qr,True,False,,,102210fe594ee9b33d82058545b1ed14f4c8206e,issue5044.pdf,pdfpaint,True,pdfpaint issue5044.pdf opt e10s fission stylo webrender,4767280,77,ms,firefox,455049723,1876247525,2024-04-18T15:42:46,306.01,257d3013546c7ec40031343c459162a0b69fa6f2,1411573
autoland,5094822,1,1972a98d0a69bbe4fd05a217fd515442dc617628,linux1804-64-shippable-qr,True,False,,,102210fe594ee9b33d82058545b1ed14f4c8206e,issue5044.pdf,pdfpaint,True,pdfpaint issue5044.pdf opt e10s fission stylo webrender,4767280,77,ms,firefox,455062975,1876292176,2024-04-18T18:28:28,303.22,0f5d446707971afc1fab01c0a28b208101241b8a,1411727
autoland,5094822,1,1972a98d0a69bbe4fd05a217fd515442dc617628,linux1804-64-shippable-qr,True,False,,,102210fe594ee9b33d82058545b1ed14f4c8206e,issue5044.pdf,pdfpaint,True,pdfpaint issue5044.pdf opt e10s fission stylo webrender,4767280,77,ms,firefox,455086483,1876433999,2024-04-18T21:15:15,310.2,eed297665148d999a1c59d7d6e66f6973e0dd84c,1411845
autoland,5094822,1,1972a98d0a69bbe4fd05a217fd515442dc617628,linux1804-64-shippable-qr,True,False,,,102210fe594ee9b33d82058545b1ed14f4c8206e,issue5044.pdf,pdfpaint,True,pdfpaint issue5044.pdf opt e10s fission stylo webrender,4767280,77,ms,firefox,455109022,1876615845,2024-04-19T01:55:54,317.66,3e097fca93b9af809ad16ed1d5f0bdd874f8f8e2,1411981
autoland,5094822,1,1972a98d0a69bbe4fd05a217fd515442dc617628,linux1804-64-shippable-qr,True,False,,,102210fe594ee9b33d82058545b1ed14f4c8206e,issue5044.pdf,pdfpaint,True,pdfpaint issue5044.pdf opt e10s fission stylo webrender,4767280,77,ms,firefox,455118883,1876786416,2024-04-19T06:08:52,304.03,99364906cd1d11016d0fc2dc03a8b7fd11705aa4,1412057
autoland,5094822,1,1972a98d0a69bbe4fd05a217fd515442dc617628,linux1804-64-shippable-qr,True,False,,,102210fe594ee9b33d82058545b1ed14f4c8206e,issue5044.pdf,pdfpaint,True,pdfpaint issue5044.pdf opt e10s fission stylo webrender,4767280,77,ms,firefox,455147327,1876973533,2024-04-19T10:27:22,306.32,465ebfc7da3d3a6de812574016249ab37ab8605c,1412150
autoland,5094822,1,1972a98d0a69bbe4fd05a217fd515442dc617628,linux1804-64-shippable-qr,True,False,,,102210fe594ee9b33d82058545b1ed14f4c8206e,issue5044.pdf,pdfpaint,True,pdfpaint issue5044.pdf opt e10s fission stylo webrender,4767280,77,ms,firefox,455184819,1877101672,2024-04-19T14:48:08,304.34000000000003,4b196ac64ccbf1061ee2c2835e31fe8b071b9099,1412270
autoland,5094822,1,1972a98d0a69bbe4fd05a217fd515442dc617628,linux1804-64-shippable-qr,True,False,,,102210fe594ee9b33d82058545b1ed14f4c8206e,issue5044.pdf,pdfpaint,True,pdfpaint issue5044.pdf opt e10s fission stylo webrender,4767280,77,ms,firefox,455213780,1877249492,2024-04-19T18:48:31,295.72,cf54488baa94dff90075eb1c2e96afc7353a4eee,1412477
autoland,5094822,1,1972a98d0a69bbe4fd05a217fd515442dc617628,linux1804-64-shippable-qr,True,False,,,102210fe594ee9b33d82058545b1ed14f4c8206e,issue5044.pdf,pdfpaint,True,pdfpaint issue5044.pdf opt e10s fission stylo webrender,4767280,77,ms,firefox,455241370,1877415631,2024-04-19T22:58:06,296.03,fd56e5907d69d8a14032cc7ec308f013a266ee16,1412613
autoland,5094822,1,1972a98d0a69bbe4fd05a217fd515442dc617628,linux1804-64-shippable-qr,True,False,,,102210fe594ee9b33d82058545b1ed14f4c8206e,issue5044.pdf,pdfpaint,True,pdfpaint issue5044.pdf opt e10s fission stylo webrender,4767280,77,ms,firefox,455253341,1877507004,2024-04-20T05:31:24,293.9,4797f0a19ccc6dca6f6aa6710f76967e23ba6276,1412701
autoland,5094822,1,1972a98d0a69bbe4fd05a217fd515442dc617628,linux1804-64-shippable-qr,True,False,,,102210fe594ee9b33d82058545b1ed14f4c8206e,issue5044.pdf,pdfpaint,True,pdfpaint issue5044.pdf opt e10s fission stylo webrender,4767280,77,ms,firefox,455283497,1877622074,2024-04-20T15:42:35,311.24,f5d9ea237d971478f314e77299398079989b786c,1412749
autoland,5094822,1,1972a98d0a69bbe4fd05a217fd515442dc617628,linux1804-64-shippable-qr,True,False,,,102210fe594ee9b33d82058545b1ed14f4c8206e,issue5044.pdf,pdfpaint,True,pdfpaint issue5044.pdf opt e10s fission stylo webrender,4767280,77,ms,firefox,455289041,1877662116,2024-04-21T00:18:25,309.15999999999997,65ceed609eb489d653eefc7e22fa34f869027a26,1412781
autoland,5094822,1,1972a98d0a69bbe4fd05a217fd515442dc617628,linux1804-64-shippable-qr,True,False,,,102210fe594ee9b33d82058545b1ed14f4c8206e,issue5044.pdf,pdfpaint,True,pdfpaint issue5044.pdf opt e10s fission stylo webrender,4767280,77,ms,firefox,455324619,1877841637,2024-04-21T21:40:30,334.13,400d4e6908a3aef8f83ae4db204d62e3e028f704,1412843
autoland,5094822,1,1972a98d0a69bbe4fd05a217fd515442dc617628,linux1804-64-shippable-qr,True,False,,,102210fe594ee9b33d82058545b1ed14f4c8206e,issue5044.pdf,pdfpaint,True,pdfpaint issue5044.pdf opt e10s fission stylo webrender,4767280,77,ms,firefox,455334607,1877944402,2024-04-22T04:00:04,305.6,d4a6129fdbbe32300d5069df6ce47dd92f665c96,1412913
autoland,5094822,1,1972a98d0a69bbe4fd05a217fd515442dc617628,linux1804-64-shippable-qr,True,False,,,102210fe594ee9b33d82058545b1ed14f4c8206e,issue5044.pdf,pdfpaint,True,pdfpaint issue5044.pdf opt e10s fission stylo webrender,4767280,77,ms,firefox,455346489,1878011843,2024-04-22T08:07:09,305.5,5a83d047329402d960e6c402c6deb27927a436c9,1412944
autoland,5094822,1,1972a98d0a69bbe4fd05a217fd515442dc617628,linux1804-64-shippable-qr,True,False,,,102210fe594ee9b33d82058545b1ed14f4c8206e,issue5044.pdf,pdfpaint,True,pdfpaint issue5044.pdf opt e10s fission stylo webrender,4767280,77,ms,firefox,455383164,1878156199,2024-04-22T12:07:57,307.07,1c34b0b26d5a556ee695c70bd744ca9f129f456e,1413048
autoland,5094822,1,1972a98d0a69bbe4fd05a217fd515442dc617628,linux1804-64-shippable-qr,True,False,,,102210fe594ee9b33d82058545b1ed14f4c8206e,issue5044.pdf,pdfpaint,True,pdfpaint issue5044.pdf opt e10s fission stylo webrender,4767280,77,ms,firefox,455435964,1878334940,2024-04-22T19:20:17,319.75,ed724b89a2c25252a6eab99f0fa48f85f2523b66,1413379
autoland,5094822,1,1972a98d0a69bbe4fd05a217fd515442dc617628,linux1804-64-shippable-qr,True,False,,,102210fe594ee9b33d82058545b1ed14f4c8206e,issue5044.pdf,pdfpaint,True,pdfpaint issue5044.pdf opt e10s fission stylo webrender,4767280,77,ms,firefox,455470558,1878540252,2024-04-22T23:20:55,297.09000000000003,294255d7250372c7cd6256cb6d1da23325d1f728,1413581
autoland,5094822,1,1972a98d0a69bbe4fd05a217fd515442dc617628,linux1804-64-shippable-qr,True,False,,,102210fe594ee9b33d82058545b1ed14f4c8206e,issue5044.pdf,pdfpaint,True,pdfpaint issue5044.pdf opt e10s fission stylo webrender,4767280,77,ms,firefox,455484956,1878602410,2024-04-23T03:59:43,307.61,074d29b6e81d7fbf5ac7dea664ffea6a59b41b80,1413693
autoland,5094822,1,1972a98d0a69bbe4fd05a217fd515442dc617628,linux1804-64-shippable-qr,True,False,,,102210fe594ee9b33d82058545b1ed14f4c8206e,issue5044.pdf,pdfpaint,True,pdfpaint issue5044.pdf opt e10s fission stylo webrender,4767280,77,ms,firefox,455499095,1878729016,2024-04-23T08:01:00,328.28,5519716422b3e14060894caded45bac7a3aeb773,1413770
autoland,5094822,1,1972a98d0a69bbe4fd05a217fd515442dc617628,linux1804-64-shippable-qr,True,False,,,102210fe594ee9b33d82058545b1ed14f4c8206e,issue5044.pdf,pdfpaint,True,pdfpaint issue5044.pdf opt e10s fission stylo webrender,4767280,77,ms,firefox,455537918,1878893835,2024-04-23T11:54:58,305.19,d0b5d121d8fc8ffddbec3e026a455ecfe0071347,1413921
autoland,5094822,1,1972a98d0a69bbe4fd05a217fd515442dc617628,linux1804-64-shippable-qr,True,False,,,102210fe594ee9b33d82058545b1ed14f4c8206e,issue5044.pdf,pdfpaint,True,pdfpaint issue5044.pdf opt e10s fission stylo webrender,4767280,77,ms,firefox,455568822,1879091197,2024-04-23T15:44:45,304.39,058dc2e8394c7361874508e49f2bbbfc3173f1a9,1414120
autoland,5094822,1,1972a98d0a69bbe4fd05a217fd515442dc617628,linux1804-64-shippable-qr,True,False,,,102210fe594ee9b33d82058545b1ed14f4c8206e,issue5044.pdf,pdfpaint,True,pdfpaint issue5044.pdf opt e10s fission stylo webrender,4767280,77,ms,firefox,455578859,1879133407,2024-04-23T18:21:27,302.40999999999997,1c40eb01d534a1c361c5c6fe0b3fdc64aed2c883,1414216
autoland,5094822,1,1972a98d0a69bbe4fd05a217fd515442dc617628,linux1804-64-shippable-qr,True,False,,,102210fe594ee9b33d82058545b1ed14f4c8206e,issue5044.pdf,pdfpaint,True,pdfpaint issue5044.pdf opt e10s fission stylo webrender,4767280,77,ms,firefox,455613163,1879333831,2024-04-23T22:59:53,341.2,b516592332299274cdbcfd113f1d8a97cc0ee8af,1414419
autoland,5094822,1,1972a98d0a69bbe4fd05a217fd515442dc617628,linux1804-64-shippable-qr,True,False,,,102210fe594ee9b33d82058545b1ed14f4c8206e,issue5044.pdf,pdfpaint,True,pdfpaint issue5044.pdf opt e10s fission stylo webrender,4767280,77,ms,firefox,455628814,1879409231,2024-04-24T03:55:37,307.28,3de3f9428f138bf269718fceb36c5112a195ca37,1414529
autoland,5094822,1,1972a98d0a69bbe4fd05a217fd515442dc617628,linux1804-64-shippable-qr,True,False,,,102210fe594ee9b33d82058545b1ed14f4c8206e,issue5044.pdf,pdfpaint,True,pdfpaint issue5044.pdf opt e10s fission stylo webrender,4767280,77,ms,firefox,455651501,1879564137,2024-04-24T07:56:15,306.41999999999996,fd7d96cffddb9a76a1ecc148c3b284e8003fe6b9,1414632
autoland,5094822,1,1972a98d0a69bbe4fd05a217fd515442dc617628,linux1804-64-shippable-qr,True,False,,,102210fe594ee9b33d82058545b1ed14f4c8206e,issue5044.pdf,pdfpaint,True,pdfpaint issue5044.pdf opt e10s fission stylo webrender,4767280,77,ms,firefox,455698811,1879782464,2024-04-24T12:15:38,301.25,87963547052db96296ae50e55c8266cbfc3bd922,1414844
autoland,5094822,1,1972a98d0a69bbe4fd05a217fd515442dc617628,linux1804-64-shippable-qr,True,False,,,102210fe594ee9b33d82058545b1ed14f4c8206e,issue5044.pdf,pdfpaint,True,pdfpaint issue5044.pdf opt e10s fission stylo webrender,4767280,77,ms,firefox,455750907,113072,2024-04-25T00:20:54,300.12,ec5140ea1b1384a44d1ce6e0271fc97472399e96,1415370
autoland,5094822,1,1972a98d0a69bbe4fd05a217fd515442dc617628,linux1804-64-shippable-qr,True,False,,,102210fe594ee9b33d82058545b1ed14f4c8206e,issue5044.pdf,pdfpaint,True,pdfpaint issue5044.pdf opt e10s fission stylo webrender,4767280,77,ms,firefox,455773538,202423,2024-04-25T02:34:18,301.11,cffa531d3b2e833bda2b3f035d37edb92f838428,1415633
autoland,5094822,1,1972a98d0a69bbe4fd05a217fd515442dc617628,linux1804-64-shippable-qr,True,False,,,102210fe594ee9b33d82058545b1ed14f4c8206e,issue5044.pdf,pdfpaint,True,pdfpaint issue5044.pdf opt e10s fission stylo webrender,4767280,77,ms,firefox,455788259,294026,2024-04-25T05:01:58,306.75,792c9892791495e8f13e77e5a78bfda83ab7a455,1415718
autoland,5094822,1,1972a98d0a69bbe4fd05a217fd515442dc617628,linux1804-64-shippable-qr,True,False,,,102210fe594ee9b33d82058545b1ed14f4c8206e,issue5044.pdf,pdfpaint,True,pdfpaint issue5044.pdf opt e10s fission stylo webrender,4767280,77,ms,firefox,455808806,481723,2024-04-25T09:09:49,312.78,5b0d6bb6f3780aaf074d79548381fd6e7a565b85,1415822
autoland,5094822,1,1972a98d0a69bbe4fd05a217fd515442dc617628,linux1804-64-shippable-qr,True,False,,,102210fe594ee9b33d82058545b1ed14f4c8206e,issue5044.pdf,pdfpaint,True,pdfpaint issue5044.pdf opt e10s fission stylo webrender,4767280,77,ms,firefox,455854251,634373,2024-04-25T13:10:04,297.9,88f7b12683ce863c6ca742ac14e176ee045383bd,1416008
autoland,5094822,1,1972a98d0a69bbe4fd05a217fd515442dc617628,linux1804-64-shippable-qr,True,False,,,102210fe594ee9b33d82058545b1ed14f4c8206e,issue5044.pdf,pdfpaint,True,pdfpaint issue5044.pdf opt e10s fission stylo webrender,4767280,77,ms,firefox,455878965,753764,2024-04-25T16:29:00,300.32000000000005,6611338ffbdafbbc5b82211b1c255353bdb30763,1416183
autoland,5094822,1,1972a98d0a69bbe4fd05a217fd515442dc617628,linux1804-64-shippable-qr,True,False,,,102210fe594ee9b33d82058545b1ed14f4c8206e,issue5044.pdf,pdfpaint,True,pdfpaint issue5044.pdf opt e10s fission stylo webrender,4767280,77,ms,firefox,455919004,900267,2024-04-25T21:12:20,303.88,6a497992821d53c3704819a4f43c6a7d3234c5a2,1416361
autoland,5094822,1,1972a98d0a69bbe4fd05a217fd515442dc617628,linux1804-64-shippable-qr,True,False,,,102210fe594ee9b33d82058545b1ed14f4c8206e,issue5044.pdf,pdfpaint,True,pdfpaint issue5044.pdf opt e10s fission stylo webrender,4767280,77,ms,firefox,455942617,1011067,2024-04-26T01:33:24,299.52,b89431ee0f24bcb481d894ad21288e4f09e1960d,1416487
autoland,5094822,1,1972a98d0a69bbe4fd05a217fd515442dc617628,linux1804-64-shippable-qr,True,False,,,102210fe594ee9b33d82058545b1ed14f4c8206e,issue5044.pdf,pdfpaint,True,pdfpaint issue5044.pdf opt e10s fission stylo webrender,4767280,77,ms,firefox,455955416,1111966,2024-04-26T05:34:38,301.93,ed2448d27fe2e034cd5804dc7310c3f72ac2eaa5,1416537
autoland,5094822,1,1972a98d0a69bbe4fd05a217fd515442dc617628,linux1804-64-shippable-qr,True,False,,,102210fe594ee9b33d82058545b1ed14f4c8206e,issue5044.pdf,pdfpaint,True,pdfpaint issue5044.pdf opt e10s fission stylo webrender,4767280,77,ms,firefox,455984746,1265474,2024-04-26T09:39:43,313.5,c8be3827903b85cfb4313957b4f308f696d3b0fe,1416671
autoland,5094822,1,1972a98d0a69bbe4fd05a217fd515442dc617628,linux1804-64-shippable-qr,True,False,,,102210fe594ee9b33d82058545b1ed14f4c8206e,issue5044.pdf,pdfpaint,True,pdfpaint issue5044.pdf opt e10s fission stylo webrender,4767280,77,ms,firefox,456023208,1386438,2024-04-26T13:51:38,317.76,462f013c08cacd7abfae1f2d1bf26354372a829f,1416831
autoland,5094822,1,1972a98d0a69bbe4fd05a217fd515442dc617628,linux1804-64-shippable-qr,True,False,,,102210fe594ee9b33d82058545b1ed14f4c8206e,issue5044.pdf,pdfpaint,True,pdfpaint issue5044.pdf opt e10s fission stylo webrender,4767280,77,ms,firefox,456057720,1552265,2024-04-26T17:53:01,307.76,ed101e266315213d1ad0a423c49bade6ff5df172,1417003
autoland,5094822,1,1972a98d0a69bbe4fd05a217fd515442dc617628,linux1804-64-shippable-qr,True,False,,,102210fe594ee9b33d82058545b1ed14f4c8206e,issue5044.pdf,pdfpaint,True,pdfpaint issue5044.pdf opt e10s fission stylo webrender,4767280,77,ms,firefox,456079629,1647554,2024-04-26T22:54:36,303.72,7b85c82d731ddab976c6abe7e54685cacaebba41,1417188
autoland,5094822,1,1972a98d0a69bbe4fd05a217fd515442dc617628,linux1804-64-shippable-qr,True,False,,,102210fe594ee9b33d82058545b1ed14f4c8206e,issue5044.pdf,pdfpaint,True,pdfpaint issue5044.pdf opt e10s fission stylo webrender,4767280,77,ms,firefox,456093583,1736600,2024-04-27T03:46:15,306.28,45defed78aafc90410c68310027bf771bcfc5968,1417229
autoland,5094822,1,1972a98d0a69bbe4fd05a217fd515442dc617628,linux1804-64-shippable-qr,True,False,,,102210fe594ee9b33d82058545b1ed14f4c8206e,issue5044.pdf,pdfpaint,True,pdfpaint issue5044.pdf opt e10s fission stylo webrender,4767280,77,ms,firefox,456112607,1829229,2024-04-27T10:47:32,318.33,b694b588a2936a5c99a0ecf2d9d8fb6382a2bff4,1417256
autoland,5094822,1,1972a98d0a69bbe4fd05a217fd515442dc617628,linux1804-64-shippable-qr,True,False,,,102210fe594ee9b33d82058545b1ed14f4c8206e,issue5044.pdf,pdfpaint,True,pdfpaint issue5044.pdf opt e10s fission stylo webrender,4767280,77,ms,firefox,456135898,1934045,2024-04-27T18:43:51,308.7,69bb72420e433fa8d66fff354e5ce90402289ac1,1417294
autoland,5094822,1,1972a98d0a69bbe4fd05a217fd515442dc617628,linux1804-64-shippable-qr,True,False,,,102210fe594ee9b33d82058545b1ed14f4c8206e,issue5044.pdf,pdfpaint,True,pdfpaint issue5044.pdf opt e10s fission stylo webrender,4767280,77,ms,firefox,456148878,1996720,2024-04-27T22:45:22,325.75,8256dde0533523666a60914881f81717e1705f8a,1417317
autoland,5094822,1,1972a98d0a69bbe4fd05a217fd515442dc617628,linux1804-64-shippable-qr,True,False,,,102210fe594ee9b33d82058545b1ed14f4c8206e,issue5044.pdf,pdfpaint,True,pdfpaint issue5044.pdf opt e10s fission stylo webrender,4767280,77,ms,firefox,456156760,2040012,2024-04-28T03:23:06,316.95000000000005,d1651fe33156a2aab5884ab1eaaaa8c5dd64631d,1417329
autoland,5094822,1,1972a98d0a69bbe4fd05a217fd515442dc617628,linux1804-64-shippable-qr,True,False,,,102210fe594ee9b33d82058545b1ed14f4c8206e,issue5044.pdf,pdfpaint,True,pdfpaint issue5044.pdf opt e10s fission stylo webrender,4767280,77,ms,firefox,456178692,2152100,2024-04-28T10:04:44,304.63,e479324bc8bb9135d7a48ad8ebc677725f27de37,1417378
autoland,5094822,1,1972a98d0a69bbe4fd05a217fd515442dc617628,linux1804-64-shippable-qr,True,False,,,102210fe594ee9b33d82058545b1ed14f4c8206e,issue5044.pdf,pdfpaint,True,pdfpaint issue5044.pdf opt e10s fission stylo webrender,4767280,77,ms,firefox,456188401,2191871,2024-04-28T14:13:44,303.75,f157e5d64220507743654737cdd9b5e74f4f3ed5,1417383
autoland,5094822,1,1972a98d0a69bbe4fd05a217fd515442dc617628,linux1804-64-shippable-qr,True,False,,,102210fe594ee9b33d82058545b1ed14f4c8206e,issue5044.pdf,pdfpaint,True,pdfpaint issue5044.pdf opt e10s fission stylo webrender,4767280,77,ms,firefox,456191652,2209901,2024-04-28T19:02:33,298.65999999999997,717a883474bedbbf5f420ffd52c76d3f6d4b910d,1417402
autoland,5094822,1,1972a98d0a69bbe4fd05a217fd515442dc617628,linux1804-64-shippable-qr,True,False,,,102210fe594ee9b33d82058545b1ed14f4c8206e,issue5044.pdf,pdfpaint,True,pdfpaint issue5044.pdf opt e10s fission stylo webrender,4767280,77,ms,firefox,456207718,2274473,2024-04-29T00:22:43,300.58,0481d43263e16ab0b359e3c85888197704857817,1417434
autoland,5094822,1,1972a98d0a69bbe4fd05a217fd515442dc617628,linux1804-64-shippable-qr,True,False,,,102210fe594ee9b33d82058545b1ed14f4c8206e,issue5044.pdf,pdfpaint,True,pdfpaint issue5044.pdf opt e10s fission stylo webrender,4767280,77,ms,firefox,456215374,2346359,2024-04-29T06:17:09,303.85,6b17c605c084e2db078b234e703a176d3b427fe1,1417456
autoland,5094822,1,1972a98d0a69bbe4fd05a217fd515442dc617628,linux1804-64-shippable-qr,True,False,,,102210fe594ee9b33d82058545b1ed14f4c8206e,issue5044.pdf,pdfpaint,True,pdfpaint issue5044.pdf opt e10s fission stylo webrender,4767280,77,ms,firefox,456247623,2525605,2024-04-29T10:38:34,310.19,04a668ef9c909b54153526f6b4e28b4287e80664,1417565
autoland,5094822,1,1972a98d0a69bbe4fd05a217fd515442dc617628,linux1804-64-shippable-qr,True,False,,,102210fe594ee9b33d82058545b1ed14f4c8206e,issue5044.pdf,pdfpaint,True,pdfpaint issue5044.pdf opt e10s fission stylo webrender,4767280,77,ms,firefox,456292233,2684175,2024-04-29T14:46:23,308.23,650dda9187436a12c66c2e81441e68e1d481e164,1417768
autoland,5094822,1,1972a98d0a69bbe4fd05a217fd515442dc617628,linux1804-64-shippable-qr,True,False,,,102210fe594ee9b33d82058545b1ed14f4c8206e,issue5044.pdf,pdfpaint,True,pdfpaint issue5044.pdf opt e10s fission stylo webrender,4767280,77,ms,firefox,456326244,2895687,2024-04-29T17:19:25,315.22,fb9d21d9a3f911f1748f03b323b8358292a5588c,1417921
autoland,5094822,1,1972a98d0a69bbe4fd05a217fd515442dc617628,linux1804-64-shippable-qr,True,False,,,102210fe594ee9b33d82058545b1ed14f4c8206e,issue5044.pdf,pdfpaint,True,pdfpaint issue5044.pdf opt e10s fission stylo webrender,4767280,77,ms,firefox,456342038,2975679,2024-04-29T19:52:22,303.72,e9cdeeb2f957d210479897325c1d72ded8f512a4,1418020
autoland,5094822,1,1972a98d0a69bbe4fd05a217fd515442dc617628,linux1804-64-shippable-qr,True,False,,,102210fe594ee9b33d82058545b1ed14f4c8206e,issue5044.pdf,pdfpaint,True,pdfpaint issue5044.pdf opt e10s fission stylo webrender,4767280,77,ms,firefox,456367812,3069815,2024-04-30T00:02:50,302.27,660a39c9cdc7fc3c728c5da5ccaa8856854fa346,1418169
autoland,5094822,1,1972a98d0a69bbe4fd05a217fd515442dc617628,linux1804-64-shippable-qr,True,False,,,102210fe594ee9b33d82058545b1ed14f4c8206e,issue5044.pdf,pdfpaint,True,pdfpaint issue5044.pdf opt e10s fission stylo webrender,4767280,77,ms,firefox,457614221,9432718,2024-04-30T00:02:50,326.71000000000004,660a39c9cdc7fc3c728c5da5ccaa8856854fa346,1418169
autoland,5094822,1,1972a98d0a69bbe4fd05a217fd515442dc617628,linux1804-64-shippable-qr,True,False,,,102210fe594ee9b33d82058545b1ed14f4c8206e,issue5044.pdf,pdfpaint,True,pdfpaint issue5044.pdf opt e10s fission stylo webrender,4767280,77,ms,firefox,457614222,9433028,2024-04-30T00:02:50,300.97,660a39c9cdc7fc3c728c5da5ccaa8856854fa346,1418169
autoland,5094822,1,1972a98d0a69bbe4fd05a217fd515442dc617628,linux1804-64-shippable-qr,True,False,,,102210fe594ee9b33d82058545b1ed14f4c8206e,issue5044.pdf,pdfpaint,True,pdfpaint issue5044.pdf opt e10s fission stylo webrender,4767280,77,ms,firefox,457614223,9432917,2024-04-30T00:02:50,330.37,660a39c9cdc7fc3c728c5da5ccaa8856854fa346,1418169
autoland,5094822,1,1972a98d0a69bbe4fd05a217fd515442dc617628,linux1804-64-shippable-qr,True,False,,,102210fe594ee9b33d82058545b1ed14f4c8206e,issue5044.pdf,pdfpaint,True,pdfpaint issue5044.pdf opt e10s fission stylo webrender,4767280,77,ms,firefox,456378693,3498910,2024-04-30T05:00:53,322.74,0c6cd807867dbaf592b3c7db4eef81220fe03acf,1418256
autoland,5094822,1,1972a98d0a69bbe4fd05a217fd515442dc617628,linux1804-64-shippable-qr,True,False,,,102210fe594ee9b33d82058545b1ed14f4c8206e,issue5044.pdf,pdfpaint,True,pdfpaint issue5044.pdf opt e10s fission stylo webrender,4767280,77,ms,firefox,456395778,3558825,2024-04-30T09:02:30,317.46,5502377f2629549b2b7c5368c980d0487ed281d4,1418348
autoland,5094822,1,1972a98d0a69bbe4fd05a217fd515442dc617628,linux1804-64-shippable-qr,True,False,,,102210fe594ee9b33d82058545b1ed14f4c8206e,issue5044.pdf,pdfpaint,True,pdfpaint issue5044.pdf opt e10s fission stylo webrender,4767280,77,ms,firefox,456437907,3563018,2024-04-30T13:09:55,306.48,df31c6244c03bc65932fec706fefedf091587459,1418487
autoland,5094822,1,1972a98d0a69bbe4fd05a217fd515442dc617628,linux1804-64-shippable-qr,True,False,,,102210fe594ee9b33d82058545b1ed14f4c8206e,issue5044.pdf,pdfpaint,True,pdfpaint issue5044.pdf opt e10s fission stylo webrender,4767280,77,ms,firefox,457614204,9431892,2024-04-30T13:09:55,312.32,df31c6244c03bc65932fec706fefedf091587459,1418487
autoland,5094822,1,1972a98d0a69bbe4fd05a217fd515442dc617628,linux1804-64-shippable-qr,True,False,,,102210fe594ee9b33d82058545b1ed14f4c8206e,issue5044.pdf,pdfpaint,True,pdfpaint issue5044.pdf opt e10s fission stylo webrender,4767280,77,ms,firefox,457614206,9432211,2024-04-30T13:09:55,299.75,df31c6244c03bc65932fec706fefedf091587459,1418487
autoland,5094822,1,1972a98d0a69bbe4fd05a217fd515442dc617628,linux1804-64-shippable-qr,True,False,,,102210fe594ee9b33d82058545b1ed14f4c8206e,issue5044.pdf,pdfpaint,True,pdfpaint issue5044.pdf opt e10s fission stylo webrender,4767280,77,ms,firefox,457614207,9432099,2024-04-30T13:09:55,302.71000000000004,df31c6244c03bc65932fec706fefedf091587459,1418487
autoland,5094822,1,1972a98d0a69bbe4fd05a217fd515442dc617628,linux1804-64-shippable-qr,True,False,,,102210fe594ee9b33d82058545b1ed14f4c8206e,issue5044.pdf,pdfpaint,True,pdfpaint issue5044.pdf opt e10s fission stylo webrender,4767280,77,ms,firefox,457614208,9431994,2024-04-30T13:09:55,308.42,df31c6244c03bc65932fec706fefedf091587459,1418487
autoland,5094822,1,1972a98d0a69bbe4fd05a217fd515442dc617628,linux1804-64-shippable-qr,True,False,,,102210fe594ee9b33d82058545b1ed14f4c8206e,issue5044.pdf,pdfpaint,True,pdfpaint issue5044.pdf opt e10s fission stylo webrender,4767280,77,ms,firefox,457614272,9433841,2024-04-30T13:09:55,306.29999999999995,df31c6244c03bc65932fec706fefedf091587459,1418487
autoland,5094822,1,1972a98d0a69bbe4fd05a217fd515442dc617628,linux1804-64-shippable-qr,True,False,,,102210fe594ee9b33d82058545b1ed14f4c8206e,issue5044.pdf,pdfpaint,True,pdfpaint issue5044.pdf opt e10s fission stylo webrender,4767280,77,ms,firefox,456460944,3581104,2024-04-30T16:26:23,304.86,8f7500d7e530d9db7e5101922db97ea633705f4e,1418685
autoland,5094822,1,1972a98d0a69bbe4fd05a217fd515442dc617628,linux1804-64-shippable-qr,True,False,,,102210fe594ee9b33d82058545b1ed14f4c8206e,issue5044.pdf,pdfpaint,True,pdfpaint issue5044.pdf opt e10s fission stylo webrender,4767280,77,ms,firefox,456483145,3622033,2024-04-30T19:24:53,305.6,ec8f015d7e7237118cd2c9633310bf3b43bc902b,1418797
autoland,5094822,1,1972a98d0a69bbe4fd05a217fd515442dc617628,linux1804-64-shippable-qr,True,False,,,102210fe594ee9b33d82058545b1ed14f4c8206e,issue5044.pdf,pdfpaint,True,pdfpaint issue5044.pdf opt e10s fission stylo webrender,4767280,77,ms,firefox,456512905,3725047,2024-04-30T23:32:26,322.74,cd22a3f9463d7df724c7e17c83b6f9d8fe0dd54e,1418926
autoland,5094822,1,1972a98d0a69bbe4fd05a217fd515442dc617628,linux1804-64-shippable-qr,True,False,,,102210fe594ee9b33d82058545b1ed14f4c8206e,issue5044.pdf,pdfpaint,True,pdfpaint issue5044.pdf opt e10s fission stylo webrender,4767280,77,ms,firefox,457563463,9227791,2024-04-30T23:32:26,309.14,cd22a3f9463d7df724c7e17c83b6f9d8fe0dd54e,1418926
autoland,5094822,1,1972a98d0a69bbe4fd05a217fd515442dc617628,linux1804-64-shippable-qr,True,False,,,102210fe594ee9b33d82058545b1ed14f4c8206e,issue5044.pdf,pdfpaint,True,pdfpaint issue5044.pdf opt e10s fission stylo webrender,4767280,77,ms,firefox,457563464,9228150,2024-04-30T23:32:26,332.24,cd22a3f9463d7df724c7e17c83b6f9d8fe0dd54e,1418926
autoland,5094822,1,1972a98d0a69bbe4fd05a217fd515442dc617628,linux1804-64-shippable-qr,True,False,,,102210fe594ee9b33d82058545b1ed14f4c8206e,issue5044.pdf,pdfpaint,True,pdfpaint issue5044.pdf opt e10s fission stylo webrender,4767280,77,ms,firefox,457563466,9228019,2024-04-30T23:32:26,317.59000000000003,cd22a3f9463d7df724c7e17c83b6f9d8fe0dd54e,1418926
autoland,5094822,1,1972a98d0a69bbe4fd05a217fd515442dc617628,linux1804-64-shippable-qr,True,False,,,102210fe594ee9b33d82058545b1ed14f4c8206e,issue5044.pdf,pdfpaint,True,pdfpaint issue5044.pdf opt e10s fission stylo webrender,4767280,77,ms,firefox,456523263,3814822,2024-05-01T03:47:22,304.0,5801de1f3daa092cf721149dc96e7b073c172a92,1419018
autoland,5094822,1,1972a98d0a69bbe4fd05a217fd515442dc617628,linux1804-64-shippable-qr,True,False,,,102210fe594ee9b33d82058545b1ed14f4c8206e,issue5044.pdf,pdfpaint,True,pdfpaint issue5044.pdf opt e10s fission stylo webrender,4767280,77,ms,firefox,457422606,8541248,2024-05-01T03:47:22,305.57,5801de1f3daa092cf721149dc96e7b073c172a92,1419018
autoland,5094822,1,1972a98d0a69bbe4fd05a217fd515442dc617628,linux1804-64-shippable-qr,True,False,,,102210fe594ee9b33d82058545b1ed14f4c8206e,issue5044.pdf,pdfpaint,True,pdfpaint issue5044.pdf opt e10s fission stylo webrender,4767280,77,ms,firefox,457422608,8541864,2024-05-01T03:47:22,306.39,5801de1f3daa092cf721149dc96e7b073c172a92,1419018
autoland,5094822,1,1972a98d0a69bbe4fd05a217fd515442dc617628,linux1804-64-shippable-qr,True,False,,,102210fe594ee9b33d82058545b1ed14f4c8206e,issue5044.pdf,pdfpaint,True,pdfpaint issue5044.pdf opt e10s fission stylo webrender,4767280,77,ms,firefox,457422613,8541517,2024-05-01T03:47:22,306.21000000000004,5801de1f3daa092cf721149dc96e7b073c172a92,1419018
autoland,5094822,1,1972a98d0a69bbe4fd05a217fd515442dc617628,linux1804-64-shippable-qr,True,False,,,102210fe594ee9b33d82058545b1ed14f4c8206e,issue5044.pdf,pdfpaint,True,pdfpaint issue5044.pdf opt e10s fission stylo webrender,4767280,77,ms,firefox,457422614,8541782,2024-05-01T03:47:22,309.82,5801de1f3daa092cf721149dc96e7b073c172a92,1419018
autoland,5094822,1,1972a98d0a69bbe4fd05a217fd515442dc617628,linux1804-64-shippable-qr,True,False,,,102210fe594ee9b33d82058545b1ed14f4c8206e,issue5044.pdf,pdfpaint,True,pdfpaint issue5044.pdf opt e10s fission stylo webrender,4767280,77,ms,firefox,456531799,3882446,2024-05-01T07:50:28,305.94000000000005,287f670c824ebf9c8dbde990f795f92c94af4882,1419058
autoland,5094822,1,1972a98d0a69bbe4fd05a217fd515442dc617628,linux1804-64-shippable-qr,True,False,,,102210fe594ee9b33d82058545b1ed14f4c8206e,issue5044.pdf,pdfpaint,True,pdfpaint issue5044.pdf opt e10s fission stylo webrender,4767280,77,ms,firefox,457422543,8539300,2024-05-01T07:50:28,320.63,287f670c824ebf9c8dbde990f795f92c94af4882,1419058
autoland,5094822,1,1972a98d0a69bbe4fd05a217fd515442dc617628,linux1804-64-shippable-qr,True,False,,,102210fe594ee9b33d82058545b1ed14f4c8206e,issue5044.pdf,pdfpaint,True,pdfpaint issue5044.pdf opt e10s fission stylo webrender,4767280,77,ms,firefox,457422550,8539106,2024-05-01T07:50:28,305.38,287f670c824ebf9c8dbde990f795f92c94af4882,1419058
autoland,5094822,1,1972a98d0a69bbe4fd05a217fd515442dc617628,linux1804-64-shippable-qr,True,False,,,102210fe594ee9b33d82058545b1ed14f4c8206e,issue5044.pdf,pdfpaint,True,pdfpaint issue5044.pdf opt e10s fission stylo webrender,4767280,77,ms,firefox,457422552,8539535,2024-05-01T07:50:28,306.88,287f670c824ebf9c8dbde990f795f92c94af4882,1419058
autoland,5094822,1,1972a98d0a69bbe4fd05a217fd515442dc617628,linux1804-64-shippable-qr,True,False,,,102210fe594ee9b33d82058545b1ed14f4c8206e,issue5044.pdf,pdfpaint,True,pdfpaint issue5044.pdf opt e10s fission stylo webrender,4767280,77,ms,firefox,457422553,8539710,2024-05-01T07:50:28,315.26,287f670c824ebf9c8dbde990f795f92c94af4882,1419058
autoland,5094822,1,1972a98d0a69bbe4fd05a217fd515442dc617628,linux1804-64-shippable-qr,True,False,,,102210fe594ee9b33d82058545b1ed14f4c8206e,issue5044.pdf,pdfpaint,True,pdfpaint issue5044.pdf opt e10s fission stylo webrender,4767280,77,ms,firefox,456578932,4062352,2024-05-01T18:27:07,315.62,0c09216614e40f92d253d63a3699eb680be6773a,1419281
autoland,5094822,1,1972a98d0a69bbe4fd05a217fd515442dc617628,linux1804-64-shippable-qr,True,False,,,102210fe594ee9b33d82058545b1ed14f4c8206e,issue5044.pdf,pdfpaint,True,pdfpaint issue5044.pdf opt e10s fission stylo webrender,4767280,77,ms,firefox,457240808,7630062,2024-05-01T18:27:07,309.17999999999995,0c09216614e40f92d253d63a3699eb680be6773a,1419281
autoland,5094822,1,1972a98d0a69bbe4fd05a217fd515442dc617628,linux1804-64-shippable-qr,True,False,,,102210fe594ee9b33d82058545b1ed14f4c8206e,issue5044.pdf,pdfpaint,True,pdfpaint issue5044.pdf opt e10s fission stylo webrender,4767280,77,ms,firefox,457240809,7630082,2024-05-01T18:27:07,297.12,0c09216614e40f92d253d63a3699eb680be6773a,1419281
autoland,5094822,1,1972a98d0a69bbe4fd05a217fd515442dc617628,linux1804-64-shippable-qr,True,False,,,102210fe594ee9b33d82058545b1ed14f4c8206e,issue5044.pdf,pdfpaint,True,pdfpaint issue5044.pdf opt e10s fission stylo webrender,4767280,77,ms,firefox,457240810,7630249,2024-05-01T18:27:07,310.69,0c09216614e40f92d253d63a3699eb680be6773a,1419281
autoland,5094822,1,1972a98d0a69bbe4fd05a217fd515442dc617628,linux1804-64-shippable-qr,True,False,,,102210fe594ee9b33d82058545b1ed14f4c8206e,issue5044.pdf,pdfpaint,True,pdfpaint issue5044.pdf opt e10s fission stylo webrender,4767280,77,ms,firefox,457240811,7629942,2024-05-01T18:27:07,304.78,0c09216614e40f92d253d63a3699eb680be6773a,1419281
autoland,5094822,1,1972a98d0a69bbe4fd05a217fd515442dc617628,linux1804-64-shippable-qr,True,False,,,102210fe594ee9b33d82058545b1ed14f4c8206e,issue5044.pdf,pdfpaint,True,pdfpaint issue5044.pdf opt e10s fission stylo webrender,4767280,77,ms,firefox,456596127,4160234,2024-05-01T20:27:27,303.63,b8f4a7d4d873dccbf25b9bc2f3510753c2b3fde7,1419379
autoland,5094822,1,1972a98d0a69bbe4fd05a217fd515442dc617628,linux1804-64-shippable-qr,True,False,,,102210fe594ee9b33d82058545b1ed14f4c8206e,issue5044.pdf,pdfpaint,True,pdfpaint issue5044.pdf opt e10s fission stylo webrender,4767280,77,ms,firefox,456615655,4294347,2024-05-01T23:13:57,311.58000000000004,533fbd9c5056d0b2611e332cddafd7337193d64f,1419453
autoland,5094822,1,1972a98d0a69bbe4fd05a217fd515442dc617628,linux1804-64-shippable-qr,True,False,,,102210fe594ee9b33d82058545b1ed14f4c8206e,issue5044.pdf,pdfpaint,True,pdfpaint issue5044.pdf opt e10s fission stylo webrender,4767280,77,ms,firefox,457689588,9837085,2024-05-01T23:13:57,326.02,533fbd9c5056d0b2611e332cddafd7337193d64f,1419453
autoland,5094822,1,1972a98d0a69bbe4fd05a217fd515442dc617628,linux1804-64-shippable-qr,True,False,,,102210fe594ee9b33d82058545b1ed14f4c8206e,issue5044.pdf,pdfpaint,True,pdfpaint issue5044.pdf opt e10s fission stylo webrender,4767280,77,ms,firefox,457689589,9836968,2024-05-01T23:13:57,309.11,533fbd9c5056d0b2611e332cddafd7337193d64f,1419453
autoland,5094822,1,1972a98d0a69bbe4fd05a217fd515442dc617628,linux1804-64-shippable-qr,True,False,,,102210fe594ee9b33d82058545b1ed14f4c8206e,issue5044.pdf,pdfpaint,True,pdfpaint issue5044.pdf opt e10s fission stylo webrender,4767280,77,ms,firefox,457689590,9836866,2024-05-01T23:13:57,303.53,533fbd9c5056d0b2611e332cddafd7337193d64f,1419453
autoland,5094822,1,1972a98d0a69bbe4fd05a217fd515442dc617628,linux1804-64-shippable-qr,True,False,,,102210fe594ee9b33d82058545b1ed14f4c8206e,issue5044.pdf,pdfpaint,True,pdfpaint issue5044.pdf opt e10s fission stylo webrender,4767280,77,ms,firefox,456635212,4352774,2024-05-02T04:22:12,307.44,dda5d5286866494223d6cc52382d52032d961218,1419529
autoland,5094822,1,1972a98d0a69bbe4fd05a217fd515442dc617628,linux1804-64-shippable-qr,True,False,,,102210fe594ee9b33d82058545b1ed14f4c8206e,issue5044.pdf,pdfpaint,True,pdfpaint issue5044.pdf opt e10s fission stylo webrender,4767280,77,ms,firefox,457563293,9232373,2024-05-02T04:22:12,273.85,dda5d5286866494223d6cc52382d52032d961218,1419529
autoland,5094822,1,1972a98d0a69bbe4fd05a217fd515442dc617628,linux1804-64-shippable-qr,True,False,,,102210fe594ee9b33d82058545b1ed14f4c8206e,issue5044.pdf,pdfpaint,True,pdfpaint issue5044.pdf opt e10s fission stylo webrender,4767280,77,ms,firefox,457563294,9235491,2024-05-02T04:22:12,300.08000000000004,dda5d5286866494223d6cc52382d52032d961218,1419529
autoland,5094822,1,1972a98d0a69bbe4fd05a217fd515442dc617628,linux1804-64-shippable-qr,True,False,,,102210fe594ee9b33d82058545b1ed14f4c8206e,issue5044.pdf,pdfpaint,True,pdfpaint issue5044.pdf opt e10s fission stylo webrender,4767280,77,ms,firefox,457563295,9235364,2024-05-02T04:22:12,309.38,dda5d5286866494223d6cc52382d52032d961218,1419529
autoland,5094822,1,1972a98d0a69bbe4fd05a217fd515442dc617628,linux1804-64-shippable-qr,True,False,,,102210fe594ee9b33d82058545b1ed14f4c8206e,issue5044.pdf,pdfpaint,True,pdfpaint issue5044.pdf opt e10s fission stylo webrender,4767280,77,ms,firefox,457563296,9236008,2024-05-02T04:22:12,307.35,dda5d5286866494223d6cc52382d52032d961218,1419529
autoland,5094822,1,1972a98d0a69bbe4fd05a217fd515442dc617628,linux1804-64-shippable-qr,True,False,,,102210fe594ee9b33d82058545b1ed14f4c8206e,issue5044.pdf,pdfpaint,True,pdfpaint issue5044.pdf opt e10s fission stylo webrender,4767280,77,ms,firefox,456659725,4567948,2024-05-02T08:48:43,306.19,8f1e622a3413df009913d856f603c77b8e637efc,1419618
autoland,5094822,1,1972a98d0a69bbe4fd05a217fd515442dc617628,linux1804-64-shippable-qr,True,False,,,102210fe594ee9b33d82058545b1ed14f4c8206e,issue5044.pdf,pdfpaint,True,pdfpaint issue5044.pdf opt e10s fission stylo webrender,4767280,77,ms,firefox,456997554,6430391,2024-05-02T11:27:15,303.32,ddce51fa46f05ef086b61deed56d791b4cb3ab5e,1419714
autoland,5094822,1,1972a98d0a69bbe4fd05a217fd515442dc617628,linux1804-64-shippable-qr,True,False,,,102210fe594ee9b33d82058545b1ed14f4c8206e,issue5044.pdf,pdfpaint,True,pdfpaint issue5044.pdf opt e10s fission stylo webrender,4767280,77,ms,firefox,456997556,6430639,2024-05-02T11:38:27,312.39,c6de63471506aadca84324d6ec8614589b17c798,1419717
autoland,5094822,1,1972a98d0a69bbe4fd05a217fd515442dc617628,linux1804-64-shippable-qr,True,False,,,102210fe594ee9b33d82058545b1ed14f4c8206e,issue5044.pdf,pdfpaint,True,pdfpaint issue5044.pdf opt e10s fission stylo webrender,4767280,77,ms,firefox,456997558,6430867,2024-05-02T11:49:35,301.94,b6fea10302339b18c0503cb4544c12d20b813751,1419722
autoland,5094822,1,1972a98d0a69bbe4fd05a217fd515442dc617628,linux1804-64-shippable-qr,True,False,,,102210fe594ee9b33d82058545b1ed14f4c8206e,issue5044.pdf,pdfpaint,True,pdfpaint issue5044.pdf opt e10s fission stylo webrender,4767280,77,ms,firefox,456997557,6430537,2024-05-02T11:51:14,304.69,fc94f54f5e2f0aa6395dd214ae6801045964abc1,1419723
autoland,5094822,1,1972a98d0a69bbe4fd05a217fd515442dc617628,linux1804-64-shippable-qr,True,False,,,102210fe594ee9b33d82058545b1ed14f4c8206e,issue5044.pdf,pdfpaint,True,pdfpaint issue5044.pdf opt e10s fission stylo webrender,4767280,77,ms,firefox,456997560,6431113,2024-05-02T12:20:39,315.58,00b16937bdd9fb255ac65c485e1b5fa59e91d561,1419737
autoland,5094822,1,1972a98d0a69bbe4fd05a217fd515442dc617628,linux1804-64-shippable-qr,True,False,,,102210fe594ee9b33d82058545b1ed14f4c8206e,issue5044.pdf,pdfpaint,True,pdfpaint issue5044.pdf opt e10s fission stylo webrender,4767280,77,ms,firefox,456997559,6430969,2024-05-02T12:24:22,302.19,3a09d22ef9646c3399b709c2e3bbb29d2edba4d2,1419741
autoland,5094822,1,1972a98d0a69bbe4fd05a217fd515442dc617628,linux1804-64-shippable-qr,True,False,,,102210fe594ee9b33d82058545b1ed14f4c8206e,issue5044.pdf,pdfpaint,True,pdfpaint issue5044.pdf opt e10s fission stylo webrender,4767280,77,ms,firefox,456698387,4782492,2024-05-02T12:53:32,302.81,ea25d02dac47e6880ab5b936adc308c24cbeab32,1419765
autoland,5094822,1,1972a98d0a69bbe4fd05a217fd515442dc617628,linux1804-64-shippable-qr,True,False,,,102210fe594ee9b33d82058545b1ed14f4c8206e,issue5044.pdf,pdfpaint,True,pdfpaint issue5044.pdf opt e10s fission stylo webrender,4767280,77,ms,firefox,456998237,6441341,2024-05-02T12:59:13,315.01,6bb6fc5a2a8f38a0277870cb3e1bf93622787d4d,1419768
autoland,5094822,1,1972a98d0a69bbe4fd05a217fd515442dc617628,linux1804-64-shippable-qr,True,False,,,102210fe594ee9b33d82058545b1ed14f4c8206e,issue5044.pdf,pdfpaint,True,pdfpaint issue5044.pdf opt e10s fission stylo webrender,4767280,77,ms,firefox,456998509,6446174,2024-05-02T13:03:21,318.88,e1891217bb8533287c6ee2e6e6894ec14d765b13,1419770
autoland,5094822,1,1972a98d0a69bbe4fd05a217fd515442dc617628,linux1804-64-shippable-qr,True,False,,,102210fe594ee9b33d82058545b1ed14f4c8206e,issue5044.pdf,pdfpaint,True,pdfpaint issue5044.pdf opt e10s fission stylo webrender,4767280,77,ms,firefox,456739482,4989196,2024-05-02T13:11:50,313.71000000000004,8ceeacec0dfd1398a7cc01d1b5a08ae5be835435,1419773
autoland,5094822,1,1972a98d0a69bbe4fd05a217fd515442dc617628,linux1804-64-shippable-qr,True,False,,,102210fe594ee9b33d82058545b1ed14f4c8206e,issue5044.pdf,pdfpaint,True,pdfpaint issue5044.pdf opt e10s fission stylo webrender,4767280,77,ms,firefox,457895805,10811600,2024-05-02T13:11:50,306.06,8ceeacec0dfd1398a7cc01d1b5a08ae5be835435,1419773
autoland,5094822,1,1972a98d0a69bbe4fd05a217fd515442dc617628,linux1804-64-shippable-qr,True,False,,,102210fe594ee9b33d82058545b1ed14f4c8206e,issue5044.pdf,pdfpaint,True,pdfpaint issue5044.pdf opt e10s fission stylo webrender,4767280,77,ms,firefox,457895806,10811384,2024-05-02T13:11:50,324.53,8ceeacec0dfd1398a7cc01d1b5a08ae5be835435,1419773
autoland,5094822,1,1972a98d0a69bbe4fd05a217fd515442dc617628,linux1804-64-shippable-qr,True,False,,,102210fe594ee9b33d82058545b1ed14f4c8206e,issue5044.pdf,pdfpaint,True,pdfpaint issue5044.pdf opt e10s fission stylo webrender,4767280,77,ms,firefox,457895811,10811493,2024-05-02T13:11:50,301.52,8ceeacec0dfd1398a7cc01d1b5a08ae5be835435,1419773
autoland,5094822,1,1972a98d0a69bbe4fd05a217fd515442dc617628,linux1804-64-shippable-qr,True,False,,,102210fe594ee9b33d82058545b1ed14f4c8206e,issue5044.pdf,pdfpaint,True,pdfpaint issue5044.pdf opt e10s fission stylo webrender,4767280,77,ms,firefox,457895812,10811276,2024-05-02T13:11:50,303.27,8ceeacec0dfd1398a7cc01d1b5a08ae5be835435,1419773
autoland,5094822,1,1972a98d0a69bbe4fd05a217fd515442dc617628,linux1804-64-shippable-qr,True,False,,,102210fe594ee9b33d82058545b1ed14f4c8206e,issue5044.pdf,pdfpaint,True,pdfpaint issue5044.pdf opt e10s fission stylo webrender,4767280,77,ms,firefox,456741626,4997214,2024-05-02T13:15:07,303.95,cd7dbc3e8ad0e329f5ae2403158244078e54ebcf,1419780
autoland,5094822,1,1972a98d0a69bbe4fd05a217fd515442dc617628,linux1804-64-shippable-qr,True,False,,,102210fe594ee9b33d82058545b1ed14f4c8206e,issue5044.pdf,pdfpaint,True,pdfpaint issue5044.pdf opt e10s fission stylo webrender,4767280,77,ms,firefox,457240890,7641583,2024-05-02T13:15:07,305.78999999999996,cd7dbc3e8ad0e329f5ae2403158244078e54ebcf,1419780
autoland,5094822,1,1972a98d0a69bbe4fd05a217fd515442dc617628,linux1804-64-shippable-qr,True,False,,,102210fe594ee9b33d82058545b1ed14f4c8206e,issue5044.pdf,pdfpaint,True,pdfpaint issue5044.pdf opt e10s fission stylo webrender,4767280,77,ms,firefox,457240891,7641283,2024-05-02T13:15:07,308.57,cd7dbc3e8ad0e329f5ae2403158244078e54ebcf,1419780
autoland,5094822,1,1972a98d0a69bbe4fd05a217fd515442dc617628,linux1804-64-shippable-qr,True,False,,,102210fe594ee9b33d82058545b1ed14f4c8206e,issue5044.pdf,pdfpaint,True,pdfpaint issue5044.pdf opt e10s fission stylo webrender,4767280,77,ms,firefox,457240892,7641908,2024-05-02T13:15:07,305.73,cd7dbc3e8ad0e329f5ae2403158244078e54ebcf,1419780
autoland,5094822,1,1972a98d0a69bbe4fd05a217fd515442dc617628,linux1804-64-shippable-qr,True,False,,,102210fe594ee9b33d82058545b1ed14f4c8206e,issue5044.pdf,pdfpaint,True,pdfpaint issue5044.pdf opt e10s fission stylo webrender,4767280,77,ms,firefox,457896158,10813238,2024-05-02T13:15:07,303.63,cd7dbc3e8ad0e329f5ae2403158244078e54ebcf,1419780
autoland,5094822,1,1972a98d0a69bbe4fd05a217fd515442dc617628,linux1804-64-shippable-qr,True,False,,,102210fe594ee9b33d82058545b1ed14f4c8206e,issue5044.pdf,pdfpaint,True,pdfpaint issue5044.pdf opt e10s fission stylo webrender,4767280,77,ms,firefox,457896251,10813467,2024-05-02T13:15:07,303.19000000000005,cd7dbc3e8ad0e329f5ae2403158244078e54ebcf,1419780
autoland,5094822,1,1972a98d0a69bbe4fd05a217fd515442dc617628,linux1804-64-shippable-qr,True,False,,,102210fe594ee9b33d82058545b1ed14f4c8206e,issue5044.pdf,pdfpaint,True,pdfpaint issue5044.pdf opt e10s fission stylo webrender,4767280,77,ms,firefox,457896650,10817493,2024-05-02T13:15:07,305.74,cd7dbc3e8ad0e329f5ae2403158244078e54ebcf,1419780
autoland,5094822,1,1972a98d0a69bbe4fd05a217fd515442dc617628,linux1804-64-shippable-qr,True,False,,,102210fe594ee9b33d82058545b1ed14f4c8206e,issue5044.pdf,pdfpaint,True,pdfpaint issue5044.pdf opt e10s fission stylo webrender,4767280,77,ms,firefox,457896723,10819071,2024-05-02T13:15:07,306.84000000000003,cd7dbc3e8ad0e329f5ae2403158244078e54ebcf,1419780
autoland,5094822,1,1972a98d0a69bbe4fd05a217fd515442dc617628,linux1804-64-shippable-qr,True,False,,,102210fe594ee9b33d82058545b1ed14f4c8206e,issue5044.pdf,pdfpaint,True,pdfpaint issue5044.pdf opt e10s fission stylo webrender,4767280,77,ms,firefox,457896731,10819179,2024-05-02T13:15:07,305.78999999999996,cd7dbc3e8ad0e329f5ae2403158244078e54ebcf,1419780
autoland,5094822,1,1972a98d0a69bbe4fd05a217fd515442dc617628,linux1804-64-shippable-qr,True,False,,,102210fe594ee9b33d82058545b1ed14f4c8206e,issue5044.pdf,pdfpaint,True,pdfpaint issue5044.pdf opt e10s fission stylo webrender,4767280,77,ms,firefox,457024093,6581180,2024-05-02T13:42:58,306.38,4d137dadab8fb050f53d8a16c9e0c00f4631e871,1419799
autoland,5094822,1,1972a98d0a69bbe4fd05a217fd515442dc617628,linux1804-64-shippable-qr,True,False,,,102210fe594ee9b33d82058545b1ed14f4c8206e,issue5044.pdf,pdfpaint,True,pdfpaint issue5044.pdf opt e10s fission stylo webrender,4767280,77,ms,firefox,457896057,10812361,2024-05-02T13:42:58,303.75,4d137dadab8fb050f53d8a16c9e0c00f4631e871,1419799
autoland,5094822,1,1972a98d0a69bbe4fd05a217fd515442dc617628,linux1804-64-shippable-qr,True,False,,,102210fe594ee9b33d82058545b1ed14f4c8206e,issue5044.pdf,pdfpaint,True,pdfpaint issue5044.pdf opt e10s fission stylo webrender,4767280,77,ms,firefox,457896062,10812465,2024-05-02T13:42:58,307.41,4d137dadab8fb050f53d8a16c9e0c00f4631e871,1419799
autoland,5094822,1,1972a98d0a69bbe4fd05a217fd515442dc617628,linux1804-64-shippable-qr,True,False,,,102210fe594ee9b33d82058545b1ed14f4c8206e,issue5044.pdf,pdfpaint,True,pdfpaint issue5044.pdf opt e10s fission stylo webrender,4767280,77,ms,firefox,457896077,10813087,2024-05-02T13:42:58,306.62,4d137dadab8fb050f53d8a16c9e0c00f4631e871,1419799
autoland,5094822,1,1972a98d0a69bbe4fd05a217fd515442dc617628,linux1804-64-shippable-qr,True,False,,,102210fe594ee9b33d82058545b1ed14f4c8206e,issue5044.pdf,pdfpaint,True,pdfpaint issue5044.pdf opt e10s fission stylo webrender,4767280,77,ms,firefox,457896087,10813318,2024-05-02T13:42:58,304.78,4d137dadab8fb050f53d8a16c9e0c00f4631e871,1419799
autoland,5094822,1,1972a98d0a69bbe4fd05a217fd515442dc617628,linux1804-64-shippable-qr,True,False,,,102210fe594ee9b33d82058545b1ed14f4c8206e,issue5044.pdf,pdfpaint,True,pdfpaint issue5044.pdf opt e10s fission stylo webrender,4767280,77,ms,firefox,457023702,6580945,2024-05-02T13:48:03,306.11,313a6ab6ef8b32e7dca1625f2fd36bc99dc1201c,1419806
autoland,5094822,1,1972a98d0a69bbe4fd05a217fd515442dc617628,linux1804-64-shippable-qr,True,False,,,102210fe594ee9b33d82058545b1ed14f4c8206e,issue5044.pdf,pdfpaint,True,pdfpaint issue5044.pdf opt e10s fission stylo webrender,4767280,77,ms,firefox,457024582,6582883,2024-05-02T13:48:57,303.7,ce518fa9de69cc2472f9a603fee0056c91b16a16,1419808
autoland,5094822,1,1972a98d0a69bbe4fd05a217fd515442dc617628,linux1804-64-shippable-qr,True,False,,,102210fe594ee9b33d82058545b1ed14f4c8206e,issue5044.pdf,pdfpaint,True,pdfpaint issue5044.pdf opt e10s fission stylo webrender,4767280,77,ms,firefox,457896001,10812059,2024-05-02T13:48:57,308.19,ce518fa9de69cc2472f9a603fee0056c91b16a16,1419808
autoland,5094822,1,1972a98d0a69bbe4fd05a217fd515442dc617628,linux1804-64-shippable-qr,True,False,,,102210fe594ee9b33d82058545b1ed14f4c8206e,issue5044.pdf,pdfpaint,True,pdfpaint issue5044.pdf opt e10s fission stylo webrender,4767280,77,ms,firefox,457896015,10812194,2024-05-02T13:48:57,304.58,ce518fa9de69cc2472f9a603fee0056c91b16a16,1419808
autoland,5094822,1,1972a98d0a69bbe4fd05a217fd515442dc617628,linux1804-64-shippable-qr,True,False,,,102210fe594ee9b33d82058545b1ed14f4c8206e,issue5044.pdf,pdfpaint,True,pdfpaint issue5044.pdf opt e10s fission stylo webrender,4767280,77,ms,firefox,457896741,10818192,2024-05-02T13:48:57,305.39,ce518fa9de69cc2472f9a603fee0056c91b16a16,1419808
autoland,5094822,1,1972a98d0a69bbe4fd05a217fd515442dc617628,linux1804-64-shippable-qr,True,False,,,102210fe594ee9b33d82058545b1ed14f4c8206e,issue5044.pdf,pdfpaint,True,pdfpaint issue5044.pdf opt e10s fission stylo webrender,4767280,77,ms,firefox,457024657,6583133,2024-05-02T14:00:09,295.12,76724efd86c9b0fc5e5ee16662666660815462fe,1419818
autoland,5094822,1,1972a98d0a69bbe4fd05a217fd515442dc617628,linux1804-64-shippable-qr,True,False,,,102210fe594ee9b33d82058545b1ed14f4c8206e,issue5044.pdf,pdfpaint,True,pdfpaint issue5044.pdf opt e10s fission stylo webrender,4767280,77,ms,firefox,457895957,10811702,2024-05-02T14:00:09,305.38,76724efd86c9b0fc5e5ee16662666660815462fe,1419818
autoland,5094822,1,1972a98d0a69bbe4fd05a217fd515442dc617628,linux1804-64-shippable-qr,True,False,,,102210fe594ee9b33d82058545b1ed14f4c8206e,issue5044.pdf,pdfpaint,True,pdfpaint issue5044.pdf opt e10s fission stylo webrender,4767280,77,ms,firefox,457895966,10811810,2024-05-02T14:00:09,309.56,76724efd86c9b0fc5e5ee16662666660815462fe,1419818
autoland,5094822,1,1972a98d0a69bbe4fd05a217fd515442dc617628,linux1804-64-shippable-qr,True,False,,,102210fe594ee9b33d82058545b1ed14f4c8206e,issue5044.pdf,pdfpaint,True,pdfpaint issue5044.pdf opt e10s fission stylo webrender,4767280,77,ms,firefox,457895967,10811954,2024-05-02T14:00:09,304.87,76724efd86c9b0fc5e5ee16662666660815462fe,1419818
autoland,5094822,1,1972a98d0a69bbe4fd05a217fd515442dc617628,linux1804-64-shippable-qr,True,False,,,102210fe594ee9b33d82058545b1ed14f4c8206e,issue5044.pdf,pdfpaint,True,pdfpaint issue5044.pdf opt e10s fission stylo webrender,4767280,77,ms,firefox,457011290,6524678,2024-05-02T14:05:30,307.54,7c86d89299afac3746f4b295a23fad0dcd868dd5,1419828
autoland,5094822,1,1972a98d0a69bbe4fd05a217fd515442dc617628,linux1804-64-shippable-qr,True,False,,,102210fe594ee9b33d82058545b1ed14f4c8206e,issue5044.pdf,pdfpaint,True,pdfpaint issue5044.pdf opt e10s fission stylo webrender,4767280,77,ms,firefox,457023728,6581063,2024-05-02T14:08:50,305.47,ff6f63a502fd89a0ce5578283e5bcdfe5e0294f7,1419833
autoland,5094822,1,1972a98d0a69bbe4fd05a217fd515442dc617628,linux1804-64-shippable-qr,True,False,,,102210fe594ee9b33d82058545b1ed14f4c8206e,issue5044.pdf,pdfpaint,True,pdfpaint issue5044.pdf opt e10s fission stylo webrender,4767280,77,ms,firefox,457240937,7643424,2024-05-02T14:08:50,305.62,ff6f63a502fd89a0ce5578283e5bcdfe5e0294f7,1419833
autoland,5094822,1,1972a98d0a69bbe4fd05a217fd515442dc617628,linux1804-64-shippable-qr,True,False,,,102210fe594ee9b33d82058545b1ed14f4c8206e,issue5044.pdf,pdfpaint,True,pdfpaint issue5044.pdf opt e10s fission stylo webrender,4767280,77,ms,firefox,457240938,7643417,2024-05-02T14:08:50,303.27,ff6f63a502fd89a0ce5578283e5bcdfe5e0294f7,1419833
autoland,5094822,1,1972a98d0a69bbe4fd05a217fd515442dc617628,linux1804-64-shippable-qr,True,False,,,102210fe594ee9b33d82058545b1ed14f4c8206e,issue5044.pdf,pdfpaint,True,pdfpaint issue5044.pdf opt e10s fission stylo webrender,4767280,77,ms,firefox,457240967,7643618,2024-05-02T14:08:50,302.88,ff6f63a502fd89a0ce5578283e5bcdfe5e0294f7,1419833
autoland,5094822,1,1972a98d0a69bbe4fd05a217fd515442dc617628,linux1804-64-shippable-qr,True,False,,,102210fe594ee9b33d82058545b1ed14f4c8206e,issue5044.pdf,pdfpaint,True,pdfpaint issue5044.pdf opt e10s fission stylo webrender,4767280,77,ms,firefox,457240968,7643788,2024-05-02T14:08:50,307.07,ff6f63a502fd89a0ce5578283e5bcdfe5e0294f7,1419833
autoland,5094822,1,1972a98d0a69bbe4fd05a217fd515442dc617628,linux1804-64-shippable-qr,True,False,,,102210fe594ee9b33d82058545b1ed14f4c8206e,issue5044.pdf,pdfpaint,True,pdfpaint issue5044.pdf opt e10s fission stylo webrender,4767280,77,ms,firefox,456998565,6447176,2024-05-02T14:19:55,306.08000000000004,48a9bba6e9b102362703a494cb947a7c0520d61b,1419846
autoland,5094822,1,1972a98d0a69bbe4fd05a217fd515442dc617628,linux1804-64-shippable-qr,True,False,,,102210fe594ee9b33d82058545b1ed14f4c8206e,issue5044.pdf,pdfpaint,True,pdfpaint issue5044.pdf opt e10s fission stylo webrender,4767280,77,ms,firefox,457240893,7642263,2024-05-02T14:19:55,302.65,48a9bba6e9b102362703a494cb947a7c0520d61b,1419846
autoland,5094822,1,1972a98d0a69bbe4fd05a217fd515442dc617628,linux1804-64-shippable-qr,True,False,,,102210fe594ee9b33d82058545b1ed14f4c8206e,issue5044.pdf,pdfpaint,True,pdfpaint issue5044.pdf opt e10s fission stylo webrender,4767280,77,ms,firefox,457240894,7641389,2024-05-02T14:19:55,302.47,48a9bba6e9b102362703a494cb947a7c0520d61b,1419846
autoland,5094822,1,1972a98d0a69bbe4fd05a217fd515442dc617628,linux1804-64-shippable-qr,True,False,,,102210fe594ee9b33d82058545b1ed14f4c8206e,issue5044.pdf,pdfpaint,True,pdfpaint issue5044.pdf opt e10s fission stylo webrender,4767280,77,ms,firefox,457240895,7642012,2024-05-02T14:19:55,297.57,48a9bba6e9b102362703a494cb947a7c0520d61b,1419846
autoland,5094822,1,1972a98d0a69bbe4fd05a217fd515442dc617628,linux1804-64-shippable-qr,True,False,,,102210fe594ee9b33d82058545b1ed14f4c8206e,issue5044.pdf,pdfpaint,True,pdfpaint issue5044.pdf opt e10s fission stylo webrender,4767280,77,ms,firefox,457240896,7642130,2024-05-02T14:19:55,305.63,48a9bba6e9b102362703a494cb947a7c0520d61b,1419846
autoland,5094822,1,1972a98d0a69bbe4fd05a217fd515442dc617628,linux1804-64-shippable-qr,True,False,,,102210fe594ee9b33d82058545b1ed14f4c8206e,issue5044.pdf,pdfpaint,True,pdfpaint issue5044.pdf opt e10s fission stylo webrender,4767280,77,ms,firefox,456998716,6447391,2024-05-02T14:24:56,262.82,37ba936aa218f266d69913599f788e1215197f5f,1419852
autoland,5094822,1,1972a98d0a69bbe4fd05a217fd515442dc617628,linux1804-64-shippable-qr,True,False,,,102210fe594ee9b33d82058545b1ed14f4c8206e,issue5044.pdf,pdfpaint,True,pdfpaint issue5044.pdf opt e10s fission stylo webrender,4767280,77,ms,firefox,456998500,6445762,2024-05-02T15:10:48,306.94,3f48432a75eaa85f1f72cf1758f0bdb01386ff22,1419913
autoland,5094822,1,1972a98d0a69bbe4fd05a217fd515442dc617628,linux1804-64-shippable-qr,True,False,,,102210fe594ee9b33d82058545b1ed14f4c8206e,issue5044.pdf,pdfpaint,True,pdfpaint issue5044.pdf opt e10s fission stylo webrender,4767280,77,ms,firefox,456998497,6445659,2024-05-02T15:18:17,303.84000000000003,e1cdaa168a1e50a1fe8b9f409518e9dbc0f14db9,1419920
autoland,5094822,1,1972a98d0a69bbe4fd05a217fd515442dc617628,linux1804-64-shippable-qr,True,False,,,102210fe594ee9b33d82058545b1ed14f4c8206e,issue5044.pdf,pdfpaint,True,pdfpaint issue5044.pdf opt e10s fission stylo webrender,4767280,77,ms,firefox,457689621,9838497,2024-05-02T15:18:17,305.82,e1cdaa168a1e50a1fe8b9f409518e9dbc0f14db9,1419920
autoland,5094822,1,1972a98d0a69bbe4fd05a217fd515442dc617628,linux1804-64-shippable-qr,True,False,,,102210fe594ee9b33d82058545b1ed14f4c8206e,issue5044.pdf,pdfpaint,True,pdfpaint issue5044.pdf opt e10s fission stylo webrender,4767280,77,ms,firefox,457689622,9838617,2024-05-02T15:18:17,307.88,e1cdaa168a1e50a1fe8b9f409518e9dbc0f14db9,1419920
autoland,5094822,1,1972a98d0a69bbe4fd05a217fd515442dc617628,linux1804-64-shippable-qr,True,False,,,102210fe594ee9b33d82058545b1ed14f4c8206e,issue5044.pdf,pdfpaint,True,pdfpaint issue5044.pdf opt e10s fission stylo webrender,4767280,77,ms,firefox,457689623,9838719,2024-05-02T15:18:17,304.93,e1cdaa168a1e50a1fe8b9f409518e9dbc0f14db9,1419920
autoland,5094822,1,1972a98d0a69bbe4fd05a217fd515442dc617628,linux1804-64-shippable-qr,True,False,,,102210fe594ee9b33d82058545b1ed14f4c8206e,issue5044.pdf,pdfpaint,True,pdfpaint issue5044.pdf opt e10s fission stylo webrender,4767280,77,ms,firefox,457689624,9838389,2024-05-02T15:18:17,302.45000000000005,e1cdaa168a1e50a1fe8b9f409518e9dbc0f14db9,1419920
autoland,5094822,1,1972a98d0a69bbe4fd05a217fd515442dc617628,linux1804-64-shippable-qr,True,False,,,102210fe594ee9b33d82058545b1ed14f4c8206e,issue5044.pdf,pdfpaint,True,pdfpaint issue5044.pdf opt e10s fission stylo webrender,4767280,77,ms,firefox,457689626,9838822,2024-05-02T15:18:17,304.14,e1cdaa168a1e50a1fe8b9f409518e9dbc0f14db9,1419920
autoland,5094822,1,1972a98d0a69bbe4fd05a217fd515442dc617628,linux1804-64-shippable-qr,True,False,,,102210fe594ee9b33d82058545b1ed14f4c8206e,issue5044.pdf,pdfpaint,True,pdfpaint issue5044.pdf opt e10s fission stylo webrender,4767280,77,ms,firefox,456998242,6441754,2024-05-02T15:35:21,307.07,2b09ca7e46553c0e2de492a9c0ef3bb56e0267d9,1419939
autoland,5094822,1,1972a98d0a69bbe4fd05a217fd515442dc617628,linux1804-64-shippable-qr,True,False,,,102210fe594ee9b33d82058545b1ed14f4c8206e,issue5044.pdf,pdfpaint,True,pdfpaint issue5044.pdf opt e10s fission stylo webrender,4767280,77,ms,firefox,456998234,6440799,2024-05-02T15:39:47,298.0,ab25326fd2c636305d68d3e2e4b2205da4eda461,1419944
autoland,5094822,1,1972a98d0a69bbe4fd05a217fd515442dc617628,linux1804-64-shippable-qr,True,False,,,102210fe594ee9b33d82058545b1ed14f4c8206e,issue5044.pdf,pdfpaint,True,pdfpaint issue5044.pdf opt e10s fission stylo webrender,4767280,77,ms,firefox,457707464,9941045,2024-05-02T15:39:47,306.4,ab25326fd2c636305d68d3e2e4b2205da4eda461,1419944
autoland,5094822,1,1972a98d0a69bbe4fd05a217fd515442dc617628,linux1804-64-shippable-qr,True,False,,,102210fe594ee9b33d82058545b1ed14f4c8206e,issue5044.pdf,pdfpaint,True,pdfpaint issue5044.pdf opt e10s fission stylo webrender,4767280,77,ms,firefox,456998281,6442150,2024-05-02T15:40:40,306.32,9115421cf90bc8d06bef01332101f18ea88aff1f,1419946
autoland,5094822,1,1972a98d0a69bbe4fd05a217fd515442dc617628,linux1804-64-shippable-qr,True,False,,,102210fe594ee9b33d82058545b1ed14f4c8206e,issue5044.pdf,pdfpaint,True,pdfpaint issue5044.pdf opt e10s fission stylo webrender,4767280,77,ms,firefox,457707470,9942389,2024-05-02T15:40:40,304.3,9115421cf90bc8d06bef01332101f18ea88aff1f,1419946
autoland,5094822,1,1972a98d0a69bbe4fd05a217fd515442dc617628,linux1804-64-shippable-qr,True,False,,,102210fe594ee9b33d82058545b1ed14f4c8206e,issue5044.pdf,pdfpaint,True,pdfpaint issue5044.pdf opt e10s fission stylo webrender,4767280,77,ms,firefox,456998262,6441948,2024-05-02T15:41:28,303.16999999999996,91680b2c9392323ab93e2d80111ef87e6607ec82,1419948
autoland,5094822,1,1972a98d0a69bbe4fd05a217fd515442dc617628,linux1804-64-shippable-qr,True,False,,,102210fe594ee9b33d82058545b1ed14f4c8206e,issue5044.pdf,pdfpaint,True,pdfpaint issue5044.pdf opt e10s fission stylo webrender,4767280,77,ms,firefox,457707469,9942138,2024-05-02T15:41:28,306.09000000000003,91680b2c9392323ab93e2d80111ef87e6607ec82,1419948
autoland,5094822,1,1972a98d0a69bbe4fd05a217fd515442dc617628,linux1804-64-shippable-qr,True,False,,,102210fe594ee9b33d82058545b1ed14f4c8206e,issue5044.pdf,pdfpaint,True,pdfpaint issue5044.pdf opt e10s fission stylo webrender,4767280,77,ms,firefox,456997541,6430669,2024-05-02T15:42:25,310.4,91e7087aef1853d34bf28317cf1ceac60449e2d2,1419949
autoland,5094822,1,1972a98d0a69bbe4fd05a217fd515442dc617628,linux1804-64-shippable-qr,True,False,,,102210fe594ee9b33d82058545b1ed14f4c8206e,issue5044.pdf,pdfpaint,True,pdfpaint issue5044.pdf opt e10s fission stylo webrender,4767280,77,ms,firefox,457440118,8612089,2024-05-02T15:42:25,303.59000000000003,91e7087aef1853d34bf28317cf1ceac60449e2d2,1419949
autoland,5094822,1,1972a98d0a69bbe4fd05a217fd515442dc617628,linux1804-64-shippable-qr,True,False,,,102210fe594ee9b33d82058545b1ed14f4c8206e,issue5044.pdf,pdfpaint,True,pdfpaint issue5044.pdf opt e10s fission stylo webrender,4767280,77,ms,firefox,457707463,9940942,2024-05-02T15:42:25,307.29,91e7087aef1853d34bf28317cf1ceac60449e2d2,1419949
autoland,5094822,1,1972a98d0a69bbe4fd05a217fd515442dc617628,linux1804-64-shippable-qr,True,False,,,102210fe594ee9b33d82058545b1ed14f4c8206e,issue5044.pdf,pdfpaint,True,pdfpaint issue5044.pdf opt e10s fission stylo webrender,4767280,77,ms,firefox,456720779,4875096,2024-05-02T15:44:03,306.11,91cfcfc5935b5ac51c36c1a08a064c33a2d96fd5,1419950
autoland,5094822,1,1972a98d0a69bbe4fd05a217fd515442dc617628,linux1804-64-shippable-qr,True,False,,,102210fe594ee9b33d82058545b1ed14f4c8206e,issue5044.pdf,pdfpaint,True,pdfpaint issue5044.pdf opt e10s fission stylo webrender,4767280,77,ms,firefox,457240924,7642901,2024-05-02T15:44:03,306.51,91cfcfc5935b5ac51c36c1a08a064c33a2d96fd5,1419950
autoland,5094822,1,1972a98d0a69bbe4fd05a217fd515442dc617628,linux1804-64-shippable-qr,True,False,,,102210fe594ee9b33d82058545b1ed14f4c8206e,issue5044.pdf,pdfpaint,True,pdfpaint issue5044.pdf opt e10s fission stylo webrender,4767280,77,ms,firefox,457240925,7642586,2024-05-02T15:44:03,305.78999999999996,91cfcfc5935b5ac51c36c1a08a064c33a2d96fd5,1419950
autoland,5094822,1,1972a98d0a69bbe4fd05a217fd515442dc617628,linux1804-64-shippable-qr,True,False,,,102210fe594ee9b33d82058545b1ed14f4c8206e,issue5044.pdf,pdfpaint,True,pdfpaint issue5044.pdf opt e10s fission stylo webrender,4767280,77,ms,firefox,457240926,7642657,2024-05-02T15:44:03,305.65,91cfcfc5935b5ac51c36c1a08a064c33a2d96fd5,1419950
autoland,5094822,1,1972a98d0a69bbe4fd05a217fd515442dc617628,linux1804-64-shippable-qr,True,False,,,102210fe594ee9b33d82058545b1ed14f4c8206e,issue5044.pdf,pdfpaint,True,pdfpaint issue5044.pdf opt e10s fission stylo webrender,4767280,77,ms,firefox,457707462,9940585,2024-05-02T15:44:03,305.53999999999996,91cfcfc5935b5ac51c36c1a08a064c33a2d96fd5,1419950
autoland,5094822,1,1972a98d0a69bbe4fd05a217fd515442dc617628,linux1804-64-shippable-qr,True,False,,,102210fe594ee9b33d82058545b1ed14f4c8206e,issue5044.pdf,pdfpaint,True,pdfpaint issue5044.pdf opt e10s fission stylo webrender,4767280,77,ms,firefox,457707466,9941614,2024-05-02T15:52:22,311.28,3142552647f6b2e3ff7bbe2f2c8a25c25befb70f,1419957
autoland,5094822,1,1972a98d0a69bbe4fd05a217fd515442dc617628,linux1804-64-shippable-qr,True,False,,,102210fe594ee9b33d82058545b1ed14f4c8206e,issue5044.pdf,pdfpaint,True,pdfpaint issue5044.pdf opt e10s fission stylo webrender,4767280,77,ms,firefox,457723370,10022824,2024-05-02T15:52:22,305.07,3142552647f6b2e3ff7bbe2f2c8a25c25befb70f,1419957
autoland,5094822,1,1972a98d0a69bbe4fd05a217fd515442dc617628,linux1804-64-shippable-qr,True,False,,,102210fe594ee9b33d82058545b1ed14f4c8206e,issue5044.pdf,pdfpaint,True,pdfpaint issue5044.pdf opt e10s fission stylo webrender,4767280,77,ms,firefox,457723381,10023348,2024-05-02T15:52:22,305.15999999999997,3142552647f6b2e3ff7bbe2f2c8a25c25befb70f,1419957
autoland,5094822,1,1972a98d0a69bbe4fd05a217fd515442dc617628,linux1804-64-shippable-qr,True,False,,,102210fe594ee9b33d82058545b1ed14f4c8206e,issue5044.pdf,pdfpaint,True,pdfpaint issue5044.pdf opt e10s fission stylo webrender,4767280,77,ms,firefox,457723382,10023140,2024-05-02T15:52:22,303.45,3142552647f6b2e3ff7bbe2f2c8a25c25befb70f,1419957
autoland,5094822,1,1972a98d0a69bbe4fd05a217fd515442dc617628,linux1804-64-shippable-qr,True,False,,,102210fe594ee9b33d82058545b1ed14f4c8206e,issue5044.pdf,pdfpaint,True,pdfpaint issue5044.pdf opt e10s fission stylo webrender,4767280,77,ms,firefox,457723387,10022959,2024-05-02T15:52:22,304.78,3142552647f6b2e3ff7bbe2f2c8a25c25befb70f,1419957
autoland,5094822,1,1972a98d0a69bbe4fd05a217fd515442dc617628,linux1804-64-shippable-qr,True,False,,,102210fe594ee9b33d82058545b1ed14f4c8206e,issue5044.pdf,pdfpaint,True,pdfpaint issue5044.pdf opt e10s fission stylo webrender,4767280,77,ms,firefox,457707467,9941843,2024-05-02T15:53:11,305.09000000000003,a8fa7e5b16f31b8028e6768f5200341e6c8c2feb,1419959
autoland,5094822,1,1972a98d0a69bbe4fd05a217fd515442dc617628,linux1804-64-shippable-qr,True,False,,,102210fe594ee9b33d82058545b1ed14f4c8206e,issue5044.pdf,pdfpaint,True,pdfpaint issue5044.pdf opt e10s fission stylo webrender,4767280,77,ms,firefox,457723369,10022463,2024-05-02T15:53:11,305.92,a8fa7e5b16f31b8028e6768f5200341e6c8c2feb,1419959
autoland,5094822,1,1972a98d0a69bbe4fd05a217fd515442dc617628,linux1804-64-shippable-qr,True,False,,,102210fe594ee9b33d82058545b1ed14f4c8206e,issue5044.pdf,pdfpaint,True,pdfpaint issue5044.pdf opt e10s fission stylo webrender,4767280,77,ms,firefox,457723373,10022717,2024-05-02T15:53:11,305.39,a8fa7e5b16f31b8028e6768f5200341e6c8c2feb,1419959
autoland,5094822,1,1972a98d0a69bbe4fd05a217fd515442dc617628,linux1804-64-shippable-qr,True,False,,,102210fe594ee9b33d82058545b1ed14f4c8206e,issue5044.pdf,pdfpaint,True,pdfpaint issue5044.pdf opt e10s fission stylo webrender,4767280,77,ms,firefox,457723379,10022950,2024-05-02T15:53:11,304.34,a8fa7e5b16f31b8028e6768f5200341e6c8c2feb,1419959
autoland,5094822,1,1972a98d0a69bbe4fd05a217fd515442dc617628,linux1804-64-shippable-qr,True,False,,,102210fe594ee9b33d82058545b1ed14f4c8206e,issue5044.pdf,pdfpaint,True,pdfpaint issue5044.pdf opt e10s fission stylo webrender,4767280,77,ms,firefox,457723380,10023235,2024-05-02T15:53:11,307.59000000000003,a8fa7e5b16f31b8028e6768f5200341e6c8c2feb,1419959
autoland,5094822,1,1972a98d0a69bbe4fd05a217fd515442dc617628,linux1804-64-shippable-qr,True,False,,,102210fe594ee9b33d82058545b1ed14f4c8206e,issue5044.pdf,pdfpaint,True,pdfpaint issue5044.pdf opt e10s fission stylo webrender,4767280,77,ms,firefox,457707471,9942893,2024-05-02T15:54:14,308.18,ad5d3bfbed7749cc410c6ab135a11f54408cc4d3,1419961
autoland,5094822,1,1972a98d0a69bbe4fd05a217fd515442dc617628,linux1804-64-shippable-qr,True,False,,,102210fe594ee9b33d82058545b1ed14f4c8206e,issue5044.pdf,pdfpaint,True,pdfpaint issue5044.pdf opt e10s fission stylo webrender,4767280,77,ms,firefox,457723366,10022347,2024-05-02T15:54:14,305.85,ad5d3bfbed7749cc410c6ab135a11f54408cc4d3,1419961
autoland,5094822,1,1972a98d0a69bbe4fd05a217fd515442dc617628,linux1804-64-shippable-qr,True,False,,,102210fe594ee9b33d82058545b1ed14f4c8206e,issue5044.pdf,pdfpaint,True,pdfpaint issue5044.pdf opt e10s fission stylo webrender,4767280,77,ms,firefox,457723367,10022258,2024-05-02T15:54:14,304.05999999999995,ad5d3bfbed7749cc410c6ab135a11f54408cc4d3,1419961
autoland,5094822,1,1972a98d0a69bbe4fd05a217fd515442dc617628,linux1804-64-shippable-qr,True,False,,,102210fe594ee9b33d82058545b1ed14f4c8206e,issue5044.pdf,pdfpaint,True,pdfpaint issue5044.pdf opt e10s fission stylo webrender,4767280,77,ms,firefox,457723368,10022568,2024-05-02T15:54:14,306.65,ad5d3bfbed7749cc410c6ab135a11f54408cc4d3,1419961
autoland,5094822,1,1972a98d0a69bbe4fd05a217fd515442dc617628,linux1804-64-shippable-qr,True,False,,,102210fe594ee9b33d82058545b1ed14f4c8206e,issue5044.pdf,pdfpaint,True,pdfpaint issue5044.pdf opt e10s fission stylo webrender,4767280,77,ms,firefox,457723372,10022153,2024-05-02T15:54:14,311.84000000000003,ad5d3bfbed7749cc410c6ab135a11f54408cc4d3,1419961
autoland,5094822,1,1972a98d0a69bbe4fd05a217fd515442dc617628,linux1804-64-shippable-qr,True,False,,,102210fe594ee9b33d82058545b1ed14f4c8206e,issue5044.pdf,pdfpaint,True,pdfpaint issue5044.pdf opt e10s fission stylo webrender,4767280,77,ms,firefox,457707465,9941233,2024-05-02T15:55:09,299.63,5b371a36f78ce82646460280b8397fe8b335d34f,1419962
autoland,5094822,1,1972a98d0a69bbe4fd05a217fd515442dc617628,linux1804-64-shippable-qr,True,False,,,102210fe594ee9b33d82058545b1ed14f4c8206e,issue5044.pdf,pdfpaint,True,pdfpaint issue5044.pdf opt e10s fission stylo webrender,4767280,77,ms,firefox,457723345,10020302,2024-05-02T15:55:09,264.82,5b371a36f78ce82646460280b8397fe8b335d34f,1419962
autoland,5094822,1,1972a98d0a69bbe4fd05a217fd515442dc617628,linux1804-64-shippable-qr,True,False,,,102210fe594ee9b33d82058545b1ed14f4c8206e,issue5044.pdf,pdfpaint,True,pdfpaint issue5044.pdf opt e10s fission stylo webrender,4767280,77,ms,firefox,457723347,10021837,2024-05-02T15:55:09,306.74,5b371a36f78ce82646460280b8397fe8b335d34f,1419962
autoland,5094822,1,1972a98d0a69bbe4fd05a217fd515442dc617628,linux1804-64-shippable-qr,True,False,,,102210fe594ee9b33d82058545b1ed14f4c8206e,issue5044.pdf,pdfpaint,True,pdfpaint issue5044.pdf opt e10s fission stylo webrender,4767280,77,ms,firefox,457723348,10021724,2024-05-02T15:55:09,302.04999999999995,5b371a36f78ce82646460280b8397fe8b335d34f,1419962
autoland,5094822,1,1972a98d0a69bbe4fd05a217fd515442dc617628,linux1804-64-shippable-qr,True,False,,,102210fe594ee9b33d82058545b1ed14f4c8206e,issue5044.pdf,pdfpaint,True,pdfpaint issue5044.pdf opt e10s fission stylo webrender,4767280,77,ms,firefox,457723352,10021960,2024-05-02T15:55:09,304.65999999999997,5b371a36f78ce82646460280b8397fe8b335d34f,1419962
autoland,5094822,1,1972a98d0a69bbe4fd05a217fd515442dc617628,linux1804-64-shippable-qr,True,False,,,102210fe594ee9b33d82058545b1ed14f4c8206e,issue5044.pdf,pdfpaint,True,pdfpaint issue5044.pdf opt e10s fission stylo webrender,4767280,77,ms,firefox,457707468,9941717,2024-05-02T15:56:04,275.13,042c64cc64963ec86b6af16aa2066c7ab84ff9a4,1419964
autoland,5094822,1,1972a98d0a69bbe4fd05a217fd515442dc617628,linux1804-64-shippable-qr,True,False,,,102210fe594ee9b33d82058545b1ed14f4c8206e,issue5044.pdf,pdfpaint,True,pdfpaint issue5044.pdf opt e10s fission stylo webrender,4767280,77,ms,firefox,457723342,10021466,2024-05-02T15:56:04,278.53,042c64cc64963ec86b6af16aa2066c7ab84ff9a4,1419964
autoland,5094822,1,1972a98d0a69bbe4fd05a217fd515442dc617628,linux1804-64-shippable-qr,True,False,,,102210fe594ee9b33d82058545b1ed14f4c8206e,issue5044.pdf,pdfpaint,True,pdfpaint issue5044.pdf opt e10s fission stylo webrender,4767280,77,ms,firefox,457723343,10021615,2024-05-02T15:56:04,277.28,042c64cc64963ec86b6af16aa2066c7ab84ff9a4,1419964
autoland,5094822,1,1972a98d0a69bbe4fd05a217fd515442dc617628,linux1804-64-shippable-qr,True,False,,,102210fe594ee9b33d82058545b1ed14f4c8206e,issue5044.pdf,pdfpaint,True,pdfpaint issue5044.pdf opt e10s fission stylo webrender,4767280,77,ms,firefox,457723344,10021302,2024-05-02T15:56:04,275.4,042c64cc64963ec86b6af16aa2066c7ab84ff9a4,1419964
autoland,5094822,1,1972a98d0a69bbe4fd05a217fd515442dc617628,linux1804-64-shippable-qr,True,False,,,102210fe594ee9b33d82058545b1ed14f4c8206e,issue5044.pdf,pdfpaint,True,pdfpaint issue5044.pdf opt e10s fission stylo webrender,4767280,77,ms,firefox,457723346,10021407,2024-05-02T15:56:04,274.65999999999997,042c64cc64963ec86b6af16aa2066c7ab84ff9a4,1419964
autoland,5094822,1,1972a98d0a69bbe4fd05a217fd515442dc617628,linux1804-64-shippable-qr,True,False,,,102210fe594ee9b33d82058545b1ed14f4c8206e,issue5044.pdf,pdfpaint,True,pdfpaint issue5044.pdf opt e10s fission stylo webrender,4767280,77,ms,firefox,457029858,6592871,2024-05-02T16:03:25,275.12,a92481411f5ede16b361b88abdb69d0bc13585f7,1419972
autoland,5094822,1,1972a98d0a69bbe4fd05a217fd515442dc617628,linux1804-64-shippable-qr,True,False,,,102210fe594ee9b33d82058545b1ed14f4c8206e,issue5044.pdf,pdfpaint,True,pdfpaint issue5044.pdf opt e10s fission stylo webrender,4767280,77,ms,firefox,457240686,7637495,2024-05-02T16:03:25,275.90999999999997,a92481411f5ede16b361b88abdb69d0bc13585f7,1419972
autoland,5094822,1,1972a98d0a69bbe4fd05a217fd515442dc617628,linux1804-64-shippable-qr,True,False,,,102210fe594ee9b33d82058545b1ed14f4c8206e,issue5044.pdf,pdfpaint,True,pdfpaint issue5044.pdf opt e10s fission stylo webrender,4767280,77,ms,firefox,457240687,7637330,2024-05-02T16:03:25,275.58000000000004,a92481411f5ede16b361b88abdb69d0bc13585f7,1419972
autoland,5094822,1,1972a98d0a69bbe4fd05a217fd515442dc617628,linux1804-64-shippable-qr,True,False,,,102210fe594ee9b33d82058545b1ed14f4c8206e,issue5044.pdf,pdfpaint,True,pdfpaint issue5044.pdf opt e10s fission stylo webrender,4767280,77,ms,firefox,457240688,7637703,2024-05-02T16:03:25,275.65999999999997,a92481411f5ede16b361b88abdb69d0bc13585f7,1419972
autoland,5094822,1,1972a98d0a69bbe4fd05a217fd515442dc617628,linux1804-64-shippable-qr,True,False,,,102210fe594ee9b33d82058545b1ed14f4c8206e,issue5044.pdf,pdfpaint,True,pdfpaint issue5044.pdf opt e10s fission stylo webrender,4767280,77,ms,firefox,457240689,7637600,2024-05-02T16:03:25,276.02,a92481411f5ede16b361b88abdb69d0bc13585f7,1419972
autoland,5094822,1,1972a98d0a69bbe4fd05a217fd515442dc617628,linux1804-64-shippable-qr,True,False,,,102210fe594ee9b33d82058545b1ed14f4c8206e,issue5044.pdf,pdfpaint,True,pdfpaint issue5044.pdf opt e10s fission stylo webrender,4767280,77,ms,firefox,457023694,6580839,2024-05-02T16:06:31,278.70000000000005,8a23333d48cc5e30e1d7439818c45be8afc3c39e,1419975
autoland,5094822,1,1972a98d0a69bbe4fd05a217fd515442dc617628,linux1804-64-shippable-qr,True,False,,,102210fe594ee9b33d82058545b1ed14f4c8206e,issue5044.pdf,pdfpaint,True,pdfpaint issue5044.pdf opt e10s fission stylo webrender,4767280,77,ms,firefox,457024575,6582368,2024-05-02T16:06:31,274.66999999999996,8a23333d48cc5e30e1d7439818c45be8afc3c39e,1419975
autoland,5094822,1,1972a98d0a69bbe4fd05a217fd515442dc617628,linux1804-64-shippable-qr,True,False,,,102210fe594ee9b33d82058545b1ed14f4c8206e,issue5044.pdf,pdfpaint,True,pdfpaint issue5044.pdf opt e10s fission stylo webrender,4767280,77,ms,firefox,457023085,6580072,2024-05-02T16:15:28,274.23,6edb3e6d5269b5035fc70ef355115bfdd4a5b021,1419984
autoland,5094822,1,1972a98d0a69bbe4fd05a217fd515442dc617628,linux1804-64-shippable-qr,True,False,,,102210fe594ee9b33d82058545b1ed14f4c8206e,issue5044.pdf,pdfpaint,True,pdfpaint issue5044.pdf opt e10s fission stylo webrender,4767280,77,ms,firefox,457240974,7643005,2024-05-02T16:15:28,277.01,6edb3e6d5269b5035fc70ef355115bfdd4a5b021,1419984
autoland,5094822,1,1972a98d0a69bbe4fd05a217fd515442dc617628,linux1804-64-shippable-qr,True,False,,,102210fe594ee9b33d82058545b1ed14f4c8206e,issue5044.pdf,pdfpaint,True,pdfpaint issue5044.pdf opt e10s fission stylo webrender,4767280,77,ms,firefox,457240977,7643115,2024-05-02T16:15:28,275.33,6edb3e6d5269b5035fc70ef355115bfdd4a5b021,1419984
autoland,5094822,1,1972a98d0a69bbe4fd05a217fd515442dc617628,linux1804-64-shippable-qr,True,False,,,102210fe594ee9b33d82058545b1ed14f4c8206e,issue5044.pdf,pdfpaint,True,pdfpaint issue5044.pdf opt e10s fission stylo webrender,4767280,77,ms,firefox,457240978,7643222,2024-05-02T16:15:28,275.18,6edb3e6d5269b5035fc70ef355115bfdd4a5b021,1419984
autoland,5094822,1,1972a98d0a69bbe4fd05a217fd515442dc617628,linux1804-64-shippable-qr,True,False,,,102210fe594ee9b33d82058545b1ed14f4c8206e,issue5044.pdf,pdfpaint,True,pdfpaint issue5044.pdf opt e10s fission stylo webrender,4767280,77,ms,firefox,457240981,7642798,2024-05-02T16:15:28,275.39,6edb3e6d5269b5035fc70ef355115bfdd4a5b021,1419984
autoland,5094822,1,1972a98d0a69bbe4fd05a217fd515442dc617628,linux1804-64-shippable-qr,True,False,,,102210fe594ee9b33d82058545b1ed14f4c8206e,issue5044.pdf,pdfpaint,True,pdfpaint issue5044.pdf opt e10s fission stylo webrender,4767280,77,ms,firefox,457011211,6523295,2024-05-02T16:28:16,280.39,b59292d05fa836f9ee949934d20f711e813b3930,1419992
autoland,5094822,1,1972a98d0a69bbe4fd05a217fd515442dc617628,linux1804-64-shippable-qr,True,False,,,102210fe594ee9b33d82058545b1ed14f4c8206e,issue5044.pdf,pdfpaint,True,pdfpaint issue5044.pdf opt e10s fission stylo webrender,4767280,77,ms,firefox,457011213,6523400,2024-05-02T16:28:16,274.03999999999996,b59292d05fa836f9ee949934d20f711e813b3930,1419992
autoland,5094822,1,1972a98d0a69bbe4fd05a217fd515442dc617628,linux1804-64-shippable-qr,True,False,,,102210fe594ee9b33d82058545b1ed14f4c8206e,issue5044.pdf,pdfpaint,True,pdfpaint issue5044.pdf opt e10s fission stylo webrender,4767280,77,ms,firefox,457023446,6580200,2024-05-02T16:37:17,272.96,41b2d771de01bc4ac4539823666cfab3270f3db8,1420000
autoland,5094822,1,1972a98d0a69bbe4fd05a217fd515442dc617628,linux1804-64-shippable-qr,True,False,,,102210fe594ee9b33d82058545b1ed14f4c8206e,issue5044.pdf,pdfpaint,True,pdfpaint issue5044.pdf opt e10s fission stylo webrender,4767280,77,ms,firefox,457023592,6580327,2024-05-02T16:37:17,276.41,41b2d771de01bc4ac4539823666cfab3270f3db8,1420000
autoland,5094822,1,1972a98d0a69bbe4fd05a217fd515442dc617628,linux1804-64-shippable-qr,True,False,,,102210fe594ee9b33d82058545b1ed14f4c8206e,issue5044.pdf,pdfpaint,True,pdfpaint issue5044.pdf opt e10s fission stylo webrender,4767280,77,ms,firefox,456998177,6440232,2024-05-02T16:41:53,274.99,a414439df5c0f6563443f055e6f53e4fec5f3b94,1420002
autoland,5094822,1,1972a98d0a69bbe4fd05a217fd515442dc617628,linux1804-64-shippable-qr,True,False,,,102210fe594ee9b33d82058545b1ed14f4c8206e,issue5044.pdf,pdfpaint,True,pdfpaint issue5044.pdf opt e10s fission stylo webrender,4767280,77,ms,firefox,456998197,6440591,2024-05-02T16:46:51,273.90999999999997,4026fef492b7186df9dd2d02c203c8087cba3ad2,1420006
autoland,5094822,1,1972a98d0a69bbe4fd05a217fd515442dc617628,linux1804-64-shippable-qr,True,False,,,102210fe594ee9b33d82058545b1ed14f4c8206e,issue5044.pdf,pdfpaint,True,pdfpaint issue5044.pdf opt e10s fission stylo webrender,4767280,77,ms,firefox,456998239,6441514,2024-05-02T16:55:20,275.77,62df6f06d6c6b340080abc282824ff30ce05743d,1420016
autoland,5094822,1,1972a98d0a69bbe4fd05a217fd515442dc617628,linux1804-64-shippable-qr,True,False,,,102210fe594ee9b33d82058545b1ed14f4c8206e,issue5044.pdf,pdfpaint,True,pdfpaint issue5044.pdf opt e10s fission stylo webrender,4767280,77,ms,firefox,456998236,6441140,2024-05-02T17:02:14,275.21,97d09ddde07b952a19f96ef45d0b83374022037f,1420023
autoland,5094822,1,1972a98d0a69bbe4fd05a217fd515442dc617628,linux1804-64-shippable-qr,True,False,,,102210fe594ee9b33d82058545b1ed14f4c8206e,issue5044.pdf,pdfpaint,True,pdfpaint issue5044.pdf opt e10s fission stylo webrender,4767280,77,ms,firefox,456998536,6446457,2024-05-02T17:07:37,274.61,37b3e8a42399102d3dd9d25f77211bc52e38c145,1420026
autoland,5094822,1,1972a98d0a69bbe4fd05a217fd515442dc617628,linux1804-64-shippable-qr,True,False,,,102210fe594ee9b33d82058545b1ed14f4c8206e,issue5044.pdf,pdfpaint,True,pdfpaint issue5044.pdf opt e10s fission stylo webrender,4767280,77,ms,firefox,457240902,7641172,2024-05-02T17:07:37,273.83,37b3e8a42399102d3dd9d25f77211bc52e38c145,1420026
autoland,5094822,1,1972a98d0a69bbe4fd05a217fd515442dc617628,linux1804-64-shippable-qr,True,False,,,102210fe594ee9b33d82058545b1ed14f4c8206e,issue5044.pdf,pdfpaint,True,pdfpaint issue5044.pdf opt e10s fission stylo webrender,4767280,77,ms,firefox,457240903,7641062,2024-05-02T17:07:37,275.15999999999997,37b3e8a42399102d3dd9d25f77211bc52e38c145,1420026
autoland,5094822,1,1972a98d0a69bbe4fd05a217fd515442dc617628,linux1804-64-shippable-qr,True,False,,,102210fe594ee9b33d82058545b1ed14f4c8206e,issue5044.pdf,pdfpaint,True,pdfpaint issue5044.pdf opt e10s fission stylo webrender,4767280,77,ms,firefox,457240904,7641696,2024-05-02T17:07:37,276.04,37b3e8a42399102d3dd9d25f77211bc52e38c145,1420026
autoland,5094822,1,1972a98d0a69bbe4fd05a217fd515442dc617628,linux1804-64-shippable-qr,True,False,,,102210fe594ee9b33d82058545b1ed14f4c8206e,issue5044.pdf,pdfpaint,True,pdfpaint issue5044.pdf opt e10s fission stylo webrender,4767280,77,ms,firefox,457240905,7641803,2024-05-02T17:07:37,273.74,37b3e8a42399102d3dd9d25f77211bc52e38c145,1420026
autoland,5094822,1,1972a98d0a69bbe4fd05a217fd515442dc617628,linux1804-64-shippable-qr,True,False,,,102210fe594ee9b33d82058545b1ed14f4c8206e,issue5044.pdf,pdfpaint,True,pdfpaint issue5044.pdf opt e10s fission stylo webrender,4767280,77,ms,firefox,456997532,6429928,2024-05-02T17:15:06,275.28999999999996,64c8f78252bf12943c959158203ec8f49c59ce34,1420029
autoland,5094822,1,1972a98d0a69bbe4fd05a217fd515442dc617628,linux1804-64-shippable-qr,True,False,,,102210fe594ee9b33d82058545b1ed14f4c8206e,issue5044.pdf,pdfpaint,True,pdfpaint issue5044.pdf opt e10s fission stylo webrender,4767280,77,ms,firefox,456998535,6446559,2024-05-02T17:43:48,276.01,e9ae07cdf4617f8d0aa6817f3c4e496ea4695922,1420038
autoland,5094822,1,1972a98d0a69bbe4fd05a217fd515442dc617628,linux1804-64-shippable-qr,True,False,,,102210fe594ee9b33d82058545b1ed14f4c8206e,issue5044.pdf,pdfpaint,True,pdfpaint issue5044.pdf opt e10s fission stylo webrender,4767280,77,ms,firefox,456998238,6441412,2024-05-02T17:47:03,280.99,1187f4d67bf7aabaa0c8c322fa2ab6bf1b8d4fc3,1420041
autoland,5094822,1,1972a98d0a69bbe4fd05a217fd515442dc617628,linux1804-64-shippable-qr,True,False,,,102210fe594ee9b33d82058545b1ed14f4c8206e,issue5044.pdf,pdfpaint,True,pdfpaint issue5044.pdf opt e10s fission stylo webrender,4767280,77,ms,firefox,457422540,8544799,2024-05-02T17:47:03,276.0,1187f4d67bf7aabaa0c8c322fa2ab6bf1b8d4fc3,1420041
autoland,5094822,1,1972a98d0a69bbe4fd05a217fd515442dc617628,linux1804-64-shippable-qr,True,False,,,102210fe594ee9b33d82058545b1ed14f4c8206e,issue5044.pdf,pdfpaint,True,pdfpaint issue5044.pdf opt e10s fission stylo webrender,4767280,77,ms,firefox,457422541,8545116,2024-05-02T17:47:03,274.87,1187f4d67bf7aabaa0c8c322fa2ab6bf1b8d4fc3,1420041
autoland,5094822,1,1972a98d0a69bbe4fd05a217fd515442dc617628,linux1804-64-shippable-qr,True,False,,,102210fe594ee9b33d82058545b1ed14f4c8206e,issue5044.pdf,pdfpaint,True,pdfpaint issue5044.pdf opt e10s fission stylo webrender,4767280,77,ms,firefox,457422542,8545449,2024-05-02T17:47:03,274.93,1187f4d67bf7aabaa0c8c322fa2ab6bf1b8d4fc3,1420041
autoland,5094822,1,1972a98d0a69bbe4fd05a217fd515442dc617628,linux1804-64-shippable-qr,True,False,,,102210fe594ee9b33d82058545b1ed14f4c8206e,issue5044.pdf,pdfpaint,True,pdfpaint issue5044.pdf opt e10s fission stylo webrender,4767280,77,ms,firefox,457422617,8548762,2024-05-02T17:47:03,277.4,1187f4d67bf7aabaa0c8c322fa2ab6bf1b8d4fc3,1420041
autoland,5094822,1,1972a98d0a69bbe4fd05a217fd515442dc617628,linux1804-64-shippable-qr,True,False,,,102210fe594ee9b33d82058545b1ed14f4c8206e,issue5044.pdf,pdfpaint,True,pdfpaint issue5044.pdf opt e10s fission stylo webrender,4767280,77,ms,firefox,456997530,6430030,2024-05-02T17:55:25,276.4,78d1a50e65af8dcaa79f2a78d21442baf544522d,1420049
autoland,5094822,1,1972a98d0a69bbe4fd05a217fd515442dc617628,linux1804-64-shippable-qr,True,False,,,102210fe594ee9b33d82058545b1ed14f4c8206e,issue5044.pdf,pdfpaint,True,pdfpaint issue5044.pdf opt e10s fission stylo webrender,4767280,77,ms,firefox,456738038,4972819,2024-05-02T17:57:36,276.51,3a0b95c0a8b3e334c5811a26420f39aaba7e5be3,1420053
autoland,5094822,1,1972a98d0a69bbe4fd05a217fd515442dc617628,linux1804-64-shippable-qr,True,False,,,102210fe594ee9b33d82058545b1ed14f4c8206e,issue5044.pdf,pdfpaint,True,pdfpaint issue5044.pdf opt e10s fission stylo webrender,4767280,77,ms,firefox,456779269,5156111,2024-05-02T23:51:01,281.9,f5cfc0ea73926b119ca193381efffbfa5859d867,1420328
autoland,5094822,1,1972a98d0a69bbe4fd05a217fd515442dc617628,linux1804-64-shippable-qr,True,False,,,102210fe594ee9b33d82058545b1ed14f4c8206e,issue5044.pdf,pdfpaint,True,pdfpaint issue5044.pdf opt e10s fission stylo webrender,4767280,77,ms,firefox,457689615,9837604,2024-05-02T23:51:01,280.07000000000005,f5cfc0ea73926b119ca193381efffbfa5859d867,1420328
autoland,5094822,1,1972a98d0a69bbe4fd05a217fd515442dc617628,linux1804-64-shippable-qr,True,False,,,102210fe594ee9b33d82058545b1ed14f4c8206e,issue5044.pdf,pdfpaint,True,pdfpaint issue5044.pdf opt e10s fission stylo webrender,4767280,77,ms,firefox,457689617,9837868,2024-05-02T23:51:01,282.72,f5cfc0ea73926b119ca193381efffbfa5859d867,1420328
autoland,5094822,1,1972a98d0a69bbe4fd05a217fd515442dc617628,linux1804-64-shippable-qr,True,False,,,102210fe594ee9b33d82058545b1ed14f4c8206e,issue5044.pdf,pdfpaint,True,pdfpaint issue5044.pdf opt e10s fission stylo webrender,4767280,77,ms,firefox,457689618,9837492,2024-05-02T23:51:01,271.65999999999997,f5cfc0ea73926b119ca193381efffbfa5859d867,1420328
autoland,5094822,1,1972a98d0a69bbe4fd05a217fd515442dc617628,linux1804-64-shippable-qr,True,False,,,102210fe594ee9b33d82058545b1ed14f4c8206e,issue5044.pdf,pdfpaint,True,pdfpaint issue5044.pdf opt e10s fission stylo webrender,4767280,77,ms,firefox,457689619,9837760,2024-05-02T23:51:01,283.19,f5cfc0ea73926b119ca193381efffbfa5859d867,1420328
autoland,5094822,1,1972a98d0a69bbe4fd05a217fd515442dc617628,linux1804-64-shippable-qr,True,False,,,102210fe594ee9b33d82058545b1ed14f4c8206e,issue5044.pdf,pdfpaint,True,pdfpaint issue5044.pdf opt e10s fission stylo webrender,4767280,77,ms,firefox,456789275,5224889,2024-05-03T04:04:06,281.5,c5c13444d9afc38f2ee8d567a1a17f26a9b6659b,1420386
autoland,5094822,1,1972a98d0a69bbe4fd05a217fd515442dc617628,linux1804-64-shippable-qr,True,False,,,102210fe594ee9b33d82058545b1ed14f4c8206e,issue5044.pdf,pdfpaint,True,pdfpaint issue5044.pdf opt e10s fission stylo webrender,4767280,77,ms,firefox,457240812,7639643,2024-05-03T04:04:06,280.64,c5c13444d9afc38f2ee8d567a1a17f26a9b6659b,1420386
autoland,5094822,1,1972a98d0a69bbe4fd05a217fd515442dc617628,linux1804-64-shippable-qr,True,False,,,102210fe594ee9b33d82058545b1ed14f4c8206e,issue5044.pdf,pdfpaint,True,pdfpaint issue5044.pdf opt e10s fission stylo webrender,4767280,77,ms,firefox,457240813,7639879,2024-05-03T04:04:06,281.84,c5c13444d9afc38f2ee8d567a1a17f26a9b6659b,1420386
autoland,5094822,1,1972a98d0a69bbe4fd05a217fd515442dc617628,linux1804-64-shippable-qr,True,False,,,102210fe594ee9b33d82058545b1ed14f4c8206e,issue5044.pdf,pdfpaint,True,pdfpaint issue5044.pdf opt e10s fission stylo webrender,4767280,77,ms,firefox,457240814,7639991,2024-05-03T04:04:06,284.27,c5c13444d9afc38f2ee8d567a1a17f26a9b6659b,1420386
autoland,5094822,1,1972a98d0a69bbe4fd05a217fd515442dc617628,linux1804-64-shippable-qr,True,False,,,102210fe594ee9b33d82058545b1ed14f4c8206e,issue5044.pdf,pdfpaint,True,pdfpaint issue5044.pdf opt e10s fission stylo webrender,4767280,77,ms,firefox,456818442,5388573,2024-05-03T08:10:40,281.37,fd534101970b397f34b099196fabc43b927c7fcf,1420452
autoland,5094822,1,1972a98d0a69bbe4fd05a217fd515442dc617628,linux1804-64-shippable-qr,True,False,,,102210fe594ee9b33d82058545b1ed14f4c8206e,issue5044.pdf,pdfpaint,True,pdfpaint issue5044.pdf opt e10s fission stylo webrender,4767280,77,ms,firefox,456849252,5515945,2024-05-03T12:18:12,278.20000000000005,e91d8e436dcc57f87d15822b1dc5b12644cb980e,1420590
autoland,5094822,1,1972a98d0a69bbe4fd05a217fd515442dc617628,linux1804-64-shippable-qr,True,False,,,102210fe594ee9b33d82058545b1ed14f4c8206e,issue5044.pdf,pdfpaint,True,pdfpaint issue5044.pdf opt e10s fission stylo webrender,4767280,77,ms,firefox,457563417,9237396,2024-05-03T12:18:12,275.65,e91d8e436dcc57f87d15822b1dc5b12644cb980e,1420590
autoland,5094822,1,1972a98d0a69bbe4fd05a217fd515442dc617628,linux1804-64-shippable-qr,True,False,,,102210fe594ee9b33d82058545b1ed14f4c8206e,issue5044.pdf,pdfpaint,True,pdfpaint issue5044.pdf opt e10s fission stylo webrender,4767280,77,ms,firefox,457563418,9236966,2024-05-03T12:18:12,272.23,e91d8e436dcc57f87d15822b1dc5b12644cb980e,1420590
autoland,5094822,1,1972a98d0a69bbe4fd05a217fd515442dc617628,linux1804-64-shippable-qr,True,False,,,102210fe594ee9b33d82058545b1ed14f4c8206e,issue5044.pdf,pdfpaint,True,pdfpaint issue5044.pdf opt e10s fission stylo webrender,4767280,77,ms,firefox,457563421,9237424,2024-05-03T12:18:12,276.37,e91d8e436dcc57f87d15822b1dc5b12644cb980e,1420590
autoland,5094822,1,1972a98d0a69bbe4fd05a217fd515442dc617628,linux1804-64-shippable-qr,True,False,,,102210fe594ee9b33d82058545b1ed14f4c8206e,issue5044.pdf,pdfpaint,True,pdfpaint issue5044.pdf opt e10s fission stylo webrender,4767280,77,ms,firefox,456887283,5767434,2024-05-03T16:29:14,271.90999999999997,0a8a8f84140a331e815f8520a76a3c928e4486ea,1420823
autoland,5094822,1,1972a98d0a69bbe4fd05a217fd515442dc617628,linux1804-64-shippable-qr,True,False,,,102210fe594ee9b33d82058545b1ed14f4c8206e,issue5044.pdf,pdfpaint,True,pdfpaint issue5044.pdf opt e10s fission stylo webrender,4767280,77,ms,firefox,457563374,9236426,2024-05-03T16:29:14,287.65,0a8a8f84140a331e815f8520a76a3c928e4486ea,1420823
autoland,5094822,1,1972a98d0a69bbe4fd05a217fd515442dc617628,linux1804-64-shippable-qr,True,False,,,102210fe594ee9b33d82058545b1ed14f4c8206e,issue5044.pdf,pdfpaint,True,pdfpaint issue5044.pdf opt e10s fission stylo webrender,4767280,77,ms,firefox,457563375,9235803,2024-05-03T16:29:14,276.89,0a8a8f84140a331e815f8520a76a3c928e4486ea,1420823
autoland,5094822,1,1972a98d0a69bbe4fd05a217fd515442dc617628,linux1804-64-shippable-qr,True,False,,,102210fe594ee9b33d82058545b1ed14f4c8206e,issue5044.pdf,pdfpaint,True,pdfpaint issue5044.pdf opt e10s fission stylo webrender,4767280,77,ms,firefox,457563382,9236219,2024-05-03T16:29:14,277.91999999999996,0a8a8f84140a331e815f8520a76a3c928e4486ea,1420823
autoland,5094822,1,1972a98d0a69bbe4fd05a217fd515442dc617628,linux1804-64-shippable-qr,True,False,,,102210fe594ee9b33d82058545b1ed14f4c8206e,issue5044.pdf,pdfpaint,True,pdfpaint issue5044.pdf opt e10s fission stylo webrender,4767280,77,ms,firefox,457563412,9237642,2024-05-03T16:29:14,282.32,0a8a8f84140a331e815f8520a76a3c928e4486ea,1420823
autoland,5094822,1,1972a98d0a69bbe4fd05a217fd515442dc617628,linux1804-64-shippable-qr,True,False,,,102210fe594ee9b33d82058545b1ed14f4c8206e,issue5044.pdf,pdfpaint,True,pdfpaint issue5044.pdf opt e10s fission stylo webrender,4767280,77,ms,firefox,457563413,9237844,2024-05-03T16:29:14,285.83000000000004,0a8a8f84140a331e815f8520a76a3c928e4486ea,1420823
autoland,5094822,1,1972a98d0a69bbe4fd05a217fd515442dc617628,linux1804-64-shippable-qr,True,False,,,102210fe594ee9b33d82058545b1ed14f4c8206e,issue5044.pdf,pdfpaint,True,pdfpaint issue5044.pdf opt e10s fission stylo webrender,4767280,77,ms,firefox,457563414,9237104,2024-05-03T16:29:14,280.78999999999996,0a8a8f84140a331e815f8520a76a3c928e4486ea,1420823
autoland,5094822,1,1972a98d0a69bbe4fd05a217fd515442dc617628,linux1804-64-shippable-qr,True,False,,,102210fe594ee9b33d82058545b1ed14f4c8206e,issue5044.pdf,pdfpaint,True,pdfpaint issue5044.pdf opt e10s fission stylo webrender,4767280,77,ms,firefox,456907933,5917800,2024-05-03T19:41:01,282.28999999999996,1e88e24f01e40c6d9b7e3f222f4fbb0d55c9639d,1420975
autoland,5094822,1,1972a98d0a69bbe4fd05a217fd515442dc617628,linux1804-64-shippable-qr,True,False,,,102210fe594ee9b33d82058545b1ed14f4c8206e,issue5044.pdf,pdfpaint,True,pdfpaint issue5044.pdf opt e10s fission stylo webrender,4767280,77,ms,firefox,456934520,6076603,2024-05-04T00:06:35,268.52,b5ebcaf20c9cca5a0f4b965c398f0f26296df1b5,1421120
autoland,5094822,1,1972a98d0a69bbe4fd05a217fd515442dc617628,linux1804-64-shippable-qr,True,False,,,102210fe594ee9b33d82058545b1ed14f4c8206e,issue5044.pdf,pdfpaint,True,pdfpaint issue5044.pdf opt e10s fission stylo webrender,4767280,77,ms,firefox,457563415,9236794,2024-05-04T00:06:35,275.20000000000005,b5ebcaf20c9cca5a0f4b965c398f0f26296df1b5,1421120
autoland,5094822,1,1972a98d0a69bbe4fd05a217fd515442dc617628,linux1804-64-shippable-qr,True,False,,,102210fe594ee9b33d82058545b1ed14f4c8206e,issue5044.pdf,pdfpaint,True,pdfpaint issue5044.pdf opt e10s fission stylo webrender,4767280,77,ms,firefox,457563416,9237638,2024-05-04T00:06:35,279.84000000000003,b5ebcaf20c9cca5a0f4b965c398f0f26296df1b5,1421120
autoland,5094822,1,1972a98d0a69bbe4fd05a217fd515442dc617628,linux1804-64-shippable-qr,True,False,,,102210fe594ee9b33d82058545b1ed14f4c8206e,issue5044.pdf,pdfpaint,True,pdfpaint issue5044.pdf opt e10s fission stylo webrender,4767280,77,ms,firefox,457563419,9237175,2024-05-04T00:06:35,274.75,b5ebcaf20c9cca5a0f4b965c398f0f26296df1b5,1421120
autoland,5094822,1,1972a98d0a69bbe4fd05a217fd515442dc617628,linux1804-64-shippable-qr,True,False,,,102210fe594ee9b33d82058545b1ed14f4c8206e,issue5044.pdf,pdfpaint,True,pdfpaint issue5044.pdf opt e10s fission stylo webrender,4767280,77,ms,firefox,457563420,9237946,2024-05-04T00:06:35,283.12,b5ebcaf20c9cca5a0f4b965c398f0f26296df1b5,1421120
autoland,5094822,1,1972a98d0a69bbe4fd05a217fd515442dc617628,linux1804-64-shippable-qr,True,False,,,102210fe594ee9b33d82058545b1ed14f4c8206e,issue5044.pdf,pdfpaint,True,pdfpaint issue5044.pdf opt e10s fission stylo webrender,4767280,77,ms,firefox,456960072,6278313,2024-05-04T09:19:48,273.64,a546ec29a8018c8e98e738460e9bdfd5d4003690,1421174
autoland,5094822,1,1972a98d0a69bbe4fd05a217fd515442dc617628,linux1804-64-shippable-qr,True,False,,,102210fe594ee9b33d82058545b1ed14f4c8206e,issue5044.pdf,pdfpaint,True,pdfpaint issue5044.pdf opt e10s fission stylo webrender,4767280,77,ms,firefox,457422556,8545852,2024-05-04T09:19:48,282.02,a546ec29a8018c8e98e738460e9bdfd5d4003690,1421174
autoland,5094822,1,1972a98d0a69bbe4fd05a217fd515442dc617628,linux1804-64-shippable-qr,True,False,,,102210fe594ee9b33d82058545b1ed14f4c8206e,issue5044.pdf,pdfpaint,True,pdfpaint issue5044.pdf opt e10s fission stylo webrender,4767280,77,ms,firefox,457422558,8546035,2024-05-04T09:19:48,270.6,a546ec29a8018c8e98e738460e9bdfd5d4003690,1421174
autoland,5094822,1,1972a98d0a69bbe4fd05a217fd515442dc617628,linux1804-64-shippable-qr,True,False,,,102210fe594ee9b33d82058545b1ed14f4c8206e,issue5044.pdf,pdfpaint,True,pdfpaint issue5044.pdf opt e10s fission stylo webrender,4767280,77,ms,firefox,457422562,8546253,2024-05-04T09:19:48,288.3,a546ec29a8018c8e98e738460e9bdfd5d4003690,1421174
autoland,5094822,1,1972a98d0a69bbe4fd05a217fd515442dc617628,linux1804-64-shippable-qr,True,False,,,102210fe594ee9b33d82058545b1ed14f4c8206e,issue5044.pdf,pdfpaint,True,pdfpaint issue5044.pdf opt e10s fission stylo webrender,4767280,77,ms,firefox,457422567,8546147,2024-05-04T09:19:48,277.94,a546ec29a8018c8e98e738460e9bdfd5d4003690,1421174
autoland,5094822,1,1972a98d0a69bbe4fd05a217fd515442dc617628,linux1804-64-shippable-qr,True,False,,,102210fe594ee9b33d82058545b1ed14f4c8206e,issue5044.pdf,pdfpaint,True,pdfpaint issue5044.pdf opt e10s fission stylo webrender,4767280,77,ms,firefox,457422572,8546358,2024-05-04T09:19:48,281.41999999999996,a546ec29a8018c8e98e738460e9bdfd5d4003690,1421174
autoland,5094822,1,1972a98d0a69bbe4fd05a217fd515442dc617628,linux1804-64-shippable-qr,True,False,,,102210fe594ee9b33d82058545b1ed14f4c8206e,issue5044.pdf,pdfpaint,True,pdfpaint issue5044.pdf opt e10s fission stylo webrender,4767280,77,ms,firefox,456979504,6342546,2024-05-04T19:44:42,270.69,422a6a673019bc0e2dfd459eceee9594246a0a9d,1421318
autoland,5094822,1,1972a98d0a69bbe4fd05a217fd515442dc617628,linux1804-64-shippable-qr,True,False,,,102210fe594ee9b33d82058545b1ed14f4c8206e,issue5044.pdf,pdfpaint,True,pdfpaint issue5044.pdf opt e10s fission stylo webrender,4767280,77,ms,firefox,457422596,8546586,2024-05-04T19:44:42,272.74,422a6a673019bc0e2dfd459eceee9594246a0a9d,1421318
autoland,5094822,1,1972a98d0a69bbe4fd05a217fd515442dc617628,linux1804-64-shippable-qr,True,False,,,102210fe594ee9b33d82058545b1ed14f4c8206e,issue5044.pdf,pdfpaint,True,pdfpaint issue5044.pdf opt e10s fission stylo webrender,4767280,77,ms,firefox,457422598,8546741,2024-05-04T19:44:42,273.38,422a6a673019bc0e2dfd459eceee9594246a0a9d,1421318
autoland,5094822,1,1972a98d0a69bbe4fd05a217fd515442dc617628,linux1804-64-shippable-qr,True,False,,,102210fe594ee9b33d82058545b1ed14f4c8206e,issue5044.pdf,pdfpaint,True,pdfpaint issue5044.pdf opt e10s fission stylo webrender,4767280,77,ms,firefox,457422601,8546964,2024-05-04T19:44:42,272.98,422a6a673019bc0e2dfd459eceee9594246a0a9d,1421318
autoland,5094822,1,1972a98d0a69bbe4fd05a217fd515442dc617628,linux1804-64-shippable-qr,True,False,,,102210fe594ee9b33d82058545b1ed14f4c8206e,issue5044.pdf,pdfpaint,True,pdfpaint issue5044.pdf opt e10s fission stylo webrender,4767280,77,ms,firefox,457422603,8547094,2024-05-04T19:44:42,285.09000000000003,422a6a673019bc0e2dfd459eceee9594246a0a9d,1421318
autoland,5094822,1,1972a98d0a69bbe4fd05a217fd515442dc617628,linux1804-64-shippable-qr,True,False,,,102210fe594ee9b33d82058545b1ed14f4c8206e,issue5044.pdf,pdfpaint,True,pdfpaint issue5044.pdf opt e10s fission stylo webrender,4767280,77,ms,firefox,457422605,8548578,2024-05-04T19:44:42,278.89,422a6a673019bc0e2dfd459eceee9594246a0a9d,1421318
autoland,5094822,1,1972a98d0a69bbe4fd05a217fd515442dc617628,linux1804-64-shippable-qr,True,False,,,102210fe594ee9b33d82058545b1ed14f4c8206e,issue5044.pdf,pdfpaint,True,pdfpaint issue5044.pdf opt e10s fission stylo webrender,4767280,77,ms,firefox,456996322,6412539,2024-05-05T00:17:27,280.76,1343ec609dea28acb4b297bebd481211e1742b11,1421344
autoland,5094822,1,1972a98d0a69bbe4fd05a217fd515442dc617628,linux1804-64-shippable-qr,True,False,,,102210fe594ee9b33d82058545b1ed14f4c8206e,issue5044.pdf,pdfpaint,True,pdfpaint issue5044.pdf opt e10s fission stylo webrender,4767280,77,ms,firefox,457007637,6505218,2024-05-05T08:06:08,295.57,5c3e0ef9b916432dfc42f800c3c7997f58ae5a63,1421422
autoland,5094822,1,1972a98d0a69bbe4fd05a217fd515442dc617628,linux1804-64-shippable-qr,True,False,,,102210fe594ee9b33d82058545b1ed14f4c8206e,issue5044.pdf,pdfpaint,True,pdfpaint issue5044.pdf opt e10s fission stylo webrender,4767280,77,ms,firefox,457031326,6616516,2024-05-05T13:09:56,279.0,286a373804e5360a54d51ec691ba7bfd02def155,1421444
autoland,5094822,1,1972a98d0a69bbe4fd05a217fd515442dc617628,linux1804-64-shippable-qr,True,False,,,102210fe594ee9b33d82058545b1ed14f4c8206e,issue5044.pdf,pdfpaint,True,pdfpaint issue5044.pdf opt e10s fission stylo webrender,4767280,77,ms,firefox,457036435,6675758,2024-05-05T17:38:00,281.98,a6cb5ac7a79af000e99bf48f04ecb2943fcd3c68,1421459
autoland,5094822,1,1972a98d0a69bbe4fd05a217fd515442dc617628,linux1804-64-shippable-qr,True,False,,,102210fe594ee9b33d82058545b1ed14f4c8206e,issue5044.pdf,pdfpaint,True,pdfpaint issue5044.pdf opt e10s fission stylo webrender,4767280,77,ms,firefox,457563386,9236529,2024-05-05T17:38:00,276.85,a6cb5ac7a79af000e99bf48f04ecb2943fcd3c68,1421459
autoland,5094822,1,1972a98d0a69bbe4fd05a217fd515442dc617628,linux1804-64-shippable-qr,True,False,,,102210fe594ee9b33d82058545b1ed14f4c8206e,issue5044.pdf,pdfpaint,True,pdfpaint issue5044.pdf opt e10s fission stylo webrender,4767280,77,ms,firefox,457563387,9236323,2024-05-05T17:38:00,275.46000000000004,a6cb5ac7a79af000e99bf48f04ecb2943fcd3c68,1421459
autoland,5094822,1,1972a98d0a69bbe4fd05a217fd515442dc617628,linux1804-64-shippable-qr,True,False,,,102210fe594ee9b33d82058545b1ed14f4c8206e,issue5044.pdf,pdfpaint,True,pdfpaint issue5044.pdf opt e10s fission stylo webrender,4767280,77,ms,firefox,457563388,9236633,2024-05-05T17:38:00,270.75,a6cb5ac7a79af000e99bf48f04ecb2943fcd3c68,1421459
autoland,5094822,1,1972a98d0a69bbe4fd05a217fd515442dc617628,linux1804-64-shippable-qr,True,False,,,102210fe594ee9b33d82058545b1ed14f4c8206e,issue5044.pdf,pdfpaint,True,pdfpaint issue5044.pdf opt e10s fission stylo webrender,4767280,77,ms,firefox,457563389,9236863,2024-05-05T17:38:00,279.1,a6cb5ac7a79af000e99bf48f04ecb2943fcd3c68,1421459
autoland,5094822,1,1972a98d0a69bbe4fd05a217fd515442dc617628,linux1804-64-shippable-qr,True,False,,,102210fe594ee9b33d82058545b1ed14f4c8206e,issue5044.pdf,pdfpaint,True,pdfpaint issue5044.pdf opt e10s fission stylo webrender,4767280,77,ms,firefox,457054483,6765724,2024-05-05T22:09:52,277.75,ea67e3b59c22cea8a2c797ce9a6608d3ddeaeca9,1421479
autoland,5094822,1,1972a98d0a69bbe4fd05a217fd515442dc617628,linux1804-64-shippable-qr,True,False,,,102210fe594ee9b33d82058545b1ed14f4c8206e,issue5044.pdf,pdfpaint,True,pdfpaint issue5044.pdf opt e10s fission stylo webrender,4767280,77,ms,firefox,457060416,6825099,2024-05-06T03:19:39,269.83,ab041350c7569b831b00994a96625b9354dcf6b6,1421502
autoland,5094822,1,1972a98d0a69bbe4fd05a217fd515442dc617628,linux1804-64-shippable-qr,True,False,,,102210fe594ee9b33d82058545b1ed14f4c8206e,issue5044.pdf,pdfpaint,True,pdfpaint issue5044.pdf opt e10s fission stylo webrender,4767280,77,ms,firefox,457069519,6887503,2024-05-06T07:31:35,279.12,65e120a9c1dcb9c8f1c8930e808b03aa149eaf40,1421524
autoland,5094822,1,1972a98d0a69bbe4fd05a217fd515442dc617628,linux1804-64-shippable-qr,True,False,,,102210fe594ee9b33d82058545b1ed14f4c8206e,issue5044.pdf,pdfpaint,True,pdfpaint issue5044.pdf opt e10s fission stylo webrender,4767280,77,ms,firefox,457100868,7019443,2024-05-06T11:33:14,279.28999999999996,13b26e8e0e39998b30b388bb6f5d84c0e8067c03,1421623
autoland,5094822,1,1972a98d0a69bbe4fd05a217fd515442dc617628,linux1804-64-shippable-qr,True,False,,,102210fe594ee9b33d82058545b1ed14f4c8206e,issue5044.pdf,pdfpaint,True,pdfpaint issue5044.pdf opt e10s fission stylo webrender,4767280,77,ms,firefox,457131573,7154652,2024-05-06T15:35:21,282.91999999999996,26e8012d5da938871783505e3753b681ab8cb186,1421812
autoland,5094822,1,1972a98d0a69bbe4fd05a217fd515442dc617628,linux1804-64-shippable-qr,True,False,,,102210fe594ee9b33d82058545b1ed14f4c8206e,issue5044.pdf,pdfpaint,True,pdfpaint issue5044.pdf opt e10s fission stylo webrender,4767280,77,ms,firefox,457150130,7243909,2024-05-06T17:44:25,280.8,eb10b86b18adfc70952409e13993f834d33fa099,1421908
autoland,5094822,1,1972a98d0a69bbe4fd05a217fd515442dc617628,linux1804-64-shippable-qr,True,False,,,102210fe594ee9b33d82058545b1ed14f4c8206e,issue5044.pdf,pdfpaint,True,pdfpaint issue5044.pdf opt e10s fission stylo webrender,4767280,77,ms,firefox,457174590,7341282,2024-05-06T20:39:16,271.46,4c7b1942b455d9c365693e5584f7ea86c5b33615,1422073
autoland,5094822,1,1972a98d0a69bbe4fd05a217fd515442dc617628,linux1804-64-shippable-qr,True,False,,,102210fe594ee9b33d82058545b1ed14f4c8206e,issue5044.pdf,pdfpaint,True,pdfpaint issue5044.pdf opt e10s fission stylo webrender,4767280,77,ms,firefox,457211054,7490534,2024-05-07T01:41:54,280.88,945bbd356b57424bcdb359e6d88c48cd03ff2c10,1422278
autoland,5094822,1,1972a98d0a69bbe4fd05a217fd515442dc617628,linux1804-64-shippable-qr,True,False,,,102210fe594ee9b33d82058545b1ed14f4c8206e,issue5044.pdf,pdfpaint,True,pdfpaint issue5044.pdf opt e10s fission stylo webrender,4767280,77,ms,firefox,457224647,7571520,2024-05-07T06:04:59,268.62,80150ac16109a11457c3103e68bf1c7ac29270c0,1422341
autoland,5094822,1,1972a98d0a69bbe4fd05a217fd515442dc617628,linux1804-64-shippable-qr,True,False,,,102210fe594ee9b33d82058545b1ed14f4c8206e,issue5044.pdf,pdfpaint,True,pdfpaint issue5044.pdf opt e10s fission stylo webrender,4767280,77,ms,firefox,457281250,7801586,2024-05-07T10:41:19,271.62,641e15621e7bd2e0e8a2fab82d2b9838e386c3c4,1422484
autoland,5094822,1,1972a98d0a69bbe4fd05a217fd515442dc617628,linux1804-64-shippable-qr,True,False,,,102210fe594ee9b33d82058545b1ed14f4c8206e,issue5044.pdf,pdfpaint,True,pdfpaint issue5044.pdf opt e10s fission stylo webrender,4767280,77,ms,firefox,457313756,7933082,2024-05-07T14:42:49,280.81,0041f761ddff5c598852d2b5cc41772a3a11cd0b,1422671
autoland,5094822,1,1972a98d0a69bbe4fd05a217fd515442dc617628,linux1804-64-shippable-qr,True,False,,,102210fe594ee9b33d82058545b1ed14f4c8206e,issue5044.pdf,pdfpaint,True,pdfpaint issue5044.pdf opt e10s fission stylo webrender,4767280,77,ms,firefox,457345783,8119618,2024-05-07T18:25:44,278.3,425b44586178edae02872c1fbc0220a0b4ff4c1d,1422943
autoland,5094822,1,1972a98d0a69bbe4fd05a217fd515442dc617628,linux1804-64-shippable-qr,True,False,,,102210fe594ee9b33d82058545b1ed14f4c8206e,issue5044.pdf,pdfpaint,True,pdfpaint issue5044.pdf opt e10s fission stylo webrender,4767280,77,ms,firefox,457371962,8305618,2024-05-07T22:14:58,282.32,149e752fdb3fa75a3a02f55e7c7c91f7f704cf8a,1423124
autoland,5094822,1,1972a98d0a69bbe4fd05a217fd515442dc617628,linux1804-64-shippable-qr,True,False,,,102210fe594ee9b33d82058545b1ed14f4c8206e,issue5044.pdf,pdfpaint,True,pdfpaint issue5044.pdf opt e10s fission stylo webrender,4767280,77,ms,firefox,457408851,8448286,2024-05-08T04:41:52,275.5,a0b3e2669a2dc49c467521cb9b7966ca05e3dbc3,1423269
autoland,5094822,1,1972a98d0a69bbe4fd05a217fd515442dc617628,linux1804-64-shippable-qr,True,False,,,102210fe594ee9b33d82058545b1ed14f4c8206e,issue5044.pdf,pdfpaint,True,pdfpaint issue5044.pdf opt e10s fission stylo webrender,4767280,77,ms,firefox,457421201,8528203,2024-05-08T08:48:11,283.96000000000004,bec816ef2f2c29ed86b08bb592d6283618418e16,1423316
autoland,5094822,1,1972a98d0a69bbe4fd05a217fd515442dc617628,linux1804-64-shippable-qr,True,False,,,102210fe594ee9b33d82058545b1ed14f4c8206e,issue5044.pdf,pdfpaint,True,pdfpaint issue5044.pdf opt e10s fission stylo webrender,4767280,77,ms,firefox,457466663,8712314,2024-05-08T13:09:13,275.8,ed7b6f65910afcd687ef5aaa25605666805796bb,1423417
autoland,5094822,1,1972a98d0a69bbe4fd05a217fd515442dc617628,linux1804-64-shippable-qr,True,False,,,102210fe594ee9b33d82058545b1ed14f4c8206e,issue5044.pdf,pdfpaint,True,pdfpaint issue5044.pdf opt e10s fission stylo webrender,4767280,77,ms,firefox,457481696,8770046,2024-05-08T15:06:56,271.61,1ebb69c4b2f06a5c589775b3bb2855e58164a487,1423517
autoland,5094822,1,1972a98d0a69bbe4fd05a217fd515442dc617628,linux1804-64-shippable-qr,True,False,,,102210fe594ee9b33d82058545b1ed14f4c8206e,issue5044.pdf,pdfpaint,True,pdfpaint issue5044.pdf opt e10s fission stylo webrender,4767280,77,ms,firefox,457503856,8908057,2024-05-08T18:58:38,282.1,c07ec5ce9aa1d890134ffb93e07d7d0335f27378,1423722
autoland,5094822,1,1972a98d0a69bbe4fd05a217fd515442dc617628,linux1804-64-shippable-qr,True,False,,,102210fe594ee9b33d82058545b1ed14f4c8206e,issue5044.pdf,pdfpaint,True,pdfpaint issue5044.pdf opt e10s fission stylo webrender,4767280,77,ms,firefox,457542198,9096629,2024-05-08T23:49:41,283.72,01861e5e1b98806940ababc254bb686f52623b40,1423919
autoland,5094822,1,1972a98d0a69bbe4fd05a217fd515442dc617628,linux1804-64-shippable-qr,True,False,,,102210fe594ee9b33d82058545b1ed14f4c8206e,issue5044.pdf,pdfpaint,True,pdfpaint issue5044.pdf opt e10s fission stylo webrender,4767280,77,ms,firefox,457556702,9169457,2024-05-09T04:11:38,282.41999999999996,c0f58fd74e56b24f67fccae08097d151e21a0f80,1423993
autoland,5094822,1,1972a98d0a69bbe4fd05a217fd515442dc617628,linux1804-64-shippable-qr,True,False,,,102210fe594ee9b33d82058545b1ed14f4c8206e,issue5044.pdf,pdfpaint,True,pdfpaint issue5044.pdf opt e10s fission stylo webrender,4767280,77,ms,firefox,457571469,9285571,2024-05-09T08:49:31,278.92,92274e732410e980f3458a3c592415924a307260,1424041
autoland,5094822,1,1972a98d0a69bbe4fd05a217fd515442dc617628,linux1804-64-shippable-qr,True,False,,,102210fe594ee9b33d82058545b1ed14f4c8206e,issue5044.pdf,pdfpaint,True,pdfpaint issue5044.pdf opt e10s fission stylo webrender,4767280,77,ms,firefox,457601612,9405677,2024-05-09T13:14:57,272.85,63503ccafb0395402807ed1da634fa38b3e626ce,1424113
autoland,5094822,1,1972a98d0a69bbe4fd05a217fd515442dc617628,linux1804-64-shippable-qr,True,False,,,102210fe594ee9b33d82058545b1ed14f4c8206e,issue5044.pdf,pdfpaint,True,pdfpaint issue5044.pdf opt e10s fission stylo webrender,4767280,77,ms,firefox,457627483,9513462,2024-05-09T16:49:06,274.43,8f49349eeb0ec5df0e1dd3ddd98423138921a029,1424236
autoland,5094822,1,1972a98d0a69bbe4fd05a217fd515442dc617628,linux1804-64-shippable-qr,True,False,,,102210fe594ee9b33d82058545b1ed14f4c8206e,issue5044.pdf,pdfpaint,True,pdfpaint issue5044.pdf opt e10s fission stylo webrender,4767280,77,ms,firefox,457673542,9713141,2024-05-10T01:48:09,285.84000000000003,63c1eada944ca4fb581301f40dcf9f8c71a72faf,1424449
autoland,5094822,1,1972a98d0a69bbe4fd05a217fd515442dc617628,linux1804-64-shippable-qr,True,False,,,102210fe594ee9b33d82058545b1ed14f4c8206e,issue5044.pdf,pdfpaint,True,pdfpaint issue5044.pdf opt e10s fission stylo webrender,4767280,77,ms,firefox,457682782,9800281,2024-05-10T06:24:19,271.6,4df4e109202ff67836eaa61c66a7c65a2f712e11,1424496
autoland,5094822,1,1972a98d0a69bbe4fd05a217fd515442dc617628,linux1804-64-shippable-qr,True,False,,,102210fe594ee9b33d82058545b1ed14f4c8206e,issue5044.pdf,pdfpaint,True,pdfpaint issue5044.pdf opt e10s fission stylo webrender,4767280,77,ms,firefox,457702338,9937868,2024-05-10T10:32:58,272.47,16c706919fcf22df1fae8499d4c05d7c88de5109,1424596
autoland,5094822,1,1972a98d0a69bbe4fd05a217fd515442dc617628,linux1804-64-shippable-qr,True,False,,,102210fe594ee9b33d82058545b1ed14f4c8206e,issue5044.pdf,pdfpaint,True,pdfpaint issue5044.pdf opt e10s fission stylo webrender,4767280,77,ms,firefox,457724576,10045442,2024-05-10T14:42:49,272.34000000000003,77947807186b6fdeb6a22175f148b4de75f0c13f,1424715
autoland,5094822,1,1972a98d0a69bbe4fd05a217fd515442dc617628,linux1804-64-shippable-qr,True,False,,,102210fe594ee9b33d82058545b1ed14f4c8206e,issue5044.pdf,pdfpaint,True,pdfpaint issue5044.pdf opt e10s fission stylo webrender,4767280,77,ms,firefox,457751466,10129578,2024-05-10T19:04:52,274.44,b09dd768d80e3ba321a5db4a0d534ea0c5385465,1424880
autoland,5094822,1,1972a98d0a69bbe4fd05a217fd515442dc617628,linux1804-64-shippable-qr,True,False,,,102210fe594ee9b33d82058545b1ed14f4c8206e,issue5044.pdf,pdfpaint,True,pdfpaint issue5044.pdf opt e10s fission stylo webrender,4767280,77,ms,firefox,457773819,10274826,2024-05-11T00:21:09,279.2,b97e78c73256d2eb8509d13957dcc69a01a42524,1425017
autoland,5094822,1,1972a98d0a69bbe4fd05a217fd515442dc617628,linux1804-64-shippable-qr,True,False,,,102210fe594ee9b33d82058545b1ed14f4c8206e,issue5044.pdf,pdfpaint,True,pdfpaint issue5044.pdf opt e10s fission stylo webrender,4767280,77,ms,firefox,457798751,10386273,2024-05-11T14:45:49,282.66999999999996,bb523bc0c70b92a37aa40712e0a1943e32ed6292,1425080
autoland,5094822,1,1972a98d0a69bbe4fd05a217fd515442dc617628,linux1804-64-shippable-qr,True,False,,,102210fe594ee9b33d82058545b1ed14f4c8206e,issue5044.pdf,pdfpaint,True,pdfpaint issue5044.pdf opt e10s fission stylo webrender,4767280,77,ms,firefox,457813777,10443516,2024-05-12T00:21:54,270.94,6d2805dd61cb37ade292b230f9ffe14f956f1708,1425090
autoland,5094822,1,1972a98d0a69bbe4fd05a217fd515442dc617628,linux1804-64-shippable-qr,True,False,,,102210fe594ee9b33d82058545b1ed14f4c8206e,issue5044.pdf,pdfpaint,True,pdfpaint issue5044.pdf opt e10s fission stylo webrender,4767280,77,ms,firefox,457837848,10538144,2024-05-12T16:46:56,283.19,45d7400ced7eab36c5e094eabc83333b77bd5212,1425114
autoland,5094822,1,1972a98d0a69bbe4fd05a217fd515442dc617628,linux1804-64-shippable-qr,True,False,,,102210fe594ee9b33d82058545b1ed14f4c8206e,issue5044.pdf,pdfpaint,True,pdfpaint issue5044.pdf opt e10s fission stylo webrender,4767280,77,ms,firefox,457857357,10632618,2024-05-13T00:18:21,277.76,7d78cd997aff7a651b50b19b4a95117acc7fbd5e,1425138
autoland,5094822,1,1972a98d0a69bbe4fd05a217fd515442dc617628,linux1804-64-shippable-qr,True,False,,,102210fe594ee9b33d82058545b1ed14f4c8206e,issue5044.pdf,pdfpaint,True,pdfpaint issue5044.pdf opt e10s fission stylo webrender,4767280,77,ms,firefox,457868261,10697090,2024-05-13T05:40:34,280.55,028d6e7dae26137f7e83b675a467248c1b7e7459,1425171
autoland,5094822,1,1972a98d0a69bbe4fd05a217fd515442dc617628,linux1804-64-shippable-qr,True,False,,,102210fe594ee9b33d82058545b1ed14f4c8206e,issue5044.pdf,pdfpaint,True,pdfpaint issue5044.pdf opt e10s fission stylo webrender,4767280,77,ms,firefox,457890586,10785321,2024-05-13T09:49:27,281.29,1aba283a0c10087922e138bf0eb8169fe0fb0453,1425313
autoland,5094822,1,1972a98d0a69bbe4fd05a217fd515442dc617628,linux1804-64-shippable-qr,True,False,,,102210fe594ee9b33d82058545b1ed14f4c8206e,issue5044.pdf,pdfpaint,True,pdfpaint issue5044.pdf opt e10s fission stylo webrender,4767280,77,ms,firefox,457927508,10946083,2024-05-13T13:39:35,282.6,b6d210063e2361ddf8016764d5686fb759cdc959,1425441
autoland,5094822,1,1972a98d0a69bbe4fd05a217fd515442dc617628,linux1804-64-shippable-qr,True,False,,,102210fe594ee9b33d82058545b1ed14f4c8206e,issue5044.pdf,pdfpaint,True,pdfpaint issue5044.pdf opt e10s fission stylo webrender,4767280,77,ms,firefox,457989667,11269667,2024-05-13T20:35:48,273.62,080acbd234b3d95bed203c9e575f7841db819f01,1425765
autoland,5094822,1,1972a98d0a69bbe4fd05a217fd515442dc617628,linux1804-64-shippable-qr,True,False,,,102210fe594ee9b33d82058545b1ed14f4c8206e,issue5044.pdf,pdfpaint,True,pdfpaint issue5044.pdf opt e10s fission stylo webrender,4767280,77,ms,firefox,458007936,11387993,2024-05-13T23:27:47,277.5,7dcf45990771541f86bb277f9bb02a5eed4fea03,1425894
autoland,5094822,1,1972a98d0a69bbe4fd05a217fd515442dc617628,linux1804-64-shippable-qr,True,False,,,102210fe594ee9b33d82058545b1ed14f4c8206e,issue5044.pdf,pdfpaint,True,pdfpaint issue5044.pdf opt e10s fission stylo webrender,4767280,77,ms,firefox,458026924,11492633,2024-05-14T03:39:07,279.04999999999995,d16ac4c1714c9c7e11450a9e92c001aed043d0d4,1425986
autoland,5094822,1,1972a98d0a69bbe4fd05a217fd515442dc617628,linux1804-64-shippable-qr,True,False,,,102210fe594ee9b33d82058545b1ed14f4c8206e,issue5044.pdf,pdfpaint,True,pdfpaint issue5044.pdf opt e10s fission stylo webrender,4767280,77,ms,firefox,458061869,11722980,2024-05-14T07:54:52,273.35,f0390136ebbeef553f7b365c19300ce28d4179c4,1426102
autoland,5094822,1,1972a98d0a69bbe4fd05a217fd515442dc617628,linux1804-64-shippable-qr,True,False,,,102210fe594ee9b33d82058545b1ed14f4c8206e,issue5044.pdf,pdfpaint,True,pdfpaint issue5044.pdf opt e10s fission stylo webrender,4767280,77,ms,firefox,458098516,11861800,2024-05-14T11:57:58,283.04,8d7fe48731d96d8dd803d469596ddaca6cb5a0ec,1426247
autoland,5094822,1,1972a98d0a69bbe4fd05a217fd515442dc617628,linux1804-64-shippable-qr,True,False,,,102210fe594ee9b33d82058545b1ed14f4c8206e,issue5044.pdf,pdfpaint,True,pdfpaint issue5044.pdf opt e10s fission stylo webrender,4767280,77,ms,firefox,458124157,11969387,2024-05-14T15:33:27,283.76,caca40032c919be5b69aade7259c79cecd91b1a2,1426417
autoland,5094822,1,1972a98d0a69bbe4fd05a217fd515442dc617628,linux1804-64-shippable-qr,True,False,,,102210fe594ee9b33d82058545b1ed14f4c8206e,issue5044.pdf,pdfpaint,True,pdfpaint issue5044.pdf opt e10s fission stylo webrender,4767280,77,ms,firefox,458179123,12187491,2024-05-14T19:46:37,278.99,b2c1906d3f6e950d783cb681442333a5cea96d8f,1426621
autoland,5094822,1,1972a98d0a69bbe4fd05a217fd515442dc617628,linux1804-64-shippable-qr,True,False,,,102210fe594ee9b33d82058545b1ed14f4c8206e,issue5044.pdf,pdfpaint,True,pdfpaint issue5044.pdf opt e10s fission stylo webrender,4767280,77,ms,firefox,458182334,12229916,2024-05-14T21:03:17,288.78,9db188aa6dacbe8e499de5f808c00c672de477a3,1426701
autoland,5094822,1,1972a98d0a69bbe4fd05a217fd515442dc617628,linux1804-64-shippable-qr,True,False,,,102210fe594ee9b33d82058545b1ed14f4c8206e,issue5044.pdf,pdfpaint,True,pdfpaint issue5044.pdf opt e10s fission stylo webrender,4767280,77,ms,firefox,458189618,12255590,2024-05-14T21:35:52,280.76,8f2cbb280731a94a6c9281f99425c40858de6a3f,1426752
autoland,5094822,1,1972a98d0a69bbe4fd05a217fd515442dc617628,linux1804-64-shippable-qr,True,False,,,102210fe594ee9b33d82058545b1ed14f4c8206e,issue5044.pdf,pdfpaint,True,pdfpaint issue5044.pdf opt e10s fission stylo webrender,4767280,77,ms,firefox,458219301,12460362,2024-05-15T03:28:49,283.23,d1e48e814ff55a857965d9acb56baf1f3c5c1b9a,1426897
autoland,5094822,1,1972a98d0a69bbe4fd05a217fd515442dc617628,linux1804-64-shippable-qr,True,False,,,102210fe594ee9b33d82058545b1ed14f4c8206e,issue5044.pdf,pdfpaint,True,pdfpaint issue5044.pdf opt e10s fission stylo webrender,4767280,77,ms,firefox,458237625,12563907,2024-05-15T05:56:14,295.53,7a03e71dc0a13a5213cac25a053dd7ef56ea33ad,1426953
autoland,5094822,1,1972a98d0a69bbe4fd05a217fd515442dc617628,linux1804-64-shippable-qr,True,False,,,102210fe594ee9b33d82058545b1ed14f4c8206e,issue5044.pdf,pdfpaint,True,pdfpaint issue5044.pdf opt e10s fission stylo webrender,4767280,77,ms,firefox,458274077,12695765,2024-05-15T10:31:04,283.12,32e2d80f1703e05cced1b86c6a3fce6034763816,1427130
autoland,5094822,1,1972a98d0a69bbe4fd05a217fd515442dc617628,linux1804-64-shippable-qr,True,False,,,102210fe594ee9b33d82058545b1ed14f4c8206e,issue5044.pdf,pdfpaint,True,pdfpaint issue5044.pdf opt e10s fission stylo webrender,4767280,77,ms,firefox,458310955,12780721,2024-05-15T12:49:26,273.22,d0e5aee15a6aed29eb8bc65a0af90b963d967526,1427226
autoland,5094822,1,1972a98d0a69bbe4fd05a217fd515442dc617628,linux1804-64-shippable-qr,True,False,,,102210fe594ee9b33d82058545b1ed14f4c8206e,issue5044.pdf,pdfpaint,True,pdfpaint issue5044.pdf opt e10s fission stylo webrender,4767280,77,ms,firefox,458336721,12884149,2024-05-15T16:49:59,283.7,5859e06f261afa608d8033428609bdbd4bfab5fe,1427464
autoland,5094822,1,1972a98d0a69bbe4fd05a217fd515442dc617628,linux1804-64-shippable-qr,True,False,,,102210fe594ee9b33d82058545b1ed14f4c8206e,issue5044.pdf,pdfpaint,True,pdfpaint issue5044.pdf opt e10s fission stylo webrender,4767280,77,ms,firefox,458353355,12957498,2024-05-15T19:23:39,273.26,6459cc1b5bbf309f81d99ed4f39bb0017c58c872,1427624
autoland,5094822,1,1972a98d0a69bbe4fd05a217fd515442dc617628,linux1804-64-shippable-qr,True,False,,,102210fe594ee9b33d82058545b1ed14f4c8206e,issue5044.pdf,pdfpaint,True,pdfpaint issue5044.pdf opt e10s fission stylo webrender,4767280,77,ms,firefox,458375668,13056230,2024-05-15T21:33:46,278.76,4cf620b67822db457052e7baef70556c509161dc,1427719
autoland,5094822,1,1972a98d0a69bbe4fd05a217fd515442dc617628,linux1804-64-shippable-qr,True,False,,,102210fe594ee9b33d82058545b1ed14f4c8206e,issue5044.pdf,pdfpaint,True,pdfpaint issue5044.pdf opt e10s fission stylo webrender,4767280,77,ms,firefox,458389090,13151564,2024-05-15T23:55:24,282.15,886703fab6d0a65511ef1eb95df0b1dc134bfe90,1427802
autoland,5094822,1,1972a98d0a69bbe4fd05a217fd515442dc617628,linux1804-64-shippable-qr,True,False,,,102210fe594ee9b33d82058545b1ed14f4c8206e,issue5044.pdf,pdfpaint,True,pdfpaint issue5044.pdf opt e10s fission stylo webrender,4767280,77,ms,firefox,458398400,13217468,2024-05-16T04:18:06,279.1,1a3eb3733a05c61fee90fbd2325013c0b6672817,1427876
autoland,5094822,1,1972a98d0a69bbe4fd05a217fd515442dc617628,linux1804-64-shippable-qr,True,False,,,102210fe594ee9b33d82058545b1ed14f4c8206e,issue5044.pdf,pdfpaint,True,pdfpaint issue5044.pdf opt e10s fission stylo webrender,4767280,77,ms,firefox,458421864,13310244,2024-05-16T08:25:07,273.07000000000005,b2831e0fe4b6f9dfa55a63f1b3a010089037a20e,1427953
autoland,5094822,1,1972a98d0a69bbe4fd05a217fd515442dc617628,linux1804-64-shippable-qr,True,False,,,102210fe594ee9b33d82058545b1ed14f4c8206e,issue5044.pdf,pdfpaint,True,pdfpaint issue5044.pdf opt e10s fission stylo webrender,4767280,77,ms,firefox,458467569,13489072,2024-05-16T12:27:23,273.09000000000003,f956d7e03a822a09fbb84e9b474db8e0167095f1,1428125
autoland,5094822,1,1972a98d0a69bbe4fd05a217fd515442dc617628,linux1804-64-shippable-qr,True,False,,,102210fe594ee9b33d82058545b1ed14f4c8206e,issue5044.pdf,pdfpaint,True,pdfpaint issue5044.pdf opt e10s fission stylo webrender,4767280,77,ms,firefox,458498018,13610518,2024-05-16T15:34:48,280.56,0bf6bf2b89215ce4dfa2eec4b0f33414c25fb677,1428335
autoland,5094822,1,1972a98d0a69bbe4fd05a217fd515442dc617628,linux1804-64-shippable-qr,True,False,,,102210fe594ee9b33d82058545b1ed14f4c8206e,issue5044.pdf,pdfpaint,True,pdfpaint issue5044.pdf opt e10s fission stylo webrender,4767280,77,ms,firefox,458525137,13737604,2024-05-16T19:22:25,275.29999999999995,3c10888bfd6a7774b3c7e7a7b0fef9861728b3d1,1428534
autoland,5094822,1,1972a98d0a69bbe4fd05a217fd515442dc617628,linux1804-64-shippable-qr,True,False,,,102210fe594ee9b33d82058545b1ed14f4c8206e,issue5044.pdf,pdfpaint,True,pdfpaint issue5044.pdf opt e10s fission stylo webrender,4767280,77,ms,firefox,458549418,13860633,2024-05-16T23:54:47,269.36,f8c3cb93acca412025e1f410c530193b416a488e,1428660
autoland,5094822,1,1972a98d0a69bbe4fd05a217fd515442dc617628,linux1804-64-shippable-qr,True,False,,,102210fe594ee9b33d82058545b1ed14f4c8206e,issue5044.pdf,pdfpaint,True,pdfpaint issue5044.pdf opt e10s fission stylo webrender,4767280,77,ms,firefox,458575222,14057319,2024-05-17T06:23:39,271.20000000000005,87127891d2401aaf9f6aa65bff25f9f6952131a2,1428776
autoland,5094822,1,1972a98d0a69bbe4fd05a217fd515442dc617628,linux1804-64-shippable-qr,True,False,,,102210fe594ee9b33d82058545b1ed14f4c8206e,issue5044.pdf,pdfpaint,True,pdfpaint issue5044.pdf opt e10s fission stylo webrender,4767280,77,ms,firefox,458655887,14371430,2024-05-17T13:29:16,274.73,76f8ca9a4f69b4a5c6c95975f31db9f94c534bb7,1429038
autoland,5094822,1,1972a98d0a69bbe4fd05a217fd515442dc617628,linux1804-64-shippable-qr,True,False,,,102210fe594ee9b33d82058545b1ed14f4c8206e,issue5044.pdf,pdfpaint,True,pdfpaint issue5044.pdf opt e10s fission stylo webrender,4767280,77,ms,firefox,458667920,14454232,2024-05-17T16:28:32,272.28999999999996,f35859c2fd56665ad31bcc859c08cca0d52ee800,1429195
autoland,5094822,1,1972a98d0a69bbe4fd05a217fd515442dc617628,linux1804-64-shippable-qr,True,False,,,102210fe594ee9b33d82058545b1ed14f4c8206e,issue5044.pdf,pdfpaint,True,pdfpaint issue5044.pdf opt e10s fission stylo webrender,4767280,77,ms,firefox,458687498,14541400,2024-05-17T20:54:26,272.51,c3684190adbc44f6a677655b9094e9873c858dad,1429356
autoland,5094822,1,1972a98d0a69bbe4fd05a217fd515442dc617628,linux1804-64-shippable-qr,True,False,,,102210fe594ee9b33d82058545b1ed14f4c8206e,issue5044.pdf,pdfpaint,True,pdfpaint issue5044.pdf opt e10s fission stylo webrender,4767280,77,ms,firefox,458709176,14633188,2024-05-18T01:00:41,269.76,c27d5c9ab44203673cf253307414a515b32e1e6d,1429422
autoland,5094822,1,1972a98d0a69bbe4fd05a217fd515442dc617628,linux1804-64-shippable-qr,True,False,,,102210fe594ee9b33d82058545b1ed14f4c8206e,issue5044.pdf,pdfpaint,True,pdfpaint issue5044.pdf opt e10s fission stylo webrender,4767280,77,ms,firefox,458717456,14726232,2024-05-18T06:51:49,280.32,9740ed99a9e5a25524915ab324b8110b2b998873,1429461
autoland,5094822,1,1972a98d0a69bbe4fd05a217fd515442dc617628,linux1804-64-shippable-qr,True,False,,,102210fe594ee9b33d82058545b1ed14f4c8206e,issue5044.pdf,pdfpaint,True,pdfpaint issue5044.pdf opt e10s fission stylo webrender,4767280,77,ms,firefox,458747373,14861206,2024-05-18T12:19:37,271.5,8b79b70511d76ab73ec7a45851ca71cf9a4eabc0,1429485
autoland,5094822,1,1972a98d0a69bbe4fd05a217fd515442dc617628,linux1804-64-shippable-qr,True,False,,,102210fe594ee9b33d82058545b1ed14f4c8206e,issue5044.pdf,pdfpaint,True,pdfpaint issue5044.pdf opt e10s fission stylo webrender,4767280,77,ms,firefox,458753491,14892572,2024-05-18T16:50:22,272.59000000000003,45fdca469c57e83b966c98bdb9cd62d7b38c841e,1429522
autoland,5094822,1,1972a98d0a69bbe4fd05a217fd515442dc617628,linux1804-64-shippable-qr,True,False,,,102210fe594ee9b33d82058545b1ed14f4c8206e,issue5044.pdf,pdfpaint,True,pdfpaint issue5044.pdf opt e10s fission stylo webrender,4767280,77,ms,firefox,458772734,14976362,2024-05-19T00:22:14,280.57,185fc83e1e895146858126be053b4208ffd3bbcf,1429576
autoland,5094822,1,1972a98d0a69bbe4fd05a217fd515442dc617628,linux1804-64-shippable-qr,True,False,,,102210fe594ee9b33d82058545b1ed14f4c8206e,issue5044.pdf,pdfpaint,True,pdfpaint issue5044.pdf opt e10s fission stylo webrender,4767280,77,ms,firefox,458803326,15131995,2024-05-19T18:53:48,284.35,b4ee96f483f29890ab46ebd291e34040c716dcff,1429650
autoland,5094822,1,1972a98d0a69bbe4fd05a217fd515442dc617628,linux1804-64-shippable-qr,True,False,,,102210fe594ee9b33d82058545b1ed14f4c8206e,issue5044.pdf,pdfpaint,True,pdfpaint issue5044.pdf opt e10s fission stylo webrender,4767280,77,ms,firefox,458825012,15229495,2024-05-19T23:03:30,275.01,bf7ada75a309d1bf064046c029cd884846540599,1429677
autoland,5094822,1,1972a98d0a69bbe4fd05a217fd515442dc617628,linux1804-64-shippable-qr,True,False,,,102210fe594ee9b33d82058545b1ed14f4c8206e,issue5044.pdf,pdfpaint,True,pdfpaint issue5044.pdf opt e10s fission stylo webrender,4767280,77,ms,firefox,458830928,15284362,2024-05-20T03:13:12,239.92000000000002,9142f728c689228ac4b5a2f55b2d50a3c5440d1b,1429694
autoland,5094822,1,1972a98d0a69bbe4fd05a217fd515442dc617628,linux1804-64-shippable-qr,True,False,,,102210fe594ee9b33d82058545b1ed14f4c8206e,issue5044.pdf,pdfpaint,True,pdfpaint issue5044.pdf opt e10s fission stylo webrender,4767280,77,ms,firefox,458844971,15391858,2024-05-20T08:40:09,270.96000000000004,c732a1a31a39e28193867c3a6de83cab644345f7,1429741
autoland,5094822,1,1972a98d0a69bbe4fd05a217fd515442dc617628,linux1804-64-shippable-qr,True,False,,,102210fe594ee9b33d82058545b1ed14f4c8206e,issue5044.pdf,pdfpaint,True,pdfpaint issue5044.pdf opt e10s fission stylo webrender,4767280,77,ms,firefox,458898635,15595602,2024-05-20T12:49:29,279.31,daa6ef79820feaf04f4d2f8319c42e613170a955,1429816
autoland,5094822,1,1972a98d0a69bbe4fd05a217fd515442dc617628,linux1804-64-shippable-qr,True,False,,,102210fe594ee9b33d82058545b1ed14f4c8206e,issue5044.pdf,pdfpaint,True,pdfpaint issue5044.pdf opt e10s fission stylo webrender,4767280,77,ms,firefox,458909889,15646209,2024-05-20T17:09:38,271.0,f8896c7e1f0e021d1afc9e6075779e6a19816eee,1430008
autoland,5094822,1,1972a98d0a69bbe4fd05a217fd515442dc617628,linux1804-64-shippable-qr,True,False,,,102210fe594ee9b33d82058545b1ed14f4c8206e,issue5044.pdf,pdfpaint,True,pdfpaint issue5044.pdf opt e10s fission stylo webrender,4767280,77,ms,firefox,458931119,15799239,2024-05-20T19:25:17,281.82,bcf84db0ae30bc4d2f32dc5978791710401b7f74,1430088
autoland,5094822,1,1972a98d0a69bbe4fd05a217fd515442dc617628,linux1804-64-shippable-qr,True,False,,,102210fe594ee9b33d82058545b1ed14f4c8206e,issue5044.pdf,pdfpaint,True,pdfpaint issue5044.pdf opt e10s fission stylo webrender,4767280,77,ms,firefox,458953162,15928095,2024-05-21T00:44:36,286.32,6919ad3b088665854fe77e203c556b51c8043a19,1430230
autoland,5094822,1,1972a98d0a69bbe4fd05a217fd515442dc617628,linux1804-64-shippable-qr,True,False,,,102210fe594ee9b33d82058545b1ed14f4c8206e,issue5044.pdf,pdfpaint,True,pdfpaint issue5044.pdf opt e10s fission stylo webrender,4767280,77,ms,firefox,458966492,16047347,2024-05-21T05:46:38,282.0,09318e94742ecb1dfa27855d03d6acea7465a237,1430275
autoland,5094822,1,1972a98d0a69bbe4fd05a217fd515442dc617628,linux1804-64-shippable-qr,True,False,,,102210fe594ee9b33d82058545b1ed14f4c8206e,issue5044.pdf,pdfpaint,True,pdfpaint issue5044.pdf opt e10s fission stylo webrender,4767280,77,ms,firefox,459005653,16313166,2024-05-21T09:51:03,282.55,2c85e75f63a911c3aafc7099c431d16d690afd69,1430376
autoland,5094822,1,1972a98d0a69bbe4fd05a217fd515442dc617628,linux1804-64-shippable-qr,True,False,,,102210fe594ee9b33d82058545b1ed14f4c8206e,issue5044.pdf,pdfpaint,True,pdfpaint issue5044.pdf opt e10s fission stylo webrender,4767280,77,ms,firefox,459050041,16579458,2024-05-21T14:27:45,283.12,10c1e15b136a2ddea929ddb6bac978a2197f0990,1430566
autoland,5094822,1,1972a98d0a69bbe4fd05a217fd515442dc617628,linux1804-64-shippable-qr,True,False,,,102210fe594ee9b33d82058545b1ed14f4c8206e,issue5044.pdf,pdfpaint,True,pdfpaint issue5044.pdf opt e10s fission stylo webrender,4767280,77,ms,firefox,459088314,16798245,2024-05-21T18:17:13,280.39,d5973c82a614aacd1c24df2ec76d8539bd40238d,1430753
autoland,5094822,1,1972a98d0a69bbe4fd05a217fd515442dc617628,linux1804-64-shippable-qr,True,False,,,102210fe594ee9b33d82058545b1ed14f4c8206e,issue5044.pdf,pdfpaint,True,pdfpaint issue5044.pdf opt e10s fission stylo webrender,4767280,77,ms,firefox,459088923,16809088,2024-05-21T21:02:30,273.76,c1b0539b81b478faa5861fe40dddb61f7c27e539,1430863
autoland,5094822,1,1972a98d0a69bbe4fd05a217fd515442dc617628,linux1804-64-shippable-qr,True,False,,,102210fe594ee9b33d82058545b1ed14f4c8206e,issue5044.pdf,pdfpaint,True,pdfpaint issue5044.pdf opt e10s fission stylo webrender,4767280,77,ms,firefox,459114382,16903274,2024-05-22T01:04:42,272.51,80ae2c7908e4cc558336a6f6a78097d9c2c9317d,1430997
autoland,5094822,1,1972a98d0a69bbe4fd05a217fd515442dc617628,linux1804-64-shippable-qr,True,False,,,102210fe594ee9b33d82058545b1ed14f4c8206e,issue5044.pdf,pdfpaint,True,pdfpaint issue5044.pdf opt e10s fission stylo webrender,4767280,77,ms,firefox,459135521,17067131,2024-05-22T06:04:16,283.83,3eacabfd2f53de306d070d5407b9123cdb54403f,1431071
autoland,5094822,1,1972a98d0a69bbe4fd05a217fd515442dc617628,linux1804-64-shippable-qr,True,False,,,102210fe594ee9b33d82058545b1ed14f4c8206e,issue5044.pdf,pdfpaint,True,pdfpaint issue5044.pdf opt e10s fission stylo webrender,4767280,77,ms,firefox,459182094,17245635,2024-05-22T10:45:41,280.02,23e74f68a670b162cd96bafbf45ea1bc1c62e754,1431245
autoland,5094822,1,1972a98d0a69bbe4fd05a217fd515442dc617628,linux1804-64-shippable-qr,True,False,,,102210fe594ee9b33d82058545b1ed14f4c8206e,issue5044.pdf,pdfpaint,True,pdfpaint issue5044.pdf opt e10s fission stylo webrender,4767280,77,ms,firefox,459236693,17471225,2024-05-22T15:11:59,271.74,d51657b0bbcc7a297d7e69af51844e07f5bc7ccc,1431449
autoland,5094822,1,1972a98d0a69bbe4fd05a217fd515442dc617628,linux1804-64-shippable-qr,True,False,,,102210fe594ee9b33d82058545b1ed14f4c8206e,issue5044.pdf,pdfpaint,True,pdfpaint issue5044.pdf opt e10s fission stylo webrender,4767280,77,ms,firefox,459263977,17633927,2024-05-22T19:42:05,274.62,e8f156027b8630baf5944740a80ef83d3694f0ab,1431719
autoland,5094822,1,1972a98d0a69bbe4fd05a217fd515442dc617628,linux1804-64-shippable-qr,True,False,,,102210fe594ee9b33d82058545b1ed14f4c8206e,issue5044.pdf,pdfpaint,True,pdfpaint issue5044.pdf opt e10s fission stylo webrender,4767280,77,ms,firefox,459289491,17782462,2024-05-22T23:17:46,287.05,25b8ec912ef6cca7c6dbd1ddf6927aaa7494aaf1,1431837
autoland,5094822,1,1972a98d0a69bbe4fd05a217fd515442dc617628,linux1804-64-shippable-qr,True,False,,,102210fe594ee9b33d82058545b1ed14f4c8206e,issue5044.pdf,pdfpaint,True,pdfpaint issue5044.pdf opt e10s fission stylo webrender,4767280,77,ms,firefox,459301419,17882725,2024-05-23T03:34:39,283.59000000000003,9b1a6927a89c8cf7997737b09f85c69d260daf7e,1431902
autoland,5094822,1,1972a98d0a69bbe4fd05a217fd515442dc617628,linux1804-64-shippable-qr,True,False,,,102210fe594ee9b33d82058545b1ed14f4c8206e,issue5044.pdf,pdfpaint,True,pdfpaint issue5044.pdf opt e10s fission stylo webrender,4767280,77,ms,firefox,459319383,18077137,2024-05-23T07:36:30,278.49,3202a06939c4312c17408f78f9cb0fa5caca1350,1431962
autoland,5094822,1,1972a98d0a69bbe4fd05a217fd515442dc617628,linux1804-64-shippable-qr,True,False,,,102210fe594ee9b33d82058545b1ed14f4c8206e,issue5044.pdf,pdfpaint,True,pdfpaint issue5044.pdf opt e10s fission stylo webrender,4767280,77,ms,firefox,459360107,18283662,2024-05-23T11:55:12,282.42999999999995,42f8b13731a592d1a25e662692cbd82cee5012e0,1432088
autoland,5094822,1,1972a98d0a69bbe4fd05a217fd515442dc617628,linux1804-64-shippable-qr,True,False,,,102210fe594ee9b33d82058545b1ed14f4c8206e,issue5044.pdf,pdfpaint,True,pdfpaint issue5044.pdf opt e10s fission stylo webrender,4767280,77,ms,firefox,459396325,18413050,2024-05-23T16:05:29,269.99,f6745f7b07d46db22b923031edac8ab24b1b6825,1432216
autoland,5094822,1,1972a98d0a69bbe4fd05a217fd515442dc617628,linux1804-64-shippable-qr,True,False,,,102210fe594ee9b33d82058545b1ed14f4c8206e,issue5044.pdf,pdfpaint,True,pdfpaint issue5044.pdf opt e10s fission stylo webrender,4767280,77,ms,firefox,459403065,18502638,2024-05-23T17:53:40,270.33000000000004,001fbc2ff43017578828adce0c9b3ad4b7e3076d,1432303
autoland,5094822,1,1972a98d0a69bbe4fd05a217fd515442dc617628,linux1804-64-shippable-qr,True,False,,,102210fe594ee9b33d82058545b1ed14f4c8206e,issue5044.pdf,pdfpaint,True,pdfpaint issue5044.pdf opt e10s fission stylo webrender,4767280,77,ms,firefox,459427095,18659929,2024-05-23T21:11:24,281.29999999999995,4593c7cfe72ecf9919bfe10c5334e0a398d6b367,1432466
