,revision,value,repository_name,signature_id,framework_id,signature_hash,machine_platform,should_alert,has_subtests,extra_options,tags,option_collection_hash,test,suite,lower_is_better,name,parent_signature,repository_id,measurement_unit,application,job_id,entry_id,push_timestamp,push_id,single_alert_new_value,single_alert_classifier,alert_summary_prev_push_revision,alert_summary_id,single_alert_amount_pct,single_alert_prev_value,alert_summary_first_triaged,alert_summary_framework,single_alert_series_signature_framework_id,single_alert_series_signature_suite_public_name,alert_summary_related_alerts,single_alert_taskcluster_metadata_retry_id,alert_summary_prev_push_id,alert_summary_status,single_alert_status,alert_summary_assignee_username,single_alert_prev_taskcluster_metadata_task_id,alert_summary_bug_number,alert_summary_bug_due_date,single_alert_series_signature_test_public_name,alert_summary_issue_tracker,single_alert_amount_abs,single_alert_id,single_alert_taskcluster_metadata_task_id,single_alert_backfill_record_total_backfills_successful,single_alert_summary_id,single_alert_prev_taskcluster_metadata_retry_id,single_alert_is_regression,single_alert_manually_created,single_alert_classifier_email,single_alert_backfill_record_total_backfills_failed,single_alert_backfill_record_total_actions_triggered,alert_summary_assignee_email,alert_summary_creation_timestamp,single_alert_prev_profile_url,alert_summary_notes,single_alert_noise_profile,single_alert_related_summary_id,alert_summary_bug_updated,single_alert_profile_url,single_alert_backfill_record_context,single_alert_starred,single_alert_backfill_record_total_backfills_in_progress,single_alert_t_value,single_alert_series_signature_suite,single_alert_backfill_record_status,single_alert_series_signature_tags,alert_summary_triage_due_date,alert_summary_status_general
0,1db51625512e546534a6a7352ff4ff3b9c48d713,0.29508929445056764,autoland,4768104,12,53390121d39b212135aaffcd577053a14c7f0dff,linux1804-64-shippable-qr,True,False,,,102210fe594ee9b33d82058545b1ed14f4c8206e,custom.jsdebugger.stepOut.DAMP,damp,True,damp custom.jsdebugger.stepOut.DAMP opt e10s fission stylo webrender,4767202,77,ms,firefox,,1700016579,2023-05-24 10:49:25,1245770,,,,,,,,,,,,,,,,,,,,,,,,,,,,,,,,,,,,,,,,,,,,,,,,,TN
1,6a96bb1f430f92b83cc31f74db4e4c1f71e155e5,0.2941747649290851,autoland,4768104,12,53390121d39b212135aaffcd577053a14c7f0dff,linux1804-64-shippable-qr,True,False,,,102210fe594ee9b33d82058545b1ed14f4c8206e,custom.jsdebugger.stepOut.DAMP,damp,True,damp custom.jsdebugger.stepOut.DAMP opt e10s fission stylo webrender,4767202,77,ms,firefox,,1700085779,2023-05-24 13:34:40,1245871,,,,,,,,,,,,,,,,,,,,,,,,,,,,,,,,,,,,,,,,,,,,,,,,,TN
2,b9da43bde2c92655235855f4bb966f7a2537eafa,0.29014272833359755,autoland,4768104,12,53390121d39b212135aaffcd577053a14c7f0dff,linux1804-64-shippable-qr,True,False,,,102210fe594ee9b33d82058545b1ed14f4c8206e,custom.jsdebugger.stepOut.DAMP,damp,True,damp custom.jsdebugger.stepOut.DAMP opt e10s fission stylo webrender,4767202,77,ms,firefox,,1700206823,2023-05-24 17:26:23,1246058,,,,,,,,,,,,,,,,,,,,,,,,,,,,,,,,,,,,,,,,,,,,,,,,,TN
3,468123d0735b96f7486f1e1a4de373e3dd7520bd,0.2940338534694773,autoland,4768104,12,53390121d39b212135aaffcd577053a14c7f0dff,linux1804-64-shippable-qr,True,False,,,102210fe594ee9b33d82058545b1ed14f4c8206e,custom.jsdebugger.stepOut.DAMP,damp,True,damp custom.jsdebugger.stepOut.DAMP opt e10s fission stylo webrender,4767202,77,ms,firefox,,1700307513,2023-05-24 21:30:03,1246204,,,,,,,,,,,,,,,,,,,,,,,,,,,,,,,,,,,,,,,,,,,,,,,,,TN
4,c1577427eba79d954813d300bfe6d4f09e0249f0,0.28743510684697515,autoland,4768104,12,53390121d39b212135aaffcd577053a14c7f0dff,linux1804-64-shippable-qr,True,False,,,102210fe594ee9b33d82058545b1ed14f4c8206e,custom.jsdebugger.stepOut.DAMP,damp,True,damp custom.jsdebugger.stepOut.DAMP opt e10s fission stylo webrender,4767202,77,ms,firefox,,1700410106,2023-05-25 01:52:13,1246339,,,,,,,,,,,,,,,,,,,,,,,,,,,,,,,,,,,,,,,,,,,,,,,,,TN
5,ee3230b1fe26e5521d07465dcab71e75d586e422,0.30109766136258465,autoland,4768104,12,53390121d39b212135aaffcd577053a14c7f0dff,linux1804-64-shippable-qr,True,False,,,102210fe594ee9b33d82058545b1ed14f4c8206e,custom.jsdebugger.stepOut.DAMP,damp,True,damp custom.jsdebugger.stepOut.DAMP opt e10s fission stylo webrender,4767202,77,ms,firefox,,1700472908,2023-05-25 06:53:28,1246434,,,,,,,,,,,,,,,,,,,,,,,,,,,,,,,,,,,,,,,,,,,,,,,,,TN
6,0cd7e9f3c07773af459b1d5676b4f14a1a4c2844,0.2822891003030614,autoland,4768104,12,53390121d39b212135aaffcd577053a14c7f0dff,linux1804-64-shippable-qr,True,False,,,102210fe594ee9b33d82058545b1ed14f4c8206e,custom.jsdebugger.stepOut.DAMP,damp,True,damp custom.jsdebugger.stepOut.DAMP opt e10s fission stylo webrender,4767202,77,ms,firefox,,1700524356,2023-05-25 09:03:58,1246517,,,,,,,,,,,,,,,,,,,,,,,,,,,,,,,,,,,,,,,,,,,,,,,,,TN
7,09f3ed0c8776aaa707aab014022efa3a16e01a6e,0.2173158092960512,autoland,4768104,12,53390121d39b212135aaffcd577053a14c7f0dff,linux1804-64-shippable-qr,True,False,,,102210fe594ee9b33d82058545b1ed14f4c8206e,custom.jsdebugger.stepOut.DAMP,damp,True,damp custom.jsdebugger.stepOut.DAMP opt e10s fission stylo webrender,4767202,77,ms,firefox,,1700632416,2023-05-25 13:17:19,1246661,,,,,,,,,,,,,,,,,,,,,,,,,,,,,,,,,,,,,,,,,,,,,,,,,TN
8,6e07dad252683bcc1ed82d6a973adda9b490af1f,0.2969455285085312,autoland,4768104,12,53390121d39b212135aaffcd577053a14c7f0dff,linux1804-64-shippable-qr,True,False,,,102210fe594ee9b33d82058545b1ed14f4c8206e,custom.jsdebugger.stepOut.DAMP,damp,True,damp custom.jsdebugger.stepOut.DAMP opt e10s fission stylo webrender,4767202,77,ms,firefox,,1700653592,2023-05-25 13:25:13,1246670,,,,,,,,,,,,,,,,,,,,,,,,,,,,,,,,,,,,,,,,,,,,,,,,,TN
9,4971297a8917c4ce5f9136ebb0c82cde74eb50c4,0.29786520768090363,autoland,4768104,12,53390121d39b212135aaffcd577053a14c7f0dff,linux1804-64-shippable-qr,True,False,,,102210fe594ee9b33d82058545b1ed14f4c8206e,custom.jsdebugger.stepOut.DAMP,damp,True,damp custom.jsdebugger.stepOut.DAMP opt e10s fission stylo webrender,4767202,77,ms,firefox,,1700751110,2023-05-25 17:00:24,1246837,,,,,,,,,,,,,,,,,,,,,,,,,,,,,,,,,,,,,,,,,,,,,,,,,TN
10,6d91b4ed2bb8fbe97d7f5fcf7cad0e6f2bb6ad2f,0.27945867608501906,autoland,4768104,12,53390121d39b212135aaffcd577053a14c7f0dff,linux1804-64-shippable-qr,True,False,,,102210fe594ee9b33d82058545b1ed14f4c8206e,custom.jsdebugger.stepOut.DAMP,damp,True,damp custom.jsdebugger.stepOut.DAMP opt e10s fission stylo webrender,4767202,77,ms,firefox,,1700918874,2023-05-25 20:49:35,1247021,,,,,,,,,,,,,,,,,,,,,,,,,,,,,,,,,,,,,,,,,,,,,,,,,TN
11,d49f009b89ad3ae1616d96cb1d2d9234ef3f6cda,0.28876182404762774,autoland,4768104,12,53390121d39b212135aaffcd577053a14c7f0dff,linux1804-64-shippable-qr,True,False,,,102210fe594ee9b33d82058545b1ed14f4c8206e,custom.jsdebugger.stepOut.DAMP,damp,True,damp custom.jsdebugger.stepOut.DAMP opt e10s fission stylo webrender,4767202,77,ms,firefox,,1701038497,2023-05-26 00:58:32,1247180,,,,,,,,,,,,,,,,,,,,,,,,,,,,,,,,,,,,,,,,,,,,,,,,,TN
12,ffc18acbe9c027a3d6c960322b40a9d0576af311,0.3008110335596461,autoland,4768104,12,53390121d39b212135aaffcd577053a14c7f0dff,linux1804-64-shippable-qr,True,False,,,102210fe594ee9b33d82058545b1ed14f4c8206e,custom.jsdebugger.stepOut.DAMP,damp,True,damp custom.jsdebugger.stepOut.DAMP opt e10s fission stylo webrender,4767202,77,ms,firefox,,1701138435,2023-05-26 04:58:44,1247241,,,,,,,,,,,,,,,,,,,,,,,,,,,,,,,,,,,,,,,,,,,,,,,,,TN
13,35f77e2aafb53fdda81c118a9ea61aefdacd61b4,0.2821513672600373,autoland,4768104,12,53390121d39b212135aaffcd577053a14c7f0dff,linux1804-64-shippable-qr,True,False,,,102210fe594ee9b33d82058545b1ed14f4c8206e,custom.jsdebugger.stepOut.DAMP,damp,True,damp custom.jsdebugger.stepOut.DAMP opt e10s fission stylo webrender,4767202,77,ms,firefox,,1701217955,2023-05-26 08:30:04,1247293,,,,,,,,,,,,,,,,,,,,,,,,,,,,,,,,,,,,,,,,,,,,,,,,,TN
14,3999253a6a3dc448416b9a73377e8599ca6bd022,0.28370346390702594,autoland,4768104,12,53390121d39b212135aaffcd577053a14c7f0dff,linux1804-64-shippable-qr,True,False,,,102210fe594ee9b33d82058545b1ed14f4c8206e,custom.jsdebugger.stepOut.DAMP,damp,True,damp custom.jsdebugger.stepOut.DAMP opt e10s fission stylo webrender,4767202,77,ms,firefox,,1701350989,2023-05-26 12:58:50,1247437,,,,,,,,,,,,,,,,,,,,,,,,,,,,,,,,,,,,,,,,,,,,,,,,,TN
15,bb19012006135abc7ddd72be3cd269be7ef114b5,0.2936951409662638,autoland,4768104,12,53390121d39b212135aaffcd577053a14c7f0dff,linux1804-64-shippable-qr,True,False,,,102210fe594ee9b33d82058545b1ed14f4c8206e,custom.jsdebugger.stepOut.DAMP,damp,True,damp custom.jsdebugger.stepOut.DAMP opt e10s fission stylo webrender,4767202,77,ms,firefox,,1701382664,2023-05-26 13:11:40,1247444,,,,,,,,,,,,,,,,,,,,,,,,,,,,,,,,,,,,,,,,,,,,,,,,,TN
16,8ca2ea7fe36515caaf70ddf90bfd2ee269f059cf,0.29334456230801,autoland,4768104,12,53390121d39b212135aaffcd577053a14c7f0dff,linux1804-64-shippable-qr,True,False,,,102210fe594ee9b33d82058545b1ed14f4c8206e,custom.jsdebugger.stepOut.DAMP,damp,True,damp custom.jsdebugger.stepOut.DAMP opt e10s fission stylo webrender,4767202,77,ms,firefox,,1701562650,2023-05-26 17:23:29,1247619,,,,,,,,,,,,,,,,,,,,,,,,,,,,,,,,,,,,,,,,,,,,,,,,,TN
17,fc6056442a0fa16146259cb730d4e34a16656952,0.3030279041412409,autoland,4768104,12,53390121d39b212135aaffcd577053a14c7f0dff,linux1804-64-shippable-qr,True,False,,,102210fe594ee9b33d82058545b1ed14f4c8206e,custom.jsdebugger.stepOut.DAMP,damp,True,damp custom.jsdebugger.stepOut.DAMP opt e10s fission stylo webrender,4767202,77,ms,firefox,,1701611076,2023-05-26 19:44:57,1247712,,,,,,,,,,,,,,,,,,,,,,,,,,,,,,,,,,,,,,,,,,,,,,,,,TN
18,b45b68be3f9bae0da4d649a44e60c6cd175f2212,0.28755157857802693,autoland,4768104,12,53390121d39b212135aaffcd577053a14c7f0dff,linux1804-64-shippable-qr,True,False,,,102210fe594ee9b33d82058545b1ed14f4c8206e,custom.jsdebugger.stepOut.DAMP,damp,True,damp custom.jsdebugger.stepOut.DAMP opt e10s fission stylo webrender,4767202,77,ms,firefox,,1701729984,2023-05-27 00:56:39,1247879,,,,,,,,,,,,,,,,,,,,,,,,,,,,,,,,,,,,,,,,,,,,,,,,,TN
19,6a941c8c6ff3290e530942915ee97161b670f15d,0.28445287175373024,autoland,4768104,12,53390121d39b212135aaffcd577053a14c7f0dff,linux1804-64-shippable-qr,True,False,,,102210fe594ee9b33d82058545b1ed14f4c8206e,custom.jsdebugger.stepOut.DAMP,damp,True,damp custom.jsdebugger.stepOut.DAMP opt e10s fission stylo webrender,4767202,77,ms,firefox,,1701881234,2023-05-27 11:39:36,1247945,,,,,,,,,,,,,,,,,,,,,,,,,,,,,,,,,,,,,,,,,,,,,,,,,TN
20,531a15ae09d49e29c270830e9b873aa625a5a8c2,0.30779531049396724,autoland,4768104,12,53390121d39b212135aaffcd577053a14c7f0dff,linux1804-64-shippable-qr,True,False,,,102210fe594ee9b33d82058545b1ed14f4c8206e,custom.jsdebugger.stepOut.DAMP,damp,True,damp custom.jsdebugger.stepOut.DAMP opt e10s fission stylo webrender,4767202,77,ms,firefox,,1701915412,2023-05-27 15:52:21,1247961,,,,,,,,,,,,,,,,,,,,,,,,,,,,,,,,,,,,,,,,,,,,,,,,,TN
21,47f0f49b40361f9c5bde3a5691dc5d65ec1e0061,0.2794475362265556,autoland,4768104,12,53390121d39b212135aaffcd577053a14c7f0dff,linux1804-64-shippable-qr,True,False,,,102210fe594ee9b33d82058545b1ed14f4c8206e,custom.jsdebugger.stepOut.DAMP,damp,True,damp custom.jsdebugger.stepOut.DAMP opt e10s fission stylo webrender,4767202,77,ms,firefox,,1702042539,2023-05-28 20:46:15,1248031,,,,,,,,,,,,,,,,,,,,,,,,,,,,,,,,,,,,,,,,,,,,,,,,,TN
22,1f8f2142966233c5d8d437f93d361aa0cc2b36c6,0.29090950271498306,autoland,4768104,12,53390121d39b212135aaffcd577053a14c7f0dff,linux1804-64-shippable-qr,True,False,,,102210fe594ee9b33d82058545b1ed14f4c8206e,custom.jsdebugger.stepOut.DAMP,damp,True,damp custom.jsdebugger.stepOut.DAMP opt e10s fission stylo webrender,4767202,77,ms,firefox,,1702075881,2023-05-29 02:12:22,1248080,,,,,,,,,,,,,,,,,,,,,,,,,,,,,,,,,,,,,,,,,,,,,,,,,TN
23,1565861edeebf64845658a3f48cb89fa4515bb68,0.29197895197863444,autoland,4768104,12,53390121d39b212135aaffcd577053a14c7f0dff,linux1804-64-shippable-qr,True,False,,,102210fe594ee9b33d82058545b1ed14f4c8206e,custom.jsdebugger.stepOut.DAMP,damp,True,damp custom.jsdebugger.stepOut.DAMP opt e10s fission stylo webrender,4767202,77,ms,firefox,,1702134998,2023-05-29 06:50:24,1248115,,,,,,,,,,,,,,,,,,,,,,,,,,,,,,,,,,,,,,,,,,,,,,,,,TN
24,31915ad324761c4fe80dac65ca36f070ab2102a2,0.27633865131551594,autoland,4768104,12,53390121d39b212135aaffcd577053a14c7f0dff,linux1804-64-shippable-qr,True,False,,,102210fe594ee9b33d82058545b1ed14f4c8206e,custom.jsdebugger.stepOut.DAMP,damp,True,damp custom.jsdebugger.stepOut.DAMP opt e10s fission stylo webrender,4767202,77,ms,firefox,,1702153418,2023-05-29 07:27:55,1248125,,,,,,,,,,,,,,,,,,,,,,,,,,,,,,,,,,,,,,,,,,,,,,,,,TN
25,e1a08bab18008646938a96dfab802d2471fcadc1,0.2927260169975363,autoland,4768104,12,53390121d39b212135aaffcd577053a14c7f0dff,linux1804-64-shippable-qr,True,False,,,102210fe594ee9b33d82058545b1ed14f4c8206e,custom.jsdebugger.stepOut.DAMP,damp,True,damp custom.jsdebugger.stepOut.DAMP opt e10s fission stylo webrender,4767202,77,ms,firefox,,1702323181,2023-05-29 15:52:56,1248305,,,,,,,,,,,,,,,,,,,,,,,,,,,,,,,,,,,,,,,,,,,,,,,,,TN
26,496eefc6bee2519ce93df561b640b582e869b964,0.28320680923472996,autoland,4768104,12,53390121d39b212135aaffcd577053a14c7f0dff,linux1804-64-shippable-qr,True,False,,,102210fe594ee9b33d82058545b1ed14f4c8206e,custom.jsdebugger.stepOut.DAMP,damp,True,damp custom.jsdebugger.stepOut.DAMP opt e10s fission stylo webrender,4767202,77,ms,firefox,,1702420384,2023-05-29 20:27:32,1248440,,,,,,,,,,,,,,,,,,,,,,,,,,,,,,,,,,,,,,,,,,,,,,,,,TN
27,f7d3e204b0fb015cf0fb51a08403e22986a2ae52,0.2921301776437544,autoland,4768104,12,53390121d39b212135aaffcd577053a14c7f0dff,linux1804-64-shippable-qr,True,False,,,102210fe594ee9b33d82058545b1ed14f4c8206e,custom.jsdebugger.stepOut.DAMP,damp,True,damp custom.jsdebugger.stepOut.DAMP opt e10s fission stylo webrender,4767202,77,ms,firefox,,1702398677,2023-05-29 20:34:18,1248445,,,,,,,,,,,,,,,,,,,,,,,,,,,,,,,,,,,,,,,,,,,,,,,,,TN
28,82442b2d56d94c600cca707dd62ab7a19d68bbd2,0.2927873031096728,autoland,4768104,12,53390121d39b212135aaffcd577053a14c7f0dff,linux1804-64-shippable-qr,True,False,,,102210fe594ee9b33d82058545b1ed14f4c8206e,custom.jsdebugger.stepOut.DAMP,damp,True,damp custom.jsdebugger.stepOut.DAMP opt e10s fission stylo webrender,4767202,77,ms,firefox,,1702494348,2023-05-30 01:15:28,1248536,,,,,,,,,,,,,,,,,,,,,,,,,,,,,,,,,,,,,,,,,,,,,,,,,TN
29,23a3b1b5a2b78d86456189221e567423206bc00a,0.3126081039207895,autoland,4768104,12,53390121d39b212135aaffcd577053a14c7f0dff,linux1804-64-shippable-qr,True,False,,,102210fe594ee9b33d82058545b1ed14f4c8206e,custom.jsdebugger.stepOut.DAMP,damp,True,damp custom.jsdebugger.stepOut.DAMP opt e10s fission stylo webrender,4767202,77,ms,firefox,,1702587093,2023-05-30 06:58:06,1248601,,,,,,,,,,,,,,,,,,,,,,,,,,,,,,,,,,,,,,,,,,,,,,,,,TN
30,64b2487b96b949b3c6a787dfd17210f9998fb42e,0.28206154991567445,autoland,4768104,12,53390121d39b212135aaffcd577053a14c7f0dff,linux1804-64-shippable-qr,True,False,,,102210fe594ee9b33d82058545b1ed14f4c8206e,custom.jsdebugger.stepOut.DAMP,damp,True,damp custom.jsdebugger.stepOut.DAMP opt e10s fission stylo webrender,4767202,77,ms,firefox,,1702608627,2023-05-30 07:49:46,1248618,,,,,,,,,,,,,,,,,,,,,,,,,,,,,,,,,,,,,,,,,,,,,,,,,TN
31,121d4440186ece5c7acf444a8879a3818d54fef5,0.2765892395103746,autoland,4768104,12,53390121d39b212135aaffcd577053a14c7f0dff,linux1804-64-shippable-qr,True,False,,,102210fe594ee9b33d82058545b1ed14f4c8206e,custom.jsdebugger.stepOut.DAMP,damp,True,damp custom.jsdebugger.stepOut.DAMP opt e10s fission stylo webrender,4767202,77,ms,firefox,,1702742856,2023-05-30 12:05:20,1248752,,,,,,,,,,,,,,,,,,,,,,,,,,,,,,,,,,,,,,,,,,,,,,,,,TN
32,8ddf44b47ed68e786f1ca69913136fe2ddd7f1d2,0.29503597077384414,autoland,4768104,12,53390121d39b212135aaffcd577053a14c7f0dff,linux1804-64-shippable-qr,True,False,,,102210fe594ee9b33d82058545b1ed14f4c8206e,custom.jsdebugger.stepOut.DAMP,damp,True,damp custom.jsdebugger.stepOut.DAMP opt e10s fission stylo webrender,4767202,77,ms,firefox,,1702814289,2023-05-30 15:20:14,1248888,,,,,,,,,,,,,,,,,,,,,,,,,,,,,,,,,,,,,,,,,,,,,,,,,TN
33,361a866d206fd695b15823113863d449afb7c87d,0.2997594476134009,autoland,4768104,12,53390121d39b212135aaffcd577053a14c7f0dff,linux1804-64-shippable-qr,True,False,,,102210fe594ee9b33d82058545b1ed14f4c8206e,custom.jsdebugger.stepOut.DAMP,damp,True,damp custom.jsdebugger.stepOut.DAMP opt e10s fission stylo webrender,4767202,77,ms,firefox,,1702912730,2023-05-30 19:20:55,1249050,,,,,,,,,,,,,,,,,,,,,,,,,,,,,,,,,,,,,,,,,,,,,,,,,TN
34,f9dad80c02c9517d8cb38311989dab88f1236015,0.2924659690637954,autoland,4768104,12,53390121d39b212135aaffcd577053a14c7f0dff,linux1804-64-shippable-qr,True,False,,,102210fe594ee9b33d82058545b1ed14f4c8206e,custom.jsdebugger.stepOut.DAMP,damp,True,damp custom.jsdebugger.stepOut.DAMP opt e10s fission stylo webrender,4767202,77,ms,firefox,,1702930040,2023-05-30 19:21:44,1249051,,,,,,,,,,,,,,,,,,,,,,,,,,,,,,,,,,,,,,,,,,,,,,,,,TN
35,0ea1f0bff41ab8b0e92e4f35f3d6eaf801ad3fc0,0.3129583517215475,autoland,4768104,12,53390121d39b212135aaffcd577053a14c7f0dff,linux1804-64-shippable-qr,True,False,,,102210fe594ee9b33d82058545b1ed14f4c8206e,custom.jsdebugger.stepOut.DAMP,damp,True,damp custom.jsdebugger.stepOut.DAMP opt e10s fission stylo webrender,4767202,77,ms,firefox,,1703064043,2023-05-30 22:16:30,1249172,,,,,,,,,,,,,,,,,,,,,,,,,,,,,,,,,,,,,,,,,,,,,,,,,TN
36,40997d8c121ee054ffe5df2c1a10d3a392f78c3c,0.30096748438658305,autoland,4768104,12,53390121d39b212135aaffcd577053a14c7f0dff,linux1804-64-shippable-qr,True,False,,,102210fe594ee9b33d82058545b1ed14f4c8206e,custom.jsdebugger.stepOut.DAMP,damp,True,damp custom.jsdebugger.stepOut.DAMP opt e10s fission stylo webrender,4767202,77,ms,firefox,,1703153058,2023-05-31 02:21:54,1249255,,,,,,,,,,,,,,,,,,,,,,,,,,,,,,,,,,,,,,,,,,,,,,,,,TN
37,2317c21d7aeb68528ec7946980e7ca68d74c451a,0.2881351980674749,autoland,4768104,12,53390121d39b212135aaffcd577053a14c7f0dff,linux1804-64-shippable-qr,True,False,,,102210fe594ee9b33d82058545b1ed14f4c8206e,custom.jsdebugger.stepOut.DAMP,damp,True,damp custom.jsdebugger.stepOut.DAMP opt e10s fission stylo webrender,4767202,77,ms,firefox,,1703392736,2023-05-31 09:56:26,1249439,,,,,,,,,,,,,,,,,,,,,,,,,,,,,,,,,,,,,,,,,,,,,,,,,TN
38,7d2ea0789fc8c8538febac2643670ed4a46de087,0.2953656279194701,autoland,4768104,12,53390121d39b212135aaffcd577053a14c7f0dff,linux1804-64-shippable-qr,True,False,,,102210fe594ee9b33d82058545b1ed14f4c8206e,custom.jsdebugger.stepOut.DAMP,damp,True,damp custom.jsdebugger.stepOut.DAMP opt e10s fission stylo webrender,4767202,77,ms,firefox,,1703705337,2023-05-31 14:02:33,1249550,,,,,,,,,,,,,,,,,,,,,,,,,,,,,,,,,,,,,,,,,,,,,,,,,TN
39,513ac812d28fbd668a0b4216f4f52aef38b29501,0.2894622630160901,autoland,4768104,12,53390121d39b212135aaffcd577053a14c7f0dff,linux1804-64-shippable-qr,True,False,,,102210fe594ee9b33d82058545b1ed14f4c8206e,custom.jsdebugger.stepOut.DAMP,damp,True,damp custom.jsdebugger.stepOut.DAMP opt e10s fission stylo webrender,4767202,77,ms,firefox,,1703744518,2023-05-31 15:08:35,1249582,,,,,,,,,,,,,,,,,,,,,,,,,,,,,,,,,,,,,,,,,,,,,,,,,TN
40,b1a1fe06a88b8bdb3f1c5564d12f6798261f34f8,0.2995543855917655,autoland,4768104,12,53390121d39b212135aaffcd577053a14c7f0dff,linux1804-64-shippable-qr,True,False,,,102210fe594ee9b33d82058545b1ed14f4c8206e,custom.jsdebugger.stepOut.DAMP,damp,True,damp custom.jsdebugger.stepOut.DAMP opt e10s fission stylo webrender,4767202,77,ms,firefox,,1703861337,2023-05-31 17:22:12,1249712,,,,,,,,,,,,,,,,,,,,,,,,,,,,,,,,,,,,,,,,,,,,,,,,,TN
41,acd631722a01cb363c4967477af9f240d35cd218,0.2928292007810489,autoland,4768104,12,53390121d39b212135aaffcd577053a14c7f0dff,linux1804-64-shippable-qr,True,False,,,102210fe594ee9b33d82058545b1ed14f4c8206e,custom.jsdebugger.stepOut.DAMP,damp,True,damp custom.jsdebugger.stepOut.DAMP opt e10s fission stylo webrender,4767202,77,ms,firefox,,1703986721,2023-05-31 20:28:19,1249881,,,,,,,,,,,,,,,,,,,,,,,,,,,,,,,,,,,,,,,,,,,,,,,,,TN
42,69cd9d943489100b8424cf1b19b0646cbc9c317c,0.2868442174373742,autoland,4768104,12,53390121d39b212135aaffcd577053a14c7f0dff,linux1804-64-shippable-qr,True,False,,,102210fe594ee9b33d82058545b1ed14f4c8206e,custom.jsdebugger.stepOut.DAMP,damp,True,damp custom.jsdebugger.stepOut.DAMP opt e10s fission stylo webrender,4767202,77,ms,firefox,,1704136916,2023-05-31 23:35:37,1250055,,,,,,,,,,,,,,,,,,,,,,,,,,,,,,,,,,,,,,,,,,,,,,,,,TN
43,5d6127a9b7ed37774d6403efd4ee1ec813503592,0.2934589376153649,autoland,4768104,12,53390121d39b212135aaffcd577053a14c7f0dff,linux1804-64-shippable-qr,True,False,,,102210fe594ee9b33d82058545b1ed14f4c8206e,custom.jsdebugger.stepOut.DAMP,damp,True,damp custom.jsdebugger.stepOut.DAMP opt e10s fission stylo webrender,4767202,77,ms,firefox,,1704240215,2023-06-01 03:44:27,1250134,,,,,,,,,,,,,,,,,,,,,,,,,,,,,,,,,,,,,,,,,,,,,,,,,TN
44,a5b7a8fa5f410c69abde0d75d111587d15621563,0.28979696946250977,autoland,4768104,12,53390121d39b212135aaffcd577053a14c7f0dff,linux1804-64-shippable-qr,True,False,,,102210fe594ee9b33d82058545b1ed14f4c8206e,custom.jsdebugger.stepOut.DAMP,damp,True,damp custom.jsdebugger.stepOut.DAMP opt e10s fission stylo webrender,4767202,77,ms,firefox,,1705611371,2023-06-01 07:15:32,1250179,,,,,,,,,,,,,,,,,,,,,,,,,,,,,,,,,,,,,,,,,,,,,,,,,TN
45,9e25deb0b839505e6189e57f8d5007396d0855f8,0.31728035748146444,autoland,4768104,12,53390121d39b212135aaffcd577053a14c7f0dff,linux1804-64-shippable-qr,True,False,,,102210fe594ee9b33d82058545b1ed14f4c8206e,custom.jsdebugger.stepOut.DAMP,damp,True,damp custom.jsdebugger.stepOut.DAMP opt e10s fission stylo webrender,4767202,77,ms,firefox,,1705612045,2023-06-01 07:19:26,1250182,,,,,,,,,,,,,,,,,,,,,,,,,,,,,,,,,,,,,,,,,,,,,,,,,TN
46,bbafcf23c9dd1f160b1433da167a8b527fb992a5,0.296905895173343,autoland,4768104,12,53390121d39b212135aaffcd577053a14c7f0dff,linux1804-64-shippable-qr,True,False,,,102210fe594ee9b33d82058545b1ed14f4c8206e,custom.jsdebugger.stepOut.DAMP,damp,True,damp custom.jsdebugger.stepOut.DAMP opt e10s fission stylo webrender,4767202,77,ms,firefox,,1705611815,2023-06-01 07:20:37,1250183,,,,,,,,,,,,,,,,,,,,,,,,,,,,,,,,,,,,,,,,,,,,,,,,,TN
47,2f0238fa0a6b6167a7fbf5cbeb1803b579fdbe85,0.29339106515626656,autoland,4768104,12,53390121d39b212135aaffcd577053a14c7f0dff,linux1804-64-shippable-qr,True,False,,,102210fe594ee9b33d82058545b1ed14f4c8206e,custom.jsdebugger.stepOut.DAMP,damp,True,damp custom.jsdebugger.stepOut.DAMP opt e10s fission stylo webrender,4767202,77,ms,firefox,,1705611611,2023-06-01 07:24:20,1250185,,,,,,,,,,,,,,,,,,,,,,,,,,,,,,,,,,,,,,,,,,,,,,,,,TN
48,c5ae42014f4b06c37cec7a4b6ec87f4e29d779de,0.29158960538097256,autoland,4768104,12,53390121d39b212135aaffcd577053a14c7f0dff,linux1804-64-shippable-qr,True,False,,,102210fe594ee9b33d82058545b1ed14f4c8206e,custom.jsdebugger.stepOut.DAMP,damp,True,damp custom.jsdebugger.stepOut.DAMP opt e10s fission stylo webrender,4767202,77,ms,firefox,,1705611665,2023-06-01 07:40:17,1250189,,,,,,,,,,,,,,,,,,,,,,,,,,,,,,,,,,,,,,,,,,,,,,,,,TN
49,310a02cb1216c0fafadcbc049aac0875871eab96,0.2955856729115858,autoland,4768104,12,53390121d39b212135aaffcd577053a14c7f0dff,linux1804-64-shippable-qr,True,False,,,102210fe594ee9b33d82058545b1ed14f4c8206e,custom.jsdebugger.stepOut.DAMP,damp,True,damp custom.jsdebugger.stepOut.DAMP opt e10s fission stylo webrender,4767202,77,ms,firefox,,1704346533,2023-06-01 08:18:01,1250206,,,,,,,,,,,,,,,,,,,,,,,,,,,,,,,,,,,,,,,,,,,,,,,,,TN
50,2f0f9d27fb0dd153bdfa9ec65c2e034381d95ee7,0.29911074162303386,autoland,4768104,12,53390121d39b212135aaffcd577053a14c7f0dff,linux1804-64-shippable-qr,True,False,,,102210fe594ee9b33d82058545b1ed14f4c8206e,custom.jsdebugger.stepOut.DAMP,damp,True,damp custom.jsdebugger.stepOut.DAMP opt e10s fission stylo webrender,4767202,77,ms,firefox,,1705612318,2023-06-01 08:41:23,1250219,,,,,,,,,,,,,,,,,,,,,,,,,,,,,,,,,,,,,,,,,,,,,,,,,TN
51,f5831419a975994052e44e684323251fae202be2,0.29575212596430434,autoland,4768104,12,53390121d39b212135aaffcd577053a14c7f0dff,linux1804-64-shippable-qr,True,False,,,102210fe594ee9b33d82058545b1ed14f4c8206e,custom.jsdebugger.stepOut.DAMP,damp,True,damp custom.jsdebugger.stepOut.DAMP opt e10s fission stylo webrender,4767202,77,ms,firefox,,1705611865,2023-06-01 09:10:20,1250229,,,,,,,,,,,,,,,,,,,,,,,,,,,,,,,,,,,,,,,,,,,,,,,,,TN
52,d8f21cb15dfece3ae31c2e8caa622be8756072a0,0.28980798214452963,autoland,4768104,12,53390121d39b212135aaffcd577053a14c7f0dff,linux1804-64-shippable-qr,True,False,,,102210fe594ee9b33d82058545b1ed14f4c8206e,custom.jsdebugger.stepOut.DAMP,damp,True,damp custom.jsdebugger.stepOut.DAMP opt e10s fission stylo webrender,4767202,77,ms,firefox,,1705611715,2023-06-01 09:49:20,1250242,,,,,,,,,,,,,,,,,,,,,,,,,,,,,,,,,,,,,,,,,,,,,,,,,TN
53,3ee1184f75ef01c3b8b3acb826d84a189cac75ce,0.2969100691427726,autoland,4768104,12,53390121d39b212135aaffcd577053a14c7f0dff,linux1804-64-shippable-qr,True,False,,,102210fe594ee9b33d82058545b1ed14f4c8206e,custom.jsdebugger.stepOut.DAMP,damp,True,damp custom.jsdebugger.stepOut.DAMP opt e10s fission stylo webrender,4767202,77,ms,firefox,,1704415482,2023-06-01 09:51:53,1250243,,,,,,,,,,,,,,,,,,,,,,,,,,,,,,,,,,,,,,,,,,,,,,,,,TN
54,cbc2c6fc648beb19f1d23ef4d854692fa4f2c525,0.2827061922224874,autoland,4768104,12,53390121d39b212135aaffcd577053a14c7f0dff,linux1804-64-shippable-qr,True,False,,,102210fe594ee9b33d82058545b1ed14f4c8206e,custom.jsdebugger.stepOut.DAMP,damp,True,damp custom.jsdebugger.stepOut.DAMP opt e10s fission stylo webrender,4767202,77,ms,firefox,,1705612368,2023-06-01 11:21:51,1250291,,,,,,,,,,,,,,,,,,,,,,,,,,,,,,,,,,,,,,,,,,,,,,,,,TN
55,25040b193885f081d423a115facf5513e83b3dd2,0.2934965093017321,autoland,4768104,12,53390121d39b212135aaffcd577053a14c7f0dff,linux1804-64-shippable-qr,True,False,,,102210fe594ee9b33d82058545b1ed14f4c8206e,custom.jsdebugger.stepOut.DAMP,damp,True,damp custom.jsdebugger.stepOut.DAMP opt e10s fission stylo webrender,4767202,77,ms,firefox,,1705611765,2023-06-01 11:29:34,1250294,,,,,,,,,,,,,,,,,,,,,,,,,,,,,,,,,,,,,,,,,,,,,,,,,TN
56,683ef325f686f1b12caa1b7d0dff4b9b62f6d486,0.30143684481596544,autoland,4768104,12,53390121d39b212135aaffcd577053a14c7f0dff,linux1804-64-shippable-qr,True,False,,,102210fe594ee9b33d82058545b1ed14f4c8206e,custom.jsdebugger.stepOut.DAMP,damp,True,damp custom.jsdebugger.stepOut.DAMP opt e10s fission stylo webrender,4767202,77,ms,firefox,,1705611965,2023-06-01 11:30:27,1250295,,,,,,,,,,,,,,,,,,,,,,,,,,,,,,,,,,,,,,,,,,,,,,,,,TN
57,9fb00746928bd756d343e54ab648cc8a7c997e26,0.3056039348078079,autoland,4768104,12,53390121d39b212135aaffcd577053a14c7f0dff,linux1804-64-shippable-qr,True,False,,,102210fe594ee9b33d82058545b1ed14f4c8206e,custom.jsdebugger.stepOut.DAMP,damp,True,damp custom.jsdebugger.stepOut.DAMP opt e10s fission stylo webrender,4767202,77,ms,firefox,,1705612268,2023-06-01 11:34:41,1250299,,,,,,,,,,,,,,,,,,,,,,,,,,,,,,,,,,,,,,,,,,,,,,,,,TN
58,562d35ef08e052f1f9d77f94747eb21b1bc17571,0.29248421291692606,autoland,4768104,12,53390121d39b212135aaffcd577053a14c7f0dff,linux1804-64-shippable-qr,True,False,,,102210fe594ee9b33d82058545b1ed14f4c8206e,custom.jsdebugger.stepOut.DAMP,damp,True,damp custom.jsdebugger.stepOut.DAMP opt e10s fission stylo webrender,4767202,77,ms,firefox,,1705612490,2023-06-01 11:59:35,1250314,,,,,,,,,,,,,,,,,,,,,,,,,,,,,,,,,,,,,,,,,,,,,,,,,TN
59,3e9395255b3b6e8ca5b7939dc95996f644450a39,0.294518957940648,autoland,4768104,12,53390121d39b212135aaffcd577053a14c7f0dff,linux1804-64-shippable-qr,True,False,,,102210fe594ee9b33d82058545b1ed14f4c8206e,custom.jsdebugger.stepOut.DAMP,damp,True,damp custom.jsdebugger.stepOut.DAMP opt e10s fission stylo webrender,4767202,77,ms,firefox,,1705612116,2023-06-01 12:20:22,1250335,,,,,,,,,,,,,,,,,,,,,,,,,,,,,,,,,,,,,,,,,,,,,,,,,TN
60,55893c68c046b0153e38f8782466ed2777e6260b,0.29270913929722897,autoland,4768104,12,53390121d39b212135aaffcd577053a14c7f0dff,linux1804-64-shippable-qr,True,False,,,102210fe594ee9b33d82058545b1ed14f4c8206e,custom.jsdebugger.stepOut.DAMP,damp,True,damp custom.jsdebugger.stepOut.DAMP opt e10s fission stylo webrender,4767202,77,ms,firefox,,1705612218,2023-06-01 12:49:14,1250352,,,,,,,,,,,,,,,,,,,,,,,,,,,,,,,,,,,,,,,,,,,,,,,,,TN
61,62dc51023b99f8e84c8a583ce7dd1fcc031ffdb1,0.29733893779623544,autoland,4768104,12,53390121d39b212135aaffcd577053a14c7f0dff,linux1804-64-shippable-qr,True,False,,,102210fe594ee9b33d82058545b1ed14f4c8206e,custom.jsdebugger.stepOut.DAMP,damp,True,damp custom.jsdebugger.stepOut.DAMP opt e10s fission stylo webrender,4767202,77,ms,firefox,,1705612418,2023-06-01 13:02:40,1250358,,,,,,,,,,,,,,,,,,,,,,,,,,,,,,,,,,,,,,,,,,,,,,,,,TN
62,f48b35a6fdcea4bc3e57903423cdb39307f9e7ca,0.2986167367903829,autoland,4768104,12,53390121d39b212135aaffcd577053a14c7f0dff,linux1804-64-shippable-qr,True,False,,,102210fe594ee9b33d82058545b1ed14f4c8206e,custom.jsdebugger.stepOut.DAMP,damp,True,damp custom.jsdebugger.stepOut.DAMP opt e10s fission stylo webrender,4767202,77,ms,firefox,,1705611915,2023-06-01 13:40:25,1250378,,,,,,,,,,,,,,,,,,,,,,,,,,,,,,,,,,,,,,,,,,,,,,,,,TN
63,01e7e891e3d0793f8a185fe99b6f8cc9c6ffa74e,0.28040094695394036,autoland,4768104,12,53390121d39b212135aaffcd577053a14c7f0dff,linux1804-64-shippable-qr,True,False,,,102210fe594ee9b33d82058545b1ed14f4c8206e,custom.jsdebugger.stepOut.DAMP,damp,True,damp custom.jsdebugger.stepOut.DAMP opt e10s fission stylo webrender,4767202,77,ms,firefox,,1704612092,2023-06-01 13:54:39,1250379,,,,,,,,,,,,,,,,,,,,,,,,,,,,,,,,,,,,,,,,,,,,,,,,,TN
64,2b3710ebb7a4e69d181fd9b30470d07e18e499df,0.32360549300498564,autoland,4768104,12,53390121d39b212135aaffcd577053a14c7f0dff,linux1804-64-shippable-qr,True,False,,,102210fe594ee9b33d82058545b1ed14f4c8206e,custom.jsdebugger.stepOut.DAMP,damp,True,damp custom.jsdebugger.stepOut.DAMP opt e10s fission stylo webrender,4767202,77,ms,firefox,,1705623316,2023-06-01 17:37:22,1250563,,,,,,,,,,,,,,,,,,,,,,,,,,,,,,,,,,,,,,,,,,,,,,,,,TN
65,177c6c24592b834f2e11f2cd6175be3dc11a6d51,0.27826251738959007,autoland,4768104,12,53390121d39b212135aaffcd577053a14c7f0dff,linux1804-64-shippable-qr,True,False,,,102210fe594ee9b33d82058545b1ed14f4c8206e,custom.jsdebugger.stepOut.DAMP,damp,True,damp custom.jsdebugger.stepOut.DAMP opt e10s fission stylo webrender,4767202,77,ms,firefox,,1705624440,2023-06-01 17:46:50,1250570,,,,,,,,,,,,,,,,,,,,,,,,,,,,,,,,,,,,,,,,,,,,,,,,,TN
66,fd3a8a02dbc971a920d73a7a722a110d5fba42d6,0.2571608633634943,autoland,4768104,12,53390121d39b212135aaffcd577053a14c7f0dff,linux1804-64-shippable-qr,True,False,,,102210fe594ee9b33d82058545b1ed14f4c8206e,custom.jsdebugger.stepOut.DAMP,damp,True,damp custom.jsdebugger.stepOut.DAMP opt e10s fission stylo webrender,4767202,77,ms,firefox,,1705620617,2023-06-01 18:53:52,1250599,,,,,,,,,,,,,,,,,,,,,,,,,,,,,,,,,,,,,,,,,,,,,,,,,TN
67,292b074ce7a5d8e2db9180d2974b71be965a5ccc,0.2828096293651692,autoland,4768104,12,53390121d39b212135aaffcd577053a14c7f0dff,linux1804-64-shippable-qr,True,False,,,102210fe594ee9b33d82058545b1ed14f4c8206e,custom.jsdebugger.stepOut.DAMP,damp,True,damp custom.jsdebugger.stepOut.DAMP opt e10s fission stylo webrender,4767202,77,ms,firefox,,1705620567,2023-06-01 19:01:09,1250605,,,,,,,,,,,,,,,,,,,,,,,,,,,,,,,,,,,,,,,,,,,,,,,,,TN
68,68e2320457eb41774fbbbe5e366e7497606e31db,0.3076566305828219,autoland,4768104,12,53390121d39b212135aaffcd577053a14c7f0dff,linux1804-64-shippable-qr,True,False,,,102210fe594ee9b33d82058545b1ed14f4c8206e,custom.jsdebugger.stepOut.DAMP,damp,True,damp custom.jsdebugger.stepOut.DAMP opt e10s fission stylo webrender,4767202,77,ms,firefox,,1705612582,2023-06-01 19:27:13,1250616,,,,,,,,,,,,,,,,,,,,,,,,,,,,,,,,,,,,,,,,,,,,,,,,,TN
69,9e2c7d3018de11a6ee398dfee3c12ca33bec802c,0.28556234681103243,autoland,4768104,12,53390121d39b212135aaffcd577053a14c7f0dff,linux1804-64-shippable-qr,True,False,,,102210fe594ee9b33d82058545b1ed14f4c8206e,custom.jsdebugger.stepOut.DAMP,damp,True,damp custom.jsdebugger.stepOut.DAMP opt e10s fission stylo webrender,4767202,77,ms,firefox,,1705619320,2023-06-01 19:30:06,1250618,,,,,,,,,,,,,,,,,,,,,,,,,,,,,,,,,,,,,,,,,,,,,,,,,TN
70,5e373d506d558e7261842cdbb855158412408a98,0.30601116509102444,autoland,4768104,12,53390121d39b212135aaffcd577053a14c7f0dff,linux1804-64-shippable-qr,True,False,,,102210fe594ee9b33d82058545b1ed14f4c8206e,custom.jsdebugger.stepOut.DAMP,damp,True,damp custom.jsdebugger.stepOut.DAMP opt e10s fission stylo webrender,4767202,77,ms,firefox,,1705621698,2023-06-01 19:30:59,1250620,,,,,,,,,,,,,,,,,,,,,,,,,,,,,,,,,,,,,,,,,,,,,,,,,TN
71,1c870e0b631be614c6c0041f2d4ad8cd4cb0ed1d,0.29288104652879543,autoland,4768104,12,53390121d39b212135aaffcd577053a14c7f0dff,linux1804-64-shippable-qr,True,False,,,102210fe594ee9b33d82058545b1ed14f4c8206e,custom.jsdebugger.stepOut.DAMP,damp,True,damp custom.jsdebugger.stepOut.DAMP opt e10s fission stylo webrender,4767202,77,ms,firefox,,1705621039,2023-06-01 19:31:53,1250621,,,,,,,,,,,,,,,,,,,,,,,,,,,,,,,,,,,,,,,,,,,,,,,,,TN
72,d58641e1ccd1a3e181799d0a06a98678fc1bdf9c,0.28401513453299576,autoland,4768104,12,53390121d39b212135aaffcd577053a14c7f0dff,linux1804-64-shippable-qr,True,False,,,102210fe594ee9b33d82058545b1ed14f4c8206e,custom.jsdebugger.stepOut.DAMP,damp,True,damp custom.jsdebugger.stepOut.DAMP opt e10s fission stylo webrender,4767202,77,ms,firefox,,1705619705,2023-06-01 19:32:49,1250623,,,,,,,,,,,,,,,,,,,,,,,,,,,,,,,,,,,,,,,,,,,,,,,,,TN
73,ae0f513f1d25aef3f79ad009b5f2dd7407536827,0.28952295696308417,autoland,4768104,12,53390121d39b212135aaffcd577053a14c7f0dff,linux1804-64-shippable-qr,True,False,,,102210fe594ee9b33d82058545b1ed14f4c8206e,custom.jsdebugger.stepOut.DAMP,damp,True,damp custom.jsdebugger.stepOut.DAMP opt e10s fission stylo webrender,4767202,77,ms,firefox,,1704773032,2023-06-01 19:53:44,1250634,,,,,,,,,,,,,,,,,,,,,,,,,,,,,,,,,,,,,,,,,,,,,,,,,TN
74,1fa8d2cfeeb886bdfea10f7bf40e6d4783101a56,0.2940461220185644,autoland,4768104,12,53390121d39b212135aaffcd577053a14c7f0dff,linux1804-64-shippable-qr,True,False,,,102210fe594ee9b33d82058545b1ed14f4c8206e,custom.jsdebugger.stepOut.DAMP,damp,True,damp custom.jsdebugger.stepOut.DAMP opt e10s fission stylo webrender,4767202,77,ms,firefox,,1705622923,2023-06-01 20:22:41,1250646,,,,,,,,,,,,,,,,,,,,,,,,,,,,,,,,,,,,,,,,,,,,,,,,,TN
75,82e198deee76264730763e2f36fa52298456b773,0.31412792657355837,autoland,4768104,12,53390121d39b212135aaffcd577053a14c7f0dff,linux1804-64-shippable-qr,True,False,,,102210fe594ee9b33d82058545b1ed14f4c8206e,custom.jsdebugger.stepOut.DAMP,damp,True,damp custom.jsdebugger.stepOut.DAMP opt e10s fission stylo webrender,4767202,77,ms,firefox,,1705624623,2023-06-01 20:23:34,1250647,,,,,,,,,,,,,,,,,,,,,,,,,,,,,,,,,,,,,,,,,,,,,,,,,TN
76,fb52e6ee18c65d0d8818f001f0a49805e43c16bc,0.30648859178347454,autoland,4768104,12,53390121d39b212135aaffcd577053a14c7f0dff,linux1804-64-shippable-qr,True,False,,,102210fe594ee9b33d82058545b1ed14f4c8206e,custom.jsdebugger.stepOut.DAMP,damp,True,damp custom.jsdebugger.stepOut.DAMP opt e10s fission stylo webrender,4767202,77,ms,firefox,,1705622642,2023-06-01 20:24:24,1250649,,,,,,,,,,,,,,,,,,,,,,,,,,,,,,,,,,,,,,,,,,,,,,,,,TN
77,1cf3742ac6dcf4fa57256506dad12b389e1e3071,0.28671957164159645,autoland,4768104,12,53390121d39b212135aaffcd577053a14c7f0dff,linux1804-64-shippable-qr,True,False,,,102210fe594ee9b33d82058545b1ed14f4c8206e,custom.jsdebugger.stepOut.DAMP,damp,True,damp custom.jsdebugger.stepOut.DAMP opt e10s fission stylo webrender,4767202,77,ms,firefox,,1705624282,2023-06-01 21:15:01,1250666,,,,,,,,,,,,,,,,,,,,,,,,,,,,,,,,,,,,,,,,,,,,,,,,,TN
78,9718fca142ae7765c8ca6c3616fab6e303225556,0.31917157399355434,autoland,4768104,12,53390121d39b212135aaffcd577053a14c7f0dff,linux1804-64-shippable-qr,True,False,,,102210fe594ee9b33d82058545b1ed14f4c8206e,custom.jsdebugger.stepOut.DAMP,damp,True,damp custom.jsdebugger.stepOut.DAMP opt e10s fission stylo webrender,4767202,77,ms,firefox,,1704827263,2023-06-01 21:35:55,1250675,,,,,,,,,,,,,,,,,,,,,,,,,,,,,,,,,,,,,,,,,,,,,,,,,TN
79,68ec5d009309ef9993821a1a63175de4fa85ae0f,0.29801258725313495,autoland,4768104,12,53390121d39b212135aaffcd577053a14c7f0dff,linux1804-64-shippable-qr,True,False,,,102210fe594ee9b33d82058545b1ed14f4c8206e,custom.jsdebugger.stepOut.DAMP,damp,True,damp custom.jsdebugger.stepOut.DAMP opt e10s fission stylo webrender,4767202,77,ms,firefox,,1705953215,2023-06-01 23:24:04,1250715,,,,,,,,,,,,,,,,,,,,,,,,,,,,,,,,,,,,,,,,,,,,,,,,,TN
80,b37ec4bc7ce45179b2a60bd693aa4bd172c098e9,0.2955406425276408,autoland,4768104,12,53390121d39b212135aaffcd577053a14c7f0dff,linux1804-64-shippable-qr,True,False,,,102210fe594ee9b33d82058545b1ed14f4c8206e,custom.jsdebugger.stepOut.DAMP,damp,True,damp custom.jsdebugger.stepOut.DAMP opt e10s fission stylo webrender,4767202,77,ms,firefox,,1705953123,2023-06-01 23:59:52,1250733,,,,,,,,,,,,,,,,,,,,,,,,,,,,,,,,,,,,,,,,,,,,,,,,,TN
81,c365694efc9c7ac4c2c010f9dc97afb7c80107ee,0.2875232351296628,autoland,4768104,12,53390121d39b212135aaffcd577053a14c7f0dff,linux1804-64-shippable-qr,True,False,,,102210fe594ee9b33d82058545b1ed14f4c8206e,custom.jsdebugger.stepOut.DAMP,damp,True,damp custom.jsdebugger.stepOut.DAMP opt e10s fission stylo webrender,4767202,77,ms,firefox,,1704922661,2023-06-02 02:04:00,1250783,,,,,,,,,,,,,,,,,,,,,,,,,,,,,,,,,,,,,,,,,,,,,,,,,TN
82,9029aec22db868111a40c420805ea97f69651924,0.29129509164721545,autoland,4768104,12,53390121d39b212135aaffcd577053a14c7f0dff,linux1804-64-shippable-qr,True,False,,,102210fe594ee9b33d82058545b1ed14f4c8206e,custom.jsdebugger.stepOut.DAMP,damp,True,damp custom.jsdebugger.stepOut.DAMP opt e10s fission stylo webrender,4767202,77,ms,firefox,,1705953258,2023-06-02 03:33:05,1250800,,,,,,,,,,,,,,,,,,,,,,,,,,,,,,,,,,,,,,,,,,,,,,,,,TN
83,e137dcbacf73e08e4d9142c97062c67cd28df32d,0.27962750872754416,autoland,4768104,12,53390121d39b212135aaffcd577053a14c7f0dff,linux1804-64-shippable-qr,True,False,,,102210fe594ee9b33d82058545b1ed14f4c8206e,custom.jsdebugger.stepOut.DAMP,damp,True,damp custom.jsdebugger.stepOut.DAMP opt e10s fission stylo webrender,4767202,77,ms,firefox,,1705955231,2023-06-02 06:59:21,1250821,,,,,,,,,,,,,,,,,,,,,,,,,,,,,,,,,,,,,,,,,,,,,,,,,TN
84,34703ee9e3db6d0b2f07895b1b37c2d9c0fe5f94,0.2976391188286889,autoland,4768104,12,53390121d39b212135aaffcd577053a14c7f0dff,linux1804-64-shippable-qr,True,False,,,102210fe594ee9b33d82058545b1ed14f4c8206e,custom.jsdebugger.stepOut.DAMP,damp,True,damp custom.jsdebugger.stepOut.DAMP opt e10s fission stylo webrender,4767202,77,ms,firefox,,1705953961,2023-06-02 07:55:18,1250840,,,,,,,,,,,,,,,,,,,,,,,,,,,,,,,,,,,,,,,,,,,,,,,,,TN
85,5ab03ad25178d0c84f7fb401f338b8157e8b5221,0.2866438142452239,autoland,4768104,12,53390121d39b212135aaffcd577053a14c7f0dff,linux1804-64-shippable-qr,True,False,,,102210fe594ee9b33d82058545b1ed14f4c8206e,custom.jsdebugger.stepOut.DAMP,damp,True,damp custom.jsdebugger.stepOut.DAMP opt e10s fission stylo webrender,4767202,77,ms,firefox,,1705953825,2023-06-02 07:58:15,1250841,,,,,,,,,,,,,,,,,,,,,,,,,,,,,,,,,,,,,,,,,,,,,,,,,TN
86,5230be9ab9568683cb9e49352815ed9c0cb75392,0.2953553246433178,autoland,4768104,12,53390121d39b212135aaffcd577053a14c7f0dff,linux1804-64-shippable-qr,True,False,,,102210fe594ee9b33d82058545b1ed14f4c8206e,custom.jsdebugger.stepOut.DAMP,damp,True,damp custom.jsdebugger.stepOut.DAMP opt e10s fission stylo webrender,4767202,77,ms,firefox,,1705954129,2023-06-02 08:02:51,1250843,,,,,,,,,,,,,,,,,,,,,,,,,,,,,,,,,,,,,,,,,,,,,,,,,TN
87,fdd5ba505c9159f283754655d2daa70c98c9c16f,0.28376392237890546,autoland,4768104,12,53390121d39b212135aaffcd577053a14c7f0dff,linux1804-64-shippable-qr,True,False,,,102210fe594ee9b33d82058545b1ed14f4c8206e,custom.jsdebugger.stepOut.DAMP,damp,True,damp custom.jsdebugger.stepOut.DAMP opt e10s fission stylo webrender,4767202,77,ms,firefox,,1705953689,2023-06-02 09:36:17,1250880,,,,,,,,,,,,,,,,,,,,,,,,,,,,,,,,,,,,,,,,,,,,,,,,,TN
88,783bd8e8246e1ac77845094cf466223e4ebc1478,0.29990699410462285,autoland,4768104,12,53390121d39b212135aaffcd577053a14c7f0dff,linux1804-64-shippable-qr,True,False,,,102210fe594ee9b33d82058545b1ed14f4c8206e,custom.jsdebugger.stepOut.DAMP,damp,True,damp custom.jsdebugger.stepOut.DAMP opt e10s fission stylo webrender,4767202,77,ms,firefox,,1705954193,2023-06-02 09:50:39,1250890,,,,,,,,,,,,,,,,,,,,,,,,,,,,,,,,,,,,,,,,,,,,,,,,,TN
89,17def1f78e36506da8952f14c85d928f79c02f8b,0.28739670851404364,autoland,4768104,12,53390121d39b212135aaffcd577053a14c7f0dff,linux1804-64-shippable-qr,True,False,,,102210fe594ee9b33d82058545b1ed14f4c8206e,custom.jsdebugger.stepOut.DAMP,damp,True,damp custom.jsdebugger.stepOut.DAMP opt e10s fission stylo webrender,4767202,77,ms,firefox,,1705952815,2023-06-02 09:55:16,1250895,,,,,,,,,,,,,,,,,,,,,,,,,,,,,,,,,,,,,,,,,,,,,,,,,TN
90,003c67f3d6dc6404f34b0f690276ec1e04e25bb2,0.29949580396543407,autoland,4768104,12,53390121d39b212135aaffcd577053a14c7f0dff,linux1804-64-shippable-qr,True,False,,,102210fe594ee9b33d82058545b1ed14f4c8206e,custom.jsdebugger.stepOut.DAMP,damp,True,damp custom.jsdebugger.stepOut.DAMP opt e10s fission stylo webrender,4767202,77,ms,firefox,,1705953605,2023-06-02 10:15:30,1250909,,,,,,,,,,,,,,,,,,,,,,,,,,,,,,,,,,,,,,,,,,,,,,,,,TN
91,5d642eb9394b5f5e9e9f0a4b6be492055e341e31,0.29179512941069197,autoland,4768104,12,53390121d39b212135aaffcd577053a14c7f0dff,linux1804-64-shippable-qr,True,False,,,102210fe594ee9b33d82058545b1ed14f4c8206e,custom.jsdebugger.stepOut.DAMP,damp,True,damp custom.jsdebugger.stepOut.DAMP opt e10s fission stylo webrender,4767202,77,ms,firefox,,1705159385,2023-06-02 12:19:13,1250979,,,,,,,,,,,,,,,,,,,,,,,,,,,,,,,,,,,,,,,,,,,,,,,,,TN
92,44753b3cb852aea36a82fb219e6ea6aaab868587,0.3135577957317255,autoland,4768104,12,53390121d39b212135aaffcd577053a14c7f0dff,linux1804-64-shippable-qr,True,False,,,102210fe594ee9b33d82058545b1ed14f4c8206e,custom.jsdebugger.stepOut.DAMP,damp,True,damp custom.jsdebugger.stepOut.DAMP opt e10s fission stylo webrender,4767202,77,ms,firefox,,1706018408,2023-06-02 12:39:59,1250990,,,,,,,,,,,,,,,,,,,,,,,,,,,,,,,,,,,,,,,,,,,,,,,,,TN
93,aeec9ca92e30d7b8ea35f492d8bc025eeecd9055,0.2911017646298404,autoland,4768104,12,53390121d39b212135aaffcd577053a14c7f0dff,linux1804-64-shippable-qr,True,False,,,102210fe594ee9b33d82058545b1ed14f4c8206e,custom.jsdebugger.stepOut.DAMP,damp,True,damp custom.jsdebugger.stepOut.DAMP opt e10s fission stylo webrender,4767202,77,ms,firefox,,1706018723,2023-06-02 12:49:05,1250992,,,,,,,,,,,,,,,,,,,,,,,,,,,,,,,,,,,,,,,,,,,,,,,,,TN
94,50707b02bc59106d4a8da27cd675c7191a7c7cc1,0.29185711002522763,autoland,4768104,12,53390121d39b212135aaffcd577053a14c7f0dff,linux1804-64-shippable-qr,True,False,,,102210fe594ee9b33d82058545b1ed14f4c8206e,custom.jsdebugger.stepOut.DAMP,damp,True,damp custom.jsdebugger.stepOut.DAMP opt e10s fission stylo webrender,4767202,77,ms,firefox,,1706018255,2023-06-02 12:51:52,1250993,,,,,,,,,,,,,,,,,,,,,,,,,,,,,,,,,,,,,,,,,,,,,,,,,TN
95,df773088226ee94f3ebdf30ba603944fb46d6c8b,0.3002807129076339,autoland,4768104,12,53390121d39b212135aaffcd577053a14c7f0dff,linux1804-64-shippable-qr,True,False,,,102210fe594ee9b33d82058545b1ed14f4c8206e,custom.jsdebugger.stepOut.DAMP,damp,True,damp custom.jsdebugger.stepOut.DAMP opt e10s fission stylo webrender,4767202,77,ms,firefox,,1706026850,2023-06-02 12:52:56,1250994,,,,,,,,,,,,,,,,,,,,,,,,,,,,,,,,,,,,,,,,,,,,,,,,,TN
96,7a163a1658cda4abc5c2e9029e8e8886e8759716,0.27541230432376795,autoland,4768104,12,53390121d39b212135aaffcd577053a14c7f0dff,linux1804-64-shippable-qr,True,False,,,102210fe594ee9b33d82058545b1ed14f4c8206e,custom.jsdebugger.stepOut.DAMP,damp,True,damp custom.jsdebugger.stepOut.DAMP opt e10s fission stylo webrender,4767202,77,ms,firefox,,1706016194,2023-06-02 12:53:45,1250995,,,,,,,,,,,,,,,,,,,,,,,,,,,,,,,,,,,,,,,,,,,,,,,,,TN
97,e2c71d0ed1e8bb2b9752f78b13c31171d5dde3a9,0.2757239113615575,autoland,4768104,12,53390121d39b212135aaffcd577053a14c7f0dff,linux1804-64-shippable-qr,True,False,,,102210fe594ee9b33d82058545b1ed14f4c8206e,custom.jsdebugger.stepOut.DAMP,damp,True,damp custom.jsdebugger.stepOut.DAMP opt e10s fission stylo webrender,4767202,77,ms,firefox,,1705187483,2023-06-02 13:27:34,1251019,,,,,,,,,,,,,,,,,,,,,,,,,,,,,,,,,,,,,,,,,,,,,,,,,TN
98,37553193da6faf7b9f539d5fe6f1f08a6e6e6777,0.28088375926911424,autoland,4768104,12,53390121d39b212135aaffcd577053a14c7f0dff,linux1804-64-shippable-qr,True,False,,,102210fe594ee9b33d82058545b1ed14f4c8206e,custom.jsdebugger.stepOut.DAMP,damp,True,damp custom.jsdebugger.stepOut.DAMP opt e10s fission stylo webrender,4767202,77,ms,firefox,,1705953987,2023-06-02 15:21:30,1251108,,,,,,,,,,,,,,,,,,,,,,,,,,,,,,,,,,,,,,,,,,,,,,,,,TN
99,2aad669b353db56e403bd4880cba05c12e1c669e,0.28014553102342,autoland,4768104,12,53390121d39b212135aaffcd577053a14c7f0dff,linux1804-64-shippable-qr,True,False,,,102210fe594ee9b33d82058545b1ed14f4c8206e,custom.jsdebugger.stepOut.DAMP,damp,True,damp custom.jsdebugger.stepOut.DAMP opt e10s fission stylo webrender,4767202,77,ms,firefox,,1706015217,2023-06-02 15:22:21,1251109,,,,,,,,,,,,,,,,,,,,,,,,,,,,,,,,,,,,,,,,,,,,,,,,,TN
100,d64b08d610cbc8cc64747738d21d5eb46636549c,0.2718383631099133,autoland,4768104,12,53390121d39b212135aaffcd577053a14c7f0dff,linux1804-64-shippable-qr,True,False,,,102210fe594ee9b33d82058545b1ed14f4c8206e,custom.jsdebugger.stepOut.DAMP,damp,True,damp custom.jsdebugger.stepOut.DAMP opt e10s fission stylo webrender,4767202,77,ms,firefox,,1706015446,2023-06-02 15:53:38,1251125,,,,,,,,,,,,,,,,,,,,,,,,,,,,,,,,,,,,,,,,,,,,,,,,,TN
101,bcac67805db144dfc991f00dd96cb8715fff032f,0.2959254346201847,autoland,4768104,12,53390121d39b212135aaffcd577053a14c7f0dff,linux1804-64-shippable-qr,True,False,,,102210fe594ee9b33d82058545b1ed14f4c8206e,custom.jsdebugger.stepOut.DAMP,damp,True,damp custom.jsdebugger.stepOut.DAMP opt e10s fission stylo webrender,4767202,77,ms,firefox,,1706015165,2023-06-02 15:54:33,1251126,,,,,,,,,,,,,,,,,,,,,,,,,,,,,,,,,,,,,,,,,,,,,,,,,TN
102,7136ec4788a0389258351ee067aaf711a905f006,0.2816888157362756,autoland,4768104,12,53390121d39b212135aaffcd577053a14c7f0dff,linux1804-64-shippable-qr,True,False,,,102210fe594ee9b33d82058545b1ed14f4c8206e,custom.jsdebugger.stepOut.DAMP,damp,True,damp custom.jsdebugger.stepOut.DAMP opt e10s fission stylo webrender,4767202,77,ms,firefox,,1706021048,2023-06-02 16:20:04,1251139,,,,,,,,,,,,,,,,,,,,,,,,,,,,,,,,,,,,,,,,,,,,,,,,,TN
103,476d58f0e7e613bfae62114d93e6e6e104ce9ed3,0.29159257216813494,autoland,4768104,12,53390121d39b212135aaffcd577053a14c7f0dff,linux1804-64-shippable-qr,True,False,,,102210fe594ee9b33d82058545b1ed14f4c8206e,custom.jsdebugger.stepOut.DAMP,damp,True,damp custom.jsdebugger.stepOut.DAMP opt e10s fission stylo webrender,4767202,77,ms,firefox,,1706017505,2023-06-02 16:24:50,1251141,,,,,,,,,,,,,,,,,,,,,,,,,,,,,,,,,,,,,,,,,,,,,,,,,TN
104,cbef096ccab33cad88107fe274d9aaee2e798f1f,0.29007110913836454,autoland,4768104,12,53390121d39b212135aaffcd577053a14c7f0dff,linux1804-64-shippable-qr,True,False,,,102210fe594ee9b33d82058545b1ed14f4c8206e,custom.jsdebugger.stepOut.DAMP,damp,True,damp custom.jsdebugger.stepOut.DAMP opt e10s fission stylo webrender,4767202,77,ms,firefox,,1706023994,2023-06-02 16:36:30,1251145,,,,,,,,,,,,,,,,,,,,,,,,,,,,,,,,,,,,,,,,,,,,,,,,,TN
105,19fa69e2372fd460e6ece72c0de58b85fac06862,0.3064407168209444,autoland,4768104,12,53390121d39b212135aaffcd577053a14c7f0dff,linux1804-64-shippable-qr,True,False,,,102210fe594ee9b33d82058545b1ed14f4c8206e,custom.jsdebugger.stepOut.DAMP,damp,True,damp custom.jsdebugger.stepOut.DAMP opt e10s fission stylo webrender,4767202,77,ms,firefox,,1706017979,2023-06-02 16:49:47,1251151,,,,,,,,,,,,,,,,,,,,,,,,,,,,,,,,,,,,,,,,,,,,,,,,,TN
106,9999777adddd9fa18c8d026d8ade99ebf8d2f184,0.2900266500546429,autoland,4768104,12,53390121d39b212135aaffcd577053a14c7f0dff,linux1804-64-shippable-qr,True,False,,,102210fe594ee9b33d82058545b1ed14f4c8206e,custom.jsdebugger.stepOut.DAMP,damp,True,damp custom.jsdebugger.stepOut.DAMP opt e10s fission stylo webrender,4767202,77,ms,firefox,,1706020636,2023-06-02 17:27:24,1251167,,,,,,,,,,,,,,,,,,,,,,,,,,,,,,,,,,,,,,,,,,,,,,,,,TN
107,ad7e9e56836f2bd7e0668d322719f548e825a685,0.29878812786458053,autoland,4768104,12,53390121d39b212135aaffcd577053a14c7f0dff,linux1804-64-shippable-qr,True,False,,,102210fe594ee9b33d82058545b1ed14f4c8206e,custom.jsdebugger.stepOut.DAMP,damp,True,damp custom.jsdebugger.stepOut.DAMP opt e10s fission stylo webrender,4767202,77,ms,firefox,,1705278669,2023-06-02 17:59:13,1251185,,,,,,,,,,,,,,,,,,,,,,,,,,,,,,,,,,,,,,,,,,,,,,,,,TN
108,8c3b1c60fde747fcb4e3421062a37b829d6acb9f,0.27938414375518517,autoland,4768104,12,53390121d39b212135aaffcd577053a14c7f0dff,linux1804-64-shippable-qr,True,False,,,102210fe594ee9b33d82058545b1ed14f4c8206e,custom.jsdebugger.stepOut.DAMP,damp,True,damp custom.jsdebugger.stepOut.DAMP opt e10s fission stylo webrender,4767202,77,ms,firefox,,1705273324,2023-06-02 18:03:52,1251187,,,,,,,,,,,,,,,,,,,,,,,,,,,,,,,,,,,,,,,,,,,,,,,,,TN
109,b9f63a24bc677e4c6a1f9bc801c2e3bf44dbd6e8,0.2825792791097439,autoland,4768104,12,53390121d39b212135aaffcd577053a14c7f0dff,linux1804-64-shippable-qr,True,False,,,102210fe594ee9b33d82058545b1ed14f4c8206e,custom.jsdebugger.stepOut.DAMP,damp,True,damp custom.jsdebugger.stepOut.DAMP opt e10s fission stylo webrender,4767202,77,ms,firefox,,1705388218,2023-06-02 22:18:32,1251308,,,,,,,,,,,,,,,,,,,,,,,,,,,,,,,,,,,,,,,,,,,,,,,,,TN
110,64bce9d136ae9b4bd5482515721d6daf2da53dc3,0.2893298187232529,autoland,4768104,12,53390121d39b212135aaffcd577053a14c7f0dff,linux1804-64-shippable-qr,True,False,,,102210fe594ee9b33d82058545b1ed14f4c8206e,custom.jsdebugger.stepOut.DAMP,damp,True,damp custom.jsdebugger.stepOut.DAMP opt e10s fission stylo webrender,4767202,77,ms,firefox,,1705444955,2023-06-03 05:40:17,1251358,,,,,,,,,,,,,,,,,,,,,,,,,,,,,,,,,,,,,,,,,,,,,,,,,TN
111,7bc8c25b2935765c57adc63333c221bbe5067831,0.2963499276104353,autoland,4768104,12,53390121d39b212135aaffcd577053a14c7f0dff,linux1804-64-shippable-qr,True,False,,,102210fe594ee9b33d82058545b1ed14f4c8206e,custom.jsdebugger.stepOut.DAMP,damp,True,damp custom.jsdebugger.stepOut.DAMP opt e10s fission stylo webrender,4767202,77,ms,firefox,,1705527072,2023-06-03 14:24:38,1251409,,,,,,,,,,,,,,,,,,,,,,,,,,,,,,,,,,,,,,,,,,,,,,,,,TN
112,b8f06acca6bf62e32647496ed613012fa4c27e9e,0.2856875718557641,autoland,4768104,12,53390121d39b212135aaffcd577053a14c7f0dff,linux1804-64-shippable-qr,True,False,,,102210fe594ee9b33d82058545b1ed14f4c8206e,custom.jsdebugger.stepOut.DAMP,damp,True,damp custom.jsdebugger.stepOut.DAMP opt e10s fission stylo webrender,4767202,77,ms,firefox,,1705592277,2023-06-03 23:39:13,1251453,,,,,,,,,,,,,,,,,,,,,,,,,,,,,,,,,,,,,,,,,,,,,,,,,TN
113,7c8f755bb185b66dbaf3d2f61f4702ea28a300fd,0.28386732474681287,autoland,4768104,12,53390121d39b212135aaffcd577053a14c7f0dff,linux1804-64-shippable-qr,True,False,,,102210fe594ee9b33d82058545b1ed14f4c8206e,custom.jsdebugger.stepOut.DAMP,damp,True,damp custom.jsdebugger.stepOut.DAMP opt e10s fission stylo webrender,4767202,77,ms,firefox,,1707168931,2023-06-04 08:59:14,1251471,,,,,,,,,,,,,,,,,,,,,,,,,,,,,,,,,,,,,,,,,,,,,,,,,TN
114,96604e3a217e9a5b59a6f31a4c426ee7f5df03d1,0.28031522906164574,autoland,4768104,12,53390121d39b212135aaffcd577053a14c7f0dff,linux1804-64-shippable-qr,True,False,,,102210fe594ee9b33d82058545b1ed14f4c8206e,custom.jsdebugger.stepOut.DAMP,damp,True,damp custom.jsdebugger.stepOut.DAMP opt e10s fission stylo webrender,4767202,77,ms,firefox,,1707168772,2023-06-04 10:25:29,1251479,,,,,,,,,,,,,,,,,,,,,,,,,,,,,,,,,,,,,,,,,,,,,,,,,TN
115,c77b553a85b1762e106fb38f350651ecf9a83748,0.2886921134921099,autoland,4768104,12,53390121d39b212135aaffcd577053a14c7f0dff,linux1804-64-shippable-qr,True,False,,,102210fe594ee9b33d82058545b1ed14f4c8206e,custom.jsdebugger.stepOut.DAMP,damp,True,damp custom.jsdebugger.stepOut.DAMP opt e10s fission stylo webrender,4767202,77,ms,firefox,,1707169233,2023-06-04 10:56:15,1251480,,,,,,,,,,,,,,,,,,,,,,,,,,,,,,,,,,,,,,,,,,,,,,,,,TN
116,00802389f336283602445d4f08e53b8bd09b43eb,0.28978165364748487,autoland,4768104,12,53390121d39b212135aaffcd577053a14c7f0dff,linux1804-64-shippable-qr,True,False,,,102210fe594ee9b33d82058545b1ed14f4c8206e,custom.jsdebugger.stepOut.DAMP,damp,True,damp custom.jsdebugger.stepOut.DAMP opt e10s fission stylo webrender,4767202,77,ms,firefox,,1705671017,2023-06-04 11:53:44,1251481,,,,,,,,,,,,,,,,,,,,,,,,,,,,,,,,,,,,,,,,,,,,,,,,,TN
117,54a959f32279f40b113d9f866a11411fd1401b01,0.2697324738153244,autoland,4768104,12,53390121d39b212135aaffcd577053a14c7f0dff,linux1804-64-shippable-qr,True,False,,,102210fe594ee9b33d82058545b1ed14f4c8206e,custom.jsdebugger.stepOut.DAMP,damp,True,damp custom.jsdebugger.stepOut.DAMP opt e10s fission stylo webrender,4767202,77,ms,firefox,,1707187372,2023-06-04 12:16:03,1251484,,,,,,,,,,,,,,,,,,,,,,,,,,,,,,,,,,,,,,,,,,,,,,,,,TN
118,81afd61afe48ea4877eff969a6eda908bcf79231,0.21462020697357498,autoland,4768104,12,53390121d39b212135aaffcd577053a14c7f0dff,linux1804-64-shippable-qr,True,False,,,102210fe594ee9b33d82058545b1ed14f4c8206e,custom.jsdebugger.stepOut.DAMP,damp,True,damp custom.jsdebugger.stepOut.DAMP opt e10s fission stylo webrender,4767202,77,ms,firefox,,1707178010,2023-06-04 15:30:56,1251486,,,,,,,,,,,,,,,,,,,,,,,,,,,,,,,,,,,,,,,,,,,,,,,,,TN
119,8a4b7b46101dab1ab91d388939059d21319cd034,0.2945451751583925,autoland,4768104,12,53390121d39b212135aaffcd577053a14c7f0dff,linux1804-64-shippable-qr,True,False,,,102210fe594ee9b33d82058545b1ed14f4c8206e,custom.jsdebugger.stepOut.DAMP,damp,True,damp custom.jsdebugger.stepOut.DAMP opt e10s fission stylo webrender,4767202,77,ms,firefox,,1707169319,2023-06-04 15:33:34,1251487,,,,,,,,,,,,,,,,,,,,,,,,,,,,,,,,,,,,,,,,,,,,,,,,,TN
120,711f085aefdfb5da768b3be4fea2b93b914315a8,0.2947507727119183,autoland,4768104,12,53390121d39b212135aaffcd577053a14c7f0dff,linux1804-64-shippable-qr,True,False,,,102210fe594ee9b33d82058545b1ed14f4c8206e,custom.jsdebugger.stepOut.DAMP,damp,True,damp custom.jsdebugger.stepOut.DAMP opt e10s fission stylo webrender,4767202,77,ms,firefox,,1707182831,2023-06-04 18:58:43,1251508,,,,,,,,,,,,,,,,,,,,,,,,,,,,,,,,,,,,,,,,,,,,,,,,,TN
121,eeba3a3c20a4dc53210a44734b25d2c0870b6523,0.27044089906473,autoland,4768104,12,53390121d39b212135aaffcd577053a14c7f0dff,linux1804-64-shippable-qr,True,False,,,102210fe594ee9b33d82058545b1ed14f4c8206e,custom.jsdebugger.stepOut.DAMP,damp,True,damp custom.jsdebugger.stepOut.DAMP opt e10s fission stylo webrender,4767202,77,ms,firefox,,1705715122,2023-06-04 20:28:08,1251514,,,,,,,,,,,,,,,,,,,,,,,,,,,,,,,,,,,,,,,,,,,,,,,,,TN
122,f8fa7749f7bdc93fa3491918a4e8b0fb4db659eb,0.2903876065064752,autoland,4768104,12,53390121d39b212135aaffcd577053a14c7f0dff,linux1804-64-shippable-qr,True,False,,,102210fe594ee9b33d82058545b1ed14f4c8206e,custom.jsdebugger.stepOut.DAMP,damp,True,damp custom.jsdebugger.stepOut.DAMP opt e10s fission stylo webrender,4767202,77,ms,firefox,,1705762005,2023-06-05 03:24:10,1251552,,,,,,,,,,,,,,,,,,,,,,,,,,,,,,,,,,,,,,,,,,,,,,,,,TN
123,61d4558543daf8b284b3194aba84289d6e31ad2f,0.3037741832496732,autoland,4768104,12,53390121d39b212135aaffcd577053a14c7f0dff,linux1804-64-shippable-qr,True,False,,,102210fe594ee9b33d82058545b1ed14f4c8206e,custom.jsdebugger.stepOut.DAMP,damp,True,damp custom.jsdebugger.stepOut.DAMP opt e10s fission stylo webrender,4767202,77,ms,firefox,,1705794268,2023-06-05 08:05:57,1251588,,,,,,,,,,,,,,,,,,,,,,,,,,,,,,,,,,,,,,,,,,,,,,,,,TN
124,1affd61c6142771ac7be203e33a442977866164b,0.2880565972848699,autoland,4768104,12,53390121d39b212135aaffcd577053a14c7f0dff,linux1804-64-shippable-qr,True,False,,,102210fe594ee9b33d82058545b1ed14f4c8206e,custom.jsdebugger.stepOut.DAMP,damp,True,damp custom.jsdebugger.stepOut.DAMP opt e10s fission stylo webrender,4767202,77,ms,firefox,,1707252982,2023-06-05 09:41:40,1251624,,,,,,,,,,,,,,,,,,,,,,,,,,,,,,,,,,,,,,,,,,,,,,,,,TN
125,95ed74f9ad6da76c6cf56a1db4cfe6afd6213af2,0.1592064633368908,autoland,4768104,12,53390121d39b212135aaffcd577053a14c7f0dff,linux1804-64-shippable-qr,True,False,,,102210fe594ee9b33d82058545b1ed14f4c8206e,custom.jsdebugger.stepOut.DAMP,damp,True,damp custom.jsdebugger.stepOut.DAMP opt e10s fission stylo webrender,4767202,77,ms,firefox,,1707252386,2023-06-05 10:13:11,1251649,,,,,,,,,,,,,,,,,,,,,,,,,,,,,,,,,,,,,,,,,,,,,,,,,TN
126,6ad4019db2d5ac7bea3f12238282b70312e33b89,0.1620335473399368,autoland,4768104,12,53390121d39b212135aaffcd577053a14c7f0dff,linux1804-64-shippable-qr,True,False,,,102210fe594ee9b33d82058545b1ed14f4c8206e,custom.jsdebugger.stepOut.DAMP,damp,True,damp custom.jsdebugger.stepOut.DAMP opt e10s fission stylo webrender,4767202,77,ms,firefox,,1707168881,2023-06-05 11:51:57,1251708,,,,,,,,,,,,,,,,,,,,,,,,,,,,,,,,,,,,,,,,,,,,,,,,,TN
127,00af548d93acc8c2c3ab652a04c882e3a80476a9,0.16748947339557052,autoland,4768104,12,53390121d39b212135aaffcd577053a14c7f0dff,linux1804-64-shippable-qr,True,False,,,102210fe594ee9b33d82058545b1ed14f4c8206e,custom.jsdebugger.stepOut.DAMP,damp,True,damp custom.jsdebugger.stepOut.DAMP opt e10s fission stylo webrender,4767202,77,ms,firefox,,1705908424,2023-06-05 12:01:26,1251712,546.76,mozilla-ldap/jdescottes@mozilla.com,61d4558543daf8b284b3194aba84289d6e31ad2f,38574.0,10.17,608.65,2023-06-12 08:52:46.044397,12.0,12.0,,,,1251588.0,4.0,2.0,mozilla-ldap/jdescottes@mozilla.com,,,2023-06-14 04:55:25.105376,,1.0,-61.89,176064.0,,,38574.0,,False,False,jdescottes@mozilla.com,,,jdescottes@mozilla.com,2023-06-07 04:55:25.105376,,,OK,38626.0,,,,False,,18.61,damp,,,2023-06-12 04:55:25.105376,TP
128,d0e9eed0248ae2b4c48f90fa0209770e06bbe1eb,0.15538953783920006,autoland,4768104,12,53390121d39b212135aaffcd577053a14c7f0dff,linux1804-64-shippable-qr,True,False,,,102210fe594ee9b33d82058545b1ed14f4c8206e,custom.jsdebugger.stepOut.DAMP,damp,True,damp custom.jsdebugger.stepOut.DAMP opt e10s fission stylo webrender,4767202,77,ms,firefox,,1707186946,2023-06-05 13:59:37,1251771,,,,,,,,,,,,,,,,,,,,,,,,,,,,,,,,,,,,,,,,,,,,,,,,,TN
129,d84c5b30fb0fe6abfbbcc6cc60b9df0c863e4612,0.17507521371719048,autoland,4768104,12,53390121d39b212135aaffcd577053a14c7f0dff,linux1804-64-shippable-qr,True,False,,,102210fe594ee9b33d82058545b1ed14f4c8206e,custom.jsdebugger.stepOut.DAMP,damp,True,damp custom.jsdebugger.stepOut.DAMP opt e10s fission stylo webrender,4767202,77,ms,firefox,,1707182552,2023-06-05 14:11:14,1251781,,,,,,,,,,,,,,,,,,,,,,,,,,,,,,,,,,,,,,,,,,,,,,,,,TN
130,e8a4b71ba339fc9138bf905ba2451af3c350ed82,0.1485852960004761,autoland,4768104,12,53390121d39b212135aaffcd577053a14c7f0dff,linux1804-64-shippable-qr,True,False,,,102210fe594ee9b33d82058545b1ed14f4c8206e,custom.jsdebugger.stepOut.DAMP,damp,True,damp custom.jsdebugger.stepOut.DAMP opt e10s fission stylo webrender,4767202,77,ms,firefox,,1707168825,2023-06-05 14:17:47,1251788,,,,,,,,,,,,,,,,,,,,,,,,,,,,,,,,,,,,,,,,,,,,,,,,,TN
131,44fb15e25492477801ad23050af8db4ebeb7b85c,0.13085277353227864,autoland,4768104,12,53390121d39b212135aaffcd577053a14c7f0dff,linux1804-64-shippable-qr,True,False,,,102210fe594ee9b33d82058545b1ed14f4c8206e,custom.jsdebugger.stepOut.DAMP,damp,True,damp custom.jsdebugger.stepOut.DAMP opt e10s fission stylo webrender,4767202,77,ms,firefox,,1707183830,2023-06-05 14:28:50,1251799,,,,,,,,,,,,,,,,,,,,,,,,,,,,,,,,,,,,,,,,,,,,,,,,,TN
132,2c255581fd1f57c69e3f4439c2083bff1e5b8a0d,0.1618218731386516,autoland,4768104,12,53390121d39b212135aaffcd577053a14c7f0dff,linux1804-64-shippable-qr,True,False,,,102210fe594ee9b33d82058545b1ed14f4c8206e,custom.jsdebugger.stepOut.DAMP,damp,True,damp custom.jsdebugger.stepOut.DAMP opt e10s fission stylo webrender,4767202,77,ms,firefox,,1707181100,2023-06-05 14:30:29,1251800,,,,,,,,,,,,,,,,,,,,,,,,,,,,,,,,,,,,,,,,,,,,,,,,,TN
133,33f432ba7bed03f9a1c77dc6301e571e94293ab7,0.16105673217928396,autoland,4768104,12,53390121d39b212135aaffcd577053a14c7f0dff,linux1804-64-shippable-qr,True,False,,,102210fe594ee9b33d82058545b1ed14f4c8206e,custom.jsdebugger.stepOut.DAMP,damp,True,damp custom.jsdebugger.stepOut.DAMP opt e10s fission stylo webrender,4767202,77,ms,firefox,,1707183331,2023-06-05 15:39:51,1251849,,,,,,,,,,,,,,,,,,,,,,,,,,,,,,,,,,,,,,,,,,,,,,,,,TN
134,07a9bab5ac94357f2a8efa4e676d57d3e13570da,0.13275184914895855,autoland,4768104,12,53390121d39b212135aaffcd577053a14c7f0dff,linux1804-64-shippable-qr,True,False,,,102210fe594ee9b33d82058545b1ed14f4c8206e,custom.jsdebugger.stepOut.DAMP,damp,True,damp custom.jsdebugger.stepOut.DAMP opt e10s fission stylo webrender,4767202,77,ms,firefox,,1707187483,2023-06-05 15:44:42,1251857,,,,,,,,,,,,,,,,,,,,,,,,,,,,,,,,,,,,,,,,,,,,,,,,,TN
135,57fa01866c54b16c0a9f098549f93aaf2e218e09,0.15888459887979534,autoland,4768104,12,53390121d39b212135aaffcd577053a14c7f0dff,linux1804-64-shippable-qr,True,False,,,102210fe594ee9b33d82058545b1ed14f4c8206e,custom.jsdebugger.stepOut.DAMP,damp,True,damp custom.jsdebugger.stepOut.DAMP opt e10s fission stylo webrender,4767202,77,ms,firefox,,1707206655,2023-06-05 15:48:01,1251862,,,,,,,,,,,,,,,,,,,,,,,,,,,,,,,,,,,,,,,,,,,,,,,,,TN
136,7fa82a1776ab432689aba691b8b92a79bfb659e5,0.14838556644586376,autoland,4768104,12,53390121d39b212135aaffcd577053a14c7f0dff,linux1804-64-shippable-qr,True,False,,,102210fe594ee9b33d82058545b1ed14f4c8206e,custom.jsdebugger.stepOut.DAMP,damp,True,damp custom.jsdebugger.stepOut.DAMP opt e10s fission stylo webrender,4767202,77,ms,firefox,,1707183499,2023-06-05 15:56:33,1251872,,,,,,,,,,,,,,,,,,,,,,,,,,,,,,,,,,,,,,,,,,,,,,,,,TN
137,c8df8c0bde6047b8fe23c9716940cbc1c07c2a65,0.15989925299599195,autoland,4768104,12,53390121d39b212135aaffcd577053a14c7f0dff,linux1804-64-shippable-qr,True,False,,,102210fe594ee9b33d82058545b1ed14f4c8206e,custom.jsdebugger.stepOut.DAMP,damp,True,damp custom.jsdebugger.stepOut.DAMP opt e10s fission stylo webrender,4767202,77,ms,firefox,,1706038180,2023-06-05 16:13:31,1251888,,,,,,,,,,,,,,,,,,,,,,,,,,,,,,,,,,,,,,,,,,,,,,,,,TN
138,03d635b2bdb2041550924e64dc0dd20abf4499f9,0.13443843186625237,autoland,4768104,12,53390121d39b212135aaffcd577053a14c7f0dff,linux1804-64-shippable-qr,True,False,,,102210fe594ee9b33d82058545b1ed14f4c8206e,custom.jsdebugger.stepOut.DAMP,damp,True,damp custom.jsdebugger.stepOut.DAMP opt e10s fission stylo webrender,4767202,77,ms,firefox,,1706072553,2023-06-05 16:43:43,1251915,,,,,,,,,,,,,,,,,,,,,,,,,,,,,,,,,,,,,,,,,,,,,,,,,TN
139,d73c2643092115d9b5859c16e121e421656264bc,0.17678256295085615,autoland,4768104,12,53390121d39b212135aaffcd577053a14c7f0dff,linux1804-64-shippable-qr,True,False,,,102210fe594ee9b33d82058545b1ed14f4c8206e,custom.jsdebugger.stepOut.DAMP,damp,True,damp custom.jsdebugger.stepOut.DAMP opt e10s fission stylo webrender,4767202,77,ms,firefox,,1706169546,2023-06-05 20:14:05,1252060,,,,,,,,,,,,,,,,,,,,,,,,,,,,,,,,,,,,,,,,,,,,,,,,,TN
140,3a79e9a1c11da81af50cfb6e535537b5e8e7ce9f,0.1542132385346442,autoland,4768104,12,53390121d39b212135aaffcd577053a14c7f0dff,linux1804-64-shippable-qr,True,False,,,102210fe594ee9b33d82058545b1ed14f4c8206e,custom.jsdebugger.stepOut.DAMP,damp,True,damp custom.jsdebugger.stepOut.DAMP opt e10s fission stylo webrender,4767202,77,ms,firefox,,1706266980,2023-06-05 22:25:10,1252165,,,,,,,,,,,,,,,,,,,,,,,,,,,,,,,,,,,,,,,,,,,,,,,,,TN
141,7974ac7e053aa00b02c6b9405b4fe87e6729456d,0.21791246635451644,autoland,4768104,12,53390121d39b212135aaffcd577053a14c7f0dff,linux1804-64-shippable-qr,True,False,,,102210fe594ee9b33d82058545b1ed14f4c8206e,custom.jsdebugger.stepOut.DAMP,damp,True,damp custom.jsdebugger.stepOut.DAMP opt e10s fission stylo webrender,4767202,77,ms,firefox,,1706427543,2023-06-06 07:45:19,1252336,,,,,,,,,,,,,,,,,,,,,,,,,,,,,,,,,,,,,,,,,,,,,,,,,TN
142,d65af714b0fdd0ee5f9ce476b8fc190ba5f55b60,0.17541251635072275,autoland,4768104,12,53390121d39b212135aaffcd577053a14c7f0dff,linux1804-64-shippable-qr,True,False,,,102210fe594ee9b33d82058545b1ed14f4c8206e,custom.jsdebugger.stepOut.DAMP,damp,True,damp custom.jsdebugger.stepOut.DAMP opt e10s fission stylo webrender,4767202,77,ms,firefox,,1707812396,2023-06-06 09:54:47,1252397,,,,,,,,,,,,,,,,,,,,,,,,,,,,,,,,,,,,,,,,,,,,,,,,,TN
143,3e4384557768738718080265a78d359c27c18f12,0.15918943874170832,autoland,4768104,12,53390121d39b212135aaffcd577053a14c7f0dff,linux1804-64-shippable-qr,True,False,,,102210fe594ee9b33d82058545b1ed14f4c8206e,custom.jsdebugger.stepOut.DAMP,damp,True,damp custom.jsdebugger.stepOut.DAMP opt e10s fission stylo webrender,4767202,77,ms,firefox,,1707813604,2023-06-06 10:19:29,1252406,,,,,,,,,,,,,,,,,,,,,,,,,,,,,,,,,,,,,,,,,,,,,,,,,TN
144,832a5840ccf75993a3a7a21f1d93c854237d467a,0.10750969990355652,autoland,4768104,12,53390121d39b212135aaffcd577053a14c7f0dff,linux1804-64-shippable-qr,True,False,,,102210fe594ee9b33d82058545b1ed14f4c8206e,custom.jsdebugger.stepOut.DAMP,damp,True,damp custom.jsdebugger.stepOut.DAMP opt e10s fission stylo webrender,4767202,77,ms,firefox,,1707807088,2023-06-06 10:23:19,1252407,,,,,,,,,,,,,,,,,,,,,,,,,,,,,,,,,,,,,,,,,,,,,,,,,TN
145,78f4ea7de45671de85a129f294afac8054b37639,0.15231871245521966,autoland,4768104,12,53390121d39b212135aaffcd577053a14c7f0dff,linux1804-64-shippable-qr,True,False,,,102210fe594ee9b33d82058545b1ed14f4c8206e,custom.jsdebugger.stepOut.DAMP,damp,True,damp custom.jsdebugger.stepOut.DAMP opt e10s fission stylo webrender,4767202,77,ms,firefox,,1707812543,2023-06-06 10:37:23,1252411,,,,,,,,,,,,,,,,,,,,,,,,,,,,,,,,,,,,,,,,,,,,,,,,,TN
146,6f1ff2bca66b3dfdd8844e9e25ada2a2cffdcf70,0.14287803811123623,autoland,4768104,12,53390121d39b212135aaffcd577053a14c7f0dff,linux1804-64-shippable-qr,True,False,,,102210fe594ee9b33d82058545b1ed14f4c8206e,custom.jsdebugger.stepOut.DAMP,damp,True,damp custom.jsdebugger.stepOut.DAMP opt e10s fission stylo webrender,4767202,77,ms,firefox,,1707812529,2023-06-06 11:15:50,1252438,,,,,,,,,,,,,,,,,,,,,,,,,,,,,,,,,,,,,,,,,,,,,,,,,TN
147,140e58bd0868043ccfb2d2fafc2d399ccb2be7d4,0.1543539274356045,autoland,4768104,12,53390121d39b212135aaffcd577053a14c7f0dff,linux1804-64-shippable-qr,True,False,,,102210fe594ee9b33d82058545b1ed14f4c8206e,custom.jsdebugger.stepOut.DAMP,damp,True,damp custom.jsdebugger.stepOut.DAMP opt e10s fission stylo webrender,4767202,77,ms,firefox,,1707813782,2023-06-06 11:22:16,1252446,,,,,,,,,,,,,,,,,,,,,,,,,,,,,,,,,,,,,,,,,,,,,,,,,TN
148,9ccaad4630db78ad8e12abf18110e00ab1716fcc,0.15340871759935126,autoland,4768104,12,53390121d39b212135aaffcd577053a14c7f0dff,linux1804-64-shippable-qr,True,False,,,102210fe594ee9b33d82058545b1ed14f4c8206e,custom.jsdebugger.stepOut.DAMP,damp,True,damp custom.jsdebugger.stepOut.DAMP opt e10s fission stylo webrender,4767202,77,ms,firefox,,1707812689,2023-06-06 11:23:06,1252448,,,,,,,,,,,,,,,,,,,,,,,,,,,,,,,,,,,,,,,,,,,,,,,,,TN
149,fd2577ea9b64ca2f858424cb1733a183dfc1563e,0.17114876930835377,autoland,4768104,12,53390121d39b212135aaffcd577053a14c7f0dff,linux1804-64-shippable-qr,True,False,,,102210fe594ee9b33d82058545b1ed14f4c8206e,custom.jsdebugger.stepOut.DAMP,damp,True,damp custom.jsdebugger.stepOut.DAMP opt e10s fission stylo webrender,4767202,77,ms,firefox,,1707815244,2023-06-06 11:23:56,1252450,,,,,,,,,,,,,,,,,,,,,,,,,,,,,,,,,,,,,,,,,,,,,,,,,TN
150,eb3d18321ac2a30548014e6ad4b18cee6764ba51,0.1666808773054469,autoland,4768104,12,53390121d39b212135aaffcd577053a14c7f0dff,linux1804-64-shippable-qr,True,False,,,102210fe594ee9b33d82058545b1ed14f4c8206e,custom.jsdebugger.stepOut.DAMP,damp,True,damp custom.jsdebugger.stepOut.DAMP opt e10s fission stylo webrender,4767202,77,ms,firefox,,1707812237,2023-06-06 11:26:27,1252452,,,,,,,,,,,,,,,,,,,,,,,,,,,,,,,,,,,,,,,,,,,,,,,,,TN
151,847d7aa42cbef71e48427dda557da27be7b8a938,0.1645949874944248,autoland,4768104,12,53390121d39b212135aaffcd577053a14c7f0dff,linux1804-64-shippable-qr,True,False,,,102210fe594ee9b33d82058545b1ed14f4c8206e,custom.jsdebugger.stepOut.DAMP,damp,True,damp custom.jsdebugger.stepOut.DAMP opt e10s fission stylo webrender,4767202,77,ms,firefox,,1706621827,2023-06-06 12:19:14,1252475,,,,,,,,,,,,,,,,,,,,,,,,,,,,,,,,,,,,,,,,,,,,,,,,,TN
152,20056e07ec0b6b8f880493d89974e85d192775fa,0.16437335081008198,autoland,4768104,12,53390121d39b212135aaffcd577053a14c7f0dff,linux1804-64-shippable-qr,True,False,,,102210fe594ee9b33d82058545b1ed14f4c8206e,custom.jsdebugger.stepOut.DAMP,damp,True,damp custom.jsdebugger.stepOut.DAMP opt e10s fission stylo webrender,4767202,77,ms,firefox,,1707813329,2023-06-06 12:20:51,1252476,,,,,,,,,,,,,,,,,,,,,,,,,,,,,,,,,,,,,,,,,,,,,,,,,TN
153,e888855e0aa08d99219dc3a4f5d1c2a706beed1c,0.13348723281609276,autoland,4768104,12,53390121d39b212135aaffcd577053a14c7f0dff,linux1804-64-shippable-qr,True,False,,,102210fe594ee9b33d82058545b1ed14f4c8206e,custom.jsdebugger.stepOut.DAMP,damp,True,damp custom.jsdebugger.stepOut.DAMP opt e10s fission stylo webrender,4767202,77,ms,firefox,,1707811502,2023-06-06 12:21:44,1252478,,,,,,,,,,,,,,,,,,,,,,,,,,,,,,,,,,,,,,,,,,,,,,,,,TN
154,f0bb54e03054060649af1c6d5025c09c4e85ebf2,0.1457205579979357,autoland,4768104,12,53390121d39b212135aaffcd577053a14c7f0dff,linux1804-64-shippable-qr,True,False,,,102210fe594ee9b33d82058545b1ed14f4c8206e,custom.jsdebugger.stepOut.DAMP,damp,True,damp custom.jsdebugger.stepOut.DAMP opt e10s fission stylo webrender,4767202,77,ms,firefox,,1707814887,2023-06-06 12:22:41,1252480,,,,,,,,,,,,,,,,,,,,,,,,,,,,,,,,,,,,,,,,,,,,,,,,,TN
155,503f95d5ddc57ff0ace957b7ceda7dd058b9f723,0.14113226073753893,autoland,4768104,12,53390121d39b212135aaffcd577053a14c7f0dff,linux1804-64-shippable-qr,True,False,,,102210fe594ee9b33d82058545b1ed14f4c8206e,custom.jsdebugger.stepOut.DAMP,damp,True,damp custom.jsdebugger.stepOut.DAMP opt e10s fission stylo webrender,4767202,77,ms,firefox,,1707812293,2023-06-06 12:23:42,1252481,,,,,,,,,,,,,,,,,,,,,,,,,,,,,,,,,,,,,,,,,,,,,,,,,TN
156,4dd173e4015724a4671a076d73d8911568e1207f,0.14643954485058308,autoland,4768104,12,53390121d39b212135aaffcd577053a14c7f0dff,linux1804-64-shippable-qr,True,False,,,102210fe594ee9b33d82058545b1ed14f4c8206e,custom.jsdebugger.stepOut.DAMP,damp,True,damp custom.jsdebugger.stepOut.DAMP opt e10s fission stylo webrender,4767202,77,ms,firefox,,1707815411,2023-06-06 12:24:40,1252482,,,,,,,,,,,,,,,,,,,,,,,,,,,,,,,,,,,,,,,,,,,,,,,,,TN
157,cefcde9bc1caf4138a95e6cc847a1b6bff5f31ba,0.14889066742004764,autoland,4768104,12,53390121d39b212135aaffcd577053a14c7f0dff,linux1804-64-shippable-qr,True,False,,,102210fe594ee9b33d82058545b1ed14f4c8206e,custom.jsdebugger.stepOut.DAMP,damp,True,damp custom.jsdebugger.stepOut.DAMP opt e10s fission stylo webrender,4767202,77,ms,firefox,,1707815520,2023-06-06 12:31:34,1252484,,,,,,,,,,,,,,,,,,,,,,,,,,,,,,,,,,,,,,,,,,,,,,,,,TN
158,b97c8d97b6469becb2138e0a621833d27aee5863,0.15812520271720842,autoland,4768104,12,53390121d39b212135aaffcd577053a14c7f0dff,linux1804-64-shippable-qr,True,False,,,102210fe594ee9b33d82058545b1ed14f4c8206e,custom.jsdebugger.stepOut.DAMP,damp,True,damp custom.jsdebugger.stepOut.DAMP opt e10s fission stylo webrender,4767202,77,ms,firefox,,1707815794,2023-06-06 12:33:25,1252485,,,,,,,,,,,,,,,,,,,,,,,,,,,,,,,,,,,,,,,,,,,,,,,,,TN
159,d132c75f9ca2cdd84287910ccd9100989085f9e8,0.16625107228730607,autoland,4768104,12,53390121d39b212135aaffcd577053a14c7f0dff,linux1804-64-shippable-qr,True,False,,,102210fe594ee9b33d82058545b1ed14f4c8206e,custom.jsdebugger.stepOut.DAMP,damp,True,damp custom.jsdebugger.stepOut.DAMP opt e10s fission stylo webrender,4767202,77,ms,firefox,,1707251945,2023-06-06 12:36:53,1252489,,,,,,,,,,,,,,,,,,,,,,,,,,,,,,,,,,,,,,,,,,,,,,,,,TN
160,8dc3bd71e12a9a3971c0685c816aec7e6270c9ae,0.16755744466927514,autoland,4768104,12,53390121d39b212135aaffcd577053a14c7f0dff,linux1804-64-shippable-qr,True,False,,,102210fe594ee9b33d82058545b1ed14f4c8206e,custom.jsdebugger.stepOut.DAMP,damp,True,damp custom.jsdebugger.stepOut.DAMP opt e10s fission stylo webrender,4767202,77,ms,firefox,,1708181077,2023-06-06 13:10:58,1252509,,,,,,,,,,,,,,,,,,,,,,,,,,,,,,,,,,,,,,,,,,,,,,,,,TN
161,3d553b8ece8c1e6d47fc404d387f6283d8192387,0.14240076989259376,autoland,4768104,12,53390121d39b212135aaffcd577053a14c7f0dff,linux1804-64-shippable-qr,True,False,,,102210fe594ee9b33d82058545b1ed14f4c8206e,custom.jsdebugger.stepOut.DAMP,damp,True,damp custom.jsdebugger.stepOut.DAMP opt e10s fission stylo webrender,4767202,77,ms,firefox,,1708138377,2023-06-06 13:15:30,1252512,,,,,,,,,,,,,,,,,,,,,,,,,,,,,,,,,,,,,,,,,,,,,,,,,TN
162,acd7574ed678967e69cf68f97b396373f558141c,0.21064725375507476,autoland,4768104,12,53390121d39b212135aaffcd577053a14c7f0dff,linux1804-64-shippable-qr,True,False,,,102210fe594ee9b33d82058545b1ed14f4c8206e,custom.jsdebugger.stepOut.DAMP,damp,True,damp custom.jsdebugger.stepOut.DAMP opt e10s fission stylo webrender,4767202,77,ms,firefox,,1707813895,2023-06-06 13:20:12,1252517,,,,,,,,,,,,,,,,,,,,,,,,,,,,,,,,,,,,,,,,,,,,,,,,,TN
163,13d61302e4abee9d44a41b4f16495b4a133dc1a8,0.1856930130187422,autoland,4768104,12,53390121d39b212135aaffcd577053a14c7f0dff,linux1804-64-shippable-qr,True,False,,,102210fe594ee9b33d82058545b1ed14f4c8206e,custom.jsdebugger.stepOut.DAMP,damp,True,damp custom.jsdebugger.stepOut.DAMP opt e10s fission stylo webrender,4767202,77,ms,firefox,,1707813302,2023-06-06 13:25:53,1252522,,,,,,,,,,,,,,,,,,,,,,,,,,,,,,,,,,,,,,,,,,,,,,,,,TN
164,b44f42bf0f7bbe046669a5c3f40d7616a1d748c1,0.1532156956066868,autoland,4768104,12,53390121d39b212135aaffcd577053a14c7f0dff,linux1804-64-shippable-qr,True,False,,,102210fe594ee9b33d82058545b1ed14f4c8206e,custom.jsdebugger.stepOut.DAMP,damp,True,damp custom.jsdebugger.stepOut.DAMP opt e10s fission stylo webrender,4767202,77,ms,firefox,,1707813686,2023-06-06 13:29:27,1252524,,,,,,,,,,,,,,,,,,,,,,,,,,,,,,,,,,,,,,,,,,,,,,,,,TN
165,4cc8e322f8832e379a9c7f48a29878cf0963d6b6,0.1401998500144257,autoland,4768104,12,53390121d39b212135aaffcd577053a14c7f0dff,linux1804-64-shippable-qr,True,False,,,102210fe594ee9b33d82058545b1ed14f4c8206e,custom.jsdebugger.stepOut.DAMP,damp,True,damp custom.jsdebugger.stepOut.DAMP opt e10s fission stylo webrender,4767202,77,ms,firefox,,1707813940,2023-06-06 14:51:47,1252578,,,,,,,,,,,,,,,,,,,,,,,,,,,,,,,,,,,,,,,,,,,,,,,,,TN
166,08fb757d7ac853660e6026961ec799dd0a6a5e6c,0.16104191513425326,autoland,4768104,12,53390121d39b212135aaffcd577053a14c7f0dff,linux1804-64-shippable-qr,True,False,,,102210fe594ee9b33d82058545b1ed14f4c8206e,custom.jsdebugger.stepOut.DAMP,damp,True,damp custom.jsdebugger.stepOut.DAMP opt e10s fission stylo webrender,4767202,77,ms,firefox,,1707814366,2023-06-06 15:02:17,1252582,,,,,,,,,,,,,,,,,,,,,,,,,,,,,,,,,,,,,,,,,,,,,,,,,TN
167,862bd1ab18fd2f92af4100fe30d15b23746f1620,0.1426988932505262,autoland,4768104,12,53390121d39b212135aaffcd577053a14c7f0dff,linux1804-64-shippable-qr,True,False,,,102210fe594ee9b33d82058545b1ed14f4c8206e,custom.jsdebugger.stepOut.DAMP,damp,True,damp custom.jsdebugger.stepOut.DAMP opt e10s fission stylo webrender,4767202,77,ms,firefox,,1707815029,2023-06-06 15:03:17,1252583,,,,,,,,,,,,,,,,,,,,,,,,,,,,,,,,,,,,,,,,,,,,,,,,,TN
168,48770eeaa7829e74fd5c6e649d26edaad09e2077,0.14484632948780862,autoland,4768104,12,53390121d39b212135aaffcd577053a14c7f0dff,linux1804-64-shippable-qr,True,False,,,102210fe594ee9b33d82058545b1ed14f4c8206e,custom.jsdebugger.stepOut.DAMP,damp,True,damp custom.jsdebugger.stepOut.DAMP opt e10s fission stylo webrender,4767202,77,ms,firefox,,1707814974,2023-06-06 15:04:14,1252584,,,,,,,,,,,,,,,,,,,,,,,,,,,,,,,,,,,,,,,,,,,,,,,,,TN
169,58db56fb92e512ab38519e761371449b91f03577,0.14479279517512134,autoland,4768104,12,53390121d39b212135aaffcd577053a14c7f0dff,linux1804-64-shippable-qr,True,False,,,102210fe594ee9b33d82058545b1ed14f4c8206e,custom.jsdebugger.stepOut.DAMP,damp,True,damp custom.jsdebugger.stepOut.DAMP opt e10s fission stylo webrender,4767202,77,ms,firefox,,1707831763,2023-06-06 15:05:04,1252586,,,,,,,,,,,,,,,,,,,,,,,,,,,,,,,,,,,,,,,,,,,,,,,,,TN
170,8a5e6b282c100e8fd6dcde510047b2ad3b4875e1,0.1431081528915903,autoland,4768104,12,53390121d39b212135aaffcd577053a14c7f0dff,linux1804-64-shippable-qr,True,False,,,102210fe594ee9b33d82058545b1ed14f4c8206e,custom.jsdebugger.stepOut.DAMP,damp,True,damp custom.jsdebugger.stepOut.DAMP opt e10s fission stylo webrender,4767202,77,ms,firefox,,1707832168,2023-06-06 15:06:04,1252587,,,,,,,,,,,,,,,,,,,,,,,,,,,,,,,,,,,,,,,,,,,,,,,,,TN
171,51ecbed77cf45640a921f61934b70efadfb58982,0.16623147164926144,autoland,4768104,12,53390121d39b212135aaffcd577053a14c7f0dff,linux1804-64-shippable-qr,True,False,,,102210fe594ee9b33d82058545b1ed14f4c8206e,custom.jsdebugger.stepOut.DAMP,damp,True,damp custom.jsdebugger.stepOut.DAMP opt e10s fission stylo webrender,4767202,77,ms,firefox,,1706701736,2023-06-06 15:07:26,1252589,,,,,,,,,,,,,,,,,,,,,,,,,,,,,,,,,,,,,,,,,,,,,,,,,TN
172,fa55914f4b75f48d57ab43d8802ea56412b703a0,0.173928552477018,autoland,4768104,12,53390121d39b212135aaffcd577053a14c7f0dff,linux1804-64-shippable-qr,True,False,,,102210fe594ee9b33d82058545b1ed14f4c8206e,custom.jsdebugger.stepOut.DAMP,damp,True,damp custom.jsdebugger.stepOut.DAMP opt e10s fission stylo webrender,4767202,77,ms,firefox,,1707812085,2023-06-06 18:38:30,1252705,,,,,,,,,,,,,,,,,,,,,,,,,,,,,,,,,,,,,,,,,,,,,,,,,TN
173,da2e4e6f72c156d629d5397b8af3de2aaf60725f,0.14738063635702425,autoland,4768104,12,53390121d39b212135aaffcd577053a14c7f0dff,linux1804-64-shippable-qr,True,False,,,102210fe594ee9b33d82058545b1ed14f4c8206e,custom.jsdebugger.stepOut.DAMP,damp,True,damp custom.jsdebugger.stepOut.DAMP opt e10s fission stylo webrender,4767202,77,ms,firefox,,1707811569,2023-06-06 18:41:58,1252710,,,,,,,,,,,,,,,,,,,,,,,,,,,,,,,,,,,,,,,,,,,,,,,,,TN
174,3e7d709ab2a3a86ff58f4406faa05e738ca49ec9,0.16691614173676683,autoland,4768104,12,53390121d39b212135aaffcd577053a14c7f0dff,linux1804-64-shippable-qr,True,False,,,102210fe594ee9b33d82058545b1ed14f4c8206e,custom.jsdebugger.stepOut.DAMP,damp,True,damp custom.jsdebugger.stepOut.DAMP opt e10s fission stylo webrender,4767202,77,ms,firefox,,1706864596,2023-06-06 19:22:50,1252721,,,,,,,,,,,,,,,,,,,,,,,,,,,,,,,,,,,,,,,,,,,,,,,,,TN
175,9a56830b39f8d6802cef3772f81535d5f7bd475c,0.15446108846251794,autoland,4768104,12,53390121d39b212135aaffcd577053a14c7f0dff,linux1804-64-shippable-qr,True,False,,,102210fe594ee9b33d82058545b1ed14f4c8206e,custom.jsdebugger.stepOut.DAMP,damp,True,damp custom.jsdebugger.stepOut.DAMP opt e10s fission stylo webrender,4767202,77,ms,firefox,,1706900462,2023-06-06 19:49:29,1252741,,,,,,,,,,,,,,,,,,,,,,,,,,,,,,,,,,,,,,,,,,,,,,,,,TN
176,3a8e0dd854b5d9349d96a17de81427442d412db9,0.16142981211961116,autoland,4768104,12,53390121d39b212135aaffcd577053a14c7f0dff,linux1804-64-shippable-qr,True,False,,,102210fe594ee9b33d82058545b1ed14f4c8206e,custom.jsdebugger.stepOut.DAMP,damp,True,damp custom.jsdebugger.stepOut.DAMP opt e10s fission stylo webrender,4767202,77,ms,firefox,,1706968218,2023-06-06 22:47:19,1252831,,,,,,,,,,,,,,,,,,,,,,,,,,,,,,,,,,,,,,,,,,,,,,,,,TN
177,714383968fdbbcb6ef5ff4fc599e11ae386d09ce,0.18904580042117414,autoland,4768104,12,53390121d39b212135aaffcd577053a14c7f0dff,linux1804-64-shippable-qr,True,False,,,102210fe594ee9b33d82058545b1ed14f4c8206e,custom.jsdebugger.stepOut.DAMP,damp,True,damp custom.jsdebugger.stepOut.DAMP opt e10s fission stylo webrender,4767202,77,ms,firefox,,1707070627,2023-06-07 02:52:45,1252906,,,,,,,,,,,,,,,,,,,,,,,,,,,,,,,,,,,,,,,,,,,,,,,,,TN
178,29928f29c7a08d81bf5a480f4678c4c90b0abc68,0.17025999499655708,autoland,4768104,12,53390121d39b212135aaffcd577053a14c7f0dff,linux1804-64-shippable-qr,True,False,,,102210fe594ee9b33d82058545b1ed14f4c8206e,custom.jsdebugger.stepOut.DAMP,damp,True,damp custom.jsdebugger.stepOut.DAMP opt e10s fission stylo webrender,4767202,77,ms,firefox,,1707211901,2023-06-07 06:55:53,1252967,,,,,,,,,,,,,,,,,,,,,,,,,,,,,,,,,,,,,,,,,,,,,,,,,TN
179,5c2039dcc9e34d981b3343ed3819d1f65ef07909,0.14048729452844544,autoland,4768104,12,53390121d39b212135aaffcd577053a14c7f0dff,linux1804-64-shippable-qr,True,False,,,102210fe594ee9b33d82058545b1ed14f4c8206e,custom.jsdebugger.stepOut.DAMP,damp,True,damp custom.jsdebugger.stepOut.DAMP opt e10s fission stylo webrender,4767202,77,ms,firefox,,1707313757,2023-06-07 11:44:03,1253076,,,,,,,,,,,,,,,,,,,,,,,,,,,,,,,,,,,,,,,,,,,,,,,,,TN
180,ed7804ffc016687db27f68ab46e27c0ffefda3af,0.1421734947229476,autoland,4768104,12,53390121d39b212135aaffcd577053a14c7f0dff,linux1804-64-shippable-qr,True,False,,,102210fe594ee9b33d82058545b1ed14f4c8206e,custom.jsdebugger.stepOut.DAMP,damp,True,damp custom.jsdebugger.stepOut.DAMP opt e10s fission stylo webrender,4767202,77,ms,firefox,,1707350759,2023-06-07 13:36:12,1253119,,,,,,,,,,,,,,,,,,,,,,,,,,,,,,,,,,,,,,,,,,,,,,,,,TN
181,1e9ddd307894fd2055ca49dcaa461478d0acea9e,0.16282053879587655,autoland,4768104,12,53390121d39b212135aaffcd577053a14c7f0dff,linux1804-64-shippable-qr,True,False,,,102210fe594ee9b33d82058545b1ed14f4c8206e,custom.jsdebugger.stepOut.DAMP,damp,True,damp custom.jsdebugger.stepOut.DAMP opt e10s fission stylo webrender,4767202,77,ms,firefox,,1707443260,2023-06-07 16:40:09,1253256,,,,,,,,,,,,,,,,,,,,,,,,,,,,,,,,,,,,,,,,,,,,,,,,,TN
182,d777b008615418be897668f8099b9e68f6666a3c,0.15104208487502402,autoland,4768104,12,53390121d39b212135aaffcd577053a14c7f0dff,linux1804-64-shippable-qr,True,False,,,102210fe594ee9b33d82058545b1ed14f4c8206e,custom.jsdebugger.stepOut.DAMP,damp,True,damp custom.jsdebugger.stepOut.DAMP opt e10s fission stylo webrender,4767202,77,ms,firefox,,1707567503,2023-06-07 20:51:47,1253401,,,,,,,,,,,,,,,,,,,,,,,,,,,,,,,,,,,,,,,,,,,,,,,,,TN
183,c18688c9011d0dc50b79d2f830dbf323c8c75604,0.15727965944192523,autoland,4768104,12,53390121d39b212135aaffcd577053a14c7f0dff,linux1804-64-shippable-qr,True,False,,,102210fe594ee9b33d82058545b1ed14f4c8206e,custom.jsdebugger.stepOut.DAMP,damp,True,damp custom.jsdebugger.stepOut.DAMP opt e10s fission stylo webrender,4767202,77,ms,firefox,,1707646373,2023-06-07 22:54:42,1253472,,,,,,,,,,,,,,,,,,,,,,,,,,,,,,,,,,,,,,,,,,,,,,,,,TN
184,2b2fb0c1bd13f27bbd5094192791600a5e261c4b,0.156636747926564,autoland,4768104,12,53390121d39b212135aaffcd577053a14c7f0dff,linux1804-64-shippable-qr,True,False,,,102210fe594ee9b33d82058545b1ed14f4c8206e,custom.jsdebugger.stepOut.DAMP,damp,True,damp custom.jsdebugger.stepOut.DAMP opt e10s fission stylo webrender,4767202,77,ms,firefox,,1707756558,2023-06-08 03:47:09,1253596,,,,,,,,,,,,,,,,,,,,,,,,,,,,,,,,,,,,,,,,,,,,,,,,,TN
185,d588d40904f7880592d27c083cb64d31864340cb,0.15900218936572386,autoland,4768104,12,53390121d39b212135aaffcd577053a14c7f0dff,linux1804-64-shippable-qr,True,False,,,102210fe594ee9b33d82058545b1ed14f4c8206e,custom.jsdebugger.stepOut.DAMP,damp,True,damp custom.jsdebugger.stepOut.DAMP opt e10s fission stylo webrender,4767202,77,ms,firefox,,1707841114,2023-06-08 06:27:32,1253626,,,,,,,,,,,,,,,,,,,,,,,,,,,,,,,,,,,,,,,,,,,,,,,,,TN
186,a86d5a3f177d480362c07a9ed34166ae41840ab6,0.1475352033834434,autoland,4768104,12,53390121d39b212135aaffcd577053a14c7f0dff,linux1804-64-shippable-qr,True,False,,,102210fe594ee9b33d82058545b1ed14f4c8206e,custom.jsdebugger.stepOut.DAMP,damp,True,damp custom.jsdebugger.stepOut.DAMP opt e10s fission stylo webrender,4767202,77,ms,firefox,,1707998783,2023-06-08 10:57:22,1253788,,,,,,,,,,,,,,,,,,,,,,,,,,,,,,,,,,,,,,,,,,,,,,,,,TN
187,581d6b2a5146b01bfc5a4a599127e2e794918f78,0.146905223125539,autoland,4768104,12,53390121d39b212135aaffcd577053a14c7f0dff,linux1804-64-shippable-qr,True,False,,,102210fe594ee9b33d82058545b1ed14f4c8206e,custom.jsdebugger.stepOut.DAMP,damp,True,damp custom.jsdebugger.stepOut.DAMP opt e10s fission stylo webrender,4767202,77,ms,firefox,,1708129439,2023-06-08 15:05:55,1253951,,,,,,,,,,,,,,,,,,,,,,,,,,,,,,,,,,,,,,,,,,,,,,,,,TN
188,954d7d588e595404fbe8f79a002de1a32f4175fc,0.18849462085129076,autoland,4768104,12,53390121d39b212135aaffcd577053a14c7f0dff,linux1804-64-shippable-qr,True,False,,,102210fe594ee9b33d82058545b1ed14f4c8206e,custom.jsdebugger.stepOut.DAMP,damp,True,damp custom.jsdebugger.stepOut.DAMP opt e10s fission stylo webrender,4767202,77,ms,firefox,,1708133419,2023-06-08 15:14:50,1253958,,,,,,,,,,,,,,,,,,,,,,,,,,,,,,,,,,,,,,,,,,,,,,,,,TN
189,c7b3905a77fb83c75344dddb5646c5c7f5d16714,0.14998638556684396,autoland,4768104,12,53390121d39b212135aaffcd577053a14c7f0dff,linux1804-64-shippable-qr,True,False,,,102210fe594ee9b33d82058545b1ed14f4c8206e,custom.jsdebugger.stepOut.DAMP,damp,True,damp custom.jsdebugger.stepOut.DAMP opt e10s fission stylo webrender,4767202,77,ms,firefox,,1708351545,2023-06-08 21:44:04,1254265,,,,,,,,,,,,,,,,,,,,,,,,,,,,,,,,,,,,,,,,,,,,,,,,,TN
190,d18ffb52540958c2b12d76b4a392e12df3bc4280,0.16635486157808033,autoland,4768104,12,53390121d39b212135aaffcd577053a14c7f0dff,linux1804-64-shippable-qr,True,False,,,102210fe594ee9b33d82058545b1ed14f4c8206e,custom.jsdebugger.stepOut.DAMP,damp,True,damp custom.jsdebugger.stepOut.DAMP opt e10s fission stylo webrender,4767202,77,ms,firefox,,1708429722,2023-06-09 02:20:20,1254350,,,,,,,,,,,,,,,,,,,,,,,,,,,,,,,,,,,,,,,,,,,,,,,,,TN
191,e76a7e9393add417bcf6a33d7e0c71909cc3c6d9,0.1547502061410373,autoland,4768104,12,53390121d39b212135aaffcd577053a14c7f0dff,linux1804-64-shippable-qr,True,False,,,102210fe594ee9b33d82058545b1ed14f4c8206e,custom.jsdebugger.stepOut.DAMP,damp,True,damp custom.jsdebugger.stepOut.DAMP opt e10s fission stylo webrender,4767202,77,ms,firefox,,1708495013,2023-06-09 06:38:52,1254404,,,,,,,,,,,,,,,,,,,,,,,,,,,,,,,,,,,,,,,,,,,,,,,,,TN
192,6453bd709950f540a9b961069fe05277eec38c4e,0.15608278637276207,autoland,4768104,12,53390121d39b212135aaffcd577053a14c7f0dff,linux1804-64-shippable-qr,True,False,,,102210fe594ee9b33d82058545b1ed14f4c8206e,custom.jsdebugger.stepOut.DAMP,damp,True,damp custom.jsdebugger.stepOut.DAMP opt e10s fission stylo webrender,4767202,77,ms,firefox,,1708532971,2023-06-09 08:40:41,1254469,,,,,,,,,,,,,,,,,,,,,,,,,,,,,,,,,,,,,,,,,,,,,,,,,TN
193,7467d3da5f29eddf7cf135a00cef8cf87b5c6911,0.22166052200601993,autoland,4768104,12,53390121d39b212135aaffcd577053a14c7f0dff,linux1804-64-shippable-qr,True,False,,,102210fe594ee9b33d82058545b1ed14f4c8206e,custom.jsdebugger.stepOut.DAMP,damp,True,damp custom.jsdebugger.stepOut.DAMP opt e10s fission stylo webrender,4767202,77,ms,firefox,,1708689547,2023-06-09 13:23:42,1254611,,,,,,,,,,,,,,,,,,,,,,,,,,,,,,,,,,,,,,,,,,,,,,,,,TN
194,439e88bdf46b8545bcf3fbf4d1cac9bf084df91d,0.16875759352445607,autoland,4768104,12,53390121d39b212135aaffcd577053a14c7f0dff,linux1804-64-shippable-qr,True,False,,,102210fe594ee9b33d82058545b1ed14f4c8206e,custom.jsdebugger.stepOut.DAMP,damp,True,damp custom.jsdebugger.stepOut.DAMP opt e10s fission stylo webrender,4767202,77,ms,firefox,,1708837861,2023-06-09 18:12:56,1254830,,,,,,,,,,,,,,,,,,,,,,,,,,,,,,,,,,,,,,,,,,,,,,,,,TN
195,14c10deaa83992232930103150b2cb2351a623a5,0.14916959806958863,autoland,4768104,12,53390121d39b212135aaffcd577053a14c7f0dff,linux1804-64-shippable-qr,True,False,,,102210fe594ee9b33d82058545b1ed14f4c8206e,custom.jsdebugger.stepOut.DAMP,damp,True,damp custom.jsdebugger.stepOut.DAMP opt e10s fission stylo webrender,4767202,77,ms,firefox,,1708898555,2023-06-09 19:52:31,1254912,,,,,,,,,,,,,,,,,,,,,,,,,,,,,,,,,,,,,,,,,,,,,,,,,TN
196,463e881a627c52313496a136abc6c038a4b92af6,0.13308702455834132,autoland,4768104,12,53390121d39b212135aaffcd577053a14c7f0dff,linux1804-64-shippable-qr,True,False,,,102210fe594ee9b33d82058545b1ed14f4c8206e,custom.jsdebugger.stepOut.DAMP,damp,True,damp custom.jsdebugger.stepOut.DAMP opt e10s fission stylo webrender,4767202,77,ms,firefox,,1709005617,2023-06-10 01:55:58,1255101,,,,,,,,,,,,,,,,,,,,,,,,,,,,,,,,,,,,,,,,,,,,,,,,,TN
197,9c9d29101b3d0533b84b4e75dc06e89fcad3d31a,0.1386761921981321,autoland,4768104,12,53390121d39b212135aaffcd577053a14c7f0dff,linux1804-64-shippable-qr,True,False,,,102210fe594ee9b33d82058545b1ed14f4c8206e,custom.jsdebugger.stepOut.DAMP,damp,True,damp custom.jsdebugger.stepOut.DAMP opt e10s fission stylo webrender,4767202,77,ms,firefox,,1709112686,2023-06-10 13:36:02,1255207,,,,,,,,,,,,,,,,,,,,,,,,,,,,,,,,,,,,,,,,,,,,,,,,,TN
198,879c6932bb49782e5edfdbe48e93d997a2646d84,0.13933852394832646,autoland,4768104,12,53390121d39b212135aaffcd577053a14c7f0dff,linux1804-64-shippable-qr,True,False,,,102210fe594ee9b33d82058545b1ed14f4c8206e,custom.jsdebugger.stepOut.DAMP,damp,True,damp custom.jsdebugger.stepOut.DAMP opt e10s fission stylo webrender,4767202,77,ms,firefox,,1709229124,2023-06-10 18:37:05,1255264,,,,,,,,,,,,,,,,,,,,,,,,,,,,,,,,,,,,,,,,,,,,,,,,,TN
199,711b87deb431206775bf67c5b0d04ace33eb3660,0.18149590343326572,autoland,4768104,12,53390121d39b212135aaffcd577053a14c7f0dff,linux1804-64-shippable-qr,True,False,,,102210fe594ee9b33d82058545b1ed14f4c8206e,custom.jsdebugger.stepOut.DAMP,damp,True,damp custom.jsdebugger.stepOut.DAMP opt e10s fission stylo webrender,4767202,77,ms,firefox,,1709258880,2023-06-10 20:39:30,1255276,,,,,,,,,,,,,,,,,,,,,,,,,,,,,,,,,,,,,,,,,,,,,,,,,TN
200,3904ff924b73ed2df5a530453ab025bb1c2fdf90,0.22013571662131204,autoland,4768104,12,53390121d39b212135aaffcd577053a14c7f0dff,linux1804-64-shippable-qr,True,False,,,102210fe594ee9b33d82058545b1ed14f4c8206e,custom.jsdebugger.stepOut.DAMP,damp,True,damp custom.jsdebugger.stepOut.DAMP opt e10s fission stylo webrender,4767202,77,ms,firefox,,1709466579,2023-06-11 14:35:35,1255360,,,,,,,,,,,,,,,,,,,,,,,,,,,,,,,,,,,,,,,,,,,,,,,,,TN
201,af0665af954105365927736b6a65c4d28533bc4d,0.13678960371498072,autoland,4768104,12,53390121d39b212135aaffcd577053a14c7f0dff,linux1804-64-shippable-qr,True,False,,,102210fe594ee9b33d82058545b1ed14f4c8206e,custom.jsdebugger.stepOut.DAMP,damp,True,damp custom.jsdebugger.stepOut.DAMP opt e10s fission stylo webrender,4767202,77,ms,firefox,,1709525196,2023-06-11 19:10:58,1255387,,,,,,,,,,,,,,,,,,,,,,,,,,,,,,,,,,,,,,,,,,,,,,,,,TN
202,c73c9ac3fe19822fcf08c5bd0bc112056008b4da,0.13131263149941796,autoland,4768104,12,53390121d39b212135aaffcd577053a14c7f0dff,linux1804-64-shippable-qr,True,False,,,102210fe594ee9b33d82058545b1ed14f4c8206e,custom.jsdebugger.stepOut.DAMP,damp,True,damp custom.jsdebugger.stepOut.DAMP opt e10s fission stylo webrender,4767202,77,ms,firefox,,1709599183,2023-06-12 00:14:44,1255422,,,,,,,,,,,,,,,,,,,,,,,,,,,,,,,,,,,,,,,,,,,,,,,,,TN
203,25564434f810ceea8a17b730bd5498b0ca9856c4,0.1454829815392913,autoland,4768104,12,53390121d39b212135aaffcd577053a14c7f0dff,linux1804-64-shippable-qr,True,False,,,102210fe594ee9b33d82058545b1ed14f4c8206e,custom.jsdebugger.stepOut.DAMP,damp,True,damp custom.jsdebugger.stepOut.DAMP opt e10s fission stylo webrender,4767202,77,ms,firefox,,1709647026,2023-06-12 04:46:29,1255461,,,,,,,,,,,,,,,,,,,,,,,,,,,,,,,,,,,,,,,,,,,,,,,,,TN
204,6c51face7335165a532e8f6b035a975ced1be55c,0.15575854018595114,autoland,4768104,12,53390121d39b212135aaffcd577053a14c7f0dff,linux1804-64-shippable-qr,True,False,,,102210fe594ee9b33d82058545b1ed14f4c8206e,custom.jsdebugger.stepOut.DAMP,damp,True,damp custom.jsdebugger.stepOut.DAMP opt e10s fission stylo webrender,4767202,77,ms,firefox,,1709747745,2023-06-12 09:00:15,1255535,,,,,,,,,,,,,,,,,,,,,,,,,,,,,,,,,,,,,,,,,,,,,,,,,TN
205,1dc3aecfed3a924c48ee323c36ee1e783f836dd7,0.16574780188691873,autoland,4768104,12,53390121d39b212135aaffcd577053a14c7f0dff,linux1804-64-shippable-qr,True,False,,,102210fe594ee9b33d82058545b1ed14f4c8206e,custom.jsdebugger.stepOut.DAMP,damp,True,damp custom.jsdebugger.stepOut.DAMP opt e10s fission stylo webrender,4767202,77,ms,firefox,,1709766570,2023-06-12 09:27:15,1255558,,,,,,,,,,,,,,,,,,,,,,,,,,,,,,,,,,,,,,,,,,,,,,,,,TN
206,ee618a493ff9c25c0ecb9dc6087a6179874541da,0.1408367921871252,autoland,4768104,12,53390121d39b212135aaffcd577053a14c7f0dff,linux1804-64-shippable-qr,True,False,,,102210fe594ee9b33d82058545b1ed14f4c8206e,custom.jsdebugger.stepOut.DAMP,damp,True,damp custom.jsdebugger.stepOut.DAMP opt e10s fission stylo webrender,4767202,77,ms,firefox,,1709962767,2023-06-12 14:14:19,1255741,,,,,,,,,,,,,,,,,,,,,,,,,,,,,,,,,,,,,,,,,,,,,,,,,TN
207,53b4b785ae2a7f70257069e77b138fe36b53698a,0.1195942068301048,autoland,4768104,12,53390121d39b212135aaffcd577053a14c7f0dff,linux1804-64-shippable-qr,True,False,,,102210fe594ee9b33d82058545b1ed14f4c8206e,custom.jsdebugger.stepOut.DAMP,damp,True,damp custom.jsdebugger.stepOut.DAMP opt e10s fission stylo webrender,4767202,77,ms,firefox,,1710063558,2023-06-12 17:28:50,1255840,,,,,,,,,,,,,,,,,,,,,,,,,,,,,,,,,,,,,,,,,,,,,,,,,TN
208,eff1078e2398a9021cd61a20eff8062a582128e2,0.12670038135750095,autoland,4768104,12,53390121d39b212135aaffcd577053a14c7f0dff,linux1804-64-shippable-qr,True,False,,,102210fe594ee9b33d82058545b1ed14f4c8206e,custom.jsdebugger.stepOut.DAMP,damp,True,damp custom.jsdebugger.stepOut.DAMP opt e10s fission stylo webrender,4767202,77,ms,firefox,,1710203606,2023-06-12 21:22:21,1256012,,,,,,,,,,,,,,,,,,,,,,,,,,,,,,,,,,,,,,,,,,,,,,,,,TN
209,7f88f4a1748334e06137fc25f4a53ccf930c408f,0.1296776098733161,autoland,4768104,12,53390121d39b212135aaffcd577053a14c7f0dff,linux1804-64-shippable-qr,True,False,,,102210fe594ee9b33d82058545b1ed14f4c8206e,custom.jsdebugger.stepOut.DAMP,damp,True,damp custom.jsdebugger.stepOut.DAMP opt e10s fission stylo webrender,4767202,77,ms,firefox,,1711595894,2023-06-12 22:16:30,1256047,,,,,,,,,,,,,,,,,,,,,,,,,,,,,,,,,,,,,,,,,,,,,,,,,TN
210,eebce79aa786aceb30215a968599bffacc84d2f4,0.13144766005667297,autoland,4768104,12,53390121d39b212135aaffcd577053a14c7f0dff,linux1804-64-shippable-qr,True,False,,,102210fe594ee9b33d82058545b1ed14f4c8206e,custom.jsdebugger.stepOut.DAMP,damp,True,damp custom.jsdebugger.stepOut.DAMP opt e10s fission stylo webrender,4767202,77,ms,firefox,,1711596103,2023-06-12 22:25:03,1256055,,,,,,,,,,,,,,,,,,,,,,,,,,,,,,,,,,,,,,,,,,,,,,,,,TN
211,64d1a1e2d93e19fbec70165d04cfab57ab1dbe1f,0.12611496252049892,autoland,4768104,12,53390121d39b212135aaffcd577053a14c7f0dff,linux1804-64-shippable-qr,True,False,,,102210fe594ee9b33d82058545b1ed14f4c8206e,custom.jsdebugger.stepOut.DAMP,damp,True,damp custom.jsdebugger.stepOut.DAMP opt e10s fission stylo webrender,4767202,77,ms,firefox,,1711596300,2023-06-12 23:18:00,1256094,,,,,,,,,,,,,,,,,,,,,,,,,,,,,,,,,,,,,,,,,,,,,,,,,TN
212,1b140d3a27708ab1a8cc60a70d2963b3b1cd96a5,0.11364512200820731,autoland,4768104,12,53390121d39b212135aaffcd577053a14c7f0dff,linux1804-64-shippable-qr,True,False,,,102210fe594ee9b33d82058545b1ed14f4c8206e,custom.jsdebugger.stepOut.DAMP,damp,True,damp custom.jsdebugger.stepOut.DAMP opt e10s fission stylo webrender,4767202,77,ms,firefox,,1711596215,2023-06-12 23:39:36,1256108,,,,,,,,,,,,,,,,,,,,,,,,,,,,,,,,,,,,,,,,,,,,,,,,,TN
213,aa31e8faae1f74d71325ff4255aefbe5aab1e5ec,0.12674137488412707,autoland,4768104,12,53390121d39b212135aaffcd577053a14c7f0dff,linux1804-64-shippable-qr,True,False,,,102210fe594ee9b33d82058545b1ed14f4c8206e,custom.jsdebugger.stepOut.DAMP,damp,True,damp custom.jsdebugger.stepOut.DAMP opt e10s fission stylo webrender,4767202,77,ms,firefox,,1711595988,2023-06-13 00:27:17,1256122,,,,,,,,,,,,,,,,,,,,,,,,,,,,,,,,,,,,,,,,,,,,,,,,,TN
214,5b5f38cf2107059eac44287c43546030cc2dab35,0.10582173314927656,autoland,4768104,12,53390121d39b212135aaffcd577053a14c7f0dff,linux1804-64-shippable-qr,True,False,,,102210fe594ee9b33d82058545b1ed14f4c8206e,custom.jsdebugger.stepOut.DAMP,damp,True,damp custom.jsdebugger.stepOut.DAMP opt e10s fission stylo webrender,4767202,77,ms,firefox,,1711595673,2023-06-13 00:33:19,1256125,,,,,,,,,,,,,,,,,,,,,,,,,,,,,,,,,,,,,,,,,,,,,,,,,TN
215,f2b4a1f9f940c8b638678d57049d4d9589bbf619,0.12344324352995395,autoland,4768104,12,53390121d39b212135aaffcd577053a14c7f0dff,linux1804-64-shippable-qr,True,False,,,102210fe594ee9b33d82058545b1ed14f4c8206e,custom.jsdebugger.stepOut.DAMP,damp,True,damp custom.jsdebugger.stepOut.DAMP opt e10s fission stylo webrender,4767202,77,ms,firefox,,1711595777,2023-06-13 00:34:11,1256126,,,,,,,,,,,,,,,,,,,,,,,,,,,,,,,,,,,,,,,,,,,,,,,,,TN
216,db17b8c7548bf954a535f49818d65c39bc27973d,0.14143744337966413,autoland,4768104,12,53390121d39b212135aaffcd577053a14c7f0dff,linux1804-64-shippable-qr,True,False,,,102210fe594ee9b33d82058545b1ed14f4c8206e,custom.jsdebugger.stepOut.DAMP,damp,True,damp custom.jsdebugger.stepOut.DAMP opt e10s fission stylo webrender,4767202,77,ms,firefox,,1711596356,2023-06-13 00:36:07,1256127,,,,,,,,,,,,,,,,,,,,,,,,,,,,,,,,,,,,,,,,,,,,,,,,,TN
217,2fbfefb8c6cfddd0278b53353298837afd1f7d70,0.15333327019559162,autoland,4768104,12,53390121d39b212135aaffcd577053a14c7f0dff,linux1804-64-shippable-qr,True,False,,,102210fe594ee9b33d82058545b1ed14f4c8206e,custom.jsdebugger.stepOut.DAMP,damp,True,damp custom.jsdebugger.stepOut.DAMP opt e10s fission stylo webrender,4767202,77,ms,firefox,,1711594706,2023-06-13 01:16:33,1256145,,,,,,,,,,,,,,,,,,,,,,,,,,,,,,,,,,,,,,,,,,,,,,,,,TN
218,2bdaa9d6ac390362734ba199115ca10186243e87,0.16541235821481148,autoland,4768104,12,53390121d39b212135aaffcd577053a14c7f0dff,linux1804-64-shippable-qr,True,False,,,102210fe594ee9b33d82058545b1ed14f4c8206e,custom.jsdebugger.stepOut.DAMP,damp,True,damp custom.jsdebugger.stepOut.DAMP opt e10s fission stylo webrender,4767202,77,ms,firefox,,1710264176,2023-06-13 02:32:41,1256169,,,,,,,,,,,,,,,,,,,,,,,,,,,,,,,,,,,,,,,,,,,,,,,,,TN
219,fb69d7772108dadd70bbe67d27de0e817c297291,0.12101212143781348,autoland,4768104,12,53390121d39b212135aaffcd577053a14c7f0dff,linux1804-64-shippable-qr,True,False,,,102210fe594ee9b33d82058545b1ed14f4c8206e,custom.jsdebugger.stepOut.DAMP,damp,True,damp custom.jsdebugger.stepOut.DAMP opt e10s fission stylo webrender,4767202,77,ms,firefox,,1711594778,2023-06-13 03:45:50,1256178,,,,,,,,,,,,,,,,,,,,,,,,,,,,,,,,,,,,,,,,,,,,,,,,,TN
220,8f96604b79a63fe139dc8182dfff1bd83f4029b0,0.134167492465463,autoland,4768104,12,53390121d39b212135aaffcd577053a14c7f0dff,linux1804-64-shippable-qr,True,False,,,102210fe594ee9b33d82058545b1ed14f4c8206e,custom.jsdebugger.stepOut.DAMP,damp,True,damp custom.jsdebugger.stepOut.DAMP opt e10s fission stylo webrender,4767202,77,ms,firefox,,1711594858,2023-06-13 04:14:39,1256186,,,,,,,,,,,,,,,,,,,,,,,,,,,,,,,,,,,,,,,,,,,,,,,,,TN
221,2c5b5021aecc3d17db137b828c805288ee4ade3e,0.10380943178072277,autoland,4768104,12,53390121d39b212135aaffcd577053a14c7f0dff,linux1804-64-shippable-qr,True,False,,,102210fe594ee9b33d82058545b1ed14f4c8206e,custom.jsdebugger.stepOut.DAMP,damp,True,damp custom.jsdebugger.stepOut.DAMP opt e10s fission stylo webrender,4767202,77,ms,firefox,,1711592993,2023-06-13 04:15:29,1256187,,,,,,,,,,,,,,,,,,,,,,,,,,,,,,,,,,,,,,,,,,,,,,,,,TN
222,3661d47fd7f743c3a24092a879ebcbffa26f84c8,0.16022429701610452,autoland,4768104,12,53390121d39b212135aaffcd577053a14c7f0dff,linux1804-64-shippable-qr,True,False,,,102210fe594ee9b33d82058545b1ed14f4c8206e,custom.jsdebugger.stepOut.DAMP,damp,True,damp custom.jsdebugger.stepOut.DAMP opt e10s fission stylo webrender,4767202,77,ms,firefox,,1711596675,2023-06-13 04:25:17,1256191,,,,,,,,,,,,,,,,,,,,,,,,,,,,,,,,,,,,,,,,,,,,,,,,,TN
223,69915e51348105d47423c4b1d4f0dfa0173d01bc,0.13149830309313248,autoland,4768104,12,53390121d39b212135aaffcd577053a14c7f0dff,linux1804-64-shippable-qr,True,False,,,102210fe594ee9b33d82058545b1ed14f4c8206e,custom.jsdebugger.stepOut.DAMP,damp,True,damp custom.jsdebugger.stepOut.DAMP opt e10s fission stylo webrender,4767202,77,ms,firefox,,1711596604,2023-06-13 04:47:41,1256195,,,,,,,,,,,,,,,,,,,,,,,,,,,,,,,,,,,,,,,,,,,,,,,,,TN
224,24cab11905b4a9ff6096fd916c8a49f921bdfa51,0.12217576271548514,autoland,4768104,12,53390121d39b212135aaffcd577053a14c7f0dff,linux1804-64-shippable-qr,True,False,,,102210fe594ee9b33d82058545b1ed14f4c8206e,custom.jsdebugger.stepOut.DAMP,damp,True,damp custom.jsdebugger.stepOut.DAMP opt e10s fission stylo webrender,4767202,77,ms,firefox,,1711596893,2023-06-13 05:08:04,1256209,,,,,,,,,,,,,,,,,,,,,,,,,,,,,,,,,,,,,,,,,,,,,,,,,TN
225,1a37acad51201ba77a18b0951d3a93bc8c9eebf7,0.1330633478880736,autoland,4768104,12,53390121d39b212135aaffcd577053a14c7f0dff,linux1804-64-shippable-qr,True,False,,,102210fe594ee9b33d82058545b1ed14f4c8206e,custom.jsdebugger.stepOut.DAMP,damp,True,damp custom.jsdebugger.stepOut.DAMP opt e10s fission stylo webrender,4767202,77,ms,firefox,,1710340660,2023-06-13 05:20:45,1256212,,,,,,,,,,,,,,,,,,,,,,,,,,,,,,,,,,,,,,,,,,,,,,,,,TN
226,9084ef70cf2aaa4b662efba124d92bb28e9646e5,0.11636954170976499,autoland,4768104,12,53390121d39b212135aaffcd577053a14c7f0dff,linux1804-64-shippable-qr,True,False,,,102210fe594ee9b33d82058545b1ed14f4c8206e,custom.jsdebugger.stepOut.DAMP,damp,True,damp custom.jsdebugger.stepOut.DAMP opt e10s fission stylo webrender,4767202,77,ms,firefox,,1711595014,2023-06-13 08:00:46,1256276,,,,,,,,,,,,,,,,,,,,,,,,,,,,,,,,,,,,,,,,,,,,,,,,,TN
227,3999920d4893c9c0f758962c1e0ab9fe5a3ea28e,0.13235971162528393,autoland,4768104,12,53390121d39b212135aaffcd577053a14c7f0dff,linux1804-64-shippable-qr,True,False,,,102210fe594ee9b33d82058545b1ed14f4c8206e,custom.jsdebugger.stepOut.DAMP,damp,True,damp custom.jsdebugger.stepOut.DAMP opt e10s fission stylo webrender,4767202,77,ms,firefox,,1711595102,2023-06-13 08:06:30,1256278,,,,,,,,,,,,,,,,,,,,,,,,,,,,,,,,,,,,,,,,,,,,,,,,,TN
228,48bedd7ad73f194f4b7544587d4889eb45db570c,0.13113091926496678,autoland,4768104,12,53390121d39b212135aaffcd577053a14c7f0dff,linux1804-64-shippable-qr,True,False,,,102210fe594ee9b33d82058545b1ed14f4c8206e,custom.jsdebugger.stepOut.DAMP,damp,True,damp custom.jsdebugger.stepOut.DAMP opt e10s fission stylo webrender,4767202,77,ms,firefox,,1711595299,2023-06-13 08:07:23,1256279,,,,,,,,,,,,,,,,,,,,,,,,,,,,,,,,,,,,,,,,,,,,,,,,,TN
229,d483b78ddcff871a55ec7de383e5c7003b4b6e77,0.10397924407901926,autoland,4768104,12,53390121d39b212135aaffcd577053a14c7f0dff,linux1804-64-shippable-qr,True,False,,,102210fe594ee9b33d82058545b1ed14f4c8206e,custom.jsdebugger.stepOut.DAMP,damp,True,damp custom.jsdebugger.stepOut.DAMP opt e10s fission stylo webrender,4767202,77,ms,firefox,,1711595188,2023-06-13 08:48:06,1256302,,,,,,,,,,,,,,,,,,,,,,,,,,,,,,,,,,,,,,,,,,,,,,,,,TN
230,c1d723b1a88ffc044bb38659f7b841b33255e783,0.11596046289760098,autoland,4768104,12,53390121d39b212135aaffcd577053a14c7f0dff,linux1804-64-shippable-qr,True,False,,,102210fe594ee9b33d82058545b1ed14f4c8206e,custom.jsdebugger.stepOut.DAMP,damp,True,damp custom.jsdebugger.stepOut.DAMP opt e10s fission stylo webrender,4767202,77,ms,firefox,,1711595350,2023-06-13 08:49:38,1256306,,,,,,,,,,,,,,,,,,,,,,,,,,,,,,,,,,,,,,,,,,,,,,,,,TN
231,449ecd31e0496eb73aa09f3b059f137f73cd0089,0.12455255564248646,autoland,4768104,12,53390121d39b212135aaffcd577053a14c7f0dff,linux1804-64-shippable-qr,True,False,,,102210fe594ee9b33d82058545b1ed14f4c8206e,custom.jsdebugger.stepOut.DAMP,damp,True,damp custom.jsdebugger.stepOut.DAMP opt e10s fission stylo webrender,4767202,77,ms,firefox,,1711595615,2023-06-13 08:50:35,1256307,,,,,,,,,,,,,,,,,,,,,,,,,,,,,,,,,,,,,,,,,,,,,,,,,TN
232,6e1ed6cba6942bf676c684a291c2b9f3376fddd9,0.1435279671809595,autoland,4768104,12,53390121d39b212135aaffcd577053a14c7f0dff,linux1804-64-shippable-qr,True,False,,,102210fe594ee9b33d82058545b1ed14f4c8206e,custom.jsdebugger.stepOut.DAMP,damp,True,damp custom.jsdebugger.stepOut.DAMP opt e10s fission stylo webrender,4767202,77,ms,firefox,,1711595726,2023-06-13 08:51:35,1256308,,,,,,,,,,,,,,,,,,,,,,,,,,,,,,,,,,,,,,,,,,,,,,,,,TN
233,0e2af922ec2aa5011ff5cdc73bda4582199f3279,0.14249185204595527,autoland,4768104,12,53390121d39b212135aaffcd577053a14c7f0dff,linux1804-64-shippable-qr,True,False,,,102210fe594ee9b33d82058545b1ed14f4c8206e,custom.jsdebugger.stepOut.DAMP,damp,True,damp custom.jsdebugger.stepOut.DAMP opt e10s fission stylo webrender,4767202,77,ms,firefox,,1711596044,2023-06-13 09:05:55,1256317,,,,,,,,,,,,,,,,,,,,,,,,,,,,,,,,,,,,,,,,,,,,,,,,,TN
234,c7b5ae0c3e2d58a11af3dbe818dd67837d0ff44a,0.11912770687634944,autoland,4768104,12,53390121d39b212135aaffcd577053a14c7f0dff,linux1804-64-shippable-qr,True,False,,,102210fe594ee9b33d82058545b1ed14f4c8206e,custom.jsdebugger.stepOut.DAMP,damp,True,damp custom.jsdebugger.stepOut.DAMP opt e10s fission stylo webrender,4767202,77,ms,firefox,,1710420766,2023-06-13 09:27:30,1256328,,,,,,,,,,,,,,,,,,,,,,,,,,,,,,,,,,,,,,,,,,,,,,,,,TN
235,d73828988448b1a0f8d2424e94054ff32b0a72b9,0.12009377563051715,autoland,4768104,12,53390121d39b212135aaffcd577053a14c7f0dff,linux1804-64-shippable-qr,True,False,,,102210fe594ee9b33d82058545b1ed14f4c8206e,custom.jsdebugger.stepOut.DAMP,damp,True,damp custom.jsdebugger.stepOut.DAMP opt e10s fission stylo webrender,4767202,77,ms,firefox,,1711624520,2023-06-13 09:30:12,1256330,,,,,,,,,,,,,,,,,,,,,,,,,,,,,,,,,,,,,,,,,,,,,,,,,TN
236,a82a7b158575e47a0d54ce924638ec31445d2cf5,0.13402860390558313,autoland,4768104,12,53390121d39b212135aaffcd577053a14c7f0dff,linux1804-64-shippable-qr,True,False,,,102210fe594ee9b33d82058545b1ed14f4c8206e,custom.jsdebugger.stepOut.DAMP,damp,True,damp custom.jsdebugger.stepOut.DAMP opt e10s fission stylo webrender,4767202,77,ms,firefox,,1711623901,2023-06-13 09:52:54,1256343,,,,,,,,,,,,,,,,,,,,,,,,,,,,,,,,,,,,,,,,,,,,,,,,,TN
237,2b9574ef0cc196618dae379b79b53958470216b3,0.12401788714710671,autoland,4768104,12,53390121d39b212135aaffcd577053a14c7f0dff,linux1804-64-shippable-qr,True,False,,,102210fe594ee9b33d82058545b1ed14f4c8206e,custom.jsdebugger.stepOut.DAMP,damp,True,damp custom.jsdebugger.stepOut.DAMP opt e10s fission stylo webrender,4767202,77,ms,firefox,,1710453856,2023-06-13 10:02:00,1256346,,,,,,,,,,,,,,,,,,,,,,,,,,,,,,,,,,,,,,,,,,,,,,,,,TN
238,8cd7aee6cae85ce9804794d4a45bc2f34aa04b66,0.12985805630514835,autoland,4768104,12,53390121d39b212135aaffcd577053a14c7f0dff,linux1804-64-shippable-qr,True,False,,,102210fe594ee9b33d82058545b1ed14f4c8206e,custom.jsdebugger.stepOut.DAMP,damp,True,damp custom.jsdebugger.stepOut.DAMP opt e10s fission stylo webrender,4767202,77,ms,firefox,,1710544254,2023-06-13 13:01:33,1256450,,,,,,,,,,,,,,,,,,,,,,,,,,,,,,,,,,,,,,,,,,,,,,,,,TN
239,93520e8ffd9617b46d026ea530fde0169def3a80,0.1306629388982885,autoland,4768104,12,53390121d39b212135aaffcd577053a14c7f0dff,linux1804-64-shippable-qr,True,False,,,102210fe594ee9b33d82058545b1ed14f4c8206e,custom.jsdebugger.stepOut.DAMP,damp,True,damp custom.jsdebugger.stepOut.DAMP opt e10s fission stylo webrender,4767202,77,ms,firefox,,1710661200,2023-06-13 16:01:20,1256570,,,,,,,,,,,,,,,,,,,,,,,,,,,,,,,,,,,,,,,,,,,,,,,,,TN
240,2d8fa86b279358b19ca794787248a9600c86ef5a,0.13328151504110752,autoland,4768104,12,53390121d39b212135aaffcd577053a14c7f0dff,linux1804-64-shippable-qr,True,False,,,102210fe594ee9b33d82058545b1ed14f4c8206e,custom.jsdebugger.stepOut.DAMP,damp,True,damp custom.jsdebugger.stepOut.DAMP opt e10s fission stylo webrender,4767202,77,ms,firefox,,1710750941,2023-06-13 18:36:15,1256676,,,,,,,,,,,,,,,,,,,,,,,,,,,,,,,,,,,,,,,,,,,,,,,,,TN
241,0e2078b102ffd940ea83c3a5a8b1a176bdd3a8fb,0.1262634340214801,autoland,4768104,12,53390121d39b212135aaffcd577053a14c7f0dff,linux1804-64-shippable-qr,True,False,,,102210fe594ee9b33d82058545b1ed14f4c8206e,custom.jsdebugger.stepOut.DAMP,damp,True,damp custom.jsdebugger.stepOut.DAMP opt e10s fission stylo webrender,4767202,77,ms,firefox,,1710842163,2023-06-13 22:49:33,1256827,,,,,,,,,,,,,,,,,,,,,,,,,,,,,,,,,,,,,,,,,,,,,,,,,TN
242,4c6c30b03e25cbd9d4dfc96f082e8cf241f51109,0.12422160884864986,autoland,4768104,12,53390121d39b212135aaffcd577053a14c7f0dff,linux1804-64-shippable-qr,True,False,,,102210fe594ee9b33d82058545b1ed14f4c8206e,custom.jsdebugger.stepOut.DAMP,damp,True,damp custom.jsdebugger.stepOut.DAMP opt e10s fission stylo webrender,4767202,77,ms,firefox,,1710871267,2023-06-14 00:25:00,1256858,,,,,,,,,,,,,,,,,,,,,,,,,,,,,,,,,,,,,,,,,,,,,,,,,TN
243,b9e3497b939c3bdfee632c7297184b79cfeec9cc,0.13157677590440997,autoland,4768104,12,53390121d39b212135aaffcd577053a14c7f0dff,linux1804-64-shippable-qr,True,False,,,102210fe594ee9b33d82058545b1ed14f4c8206e,custom.jsdebugger.stepOut.DAMP,damp,True,damp custom.jsdebugger.stepOut.DAMP opt e10s fission stylo webrender,4767202,77,ms,firefox,,1710958168,2023-06-14 05:14:15,1256948,,,,,,,,,,,,,,,,,,,,,,,,,,,,,,,,,,,,,,,,,,,,,,,,,TN
244,c6fa16c28b26a19d81b8853153057f32cec6f2fd,0.11187589350365323,autoland,4768104,12,53390121d39b212135aaffcd577053a14c7f0dff,linux1804-64-shippable-qr,True,False,,,102210fe594ee9b33d82058545b1ed14f4c8206e,custom.jsdebugger.stepOut.DAMP,damp,True,damp custom.jsdebugger.stepOut.DAMP opt e10s fission stylo webrender,4767202,77,ms,firefox,,1711062842,2023-06-14 11:48:24,1257091,,,,,,,,,,,,,,,,,,,,,,,,,,,,,,,,,,,,,,,,,,,,,,,,,TN
245,928a5d849e038bf4277f06519f8f7ab3c94cc7ff,0.12806773340753286,autoland,4768104,12,53390121d39b212135aaffcd577053a14c7f0dff,linux1804-64-shippable-qr,True,False,,,102210fe594ee9b33d82058545b1ed14f4c8206e,custom.jsdebugger.stepOut.DAMP,damp,True,damp custom.jsdebugger.stepOut.DAMP opt e10s fission stylo webrender,4767202,77,ms,firefox,,1711151744,2023-06-14 13:20:02,1257127,,,,,,,,,,,,,,,,,,,,,,,,,,,,,,,,,,,,,,,,,,,,,,,,,TN
246,933dd3c3e1c8beb677df8e4d51b1e99b41599f65,0.14607292507431513,autoland,4768104,12,53390121d39b212135aaffcd577053a14c7f0dff,linux1804-64-shippable-qr,True,False,,,102210fe594ee9b33d82058545b1ed14f4c8206e,custom.jsdebugger.stepOut.DAMP,damp,True,damp custom.jsdebugger.stepOut.DAMP opt e10s fission stylo webrender,4767202,77,ms,firefox,,1711335680,2023-06-14 17:41:50,1257281,,,,,,,,,,,,,,,,,,,,,,,,,,,,,,,,,,,,,,,,,,,,,,,,,TN
247,d730841eed9459e5541190a9525313fb1ff98e75,0.12284991591024874,autoland,4768104,12,53390121d39b212135aaffcd577053a14c7f0dff,linux1804-64-shippable-qr,True,False,,,102210fe594ee9b33d82058545b1ed14f4c8206e,custom.jsdebugger.stepOut.DAMP,damp,True,damp custom.jsdebugger.stepOut.DAMP opt e10s fission stylo webrender,4767202,77,ms,firefox,,1711379258,2023-06-14 18:25:51,1257330,,,,,,,,,,,,,,,,,,,,,,,,,,,,,,,,,,,,,,,,,,,,,,,,,TN
248,ff79aa6f7ba8605e7ea59acddd521284f75136e4,0.12384677526496812,autoland,4768104,12,53390121d39b212135aaffcd577053a14c7f0dff,linux1804-64-shippable-qr,True,False,,,102210fe594ee9b33d82058545b1ed14f4c8206e,custom.jsdebugger.stepOut.DAMP,damp,True,damp custom.jsdebugger.stepOut.DAMP opt e10s fission stylo webrender,4767202,77,ms,firefox,,1711438841,2023-06-14 20:09:05,1257422,,,,,,,,,,,,,,,,,,,,,,,,,,,,,,,,,,,,,,,,,,,,,,,,,TN
249,4b1c6fc1fc0f3e664d546c4bf5c24f0c157bc2c5,0.1434824658469085,autoland,4768104,12,53390121d39b212135aaffcd577053a14c7f0dff,linux1804-64-shippable-qr,True,False,,,102210fe594ee9b33d82058545b1ed14f4c8206e,custom.jsdebugger.stepOut.DAMP,damp,True,damp custom.jsdebugger.stepOut.DAMP opt e10s fission stylo webrender,4767202,77,ms,firefox,,1711559729,2023-06-14 21:46:45,1257512,,,,,,,,,,,,,,,,,,,,,,,,,,,,,,,,,,,,,,,,,,,,,,,,,TN
250,53e8e97bbe4e0c8fc4deff56e5b8d03391c0c023,0.13192637590042589,autoland,4768104,12,53390121d39b212135aaffcd577053a14c7f0dff,linux1804-64-shippable-qr,True,False,,,102210fe594ee9b33d82058545b1ed14f4c8206e,custom.jsdebugger.stepOut.DAMP,damp,True,damp custom.jsdebugger.stepOut.DAMP opt e10s fission stylo webrender,4767202,77,ms,firefox,,1711632235,2023-06-15 01:50:09,1257663,,,,,,,,,,,,,,,,,,,,,,,,,,,,,,,,,,,,,,,,,,,,,,,,,TN
251,abf8f424d2d09f957d7ecd02af086a9b7adde3f8,0.125835954372848,autoland,4768104,12,53390121d39b212135aaffcd577053a14c7f0dff,linux1804-64-shippable-qr,True,False,,,102210fe594ee9b33d82058545b1ed14f4c8206e,custom.jsdebugger.stepOut.DAMP,damp,True,damp custom.jsdebugger.stepOut.DAMP opt e10s fission stylo webrender,4767202,77,ms,firefox,,1711653755,2023-06-15 02:43:47,1257688,,,,,,,,,,,,,,,,,,,,,,,,,,,,,,,,,,,,,,,,,,,,,,,,,TN
252,900ba46a6df5d5b6dde0d5de391246157de49c8a,0.13024282256495034,autoland,4768104,12,53390121d39b212135aaffcd577053a14c7f0dff,linux1804-64-shippable-qr,True,False,,,102210fe594ee9b33d82058545b1ed14f4c8206e,custom.jsdebugger.stepOut.DAMP,damp,True,damp custom.jsdebugger.stepOut.DAMP opt e10s fission stylo webrender,4767202,77,ms,firefox,,1711747854,2023-06-15 06:54:30,1257783,,,,,,,,,,,,,,,,,,,,,,,,,,,,,,,,,,,,,,,,,,,,,,,,,TN
253,401066ea9e1fd55d147e72bc4a5cc141e7d3cd3e,0.13717452000323016,autoland,4768104,12,53390121d39b212135aaffcd577053a14c7f0dff,linux1804-64-shippable-qr,True,False,,,102210fe594ee9b33d82058545b1ed14f4c8206e,custom.jsdebugger.stepOut.DAMP,damp,True,damp custom.jsdebugger.stepOut.DAMP opt e10s fission stylo webrender,4767202,77,ms,firefox,,1713086121,2023-06-15 08:29:45,1257834,,,,,,,,,,,,,,,,,,,,,,,,,,,,,,,,,,,,,,,,,,,,,,,,,TN
254,314d09f09c5e58d106b3d37650a95c2f529d5e47,0.11128857894339172,autoland,4768104,12,53390121d39b212135aaffcd577053a14c7f0dff,linux1804-64-shippable-qr,True,False,,,102210fe594ee9b33d82058545b1ed14f4c8206e,custom.jsdebugger.stepOut.DAMP,damp,True,damp custom.jsdebugger.stepOut.DAMP opt e10s fission stylo webrender,4767202,77,ms,firefox,,1713086173,2023-06-15 08:30:50,1257836,,,,,,,,,,,,,,,,,,,,,,,,,,,,,,,,,,,,,,,,,,,,,,,,,TN
255,58ca5c7b686c9aa77283fdd7ae2cf21e905f21d7,0.1540852871457632,autoland,4768104,12,53390121d39b212135aaffcd577053a14c7f0dff,linux1804-64-shippable-qr,True,False,,,102210fe594ee9b33d82058545b1ed14f4c8206e,custom.jsdebugger.stepOut.DAMP,damp,True,damp custom.jsdebugger.stepOut.DAMP opt e10s fission stylo webrender,4767202,77,ms,firefox,,1713086869,2023-06-15 08:31:52,1257837,,,,,,,,,,,,,,,,,,,,,,,,,,,,,,,,,,,,,,,,,,,,,,,,,TN
256,6b660d3dd7840217e973e778bcb419a11c7a22b4,0.1343235100978497,autoland,4768104,12,53390121d39b212135aaffcd577053a14c7f0dff,linux1804-64-shippable-qr,True,False,,,102210fe594ee9b33d82058545b1ed14f4c8206e,custom.jsdebugger.stepOut.DAMP,damp,True,damp custom.jsdebugger.stepOut.DAMP opt e10s fission stylo webrender,4767202,77,ms,firefox,,1713086224,2023-06-15 08:32:55,1257839,,,,,,,,,,,,,,,,,,,,,,,,,,,,,,,,,,,,,,,,,,,,,,,,,TN
257,6c42ef642d0b0708e9a2fa2638b6670e90ef2b3b,0.14078563547727874,autoland,4768104,12,53390121d39b212135aaffcd577053a14c7f0dff,linux1804-64-shippable-qr,True,False,,,102210fe594ee9b33d82058545b1ed14f4c8206e,custom.jsdebugger.stepOut.DAMP,damp,True,damp custom.jsdebugger.stepOut.DAMP opt e10s fission stylo webrender,4767202,77,ms,firefox,,1713086379,2023-06-15 08:36:57,1257841,,,,,,,,,,,,,,,,,,,,,,,,,,,,,,,,,,,,,,,,,,,,,,,,,TN
258,698d86db485b0752be9afd7cc39439fa3599bcf1,0.13597299605311375,autoland,4768104,12,53390121d39b212135aaffcd577053a14c7f0dff,linux1804-64-shippable-qr,True,False,,,102210fe594ee9b33d82058545b1ed14f4c8206e,custom.jsdebugger.stepOut.DAMP,damp,True,damp custom.jsdebugger.stepOut.DAMP opt e10s fission stylo webrender,4767202,77,ms,firefox,,1713086275,2023-06-15 08:44:40,1257849,,,,,,,,,,,,,,,,,,,,,,,,,,,,,,,,,,,,,,,,,,,,,,,,,TN
259,b94558d76bd2943ba1063d7fade51c4d54d0db35,0.1551019909879885,autoland,4768104,12,53390121d39b212135aaffcd577053a14c7f0dff,linux1804-64-shippable-qr,True,False,,,102210fe594ee9b33d82058545b1ed14f4c8206e,custom.jsdebugger.stepOut.DAMP,damp,True,damp custom.jsdebugger.stepOut.DAMP opt e10s fission stylo webrender,4767202,77,ms,firefox,,1713086482,2023-06-15 09:20:10,1257869,,,,,,,,,,,,,,,,,,,,,,,,,,,,,,,,,,,,,,,,,,,,,,,,,TN
260,3b836f1d44b08b3bad0bb27dfab5e0063169e485,0.1358787811871256,autoland,4768104,12,53390121d39b212135aaffcd577053a14c7f0dff,linux1804-64-shippable-qr,True,False,,,102210fe594ee9b33d82058545b1ed14f4c8206e,custom.jsdebugger.stepOut.DAMP,damp,True,damp custom.jsdebugger.stepOut.DAMP opt e10s fission stylo webrender,4767202,77,ms,firefox,,1713086584,2023-06-15 09:48:25,1257889,,,,,,,,,,,,,,,,,,,,,,,,,,,,,,,,,,,,,,,,,,,,,,,,,TN
261,08cb4ca984b3aabd7881a042a28bdae29c0a5095,0.10575973763122892,autoland,4768104,12,53390121d39b212135aaffcd577053a14c7f0dff,linux1804-64-shippable-qr,True,False,,,102210fe594ee9b33d82058545b1ed14f4c8206e,custom.jsdebugger.stepOut.DAMP,damp,True,damp custom.jsdebugger.stepOut.DAMP opt e10s fission stylo webrender,4767202,77,ms,firefox,,1713086431,2023-06-15 10:22:52,1257904,,,,,,,,,,,,,,,,,,,,,,,,,,,,,,,,,,,,,,,,,,,,,,,,,TN
262,86864bda9b5f7077819eb76b661bcefb89fd19fa,0.1140598402991686,autoland,4768104,12,53390121d39b212135aaffcd577053a14c7f0dff,linux1804-64-shippable-qr,True,False,,,102210fe594ee9b33d82058545b1ed14f4c8206e,custom.jsdebugger.stepOut.DAMP,damp,True,damp custom.jsdebugger.stepOut.DAMP opt e10s fission stylo webrender,4767202,77,ms,firefox,,1711838563,2023-06-15 10:33:37,1257909,,,,,,,,,,,,,,,,,,,,,,,,,,,,,,,,,,,,,,,,,,,,,,,,,TN
263,e1fb66fe89b02b2c2972c4f2b284cf5d02f196ea,0.14163853113851754,autoland,4768104,12,53390121d39b212135aaffcd577053a14c7f0dff,linux1804-64-shippable-qr,True,False,,,102210fe594ee9b33d82058545b1ed14f4c8206e,custom.jsdebugger.stepOut.DAMP,damp,True,damp custom.jsdebugger.stepOut.DAMP opt e10s fission stylo webrender,4767202,77,ms,firefox,,1713088884,2023-06-15 13:03:11,1257982,,,,,,,,,,,,,,,,,,,,,,,,,,,,,,,,,,,,,,,,,,,,,,,,,TN
264,f1fb26526a2e8e7d9539b3f975817b0578e1bc0c,0.12348462852141884,autoland,4768104,12,53390121d39b212135aaffcd577053a14c7f0dff,linux1804-64-shippable-qr,True,False,,,102210fe594ee9b33d82058545b1ed14f4c8206e,custom.jsdebugger.stepOut.DAMP,damp,True,damp custom.jsdebugger.stepOut.DAMP opt e10s fission stylo webrender,4767202,77,ms,firefox,,1713086011,2023-06-15 13:10:27,1257987,,,,,,,,,,,,,,,,,,,,,,,,,,,,,,,,,,,,,,,,,,,,,,,,,TN
265,a44656c2ad83d278286aa51507864e53a3911df3,0.13665010957679558,autoland,4768104,12,53390121d39b212135aaffcd577053a14c7f0dff,linux1804-64-shippable-qr,True,False,,,102210fe594ee9b33d82058545b1ed14f4c8206e,custom.jsdebugger.stepOut.DAMP,damp,True,damp custom.jsdebugger.stepOut.DAMP opt e10s fission stylo webrender,4767202,77,ms,firefox,,1713094381,2023-06-15 13:34:57,1258006,,,,,,,,,,,,,,,,,,,,,,,,,,,,,,,,,,,,,,,,,,,,,,,,,TN
266,15a57a8cf9c1a82df222dfec76e5f167ea53107b,0.13761363281565253,autoland,4768104,12,53390121d39b212135aaffcd577053a14c7f0dff,linux1804-64-shippable-qr,True,False,,,102210fe594ee9b33d82058545b1ed14f4c8206e,custom.jsdebugger.stepOut.DAMP,damp,True,damp custom.jsdebugger.stepOut.DAMP opt e10s fission stylo webrender,4767202,77,ms,firefox,,1713090014,2023-06-15 13:36:02,1258007,,,,,,,,,,,,,,,,,,,,,,,,,,,,,,,,,,,,,,,,,,,,,,,,,TN
267,71a53b2520f2d70c17c0b28eb2746ab1879f0704,0.11747174287268614,autoland,4768104,12,53390121d39b212135aaffcd577053a14c7f0dff,linux1804-64-shippable-qr,True,False,,,102210fe594ee9b33d82058545b1ed14f4c8206e,custom.jsdebugger.stepOut.DAMP,damp,True,damp custom.jsdebugger.stepOut.DAMP opt e10s fission stylo webrender,4767202,77,ms,firefox,,1713086062,2023-06-15 13:50:46,1258018,,,,,,,,,,,,,,,,,,,,,,,,,,,,,,,,,,,,,,,,,,,,,,,,,TN
268,8fa5403a47ee05e4324a8d096d42a05b8e42b8c6,0.1307570290718567,autoland,4768104,12,53390121d39b212135aaffcd577053a14c7f0dff,linux1804-64-shippable-qr,True,False,,,102210fe594ee9b33d82058545b1ed14f4c8206e,custom.jsdebugger.stepOut.DAMP,damp,True,damp custom.jsdebugger.stepOut.DAMP opt e10s fission stylo webrender,4767202,77,ms,firefox,,1713089083,2023-06-15 14:06:21,1258028,,,,,,,,,,,,,,,,,,,,,,,,,,,,,,,,,,,,,,,,,,,,,,,,,TN
269,d70485ffa51ee08043739e2db9a6a9880777d0fd,0.12948618106320575,autoland,4768104,12,53390121d39b212135aaffcd577053a14c7f0dff,linux1804-64-shippable-qr,True,False,,,102210fe594ee9b33d82058545b1ed14f4c8206e,custom.jsdebugger.stepOut.DAMP,damp,True,damp custom.jsdebugger.stepOut.DAMP opt e10s fission stylo webrender,4767202,77,ms,firefox,,1713089452,2023-06-15 14:14:47,1258029,,,,,,,,,,,,,,,,,,,,,,,,,,,,,,,,,,,,,,,,,,,,,,,,,TN
270,ecab7f04e7d616a69e1d213ac8e660ebae99926d,0.14005666825724816,autoland,4768104,12,53390121d39b212135aaffcd577053a14c7f0dff,linux1804-64-shippable-qr,True,False,,,102210fe594ee9b33d82058545b1ed14f4c8206e,custom.jsdebugger.stepOut.DAMP,damp,True,damp custom.jsdebugger.stepOut.DAMP opt e10s fission stylo webrender,4767202,77,ms,firefox,,1713083502,2023-06-15 14:15:45,1258032,,,,,,,,,,,,,,,,,,,,,,,,,,,,,,,,,,,,,,,,,,,,,,,,,TN
271,214490a419fb2f60b4ea03f3bf17c3f0d5bb4d09,0.15984217264743017,autoland,4768104,12,53390121d39b212135aaffcd577053a14c7f0dff,linux1804-64-shippable-qr,True,False,,,102210fe594ee9b33d82058545b1ed14f4c8206e,custom.jsdebugger.stepOut.DAMP,damp,True,damp custom.jsdebugger.stepOut.DAMP opt e10s fission stylo webrender,4767202,77,ms,firefox,,1713089340,2023-06-15 14:17:38,1258033,,,,,,,,,,,,,,,,,,,,,,,,,,,,,,,,,,,,,,,,,,,,,,,,,TN
272,02d601db620c1b64867202e025ce19938938a04f,0.14415455739277894,autoland,4768104,12,53390121d39b212135aaffcd577053a14c7f0dff,linux1804-64-shippable-qr,True,False,,,102210fe594ee9b33d82058545b1ed14f4c8206e,custom.jsdebugger.stepOut.DAMP,damp,True,damp custom.jsdebugger.stepOut.DAMP opt e10s fission stylo webrender,4767202,77,ms,firefox,,1711959451,2023-06-15 14:40:40,1258053,,,,,,,,,,,,,,,,,,,,,,,,,,,,,,,,,,,,,,,,,,,,,,,,,TN
273,a0dc8dc759b39da8d17a1e40ccfa45dafddd682a,0.12922748984344334,autoland,4768104,12,53390121d39b212135aaffcd577053a14c7f0dff,linux1804-64-shippable-qr,True,False,,,102210fe594ee9b33d82058545b1ed14f4c8206e,custom.jsdebugger.stepOut.DAMP,damp,True,damp custom.jsdebugger.stepOut.DAMP opt e10s fission stylo webrender,4767202,77,ms,firefox,,1713089237,2023-06-15 14:41:30,1258055,,,,,,,,,,,,,,,,,,,,,,,,,,,,,,,,,,,,,,,,,,,,,,,,,TN
274,c71789b596556b921a7d6ce12b4102f252631c4b,0.12820969605963284,autoland,4768104,12,53390121d39b212135aaffcd577053a14c7f0dff,linux1804-64-shippable-qr,True,False,,,102210fe594ee9b33d82058545b1ed14f4c8206e,custom.jsdebugger.stepOut.DAMP,damp,True,damp custom.jsdebugger.stepOut.DAMP opt e10s fission stylo webrender,4767202,77,ms,firefox,,1711971953,2023-06-15 14:52:05,1258066,,,,,,,,,,,,,,,,,,,,,,,,,,,,,,,,,,,,,,,,,,,,,,,,,TN
275,31b8dd660a71b313c4a02b2935babba05380da9a,0.14239938486204484,autoland,4768104,12,53390121d39b212135aaffcd577053a14c7f0dff,linux1804-64-shippable-qr,True,False,,,102210fe594ee9b33d82058545b1ed14f4c8206e,custom.jsdebugger.stepOut.DAMP,damp,True,damp custom.jsdebugger.stepOut.DAMP opt e10s fission stylo webrender,4767202,77,ms,firefox,,1713181271,2023-06-15 15:03:50,1258078,,,,,,,,,,,,,,,,,,,,,,,,,,,,,,,,,,,,,,,,,,,,,,,,,TN
276,fcc729658406fdb39ee043ecc43584d2f6a0389d,0.154209292091819,autoland,4768104,12,53390121d39b212135aaffcd577053a14c7f0dff,linux1804-64-shippable-qr,True,False,,,102210fe594ee9b33d82058545b1ed14f4c8206e,custom.jsdebugger.stepOut.DAMP,damp,True,damp custom.jsdebugger.stepOut.DAMP opt e10s fission stylo webrender,4767202,77,ms,firefox,,1713146936,2023-06-15 15:04:41,1258080,,,,,,,,,,,,,,,,,,,,,,,,,,,,,,,,,,,,,,,,,,,,,,,,,TN
277,c882e1bf805b7149ed08a3dc0ebf5c5d2e35f114,0.19137508997929742,autoland,4768104,12,53390121d39b212135aaffcd577053a14c7f0dff,linux1804-64-shippable-qr,True,False,,,102210fe594ee9b33d82058545b1ed14f4c8206e,custom.jsdebugger.stepOut.DAMP,damp,True,damp custom.jsdebugger.stepOut.DAMP opt e10s fission stylo webrender,4767202,77,ms,firefox,,1713147051,2023-06-15 15:12:55,1258088,,,,,,,,,,,,,,,,,,,,,,,,,,,,,,,,,,,,,,,,,,,,,,,,,TN
278,fb6b0cada3460bafaa9adb7d5389bda679d9b0fe,0.13895290918340275,autoland,4768104,12,53390121d39b212135aaffcd577053a14c7f0dff,linux1804-64-shippable-qr,True,False,,,102210fe594ee9b33d82058545b1ed14f4c8206e,custom.jsdebugger.stepOut.DAMP,damp,True,damp custom.jsdebugger.stepOut.DAMP opt e10s fission stylo webrender,4767202,77,ms,firefox,,1713180638,2023-06-15 15:19:39,1258094,,,,,,,,,,,,,,,,,,,,,,,,,,,,,,,,,,,,,,,,,,,,,,,,,TN
279,920e157c7853129f594f1dd35366ab6574f13abd,0.12961934320726876,autoland,4768104,12,53390121d39b212135aaffcd577053a14c7f0dff,linux1804-64-shippable-qr,True,False,,,102210fe594ee9b33d82058545b1ed14f4c8206e,custom.jsdebugger.stepOut.DAMP,damp,True,damp custom.jsdebugger.stepOut.DAMP opt e10s fission stylo webrender,4767202,77,ms,firefox,,1713180999,2023-06-15 15:31:21,1258102,,,,,,,,,,,,,,,,,,,,,,,,,,,,,,,,,,,,,,,,,,,,,,,,,TN
280,9bda20e8eeaa26017d980a8b27aeac4d2cc8bbd6,0.14462952153262143,autoland,4768104,12,53390121d39b212135aaffcd577053a14c7f0dff,linux1804-64-shippable-qr,True,False,,,102210fe594ee9b33d82058545b1ed14f4c8206e,custom.jsdebugger.stepOut.DAMP,damp,True,damp custom.jsdebugger.stepOut.DAMP opt e10s fission stylo webrender,4767202,77,ms,firefox,,1713181112,2023-06-15 15:39:47,1258111,,,,,,,,,,,,,,,,,,,,,,,,,,,,,,,,,,,,,,,,,,,,,,,,,TN
281,fbb47c712fc8b3e6ba45af2b2b97f06da1720090,0.13111749619250657,autoland,4768104,12,53390121d39b212135aaffcd577053a14c7f0dff,linux1804-64-shippable-qr,True,False,,,102210fe594ee9b33d82058545b1ed14f4c8206e,custom.jsdebugger.stepOut.DAMP,damp,True,damp custom.jsdebugger.stepOut.DAMP opt e10s fission stylo webrender,4767202,77,ms,firefox,,1713180318,2023-06-15 15:40:39,1258113,,,,,,,,,,,,,,,,,,,,,,,,,,,,,,,,,,,,,,,,,,,,,,,,,TN
282,bcd6ccb148e760c531954e107d078d57f2d4b080,0.13979851207259286,autoland,4768104,12,53390121d39b212135aaffcd577053a14c7f0dff,linux1804-64-shippable-qr,True,False,,,102210fe594ee9b33d82058545b1ed14f4c8206e,custom.jsdebugger.stepOut.DAMP,damp,True,damp custom.jsdebugger.stepOut.DAMP opt e10s fission stylo webrender,4767202,77,ms,firefox,,1713180836,2023-06-15 15:41:30,1258115,,,,,,,,,,,,,,,,,,,,,,,,,,,,,,,,,,,,,,,,,,,,,,,,,TN
283,e2c1388d63e7b6d9e905c46e05f1037995911d7c,0.14544605368343455,autoland,4768104,12,53390121d39b212135aaffcd577053a14c7f0dff,linux1804-64-shippable-qr,True,False,,,102210fe594ee9b33d82058545b1ed14f4c8206e,custom.jsdebugger.stepOut.DAMP,damp,True,damp custom.jsdebugger.stepOut.DAMP opt e10s fission stylo webrender,4767202,77,ms,firefox,,1713146999,2023-06-15 15:42:21,1258116,,,,,,,,,,,,,,,,,,,,,,,,,,,,,,,,,,,,,,,,,,,,,,,,,TN
284,2d5289bd983bae6ecac3e9f7428bc7c5f59758c0,0.13469021035277384,autoland,4768104,12,53390121d39b212135aaffcd577053a14c7f0dff,linux1804-64-shippable-qr,True,False,,,102210fe594ee9b33d82058545b1ed14f4c8206e,custom.jsdebugger.stepOut.DAMP,damp,True,damp custom.jsdebugger.stepOut.DAMP opt e10s fission stylo webrender,4767202,77,ms,firefox,,1713086693,2023-06-15 15:48:13,1258121,,,,,,,,,,,,,,,,,,,,,,,,,,,,,,,,,,,,,,,,,,,,,,,,,TN
285,77411a7cae99d18b80f0f647ac92fedc6b019354,0.2046601829299204,autoland,4768104,12,53390121d39b212135aaffcd577053a14c7f0dff,linux1804-64-shippable-qr,True,False,,,102210fe594ee9b33d82058545b1ed14f4c8206e,custom.jsdebugger.stepOut.DAMP,damp,True,damp custom.jsdebugger.stepOut.DAMP opt e10s fission stylo webrender,4767202,77,ms,firefox,,1713091197,2023-06-15 16:04:48,1258131,,,,,,,,,,,,,,,,,,,,,,,,,,,,,,,,,,,,,,,,,,,,,,,,,TN
286,208ba0efbefb610471f8b8adcfb056aed4f38435,0.11080220668235419,autoland,4768104,12,53390121d39b212135aaffcd577053a14c7f0dff,linux1804-64-shippable-qr,True,False,,,102210fe594ee9b33d82058545b1ed14f4c8206e,custom.jsdebugger.stepOut.DAMP,damp,True,damp custom.jsdebugger.stepOut.DAMP opt e10s fission stylo webrender,4767202,77,ms,firefox,,1713090566,2023-06-15 16:05:43,1258133,,,,,,,,,,,,,,,,,,,,,,,,,,,,,,,,,,,,,,,,,,,,,,,,,TN
287,6c39860fcf06aea505ec64e630610573792de27a,0.10658796703090578,autoland,4768104,12,53390121d39b212135aaffcd577053a14c7f0dff,linux1804-64-shippable-qr,True,False,,,102210fe594ee9b33d82058545b1ed14f4c8206e,custom.jsdebugger.stepOut.DAMP,damp,True,damp custom.jsdebugger.stepOut.DAMP opt e10s fission stylo webrender,4767202,77,ms,firefox,,1713089733,2023-06-15 16:31:16,1258155,,,,,,,,,,,,,,,,,,,,,,,,,,,,,,,,,,,,,,,,,,,,,,,,,TN
288,e31965aaf77ac81823bb86418199c600d1f64fb3,0.12644917615835305,autoland,4768104,12,53390121d39b212135aaffcd577053a14c7f0dff,linux1804-64-shippable-qr,True,False,,,102210fe594ee9b33d82058545b1ed14f4c8206e,custom.jsdebugger.stepOut.DAMP,damp,True,damp custom.jsdebugger.stepOut.DAMP opt e10s fission stylo webrender,4767202,77,ms,firefox,,1713090301,2023-06-15 17:08:44,1258183,,,,,,,,,,,,,,,,,,,,,,,,,,,,,,,,,,,,,,,,,,,,,,,,,TN
289,81ac1990bb44e81a2146c84d6b226408e0df0891,0.12182303497473423,autoland,4768104,12,53390121d39b212135aaffcd577053a14c7f0dff,linux1804-64-shippable-qr,True,False,,,102210fe594ee9b33d82058545b1ed14f4c8206e,custom.jsdebugger.stepOut.DAMP,damp,True,damp custom.jsdebugger.stepOut.DAMP opt e10s fission stylo webrender,4767202,77,ms,firefox,,1713091508,2023-06-15 17:09:41,1258185,,,,,,,,,,,,,,,,,,,,,,,,,,,,,,,,,,,,,,,,,,,,,,,,,TN
290,9c1c9f4c2dd4cac7554705af41d4e7c2c412ccc7,0.14168484918366397,autoland,4768104,12,53390121d39b212135aaffcd577053a14c7f0dff,linux1804-64-shippable-qr,True,False,,,102210fe594ee9b33d82058545b1ed14f4c8206e,custom.jsdebugger.stepOut.DAMP,damp,True,damp custom.jsdebugger.stepOut.DAMP opt e10s fission stylo webrender,4767202,77,ms,firefox,,1713086748,2023-06-15 17:11:43,1258188,,,,,,,,,,,,,,,,,,,,,,,,,,,,,,,,,,,,,,,,,,,,,,,,,TN
291,764a1a55a06209b9b3a1361692ffba613937c3a0,0.1370110406926326,autoland,4768104,12,53390121d39b212135aaffcd577053a14c7f0dff,linux1804-64-shippable-qr,True,False,,,102210fe594ee9b33d82058545b1ed14f4c8206e,custom.jsdebugger.stepOut.DAMP,damp,True,damp custom.jsdebugger.stepOut.DAMP opt e10s fission stylo webrender,4767202,77,ms,firefox,,1713090725,2023-06-15 17:12:51,1258189,,,,,,,,,,,,,,,,,,,,,,,,,,,,,,,,,,,,,,,,,,,,,,,,,TN
292,53310b02f8709dc07c821e4997b890ca98c248a1,0.1255935154037673,autoland,4768104,12,53390121d39b212135aaffcd577053a14c7f0dff,linux1804-64-shippable-qr,True,False,,,102210fe594ee9b33d82058545b1ed14f4c8206e,custom.jsdebugger.stepOut.DAMP,damp,True,damp custom.jsdebugger.stepOut.DAMP opt e10s fission stylo webrender,4767202,77,ms,firefox,,1713091430,2023-06-15 17:22:26,1258197,,,,,,,,,,,,,,,,,,,,,,,,,,,,,,,,,,,,,,,,,,,,,,,,,TN
293,91738dd5bb441001f7837d0cae71c0be46925602,0.1412832926572487,autoland,4768104,12,53390121d39b212135aaffcd577053a14c7f0dff,linux1804-64-shippable-qr,True,False,,,102210fe594ee9b33d82058545b1ed14f4c8206e,custom.jsdebugger.stepOut.DAMP,damp,True,damp custom.jsdebugger.stepOut.DAMP opt e10s fission stylo webrender,4767202,77,ms,firefox,,1712096515,2023-06-15 17:49:05,1258216,,,,,,,,,,,,,,,,,,,,,,,,,,,,,,,,,,,,,,,,,,,,,,,,,TN
294,ba00fe639072b671be556332e4628092d64d31df,0.14166884383406275,autoland,4768104,12,53390121d39b212135aaffcd577053a14c7f0dff,linux1804-64-shippable-qr,True,False,,,102210fe594ee9b33d82058545b1ed14f4c8206e,custom.jsdebugger.stepOut.DAMP,damp,True,damp custom.jsdebugger.stepOut.DAMP opt e10s fission stylo webrender,4767202,77,ms,firefox,,1712199860,2023-06-15 20:51:19,1258374,,,,,,,,,,,,,,,,,,,,,,,,,,,,,,,,,,,,,,,,,,,,,,,,,TN
295,6bc2d3f9b1aaecde92c9388f00f3d564d136d00a,0.11518581748891243,autoland,4768104,12,53390121d39b212135aaffcd577053a14c7f0dff,linux1804-64-shippable-qr,True,False,,,102210fe594ee9b33d82058545b1ed14f4c8206e,custom.jsdebugger.stepOut.DAMP,damp,True,damp custom.jsdebugger.stepOut.DAMP opt e10s fission stylo webrender,4767202,77,ms,firefox,,1712308367,2023-06-16 01:17:42,1258594,,,,,,,,,,,,,,,,,,,,,,,,,,,,,,,,,,,,,,,,,,,,,,,,,TN
296,6a640a4dd3245b82ce97d863bf842b0cd4089ce5,0.15408182854369512,autoland,4768104,12,53390121d39b212135aaffcd577053a14c7f0dff,linux1804-64-shippable-qr,True,False,,,102210fe594ee9b33d82058545b1ed14f4c8206e,custom.jsdebugger.stepOut.DAMP,damp,True,damp custom.jsdebugger.stepOut.DAMP opt e10s fission stylo webrender,4767202,77,ms,firefox,,1712403699,2023-06-16 06:01:05,1258674,,,,,,,,,,,,,,,,,,,,,,,,,,,,,,,,,,,,,,,,,,,,,,,,,TN
297,34ee66e105968b161583947185cad1fcebdc6641,0.10229501015095677,autoland,4768104,12,53390121d39b212135aaffcd577053a14c7f0dff,linux1804-64-shippable-qr,True,False,,,102210fe594ee9b33d82058545b1ed14f4c8206e,custom.jsdebugger.stepOut.DAMP,damp,True,damp custom.jsdebugger.stepOut.DAMP opt e10s fission stylo webrender,4767202,77,ms,firefox,,1712469876,2023-06-16 08:20:05,1258718,,,,,,,,,,,,,,,,,,,,,,,,,,,,,,,,,,,,,,,,,,,,,,,,,TN
298,439d02859a2ebe8406cb74f8d6c7b148011d1658,0.12286821043508023,autoland,4768104,12,53390121d39b212135aaffcd577053a14c7f0dff,linux1804-64-shippable-qr,True,False,,,102210fe594ee9b33d82058545b1ed14f4c8206e,custom.jsdebugger.stepOut.DAMP,damp,True,damp custom.jsdebugger.stepOut.DAMP opt e10s fission stylo webrender,4767202,77,ms,firefox,,1712661530,2023-06-16 12:30:26,1258826,,,,,,,,,,,,,,,,,,,,,,,,,,,,,,,,,,,,,,,,,,,,,,,,,TN
299,1d8c3788eb6fa2e81d627829a32004244d0271df,0.14828056046300597,autoland,4768104,12,53390121d39b212135aaffcd577053a14c7f0dff,linux1804-64-shippable-qr,True,False,,,102210fe594ee9b33d82058545b1ed14f4c8206e,custom.jsdebugger.stepOut.DAMP,damp,True,damp custom.jsdebugger.stepOut.DAMP opt e10s fission stylo webrender,4767202,77,ms,firefox,,1712690843,2023-06-16 14:03:27,1258891,,,,,,,,,,,,,,,,,,,,,,,,,,,,,,,,,,,,,,,,,,,,,,,,,TN
300,e59de52b8ebea2db606a46a888a941400375fe0f,0.15438799580933504,autoland,4768104,12,53390121d39b212135aaffcd577053a14c7f0dff,linux1804-64-shippable-qr,True,False,,,102210fe594ee9b33d82058545b1ed14f4c8206e,custom.jsdebugger.stepOut.DAMP,damp,True,damp custom.jsdebugger.stepOut.DAMP opt e10s fission stylo webrender,4767202,77,ms,firefox,,1712830031,2023-06-16 16:55:49,1259018,,,,,,,,,,,,,,,,,,,,,,,,,,,,,,,,,,,,,,,,,,,,,,,,,TN
301,789349491e2fe15a39f350fe470db7d696989434,0.12740410107987987,autoland,4768104,12,53390121d39b212135aaffcd577053a14c7f0dff,linux1804-64-shippable-qr,True,False,,,102210fe594ee9b33d82058545b1ed14f4c8206e,custom.jsdebugger.stepOut.DAMP,damp,True,damp custom.jsdebugger.stepOut.DAMP opt e10s fission stylo webrender,4767202,77,ms,firefox,,1712949418,2023-06-16 19:50:08,1259157,,,,,,,,,,,,,,,,,,,,,,,,,,,,,,,,,,,,,,,,,,,,,,,,,TN
302,901b7ccc8be5e49a1b9736555af9653d46de349e,0.18243036288877668,autoland,4768104,12,53390121d39b212135aaffcd577053a14c7f0dff,linux1804-64-shippable-qr,True,False,,,102210fe594ee9b33d82058545b1ed14f4c8206e,custom.jsdebugger.stepOut.DAMP,damp,True,damp custom.jsdebugger.stepOut.DAMP opt e10s fission stylo webrender,4767202,77,ms,firefox,,1713046262,2023-06-17 00:30:00,1259314,,,,,,,,,,,,,,,,,,,,,,,,,,,,,,,,,,,,,,,,,,,,,,,,,TN
303,e0262ee6a9a7a642c11266a1e9cfa4bc3fbd4b3b,0.14575613063018822,autoland,4768104,12,53390121d39b212135aaffcd577053a14c7f0dff,linux1804-64-shippable-qr,True,False,,,102210fe594ee9b33d82058545b1ed14f4c8206e,custom.jsdebugger.stepOut.DAMP,damp,True,damp custom.jsdebugger.stepOut.DAMP opt e10s fission stylo webrender,4767202,77,ms,firefox,,1713216324,2023-06-17 15:38:59,1259384,,,,,,,,,,,,,,,,,,,,,,,,,,,,,,,,,,,,,,,,,,,,,,,,,TN
304,72d2cda2651d8fe01c8649f60e0620bc794a87fe,0.15887400647603234,autoland,4768104,12,53390121d39b212135aaffcd577053a14c7f0dff,linux1804-64-shippable-qr,True,False,,,102210fe594ee9b33d82058545b1ed14f4c8206e,custom.jsdebugger.stepOut.DAMP,damp,True,damp custom.jsdebugger.stepOut.DAMP opt e10s fission stylo webrender,4767202,77,ms,firefox,,1713330191,2023-06-17 23:38:11,1259423,,,,,,,,,,,,,,,,,,,,,,,,,,,,,,,,,,,,,,,,,,,,,,,,,TN
305,1634cff61cb0e270b9660ebdc234cfcf3fed2c68,0.15971511844837316,autoland,4768104,12,53390121d39b212135aaffcd577053a14c7f0dff,linux1804-64-shippable-qr,True,False,,,102210fe594ee9b33d82058545b1ed14f4c8206e,custom.jsdebugger.stepOut.DAMP,damp,True,damp custom.jsdebugger.stepOut.DAMP opt e10s fission stylo webrender,4767202,77,ms,firefox,,1713472897,2023-06-18 11:39:33,1259465,,,,,,,,,,,,,,,,,,,,,,,,,,,,,,,,,,,,,,,,,,,,,,,,,TN
306,1c059369d43547f90439b0a44cc76b54a0a3af97,0.1457992921170046,autoland,4768104,12,53390121d39b212135aaffcd577053a14c7f0dff,linux1804-64-shippable-qr,True,False,,,102210fe594ee9b33d82058545b1ed14f4c8206e,custom.jsdebugger.stepOut.DAMP,damp,True,damp custom.jsdebugger.stepOut.DAMP opt e10s fission stylo webrender,4767202,77,ms,firefox,,1713697615,2023-06-19 00:32:35,1259516,,,,,,,,,,,,,,,,,,,,,,,,,,,,,,,,,,,,,,,,,,,,,,,,,TN
307,64a74f5c324cada7c9dc3043ee4ea1d038b3ff11,0.1397874079825172,autoland,4768104,12,53390121d39b212135aaffcd577053a14c7f0dff,linux1804-64-shippable-qr,True,False,,,102210fe594ee9b33d82058545b1ed14f4c8206e,custom.jsdebugger.stepOut.DAMP,damp,True,damp custom.jsdebugger.stepOut.DAMP opt e10s fission stylo webrender,4767202,77,ms,firefox,,1715651383,2023-06-19 04:26:54,1259531,,,,,,,,,,,,,,,,,,,,,,,,,,,,,,,,,,,,,,,,,,,,,,,,,TN
308,a9e342522ebdb9602671208a06e988a285d3af18,0.16871150399947976,autoland,4768104,12,53390121d39b212135aaffcd577053a14c7f0dff,linux1804-64-shippable-qr,True,False,,,102210fe594ee9b33d82058545b1ed14f4c8206e,custom.jsdebugger.stepOut.DAMP,damp,True,damp custom.jsdebugger.stepOut.DAMP opt e10s fission stylo webrender,4767202,77,ms,firefox,,1713770043,2023-06-19 05:49:35,1259544,,,,,,,,,,,,,,,,,,,,,,,,,,,,,,,,,,,,,,,,,,,,,,,,,TN
309,7f2f2bfb71760da911abb1e0795352c850bac426,0.17183489198885749,autoland,4768104,12,53390121d39b212135aaffcd577053a14c7f0dff,linux1804-64-shippable-qr,True,False,,,102210fe594ee9b33d82058545b1ed14f4c8206e,custom.jsdebugger.stepOut.DAMP,damp,True,damp custom.jsdebugger.stepOut.DAMP opt e10s fission stylo webrender,4767202,77,ms,firefox,,1715651817,2023-06-19 07:00:55,1259557,,,,,,,,,,,,,,,,,,,,,,,,,,,,,,,,,,,,,,,,,,,,,,,,,TN
310,ef725e0a6e5d4de9613fc2c961b48dcb8d49dd32,0.14919541786106216,autoland,4768104,12,53390121d39b212135aaffcd577053a14c7f0dff,linux1804-64-shippable-qr,True,False,,,102210fe594ee9b33d82058545b1ed14f4c8206e,custom.jsdebugger.stepOut.DAMP,damp,True,damp custom.jsdebugger.stepOut.DAMP opt e10s fission stylo webrender,4767202,77,ms,firefox,,1715651447,2023-06-19 07:52:05,1259581,,,,,,,,,,,,,,,,,,,,,,,,,,,,,,,,,,,,,,,,,,,,,,,,,TN
311,09073d17c6819b180c15a1692615cc1aecc121ce,0.12375441141177923,autoland,4768104,12,53390121d39b212135aaffcd577053a14c7f0dff,linux1804-64-shippable-qr,True,False,,,102210fe594ee9b33d82058545b1ed14f4c8206e,custom.jsdebugger.stepOut.DAMP,damp,True,damp custom.jsdebugger.stepOut.DAMP opt e10s fission stylo webrender,4767202,77,ms,firefox,,1715651657,2023-06-19 08:18:22,1259592,,,,,,,,,,,,,,,,,,,,,,,,,,,,,,,,,,,,,,,,,,,,,,,,,TN
312,7524a63fd9e815bedb91d25238d84a3ed2723d92,0.15054875964128933,autoland,4768104,12,53390121d39b212135aaffcd577053a14c7f0dff,linux1804-64-shippable-qr,True,False,,,102210fe594ee9b33d82058545b1ed14f4c8206e,custom.jsdebugger.stepOut.DAMP,damp,True,damp custom.jsdebugger.stepOut.DAMP opt e10s fission stylo webrender,4767202,77,ms,firefox,,1715651710,2023-06-19 08:27:42,1259599,,,,,,,,,,,,,,,,,,,,,,,,,,,,,,,,,,,,,,,,,,,,,,,,,TN
313,9d0febec22e44c8ed71d569f8c03733102c47199,0.16159222235348825,autoland,4768104,12,53390121d39b212135aaffcd577053a14c7f0dff,linux1804-64-shippable-qr,True,False,,,102210fe594ee9b33d82058545b1ed14f4c8206e,custom.jsdebugger.stepOut.DAMP,damp,True,damp custom.jsdebugger.stepOut.DAMP opt e10s fission stylo webrender,4767202,77,ms,firefox,,1715651605,2023-06-19 09:07:21,1259607,,,,,,,,,,,,,,,,,,,,,,,,,,,,,,,,,,,,,,,,,,,,,,,,,TN
314,a97115e2be2374e480bb480120c62488e87739d5,0.1421958012660991,autoland,4768104,12,53390121d39b212135aaffcd577053a14c7f0dff,linux1804-64-shippable-qr,True,False,,,102210fe594ee9b33d82058545b1ed14f4c8206e,custom.jsdebugger.stepOut.DAMP,damp,True,damp custom.jsdebugger.stepOut.DAMP opt e10s fission stylo webrender,4767202,77,ms,firefox,,1715651340,2023-06-19 09:10:20,1259610,,,,,,,,,,,,,,,,,,,,,,,,,,,,,,,,,,,,,,,,,,,,,,,,,TN
315,c6ba7e7602d85a24db682c500d6d9dbef68437cb,0.15765996856611908,autoland,4768104,12,53390121d39b212135aaffcd577053a14c7f0dff,linux1804-64-shippable-qr,True,False,,,102210fe594ee9b33d82058545b1ed14f4c8206e,custom.jsdebugger.stepOut.DAMP,damp,True,damp custom.jsdebugger.stepOut.DAMP opt e10s fission stylo webrender,4767202,77,ms,firefox,,1715652089,2023-06-19 09:31:25,1259615,,,,,,,,,,,,,,,,,,,,,,,,,,,,,,,,,,,,,,,,,,,,,,,,,TN
316,0274a8c06c67e5ee1dccdb4e151ccf0ec70af43f,0.10839084363094442,autoland,4768104,12,53390121d39b212135aaffcd577053a14c7f0dff,linux1804-64-shippable-qr,True,False,,,102210fe594ee9b33d82058545b1ed14f4c8206e,custom.jsdebugger.stepOut.DAMP,damp,True,damp custom.jsdebugger.stepOut.DAMP opt e10s fission stylo webrender,4767202,77,ms,firefox,,1713837221,2023-06-19 09:32:15,1259616,,,,,,,,,,,,,,,,,,,,,,,,,,,,,,,,,,,,,,,,,,,,,,,,,TN
317,4cfdbab324ecef776398e73d2e7d7df276627d85,0.10963668855908737,autoland,4768104,12,53390121d39b212135aaffcd577053a14c7f0dff,linux1804-64-shippable-qr,True,False,,,102210fe594ee9b33d82058545b1ed14f4c8206e,custom.jsdebugger.stepOut.DAMP,damp,True,damp custom.jsdebugger.stepOut.DAMP opt e10s fission stylo webrender,4767202,77,ms,firefox,,1715651287,2023-06-19 12:21:35,1259709,,,,,,,,,,,,,,,,,,,,,,,,,,,,,,,,,,,,,,,,,,,,,,,,,TN
318,d9bcdd99921a975e7d59491a3061b03900fe175c,0.1448290325027488,autoland,4768104,12,53390121d39b212135aaffcd577053a14c7f0dff,linux1804-64-shippable-qr,True,False,,,102210fe594ee9b33d82058545b1ed14f4c8206e,custom.jsdebugger.stepOut.DAMP,damp,True,damp custom.jsdebugger.stepOut.DAMP opt e10s fission stylo webrender,4767202,77,ms,firefox,,1715652441,2023-06-19 12:29:14,1259714,,,,,,,,,,,,,,,,,,,,,,,,,,,,,,,,,,,,,,,,,,,,,,,,,TN
319,569ee35398db24e428d99ff22a6b9995a345395c,0.1388377310749631,autoland,4768104,12,53390121d39b212135aaffcd577053a14c7f0dff,linux1804-64-shippable-qr,True,False,,,102210fe594ee9b33d82058545b1ed14f4c8206e,custom.jsdebugger.stepOut.DAMP,damp,True,damp custom.jsdebugger.stepOut.DAMP opt e10s fission stylo webrender,4767202,77,ms,firefox,,1715653029,2023-06-19 12:30:04,1259715,,,,,,,,,,,,,,,,,,,,,,,,,,,,,,,,,,,,,,,,,,,,,,,,,TN
320,5f1f0f5559e239e38d683a443db7f8649327d102,0.14012251483590954,autoland,4768104,12,53390121d39b212135aaffcd577053a14c7f0dff,linux1804-64-shippable-qr,True,False,,,102210fe594ee9b33d82058545b1ed14f4c8206e,custom.jsdebugger.stepOut.DAMP,damp,True,damp custom.jsdebugger.stepOut.DAMP opt e10s fission stylo webrender,4767202,77,ms,firefox,,1715652315,2023-06-19 12:30:52,1259716,,,,,,,,,,,,,,,,,,,,,,,,,,,,,,,,,,,,,,,,,,,,,,,,,TN
321,1f44bd42ebc26f6649ceb625e083dd37727b6611,0.15850482628107554,autoland,4768104,12,53390121d39b212135aaffcd577053a14c7f0dff,linux1804-64-shippable-qr,True,False,,,102210fe594ee9b33d82058545b1ed14f4c8206e,custom.jsdebugger.stepOut.DAMP,damp,True,damp custom.jsdebugger.stepOut.DAMP opt e10s fission stylo webrender,4767202,77,ms,firefox,,1715653979,2023-06-19 12:46:32,1259727,,,,,,,,,,,,,,,,,,,,,,,,,,,,,,,,,,,,,,,,,,,,,,,,,TN
322,89c8bf4e9209c0c4b1eb87efab68e96d6dbf8145,0.15486835699807155,autoland,4768104,12,53390121d39b212135aaffcd577053a14c7f0dff,linux1804-64-shippable-qr,True,False,,,102210fe594ee9b33d82058545b1ed14f4c8206e,custom.jsdebugger.stepOut.DAMP,damp,True,damp custom.jsdebugger.stepOut.DAMP opt e10s fission stylo webrender,4767202,77,ms,firefox,,1714013967,2023-06-19 13:01:53,1259739,,,,,,,,,,,,,,,,,,,,,,,,,,,,,,,,,,,,,,,,,,,,,,,,,TN
323,8b00e3ecb05c7b19cc9945a01725d8083612f071,0.13381218244747317,autoland,4768104,12,53390121d39b212135aaffcd577053a14c7f0dff,linux1804-64-shippable-qr,True,False,,,102210fe594ee9b33d82058545b1ed14f4c8206e,custom.jsdebugger.stepOut.DAMP,damp,True,damp custom.jsdebugger.stepOut.DAMP opt e10s fission stylo webrender,4767202,77,ms,firefox,,1715652177,2023-06-19 15:02:14,1259812,,,,,,,,,,,,,,,,,,,,,,,,,,,,,,,,,,,,,,,,,,,,,,,,,TN
324,d84bcf432e12c2a8385aa5fadb41f973bbb10a56,0.16042745437239736,autoland,4768104,12,53390121d39b212135aaffcd577053a14c7f0dff,linux1804-64-shippable-qr,True,False,,,102210fe594ee9b33d82058545b1ed14f4c8206e,custom.jsdebugger.stepOut.DAMP,damp,True,damp custom.jsdebugger.stepOut.DAMP opt e10s fission stylo webrender,4767202,77,ms,firefox,,1715653399,2023-06-19 15:03:02,1259813,,,,,,,,,,,,,,,,,,,,,,,,,,,,,,,,,,,,,,,,,,,,,,,,,TN
325,d6954fee046033204051091189999f6c520deea6,0.1382028773773456,autoland,4768104,12,53390121d39b212135aaffcd577053a14c7f0dff,linux1804-64-shippable-qr,True,False,,,102210fe594ee9b33d82058545b1ed14f4c8206e,custom.jsdebugger.stepOut.DAMP,damp,True,damp custom.jsdebugger.stepOut.DAMP opt e10s fission stylo webrender,4767202,77,ms,firefox,,1715652367,2023-06-19 15:03:54,1259814,,,,,,,,,,,,,,,,,,,,,,,,,,,,,,,,,,,,,,,,,,,,,,,,,TN
326,83770e500714a732d514758e51c41484608f7dce,0.14475799752417706,autoland,4768104,12,53390121d39b212135aaffcd577053a14c7f0dff,linux1804-64-shippable-qr,True,False,,,102210fe594ee9b33d82058545b1ed14f4c8206e,custom.jsdebugger.stepOut.DAMP,damp,True,damp custom.jsdebugger.stepOut.DAMP opt e10s fission stylo webrender,4767202,77,ms,firefox,,1715652680,2023-06-19 15:37:57,1259823,,,,,,,,,,,,,,,,,,,,,,,,,,,,,,,,,,,,,,,,,,,,,,,,,TN
327,41581deb338a0f524c02f374390e58c71f6656ec,0.14712156907262774,autoland,4768104,12,53390121d39b212135aaffcd577053a14c7f0dff,linux1804-64-shippable-qr,True,False,,,102210fe594ee9b33d82058545b1ed14f4c8206e,custom.jsdebugger.stepOut.DAMP,damp,True,damp custom.jsdebugger.stepOut.DAMP opt e10s fission stylo webrender,4767202,77,ms,firefox,,1715652615,2023-06-19 15:43:30,1259827,,,,,,,,,,,,,,,,,,,,,,,,,,,,,,,,,,,,,,,,,,,,,,,,,TN
328,b2d23872d92d11290c2c43d919562305d2173902,0.13074564131871447,autoland,4768104,12,53390121d39b212135aaffcd577053a14c7f0dff,linux1804-64-shippable-qr,True,False,,,102210fe594ee9b33d82058545b1ed14f4c8206e,custom.jsdebugger.stepOut.DAMP,damp,True,damp custom.jsdebugger.stepOut.DAMP opt e10s fission stylo webrender,4767202,77,ms,firefox,,1715652824,2023-06-19 15:44:33,1259828,,,,,,,,,,,,,,,,,,,,,,,,,,,,,,,,,,,,,,,,,,,,,,,,,TN
329,a7d3d1ff5e6d4107158c82919ff558a386e43b93,0.1838771435604103,autoland,4768104,12,53390121d39b212135aaffcd577053a14c7f0dff,linux1804-64-shippable-qr,True,False,,,102210fe594ee9b33d82058545b1ed14f4c8206e,custom.jsdebugger.stepOut.DAMP,damp,True,damp custom.jsdebugger.stepOut.DAMP opt e10s fission stylo webrender,4767202,77,ms,firefox,,1715653451,2023-06-19 15:45:32,1259829,,,,,,,,,,,,,,,,,,,,,,,,,,,,,,,,,,,,,,,,,,,,,,,,,TN
330,009415898de1b16fd6b0a7bc9fe889f5b6033e9f,0.16818231700595776,autoland,4768104,12,53390121d39b212135aaffcd577053a14c7f0dff,linux1804-64-shippable-qr,True,False,,,102210fe594ee9b33d82058545b1ed14f4c8206e,custom.jsdebugger.stepOut.DAMP,damp,True,damp custom.jsdebugger.stepOut.DAMP opt e10s fission stylo webrender,4767202,77,ms,firefox,,1715653927,2023-06-19 15:51:53,1259832,,,,,,,,,,,,,,,,,,,,,,,,,,,,,,,,,,,,,,,,,,,,,,,,,TN
331,2e0c179db6fbc7070ab826bc771fa7c04ff51a68,0.20097095630253192,autoland,4768104,12,53390121d39b212135aaffcd577053a14c7f0dff,linux1804-64-shippable-qr,True,False,,,102210fe594ee9b33d82058545b1ed14f4c8206e,custom.jsdebugger.stepOut.DAMP,damp,True,damp custom.jsdebugger.stepOut.DAMP opt e10s fission stylo webrender,4767202,77,ms,firefox,,1715654241,2023-06-19 16:01:29,1259836,,,,,,,,,,,,,,,,,,,,,,,,,,,,,,,,,,,,,,,,,,,,,,,,,TN
332,9ecde3181716f5d8ad265d976575224cc04b2887,0.12098677557713677,autoland,4768104,12,53390121d39b212135aaffcd577053a14c7f0dff,linux1804-64-shippable-qr,True,False,,,102210fe594ee9b33d82058545b1ed14f4c8206e,custom.jsdebugger.stepOut.DAMP,damp,True,damp custom.jsdebugger.stepOut.DAMP opt e10s fission stylo webrender,4767202,77,ms,firefox,,1714067131,2023-06-19 16:21:16,1259851,,,,,,,,,,,,,,,,,,,,,,,,,,,,,,,,,,,,,,,,,,,,,,,,,TN
333,b040fff76ed7ecee270c125c9c3229c5e9ee1ff0,0.11332697432746741,autoland,4768104,12,53390121d39b212135aaffcd577053a14c7f0dff,linux1804-64-shippable-qr,True,False,,,102210fe594ee9b33d82058545b1ed14f4c8206e,custom.jsdebugger.stepOut.DAMP,damp,True,damp custom.jsdebugger.stepOut.DAMP opt e10s fission stylo webrender,4767202,77,ms,firefox,,1715652960,2023-06-19 17:46:12,1259890,,,,,,,,,,,,,,,,,,,,,,,,,,,,,,,,,,,,,,,,,,,,,,,,,TN
334,f9f8e7cfe057c0d11fd0795b1b8da2400880840c,0.16161466501520616,autoland,4768104,12,53390121d39b212135aaffcd577053a14c7f0dff,linux1804-64-shippable-qr,True,False,,,102210fe594ee9b33d82058545b1ed14f4c8206e,custom.jsdebugger.stepOut.DAMP,damp,True,damp custom.jsdebugger.stepOut.DAMP opt e10s fission stylo webrender,4767202,77,ms,firefox,,1715653280,2023-06-19 18:01:00,1259896,,,,,,,,,,,,,,,,,,,,,,,,,,,,,,,,,,,,,,,,,,,,,,,,,TN
335,c8f1d9f2dbf28345000613f309fdf7de281beb74,0.1439711461609956,autoland,4768104,12,53390121d39b212135aaffcd577053a14c7f0dff,linux1804-64-shippable-qr,True,False,,,102210fe594ee9b33d82058545b1ed14f4c8206e,custom.jsdebugger.stepOut.DAMP,damp,True,damp custom.jsdebugger.stepOut.DAMP opt e10s fission stylo webrender,4767202,77,ms,firefox,,1715653798,2023-06-19 18:26:12,1259906,,,,,,,,,,,,,,,,,,,,,,,,,,,,,,,,,,,,,,,,,,,,,,,,,TN
336,5f266371028f0ed5fe633f259a012880a2a6df89,0.18875764848853427,autoland,4768104,12,53390121d39b212135aaffcd577053a14c7f0dff,linux1804-64-shippable-qr,True,False,,,102210fe594ee9b33d82058545b1ed14f4c8206e,custom.jsdebugger.stepOut.DAMP,damp,True,damp custom.jsdebugger.stepOut.DAMP opt e10s fission stylo webrender,4767202,77,ms,firefox,,1715654052,2023-06-19 18:37:51,1259913,,,,,,,,,,,,,,,,,,,,,,,,,,,,,,,,,,,,,,,,,,,,,,,,,TN
337,03a00f2c2bc451f4edbf350398a03d2342d68101,0.11693682002451333,autoland,4768104,12,53390121d39b212135aaffcd577053a14c7f0dff,linux1804-64-shippable-qr,True,False,,,102210fe594ee9b33d82058545b1ed14f4c8206e,custom.jsdebugger.stepOut.DAMP,damp,True,damp custom.jsdebugger.stepOut.DAMP opt e10s fission stylo webrender,4767202,77,ms,firefox,,1715653738,2023-06-19 18:48:22,1259919,,,,,,,,,,,,,,,,,,,,,,,,,,,,,,,,,,,,,,,,,,,,,,,,,TN
338,d248322e9501e005fe38de9e614a734fba6a4e86,0.10304865555539933,autoland,4768104,12,53390121d39b212135aaffcd577053a14c7f0dff,linux1804-64-shippable-qr,True,False,,,102210fe594ee9b33d82058545b1ed14f4c8206e,custom.jsdebugger.stepOut.DAMP,damp,True,damp custom.jsdebugger.stepOut.DAMP opt e10s fission stylo webrender,4767202,77,ms,firefox,,1715649139,2023-06-19 18:59:52,1259927,,,,,,,,,,,,,,,,,,,,,,,,,,,,,,,,,,,,,,,,,,,,,,,,,TN
339,e06365982ef6b00590cb160ebe9f4978558d1052,0.12188589588841747,autoland,4768104,12,53390121d39b212135aaffcd577053a14c7f0dff,linux1804-64-shippable-qr,True,False,,,102210fe594ee9b33d82058545b1ed14f4c8206e,custom.jsdebugger.stepOut.DAMP,damp,True,damp custom.jsdebugger.stepOut.DAMP opt e10s fission stylo webrender,4767202,77,ms,firefox,,1714122853,2023-06-19 19:03:14,1259928,,,,,,,,,,,,,,,,,,,,,,,,,,,,,,,,,,,,,,,,,,,,,,,,,TN
340,1096905e1a6abf5085d4ae9197b139c4f6004e83,0.13545544073308347,autoland,4768104,12,53390121d39b212135aaffcd577053a14c7f0dff,linux1804-64-shippable-qr,True,False,,,102210fe594ee9b33d82058545b1ed14f4c8206e,custom.jsdebugger.stepOut.DAMP,damp,True,damp custom.jsdebugger.stepOut.DAMP opt e10s fission stylo webrender,4767202,77,ms,firefox,,1715691237,2023-06-19 20:29:31,1259963,,,,,,,,,,,,,,,,,,,,,,,,,,,,,,,,,,,,,,,,,,,,,,,,,TN
341,66787f25062db3f4db2e9931d54b8939c10ad3be,0.13405087766102342,autoland,4768104,12,53390121d39b212135aaffcd577053a14c7f0dff,linux1804-64-shippable-qr,True,False,,,102210fe594ee9b33d82058545b1ed14f4c8206e,custom.jsdebugger.stepOut.DAMP,damp,True,damp custom.jsdebugger.stepOut.DAMP opt e10s fission stylo webrender,4767202,77,ms,firefox,,1715683130,2023-06-19 20:31:54,1259964,,,,,,,,,,,,,,,,,,,,,,,,,,,,,,,,,,,,,,,,,,,,,,,,,TN
342,b575ffe09cdb53fb7ee2c8f4702164d4c7bf3601,0.12491802288249909,autoland,4768104,12,53390121d39b212135aaffcd577053a14c7f0dff,linux1804-64-shippable-qr,True,False,,,102210fe594ee9b33d82058545b1ed14f4c8206e,custom.jsdebugger.stepOut.DAMP,damp,True,damp custom.jsdebugger.stepOut.DAMP opt e10s fission stylo webrender,4767202,77,ms,firefox,,1715683188,2023-06-19 20:35:26,1259965,,,,,,,,,,,,,,,,,,,,,,,,,,,,,,,,,,,,,,,,,,,,,,,,,TN
343,7cebe3215c7d9c9fac055234e967913b672aa4cf,0.14203509698451589,autoland,4768104,12,53390121d39b212135aaffcd577053a14c7f0dff,linux1804-64-shippable-qr,True,False,,,102210fe594ee9b33d82058545b1ed14f4c8206e,custom.jsdebugger.stepOut.DAMP,damp,True,damp custom.jsdebugger.stepOut.DAMP opt e10s fission stylo webrender,4767202,77,ms,firefox,,1715693587,2023-06-19 20:52:27,1259978,,,,,,,,,,,,,,,,,,,,,,,,,,,,,,,,,,,,,,,,,,,,,,,,,TN
344,c59c33e5030cfdcee4136b22af8344e90af67367,0.12057799185398688,autoland,4768104,12,53390121d39b212135aaffcd577053a14c7f0dff,linux1804-64-shippable-qr,True,False,,,102210fe594ee9b33d82058545b1ed14f4c8206e,custom.jsdebugger.stepOut.DAMP,damp,True,damp custom.jsdebugger.stepOut.DAMP opt e10s fission stylo webrender,4767202,77,ms,firefox,,1715682960,2023-06-19 20:57:02,1259984,,,,,,,,,,,,,,,,,,,,,,,,,,,,,,,,,,,,,,,,,,,,,,,,,TN
345,3984b650b6ff5c6592fbda7e3c9a3b7c58b3a61f,0.10784241226365565,autoland,4768104,12,53390121d39b212135aaffcd577053a14c7f0dff,linux1804-64-shippable-qr,True,False,,,102210fe594ee9b33d82058545b1ed14f4c8206e,custom.jsdebugger.stepOut.DAMP,damp,True,damp custom.jsdebugger.stepOut.DAMP opt e10s fission stylo webrender,4767202,77,ms,firefox,,1715689969,2023-06-19 21:50:44,1260016,,,,,,,,,,,,,,,,,,,,,,,,,,,,,,,,,,,,,,,,,,,,,,,,,TN
346,1d7787405985e0804ee3e4f4187777dfad6fdd2d,0.1108853770723075,autoland,4768104,12,53390121d39b212135aaffcd577053a14c7f0dff,linux1804-64-shippable-qr,True,False,,,102210fe594ee9b33d82058545b1ed14f4c8206e,custom.jsdebugger.stepOut.DAMP,damp,True,damp custom.jsdebugger.stepOut.DAMP opt e10s fission stylo webrender,4767202,77,ms,firefox,,1715690846,2023-06-19 21:51:41,1260017,,,,,,,,,,,,,,,,,,,,,,,,,,,,,,,,,,,,,,,,,,,,,,,,,TN
347,5f4aecabd0376981a5f837f5de593c106c194712,0.13332041909904624,autoland,4768104,12,53390121d39b212135aaffcd577053a14c7f0dff,linux1804-64-shippable-qr,True,False,,,102210fe594ee9b33d82058545b1ed14f4c8206e,custom.jsdebugger.stepOut.DAMP,damp,True,damp custom.jsdebugger.stepOut.DAMP opt e10s fission stylo webrender,4767202,77,ms,firefox,,1715691068,2023-06-19 22:05:27,1260021,,,,,,,,,,,,,,,,,,,,,,,,,,,,,,,,,,,,,,,,,,,,,,,,,TN
348,9b440a54162076ced76e97777779c2c53619086d,0.14350941830324104,autoland,4768104,12,53390121d39b212135aaffcd577053a14c7f0dff,linux1804-64-shippable-qr,True,False,,,102210fe594ee9b33d82058545b1ed14f4c8206e,custom.jsdebugger.stepOut.DAMP,damp,True,damp custom.jsdebugger.stepOut.DAMP opt e10s fission stylo webrender,4767202,77,ms,firefox,,1715683721,2023-06-19 22:55:19,1260038,,,,,,,,,,,,,,,,,,,,,,,,,,,,,,,,,,,,,,,,,,,,,,,,,TN
349,edef1940a6bd4d95b235e43b1cada493f561f78a,0.09520176986155304,autoland,4768104,12,53390121d39b212135aaffcd577053a14c7f0dff,linux1804-64-shippable-qr,True,False,,,102210fe594ee9b33d82058545b1ed14f4c8206e,custom.jsdebugger.stepOut.DAMP,damp,True,damp custom.jsdebugger.stepOut.DAMP opt e10s fission stylo webrender,4767202,77,ms,firefox,,1714210319,2023-06-19 23:03:46,1260042,,,,,,,,,,,,,,,,,,,,,,,,,,,,,,,,,,,,,,,,,,,,,,,,,TN
350,1c6e9d4668f7c8922d9e622072fef1a28b813049,0.14082375660538426,autoland,4768104,12,53390121d39b212135aaffcd577053a14c7f0dff,linux1804-64-shippable-qr,True,False,,,102210fe594ee9b33d82058545b1ed14f4c8206e,custom.jsdebugger.stepOut.DAMP,damp,True,damp custom.jsdebugger.stepOut.DAMP opt e10s fission stylo webrender,4767202,77,ms,firefox,,1715691141,2023-06-19 23:52:46,1260051,,,,,,,,,,,,,,,,,,,,,,,,,,,,,,,,,,,,,,,,,,,,,,,,,TN
351,9fb58fa7b8b6ef4311a4f56a75eba93bbece1bb5,0.15884051635750174,autoland,4768104,12,53390121d39b212135aaffcd577053a14c7f0dff,linux1804-64-shippable-qr,True,False,,,102210fe594ee9b33d82058545b1ed14f4c8206e,custom.jsdebugger.stepOut.DAMP,damp,True,damp custom.jsdebugger.stepOut.DAMP opt e10s fission stylo webrender,4767202,77,ms,firefox,,1715684202,2023-06-20 01:36:46,1260069,,,,,,,,,,,,,,,,,,,,,,,,,,,,,,,,,,,,,,,,,,,,,,,,,TN
352,a9ef0fac7c93abd27c6fbfa099f5581ef170b569,0.1392719043756223,autoland,4768104,12,53390121d39b212135aaffcd577053a14c7f0dff,linux1804-64-shippable-qr,True,False,,,102210fe594ee9b33d82058545b1ed14f4c8206e,custom.jsdebugger.stepOut.DAMP,damp,True,damp custom.jsdebugger.stepOut.DAMP opt e10s fission stylo webrender,4767202,77,ms,firefox,,1715693406,2023-06-20 02:00:05,1260078,,,,,,,,,,,,,,,,,,,,,,,,,,,,,,,,,,,,,,,,,,,,,,,,,TN
353,a4b679a79f2fa00877013dfcc1a886078d728328,0.13501926341046122,autoland,4768104,12,53390121d39b212135aaffcd577053a14c7f0dff,linux1804-64-shippable-qr,True,False,,,102210fe594ee9b33d82058545b1ed14f4c8206e,custom.jsdebugger.stepOut.DAMP,damp,True,damp custom.jsdebugger.stepOut.DAMP opt e10s fission stylo webrender,4767202,77,ms,firefox,,1714381888,2023-06-20 04:00:20,1260102,,,,,,,,,,,,,,,,,,,,,,,,,,,,,,,,,,,,,,,,,,,,,,,,,TN
354,ce5a84713c8b968709940f18f143d251da4fcb83,0.15986790401149897,autoland,4768104,12,53390121d39b212135aaffcd577053a14c7f0dff,linux1804-64-shippable-qr,True,False,,,102210fe594ee9b33d82058545b1ed14f4c8206e,custom.jsdebugger.stepOut.DAMP,damp,True,damp custom.jsdebugger.stepOut.DAMP opt e10s fission stylo webrender,4767202,77,ms,firefox,,1714549020,2023-06-20 05:17:25,1260124,,,,,,,,,,,,,,,,,,,,,,,,,,,,,,,,,,,,,,,,,,,,,,,,,TN
355,caf02cdd31992e89c9bd81c5ec4d391070651f3a,0.12522622099644942,autoland,4768104,12,53390121d39b212135aaffcd577053a14c7f0dff,linux1804-64-shippable-qr,True,False,,,102210fe594ee9b33d82058545b1ed14f4c8206e,custom.jsdebugger.stepOut.DAMP,damp,True,damp custom.jsdebugger.stepOut.DAMP opt e10s fission stylo webrender,4767202,77,ms,firefox,,1714612908,2023-06-20 09:18:46,1260213,,,,,,,,,,,,,,,,,,,,,,,,,,,,,,,,,,,,,,,,,,,,,,,,,TN
356,5ade2b37847325019878bde832493c342759d7eb,0.16231982143351997,autoland,4768104,12,53390121d39b212135aaffcd577053a14c7f0dff,linux1804-64-shippable-qr,True,False,,,102210fe594ee9b33d82058545b1ed14f4c8206e,custom.jsdebugger.stepOut.DAMP,damp,True,damp custom.jsdebugger.stepOut.DAMP opt e10s fission stylo webrender,4767202,77,ms,firefox,,1714722213,2023-06-20 12:29:52,1260284,,,,,,,,,,,,,,,,,,,,,,,,,,,,,,,,,,,,,,,,,,,,,,,,,TN
357,1877c1e6db6f8a23c52ab9238c7f62d0b696f0ce,0.13083399414723984,autoland,4768104,12,53390121d39b212135aaffcd577053a14c7f0dff,linux1804-64-shippable-qr,True,False,,,102210fe594ee9b33d82058545b1ed14f4c8206e,custom.jsdebugger.stepOut.DAMP,damp,True,damp custom.jsdebugger.stepOut.DAMP opt e10s fission stylo webrender,4767202,77,ms,firefox,,1714884818,2023-06-20 16:34:00,1260512,,,,,,,,,,,,,,,,,,,,,,,,,,,,,,,,,,,,,,,,,,,,,,,,,TN
358,2ad5c2418b372960126440af5aa568104de3bfb8,0.20047368561949108,autoland,4768104,12,53390121d39b212135aaffcd577053a14c7f0dff,linux1804-64-shippable-qr,True,False,,,102210fe594ee9b33d82058545b1ed14f4c8206e,custom.jsdebugger.stepOut.DAMP,damp,True,damp custom.jsdebugger.stepOut.DAMP opt e10s fission stylo webrender,4767202,77,ms,firefox,,1714994178,2023-06-20 16:35:53,1260515,,,,,,,,,,,,,,,,,,,,,,,,,,,,,,,,,,,,,,,,,,,,,,,,,TN
359,143aa1574b8d50e4d2ddd1a2826b25a8418f13c1,0.11608003057927485,autoland,4768104,12,53390121d39b212135aaffcd577053a14c7f0dff,linux1804-64-shippable-qr,True,False,,,102210fe594ee9b33d82058545b1ed14f4c8206e,custom.jsdebugger.stepOut.DAMP,damp,True,damp custom.jsdebugger.stepOut.DAMP opt e10s fission stylo webrender,4767202,77,ms,firefox,,1715258720,2023-06-21 00:51:29,1260862,,,,,,,,,,,,,,,,,,,,,,,,,,,,,,,,,,,,,,,,,,,,,,,,,TN
360,7bdf45ed2f6b565e69fdbc44285af78de3271a4e,0.13859714411224422,autoland,4768104,12,53390121d39b212135aaffcd577053a14c7f0dff,linux1804-64-shippable-qr,True,False,,,102210fe594ee9b33d82058545b1ed14f4c8206e,custom.jsdebugger.stepOut.DAMP,damp,True,damp custom.jsdebugger.stepOut.DAMP opt e10s fission stylo webrender,4767202,77,ms,firefox,,1715307177,2023-06-21 02:28:11,1260905,,,,,,,,,,,,,,,,,,,,,,,,,,,,,,,,,,,,,,,,,,,,,,,,,TN
361,8a382f0bd3211346516d54c647d157320335a806,0.1267589242348044,autoland,4768104,12,53390121d39b212135aaffcd577053a14c7f0dff,linux1804-64-shippable-qr,True,False,,,102210fe594ee9b33d82058545b1ed14f4c8206e,custom.jsdebugger.stepOut.DAMP,damp,True,damp custom.jsdebugger.stepOut.DAMP opt e10s fission stylo webrender,4767202,77,ms,firefox,,1715415452,2023-06-21 06:55:17,1260969,,,,,,,,,,,,,,,,,,,,,,,,,,,,,,,,,,,,,,,,,,,,,,,,,TN
362,3a2d8da23d13f992206e474e947a8e6405dcf7dd,0.12800972804928046,autoland,4768104,12,53390121d39b212135aaffcd577053a14c7f0dff,linux1804-64-shippable-qr,True,False,,,102210fe594ee9b33d82058545b1ed14f4c8206e,custom.jsdebugger.stepOut.DAMP,damp,True,damp custom.jsdebugger.stepOut.DAMP opt e10s fission stylo webrender,4767202,77,ms,firefox,,1716747853,2023-06-21 06:58:14,1260971,,,,,,,,,,,,,,,,,,,,,,,,,,,,,,,,,,,,,,,,,,,,,,,,,TN
363,dedf1536e842cf528af6c5746d4f6068241328ad,0.09971028479105803,autoland,4768104,12,53390121d39b212135aaffcd577053a14c7f0dff,linux1804-64-shippable-qr,True,False,,,102210fe594ee9b33d82058545b1ed14f4c8206e,custom.jsdebugger.stepOut.DAMP,damp,True,damp custom.jsdebugger.stepOut.DAMP opt e10s fission stylo webrender,4767202,77,ms,firefox,,1716745345,2023-06-21 07:06:42,1260976,,,,,,,,,,,,,,,,,,,,,,,,,,,,,,,,,,,,,,,,,,,,,,,,,TN
364,2d7083c6241d1088731d98b9728357d9c8ebe9b0,0.14054399930924633,autoland,4768104,12,53390121d39b212135aaffcd577053a14c7f0dff,linux1804-64-shippable-qr,True,False,,,102210fe594ee9b33d82058545b1ed14f4c8206e,custom.jsdebugger.stepOut.DAMP,damp,True,damp custom.jsdebugger.stepOut.DAMP opt e10s fission stylo webrender,4767202,77,ms,firefox,,1716748721,2023-06-21 07:10:44,1260977,,,,,,,,,,,,,,,,,,,,,,,,,,,,,,,,,,,,,,,,,,,,,,,,,TN
365,a69c0deca1907a5aa0ab4ac99f1af814bca47523,0.14789541068670542,autoland,4768104,12,53390121d39b212135aaffcd577053a14c7f0dff,linux1804-64-shippable-qr,True,False,,,102210fe594ee9b33d82058545b1ed14f4c8206e,custom.jsdebugger.stepOut.DAMP,damp,True,damp custom.jsdebugger.stepOut.DAMP opt e10s fission stylo webrender,4767202,77,ms,firefox,,1716749025,2023-06-21 07:13:55,1260978,,,,,,,,,,,,,,,,,,,,,,,,,,,,,,,,,,,,,,,,,,,,,,,,,TN
366,bb3c35dfb321af4d7e67e08c22df53c3c6ff0609,0.13277756660306328,autoland,4768104,12,53390121d39b212135aaffcd577053a14c7f0dff,linux1804-64-shippable-qr,True,False,,,102210fe594ee9b33d82058545b1ed14f4c8206e,custom.jsdebugger.stepOut.DAMP,damp,True,damp custom.jsdebugger.stepOut.DAMP opt e10s fission stylo webrender,4767202,77,ms,firefox,,1716748908,2023-06-21 07:17:27,1260980,,,,,,,,,,,,,,,,,,,,,,,,,,,,,,,,,,,,,,,,,,,,,,,,,TN
367,782b982f3a81e011e992b2a40b23d21f83027946,0.14259473477910123,autoland,4768104,12,53390121d39b212135aaffcd577053a14c7f0dff,linux1804-64-shippable-qr,True,False,,,102210fe594ee9b33d82058545b1ed14f4c8206e,custom.jsdebugger.stepOut.DAMP,damp,True,damp custom.jsdebugger.stepOut.DAMP opt e10s fission stylo webrender,4767202,77,ms,firefox,,1716748109,2023-06-21 07:18:33,1260982,,,,,,,,,,,,,,,,,,,,,,,,,,,,,,,,,,,,,,,,,,,,,,,,,TN
368,fb9464de6de987e4d63f28df3cd609c668e987bd,0.13121046115291035,autoland,4768104,12,53390121d39b212135aaffcd577053a14c7f0dff,linux1804-64-shippable-qr,True,False,,,102210fe594ee9b33d82058545b1ed14f4c8206e,custom.jsdebugger.stepOut.DAMP,damp,True,damp custom.jsdebugger.stepOut.DAMP opt e10s fission stylo webrender,4767202,77,ms,firefox,,1716747985,2023-06-21 07:19:23,1260983,,,,,,,,,,,,,,,,,,,,,,,,,,,,,,,,,,,,,,,,,,,,,,,,,TN
369,22c38e18f9e88ca912a22de5fe1b578e9f77959a,0.10695307161942202,autoland,4768104,12,53390121d39b212135aaffcd577053a14c7f0dff,linux1804-64-shippable-qr,True,False,,,102210fe594ee9b33d82058545b1ed14f4c8206e,custom.jsdebugger.stepOut.DAMP,damp,True,damp custom.jsdebugger.stepOut.DAMP opt e10s fission stylo webrender,4767202,77,ms,firefox,,1716747717,2023-06-21 07:21:49,1260985,,,,,,,,,,,,,,,,,,,,,,,,,,,,,,,,,,,,,,,,,,,,,,,,,TN
370,4c90403735bebf09d72af91e99745cfcbbae2a35,0.13235360119626516,autoland,4768104,12,53390121d39b212135aaffcd577053a14c7f0dff,linux1804-64-shippable-qr,True,False,,,102210fe594ee9b33d82058545b1ed14f4c8206e,custom.jsdebugger.stepOut.DAMP,damp,True,damp custom.jsdebugger.stepOut.DAMP opt e10s fission stylo webrender,4767202,77,ms,firefox,,1715443296,2023-06-21 07:34:24,1260998,,,,,,,,,,,,,,,,,,,,,,,,,,,,,,,,,,,,,,,,,,,,,,,,,TN
371,20ddf56bef8aad155f52ba245320dacf0107aadf,0.13438133760771942,autoland,4768104,12,53390121d39b212135aaffcd577053a14c7f0dff,linux1804-64-shippable-qr,True,False,,,102210fe594ee9b33d82058545b1ed14f4c8206e,custom.jsdebugger.stepOut.DAMP,damp,True,damp custom.jsdebugger.stepOut.DAMP opt e10s fission stylo webrender,4767202,77,ms,firefox,,1716748444,2023-06-21 09:48:38,1261092,,,,,,,,,,,,,,,,,,,,,,,,,,,,,,,,,,,,,,,,,,,,,,,,,TN
372,3dabb9290349e7a9ea00dc24a9f9a8d9645dcf1d,0.17325998411502885,autoland,4768104,12,53390121d39b212135aaffcd577053a14c7f0dff,linux1804-64-shippable-qr,True,False,,,102210fe594ee9b33d82058545b1ed14f4c8206e,custom.jsdebugger.stepOut.DAMP,damp,True,damp custom.jsdebugger.stepOut.DAMP opt e10s fission stylo webrender,4767202,77,ms,firefox,,1716748503,2023-06-21 09:55:35,1261099,,,,,,,,,,,,,,,,,,,,,,,,,,,,,,,,,,,,,,,,,,,,,,,,,TN
373,8eb871cb02a1c8594fb604376e40b27cebd7b8bd,0.14864953598325048,autoland,4768104,12,53390121d39b212135aaffcd577053a14c7f0dff,linux1804-64-shippable-qr,True,False,,,102210fe594ee9b33d82058545b1ed14f4c8206e,custom.jsdebugger.stepOut.DAMP,damp,True,damp custom.jsdebugger.stepOut.DAMP opt e10s fission stylo webrender,4767202,77,ms,firefox,,1716748604,2023-06-21 10:29:51,1261123,,,,,,,,,,,,,,,,,,,,,,,,,,,,,,,,,,,,,,,,,,,,,,,,,TN
374,6e760185c049c9b07756b413ce702e3b70af0efc,0.13848003053790436,autoland,4768104,12,53390121d39b212135aaffcd577053a14c7f0dff,linux1804-64-shippable-qr,True,False,,,102210fe594ee9b33d82058545b1ed14f4c8206e,custom.jsdebugger.stepOut.DAMP,damp,True,damp custom.jsdebugger.stepOut.DAMP opt e10s fission stylo webrender,4767202,77,ms,firefox,,1716748389,2023-06-21 10:30:39,1261124,,,,,,,,,,,,,,,,,,,,,,,,,,,,,,,,,,,,,,,,,,,,,,,,,TN
375,d30811fca62a1e6095cd3a74600d0ec8bf749ed0,0.14959178499382042,autoland,4768104,12,53390121d39b212135aaffcd577053a14c7f0dff,linux1804-64-shippable-qr,True,False,,,102210fe594ee9b33d82058545b1ed14f4c8206e,custom.jsdebugger.stepOut.DAMP,damp,True,damp custom.jsdebugger.stepOut.DAMP opt e10s fission stylo webrender,4767202,77,ms,firefox,,1716748779,2023-06-21 11:18:49,1261155,,,,,,,,,,,,,,,,,,,,,,,,,,,,,,,,,,,,,,,,,,,,,,,,,TN
376,14edc9bcbe5615f748cdb086881c6b983aedf04d,0.1437401580363875,autoland,4768104,12,53390121d39b212135aaffcd577053a14c7f0dff,linux1804-64-shippable-qr,True,False,,,102210fe594ee9b33d82058545b1ed14f4c8206e,custom.jsdebugger.stepOut.DAMP,damp,True,damp custom.jsdebugger.stepOut.DAMP opt e10s fission stylo webrender,4767202,77,ms,firefox,,1715625752,2023-06-21 12:20:35,1261182,,,,,,,,,,,,,,,,,,,,,,,,,,,,,,,,,,,,,,,,,,,,,,,,,TN
377,33d2377b255dbfbe7ca7d86e2211b6336f44bff4,0.14937891354592092,autoland,4768104,12,53390121d39b212135aaffcd577053a14c7f0dff,linux1804-64-shippable-qr,True,False,,,102210fe594ee9b33d82058545b1ed14f4c8206e,custom.jsdebugger.stepOut.DAMP,damp,True,damp custom.jsdebugger.stepOut.DAMP opt e10s fission stylo webrender,4767202,77,ms,firefox,,1716748839,2023-06-21 12:28:53,1261192,,,,,,,,,,,,,,,,,,,,,,,,,,,,,,,,,,,,,,,,,,,,,,,,,TN
378,b94f3d418f54f964368486a65cd5d15e828867db,0.15927560274507768,autoland,4768104,12,53390121d39b212135aaffcd577053a14c7f0dff,linux1804-64-shippable-qr,True,False,,,102210fe594ee9b33d82058545b1ed14f4c8206e,custom.jsdebugger.stepOut.DAMP,damp,True,damp custom.jsdebugger.stepOut.DAMP opt e10s fission stylo webrender,4767202,77,ms,firefox,,1715642606,2023-06-21 12:59:17,1261207,,,,,,,,,,,,,,,,,,,,,,,,,,,,,,,,,,,,,,,,,,,,,,,,,TN
379,81e6aadf991154de739cb0f9e29d430454bad8cb,0.10508257790685005,autoland,4768104,12,53390121d39b212135aaffcd577053a14c7f0dff,linux1804-64-shippable-qr,True,False,,,102210fe594ee9b33d82058545b1ed14f4c8206e,custom.jsdebugger.stepOut.DAMP,damp,True,damp custom.jsdebugger.stepOut.DAMP opt e10s fission stylo webrender,4767202,77,ms,firefox,,1716777641,2023-06-21 15:02:01,1261264,,,,,,,,,,,,,,,,,,,,,,,,,,,,,,,,,,,,,,,,,,,,,,,,,TN
380,cfcbf93fc874dcc6299281726a470f2909c341d8,0.12232102400566847,autoland,4768104,12,53390121d39b212135aaffcd577053a14c7f0dff,linux1804-64-shippable-qr,True,False,,,102210fe594ee9b33d82058545b1ed14f4c8206e,custom.jsdebugger.stepOut.DAMP,damp,True,damp custom.jsdebugger.stepOut.DAMP opt e10s fission stylo webrender,4767202,77,ms,firefox,,1716795195,2023-06-21 15:04:17,1261265,,,,,,,,,,,,,,,,,,,,,,,,,,,,,,,,,,,,,,,,,,,,,,,,,TN
381,4399291987d930b9bc3f72be755b40b3f4e528cb,0.1274401188294494,autoland,4768104,12,53390121d39b212135aaffcd577053a14c7f0dff,linux1804-64-shippable-qr,True,False,,,102210fe594ee9b33d82058545b1ed14f4c8206e,custom.jsdebugger.stepOut.DAMP,damp,True,damp custom.jsdebugger.stepOut.DAMP opt e10s fission stylo webrender,4767202,77,ms,firefox,,1716776796,2023-06-21 15:17:55,1261267,,,,,,,,,,,,,,,,,,,,,,,,,,,,,,,,,,,,,,,,,,,,,,,,,TN
382,5cb90a0cb8edf4c399858dff9f0be91b1652bc6d,0.130553003835999,autoland,4768104,12,53390121d39b212135aaffcd577053a14c7f0dff,linux1804-64-shippable-qr,True,False,,,102210fe594ee9b33d82058545b1ed14f4c8206e,custom.jsdebugger.stepOut.DAMP,damp,True,damp custom.jsdebugger.stepOut.DAMP opt e10s fission stylo webrender,4767202,77,ms,firefox,,1716794053,2023-06-21 15:37:35,1261269,,,,,,,,,,,,,,,,,,,,,,,,,,,,,,,,,,,,,,,,,,,,,,,,,TN
383,38086418279c11860cdd0b8cf7ac8b717bb78d3e,0.14005640396877705,autoland,4768104,12,53390121d39b212135aaffcd577053a14c7f0dff,linux1804-64-shippable-qr,True,False,,,102210fe594ee9b33d82058545b1ed14f4c8206e,custom.jsdebugger.stepOut.DAMP,damp,True,damp custom.jsdebugger.stepOut.DAMP opt e10s fission stylo webrender,4767202,77,ms,firefox,,1716961636,2023-06-21 16:02:14,1261270,,,,,,,,,,,,,,,,,,,,,,,,,,,,,,,,,,,,,,,,,,,,,,,,,TN
384,509cdf880d7beadc241f51f3bbc739018abb28f2,0.1381161778422093,autoland,4768104,12,53390121d39b212135aaffcd577053a14c7f0dff,linux1804-64-shippable-qr,True,False,,,102210fe594ee9b33d82058545b1ed14f4c8206e,custom.jsdebugger.stepOut.DAMP,damp,True,damp custom.jsdebugger.stepOut.DAMP opt e10s fission stylo webrender,4767202,77,ms,firefox,,1716795427,2023-06-21 16:16:24,1261273,,,,,,,,,,,,,,,,,,,,,,,,,,,,,,,,,,,,,,,,,,,,,,,,,TN
385,dfcc0494fe8d5b92b1b42a04019c811bc7c9ce17,0.13038066191945896,autoland,4768104,12,53390121d39b212135aaffcd577053a14c7f0dff,linux1804-64-shippable-qr,True,False,,,102210fe594ee9b33d82058545b1ed14f4c8206e,custom.jsdebugger.stepOut.DAMP,damp,True,damp custom.jsdebugger.stepOut.DAMP opt e10s fission stylo webrender,4767202,77,ms,firefox,,1716796222,2023-06-21 16:29:44,1261275,,,,,,,,,,,,,,,,,,,,,,,,,,,,,,,,,,,,,,,,,,,,,,,,,TN
386,92f63f8df9d5b0262710464e797bdf6d12678780,0.13458619892906198,autoland,4768104,12,53390121d39b212135aaffcd577053a14c7f0dff,linux1804-64-shippable-qr,True,False,,,102210fe594ee9b33d82058545b1ed14f4c8206e,custom.jsdebugger.stepOut.DAMP,damp,True,damp custom.jsdebugger.stepOut.DAMP opt e10s fission stylo webrender,4767202,77,ms,firefox,,1716778681,2023-06-21 16:31:13,1261276,,,,,,,,,,,,,,,,,,,,,,,,,,,,,,,,,,,,,,,,,,,,,,,,,TN
387,36d83102c92103f8941c845c6523b94d1d474f57,0.1257721525524178,autoland,4768104,12,53390121d39b212135aaffcd577053a14c7f0dff,linux1804-64-shippable-qr,True,False,,,102210fe594ee9b33d82058545b1ed14f4c8206e,custom.jsdebugger.stepOut.DAMP,damp,True,damp custom.jsdebugger.stepOut.DAMP opt e10s fission stylo webrender,4767202,77,ms,firefox,,1716793529,2023-06-21 16:32:01,1261277,,,,,,,,,,,,,,,,,,,,,,,,,,,,,,,,,,,,,,,,,,,,,,,,,TN
388,702dc0aa87a8c3e4929277c1dc8220a7dd72418f,0.1265364519616694,autoland,4768104,12,53390121d39b212135aaffcd577053a14c7f0dff,linux1804-64-shippable-qr,True,False,,,102210fe594ee9b33d82058545b1ed14f4c8206e,custom.jsdebugger.stepOut.DAMP,damp,True,damp custom.jsdebugger.stepOut.DAMP opt e10s fission stylo webrender,4767202,77,ms,firefox,,1715759968,2023-06-21 16:33:07,1261278,,,,,,,,,,,,,,,,,,,,,,,,,,,,,,,,,,,,,,,,,,,,,,,,,TN
389,595b3b1320075623147cf5b9998e0eb7fdaccfd9,0.13670187385216614,autoland,4768104,12,53390121d39b212135aaffcd577053a14c7f0dff,linux1804-64-shippable-qr,True,False,,,102210fe594ee9b33d82058545b1ed14f4c8206e,custom.jsdebugger.stepOut.DAMP,damp,True,damp custom.jsdebugger.stepOut.DAMP opt e10s fission stylo webrender,4767202,77,ms,firefox,,1717236124,2023-06-21 18:59:15,1261437,,,,,,,,,,,,,,,,,,,,,,,,,,,,,,,,,,,,,,,,,,,,,,,,,TN
390,69c9504ac84861d3c72e16125ce311a36a33020e,0.1830150683456322,autoland,4768104,12,53390121d39b212135aaffcd577053a14c7f0dff,linux1804-64-shippable-qr,True,False,,,102210fe594ee9b33d82058545b1ed14f4c8206e,custom.jsdebugger.stepOut.DAMP,damp,True,damp custom.jsdebugger.stepOut.DAMP opt e10s fission stylo webrender,4767202,77,ms,firefox,,1717236889,2023-06-21 19:05:31,1261444,,,,,,,,,,,,,,,,,,,,,,,,,,,,,,,,,,,,,,,,,,,,,,,,,TN
391,11bb962f807e93e1dcd1f491e83375ebb364ab0f,0.1195425334659781,autoland,4768104,12,53390121d39b212135aaffcd577053a14c7f0dff,linux1804-64-shippable-qr,True,False,,,102210fe594ee9b33d82058545b1ed14f4c8206e,custom.jsdebugger.stepOut.DAMP,damp,True,damp custom.jsdebugger.stepOut.DAMP opt e10s fission stylo webrender,4767202,77,ms,firefox,,1717234745,2023-06-21 19:42:19,1261480,,,,,,,,,,,,,,,,,,,,,,,,,,,,,,,,,,,,,,,,,,,,,,,,,TN
392,baa510ae8c9f1043f538edd65d87377fe3e9b422,0.13515201074088412,autoland,4768104,12,53390121d39b212135aaffcd577053a14c7f0dff,linux1804-64-shippable-qr,True,False,,,102210fe594ee9b33d82058545b1ed14f4c8206e,custom.jsdebugger.stepOut.DAMP,damp,True,damp custom.jsdebugger.stepOut.DAMP opt e10s fission stylo webrender,4767202,77,ms,firefox,,1717235548,2023-06-21 19:55:23,1261491,,,,,,,,,,,,,,,,,,,,,,,,,,,,,,,,,,,,,,,,,,,,,,,,,TN
393,7d29150fa9f65881e22d5a52ef818f917937d6c3,0.14445905447452323,autoland,4768104,12,53390121d39b212135aaffcd577053a14c7f0dff,linux1804-64-shippable-qr,True,False,,,102210fe594ee9b33d82058545b1ed14f4c8206e,custom.jsdebugger.stepOut.DAMP,damp,True,damp custom.jsdebugger.stepOut.DAMP opt e10s fission stylo webrender,4767202,77,ms,firefox,,1717235226,2023-06-21 20:16:44,1261510,,,,,,,,,,,,,,,,,,,,,,,,,,,,,,,,,,,,,,,,,,,,,,,,,TN
394,f06440ad2554e77f3766c500715adc0d1931e3b7,0.12334902170901452,autoland,4768104,12,53390121d39b212135aaffcd577053a14c7f0dff,linux1804-64-shippable-qr,True,False,,,102210fe594ee9b33d82058545b1ed14f4c8206e,custom.jsdebugger.stepOut.DAMP,damp,True,damp custom.jsdebugger.stepOut.DAMP opt e10s fission stylo webrender,4767202,77,ms,firefox,,1717233121,2023-06-21 20:17:32,1261513,,,,,,,,,,,,,,,,,,,,,,,,,,,,,,,,,,,,,,,,,,,,,,,,,TN
395,693d34c8447d4730b61eaad4858422001bdb1a7e,0.12368328999288769,autoland,4768104,12,53390121d39b212135aaffcd577053a14c7f0dff,linux1804-64-shippable-qr,True,False,,,102210fe594ee9b33d82058545b1ed14f4c8206e,custom.jsdebugger.stepOut.DAMP,damp,True,damp custom.jsdebugger.stepOut.DAMP opt e10s fission stylo webrender,4767202,77,ms,firefox,,1717226582,2023-06-21 20:18:59,1261514,,,,,,,,,,,,,,,,,,,,,,,,,,,,,,,,,,,,,,,,,,,,,,,,,TN
396,9b51116e45ec44e3bf46cedbd12274d545131b2f,0.13167977885897564,autoland,4768104,12,53390121d39b212135aaffcd577053a14c7f0dff,linux1804-64-shippable-qr,True,False,,,102210fe594ee9b33d82058545b1ed14f4c8206e,custom.jsdebugger.stepOut.DAMP,damp,True,damp custom.jsdebugger.stepOut.DAMP opt e10s fission stylo webrender,4767202,77,ms,firefox,,1717234993,2023-06-21 20:20:50,1261517,,,,,,,,,,,,,,,,,,,,,,,,,,,,,,,,,,,,,,,,,,,,,,,,,TN
397,78880280c2765ec0520ece3184fc8fdbac5b5356,0.11915541642968264,autoland,4768104,12,53390121d39b212135aaffcd577053a14c7f0dff,linux1804-64-shippable-qr,True,False,,,102210fe594ee9b33d82058545b1ed14f4c8206e,custom.jsdebugger.stepOut.DAMP,damp,True,damp custom.jsdebugger.stepOut.DAMP opt e10s fission stylo webrender,4767202,77,ms,firefox,,1715922250,2023-06-21 20:43:57,1261541,,,,,,,,,,,,,,,,,,,,,,,,,,,,,,,,,,,,,,,,,,,,,,,,,TN
398,6a624bd0e15ade7c861c52e9b7fd66aae70805aa,0.1497793960277931,autoland,4768104,12,53390121d39b212135aaffcd577053a14c7f0dff,linux1804-64-shippable-qr,True,False,,,102210fe594ee9b33d82058545b1ed14f4c8206e,custom.jsdebugger.stepOut.DAMP,damp,True,damp custom.jsdebugger.stepOut.DAMP opt e10s fission stylo webrender,4767202,77,ms,firefox,,1717236503,2023-06-21 22:44:26,1261675,,,,,,,,,,,,,,,,,,,,,,,,,,,,,,,,,,,,,,,,,,,,,,,,,TN
399,5bffd38687558c31c9c0cb2baeb41316f28375a4,0.10173828549095432,autoland,4768104,12,53390121d39b212135aaffcd577053a14c7f0dff,linux1804-64-shippable-qr,True,False,,,102210fe594ee9b33d82058545b1ed14f4c8206e,custom.jsdebugger.stepOut.DAMP,damp,True,damp custom.jsdebugger.stepOut.DAMP opt e10s fission stylo webrender,4767202,77,ms,firefox,,1717234474,2023-06-21 22:45:23,1261677,,,,,,,,,,,,,,,,,,,,,,,,,,,,,,,,,,,,,,,,,,,,,,,,,TN
400,2687a2f6d5d355bfad12fb1746c92a68cf740e3f,0.11851197037591077,autoland,4768104,12,53390121d39b212135aaffcd577053a14c7f0dff,linux1804-64-shippable-qr,True,False,,,102210fe594ee9b33d82058545b1ed14f4c8206e,custom.jsdebugger.stepOut.DAMP,damp,True,damp custom.jsdebugger.stepOut.DAMP opt e10s fission stylo webrender,4767202,77,ms,firefox,,1717236567,2023-06-21 22:47:13,1261681,,,,,,,,,,,,,,,,,,,,,,,,,,,,,,,,,,,,,,,,,,,,,,,,,TN
401,93100556bab1213e67a88b12d358b34f8d591a64,0.10932141526388794,autoland,4768104,12,53390121d39b212135aaffcd577053a14c7f0dff,linux1804-64-shippable-qr,True,False,,,102210fe594ee9b33d82058545b1ed14f4c8206e,custom.jsdebugger.stepOut.DAMP,damp,True,damp custom.jsdebugger.stepOut.DAMP opt e10s fission stylo webrender,4767202,77,ms,firefox,,1717234599,2023-06-21 23:14:15,1261707,,,,,,,,,,,,,,,,,,,,,,,,,,,,,,,,,,,,,,,,,,,,,,,,,TN
402,737ac6cc2477158cb9c8622f3dab30c61a48e72e,0.13150453672422935,autoland,4768104,12,53390121d39b212135aaffcd577053a14c7f0dff,linux1804-64-shippable-qr,True,False,,,102210fe594ee9b33d82058545b1ed14f4c8206e,custom.jsdebugger.stepOut.DAMP,damp,True,damp custom.jsdebugger.stepOut.DAMP opt e10s fission stylo webrender,4767202,77,ms,firefox,,1717235928,2023-06-21 23:35:46,1261728,,,,,,,,,,,,,,,,,,,,,,,,,,,,,,,,,,,,,,,,,,,,,,,,,TN
403,109834499ca10a69681c6868a23ec828dcf160cf,0.1241483125145122,autoland,4768104,12,53390121d39b212135aaffcd577053a14c7f0dff,linux1804-64-shippable-qr,True,False,,,102210fe594ee9b33d82058545b1ed14f4c8206e,custom.jsdebugger.stepOut.DAMP,damp,True,damp custom.jsdebugger.stepOut.DAMP opt e10s fission stylo webrender,4767202,77,ms,firefox,,1716017893,2023-06-22 00:43:42,1261782,,,,,,,,,,,,,,,,,,,,,,,,,,,,,,,,,,,,,,,,,,,,,,,,,TN
404,a0f7b9f56d1f3dd6b66ba0417bab9acccddc3ad9,0.1258726626505744,autoland,4768104,12,53390121d39b212135aaffcd577053a14c7f0dff,linux1804-64-shippable-qr,True,False,,,102210fe594ee9b33d82058545b1ed14f4c8206e,custom.jsdebugger.stepOut.DAMP,damp,True,damp custom.jsdebugger.stepOut.DAMP opt e10s fission stylo webrender,4767202,77,ms,firefox,,1717232424,2023-06-22 02:18:49,1261809,,,,,,,,,,,,,,,,,,,,,,,,,,,,,,,,,,,,,,,,,,,,,,,,,TN
405,7a6650647e00f4a08bfa365da2cc5b589f944123,0.13601439396092596,autoland,4768104,12,53390121d39b212135aaffcd577053a14c7f0dff,linux1804-64-shippable-qr,True,False,,,102210fe594ee9b33d82058545b1ed14f4c8206e,custom.jsdebugger.stepOut.DAMP,damp,True,damp custom.jsdebugger.stepOut.DAMP opt e10s fission stylo webrender,4767202,77,ms,firefox,,1717231848,2023-06-22 02:50:47,1261822,,,,,,,,,,,,,,,,,,,,,,,,,,,,,,,,,,,,,,,,,,,,,,,,,TN
406,9d5dcd3fb95866ab68e2e98f0d3d1b101e224bbe,0.12325032884244136,autoland,4768104,12,53390121d39b212135aaffcd577053a14c7f0dff,linux1804-64-shippable-qr,True,False,,,102210fe594ee9b33d82058545b1ed14f4c8206e,custom.jsdebugger.stepOut.DAMP,damp,True,damp custom.jsdebugger.stepOut.DAMP opt e10s fission stylo webrender,4767202,77,ms,firefox,,1717231906,2023-06-22 02:52:23,1261824,,,,,,,,,,,,,,,,,,,,,,,,,,,,,,,,,,,,,,,,,,,,,,,,,TN
407,57884604206ce9bb39718006eac660e6e32e5044,0.10663518723363796,autoland,4768104,12,53390121d39b212135aaffcd577053a14c7f0dff,linux1804-64-shippable-qr,True,False,,,102210fe594ee9b33d82058545b1ed14f4c8206e,custom.jsdebugger.stepOut.DAMP,damp,True,damp custom.jsdebugger.stepOut.DAMP opt e10s fission stylo webrender,4767202,77,ms,firefox,,1716083690,2023-06-22 05:48:27,1261863,,,,,,,,,,,,,,,,,,,,,,,,,,,,,,,,,,,,,,,,,,,,,,,,,TN
408,45769d7ff3c64d7abfcfedd8f05bb7dcb442270c,0.13490303212244426,autoland,4768104,12,53390121d39b212135aaffcd577053a14c7f0dff,linux1804-64-shippable-qr,True,False,,,102210fe594ee9b33d82058545b1ed14f4c8206e,custom.jsdebugger.stepOut.DAMP,damp,True,damp custom.jsdebugger.stepOut.DAMP opt e10s fission stylo webrender,4767202,77,ms,firefox,,1716112146,2023-06-22 07:29:35,1261886,,,,,,,,,,,,,,,,,,,,,,,,,,,,,,,,,,,,,,,,,,,,,,,,,TN
409,3d85ee9f4f736ebc38b26fed33c8681bb512aa92,0.12414247034833359,autoland,4768104,12,53390121d39b212135aaffcd577053a14c7f0dff,linux1804-64-shippable-qr,True,False,,,102210fe594ee9b33d82058545b1ed14f4c8206e,custom.jsdebugger.stepOut.DAMP,damp,True,damp custom.jsdebugger.stepOut.DAMP opt e10s fission stylo webrender,4767202,77,ms,firefox,,1716224369,2023-06-22 11:39:08,1262053,,,,,,,,,,,,,,,,,,,,,,,,,,,,,,,,,,,,,,,,,,,,,,,,,TN
410,b9e51e69d0451a93822b61cc15d72666124f02dd,0.12885886008384184,autoland,4768104,12,53390121d39b212135aaffcd577053a14c7f0dff,linux1804-64-shippable-qr,True,False,,,102210fe594ee9b33d82058545b1ed14f4c8206e,custom.jsdebugger.stepOut.DAMP,damp,True,damp custom.jsdebugger.stepOut.DAMP opt e10s fission stylo webrender,4767202,77,ms,firefox,,1716370050,2023-06-22 14:41:02,1262179,,,,,,,,,,,,,,,,,,,,,,,,,,,,,,,,,,,,,,,,,,,,,,,,,TN
411,9a98c67180c5914db4ca78d4fc36d6d0721d24a9,0.12939923462695657,autoland,4768104,12,53390121d39b212135aaffcd577053a14c7f0dff,linux1804-64-shippable-qr,True,False,,,102210fe594ee9b33d82058545b1ed14f4c8206e,custom.jsdebugger.stepOut.DAMP,damp,True,damp custom.jsdebugger.stepOut.DAMP opt e10s fission stylo webrender,4767202,77,ms,firefox,,1716452120,2023-06-22 18:48:21,1262325,,,,,,,,,,,,,,,,,,,,,,,,,,,,,,,,,,,,,,,,,,,,,,,,,TN
412,4b261191412d4972eaab59ddb358f2eef865280d,0.13788733383226814,autoland,4768104,12,53390121d39b212135aaffcd577053a14c7f0dff,linux1804-64-shippable-qr,True,False,,,102210fe594ee9b33d82058545b1ed14f4c8206e,custom.jsdebugger.stepOut.DAMP,damp,True,damp custom.jsdebugger.stepOut.DAMP opt e10s fission stylo webrender,4767202,77,ms,firefox,,1716464460,2023-06-22 19:02:55,1262337,,,,,,,,,,,,,,,,,,,,,,,,,,,,,,,,,,,,,,,,,,,,,,,,,TN
413,ec702239c313d37f8ee8d6b4d9b78aba8d4b6580,0.1412953078470729,autoland,4768104,12,53390121d39b212135aaffcd577053a14c7f0dff,linux1804-64-shippable-qr,True,False,,,102210fe594ee9b33d82058545b1ed14f4c8206e,custom.jsdebugger.stepOut.DAMP,damp,True,damp custom.jsdebugger.stepOut.DAMP opt e10s fission stylo webrender,4767202,77,ms,firefox,,1716578550,2023-06-22 22:58:49,1262495,,,,,,,,,,,,,,,,,,,,,,,,,,,,,,,,,,,,,,,,,,,,,,,,,TN
414,a9c0bee966a1e0b10528a9b41b3dcea34ee95b83,0.1488132507690454,autoland,4768104,12,53390121d39b212135aaffcd577053a14c7f0dff,linux1804-64-shippable-qr,True,False,,,102210fe594ee9b33d82058545b1ed14f4c8206e,custom.jsdebugger.stepOut.DAMP,damp,True,damp custom.jsdebugger.stepOut.DAMP opt e10s fission stylo webrender,4767202,77,ms,firefox,,1716693309,2023-06-23 03:22:10,1262648,,,,,,,,,,,,,,,,,,,,,,,,,,,,,,,,,,,,,,,,,,,,,,,,,TN
415,e6ebe768e49bf43fc6465b297a817d1e4994af82,0.13723138872233065,autoland,4768104,12,53390121d39b212135aaffcd577053a14c7f0dff,linux1804-64-shippable-qr,True,False,,,102210fe594ee9b33d82058545b1ed14f4c8206e,custom.jsdebugger.stepOut.DAMP,damp,True,damp custom.jsdebugger.stepOut.DAMP opt e10s fission stylo webrender,4767202,77,ms,firefox,,1716796698,2023-06-23 06:38:21,1262712,,,,,,,,,,,,,,,,,,,,,,,,,,,,,,,,,,,,,,,,,,,,,,,,,TN
416,bd328e6b49f984c8a1b8e2e0e0b2194267d023ac,0.13307474905427408,autoland,4768104,12,53390121d39b212135aaffcd577053a14c7f0dff,linux1804-64-shippable-qr,True,False,,,102210fe594ee9b33d82058545b1ed14f4c8206e,custom.jsdebugger.stepOut.DAMP,damp,True,damp custom.jsdebugger.stepOut.DAMP opt e10s fission stylo webrender,4767202,77,ms,firefox,,1717006722,2023-06-23 10:04:46,1262825,,,,,,,,,,,,,,,,,,,,,,,,,,,,,,,,,,,,,,,,,,,,,,,,,TN
417,21d4902198ae482d7fd52735881f90fb09ffaa07,0.12925250683373113,autoland,4768104,12,53390121d39b212135aaffcd577053a14c7f0dff,linux1804-64-shippable-qr,True,False,,,102210fe594ee9b33d82058545b1ed14f4c8206e,custom.jsdebugger.stepOut.DAMP,damp,True,damp custom.jsdebugger.stepOut.DAMP opt e10s fission stylo webrender,4767202,77,ms,firefox,,1717061844,2023-06-23 14:10:04,1262960,,,,,,,,,,,,,,,,,,,,,,,,,,,,,,,,,,,,,,,,,,,,,,,,,TN
418,801ba619d741b520231e6a0791457e7b44bef641,0.11545602363817009,autoland,4768104,12,53390121d39b212135aaffcd577053a14c7f0dff,linux1804-64-shippable-qr,True,False,,,102210fe594ee9b33d82058545b1ed14f4c8206e,custom.jsdebugger.stepOut.DAMP,damp,True,damp custom.jsdebugger.stepOut.DAMP opt e10s fission stylo webrender,4767202,77,ms,firefox,,1717090433,2023-06-23 14:24:51,1262973,,,,,,,,,,,,,,,,,,,,,,,,,,,,,,,,,,,,,,,,,,,,,,,,,TN
419,efb1631077da0ef473b1fe37d64cd6f652c34f37,0.1241579043976464,autoland,4768104,12,53390121d39b212135aaffcd577053a14c7f0dff,linux1804-64-shippable-qr,True,False,,,102210fe594ee9b33d82058545b1ed14f4c8206e,custom.jsdebugger.stepOut.DAMP,damp,True,damp custom.jsdebugger.stepOut.DAMP opt e10s fission stylo webrender,4767202,77,ms,firefox,,1717177883,2023-06-23 18:49:22,1263094,,,,,,,,,,,,,,,,,,,,,,,,,,,,,,,,,,,,,,,,,,,,,,,,,TN
420,3cfaf216653a2de7529a3bc74907ea4fecc21912,0.1303864991179089,autoland,4768104,12,53390121d39b212135aaffcd577053a14c7f0dff,linux1804-64-shippable-qr,True,False,,,102210fe594ee9b33d82058545b1ed14f4c8206e,custom.jsdebugger.stepOut.DAMP,damp,True,damp custom.jsdebugger.stepOut.DAMP opt e10s fission stylo webrender,4767202,77,ms,firefox,,1717210743,2023-06-23 19:29:51,1263108,,,,,,,,,,,,,,,,,,,,,,,,,,,,,,,,,,,,,,,,,,,,,,,,,TN
421,45c221c4d7560f0ab2b6f7c4d113e2f96d73e994,0.12819792926131757,autoland,4768104,12,53390121d39b212135aaffcd577053a14c7f0dff,linux1804-64-shippable-qr,True,False,,,102210fe594ee9b33d82058545b1ed14f4c8206e,custom.jsdebugger.stepOut.DAMP,damp,True,damp custom.jsdebugger.stepOut.DAMP opt e10s fission stylo webrender,4767202,77,ms,firefox,,1717254576,2023-06-23 23:33:35,1263150,,,,,,,,,,,,,,,,,,,,,,,,,,,,,,,,,,,,,,,,,,,,,,,,,TN
422,31d5ffaf0b16a722c89e3bc6043d1a6dd2df4f59,0.12881636826017662,autoland,4768104,12,53390121d39b212135aaffcd577053a14c7f0dff,linux1804-64-shippable-qr,True,False,,,102210fe594ee9b33d82058545b1ed14f4c8206e,custom.jsdebugger.stepOut.DAMP,damp,True,damp custom.jsdebugger.stepOut.DAMP opt e10s fission stylo webrender,4767202,77,ms,firefox,,1717392548,2023-06-24 17:55:21,1263267,,,,,,,,,,,,,,,,,,,,,,,,,,,,,,,,,,,,,,,,,,,,,,,,,TN
423,a529a3830f684519fc2c2ffb6fbe1b1e77930e71,0.13490937802646186,autoland,4768104,12,53390121d39b212135aaffcd577053a14c7f0dff,linux1804-64-shippable-qr,True,False,,,102210fe594ee9b33d82058545b1ed14f4c8206e,custom.jsdebugger.stepOut.DAMP,damp,True,damp custom.jsdebugger.stepOut.DAMP opt e10s fission stylo webrender,4767202,77,ms,firefox,,1717494196,2023-06-25 11:25:42,1263317,,,,,,,,,,,,,,,,,,,,,,,,,,,,,,,,,,,,,,,,,,,,,,,,,TN
424,391b29854d65124c758af8d7a7765b53ec46b9bf,0.11414576982098934,autoland,4768104,12,53390121d39b212135aaffcd577053a14c7f0dff,linux1804-64-shippable-qr,True,False,,,102210fe594ee9b33d82058545b1ed14f4c8206e,custom.jsdebugger.stepOut.DAMP,damp,True,damp custom.jsdebugger.stepOut.DAMP opt e10s fission stylo webrender,4767202,77,ms,firefox,,1717623331,2023-06-26 01:53:17,1263401,,,,,,,,,,,,,,,,,,,,,,,,,,,,,,,,,,,,,,,,,,,,,,,,,TN
425,b8784b3350a10d9ba119e133ba1afe2fa2862b64,0.2071138937379331,autoland,4768104,12,53390121d39b212135aaffcd577053a14c7f0dff,linux1804-64-shippable-qr,True,False,,,102210fe594ee9b33d82058545b1ed14f4c8206e,custom.jsdebugger.stepOut.DAMP,damp,True,damp custom.jsdebugger.stepOut.DAMP opt e10s fission stylo webrender,4767202,77,ms,firefox,,1717722006,2023-06-26 08:39:50,1263470,,,,,,,,,,,,,,,,,,,,,,,,,,,,,,,,,,,,,,,,,,,,,,,,,TN
426,147bbf0910da38bd103a6cac5b77bca042225107,0.1285270091452082,autoland,4768104,12,53390121d39b212135aaffcd577053a14c7f0dff,linux1804-64-shippable-qr,True,False,,,102210fe594ee9b33d82058545b1ed14f4c8206e,custom.jsdebugger.stepOut.DAMP,damp,True,damp custom.jsdebugger.stepOut.DAMP opt e10s fission stylo webrender,4767202,77,ms,firefox,,1717821723,2023-06-26 12:15:47,1263599,,,,,,,,,,,,,,,,,,,,,,,,,,,,,,,,,,,,,,,,,,,,,,,,,TN
427,a9a1430953c45602083b397b0d0bb8e55a69fa46,0.12784680116121327,autoland,4768104,12,53390121d39b212135aaffcd577053a14c7f0dff,linux1804-64-shippable-qr,True,False,,,102210fe594ee9b33d82058545b1ed14f4c8206e,custom.jsdebugger.stepOut.DAMP,damp,True,damp custom.jsdebugger.stepOut.DAMP opt e10s fission stylo webrender,4767202,77,ms,firefox,,1717921596,2023-06-26 15:17:27,1263769,,,,,,,,,,,,,,,,,,,,,,,,,,,,,,,,,,,,,,,,,,,,,,,,,TN
428,43533d1489bc82330991d4cbac2d5b8e704b7558,0.13868971860141488,autoland,4768104,12,53390121d39b212135aaffcd577053a14c7f0dff,linux1804-64-shippable-qr,True,False,,,102210fe594ee9b33d82058545b1ed14f4c8206e,custom.jsdebugger.stepOut.DAMP,damp,True,damp custom.jsdebugger.stepOut.DAMP opt e10s fission stylo webrender,4767202,77,ms,firefox,,1718088821,2023-06-26 19:17:54,1263990,,,,,,,,,,,,,,,,,,,,,,,,,,,,,,,,,,,,,,,,,,,,,,,,,TN
429,4bdb9438b18b4b7ad15d5f4f62fd67cad4308d62,0.12228276477186784,autoland,4768104,12,53390121d39b212135aaffcd577053a14c7f0dff,linux1804-64-shippable-qr,True,False,,,102210fe594ee9b33d82058545b1ed14f4c8206e,custom.jsdebugger.stepOut.DAMP,damp,True,damp custom.jsdebugger.stepOut.DAMP opt e10s fission stylo webrender,4767202,77,ms,firefox,,1718240336,2023-06-26 23:32:18,1264157,,,,,,,,,,,,,,,,,,,,,,,,,,,,,,,,,,,,,,,,,,,,,,,,,TN
430,b34d04613ffa3abda9bcdd07fc5185a34cdc407b,0.13468033232277743,autoland,4768104,12,53390121d39b212135aaffcd577053a14c7f0dff,linux1804-64-shippable-qr,True,False,,,102210fe594ee9b33d82058545b1ed14f4c8206e,custom.jsdebugger.stepOut.DAMP,damp,True,damp custom.jsdebugger.stepOut.DAMP opt e10s fission stylo webrender,4767202,77,ms,firefox,,1718249513,2023-06-26 23:58:56,1264185,,,,,,,,,,,,,,,,,,,,,,,,,,,,,,,,,,,,,,,,,,,,,,,,,TN
431,e0d8554167a0aad02af68198462e91dd05958593,0.13091821672321857,autoland,4768104,12,53390121d39b212135aaffcd577053a14c7f0dff,linux1804-64-shippable-qr,True,False,,,102210fe594ee9b33d82058545b1ed14f4c8206e,custom.jsdebugger.stepOut.DAMP,damp,True,damp custom.jsdebugger.stepOut.DAMP opt e10s fission stylo webrender,4767202,77,ms,firefox,,1718339888,2023-06-27 04:20:21,1264240,,,,,,,,,,,,,,,,,,,,,,,,,,,,,,,,,,,,,,,,,,,,,,,,,TN
432,e963fffcb3a0375f0c08e6c62d4300cbf79fba0b,0.12357347415850617,autoland,4768104,12,53390121d39b212135aaffcd577053a14c7f0dff,linux1804-64-shippable-qr,True,False,,,102210fe594ee9b33d82058545b1ed14f4c8206e,custom.jsdebugger.stepOut.DAMP,damp,True,damp custom.jsdebugger.stepOut.DAMP opt e10s fission stylo webrender,4767202,77,ms,firefox,,1718415351,2023-06-27 07:09:08,1264287,,,,,,,,,,,,,,,,,,,,,,,,,,,,,,,,,,,,,,,,,,,,,,,,,TN
433,96efb14c1b2e225253f22aae7b217fdd48b4cb9f,0.12710710343184428,autoland,4768104,12,53390121d39b212135aaffcd577053a14c7f0dff,linux1804-64-shippable-qr,True,False,,,102210fe594ee9b33d82058545b1ed14f4c8206e,custom.jsdebugger.stepOut.DAMP,damp,True,damp custom.jsdebugger.stepOut.DAMP opt e10s fission stylo webrender,4767202,77,ms,firefox,,1718519807,2023-06-27 11:13:52,1264423,,,,,,,,,,,,,,,,,,,,,,,,,,,,,,,,,,,,,,,,,,,,,,,,,TN
434,c041b113d5acbf06ba2e6161d9a1ef4fa5b3636b,0.11177782459635321,autoland,4768104,12,53390121d39b212135aaffcd577053a14c7f0dff,linux1804-64-shippable-qr,True,False,,,102210fe594ee9b33d82058545b1ed14f4c8206e,custom.jsdebugger.stepOut.DAMP,damp,True,damp custom.jsdebugger.stepOut.DAMP opt e10s fission stylo webrender,4767202,77,ms,firefox,,1718618306,2023-06-27 15:57:28,1264575,,,,,,,,,,,,,,,,,,,,,,,,,,,,,,,,,,,,,,,,,,,,,,,,,TN
435,da38525a017e6dd411f2c2ccd84d286d86bdad8d,0.13115343048264627,autoland,4768104,12,53390121d39b212135aaffcd577053a14c7f0dff,linux1804-64-shippable-qr,True,False,,,102210fe594ee9b33d82058545b1ed14f4c8206e,custom.jsdebugger.stepOut.DAMP,damp,True,damp custom.jsdebugger.stepOut.DAMP opt e10s fission stylo webrender,4767202,77,ms,firefox,,1718632816,2023-06-27 16:17:01,1264584,,,,,,,,,,,,,,,,,,,,,,,,,,,,,,,,,,,,,,,,,,,,,,,,,TN
436,80adb872a3d1e32f459e5cf3bc77e47008da925f,0.1284500495344021,autoland,4768104,12,53390121d39b212135aaffcd577053a14c7f0dff,linux1804-64-shippable-qr,True,False,,,102210fe594ee9b33d82058545b1ed14f4c8206e,custom.jsdebugger.stepOut.DAMP,damp,True,damp custom.jsdebugger.stepOut.DAMP opt e10s fission stylo webrender,4767202,77,ms,firefox,,1718756885,2023-06-27 20:57:27,1264834,,,,,,,,,,,,,,,,,,,,,,,,,,,,,,,,,,,,,,,,,,,,,,,,,TN
437,591e3233df273509a8c0d0ccd1cc32795ae584dc,0.13869986191340145,autoland,4768104,12,53390121d39b212135aaffcd577053a14c7f0dff,linux1804-64-shippable-qr,True,False,,,102210fe594ee9b33d82058545b1ed14f4c8206e,custom.jsdebugger.stepOut.DAMP,damp,True,damp custom.jsdebugger.stepOut.DAMP opt e10s fission stylo webrender,4767202,77,ms,firefox,,1718846426,2023-06-28 00:04:05,1264952,,,,,,,,,,,,,,,,,,,,,,,,,,,,,,,,,,,,,,,,,,,,,,,,,TN
438,ecb2997338f1c9a2059192ce04d01243537176b9,0.11723498809291688,autoland,4768104,12,53390121d39b212135aaffcd577053a14c7f0dff,linux1804-64-shippable-qr,True,False,,,102210fe594ee9b33d82058545b1ed14f4c8206e,custom.jsdebugger.stepOut.DAMP,damp,True,damp custom.jsdebugger.stepOut.DAMP opt e10s fission stylo webrender,4767202,77,ms,firefox,,1718932304,2023-06-28 03:09:49,1265035,,,,,,,,,,,,,,,,,,,,,,,,,,,,,,,,,,,,,,,,,,,,,,,,,TN
439,51b6f36ff37d4b6906ec5cab830b1e283c6f7395,0.12196038152064115,autoland,4768104,12,53390121d39b212135aaffcd577053a14c7f0dff,linux1804-64-shippable-qr,True,False,,,102210fe594ee9b33d82058545b1ed14f4c8206e,custom.jsdebugger.stepOut.DAMP,damp,True,damp custom.jsdebugger.stepOut.DAMP opt e10s fission stylo webrender,4767202,77,ms,firefox,,1719024592,2023-06-28 07:19:30,1265110,,,,,,,,,,,,,,,,,,,,,,,,,,,,,,,,,,,,,,,,,,,,,,,,,TN
440,3b7b3970a88459c11033effb61df89644e963bda,0.12288818309246907,autoland,4768104,12,53390121d39b212135aaffcd577053a14c7f0dff,linux1804-64-shippable-qr,True,False,,,102210fe594ee9b33d82058545b1ed14f4c8206e,custom.jsdebugger.stepOut.DAMP,damp,True,damp custom.jsdebugger.stepOut.DAMP opt e10s fission stylo webrender,4767202,77,ms,firefox,,1719117096,2023-06-28 11:29:09,1265214,,,,,,,,,,,,,,,,,,,,,,,,,,,,,,,,,,,,,,,,,,,,,,,,,TN
441,c20ba5651ee046629ef49efd2e49f6214c3ae520,0.16907935877783098,autoland,4768104,12,53390121d39b212135aaffcd577053a14c7f0dff,linux1804-64-shippable-qr,True,False,,,102210fe594ee9b33d82058545b1ed14f4c8206e,custom.jsdebugger.stepOut.DAMP,damp,True,damp custom.jsdebugger.stepOut.DAMP opt e10s fission stylo webrender,4767202,77,ms,firefox,,1719203813,2023-06-28 14:16:43,1265309,,,,,,,,,,,,,,,,,,,,,,,,,,,,,,,,,,,,,,,,,,,,,,,,,TN
442,0df511b69760b69959818e34e07aa74a0ad7061a,0.12138865103815077,autoland,4768104,12,53390121d39b212135aaffcd577053a14c7f0dff,linux1804-64-shippable-qr,True,False,,,102210fe594ee9b33d82058545b1ed14f4c8206e,custom.jsdebugger.stepOut.DAMP,damp,True,damp custom.jsdebugger.stepOut.DAMP opt e10s fission stylo webrender,4767202,77,ms,firefox,,1719291309,2023-06-28 17:34:48,1265473,,,,,,,,,,,,,,,,,,,,,,,,,,,,,,,,,,,,,,,,,,,,,,,,,TN
443,d18ee9401610559d6724af1cf6a4ba7ca620f195,0.15740040648598885,autoland,4768104,12,53390121d39b212135aaffcd577053a14c7f0dff,linux1804-64-shippable-qr,True,False,,,102210fe594ee9b33d82058545b1ed14f4c8206e,custom.jsdebugger.stepOut.DAMP,damp,True,damp custom.jsdebugger.stepOut.DAMP opt e10s fission stylo webrender,4767202,77,ms,firefox,,1719401086,2023-06-28 21:47:35,1265682,,,,,,,,,,,,,,,,,,,,,,,,,,,,,,,,,,,,,,,,,,,,,,,,,TN
444,bab00f4f94d567cf8ccf12e64f4e5cccc2ab6783,0.11207530114293629,autoland,4768104,12,53390121d39b212135aaffcd577053a14c7f0dff,linux1804-64-shippable-qr,True,False,,,102210fe594ee9b33d82058545b1ed14f4c8206e,custom.jsdebugger.stepOut.DAMP,damp,True,damp custom.jsdebugger.stepOut.DAMP opt e10s fission stylo webrender,4767202,77,ms,firefox,,1719522024,2023-06-29 02:28:53,1265821,,,,,,,,,,,,,,,,,,,,,,,,,,,,,,,,,,,,,,,,,,,,,,,,,TN
445,046c4b8aaa8932f15825dc4decd3911bb048e7f5,0.15381131240187162,autoland,4768104,12,53390121d39b212135aaffcd577053a14c7f0dff,linux1804-64-shippable-qr,True,False,,,102210fe594ee9b33d82058545b1ed14f4c8206e,custom.jsdebugger.stepOut.DAMP,damp,True,damp custom.jsdebugger.stepOut.DAMP opt e10s fission stylo webrender,4767202,77,ms,firefox,,1719677528,2023-06-29 08:54:52,1265934,,,,,,,,,,,,,,,,,,,,,,,,,,,,,,,,,,,,,,,,,,,,,,,,,TN
446,e784085dfb507c237319c40245ef0b32ddcf82b0,0.15455024309851484,autoland,4768104,12,53390121d39b212135aaffcd577053a14c7f0dff,linux1804-64-shippable-qr,True,False,,,102210fe594ee9b33d82058545b1ed14f4c8206e,custom.jsdebugger.stepOut.DAMP,damp,True,damp custom.jsdebugger.stepOut.DAMP opt e10s fission stylo webrender,4767202,77,ms,firefox,,1719789893,2023-06-29 12:57:39,1266033,,,,,,,,,,,,,,,,,,,,,,,,,,,,,,,,,,,,,,,,,,,,,,,,,TN
447,573b87117fd3efdb12ffb05692f97323c07a9900,0.11254403363883192,autoland,4768104,12,53390121d39b212135aaffcd577053a14c7f0dff,linux1804-64-shippable-qr,True,False,,,102210fe594ee9b33d82058545b1ed14f4c8206e,custom.jsdebugger.stepOut.DAMP,damp,True,damp custom.jsdebugger.stepOut.DAMP opt e10s fission stylo webrender,4767202,77,ms,firefox,,1719871332,2023-06-29 15:22:27,1266105,,,,,,,,,,,,,,,,,,,,,,,,,,,,,,,,,,,,,,,,,,,,,,,,,TN
448,c5ac7e957828eeda97a3af6fc706f41aa567e48e,0.1250377584766933,autoland,4768104,12,53390121d39b212135aaffcd577053a14c7f0dff,linux1804-64-shippable-qr,True,False,,,102210fe594ee9b33d82058545b1ed14f4c8206e,custom.jsdebugger.stepOut.DAMP,damp,True,damp custom.jsdebugger.stepOut.DAMP opt e10s fission stylo webrender,4767202,77,ms,firefox,,1719953193,2023-06-29 19:36:56,1266292,,,,,,,,,,,,,,,,,,,,,,,,,,,,,,,,,,,,,,,,,,,,,,,,,TN
449,e37ddb3aa508e953837fbd08afec4a2aa6f7f5ed,0.16102702357173482,autoland,4768104,12,53390121d39b212135aaffcd577053a14c7f0dff,linux1804-64-shippable-qr,True,False,,,102210fe594ee9b33d82058545b1ed14f4c8206e,custom.jsdebugger.stepOut.DAMP,damp,True,damp custom.jsdebugger.stepOut.DAMP opt e10s fission stylo webrender,4767202,77,ms,firefox,,1719972024,2023-06-29 20:41:17,1266342,,,,,,,,,,,,,,,,,,,,,,,,,,,,,,,,,,,,,,,,,,,,,,,,,TN
450,e547d8e238568d790c74653068edac30240a95c5,0.11129874113315807,autoland,4768104,12,53390121d39b212135aaffcd577053a14c7f0dff,linux1804-64-shippable-qr,True,False,,,102210fe594ee9b33d82058545b1ed14f4c8206e,custom.jsdebugger.stepOut.DAMP,damp,True,damp custom.jsdebugger.stepOut.DAMP opt e10s fission stylo webrender,4767202,77,ms,firefox,,1720054410,2023-06-30 01:00:02,1266447,,,,,,,,,,,,,,,,,,,,,,,,,,,,,,,,,,,,,,,,,,,,,,,,,TN
451,9bc27d87fa29fd921612525cc37e24f0ec3ba76b,0.14418708971399052,autoland,4768104,12,53390121d39b212135aaffcd577053a14c7f0dff,linux1804-64-shippable-qr,True,False,,,102210fe594ee9b33d82058545b1ed14f4c8206e,custom.jsdebugger.stepOut.DAMP,damp,True,damp custom.jsdebugger.stepOut.DAMP opt e10s fission stylo webrender,4767202,77,ms,firefox,,1720155645,2023-06-30 08:19:33,1266526,,,,,,,,,,,,,,,,,,,,,,,,,,,,,,,,,,,,,,,,,,,,,,,,,TN
452,0abcd848f8218f0e2d339bbd497ac60f4a3b752c,0.10144990503816231,autoland,4768104,12,53390121d39b212135aaffcd577053a14c7f0dff,linux1804-64-shippable-qr,True,False,,,102210fe594ee9b33d82058545b1ed14f4c8206e,custom.jsdebugger.stepOut.DAMP,damp,True,damp custom.jsdebugger.stepOut.DAMP opt e10s fission stylo webrender,4767202,77,ms,firefox,,1720248140,2023-06-30 13:51:38,1266633,,,,,,,,,,,,,,,,,,,,,,,,,,,,,,,,,,,,,,,,,,,,,,,,,TN
453,8ee32af33954493677c04d2dad76681d20d37c02,0.10278104062540594,autoland,4768104,12,53390121d39b212135aaffcd577053a14c7f0dff,linux1804-64-shippable-qr,True,False,,,102210fe594ee9b33d82058545b1ed14f4c8206e,custom.jsdebugger.stepOut.DAMP,damp,True,damp custom.jsdebugger.stepOut.DAMP opt e10s fission stylo webrender,4767202,77,ms,firefox,,1720359505,2023-07-01 00:00:49,1266825,,,,,,,,,,,,,,,,,,,,,,,,,,,,,,,,,,,,,,,,,,,,,,,,,TN
454,81b43c5e095f0b0407b6d1a8d4a7f92bf7115e5e,0.16327989898660578,autoland,4768104,12,53390121d39b212135aaffcd577053a14c7f0dff,linux1804-64-shippable-qr,True,False,,,102210fe594ee9b33d82058545b1ed14f4c8206e,custom.jsdebugger.stepOut.DAMP,damp,True,damp custom.jsdebugger.stepOut.DAMP opt e10s fission stylo webrender,4767202,77,ms,firefox,,1720389572,2023-07-01 02:26:01,1266845,,,,,,,,,,,,,,,,,,,,,,,,,,,,,,,,,,,,,,,,,,,,,,,,,TN
455,e8ccd4d6629a5cde6dd4011e79c55630beb87376,0.1405759255552974,autoland,4768104,12,53390121d39b212135aaffcd577053a14c7f0dff,linux1804-64-shippable-qr,True,False,,,102210fe594ee9b33d82058545b1ed14f4c8206e,custom.jsdebugger.stepOut.DAMP,damp,True,damp custom.jsdebugger.stepOut.DAMP opt e10s fission stylo webrender,4767202,77,ms,firefox,,1720482133,2023-07-02 04:09:27,1266929,,,,,,,,,,,,,,,,,,,,,,,,,,,,,,,,,,,,,,,,,,,,,,,,,TN
456,93c2b16409e05c7d2b654d2b5356a2b7742b0d18,0.13897842593724352,autoland,4768104,12,53390121d39b212135aaffcd577053a14c7f0dff,linux1804-64-shippable-qr,True,False,,,102210fe594ee9b33d82058545b1ed14f4c8206e,custom.jsdebugger.stepOut.DAMP,damp,True,damp custom.jsdebugger.stepOut.DAMP opt e10s fission stylo webrender,4767202,77,ms,firefox,,1720545380,2023-07-02 10:13:29,1266947,,,,,,,,,,,,,,,,,,,,,,,,,,,,,,,,,,,,,,,,,,,,,,,,,TN
457,8a50b880c83f70597cd2951c74b7e9420d4b55c7,0.1436142454443161,autoland,4768104,12,53390121d39b212135aaffcd577053a14c7f0dff,linux1804-64-shippable-qr,True,False,,,102210fe594ee9b33d82058545b1ed14f4c8206e,custom.jsdebugger.stepOut.DAMP,damp,True,damp custom.jsdebugger.stepOut.DAMP opt e10s fission stylo webrender,4767202,77,ms,firefox,,1720580653,2023-07-02 16:18:34,1266959,,,,,,,,,,,,,,,,,,,,,,,,,,,,,,,,,,,,,,,,,,,,,,,,,TN
458,03b04345a888d738f358fc74595aabb1dfb2685c,0.13010973245440227,autoland,4768104,12,53390121d39b212135aaffcd577053a14c7f0dff,linux1804-64-shippable-qr,True,False,,,102210fe594ee9b33d82058545b1ed14f4c8206e,custom.jsdebugger.stepOut.DAMP,damp,True,damp custom.jsdebugger.stepOut.DAMP opt e10s fission stylo webrender,4767202,77,ms,firefox,,1720638227,2023-07-03 04:14:26,1267009,,,,,,,,,,,,,,,,,,,,,,,,,,,,,,,,,,,,,,,,,,,,,,,,,TN
459,3463727761e55956f8308f38f71b1654b79497ca,0.1467672357296932,autoland,4768104,12,53390121d39b212135aaffcd577053a14c7f0dff,linux1804-64-shippable-qr,True,False,,,102210fe594ee9b33d82058545b1ed14f4c8206e,custom.jsdebugger.stepOut.DAMP,damp,True,damp custom.jsdebugger.stepOut.DAMP opt e10s fission stylo webrender,4767202,77,ms,firefox,,1720732461,2023-07-03 08:58:45,1267059,,,,,,,,,,,,,,,,,,,,,,,,,,,,,,,,,,,,,,,,,,,,,,,,,TN
460,90c1c72030a4d515720d44706816256c0a1e30a8,0.12913530582565014,autoland,4768104,12,53390121d39b212135aaffcd577053a14c7f0dff,linux1804-64-shippable-qr,True,False,,,102210fe594ee9b33d82058545b1ed14f4c8206e,custom.jsdebugger.stepOut.DAMP,damp,True,damp custom.jsdebugger.stepOut.DAMP opt e10s fission stylo webrender,4767202,77,ms,firefox,,1720730652,2023-07-03 08:59:44,1267060,,,,,,,,,,,,,,,,,,,,,,,,,,,,,,,,,,,,,,,,,,,,,,,,,TN
461,9d50665254899d8431813bdc04178e6006ce6d59,0.10993482185262948,autoland,4768104,12,53390121d39b212135aaffcd577053a14c7f0dff,linux1804-64-shippable-qr,True,False,,,102210fe594ee9b33d82058545b1ed14f4c8206e,custom.jsdebugger.stepOut.DAMP,damp,True,damp custom.jsdebugger.stepOut.DAMP opt e10s fission stylo webrender,4767202,77,ms,firefox,,1720760359,2023-07-03 14:20:46,1267108,,,,,,,,,,,,,,,,,,,,,,,,,,,,,,,,,,,,,,,,,,,,,,,,,TN
462,a820608802f2194dfc19272bf19b7124a7349b79,0.13718636330615075,autoland,4768104,12,53390121d39b212135aaffcd577053a14c7f0dff,linux1804-64-shippable-qr,True,False,,,102210fe594ee9b33d82058545b1ed14f4c8206e,custom.jsdebugger.stepOut.DAMP,damp,True,damp custom.jsdebugger.stepOut.DAMP opt e10s fission stylo webrender,4767202,77,ms,firefox,,1720843211,2023-07-04 00:08:48,1267203,,,,,,,,,,,,,,,,,,,,,,,,,,,,,,,,,,,,,,,,,,,,,,,,,TN
463,b2af19e5ff82fa8850262a0693f4941570a30474,0.18407652139268005,autoland,4768104,12,53390121d39b212135aaffcd577053a14c7f0dff,linux1804-64-shippable-qr,True,False,,,102210fe594ee9b33d82058545b1ed14f4c8206e,custom.jsdebugger.stepOut.DAMP,damp,True,damp custom.jsdebugger.stepOut.DAMP opt e10s fission stylo webrender,4767202,77,ms,firefox,,1720903267,2023-07-04 04:57:05,1267245,,,,,,,,,,,,,,,,,,,,,,,,,,,,,,,,,,,,,,,,,,,,,,,,,TN
464,54bec48c8d6e571fdfbc0694895c371fd3fd08f9,0.13851282317333036,autoland,4768104,12,53390121d39b212135aaffcd577053a14c7f0dff,linux1804-64-shippable-qr,True,False,,,102210fe594ee9b33d82058545b1ed14f4c8206e,custom.jsdebugger.stepOut.DAMP,damp,True,damp custom.jsdebugger.stepOut.DAMP opt e10s fission stylo webrender,4767202,77,ms,firefox,,1720926340,2023-07-04 07:10:31,1267272,,,,,,,,,,,,,,,,,,,,,,,,,,,,,,,,,,,,,,,,,,,,,,,,,TN
465,da13368ff947a55756c871582b1b13ffb6fa001d,0.1113215633369804,autoland,4768104,12,53390121d39b212135aaffcd577053a14c7f0dff,linux1804-64-shippable-qr,True,False,,,102210fe594ee9b33d82058545b1ed14f4c8206e,custom.jsdebugger.stepOut.DAMP,damp,True,damp custom.jsdebugger.stepOut.DAMP opt e10s fission stylo webrender,4767202,77,ms,firefox,,1721060302,2023-07-04 11:21:51,1267342,,,,,,,,,,,,,,,,,,,,,,,,,,,,,,,,,,,,,,,,,,,,,,,,,TN
466,3aa1825bf09a37959e97ac4b5eaa3cc4b236b283,0.12793330397040048,autoland,4768104,12,53390121d39b212135aaffcd577053a14c7f0dff,linux1804-64-shippable-qr,True,False,,,102210fe594ee9b33d82058545b1ed14f4c8206e,custom.jsdebugger.stepOut.DAMP,damp,True,damp custom.jsdebugger.stepOut.DAMP opt e10s fission stylo webrender,4767202,77,ms,firefox,,1721072043,2023-07-04 11:29:32,1267347,,,,,,,,,,,,,,,,,,,,,,,,,,,,,,,,,,,,,,,,,,,,,,,,,TN
467,cf717d6692eb6ff08bb1d0342645c7c6c1dcf8f7,0.12795765129752268,autoland,4768104,12,53390121d39b212135aaffcd577053a14c7f0dff,linux1804-64-shippable-qr,True,False,,,102210fe594ee9b33d82058545b1ed14f4c8206e,custom.jsdebugger.stepOut.DAMP,damp,True,damp custom.jsdebugger.stepOut.DAMP opt e10s fission stylo webrender,4767202,77,ms,firefox,,1721162836,2023-07-04 15:22:25,1267503,,,,,,,,,,,,,,,,,,,,,,,,,,,,,,,,,,,,,,,,,,,,,,,,,TN
468,a8c47414f934fc13d47ba329f04089ab17eb2407,0.10555386585353932,autoland,4768104,12,53390121d39b212135aaffcd577053a14c7f0dff,linux1804-64-shippable-qr,True,False,,,102210fe594ee9b33d82058545b1ed14f4c8206e,custom.jsdebugger.stepOut.DAMP,damp,True,damp custom.jsdebugger.stepOut.DAMP opt e10s fission stylo webrender,4767202,77,ms,firefox,,1721251814,2023-07-04 19:21:41,1267627,,,,,,,,,,,,,,,,,,,,,,,,,,,,,,,,,,,,,,,,,,,,,,,,,TN
469,3639b6891b332ea6c4ffea87bb2d1139c38b781d,0.1138396999247473,autoland,4768104,12,53390121d39b212135aaffcd577053a14c7f0dff,linux1804-64-shippable-qr,True,False,,,102210fe594ee9b33d82058545b1ed14f4c8206e,custom.jsdebugger.stepOut.DAMP,damp,True,damp custom.jsdebugger.stepOut.DAMP opt e10s fission stylo webrender,4767202,77,ms,firefox,,1721367088,2023-07-04 23:33:38,1267723,,,,,,,,,,,,,,,,,,,,,,,,,,,,,,,,,,,,,,,,,,,,,,,,,TN
470,243ab04b37e31315f3db16a95bf6535124d9edda,0.13148500222939408,autoland,4768104,12,53390121d39b212135aaffcd577053a14c7f0dff,linux1804-64-shippable-qr,True,False,,,102210fe594ee9b33d82058545b1ed14f4c8206e,custom.jsdebugger.stepOut.DAMP,damp,True,damp custom.jsdebugger.stepOut.DAMP opt e10s fission stylo webrender,4767202,77,ms,firefox,,1721461778,2023-07-05 03:49:13,1267756,,,,,,,,,,,,,,,,,,,,,,,,,,,,,,,,,,,,,,,,,,,,,,,,,TN
471,9ab7ea679b12d7e209ada3534abf7baf704fe9d4,0.10837161416058128,autoland,4768104,12,53390121d39b212135aaffcd577053a14c7f0dff,linux1804-64-shippable-qr,True,False,,,102210fe594ee9b33d82058545b1ed14f4c8206e,custom.jsdebugger.stepOut.DAMP,damp,True,damp custom.jsdebugger.stepOut.DAMP opt e10s fission stylo webrender,4767202,77,ms,firefox,,1721543721,2023-07-05 07:58:23,1267796,,,,,,,,,,,,,,,,,,,,,,,,,,,,,,,,,,,,,,,,,,,,,,,,,TN
472,e3f62ea4e59393fe53784906952e9a1417688db1,0.11809132248497556,autoland,4768104,12,53390121d39b212135aaffcd577053a14c7f0dff,linux1804-64-shippable-qr,True,False,,,102210fe594ee9b33d82058545b1ed14f4c8206e,custom.jsdebugger.stepOut.DAMP,damp,True,damp custom.jsdebugger.stepOut.DAMP opt e10s fission stylo webrender,4767202,77,ms,firefox,,1721582020,2023-07-05 09:46:48,1267838,,,,,,,,,,,,,,,,,,,,,,,,,,,,,,,,,,,,,,,,,,,,,,,,,TN
473,cee4ab20ddeef57e9b72447e753e72ed2eb244cf,0.17610493028905871,autoland,4768104,12,53390121d39b212135aaffcd577053a14c7f0dff,linux1804-64-shippable-qr,True,False,,,102210fe594ee9b33d82058545b1ed14f4c8206e,custom.jsdebugger.stepOut.DAMP,damp,True,damp custom.jsdebugger.stepOut.DAMP opt e10s fission stylo webrender,4767202,77,ms,firefox,,1721721175,2023-07-05 14:18:53,1267963,,,,,,,,,,,,,,,,,,,,,,,,,,,,,,,,,,,,,,,,,,,,,,,,,TN
474,5409ce5bbc96f5e669988fecfeda482b825c372a,0.10348645040296489,autoland,4768104,12,53390121d39b212135aaffcd577053a14c7f0dff,linux1804-64-shippable-qr,True,False,,,102210fe594ee9b33d82058545b1ed14f4c8206e,custom.jsdebugger.stepOut.DAMP,damp,True,damp custom.jsdebugger.stepOut.DAMP opt e10s fission stylo webrender,4767202,77,ms,firefox,,1722864852,2023-07-05 14:19:56,1267964,,,,,,,,,,,,,,,,,,,,,,,,,,,,,,,,,,,,,,,,,,,,,,,,,TN
475,f7ee3b7391818ebc151d1aea94279ae4163d5b41,0.11451569618370616,autoland,4768104,12,53390121d39b212135aaffcd577053a14c7f0dff,linux1804-64-shippable-qr,True,False,,,102210fe594ee9b33d82058545b1ed14f4c8206e,custom.jsdebugger.stepOut.DAMP,damp,True,damp custom.jsdebugger.stepOut.DAMP opt e10s fission stylo webrender,4767202,77,ms,firefox,,1722864665,2023-07-05 14:20:48,1267965,,,,,,,,,,,,,,,,,,,,,,,,,,,,,,,,,,,,,,,,,,,,,,,,,TN
476,38b06f0c751021f94bebb032242b2326666ec476,0.09473891828101189,autoland,4768104,12,53390121d39b212135aaffcd577053a14c7f0dff,linux1804-64-shippable-qr,True,False,,,102210fe594ee9b33d82058545b1ed14f4c8206e,custom.jsdebugger.stepOut.DAMP,damp,True,damp custom.jsdebugger.stepOut.DAMP opt e10s fission stylo webrender,4767202,77,ms,firefox,,1722864737,2023-07-05 14:21:38,1267967,,,,,,,,,,,,,,,,,,,,,,,,,,,,,,,,,,,,,,,,,,,,,,,,,TN
477,27dfafd3d2a2efe57272d05468e809a8ab27dc57,0.1050496819405542,autoland,4768104,12,53390121d39b212135aaffcd577053a14c7f0dff,linux1804-64-shippable-qr,True,False,,,102210fe594ee9b33d82058545b1ed14f4c8206e,custom.jsdebugger.stepOut.DAMP,damp,True,damp custom.jsdebugger.stepOut.DAMP opt e10s fission stylo webrender,4767202,77,ms,firefox,,1722867861,2023-07-05 14:22:39,1267968,,,,,,,,,,,,,,,,,,,,,,,,,,,,,,,,,,,,,,,,,,,,,,,,,TN
478,8f7835cd7d0ccebe73f1ae422adea68ae4120403,0.06416125772163939,autoland,4768104,12,53390121d39b212135aaffcd577053a14c7f0dff,linux1804-64-shippable-qr,True,False,,,102210fe594ee9b33d82058545b1ed14f4c8206e,custom.jsdebugger.stepOut.DAMP,damp,True,damp custom.jsdebugger.stepOut.DAMP opt e10s fission stylo webrender,4767202,77,ms,firefox,,1722867017,2023-07-05 14:23:55,1267969,,,,,,,,,,,,,,,,,,,,,,,,,,,,,,,,,,,,,,,,,,,,,,,,,TN
479,e4feb54cd43cf5f994e64363f5d192f5545f9fcf,0.1066521513740517,autoland,4768104,12,53390121d39b212135aaffcd577053a14c7f0dff,linux1804-64-shippable-qr,True,False,,,102210fe594ee9b33d82058545b1ed14f4c8206e,custom.jsdebugger.stepOut.DAMP,damp,True,damp custom.jsdebugger.stepOut.DAMP opt e10s fission stylo webrender,4767202,77,ms,firefox,,1722867913,2023-07-05 14:24:45,1267970,,,,,,,,,,,,,,,,,,,,,,,,,,,,,,,,,,,,,,,,,,,,,,,,,TN
480,63c2183104b181c3082ebebd3afff8b039080652,0.147781409953603,autoland,4768104,12,53390121d39b212135aaffcd577053a14c7f0dff,linux1804-64-shippable-qr,True,False,,,102210fe594ee9b33d82058545b1ed14f4c8206e,custom.jsdebugger.stepOut.DAMP,damp,True,damp custom.jsdebugger.stepOut.DAMP opt e10s fission stylo webrender,4767202,77,ms,firefox,,1722867982,2023-07-05 14:28:11,1267972,,,,,,,,,,,,,,,,,,,,,,,,,,,,,,,,,,,,,,,,,,,,,,,,,TN
481,e0d642bf72e6c9fc5149ee2d9bc95ee0e790c002,0.10827018103987696,autoland,4768104,12,53390121d39b212135aaffcd577053a14c7f0dff,linux1804-64-shippable-qr,True,False,,,102210fe594ee9b33d82058545b1ed14f4c8206e,custom.jsdebugger.stepOut.DAMP,damp,True,damp custom.jsdebugger.stepOut.DAMP opt e10s fission stylo webrender,4767202,77,ms,firefox,,1722868101,2023-07-05 14:31:34,1267974,,,,,,,,,,,,,,,,,,,,,,,,,,,,,,,,,,,,,,,,,,,,,,,,,TN
482,6f0fb39ed2208b9a890b7a96df7fe97053d3c37c,0.08904151457625242,autoland,4768104,12,53390121d39b212135aaffcd577053a14c7f0dff,linux1804-64-shippable-qr,True,False,,,102210fe594ee9b33d82058545b1ed14f4c8206e,custom.jsdebugger.stepOut.DAMP,damp,True,damp custom.jsdebugger.stepOut.DAMP opt e10s fission stylo webrender,4767202,77,ms,firefox,,1722868039,2023-07-05 14:33:40,1267975,,,,,,,,,,,,,,,,,,,,,,,,,,,,,,,,,,,,,,,,,,,,,,,,,TN
483,4613dfbe6bc2e60b1159da46db2edee3018423e1,0.11071243802269026,autoland,4768104,12,53390121d39b212135aaffcd577053a14c7f0dff,linux1804-64-shippable-qr,True,False,,,102210fe594ee9b33d82058545b1ed14f4c8206e,custom.jsdebugger.stepOut.DAMP,damp,True,damp custom.jsdebugger.stepOut.DAMP opt e10s fission stylo webrender,4767202,77,ms,firefox,,1721739640,2023-07-05 14:38:06,1267976,,,,,,,,,,,,,,,,,,,,,,,,,,,,,,,,,,,,,,,,,,,,,,,,,TN
484,502f57bb0ebbce52ba15616a4aa213f2478f8e1f,0.14968326656068265,autoland,4768104,12,53390121d39b212135aaffcd577053a14c7f0dff,linux1804-64-shippable-qr,True,False,,,102210fe594ee9b33d82058545b1ed14f4c8206e,custom.jsdebugger.stepOut.DAMP,damp,True,damp custom.jsdebugger.stepOut.DAMP opt e10s fission stylo webrender,4767202,77,ms,firefox,,1723072901,2023-07-05 15:39:55,1268005,,,,,,,,,,,,,,,,,,,,,,,,,,,,,,,,,,,,,,,,,,,,,,,,,TN
485,95c936b7d536ff5c0b761109cf772d3ab6112d32,0.14490734038217368,autoland,4768104,12,53390121d39b212135aaffcd577053a14c7f0dff,linux1804-64-shippable-qr,True,False,,,102210fe594ee9b33d82058545b1ed14f4c8206e,custom.jsdebugger.stepOut.DAMP,damp,True,damp custom.jsdebugger.stepOut.DAMP opt e10s fission stylo webrender,4767202,77,ms,firefox,,1723073219,2023-07-05 15:40:57,1268006,,,,,,,,,,,,,,,,,,,,,,,,,,,,,,,,,,,,,,,,,,,,,,,,,TN
486,9fa248115d04c4c176d45c9843ac4f4e4c91c35f,0.15662076741613506,autoland,4768104,12,53390121d39b212135aaffcd577053a14c7f0dff,linux1804-64-shippable-qr,True,False,,,102210fe594ee9b33d82058545b1ed14f4c8206e,custom.jsdebugger.stepOut.DAMP,damp,True,damp custom.jsdebugger.stepOut.DAMP opt e10s fission stylo webrender,4767202,77,ms,firefox,,1723071877,2023-07-05 15:42:18,1268009,,,,,,,,,,,,,,,,,,,,,,,,,,,,,,,,,,,,,,,,,,,,,,,,,TN
487,ad7e8a2b535b206b4c64d764a65a3bfcd1048a3b,0.16860863120216774,autoland,4768104,12,53390121d39b212135aaffcd577053a14c7f0dff,linux1804-64-shippable-qr,True,False,,,102210fe594ee9b33d82058545b1ed14f4c8206e,custom.jsdebugger.stepOut.DAMP,damp,True,damp custom.jsdebugger.stepOut.DAMP opt e10s fission stylo webrender,4767202,77,ms,firefox,,1723071999,2023-07-05 15:43:36,1268011,,,,,,,,,,,,,,,,,,,,,,,,,,,,,,,,,,,,,,,,,,,,,,,,,TN
488,5f3bdce0e3a185c78db0aeda1ae577216309e7eb,0.20001534283999467,autoland,4768104,12,53390121d39b212135aaffcd577053a14c7f0dff,linux1804-64-shippable-qr,True,False,,,102210fe594ee9b33d82058545b1ed14f4c8206e,custom.jsdebugger.stepOut.DAMP,damp,True,damp custom.jsdebugger.stepOut.DAMP opt e10s fission stylo webrender,4767202,77,ms,firefox,,1723072172,2023-07-05 15:46:19,1268013,,,,,,,,,,,,,,,,,,,,,,,,,,,,,,,,,,,,,,,,,,,,,,,,,TN
489,b87c580577d02fb9d1b6f888cacb9db69a443e5a,0.1549791654045105,autoland,4768104,12,53390121d39b212135aaffcd577053a14c7f0dff,linux1804-64-shippable-qr,True,False,,,102210fe594ee9b33d82058545b1ed14f4c8206e,custom.jsdebugger.stepOut.DAMP,damp,True,damp custom.jsdebugger.stepOut.DAMP opt e10s fission stylo webrender,4767202,77,ms,firefox,,1723072278,2023-07-05 15:50:52,1268018,,,,,,,,,,,,,,,,,,,,,,,,,,,,,,,,,,,,,,,,,,,,,,,,,TN
490,b2154b397ef787592eb1b88ebade9957d33df816,0.16757677846386065,autoland,4768104,12,53390121d39b212135aaffcd577053a14c7f0dff,linux1804-64-shippable-qr,True,False,,,102210fe594ee9b33d82058545b1ed14f4c8206e,custom.jsdebugger.stepOut.DAMP,damp,True,damp custom.jsdebugger.stepOut.DAMP opt e10s fission stylo webrender,4767202,77,ms,firefox,,1723071895,2023-07-05 15:58:48,1268023,,,,,,,,,,,,,,,,,,,,,,,,,,,,,,,,,,,,,,,,,,,,,,,,,TN
491,0f08c46deb0e9d27840717141cc877b4a0d54e23,0.14729849629477454,autoland,4768104,12,53390121d39b212135aaffcd577053a14c7f0dff,linux1804-64-shippable-qr,True,False,,,102210fe594ee9b33d82058545b1ed14f4c8206e,custom.jsdebugger.stepOut.DAMP,damp,True,damp custom.jsdebugger.stepOut.DAMP opt e10s fission stylo webrender,4767202,77,ms,firefox,,1723072079,2023-07-05 16:51:22,1268046,,,,,,,,,,,,,,,,,,,,,,,,,,,,,,,,,,,,,,,,,,,,,,,,,TN
492,0e8e81c68d5f2b8d0058d18c9692c610f37b52bc,0.17388661605659594,autoland,4768104,12,53390121d39b212135aaffcd577053a14c7f0dff,linux1804-64-shippable-qr,True,False,,,102210fe594ee9b33d82058545b1ed14f4c8206e,custom.jsdebugger.stepOut.DAMP,damp,True,damp custom.jsdebugger.stepOut.DAMP opt e10s fission stylo webrender,4767202,77,ms,firefox,,1722864389,2023-07-05 18:20:19,1268114,,,,,,,,,,,,,,,,,,,,,,,,,,,,,,,,,,,,,,,,,,,,,,,,,TN
493,09daa709ca35269c0786a2a9f717b1b55a1a4387,0.1754231653877345,autoland,4768104,12,53390121d39b212135aaffcd577053a14c7f0dff,linux1804-64-shippable-qr,True,False,,,102210fe594ee9b33d82058545b1ed14f4c8206e,custom.jsdebugger.stepOut.DAMP,damp,True,damp custom.jsdebugger.stepOut.DAMP opt e10s fission stylo webrender,4767202,77,ms,firefox,,1722864567,2023-07-05 18:21:18,1268116,,,,,,,,,,,,,,,,,,,,,,,,,,,,,,,,,,,,,,,,,,,,,,,,,TN
494,b94ebbc25e0365a900ce1cffc0085f040062a832,0.14279305744467985,autoland,4768104,12,53390121d39b212135aaffcd577053a14c7f0dff,linux1804-64-shippable-qr,True,False,,,102210fe594ee9b33d82058545b1ed14f4c8206e,custom.jsdebugger.stepOut.DAMP,damp,True,damp custom.jsdebugger.stepOut.DAMP opt e10s fission stylo webrender,4767202,77,ms,firefox,,1722866801,2023-07-05 18:22:09,1268119,,,,,,,,,,,,,,,,,,,,,,,,,,,,,,,,,,,,,,,,,,,,,,,,,TN
495,93ab703992f90d1e0ae2314686183e1bb08febd9,0.1404361845160249,autoland,4768104,12,53390121d39b212135aaffcd577053a14c7f0dff,linux1804-64-shippable-qr,True,False,,,102210fe594ee9b33d82058545b1ed14f4c8206e,custom.jsdebugger.stepOut.DAMP,damp,True,damp custom.jsdebugger.stepOut.DAMP opt e10s fission stylo webrender,4767202,77,ms,firefox,,1722866889,2023-07-05 18:23:02,1268120,,,,,,,,,,,,,,,,,,,,,,,,,,,,,,,,,,,,,,,,,,,,,,,,,TN
496,6e7721ce39246523853331c2ac40e5783554f51c,0.2261403517006375,autoland,4768104,12,53390121d39b212135aaffcd577053a14c7f0dff,linux1804-64-shippable-qr,True,False,,,102210fe594ee9b33d82058545b1ed14f4c8206e,custom.jsdebugger.stepOut.DAMP,damp,True,damp custom.jsdebugger.stepOut.DAMP opt e10s fission stylo webrender,4767202,77,ms,firefox,,1722867640,2023-07-05 18:23:58,1268121,,,,,,,,,,,,,,,,,,,,,,,,,,,,,,,,,,,,,,,,,,,,,,,,,TN
497,c7fe6d85db557608216cb2e870d26127bf42dfbe,0.14307011224224198,autoland,4768104,12,53390121d39b212135aaffcd577053a14c7f0dff,linux1804-64-shippable-qr,True,False,,,102210fe594ee9b33d82058545b1ed14f4c8206e,custom.jsdebugger.stepOut.DAMP,damp,True,damp custom.jsdebugger.stepOut.DAMP opt e10s fission stylo webrender,4767202,77,ms,firefox,,1722867058,2023-07-05 18:24:55,1268124,,,,,,,,,,,,,,,,,,,,,,,,,,,,,,,,,,,,,,,,,,,,,,,,,TN
498,8efc65a77701390b2bd18840ac0b5e19d292abf5,0.15315988801576763,autoland,4768104,12,53390121d39b212135aaffcd577053a14c7f0dff,linux1804-64-shippable-qr,True,False,,,102210fe594ee9b33d82058545b1ed14f4c8206e,custom.jsdebugger.stepOut.DAMP,damp,True,damp custom.jsdebugger.stepOut.DAMP opt e10s fission stylo webrender,4767202,77,ms,firefox,,1722867322,2023-07-05 18:25:49,1268125,,,,,,,,,,,,,,,,,,,,,,,,,,,,,,,,,,,,,,,,,,,,,,,,,TN
499,79bdd5a85918f7de7c26f8c592b1cc9858404734,0.12454549933899894,autoland,4768104,12,53390121d39b212135aaffcd577053a14c7f0dff,linux1804-64-shippable-qr,True,False,,,102210fe594ee9b33d82058545b1ed14f4c8206e,custom.jsdebugger.stepOut.DAMP,damp,True,damp custom.jsdebugger.stepOut.DAMP opt e10s fission stylo webrender,4767202,77,ms,firefox,,1722867196,2023-07-05 18:26:40,1268127,,,,,,,,,,,,,,,,,,,,,,,,,,,,,,,,,,,,,,,,,,,,,,,,,TN
500,c744a2111c3b894f66af628b182eb0ae80b9a70f,0.15698839566149125,autoland,4768104,12,53390121d39b212135aaffcd577053a14c7f0dff,linux1804-64-shippable-qr,True,False,,,102210fe594ee9b33d82058545b1ed14f4c8206e,custom.jsdebugger.stepOut.DAMP,damp,True,damp custom.jsdebugger.stepOut.DAMP opt e10s fission stylo webrender,4767202,77,ms,firefox,,1722867268,2023-07-05 18:28:34,1268129,,,,,,,,,,,,,,,,,,,,,,,,,,,,,,,,,,,,,,,,,,,,,,,,,TN
501,674dc1b6026b9fc62707f0df292dfaf1ba6557f1,0.14935925088106194,autoland,4768104,12,53390121d39b212135aaffcd577053a14c7f0dff,linux1804-64-shippable-qr,True,False,,,102210fe594ee9b33d82058545b1ed14f4c8206e,custom.jsdebugger.stepOut.DAMP,damp,True,damp custom.jsdebugger.stepOut.DAMP opt e10s fission stylo webrender,4767202,77,ms,firefox,,1721882728,2023-07-05 18:29:49,1268132,,,,,,,,,,,,,,,,,,,,,,,,,,,,,,,,,,,,,,,,,,,,,,,,,TN
502,73ee623a68c47f911e711f01db46952c5d4d55bd,0.156095529846223,autoland,4768104,12,53390121d39b212135aaffcd577053a14c7f0dff,linux1804-64-shippable-qr,True,False,,,102210fe594ee9b33d82058545b1ed14f4c8206e,custom.jsdebugger.stepOut.DAMP,damp,True,damp custom.jsdebugger.stepOut.DAMP opt e10s fission stylo webrender,4767202,77,ms,firefox,,1722879768,2023-07-05 20:52:26,1268222,,,,,,,,,,,,,,,,,,,,,,,,,,,,,,,,,,,,,,,,,,,,,,,,,TN
503,e9251e249c27a9f695341d5ba28a9a04e3ebd6a7,0.1805691828609035,autoland,4768104,12,53390121d39b212135aaffcd577053a14c7f0dff,linux1804-64-shippable-qr,True,False,,,102210fe594ee9b33d82058545b1ed14f4c8206e,custom.jsdebugger.stepOut.DAMP,damp,True,damp custom.jsdebugger.stepOut.DAMP opt e10s fission stylo webrender,4767202,77,ms,firefox,,1722879603,2023-07-05 20:55:17,1268226,,,,,,,,,,,,,,,,,,,,,,,,,,,,,,,,,,,,,,,,,,,,,,,,,TN
504,0f0668b2eeb544fddd48900cc975ecf764d03b2a,0.14548245594301812,autoland,4768104,12,53390121d39b212135aaffcd577053a14c7f0dff,linux1804-64-shippable-qr,True,False,,,102210fe594ee9b33d82058545b1ed14f4c8206e,custom.jsdebugger.stepOut.DAMP,damp,True,damp custom.jsdebugger.stepOut.DAMP opt e10s fission stylo webrender,4767202,77,ms,firefox,,1722908078,2023-07-05 20:56:12,1268227,,,,,,,,,,,,,,,,,,,,,,,,,,,,,,,,,,,,,,,,,,,,,,,,,TN
505,7e78cd8ecee6c5b404d69dc9c74be7b91ab9d3a5,0.13431981602061294,autoland,4768104,12,53390121d39b212135aaffcd577053a14c7f0dff,linux1804-64-shippable-qr,True,False,,,102210fe594ee9b33d82058545b1ed14f4c8206e,custom.jsdebugger.stepOut.DAMP,damp,True,damp custom.jsdebugger.stepOut.DAMP opt e10s fission stylo webrender,4767202,77,ms,firefox,,1722918760,2023-07-05 20:57:08,1268229,,,,,,,,,,,,,,,,,,,,,,,,,,,,,,,,,,,,,,,,,,,,,,,,,TN
506,548365f1d102075b3ec1ade2bf5907142e343580,0.08195129572012427,autoland,4768104,12,53390121d39b212135aaffcd577053a14c7f0dff,linux1804-64-shippable-qr,True,False,,,102210fe594ee9b33d82058545b1ed14f4c8206e,custom.jsdebugger.stepOut.DAMP,damp,True,damp custom.jsdebugger.stepOut.DAMP opt e10s fission stylo webrender,4767202,77,ms,firefox,,1722878302,2023-07-05 20:58:25,1268230,,,,,,,,,,,,,,,,,,,,,,,,,,,,,,,,,,,,,,,,,,,,,,,,,TN
507,a60baa68669b1d5df71edae212b893831d2aa02c,0.16067933618970898,autoland,4768104,12,53390121d39b212135aaffcd577053a14c7f0dff,linux1804-64-shippable-qr,True,False,,,102210fe594ee9b33d82058545b1ed14f4c8206e,custom.jsdebugger.stepOut.DAMP,damp,True,damp custom.jsdebugger.stepOut.DAMP opt e10s fission stylo webrender,4767202,77,ms,firefox,,1722887543,2023-07-05 20:59:19,1268231,,,,,,,,,,,,,,,,,,,,,,,,,,,,,,,,,,,,,,,,,,,,,,,,,TN
508,6d2d5f1d2f9d772cf23e24fb68aaaf4d8fe7466d,0.15379696431982937,autoland,4768104,12,53390121d39b212135aaffcd577053a14c7f0dff,linux1804-64-shippable-qr,True,False,,,102210fe594ee9b33d82058545b1ed14f4c8206e,custom.jsdebugger.stepOut.DAMP,damp,True,damp custom.jsdebugger.stepOut.DAMP opt e10s fission stylo webrender,4767202,77,ms,firefox,,1722882142,2023-07-05 21:00:10,1268232,,,,,,,,,,,,,,,,,,,,,,,,,,,,,,,,,,,,,,,,,,,,,,,,,TN
509,b5482dea9fce37f40cc9a27c2851a416b80a0ee7,0.14129658954683122,autoland,4768104,12,53390121d39b212135aaffcd577053a14c7f0dff,linux1804-64-shippable-qr,True,False,,,102210fe594ee9b33d82058545b1ed14f4c8206e,custom.jsdebugger.stepOut.DAMP,damp,True,damp custom.jsdebugger.stepOut.DAMP opt e10s fission stylo webrender,4767202,77,ms,firefox,,1722880222,2023-07-05 21:01:13,1268234,,,,,,,,,,,,,,,,,,,,,,,,,,,,,,,,,,,,,,,,,,,,,,,,,TN
510,0e87ff548b9093f591e1fa73577c116547bcc045,0.17092180214403685,autoland,4768104,12,53390121d39b212135aaffcd577053a14c7f0dff,linux1804-64-shippable-qr,True,False,,,102210fe594ee9b33d82058545b1ed14f4c8206e,custom.jsdebugger.stepOut.DAMP,damp,True,damp custom.jsdebugger.stepOut.DAMP opt e10s fission stylo webrender,4767202,77,ms,firefox,,1722877328,2023-07-05 21:02:13,1268235,,,,,,,,,,,,,,,,,,,,,,,,,,,,,,,,,,,,,,,,,,,,,,,,,TN
511,712427656ebd8d82b78a42d8e45b973aa7c220d7,0.15323692413113577,autoland,4768104,12,53390121d39b212135aaffcd577053a14c7f0dff,linux1804-64-shippable-qr,True,False,,,102210fe594ee9b33d82058545b1ed14f4c8206e,custom.jsdebugger.stepOut.DAMP,damp,True,damp custom.jsdebugger.stepOut.DAMP opt e10s fission stylo webrender,4767202,77,ms,firefox,,1721919437,2023-07-05 21:03:11,1268236,,,,,,,,,,,,,,,,,,,,,,,,,,,,,,,,,,,,,,,,,,,,,,,,,TN
512,e12e730ee31126f75a305775c8d9e84125f79890,0.1331067885669346,autoland,4768104,12,53390121d39b212135aaffcd577053a14c7f0dff,linux1804-64-shippable-qr,True,False,,,102210fe594ee9b33d82058545b1ed14f4c8206e,custom.jsdebugger.stepOut.DAMP,damp,True,damp custom.jsdebugger.stepOut.DAMP opt e10s fission stylo webrender,4767202,77,ms,firefox,,1722912812,2023-07-05 22:32:47,1268279,,,,,,,,,,,,,,,,,,,,,,,,,,,,,,,,,,,,,,,,,,,,,,,,,TN
513,2ea8f35756209d8f6bd78199432e08c248d4f90f,0.1821275449330546,autoland,4768104,12,53390121d39b212135aaffcd577053a14c7f0dff,linux1804-64-shippable-qr,True,False,,,102210fe594ee9b33d82058545b1ed14f4c8206e,custom.jsdebugger.stepOut.DAMP,damp,True,damp custom.jsdebugger.stepOut.DAMP opt e10s fission stylo webrender,4767202,77,ms,firefox,,1722933561,2023-07-05 22:34:28,1268280,,,,,,,,,,,,,,,,,,,,,,,,,,,,,,,,,,,,,,,,,,,,,,,,,TN
514,9aecd29d3377bef23aa1daa28ab78722509dc019,0.14793883248783368,autoland,4768104,12,53390121d39b212135aaffcd577053a14c7f0dff,linux1804-64-shippable-qr,True,False,,,102210fe594ee9b33d82058545b1ed14f4c8206e,custom.jsdebugger.stepOut.DAMP,damp,True,damp custom.jsdebugger.stepOut.DAMP opt e10s fission stylo webrender,4767202,77,ms,firefox,,1722914914,2023-07-05 22:35:19,1268281,,,,,,,,,,,,,,,,,,,,,,,,,,,,,,,,,,,,,,,,,,,,,,,,,TN
515,4c734e25263096799e6eb1f430c92e69443d5144,0.12873380990679117,autoland,4768104,12,53390121d39b212135aaffcd577053a14c7f0dff,linux1804-64-shippable-qr,True,False,,,102210fe594ee9b33d82058545b1ed14f4c8206e,custom.jsdebugger.stepOut.DAMP,damp,True,damp custom.jsdebugger.stepOut.DAMP opt e10s fission stylo webrender,4767202,77,ms,firefox,,1722914244,2023-07-05 22:36:28,1268282,,,,,,,,,,,,,,,,,,,,,,,,,,,,,,,,,,,,,,,,,,,,,,,,,TN
516,8957a62b3ade02160943e6768e5a46441a56b3ab,0.14209098505421403,autoland,4768104,12,53390121d39b212135aaffcd577053a14c7f0dff,linux1804-64-shippable-qr,True,False,,,102210fe594ee9b33d82058545b1ed14f4c8206e,custom.jsdebugger.stepOut.DAMP,damp,True,damp custom.jsdebugger.stepOut.DAMP opt e10s fission stylo webrender,4767202,77,ms,firefox,,1722912804,2023-07-05 22:53:13,1268292,,,,,,,,,,,,,,,,,,,,,,,,,,,,,,,,,,,,,,,,,,,,,,,,,TN
517,11cd360b1745940041f9dac35738bbd36bdc6999,0.17849413583226714,autoland,4768104,12,53390121d39b212135aaffcd577053a14c7f0dff,linux1804-64-shippable-qr,True,False,,,102210fe594ee9b33d82058545b1ed14f4c8206e,custom.jsdebugger.stepOut.DAMP,damp,True,damp custom.jsdebugger.stepOut.DAMP opt e10s fission stylo webrender,4767202,77,ms,firefox,,1722916578,2023-07-05 23:13:33,1268301,,,,,,,,,,,,,,,,,,,,,,,,,,,,,,,,,,,,,,,,,,,,,,,,,TN
518,83d2865e9b1d3015c4e2c3377cdaa48efc6c413d,0.13423273197545194,autoland,4768104,12,53390121d39b212135aaffcd577053a14c7f0dff,linux1804-64-shippable-qr,True,False,,,102210fe594ee9b33d82058545b1ed14f4c8206e,custom.jsdebugger.stepOut.DAMP,damp,True,damp custom.jsdebugger.stepOut.DAMP opt e10s fission stylo webrender,4767202,77,ms,firefox,,1722915185,2023-07-05 23:25:47,1268304,,,,,,,,,,,,,,,,,,,,,,,,,,,,,,,,,,,,,,,,,,,,,,,,,TN
519,67bb53c9cb10a8b606a7a853694b209aaf2f580f,0.19128573762373113,autoland,4768104,12,53390121d39b212135aaffcd577053a14c7f0dff,linux1804-64-shippable-qr,True,False,,,102210fe594ee9b33d82058545b1ed14f4c8206e,custom.jsdebugger.stepOut.DAMP,damp,True,damp custom.jsdebugger.stepOut.DAMP opt e10s fission stylo webrender,4767202,77,ms,firefox,,1722867414,2023-07-06 00:11:42,1268318,,,,,,,,,,,,,,,,,,,,,,,,,,,,,,,,,,,,,,,,,,,,,,,,,TN
520,0e5963968c3c430828d9ddeb8a55a3d3be3b5b5b,0.13107277977530862,autoland,4768104,12,53390121d39b212135aaffcd577053a14c7f0dff,linux1804-64-shippable-qr,True,False,,,102210fe594ee9b33d82058545b1ed14f4c8206e,custom.jsdebugger.stepOut.DAMP,damp,True,damp custom.jsdebugger.stepOut.DAMP opt e10s fission stylo webrender,4767202,77,ms,firefox,,1722920019,2023-07-06 01:00:40,1268347,,,,,,,,,,,,,,,,,,,,,,,,,,,,,,,,,,,,,,,,,,,,,,,,,TN
521,a0647e42fb1f509d753d2baacd7858b3ee9a8821,0.16854003145298413,autoland,4768104,12,53390121d39b212135aaffcd577053a14c7f0dff,linux1804-64-shippable-qr,True,False,,,102210fe594ee9b33d82058545b1ed14f4c8206e,custom.jsdebugger.stepOut.DAMP,damp,True,damp custom.jsdebugger.stepOut.DAMP opt e10s fission stylo webrender,4767202,77,ms,firefox,,1722021388,2023-07-06 01:07:34,1268349,,,,,,,,,,,,,,,,,,,,,,,,,,,,,,,,,,,,,,,,,,,,,,,,,TN
522,1ba8085e68676425907973397d26e7417c1c4a74,0.15195454380554807,autoland,4768104,12,53390121d39b212135aaffcd577053a14c7f0dff,linux1804-64-shippable-qr,True,False,,,102210fe594ee9b33d82058545b1ed14f4c8206e,custom.jsdebugger.stepOut.DAMP,damp,True,damp custom.jsdebugger.stepOut.DAMP opt e10s fission stylo webrender,4767202,77,ms,firefox,,1722094412,2023-07-06 06:12:07,1268405,,,,,,,,,,,,,,,,,,,,,,,,,,,,,,,,,,,,,,,,,,,,,,,,,TN
523,becc2fa2c186914b1a887e40e6f0e9a6643273eb,0.16898350949619756,autoland,4768104,12,53390121d39b212135aaffcd577053a14c7f0dff,linux1804-64-shippable-qr,True,False,,,102210fe594ee9b33d82058545b1ed14f4c8206e,custom.jsdebugger.stepOut.DAMP,damp,True,damp custom.jsdebugger.stepOut.DAMP opt e10s fission stylo webrender,4767202,77,ms,firefox,,1722207735,2023-07-06 11:48:20,1268565,,,,,,,,,,,,,,,,,,,,,,,,,,,,,,,,,,,,,,,,,,,,,,,,,TN
524,5b919b11b30bcc659d499c9290a54c3f91d96bd2,0.13279559187175605,autoland,4768104,12,53390121d39b212135aaffcd577053a14c7f0dff,linux1804-64-shippable-qr,True,False,,,102210fe594ee9b33d82058545b1ed14f4c8206e,custom.jsdebugger.stepOut.DAMP,damp,True,damp custom.jsdebugger.stepOut.DAMP opt e10s fission stylo webrender,4767202,77,ms,firefox,,1722229275,2023-07-06 12:38:53,1268598,,,,,,,,,,,,,,,,,,,,,,,,,,,,,,,,,,,,,,,,,,,,,,,,,TN
525,433f58fbe4180052220b584f15de1d1d6fda065a,0.1400633102439255,autoland,4768104,12,53390121d39b212135aaffcd577053a14c7f0dff,linux1804-64-shippable-qr,True,False,,,102210fe594ee9b33d82058545b1ed14f4c8206e,custom.jsdebugger.stepOut.DAMP,damp,True,damp custom.jsdebugger.stepOut.DAMP opt e10s fission stylo webrender,4767202,77,ms,firefox,,1722369527,2023-07-06 16:43:39,1268777,,,,,,,,,,,,,,,,,,,,,,,,,,,,,,,,,,,,,,,,,,,,,,,,,TN
526,08f072ae172f3d48b0361ca0d34ead8a0b254e60,0.14942400950532453,autoland,4768104,12,53390121d39b212135aaffcd577053a14c7f0dff,linux1804-64-shippable-qr,True,False,,,102210fe594ee9b33d82058545b1ed14f4c8206e,custom.jsdebugger.stepOut.DAMP,damp,True,damp custom.jsdebugger.stepOut.DAMP opt e10s fission stylo webrender,4767202,77,ms,firefox,,1722458905,2023-07-06 18:39:07,1268845,,,,,,,,,,,,,,,,,,,,,,,,,,,,,,,,,,,,,,,,,,,,,,,,,TN
527,2c6190b6ecb6ab8933a296c08e753c060a3c2e9b,0.11710816936889468,autoland,4768104,12,53390121d39b212135aaffcd577053a14c7f0dff,linux1804-64-shippable-qr,True,False,,,102210fe594ee9b33d82058545b1ed14f4c8206e,custom.jsdebugger.stepOut.DAMP,damp,True,damp custom.jsdebugger.stepOut.DAMP opt e10s fission stylo webrender,4767202,77,ms,firefox,,1722520982,2023-07-06 20:44:41,1268939,,,,,,,,,,,,,,,,,,,,,,,,,,,,,,,,,,,,,,,,,,,,,,,,,TN
528,acd3d81337398ace5cd75f251f18da388ed281fa,0.15369496188598997,autoland,4768104,12,53390121d39b212135aaffcd577053a14c7f0dff,linux1804-64-shippable-qr,True,False,,,102210fe594ee9b33d82058545b1ed14f4c8206e,custom.jsdebugger.stepOut.DAMP,damp,True,damp custom.jsdebugger.stepOut.DAMP opt e10s fission stylo webrender,4767202,77,ms,firefox,,1722647008,2023-07-07 00:51:02,1269038,,,,,,,,,,,,,,,,,,,,,,,,,,,,,,,,,,,,,,,,,,,,,,,,,TN
529,013763c5f493c6232cfa8502e7bcec4b151d9161,0.1724132445866613,autoland,4768104,12,53390121d39b212135aaffcd577053a14c7f0dff,linux1804-64-shippable-qr,True,False,,,102210fe594ee9b33d82058545b1ed14f4c8206e,custom.jsdebugger.stepOut.DAMP,damp,True,damp custom.jsdebugger.stepOut.DAMP opt e10s fission stylo webrender,4767202,77,ms,firefox,,1722661082,2023-07-07 01:49:15,1269055,,,,,,,,,,,,,,,,,,,,,,,,,,,,,,,,,,,,,,,,,,,,,,,,,TN
530,e4d87ff75575880ea0c0fa09b316e360e4d9492f,0.15199727011075082,autoland,4768104,12,53390121d39b212135aaffcd577053a14c7f0dff,linux1804-64-shippable-qr,True,False,,,102210fe594ee9b33d82058545b1ed14f4c8206e,custom.jsdebugger.stepOut.DAMP,damp,True,damp custom.jsdebugger.stepOut.DAMP opt e10s fission stylo webrender,4767202,77,ms,firefox,,1722706573,2023-07-07 06:17:26,1269097,,,,,,,,,,,,,,,,,,,,,,,,,,,,,,,,,,,,,,,,,,,,,,,,,TN
531,3a88b97290a0fe46c6fbfcf6dacd91c6b6900aeb,0.17347691129805187,autoland,4768104,12,53390121d39b212135aaffcd577053a14c7f0dff,linux1804-64-shippable-qr,True,False,,,102210fe594ee9b33d82058545b1ed14f4c8206e,custom.jsdebugger.stepOut.DAMP,damp,True,damp custom.jsdebugger.stepOut.DAMP opt e10s fission stylo webrender,4767202,77,ms,firefox,,1722826375,2023-07-07 10:08:37,1269195,,,,,,,,,,,,,,,,,,,,,,,,,,,,,,,,,,,,,,,,,,,,,,,,,TN
532,fb62b8660fcaa40ecb0be50aa61ba8005dcbba27,0.18880241458405145,autoland,4768104,12,53390121d39b212135aaffcd577053a14c7f0dff,linux1804-64-shippable-qr,True,False,,,102210fe594ee9b33d82058545b1ed14f4c8206e,custom.jsdebugger.stepOut.DAMP,damp,True,damp custom.jsdebugger.stepOut.DAMP opt e10s fission stylo webrender,4767202,77,ms,firefox,,1722904288,2023-07-07 14:06:48,1269286,,,,,,,,,,,,,,,,,,,,,,,,,,,,,,,,,,,,,,,,,,,,,,,,,TN
533,0243833959b90e6e495c7739773020d8dd879d79,0.14666783445078946,autoland,4768104,12,53390121d39b212135aaffcd577053a14c7f0dff,linux1804-64-shippable-qr,True,False,,,102210fe594ee9b33d82058545b1ed14f4c8206e,custom.jsdebugger.stepOut.DAMP,damp,True,damp custom.jsdebugger.stepOut.DAMP opt e10s fission stylo webrender,4767202,77,ms,firefox,,1723958143,2023-07-07 15:28:05,1269337,,,,,,,,,,,,,,,,,,,,,,,,,,,,,,,,,,,,,,,,,,,,,,,,,TN
534,2c24a29355e9365b4041da3ff96eb9a45c229e4f,0.15711778374634688,autoland,4768104,12,53390121d39b212135aaffcd577053a14c7f0dff,linux1804-64-shippable-qr,True,False,,,102210fe594ee9b33d82058545b1ed14f4c8206e,custom.jsdebugger.stepOut.DAMP,damp,True,damp custom.jsdebugger.stepOut.DAMP opt e10s fission stylo webrender,4767202,77,ms,firefox,,1723956850,2023-07-07 16:32:57,1269402,,,,,,,,,,,,,,,,,,,,,,,,,,,,,,,,,,,,,,,,,,,,,,,,,TN
535,c7a8474c209d8f469b9801ed5425fbc528c4e0db,0.1549707707680339,autoland,4768104,12,53390121d39b212135aaffcd577053a14c7f0dff,linux1804-64-shippable-qr,True,False,,,102210fe594ee9b33d82058545b1ed14f4c8206e,custom.jsdebugger.stepOut.DAMP,damp,True,damp custom.jsdebugger.stepOut.DAMP opt e10s fission stylo webrender,4767202,77,ms,firefox,,1723960340,2023-07-07 16:45:16,1269410,,,,,,,,,,,,,,,,,,,,,,,,,,,,,,,,,,,,,,,,,,,,,,,,,TN
536,b965c70527de59e3d6b89bbf05d5e385bfb65d13,0.1851931322386826,autoland,4768104,12,53390121d39b212135aaffcd577053a14c7f0dff,linux1804-64-shippable-qr,True,False,,,102210fe594ee9b33d82058545b1ed14f4c8206e,custom.jsdebugger.stepOut.DAMP,damp,True,damp custom.jsdebugger.stepOut.DAMP opt e10s fission stylo webrender,4767202,77,ms,firefox,,1723972521,2023-07-07 16:46:15,1269412,,,,,,,,,,,,,,,,,,,,,,,,,,,,,,,,,,,,,,,,,,,,,,,,,TN
537,bb00f481dd389ad57588e6d9afd448fd07d9e3e9,0.09195239674987832,autoland,4768104,12,53390121d39b212135aaffcd577053a14c7f0dff,linux1804-64-shippable-qr,True,False,,,102210fe594ee9b33d82058545b1ed14f4c8206e,custom.jsdebugger.stepOut.DAMP,damp,True,damp custom.jsdebugger.stepOut.DAMP opt e10s fission stylo webrender,4767202,77,ms,firefox,,1723969203,2023-07-07 16:47:13,1269414,,,,,,,,,,,,,,,,,,,,,,,,,,,,,,,,,,,,,,,,,,,,,,,,,TN
538,1fb9739b62361da36c851c6902c91a4c91e6996b,0.13044569079354917,autoland,4768104,12,53390121d39b212135aaffcd577053a14c7f0dff,linux1804-64-shippable-qr,True,False,,,102210fe594ee9b33d82058545b1ed14f4c8206e,custom.jsdebugger.stepOut.DAMP,damp,True,damp custom.jsdebugger.stepOut.DAMP opt e10s fission stylo webrender,4767202,77,ms,firefox,,1723958471,2023-07-07 16:48:05,1269415,,,,,,,,,,,,,,,,,,,,,,,,,,,,,,,,,,,,,,,,,,,,,,,,,TN
539,f236ad3b61e58a1b29b7e8a37b20c861c79492b4,0.14211555891434546,autoland,4768104,12,53390121d39b212135aaffcd577053a14c7f0dff,linux1804-64-shippable-qr,True,False,,,102210fe594ee9b33d82058545b1ed14f4c8206e,custom.jsdebugger.stepOut.DAMP,damp,True,damp custom.jsdebugger.stepOut.DAMP opt e10s fission stylo webrender,4767202,77,ms,firefox,,1723958762,2023-07-07 16:48:55,1269417,,,,,,,,,,,,,,,,,,,,,,,,,,,,,,,,,,,,,,,,,,,,,,,,,TN
540,5c564fc0473ab0b7fd19ea8a1dd2901f5b8c700f,0.18097609271918125,autoland,4768104,12,53390121d39b212135aaffcd577053a14c7f0dff,linux1804-64-shippable-qr,True,False,,,102210fe594ee9b33d82058545b1ed14f4c8206e,custom.jsdebugger.stepOut.DAMP,damp,True,damp custom.jsdebugger.stepOut.DAMP opt e10s fission stylo webrender,4767202,77,ms,firefox,,1723957329,2023-07-07 16:49:50,1269418,,,,,,,,,,,,,,,,,,,,,,,,,,,,,,,,,,,,,,,,,,,,,,,,,TN
541,f27563eb14172713e84acbaebadc813723229cfc,0.1609871875491975,autoland,4768104,12,53390121d39b212135aaffcd577053a14c7f0dff,linux1804-64-shippable-qr,True,False,,,102210fe594ee9b33d82058545b1ed14f4c8206e,custom.jsdebugger.stepOut.DAMP,damp,True,damp custom.jsdebugger.stepOut.DAMP opt e10s fission stylo webrender,4767202,77,ms,firefox,,1723959761,2023-07-07 16:50:39,1269419,,,,,,,,,,,,,,,,,,,,,,,,,,,,,,,,,,,,,,,,,,,,,,,,,TN
542,43977d30a10af8e193044a9aa578f2bc8b33edf7,0.1658529112007292,autoland,4768104,12,53390121d39b212135aaffcd577053a14c7f0dff,linux1804-64-shippable-qr,True,False,,,102210fe594ee9b33d82058545b1ed14f4c8206e,custom.jsdebugger.stepOut.DAMP,damp,True,damp custom.jsdebugger.stepOut.DAMP opt e10s fission stylo webrender,4767202,77,ms,firefox,,1722969033,2023-07-07 16:51:44,1269420,,,,,,,,,,,,,,,,,,,,,,,,,,,,,,,,,,,,,,,,,,,,,,,,,TN
543,c30dadc65dfbab3b694d5ba8a0ffd6ff0a7a58e1,0.1371550848649139,autoland,4768104,12,53390121d39b212135aaffcd577053a14c7f0dff,linux1804-64-shippable-qr,True,False,,,102210fe594ee9b33d82058545b1ed14f4c8206e,custom.jsdebugger.stepOut.DAMP,damp,True,damp custom.jsdebugger.stepOut.DAMP opt e10s fission stylo webrender,4767202,77,ms,firefox,,1723959528,2023-07-07 20:52:43,1269584,,,,,,,,,,,,,,,,,,,,,,,,,,,,,,,,,,,,,,,,,,,,,,,,,TN
544,7b13c2572bd7b94a05704027baa5ec09aab3818b,0.14995711015397872,autoland,4768104,12,53390121d39b212135aaffcd577053a14c7f0dff,linux1804-64-shippable-qr,True,False,,,102210fe594ee9b33d82058545b1ed14f4c8206e,custom.jsdebugger.stepOut.DAMP,damp,True,damp custom.jsdebugger.stepOut.DAMP opt e10s fission stylo webrender,4767202,77,ms,firefox,,1723958976,2023-07-07 21:46:10,1269615,,,,,,,,,,,,,,,,,,,,,,,,,,,,,,,,,,,,,,,,,,,,,,,,,TN
545,2f5c0c74692eef47306561445545be19c7b6b8ac,0.13181576918776639,autoland,4768104,12,53390121d39b212135aaffcd577053a14c7f0dff,linux1804-64-shippable-qr,True,False,,,102210fe594ee9b33d82058545b1ed14f4c8206e,custom.jsdebugger.stepOut.DAMP,damp,True,damp custom.jsdebugger.stepOut.DAMP opt e10s fission stylo webrender,4767202,77,ms,firefox,,1723957876,2023-07-07 22:06:23,1269622,,,,,,,,,,,,,,,,,,,,,,,,,,,,,,,,,,,,,,,,,,,,,,,,,TN
546,c22d4f75d4fef94a02441466b723f6b0d2d50489,0.1697023006163929,autoland,4768104,12,53390121d39b212135aaffcd577053a14c7f0dff,linux1804-64-shippable-qr,True,False,,,102210fe594ee9b33d82058545b1ed14f4c8206e,custom.jsdebugger.stepOut.DAMP,damp,True,damp custom.jsdebugger.stepOut.DAMP opt e10s fission stylo webrender,4767202,77,ms,firefox,,1723959928,2023-07-07 22:22:54,1269625,,,,,,,,,,,,,,,,,,,,,,,,,,,,,,,,,,,,,,,,,,,,,,,,,TN
547,ca86a5774e8c385e13f25a6f5699c8c5396c25c5,0.12180429731942843,autoland,4768104,12,53390121d39b212135aaffcd577053a14c7f0dff,linux1804-64-shippable-qr,True,False,,,102210fe594ee9b33d82058545b1ed14f4c8206e,custom.jsdebugger.stepOut.DAMP,damp,True,damp custom.jsdebugger.stepOut.DAMP opt e10s fission stylo webrender,4767202,77,ms,firefox,,1723959203,2023-07-07 22:37:33,1269627,,,,,,,,,,,,,,,,,,,,,,,,,,,,,,,,,,,,,,,,,,,,,,,,,TN
548,b0e746b65b80957b2c79c4995b417a0e1dc26fac,0.16209119700165497,autoland,4768104,12,53390121d39b212135aaffcd577053a14c7f0dff,linux1804-64-shippable-qr,True,False,,,102210fe594ee9b33d82058545b1ed14f4c8206e,custom.jsdebugger.stepOut.DAMP,damp,True,damp custom.jsdebugger.stepOut.DAMP opt e10s fission stylo webrender,4767202,77,ms,firefox,,1723957587,2023-07-07 23:16:04,1269635,,,,,,,,,,,,,,,,,,,,,,,,,,,,,,,,,,,,,,,,,,,,,,,,,TN
549,f010e32868d4154f53e499532cc8ca7731a98e40,0.10790818035055083,autoland,4768104,12,53390121d39b212135aaffcd577053a14c7f0dff,linux1804-64-shippable-qr,True,False,,,102210fe594ee9b33d82058545b1ed14f4c8206e,custom.jsdebugger.stepOut.DAMP,damp,True,damp custom.jsdebugger.stepOut.DAMP opt e10s fission stylo webrender,4767202,77,ms,firefox,,1723905959,2023-07-07 23:17:10,1269636,,,,,,,,,,,,,,,,,,,,,,,,,,,,,,,,,,,,,,,,,,,,,,,,,TN
550,a6be258613f522dce00ef4d7b3c02b7c334bf86b,0.1385680723802758,autoland,4768104,12,53390121d39b212135aaffcd577053a14c7f0dff,linux1804-64-shippable-qr,True,False,,,102210fe594ee9b33d82058545b1ed14f4c8206e,custom.jsdebugger.stepOut.DAMP,damp,True,damp custom.jsdebugger.stepOut.DAMP opt e10s fission stylo webrender,4767202,77,ms,firefox,,1723958634,2023-07-08 00:14:32,1269651,,,,,,,,,,,,,,,,,,,,,,,,,,,,,,,,,,,,,,,,,,,,,,,,,TN
551,d2be18e8ce8cd63eaddb8f012d582a2863075164,0.14204033704996788,autoland,4768104,12,53390121d39b212135aaffcd577053a14c7f0dff,linux1804-64-shippable-qr,True,False,,,102210fe594ee9b33d82058545b1ed14f4c8206e,custom.jsdebugger.stepOut.DAMP,damp,True,damp custom.jsdebugger.stepOut.DAMP opt e10s fission stylo webrender,4767202,77,ms,firefox,,1723220271,2023-07-08 02:51:52,1269678,,,,,,,,,,,,,,,,,,,,,,,,,,,,,,,,,,,,,,,,,,,,,,,,,TN
552,7d2348e72ae189b459f969ca086cb0250f3e2125,0.14725076539930293,autoland,4768104,12,53390121d39b212135aaffcd577053a14c7f0dff,linux1804-64-shippable-qr,True,False,,,102210fe594ee9b33d82058545b1ed14f4c8206e,custom.jsdebugger.stepOut.DAMP,damp,True,damp custom.jsdebugger.stepOut.DAMP opt e10s fission stylo webrender,4767202,77,ms,firefox,,1723956721,2023-07-08 04:14:22,1269680,,,,,,,,,,,,,,,,,,,,,,,,,,,,,,,,,,,,,,,,,,,,,,,,,TN
553,7da43c58d3cdf44a3676d48bc67b7ceb7d098ebe,0.15759251340468805,autoland,4768104,12,53390121d39b212135aaffcd577053a14c7f0dff,linux1804-64-shippable-qr,True,False,,,102210fe594ee9b33d82058545b1ed14f4c8206e,custom.jsdebugger.stepOut.DAMP,damp,True,damp custom.jsdebugger.stepOut.DAMP opt e10s fission stylo webrender,4767202,77,ms,firefox,,1723959150,2023-07-08 05:05:22,1269682,,,,,,,,,,,,,,,,,,,,,,,,,,,,,,,,,,,,,,,,,,,,,,,,,TN
554,ef7d9ea0c3f751e7c525a136923c9c404c297b1f,0.15893199693080895,autoland,4768104,12,53390121d39b212135aaffcd577053a14c7f0dff,linux1804-64-shippable-qr,True,False,,,102210fe594ee9b33d82058545b1ed14f4c8206e,custom.jsdebugger.stepOut.DAMP,damp,True,damp custom.jsdebugger.stepOut.DAMP opt e10s fission stylo webrender,4767202,77,ms,firefox,,1723244851,2023-07-08 06:55:09,1269687,,,,,,,,,,,,,,,,,,,,,,,,,,,,,,,,,,,,,,,,,,,,,,,,,TN
555,353058713cfdeb99481aa8d54918d27e4e6ac9b5,0.1363201359804933,autoland,4768104,12,53390121d39b212135aaffcd577053a14c7f0dff,linux1804-64-shippable-qr,True,False,,,102210fe594ee9b33d82058545b1ed14f4c8206e,custom.jsdebugger.stepOut.DAMP,damp,True,damp custom.jsdebugger.stepOut.DAMP opt e10s fission stylo webrender,4767202,77,ms,firefox,,1723960558,2023-07-08 07:03:30,1269689,,,,,,,,,,,,,,,,,,,,,,,,,,,,,,,,,,,,,,,,,,,,,,,,,TN
556,a86800b36cb14c55f8a75616a494ceae2dcc4ef7,0.15875324850267725,autoland,4768104,12,53390121d39b212135aaffcd577053a14c7f0dff,linux1804-64-shippable-qr,True,False,,,102210fe594ee9b33d82058545b1ed14f4c8206e,custom.jsdebugger.stepOut.DAMP,damp,True,damp custom.jsdebugger.stepOut.DAMP opt e10s fission stylo webrender,4767202,77,ms,firefox,,1723958585,2023-07-08 07:48:29,1269693,,,,,,,,,,,,,,,,,,,,,,,,,,,,,,,,,,,,,,,,,,,,,,,,,TN
557,617973a17fb8fa9e833bd1e5a5c2d029fb94f31f,0.14388251811477293,autoland,4768104,12,53390121d39b212135aaffcd577053a14c7f0dff,linux1804-64-shippable-qr,True,False,,,102210fe594ee9b33d82058545b1ed14f4c8206e,custom.jsdebugger.stepOut.DAMP,damp,True,damp custom.jsdebugger.stepOut.DAMP opt e10s fission stylo webrender,4767202,77,ms,firefox,,1723957285,2023-07-08 10:48:31,1269714,,,,,,,,,,,,,,,,,,,,,,,,,,,,,,,,,,,,,,,,,,,,,,,,,TN
558,ee68eebc7bfd59157569f7de331974b06e765482,0.13070020059209697,autoland,4768104,12,53390121d39b212135aaffcd577053a14c7f0dff,linux1804-64-shippable-qr,True,False,,,102210fe594ee9b33d82058545b1ed14f4c8206e,custom.jsdebugger.stepOut.DAMP,damp,True,damp custom.jsdebugger.stepOut.DAMP opt e10s fission stylo webrender,4767202,77,ms,firefox,,1723347947,2023-07-08 13:13:32,1269721,,,,,,,,,,,,,,,,,,,,,,,,,,,,,,,,,,,,,,,,,,,,,,,,,TN
559,3809d32977a2db97fd06c8fd3214256dc18af9a0,0.1558479213548849,autoland,4768104,12,53390121d39b212135aaffcd577053a14c7f0dff,linux1804-64-shippable-qr,True,False,,,102210fe594ee9b33d82058545b1ed14f4c8206e,custom.jsdebugger.stepOut.DAMP,damp,True,damp custom.jsdebugger.stepOut.DAMP opt e10s fission stylo webrender,4767202,77,ms,firefox,,1723364223,2023-07-08 13:22:34,1269723,,,,,,,,,,,,,,,,,,,,,,,,,,,,,,,,,,,,,,,,,,,,,,,,,TN
560,3b3b41fc7f1dad97415448fb4652eb636903a02a,0.141378324234271,autoland,4768104,12,53390121d39b212135aaffcd577053a14c7f0dff,linux1804-64-shippable-qr,True,False,,,102210fe594ee9b33d82058545b1ed14f4c8206e,custom.jsdebugger.stepOut.DAMP,damp,True,damp custom.jsdebugger.stepOut.DAMP opt e10s fission stylo webrender,4767202,77,ms,firefox,,1723425575,2023-07-08 18:13:28,1269751,,,,,,,,,,,,,,,,,,,,,,,,,,,,,,,,,,,,,,,,,,,,,,,,,TN
561,47c72d2828f6f406fbe77758e1ae8cd7837af977,0.15083276542443125,autoland,4768104,12,53390121d39b212135aaffcd577053a14c7f0dff,linux1804-64-shippable-qr,True,False,,,102210fe594ee9b33d82058545b1ed14f4c8206e,custom.jsdebugger.stepOut.DAMP,damp,True,damp custom.jsdebugger.stepOut.DAMP opt e10s fission stylo webrender,4767202,77,ms,firefox,,1723483787,2023-07-08 22:36:06,1269766,,,,,,,,,,,,,,,,,,,,,,,,,,,,,,,,,,,,,,,,,,,,,,,,,TN
562,2ac0f03815253b96c145a52b1762ed04c50f079d,0.15880872523633927,autoland,4768104,12,53390121d39b212135aaffcd577053a14c7f0dff,linux1804-64-shippable-qr,True,False,,,102210fe594ee9b33d82058545b1ed14f4c8206e,custom.jsdebugger.stepOut.DAMP,damp,True,damp custom.jsdebugger.stepOut.DAMP opt e10s fission stylo webrender,4767202,77,ms,firefox,,1723520586,2023-07-09 03:04:33,1269805,,,,,,,,,,,,,,,,,,,,,,,,,,,,,,,,,,,,,,,,,,,,,,,,,TN
563,60d4eb46c8b40ab0cd000c9ef298c63c45539be7,0.15474631732494726,autoland,4768104,12,53390121d39b212135aaffcd577053a14c7f0dff,linux1804-64-shippable-qr,True,False,,,102210fe594ee9b33d82058545b1ed14f4c8206e,custom.jsdebugger.stepOut.DAMP,damp,True,damp custom.jsdebugger.stepOut.DAMP opt e10s fission stylo webrender,4767202,77,ms,firefox,,1723581685,2023-07-09 11:37:17,1269836,,,,,,,,,,,,,,,,,,,,,,,,,,,,,,,,,,,,,,,,,,,,,,,,,TN
564,38657e8c266f862cee349b298d0679f6617a8a63,0.16396873509500898,autoland,4768104,12,53390121d39b212135aaffcd577053a14c7f0dff,linux1804-64-shippable-qr,True,False,,,102210fe594ee9b33d82058545b1ed14f4c8206e,custom.jsdebugger.stepOut.DAMP,damp,True,damp custom.jsdebugger.stepOut.DAMP opt e10s fission stylo webrender,4767202,77,ms,firefox,,1723636117,2023-07-09 16:14:27,1269855,,,,,,,,,,,,,,,,,,,,,,,,,,,,,,,,,,,,,,,,,,,,,,,,,TN
565,91d2d276f13316b73f0fed743d543009fcfade03,0.16778722561150405,autoland,4768104,12,53390121d39b212135aaffcd577053a14c7f0dff,linux1804-64-shippable-qr,True,False,,,102210fe594ee9b33d82058545b1ed14f4c8206e,custom.jsdebugger.stepOut.DAMP,damp,True,damp custom.jsdebugger.stepOut.DAMP opt e10s fission stylo webrender,4767202,77,ms,firefox,,1723661203,2023-07-09 17:38:49,1269870,,,,,,,,,,,,,,,,,,,,,,,,,,,,,,,,,,,,,,,,,,,,,,,,,TN
566,5497748101b60ab9149d6616e70cabc4c11c6cb5,0.1559071666830254,autoland,4768104,12,53390121d39b212135aaffcd577053a14c7f0dff,linux1804-64-shippable-qr,True,False,,,102210fe594ee9b33d82058545b1ed14f4c8206e,custom.jsdebugger.stepOut.DAMP,damp,True,damp custom.jsdebugger.stepOut.DAMP opt e10s fission stylo webrender,4767202,77,ms,firefox,,1723732443,2023-07-09 22:03:27,1269918,,,,,,,,,,,,,,,,,,,,,,,,,,,,,,,,,,,,,,,,,,,,,,,,,TN
567,aaa3698312c56a08a7b405178ee462fe3c2a30e7,0.16661842772794078,autoland,4768104,12,53390121d39b212135aaffcd577053a14c7f0dff,linux1804-64-shippable-qr,True,False,,,102210fe594ee9b33d82058545b1ed14f4c8206e,custom.jsdebugger.stepOut.DAMP,damp,True,damp custom.jsdebugger.stepOut.DAMP opt e10s fission stylo webrender,4767202,77,ms,firefox,,1723834431,2023-07-10 02:33:11,1269963,,,,,,,,,,,,,,,,,,,,,,,,,,,,,,,,,,,,,,,,,,,,,,,,,TN
568,7313b6429e48b58bd38ab3be47999be475f2ba6b,0.14220069755781606,autoland,4768104,12,53390121d39b212135aaffcd577053a14c7f0dff,linux1804-64-shippable-qr,True,False,,,102210fe594ee9b33d82058545b1ed14f4c8206e,custom.jsdebugger.stepOut.DAMP,damp,True,damp custom.jsdebugger.stepOut.DAMP opt e10s fission stylo webrender,4767202,77,ms,firefox,,1723903818,2023-07-10 08:51:48,1270053,,,,,,,,,,,,,,,,,,,,,,,,,,,,,,,,,,,,,,,,,,,,,,,,,TN
569,70fb59178ff21c468afeb592869c28371401db6a,0.14354493927004608,autoland,4768104,12,53390121d39b212135aaffcd577053a14c7f0dff,linux1804-64-shippable-qr,True,False,,,102210fe594ee9b33d82058545b1ed14f4c8206e,custom.jsdebugger.stepOut.DAMP,damp,True,damp custom.jsdebugger.stepOut.DAMP opt e10s fission stylo webrender,4767202,77,ms,firefox,,1724019399,2023-07-10 13:07:04,1270176,,,,,,,,,,,,,,,,,,,,,,,,,,,,,,,,,,,,,,,,,,,,,,,,,TN
570,e31033710cfe590d9e7deda75757f71ddef34207,0.17210000710757,autoland,4768104,12,53390121d39b212135aaffcd577053a14c7f0dff,linux1804-64-shippable-qr,True,False,,,102210fe594ee9b33d82058545b1ed14f4c8206e,custom.jsdebugger.stepOut.DAMP,damp,True,damp custom.jsdebugger.stepOut.DAMP opt e10s fission stylo webrender,4767202,77,ms,firefox,,1724067637,2023-07-10 14:01:57,1270199,,,,,,,,,,,,,,,,,,,,,,,,,,,,,,,,,,,,,,,,,,,,,,,,,TN
571,1c909f267af625b4c370b6735113e1cafc94bbad,0.1490134562416192,autoland,4768104,12,53390121d39b212135aaffcd577053a14c7f0dff,linux1804-64-shippable-qr,True,False,,,102210fe594ee9b33d82058545b1ed14f4c8206e,custom.jsdebugger.stepOut.DAMP,damp,True,damp custom.jsdebugger.stepOut.DAMP opt e10s fission stylo webrender,4767202,77,ms,firefox,,1724195515,2023-07-10 18:14:55,1270330,,,,,,,,,,,,,,,,,,,,,,,,,,,,,,,,,,,,,,,,,,,,,,,,,TN
572,923b28f88778b9de2f2a694c75dcb313148c0fc5,0.17701824865403526,autoland,4768104,12,53390121d39b212135aaffcd577053a14c7f0dff,linux1804-64-shippable-qr,True,False,,,102210fe594ee9b33d82058545b1ed14f4c8206e,custom.jsdebugger.stepOut.DAMP,damp,True,damp custom.jsdebugger.stepOut.DAMP opt e10s fission stylo webrender,4767202,77,ms,firefox,,1724275660,2023-07-10 19:48:56,1270385,,,,,,,,,,,,,,,,,,,,,,,,,,,,,,,,,,,,,,,,,,,,,,,,,TN
573,b6a3e16c65e1298418f1aaf966dd3071d644075b,0.13581218645352156,autoland,4768104,12,53390121d39b212135aaffcd577053a14c7f0dff,linux1804-64-shippable-qr,True,False,,,102210fe594ee9b33d82058545b1ed14f4c8206e,custom.jsdebugger.stepOut.DAMP,damp,True,damp custom.jsdebugger.stepOut.DAMP opt e10s fission stylo webrender,4767202,77,ms,firefox,,1724351500,2023-07-11 01:42:54,1270560,,,,,,,,,,,,,,,,,,,,,,,,,,,,,,,,,,,,,,,,,,,,,,,,,TN
574,bd6b3707b0b4eb7dd36fd65f81325cd71a20ab43,0.14861221368193633,autoland,4768104,12,53390121d39b212135aaffcd577053a14c7f0dff,linux1804-64-shippable-qr,True,False,,,102210fe594ee9b33d82058545b1ed14f4c8206e,custom.jsdebugger.stepOut.DAMP,damp,True,damp custom.jsdebugger.stepOut.DAMP opt e10s fission stylo webrender,4767202,77,ms,firefox,,1724441885,2023-07-11 06:35:00,1270619,,,,,,,,,,,,,,,,,,,,,,,,,,,,,,,,,,,,,,,,,,,,,,,,,TN
575,6f3d3f416c953a7c5f64b907c4afb5906a1868a3,0.15377684958255355,autoland,4768104,12,53390121d39b212135aaffcd577053a14c7f0dff,linux1804-64-shippable-qr,True,False,,,102210fe594ee9b33d82058545b1ed14f4c8206e,custom.jsdebugger.stepOut.DAMP,damp,True,damp custom.jsdebugger.stepOut.DAMP opt e10s fission stylo webrender,4767202,77,ms,firefox,,1724495834,2023-07-11 08:55:46,1270644,,,,,,,,,,,,,,,,,,,,,,,,,,,,,,,,,,,,,,,,,,,,,,,,,TN
576,0c47c1159e0a060ee709f9f8f854bfad27f86c85,0.16326465371481524,autoland,4768104,12,53390121d39b212135aaffcd577053a14c7f0dff,linux1804-64-shippable-qr,True,False,,,102210fe594ee9b33d82058545b1ed14f4c8206e,custom.jsdebugger.stepOut.DAMP,damp,True,damp custom.jsdebugger.stepOut.DAMP opt e10s fission stylo webrender,4767202,77,ms,firefox,,1724625275,2023-07-11 13:33:02,1270792,,,,,,,,,,,,,,,,,,,,,,,,,,,,,,,,,,,,,,,,,,,,,,,,,TN
577,3100a08eeee126bc592700ba015d42a4eeabd552,0.14390891516796733,autoland,4768104,12,53390121d39b212135aaffcd577053a14c7f0dff,linux1804-64-shippable-qr,True,False,,,102210fe594ee9b33d82058545b1ed14f4c8206e,custom.jsdebugger.stepOut.DAMP,damp,True,damp custom.jsdebugger.stepOut.DAMP opt e10s fission stylo webrender,4767202,77,ms,firefox,,1724635410,2023-07-11 14:06:52,1270802,,,,,,,,,,,,,,,,,,,,,,,,,,,,,,,,,,,,,,,,,,,,,,,,,TN
578,87db7bb709335405232188624e8b3fa9990fd678,0.12556270195115005,autoland,4768104,12,53390121d39b212135aaffcd577053a14c7f0dff,linux1804-64-shippable-qr,True,False,,,102210fe594ee9b33d82058545b1ed14f4c8206e,custom.jsdebugger.stepOut.DAMP,damp,True,damp custom.jsdebugger.stepOut.DAMP opt e10s fission stylo webrender,4767202,77,ms,firefox,,1724803404,2023-07-11 18:36:01,1270977,,,,,,,,,,,,,,,,,,,,,,,,,,,,,,,,,,,,,,,,,,,,,,,,,TN
579,799309422d5f66cd280bc2aa8f49a203faaf670f,0.1674477997281767,autoland,4768104,12,53390121d39b212135aaffcd577053a14c7f0dff,linux1804-64-shippable-qr,True,False,,,102210fe594ee9b33d82058545b1ed14f4c8206e,custom.jsdebugger.stepOut.DAMP,damp,True,damp custom.jsdebugger.stepOut.DAMP opt e10s fission stylo webrender,4767202,77,ms,firefox,,1724865046,2023-07-11 22:00:07,1271127,,,,,,,,,,,,,,,,,,,,,,,,,,,,,,,,,,,,,,,,,,,,,,,,,TN
580,409794f954d9150f8da58e49d75898a655aca25d,0.14819525986819437,autoland,4768104,12,53390121d39b212135aaffcd577053a14c7f0dff,linux1804-64-shippable-qr,True,False,,,102210fe594ee9b33d82058545b1ed14f4c8206e,custom.jsdebugger.stepOut.DAMP,damp,True,damp custom.jsdebugger.stepOut.DAMP opt e10s fission stylo webrender,4767202,77,ms,firefox,,1724948107,2023-07-12 03:43:13,1271221,,,,,,,,,,,,,,,,,,,,,,,,,,,,,,,,,,,,,,,,,,,,,,,,,TN
581,3df39b644daab1c941ea8f68e6f1e1018058b95e,0.21367578304781665,autoland,4768104,12,53390121d39b212135aaffcd577053a14c7f0dff,linux1804-64-shippable-qr,True,False,,,102210fe594ee9b33d82058545b1ed14f4c8206e,custom.jsdebugger.stepOut.DAMP,damp,True,damp custom.jsdebugger.stepOut.DAMP opt e10s fission stylo webrender,4767202,77,ms,firefox,,1725007024,2023-07-12 07:41:52,1271289,,,,,,,,,,,,,,,,,,,,,,,,,,,,,,,,,,,,,,,,,,,,,,,,,TN
582,323cd57deb4d5a322c892f49b9141687d7561c0b,0.17919835631168923,autoland,4768104,12,53390121d39b212135aaffcd577053a14c7f0dff,linux1804-64-shippable-qr,True,False,,,102210fe594ee9b33d82058545b1ed14f4c8206e,custom.jsdebugger.stepOut.DAMP,damp,True,damp custom.jsdebugger.stepOut.DAMP opt e10s fission stylo webrender,4767202,77,ms,firefox,,1725119567,2023-07-12 11:57:10,1271397,,,,,,,,,,,,,,,,,,,,,,,,,,,,,,,,,,,,,,,,,,,,,,,,,TN
583,09a138b12b3b18e85b4234788a6f92fa756908af,0.14772945441684926,autoland,4768104,12,53390121d39b212135aaffcd577053a14c7f0dff,linux1804-64-shippable-qr,True,False,,,102210fe594ee9b33d82058545b1ed14f4c8206e,custom.jsdebugger.stepOut.DAMP,damp,True,damp custom.jsdebugger.stepOut.DAMP opt e10s fission stylo webrender,4767202,77,ms,firefox,,1725188788,2023-07-12 14:40:04,1271467,,,,,,,,,,,,,,,,,,,,,,,,,,,,,,,,,,,,,,,,,,,,,,,,,TN
584,5af60a4168846b5be7576faecbb5050fa6d965cf,0.1490681460710792,autoland,4768104,12,53390121d39b212135aaffcd577053a14c7f0dff,linux1804-64-shippable-qr,True,False,,,102210fe594ee9b33d82058545b1ed14f4c8206e,custom.jsdebugger.stepOut.DAMP,damp,True,damp custom.jsdebugger.stepOut.DAMP opt e10s fission stylo webrender,4767202,77,ms,firefox,,1725268148,2023-07-12 19:44:39,1271665,,,,,,,,,,,,,,,,,,,,,,,,,,,,,,,,,,,,,,,,,,,,,,,,,TN
585,0724fde82b2fe250010f13a500b6c525eaf3abb5,0.16537070893490058,autoland,4768104,12,53390121d39b212135aaffcd577053a14c7f0dff,linux1804-64-shippable-qr,True,False,,,102210fe594ee9b33d82058545b1ed14f4c8206e,custom.jsdebugger.stepOut.DAMP,damp,True,damp custom.jsdebugger.stepOut.DAMP opt e10s fission stylo webrender,4767202,77,ms,firefox,,1725389146,2023-07-13 04:00:14,1271916,,,,,,,,,,,,,,,,,,,,,,,,,,,,,,,,,,,,,,,,,,,,,,,,,TN
586,1bfb25414a090700f286cd06319e91cb9ac6e336,0.17049402343218056,autoland,4768104,12,53390121d39b212135aaffcd577053a14c7f0dff,linux1804-64-shippable-qr,True,False,,,102210fe594ee9b33d82058545b1ed14f4c8206e,custom.jsdebugger.stepOut.DAMP,damp,True,damp custom.jsdebugger.stepOut.DAMP opt e10s fission stylo webrender,4767202,77,ms,firefox,,1725566952,2023-07-13 11:47:10,1272070,,,,,,,,,,,,,,,,,,,,,,,,,,,,,,,,,,,,,,,,,,,,,,,,,TN
587,d7363bddf2b82c4f02c60bf1f3236c1853a1d788,0.16291764493808536,autoland,4768104,12,53390121d39b212135aaffcd577053a14c7f0dff,linux1804-64-shippable-qr,True,False,,,102210fe594ee9b33d82058545b1ed14f4c8206e,custom.jsdebugger.stepOut.DAMP,damp,True,damp custom.jsdebugger.stepOut.DAMP opt e10s fission stylo webrender,4767202,77,ms,firefox,,1725916971,2023-07-13 23:46:26,1272530,,,,,,,,,,,,,,,,,,,,,,,,,,,,,,,,,,,,,,,,,,,,,,,,,TN
588,ce811b4b8e62538cba1620fbe1f66b6963a00103,0.15014687027043783,autoland,4768104,12,53390121d39b212135aaffcd577053a14c7f0dff,linux1804-64-shippable-qr,True,False,,,102210fe594ee9b33d82058545b1ed14f4c8206e,custom.jsdebugger.stepOut.DAMP,damp,True,damp custom.jsdebugger.stepOut.DAMP opt e10s fission stylo webrender,4767202,77,ms,firefox,,1725925891,2023-07-14 00:33:08,1272546,,,,,,,,,,,,,,,,,,,,,,,,,,,,,,,,,,,,,,,,,,,,,,,,,TN
589,196cda3a105202c8969a926a0637db0e0014c07d,0.15278594566042347,autoland,4768104,12,53390121d39b212135aaffcd577053a14c7f0dff,linux1804-64-shippable-qr,True,False,,,102210fe594ee9b33d82058545b1ed14f4c8206e,custom.jsdebugger.stepOut.DAMP,damp,True,damp custom.jsdebugger.stepOut.DAMP opt e10s fission stylo webrender,4767202,77,ms,firefox,,1725993014,2023-07-14 05:34:55,1272621,,,,,,,,,,,,,,,,,,,,,,,,,,,,,,,,,,,,,,,,,,,,,,,,,TN
590,2c2b2040f7a3a963eaf19ecd574a96682fb4e6c3,0.13405149565891494,autoland,4768104,12,53390121d39b212135aaffcd577053a14c7f0dff,linux1804-64-shippable-qr,True,False,,,102210fe594ee9b33d82058545b1ed14f4c8206e,custom.jsdebugger.stepOut.DAMP,damp,True,damp custom.jsdebugger.stepOut.DAMP opt e10s fission stylo webrender,4767202,77,ms,firefox,,1726130893,2023-07-14 08:41:57,1272676,,,,,,,,,,,,,,,,,,,,,,,,,,,,,,,,,,,,,,,,,,,,,,,,,TN
591,f04d14e8c457c340e7bb0c8955b7a42e3ed32c84,0.12513510307461706,autoland,4768104,12,53390121d39b212135aaffcd577053a14c7f0dff,linux1804-64-shippable-qr,True,False,,,102210fe594ee9b33d82058545b1ed14f4c8206e,custom.jsdebugger.stepOut.DAMP,damp,True,damp custom.jsdebugger.stepOut.DAMP opt e10s fission stylo webrender,4767202,77,ms,firefox,,1726188081,2023-07-14 12:49:37,1272721,,,,,,,,,,,,,,,,,,,,,,,,,,,,,,,,,,,,,,,,,,,,,,,,,TN
592,1b4f01ed349796fa5b5df3bb37f0e73fd9c21858,0.15098176450877054,autoland,4768104,12,53390121d39b212135aaffcd577053a14c7f0dff,linux1804-64-shippable-qr,True,False,,,102210fe594ee9b33d82058545b1ed14f4c8206e,custom.jsdebugger.stepOut.DAMP,damp,True,damp custom.jsdebugger.stepOut.DAMP opt e10s fission stylo webrender,4767202,77,ms,firefox,,1727352302,2023-07-14 13:57:08,1272760,,,,,,,,,,,,,,,,,,,,,,,,,,,,,,,,,,,,,,,,,,,,,,,,,TN
593,fd22ef44166c6450d6d1daf11541de3625fa4ef1,0.15262861950214757,autoland,4768104,12,53390121d39b212135aaffcd577053a14c7f0dff,linux1804-64-shippable-qr,True,False,,,102210fe594ee9b33d82058545b1ed14f4c8206e,custom.jsdebugger.stepOut.DAMP,damp,True,damp custom.jsdebugger.stepOut.DAMP opt e10s fission stylo webrender,4767202,77,ms,firefox,,1727353273,2023-07-14 13:57:56,1272761,,,,,,,,,,,,,,,,,,,,,,,,,,,,,,,,,,,,,,,,,,,,,,,,,TN
594,7af2b04879fca56da28646d4789eb82bb7a6b983,0.14805117197899742,autoland,4768104,12,53390121d39b212135aaffcd577053a14c7f0dff,linux1804-64-shippable-qr,True,False,,,102210fe594ee9b33d82058545b1ed14f4c8206e,custom.jsdebugger.stepOut.DAMP,damp,True,damp custom.jsdebugger.stepOut.DAMP opt e10s fission stylo webrender,4767202,77,ms,firefox,,1727352234,2023-07-14 14:06:14,1272766,,,,,,,,,,,,,,,,,,,,,,,,,,,,,,,,,,,,,,,,,,,,,,,,,TN
595,e1c387461f1491b8b63445d4505d5617392ed527,0.13564161010320075,autoland,4768104,12,53390121d39b212135aaffcd577053a14c7f0dff,linux1804-64-shippable-qr,True,False,,,102210fe594ee9b33d82058545b1ed14f4c8206e,custom.jsdebugger.stepOut.DAMP,damp,True,damp custom.jsdebugger.stepOut.DAMP opt e10s fission stylo webrender,4767202,77,ms,firefox,,1727352542,2023-07-14 14:36:12,1272773,,,,,,,,,,,,,,,,,,,,,,,,,,,,,,,,,,,,,,,,,,,,,,,,,TN
596,fa0b61933d0a1777839303bd86315c77a9e3095a,0.12107869331936305,autoland,4768104,12,53390121d39b212135aaffcd577053a14c7f0dff,linux1804-64-shippable-qr,True,False,,,102210fe594ee9b33d82058545b1ed14f4c8206e,custom.jsdebugger.stepOut.DAMP,damp,True,damp custom.jsdebugger.stepOut.DAMP opt e10s fission stylo webrender,4767202,77,ms,firefox,,1727352880,2023-07-14 14:50:30,1272781,,,,,,,,,,,,,,,,,,,,,,,,,,,,,,,,,,,,,,,,,,,,,,,,,TN
597,8b2d117f2a501b3fb047654b41b3f563057b3478,0.1279606866406935,autoland,4768104,12,53390121d39b212135aaffcd577053a14c7f0dff,linux1804-64-shippable-qr,True,False,,,102210fe594ee9b33d82058545b1ed14f4c8206e,custom.jsdebugger.stepOut.DAMP,damp,True,damp custom.jsdebugger.stepOut.DAMP opt e10s fission stylo webrender,4767202,77,ms,firefox,,1727352970,2023-07-14 15:08:26,1272785,,,,,,,,,,,,,,,,,,,,,,,,,,,,,,,,,,,,,,,,,,,,,,,,,TN
598,bd60ffa103f05c0f04d21fdc8e6561e16076b951,0.12951308533158268,autoland,4768104,12,53390121d39b212135aaffcd577053a14c7f0dff,linux1804-64-shippable-qr,True,False,,,102210fe594ee9b33d82058545b1ed14f4c8206e,custom.jsdebugger.stepOut.DAMP,damp,True,damp custom.jsdebugger.stepOut.DAMP opt e10s fission stylo webrender,4767202,77,ms,firefox,,1727352174,2023-07-14 15:49:04,1272815,,,,,,,,,,,,,,,,,,,,,,,,,,,,,,,,,,,,,,,,,,,,,,,,,TN
599,db50582c2b9f032cf0d70e4846d84dc16c8d3904,0.2105568283484769,autoland,4768104,12,53390121d39b212135aaffcd577053a14c7f0dff,linux1804-64-shippable-qr,True,False,,,102210fe594ee9b33d82058545b1ed14f4c8206e,custom.jsdebugger.stepOut.DAMP,damp,True,damp custom.jsdebugger.stepOut.DAMP opt e10s fission stylo webrender,4767202,77,ms,firefox,,1727353026,2023-07-14 15:56:36,1272821,,,,,,,,,,,,,,,,,,,,,,,,,,,,,,,,,,,,,,,,,,,,,,,,,TN
600,5a5f988799e8feb5b5b387fdb14557c4f44193a4,0.15879684417786644,autoland,4768104,12,53390121d39b212135aaffcd577053a14c7f0dff,linux1804-64-shippable-qr,True,False,,,102210fe594ee9b33d82058545b1ed14f4c8206e,custom.jsdebugger.stepOut.DAMP,damp,True,damp custom.jsdebugger.stepOut.DAMP opt e10s fission stylo webrender,4767202,77,ms,firefox,,1727352482,2023-07-14 16:09:20,1272831,,,,,,,,,,,,,,,,,,,,,,,,,,,,,,,,,,,,,,,,,,,,,,,,,TN
601,379fa15b7cfddd1f92027d8c39b32706dc0f59a8,0.14515276899041174,autoland,4768104,12,53390121d39b212135aaffcd577053a14c7f0dff,linux1804-64-shippable-qr,True,False,,,102210fe594ee9b33d82058545b1ed14f4c8206e,custom.jsdebugger.stepOut.DAMP,damp,True,damp custom.jsdebugger.stepOut.DAMP opt e10s fission stylo webrender,4767202,77,ms,firefox,,1726330507,2023-07-14 16:10:08,1272833,,,,,,,,,,,,,,,,,,,,,,,,,,,,,,,,,,,,,,,,,,,,,,,,,TN
602,66381e9aba980ca199dcb761bfd7fb0206ba4e24,0.11845749217604928,autoland,4768104,12,53390121d39b212135aaffcd577053a14c7f0dff,linux1804-64-shippable-qr,True,False,,,102210fe594ee9b33d82058545b1ed14f4c8206e,custom.jsdebugger.stepOut.DAMP,damp,True,damp custom.jsdebugger.stepOut.DAMP opt e10s fission stylo webrender,4767202,77,ms,firefox,,1727569488,2023-07-14 16:15:41,1272837,,,,,,,,,,,,,,,,,,,,,,,,,,,,,,,,,,,,,,,,,,,,,,,,,TN
603,c3e99cbcecea29f0e1b4738c16d14ead2ede1b64,0.14311956051604224,autoland,4768104,12,53390121d39b212135aaffcd577053a14c7f0dff,linux1804-64-shippable-qr,True,False,,,102210fe594ee9b33d82058545b1ed14f4c8206e,custom.jsdebugger.stepOut.DAMP,damp,True,damp custom.jsdebugger.stepOut.DAMP opt e10s fission stylo webrender,4767202,77,ms,firefox,,1727569151,2023-07-14 16:49:49,1272859,,,,,,,,,,,,,,,,,,,,,,,,,,,,,,,,,,,,,,,,,,,,,,,,,TN
604,509bf5b39d3fcc905b7c55a41b0d51371e17d2f5,0.1413904417613845,autoland,4768104,12,53390121d39b212135aaffcd577053a14c7f0dff,linux1804-64-shippable-qr,True,False,,,102210fe594ee9b33d82058545b1ed14f4c8206e,custom.jsdebugger.stepOut.DAMP,damp,True,damp custom.jsdebugger.stepOut.DAMP opt e10s fission stylo webrender,4767202,77,ms,firefox,,1727569034,2023-07-14 17:11:40,1272875,,,,,,,,,,,,,,,,,,,,,,,,,,,,,,,,,,,,,,,,,,,,,,,,,TN
605,8e6443a6bc1c94e716db3b2799299080a40e1a1a,0.13888428459511926,autoland,4768104,12,53390121d39b212135aaffcd577053a14c7f0dff,linux1804-64-shippable-qr,True,False,,,102210fe594ee9b33d82058545b1ed14f4c8206e,custom.jsdebugger.stepOut.DAMP,damp,True,damp custom.jsdebugger.stepOut.DAMP opt e10s fission stylo webrender,4767202,77,ms,firefox,,1727568971,2023-07-14 17:12:28,1272876,,,,,,,,,,,,,,,,,,,,,,,,,,,,,,,,,,,,,,,,,,,,,,,,,TN
606,402ffb463f6078f64e455077bdf19dcf705f6af0,0.14266664608258894,autoland,4768104,12,53390121d39b212135aaffcd577053a14c7f0dff,linux1804-64-shippable-qr,True,False,,,102210fe594ee9b33d82058545b1ed14f4c8206e,custom.jsdebugger.stepOut.DAMP,damp,True,damp custom.jsdebugger.stepOut.DAMP opt e10s fission stylo webrender,4767202,77,ms,firefox,,1727569844,2023-07-14 17:13:23,1272877,,,,,,,,,,,,,,,,,,,,,,,,,,,,,,,,,,,,,,,,,,,,,,,,,TN
607,dfdc3fbce9b4649556d9fc6bf5485e46a9e7f3e5,0.1701108707229675,autoland,4768104,12,53390121d39b212135aaffcd577053a14c7f0dff,linux1804-64-shippable-qr,True,False,,,102210fe594ee9b33d82058545b1ed14f4c8206e,custom.jsdebugger.stepOut.DAMP,damp,True,damp custom.jsdebugger.stepOut.DAMP opt e10s fission stylo webrender,4767202,77,ms,firefox,,1727569686,2023-07-14 17:17:22,1272880,,,,,,,,,,,,,,,,,,,,,,,,,,,,,,,,,,,,,,,,,,,,,,,,,TN
608,bc79dcb0f1f25b85e96d47abde770853be1a58c0,0.17237278659196487,autoland,4768104,12,53390121d39b212135aaffcd577053a14c7f0dff,linux1804-64-shippable-qr,True,False,,,102210fe594ee9b33d82058545b1ed14f4c8206e,custom.jsdebugger.stepOut.DAMP,damp,True,damp custom.jsdebugger.stepOut.DAMP opt e10s fission stylo webrender,4767202,77,ms,firefox,,1727569623,2023-07-14 17:49:39,1272891,,,,,,,,,,,,,,,,,,,,,,,,,,,,,,,,,,,,,,,,,,,,,,,,,TN
609,b0453b60b7d78b1d6309307712a9f382bce26d90,0.14085640716098857,autoland,4768104,12,53390121d39b212135aaffcd577053a14c7f0dff,linux1804-64-shippable-qr,True,False,,,102210fe594ee9b33d82058545b1ed14f4c8206e,custom.jsdebugger.stepOut.DAMP,damp,True,damp custom.jsdebugger.stepOut.DAMP opt e10s fission stylo webrender,4767202,77,ms,firefox,,1727354698,2023-07-14 17:52:43,1272894,,,,,,,,,,,,,,,,,,,,,,,,,,,,,,,,,,,,,,,,,,,,,,,,,TN
610,2aed50c0b2e6297a989f8c8e064ab107bb8c76e0,0.15741033717500974,autoland,4768104,12,53390121d39b212135aaffcd577053a14c7f0dff,linux1804-64-shippable-qr,True,False,,,102210fe594ee9b33d82058545b1ed14f4c8206e,custom.jsdebugger.stepOut.DAMP,damp,True,damp custom.jsdebugger.stepOut.DAMP opt e10s fission stylo webrender,4767202,77,ms,firefox,,1727354252,2023-07-14 17:56:47,1272897,,,,,,,,,,,,,,,,,,,,,,,,,,,,,,,,,,,,,,,,,,,,,,,,,TN
611,c7a65caa82deca3c2b78c8a92692d6e0bef32d73,0.16477712894934293,autoland,4768104,12,53390121d39b212135aaffcd577053a14c7f0dff,linux1804-64-shippable-qr,True,False,,,102210fe594ee9b33d82058545b1ed14f4c8206e,custom.jsdebugger.stepOut.DAMP,damp,True,damp custom.jsdebugger.stepOut.DAMP opt e10s fission stylo webrender,4767202,77,ms,firefox,,1727354557,2023-07-14 18:13:13,1272905,,,,,,,,,,,,,,,,,,,,,,,,,,,,,,,,,,,,,,,,,,,,,,,,,TN
612,51824a802d0d1658207fe47251c6984c4f8fdd8c,0.15102201286105466,autoland,4768104,12,53390121d39b212135aaffcd577053a14c7f0dff,linux1804-64-shippable-qr,True,False,,,102210fe594ee9b33d82058545b1ed14f4c8206e,custom.jsdebugger.stepOut.DAMP,damp,True,damp custom.jsdebugger.stepOut.DAMP opt e10s fission stylo webrender,4767202,77,ms,firefox,,1727353627,2023-07-14 18:48:02,1272920,,,,,,,,,,,,,,,,,,,,,,,,,,,,,,,,,,,,,,,,,,,,,,,,,TN
613,003ce7b1224fc9ff96afefd37d363060d267fead,0.13676465130639026,autoland,4768104,12,53390121d39b212135aaffcd577053a14c7f0dff,linux1804-64-shippable-qr,True,False,,,102210fe594ee9b33d82058545b1ed14f4c8206e,custom.jsdebugger.stepOut.DAMP,damp,True,damp custom.jsdebugger.stepOut.DAMP opt e10s fission stylo webrender,4767202,77,ms,firefox,,1727353475,2023-07-14 19:00:42,1272930,,,,,,,,,,,,,,,,,,,,,,,,,,,,,,,,,,,,,,,,,,,,,,,,,TN
614,24c8b8f78568c834303e1cf4674a33e80ae38895,0.162068966466286,autoland,4768104,12,53390121d39b212135aaffcd577053a14c7f0dff,linux1804-64-shippable-qr,True,False,,,102210fe594ee9b33d82058545b1ed14f4c8206e,custom.jsdebugger.stepOut.DAMP,damp,True,damp custom.jsdebugger.stepOut.DAMP opt e10s fission stylo webrender,4767202,77,ms,firefox,,1727354887,2023-07-14 19:13:44,1272934,,,,,,,,,,,,,,,,,,,,,,,,,,,,,,,,,,,,,,,,,,,,,,,,,TN
615,62c2c524d4420cd78abf41eb26c30ccfc4b8964a,0.14640900264141354,autoland,4768104,12,53390121d39b212135aaffcd577053a14c7f0dff,linux1804-64-shippable-qr,True,False,,,102210fe594ee9b33d82058545b1ed14f4c8206e,custom.jsdebugger.stepOut.DAMP,damp,True,damp custom.jsdebugger.stepOut.DAMP opt e10s fission stylo webrender,4767202,77,ms,firefox,,1727354412,2023-07-14 19:40:50,1272944,,,,,,,,,,,,,,,,,,,,,,,,,,,,,,,,,,,,,,,,,,,,,,,,,TN
616,72da4ec089de56dc3c3cdb69e879b66b5fd3a3ab,0.13148371357460475,autoland,4768104,12,53390121d39b212135aaffcd577053a14c7f0dff,linux1804-64-shippable-qr,True,False,,,102210fe594ee9b33d82058545b1ed14f4c8206e,custom.jsdebugger.stepOut.DAMP,damp,True,damp custom.jsdebugger.stepOut.DAMP opt e10s fission stylo webrender,4767202,77,ms,firefox,,1727354198,2023-07-14 19:47:06,1272947,,,,,,,,,,,,,,,,,,,,,,,,,,,,,,,,,,,,,,,,,,,,,,,,,TN
617,64cd73529e646b335c9a33a530b2480cd16fe2e1,0.15246659377812533,autoland,4768104,12,53390121d39b212135aaffcd577053a14c7f0dff,linux1804-64-shippable-qr,True,False,,,102210fe594ee9b33d82058545b1ed14f4c8206e,custom.jsdebugger.stepOut.DAMP,damp,True,damp custom.jsdebugger.stepOut.DAMP opt e10s fission stylo webrender,4767202,77,ms,firefox,,1727354980,2023-07-14 20:01:19,1272953,,,,,,,,,,,,,,,,,,,,,,,,,,,,,,,,,,,,,,,,,,,,,,,,,TN
618,f65db437bbbe4d54d073843c79519c0a373ada5c,0.1416646648967379,autoland,4768104,12,53390121d39b212135aaffcd577053a14c7f0dff,linux1804-64-shippable-qr,True,False,,,102210fe594ee9b33d82058545b1ed14f4c8206e,custom.jsdebugger.stepOut.DAMP,damp,True,damp custom.jsdebugger.stepOut.DAMP opt e10s fission stylo webrender,4767202,77,ms,firefox,,1726483425,2023-07-14 21:22:48,1272987,,,,,,,,,,,,,,,,,,,,,,,,,,,,,,,,,,,,,,,,,,,,,,,,,TN
619,1ea8c8f25503ca9e737f5c3aeb53dc186cd4007d,0.13226702784390865,autoland,4768104,12,53390121d39b212135aaffcd577053a14c7f0dff,linux1804-64-shippable-qr,True,False,,,102210fe594ee9b33d82058545b1ed14f4c8206e,custom.jsdebugger.stepOut.DAMP,damp,True,damp custom.jsdebugger.stepOut.DAMP opt e10s fission stylo webrender,4767202,77,ms,firefox,,1727355037,2023-07-14 21:39:18,1272996,,,,,,,,,,,,,,,,,,,,,,,,,,,,,,,,,,,,,,,,,,,,,,,,,TN
620,801cb21ffbb0369349041969a90f19a7f34172ec,0.12569016351211992,autoland,4768104,12,53390121d39b212135aaffcd577053a14c7f0dff,linux1804-64-shippable-qr,True,False,,,102210fe594ee9b33d82058545b1ed14f4c8206e,custom.jsdebugger.stepOut.DAMP,damp,True,damp custom.jsdebugger.stepOut.DAMP opt e10s fission stylo webrender,4767202,77,ms,firefox,,1727355387,2023-07-14 21:54:07,1273005,,,,,,,,,,,,,,,,,,,,,,,,,,,,,,,,,,,,,,,,,,,,,,,,,TN
621,2fa0f2941257f51a55bcabee0f1913fe395266b0,0.14941479517702527,autoland,4768104,12,53390121d39b212135aaffcd577053a14c7f0dff,linux1804-64-shippable-qr,True,False,,,102210fe594ee9b33d82058545b1ed14f4c8206e,custom.jsdebugger.stepOut.DAMP,damp,True,damp custom.jsdebugger.stepOut.DAMP opt e10s fission stylo webrender,4767202,77,ms,firefox,,1726498867,2023-07-14 22:30:09,1273018,,,,,,,,,,,,,,,,,,,,,,,,,,,,,,,,,,,,,,,,,,,,,,,,,TN
622,0f31967cea4431f8b06b7c61a027b0cea068aff7,0.1439159058960684,autoland,4768104,12,53390121d39b212135aaffcd577053a14c7f0dff,linux1804-64-shippable-qr,True,False,,,102210fe594ee9b33d82058545b1ed14f4c8206e,custom.jsdebugger.stepOut.DAMP,damp,True,damp custom.jsdebugger.stepOut.DAMP opt e10s fission stylo webrender,4767202,77,ms,firefox,,1727357889,2023-07-14 22:33:58,1273021,,,,,,,,,,,,,,,,,,,,,,,,,,,,,,,,,,,,,,,,,,,,,,,,,TN
623,8b8aad02afff4af4a1af8c56a4020f063b1c44a1,0.1293563096086363,autoland,4768104,12,53390121d39b212135aaffcd577053a14c7f0dff,linux1804-64-shippable-qr,True,False,,,102210fe594ee9b33d82058545b1ed14f4c8206e,custom.jsdebugger.stepOut.DAMP,damp,True,damp custom.jsdebugger.stepOut.DAMP opt e10s fission stylo webrender,4767202,77,ms,firefox,,1727357441,2023-07-14 22:53:55,1273029,,,,,,,,,,,,,,,,,,,,,,,,,,,,,,,,,,,,,,,,,,,,,,,,,TN
624,6e3ba05fc6fee94b3b47f0a80c4a4919d35a7ddc,0.14153255344833715,autoland,4768104,12,53390121d39b212135aaffcd577053a14c7f0dff,linux1804-64-shippable-qr,True,False,,,102210fe594ee9b33d82058545b1ed14f4c8206e,custom.jsdebugger.stepOut.DAMP,damp,True,damp custom.jsdebugger.stepOut.DAMP opt e10s fission stylo webrender,4767202,77,ms,firefox,,1727357825,2023-07-14 23:20:40,1273045,,,,,,,,,,,,,,,,,,,,,,,,,,,,,,,,,,,,,,,,,,,,,,,,,TN
625,88c664a821cb95e9a01684be29c10ea41bd90424,0.12623891182685387,autoland,4768104,12,53390121d39b212135aaffcd577053a14c7f0dff,linux1804-64-shippable-qr,True,False,,,102210fe594ee9b33d82058545b1ed14f4c8206e,custom.jsdebugger.stepOut.DAMP,damp,True,damp custom.jsdebugger.stepOut.DAMP opt e10s fission stylo webrender,4767202,77,ms,firefox,,1727383026,2023-07-14 23:31:36,1273047,,,,,,,,,,,,,,,,,,,,,,,,,,,,,,,,,,,,,,,,,,,,,,,,,TN
626,388c352ac4a399a6fdc710c67538089cd973a573,0.15323496581316642,autoland,4768104,12,53390121d39b212135aaffcd577053a14c7f0dff,linux1804-64-shippable-qr,True,False,,,102210fe594ee9b33d82058545b1ed14f4c8206e,custom.jsdebugger.stepOut.DAMP,damp,True,damp custom.jsdebugger.stepOut.DAMP opt e10s fission stylo webrender,4767202,77,ms,firefox,,1727357278,2023-07-14 23:37:39,1273048,,,,,,,,,,,,,,,,,,,,,,,,,,,,,,,,,,,,,,,,,,,,,,,,,TN
627,f33e293d8af18a6d253c5d9366bac09240e76e05,0.13488822501298703,autoland,4768104,12,53390121d39b212135aaffcd577053a14c7f0dff,linux1804-64-shippable-qr,True,False,,,102210fe594ee9b33d82058545b1ed14f4c8206e,custom.jsdebugger.stepOut.DAMP,damp,True,damp custom.jsdebugger.stepOut.DAMP opt e10s fission stylo webrender,4767202,77,ms,firefox,,1727361712,2023-07-14 23:52:57,1273053,,,,,,,,,,,,,,,,,,,,,,,,,,,,,,,,,,,,,,,,,,,,,,,,,TN
628,c1bdf8e1ddd719b8ac3c9092572ca54032952903,0.13609931700075095,autoland,4768104,12,53390121d39b212135aaffcd577053a14c7f0dff,linux1804-64-shippable-qr,True,False,,,102210fe594ee9b33d82058545b1ed14f4c8206e,custom.jsdebugger.stepOut.DAMP,damp,True,damp custom.jsdebugger.stepOut.DAMP opt e10s fission stylo webrender,4767202,77,ms,firefox,,1727355924,2023-07-15 00:36:20,1273061,,,,,,,,,,,,,,,,,,,,,,,,,,,,,,,,,,,,,,,,,,,,,,,,,TN
629,0d93fbc3ef11b2b3af8510af0ec0ad16172cd6fe,0.13529674544122106,autoland,4768104,12,53390121d39b212135aaffcd577053a14c7f0dff,linux1804-64-shippable-qr,True,False,,,102210fe594ee9b33d82058545b1ed14f4c8206e,custom.jsdebugger.stepOut.DAMP,damp,True,damp custom.jsdebugger.stepOut.DAMP opt e10s fission stylo webrender,4767202,77,ms,firefox,,1727355582,2023-07-15 00:46:42,1273065,,,,,,,,,,,,,,,,,,,,,,,,,,,,,,,,,,,,,,,,,,,,,,,,,TN
630,1e09c6aabfcd1088a923373e95d74f457e863755,0.1381601669692354,autoland,4768104,12,53390121d39b212135aaffcd577053a14c7f0dff,linux1804-64-shippable-qr,True,False,,,102210fe594ee9b33d82058545b1ed14f4c8206e,custom.jsdebugger.stepOut.DAMP,damp,True,damp custom.jsdebugger.stepOut.DAMP opt e10s fission stylo webrender,4767202,77,ms,firefox,,1726529116,2023-07-15 02:41:28,1273070,,,,,,,,,,,,,,,,,,,,,,,,,,,,,,,,,,,,,,,,,,,,,,,,,TN
631,3a71e5ba50017ceb558d246e6ea58f8d5a57a3af,0.13924022751444376,autoland,4768104,12,53390121d39b212135aaffcd577053a14c7f0dff,linux1804-64-shippable-qr,True,False,,,102210fe594ee9b33d82058545b1ed14f4c8206e,custom.jsdebugger.stepOut.DAMP,damp,True,damp custom.jsdebugger.stepOut.DAMP opt e10s fission stylo webrender,4767202,77,ms,firefox,,1726594020,2023-07-15 12:36:57,1273110,,,,,,,,,,,,,,,,,,,,,,,,,,,,,,,,,,,,,,,,,,,,,,,,,TN
632,23e9067195200f00248b6c027bfae113965bf3ea,0.15774255871363163,autoland,4768104,12,53390121d39b212135aaffcd577053a14c7f0dff,linux1804-64-shippable-qr,True,False,,,102210fe594ee9b33d82058545b1ed14f4c8206e,custom.jsdebugger.stepOut.DAMP,damp,True,damp custom.jsdebugger.stepOut.DAMP opt e10s fission stylo webrender,4767202,77,ms,firefox,,1726631634,2023-07-15 18:59:02,1273125,,,,,,,,,,,,,,,,,,,,,,,,,,,,,,,,,,,,,,,,,,,,,,,,,TN
633,29be5ceedcdd2e835a383389153d9264d9b81217,0.1367884780050621,autoland,4768104,12,53390121d39b212135aaffcd577053a14c7f0dff,linux1804-64-shippable-qr,True,False,,,102210fe594ee9b33d82058545b1ed14f4c8206e,custom.jsdebugger.stepOut.DAMP,damp,True,damp custom.jsdebugger.stepOut.DAMP opt e10s fission stylo webrender,4767202,77,ms,firefox,,1726681352,2023-07-16 02:22:04,1273151,,,,,,,,,,,,,,,,,,,,,,,,,,,,,,,,,,,,,,,,,,,,,,,,,TN
634,2d64faa1590722f6ec14781ee5e175a2c875171c,0.1476587761283017,autoland,4768104,12,53390121d39b212135aaffcd577053a14c7f0dff,linux1804-64-shippable-qr,True,False,,,102210fe594ee9b33d82058545b1ed14f4c8206e,custom.jsdebugger.stepOut.DAMP,damp,True,damp custom.jsdebugger.stepOut.DAMP opt e10s fission stylo webrender,4767202,77,ms,firefox,,1726778145,2023-07-16 17:40:24,1273186,,,,,,,,,,,,,,,,,,,,,,,,,,,,,,,,,,,,,,,,,,,,,,,,,TN
635,ef60c7cdcb76172f1caf579529cf9fb756de4dbd,0.14575233322208914,autoland,4768104,12,53390121d39b212135aaffcd577053a14c7f0dff,linux1804-64-shippable-qr,True,False,,,102210fe594ee9b33d82058545b1ed14f4c8206e,custom.jsdebugger.stepOut.DAMP,damp,True,damp custom.jsdebugger.stepOut.DAMP opt e10s fission stylo webrender,4767202,77,ms,firefox,,1726901435,2023-07-17 10:08:58,1273362,,,,,,,,,,,,,,,,,,,,,,,,,,,,,,,,,,,,,,,,,,,,,,,,,TN
636,e90e64d1c5a944feafdb48fe3527c9aeeac00ec9,0.15377618389353653,autoland,4768104,12,53390121d39b212135aaffcd577053a14c7f0dff,linux1804-64-shippable-qr,True,False,,,102210fe594ee9b33d82058545b1ed14f4c8206e,custom.jsdebugger.stepOut.DAMP,damp,True,damp custom.jsdebugger.stepOut.DAMP opt e10s fission stylo webrender,4767202,77,ms,firefox,,1726968310,2023-07-17 14:30:30,1273474,,,,,,,,,,,,,,,,,,,,,,,,,,,,,,,,,,,,,,,,,,,,,,,,,TN
637,01dc0385e5b93df37aef43d60cd1105523eae328,0.16359912965396517,autoland,4768104,12,53390121d39b212135aaffcd577053a14c7f0dff,linux1804-64-shippable-qr,True,False,,,102210fe594ee9b33d82058545b1ed14f4c8206e,custom.jsdebugger.stepOut.DAMP,damp,True,damp custom.jsdebugger.stepOut.DAMP opt e10s fission stylo webrender,4767202,77,ms,firefox,,1727043018,2023-07-17 16:07:24,1273529,,,,,,,,,,,,,,,,,,,,,,,,,,,,,,,,,,,,,,,,,,,,,,,,,TN
638,f2c1249026167b30c81eff3368093a442a915826,0.1511413758681357,autoland,4768104,12,53390121d39b212135aaffcd577053a14c7f0dff,linux1804-64-shippable-qr,True,False,,,102210fe594ee9b33d82058545b1ed14f4c8206e,custom.jsdebugger.stepOut.DAMP,damp,True,damp custom.jsdebugger.stepOut.DAMP opt e10s fission stylo webrender,4767202,77,ms,firefox,,1727156050,2023-07-17 20:04:09,1273673,,,,,,,,,,,,,,,,,,,,,,,,,,,,,,,,,,,,,,,,,,,,,,,,,TN
639,bbea40f618ed9435d7c989dcb18dc1ba34d55d4c,0.13843756951482922,autoland,4768104,12,53390121d39b212135aaffcd577053a14c7f0dff,linux1804-64-shippable-qr,True,False,,,102210fe594ee9b33d82058545b1ed14f4c8206e,custom.jsdebugger.stepOut.DAMP,damp,True,damp custom.jsdebugger.stepOut.DAMP opt e10s fission stylo webrender,4767202,77,ms,firefox,,1727215757,2023-07-17 23:40:15,1273797,,,,,,,,,,,,,,,,,,,,,,,,,,,,,,,,,,,,,,,,,,,,,,,,,TN
640,35e42e5979dac0b99828194869d5dc00365b37fb,0.15774402223589612,autoland,4768104,12,53390121d39b212135aaffcd577053a14c7f0dff,linux1804-64-shippable-qr,True,False,,,102210fe594ee9b33d82058545b1ed14f4c8206e,custom.jsdebugger.stepOut.DAMP,damp,True,damp custom.jsdebugger.stepOut.DAMP opt e10s fission stylo webrender,4767202,77,ms,firefox,,1727305016,2023-07-18 04:33:35,1273869,,,,,,,,,,,,,,,,,,,,,,,,,,,,,,,,,,,,,,,,,,,,,,,,,TN
641,ff623ceacdca87e37ceaa8e2d7f2072d5a7ae7fb,0.18272802821297596,autoland,4768104,12,53390121d39b212135aaffcd577053a14c7f0dff,linux1804-64-shippable-qr,True,False,,,102210fe594ee9b33d82058545b1ed14f4c8206e,custom.jsdebugger.stepOut.DAMP,damp,True,damp custom.jsdebugger.stepOut.DAMP opt e10s fission stylo webrender,4767202,77,ms,firefox,,1727452155,2023-07-18 08:33:44,1273935,,,,,,,,,,,,,,,,,,,,,,,,,,,,,,,,,,,,,,,,,,,,,,,,,TN
642,ed8bcaa0195e582a53b92eeac99b65a9c1f06da2,0.15000072470679937,autoland,4768104,12,53390121d39b212135aaffcd577053a14c7f0dff,linux1804-64-shippable-qr,True,False,,,102210fe594ee9b33d82058545b1ed14f4c8206e,custom.jsdebugger.stepOut.DAMP,damp,True,damp custom.jsdebugger.stepOut.DAMP opt e10s fission stylo webrender,4767202,77,ms,firefox,,1727469568,2023-07-18 08:34:31,1273936,,,,,,,,,,,,,,,,,,,,,,,,,,,,,,,,,,,,,,,,,,,,,,,,,TN
643,bcffaa369c722f4ebfa7cb8af6a3fc605e2efa10,0.1552347492476882,autoland,4768104,12,53390121d39b212135aaffcd577053a14c7f0dff,linux1804-64-shippable-qr,True,False,,,102210fe594ee9b33d82058545b1ed14f4c8206e,custom.jsdebugger.stepOut.DAMP,damp,True,damp custom.jsdebugger.stepOut.DAMP opt e10s fission stylo webrender,4767202,77,ms,firefox,,1727539052,2023-07-18 13:03:29,1274068,,,,,,,,,,,,,,,,,,,,,,,,,,,,,,,,,,,,,,,,,,,,,,,,,TN
644,0de8fdd9abfcc9f9019857d255157b5eb799f98b,0.12032635942159464,autoland,4768104,12,53390121d39b212135aaffcd577053a14c7f0dff,linux1804-64-shippable-qr,True,False,,,102210fe594ee9b33d82058545b1ed14f4c8206e,custom.jsdebugger.stepOut.DAMP,damp,True,damp custom.jsdebugger.stepOut.DAMP opt e10s fission stylo webrender,4767202,77,ms,firefox,,1727564225,2023-07-18 13:45:23,1274096,,,,,,,,,,,,,,,,,,,,,,,,,,,,,,,,,,,,,,,,,,,,,,,,,TN
645,9330f8cb5765b67a89ac1427300f344a63d42cdc,0.15844927900430572,autoland,4768104,12,53390121d39b212135aaffcd577053a14c7f0dff,linux1804-64-shippable-qr,True,False,,,102210fe594ee9b33d82058545b1ed14f4c8206e,custom.jsdebugger.stepOut.DAMP,damp,True,damp custom.jsdebugger.stepOut.DAMP opt e10s fission stylo webrender,4767202,77,ms,firefox,,1727670471,2023-07-18 17:24:29,1274230,,,,,,,,,,,,,,,,,,,,,,,,,,,,,,,,,,,,,,,,,,,,,,,,,TN
646,639c99080115f5621eab7d6da034078002758d48,0.2243619664947616,autoland,4768104,12,53390121d39b212135aaffcd577053a14c7f0dff,linux1804-64-shippable-qr,True,False,,,102210fe594ee9b33d82058545b1ed14f4c8206e,custom.jsdebugger.stepOut.DAMP,damp,True,damp custom.jsdebugger.stepOut.DAMP opt e10s fission stylo webrender,4767202,77,ms,firefox,,1729424985,2023-07-18 19:32:53,1274304,,,,,,,,,,,,,,,,,,,,,,,,,,,,,,,,,,,,,,,,,,,,,,,,,TN
647,5c2dfb963d765a8b476ec6b07e2f8c7eb46d1131,0.17450402770863382,autoland,4768104,12,53390121d39b212135aaffcd577053a14c7f0dff,linux1804-64-shippable-qr,True,False,,,102210fe594ee9b33d82058545b1ed14f4c8206e,custom.jsdebugger.stepOut.DAMP,damp,True,damp custom.jsdebugger.stepOut.DAMP opt e10s fission stylo webrender,4767202,77,ms,firefox,,1729424851,2023-07-18 19:37:03,1274306,,,,,,,,,,,,,,,,,,,,,,,,,,,,,,,,,,,,,,,,,,,,,,,,,TN
648,8bc28a63613bc7890313c6b9540ccbcadc272f0c,0.1533620418706143,autoland,4768104,12,53390121d39b212135aaffcd577053a14c7f0dff,linux1804-64-shippable-qr,True,False,,,102210fe594ee9b33d82058545b1ed14f4c8206e,custom.jsdebugger.stepOut.DAMP,damp,True,damp custom.jsdebugger.stepOut.DAMP opt e10s fission stylo webrender,4767202,77,ms,firefox,,1729427214,2023-07-18 19:55:09,1274316,,,,,,,,,,,,,,,,,,,,,,,,,,,,,,,,,,,,,,,,,,,,,,,,,TN
649,9ba85cef09c5145de6474fc7837ffb79f1707e39,0.15581451469587848,autoland,4768104,12,53390121d39b212135aaffcd577053a14c7f0dff,linux1804-64-shippable-qr,True,False,,,102210fe594ee9b33d82058545b1ed14f4c8206e,custom.jsdebugger.stepOut.DAMP,damp,True,damp custom.jsdebugger.stepOut.DAMP opt e10s fission stylo webrender,4767202,77,ms,firefox,,1729424927,2023-07-18 20:02:13,1274318,,,,,,,,,,,,,,,,,,,,,,,,,,,,,,,,,,,,,,,,,,,,,,,,,TN
650,b59d0cee3f2d183fecb1441c75e749c17b52da50,0.15721500116783438,autoland,4768104,12,53390121d39b212135aaffcd577053a14c7f0dff,linux1804-64-shippable-qr,True,False,,,102210fe594ee9b33d82058545b1ed14f4c8206e,custom.jsdebugger.stepOut.DAMP,damp,True,damp custom.jsdebugger.stepOut.DAMP opt e10s fission stylo webrender,4767202,77,ms,firefox,,1729427098,2023-07-18 20:10:15,1274322,,,,,,,,,,,,,,,,,,,,,,,,,,,,,,,,,,,,,,,,,,,,,,,,,TN
651,79649c51aca313eafafcd0a69b5fc8e8298402f3,0.16094521734758493,autoland,4768104,12,53390121d39b212135aaffcd577053a14c7f0dff,linux1804-64-shippable-qr,True,False,,,102210fe594ee9b33d82058545b1ed14f4c8206e,custom.jsdebugger.stepOut.DAMP,damp,True,damp custom.jsdebugger.stepOut.DAMP opt e10s fission stylo webrender,4767202,77,ms,firefox,,1729426934,2023-07-18 20:17:14,1274325,,,,,,,,,,,,,,,,,,,,,,,,,,,,,,,,,,,,,,,,,,,,,,,,,TN
652,6d05dd819d849baa10e8821857b751db987f2d30,0.2119051506349594,autoland,4768104,12,53390121d39b212135aaffcd577053a14c7f0dff,linux1804-64-shippable-qr,True,False,,,102210fe594ee9b33d82058545b1ed14f4c8206e,custom.jsdebugger.stepOut.DAMP,damp,True,damp custom.jsdebugger.stepOut.DAMP opt e10s fission stylo webrender,4767202,77,ms,firefox,,1729427388,2023-07-18 20:46:23,1274337,,,,,,,,,,,,,,,,,,,,,,,,,,,,,,,,,,,,,,,,,,,,,,,,,TN
653,5b3ec632a18a88258e5940d08a620eefb82ac7e7,0.17187396594649162,autoland,4768104,12,53390121d39b212135aaffcd577053a14c7f0dff,linux1804-64-shippable-qr,True,False,,,102210fe594ee9b33d82058545b1ed14f4c8206e,custom.jsdebugger.stepOut.DAMP,damp,True,damp custom.jsdebugger.stepOut.DAMP opt e10s fission stylo webrender,4767202,77,ms,firefox,,1729425216,2023-07-18 20:48:43,1274340,,,,,,,,,,,,,,,,,,,,,,,,,,,,,,,,,,,,,,,,,,,,,,,,,TN
654,e5e01fed3c58e981597f5287d0146efa1de67ec3,0.16064222253715088,autoland,4768104,12,53390121d39b212135aaffcd577053a14c7f0dff,linux1804-64-shippable-qr,True,False,,,102210fe594ee9b33d82058545b1ed14f4c8206e,custom.jsdebugger.stepOut.DAMP,damp,True,damp custom.jsdebugger.stepOut.DAMP opt e10s fission stylo webrender,4767202,77,ms,firefox,,1729427468,2023-07-18 21:17:44,1274362,,,,,,,,,,,,,,,,,,,,,,,,,,,,,,,,,,,,,,,,,,,,,,,,,TN
655,b39dcefbe15f24fbf00da64782588b71ef8277a6,0.193591281955513,autoland,4768104,12,53390121d39b212135aaffcd577053a14c7f0dff,linux1804-64-shippable-qr,True,False,,,102210fe594ee9b33d82058545b1ed14f4c8206e,custom.jsdebugger.stepOut.DAMP,damp,True,damp custom.jsdebugger.stepOut.DAMP opt e10s fission stylo webrender,4767202,77,ms,firefox,,1727835766,2023-07-18 22:22:09,1274408,,,,,,,,,,,,,,,,,,,,,,,,,,,,,,,,,,,,,,,,,,,,,,,,,TN
656,5a81ad4ed7c9f25897ba335fba2c1ab5a854e607,0.09781622966170667,autoland,4768104,12,53390121d39b212135aaffcd577053a14c7f0dff,linux1804-64-shippable-qr,True,False,,,102210fe594ee9b33d82058545b1ed14f4c8206e,custom.jsdebugger.stepOut.DAMP,damp,True,damp custom.jsdebugger.stepOut.DAMP opt e10s fission stylo webrender,4767202,77,ms,firefox,,1729427640,2023-07-18 22:47:54,1274421,,,,,,,,,,,,,,,,,,,,,,,,,,,,,,,,,,,,,,,,,,,,,,,,,TN
657,908018a8ec5d8a5be67c91ee11877c947b354421,0.09560220564588695,autoland,4768104,12,53390121d39b212135aaffcd577053a14c7f0dff,linux1804-64-shippable-qr,True,False,,,102210fe594ee9b33d82058545b1ed14f4c8206e,custom.jsdebugger.stepOut.DAMP,damp,True,damp custom.jsdebugger.stepOut.DAMP opt e10s fission stylo webrender,4767202,77,ms,firefox,,1729427521,2023-07-18 23:10:53,1274434,,,,,,,,,,,,,,,,,,,,,,,,,,,,,,,,,,,,,,,,,,,,,,,,,TN
658,09397da6273aba1cbc94f88577a1a600f77a0b1b,0.09731959883500974,autoland,4768104,12,53390121d39b212135aaffcd577053a14c7f0dff,linux1804-64-shippable-qr,True,False,,,102210fe594ee9b33d82058545b1ed14f4c8206e,custom.jsdebugger.stepOut.DAMP,damp,True,damp custom.jsdebugger.stepOut.DAMP opt e10s fission stylo webrender,4767202,77,ms,firefox,,1729425294,2023-07-18 23:19:41,1274441,,,,,,,,,,,,,,,,,,,,,,,,,,,,,,,,,,,,,,,,,,,,,,,,,TN
659,a8acb9b8880c2f1c2cf5891e5a20997a21d9d909,0.09162094323751213,autoland,4768104,12,53390121d39b212135aaffcd577053a14c7f0dff,linux1804-64-shippable-qr,True,False,,,102210fe594ee9b33d82058545b1ed14f4c8206e,custom.jsdebugger.stepOut.DAMP,damp,True,damp custom.jsdebugger.stepOut.DAMP opt e10s fission stylo webrender,4767202,77,ms,firefox,,1727861891,2023-07-18 23:34:55,1274454,514.48,mozilla-ldap/jdescottes@mozilla.com,b39dcefbe15f24fbf00da64782588b71ef8277a6,39099.0,4.19,536.96,2023-07-24 07:58:28.860110,12.0,12.0,,|178881|178882|,,1274408.0,4.0,4.0,mozilla-ldap/jdescottes@mozilla.com,,,2023-07-27 22:19:48.115317,,1.0,-22.49,178876.0,,,39099.0,,False,False,jdescottes@mozilla.com,,,jdescottes@mozilla.com,2023-07-20 22:19:48.115317,,,OK,,,,,False,,11.47,damp,,,2023-07-25 22:19:48.115317,TP
660,0b97cab3589695a524a8f0b584adcfb4b3d8c0c6,0.10075458988804309,autoland,4768104,12,53390121d39b212135aaffcd577053a14c7f0dff,linux1804-64-shippable-qr,True,False,,,102210fe594ee9b33d82058545b1ed14f4c8206e,custom.jsdebugger.stepOut.DAMP,damp,True,damp custom.jsdebugger.stepOut.DAMP opt e10s fission stylo webrender,4767202,77,ms,firefox,,1729427872,2023-07-19 00:13:21,1274477,,,,,,,,,,,,,,,,,,,,,,,,,,,,,,,,,,,,,,,,,,,,,,,,,TN
661,58c769d5be44e325f145235d5b7732224b6fcb96,0.09451252241706287,autoland,4768104,12,53390121d39b212135aaffcd577053a14c7f0dff,linux1804-64-shippable-qr,True,False,,,102210fe594ee9b33d82058545b1ed14f4c8206e,custom.jsdebugger.stepOut.DAMP,damp,True,damp custom.jsdebugger.stepOut.DAMP opt e10s fission stylo webrender,4767202,77,ms,firefox,,1729425375,2023-07-19 00:48:10,1274499,,,,,,,,,,,,,,,,,,,,,,,,,,,,,,,,,,,,,,,,,,,,,,,,,TN
662,4e8a16e5db7e3568cf51b2c3505c2b2c8d293845,0.07524385698609926,autoland,4768104,12,53390121d39b212135aaffcd577053a14c7f0dff,linux1804-64-shippable-qr,True,False,,,102210fe594ee9b33d82058545b1ed14f4c8206e,custom.jsdebugger.stepOut.DAMP,damp,True,damp custom.jsdebugger.stepOut.DAMP opt e10s fission stylo webrender,4767202,77,ms,firefox,,1729423723,2023-07-19 01:07:38,1274507,,,,,,,,,,,,,,,,,,,,,,,,,,,,,,,,,,,,,,,,,,,,,,,,,TN
663,15068a96e05b898fd30930ec7a855c74d67ae3ef,0.10171788261970627,autoland,4768104,12,53390121d39b212135aaffcd577053a14c7f0dff,linux1804-64-shippable-qr,True,False,,,102210fe594ee9b33d82058545b1ed14f4c8206e,custom.jsdebugger.stepOut.DAMP,damp,True,damp custom.jsdebugger.stepOut.DAMP opt e10s fission stylo webrender,4767202,77,ms,firefox,,1729425535,2023-07-19 02:46:40,1274540,,,,,,,,,,,,,,,,,,,,,,,,,,,,,,,,,,,,,,,,,,,,,,,,,TN
664,8a84e76f7bb027d6c478b9888c4429249c2d3ede,0.10566672696685675,autoland,4768104,12,53390121d39b212135aaffcd577053a14c7f0dff,linux1804-64-shippable-qr,True,False,,,102210fe594ee9b33d82058545b1ed14f4c8206e,custom.jsdebugger.stepOut.DAMP,damp,True,damp custom.jsdebugger.stepOut.DAMP opt e10s fission stylo webrender,4767202,77,ms,firefox,,1729425597,2023-07-19 02:54:28,1274544,,,,,,,,,,,,,,,,,,,,,,,,,,,,,,,,,,,,,,,,,,,,,,,,,TN
665,4f35a86f6d3c259fe9b102e0a4d576139b8da196,0.09878275048838114,autoland,4768104,12,53390121d39b212135aaffcd577053a14c7f0dff,linux1804-64-shippable-qr,True,False,,,102210fe594ee9b33d82058545b1ed14f4c8206e,custom.jsdebugger.stepOut.DAMP,damp,True,damp custom.jsdebugger.stepOut.DAMP opt e10s fission stylo webrender,4767202,77,ms,firefox,,1729425995,2023-07-19 03:00:09,1274546,,,,,,,,,,,,,,,,,,,,,,,,,,,,,,,,,,,,,,,,,,,,,,,,,TN
666,49a85b3b07e07c1158f9cb0c1f58b67fc2d659f7,0.09862711339170804,autoland,4768104,12,53390121d39b212135aaffcd577053a14c7f0dff,linux1804-64-shippable-qr,True,False,,,102210fe594ee9b33d82058545b1ed14f4c8206e,custom.jsdebugger.stepOut.DAMP,damp,True,damp custom.jsdebugger.stepOut.DAMP opt e10s fission stylo webrender,4767202,77,ms,firefox,,1727957707,2023-07-19 05:12:28,1274587,,,,,,,,,,,,,,,,,,,,,,,,,,,,,,,,,,,,,,,,,,,,,,,,,TN
667,1cf8313960e05bdb275686050a6107138c0255c9,0.08782657550226913,autoland,4768104,12,53390121d39b212135aaffcd577053a14c7f0dff,linux1804-64-shippable-qr,True,False,,,102210fe594ee9b33d82058545b1ed14f4c8206e,custom.jsdebugger.stepOut.DAMP,damp,True,damp custom.jsdebugger.stepOut.DAMP opt e10s fission stylo webrender,4767202,77,ms,firefox,,1729445103,2023-07-19 06:27:00,1274610,,,,,,,,,,,,,,,,,,,,,,,,,,,,,,,,,,,,,,,,,,,,,,,,,TN
668,70689849faf4aa242e90e439cf705f0bf8caca1d,0.09531975876733312,autoland,4768104,12,53390121d39b212135aaffcd577053a14c7f0dff,linux1804-64-shippable-qr,True,False,,,102210fe594ee9b33d82058545b1ed14f4c8206e,custom.jsdebugger.stepOut.DAMP,damp,True,damp custom.jsdebugger.stepOut.DAMP opt e10s fission stylo webrender,4767202,77,ms,firefox,,1729444527,2023-07-19 07:00:12,1274617,,,,,,,,,,,,,,,,,,,,,,,,,,,,,,,,,,,,,,,,,,,,,,,,,TN
669,2bee80417e296d51f94a3bdcc2369c1503c8e922,0.09217297230611554,autoland,4768104,12,53390121d39b212135aaffcd577053a14c7f0dff,linux1804-64-shippable-qr,True,False,,,102210fe594ee9b33d82058545b1ed14f4c8206e,custom.jsdebugger.stepOut.DAMP,damp,True,damp custom.jsdebugger.stepOut.DAMP opt e10s fission stylo webrender,4767202,77,ms,firefox,,1729511473,2023-07-19 07:50:42,1274633,,,,,,,,,,,,,,,,,,,,,,,,,,,,,,,,,,,,,,,,,,,,,,,,,TN
670,07db81a59a6b98008e8f6016e2c1fde1af85b9fa,0.10236100179019214,autoland,4768104,12,53390121d39b212135aaffcd577053a14c7f0dff,linux1804-64-shippable-qr,True,False,,,102210fe594ee9b33d82058545b1ed14f4c8206e,custom.jsdebugger.stepOut.DAMP,damp,True,damp custom.jsdebugger.stepOut.DAMP opt e10s fission stylo webrender,4767202,77,ms,firefox,,1729447196,2023-07-19 07:51:44,1274634,,,,,,,,,,,,,,,,,,,,,,,,,,,,,,,,,,,,,,,,,,,,,,,,,TN
671,532ac41f7d998c8f0fe20091062a8f68075306e3,0.09190911504153743,autoland,4768104,12,53390121d39b212135aaffcd577053a14c7f0dff,linux1804-64-shippable-qr,True,False,,,102210fe594ee9b33d82058545b1ed14f4c8206e,custom.jsdebugger.stepOut.DAMP,damp,True,damp custom.jsdebugger.stepOut.DAMP opt e10s fission stylo webrender,4767202,77,ms,firefox,,1729446597,2023-07-19 07:52:56,1274636,,,,,,,,,,,,,,,,,,,,,,,,,,,,,,,,,,,,,,,,,,,,,,,,,TN
672,74523414c36e1767ea1ccc71e741e50c426da9b8,0.10396490493900612,autoland,4768104,12,53390121d39b212135aaffcd577053a14c7f0dff,linux1804-64-shippable-qr,True,False,,,102210fe594ee9b33d82058545b1ed14f4c8206e,custom.jsdebugger.stepOut.DAMP,damp,True,damp custom.jsdebugger.stepOut.DAMP opt e10s fission stylo webrender,4767202,77,ms,firefox,,1729445001,2023-07-19 07:59:16,1274640,,,,,,,,,,,,,,,,,,,,,,,,,,,,,,,,,,,,,,,,,,,,,,,,,TN
673,6484963d662a425076d3b01e8f300c06b687e61d,0.10672672543371631,autoland,4768104,12,53390121d39b212135aaffcd577053a14c7f0dff,linux1804-64-shippable-qr,True,False,,,102210fe594ee9b33d82058545b1ed14f4c8206e,custom.jsdebugger.stepOut.DAMP,damp,True,damp custom.jsdebugger.stepOut.DAMP opt e10s fission stylo webrender,4767202,77,ms,firefox,,1729446032,2023-07-19 08:00:14,1274642,,,,,,,,,,,,,,,,,,,,,,,,,,,,,,,,,,,,,,,,,,,,,,,,,TN
674,ca34c6c945f979f0bb63b10d8dd18bf89a7a1cb6,0.09802348050862841,autoland,4768104,12,53390121d39b212135aaffcd577053a14c7f0dff,linux1804-64-shippable-qr,True,False,,,102210fe594ee9b33d82058545b1ed14f4c8206e,custom.jsdebugger.stepOut.DAMP,damp,True,damp custom.jsdebugger.stepOut.DAMP opt e10s fission stylo webrender,4767202,77,ms,firefox,,1729445393,2023-07-19 08:10:02,1274644,,,,,,,,,,,,,,,,,,,,,,,,,,,,,,,,,,,,,,,,,,,,,,,,,TN
675,a62ecca2aaf072e8022a1b6e6f5d58d9c1024f8b,0.10241249929312235,autoland,4768104,12,53390121d39b212135aaffcd577053a14c7f0dff,linux1804-64-shippable-qr,True,False,,,102210fe594ee9b33d82058545b1ed14f4c8206e,custom.jsdebugger.stepOut.DAMP,damp,True,damp custom.jsdebugger.stepOut.DAMP opt e10s fission stylo webrender,4767202,77,ms,firefox,,1729444840,2023-07-19 08:11:29,1274645,,,,,,,,,,,,,,,,,,,,,,,,,,,,,,,,,,,,,,,,,,,,,,,,,TN
676,140d21dede36ec0333dbfd36cf0d1320eee6cba4,0.09529417941880403,autoland,4768104,12,53390121d39b212135aaffcd577053a14c7f0dff,linux1804-64-shippable-qr,True,False,,,102210fe594ee9b33d82058545b1ed14f4c8206e,custom.jsdebugger.stepOut.DAMP,damp,True,damp custom.jsdebugger.stepOut.DAMP opt e10s fission stylo webrender,4767202,77,ms,firefox,,1728045502,2023-07-19 08:12:16,1274646,,,,,,,,,,,,,,,,,,,,,,,,,,,,,,,,,,,,,,,,,,,,,,,,,TN
677,b8d9ace4647851e162743362d884084c81a969ab,0.10659052546244818,autoland,4768104,12,53390121d39b212135aaffcd577053a14c7f0dff,linux1804-64-shippable-qr,True,False,,,102210fe594ee9b33d82058545b1ed14f4c8206e,custom.jsdebugger.stepOut.DAMP,damp,True,damp custom.jsdebugger.stepOut.DAMP opt e10s fission stylo webrender,4767202,77,ms,firefox,,1728265043,2023-07-19 12:13:12,1274744,,,,,,,,,,,,,,,,,,,,,,,,,,,,,,,,,,,,,,,,,,,,,,,,,TN
678,c1d9936545b5ba143392d27280eb1d56af5ac580,0.09294569417162024,autoland,4768104,12,53390121d39b212135aaffcd577053a14c7f0dff,linux1804-64-shippable-qr,True,False,,,102210fe594ee9b33d82058545b1ed14f4c8206e,custom.jsdebugger.stepOut.DAMP,damp,True,damp custom.jsdebugger.stepOut.DAMP opt e10s fission stylo webrender,4767202,77,ms,firefox,,1728350162,2023-07-19 14:37:00,1274851,,,,,,,,,,,,,,,,,,,,,,,,,,,,,,,,,,,,,,,,,,,,,,,,,TN
679,a4cb1e2b9e3d0583fb35c77b1b5a61823240d23a,0.09527093196888758,autoland,4768104,12,53390121d39b212135aaffcd577053a14c7f0dff,linux1804-64-shippable-qr,True,False,,,102210fe594ee9b33d82058545b1ed14f4c8206e,custom.jsdebugger.stepOut.DAMP,damp,True,damp custom.jsdebugger.stepOut.DAMP opt e10s fission stylo webrender,4767202,77,ms,firefox,,1728624490,2023-07-19 18:46:51,1275034,,,,,,,,,,,,,,,,,,,,,,,,,,,,,,,,,,,,,,,,,,,,,,,,,TN
680,6241c913f7006b072cec8d37a25610a86759a7c5,0.11090149370120916,autoland,4768104,12,53390121d39b212135aaffcd577053a14c7f0dff,linux1804-64-shippable-qr,True,False,,,102210fe594ee9b33d82058545b1ed14f4c8206e,custom.jsdebugger.stepOut.DAMP,damp,True,damp custom.jsdebugger.stepOut.DAMP opt e10s fission stylo webrender,4767202,77,ms,firefox,,1729977584,2023-07-19 21:14:31,1275135,,,,,,,,,,,,,,,,,,,,,,,,,,,,,,,,,,,,,,,,,,,,,,,,,TN
681,647d7e699887cc4e03192697d5c42dd88073bb34,0.1005720818073681,autoland,4768104,12,53390121d39b212135aaffcd577053a14c7f0dff,linux1804-64-shippable-qr,True,False,,,102210fe594ee9b33d82058545b1ed14f4c8206e,custom.jsdebugger.stepOut.DAMP,damp,True,damp custom.jsdebugger.stepOut.DAMP opt e10s fission stylo webrender,4767202,77,ms,firefox,,1729976532,2023-07-19 21:15:34,1275138,,,,,,,,,,,,,,,,,,,,,,,,,,,,,,,,,,,,,,,,,,,,,,,,,TN
682,0b4c8765c9ed1218b0bc3381cdd727d1d3b21b52,0.10381513981557533,autoland,4768104,12,53390121d39b212135aaffcd577053a14c7f0dff,linux1804-64-shippable-qr,True,False,,,102210fe594ee9b33d82058545b1ed14f4c8206e,custom.jsdebugger.stepOut.DAMP,damp,True,damp custom.jsdebugger.stepOut.DAMP opt e10s fission stylo webrender,4767202,77,ms,firefox,,1729979051,2023-07-19 21:16:22,1275139,,,,,,,,,,,,,,,,,,,,,,,,,,,,,,,,,,,,,,,,,,,,,,,,,TN
683,38f32e096d8bd987d16a82e9159b1df38570caca,0.10426020060900454,autoland,4768104,12,53390121d39b212135aaffcd577053a14c7f0dff,linux1804-64-shippable-qr,True,False,,,102210fe594ee9b33d82058545b1ed14f4c8206e,custom.jsdebugger.stepOut.DAMP,damp,True,damp custom.jsdebugger.stepOut.DAMP opt e10s fission stylo webrender,4767202,77,ms,firefox,,1729957851,2023-07-19 21:17:28,1275140,,,,,,,,,,,,,,,,,,,,,,,,,,,,,,,,,,,,,,,,,,,,,,,,,TN
684,00d95f0173270da2747a3d5ea7dcd55dc8110690,0.10680955006272685,autoland,4768104,12,53390121d39b212135aaffcd577053a14c7f0dff,linux1804-64-shippable-qr,True,False,,,102210fe594ee9b33d82058545b1ed14f4c8206e,custom.jsdebugger.stepOut.DAMP,damp,True,damp custom.jsdebugger.stepOut.DAMP opt e10s fission stylo webrender,4767202,77,ms,firefox,,1729958024,2023-07-19 21:18:23,1275141,,,,,,,,,,,,,,,,,,,,,,,,,,,,,,,,,,,,,,,,,,,,,,,,,TN
685,2dc0ffebfdeef91174e5af626723f88073147bd9,0.1050436629196636,autoland,4768104,12,53390121d39b212135aaffcd577053a14c7f0dff,linux1804-64-shippable-qr,True,False,,,102210fe594ee9b33d82058545b1ed14f4c8206e,custom.jsdebugger.stepOut.DAMP,damp,True,damp custom.jsdebugger.stepOut.DAMP opt e10s fission stylo webrender,4767202,77,ms,firefox,,1729975910,2023-07-19 21:19:37,1275143,,,,,,,,,,,,,,,,,,,,,,,,,,,,,,,,,,,,,,,,,,,,,,,,,TN
686,2121a35a5a204ced0349e790e09efbe551135eec,0.10738802288202631,autoland,4768104,12,53390121d39b212135aaffcd577053a14c7f0dff,linux1804-64-shippable-qr,True,False,,,102210fe594ee9b33d82058545b1ed14f4c8206e,custom.jsdebugger.stepOut.DAMP,damp,True,damp custom.jsdebugger.stepOut.DAMP opt e10s fission stylo webrender,4767202,77,ms,firefox,,1729976264,2023-07-19 21:20:25,1275144,,,,,,,,,,,,,,,,,,,,,,,,,,,,,,,,,,,,,,,,,,,,,,,,,TN
687,f28c20bf2b4253e902368718289df9a10edc674e,0.11068979565438641,autoland,4768104,12,53390121d39b212135aaffcd577053a14c7f0dff,linux1804-64-shippable-qr,True,False,,,102210fe594ee9b33d82058545b1ed14f4c8206e,custom.jsdebugger.stepOut.DAMP,damp,True,damp custom.jsdebugger.stepOut.DAMP opt e10s fission stylo webrender,4767202,77,ms,firefox,,1729975409,2023-07-19 22:15:27,1275174,,,,,,,,,,,,,,,,,,,,,,,,,,,,,,,,,,,,,,,,,,,,,,,,,TN
688,dc5b02b213f9b4f3f59a01c5166ad4860cd16188,0.11689609277357005,autoland,4768104,12,53390121d39b212135aaffcd577053a14c7f0dff,linux1804-64-shippable-qr,True,False,,,102210fe594ee9b33d82058545b1ed14f4c8206e,custom.jsdebugger.stepOut.DAMP,damp,True,damp custom.jsdebugger.stepOut.DAMP opt e10s fission stylo webrender,4767202,77,ms,firefox,,1729958138,2023-07-19 22:16:17,1275175,,,,,,,,,,,,,,,,,,,,,,,,,,,,,,,,,,,,,,,,,,,,,,,,,TN
689,7d1e4a896dd81d294b7bccc7c20345d7c0432b47,0.10375588057745277,autoland,4768104,12,53390121d39b212135aaffcd577053a14c7f0dff,linux1804-64-shippable-qr,True,False,,,102210fe594ee9b33d82058545b1ed14f4c8206e,custom.jsdebugger.stepOut.DAMP,damp,True,damp custom.jsdebugger.stepOut.DAMP opt e10s fission stylo webrender,4767202,77,ms,firefox,,1728667941,2023-07-19 22:17:04,1275176,,,,,,,,,,,,,,,,,,,,,,,,,,,,,,,,,,,,,,,,,,,,,,,,,TN
690,32940d64b391508cfe912a339faaec502259a4f3,0.09436374688498428,autoland,4768104,12,53390121d39b212135aaffcd577053a14c7f0dff,linux1804-64-shippable-qr,True,False,,,102210fe594ee9b33d82058545b1ed14f4c8206e,custom.jsdebugger.stepOut.DAMP,damp,True,damp custom.jsdebugger.stepOut.DAMP opt e10s fission stylo webrender,4767202,77,ms,firefox,,1729957744,2023-07-19 22:17:56,1275178,,,,,,,,,,,,,,,,,,,,,,,,,,,,,,,,,,,,,,,,,,,,,,,,,TN
691,95a4b078f8aa30e83485d819bf28bb990b48e402,0.1252942544131168,autoland,4768104,12,53390121d39b212135aaffcd577053a14c7f0dff,linux1804-64-shippable-qr,True,False,,,102210fe594ee9b33d82058545b1ed14f4c8206e,custom.jsdebugger.stepOut.DAMP,damp,True,damp custom.jsdebugger.stepOut.DAMP opt e10s fission stylo webrender,4767202,77,ms,firefox,,1729976015,2023-07-19 22:27:58,1275182,,,,,,,,,,,,,,,,,,,,,,,,,,,,,,,,,,,,,,,,,,,,,,,,,TN
692,178f56216f6d54d8ff3a4be2a52e0935b925751c,0.10779349703787755,autoland,4768104,12,53390121d39b212135aaffcd577053a14c7f0dff,linux1804-64-shippable-qr,True,False,,,102210fe594ee9b33d82058545b1ed14f4c8206e,custom.jsdebugger.stepOut.DAMP,damp,True,damp custom.jsdebugger.stepOut.DAMP opt e10s fission stylo webrender,4767202,77,ms,firefox,,1729977237,2023-07-19 22:29:58,1275183,,,,,,,,,,,,,,,,,,,,,,,,,,,,,,,,,,,,,,,,,,,,,,,,,TN
693,ac54d6ed3da6515e3b9b6a1f638e5590adf402fd,0.11035602812748047,autoland,4768104,12,53390121d39b212135aaffcd577053a14c7f0dff,linux1804-64-shippable-qr,True,False,,,102210fe594ee9b33d82058545b1ed14f4c8206e,custom.jsdebugger.stepOut.DAMP,damp,True,damp custom.jsdebugger.stepOut.DAMP opt e10s fission stylo webrender,4767202,77,ms,firefox,,1729975754,2023-07-19 23:36:21,1275214,,,,,,,,,,,,,,,,,,,,,,,,,,,,,,,,,,,,,,,,,,,,,,,,,TN
694,163c85e5903a843be47db023d106d34202137547,0.10936523747199245,autoland,4768104,12,53390121d39b212135aaffcd577053a14c7f0dff,linux1804-64-shippable-qr,True,False,,,102210fe594ee9b33d82058545b1ed14f4c8206e,custom.jsdebugger.stepOut.DAMP,damp,True,damp custom.jsdebugger.stepOut.DAMP opt e10s fission stylo webrender,4767202,77,ms,firefox,,1729976369,2023-07-19 23:48:25,1275220,,,,,,,,,,,,,,,,,,,,,,,,,,,,,,,,,,,,,,,,,,,,,,,,,TN
695,0de156207253a1056d8e1f41c7019a34bec91a61,0.10987939181667183,autoland,4768104,12,53390121d39b212135aaffcd577053a14c7f0dff,linux1804-64-shippable-qr,True,False,,,102210fe594ee9b33d82058545b1ed14f4c8206e,custom.jsdebugger.stepOut.DAMP,damp,True,damp custom.jsdebugger.stepOut.DAMP opt e10s fission stylo webrender,4767202,77,ms,firefox,,1729976317,2023-07-19 23:49:21,1275221,,,,,,,,,,,,,,,,,,,,,,,,,,,,,,,,,,,,,,,,,,,,,,,,,TN
696,4c4f5623a84e6db3d0f9a7738c0e789c98a4e763,0.10240481903043053,autoland,4768104,12,53390121d39b212135aaffcd577053a14c7f0dff,linux1804-64-shippable-qr,True,False,,,102210fe594ee9b33d82058545b1ed14f4c8206e,custom.jsdebugger.stepOut.DAMP,damp,True,damp custom.jsdebugger.stepOut.DAMP opt e10s fission stylo webrender,4767202,77,ms,firefox,,1729982784,2023-07-20 00:45:19,1275243,,,,,,,,,,,,,,,,,,,,,,,,,,,,,,,,,,,,,,,,,,,,,,,,,TN
697,05b7466fa4285e8e099e467ecd0887b5496960eb,0.1203586354028705,autoland,4768104,12,53390121d39b212135aaffcd577053a14c7f0dff,linux1804-64-shippable-qr,True,False,,,102210fe594ee9b33d82058545b1ed14f4c8206e,custom.jsdebugger.stepOut.DAMP,damp,True,damp custom.jsdebugger.stepOut.DAMP opt e10s fission stylo webrender,4767202,77,ms,firefox,,1729979281,2023-07-20 01:59:59,1275267,,,,,,,,,,,,,,,,,,,,,,,,,,,,,,,,,,,,,,,,,,,,,,,,,TN
698,e73cc92e62dbaf2e2cdb70a1d9890da611a2b772,0.12222275241095093,autoland,4768104,12,53390121d39b212135aaffcd577053a14c7f0dff,linux1804-64-shippable-qr,True,False,,,102210fe594ee9b33d82058545b1ed14f4c8206e,custom.jsdebugger.stepOut.DAMP,damp,True,damp custom.jsdebugger.stepOut.DAMP opt e10s fission stylo webrender,4767202,77,ms,firefox,,1728735174,2023-07-20 03:34:20,1275291,,,,,,,,,,,,,,,,,,,,,,,,,,,,,,,,,,,,,,,,,,,,,,,,,TN
699,432063ff43c75c16b03630b03da39d2579808684,0.10080080559577387,autoland,4768104,12,53390121d39b212135aaffcd577053a14c7f0dff,linux1804-64-shippable-qr,True,False,,,102210fe594ee9b33d82058545b1ed14f4c8206e,custom.jsdebugger.stepOut.DAMP,damp,True,damp custom.jsdebugger.stepOut.DAMP opt e10s fission stylo webrender,4767202,77,ms,firefox,,1729980226,2023-07-20 03:59:02,1275297,,,,,,,,,,,,,,,,,,,,,,,,,,,,,,,,,,,,,,,,,,,,,,,,,TN
700,09ceb4b0786a6525d114b2af47a96b2c100f5b53,0.15364153587187235,autoland,4768104,12,53390121d39b212135aaffcd577053a14c7f0dff,linux1804-64-shippable-qr,True,False,,,102210fe594ee9b33d82058545b1ed14f4c8206e,custom.jsdebugger.stepOut.DAMP,damp,True,damp custom.jsdebugger.stepOut.DAMP opt e10s fission stylo webrender,4767202,77,ms,firefox,,1729976943,2023-07-20 04:24:08,1275301,,,,,,,,,,,,,,,,,,,,,,,,,,,,,,,,,,,,,,,,,,,,,,,,,TN
701,7f6a4a7d06fa3aefd174a3782731a66dc7b3eac4,0.11142191446465688,autoland,4768104,12,53390121d39b212135aaffcd577053a14c7f0dff,linux1804-64-shippable-qr,True,False,,,102210fe594ee9b33d82058545b1ed14f4c8206e,custom.jsdebugger.stepOut.DAMP,damp,True,damp custom.jsdebugger.stepOut.DAMP opt e10s fission stylo webrender,4767202,77,ms,firefox,,1729979620,2023-07-20 05:32:49,1275309,,,,,,,,,,,,,,,,,,,,,,,,,,,,,,,,,,,,,,,,,,,,,,,,,TN
702,57f9fc8d9487bf399784c6960fee43a90f0b954e,0.10932428567513908,autoland,4768104,12,53390121d39b212135aaffcd577053a14c7f0dff,linux1804-64-shippable-qr,True,False,,,102210fe594ee9b33d82058545b1ed14f4c8206e,custom.jsdebugger.stepOut.DAMP,damp,True,damp custom.jsdebugger.stepOut.DAMP opt e10s fission stylo webrender,4767202,77,ms,firefox,,1729979792,2023-07-20 06:24:38,1275318,,,,,,,,,,,,,,,,,,,,,,,,,,,,,,,,,,,,,,,,,,,,,,,,,TN
703,dbdd8c611ff7c6cc86d8c68712f38edbc9136ded,0.11770374145362661,autoland,4768104,12,53390121d39b212135aaffcd577053a14c7f0dff,linux1804-64-shippable-qr,True,False,,,102210fe594ee9b33d82058545b1ed14f4c8206e,custom.jsdebugger.stepOut.DAMP,damp,True,damp custom.jsdebugger.stepOut.DAMP opt e10s fission stylo webrender,4767202,77,ms,firefox,,1729977327,2023-07-20 07:01:35,1275329,,,,,,,,,,,,,,,,,,,,,,,,,,,,,,,,,,,,,,,,,,,,,,,,,TN
704,cef068ca986ec6b442bd8a870cd017b4306e95cb,0.10220276850638133,autoland,4768104,12,53390121d39b212135aaffcd577053a14c7f0dff,linux1804-64-shippable-qr,True,False,,,102210fe594ee9b33d82058545b1ed14f4c8206e,custom.jsdebugger.stepOut.DAMP,damp,True,damp custom.jsdebugger.stepOut.DAMP opt e10s fission stylo webrender,4767202,77,ms,firefox,,1729977393,2023-07-20 07:07:38,1275333,,,,,,,,,,,,,,,,,,,,,,,,,,,,,,,,,,,,,,,,,,,,,,,,,TN
705,37729026a23e97f283faf591cfde78c78b37b1c7,0.09624524334401352,autoland,4768104,12,53390121d39b212135aaffcd577053a14c7f0dff,linux1804-64-shippable-qr,True,False,,,102210fe594ee9b33d82058545b1ed14f4c8206e,custom.jsdebugger.stepOut.DAMP,damp,True,damp custom.jsdebugger.stepOut.DAMP opt e10s fission stylo webrender,4767202,77,ms,firefox,,1729980474,2023-07-20 07:08:37,1275335,,,,,,,,,,,,,,,,,,,,,,,,,,,,,,,,,,,,,,,,,,,,,,,,,TN
706,991811626f3cd144b42deefa35436237faae6d86,0.1098415389511822,autoland,4768104,12,53390121d39b212135aaffcd577053a14c7f0dff,linux1804-64-shippable-qr,True,False,,,102210fe594ee9b33d82058545b1ed14f4c8206e,custom.jsdebugger.stepOut.DAMP,damp,True,damp custom.jsdebugger.stepOut.DAMP opt e10s fission stylo webrender,4767202,77,ms,firefox,,1729976480,2023-07-20 07:19:54,1275336,,,,,,,,,,,,,,,,,,,,,,,,,,,,,,,,,,,,,,,,,,,,,,,,,TN
707,9db33f9464a61032840b82918d5690960fa39fd9,0.11376864805549158,autoland,4768104,12,53390121d39b212135aaffcd577053a14c7f0dff,linux1804-64-shippable-qr,True,False,,,102210fe594ee9b33d82058545b1ed14f4c8206e,custom.jsdebugger.stepOut.DAMP,damp,True,damp custom.jsdebugger.stepOut.DAMP opt e10s fission stylo webrender,4767202,77,ms,firefox,,1729975455,2023-07-20 07:29:06,1275340,,,,,,,,,,,,,,,,,,,,,,,,,,,,,,,,,,,,,,,,,,,,,,,,,TN
708,9a6d93f12d75deb2d5f6662ca35347a774d7cd6f,0.10750366200489347,autoland,4768104,12,53390121d39b212135aaffcd577053a14c7f0dff,linux1804-64-shippable-qr,True,False,,,102210fe594ee9b33d82058545b1ed14f4c8206e,custom.jsdebugger.stepOut.DAMP,damp,True,damp custom.jsdebugger.stepOut.DAMP opt e10s fission stylo webrender,4767202,77,ms,firefox,,1728934006,2023-07-20 07:42:09,1275344,,,,,,,,,,,,,,,,,,,,,,,,,,,,,,,,,,,,,,,,,,,,,,,,,TN
709,2664ab12c4029bc45f67a6476ce0b29d8b8f417c,0.1120360413885575,autoland,4768104,12,53390121d39b212135aaffcd577053a14c7f0dff,linux1804-64-shippable-qr,True,False,,,102210fe594ee9b33d82058545b1ed14f4c8206e,custom.jsdebugger.stepOut.DAMP,damp,True,damp custom.jsdebugger.stepOut.DAMP opt e10s fission stylo webrender,4767202,77,ms,firefox,,1729978293,2023-07-20 07:51:14,1275347,,,,,,,,,,,,,,,,,,,,,,,,,,,,,,,,,,,,,,,,,,,,,,,,,TN
710,73779d0b32f30a0bd3ff0a394cd02880a9e29309,0.10874692068163117,autoland,4768104,12,53390121d39b212135aaffcd577053a14c7f0dff,linux1804-64-shippable-qr,True,False,,,102210fe594ee9b33d82058545b1ed14f4c8206e,custom.jsdebugger.stepOut.DAMP,damp,True,damp custom.jsdebugger.stepOut.DAMP opt e10s fission stylo webrender,4767202,77,ms,firefox,,1729980153,2023-07-20 07:53:21,1275351,,,,,,,,,,,,,,,,,,,,,,,,,,,,,,,,,,,,,,,,,,,,,,,,,TN
711,69b00afdaa3da80d77a3b39062385b8ce59f04f9,0.10954979031075052,autoland,4768104,12,53390121d39b212135aaffcd577053a14c7f0dff,linux1804-64-shippable-qr,True,False,,,102210fe594ee9b33d82058545b1ed14f4c8206e,custom.jsdebugger.stepOut.DAMP,damp,True,damp custom.jsdebugger.stepOut.DAMP opt e10s fission stylo webrender,4767202,77,ms,firefox,,1729980878,2023-07-20 09:09:53,1275373,,,,,,,,,,,,,,,,,,,,,,,,,,,,,,,,,,,,,,,,,,,,,,,,,TN
712,3dcccc40be044ccd3044eaa32d57aac2f2ca581d,0.10357126713120368,autoland,4768104,12,53390121d39b212135aaffcd577053a14c7f0dff,linux1804-64-shippable-qr,True,False,,,102210fe594ee9b33d82058545b1ed14f4c8206e,custom.jsdebugger.stepOut.DAMP,damp,True,damp custom.jsdebugger.stepOut.DAMP opt e10s fission stylo webrender,4767202,77,ms,firefox,,1729977761,2023-07-20 09:17:45,1275375,,,,,,,,,,,,,,,,,,,,,,,,,,,,,,,,,,,,,,,,,,,,,,,,,TN
713,0569817d25a640fee76b8e1b9798c23c4a59c4c8,0.11316576928874333,autoland,4768104,12,53390121d39b212135aaffcd577053a14c7f0dff,linux1804-64-shippable-qr,True,False,,,102210fe594ee9b33d82058545b1ed14f4c8206e,custom.jsdebugger.stepOut.DAMP,damp,True,damp custom.jsdebugger.stepOut.DAMP opt e10s fission stylo webrender,4767202,77,ms,firefox,,1729970115,2023-07-20 10:06:36,1275401,,,,,,,,,,,,,,,,,,,,,,,,,,,,,,,,,,,,,,,,,,,,,,,,,TN
714,0d6882207f7dacbfaedd0ffe0d7ecd6497cc3d74,0.10723494123632027,autoland,4768104,12,53390121d39b212135aaffcd577053a14c7f0dff,linux1804-64-shippable-qr,True,False,,,102210fe594ee9b33d82058545b1ed14f4c8206e,custom.jsdebugger.stepOut.DAMP,damp,True,damp custom.jsdebugger.stepOut.DAMP opt e10s fission stylo webrender,4767202,77,ms,firefox,,1729979494,2023-07-20 10:35:17,1275410,,,,,,,,,,,,,,,,,,,,,,,,,,,,,,,,,,,,,,,,,,,,,,,,,TN
715,4a5366c3dbf3a3ec10483c00ca12af72c2888c5f,0.11643571219080107,autoland,4768104,12,53390121d39b212135aaffcd577053a14c7f0dff,linux1804-64-shippable-qr,True,False,,,102210fe594ee9b33d82058545b1ed14f4c8206e,custom.jsdebugger.stepOut.DAMP,damp,True,damp custom.jsdebugger.stepOut.DAMP opt e10s fission stylo webrender,4767202,77,ms,firefox,,1729976890,2023-07-20 11:41:11,1275427,,,,,,,,,,,,,,,,,,,,,,,,,,,,,,,,,,,,,,,,,,,,,,,,,TN
716,b791b4d37f17159d7ea14fe3be14dab2649308c2,0.10490370329587706,autoland,4768104,12,53390121d39b212135aaffcd577053a14c7f0dff,linux1804-64-shippable-qr,True,False,,,102210fe594ee9b33d82058545b1ed14f4c8206e,custom.jsdebugger.stepOut.DAMP,damp,True,damp custom.jsdebugger.stepOut.DAMP opt e10s fission stylo webrender,4767202,77,ms,firefox,,1729978829,2023-07-20 11:42:05,1275428,,,,,,,,,,,,,,,,,,,,,,,,,,,,,,,,,,,,,,,,,,,,,,,,,TN
717,0278b86272728b17ade153f25ef5ec4442158066,0.10887731425496372,autoland,4768104,12,53390121d39b212135aaffcd577053a14c7f0dff,linux1804-64-shippable-qr,True,False,,,102210fe594ee9b33d82058545b1ed14f4c8206e,custom.jsdebugger.stepOut.DAMP,damp,True,damp custom.jsdebugger.stepOut.DAMP opt e10s fission stylo webrender,4767202,77,ms,firefox,,1729028169,2023-07-20 12:22:04,1275437,,,,,,,,,,,,,,,,,,,,,,,,,,,,,,,,,,,,,,,,,,,,,,,,,TN
718,0bc898fe076442e9a552e9918f1b50ece1c87859,0.11559066271768925,autoland,4768104,12,53390121d39b212135aaffcd577053a14c7f0dff,linux1804-64-shippable-qr,True,False,,,102210fe594ee9b33d82058545b1ed14f4c8206e,custom.jsdebugger.stepOut.DAMP,damp,True,damp custom.jsdebugger.stepOut.DAMP opt e10s fission stylo webrender,4767202,77,ms,firefox,,1729103875,2023-07-20 15:24:57,1275543,,,,,,,,,,,,,,,,,,,,,,,,,,,,,,,,,,,,,,,,,,,,,,,,,TN
719,1474bffb9d2bc609c90f59cdbd875d90f152f78b,0.09897254140541567,autoland,4768104,12,53390121d39b212135aaffcd577053a14c7f0dff,linux1804-64-shippable-qr,True,False,,,102210fe594ee9b33d82058545b1ed14f4c8206e,custom.jsdebugger.stepOut.DAMP,damp,True,damp custom.jsdebugger.stepOut.DAMP opt e10s fission stylo webrender,4767202,77,ms,firefox,,1729303318,2023-07-20 19:57:27,1275751,,,,,,,,,,,,,,,,,,,,,,,,,,,,,,,,,,,,,,,,,,,,,,,,,TN
720,a81b4cfa355314c5644c5a1924408dd57a6451ba,0.10603885904545307,autoland,4768104,12,53390121d39b212135aaffcd577053a14c7f0dff,linux1804-64-shippable-qr,True,False,,,102210fe594ee9b33d82058545b1ed14f4c8206e,custom.jsdebugger.stepOut.DAMP,damp,True,damp custom.jsdebugger.stepOut.DAMP opt e10s fission stylo webrender,4767202,77,ms,firefox,,1729408570,2023-07-20 23:58:39,1275867,,,,,,,,,,,,,,,,,,,,,,,,,,,,,,,,,,,,,,,,,,,,,,,,,TN
721,561b7f418a4da2b68cf411804f9a6dcc542bf5d4,0.10977455076566511,autoland,4768104,12,53390121d39b212135aaffcd577053a14c7f0dff,linux1804-64-shippable-qr,True,False,,,102210fe594ee9b33d82058545b1ed14f4c8206e,custom.jsdebugger.stepOut.DAMP,damp,True,damp custom.jsdebugger.stepOut.DAMP opt e10s fission stylo webrender,4767202,77,ms,firefox,,1729431272,2023-07-21 02:12:29,1275913,,,,,,,,,,,,,,,,,,,,,,,,,,,,,,,,,,,,,,,,,,,,,,,,,TN
722,a2fe9197bad582dee22ed11cd3cec32073abcbb1,0.11739321442163186,autoland,4768104,12,53390121d39b212135aaffcd577053a14c7f0dff,linux1804-64-shippable-qr,True,False,,,102210fe594ee9b33d82058545b1ed14f4c8206e,custom.jsdebugger.stepOut.DAMP,damp,True,damp custom.jsdebugger.stepOut.DAMP opt e10s fission stylo webrender,4767202,77,ms,firefox,,1729610604,2023-07-21 09:50:03,1276015,,,,,,,,,,,,,,,,,,,,,,,,,,,,,,,,,,,,,,,,,,,,,,,,,TN
723,9df47ce85e0472ca3ad7784cdf4c5640950ed7d9,0.09956456049924967,autoland,4768104,12,53390121d39b212135aaffcd577053a14c7f0dff,linux1804-64-shippable-qr,True,False,,,102210fe594ee9b33d82058545b1ed14f4c8206e,custom.jsdebugger.stepOut.DAMP,damp,True,damp custom.jsdebugger.stepOut.DAMP opt e10s fission stylo webrender,4767202,77,ms,firefox,,1729674452,2023-07-21 13:55:08,1276152,,,,,,,,,,,,,,,,,,,,,,,,,,,,,,,,,,,,,,,,,,,,,,,,,TN
724,e289c1fd943bfc8c2973687da74a008f86d9e60f,0.11762955687177001,autoland,4768104,12,53390121d39b212135aaffcd577053a14c7f0dff,linux1804-64-shippable-qr,True,False,,,102210fe594ee9b33d82058545b1ed14f4c8206e,custom.jsdebugger.stepOut.DAMP,damp,True,damp custom.jsdebugger.stepOut.DAMP opt e10s fission stylo webrender,4767202,77,ms,firefox,,1729758492,2023-07-21 17:11:12,1276290,,,,,,,,,,,,,,,,,,,,,,,,,,,,,,,,,,,,,,,,,,,,,,,,,TN
725,f13e959d38c7e8d9590bbc8d44f95149bbe180d1,0.1111283873416189,autoland,4768104,12,53390121d39b212135aaffcd577053a14c7f0dff,linux1804-64-shippable-qr,True,False,,,102210fe594ee9b33d82058545b1ed14f4c8206e,custom.jsdebugger.stepOut.DAMP,damp,True,damp custom.jsdebugger.stepOut.DAMP opt e10s fission stylo webrender,4767202,77,ms,firefox,,1729877932,2023-07-21 21:17:12,1276495,,,,,,,,,,,,,,,,,,,,,,,,,,,,,,,,,,,,,,,,,,,,,,,,,TN
726,50344759578b6b2e1851c6a6133121c4d89b4f0d,0.11042461694743055,autoland,4768104,12,53390121d39b212135aaffcd577053a14c7f0dff,linux1804-64-shippable-qr,True,False,,,102210fe594ee9b33d82058545b1ed14f4c8206e,custom.jsdebugger.stepOut.DAMP,damp,True,damp custom.jsdebugger.stepOut.DAMP opt e10s fission stylo webrender,4767202,77,ms,firefox,,1729893865,2023-07-21 22:20:56,1276531,,,,,,,,,,,,,,,,,,,,,,,,,,,,,,,,,,,,,,,,,,,,,,,,,TN
727,e4939251f81ca8c6a2fb9db3bbd4416e04dff97d,0.10551389868037053,autoland,4768104,12,53390121d39b212135aaffcd577053a14c7f0dff,linux1804-64-shippable-qr,True,False,,,102210fe594ee9b33d82058545b1ed14f4c8206e,custom.jsdebugger.stepOut.DAMP,damp,True,damp custom.jsdebugger.stepOut.DAMP opt e10s fission stylo webrender,4767202,77,ms,firefox,,1729950571,2023-07-22 03:42:46,1276588,,,,,,,,,,,,,,,,,,,,,,,,,,,,,,,,,,,,,,,,,,,,,,,,,TN
728,c95ec2e13d66e06547002bd008e87bea4f94c022,0.1167328956356175,autoland,4768104,12,53390121d39b212135aaffcd577053a14c7f0dff,linux1804-64-shippable-qr,True,False,,,102210fe594ee9b33d82058545b1ed14f4c8206e,custom.jsdebugger.stepOut.DAMP,damp,True,damp custom.jsdebugger.stepOut.DAMP opt e10s fission stylo webrender,4767202,77,ms,firefox,,1730015616,2023-07-22 08:58:42,1276620,,,,,,,,,,,,,,,,,,,,,,,,,,,,,,,,,,,,,,,,,,,,,,,,,TN
729,b16351df250c572a14efa126f7702fe104ac9fd7,0.11547110596528132,autoland,4768104,12,53390121d39b212135aaffcd577053a14c7f0dff,linux1804-64-shippable-qr,True,False,,,102210fe594ee9b33d82058545b1ed14f4c8206e,custom.jsdebugger.stepOut.DAMP,damp,True,damp custom.jsdebugger.stepOut.DAMP opt e10s fission stylo webrender,4767202,77,ms,firefox,,1730104799,2023-07-22 14:13:52,1276645,,,,,,,,,,,,,,,,,,,,,,,,,,,,,,,,,,,,,,,,,,,,,,,,,TN
730,829bb0f62051beedfe5ba05f679d3b6c8e0d1a3b,0.11174982790249066,autoland,4768104,12,53390121d39b212135aaffcd577053a14c7f0dff,linux1804-64-shippable-qr,True,False,,,102210fe594ee9b33d82058545b1ed14f4c8206e,custom.jsdebugger.stepOut.DAMP,damp,True,damp custom.jsdebugger.stepOut.DAMP opt e10s fission stylo webrender,4767202,77,ms,firefox,,1730210704,2023-07-23 02:59:53,1276677,,,,,,,,,,,,,,,,,,,,,,,,,,,,,,,,,,,,,,,,,,,,,,,,,TN
731,bd6c5007212e7ee9ecc312d4ef096252a9702033,0.1032818573443719,autoland,4768104,12,53390121d39b212135aaffcd577053a14c7f0dff,linux1804-64-shippable-qr,True,False,,,102210fe594ee9b33d82058545b1ed14f4c8206e,custom.jsdebugger.stepOut.DAMP,damp,True,damp custom.jsdebugger.stepOut.DAMP opt e10s fission stylo webrender,4767202,77,ms,firefox,,1730275188,2023-07-23 12:16:45,1276689,,,,,,,,,,,,,,,,,,,,,,,,,,,,,,,,,,,,,,,,,,,,,,,,,TN
732,2fd3284df4616a8723f5b749c4652a682c7b5372,0.11027198339983024,autoland,4768104,12,53390121d39b212135aaffcd577053a14c7f0dff,linux1804-64-shippable-qr,True,False,,,102210fe594ee9b33d82058545b1ed14f4c8206e,custom.jsdebugger.stepOut.DAMP,damp,True,damp custom.jsdebugger.stepOut.DAMP opt e10s fission stylo webrender,4767202,77,ms,firefox,,1730330834,2023-07-23 17:37:04,1276726,,,,,,,,,,,,,,,,,,,,,,,,,,,,,,,,,,,,,,,,,,,,,,,,,TN
733,7e5acc812edd3bcb93cfaf76eaab2c3fd6c4d274,0.11085879024812972,autoland,4768104,12,53390121d39b212135aaffcd577053a14c7f0dff,linux1804-64-shippable-qr,True,False,,,102210fe594ee9b33d82058545b1ed14f4c8206e,custom.jsdebugger.stepOut.DAMP,damp,True,damp custom.jsdebugger.stepOut.DAMP opt e10s fission stylo webrender,4767202,77,ms,firefox,,1730410791,2023-07-24 00:19:00,1276767,,,,,,,,,,,,,,,,,,,,,,,,,,,,,,,,,,,,,,,,,,,,,,,,,TN
734,7b6332c9bce4487c1db3384523b5991fef31e28c,0.11125191935032097,autoland,4768104,12,53390121d39b212135aaffcd577053a14c7f0dff,linux1804-64-shippable-qr,True,False,,,102210fe594ee9b33d82058545b1ed14f4c8206e,custom.jsdebugger.stepOut.DAMP,damp,True,damp custom.jsdebugger.stepOut.DAMP opt e10s fission stylo webrender,4767202,77,ms,firefox,,1730435028,2023-07-24 03:08:06,1276802,,,,,,,,,,,,,,,,,,,,,,,,,,,,,,,,,,,,,,,,,,,,,,,,,TN
735,91b590f6e608c6c3787304fa0010ce58519bde50,0.12015326835653539,autoland,4768104,12,53390121d39b212135aaffcd577053a14c7f0dff,linux1804-64-shippable-qr,True,False,,,102210fe594ee9b33d82058545b1ed14f4c8206e,custom.jsdebugger.stepOut.DAMP,damp,True,damp custom.jsdebugger.stepOut.DAMP opt e10s fission stylo webrender,4767202,77,ms,firefox,,1730489284,2023-07-24 07:35:58,1276834,,,,,,,,,,,,,,,,,,,,,,,,,,,,,,,,,,,,,,,,,,,,,,,,,TN
736,b1a1263e67ce531d13e0a5e2e77c737b114e38b0,0.10121525164975376,autoland,4768104,12,53390121d39b212135aaffcd577053a14c7f0dff,linux1804-64-shippable-qr,True,False,,,102210fe594ee9b33d82058545b1ed14f4c8206e,custom.jsdebugger.stepOut.DAMP,damp,True,damp custom.jsdebugger.stepOut.DAMP opt e10s fission stylo webrender,4767202,77,ms,firefox,,1730724907,2023-07-24 11:14:54,1276910,,,,,,,,,,,,,,,,,,,,,,,,,,,,,,,,,,,,,,,,,,,,,,,,,TN
737,2483fdffbe5e3c051a32bcf141fb33e9803c0afc,0.11270453225236454,autoland,4768104,12,53390121d39b212135aaffcd577053a14c7f0dff,linux1804-64-shippable-qr,True,False,,,102210fe594ee9b33d82058545b1ed14f4c8206e,custom.jsdebugger.stepOut.DAMP,damp,True,damp custom.jsdebugger.stepOut.DAMP opt e10s fission stylo webrender,4767202,77,ms,firefox,,1730772637,2023-07-24 16:02:50,1277068,,,,,,,,,,,,,,,,,,,,,,,,,,,,,,,,,,,,,,,,,,,,,,,,,TN
738,f9c12557d7a4e074be3fc45027ae8ffbb8f27aaf,0.11820197788244968,autoland,4768104,12,53390121d39b212135aaffcd577053a14c7f0dff,linux1804-64-shippable-qr,True,False,,,102210fe594ee9b33d82058545b1ed14f4c8206e,custom.jsdebugger.stepOut.DAMP,damp,True,damp custom.jsdebugger.stepOut.DAMP opt e10s fission stylo webrender,4767202,77,ms,firefox,,1730874175,2023-07-24 19:16:11,1277230,,,,,,,,,,,,,,,,,,,,,,,,,,,,,,,,,,,,,,,,,,,,,,,,,TN
739,bd745245ac70d82630be9e971b5a9077b5f514e8,0.10329662173041432,autoland,4768104,12,53390121d39b212135aaffcd577053a14c7f0dff,linux1804-64-shippable-qr,True,False,,,102210fe594ee9b33d82058545b1ed14f4c8206e,custom.jsdebugger.stepOut.DAMP,damp,True,damp custom.jsdebugger.stepOut.DAMP opt e10s fission stylo webrender,4767202,77,ms,firefox,,1730965867,2023-07-24 23:43:54,1277393,,,,,,,,,,,,,,,,,,,,,,,,,,,,,,,,,,,,,,,,,,,,,,,,,TN
740,1084bcb2a2550fee8fad1f0be69e603b6c8d67bd,0.10511988331754174,autoland,4768104,12,53390121d39b212135aaffcd577053a14c7f0dff,linux1804-64-shippable-qr,True,False,,,102210fe594ee9b33d82058545b1ed14f4c8206e,custom.jsdebugger.stepOut.DAMP,damp,True,damp custom.jsdebugger.stepOut.DAMP opt e10s fission stylo webrender,4767202,77,ms,firefox,,1730978254,2023-07-25 00:28:34,1277414,,,,,,,,,,,,,,,,,,,,,,,,,,,,,,,,,,,,,,,,,,,,,,,,,TN
741,862d1cf3d7a17e3dde9bda49c5561ec902bb8136,0.0944122209675935,autoland,4768104,12,53390121d39b212135aaffcd577053a14c7f0dff,linux1804-64-shippable-qr,True,False,,,102210fe594ee9b33d82058545b1ed14f4c8206e,custom.jsdebugger.stepOut.DAMP,damp,True,damp custom.jsdebugger.stepOut.DAMP opt e10s fission stylo webrender,4767202,77,ms,firefox,,1731037897,2023-07-25 04:47:38,1277485,,,,,,,,,,,,,,,,,,,,,,,,,,,,,,,,,,,,,,,,,,,,,,,,,TN
742,45a52966f9649f4dc9b8bbb6a8e68cdcc63ee287,0.10575948824625891,autoland,4768104,12,53390121d39b212135aaffcd577053a14c7f0dff,linux1804-64-shippable-qr,True,False,,,102210fe594ee9b33d82058545b1ed14f4c8206e,custom.jsdebugger.stepOut.DAMP,damp,True,damp custom.jsdebugger.stepOut.DAMP opt e10s fission stylo webrender,4767202,77,ms,firefox,,1731146349,2023-07-25 10:29:47,1277576,,,,,,,,,,,,,,,,,,,,,,,,,,,,,,,,,,,,,,,,,,,,,,,,,TN
743,854ea05f61e1b15481fad16535d4af2b15318005,0.11729081654867524,autoland,4768104,12,53390121d39b212135aaffcd577053a14c7f0dff,linux1804-64-shippable-qr,True,False,,,102210fe594ee9b33d82058545b1ed14f4c8206e,custom.jsdebugger.stepOut.DAMP,damp,True,damp custom.jsdebugger.stepOut.DAMP opt e10s fission stylo webrender,4767202,77,ms,firefox,,1732625595,2023-07-25 13:44:45,1277650,,,,,,,,,,,,,,,,,,,,,,,,,,,,,,,,,,,,,,,,,,,,,,,,,TN
744,328b5b27b46933f183294170617b2d1831a57635,0.09064514250739442,autoland,4768104,12,53390121d39b212135aaffcd577053a14c7f0dff,linux1804-64-shippable-qr,True,False,,,102210fe594ee9b33d82058545b1ed14f4c8206e,custom.jsdebugger.stepOut.DAMP,damp,True,damp custom.jsdebugger.stepOut.DAMP opt e10s fission stylo webrender,4767202,77,ms,firefox,,1732625286,2023-07-25 13:45:46,1277651,,,,,,,,,,,,,,,,,,,,,,,,,,,,,,,,,,,,,,,,,,,,,,,,,TN
745,f93ce498f3879c99a2513f1ce03fbe8e5e13b174,0.1128950435045799,autoland,4768104,12,53390121d39b212135aaffcd577053a14c7f0dff,linux1804-64-shippable-qr,True,False,,,102210fe594ee9b33d82058545b1ed14f4c8206e,custom.jsdebugger.stepOut.DAMP,damp,True,damp custom.jsdebugger.stepOut.DAMP opt e10s fission stylo webrender,4767202,77,ms,firefox,,1732626248,2023-07-25 14:01:54,1277659,,,,,,,,,,,,,,,,,,,,,,,,,,,,,,,,,,,,,,,,,,,,,,,,,TN
746,cfcd183fdaf2f88815f6093aa7d7065aed3e13d2,0.1424696458529504,autoland,4768104,12,53390121d39b212135aaffcd577053a14c7f0dff,linux1804-64-shippable-qr,True,False,,,102210fe594ee9b33d82058545b1ed14f4c8206e,custom.jsdebugger.stepOut.DAMP,damp,True,damp custom.jsdebugger.stepOut.DAMP opt e10s fission stylo webrender,4767202,77,ms,firefox,,1732626117,2023-07-25 14:24:57,1277671,,,,,,,,,,,,,,,,,,,,,,,,,,,,,,,,,,,,,,,,,,,,,,,,,TN
747,6f95df6ad7c165657dccff65dbe5995e85d4ef8b,0.10248581450506511,autoland,4768104,12,53390121d39b212135aaffcd577053a14c7f0dff,linux1804-64-shippable-qr,True,False,,,102210fe594ee9b33d82058545b1ed14f4c8206e,custom.jsdebugger.stepOut.DAMP,damp,True,damp custom.jsdebugger.stepOut.DAMP opt e10s fission stylo webrender,4767202,77,ms,firefox,,1732625649,2023-07-25 14:26:25,1277672,,,,,,,,,,,,,,,,,,,,,,,,,,,,,,,,,,,,,,,,,,,,,,,,,TN
748,1ae7562fa2353aa63871f769d4e0a1cdd9becf78,0.10359306993659212,autoland,4768104,12,53390121d39b212135aaffcd577053a14c7f0dff,linux1804-64-shippable-qr,True,False,,,102210fe594ee9b33d82058545b1ed14f4c8206e,custom.jsdebugger.stepOut.DAMP,damp,True,damp custom.jsdebugger.stepOut.DAMP opt e10s fission stylo webrender,4767202,77,ms,firefox,,1731255433,2023-07-25 14:49:04,1277682,,,,,,,,,,,,,,,,,,,,,,,,,,,,,,,,,,,,,,,,,,,,,,,,,TN
749,d527a07831120c8a17f50c86fba6fa00496eb157,0.10255856835227117,autoland,4768104,12,53390121d39b212135aaffcd577053a14c7f0dff,linux1804-64-shippable-qr,True,False,,,102210fe594ee9b33d82058545b1ed14f4c8206e,custom.jsdebugger.stepOut.DAMP,damp,True,damp custom.jsdebugger.stepOut.DAMP opt e10s fission stylo webrender,4767202,77,ms,firefox,,1732625824,2023-07-25 14:51:59,1277684,,,,,,,,,,,,,,,,,,,,,,,,,,,,,,,,,,,,,,,,,,,,,,,,,TN
750,44c66f2233cfcdfa9e3c70e71ea82d2e4f0c4ae9,0.10185049184445938,autoland,4768104,12,53390121d39b212135aaffcd577053a14c7f0dff,linux1804-64-shippable-qr,True,False,,,102210fe594ee9b33d82058545b1ed14f4c8206e,custom.jsdebugger.stepOut.DAMP,damp,True,damp custom.jsdebugger.stepOut.DAMP opt e10s fission stylo webrender,4767202,77,ms,firefox,,1732625479,2023-07-25 14:54:35,1277686,,,,,,,,,,,,,,,,,,,,,,,,,,,,,,,,,,,,,,,,,,,,,,,,,TN
751,411fcc325af6d8e2073d1ea503cf3ffdad23a67f,0.1049000598905292,autoland,4768104,12,53390121d39b212135aaffcd577053a14c7f0dff,linux1804-64-shippable-qr,True,False,,,102210fe594ee9b33d82058545b1ed14f4c8206e,custom.jsdebugger.stepOut.DAMP,damp,True,damp custom.jsdebugger.stepOut.DAMP opt e10s fission stylo webrender,4767202,77,ms,firefox,,1732625381,2023-07-25 15:17:06,1277707,,,,,,,,,,,,,,,,,,,,,,,,,,,,,,,,,,,,,,,,,,,,,,,,,TN
752,c30662ce80ba57a0977cdeb03e776a28af4fa2fb,0.10304859395431687,autoland,4768104,12,53390121d39b212135aaffcd577053a14c7f0dff,linux1804-64-shippable-qr,True,False,,,102210fe594ee9b33d82058545b1ed14f4c8206e,custom.jsdebugger.stepOut.DAMP,damp,True,damp custom.jsdebugger.stepOut.DAMP opt e10s fission stylo webrender,4767202,77,ms,firefox,,1731239644,2023-07-25 15:17:56,1277708,,,,,,,,,,,,,,,,,,,,,,,,,,,,,,,,,,,,,,,,,,,,,,,,,TN
753,057497f52bb2035ba4da666b7398ffa1e6c65bb5,0.11949522483587027,autoland,4768104,12,53390121d39b212135aaffcd577053a14c7f0dff,linux1804-64-shippable-qr,True,False,,,102210fe594ee9b33d82058545b1ed14f4c8206e,custom.jsdebugger.stepOut.DAMP,damp,True,damp custom.jsdebugger.stepOut.DAMP opt e10s fission stylo webrender,4767202,77,ms,firefox,,1732625543,2023-07-25 20:18:24,1277896,,,,,,,,,,,,,,,,,,,,,,,,,,,,,,,,,,,,,,,,,,,,,,,,,TN
754,a6ca8c0a7fba3856ffad0d5c0c64baaa8819d5bb,0.10908650454196667,autoland,4768104,12,53390121d39b212135aaffcd577053a14c7f0dff,linux1804-64-shippable-qr,True,False,,,102210fe594ee9b33d82058545b1ed14f4c8206e,custom.jsdebugger.stepOut.DAMP,damp,True,damp custom.jsdebugger.stepOut.DAMP opt e10s fission stylo webrender,4767202,77,ms,firefox,,1732625701,2023-07-25 20:45:03,1277910,,,,,,,,,,,,,,,,,,,,,,,,,,,,,,,,,,,,,,,,,,,,,,,,,TN
755,ca12d2a93c0cf33c19d053a5dd0838600f53e49a,0.10884893205761514,autoland,4768104,12,53390121d39b212135aaffcd577053a14c7f0dff,linux1804-64-shippable-qr,True,False,,,102210fe594ee9b33d82058545b1ed14f4c8206e,custom.jsdebugger.stepOut.DAMP,damp,True,damp custom.jsdebugger.stepOut.DAMP opt e10s fission stylo webrender,4767202,77,ms,firefox,,1732626198,2023-07-25 20:52:29,1277922,,,,,,,,,,,,,,,,,,,,,,,,,,,,,,,,,,,,,,,,,,,,,,,,,TN
756,d5d1d5d6429085ee7a7dac10f50bba5a9f759b6a,0.12320543855124044,autoland,4768104,12,53390121d39b212135aaffcd577053a14c7f0dff,linux1804-64-shippable-qr,True,False,,,102210fe594ee9b33d82058545b1ed14f4c8206e,custom.jsdebugger.stepOut.DAMP,damp,True,damp custom.jsdebugger.stepOut.DAMP opt e10s fission stylo webrender,4767202,77,ms,firefox,,1732625914,2023-07-25 20:55:09,1277925,,,,,,,,,,,,,,,,,,,,,,,,,,,,,,,,,,,,,,,,,,,,,,,,,TN
757,f3394bd0f55464102249e5a298c67475414d10fa,0.11145444579230968,autoland,4768104,12,53390121d39b212135aaffcd577053a14c7f0dff,linux1804-64-shippable-qr,True,False,,,102210fe594ee9b33d82058545b1ed14f4c8206e,custom.jsdebugger.stepOut.DAMP,damp,True,damp custom.jsdebugger.stepOut.DAMP opt e10s fission stylo webrender,4767202,77,ms,firefox,,1732625885,2023-07-25 21:19:11,1277946,,,,,,,,,,,,,,,,,,,,,,,,,,,,,,,,,,,,,,,,,,,,,,,,,TN
758,17f9ed6698aaa87c31dced8cd2d939cae19f367a,0.11098532580578868,autoland,4768104,12,53390121d39b212135aaffcd577053a14c7f0dff,linux1804-64-shippable-qr,True,False,,,102210fe594ee9b33d82058545b1ed14f4c8206e,custom.jsdebugger.stepOut.DAMP,damp,True,damp custom.jsdebugger.stepOut.DAMP opt e10s fission stylo webrender,4767202,77,ms,firefox,,1732625770,2023-07-25 21:48:19,1277961,,,,,,,,,,,,,,,,,,,,,,,,,,,,,,,,,,,,,,,,,,,,,,,,,TN
759,1316e023af4411c289e2fe2c7d2d73d9b1ac3fb0,0.10475230971829119,autoland,4768104,12,53390121d39b212135aaffcd577053a14c7f0dff,linux1804-64-shippable-qr,True,False,,,102210fe594ee9b33d82058545b1ed14f4c8206e,custom.jsdebugger.stepOut.DAMP,damp,True,damp custom.jsdebugger.stepOut.DAMP opt e10s fission stylo webrender,4767202,77,ms,firefox,,1732625443,2023-07-25 22:12:28,1277974,,,,,,,,,,,,,,,,,,,,,,,,,,,,,,,,,,,,,,,,,,,,,,,,,TN
760,2157132d0eb549ea402a565dc385cf4b7d45e801,0.12411831776006466,autoland,4768104,12,53390121d39b212135aaffcd577053a14c7f0dff,linux1804-64-shippable-qr,True,False,,,102210fe594ee9b33d82058545b1ed14f4c8206e,custom.jsdebugger.stepOut.DAMP,damp,True,damp custom.jsdebugger.stepOut.DAMP opt e10s fission stylo webrender,4767202,77,ms,firefox,,1732626038,2023-07-25 22:23:11,1277980,,,,,,,,,,,,,,,,,,,,,,,,,,,,,,,,,,,,,,,,,,,,,,,,,TN
761,ba78719b1628b2e46480c18b389e7acefc010d51,0.10602041647920513,autoland,4768104,12,53390121d39b212135aaffcd577053a14c7f0dff,linux1804-64-shippable-qr,True,False,,,102210fe594ee9b33d82058545b1ed14f4c8206e,custom.jsdebugger.stepOut.DAMP,damp,True,damp custom.jsdebugger.stepOut.DAMP opt e10s fission stylo webrender,4767202,77,ms,firefox,,1732625215,2023-07-25 22:52:06,1277999,,,,,,,,,,,,,,,,,,,,,,,,,,,,,,,,,,,,,,,,,,,,,,,,,TN
762,9a2f59dbe5917068801919377341eb7c1ea2030d,0.10893895407643739,autoland,4768104,12,53390121d39b212135aaffcd577053a14c7f0dff,linux1804-64-shippable-qr,True,False,,,102210fe594ee9b33d82058545b1ed14f4c8206e,custom.jsdebugger.stepOut.DAMP,damp,True,damp custom.jsdebugger.stepOut.DAMP opt e10s fission stylo webrender,4767202,77,ms,firefox,,1731435524,2023-07-25 23:05:26,1278011,,,,,,,,,,,,,,,,,,,,,,,,,,,,,,,,,,,,,,,,,,,,,,,,,TN
763,3a4381f63e1e45f07f93fa6c783c22d11c83dbce,0.09177555100009127,autoland,4768104,12,53390121d39b212135aaffcd577053a14c7f0dff,linux1804-64-shippable-qr,True,False,,,102210fe594ee9b33d82058545b1ed14f4c8206e,custom.jsdebugger.stepOut.DAMP,damp,True,damp custom.jsdebugger.stepOut.DAMP opt e10s fission stylo webrender,4767202,77,ms,firefox,,1732643611,2023-07-25 23:13:28,1278016,,,,,,,,,,,,,,,,,,,,,,,,,,,,,,,,,,,,,,,,,,,,,,,,,TN
764,c140d19fe155639178de2175a90af12e66449a31,0.1037049494069413,autoland,4768104,12,53390121d39b212135aaffcd577053a14c7f0dff,linux1804-64-shippable-qr,True,False,,,102210fe594ee9b33d82058545b1ed14f4c8206e,custom.jsdebugger.stepOut.DAMP,damp,True,damp custom.jsdebugger.stepOut.DAMP opt e10s fission stylo webrender,4767202,77,ms,firefox,,1732641454,2023-07-25 23:30:36,1278023,,,,,,,,,,,,,,,,,,,,,,,,,,,,,,,,,,,,,,,,,,,,,,,,,TN
765,3344f1cf6de8b03ade3a0b50df1263a5bd9f457e,0.12270867955453402,autoland,4768104,12,53390121d39b212135aaffcd577053a14c7f0dff,linux1804-64-shippable-qr,True,False,,,102210fe594ee9b33d82058545b1ed14f4c8206e,custom.jsdebugger.stepOut.DAMP,damp,True,damp custom.jsdebugger.stepOut.DAMP opt e10s fission stylo webrender,4767202,77,ms,firefox,,1732660248,2023-07-26 01:04:05,1278053,,,,,,,,,,,,,,,,,,,,,,,,,,,,,,,,,,,,,,,,,,,,,,,,,TN
766,7b936114a1fa502c293f2305d90cd2093639f58e,0.12771216108821837,autoland,4768104,12,53390121d39b212135aaffcd577053a14c7f0dff,linux1804-64-shippable-qr,True,False,,,102210fe594ee9b33d82058545b1ed14f4c8206e,custom.jsdebugger.stepOut.DAMP,damp,True,damp custom.jsdebugger.stepOut.DAMP opt e10s fission stylo webrender,4767202,77,ms,firefox,,1732642701,2023-07-26 02:22:46,1278081,,,,,,,,,,,,,,,,,,,,,,,,,,,,,,,,,,,,,,,,,,,,,,,,,TN
767,14b4f6cfc1e92fefc60103b4e95a0b1edd9b4222,0.12125490119991644,autoland,4768104,12,53390121d39b212135aaffcd577053a14c7f0dff,linux1804-64-shippable-qr,True,False,,,102210fe594ee9b33d82058545b1ed14f4c8206e,custom.jsdebugger.stepOut.DAMP,damp,True,damp custom.jsdebugger.stepOut.DAMP opt e10s fission stylo webrender,4767202,77,ms,firefox,,1732662745,2023-07-26 02:23:39,1278083,,,,,,,,,,,,,,,,,,,,,,,,,,,,,,,,,,,,,,,,,,,,,,,,,TN
768,5a5505a8a6f4a89154c4b06113db559e6c415128,0.1049885985158534,autoland,4768104,12,53390121d39b212135aaffcd577053a14c7f0dff,linux1804-64-shippable-qr,True,False,,,102210fe594ee9b33d82058545b1ed14f4c8206e,custom.jsdebugger.stepOut.DAMP,damp,True,damp custom.jsdebugger.stepOut.DAMP opt e10s fission stylo webrender,4767202,77,ms,firefox,,1732640151,2023-07-26 02:24:34,1278085,,,,,,,,,,,,,,,,,,,,,,,,,,,,,,,,,,,,,,,,,,,,,,,,,TN
769,3f7884c6265a9ea179ee350a72d19344a34f082b,0.1114053457634181,autoland,4768104,12,53390121d39b212135aaffcd577053a14c7f0dff,linux1804-64-shippable-qr,True,False,,,102210fe594ee9b33d82058545b1ed14f4c8206e,custom.jsdebugger.stepOut.DAMP,damp,True,damp custom.jsdebugger.stepOut.DAMP opt e10s fission stylo webrender,4767202,77,ms,firefox,,1732639826,2023-07-26 02:25:27,1278086,,,,,,,,,,,,,,,,,,,,,,,,,,,,,,,,,,,,,,,,,,,,,,,,,TN
770,6a9aca2a1b89781175cdec2df700998fa9209282,0.09926350711609033,autoland,4768104,12,53390121d39b212135aaffcd577053a14c7f0dff,linux1804-64-shippable-qr,True,False,,,102210fe594ee9b33d82058545b1ed14f4c8206e,custom.jsdebugger.stepOut.DAMP,damp,True,damp custom.jsdebugger.stepOut.DAMP opt e10s fission stylo webrender,4767202,77,ms,firefox,,1731482651,2023-07-26 02:26:30,1278087,,,,,,,,,,,,,,,,,,,,,,,,,,,,,,,,,,,,,,,,,,,,,,,,,TN
771,b99cc496004361222b06a6f18592ea86500fa5a9,0.11143081581967396,autoland,4768104,12,53390121d39b212135aaffcd577053a14c7f0dff,linux1804-64-shippable-qr,True,False,,,102210fe594ee9b33d82058545b1ed14f4c8206e,custom.jsdebugger.stepOut.DAMP,damp,True,damp custom.jsdebugger.stepOut.DAMP opt e10s fission stylo webrender,4767202,77,ms,firefox,,1732640619,2023-07-26 02:28:57,1278088,,,,,,,,,,,,,,,,,,,,,,,,,,,,,,,,,,,,,,,,,,,,,,,,,TN
772,85de6d1cd72462cd0bf9c09a49708a90106356e6,0.10415160686036606,autoland,4768104,12,53390121d39b212135aaffcd577053a14c7f0dff,linux1804-64-shippable-qr,True,False,,,102210fe594ee9b33d82058545b1ed14f4c8206e,custom.jsdebugger.stepOut.DAMP,damp,True,damp custom.jsdebugger.stepOut.DAMP opt e10s fission stylo webrender,4767202,77,ms,firefox,,1732643092,2023-07-26 02:36:09,1278091,,,,,,,,,,,,,,,,,,,,,,,,,,,,,,,,,,,,,,,,,,,,,,,,,TN
773,02b9987dee27f0039898b0b31cb3a764d2780a23,0.10671340469854917,autoland,4768104,12,53390121d39b212135aaffcd577053a14c7f0dff,linux1804-64-shippable-qr,True,False,,,102210fe594ee9b33d82058545b1ed14f4c8206e,custom.jsdebugger.stepOut.DAMP,damp,True,damp custom.jsdebugger.stepOut.DAMP opt e10s fission stylo webrender,4767202,77,ms,firefox,,1732642370,2023-07-26 02:46:16,1278093,,,,,,,,,,,,,,,,,,,,,,,,,,,,,,,,,,,,,,,,,,,,,,,,,TN
774,828cec2f2ca04debd246e8652f86a6dba4df50b0,0.10348383931235827,autoland,4768104,12,53390121d39b212135aaffcd577053a14c7f0dff,linux1804-64-shippable-qr,True,False,,,102210fe594ee9b33d82058545b1ed14f4c8206e,custom.jsdebugger.stepOut.DAMP,damp,True,damp custom.jsdebugger.stepOut.DAMP opt e10s fission stylo webrender,4767202,77,ms,firefox,,1732639768,2023-07-26 02:54:32,1278095,,,,,,,,,,,,,,,,,,,,,,,,,,,,,,,,,,,,,,,,,,,,,,,,,TN
775,a4de8442be49936862ff499ca30e7f8cc2db693b,0.10272155882853085,autoland,4768104,12,53390121d39b212135aaffcd577053a14c7f0dff,linux1804-64-shippable-qr,True,False,,,102210fe594ee9b33d82058545b1ed14f4c8206e,custom.jsdebugger.stepOut.DAMP,damp,True,damp custom.jsdebugger.stepOut.DAMP opt e10s fission stylo webrender,4767202,77,ms,firefox,,1732643370,2023-07-26 03:01:05,1278096,,,,,,,,,,,,,,,,,,,,,,,,,,,,,,,,,,,,,,,,,,,,,,,,,TN
776,6a415b0c2ffba73d444370049dd4b118fffa6638,0.10727602716448525,autoland,4768104,12,53390121d39b212135aaffcd577053a14c7f0dff,linux1804-64-shippable-qr,True,False,,,102210fe594ee9b33d82058545b1ed14f4c8206e,custom.jsdebugger.stepOut.DAMP,damp,True,damp custom.jsdebugger.stepOut.DAMP opt e10s fission stylo webrender,4767202,77,ms,firefox,,1732643461,2023-07-26 03:33:15,1278109,,,,,,,,,,,,,,,,,,,,,,,,,,,,,,,,,,,,,,,,,,,,,,,,,TN
777,54dd5c964e26ca947ad7d1314240ce289d77655a,0.10503304667028002,autoland,4768104,12,53390121d39b212135aaffcd577053a14c7f0dff,linux1804-64-shippable-qr,True,False,,,102210fe594ee9b33d82058545b1ed14f4c8206e,custom.jsdebugger.stepOut.DAMP,damp,True,damp custom.jsdebugger.stepOut.DAMP opt e10s fission stylo webrender,4767202,77,ms,firefox,,1732665999,2023-07-26 05:13:30,1278130,,,,,,,,,,,,,,,,,,,,,,,,,,,,,,,,,,,,,,,,,,,,,,,,,TN
778,f742585cb26e2e15812058bdfa2288ba728f2a8e,0.09298186294328281,autoland,4768104,12,53390121d39b212135aaffcd577053a14c7f0dff,linux1804-64-shippable-qr,True,False,,,102210fe594ee9b33d82058545b1ed14f4c8206e,custom.jsdebugger.stepOut.DAMP,damp,True,damp custom.jsdebugger.stepOut.DAMP opt e10s fission stylo webrender,4767202,77,ms,firefox,,1732646816,2023-07-26 05:58:08,1278141,,,,,,,,,,,,,,,,,,,,,,,,,,,,,,,,,,,,,,,,,,,,,,,,,TN
779,d76341b2daf4a2b9f83be2be265cab8b51ba1102,0.11058929946607088,autoland,4768104,12,53390121d39b212135aaffcd577053a14c7f0dff,linux1804-64-shippable-qr,True,False,,,102210fe594ee9b33d82058545b1ed14f4c8206e,custom.jsdebugger.stepOut.DAMP,damp,True,damp custom.jsdebugger.stepOut.DAMP opt e10s fission stylo webrender,4767202,77,ms,firefox,,1732635730,2023-07-26 06:18:54,1278147,,,,,,,,,,,,,,,,,,,,,,,,,,,,,,,,,,,,,,,,,,,,,,,,,TN
780,8470bc21f160f3c1fecb034308c203412e1fcb3c,0.10849810997575493,autoland,4768104,12,53390121d39b212135aaffcd577053a14c7f0dff,linux1804-64-shippable-qr,True,False,,,102210fe594ee9b33d82058545b1ed14f4c8206e,custom.jsdebugger.stepOut.DAMP,damp,True,damp custom.jsdebugger.stepOut.DAMP opt e10s fission stylo webrender,4767202,77,ms,firefox,,1731542216,2023-07-26 06:49:07,1278154,,,,,,,,,,,,,,,,,,,,,,,,,,,,,,,,,,,,,,,,,,,,,,,,,TN
781,87846ae3f12d74bcc97619bea65453ce0aca0e54,0.09987421716759837,autoland,4768104,12,53390121d39b212135aaffcd577053a14c7f0dff,linux1804-64-shippable-qr,True,False,,,102210fe594ee9b33d82058545b1ed14f4c8206e,custom.jsdebugger.stepOut.DAMP,damp,True,damp custom.jsdebugger.stepOut.DAMP opt e10s fission stylo webrender,4767202,77,ms,firefox,,1731585529,2023-07-26 09:35:06,1278218,,,,,,,,,,,,,,,,,,,,,,,,,,,,,,,,,,,,,,,,,,,,,,,,,TN
782,b65b154c05c37b796b5c0ef7cc01fd37ecfdea1c,0.10743990688208083,autoland,4768104,12,53390121d39b212135aaffcd577053a14c7f0dff,linux1804-64-shippable-qr,True,False,,,102210fe594ee9b33d82058545b1ed14f4c8206e,custom.jsdebugger.stepOut.DAMP,damp,True,damp custom.jsdebugger.stepOut.DAMP opt e10s fission stylo webrender,4767202,77,ms,firefox,,1731738247,2023-07-26 15:38:17,1278401,,,,,,,,,,,,,,,,,,,,,,,,,,,,,,,,,,,,,,,,,,,,,,,,,TN
783,84a5d1af6f7ff3689a022412a1fbc2c6632a5f96,0.10289749447221896,autoland,4768104,12,53390121d39b212135aaffcd577053a14c7f0dff,linux1804-64-shippable-qr,True,False,,,102210fe594ee9b33d82058545b1ed14f4c8206e,custom.jsdebugger.stepOut.DAMP,damp,True,damp custom.jsdebugger.stepOut.DAMP opt e10s fission stylo webrender,4767202,77,ms,firefox,,1731928170,2023-07-26 23:24:58,1278695,,,,,,,,,,,,,,,,,,,,,,,,,,,,,,,,,,,,,,,,,,,,,,,,,TN
784,3e5ffa17cbfe0cff1585c411714ca008dc6ae15e,0.10685363357859368,autoland,4768104,12,53390121d39b212135aaffcd577053a14c7f0dff,linux1804-64-shippable-qr,True,False,,,102210fe594ee9b33d82058545b1ed14f4c8206e,custom.jsdebugger.stepOut.DAMP,damp,True,damp custom.jsdebugger.stepOut.DAMP opt e10s fission stylo webrender,4767202,77,ms,firefox,,1731979446,2023-07-27 01:40:00,1278764,,,,,,,,,,,,,,,,,,,,,,,,,,,,,,,,,,,,,,,,,,,,,,,,,TN
785,84800a0d7e6ed9c82449cedd7ba57c2061572292,0.10832593597184736,autoland,4768104,12,53390121d39b212135aaffcd577053a14c7f0dff,linux1804-64-shippable-qr,True,False,,,102210fe594ee9b33d82058545b1ed14f4c8206e,custom.jsdebugger.stepOut.DAMP,damp,True,damp custom.jsdebugger.stepOut.DAMP opt e10s fission stylo webrender,4767202,77,ms,firefox,,1732133179,2023-07-27 11:30:20,1278928,,,,,,,,,,,,,,,,,,,,,,,,,,,,,,,,,,,,,,,,,,,,,,,,,TN
786,481bfcb7b2201e1eb04cebbeee74480be11095cc,0.10093490318192733,autoland,4768104,12,53390121d39b212135aaffcd577053a14c7f0dff,linux1804-64-shippable-qr,True,False,,,102210fe594ee9b33d82058545b1ed14f4c8206e,custom.jsdebugger.stepOut.DAMP,damp,True,damp custom.jsdebugger.stepOut.DAMP opt e10s fission stylo webrender,4767202,77,ms,firefox,,1732268865,2023-07-27 15:18:37,1279069,,,,,,,,,,,,,,,,,,,,,,,,,,,,,,,,,,,,,,,,,,,,,,,,,TN
787,f50f1984cd54c49748c94ebf3f3709aa4c582ead,0.11737084329676861,autoland,4768104,12,53390121d39b212135aaffcd577053a14c7f0dff,linux1804-64-shippable-qr,True,False,,,102210fe594ee9b33d82058545b1ed14f4c8206e,custom.jsdebugger.stepOut.DAMP,damp,True,damp custom.jsdebugger.stepOut.DAMP opt e10s fission stylo webrender,4767202,77,ms,firefox,,1732429709,2023-07-27 19:34:25,1279276,,,,,,,,,,,,,,,,,,,,,,,,,,,,,,,,,,,,,,,,,,,,,,,,,TN
788,0b367e70ac913aeec6308d2b941cff4dc929cd22,0.11662333912181189,autoland,4768104,12,53390121d39b212135aaffcd577053a14c7f0dff,linux1804-64-shippable-qr,True,False,,,102210fe594ee9b33d82058545b1ed14f4c8206e,custom.jsdebugger.stepOut.DAMP,damp,True,damp custom.jsdebugger.stepOut.DAMP opt e10s fission stylo webrender,4767202,77,ms,firefox,,1732506375,2023-07-27 23:35:22,1279407,,,,,,,,,,,,,,,,,,,,,,,,,,,,,,,,,,,,,,,,,,,,,,,,,TN
789,36ce680ea81ccb2f123f0f6831596185e6ea4e83,0.13100599626429799,autoland,4768104,12,53390121d39b212135aaffcd577053a14c7f0dff,linux1804-64-shippable-qr,True,False,,,102210fe594ee9b33d82058545b1ed14f4c8206e,custom.jsdebugger.stepOut.DAMP,damp,True,damp custom.jsdebugger.stepOut.DAMP opt e10s fission stylo webrender,4767202,77,ms,firefox,,1732531907,2023-07-28 01:05:08,1279448,,,,,,,,,,,,,,,,,,,,,,,,,,,,,,,,,,,,,,,,,,,,,,,,,TN
790,10692fd51184d10f78fb0eb56090f3c55827b561,0.10772265679811932,autoland,4768104,12,53390121d39b212135aaffcd577053a14c7f0dff,linux1804-64-shippable-qr,True,False,,,102210fe594ee9b33d82058545b1ed14f4c8206e,custom.jsdebugger.stepOut.DAMP,damp,True,damp custom.jsdebugger.stepOut.DAMP opt e10s fission stylo webrender,4767202,77,ms,firefox,,1732613743,2023-07-28 05:46:55,1279508,,,,,,,,,,,,,,,,,,,,,,,,,,,,,,,,,,,,,,,,,,,,,,,,,TN
791,af33198f4756b96446ab9cb00f77cc6e2b27f314,0.1056798390531668,autoland,4768104,12,53390121d39b212135aaffcd577053a14c7f0dff,linux1804-64-shippable-qr,True,False,,,102210fe594ee9b33d82058545b1ed14f4c8206e,custom.jsdebugger.stepOut.DAMP,damp,True,damp custom.jsdebugger.stepOut.DAMP opt e10s fission stylo webrender,4767202,77,ms,firefox,,1732728383,2023-07-28 11:09:37,1279609,,,,,,,,,,,,,,,,,,,,,,,,,,,,,,,,,,,,,,,,,,,,,,,,,TN
792,08098e30932d89da82f6e452fff88fee938088d7,0.11222057733667512,autoland,4768104,12,53390121d39b212135aaffcd577053a14c7f0dff,linux1804-64-shippable-qr,True,False,,,102210fe594ee9b33d82058545b1ed14f4c8206e,custom.jsdebugger.stepOut.DAMP,damp,True,damp custom.jsdebugger.stepOut.DAMP opt e10s fission stylo webrender,4767202,77,ms,firefox,,1732828041,2023-07-28 14:46:21,1279720,,,,,,,,,,,,,,,,,,,,,,,,,,,,,,,,,,,,,,,,,,,,,,,,,TN
793,2f51f44f5da6afbdb8a587b03f47fcdc7b672475,0.10828968672140582,autoland,4768104,12,53390121d39b212135aaffcd577053a14c7f0dff,linux1804-64-shippable-qr,True,False,,,102210fe594ee9b33d82058545b1ed14f4c8206e,custom.jsdebugger.stepOut.DAMP,damp,True,damp custom.jsdebugger.stepOut.DAMP opt e10s fission stylo webrender,4767202,77,ms,firefox,,1732943052,2023-07-28 18:48:27,1279862,,,,,,,,,,,,,,,,,,,,,,,,,,,,,,,,,,,,,,,,,,,,,,,,,TN
794,95255b6bb2d51d6c10d6a3471da82aeaf7512c0f,0.11140311918261947,autoland,4768104,12,53390121d39b212135aaffcd577053a14c7f0dff,linux1804-64-shippable-qr,True,False,,,102210fe594ee9b33d82058545b1ed14f4c8206e,custom.jsdebugger.stepOut.DAMP,damp,True,damp custom.jsdebugger.stepOut.DAMP opt e10s fission stylo webrender,4767202,77,ms,firefox,,1733000775,2023-07-28 22:56:39,1279985,,,,,,,,,,,,,,,,,,,,,,,,,,,,,,,,,,,,,,,,,,,,,,,,,TN
795,1c410aed156878dc739ffdb4343c315fb0bb0a00,0.10782060647757619,autoland,4768104,12,53390121d39b212135aaffcd577053a14c7f0dff,linux1804-64-shippable-qr,True,False,,,102210fe594ee9b33d82058545b1ed14f4c8206e,custom.jsdebugger.stepOut.DAMP,damp,True,damp custom.jsdebugger.stepOut.DAMP opt e10s fission stylo webrender,4767202,77,ms,firefox,,1733046002,2023-07-29 03:44:49,1280031,,,,,,,,,,,,,,,,,,,,,,,,,,,,,,,,,,,,,,,,,,,,,,,,,TN
796,5f1e1cd609f68ff20fbea6b02e5a3444f7dd303d,0.11309645615944963,autoland,4768104,12,53390121d39b212135aaffcd577053a14c7f0dff,linux1804-64-shippable-qr,True,False,,,102210fe594ee9b33d82058545b1ed14f4c8206e,custom.jsdebugger.stepOut.DAMP,damp,True,damp custom.jsdebugger.stepOut.DAMP opt e10s fission stylo webrender,4767202,77,ms,firefox,,1733108268,2023-07-29 09:43:33,1280059,,,,,,,,,,,,,,,,,,,,,,,,,,,,,,,,,,,,,,,,,,,,,,,,,TN
797,9a9597eb50561ea739c8a26da45dcbad6557a326,0.10154225796211414,autoland,4768104,12,53390121d39b212135aaffcd577053a14c7f0dff,linux1804-64-shippable-qr,True,False,,,102210fe594ee9b33d82058545b1ed14f4c8206e,custom.jsdebugger.stepOut.DAMP,damp,True,damp custom.jsdebugger.stepOut.DAMP opt e10s fission stylo webrender,4767202,77,ms,firefox,,1733193633,2023-07-30 01:23:54,1280105,,,,,,,,,,,,,,,,,,,,,,,,,,,,,,,,,,,,,,,,,,,,,,,,,TN
798,ce5b2b0d4bc01294b78eeb50a7738e0b5755b3a4,0.11180866686226221,autoland,4768104,12,53390121d39b212135aaffcd577053a14c7f0dff,linux1804-64-shippable-qr,True,False,,,102210fe594ee9b33d82058545b1ed14f4c8206e,custom.jsdebugger.stepOut.DAMP,damp,True,damp custom.jsdebugger.stepOut.DAMP opt e10s fission stylo webrender,4767202,77,ms,firefox,,1733279251,2023-07-30 13:52:06,1280125,,,,,,,,,,,,,,,,,,,,,,,,,,,,,,,,,,,,,,,,,,,,,,,,,TN
799,bba3456af1314079700b1a73704b05f5b71808c0,0.10767137887314959,autoland,4768104,12,53390121d39b212135aaffcd577053a14c7f0dff,linux1804-64-shippable-qr,True,False,,,102210fe594ee9b33d82058545b1ed14f4c8206e,custom.jsdebugger.stepOut.DAMP,damp,True,damp custom.jsdebugger.stepOut.DAMP opt e10s fission stylo webrender,4767202,77,ms,firefox,,1734431058,2023-07-30 21:10:03,1280149,,,,,,,,,,,,,,,,,,,,,,,,,,,,,,,,,,,,,,,,,,,,,,,,,TN
800,91dd0dbb8e738b29e6f14bdbaaf28f2b1f531b2b,0.10498480408847022,autoland,4768104,12,53390121d39b212135aaffcd577053a14c7f0dff,linux1804-64-shippable-qr,True,False,,,102210fe594ee9b33d82058545b1ed14f4c8206e,custom.jsdebugger.stepOut.DAMP,damp,True,damp custom.jsdebugger.stepOut.DAMP opt e10s fission stylo webrender,4767202,77,ms,firefox,,1733345821,2023-07-31 04:52:45,1280185,,,,,,,,,,,,,,,,,,,,,,,,,,,,,,,,,,,,,,,,,,,,,,,,,TN
801,de9db70356d707696cb66f7e68eb63e428c82734,0.10259380118504557,autoland,4768104,12,53390121d39b212135aaffcd577053a14c7f0dff,linux1804-64-shippable-qr,True,False,,,102210fe594ee9b33d82058545b1ed14f4c8206e,custom.jsdebugger.stepOut.DAMP,damp,True,damp custom.jsdebugger.stepOut.DAMP opt e10s fission stylo webrender,4767202,77,ms,firefox,,1734428725,2023-07-31 05:26:32,1280195,,,,,,,,,,,,,,,,,,,,,,,,,,,,,,,,,,,,,,,,,,,,,,,,,TN
802,52c4e09a8b3ce712e69c774040c91606122d491c,0.10693017787893311,autoland,4768104,12,53390121d39b212135aaffcd577053a14c7f0dff,linux1804-64-shippable-qr,True,False,,,102210fe594ee9b33d82058545b1ed14f4c8206e,custom.jsdebugger.stepOut.DAMP,damp,True,damp custom.jsdebugger.stepOut.DAMP opt e10s fission stylo webrender,4767202,77,ms,firefox,,1734428259,2023-07-31 06:59:32,1280212,,,,,,,,,,,,,,,,,,,,,,,,,,,,,,,,,,,,,,,,,,,,,,,,,TN
803,2b16642c816d0e26e8e7485e3196a604bf9e925d,0.11152878238977504,autoland,4768104,12,53390121d39b212135aaffcd577053a14c7f0dff,linux1804-64-shippable-qr,True,False,,,102210fe594ee9b33d82058545b1ed14f4c8206e,custom.jsdebugger.stepOut.DAMP,damp,True,damp custom.jsdebugger.stepOut.DAMP opt e10s fission stylo webrender,4767202,77,ms,firefox,,1734424352,2023-07-31 07:49:29,1280226,,,,,,,,,,,,,,,,,,,,,,,,,,,,,,,,,,,,,,,,,,,,,,,,,TN
804,d45bcd7a21bee1357b7776c3a88aee286778e174,0.09492492768711558,autoland,4768104,12,53390121d39b212135aaffcd577053a14c7f0dff,linux1804-64-shippable-qr,True,False,,,102210fe594ee9b33d82058545b1ed14f4c8206e,custom.jsdebugger.stepOut.DAMP,damp,True,damp custom.jsdebugger.stepOut.DAMP opt e10s fission stylo webrender,4767202,77,ms,firefox,,1734426959,2023-07-31 08:04:54,1280228,,,,,,,,,,,,,,,,,,,,,,,,,,,,,,,,,,,,,,,,,,,,,,,,,TN
805,2b4f8ad0cecd1e9ce287bf572fd28b8b94d91717,0.1119211961246156,autoland,4768104,12,53390121d39b212135aaffcd577053a14c7f0dff,linux1804-64-shippable-qr,True,False,,,102210fe594ee9b33d82058545b1ed14f4c8206e,custom.jsdebugger.stepOut.DAMP,damp,True,damp custom.jsdebugger.stepOut.DAMP opt e10s fission stylo webrender,4767202,77,ms,firefox,,1733401463,2023-07-31 09:26:34,1280244,,,,,,,,,,,,,,,,,,,,,,,,,,,,,,,,,,,,,,,,,,,,,,,,,TN
806,c028aea4532a0e50fb6bebc41152241767d39b19,0.14913797386742722,autoland,4768104,12,53390121d39b212135aaffcd577053a14c7f0dff,linux1804-64-shippable-qr,True,False,,,102210fe594ee9b33d82058545b1ed14f4c8206e,custom.jsdebugger.stepOut.DAMP,damp,True,damp custom.jsdebugger.stepOut.DAMP opt e10s fission stylo webrender,4767202,77,ms,firefox,,1734429371,2023-07-31 10:32:30,1280273,,,,,,,,,,,,,,,,,,,,,,,,,,,,,,,,,,,,,,,,,,,,,,,,,TN
807,4f54f2ed8c932a24ace5049feeb230581184a46c,0.09334090181327293,autoland,4768104,12,53390121d39b212135aaffcd577053a14c7f0dff,linux1804-64-shippable-qr,True,False,,,102210fe594ee9b33d82058545b1ed14f4c8206e,custom.jsdebugger.stepOut.DAMP,damp,True,damp custom.jsdebugger.stepOut.DAMP opt e10s fission stylo webrender,4767202,77,ms,firefox,,1734428312,2023-07-31 10:38:26,1280275,,,,,,,,,,,,,,,,,,,,,,,,,,,,,,,,,,,,,,,,,,,,,,,,,TN
808,805b1cd5321098059e548eed4aa9db6f43cd833e,0.09721006020546841,autoland,4768104,12,53390121d39b212135aaffcd577053a14c7f0dff,linux1804-64-shippable-qr,True,False,,,102210fe594ee9b33d82058545b1ed14f4c8206e,custom.jsdebugger.stepOut.DAMP,damp,True,damp custom.jsdebugger.stepOut.DAMP opt e10s fission stylo webrender,4767202,77,ms,firefox,,1733455965,2023-07-31 10:39:42,1280276,,,,,,,,,,,,,,,,,,,,,,,,,,,,,,,,,,,,,,,,,,,,,,,,,TN
809,0e9cb62ee3805ddb89441d8ba79a60974941a78c,0.10158043969782304,autoland,4768104,12,53390121d39b212135aaffcd577053a14c7f0dff,linux1804-64-shippable-qr,True,False,,,102210fe594ee9b33d82058545b1ed14f4c8206e,custom.jsdebugger.stepOut.DAMP,damp,True,damp custom.jsdebugger.stepOut.DAMP opt e10s fission stylo webrender,4767202,77,ms,firefox,,1734429465,2023-07-31 11:58:41,1280300,,,,,,,,,,,,,,,,,,,,,,,,,,,,,,,,,,,,,,,,,,,,,,,,,TN
810,04afef954f1204a63e6f003196bb308fb0d2ad77,0.10676331349008072,autoland,4768104,12,53390121d39b212135aaffcd577053a14c7f0dff,linux1804-64-shippable-qr,True,False,,,102210fe594ee9b33d82058545b1ed14f4c8206e,custom.jsdebugger.stepOut.DAMP,damp,True,damp custom.jsdebugger.stepOut.DAMP opt e10s fission stylo webrender,4767202,77,ms,firefox,,1734429561,2023-07-31 12:24:30,1280309,,,,,,,,,,,,,,,,,,,,,,,,,,,,,,,,,,,,,,,,,,,,,,,,,TN
811,82405e95ba5932d939dc0283a704b4151de19cb2,0.11236627182149905,autoland,4768104,12,53390121d39b212135aaffcd577053a14c7f0dff,linux1804-64-shippable-qr,True,False,,,102210fe594ee9b33d82058545b1ed14f4c8206e,custom.jsdebugger.stepOut.DAMP,damp,True,damp custom.jsdebugger.stepOut.DAMP opt e10s fission stylo webrender,4767202,77,ms,firefox,,1734426693,2023-07-31 12:29:34,1280312,,,,,,,,,,,,,,,,,,,,,,,,,,,,,,,,,,,,,,,,,,,,,,,,,TN
812,25069a171ecec0af4a16feb0518a4d945b96df4b,0.10640242956851753,autoland,4768104,12,53390121d39b212135aaffcd577053a14c7f0dff,linux1804-64-shippable-qr,True,False,,,102210fe594ee9b33d82058545b1ed14f4c8206e,custom.jsdebugger.stepOut.DAMP,damp,True,damp custom.jsdebugger.stepOut.DAMP opt e10s fission stylo webrender,4767202,77,ms,firefox,,1734426294,2023-07-31 13:08:49,1280323,,,,,,,,,,,,,,,,,,,,,,,,,,,,,,,,,,,,,,,,,,,,,,,,,TN
813,97216c9cf71bd28fd6770cb887b9d5bd4101493e,0.11941204550388429,autoland,4768104,12,53390121d39b212135aaffcd577053a14c7f0dff,linux1804-64-shippable-qr,True,False,,,102210fe594ee9b33d82058545b1ed14f4c8206e,custom.jsdebugger.stepOut.DAMP,damp,True,damp custom.jsdebugger.stepOut.DAMP opt e10s fission stylo webrender,4767202,77,ms,firefox,,1734426635,2023-07-31 13:45:27,1280342,,,,,,,,,,,,,,,,,,,,,,,,,,,,,,,,,,,,,,,,,,,,,,,,,TN
814,02ab7c1d0c0d8d605c2bd778ca9c542babdd22d0,0.09807040661590483,autoland,4768104,12,53390121d39b212135aaffcd577053a14c7f0dff,linux1804-64-shippable-qr,True,False,,,102210fe594ee9b33d82058545b1ed14f4c8206e,custom.jsdebugger.stepOut.DAMP,damp,True,damp custom.jsdebugger.stepOut.DAMP opt e10s fission stylo webrender,4767202,77,ms,firefox,,1734430570,2023-07-31 13:50:30,1280344,,,,,,,,,,,,,,,,,,,,,,,,,,,,,,,,,,,,,,,,,,,,,,,,,TN
815,7b994721e8fb3d4c561aa35ab5023267ed0c45f4,0.10019522929817537,autoland,4768104,12,53390121d39b212135aaffcd577053a14c7f0dff,linux1804-64-shippable-qr,True,False,,,102210fe594ee9b33d82058545b1ed14f4c8206e,custom.jsdebugger.stepOut.DAMP,damp,True,damp custom.jsdebugger.stepOut.DAMP opt e10s fission stylo webrender,4767202,77,ms,firefox,,1734406081,2023-07-31 13:51:51,1280346,,,,,,,,,,,,,,,,,,,,,,,,,,,,,,,,,,,,,,,,,,,,,,,,,TN
816,5d30a3fd85667365fb807e7859df252a19d644c8,0.11824133699352801,autoland,4768104,12,53390121d39b212135aaffcd577053a14c7f0dff,linux1804-64-shippable-qr,True,False,,,102210fe594ee9b33d82058545b1ed14f4c8206e,custom.jsdebugger.stepOut.DAMP,damp,True,damp custom.jsdebugger.stepOut.DAMP opt e10s fission stylo webrender,4767202,77,ms,firefox,,1734427440,2023-07-31 13:57:14,1280348,,,,,,,,,,,,,,,,,,,,,,,,,,,,,,,,,,,,,,,,,,,,,,,,,TN
817,9fe508b430347d8f5b1509fd7952e4664e424ae3,0.10292881364960094,autoland,4768104,12,53390121d39b212135aaffcd577053a14c7f0dff,linux1804-64-shippable-qr,True,False,,,102210fe594ee9b33d82058545b1ed14f4c8206e,custom.jsdebugger.stepOut.DAMP,damp,True,damp custom.jsdebugger.stepOut.DAMP opt e10s fission stylo webrender,4767202,77,ms,firefox,,1734428910,2023-07-31 13:58:02,1280350,,,,,,,,,,,,,,,,,,,,,,,,,,,,,,,,,,,,,,,,,,,,,,,,,TN
818,7cad7000bc1c51f14ca241ac2aa08ac299612b8c,0.11600340083227212,autoland,4768104,12,53390121d39b212135aaffcd577053a14c7f0dff,linux1804-64-shippable-qr,True,False,,,102210fe594ee9b33d82058545b1ed14f4c8206e,custom.jsdebugger.stepOut.DAMP,damp,True,damp custom.jsdebugger.stepOut.DAMP opt e10s fission stylo webrender,4767202,77,ms,firefox,,1733655762,2023-07-31 14:45:15,1280380,,,,,,,,,,,,,,,,,,,,,,,,,,,,,,,,,,,,,,,,,,,,,,,,,TN
819,d7e1bc5fa37d0b2113274fe3e262ee053a50115e,0.10113331129418013,autoland,4768104,12,53390121d39b212135aaffcd577053a14c7f0dff,linux1804-64-shippable-qr,True,False,,,102210fe594ee9b33d82058545b1ed14f4c8206e,custom.jsdebugger.stepOut.DAMP,damp,True,damp custom.jsdebugger.stepOut.DAMP opt e10s fission stylo webrender,4767202,77,ms,firefox,,1734428119,2023-07-31 14:53:07,1280386,,,,,,,,,,,,,,,,,,,,,,,,,,,,,,,,,,,,,,,,,,,,,,,,,TN
820,9e236040dbebcbd0457b0eeedbe2f9c748222f7e,0.11404884848198815,autoland,4768104,12,53390121d39b212135aaffcd577053a14c7f0dff,linux1804-64-shippable-qr,True,False,,,102210fe594ee9b33d82058545b1ed14f4c8206e,custom.jsdebugger.stepOut.DAMP,damp,True,damp custom.jsdebugger.stepOut.DAMP opt e10s fission stylo webrender,4767202,77,ms,firefox,,1734406370,2023-07-31 14:55:33,1280390,,,,,,,,,,,,,,,,,,,,,,,,,,,,,,,,,,,,,,,,,,,,,,,,,TN
821,546ff8a87052dd519d6886aaf27a95450b6e4444,0.11313959976214627,autoland,4768104,12,53390121d39b212135aaffcd577053a14c7f0dff,linux1804-64-shippable-qr,True,False,,,102210fe594ee9b33d82058545b1ed14f4c8206e,custom.jsdebugger.stepOut.DAMP,damp,True,damp custom.jsdebugger.stepOut.DAMP opt e10s fission stylo webrender,4767202,77,ms,firefox,,1734406427,2023-07-31 15:11:07,1280402,,,,,,,,,,,,,,,,,,,,,,,,,,,,,,,,,,,,,,,,,,,,,,,,,TN
822,6312f41e52236601468e1305e197e667d5666ba4,0.09752226437628475,autoland,4768104,12,53390121d39b212135aaffcd577053a14c7f0dff,linux1804-64-shippable-qr,True,False,,,102210fe594ee9b33d82058545b1ed14f4c8206e,custom.jsdebugger.stepOut.DAMP,damp,True,damp custom.jsdebugger.stepOut.DAMP opt e10s fission stylo webrender,4767202,77,ms,firefox,,1734429690,2023-07-31 15:11:57,1280403,,,,,,,,,,,,,,,,,,,,,,,,,,,,,,,,,,,,,,,,,,,,,,,,,TN
823,b33a0ed0e057977b753004e4ca4a6671c25b4365,0.11898176797432791,autoland,4768104,12,53390121d39b212135aaffcd577053a14c7f0dff,linux1804-64-shippable-qr,True,False,,,102210fe594ee9b33d82058545b1ed14f4c8206e,custom.jsdebugger.stepOut.DAMP,damp,True,damp custom.jsdebugger.stepOut.DAMP opt e10s fission stylo webrender,4767202,77,ms,firefox,,1734429075,2023-07-31 15:40:05,1280425,,,,,,,,,,,,,,,,,,,,,,,,,,,,,,,,,,,,,,,,,,,,,,,,,TN
824,5ba7142bc00fc3c37628c5cd8692f72163bcb72b,0.1470678598924111,autoland,4768104,12,53390121d39b212135aaffcd577053a14c7f0dff,linux1804-64-shippable-qr,True,False,,,102210fe594ee9b33d82058545b1ed14f4c8206e,custom.jsdebugger.stepOut.DAMP,damp,True,damp custom.jsdebugger.stepOut.DAMP opt e10s fission stylo webrender,4767202,77,ms,firefox,,1734430947,2023-07-31 15:41:07,1280426,,,,,,,,,,,,,,,,,,,,,,,,,,,,,,,,,,,,,,,,,,,,,,,,,TN
825,0a238650aa096b0da883226d02d11fc5178541f3,0.09927881398907545,autoland,4768104,12,53390121d39b212135aaffcd577053a14c7f0dff,linux1804-64-shippable-qr,True,False,,,102210fe594ee9b33d82058545b1ed14f4c8206e,custom.jsdebugger.stepOut.DAMP,damp,True,damp custom.jsdebugger.stepOut.DAMP opt e10s fission stylo webrender,4767202,77,ms,firefox,,1733639010,2023-07-31 16:08:26,1280438,,,,,,,,,,,,,,,,,,,,,,,,,,,,,,,,,,,,,,,,,,,,,,,,,TN
826,085c31f150d35371620bb3f884c9f20b396dbe08,0.11455366132215605,autoland,4768104,12,53390121d39b212135aaffcd577053a14c7f0dff,linux1804-64-shippable-qr,True,False,,,102210fe594ee9b33d82058545b1ed14f4c8206e,custom.jsdebugger.stepOut.DAMP,damp,True,damp custom.jsdebugger.stepOut.DAMP opt e10s fission stylo webrender,4767202,77,ms,firefox,,1734427521,2023-07-31 17:26:23,1280474,,,,,,,,,,,,,,,,,,,,,,,,,,,,,,,,,,,,,,,,,,,,,,,,,TN
827,0421f7e408c0eb7d9af6a93c13910c7c9946b382,0.10857116288628998,autoland,4768104,12,53390121d39b212135aaffcd577053a14c7f0dff,linux1804-64-shippable-qr,True,False,,,102210fe594ee9b33d82058545b1ed14f4c8206e,custom.jsdebugger.stepOut.DAMP,damp,True,damp custom.jsdebugger.stepOut.DAMP opt e10s fission stylo webrender,4767202,77,ms,firefox,,1734424222,2023-07-31 17:49:21,1280484,,,,,,,,,,,,,,,,,,,,,,,,,,,,,,,,,,,,,,,,,,,,,,,,,TN
828,8ccad8ba7c8fc9039264384f077d0fa2744f68c1,0.10022995839311455,autoland,4768104,12,53390121d39b212135aaffcd577053a14c7f0dff,linux1804-64-shippable-qr,True,False,,,102210fe594ee9b33d82058545b1ed14f4c8206e,custom.jsdebugger.stepOut.DAMP,damp,True,damp custom.jsdebugger.stepOut.DAMP opt e10s fission stylo webrender,4767202,77,ms,firefox,,1734429020,2023-07-31 18:12:29,1280493,,,,,,,,,,,,,,,,,,,,,,,,,,,,,,,,,,,,,,,,,,,,,,,,,TN
829,2c6e9abd5c8696bf3044117d681d3197bb75fdd8,0.09648330664992866,autoland,4768104,12,53390121d39b212135aaffcd577053a14c7f0dff,linux1804-64-shippable-qr,True,False,,,102210fe594ee9b33d82058545b1ed14f4c8206e,custom.jsdebugger.stepOut.DAMP,damp,True,damp custom.jsdebugger.stepOut.DAMP opt e10s fission stylo webrender,4767202,77,ms,firefox,,1734406139,2023-07-31 18:25:43,1280504,,,,,,,,,,,,,,,,,,,,,,,,,,,,,,,,,,,,,,,,,,,,,,,,,TN
830,d41d80ba93ff93130bf92e4f2bdc10935a0a3498,0.09607604010155057,autoland,4768104,12,53390121d39b212135aaffcd577053a14c7f0dff,linux1804-64-shippable-qr,True,False,,,102210fe594ee9b33d82058545b1ed14f4c8206e,custom.jsdebugger.stepOut.DAMP,damp,True,damp custom.jsdebugger.stepOut.DAMP opt e10s fission stylo webrender,4767202,77,ms,firefox,,1734432058,2023-07-31 18:54:58,1280527,,,,,,,,,,,,,,,,,,,,,,,,,,,,,,,,,,,,,,,,,,,,,,,,,TN
831,9579da149ac097e5f5dc7ad144f79d09c76bfe7e,0.07603840748969448,autoland,4768104,12,53390121d39b212135aaffcd577053a14c7f0dff,linux1804-64-shippable-qr,True,False,,,102210fe594ee9b33d82058545b1ed14f4c8206e,custom.jsdebugger.stepOut.DAMP,damp,True,damp custom.jsdebugger.stepOut.DAMP opt e10s fission stylo webrender,4767202,77,ms,firefox,,1734424169,2023-07-31 18:56:14,1280530,,,,,,,,,,,,,,,,,,,,,,,,,,,,,,,,,,,,,,,,,,,,,,,,,TN
832,55f52c3ae61cc58827519444e6a1ebf29b6d1789,0.1077041208367231,autoland,4768104,12,53390121d39b212135aaffcd577053a14c7f0dff,linux1804-64-shippable-qr,True,False,,,102210fe594ee9b33d82058545b1ed14f4c8206e,custom.jsdebugger.stepOut.DAMP,damp,True,damp custom.jsdebugger.stepOut.DAMP opt e10s fission stylo webrender,4767202,77,ms,firefox,,1734428964,2023-07-31 18:57:32,1280532,,,,,,,,,,,,,,,,,,,,,,,,,,,,,,,,,,,,,,,,,,,,,,,,,TN
833,9cf349e2c1786f126bc4dad629bd035497f5081d,0.11172182624087013,autoland,4768104,12,53390121d39b212135aaffcd577053a14c7f0dff,linux1804-64-shippable-qr,True,False,,,102210fe594ee9b33d82058545b1ed14f4c8206e,custom.jsdebugger.stepOut.DAMP,damp,True,damp custom.jsdebugger.stepOut.DAMP opt e10s fission stylo webrender,4767202,77,ms,firefox,,1734431941,2023-07-31 19:01:22,1280536,,,,,,,,,,,,,,,,,,,,,,,,,,,,,,,,,,,,,,,,,,,,,,,,,TN
834,416a8b6b6458c743ddaf456c097378c4397aad93,0.10988358665098796,autoland,4768104,12,53390121d39b212135aaffcd577053a14c7f0dff,linux1804-64-shippable-qr,True,False,,,102210fe594ee9b33d82058545b1ed14f4c8206e,custom.jsdebugger.stepOut.DAMP,damp,True,damp custom.jsdebugger.stepOut.DAMP opt e10s fission stylo webrender,4767202,77,ms,firefox,,1734429198,2023-07-31 19:11:00,1280541,,,,,,,,,,,,,,,,,,,,,,,,,,,,,,,,,,,,,,,,,,,,,,,,,TN
835,2d698aca1dece26df297dd085dbde9216e3b2e66,0.10166023593863538,autoland,4768104,12,53390121d39b212135aaffcd577053a14c7f0dff,linux1804-64-shippable-qr,True,False,,,102210fe594ee9b33d82058545b1ed14f4c8206e,custom.jsdebugger.stepOut.DAMP,damp,True,damp custom.jsdebugger.stepOut.DAMP opt e10s fission stylo webrender,4767202,77,ms,firefox,,1733726726,2023-07-31 21:31:29,1280612,,,,,,,,,,,,,,,,,,,,,,,,,,,,,,,,,,,,,,,,,,,,,,,,,TN
836,28250de453513da3369c412cbce0f35b97146bec,0.11753941562503956,autoland,4768104,12,53390121d39b212135aaffcd577053a14c7f0dff,linux1804-64-shippable-qr,True,False,,,102210fe594ee9b33d82058545b1ed14f4c8206e,custom.jsdebugger.stepOut.DAMP,damp,True,damp custom.jsdebugger.stepOut.DAMP opt e10s fission stylo webrender,4767202,77,ms,firefox,,1733774908,2023-07-31 21:34:42,1280618,,,,,,,,,,,,,,,,,,,,,,,,,,,,,,,,,,,,,,,,,,,,,,,,,TN
837,195161a06a7a71dbce0ee5e8ddb8c84f3cb03df7,0.10838746451402792,autoland,4768104,12,53390121d39b212135aaffcd577053a14c7f0dff,linux1804-64-shippable-qr,True,False,,,102210fe594ee9b33d82058545b1ed14f4c8206e,custom.jsdebugger.stepOut.DAMP,damp,True,damp custom.jsdebugger.stepOut.DAMP opt e10s fission stylo webrender,4767202,77,ms,firefox,,1733796750,2023-07-31 23:41:21,1280694,,,,,,,,,,,,,,,,,,,,,,,,,,,,,,,,,,,,,,,,,,,,,,,,,TN
838,ca66ac527c958bd3f26f8c86f291fa85de21ec56,0.09878799552160533,autoland,4768104,12,53390121d39b212135aaffcd577053a14c7f0dff,linux1804-64-shippable-qr,True,False,,,102210fe594ee9b33d82058545b1ed14f4c8206e,custom.jsdebugger.stepOut.DAMP,damp,True,damp custom.jsdebugger.stepOut.DAMP opt e10s fission stylo webrender,4767202,77,ms,firefox,,1733909880,2023-08-01 03:53:20,1280753,,,,,,,,,,,,,,,,,,,,,,,,,,,,,,,,,,,,,,,,,,,,,,,,,TN
839,d5ecff066adaf3a4029a970db93a9f23f1ed2587,0.12133678094795908,autoland,4768104,12,53390121d39b212135aaffcd577053a14c7f0dff,linux1804-64-shippable-qr,True,False,,,102210fe594ee9b33d82058545b1ed14f4c8206e,custom.jsdebugger.stepOut.DAMP,damp,True,damp custom.jsdebugger.stepOut.DAMP opt e10s fission stylo webrender,4767202,77,ms,firefox,,1733888183,2023-08-01 04:02:13,1280758,,,,,,,,,,,,,,,,,,,,,,,,,,,,,,,,,,,,,,,,,,,,,,,,,TN
840,5201d6f4a7e8740bd42f08295800c15e0e18cd7e,0.11399280640954235,autoland,4768104,12,53390121d39b212135aaffcd577053a14c7f0dff,linux1804-64-shippable-qr,True,False,,,102210fe594ee9b33d82058545b1ed14f4c8206e,custom.jsdebugger.stepOut.DAMP,damp,True,damp custom.jsdebugger.stepOut.DAMP opt e10s fission stylo webrender,4767202,77,ms,firefox,,1733992044,2023-08-01 08:15:56,1280812,,,,,,,,,,,,,,,,,,,,,,,,,,,,,,,,,,,,,,,,,,,,,,,,,TN
841,90b19e0d07e5d2cd137f135b860f0357df90e338,0.09510835282884456,autoland,4768104,12,53390121d39b212135aaffcd577053a14c7f0dff,linux1804-64-shippable-qr,True,False,,,102210fe594ee9b33d82058545b1ed14f4c8206e,custom.jsdebugger.stepOut.DAMP,damp,True,damp custom.jsdebugger.stepOut.DAMP opt e10s fission stylo webrender,4767202,77,ms,firefox,,1734094130,2023-08-01 12:32:45,1280938,,,,,,,,,,,,,,,,,,,,,,,,,,,,,,,,,,,,,,,,,,,,,,,,,TN
842,61356e1447e3bb09709883f8b5806a201d39c5a4,0.10588638347479584,autoland,4768104,12,53390121d39b212135aaffcd577053a14c7f0dff,linux1804-64-shippable-qr,True,False,,,102210fe594ee9b33d82058545b1ed14f4c8206e,custom.jsdebugger.stepOut.DAMP,damp,True,damp custom.jsdebugger.stepOut.DAMP opt e10s fission stylo webrender,4767202,77,ms,firefox,,1734105103,2023-08-01 12:49:44,1280953,,,,,,,,,,,,,,,,,,,,,,,,,,,,,,,,,,,,,,,,,,,,,,,,,TN
843,ea7df1f8976b5cdf0d7ddbc918c38d7fffcee983,0.11024983781430175,autoland,4768104,12,53390121d39b212135aaffcd577053a14c7f0dff,linux1804-64-shippable-qr,True,False,,,102210fe594ee9b33d82058545b1ed14f4c8206e,custom.jsdebugger.stepOut.DAMP,damp,True,damp custom.jsdebugger.stepOut.DAMP opt e10s fission stylo webrender,4767202,77,ms,firefox,,1734187007,2023-08-01 15:48:38,1281058,,,,,,,,,,,,,,,,,,,,,,,,,,,,,,,,,,,,,,,,,,,,,,,,,TN
844,fd6f3d21ce3f450906d293c067fdadc62ea991a6,0.12026532070734319,autoland,4768104,12,53390121d39b212135aaffcd577053a14c7f0dff,linux1804-64-shippable-qr,True,False,,,102210fe594ee9b33d82058545b1ed14f4c8206e,custom.jsdebugger.stepOut.DAMP,damp,True,damp custom.jsdebugger.stepOut.DAMP opt e10s fission stylo webrender,4767202,77,ms,firefox,,1734323505,2023-08-01 20:02:17,1281212,,,,,,,,,,,,,,,,,,,,,,,,,,,,,,,,,,,,,,,,,,,,,,,,,TN
845,323a980eddb18489b9d7de1ffeff427026574b4c,0.10452683091536041,autoland,4768104,12,53390121d39b212135aaffcd577053a14c7f0dff,linux1804-64-shippable-qr,True,False,,,102210fe594ee9b33d82058545b1ed14f4c8206e,custom.jsdebugger.stepOut.DAMP,damp,True,damp custom.jsdebugger.stepOut.DAMP opt e10s fission stylo webrender,4767202,77,ms,firefox,,1734387468,2023-08-02 00:13:38,1281337,,,,,,,,,,,,,,,,,,,,,,,,,,,,,,,,,,,,,,,,,,,,,,,,,TN
846,7ee1dad073d03db2f730fd5c2baf77f37e458feb,0.11130019471980557,autoland,4768104,12,53390121d39b212135aaffcd577053a14c7f0dff,linux1804-64-shippable-qr,True,False,,,102210fe594ee9b33d82058545b1ed14f4c8206e,custom.jsdebugger.stepOut.DAMP,damp,True,damp custom.jsdebugger.stepOut.DAMP opt e10s fission stylo webrender,4767202,77,ms,firefox,,1734503122,2023-08-02 06:07:22,1281414,,,,,,,,,,,,,,,,,,,,,,,,,,,,,,,,,,,,,,,,,,,,,,,,,TN
847,a8968f9e8cf0bba14f132004f11b34a8abb93165,0.1013373300718734,autoland,4768104,12,53390121d39b212135aaffcd577053a14c7f0dff,linux1804-64-shippable-qr,True,False,,,102210fe594ee9b33d82058545b1ed14f4c8206e,custom.jsdebugger.stepOut.DAMP,damp,True,damp custom.jsdebugger.stepOut.DAMP opt e10s fission stylo webrender,4767202,77,ms,firefox,,1734495074,2023-08-02 06:35:09,1281421,,,,,,,,,,,,,,,,,,,,,,,,,,,,,,,,,,,,,,,,,,,,,,,,,TN
848,338c2c8d91af0f92fa1a7a3b5fb1830adb54b373,0.10553452212327907,autoland,4768104,12,53390121d39b212135aaffcd577053a14c7f0dff,linux1804-64-shippable-qr,True,False,,,102210fe594ee9b33d82058545b1ed14f4c8206e,custom.jsdebugger.stepOut.DAMP,damp,True,damp custom.jsdebugger.stepOut.DAMP opt e10s fission stylo webrender,4767202,77,ms,firefox,,1734591268,2023-08-02 10:39:12,1281520,,,,,,,,,,,,,,,,,,,,,,,,,,,,,,,,,,,,,,,,,,,,,,,,,TN
849,b21c8906db6d0a7e0fbae7e609d90da9cf977fbb,0.10747170595181488,autoland,4768104,12,53390121d39b212135aaffcd577053a14c7f0dff,linux1804-64-shippable-qr,True,False,,,102210fe594ee9b33d82058545b1ed14f4c8206e,custom.jsdebugger.stepOut.DAMP,damp,True,damp custom.jsdebugger.stepOut.DAMP opt e10s fission stylo webrender,4767202,77,ms,firefox,,1734637768,2023-08-02 12:59:29,1281568,,,,,,,,,,,,,,,,,,,,,,,,,,,,,,,,,,,,,,,,,,,,,,,,,TN
850,90ca26ab8ee142d08164d3ed9761aa023bc4e2aa,0.10955457929731205,autoland,4768104,12,53390121d39b212135aaffcd577053a14c7f0dff,linux1804-64-shippable-qr,True,False,,,102210fe594ee9b33d82058545b1ed14f4c8206e,custom.jsdebugger.stepOut.DAMP,damp,True,damp custom.jsdebugger.stepOut.DAMP opt e10s fission stylo webrender,4767202,77,ms,firefox,,1734727931,2023-08-02 16:29:38,1281697,,,,,,,,,,,,,,,,,,,,,,,,,,,,,,,,,,,,,,,,,,,,,,,,,TN
851,9836af94c959ecca4666d7f0c19125b41969ff65,0.1044281728236991,autoland,4768104,12,53390121d39b212135aaffcd577053a14c7f0dff,linux1804-64-shippable-qr,True,False,,,102210fe594ee9b33d82058545b1ed14f4c8206e,custom.jsdebugger.stepOut.DAMP,damp,True,damp custom.jsdebugger.stepOut.DAMP opt e10s fission stylo webrender,4767202,77,ms,firefox,,1735022553,2023-08-03 00:54:50,1282044,,,,,,,,,,,,,,,,,,,,,,,,,,,,,,,,,,,,,,,,,,,,,,,,,TN
852,c37e853eb755f0f4110f01509516da8c93baf284,0.11525036845790182,autoland,4768104,12,53390121d39b212135aaffcd577053a14c7f0dff,linux1804-64-shippable-qr,True,False,,,102210fe594ee9b33d82058545b1ed14f4c8206e,custom.jsdebugger.stepOut.DAMP,damp,True,damp custom.jsdebugger.stepOut.DAMP opt e10s fission stylo webrender,4767202,77,ms,firefox,,1735053177,2023-08-03 00:55:51,1282045,,,,,,,,,,,,,,,,,,,,,,,,,,,,,,,,,,,,,,,,,,,,,,,,,TN
853,1eb2f6905e74aa982d6b71bec524ccfde726bb7b,0.10685515373407051,autoland,4768104,12,53390121d39b212135aaffcd577053a14c7f0dff,linux1804-64-shippable-qr,True,False,,,102210fe594ee9b33d82058545b1ed14f4c8206e,custom.jsdebugger.stepOut.DAMP,damp,True,damp custom.jsdebugger.stepOut.DAMP opt e10s fission stylo webrender,4767202,77,ms,firefox,,1735152637,2023-08-03 05:32:27,1282117,,,,,,,,,,,,,,,,,,,,,,,,,,,,,,,,,,,,,,,,,,,,,,,,,TN
854,6f55c55c40c70eff3b82d3129f516257598ea115,0.10614975587931119,autoland,4768104,12,53390121d39b212135aaffcd577053a14c7f0dff,linux1804-64-shippable-qr,True,False,,,102210fe594ee9b33d82058545b1ed14f4c8206e,custom.jsdebugger.stepOut.DAMP,damp,True,damp custom.jsdebugger.stepOut.DAMP opt e10s fission stylo webrender,4767202,77,ms,firefox,,1735201245,2023-08-03 09:35:33,1282197,,,,,,,,,,,,,,,,,,,,,,,,,,,,,,,,,,,,,,,,,,,,,,,,,TN
855,9a8ae552959ec73c3546151f30d131552d64bce0,0.1058802511873933,autoland,4768104,12,53390121d39b212135aaffcd577053a14c7f0dff,linux1804-64-shippable-qr,True,False,,,102210fe594ee9b33d82058545b1ed14f4c8206e,custom.jsdebugger.stepOut.DAMP,damp,True,damp custom.jsdebugger.stepOut.DAMP opt e10s fission stylo webrender,4767202,77,ms,firefox,,1735268094,2023-08-03 11:38:24,1282235,,,,,,,,,,,,,,,,,,,,,,,,,,,,,,,,,,,,,,,,,,,,,,,,,TN
856,b801323d1ecc3535a192916c7cb0575710458777,0.10375685824611369,autoland,4768104,12,53390121d39b212135aaffcd577053a14c7f0dff,linux1804-64-shippable-qr,True,False,,,102210fe594ee9b33d82058545b1ed14f4c8206e,custom.jsdebugger.stepOut.DAMP,damp,True,damp custom.jsdebugger.stepOut.DAMP opt e10s fission stylo webrender,4767202,77,ms,firefox,,1735459901,2023-08-03 15:46:38,1282361,,,,,,,,,,,,,,,,,,,,,,,,,,,,,,,,,,,,,,,,,,,,,,,,,TN
857,58d067f89f59472dc1a89d573ccebb4850863efa,0.10489392760314842,autoland,4768104,12,53390121d39b212135aaffcd577053a14c7f0dff,linux1804-64-shippable-qr,True,False,,,102210fe594ee9b33d82058545b1ed14f4c8206e,custom.jsdebugger.stepOut.DAMP,damp,True,damp custom.jsdebugger.stepOut.DAMP opt e10s fission stylo webrender,4767202,77,ms,firefox,,1735487723,2023-08-03 16:00:50,1282374,,,,,,,,,,,,,,,,,,,,,,,,,,,,,,,,,,,,,,,,,,,,,,,,,TN
858,8527a2500a35867e4319772e3be1f2756dfcfced,0.09974721860827818,autoland,4768104,12,53390121d39b212135aaffcd577053a14c7f0dff,linux1804-64-shippable-qr,True,False,,,102210fe594ee9b33d82058545b1ed14f4c8206e,custom.jsdebugger.stepOut.DAMP,damp,True,damp custom.jsdebugger.stepOut.DAMP opt e10s fission stylo webrender,4767202,77,ms,firefox,,1735535420,2023-08-03 19:10:36,1282500,,,,,,,,,,,,,,,,,,,,,,,,,,,,,,,,,,,,,,,,,,,,,,,,,TN
859,3922ccc760667154aea7a174114abfacb17fe35e,0.12157148202758017,autoland,4768104,12,53390121d39b212135aaffcd577053a14c7f0dff,linux1804-64-shippable-qr,True,False,,,102210fe594ee9b33d82058545b1ed14f4c8206e,custom.jsdebugger.stepOut.DAMP,damp,True,damp custom.jsdebugger.stepOut.DAMP opt e10s fission stylo webrender,4767202,77,ms,firefox,,1735645243,2023-08-03 22:02:40,1282606,,,,,,,,,,,,,,,,,,,,,,,,,,,,,,,,,,,,,,,,,,,,,,,,,TN
860,2b60f9868271a131fa342332b78f3968159fa46e,0.10023601715667119,autoland,4768104,12,53390121d39b212135aaffcd577053a14c7f0dff,linux1804-64-shippable-qr,True,False,,,102210fe594ee9b33d82058545b1ed14f4c8206e,custom.jsdebugger.stepOut.DAMP,damp,True,damp custom.jsdebugger.stepOut.DAMP opt e10s fission stylo webrender,4767202,77,ms,firefox,,1735736703,2023-08-04 02:28:33,1282715,,,,,,,,,,,,,,,,,,,,,,,,,,,,,,,,,,,,,,,,,,,,,,,,,TN
861,94da8bb07baea6212776a4b3ddcebff2c08eab98,0.10806966060702639,autoland,4768104,12,53390121d39b212135aaffcd577053a14c7f0dff,linux1804-64-shippable-qr,True,False,,,102210fe594ee9b33d82058545b1ed14f4c8206e,custom.jsdebugger.stepOut.DAMP,damp,True,damp custom.jsdebugger.stepOut.DAMP opt e10s fission stylo webrender,4767202,77,ms,firefox,,1735829413,2023-08-04 06:28:57,1282781,,,,,,,,,,,,,,,,,,,,,,,,,,,,,,,,,,,,,,,,,,,,,,,,,TN
862,386212864d07a46141ce5bca1ef4988cefa4bad7,0.11006417814339775,autoland,4768104,12,53390121d39b212135aaffcd577053a14c7f0dff,linux1804-64-shippable-qr,True,False,,,102210fe594ee9b33d82058545b1ed14f4c8206e,custom.jsdebugger.stepOut.DAMP,damp,True,damp custom.jsdebugger.stepOut.DAMP opt e10s fission stylo webrender,4767202,77,ms,firefox,,1735857966,2023-08-04 09:04:37,1282830,,,,,,,,,,,,,,,,,,,,,,,,,,,,,,,,,,,,,,,,,,,,,,,,,TN
863,3a8e173a97d02ae7b0aa11e9ca6f35b1fe8fa926,0.09532033106112969,autoland,4768104,12,53390121d39b212135aaffcd577053a14c7f0dff,linux1804-64-shippable-qr,True,False,,,102210fe594ee9b33d82058545b1ed14f4c8206e,custom.jsdebugger.stepOut.DAMP,damp,True,damp custom.jsdebugger.stepOut.DAMP opt e10s fission stylo webrender,4767202,77,ms,firefox,,1735997697,2023-08-04 13:05:51,1282936,,,,,,,,,,,,,,,,,,,,,,,,,,,,,,,,,,,,,,,,,,,,,,,,,TN
864,8b506ab414513f3320eb7747254e94b37808bb75,0.11508798902449202,autoland,4768104,12,53390121d39b212135aaffcd577053a14c7f0dff,linux1804-64-shippable-qr,True,False,,,102210fe594ee9b33d82058545b1ed14f4c8206e,custom.jsdebugger.stepOut.DAMP,damp,True,damp custom.jsdebugger.stepOut.DAMP opt e10s fission stylo webrender,4767202,77,ms,firefox,,1736008083,2023-08-04 14:26:38,1282995,,,,,,,,,,,,,,,,,,,,,,,,,,,,,,,,,,,,,,,,,,,,,,,,,TN
865,e8c6dc4a318cb8af6210801b4271ea32ee9f324a,0.08732073432165266,autoland,4768104,12,53390121d39b212135aaffcd577053a14c7f0dff,linux1804-64-shippable-qr,True,False,,,102210fe594ee9b33d82058545b1ed14f4c8206e,custom.jsdebugger.stepOut.DAMP,damp,True,damp custom.jsdebugger.stepOut.DAMP opt e10s fission stylo webrender,4767202,77,ms,firefox,,1736137663,2023-08-04 17:20:09,1283108,,,,,,,,,,,,,,,,,,,,,,,,,,,,,,,,,,,,,,,,,,,,,,,,,TN
866,de6dcf5a4c0eec5ef6847cde00ec5da4fcee2e8c,0.10635588697761666,autoland,4768104,12,53390121d39b212135aaffcd577053a14c7f0dff,linux1804-64-shippable-qr,True,False,,,102210fe594ee9b33d82058545b1ed14f4c8206e,custom.jsdebugger.stepOut.DAMP,damp,True,damp custom.jsdebugger.stepOut.DAMP opt e10s fission stylo webrender,4767202,77,ms,firefox,,1736281571,2023-08-04 21:22:40,1283226,,,,,,,,,,,,,,,,,,,,,,,,,,,,,,,,,,,,,,,,,,,,,,,,,TN
867,421628bd5a5c1cf8c64cb86994b1e6dc738abb49,0.10951170892519158,autoland,4768104,12,53390121d39b212135aaffcd577053a14c7f0dff,linux1804-64-shippable-qr,True,False,,,102210fe594ee9b33d82058545b1ed14f4c8206e,custom.jsdebugger.stepOut.DAMP,damp,True,damp custom.jsdebugger.stepOut.DAMP opt e10s fission stylo webrender,4767202,77,ms,firefox,,1736329138,2023-08-04 23:16:08,1283269,,,,,,,,,,,,,,,,,,,,,,,,,,,,,,,,,,,,,,,,,,,,,,,,,TN
868,9e73058ab4aadee7e12b26a9be296b2bbc04cf74,0.09023581629738486,autoland,4768104,12,53390121d39b212135aaffcd577053a14c7f0dff,linux1804-64-shippable-qr,True,False,,,102210fe594ee9b33d82058545b1ed14f4c8206e,custom.jsdebugger.stepOut.DAMP,damp,True,damp custom.jsdebugger.stepOut.DAMP opt e10s fission stylo webrender,4767202,77,ms,firefox,,1736444453,2023-08-05 11:44:34,1283328,,,,,,,,,,,,,,,,,,,,,,,,,,,,,,,,,,,,,,,,,,,,,,,,,TN
869,b0538d39e8c853c9e07b359df9c740d5175e7077,0.11554948836213397,autoland,4768104,12,53390121d39b212135aaffcd577053a14c7f0dff,linux1804-64-shippable-qr,True,False,,,102210fe594ee9b33d82058545b1ed14f4c8206e,custom.jsdebugger.stepOut.DAMP,damp,True,damp custom.jsdebugger.stepOut.DAMP opt e10s fission stylo webrender,4767202,77,ms,firefox,,1736471095,2023-08-05 16:15:02,1283346,,,,,,,,,,,,,,,,,,,,,,,,,,,,,,,,,,,,,,,,,,,,,,,,,TN
870,a777f43c4d9cabe80f2fc3aea6bf95c7e3e9c4c1,0.10441573536840298,autoland,4768104,12,53390121d39b212135aaffcd577053a14c7f0dff,linux1804-64-shippable-qr,True,False,,,102210fe594ee9b33d82058545b1ed14f4c8206e,custom.jsdebugger.stepOut.DAMP,damp,True,damp custom.jsdebugger.stepOut.DAMP opt e10s fission stylo webrender,4767202,77,ms,firefox,,1736621438,2023-08-06 23:55:51,1283445,,,,,,,,,,,,,,,,,,,,,,,,,,,,,,,,,,,,,,,,,,,,,,,,,TN
871,a86a27857ef685b0547d023a29fb8c8bb3f8fc1d,0.12632044581394286,autoland,4768104,12,53390121d39b212135aaffcd577053a14c7f0dff,linux1804-64-shippable-qr,True,False,,,102210fe594ee9b33d82058545b1ed14f4c8206e,custom.jsdebugger.stepOut.DAMP,damp,True,damp custom.jsdebugger.stepOut.DAMP opt e10s fission stylo webrender,4767202,77,ms,firefox,,1736658706,2023-08-07 02:09:17,1283462,,,,,,,,,,,,,,,,,,,,,,,,,,,,,,,,,,,,,,,,,,,,,,,,,TN
872,6d877fdb9a1e892fe6528a26aab81b53cfae55c5,0.0979229187449373,autoland,4768104,12,53390121d39b212135aaffcd577053a14c7f0dff,linux1804-64-shippable-qr,True,False,,,102210fe594ee9b33d82058545b1ed14f4c8206e,custom.jsdebugger.stepOut.DAMP,damp,True,damp custom.jsdebugger.stepOut.DAMP opt e10s fission stylo webrender,4767202,77,ms,firefox,,1736709347,2023-08-07 06:19:47,1283519,,,,,,,,,,,,,,,,,,,,,,,,,,,,,,,,,,,,,,,,,,,,,,,,,TN
873,2f07664dbc304adeae1029ead0f4ab014aaa02a8,0.09165698980054326,autoland,4768104,12,53390121d39b212135aaffcd577053a14c7f0dff,linux1804-64-shippable-qr,True,False,,,102210fe594ee9b33d82058545b1ed14f4c8206e,custom.jsdebugger.stepOut.DAMP,damp,True,damp custom.jsdebugger.stepOut.DAMP opt e10s fission stylo webrender,4767202,77,ms,firefox,,1736759731,2023-08-07 09:17:55,1283581,,,,,,,,,,,,,,,,,,,,,,,,,,,,,,,,,,,,,,,,,,,,,,,,,TN
874,c5ede434ae61b9f6acd7cf56d2957a3c1a08b413,0.10266988943873345,autoland,4768104,12,53390121d39b212135aaffcd577053a14c7f0dff,linux1804-64-shippable-qr,True,False,,,102210fe594ee9b33d82058545b1ed14f4c8206e,custom.jsdebugger.stepOut.DAMP,damp,True,damp custom.jsdebugger.stepOut.DAMP opt e10s fission stylo webrender,4767202,77,ms,firefox,,1738989479,2023-08-07 12:36:35,1283662,,,,,,,,,,,,,,,,,,,,,,,,,,,,,,,,,,,,,,,,,,,,,,,,,TN
875,4b083686a5324e7ca56c271b84e4b96bf1d5b48c,0.0971581275206681,autoland,4768104,12,53390121d39b212135aaffcd577053a14c7f0dff,linux1804-64-shippable-qr,True,False,,,102210fe594ee9b33d82058545b1ed14f4c8206e,custom.jsdebugger.stepOut.DAMP,damp,True,damp custom.jsdebugger.stepOut.DAMP opt e10s fission stylo webrender,4767202,77,ms,firefox,,1738989560,2023-08-07 12:39:24,1283663,,,,,,,,,,,,,,,,,,,,,,,,,,,,,,,,,,,,,,,,,,,,,,,,,TN
876,cc21f77497eba1c81f1e7c2067fa6e49c3387876,0.09795202227100752,autoland,4768104,12,53390121d39b212135aaffcd577053a14c7f0dff,linux1804-64-shippable-qr,True,False,,,102210fe594ee9b33d82058545b1ed14f4c8206e,custom.jsdebugger.stepOut.DAMP,damp,True,damp custom.jsdebugger.stepOut.DAMP opt e10s fission stylo webrender,4767202,77,ms,firefox,,1738988735,2023-08-07 13:06:05,1283680,,,,,,,,,,,,,,,,,,,,,,,,,,,,,,,,,,,,,,,,,,,,,,,,,TN
877,ced2f2b9cb19b3c4a773d73fd4e4202ae7dd3c33,0.09688609221692634,autoland,4768104,12,53390121d39b212135aaffcd577053a14c7f0dff,linux1804-64-shippable-qr,True,False,,,102210fe594ee9b33d82058545b1ed14f4c8206e,custom.jsdebugger.stepOut.DAMP,damp,True,damp custom.jsdebugger.stepOut.DAMP opt e10s fission stylo webrender,4767202,77,ms,firefox,,1738988839,2023-08-07 13:07:34,1283682,,,,,,,,,,,,,,,,,,,,,,,,,,,,,,,,,,,,,,,,,,,,,,,,,TN
878,f5b6320fea38e5ac5ac92ba529bbfb6410ef4ee7,0.09352658036202177,autoland,4768104,12,53390121d39b212135aaffcd577053a14c7f0dff,linux1804-64-shippable-qr,True,False,,,102210fe594ee9b33d82058545b1ed14f4c8206e,custom.jsdebugger.stepOut.DAMP,damp,True,damp custom.jsdebugger.stepOut.DAMP opt e10s fission stylo webrender,4767202,77,ms,firefox,,1738988495,2023-08-07 13:08:27,1283684,,,,,,,,,,,,,,,,,,,,,,,,,,,,,,,,,,,,,,,,,,,,,,,,,TN
879,6981d5aa32b2cf137c79cf49d8b2945e0e13033e,0.10542275194513073,autoland,4768104,12,53390121d39b212135aaffcd577053a14c7f0dff,linux1804-64-shippable-qr,True,False,,,102210fe594ee9b33d82058545b1ed14f4c8206e,custom.jsdebugger.stepOut.DAMP,damp,True,damp custom.jsdebugger.stepOut.DAMP opt e10s fission stylo webrender,4767202,77,ms,firefox,,1738988658,2023-08-07 13:09:19,1283686,,,,,,,,,,,,,,,,,,,,,,,,,,,,,,,,,,,,,,,,,,,,,,,,,TN
880,9f2d21642ba127d4ca12ebc0c31f36471c82fe01,0.1064872303997435,autoland,4768104,12,53390121d39b212135aaffcd577053a14c7f0dff,linux1804-64-shippable-qr,True,False,,,102210fe594ee9b33d82058545b1ed14f4c8206e,custom.jsdebugger.stepOut.DAMP,damp,True,damp custom.jsdebugger.stepOut.DAMP opt e10s fission stylo webrender,4767202,77,ms,firefox,,1738988787,2023-08-07 13:10:13,1283687,,,,,,,,,,,,,,,,,,,,,,,,,,,,,,,,,,,,,,,,,,,,,,,,,TN
881,a1509016de492518479d0a43bbfd707938e0714c,0.11478770962903151,autoland,4768104,12,53390121d39b212135aaffcd577053a14c7f0dff,linux1804-64-shippable-qr,True,False,,,102210fe594ee9b33d82058545b1ed14f4c8206e,custom.jsdebugger.stepOut.DAMP,damp,True,damp custom.jsdebugger.stepOut.DAMP opt e10s fission stylo webrender,4767202,77,ms,firefox,,1738988407,2023-08-07 13:11:05,1283688,,,,,,,,,,,,,,,,,,,,,,,,,,,,,,,,,,,,,,,,,,,,,,,,,TN
882,35480813b5990bd5693ed62fa0e92aeb896394a6,0.1015699476441776,autoland,4768104,12,53390121d39b212135aaffcd577053a14c7f0dff,linux1804-64-shippable-qr,True,False,,,102210fe594ee9b33d82058545b1ed14f4c8206e,custom.jsdebugger.stepOut.DAMP,damp,True,damp custom.jsdebugger.stepOut.DAMP opt e10s fission stylo webrender,4767202,77,ms,firefox,,1738988339,2023-08-07 13:11:57,1283691,,,,,,,,,,,,,,,,,,,,,,,,,,,,,,,,,,,,,,,,,,,,,,,,,TN
883,d59d0a5038b29cdbcbb2d4b003d642a2617e297f,0.09335574369745059,autoland,4768104,12,53390121d39b212135aaffcd577053a14c7f0dff,linux1804-64-shippable-qr,True,False,,,102210fe594ee9b33d82058545b1ed14f4c8206e,custom.jsdebugger.stepOut.DAMP,damp,True,damp custom.jsdebugger.stepOut.DAMP opt e10s fission stylo webrender,4767202,77,ms,firefox,,1736887988,2023-08-07 13:44:02,1283713,,,,,,,,,,,,,,,,,,,,,,,,,,,,,,,,,,,,,,,,,,,,,,,,,TN
884,e3aec91d79e48e5596864eababece3901100d8be,0.09449714500092665,autoland,4768104,12,53390121d39b212135aaffcd577053a14c7f0dff,linux1804-64-shippable-qr,True,False,,,102210fe594ee9b33d82058545b1ed14f4c8206e,custom.jsdebugger.stepOut.DAMP,damp,True,damp custom.jsdebugger.stepOut.DAMP opt e10s fission stylo webrender,4767202,77,ms,firefox,,1738988120,2023-08-07 15:35:57,1283780,,,,,,,,,,,,,,,,,,,,,,,,,,,,,,,,,,,,,,,,,,,,,,,,,TN
885,f2893346b4030b10ea393b12c4c4b33abfef2b21,0.09808562506145257,autoland,4768104,12,53390121d39b212135aaffcd577053a14c7f0dff,linux1804-64-shippable-qr,True,False,,,102210fe594ee9b33d82058545b1ed14f4c8206e,custom.jsdebugger.stepOut.DAMP,damp,True,damp custom.jsdebugger.stepOut.DAMP opt e10s fission stylo webrender,4767202,77,ms,firefox,,1738988287,2023-08-07 15:44:21,1283783,,,,,,,,,,,,,,,,,,,,,,,,,,,,,,,,,,,,,,,,,,,,,,,,,TN
886,d24a96996fad73e528a3fb69c7633b6823f3f3cd,0.09924713514079375,autoland,4768104,12,53390121d39b212135aaffcd577053a14c7f0dff,linux1804-64-shippable-qr,True,False,,,102210fe594ee9b33d82058545b1ed14f4c8206e,custom.jsdebugger.stepOut.DAMP,damp,True,damp custom.jsdebugger.stepOut.DAMP opt e10s fission stylo webrender,4767202,77,ms,firefox,,1738988235,2023-08-07 15:55:32,1283790,,,,,,,,,,,,,,,,,,,,,,,,,,,,,,,,,,,,,,,,,,,,,,,,,TN
887,d054dde5c370feb3ee9c9f9159b512333b3554ac,0.10311051098071378,autoland,4768104,12,53390121d39b212135aaffcd577053a14c7f0dff,linux1804-64-shippable-qr,True,False,,,102210fe594ee9b33d82058545b1ed14f4c8206e,custom.jsdebugger.stepOut.DAMP,damp,True,damp custom.jsdebugger.stepOut.DAMP opt e10s fission stylo webrender,4767202,77,ms,firefox,,1738987982,2023-08-07 15:56:20,1283791,,,,,,,,,,,,,,,,,,,,,,,,,,,,,,,,,,,,,,,,,,,,,,,,,TN
888,738a917e4dde8d61ff59e81aa9202456d4dafbab,0.09405736798982534,autoland,4768104,12,53390121d39b212135aaffcd577053a14c7f0dff,linux1804-64-shippable-qr,True,False,,,102210fe594ee9b33d82058545b1ed14f4c8206e,custom.jsdebugger.stepOut.DAMP,damp,True,damp custom.jsdebugger.stepOut.DAMP opt e10s fission stylo webrender,4767202,77,ms,firefox,,1738988183,2023-08-07 16:17:18,1283798,,,,,,,,,,,,,,,,,,,,,,,,,,,,,,,,,,,,,,,,,,,,,,,,,TN
889,4297ef6efd09fb8021fdc7b4623f11e360e9f775,0.0909193527264256,autoland,4768104,12,53390121d39b212135aaffcd577053a14c7f0dff,linux1804-64-shippable-qr,True,False,,,102210fe594ee9b33d82058545b1ed14f4c8206e,custom.jsdebugger.stepOut.DAMP,damp,True,damp custom.jsdebugger.stepOut.DAMP opt e10s fission stylo webrender,4767202,77,ms,firefox,,1738988040,2023-08-07 16:18:06,1283799,,,,,,,,,,,,,,,,,,,,,,,,,,,,,,,,,,,,,,,,,,,,,,,,,TN
890,e157ea8db1e5c357b9ea5b02bbf2580a697d6b31,0.10519542014227579,autoland,4768104,12,53390121d39b212135aaffcd577053a14c7f0dff,linux1804-64-shippable-qr,True,False,,,102210fe594ee9b33d82058545b1ed14f4c8206e,custom.jsdebugger.stepOut.DAMP,damp,True,damp custom.jsdebugger.stepOut.DAMP opt e10s fission stylo webrender,4767202,77,ms,firefox,,1738987926,2023-08-07 16:19:02,1283801,,,,,,,,,,,,,,,,,,,,,,,,,,,,,,,,,,,,,,,,,,,,,,,,,TN
891,d651a443fd5db86fa5061131c7e00f589493a37f,0.09638312244121372,autoland,4768104,12,53390121d39b212135aaffcd577053a14c7f0dff,linux1804-64-shippable-qr,True,False,,,102210fe594ee9b33d82058545b1ed14f4c8206e,custom.jsdebugger.stepOut.DAMP,damp,True,damp custom.jsdebugger.stepOut.DAMP opt e10s fission stylo webrender,4767202,77,ms,firefox,,1738988418,2023-08-07 16:40:45,1283810,,,,,,,,,,,,,,,,,,,,,,,,,,,,,,,,,,,,,,,,,,,,,,,,,TN
892,23e94f775568931f9c3af1ed0d0b6310fa2cc2ce,0.08702163826296161,autoland,4768104,12,53390121d39b212135aaffcd577053a14c7f0dff,linux1804-64-shippable-qr,True,False,,,102210fe594ee9b33d82058545b1ed14f4c8206e,custom.jsdebugger.stepOut.DAMP,damp,True,damp custom.jsdebugger.stepOut.DAMP opt e10s fission stylo webrender,4767202,77,ms,firefox,,1738988564,2023-08-07 16:41:39,1283811,,,,,,,,,,,,,,,,,,,,,,,,,,,,,,,,,,,,,,,,,,,,,,,,,TN
893,969534e114528550edbcaf30931bc5e255ac2475,0.094434944808369,autoland,4768104,12,53390121d39b212135aaffcd577053a14c7f0dff,linux1804-64-shippable-qr,True,False,,,102210fe594ee9b33d82058545b1ed14f4c8206e,custom.jsdebugger.stepOut.DAMP,damp,True,damp custom.jsdebugger.stepOut.DAMP opt e10s fission stylo webrender,4767202,77,ms,firefox,,1736974626,2023-08-07 16:46:35,1283815,,,,,,,,,,,,,,,,,,,,,,,,,,,,,,,,,,,,,,,,,,,,,,,,,TN
894,84d6f2dccac5f054325eb6d6d6b522a0264d226d,0.10079127233298424,autoland,4768104,12,53390121d39b212135aaffcd577053a14c7f0dff,linux1804-64-shippable-qr,True,False,,,102210fe594ee9b33d82058545b1ed14f4c8206e,custom.jsdebugger.stepOut.DAMP,damp,True,damp custom.jsdebugger.stepOut.DAMP opt e10s fission stylo webrender,4767202,77,ms,firefox,,1739018857,2023-08-07 19:24:59,1283883,,,,,,,,,,,,,,,,,,,,,,,,,,,,,,,,,,,,,,,,,,,,,,,,,TN
895,4116f836fa8c2e8e013b5cb66e26e5dcfb251c86,0.11058973961570606,autoland,4768104,12,53390121d39b212135aaffcd577053a14c7f0dff,linux1804-64-shippable-qr,True,False,,,102210fe594ee9b33d82058545b1ed14f4c8206e,custom.jsdebugger.stepOut.DAMP,damp,True,damp custom.jsdebugger.stepOut.DAMP opt e10s fission stylo webrender,4767202,77,ms,firefox,,1739018681,2023-08-07 19:51:04,1283894,,,,,,,,,,,,,,,,,,,,,,,,,,,,,,,,,,,,,,,,,,,,,,,,,TN
896,c745a1ae4d51e020e3ee68409051efd1cfa8d8f2,0.0910831609072964,autoland,4768104,12,53390121d39b212135aaffcd577053a14c7f0dff,linux1804-64-shippable-qr,True,False,,,102210fe594ee9b33d82058545b1ed14f4c8206e,custom.jsdebugger.stepOut.DAMP,damp,True,damp custom.jsdebugger.stepOut.DAMP opt e10s fission stylo webrender,4767202,77,ms,firefox,,1738987849,2023-08-07 19:52:06,1283897,,,,,,,,,,,,,,,,,,,,,,,,,,,,,,,,,,,,,,,,,,,,,,,,,TN
897,19e1b7f45acb9bb17f3d5cd13ccbfb7715495495,0.10393134030309259,autoland,4768104,12,53390121d39b212135aaffcd577053a14c7f0dff,linux1804-64-shippable-qr,True,False,,,102210fe594ee9b33d82058545b1ed14f4c8206e,custom.jsdebugger.stepOut.DAMP,damp,True,damp custom.jsdebugger.stepOut.DAMP opt e10s fission stylo webrender,4767202,77,ms,firefox,,1739018627,2023-08-07 20:02:05,1283899,,,,,,,,,,,,,,,,,,,,,,,,,,,,,,,,,,,,,,,,,,,,,,,,,TN
898,2d7623e5cb0ee702d8372cb13de926775311d463,0.10411204506193505,autoland,4768104,12,53390121d39b212135aaffcd577053a14c7f0dff,linux1804-64-shippable-qr,True,False,,,102210fe594ee9b33d82058545b1ed14f4c8206e,custom.jsdebugger.stepOut.DAMP,damp,True,damp custom.jsdebugger.stepOut.DAMP opt e10s fission stylo webrender,4767202,77,ms,firefox,,1739019063,2023-08-07 20:09:34,1283903,,,,,,,,,,,,,,,,,,,,,,,,,,,,,,,,,,,,,,,,,,,,,,,,,TN
899,3438e2555feb432d16a07af546f3e23bde3403ea,0.10642888822271845,autoland,4768104,12,53390121d39b212135aaffcd577053a14c7f0dff,linux1804-64-shippable-qr,True,False,,,102210fe594ee9b33d82058545b1ed14f4c8206e,custom.jsdebugger.stepOut.DAMP,damp,True,damp custom.jsdebugger.stepOut.DAMP opt e10s fission stylo webrender,4767202,77,ms,firefox,,1739018733,2023-08-07 20:13:38,1283906,,,,,,,,,,,,,,,,,,,,,,,,,,,,,,,,,,,,,,,,,,,,,,,,,TN
900,1d8ec2085c9831ac06149908f6b4feac358a6e71,0.10184773867390473,autoland,4768104,12,53390121d39b212135aaffcd577053a14c7f0dff,linux1804-64-shippable-qr,True,False,,,102210fe594ee9b33d82058545b1ed14f4c8206e,custom.jsdebugger.stepOut.DAMP,damp,True,damp custom.jsdebugger.stepOut.DAMP opt e10s fission stylo webrender,4767202,77,ms,firefox,,1739018785,2023-08-07 20:17:06,1283908,,,,,,,,,,,,,,,,,,,,,,,,,,,,,,,,,,,,,,,,,,,,,,,,,TN
901,9333c1c9a5e72241ced9dba225e922564ba49196,0.09656506021501454,autoland,4768104,12,53390121d39b212135aaffcd577053a14c7f0dff,linux1804-64-shippable-qr,True,False,,,102210fe594ee9b33d82058545b1ed14f4c8206e,custom.jsdebugger.stepOut.DAMP,damp,True,damp custom.jsdebugger.stepOut.DAMP opt e10s fission stylo webrender,4767202,77,ms,firefox,,1739018309,2023-08-07 20:24:18,1283912,,,,,,,,,,,,,,,,,,,,,,,,,,,,,,,,,,,,,,,,,,,,,,,,,TN
902,00ed7b92137a60e582a9029b0ae935cd9a3b7e15,0.09403182540317023,autoland,4768104,12,53390121d39b212135aaffcd577053a14c7f0dff,linux1804-64-shippable-qr,True,False,,,102210fe594ee9b33d82058545b1ed14f4c8206e,custom.jsdebugger.stepOut.DAMP,damp,True,damp custom.jsdebugger.stepOut.DAMP opt e10s fission stylo webrender,4767202,77,ms,firefox,,1739019118,2023-08-07 20:25:10,1283914,,,,,,,,,,,,,,,,,,,,,,,,,,,,,,,,,,,,,,,,,,,,,,,,,TN
903,588b596bcb73c4c9cf235c8df1dc04fc9475c321,0.1029352986529013,autoland,4768104,12,53390121d39b212135aaffcd577053a14c7f0dff,linux1804-64-shippable-qr,True,False,,,102210fe594ee9b33d82058545b1ed14f4c8206e,custom.jsdebugger.stepOut.DAMP,damp,True,damp custom.jsdebugger.stepOut.DAMP opt e10s fission stylo webrender,4767202,77,ms,firefox,,1737058447,2023-08-07 20:52:42,1283921,,,,,,,,,,,,,,,,,,,,,,,,,,,,,,,,,,,,,,,,,,,,,,,,,TN
904,30b22b1b263bc0de67c936e6971a3657d3c45154,0.09503161180247632,autoland,4768104,12,53390121d39b212135aaffcd577053a14c7f0dff,linux1804-64-shippable-qr,True,False,,,102210fe594ee9b33d82058545b1ed14f4c8206e,custom.jsdebugger.stepOut.DAMP,damp,True,damp custom.jsdebugger.stepOut.DAMP opt e10s fission stylo webrender,4767202,77,ms,firefox,,1739018937,2023-08-07 21:11:12,1283931,,,,,,,,,,,,,,,,,,,,,,,,,,,,,,,,,,,,,,,,,,,,,,,,,TN
905,8c3b9498c8313c408a634d6412a542015a0a6ae8,0.0887417458736437,autoland,4768104,12,53390121d39b212135aaffcd577053a14c7f0dff,linux1804-64-shippable-qr,True,False,,,102210fe594ee9b33d82058545b1ed14f4c8206e,custom.jsdebugger.stepOut.DAMP,damp,True,damp custom.jsdebugger.stepOut.DAMP opt e10s fission stylo webrender,4767202,77,ms,firefox,,1739019011,2023-08-07 21:25:18,1283937,,,,,,,,,,,,,,,,,,,,,,,,,,,,,,,,,,,,,,,,,,,,,,,,,TN
906,0d1a783351f683e500d6e8f83d3dc430b2afdcbf,0.10170212268076018,autoland,4768104,12,53390121d39b212135aaffcd577053a14c7f0dff,linux1804-64-shippable-qr,True,False,,,102210fe594ee9b33d82058545b1ed14f4c8206e,custom.jsdebugger.stepOut.DAMP,damp,True,damp custom.jsdebugger.stepOut.DAMP opt e10s fission stylo webrender,4767202,77,ms,firefox,,1737110001,2023-08-07 21:31:10,1283941,,,,,,,,,,,,,,,,,,,,,,,,,,,,,,,,,,,,,,,,,,,,,,,,,TN
907,7053ad5afbc40a1a98d9e4e447c98e2fd6d70f04,0.10526099448392334,autoland,4768104,12,53390121d39b212135aaffcd577053a14c7f0dff,linux1804-64-shippable-qr,True,False,,,102210fe594ee9b33d82058545b1ed14f4c8206e,custom.jsdebugger.stepOut.DAMP,damp,True,damp custom.jsdebugger.stepOut.DAMP opt e10s fission stylo webrender,4767202,77,ms,firefox,,1737215317,2023-08-08 01:47:48,1284029,,,,,,,,,,,,,,,,,,,,,,,,,,,,,,,,,,,,,,,,,,,,,,,,,TN
908,201950bdeb03d34c7ad70702b52d28c3e0f6a448,0.10692964632129631,autoland,4768104,12,53390121d39b212135aaffcd577053a14c7f0dff,linux1804-64-shippable-qr,True,False,,,102210fe594ee9b33d82058545b1ed14f4c8206e,custom.jsdebugger.stepOut.DAMP,damp,True,damp custom.jsdebugger.stepOut.DAMP opt e10s fission stylo webrender,4767202,77,ms,firefox,,1737303680,2023-08-08 08:03:57,1284128,,,,,,,,,,,,,,,,,,,,,,,,,,,,,,,,,,,,,,,,,,,,,,,,,TN
909,d1fbe6c1f87656fb4f55677904f55f6df433ea9a,0.0947753016628301,autoland,4768104,12,53390121d39b212135aaffcd577053a14c7f0dff,linux1804-64-shippable-qr,True,False,,,102210fe594ee9b33d82058545b1ed14f4c8206e,custom.jsdebugger.stepOut.DAMP,damp,True,damp custom.jsdebugger.stepOut.DAMP opt e10s fission stylo webrender,4767202,77,ms,firefox,,1737387397,2023-08-08 12:10:40,1284255,,,,,,,,,,,,,,,,,,,,,,,,,,,,,,,,,,,,,,,,,,,,,,,,,TN
910,062a5e5729067f579bd6d1ab2f1a3021d7fd291a,0.09779008000647327,autoland,4768104,12,53390121d39b212135aaffcd577053a14c7f0dff,linux1804-64-shippable-qr,True,False,,,102210fe594ee9b33d82058545b1ed14f4c8206e,custom.jsdebugger.stepOut.DAMP,damp,True,damp custom.jsdebugger.stepOut.DAMP opt e10s fission stylo webrender,4767202,77,ms,firefox,,1737413627,2023-08-08 12:20:31,1284261,,,,,,,,,,,,,,,,,,,,,,,,,,,,,,,,,,,,,,,,,,,,,,,,,TN
911,e78e15a11c7c9c583172c6dc65f25fc847c46f5f,0.1059254256383173,autoland,4768104,12,53390121d39b212135aaffcd577053a14c7f0dff,linux1804-64-shippable-qr,True,False,,,102210fe594ee9b33d82058545b1ed14f4c8206e,custom.jsdebugger.stepOut.DAMP,damp,True,damp custom.jsdebugger.stepOut.DAMP opt e10s fission stylo webrender,4767202,77,ms,firefox,,1738896937,2023-08-08 14:21:29,1284331,,,,,,,,,,,,,,,,,,,,,,,,,,,,,,,,,,,,,,,,,,,,,,,,,TN
912,3c585e66b44b2f04de4a52a1ecd599c87297f046,0.09419158281673679,autoland,4768104,12,53390121d39b212135aaffcd577053a14c7f0dff,linux1804-64-shippable-qr,True,False,,,102210fe594ee9b33d82058545b1ed14f4c8206e,custom.jsdebugger.stepOut.DAMP,damp,True,damp custom.jsdebugger.stepOut.DAMP opt e10s fission stylo webrender,4767202,77,ms,firefox,,1738897139,2023-08-08 14:40:08,1284344,,,,,,,,,,,,,,,,,,,,,,,,,,,,,,,,,,,,,,,,,,,,,,,,,TN
913,008ff17e528d770be55a94b2d9a5c2eecb3cecd9,0.10529987469625213,autoland,4768104,12,53390121d39b212135aaffcd577053a14c7f0dff,linux1804-64-shippable-qr,True,False,,,102210fe594ee9b33d82058545b1ed14f4c8206e,custom.jsdebugger.stepOut.DAMP,damp,True,damp custom.jsdebugger.stepOut.DAMP opt e10s fission stylo webrender,4767202,77,ms,firefox,,1738897726,2023-08-08 14:45:03,1284348,,,,,,,,,,,,,,,,,,,,,,,,,,,,,,,,,,,,,,,,,,,,,,,,,TN
914,5bf5ff2ee9da7244e867c40210ced85928dfc1a2,0.10260394648417881,autoland,4768104,12,53390121d39b212135aaffcd577053a14c7f0dff,linux1804-64-shippable-qr,True,False,,,102210fe594ee9b33d82058545b1ed14f4c8206e,custom.jsdebugger.stepOut.DAMP,damp,True,damp custom.jsdebugger.stepOut.DAMP opt e10s fission stylo webrender,4767202,77,ms,firefox,,1738897463,2023-08-08 15:23:46,1284365,,,,,,,,,,,,,,,,,,,,,,,,,,,,,,,,,,,,,,,,,,,,,,,,,TN
915,d75ae3e40db2286ff51b725604a88c594e16d409,0.09444390379016454,autoland,4768104,12,53390121d39b212135aaffcd577053a14c7f0dff,linux1804-64-shippable-qr,True,False,,,102210fe594ee9b33d82058545b1ed14f4c8206e,custom.jsdebugger.stepOut.DAMP,damp,True,damp custom.jsdebugger.stepOut.DAMP opt e10s fission stylo webrender,4767202,77,ms,firefox,,1738897673,2023-08-08 15:26:10,1284368,,,,,,,,,,,,,,,,,,,,,,,,,,,,,,,,,,,,,,,,,,,,,,,,,TN
916,79945cdcc7d0101ba5bae6d6824398980efa498f,0.10084977049979149,autoland,4768104,12,53390121d39b212135aaffcd577053a14c7f0dff,linux1804-64-shippable-qr,True,False,,,102210fe594ee9b33d82058545b1ed14f4c8206e,custom.jsdebugger.stepOut.DAMP,damp,True,damp custom.jsdebugger.stepOut.DAMP opt e10s fission stylo webrender,4767202,77,ms,firefox,,1738897908,2023-08-08 15:27:50,1284369,,,,,,,,,,,,,,,,,,,,,,,,,,,,,,,,,,,,,,,,,,,,,,,,,TN
917,719ae16ac2cbf57706e4b3f86ed0d9838b9c7c91,0.09618979443027253,autoland,4768104,12,53390121d39b212135aaffcd577053a14c7f0dff,linux1804-64-shippable-qr,True,False,,,102210fe594ee9b33d82058545b1ed14f4c8206e,custom.jsdebugger.stepOut.DAMP,damp,True,damp custom.jsdebugger.stepOut.DAMP opt e10s fission stylo webrender,4767202,77,ms,firefox,,1738893911,2023-08-08 15:31:45,1284370,,,,,,,,,,,,,,,,,,,,,,,,,,,,,,,,,,,,,,,,,,,,,,,,,TN
918,16499cdce1606e327ad079e36d797bd5026af687,0.09591973135443177,autoland,4768104,12,53390121d39b212135aaffcd577053a14c7f0dff,linux1804-64-shippable-qr,True,False,,,102210fe594ee9b33d82058545b1ed14f4c8206e,custom.jsdebugger.stepOut.DAMP,damp,True,damp custom.jsdebugger.stepOut.DAMP opt e10s fission stylo webrender,4767202,77,ms,firefox,,1738894175,2023-08-08 15:33:18,1284372,,,,,,,,,,,,,,,,,,,,,,,,,,,,,,,,,,,,,,,,,,,,,,,,,TN
919,fff948fa86f305e2887b0548a5beaf7ddbe47e18,0.08928515377274304,autoland,4768104,12,53390121d39b212135aaffcd577053a14c7f0dff,linux1804-64-shippable-qr,True,False,,,102210fe594ee9b33d82058545b1ed14f4c8206e,custom.jsdebugger.stepOut.DAMP,damp,True,damp custom.jsdebugger.stepOut.DAMP opt e10s fission stylo webrender,4767202,77,ms,firefox,,1738894043,2023-08-08 16:15:08,1284390,,,,,,,,,,,,,,,,,,,,,,,,,,,,,,,,,,,,,,,,,,,,,,,,,TN
920,855c69dcdcc457c3e5a54150cdd89a71a2527e2b,0.10099814065706747,autoland,4768104,12,53390121d39b212135aaffcd577053a14c7f0dff,linux1804-64-shippable-qr,True,False,,,102210fe594ee9b33d82058545b1ed14f4c8206e,custom.jsdebugger.stepOut.DAMP,damp,True,damp custom.jsdebugger.stepOut.DAMP opt e10s fission stylo webrender,4767202,77,ms,firefox,,1737494565,2023-08-08 16:23:23,1284396,,,,,,,,,,,,,,,,,,,,,,,,,,,,,,,,,,,,,,,,,,,,,,,,,TN
921,80fde27f01a774b21528e4955162e350e4ee1f23,0.09150946119346659,autoland,4768104,12,53390121d39b212135aaffcd577053a14c7f0dff,linux1804-64-shippable-qr,True,False,,,102210fe594ee9b33d82058545b1ed14f4c8206e,custom.jsdebugger.stepOut.DAMP,damp,True,damp custom.jsdebugger.stepOut.DAMP opt e10s fission stylo webrender,4767202,77,ms,firefox,,1738894484,2023-08-08 16:28:50,1284403,,,,,,,,,,,,,,,,,,,,,,,,,,,,,,,,,,,,,,,,,,,,,,,,,TN
922,fe65507a41dca7475cfb7de8ff2a6703b86eccf6,0.09465110197803317,autoland,4768104,12,53390121d39b212135aaffcd577053a14c7f0dff,linux1804-64-shippable-qr,True,False,,,102210fe594ee9b33d82058545b1ed14f4c8206e,custom.jsdebugger.stepOut.DAMP,damp,True,damp custom.jsdebugger.stepOut.DAMP opt e10s fission stylo webrender,4767202,77,ms,firefox,,1738894332,2023-08-08 16:35:26,1284407,,,,,,,,,,,,,,,,,,,,,,,,,,,,,,,,,,,,,,,,,,,,,,,,,TN
923,3ebab3dbcc8f0a71bb9fd3fad47944d889b99c5c,0.11020007805764087,autoland,4768104,12,53390121d39b212135aaffcd577053a14c7f0dff,linux1804-64-shippable-qr,True,False,,,102210fe594ee9b33d82058545b1ed14f4c8206e,custom.jsdebugger.stepOut.DAMP,damp,True,damp custom.jsdebugger.stepOut.DAMP opt e10s fission stylo webrender,4767202,77,ms,firefox,,1738894858,2023-08-08 16:44:08,1284414,,,,,,,,,,,,,,,,,,,,,,,,,,,,,,,,,,,,,,,,,,,,,,,,,TN
924,4d3a71169f8d2d6f802827588941827617ac3983,0.10076460900435658,autoland,4768104,12,53390121d39b212135aaffcd577053a14c7f0dff,linux1804-64-shippable-qr,True,False,,,102210fe594ee9b33d82058545b1ed14f4c8206e,custom.jsdebugger.stepOut.DAMP,damp,True,damp custom.jsdebugger.stepOut.DAMP opt e10s fission stylo webrender,4767202,77,ms,firefox,,1738894654,2023-08-08 17:15:10,1284438,,,,,,,,,,,,,,,,,,,,,,,,,,,,,,,,,,,,,,,,,,,,,,,,,TN
925,cab4cf0c14dd6385b1ba0b8a224241ef2b6fbe73,0.09512317782237467,autoland,4768104,12,53390121d39b212135aaffcd577053a14c7f0dff,linux1804-64-shippable-qr,True,False,,,102210fe594ee9b33d82058545b1ed14f4c8206e,custom.jsdebugger.stepOut.DAMP,damp,True,damp custom.jsdebugger.stepOut.DAMP opt e10s fission stylo webrender,4767202,77,ms,firefox,,1738894297,2023-08-08 17:51:54,1284469,,,,,,,,,,,,,,,,,,,,,,,,,,,,,,,,,,,,,,,,,,,,,,,,,TN
926,b19ed5a6579d312e71c03201698107835378c612,0.1005352205204455,autoland,4768104,12,53390121d39b212135aaffcd577053a14c7f0dff,linux1804-64-shippable-qr,True,False,,,102210fe594ee9b33d82058545b1ed14f4c8206e,custom.jsdebugger.stepOut.DAMP,damp,True,damp custom.jsdebugger.stepOut.DAMP opt e10s fission stylo webrender,4767202,77,ms,firefox,,1737617690,2023-08-08 18:03:32,1284479,,,,,,,,,,,,,,,,,,,,,,,,,,,,,,,,,,,,,,,,,,,,,,,,,TN
927,f77c2fc738fa94b4b96b53a890011f6b5d5a1ffd,0.11630610552153642,autoland,4768104,12,53390121d39b212135aaffcd577053a14c7f0dff,linux1804-64-shippable-qr,True,False,,,102210fe594ee9b33d82058545b1ed14f4c8206e,custom.jsdebugger.stepOut.DAMP,damp,True,damp custom.jsdebugger.stepOut.DAMP opt e10s fission stylo webrender,4767202,77,ms,firefox,,1738957465,2023-08-08 20:21:46,1284561,,,,,,,,,,,,,,,,,,,,,,,,,,,,,,,,,,,,,,,,,,,,,,,,,TN
928,a177379714690f85186a58cca544d9f3d83d7d5b,0.09807653095473223,autoland,4768104,12,53390121d39b212135aaffcd577053a14c7f0dff,linux1804-64-shippable-qr,True,False,,,102210fe594ee9b33d82058545b1ed14f4c8206e,custom.jsdebugger.stepOut.DAMP,damp,True,damp custom.jsdebugger.stepOut.DAMP opt e10s fission stylo webrender,4767202,77,ms,firefox,,1738957016,2023-08-08 20:23:17,1284562,,,,,,,,,,,,,,,,,,,,,,,,,,,,,,,,,,,,,,,,,,,,,,,,,TN
929,a8267c9267daac307ec0b06882b52db6d8d2fb09,0.1077416607289885,autoland,4768104,12,53390121d39b212135aaffcd577053a14c7f0dff,linux1804-64-shippable-qr,True,False,,,102210fe594ee9b33d82058545b1ed14f4c8206e,custom.jsdebugger.stepOut.DAMP,damp,True,damp custom.jsdebugger.stepOut.DAMP opt e10s fission stylo webrender,4767202,77,ms,firefox,,1738959133,2023-08-08 20:24:34,1284564,,,,,,,,,,,,,,,,,,,,,,,,,,,,,,,,,,,,,,,,,,,,,,,,,TN
930,8d4143f38c23a84e8bd5c536c1f81a8c746c4748,0.09848247308003844,autoland,4768104,12,53390121d39b212135aaffcd577053a14c7f0dff,linux1804-64-shippable-qr,True,False,,,102210fe594ee9b33d82058545b1ed14f4c8206e,custom.jsdebugger.stepOut.DAMP,damp,True,damp custom.jsdebugger.stepOut.DAMP opt e10s fission stylo webrender,4767202,77,ms,firefox,,1738953561,2023-08-08 20:25:32,1284566,,,,,,,,,,,,,,,,,,,,,,,,,,,,,,,,,,,,,,,,,,,,,,,,,TN
931,2660659b14c8521e768098b292facd8f59e74572,0.0983978053866772,autoland,4768104,12,53390121d39b212135aaffcd577053a14c7f0dff,linux1804-64-shippable-qr,True,False,,,102210fe594ee9b33d82058545b1ed14f4c8206e,custom.jsdebugger.stepOut.DAMP,damp,True,damp custom.jsdebugger.stepOut.DAMP opt e10s fission stylo webrender,4767202,77,ms,firefox,,1738958771,2023-08-08 21:00:11,1284583,,,,,,,,,,,,,,,,,,,,,,,,,,,,,,,,,,,,,,,,,,,,,,,,,TN
932,b50be8861ca0a4f9e6777e9333a9e483bdb57bf9,0.10506913893735526,autoland,4768104,12,53390121d39b212135aaffcd577053a14c7f0dff,linux1804-64-shippable-qr,True,False,,,102210fe594ee9b33d82058545b1ed14f4c8206e,custom.jsdebugger.stepOut.DAMP,damp,True,damp custom.jsdebugger.stepOut.DAMP opt e10s fission stylo webrender,4767202,77,ms,firefox,,1738957327,2023-08-08 21:01:52,1284585,,,,,,,,,,,,,,,,,,,,,,,,,,,,,,,,,,,,,,,,,,,,,,,,,TN
933,7544c8f9eea7e3d2e8b8d60a7dec5444b799234d,0.10297084247173194,autoland,4768104,12,53390121d39b212135aaffcd577053a14c7f0dff,linux1804-64-shippable-qr,True,False,,,102210fe594ee9b33d82058545b1ed14f4c8206e,custom.jsdebugger.stepOut.DAMP,damp,True,damp custom.jsdebugger.stepOut.DAMP opt e10s fission stylo webrender,4767202,77,ms,firefox,,1738957221,2023-08-08 21:06:47,1284589,,,,,,,,,,,,,,,,,,,,,,,,,,,,,,,,,,,,,,,,,,,,,,,,,TN
934,c7ce9810dc564ccfb6a77bccc1dbc7a59ba3bca6,0.1176325345881224,autoland,4768104,12,53390121d39b212135aaffcd577053a14c7f0dff,linux1804-64-shippable-qr,True,False,,,102210fe594ee9b33d82058545b1ed14f4c8206e,custom.jsdebugger.stepOut.DAMP,damp,True,damp custom.jsdebugger.stepOut.DAMP opt e10s fission stylo webrender,4767202,77,ms,firefox,,1738957512,2023-08-08 21:22:21,1284597,,,,,,,,,,,,,,,,,,,,,,,,,,,,,,,,,,,,,,,,,,,,,,,,,TN
935,ae572fb876bce47682cd3f6d2bd750c6e1de558f,0.09574562387174157,autoland,4768104,12,53390121d39b212135aaffcd577053a14c7f0dff,linux1804-64-shippable-qr,True,False,,,102210fe594ee9b33d82058545b1ed14f4c8206e,custom.jsdebugger.stepOut.DAMP,damp,True,damp custom.jsdebugger.stepOut.DAMP opt e10s fission stylo webrender,4767202,77,ms,firefox,,1738957708,2023-08-08 21:25:00,1284599,,,,,,,,,,,,,,,,,,,,,,,,,,,,,,,,,,,,,,,,,,,,,,,,,TN
936,4abb9ce2fb8e4174171b3478d6f28b78bf3f214a,0.09540761282580612,autoland,4768104,12,53390121d39b212135aaffcd577053a14c7f0dff,linux1804-64-shippable-qr,True,False,,,102210fe594ee9b33d82058545b1ed14f4c8206e,custom.jsdebugger.stepOut.DAMP,damp,True,damp custom.jsdebugger.stepOut.DAMP opt e10s fission stylo webrender,4767202,77,ms,firefox,,1737711237,2023-08-08 21:27:09,1284603,,,,,,,,,,,,,,,,,,,,,,,,,,,,,,,,,,,,,,,,,,,,,,,,,TN
937,3338e8c3aaad554ffc57245d3897865695657a62,0.10261567354001233,autoland,4768104,12,53390121d39b212135aaffcd577053a14c7f0dff,linux1804-64-shippable-qr,True,False,,,102210fe594ee9b33d82058545b1ed14f4c8206e,custom.jsdebugger.stepOut.DAMP,damp,True,damp custom.jsdebugger.stepOut.DAMP opt e10s fission stylo webrender,4767202,77,ms,firefox,,1738959042,2023-08-08 21:43:30,1284614,,,,,,,,,,,,,,,,,,,,,,,,,,,,,,,,,,,,,,,,,,,,,,,,,TN
938,a5c57fffac4bdeaa8d476c510486d9e87e81d7e7,0.11028025880843484,autoland,4768104,12,53390121d39b212135aaffcd577053a14c7f0dff,linux1804-64-shippable-qr,True,False,,,102210fe594ee9b33d82058545b1ed14f4c8206e,custom.jsdebugger.stepOut.DAMP,damp,True,damp custom.jsdebugger.stepOut.DAMP opt e10s fission stylo webrender,4767202,77,ms,firefox,,1738957396,2023-08-08 21:50:37,1284620,,,,,,,,,,,,,,,,,,,,,,,,,,,,,,,,,,,,,,,,,,,,,,,,,TN
939,f0e5e2a506600cc59e93ffec47817893774c4a8d,0.09834359544938476,autoland,4768104,12,53390121d39b212135aaffcd577053a14c7f0dff,linux1804-64-shippable-qr,True,False,,,102210fe594ee9b33d82058545b1ed14f4c8206e,custom.jsdebugger.stepOut.DAMP,damp,True,damp custom.jsdebugger.stepOut.DAMP opt e10s fission stylo webrender,4767202,77,ms,firefox,,1738954301,2023-08-08 23:05:44,1284663,,,,,,,,,,,,,,,,,,,,,,,,,,,,,,,,,,,,,,,,,,,,,,,,,TN
940,ba9868b3f4e7934eabca6398df3c74738e1ef7b1,0.09706982834479105,autoland,4768104,12,53390121d39b212135aaffcd577053a14c7f0dff,linux1804-64-shippable-qr,True,False,,,102210fe594ee9b33d82058545b1ed14f4c8206e,custom.jsdebugger.stepOut.DAMP,damp,True,damp custom.jsdebugger.stepOut.DAMP opt e10s fission stylo webrender,4767202,77,ms,firefox,,1738954356,2023-08-08 23:13:51,1284668,,,,,,,,,,,,,,,,,,,,,,,,,,,,,,,,,,,,,,,,,,,,,,,,,TN
941,4ab6eb349233e78877e51e66556fe91e98830f6f,0.0954871765723071,autoland,4768104,12,53390121d39b212135aaffcd577053a14c7f0dff,linux1804-64-shippable-qr,True,False,,,102210fe594ee9b33d82058545b1ed14f4c8206e,custom.jsdebugger.stepOut.DAMP,damp,True,damp custom.jsdebugger.stepOut.DAMP opt e10s fission stylo webrender,4767202,77,ms,firefox,,1738957760,2023-08-08 23:14:47,1284669,,,,,,,,,,,,,,,,,,,,,,,,,,,,,,,,,,,,,,,,,,,,,,,,,TN
942,b57643dc6b227f5d0ffd05324f2f21bd4557fcee,0.09743506110327349,autoland,4768104,12,53390121d39b212135aaffcd577053a14c7f0dff,linux1804-64-shippable-qr,True,False,,,102210fe594ee9b33d82058545b1ed14f4c8206e,custom.jsdebugger.stepOut.DAMP,damp,True,damp custom.jsdebugger.stepOut.DAMP opt e10s fission stylo webrender,4767202,77,ms,firefox,,1738957140,2023-08-09 00:40:25,1284706,,,,,,,,,,,,,,,,,,,,,,,,,,,,,,,,,,,,,,,,,,,,,,,,,TN
943,1374ab070c01bb16259d925cd0146ebb8f7afce3,0.09759741569749303,autoland,4768104,12,53390121d39b212135aaffcd577053a14c7f0dff,linux1804-64-shippable-qr,True,False,,,102210fe594ee9b33d82058545b1ed14f4c8206e,custom.jsdebugger.stepOut.DAMP,damp,True,damp custom.jsdebugger.stepOut.DAMP opt e10s fission stylo webrender,4767202,77,ms,firefox,,1738956269,2023-08-09 00:51:41,1284715,,,,,,,,,,,,,,,,,,,,,,,,,,,,,,,,,,,,,,,,,,,,,,,,,TN
944,a369921ff340abce27758b0614128b89fb724e9c,0.09868524095850528,autoland,4768104,12,53390121d39b212135aaffcd577053a14c7f0dff,linux1804-64-shippable-qr,True,False,,,102210fe594ee9b33d82058545b1ed14f4c8206e,custom.jsdebugger.stepOut.DAMP,damp,True,damp custom.jsdebugger.stepOut.DAMP opt e10s fission stylo webrender,4767202,77,ms,firefox,,1738958597,2023-08-09 01:08:31,1284728,,,,,,,,,,,,,,,,,,,,,,,,,,,,,,,,,,,,,,,,,,,,,,,,,TN
945,e20332cad1b4b44d6393073713a2c61914f43029,0.09717629387566351,autoland,4768104,12,53390121d39b212135aaffcd577053a14c7f0dff,linux1804-64-shippable-qr,True,False,,,102210fe594ee9b33d82058545b1ed14f4c8206e,custom.jsdebugger.stepOut.DAMP,damp,True,damp custom.jsdebugger.stepOut.DAMP opt e10s fission stylo webrender,4767202,77,ms,firefox,,1738897529,2023-08-09 01:17:28,1284735,,,,,,,,,,,,,,,,,,,,,,,,,,,,,,,,,,,,,,,,,,,,,,,,,TN
946,25a29224e55d9a839d6fddde206208a453535ec8,0.0882279154313208,autoland,4768104,12,53390121d39b212135aaffcd577053a14c7f0dff,linux1804-64-shippable-qr,True,False,,,102210fe594ee9b33d82058545b1ed14f4c8206e,custom.jsdebugger.stepOut.DAMP,damp,True,damp custom.jsdebugger.stepOut.DAMP opt e10s fission stylo webrender,4767202,77,ms,firefox,,1737777191,2023-08-09 02:34:29,1284750,,,,,,,,,,,,,,,,,,,,,,,,,,,,,,,,,,,,,,,,,,,,,,,,,TN
947,46b5603cd2b8de629b659ec8d44fc7b086782c46,0.10127359183958884,autoland,4768104,12,53390121d39b212135aaffcd577053a14c7f0dff,linux1804-64-shippable-qr,True,False,,,102210fe594ee9b33d82058545b1ed14f4c8206e,custom.jsdebugger.stepOut.DAMP,damp,True,damp custom.jsdebugger.stepOut.DAMP opt e10s fission stylo webrender,4767202,77,ms,firefox,,1738014692,2023-08-09 13:49:06,1285020,,,,,,,,,,,,,,,,,,,,,,,,,,,,,,,,,,,,,,,,,,,,,,,,,TN
948,299828b58af2fd55f393babed8ea8db6425040df,0.10473763872738973,autoland,4768104,12,53390121d39b212135aaffcd577053a14c7f0dff,linux1804-64-shippable-qr,True,False,,,102210fe594ee9b33d82058545b1ed14f4c8206e,custom.jsdebugger.stepOut.DAMP,damp,True,damp custom.jsdebugger.stepOut.DAMP opt e10s fission stylo webrender,4767202,77,ms,firefox,,1738201680,2023-08-09 17:29:37,1285186,,,,,,,,,,,,,,,,,,,,,,,,,,,,,,,,,,,,,,,,,,,,,,,,,TN
949,9766f63db97d1b85b2f2f47d2b3cb3ee3782ae85,0.0921769018583618,autoland,4768104,12,53390121d39b212135aaffcd577053a14c7f0dff,linux1804-64-shippable-qr,True,False,,,102210fe594ee9b33d82058545b1ed14f4c8206e,custom.jsdebugger.stepOut.DAMP,damp,True,damp custom.jsdebugger.stepOut.DAMP opt e10s fission stylo webrender,4767202,77,ms,firefox,,1738338012,2023-08-09 20:56:32,1285337,,,,,,,,,,,,,,,,,,,,,,,,,,,,,,,,,,,,,,,,,,,,,,,,,TN
950,b2b54f91567d2de224314e03fc81ba6e815e2fa7,0.09208913225295356,autoland,4768104,12,53390121d39b212135aaffcd577053a14c7f0dff,linux1804-64-shippable-qr,True,False,,,102210fe594ee9b33d82058545b1ed14f4c8206e,custom.jsdebugger.stepOut.DAMP,damp,True,damp custom.jsdebugger.stepOut.DAMP opt e10s fission stylo webrender,4767202,77,ms,firefox,,1738398620,2023-08-10 01:02:34,1285442,,,,,,,,,,,,,,,,,,,,,,,,,,,,,,,,,,,,,,,,,,,,,,,,,TN
951,7704c89f0e6bc2ca33282a228b42fb5cd7aa072c,0.09139331932636252,autoland,4768104,12,53390121d39b212135aaffcd577053a14c7f0dff,linux1804-64-shippable-qr,True,False,,,102210fe594ee9b33d82058545b1ed14f4c8206e,custom.jsdebugger.stepOut.DAMP,damp,True,damp custom.jsdebugger.stepOut.DAMP opt e10s fission stylo webrender,4767202,77,ms,firefox,,1738428265,2023-08-10 02:22:08,1285454,,,,,,,,,,,,,,,,,,,,,,,,,,,,,,,,,,,,,,,,,,,,,,,,,TN
952,24eb42c9b3d9f910ba5afe124232608f70532552,0.1064423112950772,autoland,4768104,12,53390121d39b212135aaffcd577053a14c7f0dff,linux1804-64-shippable-qr,True,False,,,102210fe594ee9b33d82058545b1ed14f4c8206e,custom.jsdebugger.stepOut.DAMP,damp,True,damp custom.jsdebugger.stepOut.DAMP opt e10s fission stylo webrender,4767202,77,ms,firefox,,1738538501,2023-08-10 06:54:21,1285524,,,,,,,,,,,,,,,,,,,,,,,,,,,,,,,,,,,,,,,,,,,,,,,,,TN
953,f688cd32ea991c3f0e62e19b43efc48cb4cc183a,0.09074256460348207,autoland,4768104,12,53390121d39b212135aaffcd577053a14c7f0dff,linux1804-64-shippable-qr,True,False,,,102210fe594ee9b33d82058545b1ed14f4c8206e,custom.jsdebugger.stepOut.DAMP,damp,True,damp custom.jsdebugger.stepOut.DAMP opt e10s fission stylo webrender,4767202,77,ms,firefox,,1738556003,2023-08-10 07:38:16,1285542,,,,,,,,,,,,,,,,,,,,,,,,,,,,,,,,,,,,,,,,,,,,,,,,,TN
954,b544a2a999190b3345911b807fac8392e1360811,0.09521554465625792,autoland,4768104,12,53390121d39b212135aaffcd577053a14c7f0dff,linux1804-64-shippable-qr,True,False,,,102210fe594ee9b33d82058545b1ed14f4c8206e,custom.jsdebugger.stepOut.DAMP,damp,True,damp custom.jsdebugger.stepOut.DAMP opt e10s fission stylo webrender,4767202,77,ms,firefox,,1738648864,2023-08-10 11:47:02,1285658,,,,,,,,,,,,,,,,,,,,,,,,,,,,,,,,,,,,,,,,,,,,,,,,,TN
955,11f47f2a1cf08c1e0b5bb6374f2a7dd1f49c8cac,0.09464661404180963,autoland,4768104,12,53390121d39b212135aaffcd577053a14c7f0dff,linux1804-64-shippable-qr,True,False,,,102210fe594ee9b33d82058545b1ed14f4c8206e,custom.jsdebugger.stepOut.DAMP,damp,True,damp custom.jsdebugger.stepOut.DAMP opt e10s fission stylo webrender,4767202,77,ms,firefox,,1738684651,2023-08-10 13:06:38,1285701,,,,,,,,,,,,,,,,,,,,,,,,,,,,,,,,,,,,,,,,,,,,,,,,,TN
956,42a4b2af29229dbfd0675767afaf6965d292e4a7,0.06542315966478063,autoland,4768104,12,53390121d39b212135aaffcd577053a14c7f0dff,linux1804-64-shippable-qr,True,False,,,102210fe594ee9b33d82058545b1ed14f4c8206e,custom.jsdebugger.stepOut.DAMP,damp,True,damp custom.jsdebugger.stepOut.DAMP opt e10s fission stylo webrender,4767202,77,ms,firefox,,1738777524,2023-08-10 16:07:39,1285800,,,,,,,,,,,,,,,,,,,,,,,,,,,,,,,,,,,,,,,,,,,,,,,,,TN
957,fae9c8496544fb4597f4094d95b81fdefec01628,0.1013362848407664,autoland,4768104,12,53390121d39b212135aaffcd577053a14c7f0dff,linux1804-64-shippable-qr,True,False,,,102210fe594ee9b33d82058545b1ed14f4c8206e,custom.jsdebugger.stepOut.DAMP,damp,True,damp custom.jsdebugger.stepOut.DAMP opt e10s fission stylo webrender,4767202,77,ms,firefox,,1738867497,2023-08-10 18:32:11,1285918,,,,,,,,,,,,,,,,,,,,,,,,,,,,,,,,,,,,,,,,,,,,,,,,,TN
958,389f1009f2db207be63aacd4c9c54990f9d1104b,0.09698065582456605,autoland,4768104,12,53390121d39b212135aaffcd577053a14c7f0dff,linux1804-64-shippable-qr,True,False,,,102210fe594ee9b33d82058545b1ed14f4c8206e,custom.jsdebugger.stepOut.DAMP,damp,True,damp custom.jsdebugger.stepOut.DAMP opt e10s fission stylo webrender,4767202,77,ms,firefox,,1738962836,2023-08-10 21:59:13,1286074,,,,,,,,,,,,,,,,,,,,,,,,,,,,,,,,,,,,,,,,,,,,,,,,,TN
959,05da0ca6db46baad5f6e45489d80d5097053bb42,0.09456541190554368,autoland,4768104,12,53390121d39b212135aaffcd577053a14c7f0dff,linux1804-64-shippable-qr,True,False,,,102210fe594ee9b33d82058545b1ed14f4c8206e,custom.jsdebugger.stepOut.DAMP,damp,True,damp custom.jsdebugger.stepOut.DAMP opt e10s fission stylo webrender,4767202,77,ms,firefox,,1739014487,2023-08-11 03:08:44,1286160,,,,,,,,,,,,,,,,,,,,,,,,,,,,,,,,,,,,,,,,,,,,,,,,,TN
960,efb44db563b1abcb74959e12c6ce8e577cd213f2,0.08747509468641912,autoland,4768104,12,53390121d39b212135aaffcd577053a14c7f0dff,linux1804-64-shippable-qr,True,False,,,102210fe594ee9b33d82058545b1ed14f4c8206e,custom.jsdebugger.stepOut.DAMP,damp,True,damp custom.jsdebugger.stepOut.DAMP opt e10s fission stylo webrender,4767202,77,ms,firefox,,1739090517,2023-08-11 07:27:06,1286189,,,,,,,,,,,,,,,,,,,,,,,,,,,,,,,,,,,,,,,,,,,,,,,,,TN
961,cda91469ef2a9b195d09f702816a5f7aec451d02,0.1005081925530702,autoland,4768104,12,53390121d39b212135aaffcd577053a14c7f0dff,linux1804-64-shippable-qr,True,False,,,102210fe594ee9b33d82058545b1ed14f4c8206e,custom.jsdebugger.stepOut.DAMP,damp,True,damp custom.jsdebugger.stepOut.DAMP opt e10s fission stylo webrender,4767202,77,ms,firefox,,1739119325,2023-08-11 08:27:25,1286199,,,,,,,,,,,,,,,,,,,,,,,,,,,,,,,,,,,,,,,,,,,,,,,,,TN
962,21aaca8e9cca74e93bf7c9c3a6c05b78a0d46a06,0.08726830087978033,autoland,4768104,12,53390121d39b212135aaffcd577053a14c7f0dff,linux1804-64-shippable-qr,True,False,,,102210fe594ee9b33d82058545b1ed14f4c8206e,custom.jsdebugger.stepOut.DAMP,damp,True,damp custom.jsdebugger.stepOut.DAMP opt e10s fission stylo webrender,4767202,77,ms,firefox,,1739257211,2023-08-11 14:16:15,1286315,,,,,,,,,,,,,,,,,,,,,,,,,,,,,,,,,,,,,,,,,,,,,,,,,TN
963,16838b515ded4549918a4ebf3e3fa8a0b427e1f4,0.11431081896534678,autoland,4768104,12,53390121d39b212135aaffcd577053a14c7f0dff,linux1804-64-shippable-qr,True,False,,,102210fe594ee9b33d82058545b1ed14f4c8206e,custom.jsdebugger.stepOut.DAMP,damp,True,damp custom.jsdebugger.stepOut.DAMP opt e10s fission stylo webrender,4767202,77,ms,firefox,,1739300078,2023-08-11 16:12:07,1286403,,,,,,,,,,,,,,,,,,,,,,,,,,,,,,,,,,,,,,,,,,,,,,,,,TN
964,700d98d93bde10f22824d5d41b863f4a108f832b,0.09619373789247931,autoland,4768104,12,53390121d39b212135aaffcd577053a14c7f0dff,linux1804-64-shippable-qr,True,False,,,102210fe594ee9b33d82058545b1ed14f4c8206e,custom.jsdebugger.stepOut.DAMP,damp,True,damp custom.jsdebugger.stepOut.DAMP opt e10s fission stylo webrender,4767202,77,ms,firefox,,1739417148,2023-08-11 20:27:04,1286565,,,,,,,,,,,,,,,,,,,,,,,,,,,,,,,,,,,,,,,,,,,,,,,,,TN
965,8dd752fc2bce87d04b7ae3bab02bb57d59c64e8a,0.10489191165836065,autoland,4768104,12,53390121d39b212135aaffcd577053a14c7f0dff,linux1804-64-shippable-qr,True,False,,,102210fe594ee9b33d82058545b1ed14f4c8206e,custom.jsdebugger.stepOut.DAMP,damp,True,damp custom.jsdebugger.stepOut.DAMP opt e10s fission stylo webrender,4767202,77,ms,firefox,,1739574433,2023-08-12 05:14:02,1286635,,,,,,,,,,,,,,,,,,,,,,,,,,,,,,,,,,,,,,,,,,,,,,,,,TN
966,f20040ae7b2f3e1499ea3b90639fd96566103125,0.10465752057130939,autoland,4768104,12,53390121d39b212135aaffcd577053a14c7f0dff,linux1804-64-shippable-qr,True,False,,,102210fe594ee9b33d82058545b1ed14f4c8206e,custom.jsdebugger.stepOut.DAMP,damp,True,damp custom.jsdebugger.stepOut.DAMP opt e10s fission stylo webrender,4767202,77,ms,firefox,,1739563508,2023-08-12 05:14:50,1286636,,,,,,,,,,,,,,,,,,,,,,,,,,,,,,,,,,,,,,,,,,,,,,,,,TN
967,6386291adbedd6140dfbf10b071e5cc82f5433a1,0.1073333946535584,autoland,4768104,12,53390121d39b212135aaffcd577053a14c7f0dff,linux1804-64-shippable-qr,True,False,,,102210fe594ee9b33d82058545b1ed14f4c8206e,custom.jsdebugger.stepOut.DAMP,damp,True,damp custom.jsdebugger.stepOut.DAMP opt e10s fission stylo webrender,4767202,77,ms,firefox,,1739633924,2023-08-12 12:22:39,1286663,,,,,,,,,,,,,,,,,,,,,,,,,,,,,,,,,,,,,,,,,,,,,,,,,TN
968,9a15449ff274a89d15ae4d345601385b371c2dff,0.10548099178489556,autoland,4768104,12,53390121d39b212135aaffcd577053a14c7f0dff,linux1804-64-shippable-qr,True,False,,,102210fe594ee9b33d82058545b1ed14f4c8206e,custom.jsdebugger.stepOut.DAMP,damp,True,damp custom.jsdebugger.stepOut.DAMP opt e10s fission stylo webrender,4767202,77,ms,firefox,,1739683078,2023-08-12 17:53:09,1286688,,,,,,,,,,,,,,,,,,,,,,,,,,,,,,,,,,,,,,,,,,,,,,,,,TN
969,dcf2ddfaffbf9900de8ba4a674708bf996d147b6,0.11559836583246841,autoland,4768104,12,53390121d39b212135aaffcd577053a14c7f0dff,linux1804-64-shippable-qr,True,False,,,102210fe594ee9b33d82058545b1ed14f4c8206e,custom.jsdebugger.stepOut.DAMP,damp,True,damp custom.jsdebugger.stepOut.DAMP opt e10s fission stylo webrender,4767202,77,ms,firefox,,1739753958,2023-08-13 04:26:09,1286737,,,,,,,,,,,,,,,,,,,,,,,,,,,,,,,,,,,,,,,,,,,,,,,,,TN
970,cbfbab86b8f2ad4e39c90caa2d8e55102609b72d,0.10473718963570722,autoland,4768104,12,53390121d39b212135aaffcd577053a14c7f0dff,linux1804-64-shippable-qr,True,False,,,102210fe594ee9b33d82058545b1ed14f4c8206e,custom.jsdebugger.stepOut.DAMP,damp,True,damp custom.jsdebugger.stepOut.DAMP opt e10s fission stylo webrender,4767202,77,ms,firefox,,1739824752,2023-08-13 16:54:11,1286762,,,,,,,,,,,,,,,,,,,,,,,,,,,,,,,,,,,,,,,,,,,,,,,,,TN
971,bdeed1276a3515d597485fc241f9757ff607a9d1,0.09984818674022944,autoland,4768104,12,53390121d39b212135aaffcd577053a14c7f0dff,linux1804-64-shippable-qr,True,False,,,102210fe594ee9b33d82058545b1ed14f4c8206e,custom.jsdebugger.stepOut.DAMP,damp,True,damp custom.jsdebugger.stepOut.DAMP opt e10s fission stylo webrender,4767202,77,ms,firefox,,1739912822,2023-08-14 00:32:30,1286792,,,,,,,,,,,,,,,,,,,,,,,,,,,,,,,,,,,,,,,,,,,,,,,,,TN
972,a5bcd3edffd78b69932e1ea7c5dda0894107edaa,0.1000600715774207,autoland,4768104,12,53390121d39b212135aaffcd577053a14c7f0dff,linux1804-64-shippable-qr,True,False,,,102210fe594ee9b33d82058545b1ed14f4c8206e,custom.jsdebugger.stepOut.DAMP,damp,True,damp custom.jsdebugger.stepOut.DAMP opt e10s fission stylo webrender,4767202,77,ms,firefox,,1739951572,2023-08-14 06:39:21,1286822,,,,,,,,,,,,,,,,,,,,,,,,,,,,,,,,,,,,,,,,,,,,,,,,,TN
973,64a1445ac4138d208b6412914b12fd0a2e9ff945,0.0948022600805769,autoland,4768104,12,53390121d39b212135aaffcd577053a14c7f0dff,linux1804-64-shippable-qr,True,False,,,102210fe594ee9b33d82058545b1ed14f4c8206e,custom.jsdebugger.stepOut.DAMP,damp,True,damp custom.jsdebugger.stepOut.DAMP opt e10s fission stylo webrender,4767202,77,ms,firefox,,1740041799,2023-08-14 10:48:55,1286891,,,,,,,,,,,,,,,,,,,,,,,,,,,,,,,,,,,,,,,,,,,,,,,,,TN
974,966f06db181d109fbc6ac97a296ac28efbb8a5f2,0.10571441811969473,autoland,4768104,12,53390121d39b212135aaffcd577053a14c7f0dff,linux1804-64-shippable-qr,True,False,,,102210fe594ee9b33d82058545b1ed14f4c8206e,custom.jsdebugger.stepOut.DAMP,damp,True,damp custom.jsdebugger.stepOut.DAMP opt e10s fission stylo webrender,4767202,77,ms,firefox,,1740085081,2023-08-14 14:03:37,1286990,,,,,,,,,,,,,,,,,,,,,,,,,,,,,,,,,,,,,,,,,,,,,,,,,TN
975,5b1987d52ae19ebe1b311fec0f664563b5bf198d,0.10515387220607741,autoland,4768104,12,53390121d39b212135aaffcd577053a14c7f0dff,linux1804-64-shippable-qr,True,False,,,102210fe594ee9b33d82058545b1ed14f4c8206e,custom.jsdebugger.stepOut.DAMP,damp,True,damp custom.jsdebugger.stepOut.DAMP opt e10s fission stylo webrender,4767202,77,ms,firefox,,1740182303,2023-08-14 16:54:04,1287092,,,,,,,,,,,,,,,,,,,,,,,,,,,,,,,,,,,,,,,,,,,,,,,,,TN
976,7081c01a8f314a82bc3c055c11f0880dc2b706fb,0.10464999133054054,autoland,4768104,12,53390121d39b212135aaffcd577053a14c7f0dff,linux1804-64-shippable-qr,True,False,,,102210fe594ee9b33d82058545b1ed14f4c8206e,custom.jsdebugger.stepOut.DAMP,damp,True,damp custom.jsdebugger.stepOut.DAMP opt e10s fission stylo webrender,4767202,77,ms,firefox,,1740298842,2023-08-14 21:20:15,1287268,,,,,,,,,,,,,,,,,,,,,,,,,,,,,,,,,,,,,,,,,,,,,,,,,TN
977,88ec6682eab1c5c36cb839c8db0156446559a1cb,0.10128198250183762,autoland,4768104,12,53390121d39b212135aaffcd577053a14c7f0dff,linux1804-64-shippable-qr,True,False,,,102210fe594ee9b33d82058545b1ed14f4c8206e,custom.jsdebugger.stepOut.DAMP,damp,True,damp custom.jsdebugger.stepOut.DAMP opt e10s fission stylo webrender,4767202,77,ms,firefox,,1740372384,2023-08-14 23:25:21,1287331,,,,,,,,,,,,,,,,,,,,,,,,,,,,,,,,,,,,,,,,,,,,,,,,,TN
978,ef2753ba331b17b408096bfd42e83a91039b995d,0.10360096381592432,autoland,4768104,12,53390121d39b212135aaffcd577053a14c7f0dff,linux1804-64-shippable-qr,True,False,,,102210fe594ee9b33d82058545b1ed14f4c8206e,custom.jsdebugger.stepOut.DAMP,damp,True,damp custom.jsdebugger.stepOut.DAMP opt e10s fission stylo webrender,4767202,77,ms,firefox,,1740438029,2023-08-15 03:40:03,1287395,,,,,,,,,,,,,,,,,,,,,,,,,,,,,,,,,,,,,,,,,,,,,,,,,TN
979,0038346134ec0c0912660c19edced48ff4c9996b,0.09786536843982852,autoland,4768104,12,53390121d39b212135aaffcd577053a14c7f0dff,linux1804-64-shippable-qr,True,False,,,102210fe594ee9b33d82058545b1ed14f4c8206e,custom.jsdebugger.stepOut.DAMP,damp,True,damp custom.jsdebugger.stepOut.DAMP opt e10s fission stylo webrender,4767202,77,ms,firefox,,1740647450,2023-08-15 12:15:00,1287534,,,,,,,,,,,,,,,,,,,,,,,,,,,,,,,,,,,,,,,,,,,,,,,,,TN
980,34ea39f6bd8afd706e571c5a5c5557f8f02274c7,0.1136070664553579,autoland,4768104,12,53390121d39b212135aaffcd577053a14c7f0dff,linux1804-64-shippable-qr,True,False,,,102210fe594ee9b33d82058545b1ed14f4c8206e,custom.jsdebugger.stepOut.DAMP,damp,True,damp custom.jsdebugger.stepOut.DAMP opt e10s fission stylo webrender,4767202,77,ms,firefox,,1740636824,2023-08-15 12:16:05,1287535,,,,,,,,,,,,,,,,,,,,,,,,,,,,,,,,,,,,,,,,,,,,,,,,,TN
981,c01a1256082294777509d59591b44cc1a9a54101,0.09586775197210784,autoland,4768104,12,53390121d39b212135aaffcd577053a14c7f0dff,linux1804-64-shippable-qr,True,False,,,102210fe594ee9b33d82058545b1ed14f4c8206e,custom.jsdebugger.stepOut.DAMP,damp,True,damp custom.jsdebugger.stepOut.DAMP opt e10s fission stylo webrender,4767202,77,ms,firefox,,1740829098,2023-08-15 17:48:00,1287732,,,,,,,,,,,,,,,,,,,,,,,,,,,,,,,,,,,,,,,,,,,,,,,,,TN
982,b6d00af33f9f1879900a9ff148f77a03de4ca507,0.10660674740940213,autoland,4768104,12,53390121d39b212135aaffcd577053a14c7f0dff,linux1804-64-shippable-qr,True,False,,,102210fe594ee9b33d82058545b1ed14f4c8206e,custom.jsdebugger.stepOut.DAMP,damp,True,damp custom.jsdebugger.stepOut.DAMP opt e10s fission stylo webrender,4767202,77,ms,firefox,,1740925732,2023-08-15 20:18:28,1287829,,,,,,,,,,,,,,,,,,,,,,,,,,,,,,,,,,,,,,,,,,,,,,,,,TN
983,af1979bb2dd22b96889d47af7852253d7f161693,0.10964666991993544,autoland,4768104,12,53390121d39b212135aaffcd577053a14c7f0dff,linux1804-64-shippable-qr,True,False,,,102210fe594ee9b33d82058545b1ed14f4c8206e,custom.jsdebugger.stepOut.DAMP,damp,True,damp custom.jsdebugger.stepOut.DAMP opt e10s fission stylo webrender,4767202,77,ms,firefox,,1741043003,2023-08-16 01:44:13,1287987,,,,,,,,,,,,,,,,,,,,,,,,,,,,,,,,,,,,,,,,,,,,,,,,,TN
984,4d7123b9c5729f33db3288141ea7502fae3cbadc,0.08894150920941768,autoland,4768104,12,53390121d39b212135aaffcd577053a14c7f0dff,linux1804-64-shippable-qr,True,False,,,102210fe594ee9b33d82058545b1ed14f4c8206e,custom.jsdebugger.stepOut.DAMP,damp,True,damp custom.jsdebugger.stepOut.DAMP opt e10s fission stylo webrender,4767202,77,ms,firefox,,1741148644,2023-08-16 06:09:24,1288100,,,,,,,,,,,,,,,,,,,,,,,,,,,,,,,,,,,,,,,,,,,,,,,,,TN
985,3ba3d3cb9bb7860efcbb623d34fc5d721fc7cfcb,0.10278579384359454,autoland,4768104,12,53390121d39b212135aaffcd577053a14c7f0dff,linux1804-64-shippable-qr,True,False,,,102210fe594ee9b33d82058545b1ed14f4c8206e,custom.jsdebugger.stepOut.DAMP,damp,True,damp custom.jsdebugger.stepOut.DAMP opt e10s fission stylo webrender,4767202,77,ms,firefox,,1741201061,2023-08-16 07:28:11,1288129,,,,,,,,,,,,,,,,,,,,,,,,,,,,,,,,,,,,,,,,,,,,,,,,,TN
986,3cbe8cb45dab35d18ef4ffb5481be55dfabf47c7,0.10189130255490886,autoland,4768104,12,53390121d39b212135aaffcd577053a14c7f0dff,linux1804-64-shippable-qr,True,False,,,102210fe594ee9b33d82058545b1ed14f4c8206e,custom.jsdebugger.stepOut.DAMP,damp,True,damp custom.jsdebugger.stepOut.DAMP opt e10s fission stylo webrender,4767202,77,ms,firefox,,1741314583,2023-08-16 10:40:28,1288233,,,,,,,,,,,,,,,,,,,,,,,,,,,,,,,,,,,,,,,,,,,,,,,,,TN
987,1cafd355bbcf32aae501b9419edec5e7c8a59968,0.0921110681961419,autoland,4768104,12,53390121d39b212135aaffcd577053a14c7f0dff,linux1804-64-shippable-qr,True,False,,,102210fe594ee9b33d82058545b1ed14f4c8206e,custom.jsdebugger.stepOut.DAMP,damp,True,damp custom.jsdebugger.stepOut.DAMP opt e10s fission stylo webrender,4767202,77,ms,firefox,,1741406600,2023-08-16 14:37:22,1288343,,,,,,,,,,,,,,,,,,,,,,,,,,,,,,,,,,,,,,,,,,,,,,,,,TN
988,3bd7ac5460946fc695c31f19d4a7ffe20cd85a1e,0.09416129794110151,autoland,4768104,12,53390121d39b212135aaffcd577053a14c7f0dff,linux1804-64-shippable-qr,True,False,,,102210fe594ee9b33d82058545b1ed14f4c8206e,custom.jsdebugger.stepOut.DAMP,damp,True,damp custom.jsdebugger.stepOut.DAMP opt e10s fission stylo webrender,4767202,77,ms,firefox,,1743023382,2023-08-16 17:14:11,1288434,,,,,,,,,,,,,,,,,,,,,,,,,,,,,,,,,,,,,,,,,,,,,,,,,TN
989,76c2ef9d279ab62d4513c845d1c71e49aaf07d8c,0.11322730379224422,autoland,4768104,12,53390121d39b212135aaffcd577053a14c7f0dff,linux1804-64-shippable-qr,True,False,,,102210fe594ee9b33d82058545b1ed14f4c8206e,custom.jsdebugger.stepOut.DAMP,damp,True,damp custom.jsdebugger.stepOut.DAMP opt e10s fission stylo webrender,4767202,77,ms,firefox,,1742996694,2023-08-16 17:18:17,1288437,,,,,,,,,,,,,,,,,,,,,,,,,,,,,,,,,,,,,,,,,,,,,,,,,TN
990,e679173f9fd8ae276789ca7302817d53d23baab4,0.0690607159087584,autoland,4768104,12,53390121d39b212135aaffcd577053a14c7f0dff,linux1804-64-shippable-qr,True,False,,,102210fe594ee9b33d82058545b1ed14f4c8206e,custom.jsdebugger.stepOut.DAMP,damp,True,damp custom.jsdebugger.stepOut.DAMP opt e10s fission stylo webrender,4767202,77,ms,firefox,,1742983534,2023-08-16 17:19:17,1288439,,,,,,,,,,,,,,,,,,,,,,,,,,,,,,,,,,,,,,,,,,,,,,,,,TN
991,2407597d846312d9c6de852dce689d1c238c71c6,0.09593319118881638,autoland,4768104,12,53390121d39b212135aaffcd577053a14c7f0dff,linux1804-64-shippable-qr,True,False,,,102210fe594ee9b33d82058545b1ed14f4c8206e,custom.jsdebugger.stepOut.DAMP,damp,True,damp custom.jsdebugger.stepOut.DAMP opt e10s fission stylo webrender,4767202,77,ms,firefox,,1743023893,2023-08-16 17:37:36,1288452,,,,,,,,,,,,,,,,,,,,,,,,,,,,,,,,,,,,,,,,,,,,,,,,,TN
992,d85402f11fc4636036f3e809d57fd20d20c41d7f,0.11850160152453149,autoland,4768104,12,53390121d39b212135aaffcd577053a14c7f0dff,linux1804-64-shippable-qr,True,False,,,102210fe594ee9b33d82058545b1ed14f4c8206e,custom.jsdebugger.stepOut.DAMP,damp,True,damp custom.jsdebugger.stepOut.DAMP opt e10s fission stylo webrender,4767202,77,ms,firefox,,1743025648,2023-08-16 18:04:47,1288470,,,,,,,,,,,,,,,,,,,,,,,,,,,,,,,,,,,,,,,,,,,,,,,,,TN
993,52f816cfe298fe872f34f152541fff7f08f3bba7,0.09685815314992552,autoland,4768104,12,53390121d39b212135aaffcd577053a14c7f0dff,linux1804-64-shippable-qr,True,False,,,102210fe594ee9b33d82058545b1ed14f4c8206e,custom.jsdebugger.stepOut.DAMP,damp,True,damp custom.jsdebugger.stepOut.DAMP opt e10s fission stylo webrender,4767202,77,ms,firefox,,1743021735,2023-08-16 18:22:38,1288480,,,,,,,,,,,,,,,,,,,,,,,,,,,,,,,,,,,,,,,,,,,,,,,,,TN
994,8e55399e35ce0383df8c6ed46690d8fdfeefa6d8,0.09620839894772426,autoland,4768104,12,53390121d39b212135aaffcd577053a14c7f0dff,linux1804-64-shippable-qr,True,False,,,102210fe594ee9b33d82058545b1ed14f4c8206e,custom.jsdebugger.stepOut.DAMP,damp,True,damp custom.jsdebugger.stepOut.DAMP opt e10s fission stylo webrender,4767202,77,ms,firefox,,1743022083,2023-08-16 18:23:27,1288481,,,,,,,,,,,,,,,,,,,,,,,,,,,,,,,,,,,,,,,,,,,,,,,,,TN
995,b7c070a4e6e35db1b091b0c13420eed67b2bb9fb,0.09725231158619985,autoland,4768104,12,53390121d39b212135aaffcd577053a14c7f0dff,linux1804-64-shippable-qr,True,False,,,102210fe594ee9b33d82058545b1ed14f4c8206e,custom.jsdebugger.stepOut.DAMP,damp,True,damp custom.jsdebugger.stepOut.DAMP opt e10s fission stylo webrender,4767202,77,ms,firefox,,1743020597,2023-08-16 18:24:20,1288482,,,,,,,,,,,,,,,,,,,,,,,,,,,,,,,,,,,,,,,,,,,,,,,,,TN
996,536bc940d00da0301805cf4b485a48374b636a86,0.10835583633757717,autoland,4768104,12,53390121d39b212135aaffcd577053a14c7f0dff,linux1804-64-shippable-qr,True,False,,,102210fe594ee9b33d82058545b1ed14f4c8206e,custom.jsdebugger.stepOut.DAMP,damp,True,damp custom.jsdebugger.stepOut.DAMP opt e10s fission stylo webrender,4767202,77,ms,firefox,,1743021654,2023-08-16 18:29:35,1288484,,,,,,,,,,,,,,,,,,,,,,,,,,,,,,,,,,,,,,,,,,,,,,,,,TN
997,1c8dec8815d59d488dc44109a4361dcec573ec0a,0.10201008830034852,autoland,4768104,12,53390121d39b212135aaffcd577053a14c7f0dff,linux1804-64-shippable-qr,True,False,,,102210fe594ee9b33d82058545b1ed14f4c8206e,custom.jsdebugger.stepOut.DAMP,damp,True,damp custom.jsdebugger.stepOut.DAMP opt e10s fission stylo webrender,4767202,77,ms,firefox,,1741603238,2023-08-16 18:57:22,1288496,,,,,,,,,,,,,,,,,,,,,,,,,,,,,,,,,,,,,,,,,,,,,,,,,TN
998,a6e6cc51fc009cab4ea61d59399d1e11de2adfb4,0.09486385419803511,autoland,4768104,12,53390121d39b212135aaffcd577053a14c7f0dff,linux1804-64-shippable-qr,True,False,,,102210fe594ee9b33d82058545b1ed14f4c8206e,custom.jsdebugger.stepOut.DAMP,damp,True,damp custom.jsdebugger.stepOut.DAMP opt e10s fission stylo webrender,4767202,77,ms,firefox,,1742996607,2023-08-16 21:10:40,1288594,,,,,,,,,,,,,,,,,,,,,,,,,,,,,,,,,,,,,,,,,,,,,,,,,TN
999,d2ae6ee5f7ed182032574138aa6cd25894e0aea9,0.10063350205086685,autoland,4768104,12,53390121d39b212135aaffcd577053a14c7f0dff,linux1804-64-shippable-qr,True,False,,,102210fe594ee9b33d82058545b1ed14f4c8206e,custom.jsdebugger.stepOut.DAMP,damp,True,damp custom.jsdebugger.stepOut.DAMP opt e10s fission stylo webrender,4767202,77,ms,firefox,,1743029110,2023-08-16 21:11:31,1288595,,,,,,,,,,,,,,,,,,,,,,,,,,,,,,,,,,,,,,,,,,,,,,,,,TN
1000,f647e84eefff9d4a2340e8b7bfa8241c1f471347,0.10581093507744477,autoland,4768104,12,53390121d39b212135aaffcd577053a14c7f0dff,linux1804-64-shippable-qr,True,False,,,102210fe594ee9b33d82058545b1ed14f4c8206e,custom.jsdebugger.stepOut.DAMP,damp,True,damp custom.jsdebugger.stepOut.DAMP opt e10s fission stylo webrender,4767202,77,ms,firefox,,1743025072,2023-08-16 21:12:23,1288597,,,,,,,,,,,,,,,,,,,,,,,,,,,,,,,,,,,,,,,,,,,,,,,,,TN
1001,08a66d97b33b91ee81cf551b7f81dee5596e0769,0.11019056864051913,autoland,4768104,12,53390121d39b212135aaffcd577053a14c7f0dff,linux1804-64-shippable-qr,True,False,,,102210fe594ee9b33d82058545b1ed14f4c8206e,custom.jsdebugger.stepOut.DAMP,damp,True,damp custom.jsdebugger.stepOut.DAMP opt e10s fission stylo webrender,4767202,77,ms,firefox,,1743023946,2023-08-16 21:13:13,1288598,,,,,,,,,,,,,,,,,,,,,,,,,,,,,,,,,,,,,,,,,,,,,,,,,TN
1002,3072155b3ba7258eeffe3cc96f1065c8b8eb3e4f,0.1028965376684372,autoland,4768104,12,53390121d39b212135aaffcd577053a14c7f0dff,linux1804-64-shippable-qr,True,False,,,102210fe594ee9b33d82058545b1ed14f4c8206e,custom.jsdebugger.stepOut.DAMP,damp,True,damp custom.jsdebugger.stepOut.DAMP opt e10s fission stylo webrender,4767202,77,ms,firefox,,1743020971,2023-08-16 21:14:09,1288599,,,,,,,,,,,,,,,,,,,,,,,,,,,,,,,,,,,,,,,,,,,,,,,,,TN
1003,3b5a0c666d81128f40fa48e3e30c16c64e64b959,0.1052462479819718,autoland,4768104,12,53390121d39b212135aaffcd577053a14c7f0dff,linux1804-64-shippable-qr,True,False,,,102210fe594ee9b33d82058545b1ed14f4c8206e,custom.jsdebugger.stepOut.DAMP,damp,True,damp custom.jsdebugger.stepOut.DAMP opt e10s fission stylo webrender,4767202,77,ms,firefox,,1743020032,2023-08-16 21:15:06,1288602,,,,,,,,,,,,,,,,,,,,,,,,,,,,,,,,,,,,,,,,,,,,,,,,,TN
1004,69f670fb5c2974e05152acd3a5cf1d5c0b640d67,0.10159807350156869,autoland,4768104,12,53390121d39b212135aaffcd577053a14c7f0dff,linux1804-64-shippable-qr,True,False,,,102210fe594ee9b33d82058545b1ed14f4c8206e,custom.jsdebugger.stepOut.DAMP,damp,True,damp custom.jsdebugger.stepOut.DAMP opt e10s fission stylo webrender,4767202,77,ms,firefox,,1743021024,2023-08-16 21:15:59,1288603,,,,,,,,,,,,,,,,,,,,,,,,,,,,,,,,,,,,,,,,,,,,,,,,,TN
1005,cda31e355b3b5a8a6b4271733f93cc9097b7e1bc,0.11570613988937462,autoland,4768104,12,53390121d39b212135aaffcd577053a14c7f0dff,linux1804-64-shippable-qr,True,False,,,102210fe594ee9b33d82058545b1ed14f4c8206e,custom.jsdebugger.stepOut.DAMP,damp,True,damp custom.jsdebugger.stepOut.DAMP opt e10s fission stylo webrender,4767202,77,ms,firefox,,1743020649,2023-08-16 22:03:36,1288632,,,,,,,,,,,,,,,,,,,,,,,,,,,,,,,,,,,,,,,,,,,,,,,,,TN
1006,139a53c64cf08799126c12e52c87210d0905e17c,0.10356115859390491,autoland,4768104,12,53390121d39b212135aaffcd577053a14c7f0dff,linux1804-64-shippable-qr,True,False,,,102210fe594ee9b33d82058545b1ed14f4c8206e,custom.jsdebugger.stepOut.DAMP,damp,True,damp custom.jsdebugger.stepOut.DAMP opt e10s fission stylo webrender,4767202,77,ms,firefox,,1743021324,2023-08-16 22:07:07,1288635,,,,,,,,,,,,,,,,,,,,,,,,,,,,,,,,,,,,,,,,,,,,,,,,,TN
1007,4e21d241af64f5d1f3b4796d48ab8d58a961f081,0.11343955128091365,autoland,4768104,12,53390121d39b212135aaffcd577053a14c7f0dff,linux1804-64-shippable-qr,True,False,,,102210fe594ee9b33d82058545b1ed14f4c8206e,custom.jsdebugger.stepOut.DAMP,damp,True,damp custom.jsdebugger.stepOut.DAMP opt e10s fission stylo webrender,4767202,77,ms,firefox,,1741701868,2023-08-16 23:04:52,1288666,,,,,,,,,,,,,,,,,,,,,,,,,,,,,,,,,,,,,,,,,,,,,,,,,TN
1008,200aa08042f1b584401fd4aca219d4b68edf7973,0.10059477782829118,autoland,4768104,12,53390121d39b212135aaffcd577053a14c7f0dff,linux1804-64-shippable-qr,True,False,,,102210fe594ee9b33d82058545b1ed14f4c8206e,custom.jsdebugger.stepOut.DAMP,damp,True,damp custom.jsdebugger.stepOut.DAMP opt e10s fission stylo webrender,4767202,77,ms,firefox,,1741717019,2023-08-16 23:22:50,1288675,,,,,,,,,,,,,,,,,,,,,,,,,,,,,,,,,,,,,,,,,,,,,,,,,TN
1009,6ddefe7e7f25c644dfffc0235e658eb491e86d5d,0.12129877507338915,autoland,4768104,12,53390121d39b212135aaffcd577053a14c7f0dff,linux1804-64-shippable-qr,True,False,,,102210fe594ee9b33d82058545b1ed14f4c8206e,custom.jsdebugger.stepOut.DAMP,damp,True,damp custom.jsdebugger.stepOut.DAMP opt e10s fission stylo webrender,4767202,77,ms,firefox,,1743024664,2023-08-17 00:40:03,1288703,,,,,,,,,,,,,,,,,,,,,,,,,,,,,,,,,,,,,,,,,,,,,,,,,TN
1010,df174956d60e88d3a0c7c2d34a20141478e9756b,0.10034535806671174,autoland,4768104,12,53390121d39b212135aaffcd577053a14c7f0dff,linux1804-64-shippable-qr,True,False,,,102210fe594ee9b33d82058545b1ed14f4c8206e,custom.jsdebugger.stepOut.DAMP,damp,True,damp custom.jsdebugger.stepOut.DAMP opt e10s fission stylo webrender,4767202,77,ms,firefox,,1743021089,2023-08-17 01:09:58,1288711,,,,,,,,,,,,,,,,,,,,,,,,,,,,,,,,,,,,,,,,,,,,,,,,,TN
1011,44ba8ebd6477e140f1ebf3a7869de55df35c6d11,0.09966449234220986,autoland,4768104,12,53390121d39b212135aaffcd577053a14c7f0dff,linux1804-64-shippable-qr,True,False,,,102210fe594ee9b33d82058545b1ed14f4c8206e,custom.jsdebugger.stepOut.DAMP,damp,True,damp custom.jsdebugger.stepOut.DAMP opt e10s fission stylo webrender,4767202,77,ms,firefox,,1743024879,2023-08-17 01:10:52,1288713,,,,,,,,,,,,,,,,,,,,,,,,,,,,,,,,,,,,,,,,,,,,,,,,,TN
1012,970422f6006c712e04ad97a1712a217677a7a01a,0.11061410482696243,autoland,4768104,12,53390121d39b212135aaffcd577053a14c7f0dff,linux1804-64-shippable-qr,True,False,,,102210fe594ee9b33d82058545b1ed14f4c8206e,custom.jsdebugger.stepOut.DAMP,damp,True,damp custom.jsdebugger.stepOut.DAMP opt e10s fission stylo webrender,4767202,77,ms,firefox,,1743022386,2023-08-17 02:25:49,1288736,,,,,,,,,,,,,,,,,,,,,,,,,,,,,,,,,,,,,,,,,,,,,,,,,TN
1013,1102d2a280edce916206a06c049d675d511bf4bd,0.1066476038239863,autoland,4768104,12,53390121d39b212135aaffcd577053a14c7f0dff,linux1804-64-shippable-qr,True,False,,,102210fe594ee9b33d82058545b1ed14f4c8206e,custom.jsdebugger.stepOut.DAMP,damp,True,damp custom.jsdebugger.stepOut.DAMP opt e10s fission stylo webrender,4767202,77,ms,firefox,,1743020165,2023-08-17 03:01:04,1288743,,,,,,,,,,,,,,,,,,,,,,,,,,,,,,,,,,,,,,,,,,,,,,,,,TN
1014,18db2934736dc8d16e5b5840ec0b170aef5c0c3b,0.09391346490390085,autoland,4768104,12,53390121d39b212135aaffcd577053a14c7f0dff,linux1804-64-shippable-qr,True,False,,,102210fe594ee9b33d82058545b1ed14f4c8206e,custom.jsdebugger.stepOut.DAMP,damp,True,damp custom.jsdebugger.stepOut.DAMP opt e10s fission stylo webrender,4767202,77,ms,firefox,,1741819471,2023-08-17 04:16:28,1288753,,,,,,,,,,,,,,,,,,,,,,,,,,,,,,,,,,,,,,,,,,,,,,,,,TN
1015,bee27401511bf375891968a9ca78d7ef74d19962,0.1186332688491305,autoland,4768104,12,53390121d39b212135aaffcd577053a14c7f0dff,linux1804-64-shippable-qr,True,False,,,102210fe594ee9b33d82058545b1ed14f4c8206e,custom.jsdebugger.stepOut.DAMP,damp,True,damp custom.jsdebugger.stepOut.DAMP opt e10s fission stylo webrender,4767202,77,ms,firefox,,1741937071,2023-08-17 08:24:55,1288813,,,,,,,,,,,,,,,,,,,,,,,,,,,,,,,,,,,,,,,,,,,,,,,,,TN
1016,78e7cb2837e7dec0ef55a2f5f383625335ad2520,0.10680133526169988,autoland,4768104,12,53390121d39b212135aaffcd577053a14c7f0dff,linux1804-64-shippable-qr,True,False,,,102210fe594ee9b33d82058545b1ed14f4c8206e,custom.jsdebugger.stepOut.DAMP,damp,True,damp custom.jsdebugger.stepOut.DAMP opt e10s fission stylo webrender,4767202,77,ms,firefox,,1742000318,2023-08-17 10:09:55,1288847,,,,,,,,,,,,,,,,,,,,,,,,,,,,,,,,,,,,,,,,,,,,,,,,,TN
1017,776fbad509150f69418e1f44fa2580c651211253,0.10410337123355107,autoland,4768104,12,53390121d39b212135aaffcd577053a14c7f0dff,linux1804-64-shippable-qr,True,False,,,102210fe594ee9b33d82058545b1ed14f4c8206e,custom.jsdebugger.stepOut.DAMP,damp,True,damp custom.jsdebugger.stepOut.DAMP opt e10s fission stylo webrender,4767202,77,ms,firefox,,1742098705,2023-08-17 14:34:38,1288953,,,,,,,,,,,,,,,,,,,,,,,,,,,,,,,,,,,,,,,,,,,,,,,,,TN
1018,aac1f1d71d5251ffb80e7a22087e1c473e53069d,0.10737172045624255,autoland,4768104,12,53390121d39b212135aaffcd577053a14c7f0dff,linux1804-64-shippable-qr,True,False,,,102210fe594ee9b33d82058545b1ed14f4c8206e,custom.jsdebugger.stepOut.DAMP,damp,True,damp custom.jsdebugger.stepOut.DAMP opt e10s fission stylo webrender,4767202,77,ms,firefox,,1742173687,2023-08-17 16:13:13,1289025,,,,,,,,,,,,,,,,,,,,,,,,,,,,,,,,,,,,,,,,,,,,,,,,,TN
1019,e3a24ea4f8b0be504990cbc266d7af273804678e,0.10027955818563528,autoland,4768104,12,53390121d39b212135aaffcd577053a14c7f0dff,linux1804-64-shippable-qr,True,False,,,102210fe594ee9b33d82058545b1ed14f4c8206e,custom.jsdebugger.stepOut.DAMP,damp,True,damp custom.jsdebugger.stepOut.DAMP opt e10s fission stylo webrender,4767202,77,ms,firefox,,1742348715,2023-08-17 19:44:04,1289144,,,,,,,,,,,,,,,,,,,,,,,,,,,,,,,,,,,,,,,,,,,,,,,,,TN
1020,990790cb4b9bfd20fd7683f2815d50585f5dcba2,0.09169484664030425,autoland,4768104,12,53390121d39b212135aaffcd577053a14c7f0dff,linux1804-64-shippable-qr,True,False,,,102210fe594ee9b33d82058545b1ed14f4c8206e,custom.jsdebugger.stepOut.DAMP,damp,True,damp custom.jsdebugger.stepOut.DAMP opt e10s fission stylo webrender,4767202,77,ms,firefox,,1742447029,2023-08-18 00:01:41,1289285,,,,,,,,,,,,,,,,,,,,,,,,,,,,,,,,,,,,,,,,,,,,,,,,,TN
1021,deca2c956e89b8e65d2a1b0fcb79db8b991a7046,0.14916865716292116,autoland,4768104,12,53390121d39b212135aaffcd577053a14c7f0dff,linux1804-64-shippable-qr,True,False,,,102210fe594ee9b33d82058545b1ed14f4c8206e,custom.jsdebugger.stepOut.DAMP,damp,True,damp custom.jsdebugger.stepOut.DAMP opt e10s fission stylo webrender,4767202,77,ms,firefox,,1742623657,2023-08-18 04:25:36,1289346,,,,,,,,,,,,,,,,,,,,,,,,,,,,,,,,,,,,,,,,,,,,,,,,,TN
1022,87da0265a044885f5ed64cc9ce2b961721d2142e,0.09690530976444656,autoland,4768104,12,53390121d39b212135aaffcd577053a14c7f0dff,linux1804-64-shippable-qr,True,False,,,102210fe594ee9b33d82058545b1ed14f4c8206e,custom.jsdebugger.stepOut.DAMP,damp,True,damp custom.jsdebugger.stepOut.DAMP opt e10s fission stylo webrender,4767202,77,ms,firefox,,1742666018,2023-08-18 05:21:52,1289351,,,,,,,,,,,,,,,,,,,,,,,,,,,,,,,,,,,,,,,,,,,,,,,,,TN
1023,e2305368eaae41c8b47dd15f03addc2ec4fe0504,0.0835862468030748,autoland,4768104,12,53390121d39b212135aaffcd577053a14c7f0dff,linux1804-64-shippable-qr,True,False,,,102210fe594ee9b33d82058545b1ed14f4c8206e,custom.jsdebugger.stepOut.DAMP,damp,True,damp custom.jsdebugger.stepOut.DAMP opt e10s fission stylo webrender,4767202,77,ms,firefox,,1742821729,2023-08-18 14:09:35,1289469,,,,,,,,,,,,,,,,,,,,,,,,,,,,,,,,,,,,,,,,,,,,,,,,,TN
1024,62feb2305afdcba50bd84b58cd2ab152d53c61e7,0.12305452983367382,autoland,4768104,12,53390121d39b212135aaffcd577053a14c7f0dff,linux1804-64-shippable-qr,True,False,,,102210fe594ee9b33d82058545b1ed14f4c8206e,custom.jsdebugger.stepOut.DAMP,damp,True,damp custom.jsdebugger.stepOut.DAMP opt e10s fission stylo webrender,4767202,77,ms,firefox,,1742954185,2023-08-18 19:46:30,1289627,,,,,,,,,,,,,,,,,,,,,,,,,,,,,,,,,,,,,,,,,,,,,,,,,TN
1025,9814020284505cbc4a6075b3b7aba216be0632f8,0.12385649233729801,autoland,4768104,12,53390121d39b212135aaffcd577053a14c7f0dff,linux1804-64-shippable-qr,True,False,,,102210fe594ee9b33d82058545b1ed14f4c8206e,custom.jsdebugger.stepOut.DAMP,damp,True,damp custom.jsdebugger.stepOut.DAMP opt e10s fission stylo webrender,4767202,77,ms,firefox,,1743070239,2023-08-19 05:41:08,1289731,,,,,,,,,,,,,,,,,,,,,,,,,,,,,,,,,,,,,,,,,,,,,,,,,TN
1026,8fefefd6da577f8b3d842ea07120af9e964c09b5,0.10186202118064736,autoland,4768104,12,53390121d39b212135aaffcd577053a14c7f0dff,linux1804-64-shippable-qr,True,False,,,102210fe594ee9b33d82058545b1ed14f4c8206e,custom.jsdebugger.stepOut.DAMP,damp,True,damp custom.jsdebugger.stepOut.DAMP opt e10s fission stylo webrender,4767202,77,ms,firefox,,1743124023,2023-08-19 11:55:58,1289750,,,,,,,,,,,,,,,,,,,,,,,,,,,,,,,,,,,,,,,,,,,,,,,,,TN
1027,00ae001484c9ff1069878dc66b64e3cd07b706f4,0.10280170977236947,autoland,4768104,12,53390121d39b212135aaffcd577053a14c7f0dff,linux1804-64-shippable-qr,True,False,,,102210fe594ee9b33d82058545b1ed14f4c8206e,custom.jsdebugger.stepOut.DAMP,damp,True,damp custom.jsdebugger.stepOut.DAMP opt e10s fission stylo webrender,4767202,77,ms,firefox,,1743145954,2023-08-19 16:49:23,1289762,,,,,,,,,,,,,,,,,,,,,,,,,,,,,,,,,,,,,,,,,,,,,,,,,TN
1028,80d255ac1919800d21a7e2a610fbcd6fda43ed99,0.10157046330476516,autoland,4768104,12,53390121d39b212135aaffcd577053a14c7f0dff,linux1804-64-shippable-qr,True,False,,,102210fe594ee9b33d82058545b1ed14f4c8206e,custom.jsdebugger.stepOut.DAMP,damp,True,damp custom.jsdebugger.stepOut.DAMP opt e10s fission stylo webrender,4767202,77,ms,firefox,,1743438530,2023-08-21 01:56:25,1289869,,,,,,,,,,,,,,,,,,,,,,,,,,,,,,,,,,,,,,,,,,,,,,,,,TN
1029,a4b3b09ad08da2e5b588b641b24f767ff91e5912,0.10042064948068208,autoland,4768104,12,53390121d39b212135aaffcd577053a14c7f0dff,linux1804-64-shippable-qr,True,False,,,102210fe594ee9b33d82058545b1ed14f4c8206e,custom.jsdebugger.stepOut.DAMP,damp,True,damp custom.jsdebugger.stepOut.DAMP opt e10s fission stylo webrender,4767202,77,ms,firefox,,1743506066,2023-08-21 07:01:47,1289886,,,,,,,,,,,,,,,,,,,,,,,,,,,,,,,,,,,,,,,,,,,,,,,,,TN
1030,bc597f54f9cf91b3284e6f593c33ca79ec723077,0.10189941501872934,autoland,4768104,12,53390121d39b212135aaffcd577053a14c7f0dff,linux1804-64-shippable-qr,True,False,,,102210fe594ee9b33d82058545b1ed14f4c8206e,custom.jsdebugger.stepOut.DAMP,damp,True,damp custom.jsdebugger.stepOut.DAMP opt e10s fission stylo webrender,4767202,77,ms,firefox,,1743687371,2023-08-21 15:24:43,1290025,,,,,,,,,,,,,,,,,,,,,,,,,,,,,,,,,,,,,,,,,,,,,,,,,TN
1031,82b916987920b0a9e2071c575073cbcff078021a,0.1501084560404209,autoland,4768104,12,53390121d39b212135aaffcd577053a14c7f0dff,linux1804-64-shippable-qr,True,False,,,102210fe594ee9b33d82058545b1ed14f4c8206e,custom.jsdebugger.stepOut.DAMP,damp,True,damp custom.jsdebugger.stepOut.DAMP opt e10s fission stylo webrender,4767202,77,ms,firefox,,1743751609,2023-08-21 19:46:12,1290082,,,,,,,,,,,,,,,,,,,,,,,,,,,,,,,,,,,,,,,,,,,,,,,,,TN
1032,1bbf9fc4d2dc2a1ff3ccf67fb65cedc71fcc0291,0.1102516093419279,autoland,4768104,12,53390121d39b212135aaffcd577053a14c7f0dff,linux1804-64-shippable-qr,True,False,,,102210fe594ee9b33d82058545b1ed14f4c8206e,custom.jsdebugger.stepOut.DAMP,damp,True,damp custom.jsdebugger.stepOut.DAMP opt e10s fission stylo webrender,4767202,77,ms,firefox,,1743828132,2023-08-22 01:01:20,1290123,,,,,,,,,,,,,,,,,,,,,,,,,,,,,,,,,,,,,,,,,,,,,,,,,TN
1033,81c3a95411ab3d706659872a9aedef21494cac9c,0.11006649712568439,autoland,4768104,12,53390121d39b212135aaffcd577053a14c7f0dff,linux1804-64-shippable-qr,True,False,,,102210fe594ee9b33d82058545b1ed14f4c8206e,custom.jsdebugger.stepOut.DAMP,damp,True,damp custom.jsdebugger.stepOut.DAMP opt e10s fission stylo webrender,4767202,77,ms,firefox,,1744035398,2023-08-22 11:50:17,1290203,,,,,,,,,,,,,,,,,,,,,,,,,,,,,,,,,,,,,,,,,,,,,,,,,TN
1034,eccdb961d59ca1e4315f6b2d255d638be86d8f63,0.10397445409883033,autoland,4768104,12,53390121d39b212135aaffcd577053a14c7f0dff,linux1804-64-shippable-qr,True,False,,,102210fe594ee9b33d82058545b1ed14f4c8206e,custom.jsdebugger.stepOut.DAMP,damp,True,damp custom.jsdebugger.stepOut.DAMP opt e10s fission stylo webrender,4767202,77,ms,firefox,,1744227946,2023-08-22 15:58:55,1290279,,,,,,,,,,,,,,,,,,,,,,,,,,,,,,,,,,,,,,,,,,,,,,,,,TN
1035,ece9fb8fbedfa6acc08840151034f2468832c851,0.10641117692078694,autoland,4768104,12,53390121d39b212135aaffcd577053a14c7f0dff,linux1804-64-shippable-qr,True,False,,,102210fe594ee9b33d82058545b1ed14f4c8206e,custom.jsdebugger.stepOut.DAMP,damp,True,damp custom.jsdebugger.stepOut.DAMP opt e10s fission stylo webrender,4767202,77,ms,firefox,,1744250929,2023-08-22 16:02:39,1290281,,,,,,,,,,,,,,,,,,,,,,,,,,,,,,,,,,,,,,,,,,,,,,,,,TN
1036,a1487474ef2708086b96f2b3625f244382eb9f4a,0.13473436441187858,autoland,4768104,12,53390121d39b212135aaffcd577053a14c7f0dff,linux1804-64-shippable-qr,True,False,,,102210fe594ee9b33d82058545b1ed14f4c8206e,custom.jsdebugger.stepOut.DAMP,damp,True,damp custom.jsdebugger.stepOut.DAMP opt e10s fission stylo webrender,4767202,77,ms,firefox,,1744328818,2023-08-22 20:17:58,1290386,,,,,,,,,,,,,,,,,,,,,,,,,,,,,,,,,,,,,,,,,,,,,,,,,TN
1037,959c2f0abc19c494aba15ae7513fff9f59631cc1,0.10990262833732234,autoland,4768104,12,53390121d39b212135aaffcd577053a14c7f0dff,linux1804-64-shippable-qr,True,False,,,102210fe594ee9b33d82058545b1ed14f4c8206e,custom.jsdebugger.stepOut.DAMP,damp,True,damp custom.jsdebugger.stepOut.DAMP opt e10s fission stylo webrender,4767202,77,ms,firefox,,1744359307,2023-08-22 22:10:32,1290435,,,,,,,,,,,,,,,,,,,,,,,,,,,,,,,,,,,,,,,,,,,,,,,,,TN
1038,df1f27dc099011a97267a844e60b1350575fc73c,0.1124592904344679,autoland,4768104,12,53390121d39b212135aaffcd577053a14c7f0dff,linux1804-64-shippable-qr,True,False,,,102210fe594ee9b33d82058545b1ed14f4c8206e,custom.jsdebugger.stepOut.DAMP,damp,True,damp custom.jsdebugger.stepOut.DAMP opt e10s fission stylo webrender,4767202,77,ms,firefox,,1744437394,2023-08-23 02:11:44,1290482,,,,,,,,,,,,,,,,,,,,,,,,,,,,,,,,,,,,,,,,,,,,,,,,,TN
1039,991ab6dbc55b4783dc5a6f561a9cc22cb4408e38,0.10449352063233364,autoland,4768104,12,53390121d39b212135aaffcd577053a14c7f0dff,linux1804-64-shippable-qr,True,False,,,102210fe594ee9b33d82058545b1ed14f4c8206e,custom.jsdebugger.stepOut.DAMP,damp,True,damp custom.jsdebugger.stepOut.DAMP opt e10s fission stylo webrender,4767202,77,ms,firefox,,1744539670,2023-08-23 06:45:25,1290546,,,,,,,,,,,,,,,,,,,,,,,,,,,,,,,,,,,,,,,,,,,,,,,,,TN
1040,4a4d5e64aec5efa71e7c743f4c968544faee5332,0.0990196324445578,autoland,4768104,12,53390121d39b212135aaffcd577053a14c7f0dff,linux1804-64-shippable-qr,True,False,,,102210fe594ee9b33d82058545b1ed14f4c8206e,custom.jsdebugger.stepOut.DAMP,damp,True,damp custom.jsdebugger.stepOut.DAMP opt e10s fission stylo webrender,4767202,77,ms,firefox,,1744556728,2023-08-23 07:14:41,1290556,,,,,,,,,,,,,,,,,,,,,,,,,,,,,,,,,,,,,,,,,,,,,,,,,TN
1041,c3bfc7b73e9fc06ec28663e6501728233eb0d574,0.09639134519079762,autoland,4768104,12,53390121d39b212135aaffcd577053a14c7f0dff,linux1804-64-shippable-qr,True,False,,,102210fe594ee9b33d82058545b1ed14f4c8206e,custom.jsdebugger.stepOut.DAMP,damp,True,damp custom.jsdebugger.stepOut.DAMP opt e10s fission stylo webrender,4767202,77,ms,firefox,,1744665293,2023-08-23 11:20:43,1290592,,,,,,,,,,,,,,,,,,,,,,,,,,,,,,,,,,,,,,,,,,,,,,,,,TN
1042,a7db5ff392b1f3d18507813fbd65458438b3cbc4,0.10205104208427596,autoland,4768104,12,53390121d39b212135aaffcd577053a14c7f0dff,linux1804-64-shippable-qr,True,False,,,102210fe594ee9b33d82058545b1ed14f4c8206e,custom.jsdebugger.stepOut.DAMP,damp,True,damp custom.jsdebugger.stepOut.DAMP opt e10s fission stylo webrender,4767202,77,ms,firefox,,1744768190,2023-08-23 15:20:56,1290685,,,,,,,,,,,,,,,,,,,,,,,,,,,,,,,,,,,,,,,,,,,,,,,,,TN
1043,40a8041d06707a315c5f6e4b541dbe805bf34ec7,0.09929405727377727,autoland,4768104,12,53390121d39b212135aaffcd577053a14c7f0dff,linux1804-64-shippable-qr,True,False,,,102210fe594ee9b33d82058545b1ed14f4c8206e,custom.jsdebugger.stepOut.DAMP,damp,True,damp custom.jsdebugger.stepOut.DAMP opt e10s fission stylo webrender,4767202,77,ms,firefox,,1744836074,2023-08-23 16:55:50,1290727,,,,,,,,,,,,,,,,,,,,,,,,,,,,,,,,,,,,,,,,,,,,,,,,,TN
1044,b5371614cd5a3e19ca3e500a87546023aea8eb5d,0.1089169565321666,autoland,4768104,12,53390121d39b212135aaffcd577053a14c7f0dff,linux1804-64-shippable-qr,True,False,,,102210fe594ee9b33d82058545b1ed14f4c8206e,custom.jsdebugger.stepOut.DAMP,damp,True,damp custom.jsdebugger.stepOut.DAMP opt e10s fission stylo webrender,4767202,77,ms,firefox,,1744897195,2023-08-23 20:58:03,1290847,,,,,,,,,,,,,,,,,,,,,,,,,,,,,,,,,,,,,,,,,,,,,,,,,TN
1045,25936c5809e05c5b5d28810efdfb0af9bb2f1792,0.11057550976792996,autoland,4768104,12,53390121d39b212135aaffcd577053a14c7f0dff,linux1804-64-shippable-qr,True,False,,,102210fe594ee9b33d82058545b1ed14f4c8206e,custom.jsdebugger.stepOut.DAMP,damp,True,damp custom.jsdebugger.stepOut.DAMP opt e10s fission stylo webrender,4767202,77,ms,firefox,,1744999533,2023-08-23 22:59:05,1290874,,,,,,,,,,,,,,,,,,,,,,,,,,,,,,,,,,,,,,,,,,,,,,,,,TN
1046,332b088b314103bc02b008e08f1567f092cd6ca1,0.11420880361514563,autoland,4768104,12,53390121d39b212135aaffcd577053a14c7f0dff,linux1804-64-shippable-qr,True,False,,,102210fe594ee9b33d82058545b1ed14f4c8206e,custom.jsdebugger.stepOut.DAMP,damp,True,damp custom.jsdebugger.stepOut.DAMP opt e10s fission stylo webrender,4767202,77,ms,firefox,,1745098398,2023-08-24 03:53:22,1290918,,,,,,,,,,,,,,,,,,,,,,,,,,,,,,,,,,,,,,,,,,,,,,,,,TN
1047,fbbf71ea5127f6cc74aab13a3817349afe93580c,0.11125316031385446,autoland,4768104,12,53390121d39b212135aaffcd577053a14c7f0dff,linux1804-64-shippable-qr,True,False,,,102210fe594ee9b33d82058545b1ed14f4c8206e,custom.jsdebugger.stepOut.DAMP,damp,True,damp custom.jsdebugger.stepOut.DAMP opt e10s fission stylo webrender,4767202,77,ms,firefox,,1745209013,2023-08-24 11:04:38,1291003,,,,,,,,,,,,,,,,,,,,,,,,,,,,,,,,,,,,,,,,,,,,,,,,,TN
1048,9d2df5cf36fbb1712a62be68c4a309e2451e2d35,0.10581457351500245,autoland,4768104,12,53390121d39b212135aaffcd577053a14c7f0dff,linux1804-64-shippable-qr,True,False,,,102210fe594ee9b33d82058545b1ed14f4c8206e,custom.jsdebugger.stepOut.DAMP,damp,True,damp custom.jsdebugger.stepOut.DAMP opt e10s fission stylo webrender,4767202,77,ms,firefox,,1745389740,2023-08-24 13:41:33,1291057,,,,,,,,,,,,,,,,,,,,,,,,,,,,,,,,,,,,,,,,,,,,,,,,,TN
1049,6089e7f0fa57a29c6d080f135f65e146c34457d8,0.10961363386093192,autoland,4768104,12,53390121d39b212135aaffcd577053a14c7f0dff,linux1804-64-shippable-qr,True,False,,,102210fe594ee9b33d82058545b1ed14f4c8206e,custom.jsdebugger.stepOut.DAMP,damp,True,damp custom.jsdebugger.stepOut.DAMP opt e10s fission stylo webrender,4767202,77,ms,firefox,,1745488000,2023-08-24 18:48:40,1291216,,,,,,,,,,,,,,,,,,,,,,,,,,,,,,,,,,,,,,,,,,,,,,,,,TN
1050,0129f728663fcc0bcc1f816e006f1eb2635780e4,0.0988888871490452,autoland,4768104,12,53390121d39b212135aaffcd577053a14c7f0dff,linux1804-64-shippable-qr,True,False,,,102210fe594ee9b33d82058545b1ed14f4c8206e,custom.jsdebugger.stepOut.DAMP,damp,True,damp custom.jsdebugger.stepOut.DAMP opt e10s fission stylo webrender,4767202,77,ms,firefox,,1745660434,2023-08-25 00:48:43,1291339,,,,,,,,,,,,,,,,,,,,,,,,,,,,,,,,,,,,,,,,,,,,,,,,,TN
1051,e5ba3b52ebac2d2582cecd6122443fc024cd24c9,0.11128229861469552,autoland,4768104,12,53390121d39b212135aaffcd577053a14c7f0dff,linux1804-64-shippable-qr,True,False,,,102210fe594ee9b33d82058545b1ed14f4c8206e,custom.jsdebugger.stepOut.DAMP,damp,True,damp custom.jsdebugger.stepOut.DAMP opt e10s fission stylo webrender,4767202,77,ms,firefox,,1745809803,2023-08-25 11:24:50,1291437,,,,,,,,,,,,,,,,,,,,,,,,,,,,,,,,,,,,,,,,,,,,,,,,,TN
1052,059b77df2394c7caf1061e1b817e004878738efa,0.12015370055763874,autoland,4768104,12,53390121d39b212135aaffcd577053a14c7f0dff,linux1804-64-shippable-qr,True,False,,,102210fe594ee9b33d82058545b1ed14f4c8206e,custom.jsdebugger.stepOut.DAMP,damp,True,damp custom.jsdebugger.stepOut.DAMP opt e10s fission stylo webrender,4767202,77,ms,firefox,,1745983645,2023-08-25 15:32:54,1291507,,,,,,,,,,,,,,,,,,,,,,,,,,,,,,,,,,,,,,,,,,,,,,,,,TN
1053,47efe79717796bf6f3a70e5733e99a98b0d9fad4,0.10637336578517864,autoland,4768104,12,53390121d39b212135aaffcd577053a14c7f0dff,linux1804-64-shippable-qr,True,False,,,102210fe594ee9b33d82058545b1ed14f4c8206e,custom.jsdebugger.stepOut.DAMP,damp,True,damp custom.jsdebugger.stepOut.DAMP opt e10s fission stylo webrender,4767202,77,ms,firefox,,1746085029,2023-08-25 19:36:02,1291599,,,,,,,,,,,,,,,,,,,,,,,,,,,,,,,,,,,,,,,,,,,,,,,,,TN
1054,ddc3d1e9268d9abde51f1082490491f544286b16,0.09154625491788893,autoland,4768104,12,53390121d39b212135aaffcd577053a14c7f0dff,linux1804-64-shippable-qr,True,False,,,102210fe594ee9b33d82058545b1ed14f4c8206e,custom.jsdebugger.stepOut.DAMP,damp,True,damp custom.jsdebugger.stepOut.DAMP opt e10s fission stylo webrender,4767202,77,ms,firefox,,1746228138,2023-08-26 03:22:14,1291695,,,,,,,,,,,,,,,,,,,,,,,,,,,,,,,,,,,,,,,,,,,,,,,,,TN
1055,cc8d561a9b401f3ebfda56de56c018b287d8b340,0.10796876997311977,autoland,4768104,12,53390121d39b212135aaffcd577053a14c7f0dff,linux1804-64-shippable-qr,True,False,,,102210fe594ee9b33d82058545b1ed14f4c8206e,custom.jsdebugger.stepOut.DAMP,damp,True,damp custom.jsdebugger.stepOut.DAMP opt e10s fission stylo webrender,4767202,77,ms,firefox,,1746404465,2023-08-26 13:17:30,1291872,,,,,,,,,,,,,,,,,,,,,,,,,,,,,,,,,,,,,,,,,,,,,,,,,TN
1056,140288e1dd6073b83aa67b725aa9a96945374a82,0.10498711810298822,autoland,4768104,12,53390121d39b212135aaffcd577053a14c7f0dff,linux1804-64-shippable-qr,True,False,,,102210fe594ee9b33d82058545b1ed14f4c8206e,custom.jsdebugger.stepOut.DAMP,damp,True,damp custom.jsdebugger.stepOut.DAMP opt e10s fission stylo webrender,4767202,77,ms,firefox,,1746596114,2023-08-26 23:47:49,1292019,,,,,,,,,,,,,,,,,,,,,,,,,,,,,,,,,,,,,,,,,,,,,,,,,TN
1057,6aaf2cf582814f5a76c09fa2ac7cc760a5886134,0.09534341059841767,autoland,4768104,12,53390121d39b212135aaffcd577053a14c7f0dff,linux1804-64-shippable-qr,True,False,,,102210fe594ee9b33d82058545b1ed14f4c8206e,custom.jsdebugger.stepOut.DAMP,damp,True,damp custom.jsdebugger.stepOut.DAMP opt e10s fission stylo webrender,4767202,77,ms,firefox,,1746729042,2023-08-27 23:31:15,1292080,,,,,,,,,,,,,,,,,,,,,,,,,,,,,,,,,,,,,,,,,,,,,,,,,TN
1058,f8e518c6ab37a0144872f6158300e1de85034002,0.10793491620949425,autoland,4768104,12,53390121d39b212135aaffcd577053a14c7f0dff,linux1804-64-shippable-qr,True,False,,,102210fe594ee9b33d82058545b1ed14f4c8206e,custom.jsdebugger.stepOut.DAMP,damp,True,damp custom.jsdebugger.stepOut.DAMP opt e10s fission stylo webrender,4767202,77,ms,firefox,,1746970060,2023-08-28 14:50:25,1292276,,,,,,,,,,,,,,,,,,,,,,,,,,,,,,,,,,,,,,,,,,,,,,,,,TN
1059,7ef66afbcd94bc7787448a9d797ec662b02fe58a,0.11580611445564126,autoland,4768104,12,53390121d39b212135aaffcd577053a14c7f0dff,linux1804-64-shippable-qr,True,False,,,102210fe594ee9b33d82058545b1ed14f4c8206e,custom.jsdebugger.stepOut.DAMP,damp,True,damp custom.jsdebugger.stepOut.DAMP opt e10s fission stylo webrender,4767202,77,ms,firefox,,1747096158,2023-08-28 18:02:15,1292360,,,,,,,,,,,,,,,,,,,,,,,,,,,,,,,,,,,,,,,,,,,,,,,,,TN
1060,9451de3148827dbd587f22175b6c0453c7a605db,0.10182021094305571,autoland,4768104,12,53390121d39b212135aaffcd577053a14c7f0dff,linux1804-64-shippable-qr,True,False,,,102210fe594ee9b33d82058545b1ed14f4c8206e,custom.jsdebugger.stepOut.DAMP,damp,True,damp custom.jsdebugger.stepOut.DAMP opt e10s fission stylo webrender,4767202,77,ms,firefox,,1747146964,2023-08-28 20:37:08,1292463,,,,,,,,,,,,,,,,,,,,,,,,,,,,,,,,,,,,,,,,,,,,,,,,,TN
1061,4cca72b5cd903bbb8bdc66098aaeb1eb12d8dddd,0.10680770103696924,autoland,4768104,12,53390121d39b212135aaffcd577053a14c7f0dff,linux1804-64-shippable-qr,True,False,,,102210fe594ee9b33d82058545b1ed14f4c8206e,custom.jsdebugger.stepOut.DAMP,damp,True,damp custom.jsdebugger.stepOut.DAMP opt e10s fission stylo webrender,4767202,77,ms,firefox,,1747258103,2023-08-29 02:20:20,1292618,,,,,,,,,,,,,,,,,,,,,,,,,,,,,,,,,,,,,,,,,,,,,,,,,TN
1062,f79fe732a6b523e66f30e056118cdd2cff02a5ca,0.11505651087645963,autoland,4768104,12,53390121d39b212135aaffcd577053a14c7f0dff,linux1804-64-shippable-qr,True,False,,,102210fe594ee9b33d82058545b1ed14f4c8206e,custom.jsdebugger.stepOut.DAMP,damp,True,damp custom.jsdebugger.stepOut.DAMP opt e10s fission stylo webrender,4767202,77,ms,firefox,,1747269412,2023-08-29 03:02:37,1292639,,,,,,,,,,,,,,,,,,,,,,,,,,,,,,,,,,,,,,,,,,,,,,,,,TN
1063,801325776b1492f30ec6ac7c770000fa8c894d2a,0.09685975080355935,autoland,4768104,12,53390121d39b212135aaffcd577053a14c7f0dff,linux1804-64-shippable-qr,True,False,,,102210fe594ee9b33d82058545b1ed14f4c8206e,custom.jsdebugger.stepOut.DAMP,damp,True,damp custom.jsdebugger.stepOut.DAMP opt e10s fission stylo webrender,4767202,77,ms,firefox,,1747362182,2023-08-29 07:11:54,1292691,,,,,,,,,,,,,,,,,,,,,,,,,,,,,,,,,,,,,,,,,,,,,,,,,TN
1064,843a6e4db35622bdd606d6cdd7c0f1a05828a89e,0.08987687280976542,autoland,4768104,12,53390121d39b212135aaffcd577053a14c7f0dff,linux1804-64-shippable-qr,True,False,,,102210fe594ee9b33d82058545b1ed14f4c8206e,custom.jsdebugger.stepOut.DAMP,damp,True,damp custom.jsdebugger.stepOut.DAMP opt e10s fission stylo webrender,4767202,77,ms,firefox,,1747499838,2023-08-29 11:18:23,1292770,,,,,,,,,,,,,,,,,,,,,,,,,,,,,,,,,,,,,,,,,,,,,,,,,TN
1065,abe9789555b5960e5b395aba02b4891c388e4839,0.1121527565431073,autoland,4768104,12,53390121d39b212135aaffcd577053a14c7f0dff,linux1804-64-shippable-qr,True,False,,,102210fe594ee9b33d82058545b1ed14f4c8206e,custom.jsdebugger.stepOut.DAMP,damp,True,damp custom.jsdebugger.stepOut.DAMP opt e10s fission stylo webrender,4767202,77,ms,firefox,,1747485615,2023-08-29 11:21:44,1292771,,,,,,,,,,,,,,,,,,,,,,,,,,,,,,,,,,,,,,,,,,,,,,,,,TN
1066,0bb8944a5c2a783f353dc7595b2171844923a934,0.10292943065403493,autoland,4768104,12,53390121d39b212135aaffcd577053a14c7f0dff,linux1804-64-shippable-qr,True,False,,,102210fe594ee9b33d82058545b1ed14f4c8206e,custom.jsdebugger.stepOut.DAMP,damp,True,damp custom.jsdebugger.stepOut.DAMP opt e10s fission stylo webrender,4767202,77,ms,firefox,,1747725324,2023-08-29 16:25:43,1292913,,,,,,,,,,,,,,,,,,,,,,,,,,,,,,,,,,,,,,,,,,,,,,,,,TN
1067,16c71fac642647b97c85d086e54342a5addaaf13,0.10555325183002773,autoland,4768104,12,53390121d39b212135aaffcd577053a14c7f0dff,linux1804-64-shippable-qr,True,False,,,102210fe594ee9b33d82058545b1ed14f4c8206e,custom.jsdebugger.stepOut.DAMP,damp,True,damp custom.jsdebugger.stepOut.DAMP opt e10s fission stylo webrender,4767202,77,ms,firefox,,1747804438,2023-08-29 20:54:58,1293039,,,,,,,,,,,,,,,,,,,,,,,,,,,,,,,,,,,,,,,,,,,,,,,,,TN
1068,34dcd8f28e9a642600425b3383df225859ea91cd,0.09239327661893748,autoland,4768104,12,53390121d39b212135aaffcd577053a14c7f0dff,linux1804-64-shippable-qr,True,False,,,102210fe594ee9b33d82058545b1ed14f4c8206e,custom.jsdebugger.stepOut.DAMP,damp,True,damp custom.jsdebugger.stepOut.DAMP opt e10s fission stylo webrender,4767202,77,ms,firefox,,1747870568,2023-08-30 01:49:26,1293133,,,,,,,,,,,,,,,,,,,,,,,,,,,,,,,,,,,,,,,,,,,,,,,,,TN
1069,379bb5e39311a7878ea31b7eb0dd39fdef1ab15a,0.10831087252251947,autoland,4768104,12,53390121d39b212135aaffcd577053a14c7f0dff,linux1804-64-shippable-qr,True,False,,,102210fe594ee9b33d82058545b1ed14f4c8206e,custom.jsdebugger.stepOut.DAMP,damp,True,damp custom.jsdebugger.stepOut.DAMP opt e10s fission stylo webrender,4767202,77,ms,firefox,,1748012642,2023-08-30 13:43:19,1293343,,,,,,,,,,,,,,,,,,,,,,,,,,,,,,,,,,,,,,,,,,,,,,,,,TN
1070,f648d27187b6f45ac21ab6bf0ca9673dcfc55cf4,0.11555907130322107,autoland,4768104,12,53390121d39b212135aaffcd577053a14c7f0dff,linux1804-64-shippable-qr,True,False,,,102210fe594ee9b33d82058545b1ed14f4c8206e,custom.jsdebugger.stepOut.DAMP,damp,True,damp custom.jsdebugger.stepOut.DAMP opt e10s fission stylo webrender,4767202,77,ms,firefox,,1748073555,2023-08-30 16:15:47,1293412,,,,,,,,,,,,,,,,,,,,,,,,,,,,,,,,,,,,,,,,,,,,,,,,,TN
1071,7643e2c34ec4fce31fb741b2e7003adc7e547e36,0.09143757572261957,autoland,4768104,12,53390121d39b212135aaffcd577053a14c7f0dff,linux1804-64-shippable-qr,True,False,,,102210fe594ee9b33d82058545b1ed14f4c8206e,custom.jsdebugger.stepOut.DAMP,damp,True,damp custom.jsdebugger.stepOut.DAMP opt e10s fission stylo webrender,4767202,77,ms,firefox,,1748160432,2023-08-30 20:58:03,1293585,,,,,,,,,,,,,,,,,,,,,,,,,,,,,,,,,,,,,,,,,,,,,,,,,TN
1072,8db6a3b432759fd37b677c455c7d9ecedafd7e77,0.10555877605522412,autoland,4768104,12,53390121d39b212135aaffcd577053a14c7f0dff,linux1804-64-shippable-qr,True,False,,,102210fe594ee9b33d82058545b1ed14f4c8206e,custom.jsdebugger.stepOut.DAMP,damp,True,damp custom.jsdebugger.stepOut.DAMP opt e10s fission stylo webrender,4767202,77,ms,firefox,,1748216511,2023-08-30 23:31:09,1293654,,,,,,,,,,,,,,,,,,,,,,,,,,,,,,,,,,,,,,,,,,,,,,,,,TN
1073,bcc1470439818e29a38c29432af9fd130b8ec931,0.1189109138246165,autoland,4768104,12,53390121d39b212135aaffcd577053a14c7f0dff,linux1804-64-shippable-qr,True,False,,,102210fe594ee9b33d82058545b1ed14f4c8206e,custom.jsdebugger.stepOut.DAMP,damp,True,damp custom.jsdebugger.stepOut.DAMP opt e10s fission stylo webrender,4767202,77,ms,firefox,,1748243867,2023-08-31 03:36:38,1293720,,,,,,,,,,,,,,,,,,,,,,,,,,,,,,,,,,,,,,,,,,,,,,,,,TN
1074,e2d1d56b4cb882f210d71f021a2f804a56d718e6,0.11163536516136552,autoland,4768104,12,53390121d39b212135aaffcd577053a14c7f0dff,linux1804-64-shippable-qr,True,False,,,102210fe594ee9b33d82058545b1ed14f4c8206e,custom.jsdebugger.stepOut.DAMP,damp,True,damp custom.jsdebugger.stepOut.DAMP opt e10s fission stylo webrender,4767202,77,ms,firefox,,1748347325,2023-08-31 09:19:24,1293811,,,,,,,,,,,,,,,,,,,,,,,,,,,,,,,,,,,,,,,,,,,,,,,,,TN
1075,79fd00522da11013e2076ceccfd842c54d2f0822,0.10901375864326002,autoland,4768104,12,53390121d39b212135aaffcd577053a14c7f0dff,linux1804-64-shippable-qr,True,False,,,102210fe594ee9b33d82058545b1ed14f4c8206e,custom.jsdebugger.stepOut.DAMP,damp,True,damp custom.jsdebugger.stepOut.DAMP opt e10s fission stylo webrender,4767202,77,ms,firefox,,1748481323,2023-08-31 14:04:37,1293937,,,,,,,,,,,,,,,,,,,,,,,,,,,,,,,,,,,,,,,,,,,,,,,,,TN
1076,bd48139a6966dfb067c7b31bdf2021bd85a1f6a9,0.09808046845555007,autoland,4768104,12,53390121d39b212135aaffcd577053a14c7f0dff,linux1804-64-shippable-qr,True,False,,,102210fe594ee9b33d82058545b1ed14f4c8206e,custom.jsdebugger.stepOut.DAMP,damp,True,damp custom.jsdebugger.stepOut.DAMP opt e10s fission stylo webrender,4767202,77,ms,firefox,,1748630803,2023-08-31 18:09:30,1294069,,,,,,,,,,,,,,,,,,,,,,,,,,,,,,,,,,,,,,,,,,,,,,,,,TN
1077,a0d77e120c268cc1e877891df07436c1128dde4f,0.10120768664064439,autoland,4768104,12,53390121d39b212135aaffcd577053a14c7f0dff,linux1804-64-shippable-qr,True,False,,,102210fe594ee9b33d82058545b1ed14f4c8206e,custom.jsdebugger.stepOut.DAMP,damp,True,damp custom.jsdebugger.stepOut.DAMP opt e10s fission stylo webrender,4767202,77,ms,firefox,,1748684704,2023-08-31 19:33:29,1294123,,,,,,,,,,,,,,,,,,,,,,,,,,,,,,,,,,,,,,,,,,,,,,,,,TN
1078,27ce38e0ae179241f6afc83c246df3113fc76eb5,0.10310764752434887,autoland,4768104,12,53390121d39b212135aaffcd577053a14c7f0dff,linux1804-64-shippable-qr,True,False,,,102210fe594ee9b33d82058545b1ed14f4c8206e,custom.jsdebugger.stepOut.DAMP,damp,True,damp custom.jsdebugger.stepOut.DAMP opt e10s fission stylo webrender,4767202,77,ms,firefox,,1748753664,2023-09-01 00:39:38,1294315,,,,,,,,,,,,,,,,,,,,,,,,,,,,,,,,,,,,,,,,,,,,,,,,,TN
1079,9034f1db1295f77ef75c8afa9ac280788649b1c4,0.13152528933068797,autoland,4768104,12,53390121d39b212135aaffcd577053a14c7f0dff,linux1804-64-shippable-qr,True,False,,,102210fe594ee9b33d82058545b1ed14f4c8206e,custom.jsdebugger.stepOut.DAMP,damp,True,damp custom.jsdebugger.stepOut.DAMP opt e10s fission stylo webrender,4767202,77,ms,firefox,,1748774197,2023-09-01 01:00:26,1294322,,,,,,,,,,,,,,,,,,,,,,,,,,,,,,,,,,,,,,,,,,,,,,,,,TN
1080,ae769caa17a3a27e7fed2cfd78ea439adf051dc8,0.10142745939579689,autoland,4768104,12,53390121d39b212135aaffcd577053a14c7f0dff,linux1804-64-shippable-qr,True,False,,,102210fe594ee9b33d82058545b1ed14f4c8206e,custom.jsdebugger.stepOut.DAMP,damp,True,damp custom.jsdebugger.stepOut.DAMP opt e10s fission stylo webrender,4767202,77,ms,firefox,,1748925458,2023-09-01 06:26:09,1294426,,,,,,,,,,,,,,,,,,,,,,,,,,,,,,,,,,,,,,,,,,,,,,,,,TN
1081,2e446d8859cc4a60faa49f68ed5445c534e47850,0.08769474821367806,autoland,4768104,12,53390121d39b212135aaffcd577053a14c7f0dff,linux1804-64-shippable-qr,True,False,,,102210fe594ee9b33d82058545b1ed14f4c8206e,custom.jsdebugger.stepOut.DAMP,damp,True,damp custom.jsdebugger.stepOut.DAMP opt e10s fission stylo webrender,4767202,77,ms,firefox,,1749074309,2023-09-01 10:42:21,1294509,,,,,,,,,,,,,,,,,,,,,,,,,,,,,,,,,,,,,,,,,,,,,,,,,TN
1082,bf57203fdaf0f91ccecca73cc02286e5c20686be,0.11127822499538342,autoland,4768104,12,53390121d39b212135aaffcd577053a14c7f0dff,linux1804-64-shippable-qr,True,False,,,102210fe594ee9b33d82058545b1ed14f4c8206e,custom.jsdebugger.stepOut.DAMP,damp,True,damp custom.jsdebugger.stepOut.DAMP opt e10s fission stylo webrender,4767202,77,ms,firefox,,1749100861,2023-09-01 11:44:59,1294532,,,,,,,,,,,,,,,,,,,,,,,,,,,,,,,,,,,,,,,,,,,,,,,,,TN
1083,ad7684944accdb72fb27cae1118a774a95ed9c55,0.10155608839645835,autoland,4768104,12,53390121d39b212135aaffcd577053a14c7f0dff,linux1804-64-shippable-qr,True,False,,,102210fe594ee9b33d82058545b1ed14f4c8206e,custom.jsdebugger.stepOut.DAMP,damp,True,damp custom.jsdebugger.stepOut.DAMP opt e10s fission stylo webrender,4767202,77,ms,firefox,,1749184542,2023-09-01 15:47:54,1294651,,,,,,,,,,,,,,,,,,,,,,,,,,,,,,,,,,,,,,,,,,,,,,,,,TN
1084,fccf186ac4e88bf822ac830ba689a15017be05e1,0.09202764444700162,autoland,4768104,12,53390121d39b212135aaffcd577053a14c7f0dff,linux1804-64-shippable-qr,True,False,,,102210fe594ee9b33d82058545b1ed14f4c8206e,custom.jsdebugger.stepOut.DAMP,damp,True,damp custom.jsdebugger.stepOut.DAMP opt e10s fission stylo webrender,4767202,77,ms,firefox,,1749229083,2023-09-01 17:12:14,1294691,,,,,,,,,,,,,,,,,,,,,,,,,,,,,,,,,,,,,,,,,,,,,,,,,TN
1085,99eed791079c7b72126fee110226a0f9c519a053,0.10789935053233046,autoland,4768104,12,53390121d39b212135aaffcd577053a14c7f0dff,linux1804-64-shippable-qr,True,False,,,102210fe594ee9b33d82058545b1ed14f4c8206e,custom.jsdebugger.stepOut.DAMP,damp,True,damp custom.jsdebugger.stepOut.DAMP opt e10s fission stylo webrender,4767202,77,ms,firefox,,1749506267,2023-09-02 01:00:47,1294900,,,,,,,,,,,,,,,,,,,,,,,,,,,,,,,,,,,,,,,,,,,,,,,,,TN
1086,0d100cd406fac31edd725aaa2ca36c72593b7207,0.1008967621824508,autoland,4768104,12,53390121d39b212135aaffcd577053a14c7f0dff,linux1804-64-shippable-qr,True,False,,,102210fe594ee9b33d82058545b1ed14f4c8206e,custom.jsdebugger.stepOut.DAMP,damp,True,damp custom.jsdebugger.stepOut.DAMP opt e10s fission stylo webrender,4767202,77,ms,firefox,,1749565711,2023-09-02 06:50:37,1294943,,,,,,,,,,,,,,,,,,,,,,,,,,,,,,,,,,,,,,,,,,,,,,,,,TN
1087,66f85436a9395093f71f506f8cdc16623cbbb38e,0.11180424847571802,autoland,4768104,12,53390121d39b212135aaffcd577053a14c7f0dff,linux1804-64-shippable-qr,True,False,,,102210fe594ee9b33d82058545b1ed14f4c8206e,custom.jsdebugger.stepOut.DAMP,damp,True,damp custom.jsdebugger.stepOut.DAMP opt e10s fission stylo webrender,4767202,77,ms,firefox,,1749620745,2023-09-02 11:43:51,1294960,,,,,,,,,,,,,,,,,,,,,,,,,,,,,,,,,,,,,,,,,,,,,,,,,TN
1088,ee62282ee19c0c3cceebbdb2cd283127260a46d6,0.09841169046711662,autoland,4768104,12,53390121d39b212135aaffcd577053a14c7f0dff,linux1804-64-shippable-qr,True,False,,,102210fe594ee9b33d82058545b1ed14f4c8206e,custom.jsdebugger.stepOut.DAMP,damp,True,damp custom.jsdebugger.stepOut.DAMP opt e10s fission stylo webrender,4767202,77,ms,firefox,,1749649504,2023-09-02 16:16:12,1294982,,,,,,,,,,,,,,,,,,,,,,,,,,,,,,,,,,,,,,,,,,,,,,,,,TN
1089,e2d4c17692b7650a5aefa27823ab8cb72dc06fe6,0.11001058322320123,autoland,4768104,12,53390121d39b212135aaffcd577053a14c7f0dff,linux1804-64-shippable-qr,True,False,,,102210fe594ee9b33d82058545b1ed14f4c8206e,custom.jsdebugger.stepOut.DAMP,damp,True,damp custom.jsdebugger.stepOut.DAMP opt e10s fission stylo webrender,4767202,77,ms,firefox,,1749841974,2023-09-03 15:28:00,1295071,,,,,,,,,,,,,,,,,,,,,,,,,,,,,,,,,,,,,,,,,,,,,,,,,TN
1090,39747a728e31525f254d25d9fa323a491dda5b09,0.09844847922367261,autoland,4768104,12,53390121d39b212135aaffcd577053a14c7f0dff,linux1804-64-shippable-qr,True,False,,,102210fe594ee9b33d82058545b1ed14f4c8206e,custom.jsdebugger.stepOut.DAMP,damp,True,damp custom.jsdebugger.stepOut.DAMP opt e10s fission stylo webrender,4767202,77,ms,firefox,,1749873782,2023-09-03 17:48:29,1295079,,,,,,,,,,,,,,,,,,,,,,,,,,,,,,,,,,,,,,,,,,,,,,,,,TN
1091,9398dc74275ecd37eab02b496051302e67ce059f,0.095217877548476,autoland,4768104,12,53390121d39b212135aaffcd577053a14c7f0dff,linux1804-64-shippable-qr,True,False,,,102210fe594ee9b33d82058545b1ed14f4c8206e,custom.jsdebugger.stepOut.DAMP,damp,True,damp custom.jsdebugger.stepOut.DAMP opt e10s fission stylo webrender,4767202,77,ms,firefox,,1749976098,2023-09-04 00:54:15,1295103,,,,,,,,,,,,,,,,,,,,,,,,,,,,,,,,,,,,,,,,,,,,,,,,,TN
1092,738c0a460acb30ab2ab419f4c0dc93fa9af200d6,0.10072873035389618,autoland,4768104,12,53390121d39b212135aaffcd577053a14c7f0dff,linux1804-64-shippable-qr,True,False,,,102210fe594ee9b33d82058545b1ed14f4c8206e,custom.jsdebugger.stepOut.DAMP,damp,True,damp custom.jsdebugger.stepOut.DAMP opt e10s fission stylo webrender,4767202,77,ms,firefox,,1750040681,2023-09-04 05:09:42,1295121,,,,,,,,,,,,,,,,,,,,,,,,,,,,,,,,,,,,,,,,,,,,,,,,,TN
1093,5378e223b13ecd8d32d6afddc956d8bdca322ef0,0.09869284372310161,autoland,4768104,12,53390121d39b212135aaffcd577053a14c7f0dff,linux1804-64-shippable-qr,True,False,,,102210fe594ee9b33d82058545b1ed14f4c8206e,custom.jsdebugger.stepOut.DAMP,damp,True,damp custom.jsdebugger.stepOut.DAMP opt e10s fission stylo webrender,4767202,77,ms,firefox,,1750082166,2023-09-04 08:06:31,1295171,,,,,,,,,,,,,,,,,,,,,,,,,,,,,,,,,,,,,,,,,,,,,,,,,TN
1094,16cc1aa2701e0b2cf32665cee19dc11308a4760a,0.11857039501893718,autoland,4768104,12,53390121d39b212135aaffcd577053a14c7f0dff,linux1804-64-shippable-qr,True,False,,,102210fe594ee9b33d82058545b1ed14f4c8206e,custom.jsdebugger.stepOut.DAMP,damp,True,damp custom.jsdebugger.stepOut.DAMP opt e10s fission stylo webrender,4767202,77,ms,firefox,,1750208460,2023-09-04 12:17:38,1295286,,,,,,,,,,,,,,,,,,,,,,,,,,,,,,,,,,,,,,,,,,,,,,,,,TN
1095,2c0ab3a7f1f3e1e095a0175f8a6096d10a311a5a,0.10165272557563543,autoland,4768104,12,53390121d39b212135aaffcd577053a14c7f0dff,linux1804-64-shippable-qr,True,False,,,102210fe594ee9b33d82058545b1ed14f4c8206e,custom.jsdebugger.stepOut.DAMP,damp,True,damp custom.jsdebugger.stepOut.DAMP opt e10s fission stylo webrender,4767202,77,ms,firefox,,1750331162,2023-09-04 20:09:20,1295407,,,,,,,,,,,,,,,,,,,,,,,,,,,,,,,,,,,,,,,,,,,,,,,,,TN
1096,530fe27f752d2f1fa88cd1013b419d7c1ca1a2e0,0.10812875690040835,autoland,4768104,12,53390121d39b212135aaffcd577053a14c7f0dff,linux1804-64-shippable-qr,True,False,,,102210fe594ee9b33d82058545b1ed14f4c8206e,custom.jsdebugger.stepOut.DAMP,damp,True,damp custom.jsdebugger.stepOut.DAMP opt e10s fission stylo webrender,4767202,77,ms,firefox,,1750389770,2023-09-05 01:26:26,1295456,,,,,,,,,,,,,,,,,,,,,,,,,,,,,,,,,,,,,,,,,,,,,,,,,TN
1097,55f5393d14f682f76c2d9f9c857c9f0890ee2a7f,0.10605698963200694,autoland,4768104,12,53390121d39b212135aaffcd577053a14c7f0dff,linux1804-64-shippable-qr,True,False,,,102210fe594ee9b33d82058545b1ed14f4c8206e,custom.jsdebugger.stepOut.DAMP,damp,True,damp custom.jsdebugger.stepOut.DAMP opt e10s fission stylo webrender,4767202,77,ms,firefox,,1750495681,2023-09-05 06:45:05,1295504,,,,,,,,,,,,,,,,,,,,,,,,,,,,,,,,,,,,,,,,,,,,,,,,,TN
1098,27708fc6f6648945c105baa6a5c63f9d62f265b5,0.11879466763313085,autoland,4768104,12,53390121d39b212135aaffcd577053a14c7f0dff,linux1804-64-shippable-qr,True,False,,,102210fe594ee9b33d82058545b1ed14f4c8206e,custom.jsdebugger.stepOut.DAMP,damp,True,damp custom.jsdebugger.stepOut.DAMP opt e10s fission stylo webrender,4767202,77,ms,firefox,,1750593291,2023-09-05 11:29:45,1295622,,,,,,,,,,,,,,,,,,,,,,,,,,,,,,,,,,,,,,,,,,,,,,,,,TN
1099,42d664dd03163fb19554f6e18c4163b8622b4401,0.10002715772699067,autoland,4768104,12,53390121d39b212135aaffcd577053a14c7f0dff,linux1804-64-shippable-qr,True,False,,,102210fe594ee9b33d82058545b1ed14f4c8206e,custom.jsdebugger.stepOut.DAMP,damp,True,damp custom.jsdebugger.stepOut.DAMP opt e10s fission stylo webrender,4767202,77,ms,firefox,,1750610810,2023-09-05 11:45:39,1295627,,,,,,,,,,,,,,,,,,,,,,,,,,,,,,,,,,,,,,,,,,,,,,,,,TN
1100,40053facf08c6ea9bc6a6f5ae223a6faa89ebc08,0.09919694417666047,autoland,4768104,12,53390121d39b212135aaffcd577053a14c7f0dff,linux1804-64-shippable-qr,True,False,,,102210fe594ee9b33d82058545b1ed14f4c8206e,custom.jsdebugger.stepOut.DAMP,damp,True,damp custom.jsdebugger.stepOut.DAMP opt e10s fission stylo webrender,4767202,77,ms,firefox,,1750685378,2023-09-05 15:46:18,1295770,,,,,,,,,,,,,,,,,,,,,,,,,,,,,,,,,,,,,,,,,,,,,,,,,TN
1101,08da3ca498f61eb9acb594038c5e764cfb37d735,0.09265776479768606,autoland,4768104,12,53390121d39b212135aaffcd577053a14c7f0dff,linux1804-64-shippable-qr,True,False,,,102210fe594ee9b33d82058545b1ed14f4c8206e,custom.jsdebugger.stepOut.DAMP,damp,True,damp custom.jsdebugger.stepOut.DAMP opt e10s fission stylo webrender,4767202,77,ms,firefox,,1750729079,2023-09-05 16:15:45,1295791,,,,,,,,,,,,,,,,,,,,,,,,,,,,,,,,,,,,,,,,,,,,,,,,,TN
1102,e6278ccb302b74ca329c17e5d00508b795c54eec,0.10425905701486893,autoland,4768104,12,53390121d39b212135aaffcd577053a14c7f0dff,linux1804-64-shippable-qr,True,False,,,102210fe594ee9b33d82058545b1ed14f4c8206e,custom.jsdebugger.stepOut.DAMP,damp,True,damp custom.jsdebugger.stepOut.DAMP opt e10s fission stylo webrender,4767202,77,ms,firefox,,1750832175,2023-09-05 19:25:11,1295926,,,,,,,,,,,,,,,,,,,,,,,,,,,,,,,,,,,,,,,,,,,,,,,,,TN
1103,b34280e9a0872e3b3f0893cd3bd78bf94b421612,0.09756025534737911,autoland,4768104,12,53390121d39b212135aaffcd577053a14c7f0dff,linux1804-64-shippable-qr,True,False,,,102210fe594ee9b33d82058545b1ed14f4c8206e,custom.jsdebugger.stepOut.DAMP,damp,True,damp custom.jsdebugger.stepOut.DAMP opt e10s fission stylo webrender,4767202,77,ms,firefox,,1750963194,2023-09-05 23:38:09,1296071,,,,,,,,,,,,,,,,,,,,,,,,,,,,,,,,,,,,,,,,,,,,,,,,,TN
1104,ff7e2e9adbc1753b1f3e01a3f2eb8a91bb911418,0.10116037999767569,autoland,4768104,12,53390121d39b212135aaffcd577053a14c7f0dff,linux1804-64-shippable-qr,True,False,,,102210fe594ee9b33d82058545b1ed14f4c8206e,custom.jsdebugger.stepOut.DAMP,damp,True,damp custom.jsdebugger.stepOut.DAMP opt e10s fission stylo webrender,4767202,77,ms,firefox,,1751011238,2023-09-06 00:54:53,1296116,,,,,,,,,,,,,,,,,,,,,,,,,,,,,,,,,,,,,,,,,,,,,,,,,TN
1105,5c56b92baa65aa27df61f84718594767ef8f26f4,0.10683312538935064,autoland,4768104,12,53390121d39b212135aaffcd577053a14c7f0dff,linux1804-64-shippable-qr,True,False,,,102210fe594ee9b33d82058545b1ed14f4c8206e,custom.jsdebugger.stepOut.DAMP,damp,True,damp custom.jsdebugger.stepOut.DAMP opt e10s fission stylo webrender,4767202,77,ms,firefox,,1751090051,2023-09-06 05:00:41,1296186,,,,,,,,,,,,,,,,,,,,,,,,,,,,,,,,,,,,,,,,,,,,,,,,,TN
1106,6631a30338d3de03925f76afd071a29511729440,0.10304201555591197,autoland,4768104,12,53390121d39b212135aaffcd577053a14c7f0dff,linux1804-64-shippable-qr,True,False,,,102210fe594ee9b33d82058545b1ed14f4c8206e,custom.jsdebugger.stepOut.DAMP,damp,True,damp custom.jsdebugger.stepOut.DAMP opt e10s fission stylo webrender,4767202,77,ms,firefox,,1751229952,2023-09-06 10:31:58,1296288,,,,,,,,,,,,,,,,,,,,,,,,,,,,,,,,,,,,,,,,,,,,,,,,,TN
1107,e43370e4259f61e0c264dbcef8b45e2862b3c5e8,0.11282102584176035,autoland,4768104,12,53390121d39b212135aaffcd577053a14c7f0dff,linux1804-64-shippable-qr,True,False,,,102210fe594ee9b33d82058545b1ed14f4c8206e,custom.jsdebugger.stepOut.DAMP,damp,True,damp custom.jsdebugger.stepOut.DAMP opt e10s fission stylo webrender,4767202,77,ms,firefox,,1751236860,2023-09-06 11:18:29,1296309,,,,,,,,,,,,,,,,,,,,,,,,,,,,,,,,,,,,,,,,,,,,,,,,,TN
1108,0315c2d875ca2a95bbb65ef4a1f7b75f72ed7263,0.1080349096536164,autoland,4768104,12,53390121d39b212135aaffcd577053a14c7f0dff,linux1804-64-shippable-qr,True,False,,,102210fe594ee9b33d82058545b1ed14f4c8206e,custom.jsdebugger.stepOut.DAMP,damp,True,damp custom.jsdebugger.stepOut.DAMP opt e10s fission stylo webrender,4767202,77,ms,firefox,,1751324343,2023-09-06 14:28:21,1296418,,,,,,,,,,,,,,,,,,,,,,,,,,,,,,,,,,,,,,,,,,,,,,,,,TN
1109,340378041fcfd986f6c0edb18a81efbc36f930c1,0.10921990861927622,autoland,4768104,12,53390121d39b212135aaffcd577053a14c7f0dff,linux1804-64-shippable-qr,True,False,,,102210fe594ee9b33d82058545b1ed14f4c8206e,custom.jsdebugger.stepOut.DAMP,damp,True,damp custom.jsdebugger.stepOut.DAMP opt e10s fission stylo webrender,4767202,77,ms,firefox,,1751389021,2023-09-06 18:00:42,1296561,,,,,,,,,,,,,,,,,,,,,,,,,,,,,,,,,,,,,,,,,,,,,,,,,TN
1110,6e5768f3fc480965c2b67e5006ad8351d30a27b2,0.11228760129062665,autoland,4768104,12,53390121d39b212135aaffcd577053a14c7f0dff,linux1804-64-shippable-qr,True,False,,,102210fe594ee9b33d82058545b1ed14f4c8206e,custom.jsdebugger.stepOut.DAMP,damp,True,damp custom.jsdebugger.stepOut.DAMP opt e10s fission stylo webrender,4767202,77,ms,firefox,,1751483008,2023-09-06 21:18:27,1296699,,,,,,,,,,,,,,,,,,,,,,,,,,,,,,,,,,,,,,,,,,,,,,,,,TN
1111,172ac46f5fd5a20a001b2cbed27df0ffb44ef6a6,0.10082907750731218,autoland,4768104,12,53390121d39b212135aaffcd577053a14c7f0dff,linux1804-64-shippable-qr,True,False,,,102210fe594ee9b33d82058545b1ed14f4c8206e,custom.jsdebugger.stepOut.DAMP,damp,True,damp custom.jsdebugger.stepOut.DAMP opt e10s fission stylo webrender,4767202,77,ms,firefox,,1751591198,2023-09-07 02:02:33,1296842,,,,,,,,,,,,,,,,,,,,,,,,,,,,,,,,,,,,,,,,,,,,,,,,,TN
1112,c8b40099127c273a58ba6defbe045c55752f0f64,0.09249008767206002,autoland,4768104,12,53390121d39b212135aaffcd577053a14c7f0dff,linux1804-64-shippable-qr,True,False,,,102210fe594ee9b33d82058545b1ed14f4c8206e,custom.jsdebugger.stepOut.DAMP,damp,True,damp custom.jsdebugger.stepOut.DAMP opt e10s fission stylo webrender,4767202,77,ms,firefox,,1751670352,2023-09-07 05:47:53,1296880,,,,,,,,,,,,,,,,,,,,,,,,,,,,,,,,,,,,,,,,,,,,,,,,,TN
1113,72c09a220d986d7af3fa78b07b9b87cd943f9ab5,0.1075460246650195,autoland,4768104,12,53390121d39b212135aaffcd577053a14c7f0dff,linux1804-64-shippable-qr,True,False,,,102210fe594ee9b33d82058545b1ed14f4c8206e,custom.jsdebugger.stepOut.DAMP,damp,True,damp custom.jsdebugger.stepOut.DAMP opt e10s fission stylo webrender,4767202,77,ms,firefox,,1751786767,2023-09-07 10:02:59,1296967,,,,,,,,,,,,,,,,,,,,,,,,,,,,,,,,,,,,,,,,,,,,,,,,,TN
1114,31aee1c71573016a4a40410e1c41adad2304c430,0.09786130873042986,autoland,4768104,12,53390121d39b212135aaffcd577053a14c7f0dff,linux1804-64-shippable-qr,True,False,,,102210fe594ee9b33d82058545b1ed14f4c8206e,custom.jsdebugger.stepOut.DAMP,damp,True,damp custom.jsdebugger.stepOut.DAMP opt e10s fission stylo webrender,4767202,77,ms,firefox,,1751841608,2023-09-07 12:32:17,1297037,,,,,,,,,,,,,,,,,,,,,,,,,,,,,,,,,,,,,,,,,,,,,,,,,TN
1115,be838735b3cf99411aaa287377f080810144f92d,0.0914417755248198,autoland,4768104,12,53390121d39b212135aaffcd577053a14c7f0dff,linux1804-64-shippable-qr,True,False,,,102210fe594ee9b33d82058545b1ed14f4c8206e,custom.jsdebugger.stepOut.DAMP,damp,True,damp custom.jsdebugger.stepOut.DAMP opt e10s fission stylo webrender,4767202,77,ms,firefox,,1751916630,2023-09-07 16:05:38,1297179,,,,,,,,,,,,,,,,,,,,,,,,,,,,,,,,,,,,,,,,,,,,,,,,,TN
1116,25b4a7559a80b3970d88de68b2ac92420ca025c8,0.09406086633462807,autoland,4768104,12,53390121d39b212135aaffcd577053a14c7f0dff,linux1804-64-shippable-qr,True,False,,,102210fe594ee9b33d82058545b1ed14f4c8206e,custom.jsdebugger.stepOut.DAMP,damp,True,damp custom.jsdebugger.stepOut.DAMP opt e10s fission stylo webrender,4767202,77,ms,firefox,,1752099397,2023-09-07 18:57:03,1297304,,,,,,,,,,,,,,,,,,,,,,,,,,,,,,,,,,,,,,,,,,,,,,,,,TN
1117,6fb5507c20420498c1ebe5f2b6df35394d980f1c,0.097108769164582,autoland,4768104,12,53390121d39b212135aaffcd577053a14c7f0dff,linux1804-64-shippable-qr,True,False,,,102210fe594ee9b33d82058545b1ed14f4c8206e,custom.jsdebugger.stepOut.DAMP,damp,True,damp custom.jsdebugger.stepOut.DAMP opt e10s fission stylo webrender,4767202,77,ms,firefox,,1752189034,2023-09-07 23:16:45,1297446,,,,,,,,,,,,,,,,,,,,,,,,,,,,,,,,,,,,,,,,,,,,,,,,,TN
1118,3096b15a785accc50f5e96ad64eed31ebd5ae045,0.1115812655098618,autoland,4768104,12,53390121d39b212135aaffcd577053a14c7f0dff,linux1804-64-shippable-qr,True,False,,,102210fe594ee9b33d82058545b1ed14f4c8206e,custom.jsdebugger.stepOut.DAMP,damp,True,damp custom.jsdebugger.stepOut.DAMP opt e10s fission stylo webrender,4767202,77,ms,firefox,,1752215996,2023-09-07 23:39:19,1297453,,,,,,,,,,,,,,,,,,,,,,,,,,,,,,,,,,,,,,,,,,,,,,,,,TN
1119,9cf29328d69c6278a4d9e184fcf79d33542cb600,0.09802306917241133,autoland,4768104,12,53390121d39b212135aaffcd577053a14c7f0dff,linux1804-64-shippable-qr,True,False,,,102210fe594ee9b33d82058545b1ed14f4c8206e,custom.jsdebugger.stepOut.DAMP,damp,True,damp custom.jsdebugger.stepOut.DAMP opt e10s fission stylo webrender,4767202,77,ms,firefox,,1752298406,2023-09-08 04:28:36,1297535,,,,,,,,,,,,,,,,,,,,,,,,,,,,,,,,,,,,,,,,,,,,,,,,,TN
1120,850826d930dbbaab76c864c8e0c815e741d335ec,0.10339826846780609,autoland,4768104,12,53390121d39b212135aaffcd577053a14c7f0dff,linux1804-64-shippable-qr,True,False,,,102210fe594ee9b33d82058545b1ed14f4c8206e,custom.jsdebugger.stepOut.DAMP,damp,True,damp custom.jsdebugger.stepOut.DAMP opt e10s fission stylo webrender,4767202,77,ms,firefox,,1752378790,2023-09-08 08:33:18,1297602,,,,,,,,,,,,,,,,,,,,,,,,,,,,,,,,,,,,,,,,,,,,,,,,,TN
1121,274b1d437629e97813d0b7fe7e8b4912cf84cf32,0.09471273385098944,autoland,4768104,12,53390121d39b212135aaffcd577053a14c7f0dff,linux1804-64-shippable-qr,True,False,,,102210fe594ee9b33d82058545b1ed14f4c8206e,custom.jsdebugger.stepOut.DAMP,damp,True,damp custom.jsdebugger.stepOut.DAMP opt e10s fission stylo webrender,4767202,77,ms,firefox,,1752479327,2023-09-08 09:52:44,1297644,,,,,,,,,,,,,,,,,,,,,,,,,,,,,,,,,,,,,,,,,,,,,,,,,TN
1122,822367e291b07b889b553a6beaa660fd1d4bf101,0.0978072577636393,autoland,4768104,12,53390121d39b212135aaffcd577053a14c7f0dff,linux1804-64-shippable-qr,True,False,,,102210fe594ee9b33d82058545b1ed14f4c8206e,custom.jsdebugger.stepOut.DAMP,damp,True,damp custom.jsdebugger.stepOut.DAMP opt e10s fission stylo webrender,4767202,77,ms,firefox,,1752568992,2023-09-08 14:14:09,1297788,,,,,,,,,,,,,,,,,,,,,,,,,,,,,,,,,,,,,,,,,,,,,,,,,TN
1123,bde2db6f12ce1100b2bbb4b10916f7be1cf90f3a,0.09511093411244165,autoland,4768104,12,53390121d39b212135aaffcd577053a14c7f0dff,linux1804-64-shippable-qr,True,False,,,102210fe594ee9b33d82058545b1ed14f4c8206e,custom.jsdebugger.stepOut.DAMP,damp,True,damp custom.jsdebugger.stepOut.DAMP opt e10s fission stylo webrender,4767202,77,ms,firefox,,1752603236,2023-09-08 14:59:47,1297817,,,,,,,,,,,,,,,,,,,,,,,,,,,,,,,,,,,,,,,,,,,,,,,,,TN
1124,27b2bca6565fd4a7d724617dc2a06ad4433d5e7d,0.09887178092864701,autoland,4768104,12,53390121d39b212135aaffcd577053a14c7f0dff,linux1804-64-shippable-qr,True,False,,,102210fe594ee9b33d82058545b1ed14f4c8206e,custom.jsdebugger.stepOut.DAMP,damp,True,damp custom.jsdebugger.stepOut.DAMP opt e10s fission stylo webrender,4767202,77,ms,firefox,,1752714471,2023-09-08 18:04:40,1297929,,,,,,,,,,,,,,,,,,,,,,,,,,,,,,,,,,,,,,,,,,,,,,,,,TN
1125,caabab6fd2b88b34f1344af40c555fed0a039949,0.10290656771399864,autoland,4768104,12,53390121d39b212135aaffcd577053a14c7f0dff,linux1804-64-shippable-qr,True,False,,,102210fe594ee9b33d82058545b1ed14f4c8206e,custom.jsdebugger.stepOut.DAMP,damp,True,damp custom.jsdebugger.stepOut.DAMP opt e10s fission stylo webrender,4767202,77,ms,firefox,,1752848689,2023-09-08 22:44:42,1298112,,,,,,,,,,,,,,,,,,,,,,,,,,,,,,,,,,,,,,,,,,,,,,,,,TN
1126,266305ba8989b3072ea042b1a3130ddfb89960e1,0.11329475497945807,autoland,4768104,12,53390121d39b212135aaffcd577053a14c7f0dff,linux1804-64-shippable-qr,True,False,,,102210fe594ee9b33d82058545b1ed14f4c8206e,custom.jsdebugger.stepOut.DAMP,damp,True,damp custom.jsdebugger.stepOut.DAMP opt e10s fission stylo webrender,4767202,77,ms,firefox,,1752922622,2023-09-09 01:11:00,1298167,,,,,,,,,,,,,,,,,,,,,,,,,,,,,,,,,,,,,,,,,,,,,,,,,TN
1127,02f7c436b43f486a8aec92c449f2df1fedf9226a,0.10191149379675712,autoland,4768104,12,53390121d39b212135aaffcd577053a14c7f0dff,linux1804-64-shippable-qr,True,False,,,102210fe594ee9b33d82058545b1ed14f4c8206e,custom.jsdebugger.stepOut.DAMP,damp,True,damp custom.jsdebugger.stepOut.DAMP opt e10s fission stylo webrender,4767202,77,ms,firefox,,1752972272,2023-09-09 05:59:08,1298196,,,,,,,,,,,,,,,,,,,,,,,,,,,,,,,,,,,,,,,,,,,,,,,,,TN
1128,52b4a28cd9d7623a471a02cb994a2aebbd5d7403,0.10946442612784368,autoland,4768104,12,53390121d39b212135aaffcd577053a14c7f0dff,linux1804-64-shippable-qr,True,False,,,102210fe594ee9b33d82058545b1ed14f4c8206e,custom.jsdebugger.stepOut.DAMP,damp,True,damp custom.jsdebugger.stepOut.DAMP opt e10s fission stylo webrender,4767202,77,ms,firefox,,1753067103,2023-09-09 12:58:29,1298223,,,,,,,,,,,,,,,,,,,,,,,,,,,,,,,,,,,,,,,,,,,,,,,,,TN
1129,df18c9cb1487f09a89e27eabbd0819691c70701b,0.09582916386807372,autoland,4768104,12,53390121d39b212135aaffcd577053a14c7f0dff,linux1804-64-shippable-qr,True,False,,,102210fe594ee9b33d82058545b1ed14f4c8206e,custom.jsdebugger.stepOut.DAMP,damp,True,damp custom.jsdebugger.stepOut.DAMP opt e10s fission stylo webrender,4767202,77,ms,firefox,,1753208318,2023-09-09 23:18:35,1298263,,,,,,,,,,,,,,,,,,,,,,,,,,,,,,,,,,,,,,,,,,,,,,,,,TN
1130,7faa89970aed2f2e16f538aba1a7465bb6a5ea20,0.10359258110219671,autoland,4768104,12,53390121d39b212135aaffcd577053a14c7f0dff,linux1804-64-shippable-qr,True,False,,,102210fe594ee9b33d82058545b1ed14f4c8206e,custom.jsdebugger.stepOut.DAMP,damp,True,damp custom.jsdebugger.stepOut.DAMP opt e10s fission stylo webrender,4767202,77,ms,firefox,,1753263206,2023-09-10 03:51:10,1298271,,,,,,,,,,,,,,,,,,,,,,,,,,,,,,,,,,,,,,,,,,,,,,,,,TN
1131,2e1c2dd8ef65a6914ebc4e0bc0a0a274c31e29bc,0.10992331040060077,autoland,4768104,12,53390121d39b212135aaffcd577053a14c7f0dff,linux1804-64-shippable-qr,True,False,,,102210fe594ee9b33d82058545b1ed14f4c8206e,custom.jsdebugger.stepOut.DAMP,damp,True,damp custom.jsdebugger.stepOut.DAMP opt e10s fission stylo webrender,4767202,77,ms,firefox,,1753434784,2023-09-10 10:15:01,1298293,,,,,,,,,,,,,,,,,,,,,,,,,,,,,,,,,,,,,,,,,,,,,,,,,TN
1132,640ad6a53cf88f878095f49f98b720a99c2762bd,0.10423833818967654,autoland,4768104,12,53390121d39b212135aaffcd577053a14c7f0dff,linux1804-64-shippable-qr,True,False,,,102210fe594ee9b33d82058545b1ed14f4c8206e,custom.jsdebugger.stepOut.DAMP,damp,True,damp custom.jsdebugger.stepOut.DAMP opt e10s fission stylo webrender,4767202,77,ms,firefox,,1753515787,2023-09-10 12:24:34,1298303,,,,,,,,,,,,,,,,,,,,,,,,,,,,,,,,,,,,,,,,,,,,,,,,,TN
1133,e91d172728590586e38bc431f3dc779479e365d5,0.09830720610615229,autoland,4768104,12,53390121d39b212135aaffcd577053a14c7f0dff,linux1804-64-shippable-qr,True,False,,,102210fe594ee9b33d82058545b1ed14f4c8206e,custom.jsdebugger.stepOut.DAMP,damp,True,damp custom.jsdebugger.stepOut.DAMP opt e10s fission stylo webrender,4767202,77,ms,firefox,,1753613216,2023-09-10 16:24:53,1298313,,,,,,,,,,,,,,,,,,,,,,,,,,,,,,,,,,,,,,,,,,,,,,,,,TN
1134,fff502a8f26bdfc51eada3cf32107848bff64a76,0.10167691393223777,autoland,4768104,12,53390121d39b212135aaffcd577053a14c7f0dff,linux1804-64-shippable-qr,True,False,,,102210fe594ee9b33d82058545b1ed14f4c8206e,custom.jsdebugger.stepOut.DAMP,damp,True,damp custom.jsdebugger.stepOut.DAMP opt e10s fission stylo webrender,4767202,77,ms,firefox,,1753733606,2023-09-10 22:24:39,1298356,,,,,,,,,,,,,,,,,,,,,,,,,,,,,,,,,,,,,,,,,,,,,,,,,TN
1135,5f5a3f190fdfa0947a671467171ab2b3cee62c38,0.1048523180658747,autoland,4768104,12,53390121d39b212135aaffcd577053a14c7f0dff,linux1804-64-shippable-qr,True,False,,,102210fe594ee9b33d82058545b1ed14f4c8206e,custom.jsdebugger.stepOut.DAMP,damp,True,damp custom.jsdebugger.stepOut.DAMP opt e10s fission stylo webrender,4767202,77,ms,firefox,,1753844770,2023-09-11 04:00:08,1298396,,,,,,,,,,,,,,,,,,,,,,,,,,,,,,,,,,,,,,,,,,,,,,,,,TN
1136,35ae39561912dad340dac47c7c1dc3af6ead952b,0.0882614780801565,autoland,4768104,12,53390121d39b212135aaffcd577053a14c7f0dff,linux1804-64-shippable-qr,True,False,,,102210fe594ee9b33d82058545b1ed14f4c8206e,custom.jsdebugger.stepOut.DAMP,damp,True,damp custom.jsdebugger.stepOut.DAMP opt e10s fission stylo webrender,4767202,77,ms,firefox,,1753905915,2023-09-11 08:01:16,1298437,,,,,,,,,,,,,,,,,,,,,,,,,,,,,,,,,,,,,,,,,,,,,,,,,TN
1137,16a377bb7b5f9713ac6a5fae21ce043c7de7cd67,0.09840814641832729,autoland,4768104,12,53390121d39b212135aaffcd577053a14c7f0dff,linux1804-64-shippable-qr,True,False,,,102210fe594ee9b33d82058545b1ed14f4c8206e,custom.jsdebugger.stepOut.DAMP,damp,True,damp custom.jsdebugger.stepOut.DAMP opt e10s fission stylo webrender,4767202,77,ms,firefox,,1753967499,2023-09-11 10:09:23,1298486,,,,,,,,,,,,,,,,,,,,,,,,,,,,,,,,,,,,,,,,,,,,,,,,,TN
1138,c77d00bc0d71b8182048256a9c0bda5dba499568,0.09911265999964969,autoland,4768104,12,53390121d39b212135aaffcd577053a14c7f0dff,linux1804-64-shippable-qr,True,False,,,102210fe594ee9b33d82058545b1ed14f4c8206e,custom.jsdebugger.stepOut.DAMP,damp,True,damp custom.jsdebugger.stepOut.DAMP opt e10s fission stylo webrender,4767202,77,ms,firefox,,1755753879,2023-09-11 11:24:42,1298531,,,,,,,,,,,,,,,,,,,,,,,,,,,,,,,,,,,,,,,,,,,,,,,,,TN
1139,af41ab2aac6235b14a35bec73ea6236df09919ea,0.10466904444288061,autoland,4768104,12,53390121d39b212135aaffcd577053a14c7f0dff,linux1804-64-shippable-qr,True,False,,,102210fe594ee9b33d82058545b1ed14f4c8206e,custom.jsdebugger.stepOut.DAMP,damp,True,damp custom.jsdebugger.stepOut.DAMP opt e10s fission stylo webrender,4767202,77,ms,firefox,,1755767020,2023-09-11 11:40:45,1298537,,,,,,,,,,,,,,,,,,,,,,,,,,,,,,,,,,,,,,,,,,,,,,,,,TN
1140,98bc951d34c3b8002e4ca41ac664c22def3f5597,0.10505116235340117,autoland,4768104,12,53390121d39b212135aaffcd577053a14c7f0dff,linux1804-64-shippable-qr,True,False,,,102210fe594ee9b33d82058545b1ed14f4c8206e,custom.jsdebugger.stepOut.DAMP,damp,True,damp custom.jsdebugger.stepOut.DAMP opt e10s fission stylo webrender,4767202,77,ms,firefox,,1755765102,2023-09-11 11:59:51,1298546,,,,,,,,,,,,,,,,,,,,,,,,,,,,,,,,,,,,,,,,,,,,,,,,,TN
1141,0dd2b360ae24293ad5de5cd4a2832684b4f2aafb,0.10788083344869603,autoland,4768104,12,53390121d39b212135aaffcd577053a14c7f0dff,linux1804-64-shippable-qr,True,False,,,102210fe594ee9b33d82058545b1ed14f4c8206e,custom.jsdebugger.stepOut.DAMP,damp,True,damp custom.jsdebugger.stepOut.DAMP opt e10s fission stylo webrender,4767202,77,ms,firefox,,1755775925,2023-09-11 12:21:44,1298562,,,,,,,,,,,,,,,,,,,,,,,,,,,,,,,,,,,,,,,,,,,,,,,,,TN
1142,67f2bcf67dcc8be6515f8e48c76e602c9b707f80,0.11095824617313577,autoland,4768104,12,53390121d39b212135aaffcd577053a14c7f0dff,linux1804-64-shippable-qr,True,False,,,102210fe594ee9b33d82058545b1ed14f4c8206e,custom.jsdebugger.stepOut.DAMP,damp,True,damp custom.jsdebugger.stepOut.DAMP opt e10s fission stylo webrender,4767202,77,ms,firefox,,1755672718,2023-09-11 12:22:45,1298565,,,,,,,,,,,,,,,,,,,,,,,,,,,,,,,,,,,,,,,,,,,,,,,,,TN
1143,5f2c25d194ad43eedaecefc047e2b10b622c1fac,0.09350666433783461,autoland,4768104,12,53390121d39b212135aaffcd577053a14c7f0dff,linux1804-64-shippable-qr,True,False,,,102210fe594ee9b33d82058545b1ed14f4c8206e,custom.jsdebugger.stepOut.DAMP,damp,True,damp custom.jsdebugger.stepOut.DAMP opt e10s fission stylo webrender,4767202,77,ms,firefox,,1755379554,2023-09-11 13:01:50,1298593,,,,,,,,,,,,,,,,,,,,,,,,,,,,,,,,,,,,,,,,,,,,,,,,,TN
1144,ae90dbc5ece809efe97e25148fc44790643e4f75,0.10031156292349963,autoland,4768104,12,53390121d39b212135aaffcd577053a14c7f0dff,linux1804-64-shippable-qr,True,False,,,102210fe594ee9b33d82058545b1ed14f4c8206e,custom.jsdebugger.stepOut.DAMP,damp,True,damp custom.jsdebugger.stepOut.DAMP opt e10s fission stylo webrender,4767202,77,ms,firefox,,1755387277,2023-09-11 13:02:46,1298595,,,,,,,,,,,,,,,,,,,,,,,,,,,,,,,,,,,,,,,,,,,,,,,,,TN
1145,0bb832e1ee1d10cd01bf8fabac5785fa2f73d98c,0.09463659790608947,autoland,4768104,12,53390121d39b212135aaffcd577053a14c7f0dff,linux1804-64-shippable-qr,True,False,,,102210fe594ee9b33d82058545b1ed14f4c8206e,custom.jsdebugger.stepOut.DAMP,damp,True,damp custom.jsdebugger.stepOut.DAMP opt e10s fission stylo webrender,4767202,77,ms,firefox,,1755384872,2023-09-11 13:12:30,1298599,,,,,,,,,,,,,,,,,,,,,,,,,,,,,,,,,,,,,,,,,,,,,,,,,TN
1146,c24685fd1450ac595554c967a4501c5d9f5525d3,0.11984410449677418,autoland,4768104,12,53390121d39b212135aaffcd577053a14c7f0dff,linux1804-64-shippable-qr,True,False,,,102210fe594ee9b33d82058545b1ed14f4c8206e,custom.jsdebugger.stepOut.DAMP,damp,True,damp custom.jsdebugger.stepOut.DAMP opt e10s fission stylo webrender,4767202,77,ms,firefox,,1755401501,2023-09-11 13:16:32,1298603,,,,,,,,,,,,,,,,,,,,,,,,,,,,,,,,,,,,,,,,,,,,,,,,,TN
1147,1a06649dfef65cd12bf1a253bdc69e9fe95e09f9,0.09501258899387444,autoland,4768104,12,53390121d39b212135aaffcd577053a14c7f0dff,linux1804-64-shippable-qr,True,False,,,102210fe594ee9b33d82058545b1ed14f4c8206e,custom.jsdebugger.stepOut.DAMP,damp,True,damp custom.jsdebugger.stepOut.DAMP opt e10s fission stylo webrender,4767202,77,ms,firefox,,1755391480,2023-09-11 13:23:36,1298612,,,,,,,,,,,,,,,,,,,,,,,,,,,,,,,,,,,,,,,,,,,,,,,,,TN
1148,6ceb66baf1873e42b8a456893aa8027d4c950286,0.09472989372390228,autoland,4768104,12,53390121d39b212135aaffcd577053a14c7f0dff,linux1804-64-shippable-qr,True,False,,,102210fe594ee9b33d82058545b1ed14f4c8206e,custom.jsdebugger.stepOut.DAMP,damp,True,damp custom.jsdebugger.stepOut.DAMP opt e10s fission stylo webrender,4767202,77,ms,firefox,,1755388447,2023-09-11 13:24:26,1298615,,,,,,,,,,,,,,,,,,,,,,,,,,,,,,,,,,,,,,,,,,,,,,,,,TN
1149,b71c058d26542f4e8046698df7c6f40d8dd9f201,0.09688883545180649,autoland,4768104,12,53390121d39b212135aaffcd577053a14c7f0dff,linux1804-64-shippable-qr,True,False,,,102210fe594ee9b33d82058545b1ed14f4c8206e,custom.jsdebugger.stepOut.DAMP,damp,True,damp custom.jsdebugger.stepOut.DAMP opt e10s fission stylo webrender,4767202,77,ms,firefox,,1755383101,2023-09-11 13:25:15,1298616,,,,,,,,,,,,,,,,,,,,,,,,,,,,,,,,,,,,,,,,,,,,,,,,,TN
1150,da45e56b6faa615c226bd2d0434aa658595ec275,0.10079508762526102,autoland,4768104,12,53390121d39b212135aaffcd577053a14c7f0dff,linux1804-64-shippable-qr,True,False,,,102210fe594ee9b33d82058545b1ed14f4c8206e,custom.jsdebugger.stepOut.DAMP,damp,True,damp custom.jsdebugger.stepOut.DAMP opt e10s fission stylo webrender,4767202,77,ms,firefox,,1755421883,2023-09-11 13:48:43,1298632,,,,,,,,,,,,,,,,,,,,,,,,,,,,,,,,,,,,,,,,,,,,,,,,,TN
1151,e5cda9112336dc953a11c0cd0403690ca54ba077,0.10645545517556854,autoland,4768104,12,53390121d39b212135aaffcd577053a14c7f0dff,linux1804-64-shippable-qr,True,False,,,102210fe594ee9b33d82058545b1ed14f4c8206e,custom.jsdebugger.stepOut.DAMP,damp,True,damp custom.jsdebugger.stepOut.DAMP opt e10s fission stylo webrender,4767202,77,ms,firefox,,1755396543,2023-09-11 13:50:18,1298633,,,,,,,,,,,,,,,,,,,,,,,,,,,,,,,,,,,,,,,,,,,,,,,,,TN
1152,2ea4fd5d517a2b5edf081c9e2ccd8c014f6dc171,0.0959759284231334,autoland,4768104,12,53390121d39b212135aaffcd577053a14c7f0dff,linux1804-64-shippable-qr,True,False,,,102210fe594ee9b33d82058545b1ed14f4c8206e,custom.jsdebugger.stepOut.DAMP,damp,True,damp custom.jsdebugger.stepOut.DAMP opt e10s fission stylo webrender,4767202,77,ms,firefox,,1754085536,2023-09-11 13:54:23,1298638,,,,,,,,,,,,,,,,,,,,,,,,,,,,,,,,,,,,,,,,,,,,,,,,,TN
1153,7262d0f1bd66a82b46815deb53ffd3ee90dbad84,0.089861863012894,autoland,4768104,12,53390121d39b212135aaffcd577053a14c7f0dff,linux1804-64-shippable-qr,True,False,,,102210fe594ee9b33d82058545b1ed14f4c8206e,custom.jsdebugger.stepOut.DAMP,damp,True,damp custom.jsdebugger.stepOut.DAMP opt e10s fission stylo webrender,4767202,77,ms,firefox,,1755829482,2023-09-11 14:07:40,1298643,,,,,,,,,,,,,,,,,,,,,,,,,,,,,,,,,,,,,,,,,,,,,,,,,TN
1154,c20fe6f0a048c5308622fce1c09f336e468aeed2,0.09906440648858483,autoland,4768104,12,53390121d39b212135aaffcd577053a14c7f0dff,linux1804-64-shippable-qr,True,False,,,102210fe594ee9b33d82058545b1ed14f4c8206e,custom.jsdebugger.stepOut.DAMP,damp,True,damp custom.jsdebugger.stepOut.DAMP opt e10s fission stylo webrender,4767202,77,ms,firefox,,1755835443,2023-09-11 14:25:50,1298654,,,,,,,,,,,,,,,,,,,,,,,,,,,,,,,,,,,,,,,,,,,,,,,,,TN
1155,2d433a97e604465a59cb81dc73a61869ac504578,0.10207293729125388,autoland,4768104,12,53390121d39b212135aaffcd577053a14c7f0dff,linux1804-64-shippable-qr,True,False,,,102210fe594ee9b33d82058545b1ed14f4c8206e,custom.jsdebugger.stepOut.DAMP,damp,True,damp custom.jsdebugger.stepOut.DAMP opt e10s fission stylo webrender,4767202,77,ms,firefox,,1755827461,2023-09-11 15:13:12,1298683,,,,,,,,,,,,,,,,,,,,,,,,,,,,,,,,,,,,,,,,,,,,,,,,,TN
1156,5acbf8d224c4649cd5015cf918c0c51c1c8bdb62,0.09928155921104409,autoland,4768104,12,53390121d39b212135aaffcd577053a14c7f0dff,linux1804-64-shippable-qr,True,False,,,102210fe594ee9b33d82058545b1ed14f4c8206e,custom.jsdebugger.stepOut.DAMP,damp,True,damp custom.jsdebugger.stepOut.DAMP opt e10s fission stylo webrender,4767202,77,ms,firefox,,1755855334,2023-09-11 15:43:35,1298700,,,,,,,,,,,,,,,,,,,,,,,,,,,,,,,,,,,,,,,,,,,,,,,,,TN
1157,c160803118172377f4e01bc496955de0294f6206,0.0891462016246165,autoland,4768104,12,53390121d39b212135aaffcd577053a14c7f0dff,linux1804-64-shippable-qr,True,False,,,102210fe594ee9b33d82058545b1ed14f4c8206e,custom.jsdebugger.stepOut.DAMP,damp,True,damp custom.jsdebugger.stepOut.DAMP opt e10s fission stylo webrender,4767202,77,ms,firefox,,1755835814,2023-09-11 15:45:07,1298702,,,,,,,,,,,,,,,,,,,,,,,,,,,,,,,,,,,,,,,,,,,,,,,,,TN
1158,5854f291f9a2bb797993fcd55c91ad1a91b4900f,0.10423796460899015,autoland,4768104,12,53390121d39b212135aaffcd577053a14c7f0dff,linux1804-64-shippable-qr,True,False,,,102210fe594ee9b33d82058545b1ed14f4c8206e,custom.jsdebugger.stepOut.DAMP,damp,True,damp custom.jsdebugger.stepOut.DAMP opt e10s fission stylo webrender,4767202,77,ms,firefox,,1755825691,2023-09-11 15:47:00,1298704,,,,,,,,,,,,,,,,,,,,,,,,,,,,,,,,,,,,,,,,,,,,,,,,,TN
1159,39bd64035bbcf706d057935da24fdce327d4aade,0.10379047256033913,autoland,4768104,12,53390121d39b212135aaffcd577053a14c7f0dff,linux1804-64-shippable-qr,True,False,,,102210fe594ee9b33d82058545b1ed14f4c8206e,custom.jsdebugger.stepOut.DAMP,damp,True,damp custom.jsdebugger.stepOut.DAMP opt e10s fission stylo webrender,4767202,77,ms,firefox,,1755818050,2023-09-11 15:48:02,1298705,,,,,,,,,,,,,,,,,,,,,,,,,,,,,,,,,,,,,,,,,,,,,,,,,TN
1160,371f21acf806f523f68c289d8ed7da5c9260756f,0.10625821152228743,autoland,4768104,12,53390121d39b212135aaffcd577053a14c7f0dff,linux1804-64-shippable-qr,True,False,,,102210fe594ee9b33d82058545b1ed14f4c8206e,custom.jsdebugger.stepOut.DAMP,damp,True,damp custom.jsdebugger.stepOut.DAMP opt e10s fission stylo webrender,4767202,77,ms,firefox,,1755775212,2023-09-11 15:49:08,1298706,,,,,,,,,,,,,,,,,,,,,,,,,,,,,,,,,,,,,,,,,,,,,,,,,TN
1161,2750553de9a1ea252e22438f8dd2806da435af48,0.09617312537879341,autoland,4768104,12,53390121d39b212135aaffcd577053a14c7f0dff,linux1804-64-shippable-qr,True,False,,,102210fe594ee9b33d82058545b1ed14f4c8206e,custom.jsdebugger.stepOut.DAMP,damp,True,damp custom.jsdebugger.stepOut.DAMP opt e10s fission stylo webrender,4767202,77,ms,firefox,,1755381219,2023-09-11 15:50:33,1298707,,,,,,,,,,,,,,,,,,,,,,,,,,,,,,,,,,,,,,,,,,,,,,,,,TN
1162,afb7fcca721a478b821d3eacfd59abde06443f0d,0.1041918671355111,autoland,4768104,12,53390121d39b212135aaffcd577053a14c7f0dff,linux1804-64-shippable-qr,True,False,,,102210fe594ee9b33d82058545b1ed14f4c8206e,custom.jsdebugger.stepOut.DAMP,damp,True,damp custom.jsdebugger.stepOut.DAMP opt e10s fission stylo webrender,4767202,77,ms,firefox,,1755384421,2023-09-11 15:51:22,1298708,,,,,,,,,,,,,,,,,,,,,,,,,,,,,,,,,,,,,,,,,,,,,,,,,TN
1163,1413faf09741cee78dbc0928cf65d1123de28ed7,0.10349130695201225,autoland,4768104,12,53390121d39b212135aaffcd577053a14c7f0dff,linux1804-64-shippable-qr,True,False,,,102210fe594ee9b33d82058545b1ed14f4c8206e,custom.jsdebugger.stepOut.DAMP,damp,True,damp custom.jsdebugger.stepOut.DAMP opt e10s fission stylo webrender,4767202,77,ms,firefox,,1755381994,2023-09-11 16:29:56,1298722,,,,,,,,,,,,,,,,,,,,,,,,,,,,,,,,,,,,,,,,,,,,,,,,,TN
1164,dcf391aec4e146f1abb2e7c4e0a5bc7d892150d6,0.1036298119956176,autoland,4768104,12,53390121d39b212135aaffcd577053a14c7f0dff,linux1804-64-shippable-qr,True,False,,,102210fe594ee9b33d82058545b1ed14f4c8206e,custom.jsdebugger.stepOut.DAMP,damp,True,damp custom.jsdebugger.stepOut.DAMP opt e10s fission stylo webrender,4767202,77,ms,firefox,,1755379247,2023-09-11 16:52:04,1298731,,,,,,,,,,,,,,,,,,,,,,,,,,,,,,,,,,,,,,,,,,,,,,,,,TN
1165,754947adaad8ea8d87b61fb678ae58db5edb1ea6,0.09144788098587098,autoland,4768104,12,53390121d39b212135aaffcd577053a14c7f0dff,linux1804-64-shippable-qr,True,False,,,102210fe594ee9b33d82058545b1ed14f4c8206e,custom.jsdebugger.stepOut.DAMP,damp,True,damp custom.jsdebugger.stepOut.DAMP opt e10s fission stylo webrender,4767202,77,ms,firefox,,1755395635,2023-09-11 17:04:08,1298736,,,,,,,,,,,,,,,,,,,,,,,,,,,,,,,,,,,,,,,,,,,,,,,,,TN
1166,a04c1437171517c379f8ba3635e43c62602b15a3,0.09581955211361537,autoland,4768104,12,53390121d39b212135aaffcd577053a14c7f0dff,linux1804-64-shippable-qr,True,False,,,102210fe594ee9b33d82058545b1ed14f4c8206e,custom.jsdebugger.stepOut.DAMP,damp,True,damp custom.jsdebugger.stepOut.DAMP opt e10s fission stylo webrender,4767202,77,ms,firefox,,1755391810,2023-09-11 17:07:10,1298741,,,,,,,,,,,,,,,,,,,,,,,,,,,,,,,,,,,,,,,,,,,,,,,,,TN
1167,9cc66207ea6cfd43a3abb2d91eca132c01d0e58a,0.09875737879503133,autoland,4768104,12,53390121d39b212135aaffcd577053a14c7f0dff,linux1804-64-shippable-qr,True,False,,,102210fe594ee9b33d82058545b1ed14f4c8206e,custom.jsdebugger.stepOut.DAMP,damp,True,damp custom.jsdebugger.stepOut.DAMP opt e10s fission stylo webrender,4767202,77,ms,firefox,,1755386281,2023-09-11 17:39:17,1298757,,,,,,,,,,,,,,,,,,,,,,,,,,,,,,,,,,,,,,,,,,,,,,,,,TN
1168,abd2ee3faf9471314b05bdb6ddb6382f84279381,0.10145129901080163,autoland,4768104,12,53390121d39b212135aaffcd577053a14c7f0dff,linux1804-64-shippable-qr,True,False,,,102210fe594ee9b33d82058545b1ed14f4c8206e,custom.jsdebugger.stepOut.DAMP,damp,True,damp custom.jsdebugger.stepOut.DAMP opt e10s fission stylo webrender,4767202,77,ms,firefox,,1755382047,2023-09-11 17:40:06,1298759,,,,,,,,,,,,,,,,,,,,,,,,,,,,,,,,,,,,,,,,,,,,,,,,,TN
1169,37e4a25128d7890bfcfb74c96a5e064d0606b6d9,0.10475154467271897,autoland,4768104,12,53390121d39b212135aaffcd577053a14c7f0dff,linux1804-64-shippable-qr,True,False,,,102210fe594ee9b33d82058545b1ed14f4c8206e,custom.jsdebugger.stepOut.DAMP,damp,True,damp custom.jsdebugger.stepOut.DAMP opt e10s fission stylo webrender,4767202,77,ms,firefox,,1755384348,2023-09-11 17:40:55,1298760,,,,,,,,,,,,,,,,,,,,,,,,,,,,,,,,,,,,,,,,,,,,,,,,,TN
1170,f28ec98bf27ffbc0952af3f4ff0ffec4218a6554,0.08263087577062866,autoland,4768104,12,53390121d39b212135aaffcd577053a14c7f0dff,linux1804-64-shippable-qr,True,False,,,102210fe594ee9b33d82058545b1ed14f4c8206e,custom.jsdebugger.stepOut.DAMP,damp,True,damp custom.jsdebugger.stepOut.DAMP opt e10s fission stylo webrender,4767202,77,ms,firefox,,1754270688,2023-09-11 17:41:44,1298761,,,,,,,,,,,,,,,,,,,,,,,,,,,,,,,,,,,,,,,,,,,,,,,,,TN
1171,cacd1aee41f8fecb89855a91151319efe6107fe9,0.10333829584948284,autoland,4768104,12,53390121d39b212135aaffcd577053a14c7f0dff,linux1804-64-shippable-qr,True,False,,,102210fe594ee9b33d82058545b1ed14f4c8206e,custom.jsdebugger.stepOut.DAMP,damp,True,damp custom.jsdebugger.stepOut.DAMP opt e10s fission stylo webrender,4767202,77,ms,firefox,,1755379130,2023-09-11 19:35:39,1298813,,,,,,,,,,,,,,,,,,,,,,,,,,,,,,,,,,,,,,,,,,,,,,,,,TN
1172,13227d6aab1a5c6982a1ec8efaa339877573202e,0.06848531718167561,autoland,4768104,12,53390121d39b212135aaffcd577053a14c7f0dff,linux1804-64-shippable-qr,True,False,,,102210fe594ee9b33d82058545b1ed14f4c8206e,custom.jsdebugger.stepOut.DAMP,damp,True,damp custom.jsdebugger.stepOut.DAMP opt e10s fission stylo webrender,4767202,77,ms,firefox,,1755381527,2023-09-11 19:52:30,1298827,,,,,,,,,,,,,,,,,,,,,,,,,,,,,,,,,,,,,,,,,,,,,,,,,TN
1173,9e289bf77df274fd95050c2d5c184a7b17078dbb,0.08523236258359246,autoland,4768104,12,53390121d39b212135aaffcd577053a14c7f0dff,linux1804-64-shippable-qr,True,False,,,102210fe594ee9b33d82058545b1ed14f4c8206e,custom.jsdebugger.stepOut.DAMP,damp,True,damp custom.jsdebugger.stepOut.DAMP opt e10s fission stylo webrender,4767202,77,ms,firefox,,1755398654,2023-09-11 19:56:53,1298830,,,,,,,,,,,,,,,,,,,,,,,,,,,,,,,,,,,,,,,,,,,,,,,,,TN
1174,49f8ac83c949700ec1d4895ca4fd0cb97bb408ad,0.09683809603945726,autoland,4768104,12,53390121d39b212135aaffcd577053a14c7f0dff,linux1804-64-shippable-qr,True,False,,,102210fe594ee9b33d82058545b1ed14f4c8206e,custom.jsdebugger.stepOut.DAMP,damp,True,damp custom.jsdebugger.stepOut.DAMP opt e10s fission stylo webrender,4767202,77,ms,firefox,,1755379496,2023-09-11 20:23:57,1298842,,,,,,,,,,,,,,,,,,,,,,,,,,,,,,,,,,,,,,,,,,,,,,,,,TN
1175,7ddcc5c570857b59a8ca28d15053b56adee3751a,0.09610262295133776,autoland,4768104,12,53390121d39b212135aaffcd577053a14c7f0dff,linux1804-64-shippable-qr,True,False,,,102210fe594ee9b33d82058545b1ed14f4c8206e,custom.jsdebugger.stepOut.DAMP,damp,True,damp custom.jsdebugger.stepOut.DAMP opt e10s fission stylo webrender,4767202,77,ms,firefox,,1755381774,2023-09-11 20:27:20,1298844,,,,,,,,,,,,,,,,,,,,,,,,,,,,,,,,,,,,,,,,,,,,,,,,,TN
1176,b2453b43eee06d8a6ec112c23a639dbdafffe9d5,0.12073982482627343,autoland,4768104,12,53390121d39b212135aaffcd577053a14c7f0dff,linux1804-64-shippable-qr,True,False,,,102210fe594ee9b33d82058545b1ed14f4c8206e,custom.jsdebugger.stepOut.DAMP,damp,True,damp custom.jsdebugger.stepOut.DAMP opt e10s fission stylo webrender,4767202,77,ms,firefox,,1755391421,2023-09-11 20:52:46,1298855,,,,,,,,,,,,,,,,,,,,,,,,,,,,,,,,,,,,,,,,,,,,,,,,,TN
1177,58731d4cdf3a29dd6aa3d2dd18e917c8e7d0bef5,0.09892240210670478,autoland,4768104,12,53390121d39b212135aaffcd577053a14c7f0dff,linux1804-64-shippable-qr,True,False,,,102210fe594ee9b33d82058545b1ed14f4c8206e,custom.jsdebugger.stepOut.DAMP,damp,True,damp custom.jsdebugger.stepOut.DAMP opt e10s fission stylo webrender,4767202,77,ms,firefox,,1755411037,2023-09-11 21:12:10,1298864,,,,,,,,,,,,,,,,,,,,,,,,,,,,,,,,,,,,,,,,,,,,,,,,,TN
1178,6b6020b8d61f2caa4a75ff6719cbd9da74933650,0.12317022658334498,autoland,4768104,12,53390121d39b212135aaffcd577053a14c7f0dff,linux1804-64-shippable-qr,True,False,,,102210fe594ee9b33d82058545b1ed14f4c8206e,custom.jsdebugger.stepOut.DAMP,damp,True,damp custom.jsdebugger.stepOut.DAMP opt e10s fission stylo webrender,4767202,77,ms,firefox,,1755380766,2023-09-11 21:24:37,1298871,,,,,,,,,,,,,,,,,,,,,,,,,,,,,,,,,,,,,,,,,,,,,,,,,TN
1179,a441005ea9733de894a4c750fb58e6c01820f09f,0.10052987811777303,autoland,4768104,12,53390121d39b212135aaffcd577053a14c7f0dff,linux1804-64-shippable-qr,True,False,,,102210fe594ee9b33d82058545b1ed14f4c8206e,custom.jsdebugger.stepOut.DAMP,damp,True,damp custom.jsdebugger.stepOut.DAMP opt e10s fission stylo webrender,4767202,77,ms,firefox,,1755390187,2023-09-11 21:40:56,1298873,,,,,,,,,,,,,,,,,,,,,,,,,,,,,,,,,,,,,,,,,,,,,,,,,TN
1180,4a10a12f6006582e936c81baefda439d8f078729,0.1070491365047157,autoland,4768104,12,53390121d39b212135aaffcd577053a14c7f0dff,linux1804-64-shippable-qr,True,False,,,102210fe594ee9b33d82058545b1ed14f4c8206e,custom.jsdebugger.stepOut.DAMP,damp,True,damp custom.jsdebugger.stepOut.DAMP opt e10s fission stylo webrender,4767202,77,ms,firefox,,1754377384,2023-09-11 21:44:17,1298874,,,,,,,,,,,,,,,,,,,,,,,,,,,,,,,,,,,,,,,,,,,,,,,,,TN
1181,12882fe96164b756c60fff4549300977b85af06f,0.09875206023792149,autoland,4768104,12,53390121d39b212135aaffcd577053a14c7f0dff,linux1804-64-shippable-qr,True,False,,,102210fe594ee9b33d82058545b1ed14f4c8206e,custom.jsdebugger.stepOut.DAMP,damp,True,damp custom.jsdebugger.stepOut.DAMP opt e10s fission stylo webrender,4767202,77,ms,firefox,,1754394587,2023-09-11 22:07:56,1298881,,,,,,,,,,,,,,,,,,,,,,,,,,,,,,,,,,,,,,,,,,,,,,,,,TN
1182,cdcc536589320caec69ec36416058cd46b8d4178,0.09608581480070955,autoland,4768104,12,53390121d39b212135aaffcd577053a14c7f0dff,linux1804-64-shippable-qr,True,False,,,102210fe594ee9b33d82058545b1ed14f4c8206e,custom.jsdebugger.stepOut.DAMP,damp,True,damp custom.jsdebugger.stepOut.DAMP opt e10s fission stylo webrender,4767202,77,ms,firefox,,1754542260,2023-09-12 02:35:45,1298976,,,,,,,,,,,,,,,,,,,,,,,,,,,,,,,,,,,,,,,,,,,,,,,,,TN
1183,2e2360c55e7b421532f4d12b7a36a0e0f943a1e9,0.09605735212454602,autoland,4768104,12,53390121d39b212135aaffcd577053a14c7f0dff,linux1804-64-shippable-qr,True,False,,,102210fe594ee9b33d82058545b1ed14f4c8206e,custom.jsdebugger.stepOut.DAMP,damp,True,damp custom.jsdebugger.stepOut.DAMP opt e10s fission stylo webrender,4767202,77,ms,firefox,,1754653361,2023-09-12 07:31:58,1299027,,,,,,,,,,,,,,,,,,,,,,,,,,,,,,,,,,,,,,,,,,,,,,,,,TN
1184,4cca882e069d67c3a9a9064ac603b0dca23a5b39,0.0954391962918657,autoland,4768104,12,53390121d39b212135aaffcd577053a14c7f0dff,linux1804-64-shippable-qr,True,False,,,102210fe594ee9b33d82058545b1ed14f4c8206e,custom.jsdebugger.stepOut.DAMP,damp,True,damp custom.jsdebugger.stepOut.DAMP opt e10s fission stylo webrender,4767202,77,ms,firefox,,1754791644,2023-09-12 11:48:24,1299122,,,,,,,,,,,,,,,,,,,,,,,,,,,,,,,,,,,,,,,,,,,,,,,,,TN
1185,f302f4a5371614cb2d42fbbe4ddfdd068aae146d,0.08981995739305115,autoland,4768104,12,53390121d39b212135aaffcd577053a14c7f0dff,linux1804-64-shippable-qr,True,False,,,102210fe594ee9b33d82058545b1ed14f4c8206e,custom.jsdebugger.stepOut.DAMP,damp,True,damp custom.jsdebugger.stepOut.DAMP opt e10s fission stylo webrender,4767202,77,ms,firefox,,1754817648,2023-09-12 12:34:27,1299141,,,,,,,,,,,,,,,,,,,,,,,,,,,,,,,,,,,,,,,,,,,,,,,,,TN
1186,1b3be6b61583c53c2cb899ffc91c921c022e8162,0.09770010766593762,autoland,4768104,12,53390121d39b212135aaffcd577053a14c7f0dff,linux1804-64-shippable-qr,True,False,,,102210fe594ee9b33d82058545b1ed14f4c8206e,custom.jsdebugger.stepOut.DAMP,damp,True,damp custom.jsdebugger.stepOut.DAMP opt e10s fission stylo webrender,4767202,77,ms,firefox,,1754961242,2023-09-12 16:35:29,1299257,,,,,,,,,,,,,,,,,,,,,,,,,,,,,,,,,,,,,,,,,,,,,,,,,TN
1187,c77f534dc9b99192eca371e3917ffc5b504bd055,0.10131471552326987,autoland,4768104,12,53390121d39b212135aaffcd577053a14c7f0dff,linux1804-64-shippable-qr,True,False,,,102210fe594ee9b33d82058545b1ed14f4c8206e,custom.jsdebugger.stepOut.DAMP,damp,True,damp custom.jsdebugger.stepOut.DAMP opt e10s fission stylo webrender,4767202,77,ms,firefox,,1754988341,2023-09-12 17:51:01,1299297,,,,,,,,,,,,,,,,,,,,,,,,,,,,,,,,,,,,,,,,,,,,,,,,,TN
1188,0339e9d43c22845d7589528bc8a08eee6b2d5c7a,0.12357650751455584,autoland,4768104,12,53390121d39b212135aaffcd577053a14c7f0dff,linux1804-64-shippable-qr,True,False,,,102210fe594ee9b33d82058545b1ed14f4c8206e,custom.jsdebugger.stepOut.DAMP,damp,True,damp custom.jsdebugger.stepOut.DAMP opt e10s fission stylo webrender,4767202,77,ms,firefox,,1755159565,2023-09-12 22:44:58,1299446,,,,,,,,,,,,,,,,,,,,,,,,,,,,,,,,,,,,,,,,,,,,,,,,,TN
1189,d238756ba039d0430074dea8fa1db0c2b75b8184,0.10479530229904666,autoland,4768104,12,53390121d39b212135aaffcd577053a14c7f0dff,linux1804-64-shippable-qr,True,False,,,102210fe594ee9b33d82058545b1ed14f4c8206e,custom.jsdebugger.stepOut.DAMP,damp,True,damp custom.jsdebugger.stepOut.DAMP opt e10s fission stylo webrender,4767202,77,ms,firefox,,1755169401,2023-09-12 23:09:22,1299456,,,,,,,,,,,,,,,,,,,,,,,,,,,,,,,,,,,,,,,,,,,,,,,,,TN
1190,daceab96e9588ecb729cc3648c7980f1d9928ef1,0.11338026819727887,autoland,4768104,12,53390121d39b212135aaffcd577053a14c7f0dff,linux1804-64-shippable-qr,True,False,,,102210fe594ee9b33d82058545b1ed14f4c8206e,custom.jsdebugger.stepOut.DAMP,damp,True,damp custom.jsdebugger.stepOut.DAMP opt e10s fission stylo webrender,4767202,77,ms,firefox,,1755234210,2023-09-13 03:21:32,1299496,,,,,,,,,,,,,,,,,,,,,,,,,,,,,,,,,,,,,,,,,,,,,,,,,TN
1191,00a66a4ea7d34e12302bd63f68a950cbff5a9ffa,0.09388257395321342,autoland,4768104,12,53390121d39b212135aaffcd577053a14c7f0dff,linux1804-64-shippable-qr,True,False,,,102210fe594ee9b33d82058545b1ed14f4c8206e,custom.jsdebugger.stepOut.DAMP,damp,True,damp custom.jsdebugger.stepOut.DAMP opt e10s fission stylo webrender,4767202,77,ms,firefox,,1755303848,2023-09-13 08:07:28,1299529,,,,,,,,,,,,,,,,,,,,,,,,,,,,,,,,,,,,,,,,,,,,,,,,,TN
1192,1a4b8c41b3c3efb7f5870fb99730fc6b08a44cc1,0.09678207781265735,autoland,4768104,12,53390121d39b212135aaffcd577053a14c7f0dff,linux1804-64-shippable-qr,True,False,,,102210fe594ee9b33d82058545b1ed14f4c8206e,custom.jsdebugger.stepOut.DAMP,damp,True,damp custom.jsdebugger.stepOut.DAMP opt e10s fission stylo webrender,4767202,77,ms,firefox,,1755459856,2023-09-13 11:26:03,1299625,,,,,,,,,,,,,,,,,,,,,,,,,,,,,,,,,,,,,,,,,,,,,,,,,TN
1193,49a7e292daad5c6727d745e6910b8bde5c3f59a6,0.0966285123003825,autoland,4768104,12,53390121d39b212135aaffcd577053a14c7f0dff,linux1804-64-shippable-qr,True,False,,,102210fe594ee9b33d82058545b1ed14f4c8206e,custom.jsdebugger.stepOut.DAMP,damp,True,damp custom.jsdebugger.stepOut.DAMP opt e10s fission stylo webrender,4767202,77,ms,firefox,,1755619019,2023-09-13 15:38:40,1299802,,,,,,,,,,,,,,,,,,,,,,,,,,,,,,,,,,,,,,,,,,,,,,,,,TN
1194,ce9c917d3e22a86f9e2a6fb5d5b68cd6d56fb687,0.10050231263142972,autoland,4768104,12,53390121d39b212135aaffcd577053a14c7f0dff,linux1804-64-shippable-qr,True,False,,,102210fe594ee9b33d82058545b1ed14f4c8206e,custom.jsdebugger.stepOut.DAMP,damp,True,damp custom.jsdebugger.stepOut.DAMP opt e10s fission stylo webrender,4767202,77,ms,firefox,,1755657470,2023-09-13 16:07:42,1299823,,,,,,,,,,,,,,,,,,,,,,,,,,,,,,,,,,,,,,,,,,,,,,,,,TN
1195,ab101a976da356370e4d513e38e73a1fa55b1597,0.09792100911171397,autoland,4768104,12,53390121d39b212135aaffcd577053a14c7f0dff,linux1804-64-shippable-qr,True,False,,,102210fe594ee9b33d82058545b1ed14f4c8206e,custom.jsdebugger.stepOut.DAMP,damp,True,damp custom.jsdebugger.stepOut.DAMP opt e10s fission stylo webrender,4767202,77,ms,firefox,,1755863540,2023-09-13 20:42:18,1300022,,,,,,,,,,,,,,,,,,,,,,,,,,,,,,,,,,,,,,,,,,,,,,,,,TN
1196,8f5a11c1eb0b7598d1415f6efa9c360191a423f8,0.10492150600585348,autoland,4768104,12,53390121d39b212135aaffcd577053a14c7f0dff,linux1804-64-shippable-qr,True,False,,,102210fe594ee9b33d82058545b1ed14f4c8206e,custom.jsdebugger.stepOut.DAMP,damp,True,damp custom.jsdebugger.stepOut.DAMP opt e10s fission stylo webrender,4767202,77,ms,firefox,,1755936501,2023-09-13 23:14:42,1300119,,,,,,,,,,,,,,,,,,,,,,,,,,,,,,,,,,,,,,,,,,,,,,,,,TN
1197,c57de172952ed6dfa84943bd2175574e4c87e92b,0.096457509710423,autoland,4768104,12,53390121d39b212135aaffcd577053a14c7f0dff,linux1804-64-shippable-qr,True,False,,,102210fe594ee9b33d82058545b1ed14f4c8206e,custom.jsdebugger.stepOut.DAMP,damp,True,damp custom.jsdebugger.stepOut.DAMP opt e10s fission stylo webrender,4767202,77,ms,firefox,,1756095020,2023-09-14 04:10:41,1300187,,,,,,,,,,,,,,,,,,,,,,,,,,,,,,,,,,,,,,,,,,,,,,,,,TN
1198,69c7e9b937f817f1bee50511a690a35aa3b49793,0.10259855241613813,autoland,4768104,12,53390121d39b212135aaffcd577053a14c7f0dff,linux1804-64-shippable-qr,True,False,,,102210fe594ee9b33d82058545b1ed14f4c8206e,custom.jsdebugger.stepOut.DAMP,damp,True,damp custom.jsdebugger.stepOut.DAMP opt e10s fission stylo webrender,4767202,77,ms,firefox,,1756323014,2023-09-14 09:30:23,1300302,,,,,,,,,,,,,,,,,,,,,,,,,,,,,,,,,,,,,,,,,,,,,,,,,TN
1199,76116e6c2476f694d9cd5db9c69d9065e3b2cbbd,0.09816857885405295,autoland,4768104,12,53390121d39b212135aaffcd577053a14c7f0dff,linux1804-64-shippable-qr,True,False,,,102210fe594ee9b33d82058545b1ed14f4c8206e,custom.jsdebugger.stepOut.DAMP,damp,True,damp custom.jsdebugger.stepOut.DAMP opt e10s fission stylo webrender,4767202,77,ms,firefox,,1756378022,2023-09-14 11:38:04,1300382,,,,,,,,,,,,,,,,,,,,,,,,,,,,,,,,,,,,,,,,,,,,,,,,,TN
1200,3b93c8502571e31ff0926a4911fae422c3c2118c,0.1059894361075866,autoland,4768104,12,53390121d39b212135aaffcd577053a14c7f0dff,linux1804-64-shippable-qr,True,False,,,102210fe594ee9b33d82058545b1ed14f4c8206e,custom.jsdebugger.stepOut.DAMP,damp,True,damp custom.jsdebugger.stepOut.DAMP opt e10s fission stylo webrender,4767202,77,ms,firefox,,1756551228,2023-09-14 15:44:34,1300523,,,,,,,,,,,,,,,,,,,,,,,,,,,,,,,,,,,,,,,,,,,,,,,,,TN
1201,98de7bc404c3786a5459a205dea174bdf39d3dbf,0.0956408533638391,autoland,4768104,12,53390121d39b212135aaffcd577053a14c7f0dff,linux1804-64-shippable-qr,True,False,,,102210fe594ee9b33d82058545b1ed14f4c8206e,custom.jsdebugger.stepOut.DAMP,damp,True,damp custom.jsdebugger.stepOut.DAMP opt e10s fission stylo webrender,4767202,77,ms,firefox,,1756568834,2023-09-14 16:38:11,1300546,,,,,,,,,,,,,,,,,,,,,,,,,,,,,,,,,,,,,,,,,,,,,,,,,TN
1202,20c8f5af4b64bec176b85b5a83e4b59de374f0ef,0.09576475398541939,autoland,4768104,12,53390121d39b212135aaffcd577053a14c7f0dff,linux1804-64-shippable-qr,True,False,,,102210fe594ee9b33d82058545b1ed14f4c8206e,custom.jsdebugger.stepOut.DAMP,damp,True,damp custom.jsdebugger.stepOut.DAMP opt e10s fission stylo webrender,4767202,77,ms,firefox,,1757706374,2023-09-14 19:32:34,1300670,,,,,,,,,,,,,,,,,,,,,,,,,,,,,,,,,,,,,,,,,,,,,,,,,TN
1203,4cc8634401a72bde431590028172c73d709cfdf1,0.09505768992099961,autoland,4768104,12,53390121d39b212135aaffcd577053a14c7f0dff,linux1804-64-shippable-qr,True,False,,,102210fe594ee9b33d82058545b1ed14f4c8206e,custom.jsdebugger.stepOut.DAMP,damp,True,damp custom.jsdebugger.stepOut.DAMP opt e10s fission stylo webrender,4767202,77,ms,firefox,,1757707217,2023-09-14 20:17:33,1300704,,,,,,,,,,,,,,,,,,,,,,,,,,,,,,,,,,,,,,,,,,,,,,,,,TN
1204,56323f9160448e03e0691d2289a9e0bc99478cad,0.10677365948953565,autoland,4768104,12,53390121d39b212135aaffcd577053a14c7f0dff,linux1804-64-shippable-qr,True,False,,,102210fe594ee9b33d82058545b1ed14f4c8206e,custom.jsdebugger.stepOut.DAMP,damp,True,damp custom.jsdebugger.stepOut.DAMP opt e10s fission stylo webrender,4767202,77,ms,firefox,,1757707458,2023-09-14 20:21:07,1300708,,,,,,,,,,,,,,,,,,,,,,,,,,,,,,,,,,,,,,,,,,,,,,,,,TN
1205,a3a52a852587fdca2dcb4f73081961750148a62e,0.09184099419108915,autoland,4768104,12,53390121d39b212135aaffcd577053a14c7f0dff,linux1804-64-shippable-qr,True,False,,,102210fe594ee9b33d82058545b1ed14f4c8206e,custom.jsdebugger.stepOut.DAMP,damp,True,damp custom.jsdebugger.stepOut.DAMP opt e10s fission stylo webrender,4767202,77,ms,firefox,,1757707005,2023-09-14 20:44:23,1300726,,,,,,,,,,,,,,,,,,,,,,,,,,,,,,,,,,,,,,,,,,,,,,,,,TN
1206,60dcf69d99e2c2e954e1720f5fe30a5758550d2d,0.06540822637254007,autoland,4768104,12,53390121d39b212135aaffcd577053a14c7f0dff,linux1804-64-shippable-qr,True,False,,,102210fe594ee9b33d82058545b1ed14f4c8206e,custom.jsdebugger.stepOut.DAMP,damp,True,damp custom.jsdebugger.stepOut.DAMP opt e10s fission stylo webrender,4767202,77,ms,firefox,,1757705525,2023-09-14 20:46:33,1300728,,,,,,,,,,,,,,,,,,,,,,,,,,,,,,,,,,,,,,,,,,,,,,,,,TN
1207,0b23731638d1f7d0e9b40fd56eed2abd02aecfe0,0.1085766582981007,autoland,4768104,12,53390121d39b212135aaffcd577053a14c7f0dff,linux1804-64-shippable-qr,True,False,,,102210fe594ee9b33d82058545b1ed14f4c8206e,custom.jsdebugger.stepOut.DAMP,damp,True,damp custom.jsdebugger.stepOut.DAMP opt e10s fission stylo webrender,4767202,77,ms,firefox,,1757706891,2023-09-14 20:47:25,1300729,,,,,,,,,,,,,,,,,,,,,,,,,,,,,,,,,,,,,,,,,,,,,,,,,TN
1208,d905e97b6c0e63a1417ccdfc75e4e5086f25f410,0.11423071670631191,autoland,4768104,12,53390121d39b212135aaffcd577053a14c7f0dff,linux1804-64-shippable-qr,True,False,,,102210fe594ee9b33d82058545b1ed14f4c8206e,custom.jsdebugger.stepOut.DAMP,damp,True,damp custom.jsdebugger.stepOut.DAMP opt e10s fission stylo webrender,4767202,77,ms,firefox,,1757707061,2023-09-14 20:49:23,1300730,,,,,,,,,,,,,,,,,,,,,,,,,,,,,,,,,,,,,,,,,,,,,,,,,TN
1209,d8189cb3ba1a766085b49cf66cf259c985bc2b79,0.09115315462906537,autoland,4768104,12,53390121d39b212135aaffcd577053a14c7f0dff,linux1804-64-shippable-qr,True,False,,,102210fe594ee9b33d82058545b1ed14f4c8206e,custom.jsdebugger.stepOut.DAMP,damp,True,damp custom.jsdebugger.stepOut.DAMP opt e10s fission stylo webrender,4767202,77,ms,firefox,,1757706951,2023-09-14 20:50:16,1300731,,,,,,,,,,,,,,,,,,,,,,,,,,,,,,,,,,,,,,,,,,,,,,,,,TN
1210,ecc245e6c1644825a53e0e4085347043a793a40f,0.10023409063279298,autoland,4768104,12,53390121d39b212135aaffcd577053a14c7f0dff,linux1804-64-shippable-qr,True,False,,,102210fe594ee9b33d82058545b1ed14f4c8206e,custom.jsdebugger.stepOut.DAMP,damp,True,damp custom.jsdebugger.stepOut.DAMP opt e10s fission stylo webrender,4767202,77,ms,firefox,,1756676570,2023-09-14 20:51:49,1300732,,,,,,,,,,,,,,,,,,,,,,,,,,,,,,,,,,,,,,,,,,,,,,,,,TN
1211,e3b5591b2f35aff67ffe8a6393d2329e54fe9fcf,0.0972536270671922,autoland,4768104,12,53390121d39b212135aaffcd577053a14c7f0dff,linux1804-64-shippable-qr,True,False,,,102210fe594ee9b33d82058545b1ed14f4c8206e,custom.jsdebugger.stepOut.DAMP,damp,True,damp custom.jsdebugger.stepOut.DAMP opt e10s fission stylo webrender,4767202,77,ms,firefox,,1757695955,2023-09-14 21:17:50,1300747,,,,,,,,,,,,,,,,,,,,,,,,,,,,,,,,,,,,,,,,,,,,,,,,,TN
1212,53e0d810030cb63464024284ff29b03ae797dc14,0.09099441661390006,autoland,4768104,12,53390121d39b212135aaffcd577053a14c7f0dff,linux1804-64-shippable-qr,True,False,,,102210fe594ee9b33d82058545b1ed14f4c8206e,custom.jsdebugger.stepOut.DAMP,damp,True,damp custom.jsdebugger.stepOut.DAMP opt e10s fission stylo webrender,4767202,77,ms,firefox,,1757696474,2023-09-14 21:37:03,1300761,,,,,,,,,,,,,,,,,,,,,,,,,,,,,,,,,,,,,,,,,,,,,,,,,TN
1213,f9888bee1a88a5ed7ccf2c6e01e093f007a3745b,0.10115308623196717,autoland,4768104,12,53390121d39b212135aaffcd577053a14c7f0dff,linux1804-64-shippable-qr,True,False,,,102210fe594ee9b33d82058545b1ed14f4c8206e,custom.jsdebugger.stepOut.DAMP,damp,True,damp custom.jsdebugger.stepOut.DAMP opt e10s fission stylo webrender,4767202,77,ms,firefox,,1757696011,2023-09-14 21:46:59,1300768,,,,,,,,,,,,,,,,,,,,,,,,,,,,,,,,,,,,,,,,,,,,,,,,,TN
1214,a07aefabd641d6c67b1e0772519e6c7f0fa9b607,0.0959648372493942,autoland,4768104,12,53390121d39b212135aaffcd577053a14c7f0dff,linux1804-64-shippable-qr,True,False,,,102210fe594ee9b33d82058545b1ed14f4c8206e,custom.jsdebugger.stepOut.DAMP,damp,True,damp custom.jsdebugger.stepOut.DAMP opt e10s fission stylo webrender,4767202,77,ms,firefox,,1757696138,2023-09-14 21:47:54,1300770,,,,,,,,,,,,,,,,,,,,,,,,,,,,,,,,,,,,,,,,,,,,,,,,,TN
1215,bf46943cf6e944c8f192ffab271d3f1cbad46357,0.1031180908932341,autoland,4768104,12,53390121d39b212135aaffcd577053a14c7f0dff,linux1804-64-shippable-qr,True,False,,,102210fe594ee9b33d82058545b1ed14f4c8206e,custom.jsdebugger.stepOut.DAMP,damp,True,damp custom.jsdebugger.stepOut.DAMP opt e10s fission stylo webrender,4767202,77,ms,firefox,,1757706296,2023-09-14 22:20:22,1300788,,,,,,,,,,,,,,,,,,,,,,,,,,,,,,,,,,,,,,,,,,,,,,,,,TN
1216,c31190f51aa3ff98918e3ac3d38d0301aeb9f027,0.09442198473758423,autoland,4768104,12,53390121d39b212135aaffcd577053a14c7f0dff,linux1804-64-shippable-qr,True,False,,,102210fe594ee9b33d82058545b1ed14f4c8206e,custom.jsdebugger.stepOut.DAMP,damp,True,damp custom.jsdebugger.stepOut.DAMP opt e10s fission stylo webrender,4767202,77,ms,firefox,,1757706164,2023-09-14 22:28:29,1300795,,,,,,,,,,,,,,,,,,,,,,,,,,,,,,,,,,,,,,,,,,,,,,,,,TN
1217,80b1c6393b00d426ebf22109147720a1bbbf13b1,0.09683569459118724,autoland,4768104,12,53390121d39b212135aaffcd577053a14c7f0dff,linux1804-64-shippable-qr,True,False,,,102210fe594ee9b33d82058545b1ed14f4c8206e,custom.jsdebugger.stepOut.DAMP,damp,True,damp custom.jsdebugger.stepOut.DAMP opt e10s fission stylo webrender,4767202,77,ms,firefox,,1757706111,2023-09-14 22:31:04,1300797,,,,,,,,,,,,,,,,,,,,,,,,,,,,,,,,,,,,,,,,,,,,,,,,,TN
1218,7f273b0ae5f0094fbf218732c2be859505a54bd8,0.10718210639386228,autoland,4768104,12,53390121d39b212135aaffcd577053a14c7f0dff,linux1804-64-shippable-qr,True,False,,,102210fe594ee9b33d82058545b1ed14f4c8206e,custom.jsdebugger.stepOut.DAMP,damp,True,damp custom.jsdebugger.stepOut.DAMP opt e10s fission stylo webrender,4767202,77,ms,firefox,,1757707291,2023-09-14 23:42:28,1300829,,,,,,,,,,,,,,,,,,,,,,,,,,,,,,,,,,,,,,,,,,,,,,,,,TN
1219,7bf127e6049ad217b3567e11ce2c53369aa3e9fb,0.0971985159656672,autoland,4768104,12,53390121d39b212135aaffcd577053a14c7f0dff,linux1804-64-shippable-qr,True,False,,,102210fe594ee9b33d82058545b1ed14f4c8206e,custom.jsdebugger.stepOut.DAMP,damp,True,damp custom.jsdebugger.stepOut.DAMP opt e10s fission stylo webrender,4767202,77,ms,firefox,,1757706648,2023-09-15 00:25:19,1300840,,,,,,,,,,,,,,,,,,,,,,,,,,,,,,,,,,,,,,,,,,,,,,,,,TN
1220,cfbd0bd9bc623276a862481e44bd71e1d57e2eac,0.08640981442439988,autoland,4768104,12,53390121d39b212135aaffcd577053a14c7f0dff,linux1804-64-shippable-qr,True,False,,,102210fe594ee9b33d82058545b1ed14f4c8206e,custom.jsdebugger.stepOut.DAMP,damp,True,damp custom.jsdebugger.stepOut.DAMP opt e10s fission stylo webrender,4767202,77,ms,firefox,,1756809008,2023-09-15 00:53:43,1300850,,,,,,,,,,,,,,,,,,,,,,,,,,,,,,,,,,,,,,,,,,,,,,,,,TN
1221,3faa620c22a3654394c81a8df52122ab3b058464,0.09587190805734913,autoland,4768104,12,53390121d39b212135aaffcd577053a14c7f0dff,linux1804-64-shippable-qr,True,False,,,102210fe594ee9b33d82058545b1ed14f4c8206e,custom.jsdebugger.stepOut.DAMP,damp,True,damp custom.jsdebugger.stepOut.DAMP opt e10s fission stylo webrender,4767202,77,ms,firefox,,1757721898,2023-09-15 01:36:37,1300863,,,,,,,,,,,,,,,,,,,,,,,,,,,,,,,,,,,,,,,,,,,,,,,,,TN
1222,14877179e1a724e52ee7ec0488d45d1bff1d2e76,0.08245465398007146,autoland,4768104,12,53390121d39b212135aaffcd577053a14c7f0dff,linux1804-64-shippable-qr,True,False,,,102210fe594ee9b33d82058545b1ed14f4c8206e,custom.jsdebugger.stepOut.DAMP,damp,True,damp custom.jsdebugger.stepOut.DAMP opt e10s fission stylo webrender,4767202,77,ms,firefox,,1757723896,2023-09-15 02:28:07,1300872,,,,,,,,,,,,,,,,,,,,,,,,,,,,,,,,,,,,,,,,,,,,,,,,,TN
1223,faea1f4cb9a946483223ee9f411dfaedeb3686c7,0.09183322649449699,autoland,4768104,12,53390121d39b212135aaffcd577053a14c7f0dff,linux1804-64-shippable-qr,True,False,,,102210fe594ee9b33d82058545b1ed14f4c8206e,custom.jsdebugger.stepOut.DAMP,damp,True,damp custom.jsdebugger.stepOut.DAMP opt e10s fission stylo webrender,4767202,77,ms,firefox,,1757724836,2023-09-15 03:23:32,1300883,,,,,,,,,,,,,,,,,,,,,,,,,,,,,,,,,,,,,,,,,,,,,,,,,TN
1224,8b79570b07be223fbe13970d806ac7560a060523,0.1172158897733262,autoland,4768104,12,53390121d39b212135aaffcd577053a14c7f0dff,linux1804-64-shippable-qr,True,False,,,102210fe594ee9b33d82058545b1ed14f4c8206e,custom.jsdebugger.stepOut.DAMP,damp,True,damp custom.jsdebugger.stepOut.DAMP opt e10s fission stylo webrender,4767202,77,ms,firefox,,1757723086,2023-09-15 04:19:45,1300889,,,,,,,,,,,,,,,,,,,,,,,,,,,,,,,,,,,,,,,,,,,,,,,,,TN
1225,064771e8ad7a3103773e4672793df92df9c1199c,0.10416404034137283,autoland,4768104,12,53390121d39b212135aaffcd577053a14c7f0dff,linux1804-64-shippable-qr,True,False,,,102210fe594ee9b33d82058545b1ed14f4c8206e,custom.jsdebugger.stepOut.DAMP,damp,True,damp custom.jsdebugger.stepOut.DAMP opt e10s fission stylo webrender,4767202,77,ms,firefox,,1757721457,2023-09-15 04:38:38,1300901,,,,,,,,,,,,,,,,,,,,,,,,,,,,,,,,,,,,,,,,,,,,,,,,,TN
1226,8f99acff4cbc8f25f158dc6ff079042f02768f05,0.10221161024737202,autoland,4768104,12,53390121d39b212135aaffcd577053a14c7f0dff,linux1804-64-shippable-qr,True,False,,,102210fe594ee9b33d82058545b1ed14f4c8206e,custom.jsdebugger.stepOut.DAMP,damp,True,damp custom.jsdebugger.stepOut.DAMP opt e10s fission stylo webrender,4767202,77,ms,firefox,,1756936453,2023-09-15 06:04:49,1300927,,,,,,,,,,,,,,,,,,,,,,,,,,,,,,,,,,,,,,,,,,,,,,,,,TN
1227,6f38538b7fef8e69ab8bd61c9a9c6afb7890c324,0.08629834529660774,autoland,4768104,12,53390121d39b212135aaffcd577053a14c7f0dff,linux1804-64-shippable-qr,True,False,,,102210fe594ee9b33d82058545b1ed14f4c8206e,custom.jsdebugger.stepOut.DAMP,damp,True,damp custom.jsdebugger.stepOut.DAMP opt e10s fission stylo webrender,4767202,77,ms,firefox,,1757721288,2023-09-15 06:34:14,1300933,,,,,,,,,,,,,,,,,,,,,,,,,,,,,,,,,,,,,,,,,,,,,,,,,TN
1228,eac001e83d9c145165a511efdd385fde1626a580,0.09054658178509456,autoland,4768104,12,53390121d39b212135aaffcd577053a14c7f0dff,linux1804-64-shippable-qr,True,False,,,102210fe594ee9b33d82058545b1ed14f4c8206e,custom.jsdebugger.stepOut.DAMP,damp,True,damp custom.jsdebugger.stepOut.DAMP opt e10s fission stylo webrender,4767202,77,ms,firefox,,1757723537,2023-09-15 06:49:06,1300937,,,,,,,,,,,,,,,,,,,,,,,,,,,,,,,,,,,,,,,,,,,,,,,,,TN
1229,0a032c6f1d5da0740059f67c499e0e9f7ab88650,0.0932090586276979,autoland,4768104,12,53390121d39b212135aaffcd577053a14c7f0dff,linux1804-64-shippable-qr,True,False,,,102210fe594ee9b33d82058545b1ed14f4c8206e,custom.jsdebugger.stepOut.DAMP,damp,True,damp custom.jsdebugger.stepOut.DAMP opt e10s fission stylo webrender,4767202,77,ms,firefox,,1756949476,2023-09-15 06:59:31,1300939,,,,,,,,,,,,,,,,,,,,,,,,,,,,,,,,,,,,,,,,,,,,,,,,,TN
1230,de3502ab8cb556e8df51a5b04647782592f36147,0.08620035289386974,autoland,4768104,12,53390121d39b212135aaffcd577053a14c7f0dff,linux1804-64-shippable-qr,True,False,,,102210fe594ee9b33d82058545b1ed14f4c8206e,custom.jsdebugger.stepOut.DAMP,damp,True,damp custom.jsdebugger.stepOut.DAMP opt e10s fission stylo webrender,4767202,77,ms,firefox,,1757771189,2023-09-15 07:45:10,1300951,,,,,,,,,,,,,,,,,,,,,,,,,,,,,,,,,,,,,,,,,,,,,,,,,TN
1231,b1401473d0696bd0994e4211b67946fc8e59816b,0.08762260242863129,autoland,4768104,12,53390121d39b212135aaffcd577053a14c7f0dff,linux1804-64-shippable-qr,True,False,,,102210fe594ee9b33d82058545b1ed14f4c8206e,custom.jsdebugger.stepOut.DAMP,damp,True,damp custom.jsdebugger.stepOut.DAMP opt e10s fission stylo webrender,4767202,77,ms,firefox,,1757770850,2023-09-15 07:54:20,1300953,,,,,,,,,,,,,,,,,,,,,,,,,,,,,,,,,,,,,,,,,,,,,,,,,TN
1232,efbef24015df2d09f399aa394b0ed7c0de2106a3,0.09910942892400176,autoland,4768104,12,53390121d39b212135aaffcd577053a14c7f0dff,linux1804-64-shippable-qr,True,False,,,102210fe594ee9b33d82058545b1ed14f4c8206e,custom.jsdebugger.stepOut.DAMP,damp,True,damp custom.jsdebugger.stepOut.DAMP opt e10s fission stylo webrender,4767202,77,ms,firefox,,1757770903,2023-09-15 07:56:05,1300954,,,,,,,,,,,,,,,,,,,,,,,,,,,,,,,,,,,,,,,,,,,,,,,,,TN
1233,342715c534a96b3ffc163a8777799a0913f10846,0.09105396100530427,autoland,4768104,12,53390121d39b212135aaffcd577053a14c7f0dff,linux1804-64-shippable-qr,True,False,,,102210fe594ee9b33d82058545b1ed14f4c8206e,custom.jsdebugger.stepOut.DAMP,damp,True,damp custom.jsdebugger.stepOut.DAMP opt e10s fission stylo webrender,4767202,77,ms,firefox,,1757770797,2023-09-15 08:30:23,1300965,,,,,,,,,,,,,,,,,,,,,,,,,,,,,,,,,,,,,,,,,,,,,,,,,TN
1234,68b06857f48d8ebfcb58df8817595e0b1c505ea2,0.09921147010699527,autoland,4768104,12,53390121d39b212135aaffcd577053a14c7f0dff,linux1804-64-shippable-qr,True,False,,,102210fe594ee9b33d82058545b1ed14f4c8206e,custom.jsdebugger.stepOut.DAMP,damp,True,damp custom.jsdebugger.stepOut.DAMP opt e10s fission stylo webrender,4767202,77,ms,firefox,,1757770956,2023-09-15 08:51:49,1300971,,,,,,,,,,,,,,,,,,,,,,,,,,,,,,,,,,,,,,,,,,,,,,,,,TN
1235,6b4b7a682e7a55984313dfb1dba8515d09a00bcf,0.09460200791045081,autoland,4768104,12,53390121d39b212135aaffcd577053a14c7f0dff,linux1804-64-shippable-qr,True,False,,,102210fe594ee9b33d82058545b1ed14f4c8206e,custom.jsdebugger.stepOut.DAMP,damp,True,damp custom.jsdebugger.stepOut.DAMP opt e10s fission stylo webrender,4767202,77,ms,firefox,,1757771009,2023-09-15 09:32:57,1300990,,,,,,,,,,,,,,,,,,,,,,,,,,,,,,,,,,,,,,,,,,,,,,,,,TN
1236,e01b2daadf434a3b95b9a73a57ed64d03e4573ce,0.09282067678229522,autoland,4768104,12,53390121d39b212135aaffcd577053a14c7f0dff,linux1804-64-shippable-qr,True,False,,,102210fe594ee9b33d82058545b1ed14f4c8206e,custom.jsdebugger.stepOut.DAMP,damp,True,damp custom.jsdebugger.stepOut.DAMP opt e10s fission stylo webrender,4767202,77,ms,firefox,,1757771115,2023-09-15 09:46:26,1300996,,,,,,,,,,,,,,,,,,,,,,,,,,,,,,,,,,,,,,,,,,,,,,,,,TN
1237,7ef01057696f2030d84c979d94902e4380d17241,0.08924548764994489,autoland,4768104,12,53390121d39b212135aaffcd577053a14c7f0dff,linux1804-64-shippable-qr,True,False,,,102210fe594ee9b33d82058545b1ed14f4c8206e,custom.jsdebugger.stepOut.DAMP,damp,True,damp custom.jsdebugger.stepOut.DAMP opt e10s fission stylo webrender,4767202,77,ms,firefox,,1757771062,2023-09-15 10:11:32,1301007,,,,,,,,,,,,,,,,,,,,,,,,,,,,,,,,,,,,,,,,,,,,,,,,,TN
1238,49b100f09ed0a2b64cc4608cdf87a4b60651824a,0.09823322619886699,autoland,4768104,12,53390121d39b212135aaffcd577053a14c7f0dff,linux1804-64-shippable-qr,True,False,,,102210fe594ee9b33d82058545b1ed14f4c8206e,custom.jsdebugger.stepOut.DAMP,damp,True,damp custom.jsdebugger.stepOut.DAMP opt e10s fission stylo webrender,4767202,77,ms,firefox,,1757771242,2023-09-15 10:20:41,1301013,,,,,,,,,,,,,,,,,,,,,,,,,,,,,,,,,,,,,,,,,,,,,,,,,TN
1239,29c4aff31f1dc95ad970b23a77b763265f1632c0,0.10106818107646087,autoland,4768104,12,53390121d39b212135aaffcd577053a14c7f0dff,linux1804-64-shippable-qr,True,False,,,102210fe594ee9b33d82058545b1ed14f4c8206e,custom.jsdebugger.stepOut.DAMP,damp,True,damp custom.jsdebugger.stepOut.DAMP opt e10s fission stylo webrender,4767202,77,ms,firefox,,1757109369,2023-09-15 11:50:44,1301039,,,,,,,,,,,,,,,,,,,,,,,,,,,,,,,,,,,,,,,,,,,,,,,,,TN
1240,953f367a5ef64eeb7654e6c62f3ac7fb2b4424a3,0.08969819393126599,autoland,4768104,12,53390121d39b212135aaffcd577053a14c7f0dff,linux1804-64-shippable-qr,True,False,,,102210fe594ee9b33d82058545b1ed14f4c8206e,custom.jsdebugger.stepOut.DAMP,damp,True,damp custom.jsdebugger.stepOut.DAMP opt e10s fission stylo webrender,4767202,77,ms,firefox,,1757119010,2023-09-15 12:28:36,1301070,,,,,,,,,,,,,,,,,,,,,,,,,,,,,,,,,,,,,,,,,,,,,,,,,TN
1241,079079610ac2a41dba72a91cbe2867519e2bc5bd,0.09500408605868715,autoland,4768104,12,53390121d39b212135aaffcd577053a14c7f0dff,linux1804-64-shippable-qr,True,False,,,102210fe594ee9b33d82058545b1ed14f4c8206e,custom.jsdebugger.stepOut.DAMP,damp,True,damp custom.jsdebugger.stepOut.DAMP opt e10s fission stylo webrender,4767202,77,ms,firefox,,1757213665,2023-09-15 14:51:55,1301175,,,,,,,,,,,,,,,,,,,,,,,,,,,,,,,,,,,,,,,,,,,,,,,,,TN
1242,fec6b3b46bc6439ac98e03aa73938deaf6323f5c,0.08948054045174936,autoland,4768104,12,53390121d39b212135aaffcd577053a14c7f0dff,linux1804-64-shippable-qr,True,False,,,102210fe594ee9b33d82058545b1ed14f4c8206e,custom.jsdebugger.stepOut.DAMP,damp,True,damp custom.jsdebugger.stepOut.DAMP opt e10s fission stylo webrender,4767202,77,ms,firefox,,1757280524,2023-09-15 17:51:06,1301318,,,,,,,,,,,,,,,,,,,,,,,,,,,,,,,,,,,,,,,,,,,,,,,,,TN
1243,99357ab2bb639918d2ea0e8f391494df18c24cb9,0.1037978915153086,autoland,4768104,12,53390121d39b212135aaffcd577053a14c7f0dff,linux1804-64-shippable-qr,True,False,,,102210fe594ee9b33d82058545b1ed14f4c8206e,custom.jsdebugger.stepOut.DAMP,damp,True,damp custom.jsdebugger.stepOut.DAMP opt e10s fission stylo webrender,4767202,77,ms,firefox,,1757355691,2023-09-15 20:04:54,1301421,,,,,,,,,,,,,,,,,,,,,,,,,,,,,,,,,,,,,,,,,,,,,,,,,TN
1244,aa4e3903740dfa0ed175c6ff18e57b8fbe82afd7,0.08859227583912599,autoland,4768104,12,53390121d39b212135aaffcd577053a14c7f0dff,linux1804-64-shippable-qr,True,False,,,102210fe594ee9b33d82058545b1ed14f4c8206e,custom.jsdebugger.stepOut.DAMP,damp,True,damp custom.jsdebugger.stepOut.DAMP opt e10s fission stylo webrender,4767202,77,ms,firefox,,1757483008,2023-09-16 00:25:52,1301531,,,,,,,,,,,,,,,,,,,,,,,,,,,,,,,,,,,,,,,,,,,,,,,,,TN
1245,69d0f600b52641dd114b02da128a162f86f09395,0.09307650603614293,autoland,4768104,12,53390121d39b212135aaffcd577053a14c7f0dff,linux1804-64-shippable-qr,True,False,,,102210fe594ee9b33d82058545b1ed14f4c8206e,custom.jsdebugger.stepOut.DAMP,damp,True,damp custom.jsdebugger.stepOut.DAMP opt e10s fission stylo webrender,4767202,77,ms,firefox,,1757466016,2023-09-16 00:35:43,1301538,,,,,,,,,,,,,,,,,,,,,,,,,,,,,,,,,,,,,,,,,,,,,,,,,TN
1246,7fcd45f7f407a0c756c8b8292b1df8d8162cdce6,0.0837278438230491,autoland,4768104,12,53390121d39b212135aaffcd577053a14c7f0dff,linux1804-64-shippable-qr,True,False,,,102210fe594ee9b33d82058545b1ed14f4c8206e,custom.jsdebugger.stepOut.DAMP,damp,True,damp custom.jsdebugger.stepOut.DAMP opt e10s fission stylo webrender,4767202,77,ms,firefox,,1757564328,2023-09-16 05:54:34,1301559,,,,,,,,,,,,,,,,,,,,,,,,,,,,,,,,,,,,,,,,,,,,,,,,,TN
1247,745d8130d1ac2d3e0ae51f2f22896853f0d34479,0.0845798760757519,autoland,4768104,12,53390121d39b212135aaffcd577053a14c7f0dff,linux1804-64-shippable-qr,True,False,,,102210fe594ee9b33d82058545b1ed14f4c8206e,custom.jsdebugger.stepOut.DAMP,damp,True,damp custom.jsdebugger.stepOut.DAMP opt e10s fission stylo webrender,4767202,77,ms,firefox,,1757646315,2023-09-16 12:53:39,1301583,,,,,,,,,,,,,,,,,,,,,,,,,,,,,,,,,,,,,,,,,,,,,,,,,TN
1248,a7bddb715bd51687e4f52876beeb747f6a19cb0d,0.1000161519998859,autoland,4768104,12,53390121d39b212135aaffcd577053a14c7f0dff,linux1804-64-shippable-qr,True,False,,,102210fe594ee9b33d82058545b1ed14f4c8206e,custom.jsdebugger.stepOut.DAMP,damp,True,damp custom.jsdebugger.stepOut.DAMP opt e10s fission stylo webrender,4767202,77,ms,firefox,,1757683635,2023-09-16 18:13:35,1301606,,,,,,,,,,,,,,,,,,,,,,,,,,,,,,,,,,,,,,,,,,,,,,,,,TN
1249,d1558269e35b364c189cb76982dfc3fdd465224b,0.0861464748075016,autoland,4768104,12,53390121d39b212135aaffcd577053a14c7f0dff,linux1804-64-shippable-qr,True,False,,,102210fe594ee9b33d82058545b1ed14f4c8206e,custom.jsdebugger.stepOut.DAMP,damp,True,damp custom.jsdebugger.stepOut.DAMP opt e10s fission stylo webrender,4767202,77,ms,firefox,,1757801387,2023-09-17 06:44:56,1301647,,,,,,,,,,,,,,,,,,,,,,,,,,,,,,,,,,,,,,,,,,,,,,,,,TN
1250,16afd66ac7be7ee4ffc61599d0241c28d47c74c7,0.09692591532318473,autoland,4768104,12,53390121d39b212135aaffcd577053a14c7f0dff,linux1804-64-shippable-qr,True,False,,,102210fe594ee9b33d82058545b1ed14f4c8206e,custom.jsdebugger.stepOut.DAMP,damp,True,damp custom.jsdebugger.stepOut.DAMP opt e10s fission stylo webrender,4767202,77,ms,firefox,,1757868989,2023-09-17 09:36:28,1301654,,,,,,,,,,,,,,,,,,,,,,,,,,,,,,,,,,,,,,,,,,,,,,,,,TN
1251,17a576f280a8e27d78d7247f1f451ca46a64d0f4,0.08590251071501998,autoland,4768104,12,53390121d39b212135aaffcd577053a14c7f0dff,linux1804-64-shippable-qr,True,False,,,102210fe594ee9b33d82058545b1ed14f4c8206e,custom.jsdebugger.stepOut.DAMP,damp,True,damp custom.jsdebugger.stepOut.DAMP opt e10s fission stylo webrender,4767202,77,ms,firefox,,1757915354,2023-09-17 14:36:55,1301663,,,,,,,,,,,,,,,,,,,,,,,,,,,,,,,,,,,,,,,,,,,,,,,,,TN
1252,76aa4dfe7e88c5e43988e15fd032c3b9678cfebd,0.08899412546735119,autoland,4768104,12,53390121d39b212135aaffcd577053a14c7f0dff,linux1804-64-shippable-qr,True,False,,,102210fe594ee9b33d82058545b1ed14f4c8206e,custom.jsdebugger.stepOut.DAMP,damp,True,damp custom.jsdebugger.stepOut.DAMP opt e10s fission stylo webrender,4767202,77,ms,firefox,,1757955686,2023-09-17 18:44:53,1301677,,,,,,,,,,,,,,,,,,,,,,,,,,,,,,,,,,,,,,,,,,,,,,,,,TN
1253,4333e71e3754938bc5beee5baabbfd6657869bc6,0.09334889405564128,autoland,4768104,12,53390121d39b212135aaffcd577053a14c7f0dff,linux1804-64-shippable-qr,True,False,,,102210fe594ee9b33d82058545b1ed14f4c8206e,custom.jsdebugger.stepOut.DAMP,damp,True,damp custom.jsdebugger.stepOut.DAMP opt e10s fission stylo webrender,4767202,77,ms,firefox,,1758007297,2023-09-17 22:46:46,1301700,,,,,,,,,,,,,,,,,,,,,,,,,,,,,,,,,,,,,,,,,,,,,,,,,TN
1254,d395f485b3a2b96c9d6f47f5167308b763c1891b,0.08553478410667825,autoland,4768104,12,53390121d39b212135aaffcd577053a14c7f0dff,linux1804-64-shippable-qr,True,False,,,102210fe594ee9b33d82058545b1ed14f4c8206e,custom.jsdebugger.stepOut.DAMP,damp,True,damp custom.jsdebugger.stepOut.DAMP opt e10s fission stylo webrender,4767202,77,ms,firefox,,1758072732,2023-09-18 03:57:39,1301730,,,,,,,,,,,,,,,,,,,,,,,,,,,,,,,,,,,,,,,,,,,,,,,,,TN
1255,11fb2a6e434951fbef0791563a159cbbdd42f4c8,0.09681227227374856,autoland,4768104,12,53390121d39b212135aaffcd577053a14c7f0dff,linux1804-64-shippable-qr,True,False,,,102210fe594ee9b33d82058545b1ed14f4c8206e,custom.jsdebugger.stepOut.DAMP,damp,True,damp custom.jsdebugger.stepOut.DAMP opt e10s fission stylo webrender,4767202,77,ms,firefox,,1758178656,2023-09-18 09:50:33,1301818,,,,,,,,,,,,,,,,,,,,,,,,,,,,,,,,,,,,,,,,,,,,,,,,,TN
1256,7a51e2aa7d09aac78f5c93c25c65e83cb1272b7d,0.08851808827663632,autoland,4768104,12,53390121d39b212135aaffcd577053a14c7f0dff,linux1804-64-shippable-qr,True,False,,,102210fe594ee9b33d82058545b1ed14f4c8206e,custom.jsdebugger.stepOut.DAMP,damp,True,damp custom.jsdebugger.stepOut.DAMP opt e10s fission stylo webrender,4767202,77,ms,firefox,,1758346621,2023-09-18 14:45:06,1301994,,,,,,,,,,,,,,,,,,,,,,,,,,,,,,,,,,,,,,,,,,,,,,,,,TN
1257,44aa0c56427a5e659c7bec91e3b608472cb6f763,0.09490852292402097,autoland,4768104,12,53390121d39b212135aaffcd577053a14c7f0dff,linux1804-64-shippable-qr,True,False,,,102210fe594ee9b33d82058545b1ed14f4c8206e,custom.jsdebugger.stepOut.DAMP,damp,True,damp custom.jsdebugger.stepOut.DAMP opt e10s fission stylo webrender,4767202,77,ms,firefox,,1758590982,2023-09-18 21:05:31,1302247,,,,,,,,,,,,,,,,,,,,,,,,,,,,,,,,,,,,,,,,,,,,,,,,,TN
1258,3a523925f8ff99d5984169d7fbae7e4d1fc1cd18,0.08817333091971435,autoland,4768104,12,53390121d39b212135aaffcd577053a14c7f0dff,linux1804-64-shippable-qr,True,False,,,102210fe594ee9b33d82058545b1ed14f4c8206e,custom.jsdebugger.stepOut.DAMP,damp,True,damp custom.jsdebugger.stepOut.DAMP opt e10s fission stylo webrender,4767202,77,ms,firefox,,1758620875,2023-09-18 22:22:31,1302316,,,,,,,,,,,,,,,,,,,,,,,,,,,,,,,,,,,,,,,,,,,,,,,,,TN
1259,b0769fdf63e5e9d7ac3ef647f895b15971a8dc99,0.09207754827066705,autoland,4768104,12,53390121d39b212135aaffcd577053a14c7f0dff,linux1804-64-shippable-qr,True,False,,,102210fe594ee9b33d82058545b1ed14f4c8206e,custom.jsdebugger.stepOut.DAMP,damp,True,damp custom.jsdebugger.stepOut.DAMP opt e10s fission stylo webrender,4767202,77,ms,firefox,,1758659598,2023-09-19 00:36:20,1302387,,,,,,,,,,,,,,,,,,,,,,,,,,,,,,,,,,,,,,,,,,,,,,,,,TN
1260,1a598817e7404f58d3f58842e0dae2e9e35fe3b4,0.0904683335196439,autoland,4768104,12,53390121d39b212135aaffcd577053a14c7f0dff,linux1804-64-shippable-qr,True,False,,,102210fe594ee9b33d82058545b1ed14f4c8206e,custom.jsdebugger.stepOut.DAMP,damp,True,damp custom.jsdebugger.stepOut.DAMP opt e10s fission stylo webrender,4767202,77,ms,firefox,,1760157693,2023-09-19 00:47:17,1302400,,,,,,,,,,,,,,,,,,,,,,,,,,,,,,,,,,,,,,,,,,,,,,,,,TN
1261,b9b124bb96581d1c7c65323dbb77dff07306b4ef,0.08409247249357521,autoland,4768104,12,53390121d39b212135aaffcd577053a14c7f0dff,linux1804-64-shippable-qr,True,False,,,102210fe594ee9b33d82058545b1ed14f4c8206e,custom.jsdebugger.stepOut.DAMP,damp,True,damp custom.jsdebugger.stepOut.DAMP opt e10s fission stylo webrender,4767202,77,ms,firefox,,1760156047,2023-09-19 00:48:17,1302401,,,,,,,,,,,,,,,,,,,,,,,,,,,,,,,,,,,,,,,,,,,,,,,,,TN
1262,8afba65ff47f5326dfc350d20c65e05a4314b907,0.0895672767487743,autoland,4768104,12,53390121d39b212135aaffcd577053a14c7f0dff,linux1804-64-shippable-qr,True,False,,,102210fe594ee9b33d82058545b1ed14f4c8206e,custom.jsdebugger.stepOut.DAMP,damp,True,damp custom.jsdebugger.stepOut.DAMP opt e10s fission stylo webrender,4767202,77,ms,firefox,,1760156224,2023-09-19 00:49:25,1302402,,,,,,,,,,,,,,,,,,,,,,,,,,,,,,,,,,,,,,,,,,,,,,,,,TN
1263,3a6ac6e5c1c8b0fbffb5bd2b096334ff7d11e8c8,0.08588246453379256,autoland,4768104,12,53390121d39b212135aaffcd577053a14c7f0dff,linux1804-64-shippable-qr,True,False,,,102210fe594ee9b33d82058545b1ed14f4c8206e,custom.jsdebugger.stepOut.DAMP,damp,True,damp custom.jsdebugger.stepOut.DAMP opt e10s fission stylo webrender,4767202,77,ms,firefox,,1760157096,2023-09-19 01:33:43,1302423,,,,,,,,,,,,,,,,,,,,,,,,,,,,,,,,,,,,,,,,,,,,,,,,,TN
1264,0f35d640b627e041ac2b7f8d228c8ce24bb08e09,0.09582509024880492,autoland,4768104,12,53390121d39b212135aaffcd577053a14c7f0dff,linux1804-64-shippable-qr,True,False,,,102210fe594ee9b33d82058545b1ed14f4c8206e,custom.jsdebugger.stepOut.DAMP,damp,True,damp custom.jsdebugger.stepOut.DAMP opt e10s fission stylo webrender,4767202,77,ms,firefox,,1760156491,2023-09-19 02:15:14,1302434,,,,,,,,,,,,,,,,,,,,,,,,,,,,,,,,,,,,,,,,,,,,,,,,,TN
1265,57113b6fdb8eca9f43523672ee427ee017eb4a23,0.08716365258056014,autoland,4768104,12,53390121d39b212135aaffcd577053a14c7f0dff,linux1804-64-shippable-qr,True,False,,,102210fe594ee9b33d82058545b1ed14f4c8206e,custom.jsdebugger.stepOut.DAMP,damp,True,damp custom.jsdebugger.stepOut.DAMP opt e10s fission stylo webrender,4767202,77,ms,firefox,,1760157747,2023-09-19 02:41:07,1302440,,,,,,,,,,,,,,,,,,,,,,,,,,,,,,,,,,,,,,,,,,,,,,,,,TN
1266,ddccd40117a0460962900d5675392843419af21e,0.08640868474023167,autoland,4768104,12,53390121d39b212135aaffcd577053a14c7f0dff,linux1804-64-shippable-qr,True,False,,,102210fe594ee9b33d82058545b1ed14f4c8206e,custom.jsdebugger.stepOut.DAMP,damp,True,damp custom.jsdebugger.stepOut.DAMP opt e10s fission stylo webrender,4767202,77,ms,firefox,,1760156875,2023-09-19 02:42:56,1302441,,,,,,,,,,,,,,,,,,,,,,,,,,,,,,,,,,,,,,,,,,,,,,,,,TN
1267,fa1fb7fefbb023b14a7fefd88fde7765e4bdb488,0.05846506517338601,autoland,4768104,12,53390121d39b212135aaffcd577053a14c7f0dff,linux1804-64-shippable-qr,True,False,,,102210fe594ee9b33d82058545b1ed14f4c8206e,custom.jsdebugger.stepOut.DAMP,damp,True,damp custom.jsdebugger.stepOut.DAMP opt e10s fission stylo webrender,4767202,77,ms,firefox,,1760154752,2023-09-19 02:59:54,1302445,,,,,,,,,,,,,,,,,,,,,,,,,,,,,,,,,,,,,,,,,,,,,,,,,TN
1268,cc547cd2d8669f3a4779dc73c0631f3db9a2bf15,0.09572411913603274,autoland,4768104,12,53390121d39b212135aaffcd577053a14c7f0dff,linux1804-64-shippable-qr,True,False,,,102210fe594ee9b33d82058545b1ed14f4c8206e,custom.jsdebugger.stepOut.DAMP,damp,True,damp custom.jsdebugger.stepOut.DAMP opt e10s fission stylo webrender,4767202,77,ms,firefox,,1760157639,2023-09-19 04:34:58,1302460,,,,,,,,,,,,,,,,,,,,,,,,,,,,,,,,,,,,,,,,,,,,,,,,,TN
1269,6589c0d4d3d3aaed578f6d60cc1831f6cdf79b7c,0.09608627184089147,autoland,4768104,12,53390121d39b212135aaffcd577053a14c7f0dff,linux1804-64-shippable-qr,True,False,,,102210fe594ee9b33d82058545b1ed14f4c8206e,custom.jsdebugger.stepOut.DAMP,damp,True,damp custom.jsdebugger.stepOut.DAMP opt e10s fission stylo webrender,4767202,77,ms,firefox,,1758745258,2023-09-19 04:53:23,1302461,,,,,,,,,,,,,,,,,,,,,,,,,,,,,,,,,,,,,,,,,,,,,,,,,TN
1270,0a60f8be5517ddc928471d4a378b46228773fbc5,0.09996396496231452,autoland,4768104,12,53390121d39b212135aaffcd577053a14c7f0dff,linux1804-64-shippable-qr,True,False,,,102210fe594ee9b33d82058545b1ed14f4c8206e,custom.jsdebugger.stepOut.DAMP,damp,True,damp custom.jsdebugger.stepOut.DAMP opt e10s fission stylo webrender,4767202,77,ms,firefox,,1758861737,2023-09-19 06:42:05,1302480,,,,,,,,,,,,,,,,,,,,,,,,,,,,,,,,,,,,,,,,,,,,,,,,,TN
1271,ed783efaebeff5df8bd1a9128ed525c50d9dc767,0.07915441427959713,autoland,4768104,12,53390121d39b212135aaffcd577053a14c7f0dff,linux1804-64-shippable-qr,True,False,,,102210fe594ee9b33d82058545b1ed14f4c8206e,custom.jsdebugger.stepOut.DAMP,damp,True,damp custom.jsdebugger.stepOut.DAMP opt e10s fission stylo webrender,4767202,77,ms,firefox,,1760189209,2023-09-19 08:38:25,1302530,,,,,,,,,,,,,,,,,,,,,,,,,,,,,,,,,,,,,,,,,,,,,,,,,TN
1272,0ffd4f3d5717e29ac2c64ccd07794a6f2d539bdf,0.07548910675249876,autoland,4768104,12,53390121d39b212135aaffcd577053a14c7f0dff,linux1804-64-shippable-qr,True,False,,,102210fe594ee9b33d82058545b1ed14f4c8206e,custom.jsdebugger.stepOut.DAMP,damp,True,damp custom.jsdebugger.stepOut.DAMP opt e10s fission stylo webrender,4767202,77,ms,firefox,,1760189151,2023-09-19 08:43:55,1302535,,,,,,,,,,,,,,,,,,,,,,,,,,,,,,,,,,,,,,,,,,,,,,,,,TN
1273,915d403b44c42be5d0b96586c44ddadeab52d5d0,0.08738953675820338,autoland,4768104,12,53390121d39b212135aaffcd577053a14c7f0dff,linux1804-64-shippable-qr,True,False,,,102210fe594ee9b33d82058545b1ed14f4c8206e,custom.jsdebugger.stepOut.DAMP,damp,True,damp custom.jsdebugger.stepOut.DAMP opt e10s fission stylo webrender,4767202,77,ms,firefox,,1760190549,2023-09-19 08:46:45,1302538,,,,,,,,,,,,,,,,,,,,,,,,,,,,,,,,,,,,,,,,,,,,,,,,,TN
1274,4d416c08d58393443c8588f0cfbb5ca9bcfabe4b,0.07505120062559323,autoland,4768104,12,53390121d39b212135aaffcd577053a14c7f0dff,linux1804-64-shippable-qr,True,False,,,102210fe594ee9b33d82058545b1ed14f4c8206e,custom.jsdebugger.stepOut.DAMP,damp,True,damp custom.jsdebugger.stepOut.DAMP opt e10s fission stylo webrender,4767202,77,ms,firefox,,1760190264,2023-09-19 09:34:10,1302549,,,,,,,,,,,,,,,,,,,,,,,,,,,,,,,,,,,,,,,,,,,,,,,,,TN
1275,3fa00c5ff16458772cc2ace9ec2272e52d58c041,0.07661620865859153,autoland,4768104,12,53390121d39b212135aaffcd577053a14c7f0dff,linux1804-64-shippable-qr,True,False,,,102210fe594ee9b33d82058545b1ed14f4c8206e,custom.jsdebugger.stepOut.DAMP,damp,True,damp custom.jsdebugger.stepOut.DAMP opt e10s fission stylo webrender,4767202,77,ms,firefox,,1760189482,2023-09-19 09:37:04,1302552,,,,,,,,,,,,,,,,,,,,,,,,,,,,,,,,,,,,,,,,,,,,,,,,,TN
1276,fd2f1e369041167aff17588af79a7fb20e271e90,0.08553406873937441,autoland,4768104,12,53390121d39b212135aaffcd577053a14c7f0dff,linux1804-64-shippable-qr,True,False,,,102210fe594ee9b33d82058545b1ed14f4c8206e,custom.jsdebugger.stepOut.DAMP,damp,True,damp custom.jsdebugger.stepOut.DAMP opt e10s fission stylo webrender,4767202,77,ms,firefox,,1760194098,2023-09-19 09:37:54,1302554,,,,,,,,,,,,,,,,,,,,,,,,,,,,,,,,,,,,,,,,,,,,,,,,,TN
1277,cbed859376026cdf634fda57e5a3e597740b116d,0.06921935158661985,autoland,4768104,12,53390121d39b212135aaffcd577053a14c7f0dff,linux1804-64-shippable-qr,True,False,,,102210fe594ee9b33d82058545b1ed14f4c8206e,custom.jsdebugger.stepOut.DAMP,damp,True,damp custom.jsdebugger.stepOut.DAMP opt e10s fission stylo webrender,4767202,77,ms,firefox,,1760191021,2023-09-19 09:38:43,1302556,,,,,,,,,,,,,,,,,,,,,,,,,,,,,,,,,,,,,,,,,,,,,,,,,TN
1278,1538282037490ca29a5ec3658e91d72cfaa5a536,0.07460576724494217,autoland,4768104,12,53390121d39b212135aaffcd577053a14c7f0dff,linux1804-64-shippable-qr,True,False,,,102210fe594ee9b33d82058545b1ed14f4c8206e,custom.jsdebugger.stepOut.DAMP,damp,True,damp custom.jsdebugger.stepOut.DAMP opt e10s fission stylo webrender,4767202,77,ms,firefox,,1760190202,2023-09-19 09:49:24,1302564,,,,,,,,,,,,,,,,,,,,,,,,,,,,,,,,,,,,,,,,,,,,,,,,,TN
1279,1b7d5b44fbfcd0fb332129f4948df3f18aa3de0b,0.07059612562003603,autoland,4768104,12,53390121d39b212135aaffcd577053a14c7f0dff,linux1804-64-shippable-qr,True,False,,,102210fe594ee9b33d82058545b1ed14f4c8206e,custom.jsdebugger.stepOut.DAMP,damp,True,damp custom.jsdebugger.stepOut.DAMP opt e10s fission stylo webrender,4767202,77,ms,firefox,,1760188957,2023-09-19 09:55:14,1302569,,,,,,,,,,,,,,,,,,,,,,,,,,,,,,,,,,,,,,,,,,,,,,,,,TN
1280,f257c2f8440fe82c3833f2d719a2bf3420df9120,0.07514749701171908,autoland,4768104,12,53390121d39b212135aaffcd577053a14c7f0dff,linux1804-64-shippable-qr,True,False,,,102210fe594ee9b33d82058545b1ed14f4c8206e,custom.jsdebugger.stepOut.DAMP,damp,True,damp custom.jsdebugger.stepOut.DAMP opt e10s fission stylo webrender,4767202,77,ms,firefox,,1758919264,2023-09-19 10:00:51,1302573,,,,,,,,,,,,,,,,,,,,,,,,,,,,,,,,,,,,,,,,,,,,,,,,,TN
1281,fdcf4220b591be33053c1f26df1eb98b9331ca2a,0.08161112764315637,autoland,4768104,12,53390121d39b212135aaffcd577053a14c7f0dff,linux1804-64-shippable-qr,True,False,,,102210fe594ee9b33d82058545b1ed14f4c8206e,custom.jsdebugger.stepOut.DAMP,damp,True,damp custom.jsdebugger.stepOut.DAMP opt e10s fission stylo webrender,4767202,77,ms,firefox,,1760189267,2023-09-19 12:03:23,1302643,,,,,,,,,,,,,,,,,,,,,,,,,,,,,,,,,,,,,,,,,,,,,,,,,TN
1282,5d1a79d9c33ad95ca9546e94bed67efa3ff048a3,0.07922544130966969,autoland,4768104,12,53390121d39b212135aaffcd577053a14c7f0dff,linux1804-64-shippable-qr,True,False,,,102210fe594ee9b33d82058545b1ed14f4c8206e,custom.jsdebugger.stepOut.DAMP,damp,True,damp custom.jsdebugger.stepOut.DAMP opt e10s fission stylo webrender,4767202,77,ms,firefox,,1760189503,2023-09-19 12:06:25,1302645,,,,,,,,,,,,,,,,,,,,,,,,,,,,,,,,,,,,,,,,,,,,,,,,,TN
1283,072cb0ddcc54c39e69e7ba612f2319f78ef6f8c1,0.07378144553916022,autoland,4768104,12,53390121d39b212135aaffcd577053a14c7f0dff,linux1804-64-shippable-qr,True,False,,,102210fe594ee9b33d82058545b1ed14f4c8206e,custom.jsdebugger.stepOut.DAMP,damp,True,damp custom.jsdebugger.stepOut.DAMP opt e10s fission stylo webrender,4767202,77,ms,firefox,,1760189620,2023-09-19 13:16:54,1302675,,,,,,,,,,,,,,,,,,,,,,,,,,,,,,,,,,,,,,,,,,,,,,,,,TN
1284,19430315f34ccb93f20c190a11ef6b9aaabf19c5,0.08467798969361695,autoland,4768104,12,53390121d39b212135aaffcd577053a14c7f0dff,linux1804-64-shippable-qr,True,False,,,102210fe594ee9b33d82058545b1ed14f4c8206e,custom.jsdebugger.stepOut.DAMP,damp,True,damp custom.jsdebugger.stepOut.DAMP opt e10s fission stylo webrender,4767202,77,ms,firefox,,1760189720,2023-09-19 13:18:41,1302676,,,,,,,,,,,,,,,,,,,,,,,,,,,,,,,,,,,,,,,,,,,,,,,,,TN
1285,93fd62af9c5cc31397cce72fc396b6fdae3dc345,0.08038506063350204,autoland,4768104,12,53390121d39b212135aaffcd577053a14c7f0dff,linux1804-64-shippable-qr,True,False,,,102210fe594ee9b33d82058545b1ed14f4c8206e,custom.jsdebugger.stepOut.DAMP,damp,True,damp custom.jsdebugger.stepOut.DAMP opt e10s fission stylo webrender,4767202,77,ms,firefox,,1760189336,2023-09-19 13:27:47,1302684,,,,,,,,,,,,,,,,,,,,,,,,,,,,,,,,,,,,,,,,,,,,,,,,,TN
1286,cbd3c901d99bdfc385c39afe90dcceb7d0513bca,0.08075978492496483,autoland,4768104,12,53390121d39b212135aaffcd577053a14c7f0dff,linux1804-64-shippable-qr,True,False,,,102210fe594ee9b33d82058545b1ed14f4c8206e,custom.jsdebugger.stepOut.DAMP,damp,True,damp custom.jsdebugger.stepOut.DAMP opt e10s fission stylo webrender,4767202,77,ms,firefox,,1760189920,2023-09-19 13:28:37,1302685,,,,,,,,,,,,,,,,,,,,,,,,,,,,,,,,,,,,,,,,,,,,,,,,,TN
1287,c67121095e5fd8e0374d62f992409bea154ac339,0.0754856133755839,autoland,4768104,12,53390121d39b212135aaffcd577053a14c7f0dff,linux1804-64-shippable-qr,True,False,,,102210fe594ee9b33d82058545b1ed14f4c8206e,custom.jsdebugger.stepOut.DAMP,damp,True,damp custom.jsdebugger.stepOut.DAMP opt e10s fission stylo webrender,4767202,77,ms,firefox,,1760189863,2023-09-19 13:29:30,1302687,,,,,,,,,,,,,,,,,,,,,,,,,,,,,,,,,,,,,,,,,,,,,,,,,TN
1288,5e38ee8eca39e192467e0744747e252d74bc7e73,0.06838144982500438,autoland,4768104,12,53390121d39b212135aaffcd577053a14c7f0dff,linux1804-64-shippable-qr,True,False,,,102210fe594ee9b33d82058545b1ed14f4c8206e,custom.jsdebugger.stepOut.DAMP,damp,True,damp custom.jsdebugger.stepOut.DAMP opt e10s fission stylo webrender,4767202,77,ms,firefox,,1760191134,2023-09-19 13:31:01,1302689,,,,,,,,,,,,,,,,,,,,,,,,,,,,,,,,,,,,,,,,,,,,,,,,,TN
1289,2d399b8bfcfcdad9c7737a30aba9b4ccb7102e47,0.08212242349936227,autoland,4768104,12,53390121d39b212135aaffcd577053a14c7f0dff,linux1804-64-shippable-qr,True,False,,,102210fe594ee9b33d82058545b1ed14f4c8206e,custom.jsdebugger.stepOut.DAMP,damp,True,damp custom.jsdebugger.stepOut.DAMP opt e10s fission stylo webrender,4767202,77,ms,firefox,,1760190922,2023-09-19 13:31:50,1302691,,,,,,,,,,,,,,,,,,,,,,,,,,,,,,,,,,,,,,,,,,,,,,,,,TN
1290,dd890d993c3039c40d9a50218bd3284a9810cc85,0.07411539389499167,autoland,4768104,12,53390121d39b212135aaffcd577053a14c7f0dff,linux1804-64-shippable-qr,True,False,,,102210fe594ee9b33d82058545b1ed14f4c8206e,custom.jsdebugger.stepOut.DAMP,damp,True,damp custom.jsdebugger.stepOut.DAMP opt e10s fission stylo webrender,4767202,77,ms,firefox,,1759079214,2023-09-19 13:32:40,1302692,,,,,,,,,,,,,,,,,,,,,,,,,,,,,,,,,,,,,,,,,,,,,,,,,TN
1291,e63a855c0acfb3d2572476799fa0e8cfa5c80694,0.07213714202244303,autoland,4768104,12,53390121d39b212135aaffcd577053a14c7f0dff,linux1804-64-shippable-qr,True,False,,,102210fe594ee9b33d82058545b1ed14f4c8206e,custom.jsdebugger.stepOut.DAMP,damp,True,damp custom.jsdebugger.stepOut.DAMP opt e10s fission stylo webrender,4767202,77,ms,firefox,,1760568071,2023-09-19 15:07:31,1302763,,,,,,,,,,,,,,,,,,,,,,,,,,,,,,,,,,,,,,,,,,,,,,,,,TN
1292,41c83db18787013f04b96efc4b61967aba3d048a,0.06263075125693973,autoland,4768104,12,53390121d39b212135aaffcd577053a14c7f0dff,linux1804-64-shippable-qr,True,False,,,102210fe594ee9b33d82058545b1ed14f4c8206e,custom.jsdebugger.stepOut.DAMP,damp,True,damp custom.jsdebugger.stepOut.DAMP opt e10s fission stylo webrender,4767202,77,ms,firefox,,1760568237,2023-09-19 15:08:37,1302764,,,,,,,,,,,,,,,,,,,,,,,,,,,,,,,,,,,,,,,,,,,,,,,,,TN
1293,feb01960f7e10a66b10928129bf6e623142eee16,0.07884073565735517,autoland,4768104,12,53390121d39b212135aaffcd577053a14c7f0dff,linux1804-64-shippable-qr,True,False,,,102210fe594ee9b33d82058545b1ed14f4c8206e,custom.jsdebugger.stepOut.DAMP,damp,True,damp custom.jsdebugger.stepOut.DAMP opt e10s fission stylo webrender,4767202,77,ms,firefox,,1760568382,2023-09-19 15:32:02,1302780,,,,,,,,,,,,,,,,,,,,,,,,,,,,,,,,,,,,,,,,,,,,,,,,,TN
1294,95b205a5292fe692b554db4975faa50144ee1fdb,0.07157941386104871,autoland,4768104,12,53390121d39b212135aaffcd577053a14c7f0dff,linux1804-64-shippable-qr,True,False,,,102210fe594ee9b33d82058545b1ed14f4c8206e,custom.jsdebugger.stepOut.DAMP,damp,True,damp custom.jsdebugger.stepOut.DAMP opt e10s fission stylo webrender,4767202,77,ms,firefox,,1760568600,2023-09-19 15:36:43,1302783,,,,,,,,,,,,,,,,,,,,,,,,,,,,,,,,,,,,,,,,,,,,,,,,,TN
1295,73613e15fe5ceb10901c3f4f5d74259bec0e4bb4,0.07413293331002313,autoland,4768104,12,53390121d39b212135aaffcd577053a14c7f0dff,linux1804-64-shippable-qr,True,False,,,102210fe594ee9b33d82058545b1ed14f4c8206e,custom.jsdebugger.stepOut.DAMP,damp,True,damp custom.jsdebugger.stepOut.DAMP opt e10s fission stylo webrender,4767202,77,ms,firefox,,1760568298,2023-09-19 15:37:32,1302784,,,,,,,,,,,,,,,,,,,,,,,,,,,,,,,,,,,,,,,,,,,,,,,,,TN
1296,9a4f6a7c28d530365758a1145044313119342451,0.07409770246438063,autoland,4768104,12,53390121d39b212135aaffcd577053a14c7f0dff,linux1804-64-shippable-qr,True,False,,,102210fe594ee9b33d82058545b1ed14f4c8206e,custom.jsdebugger.stepOut.DAMP,damp,True,damp custom.jsdebugger.stepOut.DAMP opt e10s fission stylo webrender,4767202,77,ms,firefox,,1760572319,2023-09-19 15:38:22,1302786,,,,,,,,,,,,,,,,,,,,,,,,,,,,,,,,,,,,,,,,,,,,,,,,,TN
1297,5150fee78fb1f32cb3d8811442f6a2a06ee1bc63,0.079911317585869,autoland,4768104,12,53390121d39b212135aaffcd577053a14c7f0dff,linux1804-64-shippable-qr,True,False,,,102210fe594ee9b33d82058545b1ed14f4c8206e,custom.jsdebugger.stepOut.DAMP,damp,True,damp custom.jsdebugger.stepOut.DAMP opt e10s fission stylo webrender,4767202,77,ms,firefox,,1760568922,2023-09-19 15:59:26,1302802,,,,,,,,,,,,,,,,,,,,,,,,,,,,,,,,,,,,,,,,,,,,,,,,,TN
1298,695253c15da89f45f0cc6c832c0f823b09d3337a,0.08019134513193926,autoland,4768104,12,53390121d39b212135aaffcd577053a14c7f0dff,linux1804-64-shippable-qr,True,False,,,102210fe594ee9b33d82058545b1ed14f4c8206e,custom.jsdebugger.stepOut.DAMP,damp,True,damp custom.jsdebugger.stepOut.DAMP opt e10s fission stylo webrender,4767202,77,ms,firefox,,1760572108,2023-09-19 16:05:19,1302807,,,,,,,,,,,,,,,,,,,,,,,,,,,,,,,,,,,,,,,,,,,,,,,,,TN
1299,1105d2849f18b5435e9333a0a66d820178af01f0,0.07661245298026154,autoland,4768104,12,53390121d39b212135aaffcd577053a14c7f0dff,linux1804-64-shippable-qr,True,False,,,102210fe594ee9b33d82058545b1ed14f4c8206e,custom.jsdebugger.stepOut.DAMP,damp,True,damp custom.jsdebugger.stepOut.DAMP opt e10s fission stylo webrender,4767202,77,ms,firefox,,1760572823,2023-09-19 16:18:37,1302815,,,,,,,,,,,,,,,,,,,,,,,,,,,,,,,,,,,,,,,,,,,,,,,,,TN
1300,e9e7852ce74f241f2a4f0ffac475410d0ea9a8a4,0.07356761828108127,autoland,4768104,12,53390121d39b212135aaffcd577053a14c7f0dff,linux1804-64-shippable-qr,True,False,,,102210fe594ee9b33d82058545b1ed14f4c8206e,custom.jsdebugger.stepOut.DAMP,damp,True,damp custom.jsdebugger.stepOut.DAMP opt e10s fission stylo webrender,4767202,77,ms,firefox,,1759161777,2023-09-19 16:21:41,1302819,,,,,,,,,,,,,,,,,,,,,,,,,,,,,,,,,,,,,,,,,,,,,,,,,TN
1301,1030a0fcc81399ec3f6376ffdeaadac56c0e4d5f,0.08062261622728162,autoland,4768104,12,53390121d39b212135aaffcd577053a14c7f0dff,linux1804-64-shippable-qr,True,False,,,102210fe594ee9b33d82058545b1ed14f4c8206e,custom.jsdebugger.stepOut.DAMP,damp,True,damp custom.jsdebugger.stepOut.DAMP opt e10s fission stylo webrender,4767202,77,ms,firefox,,1760568534,2023-09-19 18:44:51,1302932,,,,,,,,,,,,,,,,,,,,,,,,,,,,,,,,,,,,,,,,,,,,,,,,,TN
1302,a923271b41955ef0354b28dc9bac8716f8490dba,0.07729198136536197,autoland,4768104,12,53390121d39b212135aaffcd577053a14c7f0dff,linux1804-64-shippable-qr,True,False,,,102210fe594ee9b33d82058545b1ed14f4c8206e,custom.jsdebugger.stepOut.DAMP,damp,True,damp custom.jsdebugger.stepOut.DAMP opt e10s fission stylo webrender,4767202,77,ms,firefox,,1760616633,2023-09-19 19:00:37,1302942,,,,,,,,,,,,,,,,,,,,,,,,,,,,,,,,,,,,,,,,,,,,,,,,,TN
1303,9d9f08aef724cc535e90b463adf5cb37724fa986,0.08428050678654442,autoland,4768104,12,53390121d39b212135aaffcd577053a14c7f0dff,linux1804-64-shippable-qr,True,False,,,102210fe594ee9b33d82058545b1ed14f4c8206e,custom.jsdebugger.stepOut.DAMP,damp,True,damp custom.jsdebugger.stepOut.DAMP opt e10s fission stylo webrender,4767202,77,ms,firefox,,1760614372,2023-09-19 19:26:39,1302961,,,,,,,,,,,,,,,,,,,,,,,,,,,,,,,,,,,,,,,,,,,,,,,,,TN
1304,37701fa21006015a6ee97b5528645b7106dff42b,0.07024114844655494,autoland,4768104,12,53390121d39b212135aaffcd577053a14c7f0dff,linux1804-64-shippable-qr,True,False,,,102210fe594ee9b33d82058545b1ed14f4c8206e,custom.jsdebugger.stepOut.DAMP,damp,True,damp custom.jsdebugger.stepOut.DAMP opt e10s fission stylo webrender,4767202,77,ms,firefox,,1760618349,2023-09-19 19:47:55,1302977,,,,,,,,,,,,,,,,,,,,,,,,,,,,,,,,,,,,,,,,,,,,,,,,,TN
1305,3023de3372940a342000556f25bc463ff806280e,0.08106553787375481,autoland,4768104,12,53390121d39b212135aaffcd577053a14c7f0dff,linux1804-64-shippable-qr,True,False,,,102210fe594ee9b33d82058545b1ed14f4c8206e,custom.jsdebugger.stepOut.DAMP,damp,True,damp custom.jsdebugger.stepOut.DAMP opt e10s fission stylo webrender,4767202,77,ms,firefox,,1760616442,2023-09-19 19:53:17,1302982,,,,,,,,,,,,,,,,,,,,,,,,,,,,,,,,,,,,,,,,,,,,,,,,,TN
1306,36e95068e10391b8f3460c36e5651343feb808ab,0.07375735455207155,autoland,4768104,12,53390121d39b212135aaffcd577053a14c7f0dff,linux1804-64-shippable-qr,True,False,,,102210fe594ee9b33d82058545b1ed14f4c8206e,custom.jsdebugger.stepOut.DAMP,damp,True,damp custom.jsdebugger.stepOut.DAMP opt e10s fission stylo webrender,4767202,77,ms,firefox,,1760616967,2023-09-19 19:57:29,1302987,,,,,,,,,,,,,,,,,,,,,,,,,,,,,,,,,,,,,,,,,,,,,,,,,TN
1307,f5ff8837f4fd3544473baa99877ff4320d5997c6,0.07705750085739205,autoland,4768104,12,53390121d39b212135aaffcd577053a14c7f0dff,linux1804-64-shippable-qr,True,False,,,102210fe594ee9b33d82058545b1ed14f4c8206e,custom.jsdebugger.stepOut.DAMP,damp,True,damp custom.jsdebugger.stepOut.DAMP opt e10s fission stylo webrender,4767202,77,ms,firefox,,1760614696,2023-09-19 20:06:23,1302994,,,,,,,,,,,,,,,,,,,,,,,,,,,,,,,,,,,,,,,,,,,,,,,,,TN
1308,f43c9ca9502f4416c3326e15bf290dcc3e41cfd3,0.07606442202005026,autoland,4768104,12,53390121d39b212135aaffcd577053a14c7f0dff,linux1804-64-shippable-qr,True,False,,,102210fe594ee9b33d82058545b1ed14f4c8206e,custom.jsdebugger.stepOut.DAMP,damp,True,damp custom.jsdebugger.stepOut.DAMP opt e10s fission stylo webrender,4767202,77,ms,firefox,,1760616091,2023-09-19 20:10:26,1302998,,,,,,,,,,,,,,,,,,,,,,,,,,,,,,,,,,,,,,,,,,,,,,,,,TN
1309,099d877471573056ec01859a6c63b1e606031c49,0.07633168622136455,autoland,4768104,12,53390121d39b212135aaffcd577053a14c7f0dff,linux1804-64-shippable-qr,True,False,,,102210fe594ee9b33d82058545b1ed14f4c8206e,custom.jsdebugger.stepOut.DAMP,damp,True,damp custom.jsdebugger.stepOut.DAMP opt e10s fission stylo webrender,4767202,77,ms,firefox,,1760621281,2023-09-19 20:11:31,1303000,,,,,,,,,,,,,,,,,,,,,,,,,,,,,,,,,,,,,,,,,,,,,,,,,TN
1310,f97675e331c2e3f8e3a7649cb722085b3360163c,0.07613975615730895,autoland,4768104,12,53390121d39b212135aaffcd577053a14c7f0dff,linux1804-64-shippable-qr,True,False,,,102210fe594ee9b33d82058545b1ed14f4c8206e,custom.jsdebugger.stepOut.DAMP,damp,True,damp custom.jsdebugger.stepOut.DAMP opt e10s fission stylo webrender,4767202,77,ms,firefox,,1759311982,2023-09-19 20:31:47,1303015,,,,,,,,,,,,,,,,,,,,,,,,,,,,,,,,,,,,,,,,,,,,,,,,,TN
1311,abf74735208c16d3b467c2acb344f3030fc5aacb,0.07486215190209067,autoland,4768104,12,53390121d39b212135aaffcd577053a14c7f0dff,linux1804-64-shippable-qr,True,False,,,102210fe594ee9b33d82058545b1ed14f4c8206e,custom.jsdebugger.stepOut.DAMP,damp,True,damp custom.jsdebugger.stepOut.DAMP opt e10s fission stylo webrender,4767202,77,ms,firefox,,1759338619,2023-09-19 20:45:08,1303026,,,,,,,,,,,,,,,,,,,,,,,,,,,,,,,,,,,,,,,,,,,,,,,,,TN
1312,287d48c590236334e30d15aeb9472b2a404f866d,0.07285952587616984,autoland,4768104,12,53390121d39b212135aaffcd577053a14c7f0dff,linux1804-64-shippable-qr,True,False,,,102210fe594ee9b33d82058545b1ed14f4c8206e,custom.jsdebugger.stepOut.DAMP,damp,True,damp custom.jsdebugger.stepOut.DAMP opt e10s fission stylo webrender,4767202,77,ms,firefox,,1760617464,2023-09-19 22:06:54,1303092,,,,,,,,,,,,,,,,,,,,,,,,,,,,,,,,,,,,,,,,,,,,,,,,,TN
1313,e961de59aa9cb241fce69295b826a7fe3195f40c,0.07661102025853661,autoland,4768104,12,53390121d39b212135aaffcd577053a14c7f0dff,linux1804-64-shippable-qr,True,False,,,102210fe594ee9b33d82058545b1ed14f4c8206e,custom.jsdebugger.stepOut.DAMP,damp,True,damp custom.jsdebugger.stepOut.DAMP opt e10s fission stylo webrender,4767202,77,ms,firefox,,1760616502,2023-09-19 22:08:18,1303095,,,,,,,,,,,,,,,,,,,,,,,,,,,,,,,,,,,,,,,,,,,,,,,,,TN
1314,d9f8a000a5ccdc3a8b8cb2f3e23a7176e8969715,0.08327231680868019,autoland,4768104,12,53390121d39b212135aaffcd577053a14c7f0dff,linux1804-64-shippable-qr,True,False,,,102210fe594ee9b33d82058545b1ed14f4c8206e,custom.jsdebugger.stepOut.DAMP,damp,True,damp custom.jsdebugger.stepOut.DAMP opt e10s fission stylo webrender,4767202,77,ms,firefox,,1760617153,2023-09-19 22:09:12,1303096,,,,,,,,,,,,,,,,,,,,,,,,,,,,,,,,,,,,,,,,,,,,,,,,,TN
1315,0c6d0f8aa20d250dcd1a3169f8926c33b95851f8,0.07290666957436887,autoland,4768104,12,53390121d39b212135aaffcd577053a14c7f0dff,linux1804-64-shippable-qr,True,False,,,102210fe594ee9b33d82058545b1ed14f4c8206e,custom.jsdebugger.stepOut.DAMP,damp,True,damp custom.jsdebugger.stepOut.DAMP opt e10s fission stylo webrender,4767202,77,ms,firefox,,1760572209,2023-09-19 22:41:11,1303117,,,,,,,,,,,,,,,,,,,,,,,,,,,,,,,,,,,,,,,,,,,,,,,,,TN
1316,77fcb77e6acc925c7607c4bf3f7e84ca6962ed9e,0.07145845916180227,autoland,4768104,12,53390121d39b212135aaffcd577053a14c7f0dff,linux1804-64-shippable-qr,True,False,,,102210fe594ee9b33d82058545b1ed14f4c8206e,custom.jsdebugger.stepOut.DAMP,damp,True,damp custom.jsdebugger.stepOut.DAMP opt e10s fission stylo webrender,4767202,77,ms,firefox,,1760617217,2023-09-19 22:44:46,1303120,,,,,,,,,,,,,,,,,,,,,,,,,,,,,,,,,,,,,,,,,,,,,,,,,TN
1317,b690bf927faa1c66f7abe3f706346c65730c5ec2,0.07698952904178014,autoland,4768104,12,53390121d39b212135aaffcd577053a14c7f0dff,linux1804-64-shippable-qr,True,False,,,102210fe594ee9b33d82058545b1ed14f4c8206e,custom.jsdebugger.stepOut.DAMP,damp,True,damp custom.jsdebugger.stepOut.DAMP opt e10s fission stylo webrender,4767202,77,ms,firefox,,1760616387,2023-09-19 23:32:09,1303156,,,,,,,,,,,,,,,,,,,,,,,,,,,,,,,,,,,,,,,,,,,,,,,,,TN
1318,97c45bde55d5159ac8d2cd402b440f14e3dcbdaf,0.08068420239625884,autoland,4768104,12,53390121d39b212135aaffcd577053a14c7f0dff,linux1804-64-shippable-qr,True,False,,,102210fe594ee9b33d82058545b1ed14f4c8206e,custom.jsdebugger.stepOut.DAMP,damp,True,damp custom.jsdebugger.stepOut.DAMP opt e10s fission stylo webrender,4767202,77,ms,firefox,,1760617088,2023-09-20 00:09:38,1303187,,,,,,,,,,,,,,,,,,,,,,,,,,,,,,,,,,,,,,,,,,,,,,,,,TN
1319,f4ac8c82e05b0f9bc0ca08ec51b8be8da54ab8c1,0.01960904811813413,autoland,4768104,12,53390121d39b212135aaffcd577053a14c7f0dff,linux1804-64-shippable-qr,True,False,,,102210fe594ee9b33d82058545b1ed14f4c8206e,custom.jsdebugger.stepOut.DAMP,damp,True,damp custom.jsdebugger.stepOut.DAMP opt e10s fission stylo webrender,4767202,77,ms,firefox,,1760619037,2023-09-20 00:10:26,1303189,,,,,,,,,,,,,,,,,,,,,,,,,,,,,,,,,,,,,,,,,,,,,,,,,TN
1320,cf2c8ac2f33c6120ce6219b5de00b29f886797ae,0.08109482024166148,autoland,4768104,12,53390121d39b212135aaffcd577053a14c7f0dff,linux1804-64-shippable-qr,True,False,,,102210fe594ee9b33d82058545b1ed14f4c8206e,custom.jsdebugger.stepOut.DAMP,damp,True,damp custom.jsdebugger.stepOut.DAMP opt e10s fission stylo webrender,4767202,77,ms,firefox,,1760615787,2023-09-20 00:26:24,1303195,,,,,,,,,,,,,,,,,,,,,,,,,,,,,,,,,,,,,,,,,,,,,,,,,TN
1321,71a9b5a8ec8503f993e8d7e8f1b2b98ff57ed283,0.0768275688930864,autoland,4768104,12,53390121d39b212135aaffcd577053a14c7f0dff,linux1804-64-shippable-qr,True,False,,,102210fe594ee9b33d82058545b1ed14f4c8206e,custom.jsdebugger.stepOut.DAMP,damp,True,damp custom.jsdebugger.stepOut.DAMP opt e10s fission stylo webrender,4767202,77,ms,firefox,,1759448250,2023-09-20 00:59:14,1303207,,,,,,,,,,,,,,,,,,,,,,,,,,,,,,,,,,,,,,,,,,,,,,,,,TN
1322,71c800e8074fa9f5e246acbf09097a0f15d4eb09,0.08024614326024371,autoland,4768104,12,53390121d39b212135aaffcd577053a14c7f0dff,linux1804-64-shippable-qr,True,False,,,102210fe594ee9b33d82058545b1ed14f4c8206e,custom.jsdebugger.stepOut.DAMP,damp,True,damp custom.jsdebugger.stepOut.DAMP opt e10s fission stylo webrender,4767202,77,ms,firefox,,1759531091,2023-09-20 05:02:26,1303254,,,,,,,,,,,,,,,,,,,,,,,,,,,,,,,,,,,,,,,,,,,,,,,,,TN
1323,2664490a1b4aeb2b2bd98c81ac43b68b1a24ea2f,0.08149737828221038,autoland,4768104,12,53390121d39b212135aaffcd577053a14c7f0dff,linux1804-64-shippable-qr,True,False,,,102210fe594ee9b33d82058545b1ed14f4c8206e,custom.jsdebugger.stepOut.DAMP,damp,True,damp custom.jsdebugger.stepOut.DAMP opt e10s fission stylo webrender,4767202,77,ms,firefox,,1759636811,2023-09-20 09:03:21,1303343,,,,,,,,,,,,,,,,,,,,,,,,,,,,,,,,,,,,,,,,,,,,,,,,,TN
1324,e11a98968ec15b84dc772d997bc0789a0a078549,0.07908274341889121,autoland,4768104,12,53390121d39b212135aaffcd577053a14c7f0dff,linux1804-64-shippable-qr,True,False,,,102210fe594ee9b33d82058545b1ed14f4c8206e,custom.jsdebugger.stepOut.DAMP,damp,True,damp custom.jsdebugger.stepOut.DAMP opt e10s fission stylo webrender,4767202,77,ms,firefox,,1759711265,2023-09-20 10:40:44,1303401,,,,,,,,,,,,,,,,,,,,,,,,,,,,,,,,,,,,,,,,,,,,,,,,,TN
1325,5baf76c5d8f19d35c8e7710816a726d92cfff8bb,0.08353006463787449,autoland,4768104,12,53390121d39b212135aaffcd577053a14c7f0dff,linux1804-64-shippable-qr,True,False,,,102210fe594ee9b33d82058545b1ed14f4c8206e,custom.jsdebugger.stepOut.DAMP,damp,True,damp custom.jsdebugger.stepOut.DAMP opt e10s fission stylo webrender,4767202,77,ms,firefox,,1759826246,2023-09-20 14:03:46,1303541,,,,,,,,,,,,,,,,,,,,,,,,,,,,,,,,,,,,,,,,,,,,,,,,,TN
1326,07c4a658632d6c11d371f974b56a6365212bef62,0.07974464793589897,autoland,4768104,12,53390121d39b212135aaffcd577053a14c7f0dff,linux1804-64-shippable-qr,True,False,,,102210fe594ee9b33d82058545b1ed14f4c8206e,custom.jsdebugger.stepOut.DAMP,damp,True,damp custom.jsdebugger.stepOut.DAMP opt e10s fission stylo webrender,4767202,77,ms,firefox,,1759985116,2023-09-20 17:47:40,1303718,,,,,,,,,,,,,,,,,,,,,,,,,,,,,,,,,,,,,,,,,,,,,,,,,TN
1327,137b5966e6ec0a63006a36cac0a3f1c4e3f5cefe,0.08753911608486042,autoland,4768104,12,53390121d39b212135aaffcd577053a14c7f0dff,linux1804-64-shippable-qr,True,False,,,102210fe594ee9b33d82058545b1ed14f4c8206e,custom.jsdebugger.stepOut.DAMP,damp,True,damp custom.jsdebugger.stepOut.DAMP opt e10s fission stylo webrender,4767202,77,ms,firefox,,1760095369,2023-09-20 21:06:43,1303845,,,,,,,,,,,,,,,,,,,,,,,,,,,,,,,,,,,,,,,,,,,,,,,,,TN
1328,a94c799a5be0d573f8c654b43966b4b772ded228,0.08734840313881875,autoland,4768104,12,53390121d39b212135aaffcd577053a14c7f0dff,linux1804-64-shippable-qr,True,False,,,102210fe594ee9b33d82058545b1ed14f4c8206e,custom.jsdebugger.stepOut.DAMP,damp,True,damp custom.jsdebugger.stepOut.DAMP opt e10s fission stylo webrender,4767202,77,ms,firefox,,1760139800,2023-09-20 23:02:53,1303924,,,,,,,,,,,,,,,,,,,,,,,,,,,,,,,,,,,,,,,,,,,,,,,,,TN
1329,7c6496f92bb0572d56513d645f3d6201f77a5653,0.0831847061737847,autoland,4768104,12,53390121d39b212135aaffcd577053a14c7f0dff,linux1804-64-shippable-qr,True,False,,,102210fe594ee9b33d82058545b1ed14f4c8206e,custom.jsdebugger.stepOut.DAMP,damp,True,damp custom.jsdebugger.stepOut.DAMP opt e10s fission stylo webrender,4767202,77,ms,firefox,,1760252167,2023-09-21 04:47:54,1304025,,,,,,,,,,,,,,,,,,,,,,,,,,,,,,,,,,,,,,,,,,,,,,,,,TN
1330,e98350675c5a294fe5c7a4138a5b16c4f6992907,0.08000525425349791,autoland,4768104,12,53390121d39b212135aaffcd577053a14c7f0dff,linux1804-64-shippable-qr,True,False,,,102210fe594ee9b33d82058545b1ed14f4c8206e,custom.jsdebugger.stepOut.DAMP,damp,True,damp custom.jsdebugger.stepOut.DAMP opt e10s fission stylo webrender,4767202,77,ms,firefox,,1760387520,2023-09-21 08:45:10,1304121,,,,,,,,,,,,,,,,,,,,,,,,,,,,,,,,,,,,,,,,,,,,,,,,,TN
1331,bd8d8c1ecad7cda50d42ce2dfde7fabc50a48948,0.014601558540509374,autoland,4768104,12,53390121d39b212135aaffcd577053a14c7f0dff,linux1804-64-shippable-qr,True,False,,,102210fe594ee9b33d82058545b1ed14f4c8206e,custom.jsdebugger.stepOut.DAMP,damp,True,damp custom.jsdebugger.stepOut.DAMP opt e10s fission stylo webrender,4767202,77,ms,firefox,,1760502292,2023-09-21 12:54:54,1304268,,,,,,,,,,,,,,,,,,,,,,,,,,,,,,,,,,,,,,,,,,,,,,,,,TN
1332,6e82382700fc8345a06dc3efd346a25826fa1bf2,0.08432800320052736,autoland,4768104,12,53390121d39b212135aaffcd577053a14c7f0dff,linux1804-64-shippable-qr,True,False,,,102210fe594ee9b33d82058545b1ed14f4c8206e,custom.jsdebugger.stepOut.DAMP,damp,True,damp custom.jsdebugger.stepOut.DAMP opt e10s fission stylo webrender,4767202,77,ms,firefox,,1760554849,2023-09-21 14:02:07,1304316,,,,,,,,,,,,,,,,,,,,,,,,,,,,,,,,,,,,,,,,,,,,,,,,,TN
1333,114bde678f299872db02fe1116ecfd3a7ada9381,0.07065462875465178,autoland,4768104,12,53390121d39b212135aaffcd577053a14c7f0dff,linux1804-64-shippable-qr,True,False,,,102210fe594ee9b33d82058545b1ed14f4c8206e,custom.jsdebugger.stepOut.DAMP,damp,True,damp custom.jsdebugger.stepOut.DAMP opt e10s fission stylo webrender,4767202,77,ms,firefox,,1760693216,2023-09-21 18:54:27,1304515,,,,,,,,,,,,,,,,,,,,,,,,,,,,,,,,,,,,,,,,,,,,,,,,,TN
1334,86fd71ad69b346f713966a8f18ec97a5b99a0aee,0.07086875209535426,autoland,4768104,12,53390121d39b212135aaffcd577053a14c7f0dff,linux1804-64-shippable-qr,True,False,,,102210fe594ee9b33d82058545b1ed14f4c8206e,custom.jsdebugger.stepOut.DAMP,damp,True,damp custom.jsdebugger.stepOut.DAMP opt e10s fission stylo webrender,4767202,77,ms,firefox,,1760711327,2023-09-21 19:19:33,1304533,,,,,,,,,,,,,,,,,,,,,,,,,,,,,,,,,,,,,,,,,,,,,,,,,TN
1335,efa8aa7a4f5484f349595a2c97ba6a2c6f214c66,0.07268144611782934,autoland,4768104,12,53390121d39b212135aaffcd577053a14c7f0dff,linux1804-64-shippable-qr,True,False,,,102210fe594ee9b33d82058545b1ed14f4c8206e,custom.jsdebugger.stepOut.DAMP,damp,True,damp custom.jsdebugger.stepOut.DAMP opt e10s fission stylo webrender,4767202,77,ms,firefox,,1760786276,2023-09-21 23:47:59,1304690,,,,,,,,,,,,,,,,,,,,,,,,,,,,,,,,,,,,,,,,,,,,,,,,,TN
1336,2de4a198348cc150a0c3ce328c42beade9646190,0.07219166692010281,autoland,4768104,12,53390121d39b212135aaffcd577053a14c7f0dff,linux1804-64-shippable-qr,True,False,,,102210fe594ee9b33d82058545b1ed14f4c8206e,custom.jsdebugger.stepOut.DAMP,damp,True,damp custom.jsdebugger.stepOut.DAMP opt e10s fission stylo webrender,4767202,77,ms,firefox,,1760876455,2023-09-22 04:42:00,1304767,,,,,,,,,,,,,,,,,,,,,,,,,,,,,,,,,,,,,,,,,,,,,,,,,TN
1337,6da1ce80e10cc6744801930434a44df21da87140,0.0870573688720524,autoland,4768104,12,53390121d39b212135aaffcd577053a14c7f0dff,linux1804-64-shippable-qr,True,False,,,102210fe594ee9b33d82058545b1ed14f4c8206e,custom.jsdebugger.stepOut.DAMP,damp,True,damp custom.jsdebugger.stepOut.DAMP opt e10s fission stylo webrender,4767202,77,ms,firefox,,1761042057,2023-09-22 11:33:15,1304916,,,,,,,,,,,,,,,,,,,,,,,,,,,,,,,,,,,,,,,,,,,,,,,,,TN
1338,d244d17a8e9ac94aa05c3bf0c2659104c7b15f76,0.07611088413214684,autoland,4768104,12,53390121d39b212135aaffcd577053a14c7f0dff,linux1804-64-shippable-qr,True,False,,,102210fe594ee9b33d82058545b1ed14f4c8206e,custom.jsdebugger.stepOut.DAMP,damp,True,damp custom.jsdebugger.stepOut.DAMP opt e10s fission stylo webrender,4767202,77,ms,firefox,,1761121812,2023-09-22 15:35:17,1305037,,,,,,,,,,,,,,,,,,,,,,,,,,,,,,,,,,,,,,,,,,,,,,,,,TN
1339,aee77156969b7d1f696e8952bc590e1449a16f85,0.07344291386487223,autoland,4768104,12,53390121d39b212135aaffcd577053a14c7f0dff,linux1804-64-shippable-qr,True,False,,,102210fe594ee9b33d82058545b1ed14f4c8206e,custom.jsdebugger.stepOut.DAMP,damp,True,damp custom.jsdebugger.stepOut.DAMP opt e10s fission stylo webrender,4767202,77,ms,firefox,,1761135952,2023-09-22 16:10:00,1305065,,,,,,,,,,,,,,,,,,,,,,,,,,,,,,,,,,,,,,,,,,,,,,,,,TN
1340,80cfc74bb77e6c4abfd0d70c51b274e4b036a05b,0.07643072286162189,autoland,4768104,12,53390121d39b212135aaffcd577053a14c7f0dff,linux1804-64-shippable-qr,True,False,,,102210fe594ee9b33d82058545b1ed14f4c8206e,custom.jsdebugger.stepOut.DAMP,damp,True,damp custom.jsdebugger.stepOut.DAMP opt e10s fission stylo webrender,4767202,77,ms,firefox,,1761222983,2023-09-22 20:28:01,1305231,,,,,,,,,,,,,,,,,,,,,,,,,,,,,,,,,,,,,,,,,,,,,,,,,TN
1341,5ce53217bf3e4d42db88aab74741654bfc634cc8,0.077602695187588,autoland,4768104,12,53390121d39b212135aaffcd577053a14c7f0dff,linux1804-64-shippable-qr,True,False,,,102210fe594ee9b33d82058545b1ed14f4c8206e,custom.jsdebugger.stepOut.DAMP,damp,True,damp custom.jsdebugger.stepOut.DAMP opt e10s fission stylo webrender,4767202,77,ms,firefox,,1761310274,2023-09-23 00:28:09,1305322,,,,,,,,,,,,,,,,,,,,,,,,,,,,,,,,,,,,,,,,,,,,,,,,,TN
1342,1d9627a1274de78256ecdee1e8058e6b32392404,0.08681180513886977,autoland,4768104,12,53390121d39b212135aaffcd577053a14c7f0dff,linux1804-64-shippable-qr,True,False,,,102210fe594ee9b33d82058545b1ed14f4c8206e,custom.jsdebugger.stepOut.DAMP,damp,True,damp custom.jsdebugger.stepOut.DAMP opt e10s fission stylo webrender,4767202,77,ms,firefox,,1761331978,2023-09-23 00:41:33,1305328,,,,,,,,,,,,,,,,,,,,,,,,,,,,,,,,,,,,,,,,,,,,,,,,,TN
1343,e85748b0b9880ee586b2c155a4d84c1cdf3f31b4,0.07841959694490697,autoland,4768104,12,53390121d39b212135aaffcd577053a14c7f0dff,linux1804-64-shippable-qr,True,False,,,102210fe594ee9b33d82058545b1ed14f4c8206e,custom.jsdebugger.stepOut.DAMP,damp,True,damp custom.jsdebugger.stepOut.DAMP opt e10s fission stylo webrender,4767202,77,ms,firefox,,1761433635,2023-09-23 16:39:34,1305402,,,,,,,,,,,,,,,,,,,,,,,,,,,,,,,,,,,,,,,,,,,,,,,,,TN
1344,f4a2f296a2ea585882f2a2a627c036538eb875b0,0.07479198033202228,autoland,4768104,12,53390121d39b212135aaffcd577053a14c7f0dff,linux1804-64-shippable-qr,True,False,,,102210fe594ee9b33d82058545b1ed14f4c8206e,custom.jsdebugger.stepOut.DAMP,damp,True,damp custom.jsdebugger.stepOut.DAMP opt e10s fission stylo webrender,4767202,77,ms,firefox,,1761493898,2023-09-23 21:16:13,1305420,,,,,,,,,,,,,,,,,,,,,,,,,,,,,,,,,,,,,,,,,,,,,,,,,TN
1345,68035862c82691cc5ad039c1067c1fd24d048350,0.06522273958204039,autoland,4768104,12,53390121d39b212135aaffcd577053a14c7f0dff,linux1804-64-shippable-qr,True,False,,,102210fe594ee9b33d82058545b1ed14f4c8206e,custom.jsdebugger.stepOut.DAMP,damp,True,damp custom.jsdebugger.stepOut.DAMP opt e10s fission stylo webrender,4767202,77,ms,firefox,,1761673139,2023-09-25 06:00:52,1305598,,,,,,,,,,,,,,,,,,,,,,,,,,,,,,,,,,,,,,,,,,,,,,,,,TN
1346,27778dad58d148bf24097e327e55eb3b8631b902,0.07798659009036557,autoland,4768104,12,53390121d39b212135aaffcd577053a14c7f0dff,linux1804-64-shippable-qr,True,False,,,102210fe594ee9b33d82058545b1ed14f4c8206e,custom.jsdebugger.stepOut.DAMP,damp,True,damp custom.jsdebugger.stepOut.DAMP opt e10s fission stylo webrender,4767202,77,ms,firefox,,1761716674,2023-09-25 08:45:06,1305656,,,,,,,,,,,,,,,,,,,,,,,,,,,,,,,,,,,,,,,,,,,,,,,,,TN
1347,9a8976307af6049000ae1a1623fd71bd62850a10,0.07758880315219019,autoland,4768104,12,53390121d39b212135aaffcd577053a14c7f0dff,linux1804-64-shippable-qr,True,False,,,102210fe594ee9b33d82058545b1ed14f4c8206e,custom.jsdebugger.stepOut.DAMP,damp,True,damp custom.jsdebugger.stepOut.DAMP opt e10s fission stylo webrender,4767202,77,ms,firefox,,1761836742,2023-09-25 12:33:35,1305791,,,,,,,,,,,,,,,,,,,,,,,,,,,,,,,,,,,,,,,,,,,,,,,,,TN
1348,f8a35d1b546df5cccc0cebe66f328e5f409ada7d,0.0692963151716609,autoland,4768104,12,53390121d39b212135aaffcd577053a14c7f0dff,linux1804-64-shippable-qr,True,False,,,102210fe594ee9b33d82058545b1ed14f4c8206e,custom.jsdebugger.stepOut.DAMP,damp,True,damp custom.jsdebugger.stepOut.DAMP opt e10s fission stylo webrender,4767202,77,ms,firefox,,1763566536,2023-09-25 19:16:05,1306129,,,,,,,,,,,,,,,,,,,,,,,,,,,,,,,,,,,,,,,,,,,,,,,,,TN
1349,e000527736de87516dcce98abae9e44f8873b89e,0.06378336594269962,autoland,4768104,12,53390121d39b212135aaffcd577053a14c7f0dff,linux1804-64-shippable-qr,True,False,,,102210fe594ee9b33d82058545b1ed14f4c8206e,custom.jsdebugger.stepOut.DAMP,damp,True,damp custom.jsdebugger.stepOut.DAMP opt e10s fission stylo webrender,4767202,77,ms,firefox,,1763565033,2023-09-25 19:41:46,1306158,,,,,,,,,,,,,,,,,,,,,,,,,,,,,,,,,,,,,,,,,,,,,,,,,TN
1350,446af5901170298be55e94db0c854ec06c6c0102,0.07632586293283194,autoland,4768104,12,53390121d39b212135aaffcd577053a14c7f0dff,linux1804-64-shippable-qr,True,False,,,102210fe594ee9b33d82058545b1ed14f4c8206e,custom.jsdebugger.stepOut.DAMP,damp,True,damp custom.jsdebugger.stepOut.DAMP opt e10s fission stylo webrender,4767202,77,ms,firefox,,1763565624,2023-09-25 19:42:52,1306159,,,,,,,,,,,,,,,,,,,,,,,,,,,,,,,,,,,,,,,,,,,,,,,,,TN
1351,241f18a25074002f7ef3f177c272ee3d51b838d2,0.07311756780084477,autoland,4768104,12,53390121d39b212135aaffcd577053a14c7f0dff,linux1804-64-shippable-qr,True,False,,,102210fe594ee9b33d82058545b1ed14f4c8206e,custom.jsdebugger.stepOut.DAMP,damp,True,damp custom.jsdebugger.stepOut.DAMP opt e10s fission stylo webrender,4767202,77,ms,firefox,,1763564267,2023-09-25 19:51:04,1306170,,,,,,,,,,,,,,,,,,,,,,,,,,,,,,,,,,,,,,,,,,,,,,,,,TN
1352,6a8c88c57fe27ec665309d06280f9f2d5b31dcc4,0.07621826076279303,autoland,4768104,12,53390121d39b212135aaffcd577053a14c7f0dff,linux1804-64-shippable-qr,True,False,,,102210fe594ee9b33d82058545b1ed14f4c8206e,custom.jsdebugger.stepOut.DAMP,damp,True,damp custom.jsdebugger.stepOut.DAMP opt e10s fission stylo webrender,4767202,77,ms,firefox,,1763565733,2023-09-25 19:55:24,1306176,,,,,,,,,,,,,,,,,,,,,,,,,,,,,,,,,,,,,,,,,,,,,,,,,TN
1353,0cca5d3b5a43f6794d5e71a71ac164436e78e59a,0.07713655589818269,autoland,4768104,12,53390121d39b212135aaffcd577053a14c7f0dff,linux1804-64-shippable-qr,True,False,,,102210fe594ee9b33d82058545b1ed14f4c8206e,custom.jsdebugger.stepOut.DAMP,damp,True,damp custom.jsdebugger.stepOut.DAMP opt e10s fission stylo webrender,4767202,77,ms,firefox,,1763568138,2023-09-25 20:01:34,1306184,,,,,,,,,,,,,,,,,,,,,,,,,,,,,,,,,,,,,,,,,,,,,,,,,TN
1354,58a9c7eea9e944accebc2ca6d02df0b981d8187d,0.08661390871299135,autoland,4768104,12,53390121d39b212135aaffcd577053a14c7f0dff,linux1804-64-shippable-qr,True,False,,,102210fe594ee9b33d82058545b1ed14f4c8206e,custom.jsdebugger.stepOut.DAMP,damp,True,damp custom.jsdebugger.stepOut.DAMP opt e10s fission stylo webrender,4767202,77,ms,firefox,,1763567566,2023-09-25 20:15:04,1306196,,,,,,,,,,,,,,,,,,,,,,,,,,,,,,,,,,,,,,,,,,,,,,,,,TN
1355,fceae3a86a00f546a9620609c7857b72f7111d4e,0.07960528643869447,autoland,4768104,12,53390121d39b212135aaffcd577053a14c7f0dff,linux1804-64-shippable-qr,True,False,,,102210fe594ee9b33d82058545b1ed14f4c8206e,custom.jsdebugger.stepOut.DAMP,damp,True,damp custom.jsdebugger.stepOut.DAMP opt e10s fission stylo webrender,4767202,77,ms,firefox,,1763566718,2023-09-25 20:38:54,1306206,,,,,,,,,,,,,,,,,,,,,,,,,,,,,,,,,,,,,,,,,,,,,,,,,TN
1356,954b734084c2f140d223b99dbe4434ff80bfc869,0.07845380640499788,autoland,4768104,12,53390121d39b212135aaffcd577053a14c7f0dff,linux1804-64-shippable-qr,True,False,,,102210fe594ee9b33d82058545b1ed14f4c8206e,custom.jsdebugger.stepOut.DAMP,damp,True,damp custom.jsdebugger.stepOut.DAMP opt e10s fission stylo webrender,4767202,77,ms,firefox,,1763569719,2023-09-25 20:44:54,1306208,,,,,,,,,,,,,,,,,,,,,,,,,,,,,,,,,,,,,,,,,,,,,,,,,TN
1357,6a7f708c3d0458c9b30efa2bdfde6e7812554d1e,0.08015382411750416,autoland,4768104,12,53390121d39b212135aaffcd577053a14c7f0dff,linux1804-64-shippable-qr,True,False,,,102210fe594ee9b33d82058545b1ed14f4c8206e,custom.jsdebugger.stepOut.DAMP,damp,True,damp custom.jsdebugger.stepOut.DAMP opt e10s fission stylo webrender,4767202,77,ms,firefox,,1762076624,2023-09-25 20:45:54,1306210,,,,,,,,,,,,,,,,,,,,,,,,,,,,,,,,,,,,,,,,,,,,,,,,,TN
1358,a35fad815a445693932b3433e59129fd3fa28928,0.08788925956128746,autoland,4768104,12,53390121d39b212135aaffcd577053a14c7f0dff,linux1804-64-shippable-qr,True,False,,,102210fe594ee9b33d82058545b1ed14f4c8206e,custom.jsdebugger.stepOut.DAMP,damp,True,damp custom.jsdebugger.stepOut.DAMP opt e10s fission stylo webrender,4767202,77,ms,firefox,,1763575651,2023-09-25 22:31:13,1306295,,,,,,,,,,,,,,,,,,,,,,,,,,,,,,,,,,,,,,,,,,,,,,,,,TN
1359,589a7a37c2f9a6d45ecbd14f937b1621d2efeeda,0.07383332854567404,autoland,4768104,12,53390121d39b212135aaffcd577053a14c7f0dff,linux1804-64-shippable-qr,True,False,,,102210fe594ee9b33d82058545b1ed14f4c8206e,custom.jsdebugger.stepOut.DAMP,damp,True,damp custom.jsdebugger.stepOut.DAMP opt e10s fission stylo webrender,4767202,77,ms,firefox,,1763574904,2023-09-25 22:32:11,1306297,,,,,,,,,,,,,,,,,,,,,,,,,,,,,,,,,,,,,,,,,,,,,,,,,TN
1360,80384e2c99e87006a2706b701a3185463685fe76,0.07656935408799614,autoland,4768104,12,53390121d39b212135aaffcd577053a14c7f0dff,linux1804-64-shippable-qr,True,False,,,102210fe594ee9b33d82058545b1ed14f4c8206e,custom.jsdebugger.stepOut.DAMP,damp,True,damp custom.jsdebugger.stepOut.DAMP opt e10s fission stylo webrender,4767202,77,ms,firefox,,1763575830,2023-09-25 22:33:00,1306298,,,,,,,,,,,,,,,,,,,,,,,,,,,,,,,,,,,,,,,,,,,,,,,,,TN
1361,93cb4f911941645d91cf11ed1b0062f6e351c7f5,0.08376985178022478,autoland,4768104,12,53390121d39b212135aaffcd577053a14c7f0dff,linux1804-64-shippable-qr,True,False,,,102210fe594ee9b33d82058545b1ed14f4c8206e,custom.jsdebugger.stepOut.DAMP,damp,True,damp custom.jsdebugger.stepOut.DAMP opt e10s fission stylo webrender,4767202,77,ms,firefox,,1763575776,2023-09-25 23:19:28,1306315,,,,,,,,,,,,,,,,,,,,,,,,,,,,,,,,,,,,,,,,,,,,,,,,,TN
1362,2b3b967b65713ac173e9cd35c580ba61316b142c,0.06888466004369398,autoland,4768104,12,53390121d39b212135aaffcd577053a14c7f0dff,linux1804-64-shippable-qr,True,False,,,102210fe594ee9b33d82058545b1ed14f4c8206e,custom.jsdebugger.stepOut.DAMP,damp,True,damp custom.jsdebugger.stepOut.DAMP opt e10s fission stylo webrender,4767202,77,ms,firefox,,1763575394,2023-09-25 23:20:46,1306317,,,,,,,,,,,,,,,,,,,,,,,,,,,,,,,,,,,,,,,,,,,,,,,,,TN
1363,dbe80b2fa7177e56b59b896014226bdb041e31b1,0.08298830009636271,autoland,4768104,12,53390121d39b212135aaffcd577053a14c7f0dff,linux1804-64-shippable-qr,True,False,,,102210fe594ee9b33d82058545b1ed14f4c8206e,custom.jsdebugger.stepOut.DAMP,damp,True,damp custom.jsdebugger.stepOut.DAMP opt e10s fission stylo webrender,4767202,77,ms,firefox,,1763575998,2023-09-25 23:27:50,1306320,,,,,,,,,,,,,,,,,,,,,,,,,,,,,,,,,,,,,,,,,,,,,,,,,TN
1364,f1e42744f477db17dc1b75b1d476eddcdd5619a4,0.07418718795776846,autoland,4768104,12,53390121d39b212135aaffcd577053a14c7f0dff,linux1804-64-shippable-qr,True,False,,,102210fe594ee9b33d82058545b1ed14f4c8206e,custom.jsdebugger.stepOut.DAMP,damp,True,damp custom.jsdebugger.stepOut.DAMP opt e10s fission stylo webrender,4767202,77,ms,firefox,,1763575344,2023-09-25 23:39:33,1306326,,,,,,,,,,,,,,,,,,,,,,,,,,,,,,,,,,,,,,,,,,,,,,,,,TN
1365,607266cea485dde9ac0393378974c99f814c65ca,0.07388551458968673,autoland,4768104,12,53390121d39b212135aaffcd577053a14c7f0dff,linux1804-64-shippable-qr,True,False,,,102210fe594ee9b33d82058545b1ed14f4c8206e,custom.jsdebugger.stepOut.DAMP,damp,True,damp custom.jsdebugger.stepOut.DAMP opt e10s fission stylo webrender,4767202,77,ms,firefox,,1763575530,2023-09-25 23:47:30,1306330,,,,,,,,,,,,,,,,,,,,,,,,,,,,,,,,,,,,,,,,,,,,,,,,,TN
1366,a7e93abb3aae8576da487ac0c9ae1286de30637c,0.08051606326257044,autoland,4768104,12,53390121d39b212135aaffcd577053a14c7f0dff,linux1804-64-shippable-qr,True,False,,,102210fe594ee9b33d82058545b1ed14f4c8206e,custom.jsdebugger.stepOut.DAMP,damp,True,damp custom.jsdebugger.stepOut.DAMP opt e10s fission stylo webrender,4767202,77,ms,firefox,,1763575413,2023-09-25 23:49:30,1306333,,,,,,,,,,,,,,,,,,,,,,,,,,,,,,,,,,,,,,,,,,,,,,,,,TN
1367,844608487349450c789be0794a915bb90d90b133,0.05842733054222393,autoland,4768104,12,53390121d39b212135aaffcd577053a14c7f0dff,linux1804-64-shippable-qr,True,False,,,102210fe594ee9b33d82058545b1ed14f4c8206e,custom.jsdebugger.stepOut.DAMP,damp,True,damp custom.jsdebugger.stepOut.DAMP opt e10s fission stylo webrender,4767202,77,ms,firefox,,1762129616,2023-09-26 00:20:03,1306338,,,,,,,,,,,,,,,,,,,,,,,,,,,,,,,,,,,,,,,,,,,,,,,,,TN
1368,399bdc5c0788b891d95b0031e1f5e4e13595bdba,0.04961435920362389,autoland,4768104,12,53390121d39b212135aaffcd577053a14c7f0dff,linux1804-64-shippable-qr,True,False,,,102210fe594ee9b33d82058545b1ed14f4c8206e,custom.jsdebugger.stepOut.DAMP,damp,True,damp custom.jsdebugger.stepOut.DAMP opt e10s fission stylo webrender,4767202,77,ms,firefox,,1763754314,2023-09-26 00:50:24,1306350,,,,,,,,,,,,,,,,,,,,,,,,,,,,,,,,,,,,,,,,,,,,,,,,,TN
1369,c23c9191da93412ccfb6e59f427b04c7dcb3880e,0.04859053050191331,autoland,4768104,12,53390121d39b212135aaffcd577053a14c7f0dff,linux1804-64-shippable-qr,True,False,,,102210fe594ee9b33d82058545b1ed14f4c8206e,custom.jsdebugger.stepOut.DAMP,damp,True,damp custom.jsdebugger.stepOut.DAMP opt e10s fission stylo webrender,4767202,77,ms,firefox,,1763567476,2023-09-26 01:39:27,1306359,487.6,mozilla-ldap/jdescottes@mozilla.com,844608487349450c789be0794a915bb90d90b133,39676.0,2.54,500.31,2023-10-04 08:12:29.145552,12.0,12.0,,,,1306338.0,2.0,2.0,,,,2023-10-05 03:31:03.607229,,1.0,-12.72,181257.0,,"(6,)",39676.0,,False,False,jdescottes@mozilla.com,"(0,)","(4,)",,2023-09-28 03:31:03.607229,,,OUTLIERS,39670.0,,,"('[{""perf_datum_id"": 1763575413, ""value"": 503.1089340000035, ""job_id"": 430577145, ""push_id"": 1306333, ""push_timestamp"": ""2023-09-25T23:49:30"", ""push__revision"": ""a7e93abb3aae8576da487ac0c9ae1286de30637c""}, {""perf_datum_id"": 1762129616, ""value"": 491.9930444999918, ""job_id"": 430305314, ""push_id"": 1306338, ""push_timestamp"": ""2023-09-26T00:20:03"", ""push__revision"": ""844608487349450c789be0794a915bb90d90b133""}, {""perf_datum_id"": 1763567476, ""value"": 487.04279300000053, ""job_id"": 430576722, ""push_id"": 1306359, ""push_timestamp"": ""2023-09-26T01:39:27"", ""push__revision"": ""c23c9191da93412ccfb6e59f427b04c7dcb3880e""}, {""perf_datum_id"": 1763567407, ""value"": 486.39981399997487, ""job_id"": 430576720, ""push_id"": 1306360, ""push_timestamp"": ""2023-09-26T01:40:46"", ""push__revision"": ""e12bd9f0ee965bb4e7ef9269a629a79c43403a4d""}, {""perf_datum_id"": 1763568077, ""value"": 479.0913154999871, ""job_id"": 430576728, ""push_id"": 1306361, ""push_timestamp"": ""2023-09-26T01:42:43"", ""push__revision"": ""28162003bd3c3eaf44b4227b54b72aaf7f8f848f""}]',)",False,"(0,)",7.19,damp,"(3,)",,2023-10-03 03:31:03.607229,TP
1370,e12bd9f0ee965bb4e7ef9269a629a79c43403a4d,0.04731284676132319,autoland,4768104,12,53390121d39b212135aaffcd577053a14c7f0dff,linux1804-64-shippable-qr,True,False,,,102210fe594ee9b33d82058545b1ed14f4c8206e,custom.jsdebugger.stepOut.DAMP,damp,True,damp custom.jsdebugger.stepOut.DAMP opt e10s fission stylo webrender,4767202,77,ms,firefox,,1763567407,2023-09-26 01:40:46,1306360,,,,,,,,,,,,,,,,,,,,,,,,,,,,,,,,,,,,,,,,,,,,,,,,,TN
1371,28162003bd3c3eaf44b4227b54b72aaf7f8f848f,0.032789900131355965,autoland,4768104,12,53390121d39b212135aaffcd577053a14c7f0dff,linux1804-64-shippable-qr,True,False,,,102210fe594ee9b33d82058545b1ed14f4c8206e,custom.jsdebugger.stepOut.DAMP,damp,True,damp custom.jsdebugger.stepOut.DAMP opt e10s fission stylo webrender,4767202,77,ms,firefox,,1763568077,2023-09-26 01:42:43,1306361,,,,,,,,,,,,,,,,,,,,,,,,,,,,,,,,,,,,,,,,,,,,,,,,,TN
1372,39dc607f61623c82e70f4982272959e0625d52ae,0.043905770929959065,autoland,4768104,12,53390121d39b212135aaffcd577053a14c7f0dff,linux1804-64-shippable-qr,True,False,,,102210fe594ee9b33d82058545b1ed14f4c8206e,custom.jsdebugger.stepOut.DAMP,damp,True,damp custom.jsdebugger.stepOut.DAMP opt e10s fission stylo webrender,4767202,77,ms,firefox,,1763569360,2023-09-26 02:32:51,1306368,,,,,,,,,,,,,,,,,,,,,,,,,,,,,,,,,,,,,,,,,,,,,,,,,TN
1373,956fe894deba1ba357c2699828221cda94a938a0,0.02896249534356865,autoland,4768104,12,53390121d39b212135aaffcd577053a14c7f0dff,linux1804-64-shippable-qr,True,False,,,102210fe594ee9b33d82058545b1ed14f4c8206e,custom.jsdebugger.stepOut.DAMP,damp,True,damp custom.jsdebugger.stepOut.DAMP opt e10s fission stylo webrender,4767202,77,ms,firefox,,1763568472,2023-09-26 02:51:20,1306370,,,,,,,,,,,,,,,,,,,,,,,,,,,,,,,,,,,,,,,,,,,,,,,,,TN
1374,d6b39ea73d85054019ddee8cf425a34c549015d5,0.04588150212634401,autoland,4768104,12,53390121d39b212135aaffcd577053a14c7f0dff,linux1804-64-shippable-qr,True,False,,,102210fe594ee9b33d82058545b1ed14f4c8206e,custom.jsdebugger.stepOut.DAMP,damp,True,damp custom.jsdebugger.stepOut.DAMP opt e10s fission stylo webrender,4767202,77,ms,firefox,,1763570230,2023-09-26 02:57:49,1306372,,,,,,,,,,,,,,,,,,,,,,,,,,,,,,,,,,,,,,,,,,,,,,,,,TN
1375,4a37e473ff9e59f774fb5f7ca79e14fc6498aace,0.05786725657228564,autoland,4768104,12,53390121d39b212135aaffcd577053a14c7f0dff,linux1804-64-shippable-qr,True,False,,,102210fe594ee9b33d82058545b1ed14f4c8206e,custom.jsdebugger.stepOut.DAMP,damp,True,damp custom.jsdebugger.stepOut.DAMP opt e10s fission stylo webrender,4767202,77,ms,firefox,,1763570840,2023-09-26 03:06:55,1306373,,,,,,,,,,,,,,,,,,,,,,,,,,,,,,,,,,,,,,,,,,,,,,,,,TN
1376,28fd337dde917a4b11368b4ef5ea5ad19be7d484,0.05843325517437503,autoland,4768104,12,53390121d39b212135aaffcd577053a14c7f0dff,linux1804-64-shippable-qr,True,False,,,102210fe594ee9b33d82058545b1ed14f4c8206e,custom.jsdebugger.stepOut.DAMP,damp,True,damp custom.jsdebugger.stepOut.DAMP opt e10s fission stylo webrender,4767202,77,ms,firefox,,1763570520,2023-09-26 03:40:31,1306381,,,,,,,,,,,,,,,,,,,,,,,,,,,,,,,,,,,,,,,,,,,,,,,,,TN
1377,535c375b13285473c8d29d518a21b67b6f75df68,0.05104862889606121,autoland,4768104,12,53390121d39b212135aaffcd577053a14c7f0dff,linux1804-64-shippable-qr,True,False,,,102210fe594ee9b33d82058545b1ed14f4c8206e,custom.jsdebugger.stepOut.DAMP,damp,True,damp custom.jsdebugger.stepOut.DAMP opt e10s fission stylo webrender,4767202,77,ms,firefox,,1763569036,2023-09-26 04:10:55,1306385,,,,,,,,,,,,,,,,,,,,,,,,,,,,,,,,,,,,,,,,,,,,,,,,,TN
1378,5c61430973af5452b01293947d0f76b758b97c28,0.06830696617991272,autoland,4768104,12,53390121d39b212135aaffcd577053a14c7f0dff,linux1804-64-shippable-qr,True,False,,,102210fe594ee9b33d82058545b1ed14f4c8206e,custom.jsdebugger.stepOut.DAMP,damp,True,damp custom.jsdebugger.stepOut.DAMP opt e10s fission stylo webrender,4767202,77,ms,firefox,,1762227037,2023-09-26 05:18:37,1306392,,,,,,,,,,,,,,,,,,,,,,,,,,,,,,,,,,,,,,,,,,,,,,,,,TN
1379,d664486ee56f12d30502b0986a5c78706c86d2cb,0.04938394138573088,autoland,4768104,12,53390121d39b212135aaffcd577053a14c7f0dff,linux1804-64-shippable-qr,True,False,,,102210fe594ee9b33d82058545b1ed14f4c8206e,custom.jsdebugger.stepOut.DAMP,damp,True,damp custom.jsdebugger.stepOut.DAMP opt e10s fission stylo webrender,4767202,77,ms,firefox,,1763570659,2023-09-26 05:47:34,1306405,,,,,,,,,,,,,,,,,,,,,,,,,,,,,,,,,,,,,,,,,,,,,,,,,TN
1380,5ce74cb070053dacafe7c84b937cfc31d89ac883,0.051686577550724144,autoland,4768104,12,53390121d39b212135aaffcd577053a14c7f0dff,linux1804-64-shippable-qr,True,False,,,102210fe594ee9b33d82058545b1ed14f4c8206e,custom.jsdebugger.stepOut.DAMP,damp,True,damp custom.jsdebugger.stepOut.DAMP opt e10s fission stylo webrender,4767202,77,ms,firefox,,1763571796,2023-09-26 06:11:12,1306411,,,,,,,,,,,,,,,,,,,,,,,,,,,,,,,,,,,,,,,,,,,,,,,,,TN
1381,5fa5960176d2a6b001a16c4c4e5bb69469c69b27,0.050765644498495965,autoland,4768104,12,53390121d39b212135aaffcd577053a14c7f0dff,linux1804-64-shippable-qr,True,False,,,102210fe594ee9b33d82058545b1ed14f4c8206e,custom.jsdebugger.stepOut.DAMP,damp,True,damp custom.jsdebugger.stepOut.DAMP opt e10s fission stylo webrender,4767202,77,ms,firefox,,1763571871,2023-09-26 07:01:21,1306415,,,,,,,,,,,,,,,,,,,,,,,,,,,,,,,,,,,,,,,,,,,,,,,,,TN
1382,afb89cc4de8936deab4b253e137fcacdf6549af1,0.04319938348377561,autoland,4768104,12,53390121d39b212135aaffcd577053a14c7f0dff,linux1804-64-shippable-qr,True,False,,,102210fe594ee9b33d82058545b1ed14f4c8206e,custom.jsdebugger.stepOut.DAMP,damp,True,damp custom.jsdebugger.stepOut.DAMP opt e10s fission stylo webrender,4767202,77,ms,firefox,,1763571652,2023-09-26 07:13:44,1306419,,,,,,,,,,,,,,,,,,,,,,,,,,,,,,,,,,,,,,,,,,,,,,,,,TN
1383,e0542c230f7a70854b7eea5b1887d780119a807c,0.054496142850822826,autoland,4768104,12,53390121d39b212135aaffcd577053a14c7f0dff,linux1804-64-shippable-qr,True,False,,,102210fe594ee9b33d82058545b1ed14f4c8206e,custom.jsdebugger.stepOut.DAMP,damp,True,damp custom.jsdebugger.stepOut.DAMP opt e10s fission stylo webrender,4767202,77,ms,firefox,,1763572075,2023-09-26 07:15:22,1306420,,,,,,,,,,,,,,,,,,,,,,,,,,,,,,,,,,,,,,,,,,,,,,,,,TN
1384,5ede1e3235c0f8764d009107a5e686753bf8c3d9,0.06690188446658496,autoland,4768104,12,53390121d39b212135aaffcd577053a14c7f0dff,linux1804-64-shippable-qr,True,False,,,102210fe594ee9b33d82058545b1ed14f4c8206e,custom.jsdebugger.stepOut.DAMP,damp,True,damp custom.jsdebugger.stepOut.DAMP opt e10s fission stylo webrender,4767202,77,ms,firefox,,1763571317,2023-09-26 07:19:39,1306421,,,,,,,,,,,,,,,,,,,,,,,,,,,,,,,,,,,,,,,,,,,,,,,,,TN
1385,0b480081dd33a59f2e3c247ebf9eaa36c90a926a,0.035980648893454314,autoland,4768104,12,53390121d39b212135aaffcd577053a14c7f0dff,linux1804-64-shippable-qr,True,False,,,102210fe594ee9b33d82058545b1ed14f4c8206e,custom.jsdebugger.stepOut.DAMP,damp,True,damp custom.jsdebugger.stepOut.DAMP opt e10s fission stylo webrender,4767202,77,ms,firefox,,1763572013,2023-09-26 07:22:43,1306422,,,,,,,,,,,,,,,,,,,,,,,,,,,,,,,,,,,,,,,,,,,,,,,,,TN
1386,a7382d4a1a052e1b25d2ad2dd2bdbbf16ed3ecd7,0.06061941861498166,autoland,4768104,12,53390121d39b212135aaffcd577053a14c7f0dff,linux1804-64-shippable-qr,True,False,,,102210fe594ee9b33d82058545b1ed14f4c8206e,custom.jsdebugger.stepOut.DAMP,damp,True,damp custom.jsdebugger.stepOut.DAMP opt e10s fission stylo webrender,4767202,77,ms,firefox,,1763572218,2023-09-26 07:47:07,1306433,,,,,,,,,,,,,,,,,,,,,,,,,,,,,,,,,,,,,,,,,,,,,,,,,TN
1387,920e4f82b3485f132edc7f551ecd9334fa702021,0.03510044507925114,autoland,4768104,12,53390121d39b212135aaffcd577053a14c7f0dff,linux1804-64-shippable-qr,True,False,,,102210fe594ee9b33d82058545b1ed14f4c8206e,custom.jsdebugger.stepOut.DAMP,damp,True,damp custom.jsdebugger.stepOut.DAMP opt e10s fission stylo webrender,4767202,77,ms,firefox,,1762291642,2023-09-26 07:48:07,1306435,,,,,,,,,,,,,,,,,,,,,,,,,,,,,,,,,,,,,,,,,,,,,,,,,TN
1388,e60c3407f3620f94624c0ac7484a7d1b257be989,0.04269089643772017,autoland,4768104,12,53390121d39b212135aaffcd577053a14c7f0dff,linux1804-64-shippable-qr,True,False,,,102210fe594ee9b33d82058545b1ed14f4c8206e,custom.jsdebugger.stepOut.DAMP,damp,True,damp custom.jsdebugger.stepOut.DAMP opt e10s fission stylo webrender,4767202,77,ms,firefox,,1762413427,2023-09-26 12:02:33,1306598,,,,,,,,,,,,,,,,,,,,,,,,,,,,,,,,,,,,,,,,,,,,,,,,,TN
1389,f6c351ade4f28a1ce3843d0af7e5ec35b37a3576,0.03791326828116859,autoland,4768104,12,53390121d39b212135aaffcd577053a14c7f0dff,linux1804-64-shippable-qr,True,False,,,102210fe594ee9b33d82058545b1ed14f4c8206e,custom.jsdebugger.stepOut.DAMP,damp,True,damp custom.jsdebugger.stepOut.DAMP opt e10s fission stylo webrender,4767202,77,ms,firefox,,1762498740,2023-09-26 15:03:48,1306757,,,,,,,,,,,,,,,,,,,,,,,,,,,,,,,,,,,,,,,,,,,,,,,,,TN
1390,7a98d860920f5f74014454ce20ec6739e8a16878,0.06191510576571102,autoland,4768104,12,53390121d39b212135aaffcd577053a14c7f0dff,linux1804-64-shippable-qr,True,False,,,102210fe594ee9b33d82058545b1ed14f4c8206e,custom.jsdebugger.stepOut.DAMP,damp,True,damp custom.jsdebugger.stepOut.DAMP opt e10s fission stylo webrender,4767202,77,ms,firefox,,1762696751,2023-09-26 21:35:50,1307018,,,,,,,,,,,,,,,,,,,,,,,,,,,,,,,,,,,,,,,,,,,,,,,,,TN
1391,583cfd323dab818e35dc1f15fa3e92a503e56e11,0.056165355059268895,autoland,4768104,12,53390121d39b212135aaffcd577053a14c7f0dff,linux1804-64-shippable-qr,True,False,,,102210fe594ee9b33d82058545b1ed14f4c8206e,custom.jsdebugger.stepOut.DAMP,damp,True,damp custom.jsdebugger.stepOut.DAMP opt e10s fission stylo webrender,4767202,77,ms,firefox,,1762779107,2023-09-27 02:35:37,1307110,,,,,,,,,,,,,,,,,,,,,,,,,,,,,,,,,,,,,,,,,,,,,,,,,TN
1392,82ae09837aed66d319e3280febbf971a401bd8a6,0.04099096516543599,autoland,4768104,12,53390121d39b212135aaffcd577053a14c7f0dff,linux1804-64-shippable-qr,True,False,,,102210fe594ee9b33d82058545b1ed14f4c8206e,custom.jsdebugger.stepOut.DAMP,damp,True,damp custom.jsdebugger.stepOut.DAMP opt e10s fission stylo webrender,4767202,77,ms,firefox,,1762858679,2023-09-27 06:23:31,1307163,,,,,,,,,,,,,,,,,,,,,,,,,,,,,,,,,,,,,,,,,,,,,,,,,TN
1393,a1a8c2eeff55a4651fa01530fa3ec3ab3bec9b31,0.0650415807636241,autoland,4768104,12,53390121d39b212135aaffcd577053a14c7f0dff,linux1804-64-shippable-qr,True,False,,,102210fe594ee9b33d82058545b1ed14f4c8206e,custom.jsdebugger.stepOut.DAMP,damp,True,damp custom.jsdebugger.stepOut.DAMP opt e10s fission stylo webrender,4767202,77,ms,firefox,,1762999807,2023-09-27 10:25:54,1307283,,,,,,,,,,,,,,,,,,,,,,,,,,,,,,,,,,,,,,,,,,,,,,,,,TN
1394,af764baf74a1dd0e0b863a8cf26c25266bdcbc14,0.04801199806868517,autoland,4768104,12,53390121d39b212135aaffcd577053a14c7f0dff,linux1804-64-shippable-qr,True,False,,,102210fe594ee9b33d82058545b1ed14f4c8206e,custom.jsdebugger.stepOut.DAMP,damp,True,damp custom.jsdebugger.stepOut.DAMP opt e10s fission stylo webrender,4767202,77,ms,firefox,,1762990288,2023-09-27 10:32:06,1307289,,,,,,,,,,,,,,,,,,,,,,,,,,,,,,,,,,,,,,,,,,,,,,,,,TN
1395,42b4fa32b69deff886ea9bc4f4f7fb94391b751a,0.04431383630504204,autoland,4768104,12,53390121d39b212135aaffcd577053a14c7f0dff,linux1804-64-shippable-qr,True,False,,,102210fe594ee9b33d82058545b1ed14f4c8206e,custom.jsdebugger.stepOut.DAMP,damp,True,damp custom.jsdebugger.stepOut.DAMP opt e10s fission stylo webrender,4767202,77,ms,firefox,,1763197554,2023-09-27 14:48:02,1307439,,,,,,,,,,,,,,,,,,,,,,,,,,,,,,,,,,,,,,,,,,,,,,,,,TN
1396,7768cf51f090145a9009fb37298f3c1da7d60a2f,0.06951131086304796,autoland,4768104,12,53390121d39b212135aaffcd577053a14c7f0dff,linux1804-64-shippable-qr,True,False,,,102210fe594ee9b33d82058545b1ed14f4c8206e,custom.jsdebugger.stepOut.DAMP,damp,True,damp custom.jsdebugger.stepOut.DAMP opt e10s fission stylo webrender,4767202,77,ms,firefox,,1763316625,2023-09-27 17:53:51,1307581,,,,,,,,,,,,,,,,,,,,,,,,,,,,,,,,,,,,,,,,,,,,,,,,,TN
1397,d60788c1a5064d4f45dd33001554cde650df86be,0.05362366798406837,autoland,4768104,12,53390121d39b212135aaffcd577053a14c7f0dff,linux1804-64-shippable-qr,True,False,,,102210fe594ee9b33d82058545b1ed14f4c8206e,custom.jsdebugger.stepOut.DAMP,damp,True,damp custom.jsdebugger.stepOut.DAMP opt e10s fission stylo webrender,4767202,77,ms,firefox,,1763531348,2023-09-27 23:11:22,1307771,,,,,,,,,,,,,,,,,,,,,,,,,,,,,,,,,,,,,,,,,,,,,,,,,TN
1398,d1fc71cc3817fe3529b10939ed53c1d395a346fa,0.06396211735149304,autoland,4768104,12,53390121d39b212135aaffcd577053a14c7f0dff,linux1804-64-shippable-qr,True,False,,,102210fe594ee9b33d82058545b1ed14f4c8206e,custom.jsdebugger.stepOut.DAMP,damp,True,damp custom.jsdebugger.stepOut.DAMP opt e10s fission stylo webrender,4767202,77,ms,firefox,,1763683378,2023-09-28 04:14:46,1307836,,,,,,,,,,,,,,,,,,,,,,,,,,,,,,,,,,,,,,,,,,,,,,,,,TN
1399,d330b8e9f58e1065d1ca63ac5f284f7d1865e83c,0.05465125534480686,autoland,4768104,12,53390121d39b212135aaffcd577053a14c7f0dff,linux1804-64-shippable-qr,True,False,,,102210fe594ee9b33d82058545b1ed14f4c8206e,custom.jsdebugger.stepOut.DAMP,damp,True,damp custom.jsdebugger.stepOut.DAMP opt e10s fission stylo webrender,4767202,77,ms,firefox,,1763789031,2023-09-28 08:00:04,1307885,,,,,,,,,,,,,,,,,,,,,,,,,,,,,,,,,,,,,,,,,,,,,,,,,TN
1400,a5fd40a8bf47afafdda240c7b8f1b1b911d2d937,0.06003374840584508,autoland,4768104,12,53390121d39b212135aaffcd577053a14c7f0dff,linux1804-64-shippable-qr,True,False,,,102210fe594ee9b33d82058545b1ed14f4c8206e,custom.jsdebugger.stepOut.DAMP,damp,True,damp custom.jsdebugger.stepOut.DAMP opt e10s fission stylo webrender,4767202,77,ms,firefox,,1763903005,2023-09-28 11:44:43,1308037,,,,,,,,,,,,,,,,,,,,,,,,,,,,,,,,,,,,,,,,,,,,,,,,,TN
1401,0df79cc60ea0ef86258f3b33d533c75e91805d8b,0.04163813410971473,autoland,4768104,12,53390121d39b212135aaffcd577053a14c7f0dff,linux1804-64-shippable-qr,True,False,,,102210fe594ee9b33d82058545b1ed14f4c8206e,custom.jsdebugger.stepOut.DAMP,damp,True,damp custom.jsdebugger.stepOut.DAMP opt e10s fission stylo webrender,4767202,77,ms,firefox,,1764059400,2023-09-28 15:45:35,1308186,,,,,,,,,,,,,,,,,,,,,,,,,,,,,,,,,,,,,,,,,,,,,,,,,TN
1402,a216736126b15f69ebee5d940a5c3394f95759cb,0.04775188058542401,autoland,4768104,12,53390121d39b212135aaffcd577053a14c7f0dff,linux1804-64-shippable-qr,True,False,,,102210fe594ee9b33d82058545b1ed14f4c8206e,custom.jsdebugger.stepOut.DAMP,damp,True,damp custom.jsdebugger.stepOut.DAMP opt e10s fission stylo webrender,4767202,77,ms,firefox,,1764082868,2023-09-28 16:38:20,1308227,,,,,,,,,,,,,,,,,,,,,,,,,,,,,,,,,,,,,,,,,,,,,,,,,TN
1403,cd324cfaf45936b4670a6c0d15cbfe22d0e2f609,0.05252092135366926,autoland,4768104,12,53390121d39b212135aaffcd577053a14c7f0dff,linux1804-64-shippable-qr,True,False,,,102210fe594ee9b33d82058545b1ed14f4c8206e,custom.jsdebugger.stepOut.DAMP,damp,True,damp custom.jsdebugger.stepOut.DAMP opt e10s fission stylo webrender,4767202,77,ms,firefox,,1764189683,2023-09-28 19:24:36,1308380,,,,,,,,,,,,,,,,,,,,,,,,,,,,,,,,,,,,,,,,,,,,,,,,,TN
1404,72bb9164219d9f54440ccfa7f55dc02f195190f9,0.046177250862274644,autoland,4768104,12,53390121d39b212135aaffcd577053a14c7f0dff,linux1804-64-shippable-qr,True,False,,,102210fe594ee9b33d82058545b1ed14f4c8206e,custom.jsdebugger.stepOut.DAMP,damp,True,damp custom.jsdebugger.stepOut.DAMP opt e10s fission stylo webrender,4767202,77,ms,firefox,,1764295375,2023-09-28 22:48:25,1308491,,,,,,,,,,,,,,,,,,,,,,,,,,,,,,,,,,,,,,,,,,,,,,,,,TN
1405,4fd1c7c2dcf2973c3285d981e74b08dee641a0fc,0.06176561188566665,autoland,4768104,12,53390121d39b212135aaffcd577053a14c7f0dff,linux1804-64-shippable-qr,True,False,,,102210fe594ee9b33d82058545b1ed14f4c8206e,custom.jsdebugger.stepOut.DAMP,damp,True,damp custom.jsdebugger.stepOut.DAMP opt e10s fission stylo webrender,4767202,77,ms,firefox,,1764536996,2023-09-29 05:26:28,1308580,,,,,,,,,,,,,,,,,,,,,,,,,,,,,,,,,,,,,,,,,,,,,,,,,TN
1406,6453cd78e4f187bc198e83900dd9937c3cc6d0fc,0.06626078024728443,autoland,4768104,12,53390121d39b212135aaffcd577053a14c7f0dff,linux1804-64-shippable-qr,True,False,,,102210fe594ee9b33d82058545b1ed14f4c8206e,custom.jsdebugger.stepOut.DAMP,damp,True,damp custom.jsdebugger.stepOut.DAMP opt e10s fission stylo webrender,4767202,77,ms,firefox,,1764674668,2023-09-29 09:03:41,1308650,,,,,,,,,,,,,,,,,,,,,,,,,,,,,,,,,,,,,,,,,,,,,,,,,TN
1407,dfea5c2f2737b0334921941ecd0f5f235432942e,0.054446667254004266,autoland,4768104,12,53390121d39b212135aaffcd577053a14c7f0dff,linux1804-64-shippable-qr,True,False,,,102210fe594ee9b33d82058545b1ed14f4c8206e,custom.jsdebugger.stepOut.DAMP,damp,True,damp custom.jsdebugger.stepOut.DAMP opt e10s fission stylo webrender,4767202,77,ms,firefox,,1764758718,2023-09-29 13:06:51,1308761,,,,,,,,,,,,,,,,,,,,,,,,,,,,,,,,,,,,,,,,,,,,,,,,,TN
1408,c3167e76bc8e1af59a444d63526d42fab3be8420,0.04904031271942566,autoland,4768104,12,53390121d39b212135aaffcd577053a14c7f0dff,linux1804-64-shippable-qr,True,False,,,102210fe594ee9b33d82058545b1ed14f4c8206e,custom.jsdebugger.stepOut.DAMP,damp,True,damp custom.jsdebugger.stepOut.DAMP opt e10s fission stylo webrender,4767202,77,ms,firefox,,1766376962,2023-09-29 13:29:12,1308768,,,,,,,,,,,,,,,,,,,,,,,,,,,,,,,,,,,,,,,,,,,,,,,,,TN
1409,0a41249a323f3abd6de55b7baa27a6e1811ab96a,0.05716510072241854,autoland,4768104,12,53390121d39b212135aaffcd577053a14c7f0dff,linux1804-64-shippable-qr,True,False,,,102210fe594ee9b33d82058545b1ed14f4c8206e,custom.jsdebugger.stepOut.DAMP,damp,True,damp custom.jsdebugger.stepOut.DAMP opt e10s fission stylo webrender,4767202,77,ms,firefox,,1766376746,2023-09-29 13:31:49,1308771,,,,,,,,,,,,,,,,,,,,,,,,,,,,,,,,,,,,,,,,,,,,,,,,,TN
1410,0fc7ee382c5cef9b28139168e973d1c1a01fc87b,0.050467860940048626,autoland,4768104,12,53390121d39b212135aaffcd577053a14c7f0dff,linux1804-64-shippable-qr,True,False,,,102210fe594ee9b33d82058545b1ed14f4c8206e,custom.jsdebugger.stepOut.DAMP,damp,True,damp custom.jsdebugger.stepOut.DAMP opt e10s fission stylo webrender,4767202,77,ms,firefox,,1766377378,2023-09-29 13:32:50,1308776,,,,,,,,,,,,,,,,,,,,,,,,,,,,,,,,,,,,,,,,,,,,,,,,,TN
1411,161d8267260601a9d3eabc924298b5ba11a03d44,0.05844614172137175,autoland,4768104,12,53390121d39b212135aaffcd577053a14c7f0dff,linux1804-64-shippable-qr,True,False,,,102210fe594ee9b33d82058545b1ed14f4c8206e,custom.jsdebugger.stepOut.DAMP,damp,True,damp custom.jsdebugger.stepOut.DAMP opt e10s fission stylo webrender,4767202,77,ms,firefox,,1766377282,2023-09-29 13:33:39,1308777,,,,,,,,,,,,,,,,,,,,,,,,,,,,,,,,,,,,,,,,,,,,,,,,,TN
1412,670023e8a9bba0b04831cccee348cee4a5175c18,0.04202633810684664,autoland,4768104,12,53390121d39b212135aaffcd577053a14c7f0dff,linux1804-64-shippable-qr,True,False,,,102210fe594ee9b33d82058545b1ed14f4c8206e,custom.jsdebugger.stepOut.DAMP,damp,True,damp custom.jsdebugger.stepOut.DAMP opt e10s fission stylo webrender,4767202,77,ms,firefox,,1766376856,2023-09-29 13:46:59,1308778,,,,,,,,,,,,,,,,,,,,,,,,,,,,,,,,,,,,,,,,,,,,,,,,,TN
1413,b9016e4fd85efb84fce2996a7e328881b28cb39c,0.04554378716300722,autoland,4768104,12,53390121d39b212135aaffcd577053a14c7f0dff,linux1804-64-shippable-qr,True,False,,,102210fe594ee9b33d82058545b1ed14f4c8206e,custom.jsdebugger.stepOut.DAMP,damp,True,damp custom.jsdebugger.stepOut.DAMP opt e10s fission stylo webrender,4767202,77,ms,firefox,,1766377184,2023-09-29 13:50:09,1308779,,,,,,,,,,,,,,,,,,,,,,,,,,,,,,,,,,,,,,,,,,,,,,,,,TN
1414,a120317e670ae06f583fd6bd0a0de57ed19ad01d,0.05970535905010055,autoland,4768104,12,53390121d39b212135aaffcd577053a14c7f0dff,linux1804-64-shippable-qr,True,False,,,102210fe594ee9b33d82058545b1ed14f4c8206e,custom.jsdebugger.stepOut.DAMP,damp,True,damp custom.jsdebugger.stepOut.DAMP opt e10s fission stylo webrender,4767202,77,ms,firefox,,1766377499,2023-09-29 14:13:24,1308788,,,,,,,,,,,,,,,,,,,,,,,,,,,,,,,,,,,,,,,,,,,,,,,,,TN
1415,ec65ca2f7db18fefc250aca74197ba901e6a0a8c,0.02009708857592074,autoland,4768104,12,53390121d39b212135aaffcd577053a14c7f0dff,linux1804-64-shippable-qr,True,False,,,102210fe594ee9b33d82058545b1ed14f4c8206e,custom.jsdebugger.stepOut.DAMP,damp,True,damp custom.jsdebugger.stepOut.DAMP opt e10s fission stylo webrender,4767202,77,ms,firefox,,1766376220,2023-09-29 14:18:35,1308791,,,,,,,,,,,,,,,,,,,,,,,,,,,,,,,,,,,,,,,,,,,,,,,,,TN
1416,91bd2248667d7c29f28e54274cbf7f5649071bd3,0.05581201627556709,autoland,4768104,12,53390121d39b212135aaffcd577053a14c7f0dff,linux1804-64-shippable-qr,True,False,,,102210fe594ee9b33d82058545b1ed14f4c8206e,custom.jsdebugger.stepOut.DAMP,damp,True,damp custom.jsdebugger.stepOut.DAMP opt e10s fission stylo webrender,4767202,77,ms,firefox,,1766377397,2023-09-29 14:25:07,1308794,,,,,,,,,,,,,,,,,,,,,,,,,,,,,,,,,,,,,,,,,,,,,,,,,TN
1417,e2d3169fc579506294a164827b60ea38b9295bb1,0.05704526676510879,autoland,4768104,12,53390121d39b212135aaffcd577053a14c7f0dff,linux1804-64-shippable-qr,True,False,,,102210fe594ee9b33d82058545b1ed14f4c8206e,custom.jsdebugger.stepOut.DAMP,damp,True,damp custom.jsdebugger.stepOut.DAMP opt e10s fission stylo webrender,4767202,77,ms,firefox,,1764843727,2023-09-29 14:43:48,1308803,,,,,,,,,,,,,,,,,,,,,,,,,,,,,,,,,,,,,,,,,,,,,,,,,TN
1418,448cc1ba3cb98c120a4ee30f00ef888e73a932e6,0.036032236810914164,autoland,4768104,12,53390121d39b212135aaffcd577053a14c7f0dff,linux1804-64-shippable-qr,True,False,,,102210fe594ee9b33d82058545b1ed14f4c8206e,custom.jsdebugger.stepOut.DAMP,damp,True,damp custom.jsdebugger.stepOut.DAMP opt e10s fission stylo webrender,4767202,77,ms,firefox,,1766376800,2023-09-29 20:25:36,1308997,,,,,,,,,,,,,,,,,,,,,,,,,,,,,,,,,,,,,,,,,,,,,,,,,TN
1419,6ffc8bdec837d1b4c1dc4a75b96f417bfde1cebd,0.048119563476846317,autoland,4768104,12,53390121d39b212135aaffcd577053a14c7f0dff,linux1804-64-shippable-qr,True,False,,,102210fe594ee9b33d82058545b1ed14f4c8206e,custom.jsdebugger.stepOut.DAMP,damp,True,damp custom.jsdebugger.stepOut.DAMP opt e10s fission stylo webrender,4767202,77,ms,firefox,,1766377054,2023-09-29 20:42:51,1309001,,,,,,,,,,,,,,,,,,,,,,,,,,,,,,,,,,,,,,,,,,,,,,,,,TN
1420,c869f080aad6301b8c8021152a97de1e23de2f24,0.06093920667265462,autoland,4768104,12,53390121d39b212135aaffcd577053a14c7f0dff,linux1804-64-shippable-qr,True,False,,,102210fe594ee9b33d82058545b1ed14f4c8206e,custom.jsdebugger.stepOut.DAMP,damp,True,damp custom.jsdebugger.stepOut.DAMP opt e10s fission stylo webrender,4767202,77,ms,firefox,,1766377129,2023-09-29 21:07:12,1309006,,,,,,,,,,,,,,,,,,,,,,,,,,,,,,,,,,,,,,,,,,,,,,,,,TN
1421,e6362eee5078a68e7fdfbf6bc3083042a37ff4e3,0.04915503776194763,autoland,4768104,12,53390121d39b212135aaffcd577053a14c7f0dff,linux1804-64-shippable-qr,True,False,,,102210fe594ee9b33d82058545b1ed14f4c8206e,custom.jsdebugger.stepOut.DAMP,damp,True,damp custom.jsdebugger.stepOut.DAMP opt e10s fission stylo webrender,4767202,77,ms,firefox,,1766377027,2023-09-29 21:14:00,1309007,,,,,,,,,,,,,,,,,,,,,,,,,,,,,,,,,,,,,,,,,,,,,,,,,TN
1422,21e242393f222340fa948cedf15f7a7d6b3dee34,0.04377440068156413,autoland,4768104,12,53390121d39b212135aaffcd577053a14c7f0dff,linux1804-64-shippable-qr,True,False,,,102210fe594ee9b33d82058545b1ed14f4c8206e,custom.jsdebugger.stepOut.DAMP,damp,True,damp custom.jsdebugger.stepOut.DAMP opt e10s fission stylo webrender,4767202,77,ms,firefox,,1766377248,2023-09-29 22:03:20,1309029,,,,,,,,,,,,,,,,,,,,,,,,,,,,,,,,,,,,,,,,,,,,,,,,,TN
1423,bcd2222b6b08b09cee468dff6e7f94400e02b303,0.060902984248426995,autoland,4768104,12,53390121d39b212135aaffcd577053a14c7f0dff,linux1804-64-shippable-qr,True,False,,,102210fe594ee9b33d82058545b1ed14f4c8206e,custom.jsdebugger.stepOut.DAMP,damp,True,damp custom.jsdebugger.stepOut.DAMP opt e10s fission stylo webrender,4767202,77,ms,firefox,,1766376909,2023-09-29 22:04:24,1309030,,,,,,,,,,,,,,,,,,,,,,,,,,,,,,,,,,,,,,,,,,,,,,,,,TN
1424,eee85ca883b58f7e7ed94e3a2e4ed573475159d4,0.048592848490579876,autoland,4768104,12,53390121d39b212135aaffcd577053a14c7f0dff,linux1804-64-shippable-qr,True,False,,,102210fe594ee9b33d82058545b1ed14f4c8206e,custom.jsdebugger.stepOut.DAMP,damp,True,damp custom.jsdebugger.stepOut.DAMP opt e10s fission stylo webrender,4767202,77,ms,firefox,,1766380416,2023-09-29 22:10:32,1309031,,,,,,,,,,,,,,,,,,,,,,,,,,,,,,,,,,,,,,,,,,,,,,,,,TN
1425,7139b608a37ec9e25460e53a2126f5e98f554c56,0.05810552256552448,autoland,4768104,12,53390121d39b212135aaffcd577053a14c7f0dff,linux1804-64-shippable-qr,True,False,,,102210fe594ee9b33d82058545b1ed14f4c8206e,custom.jsdebugger.stepOut.DAMP,damp,True,damp custom.jsdebugger.stepOut.DAMP opt e10s fission stylo webrender,4767202,77,ms,firefox,,1766380193,2023-09-29 22:24:46,1309033,,,,,,,,,,,,,,,,,,,,,,,,,,,,,,,,,,,,,,,,,,,,,,,,,TN
1426,25a3c1f36ad6e51304433ae56db6f33df5acb6a3,0.04241402544976691,autoland,4768104,12,53390121d39b212135aaffcd577053a14c7f0dff,linux1804-64-shippable-qr,True,False,,,102210fe594ee9b33d82058545b1ed14f4c8206e,custom.jsdebugger.stepOut.DAMP,damp,True,damp custom.jsdebugger.stepOut.DAMP opt e10s fission stylo webrender,4767202,77,ms,firefox,,1766380351,2023-09-29 22:28:54,1309037,,,,,,,,,,,,,,,,,,,,,,,,,,,,,,,,,,,,,,,,,,,,,,,,,TN
1427,c0cfc8c5836260ab8706d5b737a4f4f654da4610,0.048173865815760664,autoland,4768104,12,53390121d39b212135aaffcd577053a14c7f0dff,linux1804-64-shippable-qr,True,False,,,102210fe594ee9b33d82058545b1ed14f4c8206e,custom.jsdebugger.stepOut.DAMP,damp,True,damp custom.jsdebugger.stepOut.DAMP opt e10s fission stylo webrender,4767202,77,ms,firefox,,1765218397,2023-09-30 06:24:14,1309077,,,,,,,,,,,,,,,,,,,,,,,,,,,,,,,,,,,,,,,,,,,,,,,,,TN
1428,704f8a9060a9fe476efcfc93567a3eda4fd30d08,0.05656645951324579,autoland,4768104,12,53390121d39b212135aaffcd577053a14c7f0dff,linux1804-64-shippable-qr,True,False,,,102210fe594ee9b33d82058545b1ed14f4c8206e,custom.jsdebugger.stepOut.DAMP,damp,True,damp custom.jsdebugger.stepOut.DAMP opt e10s fission stylo webrender,4767202,77,ms,firefox,,1766474712,2023-09-30 07:00:22,1309082,,,,,,,,,,,,,,,,,,,,,,,,,,,,,,,,,,,,,,,,,,,,,,,,,TN
1429,4fc4397c17c91a25b5417e5ae14e20a0fa8e3b68,0.04547584614794353,autoland,4768104,12,53390121d39b212135aaffcd577053a14c7f0dff,linux1804-64-shippable-qr,True,False,,,102210fe594ee9b33d82058545b1ed14f4c8206e,custom.jsdebugger.stepOut.DAMP,damp,True,damp custom.jsdebugger.stepOut.DAMP opt e10s fission stylo webrender,4767202,77,ms,firefox,,1766473194,2023-09-30 07:02:10,1309083,,,,,,,,,,,,,,,,,,,,,,,,,,,,,,,,,,,,,,,,,,,,,,,,,TN
1430,96f2c0dc4746376e319aa5c6f2b47cf3768dd5d1,0.06196699473354872,autoland,4768104,12,53390121d39b212135aaffcd577053a14c7f0dff,linux1804-64-shippable-qr,True,False,,,102210fe594ee9b33d82058545b1ed14f4c8206e,custom.jsdebugger.stepOut.DAMP,damp,True,damp custom.jsdebugger.stepOut.DAMP opt e10s fission stylo webrender,4767202,77,ms,firefox,,1766472963,2023-09-30 08:42:20,1309094,,,,,,,,,,,,,,,,,,,,,,,,,,,,,,,,,,,,,,,,,,,,,,,,,TN
1431,55d9e05bf29bdd693cb36ef335f7d20aab6dcf43,0.059764780239386806,autoland,4768104,12,53390121d39b212135aaffcd577053a14c7f0dff,linux1804-64-shippable-qr,True,False,,,102210fe594ee9b33d82058545b1ed14f4c8206e,custom.jsdebugger.stepOut.DAMP,damp,True,damp custom.jsdebugger.stepOut.DAMP opt e10s fission stylo webrender,4767202,77,ms,firefox,,1766468346,2023-09-30 09:43:48,1309104,,,,,,,,,,,,,,,,,,,,,,,,,,,,,,,,,,,,,,,,,,,,,,,,,TN
1432,4f5e812e3ab721aee9bfa8bca4de88d2a71f13a9,0.06284024458155724,autoland,4768104,12,53390121d39b212135aaffcd577053a14c7f0dff,linux1804-64-shippable-qr,True,False,,,102210fe594ee9b33d82058545b1ed14f4c8206e,custom.jsdebugger.stepOut.DAMP,damp,True,damp custom.jsdebugger.stepOut.DAMP opt e10s fission stylo webrender,4767202,77,ms,firefox,,1766476867,2023-09-30 10:16:55,1309113,,,,,,,,,,,,,,,,,,,,,,,,,,,,,,,,,,,,,,,,,,,,,,,,,TN
1433,0d5209658cf41a9d6d9f6c74890ecf69602525c4,0.05809479404328166,autoland,4768104,12,53390121d39b212135aaffcd577053a14c7f0dff,linux1804-64-shippable-qr,True,False,,,102210fe594ee9b33d82058545b1ed14f4c8206e,custom.jsdebugger.stepOut.DAMP,damp,True,damp custom.jsdebugger.stepOut.DAMP opt e10s fission stylo webrender,4767202,77,ms,firefox,,1765334213,2023-09-30 15:09:24,1309133,,,,,,,,,,,,,,,,,,,,,,,,,,,,,,,,,,,,,,,,,,,,,,,,,TN
1434,8c9ba927121cd7f1cb5b31ffb86addc4c34b59a8,0.0585971199885742,autoland,4768104,12,53390121d39b212135aaffcd577053a14c7f0dff,linux1804-64-shippable-qr,True,False,,,102210fe594ee9b33d82058545b1ed14f4c8206e,custom.jsdebugger.stepOut.DAMP,damp,True,damp custom.jsdebugger.stepOut.DAMP opt e10s fission stylo webrender,4767202,77,ms,firefox,,1765341979,2023-09-30 15:56:32,1309136,,,,,,,,,,,,,,,,,,,,,,,,,,,,,,,,,,,,,,,,,,,,,,,,,TN
1435,bacf4fcba00b9d708012b5c8144292e5362ed452,0.04885519255473714,autoland,4768104,12,53390121d39b212135aaffcd577053a14c7f0dff,linux1804-64-shippable-qr,True,False,,,102210fe594ee9b33d82058545b1ed14f4c8206e,custom.jsdebugger.stepOut.DAMP,damp,True,damp custom.jsdebugger.stepOut.DAMP opt e10s fission stylo webrender,4767202,77,ms,firefox,,1765393757,2023-09-30 20:01:07,1309152,,,,,,,,,,,,,,,,,,,,,,,,,,,,,,,,,,,,,,,,,,,,,,,,,TN
1436,b781e655236dff9086d1be5c4b59b0263a9cee56,0.05973839312200091,autoland,4768104,12,53390121d39b212135aaffcd577053a14c7f0dff,linux1804-64-shippable-qr,True,False,,,102210fe594ee9b33d82058545b1ed14f4c8206e,custom.jsdebugger.stepOut.DAMP,damp,True,damp custom.jsdebugger.stepOut.DAMP opt e10s fission stylo webrender,4767202,77,ms,firefox,,1765441388,2023-10-01 02:27:22,1309171,,,,,,,,,,,,,,,,,,,,,,,,,,,,,,,,,,,,,,,,,,,,,,,,,TN
1437,1abb269d873e8bda2c0fa1b4f26f481c89584ca6,0.05834237372124107,autoland,4768104,12,53390121d39b212135aaffcd577053a14c7f0dff,linux1804-64-shippable-qr,True,False,,,102210fe594ee9b33d82058545b1ed14f4c8206e,custom.jsdebugger.stepOut.DAMP,damp,True,damp custom.jsdebugger.stepOut.DAMP opt e10s fission stylo webrender,4767202,77,ms,firefox,,1765550744,2023-10-01 15:08:35,1309237,,,,,,,,,,,,,,,,,,,,,,,,,,,,,,,,,,,,,,,,,,,,,,,,,TN
1438,72adc901a818435f7ba23e492963c7e1bf526be1,0.06262254142372137,autoland,4768104,12,53390121d39b212135aaffcd577053a14c7f0dff,linux1804-64-shippable-qr,True,False,,,102210fe594ee9b33d82058545b1ed14f4c8206e,custom.jsdebugger.stepOut.DAMP,damp,True,damp custom.jsdebugger.stepOut.DAMP opt e10s fission stylo webrender,4767202,77,ms,firefox,,1765596843,2023-10-01 19:57:41,1309256,,,,,,,,,,,,,,,,,,,,,,,,,,,,,,,,,,,,,,,,,,,,,,,,,TN
1439,1c52958ae6ea59e32694986c0d6332b8171aca86,0.054361274257675674,autoland,4768104,12,53390121d39b212135aaffcd577053a14c7f0dff,linux1804-64-shippable-qr,True,False,,,102210fe594ee9b33d82058545b1ed14f4c8206e,custom.jsdebugger.stepOut.DAMP,damp,True,damp custom.jsdebugger.stepOut.DAMP opt e10s fission stylo webrender,4767202,77,ms,firefox,,1765609141,2023-10-01 20:03:17,1309258,,,,,,,,,,,,,,,,,,,,,,,,,,,,,,,,,,,,,,,,,,,,,,,,,TN
1440,55fc90da3cff35171d66e3dcf280575bef8c17a6,0.059747793246893055,autoland,4768104,12,53390121d39b212135aaffcd577053a14c7f0dff,linux1804-64-shippable-qr,True,False,,,102210fe594ee9b33d82058545b1ed14f4c8206e,custom.jsdebugger.stepOut.DAMP,damp,True,damp custom.jsdebugger.stepOut.DAMP opt e10s fission stylo webrender,4767202,77,ms,firefox,,1765699928,2023-10-02 00:31:45,1309288,,,,,,,,,,,,,,,,,,,,,,,,,,,,,,,,,,,,,,,,,,,,,,,,,TN
1441,318059aaa167779fcc844cbf085cb7ffacc47523,0.06336485322434082,autoland,4768104,12,53390121d39b212135aaffcd577053a14c7f0dff,linux1804-64-shippable-qr,True,False,,,102210fe594ee9b33d82058545b1ed14f4c8206e,custom.jsdebugger.stepOut.DAMP,damp,True,damp custom.jsdebugger.stepOut.DAMP opt e10s fission stylo webrender,4767202,77,ms,firefox,,1765885007,2023-10-02 11:08:53,1309454,,,,,,,,,,,,,,,,,,,,,,,,,,,,,,,,,,,,,,,,,,,,,,,,,TN
1442,db33a2d0d6c36f0c15318f1c5ffaa7498a1ee4f3,0.06314447936192624,autoland,4768104,12,53390121d39b212135aaffcd577053a14c7f0dff,linux1804-64-shippable-qr,True,False,,,102210fe594ee9b33d82058545b1ed14f4c8206e,custom.jsdebugger.stepOut.DAMP,damp,True,damp custom.jsdebugger.stepOut.DAMP opt e10s fission stylo webrender,4767202,77,ms,firefox,,1766102696,2023-10-02 16:59:31,1309721,,,,,,,,,,,,,,,,,,,,,,,,,,,,,,,,,,,,,,,,,,,,,,,,,TN
1443,4293a7745d24244ce233377bd3705788b6cadc67,0.05855003093644129,autoland,4768104,12,53390121d39b212135aaffcd577053a14c7f0dff,linux1804-64-shippable-qr,True,False,,,102210fe594ee9b33d82058545b1ed14f4c8206e,custom.jsdebugger.stepOut.DAMP,damp,True,damp custom.jsdebugger.stepOut.DAMP opt e10s fission stylo webrender,4767202,77,ms,firefox,,1768445784,2023-10-02 18:41:32,1309792,,,,,,,,,,,,,,,,,,,,,,,,,,,,,,,,,,,,,,,,,,,,,,,,,TN
1444,2f916475570cc2795e33107c2ee9e62ee0cc3e5c,0.05091649459568537,autoland,4768104,12,53390121d39b212135aaffcd577053a14c7f0dff,linux1804-64-shippable-qr,True,False,,,102210fe594ee9b33d82058545b1ed14f4c8206e,custom.jsdebugger.stepOut.DAMP,damp,True,damp custom.jsdebugger.stepOut.DAMP opt e10s fission stylo webrender,4767202,77,ms,firefox,,1768321193,2023-10-02 18:43:04,1309793,,,,,,,,,,,,,,,,,,,,,,,,,,,,,,,,,,,,,,,,,,,,,,,,,TN
1445,4bbd328972e0dfa7235396017583593a34cfcec9,0.05157864352979313,autoland,4768104,12,53390121d39b212135aaffcd577053a14c7f0dff,linux1804-64-shippable-qr,True,False,,,102210fe594ee9b33d82058545b1ed14f4c8206e,custom.jsdebugger.stepOut.DAMP,damp,True,damp custom.jsdebugger.stepOut.DAMP opt e10s fission stylo webrender,4767202,77,ms,firefox,,1768191818,2023-10-02 18:55:52,1309802,,,,,,,,,,,,,,,,,,,,,,,,,,,,,,,,,,,,,,,,,,,,,,,,,TN
1446,f31639c31c68521e87ea5badb44e88e8e1618472,0.047190053965531,autoland,4768104,12,53390121d39b212135aaffcd577053a14c7f0dff,linux1804-64-shippable-qr,True,False,,,102210fe594ee9b33d82058545b1ed14f4c8206e,custom.jsdebugger.stepOut.DAMP,damp,True,damp custom.jsdebugger.stepOut.DAMP opt e10s fission stylo webrender,4767202,77,ms,firefox,,1768178772,2023-10-02 19:03:10,1309810,,,,,,,,,,,,,,,,,,,,,,,,,,,,,,,,,,,,,,,,,,,,,,,,,TN
1447,865991bec7ed328133d4759af66fcf26af6e7417,0.07340285031576688,autoland,4768104,12,53390121d39b212135aaffcd577053a14c7f0dff,linux1804-64-shippable-qr,True,False,,,102210fe594ee9b33d82058545b1ed14f4c8206e,custom.jsdebugger.stepOut.DAMP,damp,True,damp custom.jsdebugger.stepOut.DAMP opt e10s fission stylo webrender,4767202,77,ms,firefox,,1768175334,2023-10-02 19:04:37,1309811,,,,,,,,,,,,,,,,,,,,,,,,,,,,,,,,,,,,,,,,,,,,,,,,,TN
1448,48f113784f3d1d35f8331aa071044ae4206eef18,0.04090693335412232,autoland,4768104,12,53390121d39b212135aaffcd577053a14c7f0dff,linux1804-64-shippable-qr,True,False,,,102210fe594ee9b33d82058545b1ed14f4c8206e,custom.jsdebugger.stepOut.DAMP,damp,True,damp custom.jsdebugger.stepOut.DAMP opt e10s fission stylo webrender,4767202,77,ms,firefox,,1768166924,2023-10-02 19:11:06,1309820,,,,,,,,,,,,,,,,,,,,,,,,,,,,,,,,,,,,,,,,,,,,,,,,,TN
1449,dddf84b3fc0ce95c1906ff74ae0f2e694b2e8e93,0.04664060319988783,autoland,4768104,12,53390121d39b212135aaffcd577053a14c7f0dff,linux1804-64-shippable-qr,True,False,,,102210fe594ee9b33d82058545b1ed14f4c8206e,custom.jsdebugger.stepOut.DAMP,damp,True,damp custom.jsdebugger.stepOut.DAMP opt e10s fission stylo webrender,4767202,77,ms,firefox,,1768133498,2023-10-02 19:18:16,1309827,,,,,,,,,,,,,,,,,,,,,,,,,,,,,,,,,,,,,,,,,,,,,,,,,TN
1450,6a54caa9b3285658f6c0a556e7b2d81f766a70a7,0.05243857959754272,autoland,4768104,12,53390121d39b212135aaffcd577053a14c7f0dff,linux1804-64-shippable-qr,True,False,,,102210fe594ee9b33d82058545b1ed14f4c8206e,custom.jsdebugger.stepOut.DAMP,damp,True,damp custom.jsdebugger.stepOut.DAMP opt e10s fission stylo webrender,4767202,77,ms,firefox,,1768169895,2023-10-02 19:21:48,1309831,,,,,,,,,,,,,,,,,,,,,,,,,,,,,,,,,,,,,,,,,,,,,,,,,TN
1451,6a2a34de7e5a3fd8d1270254321642fe1f90205b,0.052561573093627634,autoland,4768104,12,53390121d39b212135aaffcd577053a14c7f0dff,linux1804-64-shippable-qr,True,False,,,102210fe594ee9b33d82058545b1ed14f4c8206e,custom.jsdebugger.stepOut.DAMP,damp,True,damp custom.jsdebugger.stepOut.DAMP opt e10s fission stylo webrender,4767202,77,ms,firefox,,1768191096,2023-10-02 19:43:34,1309848,,,,,,,,,,,,,,,,,,,,,,,,,,,,,,,,,,,,,,,,,,,,,,,,,TN
1452,e595c1016ab2bfd0f4e94beb6621b202d24cf416,0.057491560573601386,autoland,4768104,12,53390121d39b212135aaffcd577053a14c7f0dff,linux1804-64-shippable-qr,True,False,,,102210fe594ee9b33d82058545b1ed14f4c8206e,custom.jsdebugger.stepOut.DAMP,damp,True,damp custom.jsdebugger.stepOut.DAMP opt e10s fission stylo webrender,4767202,77,ms,firefox,,1768133826,2023-10-02 19:57:01,1309855,,,,,,,,,,,,,,,,,,,,,,,,,,,,,,,,,,,,,,,,,,,,,,,,,TN
1453,18095d17513e048bd9935fdac1f74dde2f8268a3,0.05520080347984058,autoland,4768104,12,53390121d39b212135aaffcd577053a14c7f0dff,linux1804-64-shippable-qr,True,False,,,102210fe594ee9b33d82058545b1ed14f4c8206e,custom.jsdebugger.stepOut.DAMP,damp,True,damp custom.jsdebugger.stepOut.DAMP opt e10s fission stylo webrender,4767202,77,ms,firefox,,1768259760,2023-10-02 20:03:47,1309856,,,,,,,,,,,,,,,,,,,,,,,,,,,,,,,,,,,,,,,,,,,,,,,,,TN
1454,0435b7e1340f2ced37216f0dd2fbf09a0a8f2cad,0.03811083981116792,autoland,4768104,12,53390121d39b212135aaffcd577053a14c7f0dff,linux1804-64-shippable-qr,True,False,,,102210fe594ee9b33d82058545b1ed14f4c8206e,custom.jsdebugger.stepOut.DAMP,damp,True,damp custom.jsdebugger.stepOut.DAMP opt e10s fission stylo webrender,4767202,77,ms,firefox,,1766176286,2023-10-02 20:46:43,1309872,,,,,,,,,,,,,,,,,,,,,,,,,,,,,,,,,,,,,,,,,,,,,,,,,TN
1455,1f76e350d909f5547f2a6376b70b41e89c8c0e6c,0.061620373447465626,autoland,4768104,12,53390121d39b212135aaffcd577053a14c7f0dff,linux1804-64-shippable-qr,True,False,,,102210fe594ee9b33d82058545b1ed14f4c8206e,custom.jsdebugger.stepOut.DAMP,damp,True,damp custom.jsdebugger.stepOut.DAMP opt e10s fission stylo webrender,4767202,77,ms,firefox,,1768543377,2023-10-02 21:25:33,1309895,,,,,,,,,,,,,,,,,,,,,,,,,,,,,,,,,,,,,,,,,,,,,,,,,TN
1456,ad3f944ce40f7c6aefaa4465e9191235a908aa16,0.05005680592575579,autoland,4768104,12,53390121d39b212135aaffcd577053a14c7f0dff,linux1804-64-shippable-qr,True,False,,,102210fe594ee9b33d82058545b1ed14f4c8206e,custom.jsdebugger.stepOut.DAMP,damp,True,damp custom.jsdebugger.stepOut.DAMP opt e10s fission stylo webrender,4767202,77,ms,firefox,,1768496485,2023-10-02 22:00:19,1309923,,,,,,,,,,,,,,,,,,,,,,,,,,,,,,,,,,,,,,,,,,,,,,,,,TN
1457,155a3f4dc46c0cb27c8a1f0ccab8ae89609f4693,0.06312949937215129,autoland,4768104,12,53390121d39b212135aaffcd577053a14c7f0dff,linux1804-64-shippable-qr,True,False,,,102210fe594ee9b33d82058545b1ed14f4c8206e,custom.jsdebugger.stepOut.DAMP,damp,True,damp custom.jsdebugger.stepOut.DAMP opt e10s fission stylo webrender,4767202,77,ms,firefox,,1768438509,2023-10-02 22:25:08,1309940,,,,,,,,,,,,,,,,,,,,,,,,,,,,,,,,,,,,,,,,,,,,,,,,,TN
1458,d35fc9b3fd75c3cdfc0a3ed6616309c9121f02ec,0.05875915266749354,autoland,4768104,12,53390121d39b212135aaffcd577053a14c7f0dff,linux1804-64-shippable-qr,True,False,,,102210fe594ee9b33d82058545b1ed14f4c8206e,custom.jsdebugger.stepOut.DAMP,damp,True,damp custom.jsdebugger.stepOut.DAMP opt e10s fission stylo webrender,4767202,77,ms,firefox,,1768434728,2023-10-02 22:30:15,1309944,,,,,,,,,,,,,,,,,,,,,,,,,,,,,,,,,,,,,,,,,,,,,,,,,TN
1459,711993d24632018394806415ba60263bab3016ab,0.009083619624624784,autoland,4768104,12,53390121d39b212135aaffcd577053a14c7f0dff,linux1804-64-shippable-qr,True,False,,,102210fe594ee9b33d82058545b1ed14f4c8206e,custom.jsdebugger.stepOut.DAMP,damp,True,damp custom.jsdebugger.stepOut.DAMP opt e10s fission stylo webrender,4767202,77,ms,firefox,,1768199465,2023-10-02 22:42:16,1309951,,,,,,,,,,,,,,,,,,,,,,,,,,,,,,,,,,,,,,,,,,,,,,,,,TN
1460,3237828cc1b319d511855ddb97642772c78b432d,0.06818516098842708,autoland,4768104,12,53390121d39b212135aaffcd577053a14c7f0dff,linux1804-64-shippable-qr,True,False,,,102210fe594ee9b33d82058545b1ed14f4c8206e,custom.jsdebugger.stepOut.DAMP,damp,True,damp custom.jsdebugger.stepOut.DAMP opt e10s fission stylo webrender,4767202,77,ms,firefox,,1768171339,2023-10-02 22:43:45,1309953,,,,,,,,,,,,,,,,,,,,,,,,,,,,,,,,,,,,,,,,,,,,,,,,,TN
1461,ac38856f155df0add4f8ccd25f9183fbaf3bc149,0.06174298740153317,autoland,4768104,12,53390121d39b212135aaffcd577053a14c7f0dff,linux1804-64-shippable-qr,True,False,,,102210fe594ee9b33d82058545b1ed14f4c8206e,custom.jsdebugger.stepOut.DAMP,damp,True,damp custom.jsdebugger.stepOut.DAMP opt e10s fission stylo webrender,4767202,77,ms,firefox,,1768175892,2023-10-02 22:57:57,1309963,,,,,,,,,,,,,,,,,,,,,,,,,,,,,,,,,,,,,,,,,,,,,,,,,TN
1462,055138fcb776d46fc2044c52b075127fe0916108,0.0425526199142745,autoland,4768104,12,53390121d39b212135aaffcd577053a14c7f0dff,linux1804-64-shippable-qr,True,False,,,102210fe594ee9b33d82058545b1ed14f4c8206e,custom.jsdebugger.stepOut.DAMP,damp,True,damp custom.jsdebugger.stepOut.DAMP opt e10s fission stylo webrender,4767202,77,ms,firefox,,1768172992,2023-10-02 23:10:19,1309976,,,,,,,,,,,,,,,,,,,,,,,,,,,,,,,,,,,,,,,,,,,,,,,,,TN
1463,95d8ee51f11176ead400e5b3c74b50bcbd25ca80,0.05782494060984589,autoland,4768104,12,53390121d39b212135aaffcd577053a14c7f0dff,linux1804-64-shippable-qr,True,False,,,102210fe594ee9b33d82058545b1ed14f4c8206e,custom.jsdebugger.stepOut.DAMP,damp,True,damp custom.jsdebugger.stepOut.DAMP opt e10s fission stylo webrender,4767202,77,ms,firefox,,1768133568,2023-10-02 23:20:35,1309979,,,,,,,,,,,,,,,,,,,,,,,,,,,,,,,,,,,,,,,,,,,,,,,,,TN
1464,dff643c8c33a3d0330ac2b0dace02190539be03e,0.04957199654352684,autoland,4768104,12,53390121d39b212135aaffcd577053a14c7f0dff,linux1804-64-shippable-qr,True,False,,,102210fe594ee9b33d82058545b1ed14f4c8206e,custom.jsdebugger.stepOut.DAMP,damp,True,damp custom.jsdebugger.stepOut.DAMP opt e10s fission stylo webrender,4767202,77,ms,firefox,,1768170561,2023-10-02 23:21:43,1309980,,,,,,,,,,,,,,,,,,,,,,,,,,,,,,,,,,,,,,,,,,,,,,,,,TN
1465,61ad519d5807c61d77b094f7decb56102cf8f844,0.07116091405911329,autoland,4768104,12,53390121d39b212135aaffcd577053a14c7f0dff,linux1804-64-shippable-qr,True,False,,,102210fe594ee9b33d82058545b1ed14f4c8206e,custom.jsdebugger.stepOut.DAMP,damp,True,damp custom.jsdebugger.stepOut.DAMP opt e10s fission stylo webrender,4767202,77,ms,firefox,,1768160940,2023-10-02 23:30:11,1309982,,,,,,,,,,,,,,,,,,,,,,,,,,,,,,,,,,,,,,,,,,,,,,,,,TN
1466,634b470a5884ddd9f3790fec0667796c81ff64f0,0.05451821491251263,autoland,4768104,12,53390121d39b212135aaffcd577053a14c7f0dff,linux1804-64-shippable-qr,True,False,,,102210fe594ee9b33d82058545b1ed14f4c8206e,custom.jsdebugger.stepOut.DAMP,damp,True,damp custom.jsdebugger.stepOut.DAMP opt e10s fission stylo webrender,4767202,77,ms,firefox,,1768192948,2023-10-02 23:54:26,1309995,,,,,,,,,,,,,,,,,,,,,,,,,,,,,,,,,,,,,,,,,,,,,,,,,TN
1467,4ff9f4b0a7af3d72fc1e81fa8ec8eeeaff8ddd51,0.04335712594607699,autoland,4768104,12,53390121d39b212135aaffcd577053a14c7f0dff,linux1804-64-shippable-qr,True,False,,,102210fe594ee9b33d82058545b1ed14f4c8206e,custom.jsdebugger.stepOut.DAMP,damp,True,damp custom.jsdebugger.stepOut.DAMP opt e10s fission stylo webrender,4767202,77,ms,firefox,,1768194785,2023-10-03 00:04:56,1310001,,,,,,,,,,,,,,,,,,,,,,,,,,,,,,,,,,,,,,,,,,,,,,,,,TN
1468,53af11a26cb69e0616d9f481f988276e0a6da93e,0.02819129462702763,autoland,4768104,12,53390121d39b212135aaffcd577053a14c7f0dff,linux1804-64-shippable-qr,True,False,,,102210fe594ee9b33d82058545b1ed14f4c8206e,custom.jsdebugger.stepOut.DAMP,damp,True,damp custom.jsdebugger.stepOut.DAMP opt e10s fission stylo webrender,4767202,77,ms,firefox,,1766439975,2023-10-03 05:01:50,1310080,,,,,,,,,,,,,,,,,,,,,,,,,,,,,,,,,,,,,,,,,,,,,,,,,TN
1469,40bbe9648a596df2617828cc978ac6639afebdae,0.051591740712580325,autoland,4768104,12,53390121d39b212135aaffcd577053a14c7f0dff,linux1804-64-shippable-qr,True,False,,,102210fe594ee9b33d82058545b1ed14f4c8206e,custom.jsdebugger.stepOut.DAMP,damp,True,damp custom.jsdebugger.stepOut.DAMP opt e10s fission stylo webrender,4767202,77,ms,firefox,,1768192138,2023-10-03 08:50:36,1310174,,,,,,,,,,,,,,,,,,,,,,,,,,,,,,,,,,,,,,,,,,,,,,,,,TN
1470,e62eee02a6b8e2def7479c8445ac5555433accf7,0.060336655782548765,autoland,4768104,12,53390121d39b212135aaffcd577053a14c7f0dff,linux1804-64-shippable-qr,True,False,,,102210fe594ee9b33d82058545b1ed14f4c8206e,custom.jsdebugger.stepOut.DAMP,damp,True,damp custom.jsdebugger.stepOut.DAMP opt e10s fission stylo webrender,4767202,77,ms,firefox,,1768196359,2023-10-03 09:07:15,1310182,,,,,,,,,,,,,,,,,,,,,,,,,,,,,,,,,,,,,,,,,,,,,,,,,TN
1471,fd3957b3725d2c584b147abe42a72d2dc7ab5eed,0.055452833338568874,autoland,4768104,12,53390121d39b212135aaffcd577053a14c7f0dff,linux1804-64-shippable-qr,True,False,,,102210fe594ee9b33d82058545b1ed14f4c8206e,custom.jsdebugger.stepOut.DAMP,damp,True,damp custom.jsdebugger.stepOut.DAMP opt e10s fission stylo webrender,4767202,77,ms,firefox,,1768133934,2023-10-03 09:28:54,1310199,,,,,,,,,,,,,,,,,,,,,,,,,,,,,,,,,,,,,,,,,,,,,,,,,TN
1472,2f99ebdee6824a20cc3a8f5f776ce1b561c7e386,0.06949564133863173,autoland,4768104,12,53390121d39b212135aaffcd577053a14c7f0dff,linux1804-64-shippable-qr,True,False,,,102210fe594ee9b33d82058545b1ed14f4c8206e,custom.jsdebugger.stepOut.DAMP,damp,True,damp custom.jsdebugger.stepOut.DAMP opt e10s fission stylo webrender,4767202,77,ms,firefox,,1768174466,2023-10-03 09:37:23,1310200,,,,,,,,,,,,,,,,,,,,,,,,,,,,,,,,,,,,,,,,,,,,,,,,,TN
1473,5502331146fe0d76f7ae66a40a7bdc15be1a6c6c,0.04351229706042725,autoland,4768104,12,53390121d39b212135aaffcd577053a14c7f0dff,linux1804-64-shippable-qr,True,False,,,102210fe594ee9b33d82058545b1ed14f4c8206e,custom.jsdebugger.stepOut.DAMP,damp,True,damp custom.jsdebugger.stepOut.DAMP opt e10s fission stylo webrender,4767202,77,ms,firefox,,1768134021,2023-10-03 09:42:53,1310206,,,,,,,,,,,,,,,,,,,,,,,,,,,,,,,,,,,,,,,,,,,,,,,,,TN
1474,1290c81b4fd788222a335a1bbe07747b28d22ae9,0.059313487801945786,autoland,4768104,12,53390121d39b212135aaffcd577053a14c7f0dff,linux1804-64-shippable-qr,True,False,,,102210fe594ee9b33d82058545b1ed14f4c8206e,custom.jsdebugger.stepOut.DAMP,damp,True,damp custom.jsdebugger.stepOut.DAMP opt e10s fission stylo webrender,4767202,77,ms,firefox,,1768155010,2023-10-03 09:51:31,1310209,,,,,,,,,,,,,,,,,,,,,,,,,,,,,,,,,,,,,,,,,,,,,,,,,TN
1475,c4f691f4c92f4ff5cf0315d82e252631c18a40b0,0.04429570472490785,autoland,4768104,12,53390121d39b212135aaffcd577053a14c7f0dff,linux1804-64-shippable-qr,True,False,,,102210fe594ee9b33d82058545b1ed14f4c8206e,custom.jsdebugger.stepOut.DAMP,damp,True,damp custom.jsdebugger.stepOut.DAMP opt e10s fission stylo webrender,4767202,77,ms,firefox,,1768191016,2023-10-03 10:43:39,1310227,,,,,,,,,,,,,,,,,,,,,,,,,,,,,,,,,,,,,,,,,,,,,,,,,TN
1476,ac94b9a48562f6e3c137e0f343794e11f3049142,0.06201973121297788,autoland,4768104,12,53390121d39b212135aaffcd577053a14c7f0dff,linux1804-64-shippable-qr,True,False,,,102210fe594ee9b33d82058545b1ed14f4c8206e,custom.jsdebugger.stepOut.DAMP,damp,True,damp custom.jsdebugger.stepOut.DAMP opt e10s fission stylo webrender,4767202,77,ms,firefox,,1768191284,2023-10-03 10:46:23,1310228,,,,,,,,,,,,,,,,,,,,,,,,,,,,,,,,,,,,,,,,,,,,,,,,,TN
1477,bd7f6c4bab1e6cfb3afcbb63b2f0cbd94d8c86a8,0.04577072253324033,autoland,4768104,12,53390121d39b212135aaffcd577053a14c7f0dff,linux1804-64-shippable-qr,True,False,,,102210fe594ee9b33d82058545b1ed14f4c8206e,custom.jsdebugger.stepOut.DAMP,damp,True,damp custom.jsdebugger.stepOut.DAMP opt e10s fission stylo webrender,4767202,77,ms,firefox,,1768191356,2023-10-03 10:56:17,1310232,,,,,,,,,,,,,,,,,,,,,,,,,,,,,,,,,,,,,,,,,,,,,,,,,TN
1478,f003c74ca9f9399bc6db342491d997d682efc357,0.04334911383240281,autoland,4768104,12,53390121d39b212135aaffcd577053a14c7f0dff,linux1804-64-shippable-qr,True,False,,,102210fe594ee9b33d82058545b1ed14f4c8206e,custom.jsdebugger.stepOut.DAMP,damp,True,damp custom.jsdebugger.stepOut.DAMP opt e10s fission stylo webrender,4767202,77,ms,firefox,,1766718178,2023-10-03 11:04:59,1310236,,,,,,,,,,,,,,,,,,,,,,,,,,,,,,,,,,,,,,,,,,,,,,,,,TN
1479,9f0cc52774ad00f251c4a1d4fa85276d6631ef3d,0.049073598163449805,autoland,4768104,12,53390121d39b212135aaffcd577053a14c7f0dff,linux1804-64-shippable-qr,True,False,,,102210fe594ee9b33d82058545b1ed14f4c8206e,custom.jsdebugger.stepOut.DAMP,damp,True,damp custom.jsdebugger.stepOut.DAMP opt e10s fission stylo webrender,4767202,77,ms,firefox,,1768260919,2023-10-03 11:13:48,1310240,,,,,,,,,,,,,,,,,,,,,,,,,,,,,,,,,,,,,,,,,,,,,,,,,TN
1480,b99423c5c89d54cf0bafd23a61b267e86509d090,0.059217784574568055,autoland,4768104,12,53390121d39b212135aaffcd577053a14c7f0dff,linux1804-64-shippable-qr,True,False,,,102210fe594ee9b33d82058545b1ed14f4c8206e,custom.jsdebugger.stepOut.DAMP,damp,True,damp custom.jsdebugger.stepOut.DAMP opt e10s fission stylo webrender,4767202,77,ms,firefox,,1768192082,2023-10-03 11:38:15,1310250,,,,,,,,,,,,,,,,,,,,,,,,,,,,,,,,,,,,,,,,,,,,,,,,,TN
1481,19f8af998acb4ea101628aa9b86d4869dfcfd981,0.057604715782302085,autoland,4768104,12,53390121d39b212135aaffcd577053a14c7f0dff,linux1804-64-shippable-qr,True,False,,,102210fe594ee9b33d82058545b1ed14f4c8206e,custom.jsdebugger.stepOut.DAMP,damp,True,damp custom.jsdebugger.stepOut.DAMP opt e10s fission stylo webrender,4767202,77,ms,firefox,,1768189870,2023-10-03 12:13:51,1310267,,,,,,,,,,,,,,,,,,,,,,,,,,,,,,,,,,,,,,,,,,,,,,,,,TN
1482,62c9d3aabddc6a4ea8d08dbb5595feff66c3e5ac,0.04910461629056628,autoland,4768104,12,53390121d39b212135aaffcd577053a14c7f0dff,linux1804-64-shippable-qr,True,False,,,102210fe594ee9b33d82058545b1ed14f4c8206e,custom.jsdebugger.stepOut.DAMP,damp,True,damp custom.jsdebugger.stepOut.DAMP opt e10s fission stylo webrender,4767202,77,ms,firefox,,1768171034,2023-10-03 12:14:41,1310268,,,,,,,,,,,,,,,,,,,,,,,,,,,,,,,,,,,,,,,,,,,,,,,,,TN
1483,e17d7235b6833e36a524263990347804df15c7fb,0.05659435784410849,autoland,4768104,12,53390121d39b212135aaffcd577053a14c7f0dff,linux1804-64-shippable-qr,True,False,,,102210fe594ee9b33d82058545b1ed14f4c8206e,custom.jsdebugger.stepOut.DAMP,damp,True,damp custom.jsdebugger.stepOut.DAMP opt e10s fission stylo webrender,4767202,77,ms,firefox,,1766802182,2023-10-03 12:29:11,1310274,,,,,,,,,,,,,,,,,,,,,,,,,,,,,,,,,,,,,,,,,,,,,,,,,TN
1484,b3b1aa7e76bca656376581afa36895bcaf2c2bca,0.045289857606769734,autoland,4768104,12,53390121d39b212135aaffcd577053a14c7f0dff,linux1804-64-shippable-qr,True,False,,,102210fe594ee9b33d82058545b1ed14f4c8206e,custom.jsdebugger.stepOut.DAMP,damp,True,damp custom.jsdebugger.stepOut.DAMP opt e10s fission stylo webrender,4767202,77,ms,firefox,,1768461222,2023-10-03 15:17:19,1310382,,,,,,,,,,,,,,,,,,,,,,,,,,,,,,,,,,,,,,,,,,,,,,,,,TN
1485,226b3a89b9be28eabc8c9c4dfebb5eac585c4a66,0.053381284654706485,autoland,4768104,12,53390121d39b212135aaffcd577053a14c7f0dff,linux1804-64-shippable-qr,True,False,,,102210fe594ee9b33d82058545b1ed14f4c8206e,custom.jsdebugger.stepOut.DAMP,damp,True,damp custom.jsdebugger.stepOut.DAMP opt e10s fission stylo webrender,4767202,77,ms,firefox,,1768470709,2023-10-03 15:19:21,1310384,,,,,,,,,,,,,,,,,,,,,,,,,,,,,,,,,,,,,,,,,,,,,,,,,TN
1486,2351d7a1a27d4b280c1d59a628e915a95e8cb2e6,0.057796743215712154,autoland,4768104,12,53390121d39b212135aaffcd577053a14c7f0dff,linux1804-64-shippable-qr,True,False,,,102210fe594ee9b33d82058545b1ed14f4c8206e,custom.jsdebugger.stepOut.DAMP,damp,True,damp custom.jsdebugger.stepOut.DAMP opt e10s fission stylo webrender,4767202,77,ms,firefox,,1768603236,2023-10-03 15:26:59,1310389,,,,,,,,,,,,,,,,,,,,,,,,,,,,,,,,,,,,,,,,,,,,,,,,,TN
1487,c8c454aa97ec05d3c50fec44a57fc65b3be7d205,0.06140120875451538,autoland,4768104,12,53390121d39b212135aaffcd577053a14c7f0dff,linux1804-64-shippable-qr,True,False,,,102210fe594ee9b33d82058545b1ed14f4c8206e,custom.jsdebugger.stepOut.DAMP,damp,True,damp custom.jsdebugger.stepOut.DAMP opt e10s fission stylo webrender,4767202,77,ms,firefox,,1768608998,2023-10-03 15:27:54,1310390,,,,,,,,,,,,,,,,,,,,,,,,,,,,,,,,,,,,,,,,,,,,,,,,,TN
1488,a0acd486fa1eb88c07161ae220ea4d16d17cc629,0.05323255582018016,autoland,4768104,12,53390121d39b212135aaffcd577053a14c7f0dff,linux1804-64-shippable-qr,True,False,,,102210fe594ee9b33d82058545b1ed14f4c8206e,custom.jsdebugger.stepOut.DAMP,damp,True,damp custom.jsdebugger.stepOut.DAMP opt e10s fission stylo webrender,4767202,77,ms,firefox,,1768624941,2023-10-03 15:38:29,1310395,,,,,,,,,,,,,,,,,,,,,,,,,,,,,,,,,,,,,,,,,,,,,,,,,TN
1489,0097ac44fd8912343e0b6e3bbbfa1b35e477159a,0.057974296384245894,autoland,4768104,12,53390121d39b212135aaffcd577053a14c7f0dff,linux1804-64-shippable-qr,True,False,,,102210fe594ee9b33d82058545b1ed14f4c8206e,custom.jsdebugger.stepOut.DAMP,damp,True,damp custom.jsdebugger.stepOut.DAMP opt e10s fission stylo webrender,4767202,77,ms,firefox,,1768605616,2023-10-03 15:47:38,1310399,,,,,,,,,,,,,,,,,,,,,,,,,,,,,,,,,,,,,,,,,,,,,,,,,TN
1490,489e7952cd67fe4e1816d3452675332e76676a3e,0.06419138362667143,autoland,4768104,12,53390121d39b212135aaffcd577053a14c7f0dff,linux1804-64-shippable-qr,True,False,,,102210fe594ee9b33d82058545b1ed14f4c8206e,custom.jsdebugger.stepOut.DAMP,damp,True,damp custom.jsdebugger.stepOut.DAMP opt e10s fission stylo webrender,4767202,77,ms,firefox,,1768601251,2023-10-03 16:07:01,1310412,,,,,,,,,,,,,,,,,,,,,,,,,,,,,,,,,,,,,,,,,,,,,,,,,TN
1491,21db15048e15cf9e6583d468f53dcac567c47157,0.06213963571335235,autoland,4768104,12,53390121d39b212135aaffcd577053a14c7f0dff,linux1804-64-shippable-qr,True,False,,,102210fe594ee9b33d82058545b1ed14f4c8206e,custom.jsdebugger.stepOut.DAMP,damp,True,damp custom.jsdebugger.stepOut.DAMP opt e10s fission stylo webrender,4767202,77,ms,firefox,,1768603784,2023-10-03 16:08:24,1310413,,,,,,,,,,,,,,,,,,,,,,,,,,,,,,,,,,,,,,,,,,,,,,,,,TN
1492,0eedd9bb1aaae4d83188aa933c0cfa13a775f2aa,0.06446684871912811,autoland,4768104,12,53390121d39b212135aaffcd577053a14c7f0dff,linux1804-64-shippable-qr,True,False,,,102210fe594ee9b33d82058545b1ed14f4c8206e,custom.jsdebugger.stepOut.DAMP,damp,True,damp custom.jsdebugger.stepOut.DAMP opt e10s fission stylo webrender,4767202,77,ms,firefox,,1768610846,2023-10-03 16:11:45,1310414,,,,,,,,,,,,,,,,,,,,,,,,,,,,,,,,,,,,,,,,,,,,,,,,,TN
1493,b93578d846b3af884d0a623f8ce43e0183c8307f,0.0571706279282842,autoland,4768104,12,53390121d39b212135aaffcd577053a14c7f0dff,linux1804-64-shippable-qr,True,False,,,102210fe594ee9b33d82058545b1ed14f4c8206e,custom.jsdebugger.stepOut.DAMP,damp,True,damp custom.jsdebugger.stepOut.DAMP opt e10s fission stylo webrender,4767202,77,ms,firefox,,1766928189,2023-10-03 16:51:48,1310439,,,,,,,,,,,,,,,,,,,,,,,,,,,,,,,,,,,,,,,,,,,,,,,,,TN
1494,87339140dda7351fc13fd20111d2926ca97babea,0.07221610366810893,autoland,4768104,12,53390121d39b212135aaffcd577053a14c7f0dff,linux1804-64-shippable-qr,True,False,,,102210fe594ee9b33d82058545b1ed14f4c8206e,custom.jsdebugger.stepOut.DAMP,damp,True,damp custom.jsdebugger.stepOut.DAMP opt e10s fission stylo webrender,4767202,77,ms,firefox,,1768601897,2023-10-03 19:03:25,1310536,,,,,,,,,,,,,,,,,,,,,,,,,,,,,,,,,,,,,,,,,,,,,,,,,TN
1495,0796999d9b72ad5cfc30a67ebcc97d7ae265317b,0.017838090809325413,autoland,4768104,12,53390121d39b212135aaffcd577053a14c7f0dff,linux1804-64-shippable-qr,True,False,,,102210fe594ee9b33d82058545b1ed14f4c8206e,custom.jsdebugger.stepOut.DAMP,damp,True,damp custom.jsdebugger.stepOut.DAMP opt e10s fission stylo webrender,4767202,77,ms,firefox,,1768598785,2023-10-03 19:16:08,1310544,,,,,,,,,,,,,,,,,,,,,,,,,,,,,,,,,,,,,,,,,,,,,,,,,TN
1496,7fc3469f63637f3a920729a2a1a6e306bb193d5f,0.06791454648357476,autoland,4768104,12,53390121d39b212135aaffcd577053a14c7f0dff,linux1804-64-shippable-qr,True,False,,,102210fe594ee9b33d82058545b1ed14f4c8206e,custom.jsdebugger.stepOut.DAMP,damp,True,damp custom.jsdebugger.stepOut.DAMP opt e10s fission stylo webrender,4767202,77,ms,firefox,,1768604856,2023-10-03 19:17:04,1310547,,,,,,,,,,,,,,,,,,,,,,,,,,,,,,,,,,,,,,,,,,,,,,,,,TN
1497,f720029066dd209fb48abe0a3f90892f2f483c97,0.04831561584476862,autoland,4768104,12,53390121d39b212135aaffcd577053a14c7f0dff,linux1804-64-shippable-qr,True,False,,,102210fe594ee9b33d82058545b1ed14f4c8206e,custom.jsdebugger.stepOut.DAMP,damp,True,damp custom.jsdebugger.stepOut.DAMP opt e10s fission stylo webrender,4767202,77,ms,firefox,,1768501524,2023-10-03 19:59:10,1310575,,,,,,,,,,,,,,,,,,,,,,,,,,,,,,,,,,,,,,,,,,,,,,,,,TN
1498,18d3cb02d50516cc11316e9ab683b56583254daf,0.047741876372535685,autoland,4768104,12,53390121d39b212135aaffcd577053a14c7f0dff,linux1804-64-shippable-qr,True,False,,,102210fe594ee9b33d82058545b1ed14f4c8206e,custom.jsdebugger.stepOut.DAMP,damp,True,damp custom.jsdebugger.stepOut.DAMP opt e10s fission stylo webrender,4767202,77,ms,firefox,,1768525938,2023-10-03 20:06:25,1310577,,,,,,,,,,,,,,,,,,,,,,,,,,,,,,,,,,,,,,,,,,,,,,,,,TN
1499,78bcc342f49c13a691968ee300240d3a013d6caa,0.06292108108561412,autoland,4768104,12,53390121d39b212135aaffcd577053a14c7f0dff,linux1804-64-shippable-qr,True,False,,,102210fe594ee9b33d82058545b1ed14f4c8206e,custom.jsdebugger.stepOut.DAMP,damp,True,damp custom.jsdebugger.stepOut.DAMP opt e10s fission stylo webrender,4767202,77,ms,firefox,,1768518557,2023-10-03 20:09:10,1310578,,,,,,,,,,,,,,,,,,,,,,,,,,,,,,,,,,,,,,,,,,,,,,,,,TN
1500,b2fb3e957b331854b7bfb8c0d5243d542bee804d,0.06320918930138875,autoland,4768104,12,53390121d39b212135aaffcd577053a14c7f0dff,linux1804-64-shippable-qr,True,False,,,102210fe594ee9b33d82058545b1ed14f4c8206e,custom.jsdebugger.stepOut.DAMP,damp,True,damp custom.jsdebugger.stepOut.DAMP opt e10s fission stylo webrender,4767202,77,ms,firefox,,1768472964,2023-10-03 20:10:13,1310580,,,,,,,,,,,,,,,,,,,,,,,,,,,,,,,,,,,,,,,,,,,,,,,,,TN
1501,fdb6ed9586616bd13a14c042a252fc9be7b68bd4,0.053479243276199795,autoland,4768104,12,53390121d39b212135aaffcd577053a14c7f0dff,linux1804-64-shippable-qr,True,False,,,102210fe594ee9b33d82058545b1ed14f4c8206e,custom.jsdebugger.stepOut.DAMP,damp,True,damp custom.jsdebugger.stepOut.DAMP opt e10s fission stylo webrender,4767202,77,ms,firefox,,1768604277,2023-10-03 20:24:58,1310583,,,,,,,,,,,,,,,,,,,,,,,,,,,,,,,,,,,,,,,,,,,,,,,,,TN
1502,422c0919f37048afb02dc4d87dfc018baa718a5b,0.05063291604576248,autoland,4768104,12,53390121d39b212135aaffcd577053a14c7f0dff,linux1804-64-shippable-qr,True,False,,,102210fe594ee9b33d82058545b1ed14f4c8206e,custom.jsdebugger.stepOut.DAMP,damp,True,damp custom.jsdebugger.stepOut.DAMP opt e10s fission stylo webrender,4767202,77,ms,firefox,,1767088795,2023-10-03 20:26:11,1310584,,,,,,,,,,,,,,,,,,,,,,,,,,,,,,,,,,,,,,,,,,,,,,,,,TN
1503,4a0bbb6d1f6a24fa45c636ebf9183322d10cbb32,0.06078082236684834,autoland,4768104,12,53390121d39b212135aaffcd577053a14c7f0dff,linux1804-64-shippable-qr,True,False,,,102210fe594ee9b33d82058545b1ed14f4c8206e,custom.jsdebugger.stepOut.DAMP,damp,True,damp custom.jsdebugger.stepOut.DAMP opt e10s fission stylo webrender,4767202,77,ms,firefox,,1768556153,2023-10-03 22:55:45,1310666,,,,,,,,,,,,,,,,,,,,,,,,,,,,,,,,,,,,,,,,,,,,,,,,,TN
1504,72e7e4417cc912bd4c3fecefa3a2b3b5821c1469,0.06162421954022401,autoland,4768104,12,53390121d39b212135aaffcd577053a14c7f0dff,linux1804-64-shippable-qr,True,False,,,102210fe594ee9b33d82058545b1ed14f4c8206e,custom.jsdebugger.stepOut.DAMP,damp,True,damp custom.jsdebugger.stepOut.DAMP opt e10s fission stylo webrender,4767202,77,ms,firefox,,1768557922,2023-10-03 22:57:02,1310668,,,,,,,,,,,,,,,,,,,,,,,,,,,,,,,,,,,,,,,,,,,,,,,,,TN
1505,c0dc2122de8ea5655b1f16e11316efcfa8cf7855,0.010781509119480615,autoland,4768104,12,53390121d39b212135aaffcd577053a14c7f0dff,linux1804-64-shippable-qr,True,False,,,102210fe594ee9b33d82058545b1ed14f4c8206e,custom.jsdebugger.stepOut.DAMP,damp,True,damp custom.jsdebugger.stepOut.DAMP opt e10s fission stylo webrender,4767202,77,ms,firefox,,1768548749,2023-10-03 22:57:52,1310669,,,,,,,,,,,,,,,,,,,,,,,,,,,,,,,,,,,,,,,,,,,,,,,,,TN
1506,9447747637202157f8b7e5cddbcf492ff76ffd55,0.04860356807078636,autoland,4768104,12,53390121d39b212135aaffcd577053a14c7f0dff,linux1804-64-shippable-qr,True,False,,,102210fe594ee9b33d82058545b1ed14f4c8206e,custom.jsdebugger.stepOut.DAMP,damp,True,damp custom.jsdebugger.stepOut.DAMP opt e10s fission stylo webrender,4767202,77,ms,firefox,,1768557574,2023-10-03 22:58:48,1310670,,,,,,,,,,,,,,,,,,,,,,,,,,,,,,,,,,,,,,,,,,,,,,,,,TN
1507,a7b43c5005ce200bf3f92e037bb4d51e64b1138c,0.06379205864884507,autoland,4768104,12,53390121d39b212135aaffcd577053a14c7f0dff,linux1804-64-shippable-qr,True,False,,,102210fe594ee9b33d82058545b1ed14f4c8206e,custom.jsdebugger.stepOut.DAMP,damp,True,damp custom.jsdebugger.stepOut.DAMP opt e10s fission stylo webrender,4767202,77,ms,firefox,,1768558884,2023-10-03 23:41:28,1310686,,,,,,,,,,,,,,,,,,,,,,,,,,,,,,,,,,,,,,,,,,,,,,,,,TN
1508,f531e2c7fd23d67704884d90ff632857cc4368cf,0.05808619970015061,autoland,4768104,12,53390121d39b212135aaffcd577053a14c7f0dff,linux1804-64-shippable-qr,True,False,,,102210fe594ee9b33d82058545b1ed14f4c8206e,custom.jsdebugger.stepOut.DAMP,damp,True,damp custom.jsdebugger.stepOut.DAMP opt e10s fission stylo webrender,4767202,77,ms,firefox,,1768558826,2023-10-03 23:43:44,1310687,,,,,,,,,,,,,,,,,,,,,,,,,,,,,,,,,,,,,,,,,,,,,,,,,TN
1509,65da50253a19b9adc6a900d4b221bda30156b885,0.0644501717190592,autoland,4768104,12,53390121d39b212135aaffcd577053a14c7f0dff,linux1804-64-shippable-qr,True,False,,,102210fe594ee9b33d82058545b1ed14f4c8206e,custom.jsdebugger.stepOut.DAMP,damp,True,damp custom.jsdebugger.stepOut.DAMP opt e10s fission stylo webrender,4767202,77,ms,firefox,,1768558747,2023-10-03 23:50:03,1310693,,,,,,,,,,,,,,,,,,,,,,,,,,,,,,,,,,,,,,,,,,,,,,,,,TN
1510,d8a68b5a66872ef580ebe24332f59378cb0f825c,0.05544565184575556,autoland,4768104,12,53390121d39b212135aaffcd577053a14c7f0dff,linux1804-64-shippable-qr,True,False,,,102210fe594ee9b33d82058545b1ed14f4c8206e,custom.jsdebugger.stepOut.DAMP,damp,True,damp custom.jsdebugger.stepOut.DAMP opt e10s fission stylo webrender,4767202,77,ms,firefox,,1768557805,2023-10-03 23:51:33,1310694,,,,,,,,,,,,,,,,,,,,,,,,,,,,,,,,,,,,,,,,,,,,,,,,,TN
1511,524d597c74b1e243b9d0abba587c7f45d9aeadba,0.060738959470300946,autoland,4768104,12,53390121d39b212135aaffcd577053a14c7f0dff,linux1804-64-shippable-qr,True,False,,,102210fe594ee9b33d82058545b1ed14f4c8206e,custom.jsdebugger.stepOut.DAMP,damp,True,damp custom.jsdebugger.stepOut.DAMP opt e10s fission stylo webrender,4767202,77,ms,firefox,,1768558303,2023-10-03 23:52:38,1310695,,,,,,,,,,,,,,,,,,,,,,,,,,,,,,,,,,,,,,,,,,,,,,,,,TN
1512,3fb508020251d2cb191f2d62714da25ec3f35118,0.050836096254062935,autoland,4768104,12,53390121d39b212135aaffcd577053a14c7f0dff,linux1804-64-shippable-qr,True,False,,,102210fe594ee9b33d82058545b1ed14f4c8206e,custom.jsdebugger.stepOut.DAMP,damp,True,damp custom.jsdebugger.stepOut.DAMP opt e10s fission stylo webrender,4767202,77,ms,firefox,,1767148039,2023-10-04 00:09:44,1310704,,,,,,,,,,,,,,,,,,,,,,,,,,,,,,,,,,,,,,,,,,,,,,,,,TN
1513,7be5ff494298d481ab0fc9911340f337f173504c,0.056100346056600414,autoland,4768104,12,53390121d39b212135aaffcd577053a14c7f0dff,linux1804-64-shippable-qr,True,False,,,102210fe594ee9b33d82058545b1ed14f4c8206e,custom.jsdebugger.stepOut.DAMP,damp,True,damp custom.jsdebugger.stepOut.DAMP opt e10s fission stylo webrender,4767202,77,ms,firefox,,1768615596,2023-10-04 00:26:18,1310709,,,,,,,,,,,,,,,,,,,,,,,,,,,,,,,,,,,,,,,,,,,,,,,,,TN
1514,22d8884b369e3b0caf5eb306f6ec922bf04dcefe,0.038738256669598736,autoland,4768104,12,53390121d39b212135aaffcd577053a14c7f0dff,linux1804-64-shippable-qr,True,False,,,102210fe594ee9b33d82058545b1ed14f4c8206e,custom.jsdebugger.stepOut.DAMP,damp,True,damp custom.jsdebugger.stepOut.DAMP opt e10s fission stylo webrender,4767202,77,ms,firefox,,1768614938,2023-10-04 00:35:15,1310714,,,,,,,,,,,,,,,,,,,,,,,,,,,,,,,,,,,,,,,,,,,,,,,,,TN
1515,b3cf916ed82f649ddc046ff9d26a5a685eaa558a,0.047598443243078936,autoland,4768104,12,53390121d39b212135aaffcd577053a14c7f0dff,linux1804-64-shippable-qr,True,False,,,102210fe594ee9b33d82058545b1ed14f4c8206e,custom.jsdebugger.stepOut.DAMP,damp,True,damp custom.jsdebugger.stepOut.DAMP opt e10s fission stylo webrender,4767202,77,ms,firefox,,1768615664,2023-10-04 00:36:23,1310715,,,,,,,,,,,,,,,,,,,,,,,,,,,,,,,,,,,,,,,,,,,,,,,,,TN
1516,f111d9b9295ab5098ac2f178207b8d36b22f64bc,0.05417041923179422,autoland,4768104,12,53390121d39b212135aaffcd577053a14c7f0dff,linux1804-64-shippable-qr,True,False,,,102210fe594ee9b33d82058545b1ed14f4c8206e,custom.jsdebugger.stepOut.DAMP,damp,True,damp custom.jsdebugger.stepOut.DAMP opt e10s fission stylo webrender,4767202,77,ms,firefox,,1768615014,2023-10-04 00:37:34,1310717,,,,,,,,,,,,,,,,,,,,,,,,,,,,,,,,,,,,,,,,,,,,,,,,,TN
1517,77c3d7a4bf46f3dd8622ff35e6763d02e801a0e6,0.052373564633333425,autoland,4768104,12,53390121d39b212135aaffcd577053a14c7f0dff,linux1804-64-shippable-qr,True,False,,,102210fe594ee9b33d82058545b1ed14f4c8206e,custom.jsdebugger.stepOut.DAMP,damp,True,damp custom.jsdebugger.stepOut.DAMP opt e10s fission stylo webrender,4767202,77,ms,firefox,,1768615076,2023-10-04 01:03:02,1310721,,,,,,,,,,,,,,,,,,,,,,,,,,,,,,,,,,,,,,,,,,,,,,,,,TN
1518,c603b6bff0fe68d6633fba0135a1163b3cc8d8b7,0.06325257533412576,autoland,4768104,12,53390121d39b212135aaffcd577053a14c7f0dff,linux1804-64-shippable-qr,True,False,,,102210fe594ee9b33d82058545b1ed14f4c8206e,custom.jsdebugger.stepOut.DAMP,damp,True,damp custom.jsdebugger.stepOut.DAMP opt e10s fission stylo webrender,4767202,77,ms,firefox,,1768615209,2023-10-04 01:46:52,1310730,,,,,,,,,,,,,,,,,,,,,,,,,,,,,,,,,,,,,,,,,,,,,,,,,TN
1519,b02002d6856a5b5379563ba84a540c747109d893,0.06279890032634616,autoland,4768104,12,53390121d39b212135aaffcd577053a14c7f0dff,linux1804-64-shippable-qr,True,False,,,102210fe594ee9b33d82058545b1ed14f4c8206e,custom.jsdebugger.stepOut.DAMP,damp,True,damp custom.jsdebugger.stepOut.DAMP opt e10s fission stylo webrender,4767202,77,ms,firefox,,1768615268,2023-10-04 02:11:21,1310734,,,,,,,,,,,,,,,,,,,,,,,,,,,,,,,,,,,,,,,,,,,,,,,,,TN
1520,f4ddbf902f18184f9cbac9a8027b7816851c4e30,0.05145431766204278,autoland,4768104,12,53390121d39b212135aaffcd577053a14c7f0dff,linux1804-64-shippable-qr,True,False,,,102210fe594ee9b33d82058545b1ed14f4c8206e,custom.jsdebugger.stepOut.DAMP,damp,True,damp custom.jsdebugger.stepOut.DAMP opt e10s fission stylo webrender,4767202,77,ms,firefox,,1768615150,2023-10-04 02:35:31,1310740,,,,,,,,,,,,,,,,,,,,,,,,,,,,,,,,,,,,,,,,,,,,,,,,,TN
1521,83a11c2bb57897add8f2a140a655ad9f002b4508,0.06175312971996472,autoland,4768104,12,53390121d39b212135aaffcd577053a14c7f0dff,linux1804-64-shippable-qr,True,False,,,102210fe594ee9b33d82058545b1ed14f4c8206e,custom.jsdebugger.stepOut.DAMP,damp,True,damp custom.jsdebugger.stepOut.DAMP opt e10s fission stylo webrender,4767202,77,ms,firefox,,1768615353,2023-10-04 03:30:40,1310745,,,,,,,,,,,,,,,,,,,,,,,,,,,,,,,,,,,,,,,,,,,,,,,,,TN
1522,413c83e8ccdad48a5ea3e58243d8ec9bb8c317fd,0.06487332140856994,autoland,4768104,12,53390121d39b212135aaffcd577053a14c7f0dff,linux1804-64-shippable-qr,True,False,,,102210fe594ee9b33d82058545b1ed14f4c8206e,custom.jsdebugger.stepOut.DAMP,damp,True,damp custom.jsdebugger.stepOut.DAMP opt e10s fission stylo webrender,4767202,77,ms,firefox,,1767358771,2023-10-04 04:52:48,1310758,,,,,,,,,,,,,,,,,,,,,,,,,,,,,,,,,,,,,,,,,,,,,,,,,TN
1523,ee60a98b1285e84f8466d929dd7197b4cb9e3beb,0.06721815033394285,autoland,4768104,12,53390121d39b212135aaffcd577053a14c7f0dff,linux1804-64-shippable-qr,True,False,,,102210fe594ee9b33d82058545b1ed14f4c8206e,custom.jsdebugger.stepOut.DAMP,damp,True,damp custom.jsdebugger.stepOut.DAMP opt e10s fission stylo webrender,4767202,77,ms,firefox,,1767417322,2023-10-04 07:37:17,1310806,,,,,,,,,,,,,,,,,,,,,,,,,,,,,,,,,,,,,,,,,,,,,,,,,TN
1524,c559095402a2380ba171d9c60662e36c8d5e948d,0.04710390784647667,autoland,4768104,12,53390121d39b212135aaffcd577053a14c7f0dff,linux1804-64-shippable-qr,True,False,,,102210fe594ee9b33d82058545b1ed14f4c8206e,custom.jsdebugger.stepOut.DAMP,damp,True,damp custom.jsdebugger.stepOut.DAMP opt e10s fission stylo webrender,4767202,77,ms,firefox,,1767583090,2023-10-04 11:43:59,1310929,,,,,,,,,,,,,,,,,,,,,,,,,,,,,,,,,,,,,,,,,,,,,,,,,TN
1525,764533656770292f05824c8125c45832ba08baa6,0.06247014037055543,autoland,4768104,12,53390121d39b212135aaffcd577053a14c7f0dff,linux1804-64-shippable-qr,True,False,,,102210fe594ee9b33d82058545b1ed14f4c8206e,custom.jsdebugger.stepOut.DAMP,damp,True,damp custom.jsdebugger.stepOut.DAMP opt e10s fission stylo webrender,4767202,77,ms,firefox,,1767686815,2023-10-04 13:35:26,1311025,,,,,,,,,,,,,,,,,,,,,,,,,,,,,,,,,,,,,,,,,,,,,,,,,TN
1526,ce4c0f200f3bbd6681a6313aebf0d64f7ea8afe5,0.050262226624605555,autoland,4768104,12,53390121d39b212135aaffcd577053a14c7f0dff,linux1804-64-shippable-qr,True,False,,,102210fe594ee9b33d82058545b1ed14f4c8206e,custom.jsdebugger.stepOut.DAMP,damp,True,damp custom.jsdebugger.stepOut.DAMP opt e10s fission stylo webrender,4767202,77,ms,firefox,,1767743224,2023-10-04 16:58:39,1311191,,,,,,,,,,,,,,,,,,,,,,,,,,,,,,,,,,,,,,,,,,,,,,,,,TN
1527,e557eb7d97ce665fd81c680ed136877f12572c13,0.059556787198990935,autoland,4768104,12,53390121d39b212135aaffcd577053a14c7f0dff,linux1804-64-shippable-qr,True,False,,,102210fe594ee9b33d82058545b1ed14f4c8206e,custom.jsdebugger.stepOut.DAMP,damp,True,damp custom.jsdebugger.stepOut.DAMP opt e10s fission stylo webrender,4767202,77,ms,firefox,,1767885675,2023-10-04 20:54:48,1311395,,,,,,,,,,,,,,,,,,,,,,,,,,,,,,,,,,,,,,,,,,,,,,,,,TN
1528,59f4df7189285072039d3a68afd88090443edb71,0.05238775573214682,autoland,4768104,12,53390121d39b212135aaffcd577053a14c7f0dff,linux1804-64-shippable-qr,True,False,,,102210fe594ee9b33d82058545b1ed14f4c8206e,custom.jsdebugger.stepOut.DAMP,damp,True,damp custom.jsdebugger.stepOut.DAMP opt e10s fission stylo webrender,4767202,77,ms,firefox,,1768002323,2023-10-05 00:01:56,1311536,,,,,,,,,,,,,,,,,,,,,,,,,,,,,,,,,,,,,,,,,,,,,,,,,TN
1529,c406ccc1889d7f77e187d219bc9800009e26c02e,0.04818492022750642,autoland,4768104,12,53390121d39b212135aaffcd577053a14c7f0dff,linux1804-64-shippable-qr,True,False,,,102210fe594ee9b33d82058545b1ed14f4c8206e,custom.jsdebugger.stepOut.DAMP,damp,True,damp custom.jsdebugger.stepOut.DAMP opt e10s fission stylo webrender,4767202,77,ms,firefox,,1768095952,2023-10-05 04:15:14,1311596,,,,,,,,,,,,,,,,,,,,,,,,,,,,,,,,,,,,,,,,,,,,,,,,,TN
1530,526604ee2cd434fcf94020c1c8b6b96d253a6e83,0.05380275720519323,autoland,4768104,12,53390121d39b212135aaffcd577053a14c7f0dff,linux1804-64-shippable-qr,True,False,,,102210fe594ee9b33d82058545b1ed14f4c8206e,custom.jsdebugger.stepOut.DAMP,damp,True,damp custom.jsdebugger.stepOut.DAMP opt e10s fission stylo webrender,4767202,77,ms,firefox,,1768261335,2023-10-05 08:15:44,1311663,,,,,,,,,,,,,,,,,,,,,,,,,,,,,,,,,,,,,,,,,,,,,,,,,TN
1531,352fa7471fb72db127fc25a7723d201abec7bd50,0.06294304385513205,autoland,4768104,12,53390121d39b212135aaffcd577053a14c7f0dff,linux1804-64-shippable-qr,True,False,,,102210fe594ee9b33d82058545b1ed14f4c8206e,custom.jsdebugger.stepOut.DAMP,damp,True,damp custom.jsdebugger.stepOut.DAMP opt e10s fission stylo webrender,4767202,77,ms,firefox,,1768184348,2023-10-05 08:43:24,1311677,,,,,,,,,,,,,,,,,,,,,,,,,,,,,,,,,,,,,,,,,,,,,,,,,TN
1532,071a248f1589b12a9d492997caf012ac6a813d61,0.06605709431413231,autoland,4768104,12,53390121d39b212135aaffcd577053a14c7f0dff,linux1804-64-shippable-qr,True,False,,,102210fe594ee9b33d82058545b1ed14f4c8206e,custom.jsdebugger.stepOut.DAMP,damp,True,damp custom.jsdebugger.stepOut.DAMP opt e10s fission stylo webrender,4767202,77,ms,firefox,,1768382500,2023-10-05 13:03:19,1311840,,,,,,,,,,,,,,,,,,,,,,,,,,,,,,,,,,,,,,,,,,,,,,,,,TN
1533,38a59b940c35dfab50ff2deda3fe6f27bfa99213,0.04049917101646605,autoland,4768104,12,53390121d39b212135aaffcd577053a14c7f0dff,linux1804-64-shippable-qr,True,False,,,102210fe594ee9b33d82058545b1ed14f4c8206e,custom.jsdebugger.stepOut.DAMP,damp,True,damp custom.jsdebugger.stepOut.DAMP opt e10s fission stylo webrender,4767202,77,ms,firefox,,1768583579,2023-10-05 14:07:33,1311899,,,,,,,,,,,,,,,,,,,,,,,,,,,,,,,,,,,,,,,,,,,,,,,,,TN
1534,def7651a06fb17bb344eaf48cc6daa6047be722e,0.061124165879749004,autoland,4768104,12,53390121d39b212135aaffcd577053a14c7f0dff,linux1804-64-shippable-qr,True,False,,,102210fe594ee9b33d82058545b1ed14f4c8206e,custom.jsdebugger.stepOut.DAMP,damp,True,damp custom.jsdebugger.stepOut.DAMP opt e10s fission stylo webrender,4767202,77,ms,firefox,,1768693016,2023-10-05 17:18:24,1312069,,,,,,,,,,,,,,,,,,,,,,,,,,,,,,,,,,,,,,,,,,,,,,,,,TN
1535,5cb270a4e6b6f0aa6cd6865b7f8daf75ad10263c,0.059188175323613645,autoland,4768104,12,53390121d39b212135aaffcd577053a14c7f0dff,linux1804-64-shippable-qr,True,False,,,102210fe594ee9b33d82058545b1ed14f4c8206e,custom.jsdebugger.stepOut.DAMP,damp,True,damp custom.jsdebugger.stepOut.DAMP opt e10s fission stylo webrender,4767202,77,ms,firefox,,1768785363,2023-10-05 19:49:01,1312160,,,,,,,,,,,,,,,,,,,,,,,,,,,,,,,,,,,,,,,,,,,,,,,,,TN
1536,461a9c98a535b9896e9d394bdfee72ce90cf7afd,0.048168797637197946,autoland,4768104,12,53390121d39b212135aaffcd577053a14c7f0dff,linux1804-64-shippable-qr,True,False,,,102210fe594ee9b33d82058545b1ed14f4c8206e,custom.jsdebugger.stepOut.DAMP,damp,True,damp custom.jsdebugger.stepOut.DAMP opt e10s fission stylo webrender,4767202,77,ms,firefox,,1768929417,2023-10-06 01:08:36,1312319,,,,,,,,,,,,,,,,,,,,,,,,,,,,,,,,,,,,,,,,,,,,,,,,,TN
1537,055e1badb79853e71fe9123f8e0c60a4381a1239,0.05500279080683157,autoland,4768104,12,53390121d39b212135aaffcd577053a14c7f0dff,linux1804-64-shippable-qr,True,False,,,102210fe594ee9b33d82058545b1ed14f4c8206e,custom.jsdebugger.stepOut.DAMP,damp,True,damp custom.jsdebugger.stepOut.DAMP opt e10s fission stylo webrender,4767202,77,ms,firefox,,1768983681,2023-10-06 04:02:35,1312369,,,,,,,,,,,,,,,,,,,,,,,,,,,,,,,,,,,,,,,,,,,,,,,,,TN
1538,00b027478170756439b780282f9cfdf15edea985,0.0626957771503247,autoland,4768104,12,53390121d39b212135aaffcd577053a14c7f0dff,linux1804-64-shippable-qr,True,False,,,102210fe594ee9b33d82058545b1ed14f4c8206e,custom.jsdebugger.stepOut.DAMP,damp,True,damp custom.jsdebugger.stepOut.DAMP opt e10s fission stylo webrender,4767202,77,ms,firefox,,1769160898,2023-10-06 08:43:18,1312452,,,,,,,,,,,,,,,,,,,,,,,,,,,,,,,,,,,,,,,,,,,,,,,,,TN
1539,9b362770f30bc360df921ba24ace5de8c387e631,0.06406560715320997,autoland,4768104,12,53390121d39b212135aaffcd577053a14c7f0dff,linux1804-64-shippable-qr,True,False,,,102210fe594ee9b33d82058545b1ed14f4c8206e,custom.jsdebugger.stepOut.DAMP,damp,True,damp custom.jsdebugger.stepOut.DAMP opt e10s fission stylo webrender,4767202,77,ms,firefox,,1769229035,2023-10-06 12:06:22,1312537,,,,,,,,,,,,,,,,,,,,,,,,,,,,,,,,,,,,,,,,,,,,,,,,,TN
1540,c561ffa6099b97fd965811d77fd98de66c44d32b,0.04916616669110885,autoland,4768104,12,53390121d39b212135aaffcd577053a14c7f0dff,linux1804-64-shippable-qr,True,False,,,102210fe594ee9b33d82058545b1ed14f4c8206e,custom.jsdebugger.stepOut.DAMP,damp,True,damp custom.jsdebugger.stepOut.DAMP opt e10s fission stylo webrender,4767202,77,ms,firefox,,1769526645,2023-10-06 19:00:40,1312844,,,,,,,,,,,,,,,,,,,,,,,,,,,,,,,,,,,,,,,,,,,,,,,,,TN
1541,1d25ed23e85a3a9d0d9117997337757d0ff718a2,0.04783176525355459,autoland,4768104,12,53390121d39b212135aaffcd577053a14c7f0dff,linux1804-64-shippable-qr,True,False,,,102210fe594ee9b33d82058545b1ed14f4c8206e,custom.jsdebugger.stepOut.DAMP,damp,True,damp custom.jsdebugger.stepOut.DAMP opt e10s fission stylo webrender,4767202,77,ms,firefox,,1769560869,2023-10-06 23:09:23,1312997,,,,,,,,,,,,,,,,,,,,,,,,,,,,,,,,,,,,,,,,,,,,,,,,,TN
1542,4db29be9ee2947a3d67a996fefc3ff1cb94a6fcc,0.04946929364589592,autoland,4768104,12,53390121d39b212135aaffcd577053a14c7f0dff,linux1804-64-shippable-qr,True,False,,,102210fe594ee9b33d82058545b1ed14f4c8206e,custom.jsdebugger.stepOut.DAMP,damp,True,damp custom.jsdebugger.stepOut.DAMP opt e10s fission stylo webrender,4767202,77,ms,firefox,,1769604030,2023-10-07 03:35:30,1313062,,,,,,,,,,,,,,,,,,,,,,,,,,,,,,,,,,,,,,,,,,,,,,,,,TN
1543,c4c56469518a5ccc9349ed7d29a0d56eba776df6,0.05360625574546951,autoland,4768104,12,53390121d39b212135aaffcd577053a14c7f0dff,linux1804-64-shippable-qr,True,False,,,102210fe594ee9b33d82058545b1ed14f4c8206e,custom.jsdebugger.stepOut.DAMP,damp,True,damp custom.jsdebugger.stepOut.DAMP opt e10s fission stylo webrender,4767202,77,ms,firefox,,1769653890,2023-10-07 06:02:53,1313071,,,,,,,,,,,,,,,,,,,,,,,,,,,,,,,,,,,,,,,,,,,,,,,,,TN
1544,ef73c2e8cd831f2a46ff5704623db63232fd912d,0.049266610220548124,autoland,4768104,12,53390121d39b212135aaffcd577053a14c7f0dff,linux1804-64-shippable-qr,True,False,,,102210fe594ee9b33d82058545b1ed14f4c8206e,custom.jsdebugger.stepOut.DAMP,damp,True,damp custom.jsdebugger.stepOut.DAMP opt e10s fission stylo webrender,4767202,77,ms,firefox,,1769768259,2023-10-07 13:52:35,1313122,,,,,,,,,,,,,,,,,,,,,,,,,,,,,,,,,,,,,,,,,,,,,,,,,TN
1545,8db232d0f8c742a85eb803c996ef87edac9d5c81,0.051944463485627534,autoland,4768104,12,53390121d39b212135aaffcd577053a14c7f0dff,linux1804-64-shippable-qr,True,False,,,102210fe594ee9b33d82058545b1ed14f4c8206e,custom.jsdebugger.stepOut.DAMP,damp,True,damp custom.jsdebugger.stepOut.DAMP opt e10s fission stylo webrender,4767202,77,ms,firefox,,1769820893,2023-10-07 18:43:49,1313149,,,,,,,,,,,,,,,,,,,,,,,,,,,,,,,,,,,,,,,,,,,,,,,,,TN
1546,fba49989dde6aa32244c622fd43abe19a32128ae,0.05855305833107316,autoland,4768104,12,53390121d39b212135aaffcd577053a14c7f0dff,linux1804-64-shippable-qr,True,False,,,102210fe594ee9b33d82058545b1ed14f4c8206e,custom.jsdebugger.stepOut.DAMP,damp,True,damp custom.jsdebugger.stepOut.DAMP opt e10s fission stylo webrender,4767202,77,ms,firefox,,1769887118,2023-10-07 23:15:17,1313184,,,,,,,,,,,,,,,,,,,,,,,,,,,,,,,,,,,,,,,,,,,,,,,,,TN
1547,68e866f36130edd1c8de093ac6d8a0fb78006527,0.05899708879688925,autoland,4768104,12,53390121d39b212135aaffcd577053a14c7f0dff,linux1804-64-shippable-qr,True,False,,,102210fe594ee9b33d82058545b1ed14f4c8206e,custom.jsdebugger.stepOut.DAMP,damp,True,damp custom.jsdebugger.stepOut.DAMP opt e10s fission stylo webrender,4767202,77,ms,firefox,,1769974388,2023-10-08 08:55:12,1313211,,,,,,,,,,,,,,,,,,,,,,,,,,,,,,,,,,,,,,,,,,,,,,,,,TN
1548,38314c6dc43eed509bfa7c922dbbc4147ac2ce34,0.06098144116269877,autoland,4768104,12,53390121d39b212135aaffcd577053a14c7f0dff,linux1804-64-shippable-qr,True,False,,,102210fe594ee9b33d82058545b1ed14f4c8206e,custom.jsdebugger.stepOut.DAMP,damp,True,damp custom.jsdebugger.stepOut.DAMP opt e10s fission stylo webrender,4767202,77,ms,firefox,,1770212084,2023-10-08 23:28:16,1313289,,,,,,,,,,,,,,,,,,,,,,,,,,,,,,,,,,,,,,,,,,,,,,,,,TN
1549,d5fd5e481ff21f14c9771aa58f8fb378a8430cdf,0.059587960322356026,autoland,4768104,12,53390121d39b212135aaffcd577053a14c7f0dff,linux1804-64-shippable-qr,True,False,,,102210fe594ee9b33d82058545b1ed14f4c8206e,custom.jsdebugger.stepOut.DAMP,damp,True,damp custom.jsdebugger.stepOut.DAMP opt e10s fission stylo webrender,4767202,77,ms,firefox,,1770271903,2023-10-09 04:48:12,1313332,,,,,,,,,,,,,,,,,,,,,,,,,,,,,,,,,,,,,,,,,,,,,,,,,TN
1550,77c18c08c9ff87c6ff0e5b546ac609296d5e04db,0.0566122499750088,autoland,4768104,12,53390121d39b212135aaffcd577053a14c7f0dff,linux1804-64-shippable-qr,True,False,,,102210fe594ee9b33d82058545b1ed14f4c8206e,custom.jsdebugger.stepOut.DAMP,damp,True,damp custom.jsdebugger.stepOut.DAMP opt e10s fission stylo webrender,4767202,77,ms,firefox,,1770458446,2023-10-09 08:48:33,1313413,,,,,,,,,,,,,,,,,,,,,,,,,,,,,,,,,,,,,,,,,,,,,,,,,TN
1551,70c980c054e9a0693d3bee343b1235d47894163d,0.05129594627267786,autoland,4768104,12,53390121d39b212135aaffcd577053a14c7f0dff,linux1804-64-shippable-qr,True,False,,,102210fe594ee9b33d82058545b1ed14f4c8206e,custom.jsdebugger.stepOut.DAMP,damp,True,damp custom.jsdebugger.stepOut.DAMP opt e10s fission stylo webrender,4767202,77,ms,firefox,,1770477865,2023-10-09 11:45:29,1313495,,,,,,,,,,,,,,,,,,,,,,,,,,,,,,,,,,,,,,,,,,,,,,,,,TN
1552,86e82f01df51429edbb4cfa27823d4d71e7844ab,0.038986824945423604,autoland,4768104,12,53390121d39b212135aaffcd577053a14c7f0dff,linux1804-64-shippable-qr,True,False,,,102210fe594ee9b33d82058545b1ed14f4c8206e,custom.jsdebugger.stepOut.DAMP,damp,True,damp custom.jsdebugger.stepOut.DAMP opt e10s fission stylo webrender,4767202,77,ms,firefox,,1770581493,2023-10-09 16:17:23,1313678,,,,,,,,,,,,,,,,,,,,,,,,,,,,,,,,,,,,,,,,,,,,,,,,,TN
1553,9591bcc532c4599dba688d3555c6a0135139c39a,0.047744914696343344,autoland,4768104,12,53390121d39b212135aaffcd577053a14c7f0dff,linux1804-64-shippable-qr,True,False,,,102210fe594ee9b33d82058545b1ed14f4c8206e,custom.jsdebugger.stepOut.DAMP,damp,True,damp custom.jsdebugger.stepOut.DAMP opt e10s fission stylo webrender,4767202,77,ms,firefox,,1770626787,2023-10-09 16:47:54,1313694,,,,,,,,,,,,,,,,,,,,,,,,,,,,,,,,,,,,,,,,,,,,,,,,,TN
1554,3d1ac3fb7670dd794589cae42735270de4266f4c,0.06131746905148172,autoland,4768104,12,53390121d39b212135aaffcd577053a14c7f0dff,linux1804-64-shippable-qr,True,False,,,102210fe594ee9b33d82058545b1ed14f4c8206e,custom.jsdebugger.stepOut.DAMP,damp,True,damp custom.jsdebugger.stepOut.DAMP opt e10s fission stylo webrender,4767202,77,ms,firefox,,1770751874,2023-10-09 21:45:38,1313856,,,,,,,,,,,,,,,,,,,,,,,,,,,,,,,,,,,,,,,,,,,,,,,,,TN
1555,935a0ba75b642adf295d7792f8ad8129f87e4c03,0.03693105309109346,autoland,4768104,12,53390121d39b212135aaffcd577053a14c7f0dff,linux1804-64-shippable-qr,True,False,,,102210fe594ee9b33d82058545b1ed14f4c8206e,custom.jsdebugger.stepOut.DAMP,damp,True,damp custom.jsdebugger.stepOut.DAMP opt e10s fission stylo webrender,4767202,77,ms,firefox,,1770800171,2023-10-10 02:31:01,1313960,,,,,,,,,,,,,,,,,,,,,,,,,,,,,,,,,,,,,,,,,,,,,,,,,TN
1556,de9287a68ed836a8fd2eb2ba90de0770a18c877a,0.06322198046604743,autoland,4768104,12,53390121d39b212135aaffcd577053a14c7f0dff,linux1804-64-shippable-qr,True,False,,,102210fe594ee9b33d82058545b1ed14f4c8206e,custom.jsdebugger.stepOut.DAMP,damp,True,damp custom.jsdebugger.stepOut.DAMP opt e10s fission stylo webrender,4767202,77,ms,firefox,,1770860756,2023-10-10 06:35:36,1314004,,,,,,,,,,,,,,,,,,,,,,,,,,,,,,,,,,,,,,,,,,,,,,,,,TN
1557,bec78f6e89cdb3b51ac879af75533217f38970cf,0.05055908716049051,autoland,4768104,12,53390121d39b212135aaffcd577053a14c7f0dff,linux1804-64-shippable-qr,True,False,,,102210fe594ee9b33d82058545b1ed14f4c8206e,custom.jsdebugger.stepOut.DAMP,damp,True,damp custom.jsdebugger.stepOut.DAMP opt e10s fission stylo webrender,4767202,77,ms,firefox,,1770899767,2023-10-10 08:23:57,1314048,,,,,,,,,,,,,,,,,,,,,,,,,,,,,,,,,,,,,,,,,,,,,,,,,TN
1558,7a4c861a2d10a6757c8844de9bd8f71c94cb6150,0.055885165561962546,autoland,4768104,12,53390121d39b212135aaffcd577053a14c7f0dff,linux1804-64-shippable-qr,True,False,,,102210fe594ee9b33d82058545b1ed14f4c8206e,custom.jsdebugger.stepOut.DAMP,damp,True,damp custom.jsdebugger.stepOut.DAMP opt e10s fission stylo webrender,4767202,77,ms,firefox,,1771058643,2023-10-10 12:59:15,1314216,,,,,,,,,,,,,,,,,,,,,,,,,,,,,,,,,,,,,,,,,,,,,,,,,TN
1559,686073214e498a3ed6018f15d9cd093812f5ab6f,0.05083556668351108,autoland,4768104,12,53390121d39b212135aaffcd577053a14c7f0dff,linux1804-64-shippable-qr,True,False,,,102210fe594ee9b33d82058545b1ed14f4c8206e,custom.jsdebugger.stepOut.DAMP,damp,True,damp custom.jsdebugger.stepOut.DAMP opt e10s fission stylo webrender,4767202,77,ms,firefox,,1771119327,2023-10-10 15:20:47,1314341,,,,,,,,,,,,,,,,,,,,,,,,,,,,,,,,,,,,,,,,,,,,,,,,,TN
1560,e746122083e758920b17ca0fd4726093187f3715,0.0678804661870519,autoland,4768104,12,53390121d39b212135aaffcd577053a14c7f0dff,linux1804-64-shippable-qr,True,False,,,102210fe594ee9b33d82058545b1ed14f4c8206e,custom.jsdebugger.stepOut.DAMP,damp,True,damp custom.jsdebugger.stepOut.DAMP opt e10s fission stylo webrender,4767202,77,ms,firefox,,1771278696,2023-10-10 18:56:17,1314490,,,,,,,,,,,,,,,,,,,,,,,,,,,,,,,,,,,,,,,,,,,,,,,,,TN
1561,32a23612bb297f386b6239e7bff0be58b62b2f73,0.059183722162266084,autoland,4768104,12,53390121d39b212135aaffcd577053a14c7f0dff,linux1804-64-shippable-qr,True,False,,,102210fe594ee9b33d82058545b1ed14f4c8206e,custom.jsdebugger.stepOut.DAMP,damp,True,damp custom.jsdebugger.stepOut.DAMP opt e10s fission stylo webrender,4767202,77,ms,firefox,,1771353739,2023-10-10 21:46:34,1314585,,,,,,,,,,,,,,,,,,,,,,,,,,,,,,,,,,,,,,,,,,,,,,,,,TN
1562,fb1c93363030ee78f4a3ea0da9854fb688a630b8,0.05421645411063203,autoland,4768104,12,53390121d39b212135aaffcd577053a14c7f0dff,linux1804-64-shippable-qr,True,False,,,102210fe594ee9b33d82058545b1ed14f4c8206e,custom.jsdebugger.stepOut.DAMP,damp,True,damp custom.jsdebugger.stepOut.DAMP opt e10s fission stylo webrender,4767202,77,ms,firefox,,1771488439,2023-10-11 04:35:52,1314760,,,,,,,,,,,,,,,,,,,,,,,,,,,,,,,,,,,,,,,,,,,,,,,,,TN
1563,d677f2833f2cf056757a6a3cf8c2e8b4273fb788,0.04951646218317318,autoland,4768104,12,53390121d39b212135aaffcd577053a14c7f0dff,linux1804-64-shippable-qr,True,False,,,102210fe594ee9b33d82058545b1ed14f4c8206e,custom.jsdebugger.stepOut.DAMP,damp,True,damp custom.jsdebugger.stepOut.DAMP opt e10s fission stylo webrender,4767202,77,ms,firefox,,1771535484,2023-10-11 05:18:39,1314767,,,,,,,,,,,,,,,,,,,,,,,,,,,,,,,,,,,,,,,,,,,,,,,,,TN
1564,2124c3eebcb12eb72e8ced7bfb3c8521a028af8d,0.062379364235275014,autoland,4768104,12,53390121d39b212135aaffcd577053a14c7f0dff,linux1804-64-shippable-qr,True,False,,,102210fe594ee9b33d82058545b1ed14f4c8206e,custom.jsdebugger.stepOut.DAMP,damp,True,damp custom.jsdebugger.stepOut.DAMP opt e10s fission stylo webrender,4767202,77,ms,firefox,,1771651827,2023-10-11 09:29:42,1314864,,,,,,,,,,,,,,,,,,,,,,,,,,,,,,,,,,,,,,,,,,,,,,,,,TN
1565,e4751df31e7494090d14b0ab8ff52bab6c1391d7,0.06410146791934113,autoland,4768104,12,53390121d39b212135aaffcd577053a14c7f0dff,linux1804-64-shippable-qr,True,False,,,102210fe594ee9b33d82058545b1ed14f4c8206e,custom.jsdebugger.stepOut.DAMP,damp,True,damp custom.jsdebugger.stepOut.DAMP opt e10s fission stylo webrender,4767202,77,ms,firefox,,1771660618,2023-10-11 10:39:45,1314918,,,,,,,,,,,,,,,,,,,,,,,,,,,,,,,,,,,,,,,,,,,,,,,,,TN
1566,2f6d9a971e1895c3186c6f2cdc2286c9f6e9694e,0.061386871601702975,autoland,4768104,12,53390121d39b212135aaffcd577053a14c7f0dff,linux1804-64-shippable-qr,True,False,,,102210fe594ee9b33d82058545b1ed14f4c8206e,custom.jsdebugger.stepOut.DAMP,damp,True,damp custom.jsdebugger.stepOut.DAMP opt e10s fission stylo webrender,4767202,77,ms,firefox,,1771754577,2023-10-11 14:42:40,1315015,,,,,,,,,,,,,,,,,,,,,,,,,,,,,,,,,,,,,,,,,,,,,,,,,TN
1567,a710f6c3ab82ca81444f0478a4882217c3628bf0,0.06914315702143292,autoland,4768104,12,53390121d39b212135aaffcd577053a14c7f0dff,linux1804-64-shippable-qr,True,False,,,102210fe594ee9b33d82058545b1ed14f4c8206e,custom.jsdebugger.stepOut.DAMP,damp,True,damp custom.jsdebugger.stepOut.DAMP opt e10s fission stylo webrender,4767202,77,ms,firefox,,1771779770,2023-10-11 15:07:05,1315029,,,,,,,,,,,,,,,,,,,,,,,,,,,,,,,,,,,,,,,,,,,,,,,,,TN
1568,be8d8e6ec4b7216d8dcb9b4ff8c8a413fc83da74,0.06156419625009879,autoland,4768104,12,53390121d39b212135aaffcd577053a14c7f0dff,linux1804-64-shippable-qr,True,False,,,102210fe594ee9b33d82058545b1ed14f4c8206e,custom.jsdebugger.stepOut.DAMP,damp,True,damp custom.jsdebugger.stepOut.DAMP opt e10s fission stylo webrender,4767202,77,ms,firefox,,1771828984,2023-10-11 17:21:18,1315168,,,,,,,,,,,,,,,,,,,,,,,,,,,,,,,,,,,,,,,,,,,,,,,,,TN
1569,dfe9eba9757679d9dda934ba7dd5798a0c3360fe,0.061018344179339934,autoland,4768104,12,53390121d39b212135aaffcd577053a14c7f0dff,linux1804-64-shippable-qr,True,False,,,102210fe594ee9b33d82058545b1ed14f4c8206e,custom.jsdebugger.stepOut.DAMP,damp,True,damp custom.jsdebugger.stepOut.DAMP opt e10s fission stylo webrender,4767202,77,ms,firefox,,1771951731,2023-10-11 21:29:22,1315364,,,,,,,,,,,,,,,,,,,,,,,,,,,,,,,,,,,,,,,,,,,,,,,,,TN
1570,2cbc64e7dbb0cd771d39710e5c3f2ed9a7e02b50,0.0651688138044818,autoland,4768104,12,53390121d39b212135aaffcd577053a14c7f0dff,linux1804-64-shippable-qr,True,False,,,102210fe594ee9b33d82058545b1ed14f4c8206e,custom.jsdebugger.stepOut.DAMP,damp,True,damp custom.jsdebugger.stepOut.DAMP opt e10s fission stylo webrender,4767202,77,ms,firefox,,1771968194,2023-10-11 21:41:54,1315372,,,,,,,,,,,,,,,,,,,,,,,,,,,,,,,,,,,,,,,,,,,,,,,,,TN
1571,c77a5d731bccf47b2b9f0714e44d5943f903d95e,0.07312122213535388,autoland,4768104,12,53390121d39b212135aaffcd577053a14c7f0dff,linux1804-64-shippable-qr,True,False,,,102210fe594ee9b33d82058545b1ed14f4c8206e,custom.jsdebugger.stepOut.DAMP,damp,True,damp custom.jsdebugger.stepOut.DAMP opt e10s fission stylo webrender,4767202,77,ms,firefox,,1772166253,2023-10-12 04:10:05,1315494,,,,,,,,,,,,,,,,,,,,,,,,,,,,,,,,,,,,,,,,,,,,,,,,,TN
1572,d64dc6406137711ffbc7f0bc42f6794a1c4ad236,0.05375769105285355,autoland,4768104,12,53390121d39b212135aaffcd577053a14c7f0dff,linux1804-64-shippable-qr,True,False,,,102210fe594ee9b33d82058545b1ed14f4c8206e,custom.jsdebugger.stepOut.DAMP,damp,True,damp custom.jsdebugger.stepOut.DAMP opt e10s fission stylo webrender,4767202,77,ms,firefox,,1772236202,2023-10-12 08:16:23,1315559,,,,,,,,,,,,,,,,,,,,,,,,,,,,,,,,,,,,,,,,,,,,,,,,,TN
1573,6eb785f75431f10faa331dabd429029e6dd1224e,0.05372134840724929,autoland,4768104,12,53390121d39b212135aaffcd577053a14c7f0dff,linux1804-64-shippable-qr,True,False,,,102210fe594ee9b33d82058545b1ed14f4c8206e,custom.jsdebugger.stepOut.DAMP,damp,True,damp custom.jsdebugger.stepOut.DAMP opt e10s fission stylo webrender,4767202,77,ms,firefox,,1772279917,2023-10-12 09:32:06,1315613,,,,,,,,,,,,,,,,,,,,,,,,,,,,,,,,,,,,,,,,,,,,,,,,,TN
1574,d3c6163a42b6002297fdb7cbb78395ee4495a357,0.05573193786209851,autoland,4768104,12,53390121d39b212135aaffcd577053a14c7f0dff,linux1804-64-shippable-qr,True,False,,,102210fe594ee9b33d82058545b1ed14f4c8206e,custom.jsdebugger.stepOut.DAMP,damp,True,damp custom.jsdebugger.stepOut.DAMP opt e10s fission stylo webrender,4767202,77,ms,firefox,,1772412018,2023-10-12 12:42:22,1315709,,,,,,,,,,,,,,,,,,,,,,,,,,,,,,,,,,,,,,,,,,,,,,,,,TN
1575,c09a0d19d99b488a292e3583cd0bb488afc74173,0.06192331659244488,autoland,4768104,12,53390121d39b212135aaffcd577053a14c7f0dff,linux1804-64-shippable-qr,True,False,,,102210fe594ee9b33d82058545b1ed14f4c8206e,custom.jsdebugger.stepOut.DAMP,damp,True,damp custom.jsdebugger.stepOut.DAMP opt e10s fission stylo webrender,4767202,77,ms,firefox,,1772515374,2023-10-12 17:01:35,1315902,,,,,,,,,,,,,,,,,,,,,,,,,,,,,,,,,,,,,,,,,,,,,,,,,TN
1576,a5369079cd89dd91a42689da9aad1fc607ef9146,0.055188256732437435,autoland,4768104,12,53390121d39b212135aaffcd577053a14c7f0dff,linux1804-64-shippable-qr,True,False,,,102210fe594ee9b33d82058545b1ed14f4c8206e,custom.jsdebugger.stepOut.DAMP,damp,True,damp custom.jsdebugger.stepOut.DAMP opt e10s fission stylo webrender,4767202,77,ms,firefox,,1772530079,2023-10-12 17:02:35,1315903,,,,,,,,,,,,,,,,,,,,,,,,,,,,,,,,,,,,,,,,,,,,,,,,,TN
1577,b9478e8898d6397ccb0ca6d2f90b882083ef91d2,0.06232906497249269,autoland,4768104,12,53390121d39b212135aaffcd577053a14c7f0dff,linux1804-64-shippable-qr,True,False,,,102210fe594ee9b33d82058545b1ed14f4c8206e,custom.jsdebugger.stepOut.DAMP,damp,True,damp custom.jsdebugger.stepOut.DAMP opt e10s fission stylo webrender,4767202,77,ms,firefox,,1772594213,2023-10-12 19:48:41,1316052,,,,,,,,,,,,,,,,,,,,,,,,,,,,,,,,,,,,,,,,,,,,,,,,,TN
1578,6769216667ff487b1442f654ee41dc5f12c23983,0.054171784391018996,autoland,4768104,12,53390121d39b212135aaffcd577053a14c7f0dff,linux1804-64-shippable-qr,True,False,,,102210fe594ee9b33d82058545b1ed14f4c8206e,custom.jsdebugger.stepOut.DAMP,damp,True,damp custom.jsdebugger.stepOut.DAMP opt e10s fission stylo webrender,4767202,77,ms,firefox,,1772729796,2023-10-12 23:58:41,1316211,,,,,,,,,,,,,,,,,,,,,,,,,,,,,,,,,,,,,,,,,,,,,,,,,TN
1579,810153993fc0b06ce0eabae2602fc7f74ed9be18,0.03944205190285066,autoland,4768104,12,53390121d39b212135aaffcd577053a14c7f0dff,linux1804-64-shippable-qr,True,False,,,102210fe594ee9b33d82058545b1ed14f4c8206e,custom.jsdebugger.stepOut.DAMP,damp,True,damp custom.jsdebugger.stepOut.DAMP opt e10s fission stylo webrender,4767202,77,ms,firefox,,1772838127,2023-10-13 06:04:39,1316292,,,,,,,,,,,,,,,,,,,,,,,,,,,,,,,,,,,,,,,,,,,,,,,,,TN
1580,930888998f68ddfb0f36d898e98305e459d7cbb2,0.06217884181529254,autoland,4768104,12,53390121d39b212135aaffcd577053a14c7f0dff,linux1804-64-shippable-qr,True,False,,,102210fe594ee9b33d82058545b1ed14f4c8206e,custom.jsdebugger.stepOut.DAMP,damp,True,damp custom.jsdebugger.stepOut.DAMP opt e10s fission stylo webrender,4767202,77,ms,firefox,,1772850390,2023-10-13 06:28:51,1316299,,,,,,,,,,,,,,,,,,,,,,,,,,,,,,,,,,,,,,,,,,,,,,,,,TN
1581,0db2502d9e9503580a800e13235be8c02043bbc0,0.0472293117328898,autoland,4768104,12,53390121d39b212135aaffcd577053a14c7f0dff,linux1804-64-shippable-qr,True,False,,,102210fe594ee9b33d82058545b1ed14f4c8206e,custom.jsdebugger.stepOut.DAMP,damp,True,damp custom.jsdebugger.stepOut.DAMP opt e10s fission stylo webrender,4767202,77,ms,firefox,,1772993789,2023-10-13 10:45:16,1316413,,,,,,,,,,,,,,,,,,,,,,,,,,,,,,,,,,,,,,,,,,,,,,,,,TN
1582,8246d773a07ce105d3a9f92b96007867c7df3cc4,0.04949661372146097,autoland,4768104,12,53390121d39b212135aaffcd577053a14c7f0dff,linux1804-64-shippable-qr,True,False,,,102210fe594ee9b33d82058545b1ed14f4c8206e,custom.jsdebugger.stepOut.DAMP,damp,True,damp custom.jsdebugger.stepOut.DAMP opt e10s fission stylo webrender,4767202,77,ms,firefox,,1773021953,2023-10-13 11:42:22,1316442,,,,,,,,,,,,,,,,,,,,,,,,,,,,,,,,,,,,,,,,,,,,,,,,,TN
1583,8adc92d3a6a8eeeefd63f98296c29907c3838316,0.063809561301999,autoland,4768104,12,53390121d39b212135aaffcd577053a14c7f0dff,linux1804-64-shippable-qr,True,False,,,102210fe594ee9b33d82058545b1ed14f4c8206e,custom.jsdebugger.stepOut.DAMP,damp,True,damp custom.jsdebugger.stepOut.DAMP opt e10s fission stylo webrender,4767202,77,ms,firefox,,1773084416,2023-10-13 15:49:30,1316607,,,,,,,,,,,,,,,,,,,,,,,,,,,,,,,,,,,,,,,,,,,,,,,,,TN
1584,9ba44fb4eeafba4229fe28a6f3b42c79d8d05692,0.05842715170041246,autoland,4768104,12,53390121d39b212135aaffcd577053a14c7f0dff,linux1804-64-shippable-qr,True,False,,,102210fe594ee9b33d82058545b1ed14f4c8206e,custom.jsdebugger.stepOut.DAMP,damp,True,damp custom.jsdebugger.stepOut.DAMP opt e10s fission stylo webrender,4767202,77,ms,firefox,,1773075553,2023-10-13 16:11:23,1316611,,,,,,,,,,,,,,,,,,,,,,,,,,,,,,,,,,,,,,,,,,,,,,,,,TN
1585,bcd044cb6c313be98b766d19688066871ddaa6b3,0.07423138076588309,autoland,4768104,12,53390121d39b212135aaffcd577053a14c7f0dff,linux1804-64-shippable-qr,True,False,,,102210fe594ee9b33d82058545b1ed14f4c8206e,custom.jsdebugger.stepOut.DAMP,damp,True,damp custom.jsdebugger.stepOut.DAMP opt e10s fission stylo webrender,4767202,77,ms,firefox,,1773319985,2023-10-14 00:40:19,1316857,,,,,,,,,,,,,,,,,,,,,,,,,,,,,,,,,,,,,,,,,,,,,,,,,TN
1586,19db6b0f6713fdb1f311426a7899070e3ca19d6b,0.04689637582050843,autoland,4768104,12,53390121d39b212135aaffcd577053a14c7f0dff,linux1804-64-shippable-qr,True,False,,,102210fe594ee9b33d82058545b1ed14f4c8206e,custom.jsdebugger.stepOut.DAMP,damp,True,damp custom.jsdebugger.stepOut.DAMP opt e10s fission stylo webrender,4767202,77,ms,firefox,,1773366428,2023-10-14 05:14:50,1316873,,,,,,,,,,,,,,,,,,,,,,,,,,,,,,,,,,,,,,,,,,,,,,,,,TN
1587,1e870b95242b07bc4961bf7558d0703dd03814b3,0.062140311337986254,autoland,4768104,12,53390121d39b212135aaffcd577053a14c7f0dff,linux1804-64-shippable-qr,True,False,,,102210fe594ee9b33d82058545b1ed14f4c8206e,custom.jsdebugger.stepOut.DAMP,damp,True,damp custom.jsdebugger.stepOut.DAMP opt e10s fission stylo webrender,4767202,77,ms,firefox,,1773416955,2023-10-14 09:25:57,1316895,,,,,,,,,,,,,,,,,,,,,,,,,,,,,,,,,,,,,,,,,,,,,,,,,TN
1588,3f99c563251ec523301e9d46e6904989fc827306,0.06680331281503027,autoland,4768104,12,53390121d39b212135aaffcd577053a14c7f0dff,linux1804-64-shippable-qr,True,False,,,102210fe594ee9b33d82058545b1ed14f4c8206e,custom.jsdebugger.stepOut.DAMP,damp,True,damp custom.jsdebugger.stepOut.DAMP opt e10s fission stylo webrender,4767202,77,ms,firefox,,1773553577,2023-10-14 16:14:11,1316942,,,,,,,,,,,,,,,,,,,,,,,,,,,,,,,,,,,,,,,,,,,,,,,,,TN
1589,468469f54da6070a84314dc3c4ddcdfaca74b714,0.057603952723742524,autoland,4768104,12,53390121d39b212135aaffcd577053a14c7f0dff,linux1804-64-shippable-qr,True,False,,,102210fe594ee9b33d82058545b1ed14f4c8206e,custom.jsdebugger.stepOut.DAMP,damp,True,damp custom.jsdebugger.stepOut.DAMP opt e10s fission stylo webrender,4767202,77,ms,firefox,,1773691237,2023-10-15 06:24:19,1316977,,,,,,,,,,,,,,,,,,,,,,,,,,,,,,,,,,,,,,,,,,,,,,,,,TN
1590,91657cb1296c904004ace38877b9ca91f502be3f,0.06035754053319409,autoland,4768104,12,53390121d39b212135aaffcd577053a14c7f0dff,linux1804-64-shippable-qr,True,False,,,102210fe594ee9b33d82058545b1ed14f4c8206e,custom.jsdebugger.stepOut.DAMP,damp,True,damp custom.jsdebugger.stepOut.DAMP opt e10s fission stylo webrender,4767202,77,ms,firefox,,1773758134,2023-10-15 10:45:53,1317007,,,,,,,,,,,,,,,,,,,,,,,,,,,,,,,,,,,,,,,,,,,,,,,,,TN
1591,aba20bc488e22880b8ef5a89916ecabb51cee798,0.06261923284995619,autoland,4768104,12,53390121d39b212135aaffcd577053a14c7f0dff,linux1804-64-shippable-qr,True,False,,,102210fe594ee9b33d82058545b1ed14f4c8206e,custom.jsdebugger.stepOut.DAMP,damp,True,damp custom.jsdebugger.stepOut.DAMP opt e10s fission stylo webrender,4767202,77,ms,firefox,,1773803639,2023-10-15 15:32:44,1317021,,,,,,,,,,,,,,,,,,,,,,,,,,,,,,,,,,,,,,,,,,,,,,,,,TN
1592,f3de6f924333ec7c359d81d9fb16a9fca07ee42e,0.05477673871647992,autoland,4768104,12,53390121d39b212135aaffcd577053a14c7f0dff,linux1804-64-shippable-qr,True,False,,,102210fe594ee9b33d82058545b1ed14f4c8206e,custom.jsdebugger.stepOut.DAMP,damp,True,damp custom.jsdebugger.stepOut.DAMP opt e10s fission stylo webrender,4767202,77,ms,firefox,,1773911284,2023-10-16 01:55:37,1317071,,,,,,,,,,,,,,,,,,,,,,,,,,,,,,,,,,,,,,,,,,,,,,,,,TN
1593,e891ad8158b3106dceb2199ed2c74c0c2f05fa88,0.056097549169144445,autoland,4768104,12,53390121d39b212135aaffcd577053a14c7f0dff,linux1804-64-shippable-qr,True,False,,,102210fe594ee9b33d82058545b1ed14f4c8206e,custom.jsdebugger.stepOut.DAMP,damp,True,damp custom.jsdebugger.stepOut.DAMP opt e10s fission stylo webrender,4767202,77,ms,firefox,,1773970649,2023-10-16 05:57:00,1317093,,,,,,,,,,,,,,,,,,,,,,,,,,,,,,,,,,,,,,,,,,,,,,,,,TN
1594,e009aa26b6f79e7e5af18000b983f6decaa90eed,0.05191455119713828,autoland,4768104,12,53390121d39b212135aaffcd577053a14c7f0dff,linux1804-64-shippable-qr,True,False,,,102210fe594ee9b33d82058545b1ed14f4c8206e,custom.jsdebugger.stepOut.DAMP,damp,True,damp custom.jsdebugger.stepOut.DAMP opt e10s fission stylo webrender,4767202,77,ms,firefox,,1774123258,2023-10-16 10:06:37,1317197,,,,,,,,,,,,,,,,,,,,,,,,,,,,,,,,,,,,,,,,,,,,,,,,,TN
1595,8cb2f63a1e705ad6bf77a8f6dcb151aa3b67d2e6,0.06240594907228092,autoland,4768104,12,53390121d39b212135aaffcd577053a14c7f0dff,linux1804-64-shippable-qr,True,False,,,102210fe594ee9b33d82058545b1ed14f4c8206e,custom.jsdebugger.stepOut.DAMP,damp,True,damp custom.jsdebugger.stepOut.DAMP opt e10s fission stylo webrender,4767202,77,ms,firefox,,1774172290,2023-10-16 11:25:28,1317241,,,,,,,,,,,,,,,,,,,,,,,,,,,,,,,,,,,,,,,,,,,,,,,,,TN
1596,e0dd0b10e8fd0ea751f11fb0a6548ad9b6780e16,0.06680630642838847,autoland,4768104,12,53390121d39b212135aaffcd577053a14c7f0dff,linux1804-64-shippable-qr,True,False,,,102210fe594ee9b33d82058545b1ed14f4c8206e,custom.jsdebugger.stepOut.DAMP,damp,True,damp custom.jsdebugger.stepOut.DAMP opt e10s fission stylo webrender,4767202,77,ms,firefox,,1774301219,2023-10-16 15:34:18,1317419,,,,,,,,,,,,,,,,,,,,,,,,,,,,,,,,,,,,,,,,,,,,,,,,,TN
1597,36e5163d2528daaa5669d0f9284470b070c8882e,0.057648300528156504,autoland,4768104,12,53390121d39b212135aaffcd577053a14c7f0dff,linux1804-64-shippable-qr,True,False,,,102210fe594ee9b33d82058545b1ed14f4c8206e,custom.jsdebugger.stepOut.DAMP,damp,True,damp custom.jsdebugger.stepOut.DAMP opt e10s fission stylo webrender,4767202,77,ms,firefox,,1774422990,2023-10-16 19:06:00,1317546,,,,,,,,,,,,,,,,,,,,,,,,,,,,,,,,,,,,,,,,,,,,,,,,,TN
1598,e4bf7b3e037323072304a1b1327df57c4a54b560,0.06195935620052473,autoland,4768104,12,53390121d39b212135aaffcd577053a14c7f0dff,linux1804-64-shippable-qr,True,False,,,102210fe594ee9b33d82058545b1ed14f4c8206e,custom.jsdebugger.stepOut.DAMP,damp,True,damp custom.jsdebugger.stepOut.DAMP opt e10s fission stylo webrender,4767202,77,ms,firefox,,1774570662,2023-10-17 00:17:31,1317700,,,,,,,,,,,,,,,,,,,,,,,,,,,,,,,,,,,,,,,,,,,,,,,,,TN
1599,896b283a3e7185d805f59d4dcb3d6bb89e9e62d8,0.061281309222000147,autoland,4768104,12,53390121d39b212135aaffcd577053a14c7f0dff,linux1804-64-shippable-qr,True,False,,,102210fe594ee9b33d82058545b1ed14f4c8206e,custom.jsdebugger.stepOut.DAMP,damp,True,damp custom.jsdebugger.stepOut.DAMP opt e10s fission stylo webrender,4767202,77,ms,firefox,,1774747086,2023-10-17 05:18:57,1317768,,,,,,,,,,,,,,,,,,,,,,,,,,,,,,,,,,,,,,,,,,,,,,,,,TN
1600,ca60a5861d4a8bd5de1c8e5a9f76c9e35767c38c,0.06270767708651559,autoland,4768104,12,53390121d39b212135aaffcd577053a14c7f0dff,linux1804-64-shippable-qr,True,False,,,102210fe594ee9b33d82058545b1ed14f4c8206e,custom.jsdebugger.stepOut.DAMP,damp,True,damp custom.jsdebugger.stepOut.DAMP opt e10s fission stylo webrender,4767202,77,ms,firefox,,1774769136,2023-10-17 06:01:55,1317782,,,,,,,,,,,,,,,,,,,,,,,,,,,,,,,,,,,,,,,,,,,,,,,,,TN
1601,d59eb47c0fe47f9dd6886090330bcd49c47262ce,0.06391222147638498,autoland,4768104,12,53390121d39b212135aaffcd577053a14c7f0dff,linux1804-64-shippable-qr,True,False,,,102210fe594ee9b33d82058545b1ed14f4c8206e,custom.jsdebugger.stepOut.DAMP,damp,True,damp custom.jsdebugger.stepOut.DAMP opt e10s fission stylo webrender,4767202,77,ms,firefox,,1774893669,2023-10-17 10:34:28,1317920,,,,,,,,,,,,,,,,,,,,,,,,,,,,,,,,,,,,,,,,,,,,,,,,,TN
1602,9b7c81791d7f619271724e082934a933604e20da,0.058216850606920056,autoland,4768104,12,53390121d39b212135aaffcd577053a14c7f0dff,linux1804-64-shippable-qr,True,False,,,102210fe594ee9b33d82058545b1ed14f4c8206e,custom.jsdebugger.stepOut.DAMP,damp,True,damp custom.jsdebugger.stepOut.DAMP opt e10s fission stylo webrender,4767202,77,ms,firefox,,1774999772,2023-10-17 13:02:41,1318010,,,,,,,,,,,,,,,,,,,,,,,,,,,,,,,,,,,,,,,,,,,,,,,,,TN
1603,684641630402200d14bf5126668b97a4f280fe59,0.06307629094904654,autoland,4768104,12,53390121d39b212135aaffcd577053a14c7f0dff,linux1804-64-shippable-qr,True,False,,,102210fe594ee9b33d82058545b1ed14f4c8206e,custom.jsdebugger.stepOut.DAMP,damp,True,damp custom.jsdebugger.stepOut.DAMP opt e10s fission stylo webrender,4767202,77,ms,firefox,,1775213156,2023-10-17 16:53:16,1318176,,,,,,,,,,,,,,,,,,,,,,,,,,,,,,,,,,,,,,,,,,,,,,,,,TN
1604,421ffc7aa24ace087dc2a09680943f412adc38ff,0.06819647074663304,autoland,4768104,12,53390121d39b212135aaffcd577053a14c7f0dff,linux1804-64-shippable-qr,True,False,,,102210fe594ee9b33d82058545b1ed14f4c8206e,custom.jsdebugger.stepOut.DAMP,damp,True,damp custom.jsdebugger.stepOut.DAMP opt e10s fission stylo webrender,4767202,77,ms,firefox,,1775367519,2023-10-17 21:03:18,1318349,,,,,,,,,,,,,,,,,,,,,,,,,,,,,,,,,,,,,,,,,,,,,,,,,TN
1605,4091bed4a0aae7772537e08e6cb49bf0bc7434c9,0.056839550977291875,autoland,4768104,12,53390121d39b212135aaffcd577053a14c7f0dff,linux1804-64-shippable-qr,True,False,,,102210fe594ee9b33d82058545b1ed14f4c8206e,custom.jsdebugger.stepOut.DAMP,damp,True,damp custom.jsdebugger.stepOut.DAMP opt e10s fission stylo webrender,4767202,77,ms,firefox,,1775382571,2023-10-17 21:04:13,1318350,,,,,,,,,,,,,,,,,,,,,,,,,,,,,,,,,,,,,,,,,,,,,,,,,TN
1606,ba691c21c968a48e1bd212426fcc20fa5f4c276d,0.08038114499109317,autoland,4768104,12,53390121d39b212135aaffcd577053a14c7f0dff,linux1804-64-shippable-qr,True,False,,,102210fe594ee9b33d82058545b1ed14f4c8206e,custom.jsdebugger.stepOut.DAMP,damp,True,damp custom.jsdebugger.stepOut.DAMP opt e10s fission stylo webrender,4767202,77,ms,firefox,,1775569142,2023-10-18 01:40:11,1318466,,,,,,,,,,,,,,,,,,,,,,,,,,,,,,,,,,,,,,,,,,,,,,,,,TN
1607,7718734e95b193d8c5168adfdaae5f915ea93ae6,0.05763793465735223,autoland,4768104,12,53390121d39b212135aaffcd577053a14c7f0dff,linux1804-64-shippable-qr,True,False,,,102210fe594ee9b33d82058545b1ed14f4c8206e,custom.jsdebugger.stepOut.DAMP,damp,True,damp custom.jsdebugger.stepOut.DAMP opt e10s fission stylo webrender,4767202,77,ms,firefox,,1777275479,2023-10-18 01:57:27,1318469,,,,,,,,,,,,,,,,,,,,,,,,,,,,,,,,,,,,,,,,,,,,,,,,,TN
1608,1fdbab33412d8584cff093ced6c5bc96faa92fe5,0.06682224818983673,autoland,4768104,12,53390121d39b212135aaffcd577053a14c7f0dff,linux1804-64-shippable-qr,True,False,,,102210fe594ee9b33d82058545b1ed14f4c8206e,custom.jsdebugger.stepOut.DAMP,damp,True,damp custom.jsdebugger.stepOut.DAMP opt e10s fission stylo webrender,4767202,77,ms,firefox,,1777264086,2023-10-18 02:37:41,1318480,,,,,,,,,,,,,,,,,,,,,,,,,,,,,,,,,,,,,,,,,,,,,,,,,TN
1609,49525f3873cf1f86ac95fb98bd1d24dbc96f1f86,0.046187062323427064,autoland,4768104,12,53390121d39b212135aaffcd577053a14c7f0dff,linux1804-64-shippable-qr,True,False,,,102210fe594ee9b33d82058545b1ed14f4c8206e,custom.jsdebugger.stepOut.DAMP,damp,True,damp custom.jsdebugger.stepOut.DAMP opt e10s fission stylo webrender,4767202,77,ms,firefox,,1777267375,2023-10-18 03:07:21,1318487,,,,,,,,,,,,,,,,,,,,,,,,,,,,,,,,,,,,,,,,,,,,,,,,,TN
1610,13a02aaa62798b02471556fe2757fe64ba1a07b8,0.057596500981246246,autoland,4768104,12,53390121d39b212135aaffcd577053a14c7f0dff,linux1804-64-shippable-qr,True,False,,,102210fe594ee9b33d82058545b1ed14f4c8206e,custom.jsdebugger.stepOut.DAMP,damp,True,damp custom.jsdebugger.stepOut.DAMP opt e10s fission stylo webrender,4767202,77,ms,firefox,,1777262158,2023-10-18 05:20:31,1318500,,,,,,,,,,,,,,,,,,,,,,,,,,,,,,,,,,,,,,,,,,,,,,,,,TN
1611,56ce852715d80fe5af58051658a8550ea8a4d939,0.058561557292010846,autoland,4768104,12,53390121d39b212135aaffcd577053a14c7f0dff,linux1804-64-shippable-qr,True,False,,,102210fe594ee9b33d82058545b1ed14f4c8206e,custom.jsdebugger.stepOut.DAMP,damp,True,damp custom.jsdebugger.stepOut.DAMP opt e10s fission stylo webrender,4767202,77,ms,firefox,,1777275785,2023-10-18 05:32:45,1318501,,,,,,,,,,,,,,,,,,,,,,,,,,,,,,,,,,,,,,,,,,,,,,,,,TN
1612,199adb6962841a39536f4594b3d2214b429b781b,0.061207018328651386,autoland,4768104,12,53390121d39b212135aaffcd577053a14c7f0dff,linux1804-64-shippable-qr,True,False,,,102210fe594ee9b33d82058545b1ed14f4c8206e,custom.jsdebugger.stepOut.DAMP,damp,True,damp custom.jsdebugger.stepOut.DAMP opt e10s fission stylo webrender,4767202,77,ms,firefox,,1777267434,2023-10-18 05:37:42,1318503,,,,,,,,,,,,,,,,,,,,,,,,,,,,,,,,,,,,,,,,,,,,,,,,,TN
1613,2535b5e00abc662e478601037a00e314799243a2,0.07127677872143479,autoland,4768104,12,53390121d39b212135aaffcd577053a14c7f0dff,linux1804-64-shippable-qr,True,False,,,102210fe594ee9b33d82058545b1ed14f4c8206e,custom.jsdebugger.stepOut.DAMP,damp,True,damp custom.jsdebugger.stepOut.DAMP opt e10s fission stylo webrender,4767202,77,ms,firefox,,1777267801,2023-10-18 07:00:21,1318529,,,,,,,,,,,,,,,,,,,,,,,,,,,,,,,,,,,,,,,,,,,,,,,,,TN
1614,0cf1d9d7091d52e5014d6e91573c0ff7549f9cc3,0.07676918101206409,autoland,4768104,12,53390121d39b212135aaffcd577053a14c7f0dff,linux1804-64-shippable-qr,True,False,,,102210fe594ee9b33d82058545b1ed14f4c8206e,custom.jsdebugger.stepOut.DAMP,damp,True,damp custom.jsdebugger.stepOut.DAMP opt e10s fission stylo webrender,4767202,77,ms,firefox,,1777267255,2023-10-18 07:08:01,1318531,,,,,,,,,,,,,,,,,,,,,,,,,,,,,,,,,,,,,,,,,,,,,,,,,TN
1615,47d77a0e86e138652fedb38962b9709f9c0fb98d,0.07878124094412908,autoland,4768104,12,53390121d39b212135aaffcd577053a14c7f0dff,linux1804-64-shippable-qr,True,False,,,102210fe594ee9b33d82058545b1ed14f4c8206e,custom.jsdebugger.stepOut.DAMP,damp,True,damp custom.jsdebugger.stepOut.DAMP opt e10s fission stylo webrender,4767202,77,ms,firefox,,1775689279,2023-10-18 07:31:34,1318540,,,,,,,,,,,,,,,,,,,,,,,,,,,,,,,,,,,,,,,,,,,,,,,,,TN
1616,3c3b9cc2749b8ff22e3cbe98c540ad0aeac5cc6c,0.05861303591722633,autoland,4768104,12,53390121d39b212135aaffcd577053a14c7f0dff,linux1804-64-shippable-qr,True,False,,,102210fe594ee9b33d82058545b1ed14f4c8206e,custom.jsdebugger.stepOut.DAMP,damp,True,damp custom.jsdebugger.stepOut.DAMP opt e10s fission stylo webrender,4767202,77,ms,firefox,,1777264673,2023-10-18 08:58:13,1318589,,,,,,,,,,,,,,,,,,,,,,,,,,,,,,,,,,,,,,,,,,,,,,,,,TN
1617,bb3fbb9c403973313b06f5fa928bb5b65e1abcc1,0.052061114058389646,autoland,4768104,12,53390121d39b212135aaffcd577053a14c7f0dff,linux1804-64-shippable-qr,True,False,,,102210fe594ee9b33d82058545b1ed14f4c8206e,custom.jsdebugger.stepOut.DAMP,damp,True,damp custom.jsdebugger.stepOut.DAMP opt e10s fission stylo webrender,4767202,77,ms,firefox,,1777259571,2023-10-18 09:13:42,1318593,,,,,,,,,,,,,,,,,,,,,,,,,,,,,,,,,,,,,,,,,,,,,,,,,TN
1618,ee5517b7872627464d10893f99130fe96a841f40,0.04254954184768511,autoland,4768104,12,53390121d39b212135aaffcd577053a14c7f0dff,linux1804-64-shippable-qr,True,False,,,102210fe594ee9b33d82058545b1ed14f4c8206e,custom.jsdebugger.stepOut.DAMP,damp,True,damp custom.jsdebugger.stepOut.DAMP opt e10s fission stylo webrender,4767202,77,ms,firefox,,1777260395,2023-10-18 10:10:14,1318626,,,,,,,,,,,,,,,,,,,,,,,,,,,,,,,,,,,,,,,,,,,,,,,,,TN
1619,d30146225672dd9cbb94c87c2f6eb82fc38b4fce,0.05389687668892651,autoland,4768104,12,53390121d39b212135aaffcd577053a14c7f0dff,linux1804-64-shippable-qr,True,False,,,102210fe594ee9b33d82058545b1ed14f4c8206e,custom.jsdebugger.stepOut.DAMP,damp,True,damp custom.jsdebugger.stepOut.DAMP opt e10s fission stylo webrender,4767202,77,ms,firefox,,1777261045,2023-10-18 10:14:04,1318630,,,,,,,,,,,,,,,,,,,,,,,,,,,,,,,,,,,,,,,,,,,,,,,,,TN
1620,2f186c6070b4a1c928f0f649f55bfb000fbc2bf8,0.05374015958635381,autoland,4768104,12,53390121d39b212135aaffcd577053a14c7f0dff,linux1804-64-shippable-qr,True,False,,,102210fe594ee9b33d82058545b1ed14f4c8206e,custom.jsdebugger.stepOut.DAMP,damp,True,damp custom.jsdebugger.stepOut.DAMP opt e10s fission stylo webrender,4767202,77,ms,firefox,,1777281558,2023-10-18 10:18:19,1318633,,,,,,,,,,,,,,,,,,,,,,,,,,,,,,,,,,,,,,,,,,,,,,,,,TN
1621,046d1dae17459f8edd9d6b8303bc1379d0bf8b83,0.06295106987867993,autoland,4768104,12,53390121d39b212135aaffcd577053a14c7f0dff,linux1804-64-shippable-qr,True,False,,,102210fe594ee9b33d82058545b1ed14f4c8206e,custom.jsdebugger.stepOut.DAMP,damp,True,damp custom.jsdebugger.stepOut.DAMP opt e10s fission stylo webrender,4767202,77,ms,firefox,,1777274875,2023-10-18 10:38:09,1318646,,,,,,,,,,,,,,,,,,,,,,,,,,,,,,,,,,,,,,,,,,,,,,,,,TN
1622,2821440519246016adc18e0577a3539cdcd63f58,0.04212860482925107,autoland,4768104,12,53390121d39b212135aaffcd577053a14c7f0dff,linux1804-64-shippable-qr,True,False,,,102210fe594ee9b33d82058545b1ed14f4c8206e,custom.jsdebugger.stepOut.DAMP,damp,True,damp custom.jsdebugger.stepOut.DAMP opt e10s fission stylo webrender,4767202,77,ms,firefox,,1777261677,2023-10-18 10:43:25,1318651,,,,,,,,,,,,,,,,,,,,,,,,,,,,,,,,,,,,,,,,,,,,,,,,,TN
1623,0a96f1a7069b4007f2225535bf6c83948e356b0e,0.06018852904890082,autoland,4768104,12,53390121d39b212135aaffcd577053a14c7f0dff,linux1804-64-shippable-qr,True,False,,,102210fe594ee9b33d82058545b1ed14f4c8206e,custom.jsdebugger.stepOut.DAMP,damp,True,damp custom.jsdebugger.stepOut.DAMP opt e10s fission stylo webrender,4767202,77,ms,firefox,,1777266781,2023-10-18 11:16:13,1318669,,,,,,,,,,,,,,,,,,,,,,,,,,,,,,,,,,,,,,,,,,,,,,,,,TN
1624,1a42179c6b78749c0c13e4494bb5523662fe91a0,0.07132084932092875,autoland,4768104,12,53390121d39b212135aaffcd577053a14c7f0dff,linux1804-64-shippable-qr,True,False,,,102210fe594ee9b33d82058545b1ed14f4c8206e,custom.jsdebugger.stepOut.DAMP,damp,True,damp custom.jsdebugger.stepOut.DAMP opt e10s fission stylo webrender,4767202,77,ms,firefox,,1777262218,2023-10-18 11:30:11,1318675,,,,,,,,,,,,,,,,,,,,,,,,,,,,,,,,,,,,,,,,,,,,,,,,,TN
1625,639c0da2250e38bb3102b66c6105aaf808e2a817,0.058661737526418345,autoland,4768104,12,53390121d39b212135aaffcd577053a14c7f0dff,linux1804-64-shippable-qr,True,False,,,102210fe594ee9b33d82058545b1ed14f4c8206e,custom.jsdebugger.stepOut.DAMP,damp,True,damp custom.jsdebugger.stepOut.DAMP opt e10s fission stylo webrender,4767202,77,ms,firefox,,1775909026,2023-10-18 11:51:04,1318689,,,,,,,,,,,,,,,,,,,,,,,,,,,,,,,,,,,,,,,,,,,,,,,,,TN
1626,8aad7043774f80a9878f0098bc315277df34b793,0.05865663854724745,autoland,4768104,12,53390121d39b212135aaffcd577053a14c7f0dff,linux1804-64-shippable-qr,True,False,,,102210fe594ee9b33d82058545b1ed14f4c8206e,custom.jsdebugger.stepOut.DAMP,damp,True,damp custom.jsdebugger.stepOut.DAMP opt e10s fission stylo webrender,4767202,77,ms,firefox,,1777239002,2023-10-18 13:21:31,1318750,,,,,,,,,,,,,,,,,,,,,,,,,,,,,,,,,,,,,,,,,,,,,,,,,TN
1627,3cbd51f1e91cd5c6125ee990248d89dd4f1884f0,0.06818869112729209,autoland,4768104,12,53390121d39b212135aaffcd577053a14c7f0dff,linux1804-64-shippable-qr,True,False,,,102210fe594ee9b33d82058545b1ed14f4c8206e,custom.jsdebugger.stepOut.DAMP,damp,True,damp custom.jsdebugger.stepOut.DAMP opt e10s fission stylo webrender,4767202,77,ms,firefox,,1777239540,2023-10-18 13:27:21,1318754,,,,,,,,,,,,,,,,,,,,,,,,,,,,,,,,,,,,,,,,,,,,,,,,,TN
1628,90d6f139028e9f41d46f42c0da5741c11b670831,0.041900100618809444,autoland,4768104,12,53390121d39b212135aaffcd577053a14c7f0dff,linux1804-64-shippable-qr,True,False,,,102210fe594ee9b33d82058545b1ed14f4c8206e,custom.jsdebugger.stepOut.DAMP,damp,True,damp custom.jsdebugger.stepOut.DAMP opt e10s fission stylo webrender,4767202,77,ms,firefox,,1777238666,2023-10-18 13:33:02,1318756,,,,,,,,,,,,,,,,,,,,,,,,,,,,,,,,,,,,,,,,,,,,,,,,,TN
1629,a799334876042dd316b1f327a7421e3dbaec7570,0.05494247838901589,autoland,4768104,12,53390121d39b212135aaffcd577053a14c7f0dff,linux1804-64-shippable-qr,True,False,,,102210fe594ee9b33d82058545b1ed14f4c8206e,custom.jsdebugger.stepOut.DAMP,damp,True,damp custom.jsdebugger.stepOut.DAMP opt e10s fission stylo webrender,4767202,77,ms,firefox,,1777238801,2023-10-18 13:34:13,1318758,,,,,,,,,,,,,,,,,,,,,,,,,,,,,,,,,,,,,,,,,,,,,,,,,TN
1630,13cc0076698685511e3fa7c0fa91b02675ff5baa,0.05711405727885277,autoland,4768104,12,53390121d39b212135aaffcd577053a14c7f0dff,linux1804-64-shippable-qr,True,False,,,102210fe594ee9b33d82058545b1ed14f4c8206e,custom.jsdebugger.stepOut.DAMP,damp,True,damp custom.jsdebugger.stepOut.DAMP opt e10s fission stylo webrender,4767202,77,ms,firefox,,1777239300,2023-10-18 14:16:20,1318804,,,,,,,,,,,,,,,,,,,,,,,,,,,,,,,,,,,,,,,,,,,,,,,,,TN
1631,667d97f09248c0e83d02862b3a8cbbb2762eac93,0.05888269163117221,autoland,4768104,12,53390121d39b212135aaffcd577053a14c7f0dff,linux1804-64-shippable-qr,True,False,,,102210fe594ee9b33d82058545b1ed14f4c8206e,custom.jsdebugger.stepOut.DAMP,damp,True,damp custom.jsdebugger.stepOut.DAMP opt e10s fission stylo webrender,4767202,77,ms,firefox,,1777280465,2023-10-18 14:19:42,1318811,,,,,,,,,,,,,,,,,,,,,,,,,,,,,,,,,,,,,,,,,,,,,,,,,TN
1632,37c8ab9f4c4b252cacc607d83575044ad62306ac,0.06432331027182125,autoland,4768104,12,53390121d39b212135aaffcd577053a14c7f0dff,linux1804-64-shippable-qr,True,False,,,102210fe594ee9b33d82058545b1ed14f4c8206e,custom.jsdebugger.stepOut.DAMP,damp,True,damp custom.jsdebugger.stepOut.DAMP opt e10s fission stylo webrender,4767202,77,ms,firefox,,1777264441,2023-10-18 15:09:20,1318851,,,,,,,,,,,,,,,,,,,,,,,,,,,,,,,,,,,,,,,,,,,,,,,,,TN
1633,a2088b98978af2bf6a6712da77f4101227416e68,0.05070623721905809,autoland,4768104,12,53390121d39b212135aaffcd577053a14c7f0dff,linux1804-64-shippable-qr,True,False,,,102210fe594ee9b33d82058545b1ed14f4c8206e,custom.jsdebugger.stepOut.DAMP,damp,True,damp custom.jsdebugger.stepOut.DAMP opt e10s fission stylo webrender,4767202,77,ms,firefox,,1777265575,2023-10-18 15:27:20,1318879,,,,,,,,,,,,,,,,,,,,,,,,,,,,,,,,,,,,,,,,,,,,,,,,,TN
1634,c2b7b572d19b85424090d8098ae03be088fd6f62,0.06115938579614355,autoland,4768104,12,53390121d39b212135aaffcd577053a14c7f0dff,linux1804-64-shippable-qr,True,False,,,102210fe594ee9b33d82058545b1ed14f4c8206e,custom.jsdebugger.stepOut.DAMP,damp,True,damp custom.jsdebugger.stepOut.DAMP opt e10s fission stylo webrender,4767202,77,ms,firefox,,1777262369,2023-10-18 15:40:18,1318892,,,,,,,,,,,,,,,,,,,,,,,,,,,,,,,,,,,,,,,,,,,,,,,,,TN
1635,023ae54874d34eb300cdfa9630da4455cb406ad3,0.04114257534035293,autoland,4768104,12,53390121d39b212135aaffcd577053a14c7f0dff,linux1804-64-shippable-qr,True,False,,,102210fe594ee9b33d82058545b1ed14f4c8206e,custom.jsdebugger.stepOut.DAMP,damp,True,damp custom.jsdebugger.stepOut.DAMP opt e10s fission stylo webrender,4767202,77,ms,firefox,,1776105420,2023-10-18 16:05:19,1318932,,,,,,,,,,,,,,,,,,,,,,,,,,,,,,,,,,,,,,,,,,,,,,,,,TN
1636,b855c71dfc0752a65cb05cdb633cf3360bcdb6f1,0.052430787061922834,autoland,4768104,12,53390121d39b212135aaffcd577053a14c7f0dff,linux1804-64-shippable-qr,True,False,,,102210fe594ee9b33d82058545b1ed14f4c8206e,custom.jsdebugger.stepOut.DAMP,damp,True,damp custom.jsdebugger.stepOut.DAMP opt e10s fission stylo webrender,4767202,77,ms,firefox,,1777260077,2023-10-18 16:19:50,1318936,,,,,,,,,,,,,,,,,,,,,,,,,,,,,,,,,,,,,,,,,,,,,,,,,TN
1637,2b56b5a966c12b87d2c6792a232d564e2ca064c9,0.05681487974771915,autoland,4768104,12,53390121d39b212135aaffcd577053a14c7f0dff,linux1804-64-shippable-qr,True,False,,,102210fe594ee9b33d82058545b1ed14f4c8206e,custom.jsdebugger.stepOut.DAMP,damp,True,damp custom.jsdebugger.stepOut.DAMP opt e10s fission stylo webrender,4767202,77,ms,firefox,,1777260146,2023-10-18 16:20:49,1318938,,,,,,,,,,,,,,,,,,,,,,,,,,,,,,,,,,,,,,,,,,,,,,,,,TN
1638,cc867a905a00b5a088aaa6a30f475ecf3d1d003d,0.05052093324466278,autoland,4768104,12,53390121d39b212135aaffcd577053a14c7f0dff,linux1804-64-shippable-qr,True,False,,,102210fe594ee9b33d82058545b1ed14f4c8206e,custom.jsdebugger.stepOut.DAMP,damp,True,damp custom.jsdebugger.stepOut.DAMP opt e10s fission stylo webrender,4767202,77,ms,firefox,,1777271450,2023-10-18 16:23:59,1318940,,,,,,,,,,,,,,,,,,,,,,,,,,,,,,,,,,,,,,,,,,,,,,,,,TN
1639,d750bc53836a77e1734ba433bc0258f4a53e4268,0.06151311207044907,autoland,4768104,12,53390121d39b212135aaffcd577053a14c7f0dff,linux1804-64-shippable-qr,True,False,,,102210fe594ee9b33d82058545b1ed14f4c8206e,custom.jsdebugger.stepOut.DAMP,damp,True,damp custom.jsdebugger.stepOut.DAMP opt e10s fission stylo webrender,4767202,77,ms,firefox,,1777260242,2023-10-18 16:31:35,1318945,,,,,,,,,,,,,,,,,,,,,,,,,,,,,,,,,,,,,,,,,,,,,,,,,TN
1640,361e571454e94ba0cfa1a86d2a7f63a24455581c,0.05973801258629807,autoland,4768104,12,53390121d39b212135aaffcd577053a14c7f0dff,linux1804-64-shippable-qr,True,False,,,102210fe594ee9b33d82058545b1ed14f4c8206e,custom.jsdebugger.stepOut.DAMP,damp,True,damp custom.jsdebugger.stepOut.DAMP opt e10s fission stylo webrender,4767202,77,ms,firefox,,1776191756,2023-10-18 16:32:33,1318947,,,,,,,,,,,,,,,,,,,,,,,,,,,,,,,,,,,,,,,,,,,,,,,,,TN
1641,77f05957a4fc15dc053469145b93089adfec3484,0.04811495531908738,autoland,4768104,12,53390121d39b212135aaffcd577053a14c7f0dff,linux1804-64-shippable-qr,True,False,,,102210fe594ee9b33d82058545b1ed14f4c8206e,custom.jsdebugger.stepOut.DAMP,damp,True,damp custom.jsdebugger.stepOut.DAMP opt e10s fission stylo webrender,4767202,77,ms,firefox,,1776383396,2023-10-18 20:42:45,1319167,,,,,,,,,,,,,,,,,,,,,,,,,,,,,,,,,,,,,,,,,,,,,,,,,TN
1642,e059b0995a2a62238ca266c3ed9955434ac43517,0.051463920474431935,autoland,4768104,12,53390121d39b212135aaffcd577053a14c7f0dff,linux1804-64-shippable-qr,True,False,,,102210fe594ee9b33d82058545b1ed14f4c8206e,custom.jsdebugger.stepOut.DAMP,damp,True,damp custom.jsdebugger.stepOut.DAMP opt e10s fission stylo webrender,4767202,77,ms,firefox,,1776342514,2023-10-18 20:46:18,1319169,,,,,,,,,,,,,,,,,,,,,,,,,,,,,,,,,,,,,,,,,,,,,,,,,TN
1643,beb80bb8c90921077e9c1130ad5a8e925dc060b7,0.06337242121419884,autoland,4768104,12,53390121d39b212135aaffcd577053a14c7f0dff,linux1804-64-shippable-qr,True,False,,,102210fe594ee9b33d82058545b1ed14f4c8206e,custom.jsdebugger.stepOut.DAMP,damp,True,damp custom.jsdebugger.stepOut.DAMP opt e10s fission stylo webrender,4767202,77,ms,firefox,,1776428744,2023-10-18 23:25:14,1319276,,,,,,,,,,,,,,,,,,,,,,,,,,,,,,,,,,,,,,,,,,,,,,,,,TN
1644,53cee944c60ac3c237a9aa2dacd19aa6bde80c2a,0.07683199125400675,autoland,4768104,12,53390121d39b212135aaffcd577053a14c7f0dff,linux1804-64-shippable-qr,True,False,,,102210fe594ee9b33d82058545b1ed14f4c8206e,custom.jsdebugger.stepOut.DAMP,damp,True,damp custom.jsdebugger.stepOut.DAMP opt e10s fission stylo webrender,4767202,77,ms,firefox,,1776599668,2023-10-19 04:23:12,1319373,,,,,,,,,,,,,,,,,,,,,,,,,,,,,,,,,,,,,,,,,,,,,,,,,TN
1645,a9a0ca5dc9605973d81ded607dfccd4d0a08dc68,0.0649405798439796,autoland,4768104,12,53390121d39b212135aaffcd577053a14c7f0dff,linux1804-64-shippable-qr,True,False,,,102210fe594ee9b33d82058545b1ed14f4c8206e,custom.jsdebugger.stepOut.DAMP,damp,True,damp custom.jsdebugger.stepOut.DAMP opt e10s fission stylo webrender,4767202,77,ms,firefox,,1776765211,2023-10-19 08:39:29,1319455,,,,,,,,,,,,,,,,,,,,,,,,,,,,,,,,,,,,,,,,,,,,,,,,,TN
1646,2981b7bbee06c518301e1542545e92b6d80a8d0b,0.05230505529865048,autoland,4768104,12,53390121d39b212135aaffcd577053a14c7f0dff,linux1804-64-shippable-qr,True,False,,,102210fe594ee9b33d82058545b1ed14f4c8206e,custom.jsdebugger.stepOut.DAMP,damp,True,damp custom.jsdebugger.stepOut.DAMP opt e10s fission stylo webrender,4767202,77,ms,firefox,,1776908111,2023-10-19 12:43:18,1319613,,,,,,,,,,,,,,,,,,,,,,,,,,,,,,,,,,,,,,,,,,,,,,,,,TN
1647,8be39770f68cb52d1a2b14bdf31a34f5e54212e8,0.05456739045250869,autoland,4768104,12,53390121d39b212135aaffcd577053a14c7f0dff,linux1804-64-shippable-qr,True,False,,,102210fe594ee9b33d82058545b1ed14f4c8206e,custom.jsdebugger.stepOut.DAMP,damp,True,damp custom.jsdebugger.stepOut.DAMP opt e10s fission stylo webrender,4767202,77,ms,firefox,,1776871562,2023-10-19 12:48:25,1319617,,,,,,,,,,,,,,,,,,,,,,,,,,,,,,,,,,,,,,,,,,,,,,,,,TN
1648,fafeb43eefd13b4df24d6526d729b15fb42b7d27,0.04235629332214497,autoland,4768104,12,53390121d39b212135aaffcd577053a14c7f0dff,linux1804-64-shippable-qr,True,False,,,102210fe594ee9b33d82058545b1ed14f4c8206e,custom.jsdebugger.stepOut.DAMP,damp,True,damp custom.jsdebugger.stepOut.DAMP opt e10s fission stylo webrender,4767202,77,ms,firefox,,1776975346,2023-10-19 17:06:19,1319833,,,,,,,,,,,,,,,,,,,,,,,,,,,,,,,,,,,,,,,,,,,,,,,,,TN
1649,b557109f1b5dd0a5c7be013c630945f886e17708,0.05824433660798156,autoland,4768104,12,53390121d39b212135aaffcd577053a14c7f0dff,linux1804-64-shippable-qr,True,False,,,102210fe594ee9b33d82058545b1ed14f4c8206e,custom.jsdebugger.stepOut.DAMP,damp,True,damp custom.jsdebugger.stepOut.DAMP opt e10s fission stylo webrender,4767202,77,ms,firefox,,1777076312,2023-10-19 22:45:17,1320076,,,,,,,,,,,,,,,,,,,,,,,,,,,,,,,,,,,,,,,,,,,,,,,,,TN
1650,0546c85daa8d8b6f7a8c5a842fdf1a990215e249,0.06951056072094441,autoland,4768104,12,53390121d39b212135aaffcd577053a14c7f0dff,linux1804-64-shippable-qr,True,False,,,102210fe594ee9b33d82058545b1ed14f4c8206e,custom.jsdebugger.stepOut.DAMP,damp,True,damp custom.jsdebugger.stepOut.DAMP opt e10s fission stylo webrender,4767202,77,ms,firefox,,1777112498,2023-10-19 22:59:16,1320081,,,,,,,,,,,,,,,,,,,,,,,,,,,,,,,,,,,,,,,,,,,,,,,,,TN
1651,dc0d913ecc2486cafc7a005d2fe6705f2c7da222,0.059698816420065026,autoland,4768104,12,53390121d39b212135aaffcd577053a14c7f0dff,linux1804-64-shippable-qr,True,False,,,102210fe594ee9b33d82058545b1ed14f4c8206e,custom.jsdebugger.stepOut.DAMP,damp,True,damp custom.jsdebugger.stepOut.DAMP opt e10s fission stylo webrender,4767202,77,ms,firefox,,1777218844,2023-10-20 03:32:37,1320137,,,,,,,,,,,,,,,,,,,,,,,,,,,,,,,,,,,,,,,,,,,,,,,,,TN
1652,5ebf0b67d0519897b95e84598900434fe92b7abb,0.07323920011190033,autoland,4768104,12,53390121d39b212135aaffcd577053a14c7f0dff,linux1804-64-shippable-qr,True,False,,,102210fe594ee9b33d82058545b1ed14f4c8206e,custom.jsdebugger.stepOut.DAMP,damp,True,damp custom.jsdebugger.stepOut.DAMP opt e10s fission stylo webrender,4767202,77,ms,firefox,,1777355799,2023-10-20 09:14:56,1320186,,,,,,,,,,,,,,,,,,,,,,,,,,,,,,,,,,,,,,,,,,,,,,,,,TN
1653,dfa7f17930eb1b48ff7435494924a0711114e40a,0.04842111761707779,autoland,4768104,12,53390121d39b212135aaffcd577053a14c7f0dff,linux1804-64-shippable-qr,True,False,,,102210fe594ee9b33d82058545b1ed14f4c8206e,custom.jsdebugger.stepOut.DAMP,damp,True,damp custom.jsdebugger.stepOut.DAMP opt e10s fission stylo webrender,4767202,77,ms,firefox,,1777473498,2023-10-20 14:06:35,1320283,,,,,,,,,,,,,,,,,,,,,,,,,,,,,,,,,,,,,,,,,,,,,,,,,TN
1654,8f4fc4b6cc05c16482986671d19d546faf6cb212,0.05487171862809814,autoland,4768104,12,53390121d39b212135aaffcd577053a14c7f0dff,linux1804-64-shippable-qr,True,False,,,102210fe594ee9b33d82058545b1ed14f4c8206e,custom.jsdebugger.stepOut.DAMP,damp,True,damp custom.jsdebugger.stepOut.DAMP opt e10s fission stylo webrender,4767202,77,ms,firefox,,1777458560,2023-10-20 15:24:34,1320314,,,,,,,,,,,,,,,,,,,,,,,,,,,,,,,,,,,,,,,,,,,,,,,,,TN
1655,f4da998c2ad5be8d29b4e2523b56d9d5e2a58984,0.052588226486696366,autoland,4768104,12,53390121d39b212135aaffcd577053a14c7f0dff,linux1804-64-shippable-qr,True,False,,,102210fe594ee9b33d82058545b1ed14f4c8206e,custom.jsdebugger.stepOut.DAMP,damp,True,damp custom.jsdebugger.stepOut.DAMP opt e10s fission stylo webrender,4767202,77,ms,firefox,,1777558727,2023-10-20 21:24:05,1320380,,,,,,,,,,,,,,,,,,,,,,,,,,,,,,,,,,,,,,,,,,,,,,,,,TN
1656,4124eee4f58ca46e13cb937c757a2fe1875120f0,0.0650733132645035,autoland,4768104,12,53390121d39b212135aaffcd577053a14c7f0dff,linux1804-64-shippable-qr,True,False,,,102210fe594ee9b33d82058545b1ed14f4c8206e,custom.jsdebugger.stepOut.DAMP,damp,True,damp custom.jsdebugger.stepOut.DAMP opt e10s fission stylo webrender,4767202,77,ms,firefox,,1777671975,2023-10-21 14:30:38,1320453,,,,,,,,,,,,,,,,,,,,,,,,,,,,,,,,,,,,,,,,,,,,,,,,,TN
1657,529ec79bcdfd6a273fe6607c2a34bcc93c009ec5,0.04399934991397947,autoland,4768104,12,53390121d39b212135aaffcd577053a14c7f0dff,linux1804-64-shippable-qr,True,False,,,102210fe594ee9b33d82058545b1ed14f4c8206e,custom.jsdebugger.stepOut.DAMP,damp,True,damp custom.jsdebugger.stepOut.DAMP opt e10s fission stylo webrender,4767202,77,ms,firefox,,1777801582,2023-10-22 19:07:04,1320522,,,,,,,,,,,,,,,,,,,,,,,,,,,,,,,,,,,,,,,,,,,,,,,,,TN
1658,52f2e6e80f6f7d8ab6eaaa36c4aa47c5be27a7a1,0.0582616067667443,autoland,4768104,12,53390121d39b212135aaffcd577053a14c7f0dff,linux1804-64-shippable-qr,True,False,,,102210fe594ee9b33d82058545b1ed14f4c8206e,custom.jsdebugger.stepOut.DAMP,damp,True,damp custom.jsdebugger.stepOut.DAMP opt e10s fission stylo webrender,4767202,77,ms,firefox,,1777918385,2023-10-22 21:46:31,1320539,,,,,,,,,,,,,,,,,,,,,,,,,,,,,,,,,,,,,,,,,,,,,,,,,TN
1659,acba8a75249bc2b26b143d4d2830575cf0d7bcc2,0.06383553608965609,autoland,4768104,12,53390121d39b212135aaffcd577053a14c7f0dff,linux1804-64-shippable-qr,True,False,,,102210fe594ee9b33d82058545b1ed14f4c8206e,custom.jsdebugger.stepOut.DAMP,damp,True,damp custom.jsdebugger.stepOut.DAMP opt e10s fission stylo webrender,4767202,77,ms,firefox,,1778050228,2023-10-23 11:07:29,1320744,,,,,,,,,,,,,,,,,,,,,,,,,,,,,,,,,,,,,,,,,,,,,,,,,TN
1660,818b5938920e6868a3f3b5a16b0c972bd8ec5cfc,0.059050184947077144,autoland,4768104,12,53390121d39b212135aaffcd577053a14c7f0dff,linux1804-64-shippable-qr,True,False,,,102210fe594ee9b33d82058545b1ed14f4c8206e,custom.jsdebugger.stepOut.DAMP,damp,True,damp custom.jsdebugger.stepOut.DAMP opt e10s fission stylo webrender,4767202,77,ms,firefox,,1778179571,2023-10-23 12:26:53,1320781,,,,,,,,,,,,,,,,,,,,,,,,,,,,,,,,,,,,,,,,,,,,,,,,,TN
1661,f222bdcd6517e233cb62a3164afd50fd17a55e62,0.058632323014274124,autoland,4768104,12,53390121d39b212135aaffcd577053a14c7f0dff,linux1804-64-shippable-qr,True,False,,,102210fe594ee9b33d82058545b1ed14f4c8206e,custom.jsdebugger.stepOut.DAMP,damp,True,damp custom.jsdebugger.stepOut.DAMP opt e10s fission stylo webrender,4767202,77,ms,firefox,,1778519223,2023-10-23 15:48:05,1320978,,,,,,,,,,,,,,,,,,,,,,,,,,,,,,,,,,,,,,,,,,,,,,,,,TN
1662,00c1813123fd4ca7ec1446ebdabe2848814e550e,0.08065237451306317,autoland,4768104,12,53390121d39b212135aaffcd577053a14c7f0dff,linux1804-64-shippable-qr,True,False,,,102210fe594ee9b33d82058545b1ed14f4c8206e,custom.jsdebugger.stepOut.DAMP,damp,True,damp custom.jsdebugger.stepOut.DAMP opt e10s fission stylo webrender,4767202,77,ms,firefox,,1778343318,2023-10-23 17:53:04,1321095,,,,,,,,,,,,,,,,,,,,,,,,,,,,,,,,,,,,,,,,,,,,,,,,,TN
1663,d3d0bc27ebffea892e1e635d3b1618d58b195138,0.05627348580628633,autoland,4768104,12,53390121d39b212135aaffcd577053a14c7f0dff,linux1804-64-shippable-qr,True,False,,,102210fe594ee9b33d82058545b1ed14f4c8206e,custom.jsdebugger.stepOut.DAMP,damp,True,damp custom.jsdebugger.stepOut.DAMP opt e10s fission stylo webrender,4767202,77,ms,firefox,,1780626110,2023-10-23 19:05:18,1321163,,,,,,,,,,,,,,,,,,,,,,,,,,,,,,,,,,,,,,,,,,,,,,,,,TN
1664,076c9103aad5d987229226f223aa420114d5acbd,0.056386501915787424,autoland,4768104,12,53390121d39b212135aaffcd577053a14c7f0dff,linux1804-64-shippable-qr,True,False,,,102210fe594ee9b33d82058545b1ed14f4c8206e,custom.jsdebugger.stepOut.DAMP,damp,True,damp custom.jsdebugger.stepOut.DAMP opt e10s fission stylo webrender,4767202,77,ms,firefox,,1780611576,2023-10-23 19:51:00,1321182,,,,,,,,,,,,,,,,,,,,,,,,,,,,,,,,,,,,,,,,,,,,,,,,,TN
1665,79f439bc112cf550ec3ff276d0577ec4e42b0a47,0.06482950118756159,autoland,4768104,12,53390121d39b212135aaffcd577053a14c7f0dff,linux1804-64-shippable-qr,True,False,,,102210fe594ee9b33d82058545b1ed14f4c8206e,custom.jsdebugger.stepOut.DAMP,damp,True,damp custom.jsdebugger.stepOut.DAMP opt e10s fission stylo webrender,4767202,77,ms,firefox,,1780611278,2023-10-23 20:03:21,1321189,,,,,,,,,,,,,,,,,,,,,,,,,,,,,,,,,,,,,,,,,,,,,,,,,TN
1666,a68110a8fddc7b6daa1ae5f2503e68c98a7cfd8a,0.06057071601232489,autoland,4768104,12,53390121d39b212135aaffcd577053a14c7f0dff,linux1804-64-shippable-qr,True,False,,,102210fe594ee9b33d82058545b1ed14f4c8206e,custom.jsdebugger.stepOut.DAMP,damp,True,damp custom.jsdebugger.stepOut.DAMP opt e10s fission stylo webrender,4767202,77,ms,firefox,,1780626730,2023-10-23 20:14:05,1321196,,,,,,,,,,,,,,,,,,,,,,,,,,,,,,,,,,,,,,,,,,,,,,,,,TN
1667,58b6164020f0ea02907407513d5fc8db2fca49db,0.058544541486019286,autoland,4768104,12,53390121d39b212135aaffcd577053a14c7f0dff,linux1804-64-shippable-qr,True,False,,,102210fe594ee9b33d82058545b1ed14f4c8206e,custom.jsdebugger.stepOut.DAMP,damp,True,damp custom.jsdebugger.stepOut.DAMP opt e10s fission stylo webrender,4767202,77,ms,firefox,,1780610157,2023-10-23 20:18:06,1321199,,,,,,,,,,,,,,,,,,,,,,,,,,,,,,,,,,,,,,,,,,,,,,,,,TN
1668,027896306e6fae140c820e1c2ff11eb49711d673,0.056326945601504086,autoland,4768104,12,53390121d39b212135aaffcd577053a14c7f0dff,linux1804-64-shippable-qr,True,False,,,102210fe594ee9b33d82058545b1ed14f4c8206e,custom.jsdebugger.stepOut.DAMP,damp,True,damp custom.jsdebugger.stepOut.DAMP opt e10s fission stylo webrender,4767202,77,ms,firefox,,1780627277,2023-10-23 20:21:48,1321201,,,,,,,,,,,,,,,,,,,,,,,,,,,,,,,,,,,,,,,,,,,,,,,,,TN
1669,c60447c3d4a4114b2b76dac600ce0eb62767d781,0.06957214390916933,autoland,4768104,12,53390121d39b212135aaffcd577053a14c7f0dff,linux1804-64-shippable-qr,True,False,,,102210fe594ee9b33d82058545b1ed14f4c8206e,custom.jsdebugger.stepOut.DAMP,damp,True,damp custom.jsdebugger.stepOut.DAMP opt e10s fission stylo webrender,4767202,77,ms,firefox,,1780626425,2023-10-23 20:31:17,1321206,,,,,,,,,,,,,,,,,,,,,,,,,,,,,,,,,,,,,,,,,,,,,,,,,TN
1670,5938ed6565c036f4ab5cb70c384483b5bb87fe81,0.06182475189591019,autoland,4768104,12,53390121d39b212135aaffcd577053a14c7f0dff,linux1804-64-shippable-qr,True,False,,,102210fe594ee9b33d82058545b1ed14f4c8206e,custom.jsdebugger.stepOut.DAMP,damp,True,damp custom.jsdebugger.stepOut.DAMP opt e10s fission stylo webrender,4767202,77,ms,firefox,,1780613864,2023-10-23 20:33:39,1321207,,,,,,,,,,,,,,,,,,,,,,,,,,,,,,,,,,,,,,,,,,,,,,,,,TN
1671,2a8d11fcc746feeef629cd0fcad21615888669d0,0.07406653927669749,autoland,4768104,12,53390121d39b212135aaffcd577053a14c7f0dff,linux1804-64-shippable-qr,True,False,,,102210fe594ee9b33d82058545b1ed14f4c8206e,custom.jsdebugger.stepOut.DAMP,damp,True,damp custom.jsdebugger.stepOut.DAMP opt e10s fission stylo webrender,4767202,77,ms,firefox,,1780610227,2023-10-23 20:35:07,1321209,,,,,,,,,,,,,,,,,,,,,,,,,,,,,,,,,,,,,,,,,,,,,,,,,TN
1672,0fdbf0a455f26afa0a7a0390d6a380e318fce9d4,0.0726476569360458,autoland,4768104,12,53390121d39b212135aaffcd577053a14c7f0dff,linux1804-64-shippable-qr,True,False,,,102210fe594ee9b33d82058545b1ed14f4c8206e,custom.jsdebugger.stepOut.DAMP,damp,True,damp custom.jsdebugger.stepOut.DAMP opt e10s fission stylo webrender,4767202,77,ms,firefox,,1778610534,2023-10-23 20:36:06,1321210,,,,,,,,,,,,,,,,,,,,,,,,,,,,,,,,,,,,,,,,,,,,,,,,,TN
1673,75f62a89f923568bb4d1ce44bb4a135472316a21,0.0804407340929757,autoland,4768104,12,53390121d39b212135aaffcd577053a14c7f0dff,linux1804-64-shippable-qr,True,False,,,102210fe594ee9b33d82058545b1ed14f4c8206e,custom.jsdebugger.stepOut.DAMP,damp,True,damp custom.jsdebugger.stepOut.DAMP opt e10s fission stylo webrender,4767202,77,ms,firefox,,1780617088,2023-10-23 21:57:34,1321270,,,,,,,,,,,,,,,,,,,,,,,,,,,,,,,,,,,,,,,,,,,,,,,,,TN
1674,c56b724c90568c2dca6e563a26b5c8065107f038,0.06966969020084335,autoland,4768104,12,53390121d39b212135aaffcd577053a14c7f0dff,linux1804-64-shippable-qr,True,False,,,102210fe594ee9b33d82058545b1ed14f4c8206e,custom.jsdebugger.stepOut.DAMP,damp,True,damp custom.jsdebugger.stepOut.DAMP opt e10s fission stylo webrender,4767202,77,ms,firefox,,1780616992,2023-10-23 22:02:15,1321275,,,,,,,,,,,,,,,,,,,,,,,,,,,,,,,,,,,,,,,,,,,,,,,,,TN
1675,75fa2810fdcf8d49c9d1bf7c5b58180f155ec38f,0.05912250858039125,autoland,4768104,12,53390121d39b212135aaffcd577053a14c7f0dff,linux1804-64-shippable-qr,True,False,,,102210fe594ee9b33d82058545b1ed14f4c8206e,custom.jsdebugger.stepOut.DAMP,damp,True,damp custom.jsdebugger.stepOut.DAMP opt e10s fission stylo webrender,4767202,77,ms,firefox,,1780621499,2023-10-23 22:41:11,1321298,,,,,,,,,,,,,,,,,,,,,,,,,,,,,,,,,,,,,,,,,,,,,,,,,TN
1676,3e015d8116f7846c673df5cd426dd8b88060e2b1,0.07041466575117694,autoland,4768104,12,53390121d39b212135aaffcd577053a14c7f0dff,linux1804-64-shippable-qr,True,False,,,102210fe594ee9b33d82058545b1ed14f4c8206e,custom.jsdebugger.stepOut.DAMP,damp,True,damp custom.jsdebugger.stepOut.DAMP opt e10s fission stylo webrender,4767202,77,ms,firefox,,1780625778,2023-10-23 22:44:30,1321300,,,,,,,,,,,,,,,,,,,,,,,,,,,,,,,,,,,,,,,,,,,,,,,,,TN
1677,dec95bfd8d3929e710e8835971c52785d2453cbb,0.07571446036614726,autoland,4768104,12,53390121d39b212135aaffcd577053a14c7f0dff,linux1804-64-shippable-qr,True,False,,,102210fe594ee9b33d82058545b1ed14f4c8206e,custom.jsdebugger.stepOut.DAMP,damp,True,damp custom.jsdebugger.stepOut.DAMP opt e10s fission stylo webrender,4767202,77,ms,firefox,,1780610360,2023-10-23 22:50:56,1321304,,,,,,,,,,,,,,,,,,,,,,,,,,,,,,,,,,,,,,,,,,,,,,,,,TN
1678,261b2cf2977750574f29cc1b3af177aae7559f86,0.051544774862652076,autoland,4768104,12,53390121d39b212135aaffcd577053a14c7f0dff,linux1804-64-shippable-qr,True,False,,,102210fe594ee9b33d82058545b1ed14f4c8206e,custom.jsdebugger.stepOut.DAMP,damp,True,damp custom.jsdebugger.stepOut.DAMP opt e10s fission stylo webrender,4767202,77,ms,firefox,,1780617853,2023-10-23 22:56:34,1321309,,,,,,,,,,,,,,,,,,,,,,,,,,,,,,,,,,,,,,,,,,,,,,,,,TN
1679,e4557e65b6c5e8e95495d9bbd24f147e14c9d88a,0.06133367410781709,autoland,4768104,12,53390121d39b212135aaffcd577053a14c7f0dff,linux1804-64-shippable-qr,True,False,,,102210fe594ee9b33d82058545b1ed14f4c8206e,custom.jsdebugger.stepOut.DAMP,damp,True,damp custom.jsdebugger.stepOut.DAMP opt e10s fission stylo webrender,4767202,77,ms,firefox,,1780626497,2023-10-23 23:13:41,1321313,,,,,,,,,,,,,,,,,,,,,,,,,,,,,,,,,,,,,,,,,,,,,,,,,TN
1680,9e0814d9dc090ab767d01f2c435676c66291c835,0.04598783750007507,autoland,4768104,12,53390121d39b212135aaffcd577053a14c7f0dff,linux1804-64-shippable-qr,True,False,,,102210fe594ee9b33d82058545b1ed14f4c8206e,custom.jsdebugger.stepOut.DAMP,damp,True,damp custom.jsdebugger.stepOut.DAMP opt e10s fission stylo webrender,4767202,77,ms,firefox,,1780610304,2023-10-23 23:41:09,1321324,,,,,,,,,,,,,,,,,,,,,,,,,,,,,,,,,,,,,,,,,,,,,,,,,TN
1681,622e0643fff8ba632ce18ce132c977c5c2291b15,0.06550971413939721,autoland,4768104,12,53390121d39b212135aaffcd577053a14c7f0dff,linux1804-64-shippable-qr,True,False,,,102210fe594ee9b33d82058545b1ed14f4c8206e,custom.jsdebugger.stepOut.DAMP,damp,True,damp custom.jsdebugger.stepOut.DAMP opt e10s fission stylo webrender,4767202,77,ms,firefox,,1780627468,2023-10-24 00:16:25,1321346,,,,,,,,,,,,,,,,,,,,,,,,,,,,,,,,,,,,,,,,,,,,,,,,,TN
1682,ed9d130c38a8858740845db8ec5c8bb7e68cce65,0.0583804789524206,autoland,4768104,12,53390121d39b212135aaffcd577053a14c7f0dff,linux1804-64-shippable-qr,True,False,,,102210fe594ee9b33d82058545b1ed14f4c8206e,custom.jsdebugger.stepOut.DAMP,damp,True,damp custom.jsdebugger.stepOut.DAMP opt e10s fission stylo webrender,4767202,77,ms,firefox,,1778702256,2023-10-24 00:49:55,1321359,,,,,,,,,,,,,,,,,,,,,,,,,,,,,,,,,,,,,,,,,,,,,,,,,TN
1683,a800aa0c8c544109f50ebd6f6a05d6bc461742f2,0.05099182475877018,autoland,4768104,12,53390121d39b212135aaffcd577053a14c7f0dff,linux1804-64-shippable-qr,True,False,,,102210fe594ee9b33d82058545b1ed14f4c8206e,custom.jsdebugger.stepOut.DAMP,damp,True,damp custom.jsdebugger.stepOut.DAMP opt e10s fission stylo webrender,4767202,77,ms,firefox,,1780614403,2023-10-24 00:55:20,1321363,,,,,,,,,,,,,,,,,,,,,,,,,,,,,,,,,,,,,,,,,,,,,,,,,TN
1684,a1f96596aceb6c098e40dc8ec612693b72acb453,0.06574460399647541,autoland,4768104,12,53390121d39b212135aaffcd577053a14c7f0dff,linux1804-64-shippable-qr,True,False,,,102210fe594ee9b33d82058545b1ed14f4c8206e,custom.jsdebugger.stepOut.DAMP,damp,True,damp custom.jsdebugger.stepOut.DAMP opt e10s fission stylo webrender,4767202,77,ms,firefox,,1780626568,2023-10-24 01:06:52,1321372,,,,,,,,,,,,,,,,,,,,,,,,,,,,,,,,,,,,,,,,,,,,,,,,,TN
1685,3ceaf46f8f551b49e4926f587f8afe4dfa09cae1,0.06396893718628927,autoland,4768104,12,53390121d39b212135aaffcd577053a14c7f0dff,linux1804-64-shippable-qr,True,False,,,102210fe594ee9b33d82058545b1ed14f4c8206e,custom.jsdebugger.stepOut.DAMP,damp,True,damp custom.jsdebugger.stepOut.DAMP opt e10s fission stylo webrender,4767202,77,ms,firefox,,1780619239,2023-10-24 01:51:34,1321378,,,,,,,,,,,,,,,,,,,,,,,,,,,,,,,,,,,,,,,,,,,,,,,,,TN
1686,6d12b530a5c91222159ac735fc3949887f969baf,0.06127529914320362,autoland,4768104,12,53390121d39b212135aaffcd577053a14c7f0dff,linux1804-64-shippable-qr,True,False,,,102210fe594ee9b33d82058545b1ed14f4c8206e,custom.jsdebugger.stepOut.DAMP,damp,True,damp custom.jsdebugger.stepOut.DAMP opt e10s fission stylo webrender,4767202,77,ms,firefox,,1780621834,2023-10-24 01:54:49,1321380,,,,,,,,,,,,,,,,,,,,,,,,,,,,,,,,,,,,,,,,,,,,,,,,,TN
1687,666767cb8884c56fcf2368c5ffa32208c76ba2b5,0.060010566531311205,autoland,4768104,12,53390121d39b212135aaffcd577053a14c7f0dff,linux1804-64-shippable-qr,True,False,,,102210fe594ee9b33d82058545b1ed14f4c8206e,custom.jsdebugger.stepOut.DAMP,damp,True,damp custom.jsdebugger.stepOut.DAMP opt e10s fission stylo webrender,4767202,77,ms,firefox,,1780655287,2023-10-24 02:58:30,1321392,,,,,,,,,,,,,,,,,,,,,,,,,,,,,,,,,,,,,,,,,,,,,,,,,TN
1688,618a19358310ab9d1793322d20aa989a200090bc,0.0618919338268229,autoland,4768104,12,53390121d39b212135aaffcd577053a14c7f0dff,linux1804-64-shippable-qr,True,False,,,102210fe594ee9b33d82058545b1ed14f4c8206e,custom.jsdebugger.stepOut.DAMP,damp,True,damp custom.jsdebugger.stepOut.DAMP opt e10s fission stylo webrender,4767202,77,ms,firefox,,1780611948,2023-10-24 02:59:49,1321393,,,,,,,,,,,,,,,,,,,,,,,,,,,,,,,,,,,,,,,,,,,,,,,,,TN
1689,ed56525c65bc0b65e111ad234d515d1f31a6807e,0.052700790523809715,autoland,4768104,12,53390121d39b212135aaffcd577053a14c7f0dff,linux1804-64-shippable-qr,True,False,,,102210fe594ee9b33d82058545b1ed14f4c8206e,custom.jsdebugger.stepOut.DAMP,damp,True,damp custom.jsdebugger.stepOut.DAMP opt e10s fission stylo webrender,4767202,77,ms,firefox,,1780615873,2023-10-24 03:57:23,1321398,,,,,,,,,,,,,,,,,,,,,,,,,,,,,,,,,,,,,,,,,,,,,,,,,TN
1690,7f25d62e49a2325004433386f09955d3c2f64c3c,0.05843890458890466,autoland,4768104,12,53390121d39b212135aaffcd577053a14c7f0dff,linux1804-64-shippable-qr,True,False,,,102210fe594ee9b33d82058545b1ed14f4c8206e,custom.jsdebugger.stepOut.DAMP,damp,True,damp custom.jsdebugger.stepOut.DAMP opt e10s fission stylo webrender,4767202,77,ms,firefox,,1780650046,2023-10-24 04:06:51,1321402,,,,,,,,,,,,,,,,,,,,,,,,,,,,,,,,,,,,,,,,,,,,,,,,,TN
1691,aaa658ba6ff75d75e2b80d803280d13f9a92e4dc,0.05047016799961179,autoland,4768104,12,53390121d39b212135aaffcd577053a14c7f0dff,linux1804-64-shippable-qr,True,False,,,102210fe594ee9b33d82058545b1ed14f4c8206e,custom.jsdebugger.stepOut.DAMP,damp,True,damp custom.jsdebugger.stepOut.DAMP opt e10s fission stylo webrender,4767202,77,ms,firefox,,1780626368,2023-10-24 04:21:30,1321405,,,,,,,,,,,,,,,,,,,,,,,,,,,,,,,,,,,,,,,,,,,,,,,,,TN
1692,bcdbc81d4adffb0c3b1e04e1854e43cf49314d92,0.058984395995233974,autoland,4768104,12,53390121d39b212135aaffcd577053a14c7f0dff,linux1804-64-shippable-qr,True,False,,,102210fe594ee9b33d82058545b1ed14f4c8206e,custom.jsdebugger.stepOut.DAMP,damp,True,damp custom.jsdebugger.stepOut.DAMP opt e10s fission stylo webrender,4767202,77,ms,firefox,,1778921909,2023-10-24 05:06:29,1321416,,,,,,,,,,,,,,,,,,,,,,,,,,,,,,,,,,,,,,,,,,,,,,,,,TN
1693,64f5c2917a7f504aa387589703e9c1b80505ac8f,0.07302972467148583,autoland,4768104,12,53390121d39b212135aaffcd577053a14c7f0dff,linux1804-64-shippable-qr,True,False,,,102210fe594ee9b33d82058545b1ed14f4c8206e,custom.jsdebugger.stepOut.DAMP,damp,True,damp custom.jsdebugger.stepOut.DAMP opt e10s fission stylo webrender,4767202,77,ms,firefox,,1780627347,2023-10-24 05:53:21,1321418,,,,,,,,,,,,,,,,,,,,,,,,,,,,,,,,,,,,,,,,,,,,,,,,,TN
1694,62fa0b7745dcf8a8dd04a3828c82a086e4597461,0.05753721789749566,autoland,4768104,12,53390121d39b212135aaffcd577053a14c7f0dff,linux1804-64-shippable-qr,True,False,,,102210fe594ee9b33d82058545b1ed14f4c8206e,custom.jsdebugger.stepOut.DAMP,damp,True,damp custom.jsdebugger.stepOut.DAMP opt e10s fission stylo webrender,4767202,77,ms,firefox,,1780616381,2023-10-24 07:02:14,1321425,,,,,,,,,,,,,,,,,,,,,,,,,,,,,,,,,,,,,,,,,,,,,,,,,TN
1695,b4504aa44a84efb059f2988dc36eab1d388ecb31,0.0647641851730576,autoland,4768104,12,53390121d39b212135aaffcd577053a14c7f0dff,linux1804-64-shippable-qr,True,False,,,102210fe594ee9b33d82058545b1ed14f4c8206e,custom.jsdebugger.stepOut.DAMP,damp,True,damp custom.jsdebugger.stepOut.DAMP opt e10s fission stylo webrender,4767202,77,ms,firefox,,1780624896,2023-10-24 07:14:34,1321431,,,,,,,,,,,,,,,,,,,,,,,,,,,,,,,,,,,,,,,,,,,,,,,,,TN
1696,d9d7f3e0d92e265b176ca7448fc0f9eb6b1ba6f9,0.05575106300793542,autoland,4768104,12,53390121d39b212135aaffcd577053a14c7f0dff,linux1804-64-shippable-qr,True,False,,,102210fe594ee9b33d82058545b1ed14f4c8206e,custom.jsdebugger.stepOut.DAMP,damp,True,damp custom.jsdebugger.stepOut.DAMP opt e10s fission stylo webrender,4767202,77,ms,firefox,,1780638400,2023-10-24 07:28:18,1321434,,,,,,,,,,,,,,,,,,,,,,,,,,,,,,,,,,,,,,,,,,,,,,,,,TN
1697,5fe6727255d608b6eafa62acbfe820cc09824265,0.05547972717451344,autoland,4768104,12,53390121d39b212135aaffcd577053a14c7f0dff,linux1804-64-shippable-qr,True,False,,,102210fe594ee9b33d82058545b1ed14f4c8206e,custom.jsdebugger.stepOut.DAMP,damp,True,damp custom.jsdebugger.stepOut.DAMP opt e10s fission stylo webrender,4767202,77,ms,firefox,,1780532811,2023-10-24 07:32:53,1321436,,,,,,,,,,,,,,,,,,,,,,,,,,,,,,,,,,,,,,,,,,,,,,,,,TN
1698,75936f589527bc6d8c7a4e9a9a54f1cd7ca77577,0.05891208925262181,autoland,4768104,12,53390121d39b212135aaffcd577053a14c7f0dff,linux1804-64-shippable-qr,True,False,,,102210fe594ee9b33d82058545b1ed14f4c8206e,custom.jsdebugger.stepOut.DAMP,damp,True,damp custom.jsdebugger.stepOut.DAMP opt e10s fission stylo webrender,4767202,77,ms,firefox,,1780614459,2023-10-24 07:48:14,1321441,,,,,,,,,,,,,,,,,,,,,,,,,,,,,,,,,,,,,,,,,,,,,,,,,TN
1699,8d15361d7639cb7414676513239b9c9ae6958aa5,0.05938942801440483,autoland,4768104,12,53390121d39b212135aaffcd577053a14c7f0dff,linux1804-64-shippable-qr,True,False,,,102210fe594ee9b33d82058545b1ed14f4c8206e,custom.jsdebugger.stepOut.DAMP,damp,True,damp custom.jsdebugger.stepOut.DAMP opt e10s fission stylo webrender,4767202,77,ms,firefox,,1780623093,2023-10-24 07:51:21,1321442,,,,,,,,,,,,,,,,,,,,,,,,,,,,,,,,,,,,,,,,,,,,,,,,,TN
1700,5ff1ceab2635be491fdda5ca61c10560f732ba39,0.05024687305403186,autoland,4768104,12,53390121d39b212135aaffcd577053a14c7f0dff,linux1804-64-shippable-qr,True,False,,,102210fe594ee9b33d82058545b1ed14f4c8206e,custom.jsdebugger.stepOut.DAMP,damp,True,damp custom.jsdebugger.stepOut.DAMP opt e10s fission stylo webrender,4767202,77,ms,firefox,,1780637286,2023-10-24 07:52:17,1321444,,,,,,,,,,,,,,,,,,,,,,,,,,,,,,,,,,,,,,,,,,,,,,,,,TN
1701,68dd4dfd81e96c9000b3395333366facf08e9eab,0.06058041818114268,autoland,4768104,12,53390121d39b212135aaffcd577053a14c7f0dff,linux1804-64-shippable-qr,True,False,,,102210fe594ee9b33d82058545b1ed14f4c8206e,custom.jsdebugger.stepOut.DAMP,damp,True,damp custom.jsdebugger.stepOut.DAMP opt e10s fission stylo webrender,4767202,77,ms,firefox,,1780616174,2023-10-24 08:14:18,1321454,,,,,,,,,,,,,,,,,,,,,,,,,,,,,,,,,,,,,,,,,,,,,,,,,TN
1702,36a87a6432703a1f3a1f2a92756c90146a19e5f2,0.06764384653220712,autoland,4768104,12,53390121d39b212135aaffcd577053a14c7f0dff,linux1804-64-shippable-qr,True,False,,,102210fe594ee9b33d82058545b1ed14f4c8206e,custom.jsdebugger.stepOut.DAMP,damp,True,damp custom.jsdebugger.stepOut.DAMP opt e10s fission stylo webrender,4767202,77,ms,firefox,,1778949098,2023-10-24 08:18:26,1321456,,,,,,,,,,,,,,,,,,,,,,,,,,,,,,,,,,,,,,,,,,,,,,,,,TN
1703,bba769e144694af1f1ee39575685880c15d20468,0.08370033596348092,autoland,4768104,12,53390121d39b212135aaffcd577053a14c7f0dff,linux1804-64-shippable-qr,True,False,,,102210fe594ee9b33d82058545b1ed14f4c8206e,custom.jsdebugger.stepOut.DAMP,damp,True,damp custom.jsdebugger.stepOut.DAMP opt e10s fission stylo webrender,4767202,77,ms,firefox,,1780795863,2023-10-24 09:49:45,1321494,,,,,,,,,,,,,,,,,,,,,,,,,,,,,,,,,,,,,,,,,,,,,,,,,TN
1704,65497d99445cbb805f78aef636020165c4d4bd71,0.05504712172045656,autoland,4768104,12,53390121d39b212135aaffcd577053a14c7f0dff,linux1804-64-shippable-qr,True,False,,,102210fe594ee9b33d82058545b1ed14f4c8206e,custom.jsdebugger.stepOut.DAMP,damp,True,damp custom.jsdebugger.stepOut.DAMP opt e10s fission stylo webrender,4767202,77,ms,firefox,,1780795544,2023-10-24 10:03:01,1321502,,,,,,,,,,,,,,,,,,,,,,,,,,,,,,,,,,,,,,,,,,,,,,,,,TN
1705,2d73b37b48b3c0d49e800d71641f3283ae9ae9b6,0.05975421764262978,autoland,4768104,12,53390121d39b212135aaffcd577053a14c7f0dff,linux1804-64-shippable-qr,True,False,,,102210fe594ee9b33d82058545b1ed14f4c8206e,custom.jsdebugger.stepOut.DAMP,damp,True,damp custom.jsdebugger.stepOut.DAMP opt e10s fission stylo webrender,4767202,77,ms,firefox,,1780796145,2023-10-24 10:17:28,1321517,,,,,,,,,,,,,,,,,,,,,,,,,,,,,,,,,,,,,,,,,,,,,,,,,TN
1706,0c2665b09e086a4b333941eabd6429650cf8c865,0.05749410012739653,autoland,4768104,12,53390121d39b212135aaffcd577053a14c7f0dff,linux1804-64-shippable-qr,True,False,,,102210fe594ee9b33d82058545b1ed14f4c8206e,custom.jsdebugger.stepOut.DAMP,damp,True,damp custom.jsdebugger.stepOut.DAMP opt e10s fission stylo webrender,4767202,77,ms,firefox,,1780796287,2023-10-24 10:49:21,1321533,,,,,,,,,,,,,,,,,,,,,,,,,,,,,,,,,,,,,,,,,,,,,,,,,TN
1707,4464bb718d563df6d3ce1209788fffe735f4c65e,0.05619145503625911,autoland,4768104,12,53390121d39b212135aaffcd577053a14c7f0dff,linux1804-64-shippable-qr,True,False,,,102210fe594ee9b33d82058545b1ed14f4c8206e,custom.jsdebugger.stepOut.DAMP,damp,True,damp custom.jsdebugger.stepOut.DAMP opt e10s fission stylo webrender,4767202,77,ms,firefox,,1780796484,2023-10-24 10:50:59,1321534,,,,,,,,,,,,,,,,,,,,,,,,,,,,,,,,,,,,,,,,,,,,,,,,,TN
1708,b616a52ca119b3a15024bf39cb7841d3c6448403,0.051967479434701036,autoland,4768104,12,53390121d39b212135aaffcd577053a14c7f0dff,linux1804-64-shippable-qr,True,False,,,102210fe594ee9b33d82058545b1ed14f4c8206e,custom.jsdebugger.stepOut.DAMP,damp,True,damp custom.jsdebugger.stepOut.DAMP opt e10s fission stylo webrender,4767202,77,ms,firefox,,1780795426,2023-10-24 10:52:45,1321536,,,,,,,,,,,,,,,,,,,,,,,,,,,,,,,,,,,,,,,,,,,,,,,,,TN
1709,cf56f0adf3c5c4e4f80a1525d4734ef64037ed6f,0.06391589170797929,autoland,4768104,12,53390121d39b212135aaffcd577053a14c7f0dff,linux1804-64-shippable-qr,True,False,,,102210fe594ee9b33d82058545b1ed14f4c8206e,custom.jsdebugger.stepOut.DAMP,damp,True,damp custom.jsdebugger.stepOut.DAMP opt e10s fission stylo webrender,4767202,77,ms,firefox,,1780796347,2023-10-24 10:58:37,1321539,,,,,,,,,,,,,,,,,,,,,,,,,,,,,,,,,,,,,,,,,,,,,,,,,TN
1710,95d47d65ba49b08f2339f2cf29b38136dfca6135,0.05999304003263073,autoland,4768104,12,53390121d39b212135aaffcd577053a14c7f0dff,linux1804-64-shippable-qr,True,False,,,102210fe594ee9b33d82058545b1ed14f4c8206e,custom.jsdebugger.stepOut.DAMP,damp,True,damp custom.jsdebugger.stepOut.DAMP opt e10s fission stylo webrender,4767202,77,ms,firefox,,1780796866,2023-10-24 11:07:19,1321542,,,,,,,,,,,,,,,,,,,,,,,,,,,,,,,,,,,,,,,,,,,,,,,,,TN
1711,d8d6bde5d9d83b9dc19249e237f186156efe8545,0.062379340389676186,autoland,4768104,12,53390121d39b212135aaffcd577053a14c7f0dff,linux1804-64-shippable-qr,True,False,,,102210fe594ee9b33d82058545b1ed14f4c8206e,custom.jsdebugger.stepOut.DAMP,damp,True,damp custom.jsdebugger.stepOut.DAMP opt e10s fission stylo webrender,4767202,77,ms,firefox,,1780796799,2023-10-24 11:14:04,1321545,,,,,,,,,,,,,,,,,,,,,,,,,,,,,,,,,,,,,,,,,,,,,,,,,TN
1712,ea758c7008d76a67d75d4874bb1a1a00838f4128,0.0629523635011946,autoland,4768104,12,53390121d39b212135aaffcd577053a14c7f0dff,linux1804-64-shippable-qr,True,False,,,102210fe594ee9b33d82058545b1ed14f4c8206e,custom.jsdebugger.stepOut.DAMP,damp,True,damp custom.jsdebugger.stepOut.DAMP opt e10s fission stylo webrender,4767202,77,ms,firefox,,1779084214,2023-10-24 12:23:09,1321565,,,,,,,,,,,,,,,,,,,,,,,,,,,,,,,,,,,,,,,,,,,,,,,,,TN
1713,f77634bf24ca180a8f831be09589df37ea3d03f2,0.06282880963404358,autoland,4768104,12,53390121d39b212135aaffcd577053a14c7f0dff,linux1804-64-shippable-qr,True,False,,,102210fe594ee9b33d82058545b1ed14f4c8206e,custom.jsdebugger.stepOut.DAMP,damp,True,damp custom.jsdebugger.stepOut.DAMP opt e10s fission stylo webrender,4767202,77,ms,firefox,,1780934800,2023-10-24 12:39:12,1321575,,,,,,,,,,,,,,,,,,,,,,,,,,,,,,,,,,,,,,,,,,,,,,,,,TN
1714,a1b23555148e4fa7780b64c3c97700754d97f5eb,0.05985272570592304,autoland,4768104,12,53390121d39b212135aaffcd577053a14c7f0dff,linux1804-64-shippable-qr,True,False,,,102210fe594ee9b33d82058545b1ed14f4c8206e,custom.jsdebugger.stepOut.DAMP,damp,True,damp custom.jsdebugger.stepOut.DAMP opt e10s fission stylo webrender,4767202,77,ms,firefox,,1780892132,2023-10-24 12:47:19,1321580,,,,,,,,,,,,,,,,,,,,,,,,,,,,,,,,,,,,,,,,,,,,,,,,,TN
1715,0900a57bd906196091cc9315cc1480b9457b5089,0.05969696938136726,autoland,4768104,12,53390121d39b212135aaffcd577053a14c7f0dff,linux1804-64-shippable-qr,True,False,,,102210fe594ee9b33d82058545b1ed14f4c8206e,custom.jsdebugger.stepOut.DAMP,damp,True,damp custom.jsdebugger.stepOut.DAMP opt e10s fission stylo webrender,4767202,77,ms,firefox,,1780799149,2023-10-24 13:05:55,1321592,,,,,,,,,,,,,,,,,,,,,,,,,,,,,,,,,,,,,,,,,,,,,,,,,TN
1716,f6e5fecee879e3d0cd8b2e91df7cfe30f2b5610c,0.013099508790635261,autoland,4768104,12,53390121d39b212135aaffcd577053a14c7f0dff,linux1804-64-shippable-qr,True,False,,,102210fe594ee9b33d82058545b1ed14f4c8206e,custom.jsdebugger.stepOut.DAMP,damp,True,damp custom.jsdebugger.stepOut.DAMP opt e10s fission stylo webrender,4767202,77,ms,firefox,,1780792274,2023-10-24 13:09:05,1321594,,,,,,,,,,,,,,,,,,,,,,,,,,,,,,,,,,,,,,,,,,,,,,,,,TN
1717,eccda51a6f68b20cfe9af1e94b9336b9856b103e,0.05230453963815307,autoland,4768104,12,53390121d39b212135aaffcd577053a14c7f0dff,linux1804-64-shippable-qr,True,False,,,102210fe594ee9b33d82058545b1ed14f4c8206e,custom.jsdebugger.stepOut.DAMP,damp,True,damp custom.jsdebugger.stepOut.DAMP opt e10s fission stylo webrender,4767202,77,ms,firefox,,1779235795,2023-10-24 13:48:19,1321616,,,,,,,,,,,,,,,,,,,,,,,,,,,,,,,,,,,,,,,,,,,,,,,,,TN
1718,23faf94661e5011e595f0a273add8db4410df393,0.01119505997075032,autoland,4768104,12,53390121d39b212135aaffcd577053a14c7f0dff,linux1804-64-shippable-qr,True,False,,,102210fe594ee9b33d82058545b1ed14f4c8206e,custom.jsdebugger.stepOut.DAMP,damp,True,damp custom.jsdebugger.stepOut.DAMP opt e10s fission stylo webrender,4767202,77,ms,firefox,,1780881370,2023-10-24 15:48:22,1321707,,,,,,,,,,,,,,,,,,,,,,,,,,,,,,,,,,,,,,,,,,,,,,,,,TN
1719,9810311e2a8bd84bbd0eabc1fec2c544fafce3f0,0.06604094489747969,autoland,4768104,12,53390121d39b212135aaffcd577053a14c7f0dff,linux1804-64-shippable-qr,True,False,,,102210fe594ee9b33d82058545b1ed14f4c8206e,custom.jsdebugger.stepOut.DAMP,damp,True,damp custom.jsdebugger.stepOut.DAMP opt e10s fission stylo webrender,4767202,77,ms,firefox,,1780893265,2023-10-24 16:19:13,1321729,,,,,,,,,,,,,,,,,,,,,,,,,,,,,,,,,,,,,,,,,,,,,,,,,TN
1720,16f60efaa83b3856fbc23bf73616811e7dd796ff,0.0585995095139652,autoland,4768104,12,53390121d39b212135aaffcd577053a14c7f0dff,linux1804-64-shippable-qr,True,False,,,102210fe594ee9b33d82058545b1ed14f4c8206e,custom.jsdebugger.stepOut.DAMP,damp,True,damp custom.jsdebugger.stepOut.DAMP opt e10s fission stylo webrender,4767202,77,ms,firefox,,1780893528,2023-10-24 16:25:38,1321734,,,,,,,,,,,,,,,,,,,,,,,,,,,,,,,,,,,,,,,,,,,,,,,,,TN
1721,374f05be6d50245086f0ebcb81c4448facca7fdd,0.05021357668085036,autoland,4768104,12,53390121d39b212135aaffcd577053a14c7f0dff,linux1804-64-shippable-qr,True,False,,,102210fe594ee9b33d82058545b1ed14f4c8206e,custom.jsdebugger.stepOut.DAMP,damp,True,damp custom.jsdebugger.stepOut.DAMP opt e10s fission stylo webrender,4767202,77,ms,firefox,,1780892322,2023-10-24 16:29:49,1321736,,,,,,,,,,,,,,,,,,,,,,,,,,,,,,,,,,,,,,,,,,,,,,,,,TN
1722,09e0e517398773d30ba186e6cbcab04b41ac1f4f,0.06369937089326372,autoland,4768104,12,53390121d39b212135aaffcd577053a14c7f0dff,linux1804-64-shippable-qr,True,False,,,102210fe594ee9b33d82058545b1ed14f4c8206e,custom.jsdebugger.stepOut.DAMP,damp,True,damp custom.jsdebugger.stepOut.DAMP opt e10s fission stylo webrender,4767202,77,ms,firefox,,1780897765,2023-10-24 16:37:43,1321742,,,,,,,,,,,,,,,,,,,,,,,,,,,,,,,,,,,,,,,,,,,,,,,,,TN
1723,ba7e57fccd2a6683e2c47b4b1db2450ce2ee7ce4,0.05724771968337117,autoland,4768104,12,53390121d39b212135aaffcd577053a14c7f0dff,linux1804-64-shippable-qr,True,False,,,102210fe594ee9b33d82058545b1ed14f4c8206e,custom.jsdebugger.stepOut.DAMP,damp,True,damp custom.jsdebugger.stepOut.DAMP opt e10s fission stylo webrender,4767202,77,ms,firefox,,1780892592,2023-10-24 16:38:34,1321743,,,,,,,,,,,,,,,,,,,,,,,,,,,,,,,,,,,,,,,,,,,,,,,,,TN
1724,173cd787b9599a07c4aaedb562b1ac9da6c7b173,0.05914605409995877,autoland,4768104,12,53390121d39b212135aaffcd577053a14c7f0dff,linux1804-64-shippable-qr,True,False,,,102210fe594ee9b33d82058545b1ed14f4c8206e,custom.jsdebugger.stepOut.DAMP,damp,True,damp custom.jsdebugger.stepOut.DAMP opt e10s fission stylo webrender,4767202,77,ms,firefox,,1780896736,2023-10-24 16:39:32,1321744,,,,,,,,,,,,,,,,,,,,,,,,,,,,,,,,,,,,,,,,,,,,,,,,,TN
1725,94c04bb84a3f2517fc0e9d5cd0da7964ee00986c,0.04895149490221584,autoland,4768104,12,53390121d39b212135aaffcd577053a14c7f0dff,linux1804-64-shippable-qr,True,False,,,102210fe594ee9b33d82058545b1ed14f4c8206e,custom.jsdebugger.stepOut.DAMP,damp,True,damp custom.jsdebugger.stepOut.DAMP opt e10s fission stylo webrender,4767202,77,ms,firefox,,1780892993,2023-10-24 17:22:39,1321781,,,,,,,,,,,,,,,,,,,,,,,,,,,,,,,,,,,,,,,,,,,,,,,,,TN
1726,e39be41f4e4c4f2146397e123b52c3ee815a7792,0.05511199361121688,autoland,4768104,12,53390121d39b212135aaffcd577053a14c7f0dff,linux1804-64-shippable-qr,True,False,,,102210fe594ee9b33d82058545b1ed14f4c8206e,custom.jsdebugger.stepOut.DAMP,damp,True,damp custom.jsdebugger.stepOut.DAMP opt e10s fission stylo webrender,4767202,77,ms,firefox,,1780896669,2023-10-24 17:34:25,1321789,,,,,,,,,,,,,,,,,,,,,,,,,,,,,,,,,,,,,,,,,,,,,,,,,TN
1727,b2dec8a51f6e781be65a730cfde18a11c9569f94,0.06329117039323073,autoland,4768104,12,53390121d39b212135aaffcd577053a14c7f0dff,linux1804-64-shippable-qr,True,False,,,102210fe594ee9b33d82058545b1ed14f4c8206e,custom.jsdebugger.stepOut.DAMP,damp,True,damp custom.jsdebugger.stepOut.DAMP opt e10s fission stylo webrender,4767202,77,ms,firefox,,1779382226,2023-10-24 17:52:45,1321799,,,,,,,,,,,,,,,,,,,,,,,,,,,,,,,,,,,,,,,,,,,,,,,,,TN
1728,27ee97bc90986bde66dfb122cc4c8a6a3730e4a3,0.05427010467048243,autoland,4768104,12,53390121d39b212135aaffcd577053a14c7f0dff,linux1804-64-shippable-qr,True,False,,,102210fe594ee9b33d82058545b1ed14f4c8206e,custom.jsdebugger.stepOut.DAMP,damp,True,damp custom.jsdebugger.stepOut.DAMP opt e10s fission stylo webrender,4767202,77,ms,firefox,,1779594102,2023-10-24 21:54:59,1321984,,,,,,,,,,,,,,,,,,,,,,,,,,,,,,,,,,,,,,,,,,,,,,,,,TN
1729,edfb4ab939a51c9dc131c959da539ef71f17cf5f,0.0610363883258378,autoland,4768104,12,53390121d39b212135aaffcd577053a14c7f0dff,linux1804-64-shippable-qr,True,False,,,102210fe594ee9b33d82058545b1ed14f4c8206e,custom.jsdebugger.stepOut.DAMP,damp,True,damp custom.jsdebugger.stepOut.DAMP opt e10s fission stylo webrender,4767202,77,ms,firefox,,1779661453,2023-10-25 01:35:01,1322066,,,,,,,,,,,,,,,,,,,,,,,,,,,,,,,,,,,,,,,,,,,,,,,,,TN
1730,c00936a538d944ced81780de7e2670806145f0ec,0.05738560871610865,autoland,4768104,12,53390121d39b212135aaffcd577053a14c7f0dff,linux1804-64-shippable-qr,True,False,,,102210fe594ee9b33d82058545b1ed14f4c8206e,custom.jsdebugger.stepOut.DAMP,damp,True,damp custom.jsdebugger.stepOut.DAMP opt e10s fission stylo webrender,4767202,77,ms,firefox,,1779744517,2023-10-25 05:46:17,1322115,,,,,,,,,,,,,,,,,,,,,,,,,,,,,,,,,,,,,,,,,,,,,,,,,TN
1731,03d61eb955a9ac6e3374ca4c5504edc41cd1aa4a,0.06375684966174189,autoland,4768104,12,53390121d39b212135aaffcd577053a14c7f0dff,linux1804-64-shippable-qr,True,False,,,102210fe594ee9b33d82058545b1ed14f4c8206e,custom.jsdebugger.stepOut.DAMP,damp,True,damp custom.jsdebugger.stepOut.DAMP opt e10s fission stylo webrender,4767202,77,ms,firefox,,1779931811,2023-10-25 09:46:40,1322203,,,,,,,,,,,,,,,,,,,,,,,,,,,,,,,,,,,,,,,,,,,,,,,,,TN
1732,44697a7ca8612ae5a4807f530347c3df1d2c191a,0.06380241160332711,autoland,4768104,12,53390121d39b212135aaffcd577053a14c7f0dff,linux1804-64-shippable-qr,True,False,,,102210fe594ee9b33d82058545b1ed14f4c8206e,custom.jsdebugger.stepOut.DAMP,damp,True,damp custom.jsdebugger.stepOut.DAMP opt e10s fission stylo webrender,4767202,77,ms,firefox,,1779993637,2023-10-25 12:40:12,1322280,,,,,,,,,,,,,,,,,,,,,,,,,,,,,,,,,,,,,,,,,,,,,,,,,TN
1733,b8c2a1837c16c66a12ef79eaf5545e92ae448768,0.05835834330239342,autoland,4768104,12,53390121d39b212135aaffcd577053a14c7f0dff,linux1804-64-shippable-qr,True,False,,,102210fe594ee9b33d82058545b1ed14f4c8206e,custom.jsdebugger.stepOut.DAMP,damp,True,damp custom.jsdebugger.stepOut.DAMP opt e10s fission stylo webrender,4767202,77,ms,firefox,,1780157810,2023-10-25 16:42:09,1322418,,,,,,,,,,,,,,,,,,,,,,,,,,,,,,,,,,,,,,,,,,,,,,,,,TN
1734,691148c77012c40658cd4a6e4ee3ca178d1c1ca8,0.06923447266282401,autoland,4768104,12,53390121d39b212135aaffcd577053a14c7f0dff,linux1804-64-shippable-qr,True,False,,,102210fe594ee9b33d82058545b1ed14f4c8206e,custom.jsdebugger.stepOut.DAMP,damp,True,damp custom.jsdebugger.stepOut.DAMP opt e10s fission stylo webrender,4767202,77,ms,firefox,,1780222627,2023-10-25 18:17:29,1322468,,,,,,,,,,,,,,,,,,,,,,,,,,,,,,,,,,,,,,,,,,,,,,,,,TN
1735,e6a52d2c9941178fa5113e3c7af81f561078c5f5,0.05943673366377111,autoland,4768104,12,53390121d39b212135aaffcd577053a14c7f0dff,linux1804-64-shippable-qr,True,False,,,102210fe594ee9b33d82058545b1ed14f4c8206e,custom.jsdebugger.stepOut.DAMP,damp,True,damp custom.jsdebugger.stepOut.DAMP opt e10s fission stylo webrender,4767202,77,ms,firefox,,1780408131,2023-10-25 21:16:28,1322573,,,,,,,,,,,,,,,,,,,,,,,,,,,,,,,,,,,,,,,,,,,,,,,,,TN
1736,68373a168c7ca93b1aa9bb3016a1ffa9ad6b7aac,0.05906024976748536,autoland,4768104,12,53390121d39b212135aaffcd577053a14c7f0dff,linux1804-64-shippable-qr,True,False,,,102210fe594ee9b33d82058545b1ed14f4c8206e,custom.jsdebugger.stepOut.DAMP,damp,True,damp custom.jsdebugger.stepOut.DAMP opt e10s fission stylo webrender,4767202,77,ms,firefox,,1780546057,2023-10-26 00:52:13,1322694,,,,,,,,,,,,,,,,,,,,,,,,,,,,,,,,,,,,,,,,,,,,,,,,,TN
1737,62489b97d11d4bb88f1184670849ed8c9dc61708,0.06453323082969409,autoland,4768104,12,53390121d39b212135aaffcd577053a14c7f0dff,linux1804-64-shippable-qr,True,False,,,102210fe594ee9b33d82058545b1ed14f4c8206e,custom.jsdebugger.stepOut.DAMP,damp,True,damp custom.jsdebugger.stepOut.DAMP opt e10s fission stylo webrender,4767202,77,ms,firefox,,1780708154,2023-10-26 04:52:14,1322765,,,,,,,,,,,,,,,,,,,,,,,,,,,,,,,,,,,,,,,,,,,,,,,,,TN
1738,8923dca93b808a23856287229fc8f1c0c1d1e20e,0.058816796367801016,autoland,4768104,12,53390121d39b212135aaffcd577053a14c7f0dff,linux1804-64-shippable-qr,True,False,,,102210fe594ee9b33d82058545b1ed14f4c8206e,custom.jsdebugger.stepOut.DAMP,damp,True,damp custom.jsdebugger.stepOut.DAMP opt e10s fission stylo webrender,4767202,77,ms,firefox,,1780812939,2023-10-26 09:06:19,1322848,,,,,,,,,,,,,,,,,,,,,,,,,,,,,,,,,,,,,,,,,,,,,,,,,TN
1739,4d2c1911361bbc41f63b4e807070a3d83596b70c,0.06447005098138325,autoland,4768104,12,53390121d39b212135aaffcd577053a14c7f0dff,linux1804-64-shippable-qr,True,False,,,102210fe594ee9b33d82058545b1ed14f4c8206e,custom.jsdebugger.stepOut.DAMP,damp,True,damp custom.jsdebugger.stepOut.DAMP opt e10s fission stylo webrender,4767202,77,ms,firefox,,1780876803,2023-10-26 09:07:41,1322851,,,,,,,,,,,,,,,,,,,,,,,,,,,,,,,,,,,,,,,,,,,,,,,,,TN
1740,db6b75385ffe5e764d60c5842add31b3a90c0587,0.06987419582579646,autoland,4768104,12,53390121d39b212135aaffcd577053a14c7f0dff,linux1804-64-shippable-qr,True,False,,,102210fe594ee9b33d82058545b1ed14f4c8206e,custom.jsdebugger.stepOut.DAMP,damp,True,damp custom.jsdebugger.stepOut.DAMP opt e10s fission stylo webrender,4767202,77,ms,firefox,,1781000965,2023-10-26 13:14:16,1322985,,,,,,,,,,,,,,,,,,,,,,,,,,,,,,,,,,,,,,,,,,,,,,,,,TN
1741,630864299a197bf416ac18d405063b7ec40c3644,0.07850426662540355,autoland,4768104,12,53390121d39b212135aaffcd577053a14c7f0dff,linux1804-64-shippable-qr,True,False,,,102210fe594ee9b33d82058545b1ed14f4c8206e,custom.jsdebugger.stepOut.DAMP,damp,True,damp custom.jsdebugger.stepOut.DAMP opt e10s fission stylo webrender,4767202,77,ms,firefox,,1781036496,2023-10-26 13:50:58,1323009,,,,,,,,,,,,,,,,,,,,,,,,,,,,,,,,,,,,,,,,,,,,,,,,,TN
1742,945d53ccf09fe8c263a6a24db6604162a4707ff9,0.06587365029467773,autoland,4768104,12,53390121d39b212135aaffcd577053a14c7f0dff,linux1804-64-shippable-qr,True,False,,,102210fe594ee9b33d82058545b1ed14f4c8206e,custom.jsdebugger.stepOut.DAMP,damp,True,damp custom.jsdebugger.stepOut.DAMP opt e10s fission stylo webrender,4767202,77,ms,firefox,,1781191905,2023-10-26 17:52:00,1323156,,,,,,,,,,,,,,,,,,,,,,,,,,,,,,,,,,,,,,,,,,,,,,,,,TN
1743,a1dbe7d2099563e23614b7c0d0b0f6923ab447f7,0.05590539058505917,autoland,4768104,12,53390121d39b212135aaffcd577053a14c7f0dff,linux1804-64-shippable-qr,True,False,,,102210fe594ee9b33d82058545b1ed14f4c8206e,custom.jsdebugger.stepOut.DAMP,damp,True,damp custom.jsdebugger.stepOut.DAMP opt e10s fission stylo webrender,4767202,77,ms,firefox,,1781248422,2023-10-26 19:25:04,1323220,,,,,,,,,,,,,,,,,,,,,,,,,,,,,,,,,,,,,,,,,,,,,,,,,TN
1744,a880804c93083962e65cea658b69a28c06528e8e,0.060530288818056,autoland,4768104,12,53390121d39b212135aaffcd577053a14c7f0dff,linux1804-64-shippable-qr,True,False,,,102210fe594ee9b33d82058545b1ed14f4c8206e,custom.jsdebugger.stepOut.DAMP,damp,True,damp custom.jsdebugger.stepOut.DAMP opt e10s fission stylo webrender,4767202,77,ms,firefox,,1781457944,2023-10-26 23:27:25,1323339,,,,,,,,,,,,,,,,,,,,,,,,,,,,,,,,,,,,,,,,,,,,,,,,,TN
1745,6d47bee6d52ee11125f54db9df7336cbe69593c0,0.05090775618546306,autoland,4768104,12,53390121d39b212135aaffcd577053a14c7f0dff,linux1804-64-shippable-qr,True,False,,,102210fe594ee9b33d82058545b1ed14f4c8206e,custom.jsdebugger.stepOut.DAMP,damp,True,damp custom.jsdebugger.stepOut.DAMP opt e10s fission stylo webrender,4767202,77,ms,firefox,,1781470176,2023-10-27 00:10:25,1323363,,,,,,,,,,,,,,,,,,,,,,,,,,,,,,,,,,,,,,,,,,,,,,,,,TN
1746,4024630f5ffa1704a32f70c816f1003b0af9f105,0.060919361191633326,autoland,4768104,12,53390121d39b212135aaffcd577053a14c7f0dff,linux1804-64-shippable-qr,True,False,,,102210fe594ee9b33d82058545b1ed14f4c8206e,custom.jsdebugger.stepOut.DAMP,damp,True,damp custom.jsdebugger.stepOut.DAMP opt e10s fission stylo webrender,4767202,77,ms,firefox,,1781646098,2023-10-27 05:17:25,1323421,,,,,,,,,,,,,,,,,,,,,,,,,,,,,,,,,,,,,,,,,,,,,,,,,TN
1747,6e09ac4a4c291480d5951adca6d1659a46f571b2,0.05409560472935493,autoland,4768104,12,53390121d39b212135aaffcd577053a14c7f0dff,linux1804-64-shippable-qr,True,False,,,102210fe594ee9b33d82058545b1ed14f4c8206e,custom.jsdebugger.stepOut.DAMP,damp,True,damp custom.jsdebugger.stepOut.DAMP opt e10s fission stylo webrender,4767202,77,ms,firefox,,1781715757,2023-10-27 08:56:16,1323505,,,,,,,,,,,,,,,,,,,,,,,,,,,,,,,,,,,,,,,,,,,,,,,,,TN
1748,6013b7df2b9133416d4244ef4d45c492f215c3d0,0.049308488020513574,autoland,4768104,12,53390121d39b212135aaffcd577053a14c7f0dff,linux1804-64-shippable-qr,True,False,,,102210fe594ee9b33d82058545b1ed14f4c8206e,custom.jsdebugger.stepOut.DAMP,damp,True,damp custom.jsdebugger.stepOut.DAMP opt e10s fission stylo webrender,4767202,77,ms,firefox,,1781896461,2023-10-27 13:05:02,1323649,,,,,,,,,,,,,,,,,,,,,,,,,,,,,,,,,,,,,,,,,,,,,,,,,TN
1749,cda838e04db16590f96ddeaa7d7d54cc80e12a03,0.05242460112185765,autoland,4768104,12,53390121d39b212135aaffcd577053a14c7f0dff,linux1804-64-shippable-qr,True,False,,,102210fe594ee9b33d82058545b1ed14f4c8206e,custom.jsdebugger.stepOut.DAMP,damp,True,damp custom.jsdebugger.stepOut.DAMP opt e10s fission stylo webrender,4767202,77,ms,firefox,,1781915330,2023-10-27 13:54:58,1323685,,,,,,,,,,,,,,,,,,,,,,,,,,,,,,,,,,,,,,,,,,,,,,,,,TN
1750,b6d6a9c84257af5a3d659491a2ab963896e70d0d,0.0585508685123004,autoland,4768104,12,53390121d39b212135aaffcd577053a14c7f0dff,linux1804-64-shippable-qr,True,False,,,102210fe594ee9b33d82058545b1ed14f4c8206e,custom.jsdebugger.stepOut.DAMP,damp,True,damp custom.jsdebugger.stepOut.DAMP opt e10s fission stylo webrender,4767202,77,ms,firefox,,1782110543,2023-10-27 17:16:47,1323813,,,,,,,,,,,,,,,,,,,,,,,,,,,,,,,,,,,,,,,,,,,,,,,,,TN
1751,2744df17e06b25289ca5dd01128e6c4f237d7a7c,0.05022017693765701,autoland,4768104,12,53390121d39b212135aaffcd577053a14c7f0dff,linux1804-64-shippable-qr,True,False,,,102210fe594ee9b33d82058545b1ed14f4c8206e,custom.jsdebugger.stepOut.DAMP,damp,True,damp custom.jsdebugger.stepOut.DAMP opt e10s fission stylo webrender,4767202,77,ms,firefox,,1782309130,2023-10-27 22:11:30,1323968,,,,,,,,,,,,,,,,,,,,,,,,,,,,,,,,,,,,,,,,,,,,,,,,,TN
1752,5c87acee8b894f06e4b248cb602b36ccfcef1615,0.061503649350803546,autoland,4768104,12,53390121d39b212135aaffcd577053a14c7f0dff,linux1804-64-shippable-qr,True,False,,,102210fe594ee9b33d82058545b1ed14f4c8206e,custom.jsdebugger.stepOut.DAMP,damp,True,damp custom.jsdebugger.stepOut.DAMP opt e10s fission stylo webrender,4767202,77,ms,firefox,,1782362169,2023-10-27 23:12:32,1323985,,,,,,,,,,,,,,,,,,,,,,,,,,,,,,,,,,,,,,,,,,,,,,,,,TN
1753,0be08aa0812f81d5eb9f2235165d8478ebaf825b,0.05466458104780403,autoland,4768104,12,53390121d39b212135aaffcd577053a14c7f0dff,linux1804-64-shippable-qr,True,False,,,102210fe594ee9b33d82058545b1ed14f4c8206e,custom.jsdebugger.stepOut.DAMP,damp,True,damp custom.jsdebugger.stepOut.DAMP opt e10s fission stylo webrender,4767202,77,ms,firefox,,1782483020,2023-10-28 03:14:30,1324017,,,,,,,,,,,,,,,,,,,,,,,,,,,,,,,,,,,,,,,,,,,,,,,,,TN
1754,da935aab57913c853df3002f297cc6eb76175828,0.04517072709408709,autoland,4768104,12,53390121d39b212135aaffcd577053a14c7f0dff,linux1804-64-shippable-qr,True,False,,,102210fe594ee9b33d82058545b1ed14f4c8206e,custom.jsdebugger.stepOut.DAMP,damp,True,damp custom.jsdebugger.stepOut.DAMP opt e10s fission stylo webrender,4767202,77,ms,firefox,,1783048725,2023-10-29 17:34:24,1324194,,,,,,,,,,,,,,,,,,,,,,,,,,,,,,,,,,,,,,,,,,,,,,,,,TN
1755,61e57e6ba3b7e09a71062e7cdc44f395af832716,0.06121986712000915,autoland,4768104,12,53390121d39b212135aaffcd577053a14c7f0dff,linux1804-64-shippable-qr,True,False,,,102210fe594ee9b33d82058545b1ed14f4c8206e,custom.jsdebugger.stepOut.DAMP,damp,True,damp custom.jsdebugger.stepOut.DAMP opt e10s fission stylo webrender,4767202,77,ms,firefox,,1783126696,2023-10-29 22:37:58,1324214,,,,,,,,,,,,,,,,,,,,,,,,,,,,,,,,,,,,,,,,,,,,,,,,,TN
1756,cfc1bbb8edcc79491d2e1267e84338d155b2ee3c,0.06382892390997752,autoland,4768104,12,53390121d39b212135aaffcd577053a14c7f0dff,linux1804-64-shippable-qr,True,False,,,102210fe594ee9b33d82058545b1ed14f4c8206e,custom.jsdebugger.stepOut.DAMP,damp,True,damp custom.jsdebugger.stepOut.DAMP opt e10s fission stylo webrender,4767202,77,ms,firefox,,1783252512,2023-10-30 03:06:34,1324224,,,,,,,,,,,,,,,,,,,,,,,,,,,,,,,,,,,,,,,,,,,,,,,,,TN
1757,07ff1e2e4f656661631e6746f339e6232b59ebfd,0.06969582892704207,autoland,4768104,12,53390121d39b212135aaffcd577053a14c7f0dff,linux1804-64-shippable-qr,True,False,,,102210fe594ee9b33d82058545b1ed14f4c8206e,custom.jsdebugger.stepOut.DAMP,damp,True,damp custom.jsdebugger.stepOut.DAMP opt e10s fission stylo webrender,4767202,77,ms,firefox,,1783339269,2023-10-30 07:08:15,1324243,,,,,,,,,,,,,,,,,,,,,,,,,,,,,,,,,,,,,,,,,,,,,,,,,TN
1758,9c6272da5dc92ff944d294d9a026bd42a408c784,0.05355660230043058,autoland,4768104,12,53390121d39b212135aaffcd577053a14c7f0dff,linux1804-64-shippable-qr,True,False,,,102210fe594ee9b33d82058545b1ed14f4c8206e,custom.jsdebugger.stepOut.DAMP,damp,True,damp custom.jsdebugger.stepOut.DAMP opt e10s fission stylo webrender,4767202,77,ms,firefox,,1783494330,2023-10-30 12:36:41,1324389,,,,,,,,,,,,,,,,,,,,,,,,,,,,,,,,,,,,,,,,,,,,,,,,,TN
1759,d2a035a8329b5914bcd659ea1ea427c251c4d138,0.04456867795464092,autoland,4768104,12,53390121d39b212135aaffcd577053a14c7f0dff,linux1804-64-shippable-qr,True,False,,,102210fe594ee9b33d82058545b1ed14f4c8206e,custom.jsdebugger.stepOut.DAMP,damp,True,damp custom.jsdebugger.stepOut.DAMP opt e10s fission stylo webrender,4767202,77,ms,firefox,,1783526075,2023-10-30 13:43:34,1324429,,,,,,,,,,,,,,,,,,,,,,,,,,,,,,,,,,,,,,,,,,,,,,,,,TN
1760,277907757ae0f5c9f9a9b4b15473ec6f3eab7674,0.05201048294468269,autoland,4768104,12,53390121d39b212135aaffcd577053a14c7f0dff,linux1804-64-shippable-qr,True,False,,,102210fe594ee9b33d82058545b1ed14f4c8206e,custom.jsdebugger.stepOut.DAMP,damp,True,damp custom.jsdebugger.stepOut.DAMP opt e10s fission stylo webrender,4767202,77,ms,firefox,,1783730146,2023-10-30 17:20:21,1324599,,,,,,,,,,,,,,,,,,,,,,,,,,,,,,,,,,,,,,,,,,,,,,,,,TN
1761,250d50a3e9aedba6c41312d2ce03b03eabac5c84,0.05983800801747996,autoland,4768104,12,53390121d39b212135aaffcd577053a14c7f0dff,linux1804-64-shippable-qr,True,False,,,102210fe594ee9b33d82058545b1ed14f4c8206e,custom.jsdebugger.stepOut.DAMP,damp,True,damp custom.jsdebugger.stepOut.DAMP opt e10s fission stylo webrender,4767202,77,ms,firefox,,1783930275,2023-10-30 21:26:51,1324725,,,,,,,,,,,,,,,,,,,,,,,,,,,,,,,,,,,,,,,,,,,,,,,,,TN
1762,9d87d8875f3012f1cb5e065b5861f41a29d1173c,0.05052714203656583,autoland,4768104,12,53390121d39b212135aaffcd577053a14c7f0dff,linux1804-64-shippable-qr,True,False,,,102210fe594ee9b33d82058545b1ed14f4c8206e,custom.jsdebugger.stepOut.DAMP,damp,True,damp custom.jsdebugger.stepOut.DAMP opt e10s fission stylo webrender,4767202,77,ms,firefox,,1783974641,2023-10-30 22:47:24,1324763,,,,,,,,,,,,,,,,,,,,,,,,,,,,,,,,,,,,,,,,,,,,,,,,,TN
1763,88295a805fb918c5a40c57d9827608c50c65da1a,0.05075600194349461,autoland,4768104,12,53390121d39b212135aaffcd577053a14c7f0dff,linux1804-64-shippable-qr,True,False,,,102210fe594ee9b33d82058545b1ed14f4c8206e,custom.jsdebugger.stepOut.DAMP,damp,True,damp custom.jsdebugger.stepOut.DAMP opt e10s fission stylo webrender,4767202,77,ms,firefox,,1784128737,2023-10-31 03:27:18,1324833,,,,,,,,,,,,,,,,,,,,,,,,,,,,,,,,,,,,,,,,,,,,,,,,,TN
1764,26a58e0274b4491ce07587bf329d30954bfa36a5,0.05557486009518309,autoland,4768104,12,53390121d39b212135aaffcd577053a14c7f0dff,linux1804-64-shippable-qr,True,False,,,102210fe594ee9b33d82058545b1ed14f4c8206e,custom.jsdebugger.stepOut.DAMP,damp,True,damp custom.jsdebugger.stepOut.DAMP opt e10s fission stylo webrender,4767202,77,ms,firefox,,1784276672,2023-10-31 08:52:16,1324883,,,,,,,,,,,,,,,,,,,,,,,,,,,,,,,,,,,,,,,,,,,,,,,,,TN
1765,173608723df3997c0b39049e55f7e4f529974bd1,0.05672764269356434,autoland,4768104,12,53390121d39b212135aaffcd577053a14c7f0dff,linux1804-64-shippable-qr,True,False,,,102210fe594ee9b33d82058545b1ed14f4c8206e,custom.jsdebugger.stepOut.DAMP,damp,True,damp custom.jsdebugger.stepOut.DAMP opt e10s fission stylo webrender,4767202,77,ms,firefox,,1784344757,2023-10-31 10:24:24,1324925,,,,,,,,,,,,,,,,,,,,,,,,,,,,,,,,,,,,,,,,,,,,,,,,,TN
1766,d93c1e224fa334cb0e1a4faf860be329181c1d60,0.06504936237009729,autoland,4768104,12,53390121d39b212135aaffcd577053a14c7f0dff,linux1804-64-shippable-qr,True,False,,,102210fe594ee9b33d82058545b1ed14f4c8206e,custom.jsdebugger.stepOut.DAMP,damp,True,damp custom.jsdebugger.stepOut.DAMP opt e10s fission stylo webrender,4767202,77,ms,firefox,,1784557100,2023-10-31 14:28:55,1325039,,,,,,,,,,,,,,,,,,,,,,,,,,,,,,,,,,,,,,,,,,,,,,,,,TN
1767,4712d595873a538c628ea09a2826c33e3f2e383d,0.0526108350738026,autoland,4768104,12,53390121d39b212135aaffcd577053a14c7f0dff,linux1804-64-shippable-qr,True,False,,,102210fe594ee9b33d82058545b1ed14f4c8206e,custom.jsdebugger.stepOut.DAMP,damp,True,damp custom.jsdebugger.stepOut.DAMP opt e10s fission stylo webrender,4767202,77,ms,firefox,,1784599760,2023-10-31 15:46:12,1325101,,,,,,,,,,,,,,,,,,,,,,,,,,,,,,,,,,,,,,,,,,,,,,,,,TN
1768,5624631ba42eb404a5c5b4e50e9c4fbc826eef31,0.05421370590797614,autoland,4768104,12,53390121d39b212135aaffcd577053a14c7f0dff,linux1804-64-shippable-qr,True,False,,,102210fe594ee9b33d82058545b1ed14f4c8206e,custom.jsdebugger.stepOut.DAMP,damp,True,damp custom.jsdebugger.stepOut.DAMP opt e10s fission stylo webrender,4767202,77,ms,firefox,,1784769402,2023-10-31 20:04:41,1325256,,,,,,,,,,,,,,,,,,,,,,,,,,,,,,,,,,,,,,,,,,,,,,,,,TN
1769,251055c46bfcc027766c9bdaccaaa919c3e6c8f6,0.07437435188713293,autoland,4768104,12,53390121d39b212135aaffcd577053a14c7f0dff,linux1804-64-shippable-qr,True,False,,,102210fe594ee9b33d82058545b1ed14f4c8206e,custom.jsdebugger.stepOut.DAMP,damp,True,damp custom.jsdebugger.stepOut.DAMP opt e10s fission stylo webrender,4767202,77,ms,firefox,,1784868411,2023-10-31 22:59:03,1325343,,,,,,,,,,,,,,,,,,,,,,,,,,,,,,,,,,,,,,,,,,,,,,,,,TN
1770,b73ef4c8979fb0702de9f4bf2fdf986b1d0fd487,0.05985258362610846,autoland,4768104,12,53390121d39b212135aaffcd577053a14c7f0dff,linux1804-64-shippable-qr,True,False,,,102210fe594ee9b33d82058545b1ed14f4c8206e,custom.jsdebugger.stepOut.DAMP,damp,True,damp custom.jsdebugger.stepOut.DAMP opt e10s fission stylo webrender,4767202,77,ms,firefox,,1785095615,2023-11-01 04:08:21,1325446,,,,,,,,,,,,,,,,,,,,,,,,,,,,,,,,,,,,,,,,,,,,,,,,,TN
1771,5db6f03a7c103189ba38ef4c4687a046566f4e5b,0.05308014085710433,autoland,4768104,12,53390121d39b212135aaffcd577053a14c7f0dff,linux1804-64-shippable-qr,True,False,,,102210fe594ee9b33d82058545b1ed14f4c8206e,custom.jsdebugger.stepOut.DAMP,damp,True,damp custom.jsdebugger.stepOut.DAMP opt e10s fission stylo webrender,4767202,77,ms,firefox,,1785187693,2023-11-01 08:27:37,1325492,,,,,,,,,,,,,,,,,,,,,,,,,,,,,,,,,,,,,,,,,,,,,,,,,TN
1772,dee5e3c280a214c32ea4f7a2b6446bbe456ecb54,0.06303990756721733,autoland,4768104,12,53390121d39b212135aaffcd577053a14c7f0dff,linux1804-64-shippable-qr,True,False,,,102210fe594ee9b33d82058545b1ed14f4c8206e,custom.jsdebugger.stepOut.DAMP,damp,True,damp custom.jsdebugger.stepOut.DAMP opt e10s fission stylo webrender,4767202,77,ms,firefox,,1785439761,2023-11-01 15:00:09,1325661,,,,,,,,,,,,,,,,,,,,,,,,,,,,,,,,,,,,,,,,,,,,,,,,,TN
1773,3eea9367b17b3c112968a3f0e008b1005452bbdd,0.05230769619628095,autoland,4768104,12,53390121d39b212135aaffcd577053a14c7f0dff,linux1804-64-shippable-qr,True,False,,,102210fe594ee9b33d82058545b1ed14f4c8206e,custom.jsdebugger.stepOut.DAMP,damp,True,damp custom.jsdebugger.stepOut.DAMP opt e10s fission stylo webrender,4767202,77,ms,firefox,,1785579806,2023-11-01 21:17:16,1325895,,,,,,,,,,,,,,,,,,,,,,,,,,,,,,,,,,,,,,,,,,,,,,,,,TN
1774,0ea21c7c9ab7dcf411a8094c876b12784bc6343c,0.041055848978887144,autoland,4768104,12,53390121d39b212135aaffcd577053a14c7f0dff,linux1804-64-shippable-qr,True,False,,,102210fe594ee9b33d82058545b1ed14f4c8206e,custom.jsdebugger.stepOut.DAMP,damp,True,damp custom.jsdebugger.stepOut.DAMP opt e10s fission stylo webrender,4767202,77,ms,firefox,,1785718581,2023-11-02 01:36:12,1325979,,,,,,,,,,,,,,,,,,,,,,,,,,,,,,,,,,,,,,,,,,,,,,,,,TN
1775,1fcf041bc427507f767a28519182263ab9925550,0.05418830142686437,autoland,4768104,12,53390121d39b212135aaffcd577053a14c7f0dff,linux1804-64-shippable-qr,True,False,,,102210fe594ee9b33d82058545b1ed14f4c8206e,custom.jsdebugger.stepOut.DAMP,damp,True,damp custom.jsdebugger.stepOut.DAMP opt e10s fission stylo webrender,4767202,77,ms,firefox,,1785844823,2023-11-02 06:18:28,1326017,,,,,,,,,,,,,,,,,,,,,,,,,,,,,,,,,,,,,,,,,,,,,,,,,TN
1776,0e73daebf8a7d008ce766b38837d9c35d2f0817b,0.07393152164870487,autoland,4768104,12,53390121d39b212135aaffcd577053a14c7f0dff,linux1804-64-shippable-qr,True,False,,,102210fe594ee9b33d82058545b1ed14f4c8206e,custom.jsdebugger.stepOut.DAMP,damp,True,damp custom.jsdebugger.stepOut.DAMP opt e10s fission stylo webrender,4767202,77,ms,firefox,,1787571428,2023-11-02 07:01:47,1326024,,,,,,,,,,,,,,,,,,,,,,,,,,,,,,,,,,,,,,,,,,,,,,,,,TN
1777,d55b7b5e620c02e1dae5c648e8e6e1949ac87503,0.0587510342422044,autoland,4768104,12,53390121d39b212135aaffcd577053a14c7f0dff,linux1804-64-shippable-qr,True,False,,,102210fe594ee9b33d82058545b1ed14f4c8206e,custom.jsdebugger.stepOut.DAMP,damp,True,damp custom.jsdebugger.stepOut.DAMP opt e10s fission stylo webrender,4767202,77,ms,firefox,,1787571371,2023-11-02 07:10:51,1326034,,,,,,,,,,,,,,,,,,,,,,,,,,,,,,,,,,,,,,,,,,,,,,,,,TN
1778,564753cc08f0c6a139921fe26e6c331d8b173348,0.06010341226383942,autoland,4768104,12,53390121d39b212135aaffcd577053a14c7f0dff,linux1804-64-shippable-qr,True,False,,,102210fe594ee9b33d82058545b1ed14f4c8206e,custom.jsdebugger.stepOut.DAMP,damp,True,damp custom.jsdebugger.stepOut.DAMP opt e10s fission stylo webrender,4767202,77,ms,firefox,,1787571539,2023-11-02 08:51:48,1326058,,,,,,,,,,,,,,,,,,,,,,,,,,,,,,,,,,,,,,,,,,,,,,,,,TN
1779,e210c2c7d93a2505bd5bfb24530f00b66d01a6cd,0.06589073366301412,autoland,4768104,12,53390121d39b212135aaffcd577053a14c7f0dff,linux1804-64-shippable-qr,True,False,,,102210fe594ee9b33d82058545b1ed14f4c8206e,custom.jsdebugger.stepOut.DAMP,damp,True,damp custom.jsdebugger.stepOut.DAMP opt e10s fission stylo webrender,4767202,77,ms,firefox,,1787571862,2023-11-02 08:58:01,1326063,,,,,,,,,,,,,,,,,,,,,,,,,,,,,,,,,,,,,,,,,,,,,,,,,TN
1780,3084ddd8f59dc74d30cc1d310b3d1be20882f9e2,0.04892255928881406,autoland,4768104,12,53390121d39b212135aaffcd577053a14c7f0dff,linux1804-64-shippable-qr,True,False,,,102210fe594ee9b33d82058545b1ed14f4c8206e,custom.jsdebugger.stepOut.DAMP,damp,True,damp custom.jsdebugger.stepOut.DAMP opt e10s fission stylo webrender,4767202,77,ms,firefox,,1787571483,2023-11-02 09:15:12,1326067,,,,,,,,,,,,,,,,,,,,,,,,,,,,,,,,,,,,,,,,,,,,,,,,,TN
1781,c655bf3d7fd2ce0d94a175306fb8466d689c6c29,0.05139270466680468,autoland,4768104,12,53390121d39b212135aaffcd577053a14c7f0dff,linux1804-64-shippable-qr,True,False,,,102210fe594ee9b33d82058545b1ed14f4c8206e,custom.jsdebugger.stepOut.DAMP,damp,True,damp custom.jsdebugger.stepOut.DAMP opt e10s fission stylo webrender,4767202,77,ms,firefox,,1787571806,2023-11-02 09:35:57,1326078,,,,,,,,,,,,,,,,,,,,,,,,,,,,,,,,,,,,,,,,,,,,,,,,,TN
1782,86b37d608b6dff619ef21dd6df25970d2f35504f,0.06863527306978612,autoland,4768104,12,53390121d39b212135aaffcd577053a14c7f0dff,linux1804-64-shippable-qr,True,False,,,102210fe594ee9b33d82058545b1ed14f4c8206e,custom.jsdebugger.stepOut.DAMP,damp,True,damp custom.jsdebugger.stepOut.DAMP opt e10s fission stylo webrender,4767202,77,ms,firefox,,1785944467,2023-11-02 10:56:45,1326103,,,,,,,,,,,,,,,,,,,,,,,,,,,,,,,,,,,,,,,,,,,,,,,,,TN
1783,6320d7617d1b38847345e9032d5feab0452bf60a,0.04989442947303657,autoland,4768104,12,53390121d39b212135aaffcd577053a14c7f0dff,linux1804-64-shippable-qr,True,False,,,102210fe594ee9b33d82058545b1ed14f4c8206e,custom.jsdebugger.stepOut.DAMP,damp,True,damp custom.jsdebugger.stepOut.DAMP opt e10s fission stylo webrender,4767202,77,ms,firefox,,1787572023,2023-11-02 11:52:04,1326119,,,,,,,,,,,,,,,,,,,,,,,,,,,,,,,,,,,,,,,,,,,,,,,,,TN
1784,59754ae1b71386535d42979e577deaaad4aa522f,0.05118421484356839,autoland,4768104,12,53390121d39b212135aaffcd577053a14c7f0dff,linux1804-64-shippable-qr,True,False,,,102210fe594ee9b33d82058545b1ed14f4c8206e,custom.jsdebugger.stepOut.DAMP,damp,True,damp custom.jsdebugger.stepOut.DAMP opt e10s fission stylo webrender,4767202,77,ms,firefox,,1785978959,2023-11-02 12:13:53,1326138,,,,,,,,,,,,,,,,,,,,,,,,,,,,,,,,,,,,,,,,,,,,,,,,,TN
1785,36f2efb02d4349901b7d36c17e45fd550a7aad2b,0.0578064970499631,autoland,4768104,12,53390121d39b212135aaffcd577053a14c7f0dff,linux1804-64-shippable-qr,True,False,,,102210fe594ee9b33d82058545b1ed14f4c8206e,custom.jsdebugger.stepOut.DAMP,damp,True,damp custom.jsdebugger.stepOut.DAMP opt e10s fission stylo webrender,4767202,77,ms,firefox,,1786439834,2023-11-03 01:11:05,1326640,,,,,,,,,,,,,,,,,,,,,,,,,,,,,,,,,,,,,,,,,,,,,,,,,TN
1786,74d7322a0dc48e7a0b87bca4351e9394d0b0205d,0.05577586886563701,autoland,4768104,12,53390121d39b212135aaffcd577053a14c7f0dff,linux1804-64-shippable-qr,True,False,,,102210fe594ee9b33d82058545b1ed14f4c8206e,custom.jsdebugger.stepOut.DAMP,damp,True,damp custom.jsdebugger.stepOut.DAMP opt e10s fission stylo webrender,4767202,77,ms,firefox,,1787572284,2023-11-03 01:52:04,1326655,,,,,,,,,,,,,,,,,,,,,,,,,,,,,,,,,,,,,,,,,,,,,,,,,TN
1787,7398cacb1ad3e7be98ad07eff3a56fd050025c48,0.05231158898673616,autoland,4768104,12,53390121d39b212135aaffcd577053a14c7f0dff,linux1804-64-shippable-qr,True,False,,,102210fe594ee9b33d82058545b1ed14f4c8206e,custom.jsdebugger.stepOut.DAMP,damp,True,damp custom.jsdebugger.stepOut.DAMP opt e10s fission stylo webrender,4767202,77,ms,firefox,,1786488702,2023-11-03 02:17:21,1326661,,,,,,,,,,,,,,,,,,,,,,,,,,,,,,,,,,,,,,,,,,,,,,,,,TN
1788,8be76292bf3f6acbc6d7d87935f7eb147bbf27ca,0.06341516142918857,autoland,4768104,12,53390121d39b212135aaffcd577053a14c7f0dff,linux1804-64-shippable-qr,True,False,,,102210fe594ee9b33d82058545b1ed14f4c8206e,custom.jsdebugger.stepOut.DAMP,damp,True,damp custom.jsdebugger.stepOut.DAMP opt e10s fission stylo webrender,4767202,77,ms,firefox,,1787572458,2023-11-03 04:08:25,1326703,,,,,,,,,,,,,,,,,,,,,,,,,,,,,,,,,,,,,,,,,,,,,,,,,TN
1789,4184b410e6d5681549f012fecc1f8b842e141b26,0.07354870178400386,autoland,4768104,12,53390121d39b212135aaffcd577053a14c7f0dff,linux1804-64-shippable-qr,True,False,,,102210fe594ee9b33d82058545b1ed14f4c8206e,custom.jsdebugger.stepOut.DAMP,damp,True,damp custom.jsdebugger.stepOut.DAMP opt e10s fission stylo webrender,4767202,77,ms,firefox,,1787572377,2023-11-03 04:20:42,1326704,,,,,,,,,,,,,,,,,,,,,,,,,,,,,,,,,,,,,,,,,,,,,,,,,TN
1790,66a36c6e56c8b40c4bbf326973befc12d3188b98,0.053613937001828704,autoland,4768104,12,53390121d39b212135aaffcd577053a14c7f0dff,linux1804-64-shippable-qr,True,False,,,102210fe594ee9b33d82058545b1ed14f4c8206e,custom.jsdebugger.stepOut.DAMP,damp,True,damp custom.jsdebugger.stepOut.DAMP opt e10s fission stylo webrender,4767202,77,ms,firefox,,1787572350,2023-11-03 04:51:35,1326712,,,,,,,,,,,,,,,,,,,,,,,,,,,,,,,,,,,,,,,,,,,,,,,,,TN
1791,63221dffde4f2b6c134c16fb540dea75d856626d,0.057375296497869654,autoland,4768104,12,53390121d39b212135aaffcd577053a14c7f0dff,linux1804-64-shippable-qr,True,False,,,102210fe594ee9b33d82058545b1ed14f4c8206e,custom.jsdebugger.stepOut.DAMP,damp,True,damp custom.jsdebugger.stepOut.DAMP opt e10s fission stylo webrender,4767202,77,ms,firefox,,1786560094,2023-11-03 06:29:48,1326720,,,,,,,,,,,,,,,,,,,,,,,,,,,,,,,,,,,,,,,,,,,,,,,,,TN
1792,fef2ab0f10caa08593c20e7febc4cec185670a4a,0.06143917588002523,autoland,4768104,12,53390121d39b212135aaffcd577053a14c7f0dff,linux1804-64-shippable-qr,True,False,,,102210fe594ee9b33d82058545b1ed14f4c8206e,custom.jsdebugger.stepOut.DAMP,damp,True,damp custom.jsdebugger.stepOut.DAMP opt e10s fission stylo webrender,4767202,77,ms,firefox,,1786691436,2023-11-03 09:45:55,1326769,,,,,,,,,,,,,,,,,,,,,,,,,,,,,,,,,,,,,,,,,,,,,,,,,TN
1793,db8c28afe588aab0cd434e280a4614c075350cde,0.052395347567488204,autoland,4768104,12,53390121d39b212135aaffcd577053a14c7f0dff,linux1804-64-shippable-qr,True,False,,,102210fe594ee9b33d82058545b1ed14f4c8206e,custom.jsdebugger.stepOut.DAMP,damp,True,damp custom.jsdebugger.stepOut.DAMP opt e10s fission stylo webrender,4767202,77,ms,firefox,,1786873022,2023-11-03 14:08:17,1326874,,,,,,,,,,,,,,,,,,,,,,,,,,,,,,,,,,,,,,,,,,,,,,,,,TN
1794,c1bbed9e33815cc111047e95375c6446ad566b5b,0.050469677178134664,autoland,4768104,12,53390121d39b212135aaffcd577053a14c7f0dff,linux1804-64-shippable-qr,True,False,,,102210fe594ee9b33d82058545b1ed14f4c8206e,custom.jsdebugger.stepOut.DAMP,damp,True,damp custom.jsdebugger.stepOut.DAMP opt e10s fission stylo webrender,4767202,77,ms,firefox,,1786917553,2023-11-03 15:30:02,1326932,,,,,,,,,,,,,,,,,,,,,,,,,,,,,,,,,,,,,,,,,,,,,,,,,TN
1795,3483c8458f12814829ccacc001ce04923ce9c601,0.0452721174914309,autoland,4768104,12,53390121d39b212135aaffcd577053a14c7f0dff,linux1804-64-shippable-qr,True,False,,,102210fe594ee9b33d82058545b1ed14f4c8206e,custom.jsdebugger.stepOut.DAMP,damp,True,damp custom.jsdebugger.stepOut.DAMP opt e10s fission stylo webrender,4767202,77,ms,firefox,,1786992061,2023-11-03 19:29:08,1327119,,,,,,,,,,,,,,,,,,,,,,,,,,,,,,,,,,,,,,,,,,,,,,,,,TN
1796,71b8373e6622cf42c02a4244f2c2629c6afed2db,0.08460710673051253,autoland,4768104,12,53390121d39b212135aaffcd577053a14c7f0dff,linux1804-64-shippable-qr,True,False,,,102210fe594ee9b33d82058545b1ed14f4c8206e,custom.jsdebugger.stepOut.DAMP,damp,True,damp custom.jsdebugger.stepOut.DAMP opt e10s fission stylo webrender,4767202,77,ms,firefox,,1787122949,2023-11-04 00:04:01,1327246,,,,,,,,,,,,,,,,,,,,,,,,,,,,,,,,,,,,,,,,,,,,,,,,,TN
1797,fa8ebe703963d027ce9185c21a4e7bdc98f8cd68,0.05186714817827642,autoland,4768104,12,53390121d39b212135aaffcd577053a14c7f0dff,linux1804-64-shippable-qr,True,False,,,102210fe594ee9b33d82058545b1ed14f4c8206e,custom.jsdebugger.stepOut.DAMP,damp,True,damp custom.jsdebugger.stepOut.DAMP opt e10s fission stylo webrender,4767202,77,ms,firefox,,1787139733,2023-11-04 01:35:30,1327271,,,,,,,,,,,,,,,,,,,,,,,,,,,,,,,,,,,,,,,,,,,,,,,,,TN
1798,f65c77517e3e8d32a23f3607a039a558abd2b12c,0.04684392350090327,autoland,4768104,12,53390121d39b212135aaffcd577053a14c7f0dff,linux1804-64-shippable-qr,True,False,,,102210fe594ee9b33d82058545b1ed14f4c8206e,custom.jsdebugger.stepOut.DAMP,damp,True,damp custom.jsdebugger.stepOut.DAMP opt e10s fission stylo webrender,4767202,77,ms,firefox,,1787222096,2023-11-04 08:24:01,1327306,,,,,,,,,,,,,,,,,,,,,,,,,,,,,,,,,,,,,,,,,,,,,,,,,TN
1799,90f5a1a99e4af4267d041ebe447fe2c0d6028eec,0.045597653326575505,autoland,4768104,12,53390121d39b212135aaffcd577053a14c7f0dff,linux1804-64-shippable-qr,True,False,,,102210fe594ee9b33d82058545b1ed14f4c8206e,custom.jsdebugger.stepOut.DAMP,damp,True,damp custom.jsdebugger.stepOut.DAMP opt e10s fission stylo webrender,4767202,77,ms,firefox,,1787389083,2023-11-04 14:15:16,1327379,,,,,,,,,,,,,,,,,,,,,,,,,,,,,,,,,,,,,,,,,,,,,,,,,TN
1800,55a02a6f1e91945e24618f64bd61b9f3a0beeea0,0.06527444275313332,autoland,4768104,12,53390121d39b212135aaffcd577053a14c7f0dff,linux1804-64-shippable-qr,True,False,,,102210fe594ee9b33d82058545b1ed14f4c8206e,custom.jsdebugger.stepOut.DAMP,damp,True,damp custom.jsdebugger.stepOut.DAMP opt e10s fission stylo webrender,4767202,77,ms,firefox,,1787443892,2023-11-04 18:45:40,1327418,,,,,,,,,,,,,,,,,,,,,,,,,,,,,,,,,,,,,,,,,,,,,,,,,TN
1801,c6d6218c85ae690d272c8b978051ec7c2718b1b2,0.043445636751545336,autoland,4768104,12,53390121d39b212135aaffcd577053a14c7f0dff,linux1804-64-shippable-qr,True,False,,,102210fe594ee9b33d82058545b1ed14f4c8206e,custom.jsdebugger.stepOut.DAMP,damp,True,damp custom.jsdebugger.stepOut.DAMP opt e10s fission stylo webrender,4767202,77,ms,firefox,,1787508329,2023-11-04 23:01:16,1327454,,,,,,,,,,,,,,,,,,,,,,,,,,,,,,,,,,,,,,,,,,,,,,,,,TN
1802,6e473b5825d2acd52739d9cc4cdec6ea5e26c9d1,0.07057347430956573,autoland,4768104,12,53390121d39b212135aaffcd577053a14c7f0dff,linux1804-64-shippable-qr,True,False,,,102210fe594ee9b33d82058545b1ed14f4c8206e,custom.jsdebugger.stepOut.DAMP,damp,True,damp custom.jsdebugger.stepOut.DAMP opt e10s fission stylo webrender,4767202,77,ms,firefox,,1787741618,2023-11-05 12:31:02,1327508,,,,,,,,,,,,,,,,,,,,,,,,,,,,,,,,,,,,,,,,,,,,,,,,,TN
1803,e4d362eebc148baf8432d0b013b6233995a2f16e,0.049804451171090225,autoland,4768104,12,53390121d39b212135aaffcd577053a14c7f0dff,linux1804-64-shippable-qr,True,False,,,102210fe594ee9b33d82058545b1ed14f4c8206e,custom.jsdebugger.stepOut.DAMP,damp,True,damp custom.jsdebugger.stepOut.DAMP opt e10s fission stylo webrender,4767202,77,ms,firefox,,1787878648,2023-11-05 17:15:11,1327546,,,,,,,,,,,,,,,,,,,,,,,,,,,,,,,,,,,,,,,,,,,,,,,,,TN
1804,1995198e0bee1b9f7d4ac3a5286fb89a8305fa28,0.05824967702360151,autoland,4768104,12,53390121d39b212135aaffcd577053a14c7f0dff,linux1804-64-shippable-qr,True,False,,,102210fe594ee9b33d82058545b1ed14f4c8206e,custom.jsdebugger.stepOut.DAMP,damp,True,damp custom.jsdebugger.stepOut.DAMP opt e10s fission stylo webrender,4767202,77,ms,firefox,,1787989666,2023-11-05 22:35:05,1327567,,,,,,,,,,,,,,,,,,,,,,,,,,,,,,,,,,,,,,,,,,,,,,,,,TN
1805,925231a8fb5eccf055afb3e9921596d8f990128b,0.04273458650155848,autoland,4768104,12,53390121d39b212135aaffcd577053a14c7f0dff,linux1804-64-shippable-qr,True,False,,,102210fe594ee9b33d82058545b1ed14f4c8206e,custom.jsdebugger.stepOut.DAMP,damp,True,damp custom.jsdebugger.stepOut.DAMP opt e10s fission stylo webrender,4767202,77,ms,firefox,,1788216076,2023-11-06 03:28:15,1327590,,,,,,,,,,,,,,,,,,,,,,,,,,,,,,,,,,,,,,,,,,,,,,,,,TN
1806,58f61f19462af6371405866cd0506983856d5433,0.051499381827247004,autoland,4768104,12,53390121d39b212135aaffcd577053a14c7f0dff,linux1804-64-shippable-qr,True,False,,,102210fe594ee9b33d82058545b1ed14f4c8206e,custom.jsdebugger.stepOut.DAMP,damp,True,damp custom.jsdebugger.stepOut.DAMP opt e10s fission stylo webrender,4767202,77,ms,firefox,,1788305693,2023-11-06 06:27:10,1327613,,,,,,,,,,,,,,,,,,,,,,,,,,,,,,,,,,,,,,,,,,,,,,,,,TN
1807,47130f8e8a79f36f7bea8cf4a4a19a3ef155e539,0.05330631813661546,autoland,4768104,12,53390121d39b212135aaffcd577053a14c7f0dff,linux1804-64-shippable-qr,True,False,,,102210fe594ee9b33d82058545b1ed14f4c8206e,custom.jsdebugger.stepOut.DAMP,damp,True,damp custom.jsdebugger.stepOut.DAMP opt e10s fission stylo webrender,4767202,77,ms,firefox,,1788430288,2023-11-06 10:22:32,1327714,,,,,,,,,,,,,,,,,,,,,,,,,,,,,,,,,,,,,,,,,,,,,,,,,TN
1808,6d5e2f6a296345f3afbeecf2e34bf0f7da7c7991,0.06465711257350182,autoland,4768104,12,53390121d39b212135aaffcd577053a14c7f0dff,linux1804-64-shippable-qr,True,False,,,102210fe594ee9b33d82058545b1ed14f4c8206e,custom.jsdebugger.stepOut.DAMP,damp,True,damp custom.jsdebugger.stepOut.DAMP opt e10s fission stylo webrender,4767202,77,ms,firefox,,1788782059,2023-11-06 17:39:09,1328028,,,,,,,,,,,,,,,,,,,,,,,,,,,,,,,,,,,,,,,,,,,,,,,,,TN
1809,cfad60e16bc9ffd1123a5eb881ba42aaa60b9b18,0.038321725121234884,autoland,4768104,12,53390121d39b212135aaffcd577053a14c7f0dff,linux1804-64-shippable-qr,True,False,,,102210fe594ee9b33d82058545b1ed14f4c8206e,custom.jsdebugger.stepOut.DAMP,damp,True,damp custom.jsdebugger.stepOut.DAMP opt e10s fission stylo webrender,4767202,77,ms,firefox,,1788855158,2023-11-06 20:45:17,1328100,,,,,,,,,,,,,,,,,,,,,,,,,,,,,,,,,,,,,,,,,,,,,,,,,TN
1810,05f23c29b41cfcb7bfe0b081854260fa6d04388f,0.04623750565315987,autoland,4768104,12,53390121d39b212135aaffcd577053a14c7f0dff,linux1804-64-shippable-qr,True,False,,,102210fe594ee9b33d82058545b1ed14f4c8206e,custom.jsdebugger.stepOut.DAMP,damp,True,damp custom.jsdebugger.stepOut.DAMP opt e10s fission stylo webrender,4767202,77,ms,firefox,,1788964387,2023-11-07 01:37:21,1328269,,,,,,,,,,,,,,,,,,,,,,,,,,,,,,,,,,,,,,,,,,,,,,,,,TN
1811,5f6163941f402e507f0d384b9904f2a425a28d57,0.0660712526250864,autoland,4768104,12,53390121d39b212135aaffcd577053a14c7f0dff,linux1804-64-shippable-qr,True,False,,,102210fe594ee9b33d82058545b1ed14f4c8206e,custom.jsdebugger.stepOut.DAMP,damp,True,damp custom.jsdebugger.stepOut.DAMP opt e10s fission stylo webrender,4767202,77,ms,firefox,,1789127414,2023-11-07 05:57:42,1328312,,,,,,,,,,,,,,,,,,,,,,,,,,,,,,,,,,,,,,,,,,,,,,,,,TN
1812,7a3978f0626b31f7d311cbc700a8ad6eef3c38a7,0.060236577885419695,autoland,4768104,12,53390121d39b212135aaffcd577053a14c7f0dff,linux1804-64-shippable-qr,True,False,,,102210fe594ee9b33d82058545b1ed14f4c8206e,custom.jsdebugger.stepOut.DAMP,damp,True,damp custom.jsdebugger.stepOut.DAMP opt e10s fission stylo webrender,4767202,77,ms,firefox,,1789167140,2023-11-07 07:13:43,1328322,,,,,,,,,,,,,,,,,,,,,,,,,,,,,,,,,,,,,,,,,,,,,,,,,TN
1813,3a6678776d36c32f58fe521d73f09bbc1478cbbb,0.0679610860938138,autoland,4768104,12,53390121d39b212135aaffcd577053a14c7f0dff,linux1804-64-shippable-qr,True,False,,,102210fe594ee9b33d82058545b1ed14f4c8206e,custom.jsdebugger.stepOut.DAMP,damp,True,damp custom.jsdebugger.stepOut.DAMP opt e10s fission stylo webrender,4767202,77,ms,firefox,,1789389968,2023-11-07 15:22:28,1328534,,,,,,,,,,,,,,,,,,,,,,,,,,,,,,,,,,,,,,,,,,,,,,,,,TN
1814,2f5322fade4338f844537e7e14979d023e4b7d48,0.05490140736426907,autoland,4768104,12,53390121d39b212135aaffcd577053a14c7f0dff,linux1804-64-shippable-qr,True,False,,,102210fe594ee9b33d82058545b1ed14f4c8206e,custom.jsdebugger.stepOut.DAMP,damp,True,damp custom.jsdebugger.stepOut.DAMP opt e10s fission stylo webrender,4767202,77,ms,firefox,,1789552903,2023-11-07 20:38:50,1328596,,,,,,,,,,,,,,,,,,,,,,,,,,,,,,,,,,,,,,,,,,,,,,,,,TN
1815,146ef5c46755802d7609ece035e0115301c936bd,0.04433614880971981,autoland,4768104,12,53390121d39b212135aaffcd577053a14c7f0dff,linux1804-64-shippable-qr,True,False,,,102210fe594ee9b33d82058545b1ed14f4c8206e,custom.jsdebugger.stepOut.DAMP,damp,True,damp custom.jsdebugger.stepOut.DAMP opt e10s fission stylo webrender,4767202,77,ms,firefox,,1789642806,2023-11-07 23:09:36,1328770,,,,,,,,,,,,,,,,,,,,,,,,,,,,,,,,,,,,,,,,,,,,,,,,,TN
1816,f6f5ec03cb7e2d98170d0f4650fd4239075302a1,0.05449463759881745,autoland,4768104,12,53390121d39b212135aaffcd577053a14c7f0dff,linux1804-64-shippable-qr,True,False,,,102210fe594ee9b33d82058545b1ed14f4c8206e,custom.jsdebugger.stepOut.DAMP,damp,True,damp custom.jsdebugger.stepOut.DAMP opt e10s fission stylo webrender,4767202,77,ms,firefox,,1789784277,2023-11-07 23:16:50,1328780,,,,,,,,,,,,,,,,,,,,,,,,,,,,,,,,,,,,,,,,,,,,,,,,,TN
1817,68721f0d6aec0facf9c8f271ea2bb2719348014a,0.06288030415638413,autoland,4768104,12,53390121d39b212135aaffcd577053a14c7f0dff,linux1804-64-shippable-qr,True,False,,,102210fe594ee9b33d82058545b1ed14f4c8206e,custom.jsdebugger.stepOut.DAMP,damp,True,damp custom.jsdebugger.stepOut.DAMP opt e10s fission stylo webrender,4767202,77,ms,firefox,,1789866035,2023-11-08 05:24:12,1328912,,,,,,,,,,,,,,,,,,,,,,,,,,,,,,,,,,,,,,,,,,,,,,,,,TN
1818,578787894d0e996af4d743caf71b5501330fb2ab,0.047725731923619286,autoland,4768104,12,53390121d39b212135aaffcd577053a14c7f0dff,linux1804-64-shippable-qr,True,False,,,102210fe594ee9b33d82058545b1ed14f4c8206e,custom.jsdebugger.stepOut.DAMP,damp,True,damp custom.jsdebugger.stepOut.DAMP opt e10s fission stylo webrender,4767202,77,ms,firefox,,1789978984,2023-11-08 09:44:01,1328973,,,,,,,,,,,,,,,,,,,,,,,,,,,,,,,,,,,,,,,,,,,,,,,,,TN
1819,e65fca949600e3163fd1befd6423958e0bc70029,0.0714720481596649,autoland,4768104,12,53390121d39b212135aaffcd577053a14c7f0dff,linux1804-64-shippable-qr,True,False,,,102210fe594ee9b33d82058545b1ed14f4c8206e,custom.jsdebugger.stepOut.DAMP,damp,True,damp custom.jsdebugger.stepOut.DAMP opt e10s fission stylo webrender,4767202,77,ms,firefox,,1790005359,2023-11-08 09:46:58,1328975,,,,,,,,,,,,,,,,,,,,,,,,,,,,,,,,,,,,,,,,,,,,,,,,,TN
1820,ae536a17c1ffbb830141240a38f81e032b6645ea,0.054929526266777495,autoland,4768104,12,53390121d39b212135aaffcd577053a14c7f0dff,linux1804-64-shippable-qr,True,False,,,102210fe594ee9b33d82058545b1ed14f4c8206e,custom.jsdebugger.stepOut.DAMP,damp,True,damp custom.jsdebugger.stepOut.DAMP opt e10s fission stylo webrender,4767202,77,ms,firefox,,1790101889,2023-11-08 13:41:28,1329115,,,,,,,,,,,,,,,,,,,,,,,,,,,,,,,,,,,,,,,,,,,,,,,,,TN
1821,f1fb5f0afb5896b5c30e6a9b1439a9c4de4a3db2,0.0637980339528994,autoland,4768104,12,53390121d39b212135aaffcd577053a14c7f0dff,linux1804-64-shippable-qr,True,False,,,102210fe594ee9b33d82058545b1ed14f4c8206e,custom.jsdebugger.stepOut.DAMP,damp,True,damp custom.jsdebugger.stepOut.DAMP opt e10s fission stylo webrender,4767202,77,ms,firefox,,1790197149,2023-11-08 17:45:21,1329261,,,,,,,,,,,,,,,,,,,,,,,,,,,,,,,,,,,,,,,,,,,,,,,,,TN
1822,9b044e3ed5981e128922152098934a6691bfcd97,0.05360122035455639,autoland,4768104,12,53390121d39b212135aaffcd577053a14c7f0dff,linux1804-64-shippable-qr,True,False,,,102210fe594ee9b33d82058545b1ed14f4c8206e,custom.jsdebugger.stepOut.DAMP,damp,True,damp custom.jsdebugger.stepOut.DAMP opt e10s fission stylo webrender,4767202,77,ms,firefox,,1790406292,2023-11-08 23:10:55,1329500,,,,,,,,,,,,,,,,,,,,,,,,,,,,,,,,,,,,,,,,,,,,,,,,,TN
1823,fd3f50f4dce00592f4da8f972037ced4a0c9f5be,0.062171516255511095,autoland,4768104,12,53390121d39b212135aaffcd577053a14c7f0dff,linux1804-64-shippable-qr,True,False,,,102210fe594ee9b33d82058545b1ed14f4c8206e,custom.jsdebugger.stepOut.DAMP,damp,True,damp custom.jsdebugger.stepOut.DAMP opt e10s fission stylo webrender,4767202,77,ms,firefox,,1790435100,2023-11-09 00:04:05,1329532,,,,,,,,,,,,,,,,,,,,,,,,,,,,,,,,,,,,,,,,,,,,,,,,,TN
1824,975206b939dc6e4f823a1a29c703dd586e4157b9,0.06197675651647239,autoland,4768104,12,53390121d39b212135aaffcd577053a14c7f0dff,linux1804-64-shippable-qr,True,False,,,102210fe594ee9b33d82058545b1ed14f4c8206e,custom.jsdebugger.stepOut.DAMP,damp,True,damp custom.jsdebugger.stepOut.DAMP opt e10s fission stylo webrender,4767202,77,ms,firefox,,1790640063,2023-11-09 04:14:58,1329628,,,,,,,,,,,,,,,,,,,,,,,,,,,,,,,,,,,,,,,,,,,,,,,,,TN
1825,d0c4fdebcd36de1f0361cb29103afbf36e498521,0.05606443958625873,autoland,4768104,12,53390121d39b212135aaffcd577053a14c7f0dff,linux1804-64-shippable-qr,True,False,,,102210fe594ee9b33d82058545b1ed14f4c8206e,custom.jsdebugger.stepOut.DAMP,damp,True,damp custom.jsdebugger.stepOut.DAMP opt e10s fission stylo webrender,4767202,77,ms,firefox,,1790742948,2023-11-09 08:18:01,1329688,,,,,,,,,,,,,,,,,,,,,,,,,,,,,,,,,,,,,,,,,,,,,,,,,TN
1826,5392006086fa6f66b9c2f5919b8c65d04cf44936,0.05744644871721394,autoland,4768104,12,53390121d39b212135aaffcd577053a14c7f0dff,linux1804-64-shippable-qr,True,False,,,102210fe594ee9b33d82058545b1ed14f4c8206e,custom.jsdebugger.stepOut.DAMP,damp,True,damp custom.jsdebugger.stepOut.DAMP opt e10s fission stylo webrender,4767202,77,ms,firefox,,1790760634,2023-11-09 08:32:31,1329693,,,,,,,,,,,,,,,,,,,,,,,,,,,,,,,,,,,,,,,,,,,,,,,,,TN
1827,0d25aa82c9421a1a0e1d9bf224094a9feaa083c0,0.05829143957003868,autoland,4768104,12,53390121d39b212135aaffcd577053a14c7f0dff,linux1804-64-shippable-qr,True,False,,,102210fe594ee9b33d82058545b1ed14f4c8206e,custom.jsdebugger.stepOut.DAMP,damp,True,damp custom.jsdebugger.stepOut.DAMP opt e10s fission stylo webrender,4767202,77,ms,firefox,,1790948522,2023-11-09 12:39:55,1329818,,,,,,,,,,,,,,,,,,,,,,,,,,,,,,,,,,,,,,,,,,,,,,,,,TN
1828,af9d30c92582a30a1e7987079e780e59aa69ab7b,0.06164279226357017,autoland,4768104,12,53390121d39b212135aaffcd577053a14c7f0dff,linux1804-64-shippable-qr,True,False,,,102210fe594ee9b33d82058545b1ed14f4c8206e,custom.jsdebugger.stepOut.DAMP,damp,True,damp custom.jsdebugger.stepOut.DAMP opt e10s fission stylo webrender,4767202,77,ms,firefox,,1791013142,2023-11-09 13:52:13,1329843,,,,,,,,,,,,,,,,,,,,,,,,,,,,,,,,,,,,,,,,,,,,,,,,,TN
1829,1eda7f37f458e81d7c275eb0a3e1959cdfdb5053,0.05896160359843583,autoland,4768104,12,53390121d39b212135aaffcd577053a14c7f0dff,linux1804-64-shippable-qr,True,False,,,102210fe594ee9b33d82058545b1ed14f4c8206e,custom.jsdebugger.stepOut.DAMP,damp,True,damp custom.jsdebugger.stepOut.DAMP opt e10s fission stylo webrender,4767202,77,ms,firefox,,1791154603,2023-11-09 18:06:54,1329987,,,,,,,,,,,,,,,,,,,,,,,,,,,,,,,,,,,,,,,,,,,,,,,,,TN
1830,938e6fc607623834483a5ab95019520814f10ee8,0.08049734647221629,autoland,4768104,12,53390121d39b212135aaffcd577053a14c7f0dff,linux1804-64-shippable-qr,True,False,,,102210fe594ee9b33d82058545b1ed14f4c8206e,custom.jsdebugger.stepOut.DAMP,damp,True,damp custom.jsdebugger.stepOut.DAMP opt e10s fission stylo webrender,4767202,77,ms,firefox,,1791208485,2023-11-09 18:57:17,1330029,,,,,,,,,,,,,,,,,,,,,,,,,,,,,,,,,,,,,,,,,,,,,,,,,TN
1831,d3aff5d6c69730c6f26eb54b7e24fdd203480069,0.05249091070222334,autoland,4768104,12,53390121d39b212135aaffcd577053a14c7f0dff,linux1804-64-shippable-qr,True,False,,,102210fe594ee9b33d82058545b1ed14f4c8206e,custom.jsdebugger.stepOut.DAMP,damp,True,damp custom.jsdebugger.stepOut.DAMP opt e10s fission stylo webrender,4767202,77,ms,firefox,,1791461881,2023-11-09 23:53:27,1330185,,,,,,,,,,,,,,,,,,,,,,,,,,,,,,,,,,,,,,,,,,,,,,,,,TN
1832,543c915fc8c6775cd665ad6ebe58df0f46e9198c,0.060258955965295624,autoland,4768104,12,53390121d39b212135aaffcd577053a14c7f0dff,linux1804-64-shippable-qr,True,False,,,102210fe594ee9b33d82058545b1ed14f4c8206e,custom.jsdebugger.stepOut.DAMP,damp,True,damp custom.jsdebugger.stepOut.DAMP opt e10s fission stylo webrender,4767202,77,ms,firefox,,1791379063,2023-11-10 00:18:00,1330200,,,,,,,,,,,,,,,,,,,,,,,,,,,,,,,,,,,,,,,,,,,,,,,,,TN
1833,5fcc529533b87c657e0dd95ea8cdd37f7cbac5c0,0.060749571745355335,autoland,4768104,12,53390121d39b212135aaffcd577053a14c7f0dff,linux1804-64-shippable-qr,True,False,,,102210fe594ee9b33d82058545b1ed14f4c8206e,custom.jsdebugger.stepOut.DAMP,damp,True,damp custom.jsdebugger.stepOut.DAMP opt e10s fission stylo webrender,4767202,77,ms,firefox,,1791588517,2023-11-10 06:00:15,1330263,,,,,,,,,,,,,,,,,,,,,,,,,,,,,,,,,,,,,,,,,,,,,,,,,TN
1834,2033848fe740a46b19d19b2689365e6d5122d399,0.062469328627304255,autoland,4768104,12,53390121d39b212135aaffcd577053a14c7f0dff,linux1804-64-shippable-qr,True,False,,,102210fe594ee9b33d82058545b1ed14f4c8206e,custom.jsdebugger.stepOut.DAMP,damp,True,damp custom.jsdebugger.stepOut.DAMP opt e10s fission stylo webrender,4767202,77,ms,firefox,,1791742780,2023-11-10 10:16:47,1330353,,,,,,,,,,,,,,,,,,,,,,,,,,,,,,,,,,,,,,,,,,,,,,,,,TN
1835,e2c6fa08aa82b40d8316fc19e08ea45be70e9292,0.047702934559026966,autoland,4768104,12,53390121d39b212135aaffcd577053a14c7f0dff,linux1804-64-shippable-qr,True,False,,,102210fe594ee9b33d82058545b1ed14f4c8206e,custom.jsdebugger.stepOut.DAMP,damp,True,damp custom.jsdebugger.stepOut.DAMP opt e10s fission stylo webrender,4767202,77,ms,firefox,,1791812866,2023-11-10 14:18:06,1330451,,,,,,,,,,,,,,,,,,,,,,,,,,,,,,,,,,,,,,,,,,,,,,,,,TN
1836,f90b853d9b0b112db86ff41fcce843afb13939ce,0.06555163963053168,autoland,4768104,12,53390121d39b212135aaffcd577053a14c7f0dff,linux1804-64-shippable-qr,True,False,,,102210fe594ee9b33d82058545b1ed14f4c8206e,custom.jsdebugger.stepOut.DAMP,damp,True,damp custom.jsdebugger.stepOut.DAMP opt e10s fission stylo webrender,4767202,77,ms,firefox,,1791842422,2023-11-10 14:48:51,1330467,,,,,,,,,,,,,,,,,,,,,,,,,,,,,,,,,,,,,,,,,,,,,,,,,TN
1837,740891aba7f0d05a95960669bd6efe7b25177226,0.047289105509314755,autoland,4768104,12,53390121d39b212135aaffcd577053a14c7f0dff,linux1804-64-shippable-qr,True,False,,,102210fe594ee9b33d82058545b1ed14f4c8206e,custom.jsdebugger.stepOut.DAMP,damp,True,damp custom.jsdebugger.stepOut.DAMP opt e10s fission stylo webrender,4767202,77,ms,firefox,,1792126098,2023-11-10 23:46:31,1330635,,,,,,,,,,,,,,,,,,,,,,,,,,,,,,,,,,,,,,,,,,,,,,,,,TN
1838,94bbd4bd056a20549029ecbc07c9a4b5da968789,0.0706096500360821,autoland,4768104,12,53390121d39b212135aaffcd577053a14c7f0dff,linux1804-64-shippable-qr,True,False,,,102210fe594ee9b33d82058545b1ed14f4c8206e,custom.jsdebugger.stepOut.DAMP,damp,True,damp custom.jsdebugger.stepOut.DAMP opt e10s fission stylo webrender,4767202,77,ms,firefox,,1792296105,2023-11-11 06:55:04,1330673,,,,,,,,,,,,,,,,,,,,,,,,,,,,,,,,,,,,,,,,,,,,,,,,,TN
1839,29fb30143955ee92cd789fd467326c47f82f7968,0.05927417836913951,autoland,4768104,12,53390121d39b212135aaffcd577053a14c7f0dff,linux1804-64-shippable-qr,True,False,,,102210fe594ee9b33d82058545b1ed14f4c8206e,custom.jsdebugger.stepOut.DAMP,damp,True,damp custom.jsdebugger.stepOut.DAMP opt e10s fission stylo webrender,4767202,77,ms,firefox,,1792332113,2023-11-11 08:27:10,1330680,,,,,,,,,,,,,,,,,,,,,,,,,,,,,,,,,,,,,,,,,,,,,,,,,TN
1840,81243364a707b159122b0c5ee8e682567162117c,0.052494833299514654,autoland,4768104,12,53390121d39b212135aaffcd577053a14c7f0dff,linux1804-64-shippable-qr,True,False,,,102210fe594ee9b33d82058545b1ed14f4c8206e,custom.jsdebugger.stepOut.DAMP,damp,True,damp custom.jsdebugger.stepOut.DAMP opt e10s fission stylo webrender,4767202,77,ms,firefox,,1792461530,2023-11-11 12:34:55,1330712,,,,,,,,,,,,,,,,,,,,,,,,,,,,,,,,,,,,,,,,,,,,,,,,,TN
1841,3c8320ef59532128e1a7589968f497f0efcabbaf,0.06311545532115592,autoland,4768104,12,53390121d39b212135aaffcd577053a14c7f0dff,linux1804-64-shippable-qr,True,False,,,102210fe594ee9b33d82058545b1ed14f4c8206e,custom.jsdebugger.stepOut.DAMP,damp,True,damp custom.jsdebugger.stepOut.DAMP opt e10s fission stylo webrender,4767202,77,ms,firefox,,1792724648,2023-11-11 23:06:06,1330750,,,,,,,,,,,,,,,,,,,,,,,,,,,,,,,,,,,,,,,,,,,,,,,,,TN
1842,43bee97ffb8cfcea7412fb86386ea2cb2a1b9b49,0.058422462070398695,autoland,4768104,12,53390121d39b212135aaffcd577053a14c7f0dff,linux1804-64-shippable-qr,True,False,,,102210fe594ee9b33d82058545b1ed14f4c8206e,custom.jsdebugger.stepOut.DAMP,damp,True,damp custom.jsdebugger.stepOut.DAMP opt e10s fission stylo webrender,4767202,77,ms,firefox,,1792792099,2023-11-12 05:45:19,1330766,,,,,,,,,,,,,,,,,,,,,,,,,,,,,,,,,,,,,,,,,,,,,,,,,TN
1843,d68a6ba486ef601df24a7ea9a992917d2c8a9598,0.043952662262461084,autoland,4768104,12,53390121d39b212135aaffcd577053a14c7f0dff,linux1804-64-shippable-qr,True,False,,,102210fe594ee9b33d82058545b1ed14f4c8206e,custom.jsdebugger.stepOut.DAMP,damp,True,damp custom.jsdebugger.stepOut.DAMP opt e10s fission stylo webrender,4767202,77,ms,firefox,,1794383245,2023-11-12 11:30:11,1330797,,,,,,,,,,,,,,,,,,,,,,,,,,,,,,,,,,,,,,,,,,,,,,,,,TN
1844,d1d810748ed71beee0d4a26b38218709dce52656,0.05300096658836784,autoland,4768104,12,53390121d39b212135aaffcd577053a14c7f0dff,linux1804-64-shippable-qr,True,False,,,102210fe594ee9b33d82058545b1ed14f4c8206e,custom.jsdebugger.stepOut.DAMP,damp,True,damp custom.jsdebugger.stepOut.DAMP opt e10s fission stylo webrender,4767202,77,ms,firefox,,1794417140,2023-11-12 19:03:11,1330835,,,,,,,,,,,,,,,,,,,,,,,,,,,,,,,,,,,,,,,,,,,,,,,,,TN
1845,83cdf13e881cda7a9e5f06d00979c72ec9e7c225,0.05858118518205202,autoland,4768104,12,53390121d39b212135aaffcd577053a14c7f0dff,linux1804-64-shippable-qr,True,False,,,102210fe594ee9b33d82058545b1ed14f4c8206e,custom.jsdebugger.stepOut.DAMP,damp,True,damp custom.jsdebugger.stepOut.DAMP opt e10s fission stylo webrender,4767202,77,ms,firefox,,1794383111,2023-11-12 21:38:20,1330846,,,,,,,,,,,,,,,,,,,,,,,,,,,,,,,,,,,,,,,,,,,,,,,,,TN
1846,211dc86c8f534a950af69434fa996976b566a6a0,0.05575430998063613,autoland,4768104,12,53390121d39b212135aaffcd577053a14c7f0dff,linux1804-64-shippable-qr,True,False,,,102210fe594ee9b33d82058545b1ed14f4c8206e,custom.jsdebugger.stepOut.DAMP,damp,True,damp custom.jsdebugger.stepOut.DAMP opt e10s fission stylo webrender,4767202,77,ms,firefox,,1793082985,2023-11-13 00:59:12,1330865,,,,,,,,,,,,,,,,,,,,,,,,,,,,,,,,,,,,,,,,,,,,,,,,,TN
1847,ff2400205932f8f2ee88d4b4f2680628e060434f,0.05270149198110241,autoland,4768104,12,53390121d39b212135aaffcd577053a14c7f0dff,linux1804-64-shippable-qr,True,False,,,102210fe594ee9b33d82058545b1ed14f4c8206e,custom.jsdebugger.stepOut.DAMP,damp,True,damp custom.jsdebugger.stepOut.DAMP opt e10s fission stylo webrender,4767202,77,ms,firefox,,1794418225,2023-11-13 04:03:30,1330876,,,,,,,,,,,,,,,,,,,,,,,,,,,,,,,,,,,,,,,,,,,,,,,,,TN
1848,c0721eba6c488a85b50352b993a0a5824ba558b0,0.0568208490904063,autoland,4768104,12,53390121d39b212135aaffcd577053a14c7f0dff,linux1804-64-shippable-qr,True,False,,,102210fe594ee9b33d82058545b1ed14f4c8206e,custom.jsdebugger.stepOut.DAMP,damp,True,damp custom.jsdebugger.stepOut.DAMP opt e10s fission stylo webrender,4767202,77,ms,firefox,,1794385435,2023-11-13 07:06:03,1330900,,,,,,,,,,,,,,,,,,,,,,,,,,,,,,,,,,,,,,,,,,,,,,,,,TN
1849,7507533a8488cd572013c4719fd17aca5c7da0ae,0.0634741851923667,autoland,4768104,12,53390121d39b212135aaffcd577053a14c7f0dff,linux1804-64-shippable-qr,True,False,,,102210fe594ee9b33d82058545b1ed14f4c8206e,custom.jsdebugger.stepOut.DAMP,damp,True,damp custom.jsdebugger.stepOut.DAMP opt e10s fission stylo webrender,4767202,77,ms,firefox,,1794389152,2023-11-13 08:50:08,1330917,,,,,,,,,,,,,,,,,,,,,,,,,,,,,,,,,,,,,,,,,,,,,,,,,TN
1850,aa3a38a793889d7f4f3ad832d66513356d7559c2,0.04613228804077574,autoland,4768104,12,53390121d39b212135aaffcd577053a14c7f0dff,linux1804-64-shippable-qr,True,False,,,102210fe594ee9b33d82058545b1ed14f4c8206e,custom.jsdebugger.stepOut.DAMP,damp,True,damp custom.jsdebugger.stepOut.DAMP opt e10s fission stylo webrender,4767202,77,ms,firefox,,1794391368,2023-11-13 08:59:16,1330921,,,,,,,,,,,,,,,,,,,,,,,,,,,,,,,,,,,,,,,,,,,,,,,,,TN
1851,a54c3ee7f62bcbe4b7ddb86dcdb1b41fa24a08ef,0.05589153729872187,autoland,4768104,12,53390121d39b212135aaffcd577053a14c7f0dff,linux1804-64-shippable-qr,True,False,,,102210fe594ee9b33d82058545b1ed14f4c8206e,custom.jsdebugger.stepOut.DAMP,damp,True,damp custom.jsdebugger.stepOut.DAMP opt e10s fission stylo webrender,4767202,77,ms,firefox,,1794391511,2023-11-13 09:02:04,1330923,,,,,,,,,,,,,,,,,,,,,,,,,,,,,,,,,,,,,,,,,,,,,,,,,TN
1852,25308a5c7e551cda7c3cfd77836eff8610462eae,0.05533811823173951,autoland,4768104,12,53390121d39b212135aaffcd577053a14c7f0dff,linux1804-64-shippable-qr,True,False,,,102210fe594ee9b33d82058545b1ed14f4c8206e,custom.jsdebugger.stepOut.DAMP,damp,True,damp custom.jsdebugger.stepOut.DAMP opt e10s fission stylo webrender,4767202,77,ms,firefox,,1793222961,2023-11-13 10:08:58,1330949,,,,,,,,,,,,,,,,,,,,,,,,,,,,,,,,,,,,,,,,,,,,,,,,,TN
1853,5267712127239e25cdd9b0660316bf30e40f7a6a,0.046757387904080794,autoland,4768104,12,53390121d39b212135aaffcd577053a14c7f0dff,linux1804-64-shippable-qr,True,False,,,102210fe594ee9b33d82058545b1ed14f4c8206e,custom.jsdebugger.stepOut.DAMP,damp,True,damp custom.jsdebugger.stepOut.DAMP opt e10s fission stylo webrender,4767202,77,ms,firefox,,1794393881,2023-11-13 12:35:49,1331005,,,,,,,,,,,,,,,,,,,,,,,,,,,,,,,,,,,,,,,,,,,,,,,,,TN
1854,ce6856251eaa02f379783c4f935d3b673c501780,0.05771161649491807,autoland,4768104,12,53390121d39b212135aaffcd577053a14c7f0dff,linux1804-64-shippable-qr,True,False,,,102210fe594ee9b33d82058545b1ed14f4c8206e,custom.jsdebugger.stepOut.DAMP,damp,True,damp custom.jsdebugger.stepOut.DAMP opt e10s fission stylo webrender,4767202,77,ms,firefox,,1794430330,2023-11-13 13:00:51,1331014,,,,,,,,,,,,,,,,,,,,,,,,,,,,,,,,,,,,,,,,,,,,,,,,,TN
1855,9235dd274b5422828ea8722ec02de247e79d886e,0.0576226178487792,autoland,4768104,12,53390121d39b212135aaffcd577053a14c7f0dff,linux1804-64-shippable-qr,True,False,,,102210fe594ee9b33d82058545b1ed14f4c8206e,custom.jsdebugger.stepOut.DAMP,damp,True,damp custom.jsdebugger.stepOut.DAMP opt e10s fission stylo webrender,4767202,77,ms,firefox,,1794438760,2023-11-13 13:03:48,1331017,,,,,,,,,,,,,,,,,,,,,,,,,,,,,,,,,,,,,,,,,,,,,,,,,TN
1856,dde9233b385dc4c9e2f748f5ba03e9d8888815f1,0.053502777866606066,autoland,4768104,12,53390121d39b212135aaffcd577053a14c7f0dff,linux1804-64-shippable-qr,True,False,,,102210fe594ee9b33d82058545b1ed14f4c8206e,custom.jsdebugger.stepOut.DAMP,damp,True,damp custom.jsdebugger.stepOut.DAMP opt e10s fission stylo webrender,4767202,77,ms,firefox,,1794417836,2023-11-13 13:08:21,1331020,,,,,,,,,,,,,,,,,,,,,,,,,,,,,,,,,,,,,,,,,,,,,,,,,TN
1857,831d33e388b2e90d6908ce10862102a7f8924a97,0.05437970291399952,autoland,4768104,12,53390121d39b212135aaffcd577053a14c7f0dff,linux1804-64-shippable-qr,True,False,,,102210fe594ee9b33d82058545b1ed14f4c8206e,custom.jsdebugger.stepOut.DAMP,damp,True,damp custom.jsdebugger.stepOut.DAMP opt e10s fission stylo webrender,4767202,77,ms,firefox,,1794382603,2023-11-13 13:09:16,1331021,,,,,,,,,,,,,,,,,,,,,,,,,,,,,,,,,,,,,,,,,,,,,,,,,TN
1858,f89142d3759df747afb0859de271aabd81e5191d,0.06955830453272716,autoland,4768104,12,53390121d39b212135aaffcd577053a14c7f0dff,linux1804-64-shippable-qr,True,False,,,102210fe594ee9b33d82058545b1ed14f4c8206e,custom.jsdebugger.stepOut.DAMP,damp,True,damp custom.jsdebugger.stepOut.DAMP opt e10s fission stylo webrender,4767202,77,ms,firefox,,1794417893,2023-11-13 13:32:52,1331031,,,,,,,,,,,,,,,,,,,,,,,,,,,,,,,,,,,,,,,,,,,,,,,,,TN
1859,076ac3911ce97e80547b7576a608d0faf34afa0b,0.05080813036071441,autoland,4768104,12,53390121d39b212135aaffcd577053a14c7f0dff,linux1804-64-shippable-qr,True,False,,,102210fe594ee9b33d82058545b1ed14f4c8206e,custom.jsdebugger.stepOut.DAMP,damp,True,damp custom.jsdebugger.stepOut.DAMP opt e10s fission stylo webrender,4767202,77,ms,firefox,,1794307899,2023-11-13 13:46:12,1331038,,,,,,,,,,,,,,,,,,,,,,,,,,,,,,,,,,,,,,,,,,,,,,,,,TN
1860,3344f9adce95adb868093dd5732c536e6d291805,0.0,autoland,4768104,12,53390121d39b212135aaffcd577053a14c7f0dff,linux1804-64-shippable-qr,True,False,,,102210fe594ee9b33d82058545b1ed14f4c8206e,custom.jsdebugger.stepOut.DAMP,damp,True,damp custom.jsdebugger.stepOut.DAMP opt e10s fission stylo webrender,4767202,77,ms,firefox,,1794299594,2023-11-13 13:55:57,1331044,,,,,,,,,,,,,,,,,,,,,,,,,,,,,,,,,,,,,,,,,,,,,,,,,TN
1861,69230ff99fdf9f440bef8c61123bce26e14c86b0,0.05432401951882215,autoland,4768104,12,53390121d39b212135aaffcd577053a14c7f0dff,linux1804-64-shippable-qr,True,False,,,102210fe594ee9b33d82058545b1ed14f4c8206e,custom.jsdebugger.stepOut.DAMP,damp,True,damp custom.jsdebugger.stepOut.DAMP opt e10s fission stylo webrender,4767202,77,ms,firefox,,1794306586,2023-11-13 14:06:51,1331048,,,,,,,,,,,,,,,,,,,,,,,,,,,,,,,,,,,,,,,,,,,,,,,,,TN
1862,54d191b31d03235c75592d07a8c538749933a18f,0.051803426836632416,autoland,4768104,12,53390121d39b212135aaffcd577053a14c7f0dff,linux1804-64-shippable-qr,True,False,,,102210fe594ee9b33d82058545b1ed14f4c8206e,custom.jsdebugger.stepOut.DAMP,damp,True,damp custom.jsdebugger.stepOut.DAMP opt e10s fission stylo webrender,4767202,77,ms,firefox,,1793335881,2023-11-13 14:09:58,1331049,,,,,,,,,,,,,,,,,,,,,,,,,,,,,,,,,,,,,,,,,,,,,,,,,TN
1863,1781728737c9b104a86a21f0fcaa80c003f3bc55,0.05821324296997765,autoland,4768104,12,53390121d39b212135aaffcd577053a14c7f0dff,linux1804-64-shippable-qr,True,False,,,102210fe594ee9b33d82058545b1ed14f4c8206e,custom.jsdebugger.stepOut.DAMP,damp,True,damp custom.jsdebugger.stepOut.DAMP opt e10s fission stylo webrender,4767202,77,ms,firefox,,1794378880,2023-11-13 14:48:17,1331068,,,,,,,,,,,,,,,,,,,,,,,,,,,,,,,,,,,,,,,,,,,,,,,,,TN
1864,77d585308870d4fadd0796db612190685a890ad0,0.01272730815596912,autoland,4768104,12,53390121d39b212135aaffcd577053a14c7f0dff,linux1804-64-shippable-qr,True,False,,,102210fe594ee9b33d82058545b1ed14f4c8206e,custom.jsdebugger.stepOut.DAMP,damp,True,damp custom.jsdebugger.stepOut.DAMP opt e10s fission stylo webrender,4767202,77,ms,firefox,,1794369377,2023-11-13 14:55:36,1331076,,,,,,,,,,,,,,,,,,,,,,,,,,,,,,,,,,,,,,,,,,,,,,,,,TN
1865,6be4d18604b2c0abd83f51842afbe281928c1f1f,0.04670181479459801,autoland,4768104,12,53390121d39b212135aaffcd577053a14c7f0dff,linux1804-64-shippable-qr,True,False,,,102210fe594ee9b33d82058545b1ed14f4c8206e,custom.jsdebugger.stepOut.DAMP,damp,True,damp custom.jsdebugger.stepOut.DAMP opt e10s fission stylo webrender,4767202,77,ms,firefox,,1794384031,2023-11-13 14:56:58,1331077,,,,,,,,,,,,,,,,,,,,,,,,,,,,,,,,,,,,,,,,,,,,,,,,,TN
1866,cfed378ac68a939af572cb075759d07f8db56741,0.055345701125033675,autoland,4768104,12,53390121d39b212135aaffcd577053a14c7f0dff,linux1804-64-shippable-qr,True,False,,,102210fe594ee9b33d82058545b1ed14f4c8206e,custom.jsdebugger.stepOut.DAMP,damp,True,damp custom.jsdebugger.stepOut.DAMP opt e10s fission stylo webrender,4767202,77,ms,firefox,,1794376802,2023-11-13 14:57:57,1331083,,,,,,,,,,,,,,,,,,,,,,,,,,,,,,,,,,,,,,,,,,,,,,,,,TN
1867,840d16ce4247f9b5677d5c2309b617fb02fe2f4b,0.04756179259213844,autoland,4768104,12,53390121d39b212135aaffcd577053a14c7f0dff,linux1804-64-shippable-qr,True,False,,,102210fe594ee9b33d82058545b1ed14f4c8206e,custom.jsdebugger.stepOut.DAMP,damp,True,damp custom.jsdebugger.stepOut.DAMP opt e10s fission stylo webrender,4767202,77,ms,firefox,,1794403681,2023-11-13 14:58:58,1331084,,,,,,,,,,,,,,,,,,,,,,,,,,,,,,,,,,,,,,,,,,,,,,,,,TN
1868,b9da4d65ad73f952f4c24b49ca9b9e748186ee98,0.06226750662337843,autoland,4768104,12,53390121d39b212135aaffcd577053a14c7f0dff,linux1804-64-shippable-qr,True,False,,,102210fe594ee9b33d82058545b1ed14f4c8206e,custom.jsdebugger.stepOut.DAMP,damp,True,damp custom.jsdebugger.stepOut.DAMP opt e10s fission stylo webrender,4767202,77,ms,firefox,,1794393219,2023-11-13 14:59:58,1331085,,,,,,,,,,,,,,,,,,,,,,,,,,,,,,,,,,,,,,,,,,,,,,,,,TN
1869,70f361f21a24a6e9fc53cb014e28172d360fa851,0.07330236605031593,autoland,4768104,12,53390121d39b212135aaffcd577053a14c7f0dff,linux1804-64-shippable-qr,True,False,,,102210fe594ee9b33d82058545b1ed14f4c8206e,custom.jsdebugger.stepOut.DAMP,damp,True,damp custom.jsdebugger.stepOut.DAMP opt e10s fission stylo webrender,4767202,77,ms,firefox,,1793382710,2023-11-13 15:01:04,1331086,,,,,,,,,,,,,,,,,,,,,,,,,,,,,,,,,,,,,,,,,,,,,,,,,TN
1870,0f3651957c2db1d28aec1bb8ec32503bb14c2837,0.05381295913762563,autoland,4768104,12,53390121d39b212135aaffcd577053a14c7f0dff,linux1804-64-shippable-qr,True,False,,,102210fe594ee9b33d82058545b1ed14f4c8206e,custom.jsdebugger.stepOut.DAMP,damp,True,damp custom.jsdebugger.stepOut.DAMP opt e10s fission stylo webrender,4767202,77,ms,firefox,,1794517208,2023-11-13 17:13:32,1331173,,,,,,,,,,,,,,,,,,,,,,,,,,,,,,,,,,,,,,,,,,,,,,,,,TN
1871,6d0521c404cef671e6ca834076c649b40e93f1dd,0.055503733708512026,autoland,4768104,12,53390121d39b212135aaffcd577053a14c7f0dff,linux1804-64-shippable-qr,True,False,,,102210fe594ee9b33d82058545b1ed14f4c8206e,custom.jsdebugger.stepOut.DAMP,damp,True,damp custom.jsdebugger.stepOut.DAMP opt e10s fission stylo webrender,4767202,77,ms,firefox,,1794517021,2023-11-13 17:16:04,1331175,,,,,,,,,,,,,,,,,,,,,,,,,,,,,,,,,,,,,,,,,,,,,,,,,TN
1872,7a8e15839713af5558ae63bcf186f4e5a68bdccc,0.05232434736366576,autoland,4768104,12,53390121d39b212135aaffcd577053a14c7f0dff,linux1804-64-shippable-qr,True,False,,,102210fe594ee9b33d82058545b1ed14f4c8206e,custom.jsdebugger.stepOut.DAMP,damp,True,damp custom.jsdebugger.stepOut.DAMP opt e10s fission stylo webrender,4767202,77,ms,firefox,,1794506855,2023-11-13 17:52:33,1331192,,,,,,,,,,,,,,,,,,,,,,,,,,,,,,,,,,,,,,,,,,,,,,,,,TN
1873,f6d59e68442d4e8fc895d59de77277f823c50fe2,0.062228719806183386,autoland,4768104,12,53390121d39b212135aaffcd577053a14c7f0dff,linux1804-64-shippable-qr,True,False,,,102210fe594ee9b33d82058545b1ed14f4c8206e,custom.jsdebugger.stepOut.DAMP,damp,True,damp custom.jsdebugger.stepOut.DAMP opt e10s fission stylo webrender,4767202,77,ms,firefox,,1794515830,2023-11-13 17:59:47,1331196,,,,,,,,,,,,,,,,,,,,,,,,,,,,,,,,,,,,,,,,,,,,,,,,,TN
1874,b46da975c447b8d8aae76d675d8bc2fdeaa167b9,0.0578147694779203,autoland,4768104,12,53390121d39b212135aaffcd577053a14c7f0dff,linux1804-64-shippable-qr,True,False,,,102210fe594ee9b33d82058545b1ed14f4c8206e,custom.jsdebugger.stepOut.DAMP,damp,True,damp custom.jsdebugger.stepOut.DAMP opt e10s fission stylo webrender,4767202,77,ms,firefox,,1794503433,2023-11-13 18:00:44,1331197,,,,,,,,,,,,,,,,,,,,,,,,,,,,,,,,,,,,,,,,,,,,,,,,,TN
1875,d9e5f946ca168007ca7c03170015d98c9544131d,0.059340056741953306,autoland,4768104,12,53390121d39b212135aaffcd577053a14c7f0dff,linux1804-64-shippable-qr,True,False,,,102210fe594ee9b33d82058545b1ed14f4c8206e,custom.jsdebugger.stepOut.DAMP,damp,True,damp custom.jsdebugger.stepOut.DAMP opt e10s fission stylo webrender,4767202,77,ms,firefox,,1794525563,2023-11-13 18:13:57,1331199,,,,,,,,,,,,,,,,,,,,,,,,,,,,,,,,,,,,,,,,,,,,,,,,,TN
1876,e15eb2715a41ff495de88291a522e333e4bd1c20,0.055648452511980584,autoland,4768104,12,53390121d39b212135aaffcd577053a14c7f0dff,linux1804-64-shippable-qr,True,False,,,102210fe594ee9b33d82058545b1ed14f4c8206e,custom.jsdebugger.stepOut.DAMP,damp,True,damp custom.jsdebugger.stepOut.DAMP opt e10s fission stylo webrender,4767202,77,ms,firefox,,1794504990,2023-11-13 18:16:22,1331200,,,,,,,,,,,,,,,,,,,,,,,,,,,,,,,,,,,,,,,,,,,,,,,,,TN
1877,a517db1d17abb3981cb2c0e94ff986ecfe64211d,0.06470713661861582,autoland,4768104,12,53390121d39b212135aaffcd577053a14c7f0dff,linux1804-64-shippable-qr,True,False,,,102210fe594ee9b33d82058545b1ed14f4c8206e,custom.jsdebugger.stepOut.DAMP,damp,True,damp custom.jsdebugger.stepOut.DAMP opt e10s fission stylo webrender,4767202,77,ms,firefox,,1794529178,2023-11-13 18:28:25,1331211,,,,,,,,,,,,,,,,,,,,,,,,,,,,,,,,,,,,,,,,,,,,,,,,,TN
1878,a9c17170dc67a2eadcc232de8951561f2705f17e,0.06688455668110138,autoland,4768104,12,53390121d39b212135aaffcd577053a14c7f0dff,linux1804-64-shippable-qr,True,False,,,102210fe594ee9b33d82058545b1ed14f4c8206e,custom.jsdebugger.stepOut.DAMP,damp,True,damp custom.jsdebugger.stepOut.DAMP opt e10s fission stylo webrender,4767202,77,ms,firefox,,1794509286,2023-11-13 18:31:54,1331214,,,,,,,,,,,,,,,,,,,,,,,,,,,,,,,,,,,,,,,,,,,,,,,,,TN
1879,9850dc0fc0707517b3a304d673f219842e499cac,0.05030755607179627,autoland,4768104,12,53390121d39b212135aaffcd577053a14c7f0dff,linux1804-64-shippable-qr,True,False,,,102210fe594ee9b33d82058545b1ed14f4c8206e,custom.jsdebugger.stepOut.DAMP,damp,True,damp custom.jsdebugger.stepOut.DAMP opt e10s fission stylo webrender,4767202,77,ms,firefox,,1793546125,2023-11-13 18:41:52,1331218,,,,,,,,,,,,,,,,,,,,,,,,,,,,,,,,,,,,,,,,,,,,,,,,,TN
1880,84b819718cdd9c935911a9d3866e76afb22359b0,0.05167957589341099,autoland,4768104,12,53390121d39b212135aaffcd577053a14c7f0dff,linux1804-64-shippable-qr,True,False,,,102210fe594ee9b33d82058545b1ed14f4c8206e,custom.jsdebugger.stepOut.DAMP,damp,True,damp custom.jsdebugger.stepOut.DAMP opt e10s fission stylo webrender,4767202,77,ms,firefox,,1794516125,2023-11-13 20:34:55,1331285,,,,,,,,,,,,,,,,,,,,,,,,,,,,,,,,,,,,,,,,,,,,,,,,,TN
1881,b664e70108821ebdf6175c33368d3eaa819211c1,0.05306097497503881,autoland,4768104,12,53390121d39b212135aaffcd577053a14c7f0dff,linux1804-64-shippable-qr,True,False,,,102210fe594ee9b33d82058545b1ed14f4c8206e,custom.jsdebugger.stepOut.DAMP,damp,True,damp custom.jsdebugger.stepOut.DAMP opt e10s fission stylo webrender,4767202,77,ms,firefox,,1794518053,2023-11-13 20:42:34,1331294,,,,,,,,,,,,,,,,,,,,,,,,,,,,,,,,,,,,,,,,,,,,,,,,,TN
1882,724cb235ebece9f1faae376b31683b5549091993,0.07607182507791999,autoland,4768104,12,53390121d39b212135aaffcd577053a14c7f0dff,linux1804-64-shippable-qr,True,False,,,102210fe594ee9b33d82058545b1ed14f4c8206e,custom.jsdebugger.stepOut.DAMP,damp,True,damp custom.jsdebugger.stepOut.DAMP opt e10s fission stylo webrender,4767202,77,ms,firefox,,1794504240,2023-11-13 20:54:14,1331307,,,,,,,,,,,,,,,,,,,,,,,,,,,,,,,,,,,,,,,,,,,,,,,,,TN
1883,0994bfd5c469882915c9232ce2c8cffc10c07333,0.057510134290390647,autoland,4768104,12,53390121d39b212135aaffcd577053a14c7f0dff,linux1804-64-shippable-qr,True,False,,,102210fe594ee9b33d82058545b1ed14f4c8206e,custom.jsdebugger.stepOut.DAMP,damp,True,damp custom.jsdebugger.stepOut.DAMP opt e10s fission stylo webrender,4767202,77,ms,firefox,,1794514452,2023-11-13 21:01:15,1331310,,,,,,,,,,,,,,,,,,,,,,,,,,,,,,,,,,,,,,,,,,,,,,,,,TN
1884,79bbdf38c2c1f86ba31b2a6df127bc88aa057410,0.052226911357725836,autoland,4768104,12,53390121d39b212135aaffcd577053a14c7f0dff,linux1804-64-shippable-qr,True,False,,,102210fe594ee9b33d82058545b1ed14f4c8206e,custom.jsdebugger.stepOut.DAMP,damp,True,damp custom.jsdebugger.stepOut.DAMP opt e10s fission stylo webrender,4767202,77,ms,firefox,,1794530508,2023-11-13 21:11:26,1331318,,,,,,,,,,,,,,,,,,,,,,,,,,,,,,,,,,,,,,,,,,,,,,,,,TN
1885,b3f2d352c6a345e96a2b5163950c40b6916e3687,0.07324871549046552,autoland,4768104,12,53390121d39b212135aaffcd577053a14c7f0dff,linux1804-64-shippable-qr,True,False,,,102210fe594ee9b33d82058545b1ed14f4c8206e,custom.jsdebugger.stepOut.DAMP,damp,True,damp custom.jsdebugger.stepOut.DAMP opt e10s fission stylo webrender,4767202,77,ms,firefox,,1794508635,2023-11-13 22:01:19,1331353,,,,,,,,,,,,,,,,,,,,,,,,,,,,,,,,,,,,,,,,,,,,,,,,,TN
1886,3a47d98933202b92426dfe7862465c490b253a76,0.05697675246267542,autoland,4768104,12,53390121d39b212135aaffcd577053a14c7f0dff,linux1804-64-shippable-qr,True,False,,,102210fe594ee9b33d82058545b1ed14f4c8206e,custom.jsdebugger.stepOut.DAMP,damp,True,damp custom.jsdebugger.stepOut.DAMP opt e10s fission stylo webrender,4767202,77,ms,firefox,,1794516797,2023-11-13 22:05:38,1331356,,,,,,,,,,,,,,,,,,,,,,,,,,,,,,,,,,,,,,,,,,,,,,,,,TN
1887,3bb582099447298dfaf779c47e8652f7e5632507,0.0639574307020111,autoland,4768104,12,53390121d39b212135aaffcd577053a14c7f0dff,linux1804-64-shippable-qr,True,False,,,102210fe594ee9b33d82058545b1ed14f4c8206e,custom.jsdebugger.stepOut.DAMP,damp,True,damp custom.jsdebugger.stepOut.DAMP opt e10s fission stylo webrender,4767202,77,ms,firefox,,1794508962,2023-11-13 22:06:32,1331357,,,,,,,,,,,,,,,,,,,,,,,,,,,,,,,,,,,,,,,,,,,,,,,,,TN
1888,0700c200f3178f4e2bacb02ee708f3f7871bae22,0.04942170085591335,autoland,4768104,12,53390121d39b212135aaffcd577053a14c7f0dff,linux1804-64-shippable-qr,True,False,,,102210fe594ee9b33d82058545b1ed14f4c8206e,custom.jsdebugger.stepOut.DAMP,damp,True,damp custom.jsdebugger.stepOut.DAMP opt e10s fission stylo webrender,4767202,77,ms,firefox,,1794508869,2023-11-13 22:32:21,1331373,,,,,,,,,,,,,,,,,,,,,,,,,,,,,,,,,,,,,,,,,,,,,,,,,TN
1889,9d523f46c7d8642d6601894c5166ddcd17b6388a,0.07464644779840912,autoland,4768104,12,53390121d39b212135aaffcd577053a14c7f0dff,linux1804-64-shippable-qr,True,False,,,102210fe594ee9b33d82058545b1ed14f4c8206e,custom.jsdebugger.stepOut.DAMP,damp,True,damp custom.jsdebugger.stepOut.DAMP opt e10s fission stylo webrender,4767202,77,ms,firefox,,1793689689,2023-11-13 22:35:59,1331378,,,,,,,,,,,,,,,,,,,,,,,,,,,,,,,,,,,,,,,,,,,,,,,,,TN
1890,eba28f362c365fcdbd942b027da1255c6485cbb7,0.05189371811179555,autoland,4768104,12,53390121d39b212135aaffcd577053a14c7f0dff,linux1804-64-shippable-qr,True,False,,,102210fe594ee9b33d82058545b1ed14f4c8206e,custom.jsdebugger.stepOut.DAMP,damp,True,damp custom.jsdebugger.stepOut.DAMP opt e10s fission stylo webrender,4767202,77,ms,firefox,,1795146996,2023-11-13 23:30:42,1331412,,,,,,,,,,,,,,,,,,,,,,,,,,,,,,,,,,,,,,,,,,,,,,,,,TN
1891,81ff244b9258cbd0f276f9a2d57613d9055d9be9,0.06267346166504284,autoland,4768104,12,53390121d39b212135aaffcd577053a14c7f0dff,linux1804-64-shippable-qr,True,False,,,102210fe594ee9b33d82058545b1ed14f4c8206e,custom.jsdebugger.stepOut.DAMP,damp,True,damp custom.jsdebugger.stepOut.DAMP opt e10s fission stylo webrender,4767202,77,ms,firefox,,1795147511,2023-11-14 00:58:18,1331443,,,,,,,,,,,,,,,,,,,,,,,,,,,,,,,,,,,,,,,,,,,,,,,,,TN
1892,9ec09eb75c9fccfa2cb565ca5dc58811d8a909f6,0.0663734972935216,autoland,4768104,12,53390121d39b212135aaffcd577053a14c7f0dff,linux1804-64-shippable-qr,True,False,,,102210fe594ee9b33d82058545b1ed14f4c8206e,custom.jsdebugger.stepOut.DAMP,damp,True,damp custom.jsdebugger.stepOut.DAMP opt e10s fission stylo webrender,4767202,77,ms,firefox,,1795147141,2023-11-14 01:02:30,1331445,,,,,,,,,,,,,,,,,,,,,,,,,,,,,,,,,,,,,,,,,,,,,,,,,TN
1893,70fb53e3c7bec8789cfa5ea7cd292d49da25df0b,0.04864892235719609,autoland,4768104,12,53390121d39b212135aaffcd577053a14c7f0dff,linux1804-64-shippable-qr,True,False,,,102210fe594ee9b33d82058545b1ed14f4c8206e,custom.jsdebugger.stepOut.DAMP,damp,True,damp custom.jsdebugger.stepOut.DAMP opt e10s fission stylo webrender,4767202,77,ms,firefox,,1795146853,2023-11-14 01:03:21,1331446,,,,,,,,,,,,,,,,,,,,,,,,,,,,,,,,,,,,,,,,,,,,,,,,,TN
1894,a53c4356e8d1c5e50250a47b1df87b7b4c20f593,0.06763050393858405,autoland,4768104,12,53390121d39b212135aaffcd577053a14c7f0dff,linux1804-64-shippable-qr,True,False,,,102210fe594ee9b33d82058545b1ed14f4c8206e,custom.jsdebugger.stepOut.DAMP,damp,True,damp custom.jsdebugger.stepOut.DAMP opt e10s fission stylo webrender,4767202,77,ms,firefox,,1795147200,2023-11-14 01:04:17,1331447,,,,,,,,,,,,,,,,,,,,,,,,,,,,,,,,,,,,,,,,,,,,,,,,,TN
1895,07fec736c4e75b4eb83c6d8168890dd39f6de50c,0.04111661446262027,autoland,4768104,12,53390121d39b212135aaffcd577053a14c7f0dff,linux1804-64-shippable-qr,True,False,,,102210fe594ee9b33d82058545b1ed14f4c8206e,custom.jsdebugger.stepOut.DAMP,damp,True,damp custom.jsdebugger.stepOut.DAMP opt e10s fission stylo webrender,4767202,77,ms,firefox,,1794919375,2023-11-14 01:07:23,1331448,,,,,,,,,,,,,,,,,,,,,,,,,,,,,,,,,,,,,,,,,,,,,,,,,TN
1896,d59f9cc1a49d6f370420cc8e5fd8c1cac1bf5f4b,0.060094122424692586,autoland,4768104,12,53390121d39b212135aaffcd577053a14c7f0dff,linux1804-64-shippable-qr,True,False,,,102210fe594ee9b33d82058545b1ed14f4c8206e,custom.jsdebugger.stepOut.DAMP,damp,True,damp custom.jsdebugger.stepOut.DAMP opt e10s fission stylo webrender,4767202,77,ms,firefox,,1794920223,2023-11-14 02:10:55,1331463,,,,,,,,,,,,,,,,,,,,,,,,,,,,,,,,,,,,,,,,,,,,,,,,,TN
1897,d480c0708b8f8bbbd277a6b9c4878502aa102c65,0.055707744537695225,autoland,4768104,12,53390121d39b212135aaffcd577053a14c7f0dff,linux1804-64-shippable-qr,True,False,,,102210fe594ee9b33d82058545b1ed14f4c8206e,custom.jsdebugger.stepOut.DAMP,damp,True,damp custom.jsdebugger.stepOut.DAMP opt e10s fission stylo webrender,4767202,77,ms,firefox,,1794919769,2023-11-14 02:14:44,1331464,,,,,,,,,,,,,,,,,,,,,,,,,,,,,,,,,,,,,,,,,,,,,,,,,TN
1898,b6c4e5d85bca72018513c1ac409ad3d7beddc281,0.07056105970627713,autoland,4768104,12,53390121d39b212135aaffcd577053a14c7f0dff,linux1804-64-shippable-qr,True,False,,,102210fe594ee9b33d82058545b1ed14f4c8206e,custom.jsdebugger.stepOut.DAMP,damp,True,damp custom.jsdebugger.stepOut.DAMP opt e10s fission stylo webrender,4767202,77,ms,firefox,,1794920762,2023-11-14 02:34:47,1331468,,,,,,,,,,,,,,,,,,,,,,,,,,,,,,,,,,,,,,,,,,,,,,,,,TN
1899,2628fd55e661366941f56769829687c53da4669b,0.04230979544164615,autoland,4768104,12,53390121d39b212135aaffcd577053a14c7f0dff,linux1804-64-shippable-qr,True,False,,,102210fe594ee9b33d82058545b1ed14f4c8206e,custom.jsdebugger.stepOut.DAMP,damp,True,damp custom.jsdebugger.stepOut.DAMP opt e10s fission stylo webrender,4767202,77,ms,firefox,,1793781433,2023-11-14 03:20:13,1331480,,,,,,,,,,,,,,,,,,,,,,,,,,,,,,,,,,,,,,,,,,,,,,,,,TN
1900,7519c7ad189bf4e5fffc4bd9d166df59e5984d22,0.06386501717059356,autoland,4768104,12,53390121d39b212135aaffcd577053a14c7f0dff,linux1804-64-shippable-qr,True,False,,,102210fe594ee9b33d82058545b1ed14f4c8206e,custom.jsdebugger.stepOut.DAMP,damp,True,damp custom.jsdebugger.stepOut.DAMP opt e10s fission stylo webrender,4767202,77,ms,firefox,,1794920418,2023-11-14 04:52:40,1331493,,,,,,,,,,,,,,,,,,,,,,,,,,,,,,,,,,,,,,,,,,,,,,,,,TN
1901,bcab6edcc8928dc30211c9d880f5b712ed5aa97f,0.056405134749843544,autoland,4768104,12,53390121d39b212135aaffcd577053a14c7f0dff,linux1804-64-shippable-qr,True,False,,,102210fe594ee9b33d82058545b1ed14f4c8206e,custom.jsdebugger.stepOut.DAMP,damp,True,damp custom.jsdebugger.stepOut.DAMP opt e10s fission stylo webrender,4767202,77,ms,firefox,,1794919825,2023-11-14 05:00:28,1331494,,,,,,,,,,,,,,,,,,,,,,,,,,,,,,,,,,,,,,,,,,,,,,,,,TN
1902,81c46dfe35a0d3afc98d4c47ed0c0718053f2118,0.06021386646420157,autoland,4768104,12,53390121d39b212135aaffcd577053a14c7f0dff,linux1804-64-shippable-qr,True,False,,,102210fe594ee9b33d82058545b1ed14f4c8206e,custom.jsdebugger.stepOut.DAMP,damp,True,damp custom.jsdebugger.stepOut.DAMP opt e10s fission stylo webrender,4767202,77,ms,firefox,,1794920324,2023-11-14 05:45:25,1331505,,,,,,,,,,,,,,,,,,,,,,,,,,,,,,,,,,,,,,,,,,,,,,,,,TN
1903,839befe903d4f2831853f5ce1f07f4dc74fa823d,0.04640091243348832,autoland,4768104,12,53390121d39b212135aaffcd577053a14c7f0dff,linux1804-64-shippable-qr,True,False,,,102210fe594ee9b33d82058545b1ed14f4c8206e,custom.jsdebugger.stepOut.DAMP,damp,True,damp custom.jsdebugger.stepOut.DAMP opt e10s fission stylo webrender,4767202,77,ms,firefox,,1794920049,2023-11-14 05:59:14,1331508,,,,,,,,,,,,,,,,,,,,,,,,,,,,,,,,,,,,,,,,,,,,,,,,,TN
1904,acdcddac0b907d2e59d6d0fa1f96fff98453093a,0.0566908410206175,autoland,4768104,12,53390121d39b212135aaffcd577053a14c7f0dff,linux1804-64-shippable-qr,True,False,,,102210fe594ee9b33d82058545b1ed14f4c8206e,custom.jsdebugger.stepOut.DAMP,damp,True,damp custom.jsdebugger.stepOut.DAMP opt e10s fission stylo webrender,4767202,77,ms,firefox,,1793840170,2023-11-14 06:06:45,1331509,,,,,,,,,,,,,,,,,,,,,,,,,,,,,,,,,,,,,,,,,,,,,,,,,TN
1905,707903afea9fc2c77b81cc4b0beab064796c1134,0.05790676819567231,autoland,4768104,12,53390121d39b212135aaffcd577053a14c7f0dff,linux1804-64-shippable-qr,True,False,,,102210fe594ee9b33d82058545b1ed14f4c8206e,custom.jsdebugger.stepOut.DAMP,damp,True,damp custom.jsdebugger.stepOut.DAMP opt e10s fission stylo webrender,4767202,77,ms,firefox,,1794921462,2023-11-14 06:14:35,1331512,,,,,,,,,,,,,,,,,,,,,,,,,,,,,,,,,,,,,,,,,,,,,,,,,TN
1906,8379e077baa212d81c2ebc867c7ffa81a1bd57a3,0.07464772850451129,autoland,4768104,12,53390121d39b212135aaffcd577053a14c7f0dff,linux1804-64-shippable-qr,True,False,,,102210fe594ee9b33d82058545b1ed14f4c8206e,custom.jsdebugger.stepOut.DAMP,damp,True,damp custom.jsdebugger.stepOut.DAMP opt e10s fission stylo webrender,4767202,77,ms,firefox,,1794921365,2023-11-14 07:28:56,1331531,,,,,,,,,,,,,,,,,,,,,,,,,,,,,,,,,,,,,,,,,,,,,,,,,TN
1907,e0fe7816165c374f138575fb20aaff25f889f0bf,0.9947674052002973,autoland,4768104,12,53390121d39b212135aaffcd577053a14c7f0dff,linux1804-64-shippable-qr,True,False,,,102210fe594ee9b33d82058545b1ed14f4c8206e,custom.jsdebugger.stepOut.DAMP,damp,True,damp custom.jsdebugger.stepOut.DAMP opt e10s fission stylo webrender,4767202,77,ms,firefox,,1794925139,2023-11-14 07:39:11,1331538,,,,,,,,,,,,,,,,,,,,,,,,,,,,,,,,,,,,,,,,,,,,,,,,,TN
1908,10cd68a0c91a41b9bab3eb30a77dace458df349b,0.949820590552714,autoland,4768104,12,53390121d39b212135aaffcd577053a14c7f0dff,linux1804-64-shippable-qr,True,False,,,102210fe594ee9b33d82058545b1ed14f4c8206e,custom.jsdebugger.stepOut.DAMP,damp,True,damp custom.jsdebugger.stepOut.DAMP opt e10s fission stylo webrender,4767202,77,ms,firefox,,1794926219,2023-11-14 08:19:43,1331550,,,,,,,,,,,,,,,,,,,,,,,,,,,,,,,,,,,,,,,,,,,,,,,,,TN
1909,1a89f1897f63b225b954c47bc3f75da1f600f6dd,0.9293026499080335,autoland,4768104,12,53390121d39b212135aaffcd577053a14c7f0dff,linux1804-64-shippable-qr,True,False,,,102210fe594ee9b33d82058545b1ed14f4c8206e,custom.jsdebugger.stepOut.DAMP,damp,True,damp custom.jsdebugger.stepOut.DAMP opt e10s fission stylo webrender,4767202,77,ms,firefox,,1794026809,2023-11-14 08:31:24,1331553,927.8,mozilla-ldap/nchevobbe@mozilla.com,acdcddac0b907d2e59d6d0fa1f96fff98453093a,40243.0,88.47,492.27,2023-12-06 11:11:16.890946,12.0,12.0,,,,1331509.0,2.0,2.0,,,,2023-11-22 15:23:52.869824,,1.0,435.53,183881.0,,,40243.0,,True,False,nchevobbe@mozilla.com,,,,2023-11-15 15:23:52.869824,,,OUTLIERS,40241.0,,,,False,,35.97,damp,,,2023-11-20 15:23:52.869824,TP
1910,4267cbd5b7f51082667154391eb655f84fa1acc6,0.9581645397710825,autoland,4768104,12,53390121d39b212135aaffcd577053a14c7f0dff,linux1804-64-shippable-qr,True,False,,,102210fe594ee9b33d82058545b1ed14f4c8206e,custom.jsdebugger.stepOut.DAMP,damp,True,damp custom.jsdebugger.stepOut.DAMP opt e10s fission stylo webrender,4767202,77,ms,firefox,,1794029532,2023-11-14 09:11:33,1331574,,,,,,,,,,,,,,,,,,,,,,,,,,,,,,,,,,,,,,,,,,,,,,,,,TN
1911,b9ca7370b3032bbe0b7a6aaee912330b17597856,0.938276978300919,autoland,4768104,12,53390121d39b212135aaffcd577053a14c7f0dff,linux1804-64-shippable-qr,True,False,,,102210fe594ee9b33d82058545b1ed14f4c8206e,custom.jsdebugger.stepOut.DAMP,damp,True,damp custom.jsdebugger.stepOut.DAMP opt e10s fission stylo webrender,4767202,77,ms,firefox,,1794026943,2023-11-14 09:24:21,1331582,,,,,,,,,,,,,,,,,,,,,,,,,,,,,,,,,,,,,,,,,,,,,,,,,TN
1912,4ff808cdba05527fc407dce4cdc420605116bdb6,0.9542146770190714,autoland,4768104,12,53390121d39b212135aaffcd577053a14c7f0dff,linux1804-64-shippable-qr,True,False,,,102210fe594ee9b33d82058545b1ed14f4c8206e,custom.jsdebugger.stepOut.DAMP,damp,True,damp custom.jsdebugger.stepOut.DAMP opt e10s fission stylo webrender,4767202,77,ms,firefox,,1794027012,2023-11-14 09:26:32,1331588,,,,,,,,,,,,,,,,,,,,,,,,,,,,,,,,,,,,,,,,,,,,,,,,,TN
1913,b7e3e75ad2942ec73d5a7f3e9f93027ca2d5c239,0.9430125895582262,autoland,4768104,12,53390121d39b212135aaffcd577053a14c7f0dff,linux1804-64-shippable-qr,True,False,,,102210fe594ee9b33d82058545b1ed14f4c8206e,custom.jsdebugger.stepOut.DAMP,damp,True,damp custom.jsdebugger.stepOut.DAMP opt e10s fission stylo webrender,4767202,77,ms,firefox,,1794044367,2023-11-14 09:35:36,1331600,,,,,,,,,,,,,,,,,,,,,,,,,,,,,,,,,,,,,,,,,,,,,,,,,TN
1914,4566fbeec9d3a3afd3856693d0c9c49c2a9cee89,0.956287936623101,autoland,4768104,12,53390121d39b212135aaffcd577053a14c7f0dff,linux1804-64-shippable-qr,True,False,,,102210fe594ee9b33d82058545b1ed14f4c8206e,custom.jsdebugger.stepOut.DAMP,damp,True,damp custom.jsdebugger.stepOut.DAMP opt e10s fission stylo webrender,4767202,77,ms,firefox,,1793992642,2023-11-14 09:46:55,1331608,,,,,,,,,,,,,,,,,,,,,,,,,,,,,,,,,,,,,,,,,,,,,,,,,TN
1915,ea21f63481837ae2ddd436b3849aeb13a03b31d2,0.9406109882896281,autoland,4768104,12,53390121d39b212135aaffcd577053a14c7f0dff,linux1804-64-shippable-qr,True,False,,,102210fe594ee9b33d82058545b1ed14f4c8206e,custom.jsdebugger.stepOut.DAMP,damp,True,damp custom.jsdebugger.stepOut.DAMP opt e10s fission stylo webrender,4767202,77,ms,firefox,,1795583246,2023-11-14 17:22:49,1331857,,,,,,,,,,,,,,,,,,,,,,,,,,,,,,,,,,,,,,,,,,,,,,,,,TN
1916,30d4156d4c466847bcf67b44d5b45f0c41e33774,0.9398868199919206,autoland,4768104,12,53390121d39b212135aaffcd577053a14c7f0dff,linux1804-64-shippable-qr,True,False,,,102210fe594ee9b33d82058545b1ed14f4c8206e,custom.jsdebugger.stepOut.DAMP,damp,True,damp custom.jsdebugger.stepOut.DAMP opt e10s fission stylo webrender,4767202,77,ms,firefox,,1795583093,2023-11-14 17:24:31,1331859,,,,,,,,,,,,,,,,,,,,,,,,,,,,,,,,,,,,,,,,,,,,,,,,,TN
1917,45c7b95c532301a2e5206583f6d85e16dc4f5694,0.9495041344175787,autoland,4768104,12,53390121d39b212135aaffcd577053a14c7f0dff,linux1804-64-shippable-qr,True,False,,,102210fe594ee9b33d82058545b1ed14f4c8206e,custom.jsdebugger.stepOut.DAMP,damp,True,damp custom.jsdebugger.stepOut.DAMP opt e10s fission stylo webrender,4767202,77,ms,firefox,,1795583710,2023-11-14 17:25:30,1331861,,,,,,,,,,,,,,,,,,,,,,,,,,,,,,,,,,,,,,,,,,,,,,,,,TN
1918,61e622def2f666f6a590b260226abb773eb8d24d,0.9319881973457977,autoland,4768104,12,53390121d39b212135aaffcd577053a14c7f0dff,linux1804-64-shippable-qr,True,False,,,102210fe594ee9b33d82058545b1ed14f4c8206e,custom.jsdebugger.stepOut.DAMP,damp,True,damp custom.jsdebugger.stepOut.DAMP opt e10s fission stylo webrender,4767202,77,ms,firefox,,1795582868,2023-11-14 17:26:26,1331862,,,,,,,,,,,,,,,,,,,,,,,,,,,,,,,,,,,,,,,,,,,,,,,,,TN
1919,4709e5a4cb51ac6f239cf0ddb94add1180095c52,0.9375381469609216,autoland,4768104,12,53390121d39b212135aaffcd577053a14c7f0dff,linux1804-64-shippable-qr,True,False,,,102210fe594ee9b33d82058545b1ed14f4c8206e,custom.jsdebugger.stepOut.DAMP,damp,True,damp custom.jsdebugger.stepOut.DAMP opt e10s fission stylo webrender,4767202,77,ms,firefox,,1795583618,2023-11-14 17:27:22,1331863,,,,,,,,,,,,,,,,,,,,,,,,,,,,,,,,,,,,,,,,,,,,,,,,,TN
1920,6e3468f3239c5e5e8e90f07f6890e5dee6c977e8,0.9436671098950318,autoland,4768104,12,53390121d39b212135aaffcd577053a14c7f0dff,linux1804-64-shippable-qr,True,False,,,102210fe594ee9b33d82058545b1ed14f4c8206e,custom.jsdebugger.stepOut.DAMP,damp,True,damp custom.jsdebugger.stepOut.DAMP opt e10s fission stylo webrender,4767202,77,ms,firefox,,1795583301,2023-11-14 17:28:13,1331866,,,,,,,,,,,,,,,,,,,,,,,,,,,,,,,,,,,,,,,,,,,,,,,,,TN
1921,011100eb7c154c46d79d941ed45a74c3f17eeac8,0.9332849048885707,autoland,4768104,12,53390121d39b212135aaffcd577053a14c7f0dff,linux1804-64-shippable-qr,True,False,,,102210fe594ee9b33d82058545b1ed14f4c8206e,custom.jsdebugger.stepOut.DAMP,damp,True,damp custom.jsdebugger.stepOut.DAMP opt e10s fission stylo webrender,4767202,77,ms,firefox,,1795583357,2023-11-14 17:55:36,1331884,,,,,,,,,,,,,,,,,,,,,,,,,,,,,,,,,,,,,,,,,,,,,,,,,TN
1922,fb7b6fc608af4116fcc99a1003dfafc5bb78818a,0.9669480707648435,autoland,4768104,12,53390121d39b212135aaffcd577053a14c7f0dff,linux1804-64-shippable-qr,True,False,,,102210fe594ee9b33d82058545b1ed14f4c8206e,custom.jsdebugger.stepOut.DAMP,damp,True,damp custom.jsdebugger.stepOut.DAMP opt e10s fission stylo webrender,4767202,77,ms,firefox,,1795583702,2023-11-14 18:30:36,1331903,,,,,,,,,,,,,,,,,,,,,,,,,,,,,,,,,,,,,,,,,,,,,,,,,TN
1923,2eaa5bb6d57fe2d073702a67ab5ba6d092b70315,0.9604535998546289,autoland,4768104,12,53390121d39b212135aaffcd577053a14c7f0dff,linux1804-64-shippable-qr,True,False,,,102210fe594ee9b33d82058545b1ed14f4c8206e,custom.jsdebugger.stepOut.DAMP,damp,True,damp custom.jsdebugger.stepOut.DAMP opt e10s fission stylo webrender,4767202,77,ms,firefox,,1795583562,2023-11-14 18:31:37,1331905,,,,,,,,,,,,,,,,,,,,,,,,,,,,,,,,,,,,,,,,,,,,,,,,,TN
1924,cee24679e2a2e085bdefdbd66106fa1a805db56d,0.9469498648265842,autoland,4768104,12,53390121d39b212135aaffcd577053a14c7f0dff,linux1804-64-shippable-qr,True,False,,,102210fe594ee9b33d82058545b1ed14f4c8206e,custom.jsdebugger.stepOut.DAMP,damp,True,damp custom.jsdebugger.stepOut.DAMP opt e10s fission stylo webrender,4767202,77,ms,firefox,,1794233869,2023-11-14 18:32:45,1331906,,,,,,,,,,,,,,,,,,,,,,,,,,,,,,,,,,,,,,,,,,,,,,,,,TN
1925,9789c50c44328c0a15cc252dce0faea2ec27bc89,0.9894254575676025,autoland,4768104,12,53390121d39b212135aaffcd577053a14c7f0dff,linux1804-64-shippable-qr,True,False,,,102210fe594ee9b33d82058545b1ed14f4c8206e,custom.jsdebugger.stepOut.DAMP,damp,True,damp custom.jsdebugger.stepOut.DAMP opt e10s fission stylo webrender,4767202,77,ms,firefox,,1795627198,2023-11-14 19:02:02,1331928,,,,,,,,,,,,,,,,,,,,,,,,,,,,,,,,,,,,,,,,,,,,,,,,,TN
1926,b38cb7d8dc8e1294b0795f422458add5a126ea3b,0.9261036048724767,autoland,4768104,12,53390121d39b212135aaffcd577053a14c7f0dff,linux1804-64-shippable-qr,True,False,,,102210fe594ee9b33d82058545b1ed14f4c8206e,custom.jsdebugger.stepOut.DAMP,damp,True,damp custom.jsdebugger.stepOut.DAMP opt e10s fission stylo webrender,4767202,77,ms,firefox,,1795621961,2023-11-14 19:50:03,1331947,,,,,,,,,,,,,,,,,,,,,,,,,,,,,,,,,,,,,,,,,,,,,,,,,TN
1927,c10e40e5aa6ecad20ba4754f4af99f6b09499b1f,0.9335680432886992,autoland,4768104,12,53390121d39b212135aaffcd577053a14c7f0dff,linux1804-64-shippable-qr,True,False,,,102210fe594ee9b33d82058545b1ed14f4c8206e,custom.jsdebugger.stepOut.DAMP,damp,True,damp custom.jsdebugger.stepOut.DAMP opt e10s fission stylo webrender,4767202,77,ms,firefox,,1795623760,2023-11-14 20:05:19,1331954,,,,,,,,,,,,,,,,,,,,,,,,,,,,,,,,,,,,,,,,,,,,,,,,,TN
1928,0408d1b0f762c4c3371da7f229b56f85e66ce39c,0.929822693116509,autoland,4768104,12,53390121d39b212135aaffcd577053a14c7f0dff,linux1804-64-shippable-qr,True,False,,,102210fe594ee9b33d82058545b1ed14f4c8206e,custom.jsdebugger.stepOut.DAMP,damp,True,damp custom.jsdebugger.stepOut.DAMP opt e10s fission stylo webrender,4767202,77,ms,firefox,,1795634983,2023-11-14 20:06:10,1331955,,,,,,,,,,,,,,,,,,,,,,,,,,,,,,,,,,,,,,,,,,,,,,,,,TN
1929,6ba0cc66b64827bf81cb74f0545cea1a78041097,0.9214683020196228,autoland,4768104,12,53390121d39b212135aaffcd577053a14c7f0dff,linux1804-64-shippable-qr,True,False,,,102210fe594ee9b33d82058545b1ed14f4c8206e,custom.jsdebugger.stepOut.DAMP,damp,True,damp custom.jsdebugger.stepOut.DAMP opt e10s fission stylo webrender,4767202,77,ms,firefox,,1795622670,2023-11-14 20:07:01,1331956,,,,,,,,,,,,,,,,,,,,,,,,,,,,,,,,,,,,,,,,,,,,,,,,,TN
1930,2b0cdf8046856c974b408bb0666f00640c7c2c9c,0.9304949336973403,autoland,4768104,12,53390121d39b212135aaffcd577053a14c7f0dff,linux1804-64-shippable-qr,True,False,,,102210fe594ee9b33d82058545b1ed14f4c8206e,custom.jsdebugger.stepOut.DAMP,damp,True,damp custom.jsdebugger.stepOut.DAMP opt e10s fission stylo webrender,4767202,77,ms,firefox,,1795623955,2023-11-14 20:07:54,1331958,,,,,,,,,,,,,,,,,,,,,,,,,,,,,,,,,,,,,,,,,,,,,,,,,TN
1931,2cb4b1085bafe115fbe0a095a5730164d4d423de,0.9415998246014976,autoland,4768104,12,53390121d39b212135aaffcd577053a14c7f0dff,linux1804-64-shippable-qr,True,False,,,102210fe594ee9b33d82058545b1ed14f4c8206e,custom.jsdebugger.stepOut.DAMP,damp,True,damp custom.jsdebugger.stepOut.DAMP opt e10s fission stylo webrender,4767202,77,ms,firefox,,1795633261,2023-11-14 20:08:50,1331961,,,,,,,,,,,,,,,,,,,,,,,,,,,,,,,,,,,,,,,,,,,,,,,,,TN
1932,77d5eb0444c869e8c148c11266bd305091df369e,0.9606270635067802,autoland,4768104,12,53390121d39b212135aaffcd577053a14c7f0dff,linux1804-64-shippable-qr,True,False,,,102210fe594ee9b33d82058545b1ed14f4c8206e,custom.jsdebugger.stepOut.DAMP,damp,True,damp custom.jsdebugger.stepOut.DAMP opt e10s fission stylo webrender,4767202,77,ms,firefox,,1795623055,2023-11-14 20:09:47,1331962,,,,,,,,,,,,,,,,,,,,,,,,,,,,,,,,,,,,,,,,,,,,,,,,,TN
1933,d5bccc7a9f0eed772c0a6a0497e316cd74b65b2e,0.9229567766815008,autoland,4768104,12,53390121d39b212135aaffcd577053a14c7f0dff,linux1804-64-shippable-qr,True,False,,,102210fe594ee9b33d82058545b1ed14f4c8206e,custom.jsdebugger.stepOut.DAMP,damp,True,damp custom.jsdebugger.stepOut.DAMP opt e10s fission stylo webrender,4767202,77,ms,firefox,,1795626925,2023-11-14 20:10:48,1331965,,,,,,,,,,,,,,,,,,,,,,,,,,,,,,,,,,,,,,,,,,,,,,,,,TN
1934,45f7ef4749636f24bbab519e5d4e3851950ccacc,0.9611468354718473,autoland,4768104,12,53390121d39b212135aaffcd577053a14c7f0dff,linux1804-64-shippable-qr,True,False,,,102210fe594ee9b33d82058545b1ed14f4c8206e,custom.jsdebugger.stepOut.DAMP,damp,True,damp custom.jsdebugger.stepOut.DAMP opt e10s fission stylo webrender,4767202,77,ms,firefox,,1794335907,2023-11-14 20:17:49,1331971,,,,,,,,,,,,,,,,,,,,,,,,,,,,,,,,,,,,,,,,,,,,,,,,,TN
1935,6077a81303d4c49fe0b255550ecf61a853a30877,0.9285502206280141,autoland,4768104,12,53390121d39b212135aaffcd577053a14c7f0dff,linux1804-64-shippable-qr,True,False,,,102210fe594ee9b33d82058545b1ed14f4c8206e,custom.jsdebugger.stepOut.DAMP,damp,True,damp custom.jsdebugger.stepOut.DAMP opt e10s fission stylo webrender,4767202,77,ms,firefox,,1795621283,2023-11-14 21:07:55,1331997,,,,,,,,,,,,,,,,,,,,,,,,,,,,,,,,,,,,,,,,,,,,,,,,,TN
1936,eef52bbbb45756bf52fffe9cbee2aeaf80eae635,0.9583747941669358,autoland,4768104,12,53390121d39b212135aaffcd577053a14c7f0dff,linux1804-64-shippable-qr,True,False,,,102210fe594ee9b33d82058545b1ed14f4c8206e,custom.jsdebugger.stepOut.DAMP,damp,True,damp custom.jsdebugger.stepOut.DAMP opt e10s fission stylo webrender,4767202,77,ms,firefox,,1795626756,2023-11-14 21:09:56,1332001,,,,,,,,,,,,,,,,,,,,,,,,,,,,,,,,,,,,,,,,,,,,,,,,,TN
1937,194d0db1a1cb82b7d93c6e721005f1c41e057021,0.9259470179271032,autoland,4768104,12,53390121d39b212135aaffcd577053a14c7f0dff,linux1804-64-shippable-qr,True,False,,,102210fe594ee9b33d82058545b1ed14f4c8206e,custom.jsdebugger.stepOut.DAMP,damp,True,damp custom.jsdebugger.stepOut.DAMP opt e10s fission stylo webrender,4767202,77,ms,firefox,,1795641215,2023-11-14 21:47:42,1332031,,,,,,,,,,,,,,,,,,,,,,,,,,,,,,,,,,,,,,,,,,,,,,,,,TN
1938,66ba60ec2937fa3f898a62529a50540af679e5fd,0.9198636348187521,autoland,4768104,12,53390121d39b212135aaffcd577053a14c7f0dff,linux1804-64-shippable-qr,True,False,,,102210fe594ee9b33d82058545b1ed14f4c8206e,custom.jsdebugger.stepOut.DAMP,damp,True,damp custom.jsdebugger.stepOut.DAMP opt e10s fission stylo webrender,4767202,77,ms,firefox,,1795582709,2023-11-14 22:33:15,1332065,,,,,,,,,,,,,,,,,,,,,,,,,,,,,,,,,,,,,,,,,,,,,,,,,TN
1939,26e524cc8e01d08e442ffb0b93be5945aad75ddd,0.9646998482180937,autoland,4768104,12,53390121d39b212135aaffcd577053a14c7f0dff,linux1804-64-shippable-qr,True,False,,,102210fe594ee9b33d82058545b1ed14f4c8206e,custom.jsdebugger.stepOut.DAMP,damp,True,damp custom.jsdebugger.stepOut.DAMP opt e10s fission stylo webrender,4767202,77,ms,firefox,,1795627403,2023-11-14 22:39:45,1332067,,,,,,,,,,,,,,,,,,,,,,,,,,,,,,,,,,,,,,,,,,,,,,,,,TN
1940,a9fd21fa2333d85148b339c24763ebc25a60412d,0.9248624922976645,autoland,4768104,12,53390121d39b212135aaffcd577053a14c7f0dff,linux1804-64-shippable-qr,True,False,,,102210fe594ee9b33d82058545b1ed14f4c8206e,custom.jsdebugger.stepOut.DAMP,damp,True,damp custom.jsdebugger.stepOut.DAMP opt e10s fission stylo webrender,4767202,77,ms,firefox,,1795633986,2023-11-14 22:44:36,1332070,,,,,,,,,,,,,,,,,,,,,,,,,,,,,,,,,,,,,,,,,,,,,,,,,TN
1941,e945c4081dc9af04639f381bbb9dca88365ae23c,0.9474266203653514,autoland,4768104,12,53390121d39b212135aaffcd577053a14c7f0dff,linux1804-64-shippable-qr,True,False,,,102210fe594ee9b33d82058545b1ed14f4c8206e,custom.jsdebugger.stepOut.DAMP,damp,True,damp custom.jsdebugger.stepOut.DAMP opt e10s fission stylo webrender,4767202,77,ms,firefox,,1795625489,2023-11-14 22:48:55,1332072,,,,,,,,,,,,,,,,,,,,,,,,,,,,,,,,,,,,,,,,,,,,,,,,,TN
1942,ffb4f207949a7edcb49c4854390cff03b794227d,0.9663516611043099,autoland,4768104,12,53390121d39b212135aaffcd577053a14c7f0dff,linux1804-64-shippable-qr,True,False,,,102210fe594ee9b33d82058545b1ed14f4c8206e,custom.jsdebugger.stepOut.DAMP,damp,True,damp custom.jsdebugger.stepOut.DAMP opt e10s fission stylo webrender,4767202,77,ms,firefox,,1795625749,2023-11-14 22:50:23,1332073,,,,,,,,,,,,,,,,,,,,,,,,,,,,,,,,,,,,,,,,,,,,,,,,,TN
1943,1bf9a382494197836fecd7b3d834be1ac11ccfa0,0.957514262953364,autoland,4768104,12,53390121d39b212135aaffcd577053a14c7f0dff,linux1804-64-shippable-qr,True,False,,,102210fe594ee9b33d82058545b1ed14f4c8206e,custom.jsdebugger.stepOut.DAMP,damp,True,damp custom.jsdebugger.stepOut.DAMP opt e10s fission stylo webrender,4767202,77,ms,firefox,,1795622314,2023-11-15 00:09:54,1332092,,,,,,,,,,,,,,,,,,,,,,,,,,,,,,,,,,,,,,,,,,,,,,,,,TN
1944,0083ca2f4709e599083520545d538d1ee1b8356d,0.9319102342336654,autoland,4768104,12,53390121d39b212135aaffcd577053a14c7f0dff,linux1804-64-shippable-qr,True,False,,,102210fe594ee9b33d82058545b1ed14f4c8206e,custom.jsdebugger.stepOut.DAMP,damp,True,damp custom.jsdebugger.stepOut.DAMP opt e10s fission stylo webrender,4767202,77,ms,firefox,,1794500620,2023-11-15 01:57:11,1332132,,,,,,,,,,,,,,,,,,,,,,,,,,,,,,,,,,,,,,,,,,,,,,,,,TN
1945,d9f2158d4d442a658bb2029948eeebd438457667,0.9407129400516798,autoland,4768104,12,53390121d39b212135aaffcd577053a14c7f0dff,linux1804-64-shippable-qr,True,False,,,102210fe594ee9b33d82058545b1ed14f4c8206e,custom.jsdebugger.stepOut.DAMP,damp,True,damp custom.jsdebugger.stepOut.DAMP opt e10s fission stylo webrender,4767202,77,ms,firefox,,1794520282,2023-11-15 03:02:01,1332148,,,,,,,,,,,,,,,,,,,,,,,,,,,,,,,,,,,,,,,,,,,,,,,,,TN
1946,d12a09b7c773efc37f5d0e37cc52339e25f07b6c,0.6645659604730287,autoland,4768104,12,53390121d39b212135aaffcd577053a14c7f0dff,linux1804-64-shippable-qr,True,False,,,102210fe594ee9b33d82058545b1ed14f4c8206e,custom.jsdebugger.stepOut.DAMP,damp,True,damp custom.jsdebugger.stepOut.DAMP opt e10s fission stylo webrender,4767202,77,ms,firefox,,1794614131,2023-11-15 07:02:46,1332195,,,,,,,,,,,,,,,,,,,,,,,,,,,,,,,,,,,,,,,,,,,,,,,,,TN
1947,571c293cedd28db6ac86fd553e2810f40e382e80,0.9686540627878524,autoland,4768104,12,53390121d39b212135aaffcd577053a14c7f0dff,linux1804-64-shippable-qr,True,False,,,102210fe594ee9b33d82058545b1ed14f4c8206e,custom.jsdebugger.stepOut.DAMP,damp,True,damp custom.jsdebugger.stepOut.DAMP opt e10s fission stylo webrender,4767202,77,ms,firefox,,1794719952,2023-11-15 12:47:49,1332324,,,,,,,,,,,,,,,,,,,,,,,,,,,,,,,,,,,,,,,,,,,,,,,,,TN
1948,58fc056d56521455bb36e7bd4fcce81222093c75,0.956495407047788,autoland,4768104,12,53390121d39b212135aaffcd577053a14c7f0dff,linux1804-64-shippable-qr,True,False,,,102210fe594ee9b33d82058545b1ed14f4c8206e,custom.jsdebugger.stepOut.DAMP,damp,True,damp custom.jsdebugger.stepOut.DAMP opt e10s fission stylo webrender,4767202,77,ms,firefox,,1794809170,2023-11-15 15:33:52,1332438,,,,,,,,,,,,,,,,,,,,,,,,,,,,,,,,,,,,,,,,,,,,,,,,,TN
1949,a70ee84d8943b9a1eaaf0fb3a0df60a1595f5782,0.949198457973409,autoland,4768104,12,53390121d39b212135aaffcd577053a14c7f0dff,linux1804-64-shippable-qr,True,False,,,102210fe594ee9b33d82058545b1ed14f4c8206e,custom.jsdebugger.stepOut.DAMP,damp,True,damp custom.jsdebugger.stepOut.DAMP opt e10s fission stylo webrender,4767202,77,ms,firefox,,1794856943,2023-11-15 16:43:35,1332515,,,,,,,,,,,,,,,,,,,,,,,,,,,,,,,,,,,,,,,,,,,,,,,,,TN
1950,eb78feb610e5d895bd63b81693cde56dd08d82df,0.9283407432004707,autoland,4768104,12,53390121d39b212135aaffcd577053a14c7f0dff,linux1804-64-shippable-qr,True,False,,,102210fe594ee9b33d82058545b1ed14f4c8206e,custom.jsdebugger.stepOut.DAMP,damp,True,damp custom.jsdebugger.stepOut.DAMP opt e10s fission stylo webrender,4767202,77,ms,firefox,,1795104882,2023-11-15 23:08:22,1332792,,,,,,,,,,,,,,,,,,,,,,,,,,,,,,,,,,,,,,,,,,,,,,,,,TN
1951,ffd7ebdedeacec6717a3e8904121052ebbe61fe6,0.9296238657195941,autoland,4768104,12,53390121d39b212135aaffcd577053a14c7f0dff,linux1804-64-shippable-qr,True,False,,,102210fe594ee9b33d82058545b1ed14f4c8206e,custom.jsdebugger.stepOut.DAMP,damp,True,damp custom.jsdebugger.stepOut.DAMP opt e10s fission stylo webrender,4767202,77,ms,firefox,,1795283405,2023-11-16 09:33:00,1332997,,,,,,,,,,,,,,,,,,,,,,,,,,,,,,,,,,,,,,,,,,,,,,,,,TN
1952,71ef91d3bf98c6475cfe762c0152d5b31588182c,0.9521835157866778,autoland,4768104,12,53390121d39b212135aaffcd577053a14c7f0dff,linux1804-64-shippable-qr,True,False,,,102210fe594ee9b33d82058545b1ed14f4c8206e,custom.jsdebugger.stepOut.DAMP,damp,True,damp custom.jsdebugger.stepOut.DAMP opt e10s fission stylo webrender,4767202,77,ms,firefox,,1795384356,2023-11-16 13:34:03,1333089,,,,,,,,,,,,,,,,,,,,,,,,,,,,,,,,,,,,,,,,,,,,,,,,,TN
1953,5dba86b1842a5256c2845d69a7cebd605267d535,0.9350068704670031,autoland,4768104,12,53390121d39b212135aaffcd577053a14c7f0dff,linux1804-64-shippable-qr,True,False,,,102210fe594ee9b33d82058545b1ed14f4c8206e,custom.jsdebugger.stepOut.DAMP,damp,True,damp custom.jsdebugger.stepOut.DAMP opt e10s fission stylo webrender,4767202,77,ms,firefox,,1795426530,2023-11-16 15:30:11,1333183,,,,,,,,,,,,,,,,,,,,,,,,,,,,,,,,,,,,,,,,,,,,,,,,,TN
1954,53b2405c0e70ae3283dbbba0d568665110f0db23,0.9341199044447861,autoland,4768104,12,53390121d39b212135aaffcd577053a14c7f0dff,linux1804-64-shippable-qr,True,False,,,102210fe594ee9b33d82058545b1ed14f4c8206e,custom.jsdebugger.stepOut.DAMP,damp,True,damp custom.jsdebugger.stepOut.DAMP opt e10s fission stylo webrender,4767202,77,ms,firefox,,1795551137,2023-11-16 20:27:49,1333335,,,,,,,,,,,,,,,,,,,,,,,,,,,,,,,,,,,,,,,,,,,,,,,,,TN
1955,3b45d04f6865b297c8b2548a2c24424c5e9467e9,0.9432735962828303,autoland,4768104,12,53390121d39b212135aaffcd577053a14c7f0dff,linux1804-64-shippable-qr,True,False,,,102210fe594ee9b33d82058545b1ed14f4c8206e,custom.jsdebugger.stepOut.DAMP,damp,True,damp custom.jsdebugger.stepOut.DAMP opt e10s fission stylo webrender,4767202,77,ms,firefox,,1795616060,2023-11-16 23:04:46,1333418,,,,,,,,,,,,,,,,,,,,,,,,,,,,,,,,,,,,,,,,,,,,,,,,,TN
1956,8a71397fb808df79e78f3023bf95b46f7cc2d2a4,0.9667607101095366,autoland,4768104,12,53390121d39b212135aaffcd577053a14c7f0dff,linux1804-64-shippable-qr,True,False,,,102210fe594ee9b33d82058545b1ed14f4c8206e,custom.jsdebugger.stepOut.DAMP,damp,True,damp custom.jsdebugger.stepOut.DAMP opt e10s fission stylo webrender,4767202,77,ms,firefox,,1795793063,2023-11-17 06:40:14,1333538,,,,,,,,,,,,,,,,,,,,,,,,,,,,,,,,,,,,,,,,,,,,,,,,,TN
1957,ff5810792fa57d1b0a1076b4c90b3a83ac0242ca,0.9495722254611476,autoland,4768104,12,53390121d39b212135aaffcd577053a14c7f0dff,linux1804-64-shippable-qr,True,False,,,102210fe594ee9b33d82058545b1ed14f4c8206e,custom.jsdebugger.stepOut.DAMP,damp,True,damp custom.jsdebugger.stepOut.DAMP opt e10s fission stylo webrender,4767202,77,ms,firefox,,1795924948,2023-11-17 10:54:07,1333644,,,,,,,,,,,,,,,,,,,,,,,,,,,,,,,,,,,,,,,,,,,,,,,,,TN
1958,f3b46286b5bad609725e65f541d6609a1bafcbce,0.9384261194651489,autoland,4768104,12,53390121d39b212135aaffcd577053a14c7f0dff,linux1804-64-shippable-qr,True,False,,,102210fe594ee9b33d82058545b1ed14f4c8206e,custom.jsdebugger.stepOut.DAMP,damp,True,damp custom.jsdebugger.stepOut.DAMP opt e10s fission stylo webrender,4767202,77,ms,firefox,,1796091563,2023-11-17 15:35:00,1333770,,,,,,,,,,,,,,,,,,,,,,,,,,,,,,,,,,,,,,,,,,,,,,,,,TN
1959,b3bec7a68bb8ccbb4c637b64bec4dc0c806fecb3,0.9184274703965747,autoland,4768104,12,53390121d39b212135aaffcd577053a14c7f0dff,linux1804-64-shippable-qr,True,False,,,102210fe594ee9b33d82058545b1ed14f4c8206e,custom.jsdebugger.stepOut.DAMP,damp,True,damp custom.jsdebugger.stepOut.DAMP opt e10s fission stylo webrender,4767202,77,ms,firefox,,1796217766,2023-11-17 21:05:40,1334007,,,,,,,,,,,,,,,,,,,,,,,,,,,,,,,,,,,,,,,,,,,,,,,,,TN
1960,391181d97b6bb5b53fe8a1186c8a1a85971812de,0.9538895217195895,autoland,4768104,12,53390121d39b212135aaffcd577053a14c7f0dff,linux1804-64-shippable-qr,True,False,,,102210fe594ee9b33d82058545b1ed14f4c8206e,custom.jsdebugger.stepOut.DAMP,damp,True,damp custom.jsdebugger.stepOut.DAMP opt e10s fission stylo webrender,4767202,77,ms,firefox,,1796272889,2023-11-18 01:23:43,1334085,,,,,,,,,,,,,,,,,,,,,,,,,,,,,,,,,,,,,,,,,,,,,,,,,TN
1961,2cf1b902ea75e1237bbd69eaf02c889bc2924d10,0.9608393735900729,autoland,4768104,12,53390121d39b212135aaffcd577053a14c7f0dff,linux1804-64-shippable-qr,True,False,,,102210fe594ee9b33d82058545b1ed14f4c8206e,custom.jsdebugger.stepOut.DAMP,damp,True,damp custom.jsdebugger.stepOut.DAMP opt e10s fission stylo webrender,4767202,77,ms,firefox,,1796441772,2023-11-18 14:15:26,1334153,,,,,,,,,,,,,,,,,,,,,,,,,,,,,,,,,,,,,,,,,,,,,,,,,TN
1962,98917be406eeca58f61d8aeaf62aa4cae5be2137,0.9278151419855689,autoland,4768104,12,53390121d39b212135aaffcd577053a14c7f0dff,linux1804-64-shippable-qr,True,False,,,102210fe594ee9b33d82058545b1ed14f4c8206e,custom.jsdebugger.stepOut.DAMP,damp,True,damp custom.jsdebugger.stepOut.DAMP opt e10s fission stylo webrender,4767202,77,ms,firefox,,1796561420,2023-11-19 06:03:16,1334239,,,,,,,,,,,,,,,,,,,,,,,,,,,,,,,,,,,,,,,,,,,,,,,,,TN
1963,b403bb5b1c833d29961882402a090cf08f44c190,0.9353179479343281,autoland,4768104,12,53390121d39b212135aaffcd577053a14c7f0dff,linux1804-64-shippable-qr,True,False,,,102210fe594ee9b33d82058545b1ed14f4c8206e,custom.jsdebugger.stepOut.DAMP,damp,True,damp custom.jsdebugger.stepOut.DAMP opt e10s fission stylo webrender,4767202,77,ms,firefox,,1796643365,2023-11-19 11:10:53,1334278,,,,,,,,,,,,,,,,,,,,,,,,,,,,,,,,,,,,,,,,,,,,,,,,,TN
1964,1044018d08bd15166ae94a05bf5299b0701f4109,0.96313812888754,autoland,4768104,12,53390121d39b212135aaffcd577053a14c7f0dff,linux1804-64-shippable-qr,True,False,,,102210fe594ee9b33d82058545b1ed14f4c8206e,custom.jsdebugger.stepOut.DAMP,damp,True,damp custom.jsdebugger.stepOut.DAMP opt e10s fission stylo webrender,4767202,77,ms,firefox,,1796689711,2023-11-19 15:28:11,1334290,,,,,,,,,,,,,,,,,,,,,,,,,,,,,,,,,,,,,,,,,,,,,,,,,TN
1965,73f60b8af6dadb15fb13d768baf6b4c3313d939b,0.9425927385069288,autoland,4768104,12,53390121d39b212135aaffcd577053a14c7f0dff,linux1804-64-shippable-qr,True,False,,,102210fe594ee9b33d82058545b1ed14f4c8206e,custom.jsdebugger.stepOut.DAMP,damp,True,damp custom.jsdebugger.stepOut.DAMP opt e10s fission stylo webrender,4767202,77,ms,firefox,,1796866662,2023-11-20 01:53:49,1334371,,,,,,,,,,,,,,,,,,,,,,,,,,,,,,,,,,,,,,,,,,,,,,,,,TN
1966,86da25fdbc81a93ed888df6b8a9f7cc128fb9b5b,0.9541891493359358,autoland,4768104,12,53390121d39b212135aaffcd577053a14c7f0dff,linux1804-64-shippable-qr,True,False,,,102210fe594ee9b33d82058545b1ed14f4c8206e,custom.jsdebugger.stepOut.DAMP,damp,True,damp custom.jsdebugger.stepOut.DAMP opt e10s fission stylo webrender,4767202,77,ms,firefox,,1797013196,2023-11-20 09:30:46,1334455,,,,,,,,,,,,,,,,,,,,,,,,,,,,,,,,,,,,,,,,,,,,,,,,,TN
1967,de35cb5de97565935b503eade2990b5c385c7293,0.9579439304336439,autoland,4768104,12,53390121d39b212135aaffcd577053a14c7f0dff,linux1804-64-shippable-qr,True,False,,,102210fe594ee9b33d82058545b1ed14f4c8206e,custom.jsdebugger.stepOut.DAMP,damp,True,damp custom.jsdebugger.stepOut.DAMP opt e10s fission stylo webrender,4767202,77,ms,firefox,,1797112797,2023-11-20 12:44:46,1334619,,,,,,,,,,,,,,,,,,,,,,,,,,,,,,,,,,,,,,,,,,,,,,,,,TN
1968,f78453d754386d0000dae39e031b91b0d0c4b07f,0.9416669449313315,autoland,4768104,12,53390121d39b212135aaffcd577053a14c7f0dff,linux1804-64-shippable-qr,True,False,,,102210fe594ee9b33d82058545b1ed14f4c8206e,custom.jsdebugger.stepOut.DAMP,damp,True,damp custom.jsdebugger.stepOut.DAMP opt e10s fission stylo webrender,4767202,77,ms,firefox,,1797291987,2023-11-20 16:13:55,1334757,,,,,,,,,,,,,,,,,,,,,,,,,,,,,,,,,,,,,,,,,,,,,,,,,TN
1969,a2089603188c4136890163ddd71b1d4e60e1c396,0.9120962671673736,autoland,4768104,12,53390121d39b212135aaffcd577053a14c7f0dff,linux1804-64-shippable-qr,True,False,,,102210fe594ee9b33d82058545b1ed14f4c8206e,custom.jsdebugger.stepOut.DAMP,damp,True,damp custom.jsdebugger.stepOut.DAMP opt e10s fission stylo webrender,4767202,77,ms,firefox,,1797323370,2023-11-20 18:08:54,1334868,,,,,,,,,,,,,,,,,,,,,,,,,,,,,,,,,,,,,,,,,,,,,,,,,TN
1970,7b567ceeead73f84de62ab77b4b6c87450b347fa,0.9212171772991997,autoland,4768104,12,53390121d39b212135aaffcd577053a14c7f0dff,linux1804-64-shippable-qr,True,False,,,102210fe594ee9b33d82058545b1ed14f4c8206e,custom.jsdebugger.stepOut.DAMP,damp,True,damp custom.jsdebugger.stepOut.DAMP opt e10s fission stylo webrender,4767202,77,ms,firefox,,1797594379,2023-11-20 23:09:27,1335119,,,,,,,,,,,,,,,,,,,,,,,,,,,,,,,,,,,,,,,,,,,,,,,,,TN
1971,b9fe9a49496aa38ca77c335f20236610ef01a582,0.9345850789819468,autoland,4768104,12,53390121d39b212135aaffcd577053a14c7f0dff,linux1804-64-shippable-qr,True,False,,,102210fe594ee9b33d82058545b1ed14f4c8206e,custom.jsdebugger.stepOut.DAMP,damp,True,damp custom.jsdebugger.stepOut.DAMP opt e10s fission stylo webrender,4767202,77,ms,firefox,,1797669834,2023-11-21 01:49:39,1335206,,,,,,,,,,,,,,,,,,,,,,,,,,,,,,,,,,,,,,,,,,,,,,,,,TN
1972,5a6b00c632b633474dd372a9561d8a8b894a899a,0.9459830022133715,autoland,4768104,12,53390121d39b212135aaffcd577053a14c7f0dff,linux1804-64-shippable-qr,True,False,,,102210fe594ee9b33d82058545b1ed14f4c8206e,custom.jsdebugger.stepOut.DAMP,damp,True,damp custom.jsdebugger.stepOut.DAMP opt e10s fission stylo webrender,4767202,77,ms,firefox,,1799601188,2023-11-21 07:01:39,1335251,,,,,,,,,,,,,,,,,,,,,,,,,,,,,,,,,,,,,,,,,,,,,,,,,TN
1973,4bce7496d00b1da30ea279ee5ba65a1f797f6a10,0.9504731580361276,autoland,4768104,12,53390121d39b212135aaffcd577053a14c7f0dff,linux1804-64-shippable-qr,True,False,,,102210fe594ee9b33d82058545b1ed14f4c8206e,custom.jsdebugger.stepOut.DAMP,damp,True,damp custom.jsdebugger.stepOut.DAMP opt e10s fission stylo webrender,4767202,77,ms,firefox,,1799601656,2023-11-21 07:09:25,1335252,,,,,,,,,,,,,,,,,,,,,,,,,,,,,,,,,,,,,,,,,,,,,,,,,TN
1974,2f11050c90d800d559c5d451ec0756058e896cea,0.9258623393044474,autoland,4768104,12,53390121d39b212135aaffcd577053a14c7f0dff,linux1804-64-shippable-qr,True,False,,,102210fe594ee9b33d82058545b1ed14f4c8206e,custom.jsdebugger.stepOut.DAMP,damp,True,damp custom.jsdebugger.stepOut.DAMP opt e10s fission stylo webrender,4767202,77,ms,firefox,,1799601312,2023-11-21 07:19:22,1335253,,,,,,,,,,,,,,,,,,,,,,,,,,,,,,,,,,,,,,,,,,,,,,,,,TN
1975,d152787632557c955aafeb6940066dbc4e5cda42,0.9528130141652644,autoland,4768104,12,53390121d39b212135aaffcd577053a14c7f0dff,linux1804-64-shippable-qr,True,False,,,102210fe594ee9b33d82058545b1ed14f4c8206e,custom.jsdebugger.stepOut.DAMP,damp,True,damp custom.jsdebugger.stepOut.DAMP opt e10s fission stylo webrender,4767202,77,ms,firefox,,1799602391,2023-11-21 07:42:07,1335260,,,,,,,,,,,,,,,,,,,,,,,,,,,,,,,,,,,,,,,,,,,,,,,,,TN
1976,be8e9a8eaa80a1bf3e6c6f2be2c9ebaebbeed439,0.9466527807383842,autoland,4768104,12,53390121d39b212135aaffcd577053a14c7f0dff,linux1804-64-shippable-qr,True,False,,,102210fe594ee9b33d82058545b1ed14f4c8206e,custom.jsdebugger.stepOut.DAMP,damp,True,damp custom.jsdebugger.stepOut.DAMP opt e10s fission stylo webrender,4767202,77,ms,firefox,,1799602640,2023-11-21 08:06:40,1335268,,,,,,,,,,,,,,,,,,,,,,,,,,,,,,,,,,,,,,,,,,,,,,,,,TN
1977,2ece04e240e248754e7403e1f4fad6462fc3fb62,0.9266133527533571,autoland,4768104,12,53390121d39b212135aaffcd577053a14c7f0dff,linux1804-64-shippable-qr,True,False,,,102210fe594ee9b33d82058545b1ed14f4c8206e,custom.jsdebugger.stepOut.DAMP,damp,True,damp custom.jsdebugger.stepOut.DAMP opt e10s fission stylo webrender,4767202,77,ms,firefox,,1799603227,2023-11-21 08:08:10,1335269,,,,,,,,,,,,,,,,,,,,,,,,,,,,,,,,,,,,,,,,,,,,,,,,,TN
1978,f22c07289232f24881c60168934a3605bbe59d7a,0.937400483467403,autoland,4768104,12,53390121d39b212135aaffcd577053a14c7f0dff,linux1804-64-shippable-qr,True,False,,,102210fe594ee9b33d82058545b1ed14f4c8206e,custom.jsdebugger.stepOut.DAMP,damp,True,damp custom.jsdebugger.stepOut.DAMP opt e10s fission stylo webrender,4767202,77,ms,firefox,,1799606039,2023-11-21 08:28:52,1335280,,,,,,,,,,,,,,,,,,,,,,,,,,,,,,,,,,,,,,,,,,,,,,,,,TN
1979,fddad0a59b2d028b2147493bf9ba8cc953d9e3eb,0.9316959529160378,autoland,4768104,12,53390121d39b212135aaffcd577053a14c7f0dff,linux1804-64-shippable-qr,True,False,,,102210fe594ee9b33d82058545b1ed14f4c8206e,custom.jsdebugger.stepOut.DAMP,damp,True,damp custom.jsdebugger.stepOut.DAMP opt e10s fission stylo webrender,4767202,77,ms,firefox,,1797800508,2023-11-21 08:38:33,1335289,,,,,,,,,,,,,,,,,,,,,,,,,,,,,,,,,,,,,,,,,,,,,,,,,TN
1980,9e350a723b7af86dd13c75127d7859a1530c2327,0.9343556606911019,autoland,4768104,12,53390121d39b212135aaffcd577053a14c7f0dff,linux1804-64-shippable-qr,True,False,,,102210fe594ee9b33d82058545b1ed14f4c8206e,custom.jsdebugger.stepOut.DAMP,damp,True,damp custom.jsdebugger.stepOut.DAMP opt e10s fission stylo webrender,4767202,77,ms,firefox,,1799601038,2023-11-21 10:35:13,1335397,,,,,,,,,,,,,,,,,,,,,,,,,,,,,,,,,,,,,,,,,,,,,,,,,TN
1981,c95ea45e981012bfa4e536b797eab05157f8e8f7,0.9441426294380162,autoland,4768104,12,53390121d39b212135aaffcd577053a14c7f0dff,linux1804-64-shippable-qr,True,False,,,102210fe594ee9b33d82058545b1ed14f4c8206e,custom.jsdebugger.stepOut.DAMP,damp,True,damp custom.jsdebugger.stepOut.DAMP opt e10s fission stylo webrender,4767202,77,ms,firefox,,1799602156,2023-11-21 10:48:34,1335401,,,,,,,,,,,,,,,,,,,,,,,,,,,,,,,,,,,,,,,,,,,,,,,,,TN
1982,55026b57b6b1450262fd6ec3050c8cdd8ae0e9ac,0.9476520842647631,autoland,4768104,12,53390121d39b212135aaffcd577053a14c7f0dff,linux1804-64-shippable-qr,True,False,,,102210fe594ee9b33d82058545b1ed14f4c8206e,custom.jsdebugger.stepOut.DAMP,damp,True,damp custom.jsdebugger.stepOut.DAMP opt e10s fission stylo webrender,4767202,77,ms,firefox,,1799602816,2023-11-21 10:51:03,1335403,,,,,,,,,,,,,,,,,,,,,,,,,,,,,,,,,,,,,,,,,,,,,,,,,TN
1983,9aa0b8954c6aea3a1e6723127432217c65d73426,0.9356337249672975,autoland,4768104,12,53390121d39b212135aaffcd577053a14c7f0dff,linux1804-64-shippable-qr,True,False,,,102210fe594ee9b33d82058545b1ed14f4c8206e,custom.jsdebugger.stepOut.DAMP,damp,True,damp custom.jsdebugger.stepOut.DAMP opt e10s fission stylo webrender,4767202,77,ms,firefox,,1799603652,2023-11-21 11:13:48,1335427,,,,,,,,,,,,,,,,,,,,,,,,,,,,,,,,,,,,,,,,,,,,,,,,,TN
1984,89b150d0c0ab85684103d01707ba0010edbeb7ab,0.9186532949603576,autoland,4768104,12,53390121d39b212135aaffcd577053a14c7f0dff,linux1804-64-shippable-qr,True,False,,,102210fe594ee9b33d82058545b1ed14f4c8206e,custom.jsdebugger.stepOut.DAMP,damp,True,damp custom.jsdebugger.stepOut.DAMP opt e10s fission stylo webrender,4767202,77,ms,firefox,,1799603745,2023-11-21 11:28:19,1335439,,,,,,,,,,,,,,,,,,,,,,,,,,,,,,,,,,,,,,,,,,,,,,,,,TN
1985,93f0f84e3f9ba610610291fc8a782d907be23cd5,0.9282756169570048,autoland,4768104,12,53390121d39b212135aaffcd577053a14c7f0dff,linux1804-64-shippable-qr,True,False,,,102210fe594ee9b33d82058545b1ed14f4c8206e,custom.jsdebugger.stepOut.DAMP,damp,True,damp custom.jsdebugger.stepOut.DAMP opt e10s fission stylo webrender,4767202,77,ms,firefox,,1799604162,2023-11-21 11:29:16,1335443,,,,,,,,,,,,,,,,,,,,,,,,,,,,,,,,,,,,,,,,,,,,,,,,,TN
1986,e85c337798a43410bf45dd5ae77e5a6015eb8d23,0.9472024789019011,autoland,4768104,12,53390121d39b212135aaffcd577053a14c7f0dff,linux1804-64-shippable-qr,True,False,,,102210fe594ee9b33d82058545b1ed14f4c8206e,custom.jsdebugger.stepOut.DAMP,damp,True,damp custom.jsdebugger.stepOut.DAMP opt e10s fission stylo webrender,4767202,77,ms,firefox,,1799605387,2023-11-21 11:52:33,1335455,,,,,,,,,,,,,,,,,,,,,,,,,,,,,,,,,,,,,,,,,,,,,,,,,TN
1987,a35aa51e1bfcd33c9874f1075e55117597b806e1,0.9237606716704068,autoland,4768104,12,53390121d39b212135aaffcd577053a14c7f0dff,linux1804-64-shippable-qr,True,False,,,102210fe594ee9b33d82058545b1ed14f4c8206e,custom.jsdebugger.stepOut.DAMP,damp,True,damp custom.jsdebugger.stepOut.DAMP opt e10s fission stylo webrender,4767202,77,ms,firefox,,1799607066,2023-11-21 11:55:49,1335457,,,,,,,,,,,,,,,,,,,,,,,,,,,,,,,,,,,,,,,,,,,,,,,,,TN
1988,64014991c79c4184a29fc9ac35586425474799c4,0.9261913784522686,autoland,4768104,12,53390121d39b212135aaffcd577053a14c7f0dff,linux1804-64-shippable-qr,True,False,,,102210fe594ee9b33d82058545b1ed14f4c8206e,custom.jsdebugger.stepOut.DAMP,damp,True,damp custom.jsdebugger.stepOut.DAMP opt e10s fission stylo webrender,4767202,77,ms,firefox,,1799607597,2023-11-21 12:04:20,1335463,,,,,,,,,,,,,,,,,,,,,,,,,,,,,,,,,,,,,,,,,,,,,,,,,TN
1989,1ff1d467cb8d49467127613245f448026cd7df9e,0.9240310477194793,autoland,4768104,12,53390121d39b212135aaffcd577053a14c7f0dff,linux1804-64-shippable-qr,True,False,,,102210fe594ee9b33d82058545b1ed14f4c8206e,custom.jsdebugger.stepOut.DAMP,damp,True,damp custom.jsdebugger.stepOut.DAMP opt e10s fission stylo webrender,4767202,77,ms,firefox,,1797938040,2023-11-21 12:15:20,1335466,,,,,,,,,,,,,,,,,,,,,,,,,,,,,,,,,,,,,,,,,,,,,,,,,TN
1990,68b2ac713b64775329741649ee104e2d6f8fc765,0.9257633761881046,autoland,4768104,12,53390121d39b212135aaffcd577053a14c7f0dff,linux1804-64-shippable-qr,True,False,,,102210fe594ee9b33d82058545b1ed14f4c8206e,custom.jsdebugger.stepOut.DAMP,damp,True,damp custom.jsdebugger.stepOut.DAMP opt e10s fission stylo webrender,4767202,77,ms,firefox,,1799603527,2023-11-21 15:27:35,1335595,,,,,,,,,,,,,,,,,,,,,,,,,,,,,,,,,,,,,,,,,,,,,,,,,TN
1991,4320684afd3d2904160a1fd26bc44edb90f09947,0.9373678885516261,autoland,4768104,12,53390121d39b212135aaffcd577053a14c7f0dff,linux1804-64-shippable-qr,True,False,,,102210fe594ee9b33d82058545b1ed14f4c8206e,custom.jsdebugger.stepOut.DAMP,damp,True,damp custom.jsdebugger.stepOut.DAMP opt e10s fission stylo webrender,4767202,77,ms,firefox,,1799604427,2023-11-21 15:58:23,1335622,,,,,,,,,,,,,,,,,,,,,,,,,,,,,,,,,,,,,,,,,,,,,,,,,TN
1992,eb4ff33091f576f2edad06b515f5695b20604725,0.923848911232467,autoland,4768104,12,53390121d39b212135aaffcd577053a14c7f0dff,linux1804-64-shippable-qr,True,False,,,102210fe594ee9b33d82058545b1ed14f4c8206e,custom.jsdebugger.stepOut.DAMP,damp,True,damp custom.jsdebugger.stepOut.DAMP opt e10s fission stylo webrender,4767202,77,ms,firefox,,1799605317,2023-11-21 16:10:29,1335630,,,,,,,,,,,,,,,,,,,,,,,,,,,,,,,,,,,,,,,,,,,,,,,,,TN
1993,aec79e5db68fe83ac7f3cbd4c1470db74b433d28,0.922334570081476,autoland,4768104,12,53390121d39b212135aaffcd577053a14c7f0dff,linux1804-64-shippable-qr,True,False,,,102210fe594ee9b33d82058545b1ed14f4c8206e,custom.jsdebugger.stepOut.DAMP,damp,True,damp custom.jsdebugger.stepOut.DAMP opt e10s fission stylo webrender,4767202,77,ms,firefox,,1799605710,2023-11-21 16:21:39,1335642,,,,,,,,,,,,,,,,,,,,,,,,,,,,,,,,,,,,,,,,,,,,,,,,,TN
1994,0a523177ba8157d040776a50aacbd4f6e22715fe,0.93444480141716,autoland,4768104,12,53390121d39b212135aaffcd577053a14c7f0dff,linux1804-64-shippable-qr,True,False,,,102210fe594ee9b33d82058545b1ed14f4c8206e,custom.jsdebugger.stepOut.DAMP,damp,True,damp custom.jsdebugger.stepOut.DAMP opt e10s fission stylo webrender,4767202,77,ms,firefox,,1799607705,2023-11-21 16:23:30,1335644,,,,,,,,,,,,,,,,,,,,,,,,,,,,,,,,,,,,,,,,,,,,,,,,,TN
1995,e97f959d1225c326fcb98f82285c0a0f7085631b,0.9202060443798967,autoland,4768104,12,53390121d39b212135aaffcd577053a14c7f0dff,linux1804-64-shippable-qr,True,False,,,102210fe594ee9b33d82058545b1ed14f4c8206e,custom.jsdebugger.stepOut.DAMP,damp,True,damp custom.jsdebugger.stepOut.DAMP opt e10s fission stylo webrender,4767202,77,ms,firefox,,1799606707,2023-11-21 16:34:03,1335656,,,,,,,,,,,,,,,,,,,,,,,,,,,,,,,,,,,,,,,,,,,,,,,,,TN
1996,ea804fe0a160e21bc703a5311478079eaac8f7ee,0.9461138617690346,autoland,4768104,12,53390121d39b212135aaffcd577053a14c7f0dff,linux1804-64-shippable-qr,True,False,,,102210fe594ee9b33d82058545b1ed14f4c8206e,custom.jsdebugger.stepOut.DAMP,damp,True,damp custom.jsdebugger.stepOut.DAMP opt e10s fission stylo webrender,4767202,77,ms,firefox,,1799609657,2023-11-21 16:36:47,1335660,,,,,,,,,,,,,,,,,,,,,,,,,,,,,,,,,,,,,,,,,,,,,,,,,TN
1997,ee683c3699a76e2e7159a5297800dc28b78ac22a,0.9399221084643925,autoland,4768104,12,53390121d39b212135aaffcd577053a14c7f0dff,linux1804-64-shippable-qr,True,False,,,102210fe594ee9b33d82058545b1ed14f4c8206e,custom.jsdebugger.stepOut.DAMP,damp,True,damp custom.jsdebugger.stepOut.DAMP opt e10s fission stylo webrender,4767202,77,ms,firefox,,1799612337,2023-11-21 16:38:46,1335661,,,,,,,,,,,,,,,,,,,,,,,,,,,,,,,,,,,,,,,,,,,,,,,,,TN
1998,a5a183d53f8edc045639859ff059a5220516b33e,0.9454565365963497,autoland,4768104,12,53390121d39b212135aaffcd577053a14c7f0dff,linux1804-64-shippable-qr,True,False,,,102210fe594ee9b33d82058545b1ed14f4c8206e,custom.jsdebugger.stepOut.DAMP,damp,True,damp custom.jsdebugger.stepOut.DAMP opt e10s fission stylo webrender,4767202,77,ms,firefox,,1799612894,2023-11-21 16:44:13,1335665,,,,,,,,,,,,,,,,,,,,,,,,,,,,,,,,,,,,,,,,,,,,,,,,,TN
1999,cbc5eb28277f8e6d60fede93a822ede9eb7f01a5,0.9322940436897869,autoland,4768104,12,53390121d39b212135aaffcd577053a14c7f0dff,linux1804-64-shippable-qr,True,False,,,102210fe594ee9b33d82058545b1ed14f4c8206e,custom.jsdebugger.stepOut.DAMP,damp,True,damp custom.jsdebugger.stepOut.DAMP opt e10s fission stylo webrender,4767202,77,ms,firefox,,1798128920,2023-11-21 17:01:46,1335682,,,,,,,,,,,,,,,,,,,,,,,,,,,,,,,,,,,,,,,,,,,,,,,,,TN
2000,13f07117425fbac3a2c76964a7553f2434073b27,0.9325915261977658,autoland,4768104,12,53390121d39b212135aaffcd577053a14c7f0dff,linux1804-64-shippable-qr,True,False,,,102210fe594ee9b33d82058545b1ed14f4c8206e,custom.jsdebugger.stepOut.DAMP,damp,True,damp custom.jsdebugger.stepOut.DAMP opt e10s fission stylo webrender,4767202,77,ms,firefox,,1799604360,2023-11-21 18:19:25,1335754,,,,,,,,,,,,,,,,,,,,,,,,,,,,,,,,,,,,,,,,,,,,,,,,,TN
2001,3df03c7436cf6c25488eab7244c740b35f72f40e,0.9882459897821194,autoland,4768104,12,53390121d39b212135aaffcd577053a14c7f0dff,linux1804-64-shippable-qr,True,False,,,102210fe594ee9b33d82058545b1ed14f4c8206e,custom.jsdebugger.stepOut.DAMP,damp,True,damp custom.jsdebugger.stepOut.DAMP opt e10s fission stylo webrender,4767202,77,ms,firefox,,1799605608,2023-11-21 18:20:27,1335756,,,,,,,,,,,,,,,,,,,,,,,,,,,,,,,,,,,,,,,,,,,,,,,,,TN
2002,677a1b08631cda387b7e1d2769027308e90448d0,0.964168775436929,autoland,4768104,12,53390121d39b212135aaffcd577053a14c7f0dff,linux1804-64-shippable-qr,True,False,,,102210fe594ee9b33d82058545b1ed14f4c8206e,custom.jsdebugger.stepOut.DAMP,damp,True,damp custom.jsdebugger.stepOut.DAMP opt e10s fission stylo webrender,4767202,77,ms,firefox,,1799606154,2023-11-21 18:43:41,1335774,,,,,,,,,,,,,,,,,,,,,,,,,,,,,,,,,,,,,,,,,,,,,,,,,TN
2003,6d2982d16908a46a3dc282f46469d894752ef3d9,0.9644788712613865,autoland,4768104,12,53390121d39b212135aaffcd577053a14c7f0dff,linux1804-64-shippable-qr,True,False,,,102210fe594ee9b33d82058545b1ed14f4c8206e,custom.jsdebugger.stepOut.DAMP,damp,True,damp custom.jsdebugger.stepOut.DAMP opt e10s fission stylo webrender,4767202,77,ms,firefox,,1799607216,2023-11-21 18:45:50,1335778,,,,,,,,,,,,,,,,,,,,,,,,,,,,,,,,,,,,,,,,,,,,,,,,,TN
2004,bd5abec7eabc10c326addf7a64d4c69f5b5f831c,0.9502530425008642,autoland,4768104,12,53390121d39b212135aaffcd577053a14c7f0dff,linux1804-64-shippable-qr,True,False,,,102210fe594ee9b33d82058545b1ed14f4c8206e,custom.jsdebugger.stepOut.DAMP,damp,True,damp custom.jsdebugger.stepOut.DAMP opt e10s fission stylo webrender,4767202,77,ms,firefox,,1799607869,2023-11-21 19:06:16,1335794,,,,,,,,,,,,,,,,,,,,,,,,,,,,,,,,,,,,,,,,,,,,,,,,,TN
2005,4fbc2295716fd526b2fcc8de2789d7bfc0389b72,0.9443306796280688,autoland,4768104,12,53390121d39b212135aaffcd577053a14c7f0dff,linux1804-64-shippable-qr,True,False,,,102210fe594ee9b33d82058545b1ed14f4c8206e,custom.jsdebugger.stepOut.DAMP,damp,True,damp custom.jsdebugger.stepOut.DAMP opt e10s fission stylo webrender,4767202,77,ms,firefox,,1799608165,2023-11-21 19:10:08,1335800,,,,,,,,,,,,,,,,,,,,,,,,,,,,,,,,,,,,,,,,,,,,,,,,,TN
2006,6e046b6edfea4d8378dd77d32d0958d622e0b577,0.944405727618487,autoland,4768104,12,53390121d39b212135aaffcd577053a14c7f0dff,linux1804-64-shippable-qr,True,False,,,102210fe594ee9b33d82058545b1ed14f4c8206e,custom.jsdebugger.stepOut.DAMP,damp,True,damp custom.jsdebugger.stepOut.DAMP opt e10s fission stylo webrender,4767202,77,ms,firefox,,1799611992,2023-11-21 19:29:38,1335821,,,,,,,,,,,,,,,,,,,,,,,,,,,,,,,,,,,,,,,,,,,,,,,,,TN
2007,564abe4d105da171a949cb7329c49c8822174544,0.9419301991015012,autoland,4768104,12,53390121d39b212135aaffcd577053a14c7f0dff,linux1804-64-shippable-qr,True,False,,,102210fe594ee9b33d82058545b1ed14f4c8206e,custom.jsdebugger.stepOut.DAMP,damp,True,damp custom.jsdebugger.stepOut.DAMP opt e10s fission stylo webrender,4767202,77,ms,firefox,,1799612435,2023-11-21 19:50:05,1335841,,,,,,,,,,,,,,,,,,,,,,,,,,,,,,,,,,,,,,,,,,,,,,,,,TN
2008,8b92137bf5c7efb21bf7461a2a161146f2e2a38c,0.9460976239250423,autoland,4768104,12,53390121d39b212135aaffcd577053a14c7f0dff,linux1804-64-shippable-qr,True,False,,,102210fe594ee9b33d82058545b1ed14f4c8206e,custom.jsdebugger.stepOut.DAMP,damp,True,damp custom.jsdebugger.stepOut.DAMP opt e10s fission stylo webrender,4767202,77,ms,firefox,,1799612749,2023-11-21 19:51:07,1335842,,,,,,,,,,,,,,,,,,,,,,,,,,,,,,,,,,,,,,,,,,,,,,,,,TN
2009,62f686461927825493253d0f82a43804b3eddf71,0.9150387139292431,autoland,4768104,12,53390121d39b212135aaffcd577053a14c7f0dff,linux1804-64-shippable-qr,True,False,,,102210fe594ee9b33d82058545b1ed14f4c8206e,custom.jsdebugger.stepOut.DAMP,damp,True,damp custom.jsdebugger.stepOut.DAMP opt e10s fission stylo webrender,4767202,77,ms,firefox,,1798294384,2023-11-21 21:47:24,1335911,,,,,,,,,,,,,,,,,,,,,,,,,,,,,,,,,,,,,,,,,,,,,,,,,TN
2010,ef0b50d89a7f6107932087c2c1adc2f6fd9ab06a,0.9414620170410439,autoland,4768104,12,53390121d39b212135aaffcd577053a14c7f0dff,linux1804-64-shippable-qr,True,False,,,102210fe594ee9b33d82058545b1ed14f4c8206e,custom.jsdebugger.stepOut.DAMP,damp,True,damp custom.jsdebugger.stepOut.DAMP opt e10s fission stylo webrender,4767202,77,ms,firefox,,1798280800,2023-11-21 21:50:11,1335914,,,,,,,,,,,,,,,,,,,,,,,,,,,,,,,,,,,,,,,,,,,,,,,,,TN
2011,7dc6122ebd68b46a9d4320c40c86f20c2b78984a,0.9135753367365078,autoland,4768104,12,53390121d39b212135aaffcd577053a14c7f0dff,linux1804-64-shippable-qr,True,False,,,102210fe594ee9b33d82058545b1ed14f4c8206e,custom.jsdebugger.stepOut.DAMP,damp,True,damp custom.jsdebugger.stepOut.DAMP opt e10s fission stylo webrender,4767202,77,ms,firefox,,1798354896,2023-11-22 01:56:32,1336017,,,,,,,,,,,,,,,,,,,,,,,,,,,,,,,,,,,,,,,,,,,,,,,,,TN
2012,ed20a8b98a8f2d8593dbbbd9b5df993e3e91433f,0.9526039391319239,autoland,4768104,12,53390121d39b212135aaffcd577053a14c7f0dff,linux1804-64-shippable-qr,True,False,,,102210fe594ee9b33d82058545b1ed14f4c8206e,custom.jsdebugger.stepOut.DAMP,damp,True,damp custom.jsdebugger.stepOut.DAMP opt e10s fission stylo webrender,4767202,77,ms,firefox,,1798438004,2023-11-22 05:59:37,1336060,,,,,,,,,,,,,,,,,,,,,,,,,,,,,,,,,,,,,,,,,,,,,,,,,TN
2013,0222787eb3244ffb2e62210f697d039bdef46036,0.9259119341291162,autoland,4768104,12,53390121d39b212135aaffcd577053a14c7f0dff,linux1804-64-shippable-qr,True,False,,,102210fe594ee9b33d82058545b1ed14f4c8206e,custom.jsdebugger.stepOut.DAMP,damp,True,damp custom.jsdebugger.stepOut.DAMP opt e10s fission stylo webrender,4767202,77,ms,firefox,,1798480017,2023-11-22 07:16:13,1336076,,,,,,,,,,,,,,,,,,,,,,,,,,,,,,,,,,,,,,,,,,,,,,,,,TN
2014,b90083f581e182455cf23aaacb125b728b3ccb32,0.9337199535204677,autoland,4768104,12,53390121d39b212135aaffcd577053a14c7f0dff,linux1804-64-shippable-qr,True,False,,,102210fe594ee9b33d82058545b1ed14f4c8206e,custom.jsdebugger.stepOut.DAMP,damp,True,damp custom.jsdebugger.stepOut.DAMP opt e10s fission stylo webrender,4767202,77,ms,firefox,,1798754798,2023-11-22 13:00:34,1336296,,,,,,,,,,,,,,,,,,,,,,,,,,,,,,,,,,,,,,,,,,,,,,,,,TN
2015,f4fae08660c1f3323af7bdef3ed152a3d34bc751,0.9223582427775523,autoland,4768104,12,53390121d39b212135aaffcd577053a14c7f0dff,linux1804-64-shippable-qr,True,False,,,102210fe594ee9b33d82058545b1ed14f4c8206e,custom.jsdebugger.stepOut.DAMP,damp,True,damp custom.jsdebugger.stepOut.DAMP opt e10s fission stylo webrender,4767202,77,ms,firefox,,1798876199,2023-11-22 16:22:37,1336410,,,,,,,,,,,,,,,,,,,,,,,,,,,,,,,,,,,,,,,,,,,,,,,,,TN
2016,bcdbc1e5d9a7c0fea2fcdc91ab0eebe908b34ece,0.933874378467018,autoland,4768104,12,53390121d39b212135aaffcd577053a14c7f0dff,linux1804-64-shippable-qr,True,False,,,102210fe594ee9b33d82058545b1ed14f4c8206e,custom.jsdebugger.stepOut.DAMP,damp,True,damp custom.jsdebugger.stepOut.DAMP opt e10s fission stylo webrender,4767202,77,ms,firefox,,1799040257,2023-11-22 19:14:54,1336555,,,,,,,,,,,,,,,,,,,,,,,,,,,,,,,,,,,,,,,,,,,,,,,,,TN
2017,3122924cd341ff55738fd6a06d4bd708010c15e4,0.9592745384374461,autoland,4768104,12,53390121d39b212135aaffcd577053a14c7f0dff,linux1804-64-shippable-qr,True,False,,,102210fe594ee9b33d82058545b1ed14f4c8206e,custom.jsdebugger.stepOut.DAMP,damp,True,damp custom.jsdebugger.stepOut.DAMP opt e10s fission stylo webrender,4767202,77,ms,firefox,,1799158975,2023-11-22 23:02:09,1336681,,,,,,,,,,,,,,,,,,,,,,,,,,,,,,,,,,,,,,,,,,,,,,,,,TN
2018,8366d9b1b0ca63aa3b706dd53ce23f052221c11b,0.9381327870809861,autoland,4768104,12,53390121d39b212135aaffcd577053a14c7f0dff,linux1804-64-shippable-qr,True,False,,,102210fe594ee9b33d82058545b1ed14f4c8206e,custom.jsdebugger.stepOut.DAMP,damp,True,damp custom.jsdebugger.stepOut.DAMP opt e10s fission stylo webrender,4767202,77,ms,firefox,,1799397172,2023-11-23 04:10:29,1336756,,,,,,,,,,,,,,,,,,,,,,,,,,,,,,,,,,,,,,,,,,,,,,,,,TN
2019,023a5c518562ad97c805915ae5addfcad59d1223,0.9435460280192913,autoland,4768104,12,53390121d39b212135aaffcd577053a14c7f0dff,linux1804-64-shippable-qr,True,False,,,102210fe594ee9b33d82058545b1ed14f4c8206e,custom.jsdebugger.stepOut.DAMP,damp,True,damp custom.jsdebugger.stepOut.DAMP opt e10s fission stylo webrender,4767202,77,ms,firefox,,1799508025,2023-11-23 08:19:48,1336795,,,,,,,,,,,,,,,,,,,,,,,,,,,,,,,,,,,,,,,,,,,,,,,,,TN
2020,7392664630b156e348b2a77aef6fdd70004c9b47,0.9288489351575122,autoland,4768104,12,53390121d39b212135aaffcd577053a14c7f0dff,linux1804-64-shippable-qr,True,False,,,102210fe594ee9b33d82058545b1ed14f4c8206e,custom.jsdebugger.stepOut.DAMP,damp,True,damp custom.jsdebugger.stepOut.DAMP opt e10s fission stylo webrender,4767202,77,ms,firefox,,1799633755,2023-11-23 10:10:14,1336839,,,,,,,,,,,,,,,,,,,,,,,,,,,,,,,,,,,,,,,,,,,,,,,,,TN
2021,872aa271adfdb73a79c09de279f0001bf419850c,0.9228395836218504,autoland,4768104,12,53390121d39b212135aaffcd577053a14c7f0dff,linux1804-64-shippable-qr,True,False,,,102210fe594ee9b33d82058545b1ed14f4c8206e,custom.jsdebugger.stepOut.DAMP,damp,True,damp custom.jsdebugger.stepOut.DAMP opt e10s fission stylo webrender,4767202,77,ms,firefox,,1799849561,2023-11-23 15:57:23,1337066,,,,,,,,,,,,,,,,,,,,,,,,,,,,,,,,,,,,,,,,,,,,,,,,,TN
2022,180501fca2278e97c30e09ab097da1cb514f5ca1,0.9496883931608668,autoland,4768104,12,53390121d39b212135aaffcd577053a14c7f0dff,linux1804-64-shippable-qr,True,False,,,102210fe594ee9b33d82058545b1ed14f4c8206e,custom.jsdebugger.stepOut.DAMP,damp,True,damp custom.jsdebugger.stepOut.DAMP opt e10s fission stylo webrender,4767202,77,ms,firefox,,1799963233,2023-11-23 19:58:47,1337231,,,,,,,,,,,,,,,,,,,,,,,,,,,,,,,,,,,,,,,,,,,,,,,,,TN
2023,29d489a7e05adef3300e076dd1c46d14928ddf24,0.9346917144125579,autoland,4768104,12,53390121d39b212135aaffcd577053a14c7f0dff,linux1804-64-shippable-qr,True,False,,,102210fe594ee9b33d82058545b1ed14f4c8206e,custom.jsdebugger.stepOut.DAMP,damp,True,damp custom.jsdebugger.stepOut.DAMP opt e10s fission stylo webrender,4767202,77,ms,firefox,,1800036108,2023-11-23 23:50:52,1337321,,,,,,,,,,,,,,,,,,,,,,,,,,,,,,,,,,,,,,,,,,,,,,,,,TN
2024,dbd1a6aef0a74dc60875a4904d9eddb5ca9afbb7,0.9237121747357933,autoland,4768104,12,53390121d39b212135aaffcd577053a14c7f0dff,linux1804-64-shippable-qr,True,False,,,102210fe594ee9b33d82058545b1ed14f4c8206e,custom.jsdebugger.stepOut.DAMP,damp,True,damp custom.jsdebugger.stepOut.DAMP opt e10s fission stylo webrender,4767202,77,ms,firefox,,1800245722,2023-11-24 05:36:58,1337356,,,,,,,,,,,,,,,,,,,,,,,,,,,,,,,,,,,,,,,,,,,,,,,,,TN
2025,8bec1f302a76929843c944e27b75ddcbf1f21954,0.9225152360912909,autoland,4768104,12,53390121d39b212135aaffcd577053a14c7f0dff,linux1804-64-shippable-qr,True,False,,,102210fe594ee9b33d82058545b1ed14f4c8206e,custom.jsdebugger.stepOut.DAMP,damp,True,damp custom.jsdebugger.stepOut.DAMP opt e10s fission stylo webrender,4767202,77,ms,firefox,,1800375135,2023-11-24 09:28:03,1337436,,,,,,,,,,,,,,,,,,,,,,,,,,,,,,,,,,,,,,,,,,,,,,,,,TN
2026,1e01aa4b558aff87267a6384c318e6963b66a0d8,0.9218079693395003,autoland,4768104,12,53390121d39b212135aaffcd577053a14c7f0dff,linux1804-64-shippable-qr,True,False,,,102210fe594ee9b33d82058545b1ed14f4c8206e,custom.jsdebugger.stepOut.DAMP,damp,True,damp custom.jsdebugger.stepOut.DAMP opt e10s fission stylo webrender,4767202,77,ms,firefox,,1800454526,2023-11-24 13:31:32,1337559,,,,,,,,,,,,,,,,,,,,,,,,,,,,,,,,,,,,,,,,,,,,,,,,,TN
2027,6354cfb105a6c9a46216d5c8ea95ee463892366e,0.933675616645403,autoland,4768104,12,53390121d39b212135aaffcd577053a14c7f0dff,linux1804-64-shippable-qr,True,False,,,102210fe594ee9b33d82058545b1ed14f4c8206e,custom.jsdebugger.stepOut.DAMP,damp,True,damp custom.jsdebugger.stepOut.DAMP opt e10s fission stylo webrender,4767202,77,ms,firefox,,1800481033,2023-11-24 14:07:25,1337582,,,,,,,,,,,,,,,,,,,,,,,,,,,,,,,,,,,,,,,,,,,,,,,,,TN
2028,8875acba4f482b90d60501b953fb4530b361bd8f,0.9256900271949604,autoland,4768104,12,53390121d39b212135aaffcd577053a14c7f0dff,linux1804-64-shippable-qr,True,False,,,102210fe594ee9b33d82058545b1ed14f4c8206e,custom.jsdebugger.stepOut.DAMP,damp,True,damp custom.jsdebugger.stepOut.DAMP opt e10s fission stylo webrender,4767202,77,ms,firefox,,1800663926,2023-11-24 21:54:25,1337760,,,,,,,,,,,,,,,,,,,,,,,,,,,,,,,,,,,,,,,,,,,,,,,,,TN
2029,a137631f73ce188671f50c5225295d64d427fec2,0.9470098205542776,autoland,4768104,12,53390121d39b212135aaffcd577053a14c7f0dff,linux1804-64-shippable-qr,True,False,,,102210fe594ee9b33d82058545b1ed14f4c8206e,custom.jsdebugger.stepOut.DAMP,damp,True,damp custom.jsdebugger.stepOut.DAMP opt e10s fission stylo webrender,4767202,77,ms,firefox,,1800749024,2023-11-25 04:13:26,1337799,,,,,,,,,,,,,,,,,,,,,,,,,,,,,,,,,,,,,,,,,,,,,,,,,TN
2030,860c52f225fa7410ed4a4bf3bd0eb0846483e08d,0.9398799186846818,autoland,4768104,12,53390121d39b212135aaffcd577053a14c7f0dff,linux1804-64-shippable-qr,True,False,,,102210fe594ee9b33d82058545b1ed14f4c8206e,custom.jsdebugger.stepOut.DAMP,damp,True,damp custom.jsdebugger.stepOut.DAMP opt e10s fission stylo webrender,4767202,77,ms,firefox,,1800806800,2023-11-25 09:26:54,1337840,,,,,,,,,,,,,,,,,,,,,,,,,,,,,,,,,,,,,,,,,,,,,,,,,TN
2031,2ff68fa9f49916065f4ebb7a74c0940bf425f396,0.9187595021641517,autoland,4768104,12,53390121d39b212135aaffcd577053a14c7f0dff,linux1804-64-shippable-qr,True,False,,,102210fe594ee9b33d82058545b1ed14f4c8206e,custom.jsdebugger.stepOut.DAMP,damp,True,damp custom.jsdebugger.stepOut.DAMP opt e10s fission stylo webrender,4767202,77,ms,firefox,,1800879234,2023-11-25 14:41:03,1337869,,,,,,,,,,,,,,,,,,,,,,,,,,,,,,,,,,,,,,,,,,,,,,,,,TN
2032,0cd5e7d76f8ac3e26423c36c9d06f91a310dab45,0.9426451769166242,autoland,4768104,12,53390121d39b212135aaffcd577053a14c7f0dff,linux1804-64-shippable-qr,True,False,,,102210fe594ee9b33d82058545b1ed14f4c8206e,custom.jsdebugger.stepOut.DAMP,damp,True,damp custom.jsdebugger.stepOut.DAMP opt e10s fission stylo webrender,4767202,77,ms,firefox,,1801012103,2023-11-26 15:57:31,1337946,,,,,,,,,,,,,,,,,,,,,,,,,,,,,,,,,,,,,,,,,,,,,,,,,TN
2033,ffaaa99c517223770b014031e25b54d585f95ef2,0.951501074267161,autoland,4768104,12,53390121d39b212135aaffcd577053a14c7f0dff,linux1804-64-shippable-qr,True,False,,,102210fe594ee9b33d82058545b1ed14f4c8206e,custom.jsdebugger.stepOut.DAMP,damp,True,damp custom.jsdebugger.stepOut.DAMP opt e10s fission stylo webrender,4767202,77,ms,firefox,,1801046935,2023-11-26 18:39:37,1337950,,,,,,,,,,,,,,,,,,,,,,,,,,,,,,,,,,,,,,,,,,,,,,,,,TN
2034,edf9292c0bc9c671afa4de12648c16622e9d418c,0.9390400456887604,autoland,4768104,12,53390121d39b212135aaffcd577053a14c7f0dff,linux1804-64-shippable-qr,True,False,,,102210fe594ee9b33d82058545b1ed14f4c8206e,custom.jsdebugger.stepOut.DAMP,damp,True,damp custom.jsdebugger.stepOut.DAMP opt e10s fission stylo webrender,4767202,77,ms,firefox,,1801196172,2023-11-27 01:49:37,1337984,,,,,,,,,,,,,,,,,,,,,,,,,,,,,,,,,,,,,,,,,,,,,,,,,TN
2035,c1a92ff5b44e8a296b847ed428ebeec04f7f8f72,0.920417073757015,autoland,4768104,12,53390121d39b212135aaffcd577053a14c7f0dff,linux1804-64-shippable-qr,True,False,,,102210fe594ee9b33d82058545b1ed14f4c8206e,custom.jsdebugger.stepOut.DAMP,damp,True,damp custom.jsdebugger.stepOut.DAMP opt e10s fission stylo webrender,4767202,77,ms,firefox,,1801358913,2023-11-27 10:22:36,1338085,,,,,,,,,,,,,,,,,,,,,,,,,,,,,,,,,,,,,,,,,,,,,,,,,TN
2036,9ca2bcf6799b1a5f71d2d58db26f6b6c16a90427,0.9373789916481574,autoland,4768104,12,53390121d39b212135aaffcd577053a14c7f0dff,linux1804-64-shippable-qr,True,False,,,102210fe594ee9b33d82058545b1ed14f4c8206e,custom.jsdebugger.stepOut.DAMP,damp,True,damp custom.jsdebugger.stepOut.DAMP opt e10s fission stylo webrender,4767202,77,ms,firefox,,1801419786,2023-11-27 14:05:43,1338215,,,,,,,,,,,,,,,,,,,,,,,,,,,,,,,,,,,,,,,,,,,,,,,,,TN
2037,6aa54d6d7cbf1a46e62c6765c489a940322b6bca,0.9308035312246576,autoland,4768104,12,53390121d39b212135aaffcd577053a14c7f0dff,linux1804-64-shippable-qr,True,False,,,102210fe594ee9b33d82058545b1ed14f4c8206e,custom.jsdebugger.stepOut.DAMP,damp,True,damp custom.jsdebugger.stepOut.DAMP opt e10s fission stylo webrender,4767202,77,ms,firefox,,1801580506,2023-11-27 17:34:20,1338399,,,,,,,,,,,,,,,,,,,,,,,,,,,,,,,,,,,,,,,,,,,,,,,,,TN
2038,fbcb2af38cdaecde2b2da1efc0fc49b82fa9749e,0.9609497448276934,autoland,4768104,12,53390121d39b212135aaffcd577053a14c7f0dff,linux1804-64-shippable-qr,True,False,,,102210fe594ee9b33d82058545b1ed14f4c8206e,custom.jsdebugger.stepOut.DAMP,damp,True,damp custom.jsdebugger.stepOut.DAMP opt e10s fission stylo webrender,4767202,77,ms,firefox,,1801929437,2023-11-28 05:10:16,1338781,,,,,,,,,,,,,,,,,,,,,,,,,,,,,,,,,,,,,,,,,,,,,,,,,TN
2039,785b3d438fe5a8cba4caf5f4a2ed7250d324096c,0.9465182897001225,autoland,4768104,12,53390121d39b212135aaffcd577053a14c7f0dff,linux1804-64-shippable-qr,True,False,,,102210fe594ee9b33d82058545b1ed14f4c8206e,custom.jsdebugger.stepOut.DAMP,damp,True,damp custom.jsdebugger.stepOut.DAMP opt e10s fission stylo webrender,4767202,77,ms,firefox,,1802008293,2023-11-28 08:42:21,1338855,,,,,,,,,,,,,,,,,,,,,,,,,,,,,,,,,,,,,,,,,,,,,,,,,TN
2040,1957c4453ab1dfba8b7820dbf2fe772220e6eedc,0.948898396168806,autoland,4768104,12,53390121d39b212135aaffcd577053a14c7f0dff,linux1804-64-shippable-qr,True,False,,,102210fe594ee9b33d82058545b1ed14f4c8206e,custom.jsdebugger.stepOut.DAMP,damp,True,damp custom.jsdebugger.stepOut.DAMP opt e10s fission stylo webrender,4767202,77,ms,firefox,,1802148627,2023-11-28 13:17:34,1339007,,,,,,,,,,,,,,,,,,,,,,,,,,,,,,,,,,,,,,,,,,,,,,,,,TN
2041,0745c3e29ba3856c91cbae74bd41d2135137bfd0,0.9473312340853246,autoland,4768104,12,53390121d39b212135aaffcd577053a14c7f0dff,linux1804-64-shippable-qr,True,False,,,102210fe594ee9b33d82058545b1ed14f4c8206e,custom.jsdebugger.stepOut.DAMP,damp,True,damp custom.jsdebugger.stepOut.DAMP opt e10s fission stylo webrender,4767202,77,ms,firefox,,1802228032,2023-11-28 14:12:32,1339043,,,,,,,,,,,,,,,,,,,,,,,,,,,,,,,,,,,,,,,,,,,,,,,,,TN
2042,691b7e1a899214d8685841da762bd2b2415fa569,0.932099046488545,autoland,4768104,12,53390121d39b212135aaffcd577053a14c7f0dff,linux1804-64-shippable-qr,True,False,,,102210fe594ee9b33d82058545b1ed14f4c8206e,custom.jsdebugger.stepOut.DAMP,damp,True,damp custom.jsdebugger.stepOut.DAMP opt e10s fission stylo webrender,4767202,77,ms,firefox,,1802315369,2023-11-28 17:36:07,1339183,,,,,,,,,,,,,,,,,,,,,,,,,,,,,,,,,,,,,,,,,,,,,,,,,TN
2043,000fea3a9ed37b16c009c76e8af859a50c9234dc,0.9264556281752296,autoland,4768104,12,53390121d39b212135aaffcd577053a14c7f0dff,linux1804-64-shippable-qr,True,False,,,102210fe594ee9b33d82058545b1ed14f4c8206e,custom.jsdebugger.stepOut.DAMP,damp,True,damp custom.jsdebugger.stepOut.DAMP opt e10s fission stylo webrender,4767202,77,ms,firefox,,1802469584,2023-11-28 21:29:24,1339366,,,,,,,,,,,,,,,,,,,,,,,,,,,,,,,,,,,,,,,,,,,,,,,,,TN
2044,a162f6ee0eef32a68c73ddb77aa04efda3afeb7c,0.9466037929823155,autoland,4768104,12,53390121d39b212135aaffcd577053a14c7f0dff,linux1804-64-shippable-qr,True,False,,,102210fe594ee9b33d82058545b1ed14f4c8206e,custom.jsdebugger.stepOut.DAMP,damp,True,damp custom.jsdebugger.stepOut.DAMP opt e10s fission stylo webrender,4767202,77,ms,firefox,,1802589987,2023-11-29 01:28:26,1339520,,,,,,,,,,,,,,,,,,,,,,,,,,,,,,,,,,,,,,,,,,,,,,,,,TN
2045,b675f0a9e569a63bedb249150a2be6b3e15197f9,0.9543265624508019,autoland,4768104,12,53390121d39b212135aaffcd577053a14c7f0dff,linux1804-64-shippable-qr,True,False,,,102210fe594ee9b33d82058545b1ed14f4c8206e,custom.jsdebugger.stepOut.DAMP,damp,True,damp custom.jsdebugger.stepOut.DAMP opt e10s fission stylo webrender,4767202,77,ms,firefox,,1802750393,2023-11-29 06:56:45,1339623,,,,,,,,,,,,,,,,,,,,,,,,,,,,,,,,,,,,,,,,,,,,,,,,,TN
2046,66c2fb78dfe25ce9af21d0e1dd82f62dbb5da53f,0.9420576507268257,autoland,4768104,12,53390121d39b212135aaffcd577053a14c7f0dff,linux1804-64-shippable-qr,True,False,,,102210fe594ee9b33d82058545b1ed14f4c8206e,custom.jsdebugger.stepOut.DAMP,damp,True,damp custom.jsdebugger.stepOut.DAMP opt e10s fission stylo webrender,4767202,77,ms,firefox,,1802826065,2023-11-29 09:02:39,1339662,,,,,,,,,,,,,,,,,,,,,,,,,,,,,,,,,,,,,,,,,,,,,,,,,TN
2047,65a0553b296ae1432e5d18c3d2d607cacbb0a35e,0.9337328400674645,autoland,4768104,12,53390121d39b212135aaffcd577053a14c7f0dff,linux1804-64-shippable-qr,True,False,,,102210fe594ee9b33d82058545b1ed14f4c8206e,custom.jsdebugger.stepOut.DAMP,damp,True,damp custom.jsdebugger.stepOut.DAMP opt e10s fission stylo webrender,4767202,77,ms,firefox,,1803269667,2023-11-29 22:52:27,1340166,,,,,,,,,,,,,,,,,,,,,,,,,,,,,,,,,,,,,,,,,,,,,,,,,TN
2048,4bbe309179a5869e893e8f9ed2b110ef00ccec95,0.9162478863479748,autoland,4768104,12,53390121d39b212135aaffcd577053a14c7f0dff,linux1804-64-shippable-qr,True,False,,,102210fe594ee9b33d82058545b1ed14f4c8206e,custom.jsdebugger.stepOut.DAMP,damp,True,damp custom.jsdebugger.stepOut.DAMP opt e10s fission stylo webrender,4767202,77,ms,firefox,,1803293821,2023-11-29 22:59:56,1340178,,,,,,,,,,,,,,,,,,,,,,,,,,,,,,,,,,,,,,,,,,,,,,,,,TN
2049,556c8b22cbbbcc165c42b2c52ebdfd01be3cee6b,0.9468049920205919,autoland,4768104,12,53390121d39b212135aaffcd577053a14c7f0dff,linux1804-64-shippable-qr,True,False,,,102210fe594ee9b33d82058545b1ed14f4c8206e,custom.jsdebugger.stepOut.DAMP,damp,True,damp custom.jsdebugger.stepOut.DAMP opt e10s fission stylo webrender,4767202,77,ms,firefox,,1803436125,2023-11-30 04:33:01,1340302,,,,,,,,,,,,,,,,,,,,,,,,,,,,,,,,,,,,,,,,,,,,,,,,,TN
2050,43fc350794aaccc50748bce9b965590d842ef9ac,0.9319548065839127,autoland,4768104,12,53390121d39b212135aaffcd577053a14c7f0dff,linux1804-64-shippable-qr,True,False,,,102210fe594ee9b33d82058545b1ed14f4c8206e,custom.jsdebugger.stepOut.DAMP,damp,True,damp custom.jsdebugger.stepOut.DAMP opt e10s fission stylo webrender,4767202,77,ms,firefox,,1803540227,2023-11-30 08:51:25,1340399,,,,,,,,,,,,,,,,,,,,,,,,,,,,,,,,,,,,,,,,,,,,,,,,,TN
2051,b33dd40c7ea956e89c10d4e8a54f9e869a431b64,0.9540029759915107,autoland,4768104,12,53390121d39b212135aaffcd577053a14c7f0dff,linux1804-64-shippable-qr,True,False,,,102210fe594ee9b33d82058545b1ed14f4c8206e,custom.jsdebugger.stepOut.DAMP,damp,True,damp custom.jsdebugger.stepOut.DAMP opt e10s fission stylo webrender,4767202,77,ms,firefox,,1803551415,2023-11-30 08:52:22,1340400,,,,,,,,,,,,,,,,,,,,,,,,,,,,,,,,,,,,,,,,,,,,,,,,,TN
2052,120432262a8cb73f69c8d683b4ddec3a037cbd91,0.9246294544470564,autoland,4768104,12,53390121d39b212135aaffcd577053a14c7f0dff,linux1804-64-shippable-qr,True,False,,,102210fe594ee9b33d82058545b1ed14f4c8206e,custom.jsdebugger.stepOut.DAMP,damp,True,damp custom.jsdebugger.stepOut.DAMP opt e10s fission stylo webrender,4767202,77,ms,firefox,,1803678841,2023-11-30 13:07:37,1340520,,,,,,,,,,,,,,,,,,,,,,,,,,,,,,,,,,,,,,,,,,,,,,,,,TN
2053,1d1fb9d5a4974d94e8c317f226c962fd351eae27,0.9197927359586493,autoland,4768104,12,53390121d39b212135aaffcd577053a14c7f0dff,linux1804-64-shippable-qr,True,False,,,102210fe594ee9b33d82058545b1ed14f4c8206e,custom.jsdebugger.stepOut.DAMP,damp,True,damp custom.jsdebugger.stepOut.DAMP opt e10s fission stylo webrender,4767202,77,ms,firefox,,1803689478,2023-11-30 13:51:04,1340541,,,,,,,,,,,,,,,,,,,,,,,,,,,,,,,,,,,,,,,,,,,,,,,,,TN
2054,3ec1ddf45e5a6562bd1d81fe4144541880bf3a24,0.9428772152401481,autoland,4768104,12,53390121d39b212135aaffcd577053a14c7f0dff,linux1804-64-shippable-qr,True,False,,,102210fe594ee9b33d82058545b1ed14f4c8206e,custom.jsdebugger.stepOut.DAMP,damp,True,damp custom.jsdebugger.stepOut.DAMP opt e10s fission stylo webrender,4767202,77,ms,firefox,,1803843873,2023-11-30 17:04:12,1340716,,,,,,,,,,,,,,,,,,,,,,,,,,,,,,,,,,,,,,,,,,,,,,,,,TN
2055,620e49ab6438e8c933133e9b4eb7a11188514a70,0.9322898081193507,autoland,4768104,12,53390121d39b212135aaffcd577053a14c7f0dff,linux1804-64-shippable-qr,True,False,,,102210fe594ee9b33d82058545b1ed14f4c8206e,custom.jsdebugger.stepOut.DAMP,damp,True,damp custom.jsdebugger.stepOut.DAMP opt e10s fission stylo webrender,4767202,77,ms,firefox,,1803929951,2023-11-30 20:20:14,1340881,,,,,,,,,,,,,,,,,,,,,,,,,,,,,,,,,,,,,,,,,,,,,,,,,TN
2056,68378d2409bc693ef00f3f157ecaea7067df7edc,0.951171877142422,autoland,4768104,12,53390121d39b212135aaffcd577053a14c7f0dff,linux1804-64-shippable-qr,True,False,,,102210fe594ee9b33d82058545b1ed14f4c8206e,custom.jsdebugger.stepOut.DAMP,damp,True,damp custom.jsdebugger.stepOut.DAMP opt e10s fission stylo webrender,4767202,77,ms,firefox,,1804007068,2023-11-30 22:54:04,1340995,,,,,,,,,,,,,,,,,,,,,,,,,,,,,,,,,,,,,,,,,,,,,,,,,TN
2057,a1795b069cc23fbcb93366d99b3ddfb8664f054c,0.9380105606176015,autoland,4768104,12,53390121d39b212135aaffcd577053a14c7f0dff,linux1804-64-shippable-qr,True,False,,,102210fe594ee9b33d82058545b1ed14f4c8206e,custom.jsdebugger.stepOut.DAMP,damp,True,damp custom.jsdebugger.stepOut.DAMP opt e10s fission stylo webrender,4767202,77,ms,firefox,,1804104900,2023-12-01 03:29:20,1341103,,,,,,,,,,,,,,,,,,,,,,,,,,,,,,,,,,,,,,,,,,,,,,,,,TN
2058,81869d55a8d7b3d1d573810ab4e99f63cbe11a8a,0.9467738049873098,autoland,4768104,12,53390121d39b212135aaffcd577053a14c7f0dff,linux1804-64-shippable-qr,True,False,,,102210fe594ee9b33d82058545b1ed14f4c8206e,custom.jsdebugger.stepOut.DAMP,damp,True,damp custom.jsdebugger.stepOut.DAMP opt e10s fission stylo webrender,4767202,77,ms,firefox,,1804240282,2023-12-01 07:13:54,1341156,,,,,,,,,,,,,,,,,,,,,,,,,,,,,,,,,,,,,,,,,,,,,,,,,TN
2059,7440634a33a31738fc145eeac0bb47bc73fc64a0,0.9436225425127225,autoland,4768104,12,53390121d39b212135aaffcd577053a14c7f0dff,linux1804-64-shippable-qr,True,False,,,102210fe594ee9b33d82058545b1ed14f4c8206e,custom.jsdebugger.stepOut.DAMP,damp,True,damp custom.jsdebugger.stepOut.DAMP opt e10s fission stylo webrender,4767202,77,ms,firefox,,1804354871,2023-12-01 11:47:02,1341285,,,,,,,,,,,,,,,,,,,,,,,,,,,,,,,,,,,,,,,,,,,,,,,,,TN
2060,22b9561cfef1c56a9940f5117d7ff6a754861629,0.9222810516659428,autoland,4768104,12,53390121d39b212135aaffcd577053a14c7f0dff,linux1804-64-shippable-qr,True,False,,,102210fe594ee9b33d82058545b1ed14f4c8206e,custom.jsdebugger.stepOut.DAMP,damp,True,damp custom.jsdebugger.stepOut.DAMP opt e10s fission stylo webrender,4767202,77,ms,firefox,,1804428475,2023-12-01 14:17:01,1341402,,,,,,,,,,,,,,,,,,,,,,,,,,,,,,,,,,,,,,,,,,,,,,,,,TN
2061,efe09552a4d3540f0639e50d023f74997921fa37,0.9296378054461685,autoland,4768104,12,53390121d39b212135aaffcd577053a14c7f0dff,linux1804-64-shippable-qr,True,False,,,102210fe594ee9b33d82058545b1ed14f4c8206e,custom.jsdebugger.stepOut.DAMP,damp,True,damp custom.jsdebugger.stepOut.DAMP opt e10s fission stylo webrender,4767202,77,ms,firefox,,1804530250,2023-12-01 17:28:20,1341534,,,,,,,,,,,,,,,,,,,,,,,,,,,,,,,,,,,,,,,,,,,,,,,,,TN
2062,a5a9381a759e44485d639727614ceb2b77851c90,0.9286944764297891,autoland,4768104,12,53390121d39b212135aaffcd577053a14c7f0dff,linux1804-64-shippable-qr,True,False,,,102210fe594ee9b33d82058545b1ed14f4c8206e,custom.jsdebugger.stepOut.DAMP,damp,True,damp custom.jsdebugger.stepOut.DAMP opt e10s fission stylo webrender,4767202,77,ms,firefox,,1804634311,2023-12-01 20:34:55,1341661,,,,,,,,,,,,,,,,,,,,,,,,,,,,,,,,,,,,,,,,,,,,,,,,,TN
2063,bf4c1083cec10076ccbf07f2cfc3e18b04d0bf72,0.9277748061995179,autoland,4768104,12,53390121d39b212135aaffcd577053a14c7f0dff,linux1804-64-shippable-qr,True,False,,,102210fe594ee9b33d82058545b1ed14f4c8206e,custom.jsdebugger.stepOut.DAMP,damp,True,damp custom.jsdebugger.stepOut.DAMP opt e10s fission stylo webrender,4767202,77,ms,firefox,,1804730745,2023-12-02 01:52:53,1341816,,,,,,,,,,,,,,,,,,,,,,,,,,,,,,,,,,,,,,,,,,,,,,,,,TN
2064,965cddb8421900af69da86a586e617bf7dec3b56,0.9140487558817478,autoland,4768104,12,53390121d39b212135aaffcd577053a14c7f0dff,linux1804-64-shippable-qr,True,False,,,102210fe594ee9b33d82058545b1ed14f4c8206e,custom.jsdebugger.stepOut.DAMP,damp,True,damp custom.jsdebugger.stepOut.DAMP opt e10s fission stylo webrender,4767202,77,ms,firefox,,1804860826,2023-12-02 08:10:23,1341832,,,,,,,,,,,,,,,,,,,,,,,,,,,,,,,,,,,,,,,,,,,,,,,,,TN
2065,2d582fee4916ee442de05970cc77f7be702c22a2,0.9375951716697353,autoland,4768104,12,53390121d39b212135aaffcd577053a14c7f0dff,linux1804-64-shippable-qr,True,False,,,102210fe594ee9b33d82058545b1ed14f4c8206e,custom.jsdebugger.stepOut.DAMP,damp,True,damp custom.jsdebugger.stepOut.DAMP opt e10s fission stylo webrender,4767202,77,ms,firefox,,1804954122,2023-12-02 14:39:28,1341863,,,,,,,,,,,,,,,,,,,,,,,,,,,,,,,,,,,,,,,,,,,,,,,,,TN
2066,d5a2cb7b9272b5c9cdfe4a0397c570ce5f9260bf,0.9499034295884823,autoland,4768104,12,53390121d39b212135aaffcd577053a14c7f0dff,linux1804-64-shippable-qr,True,False,,,102210fe594ee9b33d82058545b1ed14f4c8206e,custom.jsdebugger.stepOut.DAMP,damp,True,damp custom.jsdebugger.stepOut.DAMP opt e10s fission stylo webrender,4767202,77,ms,firefox,,1805023338,2023-12-02 18:55:31,1341891,,,,,,,,,,,,,,,,,,,,,,,,,,,,,,,,,,,,,,,,,,,,,,,,,TN
2067,fe75ab906c798b6697934b3789355dceb5748966,0.9776446369732652,autoland,4768104,12,53390121d39b212135aaffcd577053a14c7f0dff,linux1804-64-shippable-qr,True,False,,,102210fe594ee9b33d82058545b1ed14f4c8206e,custom.jsdebugger.stepOut.DAMP,damp,True,damp custom.jsdebugger.stepOut.DAMP opt e10s fission stylo webrender,4767202,77,ms,firefox,,1805082213,2023-12-03 00:49:27,1341930,,,,,,,,,,,,,,,,,,,,,,,,,,,,,,,,,,,,,,,,,,,,,,,,,TN
2068,8e959a7ded5f111e711c06a6728f76d3bd660699,0.9513000491028152,autoland,4768104,12,53390121d39b212135aaffcd577053a14c7f0dff,linux1804-64-shippable-qr,True,False,,,102210fe594ee9b33d82058545b1ed14f4c8206e,custom.jsdebugger.stepOut.DAMP,damp,True,damp custom.jsdebugger.stepOut.DAMP opt e10s fission stylo webrender,4767202,77,ms,firefox,,1805115878,2023-12-03 05:05:07,1341942,,,,,,,,,,,,,,,,,,,,,,,,,,,,,,,,,,,,,,,,,,,,,,,,,TN
2069,5d84c395021682cc2af1bf5da98c205cfbc32f76,0.930507271796049,autoland,4768104,12,53390121d39b212135aaffcd577053a14c7f0dff,linux1804-64-shippable-qr,True,False,,,102210fe594ee9b33d82058545b1ed14f4c8206e,custom.jsdebugger.stepOut.DAMP,damp,True,damp custom.jsdebugger.stepOut.DAMP opt e10s fission stylo webrender,4767202,77,ms,firefox,,1805218699,2023-12-03 10:45:57,1341997,,,,,,,,,,,,,,,,,,,,,,,,,,,,,,,,,,,,,,,,,,,,,,,,,TN
2070,3445cc3f842050a3cdfc4da74ce254df933f7e7b,0.9481172995380802,autoland,4768104,12,53390121d39b212135aaffcd577053a14c7f0dff,linux1804-64-shippable-qr,True,False,,,102210fe594ee9b33d82058545b1ed14f4c8206e,custom.jsdebugger.stepOut.DAMP,damp,True,damp custom.jsdebugger.stepOut.DAMP opt e10s fission stylo webrender,4767202,77,ms,firefox,,1805247187,2023-12-03 12:21:22,1342011,,,,,,,,,,,,,,,,,,,,,,,,,,,,,,,,,,,,,,,,,,,,,,,,,TN
2071,8038f0b90bbd46dcb74eaaddf1fd1c6871dc4426,0.9275658990786684,autoland,4768104,12,53390121d39b212135aaffcd577053a14c7f0dff,linux1804-64-shippable-qr,True,False,,,102210fe594ee9b33d82058545b1ed14f4c8206e,custom.jsdebugger.stepOut.DAMP,damp,True,damp custom.jsdebugger.stepOut.DAMP opt e10s fission stylo webrender,4767202,77,ms,firefox,,1805307940,2023-12-03 18:05:44,1342033,,,,,,,,,,,,,,,,,,,,,,,,,,,,,,,,,,,,,,,,,,,,,,,,,TN
2072,369922cc5c4efad6c87b13600325eb5a989cde81,0.9194481345916143,autoland,4768104,12,53390121d39b212135aaffcd577053a14c7f0dff,linux1804-64-shippable-qr,True,False,,,102210fe594ee9b33d82058545b1ed14f4c8206e,custom.jsdebugger.stepOut.DAMP,damp,True,damp custom.jsdebugger.stepOut.DAMP opt e10s fission stylo webrender,4767202,77,ms,firefox,,1805418862,2023-12-04 01:54:51,1342108,,,,,,,,,,,,,,,,,,,,,,,,,,,,,,,,,,,,,,,,,,,,,,,,,TN
2073,223106736a61f5cc112b0cc9d38ab1f63e034f89,0.9322729085605617,autoland,4768104,12,53390121d39b212135aaffcd577053a14c7f0dff,linux1804-64-shippable-qr,True,False,,,102210fe594ee9b33d82058545b1ed14f4c8206e,custom.jsdebugger.stepOut.DAMP,damp,True,damp custom.jsdebugger.stepOut.DAMP opt e10s fission stylo webrender,4767202,77,ms,firefox,,1805683118,2023-12-04 11:05:28,1342238,,,,,,,,,,,,,,,,,,,,,,,,,,,,,,,,,,,,,,,,,,,,,,,,,TN
2074,20b709d0fa5633c408dd900f830b09af96c0465d,0.9427195284174854,autoland,4768104,12,53390121d39b212135aaffcd577053a14c7f0dff,linux1804-64-shippable-qr,True,False,,,102210fe594ee9b33d82058545b1ed14f4c8206e,custom.jsdebugger.stepOut.DAMP,damp,True,damp custom.jsdebugger.stepOut.DAMP opt e10s fission stylo webrender,4767202,77,ms,firefox,,1805656733,2023-12-04 11:06:23,1342240,,,,,,,,,,,,,,,,,,,,,,,,,,,,,,,,,,,,,,,,,,,,,,,,,TN
2075,38094e01a744c421fe469d9a01cbfe12a1ee949b,0.9190537605515421,autoland,4768104,12,53390121d39b212135aaffcd577053a14c7f0dff,linux1804-64-shippable-qr,True,False,,,102210fe594ee9b33d82058545b1ed14f4c8206e,custom.jsdebugger.stepOut.DAMP,damp,True,damp custom.jsdebugger.stepOut.DAMP opt e10s fission stylo webrender,4767202,77,ms,firefox,,1805776550,2023-12-04 14:54:31,1342377,,,,,,,,,,,,,,,,,,,,,,,,,,,,,,,,,,,,,,,,,,,,,,,,,TN
2076,3d0a5f6fd8b4a0537cb85ae502a4be6cafec1c23,0.9582619151695599,autoland,4768104,12,53390121d39b212135aaffcd577053a14c7f0dff,linux1804-64-shippable-qr,True,False,,,102210fe594ee9b33d82058545b1ed14f4c8206e,custom.jsdebugger.stepOut.DAMP,damp,True,damp custom.jsdebugger.stepOut.DAMP opt e10s fission stylo webrender,4767202,77,ms,firefox,,1806063100,2023-12-04 22:13:56,1342750,,,,,,,,,,,,,,,,,,,,,,,,,,,,,,,,,,,,,,,,,,,,,,,,,TN
2077,39486bb8305a2e3128c6ecd97d33378744922507,0.9388366955808509,autoland,4768104,12,53390121d39b212135aaffcd577053a14c7f0dff,linux1804-64-shippable-qr,True,False,,,102210fe594ee9b33d82058545b1ed14f4c8206e,custom.jsdebugger.stepOut.DAMP,damp,True,damp custom.jsdebugger.stepOut.DAMP opt e10s fission stylo webrender,4767202,77,ms,firefox,,1806156862,2023-12-05 02:36:15,1342897,,,,,,,,,,,,,,,,,,,,,,,,,,,,,,,,,,,,,,,,,,,,,,,,,TN
2078,775ade8b04da775ad41d5d135baae415863a874c,0.9252068780610248,autoland,4768104,12,53390121d39b212135aaffcd577053a14c7f0dff,linux1804-64-shippable-qr,True,False,,,102210fe594ee9b33d82058545b1ed14f4c8206e,custom.jsdebugger.stepOut.DAMP,damp,True,damp custom.jsdebugger.stepOut.DAMP opt e10s fission stylo webrender,4767202,77,ms,firefox,,1806198631,2023-12-05 03:50:36,1342908,,,,,,,,,,,,,,,,,,,,,,,,,,,,,,,,,,,,,,,,,,,,,,,,,TN
2079,429e8cc8473b4c76828d06e2f07abbeb9dbebd81,0.9244465290688915,autoland,4768104,12,53390121d39b212135aaffcd577053a14c7f0dff,linux1804-64-shippable-qr,True,False,,,102210fe594ee9b33d82058545b1ed14f4c8206e,custom.jsdebugger.stepOut.DAMP,damp,True,damp custom.jsdebugger.stepOut.DAMP opt e10s fission stylo webrender,4767202,77,ms,firefox,,1806369269,2023-12-05 08:48:01,1342965,,,,,,,,,,,,,,,,,,,,,,,,,,,,,,,,,,,,,,,,,,,,,,,,,TN
2080,10602eb918edd2ccf85a22fb60b3dc62c845c42a,0.9519271380845893,autoland,4768104,12,53390121d39b212135aaffcd577053a14c7f0dff,linux1804-64-shippable-qr,True,False,,,102210fe594ee9b33d82058545b1ed14f4c8206e,custom.jsdebugger.stepOut.DAMP,damp,True,damp custom.jsdebugger.stepOut.DAMP opt e10s fission stylo webrender,4767202,77,ms,firefox,,1806380274,2023-12-05 11:07:31,1343031,,,,,,,,,,,,,,,,,,,,,,,,,,,,,,,,,,,,,,,,,,,,,,,,,TN
2081,e603b8b016d76de025bea02bfdc1e0590166c2c0,0.9433181398196127,autoland,4768104,12,53390121d39b212135aaffcd577053a14c7f0dff,linux1804-64-shippable-qr,True,False,,,102210fe594ee9b33d82058545b1ed14f4c8206e,custom.jsdebugger.stepOut.DAMP,damp,True,damp custom.jsdebugger.stepOut.DAMP opt e10s fission stylo webrender,4767202,77,ms,firefox,,1806489015,2023-12-05 15:11:37,1343145,,,,,,,,,,,,,,,,,,,,,,,,,,,,,,,,,,,,,,,,,,,,,,,,,TN
2082,91bda8b5915b84ed6533a6620f955f271dc5aac3,0.9345008077212433,autoland,4768104,12,53390121d39b212135aaffcd577053a14c7f0dff,linux1804-64-shippable-qr,True,False,,,102210fe594ee9b33d82058545b1ed14f4c8206e,custom.jsdebugger.stepOut.DAMP,damp,True,damp custom.jsdebugger.stepOut.DAMP opt e10s fission stylo webrender,4767202,77,ms,firefox,,1806525702,2023-12-05 16:28:46,1343203,,,,,,,,,,,,,,,,,,,,,,,,,,,,,,,,,,,,,,,,,,,,,,,,,TN
2083,f778448a1da5f0622c4361d37810461a035f4627,0.9341897690030585,autoland,4768104,12,53390121d39b212135aaffcd577053a14c7f0dff,linux1804-64-shippable-qr,True,False,,,102210fe594ee9b33d82058545b1ed14f4c8206e,custom.jsdebugger.stepOut.DAMP,damp,True,damp custom.jsdebugger.stepOut.DAMP opt e10s fission stylo webrender,4767202,77,ms,firefox,,1806736371,2023-12-05 20:37:35,1343409,,,,,,,,,,,,,,,,,,,,,,,,,,,,,,,,,,,,,,,,,,,,,,,,,TN
2084,177375e24d1352ab203de0ac3aa53003c5d0ffd2,0.9150784287367257,autoland,4768104,12,53390121d39b212135aaffcd577053a14c7f0dff,linux1804-64-shippable-qr,True,False,,,102210fe594ee9b33d82058545b1ed14f4c8206e,custom.jsdebugger.stepOut.DAMP,damp,True,damp custom.jsdebugger.stepOut.DAMP opt e10s fission stylo webrender,4767202,77,ms,firefox,,1806763340,2023-12-05 21:38:52,1343440,,,,,,,,,,,,,,,,,,,,,,,,,,,,,,,,,,,,,,,,,,,,,,,,,TN
2085,30004166d9f2cc3399da68e8762c35b1b886c0dc,0.9093400424346567,autoland,4768104,12,53390121d39b212135aaffcd577053a14c7f0dff,linux1804-64-shippable-qr,True,False,,,102210fe594ee9b33d82058545b1ed14f4c8206e,custom.jsdebugger.stepOut.DAMP,damp,True,damp custom.jsdebugger.stepOut.DAMP opt e10s fission stylo webrender,4767202,77,ms,firefox,,1806906611,2023-12-06 02:13:38,1343563,,,,,,,,,,,,,,,,,,,,,,,,,,,,,,,,,,,,,,,,,,,,,,,,,TN
2086,63afa0f8febdc8b199d998d50bb76fc8f7945c3e,0.9402499821595021,autoland,4768104,12,53390121d39b212135aaffcd577053a14c7f0dff,linux1804-64-shippable-qr,True,False,,,102210fe594ee9b33d82058545b1ed14f4c8206e,custom.jsdebugger.stepOut.DAMP,damp,True,damp custom.jsdebugger.stepOut.DAMP opt e10s fission stylo webrender,4767202,77,ms,firefox,,1807038411,2023-12-06 09:09:58,1343650,,,,,,,,,,,,,,,,,,,,,,,,,,,,,,,,,,,,,,,,,,,,,,,,,TN
2087,52f516546de7ac66228e074000877d32ebf093af,0.9124527456186313,autoland,4768104,12,53390121d39b212135aaffcd577053a14c7f0dff,linux1804-64-shippable-qr,True,False,,,102210fe594ee9b33d82058545b1ed14f4c8206e,custom.jsdebugger.stepOut.DAMP,damp,True,damp custom.jsdebugger.stepOut.DAMP opt e10s fission stylo webrender,4767202,77,ms,firefox,,1807134588,2023-12-06 13:42:54,1343745,,,,,,,,,,,,,,,,,,,,,,,,,,,,,,,,,,,,,,,,,,,,,,,,,TN
2088,a035ddfc75fc597cd1df3c347d2cbbc50568f884,0.93847105645396,autoland,4768104,12,53390121d39b212135aaffcd577053a14c7f0dff,linux1804-64-shippable-qr,True,False,,,102210fe594ee9b33d82058545b1ed14f4c8206e,custom.jsdebugger.stepOut.DAMP,damp,True,damp custom.jsdebugger.stepOut.DAMP opt e10s fission stylo webrender,4767202,77,ms,firefox,,1807152566,2023-12-06 14:11:26,1343771,,,,,,,,,,,,,,,,,,,,,,,,,,,,,,,,,,,,,,,,,,,,,,,,,TN
2089,ab110e2fcc6ab3c8e078fe970b109f482069386e,0.9331703159645575,autoland,4768104,12,53390121d39b212135aaffcd577053a14c7f0dff,linux1804-64-shippable-qr,True,False,,,102210fe594ee9b33d82058545b1ed14f4c8206e,custom.jsdebugger.stepOut.DAMP,damp,True,damp custom.jsdebugger.stepOut.DAMP opt e10s fission stylo webrender,4767202,77,ms,firefox,,1807324579,2023-12-06 18:17:17,1343990,,,,,,,,,,,,,,,,,,,,,,,,,,,,,,,,,,,,,,,,,,,,,,,,,TN
2090,f3fc0213f527ba806a10092bbadec34e00dbe4f6,0.6215120916387178,autoland,4768104,12,53390121d39b212135aaffcd577053a14c7f0dff,linux1804-64-shippable-qr,True,False,,,102210fe594ee9b33d82058545b1ed14f4c8206e,custom.jsdebugger.stepOut.DAMP,damp,True,damp custom.jsdebugger.stepOut.DAMP opt e10s fission stylo webrender,4767202,77,ms,firefox,,1807442101,2023-12-06 22:50:02,1344189,,,,,,,,,,,,,,,,,,,,,,,,,,,,,,,,,,,,,,,,,,,,,,,,,TN
2091,93a04e8835aaaf359b24f47f54d622f7d36fd813,0.9529596922801167,autoland,4768104,12,53390121d39b212135aaffcd577053a14c7f0dff,linux1804-64-shippable-qr,True,False,,,102210fe594ee9b33d82058545b1ed14f4c8206e,custom.jsdebugger.stepOut.DAMP,damp,True,damp custom.jsdebugger.stepOut.DAMP opt e10s fission stylo webrender,4767202,77,ms,firefox,,1807535060,2023-12-07 04:18:34,1344290,,,,,,,,,,,,,,,,,,,,,,,,,,,,,,,,,,,,,,,,,,,,,,,,,TN
2092,f5d904bee3fe6c9e79061b56c8499b6154f7d3ff,0.9294983823478995,autoland,4768104,12,53390121d39b212135aaffcd577053a14c7f0dff,linux1804-64-shippable-qr,True,False,,,102210fe594ee9b33d82058545b1ed14f4c8206e,custom.jsdebugger.stepOut.DAMP,damp,True,damp custom.jsdebugger.stepOut.DAMP opt e10s fission stylo webrender,4767202,77,ms,firefox,,1807628948,2023-12-07 09:07:30,1344349,,,,,,,,,,,,,,,,,,,,,,,,,,,,,,,,,,,,,,,,,,,,,,,,,TN
2093,bea12a00706c3b2951d467008996bf7e89d17e5b,0.9172626428014499,autoland,4768104,12,53390121d39b212135aaffcd577053a14c7f0dff,linux1804-64-shippable-qr,True,False,,,102210fe594ee9b33d82058545b1ed14f4c8206e,custom.jsdebugger.stepOut.DAMP,damp,True,damp custom.jsdebugger.stepOut.DAMP opt e10s fission stylo webrender,4767202,77,ms,firefox,,1807737637,2023-12-07 12:51:56,1344456,,,,,,,,,,,,,,,,,,,,,,,,,,,,,,,,,,,,,,,,,,,,,,,,,TN
2094,797281d7e3b5fdd5f6a033248fec7bd885227546,0.9483352620165497,autoland,4768104,12,53390121d39b212135aaffcd577053a14c7f0dff,linux1804-64-shippable-qr,True,False,,,102210fe594ee9b33d82058545b1ed14f4c8206e,custom.jsdebugger.stepOut.DAMP,damp,True,damp custom.jsdebugger.stepOut.DAMP opt e10s fission stylo webrender,4767202,77,ms,firefox,,1808075613,2023-12-07 21:41:48,1344786,,,,,,,,,,,,,,,,,,,,,,,,,,,,,,,,,,,,,,,,,,,,,,,,,TN
2095,c34126c5e2a85c81e511c7c4017e7f2694ddce13,0.9388719582205627,autoland,4768104,12,53390121d39b212135aaffcd577053a14c7f0dff,linux1804-64-shippable-qr,True,False,,,102210fe594ee9b33d82058545b1ed14f4c8206e,custom.jsdebugger.stepOut.DAMP,damp,True,damp custom.jsdebugger.stepOut.DAMP opt e10s fission stylo webrender,4767202,77,ms,firefox,,1808139377,2023-12-07 22:56:27,1344823,,,,,,,,,,,,,,,,,,,,,,,,,,,,,,,,,,,,,,,,,,,,,,,,,TN
2096,3152110c63b5c99048b0651867ecf7723aa5ddf8,0.9339535338579641,autoland,4768104,12,53390121d39b212135aaffcd577053a14c7f0dff,linux1804-64-shippable-qr,True,False,,,102210fe594ee9b33d82058545b1ed14f4c8206e,custom.jsdebugger.stepOut.DAMP,damp,True,damp custom.jsdebugger.stepOut.DAMP opt e10s fission stylo webrender,4767202,77,ms,firefox,,1808428111,2023-12-08 04:49:01,1344948,,,,,,,,,,,,,,,,,,,,,,,,,,,,,,,,,,,,,,,,,,,,,,,,,TN
2097,ff785fa504232b935c33c7d8c38a1cdc2f8d2d35,0.9443639332779226,autoland,4768104,12,53390121d39b212135aaffcd577053a14c7f0dff,linux1804-64-shippable-qr,True,False,,,102210fe594ee9b33d82058545b1ed14f4c8206e,custom.jsdebugger.stepOut.DAMP,damp,True,damp custom.jsdebugger.stepOut.DAMP opt e10s fission stylo webrender,4767202,77,ms,firefox,,1808608012,2023-12-08 09:01:47,1345044,,,,,,,,,,,,,,,,,,,,,,,,,,,,,,,,,,,,,,,,,,,,,,,,,TN
2098,84f194823b719420c22157f7e540e660397a17f2,0.9286990408704989,autoland,4768104,12,53390121d39b212135aaffcd577053a14c7f0dff,linux1804-64-shippable-qr,True,False,,,102210fe594ee9b33d82058545b1ed14f4c8206e,custom.jsdebugger.stepOut.DAMP,damp,True,damp custom.jsdebugger.stepOut.DAMP opt e10s fission stylo webrender,4767202,77,ms,firefox,,1808718158,2023-12-08 14:53:30,1345173,,,,,,,,,,,,,,,,,,,,,,,,,,,,,,,,,,,,,,,,,,,,,,,,,TN
2099,6f5601bcf5ef9fa22b46e44e1d5e34893a04fc9e,0.9382785262763171,autoland,4768104,12,53390121d39b212135aaffcd577053a14c7f0dff,linux1804-64-shippable-qr,True,False,,,102210fe594ee9b33d82058545b1ed14f4c8206e,custom.jsdebugger.stepOut.DAMP,damp,True,damp custom.jsdebugger.stepOut.DAMP opt e10s fission stylo webrender,4767202,77,ms,firefox,,1808861807,2023-12-08 20:09:00,1345337,,,,,,,,,,,,,,,,,,,,,,,,,,,,,,,,,,,,,,,,,,,,,,,,,TN
2100,5e7ca7b9c60d764540bfc20b243ffaa67dfbfaa9,0.9412316876504108,autoland,4768104,12,53390121d39b212135aaffcd577053a14c7f0dff,linux1804-64-shippable-qr,True,False,,,102210fe594ee9b33d82058545b1ed14f4c8206e,custom.jsdebugger.stepOut.DAMP,damp,True,damp custom.jsdebugger.stepOut.DAMP opt e10s fission stylo webrender,4767202,77,ms,firefox,,1809029241,2023-12-09 00:35:37,1345495,,,,,,,,,,,,,,,,,,,,,,,,,,,,,,,,,,,,,,,,,,,,,,,,,TN
2101,9536c8afccb6fe6adb81c34e04ad22608a1cc454,0.9523901724812638,autoland,4768104,12,53390121d39b212135aaffcd577053a14c7f0dff,linux1804-64-shippable-qr,True,False,,,102210fe594ee9b33d82058545b1ed14f4c8206e,custom.jsdebugger.stepOut.DAMP,damp,True,damp custom.jsdebugger.stepOut.DAMP opt e10s fission stylo webrender,4767202,77,ms,firefox,,1809045684,2023-12-09 00:36:34,1345496,,,,,,,,,,,,,,,,,,,,,,,,,,,,,,,,,,,,,,,,,,,,,,,,,TN
2102,ce53d4215ca91122e12f63ca196acefc22a8d98c,0.9304862638431628,autoland,4768104,12,53390121d39b212135aaffcd577053a14c7f0dff,linux1804-64-shippable-qr,True,False,,,102210fe594ee9b33d82058545b1ed14f4c8206e,custom.jsdebugger.stepOut.DAMP,damp,True,damp custom.jsdebugger.stepOut.DAMP opt e10s fission stylo webrender,4767202,77,ms,firefox,,1809232227,2023-12-09 11:58:04,1345582,,,,,,,,,,,,,,,,,,,,,,,,,,,,,,,,,,,,,,,,,,,,,,,,,TN
2103,199c3dc51f2dd8c55a3346ac587238e6376b7236,0.9167526008251718,autoland,4768104,12,53390121d39b212135aaffcd577053a14c7f0dff,linux1804-64-shippable-qr,True,False,,,102210fe594ee9b33d82058545b1ed14f4c8206e,custom.jsdebugger.stepOut.DAMP,damp,True,damp custom.jsdebugger.stepOut.DAMP opt e10s fission stylo webrender,4767202,77,ms,firefox,,1809274801,2023-12-09 16:44:21,1345611,,,,,,,,,,,,,,,,,,,,,,,,,,,,,,,,,,,,,,,,,,,,,,,,,TN
2104,037b4a8e4edce03936a64d9d073da41b8b1bd9fb,0.9378557273155466,autoland,4768104,12,53390121d39b212135aaffcd577053a14c7f0dff,linux1804-64-shippable-qr,True,False,,,102210fe594ee9b33d82058545b1ed14f4c8206e,custom.jsdebugger.stepOut.DAMP,damp,True,damp custom.jsdebugger.stepOut.DAMP opt e10s fission stylo webrender,4767202,77,ms,firefox,,1809294411,2023-12-09 17:32:11,1345614,,,,,,,,,,,,,,,,,,,,,,,,,,,,,,,,,,,,,,,,,,,,,,,,,TN
2105,815bf21f166b5019bdab6ec104bc2f4475a7b553,0.9312648457590924,autoland,4768104,12,53390121d39b212135aaffcd577053a14c7f0dff,linux1804-64-shippable-qr,True,False,,,102210fe594ee9b33d82058545b1ed14f4c8206e,custom.jsdebugger.stepOut.DAMP,damp,True,damp custom.jsdebugger.stepOut.DAMP opt e10s fission stylo webrender,4767202,77,ms,firefox,,1809374401,2023-12-10 03:19:38,1345657,,,,,,,,,,,,,,,,,,,,,,,,,,,,,,,,,,,,,,,,,,,,,,,,,TN
2106,d4ee61633ce965862e2ee27be32e8a58344a7b03,0.9513882697870704,autoland,4768104,12,53390121d39b212135aaffcd577053a14c7f0dff,linux1804-64-shippable-qr,True,False,,,102210fe594ee9b33d82058545b1ed14f4c8206e,custom.jsdebugger.stepOut.DAMP,damp,True,damp custom.jsdebugger.stepOut.DAMP opt e10s fission stylo webrender,4767202,77,ms,firefox,,1809501230,2023-12-11 00:42:11,1345765,,,,,,,,,,,,,,,,,,,,,,,,,,,,,,,,,,,,,,,,,,,,,,,,,TN
2107,e84648aa607a32b9e4bbd2378f5a7caf9e31264a,0.9297873440366478,autoland,4768104,12,53390121d39b212135aaffcd577053a14c7f0dff,linux1804-64-shippable-qr,True,False,,,102210fe594ee9b33d82058545b1ed14f4c8206e,custom.jsdebugger.stepOut.DAMP,damp,True,damp custom.jsdebugger.stepOut.DAMP opt e10s fission stylo webrender,4767202,77,ms,firefox,,1809552067,2023-12-11 06:57:03,1345835,,,,,,,,,,,,,,,,,,,,,,,,,,,,,,,,,,,,,,,,,,,,,,,,,TN
2108,25a3d6c779f3ef9a9220e2d972c18f2e5a039cb2,0.9284912326333501,autoland,4768104,12,53390121d39b212135aaffcd577053a14c7f0dff,linux1804-64-shippable-qr,True,False,,,102210fe594ee9b33d82058545b1ed14f4c8206e,custom.jsdebugger.stepOut.DAMP,damp,True,damp custom.jsdebugger.stepOut.DAMP opt e10s fission stylo webrender,4767202,77,ms,firefox,,1809593456,2023-12-11 09:13:41,1345868,,,,,,,,,,,,,,,,,,,,,,,,,,,,,,,,,,,,,,,,,,,,,,,,,TN
2109,46d1ac4f2e9c8c9c173c430225737701542931bb,0.9315016333265473,autoland,4768104,12,53390121d39b212135aaffcd577053a14c7f0dff,linux1804-64-shippable-qr,True,False,,,102210fe594ee9b33d82058545b1ed14f4c8206e,custom.jsdebugger.stepOut.DAMP,damp,True,damp custom.jsdebugger.stepOut.DAMP opt e10s fission stylo webrender,4767202,77,ms,firefox,,1809766274,2023-12-11 13:39:55,1346049,,,,,,,,,,,,,,,,,,,,,,,,,,,,,,,,,,,,,,,,,,,,,,,,,TN
2110,fbda7db8e39b50ebf5ed7092f81706bd1d8c91ab,0.9263894487521211,autoland,4768104,12,53390121d39b212135aaffcd577053a14c7f0dff,linux1804-64-shippable-qr,True,False,,,102210fe594ee9b33d82058545b1ed14f4c8206e,custom.jsdebugger.stepOut.DAMP,damp,True,damp custom.jsdebugger.stepOut.DAMP opt e10s fission stylo webrender,4767202,77,ms,firefox,,1809815669,2023-12-11 15:49:45,1346158,,,,,,,,,,,,,,,,,,,,,,,,,,,,,,,,,,,,,,,,,,,,,,,,,TN
2111,8043d7693dbaf145c601652e0b8947d55f399fd8,0.9303774246837822,autoland,4768104,12,53390121d39b212135aaffcd577053a14c7f0dff,linux1804-64-shippable-qr,True,False,,,102210fe594ee9b33d82058545b1ed14f4c8206e,custom.jsdebugger.stepOut.DAMP,damp,True,damp custom.jsdebugger.stepOut.DAMP opt e10s fission stylo webrender,4767202,77,ms,firefox,,1809887815,2023-12-11 18:22:43,1346298,,,,,,,,,,,,,,,,,,,,,,,,,,,,,,,,,,,,,,,,,,,,,,,,,TN
2112,c2126b815d283d4d848e431071fa77e023b06eb2,0.9299280369118283,autoland,4768104,12,53390121d39b212135aaffcd577053a14c7f0dff,linux1804-64-shippable-qr,True,False,,,102210fe594ee9b33d82058545b1ed14f4c8206e,custom.jsdebugger.stepOut.DAMP,damp,True,damp custom.jsdebugger.stepOut.DAMP opt e10s fission stylo webrender,4767202,77,ms,firefox,,1809975364,2023-12-11 21:32:13,1346462,,,,,,,,,,,,,,,,,,,,,,,,,,,,,,,,,,,,,,,,,,,,,,,,,TN
2113,6e08bc24f0ba8814dfda465963c22d139bf6e80b,0.9276843619152022,autoland,4768104,12,53390121d39b212135aaffcd577053a14c7f0dff,linux1804-64-shippable-qr,True,False,,,102210fe594ee9b33d82058545b1ed14f4c8206e,custom.jsdebugger.stepOut.DAMP,damp,True,damp custom.jsdebugger.stepOut.DAMP opt e10s fission stylo webrender,4767202,77,ms,firefox,,1810040445,2023-12-12 01:33:17,1346620,,,,,,,,,,,,,,,,,,,,,,,,,,,,,,,,,,,,,,,,,,,,,,,,,TN
2114,55cd203304b8d5343dd941d772085dc25fd278c4,0.9297625903411169,autoland,4768104,12,53390121d39b212135aaffcd577053a14c7f0dff,linux1804-64-shippable-qr,True,False,,,102210fe594ee9b33d82058545b1ed14f4c8206e,custom.jsdebugger.stepOut.DAMP,damp,True,damp custom.jsdebugger.stepOut.DAMP opt e10s fission stylo webrender,4767202,77,ms,firefox,,1810161400,2023-12-12 04:01:22,1346691,,,,,,,,,,,,,,,,,,,,,,,,,,,,,,,,,,,,,,,,,,,,,,,,,TN
2115,64c2a5cd2e5c12acc49f695acaca7fc074be00ef,0.9653316864439148,autoland,4768104,12,53390121d39b212135aaffcd577053a14c7f0dff,linux1804-64-shippable-qr,True,False,,,102210fe594ee9b33d82058545b1ed14f4c8206e,custom.jsdebugger.stepOut.DAMP,damp,True,damp custom.jsdebugger.stepOut.DAMP opt e10s fission stylo webrender,4767202,77,ms,firefox,,1810228183,2023-12-12 08:08:04,1346735,,,,,,,,,,,,,,,,,,,,,,,,,,,,,,,,,,,,,,,,,,,,,,,,,TN
2116,378226435d1f217637869bc238a2bff9ae584e04,0.9283162070958628,autoland,4768104,12,53390121d39b212135aaffcd577053a14c7f0dff,linux1804-64-shippable-qr,True,False,,,102210fe594ee9b33d82058545b1ed14f4c8206e,custom.jsdebugger.stepOut.DAMP,damp,True,damp custom.jsdebugger.stepOut.DAMP opt e10s fission stylo webrender,4767202,77,ms,firefox,,1810370169,2023-12-12 13:15:06,1346892,,,,,,,,,,,,,,,,,,,,,,,,,,,,,,,,,,,,,,,,,,,,,,,,,TN
2117,661e5ee3675f09044e67f461631530ae9bc19953,0.9229698698901432,autoland,4768104,12,53390121d39b212135aaffcd577053a14c7f0dff,linux1804-64-shippable-qr,True,False,,,102210fe594ee9b33d82058545b1ed14f4c8206e,custom.jsdebugger.stepOut.DAMP,damp,True,damp custom.jsdebugger.stepOut.DAMP opt e10s fission stylo webrender,4767202,77,ms,firefox,,1810381450,2023-12-12 13:20:17,1346894,,,,,,,,,,,,,,,,,,,,,,,,,,,,,,,,,,,,,,,,,,,,,,,,,TN
2118,89856dfbbbb09660fd0b56d3d9ba6f60c823c81f,0.9297380423138462,autoland,4768104,12,53390121d39b212135aaffcd577053a14c7f0dff,linux1804-64-shippable-qr,True,False,,,102210fe594ee9b33d82058545b1ed14f4c8206e,custom.jsdebugger.stepOut.DAMP,damp,True,damp custom.jsdebugger.stepOut.DAMP opt e10s fission stylo webrender,4767202,77,ms,firefox,,1810567559,2023-12-12 17:56:51,1347131,,,,,,,,,,,,,,,,,,,,,,,,,,,,,,,,,,,,,,,,,,,,,,,,,TN
2119,b7336e3f433e4055ba8a7fcb5c2f756e0e9b59ef,0.956152683520012,autoland,4768104,12,53390121d39b212135aaffcd577053a14c7f0dff,linux1804-64-shippable-qr,True,False,,,102210fe594ee9b33d82058545b1ed14f4c8206e,custom.jsdebugger.stepOut.DAMP,damp,True,damp custom.jsdebugger.stepOut.DAMP opt e10s fission stylo webrender,4767202,77,ms,firefox,,1810593161,2023-12-12 18:39:48,1347165,,,,,,,,,,,,,,,,,,,,,,,,,,,,,,,,,,,,,,,,,,,,,,,,,TN
2120,7272d706196d83e16ea8366481dce5127407ba4d,0.9318388584620603,autoland,4768104,12,53390121d39b212135aaffcd577053a14c7f0dff,linux1804-64-shippable-qr,True,False,,,102210fe594ee9b33d82058545b1ed14f4c8206e,custom.jsdebugger.stepOut.DAMP,damp,True,damp custom.jsdebugger.stepOut.DAMP opt e10s fission stylo webrender,4767202,77,ms,firefox,,1810623742,2023-12-12 20:06:07,1347223,,,,,,,,,,,,,,,,,,,,,,,,,,,,,,,,,,,,,,,,,,,,,,,,,TN
2121,f823ab1d9a00b627089b75899e588823b584a9c4,0.9207591017889811,autoland,4768104,12,53390121d39b212135aaffcd577053a14c7f0dff,linux1804-64-shippable-qr,True,False,,,102210fe594ee9b33d82058545b1ed14f4c8206e,custom.jsdebugger.stepOut.DAMP,damp,True,damp custom.jsdebugger.stepOut.DAMP opt e10s fission stylo webrender,4767202,77,ms,firefox,,1810745271,2023-12-13 00:40:28,1347426,,,,,,,,,,,,,,,,,,,,,,,,,,,,,,,,,,,,,,,,,,,,,,,,,TN
2122,c7169e7d15af250d7b1ffb91c072a4b2309457c1,0.9471578409764261,autoland,4768104,12,53390121d39b212135aaffcd577053a14c7f0dff,linux1804-64-shippable-qr,True,False,,,102210fe594ee9b33d82058545b1ed14f4c8206e,custom.jsdebugger.stepOut.DAMP,damp,True,damp custom.jsdebugger.stepOut.DAMP opt e10s fission stylo webrender,4767202,77,ms,firefox,,1810820296,2023-12-13 01:59:28,1347482,,,,,,,,,,,,,,,,,,,,,,,,,,,,,,,,,,,,,,,,,,,,,,,,,TN
2123,de73ddb24c16e91d220095612fc21b6636e51f81,0.9408745405295462,autoland,4768104,12,53390121d39b212135aaffcd577053a14c7f0dff,linux1804-64-shippable-qr,True,False,,,102210fe594ee9b33d82058545b1ed14f4c8206e,custom.jsdebugger.stepOut.DAMP,damp,True,damp custom.jsdebugger.stepOut.DAMP opt e10s fission stylo webrender,4767202,77,ms,firefox,,1810839920,2023-12-13 03:53:55,1347525,,,,,,,,,,,,,,,,,,,,,,,,,,,,,,,,,,,,,,,,,,,,,,,,,TN
2124,de61802013d3eabd67e8f7c4382ab95c650835ba,0.9479047698767615,autoland,4768104,12,53390121d39b212135aaffcd577053a14c7f0dff,linux1804-64-shippable-qr,True,False,,,102210fe594ee9b33d82058545b1ed14f4c8206e,custom.jsdebugger.stepOut.DAMP,damp,True,damp custom.jsdebugger.stepOut.DAMP opt e10s fission stylo webrender,4767202,77,ms,firefox,,1810906024,2023-12-13 08:08:28,1347584,,,,,,,,,,,,,,,,,,,,,,,,,,,,,,,,,,,,,,,,,,,,,,,,,TN
2125,8f74c21053bad22f3bf82df063aad1bf59535bc2,0.9331475444326671,autoland,4768104,12,53390121d39b212135aaffcd577053a14c7f0dff,linux1804-64-shippable-qr,True,False,,,102210fe594ee9b33d82058545b1ed14f4c8206e,custom.jsdebugger.stepOut.DAMP,damp,True,damp custom.jsdebugger.stepOut.DAMP opt e10s fission stylo webrender,4767202,77,ms,firefox,,1813111550,2023-12-13 08:09:23,1347585,,,,,,,,,,,,,,,,,,,,,,,,,,,,,,,,,,,,,,,,,,,,,,,,,TN
2126,12e266e296c1dfefdb352633da8538659af87534,0.9441700617865558,autoland,4768104,12,53390121d39b212135aaffcd577053a14c7f0dff,linux1804-64-shippable-qr,True,False,,,102210fe594ee9b33d82058545b1ed14f4c8206e,custom.jsdebugger.stepOut.DAMP,damp,True,damp custom.jsdebugger.stepOut.DAMP opt e10s fission stylo webrender,4767202,77,ms,firefox,,1813111606,2023-12-13 08:31:41,1347592,,,,,,,,,,,,,,,,,,,,,,,,,,,,,,,,,,,,,,,,,,,,,,,,,TN
2127,290917deea879f965f6f1ad441df945c41c01c14,0.9423197732257096,autoland,4768104,12,53390121d39b212135aaffcd577053a14c7f0dff,linux1804-64-shippable-qr,True,False,,,102210fe594ee9b33d82058545b1ed14f4c8206e,custom.jsdebugger.stepOut.DAMP,damp,True,damp custom.jsdebugger.stepOut.DAMP opt e10s fission stylo webrender,4767202,77,ms,firefox,,1813111779,2023-12-13 09:09:13,1347606,,,,,,,,,,,,,,,,,,,,,,,,,,,,,,,,,,,,,,,,,,,,,,,,,TN
2128,7f65ebc83171b418c7ef679ed1809791721abd74,0.9300858429623262,autoland,4768104,12,53390121d39b212135aaffcd577053a14c7f0dff,linux1804-64-shippable-qr,True,False,,,102210fe594ee9b33d82058545b1ed14f4c8206e,custom.jsdebugger.stepOut.DAMP,damp,True,damp custom.jsdebugger.stepOut.DAMP opt e10s fission stylo webrender,4767202,77,ms,firefox,,1813111903,2023-12-13 09:51:19,1347630,,,,,,,,,,,,,,,,,,,,,,,,,,,,,,,,,,,,,,,,,,,,,,,,,TN
2129,e995cf788f106c7f727d4e0ce857b3e42079de43,0.9408946175113129,autoland,4768104,12,53390121d39b212135aaffcd577053a14c7f0dff,linux1804-64-shippable-qr,True,False,,,102210fe594ee9b33d82058545b1ed14f4c8206e,custom.jsdebugger.stepOut.DAMP,damp,True,damp custom.jsdebugger.stepOut.DAMP opt e10s fission stylo webrender,4767202,77,ms,firefox,,1813112149,2023-12-13 09:57:07,1347634,,,,,,,,,,,,,,,,,,,,,,,,,,,,,,,,,,,,,,,,,,,,,,,,,TN
2130,12f45306a093afef1d1ed86121d9fcd9e8c69e15,0.9470868546824993,autoland,4768104,12,53390121d39b212135aaffcd577053a14c7f0dff,linux1804-64-shippable-qr,True,False,,,102210fe594ee9b33d82058545b1ed14f4c8206e,custom.jsdebugger.stepOut.DAMP,damp,True,damp custom.jsdebugger.stepOut.DAMP opt e10s fission stylo webrender,4767202,77,ms,firefox,,1810979590,2023-12-13 10:08:23,1347641,,,,,,,,,,,,,,,,,,,,,,,,,,,,,,,,,,,,,,,,,,,,,,,,,TN
2131,86021bfb36c3767a431a670a48505835ae7413cf,0.9421001425504474,autoland,4768104,12,53390121d39b212135aaffcd577053a14c7f0dff,linux1804-64-shippable-qr,True,False,,,102210fe594ee9b33d82058545b1ed14f4c8206e,custom.jsdebugger.stepOut.DAMP,damp,True,damp custom.jsdebugger.stepOut.DAMP opt e10s fission stylo webrender,4767202,77,ms,firefox,,1813110666,2023-12-13 11:56:46,1347715,,,,,,,,,,,,,,,,,,,,,,,,,,,,,,,,,,,,,,,,,,,,,,,,,TN
2132,fd1dd6b4ce421a61e2258a1d2712f3193f997c0a,0.926292598949888,autoland,4768104,12,53390121d39b212135aaffcd577053a14c7f0dff,linux1804-64-shippable-qr,True,False,,,102210fe594ee9b33d82058545b1ed14f4c8206e,custom.jsdebugger.stepOut.DAMP,damp,True,damp custom.jsdebugger.stepOut.DAMP opt e10s fission stylo webrender,4767202,77,ms,firefox,,1813111022,2023-12-13 11:58:25,1347716,,,,,,,,,,,,,,,,,,,,,,,,,,,,,,,,,,,,,,,,,,,,,,,,,TN
2133,8d118be4c03d317a648ab8742d06231477740bd2,0.9160645446657265,autoland,4768104,12,53390121d39b212135aaffcd577053a14c7f0dff,linux1804-64-shippable-qr,True,False,,,102210fe594ee9b33d82058545b1ed14f4c8206e,custom.jsdebugger.stepOut.DAMP,damp,True,damp custom.jsdebugger.stepOut.DAMP opt e10s fission stylo webrender,4767202,77,ms,firefox,,1813110758,2023-12-13 12:44:18,1347728,,,,,,,,,,,,,,,,,,,,,,,,,,,,,,,,,,,,,,,,,,,,,,,,,TN
2134,d1d5df6fa9d443c5d974c06a1a1c030cc7e0a0a2,0.9404315006486805,autoland,4768104,12,53390121d39b212135aaffcd577053a14c7f0dff,linux1804-64-shippable-qr,True,False,,,102210fe594ee9b33d82058545b1ed14f4c8206e,custom.jsdebugger.stepOut.DAMP,damp,True,damp custom.jsdebugger.stepOut.DAMP opt e10s fission stylo webrender,4767202,77,ms,firefox,,1813111958,2023-12-13 12:51:32,1347734,,,,,,,,,,,,,,,,,,,,,,,,,,,,,,,,,,,,,,,,,,,,,,,,,TN
2135,34533b3add99fe26cbd60a7fd8d0c60966e5fd32,0.9276647370057938,autoland,4768104,12,53390121d39b212135aaffcd577053a14c7f0dff,linux1804-64-shippable-qr,True,False,,,102210fe594ee9b33d82058545b1ed14f4c8206e,custom.jsdebugger.stepOut.DAMP,damp,True,damp custom.jsdebugger.stepOut.DAMP opt e10s fission stylo webrender,4767202,77,ms,firefox,,1813111669,2023-12-13 12:54:01,1347737,,,,,,,,,,,,,,,,,,,,,,,,,,,,,,,,,,,,,,,,,,,,,,,,,TN
2136,89da90df398f5aee595e14748b0241ede2a9fd4d,0.9553748010742575,autoland,4768104,12,53390121d39b212135aaffcd577053a14c7f0dff,linux1804-64-shippable-qr,True,False,,,102210fe594ee9b33d82058545b1ed14f4c8206e,custom.jsdebugger.stepOut.DAMP,damp,True,damp custom.jsdebugger.stepOut.DAMP opt e10s fission stylo webrender,4767202,77,ms,firefox,,1813110730,2023-12-13 12:56:41,1347741,,,,,,,,,,,,,,,,,,,,,,,,,,,,,,,,,,,,,,,,,,,,,,,,,TN
2137,26b2162d6f087999bab6120de8d0fd317a90ec0a,0.9301125559693562,autoland,4768104,12,53390121d39b212135aaffcd577053a14c7f0dff,linux1804-64-shippable-qr,True,False,,,102210fe594ee9b33d82058545b1ed14f4c8206e,custom.jsdebugger.stepOut.DAMP,damp,True,damp custom.jsdebugger.stepOut.DAMP opt e10s fission stylo webrender,4767202,77,ms,firefox,,1813111723,2023-12-13 13:11:46,1347753,,,,,,,,,,,,,,,,,,,,,,,,,,,,,,,,,,,,,,,,,,,,,,,,,TN
2138,0dac9f18451fd43a61e6dac132bf59c33bdefb3f,0.9225978759171078,autoland,4768104,12,53390121d39b212135aaffcd577053a14c7f0dff,linux1804-64-shippable-qr,True,False,,,102210fe594ee9b33d82058545b1ed14f4c8206e,custom.jsdebugger.stepOut.DAMP,damp,True,damp custom.jsdebugger.stepOut.DAMP opt e10s fission stylo webrender,4767202,77,ms,firefox,,1813111844,2023-12-13 13:17:55,1347756,,,,,,,,,,,,,,,,,,,,,,,,,,,,,,,,,,,,,,,,,,,,,,,,,TN
2139,ff819ff7d0bf970a7750e492470c0407656c3bcc,0.9146128766446506,autoland,4768104,12,53390121d39b212135aaffcd577053a14c7f0dff,linux1804-64-shippable-qr,True,False,,,102210fe594ee9b33d82058545b1ed14f4c8206e,custom.jsdebugger.stepOut.DAMP,damp,True,damp custom.jsdebugger.stepOut.DAMP opt e10s fission stylo webrender,4767202,77,ms,firefox,,1813110844,2023-12-13 13:41:07,1347762,,,,,,,,,,,,,,,,,,,,,,,,,,,,,,,,,,,,,,,,,,,,,,,,,TN
2140,a54a846dda9a20948451fa14e9ebbd3bb19c826c,0.9309300846665594,autoland,4768104,12,53390121d39b212135aaffcd577053a14c7f0dff,linux1804-64-shippable-qr,True,False,,,102210fe594ee9b33d82058545b1ed14f4c8206e,custom.jsdebugger.stepOut.DAMP,damp,True,damp custom.jsdebugger.stepOut.DAMP opt e10s fission stylo webrender,4767202,77,ms,firefox,,1811051539,2023-12-13 13:51:07,1347765,,,,,,,,,,,,,,,,,,,,,,,,,,,,,,,,,,,,,,,,,,,,,,,,,TN
2141,12b6e7f8ae8e77c76e90a42f406fb79c9381eee0,0.9282366701757092,autoland,4768104,12,53390121d39b212135aaffcd577053a14c7f0dff,linux1804-64-shippable-qr,True,False,,,102210fe594ee9b33d82058545b1ed14f4c8206e,custom.jsdebugger.stepOut.DAMP,damp,True,damp custom.jsdebugger.stepOut.DAMP opt e10s fission stylo webrender,4767202,77,ms,firefox,,1813111082,2023-12-13 13:55:44,1347770,,,,,,,,,,,,,,,,,,,,,,,,,,,,,,,,,,,,,,,,,,,,,,,,,TN
2142,79cb126ce193b22183eae22e66eb3d0ed55f982f,0.9234136658744254,autoland,4768104,12,53390121d39b212135aaffcd577053a14c7f0dff,linux1804-64-shippable-qr,True,False,,,102210fe594ee9b33d82058545b1ed14f4c8206e,custom.jsdebugger.stepOut.DAMP,damp,True,damp custom.jsdebugger.stepOut.DAMP opt e10s fission stylo webrender,4767202,77,ms,firefox,,1813110899,2023-12-13 14:00:32,1347776,,,,,,,,,,,,,,,,,,,,,,,,,,,,,,,,,,,,,,,,,,,,,,,,,TN
2143,411753b03fc911fd84ee5b4083731c009c889635,0.9388178953309365,autoland,4768104,12,53390121d39b212135aaffcd577053a14c7f0dff,linux1804-64-shippable-qr,True,False,,,102210fe594ee9b33d82058545b1ed14f4c8206e,custom.jsdebugger.stepOut.DAMP,damp,True,damp custom.jsdebugger.stepOut.DAMP opt e10s fission stylo webrender,4767202,77,ms,firefox,,1813111138,2023-12-13 14:49:35,1347804,,,,,,,,,,,,,,,,,,,,,,,,,,,,,,,,,,,,,,,,,,,,,,,,,TN
2144,146756ad85b8645a619457222f919281ad296c9d,0.937927953579391,autoland,4768104,12,53390121d39b212135aaffcd577053a14c7f0dff,linux1804-64-shippable-qr,True,False,,,102210fe594ee9b33d82058545b1ed14f4c8206e,custom.jsdebugger.stepOut.DAMP,damp,True,damp custom.jsdebugger.stepOut.DAMP opt e10s fission stylo webrender,4767202,77,ms,firefox,,1813110966,2023-12-13 15:10:21,1347813,,,,,,,,,,,,,,,,,,,,,,,,,,,,,,,,,,,,,,,,,,,,,,,,,TN
2145,381eaa0ce60f8daf8744d9105cb0246f5da976cf,0.931991196920632,autoland,4768104,12,53390121d39b212135aaffcd577053a14c7f0dff,linux1804-64-shippable-qr,True,False,,,102210fe594ee9b33d82058545b1ed14f4c8206e,custom.jsdebugger.stepOut.DAMP,damp,True,damp custom.jsdebugger.stepOut.DAMP opt e10s fission stylo webrender,4767202,77,ms,firefox,,1813111306,2023-12-13 15:14:13,1347815,,,,,,,,,,,,,,,,,,,,,,,,,,,,,,,,,,,,,,,,,,,,,,,,,TN
2146,770a728fe2b706a3035710979f4ef8e4e29f89c4,0.9063954724229455,autoland,4768104,12,53390121d39b212135aaffcd577053a14c7f0dff,linux1804-64-shippable-qr,True,False,,,102210fe594ee9b33d82058545b1ed14f4c8206e,custom.jsdebugger.stepOut.DAMP,damp,True,damp custom.jsdebugger.stepOut.DAMP opt e10s fission stylo webrender,4767202,77,ms,firefox,,1813111194,2023-12-13 15:15:05,1347816,,,,,,,,,,,,,,,,,,,,,,,,,,,,,,,,,,,,,,,,,,,,,,,,,TN
2147,39bb28c0ba240e047ba0372bff9d700a1a11edef,0.9264718998004378,autoland,4768104,12,53390121d39b212135aaffcd577053a14c7f0dff,linux1804-64-shippable-qr,True,False,,,102210fe594ee9b33d82058545b1ed14f4c8206e,custom.jsdebugger.stepOut.DAMP,damp,True,damp custom.jsdebugger.stepOut.DAMP opt e10s fission stylo webrender,4767202,77,ms,firefox,,1813111368,2023-12-13 15:16:07,1347819,,,,,,,,,,,,,,,,,,,,,,,,,,,,,,,,,,,,,,,,,,,,,,,,,TN
2148,1315699c0aceb12a527db2aa68577ae0a269c84e,0.9473902816940365,autoland,4768104,12,53390121d39b212135aaffcd577053a14c7f0dff,linux1804-64-shippable-qr,True,False,,,102210fe594ee9b33d82058545b1ed14f4c8206e,custom.jsdebugger.stepOut.DAMP,damp,True,damp custom.jsdebugger.stepOut.DAMP opt e10s fission stylo webrender,4767202,77,ms,firefox,,1813111251,2023-12-13 15:17:01,1347820,,,,,,,,,,,,,,,,,,,,,,,,,,,,,,,,,,,,,,,,,,,,,,,,,TN
2149,1e63ce6e523d55848d7ec1a19fac4d97d1bc4220,0.9382704431226181,autoland,4768104,12,53390121d39b212135aaffcd577053a14c7f0dff,linux1804-64-shippable-qr,True,False,,,102210fe594ee9b33d82058545b1ed14f4c8206e,custom.jsdebugger.stepOut.DAMP,damp,True,damp custom.jsdebugger.stepOut.DAMP opt e10s fission stylo webrender,4767202,77,ms,firefox,,1813111437,2023-12-13 15:17:58,1347822,,,,,,,,,,,,,,,,,,,,,,,,,,,,,,,,,,,,,,,,,,,,,,,,,TN
2150,19c24df89c50d3261d7a86143d4b8873c3a661ea,0.9282735493468524,autoland,4768104,12,53390121d39b212135aaffcd577053a14c7f0dff,linux1804-64-shippable-qr,True,False,,,102210fe594ee9b33d82058545b1ed14f4c8206e,custom.jsdebugger.stepOut.DAMP,damp,True,damp custom.jsdebugger.stepOut.DAMP opt e10s fission stylo webrender,4767202,77,ms,firefox,,1813025658,2023-12-13 15:18:55,1347824,,,,,,,,,,,,,,,,,,,,,,,,,,,,,,,,,,,,,,,,,,,,,,,,,TN
2151,1455937428d4b5d099ab57e0f6b400f27007ea9f,0.9220323601879674,autoland,4768104,12,53390121d39b212135aaffcd577053a14c7f0dff,linux1804-64-shippable-qr,True,False,,,102210fe594ee9b33d82058545b1ed14f4c8206e,custom.jsdebugger.stepOut.DAMP,damp,True,damp custom.jsdebugger.stepOut.DAMP opt e10s fission stylo webrender,4767202,77,ms,firefox,,1813022375,2023-12-13 15:19:48,1347825,,,,,,,,,,,,,,,,,,,,,,,,,,,,,,,,,,,,,,,,,,,,,,,,,TN
2152,0ad946b35e4d1a935504f1205e35febd0263dbc0,0.9297870151664032,autoland,4768104,12,53390121d39b212135aaffcd577053a14c7f0dff,linux1804-64-shippable-qr,True,False,,,102210fe594ee9b33d82058545b1ed14f4c8206e,custom.jsdebugger.stepOut.DAMP,damp,True,damp custom.jsdebugger.stepOut.DAMP opt e10s fission stylo webrender,4767202,77,ms,firefox,,1813025534,2023-12-13 15:20:45,1347827,,,,,,,,,,,,,,,,,,,,,,,,,,,,,,,,,,,,,,,,,,,,,,,,,TN
2153,fa5c604e8bfb68973f6219dedf2761b201a6fa8f,0.9560443043815621,autoland,4768104,12,53390121d39b212135aaffcd577053a14c7f0dff,linux1804-64-shippable-qr,True,False,,,102210fe594ee9b33d82058545b1ed14f4c8206e,custom.jsdebugger.stepOut.DAMP,damp,True,damp custom.jsdebugger.stepOut.DAMP opt e10s fission stylo webrender,4767202,77,ms,firefox,,1813022697,2023-12-13 15:21:48,1347831,,,,,,,,,,,,,,,,,,,,,,,,,,,,,,,,,,,,,,,,,,,,,,,,,TN
2154,362110bf6d1ff05874045b213aed1cc68952c140,0.9638588276539173,autoland,4768104,12,53390121d39b212135aaffcd577053a14c7f0dff,linux1804-64-shippable-qr,True,False,,,102210fe594ee9b33d82058545b1ed14f4c8206e,custom.jsdebugger.stepOut.DAMP,damp,True,damp custom.jsdebugger.stepOut.DAMP opt e10s fission stylo webrender,4767202,77,ms,firefox,,1813022608,2023-12-13 16:16:58,1347885,,,,,,,,,,,,,,,,,,,,,,,,,,,,,,,,,,,,,,,,,,,,,,,,,TN
2155,0e6e4fbee746c344f096fff27db4fff9abf416c4,0.9488405438196335,autoland,4768104,12,53390121d39b212135aaffcd577053a14c7f0dff,linux1804-64-shippable-qr,True,False,,,102210fe594ee9b33d82058545b1ed14f4c8206e,custom.jsdebugger.stepOut.DAMP,damp,True,damp custom.jsdebugger.stepOut.DAMP opt e10s fission stylo webrender,4767202,77,ms,firefox,,1813022938,2023-12-13 17:37:06,1347953,,,,,,,,,,,,,,,,,,,,,,,,,,,,,,,,,,,,,,,,,,,,,,,,,TN
2156,b74a3cc13f8ac182aa9e46b16fe71ec1f011ad5a,0.9693984819414385,autoland,4768104,12,53390121d39b212135aaffcd577053a14c7f0dff,linux1804-64-shippable-qr,True,False,,,102210fe594ee9b33d82058545b1ed14f4c8206e,custom.jsdebugger.stepOut.DAMP,damp,True,damp custom.jsdebugger.stepOut.DAMP opt e10s fission stylo webrender,4767202,77,ms,firefox,,1813023664,2023-12-13 17:39:41,1347955,,,,,,,,,,,,,,,,,,,,,,,,,,,,,,,,,,,,,,,,,,,,,,,,,TN
2157,c3a1938e83604a9d67fc985609850dbb51c82e3c,0.9345186163924715,autoland,4768104,12,53390121d39b212135aaffcd577053a14c7f0dff,linux1804-64-shippable-qr,True,False,,,102210fe594ee9b33d82058545b1ed14f4c8206e,custom.jsdebugger.stepOut.DAMP,damp,True,damp custom.jsdebugger.stepOut.DAMP opt e10s fission stylo webrender,4767202,77,ms,firefox,,1813022993,2023-12-13 17:40:36,1347956,,,,,,,,,,,,,,,,,,,,,,,,,,,,,,,,,,,,,,,,,,,,,,,,,TN
2158,e94647734343065279087b77ee8a96e2b1e66011,0.9188907283454952,autoland,4768104,12,53390121d39b212135aaffcd577053a14c7f0dff,linux1804-64-shippable-qr,True,False,,,102210fe594ee9b33d82058545b1ed14f4c8206e,custom.jsdebugger.stepOut.DAMP,damp,True,damp custom.jsdebugger.stepOut.DAMP opt e10s fission stylo webrender,4767202,77,ms,firefox,,1813022430,2023-12-13 17:41:41,1347957,,,,,,,,,,,,,,,,,,,,,,,,,,,,,,,,,,,,,,,,,,,,,,,,,TN
2159,951b244454e1790b94e5fa8474efc7fb8c990e28,0.9254294963882634,autoland,4768104,12,53390121d39b212135aaffcd577053a14c7f0dff,linux1804-64-shippable-qr,True,False,,,102210fe594ee9b33d82058545b1ed14f4c8206e,custom.jsdebugger.stepOut.DAMP,damp,True,damp custom.jsdebugger.stepOut.DAMP opt e10s fission stylo webrender,4767202,77,ms,firefox,,1811152571,2023-12-13 17:42:49,1347961,,,,,,,,,,,,,,,,,,,,,,,,,,,,,,,,,,,,,,,,,,,,,,,,,TN
2160,cd14ec78f423dc7db057ce82f61bfb1b5c590149,0.9173849129816884,autoland,4768104,12,53390121d39b212135aaffcd577053a14c7f0dff,linux1804-64-shippable-qr,True,False,,,102210fe594ee9b33d82058545b1ed14f4c8206e,custom.jsdebugger.stepOut.DAMP,damp,True,damp custom.jsdebugger.stepOut.DAMP opt e10s fission stylo webrender,4767202,77,ms,firefox,,1813023609,2023-12-13 19:06:51,1348061,,,,,,,,,,,,,,,,,,,,,,,,,,,,,,,,,,,,,,,,,,,,,,,,,TN
2161,04b0ed50a1877572ebfd66d69dba0dd26952bac7,0.9581993423899364,autoland,4768104,12,53390121d39b212135aaffcd577053a14c7f0dff,linux1804-64-shippable-qr,True,False,,,102210fe594ee9b33d82058545b1ed14f4c8206e,custom.jsdebugger.stepOut.DAMP,damp,True,damp custom.jsdebugger.stepOut.DAMP opt e10s fission stylo webrender,4767202,77,ms,firefox,,1813024339,2023-12-13 19:07:46,1348062,,,,,,,,,,,,,,,,,,,,,,,,,,,,,,,,,,,,,,,,,,,,,,,,,TN
2162,e9933f26f0f34b5bcd3500f5780efd5cce45b9f8,0.9384546616265654,autoland,4768104,12,53390121d39b212135aaffcd577053a14c7f0dff,linux1804-64-shippable-qr,True,False,,,102210fe594ee9b33d82058545b1ed14f4c8206e,custom.jsdebugger.stepOut.DAMP,damp,True,damp custom.jsdebugger.stepOut.DAMP opt e10s fission stylo webrender,4767202,77,ms,firefox,,1813024244,2023-12-13 19:13:20,1348064,,,,,,,,,,,,,,,,,,,,,,,,,,,,,,,,,,,,,,,,,,,,,,,,,TN
2163,32d5edd3ad279bbcc378b59e2b3d2cc93a57737c,0.9093893481317363,autoland,4768104,12,53390121d39b212135aaffcd577053a14c7f0dff,linux1804-64-shippable-qr,True,False,,,102210fe594ee9b33d82058545b1ed14f4c8206e,custom.jsdebugger.stepOut.DAMP,damp,True,damp custom.jsdebugger.stepOut.DAMP opt e10s fission stylo webrender,4767202,77,ms,firefox,,1813024428,2023-12-13 19:30:00,1348065,,,,,,,,,,,,,,,,,,,,,,,,,,,,,,,,,,,,,,,,,,,,,,,,,TN
2164,f7b84a374f02cd66217b8199a997f74bee66ab88,0.9267382866832379,autoland,4768104,12,53390121d39b212135aaffcd577053a14c7f0dff,linux1804-64-shippable-qr,True,False,,,102210fe594ee9b33d82058545b1ed14f4c8206e,custom.jsdebugger.stepOut.DAMP,damp,True,damp custom.jsdebugger.stepOut.DAMP opt e10s fission stylo webrender,4767202,77,ms,firefox,,1813024524,2023-12-13 19:59:03,1348066,,,,,,,,,,,,,,,,,,,,,,,,,,,,,,,,,,,,,,,,,,,,,,,,,TN
2165,7da2e7486803b79322d275486f0b74b860249546,0.9268050225031732,autoland,4768104,12,53390121d39b212135aaffcd577053a14c7f0dff,linux1804-64-shippable-qr,True,False,,,102210fe594ee9b33d82058545b1ed14f4c8206e,custom.jsdebugger.stepOut.DAMP,damp,True,damp custom.jsdebugger.stepOut.DAMP opt e10s fission stylo webrender,4767202,77,ms,firefox,,1813024138,2023-12-13 20:02:49,1348067,,,,,,,,,,,,,,,,,,,,,,,,,,,,,,,,,,,,,,,,,,,,,,,,,TN
2166,af897d54469b6ee7a6b902fe9e3c5ee72bb54fc2,0.9758145893325865,autoland,4768104,12,53390121d39b212135aaffcd577053a14c7f0dff,linux1804-64-shippable-qr,True,False,,,102210fe594ee9b33d82058545b1ed14f4c8206e,custom.jsdebugger.stepOut.DAMP,damp,True,damp custom.jsdebugger.stepOut.DAMP opt e10s fission stylo webrender,4767202,77,ms,firefox,,1813024827,2023-12-13 20:06:07,1348068,,,,,,,,,,,,,,,,,,,,,,,,,,,,,,,,,,,,,,,,,,,,,,,,,TN
2167,f15cbec4981d8d60e942e624ea6a7efb3ecdbff8,0.9443174612301948,autoland,4768104,12,53390121d39b212135aaffcd577053a14c7f0dff,linux1804-64-shippable-qr,True,False,,,102210fe594ee9b33d82058545b1ed14f4c8206e,custom.jsdebugger.stepOut.DAMP,damp,True,damp custom.jsdebugger.stepOut.DAMP opt e10s fission stylo webrender,4767202,77,ms,firefox,,1813023263,2023-12-13 20:07:06,1348069,,,,,,,,,,,,,,,,,,,,,,,,,,,,,,,,,,,,,,,,,,,,,,,,,TN
2168,b89dc85aa7e47069b80251ce43d7d66c034a5b88,0.9334608186736759,autoland,4768104,12,53390121d39b212135aaffcd577053a14c7f0dff,linux1804-64-shippable-qr,True,False,,,102210fe594ee9b33d82058545b1ed14f4c8206e,custom.jsdebugger.stepOut.DAMP,damp,True,damp custom.jsdebugger.stepOut.DAMP opt e10s fission stylo webrender,4767202,77,ms,firefox,,1811269031,2023-12-13 20:42:40,1348117,,,,,,,,,,,,,,,,,,,,,,,,,,,,,,,,,,,,,,,,,,,,,,,,,TN
2169,12888ec6533c4e6ec49c2d7081e67ac660129ab6,0.9179383966304591,autoland,4768104,12,53390121d39b212135aaffcd577053a14c7f0dff,linux1804-64-shippable-qr,True,False,,,102210fe594ee9b33d82058545b1ed14f4c8206e,custom.jsdebugger.stepOut.DAMP,damp,True,damp custom.jsdebugger.stepOut.DAMP opt e10s fission stylo webrender,4767202,77,ms,firefox,,1811388326,2023-12-14 01:23:55,1348332,,,,,,,,,,,,,,,,,,,,,,,,,,,,,,,,,,,,,,,,,,,,,,,,,TN
2170,754138978112dfd00a5fc7ab183d5b01fbdca071,0.9420327440222434,autoland,4768104,12,53390121d39b212135aaffcd577053a14c7f0dff,linux1804-64-shippable-qr,True,False,,,102210fe594ee9b33d82058545b1ed14f4c8206e,custom.jsdebugger.stepOut.DAMP,damp,True,damp custom.jsdebugger.stepOut.DAMP opt e10s fission stylo webrender,4767202,77,ms,firefox,,1813073780,2023-12-14 02:16:50,1348355,,,,,,,,,,,,,,,,,,,,,,,,,,,,,,,,,,,,,,,,,,,,,,,,,TN
2171,81b5a59aeac779855787c25ab9382323f1b5891e,0.9315134488096772,autoland,4768104,12,53390121d39b212135aaffcd577053a14c7f0dff,linux1804-64-shippable-qr,True,False,,,102210fe594ee9b33d82058545b1ed14f4c8206e,custom.jsdebugger.stepOut.DAMP,damp,True,damp custom.jsdebugger.stepOut.DAMP opt e10s fission stylo webrender,4767202,77,ms,firefox,,1813024711,2023-12-14 02:17:42,1348356,,,,,,,,,,,,,,,,,,,,,,,,,,,,,,,,,,,,,,,,,,,,,,,,,TN
2172,18f2793d82dbb9ddf851e608fd23faa7b0da2561,0.9556386334996345,autoland,4768104,12,53390121d39b212135aaffcd577053a14c7f0dff,linux1804-64-shippable-qr,True,False,,,102210fe594ee9b33d82058545b1ed14f4c8206e,custom.jsdebugger.stepOut.DAMP,damp,True,damp custom.jsdebugger.stepOut.DAMP opt e10s fission stylo webrender,4767202,77,ms,firefox,,1813074864,2023-12-14 04:04:51,1348384,,,,,,,,,,,,,,,,,,,,,,,,,,,,,,,,,,,,,,,,,,,,,,,,,TN
2173,a200559a296ea702afa7729d2b64dc090b09ecc3,0.9408175297305699,autoland,4768104,12,53390121d39b212135aaffcd577053a14c7f0dff,linux1804-64-shippable-qr,True,False,,,102210fe594ee9b33d82058545b1ed14f4c8206e,custom.jsdebugger.stepOut.DAMP,damp,True,damp custom.jsdebugger.stepOut.DAMP opt e10s fission stylo webrender,4767202,77,ms,firefox,,1813077321,2023-12-14 04:35:28,1348391,,,,,,,,,,,,,,,,,,,,,,,,,,,,,,,,,,,,,,,,,,,,,,,,,TN
2174,bf88c3888a0e902d779a4bf2be60fceccf4ab23e,0.9392423555334724,autoland,4768104,12,53390121d39b212135aaffcd577053a14c7f0dff,linux1804-64-shippable-qr,True,False,,,102210fe594ee9b33d82058545b1ed14f4c8206e,custom.jsdebugger.stepOut.DAMP,damp,True,damp custom.jsdebugger.stepOut.DAMP opt e10s fission stylo webrender,4767202,77,ms,firefox,,1813073347,2023-12-14 04:36:22,1348393,,,,,,,,,,,,,,,,,,,,,,,,,,,,,,,,,,,,,,,,,,,,,,,,,TN
2175,afe8c4063b82a4500b9dd9bce06452cd420d1ab0,0.9348969840893979,autoland,4768104,12,53390121d39b212135aaffcd577053a14c7f0dff,linux1804-64-shippable-qr,True,False,,,102210fe594ee9b33d82058545b1ed14f4c8206e,custom.jsdebugger.stepOut.DAMP,damp,True,damp custom.jsdebugger.stepOut.DAMP opt e10s fission stylo webrender,4767202,77,ms,firefox,,1813072509,2023-12-14 04:37:34,1348394,,,,,,,,,,,,,,,,,,,,,,,,,,,,,,,,,,,,,,,,,,,,,,,,,TN
2176,184027adbb993360d3fac734a2f819422070549c,0.9288072699805014,autoland,4768104,12,53390121d39b212135aaffcd577053a14c7f0dff,linux1804-64-shippable-qr,True,False,,,102210fe594ee9b33d82058545b1ed14f4c8206e,custom.jsdebugger.stepOut.DAMP,damp,True,damp custom.jsdebugger.stepOut.DAMP opt e10s fission stylo webrender,4767202,77,ms,firefox,,1813070578,2023-12-14 05:05:24,1348397,,,,,,,,,,,,,,,,,,,,,,,,,,,,,,,,,,,,,,,,,,,,,,,,,TN
2177,722156e33a1551d2a3dba5e123bb13711c347a34,0.912388177759045,autoland,4768104,12,53390121d39b212135aaffcd577053a14c7f0dff,linux1804-64-shippable-qr,True,False,,,102210fe594ee9b33d82058545b1ed14f4c8206e,custom.jsdebugger.stepOut.DAMP,damp,True,damp custom.jsdebugger.stepOut.DAMP opt e10s fission stylo webrender,4767202,77,ms,firefox,,1813024060,2023-12-14 05:17:16,1348400,,,,,,,,,,,,,,,,,,,,,,,,,,,,,,,,,,,,,,,,,,,,,,,,,TN
2178,3af75f3310fc53f70cba7e6c5a7e7bec2d3381dc,0.9325071337221675,autoland,4768104,12,53390121d39b212135aaffcd577053a14c7f0dff,linux1804-64-shippable-qr,True,False,,,102210fe594ee9b33d82058545b1ed14f4c8206e,custom.jsdebugger.stepOut.DAMP,damp,True,damp custom.jsdebugger.stepOut.DAMP opt e10s fission stylo webrender,4767202,77,ms,firefox,,1811491673,2023-12-14 06:57:49,1348404,,,,,,,,,,,,,,,,,,,,,,,,,,,,,,,,,,,,,,,,,,,,,,,,,TN
2179,1c0fd259312d4631a0d1a7e0ea0560cff577beba,0.9440413513135533,autoland,4768104,12,53390121d39b212135aaffcd577053a14c7f0dff,linux1804-64-shippable-qr,True,False,,,102210fe594ee9b33d82058545b1ed14f4c8206e,custom.jsdebugger.stepOut.DAMP,damp,True,damp custom.jsdebugger.stepOut.DAMP opt e10s fission stylo webrender,4767202,77,ms,firefox,,1811605876,2023-12-14 09:15:58,1348457,,,,,,,,,,,,,,,,,,,,,,,,,,,,,,,,,,,,,,,,,,,,,,,,,TN
2180,31a1108bee2768e6f329db2b083b5066b2c83def,0.9374497474348402,autoland,4768104,12,53390121d39b212135aaffcd577053a14c7f0dff,linux1804-64-shippable-qr,True,False,,,102210fe594ee9b33d82058545b1ed14f4c8206e,custom.jsdebugger.stepOut.DAMP,damp,True,damp custom.jsdebugger.stepOut.DAMP opt e10s fission stylo webrender,4767202,77,ms,firefox,,1811750842,2023-12-14 13:22:59,1348529,,,,,,,,,,,,,,,,,,,,,,,,,,,,,,,,,,,,,,,,,,,,,,,,,TN
2181,44c4e62a38e1a18cd9c3cdc37be672c5b2eccb06,0.9579708123467674,autoland,4768104,12,53390121d39b212135aaffcd577053a14c7f0dff,linux1804-64-shippable-qr,True,False,,,102210fe594ee9b33d82058545b1ed14f4c8206e,custom.jsdebugger.stepOut.DAMP,damp,True,damp custom.jsdebugger.stepOut.DAMP opt e10s fission stylo webrender,4767202,77,ms,firefox,,1811841368,2023-12-14 15:25:58,1348605,,,,,,,,,,,,,,,,,,,,,,,,,,,,,,,,,,,,,,,,,,,,,,,,,TN
2182,5b5faa47b870a45949438e5959b9ef04204a9bac,0.9341753931010668,autoland,4768104,12,53390121d39b212135aaffcd577053a14c7f0dff,linux1804-64-shippable-qr,True,False,,,102210fe594ee9b33d82058545b1ed14f4c8206e,custom.jsdebugger.stepOut.DAMP,damp,True,damp custom.jsdebugger.stepOut.DAMP opt e10s fission stylo webrender,4767202,77,ms,firefox,,1812054947,2023-12-14 19:45:40,1348855,,,,,,,,,,,,,,,,,,,,,,,,,,,,,,,,,,,,,,,,,,,,,,,,,TN
2183,04ae3a53d7df39b7ef7380e872889038951a9e63,0.9048344754146065,autoland,4768104,12,53390121d39b212135aaffcd577053a14c7f0dff,linux1804-64-shippable-qr,True,False,,,102210fe594ee9b33d82058545b1ed14f4c8206e,custom.jsdebugger.stepOut.DAMP,damp,True,damp custom.jsdebugger.stepOut.DAMP opt e10s fission stylo webrender,4767202,77,ms,firefox,,1812169229,2023-12-14 21:45:13,1348957,,,,,,,,,,,,,,,,,,,,,,,,,,,,,,,,,,,,,,,,,,,,,,,,,TN
2184,efffe49c7c1c0f6b54d9f752224880e07e588f36,0.992488045298451,autoland,4768104,12,53390121d39b212135aaffcd577053a14c7f0dff,linux1804-64-shippable-qr,True,False,,,102210fe594ee9b33d82058545b1ed14f4c8206e,custom.jsdebugger.stepOut.DAMP,damp,True,damp custom.jsdebugger.stepOut.DAMP opt e10s fission stylo webrender,4767202,77,ms,firefox,,1812300114,2023-12-15 01:58:19,1349130,,,,,,,,,,,,,,,,,,,,,,,,,,,,,,,,,,,,,,,,,,,,,,,,,TN
2185,d3a29d02b3dd8d8cfbfff6fcad00d94226e102e8,0.9275053889413092,autoland,4768104,12,53390121d39b212135aaffcd577053a14c7f0dff,linux1804-64-shippable-qr,True,False,,,102210fe594ee9b33d82058545b1ed14f4c8206e,custom.jsdebugger.stepOut.DAMP,damp,True,damp custom.jsdebugger.stepOut.DAMP opt e10s fission stylo webrender,4767202,77,ms,firefox,,1812485777,2023-12-15 11:00:39,1349239,,,,,,,,,,,,,,,,,,,,,,,,,,,,,,,,,,,,,,,,,,,,,,,,,TN
2186,8fd04cb03fbd84435d9834d1de340c2f64e013bb,0.921768290300355,autoland,4768104,12,53390121d39b212135aaffcd577053a14c7f0dff,linux1804-64-shippable-qr,True,False,,,102210fe594ee9b33d82058545b1ed14f4c8206e,custom.jsdebugger.stepOut.DAMP,damp,True,damp custom.jsdebugger.stepOut.DAMP opt e10s fission stylo webrender,4767202,77,ms,firefox,,1812622673,2023-12-15 15:09:59,1349331,,,,,,,,,,,,,,,,,,,,,,,,,,,,,,,,,,,,,,,,,,,,,,,,,TN
2187,8f1a041ed5a88918a5fe585c89ffabd9450bc0ef,0.9338540193126172,autoland,4768104,12,53390121d39b212135aaffcd577053a14c7f0dff,linux1804-64-shippable-qr,True,False,,,102210fe594ee9b33d82058545b1ed14f4c8206e,custom.jsdebugger.stepOut.DAMP,damp,True,damp custom.jsdebugger.stepOut.DAMP opt e10s fission stylo webrender,4767202,77,ms,firefox,,1812842056,2023-12-15 20:18:56,1349528,,,,,,,,,,,,,,,,,,,,,,,,,,,,,,,,,,,,,,,,,,,,,,,,,TN
2188,33b0a0fecfd912ef3f540060b5e13f54db31d5cd,0.9265419640653434,autoland,4768104,12,53390121d39b212135aaffcd577053a14c7f0dff,linux1804-64-shippable-qr,True,False,,,102210fe594ee9b33d82058545b1ed14f4c8206e,custom.jsdebugger.stepOut.DAMP,damp,True,damp custom.jsdebugger.stepOut.DAMP opt e10s fission stylo webrender,4767202,77,ms,firefox,,1813009187,2023-12-16 02:28:17,1349675,,,,,,,,,,,,,,,,,,,,,,,,,,,,,,,,,,,,,,,,,,,,,,,,,TN
2189,6d6d4867b0f48dce26d871d94c5f74f5a8ac6aaf,0.9268340684023963,autoland,4768104,12,53390121d39b212135aaffcd577053a14c7f0dff,linux1804-64-shippable-qr,True,False,,,102210fe594ee9b33d82058545b1ed14f4c8206e,custom.jsdebugger.stepOut.DAMP,damp,True,damp custom.jsdebugger.stepOut.DAMP opt e10s fission stylo webrender,4767202,77,ms,firefox,,1813178055,2023-12-16 14:03:11,1349726,,,,,,,,,,,,,,,,,,,,,,,,,,,,,,,,,,,,,,,,,,,,,,,,,TN
2190,2d19e1f44e562ba1bb3be1f4b8f95b9884d9b07d,0.9214786500062095,autoland,4768104,12,53390121d39b212135aaffcd577053a14c7f0dff,linux1804-64-shippable-qr,True,False,,,102210fe594ee9b33d82058545b1ed14f4c8206e,custom.jsdebugger.stepOut.DAMP,damp,True,damp custom.jsdebugger.stepOut.DAMP opt e10s fission stylo webrender,4767202,77,ms,firefox,,1813342599,2023-12-17 06:27:55,1349827,,,,,,,,,,,,,,,,,,,,,,,,,,,,,,,,,,,,,,,,,,,,,,,,,TN
2191,ab5e2f241728caa5dc020e829b1045df55247758,0.9450381113117714,autoland,4768104,12,53390121d39b212135aaffcd577053a14c7f0dff,linux1804-64-shippable-qr,True,False,,,102210fe594ee9b33d82058545b1ed14f4c8206e,custom.jsdebugger.stepOut.DAMP,damp,True,damp custom.jsdebugger.stepOut.DAMP opt e10s fission stylo webrender,4767202,77,ms,firefox,,1813445655,2023-12-17 14:26:46,1349862,,,,,,,,,,,,,,,,,,,,,,,,,,,,,,,,,,,,,,,,,,,,,,,,,TN
2192,b46057158b0694677a8174089de1cb8929d3116b,0.9288896405500211,autoland,4768104,12,53390121d39b212135aaffcd577053a14c7f0dff,linux1804-64-shippable-qr,True,False,,,102210fe594ee9b33d82058545b1ed14f4c8206e,custom.jsdebugger.stepOut.DAMP,damp,True,damp custom.jsdebugger.stepOut.DAMP opt e10s fission stylo webrender,4767202,77,ms,firefox,,1813532045,2023-12-18 01:43:16,1349993,,,,,,,,,,,,,,,,,,,,,,,,,,,,,,,,,,,,,,,,,,,,,,,,,TN
2193,1d2ed0b2947385e77bd609220eb0e453b44d4cb3,0.9329494006088566,autoland,4768104,12,53390121d39b212135aaffcd577053a14c7f0dff,linux1804-64-shippable-qr,True,False,,,102210fe594ee9b33d82058545b1ed14f4c8206e,custom.jsdebugger.stepOut.DAMP,damp,True,damp custom.jsdebugger.stepOut.DAMP opt e10s fission stylo webrender,4767202,77,ms,firefox,,1813576805,2023-12-18 05:48:57,1350028,,,,,,,,,,,,,,,,,,,,,,,,,,,,,,,,,,,,,,,,,,,,,,,,,TN
2194,1f7904968650806af8d68bbc64a717bac22df318,0.923434808952222,autoland,4768104,12,53390121d39b212135aaffcd577053a14c7f0dff,linux1804-64-shippable-qr,True,False,,,102210fe594ee9b33d82058545b1ed14f4c8206e,custom.jsdebugger.stepOut.DAMP,damp,True,damp custom.jsdebugger.stepOut.DAMP opt e10s fission stylo webrender,4767202,77,ms,firefox,,1813676202,2023-12-18 10:08:52,1350088,,,,,,,,,,,,,,,,,,,,,,,,,,,,,,,,,,,,,,,,,,,,,,,,,TN
2195,ba2e5b5e061b5024cc487a16c7e553de9e5e8a2d,0.6335780089512757,autoland,4768104,12,53390121d39b212135aaffcd577053a14c7f0dff,linux1804-64-shippable-qr,True,False,,,102210fe594ee9b33d82058545b1ed14f4c8206e,custom.jsdebugger.stepOut.DAMP,damp,True,damp custom.jsdebugger.stepOut.DAMP opt e10s fission stylo webrender,4767202,77,ms,firefox,,1813695686,2023-12-18 10:23:12,1350096,,,,,,,,,,,,,,,,,,,,,,,,,,,,,,,,,,,,,,,,,,,,,,,,,TN
2196,8942476b2dcd0a89abfb3183ea577d611785e77e,0.913031193598842,autoland,4768104,12,53390121d39b212135aaffcd577053a14c7f0dff,linux1804-64-shippable-qr,True,False,,,102210fe594ee9b33d82058545b1ed14f4c8206e,custom.jsdebugger.stepOut.DAMP,damp,True,damp custom.jsdebugger.stepOut.DAMP opt e10s fission stylo webrender,4767202,77,ms,firefox,,1813862530,2023-12-18 14:56:17,1350212,,,,,,,,,,,,,,,,,,,,,,,,,,,,,,,,,,,,,,,,,,,,,,,,,TN
2197,e409a860d27d9dbd962eb6568c1700e2aa2716aa,0.9431567787910342,autoland,4768104,12,53390121d39b212135aaffcd577053a14c7f0dff,linux1804-64-shippable-qr,True,False,,,102210fe594ee9b33d82058545b1ed14f4c8206e,custom.jsdebugger.stepOut.DAMP,damp,True,damp custom.jsdebugger.stepOut.DAMP opt e10s fission stylo webrender,4767202,77,ms,firefox,,1813835910,2023-12-18 15:53:23,1350255,,,,,,,,,,,,,,,,,,,,,,,,,,,,,,,,,,,,,,,,,,,,,,,,,TN
2198,c909d207f316bf0512f63f8262872083353a6ef5,0.9595173132317769,autoland,4768104,12,53390121d39b212135aaffcd577053a14c7f0dff,linux1804-64-shippable-qr,True,False,,,102210fe594ee9b33d82058545b1ed14f4c8206e,custom.jsdebugger.stepOut.DAMP,damp,True,damp custom.jsdebugger.stepOut.DAMP opt e10s fission stylo webrender,4767202,77,ms,firefox,,1813926889,2023-12-18 18:13:05,1350369,,,,,,,,,,,,,,,,,,,,,,,,,,,,,,,,,,,,,,,,,,,,,,,,,TN
2199,593e78a41c38b062baab03b6280366f86d0d233c,0.9219155128891694,autoland,4768104,12,53390121d39b212135aaffcd577053a14c7f0dff,linux1804-64-shippable-qr,True,False,,,102210fe594ee9b33d82058545b1ed14f4c8206e,custom.jsdebugger.stepOut.DAMP,damp,True,damp custom.jsdebugger.stepOut.DAMP opt e10s fission stylo webrender,4767202,77,ms,firefox,,1814021370,2023-12-18 20:47:25,1350523,,,,,,,,,,,,,,,,,,,,,,,,,,,,,,,,,,,,,,,,,,,,,,,,,TN
2200,4bc62630a431fca569dfb1add5eee214dcdd091c,0.933014168175148,autoland,4768104,12,53390121d39b212135aaffcd577053a14c7f0dff,linux1804-64-shippable-qr,True,False,,,102210fe594ee9b33d82058545b1ed14f4c8206e,custom.jsdebugger.stepOut.DAMP,damp,True,damp custom.jsdebugger.stepOut.DAMP opt e10s fission stylo webrender,4767202,77,ms,firefox,,1814092911,2023-12-19 00:56:17,1350695,,,,,,,,,,,,,,,,,,,,,,,,,,,,,,,,,,,,,,,,,,,,,,,,,TN
2201,7e32f178b02fef938f803492c4bfd6d897ffcb21,0.9453825527146702,autoland,4768104,12,53390121d39b212135aaffcd577053a14c7f0dff,linux1804-64-shippable-qr,True,False,,,102210fe594ee9b33d82058545b1ed14f4c8206e,custom.jsdebugger.stepOut.DAMP,damp,True,damp custom.jsdebugger.stepOut.DAMP opt e10s fission stylo webrender,4767202,77,ms,firefox,,1814118272,2023-12-19 02:00:57,1350710,,,,,,,,,,,,,,,,,,,,,,,,,,,,,,,,,,,,,,,,,,,,,,,,,TN
2202,05b607c3bbe6ca02e9133ecb969e033fd3d7959e,0.9285283939770701,autoland,4768104,12,53390121d39b212135aaffcd577053a14c7f0dff,linux1804-64-shippable-qr,True,False,,,102210fe594ee9b33d82058545b1ed14f4c8206e,custom.jsdebugger.stepOut.DAMP,damp,True,damp custom.jsdebugger.stepOut.DAMP opt e10s fission stylo webrender,4767202,77,ms,firefox,,1814201086,2023-12-19 06:19:40,1350758,,,,,,,,,,,,,,,,,,,,,,,,,,,,,,,,,,,,,,,,,,,,,,,,,TN
2203,8efb8cc3558006677c6d18fcf41c3445498e257c,0.9315666582263769,autoland,4768104,12,53390121d39b212135aaffcd577053a14c7f0dff,linux1804-64-shippable-qr,True,False,,,102210fe594ee9b33d82058545b1ed14f4c8206e,custom.jsdebugger.stepOut.DAMP,damp,True,damp custom.jsdebugger.stepOut.DAMP opt e10s fission stylo webrender,4767202,77,ms,firefox,,1814319342,2023-12-19 10:31:52,1350823,,,,,,,,,,,,,,,,,,,,,,,,,,,,,,,,,,,,,,,,,,,,,,,,,TN
2204,e382d15d709c00d2fc941c2d6e9344b826246c27,0.9316246953787242,autoland,4768104,12,53390121d39b212135aaffcd577053a14c7f0dff,linux1804-64-shippable-qr,True,False,,,102210fe594ee9b33d82058545b1ed14f4c8206e,custom.jsdebugger.stepOut.DAMP,damp,True,damp custom.jsdebugger.stepOut.DAMP opt e10s fission stylo webrender,4767202,77,ms,firefox,,1814373203,2023-12-19 10:59:27,1350835,,,,,,,,,,,,,,,,,,,,,,,,,,,,,,,,,,,,,,,,,,,,,,,,,TN
2205,58a9c7e82a58e7e951a669f0634901963c5ed696,0.910036250800448,autoland,4768104,12,53390121d39b212135aaffcd577053a14c7f0dff,linux1804-64-shippable-qr,True,False,,,102210fe594ee9b33d82058545b1ed14f4c8206e,custom.jsdebugger.stepOut.DAMP,damp,True,damp custom.jsdebugger.stepOut.DAMP opt e10s fission stylo webrender,4767202,77,ms,firefox,,1814467661,2023-12-19 15:05:00,1350969,,,,,,,,,,,,,,,,,,,,,,,,,,,,,,,,,,,,,,,,,,,,,,,,,TN
2206,ffd610f5a3bc262042d0839f354a1cf0cc9d5dff,0.924025141965068,autoland,4768104,12,53390121d39b212135aaffcd577053a14c7f0dff,linux1804-64-shippable-qr,True,False,,,102210fe594ee9b33d82058545b1ed14f4c8206e,custom.jsdebugger.stepOut.DAMP,damp,True,damp custom.jsdebugger.stepOut.DAMP opt e10s fission stylo webrender,4767202,77,ms,firefox,,1814515098,2023-12-19 15:55:04,1351025,,,,,,,,,,,,,,,,,,,,,,,,,,,,,,,,,,,,,,,,,,,,,,,,,TN
2207,b50326daf412a23a363c8ca18b03b1dcede121ff,0.9365235216582191,autoland,4768104,12,53390121d39b212135aaffcd577053a14c7f0dff,linux1804-64-shippable-qr,True,False,,,102210fe594ee9b33d82058545b1ed14f4c8206e,custom.jsdebugger.stepOut.DAMP,damp,True,damp custom.jsdebugger.stepOut.DAMP opt e10s fission stylo webrender,4767202,77,ms,firefox,,1814675213,2023-12-19 20:21:31,1351238,,,,,,,,,,,,,,,,,,,,,,,,,,,,,,,,,,,,,,,,,,,,,,,,,TN
2208,31eaa2b1cf1b61e0b8868c53cf6bdbfc14805942,0.9488717397950606,autoland,4768104,12,53390121d39b212135aaffcd577053a14c7f0dff,linux1804-64-shippable-qr,True,False,,,102210fe594ee9b33d82058545b1ed14f4c8206e,custom.jsdebugger.stepOut.DAMP,damp,True,damp custom.jsdebugger.stepOut.DAMP opt e10s fission stylo webrender,4767202,77,ms,firefox,,1814706223,2023-12-19 21:18:40,1351276,,,,,,,,,,,,,,,,,,,,,,,,,,,,,,,,,,,,,,,,,,,,,,,,,TN
2209,9ac6d461916454c17cd8c7dfc7f73401ef3da12a,0.9365616090050364,autoland,4768104,12,53390121d39b212135aaffcd577053a14c7f0dff,linux1804-64-shippable-qr,True,False,,,102210fe594ee9b33d82058545b1ed14f4c8206e,custom.jsdebugger.stepOut.DAMP,damp,True,damp custom.jsdebugger.stepOut.DAMP opt e10s fission stylo webrender,4767202,77,ms,firefox,,1814845181,2023-12-20 02:06:01,1351432,,,,,,,,,,,,,,,,,,,,,,,,,,,,,,,,,,,,,,,,,,,,,,,,,TN
2210,e3bf6261f6fc31e78c716c97399a60f6f575ebcd,0.9344919620058729,autoland,4768104,12,53390121d39b212135aaffcd577053a14c7f0dff,linux1804-64-shippable-qr,True,False,,,102210fe594ee9b33d82058545b1ed14f4c8206e,custom.jsdebugger.stepOut.DAMP,damp,True,damp custom.jsdebugger.stepOut.DAMP opt e10s fission stylo webrender,4767202,77,ms,firefox,,1814916012,2023-12-20 04:26:18,1351473,,,,,,,,,,,,,,,,,,,,,,,,,,,,,,,,,,,,,,,,,,,,,,,,,TN
2211,4d6eabdc6228d414c7043c4fabdddfd95a3afb0e,0.9165026683835835,autoland,4768104,12,53390121d39b212135aaffcd577053a14c7f0dff,linux1804-64-shippable-qr,True,False,,,102210fe594ee9b33d82058545b1ed14f4c8206e,custom.jsdebugger.stepOut.DAMP,damp,True,damp custom.jsdebugger.stepOut.DAMP opt e10s fission stylo webrender,4767202,77,ms,firefox,,1815060083,2023-12-20 09:15:46,1351517,,,,,,,,,,,,,,,,,,,,,,,,,,,,,,,,,,,,,,,,,,,,,,,,,TN
2212,97f2e0f6b821072bc498a3bc7921831eb6d10d38,0.9321670838794767,autoland,4768104,12,53390121d39b212135aaffcd577053a14c7f0dff,linux1804-64-shippable-qr,True,False,,,102210fe594ee9b33d82058545b1ed14f4c8206e,custom.jsdebugger.stepOut.DAMP,damp,True,damp custom.jsdebugger.stepOut.DAMP opt e10s fission stylo webrender,4767202,77,ms,firefox,,1815177737,2023-12-20 13:10:00,1351639,,,,,,,,,,,,,,,,,,,,,,,,,,,,,,,,,,,,,,,,,,,,,,,,,TN
2213,c12f6936509f05b3caad77d4cb4b783a38761897,0.950038801919378,autoland,4768104,12,53390121d39b212135aaffcd577053a14c7f0dff,linux1804-64-shippable-qr,True,False,,,102210fe594ee9b33d82058545b1ed14f4c8206e,custom.jsdebugger.stepOut.DAMP,damp,True,damp custom.jsdebugger.stepOut.DAMP opt e10s fission stylo webrender,4767202,77,ms,firefox,,1815330356,2023-12-20 17:43:19,1351821,,,,,,,,,,,,,,,,,,,,,,,,,,,,,,,,,,,,,,,,,,,,,,,,,TN
2214,aa4d4fecaf969d49a7ecf2568e3dda25cd2a7f1d,0.9362262855544108,autoland,4768104,12,53390121d39b212135aaffcd577053a14c7f0dff,linux1804-64-shippable-qr,True,False,,,102210fe594ee9b33d82058545b1ed14f4c8206e,custom.jsdebugger.stepOut.DAMP,damp,True,damp custom.jsdebugger.stepOut.DAMP opt e10s fission stylo webrender,4767202,77,ms,firefox,,1815457389,2023-12-20 21:55:32,1352017,,,,,,,,,,,,,,,,,,,,,,,,,,,,,,,,,,,,,,,,,,,,,,,,,TN
2215,dfc7e32798343d88b72708bf68fc966d1e088330,0.9211128071983494,autoland,4768104,12,53390121d39b212135aaffcd577053a14c7f0dff,linux1804-64-shippable-qr,True,False,,,102210fe594ee9b33d82058545b1ed14f4c8206e,custom.jsdebugger.stepOut.DAMP,damp,True,damp custom.jsdebugger.stepOut.DAMP opt e10s fission stylo webrender,4767202,77,ms,firefox,,1815434573,2023-12-20 21:58:53,1352020,,,,,,,,,,,,,,,,,,,,,,,,,,,,,,,,,,,,,,,,,,,,,,,,,TN
2216,37657c7691664026e54babf7d1cf608fe58a92fb,0.9214177235648862,autoland,4768104,12,53390121d39b212135aaffcd577053a14c7f0dff,linux1804-64-shippable-qr,True,False,,,102210fe594ee9b33d82058545b1ed14f4c8206e,custom.jsdebugger.stepOut.DAMP,damp,True,damp custom.jsdebugger.stepOut.DAMP opt e10s fission stylo webrender,4767202,77,ms,firefox,,1815588127,2023-12-21 03:06:09,1352135,,,,,,,,,,,,,,,,,,,,,,,,,,,,,,,,,,,,,,,,,,,,,,,,,TN
2217,2339ef37f5863c45acf6280581ec0994b40f11d5,0.9425797118672319,autoland,4768104,12,53390121d39b212135aaffcd577053a14c7f0dff,linux1804-64-shippable-qr,True,False,,,102210fe594ee9b33d82058545b1ed14f4c8206e,custom.jsdebugger.stepOut.DAMP,damp,True,damp custom.jsdebugger.stepOut.DAMP opt e10s fission stylo webrender,4767202,77,ms,firefox,,1815671015,2023-12-21 06:56:11,1352164,,,,,,,,,,,,,,,,,,,,,,,,,,,,,,,,,,,,,,,,,,,,,,,,,TN
2218,5e551f2bacc3d6a8294dcb0273e8299cf7a17e2d,0.9242382926049251,autoland,4768104,12,53390121d39b212135aaffcd577053a14c7f0dff,linux1804-64-shippable-qr,True,False,,,102210fe594ee9b33d82058545b1ed14f4c8206e,custom.jsdebugger.stepOut.DAMP,damp,True,damp custom.jsdebugger.stepOut.DAMP opt e10s fission stylo webrender,4767202,77,ms,firefox,,1815795490,2023-12-21 11:39:11,1352265,,,,,,,,,,,,,,,,,,,,,,,,,,,,,,,,,,,,,,,,,,,,,,,,,TN
2219,8b474eeffbe09d0e5e30675fa595293863b0db34,0.9259902708220078,autoland,4768104,12,53390121d39b212135aaffcd577053a14c7f0dff,linux1804-64-shippable-qr,True,False,,,102210fe594ee9b33d82058545b1ed14f4c8206e,custom.jsdebugger.stepOut.DAMP,damp,True,damp custom.jsdebugger.stepOut.DAMP opt e10s fission stylo webrender,4767202,77,ms,firefox,,1815836071,2023-12-21 13:05:54,1352315,,,,,,,,,,,,,,,,,,,,,,,,,,,,,,,,,,,,,,,,,,,,,,,,,TN
2220,e685307ecb90f0e91ef9f3781b3614b7308384b9,0.9160076699852877,autoland,4768104,12,53390121d39b212135aaffcd577053a14c7f0dff,linux1804-64-shippable-qr,True,False,,,102210fe594ee9b33d82058545b1ed14f4c8206e,custom.jsdebugger.stepOut.DAMP,damp,True,damp custom.jsdebugger.stepOut.DAMP opt e10s fission stylo webrender,4767202,77,ms,firefox,,1816031548,2023-12-21 18:00:27,1352454,,,,,,,,,,,,,,,,,,,,,,,,,,,,,,,,,,,,,,,,,,,,,,,,,TN
2221,14c89fd054c7ac54bac01a4fcb619d5dff3cc6ef,0.9293103947525421,autoland,4768104,12,53390121d39b212135aaffcd577053a14c7f0dff,linux1804-64-shippable-qr,True,False,,,102210fe594ee9b33d82058545b1ed14f4c8206e,custom.jsdebugger.stepOut.DAMP,damp,True,damp custom.jsdebugger.stepOut.DAMP opt e10s fission stylo webrender,4767202,77,ms,firefox,,1816045235,2023-12-21 18:17:05,1352468,,,,,,,,,,,,,,,,,,,,,,,,,,,,,,,,,,,,,,,,,,,,,,,,,TN
2222,e20257bfa3ef6e394b6669c19aa1a165ee73fefa,0.9268849965922312,autoland,4768104,12,53390121d39b212135aaffcd577053a14c7f0dff,linux1804-64-shippable-qr,True,False,,,102210fe594ee9b33d82058545b1ed14f4c8206e,custom.jsdebugger.stepOut.DAMP,damp,True,damp custom.jsdebugger.stepOut.DAMP opt e10s fission stylo webrender,4767202,77,ms,firefox,,1816148206,2023-12-21 22:08:07,1352650,,,,,,,,,,,,,,,,,,,,,,,,,,,,,,,,,,,,,,,,,,,,,,,,,TN
2223,6814c9419790a8ee7c93cac282a82a11d93d16ba,0.9539083428343433,autoland,4768104,12,53390121d39b212135aaffcd577053a14c7f0dff,linux1804-64-shippable-qr,True,False,,,102210fe594ee9b33d82058545b1ed14f4c8206e,custom.jsdebugger.stepOut.DAMP,damp,True,damp custom.jsdebugger.stepOut.DAMP opt e10s fission stylo webrender,4767202,77,ms,firefox,,1816250069,2023-12-22 08:16:59,1352807,,,,,,,,,,,,,,,,,,,,,,,,,,,,,,,,,,,,,,,,,,,,,,,,,TN
2224,3189af86c93aef59c4fc9363b40f92eb4ef0358f,0.927534645476485,autoland,4768104,12,53390121d39b212135aaffcd577053a14c7f0dff,linux1804-64-shippable-qr,True,False,,,102210fe594ee9b33d82058545b1ed14f4c8206e,custom.jsdebugger.stepOut.DAMP,damp,True,damp custom.jsdebugger.stepOut.DAMP opt e10s fission stylo webrender,4767202,77,ms,firefox,,1816368341,2023-12-22 13:33:45,1352859,,,,,,,,,,,,,,,,,,,,,,,,,,,,,,,,,,,,,,,,,,,,,,,,,TN
2225,8cd1fc9da2b45034679cc880c08d91e84d8e9516,0.9347215521835741,autoland,4768104,12,53390121d39b212135aaffcd577053a14c7f0dff,linux1804-64-shippable-qr,True,False,,,102210fe594ee9b33d82058545b1ed14f4c8206e,custom.jsdebugger.stepOut.DAMP,damp,True,damp custom.jsdebugger.stepOut.DAMP opt e10s fission stylo webrender,4767202,77,ms,firefox,,1816381470,2023-12-22 13:41:08,1352862,,,,,,,,,,,,,,,,,,,,,,,,,,,,,,,,,,,,,,,,,,,,,,,,,TN
2226,ac9f813bbc0f39b5e52be4229972795f2ca6309b,0.9085641650044491,autoland,4768104,12,53390121d39b212135aaffcd577053a14c7f0dff,linux1804-64-shippable-qr,True,False,,,102210fe594ee9b33d82058545b1ed14f4c8206e,custom.jsdebugger.stepOut.DAMP,damp,True,damp custom.jsdebugger.stepOut.DAMP opt e10s fission stylo webrender,4767202,77,ms,firefox,,1816501756,2023-12-22 19:27:05,1353028,,,,,,,,,,,,,,,,,,,,,,,,,,,,,,,,,,,,,,,,,,,,,,,,,TN
2227,58581f618255e51b846d0792b6abc3e5c2c67d51,0.9357200866901239,autoland,4768104,12,53390121d39b212135aaffcd577053a14c7f0dff,linux1804-64-shippable-qr,True,False,,,102210fe594ee9b33d82058545b1ed14f4c8206e,custom.jsdebugger.stepOut.DAMP,damp,True,damp custom.jsdebugger.stepOut.DAMP opt e10s fission stylo webrender,4767202,77,ms,firefox,,1816595252,2023-12-23 00:08:27,1353154,,,,,,,,,,,,,,,,,,,,,,,,,,,,,,,,,,,,,,,,,,,,,,,,,TN
2228,8b92fb4e3f41d856629818bd2ecfc25bed23a643,0.9254768368123902,autoland,4768104,12,53390121d39b212135aaffcd577053a14c7f0dff,linux1804-64-shippable-qr,True,False,,,102210fe594ee9b33d82058545b1ed14f4c8206e,custom.jsdebugger.stepOut.DAMP,damp,True,damp custom.jsdebugger.stepOut.DAMP opt e10s fission stylo webrender,4767202,77,ms,firefox,,1816647777,2023-12-23 05:47:03,1353193,,,,,,,,,,,,,,,,,,,,,,,,,,,,,,,,,,,,,,,,,,,,,,,,,TN
2229,6f7de1b98becd7269380a213d3eff367b81efe72,0.9150417681501068,autoland,4768104,12,53390121d39b212135aaffcd577053a14c7f0dff,linux1804-64-shippable-qr,True,False,,,102210fe594ee9b33d82058545b1ed14f4c8206e,custom.jsdebugger.stepOut.DAMP,damp,True,damp custom.jsdebugger.stepOut.DAMP opt e10s fission stylo webrender,4767202,77,ms,firefox,,1816683209,2023-12-23 08:44:57,1353213,,,,,,,,,,,,,,,,,,,,,,,,,,,,,,,,,,,,,,,,,,,,,,,,,TN
2230,e6f85355d2f352d6bc64a11372bc8efc1ced07b8,0.9387990394413686,autoland,4768104,12,53390121d39b212135aaffcd577053a14c7f0dff,linux1804-64-shippable-qr,True,False,,,102210fe594ee9b33d82058545b1ed14f4c8206e,custom.jsdebugger.stepOut.DAMP,damp,True,damp custom.jsdebugger.stepOut.DAMP opt e10s fission stylo webrender,4767202,77,ms,firefox,,1816771664,2023-12-23 15:53:06,1353251,,,,,,,,,,,,,,,,,,,,,,,,,,,,,,,,,,,,,,,,,,,,,,,,,TN
2231,0f896a4a54629904c55cc5e18aa1f6e387c9a697,0.938598743554323,autoland,4768104,12,53390121d39b212135aaffcd577053a14c7f0dff,linux1804-64-shippable-qr,True,False,,,102210fe594ee9b33d82058545b1ed14f4c8206e,custom.jsdebugger.stepOut.DAMP,damp,True,damp custom.jsdebugger.stepOut.DAMP opt e10s fission stylo webrender,4767202,77,ms,firefox,,1816843488,2023-12-24 06:04:04,1353282,,,,,,,,,,,,,,,,,,,,,,,,,,,,,,,,,,,,,,,,,,,,,,,,,TN
2232,a15215077df33152e936203ec411ea07343a3f36,0.9360663900351995,autoland,4768104,12,53390121d39b212135aaffcd577053a14c7f0dff,linux1804-64-shippable-qr,True,False,,,102210fe594ee9b33d82058545b1ed14f4c8206e,custom.jsdebugger.stepOut.DAMP,damp,True,damp custom.jsdebugger.stepOut.DAMP opt e10s fission stylo webrender,4767202,77,ms,firefox,,1816927190,2023-12-24 13:46:59,1353302,,,,,,,,,,,,,,,,,,,,,,,,,,,,,,,,,,,,,,,,,,,,,,,,,TN
2233,65471d13c8aaa5b3c5aa872ca12360b7f26ad6e0,0.9504479830688355,autoland,4768104,12,53390121d39b212135aaffcd577053a14c7f0dff,linux1804-64-shippable-qr,True,False,,,102210fe594ee9b33d82058545b1ed14f4c8206e,custom.jsdebugger.stepOut.DAMP,damp,True,damp custom.jsdebugger.stepOut.DAMP opt e10s fission stylo webrender,4767202,77,ms,firefox,,1816973980,2023-12-24 18:13:48,1353317,,,,,,,,,,,,,,,,,,,,,,,,,,,,,,,,,,,,,,,,,,,,,,,,,TN
2234,29784c387017c900dc842f070d5cd88464dfc494,0.9307558937243414,autoland,4768104,12,53390121d39b212135aaffcd577053a14c7f0dff,linux1804-64-shippable-qr,True,False,,,102210fe594ee9b33d82058545b1ed14f4c8206e,custom.jsdebugger.stepOut.DAMP,damp,True,damp custom.jsdebugger.stepOut.DAMP opt e10s fission stylo webrender,4767202,77,ms,firefox,,1817045461,2023-12-25 01:21:58,1353335,,,,,,,,,,,,,,,,,,,,,,,,,,,,,,,,,,,,,,,,,,,,,,,,,TN
2235,f69f493b2f3cde5ef4b46b9675cfd4708287666e,0.9449604820376845,autoland,4768104,12,53390121d39b212135aaffcd577053a14c7f0dff,linux1804-64-shippable-qr,True,False,,,102210fe594ee9b33d82058545b1ed14f4c8206e,custom.jsdebugger.stepOut.DAMP,damp,True,damp custom.jsdebugger.stepOut.DAMP opt e10s fission stylo webrender,4767202,77,ms,firefox,,1817084445,2023-12-25 05:53:22,1353343,,,,,,,,,,,,,,,,,,,,,,,,,,,,,,,,,,,,,,,,,,,,,,,,,TN
2236,b9600c5aa59e300200656691d1f1997593caafbd,0.9429015248117465,autoland,4768104,12,53390121d39b212135aaffcd577053a14c7f0dff,linux1804-64-shippable-qr,True,False,,,102210fe594ee9b33d82058545b1ed14f4c8206e,custom.jsdebugger.stepOut.DAMP,damp,True,damp custom.jsdebugger.stepOut.DAMP opt e10s fission stylo webrender,4767202,77,ms,firefox,,1817172960,2023-12-25 12:57:04,1353372,,,,,,,,,,,,,,,,,,,,,,,,,,,,,,,,,,,,,,,,,,,,,,,,,TN
2237,fdd85a789550f85e20e7b7128f2b3316cbc76640,0.9137211047451879,autoland,4768104,12,53390121d39b212135aaffcd577053a14c7f0dff,linux1804-64-shippable-qr,True,False,,,102210fe594ee9b33d82058545b1ed14f4c8206e,custom.jsdebugger.stepOut.DAMP,damp,True,damp custom.jsdebugger.stepOut.DAMP opt e10s fission stylo webrender,4767202,77,ms,firefox,,1817200540,2023-12-25 17:10:06,1353386,,,,,,,,,,,,,,,,,,,,,,,,,,,,,,,,,,,,,,,,,,,,,,,,,TN
2238,ba6abbd36b496501cea141e17b61af674a18e279,0.8970034827975133,autoland,4768104,12,53390121d39b212135aaffcd577053a14c7f0dff,linux1804-64-shippable-qr,True,False,,,102210fe594ee9b33d82058545b1ed14f4c8206e,custom.jsdebugger.stepOut.DAMP,damp,True,damp custom.jsdebugger.stepOut.DAMP opt e10s fission stylo webrender,4767202,77,ms,firefox,,1817247128,2023-12-25 21:32:12,1353402,,,,,,,,,,,,,,,,,,,,,,,,,,,,,,,,,,,,,,,,,,,,,,,,,TN
2239,280c0b4dd9140984e6177c89f5858ceac6ae0107,0.9227120227043724,autoland,4768104,12,53390121d39b212135aaffcd577053a14c7f0dff,linux1804-64-shippable-qr,True,False,,,102210fe594ee9b33d82058545b1ed14f4c8206e,custom.jsdebugger.stepOut.DAMP,damp,True,damp custom.jsdebugger.stepOut.DAMP opt e10s fission stylo webrender,4767202,77,ms,firefox,441391542.0,1817295317,2023-12-26 03:31:03,1353431,,,,,,,,,,,,,,,,,,,,,,,,,,,,,,,,,,,,,,,,,,,,,,,,,TN
2240,7503b1d6a430d23303b6ec356b3388951a1eca83,0.9224225016381533,autoland,4768104,12,53390121d39b212135aaffcd577053a14c7f0dff,linux1804-64-shippable-qr,True,False,,,102210fe594ee9b33d82058545b1ed14f4c8206e,custom.jsdebugger.stepOut.DAMP,damp,True,damp custom.jsdebugger.stepOut.DAMP opt e10s fission stylo webrender,4767202,77,ms,firefox,441397864.0,1817373624,2023-12-26 07:50:55,1353461,,,,,,,,,,,,,,,,,,,,,,,,,,,,,,,,,,,,,,,,,,,,,,,,,TN
2241,807f04c86e5d02f04afa662ade3d505a80a4f660,0.9120921736767553,autoland,4768104,12,53390121d39b212135aaffcd577053a14c7f0dff,linux1804-64-shippable-qr,True,False,,,102210fe594ee9b33d82058545b1ed14f4c8206e,custom.jsdebugger.stepOut.DAMP,damp,True,damp custom.jsdebugger.stepOut.DAMP opt e10s fission stylo webrender,4767202,77,ms,firefox,441423762.0,1817464674,2023-12-26 11:52:29,1353488,,,,,,,,,,,,,,,,,,,,,,,,,,,,,,,,,,,,,,,,,,,,,,,,,TN
2242,6d9a0abd0a3c26f4337aff723c15795fe91fe884,0.9265640639469068,autoland,4768104,12,53390121d39b212135aaffcd577053a14c7f0dff,linux1804-64-shippable-qr,True,False,,,102210fe594ee9b33d82058545b1ed14f4c8206e,custom.jsdebugger.stepOut.DAMP,damp,True,damp custom.jsdebugger.stepOut.DAMP opt e10s fission stylo webrender,4767202,77,ms,firefox,441451268.0,1817552451,2023-12-27 02:56:18,1353555,,,,,,,,,,,,,,,,,,,,,,,,,,,,,,,,,,,,,,,,,,,,,,,,,TN
2243,856e86584c4c811f064f93e2b734dd374c787eaf,0.9456134643348317,autoland,4768104,12,53390121d39b212135aaffcd577053a14c7f0dff,linux1804-64-shippable-qr,True,False,,,102210fe594ee9b33d82058545b1ed14f4c8206e,custom.jsdebugger.stepOut.DAMP,damp,True,damp custom.jsdebugger.stepOut.DAMP opt e10s fission stylo webrender,4767202,77,ms,firefox,441494187.0,1817781634,2023-12-27 14:58:54,1353654,,,,,,,,,,,,,,,,,,,,,,,,,,,,,,,,,,,,,,,,,,,,,,,,,TN
2244,97a27d8a860d5bd8ab2962d2f0e5e376287e527c,0.9169803876810876,autoland,4768104,12,53390121d39b212135aaffcd577053a14c7f0dff,linux1804-64-shippable-qr,True,False,,,102210fe594ee9b33d82058545b1ed14f4c8206e,custom.jsdebugger.stepOut.DAMP,damp,True,damp custom.jsdebugger.stepOut.DAMP opt e10s fission stylo webrender,4767202,77,ms,firefox,441508963.0,1817838889,2023-12-27 20:22:55,1353722,,,,,,,,,,,,,,,,,,,,,,,,,,,,,,,,,,,,,,,,,,,,,,,,,TN
2245,00fe06571a66e6773ca7801e6747493299cf4bda,1.0,autoland,4768104,12,53390121d39b212135aaffcd577053a14c7f0dff,linux1804-64-shippable-qr,True,False,,,102210fe594ee9b33d82058545b1ed14f4c8206e,custom.jsdebugger.stepOut.DAMP,damp,True,damp custom.jsdebugger.stepOut.DAMP opt e10s fission stylo webrender,4767202,77,ms,firefox,441528126.0,1817913190,2023-12-28 01:36:38,1353793,,,,,,,,,,,,,,,,,,,,,,,,,,,,,,,,,,,,,,,,,,,,,,,,,TN
2246,10aa7423789835a7dbd24b0b44ad1ae2ad77b59b,0.9253093623742179,autoland,4768104,12,53390121d39b212135aaffcd577053a14c7f0dff,linux1804-64-shippable-qr,True,False,,,102210fe594ee9b33d82058545b1ed14f4c8206e,custom.jsdebugger.stepOut.DAMP,damp,True,damp custom.jsdebugger.stepOut.DAMP opt e10s fission stylo webrender,4767202,77,ms,firefox,441553645.0,1818029122,2023-12-28 13:32:35,1353834,,,,,,,,,,,,,,,,,,,,,,,,,,,,,,,,,,,,,,,,,,,,,,,,,TN
2247,659e4e8345823ce8331b67df6c3865b76063e2c2,0.936836578308262,autoland,4768104,12,53390121d39b212135aaffcd577053a14c7f0dff,linux1804-64-shippable-qr,True,False,,,102210fe594ee9b33d82058545b1ed14f4c8206e,custom.jsdebugger.stepOut.DAMP,damp,True,damp custom.jsdebugger.stepOut.DAMP opt e10s fission stylo webrender,4767202,77,ms,firefox,441573861.0,1818195753,2023-12-28 17:48:27,1353939,,,,,,,,,,,,,,,,,,,,,,,,,,,,,,,,,,,,,,,,,,,,,,,,,TN
2248,2e15b5318d54850660d5c4e4ece3c82b2634d806,0.9641661792498346,autoland,4768104,12,53390121d39b212135aaffcd577053a14c7f0dff,linux1804-64-shippable-qr,True,False,,,102210fe594ee9b33d82058545b1ed14f4c8206e,custom.jsdebugger.stepOut.DAMP,damp,True,damp custom.jsdebugger.stepOut.DAMP opt e10s fission stylo webrender,4767202,77,ms,firefox,441591108.0,1818240750,2023-12-28 20:32:29,1353968,,,,,,,,,,,,,,,,,,,,,,,,,,,,,,,,,,,,,,,,,,,,,,,,,TN
2249,0bd8678e10b6f0eb1d7e16cfe010ca8856e2bfcc,0.9230740184259081,autoland,4768104,12,53390121d39b212135aaffcd577053a14c7f0dff,linux1804-64-shippable-qr,True,False,,,102210fe594ee9b33d82058545b1ed14f4c8206e,custom.jsdebugger.stepOut.DAMP,damp,True,damp custom.jsdebugger.stepOut.DAMP opt e10s fission stylo webrender,4767202,77,ms,firefox,441599259.0,1818264158,2023-12-28 23:04:44,1354003,,,,,,,,,,,,,,,,,,,,,,,,,,,,,,,,,,,,,,,,,,,,,,,,,TN
2250,25b973ec90316da3daa35b031e4a4e089d70443a,0.9280386624705086,autoland,4768104,12,53390121d39b212135aaffcd577053a14c7f0dff,linux1804-64-shippable-qr,True,False,,,102210fe594ee9b33d82058545b1ed14f4c8206e,custom.jsdebugger.stepOut.DAMP,damp,True,damp custom.jsdebugger.stepOut.DAMP opt e10s fission stylo webrender,4767202,77,ms,firefox,441617329.0,1818369588,2023-12-29 05:51:26,1354078,,,,,,,,,,,,,,,,,,,,,,,,,,,,,,,,,,,,,,,,,,,,,,,,,TN
2251,4d00abb11b573ff386a9f02816ff81f2030e6dfe,0.9110025540361277,autoland,4768104,12,53390121d39b212135aaffcd577053a14c7f0dff,linux1804-64-shippable-qr,True,False,,,102210fe594ee9b33d82058545b1ed14f4c8206e,custom.jsdebugger.stepOut.DAMP,damp,True,damp custom.jsdebugger.stepOut.DAMP opt e10s fission stylo webrender,4767202,77,ms,firefox,441663109.0,1818504223,2023-12-29 14:24:04,1354164,,,,,,,,,,,,,,,,,,,,,,,,,,,,,,,,,,,,,,,,,,,,,,,,,TN
2252,52b5c5b51719976906d668db1cd59b2b49315565,0.9543097483386911,autoland,4768104,12,53390121d39b212135aaffcd577053a14c7f0dff,linux1804-64-shippable-qr,True,False,,,102210fe594ee9b33d82058545b1ed14f4c8206e,custom.jsdebugger.stepOut.DAMP,damp,True,damp custom.jsdebugger.stepOut.DAMP opt e10s fission stylo webrender,4767202,77,ms,firefox,441669988.0,1818538944,2023-12-29 16:09:29,1354179,,,,,,,,,,,,,,,,,,,,,,,,,,,,,,,,,,,,,,,,,,,,,,,,,TN
2253,8d822c618985176a1d4ebc4eedcd5a388e798418,0.9401833456962261,autoland,4768104,12,53390121d39b212135aaffcd577053a14c7f0dff,linux1804-64-shippable-qr,True,False,,,102210fe594ee9b33d82058545b1ed14f4c8206e,custom.jsdebugger.stepOut.DAMP,damp,True,damp custom.jsdebugger.stepOut.DAMP opt e10s fission stylo webrender,4767202,77,ms,firefox,441690647.0,1818599108,2023-12-29 20:10:09,1354279,,,,,,,,,,,,,,,,,,,,,,,,,,,,,,,,,,,,,,,,,,,,,,,,,TN
2254,15c3c77f07b45a04b27a42ab403aadaaed857fff,0.9073259635771422,autoland,4768104,12,53390121d39b212135aaffcd577053a14c7f0dff,linux1804-64-shippable-qr,True,False,,,102210fe594ee9b33d82058545b1ed14f4c8206e,custom.jsdebugger.stepOut.DAMP,damp,True,damp custom.jsdebugger.stepOut.DAMP opt e10s fission stylo webrender,4767202,77,ms,firefox,441707724.0,1818675334,2023-12-30 03:46:41,1354316,,,,,,,,,,,,,,,,,,,,,,,,,,,,,,,,,,,,,,,,,,,,,,,,,TN
2255,9660032084db64efbe9cbbf4c47a38d0a6c36c9f,0.9400699967422386,autoland,4768104,12,53390121d39b212135aaffcd577053a14c7f0dff,linux1804-64-shippable-qr,True,False,,,102210fe594ee9b33d82058545b1ed14f4c8206e,custom.jsdebugger.stepOut.DAMP,damp,True,damp custom.jsdebugger.stepOut.DAMP opt e10s fission stylo webrender,4767202,77,ms,firefox,441717333.0,1818736326,2023-12-30 08:00:00,1354351,,,,,,,,,,,,,,,,,,,,,,,,,,,,,,,,,,,,,,,,,,,,,,,,,TN
2256,94ab264a143c3086d948c401c047297f01b76527,0.9238019791637946,autoland,4768104,12,53390121d39b212135aaffcd577053a14c7f0dff,linux1804-64-shippable-qr,True,False,,,102210fe594ee9b33d82058545b1ed14f4c8206e,custom.jsdebugger.stepOut.DAMP,damp,True,damp custom.jsdebugger.stepOut.DAMP opt e10s fission stylo webrender,4767202,77,ms,firefox,441744293.0,1818813952,2023-12-30 12:53:05,1354380,,,,,,,,,,,,,,,,,,,,,,,,,,,,,,,,,,,,,,,,,,,,,,,,,TN
2257,3e9c9290e422e1f39255953e22e3d8bfe8234425,0.92395301903196,autoland,4768104,12,53390121d39b212135aaffcd577053a14c7f0dff,linux1804-64-shippable-qr,True,False,,,102210fe594ee9b33d82058545b1ed14f4c8206e,custom.jsdebugger.stepOut.DAMP,damp,True,damp custom.jsdebugger.stepOut.DAMP opt e10s fission stylo webrender,4767202,77,ms,firefox,441759322.0,1818902221,2023-12-30 17:18:37,1354396,,,,,,,,,,,,,,,,,,,,,,,,,,,,,,,,,,,,,,,,,,,,,,,,,TN
2258,be0bfc7f906523649c68f45d4b25ca752bfc701c,0.9262524052436409,autoland,4768104,12,53390121d39b212135aaffcd577053a14c7f0dff,linux1804-64-shippable-qr,True,False,,,102210fe594ee9b33d82058545b1ed14f4c8206e,custom.jsdebugger.stepOut.DAMP,damp,True,damp custom.jsdebugger.stepOut.DAMP opt e10s fission stylo webrender,4767202,77,ms,firefox,441777889.0,1818980101,2023-12-31 00:47:53,1354421,,,,,,,,,,,,,,,,,,,,,,,,,,,,,,,,,,,,,,,,,,,,,,,,,TN
2259,30b0d1ecdc26a3e4753bef7807739106282ed827,0.9288732079671898,autoland,4768104,12,53390121d39b212135aaffcd577053a14c7f0dff,linux1804-64-shippable-qr,True,False,,,102210fe594ee9b33d82058545b1ed14f4c8206e,custom.jsdebugger.stepOut.DAMP,damp,True,damp custom.jsdebugger.stepOut.DAMP opt e10s fission stylo webrender,4767202,77,ms,firefox,441809493.0,1819130382,2023-12-31 16:29:03,1354470,,,,,,,,,,,,,,,,,,,,,,,,,,,,,,,,,,,,,,,,,,,,,,,,,TN
2260,1d9bdb9eb18ed5657dcd20860b5eccf9dd34f740,0.919604096584185,autoland,4768104,12,53390121d39b212135aaffcd577053a14c7f0dff,linux1804-64-shippable-qr,True,False,,,102210fe594ee9b33d82058545b1ed14f4c8206e,custom.jsdebugger.stepOut.DAMP,damp,True,damp custom.jsdebugger.stepOut.DAMP opt e10s fission stylo webrender,4767202,77,ms,firefox,441832312.0,1819243043,2023-12-31 19:13:37,1354481,,,,,,,,,,,,,,,,,,,,,,,,,,,,,,,,,,,,,,,,,,,,,,,,,TN
2261,430d1a5b377307a1050c23ae96cab333c5a33be8,0.9324405608470157,autoland,4768104,12,53390121d39b212135aaffcd577053a14c7f0dff,linux1804-64-shippable-qr,True,False,,,102210fe594ee9b33d82058545b1ed14f4c8206e,custom.jsdebugger.stepOut.DAMP,damp,True,damp custom.jsdebugger.stepOut.DAMP opt e10s fission stylo webrender,4767202,77,ms,firefox,441823010.0,1819204197,2023-12-31 21:56:05,1354489,,,,,,,,,,,,,,,,,,,,,,,,,,,,,,,,,,,,,,,,,,,,,,,,,TN
2262,da3b8f5f832d95192044762406363fda8d55ef19,0.9398967248482502,autoland,4768104,12,53390121d39b212135aaffcd577053a14c7f0dff,linux1804-64-shippable-qr,True,False,,,102210fe594ee9b33d82058545b1ed14f4c8206e,custom.jsdebugger.stepOut.DAMP,damp,True,damp custom.jsdebugger.stepOut.DAMP opt e10s fission stylo webrender,4767202,77,ms,firefox,441851338.0,1819350708,2024-01-01 15:22:20,1354571,,,,,,,,,,,,,,,,,,,,,,,,,,,,,,,,,,,,,,,,,,,,,,,,,TN
2263,42461c8e1289d1829e0902914b12524c1fffa0a1,0.9331924794342161,autoland,4768104,12,53390121d39b212135aaffcd577053a14c7f0dff,linux1804-64-shippable-qr,True,False,,,102210fe594ee9b33d82058545b1ed14f4c8206e,custom.jsdebugger.stepOut.DAMP,damp,True,damp custom.jsdebugger.stepOut.DAMP opt e10s fission stylo webrender,4767202,77,ms,firefox,441852170.0,1819358212,2024-01-01 20:27:36,1354574,,,,,,,,,,,,,,,,,,,,,,,,,,,,,,,,,,,,,,,,,,,,,,,,,TN
2264,60c369c930dc96abae06a2e0ad6833a3574b803f,0.9192163754600484,autoland,4768104,12,53390121d39b212135aaffcd577053a14c7f0dff,linux1804-64-shippable-qr,True,False,,,102210fe594ee9b33d82058545b1ed14f4c8206e,custom.jsdebugger.stepOut.DAMP,damp,True,damp custom.jsdebugger.stepOut.DAMP opt e10s fission stylo webrender,4767202,77,ms,firefox,441876784.0,1819451321,2024-01-02 07:16:40,1354603,,,,,,,,,,,,,,,,,,,,,,,,,,,,,,,,,,,,,,,,,,,,,,,,,TN
2265,399d9781e72b3a4a01e67c7f902f80c9df9da386,0.9196093545338071,autoland,4768104,12,53390121d39b212135aaffcd577053a14c7f0dff,linux1804-64-shippable-qr,True,False,,,102210fe594ee9b33d82058545b1ed14f4c8206e,custom.jsdebugger.stepOut.DAMP,damp,True,damp custom.jsdebugger.stepOut.DAMP opt e10s fission stylo webrender,4767202,77,ms,firefox,441903861.0,1819544212,2024-01-02 11:19:41,1354672,,,,,,,,,,,,,,,,,,,,,,,,,,,,,,,,,,,,,,,,,,,,,,,,,TN
2266,9f15f6c0236cc27aa82549841609068645c13445,0.9357378456831411,autoland,4768104,12,53390121d39b212135aaffcd577053a14c7f0dff,linux1804-64-shippable-qr,True,False,,,102210fe594ee9b33d82058545b1ed14f4c8206e,custom.jsdebugger.stepOut.DAMP,damp,True,damp custom.jsdebugger.stepOut.DAMP opt e10s fission stylo webrender,4767202,77,ms,firefox,441931309.0,1819639031,2024-01-02 15:21:54,1354784,,,,,,,,,,,,,,,,,,,,,,,,,,,,,,,,,,,,,,,,,,,,,,,,,TN
2267,c44f0d09630a8cf36dac42c4eb31bf2a9395bf90,0.9197466404722481,autoland,4768104,12,53390121d39b212135aaffcd577053a14c7f0dff,linux1804-64-shippable-qr,True,False,,,102210fe594ee9b33d82058545b1ed14f4c8206e,custom.jsdebugger.stepOut.DAMP,damp,True,damp custom.jsdebugger.stepOut.DAMP opt e10s fission stylo webrender,4767202,77,ms,firefox,441936930.0,1819683626,2024-01-02 15:38:43,1354794,,,,,,,,,,,,,,,,,,,,,,,,,,,,,,,,,,,,,,,,,,,,,,,,,TN
2268,cc67c788cded515a24f96c72c8a12b87a2cd1b3a,0.9267012197282827,autoland,4768104,12,53390121d39b212135aaffcd577053a14c7f0dff,linux1804-64-shippable-qr,True,False,,,102210fe594ee9b33d82058545b1ed14f4c8206e,custom.jsdebugger.stepOut.DAMP,damp,True,damp custom.jsdebugger.stepOut.DAMP opt e10s fission stylo webrender,4767202,77,ms,firefox,441957094.0,1819769345,2024-01-02 20:40:29,1354935,,,,,,,,,,,,,,,,,,,,,,,,,,,,,,,,,,,,,,,,,,,,,,,,,TN
2269,655286516798565db497786ca92d9a8f7f7744bf,0.9391945948309115,autoland,4768104,12,53390121d39b212135aaffcd577053a14c7f0dff,linux1804-64-shippable-qr,True,False,,,102210fe594ee9b33d82058545b1ed14f4c8206e,custom.jsdebugger.stepOut.DAMP,damp,True,damp custom.jsdebugger.stepOut.DAMP opt e10s fission stylo webrender,4767202,77,ms,firefox,441991717.0,1819918866,2024-01-03 08:18:49,1355061,,,,,,,,,,,,,,,,,,,,,,,,,,,,,,,,,,,,,,,,,,,,,,,,,TN
2270,9ea90dc23395fc3e2d9d2bd18598cc49434eeff1,0.9430560073850687,autoland,4768104,12,53390121d39b212135aaffcd577053a14c7f0dff,linux1804-64-shippable-qr,True,False,,,102210fe594ee9b33d82058545b1ed14f4c8206e,custom.jsdebugger.stepOut.DAMP,damp,True,damp custom.jsdebugger.stepOut.DAMP opt e10s fission stylo webrender,4767202,77,ms,firefox,442028662.0,1820005128,2024-01-03 12:27:12,1355126,,,,,,,,,,,,,,,,,,,,,,,,,,,,,,,,,,,,,,,,,,,,,,,,,TN
2271,6aab4af4cab879cc95debd549578bc909a21cff7,0.9270034504867648,autoland,4768104,12,53390121d39b212135aaffcd577053a14c7f0dff,linux1804-64-shippable-qr,True,False,,,102210fe594ee9b33d82058545b1ed14f4c8206e,custom.jsdebugger.stepOut.DAMP,damp,True,damp custom.jsdebugger.stepOut.DAMP opt e10s fission stylo webrender,4767202,77,ms,firefox,442050462.0,1820108230,2024-01-03 16:19:36,1355230,,,,,,,,,,,,,,,,,,,,,,,,,,,,,,,,,,,,,,,,,,,,,,,,,TN
2272,c5a68fbf81d038a69c4e9be728d50030fd0d6271,0.8957353025127106,autoland,4768104,12,53390121d39b212135aaffcd577053a14c7f0dff,linux1804-64-shippable-qr,True,False,,,102210fe594ee9b33d82058545b1ed14f4c8206e,custom.jsdebugger.stepOut.DAMP,damp,True,damp custom.jsdebugger.stepOut.DAMP opt e10s fission stylo webrender,4767202,77,ms,firefox,442074172.0,1820221213,2024-01-03 20:41:01,1355381,,,,,,,,,,,,,,,,,,,,,,,,,,,,,,,,,,,,,,,,,,,,,,,,,TN
2273,d071b2f4ff07e1815cfa6650ffafb87c9b7e9fb1,0.886932704993356,autoland,4768104,12,53390121d39b212135aaffcd577053a14c7f0dff,linux1804-64-shippable-qr,True,False,,,102210fe594ee9b33d82058545b1ed14f4c8206e,custom.jsdebugger.stepOut.DAMP,damp,True,damp custom.jsdebugger.stepOut.DAMP opt e10s fission stylo webrender,4767202,77,ms,firefox,442075327.0,1820236973,2024-01-03 20:57:48,1355389,,,,,,,,,,,,,,,,,,,,,,,,,,,,,,,,,,,,,,,,,,,,,,,,,TN
2274,99d5c9d12fe8a000d9b092346826d2101720ee5f,0.9084339810735398,autoland,4768104,12,53390121d39b212135aaffcd577053a14c7f0dff,linux1804-64-shippable-qr,True,False,,,102210fe594ee9b33d82058545b1ed14f4c8206e,custom.jsdebugger.stepOut.DAMP,damp,True,damp custom.jsdebugger.stepOut.DAMP opt e10s fission stylo webrender,4767202,77,ms,firefox,442096269.0,1820318487,2024-01-04 01:41:43,1355473,,,,,,,,,,,,,,,,,,,,,,,,,,,,,,,,,,,,,,,,,,,,,,,,,TN
2275,c285a1e59436529ca8d4acd4acf55d45e4277b1b,0.8976362410650076,autoland,4768104,12,53390121d39b212135aaffcd577053a14c7f0dff,linux1804-64-shippable-qr,True,False,,,102210fe594ee9b33d82058545b1ed14f4c8206e,custom.jsdebugger.stepOut.DAMP,damp,True,damp custom.jsdebugger.stepOut.DAMP opt e10s fission stylo webrender,4767202,77,ms,firefox,442108386.0,1820374577,2024-01-04 05:54:21,1355496,,,,,,,,,,,,,,,,,,,,,,,,,,,,,,,,,,,,,,,,,,,,,,,,,TN
2276,740351987a4ee46ea2c571e5824e859680bda968,0.8883614921903373,autoland,4768104,12,53390121d39b212135aaffcd577053a14c7f0dff,linux1804-64-shippable-qr,True,False,,,102210fe594ee9b33d82058545b1ed14f4c8206e,custom.jsdebugger.stepOut.DAMP,damp,True,damp custom.jsdebugger.stepOut.DAMP opt e10s fission stylo webrender,4767202,77,ms,firefox,442138529.0,1820489391,2024-01-04 11:10:14,1355581,,,,,,,,,,,,,,,,,,,,,,,,,,,,,,,,,,,,,,,,,,,,,,,,,TN
2277,45533d2448ef281f6e604ca7626c0a6ecce3e188,0.8568492141984492,autoland,4768104,12,53390121d39b212135aaffcd577053a14c7f0dff,linux1804-64-shippable-qr,True,False,,,102210fe594ee9b33d82058545b1ed14f4c8206e,custom.jsdebugger.stepOut.DAMP,damp,True,damp custom.jsdebugger.stepOut.DAMP opt e10s fission stylo webrender,4767202,77,ms,firefox,442175914.0,1820620847,2024-01-04 15:17:03,1355683,,,,,,,,,,,,,,,,,,,,,,,,,,,,,,,,,,,,,,,,,,,,,,,,,TN
2278,0a133d5fd15504b371307e44739e8f97c80096b9,0.8737037266455527,autoland,4768104,12,53390121d39b212135aaffcd577053a14c7f0dff,linux1804-64-shippable-qr,True,False,,,102210fe594ee9b33d82058545b1ed14f4c8206e,custom.jsdebugger.stepOut.DAMP,damp,True,damp custom.jsdebugger.stepOut.DAMP opt e10s fission stylo webrender,4767202,77,ms,firefox,442172836.0,1820610699,2024-01-04 15:42:51,1355702,,,,,,,,,,,,,,,,,,,,,,,,,,,,,,,,,,,,,,,,,,,,,,,,,TN
2279,048b65210703dec3aec972f180b52548b2664f7d,0.8831715144034804,autoland,4768104,12,53390121d39b212135aaffcd577053a14c7f0dff,linux1804-64-shippable-qr,True,False,,,102210fe594ee9b33d82058545b1ed14f4c8206e,custom.jsdebugger.stepOut.DAMP,damp,True,damp custom.jsdebugger.stepOut.DAMP opt e10s fission stylo webrender,4767202,77,ms,firefox,442201250.0,1820754232,2024-01-04 19:37:18,1355859,,,,,,,,,,,,,,,,,,,,,,,,,,,,,,,,,,,,,,,,,,,,,,,,,TN
2280,84d53ee96a81d7e514d24d1fb3160e91d9cee533,0.9060300747325034,autoland,4768104,12,53390121d39b212135aaffcd577053a14c7f0dff,linux1804-64-shippable-qr,True,False,,,102210fe594ee9b33d82058545b1ed14f4c8206e,custom.jsdebugger.stepOut.DAMP,damp,True,damp custom.jsdebugger.stepOut.DAMP opt e10s fission stylo webrender,4767202,77,ms,firefox,442237801.0,1820916292,2024-01-05 00:18:01,1356034,,,,,,,,,,,,,,,,,,,,,,,,,,,,,,,,,,,,,,,,,,,,,,,,,TN
2281,fab155eb519c68377a585ffdc537174653ab847b,0.9035219572611226,autoland,4768104,12,53390121d39b212135aaffcd577053a14c7f0dff,linux1804-64-shippable-qr,True,False,,,102210fe594ee9b33d82058545b1ed14f4c8206e,custom.jsdebugger.stepOut.DAMP,damp,True,damp custom.jsdebugger.stepOut.DAMP opt e10s fission stylo webrender,4767202,77,ms,firefox,442239553.0,1820940184,2024-01-05 00:22:57,1356036,,,,,,,,,,,,,,,,,,,,,,,,,,,,,,,,,,,,,,,,,,,,,,,,,TN
2282,376266ac23d50822ae8c18d60d1577f0b89b7c03,0.8693336968883145,autoland,4768104,12,53390121d39b212135aaffcd577053a14c7f0dff,linux1804-64-shippable-qr,True,False,,,102210fe594ee9b33d82058545b1ed14f4c8206e,custom.jsdebugger.stepOut.DAMP,damp,True,damp custom.jsdebugger.stepOut.DAMP opt e10s fission stylo webrender,4767202,77,ms,firefox,442250969.0,1821005654,2024-01-05 04:43:02,1356081,,,,,,,,,,,,,,,,,,,,,,,,,,,,,,,,,,,,,,,,,,,,,,,,,TN
2283,fa9bfcd5f0dbd19a8aaafddc25f6f73e4bcfd484,0.9331104347542938,autoland,4768104,12,53390121d39b212135aaffcd577053a14c7f0dff,linux1804-64-shippable-qr,True,False,,,102210fe594ee9b33d82058545b1ed14f4c8206e,custom.jsdebugger.stepOut.DAMP,damp,True,damp custom.jsdebugger.stepOut.DAMP opt e10s fission stylo webrender,4767202,77,ms,firefox,442266389.0,1821099442,2024-01-05 08:43:49,1356147,,,,,,,,,,,,,,,,,,,,,,,,,,,,,,,,,,,,,,,,,,,,,,,,,TN
2284,30bc5759ffcd80a2febc0a054214a3c910d31aea,0.8711892533344543,autoland,4768104,12,53390121d39b212135aaffcd577053a14c7f0dff,linux1804-64-shippable-qr,True,False,,,102210fe594ee9b33d82058545b1ed14f4c8206e,custom.jsdebugger.stepOut.DAMP,damp,True,damp custom.jsdebugger.stepOut.DAMP opt e10s fission stylo webrender,4767202,77,ms,firefox,442314679.0,1821247821,2024-01-05 12:49:29,1356208,,,,,,,,,,,,,,,,,,,,,,,,,,,,,,,,,,,,,,,,,,,,,,,,,TN
2285,d2e417f0f208016a0a4e369e822a12e20ef4fc5f,0.9215710526084373,autoland,4768104,12,53390121d39b212135aaffcd577053a14c7f0dff,linux1804-64-shippable-qr,True,False,,,102210fe594ee9b33d82058545b1ed14f4c8206e,custom.jsdebugger.stepOut.DAMP,damp,True,damp custom.jsdebugger.stepOut.DAMP opt e10s fission stylo webrender,4767202,77,ms,firefox,442335395.0,1821327151,2024-01-05 17:02:32,1356351,,,,,,,,,,,,,,,,,,,,,,,,,,,,,,,,,,,,,,,,,,,,,,,,,TN
2286,567f5a81c44108f44c4e694af42be8f209da4c0a,0.8801704403112898,autoland,4768104,12,53390121d39b212135aaffcd577053a14c7f0dff,linux1804-64-shippable-qr,True,False,,,102210fe594ee9b33d82058545b1ed14f4c8206e,custom.jsdebugger.stepOut.DAMP,damp,True,damp custom.jsdebugger.stepOut.DAMP opt e10s fission stylo webrender,4767202,77,ms,firefox,442352850.0,1821401309,2024-01-05 19:52:18,1356444,,,,,,,,,,,,,,,,,,,,,,,,,,,,,,,,,,,,,,,,,,,,,,,,,TN
2287,2a86438878465bd10e251c52285e2455425bfeb9,0.8801801375123863,autoland,4768104,12,53390121d39b212135aaffcd577053a14c7f0dff,linux1804-64-shippable-qr,True,False,,,102210fe594ee9b33d82058545b1ed14f4c8206e,custom.jsdebugger.stepOut.DAMP,damp,True,damp custom.jsdebugger.stepOut.DAMP opt e10s fission stylo webrender,4767202,77,ms,firefox,442380030.0,1821501562,2024-01-06 00:04:36,1356549,,,,,,,,,,,,,,,,,,,,,,,,,,,,,,,,,,,,,,,,,,,,,,,,,TN
2288,ce6cf7dcf8b16c2a478f122f8bab575231c99881,0.8594560185750397,autoland,4768104,12,53390121d39b212135aaffcd577053a14c7f0dff,linux1804-64-shippable-qr,True,False,,,102210fe594ee9b33d82058545b1ed14f4c8206e,custom.jsdebugger.stepOut.DAMP,damp,True,damp custom.jsdebugger.stepOut.DAMP opt e10s fission stylo webrender,4767202,77,ms,firefox,442382055.0,1821512597,2024-01-06 00:21:54,1356554,,,,,,,,,,,,,,,,,,,,,,,,,,,,,,,,,,,,,,,,,,,,,,,,,TN
2289,b54f34f26a3a753076473795a42574f426a960ee,0.8877605280246823,autoland,4768104,12,53390121d39b212135aaffcd577053a14c7f0dff,linux1804-64-shippable-qr,True,False,,,102210fe594ee9b33d82058545b1ed14f4c8206e,custom.jsdebugger.stepOut.DAMP,damp,True,damp custom.jsdebugger.stepOut.DAMP opt e10s fission stylo webrender,4767202,77,ms,firefox,442417559.0,1821700807,2024-01-06 12:48:14,1356631,,,,,,,,,,,,,,,,,,,,,,,,,,,,,,,,,,,,,,,,,,,,,,,,,TN
2290,d6318b034527ed62918fa4fd893f093c084a6ccb,0.8886960038978635,autoland,4768104,12,53390121d39b212135aaffcd577053a14c7f0dff,linux1804-64-shippable-qr,True,False,,,102210fe594ee9b33d82058545b1ed14f4c8206e,custom.jsdebugger.stepOut.DAMP,damp,True,damp custom.jsdebugger.stepOut.DAMP opt e10s fission stylo webrender,4767202,77,ms,firefox,442426199.0,1821749115,2024-01-06 17:09:10,1356650,,,,,,,,,,,,,,,,,,,,,,,,,,,,,,,,,,,,,,,,,,,,,,,,,TN
2291,1d9422a3e1d878f2f2c54ef4e836faabebfdfc9a,0.8990634564411073,autoland,4768104,12,53390121d39b212135aaffcd577053a14c7f0dff,linux1804-64-shippable-qr,True,False,,,102210fe594ee9b33d82058545b1ed14f4c8206e,custom.jsdebugger.stepOut.DAMP,damp,True,damp custom.jsdebugger.stepOut.DAMP opt e10s fission stylo webrender,4767202,77,ms,firefox,442441055.0,1821809429,2024-01-06 21:44:09,1356666,,,,,,,,,,,,,,,,,,,,,,,,,,,,,,,,,,,,,,,,,,,,,,,,,TN
2292,47fc814524de5c30dfd7711cf3eda088303ad905,0.892215951771721,autoland,4768104,12,53390121d39b212135aaffcd577053a14c7f0dff,linux1804-64-shippable-qr,True,False,,,102210fe594ee9b33d82058545b1ed14f4c8206e,custom.jsdebugger.stepOut.DAMP,damp,True,damp custom.jsdebugger.stepOut.DAMP opt e10s fission stylo webrender,4767202,77,ms,firefox,442481574.0,1822025639,2024-01-07 23:26:49,1356765,,,,,,,,,,,,,,,,,,,,,,,,,,,,,,,,,,,,,,,,,,,,,,,,,TN
2293,750c44842f26873f40a2d09bc4ee94ecc4c39997,0.8844906626207163,autoland,4768104,12,53390121d39b212135aaffcd577053a14c7f0dff,linux1804-64-shippable-qr,True,False,,,102210fe594ee9b33d82058545b1ed14f4c8206e,custom.jsdebugger.stepOut.DAMP,damp,True,damp custom.jsdebugger.stepOut.DAMP opt e10s fission stylo webrender,4767202,77,ms,firefox,442486253.0,1822057582,2024-01-08 02:39:55,1356771,,,,,,,,,,,,,,,,,,,,,,,,,,,,,,,,,,,,,,,,,,,,,,,,,TN
2294,f0a524f0a0085554a1bfdfe1320ee1e87caf7a94,0.9166265352239189,autoland,4768104,12,53390121d39b212135aaffcd577053a14c7f0dff,linux1804-64-shippable-qr,True,False,,,102210fe594ee9b33d82058545b1ed14f4c8206e,custom.jsdebugger.stepOut.DAMP,damp,True,damp custom.jsdebugger.stepOut.DAMP opt e10s fission stylo webrender,4767202,77,ms,firefox,442538991.0,1822255838,2024-01-08 11:59:03,1356886,,,,,,,,,,,,,,,,,,,,,,,,,,,,,,,,,,,,,,,,,,,,,,,,,TN
2295,fa142c3f71b8a5f5e5781fe41471dc1528cecd75,0.9396718461590294,autoland,4768104,12,53390121d39b212135aaffcd577053a14c7f0dff,linux1804-64-shippable-qr,True,False,,,102210fe594ee9b33d82058545b1ed14f4c8206e,custom.jsdebugger.stepOut.DAMP,damp,True,damp custom.jsdebugger.stepOut.DAMP opt e10s fission stylo webrender,4767202,77,ms,firefox,442563943.0,1822363489,2024-01-08 15:57:02,1357053,,,,,,,,,,,,,,,,,,,,,,,,,,,,,,,,,,,,,,,,,,,,,,,,,TN
2296,41ae953b02271ceda653046c5072bfe0329c7e96,0.8910692984802067,autoland,4768104,12,53390121d39b212135aaffcd577053a14c7f0dff,linux1804-64-shippable-qr,True,False,,,102210fe594ee9b33d82058545b1ed14f4c8206e,custom.jsdebugger.stepOut.DAMP,damp,True,damp custom.jsdebugger.stepOut.DAMP opt e10s fission stylo webrender,4767202,77,ms,firefox,442593715.0,1822457681,2024-01-08 20:04:05,1357175,,,,,,,,,,,,,,,,,,,,,,,,,,,,,,,,,,,,,,,,,,,,,,,,,TN
2297,ea866029ce2e23f03843038e1fd8ba7ca9ea30bb,0.8771276692480485,autoland,4768104,12,53390121d39b212135aaffcd577053a14c7f0dff,linux1804-64-shippable-qr,True,False,,,102210fe594ee9b33d82058545b1ed14f4c8206e,custom.jsdebugger.stepOut.DAMP,damp,True,damp custom.jsdebugger.stepOut.DAMP opt e10s fission stylo webrender,4767202,77,ms,firefox,442630658.0,1822626586,2024-01-09 02:28:42,1357330,,,,,,,,,,,,,,,,,,,,,,,,,,,,,,,,,,,,,,,,,,,,,,,,,TN
2298,b29d6ace45f4ca84cd58b15ab4430194755a7056,0.8434267965603031,autoland,4768104,12,53390121d39b212135aaffcd577053a14c7f0dff,linux1804-64-shippable-qr,True,False,,,102210fe594ee9b33d82058545b1ed14f4c8206e,custom.jsdebugger.stepOut.DAMP,damp,True,damp custom.jsdebugger.stepOut.DAMP opt e10s fission stylo webrender,4767202,77,ms,firefox,442680603.0,1822914234,2024-01-09 11:20:33,1357465,,,,,,,,,,,,,,,,,,,,,,,,,,,,,,,,,,,,,,,,,,,,,,,,,TN
2299,051ee8b6b5420d6e2ef877ed6ff3a70306257659,0.9112401503659626,autoland,4768104,12,53390121d39b212135aaffcd577053a14c7f0dff,linux1804-64-shippable-qr,True,False,,,102210fe594ee9b33d82058545b1ed14f4c8206e,custom.jsdebugger.stepOut.DAMP,damp,True,damp custom.jsdebugger.stepOut.DAMP opt e10s fission stylo webrender,4767202,77,ms,firefox,442686255.0,1822940002,2024-01-09 11:56:06,1357476,,,,,,,,,,,,,,,,,,,,,,,,,,,,,,,,,,,,,,,,,,,,,,,,,TN
2300,39da72deac75c8026ae23df612934a7fc7c3693a,0.8679330315744749,autoland,4768104,12,53390121d39b212135aaffcd577053a14c7f0dff,linux1804-64-shippable-qr,True,False,,,102210fe594ee9b33d82058545b1ed14f4c8206e,custom.jsdebugger.stepOut.DAMP,damp,True,damp custom.jsdebugger.stepOut.DAMP opt e10s fission stylo webrender,4767202,77,ms,firefox,442723788.0,1823121726,2024-01-09 16:23:43,1357611,,,,,,,,,,,,,,,,,,,,,,,,,,,,,,,,,,,,,,,,,,,,,,,,,TN
2301,65446098ef641575f65d67f1db14e51401e565de,0.8695340742477013,autoland,4768104,12,53390121d39b212135aaffcd577053a14c7f0dff,linux1804-64-shippable-qr,True,False,,,102210fe594ee9b33d82058545b1ed14f4c8206e,custom.jsdebugger.stepOut.DAMP,damp,True,damp custom.jsdebugger.stepOut.DAMP opt e10s fission stylo webrender,4767202,77,ms,firefox,442726380.0,1823147168,2024-01-09 17:04:21,1357636,,,,,,,,,,,,,,,,,,,,,,,,,,,,,,,,,,,,,,,,,,,,,,,,,TN
2302,b089f828d54fe4d5fff32c8f142a603bc9d51325,0.9101277820455571,autoland,4768104,12,53390121d39b212135aaffcd577053a14c7f0dff,linux1804-64-shippable-qr,True,False,,,102210fe594ee9b33d82058545b1ed14f4c8206e,custom.jsdebugger.stepOut.DAMP,damp,True,damp custom.jsdebugger.stepOut.DAMP opt e10s fission stylo webrender,4767202,77,ms,firefox,442751630.0,1823240905,2024-01-09 20:55:28,1357773,,,,,,,,,,,,,,,,,,,,,,,,,,,,,,,,,,,,,,,,,,,,,,,,,TN
2303,33d47d05c368a7b03c3843f70deb11c351eab0e7,0.8966381586309569,autoland,4768104,12,53390121d39b212135aaffcd577053a14c7f0dff,linux1804-64-shippable-qr,True,False,,,102210fe594ee9b33d82058545b1ed14f4c8206e,custom.jsdebugger.stepOut.DAMP,damp,True,damp custom.jsdebugger.stepOut.DAMP opt e10s fission stylo webrender,4767202,77,ms,firefox,442766643.0,1823341263,2024-01-09 23:58:45,1357896,,,,,,,,,,,,,,,,,,,,,,,,,,,,,,,,,,,,,,,,,,,,,,,,,TN
2304,8d93c10892064c983f5603645b9f6db6494fac24,0.8909163658693715,autoland,4768104,12,53390121d39b212135aaffcd577053a14c7f0dff,linux1804-64-shippable-qr,True,False,,,102210fe594ee9b33d82058545b1ed14f4c8206e,custom.jsdebugger.stepOut.DAMP,damp,True,damp custom.jsdebugger.stepOut.DAMP opt e10s fission stylo webrender,4767202,77,ms,firefox,442790960.0,1823489640,2024-01-10 06:33:00,1357998,,,,,,,,,,,,,,,,,,,,,,,,,,,,,,,,,,,,,,,,,,,,,,,,,TN
2305,c892e00c62dbbeba07a14640ce9baf3a7c27383d,0.8324812745854815,autoland,4768104,12,53390121d39b212135aaffcd577053a14c7f0dff,linux1804-64-shippable-qr,True,False,,,102210fe594ee9b33d82058545b1ed14f4c8206e,custom.jsdebugger.stepOut.DAMP,damp,True,damp custom.jsdebugger.stepOut.DAMP opt e10s fission stylo webrender,4767202,77,ms,firefox,442820108.0,1823612778,2024-01-10 10:37:21,1358093,,,,,,,,,,,,,,,,,,,,,,,,,,,,,,,,,,,,,,,,,,,,,,,,,TN
2306,645f7ed438fb8172e3e4db34d3d7821251ae066c,0.8860346189840649,autoland,4768104,12,53390121d39b212135aaffcd577053a14c7f0dff,linux1804-64-shippable-qr,True,False,,,102210fe594ee9b33d82058545b1ed14f4c8206e,custom.jsdebugger.stepOut.DAMP,damp,True,damp custom.jsdebugger.stepOut.DAMP opt e10s fission stylo webrender,4767202,77,ms,firefox,442830849.0,1823630763,2024-01-10 11:50:05,1358132,,,,,,,,,,,,,,,,,,,,,,,,,,,,,,,,,,,,,,,,,,,,,,,,,TN
2307,abbd6756776d8ea1ff22b8a5ee76e1417583f893,0.8851406811114284,autoland,4768104,12,53390121d39b212135aaffcd577053a14c7f0dff,linux1804-64-shippable-qr,True,False,,,102210fe594ee9b33d82058545b1ed14f4c8206e,custom.jsdebugger.stepOut.DAMP,damp,True,damp custom.jsdebugger.stepOut.DAMP opt e10s fission stylo webrender,4767202,77,ms,firefox,442859296.0,1823728734,2024-01-10 15:53:53,1358258,,,,,,,,,,,,,,,,,,,,,,,,,,,,,,,,,,,,,,,,,,,,,,,,,TN
2308,13107fcd50cf2795a397cd8d72ce290a0b34a909,0.8698300743557557,autoland,4768104,12,53390121d39b212135aaffcd577053a14c7f0dff,linux1804-64-shippable-qr,True,False,,,102210fe594ee9b33d82058545b1ed14f4c8206e,custom.jsdebugger.stepOut.DAMP,damp,True,damp custom.jsdebugger.stepOut.DAMP opt e10s fission stylo webrender,4767202,77,ms,firefox,442879693.0,1823912054,2024-01-10 20:02:55,1358406,,,,,,,,,,,,,,,,,,,,,,,,,,,,,,,,,,,,,,,,,,,,,,,,,TN
2309,1a93f0a64a7f897212da58c5753433922e0953cb,0.8773657116889759,autoland,4768104,12,53390121d39b212135aaffcd577053a14c7f0dff,linux1804-64-shippable-qr,True,False,,,102210fe594ee9b33d82058545b1ed14f4c8206e,custom.jsdebugger.stepOut.DAMP,damp,True,damp custom.jsdebugger.stepOut.DAMP opt e10s fission stylo webrender,4767202,77,ms,firefox,442907019.0,1823958970,2024-01-11 01:22:24,1358548,,,,,,,,,,,,,,,,,,,,,,,,,,,,,,,,,,,,,,,,,,,,,,,,,TN
2310,53b379d2ca1da12d341d8c9f8e59575152c88b27,0.9035369690450858,autoland,4768104,12,53390121d39b212135aaffcd577053a14c7f0dff,linux1804-64-shippable-qr,True,False,,,102210fe594ee9b33d82058545b1ed14f4c8206e,custom.jsdebugger.stepOut.DAMP,damp,True,damp custom.jsdebugger.stepOut.DAMP opt e10s fission stylo webrender,4767202,77,ms,firefox,442928594.0,1824061680,2024-01-11 07:34:58,1358622,,,,,,,,,,,,,,,,,,,,,,,,,,,,,,,,,,,,,,,,,,,,,,,,,TN
2311,0bd36479d605b1a8748ee37096ff0d54383f0402,0.8858612765468818,autoland,4768104,12,53390121d39b212135aaffcd577053a14c7f0dff,linux1804-64-shippable-qr,True,False,,,102210fe594ee9b33d82058545b1ed14f4c8206e,custom.jsdebugger.stepOut.DAMP,damp,True,damp custom.jsdebugger.stepOut.DAMP opt e10s fission stylo webrender,4767202,77,ms,firefox,442936347.0,1824097704,2024-01-11 09:13:52,1358650,,,,,,,,,,,,,,,,,,,,,,,,,,,,,,,,,,,,,,,,,,,,,,,,,TN
2312,9e9da9a3335070604e4d44a2a97d897ca73a4c16,0.9002022327439803,autoland,4768104,12,53390121d39b212135aaffcd577053a14c7f0dff,linux1804-64-shippable-qr,True,False,,,102210fe594ee9b33d82058545b1ed14f4c8206e,custom.jsdebugger.stepOut.DAMP,damp,True,damp custom.jsdebugger.stepOut.DAMP opt e10s fission stylo webrender,4767202,77,ms,firefox,442968663.0,1824216524,2024-01-11 13:33:40,1358737,,,,,,,,,,,,,,,,,,,,,,,,,,,,,,,,,,,,,,,,,,,,,,,,,TN
2313,0fbc415c1704aee17dbd065e8d41e057993f1797,0.876357922118068,autoland,4768104,12,53390121d39b212135aaffcd577053a14c7f0dff,linux1804-64-shippable-qr,True,False,,,102210fe594ee9b33d82058545b1ed14f4c8206e,custom.jsdebugger.stepOut.DAMP,damp,True,damp custom.jsdebugger.stepOut.DAMP opt e10s fission stylo webrender,4767202,77,ms,firefox,442982721.0,1824268365,2024-01-11 15:31:24,1358816,,,,,,,,,,,,,,,,,,,,,,,,,,,,,,,,,,,,,,,,,,,,,,,,,TN
2314,51d3d025e7fa3113193da45b9c1b1d792060a4c3,0.8607963595483692,autoland,4768104,12,53390121d39b212135aaffcd577053a14c7f0dff,linux1804-64-shippable-qr,True,False,,,102210fe594ee9b33d82058545b1ed14f4c8206e,custom.jsdebugger.stepOut.DAMP,damp,True,damp custom.jsdebugger.stepOut.DAMP opt e10s fission stylo webrender,4767202,77,ms,firefox,443019076.0,1824404844,2024-01-11 19:45:18,1358981,,,,,,,,,,,,,,,,,,,,,,,,,,,,,,,,,,,,,,,,,,,,,,,,,TN
2315,8f1e9e2c902a89cfb9f9ea20307fb3ee8a91a4af,0.8545141679207058,autoland,4768104,12,53390121d39b212135aaffcd577053a14c7f0dff,linux1804-64-shippable-qr,True,False,,,102210fe594ee9b33d82058545b1ed14f4c8206e,custom.jsdebugger.stepOut.DAMP,damp,True,damp custom.jsdebugger.stepOut.DAMP opt e10s fission stylo webrender,4767202,77,ms,firefox,443020779.0,1824429457,2024-01-11 20:05:09,1358995,,,,,,,,,,,,,,,,,,,,,,,,,,,,,,,,,,,,,,,,,,,,,,,,,TN
2316,1d2ccbe0bb6db4d9628b16914b33c5dc5e9406dc,0.8904995521482653,autoland,4768104,12,53390121d39b212135aaffcd577053a14c7f0dff,linux1804-64-shippable-qr,True,False,,,102210fe594ee9b33d82058545b1ed14f4c8206e,custom.jsdebugger.stepOut.DAMP,damp,True,damp custom.jsdebugger.stepOut.DAMP opt e10s fission stylo webrender,4767202,77,ms,firefox,443056083.0,1824601747,2024-01-12 01:35:24,1359176,,,,,,,,,,,,,,,,,,,,,,,,,,,,,,,,,,,,,,,,,,,,,,,,,TN
2317,1dc9f987063cf678f5c26e7534eadc8bfd186fa9,0.8845845009253597,autoland,4768104,12,53390121d39b212135aaffcd577053a14c7f0dff,linux1804-64-shippable-qr,True,False,,,102210fe594ee9b33d82058545b1ed14f4c8206e,custom.jsdebugger.stepOut.DAMP,damp,True,damp custom.jsdebugger.stepOut.DAMP opt e10s fission stylo webrender,4767202,77,ms,firefox,443072462.0,1824758477,2024-01-12 05:09:20,1359210,,,,,,,,,,,,,,,,,,,,,,,,,,,,,,,,,,,,,,,,,,,,,,,,,TN
2318,734e2e027196a9d64120ebf11a01a1b03e494d43,0.8679805498468758,autoland,4768104,12,53390121d39b212135aaffcd577053a14c7f0dff,linux1804-64-shippable-qr,True,False,,,102210fe594ee9b33d82058545b1ed14f4c8206e,custom.jsdebugger.stepOut.DAMP,damp,True,damp custom.jsdebugger.stepOut.DAMP opt e10s fission stylo webrender,4767202,77,ms,firefox,443098256.0,1824874953,2024-01-12 09:17:33,1359269,,,,,,,,,,,,,,,,,,,,,,,,,,,,,,,,,,,,,,,,,,,,,,,,,TN
2319,04e959fcffc3608cfdc8e3812cac822a94eb7f79,0.8725442404594188,autoland,4768104,12,53390121d39b212135aaffcd577053a14c7f0dff,linux1804-64-shippable-qr,True,False,,,102210fe594ee9b33d82058545b1ed14f4c8206e,custom.jsdebugger.stepOut.DAMP,damp,True,damp custom.jsdebugger.stepOut.DAMP opt e10s fission stylo webrender,4767202,77,ms,firefox,443099948.0,1824898549,2024-01-12 09:50:00,1359287,,,,,,,,,,,,,,,,,,,,,,,,,,,,,,,,,,,,,,,,,,,,,,,,,TN
2320,c9a5eef5b4594af4376d27cc6f1715a0c1298028,0.885483926261311,autoland,4768104,12,53390121d39b212135aaffcd577053a14c7f0dff,linux1804-64-shippable-qr,True,False,,,102210fe594ee9b33d82058545b1ed14f4c8206e,custom.jsdebugger.stepOut.DAMP,damp,True,damp custom.jsdebugger.stepOut.DAMP opt e10s fission stylo webrender,4767202,77,ms,firefox,443436503.0,1826487285,2024-01-12 13:39:53,1359366,,,,,,,,,,,,,,,,,,,,,,,,,,,,,,,,,,,,,,,,,,,,,,,,,TN
2321,897e093ce0acdad2e945ff5f23e6d89f77ac22a2,0.8837317473438955,autoland,4768104,12,53390121d39b212135aaffcd577053a14c7f0dff,linux1804-64-shippable-qr,True,False,,,102210fe594ee9b33d82058545b1ed14f4c8206e,custom.jsdebugger.stepOut.DAMP,damp,True,damp custom.jsdebugger.stepOut.DAMP opt e10s fission stylo webrender,4767202,77,ms,firefox,443428972.0,1826402983,2024-01-12 13:49:10,1359374,,,,,,,,,,,,,,,,,,,,,,,,,,,,,,,,,,,,,,,,,,,,,,,,,TN
2322,ce67ec7f0570e0dbbb4af59d868791341b3ae825,0.8757589798585648,autoland,4768104,12,53390121d39b212135aaffcd577053a14c7f0dff,linux1804-64-shippable-qr,True,False,,,102210fe594ee9b33d82058545b1ed14f4c8206e,custom.jsdebugger.stepOut.DAMP,damp,True,damp custom.jsdebugger.stepOut.DAMP opt e10s fission stylo webrender,4767202,77,ms,firefox,443126699.0,1825016933,2024-01-12 13:58:07,1359382,,,,,,,,,,,,,,,,,,,,,,,,,,,,,,,,,,,,,,,,,,,,,,,,,TN
2323,2ea989327044a13eef664752ec11bc84271a13e7,0.8836633800891611,autoland,4768104,12,53390121d39b212135aaffcd577053a14c7f0dff,linux1804-64-shippable-qr,True,False,,,102210fe594ee9b33d82058545b1ed14f4c8206e,custom.jsdebugger.stepOut.DAMP,damp,True,damp custom.jsdebugger.stepOut.DAMP opt e10s fission stylo webrender,4767202,77,ms,firefox,443437705.0,1826488898,2024-01-12 13:58:59,1359383,,,,,,,,,,,,,,,,,,,,,,,,,,,,,,,,,,,,,,,,,,,,,,,,,TN
2324,88aef4d4f1602c126f45f9a8baf552bb1ed8f594,0.8923634545462114,autoland,4768104,12,53390121d39b212135aaffcd577053a14c7f0dff,linux1804-64-shippable-qr,True,False,,,102210fe594ee9b33d82058545b1ed14f4c8206e,custom.jsdebugger.stepOut.DAMP,damp,True,damp custom.jsdebugger.stepOut.DAMP opt e10s fission stylo webrender,4767202,77,ms,firefox,443434674.0,1826484913,2024-01-12 14:00:07,1359384,,,,,,,,,,,,,,,,,,,,,,,,,,,,,,,,,,,,,,,,,,,,,,,,,TN
2325,51b3758056fee8a0d28c20d3c7de29764062564f,0.8960794816143383,autoland,4768104,12,53390121d39b212135aaffcd577053a14c7f0dff,linux1804-64-shippable-qr,True,False,,,102210fe594ee9b33d82058545b1ed14f4c8206e,custom.jsdebugger.stepOut.DAMP,damp,True,damp custom.jsdebugger.stepOut.DAMP opt e10s fission stylo webrender,4767202,77,ms,firefox,443435149.0,1826485327,2024-01-12 14:01:18,1359385,,,,,,,,,,,,,,,,,,,,,,,,,,,,,,,,,,,,,,,,,,,,,,,,,TN
2326,8d1104da2824d66f4a8875c579f80a39189189fc,0.8803371367876074,autoland,4768104,12,53390121d39b212135aaffcd577053a14c7f0dff,linux1804-64-shippable-qr,True,False,,,102210fe594ee9b33d82058545b1ed14f4c8206e,custom.jsdebugger.stepOut.DAMP,damp,True,damp custom.jsdebugger.stepOut.DAMP opt e10s fission stylo webrender,4767202,77,ms,firefox,443428960.0,1826402765,2024-01-12 14:02:39,1359387,,,,,,,,,,,,,,,,,,,,,,,,,,,,,,,,,,,,,,,,,,,,,,,,,TN
2327,e92a8f339bfca9ec6e0e3fbac47174ca2fea2f1e,0.8764253305819687,autoland,4768104,12,53390121d39b212135aaffcd577053a14c7f0dff,linux1804-64-shippable-qr,True,False,,,102210fe594ee9b33d82058545b1ed14f4c8206e,custom.jsdebugger.stepOut.DAMP,damp,True,damp custom.jsdebugger.stepOut.DAMP opt e10s fission stylo webrender,4767202,77,ms,firefox,443428888.0,1826402253,2024-01-12 14:08:10,1359390,,,,,,,,,,,,,,,,,,,,,,,,,,,,,,,,,,,,,,,,,,,,,,,,,TN
2328,9343b9b9d52e609667351d28b07b0a1012630323,0.8672508404333636,autoland,4768104,12,53390121d39b212135aaffcd577053a14c7f0dff,linux1804-64-shippable-qr,True,False,,,102210fe594ee9b33d82058545b1ed14f4c8206e,custom.jsdebugger.stepOut.DAMP,damp,True,damp custom.jsdebugger.stepOut.DAMP opt e10s fission stylo webrender,4767202,77,ms,firefox,443428970.0,1826402703,2024-01-12 15:09:25,1359421,,,,,,,,,,,,,,,,,,,,,,,,,,,,,,,,,,,,,,,,,,,,,,,,,TN
2329,ca885660ea6d70595474b1663ce6806f7a86a6ea,0.8903272082446363,autoland,4768104,12,53390121d39b212135aaffcd577053a14c7f0dff,linux1804-64-shippable-qr,True,False,,,102210fe594ee9b33d82058545b1ed14f4c8206e,custom.jsdebugger.stepOut.DAMP,damp,True,damp custom.jsdebugger.stepOut.DAMP opt e10s fission stylo webrender,4767202,77,ms,firefox,443138660.0,1825106664,2024-01-12 15:59:03,1359473,,,,,,,,,,,,,,,,,,,,,,,,,,,,,,,,,,,,,,,,,,,,,,,,,TN
2330,74a86cb53e8dc1e63f384642dac0c8be70aa4365,0.8652663579104598,autoland,4768104,12,53390121d39b212135aaffcd577053a14c7f0dff,linux1804-64-shippable-qr,True,False,,,102210fe594ee9b33d82058545b1ed14f4c8206e,custom.jsdebugger.stepOut.DAMP,damp,True,damp custom.jsdebugger.stepOut.DAMP opt e10s fission stylo webrender,4767202,77,ms,firefox,443437710.0,1826488369,2024-01-12 19:31:36,1359652,,,,,,,,,,,,,,,,,,,,,,,,,,,,,,,,,,,,,,,,,,,,,,,,,TN
2331,58509eb339ec158b28df0efd7f906d2e4f1bac61,0.8880629743868531,autoland,4768104,12,53390121d39b212135aaffcd577053a14c7f0dff,linux1804-64-shippable-qr,True,False,,,102210fe594ee9b33d82058545b1ed14f4c8206e,custom.jsdebugger.stepOut.DAMP,damp,True,damp custom.jsdebugger.stepOut.DAMP opt e10s fission stylo webrender,4767202,77,ms,firefox,443438993.0,1826489476,2024-01-12 19:32:22,1359654,,,,,,,,,,,,,,,,,,,,,,,,,,,,,,,,,,,,,,,,,,,,,,,,,TN
2332,21ba56d4086bf4822a0d4a40adac1d40baf916ad,0.8718635704675317,autoland,4768104,12,53390121d39b212135aaffcd577053a14c7f0dff,linux1804-64-shippable-qr,True,False,,,102210fe594ee9b33d82058545b1ed14f4c8206e,custom.jsdebugger.stepOut.DAMP,damp,True,damp custom.jsdebugger.stepOut.DAMP opt e10s fission stylo webrender,4767202,77,ms,firefox,443435534.0,1826485509,2024-01-12 19:33:05,1359657,,,,,,,,,,,,,,,,,,,,,,,,,,,,,,,,,,,,,,,,,,,,,,,,,TN
2333,7a81660943a39b506f9b306ef301c7efb82607cc,0.8510490201621588,autoland,4768104,12,53390121d39b212135aaffcd577053a14c7f0dff,linux1804-64-shippable-qr,True,False,,,102210fe594ee9b33d82058545b1ed14f4c8206e,custom.jsdebugger.stepOut.DAMP,damp,True,damp custom.jsdebugger.stepOut.DAMP opt e10s fission stylo webrender,4767202,77,ms,firefox,443437132.0,1826487690,2024-01-12 19:33:49,1359658,,,,,,,,,,,,,,,,,,,,,,,,,,,,,,,,,,,,,,,,,,,,,,,,,TN
2334,387701b0f78814c3a2b1e5ba52c5c73a06af5a43,0.85001640833986,autoland,4768104,12,53390121d39b212135aaffcd577053a14c7f0dff,linux1804-64-shippable-qr,True,False,,,102210fe594ee9b33d82058545b1ed14f4c8206e,custom.jsdebugger.stepOut.DAMP,damp,True,damp custom.jsdebugger.stepOut.DAMP opt e10s fission stylo webrender,4767202,77,ms,firefox,443436864.0,1826487580,2024-01-12 19:34:45,1359659,,,,,,,,,,,,,,,,,,,,,,,,,,,,,,,,,,,,,,,,,,,,,,,,,TN
2335,f6f05dc807c2757bf59291e1ae6ba8680daabdec,0.8896959115122098,autoland,4768104,12,53390121d39b212135aaffcd577053a14c7f0dff,linux1804-64-shippable-qr,True,False,,,102210fe594ee9b33d82058545b1ed14f4c8206e,custom.jsdebugger.stepOut.DAMP,damp,True,damp custom.jsdebugger.stepOut.DAMP opt e10s fission stylo webrender,4767202,77,ms,firefox,443438995.0,1826489270,2024-01-12 19:35:33,1359660,,,,,,,,,,,,,,,,,,,,,,,,,,,,,,,,,,,,,,,,,,,,,,,,,TN
2336,231fbd4b933a826732843aa028bdd720117e25b6,0.8744700429931254,autoland,4768104,12,53390121d39b212135aaffcd577053a14c7f0dff,linux1804-64-shippable-qr,True,False,,,102210fe594ee9b33d82058545b1ed14f4c8206e,custom.jsdebugger.stepOut.DAMP,damp,True,damp custom.jsdebugger.stepOut.DAMP opt e10s fission stylo webrender,4767202,77,ms,firefox,443436275.0,1826486919,2024-01-12 19:36:18,1359663,,,,,,,,,,,,,,,,,,,,,,,,,,,,,,,,,,,,,,,,,,,,,,,,,TN
2337,4a7a233e29e35c76657421fb4e283f723abe746c,0.9137205076121901,autoland,4768104,12,53390121d39b212135aaffcd577053a14c7f0dff,linux1804-64-shippable-qr,True,False,,,102210fe594ee9b33d82058545b1ed14f4c8206e,custom.jsdebugger.stepOut.DAMP,damp,True,damp custom.jsdebugger.stepOut.DAMP opt e10s fission stylo webrender,4767202,77,ms,firefox,443436678.0,1826487390,2024-01-12 19:36:59,1359664,,,,,,,,,,,,,,,,,,,,,,,,,,,,,,,,,,,,,,,,,,,,,,,,,TN
2338,df2d75db23544db5a6a4eb0640432d5338518fd4,0.8914513224988141,autoland,4768104,12,53390121d39b212135aaffcd577053a14c7f0dff,linux1804-64-shippable-qr,True,False,,,102210fe594ee9b33d82058545b1ed14f4c8206e,custom.jsdebugger.stepOut.DAMP,damp,True,damp custom.jsdebugger.stepOut.DAMP opt e10s fission stylo webrender,4767202,77,ms,firefox,443437136.0,1826488185,2024-01-12 19:37:47,1359665,,,,,,,,,,,,,,,,,,,,,,,,,,,,,,,,,,,,,,,,,,,,,,,,,TN
2339,00f949eecc1be917553e235f582aeb7e1e1146fd,0.8890714455438238,autoland,4768104,12,53390121d39b212135aaffcd577053a14c7f0dff,linux1804-64-shippable-qr,True,False,,,102210fe594ee9b33d82058545b1ed14f4c8206e,custom.jsdebugger.stepOut.DAMP,damp,True,damp custom.jsdebugger.stepOut.DAMP opt e10s fission stylo webrender,4767202,77,ms,firefox,443166053.0,1825234008,2024-01-12 19:38:29,1359666,,,,,,,,,,,,,,,,,,,,,,,,,,,,,,,,,,,,,,,,,,,,,,,,,TN
2340,0a987a54bf22ebc3634be38e0fc72e04f6e9a077,0.8800334673460912,autoland,4768104,12,53390121d39b212135aaffcd577053a14c7f0dff,linux1804-64-shippable-qr,True,False,,,102210fe594ee9b33d82058545b1ed14f4c8206e,custom.jsdebugger.stepOut.DAMP,damp,True,damp custom.jsdebugger.stepOut.DAMP opt e10s fission stylo webrender,4767202,77,ms,firefox,443437874.0,1826489187,2024-01-12 21:02:56,1359712,,,,,,,,,,,,,,,,,,,,,,,,,,,,,,,,,,,,,,,,,,,,,,,,,TN
2341,8a920551ed614edc519c5ae3b6486018fff08da5,0.8625492915884996,autoland,4768104,12,53390121d39b212135aaffcd577053a14c7f0dff,linux1804-64-shippable-qr,True,False,,,102210fe594ee9b33d82058545b1ed14f4c8206e,custom.jsdebugger.stepOut.DAMP,damp,True,damp custom.jsdebugger.stepOut.DAMP opt e10s fission stylo webrender,4767202,77,ms,firefox,443436951.0,1826486987,2024-01-12 21:17:56,1359716,,,,,,,,,,,,,,,,,,,,,,,,,,,,,,,,,,,,,,,,,,,,,,,,,TN
2342,8e70294b2d7dc6e2a371ab002e948572713621b8,0.8990455235740904,autoland,4768104,12,53390121d39b212135aaffcd577053a14c7f0dff,linux1804-64-shippable-qr,True,False,,,102210fe594ee9b33d82058545b1ed14f4c8206e,custom.jsdebugger.stepOut.DAMP,damp,True,damp custom.jsdebugger.stepOut.DAMP opt e10s fission stylo webrender,4767202,77,ms,firefox,443438434.0,1826489371,2024-01-12 21:28:35,1359723,,,,,,,,,,,,,,,,,,,,,,,,,,,,,,,,,,,,,,,,,,,,,,,,,TN
2343,2721a604018b3f2a0aaae2205e11d861c223696f,0.8782565337395971,autoland,4768104,12,53390121d39b212135aaffcd577053a14c7f0dff,linux1804-64-shippable-qr,True,False,,,102210fe594ee9b33d82058545b1ed14f4c8206e,custom.jsdebugger.stepOut.DAMP,damp,True,damp custom.jsdebugger.stepOut.DAMP opt e10s fission stylo webrender,4767202,77,ms,firefox,443436052.0,1826486808,2024-01-12 21:39:21,1359734,,,,,,,,,,,,,,,,,,,,,,,,,,,,,,,,,,,,,,,,,,,,,,,,,TN
2344,941c30d075424ce679789d63701ca84aa524da86,0.8982826399959707,autoland,4768104,12,53390121d39b212135aaffcd577053a14c7f0dff,linux1804-64-shippable-qr,True,False,,,102210fe594ee9b33d82058545b1ed14f4c8206e,custom.jsdebugger.stepOut.DAMP,damp,True,damp custom.jsdebugger.stepOut.DAMP opt e10s fission stylo webrender,4767202,77,ms,firefox,443428940.0,1826402384,2024-01-12 22:22:32,1359751,,,,,,,,,,,,,,,,,,,,,,,,,,,,,,,,,,,,,,,,,,,,,,,,,TN
2345,e9c1463b56151bf940fe442f91aeabc8a811573d,0.8762474674209593,autoland,4768104,12,53390121d39b212135aaffcd577053a14c7f0dff,linux1804-64-shippable-qr,True,False,,,102210fe594ee9b33d82058545b1ed14f4c8206e,custom.jsdebugger.stepOut.DAMP,damp,True,damp custom.jsdebugger.stepOut.DAMP opt e10s fission stylo webrender,4767202,77,ms,firefox,443428944.0,1826402823,2024-01-12 22:24:41,1359754,,,,,,,,,,,,,,,,,,,,,,,,,,,,,,,,,,,,,,,,,,,,,,,,,TN
2346,bafa13990fe4141d9141f2590d6a01b071e6e3c5,0.8930479239333844,autoland,4768104,12,53390121d39b212135aaffcd577053a14c7f0dff,linux1804-64-shippable-qr,True,False,,,102210fe594ee9b33d82058545b1ed14f4c8206e,custom.jsdebugger.stepOut.DAMP,damp,True,damp custom.jsdebugger.stepOut.DAMP opt e10s fission stylo webrender,4767202,77,ms,firefox,443435544.0,1826485824,2024-01-12 22:25:22,1359755,,,,,,,,,,,,,,,,,,,,,,,,,,,,,,,,,,,,,,,,,,,,,,,,,TN
2347,1ed25455cf4cfc15e14ef53c114584551b89d6c3,0.882115035146195,autoland,4768104,12,53390121d39b212135aaffcd577053a14c7f0dff,linux1804-64-shippable-qr,True,False,,,102210fe594ee9b33d82058545b1ed14f4c8206e,custom.jsdebugger.stepOut.DAMP,damp,True,damp custom.jsdebugger.stepOut.DAMP opt e10s fission stylo webrender,4767202,77,ms,firefox,443436066.0,1826487517,2024-01-12 22:26:04,1359756,,,,,,,,,,,,,,,,,,,,,,,,,,,,,,,,,,,,,,,,,,,,,,,,,TN
2348,a3fbd525f3f0fc3f573bc3043ef826cc01f5d727,0.9244022836019006,autoland,4768104,12,53390121d39b212135aaffcd577053a14c7f0dff,linux1804-64-shippable-qr,True,False,,,102210fe594ee9b33d82058545b1ed14f4c8206e,custom.jsdebugger.stepOut.DAMP,damp,True,damp custom.jsdebugger.stepOut.DAMP opt e10s fission stylo webrender,4767202,77,ms,firefox,443437701.0,1826489095,2024-01-12 22:33:30,1359760,,,,,,,,,,,,,,,,,,,,,,,,,,,,,,,,,,,,,,,,,,,,,,,,,TN
2349,53d4d65c33f1a556689dd9de738b173142e52749,0.8580394373324938,autoland,4768104,12,53390121d39b212135aaffcd577053a14c7f0dff,linux1804-64-shippable-qr,True,False,,,102210fe594ee9b33d82058545b1ed14f4c8206e,custom.jsdebugger.stepOut.DAMP,damp,True,damp custom.jsdebugger.stepOut.DAMP opt e10s fission stylo webrender,4767202,77,ms,firefox,443184398.0,1825297414,2024-01-12 23:40:01,1359778,,,,,,,,,,,,,,,,,,,,,,,,,,,,,,,,,,,,,,,,,,,,,,,,,TN
2350,4e578a5fc01dc387b5804a387e9d3cc4751575fd,0.898023314384369,autoland,4768104,12,53390121d39b212135aaffcd577053a14c7f0dff,linux1804-64-shippable-qr,True,False,,,102210fe594ee9b33d82058545b1ed14f4c8206e,custom.jsdebugger.stepOut.DAMP,damp,True,damp custom.jsdebugger.stepOut.DAMP opt e10s fission stylo webrender,4767202,77,ms,firefox,443435094.0,1826485002,2024-01-12 23:41:52,1359780,,,,,,,,,,,,,,,,,,,,,,,,,,,,,,,,,,,,,,,,,,,,,,,,,TN
2351,ebdd80f675b6fb73cbc18abe9e3128e59c4ad75a,0.8638419642609192,autoland,4768104,12,53390121d39b212135aaffcd577053a14c7f0dff,linux1804-64-shippable-qr,True,False,,,102210fe594ee9b33d82058545b1ed14f4c8206e,custom.jsdebugger.stepOut.DAMP,damp,True,damp custom.jsdebugger.stepOut.DAMP opt e10s fission stylo webrender,4767202,77,ms,firefox,443428942.0,1826402615,2024-01-13 01:39:14,1359808,,,,,,,,,,,,,,,,,,,,,,,,,,,,,,,,,,,,,,,,,,,,,,,,,TN
2352,a7c2f01855a64f65fdaa5c9fccc0ffb7f188e64c,0.8697474593691106,autoland,4768104,12,53390121d39b212135aaffcd577053a14c7f0dff,linux1804-64-shippable-qr,True,False,,,102210fe594ee9b33d82058545b1ed14f4c8206e,custom.jsdebugger.stepOut.DAMP,damp,True,damp custom.jsdebugger.stepOut.DAMP opt e10s fission stylo webrender,4767202,77,ms,firefox,443435639.0,1826486683,2024-01-13 02:22:47,1359813,,,,,,,,,,,,,,,,,,,,,,,,,,,,,,,,,,,,,,,,,,,,,,,,,TN
2353,b675cd1ecee69b4c0f5f0c1b2074f6c05ff76384,0.8612774927374631,autoland,4768104,12,53390121d39b212135aaffcd577053a14c7f0dff,linux1804-64-shippable-qr,True,False,,,102210fe594ee9b33d82058545b1ed14f4c8206e,custom.jsdebugger.stepOut.DAMP,damp,True,damp custom.jsdebugger.stepOut.DAMP opt e10s fission stylo webrender,4767202,77,ms,firefox,443437011.0,1826487198,2024-01-13 07:03:24,1359831,,,,,,,,,,,,,,,,,,,,,,,,,,,,,,,,,,,,,,,,,,,,,,,,,TN
2354,3d4152f6f05dd87e7a8c7ce948c0d4e52fbd6999,0.8687969617763052,autoland,4768104,12,53390121d39b212135aaffcd577053a14c7f0dff,linux1804-64-shippable-qr,True,False,,,102210fe594ee9b33d82058545b1ed14f4c8206e,custom.jsdebugger.stepOut.DAMP,damp,True,damp custom.jsdebugger.stepOut.DAMP opt e10s fission stylo webrender,4767202,77,ms,firefox,443436061.0,1826486362,2024-01-13 08:04:38,1359838,,,,,,,,,,,,,,,,,,,,,,,,,,,,,,,,,,,,,,,,,,,,,,,,,TN
2355,1c1cef3dae75411dbe9bc03547274f506cade636,0.8653089938011111,autoland,4768104,12,53390121d39b212135aaffcd577053a14c7f0dff,linux1804-64-shippable-qr,True,False,,,102210fe594ee9b33d82058545b1ed14f4c8206e,custom.jsdebugger.stepOut.DAMP,damp,True,damp custom.jsdebugger.stepOut.DAMP opt e10s fission stylo webrender,4767202,77,ms,firefox,443204199.0,1825430153,2024-01-13 08:47:40,1359844,,,,,,,,,,,,,,,,,,,,,,,,,,,,,,,,,,,,,,,,,,,,,,,,,TN
2356,9e96d1447f6c77f15bcd1c7fa432cefae4418038,0.8628867045077953,autoland,4768104,12,53390121d39b212135aaffcd577053a14c7f0dff,linux1804-64-shippable-qr,True,False,,,102210fe594ee9b33d82058545b1ed14f4c8206e,custom.jsdebugger.stepOut.DAMP,damp,True,damp custom.jsdebugger.stepOut.DAMP opt e10s fission stylo webrender,4767202,77,ms,firefox,443228204.0,1825521624,2024-01-13 14:38:07,1359886,,,,,,,,,,,,,,,,,,,,,,,,,,,,,,,,,,,,,,,,,,,,,,,,,TN
2357,05b08c9f9a5822b969513dda16d5f55e322ade4f,0.8496253011438524,autoland,4768104,12,53390121d39b212135aaffcd577053a14c7f0dff,linux1804-64-shippable-qr,True,False,,,102210fe594ee9b33d82058545b1ed14f4c8206e,custom.jsdebugger.stepOut.DAMP,damp,True,damp custom.jsdebugger.stepOut.DAMP opt e10s fission stylo webrender,4767202,77,ms,firefox,443248384.0,1825610948,2024-01-13 23:22:39,1359908,,,,,,,,,,,,,,,,,,,,,,,,,,,,,,,,,,,,,,,,,,,,,,,,,TN
2358,b24d63d72f77a64fe5d8bce6420b88e7e0c4d9da,0.8601197284008097,autoland,4768104,12,53390121d39b212135aaffcd577053a14c7f0dff,linux1804-64-shippable-qr,True,False,,,102210fe594ee9b33d82058545b1ed14f4c8206e,custom.jsdebugger.stepOut.DAMP,damp,True,damp custom.jsdebugger.stepOut.DAMP opt e10s fission stylo webrender,4767202,77,ms,firefox,443275714.0,1825769952,2024-01-14 13:25:52,1359942,,,,,,,,,,,,,,,,,,,,,,,,,,,,,,,,,,,,,,,,,,,,,,,,,TN
2359,de4567bec5231630b24dbc8a0f117c108e274afc,0.8689767971651503,autoland,4768104,12,53390121d39b212135aaffcd577053a14c7f0dff,linux1804-64-shippable-qr,True,False,,,102210fe594ee9b33d82058545b1ed14f4c8206e,custom.jsdebugger.stepOut.DAMP,damp,True,damp custom.jsdebugger.stepOut.DAMP opt e10s fission stylo webrender,4767202,77,ms,firefox,443299242.0,1825865337,2024-01-15 05:08:04,1360013,,,,,,,,,,,,,,,,,,,,,,,,,,,,,,,,,,,,,,,,,,,,,,,,,TN
2360,fed0bf16c40eba956c10bb3214420acaf75ee212,0.8779029326545522,autoland,4768104,12,53390121d39b212135aaffcd577053a14c7f0dff,linux1804-64-shippable-qr,True,False,,,102210fe594ee9b33d82058545b1ed14f4c8206e,custom.jsdebugger.stepOut.DAMP,damp,True,damp custom.jsdebugger.stepOut.DAMP opt e10s fission stylo webrender,4767202,77,ms,firefox,443303562.0,1825894818,2024-01-15 06:43:10,1360023,,,,,,,,,,,,,,,,,,,,,,,,,,,,,,,,,,,,,,,,,,,,,,,,,TN
2361,43598f45eee98e83ea2f55ce9a36e000770cf985,0.8901065114734243,autoland,4768104,12,53390121d39b212135aaffcd577053a14c7f0dff,linux1804-64-shippable-qr,True,False,,,102210fe594ee9b33d82058545b1ed14f4c8206e,custom.jsdebugger.stepOut.DAMP,damp,True,damp custom.jsdebugger.stepOut.DAMP opt e10s fission stylo webrender,4767202,77,ms,firefox,443332027.0,1826016268,2024-01-15 11:02:38,1360080,,,,,,,,,,,,,,,,,,,,,,,,,,,,,,,,,,,,,,,,,,,,,,,,,TN
2362,253b1ef032b4e35683449c7af5d9effaa417e813,0.9013741385010556,autoland,4768104,12,53390121d39b212135aaffcd577053a14c7f0dff,linux1804-64-shippable-qr,True,False,,,102210fe594ee9b33d82058545b1ed14f4c8206e,custom.jsdebugger.stepOut.DAMP,damp,True,damp custom.jsdebugger.stepOut.DAMP opt e10s fission stylo webrender,4767202,77,ms,firefox,443343484.0,1826056817,2024-01-15 13:01:22,1360125,,,,,,,,,,,,,,,,,,,,,,,,,,,,,,,,,,,,,,,,,,,,,,,,,TN
2363,a9ede7f8216422a86a2b25e0696d884c8a069b78,0.8605479422944204,autoland,4768104,12,53390121d39b212135aaffcd577053a14c7f0dff,linux1804-64-shippable-qr,True,False,,,102210fe594ee9b33d82058545b1ed14f4c8206e,custom.jsdebugger.stepOut.DAMP,damp,True,damp custom.jsdebugger.stepOut.DAMP opt e10s fission stylo webrender,4767202,77,ms,firefox,443369342.0,1826212832,2024-01-15 16:45:21,1360291,,,,,,,,,,,,,,,,,,,,,,,,,,,,,,,,,,,,,,,,,,,,,,,,,TN
2364,8a68c5a8cac8300a140767d36eaed293e8f2664c,0.8988055595771003,autoland,4768104,12,53390121d39b212135aaffcd577053a14c7f0dff,linux1804-64-shippable-qr,True,False,,,102210fe594ee9b33d82058545b1ed14f4c8206e,custom.jsdebugger.stepOut.DAMP,damp,True,damp custom.jsdebugger.stepOut.DAMP opt e10s fission stylo webrender,4767202,77,ms,firefox,443410246.0,1826308781,2024-01-15 21:04:35,1360446,,,,,,,,,,,,,,,,,,,,,,,,,,,,,,,,,,,,,,,,,,,,,,,,,TN
2365,02d1a62ad90af487d859bc4971a43862dceeda6e,0.8415814291301726,autoland,4768104,12,53390121d39b212135aaffcd577053a14c7f0dff,linux1804-64-shippable-qr,True,False,,,102210fe594ee9b33d82058545b1ed14f4c8206e,custom.jsdebugger.stepOut.DAMP,damp,True,damp custom.jsdebugger.stepOut.DAMP opt e10s fission stylo webrender,4767202,77,ms,firefox,443421705.0,1826367913,2024-01-16 02:30:18,1360561,,,,,,,,,,,,,,,,,,,,,,,,,,,,,,,,,,,,,,,,,,,,,,,,,TN
2366,70cdba288eb3585a65e68748b4aecfe615cf92e8,0.8516875361429146,autoland,4768104,12,53390121d39b212135aaffcd577053a14c7f0dff,linux1804-64-shippable-qr,True,False,,,102210fe594ee9b33d82058545b1ed14f4c8206e,custom.jsdebugger.stepOut.DAMP,damp,True,damp custom.jsdebugger.stepOut.DAMP opt e10s fission stylo webrender,4767202,77,ms,firefox,443427909.0,1826401704,2024-01-16 03:41:09,1360576,,,,,,,,,,,,,,,,,,,,,,,,,,,,,,,,,,,,,,,,,,,,,,,,,TN
2367,f2c924263ffece6d0b30e6a52dfd32792c5bf5ab,0.8497019497685012,autoland,4768104,12,53390121d39b212135aaffcd577053a14c7f0dff,linux1804-64-shippable-qr,True,False,,,102210fe594ee9b33d82058545b1ed14f4c8206e,custom.jsdebugger.stepOut.DAMP,damp,True,damp custom.jsdebugger.stepOut.DAMP opt e10s fission stylo webrender,4767202,77,ms,firefox,443447294.0,1826536133,2024-01-16 08:02:14,1360634,,,,,,,,,,,,,,,,,,,,,,,,,,,,,,,,,,,,,,,,,,,,,,,,,TN
2368,b7a792b71de6beb8e167d10494fa1c387f55f9c2,0.8647495497518061,autoland,4768104,12,53390121d39b212135aaffcd577053a14c7f0dff,linux1804-64-shippable-qr,True,False,,,102210fe594ee9b33d82058545b1ed14f4c8206e,custom.jsdebugger.stepOut.DAMP,damp,True,damp custom.jsdebugger.stepOut.DAMP opt e10s fission stylo webrender,4767202,77,ms,firefox,443485421.0,1826669611,2024-01-16 12:14:54,1360755,,,,,,,,,,,,,,,,,,,,,,,,,,,,,,,,,,,,,,,,,,,,,,,,,TN
2369,c57d859580d036c47f9c0140e247b012211f6475,0.8520583169722069,autoland,4768104,12,53390121d39b212135aaffcd577053a14c7f0dff,linux1804-64-shippable-qr,True,False,,,102210fe594ee9b33d82058545b1ed14f4c8206e,custom.jsdebugger.stepOut.DAMP,damp,True,damp custom.jsdebugger.stepOut.DAMP opt e10s fission stylo webrender,4767202,77,ms,firefox,443504413.0,1826747340,2024-01-16 16:10:42,1360921,,,,,,,,,,,,,,,,,,,,,,,,,,,,,,,,,,,,,,,,,,,,,,,,,TN
2370,70d83d705e48aa6e7e7f765142176e775044db26,0.8532443770660263,autoland,4768104,12,53390121d39b212135aaffcd577053a14c7f0dff,linux1804-64-shippable-qr,True,False,,,102210fe594ee9b33d82058545b1ed14f4c8206e,custom.jsdebugger.stepOut.DAMP,damp,True,damp custom.jsdebugger.stepOut.DAMP opt e10s fission stylo webrender,4767202,77,ms,firefox,443521312.0,1826841531,2024-01-16 18:47:57,1361053,,,,,,,,,,,,,,,,,,,,,,,,,,,,,,,,,,,,,,,,,,,,,,,,,TN
2371,be11cd2890f611f1552236eed7ffe53fba913a46,0.8430130012918355,autoland,4768104,12,53390121d39b212135aaffcd577053a14c7f0dff,linux1804-64-shippable-qr,True,False,,,102210fe594ee9b33d82058545b1ed14f4c8206e,custom.jsdebugger.stepOut.DAMP,damp,True,damp custom.jsdebugger.stepOut.DAMP opt e10s fission stylo webrender,4767202,77,ms,firefox,443539123.0,1826896258,2024-01-16 21:05:47,1361171,,,,,,,,,,,,,,,,,,,,,,,,,,,,,,,,,,,,,,,,,,,,,,,,,TN
2372,2425c93f20f61b806df955141332d7cb553c6efb,0.8653288760439164,autoland,4768104,12,53390121d39b212135aaffcd577053a14c7f0dff,linux1804-64-shippable-qr,True,False,,,102210fe594ee9b33d82058545b1ed14f4c8206e,custom.jsdebugger.stepOut.DAMP,damp,True,damp custom.jsdebugger.stepOut.DAMP opt e10s fission stylo webrender,4767202,77,ms,firefox,443555226.0,1826966125,2024-01-17 00:27:37,1361277,,,,,,,,,,,,,,,,,,,,,,,,,,,,,,,,,,,,,,,,,,,,,,,,,TN
2373,71000174812fc0992b6793e53ac5f11f1b87bdc0,0.841486682706591,autoland,4768104,12,53390121d39b212135aaffcd577053a14c7f0dff,linux1804-64-shippable-qr,True,False,,,102210fe594ee9b33d82058545b1ed14f4c8206e,custom.jsdebugger.stepOut.DAMP,damp,True,damp custom.jsdebugger.stepOut.DAMP opt e10s fission stylo webrender,4767202,77,ms,firefox,443573215.0,1827120636,2024-01-17 05:04:36,1361364,,,,,,,,,,,,,,,,,,,,,,,,,,,,,,,,,,,,,,,,,,,,,,,,,TN
2374,504ffc20d2ebb35be48357830d614ec96765c802,0.8688967197453563,autoland,4768104,12,53390121d39b212135aaffcd577053a14c7f0dff,linux1804-64-shippable-qr,True,False,,,102210fe594ee9b33d82058545b1ed14f4c8206e,custom.jsdebugger.stepOut.DAMP,damp,True,damp custom.jsdebugger.stepOut.DAMP opt e10s fission stylo webrender,4767202,77,ms,firefox,443604702.0,1827193088,2024-01-17 09:39:35,1361428,,,,,,,,,,,,,,,,,,,,,,,,,,,,,,,,,,,,,,,,,,,,,,,,,TN
2375,362d9aca9e101b9ee8f7efe2a7c456e245e6313c,0.878925736990064,autoland,4768104,12,53390121d39b212135aaffcd577053a14c7f0dff,linux1804-64-shippable-qr,True,False,,,102210fe594ee9b33d82058545b1ed14f4c8206e,custom.jsdebugger.stepOut.DAMP,damp,True,damp custom.jsdebugger.stepOut.DAMP opt e10s fission stylo webrender,4767202,77,ms,firefox,443624885.0,1827255710,2024-01-17 11:04:44,1361499,,,,,,,,,,,,,,,,,,,,,,,,,,,,,,,,,,,,,,,,,,,,,,,,,TN
2376,848e3e2acdf34af9e6862b8a77a8d1ea39c48098,0.9301600494026934,autoland,4768104,12,53390121d39b212135aaffcd577053a14c7f0dff,linux1804-64-shippable-qr,True,False,,,102210fe594ee9b33d82058545b1ed14f4c8206e,custom.jsdebugger.stepOut.DAMP,damp,True,damp custom.jsdebugger.stepOut.DAMP opt e10s fission stylo webrender,4767202,77,ms,firefox,443665233.0,1827452857,2024-01-17 15:07:48,1361632,,,,,,,,,,,,,,,,,,,,,,,,,,,,,,,,,,,,,,,,,,,,,,,,,TN
2377,a11dab561c63102a4ed97f42068f448ec332c652,0.9511724762625087,autoland,4768104,12,53390121d39b212135aaffcd577053a14c7f0dff,linux1804-64-shippable-qr,True,False,,,102210fe594ee9b33d82058545b1ed14f4c8206e,custom.jsdebugger.stepOut.DAMP,damp,True,damp custom.jsdebugger.stepOut.DAMP opt e10s fission stylo webrender,4767202,77,ms,firefox,443666655.0,1827459624,2024-01-17 15:18:54,1361644,,,,,,,,,,,,,,,,,,,,,,,,,,,,,,,,,,,,,,,,,,,,,,,,,TN
2378,fe239ad8a8aea4198d356ae3ab92415c5237b530,0.8606376284880577,autoland,4768104,12,53390121d39b212135aaffcd577053a14c7f0dff,linux1804-64-shippable-qr,True,False,,,102210fe594ee9b33d82058545b1ed14f4c8206e,custom.jsdebugger.stepOut.DAMP,damp,True,damp custom.jsdebugger.stepOut.DAMP opt e10s fission stylo webrender,4767202,77,ms,firefox,443714436.0,1827659710,2024-01-17 23:49:06,1361957,,,,,,,,,,,,,,,,,,,,,,,,,,,,,,,,,,,,,,,,,,,,,,,,,TN
2379,79a6322a49b2f811fe674c1802ab75b99d9c95a3,0.8370667858876522,autoland,4768104,12,53390121d39b212135aaffcd577053a14c7f0dff,linux1804-64-shippable-qr,True,False,,,102210fe594ee9b33d82058545b1ed14f4c8206e,custom.jsdebugger.stepOut.DAMP,damp,True,damp custom.jsdebugger.stepOut.DAMP opt e10s fission stylo webrender,4767202,77,ms,firefox,443715299.0,1827702402,2024-01-17 23:52:50,1361961,,,,,,,,,,,,,,,,,,,,,,,,,,,,,,,,,,,,,,,,,,,,,,,,,TN
2380,c38d482445a0c034ac7b8fc0219092fccdbc58b2,0.8701947894665218,autoland,4768104,12,53390121d39b212135aaffcd577053a14c7f0dff,linux1804-64-shippable-qr,True,False,,,102210fe594ee9b33d82058545b1ed14f4c8206e,custom.jsdebugger.stepOut.DAMP,damp,True,damp custom.jsdebugger.stepOut.DAMP opt e10s fission stylo webrender,4767202,77,ms,firefox,443726520.0,1827770138,2024-01-18 01:49:32,1362034,,,,,,,,,,,,,,,,,,,,,,,,,,,,,,,,,,,,,,,,,,,,,,,,,TN
2381,a505d6315623943fb581b7f21beece40fc6faf17,0.8538605894843361,autoland,4768104,12,53390121d39b212135aaffcd577053a14c7f0dff,linux1804-64-shippable-qr,True,False,,,102210fe594ee9b33d82058545b1ed14f4c8206e,custom.jsdebugger.stepOut.DAMP,damp,True,damp custom.jsdebugger.stepOut.DAMP opt e10s fission stylo webrender,4767202,77,ms,firefox,443757256.0,1827942435,2024-01-18 06:50:06,1362092,,,,,,,,,,,,,,,,,,,,,,,,,,,,,,,,,,,,,,,,,,,,,,,,,TN
2382,0688ca401470034e41e10f2480620e88cac2700f,0.8496423805379392,autoland,4768104,12,53390121d39b212135aaffcd577053a14c7f0dff,linux1804-64-shippable-qr,True,False,,,102210fe594ee9b33d82058545b1ed14f4c8206e,custom.jsdebugger.stepOut.DAMP,damp,True,damp custom.jsdebugger.stepOut.DAMP opt e10s fission stylo webrender,4767202,77,ms,firefox,443781735.0,1828074471,2024-01-18 10:52:50,1362184,,,,,,,,,,,,,,,,,,,,,,,,,,,,,,,,,,,,,,,,,,,,,,,,,TN
2383,68ff26df33468fe750b39f175b43b8507718ece4,0.832386223137211,autoland,4768104,12,53390121d39b212135aaffcd577053a14c7f0dff,linux1804-64-shippable-qr,True,False,,,102210fe594ee9b33d82058545b1ed14f4c8206e,custom.jsdebugger.stepOut.DAMP,damp,True,damp custom.jsdebugger.stepOut.DAMP opt e10s fission stylo webrender,4767202,77,ms,firefox,443799767.0,1828179612,2024-01-18 13:21:23,1362232,,,,,,,,,,,,,,,,,,,,,,,,,,,,,,,,,,,,,,,,,,,,,,,,,TN
2384,2b70f662a79773d519e78f0b8b64723a20b1e788,0.8545170741004133,autoland,4768104,12,53390121d39b212135aaffcd577053a14c7f0dff,linux1804-64-shippable-qr,True,False,,,102210fe594ee9b33d82058545b1ed14f4c8206e,custom.jsdebugger.stepOut.DAMP,damp,True,damp custom.jsdebugger.stepOut.DAMP opt e10s fission stylo webrender,4767202,77,ms,firefox,443828719.0,1828327761,2024-01-18 17:52:02,1362427,,,,,,,,,,,,,,,,,,,,,,,,,,,,,,,,,,,,,,,,,,,,,,,,,TN
2385,ef9ad6a28dae5d4efbe723dde5068cfdde493918,0.8797895052407341,autoland,4768104,12,53390121d39b212135aaffcd577053a14c7f0dff,linux1804-64-shippable-qr,True,False,,,102210fe594ee9b33d82058545b1ed14f4c8206e,custom.jsdebugger.stepOut.DAMP,damp,True,damp custom.jsdebugger.stepOut.DAMP opt e10s fission stylo webrender,4767202,77,ms,firefox,443871640.0,1828496508,2024-01-18 23:10:50,1362632,,,,,,,,,,,,,,,,,,,,,,,,,,,,,,,,,,,,,,,,,,,,,,,,,TN
2386,5624cd2e1525fd15b148c44ce2106fce74d6f297,0.8239290307795637,autoland,4768104,12,53390121d39b212135aaffcd577053a14c7f0dff,linux1804-64-shippable-qr,True,False,,,102210fe594ee9b33d82058545b1ed14f4c8206e,custom.jsdebugger.stepOut.DAMP,damp,True,damp custom.jsdebugger.stepOut.DAMP opt e10s fission stylo webrender,4767202,77,ms,firefox,443872912.0,1828514427,2024-01-18 23:17:45,1362637,,,,,,,,,,,,,,,,,,,,,,,,,,,,,,,,,,,,,,,,,,,,,,,,,TN
2387,b6393478fdf670fcce10fd4334c2601561eaea5d,0.8504394318464066,autoland,4768104,12,53390121d39b212135aaffcd577053a14c7f0dff,linux1804-64-shippable-qr,True,False,,,102210fe594ee9b33d82058545b1ed14f4c8206e,custom.jsdebugger.stepOut.DAMP,damp,True,damp custom.jsdebugger.stepOut.DAMP opt e10s fission stylo webrender,4767202,77,ms,firefox,443893551.0,1828633496,2024-01-19 04:17:47,1362724,,,,,,,,,,,,,,,,,,,,,,,,,,,,,,,,,,,,,,,,,,,,,,,,,TN
2388,99bf71eaca444aa371e7c84536a1b8aa434ef205,0.8395429920164326,autoland,4768104,12,53390121d39b212135aaffcd577053a14c7f0dff,linux1804-64-shippable-qr,True,False,,,102210fe594ee9b33d82058545b1ed14f4c8206e,custom.jsdebugger.stepOut.DAMP,damp,True,damp custom.jsdebugger.stepOut.DAMP opt e10s fission stylo webrender,4767202,77,ms,firefox,443925144.0,1828777429,2024-01-19 10:07:40,1362807,,,,,,,,,,,,,,,,,,,,,,,,,,,,,,,,,,,,,,,,,,,,,,,,,TN
2389,7459e9088955262e4430e24661d856acc7ca8929,0.8403560466873403,autoland,4768104,12,53390121d39b212135aaffcd577053a14c7f0dff,linux1804-64-shippable-qr,True,False,,,102210fe594ee9b33d82058545b1ed14f4c8206e,custom.jsdebugger.stepOut.DAMP,damp,True,damp custom.jsdebugger.stepOut.DAMP opt e10s fission stylo webrender,4767202,77,ms,firefox,443928717.0,1828784653,2024-01-19 10:28:03,1362814,,,,,,,,,,,,,,,,,,,,,,,,,,,,,,,,,,,,,,,,,,,,,,,,,TN
2390,3aabb457a4630b878d121ef2eb9d2f0448847a6b,0.8568172034992612,autoland,4768104,12,53390121d39b212135aaffcd577053a14c7f0dff,linux1804-64-shippable-qr,True,False,,,102210fe594ee9b33d82058545b1ed14f4c8206e,custom.jsdebugger.stepOut.DAMP,damp,True,damp custom.jsdebugger.stepOut.DAMP opt e10s fission stylo webrender,4767202,77,ms,firefox,443957767.0,1828900755,2024-01-19 14:55:23,1362913,,,,,,,,,,,,,,,,,,,,,,,,,,,,,,,,,,,,,,,,,,,,,,,,,TN
2391,1ccd394332683308e570afe9039275d8e79be900,0.8513064788637745,autoland,4768104,12,53390121d39b212135aaffcd577053a14c7f0dff,linux1804-64-shippable-qr,True,False,,,102210fe594ee9b33d82058545b1ed14f4c8206e,custom.jsdebugger.stepOut.DAMP,damp,True,damp custom.jsdebugger.stepOut.DAMP opt e10s fission stylo webrender,4767202,77,ms,firefox,443980034.0,1829062163,2024-01-19 19:17:59,1363113,,,,,,,,,,,,,,,,,,,,,,,,,,,,,,,,,,,,,,,,,,,,,,,,,TN
2392,6d2ef7f226a0360135c1955b8805bd41d9af41e4,0.8412095702821742,autoland,4768104,12,53390121d39b212135aaffcd577053a14c7f0dff,linux1804-64-shippable-qr,True,False,,,102210fe594ee9b33d82058545b1ed14f4c8206e,custom.jsdebugger.stepOut.DAMP,damp,True,damp custom.jsdebugger.stepOut.DAMP opt e10s fission stylo webrender,4767202,77,ms,firefox,444004338.0,1829221691,2024-01-20 00:04:44,1363285,,,,,,,,,,,,,,,,,,,,,,,,,,,,,,,,,,,,,,,,,,,,,,,,,TN
2393,5471899cc9d0a7dfda174e9d7cfc986c2820eff8,0.8486657253413108,autoland,4768104,12,53390121d39b212135aaffcd577053a14c7f0dff,linux1804-64-shippable-qr,True,False,,,102210fe594ee9b33d82058545b1ed14f4c8206e,custom.jsdebugger.stepOut.DAMP,damp,True,damp custom.jsdebugger.stepOut.DAMP opt e10s fission stylo webrender,4767202,77,ms,firefox,444012299.0,1829305031,2024-01-20 04:18:19,1363367,,,,,,,,,,,,,,,,,,,,,,,,,,,,,,,,,,,,,,,,,,,,,,,,,TN
2394,4f4fa003a90f9d818ecfa36474300a11af18be25,0.8321592023203432,autoland,4768104,12,53390121d39b212135aaffcd577053a14c7f0dff,linux1804-64-shippable-qr,True,False,,,102210fe594ee9b33d82058545b1ed14f4c8206e,custom.jsdebugger.stepOut.DAMP,damp,True,damp custom.jsdebugger.stepOut.DAMP opt e10s fission stylo webrender,4767202,77,ms,firefox,444040796.0,1829500750,2024-01-21 00:59:25,1363463,,,,,,,,,,,,,,,,,,,,,,,,,,,,,,,,,,,,,,,,,,,,,,,,,TN
2395,0361c1f29babcfb2f10e1646dffe72cd452a3df4,0.8452821980101723,autoland,4768104,12,53390121d39b212135aaffcd577053a14c7f0dff,linux1804-64-shippable-qr,True,False,,,102210fe594ee9b33d82058545b1ed14f4c8206e,custom.jsdebugger.stepOut.DAMP,damp,True,damp custom.jsdebugger.stepOut.DAMP opt e10s fission stylo webrender,4767202,77,ms,firefox,444068155.0,1829586709,2024-01-21 14:36:57,1363517,,,,,,,,,,,,,,,,,,,,,,,,,,,,,,,,,,,,,,,,,,,,,,,,,TN
2396,6b4a069fe37d2413229dda3b61ccaf7b8f3a5f5d,0.832658586317595,autoland,4768104,12,53390121d39b212135aaffcd577053a14c7f0dff,linux1804-64-shippable-qr,True,False,,,102210fe594ee9b33d82058545b1ed14f4c8206e,custom.jsdebugger.stepOut.DAMP,damp,True,damp custom.jsdebugger.stepOut.DAMP opt e10s fission stylo webrender,4767202,77,ms,firefox,444097525.0,1829706505,2024-01-22 07:43:27,1363663,,,,,,,,,,,,,,,,,,,,,,,,,,,,,,,,,,,,,,,,,,,,,,,,,TN
2397,095c9da9e10fc012c2e6a7d929fdcc7c03d09373,0.8636580721433267,autoland,4768104,12,53390121d39b212135aaffcd577053a14c7f0dff,linux1804-64-shippable-qr,True,False,,,102210fe594ee9b33d82058545b1ed14f4c8206e,custom.jsdebugger.stepOut.DAMP,damp,True,damp custom.jsdebugger.stepOut.DAMP opt e10s fission stylo webrender,4767202,77,ms,firefox,444122057.0,1829800081,2024-01-22 10:58:56,1363731,,,,,,,,,,,,,,,,,,,,,,,,,,,,,,,,,,,,,,,,,,,,,,,,,TN
2398,d6a8b0b972822511a05bab69ac92a454a5293e77,0.864045424654664,autoland,4768104,12,53390121d39b212135aaffcd577053a14c7f0dff,linux1804-64-shippable-qr,True,False,,,102210fe594ee9b33d82058545b1ed14f4c8206e,custom.jsdebugger.stepOut.DAMP,damp,True,damp custom.jsdebugger.stepOut.DAMP opt e10s fission stylo webrender,4767202,77,ms,firefox,444484312.0,1831500521,2024-01-22 13:00:41,1363793,,,,,,,,,,,,,,,,,,,,,,,,,,,,,,,,,,,,,,,,,,,,,,,,,TN
2399,928692165b67f48d38811e6166d2bb787f9edd95,0.8386077277726474,autoland,4768104,12,53390121d39b212135aaffcd577053a14c7f0dff,linux1804-64-shippable-qr,True,False,,,102210fe594ee9b33d82058545b1ed14f4c8206e,custom.jsdebugger.stepOut.DAMP,damp,True,damp custom.jsdebugger.stepOut.DAMP opt e10s fission stylo webrender,4767202,77,ms,firefox,444481215.0,1831484554,2024-01-22 13:01:23,1363795,,,,,,,,,,,,,,,,,,,,,,,,,,,,,,,,,,,,,,,,,,,,,,,,,TN
2400,50b298a5272a5c248c5f428cfb03087d919f0a7b,0.839530076656072,autoland,4768104,12,53390121d39b212135aaffcd577053a14c7f0dff,linux1804-64-shippable-qr,True,False,,,102210fe594ee9b33d82058545b1ed14f4c8206e,custom.jsdebugger.stepOut.DAMP,damp,True,damp custom.jsdebugger.stepOut.DAMP opt e10s fission stylo webrender,4767202,77,ms,firefox,444480327.0,1831479469,2024-01-22 13:05:09,1363796,,,,,,,,,,,,,,,,,,,,,,,,,,,,,,,,,,,,,,,,,,,,,,,,,TN
2401,1d9bf66a4a9caf5f4f48f47e2ff3b446409340d8,0.8457425666701022,autoland,4768104,12,53390121d39b212135aaffcd577053a14c7f0dff,linux1804-64-shippable-qr,True,False,,,102210fe594ee9b33d82058545b1ed14f4c8206e,custom.jsdebugger.stepOut.DAMP,damp,True,damp custom.jsdebugger.stepOut.DAMP opt e10s fission stylo webrender,4767202,77,ms,firefox,444480277.0,1831478355,2024-01-22 13:18:22,1363812,,,,,,,,,,,,,,,,,,,,,,,,,,,,,,,,,,,,,,,,,,,,,,,,,TN
2402,6b069c746dcac91526c2ba006cb667741aeb015e,0.8473026664887069,autoland,4768104,12,53390121d39b212135aaffcd577053a14c7f0dff,linux1804-64-shippable-qr,True,False,,,102210fe594ee9b33d82058545b1ed14f4c8206e,custom.jsdebugger.stepOut.DAMP,damp,True,damp custom.jsdebugger.stepOut.DAMP opt e10s fission stylo webrender,4767202,77,ms,firefox,444473267.0,1831452189,2024-01-22 13:19:53,1363814,,,,,,,,,,,,,,,,,,,,,,,,,,,,,,,,,,,,,,,,,,,,,,,,,TN
2403,3f41e0c8e5a16857870d01e9a5371ffb273d79ce,0.8413122374115152,autoland,4768104,12,53390121d39b212135aaffcd577053a14c7f0dff,linux1804-64-shippable-qr,True,False,,,102210fe594ee9b33d82058545b1ed14f4c8206e,custom.jsdebugger.stepOut.DAMP,damp,True,damp custom.jsdebugger.stepOut.DAMP opt e10s fission stylo webrender,4767202,77,ms,firefox,444455548.0,1831378154,2024-01-22 13:32:17,1363826,,,,,,,,,,,,,,,,,,,,,,,,,,,,,,,,,,,,,,,,,,,,,,,,,TN
2404,44ed20f894fbc314cf7abdedbcb46bb2eefd4c5a,0.8614532853076295,autoland,4768104,12,53390121d39b212135aaffcd577053a14c7f0dff,linux1804-64-shippable-qr,True,False,,,102210fe594ee9b33d82058545b1ed14f4c8206e,custom.jsdebugger.stepOut.DAMP,damp,True,damp custom.jsdebugger.stepOut.DAMP opt e10s fission stylo webrender,4767202,77,ms,firefox,444455571.0,1831378846,2024-01-22 13:33:02,1363827,,,,,,,,,,,,,,,,,,,,,,,,,,,,,,,,,,,,,,,,,,,,,,,,,TN
2405,e2f90fb83fb881974e5a8f59593a3d2f7b2fe3cd,0.8765850557046395,autoland,4768104,12,53390121d39b212135aaffcd577053a14c7f0dff,linux1804-64-shippable-qr,True,False,,,102210fe594ee9b33d82058545b1ed14f4c8206e,custom.jsdebugger.stepOut.DAMP,damp,True,damp custom.jsdebugger.stepOut.DAMP opt e10s fission stylo webrender,4767202,77,ms,firefox,444455705.0,1831379125,2024-01-22 13:37:03,1363830,,,,,,,,,,,,,,,,,,,,,,,,,,,,,,,,,,,,,,,,,,,,,,,,,TN
2406,728afac2d3ac7c49b5ddeb91690375ca297be7da,0.8588328690811597,autoland,4768104,12,53390121d39b212135aaffcd577053a14c7f0dff,linux1804-64-shippable-qr,True,False,,,102210fe594ee9b33d82058545b1ed14f4c8206e,custom.jsdebugger.stepOut.DAMP,damp,True,damp custom.jsdebugger.stepOut.DAMP opt e10s fission stylo webrender,4767202,77,ms,firefox,444455602.0,1831378953,2024-01-22 13:42:29,1363837,,,,,,,,,,,,,,,,,,,,,,,,,,,,,,,,,,,,,,,,,,,,,,,,,TN
2407,58cedc1e4ff28881f9ebd1749feaa24edbded9ce,0.8380480075121546,autoland,4768104,12,53390121d39b212135aaffcd577053a14c7f0dff,linux1804-64-shippable-qr,True,False,,,102210fe594ee9b33d82058545b1ed14f4c8206e,custom.jsdebugger.stepOut.DAMP,damp,True,damp custom.jsdebugger.stepOut.DAMP opt e10s fission stylo webrender,4767202,77,ms,firefox,444162552.0,1829956640,2024-01-22 15:24:53,1363894,,,,,,,,,,,,,,,,,,,,,,,,,,,,,,,,,,,,,,,,,,,,,,,,,TN
2408,8c5016fab4848251295ef7241f0f1f00e080781c,0.8935426461203912,autoland,4768104,12,53390121d39b212135aaffcd577053a14c7f0dff,linux1804-64-shippable-qr,True,False,,,102210fe594ee9b33d82058545b1ed14f4c8206e,custom.jsdebugger.stepOut.DAMP,damp,True,damp custom.jsdebugger.stepOut.DAMP opt e10s fission stylo webrender,4767202,77,ms,firefox,444474061.0,1831458622,2024-01-22 15:46:26,1363911,,,,,,,,,,,,,,,,,,,,,,,,,,,,,,,,,,,,,,,,,,,,,,,,,TN
2409,89d1266bd4fd05a012d4428d640c256816098c5d,0.8684287115588007,autoland,4768104,12,53390121d39b212135aaffcd577053a14c7f0dff,linux1804-64-shippable-qr,True,False,,,102210fe594ee9b33d82058545b1ed14f4c8206e,custom.jsdebugger.stepOut.DAMP,damp,True,damp custom.jsdebugger.stepOut.DAMP opt e10s fission stylo webrender,4767202,77,ms,firefox,444482389.0,1831489672,2024-01-22 15:51:50,1363913,,,,,,,,,,,,,,,,,,,,,,,,,,,,,,,,,,,,,,,,,,,,,,,,,TN
2410,3cb5e9723b0ce918d57d765f0dbc568e12330084,0.8453915597851065,autoland,4768104,12,53390121d39b212135aaffcd577053a14c7f0dff,linux1804-64-shippable-qr,True,False,,,102210fe594ee9b33d82058545b1ed14f4c8206e,custom.jsdebugger.stepOut.DAMP,damp,True,damp custom.jsdebugger.stepOut.DAMP opt e10s fission stylo webrender,4767202,77,ms,firefox,444473480.0,1831454703,2024-01-22 15:52:32,1363915,,,,,,,,,,,,,,,,,,,,,,,,,,,,,,,,,,,,,,,,,,,,,,,,,TN
2411,3f725072dd6df0aaef9f9d75141b9d0ae2341e70,0.8497282285873462,autoland,4768104,12,53390121d39b212135aaffcd577053a14c7f0dff,linux1804-64-shippable-qr,True,False,,,102210fe594ee9b33d82058545b1ed14f4c8206e,custom.jsdebugger.stepOut.DAMP,damp,True,damp custom.jsdebugger.stepOut.DAMP opt e10s fission stylo webrender,4767202,77,ms,firefox,444479874.0,1831475927,2024-01-22 15:53:15,1363917,,,,,,,,,,,,,,,,,,,,,,,,,,,,,,,,,,,,,,,,,,,,,,,,,TN
2412,43c823eef65dd64cf0a89a27da7e6316341ce11c,0.8597149696122803,autoland,4768104,12,53390121d39b212135aaffcd577053a14c7f0dff,linux1804-64-shippable-qr,True,False,,,102210fe594ee9b33d82058545b1ed14f4c8206e,custom.jsdebugger.stepOut.DAMP,damp,True,damp custom.jsdebugger.stepOut.DAMP opt e10s fission stylo webrender,4767202,77,ms,firefox,444482470.0,1831490298,2024-01-22 15:53:59,1363919,,,,,,,,,,,,,,,,,,,,,,,,,,,,,,,,,,,,,,,,,,,,,,,,,TN
2413,82dfbdd770bc54674f82bae256dae683772884af,0.8557929684291494,autoland,4768104,12,53390121d39b212135aaffcd577053a14c7f0dff,linux1804-64-shippable-qr,True,False,,,102210fe594ee9b33d82058545b1ed14f4c8206e,custom.jsdebugger.stepOut.DAMP,damp,True,damp custom.jsdebugger.stepOut.DAMP opt e10s fission stylo webrender,4767202,77,ms,firefox,444167583.0,1830038778,2024-01-22 15:55:20,1363920,,,,,,,,,,,,,,,,,,,,,,,,,,,,,,,,,,,,,,,,,,,,,,,,,TN
2414,14ded608d482c45c5218f8f04ca7ff11ff6e76a8,0.8421785789972542,autoland,4768104,12,53390121d39b212135aaffcd577053a14c7f0dff,linux1804-64-shippable-qr,True,False,,,102210fe594ee9b33d82058545b1ed14f4c8206e,custom.jsdebugger.stepOut.DAMP,damp,True,damp custom.jsdebugger.stepOut.DAMP opt e10s fission stylo webrender,4767202,77,ms,firefox,444521724.0,1831682709,2024-01-22 16:41:20,1363971,,,,,,,,,,,,,,,,,,,,,,,,,,,,,,,,,,,,,,,,,,,,,,,,,TN
2415,f2637857c5dda9ed908f11f3b26e4c41367d4992,0.8482638180862963,autoland,4768104,12,53390121d39b212135aaffcd577053a14c7f0dff,linux1804-64-shippable-qr,True,False,,,102210fe594ee9b33d82058545b1ed14f4c8206e,custom.jsdebugger.stepOut.DAMP,damp,True,damp custom.jsdebugger.stepOut.DAMP opt e10s fission stylo webrender,4767202,77,ms,firefox,444527999.0,1831723624,2024-01-22 18:03:45,1364031,,,,,,,,,,,,,,,,,,,,,,,,,,,,,,,,,,,,,,,,,,,,,,,,,TN
2416,43a95c9c6fd4f78a269c0a3e4a4e8132dc4acc36,0.8879160041637066,autoland,4768104,12,53390121d39b212135aaffcd577053a14c7f0dff,linux1804-64-shippable-qr,True,False,,,102210fe594ee9b33d82058545b1ed14f4c8206e,custom.jsdebugger.stepOut.DAMP,damp,True,damp custom.jsdebugger.stepOut.DAMP opt e10s fission stylo webrender,4767202,77,ms,firefox,444527236.0,1831724222,2024-01-22 18:05:48,1364034,,,,,,,,,,,,,,,,,,,,,,,,,,,,,,,,,,,,,,,,,,,,,,,,,TN
2417,790866f1dba5826f87f696748b2b630ecaca7009,0.6055729790766746,autoland,4768104,12,53390121d39b212135aaffcd577053a14c7f0dff,linux1804-64-shippable-qr,True,False,,,102210fe594ee9b33d82058545b1ed14f4c8206e,custom.jsdebugger.stepOut.DAMP,damp,True,damp custom.jsdebugger.stepOut.DAMP opt e10s fission stylo webrender,4767202,77,ms,firefox,444526396.0,1831718005,2024-01-22 18:06:34,1364036,,,,,,,,,,,,,,,,,,,,,,,,,,,,,,,,,,,,,,,,,,,,,,,,,TN
2418,1782607d6384f3f7965f79e18d4289cd4af84be5,0.8655253377610246,autoland,4768104,12,53390121d39b212135aaffcd577053a14c7f0dff,linux1804-64-shippable-qr,True,False,,,102210fe594ee9b33d82058545b1ed14f4c8206e,custom.jsdebugger.stepOut.DAMP,damp,True,damp custom.jsdebugger.stepOut.DAMP opt e10s fission stylo webrender,4767202,77,ms,firefox,444526836.0,1831724030,2024-01-22 18:07:45,1364037,,,,,,,,,,,,,,,,,,,,,,,,,,,,,,,,,,,,,,,,,,,,,,,,,TN
2419,85aac4e16765e06b68d8c7ffb3e0dae013b555d1,0.8336860365661865,autoland,4768104,12,53390121d39b212135aaffcd577053a14c7f0dff,linux1804-64-shippable-qr,True,False,,,102210fe594ee9b33d82058545b1ed14f4c8206e,custom.jsdebugger.stepOut.DAMP,damp,True,damp custom.jsdebugger.stepOut.DAMP opt e10s fission stylo webrender,4767202,77,ms,firefox,444528988.0,1831729348,2024-01-22 18:12:38,1364044,,,,,,,,,,,,,,,,,,,,,,,,,,,,,,,,,,,,,,,,,,,,,,,,,TN
2420,1051cef25fba4f064b92281391261435d89809e5,0.8107924162848046,autoland,4768104,12,53390121d39b212135aaffcd577053a14c7f0dff,linux1804-64-shippable-qr,True,False,,,102210fe594ee9b33d82058545b1ed14f4c8206e,custom.jsdebugger.stepOut.DAMP,damp,True,damp custom.jsdebugger.stepOut.DAMP opt e10s fission stylo webrender,4767202,77,ms,firefox,444527864.0,1831722039,2024-01-22 18:17:01,1364049,,,,,,,,,,,,,,,,,,,,,,,,,,,,,,,,,,,,,,,,,,,,,,,,,TN
2421,533a41dc926bd6e98d441ec23e91df61284c2786,0.8088423786970447,autoland,4768104,12,53390121d39b212135aaffcd577053a14c7f0dff,linux1804-64-shippable-qr,True,False,,,102210fe594ee9b33d82058545b1ed14f4c8206e,custom.jsdebugger.stepOut.DAMP,damp,True,damp custom.jsdebugger.stepOut.DAMP opt e10s fission stylo webrender,4767202,77,ms,firefox,444526238.0,1831721116,2024-01-22 18:23:21,1364050,,,,,,,,,,,,,,,,,,,,,,,,,,,,,,,,,,,,,,,,,,,,,,,,,TN
2422,75c3c3ed6fe2c33aa435e3a099c5f18be4b4d8d2,0.8506200809655768,autoland,4768104,12,53390121d39b212135aaffcd577053a14c7f0dff,linux1804-64-shippable-qr,True,False,,,102210fe594ee9b33d82058545b1ed14f4c8206e,custom.jsdebugger.stepOut.DAMP,damp,True,damp custom.jsdebugger.stepOut.DAMP opt e10s fission stylo webrender,4767202,77,ms,firefox,444511660.0,1831644422,2024-01-22 18:30:00,1364052,,,,,,,,,,,,,,,,,,,,,,,,,,,,,,,,,,,,,,,,,,,,,,,,,TN
2423,07d3face1a123106c2b6798dbf90bf8a600d19e7,0.8338815265760009,autoland,4768104,12,53390121d39b212135aaffcd577053a14c7f0dff,linux1804-64-shippable-qr,True,False,,,102210fe594ee9b33d82058545b1ed14f4c8206e,custom.jsdebugger.stepOut.DAMP,damp,True,damp custom.jsdebugger.stepOut.DAMP opt e10s fission stylo webrender,4767202,77,ms,firefox,444473802.0,1831455378,2024-01-22 18:31:56,1364055,,,,,,,,,,,,,,,,,,,,,,,,,,,,,,,,,,,,,,,,,,,,,,,,,TN
2424,8cb64cf70bce8384245650ea87f8e8caa24391a0,0.8679470617154916,autoland,4768104,12,53390121d39b212135aaffcd577053a14c7f0dff,linux1804-64-shippable-qr,True,False,,,102210fe594ee9b33d82058545b1ed14f4c8206e,custom.jsdebugger.stepOut.DAMP,damp,True,damp custom.jsdebugger.stepOut.DAMP opt e10s fission stylo webrender,4767202,77,ms,firefox,444478209.0,1831468034,2024-01-22 18:32:44,1364056,,,,,,,,,,,,,,,,,,,,,,,,,,,,,,,,,,,,,,,,,,,,,,,,,TN
2425,d63609455f759d63a69696505bf999d21e0b79ca,0.833708036097488,autoland,4768104,12,53390121d39b212135aaffcd577053a14c7f0dff,linux1804-64-shippable-qr,True,False,,,102210fe594ee9b33d82058545b1ed14f4c8206e,custom.jsdebugger.stepOut.DAMP,damp,True,damp custom.jsdebugger.stepOut.DAMP opt e10s fission stylo webrender,4767202,77,ms,firefox,444482453.0,1831489451,2024-01-22 18:33:27,1364057,,,,,,,,,,,,,,,,,,,,,,,,,,,,,,,,,,,,,,,,,,,,,,,,,TN
2426,278693c1ad8192d883e523a24f36f112e22da417,0.8549602679839472,autoland,4768104,12,53390121d39b212135aaffcd577053a14c7f0dff,linux1804-64-shippable-qr,True,False,,,102210fe594ee9b33d82058545b1ed14f4c8206e,custom.jsdebugger.stepOut.DAMP,damp,True,damp custom.jsdebugger.stepOut.DAMP opt e10s fission stylo webrender,4767202,77,ms,firefox,444477445.0,1831464483,2024-01-22 18:34:11,1364059,,,,,,,,,,,,,,,,,,,,,,,,,,,,,,,,,,,,,,,,,,,,,,,,,TN
2427,e3d25ff1f14d101256e4b59886aed567dc83e1b6,0.8314852577744007,autoland,4768104,12,53390121d39b212135aaffcd577053a14c7f0dff,linux1804-64-shippable-qr,True,False,,,102210fe594ee9b33d82058545b1ed14f4c8206e,custom.jsdebugger.stepOut.DAMP,damp,True,damp custom.jsdebugger.stepOut.DAMP opt e10s fission stylo webrender,4767202,77,ms,firefox,444473292.0,1831451685,2024-01-22 18:34:56,1364061,,,,,,,,,,,,,,,,,,,,,,,,,,,,,,,,,,,,,,,,,,,,,,,,,TN
2428,46929761dbd972c7ea9ac52a2ff274fe1f413e9c,0.8433279854593951,autoland,4768104,12,53390121d39b212135aaffcd577053a14c7f0dff,linux1804-64-shippable-qr,True,False,,,102210fe594ee9b33d82058545b1ed14f4c8206e,custom.jsdebugger.stepOut.DAMP,damp,True,damp custom.jsdebugger.stepOut.DAMP opt e10s fission stylo webrender,4767202,77,ms,firefox,444473090.0,1831447714,2024-01-22 18:35:40,1364063,,,,,,,,,,,,,,,,,,,,,,,,,,,,,,,,,,,,,,,,,,,,,,,,,TN
2429,bb96b326fd83452b72d81198a19c03ebbbfa7534,0.8972831715376031,autoland,4768104,12,53390121d39b212135aaffcd577053a14c7f0dff,linux1804-64-shippable-qr,True,False,,,102210fe594ee9b33d82058545b1ed14f4c8206e,custom.jsdebugger.stepOut.DAMP,damp,True,damp custom.jsdebugger.stepOut.DAMP opt e10s fission stylo webrender,4767202,77,ms,firefox,444482180.0,1831487671,2024-01-22 18:36:51,1364065,,,,,,,,,,,,,,,,,,,,,,,,,,,,,,,,,,,,,,,,,,,,,,,,,TN
2430,a3d6b7811061ffa872b3836d60165130cf40457c,0.8586840687100046,autoland,4768104,12,53390121d39b212135aaffcd577053a14c7f0dff,linux1804-64-shippable-qr,True,False,,,102210fe594ee9b33d82058545b1ed14f4c8206e,custom.jsdebugger.stepOut.DAMP,damp,True,damp custom.jsdebugger.stepOut.DAMP opt e10s fission stylo webrender,4767202,77,ms,firefox,444473982.0,1831456533,2024-01-22 18:37:43,1364066,,,,,,,,,,,,,,,,,,,,,,,,,,,,,,,,,,,,,,,,,,,,,,,,,TN
2431,6a058f549e8c0b81791a0112f0b47d6d784baf09,0.8425335869713182,autoland,4768104,12,53390121d39b212135aaffcd577053a14c7f0dff,linux1804-64-shippable-qr,True,False,,,102210fe594ee9b33d82058545b1ed14f4c8206e,custom.jsdebugger.stepOut.DAMP,damp,True,damp custom.jsdebugger.stepOut.DAMP opt e10s fission stylo webrender,4767202,77,ms,firefox,444474160.0,1831457180,2024-01-22 18:38:24,1364067,,,,,,,,,,,,,,,,,,,,,,,,,,,,,,,,,,,,,,,,,,,,,,,,,TN
2432,ef71d190cd57de7a178f312b29fc104e6e3e98d4,0.8279058400264969,autoland,4768104,12,53390121d39b212135aaffcd577053a14c7f0dff,linux1804-64-shippable-qr,True,False,,,102210fe594ee9b33d82058545b1ed14f4c8206e,custom.jsdebugger.stepOut.DAMP,damp,True,damp custom.jsdebugger.stepOut.DAMP opt e10s fission stylo webrender,4767202,77,ms,firefox,444197882.0,1830104612,2024-01-22 18:55:34,1364078,,,,,,,,,,,,,,,,,,,,,,,,,,,,,,,,,,,,,,,,,,,,,,,,,TN
2433,3fe8b7d8b3f7f163eafd11115c59e2f18f20cbfc,0.859246962419298,autoland,4768104,12,53390121d39b212135aaffcd577053a14c7f0dff,linux1804-64-shippable-qr,True,False,,,102210fe594ee9b33d82058545b1ed14f4c8206e,custom.jsdebugger.stepOut.DAMP,damp,True,damp custom.jsdebugger.stepOut.DAMP opt e10s fission stylo webrender,4767202,77,ms,firefox,444473363.0,1831453346,2024-01-22 21:15:46,1364190,,,,,,,,,,,,,,,,,,,,,,,,,,,,,,,,,,,,,,,,,,,,,,,,,TN
2434,b503ca4566e0d3dca71d694d5ca65ee980a99ebf,0.841283331605094,autoland,4768104,12,53390121d39b212135aaffcd577053a14c7f0dff,linux1804-64-shippable-qr,True,False,,,102210fe594ee9b33d82058545b1ed14f4c8206e,custom.jsdebugger.stepOut.DAMP,damp,True,damp custom.jsdebugger.stepOut.DAMP opt e10s fission stylo webrender,4767202,77,ms,firefox,444481434.0,1831484841,2024-01-22 21:38:35,1364213,,,,,,,,,,,,,,,,,,,,,,,,,,,,,,,,,,,,,,,,,,,,,,,,,TN
2435,a19aa74a757354ad59da48c549bbd2e1e0e8991d,0.8451930016444245,autoland,4768104,12,53390121d39b212135aaffcd577053a14c7f0dff,linux1804-64-shippable-qr,True,False,,,102210fe594ee9b33d82058545b1ed14f4c8206e,custom.jsdebugger.stepOut.DAMP,damp,True,damp custom.jsdebugger.stepOut.DAMP opt e10s fission stylo webrender,4767202,77,ms,firefox,444481300.0,1831484680,2024-01-22 21:58:14,1364233,,,,,,,,,,,,,,,,,,,,,,,,,,,,,,,,,,,,,,,,,,,,,,,,,TN
2436,820b9e6de15beb7dd989cc4bc1d052af808080a8,0.8704198032807069,autoland,4768104,12,53390121d39b212135aaffcd577053a14c7f0dff,linux1804-64-shippable-qr,True,False,,,102210fe594ee9b33d82058545b1ed14f4c8206e,custom.jsdebugger.stepOut.DAMP,damp,True,damp custom.jsdebugger.stepOut.DAMP opt e10s fission stylo webrender,4767202,77,ms,firefox,444480607.0,1831481234,2024-01-22 21:59:05,1364236,,,,,,,,,,,,,,,,,,,,,,,,,,,,,,,,,,,,,,,,,,,,,,,,,TN
2437,9e42a6cc01772c610bf5117d0fb3a3ae962cda69,0.8563718347004956,autoland,4768104,12,53390121d39b212135aaffcd577053a14c7f0dff,linux1804-64-shippable-qr,True,False,,,102210fe594ee9b33d82058545b1ed14f4c8206e,custom.jsdebugger.stepOut.DAMP,damp,True,damp custom.jsdebugger.stepOut.DAMP opt e10s fission stylo webrender,4767202,77,ms,firefox,444473622.0,1831454787,2024-01-22 21:59:48,1364238,,,,,,,,,,,,,,,,,,,,,,,,,,,,,,,,,,,,,,,,,,,,,,,,,TN
2438,26ab337a55980fd3226ec95e5676220500b40843,0.845991282987228,autoland,4768104,12,53390121d39b212135aaffcd577053a14c7f0dff,linux1804-64-shippable-qr,True,False,,,102210fe594ee9b33d82058545b1ed14f4c8206e,custom.jsdebugger.stepOut.DAMP,damp,True,damp custom.jsdebugger.stepOut.DAMP opt e10s fission stylo webrender,4767202,77,ms,firefox,444473485.0,1831454501,2024-01-22 22:00:29,1364239,,,,,,,,,,,,,,,,,,,,,,,,,,,,,,,,,,,,,,,,,,,,,,,,,TN
2439,f27806eac17bc15be1f23b196f866c769b74e327,0.8468305290432432,autoland,4768104,12,53390121d39b212135aaffcd577053a14c7f0dff,linux1804-64-shippable-qr,True,False,,,102210fe594ee9b33d82058545b1ed14f4c8206e,custom.jsdebugger.stepOut.DAMP,damp,True,damp custom.jsdebugger.stepOut.DAMP opt e10s fission stylo webrender,4767202,77,ms,firefox,444474154.0,1831456730,2024-01-22 22:01:12,1364240,,,,,,,,,,,,,,,,,,,,,,,,,,,,,,,,,,,,,,,,,,,,,,,,,TN
2440,fed5165a02c0898816f050464990067d20c3bcdf,0.8536982607227861,autoland,4768104,12,53390121d39b212135aaffcd577053a14c7f0dff,linux1804-64-shippable-qr,True,False,,,102210fe594ee9b33d82058545b1ed14f4c8206e,custom.jsdebugger.stepOut.DAMP,damp,True,damp custom.jsdebugger.stepOut.DAMP opt e10s fission stylo webrender,4767202,77,ms,firefox,444473330.0,1831452731,2024-01-22 22:02:12,1364241,,,,,,,,,,,,,,,,,,,,,,,,,,,,,,,,,,,,,,,,,,,,,,,,,TN
2441,ee72c01626bf10d81fcef9e7ed3e1cf8fb00322e,0.8786324413678364,autoland,4768104,12,53390121d39b212135aaffcd577053a14c7f0dff,linux1804-64-shippable-qr,True,False,,,102210fe594ee9b33d82058545b1ed14f4c8206e,custom.jsdebugger.stepOut.DAMP,damp,True,damp custom.jsdebugger.stepOut.DAMP opt e10s fission stylo webrender,4767202,77,ms,firefox,444473348.0,1831452881,2024-01-22 22:03:01,1364243,,,,,,,,,,,,,,,,,,,,,,,,,,,,,,,,,,,,,,,,,,,,,,,,,TN
2442,06bafd5cf7f34e757edddf2def6a98003c6b1643,0.8730183332422043,autoland,4768104,12,53390121d39b212135aaffcd577053a14c7f0dff,linux1804-64-shippable-qr,True,False,,,102210fe594ee9b33d82058545b1ed14f4c8206e,custom.jsdebugger.stepOut.DAMP,damp,True,damp custom.jsdebugger.stepOut.DAMP opt e10s fission stylo webrender,4767202,77,ms,firefox,444240829.0,1830288113,2024-01-22 22:04:08,1364244,,,,,,,,,,,,,,,,,,,,,,,,,,,,,,,,,,,,,,,,,,,,,,,,,TN
2443,b1c04f4cc46836ca84052c2d0e4c6f556a77a864,0.8817839661437703,autoland,4768104,12,53390121d39b212135aaffcd577053a14c7f0dff,linux1804-64-shippable-qr,True,False,,,102210fe594ee9b33d82058545b1ed14f4c8206e,custom.jsdebugger.stepOut.DAMP,damp,True,damp custom.jsdebugger.stepOut.DAMP opt e10s fission stylo webrender,4767202,77,ms,firefox,444511266.0,1831643890,2024-01-22 23:04:45,1364290,,,,,,,,,,,,,,,,,,,,,,,,,,,,,,,,,,,,,,,,,,,,,,,,,TN
2444,31949bbed218a53db7381abc3b096ccc142b42e8,0.8845226455000703,autoland,4768104,12,53390121d39b212135aaffcd577053a14c7f0dff,linux1804-64-shippable-qr,True,False,,,102210fe594ee9b33d82058545b1ed14f4c8206e,custom.jsdebugger.stepOut.DAMP,damp,True,damp custom.jsdebugger.stepOut.DAMP opt e10s fission stylo webrender,4767202,77,ms,firefox,444512278.0,1831646389,2024-01-22 23:13:42,1364300,,,,,,,,,,,,,,,,,,,,,,,,,,,,,,,,,,,,,,,,,,,,,,,,,TN
2445,744415fe4845d57721f5b7bb5274bf61251bac81,0.8352576319396767,autoland,4768104,12,53390121d39b212135aaffcd577053a14c7f0dff,linux1804-64-shippable-qr,True,False,,,102210fe594ee9b33d82058545b1ed14f4c8206e,custom.jsdebugger.stepOut.DAMP,damp,True,damp custom.jsdebugger.stepOut.DAMP opt e10s fission stylo webrender,4767202,77,ms,firefox,444539944.0,1831777511,2024-01-22 23:17:46,1364306,,,,,,,,,,,,,,,,,,,,,,,,,,,,,,,,,,,,,,,,,,,,,,,,,TN
2446,4499daa0d18ad8e103558e0a5e4498ddcd0f8c20,0.847002051268011,autoland,4768104,12,53390121d39b212135aaffcd577053a14c7f0dff,linux1804-64-shippable-qr,True,False,,,102210fe594ee9b33d82058545b1ed14f4c8206e,custom.jsdebugger.stepOut.DAMP,damp,True,damp custom.jsdebugger.stepOut.DAMP opt e10s fission stylo webrender,4767202,77,ms,firefox,444512276.0,1831645785,2024-01-22 23:35:05,1364316,,,,,,,,,,,,,,,,,,,,,,,,,,,,,,,,,,,,,,,,,,,,,,,,,TN
2447,938e67ed7818cdb5cabd386af7b01ed348094492,0.8592683797212295,autoland,4768104,12,53390121d39b212135aaffcd577053a14c7f0dff,linux1804-64-shippable-qr,True,False,,,102210fe594ee9b33d82058545b1ed14f4c8206e,custom.jsdebugger.stepOut.DAMP,damp,True,damp custom.jsdebugger.stepOut.DAMP opt e10s fission stylo webrender,4767202,77,ms,firefox,444511267.0,1831644004,2024-01-22 23:36:24,1364317,,,,,,,,,,,,,,,,,,,,,,,,,,,,,,,,,,,,,,,,,,,,,,,,,TN
2448,b326f30c2c18078b1ccdfd4b509c79f093e7c434,0.8287063827247614,autoland,4768104,12,53390121d39b212135aaffcd577053a14c7f0dff,linux1804-64-shippable-qr,True,False,,,102210fe594ee9b33d82058545b1ed14f4c8206e,custom.jsdebugger.stepOut.DAMP,damp,True,damp custom.jsdebugger.stepOut.DAMP opt e10s fission stylo webrender,4767202,77,ms,firefox,444511464.0,1831644734,2024-01-23 00:04:29,1364328,,,,,,,,,,,,,,,,,,,,,,,,,,,,,,,,,,,,,,,,,,,,,,,,,TN
2449,43fa5aa71c8c00288a4fe686f0e4bf72e2f5f28d,0.8424392548645323,autoland,4768104,12,53390121d39b212135aaffcd577053a14c7f0dff,linux1804-64-shippable-qr,True,False,,,102210fe594ee9b33d82058545b1ed14f4c8206e,custom.jsdebugger.stepOut.DAMP,damp,True,damp custom.jsdebugger.stepOut.DAMP opt e10s fission stylo webrender,4767202,77,ms,firefox,444244636.0,1830319447,2024-01-23 00:22:14,1364332,,,,,,,,,,,,,,,,,,,,,,,,,,,,,,,,,,,,,,,,,,,,,,,,,TN
2450,eddd9cf063d5ba4a9ed8ccce4ccdcb4d3e092d75,0.8664251615168022,autoland,4768104,12,53390121d39b212135aaffcd577053a14c7f0dff,linux1804-64-shippable-qr,True,False,,,102210fe594ee9b33d82058545b1ed14f4c8206e,custom.jsdebugger.stepOut.DAMP,damp,True,damp custom.jsdebugger.stepOut.DAMP opt e10s fission stylo webrender,4767202,77,ms,firefox,444527937.0,1831722800,2024-01-23 00:33:35,1364334,,,,,,,,,,,,,,,,,,,,,,,,,,,,,,,,,,,,,,,,,,,,,,,,,TN
2451,623f9d84907ca538a702dabf971628b6a79c842a,0.8484025367465093,autoland,4768104,12,53390121d39b212135aaffcd577053a14c7f0dff,linux1804-64-shippable-qr,True,False,,,102210fe594ee9b33d82058545b1ed14f4c8206e,custom.jsdebugger.stepOut.DAMP,damp,True,damp custom.jsdebugger.stepOut.DAMP opt e10s fission stylo webrender,4767202,77,ms,firefox,444526451.0,1831722192,2024-01-23 00:57:46,1364341,,,,,,,,,,,,,,,,,,,,,,,,,,,,,,,,,,,,,,,,,,,,,,,,,TN
2452,4bc531c4d6243215ef905f5d854b6ff753a0f121,0.8633069559660833,autoland,4768104,12,53390121d39b212135aaffcd577053a14c7f0dff,linux1804-64-shippable-qr,True,False,,,102210fe594ee9b33d82058545b1ed14f4c8206e,custom.jsdebugger.stepOut.DAMP,damp,True,damp custom.jsdebugger.stepOut.DAMP opt e10s fission stylo webrender,4767202,77,ms,firefox,444526060.0,1831721480,2024-01-23 01:24:01,1364349,,,,,,,,,,,,,,,,,,,,,,,,,,,,,,,,,,,,,,,,,,,,,,,,,TN
2453,73af62658d655c429b029b062494ac1034de85f7,0.867992893906919,autoland,4768104,12,53390121d39b212135aaffcd577053a14c7f0dff,linux1804-64-shippable-qr,True,False,,,102210fe594ee9b33d82058545b1ed14f4c8206e,custom.jsdebugger.stepOut.DAMP,damp,True,damp custom.jsdebugger.stepOut.DAMP opt e10s fission stylo webrender,4767202,77,ms,firefox,444525966.0,1831721644,2024-01-23 02:27:05,1364366,,,,,,,,,,,,,,,,,,,,,,,,,,,,,,,,,,,,,,,,,,,,,,,,,TN
2454,ecd549d5e77382f67aacef925149045f08ad25af,0.8592460721843747,autoland,4768104,12,53390121d39b212135aaffcd577053a14c7f0dff,linux1804-64-shippable-qr,True,False,,,102210fe594ee9b33d82058545b1ed14f4c8206e,custom.jsdebugger.stepOut.DAMP,damp,True,damp custom.jsdebugger.stepOut.DAMP opt e10s fission stylo webrender,4767202,77,ms,firefox,444528828.0,1831727766,2024-01-23 02:44:19,1364374,,,,,,,,,,,,,,,,,,,,,,,,,,,,,,,,,,,,,,,,,,,,,,,,,TN
2455,fcdb6404eb0234c50bf85922bacad525da6851d5,0.8834055557554374,autoland,4768104,12,53390121d39b212135aaffcd577053a14c7f0dff,linux1804-64-shippable-qr,True,False,,,102210fe594ee9b33d82058545b1ed14f4c8206e,custom.jsdebugger.stepOut.DAMP,damp,True,damp custom.jsdebugger.stepOut.DAMP opt e10s fission stylo webrender,4767202,77,ms,firefox,444259845.0,1830411263,2024-01-23 05:54:31,1364408,,,,,,,,,,,,,,,,,,,,,,,,,,,,,,,,,,,,,,,,,,,,,,,,,TN
2456,296f1b67a4750aa2166832b5b9d8ba0eee6fe635,0.8752495081889797,autoland,4768104,12,53390121d39b212135aaffcd577053a14c7f0dff,linux1804-64-shippable-qr,True,False,,,102210fe594ee9b33d82058545b1ed14f4c8206e,custom.jsdebugger.stepOut.DAMP,damp,True,damp custom.jsdebugger.stepOut.DAMP opt e10s fission stylo webrender,4767202,77,ms,firefox,444307986.0,1830641089,2024-01-23 14:14:29,1364570,,,,,,,,,,,,,,,,,,,,,,,,,,,,,,,,,,,,,,,,,,,,,,,,,TN
2457,8af7503ecb577e1840763fe1596800deb30d03f7,0.8609702524208098,autoland,4768104,12,53390121d39b212135aaffcd577053a14c7f0dff,linux1804-64-shippable-qr,True,False,,,102210fe594ee9b33d82058545b1ed14f4c8206e,custom.jsdebugger.stepOut.DAMP,damp,True,damp custom.jsdebugger.stepOut.DAMP opt e10s fission stylo webrender,4767202,77,ms,firefox,444595157.0,1832035350,2024-01-23 14:29:28,1364587,,,,,,,,,,,,,,,,,,,,,,,,,,,,,,,,,,,,,,,,,,,,,,,,,TN
2458,d27c32ae0908c0b5d2c9213b9a624e3d0b71e2d5,0.8747108346303221,autoland,4768104,12,53390121d39b212135aaffcd577053a14c7f0dff,linux1804-64-shippable-qr,True,False,,,102210fe594ee9b33d82058545b1ed14f4c8206e,custom.jsdebugger.stepOut.DAMP,damp,True,damp custom.jsdebugger.stepOut.DAMP opt e10s fission stylo webrender,4767202,77,ms,firefox,444595206.0,1832035633,2024-01-23 14:31:58,1364588,,,,,,,,,,,,,,,,,,,,,,,,,,,,,,,,,,,,,,,,,,,,,,,,,TN
2459,0426af8e809aa4211a5fb9709cd734d32f62b06a,0.8507966932274431,autoland,4768104,12,53390121d39b212135aaffcd577053a14c7f0dff,linux1804-64-shippable-qr,True,False,,,102210fe594ee9b33d82058545b1ed14f4c8206e,custom.jsdebugger.stepOut.DAMP,damp,True,damp custom.jsdebugger.stepOut.DAMP opt e10s fission stylo webrender,4767202,77,ms,firefox,444595224.0,1832036566,2024-01-23 14:33:09,1364589,,,,,,,,,,,,,,,,,,,,,,,,,,,,,,,,,,,,,,,,,,,,,,,,,TN
2460,5c38b3e5008b25db6a3c20acc5df4e5e10c7af52,0.8573353032932503,autoland,4768104,12,53390121d39b212135aaffcd577053a14c7f0dff,linux1804-64-shippable-qr,True,False,,,102210fe594ee9b33d82058545b1ed14f4c8206e,custom.jsdebugger.stepOut.DAMP,damp,True,damp custom.jsdebugger.stepOut.DAMP opt e10s fission stylo webrender,4767202,77,ms,firefox,444595229.0,1832037142,2024-01-23 14:34:19,1364590,,,,,,,,,,,,,,,,,,,,,,,,,,,,,,,,,,,,,,,,,,,,,,,,,TN
2461,2211ddf306e059fb7dde19957b45aad3689145b5,0.8187650426838764,autoland,4768104,12,53390121d39b212135aaffcd577053a14c7f0dff,linux1804-64-shippable-qr,True,False,,,102210fe594ee9b33d82058545b1ed14f4c8206e,custom.jsdebugger.stepOut.DAMP,damp,True,damp custom.jsdebugger.stepOut.DAMP opt e10s fission stylo webrender,4767202,77,ms,firefox,444595230.0,1832037380,2024-01-23 14:45:55,1364597,,,,,,,,,,,,,,,,,,,,,,,,,,,,,,,,,,,,,,,,,,,,,,,,,TN
2462,1133b5c975879ab506f1e70046ec70268036d3a5,0.854448082886391,autoland,4768104,12,53390121d39b212135aaffcd577053a14c7f0dff,linux1804-64-shippable-qr,True,False,,,102210fe594ee9b33d82058545b1ed14f4c8206e,custom.jsdebugger.stepOut.DAMP,damp,True,damp custom.jsdebugger.stepOut.DAMP opt e10s fission stylo webrender,4767202,77,ms,firefox,444595307.0,1832038268,2024-01-23 14:46:37,1364598,,,,,,,,,,,,,,,,,,,,,,,,,,,,,,,,,,,,,,,,,,,,,,,,,TN
2463,350c5c20b4dfc6f015271308efa0916d28231443,0.8550473818360744,autoland,4768104,12,53390121d39b212135aaffcd577053a14c7f0dff,linux1804-64-shippable-qr,True,False,,,102210fe594ee9b33d82058545b1ed14f4c8206e,custom.jsdebugger.stepOut.DAMP,damp,True,damp custom.jsdebugger.stepOut.DAMP opt e10s fission stylo webrender,4767202,77,ms,firefox,444595308.0,1832038057,2024-01-23 14:48:05,1364599,,,,,,,,,,,,,,,,,,,,,,,,,,,,,,,,,,,,,,,,,,,,,,,,,TN
2464,ec465e39a54a4826987bbc0a63c3d51cd1724376,0.8497009383187113,autoland,4768104,12,53390121d39b212135aaffcd577053a14c7f0dff,linux1804-64-shippable-qr,True,False,,,102210fe594ee9b33d82058545b1ed14f4c8206e,custom.jsdebugger.stepOut.DAMP,damp,True,damp custom.jsdebugger.stepOut.DAMP opt e10s fission stylo webrender,4767202,77,ms,firefox,444595316.0,1832038486,2024-01-23 14:48:50,1364600,,,,,,,,,,,,,,,,,,,,,,,,,,,,,,,,,,,,,,,,,,,,,,,,,TN
2465,04a36fc99efd70e08f2ee5da673e29696db90fc4,0.8518968754648315,autoland,4768104,12,53390121d39b212135aaffcd577053a14c7f0dff,linux1804-64-shippable-qr,True,False,,,102210fe594ee9b33d82058545b1ed14f4c8206e,custom.jsdebugger.stepOut.DAMP,damp,True,damp custom.jsdebugger.stepOut.DAMP opt e10s fission stylo webrender,4767202,77,ms,firefox,444595351.0,1832038902,2024-01-23 14:49:33,1364606,,,,,,,,,,,,,,,,,,,,,,,,,,,,,,,,,,,,,,,,,,,,,,,,,TN
2466,f3efca74da0f43269bd8ac07e2a5d27e89c4d7c3,0.84028325309745,autoland,4768104,12,53390121d39b212135aaffcd577053a14c7f0dff,linux1804-64-shippable-qr,True,False,,,102210fe594ee9b33d82058545b1ed14f4c8206e,custom.jsdebugger.stepOut.DAMP,damp,True,damp custom.jsdebugger.stepOut.DAMP opt e10s fission stylo webrender,4767202,77,ms,firefox,444329142.0,1830764643,2024-01-23 14:50:16,1364607,,,,,,,,,,,,,,,,,,,,,,,,,,,,,,,,,,,,,,,,,,,,,,,,,TN
2467,20e975d790c813957b823a4418e599107ec2a097,0.8690711839181433,autoland,4768104,12,53390121d39b212135aaffcd577053a14c7f0dff,linux1804-64-shippable-qr,True,False,,,102210fe594ee9b33d82058545b1ed14f4c8206e,custom.jsdebugger.stepOut.DAMP,damp,True,damp custom.jsdebugger.stepOut.DAMP opt e10s fission stylo webrender,4767202,77,ms,firefox,444595215.0,1832036511,2024-01-23 15:26:09,1364655,,,,,,,,,,,,,,,,,,,,,,,,,,,,,,,,,,,,,,,,,,,,,,,,,TN
2468,a523d1a7e54820277109a39a6e8f4fdcaf051d28,0.8780934538424243,autoland,4768104,12,53390121d39b212135aaffcd577053a14c7f0dff,linux1804-64-shippable-qr,True,False,,,102210fe594ee9b33d82058545b1ed14f4c8206e,custom.jsdebugger.stepOut.DAMP,damp,True,damp custom.jsdebugger.stepOut.DAMP opt e10s fission stylo webrender,4767202,77,ms,firefox,444595226.0,1832036928,2024-01-23 15:27:37,1364656,,,,,,,,,,,,,,,,,,,,,,,,,,,,,,,,,,,,,,,,,,,,,,,,,TN
2469,d9365402e22ac8af80dfab11a466277db5c01985,0.8472184280156463,autoland,4768104,12,53390121d39b212135aaffcd577053a14c7f0dff,linux1804-64-shippable-qr,True,False,,,102210fe594ee9b33d82058545b1ed14f4c8206e,custom.jsdebugger.stepOut.DAMP,damp,True,damp custom.jsdebugger.stepOut.DAMP opt e10s fission stylo webrender,4767202,77,ms,firefox,444595306.0,1832038426,2024-01-23 15:31:35,1364659,,,,,,,,,,,,,,,,,,,,,,,,,,,,,,,,,,,,,,,,,,,,,,,,,TN
2470,2d11b6847668f918156b70179cd9b96dfd7043e3,0.8339370808077184,autoland,4768104,12,53390121d39b212135aaffcd577053a14c7f0dff,linux1804-64-shippable-qr,True,False,,,102210fe594ee9b33d82058545b1ed14f4c8206e,custom.jsdebugger.stepOut.DAMP,damp,True,damp custom.jsdebugger.stepOut.DAMP opt e10s fission stylo webrender,4767202,77,ms,firefox,444595311.0,1832038708,2024-01-23 15:32:24,1364660,,,,,,,,,,,,,,,,,,,,,,,,,,,,,,,,,,,,,,,,,,,,,,,,,TN
2471,cd7ab7cab97da5debfab77a966f3a8522c3dd916,0.8625361069718123,autoland,4768104,12,53390121d39b212135aaffcd577053a14c7f0dff,linux1804-64-shippable-qr,True,False,,,102210fe594ee9b33d82058545b1ed14f4c8206e,custom.jsdebugger.stepOut.DAMP,damp,True,damp custom.jsdebugger.stepOut.DAMP opt e10s fission stylo webrender,4767202,77,ms,firefox,444595353.0,1832039310,2024-01-23 15:33:06,1364661,,,,,,,,,,,,,,,,,,,,,,,,,,,,,,,,,,,,,,,,,,,,,,,,,TN
2472,c46a7cea75e6f516fea201de317fd0ebc3c20de2,0.8382643822726434,autoland,4768104,12,53390121d39b212135aaffcd577053a14c7f0dff,linux1804-64-shippable-qr,True,False,,,102210fe594ee9b33d82058545b1ed14f4c8206e,custom.jsdebugger.stepOut.DAMP,damp,True,damp custom.jsdebugger.stepOut.DAMP opt e10s fission stylo webrender,4767202,77,ms,firefox,444595352.0,1832038808,2024-01-23 15:33:54,1364664,,,,,,,,,,,,,,,,,,,,,,,,,,,,,,,,,,,,,,,,,,,,,,,,,TN
2473,7b8b6ea1e7aa48e21358dfb4db4b5c2f8728934e,0.8612131841985717,autoland,4768104,12,53390121d39b212135aaffcd577053a14c7f0dff,linux1804-64-shippable-qr,True,False,,,102210fe594ee9b33d82058545b1ed14f4c8206e,custom.jsdebugger.stepOut.DAMP,damp,True,damp custom.jsdebugger.stepOut.DAMP opt e10s fission stylo webrender,4767202,77,ms,firefox,444602222.0,1832070155,2024-01-23 15:34:42,1364666,,,,,,,,,,,,,,,,,,,,,,,,,,,,,,,,,,,,,,,,,,,,,,,,,TN
2474,a73c4546b9861bb960800a7c5c8ac0c5952dcdd1,0.8610242030374973,autoland,4768104,12,53390121d39b212135aaffcd577053a14c7f0dff,linux1804-64-shippable-qr,True,False,,,102210fe594ee9b33d82058545b1ed14f4c8206e,custom.jsdebugger.stepOut.DAMP,damp,True,damp custom.jsdebugger.stepOut.DAMP opt e10s fission stylo webrender,4767202,77,ms,firefox,444602858.0,1832073996,2024-01-23 16:01:50,1364691,,,,,,,,,,,,,,,,,,,,,,,,,,,,,,,,,,,,,,,,,,,,,,,,,TN
2475,850d27438a0f24f5a014b84759773d64495eacf0,0.8420263528116501,autoland,4768104,12,53390121d39b212135aaffcd577053a14c7f0dff,linux1804-64-shippable-qr,True,False,,,102210fe594ee9b33d82058545b1ed14f4c8206e,custom.jsdebugger.stepOut.DAMP,damp,True,damp custom.jsdebugger.stepOut.DAMP opt e10s fission stylo webrender,4767202,77,ms,firefox,444603613.0,1832079513,2024-01-23 16:09:11,1364699,,,,,,,,,,,,,,,,,,,,,,,,,,,,,,,,,,,,,,,,,,,,,,,,,TN
2476,936300bf2ee78e086143fb3718e2c0af755385b0,0.8793216977545291,autoland,4768104,12,53390121d39b212135aaffcd577053a14c7f0dff,linux1804-64-shippable-qr,True,False,,,102210fe594ee9b33d82058545b1ed14f4c8206e,custom.jsdebugger.stepOut.DAMP,damp,True,damp custom.jsdebugger.stepOut.DAMP opt e10s fission stylo webrender,4767202,77,ms,firefox,444324934.0,1830709722,2024-01-23 16:09:55,1364702,,,,,,,,,,,,,,,,,,,,,,,,,,,,,,,,,,,,,,,,,,,,,,,,,TN
2477,ee4c3e7d20ff07ae9b38415476b4bd18d7be2b28,0.8790447462877935,autoland,4768104,12,53390121d39b212135aaffcd577053a14c7f0dff,linux1804-64-shippable-qr,True,False,,,102210fe594ee9b33d82058545b1ed14f4c8206e,custom.jsdebugger.stepOut.DAMP,damp,True,damp custom.jsdebugger.stepOut.DAMP opt e10s fission stylo webrender,4767202,77,ms,firefox,444602214.0,1832069874,2024-01-23 17:48:46,1364795,,,,,,,,,,,,,,,,,,,,,,,,,,,,,,,,,,,,,,,,,,,,,,,,,TN
2478,87af26a458726c3c74fdf50b9a88adb4fe0ac0fa,0.8667065254087258,autoland,4768104,12,53390121d39b212135aaffcd577053a14c7f0dff,linux1804-64-shippable-qr,True,False,,,102210fe594ee9b33d82058545b1ed14f4c8206e,custom.jsdebugger.stepOut.DAMP,damp,True,damp custom.jsdebugger.stepOut.DAMP opt e10s fission stylo webrender,4767202,77,ms,firefox,444603345.0,1832079348,2024-01-23 17:53:17,1364799,,,,,,,,,,,,,,,,,,,,,,,,,,,,,,,,,,,,,,,,,,,,,,,,,TN
2479,0041856e283df9e9b91f4a5b5c59b7214bb3d8e5,0.8439041989103115,autoland,4768104,12,53390121d39b212135aaffcd577053a14c7f0dff,linux1804-64-shippable-qr,True,False,,,102210fe594ee9b33d82058545b1ed14f4c8206e,custom.jsdebugger.stepOut.DAMP,damp,True,damp custom.jsdebugger.stepOut.DAMP opt e10s fission stylo webrender,4767202,77,ms,firefox,444602914.0,1832075810,2024-01-23 18:04:28,1364807,,,,,,,,,,,,,,,,,,,,,,,,,,,,,,,,,,,,,,,,,,,,,,,,,TN
2480,945fa6ab7a45e6e662e76daada85d90332742f75,0.8321202823653882,autoland,4768104,12,53390121d39b212135aaffcd577053a14c7f0dff,linux1804-64-shippable-qr,True,False,,,102210fe594ee9b33d82058545b1ed14f4c8206e,custom.jsdebugger.stepOut.DAMP,damp,True,damp custom.jsdebugger.stepOut.DAMP opt e10s fission stylo webrender,4767202,77,ms,firefox,444602951.0,1832076205,2024-01-23 18:10:17,1364810,,,,,,,,,,,,,,,,,,,,,,,,,,,,,,,,,,,,,,,,,,,,,,,,,TN
2481,015918f6142338b13a563f44b9e7d80077aeb80b,0.8396041370422267,autoland,4768104,12,53390121d39b212135aaffcd577053a14c7f0dff,linux1804-64-shippable-qr,True,False,,,102210fe594ee9b33d82058545b1ed14f4c8206e,custom.jsdebugger.stepOut.DAMP,damp,True,damp custom.jsdebugger.stepOut.DAMP opt e10s fission stylo webrender,4767202,77,ms,firefox,444602850.0,1832072326,2024-01-23 18:39:45,1364827,,,,,,,,,,,,,,,,,,,,,,,,,,,,,,,,,,,,,,,,,,,,,,,,,TN
2482,21b754dc819cc74b7a386d93624933daf6720807,0.8623593983341398,autoland,4768104,12,53390121d39b212135aaffcd577053a14c7f0dff,linux1804-64-shippable-qr,True,False,,,102210fe594ee9b33d82058545b1ed14f4c8206e,custom.jsdebugger.stepOut.DAMP,damp,True,damp custom.jsdebugger.stepOut.DAMP opt e10s fission stylo webrender,4767202,77,ms,firefox,444602827.0,1832071806,2024-01-23 18:53:51,1364830,,,,,,,,,,,,,,,,,,,,,,,,,,,,,,,,,,,,,,,,,,,,,,,,,TN
2483,35df01cf86f03daa1a60256464b99739975b785a,0.8371169927488309,autoland,4768104,12,53390121d39b212135aaffcd577053a14c7f0dff,linux1804-64-shippable-qr,True,False,,,102210fe594ee9b33d82058545b1ed14f4c8206e,custom.jsdebugger.stepOut.DAMP,damp,True,damp custom.jsdebugger.stepOut.DAMP opt e10s fission stylo webrender,4767202,77,ms,firefox,444602433.0,1832071866,2024-01-23 18:54:33,1364831,,,,,,,,,,,,,,,,,,,,,,,,,,,,,,,,,,,,,,,,,,,,,,,,,TN
2484,3053f05c3550dc60176efad0901c6f1778266148,0.8583495530281993,autoland,4768104,12,53390121d39b212135aaffcd577053a14c7f0dff,linux1804-64-shippable-qr,True,False,,,102210fe594ee9b33d82058545b1ed14f4c8206e,custom.jsdebugger.stepOut.DAMP,damp,True,damp custom.jsdebugger.stepOut.DAMP opt e10s fission stylo webrender,4767202,77,ms,firefox,444602869.0,1832074307,2024-01-23 18:56:10,1364832,,,,,,,,,,,,,,,,,,,,,,,,,,,,,,,,,,,,,,,,,,,,,,,,,TN
2485,bce7b1a0fb9fe2e4a490cea60eff32ee5ad95d89,0.8678088378510269,autoland,4768104,12,53390121d39b212135aaffcd577053a14c7f0dff,linux1804-64-shippable-qr,True,False,,,102210fe594ee9b33d82058545b1ed14f4c8206e,custom.jsdebugger.stepOut.DAMP,damp,True,damp custom.jsdebugger.stepOut.DAMP opt e10s fission stylo webrender,4767202,77,ms,firefox,444602996.0,1832078482,2024-01-23 19:01:35,1364833,,,,,,,,,,,,,,,,,,,,,,,,,,,,,,,,,,,,,,,,,,,,,,,,,TN
2486,ec71bc6778c4bdb9b4a93283fc0a3d3f302eb89e,0.8646827652471571,autoland,4768104,12,53390121d39b212135aaffcd577053a14c7f0dff,linux1804-64-shippable-qr,True,False,,,102210fe594ee9b33d82058545b1ed14f4c8206e,custom.jsdebugger.stepOut.DAMP,damp,True,damp custom.jsdebugger.stepOut.DAMP opt e10s fission stylo webrender,4767202,77,ms,firefox,444341554.0,1830839250,2024-01-23 19:03:54,1364834,,,,,,,,,,,,,,,,,,,,,,,,,,,,,,,,,,,,,,,,,,,,,,,,,TN
2487,25e5c4ea04b149ffa31cda5c4d75559df5369612,0.8594724948747399,autoland,4768104,12,53390121d39b212135aaffcd577053a14c7f0dff,linux1804-64-shippable-qr,True,False,,,102210fe594ee9b33d82058545b1ed14f4c8206e,custom.jsdebugger.stepOut.DAMP,damp,True,damp custom.jsdebugger.stepOut.DAMP opt e10s fission stylo webrender,4767202,77,ms,firefox,444372095.0,1830980075,2024-01-23 22:21:15,1365024,,,,,,,,,,,,,,,,,,,,,,,,,,,,,,,,,,,,,,,,,,,,,,,,,TN
2488,a0389da68b91e5a92b02ccd9e65991bffb5d5771,0.8506775875538026,autoland,4768104,12,53390121d39b212135aaffcd577053a14c7f0dff,linux1804-64-shippable-qr,True,False,,,102210fe594ee9b33d82058545b1ed14f4c8206e,custom.jsdebugger.stepOut.DAMP,damp,True,damp custom.jsdebugger.stepOut.DAMP opt e10s fission stylo webrender,4767202,77,ms,firefox,444388874.0,1831055547,2024-01-24 02:38:58,1365197,,,,,,,,,,,,,,,,,,,,,,,,,,,,,,,,,,,,,,,,,,,,,,,,,TN
2489,eed6f8e8fe3af01f49be74cc1be72d51e5a0933f,0.8580222615624669,autoland,4768104,12,53390121d39b212135aaffcd577053a14c7f0dff,linux1804-64-shippable-qr,True,False,,,102210fe594ee9b33d82058545b1ed14f4c8206e,custom.jsdebugger.stepOut.DAMP,damp,True,damp custom.jsdebugger.stepOut.DAMP opt e10s fission stylo webrender,4767202,77,ms,firefox,444405058.0,1831150929,2024-01-24 06:43:12,1365260,,,,,,,,,,,,,,,,,,,,,,,,,,,,,,,,,,,,,,,,,,,,,,,,,TN
2490,7079db6b8da9081aee6b0ce96b68f368efec3277,0.8533328630323009,autoland,4768104,12,53390121d39b212135aaffcd577053a14c7f0dff,linux1804-64-shippable-qr,True,False,,,102210fe594ee9b33d82058545b1ed14f4c8206e,custom.jsdebugger.stepOut.DAMP,damp,True,damp custom.jsdebugger.stepOut.DAMP opt e10s fission stylo webrender,4767202,77,ms,firefox,444405538.0,1831162182,2024-01-24 06:57:11,1365262,,,,,,,,,,,,,,,,,,,,,,,,,,,,,,,,,,,,,,,,,,,,,,,,,TN
2491,ce20634f32a1b78384fbbc028b4f86266056e7fb,0.8417028488183458,autoland,4768104,12,53390121d39b212135aaffcd577053a14c7f0dff,linux1804-64-shippable-qr,True,False,,,102210fe594ee9b33d82058545b1ed14f4c8206e,custom.jsdebugger.stepOut.DAMP,damp,True,damp custom.jsdebugger.stepOut.DAMP opt e10s fission stylo webrender,4767202,77,ms,firefox,444452817.0,1831370759,2024-01-24 11:40:35,1365369,,,,,,,,,,,,,,,,,,,,,,,,,,,,,,,,,,,,,,,,,,,,,,,,,TN
2492,150dd33322ea6d34c4829f8e67efe7e37be8c48e,0.8660365759905027,autoland,4768104,12,53390121d39b212135aaffcd577053a14c7f0dff,linux1804-64-shippable-qr,True,False,,,102210fe594ee9b33d82058545b1ed14f4c8206e,custom.jsdebugger.stepOut.DAMP,damp,True,damp custom.jsdebugger.stepOut.DAMP opt e10s fission stylo webrender,4767202,77,ms,firefox,444486384.0,1831515731,2024-01-24 16:03:05,1365533,,,,,,,,,,,,,,,,,,,,,,,,,,,,,,,,,,,,,,,,,,,,,,,,,TN
2493,e22428605dbb49942204564b03db80f474ea35ba,0.8580587313845109,autoland,4768104,12,53390121d39b212135aaffcd577053a14c7f0dff,linux1804-64-shippable-qr,True,False,,,102210fe594ee9b33d82058545b1ed14f4c8206e,custom.jsdebugger.stepOut.DAMP,damp,True,damp custom.jsdebugger.stepOut.DAMP opt e10s fission stylo webrender,4767202,77,ms,firefox,444503788.0,1831597682,2024-01-24 18:01:21,1365677,,,,,,,,,,,,,,,,,,,,,,,,,,,,,,,,,,,,,,,,,,,,,,,,,TN
2494,b8b82bd9546fe4e63cd5e9d29248d87665c548b8,0.8699340996893916,autoland,4768104,12,53390121d39b212135aaffcd577053a14c7f0dff,linux1804-64-shippable-qr,True,False,,,102210fe594ee9b33d82058545b1ed14f4c8206e,custom.jsdebugger.stepOut.DAMP,damp,True,damp custom.jsdebugger.stepOut.DAMP opt e10s fission stylo webrender,4767202,77,ms,firefox,444529101.0,1831735491,2024-01-24 22:08:16,1365907,,,,,,,,,,,,,,,,,,,,,,,,,,,,,,,,,,,,,,,,,,,,,,,,,TN
2495,ce5606473bf95f0899f69034525766ca9d0ed749,0.8471950931319887,autoland,4768104,12,53390121d39b212135aaffcd577053a14c7f0dff,linux1804-64-shippable-qr,True,False,,,102210fe594ee9b33d82058545b1ed14f4c8206e,custom.jsdebugger.stepOut.DAMP,damp,True,damp custom.jsdebugger.stepOut.DAMP opt e10s fission stylo webrender,4767202,77,ms,firefox,444547423.0,1831838328,2024-01-25 05:05:51,1366048,,,,,,,,,,,,,,,,,,,,,,,,,,,,,,,,,,,,,,,,,,,,,,,,,TN
2496,c0289f78466cf0bf8a6871ef3417c180aab77e07,0.8548882622916187,autoland,4768104,12,53390121d39b212135aaffcd577053a14c7f0dff,linux1804-64-shippable-qr,True,False,,,102210fe594ee9b33d82058545b1ed14f4c8206e,custom.jsdebugger.stepOut.DAMP,damp,True,damp custom.jsdebugger.stepOut.DAMP opt e10s fission stylo webrender,4767202,77,ms,firefox,444568508.0,1831920084,2024-01-25 07:56:38,1366087,,,,,,,,,,,,,,,,,,,,,,,,,,,,,,,,,,,,,,,,,,,,,,,,,TN
2497,c746000752516a4b8ede1f6a5c7b2f4be12a33d7,0.8288471014327023,autoland,4768104,12,53390121d39b212135aaffcd577053a14c7f0dff,linux1804-64-shippable-qr,True,False,,,102210fe594ee9b33d82058545b1ed14f4c8206e,custom.jsdebugger.stepOut.DAMP,damp,True,damp custom.jsdebugger.stepOut.DAMP opt e10s fission stylo webrender,4767202,77,ms,firefox,444596425.0,1832039842,2024-01-25 12:05:33,1366202,,,,,,,,,,,,,,,,,,,,,,,,,,,,,,,,,,,,,,,,,,,,,,,,,TN
2498,34f197ce93a24d93523617eba67ecee2e990c37c,0.8744933510505655,autoland,4768104,12,53390121d39b212135aaffcd577053a14c7f0dff,linux1804-64-shippable-qr,True,False,,,102210fe594ee9b33d82058545b1ed14f4c8206e,custom.jsdebugger.stepOut.DAMP,damp,True,damp custom.jsdebugger.stepOut.DAMP opt e10s fission stylo webrender,4767202,77,ms,firefox,444618920.0,1832164766,2024-01-25 15:26:29,1366326,,,,,,,,,,,,,,,,,,,,,,,,,,,,,,,,,,,,,,,,,,,,,,,,,TN
2499,dd2a416c0c76b4cc9f6161d6be89aa7356e4eae5,0.8426479443944883,autoland,4768104,12,53390121d39b212135aaffcd577053a14c7f0dff,linux1804-64-shippable-qr,True,False,,,102210fe594ee9b33d82058545b1ed14f4c8206e,custom.jsdebugger.stepOut.DAMP,damp,True,damp custom.jsdebugger.stepOut.DAMP opt e10s fission stylo webrender,4767202,77,ms,firefox,444650517.0,1832350862,2024-01-25 20:50:47,1366563,,,,,,,,,,,,,,,,,,,,,,,,,,,,,,,,,,,,,,,,,,,,,,,,,TN
2500,5da1e842ef70c74d8ed72128e460f75b633fae95,0.8166922540300683,autoland,4768104,12,53390121d39b212135aaffcd577053a14c7f0dff,linux1804-64-shippable-qr,True,False,,,102210fe594ee9b33d82058545b1ed14f4c8206e,custom.jsdebugger.stepOut.DAMP,damp,True,damp custom.jsdebugger.stepOut.DAMP opt e10s fission stylo webrender,4767202,77,ms,firefox,444650332.0,1832348522,2024-01-25 20:51:29,1366564,,,,,,,,,,,,,,,,,,,,,,,,,,,,,,,,,,,,,,,,,,,,,,,,,TN
2501,a412d893c38f632f34b44a9c5b3fd8cc30bb87be,0.828692321783234,autoland,4768104,12,53390121d39b212135aaffcd577053a14c7f0dff,linux1804-64-shippable-qr,True,False,,,102210fe594ee9b33d82058545b1ed14f4c8206e,custom.jsdebugger.stepOut.DAMP,damp,True,damp custom.jsdebugger.stepOut.DAMP opt e10s fission stylo webrender,4767202,77,ms,firefox,444687927.0,1832516840,2024-01-26 03:41:27,1366751,,,,,,,,,,,,,,,,,,,,,,,,,,,,,,,,,,,,,,,,,,,,,,,,,TN
2502,18f5823716e4c35d7c899d2ce4be7fcd66cab9d0,0.868350936230595,autoland,4768104,12,53390121d39b212135aaffcd577053a14c7f0dff,linux1804-64-shippable-qr,True,False,,,102210fe594ee9b33d82058545b1ed14f4c8206e,custom.jsdebugger.stepOut.DAMP,damp,True,damp custom.jsdebugger.stepOut.DAMP opt e10s fission stylo webrender,4767202,77,ms,firefox,444740138.0,1832725687,2024-01-26 11:04:34,1366921,,,,,,,,,,,,,,,,,,,,,,,,,,,,,,,,,,,,,,,,,,,,,,,,,TN
2503,19005661ad786853d186a7d3434e6c290bccaa95,0.8398150630884789,autoland,4768104,12,53390121d39b212135aaffcd577053a14c7f0dff,linux1804-64-shippable-qr,True,False,,,102210fe594ee9b33d82058545b1ed14f4c8206e,custom.jsdebugger.stepOut.DAMP,damp,True,damp custom.jsdebugger.stepOut.DAMP opt e10s fission stylo webrender,4767202,77,ms,firefox,444785476.0,1832969670,2024-01-26 15:49:43,1367044,,,,,,,,,,,,,,,,,,,,,,,,,,,,,,,,,,,,,,,,,,,,,,,,,TN
2504,4641c3dcf0c3cfbdc8976f2fcc6898107149e19e,0.8523030779043266,autoland,4768104,12,53390121d39b212135aaffcd577053a14c7f0dff,linux1804-64-shippable-qr,True,False,,,102210fe594ee9b33d82058545b1ed14f4c8206e,custom.jsdebugger.stepOut.DAMP,damp,True,damp custom.jsdebugger.stepOut.DAMP opt e10s fission stylo webrender,4767202,77,ms,firefox,444785024.0,1832950513,2024-01-26 15:52:38,1367050,,,,,,,,,,,,,,,,,,,,,,,,,,,,,,,,,,,,,,,,,,,,,,,,,TN
2505,38fb47dac16804e3d5c8211277f084198e43de88,0.8458734679554762,autoland,4768104,12,53390121d39b212135aaffcd577053a14c7f0dff,linux1804-64-shippable-qr,True,False,,,102210fe594ee9b33d82058545b1ed14f4c8206e,custom.jsdebugger.stepOut.DAMP,damp,True,damp custom.jsdebugger.stepOut.DAMP opt e10s fission stylo webrender,4767202,77,ms,firefox,444810839.0,1833108178,2024-01-26 20:02:47,1367207,,,,,,,,,,,,,,,,,,,,,,,,,,,,,,,,,,,,,,,,,,,,,,,,,TN
2506,ac4906fa040ce76ad5ea8f73caf83045f291b613,0.841590871978541,autoland,4768104,12,53390121d39b212135aaffcd577053a14c7f0dff,linux1804-64-shippable-qr,True,False,,,102210fe594ee9b33d82058545b1ed14f4c8206e,custom.jsdebugger.stepOut.DAMP,damp,True,damp custom.jsdebugger.stepOut.DAMP opt e10s fission stylo webrender,4767202,77,ms,firefox,444816386.0,1833142518,2024-01-26 20:05:08,1367213,,,,,,,,,,,,,,,,,,,,,,,,,,,,,,,,,,,,,,,,,,,,,,,,,TN
2507,99babcb9f349f4d91fe26290269d9d25fc1bbd04,0.8352329746200862,autoland,4768104,12,53390121d39b212135aaffcd577053a14c7f0dff,linux1804-64-shippable-qr,True,False,,,102210fe594ee9b33d82058545b1ed14f4c8206e,custom.jsdebugger.stepOut.DAMP,damp,True,damp custom.jsdebugger.stepOut.DAMP opt e10s fission stylo webrender,4767202,77,ms,firefox,444835169.0,1833241642,2024-01-27 00:32:58,1367362,,,,,,,,,,,,,,,,,,,,,,,,,,,,,,,,,,,,,,,,,,,,,,,,,TN
2508,1e79d9e65ec0577bb7d698c86edc6f35b4f92ce8,0.8582821316479841,autoland,4768104,12,53390121d39b212135aaffcd577053a14c7f0dff,linux1804-64-shippable-qr,True,False,,,102210fe594ee9b33d82058545b1ed14f4c8206e,custom.jsdebugger.stepOut.DAMP,damp,True,damp custom.jsdebugger.stepOut.DAMP opt e10s fission stylo webrender,4767202,77,ms,firefox,444846553.0,1833406830,2024-01-27 06:05:38,1367422,,,,,,,,,,,,,,,,,,,,,,,,,,,,,,,,,,,,,,,,,,,,,,,,,TN
2509,09a1abcfcfb73aa1ae9781d2816102729c0f82a6,0.8558770379960079,autoland,4768104,12,53390121d39b212135aaffcd577053a14c7f0dff,linux1804-64-shippable-qr,True,False,,,102210fe594ee9b33d82058545b1ed14f4c8206e,custom.jsdebugger.stepOut.DAMP,damp,True,damp custom.jsdebugger.stepOut.DAMP opt e10s fission stylo webrender,4767202,77,ms,firefox,444879228.0,1833594079,2024-01-27 14:01:44,1367473,,,,,,,,,,,,,,,,,,,,,,,,,,,,,,,,,,,,,,,,,,,,,,,,,TN
2510,2e376c0d1662606cf6811ab3ff138b784d465291,0.870356363118113,autoland,4768104,12,53390121d39b212135aaffcd577053a14c7f0dff,linux1804-64-shippable-qr,True,False,,,102210fe594ee9b33d82058545b1ed14f4c8206e,custom.jsdebugger.stepOut.DAMP,damp,True,damp custom.jsdebugger.stepOut.DAMP opt e10s fission stylo webrender,4767202,77,ms,firefox,444900091.0,1833732779,2024-01-28 01:17:56,1367530,,,,,,,,,,,,,,,,,,,,,,,,,,,,,,,,,,,,,,,,,,,,,,,,,TN
2511,0f372a16b1e1e959f46701e4210f6a6eaf4e40ec,0.8601386786790777,autoland,4768104,12,53390121d39b212135aaffcd577053a14c7f0dff,linux1804-64-shippable-qr,True,False,,,102210fe594ee9b33d82058545b1ed14f4c8206e,custom.jsdebugger.stepOut.DAMP,damp,True,damp custom.jsdebugger.stepOut.DAMP opt e10s fission stylo webrender,4767202,77,ms,firefox,444904686.0,1833767004,2024-01-28 06:00:30,1367545,,,,,,,,,,,,,,,,,,,,,,,,,,,,,,,,,,,,,,,,,,,,,,,,,TN
2512,9b32d8116833ab08f4e3f0b18c12587ac1f9360b,0.8473949776828604,autoland,4768104,12,53390121d39b212135aaffcd577053a14c7f0dff,linux1804-64-shippable-qr,True,False,,,102210fe594ee9b33d82058545b1ed14f4c8206e,custom.jsdebugger.stepOut.DAMP,damp,True,damp custom.jsdebugger.stepOut.DAMP opt e10s fission stylo webrender,4767202,77,ms,firefox,444928106.0,1833849098,2024-01-28 10:01:02,1367556,,,,,,,,,,,,,,,,,,,,,,,,,,,,,,,,,,,,,,,,,,,,,,,,,TN
2513,13780f5cb2f5d698f35a23f2fafa1593ef7affe9,0.8434850542841803,autoland,4768104,12,53390121d39b212135aaffcd577053a14c7f0dff,linux1804-64-shippable-qr,True,False,,,102210fe594ee9b33d82058545b1ed14f4c8206e,custom.jsdebugger.stepOut.DAMP,damp,True,damp custom.jsdebugger.stepOut.DAMP opt e10s fission stylo webrender,4767202,77,ms,firefox,444946032.0,1833981443,2024-01-28 14:31:15,1367584,,,,,,,,,,,,,,,,,,,,,,,,,,,,,,,,,,,,,,,,,,,,,,,,,TN
2514,852acff05fb8be21502af8fc12cceeb2baa70dd7,0.8250165520094674,autoland,4768104,12,53390121d39b212135aaffcd577053a14c7f0dff,linux1804-64-shippable-qr,True,False,,,102210fe594ee9b33d82058545b1ed14f4c8206e,custom.jsdebugger.stepOut.DAMP,damp,True,damp custom.jsdebugger.stepOut.DAMP opt e10s fission stylo webrender,4767202,77,ms,firefox,444970333.0,1834106296,2024-01-29 01:40:26,1367631,,,,,,,,,,,,,,,,,,,,,,,,,,,,,,,,,,,,,,,,,,,,,,,,,TN
2515,fce9e73861891da48d1a0b85240491fa3e042f8b,0.856416849187384,autoland,4768104,12,53390121d39b212135aaffcd577053a14c7f0dff,linux1804-64-shippable-qr,True,False,,,102210fe594ee9b33d82058545b1ed14f4c8206e,custom.jsdebugger.stepOut.DAMP,damp,True,damp custom.jsdebugger.stepOut.DAMP opt e10s fission stylo webrender,4767202,77,ms,firefox,445008126.0,1834296663,2024-01-29 10:50:01,1367743,,,,,,,,,,,,,,,,,,,,,,,,,,,,,,,,,,,,,,,,,,,,,,,,,TN
2516,97de3c8a7931e01c1a1c1cf6ac90a580607b77c9,0.8496387560102805,autoland,4768104,12,53390121d39b212135aaffcd577053a14c7f0dff,linux1804-64-shippable-qr,True,False,,,102210fe594ee9b33d82058545b1ed14f4c8206e,custom.jsdebugger.stepOut.DAMP,damp,True,damp custom.jsdebugger.stepOut.DAMP opt e10s fission stylo webrender,4767202,77,ms,firefox,445062267.0,1834533072,2024-01-29 14:53:09,1367876,,,,,,,,,,,,,,,,,,,,,,,,,,,,,,,,,,,,,,,,,,,,,,,,,TN
2517,8e91f5176c0f6e1689a893ed34d5046dbbd1122e,0.8770434019616096,autoland,4768104,12,53390121d39b212135aaffcd577053a14c7f0dff,linux1804-64-shippable-qr,True,False,,,102210fe594ee9b33d82058545b1ed14f4c8206e,custom.jsdebugger.stepOut.DAMP,damp,True,damp custom.jsdebugger.stepOut.DAMP opt e10s fission stylo webrender,4767202,77,ms,firefox,445044218.0,1834440738,2024-01-29 14:59:33,1367883,,,,,,,,,,,,,,,,,,,,,,,,,,,,,,,,,,,,,,,,,,,,,,,,,TN
2518,8913eab3409d19e1cf1a2c19f256256c293b3154,0.8732167681807366,autoland,4768104,12,53390121d39b212135aaffcd577053a14c7f0dff,linux1804-64-shippable-qr,True,False,,,102210fe594ee9b33d82058545b1ed14f4c8206e,custom.jsdebugger.stepOut.DAMP,damp,True,damp custom.jsdebugger.stepOut.DAMP opt e10s fission stylo webrender,4767202,77,ms,firefox,445073963.0,1834575601,2024-01-29 17:46:45,1368035,,,,,,,,,,,,,,,,,,,,,,,,,,,,,,,,,,,,,,,,,,,,,,,,,TN
2519,57a27d8b6d2a7f1f5c1ec710e4a09422fb9c05e1,0.8314012915384732,autoland,4768104,12,53390121d39b212135aaffcd577053a14c7f0dff,linux1804-64-shippable-qr,True,False,,,102210fe594ee9b33d82058545b1ed14f4c8206e,custom.jsdebugger.stepOut.DAMP,damp,True,damp custom.jsdebugger.stepOut.DAMP opt e10s fission stylo webrender,4767202,77,ms,firefox,445099451.0,1834694349,2024-01-29 21:21:15,1368229,,,,,,,,,,,,,,,,,,,,,,,,,,,,,,,,,,,,,,,,,,,,,,,,,TN
2520,265910d5bfe79cc856e1c18d9e403fed38ee5a79,0.8989383307530356,autoland,4768104,12,53390121d39b212135aaffcd577053a14c7f0dff,linux1804-64-shippable-qr,True,False,,,102210fe594ee9b33d82058545b1ed14f4c8206e,custom.jsdebugger.stepOut.DAMP,damp,True,damp custom.jsdebugger.stepOut.DAMP opt e10s fission stylo webrender,4767202,77,ms,firefox,445115096.0,1834742260,2024-01-30 01:21:53,1368286,,,,,,,,,,,,,,,,,,,,,,,,,,,,,,,,,,,,,,,,,,,,,,,,,TN
2521,a9528d76a91bc50db12b4a18830536bb25a6e378,0.9189375868902387,autoland,4768104,12,53390121d39b212135aaffcd577053a14c7f0dff,linux1804-64-shippable-qr,True,False,,,102210fe594ee9b33d82058545b1ed14f4c8206e,custom.jsdebugger.stepOut.DAMP,damp,True,damp custom.jsdebugger.stepOut.DAMP opt e10s fission stylo webrender,4767202,77,ms,firefox,445188540.0,1835398595,2024-01-30 13:09:07,1368599,,,,,,,,,,,,,,,,,,,,,,,,,,,,,,,,,,,,,,,,,,,,,,,,,TN
2522,91338712d82fcf42896cfc451e6341a5b95963b8,0.8393901786334474,autoland,4768104,12,53390121d39b212135aaffcd577053a14c7f0dff,linux1804-64-shippable-qr,True,False,,,102210fe594ee9b33d82058545b1ed14f4c8206e,custom.jsdebugger.stepOut.DAMP,damp,True,damp custom.jsdebugger.stepOut.DAMP opt e10s fission stylo webrender,4767202,77,ms,firefox,445186042.0,1835270174,2024-01-30 13:14:31,1368603,,,,,,,,,,,,,,,,,,,,,,,,,,,,,,,,,,,,,,,,,,,,,,,,,TN
2523,303334fc1459c8674765c0b5561251b283be50b9,0.8635458270408409,autoland,4768104,12,53390121d39b212135aaffcd577053a14c7f0dff,linux1804-64-shippable-qr,True,False,,,102210fe594ee9b33d82058545b1ed14f4c8206e,custom.jsdebugger.stepOut.DAMP,damp,True,damp custom.jsdebugger.stepOut.DAMP opt e10s fission stylo webrender,4767202,77,ms,firefox,445574247.0,1837171194,2024-01-30 13:22:56,1368620,,,,,,,,,,,,,,,,,,,,,,,,,,,,,,,,,,,,,,,,,,,,,,,,,TN
2524,5e806fd0138f07115f92d42bad289fa20b9caaf6,0.8473647027428239,autoland,4768104,12,53390121d39b212135aaffcd577053a14c7f0dff,linux1804-64-shippable-qr,True,False,,,102210fe594ee9b33d82058545b1ed14f4c8206e,custom.jsdebugger.stepOut.DAMP,damp,True,damp custom.jsdebugger.stepOut.DAMP opt e10s fission stylo webrender,4767202,77,ms,firefox,445584376.0,1837188340,2024-01-30 13:23:47,1368623,,,,,,,,,,,,,,,,,,,,,,,,,,,,,,,,,,,,,,,,,,,,,,,,,TN
2525,a9fd576e6daefab0f870a9fcb84d82b405889452,0.8789182614018534,autoland,4768104,12,53390121d39b212135aaffcd577053a14c7f0dff,linux1804-64-shippable-qr,True,False,,,102210fe594ee9b33d82058545b1ed14f4c8206e,custom.jsdebugger.stepOut.DAMP,damp,True,damp custom.jsdebugger.stepOut.DAMP opt e10s fission stylo webrender,4767202,77,ms,firefox,445585091.0,1837188864,2024-01-30 13:24:35,1368624,,,,,,,,,,,,,,,,,,,,,,,,,,,,,,,,,,,,,,,,,,,,,,,,,TN
2526,5f39128dd598c19f3244835131b4098592cc1400,0.8656700446416286,autoland,4768104,12,53390121d39b212135aaffcd577053a14c7f0dff,linux1804-64-shippable-qr,True,False,,,102210fe594ee9b33d82058545b1ed14f4c8206e,custom.jsdebugger.stepOut.DAMP,damp,True,damp custom.jsdebugger.stepOut.DAMP opt e10s fission stylo webrender,4767202,77,ms,firefox,445587747.0,1837190123,2024-01-30 13:25:26,1368625,,,,,,,,,,,,,,,,,,,,,,,,,,,,,,,,,,,,,,,,,,,,,,,,,TN
2527,9ddeadc2e6a3ddf7de56ebf5c115ad414454aeca,0.8485518299262607,autoland,4768104,12,53390121d39b212135aaffcd577053a14c7f0dff,linux1804-64-shippable-qr,True,False,,,102210fe594ee9b33d82058545b1ed14f4c8206e,custom.jsdebugger.stepOut.DAMP,damp,True,damp custom.jsdebugger.stepOut.DAMP opt e10s fission stylo webrender,4767202,77,ms,firefox,445584372.0,1837188160,2024-01-30 13:26:17,1368628,,,,,,,,,,,,,,,,,,,,,,,,,,,,,,,,,,,,,,,,,,,,,,,,,TN
2528,8696238cdc83aab4b9a104e9a8842f61e30fdc84,0.8622315751152068,autoland,4768104,12,53390121d39b212135aaffcd577053a14c7f0dff,linux1804-64-shippable-qr,True,False,,,102210fe594ee9b33d82058545b1ed14f4c8206e,custom.jsdebugger.stepOut.DAMP,damp,True,damp custom.jsdebugger.stepOut.DAMP opt e10s fission stylo webrender,4767202,77,ms,firefox,445596577.0,1837191669,2024-01-30 13:59:50,1368641,,,,,,,,,,,,,,,,,,,,,,,,,,,,,,,,,,,,,,,,,,,,,,,,,TN
2529,a234c7e3987289d24292a5058b9edfd79e5b4509,0.8609257198132463,autoland,4768104,12,53390121d39b212135aaffcd577053a14c7f0dff,linux1804-64-shippable-qr,True,False,,,102210fe594ee9b33d82058545b1ed14f4c8206e,custom.jsdebugger.stepOut.DAMP,damp,True,damp custom.jsdebugger.stepOut.DAMP opt e10s fission stylo webrender,4767202,77,ms,firefox,445584902.0,1837189124,2024-01-30 14:24:23,1368651,,,,,,,,,,,,,,,,,,,,,,,,,,,,,,,,,,,,,,,,,,,,,,,,,TN
2530,bb44589ad2d90072a266ff6ee30ee404ca568fee,0.8656411368480754,autoland,4768104,12,53390121d39b212135aaffcd577053a14c7f0dff,linux1804-64-shippable-qr,True,False,,,102210fe594ee9b33d82058545b1ed14f4c8206e,custom.jsdebugger.stepOut.DAMP,damp,True,damp custom.jsdebugger.stepOut.DAMP opt e10s fission stylo webrender,4767202,77,ms,firefox,445605884.0,1837203762,2024-01-30 14:27:42,1368653,,,,,,,,,,,,,,,,,,,,,,,,,,,,,,,,,,,,,,,,,,,,,,,,,TN
2531,505443c66b747ccc1247f4eeb960681204fd2ac7,0.8404722322713203,autoland,4768104,12,53390121d39b212135aaffcd577053a14c7f0dff,linux1804-64-shippable-qr,True,False,,,102210fe594ee9b33d82058545b1ed14f4c8206e,custom.jsdebugger.stepOut.DAMP,damp,True,damp custom.jsdebugger.stepOut.DAMP opt e10s fission stylo webrender,4767202,77,ms,firefox,445585320.0,1837189277,2024-01-30 14:28:30,1368654,,,,,,,,,,,,,,,,,,,,,,,,,,,,,,,,,,,,,,,,,,,,,,,,,TN
2532,1ac69623ae79a621c0035377f0841b1ba83070c1,0.8701752360938384,autoland,4768104,12,53390121d39b212135aaffcd577053a14c7f0dff,linux1804-64-shippable-qr,True,False,,,102210fe594ee9b33d82058545b1ed14f4c8206e,custom.jsdebugger.stepOut.DAMP,damp,True,damp custom.jsdebugger.stepOut.DAMP opt e10s fission stylo webrender,4767202,77,ms,firefox,445201073.0,1835473645,2024-01-30 14:29:15,1368655,,,,,,,,,,,,,,,,,,,,,,,,,,,,,,,,,,,,,,,,,,,,,,,,,TN
2533,c293c369b9f64f9e5f945cf5f702563a0ee49977,0.8514049650686586,autoland,4768104,12,53390121d39b212135aaffcd577053a14c7f0dff,linux1804-64-shippable-qr,True,False,,,102210fe594ee9b33d82058545b1ed14f4c8206e,custom.jsdebugger.stepOut.DAMP,damp,True,damp custom.jsdebugger.stepOut.DAMP opt e10s fission stylo webrender,4767202,77,ms,firefox,445584182.0,1837187558,2024-01-30 17:02:32,1368757,,,,,,,,,,,,,,,,,,,,,,,,,,,,,,,,,,,,,,,,,,,,,,,,,TN
2534,b760ba36570eb964096767b04a15546c8d5735e4,0.8434299660348399,autoland,4768104,12,53390121d39b212135aaffcd577053a14c7f0dff,linux1804-64-shippable-qr,True,False,,,102210fe594ee9b33d82058545b1ed14f4c8206e,custom.jsdebugger.stepOut.DAMP,damp,True,damp custom.jsdebugger.stepOut.DAMP opt e10s fission stylo webrender,4767202,77,ms,firefox,445584253.0,1837187466,2024-01-30 17:13:25,1368763,,,,,,,,,,,,,,,,,,,,,,,,,,,,,,,,,,,,,,,,,,,,,,,,,TN
2535,6320a95180349b51de48377aebef2ea8a7f7000f,0.8546701925080151,autoland,4768104,12,53390121d39b212135aaffcd577053a14c7f0dff,linux1804-64-shippable-qr,True,False,,,102210fe594ee9b33d82058545b1ed14f4c8206e,custom.jsdebugger.stepOut.DAMP,damp,True,damp custom.jsdebugger.stepOut.DAMP opt e10s fission stylo webrender,4767202,77,ms,firefox,445574222.0,1837171312,2024-01-30 17:25:17,1368766,,,,,,,,,,,,,,,,,,,,,,,,,,,,,,,,,,,,,,,,,,,,,,,,,TN
2536,b055f188c714dac0e4b27a8d150b31fca4f6ffc3,0.8516641217740006,autoland,4768104,12,53390121d39b212135aaffcd577053a14c7f0dff,linux1804-64-shippable-qr,True,False,,,102210fe594ee9b33d82058545b1ed14f4c8206e,custom.jsdebugger.stepOut.DAMP,damp,True,damp custom.jsdebugger.stepOut.DAMP opt e10s fission stylo webrender,4767202,77,ms,firefox,445586003.0,1837189589,2024-01-30 17:30:10,1368768,,,,,,,,,,,,,,,,,,,,,,,,,,,,,,,,,,,,,,,,,,,,,,,,,TN
2537,b48848c32dbe3e9bf57be7e1463a51b0ca8ddff6,0.8487512773081414,autoland,4768104,12,53390121d39b212135aaffcd577053a14c7f0dff,linux1804-64-shippable-qr,True,False,,,102210fe594ee9b33d82058545b1ed14f4c8206e,custom.jsdebugger.stepOut.DAMP,damp,True,damp custom.jsdebugger.stepOut.DAMP opt e10s fission stylo webrender,4767202,77,ms,firefox,445589743.0,1837190754,2024-01-30 17:44:22,1368771,,,,,,,,,,,,,,,,,,,,,,,,,,,,,,,,,,,,,,,,,,,,,,,,,TN
2538,624787a1c11595fa9db213874becdf7f5130a61c,0.8270758073050919,autoland,4768104,12,53390121d39b212135aaffcd577053a14c7f0dff,linux1804-64-shippable-qr,True,False,,,102210fe594ee9b33d82058545b1ed14f4c8206e,custom.jsdebugger.stepOut.DAMP,damp,True,damp custom.jsdebugger.stepOut.DAMP opt e10s fission stylo webrender,4767202,77,ms,firefox,445584313.0,1837186931,2024-01-30 17:49:45,1368773,,,,,,,,,,,,,,,,,,,,,,,,,,,,,,,,,,,,,,,,,,,,,,,,,TN
2539,4f8dce08622ff3c8d079a6f3eae94cf54725b549,0.8361885225072552,autoland,4768104,12,53390121d39b212135aaffcd577053a14c7f0dff,linux1804-64-shippable-qr,True,False,,,102210fe594ee9b33d82058545b1ed14f4c8206e,custom.jsdebugger.stepOut.DAMP,damp,True,damp custom.jsdebugger.stepOut.DAMP opt e10s fission stylo webrender,4767202,77,ms,firefox,445583910.0,1837187679,2024-01-30 18:04:23,1368841,,,,,,,,,,,,,,,,,,,,,,,,,,,,,,,,,,,,,,,,,,,,,,,,,TN
2540,945fe9361ecaa5839d5753fa0c23b1979c975221,0.8307341022456005,autoland,4768104,12,53390121d39b212135aaffcd577053a14c7f0dff,linux1804-64-shippable-qr,True,False,,,102210fe594ee9b33d82058545b1ed14f4c8206e,custom.jsdebugger.stepOut.DAMP,damp,True,damp custom.jsdebugger.stepOut.DAMP opt e10s fission stylo webrender,4767202,77,ms,firefox,445584834.0,1837189368,2024-01-30 18:10:40,1368847,,,,,,,,,,,,,,,,,,,,,,,,,,,,,,,,,,,,,,,,,,,,,,,,,TN
2541,9e9da481d3d884b86803b271cb3fde3e7bbbed2f,0.8643912381719263,autoland,4768104,12,53390121d39b212135aaffcd577053a14c7f0dff,linux1804-64-shippable-qr,True,False,,,102210fe594ee9b33d82058545b1ed14f4c8206e,custom.jsdebugger.stepOut.DAMP,damp,True,damp custom.jsdebugger.stepOut.DAMP opt e10s fission stylo webrender,4767202,77,ms,firefox,445584371.0,1837188481,2024-01-30 18:13:27,1368848,,,,,,,,,,,,,,,,,,,,,,,,,,,,,,,,,,,,,,,,,,,,,,,,,TN
2542,a3dd43748dcdec6a27a5c140bfd611d463cd9acf,0.856672631743578,autoland,4768104,12,53390121d39b212135aaffcd577053a14c7f0dff,linux1804-64-shippable-qr,True,False,,,102210fe594ee9b33d82058545b1ed14f4c8206e,custom.jsdebugger.stepOut.DAMP,damp,True,damp custom.jsdebugger.stepOut.DAMP opt e10s fission stylo webrender,4767202,77,ms,firefox,445237238.0,1835507668,2024-01-30 18:56:21,1368858,,,,,,,,,,,,,,,,,,,,,,,,,,,,,,,,,,,,,,,,,,,,,,,,,TN
2543,37e84289c4e26e1c35c3b56b9aad7d9ee2f2ee0c,0.8650126687970945,autoland,4768104,12,53390121d39b212135aaffcd577053a14c7f0dff,linux1804-64-shippable-qr,True,False,,,102210fe594ee9b33d82058545b1ed14f4c8206e,custom.jsdebugger.stepOut.DAMP,damp,True,damp custom.jsdebugger.stepOut.DAMP opt e10s fission stylo webrender,4767202,77,ms,firefox,445601124.0,1837203615,2024-01-30 19:00:46,1368865,,,,,,,,,,,,,,,,,,,,,,,,,,,,,,,,,,,,,,,,,,,,,,,,,TN
2544,7c61ebfd6b9ee4f1835bfbf21223ce7e78b7759b,0.8641872402591015,autoland,4768104,12,53390121d39b212135aaffcd577053a14c7f0dff,linux1804-64-shippable-qr,True,False,,,102210fe594ee9b33d82058545b1ed14f4c8206e,custom.jsdebugger.stepOut.DAMP,damp,True,damp custom.jsdebugger.stepOut.DAMP opt e10s fission stylo webrender,4767202,77,ms,firefox,445589640.0,1837190268,2024-01-30 19:56:34,1368898,,,,,,,,,,,,,,,,,,,,,,,,,,,,,,,,,,,,,,,,,,,,,,,,,TN
2545,06b0ce1a9748e18deb48466efed01c1f5a8ff984,0.8606323973648302,autoland,4768104,12,53390121d39b212135aaffcd577053a14c7f0dff,linux1804-64-shippable-qr,True,False,,,102210fe594ee9b33d82058545b1ed14f4c8206e,custom.jsdebugger.stepOut.DAMP,damp,True,damp custom.jsdebugger.stepOut.DAMP opt e10s fission stylo webrender,4767202,77,ms,firefox,445248535.0,1835541817,2024-01-30 20:08:25,1368918,,,,,,,,,,,,,,,,,,,,,,,,,,,,,,,,,,,,,,,,,,,,,,,,,TN
2546,f6de722199b9c14f651c69fa56480285007494c3,0.8464534728531028,autoland,4768104,12,53390121d39b212135aaffcd577053a14c7f0dff,linux1804-64-shippable-qr,True,False,,,102210fe594ee9b33d82058545b1ed14f4c8206e,custom.jsdebugger.stepOut.DAMP,damp,True,damp custom.jsdebugger.stepOut.DAMP opt e10s fission stylo webrender,4767202,77,ms,firefox,445598364.0,1837191913,2024-01-30 21:10:46,1368961,,,,,,,,,,,,,,,,,,,,,,,,,,,,,,,,,,,,,,,,,,,,,,,,,TN
2547,45bd6cc1bf7490f80630afce7550706e9b064f81,0.87591395921481,autoland,4768104,12,53390121d39b212135aaffcd577053a14c7f0dff,linux1804-64-shippable-qr,True,False,,,102210fe594ee9b33d82058545b1ed14f4c8206e,custom.jsdebugger.stepOut.DAMP,damp,True,damp custom.jsdebugger.stepOut.DAMP opt e10s fission stylo webrender,4767202,77,ms,firefox,445574411.0,1837170700,2024-01-30 21:16:02,1368966,,,,,,,,,,,,,,,,,,,,,,,,,,,,,,,,,,,,,,,,,,,,,,,,,TN
2548,e1b24807613151a80fe79473586460ccac4bf348,0.8637068492634423,autoland,4768104,12,53390121d39b212135aaffcd577053a14c7f0dff,linux1804-64-shippable-qr,True,False,,,102210fe594ee9b33d82058545b1ed14f4c8206e,custom.jsdebugger.stepOut.DAMP,damp,True,damp custom.jsdebugger.stepOut.DAMP opt e10s fission stylo webrender,4767202,77,ms,firefox,445584367.0,1837187613,2024-01-30 21:32:39,1368981,,,,,,,,,,,,,,,,,,,,,,,,,,,,,,,,,,,,,,,,,,,,,,,,,TN
2549,460ca19eeb341393d2791ca3129505c946a1302a,0.8373200974460775,autoland,4768104,12,53390121d39b212135aaffcd577053a14c7f0dff,linux1804-64-shippable-qr,True,False,,,102210fe594ee9b33d82058545b1ed14f4c8206e,custom.jsdebugger.stepOut.DAMP,damp,True,damp custom.jsdebugger.stepOut.DAMP opt e10s fission stylo webrender,4767202,77,ms,firefox,445597323.0,1837191755,2024-01-30 21:33:24,1368982,,,,,,,,,,,,,,,,,,,,,,,,,,,,,,,,,,,,,,,,,,,,,,,,,TN
2550,fbadb86f7e9babd913f597ea759029d18ef178d6,0.8561400308584082,autoland,4768104,12,53390121d39b212135aaffcd577053a14c7f0dff,linux1804-64-shippable-qr,True,False,,,102210fe594ee9b33d82058545b1ed14f4c8206e,custom.jsdebugger.stepOut.DAMP,damp,True,damp custom.jsdebugger.stepOut.DAMP opt e10s fission stylo webrender,4767202,77,ms,firefox,445584364.0,1837188285,2024-01-30 21:34:11,1368985,,,,,,,,,,,,,,,,,,,,,,,,,,,,,,,,,,,,,,,,,,,,,,,,,TN
2551,e0ab6e106cd8b83e13e9f33e6770d28871cf6ff6,0.8424304230592305,autoland,4768104,12,53390121d39b212135aaffcd577053a14c7f0dff,linux1804-64-shippable-qr,True,False,,,102210fe594ee9b33d82058545b1ed14f4c8206e,custom.jsdebugger.stepOut.DAMP,damp,True,damp custom.jsdebugger.stepOut.DAMP opt e10s fission stylo webrender,4767202,77,ms,firefox,445584829.0,1837189221,2024-01-30 21:55:59,1369004,,,,,,,,,,,,,,,,,,,,,,,,,,,,,,,,,,,,,,,,,,,,,,,,,TN
2552,985d82f54c75ea735a87568d2e3643069ab5d81c,0.8389719858432751,autoland,4768104,12,53390121d39b212135aaffcd577053a14c7f0dff,linux1804-64-shippable-qr,True,False,,,102210fe594ee9b33d82058545b1ed14f4c8206e,custom.jsdebugger.stepOut.DAMP,damp,True,damp custom.jsdebugger.stepOut.DAMP opt e10s fission stylo webrender,4767202,77,ms,firefox,445585281.0,1837188924,2024-01-30 22:17:35,1369018,,,,,,,,,,,,,,,,,,,,,,,,,,,,,,,,,,,,,,,,,,,,,,,,,TN
2553,9d697160be48d25c6fc46ade91b2fe62477a680c,0.8329717920025195,autoland,4768104,12,53390121d39b212135aaffcd577053a14c7f0dff,linux1804-64-shippable-qr,True,False,,,102210fe594ee9b33d82058545b1ed14f4c8206e,custom.jsdebugger.stepOut.DAMP,damp,True,damp custom.jsdebugger.stepOut.DAMP opt e10s fission stylo webrender,4767202,77,ms,firefox,445584677.0,1837188215,2024-01-30 22:24:14,1369026,,,,,,,,,,,,,,,,,,,,,,,,,,,,,,,,,,,,,,,,,,,,,,,,,TN
2554,2c2634df4f158c2a32e6ea511e96387a4f467077,0.8573997012530401,autoland,4768104,12,53390121d39b212135aaffcd577053a14c7f0dff,linux1804-64-shippable-qr,True,False,,,102210fe594ee9b33d82058545b1ed14f4c8206e,custom.jsdebugger.stepOut.DAMP,damp,True,damp custom.jsdebugger.stepOut.DAMP opt e10s fission stylo webrender,4767202,77,ms,firefox,445585099.0,1837189078,2024-01-30 22:33:16,1369034,,,,,,,,,,,,,,,,,,,,,,,,,,,,,,,,,,,,,,,,,,,,,,,,,TN
2555,e35109546c3cb0f5957a604c27f5f1dd2b7f81c0,0.8608705520786675,autoland,4768104,12,53390121d39b212135aaffcd577053a14c7f0dff,linux1804-64-shippable-qr,True,False,,,102210fe594ee9b33d82058545b1ed14f4c8206e,custom.jsdebugger.stepOut.DAMP,damp,True,damp custom.jsdebugger.stepOut.DAMP opt e10s fission stylo webrender,4767202,77,ms,firefox,445280127.0,1835694449,2024-01-31 00:31:01,1369086,,,,,,,,,,,,,,,,,,,,,,,,,,,,,,,,,,,,,,,,,,,,,,,,,TN
2556,2cac2f68bfdcfc9012c537044bc475f076bda7b0,0.8452837290949371,autoland,4768104,12,53390121d39b212135aaffcd577053a14c7f0dff,linux1804-64-shippable-qr,True,False,,,102210fe594ee9b33d82058545b1ed14f4c8206e,custom.jsdebugger.stepOut.DAMP,damp,True,damp custom.jsdebugger.stepOut.DAMP opt e10s fission stylo webrender,4767202,77,ms,firefox,445276853.0,1835675954,2024-01-31 00:32:30,1369088,,,,,,,,,,,,,,,,,,,,,,,,,,,,,,,,,,,,,,,,,,,,,,,,,TN
2557,5f6f60ae2125dc46d98b4b9276bce2d562d1f1bf,0.8380743111700706,autoland,4768104,12,53390121d39b212135aaffcd577053a14c7f0dff,linux1804-64-shippable-qr,True,False,,,102210fe594ee9b33d82058545b1ed14f4c8206e,custom.jsdebugger.stepOut.DAMP,damp,True,damp custom.jsdebugger.stepOut.DAMP opt e10s fission stylo webrender,4767202,77,ms,firefox,445293559.0,1835864346,2024-01-31 05:59:52,1369182,,,,,,,,,,,,,,,,,,,,,,,,,,,,,,,,,,,,,,,,,,,,,,,,,TN
2558,201f8fe705d53181047778d1c0722017bab79e95,0.8503630306195451,autoland,4768104,12,53390121d39b212135aaffcd577053a14c7f0dff,linux1804-64-shippable-qr,True,False,,,102210fe594ee9b33d82058545b1ed14f4c8206e,custom.jsdebugger.stepOut.DAMP,damp,True,damp custom.jsdebugger.stepOut.DAMP opt e10s fission stylo webrender,4767202,77,ms,firefox,445320553.0,1835992192,2024-01-31 10:01:40,1369265,,,,,,,,,,,,,,,,,,,,,,,,,,,,,,,,,,,,,,,,,,,,,,,,,TN
2559,5e52e144df4112277cfdda903747f83f1f147385,0.8583853203992617,autoland,4768104,12,53390121d39b212135aaffcd577053a14c7f0dff,linux1804-64-shippable-qr,True,False,,,102210fe594ee9b33d82058545b1ed14f4c8206e,custom.jsdebugger.stepOut.DAMP,damp,True,damp custom.jsdebugger.stepOut.DAMP opt e10s fission stylo webrender,4767202,77,ms,firefox,445346820.0,1836038104,2024-01-31 13:01:30,1369309,,,,,,,,,,,,,,,,,,,,,,,,,,,,,,,,,,,,,,,,,,,,,,,,,TN
2560,a0bd6c4162065e8caa2b60ce8082f77d53221fb7,0.827066181640836,autoland,4768104,12,53390121d39b212135aaffcd577053a14c7f0dff,linux1804-64-shippable-qr,True,False,,,102210fe594ee9b33d82058545b1ed14f4c8206e,custom.jsdebugger.stepOut.DAMP,damp,True,damp custom.jsdebugger.stepOut.DAMP opt e10s fission stylo webrender,4767202,77,ms,firefox,445386984.0,1836192376,2024-01-31 17:27:18,1369495,,,,,,,,,,,,,,,,,,,,,,,,,,,,,,,,,,,,,,,,,,,,,,,,,TN
2561,6bfab7427c326136417b187f0df7a7c63528daa3,0.8301052576332533,autoland,4768104,12,53390121d39b212135aaffcd577053a14c7f0dff,linux1804-64-shippable-qr,True,False,,,102210fe594ee9b33d82058545b1ed14f4c8206e,custom.jsdebugger.stepOut.DAMP,damp,True,damp custom.jsdebugger.stepOut.DAMP opt e10s fission stylo webrender,4767202,77,ms,firefox,445398339.0,1836251089,2024-01-31 18:39:44,1369546,,,,,,,,,,,,,,,,,,,,,,,,,,,,,,,,,,,,,,,,,,,,,,,,,TN
2562,2ee5ce9b3c67b7e972b0dff7348ea32cb570880e,0.8415962660466538,autoland,4768104,12,53390121d39b212135aaffcd577053a14c7f0dff,linux1804-64-shippable-qr,True,False,,,102210fe594ee9b33d82058545b1ed14f4c8206e,custom.jsdebugger.stepOut.DAMP,damp,True,damp custom.jsdebugger.stepOut.DAMP opt e10s fission stylo webrender,4767202,77,ms,firefox,445435138.0,1836396683,2024-01-31 21:40:54,1369676,,,,,,,,,,,,,,,,,,,,,,,,,,,,,,,,,,,,,,,,,,,,,,,,,TN
2563,6db2a1e04f4120175d3aad9831795823a4269aab,0.8506772398058977,autoland,4768104,12,53390121d39b212135aaffcd577053a14c7f0dff,linux1804-64-shippable-qr,True,False,,,102210fe594ee9b33d82058545b1ed14f4c8206e,custom.jsdebugger.stepOut.DAMP,damp,True,damp custom.jsdebugger.stepOut.DAMP opt e10s fission stylo webrender,4767202,77,ms,firefox,445445880.0,1836447055,2024-02-01 02:14:37,1369822,,,,,,,,,,,,,,,,,,,,,,,,,,,,,,,,,,,,,,,,,,,,,,,,,TN
2564,959c3318d5c3f3881746455c2c584be49bb179b6,0.8574404612917164,autoland,4768104,12,53390121d39b212135aaffcd577053a14c7f0dff,linux1804-64-shippable-qr,True,False,,,102210fe594ee9b33d82058545b1ed14f4c8206e,custom.jsdebugger.stepOut.DAMP,damp,True,damp custom.jsdebugger.stepOut.DAMP opt e10s fission stylo webrender,4767202,77,ms,firefox,445463296.0,1836619110,2024-02-01 06:47:17,1369862,,,,,,,,,,,,,,,,,,,,,,,,,,,,,,,,,,,,,,,,,,,,,,,,,TN
2565,a6957fa936149dccf133bd99e165c5879c2cb4d5,0.8262846607575132,autoland,4768104,12,53390121d39b212135aaffcd577053a14c7f0dff,linux1804-64-shippable-qr,True,False,,,102210fe594ee9b33d82058545b1ed14f4c8206e,custom.jsdebugger.stepOut.DAMP,damp,True,damp custom.jsdebugger.stepOut.DAMP opt e10s fission stylo webrender,4767202,77,ms,firefox,445496689.0,1836787540,2024-02-01 11:14:36,1370007,,,,,,,,,,,,,,,,,,,,,,,,,,,,,,,,,,,,,,,,,,,,,,,,,TN
2566,93a67689b8581caaa6d429ea7105abf0dc55e98f,0.861836091262417,autoland,4768104,12,53390121d39b212135aaffcd577053a14c7f0dff,linux1804-64-shippable-qr,True,False,,,102210fe594ee9b33d82058545b1ed14f4c8206e,custom.jsdebugger.stepOut.DAMP,damp,True,damp custom.jsdebugger.stepOut.DAMP opt e10s fission stylo webrender,4767202,77,ms,firefox,445613874.0,1837204345,2024-02-01 13:09:51,1370065,,,,,,,,,,,,,,,,,,,,,,,,,,,,,,,,,,,,,,,,,,,,,,,,,TN
2567,f84c76f9460d8a2a4048954be483e24638c0f39c,0.8459241487474842,autoland,4768104,12,53390121d39b212135aaffcd577053a14c7f0dff,linux1804-64-shippable-qr,True,False,,,102210fe594ee9b33d82058545b1ed14f4c8206e,custom.jsdebugger.stepOut.DAMP,damp,True,damp custom.jsdebugger.stepOut.DAMP opt e10s fission stylo webrender,4767202,77,ms,firefox,445575917.0,1837183979,2024-02-01 17:13:14,1370273,,,,,,,,,,,,,,,,,,,,,,,,,,,,,,,,,,,,,,,,,,,,,,,,,TN
2568,854c462a083b4271435625134f95ce342e243ccb,0.8342208173345411,autoland,4768104,12,53390121d39b212135aaffcd577053a14c7f0dff,linux1804-64-shippable-qr,True,False,,,102210fe594ee9b33d82058545b1ed14f4c8206e,custom.jsdebugger.stepOut.DAMP,damp,True,damp custom.jsdebugger.stepOut.DAMP opt e10s fission stylo webrender,4767202,77,ms,firefox,445598841.0,1837193471,2024-02-01 18:09:58,1370333,,,,,,,,,,,,,,,,,,,,,,,,,,,,,,,,,,,,,,,,,,,,,,,,,TN
2569,144c524a091e2ed65d62b4911026d3400cea02fa,0.8712356886202899,autoland,4768104,12,53390121d39b212135aaffcd577053a14c7f0dff,linux1804-64-shippable-qr,True,False,,,102210fe594ee9b33d82058545b1ed14f4c8206e,custom.jsdebugger.stepOut.DAMP,damp,True,damp custom.jsdebugger.stepOut.DAMP opt e10s fission stylo webrender,4767202,77,ms,firefox,445614192.0,1837207129,2024-02-01 22:12:05,1370552,,,,,,,,,,,,,,,,,,,,,,,,,,,,,,,,,,,,,,,,,,,,,,,,,TN
2570,085a323ab16cb288d40fca29f6bb35d5d7e85753,0.8283298878992567,autoland,4768104,12,53390121d39b212135aaffcd577053a14c7f0dff,linux1804-64-shippable-qr,True,False,,,102210fe594ee9b33d82058545b1ed14f4c8206e,custom.jsdebugger.stepOut.DAMP,damp,True,damp custom.jsdebugger.stepOut.DAMP opt e10s fission stylo webrender,4767202,77,ms,firefox,445620153.0,1837218513,2024-02-01 22:19:46,1370561,,,,,,,,,,,,,,,,,,,,,,,,,,,,,,,,,,,,,,,,,,,,,,,,,TN
2571,dd4c0135beb5076b1a073f8d52507b724781d423,0.5412233711082683,autoland,4768104,12,53390121d39b212135aaffcd577053a14c7f0dff,linux1804-64-shippable-qr,True,False,,,102210fe594ee9b33d82058545b1ed14f4c8206e,custom.jsdebugger.stepOut.DAMP,damp,True,damp custom.jsdebugger.stepOut.DAMP opt e10s fission stylo webrender,4767202,77,ms,firefox,445626692.0,1837267196,2024-02-02 02:49:20,1370659,,,,,,,,,,,,,,,,,,,,,,,,,,,,,,,,,,,,,,,,,,,,,,,,,TN
2572,90d84a362f057a96158ef63f7aa96d639916e390,0.8523809347049351,autoland,4768104,12,53390121d39b212135aaffcd577053a14c7f0dff,linux1804-64-shippable-qr,True,False,,,102210fe594ee9b33d82058545b1ed14f4c8206e,custom.jsdebugger.stepOut.DAMP,damp,True,damp custom.jsdebugger.stepOut.DAMP opt e10s fission stylo webrender,4767202,77,ms,firefox,445719598.0,1837711759,2024-02-02 13:54:17,1370837,,,,,,,,,,,,,,,,,,,,,,,,,,,,,,,,,,,,,,,,,,,,,,,,,TN
2573,2d3365b1475ea6b0234b76a4ccfefc8c11e491a0,0.8576016206264938,autoland,4768104,12,53390121d39b212135aaffcd577053a14c7f0dff,linux1804-64-shippable-qr,True,False,,,102210fe594ee9b33d82058545b1ed14f4c8206e,custom.jsdebugger.stepOut.DAMP,damp,True,damp custom.jsdebugger.stepOut.DAMP opt e10s fission stylo webrender,4767202,77,ms,firefox,445708554.0,1837588506,2024-02-02 14:44:09,1370872,,,,,,,,,,,,,,,,,,,,,,,,,,,,,,,,,,,,,,,,,,,,,,,,,TN
2574,67f13af428e383eb2f3472448564da31a6cd3eae,0.8494942885790804,autoland,4768104,12,53390121d39b212135aaffcd577053a14c7f0dff,linux1804-64-shippable-qr,True,False,,,102210fe594ee9b33d82058545b1ed14f4c8206e,custom.jsdebugger.stepOut.DAMP,damp,True,damp custom.jsdebugger.stepOut.DAMP opt e10s fission stylo webrender,4767202,77,ms,firefox,445750547.0,1837842510,2024-02-02 19:53:24,1371106,,,,,,,,,,,,,,,,,,,,,,,,,,,,,,,,,,,,,,,,,,,,,,,,,TN
2575,0a89948ba0c00bf10f2fb02375bb347cffbdc1e1,0.8288393585753113,autoland,4768104,12,53390121d39b212135aaffcd577053a14c7f0dff,linux1804-64-shippable-qr,True,False,,,102210fe594ee9b33d82058545b1ed14f4c8206e,custom.jsdebugger.stepOut.DAMP,damp,True,damp custom.jsdebugger.stepOut.DAMP opt e10s fission stylo webrender,4767202,77,ms,firefox,445773514.0,1837907286,2024-02-02 21:53:09,1371183,,,,,,,,,,,,,,,,,,,,,,,,,,,,,,,,,,,,,,,,,,,,,,,,,TN
2576,b9172a6f32d47b58f805d7cdc242ba32e55cb4a6,0.8531160978004741,autoland,4768104,12,53390121d39b212135aaffcd577053a14c7f0dff,linux1804-64-shippable-qr,True,False,,,102210fe594ee9b33d82058545b1ed14f4c8206e,custom.jsdebugger.stepOut.DAMP,damp,True,damp custom.jsdebugger.stepOut.DAMP opt e10s fission stylo webrender,4767202,77,ms,firefox,445785414.0,1837960933,2024-02-03 02:32:07,1371314,,,,,,,,,,,,,,,,,,,,,,,,,,,,,,,,,,,,,,,,,,,,,,,,,TN
2577,f8d442e9495d595bd8d4c6cbd272480f9d0dbfb5,0.8520061001277415,autoland,4768104,12,53390121d39b212135aaffcd577053a14c7f0dff,linux1804-64-shippable-qr,True,False,,,102210fe594ee9b33d82058545b1ed14f4c8206e,custom.jsdebugger.stepOut.DAMP,damp,True,damp custom.jsdebugger.stepOut.DAMP opt e10s fission stylo webrender,4767202,77,ms,firefox,445796999.0,1838012027,2024-02-03 06:48:17,1371333,,,,,,,,,,,,,,,,,,,,,,,,,,,,,,,,,,,,,,,,,,,,,,,,,TN
2578,6c316fd08b2f2ac6443dd8193a52f819df23ce2e,0.846676627705776,autoland,4768104,12,53390121d39b212135aaffcd577053a14c7f0dff,linux1804-64-shippable-qr,True,False,,,102210fe594ee9b33d82058545b1ed14f4c8206e,custom.jsdebugger.stepOut.DAMP,damp,True,damp custom.jsdebugger.stepOut.DAMP opt e10s fission stylo webrender,4767202,77,ms,firefox,445808531.0,1838055179,2024-02-03 09:08:28,1371368,,,,,,,,,,,,,,,,,,,,,,,,,,,,,,,,,,,,,,,,,,,,,,,,,TN
2579,234a8e0fb95fc4c3f978bc6c198667481d3115da,0.9069633995360378,autoland,4768104,12,53390121d39b212135aaffcd577053a14c7f0dff,linux1804-64-shippable-qr,True,False,,,102210fe594ee9b33d82058545b1ed14f4c8206e,custom.jsdebugger.stepOut.DAMP,damp,True,damp custom.jsdebugger.stepOut.DAMP opt e10s fission stylo webrender,4767202,77,ms,firefox,445831354.0,1838131997,2024-02-03 16:51:05,1371417,,,,,,,,,,,,,,,,,,,,,,,,,,,,,,,,,,,,,,,,,,,,,,,,,TN
2580,7a5ad9c8b72b8e9fbc0f63d91a955bff54216958,0.8622606826155228,autoland,4768104,12,53390121d39b212135aaffcd577053a14c7f0dff,linux1804-64-shippable-qr,True,False,,,102210fe594ee9b33d82058545b1ed14f4c8206e,custom.jsdebugger.stepOut.DAMP,damp,True,damp custom.jsdebugger.stepOut.DAMP opt e10s fission stylo webrender,4767202,77,ms,firefox,445850186.0,1838257361,2024-02-04 01:32:05,1371481,,,,,,,,,,,,,,,,,,,,,,,,,,,,,,,,,,,,,,,,,,,,,,,,,TN
2581,eb281b3fd4660b5e7e7d1e77f7ebe3182c28569d,0.8535976840556012,autoland,4768104,12,53390121d39b212135aaffcd577053a14c7f0dff,linux1804-64-shippable-qr,True,False,,,102210fe594ee9b33d82058545b1ed14f4c8206e,custom.jsdebugger.stepOut.DAMP,damp,True,damp custom.jsdebugger.stepOut.DAMP opt e10s fission stylo webrender,4767202,77,ms,firefox,445877670.0,1838424735,2024-02-04 11:04:08,1371513,,,,,,,,,,,,,,,,,,,,,,,,,,,,,,,,,,,,,,,,,,,,,,,,,TN
2582,6cb794603d85d30882e94931d5c7cba2c609e8dd,0.8744615748328393,autoland,4768104,12,53390121d39b212135aaffcd577053a14c7f0dff,linux1804-64-shippable-qr,True,False,,,102210fe594ee9b33d82058545b1ed14f4c8206e,custom.jsdebugger.stepOut.DAMP,damp,True,damp custom.jsdebugger.stepOut.DAMP opt e10s fission stylo webrender,4767202,77,ms,firefox,445889750.0,1838582808,2024-02-04 18:26:12,1371541,,,,,,,,,,,,,,,,,,,,,,,,,,,,,,,,,,,,,,,,,,,,,,,,,TN
2583,778e884de4e5ecb46e2d212a6f5f4a13e465a3a4,0.8323252490046569,autoland,4768104,12,53390121d39b212135aaffcd577053a14c7f0dff,linux1804-64-shippable-qr,True,False,,,102210fe594ee9b33d82058545b1ed14f4c8206e,custom.jsdebugger.stepOut.DAMP,damp,True,damp custom.jsdebugger.stepOut.DAMP opt e10s fission stylo webrender,4767202,77,ms,firefox,445907802.0,1838662752,2024-02-05 01:14:58,1371575,,,,,,,,,,,,,,,,,,,,,,,,,,,,,,,,,,,,,,,,,,,,,,,,,TN
2584,9ca12d444230411e2168420a584a7f95e90c1f97,0.8467257545610731,autoland,4768104,12,53390121d39b212135aaffcd577053a14c7f0dff,linux1804-64-shippable-qr,True,False,,,102210fe594ee9b33d82058545b1ed14f4c8206e,custom.jsdebugger.stepOut.DAMP,damp,True,damp custom.jsdebugger.stepOut.DAMP opt e10s fission stylo webrender,4767202,77,ms,firefox,445913937.0,1838697569,2024-02-05 06:38:18,1371605,,,,,,,,,,,,,,,,,,,,,,,,,,,,,,,,,,,,,,,,,,,,,,,,,TN
2585,e026ce62cd3a8700c3c5fb7495521391420d3ef6,0.8670214718208347,autoland,4768104,12,53390121d39b212135aaffcd577053a14c7f0dff,linux1804-64-shippable-qr,True,False,,,102210fe594ee9b33d82058545b1ed14f4c8206e,custom.jsdebugger.stepOut.DAMP,damp,True,damp custom.jsdebugger.stepOut.DAMP opt e10s fission stylo webrender,4767202,77,ms,firefox,445953432.0,1838844583,2024-02-05 11:13:48,1371747,,,,,,,,,,,,,,,,,,,,,,,,,,,,,,,,,,,,,,,,,,,,,,,,,TN
2586,d67e058935bae8bfad9fb5868b225926a25cb64a,0.859424549369062,autoland,4768104,12,53390121d39b212135aaffcd577053a14c7f0dff,linux1804-64-shippable-qr,True,False,,,102210fe594ee9b33d82058545b1ed14f4c8206e,custom.jsdebugger.stepOut.DAMP,damp,True,damp custom.jsdebugger.stepOut.DAMP opt e10s fission stylo webrender,4767202,77,ms,firefox,445988304.0,1838947117,2024-02-05 15:06:21,1371897,,,,,,,,,,,,,,,,,,,,,,,,,,,,,,,,,,,,,,,,,,,,,,,,,TN
2587,9559ddacce7e802c8bda80f0f58d6cfd6cdd2948,0.8501818141743394,autoland,4768104,12,53390121d39b212135aaffcd577053a14c7f0dff,linux1804-64-shippable-qr,True,False,,,102210fe594ee9b33d82058545b1ed14f4c8206e,custom.jsdebugger.stepOut.DAMP,damp,True,damp custom.jsdebugger.stepOut.DAMP opt e10s fission stylo webrender,4767202,77,ms,firefox,446032759.0,1839105411,2024-02-05 18:46:19,1372136,,,,,,,,,,,,,,,,,,,,,,,,,,,,,,,,,,,,,,,,,,,,,,,,,TN
2588,9f16b642b137c1390a012556c58e9f957a816ef6,0.8396881221559447,autoland,4768104,12,53390121d39b212135aaffcd577053a14c7f0dff,linux1804-64-shippable-qr,True,False,,,102210fe594ee9b33d82058545b1ed14f4c8206e,custom.jsdebugger.stepOut.DAMP,damp,True,damp custom.jsdebugger.stepOut.DAMP opt e10s fission stylo webrender,4767202,77,ms,firefox,446060702.0,1839192119,2024-02-05 23:26:30,1372325,,,,,,,,,,,,,,,,,,,,,,,,,,,,,,,,,,,,,,,,,,,,,,,,,TN
2589,1995789cfffa08b612d3571d2e8596837f772a49,0.8667733983406856,autoland,4768104,12,53390121d39b212135aaffcd577053a14c7f0dff,linux1804-64-shippable-qr,True,False,,,102210fe594ee9b33d82058545b1ed14f4c8206e,custom.jsdebugger.stepOut.DAMP,damp,True,damp custom.jsdebugger.stepOut.DAMP opt e10s fission stylo webrender,4767202,77,ms,firefox,446073593.0,1839282789,2024-02-06 03:53:00,1372390,,,,,,,,,,,,,,,,,,,,,,,,,,,,,,,,,,,,,,,,,,,,,,,,,TN
2590,df0b9539f5604a9aefc6916ce6ecf2e52670b78b,0.8468713387601483,autoland,4768104,12,53390121d39b212135aaffcd577053a14c7f0dff,linux1804-64-shippable-qr,True,False,,,102210fe594ee9b33d82058545b1ed14f4c8206e,custom.jsdebugger.stepOut.DAMP,damp,True,damp custom.jsdebugger.stepOut.DAMP opt e10s fission stylo webrender,4767202,77,ms,firefox,446092684.0,1839470100,2024-02-06 07:31:17,1372455,,,,,,,,,,,,,,,,,,,,,,,,,,,,,,,,,,,,,,,,,,,,,,,,,TN
2591,8fd054c98f9fdb377165fdc91c59a77df2e64c00,0.8518627097216742,autoland,4768104,12,53390121d39b212135aaffcd577053a14c7f0dff,linux1804-64-shippable-qr,True,False,,,102210fe594ee9b33d82058545b1ed14f4c8206e,custom.jsdebugger.stepOut.DAMP,damp,True,damp custom.jsdebugger.stepOut.DAMP opt e10s fission stylo webrender,4767202,77,ms,firefox,446478014.0,1841099184,2024-02-06 08:29:40,1372468,,,,,,,,,,,,,,,,,,,,,,,,,,,,,,,,,,,,,,,,,,,,,,,,,TN
2592,968f9e4eede058b7591cb2952757a06bc23859e1,0.8544336950617077,autoland,4768104,12,53390121d39b212135aaffcd577053a14c7f0dff,linux1804-64-shippable-qr,True,False,,,102210fe594ee9b33d82058545b1ed14f4c8206e,custom.jsdebugger.stepOut.DAMP,damp,True,damp custom.jsdebugger.stepOut.DAMP opt e10s fission stylo webrender,4767202,77,ms,firefox,446478013.0,1841098926,2024-02-06 09:50:06,1372504,,,,,,,,,,,,,,,,,,,,,,,,,,,,,,,,,,,,,,,,,,,,,,,,,TN
2593,05e2d2bc12605238e3e42c206197dc9b81910b8b,0.843201839379432,autoland,4768104,12,53390121d39b212135aaffcd577053a14c7f0dff,linux1804-64-shippable-qr,True,False,,,102210fe594ee9b33d82058545b1ed14f4c8206e,custom.jsdebugger.stepOut.DAMP,damp,True,damp custom.jsdebugger.stepOut.DAMP opt e10s fission stylo webrender,4767202,77,ms,firefox,446478096.0,1841100318,2024-02-06 09:59:17,1372512,,,,,,,,,,,,,,,,,,,,,,,,,,,,,,,,,,,,,,,,,,,,,,,,,TN
2594,bcb83c379af9c0d55a622d6f557b96a5bb804cf4,0.8558846119472332,autoland,4768104,12,53390121d39b212135aaffcd577053a14c7f0dff,linux1804-64-shippable-qr,True,False,,,102210fe594ee9b33d82058545b1ed14f4c8206e,custom.jsdebugger.stepOut.DAMP,damp,True,damp custom.jsdebugger.stepOut.DAMP opt e10s fission stylo webrender,4767202,77,ms,firefox,446478098.0,1841101679,2024-02-06 09:59:58,1372513,,,,,,,,,,,,,,,,,,,,,,,,,,,,,,,,,,,,,,,,,,,,,,,,,TN
2595,ddcc854c30889f464dc4b7440a2dd07592e06a4f,0.8344659677443818,autoland,4768104,12,53390121d39b212135aaffcd577053a14c7f0dff,linux1804-64-shippable-qr,True,False,,,102210fe594ee9b33d82058545b1ed14f4c8206e,custom.jsdebugger.stepOut.DAMP,damp,True,damp custom.jsdebugger.stepOut.DAMP opt e10s fission stylo webrender,4767202,77,ms,firefox,446478018.0,1841099119,2024-02-06 10:00:38,1372514,,,,,,,,,,,,,,,,,,,,,,,,,,,,,,,,,,,,,,,,,,,,,,,,,TN
2596,840505abaf560d5be5932e423da8732039b61ab3,0.8373383174535876,autoland,4768104,12,53390121d39b212135aaffcd577053a14c7f0dff,linux1804-64-shippable-qr,True,False,,,102210fe594ee9b33d82058545b1ed14f4c8206e,custom.jsdebugger.stepOut.DAMP,damp,True,damp custom.jsdebugger.stepOut.DAMP opt e10s fission stylo webrender,4767202,77,ms,firefox,446478058.0,1841099274,2024-02-06 10:01:20,1372515,,,,,,,,,,,,,,,,,,,,,,,,,,,,,,,,,,,,,,,,,,,,,,,,,TN
2597,5985445bd5c1409a7627bc8c7ec9800ea65e6bf5,0.8712030152127468,autoland,4768104,12,53390121d39b212135aaffcd577053a14c7f0dff,linux1804-64-shippable-qr,True,False,,,102210fe594ee9b33d82058545b1ed14f4c8206e,custom.jsdebugger.stepOut.DAMP,damp,True,damp custom.jsdebugger.stepOut.DAMP opt e10s fission stylo webrender,4767202,77,ms,firefox,446478073.0,1841099869,2024-02-06 10:02:11,1372517,,,,,,,,,,,,,,,,,,,,,,,,,,,,,,,,,,,,,,,,,,,,,,,,,TN
2598,2a94e8bad21e0a4ed58c262af9e8aebad4735f7e,0.8451603292304759,autoland,4768104,12,53390121d39b212135aaffcd577053a14c7f0dff,linux1804-64-shippable-qr,True,False,,,102210fe594ee9b33d82058545b1ed14f4c8206e,custom.jsdebugger.stepOut.DAMP,damp,True,damp custom.jsdebugger.stepOut.DAMP opt e10s fission stylo webrender,4767202,77,ms,firefox,446478079.0,1841099929,2024-02-06 10:02:51,1372519,,,,,,,,,,,,,,,,,,,,,,,,,,,,,,,,,,,,,,,,,,,,,,,,,TN
2599,72cb17d0ae8b549c423e81d242cd734bf59102e1,0.8733542468709454,autoland,4768104,12,53390121d39b212135aaffcd577053a14c7f0dff,linux1804-64-shippable-qr,True,False,,,102210fe594ee9b33d82058545b1ed14f4c8206e,custom.jsdebugger.stepOut.DAMP,damp,True,damp custom.jsdebugger.stepOut.DAMP opt e10s fission stylo webrender,4767202,77,ms,firefox,446478090.0,1841100924,2024-02-06 11:24:42,1372567,,,,,,,,,,,,,,,,,,,,,,,,,,,,,,,,,,,,,,,,,,,,,,,,,TN
2600,c48ca61bc9255db0107d377c103a752265b60eb8,0.8346624831139648,autoland,4768104,12,53390121d39b212135aaffcd577053a14c7f0dff,linux1804-64-shippable-qr,True,False,,,102210fe594ee9b33d82058545b1ed14f4c8206e,custom.jsdebugger.stepOut.DAMP,damp,True,damp custom.jsdebugger.stepOut.DAMP opt e10s fission stylo webrender,4767202,77,ms,firefox,446143561.0,1839659963,2024-02-06 11:44:40,1372588,,,,,,,,,,,,,,,,,,,,,,,,,,,,,,,,,,,,,,,,,,,,,,,,,TN
2601,42d77e7dae4bb4b0a7b4f6b9dd45c88ba835b5d0,0.8322833781596028,autoland,4768104,12,53390121d39b212135aaffcd577053a14c7f0dff,linux1804-64-shippable-qr,True,False,,,102210fe594ee9b33d82058545b1ed14f4c8206e,custom.jsdebugger.stepOut.DAMP,damp,True,damp custom.jsdebugger.stepOut.DAMP opt e10s fission stylo webrender,4767202,77,ms,firefox,446695379.0,1841931505,2024-02-06 12:16:41,1372602,,,,,,,,,,,,,,,,,,,,,,,,,,,,,,,,,,,,,,,,,,,,,,,,,TN
2602,e25850706df9ccdd4892444e83613dd37b57c4d1,0.8493612213205217,autoland,4768104,12,53390121d39b212135aaffcd577053a14c7f0dff,linux1804-64-shippable-qr,True,False,,,102210fe594ee9b33d82058545b1ed14f4c8206e,custom.jsdebugger.stepOut.DAMP,damp,True,damp custom.jsdebugger.stepOut.DAMP opt e10s fission stylo webrender,4767202,77,ms,firefox,446692873.0,1841925498,2024-02-06 12:56:38,1372617,,,,,,,,,,,,,,,,,,,,,,,,,,,,,,,,,,,,,,,,,,,,,,,,,TN
2603,52a9c3007135b23deb7a7da6a8c4294c60c52852,0.8357420965545976,autoland,4768104,12,53390121d39b212135aaffcd577053a14c7f0dff,linux1804-64-shippable-qr,True,False,,,102210fe594ee9b33d82058545b1ed14f4c8206e,custom.jsdebugger.stepOut.DAMP,damp,True,damp custom.jsdebugger.stepOut.DAMP opt e10s fission stylo webrender,4767202,77,ms,firefox,446692991.0,1841925644,2024-02-06 13:35:24,1372652,,,,,,,,,,,,,,,,,,,,,,,,,,,,,,,,,,,,,,,,,,,,,,,,,TN
2604,aa11ea1d19a3fb9fccc3dd7cb02188d6109ec009,0.8149624134499276,autoland,4768104,12,53390121d39b212135aaffcd577053a14c7f0dff,linux1804-64-shippable-qr,True,False,,,102210fe594ee9b33d82058545b1ed14f4c8206e,custom.jsdebugger.stepOut.DAMP,damp,True,damp custom.jsdebugger.stepOut.DAMP opt e10s fission stylo webrender,4767202,77,ms,firefox,446478076.0,1841099052,2024-02-06 14:40:33,1372699,,,,,,,,,,,,,,,,,,,,,,,,,,,,,,,,,,,,,,,,,,,,,,,,,TN
2605,19f8c667d6af426c851b0de3f6c17a4b03f78b47,0.824283448575545,autoland,4768104,12,53390121d39b212135aaffcd577053a14c7f0dff,linux1804-64-shippable-qr,True,False,,,102210fe594ee9b33d82058545b1ed14f4c8206e,custom.jsdebugger.stepOut.DAMP,damp,True,damp custom.jsdebugger.stepOut.DAMP opt e10s fission stylo webrender,4767202,77,ms,firefox,446478081.0,1841100257,2024-02-06 15:01:04,1372707,,,,,,,,,,,,,,,,,,,,,,,,,,,,,,,,,,,,,,,,,,,,,,,,,TN
2606,9e9263ad5cf7d929f846d417860f179aa942282a,0.8141261828658388,autoland,4768104,12,53390121d39b212135aaffcd577053a14c7f0dff,linux1804-64-shippable-qr,True,False,,,102210fe594ee9b33d82058545b1ed14f4c8206e,custom.jsdebugger.stepOut.DAMP,damp,True,damp custom.jsdebugger.stepOut.DAMP opt e10s fission stylo webrender,4767202,77,ms,firefox,446478089.0,1841100081,2024-02-06 15:25:27,1372729,,,,,,,,,,,,,,,,,,,,,,,,,,,,,,,,,,,,,,,,,,,,,,,,,TN
2607,1576ed47882fcd06882e563bfcc284ba54e9957b,0.8506021798926187,autoland,4768104,12,53390121d39b212135aaffcd577053a14c7f0dff,linux1804-64-shippable-qr,True,False,,,102210fe594ee9b33d82058545b1ed14f4c8206e,custom.jsdebugger.stepOut.DAMP,damp,True,damp custom.jsdebugger.stepOut.DAMP opt e10s fission stylo webrender,4767202,77,ms,firefox,446478057.0,1841099457,2024-02-06 15:31:58,1372736,,,,,,,,,,,,,,,,,,,,,,,,,,,,,,,,,,,,,,,,,,,,,,,,,TN
2608,39cf6862a84a2d1496f76ef8a7eb2cd56145f6bf,0.8285053734575878,autoland,4768104,12,53390121d39b212135aaffcd577053a14c7f0dff,linux1804-64-shippable-qr,True,False,,,102210fe594ee9b33d82058545b1ed14f4c8206e,custom.jsdebugger.stepOut.DAMP,damp,True,damp custom.jsdebugger.stepOut.DAMP opt e10s fission stylo webrender,4767202,77,ms,firefox,446478074.0,1841099749,2024-02-06 15:50:51,1372751,,,,,,,,,,,,,,,,,,,,,,,,,,,,,,,,,,,,,,,,,,,,,,,,,TN
2609,b34477dd4ac226292a2d9b351379c08908b014f8,0.8442747869878968,autoland,4768104,12,53390121d39b212135aaffcd577053a14c7f0dff,linux1804-64-shippable-qr,True,False,,,102210fe594ee9b33d82058545b1ed14f4c8206e,custom.jsdebugger.stepOut.DAMP,damp,True,damp custom.jsdebugger.stepOut.DAMP opt e10s fission stylo webrender,4767202,77,ms,firefox,446478077.0,1841099436,2024-02-06 15:51:34,1372752,,,,,,,,,,,,,,,,,,,,,,,,,,,,,,,,,,,,,,,,,,,,,,,,,TN
2610,99f809a0ff1e72cac0045c5359cec307a2a57f86,0.8643062863187085,autoland,4768104,12,53390121d39b212135aaffcd577053a14c7f0dff,linux1804-64-shippable-qr,True,False,,,102210fe594ee9b33d82058545b1ed14f4c8206e,custom.jsdebugger.stepOut.DAMP,damp,True,damp custom.jsdebugger.stepOut.DAMP opt e10s fission stylo webrender,4767202,77,ms,firefox,446478087.0,1841100979,2024-02-06 15:52:19,1372753,,,,,,,,,,,,,,,,,,,,,,,,,,,,,,,,,,,,,,,,,,,,,,,,,TN
2611,b3966d5a4d297e1219d7915ab4fcb587341d9a4b,0.8632269639928225,autoland,4768104,12,53390121d39b212135aaffcd577053a14c7f0dff,linux1804-64-shippable-qr,True,False,,,102210fe594ee9b33d82058545b1ed14f4c8206e,custom.jsdebugger.stepOut.DAMP,damp,True,damp custom.jsdebugger.stepOut.DAMP opt e10s fission stylo webrender,4767202,77,ms,firefox,446478091.0,1841100505,2024-02-06 16:00:06,1372766,,,,,,,,,,,,,,,,,,,,,,,,,,,,,,,,,,,,,,,,,,,,,,,,,TN
2612,f83467c829171fbff2a01d2876609c50368d3bce,0.8573454406439853,autoland,4768104,12,53390121d39b212135aaffcd577053a14c7f0dff,linux1804-64-shippable-qr,True,False,,,102210fe594ee9b33d82058545b1ed14f4c8206e,custom.jsdebugger.stepOut.DAMP,damp,True,damp custom.jsdebugger.stepOut.DAMP opt e10s fission stylo webrender,4767202,77,ms,firefox,446478093.0,1841099998,2024-02-06 16:07:48,1372772,,,,,,,,,,,,,,,,,,,,,,,,,,,,,,,,,,,,,,,,,,,,,,,,,TN
2613,79b38383448166074627506218757a9881ca5679,0.8445367425677184,autoland,4768104,12,53390121d39b212135aaffcd577053a14c7f0dff,linux1804-64-shippable-qr,True,False,,,102210fe594ee9b33d82058545b1ed14f4c8206e,custom.jsdebugger.stepOut.DAMP,damp,True,damp custom.jsdebugger.stepOut.DAMP opt e10s fission stylo webrender,4767202,77,ms,firefox,446226585.0,1839963713,2024-02-06 17:15:13,1372809,,,,,,,,,,,,,,,,,,,,,,,,,,,,,,,,,,,,,,,,,,,,,,,,,TN
2614,3eeec53ca76ba462136f560918972845c66cb62d,0.8815552542781535,autoland,4768104,12,53390121d39b212135aaffcd577053a14c7f0dff,linux1804-64-shippable-qr,True,False,,,102210fe594ee9b33d82058545b1ed14f4c8206e,custom.jsdebugger.stepOut.DAMP,damp,True,damp custom.jsdebugger.stepOut.DAMP opt e10s fission stylo webrender,4767202,77,ms,firefox,446478187.0,1841101303,2024-02-06 17:22:41,1372814,,,,,,,,,,,,,,,,,,,,,,,,,,,,,,,,,,,,,,,,,,,,,,,,,TN
2615,8a4086f451421a27505589048bdf2e6969b4a22f,0.8519040996809619,autoland,4768104,12,53390121d39b212135aaffcd577053a14c7f0dff,linux1804-64-shippable-qr,True,False,,,102210fe594ee9b33d82058545b1ed14f4c8206e,custom.jsdebugger.stepOut.DAMP,damp,True,damp custom.jsdebugger.stepOut.DAMP opt e10s fission stylo webrender,4767202,77,ms,firefox,446478188.0,1841101968,2024-02-06 17:23:23,1372816,,,,,,,,,,,,,,,,,,,,,,,,,,,,,,,,,,,,,,,,,,,,,,,,,TN
2616,1f93ea2744765ca11b90874574cc12168d3828a5,0.8337911816482726,autoland,4768104,12,53390121d39b212135aaffcd577053a14c7f0dff,linux1804-64-shippable-qr,True,False,,,102210fe594ee9b33d82058545b1ed14f4c8206e,custom.jsdebugger.stepOut.DAMP,damp,True,damp custom.jsdebugger.stepOut.DAMP opt e10s fission stylo webrender,4767202,77,ms,firefox,446213909.0,1839934789,2024-02-06 17:24:04,1372818,,,,,,,,,,,,,,,,,,,,,,,,,,,,,,,,,,,,,,,,,,,,,,,,,TN
2617,d41d487b4a2d0cbfb45d8dac594f20ef7594e387,0.8637895596323819,autoland,4768104,12,53390121d39b212135aaffcd577053a14c7f0dff,linux1804-64-shippable-qr,True,False,,,102210fe594ee9b33d82058545b1ed14f4c8206e,custom.jsdebugger.stepOut.DAMP,damp,True,damp custom.jsdebugger.stepOut.DAMP opt e10s fission stylo webrender,4767202,77,ms,firefox,446526401.0,1841268268,2024-02-06 17:24:45,1372820,,,,,,,,,,,,,,,,,,,,,,,,,,,,,,,,,,,,,,,,,,,,,,,,,TN
2618,7be41842383ed82a77784b5fa665c551cb26e5d8,0.8354127186009515,autoland,4768104,12,53390121d39b212135aaffcd577053a14c7f0dff,linux1804-64-shippable-qr,True,False,,,102210fe594ee9b33d82058545b1ed14f4c8206e,custom.jsdebugger.stepOut.DAMP,damp,True,damp custom.jsdebugger.stepOut.DAMP opt e10s fission stylo webrender,4767202,77,ms,firefox,446526412.0,1841267912,2024-02-06 18:00:32,1372845,,,,,,,,,,,,,,,,,,,,,,,,,,,,,,,,,,,,,,,,,,,,,,,,,TN
2619,8cde56dd1f75bd509818eebf3a91eb9d63c35a5e,0.867142408635907,autoland,4768104,12,53390121d39b212135aaffcd577053a14c7f0dff,linux1804-64-shippable-qr,True,False,,,102210fe594ee9b33d82058545b1ed14f4c8206e,custom.jsdebugger.stepOut.DAMP,damp,True,damp custom.jsdebugger.stepOut.DAMP opt e10s fission stylo webrender,4767202,77,ms,firefox,446478080.0,1841099810,2024-02-06 18:29:13,1372876,,,,,,,,,,,,,,,,,,,,,,,,,,,,,,,,,,,,,,,,,,,,,,,,,TN
2620,e5a56fbdac9d732c07ba22639ed68df28948ca2d,0.8268852433939173,autoland,4768104,12,53390121d39b212135aaffcd577053a14c7f0dff,linux1804-64-shippable-qr,True,False,,,102210fe594ee9b33d82058545b1ed14f4c8206e,custom.jsdebugger.stepOut.DAMP,damp,True,damp custom.jsdebugger.stepOut.DAMP opt e10s fission stylo webrender,4767202,77,ms,firefox,446478086.0,1841099591,2024-02-06 18:52:01,1372899,,,,,,,,,,,,,,,,,,,,,,,,,,,,,,,,,,,,,,,,,,,,,,,,,TN
2621,f436bbd967a008d07b58049d2b751609e6605ab4,0.8636580820790156,autoland,4768104,12,53390121d39b212135aaffcd577053a14c7f0dff,linux1804-64-shippable-qr,True,False,,,102210fe594ee9b33d82058545b1ed14f4c8206e,custom.jsdebugger.stepOut.DAMP,damp,True,damp custom.jsdebugger.stepOut.DAMP opt e10s fission stylo webrender,4767202,77,ms,firefox,446478088.0,1841100147,2024-02-06 18:54:16,1372902,,,,,,,,,,,,,,,,,,,,,,,,,,,,,,,,,,,,,,,,,,,,,,,,,TN
2622,7b42121a4f48dfc82d82b04a831204e7b9fa7cdb,0.8340835999520686,autoland,4768104,12,53390121d39b212135aaffcd577053a14c7f0dff,linux1804-64-shippable-qr,True,False,,,102210fe594ee9b33d82058545b1ed14f4c8206e,custom.jsdebugger.stepOut.DAMP,damp,True,damp custom.jsdebugger.stepOut.DAMP opt e10s fission stylo webrender,4767202,77,ms,firefox,446478092.0,1841099686,2024-02-06 18:54:58,1372905,,,,,,,,,,,,,,,,,,,,,,,,,,,,,,,,,,,,,,,,,,,,,,,,,TN
2623,e3c76a18de2b4456900f94551dae44407d64eaa3,0.8723078910544995,autoland,4768104,12,53390121d39b212135aaffcd577053a14c7f0dff,linux1804-64-shippable-qr,True,False,,,102210fe594ee9b33d82058545b1ed14f4c8206e,custom.jsdebugger.stepOut.DAMP,damp,True,damp custom.jsdebugger.stepOut.DAMP opt e10s fission stylo webrender,4767202,77,ms,firefox,446478094.0,1841102362,2024-02-06 18:55:39,1372906,,,,,,,,,,,,,,,,,,,,,,,,,,,,,,,,,,,,,,,,,,,,,,,,,TN
2624,40bac1b10006b24580bad57de6cf5efb2415ad67,0.8438128445199107,autoland,4768104,12,53390121d39b212135aaffcd577053a14c7f0dff,linux1804-64-shippable-qr,True,False,,,102210fe594ee9b33d82058545b1ed14f4c8206e,custom.jsdebugger.stepOut.DAMP,damp,True,damp custom.jsdebugger.stepOut.DAMP opt e10s fission stylo webrender,4767202,77,ms,firefox,446491233.0,1841155210,2024-02-06 18:56:20,1372907,,,,,,,,,,,,,,,,,,,,,,,,,,,,,,,,,,,,,,,,,,,,,,,,,TN
2625,07c6057bdf293049577ea6eefb05521d4574e4da,0.8360084774760663,autoland,4768104,12,53390121d39b212135aaffcd577053a14c7f0dff,linux1804-64-shippable-qr,True,False,,,102210fe594ee9b33d82058545b1ed14f4c8206e,custom.jsdebugger.stepOut.DAMP,damp,True,damp custom.jsdebugger.stepOut.DAMP opt e10s fission stylo webrender,4767202,77,ms,firefox,446498458.0,1841175602,2024-02-06 18:57:03,1372908,,,,,,,,,,,,,,,,,,,,,,,,,,,,,,,,,,,,,,,,,,,,,,,,,TN
2626,beb7de3dedccc4c9e76ff909ef644650ecc215a6,0.852953367638454,autoland,4768104,12,53390121d39b212135aaffcd577053a14c7f0dff,linux1804-64-shippable-qr,True,False,,,102210fe594ee9b33d82058545b1ed14f4c8206e,custom.jsdebugger.stepOut.DAMP,damp,True,damp custom.jsdebugger.stepOut.DAMP opt e10s fission stylo webrender,4767202,77,ms,firefox,446480945.0,1841122357,2024-02-06 19:03:00,1372914,,,,,,,,,,,,,,,,,,,,,,,,,,,,,,,,,,,,,,,,,,,,,,,,,TN
2627,c77ece737455b3997085f8bde73fcebf26f080bc,0.8024999660597842,autoland,4768104,12,53390121d39b212135aaffcd577053a14c7f0dff,linux1804-64-shippable-qr,True,False,,,102210fe594ee9b33d82058545b1ed14f4c8206e,custom.jsdebugger.stepOut.DAMP,damp,True,damp custom.jsdebugger.stepOut.DAMP opt e10s fission stylo webrender,4767202,77,ms,firefox,446480993.0,1841122641,2024-02-06 20:22:18,1372981,,,,,,,,,,,,,,,,,,,,,,,,,,,,,,,,,,,,,,,,,,,,,,,,,TN
2628,1d87eb92ed10d04dccab53b631b14010ca09beb6,0.8625101192677898,autoland,4768104,12,53390121d39b212135aaffcd577053a14c7f0dff,linux1804-64-shippable-qr,True,False,,,102210fe594ee9b33d82058545b1ed14f4c8206e,custom.jsdebugger.stepOut.DAMP,damp,True,damp custom.jsdebugger.stepOut.DAMP opt e10s fission stylo webrender,4767202,77,ms,firefox,446278199.0,1840285325,2024-02-07 04:17:01,1373159,,,,,,,,,,,,,,,,,,,,,,,,,,,,,,,,,,,,,,,,,,,,,,,,,TN
2629,3e1c5563fa338b59c8f0475c7ed94e344e013e52,0.8386834573491966,autoland,4768104,12,53390121d39b212135aaffcd577053a14c7f0dff,linux1804-64-shippable-qr,True,False,,,102210fe594ee9b33d82058545b1ed14f4c8206e,custom.jsdebugger.stepOut.DAMP,damp,True,damp custom.jsdebugger.stepOut.DAMP opt e10s fission stylo webrender,4767202,77,ms,firefox,446539871.0,1841325322,2024-02-07 04:17:42,1373161,,,,,,,,,,,,,,,,,,,,,,,,,,,,,,,,,,,,,,,,,,,,,,,,,TN
2630,761dc4a1c63f17c652a6f10c4792886a534957b5,0.8501762402708599,autoland,4768104,12,53390121d39b212135aaffcd577053a14c7f0dff,linux1804-64-shippable-qr,True,False,,,102210fe594ee9b33d82058545b1ed14f4c8206e,custom.jsdebugger.stepOut.DAMP,damp,True,damp custom.jsdebugger.stepOut.DAMP opt e10s fission stylo webrender,4767202,77,ms,firefox,446539872.0,1841325409,2024-02-07 04:18:24,1373162,,,,,,,,,,,,,,,,,,,,,,,,,,,,,,,,,,,,,,,,,,,,,,,,,TN
2631,f4279fc500ec51defe1bc2266b88a05b320bb588,0.8425936976952713,autoland,4768104,12,53390121d39b212135aaffcd577053a14c7f0dff,linux1804-64-shippable-qr,True,False,,,102210fe594ee9b33d82058545b1ed14f4c8206e,custom.jsdebugger.stepOut.DAMP,damp,True,damp custom.jsdebugger.stepOut.DAMP opt e10s fission stylo webrender,4767202,77,ms,firefox,446540124.0,1841326092,2024-02-07 04:19:27,1373163,,,,,,,,,,,,,,,,,,,,,,,,,,,,,,,,,,,,,,,,,,,,,,,,,TN
2632,4eac99e8a87f8306bbed7d0c9001a42fbf8d4a60,0.842497613932158,autoland,4768104,12,53390121d39b212135aaffcd577053a14c7f0dff,linux1804-64-shippable-qr,True,False,,,102210fe594ee9b33d82058545b1ed14f4c8206e,custom.jsdebugger.stepOut.DAMP,damp,True,damp custom.jsdebugger.stepOut.DAMP opt e10s fission stylo webrender,4767202,77,ms,firefox,446540173.0,1841326753,2024-02-07 04:20:13,1373164,,,,,,,,,,,,,,,,,,,,,,,,,,,,,,,,,,,,,,,,,,,,,,,,,TN
2633,ed091ea970227a06d11e6a7e3dda2f6b2d75a559,0.861645840324416,autoland,4768104,12,53390121d39b212135aaffcd577053a14c7f0dff,linux1804-64-shippable-qr,True,False,,,102210fe594ee9b33d82058545b1ed14f4c8206e,custom.jsdebugger.stepOut.DAMP,damp,True,damp custom.jsdebugger.stepOut.DAMP opt e10s fission stylo webrender,4767202,77,ms,firefox,446538779.0,1841323195,2024-02-07 04:20:54,1373165,,,,,,,,,,,,,,,,,,,,,,,,,,,,,,,,,,,,,,,,,,,,,,,,,TN
2634,7dc2fcd1f6f3b9034829d2df16ff572a14ebf6d9,0.8880768902678429,autoland,4768104,12,53390121d39b212135aaffcd577053a14c7f0dff,linux1804-64-shippable-qr,True,False,,,102210fe594ee9b33d82058545b1ed14f4c8206e,custom.jsdebugger.stepOut.DAMP,damp,True,damp custom.jsdebugger.stepOut.DAMP opt e10s fission stylo webrender,4767202,77,ms,firefox,446540218.0,1841327111,2024-02-07 04:21:37,1373166,,,,,,,,,,,,,,,,,,,,,,,,,,,,,,,,,,,,,,,,,,,,,,,,,TN
2635,a7253f658c6d7a9023b45b28fe3aefbfd40d494e,0.8499882785082047,autoland,4768104,12,53390121d39b212135aaffcd577053a14c7f0dff,linux1804-64-shippable-qr,True,False,,,102210fe594ee9b33d82058545b1ed14f4c8206e,custom.jsdebugger.stepOut.DAMP,damp,True,damp custom.jsdebugger.stepOut.DAMP opt e10s fission stylo webrender,4767202,77,ms,firefox,446540175.0,1841326837,2024-02-07 04:22:17,1373167,,,,,,,,,,,,,,,,,,,,,,,,,,,,,,,,,,,,,,,,,,,,,,,,,TN
2636,fce00cd55ffb9127f24e7e1d2186178f72429fce,0.8386215194579203,autoland,4768104,12,53390121d39b212135aaffcd577053a14c7f0dff,linux1804-64-shippable-qr,True,False,,,102210fe594ee9b33d82058545b1ed14f4c8206e,custom.jsdebugger.stepOut.DAMP,damp,True,damp custom.jsdebugger.stepOut.DAMP opt e10s fission stylo webrender,4767202,77,ms,firefox,446281115.0,1840312650,2024-02-07 04:22:59,1373168,,,,,,,,,,,,,,,,,,,,,,,,,,,,,,,,,,,,,,,,,,,,,,,,,TN
2637,1c4672e11b7705a858f8ef91bf50aeea78233ab0,0.8434404312622317,autoland,4768104,12,53390121d39b212135aaffcd577053a14c7f0dff,linux1804-64-shippable-qr,True,False,,,102210fe594ee9b33d82058545b1ed14f4c8206e,custom.jsdebugger.stepOut.DAMP,damp,True,damp custom.jsdebugger.stepOut.DAMP opt e10s fission stylo webrender,4767202,77,ms,firefox,446539047.0,1841323666,2024-02-07 05:52:47,1373186,,,,,,,,,,,,,,,,,,,,,,,,,,,,,,,,,,,,,,,,,,,,,,,,,TN
2638,13bf4b3b547800873222ea4047f51e8ca382a132,0.8603133316293725,autoland,4768104,12,53390121d39b212135aaffcd577053a14c7f0dff,linux1804-64-shippable-qr,True,False,,,102210fe594ee9b33d82058545b1ed14f4c8206e,custom.jsdebugger.stepOut.DAMP,damp,True,damp custom.jsdebugger.stepOut.DAMP opt e10s fission stylo webrender,4767202,77,ms,firefox,446526398.0,1841268040,2024-02-07 05:53:30,1373187,,,,,,,,,,,,,,,,,,,,,,,,,,,,,,,,,,,,,,,,,,,,,,,,,TN
2639,2b97a8de678395e3f8d78e80a24d6ae6b3a7dd38,0.8645876939275372,autoland,4768104,12,53390121d39b212135aaffcd577053a14c7f0dff,linux1804-64-shippable-qr,True,False,,,102210fe594ee9b33d82058545b1ed14f4c8206e,custom.jsdebugger.stepOut.DAMP,damp,True,damp custom.jsdebugger.stepOut.DAMP opt e10s fission stylo webrender,4767202,77,ms,firefox,446526397.0,1841267752,2024-02-07 05:54:10,1373188,,,,,,,,,,,,,,,,,,,,,,,,,,,,,,,,,,,,,,,,,,,,,,,,,TN
2640,1a5a7790c117455791ba9784a689d3ff6a4dc773,0.8850067166630133,autoland,4768104,12,53390121d39b212135aaffcd577053a14c7f0dff,linux1804-64-shippable-qr,True,False,,,102210fe594ee9b33d82058545b1ed14f4c8206e,custom.jsdebugger.stepOut.DAMP,damp,True,damp custom.jsdebugger.stepOut.DAMP opt e10s fission stylo webrender,4767202,77,ms,firefox,446526407.0,1841268545,2024-02-07 05:55:21,1373189,,,,,,,,,,,,,,,,,,,,,,,,,,,,,,,,,,,,,,,,,,,,,,,,,TN
2641,67ca67aed44492f15a62c1ae307ab4e57cdf4d2a,0.8446269046793422,autoland,4768104,12,53390121d39b212135aaffcd577053a14c7f0dff,linux1804-64-shippable-qr,True,False,,,102210fe594ee9b33d82058545b1ed14f4c8206e,custom.jsdebugger.stepOut.DAMP,damp,True,damp custom.jsdebugger.stepOut.DAMP opt e10s fission stylo webrender,4767202,77,ms,firefox,446526409.0,1841268202,2024-02-07 05:56:09,1373190,,,,,,,,,,,,,,,,,,,,,,,,,,,,,,,,,,,,,,,,,,,,,,,,,TN
2642,33a6d6712188dbb4c5443ccf6ddd8c5050c30d63,0.8575062015588606,autoland,4768104,12,53390121d39b212135aaffcd577053a14c7f0dff,linux1804-64-shippable-qr,True,False,,,102210fe594ee9b33d82058545b1ed14f4c8206e,custom.jsdebugger.stepOut.DAMP,damp,True,damp custom.jsdebugger.stepOut.DAMP opt e10s fission stylo webrender,4767202,77,ms,firefox,446526417.0,1841268478,2024-02-07 06:31:09,1373200,,,,,,,,,,,,,,,,,,,,,,,,,,,,,,,,,,,,,,,,,,,,,,,,,TN
2643,5ff139138582468b66861fcbe67d8237b0c9a3db,0.8546275198554643,autoland,4768104,12,53390121d39b212135aaffcd577053a14c7f0dff,linux1804-64-shippable-qr,True,False,,,102210fe594ee9b33d82058545b1ed14f4c8206e,custom.jsdebugger.stepOut.DAMP,damp,True,damp custom.jsdebugger.stepOut.DAMP opt e10s fission stylo webrender,4767202,77,ms,firefox,446526433.0,1841268420,2024-02-07 06:56:57,1373206,,,,,,,,,,,,,,,,,,,,,,,,,,,,,,,,,,,,,,,,,,,,,,,,,TN
2644,8ce7d6d0e8197484226e4cf6678d7d974c9edccc,0.8638311930153231,autoland,4768104,12,53390121d39b212135aaffcd577053a14c7f0dff,linux1804-64-shippable-qr,True,False,,,102210fe594ee9b33d82058545b1ed14f4c8206e,custom.jsdebugger.stepOut.DAMP,damp,True,damp custom.jsdebugger.stepOut.DAMP opt e10s fission stylo webrender,4767202,77,ms,firefox,446526455.0,1841268140,2024-02-07 07:02:46,1373210,,,,,,,,,,,,,,,,,,,,,,,,,,,,,,,,,,,,,,,,,,,,,,,,,TN
2645,1b5bd54553438629166da984d889143494e7e325,0.8405298203320319,autoland,4768104,12,53390121d39b212135aaffcd577053a14c7f0dff,linux1804-64-shippable-qr,True,False,,,102210fe594ee9b33d82058545b1ed14f4c8206e,custom.jsdebugger.stepOut.DAMP,damp,True,damp custom.jsdebugger.stepOut.DAMP opt e10s fission stylo webrender,4767202,77,ms,firefox,446526634.0,1841269224,2024-02-07 07:10:41,1373212,,,,,,,,,,,,,,,,,,,,,,,,,,,,,,,,,,,,,,,,,,,,,,,,,TN
2646,df59ba0b3152fb8f6812b413bd2a6869bff469c1,0.8528308739058823,autoland,4768104,12,53390121d39b212135aaffcd577053a14c7f0dff,linux1804-64-shippable-qr,True,False,,,102210fe594ee9b33d82058545b1ed14f4c8206e,custom.jsdebugger.stepOut.DAMP,damp,True,damp custom.jsdebugger.stepOut.DAMP opt e10s fission stylo webrender,4767202,77,ms,firefox,446304455.0,1840444544,2024-02-07 08:54:39,1373246,,,,,,,,,,,,,,,,,,,,,,,,,,,,,,,,,,,,,,,,,,,,,,,,,TN
2647,ab5b008e36a4742d737a89c8cbfc1a69e2b76456,0.8645805968878864,autoland,4768104,12,53390121d39b212135aaffcd577053a14c7f0dff,linux1804-64-shippable-qr,True,False,,,102210fe594ee9b33d82058545b1ed14f4c8206e,custom.jsdebugger.stepOut.DAMP,damp,True,damp custom.jsdebugger.stepOut.DAMP opt e10s fission stylo webrender,4767202,77,ms,firefox,446304182.0,1840403763,2024-02-07 09:01:16,1373249,,,,,,,,,,,,,,,,,,,,,,,,,,,,,,,,,,,,,,,,,,,,,,,,,TN
2648,ec34bf3905e43d945effa45ba094092c7355d4b2,0.8372810741601913,autoland,4768104,12,53390121d39b212135aaffcd577053a14c7f0dff,linux1804-64-shippable-qr,True,False,,,102210fe594ee9b33d82058545b1ed14f4c8206e,custom.jsdebugger.stepOut.DAMP,damp,True,damp custom.jsdebugger.stepOut.DAMP opt e10s fission stylo webrender,4767202,77,ms,firefox,446359490.0,1840559420,2024-02-07 13:03:40,1373380,,,,,,,,,,,,,,,,,,,,,,,,,,,,,,,,,,,,,,,,,,,,,,,,,TN
2649,fdda8b6b095615f06fbef5c21ff9ad0a90927c83,0.8468079174753305,autoland,4768104,12,53390121d39b212135aaffcd577053a14c7f0dff,linux1804-64-shippable-qr,True,False,,,102210fe594ee9b33d82058545b1ed14f4c8206e,custom.jsdebugger.stepOut.DAMP,damp,True,damp custom.jsdebugger.stepOut.DAMP opt e10s fission stylo webrender,4767202,77,ms,firefox,446365346.0,1840607231,2024-02-07 14:05:10,1373437,,,,,,,,,,,,,,,,,,,,,,,,,,,,,,,,,,,,,,,,,,,,,,,,,TN
2650,fcafc196f2cef3d5c607edaa0f66c96cdf1708d6,0.8837761428394495,autoland,4768104,12,53390121d39b212135aaffcd577053a14c7f0dff,linux1804-64-shippable-qr,True,False,,,102210fe594ee9b33d82058545b1ed14f4c8206e,custom.jsdebugger.stepOut.DAMP,damp,True,damp custom.jsdebugger.stepOut.DAMP opt e10s fission stylo webrender,4767202,77,ms,firefox,446409806.0,1840772999,2024-02-07 17:25:01,1373622,,,,,,,,,,,,,,,,,,,,,,,,,,,,,,,,,,,,,,,,,,,,,,,,,TN
2651,0eee0e78f83c43165f612c4e7f3f7ff52d665b9c,0.8575762827144247,autoland,4768104,12,53390121d39b212135aaffcd577053a14c7f0dff,linux1804-64-shippable-qr,True,False,,,102210fe594ee9b33d82058545b1ed14f4c8206e,custom.jsdebugger.stepOut.DAMP,damp,True,damp custom.jsdebugger.stepOut.DAMP opt e10s fission stylo webrender,4767202,77,ms,firefox,446430692.0,1840852078,2024-02-07 21:31:39,1373826,,,,,,,,,,,,,,,,,,,,,,,,,,,,,,,,,,,,,,,,,,,,,,,,,TN
2652,1cb745ef034e9cd65d98c15632e13f5862e7390b,0.8444371674148512,autoland,4768104,12,53390121d39b212135aaffcd577053a14c7f0dff,linux1804-64-shippable-qr,True,False,,,102210fe594ee9b33d82058545b1ed14f4c8206e,custom.jsdebugger.stepOut.DAMP,damp,True,damp custom.jsdebugger.stepOut.DAMP opt e10s fission stylo webrender,4767202,77,ms,firefox,446431070.0,1840889982,2024-02-07 21:36:53,1373829,,,,,,,,,,,,,,,,,,,,,,,,,,,,,,,,,,,,,,,,,,,,,,,,,TN
2653,0cb1cb869761baae745081466c878e32a7d83888,0.868922057657346,autoland,4768104,12,53390121d39b212135aaffcd577053a14c7f0dff,linux1804-64-shippable-qr,True,False,,,102210fe594ee9b33d82058545b1ed14f4c8206e,custom.jsdebugger.stepOut.DAMP,damp,True,damp custom.jsdebugger.stepOut.DAMP opt e10s fission stylo webrender,4767202,77,ms,firefox,446455691.0,1840965193,2024-02-08 01:47:30,1373927,,,,,,,,,,,,,,,,,,,,,,,,,,,,,,,,,,,,,,,,,,,,,,,,,TN
2654,bbcb9c75a4919aa67c2fc1ec689eb69d653990dd,0.8883707293705465,autoland,4768104,12,53390121d39b212135aaffcd577053a14c7f0dff,linux1804-64-shippable-qr,True,False,,,102210fe594ee9b33d82058545b1ed14f4c8206e,custom.jsdebugger.stepOut.DAMP,damp,True,damp custom.jsdebugger.stepOut.DAMP opt e10s fission stylo webrender,4767202,77,ms,firefox,446457488.0,1840983180,2024-02-08 02:38:53,1373953,,,,,,,,,,,,,,,,,,,,,,,,,,,,,,,,,,,,,,,,,,,,,,,,,TN
2655,344524bd7c755d7d7fcfca1d69503577b07db2b7,0.8611714544398639,autoland,4768104,12,53390121d39b212135aaffcd577053a14c7f0dff,linux1804-64-shippable-qr,True,False,,,102210fe594ee9b33d82058545b1ed14f4c8206e,custom.jsdebugger.stepOut.DAMP,damp,True,damp custom.jsdebugger.stepOut.DAMP opt e10s fission stylo webrender,4767202,77,ms,firefox,446471256.0,1841072716,2024-02-08 07:03:19,1374007,,,,,,,,,,,,,,,,,,,,,,,,,,,,,,,,,,,,,,,,,,,,,,,,,TN
2656,286029e09b16d8910d7110864541cdb9d4b84681,0.8513749047389298,autoland,4768104,12,53390121d39b212135aaffcd577053a14c7f0dff,linux1804-64-shippable-qr,True,False,,,102210fe594ee9b33d82058545b1ed14f4c8206e,custom.jsdebugger.stepOut.DAMP,damp,True,damp custom.jsdebugger.stepOut.DAMP opt e10s fission stylo webrender,4767202,77,ms,firefox,446530512.0,1841298390,2024-02-08 14:56:42,1374192,,,,,,,,,,,,,,,,,,,,,,,,,,,,,,,,,,,,,,,,,,,,,,,,,TN
2657,590071462358f92ff5d36dc8f99a472a45101fdb,0.8195639052625274,autoland,4768104,12,53390121d39b212135aaffcd577053a14c7f0dff,linux1804-64-shippable-qr,True,False,,,102210fe594ee9b33d82058545b1ed14f4c8206e,custom.jsdebugger.stepOut.DAMP,damp,True,damp custom.jsdebugger.stepOut.DAMP opt e10s fission stylo webrender,4767202,77,ms,firefox,446534753.0,1841317802,2024-02-08 16:03:43,1374244,,,,,,,,,,,,,,,,,,,,,,,,,,,,,,,,,,,,,,,,,,,,,,,,,TN
2658,b17a56f7d0a828b62b52f572c8237345bf64786f,0.8662021527182544,autoland,4768104,12,53390121d39b212135aaffcd577053a14c7f0dff,linux1804-64-shippable-qr,True,False,,,102210fe594ee9b33d82058545b1ed14f4c8206e,custom.jsdebugger.stepOut.DAMP,damp,True,damp custom.jsdebugger.stepOut.DAMP opt e10s fission stylo webrender,4767202,77,ms,firefox,446616143.0,1841649696,2024-02-09 04:08:21,1374660,,,,,,,,,,,,,,,,,,,,,,,,,,,,,,,,,,,,,,,,,,,,,,,,,TN
2659,7b81e807e547afd0cca0453e9697e58369ae5e92,0.8414151688293019,autoland,4768104,12,53390121d39b212135aaffcd577053a14c7f0dff,linux1804-64-shippable-qr,True,False,,,102210fe594ee9b33d82058545b1ed14f4c8206e,custom.jsdebugger.stepOut.DAMP,damp,True,damp custom.jsdebugger.stepOut.DAMP opt e10s fission stylo webrender,4767202,77,ms,firefox,446638445.0,1841742411,2024-02-09 08:27:03,1374718,,,,,,,,,,,,,,,,,,,,,,,,,,,,,,,,,,,,,,,,,,,,,,,,,TN
2660,045e453bba33077fb8d5641ca3706f3785ce14f5,0.834756892718951,autoland,4768104,12,53390121d39b212135aaffcd577053a14c7f0dff,linux1804-64-shippable-qr,True,False,,,102210fe594ee9b33d82058545b1ed14f4c8206e,custom.jsdebugger.stepOut.DAMP,damp,True,damp custom.jsdebugger.stepOut.DAMP opt e10s fission stylo webrender,4767202,77,ms,firefox,446672008.0,1841907011,2024-02-09 11:56:29,1374806,,,,,,,,,,,,,,,,,,,,,,,,,,,,,,,,,,,,,,,,,,,,,,,,,TN
2661,4db18f6ce06e4e3f1d7197c4c3e9b52cced593fa,0.8292339859745668,autoland,4768104,12,53390121d39b212135aaffcd577053a14c7f0dff,linux1804-64-shippable-qr,True,False,,,102210fe594ee9b33d82058545b1ed14f4c8206e,custom.jsdebugger.stepOut.DAMP,damp,True,damp custom.jsdebugger.stepOut.DAMP opt e10s fission stylo webrender,4767202,77,ms,firefox,447111295.0,1843488611,2024-02-09 15:09:32,1374919,,,,,,,,,,,,,,,,,,,,,,,,,,,,,,,,,,,,,,,,,,,,,,,,,TN
2662,6b7c9fbc0ffaf2a78cc6f22c34dfab000f8aeaaf,0.8368153144129262,autoland,4768104,12,53390121d39b212135aaffcd577053a14c7f0dff,linux1804-64-shippable-qr,True,False,,,102210fe594ee9b33d82058545b1ed14f4c8206e,custom.jsdebugger.stepOut.DAMP,damp,True,damp custom.jsdebugger.stepOut.DAMP opt e10s fission stylo webrender,4767202,77,ms,firefox,447111297.0,1843488922,2024-02-09 15:16:23,1374925,,,,,,,,,,,,,,,,,,,,,,,,,,,,,,,,,,,,,,,,,,,,,,,,,TN
2663,cd42800e011bd3c11cc8c3191a48081d3b4d12a6,0.8402432650593623,autoland,4768104,12,53390121d39b212135aaffcd577053a14c7f0dff,linux1804-64-shippable-qr,True,False,,,102210fe594ee9b33d82058545b1ed14f4c8206e,custom.jsdebugger.stepOut.DAMP,damp,True,damp custom.jsdebugger.stepOut.DAMP opt e10s fission stylo webrender,4767202,77,ms,firefox,447111298.0,1843488981,2024-02-09 15:17:42,1374926,,,,,,,,,,,,,,,,,,,,,,,,,,,,,,,,,,,,,,,,,,,,,,,,,TN
2664,1f05e48d0a9431a49eb46675af889f78c7fcf4dd,0.8674490041284657,autoland,4768104,12,53390121d39b212135aaffcd577053a14c7f0dff,linux1804-64-shippable-qr,True,False,,,102210fe594ee9b33d82058545b1ed14f4c8206e,custom.jsdebugger.stepOut.DAMP,damp,True,damp custom.jsdebugger.stepOut.DAMP opt e10s fission stylo webrender,4767202,77,ms,firefox,447111305.0,1843489127,2024-02-09 15:52:28,1374946,,,,,,,,,,,,,,,,,,,,,,,,,,,,,,,,,,,,,,,,,,,,,,,,,TN
2665,ce96cef0d2cd4dce98d4220e107102eebd4e21a9,0.8591685144471854,autoland,4768104,12,53390121d39b212135aaffcd577053a14c7f0dff,linux1804-64-shippable-qr,True,False,,,102210fe594ee9b33d82058545b1ed14f4c8206e,custom.jsdebugger.stepOut.DAMP,damp,True,damp custom.jsdebugger.stepOut.DAMP opt e10s fission stylo webrender,4767202,77,ms,firefox,447111306.0,1843488294,2024-02-09 15:54:07,1374950,,,,,,,,,,,,,,,,,,,,,,,,,,,,,,,,,,,,,,,,,,,,,,,,,TN
2666,193e6982f5a17f0fa7cced978df3079f87e4ad99,0.8451911158567891,autoland,4768104,12,53390121d39b212135aaffcd577053a14c7f0dff,linux1804-64-shippable-qr,True,False,,,102210fe594ee9b33d82058545b1ed14f4c8206e,custom.jsdebugger.stepOut.DAMP,damp,True,damp custom.jsdebugger.stepOut.DAMP opt e10s fission stylo webrender,4767202,77,ms,firefox,446723146.0,1842035867,2024-02-09 16:09:01,1374959,,,,,,,,,,,,,,,,,,,,,,,,,,,,,,,,,,,,,,,,,,,,,,,,,TN
2667,5707fb45181e2d40a3be94ac0b465a191a809014,0.8866785797046919,autoland,4768104,12,53390121d39b212135aaffcd577053a14c7f0dff,linux1804-64-shippable-qr,True,False,,,102210fe594ee9b33d82058545b1ed14f4c8206e,custom.jsdebugger.stepOut.DAMP,damp,True,damp custom.jsdebugger.stepOut.DAMP opt e10s fission stylo webrender,4767202,77,ms,firefox,447111310.0,1843489038,2024-02-09 16:20:50,1374965,,,,,,,,,,,,,,,,,,,,,,,,,,,,,,,,,,,,,,,,,,,,,,,,,TN
2668,85a703617705ce98b8d8dfd26cdaebc74457c44c,0.8565998302051743,autoland,4768104,12,53390121d39b212135aaffcd577053a14c7f0dff,linux1804-64-shippable-qr,True,False,,,102210fe594ee9b33d82058545b1ed14f4c8206e,custom.jsdebugger.stepOut.DAMP,damp,True,damp custom.jsdebugger.stepOut.DAMP opt e10s fission stylo webrender,4767202,77,ms,firefox,447111309.0,1843488802,2024-02-09 16:23:01,1374968,,,,,,,,,,,,,,,,,,,,,,,,,,,,,,,,,,,,,,,,,,,,,,,,,TN
2669,9793d58574ba0c44dd7cea68fdbac2405ccaa693,0.8332580998773655,autoland,4768104,12,53390121d39b212135aaffcd577053a14c7f0dff,linux1804-64-shippable-qr,True,False,,,102210fe594ee9b33d82058545b1ed14f4c8206e,custom.jsdebugger.stepOut.DAMP,damp,True,damp custom.jsdebugger.stepOut.DAMP opt e10s fission stylo webrender,4767202,77,ms,firefox,447111316.0,1843487957,2024-02-09 16:26:36,1374971,,,,,,,,,,,,,,,,,,,,,,,,,,,,,,,,,,,,,,,,,,,,,,,,,TN
2670,39d76f98160905dab2a294ece0e03ee8ba5ba4cc,0.8715764727079738,autoland,4768104,12,53390121d39b212135aaffcd577053a14c7f0dff,linux1804-64-shippable-qr,True,False,,,102210fe594ee9b33d82058545b1ed14f4c8206e,custom.jsdebugger.stepOut.DAMP,damp,True,damp custom.jsdebugger.stepOut.DAMP opt e10s fission stylo webrender,4767202,77,ms,firefox,446732529.0,1842085216,2024-02-09 17:06:42,1375009,,,,,,,,,,,,,,,,,,,,,,,,,,,,,,,,,,,,,,,,,,,,,,,,,TN
2671,29b472f03f87124654c8afc00ce7c0c8e1ee5201,0.84538976540548,autoland,4768104,12,53390121d39b212135aaffcd577053a14c7f0dff,linux1804-64-shippable-qr,True,False,,,102210fe594ee9b33d82058545b1ed14f4c8206e,custom.jsdebugger.stepOut.DAMP,damp,True,damp custom.jsdebugger.stepOut.DAMP opt e10s fission stylo webrender,4767202,77,ms,firefox,447124306.0,1843530101,2024-02-09 20:14:35,1375176,,,,,,,,,,,,,,,,,,,,,,,,,,,,,,,,,,,,,,,,,,,,,,,,,TN
2672,3181377ca26583e98567ae9024ac238eb33e2166,0.8564518455514782,autoland,4768104,12,53390121d39b212135aaffcd577053a14c7f0dff,linux1804-64-shippable-qr,True,False,,,102210fe594ee9b33d82058545b1ed14f4c8206e,custom.jsdebugger.stepOut.DAMP,damp,True,damp custom.jsdebugger.stepOut.DAMP opt e10s fission stylo webrender,4767202,77,ms,firefox,447124166.0,1843529747,2024-02-09 20:16:03,1375179,,,,,,,,,,,,,,,,,,,,,,,,,,,,,,,,,,,,,,,,,,,,,,,,,TN
2673,0a07b15df232a43ba780337f8b49486d5afa4c32,0.8411781318768261,autoland,4768104,12,53390121d39b212135aaffcd577053a14c7f0dff,linux1804-64-shippable-qr,True,False,,,102210fe594ee9b33d82058545b1ed14f4c8206e,custom.jsdebugger.stepOut.DAMP,damp,True,damp custom.jsdebugger.stepOut.DAMP opt e10s fission stylo webrender,4767202,77,ms,firefox,447125899.0,1843536353,2024-02-09 20:25:22,1375190,,,,,,,,,,,,,,,,,,,,,,,,,,,,,,,,,,,,,,,,,,,,,,,,,TN
2674,496c531edf871bd6b2c092635d8ed0aaedf1b94f,0.8240303456660345,autoland,4768104,12,53390121d39b212135aaffcd577053a14c7f0dff,linux1804-64-shippable-qr,True,False,,,102210fe594ee9b33d82058545b1ed14f4c8206e,custom.jsdebugger.stepOut.DAMP,damp,True,damp custom.jsdebugger.stepOut.DAMP opt e10s fission stylo webrender,4767202,77,ms,firefox,447125358.0,1843535244,2024-02-09 20:33:58,1375199,,,,,,,,,,,,,,,,,,,,,,,,,,,,,,,,,,,,,,,,,,,,,,,,,TN
2675,f09e24073a08716de01049dce57fb6e2a69587bb,0.8705546758481038,autoland,4768104,12,53390121d39b212135aaffcd577053a14c7f0dff,linux1804-64-shippable-qr,True,False,,,102210fe594ee9b33d82058545b1ed14f4c8206e,custom.jsdebugger.stepOut.DAMP,damp,True,damp custom.jsdebugger.stepOut.DAMP opt e10s fission stylo webrender,4767202,77,ms,firefox,447124872.0,1843533001,2024-02-09 20:45:08,1375209,,,,,,,,,,,,,,,,,,,,,,,,,,,,,,,,,,,,,,,,,,,,,,,,,TN
2676,3fe6bd949054cc4a09d7e282c149f0d97e4b7003,0.8729612101703255,autoland,4768104,12,53390121d39b212135aaffcd577053a14c7f0dff,linux1804-64-shippable-qr,True,False,,,102210fe594ee9b33d82058545b1ed14f4c8206e,custom.jsdebugger.stepOut.DAMP,damp,True,damp custom.jsdebugger.stepOut.DAMP opt e10s fission stylo webrender,4767202,77,ms,firefox,447125301.0,1843535131,2024-02-09 21:32:42,1375233,,,,,,,,,,,,,,,,,,,,,,,,,,,,,,,,,,,,,,,,,,,,,,,,,TN
2677,0fb5f3212fd93e901bed6bb19bd8b63339869991,0.8499763547264292,autoland,4768104,12,53390121d39b212135aaffcd577053a14c7f0dff,linux1804-64-shippable-qr,True,False,,,102210fe594ee9b33d82058545b1ed14f4c8206e,custom.jsdebugger.stepOut.DAMP,damp,True,damp custom.jsdebugger.stepOut.DAMP opt e10s fission stylo webrender,4767202,77,ms,firefox,446760492.0,1842201747,2024-02-09 21:47:15,1375247,,,,,,,,,,,,,,,,,,,,,,,,,,,,,,,,,,,,,,,,,,,,,,,,,TN
2678,9b5ebc2d3b4b4889b4cde0ffa5f73717a5d47e11,0.8567703419736963,autoland,4768104,12,53390121d39b212135aaffcd577053a14c7f0dff,linux1804-64-shippable-qr,True,False,,,102210fe594ee9b33d82058545b1ed14f4c8206e,custom.jsdebugger.stepOut.DAMP,damp,True,damp custom.jsdebugger.stepOut.DAMP opt e10s fission stylo webrender,4767202,77,ms,firefox,447111311.0,1843487604,2024-02-09 23:43:37,1375312,,,,,,,,,,,,,,,,,,,,,,,,,,,,,,,,,,,,,,,,,,,,,,,,,TN
2679,0f5860b7e16072e1dd03e8477f499a6b6122911a,0.8696366072457233,autoland,4768104,12,53390121d39b212135aaffcd577053a14c7f0dff,linux1804-64-shippable-qr,True,False,,,102210fe594ee9b33d82058545b1ed14f4c8206e,custom.jsdebugger.stepOut.DAMP,damp,True,damp custom.jsdebugger.stepOut.DAMP opt e10s fission stylo webrender,4767202,77,ms,firefox,447111312.0,1843488550,2024-02-09 23:52:15,1375314,,,,,,,,,,,,,,,,,,,,,,,,,,,,,,,,,,,,,,,,,,,,,,,,,TN
2680,f0f4df04e3c55cdcc61c1743f02b3e92a8dbcf51,0.8787070402665436,autoland,4768104,12,53390121d39b212135aaffcd577053a14c7f0dff,linux1804-64-shippable-qr,True,False,,,102210fe594ee9b33d82058545b1ed14f4c8206e,custom.jsdebugger.stepOut.DAMP,damp,True,damp custom.jsdebugger.stepOut.DAMP opt e10s fission stylo webrender,4767202,77,ms,firefox,447111315.0,1843488863,2024-02-10 00:22:23,1375323,,,,,,,,,,,,,,,,,,,,,,,,,,,,,,,,,,,,,,,,,,,,,,,,,TN
2681,109f32d3c3a4dbce14071acf081c3cb70263c00b,0.874378578316817,autoland,4768104,12,53390121d39b212135aaffcd577053a14c7f0dff,linux1804-64-shippable-qr,True,False,,,102210fe594ee9b33d82058545b1ed14f4c8206e,custom.jsdebugger.stepOut.DAMP,damp,True,damp custom.jsdebugger.stepOut.DAMP opt e10s fission stylo webrender,4767202,77,ms,firefox,447111313.0,1843489871,2024-02-10 00:27:26,1375328,,,,,,,,,,,,,,,,,,,,,,,,,,,,,,,,,,,,,,,,,,,,,,,,,TN
2682,23d502ed06280881577c5f9df617026ee30500f1,0.8828831697190365,autoland,4768104,12,53390121d39b212135aaffcd577053a14c7f0dff,linux1804-64-shippable-qr,True,False,,,102210fe594ee9b33d82058545b1ed14f4c8206e,custom.jsdebugger.stepOut.DAMP,damp,True,damp custom.jsdebugger.stepOut.DAMP opt e10s fission stylo webrender,4767202,77,ms,firefox,447111338.0,1843489421,2024-02-10 00:50:02,1375334,,,,,,,,,,,,,,,,,,,,,,,,,,,,,,,,,,,,,,,,,,,,,,,,,TN
2683,88c50740c90849f41b36a3ebdea5c1182d010b62,0.8377773572389833,autoland,4768104,12,53390121d39b212135aaffcd577053a14c7f0dff,linux1804-64-shippable-qr,True,False,,,102210fe594ee9b33d82058545b1ed14f4c8206e,custom.jsdebugger.stepOut.DAMP,damp,True,damp custom.jsdebugger.stepOut.DAMP opt e10s fission stylo webrender,4767202,77,ms,firefox,447111340.0,1843488350,2024-02-10 01:09:33,1375337,,,,,,,,,,,,,,,,,,,,,,,,,,,,,,,,,,,,,,,,,,,,,,,,,TN
2684,7c830bff08572b8bac6f52a3bfdbdc802fb53358,0.8439950088267352,autoland,4768104,12,53390121d39b212135aaffcd577053a14c7f0dff,linux1804-64-shippable-qr,True,False,,,102210fe594ee9b33d82058545b1ed14f4c8206e,custom.jsdebugger.stepOut.DAMP,damp,True,damp custom.jsdebugger.stepOut.DAMP opt e10s fission stylo webrender,4767202,77,ms,firefox,447111341.0,1843489317,2024-02-10 01:20:58,1375338,,,,,,,,,,,,,,,,,,,,,,,,,,,,,,,,,,,,,,,,,,,,,,,,,TN
2685,50aa70b870995f58a2e4d7814c349cb9c7b87eb3,0.8595990582523199,autoland,4768104,12,53390121d39b212135aaffcd577053a14c7f0dff,linux1804-64-shippable-qr,True,False,,,102210fe594ee9b33d82058545b1ed14f4c8206e,custom.jsdebugger.stepOut.DAMP,damp,True,damp custom.jsdebugger.stepOut.DAMP opt e10s fission stylo webrender,4767202,77,ms,firefox,447111342.0,1843489273,2024-02-10 01:23:14,1375340,,,,,,,,,,,,,,,,,,,,,,,,,,,,,,,,,,,,,,,,,,,,,,,,,TN
2686,cae2ddb5865afe0bbfa2c2347127ab509e7fd4ac,0.8506253130825296,autoland,4768104,12,53390121d39b212135aaffcd577053a14c7f0dff,linux1804-64-shippable-qr,True,False,,,102210fe594ee9b33d82058545b1ed14f4c8206e,custom.jsdebugger.stepOut.DAMP,damp,True,damp custom.jsdebugger.stepOut.DAMP opt e10s fission stylo webrender,4767202,77,ms,firefox,447111345.0,1843488234,2024-02-10 01:25:19,1375341,,,,,,,,,,,,,,,,,,,,,,,,,,,,,,,,,,,,,,,,,,,,,,,,,TN
2687,20876ae07c4b760464125773aa45200a98f34159,0.8797638762138933,autoland,4768104,12,53390121d39b212135aaffcd577053a14c7f0dff,linux1804-64-shippable-qr,True,False,,,102210fe594ee9b33d82058545b1ed14f4c8206e,custom.jsdebugger.stepOut.DAMP,damp,True,damp custom.jsdebugger.stepOut.DAMP opt e10s fission stylo webrender,4767202,77,ms,firefox,446786746.0,1842290546,2024-02-10 07:03:30,1375365,,,,,,,,,,,,,,,,,,,,,,,,,,,,,,,,,,,,,,,,,,,,,,,,,TN
2688,a4ac5f36f609ad4a87fb047393aab7e4445270b4,0.8735287537670282,autoland,4768104,12,53390121d39b212135aaffcd577053a14c7f0dff,linux1804-64-shippable-qr,True,False,,,102210fe594ee9b33d82058545b1ed14f4c8206e,custom.jsdebugger.stepOut.DAMP,damp,True,damp custom.jsdebugger.stepOut.DAMP opt e10s fission stylo webrender,4767202,77,ms,firefox,447111380.0,1843489564,2024-02-10 07:32:54,1375368,,,,,,,,,,,,,,,,,,,,,,,,,,,,,,,,,,,,,,,,,,,,,,,,,TN
2689,26caafd648a73178252634fdf71f0320fd1c9d2f,0.8550941708312547,autoland,4768104,12,53390121d39b212135aaffcd577053a14c7f0dff,linux1804-64-shippable-qr,True,False,,,102210fe594ee9b33d82058545b1ed14f4c8206e,custom.jsdebugger.stepOut.DAMP,damp,True,damp custom.jsdebugger.stepOut.DAMP opt e10s fission stylo webrender,4767202,77,ms,firefox,447111410.0,1843489809,2024-02-10 08:35:53,1375370,,,,,,,,,,,,,,,,,,,,,,,,,,,,,,,,,,,,,,,,,,,,,,,,,TN
2690,b09350ff8440d3ef5d3ac2b811bfe9a5d243196a,0.8809626479870176,autoland,4768104,12,53390121d39b212135aaffcd577053a14c7f0dff,linux1804-64-shippable-qr,True,False,,,102210fe594ee9b33d82058545b1ed14f4c8206e,custom.jsdebugger.stepOut.DAMP,damp,True,damp custom.jsdebugger.stepOut.DAMP opt e10s fission stylo webrender,4767202,77,ms,firefox,446814500.0,1842381345,2024-02-10 13:47:16,1375389,,,,,,,,,,,,,,,,,,,,,,,,,,,,,,,,,,,,,,,,,,,,,,,,,TN
2691,f6690a5e6ceef6b384dc31d4485e790a4935508a,0.8684193660800035,autoland,4768104,12,53390121d39b212135aaffcd577053a14c7f0dff,linux1804-64-shippable-qr,True,False,,,102210fe594ee9b33d82058545b1ed14f4c8206e,custom.jsdebugger.stepOut.DAMP,damp,True,damp custom.jsdebugger.stepOut.DAMP opt e10s fission stylo webrender,4767202,77,ms,firefox,446820271.0,1842409894,2024-02-10 17:58:32,1375417,,,,,,,,,,,,,,,,,,,,,,,,,,,,,,,,,,,,,,,,,,,,,,,,,TN
2692,f92c77fccb76549171ecc809818a26b1eb883b43,0.8525803155179754,autoland,4768104,12,53390121d39b212135aaffcd577053a14c7f0dff,linux1804-64-shippable-qr,True,False,,,102210fe594ee9b33d82058545b1ed14f4c8206e,custom.jsdebugger.stepOut.DAMP,damp,True,damp custom.jsdebugger.stepOut.DAMP opt e10s fission stylo webrender,4767202,77,ms,firefox,446839825.0,1842473539,2024-02-11 02:31:23,1375439,,,,,,,,,,,,,,,,,,,,,,,,,,,,,,,,,,,,,,,,,,,,,,,,,TN
2693,13676fc9b0cd8461cb9863d3a2d1b9a696a9c0f5,0.8310854380009418,autoland,4768104,12,53390121d39b212135aaffcd577053a14c7f0dff,linux1804-64-shippable-qr,True,False,,,102210fe594ee9b33d82058545b1ed14f4c8206e,custom.jsdebugger.stepOut.DAMP,damp,True,damp custom.jsdebugger.stepOut.DAMP opt e10s fission stylo webrender,4767202,77,ms,firefox,446873031.0,1842612788,2024-02-11 15:25:51,1375518,,,,,,,,,,,,,,,,,,,,,,,,,,,,,,,,,,,,,,,,,,,,,,,,,TN
2694,cab51450b6bd71ade4db0f49831f7e402b375b45,0.8294874664391725,autoland,4768104,12,53390121d39b212135aaffcd577053a14c7f0dff,linux1804-64-shippable-qr,True,False,,,102210fe594ee9b33d82058545b1ed14f4c8206e,custom.jsdebugger.stepOut.DAMP,damp,True,damp custom.jsdebugger.stepOut.DAMP opt e10s fission stylo webrender,4767202,77,ms,firefox,446944393.0,1842931002,2024-02-12 15:53:07,1375888,,,,,,,,,,,,,,,,,,,,,,,,,,,,,,,,,,,,,,,,,,,,,,,,,TN
2695,37ec3180a6cbce3bb2544f9a16b4ded4657c6eb6,0.8619827663965565,autoland,4768104,12,53390121d39b212135aaffcd577053a14c7f0dff,linux1804-64-shippable-qr,True,False,,,102210fe594ee9b33d82058545b1ed14f4c8206e,custom.jsdebugger.stepOut.DAMP,damp,True,damp custom.jsdebugger.stepOut.DAMP opt e10s fission stylo webrender,4767202,77,ms,firefox,446973645.0,1843003719,2024-02-12 20:04:04,1376093,,,,,,,,,,,,,,,,,,,,,,,,,,,,,,,,,,,,,,,,,,,,,,,,,TN
2696,995a3050d70cb954214be8710caa54a1794745ec,0.874397386515303,autoland,4768104,12,53390121d39b212135aaffcd577053a14c7f0dff,linux1804-64-shippable-qr,True,False,,,102210fe594ee9b33d82058545b1ed14f4c8206e,custom.jsdebugger.stepOut.DAMP,damp,True,damp custom.jsdebugger.stepOut.DAMP opt e10s fission stylo webrender,4767202,77,ms,firefox,446977624.0,1843032795,2024-02-12 20:15:07,1376103,,,,,,,,,,,,,,,,,,,,,,,,,,,,,,,,,,,,,,,,,,,,,,,,,TN
2697,b316bafe790ef37c5585cadd21f6a2c8ebd749b9,0.8728699859370443,autoland,4768104,12,53390121d39b212135aaffcd577053a14c7f0dff,linux1804-64-shippable-qr,True,False,,,102210fe594ee9b33d82058545b1ed14f4c8206e,custom.jsdebugger.stepOut.DAMP,damp,True,damp custom.jsdebugger.stepOut.DAMP opt e10s fission stylo webrender,4767202,77,ms,firefox,447022764.0,1843127686,2024-02-13 00:22:17,1376256,,,,,,,,,,,,,,,,,,,,,,,,,,,,,,,,,,,,,,,,,,,,,,,,,TN
2698,52fc8e3041c5f42dfa50438336b110a9a5e77f2b,0.8503303264113902,autoland,4768104,12,53390121d39b212135aaffcd577053a14c7f0dff,linux1804-64-shippable-qr,True,False,,,102210fe594ee9b33d82058545b1ed14f4c8206e,custom.jsdebugger.stepOut.DAMP,damp,True,damp custom.jsdebugger.stepOut.DAMP opt e10s fission stylo webrender,4767202,77,ms,firefox,447033084.0,1843176186,2024-02-13 02:51:29,1376298,,,,,,,,,,,,,,,,,,,,,,,,,,,,,,,,,,,,,,,,,,,,,,,,,TN
2699,5f6ad5b21119b4bbef2bc6c9153e0f7329c20ebe,0.862509932477421,autoland,4768104,12,53390121d39b212135aaffcd577053a14c7f0dff,linux1804-64-shippable-qr,True,False,,,102210fe594ee9b33d82058545b1ed14f4c8206e,custom.jsdebugger.stepOut.DAMP,damp,True,damp custom.jsdebugger.stepOut.DAMP opt e10s fission stylo webrender,4767202,77,ms,firefox,447058287.0,1843301796,2024-02-13 06:57:28,1376370,,,,,,,,,,,,,,,,,,,,,,,,,,,,,,,,,,,,,,,,,,,,,,,,,TN
2700,c5320acccd4a760b0ae41149fcdd8fe44b658ee7,0.8578240422277978,autoland,4768104,12,53390121d39b212135aaffcd577053a14c7f0dff,linux1804-64-shippable-qr,True,False,,,102210fe594ee9b33d82058545b1ed14f4c8206e,custom.jsdebugger.stepOut.DAMP,damp,True,damp custom.jsdebugger.stepOut.DAMP opt e10s fission stylo webrender,4767202,77,ms,firefox,447083028.0,1843377106,2024-02-13 09:49:45,1376447,,,,,,,,,,,,,,,,,,,,,,,,,,,,,,,,,,,,,,,,,,,,,,,,,TN
2701,dd3f232471cc01bd23fc31424ad237182c8a44c8,0.9147345407497758,autoland,4768104,12,53390121d39b212135aaffcd577053a14c7f0dff,linux1804-64-shippable-qr,True,False,,,102210fe594ee9b33d82058545b1ed14f4c8206e,custom.jsdebugger.stepOut.DAMP,damp,True,damp custom.jsdebugger.stepOut.DAMP opt e10s fission stylo webrender,4767202,77,ms,firefox,447469416.0,1844676570,2024-02-13 12:47:27,1376533,,,,,,,,,,,,,,,,,,,,,,,,,,,,,,,,,,,,,,,,,,,,,,,,,TN
2702,41730b4bc53afc29afd202cb52f290f3705f69e3,0.880632555659677,autoland,4768104,12,53390121d39b212135aaffcd577053a14c7f0dff,linux1804-64-shippable-qr,True,False,,,102210fe594ee9b33d82058545b1ed14f4c8206e,custom.jsdebugger.stepOut.DAMP,damp,True,damp custom.jsdebugger.stepOut.DAMP opt e10s fission stylo webrender,4767202,77,ms,firefox,447469417.0,1844676037,2024-02-13 12:50:51,1376534,,,,,,,,,,,,,,,,,,,,,,,,,,,,,,,,,,,,,,,,,,,,,,,,,TN
2703,e3785f5ee86b15af681720ba0c1421fcd986b133,0.8271001586064493,autoland,4768104,12,53390121d39b212135aaffcd577053a14c7f0dff,linux1804-64-shippable-qr,True,False,,,102210fe594ee9b33d82058545b1ed14f4c8206e,custom.jsdebugger.stepOut.DAMP,damp,True,damp custom.jsdebugger.stepOut.DAMP opt e10s fission stylo webrender,4767202,77,ms,firefox,447469414.0,1844675402,2024-02-13 12:51:34,1376535,,,,,,,,,,,,,,,,,,,,,,,,,,,,,,,,,,,,,,,,,,,,,,,,,TN
2704,478cf82e702a9c4166a6acec901d92457814dba5,0.8599648116392706,autoland,4768104,12,53390121d39b212135aaffcd577053a14c7f0dff,linux1804-64-shippable-qr,True,False,,,102210fe594ee9b33d82058545b1ed14f4c8206e,custom.jsdebugger.stepOut.DAMP,damp,True,damp custom.jsdebugger.stepOut.DAMP opt e10s fission stylo webrender,4767202,77,ms,firefox,447469419.0,1844675920,2024-02-13 12:52:16,1376536,,,,,,,,,,,,,,,,,,,,,,,,,,,,,,,,,,,,,,,,,,,,,,,,,TN
2705,99ce75dc42c534d659e372ec56b098770129dfb3,0.8561640801157819,autoland,4768104,12,53390121d39b212135aaffcd577053a14c7f0dff,linux1804-64-shippable-qr,True,False,,,102210fe594ee9b33d82058545b1ed14f4c8206e,custom.jsdebugger.stepOut.DAMP,damp,True,damp custom.jsdebugger.stepOut.DAMP opt e10s fission stylo webrender,4767202,77,ms,firefox,447469418.0,1844675859,2024-02-13 12:53:36,1376538,,,,,,,,,,,,,,,,,,,,,,,,,,,,,,,,,,,,,,,,,,,,,,,,,TN
2706,c9ae3d72451c423298c1abec1738ad61d98eb6e5,0.8683139785677938,autoland,4768104,12,53390121d39b212135aaffcd577053a14c7f0dff,linux1804-64-shippable-qr,True,False,,,102210fe594ee9b33d82058545b1ed14f4c8206e,custom.jsdebugger.stepOut.DAMP,damp,True,damp custom.jsdebugger.stepOut.DAMP opt e10s fission stylo webrender,4767202,77,ms,firefox,447469420.0,1844675542,2024-02-13 12:54:19,1376539,,,,,,,,,,,,,,,,,,,,,,,,,,,,,,,,,,,,,,,,,,,,,,,,,TN
2707,0b0f24bc9a21372655059735cb72d8f00340c1ba,0.8446771125341521,autoland,4768104,12,53390121d39b212135aaffcd577053a14c7f0dff,linux1804-64-shippable-qr,True,False,,,102210fe594ee9b33d82058545b1ed14f4c8206e,custom.jsdebugger.stepOut.DAMP,damp,True,damp custom.jsdebugger.stepOut.DAMP opt e10s fission stylo webrender,4767202,77,ms,firefox,447469424.0,1844675802,2024-02-13 12:54:59,1376540,,,,,,,,,,,,,,,,,,,,,,,,,,,,,,,,,,,,,,,,,,,,,,,,,TN
2708,d21099cb54192b555075537aab79a8ed9bd5643a,0.8666132951663572,autoland,4768104,12,53390121d39b212135aaffcd577053a14c7f0dff,linux1804-64-shippable-qr,True,False,,,102210fe594ee9b33d82058545b1ed14f4c8206e,custom.jsdebugger.stepOut.DAMP,damp,True,damp custom.jsdebugger.stepOut.DAMP opt e10s fission stylo webrender,4767202,77,ms,firefox,447469423.0,1844676104,2024-02-13 12:55:40,1376541,,,,,,,,,,,,,,,,,,,,,,,,,,,,,,,,,,,,,,,,,,,,,,,,,TN
2709,eeb5df11b720bcd86388cdb010a5b5d8edc3bdf3,0.859397321695079,autoland,4768104,12,53390121d39b212135aaffcd577053a14c7f0dff,linux1804-64-shippable-qr,True,False,,,102210fe594ee9b33d82058545b1ed14f4c8206e,custom.jsdebugger.stepOut.DAMP,damp,True,damp custom.jsdebugger.stepOut.DAMP opt e10s fission stylo webrender,4767202,77,ms,firefox,447469422.0,1844675655,2024-02-13 12:56:21,1376542,,,,,,,,,,,,,,,,,,,,,,,,,,,,,,,,,,,,,,,,,,,,,,,,,TN
2710,0d474eb34652f4c47a16b6d83012c0f2e026dc00,0.8632281423617327,autoland,4768104,12,53390121d39b212135aaffcd577053a14c7f0dff,linux1804-64-shippable-qr,True,False,,,102210fe594ee9b33d82058545b1ed14f4c8206e,custom.jsdebugger.stepOut.DAMP,damp,True,damp custom.jsdebugger.stepOut.DAMP opt e10s fission stylo webrender,4767202,77,ms,firefox,447112141.0,1843499985,2024-02-13 13:45:34,1376559,,,,,,,,,,,,,,,,,,,,,,,,,,,,,,,,,,,,,,,,,,,,,,,,,TN
2711,32f7037461f260c69b8fb9893c3345c672210144,0.8578851445301878,autoland,4768104,12,53390121d39b212135aaffcd577053a14c7f0dff,linux1804-64-shippable-qr,True,False,,,102210fe594ee9b33d82058545b1ed14f4c8206e,custom.jsdebugger.stepOut.DAMP,damp,True,damp custom.jsdebugger.stepOut.DAMP opt e10s fission stylo webrender,4767202,77,ms,firefox,447512118.0,1844797285,2024-02-13 14:34:03,1376600,,,,,,,,,,,,,,,,,,,,,,,,,,,,,,,,,,,,,,,,,,,,,,,,,TN
2712,45560cf8905efd1039d67be03537f2da562f5c8a,0.8334807062818266,autoland,4768104,12,53390121d39b212135aaffcd577053a14c7f0dff,linux1804-64-shippable-qr,True,False,,,102210fe594ee9b33d82058545b1ed14f4c8206e,custom.jsdebugger.stepOut.DAMP,damp,True,damp custom.jsdebugger.stepOut.DAMP opt e10s fission stylo webrender,4767202,77,ms,firefox,447512204.0,1844797363,2024-02-13 14:36:57,1376602,,,,,,,,,,,,,,,,,,,,,,,,,,,,,,,,,,,,,,,,,,,,,,,,,TN
2713,d5df64b38425761410eeadad051e241f0f83113d,0.841315107822759,autoland,4768104,12,53390121d39b212135aaffcd577053a14c7f0dff,linux1804-64-shippable-qr,True,False,,,102210fe594ee9b33d82058545b1ed14f4c8206e,custom.jsdebugger.stepOut.DAMP,damp,True,damp custom.jsdebugger.stepOut.DAMP opt e10s fission stylo webrender,4767202,77,ms,firefox,447507125.0,1844791396,2024-02-13 14:42:56,1376608,,,,,,,,,,,,,,,,,,,,,,,,,,,,,,,,,,,,,,,,,,,,,,,,,TN
2714,9671c91b2f911688db923e6e3f152ca68f2028af,0.8730291929151548,autoland,4768104,12,53390121d39b212135aaffcd577053a14c7f0dff,linux1804-64-shippable-qr,True,False,,,102210fe594ee9b33d82058545b1ed14f4c8206e,custom.jsdebugger.stepOut.DAMP,damp,True,damp custom.jsdebugger.stepOut.DAMP opt e10s fission stylo webrender,4767202,77,ms,firefox,447512297.0,1844797562,2024-02-13 15:09:56,1376621,,,,,,,,,,,,,,,,,,,,,,,,,,,,,,,,,,,,,,,,,,,,,,,,,TN
2715,10faf99bbe8fef0b8ba35b87247a4aafc8fc1a52,0.8459082089732837,autoland,4768104,12,53390121d39b212135aaffcd577053a14c7f0dff,linux1804-64-shippable-qr,True,False,,,102210fe594ee9b33d82058545b1ed14f4c8206e,custom.jsdebugger.stepOut.DAMP,damp,True,damp custom.jsdebugger.stepOut.DAMP opt e10s fission stylo webrender,4767202,77,ms,firefox,447496663.0,1844766983,2024-02-13 15:14:59,1376625,,,,,,,,,,,,,,,,,,,,,,,,,,,,,,,,,,,,,,,,,,,,,,,,,TN
2716,7682952aed897b4caf7ff9a744fdd5bc0fdddf43,0.8659948661030283,autoland,4768104,12,53390121d39b212135aaffcd577053a14c7f0dff,linux1804-64-shippable-qr,True,False,,,102210fe594ee9b33d82058545b1ed14f4c8206e,custom.jsdebugger.stepOut.DAMP,damp,True,damp custom.jsdebugger.stepOut.DAMP opt e10s fission stylo webrender,4767202,77,ms,firefox,447469291.0,1844674219,2024-02-13 15:41:22,1376645,,,,,,,,,,,,,,,,,,,,,,,,,,,,,,,,,,,,,,,,,,,,,,,,,TN
2717,23dc8ff7ac75af21911eb442a20b09462602f43c,0.847183326333601,autoland,4768104,12,53390121d39b212135aaffcd577053a14c7f0dff,linux1804-64-shippable-qr,True,False,,,102210fe594ee9b33d82058545b1ed14f4c8206e,custom.jsdebugger.stepOut.DAMP,damp,True,damp custom.jsdebugger.stepOut.DAMP opt e10s fission stylo webrender,4767202,77,ms,firefox,447469292.0,1844673572,2024-02-13 15:51:48,1376654,,,,,,,,,,,,,,,,,,,,,,,,,,,,,,,,,,,,,,,,,,,,,,,,,TN
2718,ee5e8cc2e91d40cf97d769d581ee1a4e9f1111fa,0.863457145342053,autoland,4768104,12,53390121d39b212135aaffcd577053a14c7f0dff,linux1804-64-shippable-qr,True,False,,,102210fe594ee9b33d82058545b1ed14f4c8206e,custom.jsdebugger.stepOut.DAMP,damp,True,damp custom.jsdebugger.stepOut.DAMP opt e10s fission stylo webrender,4767202,77,ms,firefox,447469293.0,1844673788,2024-02-13 16:00:45,1376659,,,,,,,,,,,,,,,,,,,,,,,,,,,,,,,,,,,,,,,,,,,,,,,,,TN
2719,262041b644913954a0fa86aeeb3b960b2b007abf,0.8423125682848271,autoland,4768104,12,53390121d39b212135aaffcd577053a14c7f0dff,linux1804-64-shippable-qr,True,False,,,102210fe594ee9b33d82058545b1ed14f4c8206e,custom.jsdebugger.stepOut.DAMP,damp,True,damp custom.jsdebugger.stepOut.DAMP opt e10s fission stylo webrender,4767202,77,ms,firefox,447469294.0,1844674114,2024-02-13 16:10:31,1376667,,,,,,,,,,,,,,,,,,,,,,,,,,,,,,,,,,,,,,,,,,,,,,,,,TN
2720,f99efb87e51aba9303e0ccea70e1512313a6dfa4,0.8830652038687341,autoland,4768104,12,53390121d39b212135aaffcd577053a14c7f0dff,linux1804-64-shippable-qr,True,False,,,102210fe594ee9b33d82058545b1ed14f4c8206e,custom.jsdebugger.stepOut.DAMP,damp,True,damp custom.jsdebugger.stepOut.DAMP opt e10s fission stylo webrender,4767202,77,ms,firefox,447469315.0,1844674394,2024-02-13 16:13:20,1376669,,,,,,,,,,,,,,,,,,,,,,,,,,,,,,,,,,,,,,,,,,,,,,,,,TN
2721,db0b3480970851cd36eeebfd0535ab0fac094645,0.8798494659362217,autoland,4768104,12,53390121d39b212135aaffcd577053a14c7f0dff,linux1804-64-shippable-qr,True,False,,,102210fe594ee9b33d82058545b1ed14f4c8206e,custom.jsdebugger.stepOut.DAMP,damp,True,damp custom.jsdebugger.stepOut.DAMP opt e10s fission stylo webrender,4767202,77,ms,firefox,447469321.0,1844674277,2024-02-13 16:14:26,1376671,,,,,,,,,,,,,,,,,,,,,,,,,,,,,,,,,,,,,,,,,,,,,,,,,TN
2722,fb5a6bf3a33e904c06a307a8738e57b6277269c3,0.8573150186561778,autoland,4768104,12,53390121d39b212135aaffcd577053a14c7f0dff,linux1804-64-shippable-qr,True,False,,,102210fe594ee9b33d82058545b1ed14f4c8206e,custom.jsdebugger.stepOut.DAMP,damp,True,damp custom.jsdebugger.stepOut.DAMP opt e10s fission stylo webrender,4767202,77,ms,firefox,447469339.0,1844675016,2024-02-13 16:21:32,1376681,,,,,,,,,,,,,,,,,,,,,,,,,,,,,,,,,,,,,,,,,,,,,,,,,TN
2723,25aa19a174c0ae86631339dac33bc10eb50c5405,0.8633876404546545,autoland,4768104,12,53390121d39b212135aaffcd577053a14c7f0dff,linux1804-64-shippable-qr,True,False,,,102210fe594ee9b33d82058545b1ed14f4c8206e,custom.jsdebugger.stepOut.DAMP,damp,True,damp custom.jsdebugger.stepOut.DAMP opt e10s fission stylo webrender,4767202,77,ms,firefox,447469342.0,1844674544,2024-02-13 16:36:53,1376694,,,,,,,,,,,,,,,,,,,,,,,,,,,,,,,,,,,,,,,,,,,,,,,,,TN
2724,a5d935fdedd6c933cd8898a97a6cd750385bd7e8,0.8688724191157431,autoland,4768104,12,53390121d39b212135aaffcd577053a14c7f0dff,linux1804-64-shippable-qr,True,False,,,102210fe594ee9b33d82058545b1ed14f4c8206e,custom.jsdebugger.stepOut.DAMP,damp,True,damp custom.jsdebugger.stepOut.DAMP opt e10s fission stylo webrender,4767202,77,ms,firefox,447469343.0,1844674955,2024-02-13 16:41:04,1376699,,,,,,,,,,,,,,,,,,,,,,,,,,,,,,,,,,,,,,,,,,,,,,,,,TN
2725,17329a53b9f9a20247103958883a0ce7c42af78d,0.8702399192070436,autoland,4768104,12,53390121d39b212135aaffcd577053a14c7f0dff,linux1804-64-shippable-qr,True,False,,,102210fe594ee9b33d82058545b1ed14f4c8206e,custom.jsdebugger.stepOut.DAMP,damp,True,damp custom.jsdebugger.stepOut.DAMP opt e10s fission stylo webrender,4767202,77,ms,firefox,447131207.0,1843559808,2024-02-13 16:46:39,1376703,,,,,,,,,,,,,,,,,,,,,,,,,,,,,,,,,,,,,,,,,,,,,,,,,TN
2726,473eb25c039d65312e52f06633fb21a578cd5561,0.8605934684677159,autoland,4768104,12,53390121d39b212135aaffcd577053a14c7f0dff,linux1804-64-shippable-qr,True,False,,,102210fe594ee9b33d82058545b1ed14f4c8206e,custom.jsdebugger.stepOut.DAMP,damp,True,damp custom.jsdebugger.stepOut.DAMP opt e10s fission stylo webrender,4767202,77,ms,firefox,447469317.0,1844674488,2024-02-13 22:55:40,1376887,,,,,,,,,,,,,,,,,,,,,,,,,,,,,,,,,,,,,,,,,,,,,,,,,TN
2727,0a293bd3834ffd32035f6611f778bf9af89aa9a0,0.9121705600478183,autoland,4768104,12,53390121d39b212135aaffcd577053a14c7f0dff,linux1804-64-shippable-qr,True,False,,,102210fe594ee9b33d82058545b1ed14f4c8206e,custom.jsdebugger.stepOut.DAMP,damp,True,damp custom.jsdebugger.stepOut.DAMP opt e10s fission stylo webrender,4767202,77,ms,firefox,447469412.0,1844676566,2024-02-13 23:00:51,1376889,,,,,,,,,,,,,,,,,,,,,,,,,,,,,,,,,,,,,,,,,,,,,,,,,TN
2728,3b6d2e1cea3c73c85b4988c58f7ce0689c10587f,0.854867866375264,autoland,4768104,12,53390121d39b212135aaffcd577053a14c7f0dff,linux1804-64-shippable-qr,True,False,,,102210fe594ee9b33d82058545b1ed14f4c8206e,custom.jsdebugger.stepOut.DAMP,damp,True,damp custom.jsdebugger.stepOut.DAMP opt e10s fission stylo webrender,4767202,77,ms,firefox,447469338.0,1844674844,2024-02-13 23:01:41,1376890,,,,,,,,,,,,,,,,,,,,,,,,,,,,,,,,,,,,,,,,,,,,,,,,,TN
2729,06f49882403c83a08133123c4da14f969e63b6e6,0.8553423873847985,autoland,4768104,12,53390121d39b212135aaffcd577053a14c7f0dff,linux1804-64-shippable-qr,True,False,,,102210fe594ee9b33d82058545b1ed14f4c8206e,custom.jsdebugger.stepOut.DAMP,damp,True,damp custom.jsdebugger.stepOut.DAMP opt e10s fission stylo webrender,4767202,77,ms,firefox,447469340.0,1844674613,2024-02-13 23:02:21,1376892,,,,,,,,,,,,,,,,,,,,,,,,,,,,,,,,,,,,,,,,,,,,,,,,,TN
2730,7c9a401e1c801d3745f0bd811d6a73727fa8dec2,0.8969055599443245,autoland,4768104,12,53390121d39b212135aaffcd577053a14c7f0dff,linux1804-64-shippable-qr,True,False,,,102210fe594ee9b33d82058545b1ed14f4c8206e,custom.jsdebugger.stepOut.DAMP,damp,True,damp custom.jsdebugger.stepOut.DAMP opt e10s fission stylo webrender,4767202,77,ms,firefox,447469302.0,1844674788,2024-02-13 23:25:21,1376896,,,,,,,,,,,,,,,,,,,,,,,,,,,,,,,,,,,,,,,,,,,,,,,,,TN
2731,4fbc51810324c6afe978993587ef252b3f79d1f0,0.8936165117676924,autoland,4768104,12,53390121d39b212135aaffcd577053a14c7f0dff,linux1804-64-shippable-qr,True,False,,,102210fe594ee9b33d82058545b1ed14f4c8206e,custom.jsdebugger.stepOut.DAMP,damp,True,damp custom.jsdebugger.stepOut.DAMP opt e10s fission stylo webrender,4767202,77,ms,firefox,447469316.0,1844674900,2024-02-13 23:28:45,1376898,,,,,,,,,,,,,,,,,,,,,,,,,,,,,,,,,,,,,,,,,,,,,,,,,TN
2732,d67ec2218b2289f13ae23f05094118ee55b1c95f,0.8508805273191549,autoland,4768104,12,53390121d39b212135aaffcd577053a14c7f0dff,linux1804-64-shippable-qr,True,False,,,102210fe594ee9b33d82058545b1ed14f4c8206e,custom.jsdebugger.stepOut.DAMP,damp,True,damp custom.jsdebugger.stepOut.DAMP opt e10s fission stylo webrender,4767202,77,ms,firefox,447469318.0,1844674729,2024-02-13 23:57:33,1376909,,,,,,,,,,,,,,,,,,,,,,,,,,,,,,,,,,,,,,,,,,,,,,,,,TN
2733,8744f0c0481d359ad4492e325ad5153c22ffefa8,0.8455890011579354,autoland,4768104,12,53390121d39b212135aaffcd577053a14c7f0dff,linux1804-64-shippable-qr,True,False,,,102210fe594ee9b33d82058545b1ed14f4c8206e,custom.jsdebugger.stepOut.DAMP,damp,True,damp custom.jsdebugger.stepOut.DAMP opt e10s fission stylo webrender,4767202,77,ms,firefox,447469344.0,1844675072,2024-02-13 23:59:38,1376910,,,,,,,,,,,,,,,,,,,,,,,,,,,,,,,,,,,,,,,,,,,,,,,,,TN
2734,58c91aae23fff2a24bc01438b41523370fa571b5,0.854776861719929,autoland,4768104,12,53390121d39b212135aaffcd577053a14c7f0dff,linux1804-64-shippable-qr,True,False,,,102210fe594ee9b33d82058545b1ed14f4c8206e,custom.jsdebugger.stepOut.DAMP,damp,True,damp custom.jsdebugger.stepOut.DAMP opt e10s fission stylo webrender,4767202,77,ms,firefox,447469341.0,1844674674,2024-02-14 00:06:50,1376912,,,,,,,,,,,,,,,,,,,,,,,,,,,,,,,,,,,,,,,,,,,,,,,,,TN
2735,4a18caac75720f24abc9063ce8df5fa6b7948aa4,0.8283899549062723,autoland,4768104,12,53390121d39b212135aaffcd577053a14c7f0dff,linux1804-64-shippable-qr,True,False,,,102210fe594ee9b33d82058545b1ed14f4c8206e,custom.jsdebugger.stepOut.DAMP,damp,True,damp custom.jsdebugger.stepOut.DAMP opt e10s fission stylo webrender,4767202,77,ms,firefox,447196052.0,1843749320,2024-02-14 00:47:09,1376921,,,,,,,,,,,,,,,,,,,,,,,,,,,,,,,,,,,,,,,,,,,,,,,,,TN
2736,cc3c766053a160c8bb94177bd0030e39f05cec32,0.8758996121262979,autoland,4768104,12,53390121d39b212135aaffcd577053a14c7f0dff,linux1804-64-shippable-qr,True,False,,,102210fe594ee9b33d82058545b1ed14f4c8206e,custom.jsdebugger.stepOut.DAMP,damp,True,damp custom.jsdebugger.stepOut.DAMP opt e10s fission stylo webrender,4767202,77,ms,firefox,447476784.0,1844709755,2024-02-14 01:01:19,1376927,,,,,,,,,,,,,,,,,,,,,,,,,,,,,,,,,,,,,,,,,,,,,,,,,TN
2737,03db92453f60e3798e341c8a86cc9e1ad0555163,0.8502103781941794,autoland,4768104,12,53390121d39b212135aaffcd577053a14c7f0dff,linux1804-64-shippable-qr,True,False,,,102210fe594ee9b33d82058545b1ed14f4c8206e,custom.jsdebugger.stepOut.DAMP,damp,True,damp custom.jsdebugger.stepOut.DAMP opt e10s fission stylo webrender,4767202,77,ms,firefox,447476811.0,1844710069,2024-02-14 01:15:52,1376932,,,,,,,,,,,,,,,,,,,,,,,,,,,,,,,,,,,,,,,,,,,,,,,,,TN
2738,6406a92f4a33def5a8efdfcdde232b828c4d5f90,0.8644530995585107,autoland,4768104,12,53390121d39b212135aaffcd577053a14c7f0dff,linux1804-64-shippable-qr,True,False,,,102210fe594ee9b33d82058545b1ed14f4c8206e,custom.jsdebugger.stepOut.DAMP,damp,True,damp custom.jsdebugger.stepOut.DAMP opt e10s fission stylo webrender,4767202,77,ms,firefox,447476836.0,1844709993,2024-02-14 01:27:07,1376936,,,,,,,,,,,,,,,,,,,,,,,,,,,,,,,,,,,,,,,,,,,,,,,,,TN
2739,aaaa3f2b8fed9e159a8b08e4263034e9a051be71,0.8473933313445206,autoland,4768104,12,53390121d39b212135aaffcd577053a14c7f0dff,linux1804-64-shippable-qr,True,False,,,102210fe594ee9b33d82058545b1ed14f4c8206e,custom.jsdebugger.stepOut.DAMP,damp,True,damp custom.jsdebugger.stepOut.DAMP opt e10s fission stylo webrender,4767202,77,ms,firefox,447199351.0,1843770389,2024-02-14 01:35:59,1376937,,,,,,,,,,,,,,,,,,,,,,,,,,,,,,,,,,,,,,,,,,,,,,,,,TN
2740,1b24ea8c2e7e02f00bd61e8cd672da76b16c42a6,0.8793832322580879,autoland,4768104,12,53390121d39b212135aaffcd577053a14c7f0dff,linux1804-64-shippable-qr,True,False,,,102210fe594ee9b33d82058545b1ed14f4c8206e,custom.jsdebugger.stepOut.DAMP,damp,True,damp custom.jsdebugger.stepOut.DAMP opt e10s fission stylo webrender,4767202,77,ms,firefox,447215100.0,1843830935,2024-02-14 05:55:05,1376972,,,,,,,,,,,,,,,,,,,,,,,,,,,,,,,,,,,,,,,,,,,,,,,,,TN
2741,dca10aca1871edfdba5107bc7766982b186d7f2c,0.8606761400876168,autoland,4768104,12,53390121d39b212135aaffcd577053a14c7f0dff,linux1804-64-shippable-qr,True,False,,,102210fe594ee9b33d82058545b1ed14f4c8206e,custom.jsdebugger.stepOut.DAMP,damp,True,damp custom.jsdebugger.stepOut.DAMP opt e10s fission stylo webrender,4767202,77,ms,firefox,447273825.0,1843997238,2024-02-14 15:32:04,1377071,,,,,,,,,,,,,,,,,,,,,,,,,,,,,,,,,,,,,,,,,,,,,,,,,TN
2742,2ea0fda6ec6ed02a530a3a4bb67fabb0d14d403f,0.8574745167491105,autoland,4768104,12,53390121d39b212135aaffcd577053a14c7f0dff,linux1804-64-shippable-qr,True,False,,,102210fe594ee9b33d82058545b1ed14f4c8206e,custom.jsdebugger.stepOut.DAMP,damp,True,damp custom.jsdebugger.stepOut.DAMP opt e10s fission stylo webrender,4767202,77,ms,firefox,447284818.0,1844044544,2024-02-14 15:37:30,1377078,,,,,,,,,,,,,,,,,,,,,,,,,,,,,,,,,,,,,,,,,,,,,,,,,TN
2743,b0b34dab81d56b5e5ee526c9f44e926db4b27dce,0.880535215035974,autoland,4768104,12,53390121d39b212135aaffcd577053a14c7f0dff,linux1804-64-shippable-qr,True,False,,,102210fe594ee9b33d82058545b1ed14f4c8206e,custom.jsdebugger.stepOut.DAMP,damp,True,damp custom.jsdebugger.stepOut.DAMP opt e10s fission stylo webrender,4767202,77,ms,firefox,447313242.0,1844101728,2024-02-14 20:39:05,1377195,,,,,,,,,,,,,,,,,,,,,,,,,,,,,,,,,,,,,,,,,,,,,,,,,TN
2744,981afc9a696a12b7e873eae165925138a2726efe,0.8263544021135849,autoland,4768104,12,53390121d39b212135aaffcd577053a14c7f0dff,linux1804-64-shippable-qr,True,False,,,102210fe594ee9b33d82058545b1ed14f4c8206e,custom.jsdebugger.stepOut.DAMP,damp,True,damp custom.jsdebugger.stepOut.DAMP opt e10s fission stylo webrender,4767202,77,ms,firefox,447332093.0,1844168540,2024-02-15 00:51:05,1377256,,,,,,,,,,,,,,,,,,,,,,,,,,,,,,,,,,,,,,,,,,,,,,,,,TN
2745,aa5fc411278d3beae081682cb31a2167257d3aed,0.8501672793019033,autoland,4768104,12,53390121d39b212135aaffcd577053a14c7f0dff,linux1804-64-shippable-qr,True,False,,,102210fe594ee9b33d82058545b1ed14f4c8206e,custom.jsdebugger.stepOut.DAMP,damp,True,damp custom.jsdebugger.stepOut.DAMP opt e10s fission stylo webrender,4767202,77,ms,firefox,447348102.0,1844255027,2024-02-15 04:52:31,1377304,,,,,,,,,,,,,,,,,,,,,,,,,,,,,,,,,,,,,,,,,,,,,,,,,TN
2746,2b4e9ee6225f1183da45d24404e72f48e3803f08,0.8835440399341563,autoland,4768104,12,53390121d39b212135aaffcd577053a14c7f0dff,linux1804-64-shippable-qr,True,False,,,102210fe594ee9b33d82058545b1ed14f4c8206e,custom.jsdebugger.stepOut.DAMP,damp,True,damp custom.jsdebugger.stepOut.DAMP opt e10s fission stylo webrender,4767202,77,ms,firefox,447389310.0,1844397255,2024-02-15 12:49:34,1377375,,,,,,,,,,,,,,,,,,,,,,,,,,,,,,,,,,,,,,,,,,,,,,,,,TN
2747,dbe553dd13b79a3c4821f203f3adca31fe71cc56,0.8587419230462507,autoland,4768104,12,53390121d39b212135aaffcd577053a14c7f0dff,linux1804-64-shippable-qr,True,False,,,102210fe594ee9b33d82058545b1ed14f4c8206e,custom.jsdebugger.stepOut.DAMP,damp,True,damp custom.jsdebugger.stepOut.DAMP opt e10s fission stylo webrender,4767202,77,ms,firefox,447407443.0,1844460533,2024-02-15 16:23:45,1377427,,,,,,,,,,,,,,,,,,,,,,,,,,,,,,,,,,,,,,,,,,,,,,,,,TN
2748,02d5bc9805676f9a22f3cef50c86ddc38e7534d9,0.8512497323532731,autoland,4768104,12,53390121d39b212135aaffcd577053a14c7f0dff,linux1804-64-shippable-qr,True,False,,,102210fe594ee9b33d82058545b1ed14f4c8206e,custom.jsdebugger.stepOut.DAMP,damp,True,damp custom.jsdebugger.stepOut.DAMP opt e10s fission stylo webrender,4767202,77,ms,firefox,447430655.0,1844580412,2024-02-15 20:44:46,1377493,,,,,,,,,,,,,,,,,,,,,,,,,,,,,,,,,,,,,,,,,,,,,,,,,TN
2749,798af36e79586239c3954fe06796d9a27a353b92,0.8529911290957901,autoland,4768104,12,53390121d39b212135aaffcd577053a14c7f0dff,linux1804-64-shippable-qr,True,False,,,102210fe594ee9b33d82058545b1ed14f4c8206e,custom.jsdebugger.stepOut.DAMP,damp,True,damp custom.jsdebugger.stepOut.DAMP opt e10s fission stylo webrender,4767202,77,ms,firefox,447437594.0,1844608087,2024-02-15 22:19:13,1377518,,,,,,,,,,,,,,,,,,,,,,,,,,,,,,,,,,,,,,,,,,,,,,,,,TN
2750,861d200fe3e761e23bbb6ce556446725fb01cd43,0.8671799425668485,autoland,4768104,12,53390121d39b212135aaffcd577053a14c7f0dff,linux1804-64-shippable-qr,True,False,,,102210fe594ee9b33d82058545b1ed14f4c8206e,custom.jsdebugger.stepOut.DAMP,damp,True,damp custom.jsdebugger.stepOut.DAMP opt e10s fission stylo webrender,4767202,77,ms,firefox,447484681.0,1844729905,2024-02-16 06:24:45,1378006,,,,,,,,,,,,,,,,,,,,,,,,,,,,,,,,,,,,,,,,,,,,,,,,,TN
2751,313b43f262a908e7e012c7d19f326345a0863bae,0.8720646900204396,autoland,4768104,12,53390121d39b212135aaffcd577053a14c7f0dff,linux1804-64-shippable-qr,True,False,,,102210fe594ee9b33d82058545b1ed14f4c8206e,custom.jsdebugger.stepOut.DAMP,damp,True,damp custom.jsdebugger.stepOut.DAMP opt e10s fission stylo webrender,4767202,77,ms,firefox,447521563.0,1844837949,2024-02-16 14:55:53,1378386,,,,,,,,,,,,,,,,,,,,,,,,,,,,,,,,,,,,,,,,,,,,,,,,,TN
2752,6f0ebcced75f999a360fdd4f2e00d66fe811dc84,0.8529712766598863,autoland,4768104,12,53390121d39b212135aaffcd577053a14c7f0dff,linux1804-64-shippable-qr,True,False,,,102210fe594ee9b33d82058545b1ed14f4c8206e,custom.jsdebugger.stepOut.DAMP,damp,True,damp custom.jsdebugger.stepOut.DAMP opt e10s fission stylo webrender,4767202,77,ms,firefox,448045101.0,1847041158,2024-02-16 21:53:55,1378514,,,,,,,,,,,,,,,,,,,,,,,,,,,,,,,,,,,,,,,,,,,,,,,,,TN
2753,a85ea49dbeeb7da7495bb195e9eedf7b8fcfeba6,0.848012776825491,autoland,4768104,12,53390121d39b212135aaffcd577053a14c7f0dff,linux1804-64-shippable-qr,True,False,,,102210fe594ee9b33d82058545b1ed14f4c8206e,custom.jsdebugger.stepOut.DAMP,damp,True,damp custom.jsdebugger.stepOut.DAMP opt e10s fission stylo webrender,4767202,77,ms,firefox,448050015.0,1847129247,2024-02-17 07:03:23,1378546,,,,,,,,,,,,,,,,,,,,,,,,,,,,,,,,,,,,,,,,,,,,,,,,,TN
2754,2af34b4c9adf8c8defd3251b569af9c38cc0a429,0.8460057413550479,autoland,4768104,12,53390121d39b212135aaffcd577053a14c7f0dff,linux1804-64-shippable-qr,True,False,,,102210fe594ee9b33d82058545b1ed14f4c8206e,custom.jsdebugger.stepOut.DAMP,damp,True,damp custom.jsdebugger.stepOut.DAMP opt e10s fission stylo webrender,4767202,77,ms,firefox,447564666.0,1845042504,2024-02-17 16:55:38,1378583,,,,,,,,,,,,,,,,,,,,,,,,,,,,,,,,,,,,,,,,,,,,,,,,,TN
2755,e4be32cb6ad2eb61d3ebf3c268b482130acbc7a9,0.8326938956548591,autoland,4768104,12,53390121d39b212135aaffcd577053a14c7f0dff,linux1804-64-shippable-qr,True,False,,,102210fe594ee9b33d82058545b1ed14f4c8206e,custom.jsdebugger.stepOut.DAMP,damp,True,damp custom.jsdebugger.stepOut.DAMP opt e10s fission stylo webrender,4767202,77,ms,firefox,448045152.0,1847042332,2024-02-17 18:59:25,1378593,,,,,,,,,,,,,,,,,,,,,,,,,,,,,,,,,,,,,,,,,,,,,,,,,TN
2756,9f5ce0fe2cb12871376c37defcb131433127ebc0,0.8586069282702693,autoland,4768104,12,53390121d39b212135aaffcd577053a14c7f0dff,linux1804-64-shippable-qr,True,False,,,102210fe594ee9b33d82058545b1ed14f4c8206e,custom.jsdebugger.stepOut.DAMP,damp,True,damp custom.jsdebugger.stepOut.DAMP opt e10s fission stylo webrender,4767202,77,ms,firefox,448045159.0,1847043393,2024-02-18 07:04:10,1378632,,,,,,,,,,,,,,,,,,,,,,,,,,,,,,,,,,,,,,,,,,,,,,,,,TN
2757,0e34e37f9c33252073e0dc1303f6fdd108beac1a,0.8520225734467868,autoland,4768104,12,53390121d39b212135aaffcd577053a14c7f0dff,linux1804-64-shippable-qr,True,False,,,102210fe594ee9b33d82058545b1ed14f4c8206e,custom.jsdebugger.stepOut.DAMP,damp,True,damp custom.jsdebugger.stepOut.DAMP opt e10s fission stylo webrender,4767202,77,ms,firefox,448045157.0,1847042747,2024-02-18 19:02:17,1378663,,,,,,,,,,,,,,,,,,,,,,,,,,,,,,,,,,,,,,,,,,,,,,,,,TN
2758,fcdb3e9046c67688b2a5b8aeb6451b081b3b52ea,0.8609124209365604,autoland,4768104,12,53390121d39b212135aaffcd577053a14c7f0dff,linux1804-64-shippable-qr,True,False,,,102210fe594ee9b33d82058545b1ed14f4c8206e,custom.jsdebugger.stepOut.DAMP,damp,True,damp custom.jsdebugger.stepOut.DAMP opt e10s fission stylo webrender,4767202,77,ms,firefox,447595399.0,1845210620,2024-02-19 03:31:58,1378717,,,,,,,,,,,,,,,,,,,,,,,,,,,,,,,,,,,,,,,,,,,,,,,,,TN
2759,5c67e50b735884a798f9a9c29b9117a1fc696ebe,0.8661540532099048,autoland,4768104,12,53390121d39b212135aaffcd577053a14c7f0dff,linux1804-64-shippable-qr,True,False,,,102210fe594ee9b33d82058545b1ed14f4c8206e,custom.jsdebugger.stepOut.DAMP,damp,True,damp custom.jsdebugger.stepOut.DAMP opt e10s fission stylo webrender,4767202,77,ms,firefox,448045187.0,1847045371,2024-02-19 03:36:17,1378718,,,,,,,,,,,,,,,,,,,,,,,,,,,,,,,,,,,,,,,,,,,,,,,,,TN
2760,055842a2abfff700456cb49894efbcfdb1825c7d,0.8746004842575441,autoland,4768104,12,53390121d39b212135aaffcd577053a14c7f0dff,linux1804-64-shippable-qr,True,False,,,102210fe594ee9b33d82058545b1ed14f4c8206e,custom.jsdebugger.stepOut.DAMP,damp,True,damp custom.jsdebugger.stepOut.DAMP opt e10s fission stylo webrender,4767202,77,ms,firefox,448045603.0,1847045839,2024-02-19 07:04:55,1378738,,,,,,,,,,,,,,,,,,,,,,,,,,,,,,,,,,,,,,,,,,,,,,,,,TN
2761,1dcfa194ad7d005175d431adf6ee3b93c00fb453,0.8494976975029342,autoland,4768104,12,53390121d39b212135aaffcd577053a14c7f0dff,linux1804-64-shippable-qr,True,False,,,102210fe594ee9b33d82058545b1ed14f4c8206e,custom.jsdebugger.stepOut.DAMP,damp,True,damp custom.jsdebugger.stepOut.DAMP opt e10s fission stylo webrender,4767202,77,ms,firefox,447614922.0,1845335969,2024-02-19 10:14:02,1378796,,,,,,,,,,,,,,,,,,,,,,,,,,,,,,,,,,,,,,,,,,,,,,,,,TN
2762,9e33a77369d35366ae9718166eaf5a5b13dd5780,0.8569433793862484,autoland,4768104,12,53390121d39b212135aaffcd577053a14c7f0dff,linux1804-64-shippable-qr,True,False,,,102210fe594ee9b33d82058545b1ed14f4c8206e,custom.jsdebugger.stepOut.DAMP,damp,True,damp custom.jsdebugger.stepOut.DAMP opt e10s fission stylo webrender,4767202,77,ms,firefox,448045099.0,1847041220,2024-02-19 10:15:29,1378798,,,,,,,,,,,,,,,,,,,,,,,,,,,,,,,,,,,,,,,,,,,,,,,,,TN
2763,b07201028f0b4fbc4a0429753017d1f5b1109178,0.8655684128077923,autoland,4768104,12,53390121d39b212135aaffcd577053a14c7f0dff,linux1804-64-shippable-qr,True,False,,,102210fe594ee9b33d82058545b1ed14f4c8206e,custom.jsdebugger.stepOut.DAMP,damp,True,damp custom.jsdebugger.stepOut.DAMP opt e10s fission stylo webrender,4767202,77,ms,firefox,448045102.0,1847042041,2024-02-19 10:17:31,1378800,,,,,,,,,,,,,,,,,,,,,,,,,,,,,,,,,,,,,,,,,,,,,,,,,TN
2764,400fd14b708738816caa78c5be9bec9f9aaf4705,0.8699863115660922,autoland,4768104,12,53390121d39b212135aaffcd577053a14c7f0dff,linux1804-64-shippable-qr,True,False,,,102210fe594ee9b33d82058545b1ed14f4c8206e,custom.jsdebugger.stepOut.DAMP,damp,True,damp custom.jsdebugger.stepOut.DAMP opt e10s fission stylo webrender,4767202,77,ms,firefox,448045151.0,1847041554,2024-02-19 11:01:22,1378804,,,,,,,,,,,,,,,,,,,,,,,,,,,,,,,,,,,,,,,,,,,,,,,,,TN
2765,afbbee46dfa8cefe24cf7492a89b307c68928594,0.9127378065684248,autoland,4768104,12,53390121d39b212135aaffcd577053a14c7f0dff,linux1804-64-shippable-qr,True,False,,,102210fe594ee9b33d82058545b1ed14f4c8206e,custom.jsdebugger.stepOut.DAMP,damp,True,damp custom.jsdebugger.stepOut.DAMP opt e10s fission stylo webrender,4767202,77,ms,firefox,448045154.0,1847044227,2024-02-19 11:07:17,1378807,,,,,,,,,,,,,,,,,,,,,,,,,,,,,,,,,,,,,,,,,,,,,,,,,TN
2766,ca6da31d4ec9d610b3e573f04f8b353b063e10c1,0.8288249965833445,autoland,4768104,12,53390121d39b212135aaffcd577053a14c7f0dff,linux1804-64-shippable-qr,True,False,,,102210fe594ee9b33d82058545b1ed14f4c8206e,custom.jsdebugger.stepOut.DAMP,damp,True,damp custom.jsdebugger.stepOut.DAMP opt e10s fission stylo webrender,4767202,77,ms,firefox,448045158.0,1847042532,2024-02-19 11:15:33,1378811,,,,,,,,,,,,,,,,,,,,,,,,,,,,,,,,,,,,,,,,,,,,,,,,,TN
2767,c5e9b0006e96a6b9063f0e9079a2500eba9d9030,0.8572762944336927,autoland,4768104,12,53390121d39b212135aaffcd577053a14c7f0dff,linux1804-64-shippable-qr,True,False,,,102210fe594ee9b33d82058545b1ed14f4c8206e,custom.jsdebugger.stepOut.DAMP,damp,True,damp custom.jsdebugger.stepOut.DAMP opt e10s fission stylo webrender,4767202,77,ms,firefox,448045428.0,1847045284,2024-02-19 11:35:46,1378815,,,,,,,,,,,,,,,,,,,,,,,,,,,,,,,,,,,,,,,,,,,,,,,,,TN
2768,376210fa86249495fb5fc2748bc44d5d252682fb,0.8615097248063102,autoland,4768104,12,53390121d39b212135aaffcd577053a14c7f0dff,linux1804-64-shippable-qr,True,False,,,102210fe594ee9b33d82058545b1ed14f4c8206e,custom.jsdebugger.stepOut.DAMP,damp,True,damp custom.jsdebugger.stepOut.DAMP opt e10s fission stylo webrender,4767202,77,ms,firefox,448045189.0,1847043875,2024-02-19 12:02:21,1378821,,,,,,,,,,,,,,,,,,,,,,,,,,,,,,,,,,,,,,,,,,,,,,,,,TN
2769,e4fcd942953c558a50d7744a2fd33c4b9ee8170b,0.8795406160431678,autoland,4768104,12,53390121d39b212135aaffcd577053a14c7f0dff,linux1804-64-shippable-qr,True,False,,,102210fe594ee9b33d82058545b1ed14f4c8206e,custom.jsdebugger.stepOut.DAMP,damp,True,damp custom.jsdebugger.stepOut.DAMP opt e10s fission stylo webrender,4767202,77,ms,firefox,448045606.0,1847045512,2024-02-19 12:26:50,1378834,,,,,,,,,,,,,,,,,,,,,,,,,,,,,,,,,,,,,,,,,,,,,,,,,TN
2770,ac4ab326e785a5ad42ce51b54749c2bcce394916,0.849284191166586,autoland,4768104,12,53390121d39b212135aaffcd577053a14c7f0dff,linux1804-64-shippable-qr,True,False,,,102210fe594ee9b33d82058545b1ed14f4c8206e,custom.jsdebugger.stepOut.DAMP,damp,True,damp custom.jsdebugger.stepOut.DAMP opt e10s fission stylo webrender,4767202,77,ms,firefox,447639012.0,1845394110,2024-02-19 12:40:02,1378838,,,,,,,,,,,,,,,,,,,,,,,,,,,,,,,,,,,,,,,,,,,,,,,,,TN
2771,bef8b1b461b8524917fc01cd866e903290b1d7f6,0.8667297768329392,autoland,4768104,12,53390121d39b212135aaffcd577053a14c7f0dff,linux1804-64-shippable-qr,True,False,,,102210fe594ee9b33d82058545b1ed14f4c8206e,custom.jsdebugger.stepOut.DAMP,damp,True,damp custom.jsdebugger.stepOut.DAMP opt e10s fission stylo webrender,4767202,77,ms,firefox,447667747.0,1845452871,2024-02-19 16:50:13,1378949,,,,,,,,,,,,,,,,,,,,,,,,,,,,,,,,,,,,,,,,,,,,,,,,,TN
2772,2f43b0ae1352efb25f67ffe4f86884c0eb959adb,0.8703164088613133,autoland,4768104,12,53390121d39b212135aaffcd577053a14c7f0dff,linux1804-64-shippable-qr,True,False,,,102210fe594ee9b33d82058545b1ed14f4c8206e,custom.jsdebugger.stepOut.DAMP,damp,True,damp custom.jsdebugger.stepOut.DAMP opt e10s fission stylo webrender,4767202,77,ms,firefox,447688025.0,1845516792,2024-02-19 20:56:27,1379008,,,,,,,,,,,,,,,,,,,,,,,,,,,,,,,,,,,,,,,,,,,,,,,,,TN
2773,98fd82fda9f261ce38b354995f42f87f92ced865,0.853437296721463,autoland,4768104,12,53390121d39b212135aaffcd577053a14c7f0dff,linux1804-64-shippable-qr,True,False,,,102210fe594ee9b33d82058545b1ed14f4c8206e,custom.jsdebugger.stepOut.DAMP,damp,True,damp custom.jsdebugger.stepOut.DAMP opt e10s fission stylo webrender,4767202,77,ms,firefox,448004219.0,1846878792,2024-02-19 22:06:13,1379035,,,,,,,,,,,,,,,,,,,,,,,,,,,,,,,,,,,,,,,,,,,,,,,,,TN
2774,02db1cb77c5c42c122f670abb759f16a47e573e3,0.8525696744295352,autoland,4768104,12,53390121d39b212135aaffcd577053a14c7f0dff,linux1804-64-shippable-qr,True,False,,,102210fe594ee9b33d82058545b1ed14f4c8206e,custom.jsdebugger.stepOut.DAMP,damp,True,damp custom.jsdebugger.stepOut.DAMP opt e10s fission stylo webrender,4767202,77,ms,firefox,448004187.0,1846878439,2024-02-19 22:16:41,1379036,,,,,,,,,,,,,,,,,,,,,,,,,,,,,,,,,,,,,,,,,,,,,,,,,TN
2775,e9309553f817fa164bde4c229fe12ae51207bed9,0.8758866957723637,autoland,4768104,12,53390121d39b212135aaffcd577053a14c7f0dff,linux1804-64-shippable-qr,True,False,,,102210fe594ee9b33d82058545b1ed14f4c8206e,custom.jsdebugger.stepOut.DAMP,damp,True,damp custom.jsdebugger.stepOut.DAMP opt e10s fission stylo webrender,4767202,77,ms,firefox,447698281.0,1845564275,2024-02-19 22:19:49,1379038,,,,,,,,,,,,,,,,,,,,,,,,,,,,,,,,,,,,,,,,,,,,,,,,,TN
2776,da0966c2c2d5b4f7c7f1b4d5702cd8c1f77e8633,0.848603638912059,autoland,4768104,12,53390121d39b212135aaffcd577053a14c7f0dff,linux1804-64-shippable-qr,True,False,,,102210fe594ee9b33d82058545b1ed14f4c8206e,custom.jsdebugger.stepOut.DAMP,damp,True,damp custom.jsdebugger.stepOut.DAMP opt e10s fission stylo webrender,4767202,77,ms,firefox,448004184.0,1846878357,2024-02-19 22:21:54,1379039,,,,,,,,,,,,,,,,,,,,,,,,,,,,,,,,,,,,,,,,,,,,,,,,,TN
2777,a5de8e57506d9d7f13d9d4ec05c726ae4c187c8e,0.8623858788467171,autoland,4768104,12,53390121d39b212135aaffcd577053a14c7f0dff,linux1804-64-shippable-qr,True,False,,,102210fe594ee9b33d82058545b1ed14f4c8206e,custom.jsdebugger.stepOut.DAMP,damp,True,damp custom.jsdebugger.stepOut.DAMP opt e10s fission stylo webrender,4767202,77,ms,firefox,448008841.0,1846913655,2024-02-19 22:22:41,1379040,,,,,,,,,,,,,,,,,,,,,,,,,,,,,,,,,,,,,,,,,,,,,,,,,TN
2778,739364c3d336b4e2b6736228de919a10e10bfc7a,0.8582665500541387,autoland,4768104,12,53390121d39b212135aaffcd577053a14c7f0dff,linux1804-64-shippable-qr,True,False,,,102210fe594ee9b33d82058545b1ed14f4c8206e,custom.jsdebugger.stepOut.DAMP,damp,True,damp custom.jsdebugger.stepOut.DAMP opt e10s fission stylo webrender,4767202,77,ms,firefox,448008176.0,1846911988,2024-02-19 22:42:36,1379046,,,,,,,,,,,,,,,,,,,,,,,,,,,,,,,,,,,,,,,,,,,,,,,,,TN
2779,da1ce81887ea786dfac84118945bf1ff73e35a73,0.8552105869224358,autoland,4768104,12,53390121d39b212135aaffcd577053a14c7f0dff,linux1804-64-shippable-qr,True,False,,,102210fe594ee9b33d82058545b1ed14f4c8206e,custom.jsdebugger.stepOut.DAMP,damp,True,damp custom.jsdebugger.stepOut.DAMP opt e10s fission stylo webrender,4767202,77,ms,firefox,448008981.0,1846914190,2024-02-19 22:58:26,1379054,,,,,,,,,,,,,,,,,,,,,,,,,,,,,,,,,,,,,,,,,,,,,,,,,TN
2780,428aa4c4c23856af5fdc2ee6159c7480da025877,0.8692985723541999,autoland,4768104,12,53390121d39b212135aaffcd577053a14c7f0dff,linux1804-64-shippable-qr,True,False,,,102210fe594ee9b33d82058545b1ed14f4c8206e,custom.jsdebugger.stepOut.DAMP,damp,True,damp custom.jsdebugger.stepOut.DAMP opt e10s fission stylo webrender,4767202,77,ms,firefox,448012829.0,1846926604,2024-02-19 23:33:08,1379056,,,,,,,,,,,,,,,,,,,,,,,,,,,,,,,,,,,,,,,,,,,,,,,,,TN
2781,85d408241e695339e0f3ab9e93ad8efcadd23ad8,0.8529567561942224,autoland,4768104,12,53390121d39b212135aaffcd577053a14c7f0dff,linux1804-64-shippable-qr,True,False,,,102210fe594ee9b33d82058545b1ed14f4c8206e,custom.jsdebugger.stepOut.DAMP,damp,True,damp custom.jsdebugger.stepOut.DAMP opt e10s fission stylo webrender,4767202,77,ms,firefox,448008744.0,1846912609,2024-02-20 00:14:53,1379067,,,,,,,,,,,,,,,,,,,,,,,,,,,,,,,,,,,,,,,,,,,,,,,,,TN
2782,ad2add2f3c608b924436c34684c1a775130e74ce,0.8749963377168934,autoland,4768104,12,53390121d39b212135aaffcd577053a14c7f0dff,linux1804-64-shippable-qr,True,False,,,102210fe594ee9b33d82058545b1ed14f4c8206e,custom.jsdebugger.stepOut.DAMP,damp,True,damp custom.jsdebugger.stepOut.DAMP opt e10s fission stylo webrender,4767202,77,ms,firefox,447711778.0,1845613656,2024-02-20 03:01:00,1379095,,,,,,,,,,,,,,,,,,,,,,,,,,,,,,,,,,,,,,,,,,,,,,,,,TN
2783,ef9cbc0f26f8558af72a305bd41f4637b0eb3208,0.8480622355316367,autoland,4768104,12,53390121d39b212135aaffcd577053a14c7f0dff,linux1804-64-shippable-qr,True,False,,,102210fe594ee9b33d82058545b1ed14f4c8206e,custom.jsdebugger.stepOut.DAMP,damp,True,damp custom.jsdebugger.stepOut.DAMP opt e10s fission stylo webrender,4767202,77,ms,firefox,448009127.0,1846914010,2024-02-20 04:20:01,1379104,,,,,,,,,,,,,,,,,,,,,,,,,,,,,,,,,,,,,,,,,,,,,,,,,TN
2784,3df435480a86b5124b14e18807036dff731b57e1,0.8516432012549531,autoland,4768104,12,53390121d39b212135aaffcd577053a14c7f0dff,linux1804-64-shippable-qr,True,False,,,102210fe594ee9b33d82058545b1ed14f4c8206e,custom.jsdebugger.stepOut.DAMP,damp,True,damp custom.jsdebugger.stepOut.DAMP opt e10s fission stylo webrender,4767202,77,ms,firefox,448006003.0,1846901671,2024-02-20 04:52:38,1379109,,,,,,,,,,,,,,,,,,,,,,,,,,,,,,,,,,,,,,,,,,,,,,,,,TN
2785,cc3c4937fb69e80b552b61a4f2dfd1405b518d89,0.9077279066005008,autoland,4768104,12,53390121d39b212135aaffcd577053a14c7f0dff,linux1804-64-shippable-qr,True,False,,,102210fe594ee9b33d82058545b1ed14f4c8206e,custom.jsdebugger.stepOut.DAMP,damp,True,damp custom.jsdebugger.stepOut.DAMP opt e10s fission stylo webrender,4767202,77,ms,firefox,447728580.0,1845714680,2024-02-20 09:01:06,1379152,,,,,,,,,,,,,,,,,,,,,,,,,,,,,,,,,,,,,,,,,,,,,,,,,TN
2786,a2e8a3a99f078a211ae81262d89a1d210f7ff2e4,0.8379211371227284,autoland,4768104,12,53390121d39b212135aaffcd577053a14c7f0dff,linux1804-64-shippable-qr,True,False,,,102210fe594ee9b33d82058545b1ed14f4c8206e,custom.jsdebugger.stepOut.DAMP,damp,True,damp custom.jsdebugger.stepOut.DAMP opt e10s fission stylo webrender,4767202,77,ms,firefox,448009407.0,1846914592,2024-02-20 15:13:56,1379304,,,,,,,,,,,,,,,,,,,,,,,,,,,,,,,,,,,,,,,,,,,,,,,,,TN
2787,504bf19a4b32c74318cfef999fc3023c25194a7e,0.8404630576858498,autoland,4768104,12,53390121d39b212135aaffcd577053a14c7f0dff,linux1804-64-shippable-qr,True,False,,,102210fe594ee9b33d82058545b1ed14f4c8206e,custom.jsdebugger.stepOut.DAMP,damp,True,damp custom.jsdebugger.stepOut.DAMP opt e10s fission stylo webrender,4767202,77,ms,firefox,448009784.0,1846916111,2024-02-20 15:14:40,1379305,,,,,,,,,,,,,,,,,,,,,,,,,,,,,,,,,,,,,,,,,,,,,,,,,TN
2788,1e295a67b581b43b2624343f29bf8ef9e1751c95,0.8681044206615114,autoland,4768104,12,53390121d39b212135aaffcd577053a14c7f0dff,linux1804-64-shippable-qr,True,False,,,102210fe594ee9b33d82058545b1ed14f4c8206e,custom.jsdebugger.stepOut.DAMP,damp,True,damp custom.jsdebugger.stepOut.DAMP opt e10s fission stylo webrender,4767202,77,ms,firefox,448008844.0,1846913586,2024-02-20 15:16:14,1379308,,,,,,,,,,,,,,,,,,,,,,,,,,,,,,,,,,,,,,,,,,,,,,,,,TN
2789,3b6c10d28209f5d0d86ec59115a00869e7dd0830,0.8585849704686106,autoland,4768104,12,53390121d39b212135aaffcd577053a14c7f0dff,linux1804-64-shippable-qr,True,False,,,102210fe594ee9b33d82058545b1ed14f4c8206e,custom.jsdebugger.stepOut.DAMP,damp,True,damp custom.jsdebugger.stepOut.DAMP opt e10s fission stylo webrender,4767202,77,ms,firefox,448009666.0,1846915352,2024-02-20 15:20:38,1379313,,,,,,,,,,,,,,,,,,,,,,,,,,,,,,,,,,,,,,,,,,,,,,,,,TN
2790,682b6de9834db4460b2522bb74c9393f55bb0190,0.8575662635980388,autoland,4768104,12,53390121d39b212135aaffcd577053a14c7f0dff,linux1804-64-shippable-qr,True,False,,,102210fe594ee9b33d82058545b1ed14f4c8206e,custom.jsdebugger.stepOut.DAMP,damp,True,damp custom.jsdebugger.stepOut.DAMP opt e10s fission stylo webrender,4767202,77,ms,firefox,448009126.0,1846914489,2024-02-20 16:07:44,1379358,,,,,,,,,,,,,,,,,,,,,,,,,,,,,,,,,,,,,,,,,,,,,,,,,TN
2791,a7847a74255d5d98a3098dde230259720bcf7869,0.8384022643505273,autoland,4768104,12,53390121d39b212135aaffcd577053a14c7f0dff,linux1804-64-shippable-qr,True,False,,,102210fe594ee9b33d82058545b1ed14f4c8206e,custom.jsdebugger.stepOut.DAMP,damp,True,damp custom.jsdebugger.stepOut.DAMP opt e10s fission stylo webrender,4767202,77,ms,firefox,448006004.0,1846901906,2024-02-20 16:15:42,1379367,,,,,,,,,,,,,,,,,,,,,,,,,,,,,,,,,,,,,,,,,,,,,,,,,TN
2792,623e1902693990cb2376e7e88d5e5d27764a16c3,0.8456078600281947,autoland,4768104,12,53390121d39b212135aaffcd577053a14c7f0dff,linux1804-64-shippable-qr,True,False,,,102210fe594ee9b33d82058545b1ed14f4c8206e,custom.jsdebugger.stepOut.DAMP,damp,True,damp custom.jsdebugger.stepOut.DAMP opt e10s fission stylo webrender,4767202,77,ms,firefox,448011145.0,1846918561,2024-02-20 16:16:23,1379368,,,,,,,,,,,,,,,,,,,,,,,,,,,,,,,,,,,,,,,,,,,,,,,,,TN
2793,b3d4baf33ad64a8f06b70a4d4c46bee3345f35bc,0.8211889902382741,autoland,4768104,12,53390121d39b212135aaffcd577053a14c7f0dff,linux1804-64-shippable-qr,True,False,,,102210fe594ee9b33d82058545b1ed14f4c8206e,custom.jsdebugger.stepOut.DAMP,damp,True,damp custom.jsdebugger.stepOut.DAMP opt e10s fission stylo webrender,4767202,77,ms,firefox,448010493.0,1846917885,2024-02-20 16:39:41,1379384,,,,,,,,,,,,,,,,,,,,,,,,,,,,,,,,,,,,,,,,,,,,,,,,,TN
2794,99df51b415d453cacfb4e19a6312f6a78f0522ee,0.8577987609488618,autoland,4768104,12,53390121d39b212135aaffcd577053a14c7f0dff,linux1804-64-shippable-qr,True,False,,,102210fe594ee9b33d82058545b1ed14f4c8206e,custom.jsdebugger.stepOut.DAMP,damp,True,damp custom.jsdebugger.stepOut.DAMP opt e10s fission stylo webrender,4767202,77,ms,firefox,448008842.0,1846913048,2024-02-20 16:40:33,1379386,,,,,,,,,,,,,,,,,,,,,,,,,,,,,,,,,,,,,,,,,,,,,,,,,TN
2795,0465723cfb4ca46ccf93d696eb564093a1d9f2e6,0.8582288039970687,autoland,4768104,12,53390121d39b212135aaffcd577053a14c7f0dff,linux1804-64-shippable-qr,True,False,,,102210fe594ee9b33d82058545b1ed14f4c8206e,custom.jsdebugger.stepOut.DAMP,damp,True,damp custom.jsdebugger.stepOut.DAMP opt e10s fission stylo webrender,4767202,77,ms,firefox,447775402.0,1845899484,2024-02-20 16:46:59,1379390,,,,,,,,,,,,,,,,,,,,,,,,,,,,,,,,,,,,,,,,,,,,,,,,,TN
2796,d7a5e99dac8424b386cd75a995c26df1c2e6ce88,0.8499357427290539,autoland,4768104,12,53390121d39b212135aaffcd577053a14c7f0dff,linux1804-64-shippable-qr,True,False,,,102210fe594ee9b33d82058545b1ed14f4c8206e,custom.jsdebugger.stepOut.DAMP,damp,True,damp custom.jsdebugger.stepOut.DAMP opt e10s fission stylo webrender,4767202,77,ms,firefox,448009912.0,1846916888,2024-02-20 18:43:22,1379478,,,,,,,,,,,,,,,,,,,,,,,,,,,,,,,,,,,,,,,,,,,,,,,,,TN
2797,2c4646b33c7313f86fb6fb60be42fb5fcb5f106b,0.8472597702837652,autoland,4768104,12,53390121d39b212135aaffcd577053a14c7f0dff,linux1804-64-shippable-qr,True,False,,,102210fe594ee9b33d82058545b1ed14f4c8206e,custom.jsdebugger.stepOut.DAMP,damp,True,damp custom.jsdebugger.stepOut.DAMP opt e10s fission stylo webrender,4767202,77,ms,firefox,448010507.0,1846918052,2024-02-20 18:55:11,1379486,,,,,,,,,,,,,,,,,,,,,,,,,,,,,,,,,,,,,,,,,,,,,,,,,TN
2798,d75a5d616386c23dfc72f46dc25649ca19a63990,0.853958280836635,autoland,4768104,12,53390121d39b212135aaffcd577053a14c7f0dff,linux1804-64-shippable-qr,True,False,,,102210fe594ee9b33d82058545b1ed14f4c8206e,custom.jsdebugger.stepOut.DAMP,damp,True,damp custom.jsdebugger.stepOut.DAMP opt e10s fission stylo webrender,4767202,77,ms,firefox,448009514.0,1846914778,2024-02-20 18:57:22,1379487,,,,,,,,,,,,,,,,,,,,,,,,,,,,,,,,,,,,,,,,,,,,,,,,,TN
2799,f77525a9adea220a696d6bfb598abd69441657db,0.8520252312349601,autoland,4768104,12,53390121d39b212135aaffcd577053a14c7f0dff,linux1804-64-shippable-qr,True,False,,,102210fe594ee9b33d82058545b1ed14f4c8206e,custom.jsdebugger.stepOut.DAMP,damp,True,damp custom.jsdebugger.stepOut.DAMP opt e10s fission stylo webrender,4767202,77,ms,firefox,448009663.0,1846914840,2024-02-20 19:00:38,1379490,,,,,,,,,,,,,,,,,,,,,,,,,,,,,,,,,,,,,,,,,,,,,,,,,TN
2800,78501883c3b8900ca67ea4eee84c41b2ef3f2302,0.8396015329065318,autoland,4768104,12,53390121d39b212135aaffcd577053a14c7f0dff,linux1804-64-shippable-qr,True,False,,,102210fe594ee9b33d82058545b1ed14f4c8206e,custom.jsdebugger.stepOut.DAMP,damp,True,damp custom.jsdebugger.stepOut.DAMP opt e10s fission stylo webrender,4767202,77,ms,firefox,448011147.0,1846919423,2024-02-20 19:04:26,1379494,,,,,,,,,,,,,,,,,,,,,,,,,,,,,,,,,,,,,,,,,,,,,,,,,TN
2801,a585227e0c594c972455aaacf3067742d136e630,0.8528868017182574,autoland,4768104,12,53390121d39b212135aaffcd577053a14c7f0dff,linux1804-64-shippable-qr,True,False,,,102210fe594ee9b33d82058545b1ed14f4c8206e,custom.jsdebugger.stepOut.DAMP,damp,True,damp custom.jsdebugger.stepOut.DAMP opt e10s fission stylo webrender,4767202,77,ms,firefox,448009694.0,1846915575,2024-02-20 19:33:18,1379506,,,,,,,,,,,,,,,,,,,,,,,,,,,,,,,,,,,,,,,,,,,,,,,,,TN
2802,bee573c664c97cfff9822f297f87642abfcc3362,0.8313124697469128,autoland,4768104,12,53390121d39b212135aaffcd577053a14c7f0dff,linux1804-64-shippable-qr,True,False,,,102210fe594ee9b33d82058545b1ed14f4c8206e,custom.jsdebugger.stepOut.DAMP,damp,True,damp custom.jsdebugger.stepOut.DAMP opt e10s fission stylo webrender,4767202,77,ms,firefox,448006005.0,1846901792,2024-02-20 19:36:51,1379507,,,,,,,,,,,,,,,,,,,,,,,,,,,,,,,,,,,,,,,,,,,,,,,,,TN
2803,695de01232f0b2d0f75cd8f82b2588a1c638a9ac,0.8260955146645081,autoland,4768104,12,53390121d39b212135aaffcd577053a14c7f0dff,linux1804-64-shippable-qr,True,False,,,102210fe594ee9b33d82058545b1ed14f4c8206e,custom.jsdebugger.stepOut.DAMP,damp,True,damp custom.jsdebugger.stepOut.DAMP opt e10s fission stylo webrender,4767202,77,ms,firefox,448009667.0,1846914960,2024-02-20 19:43:31,1379509,,,,,,,,,,,,,,,,,,,,,,,,,,,,,,,,,,,,,,,,,,,,,,,,,TN
2804,321b20cb103fc0cb6bdef14f655a164f0fe27b3a,0.8319978045298946,autoland,4768104,12,53390121d39b212135aaffcd577053a14c7f0dff,linux1804-64-shippable-qr,True,False,,,102210fe594ee9b33d82058545b1ed14f4c8206e,custom.jsdebugger.stepOut.DAMP,damp,True,damp custom.jsdebugger.stepOut.DAMP opt e10s fission stylo webrender,4767202,77,ms,firefox,448008846.0,1846913301,2024-02-20 19:53:39,1379519,,,,,,,,,,,,,,,,,,,,,,,,,,,,,,,,,,,,,,,,,,,,,,,,,TN
2805,53f7baad39fc2408bc5c1ab6df97372a395730a4,0.9140438844291452,autoland,4768104,12,53390121d39b212135aaffcd577053a14c7f0dff,linux1804-64-shippable-qr,True,False,,,102210fe594ee9b33d82058545b1ed14f4c8206e,custom.jsdebugger.stepOut.DAMP,damp,True,damp custom.jsdebugger.stepOut.DAMP opt e10s fission stylo webrender,4767202,77,ms,firefox,447802403.0,1845983948,2024-02-20 20:06:07,1379528,,,,,,,,,,,,,,,,,,,,,,,,,,,,,,,,,,,,,,,,,,,,,,,,,TN
2806,05e1180d2aa04a8882ff66dfaeeb0705694f7a61,0.8398176314557717,autoland,4768104,12,53390121d39b212135aaffcd577053a14c7f0dff,linux1804-64-shippable-qr,True,False,,,102210fe594ee9b33d82058545b1ed14f4c8206e,custom.jsdebugger.stepOut.DAMP,damp,True,damp custom.jsdebugger.stepOut.DAMP opt e10s fission stylo webrender,4767202,77,ms,firefox,447830181.0,1846058724,2024-02-21 00:08:41,1379609,,,,,,,,,,,,,,,,,,,,,,,,,,,,,,,,,,,,,,,,,,,,,,,,,TN
2807,119078d182dd2557cd70eb6933abc1ecfb499edd,0.8504260514973287,autoland,4768104,12,53390121d39b212135aaffcd577053a14c7f0dff,linux1804-64-shippable-qr,True,False,,,102210fe594ee9b33d82058545b1ed14f4c8206e,custom.jsdebugger.stepOut.DAMP,damp,True,damp custom.jsdebugger.stepOut.DAMP opt e10s fission stylo webrender,4767202,77,ms,firefox,447832382.0,1846081925,2024-02-21 00:41:01,1379618,,,,,,,,,,,,,,,,,,,,,,,,,,,,,,,,,,,,,,,,,,,,,,,,,TN
2808,714d9f89093457451e3881a56b2477e958b70fe0,0.8465533987346379,autoland,4768104,12,53390121d39b212135aaffcd577053a14c7f0dff,linux1804-64-shippable-qr,True,False,,,102210fe594ee9b33d82058545b1ed14f4c8206e,custom.jsdebugger.stepOut.DAMP,damp,True,damp custom.jsdebugger.stepOut.DAMP opt e10s fission stylo webrender,4767202,77,ms,firefox,447845884.0,1846147934,2024-02-21 05:21:04,1379764,,,,,,,,,,,,,,,,,,,,,,,,,,,,,,,,,,,,,,,,,,,,,,,,,TN
2809,764b93d1a22891bddaaec4e5f73836957d938bac,0.9224748903696527,autoland,4768104,12,53390121d39b212135aaffcd577053a14c7f0dff,linux1804-64-shippable-qr,True,False,,,102210fe594ee9b33d82058545b1ed14f4c8206e,custom.jsdebugger.stepOut.DAMP,damp,True,damp custom.jsdebugger.stepOut.DAMP opt e10s fission stylo webrender,4767202,77,ms,firefox,447876962.0,1846273876,2024-02-21 10:11:10,1379832,,,,,,,,,,,,,,,,,,,,,,,,,,,,,,,,,,,,,,,,,,,,,,,,,TN
2810,24ffc625c71e9cb6e20c48936ac06da6ec066694,0.8638614669617284,autoland,4768104,12,53390121d39b212135aaffcd577053a14c7f0dff,linux1804-64-shippable-qr,True,False,,,102210fe594ee9b33d82058545b1ed14f4c8206e,custom.jsdebugger.stepOut.DAMP,damp,True,damp custom.jsdebugger.stepOut.DAMP opt e10s fission stylo webrender,4767202,77,ms,firefox,447878099.0,1846305668,2024-02-21 10:22:21,1379838,,,,,,,,,,,,,,,,,,,,,,,,,,,,,,,,,,,,,,,,,,,,,,,,,TN
2811,799f79fdcedba2bbccee86179c8b547894a16162,0.8379350381001769,autoland,4768104,12,53390121d39b212135aaffcd577053a14c7f0dff,linux1804-64-shippable-qr,True,False,,,102210fe594ee9b33d82058545b1ed14f4c8206e,custom.jsdebugger.stepOut.DAMP,damp,True,damp custom.jsdebugger.stepOut.DAMP opt e10s fission stylo webrender,4767202,77,ms,firefox,447923898.0,1846452341,2024-02-21 14:24:58,1379926,,,,,,,,,,,,,,,,,,,,,,,,,,,,,,,,,,,,,,,,,,,,,,,,,TN
2812,f8dd4015fa59fee3a1a74c00cd2393a9578e49f0,0.8361922652692051,autoland,4768104,12,53390121d39b212135aaffcd577053a14c7f0dff,linux1804-64-shippable-qr,True,False,,,102210fe594ee9b33d82058545b1ed14f4c8206e,custom.jsdebugger.stepOut.DAMP,damp,True,damp custom.jsdebugger.stepOut.DAMP opt e10s fission stylo webrender,4767202,77,ms,firefox,447919809.0,1846424211,2024-02-21 15:14:56,1379958,,,,,,,,,,,,,,,,,,,,,,,,,,,,,,,,,,,,,,,,,,,,,,,,,TN
2813,bec4dc4bd9ce0a51dab009936bc838963e3f16b3,0.8544028160338053,autoland,4768104,12,53390121d39b212135aaffcd577053a14c7f0dff,linux1804-64-shippable-qr,True,False,,,102210fe594ee9b33d82058545b1ed14f4c8206e,custom.jsdebugger.stepOut.DAMP,damp,True,damp custom.jsdebugger.stepOut.DAMP opt e10s fission stylo webrender,4767202,77,ms,firefox,447959293.0,1846705194,2024-02-21 20:37:48,1380197,,,,,,,,,,,,,,,,,,,,,,,,,,,,,,,,,,,,,,,,,,,,,,,,,TN
2814,31b9ef95a482db91c24a809eb6a64f2c0d7f8f9d,0.8534587060748229,autoland,4768104,12,53390121d39b212135aaffcd577053a14c7f0dff,linux1804-64-shippable-qr,True,False,,,102210fe594ee9b33d82058545b1ed14f4c8206e,custom.jsdebugger.stepOut.DAMP,damp,True,damp custom.jsdebugger.stepOut.DAMP opt e10s fission stylo webrender,4767202,77,ms,firefox,447962076.0,1846714959,2024-02-21 20:47:55,1380210,,,,,,,,,,,,,,,,,,,,,,,,,,,,,,,,,,,,,,,,,,,,,,,,,TN
2815,445c60e096fe3cdc8b7169881875c476febfe082,0.8586660583448671,autoland,4768104,12,53390121d39b212135aaffcd577053a14c7f0dff,linux1804-64-shippable-qr,True,False,,,102210fe594ee9b33d82058545b1ed14f4c8206e,custom.jsdebugger.stepOut.DAMP,damp,True,damp custom.jsdebugger.stepOut.DAMP opt e10s fission stylo webrender,4767202,77,ms,firefox,447994759.0,1846821767,2024-02-22 00:49:41,1380338,,,,,,,,,,,,,,,,,,,,,,,,,,,,,,,,,,,,,,,,,,,,,,,,,TN
2816,093d37f32ef033aa168508e96b9ec2e753850ccc,0.8581534152135379,autoland,4768104,12,53390121d39b212135aaffcd577053a14c7f0dff,linux1804-64-shippable-qr,True,False,,,102210fe594ee9b33d82058545b1ed14f4c8206e,custom.jsdebugger.stepOut.DAMP,damp,True,damp custom.jsdebugger.stepOut.DAMP opt e10s fission stylo webrender,4767202,77,ms,firefox,447999205.0,1846865728,2024-02-22 02:03:24,1380373,,,,,,,,,,,,,,,,,,,,,,,,,,,,,,,,,,,,,,,,,,,,,,,,,TN
2817,e32e8effe8493ec71ad7a3b2b043f7742905b2be,0.869679881005464,autoland,4768104,12,53390121d39b212135aaffcd577053a14c7f0dff,linux1804-64-shippable-qr,True,False,,,102210fe594ee9b33d82058545b1ed14f4c8206e,custom.jsdebugger.stepOut.DAMP,damp,True,damp custom.jsdebugger.stepOut.DAMP opt e10s fission stylo webrender,4767202,77,ms,firefox,448015432.0,1846944053,2024-02-22 06:55:22,1380445,,,,,,,,,,,,,,,,,,,,,,,,,,,,,,,,,,,,,,,,,,,,,,,,,TN
2818,836800665817ebbf328952caef8477f135630733,0.8723616737586382,autoland,4768104,12,53390121d39b212135aaffcd577053a14c7f0dff,linux1804-64-shippable-qr,True,False,,,102210fe594ee9b33d82058545b1ed14f4c8206e,custom.jsdebugger.stepOut.DAMP,damp,True,damp custom.jsdebugger.stepOut.DAMP opt e10s fission stylo webrender,4767202,77,ms,firefox,448047119.0,1847050522,2024-02-22 08:58:43,1380488,,,,,,,,,,,,,,,,,,,,,,,,,,,,,,,,,,,,,,,,,,,,,,,,,TN
2819,583b3985eb0c0410cf6ebaf8e2f5c576185726c5,0.8631589782672229,autoland,4768104,12,53390121d39b212135aaffcd577053a14c7f0dff,linux1804-64-shippable-qr,True,False,,,102210fe594ee9b33d82058545b1ed14f4c8206e,custom.jsdebugger.stepOut.DAMP,damp,True,damp custom.jsdebugger.stepOut.DAMP opt e10s fission stylo webrender,4767202,77,ms,firefox,448071905.0,1847159605,2024-02-22 12:54:00,1380594,,,,,,,,,,,,,,,,,,,,,,,,,,,,,,,,,,,,,,,,,,,,,,,,,TN
2820,802fca0a2dc728eda7780c1507c79328689d206a,0.8232442613355428,autoland,4768104,12,53390121d39b212135aaffcd577053a14c7f0dff,linux1804-64-shippable-qr,True,False,,,102210fe594ee9b33d82058545b1ed14f4c8206e,custom.jsdebugger.stepOut.DAMP,damp,True,damp custom.jsdebugger.stepOut.DAMP opt e10s fission stylo webrender,4767202,77,ms,firefox,448377268.0,1848394657,2024-02-22 15:53:20,1380729,,,,,,,,,,,,,,,,,,,,,,,,,,,,,,,,,,,,,,,,,,,,,,,,,TN
2821,cf7a5cbf62ee34715785423276f2204105ed642c,0.8636955812350526,autoland,4768104,12,53390121d39b212135aaffcd577053a14c7f0dff,linux1804-64-shippable-qr,True,False,,,102210fe594ee9b33d82058545b1ed14f4c8206e,custom.jsdebugger.stepOut.DAMP,damp,True,damp custom.jsdebugger.stepOut.DAMP opt e10s fission stylo webrender,4767202,77,ms,firefox,448377272.0,1848395050,2024-02-22 15:54:13,1380730,,,,,,,,,,,,,,,,,,,,,,,,,,,,,,,,,,,,,,,,,,,,,,,,,TN
2822,0104eaefd1447a17677a06ee1be8f45c84d68a7a,0.8563458857454247,autoland,4768104,12,53390121d39b212135aaffcd577053a14c7f0dff,linux1804-64-shippable-qr,True,False,,,102210fe594ee9b33d82058545b1ed14f4c8206e,custom.jsdebugger.stepOut.DAMP,damp,True,damp custom.jsdebugger.stepOut.DAMP opt e10s fission stylo webrender,4767202,77,ms,firefox,448377253.0,1848394602,2024-02-22 16:20:11,1380761,,,,,,,,,,,,,,,,,,,,,,,,,,,,,,,,,,,,,,,,,,,,,,,,,TN
2823,e9c1666711197e45ede546195ff2e7267f083e87,0.8326801327829645,autoland,4768104,12,53390121d39b212135aaffcd577053a14c7f0dff,linux1804-64-shippable-qr,True,False,,,102210fe594ee9b33d82058545b1ed14f4c8206e,custom.jsdebugger.stepOut.DAMP,damp,True,damp custom.jsdebugger.stepOut.DAMP opt e10s fission stylo webrender,4767202,77,ms,firefox,448377129.0,1848394282,2024-02-22 16:23:27,1380764,,,,,,,,,,,,,,,,,,,,,,,,,,,,,,,,,,,,,,,,,,,,,,,,,TN
2824,0fcec29405ad71a6f76bf44f5df6f6d4ac3995db,0.854298980471301,autoland,4768104,12,53390121d39b212135aaffcd577053a14c7f0dff,linux1804-64-shippable-qr,True,False,,,102210fe594ee9b33d82058545b1ed14f4c8206e,custom.jsdebugger.stepOut.DAMP,damp,True,damp custom.jsdebugger.stepOut.DAMP opt e10s fission stylo webrender,4767202,77,ms,firefox,448377114.0,1848394344,2024-02-22 16:28:26,1380771,,,,,,,,,,,,,,,,,,,,,,,,,,,,,,,,,,,,,,,,,,,,,,,,,TN
2825,66fd46557554236bda962543ad2f905572e1127f,0.8180204744954958,autoland,4768104,12,53390121d39b212135aaffcd577053a14c7f0dff,linux1804-64-shippable-qr,True,False,,,102210fe594ee9b33d82058545b1ed14f4c8206e,custom.jsdebugger.stepOut.DAMP,damp,True,damp custom.jsdebugger.stepOut.DAMP opt e10s fission stylo webrender,4767202,77,ms,firefox,448377174.0,1848394412,2024-02-22 16:44:07,1380785,,,,,,,,,,,,,,,,,,,,,,,,,,,,,,,,,,,,,,,,,,,,,,,,,TN
2826,51ea0932b27ba455533226277e6c6deeb38a8fd4,0.8744575369818495,autoland,4768104,12,53390121d39b212135aaffcd577053a14c7f0dff,linux1804-64-shippable-qr,True,False,,,102210fe594ee9b33d82058545b1ed14f4c8206e,custom.jsdebugger.stepOut.DAMP,damp,True,damp custom.jsdebugger.stepOut.DAMP opt e10s fission stylo webrender,4767202,77,ms,firefox,448097184.0,1847258896,2024-02-22 16:54:14,1380794,,,,,,,,,,,,,,,,,,,,,,,,,,,,,,,,,,,,,,,,,,,,,,,,,TN
2827,56e56fc5bf2ba46d1c64bc565ab8dec763bce6ba,0.8543826307534073,autoland,4768104,12,53390121d39b212135aaffcd577053a14c7f0dff,linux1804-64-shippable-qr,True,False,,,102210fe594ee9b33d82058545b1ed14f4c8206e,custom.jsdebugger.stepOut.DAMP,damp,True,damp custom.jsdebugger.stepOut.DAMP opt e10s fission stylo webrender,4767202,77,ms,firefox,448377367.0,1848395686,2024-02-22 16:56:27,1380795,,,,,,,,,,,,,,,,,,,,,,,,,,,,,,,,,,,,,,,,,,,,,,,,,TN
2828,d86749f6e1f5c0f844b81f451a9325264474548e,0.901072405519038,autoland,4768104,12,53390121d39b212135aaffcd577053a14c7f0dff,linux1804-64-shippable-qr,True,False,,,102210fe594ee9b33d82058545b1ed14f4c8206e,custom.jsdebugger.stepOut.DAMP,damp,True,damp custom.jsdebugger.stepOut.DAMP opt e10s fission stylo webrender,4767202,77,ms,firefox,448377361.0,1848395515,2024-02-22 16:59:06,1380797,,,,,,,,,,,,,,,,,,,,,,,,,,,,,,,,,,,,,,,,,,,,,,,,,TN
2829,aac0a57bd987ca0633e2f48ca37f8564344749b9,0.8467153211278808,autoland,4768104,12,53390121d39b212135aaffcd577053a14c7f0dff,linux1804-64-shippable-qr,True,False,,,102210fe594ee9b33d82058545b1ed14f4c8206e,custom.jsdebugger.stepOut.DAMP,damp,True,damp custom.jsdebugger.stepOut.DAMP opt e10s fission stylo webrender,4767202,77,ms,firefox,448101678.0,1847279331,2024-02-22 17:17:40,1380806,,,,,,,,,,,,,,,,,,,,,,,,,,,,,,,,,,,,,,,,,,,,,,,,,TN
2830,c21d937e3026654dd8f465e39464252a31bfb4a2,0.824269165075229,autoland,4768104,12,53390121d39b212135aaffcd577053a14c7f0dff,linux1804-64-shippable-qr,True,False,,,102210fe594ee9b33d82058545b1ed14f4c8206e,custom.jsdebugger.stepOut.DAMP,damp,True,damp custom.jsdebugger.stepOut.DAMP opt e10s fission stylo webrender,4767202,77,ms,firefox,448377281.0,1848395128,2024-02-22 21:00:06,1380949,,,,,,,,,,,,,,,,,,,,,,,,,,,,,,,,,,,,,,,,,,,,,,,,,TN
2831,7debfeff9b413aa2c8888f9183afcc94a23366fc,0.8285446640125023,autoland,4768104,12,53390121d39b212135aaffcd577053a14c7f0dff,linux1804-64-shippable-qr,True,False,,,102210fe594ee9b33d82058545b1ed14f4c8206e,custom.jsdebugger.stepOut.DAMP,damp,True,damp custom.jsdebugger.stepOut.DAMP opt e10s fission stylo webrender,4767202,77,ms,firefox,448374290.0,1848375325,2024-02-22 21:00:48,1380950,,,,,,,,,,,,,,,,,,,,,,,,,,,,,,,,,,,,,,,,,,,,,,,,,TN
2832,533127adaec7ce66a2b105b7f89259d578469fb5,0.8101843749507178,autoland,4768104,12,53390121d39b212135aaffcd577053a14c7f0dff,linux1804-64-shippable-qr,True,False,,,102210fe594ee9b33d82058545b1ed14f4c8206e,custom.jsdebugger.stepOut.DAMP,damp,True,damp custom.jsdebugger.stepOut.DAMP opt e10s fission stylo webrender,4767202,77,ms,firefox,448374291.0,1848374482,2024-02-22 21:01:30,1380951,,,,,,,,,,,,,,,,,,,,,,,,,,,,,,,,,,,,,,,,,,,,,,,,,TN
2833,08bf38fa7ce308cc9ea7db38a6b545ba88e0270f,0.8558903398533557,autoland,4768104,12,53390121d39b212135aaffcd577053a14c7f0dff,linux1804-64-shippable-qr,True,False,,,102210fe594ee9b33d82058545b1ed14f4c8206e,custom.jsdebugger.stepOut.DAMP,damp,True,damp custom.jsdebugger.stepOut.DAMP opt e10s fission stylo webrender,4767202,77,ms,firefox,448374272.0,1848374634,2024-02-22 21:02:12,1380952,,,,,,,,,,,,,,,,,,,,,,,,,,,,,,,,,,,,,,,,,,,,,,,,,TN
2834,561af3572275db71daa6d655dbb33049597c5ea2,0.8852763038208891,autoland,4768104,12,53390121d39b212135aaffcd577053a14c7f0dff,linux1804-64-shippable-qr,True,False,,,102210fe594ee9b33d82058545b1ed14f4c8206e,custom.jsdebugger.stepOut.DAMP,damp,True,damp custom.jsdebugger.stepOut.DAMP opt e10s fission stylo webrender,4767202,77,ms,firefox,448377363.0,1848395445,2024-02-22 21:03:01,1380953,,,,,,,,,,,,,,,,,,,,,,,,,,,,,,,,,,,,,,,,,,,,,,,,,TN
2835,af593987c9ee9c144195d4b23802fafd1fb67f2c,0.8968003562417781,autoland,4768104,12,53390121d39b212135aaffcd577053a14c7f0dff,linux1804-64-shippable-qr,True,False,,,102210fe594ee9b33d82058545b1ed14f4c8206e,custom.jsdebugger.stepOut.DAMP,damp,True,damp custom.jsdebugger.stepOut.DAMP opt e10s fission stylo webrender,4767202,77,ms,firefox,448377369.0,1848395747,2024-02-22 21:03:45,1380954,,,,,,,,,,,,,,,,,,,,,,,,,,,,,,,,,,,,,,,,,,,,,,,,,TN
2836,7d10849b0c31db1bc0982d711ddd882a8a44afa9,0.8418986627305349,autoland,4768104,12,53390121d39b212135aaffcd577053a14c7f0dff,linux1804-64-shippable-qr,True,False,,,102210fe594ee9b33d82058545b1ed14f4c8206e,custom.jsdebugger.stepOut.DAMP,damp,True,damp custom.jsdebugger.stepOut.DAMP opt e10s fission stylo webrender,4767202,77,ms,firefox,448377264.0,1848394850,2024-02-22 21:04:27,1380955,,,,,,,,,,,,,,,,,,,,,,,,,,,,,,,,,,,,,,,,,,,,,,,,,TN
2837,d43385ab0a2392d5bdcbbd15bdaeccd483e60efa,0.8408768797805675,autoland,4768104,12,53390121d39b212135aaffcd577053a14c7f0dff,linux1804-64-shippable-qr,True,False,,,102210fe594ee9b33d82058545b1ed14f4c8206e,custom.jsdebugger.stepOut.DAMP,damp,True,damp custom.jsdebugger.stepOut.DAMP opt e10s fission stylo webrender,4767202,77,ms,firefox,448377265.0,1848394795,2024-02-22 21:05:17,1380957,,,,,,,,,,,,,,,,,,,,,,,,,,,,,,,,,,,,,,,,,,,,,,,,,TN
2838,97c68086b9fce025cb3c9b70613577aa00150301,0.861785600241443,autoland,4768104,12,53390121d39b212135aaffcd577053a14c7f0dff,linux1804-64-shippable-qr,True,False,,,102210fe594ee9b33d82058545b1ed14f4c8206e,custom.jsdebugger.stepOut.DAMP,damp,True,damp custom.jsdebugger.stepOut.DAMP opt e10s fission stylo webrender,4767202,77,ms,firefox,448377274.0,1848395147,2024-02-22 21:06:01,1380958,,,,,,,,,,,,,,,,,,,,,,,,,,,,,,,,,,,,,,,,,,,,,,,,,TN
2839,1b60bca1b546c120891a0263bcdf7757d75178bc,0.879357382659677,autoland,4768104,12,53390121d39b212135aaffcd577053a14c7f0dff,linux1804-64-shippable-qr,True,False,,,102210fe594ee9b33d82058545b1ed14f4c8206e,custom.jsdebugger.stepOut.DAMP,damp,True,damp custom.jsdebugger.stepOut.DAMP opt e10s fission stylo webrender,4767202,77,ms,firefox,448137962.0,1847413332,2024-02-22 21:59:43,1380998,,,,,,,,,,,,,,,,,,,,,,,,,,,,,,,,,,,,,,,,,,,,,,,,,TN
2840,a104b390803200c0aa6695c77bdfcb34e1a188d1,0.8654732997583561,autoland,4768104,12,53390121d39b212135aaffcd577053a14c7f0dff,linux1804-64-shippable-qr,True,False,,,102210fe594ee9b33d82058545b1ed14f4c8206e,custom.jsdebugger.stepOut.DAMP,damp,True,damp custom.jsdebugger.stepOut.DAMP opt e10s fission stylo webrender,4767202,77,ms,firefox,448377381.0,1848395986,2024-02-22 22:04:18,1381004,,,,,,,,,,,,,,,,,,,,,,,,,,,,,,,,,,,,,,,,,,,,,,,,,TN
2841,4a7bad56a49b49e65ac28aef69e65be36fdb3c89,0.8511287975253325,autoland,4768104,12,53390121d39b212135aaffcd577053a14c7f0dff,linux1804-64-shippable-qr,True,False,,,102210fe594ee9b33d82058545b1ed14f4c8206e,custom.jsdebugger.stepOut.DAMP,damp,True,damp custom.jsdebugger.stepOut.DAMP opt e10s fission stylo webrender,4767202,77,ms,firefox,448377287.0,1848395298,2024-02-22 22:05:00,1381005,,,,,,,,,,,,,,,,,,,,,,,,,,,,,,,,,,,,,,,,,,,,,,,,,TN
2842,3157eece201c15988ff693f9746bc767ad633fa8,0.8565883982384452,autoland,4768104,12,53390121d39b212135aaffcd577053a14c7f0dff,linux1804-64-shippable-qr,True,False,,,102210fe594ee9b33d82058545b1ed14f4c8206e,custom.jsdebugger.stepOut.DAMP,damp,True,damp custom.jsdebugger.stepOut.DAMP opt e10s fission stylo webrender,4767202,77,ms,firefox,448138541.0,1847419673,2024-02-22 22:05:44,1381007,,,,,,,,,,,,,,,,,,,,,,,,,,,,,,,,,,,,,,,,,,,,,,,,,TN
2843,8da59982d199c9c7044cf251d6f56802c669e0a5,0.8697774203422843,autoland,4768104,12,53390121d39b212135aaffcd577053a14c7f0dff,linux1804-64-shippable-qr,True,False,,,102210fe594ee9b33d82058545b1ed14f4c8206e,custom.jsdebugger.stepOut.DAMP,damp,True,damp custom.jsdebugger.stepOut.DAMP opt e10s fission stylo webrender,4767202,77,ms,firefox,448377368.0,1848395629,2024-02-22 23:07:20,1381056,,,,,,,,,,,,,,,,,,,,,,,,,,,,,,,,,,,,,,,,,,,,,,,,,TN
2844,c3d473ad806ca2aaca9a6e3b8ce0daccccd1fdab,0.8575247613657979,autoland,4768104,12,53390121d39b212135aaffcd577053a14c7f0dff,linux1804-64-shippable-qr,True,False,,,102210fe594ee9b33d82058545b1ed14f4c8206e,custom.jsdebugger.stepOut.DAMP,damp,True,damp custom.jsdebugger.stepOut.DAMP opt e10s fission stylo webrender,4767202,77,ms,firefox,448376698.0,1848393959,2024-02-22 23:29:22,1381066,,,,,,,,,,,,,,,,,,,,,,,,,,,,,,,,,,,,,,,,,,,,,,,,,TN
2845,5f5966a0851e4fc63bb12103135b633acf51017a,0.8526208857855886,autoland,4768104,12,53390121d39b212135aaffcd577053a14c7f0dff,linux1804-64-shippable-qr,True,False,,,102210fe594ee9b33d82058545b1ed14f4c8206e,custom.jsdebugger.stepOut.DAMP,damp,True,damp custom.jsdebugger.stepOut.DAMP opt e10s fission stylo webrender,4767202,77,ms,firefox,448377366.0,1848395574,2024-02-22 23:38:13,1381073,,,,,,,,,,,,,,,,,,,,,,,,,,,,,,,,,,,,,,,,,,,,,,,,,TN
2846,9f799e88938e9689c176caf5f973ad50ff08f5e8,0.8119046464996849,autoland,4768104,12,53390121d39b212135aaffcd577053a14c7f0dff,linux1804-64-shippable-qr,True,False,,,102210fe594ee9b33d82058545b1ed14f4c8206e,custom.jsdebugger.stepOut.DAMP,damp,True,damp custom.jsdebugger.stepOut.DAMP opt e10s fission stylo webrender,4767202,77,ms,firefox,448377360.0,1848395234,2024-02-23 00:41:11,1381091,,,,,,,,,,,,,,,,,,,,,,,,,,,,,,,,,,,,,,,,,,,,,,,,,TN
2847,ac4d7c08648c29a9867f81776e74bd1ca2d27f2f,0.8261060951455583,autoland,4768104,12,53390121d39b212135aaffcd577053a14c7f0dff,linux1804-64-shippable-qr,True,False,,,102210fe594ee9b33d82058545b1ed14f4c8206e,custom.jsdebugger.stepOut.DAMP,damp,True,damp custom.jsdebugger.stepOut.DAMP opt e10s fission stylo webrender,4767202,77,ms,firefox,448374322.0,1848374889,2024-02-23 01:33:48,1381096,,,,,,,,,,,,,,,,,,,,,,,,,,,,,,,,,,,,,,,,,,,,,,,,,TN
2848,aa5fd8a19cd5bbd8566d2da5c1ca84a05cdbf58c,0.8511388385001128,autoland,4768104,12,53390121d39b212135aaffcd577053a14c7f0dff,linux1804-64-shippable-qr,True,False,,,102210fe594ee9b33d82058545b1ed14f4c8206e,custom.jsdebugger.stepOut.DAMP,damp,True,damp custom.jsdebugger.stepOut.DAMP opt e10s fission stylo webrender,4767202,77,ms,firefox,448377213.0,1848394486,2024-02-23 01:40:50,1381100,,,,,,,,,,,,,,,,,,,,,,,,,,,,,,,,,,,,,,,,,,,,,,,,,TN
2849,9ded7308a76eee774d1c27649a384337c9cf7c44,0.839596872089911,autoland,4768104,12,53390121d39b212135aaffcd577053a14c7f0dff,linux1804-64-shippable-qr,True,False,,,102210fe594ee9b33d82058545b1ed14f4c8206e,custom.jsdebugger.stepOut.DAMP,damp,True,damp custom.jsdebugger.stepOut.DAMP opt e10s fission stylo webrender,4767202,77,ms,firefox,448377359.0,1848395380,2024-02-23 01:41:57,1381103,,,,,,,,,,,,,,,,,,,,,,,,,,,,,,,,,,,,,,,,,,,,,,,,,TN
2850,90d2dd7d6b48918404ecc4906e62fa106b4238a9,0.8574303030761745,autoland,4768104,12,53390121d39b212135aaffcd577053a14c7f0dff,linux1804-64-shippable-qr,True,False,,,102210fe594ee9b33d82058545b1ed14f4c8206e,custom.jsdebugger.stepOut.DAMP,damp,True,damp custom.jsdebugger.stepOut.DAMP opt e10s fission stylo webrender,4767202,77,ms,firefox,448162233.0,1847513617,2024-02-23 03:42:44,1381156,,,,,,,,,,,,,,,,,,,,,,,,,,,,,,,,,,,,,,,,,,,,,,,,,TN
2851,21d2a36f8f072b9b57adbeb73eca449f62093ca3,0.8777611856062641,autoland,4768104,12,53390121d39b212135aaffcd577053a14c7f0dff,linux1804-64-shippable-qr,True,False,,,102210fe594ee9b33d82058545b1ed14f4c8206e,custom.jsdebugger.stepOut.DAMP,damp,True,damp custom.jsdebugger.stepOut.DAMP opt e10s fission stylo webrender,4767202,77,ms,firefox,448174201.0,1847622099,2024-02-23 07:23:44,1381206,,,,,,,,,,,,,,,,,,,,,,,,,,,,,,,,,,,,,,,,,,,,,,,,,TN
2852,75e12d12d89c2d79200c0057830f9e0c37f973f5,0.829414817909885,autoland,4768104,12,53390121d39b212135aaffcd577053a14c7f0dff,linux1804-64-shippable-qr,True,False,,,102210fe594ee9b33d82058545b1ed14f4c8206e,custom.jsdebugger.stepOut.DAMP,damp,True,damp custom.jsdebugger.stepOut.DAMP opt e10s fission stylo webrender,4767202,77,ms,firefox,448216794.0,1847762997,2024-02-23 12:03:57,1381319,,,,,,,,,,,,,,,,,,,,,,,,,,,,,,,,,,,,,,,,,,,,,,,,,TN
2853,e2c67ce1b79f08538c8f70b2089d860802aa289e,0.8726314049834276,autoland,4768104,12,53390121d39b212135aaffcd577053a14c7f0dff,linux1804-64-shippable-qr,True,False,,,102210fe594ee9b33d82058545b1ed14f4c8206e,custom.jsdebugger.stepOut.DAMP,damp,True,damp custom.jsdebugger.stepOut.DAMP opt e10s fission stylo webrender,4767202,77,ms,firefox,448239992.0,1847865243,2024-02-23 15:17:21,1381416,,,,,,,,,,,,,,,,,,,,,,,,,,,,,,,,,,,,,,,,,,,,,,,,,TN
2854,dccf526bcc0afbf9f7abd33abff453ced5a76335,0.8633575850926689,autoland,4768104,12,53390121d39b212135aaffcd577053a14c7f0dff,linux1804-64-shippable-qr,True,False,,,102210fe594ee9b33d82058545b1ed14f4c8206e,custom.jsdebugger.stepOut.DAMP,damp,True,damp custom.jsdebugger.stepOut.DAMP opt e10s fission stylo webrender,4767202,77,ms,firefox,448262509.0,1847963347,2024-02-23 18:14:32,1381598,,,,,,,,,,,,,,,,,,,,,,,,,,,,,,,,,,,,,,,,,,,,,,,,,TN
2855,8c239bb8c3fa84633497932b3d3a1d566f9e7581,0.8520755334783974,autoland,4768104,12,53390121d39b212135aaffcd577053a14c7f0dff,linux1804-64-shippable-qr,True,False,,,102210fe594ee9b33d82058545b1ed14f4c8206e,custom.jsdebugger.stepOut.DAMP,damp,True,damp custom.jsdebugger.stepOut.DAMP opt e10s fission stylo webrender,4767202,77,ms,firefox,448298906.0,1848076413,2024-02-23 22:24:23,1381790,,,,,,,,,,,,,,,,,,,,,,,,,,,,,,,,,,,,,,,,,,,,,,,,,TN
2856,fc1f91bbfd85565b6b9a06155b3d750dc17812f0,0.8387831119873166,autoland,4768104,12,53390121d39b212135aaffcd577053a14c7f0dff,linux1804-64-shippable-qr,True,False,,,102210fe594ee9b33d82058545b1ed14f4c8206e,custom.jsdebugger.stepOut.DAMP,damp,True,damp custom.jsdebugger.stepOut.DAMP opt e10s fission stylo webrender,4767202,77,ms,firefox,448301213.0,1848095050,2024-02-23 22:37:13,1381800,,,,,,,,,,,,,,,,,,,,,,,,,,,,,,,,,,,,,,,,,,,,,,,,,TN
2857,504cbf2189790d36f74d4fc454949d0c55a40c37,0.867725659512701,autoland,4768104,12,53390121d39b212135aaffcd577053a14c7f0dff,linux1804-64-shippable-qr,True,False,,,102210fe594ee9b33d82058545b1ed14f4c8206e,custom.jsdebugger.stepOut.DAMP,damp,True,damp custom.jsdebugger.stepOut.DAMP opt e10s fission stylo webrender,4767202,77,ms,firefox,448315363.0,1848154208,2024-02-24 03:17:09,1381876,,,,,,,,,,,,,,,,,,,,,,,,,,,,,,,,,,,,,,,,,,,,,,,,,TN
2858,f571738470f98e8161bf79b269e333053dca32c4,0.8657411153886747,autoland,4768104,12,53390121d39b212135aaffcd577053a14c7f0dff,linux1804-64-shippable-qr,True,False,,,102210fe594ee9b33d82058545b1ed14f4c8206e,custom.jsdebugger.stepOut.DAMP,damp,True,damp custom.jsdebugger.stepOut.DAMP opt e10s fission stylo webrender,4767202,77,ms,firefox,448326364.0,1848230480,2024-02-24 08:59:15,1381906,,,,,,,,,,,,,,,,,,,,,,,,,,,,,,,,,,,,,,,,,,,,,,,,,TN
2859,fb873ef9e164e2ac423d266870ce82445945de97,0.8147927203795464,autoland,4768104,12,53390121d39b212135aaffcd577053a14c7f0dff,linux1804-64-shippable-qr,True,False,,,102210fe594ee9b33d82058545b1ed14f4c8206e,custom.jsdebugger.stepOut.DAMP,damp,True,damp custom.jsdebugger.stepOut.DAMP opt e10s fission stylo webrender,4767202,77,ms,firefox,448353713.0,1848320131,2024-02-24 18:15:08,1381948,,,,,,,,,,,,,,,,,,,,,,,,,,,,,,,,,,,,,,,,,,,,,,,,,TN
2860,fedd91b7af1e6b3c4a7d6f58b8bce94d55eb9d74,0.8472590121931876,autoland,4768104,12,53390121d39b212135aaffcd577053a14c7f0dff,linux1804-64-shippable-qr,True,False,,,102210fe594ee9b33d82058545b1ed14f4c8206e,custom.jsdebugger.stepOut.DAMP,damp,True,damp custom.jsdebugger.stepOut.DAMP opt e10s fission stylo webrender,4767202,77,ms,firefox,448375191.0,1848388163,2024-02-25 01:06:55,1381999,,,,,,,,,,,,,,,,,,,,,,,,,,,,,,,,,,,,,,,,,,,,,,,,,TN
2861,689cf8cf7e6b9b9ee5e599a77325de05487a5eed,0.8597864636181334,autoland,4768104,12,53390121d39b212135aaffcd577053a14c7f0dff,linux1804-64-shippable-qr,True,False,,,102210fe594ee9b33d82058545b1ed14f4c8206e,custom.jsdebugger.stepOut.DAMP,damp,True,damp custom.jsdebugger.stepOut.DAMP opt e10s fission stylo webrender,4767202,77,ms,firefox,448412527.0,1848525536,2024-02-26 01:39:06,1382090,,,,,,,,,,,,,,,,,,,,,,,,,,,,,,,,,,,,,,,,,,,,,,,,,TN
2862,8268ce246a04145ed6598e99b5d061a4e1ee3ca6,0.905223072863713,autoland,4768104,12,53390121d39b212135aaffcd577053a14c7f0dff,linux1804-64-shippable-qr,True,False,,,102210fe594ee9b33d82058545b1ed14f4c8206e,custom.jsdebugger.stepOut.DAMP,damp,True,damp custom.jsdebugger.stepOut.DAMP opt e10s fission stylo webrender,4767202,77,ms,firefox,448447493.0,1848663186,2024-02-26 10:31:50,1382207,,,,,,,,,,,,,,,,,,,,,,,,,,,,,,,,,,,,,,,,,,,,,,,,,TN
2863,a5c1fbe78e431fe4a1db712f75edb33f6fd668e4,0.8290155068419687,autoland,4768104,12,53390121d39b212135aaffcd577053a14c7f0dff,linux1804-64-shippable-qr,True,False,,,102210fe594ee9b33d82058545b1ed14f4c8206e,custom.jsdebugger.stepOut.DAMP,damp,True,damp custom.jsdebugger.stepOut.DAMP opt e10s fission stylo webrender,4767202,77,ms,firefox,448485359.0,1848741095,2024-02-26 14:40:18,1382307,,,,,,,,,,,,,,,,,,,,,,,,,,,,,,,,,,,,,,,,,,,,,,,,,TN
2864,621c8480cd3562f3f61966b4219a0335ce72f698,0.8636233450355773,autoland,4768104,12,53390121d39b212135aaffcd577053a14c7f0dff,linux1804-64-shippable-qr,True,False,,,102210fe594ee9b33d82058545b1ed14f4c8206e,custom.jsdebugger.stepOut.DAMP,damp,True,damp custom.jsdebugger.stepOut.DAMP opt e10s fission stylo webrender,4767202,77,ms,firefox,448488796.0,1848772179,2024-02-26 15:06:28,1382323,,,,,,,,,,,,,,,,,,,,,,,,,,,,,,,,,,,,,,,,,,,,,,,,,TN
2865,b26d4c8d5e44cc544e259f32a62382902af6f7ff,0.8890447484339044,autoland,4768104,12,53390121d39b212135aaffcd577053a14c7f0dff,linux1804-64-shippable-qr,True,False,,,102210fe594ee9b33d82058545b1ed14f4c8206e,custom.jsdebugger.stepOut.DAMP,damp,True,damp custom.jsdebugger.stepOut.DAMP opt e10s fission stylo webrender,4767202,77,ms,firefox,448510522.0,1848883703,2024-02-26 18:24:43,1382496,,,,,,,,,,,,,,,,,,,,,,,,,,,,,,,,,,,,,,,,,,,,,,,,,TN
2866,2bd01d77bc4d2a1ad705bb1ecb8e793864a737ee,0.8611941415186639,autoland,4768104,12,53390121d39b212135aaffcd577053a14c7f0dff,linux1804-64-shippable-qr,True,False,,,102210fe594ee9b33d82058545b1ed14f4c8206e,custom.jsdebugger.stepOut.DAMP,damp,True,damp custom.jsdebugger.stepOut.DAMP opt e10s fission stylo webrender,4767202,77,ms,firefox,448543482.0,1848971205,2024-02-26 22:27:48,1382641,,,,,,,,,,,,,,,,,,,,,,,,,,,,,,,,,,,,,,,,,,,,,,,,,TN
2867,9fbcc8f23c0b7543b9146f0d90dd58ce36d32898,0.8314311829620691,autoland,4768104,12,53390121d39b212135aaffcd577053a14c7f0dff,linux1804-64-shippable-qr,True,False,,,102210fe594ee9b33d82058545b1ed14f4c8206e,custom.jsdebugger.stepOut.DAMP,damp,True,damp custom.jsdebugger.stepOut.DAMP opt e10s fission stylo webrender,4767202,77,ms,firefox,448545415.0,1849004551,2024-02-26 22:53:03,1382666,,,,,,,,,,,,,,,,,,,,,,,,,,,,,,,,,,,,,,,,,,,,,,,,,TN
2868,74094dc4022c8437eb87a7e25bf6433fb07a7fbb,0.8727304098296953,autoland,4768104,12,53390121d39b212135aaffcd577053a14c7f0dff,linux1804-64-shippable-qr,True,False,,,102210fe594ee9b33d82058545b1ed14f4c8206e,custom.jsdebugger.stepOut.DAMP,damp,True,damp custom.jsdebugger.stepOut.DAMP opt e10s fission stylo webrender,4767202,77,ms,firefox,448569855.0,1849095653,2024-02-27 03:06:58,1382765,,,,,,,,,,,,,,,,,,,,,,,,,,,,,,,,,,,,,,,,,,,,,,,,,TN
2869,f0fd4d27a58991220e91d1c086442a03b0a52117,0.8400268147878702,autoland,4768104,12,53390121d39b212135aaffcd577053a14c7f0dff,linux1804-64-shippable-qr,True,False,,,102210fe594ee9b33d82058545b1ed14f4c8206e,custom.jsdebugger.stepOut.DAMP,damp,True,damp custom.jsdebugger.stepOut.DAMP opt e10s fission stylo webrender,4767202,77,ms,firefox,448606784.0,1849328198,2024-02-27 10:31:28,1382887,,,,,,,,,,,,,,,,,,,,,,,,,,,,,,,,,,,,,,,,,,,,,,,,,TN
2870,32acc4e2db50b53733cfcf554a308ccc986925b5,0.8695313856589308,autoland,4768104,12,53390121d39b212135aaffcd577053a14c7f0dff,linux1804-64-shippable-qr,True,False,,,102210fe594ee9b33d82058545b1ed14f4c8206e,custom.jsdebugger.stepOut.DAMP,damp,True,damp custom.jsdebugger.stepOut.DAMP opt e10s fission stylo webrender,4767202,77,ms,firefox,448640195.0,1849407050,2024-02-27 13:59:53,1383025,,,,,,,,,,,,,,,,,,,,,,,,,,,,,,,,,,,,,,,,,,,,,,,,,TN
2871,149f61eecb69d6cf570be79260785c5b4a42e516,0.8621035740481546,autoland,4768104,12,53390121d39b212135aaffcd577053a14c7f0dff,linux1804-64-shippable-qr,True,False,,,102210fe594ee9b33d82058545b1ed14f4c8206e,custom.jsdebugger.stepOut.DAMP,damp,True,damp custom.jsdebugger.stepOut.DAMP opt e10s fission stylo webrender,4767202,77,ms,firefox,448673229.0,1849535905,2024-02-27 19:00:03,1383277,,,,,,,,,,,,,,,,,,,,,,,,,,,,,,,,,,,,,,,,,,,,,,,,,TN
2872,06645f775e47ea71f6dfa2daff5411ab31c5a629,0.8403347833880879,autoland,4768104,12,53390121d39b212135aaffcd577053a14c7f0dff,linux1804-64-shippable-qr,True,False,,,102210fe594ee9b33d82058545b1ed14f4c8206e,custom.jsdebugger.stepOut.DAMP,damp,True,damp custom.jsdebugger.stepOut.DAMP opt e10s fission stylo webrender,4767202,77,ms,firefox,448702573.0,1849635538,2024-02-27 23:02:29,1383416,,,,,,,,,,,,,,,,,,,,,,,,,,,,,,,,,,,,,,,,,,,,,,,,,TN
2873,c2895c7db175458e315a65fd8d5e9385e60a76d3,0.842139472251916,autoland,4768104,12,53390121d39b212135aaffcd577053a14c7f0dff,linux1804-64-shippable-qr,True,False,,,102210fe594ee9b33d82058545b1ed14f4c8206e,custom.jsdebugger.stepOut.DAMP,damp,True,damp custom.jsdebugger.stepOut.DAMP opt e10s fission stylo webrender,4767202,77,ms,firefox,448705071.0,1849656990,2024-02-27 23:18:10,1383436,,,,,,,,,,,,,,,,,,,,,,,,,,,,,,,,,,,,,,,,,,,,,,,,,TN
2874,41ceb034dc709c821d837a321d2c5fb944bd4231,0.84299184827835,autoland,4768104,12,53390121d39b212135aaffcd577053a14c7f0dff,linux1804-64-shippable-qr,True,False,,,102210fe594ee9b33d82058545b1ed14f4c8206e,custom.jsdebugger.stepOut.DAMP,damp,True,damp custom.jsdebugger.stepOut.DAMP opt e10s fission stylo webrender,4767202,77,ms,firefox,448720504.0,1849725377,2024-02-28 03:31:31,1383545,,,,,,,,,,,,,,,,,,,,,,,,,,,,,,,,,,,,,,,,,,,,,,,,,TN
2875,710f48d1638d076913089bfa3978b6a1efc1d842,0.8640200052702427,autoland,4768104,12,53390121d39b212135aaffcd577053a14c7f0dff,linux1804-64-shippable-qr,True,False,,,102210fe594ee9b33d82058545b1ed14f4c8206e,custom.jsdebugger.stepOut.DAMP,damp,True,damp custom.jsdebugger.stepOut.DAMP opt e10s fission stylo webrender,4767202,77,ms,firefox,448740179.0,1849809694,2024-02-28 07:34:11,1383600,,,,,,,,,,,,,,,,,,,,,,,,,,,,,,,,,,,,,,,,,,,,,,,,,TN
2876,85f3a9a2a4155f207064d78c57f79611f7332287,0.8341042899639077,autoland,4768104,12,53390121d39b212135aaffcd577053a14c7f0dff,linux1804-64-shippable-qr,True,False,,,102210fe594ee9b33d82058545b1ed14f4c8206e,custom.jsdebugger.stepOut.DAMP,damp,True,damp custom.jsdebugger.stepOut.DAMP opt e10s fission stylo webrender,4767202,77,ms,firefox,448745091.0,1849837752,2024-02-28 08:18:18,1383612,,,,,,,,,,,,,,,,,,,,,,,,,,,,,,,,,,,,,,,,,,,,,,,,,TN
2877,2356949f5c6d9a4f229d012051bac51b3eb83aec,0.871770948287264,autoland,4768104,12,53390121d39b212135aaffcd577053a14c7f0dff,linux1804-64-shippable-qr,True,False,,,102210fe594ee9b33d82058545b1ed14f4c8206e,custom.jsdebugger.stepOut.DAMP,damp,True,damp custom.jsdebugger.stepOut.DAMP opt e10s fission stylo webrender,4767202,77,ms,firefox,448794452.0,1849995360,2024-02-28 12:53:19,1383715,,,,,,,,,,,,,,,,,,,,,,,,,,,,,,,,,,,,,,,,,,,,,,,,,TN
2878,6583cb878dec05576053eaa9368a4eb5bbbbbedc,0.868319368661657,autoland,4768104,12,53390121d39b212135aaffcd577053a14c7f0dff,linux1804-64-shippable-qr,True,False,,,102210fe594ee9b33d82058545b1ed14f4c8206e,custom.jsdebugger.stepOut.DAMP,damp,True,damp custom.jsdebugger.stepOut.DAMP opt e10s fission stylo webrender,4767202,77,ms,firefox,448800903.0,1850023491,2024-02-28 14:06:22,1383751,,,,,,,,,,,,,,,,,,,,,,,,,,,,,,,,,,,,,,,,,,,,,,,,,TN
2879,32ca524f7abf0664a2f0d882868c3e913297f446,0.8572656871264395,autoland,4768104,12,53390121d39b212135aaffcd577053a14c7f0dff,linux1804-64-shippable-qr,True,False,,,102210fe594ee9b33d82058545b1ed14f4c8206e,custom.jsdebugger.stepOut.DAMP,damp,True,damp custom.jsdebugger.stepOut.DAMP opt e10s fission stylo webrender,4767202,77,ms,firefox,448823800.0,1850127187,2024-02-28 17:56:27,1383890,,,,,,,,,,,,,,,,,,,,,,,,,,,,,,,,,,,,,,,,,,,,,,,,,TN
2880,da466faa7aee60bdeeca32b0767a1f0b9b964272,0.8766853338051952,autoland,4768104,12,53390121d39b212135aaffcd577053a14c7f0dff,linux1804-64-shippable-qr,True,False,,,102210fe594ee9b33d82058545b1ed14f4c8206e,custom.jsdebugger.stepOut.DAMP,damp,True,damp custom.jsdebugger.stepOut.DAMP opt e10s fission stylo webrender,4767202,77,ms,firefox,448862135.0,1850275407,2024-02-28 20:42:42,1384009,,,,,,,,,,,,,,,,,,,,,,,,,,,,,,,,,,,,,,,,,,,,,,,,,TN
2881,cbef4527f79aadfe5c4dd940effe9b01df8734b1,0.8461540091750419,autoland,4768104,12,53390121d39b212135aaffcd577053a14c7f0dff,linux1804-64-shippable-qr,True,False,,,102210fe594ee9b33d82058545b1ed14f4c8206e,custom.jsdebugger.stepOut.DAMP,damp,True,damp custom.jsdebugger.stepOut.DAMP opt e10s fission stylo webrender,4767202,77,ms,firefox,448895977.0,1850347691,2024-02-29 00:51:41,1384174,,,,,,,,,,,,,,,,,,,,,,,,,,,,,,,,,,,,,,,,,,,,,,,,,TN
2882,f21a5f54b6ecffa5b49d4944c32c752ea622e3c6,0.8245518722679828,autoland,4768104,12,53390121d39b212135aaffcd577053a14c7f0dff,linux1804-64-shippable-qr,True,False,,,102210fe594ee9b33d82058545b1ed14f4c8206e,custom.jsdebugger.stepOut.DAMP,damp,True,damp custom.jsdebugger.stepOut.DAMP opt e10s fission stylo webrender,4767202,77,ms,firefox,448900060.0,1850376400,2024-02-29 01:20:40,1384182,,,,,,,,,,,,,,,,,,,,,,,,,,,,,,,,,,,,,,,,,,,,,,,,,TN
2883,bb7b045d24f7773df5e27742496f2c0bb95d780f,0.8727737461841312,autoland,4768104,12,53390121d39b212135aaffcd577053a14c7f0dff,linux1804-64-shippable-qr,True,False,,,102210fe594ee9b33d82058545b1ed14f4c8206e,custom.jsdebugger.stepOut.DAMP,damp,True,damp custom.jsdebugger.stepOut.DAMP opt e10s fission stylo webrender,4767202,77,ms,firefox,448921002.0,1850489064,2024-02-29 06:49:17,1384273,,,,,,,,,,,,,,,,,,,,,,,,,,,,,,,,,,,,,,,,,,,,,,,,,TN
2884,fbb087d5e5b8af76523b084cba81dc1be84c7fb4,0.8417890803840344,autoland,4768104,12,53390121d39b212135aaffcd577053a14c7f0dff,linux1804-64-shippable-qr,True,False,,,102210fe594ee9b33d82058545b1ed14f4c8206e,custom.jsdebugger.stepOut.DAMP,damp,True,damp custom.jsdebugger.stepOut.DAMP opt e10s fission stylo webrender,4767202,77,ms,firefox,448944643.0,1850618235,2024-02-29 10:50:05,1384399,,,,,,,,,,,,,,,,,,,,,,,,,,,,,,,,,,,,,,,,,,,,,,,,,TN
2885,42781edfbf79030ca8e6f7c1584ebfc2bd31935c,0.8627233921162025,autoland,4768104,12,53390121d39b212135aaffcd577053a14c7f0dff,linux1804-64-shippable-qr,True,False,,,102210fe594ee9b33d82058545b1ed14f4c8206e,custom.jsdebugger.stepOut.DAMP,damp,True,damp custom.jsdebugger.stepOut.DAMP opt e10s fission stylo webrender,4767202,77,ms,firefox,448958323.0,1850711056,2024-02-29 13:22:41,1384414,,,,,,,,,,,,,,,,,,,,,,,,,,,,,,,,,,,,,,,,,,,,,,,,,TN
2886,4b82553ad6abc0079d2d7a0642c099ca93d1d156,0.8587188425153787,autoland,4768104,12,53390121d39b212135aaffcd577053a14c7f0dff,linux1804-64-shippable-qr,True,False,,,102210fe594ee9b33d82058545b1ed14f4c8206e,custom.jsdebugger.stepOut.DAMP,damp,True,damp custom.jsdebugger.stepOut.DAMP opt e10s fission stylo webrender,4767202,77,ms,firefox,448990431.0,1850830824,2024-02-29 17:24:54,1384673,,,,,,,,,,,,,,,,,,,,,,,,,,,,,,,,,,,,,,,,,,,,,,,,,TN
2887,636cf8095a0f42555363480bc387b9a5aad03efe,0.8661879765230687,autoland,4768104,12,53390121d39b212135aaffcd577053a14c7f0dff,linux1804-64-shippable-qr,True,False,,,102210fe594ee9b33d82058545b1ed14f4c8206e,custom.jsdebugger.stepOut.DAMP,damp,True,damp custom.jsdebugger.stepOut.DAMP opt e10s fission stylo webrender,4767202,77,ms,firefox,448994909.0,1850878913,2024-02-29 17:36:34,1384681,,,,,,,,,,,,,,,,,,,,,,,,,,,,,,,,,,,,,,,,,,,,,,,,,TN
2888,1a461feeeb4e7725855a242023e45625b9bddae4,0.8484911091529626,autoland,4768104,12,53390121d39b212135aaffcd577053a14c7f0dff,linux1804-64-shippable-qr,True,False,,,102210fe594ee9b33d82058545b1ed14f4c8206e,custom.jsdebugger.stepOut.DAMP,damp,True,damp custom.jsdebugger.stepOut.DAMP opt e10s fission stylo webrender,4767202,77,ms,firefox,449023288.0,1850963633,2024-02-29 21:50:05,1384804,,,,,,,,,,,,,,,,,,,,,,,,,,,,,,,,,,,,,,,,,,,,,,,,,TN
2889,415f94176c1508d1acb91186346a42009b378ca7,0.9091470323647775,autoland,4768104,12,53390121d39b212135aaffcd577053a14c7f0dff,linux1804-64-shippable-qr,True,False,,,102210fe594ee9b33d82058545b1ed14f4c8206e,custom.jsdebugger.stepOut.DAMP,damp,True,damp custom.jsdebugger.stepOut.DAMP opt e10s fission stylo webrender,4767202,77,ms,firefox,449029031.0,1851001062,2024-02-29 21:57:41,1384812,,,,,,,,,,,,,,,,,,,,,,,,,,,,,,,,,,,,,,,,,,,,,,,,,TN
2890,3ed1cc3830b2bb116e2875dedadc6ea20235768a,0.83772829794619,autoland,4768104,12,53390121d39b212135aaffcd577053a14c7f0dff,linux1804-64-shippable-qr,True,False,,,102210fe594ee9b33d82058545b1ed14f4c8206e,custom.jsdebugger.stepOut.DAMP,damp,True,damp custom.jsdebugger.stepOut.DAMP opt e10s fission stylo webrender,4767202,77,ms,firefox,449053583.0,1851104510,2024-03-01 02:06:20,1385033,,,,,,,,,,,,,,,,,,,,,,,,,,,,,,,,,,,,,,,,,,,,,,,,,TN
2891,c726403b9a5aaed84563fd210952c3858369c756,0.8436489667894618,autoland,4768104,12,53390121d39b212135aaffcd577053a14c7f0dff,linux1804-64-shippable-qr,True,False,,,102210fe594ee9b33d82058545b1ed14f4c8206e,custom.jsdebugger.stepOut.DAMP,damp,True,damp custom.jsdebugger.stepOut.DAMP opt e10s fission stylo webrender,4767202,77,ms,firefox,449053860.0,1851105392,2024-03-01 02:09:48,1385038,,,,,,,,,,,,,,,,,,,,,,,,,,,,,,,,,,,,,,,,,,,,,,,,,TN
2892,b921bb1aee11c101ece321f78bcc56942889bac9,0.8884886745593059,autoland,4768104,12,53390121d39b212135aaffcd577053a14c7f0dff,linux1804-64-shippable-qr,True,False,,,102210fe594ee9b33d82058545b1ed14f4c8206e,custom.jsdebugger.stepOut.DAMP,damp,True,damp custom.jsdebugger.stepOut.DAMP opt e10s fission stylo webrender,4767202,77,ms,firefox,449099032.0,1851318114,2024-03-01 11:09:10,1385336,,,,,,,,,,,,,,,,,,,,,,,,,,,,,,,,,,,,,,,,,,,,,,,,,TN
2893,ab2f491c1f6a1907e3cd7de371a27940c1b7ae66,0.8770535532222252,autoland,4768104,12,53390121d39b212135aaffcd577053a14c7f0dff,linux1804-64-shippable-qr,True,False,,,102210fe594ee9b33d82058545b1ed14f4c8206e,custom.jsdebugger.stepOut.DAMP,damp,True,damp custom.jsdebugger.stepOut.DAMP opt e10s fission stylo webrender,4767202,77,ms,firefox,449139370.0,1851411175,2024-03-01 15:15:21,1385464,,,,,,,,,,,,,,,,,,,,,,,,,,,,,,,,,,,,,,,,,,,,,,,,,TN
2894,179ceb82c9e5e6619e0a43e7c9a8682bff1f55ac,0.5104717193132458,autoland,4768104,12,53390121d39b212135aaffcd577053a14c7f0dff,linux1804-64-shippable-qr,True,False,,,102210fe594ee9b33d82058545b1ed14f4c8206e,custom.jsdebugger.stepOut.DAMP,damp,True,damp custom.jsdebugger.stepOut.DAMP opt e10s fission stylo webrender,4767202,77,ms,firefox,449138174.0,1851387967,2024-03-01 15:18:33,1385469,,,,,,,,,,,,,,,,,,,,,,,,,,,,,,,,,,,,,,,,,,,,,,,,,TN
2895,c12ee5058abff427e2fd65f86c453b2c0ef5c315,0.85541523562078,autoland,4768104,12,53390121d39b212135aaffcd577053a14c7f0dff,linux1804-64-shippable-qr,True,False,,,102210fe594ee9b33d82058545b1ed14f4c8206e,custom.jsdebugger.stepOut.DAMP,damp,True,damp custom.jsdebugger.stepOut.DAMP opt e10s fission stylo webrender,4767202,77,ms,firefox,449160047.0,1851510468,2024-03-01 19:33:22,1385653,,,,,,,,,,,,,,,,,,,,,,,,,,,,,,,,,,,,,,,,,,,,,,,,,TN
2896,ac7b674e512d88788161e657fbc3371b8d955c65,0.8576422644179311,autoland,4768104,12,53390121d39b212135aaffcd577053a14c7f0dff,linux1804-64-shippable-qr,True,False,,,102210fe594ee9b33d82058545b1ed14f4c8206e,custom.jsdebugger.stepOut.DAMP,damp,True,damp custom.jsdebugger.stepOut.DAMP opt e10s fission stylo webrender,4767202,77,ms,firefox,449197195.0,1851657021,2024-03-02 08:44:09,1385889,,,,,,,,,,,,,,,,,,,,,,,,,,,,,,,,,,,,,,,,,,,,,,,,,TN
2897,a2ddc20095d176734a72080712b366c74a36c934,0.8451534527624527,autoland,4768104,12,53390121d39b212135aaffcd577053a14c7f0dff,linux1804-64-shippable-qr,True,False,,,102210fe594ee9b33d82058545b1ed14f4c8206e,custom.jsdebugger.stepOut.DAMP,damp,True,damp custom.jsdebugger.stepOut.DAMP opt e10s fission stylo webrender,4767202,77,ms,firefox,449248088.0,1851896543,2024-03-02 18:47:19,1385949,,,,,,,,,,,,,,,,,,,,,,,,,,,,,,,,,,,,,,,,,,,,,,,,,TN
2898,8042d9f9b7b6eb6e6a6fbefba554c035ef6bbda1,0.875117653080544,autoland,4768104,12,53390121d39b212135aaffcd577053a14c7f0dff,linux1804-64-shippable-qr,True,False,,,102210fe594ee9b33d82058545b1ed14f4c8206e,custom.jsdebugger.stepOut.DAMP,damp,True,damp custom.jsdebugger.stepOut.DAMP opt e10s fission stylo webrender,4767202,77,ms,firefox,449251985.0,1851922104,2024-03-02 19:45:31,1385954,,,,,,,,,,,,,,,,,,,,,,,,,,,,,,,,,,,,,,,,,,,,,,,,,TN
2899,c5ddc3b211e53221a5b12ce6c8a5a523bba3641f,0.8741103940737578,autoland,4768104,12,53390121d39b212135aaffcd577053a14c7f0dff,linux1804-64-shippable-qr,True,False,,,102210fe594ee9b33d82058545b1ed14f4c8206e,custom.jsdebugger.stepOut.DAMP,damp,True,damp custom.jsdebugger.stepOut.DAMP opt e10s fission stylo webrender,4767202,77,ms,firefox,449277227.0,1851991284,2024-03-03 01:04:11,1385990,,,,,,,,,,,,,,,,,,,,,,,,,,,,,,,,,,,,,,,,,,,,,,,,,TN
2900,62056fe89aac9d2f369746854f0e3a55ad7153d0,0.8577416776196021,autoland,4768104,12,53390121d39b212135aaffcd577053a14c7f0dff,linux1804-64-shippable-qr,True,False,,,102210fe594ee9b33d82058545b1ed14f4c8206e,custom.jsdebugger.stepOut.DAMP,damp,True,damp custom.jsdebugger.stepOut.DAMP opt e10s fission stylo webrender,4767202,77,ms,firefox,449314253.0,1852131529,2024-03-03 12:29:51,1386069,,,,,,,,,,,,,,,,,,,,,,,,,,,,,,,,,,,,,,,,,,,,,,,,,TN
2901,499cae53f42dfc8f376fd97d0a83c1f8e85e274c,0.8588226592002008,autoland,4768104,12,53390121d39b212135aaffcd577053a14c7f0dff,linux1804-64-shippable-qr,True,False,,,102210fe594ee9b33d82058545b1ed14f4c8206e,custom.jsdebugger.stepOut.DAMP,damp,True,damp custom.jsdebugger.stepOut.DAMP opt e10s fission stylo webrender,4767202,77,ms,firefox,449343088.0,1852231241,2024-03-04 01:21:19,1386148,,,,,,,,,,,,,,,,,,,,,,,,,,,,,,,,,,,,,,,,,,,,,,,,,TN
2902,79823348e9cf740dbe5ae11eb654b1a85ea0ecbc,0.8132874077599441,autoland,4768104,12,53390121d39b212135aaffcd577053a14c7f0dff,linux1804-64-shippable-qr,True,False,,,102210fe594ee9b33d82058545b1ed14f4c8206e,custom.jsdebugger.stepOut.DAMP,damp,True,damp custom.jsdebugger.stepOut.DAMP opt e10s fission stylo webrender,4767202,77,ms,firefox,449354309.0,1852285229,2024-03-04 06:32:50,1386182,,,,,,,,,,,,,,,,,,,,,,,,,,,,,,,,,,,,,,,,,,,,,,,,,TN
2903,54c13c0498731427f23aff4c7e87900a715761b0,0.8644234714298165,autoland,4768104,12,53390121d39b212135aaffcd577053a14c7f0dff,linux1804-64-shippable-qr,True,False,,,102210fe594ee9b33d82058545b1ed14f4c8206e,custom.jsdebugger.stepOut.DAMP,damp,True,damp custom.jsdebugger.stepOut.DAMP opt e10s fission stylo webrender,4767202,77,ms,firefox,449368900.0,1852367289,2024-03-04 08:48:22,1386226,,,,,,,,,,,,,,,,,,,,,,,,,,,,,,,,,,,,,,,,,,,,,,,,,TN
2904,938c019ec0d1f3f1c0932e575d8f9e9f4c387320,0.8630743781364019,autoland,4768104,12,53390121d39b212135aaffcd577053a14c7f0dff,linux1804-64-shippable-qr,True,False,,,102210fe594ee9b33d82058545b1ed14f4c8206e,custom.jsdebugger.stepOut.DAMP,damp,True,damp custom.jsdebugger.stepOut.DAMP opt e10s fission stylo webrender,4767202,77,ms,firefox,449418503.0,1852494741,2024-03-04 12:51:58,1386363,,,,,,,,,,,,,,,,,,,,,,,,,,,,,,,,,,,,,,,,,,,,,,,,,TN
2905,c90923a84670e17105b275c5be4a3c2842cb248e,0.9205103288386138,autoland,4768104,12,53390121d39b212135aaffcd577053a14c7f0dff,linux1804-64-shippable-qr,True,False,,,102210fe594ee9b33d82058545b1ed14f4c8206e,custom.jsdebugger.stepOut.DAMP,damp,True,damp custom.jsdebugger.stepOut.DAMP opt e10s fission stylo webrender,4767202,77,ms,firefox,449433152.0,1852546312,2024-03-04 14:27:11,1386418,,,,,,,,,,,,,,,,,,,,,,,,,,,,,,,,,,,,,,,,,,,,,,,,,TN
2906,6c8dfd2a5bcafec953d7303c1fc35ec76d05f6ac,0.5379718509011311,autoland,4768104,12,53390121d39b212135aaffcd577053a14c7f0dff,linux1804-64-shippable-qr,True,False,,,102210fe594ee9b33d82058545b1ed14f4c8206e,custom.jsdebugger.stepOut.DAMP,damp,True,damp custom.jsdebugger.stepOut.DAMP opt e10s fission stylo webrender,4767202,77,ms,firefox,449452271.0,1852610360,2024-03-04 16:31:41,1386528,,,,,,,,,,,,,,,,,,,,,,,,,,,,,,,,,,,,,,,,,,,,,,,,,TN
2907,430bda8b01b3b00b083a0034de19b12b032caf6b,0.8388923366500964,autoland,4768104,12,53390121d39b212135aaffcd577053a14c7f0dff,linux1804-64-shippable-qr,True,False,,,102210fe594ee9b33d82058545b1ed14f4c8206e,custom.jsdebugger.stepOut.DAMP,damp,True,damp custom.jsdebugger.stepOut.DAMP opt e10s fission stylo webrender,4767202,77,ms,firefox,449490848.0,1852775756,2024-03-04 20:31:42,1386698,,,,,,,,,,,,,,,,,,,,,,,,,,,,,,,,,,,,,,,,,,,,,,,,,TN
2908,5b706eb2187070200b3eecb6d99a95e750c3266e,0.8678692963228956,autoland,4768104,12,53390121d39b212135aaffcd577053a14c7f0dff,linux1804-64-shippable-qr,True,False,,,102210fe594ee9b33d82058545b1ed14f4c8206e,custom.jsdebugger.stepOut.DAMP,damp,True,damp custom.jsdebugger.stepOut.DAMP opt e10s fission stylo webrender,4767202,77,ms,firefox,449495893.0,1852831802,2024-03-04 21:16:05,1386717,,,,,,,,,,,,,,,,,,,,,,,,,,,,,,,,,,,,,,,,,,,,,,,,,TN
2909,2b54764bcf2909b800951938d1f6fd47752c91b6,0.8633037338325547,autoland,4768104,12,53390121d39b212135aaffcd577053a14c7f0dff,linux1804-64-shippable-qr,True,False,,,102210fe594ee9b33d82058545b1ed14f4c8206e,custom.jsdebugger.stepOut.DAMP,damp,True,damp custom.jsdebugger.stepOut.DAMP opt e10s fission stylo webrender,4767202,77,ms,firefox,449535631.0,1852917798,2024-03-05 01:28:34,1386871,,,,,,,,,,,,,,,,,,,,,,,,,,,,,,,,,,,,,,,,,,,,,,,,,TN
2910,61bb37d1ba16985ef9e5cd99cd02912849f743a3,0.8391714173280993,autoland,4768104,12,53390121d39b212135aaffcd577053a14c7f0dff,linux1804-64-shippable-qr,True,False,,,102210fe594ee9b33d82058545b1ed14f4c8206e,custom.jsdebugger.stepOut.DAMP,damp,True,damp custom.jsdebugger.stepOut.DAMP opt e10s fission stylo webrender,4767202,77,ms,firefox,449549629.0,1853016026,2024-03-05 05:25:14,1386945,,,,,,,,,,,,,,,,,,,,,,,,,,,,,,,,,,,,,,,,,,,,,,,,,TN
2911,20859a1f25eb48ec31fdd24c0552b9fa83c5dcf2,0.8857688202921035,autoland,4768104,12,53390121d39b212135aaffcd577053a14c7f0dff,linux1804-64-shippable-qr,True,False,,,102210fe594ee9b33d82058545b1ed14f4c8206e,custom.jsdebugger.stepOut.DAMP,damp,True,damp custom.jsdebugger.stepOut.DAMP opt e10s fission stylo webrender,4767202,77,ms,firefox,449575968.0,1853106689,2024-03-05 09:36:09,1387072,,,,,,,,,,,,,,,,,,,,,,,,,,,,,,,,,,,,,,,,,,,,,,,,,TN
2912,300643546ea85a42a1f88a11595ebbb0b7157128,0.8720245092306307,autoland,4768104,12,53390121d39b212135aaffcd577053a14c7f0dff,linux1804-64-shippable-qr,True,False,,,102210fe594ee9b33d82058545b1ed14f4c8206e,custom.jsdebugger.stepOut.DAMP,damp,True,damp custom.jsdebugger.stepOut.DAMP opt e10s fission stylo webrender,4767202,77,ms,firefox,449602343.0,1853180436,2024-03-05 11:43:18,1387157,,,,,,,,,,,,,,,,,,,,,,,,,,,,,,,,,,,,,,,,,,,,,,,,,TN
2913,adf17fc47c84c0fa237aecff550ba42344a5c629,0.8682902522192972,autoland,4768104,12,53390121d39b212135aaffcd577053a14c7f0dff,linux1804-64-shippable-qr,True,False,,,102210fe594ee9b33d82058545b1ed14f4c8206e,custom.jsdebugger.stepOut.DAMP,damp,True,damp custom.jsdebugger.stepOut.DAMP opt e10s fission stylo webrender,4767202,77,ms,firefox,449629360.0,1853261994,2024-03-05 15:52:09,1387348,,,,,,,,,,,,,,,,,,,,,,,,,,,,,,,,,,,,,,,,,,,,,,,,,TN
2914,c13ff57ddd8d6b9f971a631b45c6da97b3c14fb9,0.862427029356789,autoland,4768104,12,53390121d39b212135aaffcd577053a14c7f0dff,linux1804-64-shippable-qr,True,False,,,102210fe594ee9b33d82058545b1ed14f4c8206e,custom.jsdebugger.stepOut.DAMP,damp,True,damp custom.jsdebugger.stepOut.DAMP opt e10s fission stylo webrender,4767202,77,ms,firefox,449664732.0,1853362116,2024-03-05 19:23:59,1387560,,,,,,,,,,,,,,,,,,,,,,,,,,,,,,,,,,,,,,,,,,,,,,,,,TN
2915,099f52f30c39008328dfbc02ff824310e082a8da,0.8747705697863808,autoland,4768104,12,53390121d39b212135aaffcd577053a14c7f0dff,linux1804-64-shippable-qr,True,False,,,102210fe594ee9b33d82058545b1ed14f4c8206e,custom.jsdebugger.stepOut.DAMP,damp,True,damp custom.jsdebugger.stepOut.DAMP opt e10s fission stylo webrender,4767202,77,ms,firefox,449684539.0,1853434681,2024-03-05 22:16:54,1387647,,,,,,,,,,,,,,,,,,,,,,,,,,,,,,,,,,,,,,,,,,,,,,,,,TN
2916,488c772c72746cdfbf99e927acee696c4d6a5aef,0.8631761262174447,autoland,4768104,12,53390121d39b212135aaffcd577053a14c7f0dff,linux1804-64-shippable-qr,True,False,,,102210fe594ee9b33d82058545b1ed14f4c8206e,custom.jsdebugger.stepOut.DAMP,damp,True,damp custom.jsdebugger.stepOut.DAMP opt e10s fission stylo webrender,4767202,77,ms,firefox,449712979.0,1853540610,2024-03-06 02:53:23,1387831,,,,,,,,,,,,,,,,,,,,,,,,,,,,,,,,,,,,,,,,,,,,,,,,,TN
2917,143c3925806ed35200c2a71e650e7e74f58520a7,0.8693956188825054,autoland,4768104,12,53390121d39b212135aaffcd577053a14c7f0dff,linux1804-64-shippable-qr,True,False,,,102210fe594ee9b33d82058545b1ed14f4c8206e,custom.jsdebugger.stepOut.DAMP,damp,True,damp custom.jsdebugger.stepOut.DAMP opt e10s fission stylo webrender,4767202,77,ms,firefox,449794178.0,1853841491,2024-03-06 14:00:28,1388157,,,,,,,,,,,,,,,,,,,,,,,,,,,,,,,,,,,,,,,,,,,,,,,,,TN
2918,03e6d6ff8bde56b645cfbc34dee452ff375ff3ca,0.8779663420165491,autoland,4768104,12,53390121d39b212135aaffcd577053a14c7f0dff,linux1804-64-shippable-qr,True,False,,,102210fe594ee9b33d82058545b1ed14f4c8206e,custom.jsdebugger.stepOut.DAMP,damp,True,damp custom.jsdebugger.stepOut.DAMP opt e10s fission stylo webrender,4767202,77,ms,firefox,449828448.0,1853955861,2024-03-06 18:03:03,1388329,,,,,,,,,,,,,,,,,,,,,,,,,,,,,,,,,,,,,,,,,,,,,,,,,TN
2919,f408182c4687f0490084c35cc766e637d0bdfd0f,0.8325290710562887,autoland,4768104,12,53390121d39b212135aaffcd577053a14c7f0dff,linux1804-64-shippable-qr,True,False,,,102210fe594ee9b33d82058545b1ed14f4c8206e,custom.jsdebugger.stepOut.DAMP,damp,True,damp custom.jsdebugger.stepOut.DAMP opt e10s fission stylo webrender,4767202,77,ms,firefox,449829501.0,1853978370,2024-03-06 18:05:41,1388333,,,,,,,,,,,,,,,,,,,,,,,,,,,,,,,,,,,,,,,,,,,,,,,,,TN
2920,cbcc69d30489c534df28a444097bd87fcf8d8352,0.8444548359933932,autoland,4768104,12,53390121d39b212135aaffcd577053a14c7f0dff,linux1804-64-shippable-qr,True,False,,,102210fe594ee9b33d82058545b1ed14f4c8206e,custom.jsdebugger.stepOut.DAMP,damp,True,damp custom.jsdebugger.stepOut.DAMP opt e10s fission stylo webrender,4767202,77,ms,firefox,449849465.0,1854068298,2024-03-06 20:32:27,1388530,,,,,,,,,,,,,,,,,,,,,,,,,,,,,,,,,,,,,,,,,,,,,,,,,TN
2921,98eadcb9210580189dd1cb9eb2cad1362b0c2835,0.850377897342848,autoland,4768104,12,53390121d39b212135aaffcd577053a14c7f0dff,linux1804-64-shippable-qr,True,False,,,102210fe594ee9b33d82058545b1ed14f4c8206e,custom.jsdebugger.stepOut.DAMP,damp,True,damp custom.jsdebugger.stepOut.DAMP opt e10s fission stylo webrender,4767202,77,ms,firefox,449875114.0,1854161679,2024-03-06 22:58:04,1388664,,,,,,,,,,,,,,,,,,,,,,,,,,,,,,,,,,,,,,,,,,,,,,,,,TN
2922,62ed755b7c5e2b357e66b4f19a5419c685e87a47,0.8473961282319367,autoland,4768104,12,53390121d39b212135aaffcd577053a14c7f0dff,linux1804-64-shippable-qr,True,False,,,102210fe594ee9b33d82058545b1ed14f4c8206e,custom.jsdebugger.stepOut.DAMP,damp,True,damp custom.jsdebugger.stepOut.DAMP opt e10s fission stylo webrender,4767202,77,ms,firefox,449893438.0,1854265982,2024-03-07 03:21:51,1388820,,,,,,,,,,,,,,,,,,,,,,,,,,,,,,,,,,,,,,,,,,,,,,,,,TN
2923,d48a42b340b69771d9dc99ddf1303d3f88ae9165,0.8545763482419899,autoland,4768104,12,53390121d39b212135aaffcd577053a14c7f0dff,linux1804-64-shippable-qr,True,False,,,102210fe594ee9b33d82058545b1ed14f4c8206e,custom.jsdebugger.stepOut.DAMP,damp,True,damp custom.jsdebugger.stepOut.DAMP opt e10s fission stylo webrender,4767202,77,ms,firefox,449901568.0,1854354165,2024-03-07 06:37:03,1388849,,,,,,,,,,,,,,,,,,,,,,,,,,,,,,,,,,,,,,,,,,,,,,,,,TN
2924,cfe658475285f9b5c867bcbd191d2e1332df885e,0.8715086966248011,autoland,4768104,12,53390121d39b212135aaffcd577053a14c7f0dff,linux1804-64-shippable-qr,True,False,,,102210fe594ee9b33d82058545b1ed14f4c8206e,custom.jsdebugger.stepOut.DAMP,damp,True,damp custom.jsdebugger.stepOut.DAMP opt e10s fission stylo webrender,4767202,77,ms,firefox,449922641.0,1854445978,2024-03-07 10:49:51,1388876,,,,,,,,,,,,,,,,,,,,,,,,,,,,,,,,,,,,,,,,,,,,,,,,,TN
2925,0027da61966ddaf727a4c543b4541d0e175cb354,0.8488234896621334,autoland,4768104,12,53390121d39b212135aaffcd577053a14c7f0dff,linux1804-64-shippable-qr,True,False,,,102210fe594ee9b33d82058545b1ed14f4c8206e,custom.jsdebugger.stepOut.DAMP,damp,True,damp custom.jsdebugger.stepOut.DAMP opt e10s fission stylo webrender,4767202,77,ms,firefox,449935910.0,1854494039,2024-03-07 13:27:03,1388885,,,,,,,,,,,,,,,,,,,,,,,,,,,,,,,,,,,,,,,,,,,,,,,,,TN
2926,c9b3f598aa024ffbe096094ee8845222b7483c50,0.8548257829071104,autoland,4768104,12,53390121d39b212135aaffcd577053a14c7f0dff,linux1804-64-shippable-qr,True,False,,,102210fe594ee9b33d82058545b1ed14f4c8206e,custom.jsdebugger.stepOut.DAMP,damp,True,damp custom.jsdebugger.stepOut.DAMP opt e10s fission stylo webrender,4767202,77,ms,firefox,449988485.0,1854720885,2024-03-07 20:11:01,1389147,,,,,,,,,,,,,,,,,,,,,,,,,,,,,,,,,,,,,,,,,,,,,,,,,TN
2927,f9c5e71ad2de0632a1d833b02eb16cd13e4eabc1,0.8395905967290196,autoland,4768104,12,53390121d39b212135aaffcd577053a14c7f0dff,linux1804-64-shippable-qr,True,False,,,102210fe594ee9b33d82058545b1ed14f4c8206e,custom.jsdebugger.stepOut.DAMP,damp,True,damp custom.jsdebugger.stepOut.DAMP opt e10s fission stylo webrender,4767202,77,ms,firefox,450011240.0,1854820642,2024-03-08 00:14:27,1389377,,,,,,,,,,,,,,,,,,,,,,,,,,,,,,,,,,,,,,,,,,,,,,,,,TN
2928,ac5529a784bdd0522e58c4bcdb3293674601ac52,0.8655610753251788,autoland,4768104,12,53390121d39b212135aaffcd577053a14c7f0dff,linux1804-64-shippable-qr,True,False,,,102210fe594ee9b33d82058545b1ed14f4c8206e,custom.jsdebugger.stepOut.DAMP,damp,True,damp custom.jsdebugger.stepOut.DAMP opt e10s fission stylo webrender,4767202,77,ms,firefox,450021102.0,1854879002,2024-03-08 01:03:56,1389404,,,,,,,,,,,,,,,,,,,,,,,,,,,,,,,,,,,,,,,,,,,,,,,,,TN
2929,fe38c21e5d5ba7ab071d13411995b46f31d7862c,0.875142853880549,autoland,4768104,12,53390121d39b212135aaffcd577053a14c7f0dff,linux1804-64-shippable-qr,True,False,,,102210fe594ee9b33d82058545b1ed14f4c8206e,custom.jsdebugger.stepOut.DAMP,damp,True,damp custom.jsdebugger.stepOut.DAMP opt e10s fission stylo webrender,4767202,77,ms,firefox,450052440.0,1855061592,2024-03-08 09:44:20,1389593,,,,,,,,,,,,,,,,,,,,,,,,,,,,,,,,,,,,,,,,,,,,,,,,,TN
2930,c306d54c8963e4dda4426d48bf41774947f5138d,0.8557827088698804,autoland,4768104,12,53390121d39b212135aaffcd577053a14c7f0dff,linux1804-64-shippable-qr,True,False,,,102210fe594ee9b33d82058545b1ed14f4c8206e,custom.jsdebugger.stepOut.DAMP,damp,True,damp custom.jsdebugger.stepOut.DAMP opt e10s fission stylo webrender,4767202,77,ms,firefox,450093939.0,1855185975,2024-03-08 15:54:44,1389685,,,,,,,,,,,,,,,,,,,,,,,,,,,,,,,,,,,,,,,,,,,,,,,,,TN
2931,e40628b4cd80f3469e6fb5836c1e513e3e058225,0.832978316748352,autoland,4768104,12,53390121d39b212135aaffcd577053a14c7f0dff,linux1804-64-shippable-qr,True,False,,,102210fe594ee9b33d82058545b1ed14f4c8206e,custom.jsdebugger.stepOut.DAMP,damp,True,damp custom.jsdebugger.stepOut.DAMP opt e10s fission stylo webrender,4767202,77,ms,firefox,450145915.0,1855428334,2024-03-09 00:01:41,1390115,,,,,,,,,,,,,,,,,,,,,,,,,,,,,,,,,,,,,,,,,,,,,,,,,TN
2932,4d67ec80ce46b924295e599b81d0db0071664eca,0.5195340299346931,autoland,4768104,12,53390121d39b212135aaffcd577053a14c7f0dff,linux1804-64-shippable-qr,True,False,,,102210fe594ee9b33d82058545b1ed14f4c8206e,custom.jsdebugger.stepOut.DAMP,damp,True,damp custom.jsdebugger.stepOut.DAMP opt e10s fission stylo webrender,4767202,77,ms,firefox,450146473.0,1855445363,2024-03-09 00:02:45,1390116,,,,,,,,,,,,,,,,,,,,,,,,,,,,,,,,,,,,,,,,,,,,,,,,,TN
2933,fb2eeb44f22026d0a1c7b18f8cb0786169300c1b,0.8720136644611634,autoland,4768104,12,53390121d39b212135aaffcd577053a14c7f0dff,linux1804-64-shippable-qr,True,False,,,102210fe594ee9b33d82058545b1ed14f4c8206e,custom.jsdebugger.stepOut.DAMP,damp,True,damp custom.jsdebugger.stepOut.DAMP opt e10s fission stylo webrender,4767202,77,ms,firefox,450146836.0,1855458236,2024-03-09 00:03:40,1390117,,,,,,,,,,,,,,,,,,,,,,,,,,,,,,,,,,,,,,,,,,,,,,,,,TN
2934,efb6c465b7de5cb34b029bb51e5b445952bdd9b2,0.8504838611230461,autoland,4768104,12,53390121d39b212135aaffcd577053a14c7f0dff,linux1804-64-shippable-qr,True,False,,,102210fe594ee9b33d82058545b1ed14f4c8206e,custom.jsdebugger.stepOut.DAMP,damp,True,damp custom.jsdebugger.stepOut.DAMP opt e10s fission stylo webrender,4767202,77,ms,firefox,450165288.0,1855518761,2024-03-09 05:38:15,1390162,,,,,,,,,,,,,,,,,,,,,,,,,,,,,,,,,,,,,,,,,,,,,,,,,TN
2935,1d530888568c2a44fc30d9b6567ab6195f238cb2,0.882074579138735,autoland,4768104,12,53390121d39b212135aaffcd577053a14c7f0dff,linux1804-64-shippable-qr,True,False,,,102210fe594ee9b33d82058545b1ed14f4c8206e,custom.jsdebugger.stepOut.DAMP,damp,True,damp custom.jsdebugger.stepOut.DAMP opt e10s fission stylo webrender,4767202,77,ms,firefox,450190518.0,1855599048,2024-03-09 10:41:02,1390188,,,,,,,,,,,,,,,,,,,,,,,,,,,,,,,,,,,,,,,,,,,,,,,,,TN
2936,10af6b2ff03bd7512d53f3ed02f7e83dba7c57ba,0.8508086547647022,autoland,4768104,12,53390121d39b212135aaffcd577053a14c7f0dff,linux1804-64-shippable-qr,True,False,,,102210fe594ee9b33d82058545b1ed14f4c8206e,custom.jsdebugger.stepOut.DAMP,damp,True,damp custom.jsdebugger.stepOut.DAMP opt e10s fission stylo webrender,4767202,77,ms,firefox,450205770.0,1855646089,2024-03-09 15:33:05,1390221,,,,,,,,,,,,,,,,,,,,,,,,,,,,,,,,,,,,,,,,,,,,,,,,,TN
2937,9768cd53e66eef4a715150196cfa1138f7edf7ba,0.8478049964081478,autoland,4768104,12,53390121d39b212135aaffcd577053a14c7f0dff,linux1804-64-shippable-qr,True,False,,,102210fe594ee9b33d82058545b1ed14f4c8206e,custom.jsdebugger.stepOut.DAMP,damp,True,damp custom.jsdebugger.stepOut.DAMP opt e10s fission stylo webrender,4767202,77,ms,firefox,450217270.0,1855685504,2024-03-09 20:59:44,1390244,,,,,,,,,,,,,,,,,,,,,,,,,,,,,,,,,,,,,,,,,,,,,,,,,TN
2938,f8edec6de8b50f0f6809208600e5c8ab87dd12d4,0.8843435592597519,autoland,4768104,12,53390121d39b212135aaffcd577053a14c7f0dff,linux1804-64-shippable-qr,True,False,,,102210fe594ee9b33d82058545b1ed14f4c8206e,custom.jsdebugger.stepOut.DAMP,damp,True,damp custom.jsdebugger.stepOut.DAMP opt e10s fission stylo webrender,4767202,77,ms,firefox,450254265.0,1855808917,2024-03-10 13:59:13,1390283,,,,,,,,,,,,,,,,,,,,,,,,,,,,,,,,,,,,,,,,,,,,,,,,,TN
2939,059c20bed3da7a717ee144e4c2339499009d7c44,0.8766665126904305,autoland,4768104,12,53390121d39b212135aaffcd577053a14c7f0dff,linux1804-64-shippable-qr,True,False,,,102210fe594ee9b33d82058545b1ed14f4c8206e,custom.jsdebugger.stepOut.DAMP,damp,True,damp custom.jsdebugger.stepOut.DAMP opt e10s fission stylo webrender,4767202,77,ms,firefox,450259404.0,1855831359,2024-03-10 18:05:45,1390298,,,,,,,,,,,,,,,,,,,,,,,,,,,,,,,,,,,,,,,,,,,,,,,,,TN
2940,0f63ab5624960b1aa464bb2e3bd76c6cd196f186,0.8485805201289276,autoland,4768104,12,53390121d39b212135aaffcd577053a14c7f0dff,linux1804-64-shippable-qr,True,False,,,102210fe594ee9b33d82058545b1ed14f4c8206e,custom.jsdebugger.stepOut.DAMP,damp,True,damp custom.jsdebugger.stepOut.DAMP opt e10s fission stylo webrender,4767202,77,ms,firefox,450280435.0,1855937299,2024-03-11 02:48:56,1390365,,,,,,,,,,,,,,,,,,,,,,,,,,,,,,,,,,,,,,,,,,,,,,,,,TN
2941,343e945a502ea35f40687ffca3eab7543522fe79,0.842551858644272,autoland,4768104,12,53390121d39b212135aaffcd577053a14c7f0dff,linux1804-64-shippable-qr,True,False,,,102210fe594ee9b33d82058545b1ed14f4c8206e,custom.jsdebugger.stepOut.DAMP,damp,True,damp custom.jsdebugger.stepOut.DAMP opt e10s fission stylo webrender,4767202,77,ms,firefox,450299033.0,1856020644,2024-03-11 09:18:44,1390442,,,,,,,,,,,,,,,,,,,,,,,,,,,,,,,,,,,,,,,,,,,,,,,,,TN
2942,23b4081496822ae44a0f120f8429c0c57a864325,0.877858090054535,autoland,4768104,12,53390121d39b212135aaffcd577053a14c7f0dff,linux1804-64-shippable-qr,True,False,,,102210fe594ee9b33d82058545b1ed14f4c8206e,custom.jsdebugger.stepOut.DAMP,damp,True,damp custom.jsdebugger.stepOut.DAMP opt e10s fission stylo webrender,4767202,77,ms,firefox,450332169.0,1856126776,2024-03-11 13:24:20,1390505,,,,,,,,,,,,,,,,,,,,,,,,,,,,,,,,,,,,,,,,,,,,,,,,,TN
2943,ec25d27f83b73ab4fbd93c737d29b732042c2139,0.8405394897131928,autoland,4768104,12,53390121d39b212135aaffcd577053a14c7f0dff,linux1804-64-shippable-qr,True,False,,,102210fe594ee9b33d82058545b1ed14f4c8206e,custom.jsdebugger.stepOut.DAMP,damp,True,damp custom.jsdebugger.stepOut.DAMP opt e10s fission stylo webrender,4767202,77,ms,firefox,450339443.0,1856164880,2024-03-11 14:23:46,1390552,,,,,,,,,,,,,,,,,,,,,,,,,,,,,,,,,,,,,,,,,,,,,,,,,TN
2944,b5f646ecf7f3ca586020974d36c3f4c4fca4a3a3,0.8877988925764633,autoland,4768104,12,53390121d39b212135aaffcd577053a14c7f0dff,linux1804-64-shippable-qr,True,False,,,102210fe594ee9b33d82058545b1ed14f4c8206e,custom.jsdebugger.stepOut.DAMP,damp,True,damp custom.jsdebugger.stepOut.DAMP opt e10s fission stylo webrender,4767202,77,ms,firefox,450370466.0,1856284125,2024-03-11 18:03:14,1390747,,,,,,,,,,,,,,,,,,,,,,,,,,,,,,,,,,,,,,,,,,,,,,,,,TN
2945,4984afdb79c55a76ef741d1667378c296f74240f,0.8713991967442694,autoland,4768104,12,53390121d39b212135aaffcd577053a14c7f0dff,linux1804-64-shippable-qr,True,False,,,102210fe594ee9b33d82058545b1ed14f4c8206e,custom.jsdebugger.stepOut.DAMP,damp,True,damp custom.jsdebugger.stepOut.DAMP opt e10s fission stylo webrender,4767202,77,ms,firefox,450391748.0,1856332651,2024-03-11 19:41:42,1390851,,,,,,,,,,,,,,,,,,,,,,,,,,,,,,,,,,,,,,,,,,,,,,,,,TN
2946,5dbe89396d7f52d57c4a21457fcf95d4e1ae24c3,0.8693288482878097,autoland,4768104,12,53390121d39b212135aaffcd577053a14c7f0dff,linux1804-64-shippable-qr,True,False,,,102210fe594ee9b33d82058545b1ed14f4c8206e,custom.jsdebugger.stepOut.DAMP,damp,True,damp custom.jsdebugger.stepOut.DAMP opt e10s fission stylo webrender,4767202,77,ms,firefox,450425254.0,1856453048,2024-03-12 03:06:47,1391174,,,,,,,,,,,,,,,,,,,,,,,,,,,,,,,,,,,,,,,,,,,,,,,,,TN
2947,45bdb06ed9f6ae6b675b169c0b4dbd488363098d,0.8647405182397703,autoland,4768104,12,53390121d39b212135aaffcd577053a14c7f0dff,linux1804-64-shippable-qr,True,False,,,102210fe594ee9b33d82058545b1ed14f4c8206e,custom.jsdebugger.stepOut.DAMP,damp,True,damp custom.jsdebugger.stepOut.DAMP opt e10s fission stylo webrender,4767202,77,ms,firefox,450433422.0,1856550379,2024-03-12 07:06:36,1391218,,,,,,,,,,,,,,,,,,,,,,,,,,,,,,,,,,,,,,,,,,,,,,,,,TN
2948,8c1e5f6bca5a8f2ab2297cff5c736e61d3a3bd27,0.850387584608284,autoland,4768104,12,53390121d39b212135aaffcd577053a14c7f0dff,linux1804-64-shippable-qr,True,False,,,102210fe594ee9b33d82058545b1ed14f4c8206e,custom.jsdebugger.stepOut.DAMP,damp,True,damp custom.jsdebugger.stepOut.DAMP opt e10s fission stylo webrender,4767202,77,ms,firefox,450458415.0,1856614739,2024-03-12 11:26:19,1391230,,,,,,,,,,,,,,,,,,,,,,,,,,,,,,,,,,,,,,,,,,,,,,,,,TN
2949,c93ce7649d8d7d874130caed9005d92be916b10e,0.8499080570212436,autoland,4768104,12,53390121d39b212135aaffcd577053a14c7f0dff,linux1804-64-shippable-qr,True,False,,,102210fe594ee9b33d82058545b1ed14f4c8206e,custom.jsdebugger.stepOut.DAMP,damp,True,damp custom.jsdebugger.stepOut.DAMP opt e10s fission stylo webrender,4767202,77,ms,firefox,450496118.0,1856721577,2024-03-12 14:58:20,1391396,,,,,,,,,,,,,,,,,,,,,,,,,,,,,,,,,,,,,,,,,,,,,,,,,TN
2950,d91b0606279d7c22a0119cdc8061cdeffe233787,0.8887096703938759,autoland,4768104,12,53390121d39b212135aaffcd577053a14c7f0dff,linux1804-64-shippable-qr,True,False,,,102210fe594ee9b33d82058545b1ed14f4c8206e,custom.jsdebugger.stepOut.DAMP,damp,True,damp custom.jsdebugger.stepOut.DAMP opt e10s fission stylo webrender,4767202,77,ms,firefox,450515016.0,1856816934,2024-03-12 19:37:06,1391673,,,,,,,,,,,,,,,,,,,,,,,,,,,,,,,,,,,,,,,,,,,,,,,,,TN
2951,bb96cef2989d78eaa9d2485bb379b29449a815b2,0.877369219969345,autoland,4768104,12,53390121d39b212135aaffcd577053a14c7f0dff,linux1804-64-shippable-qr,True,False,,,102210fe594ee9b33d82058545b1ed14f4c8206e,custom.jsdebugger.stepOut.DAMP,damp,True,damp custom.jsdebugger.stepOut.DAMP opt e10s fission stylo webrender,4767202,77,ms,firefox,450551591.0,1856934817,2024-03-12 23:13:34,1391824,,,,,,,,,,,,,,,,,,,,,,,,,,,,,,,,,,,,,,,,,,,,,,,,,TN
2952,2dfb9f01e06f190da79fb195ea51dac2be58dde7,0.8379882812981214,autoland,4768104,12,53390121d39b212135aaffcd577053a14c7f0dff,linux1804-64-shippable-qr,True,False,,,102210fe594ee9b33d82058545b1ed14f4c8206e,custom.jsdebugger.stepOut.DAMP,damp,True,damp custom.jsdebugger.stepOut.DAMP opt e10s fission stylo webrender,4767202,77,ms,firefox,450582489.0,1857065999,2024-03-13 07:01:16,1392060,,,,,,,,,,,,,,,,,,,,,,,,,,,,,,,,,,,,,,,,,,,,,,,,,TN
2953,ae0da9180abdc1990832791041b323e05082f6f8,0.8596214770684534,autoland,4768104,12,53390121d39b212135aaffcd577053a14c7f0dff,linux1804-64-shippable-qr,True,False,,,102210fe594ee9b33d82058545b1ed14f4c8206e,custom.jsdebugger.stepOut.DAMP,damp,True,damp custom.jsdebugger.stepOut.DAMP opt e10s fission stylo webrender,4767202,77,ms,firefox,450613068.0,1857229536,2024-03-13 11:15:45,1392165,,,,,,,,,,,,,,,,,,,,,,,,,,,,,,,,,,,,,,,,,,,,,,,,,TN
2954,49e9b26b528b94a9db43d4b65112add1268f64fc,0.8523151179333048,autoland,4768104,12,53390121d39b212135aaffcd577053a14c7f0dff,linux1804-64-shippable-qr,True,False,,,102210fe594ee9b33d82058545b1ed14f4c8206e,custom.jsdebugger.stepOut.DAMP,damp,True,damp custom.jsdebugger.stepOut.DAMP opt e10s fission stylo webrender,4767202,77,ms,firefox,450641966.0,1857347947,2024-03-13 15:23:46,1392302,,,,,,,,,,,,,,,,,,,,,,,,,,,,,,,,,,,,,,,,,,,,,,,,,TN
2955,35c5c892ca1e96f731d20bc6edd310a5d4e13bad,0.8339876960243293,autoland,4768104,12,53390121d39b212135aaffcd577053a14c7f0dff,linux1804-64-shippable-qr,True,False,,,102210fe594ee9b33d82058545b1ed14f4c8206e,custom.jsdebugger.stepOut.DAMP,damp,True,damp custom.jsdebugger.stepOut.DAMP opt e10s fission stylo webrender,4767202,77,ms,firefox,450646213.0,1857375450,2024-03-13 15:33:19,1392307,,,,,,,,,,,,,,,,,,,,,,,,,,,,,,,,,,,,,,,,,,,,,,,,,TN
2956,ebcab57cf7cd8a64a561c831dc4d1bf6694f82b8,0.8808083194163785,autoland,4768104,12,53390121d39b212135aaffcd577053a14c7f0dff,linux1804-64-shippable-qr,True,False,,,102210fe594ee9b33d82058545b1ed14f4c8206e,custom.jsdebugger.stepOut.DAMP,damp,True,damp custom.jsdebugger.stepOut.DAMP opt e10s fission stylo webrender,4767202,77,ms,firefox,450658441.0,1857446805,2024-03-13 18:41:03,1392487,,,,,,,,,,,,,,,,,,,,,,,,,,,,,,,,,,,,,,,,,,,,,,,,,TN
2957,1f3b4df016ac965dd3a2c97cb547c495364fdeef,0.8642616732323478,autoland,4768104,12,53390121d39b212135aaffcd577053a14c7f0dff,linux1804-64-shippable-qr,True,False,,,102210fe594ee9b33d82058545b1ed14f4c8206e,custom.jsdebugger.stepOut.DAMP,damp,True,damp custom.jsdebugger.stepOut.DAMP opt e10s fission stylo webrender,4767202,77,ms,firefox,450677885.0,1857562838,2024-03-13 21:49:05,1392594,,,,,,,,,,,,,,,,,,,,,,,,,,,,,,,,,,,,,,,,,,,,,,,,,TN
2958,2333872b0f5028fa1f0e9236440fe58df07a0235,0.8684927021567097,autoland,4768104,12,53390121d39b212135aaffcd577053a14c7f0dff,linux1804-64-shippable-qr,True,False,,,102210fe594ee9b33d82058545b1ed14f4c8206e,custom.jsdebugger.stepOut.DAMP,damp,True,damp custom.jsdebugger.stepOut.DAMP opt e10s fission stylo webrender,4767202,77,ms,firefox,450710471.0,1857666644,2024-03-14 04:20:25,1392734,,,,,,,,,,,,,,,,,,,,,,,,,,,,,,,,,,,,,,,,,,,,,,,,,TN
2959,0c82ff77321a85c36f1c5b27c99d25bad8603028,0.8783398730356331,autoland,4768104,12,53390121d39b212135aaffcd577053a14c7f0dff,linux1804-64-shippable-qr,True,False,,,102210fe594ee9b33d82058545b1ed14f4c8206e,custom.jsdebugger.stepOut.DAMP,damp,True,damp custom.jsdebugger.stepOut.DAMP opt e10s fission stylo webrender,4767202,77,ms,firefox,450724122.0,1857729114,2024-03-14 06:52:21,1392758,,,,,,,,,,,,,,,,,,,,,,,,,,,,,,,,,,,,,,,,,,,,,,,,,TN
2960,1f30bd08be619a6ea06444a2a6e36123f7baad65,0.8443071345058866,autoland,4768104,12,53390121d39b212135aaffcd577053a14c7f0dff,linux1804-64-shippable-qr,True,False,,,102210fe594ee9b33d82058545b1ed14f4c8206e,custom.jsdebugger.stepOut.DAMP,damp,True,damp custom.jsdebugger.stepOut.DAMP opt e10s fission stylo webrender,4767202,77,ms,firefox,450761256.0,1857850645,2024-03-14 10:59:46,1392883,,,,,,,,,,,,,,,,,,,,,,,,,,,,,,,,,,,,,,,,,,,,,,,,,TN
2961,e0d1a1dbfd5c36a2527b566ff831a989ca5ae5f5,0.8648408167084838,autoland,4768104,12,53390121d39b212135aaffcd577053a14c7f0dff,linux1804-64-shippable-qr,True,False,,,102210fe594ee9b33d82058545b1ed14f4c8206e,custom.jsdebugger.stepOut.DAMP,damp,True,damp custom.jsdebugger.stepOut.DAMP opt e10s fission stylo webrender,4767202,77,ms,firefox,450804487.0,1858019977,2024-03-14 17:45:33,1393195,,,,,,,,,,,,,,,,,,,,,,,,,,,,,,,,,,,,,,,,,,,,,,,,,TN
2962,278273f1c1fdca23ad419f0bd277a616aa240d1e,0.8647423921046784,autoland,4768104,12,53390121d39b212135aaffcd577053a14c7f0dff,linux1804-64-shippable-qr,True,False,,,102210fe594ee9b33d82058545b1ed14f4c8206e,custom.jsdebugger.stepOut.DAMP,damp,True,damp custom.jsdebugger.stepOut.DAMP opt e10s fission stylo webrender,4767202,77,ms,firefox,450826838.0,1858097510,2024-03-14 21:51:03,1393332,,,,,,,,,,,,,,,,,,,,,,,,,,,,,,,,,,,,,,,,,,,,,,,,,TN
2963,e18af9ec05f36a6f63a2e3889d5bc27f11be4267,0.8741866621628589,autoland,4768104,12,53390121d39b212135aaffcd577053a14c7f0dff,linux1804-64-shippable-qr,True,False,,,102210fe594ee9b33d82058545b1ed14f4c8206e,custom.jsdebugger.stepOut.DAMP,damp,True,damp custom.jsdebugger.stepOut.DAMP opt e10s fission stylo webrender,4767202,77,ms,firefox,450846088.0,1858167183,2024-03-15 00:00:33,1393414,,,,,,,,,,,,,,,,,,,,,,,,,,,,,,,,,,,,,,,,,,,,,,,,,TN
2964,0eb2b661743e4b5d2ed6cf61116bc5ade9da405b,0.8630146678194504,autoland,4768104,12,53390121d39b212135aaffcd577053a14c7f0dff,linux1804-64-shippable-qr,True,False,,,102210fe594ee9b33d82058545b1ed14f4c8206e,custom.jsdebugger.stepOut.DAMP,damp,True,damp custom.jsdebugger.stepOut.DAMP opt e10s fission stylo webrender,4767202,77,ms,firefox,450867788.0,1858385073,2024-03-15 06:02:39,1393511,,,,,,,,,,,,,,,,,,,,,,,,,,,,,,,,,,,,,,,,,,,,,,,,,TN
2965,02d8b0bd788352c236ca20d0163498e5ee3faa07,0.8850121137117624,autoland,4768104,12,53390121d39b212135aaffcd577053a14c7f0dff,linux1804-64-shippable-qr,True,False,,,102210fe594ee9b33d82058545b1ed14f4c8206e,custom.jsdebugger.stepOut.DAMP,damp,True,damp custom.jsdebugger.stepOut.DAMP opt e10s fission stylo webrender,4767202,77,ms,firefox,450882224.0,1858483711,2024-03-15 09:39:32,1393552,,,,,,,,,,,,,,,,,,,,,,,,,,,,,,,,,,,,,,,,,,,,,,,,,TN
2966,4b69d32113781e4489234ce2c9cf8f5b5dcbce5a,0.8785797158176987,autoland,4768104,12,53390121d39b212135aaffcd577053a14c7f0dff,linux1804-64-shippable-qr,True,False,,,102210fe594ee9b33d82058545b1ed14f4c8206e,custom.jsdebugger.stepOut.DAMP,damp,True,damp custom.jsdebugger.stepOut.DAMP opt e10s fission stylo webrender,4767202,77,ms,firefox,450908767.0,1858565768,2024-03-15 14:14:34,1393636,,,,,,,,,,,,,,,,,,,,,,,,,,,,,,,,,,,,,,,,,,,,,,,,,TN
2967,eff5ebeb21a902d6ed24f356b4a4b41e89ff1172,0.8353463414582118,autoland,4768104,12,53390121d39b212135aaffcd577053a14c7f0dff,linux1804-64-shippable-qr,True,False,,,102210fe594ee9b33d82058545b1ed14f4c8206e,custom.jsdebugger.stepOut.DAMP,damp,True,damp custom.jsdebugger.stepOut.DAMP opt e10s fission stylo webrender,4767202,77,ms,firefox,450926449.0,1858628542,2024-03-15 16:14:11,1393715,,,,,,,,,,,,,,,,,,,,,,,,,,,,,,,,,,,,,,,,,,,,,,,,,TN
2968,f4367b1826eb51a4bbcde0cd6ae1a5b1644115d0,0.8794719248859935,autoland,4768104,12,53390121d39b212135aaffcd577053a14c7f0dff,linux1804-64-shippable-qr,True,False,,,102210fe594ee9b33d82058545b1ed14f4c8206e,custom.jsdebugger.stepOut.DAMP,damp,True,damp custom.jsdebugger.stepOut.DAMP opt e10s fission stylo webrender,4767202,77,ms,firefox,450952825.0,1858736757,2024-03-15 20:55:49,1393941,,,,,,,,,,,,,,,,,,,,,,,,,,,,,,,,,,,,,,,,,,,,,,,,,TN
2969,bbe046e25d1447071e399f377b669bbe9cbf3bf3,0.8550743621121111,autoland,4768104,12,53390121d39b212135aaffcd577053a14c7f0dff,linux1804-64-shippable-qr,True,False,,,102210fe594ee9b33d82058545b1ed14f4c8206e,custom.jsdebugger.stepOut.DAMP,damp,True,damp custom.jsdebugger.stepOut.DAMP opt e10s fission stylo webrender,4767202,77,ms,firefox,450975141.0,1858837141,2024-03-16 01:29:19,1394036,,,,,,,,,,,,,,,,,,,,,,,,,,,,,,,,,,,,,,,,,,,,,,,,,TN
2970,a7134d792577d5d0529bf81b769c32138f7bb0c0,0.8812744020726218,autoland,4768104,12,53390121d39b212135aaffcd577053a14c7f0dff,linux1804-64-shippable-qr,True,False,,,102210fe594ee9b33d82058545b1ed14f4c8206e,custom.jsdebugger.stepOut.DAMP,damp,True,damp custom.jsdebugger.stepOut.DAMP opt e10s fission stylo webrender,4767202,77,ms,firefox,450981350.0,1858886513,2024-03-16 06:01:10,1394058,,,,,,,,,,,,,,,,,,,,,,,,,,,,,,,,,,,,,,,,,,,,,,,,,TN
2971,a65344e02551e44aca46a84016a3a07cce9d23e6,0.8458487917581854,autoland,4768104,12,53390121d39b212135aaffcd577053a14c7f0dff,linux1804-64-shippable-qr,True,False,,,102210fe594ee9b33d82058545b1ed14f4c8206e,custom.jsdebugger.stepOut.DAMP,damp,True,damp custom.jsdebugger.stepOut.DAMP opt e10s fission stylo webrender,4767202,77,ms,firefox,451016300.0,1859012465,2024-03-16 15:16:53,1394103,,,,,,,,,,,,,,,,,,,,,,,,,,,,,,,,,,,,,,,,,,,,,,,,,TN
2972,bc06944d050ccff5aed2248b83d51d946814e90d,0.876918009004314,autoland,4768104,12,53390121d39b212135aaffcd577053a14c7f0dff,linux1804-64-shippable-qr,True,False,,,102210fe594ee9b33d82058545b1ed14f4c8206e,custom.jsdebugger.stepOut.DAMP,damp,True,damp custom.jsdebugger.stepOut.DAMP opt e10s fission stylo webrender,4767202,77,ms,firefox,451021517.0,1859049924,2024-03-16 21:40:10,1394130,,,,,,,,,,,,,,,,,,,,,,,,,,,,,,,,,,,,,,,,,,,,,,,,,TN
2973,7ef716435af3dee46482a893f4a3b29a4d3faafe,0.8549457122466426,autoland,4768104,12,53390121d39b212135aaffcd577053a14c7f0dff,linux1804-64-shippable-qr,True,False,,,102210fe594ee9b33d82058545b1ed14f4c8206e,custom.jsdebugger.stepOut.DAMP,damp,True,damp custom.jsdebugger.stepOut.DAMP opt e10s fission stylo webrender,4767202,77,ms,firefox,451041624.0,1859132704,2024-03-17 07:03:06,1394146,,,,,,,,,,,,,,,,,,,,,,,,,,,,,,,,,,,,,,,,,,,,,,,,,TN
2974,47d63b18299914bf2eecdeb64fe8df0a52605aec,0.8757603301143315,autoland,4768104,12,53390121d39b212135aaffcd577053a14c7f0dff,linux1804-64-shippable-qr,True,False,,,102210fe594ee9b33d82058545b1ed14f4c8206e,custom.jsdebugger.stepOut.DAMP,damp,True,damp custom.jsdebugger.stepOut.DAMP opt e10s fission stylo webrender,4767202,77,ms,firefox,451050816.0,1859160483,2024-03-17 13:56:17,1394162,,,,,,,,,,,,,,,,,,,,,,,,,,,,,,,,,,,,,,,,,,,,,,,,,TN
2975,164fcac77feead59372521b0072049f25a4c9692,0.8452844693013553,autoland,4768104,12,53390121d39b212135aaffcd577053a14c7f0dff,linux1804-64-shippable-qr,True,False,,,102210fe594ee9b33d82058545b1ed14f4c8206e,custom.jsdebugger.stepOut.DAMP,damp,True,damp custom.jsdebugger.stepOut.DAMP opt e10s fission stylo webrender,4767202,77,ms,firefox,451055656.0,1859184350,2024-03-17 19:02:19,1394171,,,,,,,,,,,,,,,,,,,,,,,,,,,,,,,,,,,,,,,,,,,,,,,,,TN
2976,469d4a744966c133ae480dc66643d47b77aa3209,0.8861804903235824,autoland,4768104,12,53390121d39b212135aaffcd577053a14c7f0dff,linux1804-64-shippable-qr,True,False,,,102210fe594ee9b33d82058545b1ed14f4c8206e,custom.jsdebugger.stepOut.DAMP,damp,True,damp custom.jsdebugger.stepOut.DAMP opt e10s fission stylo webrender,4767202,77,ms,firefox,451076271.0,1859310313,2024-03-18 01:14:25,1394186,,,,,,,,,,,,,,,,,,,,,,,,,,,,,,,,,,,,,,,,,,,,,,,,,TN
2977,9ae71156ef3c731f44e2af8d1d9c34b7eb7c6c9b,0.876527108469981,autoland,4768104,12,53390121d39b212135aaffcd577053a14c7f0dff,linux1804-64-shippable-qr,True,False,,,102210fe594ee9b33d82058545b1ed14f4c8206e,custom.jsdebugger.stepOut.DAMP,damp,True,damp custom.jsdebugger.stepOut.DAMP opt e10s fission stylo webrender,4767202,77,ms,firefox,451086503.0,1859399642,2024-03-18 07:02:14,1394207,,,,,,,,,,,,,,,,,,,,,,,,,,,,,,,,,,,,,,,,,,,,,,,,,TN
2978,d3946837037d31a7b6f83b1977e57c4ea384c904,0.8940200087278456,autoland,4768104,12,53390121d39b212135aaffcd577053a14c7f0dff,linux1804-64-shippable-qr,True,False,,,102210fe594ee9b33d82058545b1ed14f4c8206e,custom.jsdebugger.stepOut.DAMP,damp,True,damp custom.jsdebugger.stepOut.DAMP opt e10s fission stylo webrender,4767202,77,ms,firefox,451100838.0,1859461351,2024-03-18 09:15:45,1394248,,,,,,,,,,,,,,,,,,,,,,,,,,,,,,,,,,,,,,,,,,,,,,,,,TN
2979,0d75fde18028c7a32d8c621fbd20626658651273,0.8529595804046788,autoland,4768104,12,53390121d39b212135aaffcd577053a14c7f0dff,linux1804-64-shippable-qr,True,False,,,102210fe594ee9b33d82058545b1ed14f4c8206e,custom.jsdebugger.stepOut.DAMP,damp,True,damp custom.jsdebugger.stepOut.DAMP opt e10s fission stylo webrender,4767202,77,ms,firefox,451654897.0,1861677649,2024-03-18 11:30:26,1394329,,,,,,,,,,,,,,,,,,,,,,,,,,,,,,,,,,,,,,,,,,,,,,,,,TN
2980,a95f77e09675ab375aeea7292bdc95d76c10088c,0.8879935579267764,autoland,4768104,12,53390121d39b212135aaffcd577053a14c7f0dff,linux1804-64-shippable-qr,True,False,,,102210fe594ee9b33d82058545b1ed14f4c8206e,custom.jsdebugger.stepOut.DAMP,damp,True,damp custom.jsdebugger.stepOut.DAMP opt e10s fission stylo webrender,4767202,77,ms,firefox,451654994.0,1861678289,2024-03-18 12:35:24,1394344,,,,,,,,,,,,,,,,,,,,,,,,,,,,,,,,,,,,,,,,,,,,,,,,,TN
2981,977e4367913e363604ceb804d6c2d8f2b74b4ebd,0.8618723107058381,autoland,4768104,12,53390121d39b212135aaffcd577053a14c7f0dff,linux1804-64-shippable-qr,True,False,,,102210fe594ee9b33d82058545b1ed14f4c8206e,custom.jsdebugger.stepOut.DAMP,damp,True,damp custom.jsdebugger.stepOut.DAMP opt e10s fission stylo webrender,4767202,77,ms,firefox,451654998.0,1861677779,2024-03-18 13:40:21,1394366,,,,,,,,,,,,,,,,,,,,,,,,,,,,,,,,,,,,,,,,,,,,,,,,,TN
2982,9a84c7a992c26cd844507c8b4a7215e1aa1dd56e,0.8550767118949769,autoland,4768104,12,53390121d39b212135aaffcd577053a14c7f0dff,linux1804-64-shippable-qr,True,False,,,102210fe594ee9b33d82058545b1ed14f4c8206e,custom.jsdebugger.stepOut.DAMP,damp,True,damp custom.jsdebugger.stepOut.DAMP opt e10s fission stylo webrender,4767202,77,ms,firefox,451155783.0,1859666569,2024-03-18 16:13:31,1394426,,,,,,,,,,,,,,,,,,,,,,,,,,,,,,,,,,,,,,,,,,,,,,,,,TN
2983,7eb2094246f9e22319d224a876d78c82d8f3b247,0.8468812605070748,autoland,4768104,12,53390121d39b212135aaffcd577053a14c7f0dff,linux1804-64-shippable-qr,True,False,,,102210fe594ee9b33d82058545b1ed14f4c8206e,custom.jsdebugger.stepOut.DAMP,damp,True,damp custom.jsdebugger.stepOut.DAMP opt e10s fission stylo webrender,4767202,77,ms,firefox,451655016.0,1861678524,2024-03-18 16:14:19,1394427,,,,,,,,,,,,,,,,,,,,,,,,,,,,,,,,,,,,,,,,,,,,,,,,,TN
2984,0f0797227aaa0236c4c9b8183a97dd3a50996270,0.8537751348868998,autoland,4768104,12,53390121d39b212135aaffcd577053a14c7f0dff,linux1804-64-shippable-qr,True,False,,,102210fe594ee9b33d82058545b1ed14f4c8206e,custom.jsdebugger.stepOut.DAMP,damp,True,damp custom.jsdebugger.stepOut.DAMP opt e10s fission stylo webrender,4767202,77,ms,firefox,451655022.0,1861679348,2024-03-18 16:15:08,1394428,,,,,,,,,,,,,,,,,,,,,,,,,,,,,,,,,,,,,,,,,,,,,,,,,TN
2985,3a3ce649f035af424d27a0945e95a1739a03f078,0.8306556055887024,autoland,4768104,12,53390121d39b212135aaffcd577053a14c7f0dff,linux1804-64-shippable-qr,True,False,,,102210fe594ee9b33d82058545b1ed14f4c8206e,custom.jsdebugger.stepOut.DAMP,damp,True,damp custom.jsdebugger.stepOut.DAMP opt e10s fission stylo webrender,4767202,77,ms,firefox,451655026.0,1861678168,2024-03-18 16:15:59,1394429,,,,,,,,,,,,,,,,,,,,,,,,,,,,,,,,,,,,,,,,,,,,,,,,,TN
2986,21973e46f7ea4ab0e9423cc5ea5e8d7029e0b67b,0.8741787305279998,autoland,4768104,12,53390121d39b212135aaffcd577053a14c7f0dff,linux1804-64-shippable-qr,True,False,,,102210fe594ee9b33d82058545b1ed14f4c8206e,custom.jsdebugger.stepOut.DAMP,damp,True,damp custom.jsdebugger.stepOut.DAMP opt e10s fission stylo webrender,4767202,77,ms,firefox,451655027.0,1861679049,2024-03-18 16:16:49,1394431,,,,,,,,,,,,,,,,,,,,,,,,,,,,,,,,,,,,,,,,,,,,,,,,,TN
2987,ab4a4d632bcfcdcb0f37c6791a75467e73c47795,0.8673912094061376,autoland,4768104,12,53390121d39b212135aaffcd577053a14c7f0dff,linux1804-64-shippable-qr,True,False,,,102210fe594ee9b33d82058545b1ed14f4c8206e,custom.jsdebugger.stepOut.DAMP,damp,True,damp custom.jsdebugger.stepOut.DAMP opt e10s fission stylo webrender,4767202,77,ms,firefox,451166156.0,1859731800,2024-03-18 17:45:54,1394460,,,,,,,,,,,,,,,,,,,,,,,,,,,,,,,,,,,,,,,,,,,,,,,,,TN
2988,c1da79d02df41e7f27ced0f3031c61f3f29b96d0,0.8757475399433436,autoland,4768104,12,53390121d39b212135aaffcd577053a14c7f0dff,linux1804-64-shippable-qr,True,False,,,102210fe594ee9b33d82058545b1ed14f4c8206e,custom.jsdebugger.stepOut.DAMP,damp,True,damp custom.jsdebugger.stepOut.DAMP opt e10s fission stylo webrender,4767202,77,ms,firefox,451686529.0,1861770181,2024-03-18 20:09:17,1394514,,,,,,,,,,,,,,,,,,,,,,,,,,,,,,,,,,,,,,,,,,,,,,,,,TN
2989,36ef23674c2f6c51d85d14b05f3c8da61c8cd1e0,0.8370150707937598,autoland,4768104,12,53390121d39b212135aaffcd577053a14c7f0dff,linux1804-64-shippable-qr,True,False,,,102210fe594ee9b33d82058545b1ed14f4c8206e,custom.jsdebugger.stepOut.DAMP,damp,True,damp custom.jsdebugger.stepOut.DAMP opt e10s fission stylo webrender,4767202,77,ms,firefox,451681054.0,1861748633,2024-03-18 20:10:12,1394516,,,,,,,,,,,,,,,,,,,,,,,,,,,,,,,,,,,,,,,,,,,,,,,,,TN
2990,7b609d9f295fce7ab954f09492fea414b72843e6,0.85199353450249,autoland,4768104,12,53390121d39b212135aaffcd577053a14c7f0dff,linux1804-64-shippable-qr,True,False,,,102210fe594ee9b33d82058545b1ed14f4c8206e,custom.jsdebugger.stepOut.DAMP,damp,True,damp custom.jsdebugger.stepOut.DAMP opt e10s fission stylo webrender,4767202,77,ms,firefox,451672657.0,1861740786,2024-03-18 20:13:41,1394519,,,,,,,,,,,,,,,,,,,,,,,,,,,,,,,,,,,,,,,,,,,,,,,,,TN
2991,a387d4331dd332c954d2689a4a8b64c2181690b1,0.8450420134416556,autoland,4768104,12,53390121d39b212135aaffcd577053a14c7f0dff,linux1804-64-shippable-qr,True,False,,,102210fe594ee9b33d82058545b1ed14f4c8206e,custom.jsdebugger.stepOut.DAMP,damp,True,damp custom.jsdebugger.stepOut.DAMP opt e10s fission stylo webrender,4767202,77,ms,firefox,451685429.0,1861764836,2024-03-18 20:14:58,1394520,,,,,,,,,,,,,,,,,,,,,,,,,,,,,,,,,,,,,,,,,,,,,,,,,TN
2992,4203d6096c83824af4ef3121d0f3de9cc0b84915,0.872289600503773,autoland,4768104,12,53390121d39b212135aaffcd577053a14c7f0dff,linux1804-64-shippable-qr,True,False,,,102210fe594ee9b33d82058545b1ed14f4c8206e,custom.jsdebugger.stepOut.DAMP,damp,True,damp custom.jsdebugger.stepOut.DAMP opt e10s fission stylo webrender,4767202,77,ms,firefox,451681105.0,1861749717,2024-03-18 20:16:17,1394521,,,,,,,,,,,,,,,,,,,,,,,,,,,,,,,,,,,,,,,,,,,,,,,,,TN
2993,130b1f8de0e810621358b865d83874c497f58e7a,0.8322464701751677,autoland,4768104,12,53390121d39b212135aaffcd577053a14c7f0dff,linux1804-64-shippable-qr,True,False,,,102210fe594ee9b33d82058545b1ed14f4c8206e,custom.jsdebugger.stepOut.DAMP,damp,True,damp custom.jsdebugger.stepOut.DAMP opt e10s fission stylo webrender,4767202,77,ms,firefox,451680960.0,1861747839,2024-03-18 20:17:29,1394522,,,,,,,,,,,,,,,,,,,,,,,,,,,,,,,,,,,,,,,,,,,,,,,,,TN
2994,e193e2a39578ebfda6dbaeca79cd02306e503642,0.5284188201752207,autoland,4768104,12,53390121d39b212135aaffcd577053a14c7f0dff,linux1804-64-shippable-qr,True,False,,,102210fe594ee9b33d82058545b1ed14f4c8206e,custom.jsdebugger.stepOut.DAMP,damp,True,damp custom.jsdebugger.stepOut.DAMP opt e10s fission stylo webrender,4767202,77,ms,firefox,451671345.0,1861730342,2024-03-18 20:19:22,1394523,,,,,,,,,,,,,,,,,,,,,,,,,,,,,,,,,,,,,,,,,,,,,,,,,TN
2995,445c48c025df030b9ccb07d8eb2bc790d2281554,0.8616461721753079,autoland,4768104,12,53390121d39b212135aaffcd577053a14c7f0dff,linux1804-64-shippable-qr,True,False,,,102210fe594ee9b33d82058545b1ed14f4c8206e,custom.jsdebugger.stepOut.DAMP,damp,True,damp custom.jsdebugger.stepOut.DAMP opt e10s fission stylo webrender,4767202,77,ms,firefox,451672433.0,1861740395,2024-03-18 20:20:10,1394524,,,,,,,,,,,,,,,,,,,,,,,,,,,,,,,,,,,,,,,,,,,,,,,,,TN
2996,3d0c771e9c28d7bad460e8683406e4a832de5d93,0.8589334377997386,autoland,4768104,12,53390121d39b212135aaffcd577053a14c7f0dff,linux1804-64-shippable-qr,True,False,,,102210fe594ee9b33d82058545b1ed14f4c8206e,custom.jsdebugger.stepOut.DAMP,damp,True,damp custom.jsdebugger.stepOut.DAMP opt e10s fission stylo webrender,4767202,77,ms,firefox,451196309.0,1859840944,2024-03-18 20:20:59,1394525,,,,,,,,,,,,,,,,,,,,,,,,,,,,,,,,,,,,,,,,,,,,,,,,,TN
2997,c02cbc98a3b0d7c560db8865e33fa465029f4e56,0.8710020476753602,autoland,4768104,12,53390121d39b212135aaffcd577053a14c7f0dff,linux1804-64-shippable-qr,True,False,,,102210fe594ee9b33d82058545b1ed14f4c8206e,custom.jsdebugger.stepOut.DAMP,damp,True,damp custom.jsdebugger.stepOut.DAMP opt e10s fission stylo webrender,4767202,77,ms,firefox,451681106.0,1861748514,2024-03-18 20:23:43,1394526,,,,,,,,,,,,,,,,,,,,,,,,,,,,,,,,,,,,,,,,,,,,,,,,,TN
2998,db4b0f36bfd332e5db4c9c304fc9897bf3f854ac,0.8701291336525401,autoland,4768104,12,53390121d39b212135aaffcd577053a14c7f0dff,linux1804-64-shippable-qr,True,False,,,102210fe594ee9b33d82058545b1ed14f4c8206e,custom.jsdebugger.stepOut.DAMP,damp,True,damp custom.jsdebugger.stepOut.DAMP opt e10s fission stylo webrender,4767202,77,ms,firefox,451671884.0,1861737807,2024-03-18 20:24:34,1394527,,,,,,,,,,,,,,,,,,,,,,,,,,,,,,,,,,,,,,,,,,,,,,,,,TN
2999,102fa1186f2a0dd504bc5bc5355192513be0fa15,0.862551750663541,autoland,4768104,12,53390121d39b212135aaffcd577053a14c7f0dff,linux1804-64-shippable-qr,True,False,,,102210fe594ee9b33d82058545b1ed14f4c8206e,custom.jsdebugger.stepOut.DAMP,damp,True,damp custom.jsdebugger.stepOut.DAMP opt e10s fission stylo webrender,4767202,77,ms,firefox,451671853.0,1861738253,2024-03-18 20:25:27,1394528,,,,,,,,,,,,,,,,,,,,,,,,,,,,,,,,,,,,,,,,,,,,,,,,,TN
3000,8d7b7657ee38fbe3fc718825a0e1f5064f801e07,0.8802741149161857,autoland,4768104,12,53390121d39b212135aaffcd577053a14c7f0dff,linux1804-64-shippable-qr,True,False,,,102210fe594ee9b33d82058545b1ed14f4c8206e,custom.jsdebugger.stepOut.DAMP,damp,True,damp custom.jsdebugger.stepOut.DAMP opt e10s fission stylo webrender,4767202,77,ms,firefox,451672777.0,1861740505,2024-03-18 20:50:51,1394532,,,,,,,,,,,,,,,,,,,,,,,,,,,,,,,,,,,,,,,,,,,,,,,,,TN
3001,bd5a2ea9380391afc741daa08ac5f0dd3d376026,0.8979932540546545,autoland,4768104,12,53390121d39b212135aaffcd577053a14c7f0dff,linux1804-64-shippable-qr,True,False,,,102210fe594ee9b33d82058545b1ed14f4c8206e,custom.jsdebugger.stepOut.DAMP,damp,True,damp custom.jsdebugger.stepOut.DAMP opt e10s fission stylo webrender,4767202,77,ms,firefox,451680891.0,1861748334,2024-03-18 21:09:48,1394536,,,,,,,,,,,,,,,,,,,,,,,,,,,,,,,,,,,,,,,,,,,,,,,,,TN
3002,0febedb51783638cc944e4b495547ccfedb4c43f,0.849603919610211,autoland,4768104,12,53390121d39b212135aaffcd577053a14c7f0dff,linux1804-64-shippable-qr,True,False,,,102210fe594ee9b33d82058545b1ed14f4c8206e,custom.jsdebugger.stepOut.DAMP,damp,True,damp custom.jsdebugger.stepOut.DAMP opt e10s fission stylo webrender,4767202,77,ms,firefox,451221762.0,1859947948,2024-03-19 01:00:45,1394573,,,,,,,,,,,,,,,,,,,,,,,,,,,,,,,,,,,,,,,,,,,,,,,,,TN
3003,84c9d7f24e50a1103fd04d35a872b044a4063e35,0.8574372789009155,autoland,4768104,12,53390121d39b212135aaffcd577053a14c7f0dff,linux1804-64-shippable-qr,True,False,,,102210fe594ee9b33d82058545b1ed14f4c8206e,custom.jsdebugger.stepOut.DAMP,damp,True,damp custom.jsdebugger.stepOut.DAMP opt e10s fission stylo webrender,4767202,77,ms,firefox,451672170.0,1861738573,2024-03-19 03:39:15,1394605,,,,,,,,,,,,,,,,,,,,,,,,,,,,,,,,,,,,,,,,,,,,,,,,,TN
3004,26662bd77b867b3c99f37ed75aefc819dcf4bc09,0.8567218162256323,autoland,4768104,12,53390121d39b212135aaffcd577053a14c7f0dff,linux1804-64-shippable-qr,True,False,,,102210fe594ee9b33d82058545b1ed14f4c8206e,custom.jsdebugger.stepOut.DAMP,damp,True,damp custom.jsdebugger.stepOut.DAMP opt e10s fission stylo webrender,4767202,77,ms,firefox,451681675.0,1861749947,2024-03-19 04:13:34,1394610,,,,,,,,,,,,,,,,,,,,,,,,,,,,,,,,,,,,,,,,,,,,,,,,,TN
3005,333887f6c287d6429015a0057929d53ec41b1c3d,0.8867404301621584,autoland,4768104,12,53390121d39b212135aaffcd577053a14c7f0dff,linux1804-64-shippable-qr,True,False,,,102210fe594ee9b33d82058545b1ed14f4c8206e,custom.jsdebugger.stepOut.DAMP,damp,True,damp custom.jsdebugger.stepOut.DAMP opt e10s fission stylo webrender,4767202,77,ms,firefox,451673264.0,1861740873,2024-03-19 04:14:24,1394611,,,,,,,,,,,,,,,,,,,,,,,,,,,,,,,,,,,,,,,,,,,,,,,,,TN
3006,32fea4291314fd76ee4c05fac486762ca69a1e79,0.8758362673459839,autoland,4768104,12,53390121d39b212135aaffcd577053a14c7f0dff,linux1804-64-shippable-qr,True,False,,,102210fe594ee9b33d82058545b1ed14f4c8206e,custom.jsdebugger.stepOut.DAMP,damp,True,damp custom.jsdebugger.stepOut.DAMP opt e10s fission stylo webrender,4767202,77,ms,firefox,451679025.0,1861744718,2024-03-19 04:16:07,1394612,,,,,,,,,,,,,,,,,,,,,,,,,,,,,,,,,,,,,,,,,,,,,,,,,TN
3007,fbd5983b9ce0735cc72e04e70dd4d609e9971663,0.8782159773819911,autoland,4768104,12,53390121d39b212135aaffcd577053a14c7f0dff,linux1804-64-shippable-qr,True,False,,,102210fe594ee9b33d82058545b1ed14f4c8206e,custom.jsdebugger.stepOut.DAMP,damp,True,damp custom.jsdebugger.stepOut.DAMP opt e10s fission stylo webrender,4767202,77,ms,firefox,451655021.0,1861678078,2024-03-19 05:23:08,1394616,,,,,,,,,,,,,,,,,,,,,,,,,,,,,,,,,,,,,,,,,,,,,,,,,TN
3008,31180e61e4e3926b3510e580e3934fce381c8136,0.8654748219009651,autoland,4768104,12,53390121d39b212135aaffcd577053a14c7f0dff,linux1804-64-shippable-qr,True,False,,,102210fe594ee9b33d82058545b1ed14f4c8206e,custom.jsdebugger.stepOut.DAMP,damp,True,damp custom.jsdebugger.stepOut.DAMP opt e10s fission stylo webrender,4767202,77,ms,firefox,451676706.0,1861743421,2024-03-19 05:29:00,1394617,,,,,,,,,,,,,,,,,,,,,,,,,,,,,,,,,,,,,,,,,,,,,,,,,TN
3009,ca250739126614322a325fededc713174a6ad565,0.8533018757057818,autoland,4768104,12,53390121d39b212135aaffcd577053a14c7f0dff,linux1804-64-shippable-qr,True,False,,,102210fe594ee9b33d82058545b1ed14f4c8206e,custom.jsdebugger.stepOut.DAMP,damp,True,damp custom.jsdebugger.stepOut.DAMP opt e10s fission stylo webrender,4767202,77,ms,firefox,451682929.0,1861751050,2024-03-19 05:29:50,1394618,,,,,,,,,,,,,,,,,,,,,,,,,,,,,,,,,,,,,,,,,,,,,,,,,TN
3010,a1428617e87a31280ec3e538848d0030b46588e8,0.8482247808905217,autoland,4768104,12,53390121d39b212135aaffcd577053a14c7f0dff,linux1804-64-shippable-qr,True,False,,,102210fe594ee9b33d82058545b1ed14f4c8206e,custom.jsdebugger.stepOut.DAMP,damp,True,damp custom.jsdebugger.stepOut.DAMP opt e10s fission stylo webrender,4767202,77,ms,firefox,451655028.0,1861679403,2024-03-19 05:30:41,1394619,,,,,,,,,,,,,,,,,,,,,,,,,,,,,,,,,,,,,,,,,,,,,,,,,TN
3011,257bbdeecf35f083d61e28ae0a1f4b852683aeff,0.882360105077282,autoland,4768104,12,53390121d39b212135aaffcd577053a14c7f0dff,linux1804-64-shippable-qr,True,False,,,102210fe594ee9b33d82058545b1ed14f4c8206e,custom.jsdebugger.stepOut.DAMP,damp,True,damp custom.jsdebugger.stepOut.DAMP opt e10s fission stylo webrender,4767202,77,ms,firefox,451614535.0,1861479243,2024-03-19 05:31:40,1394620,,,,,,,,,,,,,,,,,,,,,,,,,,,,,,,,,,,,,,,,,,,,,,,,,TN
3012,63dc52c699029c7bca12aaa65d5148b6d4431f21,0.8688832748144584,autoland,4768104,12,53390121d39b212135aaffcd577053a14c7f0dff,linux1804-64-shippable-qr,True,False,,,102210fe594ee9b33d82058545b1ed14f4c8206e,custom.jsdebugger.stepOut.DAMP,damp,True,damp custom.jsdebugger.stepOut.DAMP opt e10s fission stylo webrender,4767202,77,ms,firefox,451613887.0,1861475072,2024-03-19 05:32:55,1394621,,,,,,,,,,,,,,,,,,,,,,,,,,,,,,,,,,,,,,,,,,,,,,,,,TN
3013,df098781d6cf0cef6035d4027c1cd933b4f558c0,0.9075473488893613,autoland,4768104,12,53390121d39b212135aaffcd577053a14c7f0dff,linux1804-64-shippable-qr,True,False,,,102210fe594ee9b33d82058545b1ed14f4c8206e,custom.jsdebugger.stepOut.DAMP,damp,True,damp custom.jsdebugger.stepOut.DAMP opt e10s fission stylo webrender,4767202,77,ms,firefox,451613334.0,1861474983,2024-03-19 05:33:48,1394622,,,,,,,,,,,,,,,,,,,,,,,,,,,,,,,,,,,,,,,,,,,,,,,,,TN
3014,613a60400bbcf12d4cb9ced33352f957d2228170,0.8520977893497395,autoland,4768104,12,53390121d39b212135aaffcd577053a14c7f0dff,linux1804-64-shippable-qr,True,False,,,102210fe594ee9b33d82058545b1ed14f4c8206e,custom.jsdebugger.stepOut.DAMP,damp,True,damp custom.jsdebugger.stepOut.DAMP opt e10s fission stylo webrender,4767202,77,ms,firefox,451614358.0,1861475748,2024-03-19 05:37:34,1394623,,,,,,,,,,,,,,,,,,,,,,,,,,,,,,,,,,,,,,,,,,,,,,,,,TN
3015,195480a1eaa56cc24fd27c5065d9c13607af64e5,0.9012050574671842,autoland,4768104,12,53390121d39b212135aaffcd577053a14c7f0dff,linux1804-64-shippable-qr,True,False,,,102210fe594ee9b33d82058545b1ed14f4c8206e,custom.jsdebugger.stepOut.DAMP,damp,True,damp custom.jsdebugger.stepOut.DAMP opt e10s fission stylo webrender,4767202,77,ms,firefox,451614606.0,1861483741,2024-03-19 05:39:45,1394624,,,,,,,,,,,,,,,,,,,,,,,,,,,,,,,,,,,,,,,,,,,,,,,,,TN
3016,fae43c340e255cac0d8b43371745170610556e7c,0.8626545260914589,autoland,4768104,12,53390121d39b212135aaffcd577053a14c7f0dff,linux1804-64-shippable-qr,True,False,,,102210fe594ee9b33d82058545b1ed14f4c8206e,custom.jsdebugger.stepOut.DAMP,damp,True,damp custom.jsdebugger.stepOut.DAMP opt e10s fission stylo webrender,4767202,77,ms,firefox,451614023.0,1861475189,2024-03-19 06:01:13,1394630,,,,,,,,,,,,,,,,,,,,,,,,,,,,,,,,,,,,,,,,,,,,,,,,,TN
3017,76520787dd34b7d9d8f9582282643757687948dc,0.8797960260123066,autoland,4768104,12,53390121d39b212135aaffcd577053a14c7f0dff,linux1804-64-shippable-qr,True,False,,,102210fe594ee9b33d82058545b1ed14f4c8206e,custom.jsdebugger.stepOut.DAMP,damp,True,damp custom.jsdebugger.stepOut.DAMP opt e10s fission stylo webrender,4767202,77,ms,firefox,451613266.0,1861474731,2024-03-19 06:02:40,1394631,,,,,,,,,,,,,,,,,,,,,,,,,,,,,,,,,,,,,,,,,,,,,,,,,TN
3018,0fbe242e1d975dcdea4df1bc8187bd9ecfe80291,0.894835400265297,autoland,4768104,12,53390121d39b212135aaffcd577053a14c7f0dff,linux1804-64-shippable-qr,True,False,,,102210fe594ee9b33d82058545b1ed14f4c8206e,custom.jsdebugger.stepOut.DAMP,damp,True,damp custom.jsdebugger.stepOut.DAMP opt e10s fission stylo webrender,4767202,77,ms,firefox,451248401.0,1860062333,2024-03-19 06:03:35,1394632,,,,,,,,,,,,,,,,,,,,,,,,,,,,,,,,,,,,,,,,,,,,,,,,,TN
3019,0e250e45603afb7b1039fab4ceecbd3cf6a7172d,0.8664340956594401,autoland,4768104,12,53390121d39b212135aaffcd577053a14c7f0dff,linux1804-64-shippable-qr,True,False,,,102210fe594ee9b33d82058545b1ed14f4c8206e,custom.jsdebugger.stepOut.DAMP,damp,True,damp custom.jsdebugger.stepOut.DAMP opt e10s fission stylo webrender,4767202,77,ms,firefox,451638618.0,1861584684,2024-03-19 06:46:57,1394644,,,,,,,,,,,,,,,,,,,,,,,,,,,,,,,,,,,,,,,,,,,,,,,,,TN
3020,28b1ebe079113fd38acf0bf3b7932aeb504909b0,0.8473824945235959,autoland,4768104,12,53390121d39b212135aaffcd577053a14c7f0dff,linux1804-64-shippable-qr,True,False,,,102210fe594ee9b33d82058545b1ed14f4c8206e,custom.jsdebugger.stepOut.DAMP,damp,True,damp custom.jsdebugger.stepOut.DAMP opt e10s fission stylo webrender,4767202,77,ms,firefox,451638446.0,1861583858,2024-03-19 06:47:50,1394645,,,,,,,,,,,,,,,,,,,,,,,,,,,,,,,,,,,,,,,,,,,,,,,,,TN
3021,a55832f23475aa7e8f84828bd087174bab7ec8f2,0.8855171332136016,autoland,4768104,12,53390121d39b212135aaffcd577053a14c7f0dff,linux1804-64-shippable-qr,True,False,,,102210fe594ee9b33d82058545b1ed14f4c8206e,custom.jsdebugger.stepOut.DAMP,damp,True,damp custom.jsdebugger.stepOut.DAMP opt e10s fission stylo webrender,4767202,77,ms,firefox,451639032.0,1861592223,2024-03-19 06:48:43,1394646,,,,,,,,,,,,,,,,,,,,,,,,,,,,,,,,,,,,,,,,,,,,,,,,,TN
3022,37720af4970f1461fbe042583b49a5203fc5f2cd,0.8656032492077894,autoland,4768104,12,53390121d39b212135aaffcd577053a14c7f0dff,linux1804-64-shippable-qr,True,False,,,102210fe594ee9b33d82058545b1ed14f4c8206e,custom.jsdebugger.stepOut.DAMP,damp,True,damp custom.jsdebugger.stepOut.DAMP opt e10s fission stylo webrender,4767202,77,ms,firefox,451643484.0,1861622663,2024-03-19 06:50:27,1394647,,,,,,,,,,,,,,,,,,,,,,,,,,,,,,,,,,,,,,,,,,,,,,,,,TN
3023,02db66b75b89cabb5708bbf817c932bf7f16c2a0,0.852019319519131,autoland,4768104,12,53390121d39b212135aaffcd577053a14c7f0dff,linux1804-64-shippable-qr,True,False,,,102210fe594ee9b33d82058545b1ed14f4c8206e,custom.jsdebugger.stepOut.DAMP,damp,True,damp custom.jsdebugger.stepOut.DAMP opt e10s fission stylo webrender,4767202,77,ms,firefox,451638340.0,1861581220,2024-03-19 06:51:19,1394648,,,,,,,,,,,,,,,,,,,,,,,,,,,,,,,,,,,,,,,,,,,,,,,,,TN
3024,8c3d0c2041862bdd92b6a15cf26c4dc7f9401c68,0.9062264688871184,autoland,4768104,12,53390121d39b212135aaffcd577053a14c7f0dff,linux1804-64-shippable-qr,True,False,,,102210fe594ee9b33d82058545b1ed14f4c8206e,custom.jsdebugger.stepOut.DAMP,damp,True,damp custom.jsdebugger.stepOut.DAMP opt e10s fission stylo webrender,4767202,77,ms,firefox,451641364.0,1861618144,2024-03-19 06:52:45,1394649,,,,,,,,,,,,,,,,,,,,,,,,,,,,,,,,,,,,,,,,,,,,,,,,,TN
3025,68a52b9ecf54c4ee263d435626523700f5c5b273,0.8864507739709859,autoland,4768104,12,53390121d39b212135aaffcd577053a14c7f0dff,linux1804-64-shippable-qr,True,False,,,102210fe594ee9b33d82058545b1ed14f4c8206e,custom.jsdebugger.stepOut.DAMP,damp,True,damp custom.jsdebugger.stepOut.DAMP opt e10s fission stylo webrender,4767202,77,ms,firefox,451639509.0,1861598263,2024-03-19 08:16:33,1394664,,,,,,,,,,,,,,,,,,,,,,,,,,,,,,,,,,,,,,,,,,,,,,,,,TN
3026,bd45b4ccb1292ec35d0fb6c623cb70b62fecd87b,0.8689846999866491,autoland,4768104,12,53390121d39b212135aaffcd577053a14c7f0dff,linux1804-64-shippable-qr,True,False,,,102210fe594ee9b33d82058545b1ed14f4c8206e,custom.jsdebugger.stepOut.DAMP,damp,True,damp custom.jsdebugger.stepOut.DAMP opt e10s fission stylo webrender,4767202,77,ms,firefox,451256758.0,1860090175,2024-03-19 08:17:39,1394665,,,,,,,,,,,,,,,,,,,,,,,,,,,,,,,,,,,,,,,,,,,,,,,,,TN
3027,f5f6e831c951d529114e2062fcaa31029b2e681d,0.8913637158380456,autoland,4768104,12,53390121d39b212135aaffcd577053a14c7f0dff,linux1804-64-shippable-qr,True,False,,,102210fe594ee9b33d82058545b1ed14f4c8206e,custom.jsdebugger.stepOut.DAMP,damp,True,damp custom.jsdebugger.stepOut.DAMP opt e10s fission stylo webrender,4767202,77,ms,firefox,451627817.0,1861561796,2024-03-19 09:50:18,1394687,,,,,,,,,,,,,,,,,,,,,,,,,,,,,,,,,,,,,,,,,,,,,,,,,TN
3028,846ae70d3390f1c974f80e09a97ed726b5497770,0.8695079762578866,autoland,4768104,12,53390121d39b212135aaffcd577053a14c7f0dff,linux1804-64-shippable-qr,True,False,,,102210fe594ee9b33d82058545b1ed14f4c8206e,custom.jsdebugger.stepOut.DAMP,damp,True,damp custom.jsdebugger.stepOut.DAMP opt e10s fission stylo webrender,4767202,77,ms,firefox,451644716.0,1861631079,2024-03-19 09:51:16,1394688,,,,,,,,,,,,,,,,,,,,,,,,,,,,,,,,,,,,,,,,,,,,,,,,,TN
3029,3d46becb9ecd34495065a3b309a451e5ae7323b2,0.8675234907542484,autoland,4768104,12,53390121d39b212135aaffcd577053a14c7f0dff,linux1804-64-shippable-qr,True,False,,,102210fe594ee9b33d82058545b1ed14f4c8206e,custom.jsdebugger.stepOut.DAMP,damp,True,damp custom.jsdebugger.stepOut.DAMP opt e10s fission stylo webrender,4767202,77,ms,firefox,451639067.0,1861592496,2024-03-19 09:53:06,1394690,,,,,,,,,,,,,,,,,,,,,,,,,,,,,,,,,,,,,,,,,,,,,,,,,TN
3030,99b434c35818657e980235436cb2e50b4937c8c9,0.8726603227126988,autoland,4768104,12,53390121d39b212135aaffcd577053a14c7f0dff,linux1804-64-shippable-qr,True,False,,,102210fe594ee9b33d82058545b1ed14f4c8206e,custom.jsdebugger.stepOut.DAMP,damp,True,damp custom.jsdebugger.stepOut.DAMP opt e10s fission stylo webrender,4767202,77,ms,firefox,451621266.0,1861515145,2024-03-19 09:54:35,1394692,,,,,,,,,,,,,,,,,,,,,,,,,,,,,,,,,,,,,,,,,,,,,,,,,TN
3031,703ecd7e3512e96d3ccecd50429d35f9599f8fb1,0.8482791547662185,autoland,4768104,12,53390121d39b212135aaffcd577053a14c7f0dff,linux1804-64-shippable-qr,True,False,,,102210fe594ee9b33d82058545b1ed14f4c8206e,custom.jsdebugger.stepOut.DAMP,damp,True,damp custom.jsdebugger.stepOut.DAMP opt e10s fission stylo webrender,4767202,77,ms,firefox,451638324.0,1861580795,2024-03-19 10:36:36,1394699,,,,,,,,,,,,,,,,,,,,,,,,,,,,,,,,,,,,,,,,,,,,,,,,,TN
3032,872a6b6b59effc341abe32c126dbb4850e08d0ed,0.9040655797704749,autoland,4768104,12,53390121d39b212135aaffcd577053a14c7f0dff,linux1804-64-shippable-qr,True,False,,,102210fe594ee9b33d82058545b1ed14f4c8206e,custom.jsdebugger.stepOut.DAMP,damp,True,damp custom.jsdebugger.stepOut.DAMP opt e10s fission stylo webrender,4767202,77,ms,firefox,451638582.0,1861584627,2024-03-19 11:09:51,1394707,,,,,,,,,,,,,,,,,,,,,,,,,,,,,,,,,,,,,,,,,,,,,,,,,TN
3033,cd086e8be4fc0cf89118bd427969da6b210983f4,0.854648517872636,autoland,4768104,12,53390121d39b212135aaffcd577053a14c7f0dff,linux1804-64-shippable-qr,True,False,,,102210fe594ee9b33d82058545b1ed14f4c8206e,custom.jsdebugger.stepOut.DAMP,damp,True,damp custom.jsdebugger.stepOut.DAMP opt e10s fission stylo webrender,4767202,77,ms,firefox,451639167.0,1861594404,2024-03-19 11:13:31,1394708,,,,,,,,,,,,,,,,,,,,,,,,,,,,,,,,,,,,,,,,,,,,,,,,,TN
3034,6945c51bfe8329ebe35a08cb352964aa1013eca0,0.889866277226621,autoland,4768104,12,53390121d39b212135aaffcd577053a14c7f0dff,linux1804-64-shippable-qr,True,False,,,102210fe594ee9b33d82058545b1ed14f4c8206e,custom.jsdebugger.stepOut.DAMP,damp,True,damp custom.jsdebugger.stepOut.DAMP opt e10s fission stylo webrender,4767202,77,ms,firefox,451639401.0,1861596499,2024-03-19 11:14:23,1394709,,,,,,,,,,,,,,,,,,,,,,,,,,,,,,,,,,,,,,,,,,,,,,,,,TN
3035,a4280d9d04d7841f3a7286d7cb6d9667ed276e03,0.8622914642740129,autoland,4768104,12,53390121d39b212135aaffcd577053a14c7f0dff,linux1804-64-shippable-qr,True,False,,,102210fe594ee9b33d82058545b1ed14f4c8206e,custom.jsdebugger.stepOut.DAMP,damp,True,damp custom.jsdebugger.stepOut.DAMP opt e10s fission stylo webrender,4767202,77,ms,firefox,451288534.0,1860186440,2024-03-19 11:15:16,1394711,,,,,,,,,,,,,,,,,,,,,,,,,,,,,,,,,,,,,,,,,,,,,,,,,TN
3036,ce6e019086c818b18d7e0642ece177ad07b4cbc9,0.8901301434331559,autoland,4768104,12,53390121d39b212135aaffcd577053a14c7f0dff,linux1804-64-shippable-qr,True,False,,,102210fe594ee9b33d82058545b1ed14f4c8206e,custom.jsdebugger.stepOut.DAMP,damp,True,damp custom.jsdebugger.stepOut.DAMP opt e10s fission stylo webrender,4767202,77,ms,firefox,451775415.0,1862117575,2024-03-19 11:17:43,1394713,,,,,,,,,,,,,,,,,,,,,,,,,,,,,,,,,,,,,,,,,,,,,,,,,TN
3037,fccadc284fd9f4ab924f21da83536a5ef1983e85,0.8210297504724273,autoland,4768104,12,53390121d39b212135aaffcd577053a14c7f0dff,linux1804-64-shippable-qr,True,False,,,102210fe594ee9b33d82058545b1ed14f4c8206e,custom.jsdebugger.stepOut.DAMP,damp,True,damp custom.jsdebugger.stepOut.DAMP opt e10s fission stylo webrender,4767202,77,ms,firefox,451775089.0,1862116835,2024-03-19 11:18:34,1394714,,,,,,,,,,,,,,,,,,,,,,,,,,,,,,,,,,,,,,,,,,,,,,,,,TN
3038,1cff0f4471b51feec35c3c9e629b90646ba8117e,0.8334724944614398,autoland,4768104,12,53390121d39b212135aaffcd577053a14c7f0dff,linux1804-64-shippable-qr,True,False,,,102210fe594ee9b33d82058545b1ed14f4c8206e,custom.jsdebugger.stepOut.DAMP,damp,True,damp custom.jsdebugger.stepOut.DAMP opt e10s fission stylo webrender,4767202,77,ms,firefox,451775088.0,1862116896,2024-03-19 11:19:24,1394715,,,,,,,,,,,,,,,,,,,,,,,,,,,,,,,,,,,,,,,,,,,,,,,,,TN
3039,1e9f3645eebb362c08c1fc3aa28e49d100f6b88c,0.8775145219958005,autoland,4768104,12,53390121d39b212135aaffcd577053a14c7f0dff,linux1804-64-shippable-qr,True,False,,,102210fe594ee9b33d82058545b1ed14f4c8206e,custom.jsdebugger.stepOut.DAMP,damp,True,damp custom.jsdebugger.stepOut.DAMP opt e10s fission stylo webrender,4767202,77,ms,firefox,451775093.0,1862116962,2024-03-19 11:20:14,1394716,,,,,,,,,,,,,,,,,,,,,,,,,,,,,,,,,,,,,,,,,,,,,,,,,TN
3040,4e604bbbfd9c26b7c36d9f3e141252c9a5d87954,0.8857180167947316,autoland,4768104,12,53390121d39b212135aaffcd577053a14c7f0dff,linux1804-64-shippable-qr,True,False,,,102210fe594ee9b33d82058545b1ed14f4c8206e,custom.jsdebugger.stepOut.DAMP,damp,True,damp custom.jsdebugger.stepOut.DAMP opt e10s fission stylo webrender,4767202,77,ms,firefox,451775096.0,1862117445,2024-03-19 11:21:27,1394719,,,,,,,,,,,,,,,,,,,,,,,,,,,,,,,,,,,,,,,,,,,,,,,,,TN
3041,9e4513cdec3e0f09f45a354c3d4c629b7961ea28,0.8701432283753989,autoland,4768104,12,53390121d39b212135aaffcd577053a14c7f0dff,linux1804-64-shippable-qr,True,False,,,102210fe594ee9b33d82058545b1ed14f4c8206e,custom.jsdebugger.stepOut.DAMP,damp,True,damp custom.jsdebugger.stepOut.DAMP opt e10s fission stylo webrender,4767202,77,ms,firefox,451775094.0,1862116597,2024-03-19 11:22:22,1394720,,,,,,,,,,,,,,,,,,,,,,,,,,,,,,,,,,,,,,,,,,,,,,,,,TN
3042,cabbc2019918c81e8a1e046d9878f5b441a7040d,0.8692314450694256,autoland,4768104,12,53390121d39b212135aaffcd577053a14c7f0dff,linux1804-64-shippable-qr,True,False,,,102210fe594ee9b33d82058545b1ed14f4c8206e,custom.jsdebugger.stepOut.DAMP,damp,True,damp custom.jsdebugger.stepOut.DAMP opt e10s fission stylo webrender,4767202,77,ms,firefox,451775098.0,1862117059,2024-03-19 12:27:17,1394733,,,,,,,,,,,,,,,,,,,,,,,,,,,,,,,,,,,,,,,,,,,,,,,,,TN
3043,13160371cd9595301c149d37cfff3de90eb94768,0.8961577512414947,autoland,4768104,12,53390121d39b212135aaffcd577053a14c7f0dff,linux1804-64-shippable-qr,True,False,,,102210fe594ee9b33d82058545b1ed14f4c8206e,custom.jsdebugger.stepOut.DAMP,damp,True,damp custom.jsdebugger.stepOut.DAMP opt e10s fission stylo webrender,4767202,77,ms,firefox,451775097.0,1862118398,2024-03-19 12:28:38,1394734,,,,,,,,,,,,,,,,,,,,,,,,,,,,,,,,,,,,,,,,,,,,,,,,,TN
3044,288e23f5eef38193496f4b2e9f10613987eac27b,0.6984139131729226,autoland,4768104,12,53390121d39b212135aaffcd577053a14c7f0dff,linux1804-64-shippable-qr,True,False,,,102210fe594ee9b33d82058545b1ed14f4c8206e,custom.jsdebugger.stepOut.DAMP,damp,True,damp custom.jsdebugger.stepOut.DAMP opt e10s fission stylo webrender,4767202,77,ms,firefox,451775104.0,1862113656,2024-03-19 12:29:38,1394735,,,,,,,,,,,,,,,,,,,,,,,,,,,,,,,,,,,,,,,,,,,,,,,,,TN
3045,fbb733fbb42b6f869d7d0dda18f2a675034630a3,0.849612362931466,autoland,4768104,12,53390121d39b212135aaffcd577053a14c7f0dff,linux1804-64-shippable-qr,True,False,,,102210fe594ee9b33d82058545b1ed14f4c8206e,custom.jsdebugger.stepOut.DAMP,damp,True,damp custom.jsdebugger.stepOut.DAMP opt e10s fission stylo webrender,4767202,77,ms,firefox,451621292.0,1861517396,2024-03-19 12:30:32,1394736,,,,,,,,,,,,,,,,,,,,,,,,,,,,,,,,,,,,,,,,,,,,,,,,,TN
3046,c7d6f5ba608c5f2853d633ef77f77f6f0f2f8627,0.8540713684827594,autoland,4768104,12,53390121d39b212135aaffcd577053a14c7f0dff,linux1804-64-shippable-qr,True,False,,,102210fe594ee9b33d82058545b1ed14f4c8206e,custom.jsdebugger.stepOut.DAMP,damp,True,damp custom.jsdebugger.stepOut.DAMP opt e10s fission stylo webrender,4767202,77,ms,firefox,451621265.0,1861514131,2024-03-19 12:32:49,1394737,,,,,,,,,,,,,,,,,,,,,,,,,,,,,,,,,,,,,,,,,,,,,,,,,TN
3047,f70df74fc0992b4ddae97dad10a852330032becf,0.8212524969696937,autoland,4768104,12,53390121d39b212135aaffcd577053a14c7f0dff,linux1804-64-shippable-qr,True,False,,,102210fe594ee9b33d82058545b1ed14f4c8206e,custom.jsdebugger.stepOut.DAMP,damp,True,damp custom.jsdebugger.stepOut.DAMP opt e10s fission stylo webrender,4767202,77,ms,firefox,451621295.0,1861515066,2024-03-19 13:18:10,1394756,,,,,,,,,,,,,,,,,,,,,,,,,,,,,,,,,,,,,,,,,,,,,,,,,TN
3048,e4d65f79d36fb49972b9226a970832a02348d8af,0.8322049093225099,autoland,4768104,12,53390121d39b212135aaffcd577053a14c7f0dff,linux1804-64-shippable-qr,True,False,,,102210fe594ee9b33d82058545b1ed14f4c8206e,custom.jsdebugger.stepOut.DAMP,damp,True,damp custom.jsdebugger.stepOut.DAMP opt e10s fission stylo webrender,4767202,77,ms,firefox,451621434.0,1861515531,2024-03-19 13:20:49,1394757,,,,,,,,,,,,,,,,,,,,,,,,,,,,,,,,,,,,,,,,,,,,,,,,,TN
3049,cb04b626669116311feaf22440f5cb26f0280319,0.835951494496953,autoland,4768104,12,53390121d39b212135aaffcd577053a14c7f0dff,linux1804-64-shippable-qr,True,False,,,102210fe594ee9b33d82058545b1ed14f4c8206e,custom.jsdebugger.stepOut.DAMP,damp,True,damp custom.jsdebugger.stepOut.DAMP opt e10s fission stylo webrender,4767202,77,ms,firefox,451621452.0,1861518544,2024-03-19 13:21:45,1394758,,,,,,,,,,,,,,,,,,,,,,,,,,,,,,,,,,,,,,,,,,,,,,,,,TN
3050,d7b65134f0f694c0a5bded852c6db473c0fcebfc,0.8416280074895732,autoland,4768104,12,53390121d39b212135aaffcd577053a14c7f0dff,linux1804-64-shippable-qr,True,False,,,102210fe594ee9b33d82058545b1ed14f4c8206e,custom.jsdebugger.stepOut.DAMP,damp,True,damp custom.jsdebugger.stepOut.DAMP opt e10s fission stylo webrender,4767202,77,ms,firefox,451621471.0,1861518616,2024-03-19 13:23:25,1394760,,,,,,,,,,,,,,,,,,,,,,,,,,,,,,,,,,,,,,,,,,,,,,,,,TN
3051,43d89580ba9c295f67bc3df94ba1aac23b435b63,0.8652123904031861,autoland,4768104,12,53390121d39b212135aaffcd577053a14c7f0dff,linux1804-64-shippable-qr,True,False,,,102210fe594ee9b33d82058545b1ed14f4c8206e,custom.jsdebugger.stepOut.DAMP,damp,True,damp custom.jsdebugger.stepOut.DAMP opt e10s fission stylo webrender,4767202,77,ms,firefox,451320689.0,1860283727,2024-03-19 13:28:22,1394763,,,,,,,,,,,,,,,,,,,,,,,,,,,,,,,,,,,,,,,,,,,,,,,,,TN
3052,2092d43bfaaeefc21ae6a09ba0b9e0a73668ed37,0.8805683852263542,autoland,4768104,12,53390121d39b212135aaffcd577053a14c7f0dff,linux1804-64-shippable-qr,True,False,,,102210fe594ee9b33d82058545b1ed14f4c8206e,custom.jsdebugger.stepOut.DAMP,damp,True,damp custom.jsdebugger.stepOut.DAMP opt e10s fission stylo webrender,4767202,77,ms,firefox,451713358.0,1861875193,2024-03-19 15:34:55,1394832,,,,,,,,,,,,,,,,,,,,,,,,,,,,,,,,,,,,,,,,,,,,,,,,,TN
3053,f983e945bb0df08a6d90ac794e316776e2eb7892,0.8437800727494686,autoland,4768104,12,53390121d39b212135aaffcd577053a14c7f0dff,linux1804-64-shippable-qr,True,False,,,102210fe594ee9b33d82058545b1ed14f4c8206e,custom.jsdebugger.stepOut.DAMP,damp,True,damp custom.jsdebugger.stepOut.DAMP opt e10s fission stylo webrender,4767202,77,ms,firefox,451713361.0,1861873653,2024-03-19 15:35:48,1394833,,,,,,,,,,,,,,,,,,,,,,,,,,,,,,,,,,,,,,,,,,,,,,,,,TN
3054,5b4c193400a219eeb807076839e43da8f9bacce5,0.8727339807047019,autoland,4768104,12,53390121d39b212135aaffcd577053a14c7f0dff,linux1804-64-shippable-qr,True,False,,,102210fe594ee9b33d82058545b1ed14f4c8206e,custom.jsdebugger.stepOut.DAMP,damp,True,damp custom.jsdebugger.stepOut.DAMP opt e10s fission stylo webrender,4767202,77,ms,firefox,451713360.0,1861874228,2024-03-19 15:36:41,1394835,,,,,,,,,,,,,,,,,,,,,,,,,,,,,,,,,,,,,,,,,,,,,,,,,TN
3055,dc701f4ef6c47286e8c2603ecc472cbaa342a608,0.8813838979788602,autoland,4768104,12,53390121d39b212135aaffcd577053a14c7f0dff,linux1804-64-shippable-qr,True,False,,,102210fe594ee9b33d82058545b1ed14f4c8206e,custom.jsdebugger.stepOut.DAMP,damp,True,damp custom.jsdebugger.stepOut.DAMP opt e10s fission stylo webrender,4767202,77,ms,firefox,451713365.0,1861874946,2024-03-19 15:37:56,1394836,,,,,,,,,,,,,,,,,,,,,,,,,,,,,,,,,,,,,,,,,,,,,,,,,TN
3056,79f80b3cf047bd2b1e6527a6c44053230722f1f7,0.8371255185359281,autoland,4768104,12,53390121d39b212135aaffcd577053a14c7f0dff,linux1804-64-shippable-qr,True,False,,,102210fe594ee9b33d82058545b1ed14f4c8206e,custom.jsdebugger.stepOut.DAMP,damp,True,damp custom.jsdebugger.stepOut.DAMP opt e10s fission stylo webrender,4767202,77,ms,firefox,451713364.0,1861874124,2024-03-19 15:38:50,1394837,,,,,,,,,,,,,,,,,,,,,,,,,,,,,,,,,,,,,,,,,,,,,,,,,TN
3057,6be5ac2730b807b3b16659edc3d79b645564c79b,0.8612438039058079,autoland,4768104,12,53390121d39b212135aaffcd577053a14c7f0dff,linux1804-64-shippable-qr,True,False,,,102210fe594ee9b33d82058545b1ed14f4c8206e,custom.jsdebugger.stepOut.DAMP,damp,True,damp custom.jsdebugger.stepOut.DAMP opt e10s fission stylo webrender,4767202,77,ms,firefox,451713366.0,1861874671,2024-03-19 15:39:40,1394838,,,,,,,,,,,,,,,,,,,,,,,,,,,,,,,,,,,,,,,,,,,,,,,,,TN
3058,f1fbe41260ccd8c334edcef9a356b9484bd15710,0.8797558670808665,autoland,4768104,12,53390121d39b212135aaffcd577053a14c7f0dff,linux1804-64-shippable-qr,True,False,,,102210fe594ee9b33d82058545b1ed14f4c8206e,custom.jsdebugger.stepOut.DAMP,damp,True,damp custom.jsdebugger.stepOut.DAMP opt e10s fission stylo webrender,4767202,77,ms,firefox,451713367.0,1861874555,2024-03-19 17:01:41,1394871,,,,,,,,,,,,,,,,,,,,,,,,,,,,,,,,,,,,,,,,,,,,,,,,,TN
3059,90c7bb425e9215f104b1646f0cb78f064eee85b8,0.869664217442458,autoland,4768104,12,53390121d39b212135aaffcd577053a14c7f0dff,linux1804-64-shippable-qr,True,False,,,102210fe594ee9b33d82058545b1ed14f4c8206e,custom.jsdebugger.stepOut.DAMP,damp,True,damp custom.jsdebugger.stepOut.DAMP opt e10s fission stylo webrender,4767202,77,ms,firefox,451713368.0,1861874876,2024-03-19 17:02:34,1394872,,,,,,,,,,,,,,,,,,,,,,,,,,,,,,,,,,,,,,,,,,,,,,,,,TN
3060,3d4f500d317cd4c54e93299c01efed1c4354deb7,0.8675199894287979,autoland,4768104,12,53390121d39b212135aaffcd577053a14c7f0dff,linux1804-64-shippable-qr,True,False,,,102210fe594ee9b33d82058545b1ed14f4c8206e,custom.jsdebugger.stepOut.DAMP,damp,True,damp custom.jsdebugger.stepOut.DAMP opt e10s fission stylo webrender,4767202,77,ms,firefox,451361194.0,1860444977,2024-03-19 17:03:22,1394873,,,,,,,,,,,,,,,,,,,,,,,,,,,,,,,,,,,,,,,,,,,,,,,,,TN
3061,22372035539cbc1b324ffc44e8f5ed038d15181c,0.8456338904555489,autoland,4768104,12,53390121d39b212135aaffcd577053a14c7f0dff,linux1804-64-shippable-qr,True,False,,,102210fe594ee9b33d82058545b1ed14f4c8206e,custom.jsdebugger.stepOut.DAMP,damp,True,damp custom.jsdebugger.stepOut.DAMP opt e10s fission stylo webrender,4767202,77,ms,firefox,451713376.0,1861874409,2024-03-19 19:45:51,1394941,,,,,,,,,,,,,,,,,,,,,,,,,,,,,,,,,,,,,,,,,,,,,,,,,TN
3062,a87db3b698e19b65bc001936fc7a8b80239a25dd,0.8773898632836281,autoland,4768104,12,53390121d39b212135aaffcd577053a14c7f0dff,linux1804-64-shippable-qr,True,False,,,102210fe594ee9b33d82058545b1ed14f4c8206e,custom.jsdebugger.stepOut.DAMP,damp,True,damp custom.jsdebugger.stepOut.DAMP opt e10s fission stylo webrender,4767202,77,ms,firefox,451713371.0,1861873722,2024-03-19 19:46:44,1394942,,,,,,,,,,,,,,,,,,,,,,,,,,,,,,,,,,,,,,,,,,,,,,,,,TN
3063,f5ac2d368c7d44f585bea0397dedcd879e2b8ab4,0.891850540171474,autoland,4768104,12,53390121d39b212135aaffcd577053a14c7f0dff,linux1804-64-shippable-qr,True,False,,,102210fe594ee9b33d82058545b1ed14f4c8206e,custom.jsdebugger.stepOut.DAMP,damp,True,damp custom.jsdebugger.stepOut.DAMP opt e10s fission stylo webrender,4767202,77,ms,firefox,451713379.0,1861875130,2024-03-19 19:47:51,1394944,,,,,,,,,,,,,,,,,,,,,,,,,,,,,,,,,,,,,,,,,,,,,,,,,TN
3064,7c0de707e2a448dd3846c81f12ee9bae3ebca9d3,0.8402113944529181,autoland,4768104,12,53390121d39b212135aaffcd577053a14c7f0dff,linux1804-64-shippable-qr,True,False,,,102210fe594ee9b33d82058545b1ed14f4c8206e,custom.jsdebugger.stepOut.DAMP,damp,True,damp custom.jsdebugger.stepOut.DAMP opt e10s fission stylo webrender,4767202,77,ms,firefox,451377470.0,1860519035,2024-03-19 19:48:40,1394945,,,,,,,,,,,,,,,,,,,,,,,,,,,,,,,,,,,,,,,,,,,,,,,,,TN
3065,e9d40c8f0910120f1e1840caf1be568181fd908c,0.8965993002769654,autoland,4768104,12,53390121d39b212135aaffcd577053a14c7f0dff,linux1804-64-shippable-qr,True,False,,,102210fe594ee9b33d82058545b1ed14f4c8206e,custom.jsdebugger.stepOut.DAMP,damp,True,damp custom.jsdebugger.stepOut.DAMP opt e10s fission stylo webrender,4767202,77,ms,firefox,451742863.0,1861966517,2024-03-19 21:49:57,1394976,,,,,,,,,,,,,,,,,,,,,,,,,,,,,,,,,,,,,,,,,,,,,,,,,TN
3066,37a96f003af9acbd26512bd54d1589727fad70f5,0.8932514389732598,autoland,4768104,12,53390121d39b212135aaffcd577053a14c7f0dff,linux1804-64-shippable-qr,True,False,,,102210fe594ee9b33d82058545b1ed14f4c8206e,custom.jsdebugger.stepOut.DAMP,damp,True,damp custom.jsdebugger.stepOut.DAMP opt e10s fission stylo webrender,4767202,77,ms,firefox,451741878.0,1861948734,2024-03-19 22:43:45,1394988,,,,,,,,,,,,,,,,,,,,,,,,,,,,,,,,,,,,,,,,,,,,,,,,,TN
3067,973f95e6ee5ea38a91cd16aa423177f8b51097dc,0.8670261058111657,autoland,4768104,12,53390121d39b212135aaffcd577053a14c7f0dff,linux1804-64-shippable-qr,True,False,,,102210fe594ee9b33d82058545b1ed14f4c8206e,custom.jsdebugger.stepOut.DAMP,damp,True,damp custom.jsdebugger.stepOut.DAMP opt e10s fission stylo webrender,4767202,77,ms,firefox,451741755.0,1861947593,2024-03-19 22:46:58,1394991,,,,,,,,,,,,,,,,,,,,,,,,,,,,,,,,,,,,,,,,,,,,,,,,,TN
3068,92e19bdc72e90f142fe2a5a71556f0313738bcd2,0.8629925192532166,autoland,4768104,12,53390121d39b212135aaffcd577053a14c7f0dff,linux1804-64-shippable-qr,True,False,,,102210fe594ee9b33d82058545b1ed14f4c8206e,custom.jsdebugger.stepOut.DAMP,damp,True,damp custom.jsdebugger.stepOut.DAMP opt e10s fission stylo webrender,4767202,77,ms,firefox,451741636.0,1861945498,2024-03-19 22:47:45,1394992,,,,,,,,,,,,,,,,,,,,,,,,,,,,,,,,,,,,,,,,,,,,,,,,,TN
3069,f4f380e7a01c51fba9e174c77d3310698c9fa802,0.8604247471045705,autoland,4768104,12,53390121d39b212135aaffcd577053a14c7f0dff,linux1804-64-shippable-qr,True,False,,,102210fe594ee9b33d82058545b1ed14f4c8206e,custom.jsdebugger.stepOut.DAMP,damp,True,damp custom.jsdebugger.stepOut.DAMP opt e10s fission stylo webrender,4767202,77,ms,firefox,451746352.0,1861986494,2024-03-19 22:48:30,1394993,,,,,,,,,,,,,,,,,,,,,,,,,,,,,,,,,,,,,,,,,,,,,,,,,TN
3070,4b4f12e6b4afe33e55ae0caa948215dd4c64d426,0.8529913158861877,autoland,4768104,12,53390121d39b212135aaffcd577053a14c7f0dff,linux1804-64-shippable-qr,True,False,,,102210fe594ee9b33d82058545b1ed14f4c8206e,custom.jsdebugger.stepOut.DAMP,damp,True,damp custom.jsdebugger.stepOut.DAMP opt e10s fission stylo webrender,4767202,77,ms,firefox,451744579.0,1861983189,2024-03-19 23:10:14,1395001,,,,,,,,,,,,,,,,,,,,,,,,,,,,,,,,,,,,,,,,,,,,,,,,,TN
3071,470cb320dc3ce365caf941c5593bbc652f46c4d5,0.8825905099787874,autoland,4768104,12,53390121d39b212135aaffcd577053a14c7f0dff,linux1804-64-shippable-qr,True,False,,,102210fe594ee9b33d82058545b1ed14f4c8206e,custom.jsdebugger.stepOut.DAMP,damp,True,damp custom.jsdebugger.stepOut.DAMP opt e10s fission stylo webrender,4767202,77,ms,firefox,451742353.0,1861950104,2024-03-19 23:13:28,1395002,,,,,,,,,,,,,,,,,,,,,,,,,,,,,,,,,,,,,,,,,,,,,,,,,TN
3072,67e5ff4a7d46e6521e00c369dbc13c45064a647c,0.8870125002406746,autoland,4768104,12,53390121d39b212135aaffcd577053a14c7f0dff,linux1804-64-shippable-qr,True,False,,,102210fe594ee9b33d82058545b1ed14f4c8206e,custom.jsdebugger.stepOut.DAMP,damp,True,damp custom.jsdebugger.stepOut.DAMP opt e10s fission stylo webrender,4767202,77,ms,firefox,451742677.0,1861964694,2024-03-19 23:23:53,1395003,,,,,,,,,,,,,,,,,,,,,,,,,,,,,,,,,,,,,,,,,,,,,,,,,TN
3073,b28909add68f2f1054fb670a28132c85167961d1,0.8523536404619962,autoland,4768104,12,53390121d39b212135aaffcd577053a14c7f0dff,linux1804-64-shippable-qr,True,False,,,102210fe594ee9b33d82058545b1ed14f4c8206e,custom.jsdebugger.stepOut.DAMP,damp,True,damp custom.jsdebugger.stepOut.DAMP opt e10s fission stylo webrender,4767202,77,ms,firefox,451742773.0,1861966018,2024-03-19 23:26:05,1395004,,,,,,,,,,,,,,,,,,,,,,,,,,,,,,,,,,,,,,,,,,,,,,,,,TN
3074,25a7b6dcdd27704494317e01334be69707ff521f,0.8746300418430581,autoland,4768104,12,53390121d39b212135aaffcd577053a14c7f0dff,linux1804-64-shippable-qr,True,False,,,102210fe594ee9b33d82058545b1ed14f4c8206e,custom.jsdebugger.stepOut.DAMP,damp,True,damp custom.jsdebugger.stepOut.DAMP opt e10s fission stylo webrender,4767202,77,ms,firefox,451409684.0,1860650650,2024-03-20 00:04:56,1395012,,,,,,,,,,,,,,,,,,,,,,,,,,,,,,,,,,,,,,,,,,,,,,,,,TN
3075,3f9778571c70dc114cf1070592a612d5357e147f,0.8892053285198076,autoland,4768104,12,53390121d39b212135aaffcd577053a14c7f0dff,linux1804-64-shippable-qr,True,False,,,102210fe594ee9b33d82058545b1ed14f4c8206e,custom.jsdebugger.stepOut.DAMP,damp,True,damp custom.jsdebugger.stepOut.DAMP opt e10s fission stylo webrender,4767202,77,ms,firefox,451765009.0,1862050450,2024-03-20 00:58:08,1395022,,,,,,,,,,,,,,,,,,,,,,,,,,,,,,,,,,,,,,,,,,,,,,,,,TN
3076,68318849486e818ed2a04ceb606880cba28e487f,0.8704830526786103,autoland,4768104,12,53390121d39b212135aaffcd577053a14c7f0dff,linux1804-64-shippable-qr,True,False,,,102210fe594ee9b33d82058545b1ed14f4c8206e,custom.jsdebugger.stepOut.DAMP,damp,True,damp custom.jsdebugger.stepOut.DAMP opt e10s fission stylo webrender,4767202,77,ms,firefox,451765008.0,1862050601,2024-03-20 01:25:27,1395024,,,,,,,,,,,,,,,,,,,,,,,,,,,,,,,,,,,,,,,,,,,,,,,,,TN
3077,7a63afba38385f81ed7a4a50322ed373e0ffe211,0.8911115727129206,autoland,4768104,12,53390121d39b212135aaffcd577053a14c7f0dff,linux1804-64-shippable-qr,True,False,,,102210fe594ee9b33d82058545b1ed14f4c8206e,custom.jsdebugger.stepOut.DAMP,damp,True,damp custom.jsdebugger.stepOut.DAMP opt e10s fission stylo webrender,4767202,77,ms,firefox,451765058.0,1862050981,2024-03-20 01:32:59,1395025,,,,,,,,,,,,,,,,,,,,,,,,,,,,,,,,,,,,,,,,,,,,,,,,,TN
3078,d28cce16aa12c7123d414062a9a66e29278cca2f,0.8318891372573631,autoland,4768104,12,53390121d39b212135aaffcd577053a14c7f0dff,linux1804-64-shippable-qr,True,False,,,102210fe594ee9b33d82058545b1ed14f4c8206e,custom.jsdebugger.stepOut.DAMP,damp,True,damp custom.jsdebugger.stepOut.DAMP opt e10s fission stylo webrender,4767202,77,ms,firefox,451765007.0,1862050112,2024-03-20 01:50:16,1395032,,,,,,,,,,,,,,,,,,,,,,,,,,,,,,,,,,,,,,,,,,,,,,,,,TN
3079,03cadc90769273057584952fcbe760e37302a7bd,0.8716282782163665,autoland,4768104,12,53390121d39b212135aaffcd577053a14c7f0dff,linux1804-64-shippable-qr,True,False,,,102210fe594ee9b33d82058545b1ed14f4c8206e,custom.jsdebugger.stepOut.DAMP,damp,True,damp custom.jsdebugger.stepOut.DAMP opt e10s fission stylo webrender,4767202,77,ms,firefox,451765149.0,1862051008,2024-03-20 01:56:45,1395033,,,,,,,,,,,,,,,,,,,,,,,,,,,,,,,,,,,,,,,,,,,,,,,,,TN
3080,4292b51bf30698770a79cb08bd95770de2353599,0.8688939953881367,autoland,4768104,12,53390121d39b212135aaffcd577053a14c7f0dff,linux1804-64-shippable-qr,True,False,,,102210fe594ee9b33d82058545b1ed14f4c8206e,custom.jsdebugger.stepOut.DAMP,damp,True,damp custom.jsdebugger.stepOut.DAMP opt e10s fission stylo webrender,4767202,77,ms,firefox,451765314.0,1862050525,2024-03-20 02:26:54,1395038,,,,,,,,,,,,,,,,,,,,,,,,,,,,,,,,,,,,,,,,,,,,,,,,,TN
3081,dbb1856b4f3345f0353d4ea33ed0f83a90420827,0.8452861255754167,autoland,4768104,12,53390121d39b212135aaffcd577053a14c7f0dff,linux1804-64-shippable-qr,True,False,,,102210fe594ee9b33d82058545b1ed14f4c8206e,custom.jsdebugger.stepOut.DAMP,damp,True,damp custom.jsdebugger.stepOut.DAMP opt e10s fission stylo webrender,4767202,77,ms,firefox,451431344.0,1860809838,2024-03-20 06:31:28,1395067,,,,,,,,,,,,,,,,,,,,,,,,,,,,,,,,,,,,,,,,,,,,,,,,,TN
3082,8bcc9c90f297db66d42580bf2c0ba809f13eac5a,0.8834259447168189,autoland,4768104,12,53390121d39b212135aaffcd577053a14c7f0dff,linux1804-64-shippable-qr,True,False,,,102210fe594ee9b33d82058545b1ed14f4c8206e,custom.jsdebugger.stepOut.DAMP,damp,True,damp custom.jsdebugger.stepOut.DAMP opt e10s fission stylo webrender,4767202,77,ms,firefox,451811467.0,1862172646,2024-03-20 07:04:23,1395069,,,,,,,,,,,,,,,,,,,,,,,,,,,,,,,,,,,,,,,,,,,,,,,,,TN
3083,68345c99f49332190ac0695e77c508d32fd901c3,0.8914434087480714,autoland,4768104,12,53390121d39b212135aaffcd577053a14c7f0dff,linux1804-64-shippable-qr,True,False,,,102210fe594ee9b33d82058545b1ed14f4c8206e,custom.jsdebugger.stepOut.DAMP,damp,True,damp custom.jsdebugger.stepOut.DAMP opt e10s fission stylo webrender,4767202,77,ms,firefox,451811478.0,1862172069,2024-03-20 07:29:29,1395071,,,,,,,,,,,,,,,,,,,,,,,,,,,,,,,,,,,,,,,,,,,,,,,,,TN
3084,0d744e313b06da21382b85fb18e99982d69b2a14,0.8601523839241287,autoland,4768104,12,53390121d39b212135aaffcd577053a14c7f0dff,linux1804-64-shippable-qr,True,False,,,102210fe594ee9b33d82058545b1ed14f4c8206e,custom.jsdebugger.stepOut.DAMP,damp,True,damp custom.jsdebugger.stepOut.DAMP opt e10s fission stylo webrender,4767202,77,ms,firefox,451811487.0,1862171695,2024-03-20 08:53:50,1395088,,,,,,,,,,,,,,,,,,,,,,,,,,,,,,,,,,,,,,,,,,,,,,,,,TN
3085,5df2e949b302ee3b2a6898a23c9b87cd35d78e11,0.848155455838403,autoland,4768104,12,53390121d39b212135aaffcd577053a14c7f0dff,linux1804-64-shippable-qr,True,False,,,102210fe594ee9b33d82058545b1ed14f4c8206e,custom.jsdebugger.stepOut.DAMP,damp,True,damp custom.jsdebugger.stepOut.DAMP opt e10s fission stylo webrender,4767202,77,ms,firefox,451811493.0,1862171143,2024-03-20 09:53:37,1395096,,,,,,,,,,,,,,,,,,,,,,,,,,,,,,,,,,,,,,,,,,,,,,,,,TN
3086,73713e3da2fcf1b0f855fcee7689d21003bcc59c,0.8677321335866086,autoland,4768104,12,53390121d39b212135aaffcd577053a14c7f0dff,linux1804-64-shippable-qr,True,False,,,102210fe594ee9b33d82058545b1ed14f4c8206e,custom.jsdebugger.stepOut.DAMP,damp,True,damp custom.jsdebugger.stepOut.DAMP opt e10s fission stylo webrender,4767202,77,ms,firefox,451811494.0,1862172793,2024-03-20 10:02:30,1395097,,,,,,,,,,,,,,,,,,,,,,,,,,,,,,,,,,,,,,,,,,,,,,,,,TN
3087,e58e23775c0a1b4fce3e01230a4553cea55960f2,0.8506781886610644,autoland,4768104,12,53390121d39b212135aaffcd577053a14c7f0dff,linux1804-64-shippable-qr,True,False,,,102210fe594ee9b33d82058545b1ed14f4c8206e,custom.jsdebugger.stepOut.DAMP,damp,True,damp custom.jsdebugger.stepOut.DAMP opt e10s fission stylo webrender,4767202,77,ms,firefox,451811485.0,1862171299,2024-03-20 10:07:52,1395101,,,,,,,,,,,,,,,,,,,,,,,,,,,,,,,,,,,,,,,,,,,,,,,,,TN
3088,84babf8e4e49f53578dcfff815531486760e67ad,0.8718978017859305,autoland,4768104,12,53390121d39b212135aaffcd577053a14c7f0dff,linux1804-64-shippable-qr,True,False,,,102210fe594ee9b33d82058545b1ed14f4c8206e,custom.jsdebugger.stepOut.DAMP,damp,True,damp custom.jsdebugger.stepOut.DAMP opt e10s fission stylo webrender,4767202,77,ms,firefox,451811491.0,1862172186,2024-03-20 10:10:53,1395102,,,,,,,,,,,,,,,,,,,,,,,,,,,,,,,,,,,,,,,,,,,,,,,,,TN
3089,89f62e190e69ddb95685488010b5807b31491168,0.8647771599486564,autoland,4768104,12,53390121d39b212135aaffcd577053a14c7f0dff,linux1804-64-shippable-qr,True,False,,,102210fe594ee9b33d82058545b1ed14f4c8206e,custom.jsdebugger.stepOut.DAMP,damp,True,damp custom.jsdebugger.stepOut.DAMP opt e10s fission stylo webrender,4767202,77,ms,firefox,451458537.0,1860916950,2024-03-20 10:14:04,1395103,,,,,,,,,,,,,,,,,,,,,,,,,,,,,,,,,,,,,,,,,,,,,,,,,TN
3090,dd499d059b447a36d5f61331da005ef5a6c38eac,0.851742703877638,autoland,4768104,12,53390121d39b212135aaffcd577053a14c7f0dff,linux1804-64-shippable-qr,True,False,,,102210fe594ee9b33d82058545b1ed14f4c8206e,custom.jsdebugger.stepOut.DAMP,damp,True,damp custom.jsdebugger.stepOut.DAMP opt e10s fission stylo webrender,4767202,77,ms,firefox,451906792.0,1862574840,2024-03-20 10:43:48,1395113,,,,,,,,,,,,,,,,,,,,,,,,,,,,,,,,,,,,,,,,,,,,,,,,,TN
3091,cce7d3d3687fe1bfdef8e7c893090d19c9c52da2,0.8714718740869387,autoland,4768104,12,53390121d39b212135aaffcd577053a14c7f0dff,linux1804-64-shippable-qr,True,False,,,102210fe594ee9b33d82058545b1ed14f4c8206e,custom.jsdebugger.stepOut.DAMP,damp,True,damp custom.jsdebugger.stepOut.DAMP opt e10s fission stylo webrender,4767202,77,ms,firefox,451852280.0,1862336194,2024-03-20 11:19:32,1395122,,,,,,,,,,,,,,,,,,,,,,,,,,,,,,,,,,,,,,,,,,,,,,,,,TN
3092,012dcfeb84523e9a232947d727dea156aac5886b,0.8449974927568844,autoland,4768104,12,53390121d39b212135aaffcd577053a14c7f0dff,linux1804-64-shippable-qr,True,False,,,102210fe594ee9b33d82058545b1ed14f4c8206e,custom.jsdebugger.stepOut.DAMP,damp,True,damp custom.jsdebugger.stepOut.DAMP opt e10s fission stylo webrender,4767202,77,ms,firefox,451852277.0,1862335014,2024-03-20 11:25:36,1395125,,,,,,,,,,,,,,,,,,,,,,,,,,,,,,,,,,,,,,,,,,,,,,,,,TN
3093,c592c8d9a28f105f80dd66f1bd093092b086f0ad,0.8735927393971432,autoland,4768104,12,53390121d39b212135aaffcd577053a14c7f0dff,linux1804-64-shippable-qr,True,False,,,102210fe594ee9b33d82058545b1ed14f4c8206e,custom.jsdebugger.stepOut.DAMP,damp,True,damp custom.jsdebugger.stepOut.DAMP opt e10s fission stylo webrender,4767202,77,ms,firefox,451852273.0,1862335254,2024-03-20 12:17:51,1395135,,,,,,,,,,,,,,,,,,,,,,,,,,,,,,,,,,,,,,,,,,,,,,,,,TN
3094,030183df6dc974f04ea3204cb8ca76c6d460dce7,0.8830435858666614,autoland,4768104,12,53390121d39b212135aaffcd577053a14c7f0dff,linux1804-64-shippable-qr,True,False,,,102210fe594ee9b33d82058545b1ed14f4c8206e,custom.jsdebugger.stepOut.DAMP,damp,True,damp custom.jsdebugger.stepOut.DAMP opt e10s fission stylo webrender,4767202,77,ms,firefox,451852276.0,1862336047,2024-03-20 12:30:52,1395144,,,,,,,,,,,,,,,,,,,,,,,,,,,,,,,,,,,,,,,,,,,,,,,,,TN
3095,c831c4fb57a5247bedd50033fe2b46e3bfecea5b,0.8829253614858139,autoland,4768104,12,53390121d39b212135aaffcd577053a14c7f0dff,linux1804-64-shippable-qr,True,False,,,102210fe594ee9b33d82058545b1ed14f4c8206e,custom.jsdebugger.stepOut.DAMP,damp,True,damp custom.jsdebugger.stepOut.DAMP opt e10s fission stylo webrender,4767202,77,ms,firefox,451852275.0,1862335787,2024-03-20 12:31:36,1395145,,,,,,,,,,,,,,,,,,,,,,,,,,,,,,,,,,,,,,,,,,,,,,,,,TN
3096,96015fa61ce080b11930ba9cee33a7aa24b78cb1,0.8240903719367927,autoland,4768104,12,53390121d39b212135aaffcd577053a14c7f0dff,linux1804-64-shippable-qr,True,False,,,102210fe594ee9b33d82058545b1ed14f4c8206e,custom.jsdebugger.stepOut.DAMP,damp,True,damp custom.jsdebugger.stepOut.DAMP opt e10s fission stylo webrender,4767202,77,ms,firefox,451852274.0,1862335375,2024-03-20 12:33:08,1395147,,,,,,,,,,,,,,,,,,,,,,,,,,,,,,,,,,,,,,,,,,,,,,,,,TN
3097,8d016596b0cd74a6565fcba25ede84c331a43d0d,0.8583025066994703,autoland,4768104,12,53390121d39b212135aaffcd577053a14c7f0dff,linux1804-64-shippable-qr,True,False,,,102210fe594ee9b33d82058545b1ed14f4c8206e,custom.jsdebugger.stepOut.DAMP,damp,True,damp custom.jsdebugger.stepOut.DAMP opt e10s fission stylo webrender,4767202,77,ms,firefox,451852279.0,1862335545,2024-03-20 12:34:38,1395149,,,,,,,,,,,,,,,,,,,,,,,,,,,,,,,,,,,,,,,,,,,,,,,,,TN
3098,0ed193517cc122768f448a040e604ad1fc66ef23,0.8832841310994992,autoland,4768104,12,53390121d39b212135aaffcd577053a14c7f0dff,linux1804-64-shippable-qr,True,False,,,102210fe594ee9b33d82058545b1ed14f4c8206e,custom.jsdebugger.stepOut.DAMP,damp,True,damp custom.jsdebugger.stepOut.DAMP opt e10s fission stylo webrender,4767202,77,ms,firefox,451852285.0,1862336105,2024-03-20 12:39:06,1395151,,,,,,,,,,,,,,,,,,,,,,,,,,,,,,,,,,,,,,,,,,,,,,,,,TN
3099,8358dc9880c4c5f98a632c60bbe00404dfdff68b,0.8684328954639338,autoland,4768104,12,53390121d39b212135aaffcd577053a14c7f0dff,linux1804-64-shippable-qr,True,False,,,102210fe594ee9b33d82058545b1ed14f4c8206e,custom.jsdebugger.stepOut.DAMP,damp,True,damp custom.jsdebugger.stepOut.DAMP opt e10s fission stylo webrender,4767202,77,ms,firefox,451811443.0,1862171934,2024-03-20 13:13:20,1395165,,,,,,,,,,,,,,,,,,,,,,,,,,,,,,,,,,,,,,,,,,,,,,,,,TN
3100,ba48b824fb4060555083e0d2dc4cb00a486d41ee,0.8640490978669926,autoland,4768104,12,53390121d39b212135aaffcd577053a14c7f0dff,linux1804-64-shippable-qr,True,False,,,102210fe594ee9b33d82058545b1ed14f4c8206e,custom.jsdebugger.stepOut.DAMP,damp,True,damp custom.jsdebugger.stepOut.DAMP opt e10s fission stylo webrender,4767202,77,ms,firefox,451811457.0,1862171802,2024-03-20 13:25:25,1395170,,,,,,,,,,,,,,,,,,,,,,,,,,,,,,,,,,,,,,,,,,,,,,,,,TN
3101,8eb7b62278abdd1879878cc07955c579617203e5,0.8209623966546364,autoland,4768104,12,53390121d39b212135aaffcd577053a14c7f0dff,linux1804-64-shippable-qr,True,False,,,102210fe594ee9b33d82058545b1ed14f4c8206e,custom.jsdebugger.stepOut.DAMP,damp,True,damp custom.jsdebugger.stepOut.DAMP opt e10s fission stylo webrender,4767202,77,ms,firefox,451811453.0,1862170919,2024-03-20 13:28:41,1395172,,,,,,,,,,,,,,,,,,,,,,,,,,,,,,,,,,,,,,,,,,,,,,,,,TN
3102,1d39266eb67d69c316699ba04ac002d21e8b2219,0.9021163201445337,autoland,4768104,12,53390121d39b212135aaffcd577053a14c7f0dff,linux1804-64-shippable-qr,True,False,,,102210fe594ee9b33d82058545b1ed14f4c8206e,custom.jsdebugger.stepOut.DAMP,damp,True,damp custom.jsdebugger.stepOut.DAMP opt e10s fission stylo webrender,4767202,77,ms,firefox,451811461.0,1862171557,2024-03-20 13:29:47,1395173,,,,,,,,,,,,,,,,,,,,,,,,,,,,,,,,,,,,,,,,,,,,,,,,,TN
3103,350ce1850786f9e234e2a34255a176b8241ce910,0.8823633142944449,autoland,4768104,12,53390121d39b212135aaffcd577053a14c7f0dff,linux1804-64-shippable-qr,True,False,,,102210fe594ee9b33d82058545b1ed14f4c8206e,custom.jsdebugger.stepOut.DAMP,damp,True,damp custom.jsdebugger.stepOut.DAMP opt e10s fission stylo webrender,4767202,77,ms,firefox,451811456.0,1862172355,2024-03-20 13:30:50,1395174,,,,,,,,,,,,,,,,,,,,,,,,,,,,,,,,,,,,,,,,,,,,,,,,,TN
3104,671417c0f7612746898456292836658e1d5acbf8,0.8594431061953807,autoland,4768104,12,53390121d39b212135aaffcd577053a14c7f0dff,linux1804-64-shippable-qr,True,False,,,102210fe594ee9b33d82058545b1ed14f4c8206e,custom.jsdebugger.stepOut.DAMP,damp,True,damp custom.jsdebugger.stepOut.DAMP opt e10s fission stylo webrender,4767202,77,ms,firefox,451811464.0,1862172252,2024-03-20 13:31:39,1395176,,,,,,,,,,,,,,,,,,,,,,,,,,,,,,,,,,,,,,,,,,,,,,,,,TN
3105,37976874eb0ca75011e9bf642c09291ba2d2dce1,0.879465957530525,autoland,4768104,12,53390121d39b212135aaffcd577053a14c7f0dff,linux1804-64-shippable-qr,True,False,,,102210fe594ee9b33d82058545b1ed14f4c8206e,custom.jsdebugger.stepOut.DAMP,damp,True,damp custom.jsdebugger.stepOut.DAMP opt e10s fission stylo webrender,4767202,77,ms,firefox,451811463.0,1862171764,2024-03-20 13:32:32,1395177,,,,,,,,,,,,,,,,,,,,,,,,,,,,,,,,,,,,,,,,,,,,,,,,,TN
3106,44e59a55d8ce270ab69b912b9afb82e070fef2df,0.8569799366420154,autoland,4768104,12,53390121d39b212135aaffcd577053a14c7f0dff,linux1804-64-shippable-qr,True,False,,,102210fe594ee9b33d82058545b1ed14f4c8206e,custom.jsdebugger.stepOut.DAMP,damp,True,damp custom.jsdebugger.stepOut.DAMP opt e10s fission stylo webrender,4767202,77,ms,firefox,451811458.0,1862171332,2024-03-20 13:43:43,1395181,,,,,,,,,,,,,,,,,,,,,,,,,,,,,,,,,,,,,,,,,,,,,,,,,TN
3107,93440fefa92181dad3d75e191b89ffb57831f1e1,0.8538566728483976,autoland,4768104,12,53390121d39b212135aaffcd577053a14c7f0dff,linux1804-64-shippable-qr,True,False,,,102210fe594ee9b33d82058545b1ed14f4c8206e,custom.jsdebugger.stepOut.DAMP,damp,True,damp custom.jsdebugger.stepOut.DAMP opt e10s fission stylo webrender,4767202,77,ms,firefox,451811466.0,1862171486,2024-03-20 13:49:37,1395184,,,,,,,,,,,,,,,,,,,,,,,,,,,,,,,,,,,,,,,,,,,,,,,,,TN
3108,533a3c2e587f7ea99fde847c499dbb77d1d7c623,0.8662293197847608,autoland,4768104,12,53390121d39b212135aaffcd577053a14c7f0dff,linux1804-64-shippable-qr,True,False,,,102210fe594ee9b33d82058545b1ed14f4c8206e,custom.jsdebugger.stepOut.DAMP,damp,True,damp custom.jsdebugger.stepOut.DAMP opt e10s fission stylo webrender,4767202,77,ms,firefox,451513274.0,1861060891,2024-03-20 14:37:05,1395197,,,,,,,,,,,,,,,,,,,,,,,,,,,,,,,,,,,,,,,,,,,,,,,,,TN
3109,44ee710d3a49501b5b000c7e0f6d2167c47ac041,0.887448197671046,autoland,4768104,12,53390121d39b212135aaffcd577053a14c7f0dff,linux1804-64-shippable-qr,True,False,,,102210fe594ee9b33d82058545b1ed14f4c8206e,custom.jsdebugger.stepOut.DAMP,damp,True,damp custom.jsdebugger.stepOut.DAMP opt e10s fission stylo webrender,4767202,77,ms,firefox,451537136.0,1861139297,2024-03-20 16:49:51,1395254,,,,,,,,,,,,,,,,,,,,,,,,,,,,,,,,,,,,,,,,,,,,,,,,,TN
3110,a54ceb09cf6c6289a4353feb9c3cb771a7651bd0,0.8554870406128048,autoland,4768104,12,53390121d39b212135aaffcd577053a14c7f0dff,linux1804-64-shippable-qr,True,False,,,102210fe594ee9b33d82058545b1ed14f4c8206e,custom.jsdebugger.stepOut.DAMP,damp,True,damp custom.jsdebugger.stepOut.DAMP opt e10s fission stylo webrender,4767202,77,ms,firefox,451552784.0,1861205814,2024-03-20 19:06:24,1395310,,,,,,,,,,,,,,,,,,,,,,,,,,,,,,,,,,,,,,,,,,,,,,,,,TN
3111,7e65c2e3fa5893e80c6f6f8ef4deef5861f82edc,0.87836869935683,autoland,4768104,12,53390121d39b212135aaffcd577053a14c7f0dff,linux1804-64-shippable-qr,True,False,,,102210fe594ee9b33d82058545b1ed14f4c8206e,custom.jsdebugger.stepOut.DAMP,damp,True,damp custom.jsdebugger.stepOut.DAMP opt e10s fission stylo webrender,4767202,77,ms,firefox,451593232.0,1861411223,2024-03-20 21:30:57,1395367,,,,,,,,,,,,,,,,,,,,,,,,,,,,,,,,,,,,,,,,,,,,,,,,,TN
3112,cd39ad6d1934b2a8d659607d5fc0c1f88df011ba,0.8812574001765872,autoland,4768104,12,53390121d39b212135aaffcd577053a14c7f0dff,linux1804-64-shippable-qr,True,False,,,102210fe594ee9b33d82058545b1ed14f4c8206e,custom.jsdebugger.stepOut.DAMP,damp,True,damp custom.jsdebugger.stepOut.DAMP opt e10s fission stylo webrender,4767202,77,ms,firefox,451608020.0,1861450364,2024-03-21 02:02:41,1395495,,,,,,,,,,,,,,,,,,,,,,,,,,,,,,,,,,,,,,,,,,,,,,,,,TN
3113,ed7ada93d4ad18f5c9f613bf5ce8d5f89bdaa140,0.869983132155953,autoland,4768104,12,53390121d39b212135aaffcd577053a14c7f0dff,linux1804-64-shippable-qr,True,False,,,102210fe594ee9b33d82058545b1ed14f4c8206e,custom.jsdebugger.stepOut.DAMP,damp,True,damp custom.jsdebugger.stepOut.DAMP opt e10s fission stylo webrender,4767202,77,ms,firefox,451622392.0,1861551178,2024-03-21 06:23:30,1395640,,,,,,,,,,,,,,,,,,,,,,,,,,,,,,,,,,,,,,,,,,,,,,,,,TN
3114,335ba8ea2f56243d2cb6a5bc7aa4d0d0f3c415c7,0.8827948993565093,autoland,4768104,12,53390121d39b212135aaffcd577053a14c7f0dff,linux1804-64-shippable-qr,True,False,,,102210fe594ee9b33d82058545b1ed14f4c8206e,custom.jsdebugger.stepOut.DAMP,damp,True,damp custom.jsdebugger.stepOut.DAMP opt e10s fission stylo webrender,4767202,77,ms,firefox,451640727.0,1861611734,2024-03-21 08:38:48,1395685,,,,,,,,,,,,,,,,,,,,,,,,,,,,,,,,,,,,,,,,,,,,,,,,,TN
3115,d90b4451e543266ae9d98982a92dafa311c75db6,0.8781828350113869,autoland,4768104,12,53390121d39b212135aaffcd577053a14c7f0dff,linux1804-64-shippable-qr,True,False,,,102210fe594ee9b33d82058545b1ed14f4c8206e,custom.jsdebugger.stepOut.DAMP,damp,True,damp custom.jsdebugger.stepOut.DAMP opt e10s fission stylo webrender,4767202,77,ms,firefox,451689983.0,1861793500,2024-03-21 12:46:07,1395897,,,,,,,,,,,,,,,,,,,,,,,,,,,,,,,,,,,,,,,,,,,,,,,,,TN
3116,dbfd6042b4d2b3a3b509b22f41276fdfdd6a17b0,0.8987698677169977,autoland,4768104,12,53390121d39b212135aaffcd577053a14c7f0dff,linux1804-64-shippable-qr,True,False,,,102210fe594ee9b33d82058545b1ed14f4c8206e,custom.jsdebugger.stepOut.DAMP,damp,True,damp custom.jsdebugger.stepOut.DAMP opt e10s fission stylo webrender,4767202,77,ms,firefox,451691950.0,1861810836,2024-03-21 13:53:06,1395978,,,,,,,,,,,,,,,,,,,,,,,,,,,,,,,,,,,,,,,,,,,,,,,,,TN
3117,6a09c380e669a377e8254dd93ff3485ae0ec96c4,0.9021901758562325,autoland,4768104,12,53390121d39b212135aaffcd577053a14c7f0dff,linux1804-64-shippable-qr,True,False,,,102210fe594ee9b33d82058545b1ed14f4c8206e,custom.jsdebugger.stepOut.DAMP,damp,True,damp custom.jsdebugger.stepOut.DAMP opt e10s fission stylo webrender,4767202,77,ms,firefox,451743480.0,1861973802,2024-03-21 17:29:27,1396220,,,,,,,,,,,,,,,,,,,,,,,,,,,,,,,,,,,,,,,,,,,,,,,,,TN
3118,c83258a2f5a9fd7b7107508c07827d9aa1a83035,0.8871864517335613,autoland,4768104,12,53390121d39b212135aaffcd577053a14c7f0dff,linux1804-64-shippable-qr,True,False,,,102210fe594ee9b33d82058545b1ed14f4c8206e,custom.jsdebugger.stepOut.DAMP,damp,True,damp custom.jsdebugger.stepOut.DAMP opt e10s fission stylo webrender,4767202,77,ms,firefox,451747495.0,1862000950,2024-03-21 18:47:13,1396360,,,,,,,,,,,,,,,,,,,,,,,,,,,,,,,,,,,,,,,,,,,,,,,,,TN
3119,3e3e5631944ec7d9d81a7c8ca0c3b5998ad044b3,0.8802286543183053,autoland,4768104,12,53390121d39b212135aaffcd577053a14c7f0dff,linux1804-64-shippable-qr,True,False,,,102210fe594ee9b33d82058545b1ed14f4c8206e,custom.jsdebugger.stepOut.DAMP,damp,True,damp custom.jsdebugger.stepOut.DAMP opt e10s fission stylo webrender,4767202,77,ms,firefox,451769469.0,1862071042,2024-03-21 21:19:12,1396573,,,,,,,,,,,,,,,,,,,,,,,,,,,,,,,,,,,,,,,,,,,,,,,,,TN
3120,64f24a096feca3751d8bf9b25cec34afb9d63a5e,0.8605715971063226,autoland,4768104,12,53390121d39b212135aaffcd577053a14c7f0dff,linux1804-64-shippable-qr,True,False,,,102210fe594ee9b33d82058545b1ed14f4c8206e,custom.jsdebugger.stepOut.DAMP,damp,True,damp custom.jsdebugger.stepOut.DAMP opt e10s fission stylo webrender,4767202,77,ms,firefox,452111128.0,1863431554,2024-03-22 00:22:02,1396793,,,,,,,,,,,,,,,,,,,,,,,,,,,,,,,,,,,,,,,,,,,,,,,,,TN
3121,d01a6b91c042bf0f4d48bec38e1c2d50469fb247,0.8829671220451116,autoland,4768104,12,53390121d39b212135aaffcd577053a14c7f0dff,linux1804-64-shippable-qr,True,False,,,102210fe594ee9b33d82058545b1ed14f4c8206e,custom.jsdebugger.stepOut.DAMP,damp,True,damp custom.jsdebugger.stepOut.DAMP opt e10s fission stylo webrender,4767202,77,ms,firefox,452111129.0,1863431937,2024-03-22 00:29:23,1396803,,,,,,,,,,,,,,,,,,,,,,,,,,,,,,,,,,,,,,,,,,,,,,,,,TN
3122,ebc783049ebe2b7eeac97537a954da346b778b40,0.8623213755688712,autoland,4768104,12,53390121d39b212135aaffcd577053a14c7f0dff,linux1804-64-shippable-qr,True,False,,,102210fe594ee9b33d82058545b1ed14f4c8206e,custom.jsdebugger.stepOut.DAMP,damp,True,damp custom.jsdebugger.stepOut.DAMP opt e10s fission stylo webrender,4767202,77,ms,firefox,452111132.0,1863431262,2024-03-22 00:30:21,1396804,,,,,,,,,,,,,,,,,,,,,,,,,,,,,,,,,,,,,,,,,,,,,,,,,TN
3123,344ab2356d33dab6f2fe7aa981f3c01577d80254,0.8512863194160785,autoland,4768104,12,53390121d39b212135aaffcd577053a14c7f0dff,linux1804-64-shippable-qr,True,False,,,102210fe594ee9b33d82058545b1ed14f4c8206e,custom.jsdebugger.stepOut.DAMP,damp,True,damp custom.jsdebugger.stepOut.DAMP opt e10s fission stylo webrender,4767202,77,ms,firefox,452111133.0,1863431797,2024-03-22 00:39:06,1396816,,,,,,,,,,,,,,,,,,,,,,,,,,,,,,,,,,,,,,,,,,,,,,,,,TN
3124,f42d24696e4330f7845317877bbab5a0eb2cd2e5,0.886309511782656,autoland,4768104,12,53390121d39b212135aaffcd577053a14c7f0dff,linux1804-64-shippable-qr,True,False,,,102210fe594ee9b33d82058545b1ed14f4c8206e,custom.jsdebugger.stepOut.DAMP,damp,True,damp custom.jsdebugger.stepOut.DAMP opt e10s fission stylo webrender,4767202,77,ms,firefox,452111134.0,1863432098,2024-03-22 00:58:39,1396827,,,,,,,,,,,,,,,,,,,,,,,,,,,,,,,,,,,,,,,,,,,,,,,,,TN
3125,11a42199ec7056f0bafcc47d6e94864ff04fd21c,0.875270730751986,autoland,4768104,12,53390121d39b212135aaffcd577053a14c7f0dff,linux1804-64-shippable-qr,True,False,,,102210fe594ee9b33d82058545b1ed14f4c8206e,custom.jsdebugger.stepOut.DAMP,damp,True,damp custom.jsdebugger.stepOut.DAMP opt e10s fission stylo webrender,4767202,77,ms,firefox,452111135.0,1863432193,2024-03-22 02:32:21,1396938,,,,,,,,,,,,,,,,,,,,,,,,,,,,,,,,,,,,,,,,,,,,,,,,,TN
3126,a64d6cbeaa4f78ec1f700f6123469eb1b3a31608,0.8796214058496723,autoland,4768104,12,53390121d39b212135aaffcd577053a14c7f0dff,linux1804-64-shippable-qr,True,False,,,102210fe594ee9b33d82058545b1ed14f4c8206e,custom.jsdebugger.stepOut.DAMP,damp,True,damp custom.jsdebugger.stepOut.DAMP opt e10s fission stylo webrender,4767202,77,ms,firefox,451831277.0,1862210856,2024-03-22 02:33:11,1396939,,,,,,,,,,,,,,,,,,,,,,,,,,,,,,,,,,,,,,,,,,,,,,,,,TN
3127,968097672e6477369fb0bae1034cea3df3562751,0.8779661621812658,autoland,4768104,12,53390121d39b212135aaffcd577053a14c7f0dff,linux1804-64-shippable-qr,True,False,,,102210fe594ee9b33d82058545b1ed14f4c8206e,custom.jsdebugger.stepOut.DAMP,damp,True,damp custom.jsdebugger.stepOut.DAMP opt e10s fission stylo webrender,4767202,77,ms,firefox,452111127.0,1863431627,2024-03-22 04:05:59,1396963,,,,,,,,,,,,,,,,,,,,,,,,,,,,,,,,,,,,,,,,,,,,,,,,,TN
3128,122147bb13ec4ad33b12029b0806f7b32a465b08,0.8831466514157889,autoland,4768104,12,53390121d39b212135aaffcd577053a14c7f0dff,linux1804-64-shippable-qr,True,False,,,102210fe594ee9b33d82058545b1ed14f4c8206e,custom.jsdebugger.stepOut.DAMP,damp,True,damp custom.jsdebugger.stepOut.DAMP opt e10s fission stylo webrender,4767202,77,ms,firefox,452111131.0,1863432010,2024-03-22 04:16:05,1396972,,,,,,,,,,,,,,,,,,,,,,,,,,,,,,,,,,,,,,,,,,,,,,,,,TN
3129,5d6efea5e0bbc9c3cb2231d09450c2c7dd045122,0.8746208374506357,autoland,4768104,12,53390121d39b212135aaffcd577053a14c7f0dff,linux1804-64-shippable-qr,True,False,,,102210fe594ee9b33d82058545b1ed14f4c8206e,custom.jsdebugger.stepOut.DAMP,damp,True,damp custom.jsdebugger.stepOut.DAMP opt e10s fission stylo webrender,4767202,77,ms,firefox,451847294.0,1862330305,2024-03-22 05:34:14,1397066,,,,,,,,,,,,,,,,,,,,,,,,,,,,,,,,,,,,,,,,,,,,,,,,,TN
3130,aa152449515d9279c14852ce7a7a0a3bfe1a83c4,0.8735365582255412,autoland,4768104,12,53390121d39b212135aaffcd577053a14c7f0dff,linux1804-64-shippable-qr,True,False,,,102210fe594ee9b33d82058545b1ed14f4c8206e,custom.jsdebugger.stepOut.DAMP,damp,True,damp custom.jsdebugger.stepOut.DAMP opt e10s fission stylo webrender,4767202,77,ms,firefox,452115568.0,1863448226,2024-03-22 06:04:53,1397102,,,,,,,,,,,,,,,,,,,,,,,,,,,,,,,,,,,,,,,,,,,,,,,,,TN
3131,3571272f121dd932e02616c38dee6fd136c16c0e,0.9405751275233598,autoland,4768104,12,53390121d39b212135aaffcd577053a14c7f0dff,linux1804-64-shippable-qr,True,False,,,102210fe594ee9b33d82058545b1ed14f4c8206e,custom.jsdebugger.stepOut.DAMP,damp,True,damp custom.jsdebugger.stepOut.DAMP opt e10s fission stylo webrender,4767202,77,ms,firefox,452115887.0,1863464081,2024-03-22 07:01:55,1397163,,,,,,,,,,,,,,,,,,,,,,,,,,,,,,,,,,,,,,,,,,,,,,,,,TN
3132,41dcb55a39408d5d0a38b89e1befba4c0b8bfb78,0.8884174309320614,autoland,4768104,12,53390121d39b212135aaffcd577053a14c7f0dff,linux1804-64-shippable-qr,True,False,,,102210fe594ee9b33d82058545b1ed14f4c8206e,custom.jsdebugger.stepOut.DAMP,damp,True,damp custom.jsdebugger.stepOut.DAMP opt e10s fission stylo webrender,4767202,77,ms,firefox,452115534.0,1863448540,2024-03-22 07:18:47,1397195,,,,,,,,,,,,,,,,,,,,,,,,,,,,,,,,,,,,,,,,,,,,,,,,,TN
3133,8a66e9f3e0c48a0d7ca10f926d1734f22e5ce769,0.8667879997820271,autoland,4768104,12,53390121d39b212135aaffcd577053a14c7f0dff,linux1804-64-shippable-qr,True,False,,,102210fe594ee9b33d82058545b1ed14f4c8206e,custom.jsdebugger.stepOut.DAMP,damp,True,damp custom.jsdebugger.stepOut.DAMP opt e10s fission stylo webrender,4767202,77,ms,firefox,452115606.0,1863448940,2024-03-22 08:20:13,1397216,,,,,,,,,,,,,,,,,,,,,,,,,,,,,,,,,,,,,,,,,,,,,,,,,TN
3134,3276640ac98a540ed651c77aff93b43b781dc3c3,0.8916210930672293,autoland,4768104,12,53390121d39b212135aaffcd577053a14c7f0dff,linux1804-64-shippable-qr,True,False,,,102210fe594ee9b33d82058545b1ed14f4c8206e,custom.jsdebugger.stepOut.DAMP,damp,True,damp custom.jsdebugger.stepOut.DAMP opt e10s fission stylo webrender,4767202,77,ms,firefox,452115609.0,1863449518,2024-03-22 09:06:39,1397230,,,,,,,,,,,,,,,,,,,,,,,,,,,,,,,,,,,,,,,,,,,,,,,,,TN
3135,48b19f0a3ca9e2d02e502182cb41095a870c3c30,0.8426912062315088,autoland,4768104,12,53390121d39b212135aaffcd577053a14c7f0dff,linux1804-64-shippable-qr,True,False,,,102210fe594ee9b33d82058545b1ed14f4c8206e,custom.jsdebugger.stepOut.DAMP,damp,True,damp custom.jsdebugger.stepOut.DAMP opt e10s fission stylo webrender,4767202,77,ms,firefox,451876916.0,1862480924,2024-03-22 10:08:21,1397249,,,,,,,,,,,,,,,,,,,,,,,,,,,,,,,,,,,,,,,,,,,,,,,,,TN
3136,83ed667f93bb974d4a366f3ef977266940e30df2,0.8597682187715161,autoland,4768104,12,53390121d39b212135aaffcd577053a14c7f0dff,linux1804-64-shippable-qr,True,False,,,102210fe594ee9b33d82058545b1ed14f4c8206e,custom.jsdebugger.stepOut.DAMP,damp,True,damp custom.jsdebugger.stepOut.DAMP opt e10s fission stylo webrender,4767202,77,ms,firefox,452115655.0,1863453080,2024-03-22 11:20:25,1397286,,,,,,,,,,,,,,,,,,,,,,,,,,,,,,,,,,,,,,,,,,,,,,,,,TN
3137,ec22693feb7b51124987f6644e20542cf6b69223,0.8734361852393404,autoland,4768104,12,53390121d39b212135aaffcd577053a14c7f0dff,linux1804-64-shippable-qr,True,False,,,102210fe594ee9b33d82058545b1ed14f4c8206e,custom.jsdebugger.stepOut.DAMP,damp,True,damp custom.jsdebugger.stepOut.DAMP opt e10s fission stylo webrender,4767202,77,ms,firefox,452115892.0,1863464302,2024-03-22 12:54:53,1397322,,,,,,,,,,,,,,,,,,,,,,,,,,,,,,,,,,,,,,,,,,,,,,,,,TN
3138,c7c1e3e34508de62c98fcb3fa8f735806a474f5d,0.8486870999199503,autoland,4768104,12,53390121d39b212135aaffcd577053a14c7f0dff,linux1804-64-shippable-qr,True,False,,,102210fe594ee9b33d82058545b1ed14f4c8206e,custom.jsdebugger.stepOut.DAMP,damp,True,damp custom.jsdebugger.stepOut.DAMP opt e10s fission stylo webrender,4767202,77,ms,firefox,452115681.0,1863454638,2024-03-22 13:00:32,1397324,,,,,,,,,,,,,,,,,,,,,,,,,,,,,,,,,,,,,,,,,,,,,,,,,TN
3139,54c0b2c0068749b82451e6e3a5db66d0c56cd3c1,0.8828022398198714,autoland,4768104,12,53390121d39b212135aaffcd577053a14c7f0dff,linux1804-64-shippable-qr,True,False,,,102210fe594ee9b33d82058545b1ed14f4c8206e,custom.jsdebugger.stepOut.DAMP,damp,True,damp custom.jsdebugger.stepOut.DAMP opt e10s fission stylo webrender,4767202,77,ms,firefox,452115679.0,1863455175,2024-03-22 13:01:23,1397325,,,,,,,,,,,,,,,,,,,,,,,,,,,,,,,,,,,,,,,,,,,,,,,,,TN
3140,dda9d04389e109e89c8348aeaab0975ef71d53c7,0.8542992606567743,autoland,4768104,12,53390121d39b212135aaffcd577053a14c7f0dff,linux1804-64-shippable-qr,True,False,,,102210fe594ee9b33d82058545b1ed14f4c8206e,custom.jsdebugger.stepOut.DAMP,damp,True,damp custom.jsdebugger.stepOut.DAMP opt e10s fission stylo webrender,4767202,77,ms,firefox,452115914.0,1863464413,2024-03-22 13:02:08,1397326,,,,,,,,,,,,,,,,,,,,,,,,,,,,,,,,,,,,,,,,,,,,,,,,,TN
3141,73c915ed013b1b6a0435a839e95c38023984612b,0.8710506986126016,autoland,4768104,12,53390121d39b212135aaffcd577053a14c7f0dff,linux1804-64-shippable-qr,True,False,,,102210fe594ee9b33d82058545b1ed14f4c8206e,custom.jsdebugger.stepOut.DAMP,damp,True,damp custom.jsdebugger.stepOut.DAMP opt e10s fission stylo webrender,4767202,77,ms,firefox,452115693.0,1863456157,2024-03-22 13:03:00,1397327,,,,,,,,,,,,,,,,,,,,,,,,,,,,,,,,,,,,,,,,,,,,,,,,,TN
3142,9dd061a96bcd286d6afa01bac0028f1015f00a51,0.8594484168039334,autoland,4768104,12,53390121d39b212135aaffcd577053a14c7f0dff,linux1804-64-shippable-qr,True,False,,,102210fe594ee9b33d82058545b1ed14f4c8206e,custom.jsdebugger.stepOut.DAMP,damp,True,damp custom.jsdebugger.stepOut.DAMP opt e10s fission stylo webrender,4767202,77,ms,firefox,452115592.0,1863449091,2024-03-22 13:03:52,1397329,,,,,,,,,,,,,,,,,,,,,,,,,,,,,,,,,,,,,,,,,,,,,,,,,TN
3143,c5a449ab81945f16de2d176c5f39f91cc3ff5f74,0.8949793659457936,autoland,4768104,12,53390121d39b212135aaffcd577053a14c7f0dff,linux1804-64-shippable-qr,True,False,,,102210fe594ee9b33d82058545b1ed14f4c8206e,custom.jsdebugger.stepOut.DAMP,damp,True,damp custom.jsdebugger.stepOut.DAMP opt e10s fission stylo webrender,4767202,77,ms,firefox,452115590.0,1863448884,2024-03-22 13:08:15,1397331,,,,,,,,,,,,,,,,,,,,,,,,,,,,,,,,,,,,,,,,,,,,,,,,,TN
3144,e5659057dee1fedbbdb9275b8049f96e1f41400c,0.8986288330551886,autoland,4768104,12,53390121d39b212135aaffcd577053a14c7f0dff,linux1804-64-shippable-qr,True,False,,,102210fe594ee9b33d82058545b1ed14f4c8206e,custom.jsdebugger.stepOut.DAMP,damp,True,damp custom.jsdebugger.stepOut.DAMP opt e10s fission stylo webrender,4767202,77,ms,firefox,452115451.0,1863447673,2024-03-22 13:11:12,1397334,,,,,,,,,,,,,,,,,,,,,,,,,,,,,,,,,,,,,,,,,,,,,,,,,TN
3145,640f274ba8d721083e3a62631c1c96e652d0965c,0.8666732866623119,autoland,4768104,12,53390121d39b212135aaffcd577053a14c7f0dff,linux1804-64-shippable-qr,True,False,,,102210fe594ee9b33d82058545b1ed14f4c8206e,custom.jsdebugger.stepOut.DAMP,damp,True,damp custom.jsdebugger.stepOut.DAMP opt e10s fission stylo webrender,4767202,77,ms,firefox,451914858.0,1862620972,2024-03-22 13:22:55,1397337,,,,,,,,,,,,,,,,,,,,,,,,,,,,,,,,,,,,,,,,,,,,,,,,,TN
3146,4dc050682538be91313752fd487349eac9f21592,0.903915454976282,autoland,4768104,12,53390121d39b212135aaffcd577053a14c7f0dff,linux1804-64-shippable-qr,True,False,,,102210fe594ee9b33d82058545b1ed14f4c8206e,custom.jsdebugger.stepOut.DAMP,damp,True,damp custom.jsdebugger.stepOut.DAMP opt e10s fission stylo webrender,4767202,77,ms,firefox,452115487.0,1863448125,2024-03-22 16:46:13,1397463,,,,,,,,,,,,,,,,,,,,,,,,,,,,,,,,,,,,,,,,,,,,,,,,,TN
3147,33bfeab02910fb736732b4ff3009d4daba7b09a5,0.8494267529388233,autoland,4768104,12,53390121d39b212135aaffcd577053a14c7f0dff,linux1804-64-shippable-qr,True,False,,,102210fe594ee9b33d82058545b1ed14f4c8206e,custom.jsdebugger.stepOut.DAMP,damp,True,damp custom.jsdebugger.stepOut.DAMP opt e10s fission stylo webrender,4767202,77,ms,firefox,452115453.0,1863447595,2024-03-22 16:47:03,1397466,,,,,,,,,,,,,,,,,,,,,,,,,,,,,,,,,,,,,,,,,,,,,,,,,TN
3148,b8dccd7ac21406ecd6640ea7fef5530cb5379c00,0.8784462084095084,autoland,4768104,12,53390121d39b212135aaffcd577053a14c7f0dff,linux1804-64-shippable-qr,True,False,,,102210fe594ee9b33d82058545b1ed14f4c8206e,custom.jsdebugger.stepOut.DAMP,damp,True,damp custom.jsdebugger.stepOut.DAMP opt e10s fission stylo webrender,4767202,77,ms,firefox,452115604.0,1863449169,2024-03-22 16:47:52,1397469,,,,,,,,,,,,,,,,,,,,,,,,,,,,,,,,,,,,,,,,,,,,,,,,,TN
3149,87de8d00268ad4a3b4d56f7b4dddc9596fb1457c,0.8499768326314756,autoland,4768104,12,53390121d39b212135aaffcd577053a14c7f0dff,linux1804-64-shippable-qr,True,False,,,102210fe594ee9b33d82058545b1ed14f4c8206e,custom.jsdebugger.stepOut.DAMP,damp,True,damp custom.jsdebugger.stepOut.DAMP opt e10s fission stylo webrender,4767202,77,ms,firefox,452115690.0,1863455463,2024-03-22 16:48:39,1397471,,,,,,,,,,,,,,,,,,,,,,,,,,,,,,,,,,,,,,,,,,,,,,,,,TN
3150,16211a33b193ca98422b6900e085894945fbf89d,0.9270279806298793,autoland,4768104,12,53390121d39b212135aaffcd577053a14c7f0dff,linux1804-64-shippable-qr,True,False,,,102210fe594ee9b33d82058545b1ed14f4c8206e,custom.jsdebugger.stepOut.DAMP,damp,True,damp custom.jsdebugger.stepOut.DAMP opt e10s fission stylo webrender,4767202,77,ms,firefox,452115563.0,1863448641,2024-03-22 16:49:26,1397473,,,,,,,,,,,,,,,,,,,,,,,,,,,,,,,,,,,,,,,,,,,,,,,,,TN
3151,3b11a30f41465b2f5de85bc5ff403d30795f6ca3,0.869123719697229,autoland,4768104,12,53390121d39b212135aaffcd577053a14c7f0dff,linux1804-64-shippable-qr,True,False,,,102210fe594ee9b33d82058545b1ed14f4c8206e,custom.jsdebugger.stepOut.DAMP,damp,True,damp custom.jsdebugger.stepOut.DAMP opt e10s fission stylo webrender,4767202,77,ms,firefox,452115659.0,1863454139,2024-03-22 16:50:13,1397476,,,,,,,,,,,,,,,,,,,,,,,,,,,,,,,,,,,,,,,,,,,,,,,,,TN
3152,a2d9c41987af52b60cd1f690c85cc84aebbe8036,0.8838053765225564,autoland,4768104,12,53390121d39b212135aaffcd577053a14c7f0dff,linux1804-64-shippable-qr,True,False,,,102210fe594ee9b33d82058545b1ed14f4c8206e,custom.jsdebugger.stepOut.DAMP,damp,True,damp custom.jsdebugger.stepOut.DAMP opt e10s fission stylo webrender,4767202,77,ms,firefox,452115898.0,1863464358,2024-03-22 16:51:11,1397479,,,,,,,,,,,,,,,,,,,,,,,,,,,,,,,,,,,,,,,,,,,,,,,,,TN
3153,47f2181e0a4ffcc3777815fa5b0d32c486a68b07,0.8932849350531795,autoland,4768104,12,53390121d39b212135aaffcd577053a14c7f0dff,linux1804-64-shippable-qr,True,False,,,102210fe594ee9b33d82058545b1ed14f4c8206e,custom.jsdebugger.stepOut.DAMP,damp,True,damp custom.jsdebugger.stepOut.DAMP opt e10s fission stylo webrender,4767202,77,ms,firefox,452115912.0,1863464521,2024-03-22 17:05:43,1397492,,,,,,,,,,,,,,,,,,,,,,,,,,,,,,,,,,,,,,,,,,,,,,,,,TN
3154,6254c9c51033672853d6c077676824f1ae56977c,0.8744172975716527,autoland,4768104,12,53390121d39b212135aaffcd577053a14c7f0dff,linux1804-64-shippable-qr,True,False,,,102210fe594ee9b33d82058545b1ed14f4c8206e,custom.jsdebugger.stepOut.DAMP,damp,True,damp custom.jsdebugger.stepOut.DAMP opt e10s fission stylo webrender,4767202,77,ms,firefox,452115888.0,1863463949,2024-03-22 17:09:40,1397502,,,,,,,,,,,,,,,,,,,,,,,,,,,,,,,,,,,,,,,,,,,,,,,,,TN
3155,d12a19660d53686074475ffbbed160cc788ebe05,0.8531225529967648,autoland,4768104,12,53390121d39b212135aaffcd577053a14c7f0dff,linux1804-64-shippable-qr,True,False,,,102210fe594ee9b33d82058545b1ed14f4c8206e,custom.jsdebugger.stepOut.DAMP,damp,True,damp custom.jsdebugger.stepOut.DAMP opt e10s fission stylo webrender,4767202,77,ms,firefox,451951991.0,1862743881,2024-03-22 17:28:16,1397524,,,,,,,,,,,,,,,,,,,,,,,,,,,,,,,,,,,,,,,,,,,,,,,,,TN
3156,a008405a9171acdb92d2997564e16713185f054f,0.8666419853690601,autoland,4768104,12,53390121d39b212135aaffcd577053a14c7f0dff,linux1804-64-shippable-qr,True,False,,,102210fe594ee9b33d82058545b1ed14f4c8206e,custom.jsdebugger.stepOut.DAMP,damp,True,damp custom.jsdebugger.stepOut.DAMP opt e10s fission stylo webrender,4767202,77,ms,firefox,451973316.0,1862839975,2024-03-22 22:43:04,1397682,,,,,,,,,,,,,,,,,,,,,,,,,,,,,,,,,,,,,,,,,,,,,,,,,TN
3157,341c752f9f931ed8ca1220eb7006bdfcd026038e,0.8712540556756503,autoland,4768104,12,53390121d39b212135aaffcd577053a14c7f0dff,linux1804-64-shippable-qr,True,False,,,102210fe594ee9b33d82058545b1ed14f4c8206e,custom.jsdebugger.stepOut.DAMP,damp,True,damp custom.jsdebugger.stepOut.DAMP opt e10s fission stylo webrender,4767202,77,ms,firefox,451984344.0,1862911464,2024-03-23 04:11:22,1397768,,,,,,,,,,,,,,,,,,,,,,,,,,,,,,,,,,,,,,,,,,,,,,,,,TN
3158,7575296d6781e483bc76a289f68623eb548baac4,0.8558712673664672,autoland,4768104,12,53390121d39b212135aaffcd577053a14c7f0dff,linux1804-64-shippable-qr,True,False,,,102210fe594ee9b33d82058545b1ed14f4c8206e,custom.jsdebugger.stepOut.DAMP,damp,True,damp custom.jsdebugger.stepOut.DAMP opt e10s fission stylo webrender,4767202,77,ms,firefox,451995770.0,1862965941,2024-03-23 08:45:37,1397819,,,,,,,,,,,,,,,,,,,,,,,,,,,,,,,,,,,,,,,,,,,,,,,,,TN
3159,47e43ed2bb6cad873900cd00ccf834a51f3dfe83,0.868466710478452,autoland,4768104,12,53390121d39b212135aaffcd577053a14c7f0dff,linux1804-64-shippable-qr,True,False,,,102210fe594ee9b33d82058545b1ed14f4c8206e,custom.jsdebugger.stepOut.DAMP,damp,True,damp custom.jsdebugger.stepOut.DAMP opt e10s fission stylo webrender,4767202,77,ms,firefox,452017739.0,1863043120,2024-03-23 13:51:59,1397843,,,,,,,,,,,,,,,,,,,,,,,,,,,,,,,,,,,,,,,,,,,,,,,,,TN
3160,69c342123c6fdb9190169823dd12a42a77559b9f,0.8813323507975601,autoland,4768104,12,53390121d39b212135aaffcd577053a14c7f0dff,linux1804-64-shippable-qr,True,False,,,102210fe594ee9b33d82058545b1ed14f4c8206e,custom.jsdebugger.stepOut.DAMP,damp,True,damp custom.jsdebugger.stepOut.DAMP opt e10s fission stylo webrender,4767202,77,ms,firefox,452028112.0,1863090853,2024-03-23 18:44:13,1397871,,,,,,,,,,,,,,,,,,,,,,,,,,,,,,,,,,,,,,,,,,,,,,,,,TN
3161,c43bc8bba8a808b2f5005002f96936afa3697b34,0.8804018109586644,autoland,4768104,12,53390121d39b212135aaffcd577053a14c7f0dff,linux1804-64-shippable-qr,True,False,,,102210fe594ee9b33d82058545b1ed14f4c8206e,custom.jsdebugger.stepOut.DAMP,damp,True,damp custom.jsdebugger.stepOut.DAMP opt e10s fission stylo webrender,4767202,77,ms,firefox,452047048.0,1863162030,2024-03-24 00:54:50,1397899,,,,,,,,,,,,,,,,,,,,,,,,,,,,,,,,,,,,,,,,,,,,,,,,,TN
3162,fa1b327e74e89e08f7fff24dbb35f11e48736aab,0.8696749241063424,autoland,4768104,12,53390121d39b212135aaffcd577053a14c7f0dff,linux1804-64-shippable-qr,True,False,,,102210fe594ee9b33d82058545b1ed14f4c8206e,custom.jsdebugger.stepOut.DAMP,damp,True,damp custom.jsdebugger.stepOut.DAMP opt e10s fission stylo webrender,4767202,77,ms,firefox,452055439.0,1863231996,2024-03-24 07:02:41,1397916,,,,,,,,,,,,,,,,,,,,,,,,,,,,,,,,,,,,,,,,,,,,,,,,,TN
3163,f0597fea22797603c0e45ec1c43433afa5ed6dcd,0.8654772601111562,autoland,4768104,12,53390121d39b212135aaffcd577053a14c7f0dff,linux1804-64-shippable-qr,True,False,,,102210fe594ee9b33d82058545b1ed14f4c8206e,custom.jsdebugger.stepOut.DAMP,damp,True,damp custom.jsdebugger.stepOut.DAMP opt e10s fission stylo webrender,4767202,77,ms,firefox,452075056.0,1863299177,2024-03-24 11:13:54,1397937,,,,,,,,,,,,,,,,,,,,,,,,,,,,,,,,,,,,,,,,,,,,,,,,,TN
3164,6ec4249c788c48dc30dfb8737228af711e49fde2,0.8892253240292181,autoland,4768104,12,53390121d39b212135aaffcd577053a14c7f0dff,linux1804-64-shippable-qr,True,False,,,102210fe594ee9b33d82058545b1ed14f4c8206e,custom.jsdebugger.stepOut.DAMP,damp,True,damp custom.jsdebugger.stepOut.DAMP opt e10s fission stylo webrender,4767202,77,ms,firefox,452092131.0,1863352604,2024-03-24 18:59:17,1397954,,,,,,,,,,,,,,,,,,,,,,,,,,,,,,,,,,,,,,,,,,,,,,,,,TN
3165,f16b84d2aab6142f8b4fd6de574e96c2f551ebc7,0.8894805054782084,autoland,4768104,12,53390121d39b212135aaffcd577053a14c7f0dff,linux1804-64-shippable-qr,True,False,,,102210fe594ee9b33d82058545b1ed14f4c8206e,custom.jsdebugger.stepOut.DAMP,damp,True,damp custom.jsdebugger.stepOut.DAMP opt e10s fission stylo webrender,4767202,77,ms,firefox,452103576.0,1863394300,2024-03-24 23:02:44,1397973,,,,,,,,,,,,,,,,,,,,,,,,,,,,,,,,,,,,,,,,,,,,,,,,,TN
3166,19d905446a32ebc5b281e61c8ee49718ee784a25,0.921441522443778,autoland,4768104,12,53390121d39b212135aaffcd577053a14c7f0dff,linux1804-64-shippable-qr,True,False,,,102210fe594ee9b33d82058545b1ed14f4c8206e,custom.jsdebugger.stepOut.DAMP,damp,True,damp custom.jsdebugger.stepOut.DAMP opt e10s fission stylo webrender,4767202,77,ms,firefox,452115744.0,1863457876,2024-03-25 03:31:22,1397989,,,,,,,,,,,,,,,,,,,,,,,,,,,,,,,,,,,,,,,,,,,,,,,,,TN
3167,db7773c959d542b2327b7158f769c657e46e2992,0.8559694773601603,autoland,4768104,12,53390121d39b212135aaffcd577053a14c7f0dff,linux1804-64-shippable-qr,True,False,,,102210fe594ee9b33d82058545b1ed14f4c8206e,custom.jsdebugger.stepOut.DAMP,damp,True,damp custom.jsdebugger.stepOut.DAMP opt e10s fission stylo webrender,4767202,77,ms,firefox,452134571.0,1863550549,2024-03-25 08:43:58,1398035,,,,,,,,,,,,,,,,,,,,,,,,,,,,,,,,,,,,,,,,,,,,,,,,,TN
3168,71c813e27dff32e4664eb9116e60097837485bfb,0.8550912080183057,autoland,4768104,12,53390121d39b212135aaffcd577053a14c7f0dff,linux1804-64-shippable-qr,True,False,,,102210fe594ee9b33d82058545b1ed14f4c8206e,custom.jsdebugger.stepOut.DAMP,damp,True,damp custom.jsdebugger.stepOut.DAMP opt e10s fission stylo webrender,4767202,77,ms,firefox,452143692.0,1863643981,2024-03-25 09:25:18,1398057,,,,,,,,,,,,,,,,,,,,,,,,,,,,,,,,,,,,,,,,,,,,,,,,,TN
3169,5969005dae85cc8ac486b2f0bdbb7454b660f252,0.8572794370819252,autoland,4768104,12,53390121d39b212135aaffcd577053a14c7f0dff,linux1804-64-shippable-qr,True,False,,,102210fe594ee9b33d82058545b1ed14f4c8206e,custom.jsdebugger.stepOut.DAMP,damp,True,damp custom.jsdebugger.stepOut.DAMP opt e10s fission stylo webrender,4767202,77,ms,firefox,452187716.0,1863725480,2024-03-25 13:40:37,1398214,,,,,,,,,,,,,,,,,,,,,,,,,,,,,,,,,,,,,,,,,,,,,,,,,TN
3170,19dcff1ee3fcbb431110e0639c80a3ba51ee0a34,0.8733980154264345,autoland,4768104,12,53390121d39b212135aaffcd577053a14c7f0dff,linux1804-64-shippable-qr,True,False,,,102210fe594ee9b33d82058545b1ed14f4c8206e,custom.jsdebugger.stepOut.DAMP,damp,True,damp custom.jsdebugger.stepOut.DAMP opt e10s fission stylo webrender,4767202,77,ms,firefox,452192151.0,1863749521,2024-03-25 14:05:55,1398235,,,,,,,,,,,,,,,,,,,,,,,,,,,,,,,,,,,,,,,,,,,,,,,,,TN
3171,9b5934ed0d6138133e3cab84d859a8e38bd43683,0.8670002383286097,autoland,4768104,12,53390121d39b212135aaffcd577053a14c7f0dff,linux1804-64-shippable-qr,True,False,,,102210fe594ee9b33d82058545b1ed14f4c8206e,custom.jsdebugger.stepOut.DAMP,damp,True,damp custom.jsdebugger.stepOut.DAMP opt e10s fission stylo webrender,4767202,77,ms,firefox,452210322.0,1863879884,2024-03-25 17:00:38,1398374,,,,,,,,,,,,,,,,,,,,,,,,,,,,,,,,,,,,,,,,,,,,,,,,,TN
3172,05ef22f3485b9acca72235e56c8e11abea982310,0.8858606158256619,autoland,4768104,12,53390121d39b212135aaffcd577053a14c7f0dff,linux1804-64-shippable-qr,True,False,,,102210fe594ee9b33d82058545b1ed14f4c8206e,custom.jsdebugger.stepOut.DAMP,damp,True,damp custom.jsdebugger.stepOut.DAMP opt e10s fission stylo webrender,4767202,77,ms,firefox,452237860.0,1863996487,2024-03-25 20:16:40,1398545,,,,,,,,,,,,,,,,,,,,,,,,,,,,,,,,,,,,,,,,,,,,,,,,,TN
3173,af6fe1ffacb6272ced1d27e874f376c671a19461,0.8582660438323668,autoland,4768104,12,53390121d39b212135aaffcd577053a14c7f0dff,linux1804-64-shippable-qr,True,False,,,102210fe594ee9b33d82058545b1ed14f4c8206e,custom.jsdebugger.stepOut.DAMP,damp,True,damp custom.jsdebugger.stepOut.DAMP opt e10s fission stylo webrender,4767202,77,ms,firefox,452272502.0,1864099389,2024-03-26 00:18:31,1398725,,,,,,,,,,,,,,,,,,,,,,,,,,,,,,,,,,,,,,,,,,,,,,,,,TN
3174,f0c093accca57074b185d7b3a5a76937ae8c57ed,0.9049192553808632,autoland,4768104,12,53390121d39b212135aaffcd577053a14c7f0dff,linux1804-64-shippable-qr,True,False,,,102210fe594ee9b33d82058545b1ed14f4c8206e,custom.jsdebugger.stepOut.DAMP,damp,True,damp custom.jsdebugger.stepOut.DAMP opt e10s fission stylo webrender,4767202,77,ms,firefox,452287408.0,1864150092,2024-03-26 01:24:19,1398741,,,,,,,,,,,,,,,,,,,,,,,,,,,,,,,,,,,,,,,,,,,,,,,,,TN
3175,f76227b1c05f51b70e7d261e993b5cfa5fd8ee70,0.8691338779127711,autoland,4768104,12,53390121d39b212135aaffcd577053a14c7f0dff,linux1804-64-shippable-qr,True,False,,,102210fe594ee9b33d82058545b1ed14f4c8206e,custom.jsdebugger.stepOut.DAMP,damp,True,damp custom.jsdebugger.stepOut.DAMP opt e10s fission stylo webrender,4767202,77,ms,firefox,452301779.0,1864259393,2024-03-26 06:19:49,1398803,,,,,,,,,,,,,,,,,,,,,,,,,,,,,,,,,,,,,,,,,,,,,,,,,TN
3176,e02aed8fb19856047df1d2cb7de887404e2b6956,0.8885897003181769,autoland,4768104,12,53390121d39b212135aaffcd577053a14c7f0dff,linux1804-64-shippable-qr,True,False,,,102210fe594ee9b33d82058545b1ed14f4c8206e,custom.jsdebugger.stepOut.DAMP,damp,True,damp custom.jsdebugger.stepOut.DAMP opt e10s fission stylo webrender,4767202,77,ms,firefox,452319730.0,1864312318,2024-03-26 09:05:54,1398850,,,,,,,,,,,,,,,,,,,,,,,,,,,,,,,,,,,,,,,,,,,,,,,,,TN
3177,8bfc3595e66f8c45af3a35d0489015d7522799d3,0.864343201258142,autoland,4768104,12,53390121d39b212135aaffcd577053a14c7f0dff,linux1804-64-shippable-qr,True,False,,,102210fe594ee9b33d82058545b1ed14f4c8206e,custom.jsdebugger.stepOut.DAMP,damp,True,damp custom.jsdebugger.stepOut.DAMP opt e10s fission stylo webrender,4767202,77,ms,firefox,452350965.0,1864430270,2024-03-26 12:57:56,1398965,,,,,,,,,,,,,,,,,,,,,,,,,,,,,,,,,,,,,,,,,,,,,,,,,TN
3178,a95909edf99f57b3e1ff98f748fd9e2ff57447da,0.8548584970509112,autoland,4768104,12,53390121d39b212135aaffcd577053a14c7f0dff,linux1804-64-shippable-qr,True,False,,,102210fe594ee9b33d82058545b1ed14f4c8206e,custom.jsdebugger.stepOut.DAMP,damp,True,damp custom.jsdebugger.stepOut.DAMP opt e10s fission stylo webrender,4767202,77,ms,firefox,452384641.0,1864580008,2024-03-26 16:59:38,1399161,,,,,,,,,,,,,,,,,,,,,,,,,,,,,,,,,,,,,,,,,,,,,,,,,TN
3179,a93eeb987e4a1e533ac94ec0d1703c6f9b52b9ef,0.8967853504192176,autoland,4768104,12,53390121d39b212135aaffcd577053a14c7f0dff,linux1804-64-shippable-qr,True,False,,,102210fe594ee9b33d82058545b1ed14f4c8206e,custom.jsdebugger.stepOut.DAMP,damp,True,damp custom.jsdebugger.stepOut.DAMP opt e10s fission stylo webrender,4767202,77,ms,firefox,452392077.0,1864590949,2024-03-26 17:44:32,1399196,,,,,,,,,,,,,,,,,,,,,,,,,,,,,,,,,,,,,,,,,,,,,,,,,TN
3180,dfd96ba0e09153e6f98c22d8adcaf944059434ac,0.8486301467478032,autoland,4768104,12,53390121d39b212135aaffcd577053a14c7f0dff,linux1804-64-shippable-qr,True,False,,,102210fe594ee9b33d82058545b1ed14f4c8206e,custom.jsdebugger.stepOut.DAMP,damp,True,damp custom.jsdebugger.stepOut.DAMP opt e10s fission stylo webrender,4767202,77,ms,firefox,452410157.0,1864655358,2024-03-26 19:19:03,1399261,,,,,,,,,,,,,,,,,,,,,,,,,,,,,,,,,,,,,,,,,,,,,,,,,TN
3181,babb5943701ffb0ddb6991106d28f73ad2061bb6,0.902144973585395,autoland,4768104,12,53390121d39b212135aaffcd577053a14c7f0dff,linux1804-64-shippable-qr,True,False,,,102210fe594ee9b33d82058545b1ed14f4c8206e,custom.jsdebugger.stepOut.DAMP,damp,True,damp custom.jsdebugger.stepOut.DAMP opt e10s fission stylo webrender,4767202,77,ms,firefox,452431852.0,1864751196,2024-03-26 22:59:31,1399480,,,,,,,,,,,,,,,,,,,,,,,,,,,,,,,,,,,,,,,,,,,,,,,,,TN
3182,1e79b6199559c2d8acfccdb5e9d5bc62033e6c15,0.8943033508090443,autoland,4768104,12,53390121d39b212135aaffcd577053a14c7f0dff,linux1804-64-shippable-qr,True,False,,,102210fe594ee9b33d82058545b1ed14f4c8206e,custom.jsdebugger.stepOut.DAMP,damp,True,damp custom.jsdebugger.stepOut.DAMP opt e10s fission stylo webrender,4767202,77,ms,firefox,452462634.0,1864953480,2024-03-27 06:25:00,1399622,,,,,,,,,,,,,,,,,,,,,,,,,,,,,,,,,,,,,,,,,,,,,,,,,TN
3183,7f2993771f48536c575137e4b51984ab6d3de136,0.8692675383300561,autoland,4768104,12,53390121d39b212135aaffcd577053a14c7f0dff,linux1804-64-shippable-qr,True,False,,,102210fe594ee9b33d82058545b1ed14f4c8206e,custom.jsdebugger.stepOut.DAMP,damp,True,damp custom.jsdebugger.stepOut.DAMP opt e10s fission stylo webrender,4767202,77,ms,firefox,452497955.0,1865079159,2024-03-27 09:31:11,1399694,,,,,,,,,,,,,,,,,,,,,,,,,,,,,,,,,,,,,,,,,,,,,,,,,TN
3184,bc7ca80e302a788b0c3cc63cb148c628351b4946,0.8892138592747565,autoland,4768104,12,53390121d39b212135aaffcd577053a14c7f0dff,linux1804-64-shippable-qr,True,False,,,102210fe594ee9b33d82058545b1ed14f4c8206e,custom.jsdebugger.stepOut.DAMP,damp,True,damp custom.jsdebugger.stepOut.DAMP opt e10s fission stylo webrender,4767202,77,ms,firefox,452528017.0,1865192664,2024-03-27 13:38:48,1399827,,,,,,,,,,,,,,,,,,,,,,,,,,,,,,,,,,,,,,,,,,,,,,,,,TN
3185,f8ac03b3c764017d5704deed413c8d35c99978fd,0.8788807761557407,autoland,4768104,12,53390121d39b212135aaffcd577053a14c7f0dff,linux1804-64-shippable-qr,True,False,,,102210fe594ee9b33d82058545b1ed14f4c8206e,custom.jsdebugger.stepOut.DAMP,damp,True,damp custom.jsdebugger.stepOut.DAMP opt e10s fission stylo webrender,4767202,77,ms,firefox,452547349.0,1865288156,2024-03-27 15:45:41,1399897,,,,,,,,,,,,,,,,,,,,,,,,,,,,,,,,,,,,,,,,,,,,,,,,,TN
3186,5937312af5ae37b411939c2dcddbf6072d8d9cfc,0.8540684175927618,autoland,4768104,12,53390121d39b212135aaffcd577053a14c7f0dff,linux1804-64-shippable-qr,True,False,,,102210fe594ee9b33d82058545b1ed14f4c8206e,custom.jsdebugger.stepOut.DAMP,damp,True,damp custom.jsdebugger.stepOut.DAMP opt e10s fission stylo webrender,4767202,77,ms,firefox,452563534.0,1865380679,2024-03-27 17:44:07,1400012,,,,,,,,,,,,,,,,,,,,,,,,,,,,,,,,,,,,,,,,,,,,,,,,,TN
3187,b1cc62489fae8d475f67dec2d9abdf69e2d47614,0.8906344813489682,autoland,4768104,12,53390121d39b212135aaffcd577053a14c7f0dff,linux1804-64-shippable-qr,True,False,,,102210fe594ee9b33d82058545b1ed14f4c8206e,custom.jsdebugger.stepOut.DAMP,damp,True,damp custom.jsdebugger.stepOut.DAMP opt e10s fission stylo webrender,4767202,77,ms,firefox,452621732.0,1865550529,2024-03-28 01:10:01,1400291,,,,,,,,,,,,,,,,,,,,,,,,,,,,,,,,,,,,,,,,,,,,,,,,,TN
3188,1e7411c6b6399b5f5595f99e8d08576e473af625,0.8848200515035454,autoland,4768104,12,53390121d39b212135aaffcd577053a14c7f0dff,linux1804-64-shippable-qr,True,False,,,102210fe594ee9b33d82058545b1ed14f4c8206e,custom.jsdebugger.stepOut.DAMP,damp,True,damp custom.jsdebugger.stepOut.DAMP opt e10s fission stylo webrender,4767202,77,ms,firefox,452658579.0,1865693261,2024-03-28 09:47:39,1400442,,,,,,,,,,,,,,,,,,,,,,,,,,,,,,,,,,,,,,,,,,,,,,,,,TN
3189,55aaac6352fb1fbc44f600408b2bd5a63b4ae440,0.886503306769475,autoland,4768104,12,53390121d39b212135aaffcd577053a14c7f0dff,linux1804-64-shippable-qr,True,False,,,102210fe594ee9b33d82058545b1ed14f4c8206e,custom.jsdebugger.stepOut.DAMP,damp,True,damp custom.jsdebugger.stepOut.DAMP opt e10s fission stylo webrender,4767202,77,ms,firefox,452665137.0,1865716452,2024-03-28 10:32:02,1400466,,,,,,,,,,,,,,,,,,,,,,,,,,,,,,,,,,,,,,,,,,,,,,,,,TN
3190,1c98db62bb1a20d26f812d28d86672158450e71c,0.842366794119165,autoland,4768104,12,53390121d39b212135aaffcd577053a14c7f0dff,linux1804-64-shippable-qr,True,False,,,102210fe594ee9b33d82058545b1ed14f4c8206e,custom.jsdebugger.stepOut.DAMP,damp,True,damp custom.jsdebugger.stepOut.DAMP opt e10s fission stylo webrender,4767202,77,ms,firefox,452703290.0,1865866245,2024-03-28 14:53:03,1400606,,,,,,,,,,,,,,,,,,,,,,,,,,,,,,,,,,,,,,,,,,,,,,,,,TN
3191,2b1a58a2fa54e47a357b20bda28512cebd79f732,0.8847822393743203,autoland,4768104,12,53390121d39b212135aaffcd577053a14c7f0dff,linux1804-64-shippable-qr,True,False,,,102210fe594ee9b33d82058545b1ed14f4c8206e,custom.jsdebugger.stepOut.DAMP,damp,True,damp custom.jsdebugger.stepOut.DAMP opt e10s fission stylo webrender,4767202,77,ms,firefox,452700982.0,1865846508,2024-03-28 15:08:02,1400620,,,,,,,,,,,,,,,,,,,,,,,,,,,,,,,,,,,,,,,,,,,,,,,,,TN
3192,b9f38a3edd45f19c8f1f0e6f96e11dea269f3399,0.8613457109573814,autoland,4768104,12,53390121d39b212135aaffcd577053a14c7f0dff,linux1804-64-shippable-qr,True,False,,,102210fe594ee9b33d82058545b1ed14f4c8206e,custom.jsdebugger.stepOut.DAMP,damp,True,damp custom.jsdebugger.stepOut.DAMP opt e10s fission stylo webrender,4767202,77,ms,firefox,452727360.0,1865947710,2024-03-28 19:06:21,1400789,,,,,,,,,,,,,,,,,,,,,,,,,,,,,,,,,,,,,,,,,,,,,,,,,TN
3193,8b46ddebfb7e99c2dd8d13182e11398381eda976,0.8592161519474582,autoland,4768104,12,53390121d39b212135aaffcd577053a14c7f0dff,linux1804-64-shippable-qr,True,False,,,102210fe594ee9b33d82058545b1ed14f4c8206e,custom.jsdebugger.stepOut.DAMP,damp,True,damp custom.jsdebugger.stepOut.DAMP opt e10s fission stylo webrender,4767202,77,ms,firefox,452758231.0,1866059549,2024-03-28 23:11:00,1400928,,,,,,,,,,,,,,,,,,,,,,,,,,,,,,,,,,,,,,,,,,,,,,,,,TN
3194,28b4eaeb70285be21ee6612c4e891e41c7949b68,0.880826908036723,autoland,4768104,12,53390121d39b212135aaffcd577053a14c7f0dff,linux1804-64-shippable-qr,True,False,,,102210fe594ee9b33d82058545b1ed14f4c8206e,custom.jsdebugger.stepOut.DAMP,damp,True,damp custom.jsdebugger.stepOut.DAMP opt e10s fission stylo webrender,4767202,77,ms,firefox,452761022.0,1866082364,2024-03-29 00:03:22,1400956,,,,,,,,,,,,,,,,,,,,,,,,,,,,,,,,,,,,,,,,,,,,,,,,,TN
3195,4120fb3d12f57159ca2e6809f555312e00adda5d,0.8655631737359497,autoland,4768104,12,53390121d39b212135aaffcd577053a14c7f0dff,linux1804-64-shippable-qr,True,False,,,102210fe594ee9b33d82058545b1ed14f4c8206e,custom.jsdebugger.stepOut.DAMP,damp,True,damp custom.jsdebugger.stepOut.DAMP opt e10s fission stylo webrender,4767202,77,ms,firefox,452776288.0,1866162426,2024-03-29 04:27:46,1401028,,,,,,,,,,,,,,,,,,,,,,,,,,,,,,,,,,,,,,,,,,,,,,,,,TN
3196,39124d8575b2fb025ca7fd37b91e052f28e88e67,0.8754893479902104,autoland,4768104,12,53390121d39b212135aaffcd577053a14c7f0dff,linux1804-64-shippable-qr,True,False,,,102210fe594ee9b33d82058545b1ed14f4c8206e,custom.jsdebugger.stepOut.DAMP,damp,True,damp custom.jsdebugger.stepOut.DAMP opt e10s fission stylo webrender,4767202,77,ms,firefox,452829763.0,1866373845,2024-03-29 12:22:16,1401116,,,,,,,,,,,,,,,,,,,,,,,,,,,,,,,,,,,,,,,,,,,,,,,,,TN
3197,33becba24b3c497daf0c1180e5c659ed3cc9028c,0.8975557542960848,autoland,4768104,12,53390121d39b212135aaffcd577053a14c7f0dff,linux1804-64-shippable-qr,True,False,,,102210fe594ee9b33d82058545b1ed14f4c8206e,custom.jsdebugger.stepOut.DAMP,damp,True,damp custom.jsdebugger.stepOut.DAMP opt e10s fission stylo webrender,4767202,77,ms,firefox,452852423.0,1866436876,2024-03-29 16:11:04,1401211,,,,,,,,,,,,,,,,,,,,,,,,,,,,,,,,,,,,,,,,,,,,,,,,,TN
3198,dd4f0b5931701d3aa7f7ed94fd3ba8c45816316c,0.8663839861677025,autoland,4768104,12,53390121d39b212135aaffcd577053a14c7f0dff,linux1804-64-shippable-qr,True,False,,,102210fe594ee9b33d82058545b1ed14f4c8206e,custom.jsdebugger.stepOut.DAMP,damp,True,damp custom.jsdebugger.stepOut.DAMP opt e10s fission stylo webrender,4767202,77,ms,firefox,452881213.0,1866584486,2024-03-29 20:24:43,1401326,,,,,,,,,,,,,,,,,,,,,,,,,,,,,,,,,,,,,,,,,,,,,,,,,TN
3199,2fe1ab05c8fa00d73df88b20df9bc87301a46d46,0.8461032608205914,autoland,4768104,12,53390121d39b212135aaffcd577053a14c7f0dff,linux1804-64-shippable-qr,True,False,,,102210fe594ee9b33d82058545b1ed14f4c8206e,custom.jsdebugger.stepOut.DAMP,damp,True,damp custom.jsdebugger.stepOut.DAMP opt e10s fission stylo webrender,4767202,77,ms,firefox,452901055.0,1866685500,2024-03-30 04:38:25,1401437,,,,,,,,,,,,,,,,,,,,,,,,,,,,,,,,,,,,,,,,,,,,,,,,,TN
3200,3e1a0031f44e72f557f0ec79cf8423168b952d80,0.8504083868930581,autoland,4768104,12,53390121d39b212135aaffcd577053a14c7f0dff,linux1804-64-shippable-qr,True,False,,,102210fe594ee9b33d82058545b1ed14f4c8206e,custom.jsdebugger.stepOut.DAMP,damp,True,damp custom.jsdebugger.stepOut.DAMP opt e10s fission stylo webrender,4767202,77,ms,firefox,452909073.0,1866729117,2024-03-30 08:43:08,1401445,,,,,,,,,,,,,,,,,,,,,,,,,,,,,,,,,,,,,,,,,,,,,,,,,TN
3201,dea770591ed30035f88966bbf45cbbcc6557cdcc,0.8412024295256508,autoland,4768104,12,53390121d39b212135aaffcd577053a14c7f0dff,linux1804-64-shippable-qr,True,False,,,102210fe594ee9b33d82058545b1ed14f4c8206e,custom.jsdebugger.stepOut.DAMP,damp,True,damp custom.jsdebugger.stepOut.DAMP opt e10s fission stylo webrender,4767202,77,ms,firefox,452933716.0,1866821641,2024-03-30 16:23:17,1401476,,,,,,,,,,,,,,,,,,,,,,,,,,,,,,,,,,,,,,,,,,,,,,,,,TN
3202,d7916bbe3cb4118dd9464ef3af064b13b3b0d0c4,0.8704734558276748,autoland,4768104,12,53390121d39b212135aaffcd577053a14c7f0dff,linux1804-64-shippable-qr,True,False,,,102210fe594ee9b33d82058545b1ed14f4c8206e,custom.jsdebugger.stepOut.DAMP,damp,True,damp custom.jsdebugger.stepOut.DAMP opt e10s fission stylo webrender,4767202,77,ms,firefox,452939273.0,1866845386,2024-03-30 17:37:54,1401479,,,,,,,,,,,,,,,,,,,,,,,,,,,,,,,,,,,,,,,,,,,,,,,,,TN
3203,579426b2f39c365731042d79d87533ac3f616461,0.8810681557206939,autoland,4768104,12,53390121d39b212135aaffcd577053a14c7f0dff,linux1804-64-shippable-qr,True,False,,,102210fe594ee9b33d82058545b1ed14f4c8206e,custom.jsdebugger.stepOut.DAMP,damp,True,damp custom.jsdebugger.stepOut.DAMP opt e10s fission stylo webrender,4767202,77,ms,firefox,452966678.0,1866936247,2024-03-31 07:04:36,1401509,,,,,,,,,,,,,,,,,,,,,,,,,,,,,,,,,,,,,,,,,,,,,,,,,TN
3204,dfc3fd176c4fcd62b5a28dcfedea3c509f24ebf5,0.8346575798673255,autoland,4768104,12,53390121d39b212135aaffcd577053a14c7f0dff,linux1804-64-shippable-qr,True,False,,,102210fe594ee9b33d82058545b1ed14f4c8206e,custom.jsdebugger.stepOut.DAMP,damp,True,damp custom.jsdebugger.stepOut.DAMP opt e10s fission stylo webrender,4767202,77,ms,firefox,452990190.0,1867024752,2024-03-31 14:47:20,1401533,,,,,,,,,,,,,,,,,,,,,,,,,,,,,,,,,,,,,,,,,,,,,,,,,TN
3205,334eacacff83840ceed0bb2077c0a2a527e491a5,0.8383752175054444,autoland,4768104,12,53390121d39b212135aaffcd577053a14c7f0dff,linux1804-64-shippable-qr,True,False,,,102210fe594ee9b33d82058545b1ed14f4c8206e,custom.jsdebugger.stepOut.DAMP,damp,True,damp custom.jsdebugger.stepOut.DAMP opt e10s fission stylo webrender,4767202,77,ms,firefox,452993772.0,1867047081,2024-03-31 19:03:22,1401545,,,,,,,,,,,,,,,,,,,,,,,,,,,,,,,,,,,,,,,,,,,,,,,,,TN
3206,5d97e037b69610f99c35f4bbd65d27bafc5605fc,0.881163433702032,autoland,4768104,12,53390121d39b212135aaffcd577053a14c7f0dff,linux1804-64-shippable-qr,True,False,,,102210fe594ee9b33d82058545b1ed14f4c8206e,custom.jsdebugger.stepOut.DAMP,damp,True,damp custom.jsdebugger.stepOut.DAMP opt e10s fission stylo webrender,4767202,77,ms,firefox,453014505.0,1867125993,2024-04-01 07:03:36,1401600,,,,,,,,,,,,,,,,,,,,,,,,,,,,,,,,,,,,,,,,,,,,,,,,,TN
3207,9546c05d8f57091e5d3e12129a49f11b8b027da7,0.8877120897103266,autoland,4768104,12,53390121d39b212135aaffcd577053a14c7f0dff,linux1804-64-shippable-qr,True,False,,,102210fe594ee9b33d82058545b1ed14f4c8206e,custom.jsdebugger.stepOut.DAMP,damp,True,damp custom.jsdebugger.stepOut.DAMP opt e10s fission stylo webrender,4767202,77,ms,firefox,453039236.0,1867208101,2024-04-01 11:30:18,1401661,,,,,,,,,,,,,,,,,,,,,,,,,,,,,,,,,,,,,,,,,,,,,,,,,TN
3208,26157b52a8c30d72d8e065cc4a8286633ee85b63,0.8755700175753673,autoland,4768104,12,53390121d39b212135aaffcd577053a14c7f0dff,linux1804-64-shippable-qr,True,False,,,102210fe594ee9b33d82058545b1ed14f4c8206e,custom.jsdebugger.stepOut.DAMP,damp,True,damp custom.jsdebugger.stepOut.DAMP opt e10s fission stylo webrender,4767202,77,ms,firefox,453062462.0,1867248918,2024-04-01 13:16:41,1401687,,,,,,,,,,,,,,,,,,,,,,,,,,,,,,,,,,,,,,,,,,,,,,,,,TN
3209,cdd16ab5df10333f1a1eb637ecf2692e15271d17,0.8854977924640033,autoland,4768104,12,53390121d39b212135aaffcd577053a14c7f0dff,linux1804-64-shippable-qr,True,False,,,102210fe594ee9b33d82058545b1ed14f4c8206e,custom.jsdebugger.stepOut.DAMP,damp,True,damp custom.jsdebugger.stepOut.DAMP opt e10s fission stylo webrender,4767202,77,ms,firefox,453086564.0,1867336913,2024-04-01 17:19:53,1401785,,,,,,,,,,,,,,,,,,,,,,,,,,,,,,,,,,,,,,,,,,,,,,,,,TN
3210,57354c5689ef8a5f598978d912570706445e1034,0.8840584794321391,autoland,4768104,12,53390121d39b212135aaffcd577053a14c7f0dff,linux1804-64-shippable-qr,True,False,,,102210fe594ee9b33d82058545b1ed14f4c8206e,custom.jsdebugger.stepOut.DAMP,damp,True,damp custom.jsdebugger.stepOut.DAMP opt e10s fission stylo webrender,4767202,77,ms,firefox,453092458.0,1867382831,2024-04-01 18:19:29,1401826,,,,,,,,,,,,,,,,,,,,,,,,,,,,,,,,,,,,,,,,,,,,,,,,,TN
3211,13111643fbf4557d26174a12b2cde1954182b0ab,0.8746483949884218,autoland,4768104,12,53390121d39b212135aaffcd577053a14c7f0dff,linux1804-64-shippable-qr,True,False,,,102210fe594ee9b33d82058545b1ed14f4c8206e,custom.jsdebugger.stepOut.DAMP,damp,True,damp custom.jsdebugger.stepOut.DAMP opt e10s fission stylo webrender,4767202,77,ms,firefox,453132984.0,1867525353,2024-04-01 22:35:55,1402004,,,,,,,,,,,,,,,,,,,,,,,,,,,,,,,,,,,,,,,,,,,,,,,,,TN
3212,e7ec5d35ae0d80f4a77b6705e1a393c637da672e,0.8689773237549245,autoland,4768104,12,53390121d39b212135aaffcd577053a14c7f0dff,linux1804-64-shippable-qr,True,False,,,102210fe594ee9b33d82058545b1ed14f4c8206e,custom.jsdebugger.stepOut.DAMP,damp,True,damp custom.jsdebugger.stepOut.DAMP opt e10s fission stylo webrender,4767202,77,ms,firefox,453133406.0,1867533943,2024-04-01 22:39:43,1402007,,,,,,,,,,,,,,,,,,,,,,,,,,,,,,,,,,,,,,,,,,,,,,,,,TN
3213,de086751acb845c252c37aab95a7e6b265df39a6,0.8603706474530233,autoland,4768104,12,53390121d39b212135aaffcd577053a14c7f0dff,linux1804-64-shippable-qr,True,False,,,102210fe594ee9b33d82058545b1ed14f4c8206e,custom.jsdebugger.stepOut.DAMP,damp,True,damp custom.jsdebugger.stepOut.DAMP opt e10s fission stylo webrender,4767202,77,ms,firefox,453147983.0,1867603151,2024-04-02 04:32:43,1402085,,,,,,,,,,,,,,,,,,,,,,,,,,,,,,,,,,,,,,,,,,,,,,,,,TN
3214,4df6842cb470c27ca949eaaa6d3a9b6b37d9c8fe,0.8749287474304979,autoland,4768104,12,53390121d39b212135aaffcd577053a14c7f0dff,linux1804-64-shippable-qr,True,False,,,102210fe594ee9b33d82058545b1ed14f4c8206e,custom.jsdebugger.stepOut.DAMP,damp,True,damp custom.jsdebugger.stepOut.DAMP opt e10s fission stylo webrender,4767202,77,ms,firefox,453170888.0,1867678202,2024-04-02 08:47:33,1402179,,,,,,,,,,,,,,,,,,,,,,,,,,,,,,,,,,,,,,,,,,,,,,,,,TN
3215,52bb75377d06cfb305446ca966c7526c9c9729c7,0.8643720424828223,autoland,4768104,12,53390121d39b212135aaffcd577053a14c7f0dff,linux1804-64-shippable-qr,True,False,,,102210fe594ee9b33d82058545b1ed14f4c8206e,custom.jsdebugger.stepOut.DAMP,damp,True,damp custom.jsdebugger.stepOut.DAMP opt e10s fission stylo webrender,4767202,77,ms,firefox,453171706.0,1867692908,2024-04-02 08:57:49,1402180,,,,,,,,,,,,,,,,,,,,,,,,,,,,,,,,,,,,,,,,,,,,,,,,,TN
3216,1eb7fb5dab3b7003052fa7fa8e85566bd5fa2a73,0.8395735680067493,autoland,4768104,12,53390121d39b212135aaffcd577053a14c7f0dff,linux1804-64-shippable-qr,True,False,,,102210fe594ee9b33d82058545b1ed14f4c8206e,custom.jsdebugger.stepOut.DAMP,damp,True,damp custom.jsdebugger.stepOut.DAMP opt e10s fission stylo webrender,4767202,77,ms,firefox,453212451.0,1867848675,2024-04-02 13:00:14,1402287,,,,,,,,,,,,,,,,,,,,,,,,,,,,,,,,,,,,,,,,,,,,,,,,,TN
3217,083657141f799bed9b0e401403d144e76c1f3c63,0.8414187248008942,autoland,4768104,12,53390121d39b212135aaffcd577053a14c7f0dff,linux1804-64-shippable-qr,True,False,,,102210fe594ee9b33d82058545b1ed14f4c8206e,custom.jsdebugger.stepOut.DAMP,damp,True,damp custom.jsdebugger.stepOut.DAMP opt e10s fission stylo webrender,4767202,77,ms,firefox,453216195.0,1867874691,2024-04-02 13:21:01,1402293,,,,,,,,,,,,,,,,,,,,,,,,,,,,,,,,,,,,,,,,,,,,,,,,,TN
3218,b1212fb9438edc5930a3e8228dd52ff3c068031c,0.8934000684511123,autoland,4768104,12,53390121d39b212135aaffcd577053a14c7f0dff,linux1804-64-shippable-qr,True,False,,,102210fe594ee9b33d82058545b1ed14f4c8206e,custom.jsdebugger.stepOut.DAMP,damp,True,damp custom.jsdebugger.stepOut.DAMP opt e10s fission stylo webrender,4767202,77,ms,firefox,453239200.0,1867967825,2024-04-02 16:51:17,1402473,,,,,,,,,,,,,,,,,,,,,,,,,,,,,,,,,,,,,,,,,,,,,,,,,TN
3219,96cda2b1a568a48c3d201417fa49e8fc852ef641,0.8637493232029045,autoland,4768104,12,53390121d39b212135aaffcd577053a14c7f0dff,linux1804-64-shippable-qr,True,False,,,102210fe594ee9b33d82058545b1ed14f4c8206e,custom.jsdebugger.stepOut.DAMP,damp,True,damp custom.jsdebugger.stepOut.DAMP opt e10s fission stylo webrender,4767202,77,ms,firefox,453277304.0,1868103093,2024-04-02 20:58:38,1402671,,,,,,,,,,,,,,,,,,,,,,,,,,,,,,,,,,,,,,,,,,,,,,,,,TN
3220,c720e2e99bf375c24b09c0a1415f15ba911c56ce,0.9049762641926966,autoland,4768104,12,53390121d39b212135aaffcd577053a14c7f0dff,linux1804-64-shippable-qr,True,False,,,102210fe594ee9b33d82058545b1ed14f4c8206e,custom.jsdebugger.stepOut.DAMP,damp,True,damp custom.jsdebugger.stepOut.DAMP opt e10s fission stylo webrender,4767202,77,ms,firefox,453301828.0,1868232029,2024-04-03 06:21:18,1402898,,,,,,,,,,,,,,,,,,,,,,,,,,,,,,,,,,,,,,,,,,,,,,,,,TN
3221,8c92b17c7b2805a83d5a80fa103b82ae132d8320,0.5234770291349564,autoland,4768104,12,53390121d39b212135aaffcd577053a14c7f0dff,linux1804-64-shippable-qr,True,False,,,102210fe594ee9b33d82058545b1ed14f4c8206e,custom.jsdebugger.stepOut.DAMP,damp,True,damp custom.jsdebugger.stepOut.DAMP opt e10s fission stylo webrender,4767202,77,ms,firefox,453312755.0,1868285320,2024-04-03 08:00:33,1402944,,,,,,,,,,,,,,,,,,,,,,,,,,,,,,,,,,,,,,,,,,,,,,,,,TN
3222,81ea9950a766d85ced5d1db992689422649c3b26,0.8572930548932205,autoland,4768104,12,53390121d39b212135aaffcd577053a14c7f0dff,linux1804-64-shippable-qr,True,False,,,102210fe594ee9b33d82058545b1ed14f4c8206e,custom.jsdebugger.stepOut.DAMP,damp,True,damp custom.jsdebugger.stepOut.DAMP opt e10s fission stylo webrender,4767202,77,ms,firefox,453347115.0,1868363865,2024-04-03 12:19:12,1403087,,,,,,,,,,,,,,,,,,,,,,,,,,,,,,,,,,,,,,,,,,,,,,,,,TN
3223,31ead35d5981bb6a0da919643013edfb0b8934b6,0.8730397614733982,autoland,4768104,12,53390121d39b212135aaffcd577053a14c7f0dff,linux1804-64-shippable-qr,True,False,,,102210fe594ee9b33d82058545b1ed14f4c8206e,custom.jsdebugger.stepOut.DAMP,damp,True,damp custom.jsdebugger.stepOut.DAMP opt e10s fission stylo webrender,4767202,77,ms,firefox,453374633.0,1868469991,2024-04-03 15:08:48,1403194,,,,,,,,,,,,,,,,,,,,,,,,,,,,,,,,,,,,,,,,,,,,,,,,,TN
3224,26f475fb8d5ae5cb0b3bd5fb9d77aa7fc2df2665,0.8671406142563385,autoland,4768104,12,53390121d39b212135aaffcd577053a14c7f0dff,linux1804-64-shippable-qr,True,False,,,102210fe594ee9b33d82058545b1ed14f4c8206e,custom.jsdebugger.stepOut.DAMP,damp,True,damp custom.jsdebugger.stepOut.DAMP opt e10s fission stylo webrender,4767202,77,ms,firefox,453397543.0,1868540122,2024-04-03 19:17:19,1403406,,,,,,,,,,,,,,,,,,,,,,,,,,,,,,,,,,,,,,,,,,,,,,,,,TN
3225,aedb2756de7fa4089d89d53f49a007290003d58d,0.8319760166279384,autoland,4768104,12,53390121d39b212135aaffcd577053a14c7f0dff,linux1804-64-shippable-qr,True,False,,,102210fe594ee9b33d82058545b1ed14f4c8206e,custom.jsdebugger.stepOut.DAMP,damp,True,damp custom.jsdebugger.stepOut.DAMP opt e10s fission stylo webrender,4767202,77,ms,firefox,453419942.0,1868628278,2024-04-03 23:35:22,1403575,,,,,,,,,,,,,,,,,,,,,,,,,,,,,,,,,,,,,,,,,,,,,,,,,TN
3226,c77140f39f2ca17bd84cdcad2f5ed207f47ec7ea,0.8865298786900324,autoland,4768104,12,53390121d39b212135aaffcd577053a14c7f0dff,linux1804-64-shippable-qr,True,False,,,102210fe594ee9b33d82058545b1ed14f4c8206e,custom.jsdebugger.stepOut.DAMP,damp,True,damp custom.jsdebugger.stepOut.DAMP opt e10s fission stylo webrender,4767202,77,ms,firefox,453731621.0,1869949818,2024-04-04 01:05:21,1403618,,,,,,,,,,,,,,,,,,,,,,,,,,,,,,,,,,,,,,,,,,,,,,,,,TN
3227,eac0954fe03756ce1df608b58b23894d7f9c4166,0.924587155375185,autoland,4768104,12,53390121d39b212135aaffcd577053a14c7f0dff,linux1804-64-shippable-qr,True,False,,,102210fe594ee9b33d82058545b1ed14f4c8206e,custom.jsdebugger.stepOut.DAMP,damp,True,damp custom.jsdebugger.stepOut.DAMP opt e10s fission stylo webrender,4767202,77,ms,firefox,453731623.0,1869950175,2024-04-04 01:06:09,1403619,,,,,,,,,,,,,,,,,,,,,,,,,,,,,,,,,,,,,,,,,,,,,,,,,TN
3228,058016a255034c1883f9cdcddec8e9f330eea8df,0.8944549530354908,autoland,4768104,12,53390121d39b212135aaffcd577053a14c7f0dff,linux1804-64-shippable-qr,True,False,,,102210fe594ee9b33d82058545b1ed14f4c8206e,custom.jsdebugger.stepOut.DAMP,damp,True,damp custom.jsdebugger.stepOut.DAMP opt e10s fission stylo webrender,4767202,77,ms,firefox,453731626.0,1869950602,2024-04-04 01:06:55,1403620,,,,,,,,,,,,,,,,,,,,,,,,,,,,,,,,,,,,,,,,,,,,,,,,,TN
3229,191db81806bf635a203e31b922a7f324cb51b8c1,0.8653747241325338,autoland,4768104,12,53390121d39b212135aaffcd577053a14c7f0dff,linux1804-64-shippable-qr,True,False,,,102210fe594ee9b33d82058545b1ed14f4c8206e,custom.jsdebugger.stepOut.DAMP,damp,True,damp custom.jsdebugger.stepOut.DAMP opt e10s fission stylo webrender,4767202,77,ms,firefox,453731628.0,1869950666,2024-04-04 01:07:40,1403622,,,,,,,,,,,,,,,,,,,,,,,,,,,,,,,,,,,,,,,,,,,,,,,,,TN
3230,ab342f86f6766a46627e0ad40f307c86669c5fb0,0.8673734444517567,autoland,4768104,12,53390121d39b212135aaffcd577053a14c7f0dff,linux1804-64-shippable-qr,True,False,,,102210fe594ee9b33d82058545b1ed14f4c8206e,custom.jsdebugger.stepOut.DAMP,damp,True,damp custom.jsdebugger.stepOut.DAMP opt e10s fission stylo webrender,4767202,77,ms,firefox,453731629.0,1869950501,2024-04-04 01:25:41,1403633,,,,,,,,,,,,,,,,,,,,,,,,,,,,,,,,,,,,,,,,,,,,,,,,,TN
3231,2e18c3a41823daa476c62c9bdbb81e442b6ee6ae,0.8814950223392795,autoland,4768104,12,53390121d39b212135aaffcd577053a14c7f0dff,linux1804-64-shippable-qr,True,False,,,102210fe594ee9b33d82058545b1ed14f4c8206e,custom.jsdebugger.stepOut.DAMP,damp,True,damp custom.jsdebugger.stepOut.DAMP opt e10s fission stylo webrender,4767202,77,ms,firefox,453731630.0,1869949424,2024-04-04 01:31:01,1403638,,,,,,,,,,,,,,,,,,,,,,,,,,,,,,,,,,,,,,,,,,,,,,,,,TN
3232,b4cdcd54a6ec5a4d8f3307ec788e88e747a68a7c,0.8419042098077318,autoland,4768104,12,53390121d39b212135aaffcd577053a14c7f0dff,linux1804-64-shippable-qr,True,False,,,102210fe594ee9b33d82058545b1ed14f4c8206e,custom.jsdebugger.stepOut.DAMP,damp,True,damp custom.jsdebugger.stepOut.DAMP opt e10s fission stylo webrender,4767202,77,ms,firefox,453731615.0,1869949289,2024-04-04 01:36:17,1403639,,,,,,,,,,,,,,,,,,,,,,,,,,,,,,,,,,,,,,,,,,,,,,,,,TN
3233,526b60db15bd952bd948eb71657a9b90a91779ac,0.8821269956900359,autoland,4768104,12,53390121d39b212135aaffcd577053a14c7f0dff,linux1804-64-shippable-qr,True,False,,,102210fe594ee9b33d82058545b1ed14f4c8206e,custom.jsdebugger.stepOut.DAMP,damp,True,damp custom.jsdebugger.stepOut.DAMP opt e10s fission stylo webrender,4767202,77,ms,firefox,453731617.0,1869949740,2024-04-04 02:10:12,1403647,,,,,,,,,,,,,,,,,,,,,,,,,,,,,,,,,,,,,,,,,,,,,,,,,TN
3234,57e95667bb9552a7740af43294024b8785841c1f,0.8955412720508962,autoland,4768104,12,53390121d39b212135aaffcd577053a14c7f0dff,linux1804-64-shippable-qr,True,False,,,102210fe594ee9b33d82058545b1ed14f4c8206e,custom.jsdebugger.stepOut.DAMP,damp,True,damp custom.jsdebugger.stepOut.DAMP opt e10s fission stylo webrender,4767202,77,ms,firefox,453731616.0,1869949549,2024-04-04 03:04:49,1403660,,,,,,,,,,,,,,,,,,,,,,,,,,,,,,,,,,,,,,,,,,,,,,,,,TN
3235,f2360b4c9b8a110f0b1c40841a767a47da5b85be,0.8416941541250247,autoland,4768104,12,53390121d39b212135aaffcd577053a14c7f0dff,linux1804-64-shippable-qr,True,False,,,102210fe594ee9b33d82058545b1ed14f4c8206e,custom.jsdebugger.stepOut.DAMP,damp,True,damp custom.jsdebugger.stepOut.DAMP opt e10s fission stylo webrender,4767202,77,ms,firefox,453445791.0,1868730946,2024-04-04 04:04:35,1403674,,,,,,,,,,,,,,,,,,,,,,,,,,,,,,,,,,,,,,,,,,,,,,,,,TN
3236,7ae70412fd030cfb923bc10ced9b868cb43a4aae,0.8560108325446119,autoland,4768104,12,53390121d39b212135aaffcd577053a14c7f0dff,linux1804-64-shippable-qr,True,False,,,102210fe594ee9b33d82058545b1ed14f4c8206e,custom.jsdebugger.stepOut.DAMP,damp,True,damp custom.jsdebugger.stepOut.DAMP opt e10s fission stylo webrender,4767202,77,ms,firefox,453731619.0,1869949685,2024-04-04 04:41:18,1403694,,,,,,,,,,,,,,,,,,,,,,,,,,,,,,,,,,,,,,,,,,,,,,,,,TN
3237,0d24768de9a86dcf5ca332f1133e94437be9796a,0.8915603524227191,autoland,4768104,12,53390121d39b212135aaffcd577053a14c7f0dff,linux1804-64-shippable-qr,True,False,,,102210fe594ee9b33d82058545b1ed14f4c8206e,custom.jsdebugger.stepOut.DAMP,damp,True,damp custom.jsdebugger.stepOut.DAMP opt e10s fission stylo webrender,4767202,77,ms,firefox,453731620.0,1869950253,2024-04-04 05:02:34,1403696,,,,,,,,,,,,,,,,,,,,,,,,,,,,,,,,,,,,,,,,,,,,,,,,,TN
3238,42d089284d672401f22b4fa7a01756e94f390a2f,0.8705910820819514,autoland,4768104,12,53390121d39b212135aaffcd577053a14c7f0dff,linux1804-64-shippable-qr,True,False,,,102210fe594ee9b33d82058545b1ed14f4c8206e,custom.jsdebugger.stepOut.DAMP,damp,True,damp custom.jsdebugger.stepOut.DAMP opt e10s fission stylo webrender,4767202,77,ms,firefox,453731622.0,1869950120,2024-04-04 07:03:53,1403726,,,,,,,,,,,,,,,,,,,,,,,,,,,,,,,,,,,,,,,,,,,,,,,,,TN
3239,cf8a12f6ac130f8ede2b2ac03e7741852656ce6e,0.8749221690321798,autoland,4768104,12,53390121d39b212135aaffcd577053a14c7f0dff,linux1804-64-shippable-qr,True,False,,,102210fe594ee9b33d82058545b1ed14f4c8206e,custom.jsdebugger.stepOut.DAMP,damp,True,damp custom.jsdebugger.stepOut.DAMP opt e10s fission stylo webrender,4767202,77,ms,firefox,453731618.0,1869949959,2024-04-04 07:54:58,1403741,,,,,,,,,,,,,,,,,,,,,,,,,,,,,,,,,,,,,,,,,,,,,,,,,TN
3240,d5a2008c802b07f6221ccfaee223ec7e9c0c46ae,0.8495582145952199,autoland,4768104,12,53390121d39b212135aaffcd577053a14c7f0dff,linux1804-64-shippable-qr,True,False,,,102210fe594ee9b33d82058545b1ed14f4c8206e,custom.jsdebugger.stepOut.DAMP,damp,True,damp custom.jsdebugger.stepOut.DAMP opt e10s fission stylo webrender,4767202,77,ms,firefox,453731624.0,1869949628,2024-04-04 08:25:30,1403756,,,,,,,,,,,,,,,,,,,,,,,,,,,,,,,,,,,,,,,,,,,,,,,,,TN
3241,08ea8edc42ee204a4f50aae52417198c7a11d742,0.8620557974486462,autoland,4768104,12,53390121d39b212135aaffcd577053a14c7f0dff,linux1804-64-shippable-qr,True,False,,,102210fe594ee9b33d82058545b1ed14f4c8206e,custom.jsdebugger.stepOut.DAMP,damp,True,damp custom.jsdebugger.stepOut.DAMP opt e10s fission stylo webrender,4767202,77,ms,firefox,453474326.0,1868841146,2024-04-04 08:28:09,1403757,,,,,,,,,,,,,,,,,,,,,,,,,,,,,,,,,,,,,,,,,,,,,,,,,TN
3242,4610a2a55df9efb1a3356d0f443f84c4e7b4ccea,0.8348374530116864,autoland,4768104,12,53390121d39b212135aaffcd577053a14c7f0dff,linux1804-64-shippable-qr,True,False,,,102210fe594ee9b33d82058545b1ed14f4c8206e,custom.jsdebugger.stepOut.DAMP,damp,True,damp custom.jsdebugger.stepOut.DAMP opt e10s fission stylo webrender,4767202,77,ms,firefox,453735903.0,1869972868,2024-04-04 10:14:08,1403810,,,,,,,,,,,,,,,,,,,,,,,,,,,,,,,,,,,,,,,,,,,,,,,,,TN
3243,692d4ce595ef66fc392d686236c6fc6e638b573c,0.8417535117262629,autoland,4768104,12,53390121d39b212135aaffcd577053a14c7f0dff,linux1804-64-shippable-qr,True,False,,,102210fe594ee9b33d82058545b1ed14f4c8206e,custom.jsdebugger.stepOut.DAMP,damp,True,damp custom.jsdebugger.stepOut.DAMP opt e10s fission stylo webrender,4767202,77,ms,firefox,453735732.0,1869971858,2024-04-04 10:19:02,1403812,,,,,,,,,,,,,,,,,,,,,,,,,,,,,,,,,,,,,,,,,,,,,,,,,TN
3244,68a4c335386adefc383ce398e25bc882f3ff4f97,0.8584791070385442,autoland,4768104,12,53390121d39b212135aaffcd577053a14c7f0dff,linux1804-64-shippable-qr,True,False,,,102210fe594ee9b33d82058545b1ed14f4c8206e,custom.jsdebugger.stepOut.DAMP,damp,True,damp custom.jsdebugger.stepOut.DAMP opt e10s fission stylo webrender,4767202,77,ms,firefox,453731634.0,1869949344,2024-04-04 10:24:17,1403816,,,,,,,,,,,,,,,,,,,,,,,,,,,,,,,,,,,,,,,,,,,,,,,,,TN
3245,c32476272ade03baef410082dc77e4bcbf6aa010,0.5370332760965062,autoland,4768104,12,53390121d39b212135aaffcd577053a14c7f0dff,linux1804-64-shippable-qr,True,False,,,102210fe594ee9b33d82058545b1ed14f4c8206e,custom.jsdebugger.stepOut.DAMP,damp,True,damp custom.jsdebugger.stepOut.DAMP opt e10s fission stylo webrender,4767202,77,ms,firefox,453735622.0,1869969385,2024-04-04 10:37:16,1403825,,,,,,,,,,,,,,,,,,,,,,,,,,,,,,,,,,,,,,,,,,,,,,,,,TN
3246,ea031eb2c3e43e739089680dc40acc6c34d5b060,0.8789178947760998,autoland,4768104,12,53390121d39b212135aaffcd577053a14c7f0dff,linux1804-64-shippable-qr,True,False,,,102210fe594ee9b33d82058545b1ed14f4c8206e,custom.jsdebugger.stepOut.DAMP,damp,True,damp custom.jsdebugger.stepOut.DAMP opt e10s fission stylo webrender,4767202,77,ms,firefox,453736086.0,1869973445,2024-04-04 10:46:23,1403831,,,,,,,,,,,,,,,,,,,,,,,,,,,,,,,,,,,,,,,,,,,,,,,,,TN
3247,74ae24e666cf1d7484c4b885b5ea2c2a84ee827a,0.8780639260638332,autoland,4768104,12,53390121d39b212135aaffcd577053a14c7f0dff,linux1804-64-shippable-qr,True,False,,,102210fe594ee9b33d82058545b1ed14f4c8206e,custom.jsdebugger.stepOut.DAMP,damp,True,damp custom.jsdebugger.stepOut.DAMP opt e10s fission stylo webrender,4767202,77,ms,firefox,453735765.0,1869973014,2024-04-04 11:28:53,1403862,,,,,,,,,,,,,,,,,,,,,,,,,,,,,,,,,,,,,,,,,,,,,,,,,TN
3248,2bb244f58cca756086de06c710e990072f5add53,0.733827741288658,autoland,4768104,12,53390121d39b212135aaffcd577053a14c7f0dff,linux1804-64-shippable-qr,True,False,,,102210fe594ee9b33d82058545b1ed14f4c8206e,custom.jsdebugger.stepOut.DAMP,damp,True,damp custom.jsdebugger.stepOut.DAMP opt e10s fission stylo webrender,4767202,77,ms,firefox,453735259.0,1869970518,2024-04-04 11:52:43,1403870,,,,,,,,,,,,,,,,,,,,,,,,,,,,,,,,,,,,,,,,,,,,,,,,,TN
3249,22b0f3e7f52a6c04b75f0c2810d5b0cb13949955,0.6854710951553278,autoland,4768104,12,53390121d39b212135aaffcd577053a14c7f0dff,linux1804-64-shippable-qr,True,False,,,102210fe594ee9b33d82058545b1ed14f4c8206e,custom.jsdebugger.stepOut.DAMP,damp,True,damp custom.jsdebugger.stepOut.DAMP opt e10s fission stylo webrender,4767202,77,ms,firefox,453735685.0,1869971784,2024-04-04 12:06:22,1403872,,,,,,,,,,,,,,,,,,,,,,,,,,,,,,,,,,,,,,,,,,,,,,,,,TN
3250,a260c2683052c9aa36748f1ded4e99c0d2bcf63e,0.700741586696332,autoland,4768104,12,53390121d39b212135aaffcd577053a14c7f0dff,linux1804-64-shippable-qr,True,False,,,102210fe594ee9b33d82058545b1ed14f4c8206e,custom.jsdebugger.stepOut.DAMP,damp,True,damp custom.jsdebugger.stepOut.DAMP opt e10s fission stylo webrender,4767202,77,ms,firefox,453508627.0,1869004539,2024-04-04 12:29:27,1403877,818.91,mozilla-ldap/nchevobbe@mozilla.com,08ea8edc42ee204a4f50aae52417198c7a11d742,42171.0,8.09,890.97,2024-04-08 07:58:41.189321,12.0,12.0,,|192866|192867|192886|192888|,0.0,1403757.0,4.0,4.0,,EuIuFvPEQZuKiq6aXq2jWg,1887719.0,2024-04-15 04:44:06.268858,,1.0,-72.07,192875.0,BJzn7IZ4Ra-AWyNkjaR3ag,"(33,)",42171.0,0.0,False,False,nchevobbe@mozilla.com,"(30,)","(4,)",,2024-04-06 04:44:06.268858,,,OK,,2024-04-08 08:04:17.868691,,"('[{""perf_datum_id"": 1868730946, ""value"": 886.1626680000118, ""job_id"": 453445791, ""push_id"": 1403674, ""push_timestamp"": ""2024-04-04T04:04:35"", ""push__revision"": ""f2360b4c9b8a110f0b1c40841a767a47da5b85be""}, {""perf_datum_id"": 1868841146, ""value"": 896.409420500011, ""job_id"": 453474326, ""push_id"": 1403757, ""push_timestamp"": ""2024-04-04T08:28:09"", ""push__revision"": ""08ea8edc42ee204a4f50aae52417198c7a11d742""}, {""perf_datum_id"": 1869004539, ""value"": 815.2299809999531, ""job_id"": 453508627, ""push_id"": 1403877, ""push_timestamp"": ""2024-04-04T12:29:27"", ""push__revision"": ""a260c2683052c9aa36748f1ded4e99c0d2bcf63e""}, {""perf_datum_id"": 1869094859, ""value"": 821.4112355000107, ""job_id"": 453531449, ""push_id"": 1404042, ""push_timestamp"": ""2024-04-04T15:41:47"", ""push__revision"": ""e633b6ff34e81c89b87f1d4e3b18fcae399b3d37""}, {""perf_datum_id"": 1869162558, ""value"": 828.8166105000055, ""job_id"": 453545817, ""push_id"": 1404131, ""push_timestamp"": ""2024-04-04T17:55:39"", ""push__revision"": ""2b8e4c563c2fa403003707729e7fd66dd5909763""}]',)",False,"(0,)",8.66,damp,"(4,)",,2024-04-11 04:44:06.268858,TP
3251,005c3f54fc7fc936ae39bf569c6733e9e009f83a,0.6967135164150842,autoland,4768104,12,53390121d39b212135aaffcd577053a14c7f0dff,linux1804-64-shippable-qr,True,False,,,102210fe594ee9b33d82058545b1ed14f4c8206e,custom.jsdebugger.stepOut.DAMP,damp,True,damp custom.jsdebugger.stepOut.DAMP opt e10s fission stylo webrender,4767202,77,ms,firefox,453735608.0,1869970588,2024-04-04 14:15:23,1403949,,,,,,,,,,,,,,,,,,,,,,,,,,,,,,,,,,,,,,,,,,,,,,,,,TN
3252,ebf948386ed088ac77ed6dfd0c8919bdd16c0763,0.7556183615803238,autoland,4768104,12,53390121d39b212135aaffcd577053a14c7f0dff,linux1804-64-shippable-qr,True,False,,,102210fe594ee9b33d82058545b1ed14f4c8206e,custom.jsdebugger.stepOut.DAMP,damp,True,damp custom.jsdebugger.stepOut.DAMP opt e10s fission stylo webrender,4767202,77,ms,firefox,453735258.0,1869970687,2024-04-04 14:16:15,1403950,,,,,,,,,,,,,,,,,,,,,,,,,,,,,,,,,,,,,,,,,,,,,,,,,TN
3253,6da19355444939e6630f57c070952ee0d7ef0fcc,0.7123037473291058,autoland,4768104,12,53390121d39b212135aaffcd577053a14c7f0dff,linux1804-64-shippable-qr,True,False,,,102210fe594ee9b33d82058545b1ed14f4c8206e,custom.jsdebugger.stepOut.DAMP,damp,True,damp custom.jsdebugger.stepOut.DAMP opt e10s fission stylo webrender,4767202,77,ms,firefox,453731625.0,1869949233,2024-04-04 14:17:05,1403952,,,,,,,,,,,,,,,,,,,,,,,,,,,,,,,,,,,,,,,,,,,,,,,,,TN
3254,571548d26bc08f5157f4bd18fda326caa1e1df37,0.6937098183159214,autoland,4768104,12,53390121d39b212135aaffcd577053a14c7f0dff,linux1804-64-shippable-qr,True,False,,,102210fe594ee9b33d82058545b1ed14f4c8206e,custom.jsdebugger.stepOut.DAMP,damp,True,damp custom.jsdebugger.stepOut.DAMP opt e10s fission stylo webrender,4767202,77,ms,firefox,453735904.0,1869972097,2024-04-04 14:18:14,1403955,,,,,,,,,,,,,,,,,,,,,,,,,,,,,,,,,,,,,,,,,,,,,,,,,TN
3255,d39bd180919edd3e53761799388037a9a6f3c093,0.6928863659800826,autoland,4768104,12,53390121d39b212135aaffcd577053a14c7f0dff,linux1804-64-shippable-qr,True,False,,,102210fe594ee9b33d82058545b1ed14f4c8206e,custom.jsdebugger.stepOut.DAMP,damp,True,damp custom.jsdebugger.stepOut.DAMP opt e10s fission stylo webrender,4767202,77,ms,firefox,453735199.0,1869969322,2024-04-04 14:19:06,1403956,,,,,,,,,,,,,,,,,,,,,,,,,,,,,,,,,,,,,,,,,,,,,,,,,TN
3256,519aa7ff2ca689e89abae6b3aa5f640e4aede2f7,0.7126296825776752,autoland,4768104,12,53390121d39b212135aaffcd577053a14c7f0dff,linux1804-64-shippable-qr,True,False,,,102210fe594ee9b33d82058545b1ed14f4c8206e,custom.jsdebugger.stepOut.DAMP,damp,True,damp custom.jsdebugger.stepOut.DAMP opt e10s fission stylo webrender,4767202,77,ms,firefox,453735766.0,1869972231,2024-04-04 14:20:01,1403959,,,,,,,,,,,,,,,,,,,,,,,,,,,,,,,,,,,,,,,,,,,,,,,,,TN
3257,b20596dc43b825921eef4a2fb29294a047eacc38,0.675795513070002,autoland,4768104,12,53390121d39b212135aaffcd577053a14c7f0dff,linux1804-64-shippable-qr,True,False,,,102210fe594ee9b33d82058545b1ed14f4c8206e,custom.jsdebugger.stepOut.DAMP,damp,True,damp custom.jsdebugger.stepOut.DAMP opt e10s fission stylo webrender,4767202,77,ms,firefox,453735639.0,1869971679,2024-04-04 14:20:53,1403962,,,,,,,,,,,,,,,,,,,,,,,,,,,,,,,,,,,,,,,,,,,,,,,,,TN
3258,ba10ac3d04879cf78c704ca03932aeabaf033d75,0.7337755572316906,autoland,4768104,12,53390121d39b212135aaffcd577053a14c7f0dff,linux1804-64-shippable-qr,True,False,,,102210fe594ee9b33d82058545b1ed14f4c8206e,custom.jsdebugger.stepOut.DAMP,damp,True,damp custom.jsdebugger.stepOut.DAMP opt e10s fission stylo webrender,4767202,77,ms,firefox,453735605.0,1869970916,2024-04-04 15:38:03,1404040,,,,,,,,,,,,,,,,,,,,,,,,,,,,,,,,,,,,,,,,,,,,,,,,,TN
3259,0d46ad9d2a21a3d4ecd93a1183fa2a51eff9d81b,0.7240076371260804,autoland,4768104,12,53390121d39b212135aaffcd577053a14c7f0dff,linux1804-64-shippable-qr,True,False,,,102210fe594ee9b33d82058545b1ed14f4c8206e,custom.jsdebugger.stepOut.DAMP,damp,True,damp custom.jsdebugger.stepOut.DAMP opt e10s fission stylo webrender,4767202,77,ms,firefox,453735731.0,1869971923,2024-04-04 15:40:51,1404041,,,,,,,,,,,,,,,,,,,,,,,,,,,,,,,,,,,,,,,,,,,,,,,,,TN
3260,e633b6ff34e81c89b87f1d4e3b18fcae399b3d37,0.7130245514134668,autoland,4768104,12,53390121d39b212135aaffcd577053a14c7f0dff,linux1804-64-shippable-qr,True,False,,,102210fe594ee9b33d82058545b1ed14f4c8206e,custom.jsdebugger.stepOut.DAMP,damp,True,damp custom.jsdebugger.stepOut.DAMP opt e10s fission stylo webrender,4767202,77,ms,firefox,453531449.0,1869094859,2024-04-04 15:41:47,1404042,,,,,,,,,,,,,,,,,,,,,,,,,,,,,,,,,,,,,,,,,,,,,,,,,TN
3261,21aa60d7cd79dc8273e1922223797644696159b7,0.6909909904019629,autoland,4768104,12,53390121d39b212135aaffcd577053a14c7f0dff,linux1804-64-shippable-qr,True,False,,,102210fe594ee9b33d82058545b1ed14f4c8206e,custom.jsdebugger.stepOut.DAMP,damp,True,damp custom.jsdebugger.stepOut.DAMP opt e10s fission stylo webrender,4767202,77,ms,firefox,453757124.0,1870050358,2024-04-04 17:02:41,1404089,,,,,,,,,,,,,,,,,,,,,,,,,,,,,,,,,,,,,,,,,,,,,,,,,TN
3262,559cfe1abaa71dc1c8cacc626867ebb3cea82961,0.7235297767422739,autoland,4768104,12,53390121d39b212135aaffcd577053a14c7f0dff,linux1804-64-shippable-qr,True,False,,,102210fe594ee9b33d82058545b1ed14f4c8206e,custom.jsdebugger.stepOut.DAMP,damp,True,damp custom.jsdebugger.stepOut.DAMP opt e10s fission stylo webrender,4767202,77,ms,firefox,453745559.0,1870011207,2024-04-04 17:03:35,1404090,,,,,,,,,,,,,,,,,,,,,,,,,,,,,,,,,,,,,,,,,,,,,,,,,TN
3263,7d2292d4929a02a80e6bbe6525dcfa5a4099c0c8,0.6964060535397651,autoland,4768104,12,53390121d39b212135aaffcd577053a14c7f0dff,linux1804-64-shippable-qr,True,False,,,102210fe594ee9b33d82058545b1ed14f4c8206e,custom.jsdebugger.stepOut.DAMP,damp,True,damp custom.jsdebugger.stepOut.DAMP opt e10s fission stylo webrender,4767202,77,ms,firefox,453745563.0,1870011526,2024-04-04 17:04:26,1404093,,,,,,,,,,,,,,,,,,,,,,,,,,,,,,,,,,,,,,,,,,,,,,,,,TN
3264,c0fb272fbcad10192cbd0760e426b59ffe744809,0.705739164462788,autoland,4768104,12,53390121d39b212135aaffcd577053a14c7f0dff,linux1804-64-shippable-qr,True,False,,,102210fe594ee9b33d82058545b1ed14f4c8206e,custom.jsdebugger.stepOut.DAMP,damp,True,damp custom.jsdebugger.stepOut.DAMP opt e10s fission stylo webrender,4767202,77,ms,firefox,453745562.0,1870011380,2024-04-04 17:05:25,1404094,,,,,,,,,,,,,,,,,,,,,,,,,,,,,,,,,,,,,,,,,,,,,,,,,TN
3265,87bc463d10b0fa4298d90cc51f68368d5a3fa6fb,0.6892270546219539,autoland,4768104,12,53390121d39b212135aaffcd577053a14c7f0dff,linux1804-64-shippable-qr,True,False,,,102210fe594ee9b33d82058545b1ed14f4c8206e,custom.jsdebugger.stepOut.DAMP,damp,True,damp custom.jsdebugger.stepOut.DAMP opt e10s fission stylo webrender,4767202,77,ms,firefox,453745606.0,1870012904,2024-04-04 17:06:17,1404095,,,,,,,,,,,,,,,,,,,,,,,,,,,,,,,,,,,,,,,,,,,,,,,,,TN
3266,13aeb1991ea06fb1c5eac06da3204a00d7dab54e,0.6988236293574577,autoland,4768104,12,53390121d39b212135aaffcd577053a14c7f0dff,linux1804-64-shippable-qr,True,False,,,102210fe594ee9b33d82058545b1ed14f4c8206e,custom.jsdebugger.stepOut.DAMP,damp,True,damp custom.jsdebugger.stepOut.DAMP opt e10s fission stylo webrender,4767202,77,ms,firefox,453757193.0,1870051050,2024-04-04 17:52:25,1404124,,,,,,,,,,,,,,,,,,,,,,,,,,,,,,,,,,,,,,,,,,,,,,,,,TN
3267,db248f69f2832729e356d412369cc557ef28a564,0.7010938752811475,autoland,4768104,12,53390121d39b212135aaffcd577053a14c7f0dff,linux1804-64-shippable-qr,True,False,,,102210fe594ee9b33d82058545b1ed14f4c8206e,custom.jsdebugger.stepOut.DAMP,damp,True,damp custom.jsdebugger.stepOut.DAMP opt e10s fission stylo webrender,4767202,77,ms,firefox,453757162.0,1870050500,2024-04-04 17:53:14,1404126,,,,,,,,,,,,,,,,,,,,,,,,,,,,,,,,,,,,,,,,,,,,,,,,,TN
3268,de4f6e08c60197fe1474425517bf48f5a6037d87,0.7656073838320321,autoland,4768104,12,53390121d39b212135aaffcd577053a14c7f0dff,linux1804-64-shippable-qr,True,False,,,102210fe594ee9b33d82058545b1ed14f4c8206e,custom.jsdebugger.stepOut.DAMP,damp,True,damp custom.jsdebugger.stepOut.DAMP opt e10s fission stylo webrender,4767202,77,ms,firefox,453745564.0,1870011847,2024-04-04 17:54:01,1404128,,,,,,,,,,,,,,,,,,,,,,,,,,,,,,,,,,,,,,,,,,,,,,,,,TN
3269,85b0eb5a028fe4ef2457cb6ed37225f763d564cc,0.701741593667367,autoland,4768104,12,53390121d39b212135aaffcd577053a14c7f0dff,linux1804-64-shippable-qr,True,False,,,102210fe594ee9b33d82058545b1ed14f4c8206e,custom.jsdebugger.stepOut.DAMP,damp,True,damp custom.jsdebugger.stepOut.DAMP opt e10s fission stylo webrender,4767202,77,ms,firefox,453745565.0,1870011074,2024-04-04 17:54:50,1404130,,,,,,,,,,,,,,,,,,,,,,,,,,,,,,,,,,,,,,,,,,,,,,,,,TN
3270,2b8e4c563c2fa403003707729e7fd66dd5909763,0.7277400043755216,autoland,4768104,12,53390121d39b212135aaffcd577053a14c7f0dff,linux1804-64-shippable-qr,True,False,,,102210fe594ee9b33d82058545b1ed14f4c8206e,custom.jsdebugger.stepOut.DAMP,damp,True,damp custom.jsdebugger.stepOut.DAMP opt e10s fission stylo webrender,4767202,77,ms,firefox,453545817.0,1869162558,2024-04-04 17:55:39,1404131,,,,,,,,,,,,,,,,,,,,,,,,,,,,,,,,,,,,,,,,,,,,,,,,,TN
3271,7689f9c266fcdf019b8bea308bf5569885d72ed3,0.6985263624531424,autoland,4768104,12,53390121d39b212135aaffcd577053a14c7f0dff,linux1804-64-shippable-qr,True,False,,,102210fe594ee9b33d82058545b1ed14f4c8206e,custom.jsdebugger.stepOut.DAMP,damp,True,damp custom.jsdebugger.stepOut.DAMP opt e10s fission stylo webrender,4767202,77,ms,firefox,453575348.0,1869278064,2024-04-04 22:08:58,1404331,,,,,,,,,,,,,,,,,,,,,,,,,,,,,,,,,,,,,,,,,,,,,,,,,TN
3272,8600529acb2a250f255ea4d80486fecb2b7dc31b,0.7015891955947184,autoland,4768104,12,53390121d39b212135aaffcd577053a14c7f0dff,linux1804-64-shippable-qr,True,False,,,102210fe594ee9b33d82058545b1ed14f4c8206e,custom.jsdebugger.stepOut.DAMP,damp,True,damp custom.jsdebugger.stepOut.DAMP opt e10s fission stylo webrender,4767202,77,ms,firefox,453584275.0,1869300617,2024-04-05 00:24:01,1404399,,,,,,,,,,,,,,,,,,,,,,,,,,,,,,,,,,,,,,,,,,,,,,,,,TN
3273,ea8ea972270ddb95f071f900f9199fb7ff95bb10,0.6849796487543349,autoland,4768104,12,53390121d39b212135aaffcd577053a14c7f0dff,linux1804-64-shippable-qr,True,False,,,102210fe594ee9b33d82058545b1ed14f4c8206e,custom.jsdebugger.stepOut.DAMP,damp,True,damp custom.jsdebugger.stepOut.DAMP opt e10s fission stylo webrender,4767202,77,ms,firefox,453593622.0,1869344015,2024-04-05 04:36:57,1404445,,,,,,,,,,,,,,,,,,,,,,,,,,,,,,,,,,,,,,,,,,,,,,,,,TN
3274,bb1591f8008a0b1f33fe132528ee339ab149082f,0.6980021919728259,autoland,4768104,12,53390121d39b212135aaffcd577053a14c7f0dff,linux1804-64-shippable-qr,True,False,,,102210fe594ee9b33d82058545b1ed14f4c8206e,custom.jsdebugger.stepOut.DAMP,damp,True,damp custom.jsdebugger.stepOut.DAMP opt e10s fission stylo webrender,4767202,77,ms,firefox,453618581.0,1869444839,2024-04-05 09:55:10,1404555,,,,,,,,,,,,,,,,,,,,,,,,,,,,,,,,,,,,,,,,,,,,,,,,,TN
3275,e25a9624d6d92e1a88da8b414e3ea781e4e25a07,0.6879458685623401,autoland,4768104,12,53390121d39b212135aaffcd577053a14c7f0dff,linux1804-64-shippable-qr,True,False,,,102210fe594ee9b33d82058545b1ed14f4c8206e,custom.jsdebugger.stepOut.DAMP,damp,True,damp custom.jsdebugger.stepOut.DAMP opt e10s fission stylo webrender,4767202,77,ms,firefox,453654393.0,1869575988,2024-04-05 13:56:08,1404693,,,,,,,,,,,,,,,,,,,,,,,,,,,,,,,,,,,,,,,,,,,,,,,,,TN
3276,c230ec8f9514326a6e5081ee8e2d677ccf10ab67,0.7304551302636717,autoland,4768104,12,53390121d39b212135aaffcd577053a14c7f0dff,linux1804-64-shippable-qr,True,False,,,102210fe594ee9b33d82058545b1ed14f4c8206e,custom.jsdebugger.stepOut.DAMP,damp,True,damp custom.jsdebugger.stepOut.DAMP opt e10s fission stylo webrender,4767202,77,ms,firefox,453680387.0,1869688216,2024-04-05 18:34:00,1404901,,,,,,,,,,,,,,,,,,,,,,,,,,,,,,,,,,,,,,,,,,,,,,,,,TN
3277,2168f88afb52aa0c93febc62156a315d08963dda,0.7426637852095588,autoland,4768104,12,53390121d39b212135aaffcd577053a14c7f0dff,linux1804-64-shippable-qr,True,False,,,102210fe594ee9b33d82058545b1ed14f4c8206e,custom.jsdebugger.stepOut.DAMP,damp,True,damp custom.jsdebugger.stepOut.DAMP opt e10s fission stylo webrender,4767202,77,ms,firefox,453694842.0,1869750064,2024-04-05 19:40:01,1404957,,,,,,,,,,,,,,,,,,,,,,,,,,,,,,,,,,,,,,,,,,,,,,,,,TN
3278,bcbab342eed82aec3d4dd40516bf07e1ee96e716,0.7156804637675458,autoland,4768104,12,53390121d39b212135aaffcd577053a14c7f0dff,linux1804-64-shippable-qr,True,False,,,102210fe594ee9b33d82058545b1ed14f4c8206e,custom.jsdebugger.stepOut.DAMP,damp,True,damp custom.jsdebugger.stepOut.DAMP opt e10s fission stylo webrender,4767202,77,ms,firefox,453712360.0,1869845567,2024-04-05 21:23:25,1405041,,,,,,,,,,,,,,,,,,,,,,,,,,,,,,,,,,,,,,,,,,,,,,,,,TN
3279,5695ee1969a8c3cddf47affcdc2358c67fa09729,0.6952394027516717,autoland,4768104,12,53390121d39b212135aaffcd577053a14c7f0dff,linux1804-64-shippable-qr,True,False,,,102210fe594ee9b33d82058545b1ed14f4c8206e,custom.jsdebugger.stepOut.DAMP,damp,True,damp custom.jsdebugger.stepOut.DAMP opt e10s fission stylo webrender,4767202,77,ms,firefox,453729449.0,1869923733,2024-04-06 02:12:01,1405161,,,,,,,,,,,,,,,,,,,,,,,,,,,,,,,,,,,,,,,,,,,,,,,,,TN
3280,9fc8fef3e3ad12973fa215fac0d8ce85b8476e0a,0.7467903019532234,autoland,4768104,12,53390121d39b212135aaffcd577053a14c7f0dff,linux1804-64-shippable-qr,True,False,,,102210fe594ee9b33d82058545b1ed14f4c8206e,custom.jsdebugger.stepOut.DAMP,damp,True,damp custom.jsdebugger.stepOut.DAMP opt e10s fission stylo webrender,4767202,77,ms,firefox,453743574.0,1869995623,2024-04-06 08:07:05,1405200,,,,,,,,,,,,,,,,,,,,,,,,,,,,,,,,,,,,,,,,,,,,,,,,,TN
3281,0f5a5f081afbca1abac9185c32c792b9c3550264,0.7046900534886551,autoland,4768104,12,53390121d39b212135aaffcd577053a14c7f0dff,linux1804-64-shippable-qr,True,False,,,102210fe594ee9b33d82058545b1ed14f4c8206e,custom.jsdebugger.stepOut.DAMP,damp,True,damp custom.jsdebugger.stepOut.DAMP opt e10s fission stylo webrender,4767202,77,ms,firefox,453768712.0,1870092135,2024-04-06 12:49:36,1405245,,,,,,,,,,,,,,,,,,,,,,,,,,,,,,,,,,,,,,,,,,,,,,,,,TN
3282,3719e5d315bba4fd2d01a2bb964ff7d7c6521282,0.7225623885329329,autoland,4768104,12,53390121d39b212135aaffcd577053a14c7f0dff,linux1804-64-shippable-qr,True,False,,,102210fe594ee9b33d82058545b1ed14f4c8206e,custom.jsdebugger.stepOut.DAMP,damp,True,damp custom.jsdebugger.stepOut.DAMP opt e10s fission stylo webrender,4767202,77,ms,firefox,453780583.0,1870150704,2024-04-06 19:13:32,1405288,,,,,,,,,,,,,,,,,,,,,,,,,,,,,,,,,,,,,,,,,,,,,,,,,TN
3283,7362d727c60c8a1b15c8e7357969595c93c659c6,0.709958904493881,autoland,4768104,12,53390121d39b212135aaffcd577053a14c7f0dff,linux1804-64-shippable-qr,True,False,,,102210fe594ee9b33d82058545b1ed14f4c8206e,custom.jsdebugger.stepOut.DAMP,damp,True,damp custom.jsdebugger.stepOut.DAMP opt e10s fission stylo webrender,4767202,77,ms,firefox,453795741.0,1870209083,2024-04-07 00:18:02,1405303,,,,,,,,,,,,,,,,,,,,,,,,,,,,,,,,,,,,,,,,,,,,,,,,,TN
3284,56daf0a3e72bc04ceb0b6d6a5e8b51b32333fe11,0.7184175375216657,autoland,4768104,12,53390121d39b212135aaffcd577053a14c7f0dff,linux1804-64-shippable-qr,True,False,,,102210fe594ee9b33d82058545b1ed14f4c8206e,custom.jsdebugger.stepOut.DAMP,damp,True,damp custom.jsdebugger.stepOut.DAMP opt e10s fission stylo webrender,4767202,77,ms,firefox,453827371.0,1870332616,2024-04-07 12:29:26,1405334,,,,,,,,,,,,,,,,,,,,,,,,,,,,,,,,,,,,,,,,,,,,,,,,,TN
3285,c59be65c8118a8e4c60719162c4426e511ee042c,0.7052553208264134,autoland,4768104,12,53390121d39b212135aaffcd577053a14c7f0dff,linux1804-64-shippable-qr,True,False,,,102210fe594ee9b33d82058545b1ed14f4c8206e,custom.jsdebugger.stepOut.DAMP,damp,True,damp custom.jsdebugger.stepOut.DAMP opt e10s fission stylo webrender,4767202,77,ms,firefox,453837321.0,1870370700,2024-04-07 17:34:38,1405352,,,,,,,,,,,,,,,,,,,,,,,,,,,,,,,,,,,,,,,,,,,,,,,,,TN
3286,a5f6bf0601900e20973b195443e8431788bf1494,0.682470444322103,autoland,4768104,12,53390121d39b212135aaffcd577053a14c7f0dff,linux1804-64-shippable-qr,True,False,,,102210fe594ee9b33d82058545b1ed14f4c8206e,custom.jsdebugger.stepOut.DAMP,damp,True,damp custom.jsdebugger.stepOut.DAMP opt e10s fission stylo webrender,4767202,77,ms,firefox,453850285.0,1870426389,2024-04-07 22:40:32,1405368,,,,,,,,,,,,,,,,,,,,,,,,,,,,,,,,,,,,,,,,,,,,,,,,,TN
3287,93d08e6b3d615ead541eee15f876af2c74e90d53,0.7106744724869456,autoland,4768104,12,53390121d39b212135aaffcd577053a14c7f0dff,linux1804-64-shippable-qr,True,False,,,102210fe594ee9b33d82058545b1ed14f4c8206e,custom.jsdebugger.stepOut.DAMP,damp,True,damp custom.jsdebugger.stepOut.DAMP opt e10s fission stylo webrender,4767202,77,ms,firefox,453859580.0,1870481997,2024-04-08 04:43:41,1405385,,,,,,,,,,,,,,,,,,,,,,,,,,,,,,,,,,,,,,,,,,,,,,,,,TN
3288,7fdec039f49159c7769bb304ab5f0a97f9dde43f,0.7030976687467994,autoland,4768104,12,53390121d39b212135aaffcd577053a14c7f0dff,linux1804-64-shippable-qr,True,False,,,102210fe594ee9b33d82058545b1ed14f4c8206e,custom.jsdebugger.stepOut.DAMP,damp,True,damp custom.jsdebugger.stepOut.DAMP opt e10s fission stylo webrender,4767202,77,ms,firefox,453874887.0,1870548062,2024-04-08 09:12:14,1405465,,,,,,,,,,,,,,,,,,,,,,,,,,,,,,,,,,,,,,,,,,,,,,,,,TN
3289,1b56c653a5ee3a14ec0955b092498999e9333bfa,0.7114063578093384,autoland,4768104,12,53390121d39b212135aaffcd577053a14c7f0dff,linux1804-64-shippable-qr,True,False,,,102210fe594ee9b33d82058545b1ed14f4c8206e,custom.jsdebugger.stepOut.DAMP,damp,True,damp custom.jsdebugger.stepOut.DAMP opt e10s fission stylo webrender,4767202,77,ms,firefox,453907137.0,1870682846,2024-04-08 13:49:41,1405618,,,,,,,,,,,,,,,,,,,,,,,,,,,,,,,,,,,,,,,,,,,,,,,,,TN
3290,79551503d77c8353439905d86ec3033546f0c874,0.7523082090748796,autoland,4768104,12,53390121d39b212135aaffcd577053a14c7f0dff,linux1804-64-shippable-qr,True,False,,,102210fe594ee9b33d82058545b1ed14f4c8206e,custom.jsdebugger.stepOut.DAMP,damp,True,damp custom.jsdebugger.stepOut.DAMP opt e10s fission stylo webrender,4767202,77,ms,firefox,453957116.0,1870838830,2024-04-08 19:08:45,1405880,,,,,,,,,,,,,,,,,,,,,,,,,,,,,,,,,,,,,,,,,,,,,,,,,TN
3291,c19d16f89e851b3d8052fb11a8e8f0ae3f4cb9b7,0.6831719424315967,autoland,4768104,12,53390121d39b212135aaffcd577053a14c7f0dff,linux1804-64-shippable-qr,True,False,,,102210fe594ee9b33d82058545b1ed14f4c8206e,custom.jsdebugger.stepOut.DAMP,damp,True,damp custom.jsdebugger.stepOut.DAMP opt e10s fission stylo webrender,4767202,77,ms,firefox,453992785.0,1870970727,2024-04-08 23:24:57,1406026,,,,,,,,,,,,,,,,,,,,,,,,,,,,,,,,,,,,,,,,,,,,,,,,,TN
3292,643848d855ebb8ab8d9d7009ca7ce9d21d267b34,0.7115226914346808,autoland,4768104,12,53390121d39b212135aaffcd577053a14c7f0dff,linux1804-64-shippable-qr,True,False,,,102210fe594ee9b33d82058545b1ed14f4c8206e,custom.jsdebugger.stepOut.DAMP,damp,True,damp custom.jsdebugger.stepOut.DAMP opt e10s fission stylo webrender,4767202,77,ms,firefox,454019338.0,1871143837,2024-04-09 06:15:12,1406147,,,,,,,,,,,,,,,,,,,,,,,,,,,,,,,,,,,,,,,,,,,,,,,,,TN
3293,7cd4aaac69823ebb7b440d4e14d05275ba50a073,0.7204547038650362,autoland,4768104,12,53390121d39b212135aaffcd577053a14c7f0dff,linux1804-64-shippable-qr,True,False,,,102210fe594ee9b33d82058545b1ed14f4c8206e,custom.jsdebugger.stepOut.DAMP,damp,True,damp custom.jsdebugger.stepOut.DAMP opt e10s fission stylo webrender,4767202,77,ms,firefox,454042821.0,1871244647,2024-04-09 10:19:15,1406264,,,,,,,,,,,,,,,,,,,,,,,,,,,,,,,,,,,,,,,,,,,,,,,,,TN
3294,34fef7e7706b912024aa3ba8826647e5ddc0a0ab,0.7039476155051727,autoland,4768104,12,53390121d39b212135aaffcd577053a14c7f0dff,linux1804-64-shippable-qr,True,False,,,102210fe594ee9b33d82058545b1ed14f4c8206e,custom.jsdebugger.stepOut.DAMP,damp,True,damp custom.jsdebugger.stepOut.DAMP opt e10s fission stylo webrender,4767202,77,ms,firefox,454072849.0,1871372065,2024-04-09 14:26:21,1406452,,,,,,,,,,,,,,,,,,,,,,,,,,,,,,,,,,,,,,,,,,,,,,,,,TN
3295,e3c9c90141d0f6b39792470ce489a5af6123cc15,0.7301989482940241,autoland,4768104,12,53390121d39b212135aaffcd577053a14c7f0dff,linux1804-64-shippable-qr,True,False,,,102210fe594ee9b33d82058545b1ed14f4c8206e,custom.jsdebugger.stepOut.DAMP,damp,True,damp custom.jsdebugger.stepOut.DAMP opt e10s fission stylo webrender,4767202,77,ms,firefox,454088073.0,1871463244,2024-04-09 17:03:26,1406581,,,,,,,,,,,,,,,,,,,,,,,,,,,,,,,,,,,,,,,,,,,,,,,,,TN
3296,42fe954d2d47356658d58a292876a6f15d6cbc51,0.7227868558858355,autoland,4768104,12,53390121d39b212135aaffcd577053a14c7f0dff,linux1804-64-shippable-qr,True,False,,,102210fe594ee9b33d82058545b1ed14f4c8206e,custom.jsdebugger.stepOut.DAMP,damp,True,damp custom.jsdebugger.stepOut.DAMP opt e10s fission stylo webrender,4767202,77,ms,firefox,454111997.0,1871555594,2024-04-09 20:18:20,1406718,,,,,,,,,,,,,,,,,,,,,,,,,,,,,,,,,,,,,,,,,,,,,,,,,TN
3297,c6228adca1a9c453ab8514c86ee26ee9a7903d27,0.7185760122419438,autoland,4768104,12,53390121d39b212135aaffcd577053a14c7f0dff,linux1804-64-shippable-qr,True,False,,,102210fe594ee9b33d82058545b1ed14f4c8206e,custom.jsdebugger.stepOut.DAMP,damp,True,damp custom.jsdebugger.stepOut.DAMP opt e10s fission stylo webrender,4767202,77,ms,firefox,454132350.0,1871640462,2024-04-10 00:18:40,1406841,,,,,,,,,,,,,,,,,,,,,,,,,,,,,,,,,,,,,,,,,,,,,,,,,TN
3298,a3f0d7e2d176a84f97e08088b78e1abe8da0a5f7,0.7006427527435068,autoland,4768104,12,53390121d39b212135aaffcd577053a14c7f0dff,linux1804-64-shippable-qr,True,False,,,102210fe594ee9b33d82058545b1ed14f4c8206e,custom.jsdebugger.stepOut.DAMP,damp,True,damp custom.jsdebugger.stepOut.DAMP opt e10s fission stylo webrender,4767202,77,ms,firefox,454139983.0,1871717848,2024-04-10 05:00:45,1406899,,,,,,,,,,,,,,,,,,,,,,,,,,,,,,,,,,,,,,,,,,,,,,,,,TN
3299,cb449d228d38790ba76f64d551817f6a804c044e,0.709893822960799,autoland,4768104,12,53390121d39b212135aaffcd577053a14c7f0dff,linux1804-64-shippable-qr,True,False,,,102210fe594ee9b33d82058545b1ed14f4c8206e,custom.jsdebugger.stepOut.DAMP,damp,True,damp custom.jsdebugger.stepOut.DAMP opt e10s fission stylo webrender,4767202,77,ms,firefox,454157559.0,1871840899,2024-04-10 09:31:15,1406973,,,,,,,,,,,,,,,,,,,,,,,,,,,,,,,,,,,,,,,,,,,,,,,,,TN
3300,53228f89fadff09aff9d51b46652c77d94059014,0.7083343004038716,autoland,4768104,12,53390121d39b212135aaffcd577053a14c7f0dff,linux1804-64-shippable-qr,True,False,,,102210fe594ee9b33d82058545b1ed14f4c8206e,custom.jsdebugger.stepOut.DAMP,damp,True,damp custom.jsdebugger.stepOut.DAMP opt e10s fission stylo webrender,4767202,77,ms,firefox,454191143.0,1871945191,2024-04-10 13:31:55,1407087,,,,,,,,,,,,,,,,,,,,,,,,,,,,,,,,,,,,,,,,,,,,,,,,,TN
3301,a30d53cfa601940935af0c765cccbdde2178bb67,0.716517388854059,autoland,4768104,12,53390121d39b212135aaffcd577053a14c7f0dff,linux1804-64-shippable-qr,True,False,,,102210fe594ee9b33d82058545b1ed14f4c8206e,custom.jsdebugger.stepOut.DAMP,damp,True,damp custom.jsdebugger.stepOut.DAMP opt e10s fission stylo webrender,4767202,77,ms,firefox,454208067.0,1872040284,2024-04-10 17:21:37,1407259,,,,,,,,,,,,,,,,,,,,,,,,,,,,,,,,,,,,,,,,,,,,,,,,,TN
3302,bc425d90bbe9987cc754323772553d4be3e6de83,0.7761894922671304,autoland,4768104,12,53390121d39b212135aaffcd577053a14c7f0dff,linux1804-64-shippable-qr,True,False,,,102210fe594ee9b33d82058545b1ed14f4c8206e,custom.jsdebugger.stepOut.DAMP,damp,True,damp custom.jsdebugger.stepOut.DAMP opt e10s fission stylo webrender,4767202,77,ms,firefox,454234870.0,1872192753,2024-04-10 20:55:18,1407422,,,,,,,,,,,,,,,,,,,,,,,,,,,,,,,,,,,,,,,,,,,,,,,,,TN
3303,1ae79ee05e2fe6a64e1916d65c78979921af1e5e,0.7097943879006614,autoland,4768104,12,53390121d39b212135aaffcd577053a14c7f0dff,linux1804-64-shippable-qr,True,False,,,102210fe594ee9b33d82058545b1ed14f4c8206e,custom.jsdebugger.stepOut.DAMP,damp,True,damp custom.jsdebugger.stepOut.DAMP opt e10s fission stylo webrender,4767202,77,ms,firefox,454254786.0,1872279228,2024-04-11 01:15:30,1407545,,,,,,,,,,,,,,,,,,,,,,,,,,,,,,,,,,,,,,,,,,,,,,,,,TN
3304,7a8a0223fffe0f06dd2e7aad79bf1920cf1430c0,0.7174246166612941,autoland,4768104,12,53390121d39b212135aaffcd577053a14c7f0dff,linux1804-64-shippable-qr,True,False,,,102210fe594ee9b33d82058545b1ed14f4c8206e,custom.jsdebugger.stepOut.DAMP,damp,True,damp custom.jsdebugger.stepOut.DAMP opt e10s fission stylo webrender,4767202,77,ms,firefox,454273589.0,1872451820,2024-04-11 06:36:24,1407612,,,,,,,,,,,,,,,,,,,,,,,,,,,,,,,,,,,,,,,,,,,,,,,,,TN
3305,747c6705d00627b032063055173575d6e6043880,0.6899017512970274,autoland,4768104,12,53390121d39b212135aaffcd577053a14c7f0dff,linux1804-64-shippable-qr,True,False,,,102210fe594ee9b33d82058545b1ed14f4c8206e,custom.jsdebugger.stepOut.DAMP,damp,True,damp custom.jsdebugger.stepOut.DAMP opt e10s fission stylo webrender,4767202,77,ms,firefox,454305948.0,1872652082,2024-04-11 11:27:44,1407747,,,,,,,,,,,,,,,,,,,,,,,,,,,,,,,,,,,,,,,,,,,,,,,,,TN
3306,bbca818d6385ef61c987f967ebccfe9df63fc36b,0.7006363859746789,autoland,4768104,12,53390121d39b212135aaffcd577053a14c7f0dff,linux1804-64-shippable-qr,True,False,,,102210fe594ee9b33d82058545b1ed14f4c8206e,custom.jsdebugger.stepOut.DAMP,damp,True,damp custom.jsdebugger.stepOut.DAMP opt e10s fission stylo webrender,4767202,77,ms,firefox,454329695.0,1872816057,2024-04-11 15:41:30,1407834,,,,,,,,,,,,,,,,,,,,,,,,,,,,,,,,,,,,,,,,,,,,,,,,,TN
3307,036ac9a41b52b5af1836d103d3a7aefad37e2b87,0.6836965878363301,autoland,4768104,12,53390121d39b212135aaffcd577053a14c7f0dff,linux1804-64-shippable-qr,True,False,,,102210fe594ee9b33d82058545b1ed14f4c8206e,custom.jsdebugger.stepOut.DAMP,damp,True,damp custom.jsdebugger.stepOut.DAMP opt e10s fission stylo webrender,4767202,77,ms,firefox,454338028.0,1872849855,2024-04-11 18:08:24,1407970,,,,,,,,,,,,,,,,,,,,,,,,,,,,,,,,,,,,,,,,,,,,,,,,,TN
3308,90ef908ff18573cca9f4f0e5d676df56875c68b5,0.696269820780941,autoland,4768104,12,53390121d39b212135aaffcd577053a14c7f0dff,linux1804-64-shippable-qr,True,False,,,102210fe594ee9b33d82058545b1ed14f4c8206e,custom.jsdebugger.stepOut.DAMP,damp,True,damp custom.jsdebugger.stepOut.DAMP opt e10s fission stylo webrender,4767202,77,ms,firefox,454367569.0,1872979860,2024-04-11 23:15:25,1408175,,,,,,,,,,,,,,,,,,,,,,,,,,,,,,,,,,,,,,,,,,,,,,,,,TN
3309,be4463b26a49bdb9c791eaf7d0b41ff9eb0294d3,0.6882644971288534,autoland,4768104,12,53390121d39b212135aaffcd577053a14c7f0dff,linux1804-64-shippable-qr,True,False,,,102210fe594ee9b33d82058545b1ed14f4c8206e,custom.jsdebugger.stepOut.DAMP,damp,True,damp custom.jsdebugger.stepOut.DAMP opt e10s fission stylo webrender,4767202,77,ms,firefox,454404362.0,1873199165,2024-04-12 14:13:45,1408318,,,,,,,,,,,,,,,,,,,,,,,,,,,,,,,,,,,,,,,,,,,,,,,,,TN
3310,5e5bc998487f4e6ee9fe6fe52ca5eb66cd37de03,0.7332352522382986,autoland,4768104,12,53390121d39b212135aaffcd577053a14c7f0dff,linux1804-64-shippable-qr,True,False,,,102210fe594ee9b33d82058545b1ed14f4c8206e,custom.jsdebugger.stepOut.DAMP,damp,True,damp custom.jsdebugger.stepOut.DAMP opt e10s fission stylo webrender,4767202,77,ms,firefox,454421858.0,1873297556,2024-04-12 20:21:58,1408379,,,,,,,,,,,,,,,,,,,,,,,,,,,,,,,,,,,,,,,,,,,,,,,,,TN
3311,39657b697a7ffcda0f07cae917b68f1e84f57d54,0.7108309481530872,autoland,4768104,12,53390121d39b212135aaffcd577053a14c7f0dff,linux1804-64-shippable-qr,True,False,,,102210fe594ee9b33d82058545b1ed14f4c8206e,custom.jsdebugger.stepOut.DAMP,damp,True,damp custom.jsdebugger.stepOut.DAMP opt e10s fission stylo webrender,4767202,77,ms,firefox,454440577.0,1873412809,2024-04-13 06:05:05,1408439,,,,,,,,,,,,,,,,,,,,,,,,,,,,,,,,,,,,,,,,,,,,,,,,,TN
3312,1dc823d4e96db6fe0450fcb588466eff7038b4cc,0.7060139757890234,autoland,4768104,12,53390121d39b212135aaffcd577053a14c7f0dff,linux1804-64-shippable-qr,True,False,,,102210fe594ee9b33d82058545b1ed14f4c8206e,custom.jsdebugger.stepOut.DAMP,damp,True,damp custom.jsdebugger.stepOut.DAMP opt e10s fission stylo webrender,4767202,77,ms,firefox,454463331.0,1873515628,2024-04-13 20:36:37,1408512,,,,,,,,,,,,,,,,,,,,,,,,,,,,,,,,,,,,,,,,,,,,,,,,,TN
3313,25a22c2f939167a119d912b3fe61312db879d576,0.6827402063475263,autoland,4768104,12,53390121d39b212135aaffcd577053a14c7f0dff,linux1804-64-shippable-qr,True,False,,,102210fe594ee9b33d82058545b1ed14f4c8206e,custom.jsdebugger.stepOut.DAMP,damp,True,damp custom.jsdebugger.stepOut.DAMP opt e10s fission stylo webrender,4767202,77,ms,firefox,454484692.0,1873671779,2024-04-14 12:41:18,1408562,,,,,,,,,,,,,,,,,,,,,,,,,,,,,,,,,,,,,,,,,,,,,,,,,TN
3314,8c457b0d7626241855c3c025a2531eb5f00b8cfc,0.6868467464594405,autoland,4768104,12,53390121d39b212135aaffcd577053a14c7f0dff,linux1804-64-shippable-qr,True,False,,,102210fe594ee9b33d82058545b1ed14f4c8206e,custom.jsdebugger.stepOut.DAMP,damp,True,damp custom.jsdebugger.stepOut.DAMP opt e10s fission stylo webrender,4767202,77,ms,firefox,454505399.0,1873813293,2024-04-15 00:20:26,1408605,,,,,,,,,,,,,,,,,,,,,,,,,,,,,,,,,,,,,,,,,,,,,,,,,TN
3315,4b17d2a2a7ae64b3c8d364d200a6b97cc636dffd,0.7089140320708895,autoland,4768104,12,53390121d39b212135aaffcd577053a14c7f0dff,linux1804-64-shippable-qr,True,False,,,102210fe594ee9b33d82058545b1ed14f4c8206e,custom.jsdebugger.stepOut.DAMP,damp,True,damp custom.jsdebugger.stepOut.DAMP opt e10s fission stylo webrender,4767202,77,ms,firefox,454512991.0,1873864072,2024-04-15 05:51:41,1408627,,,,,,,,,,,,,,,,,,,,,,,,,,,,,,,,,,,,,,,,,,,,,,,,,TN
3316,177f569e862519d4372977ba20b630f95e24ef1c,0.709540852789968,autoland,4768104,12,53390121d39b212135aaffcd577053a14c7f0dff,linux1804-64-shippable-qr,True,False,,,102210fe594ee9b33d82058545b1ed14f4c8206e,custom.jsdebugger.stepOut.DAMP,damp,True,damp custom.jsdebugger.stepOut.DAMP opt e10s fission stylo webrender,4767202,77,ms,firefox,454534590.0,1873973040,2024-04-15 10:25:42,1408738,,,,,,,,,,,,,,,,,,,,,,,,,,,,,,,,,,,,,,,,,,,,,,,,,TN
3317,4897460458d13272e6016fd9e4c184c3c41cbd74,0.7078144459729112,autoland,4768104,12,53390121d39b212135aaffcd577053a14c7f0dff,linux1804-64-shippable-qr,True,False,,,102210fe594ee9b33d82058545b1ed14f4c8206e,custom.jsdebugger.stepOut.DAMP,damp,True,damp custom.jsdebugger.stepOut.DAMP opt e10s fission stylo webrender,4767202,77,ms,firefox,454571885.0,1874131281,2024-04-15 14:58:12,1408898,,,,,,,,,,,,,,,,,,,,,,,,,,,,,,,,,,,,,,,,,,,,,,,,,TN
3318,d49ecc17e4ae83fbccee8ffbe50a119039d1e408,0.6958159768669019,autoland,4768104,12,53390121d39b212135aaffcd577053a14c7f0dff,linux1804-64-shippable-qr,True,False,,,102210fe594ee9b33d82058545b1ed14f4c8206e,custom.jsdebugger.stepOut.DAMP,damp,True,damp custom.jsdebugger.stepOut.DAMP opt e10s fission stylo webrender,4767202,77,ms,firefox,454601622.0,1874268863,2024-04-15 18:18:39,1409057,,,,,,,,,,,,,,,,,,,,,,,,,,,,,,,,,,,,,,,,,,,,,,,,,TN
3319,8d488b7ac977a67ba128a580f6959fe058df2fe5,0.7010951649295136,autoland,4768104,12,53390121d39b212135aaffcd577053a14c7f0dff,linux1804-64-shippable-qr,True,False,,,102210fe594ee9b33d82058545b1ed14f4c8206e,custom.jsdebugger.stepOut.DAMP,damp,True,damp custom.jsdebugger.stepOut.DAMP opt e10s fission stylo webrender,4767202,77,ms,firefox,454618596.0,1874339545,2024-04-15 20:13:44,1409141,,,,,,,,,,,,,,,,,,,,,,,,,,,,,,,,,,,,,,,,,,,,,,,,,TN
3320,547363a98ae60f0645c5cc21aeecffb7e0ddb047,0.6927555491478057,autoland,4768104,12,53390121d39b212135aaffcd577053a14c7f0dff,linux1804-64-shippable-qr,True,False,,,102210fe594ee9b33d82058545b1ed14f4c8206e,custom.jsdebugger.stepOut.DAMP,damp,True,damp custom.jsdebugger.stepOut.DAMP opt e10s fission stylo webrender,4767202,77,ms,firefox,454630019.0,1874396771,2024-04-15 21:50:25,1409212,,,,,,,,,,,,,,,,,,,,,,,,,,,,,,,,,,,,,,,,,,,,,,,,,TN
3321,5a31505f08c64efa6eb7a8ed02d5e9c0db448e37,0.708322696550268,autoland,4768104,12,53390121d39b212135aaffcd577053a14c7f0dff,linux1804-64-shippable-qr,True,False,,,102210fe594ee9b33d82058545b1ed14f4c8206e,custom.jsdebugger.stepOut.DAMP,damp,True,damp custom.jsdebugger.stepOut.DAMP opt e10s fission stylo webrender,4767202,77,ms,firefox,454645801.0,1874468726,2024-04-16 00:41:18,1409277,,,,,,,,,,,,,,,,,,,,,,,,,,,,,,,,,,,,,,,,,,,,,,,,,TN
3322,69a1a1d802b357216fef131d6ad99816defddc1f,0.7245519591056588,autoland,4768104,12,53390121d39b212135aaffcd577053a14c7f0dff,linux1804-64-shippable-qr,True,False,,,102210fe594ee9b33d82058545b1ed14f4c8206e,custom.jsdebugger.stepOut.DAMP,damp,True,damp custom.jsdebugger.stepOut.DAMP opt e10s fission stylo webrender,4767202,77,ms,firefox,454665254.0,1874557958,2024-04-16 05:04:40,1409360,,,,,,,,,,,,,,,,,,,,,,,,,,,,,,,,,,,,,,,,,,,,,,,,,TN
3323,2949cb403e680d76f7bcb101117ceefeb480b064,0.7015579598768096,autoland,4768104,12,53390121d39b212135aaffcd577053a14c7f0dff,linux1804-64-shippable-qr,True,False,,,102210fe594ee9b33d82058545b1ed14f4c8206e,custom.jsdebugger.stepOut.DAMP,damp,True,damp custom.jsdebugger.stepOut.DAMP opt e10s fission stylo webrender,4767202,77,ms,firefox,454693057.0,1874632612,2024-04-16 09:18:49,1409480,,,,,,,,,,,,,,,,,,,,,,,,,,,,,,,,,,,,,,,,,,,,,,,,,TN
3324,11d1c89ad8b2dad0cee1caf733cd833e448945eb,0.7324436724960071,autoland,4768104,12,53390121d39b212135aaffcd577053a14c7f0dff,linux1804-64-shippable-qr,True,False,,,102210fe594ee9b33d82058545b1ed14f4c8206e,custom.jsdebugger.stepOut.DAMP,damp,True,damp custom.jsdebugger.stepOut.DAMP opt e10s fission stylo webrender,4767202,77,ms,firefox,454715460.0,1874759463,2024-04-16 13:28:04,1409649,,,,,,,,,,,,,,,,,,,,,,,,,,,,,,,,,,,,,,,,,,,,,,,,,TN
3325,12c7f0b00cd7ce4e2edde6ff37daf12e807388b1,0.7260416618147192,autoland,4768104,12,53390121d39b212135aaffcd577053a14c7f0dff,linux1804-64-shippable-qr,True,False,,,102210fe594ee9b33d82058545b1ed14f4c8206e,custom.jsdebugger.stepOut.DAMP,damp,True,damp custom.jsdebugger.stepOut.DAMP opt e10s fission stylo webrender,4767202,77,ms,firefox,454738702.0,1874895688,2024-04-16 17:33:30,1409875,,,,,,,,,,,,,,,,,,,,,,,,,,,,,,,,,,,,,,,,,,,,,,,,,TN
3326,852d3945e38d8d16c4cf17918e862882d7ef363c,0.6915789497864888,autoland,4768104,12,53390121d39b212135aaffcd577053a14c7f0dff,linux1804-64-shippable-qr,True,False,,,102210fe594ee9b33d82058545b1ed14f4c8206e,custom.jsdebugger.stepOut.DAMP,damp,True,damp custom.jsdebugger.stepOut.DAMP opt e10s fission stylo webrender,4767202,77,ms,firefox,454757395.0,1874977279,2024-04-16 20:13:25,1409984,,,,,,,,,,,,,,,,,,,,,,,,,,,,,,,,,,,,,,,,,,,,,,,,,TN
3327,3f5bf473ca3cf95233298d16ad833028500755e6,0.7196239905512323,autoland,4768104,12,53390121d39b212135aaffcd577053a14c7f0dff,linux1804-64-shippable-qr,True,False,,,102210fe594ee9b33d82058545b1ed14f4c8206e,custom.jsdebugger.stepOut.DAMP,damp,True,damp custom.jsdebugger.stepOut.DAMP opt e10s fission stylo webrender,4767202,77,ms,firefox,454777091.0,1875075356,2024-04-17 00:00:12,1410132,,,,,,,,,,,,,,,,,,,,,,,,,,,,,,,,,,,,,,,,,,,,,,,,,TN
3328,7900ea0538965c6aba695fd896a6e2833d781007,0.6921831082658672,autoland,4768104,12,53390121d39b212135aaffcd577053a14c7f0dff,linux1804-64-shippable-qr,True,False,,,102210fe594ee9b33d82058545b1ed14f4c8206e,custom.jsdebugger.stepOut.DAMP,damp,True,damp custom.jsdebugger.stepOut.DAMP opt e10s fission stylo webrender,4767202,77,ms,firefox,454796216.0,1875229361,2024-04-17 04:14:52,1410204,,,,,,,,,,,,,,,,,,,,,,,,,,,,,,,,,,,,,,,,,,,,,,,,,TN
3329,acabdf625d68e5d96c49e0eebb5c71f4286e5ffd,0.7106764933995524,autoland,4768104,12,53390121d39b212135aaffcd577053a14c7f0dff,linux1804-64-shippable-qr,True,False,,,102210fe594ee9b33d82058545b1ed14f4c8206e,custom.jsdebugger.stepOut.DAMP,damp,True,damp custom.jsdebugger.stepOut.DAMP opt e10s fission stylo webrender,4767202,77,ms,firefox,454819803.0,1875304626,2024-04-17 08:24:06,1410333,,,,,,,,,,,,,,,,,,,,,,,,,,,,,,,,,,,,,,,,,,,,,,,,,TN
3330,05ad651d0c97009f3d906febefe9888c127c2660,0.7174567227428346,autoland,4768104,12,53390121d39b212135aaffcd577053a14c7f0dff,linux1804-64-shippable-qr,True,False,,,102210fe594ee9b33d82058545b1ed14f4c8206e,custom.jsdebugger.stepOut.DAMP,damp,True,damp custom.jsdebugger.stepOut.DAMP opt e10s fission stylo webrender,4767202,77,ms,firefox,454854092.0,1875435514,2024-04-17 11:47:51,1410461,,,,,,,,,,,,,,,,,,,,,,,,,,,,,,,,,,,,,,,,,,,,,,,,,TN
3331,57f6925a520cf97f4af35e42db00435e817475dc,0.714437930393772,autoland,4768104,12,53390121d39b212135aaffcd577053a14c7f0dff,linux1804-64-shippable-qr,True,False,,,102210fe594ee9b33d82058545b1ed14f4c8206e,custom.jsdebugger.stepOut.DAMP,damp,True,damp custom.jsdebugger.stepOut.DAMP opt e10s fission stylo webrender,4767202,77,ms,firefox,454873412.0,1875484269,2024-04-17 13:57:03,1410569,,,,,,,,,,,,,,,,,,,,,,,,,,,,,,,,,,,,,,,,,,,,,,,,,TN
3332,25500210a453fec07cc9d95612bbe778bae07f71,0.7123964996665149,autoland,4768104,12,53390121d39b212135aaffcd577053a14c7f0dff,linux1804-64-shippable-qr,True,False,,,102210fe594ee9b33d82058545b1ed14f4c8206e,custom.jsdebugger.stepOut.DAMP,damp,True,damp custom.jsdebugger.stepOut.DAMP opt e10s fission stylo webrender,4767202,77,ms,firefox,454894869.0,1875593112,2024-04-17 18:33:15,1410800,,,,,,,,,,,,,,,,,,,,,,,,,,,,,,,,,,,,,,,,,,,,,,,,,TN
3333,d35a7bf5f1fc33f0f83edc8fdcffd17131fd9b82,0.7126588616147305,autoland,4768104,12,53390121d39b212135aaffcd577053a14c7f0dff,linux1804-64-shippable-qr,True,False,,,102210fe594ee9b33d82058545b1ed14f4c8206e,custom.jsdebugger.stepOut.DAMP,damp,True,damp custom.jsdebugger.stepOut.DAMP opt e10s fission stylo webrender,4767202,77,ms,firefox,454915780.0,1875666057,2024-04-17 20:25:11,1410917,,,,,,,,,,,,,,,,,,,,,,,,,,,,,,,,,,,,,,,,,,,,,,,,,TN
3334,1bf7d54b4913d7994ed2ce4b07f0426fc70b4b7e,0.7287615568182082,autoland,4768104,12,53390121d39b212135aaffcd577053a14c7f0dff,linux1804-64-shippable-qr,True,False,,,102210fe594ee9b33d82058545b1ed14f4c8206e,custom.jsdebugger.stepOut.DAMP,damp,True,damp custom.jsdebugger.stepOut.DAMP opt e10s fission stylo webrender,4767202,77,ms,firefox,454936707.0,1875746381,2024-04-18 00:20:10,1411120,,,,,,,,,,,,,,,,,,,,,,,,,,,,,,,,,,,,,,,,,,,,,,,,,TN
3335,12adf93b9ad4085d4f0b493c368533bb040dce46,0.7226005305259466,autoland,4768104,12,53390121d39b212135aaffcd577053a14c7f0dff,linux1804-64-shippable-qr,True,False,,,102210fe594ee9b33d82058545b1ed14f4c8206e,custom.jsdebugger.stepOut.DAMP,damp,True,damp custom.jsdebugger.stepOut.DAMP opt e10s fission stylo webrender,4767202,77,ms,firefox,454953862.0,1875813899,2024-04-18 03:49:51,1411204,,,,,,,,,,,,,,,,,,,,,,,,,,,,,,,,,,,,,,,,,,,,,,,,,TN
3336,d4cde5148929d0d9587580bca2d37027d7424348,0.7039121004997999,autoland,4768104,12,53390121d39b212135aaffcd577053a14c7f0dff,linux1804-64-shippable-qr,True,False,,,102210fe594ee9b33d82058545b1ed14f4c8206e,custom.jsdebugger.stepOut.DAMP,damp,True,damp custom.jsdebugger.stepOut.DAMP opt e10s fission stylo webrender,4767202,77,ms,firefox,454971211.0,1875939325,2024-04-18 07:53:55,1411277,,,,,,,,,,,,,,,,,,,,,,,,,,,,,,,,,,,,,,,,,,,,,,,,,TN
3337,123e0c272c21270c6f9a5e2fca3bfbc72c7b5ef9,0.6873969195473892,autoland,4768104,12,53390121d39b212135aaffcd577053a14c7f0dff,linux1804-64-shippable-qr,True,False,,,102210fe594ee9b33d82058545b1ed14f4c8206e,custom.jsdebugger.stepOut.DAMP,damp,True,damp custom.jsdebugger.stepOut.DAMP opt e10s fission stylo webrender,4767202,77,ms,firefox,455004123.0,1876076285,2024-04-18 12:14:33,1411435,,,,,,,,,,,,,,,,,,,,,,,,,,,,,,,,,,,,,,,,,,,,,,,,,TN
3338,257d3013546c7ec40031343c459162a0b69fa6f2,0.7002137360488261,autoland,4768104,12,53390121d39b212135aaffcd577053a14c7f0dff,linux1804-64-shippable-qr,True,False,,,102210fe594ee9b33d82058545b1ed14f4c8206e,custom.jsdebugger.stepOut.DAMP,damp,True,damp custom.jsdebugger.stepOut.DAMP opt e10s fission stylo webrender,4767202,77,ms,firefox,455049755.0,1876268508,2024-04-18 15:42:46,1411573,,,,,,,,,,,,,,,,,,,,,,,,,,,,,,,,,,,,,,,,,,,,,,,,,TN
3339,0f5d446707971afc1fab01c0a28b208101241b8a,0.697399858673599,autoland,4768104,12,53390121d39b212135aaffcd577053a14c7f0dff,linux1804-64-shippable-qr,True,False,,,102210fe594ee9b33d82058545b1ed14f4c8206e,custom.jsdebugger.stepOut.DAMP,damp,True,damp custom.jsdebugger.stepOut.DAMP opt e10s fission stylo webrender,4767202,77,ms,firefox,455063029.0,1876325267,2024-04-18 18:28:28,1411727,,,,,,,,,,,,,,,,,,,,,,,,,,,,,,,,,,,,,,,,,,,,,,,,,TN
3340,eed297665148d999a1c59d7d6e66f6973e0dd84c,0.7392741007519252,autoland,4768104,12,53390121d39b212135aaffcd577053a14c7f0dff,linux1804-64-shippable-qr,True,False,,,102210fe594ee9b33d82058545b1ed14f4c8206e,custom.jsdebugger.stepOut.DAMP,damp,True,damp custom.jsdebugger.stepOut.DAMP opt e10s fission stylo webrender,4767202,77,ms,firefox,455086596.0,1876480234,2024-04-18 21:15:15,1411845,,,,,,,,,,,,,,,,,,,,,,,,,,,,,,,,,,,,,,,,,,,,,,,,,TN
3341,3e097fca93b9af809ad16ed1d5f0bdd874f8f8e2,0.728672914862148,autoland,4768104,12,53390121d39b212135aaffcd577053a14c7f0dff,linux1804-64-shippable-qr,True,False,,,102210fe594ee9b33d82058545b1ed14f4c8206e,custom.jsdebugger.stepOut.DAMP,damp,True,damp custom.jsdebugger.stepOut.DAMP opt e10s fission stylo webrender,4767202,77,ms,firefox,455109089.0,1876638925,2024-04-19 01:55:54,1411981,,,,,,,,,,,,,,,,,,,,,,,,,,,,,,,,,,,,,,,,,,,,,,,,,TN
3342,99364906cd1d11016d0fc2dc03a8b7fd11705aa4,0.6990878751061946,autoland,4768104,12,53390121d39b212135aaffcd577053a14c7f0dff,linux1804-64-shippable-qr,True,False,,,102210fe594ee9b33d82058545b1ed14f4c8206e,custom.jsdebugger.stepOut.DAMP,damp,True,damp custom.jsdebugger.stepOut.DAMP opt e10s fission stylo webrender,4767202,77,ms,firefox,455118911.0,1876808074,2024-04-19 06:08:52,1412057,,,,,,,,,,,,,,,,,,,,,,,,,,,,,,,,,,,,,,,,,,,,,,,,,TN
3343,465ebfc7da3d3a6de812574016249ab37ab8605c,0.6992492361347802,autoland,4768104,12,53390121d39b212135aaffcd577053a14c7f0dff,linux1804-64-shippable-qr,True,False,,,102210fe594ee9b33d82058545b1ed14f4c8206e,custom.jsdebugger.stepOut.DAMP,damp,True,damp custom.jsdebugger.stepOut.DAMP opt e10s fission stylo webrender,4767202,77,ms,firefox,455147339.0,1877001225,2024-04-19 10:27:22,1412150,,,,,,,,,,,,,,,,,,,,,,,,,,,,,,,,,,,,,,,,,,,,,,,,,TN
3344,4b196ac64ccbf1061ee2c2835e31fe8b071b9099,0.7095451082318112,autoland,4768104,12,53390121d39b212135aaffcd577053a14c7f0dff,linux1804-64-shippable-qr,True,False,,,102210fe594ee9b33d82058545b1ed14f4c8206e,custom.jsdebugger.stepOut.DAMP,damp,True,damp custom.jsdebugger.stepOut.DAMP opt e10s fission stylo webrender,4767202,77,ms,firefox,455184846.0,1877127278,2024-04-19 14:48:08,1412270,,,,,,,,,,,,,,,,,,,,,,,,,,,,,,,,,,,,,,,,,,,,,,,,,TN
3345,cf54488baa94dff90075eb1c2e96afc7353a4eee,0.6858557988205394,autoland,4768104,12,53390121d39b212135aaffcd577053a14c7f0dff,linux1804-64-shippable-qr,True,False,,,102210fe594ee9b33d82058545b1ed14f4c8206e,custom.jsdebugger.stepOut.DAMP,damp,True,damp custom.jsdebugger.stepOut.DAMP opt e10s fission stylo webrender,4767202,77,ms,firefox,455213807.0,1877270910,2024-04-19 18:48:31,1412477,,,,,,,,,,,,,,,,,,,,,,,,,,,,,,,,,,,,,,,,,,,,,,,,,TN
3346,fd56e5907d69d8a14032cc7ec308f013a266ee16,0.7190070051388475,autoland,4768104,12,53390121d39b212135aaffcd577053a14c7f0dff,linux1804-64-shippable-qr,True,False,,,102210fe594ee9b33d82058545b1ed14f4c8206e,custom.jsdebugger.stepOut.DAMP,damp,True,damp custom.jsdebugger.stepOut.DAMP opt e10s fission stylo webrender,4767202,77,ms,firefox,455241312.0,1877432361,2024-04-19 22:58:06,1412613,,,,,,,,,,,,,,,,,,,,,,,,,,,,,,,,,,,,,,,,,,,,,,,,,TN
3347,4797f0a19ccc6dca6f6aa6710f76967e23ba6276,0.706608963657152,autoland,4768104,12,53390121d39b212135aaffcd577053a14c7f0dff,linux1804-64-shippable-qr,True,False,,,102210fe594ee9b33d82058545b1ed14f4c8206e,custom.jsdebugger.stepOut.DAMP,damp,True,damp custom.jsdebugger.stepOut.DAMP opt e10s fission stylo webrender,4767202,77,ms,firefox,455253387.0,1877518325,2024-04-20 05:31:24,1412701,,,,,,,,,,,,,,,,,,,,,,,,,,,,,,,,,,,,,,,,,,,,,,,,,TN
3348,f5d9ea237d971478f314e77299398079989b786c,0.6937482305589362,autoland,4768104,12,53390121d39b212135aaffcd577053a14c7f0dff,linux1804-64-shippable-qr,True,False,,,102210fe594ee9b33d82058545b1ed14f4c8206e,custom.jsdebugger.stepOut.DAMP,damp,True,damp custom.jsdebugger.stepOut.DAMP opt e10s fission stylo webrender,4767202,77,ms,firefox,455283530.0,1877633568,2024-04-20 15:42:35,1412749,,,,,,,,,,,,,,,,,,,,,,,,,,,,,,,,,,,,,,,,,,,,,,,,,TN
3349,65ceed609eb489d653eefc7e22fa34f869027a26,0.7073382855799808,autoland,4768104,12,53390121d39b212135aaffcd577053a14c7f0dff,linux1804-64-shippable-qr,True,False,,,102210fe594ee9b33d82058545b1ed14f4c8206e,custom.jsdebugger.stepOut.DAMP,damp,True,damp custom.jsdebugger.stepOut.DAMP opt e10s fission stylo webrender,4767202,77,ms,firefox,455288905.0,1877669409,2024-04-21 00:18:25,1412781,,,,,,,,,,,,,,,,,,,,,,,,,,,,,,,,,,,,,,,,,,,,,,,,,TN
3350,400d4e6908a3aef8f83ae4db204d62e3e028f704,0.7099163798826167,autoland,4768104,12,53390121d39b212135aaffcd577053a14c7f0dff,linux1804-64-shippable-qr,True,False,,,102210fe594ee9b33d82058545b1ed14f4c8206e,custom.jsdebugger.stepOut.DAMP,damp,True,damp custom.jsdebugger.stepOut.DAMP opt e10s fission stylo webrender,4767202,77,ms,firefox,455324449.0,1877853476,2024-04-21 21:40:30,1412843,,,,,,,,,,,,,,,,,,,,,,,,,,,,,,,,,,,,,,,,,,,,,,,,,TN
3351,d4a6129fdbbe32300d5069df6ce47dd92f665c96,0.6886936340450047,autoland,4768104,12,53390121d39b212135aaffcd577053a14c7f0dff,linux1804-64-shippable-qr,True,False,,,102210fe594ee9b33d82058545b1ed14f4c8206e,custom.jsdebugger.stepOut.DAMP,damp,True,damp custom.jsdebugger.stepOut.DAMP opt e10s fission stylo webrender,4767202,77,ms,firefox,455334672.0,1877966566,2024-04-22 04:00:04,1412913,,,,,,,,,,,,,,,,,,,,,,,,,,,,,,,,,,,,,,,,,,,,,,,,,TN
3352,5a83d047329402d960e6c402c6deb27927a436c9,0.6992039325202626,autoland,4768104,12,53390121d39b212135aaffcd577053a14c7f0dff,linux1804-64-shippable-qr,True,False,,,102210fe594ee9b33d82058545b1ed14f4c8206e,custom.jsdebugger.stepOut.DAMP,damp,True,damp custom.jsdebugger.stepOut.DAMP opt e10s fission stylo webrender,4767202,77,ms,firefox,455346544.0,1878043642,2024-04-22 08:07:09,1412944,,,,,,,,,,,,,,,,,,,,,,,,,,,,,,,,,,,,,,,,,,,,,,,,,TN
3353,1c34b0b26d5a556ee695c70bd744ca9f129f456e,0.6989348550615784,autoland,4768104,12,53390121d39b212135aaffcd577053a14c7f0dff,linux1804-64-shippable-qr,True,False,,,102210fe594ee9b33d82058545b1ed14f4c8206e,custom.jsdebugger.stepOut.DAMP,damp,True,damp custom.jsdebugger.stepOut.DAMP opt e10s fission stylo webrender,4767202,77,ms,firefox,455383212.0,1878179914,2024-04-22 12:07:57,1413048,,,,,,,,,,,,,,,,,,,,,,,,,,,,,,,,,,,,,,,,,,,,,,,,,TN
3354,ed724b89a2c25252a6eab99f0fa48f85f2523b66,0.6913384184634235,autoland,4768104,12,53390121d39b212135aaffcd577053a14c7f0dff,linux1804-64-shippable-qr,True,False,,,102210fe594ee9b33d82058545b1ed14f4c8206e,custom.jsdebugger.stepOut.DAMP,damp,True,damp custom.jsdebugger.stepOut.DAMP opt e10s fission stylo webrender,4767202,77,ms,firefox,455436081.0,1878363416,2024-04-22 19:20:17,1413379,,,,,,,,,,,,,,,,,,,,,,,,,,,,,,,,,,,,,,,,,,,,,,,,,TN
3355,294255d7250372c7cd6256cb6d1da23325d1f728,0.7039648667861449,autoland,4768104,12,53390121d39b212135aaffcd577053a14c7f0dff,linux1804-64-shippable-qr,True,False,,,102210fe594ee9b33d82058545b1ed14f4c8206e,custom.jsdebugger.stepOut.DAMP,damp,True,damp custom.jsdebugger.stepOut.DAMP opt e10s fission stylo webrender,4767202,77,ms,firefox,455470433.0,1878549836,2024-04-22 23:20:55,1413581,,,,,,,,,,,,,,,,,,,,,,,,,,,,,,,,,,,,,,,,,,,,,,,,,TN
3356,074d29b6e81d7fbf5ac7dea664ffea6a59b41b80,0.729687761730095,autoland,4768104,12,53390121d39b212135aaffcd577053a14c7f0dff,linux1804-64-shippable-qr,True,False,,,102210fe594ee9b33d82058545b1ed14f4c8206e,custom.jsdebugger.stepOut.DAMP,damp,True,damp custom.jsdebugger.stepOut.DAMP opt e10s fission stylo webrender,4767202,77,ms,firefox,455484929.0,1878627049,2024-04-23 03:59:43,1413693,,,,,,,,,,,,,,,,,,,,,,,,,,,,,,,,,,,,,,,,,,,,,,,,,TN
3357,5519716422b3e14060894caded45bac7a3aeb773,0.7104125059779196,autoland,4768104,12,53390121d39b212135aaffcd577053a14c7f0dff,linux1804-64-shippable-qr,True,False,,,102210fe594ee9b33d82058545b1ed14f4c8206e,custom.jsdebugger.stepOut.DAMP,damp,True,damp custom.jsdebugger.stepOut.DAMP opt e10s fission stylo webrender,4767202,77,ms,firefox,455499114.0,1878755700,2024-04-23 08:01:00,1413770,,,,,,,,,,,,,,,,,,,,,,,,,,,,,,,,,,,,,,,,,,,,,,,,,TN
3358,d0b5d121d8fc8ffddbec3e026a455ecfe0071347,0.6900223383770483,autoland,4768104,12,53390121d39b212135aaffcd577053a14c7f0dff,linux1804-64-shippable-qr,True,False,,,102210fe594ee9b33d82058545b1ed14f4c8206e,custom.jsdebugger.stepOut.DAMP,damp,True,damp custom.jsdebugger.stepOut.DAMP opt e10s fission stylo webrender,4767202,77,ms,firefox,455537814.0,1878891056,2024-04-23 11:54:58,1413921,,,,,,,,,,,,,,,,,,,,,,,,,,,,,,,,,,,,,,,,,,,,,,,,,TN
3359,058dc2e8394c7361874508e49f2bbbfc3173f1a9,0.7297811857178449,autoland,4768104,12,53390121d39b212135aaffcd577053a14c7f0dff,linux1804-64-shippable-qr,True,False,,,102210fe594ee9b33d82058545b1ed14f4c8206e,custom.jsdebugger.stepOut.DAMP,damp,True,damp custom.jsdebugger.stepOut.DAMP opt e10s fission stylo webrender,4767202,77,ms,firefox,455568743.0,1879105141,2024-04-23 15:44:45,1414120,,,,,,,,,,,,,,,,,,,,,,,,,,,,,,,,,,,,,,,,,,,,,,,,,TN
3360,e0dc25ed776721f1826a55ba79059b528501d8c3,0.6907967413557687,autoland,4768104,12,53390121d39b212135aaffcd577053a14c7f0dff,linux1804-64-shippable-qr,True,False,,,102210fe594ee9b33d82058545b1ed14f4c8206e,custom.jsdebugger.stepOut.DAMP,damp,True,damp custom.jsdebugger.stepOut.DAMP opt e10s fission stylo webrender,4767202,77,ms,firefox,455963455.0,1170496,2024-04-23 15:58:12,1414141,,,,,,,,,,,,,,,,,,,,,,,,,,,,,,,,,,,,,,,,,,,,,,,,,TN
3361,b055731b0e60b23607c444ec5fd1d9d08595c554,0.6994668747108717,autoland,4768104,12,53390121d39b212135aaffcd577053a14c7f0dff,linux1804-64-shippable-qr,True,False,,,102210fe594ee9b33d82058545b1ed14f4c8206e,custom.jsdebugger.stepOut.DAMP,damp,True,damp custom.jsdebugger.stepOut.DAMP opt e10s fission stylo webrender,4767202,77,ms,firefox,455964069.0,1171648,2024-04-23 18:12:47,1414205,,,,,,,,,,,,,,,,,,,,,,,,,,,,,,,,,,,,,,,,,,,,,,,,,TN
3362,94ecd54d9e6be96ed340ca3b40c6488198b457b1,0.7040274435400329,autoland,4768104,12,53390121d39b212135aaffcd577053a14c7f0dff,linux1804-64-shippable-qr,True,False,,,102210fe594ee9b33d82058545b1ed14f4c8206e,custom.jsdebugger.stepOut.DAMP,damp,True,damp custom.jsdebugger.stepOut.DAMP opt e10s fission stylo webrender,4767202,77,ms,firefox,455964070.0,1171508,2024-04-23 18:13:37,1414207,,,,,,,,,,,,,,,,,,,,,,,,,,,,,,,,,,,,,,,,,,,,,,,,,TN
3363,21ddc4de16f720e5150e792e072093c1abc6668b,0.7335676377153069,autoland,4768104,12,53390121d39b212135aaffcd577053a14c7f0dff,linux1804-64-shippable-qr,True,False,,,102210fe594ee9b33d82058545b1ed14f4c8206e,custom.jsdebugger.stepOut.DAMP,damp,True,damp custom.jsdebugger.stepOut.DAMP opt e10s fission stylo webrender,4767202,77,ms,firefox,455964153.0,1171789,2024-04-23 18:14:30,1414209,,,,,,,,,,,,,,,,,,,,,,,,,,,,,,,,,,,,,,,,,,,,,,,,,TN
3364,5b23075eff6fd6102b660c5b72a7ae2d9cd0e134,0.7328018131826757,autoland,4768104,12,53390121d39b212135aaffcd577053a14c7f0dff,linux1804-64-shippable-qr,True,False,,,102210fe594ee9b33d82058545b1ed14f4c8206e,custom.jsdebugger.stepOut.DAMP,damp,True,damp custom.jsdebugger.stepOut.DAMP opt e10s fission stylo webrender,4767202,77,ms,firefox,455964155.0,1172839,2024-04-23 18:15:23,1414210,,,,,,,,,,,,,,,,,,,,,,,,,,,,,,,,,,,,,,,,,,,,,,,,,TN
3365,995596d4362c3c0a1b93f7d9dc0c0c272fbf7b50,0.6835830669954568,autoland,4768104,12,53390121d39b212135aaffcd577053a14c7f0dff,linux1804-64-shippable-qr,True,False,,,102210fe594ee9b33d82058545b1ed14f4c8206e,custom.jsdebugger.stepOut.DAMP,damp,True,damp custom.jsdebugger.stepOut.DAMP opt e10s fission stylo webrender,4767202,77,ms,firefox,455964158.0,1173035,2024-04-23 18:16:13,1414211,,,,,,,,,,,,,,,,,,,,,,,,,,,,,,,,,,,,,,,,,,,,,,,,,TN
3366,739e70f2e5e8086fbd0f61c1e89b3cff175a2079,0.7207087586105487,autoland,4768104,12,53390121d39b212135aaffcd577053a14c7f0dff,linux1804-64-shippable-qr,True,False,,,102210fe594ee9b33d82058545b1ed14f4c8206e,custom.jsdebugger.stepOut.DAMP,damp,True,damp custom.jsdebugger.stepOut.DAMP opt e10s fission stylo webrender,4767202,77,ms,firefox,455964159.0,1172648,2024-04-23 18:17:02,1414212,,,,,,,,,,,,,,,,,,,,,,,,,,,,,,,,,,,,,,,,,,,,,,,,,TN
3367,cc6fe766b0cb64d02e14e8a49080e033670e4a33,0.7156650326989455,autoland,4768104,12,53390121d39b212135aaffcd577053a14c7f0dff,linux1804-64-shippable-qr,True,False,,,102210fe594ee9b33d82058545b1ed14f4c8206e,custom.jsdebugger.stepOut.DAMP,damp,True,damp custom.jsdebugger.stepOut.DAMP opt e10s fission stylo webrender,4767202,77,ms,firefox,455964163.0,1172489,2024-04-23 18:18:59,1414214,,,,,,,,,,,,,,,,,,,,,,,,,,,,,,,,,,,,,,,,,,,,,,,,,TN
3368,cbff87ac70e95dc6a0ccd790fd065594d070e95f,0.712227558725333,autoland,4768104,12,53390121d39b212135aaffcd577053a14c7f0dff,linux1804-64-shippable-qr,True,False,,,102210fe594ee9b33d82058545b1ed14f4c8206e,custom.jsdebugger.stepOut.DAMP,damp,True,damp custom.jsdebugger.stepOut.DAMP opt e10s fission stylo webrender,4767202,77,ms,firefox,455964161.0,1172082,2024-04-23 18:19:50,1414215,,,,,,,,,,,,,,,,,,,,,,,,,,,,,,,,,,,,,,,,,,,,,,,,,TN
3369,1c40eb01d534a1c361c5c6fe0b3fdc64aed2c883,0.7161181801233993,autoland,4768104,12,53390121d39b212135aaffcd577053a14c7f0dff,linux1804-64-shippable-qr,True,False,,,102210fe594ee9b33d82058545b1ed14f4c8206e,custom.jsdebugger.stepOut.DAMP,damp,True,damp custom.jsdebugger.stepOut.DAMP opt e10s fission stylo webrender,4767202,77,ms,firefox,455578848.0,1879157355,2024-04-23 18:21:27,1414216,,,,,,,,,,,,,,,,,,,,,,,,,,,,,,,,,,,,,,,,,,,,,,,,,TN
3370,8b3f4c19c12c933163feb35e16efb53d148a6956,0.7230591862786275,autoland,4768104,12,53390121d39b212135aaffcd577053a14c7f0dff,linux1804-64-shippable-qr,True,False,,,102210fe594ee9b33d82058545b1ed14f4c8206e,custom.jsdebugger.stepOut.DAMP,damp,True,damp custom.jsdebugger.stepOut.DAMP opt e10s fission stylo webrender,4767202,77,ms,firefox,455964157.0,1172270,2024-04-23 21:04:22,1414342,,,,,,,,,,,,,,,,,,,,,,,,,,,,,,,,,,,,,,,,,,,,,,,,,TN
3371,d5bd60ebaf65f4e4ab81b5522175260f64323ae5,0.6983615229511972,autoland,4768104,12,53390121d39b212135aaffcd577053a14c7f0dff,linux1804-64-shippable-qr,True,False,,,102210fe594ee9b33d82058545b1ed14f4c8206e,custom.jsdebugger.stepOut.DAMP,damp,True,damp custom.jsdebugger.stepOut.DAMP opt e10s fission stylo webrender,4767202,77,ms,firefox,455964164.0,1171930,2024-04-23 21:05:25,1414346,,,,,,,,,,,,,,,,,,,,,,,,,,,,,,,,,,,,,,,,,,,,,,,,,TN
3372,0d597c2cd16ce76168c3ff520dedf25e5575f038,0.7366506382530709,autoland,4768104,12,53390121d39b212135aaffcd577053a14c7f0dff,linux1804-64-shippable-qr,True,False,,,102210fe594ee9b33d82058545b1ed14f4c8206e,custom.jsdebugger.stepOut.DAMP,damp,True,damp custom.jsdebugger.stepOut.DAMP opt e10s fission stylo webrender,4767202,77,ms,firefox,455964168.0,1173425,2024-04-23 21:06:18,1414348,,,,,,,,,,,,,,,,,,,,,,,,,,,,,,,,,,,,,,,,,,,,,,,,,TN
3373,e3f0e435494f05d2558acca9507b714913bd5ed3,0.6823711354448103,autoland,4768104,12,53390121d39b212135aaffcd577053a14c7f0dff,linux1804-64-shippable-qr,True,False,,,102210fe594ee9b33d82058545b1ed14f4c8206e,custom.jsdebugger.stepOut.DAMP,damp,True,damp custom.jsdebugger.stepOut.DAMP opt e10s fission stylo webrender,4767202,77,ms,firefox,455964194.0,1172214,2024-04-23 21:21:58,1414366,,,,,,,,,,,,,,,,,,,,,,,,,,,,,,,,,,,,,,,,,,,,,,,,,TN
3374,eeee7013f014e8f8e8b31d1012834461dc8cee5a,0.7157115842319406,autoland,4768104,12,53390121d39b212135aaffcd577053a14c7f0dff,linux1804-64-shippable-qr,True,False,,,102210fe594ee9b33d82058545b1ed14f4c8206e,custom.jsdebugger.stepOut.DAMP,damp,True,damp custom.jsdebugger.stepOut.DAMP opt e10s fission stylo webrender,4767202,77,ms,firefox,455964172.0,1172869,2024-04-23 21:22:52,1414368,,,,,,,,,,,,,,,,,,,,,,,,,,,,,,,,,,,,,,,,,,,,,,,,,TN
3375,83a01c4200cef715320e1396ca91f618412be335,0.681646783337472,autoland,4768104,12,53390121d39b212135aaffcd577053a14c7f0dff,linux1804-64-shippable-qr,True,False,,,102210fe594ee9b33d82058545b1ed14f4c8206e,custom.jsdebugger.stepOut.DAMP,damp,True,damp custom.jsdebugger.stepOut.DAMP opt e10s fission stylo webrender,4767202,77,ms,firefox,455964197.0,1172428,2024-04-23 21:23:46,1414370,,,,,,,,,,,,,,,,,,,,,,,,,,,,,,,,,,,,,,,,,,,,,,,,,TN
3376,7a0c04666660135b684e5fb46b9e5481ed1ce0ab,0.7092967277398703,autoland,4768104,12,53390121d39b212135aaffcd577053a14c7f0dff,linux1804-64-shippable-qr,True,False,,,102210fe594ee9b33d82058545b1ed14f4c8206e,custom.jsdebugger.stepOut.DAMP,damp,True,damp custom.jsdebugger.stepOut.DAMP opt e10s fission stylo webrender,4767202,77,ms,firefox,455964205.0,1173219,2024-04-23 21:28:53,1414374,,,,,,,,,,,,,,,,,,,,,,,,,,,,,,,,,,,,,,,,,,,,,,,,,TN
3377,b632c54a61e5b50ebd75a8f1db4ed61c19f536f7,0.683605410300598,autoland,4768104,12,53390121d39b212135aaffcd577053a14c7f0dff,linux1804-64-shippable-qr,True,False,,,102210fe594ee9b33d82058545b1ed14f4c8206e,custom.jsdebugger.stepOut.DAMP,damp,True,damp custom.jsdebugger.stepOut.DAMP opt e10s fission stylo webrender,4767202,77,ms,firefox,455973786.0,1218112,2024-04-23 21:30:12,1414376,,,,,,,,,,,,,,,,,,,,,,,,,,,,,,,,,,,,,,,,,,,,,,,,,TN
3378,2d10c611fd6d94ac0de0bd961182411a2e96f02d,0.6845789268231603,autoland,4768104,12,53390121d39b212135aaffcd577053a14c7f0dff,linux1804-64-shippable-qr,True,False,,,102210fe594ee9b33d82058545b1ed14f4c8206e,custom.jsdebugger.stepOut.DAMP,damp,True,damp custom.jsdebugger.stepOut.DAMP opt e10s fission stylo webrender,4767202,77,ms,firefox,455964206.0,1172948,2024-04-23 21:31:03,1414377,,,,,,,,,,,,,,,,,,,,,,,,,,,,,,,,,,,,,,,,,,,,,,,,,TN
3379,b516592332299274cdbcfd113f1d8a97cc0ee8af,0.6861404355178515,autoland,4768104,12,53390121d39b212135aaffcd577053a14c7f0dff,linux1804-64-shippable-qr,True,False,,,102210fe594ee9b33d82058545b1ed14f4c8206e,custom.jsdebugger.stepOut.DAMP,damp,True,damp custom.jsdebugger.stepOut.DAMP opt e10s fission stylo webrender,4767202,77,ms,firefox,455613175.0,1879347670,2024-04-23 22:59:53,1414419,,,,,,,,,,,,,,,,,,,,,,,,,,,,,,,,,,,,,,,,,,,,,,,,,TN
3380,d7f9602ae8861f26d689c0f35307e95db33c98c2,0.6978458206311995,autoland,4768104,12,53390121d39b212135aaffcd577053a14c7f0dff,linux1804-64-shippable-qr,True,False,,,102210fe594ee9b33d82058545b1ed14f4c8206e,custom.jsdebugger.stepOut.DAMP,damp,True,damp custom.jsdebugger.stepOut.DAMP opt e10s fission stylo webrender,4767202,77,ms,firefox,455963495.0,1170953,2024-04-23 23:19:07,1414431,,,,,,,,,,,,,,,,,,,,,,,,,,,,,,,,,,,,,,,,,,,,,,,,,TN
3381,08a2ac7a9834f751762565609c32bc8411f39d6c,0.6935819950970643,autoland,4768104,12,53390121d39b212135aaffcd577053a14c7f0dff,linux1804-64-shippable-qr,True,False,,,102210fe594ee9b33d82058545b1ed14f4c8206e,custom.jsdebugger.stepOut.DAMP,damp,True,damp custom.jsdebugger.stepOut.DAMP opt e10s fission stylo webrender,4767202,77,ms,firefox,455975997.0,1253065,2024-04-23 23:24:49,1414433,,,,,,,,,,,,,,,,,,,,,,,,,,,,,,,,,,,,,,,,,,,,,,,,,TN
3382,0a03b5e6f9e2fb087fdef7cbe2b9965a091df35a,0.6940901880476065,autoland,4768104,12,53390121d39b212135aaffcd577053a14c7f0dff,linux1804-64-shippable-qr,True,False,,,102210fe594ee9b33d82058545b1ed14f4c8206e,custom.jsdebugger.stepOut.DAMP,damp,True,damp custom.jsdebugger.stepOut.DAMP opt e10s fission stylo webrender,4767202,77,ms,firefox,455978784.0,1257288,2024-04-23 23:47:44,1414446,,,,,,,,,,,,,,,,,,,,,,,,,,,,,,,,,,,,,,,,,,,,,,,,,TN
3383,f43dc16bf78fa17a3f583887986e4969e7a76943,0.7195682236964369,autoland,4768104,12,53390121d39b212135aaffcd577053a14c7f0dff,linux1804-64-shippable-qr,True,False,,,102210fe594ee9b33d82058545b1ed14f4c8206e,custom.jsdebugger.stepOut.DAMP,damp,True,damp custom.jsdebugger.stepOut.DAMP opt e10s fission stylo webrender,4767202,77,ms,firefox,455973824.0,1217970,2024-04-24 00:16:18,1414454,,,,,,,,,,,,,,,,,,,,,,,,,,,,,,,,,,,,,,,,,,,,,,,,,TN
3384,23dc23ac9ea65ed50eb1d4dde2dfa93397926352,0.725841802103063,autoland,4768104,12,53390121d39b212135aaffcd577053a14c7f0dff,linux1804-64-shippable-qr,True,False,,,102210fe594ee9b33d82058545b1ed14f4c8206e,custom.jsdebugger.stepOut.DAMP,damp,True,damp custom.jsdebugger.stepOut.DAMP opt e10s fission stylo webrender,4767202,77,ms,firefox,455973481.0,1217604,2024-04-24 00:18:50,1414455,,,,,,,,,,,,,,,,,,,,,,,,,,,,,,,,,,,,,,,,,,,,,,,,,TN
3385,e845de2f720970b8c0feb990b4a3a43fd693f8c6,0.716377080488809,autoland,4768104,12,53390121d39b212135aaffcd577053a14c7f0dff,linux1804-64-shippable-qr,True,False,,,102210fe594ee9b33d82058545b1ed14f4c8206e,custom.jsdebugger.stepOut.DAMP,damp,True,damp custom.jsdebugger.stepOut.DAMP opt e10s fission stylo webrender,4767202,77,ms,firefox,455973278.0,1215441,2024-04-24 00:23:39,1414458,,,,,,,,,,,,,,,,,,,,,,,,,,,,,,,,,,,,,,,,,,,,,,,,,TN
3386,48b4bce94b644213c99cf8f27064255fbc5ac168,0.7326310192414904,autoland,4768104,12,53390121d39b212135aaffcd577053a14c7f0dff,linux1804-64-shippable-qr,True,False,,,102210fe594ee9b33d82058545b1ed14f4c8206e,custom.jsdebugger.stepOut.DAMP,damp,True,damp custom.jsdebugger.stepOut.DAMP opt e10s fission stylo webrender,4767202,77,ms,firefox,455973544.0,1217685,2024-04-24 01:07:56,1414461,,,,,,,,,,,,,,,,,,,,,,,,,,,,,,,,,,,,,,,,,,,,,,,,,TN
3387,88940f5de97470f127cbad94d68ba7817e1dbfca,0.7137295886038544,autoland,4768104,12,53390121d39b212135aaffcd577053a14c7f0dff,linux1804-64-shippable-qr,True,False,,,102210fe594ee9b33d82058545b1ed14f4c8206e,custom.jsdebugger.stepOut.DAMP,damp,True,damp custom.jsdebugger.stepOut.DAMP opt e10s fission stylo webrender,4767202,77,ms,firefox,455974805.0,1252283,2024-04-24 01:56:53,1414494,,,,,,,,,,,,,,,,,,,,,,,,,,,,,,,,,,,,,,,,,,,,,,,,,TN
3388,0f5e5488fa235b6c1ea5967948813f81b1461f95,0.732881726664228,autoland,4768104,12,53390121d39b212135aaffcd577053a14c7f0dff,linux1804-64-shippable-qr,True,False,,,102210fe594ee9b33d82058545b1ed14f4c8206e,custom.jsdebugger.stepOut.DAMP,damp,True,damp custom.jsdebugger.stepOut.DAMP opt e10s fission stylo webrender,4767202,77,ms,firefox,455964228.0,1173756,2024-04-24 02:00:19,1414500,,,,,,,,,,,,,,,,,,,,,,,,,,,,,,,,,,,,,,,,,,,,,,,,,TN
3389,3de3f9428f138bf269718fceb36c5112a195ca37,0.6776227588556007,autoland,4768104,12,53390121d39b212135aaffcd577053a14c7f0dff,linux1804-64-shippable-qr,True,False,,,102210fe594ee9b33d82058545b1ed14f4c8206e,custom.jsdebugger.stepOut.DAMP,damp,True,damp custom.jsdebugger.stepOut.DAMP opt e10s fission stylo webrender,4767202,77,ms,firefox,455628846.0,1879429872,2024-04-24 03:55:37,1414529,,,,,,,,,,,,,,,,,,,,,,,,,,,,,,,,,,,,,,,,,,,,,,,,,TN
3390,669dafe4d5a98758cd77f7b5150c45476734f373,0.6911960981276788,autoland,4768104,12,53390121d39b212135aaffcd577053a14c7f0dff,linux1804-64-shippable-qr,True,False,,,102210fe594ee9b33d82058545b1ed14f4c8206e,custom.jsdebugger.stepOut.DAMP,damp,True,damp custom.jsdebugger.stepOut.DAMP opt e10s fission stylo webrender,4767202,77,ms,firefox,455980134.0,1256571,2024-04-24 06:16:59,1414574,,,,,,,,,,,,,,,,,,,,,,,,,,,,,,,,,,,,,,,,,,,,,,,,,TN
3391,d57ecce22603d0cc462b5e6ea2a1ad8fa6ce36c8,0.7129293250975766,autoland,4768104,12,53390121d39b212135aaffcd577053a14c7f0dff,linux1804-64-shippable-qr,True,False,,,102210fe594ee9b33d82058545b1ed14f4c8206e,custom.jsdebugger.stepOut.DAMP,damp,True,damp custom.jsdebugger.stepOut.DAMP opt e10s fission stylo webrender,4767202,77,ms,firefox,455974460.0,1251453,2024-04-24 06:32:47,1414586,,,,,,,,,,,,,,,,,,,,,,,,,,,,,,,,,,,,,,,,,,,,,,,,,TN
3392,46ce6a4ee76eca1ddd295703f8a3252c1ed911a5,0.727483693242349,autoland,4768104,12,53390121d39b212135aaffcd577053a14c7f0dff,linux1804-64-shippable-qr,True,False,,,102210fe594ee9b33d82058545b1ed14f4c8206e,custom.jsdebugger.stepOut.DAMP,damp,True,damp custom.jsdebugger.stepOut.DAMP opt e10s fission stylo webrender,4767202,77,ms,firefox,455974872.0,1253953,2024-04-24 06:40:47,1414590,,,,,,,,,,,,,,,,,,,,,,,,,,,,,,,,,,,,,,,,,,,,,,,,,TN
3393,786760e45ec34acea994009344990c14ee68da2e,0.7205751558201072,autoland,4768104,12,53390121d39b212135aaffcd577053a14c7f0dff,linux1804-64-shippable-qr,True,False,,,102210fe594ee9b33d82058545b1ed14f4c8206e,custom.jsdebugger.stepOut.DAMP,damp,True,damp custom.jsdebugger.stepOut.DAMP opt e10s fission stylo webrender,4767202,77,ms,firefox,455973787.0,1218206,2024-04-24 07:08:37,1414605,,,,,,,,,,,,,,,,,,,,,,,,,,,,,,,,,,,,,,,,,,,,,,,,,TN
3394,26c72b6f13a3e6b1a11d20c46abcfc4d968fe832,0.7127221487681425,autoland,4768104,12,53390121d39b212135aaffcd577053a14c7f0dff,linux1804-64-shippable-qr,True,False,,,102210fe594ee9b33d82058545b1ed14f4c8206e,custom.jsdebugger.stepOut.DAMP,damp,True,damp custom.jsdebugger.stepOut.DAMP opt e10s fission stylo webrender,4767202,77,ms,firefox,455973455.0,1217349,2024-04-24 07:16:56,1414606,,,,,,,,,,,,,,,,,,,,,,,,,,,,,,,,,,,,,,,,,,,,,,,,,TN
3395,4d7673628656f198b9dba28671e4ee8295284de7,0.6993690492271096,autoland,4768104,12,53390121d39b212135aaffcd577053a14c7f0dff,linux1804-64-shippable-qr,True,False,,,102210fe594ee9b33d82058545b1ed14f4c8206e,custom.jsdebugger.stepOut.DAMP,damp,True,damp custom.jsdebugger.stepOut.DAMP opt e10s fission stylo webrender,4767202,77,ms,firefox,455973661.0,1217900,2024-04-24 07:18:30,1414607,,,,,,,,,,,,,,,,,,,,,,,,,,,,,,,,,,,,,,,,,,,,,,,,,TN
3396,8f17e975a1f3d6908549b6ec59c1f55128b9636d,0.7113714975637313,autoland,4768104,12,53390121d39b212135aaffcd577053a14c7f0dff,linux1804-64-shippable-qr,True,False,,,102210fe594ee9b33d82058545b1ed14f4c8206e,custom.jsdebugger.stepOut.DAMP,damp,True,damp custom.jsdebugger.stepOut.DAMP opt e10s fission stylo webrender,4767202,77,ms,firefox,455973241.0,1215354,2024-04-24 07:22:33,1414610,,,,,,,,,,,,,,,,,,,,,,,,,,,,,,,,,,,,,,,,,,,,,,,,,TN
3397,e83283e30787b8ae2f11bc05f0ded8420b166155,0.7306870106102776,autoland,4768104,12,53390121d39b212135aaffcd577053a14c7f0dff,linux1804-64-shippable-qr,True,False,,,102210fe594ee9b33d82058545b1ed14f4c8206e,custom.jsdebugger.stepOut.DAMP,damp,True,damp custom.jsdebugger.stepOut.DAMP opt e10s fission stylo webrender,4767202,77,ms,firefox,455973711.0,1218450,2024-04-24 07:23:40,1414612,,,,,,,,,,,,,,,,,,,,,,,,,,,,,,,,,,,,,,,,,,,,,,,,,TN
3398,96b6835d33ed432c13628081338e12cb0da499c6,0.7087203930739754,autoland,4768104,12,53390121d39b212135aaffcd577053a14c7f0dff,linux1804-64-shippable-qr,True,False,,,102210fe594ee9b33d82058545b1ed14f4c8206e,custom.jsdebugger.stepOut.DAMP,damp,True,damp custom.jsdebugger.stepOut.DAMP opt e10s fission stylo webrender,4767202,77,ms,firefox,455964528.0,1174150,2024-04-24 07:24:46,1414614,,,,,,,,,,,,,,,,,,,,,,,,,,,,,,,,,,,,,,,,,,,,,,,,,TN
3399,fd7d96cffddb9a76a1ecc148c3b284e8003fe6b9,0.6926721581863116,autoland,4768104,12,53390121d39b212135aaffcd577053a14c7f0dff,linux1804-64-shippable-qr,True,False,,,102210fe594ee9b33d82058545b1ed14f4c8206e,custom.jsdebugger.stepOut.DAMP,damp,True,damp custom.jsdebugger.stepOut.DAMP opt e10s fission stylo webrender,4767202,77,ms,firefox,455651448.0,1879597140,2024-04-24 07:56:15,1414632,,,,,,,,,,,,,,,,,,,,,,,,,,,,,,,,,,,,,,,,,,,,,,,,,TN
3400,87963547052db96296ae50e55c8266cbfc3bd922,0.7034648349840862,autoland,4768104,12,53390121d39b212135aaffcd577053a14c7f0dff,linux1804-64-shippable-qr,True,False,,,102210fe594ee9b33d82058545b1ed14f4c8206e,custom.jsdebugger.stepOut.DAMP,damp,True,damp custom.jsdebugger.stepOut.DAMP opt e10s fission stylo webrender,4767202,77,ms,firefox,455698659.0,1879794380,2024-04-24 12:15:38,1414844,,,,,,,,,,,,,,,,,,,,,,,,,,,,,,,,,,,,,,,,,,,,,,,,,TN
3401,ec5140ea1b1384a44d1ce6e0271fc97472399e96,0.7597709196804643,autoland,4768104,12,53390121d39b212135aaffcd577053a14c7f0dff,linux1804-64-shippable-qr,True,False,,,102210fe594ee9b33d82058545b1ed14f4c8206e,custom.jsdebugger.stepOut.DAMP,damp,True,damp custom.jsdebugger.stepOut.DAMP opt e10s fission stylo webrender,4767202,77,ms,firefox,455750876.0,132038,2024-04-25 00:20:54,1415370,,,,,,,,,,,,,,,,,,,,,,,,,,,,,,,,,,,,,,,,,,,,,,,,,TN
3402,cffa531d3b2e833bda2b3f035d37edb92f838428,0.6817924062855714,autoland,4768104,12,53390121d39b212135aaffcd577053a14c7f0dff,linux1804-64-shippable-qr,True,False,,,102210fe594ee9b33d82058545b1ed14f4c8206e,custom.jsdebugger.stepOut.DAMP,damp,True,damp custom.jsdebugger.stepOut.DAMP opt e10s fission stylo webrender,4767202,77,ms,firefox,455773540.0,223396,2024-04-25 02:34:18,1415633,,,,,,,,,,,,,,,,,,,,,,,,,,,,,,,,,,,,,,,,,,,,,,,,,TN
3403,792c9892791495e8f13e77e5a78bfda83ab7a455,0.6867314938336144,autoland,4768104,12,53390121d39b212135aaffcd577053a14c7f0dff,linux1804-64-shippable-qr,True,False,,,102210fe594ee9b33d82058545b1ed14f4c8206e,custom.jsdebugger.stepOut.DAMP,damp,True,damp custom.jsdebugger.stepOut.DAMP opt e10s fission stylo webrender,4767202,77,ms,firefox,455788163.0,311801,2024-04-25 05:01:58,1415718,,,,,,,,,,,,,,,,,,,,,,,,,,,,,,,,,,,,,,,,,,,,,,,,,TN
3404,5b0d6bb6f3780aaf074d79548381fd6e7a565b85,0.7099828692981647,autoland,4768104,12,53390121d39b212135aaffcd577053a14c7f0dff,linux1804-64-shippable-qr,True,False,,,102210fe594ee9b33d82058545b1ed14f4c8206e,custom.jsdebugger.stepOut.DAMP,damp,True,damp custom.jsdebugger.stepOut.DAMP opt e10s fission stylo webrender,4767202,77,ms,firefox,455808807.0,509866,2024-04-25 09:09:49,1415822,,,,,,,,,,,,,,,,,,,,,,,,,,,,,,,,,,,,,,,,,,,,,,,,,TN
3405,88f7b12683ce863c6ca742ac14e176ee045383bd,0.7041659108280642,autoland,4768104,12,53390121d39b212135aaffcd577053a14c7f0dff,linux1804-64-shippable-qr,True,False,,,102210fe594ee9b33d82058545b1ed14f4c8206e,custom.jsdebugger.stepOut.DAMP,damp,True,damp custom.jsdebugger.stepOut.DAMP opt e10s fission stylo webrender,4767202,77,ms,firefox,455854424.0,668536,2024-04-25 13:10:04,1416008,,,,,,,,,,,,,,,,,,,,,,,,,,,,,,,,,,,,,,,,,,,,,,,,,TN
3406,6611338ffbdafbbc5b82211b1c255353bdb30763,0.7390475071684031,autoland,4768104,12,53390121d39b212135aaffcd577053a14c7f0dff,linux1804-64-shippable-qr,True,False,,,102210fe594ee9b33d82058545b1ed14f4c8206e,custom.jsdebugger.stepOut.DAMP,damp,True,damp custom.jsdebugger.stepOut.DAMP opt e10s fission stylo webrender,4767202,77,ms,firefox,455879019.0,775869,2024-04-25 16:29:00,1416183,,,,,,,,,,,,,,,,,,,,,,,,,,,,,,,,,,,,,,,,,,,,,,,,,TN
3407,6a497992821d53c3704819a4f43c6a7d3234c5a2,0.7169787341890475,autoland,4768104,12,53390121d39b212135aaffcd577053a14c7f0dff,linux1804-64-shippable-qr,True,False,,,102210fe594ee9b33d82058545b1ed14f4c8206e,custom.jsdebugger.stepOut.DAMP,damp,True,damp custom.jsdebugger.stepOut.DAMP opt e10s fission stylo webrender,4767202,77,ms,firefox,455919109.0,949435,2024-04-25 21:12:20,1416361,,,,,,,,,,,,,,,,,,,,,,,,,,,,,,,,,,,,,,,,,,,,,,,,,TN
3408,b89431ee0f24bcb481d894ad21288e4f09e1960d,0.69855884310895,autoland,4768104,12,53390121d39b212135aaffcd577053a14c7f0dff,linux1804-64-shippable-qr,True,False,,,102210fe594ee9b33d82058545b1ed14f4c8206e,custom.jsdebugger.stepOut.DAMP,damp,True,damp custom.jsdebugger.stepOut.DAMP opt e10s fission stylo webrender,4767202,77,ms,firefox,455942543.0,1024935,2024-04-26 01:33:24,1416487,,,,,,,,,,,,,,,,,,,,,,,,,,,,,,,,,,,,,,,,,,,,,,,,,TN
3409,ed2448d27fe2e034cd5804dc7310c3f72ac2eaa5,0.709004108735908,autoland,4768104,12,53390121d39b212135aaffcd577053a14c7f0dff,linux1804-64-shippable-qr,True,False,,,102210fe594ee9b33d82058545b1ed14f4c8206e,custom.jsdebugger.stepOut.DAMP,damp,True,damp custom.jsdebugger.stepOut.DAMP opt e10s fission stylo webrender,4767202,77,ms,firefox,455955225.0,1116746,2024-04-26 05:34:38,1416537,,,,,,,,,,,,,,,,,,,,,,,,,,,,,,,,,,,,,,,,,,,,,,,,,TN
3410,c8be3827903b85cfb4313957b4f308f696d3b0fe,0.688187011921785,autoland,4768104,12,53390121d39b212135aaffcd577053a14c7f0dff,linux1804-64-shippable-qr,True,False,,,102210fe594ee9b33d82058545b1ed14f4c8206e,custom.jsdebugger.stepOut.DAMP,damp,True,damp custom.jsdebugger.stepOut.DAMP opt e10s fission stylo webrender,4767202,77,ms,firefox,455984797.0,1295274,2024-04-26 09:39:43,1416671,,,,,,,,,,,,,,,,,,,,,,,,,,,,,,,,,,,,,,,,,,,,,,,,,TN
3411,462f013c08cacd7abfae1f2d1bf26354372a829f,0.6945611242722354,autoland,4768104,12,53390121d39b212135aaffcd577053a14c7f0dff,linux1804-64-shippable-qr,True,False,,,102210fe594ee9b33d82058545b1ed14f4c8206e,custom.jsdebugger.stepOut.DAMP,damp,True,damp custom.jsdebugger.stepOut.DAMP opt e10s fission stylo webrender,4767202,77,ms,firefox,456023095.0,1394322,2024-04-26 13:51:38,1416831,,,,,,,,,,,,,,,,,,,,,,,,,,,,,,,,,,,,,,,,,,,,,,,,,TN
3412,ed101e266315213d1ad0a423c49bade6ff5df172,0.6736856236800337,autoland,4768104,12,53390121d39b212135aaffcd577053a14c7f0dff,linux1804-64-shippable-qr,True,False,,,102210fe594ee9b33d82058545b1ed14f4c8206e,custom.jsdebugger.stepOut.DAMP,damp,True,damp custom.jsdebugger.stepOut.DAMP opt e10s fission stylo webrender,4767202,77,ms,firefox,456057799.0,1571920,2024-04-26 17:53:01,1417003,,,,,,,,,,,,,,,,,,,,,,,,,,,,,,,,,,,,,,,,,,,,,,,,,TN
3413,7b85c82d731ddab976c6abe7e54685cacaebba41,0.6857283680600761,autoland,4768104,12,53390121d39b212135aaffcd577053a14c7f0dff,linux1804-64-shippable-qr,True,False,,,102210fe594ee9b33d82058545b1ed14f4c8206e,custom.jsdebugger.stepOut.DAMP,damp,True,damp custom.jsdebugger.stepOut.DAMP opt e10s fission stylo webrender,4767202,77,ms,firefox,456079605.0,1661767,2024-04-26 22:54:36,1417188,,,,,,,,,,,,,,,,,,,,,,,,,,,,,,,,,,,,,,,,,,,,,,,,,TN
3414,45defed78aafc90410c68310027bf771bcfc5968,0.7048256781852766,autoland,4768104,12,53390121d39b212135aaffcd577053a14c7f0dff,linux1804-64-shippable-qr,True,False,,,102210fe594ee9b33d82058545b1ed14f4c8206e,custom.jsdebugger.stepOut.DAMP,damp,True,damp custom.jsdebugger.stepOut.DAMP opt e10s fission stylo webrender,4767202,77,ms,firefox,456093627.0,1758096,2024-04-27 03:46:15,1417229,,,,,,,,,,,,,,,,,,,,,,,,,,,,,,,,,,,,,,,,,,,,,,,,,TN
3415,b694b588a2936a5c99a0ecf2d9d8fb6382a2bff4,0.7052652048179071,autoland,4768104,12,53390121d39b212135aaffcd577053a14c7f0dff,linux1804-64-shippable-qr,True,False,,,102210fe594ee9b33d82058545b1ed14f4c8206e,custom.jsdebugger.stepOut.DAMP,damp,True,damp custom.jsdebugger.stepOut.DAMP opt e10s fission stylo webrender,4767202,77,ms,firefox,456112684.0,1849009,2024-04-27 10:47:32,1417256,,,,,,,,,,,,,,,,,,,,,,,,,,,,,,,,,,,,,,,,,,,,,,,,,TN
3416,69bb72420e433fa8d66fff354e5ce90402289ac1,0.713689031252603,autoland,4768104,12,53390121d39b212135aaffcd577053a14c7f0dff,linux1804-64-shippable-qr,True,False,,,102210fe594ee9b33d82058545b1ed14f4c8206e,custom.jsdebugger.stepOut.DAMP,damp,True,damp custom.jsdebugger.stepOut.DAMP opt e10s fission stylo webrender,4767202,77,ms,firefox,456135967.0,1952584,2024-04-27 18:43:51,1417294,,,,,,,,,,,,,,,,,,,,,,,,,,,,,,,,,,,,,,,,,,,,,,,,,TN
3417,8256dde0533523666a60914881f81717e1705f8a,0.6954288330042986,autoland,4768104,12,53390121d39b212135aaffcd577053a14c7f0dff,linux1804-64-shippable-qr,True,False,,,102210fe594ee9b33d82058545b1ed14f4c8206e,custom.jsdebugger.stepOut.DAMP,damp,True,damp custom.jsdebugger.stepOut.DAMP opt e10s fission stylo webrender,4767202,77,ms,firefox,456148996.0,2022025,2024-04-27 22:45:22,1417317,,,,,,,,,,,,,,,,,,,,,,,,,,,,,,,,,,,,,,,,,,,,,,,,,TN
3418,d1651fe33156a2aab5884ab1eaaaa8c5dd64631d,0.6988165730540028,autoland,4768104,12,53390121d39b212135aaffcd577053a14c7f0dff,linux1804-64-shippable-qr,True,False,,,102210fe594ee9b33d82058545b1ed14f4c8206e,custom.jsdebugger.stepOut.DAMP,damp,True,damp custom.jsdebugger.stepOut.DAMP opt e10s fission stylo webrender,4767202,77,ms,firefox,456156724.0,2051704,2024-04-28 03:23:06,1417329,,,,,,,,,,,,,,,,,,,,,,,,,,,,,,,,,,,,,,,,,,,,,,,,,TN
3419,e479324bc8bb9135d7a48ad8ebc677725f27de37,0.6748674949008864,autoland,4768104,12,53390121d39b212135aaffcd577053a14c7f0dff,linux1804-64-shippable-qr,True,False,,,102210fe594ee9b33d82058545b1ed14f4c8206e,custom.jsdebugger.stepOut.DAMP,damp,True,damp custom.jsdebugger.stepOut.DAMP opt e10s fission stylo webrender,4767202,77,ms,firefox,456178712.0,2158561,2024-04-28 10:04:44,1417378,,,,,,,,,,,,,,,,,,,,,,,,,,,,,,,,,,,,,,,,,,,,,,,,,TN
3420,f157e5d64220507743654737cdd9b5e74f4f3ed5,0.7090262741927422,autoland,4768104,12,53390121d39b212135aaffcd577053a14c7f0dff,linux1804-64-shippable-qr,True,False,,,102210fe594ee9b33d82058545b1ed14f4c8206e,custom.jsdebugger.stepOut.DAMP,damp,True,damp custom.jsdebugger.stepOut.DAMP opt e10s fission stylo webrender,4767202,77,ms,firefox,456188342.0,2196203,2024-04-28 14:13:44,1417383,,,,,,,,,,,,,,,,,,,,,,,,,,,,,,,,,,,,,,,,,,,,,,,,,TN
3421,717a883474bedbbf5f420ffd52c76d3f6d4b910d,0.6872035974978623,autoland,4768104,12,53390121d39b212135aaffcd577053a14c7f0dff,linux1804-64-shippable-qr,True,False,,,102210fe594ee9b33d82058545b1ed14f4c8206e,custom.jsdebugger.stepOut.DAMP,damp,True,damp custom.jsdebugger.stepOut.DAMP opt e10s fission stylo webrender,4767202,77,ms,firefox,456191559.0,2221759,2024-04-28 19:02:33,1417402,,,,,,,,,,,,,,,,,,,,,,,,,,,,,,,,,,,,,,,,,,,,,,,,,TN
3422,0481d43263e16ab0b359e3c85888197704857817,0.699791190447326,autoland,4768104,12,53390121d39b212135aaffcd577053a14c7f0dff,linux1804-64-shippable-qr,True,False,,,102210fe594ee9b33d82058545b1ed14f4c8206e,custom.jsdebugger.stepOut.DAMP,damp,True,damp custom.jsdebugger.stepOut.DAMP opt e10s fission stylo webrender,4767202,77,ms,firefox,456207864.0,2293091,2024-04-29 00:22:43,1417434,,,,,,,,,,,,,,,,,,,,,,,,,,,,,,,,,,,,,,,,,,,,,,,,,TN
3423,6b17c605c084e2db078b234e703a176d3b427fe1,0.6732886415300929,autoland,4768104,12,53390121d39b212135aaffcd577053a14c7f0dff,linux1804-64-shippable-qr,True,False,,,102210fe594ee9b33d82058545b1ed14f4c8206e,custom.jsdebugger.stepOut.DAMP,damp,True,damp custom.jsdebugger.stepOut.DAMP opt e10s fission stylo webrender,4767202,77,ms,firefox,456215281.0,2352561,2024-04-29 06:17:09,1417456,,,,,,,,,,,,,,,,,,,,,,,,,,,,,,,,,,,,,,,,,,,,,,,,,TN
3424,04a668ef9c909b54153526f6b4e28b4287e80664,0.6745901271301251,autoland,4768104,12,53390121d39b212135aaffcd577053a14c7f0dff,linux1804-64-shippable-qr,True,False,,,102210fe594ee9b33d82058545b1ed14f4c8206e,custom.jsdebugger.stepOut.DAMP,damp,True,damp custom.jsdebugger.stepOut.DAMP opt e10s fission stylo webrender,4767202,77,ms,firefox,456247644.0,2554240,2024-04-29 10:38:34,1417565,,,,,,,,,,,,,,,,,,,,,,,,,,,,,,,,,,,,,,,,,,,,,,,,,TN
3425,650dda9187436a12c66c2e81441e68e1d481e164,0.735702086061891,autoland,4768104,12,53390121d39b212135aaffcd577053a14c7f0dff,linux1804-64-shippable-qr,True,False,,,102210fe594ee9b33d82058545b1ed14f4c8206e,custom.jsdebugger.stepOut.DAMP,damp,True,damp custom.jsdebugger.stepOut.DAMP opt e10s fission stylo webrender,4767202,77,ms,firefox,456292330.0,2732064,2024-04-29 14:46:23,1417768,,,,,,,,,,,,,,,,,,,,,,,,,,,,,,,,,,,,,,,,,,,,,,,,,TN
3426,fb9d21d9a3f911f1748f03b323b8358292a5588c,0.6833162190981859,autoland,4768104,12,53390121d39b212135aaffcd577053a14c7f0dff,linux1804-64-shippable-qr,True,False,,,102210fe594ee9b33d82058545b1ed14f4c8206e,custom.jsdebugger.stepOut.DAMP,damp,True,damp custom.jsdebugger.stepOut.DAMP opt e10s fission stylo webrender,4767202,77,ms,firefox,456326218.0,2911911,2024-04-29 17:19:25,1417921,,,,,,,,,,,,,,,,,,,,,,,,,,,,,,,,,,,,,,,,,,,,,,,,,TN
3427,e9cdeeb2f957d210479897325c1d72ded8f512a4,0.7152059268609297,autoland,4768104,12,53390121d39b212135aaffcd577053a14c7f0dff,linux1804-64-shippable-qr,True,False,,,102210fe594ee9b33d82058545b1ed14f4c8206e,custom.jsdebugger.stepOut.DAMP,damp,True,damp custom.jsdebugger.stepOut.DAMP opt e10s fission stylo webrender,4767202,77,ms,firefox,456342032.0,2996567,2024-04-29 19:52:22,1418020,,,,,,,,,,,,,,,,,,,,,,,,,,,,,,,,,,,,,,,,,,,,,,,,,TN
3428,660a39c9cdc7fc3c728c5da5ccaa8856854fa346,0.7388362542389229,autoland,4768104,12,53390121d39b212135aaffcd577053a14c7f0dff,linux1804-64-shippable-qr,True,False,,,102210fe594ee9b33d82058545b1ed14f4c8206e,custom.jsdebugger.stepOut.DAMP,damp,True,damp custom.jsdebugger.stepOut.DAMP opt e10s fission stylo webrender,4767202,77,ms,firefox,456367838.0,3084589,2024-04-30 00:02:50,1418169,,,,,,,,,,,,,,,,,,,,,,,,,,,,,,,,,,,,,,,,,,,,,,,,,TN
3429,0c6cd807867dbaf592b3c7db4eef81220fe03acf,0.7235035197818958,autoland,4768104,12,53390121d39b212135aaffcd577053a14c7f0dff,linux1804-64-shippable-qr,True,False,,,102210fe594ee9b33d82058545b1ed14f4c8206e,custom.jsdebugger.stepOut.DAMP,damp,True,damp custom.jsdebugger.stepOut.DAMP opt e10s fission stylo webrender,4767202,77,ms,firefox,456378518.0,3142015,2024-04-30 05:00:53,1418256,,,,,,,,,,,,,,,,,,,,,,,,,,,,,,,,,,,,,,,,,,,,,,,,,TN
3430,5502377f2629549b2b7c5368c980d0487ed281d4,0.6955887086522035,autoland,4768104,12,53390121d39b212135aaffcd577053a14c7f0dff,linux1804-64-shippable-qr,True,False,,,102210fe594ee9b33d82058545b1ed14f4c8206e,custom.jsdebugger.stepOut.DAMP,damp,True,damp custom.jsdebugger.stepOut.DAMP opt e10s fission stylo webrender,4767202,77,ms,firefox,456395741.0,3571574,2024-04-30 09:02:30,1418348,,,,,,,,,,,,,,,,,,,,,,,,,,,,,,,,,,,,,,,,,,,,,,,,,TN
3431,df31c6244c03bc65932fec706fefedf091587459,0.71206884356219,autoland,4768104,12,53390121d39b212135aaffcd577053a14c7f0dff,linux1804-64-shippable-qr,True,False,,,102210fe594ee9b33d82058545b1ed14f4c8206e,custom.jsdebugger.stepOut.DAMP,damp,True,damp custom.jsdebugger.stepOut.DAMP opt e10s fission stylo webrender,4767202,77,ms,firefox,456437925.0,3583035,2024-04-30 13:09:55,1418487,,,,,,,,,,,,,,,,,,,,,,,,,,,,,,,,,,,,,,,,,,,,,,,,,TN
3432,8f7500d7e530d9db7e5101922db97ea633705f4e,0.6997770400848133,autoland,4768104,12,53390121d39b212135aaffcd577053a14c7f0dff,linux1804-64-shippable-qr,True,False,,,102210fe594ee9b33d82058545b1ed14f4c8206e,custom.jsdebugger.stepOut.DAMP,damp,True,damp custom.jsdebugger.stepOut.DAMP opt e10s fission stylo webrender,4767202,77,ms,firefox,456460969.0,3597234,2024-04-30 16:26:23,1418685,,,,,,,,,,,,,,,,,,,,,,,,,,,,,,,,,,,,,,,,,,,,,,,,,TN
3433,ec8f015d7e7237118cd2c9633310bf3b43bc902b,0.6858120322521319,autoland,4768104,12,53390121d39b212135aaffcd577053a14c7f0dff,linux1804-64-shippable-qr,True,False,,,102210fe594ee9b33d82058545b1ed14f4c8206e,custom.jsdebugger.stepOut.DAMP,damp,True,damp custom.jsdebugger.stepOut.DAMP opt e10s fission stylo webrender,4767202,77,ms,firefox,456483129.0,3634964,2024-04-30 19:24:53,1418797,,,,,,,,,,,,,,,,,,,,,,,,,,,,,,,,,,,,,,,,,,,,,,,,,TN
3434,cd22a3f9463d7df724c7e17c83b6f9d8fe0dd54e,0.7125924804977992,autoland,4768104,12,53390121d39b212135aaffcd577053a14c7f0dff,linux1804-64-shippable-qr,True,False,,,102210fe594ee9b33d82058545b1ed14f4c8206e,custom.jsdebugger.stepOut.DAMP,damp,True,damp custom.jsdebugger.stepOut.DAMP opt e10s fission stylo webrender,4767202,77,ms,firefox,456512995.0,3747658,2024-04-30 23:32:26,1418926,,,,,,,,,,,,,,,,,,,,,,,,,,,,,,,,,,,,,,,,,,,,,,,,,TN
3435,5801de1f3daa092cf721149dc96e7b073c172a92,0.6765324357704183,autoland,4768104,12,53390121d39b212135aaffcd577053a14c7f0dff,linux1804-64-shippable-qr,True,False,,,102210fe594ee9b33d82058545b1ed14f4c8206e,custom.jsdebugger.stepOut.DAMP,damp,True,damp custom.jsdebugger.stepOut.DAMP opt e10s fission stylo webrender,4767202,77,ms,firefox,456523125.0,3820856,2024-05-01 03:47:22,1419018,,,,,,,,,,,,,,,,,,,,,,,,,,,,,,,,,,,,,,,,,,,,,,,,,TN
3436,287f670c824ebf9c8dbde990f795f92c94af4882,0.6920981583997958,autoland,4768104,12,53390121d39b212135aaffcd577053a14c7f0dff,linux1804-64-shippable-qr,True,False,,,102210fe594ee9b33d82058545b1ed14f4c8206e,custom.jsdebugger.stepOut.DAMP,damp,True,damp custom.jsdebugger.stepOut.DAMP opt e10s fission stylo webrender,4767202,77,ms,firefox,456531805.0,3896412,2024-05-01 07:50:28,1419058,,,,,,,,,,,,,,,,,,,,,,,,,,,,,,,,,,,,,,,,,,,,,,,,,TN
3437,0c09216614e40f92d253d63a3699eb680be6773a,0.7163736894491002,autoland,4768104,12,53390121d39b212135aaffcd577053a14c7f0dff,linux1804-64-shippable-qr,True,False,,,102210fe594ee9b33d82058545b1ed14f4c8206e,custom.jsdebugger.stepOut.DAMP,damp,True,damp custom.jsdebugger.stepOut.DAMP opt e10s fission stylo webrender,4767202,77,ms,firefox,456578949.0,4089537,2024-05-01 18:27:07,1419281,,,,,,,,,,,,,,,,,,,,,,,,,,,,,,,,,,,,,,,,,,,,,,,,,TN
3438,b8f4a7d4d873dccbf25b9bc2f3510753c2b3fde7,0.6874604143559009,autoland,4768104,12,53390121d39b212135aaffcd577053a14c7f0dff,linux1804-64-shippable-qr,True,False,,,102210fe594ee9b33d82058545b1ed14f4c8206e,custom.jsdebugger.stepOut.DAMP,damp,True,damp custom.jsdebugger.stepOut.DAMP opt e10s fission stylo webrender,4767202,77,ms,firefox,456596210.0,4203967,2024-05-01 20:27:27,1419379,,,,,,,,,,,,,,,,,,,,,,,,,,,,,,,,,,,,,,,,,,,,,,,,,TN
3439,533fbd9c5056d0b2611e332cddafd7337193d64f,0.7008925093238807,autoland,4768104,12,53390121d39b212135aaffcd577053a14c7f0dff,linux1804-64-shippable-qr,True,False,,,102210fe594ee9b33d82058545b1ed14f4c8206e,custom.jsdebugger.stepOut.DAMP,damp,True,damp custom.jsdebugger.stepOut.DAMP opt e10s fission stylo webrender,4767202,77,ms,firefox,456615593.0,4303847,2024-05-01 23:13:57,1419453,,,,,,,,,,,,,,,,,,,,,,,,,,,,,,,,,,,,,,,,,,,,,,,,,TN
3440,dda5d5286866494223d6cc52382d52032d961218,0.76219368091751,autoland,4768104,12,53390121d39b212135aaffcd577053a14c7f0dff,linux1804-64-shippable-qr,True,False,,,102210fe594ee9b33d82058545b1ed14f4c8206e,custom.jsdebugger.stepOut.DAMP,damp,True,damp custom.jsdebugger.stepOut.DAMP opt e10s fission stylo webrender,4767202,77,ms,firefox,456635267.0,4368380,2024-05-02 04:22:12,1419529,,,,,,,,,,,,,,,,,,,,,,,,,,,,,,,,,,,,,,,,,,,,,,,,,TN
3441,8f1e622a3413df009913d856f603c77b8e637efc,0.7185311318864753,autoland,4768104,12,53390121d39b212135aaffcd577053a14c7f0dff,linux1804-64-shippable-qr,True,False,,,102210fe594ee9b33d82058545b1ed14f4c8206e,custom.jsdebugger.stepOut.DAMP,damp,True,damp custom.jsdebugger.stepOut.DAMP opt e10s fission stylo webrender,4767202,77,ms,firefox,456659702.0,4582140,2024-05-02 08:48:43,1419618,,,,,,,,,,,,,,,,,,,,,,,,,,,,,,,,,,,,,,,,,,,,,,,,,TN
3442,ea25d02dac47e6880ab5b936adc308c24cbeab32,0.7070583563969575,autoland,4768104,12,53390121d39b212135aaffcd577053a14c7f0dff,linux1804-64-shippable-qr,True,False,,,102210fe594ee9b33d82058545b1ed14f4c8206e,custom.jsdebugger.stepOut.DAMP,damp,True,damp custom.jsdebugger.stepOut.DAMP opt e10s fission stylo webrender,4767202,77,ms,firefox,456698404.0,4799539,2024-05-02 12:53:32,1419765,,,,,,,,,,,,,,,,,,,,,,,,,,,,,,,,,,,,,,,,,,,,,,,,,TN
3443,91cfcfc5935b5ac51c36c1a08a064c33a2d96fd5,0.7307433120033608,autoland,4768104,12,53390121d39b212135aaffcd577053a14c7f0dff,linux1804-64-shippable-qr,True,False,,,102210fe594ee9b33d82058545b1ed14f4c8206e,custom.jsdebugger.stepOut.DAMP,damp,True,damp custom.jsdebugger.stepOut.DAMP opt e10s fission stylo webrender,4767202,77,ms,firefox,456720815.0,4896325,2024-05-02 15:44:03,1419950,,,,,,,,,,,,,,,,,,,,,,,,,,,,,,,,,,,,,,,,,,,,,,,,,TN
3444,3a0b95c0a8b3e334c5811a26420f39aaba7e5be3,0.7355458796521519,autoland,4768104,12,53390121d39b212135aaffcd577053a14c7f0dff,linux1804-64-shippable-qr,True,False,,,102210fe594ee9b33d82058545b1ed14f4c8206e,custom.jsdebugger.stepOut.DAMP,damp,True,damp custom.jsdebugger.stepOut.DAMP opt e10s fission stylo webrender,4767202,77,ms,firefox,456738113.0,4995677,2024-05-02 17:57:36,1420053,,,,,,,,,,,,,,,,,,,,,,,,,,,,,,,,,,,,,,,,,,,,,,,,,TN
3445,f5cfc0ea73926b119ca193381efffbfa5859d867,0.683969990286371,autoland,4768104,12,53390121d39b212135aaffcd577053a14c7f0dff,linux1804-64-shippable-qr,True,False,,,102210fe594ee9b33d82058545b1ed14f4c8206e,custom.jsdebugger.stepOut.DAMP,damp,True,damp custom.jsdebugger.stepOut.DAMP opt e10s fission stylo webrender,4767202,77,ms,firefox,456779224.0,5167787,2024-05-02 23:51:01,1420328,,,,,,,,,,,,,,,,,,,,,,,,,,,,,,,,,,,,,,,,,,,,,,,,,TN
3446,c5c13444d9afc38f2ee8d567a1a17f26a9b6659b,0.7139310986281726,autoland,4768104,12,53390121d39b212135aaffcd577053a14c7f0dff,linux1804-64-shippable-qr,True,False,,,102210fe594ee9b33d82058545b1ed14f4c8206e,custom.jsdebugger.stepOut.DAMP,damp,True,damp custom.jsdebugger.stepOut.DAMP opt e10s fission stylo webrender,4767202,77,ms,firefox,456789311.0,5249651,2024-05-03 04:04:06,1420386,,,,,,,,,,,,,,,,,,,,,,,,,,,,,,,,,,,,,,,,,,,,,,,,,TN
3447,fd534101970b397f34b099196fabc43b927c7fcf,0.6958699801425379,autoland,4768104,12,53390121d39b212135aaffcd577053a14c7f0dff,linux1804-64-shippable-qr,True,False,,,102210fe594ee9b33d82058545b1ed14f4c8206e,custom.jsdebugger.stepOut.DAMP,damp,True,damp custom.jsdebugger.stepOut.DAMP opt e10s fission stylo webrender,4767202,77,ms,firefox,456818251.0,5395189,2024-05-03 08:10:40,1420452,,,,,,,,,,,,,,,,,,,,,,,,,,,,,,,,,,,,,,,,,,,,,,,,,TN
3448,e91d8e436dcc57f87d15822b1dc5b12644cb980e,0.6901523424726201,autoland,4768104,12,53390121d39b212135aaffcd577053a14c7f0dff,linux1804-64-shippable-qr,True,False,,,102210fe594ee9b33d82058545b1ed14f4c8206e,custom.jsdebugger.stepOut.DAMP,damp,True,damp custom.jsdebugger.stepOut.DAMP opt e10s fission stylo webrender,4767202,77,ms,firefox,456849245.0,5534496,2024-05-03 12:18:12,1420590,,,,,,,,,,,,,,,,,,,,,,,,,,,,,,,,,,,,,,,,,,,,,,,,,TN
3449,0a8a8f84140a331e815f8520a76a3c928e4486ea,0.6755666233562225,autoland,4768104,12,53390121d39b212135aaffcd577053a14c7f0dff,linux1804-64-shippable-qr,True,False,,,102210fe594ee9b33d82058545b1ed14f4c8206e,custom.jsdebugger.stepOut.DAMP,damp,True,damp custom.jsdebugger.stepOut.DAMP opt e10s fission stylo webrender,4767202,77,ms,firefox,456887402.0,5794250,2024-05-03 16:29:14,1420823,,,,,,,,,,,,,,,,,,,,,,,,,,,,,,,,,,,,,,,,,,,,,,,,,TN
3450,1e88e24f01e40c6d9b7e3f222f4fbb0d55c9639d,0.7103044020571558,autoland,4768104,12,53390121d39b212135aaffcd577053a14c7f0dff,linux1804-64-shippable-qr,True,False,,,102210fe594ee9b33d82058545b1ed14f4c8206e,custom.jsdebugger.stepOut.DAMP,damp,True,damp custom.jsdebugger.stepOut.DAMP opt e10s fission stylo webrender,4767202,77,ms,firefox,456908039.0,5951140,2024-05-03 19:41:01,1420975,,,,,,,,,,,,,,,,,,,,,,,,,,,,,,,,,,,,,,,,,,,,,,,,,TN
3451,b5ebcaf20c9cca5a0f4b965c398f0f26296df1b5,0.7209364630005495,autoland,4768104,12,53390121d39b212135aaffcd577053a14c7f0dff,linux1804-64-shippable-qr,True,False,,,102210fe594ee9b33d82058545b1ed14f4c8206e,custom.jsdebugger.stepOut.DAMP,damp,True,damp custom.jsdebugger.stepOut.DAMP opt e10s fission stylo webrender,4767202,77,ms,firefox,456934601.0,6090329,2024-05-04 00:06:35,1421120,,,,,,,,,,,,,,,,,,,,,,,,,,,,,,,,,,,,,,,,,,,,,,,,,TN
3452,a546ec29a8018c8e98e738460e9bdfd5d4003690,0.7370504153032849,autoland,4768104,12,53390121d39b212135aaffcd577053a14c7f0dff,linux1804-64-shippable-qr,True,False,,,102210fe594ee9b33d82058545b1ed14f4c8206e,custom.jsdebugger.stepOut.DAMP,damp,True,damp custom.jsdebugger.stepOut.DAMP opt e10s fission stylo webrender,4767202,77,ms,firefox,456960086.0,6290994,2024-05-04 09:19:48,1421174,,,,,,,,,,,,,,,,,,,,,,,,,,,,,,,,,,,,,,,,,,,,,,,,,TN
3453,422a6a673019bc0e2dfd459eceee9594246a0a9d,0.6968082121669359,autoland,4768104,12,53390121d39b212135aaffcd577053a14c7f0dff,linux1804-64-shippable-qr,True,False,,,102210fe594ee9b33d82058545b1ed14f4c8206e,custom.jsdebugger.stepOut.DAMP,damp,True,damp custom.jsdebugger.stepOut.DAMP opt e10s fission stylo webrender,4767202,77,ms,firefox,456979545.0,6357038,2024-05-04 19:44:42,1421318,,,,,,,,,,,,,,,,,,,,,,,,,,,,,,,,,,,,,,,,,,,,,,,,,TN
3454,1343ec609dea28acb4b297bebd481211e1742b11,0.6958790027125046,autoland,4768104,12,53390121d39b212135aaffcd577053a14c7f0dff,linux1804-64-shippable-qr,True,False,,,102210fe594ee9b33d82058545b1ed14f4c8206e,custom.jsdebugger.stepOut.DAMP,damp,True,damp custom.jsdebugger.stepOut.DAMP opt e10s fission stylo webrender,4767202,77,ms,firefox,456996230.0,6422410,2024-05-05 00:17:27,1421344,,,,,,,,,,,,,,,,,,,,,,,,,,,,,,,,,,,,,,,,,,,,,,,,,TN
3455,5c3e0ef9b916432dfc42f800c3c7997f58ae5a63,0.6968754556988552,autoland,4768104,12,53390121d39b212135aaffcd577053a14c7f0dff,linux1804-64-shippable-qr,True,False,,,102210fe594ee9b33d82058545b1ed14f4c8206e,custom.jsdebugger.stepOut.DAMP,damp,True,damp custom.jsdebugger.stepOut.DAMP opt e10s fission stylo webrender,4767202,77,ms,firefox,457007734.0,6518342,2024-05-05 08:06:08,1421422,,,,,,,,,,,,,,,,,,,,,,,,,,,,,,,,,,,,,,,,,,,,,,,,,TN
3456,286a373804e5360a54d51ec691ba7bfd02def155,0.728363122075204,autoland,4768104,12,53390121d39b212135aaffcd577053a14c7f0dff,linux1804-64-shippable-qr,True,False,,,102210fe594ee9b33d82058545b1ed14f4c8206e,custom.jsdebugger.stepOut.DAMP,damp,True,damp custom.jsdebugger.stepOut.DAMP opt e10s fission stylo webrender,4767202,77,ms,firefox,457031485.0,6632073,2024-05-05 13:09:56,1421444,,,,,,,,,,,,,,,,,,,,,,,,,,,,,,,,,,,,,,,,,,,,,,,,,TN
3457,a6cb5ac7a79af000e99bf48f04ecb2943fcd3c68,0.69318939059749,autoland,4768104,12,53390121d39b212135aaffcd577053a14c7f0dff,linux1804-64-shippable-qr,True,False,,,102210fe594ee9b33d82058545b1ed14f4c8206e,custom.jsdebugger.stepOut.DAMP,damp,True,damp custom.jsdebugger.stepOut.DAMP opt e10s fission stylo webrender,4767202,77,ms,firefox,457036400.0,6684388,2024-05-05 17:38:00,1421459,,,,,,,,,,,,,,,,,,,,,,,,,,,,,,,,,,,,,,,,,,,,,,,,,TN
3458,ea67e3b59c22cea8a2c797ce9a6608d3ddeaeca9,0.7294181785464107,autoland,4768104,12,53390121d39b212135aaffcd577053a14c7f0dff,linux1804-64-shippable-qr,True,False,,,102210fe594ee9b33d82058545b1ed14f4c8206e,custom.jsdebugger.stepOut.DAMP,damp,True,damp custom.jsdebugger.stepOut.DAMP opt e10s fission stylo webrender,4767202,77,ms,firefox,457054477.0,6772716,2024-05-05 22:09:52,1421479,,,,,,,,,,,,,,,,,,,,,,,,,,,,,,,,,,,,,,,,,,,,,,,,,TN
3459,ab041350c7569b831b00994a96625b9354dcf6b6,0.7058756595229476,autoland,4768104,12,53390121d39b212135aaffcd577053a14c7f0dff,linux1804-64-shippable-qr,True,False,,,102210fe594ee9b33d82058545b1ed14f4c8206e,custom.jsdebugger.stepOut.DAMP,damp,True,damp custom.jsdebugger.stepOut.DAMP opt e10s fission stylo webrender,4767202,77,ms,firefox,457060374.0,6834127,2024-05-06 03:19:39,1421502,,,,,,,,,,,,,,,,,,,,,,,,,,,,,,,,,,,,,,,,,,,,,,,,,TN
3460,65e120a9c1dcb9c8f1c8930e808b03aa149eaf40,0.6980348892259103,autoland,4768104,12,53390121d39b212135aaffcd577053a14c7f0dff,linux1804-64-shippable-qr,True,False,,,102210fe594ee9b33d82058545b1ed14f4c8206e,custom.jsdebugger.stepOut.DAMP,damp,True,damp custom.jsdebugger.stepOut.DAMP opt e10s fission stylo webrender,4767202,77,ms,firefox,457069591.0,6899194,2024-05-06 07:31:35,1421524,,,,,,,,,,,,,,,,,,,,,,,,,,,,,,,,,,,,,,,,,,,,,,,,,TN
3461,13b26e8e0e39998b30b388bb6f5d84c0e8067c03,0.7062099446975154,autoland,4768104,12,53390121d39b212135aaffcd577053a14c7f0dff,linux1804-64-shippable-qr,True,False,,,102210fe594ee9b33d82058545b1ed14f4c8206e,custom.jsdebugger.stepOut.DAMP,damp,True,damp custom.jsdebugger.stepOut.DAMP opt e10s fission stylo webrender,4767202,77,ms,firefox,457100801.0,7031988,2024-05-06 11:33:14,1421623,,,,,,,,,,,,,,,,,,,,,,,,,,,,,,,,,,,,,,,,,,,,,,,,,TN
3462,26e8012d5da938871783505e3753b681ab8cb186,0.6869842032912699,autoland,4768104,12,53390121d39b212135aaffcd577053a14c7f0dff,linux1804-64-shippable-qr,True,False,,,102210fe594ee9b33d82058545b1ed14f4c8206e,custom.jsdebugger.stepOut.DAMP,damp,True,damp custom.jsdebugger.stepOut.DAMP opt e10s fission stylo webrender,4767202,77,ms,firefox,457131690.0,7178973,2024-05-06 15:35:21,1421812,,,,,,,,,,,,,,,,,,,,,,,,,,,,,,,,,,,,,,,,,,,,,,,,,TN
3463,eb10b86b18adfc70952409e13993f834d33fa099,0.6828153487266804,autoland,4768104,12,53390121d39b212135aaffcd577053a14c7f0dff,linux1804-64-shippable-qr,True,False,,,102210fe594ee9b33d82058545b1ed14f4c8206e,custom.jsdebugger.stepOut.DAMP,damp,True,damp custom.jsdebugger.stepOut.DAMP opt e10s fission stylo webrender,4767202,77,ms,firefox,457150161.0,7260064,2024-05-06 17:44:25,1421908,,,,,,,,,,,,,,,,,,,,,,,,,,,,,,,,,,,,,,,,,,,,,,,,,TN
3464,4c7b1942b455d9c365693e5584f7ea86c5b33615,0.6934779359822414,autoland,4768104,12,53390121d39b212135aaffcd577053a14c7f0dff,linux1804-64-shippable-qr,True,False,,,102210fe594ee9b33d82058545b1ed14f4c8206e,custom.jsdebugger.stepOut.DAMP,damp,True,damp custom.jsdebugger.stepOut.DAMP opt e10s fission stylo webrender,4767202,77,ms,firefox,457174587.0,7355778,2024-05-06 20:39:16,1422073,,,,,,,,,,,,,,,,,,,,,,,,,,,,,,,,,,,,,,,,,,,,,,,,,TN
3465,945bbd356b57424bcdb359e6d88c48cd03ff2c10,0.6926808856673039,autoland,4768104,12,53390121d39b212135aaffcd577053a14c7f0dff,linux1804-64-shippable-qr,True,False,,,102210fe594ee9b33d82058545b1ed14f4c8206e,custom.jsdebugger.stepOut.DAMP,damp,True,damp custom.jsdebugger.stepOut.DAMP opt e10s fission stylo webrender,4767202,77,ms,firefox,457211153.0,7523524,2024-05-07 01:41:54,1422278,,,,,,,,,,,,,,,,,,,,,,,,,,,,,,,,,,,,,,,,,,,,,,,,,TN
3466,80150ac16109a11457c3103e68bf1c7ac29270c0,0.6997957956242207,autoland,4768104,12,53390121d39b212135aaffcd577053a14c7f0dff,linux1804-64-shippable-qr,True,False,,,102210fe594ee9b33d82058545b1ed14f4c8206e,custom.jsdebugger.stepOut.DAMP,damp,True,damp custom.jsdebugger.stepOut.DAMP opt e10s fission stylo webrender,4767202,77,ms,firefox,457224834.0,7600939,2024-05-07 06:04:59,1422341,,,,,,,,,,,,,,,,,,,,,,,,,,,,,,,,,,,,,,,,,,,,,,,,,TN
3467,641e15621e7bd2e0e8a2fab82d2b9838e386c3c4,0.7074060030428126,autoland,4768104,12,53390121d39b212135aaffcd577053a14c7f0dff,linux1804-64-shippable-qr,True,False,,,102210fe594ee9b33d82058545b1ed14f4c8206e,custom.jsdebugger.stepOut.DAMP,damp,True,damp custom.jsdebugger.stepOut.DAMP opt e10s fission stylo webrender,4767202,77,ms,firefox,457281165.0,7805548,2024-05-07 10:41:19,1422484,,,,,,,,,,,,,,,,,,,,,,,,,,,,,,,,,,,,,,,,,,,,,,,,,TN
3468,0041f761ddff5c598852d2b5cc41772a3a11cd0b,0.6831311088690528,autoland,4768104,12,53390121d39b212135aaffcd577053a14c7f0dff,linux1804-64-shippable-qr,True,False,,,102210fe594ee9b33d82058545b1ed14f4c8206e,custom.jsdebugger.stepOut.DAMP,damp,True,damp custom.jsdebugger.stepOut.DAMP opt e10s fission stylo webrender,4767202,77,ms,firefox,457313728.0,7946748,2024-05-07 14:42:49,1422671,,,,,,,,,,,,,,,,,,,,,,,,,,,,,,,,,,,,,,,,,,,,,,,,,TN
3469,425b44586178edae02872c1fbc0220a0b4ff4c1d,0.6832089279141236,autoland,4768104,12,53390121d39b212135aaffcd577053a14c7f0dff,linux1804-64-shippable-qr,True,False,,,102210fe594ee9b33d82058545b1ed14f4c8206e,custom.jsdebugger.stepOut.DAMP,damp,True,damp custom.jsdebugger.stepOut.DAMP opt e10s fission stylo webrender,4767202,77,ms,firefox,457345791.0,8130068,2024-05-07 18:25:44,1422943,,,,,,,,,,,,,,,,,,,,,,,,,,,,,,,,,,,,,,,,,,,,,,,,,TN
3470,149e752fdb3fa75a3a02f55e7c7c91f7f704cf8a,0.6950316422056055,autoland,4768104,12,53390121d39b212135aaffcd577053a14c7f0dff,linux1804-64-shippable-qr,True,False,,,102210fe594ee9b33d82058545b1ed14f4c8206e,custom.jsdebugger.stepOut.DAMP,damp,True,damp custom.jsdebugger.stepOut.DAMP opt e10s fission stylo webrender,4767202,77,ms,firefox,457371834.0,8312313,2024-05-07 22:14:58,1423124,,,,,,,,,,,,,,,,,,,,,,,,,,,,,,,,,,,,,,,,,,,,,,,,,TN
3471,a0b3e2669a2dc49c467521cb9b7966ca05e3dbc3,0.705458095659864,autoland,4768104,12,53390121d39b212135aaffcd577053a14c7f0dff,linux1804-64-shippable-qr,True,False,,,102210fe594ee9b33d82058545b1ed14f4c8206e,custom.jsdebugger.stepOut.DAMP,damp,True,damp custom.jsdebugger.stepOut.DAMP opt e10s fission stylo webrender,4767202,77,ms,firefox,457408901.0,8467139,2024-05-08 04:41:52,1423269,,,,,,,,,,,,,,,,,,,,,,,,,,,,,,,,,,,,,,,,,,,,,,,,,TN
3472,bec816ef2f2c29ed86b08bb592d6283618418e16,0.7231511864867466,autoland,4768104,12,53390121d39b212135aaffcd577053a14c7f0dff,linux1804-64-shippable-qr,True,False,,,102210fe594ee9b33d82058545b1ed14f4c8206e,custom.jsdebugger.stepOut.DAMP,damp,True,damp custom.jsdebugger.stepOut.DAMP opt e10s fission stylo webrender,4767202,77,ms,firefox,457421216.0,8544930,2024-05-08 08:48:11,1423316,,,,,,,,,,,,,,,,,,,,,,,,,,,,,,,,,,,,,,,,,,,,,,,,,TN
3473,ed7b6f65910afcd687ef5aaa25605666805796bb,0.6775569460582636,autoland,4768104,12,53390121d39b212135aaffcd577053a14c7f0dff,linux1804-64-shippable-qr,True,False,,,102210fe594ee9b33d82058545b1ed14f4c8206e,custom.jsdebugger.stepOut.DAMP,damp,True,damp custom.jsdebugger.stepOut.DAMP opt e10s fission stylo webrender,4767202,77,ms,firefox,457466523.0,8716712,2024-05-08 13:09:13,1423417,,,,,,,,,,,,,,,,,,,,,,,,,,,,,,,,,,,,,,,,,,,,,,,,,TN
