,revision,value,repository_name,signature_id,framework_id,signature_hash,machine_platform,should_alert,has_subtests,extra_options,tags,option_collection_hash,test,suite,lower_is_better,name,parent_signature,repository_id,measurement_unit,application,job_id,entry_id,push_timestamp,push_id,single_alert_new_value,single_alert_classifier,alert_summary_prev_push_revision,alert_summary_id,single_alert_amount_pct,single_alert_prev_value,alert_summary_first_triaged,alert_summary_framework,single_alert_series_signature_framework_id,single_alert_series_signature_suite_public_name,alert_summary_related_alerts,single_alert_taskcluster_metadata_retry_id,alert_summary_prev_push_id,alert_summary_status,single_alert_status,alert_summary_assignee_username,single_alert_prev_taskcluster_metadata_task_id,alert_summary_bug_number,alert_summary_bug_due_date,single_alert_series_signature_test_public_name,alert_summary_issue_tracker,single_alert_amount_abs,single_alert_id,single_alert_taskcluster_metadata_task_id,single_alert_backfill_record_total_backfills_successful,single_alert_summary_id,single_alert_prev_taskcluster_metadata_retry_id,single_alert_is_regression,single_alert_manually_created,single_alert_classifier_email,single_alert_backfill_record_total_backfills_failed,single_alert_backfill_record_total_actions_triggered,alert_summary_assignee_email,alert_summary_creation_timestamp,single_alert_prev_profile_url,alert_summary_notes,single_alert_noise_profile,single_alert_related_summary_id,alert_summary_bug_updated,single_alert_profile_url,single_alert_backfill_record_context,single_alert_starred,single_alert_backfill_record_total_backfills_in_progress,single_alert_t_value,single_alert_series_signature_suite,single_alert_backfill_record_status,single_alert_series_signature_tags,alert_summary_triage_due_date,alert_summary_status_general
0,59efee44047ab7ec777916f9f2aa533eb33a25fe,0.049232361566327404,mozilla-beta,3892049,13,6b4487d0c1f6bf5aaf17bec9a643c032ec54975b,linux1804-64-shippable-qr,True,False,,|c|o|l|d| |f|i|s|s|i|o|n| |w|e|b|r|e|n|d|e|r|,102210fe594ee9b33d82058545b1ed14f4c8206e,FirstVisualChange,amazon,True,amazon FirstVisualChange opt cold fission webrender,,6,ms,firefox,,1698840949,2023-05-22 10:20:25,1244253,,,,,,,,,,,,,,,,,,,,,,,,,,,,,,,,,,,,,,,,,,,,,,,,,TN
1,f64639378b47382ab57adf6203e2b94c99e1f3cf,0.049232361566327404,mozilla-beta,3892049,13,6b4487d0c1f6bf5aaf17bec9a643c032ec54975b,linux1804-64-shippable-qr,True,False,,|c|o|l|d| |f|i|s|s|i|o|n| |w|e|b|r|e|n|d|e|r|,102210fe594ee9b33d82058545b1ed14f4c8206e,FirstVisualChange,amazon,True,amazon FirstVisualChange opt cold fission webrender,,6,ms,firefox,,1698902414,2023-05-22 12:50:35,1244349,,,,,,,,,,,,,,,,,,,,,,,,,,,,,,,,,,,,,,,,,,,,,,,,,TN
2,3a78a160d7584e6f7624cc20ea364b05d4a3671a,0.049232361566327404,mozilla-beta,3892049,13,6b4487d0c1f6bf5aaf17bec9a643c032ec54975b,linux1804-64-shippable-qr,True,False,,|c|o|l|d| |f|i|s|s|i|o|n| |w|e|b|r|e|n|d|e|r|,102210fe594ee9b33d82058545b1ed14f4c8206e,FirstVisualChange,amazon,True,amazon FirstVisualChange opt cold fission webrender,,6,ms,firefox,,1699047232,2023-05-22 18:02:38,1244588,,,,,,,,,,,,,,,,,,,,,,,,,,,,,,,,,,,,,,,,,,,,,,,,,TN
3,ed40737cb95a517f2a77404a8191d1cd46bbb10b,0.049232361566327404,mozilla-beta,3892049,13,6b4487d0c1f6bf5aaf17bec9a643c032ec54975b,linux1804-64-shippable-qr,True,False,,|c|o|l|d| |f|i|s|s|i|o|n| |w|e|b|r|e|n|d|e|r|,102210fe594ee9b33d82058545b1ed14f4c8206e,FirstVisualChange,amazon,True,amazon FirstVisualChange opt cold fission webrender,,6,ms,firefox,,1699256026,2023-05-23 09:18:46,1244938,,,,,,,,,,,,,,,,,,,,,,,,,,,,,,,,,,,,,,,,,,,,,,,,,TN
4,8eecf106862ea56b832570bd15d10d6e6cd34fe8,0.049232361566327404,mozilla-beta,3892049,13,6b4487d0c1f6bf5aaf17bec9a643c032ec54975b,linux1804-64-shippable-qr,True,False,,|c|o|l|d| |f|i|s|s|i|o|n| |w|e|b|r|e|n|d|e|r|,102210fe594ee9b33d82058545b1ed14f4c8206e,FirstVisualChange,amazon,True,amazon FirstVisualChange opt cold fission webrender,,6,ms,firefox,,1699392342,2023-05-23 13:09:04,1245056,,,,,,,,,,,,,,,,,,,,,,,,,,,,,,,,,,,,,,,,,,,,,,,,,TN
5,18f79b69b59438d998569d811b6f77b0764b3c23,0.049232361566327404,mozilla-beta,3892049,13,6b4487d0c1f6bf5aaf17bec9a643c032ec54975b,linux1804-64-shippable-qr,True,False,,|c|o|l|d| |f|i|s|s|i|o|n| |w|e|b|r|e|n|d|e|r|,102210fe594ee9b33d82058545b1ed14f4c8206e,FirstVisualChange,amazon,True,amazon FirstVisualChange opt cold fission webrender,,6,ms,firefox,,1699483114,2023-05-23 16:30:53,1245237,,,,,,,,,,,,,,,,,,,,,,,,,,,,,,,,,,,,,,,,,,,,,,,,,TN
6,53ee070b649541904b75cbdf9d2b418385b407f7,0.049232361566327404,mozilla-beta,3892049,13,6b4487d0c1f6bf5aaf17bec9a643c032ec54975b,linux1804-64-shippable-qr,True,False,,|c|o|l|d| |f|i|s|s|i|o|n| |w|e|b|r|e|n|d|e|r|,102210fe594ee9b33d82058545b1ed14f4c8206e,FirstVisualChange,amazon,True,amazon FirstVisualChange opt cold fission webrender,,6,ms,firefox,,1699501383,2023-05-23 16:49:14,1245253,,,,,,,,,,,,,,,,,,,,,,,,,,,,,,,,,,,,,,,,,,,,,,,,,TN
7,ac0c93ea38fc5dc013c2c0776560d70a84f234f0,0.049232361566327404,mozilla-beta,3892049,13,6b4487d0c1f6bf5aaf17bec9a643c032ec54975b,linux1804-64-shippable-qr,True,False,,|c|o|l|d| |f|i|s|s|i|o|n| |w|e|b|r|e|n|d|e|r|,102210fe594ee9b33d82058545b1ed14f4c8206e,FirstVisualChange,amazon,True,amazon FirstVisualChange opt cold fission webrender,,6,ms,firefox,,1699534844,2023-05-23 17:46:44,1245316,,,,,,,,,,,,,,,,,,,,,,,,,,,,,,,,,,,,,,,,,,,,,,,,,TN
8,82dc2107af48651dbb964da6c32de7b2c2bc2da3,0.049232361566327404,mozilla-beta,3892049,13,6b4487d0c1f6bf5aaf17bec9a643c032ec54975b,linux1804-64-shippable-qr,True,False,,|c|o|l|d| |f|i|s|s|i|o|n| |w|e|b|r|e|n|d|e|r|,102210fe594ee9b33d82058545b1ed14f4c8206e,FirstVisualChange,amazon,True,amazon FirstVisualChange opt cold fission webrender,,6,ms,firefox,,1699563188,2023-05-23 18:02:01,1245332,,,,,,,,,,,,,,,,,,,,,,,,,,,,,,,,,,,,,,,,,,,,,,,,,TN
9,5f16ffade66ea830c83471e923c1921281da22da,0.049232361566327404,mozilla-beta,3892049,13,6b4487d0c1f6bf5aaf17bec9a643c032ec54975b,linux1804-64-shippable-qr,True,False,,|c|o|l|d| |f|i|s|s|i|o|n| |w|e|b|r|e|n|d|e|r|,102210fe594ee9b33d82058545b1ed14f4c8206e,FirstVisualChange,amazon,True,amazon FirstVisualChange opt cold fission webrender,,6,ms,firefox,,1699569357,2023-05-23 18:36:58,1245358,,,,,,,,,,,,,,,,,,,,,,,,,,,,,,,,,,,,,,,,,,,,,,,,,TN
10,0d591a2b6b3d3c7d1b867a7570fb7a9ea35d950f,0.049232361566327404,mozilla-beta,3892049,13,6b4487d0c1f6bf5aaf17bec9a643c032ec54975b,linux1804-64-shippable-qr,True,False,,|c|o|l|d| |f|i|s|s|i|o|n| |w|e|b|r|e|n|d|e|r|,102210fe594ee9b33d82058545b1ed14f4c8206e,FirstVisualChange,amazon,True,amazon FirstVisualChange opt cold fission webrender,,6,ms,firefox,,1699872434,2023-05-24 06:14:16,1245634,,,,,,,,,,,,,,,,,,,,,,,,,,,,,,,,,,,,,,,,,,,,,,,,,TN
11,7e6afebb6539e964f4e791df7fa66f37f64f0cb1,0.049232361566327404,mozilla-beta,3892049,13,6b4487d0c1f6bf5aaf17bec9a643c032ec54975b,linux1804-64-shippable-qr,True,False,,|c|o|l|d| |f|i|s|s|i|o|n| |w|e|b|r|e|n|d|e|r|,102210fe594ee9b33d82058545b1ed14f4c8206e,FirstVisualChange,amazon,True,amazon FirstVisualChange opt cold fission webrender,,6,ms,firefox,,1700218138,2023-05-24 17:59:27,1246073,,,,,,,,,,,,,,,,,,,,,,,,,,,,,,,,,,,,,,,,,,,,,,,,,TN
12,549d05e67d9150f81a94be134aec3adbc3978974,0.049232361566327404,mozilla-beta,3892049,13,6b4487d0c1f6bf5aaf17bec9a643c032ec54975b,linux1804-64-shippable-qr,True,False,,|c|o|l|d| |f|i|s|s|i|o|n| |w|e|b|r|e|n|d|e|r|,102210fe594ee9b33d82058545b1ed14f4c8206e,FirstVisualChange,amazon,True,amazon FirstVisualChange opt cold fission webrender,,6,ms,firefox,,1700501041,2023-05-25 08:53:12,1246512,,,,,,,,,,,,,,,,,,,,,,,,,,,,,,,,,,,,,,,,,,,,,,,,,TN
13,74857120017a848c1e6eb33a8f5e3b67ec1af7e7,0.049232361566327404,mozilla-beta,3892049,13,6b4487d0c1f6bf5aaf17bec9a643c032ec54975b,linux1804-64-shippable-qr,True,False,,|c|o|l|d| |f|i|s|s|i|o|n| |w|e|b|r|e|n|d|e|r|,102210fe594ee9b33d82058545b1ed14f4c8206e,FirstVisualChange,amazon,True,amazon FirstVisualChange opt cold fission webrender,,6,ms,firefox,,1700590951,2023-05-25 12:01:03,1246620,,,,,,,,,,,,,,,,,,,,,,,,,,,,,,,,,,,,,,,,,,,,,,,,,TN
14,06950c28b7b2ea4afb667dfddd9c2c1b629b1e95,0.049232361566327404,mozilla-beta,3892049,13,6b4487d0c1f6bf5aaf17bec9a643c032ec54975b,linux1804-64-shippable-qr,True,False,,|c|o|l|d| |f|i|s|s|i|o|n| |w|e|b|r|e|n|d|e|r|,102210fe594ee9b33d82058545b1ed14f4c8206e,FirstVisualChange,amazon,True,amazon FirstVisualChange opt cold fission webrender,,6,ms,firefox,,1700701818,2023-05-25 16:17:59,1246803,,,,,,,,,,,,,,,,,,,,,,,,,,,,,,,,,,,,,,,,,,,,,,,,,TN
15,c7f69f20eeaa34260e1425c2783f389ee3a21904,0.049232361566327404,mozilla-beta,3892049,13,6b4487d0c1f6bf5aaf17bec9a643c032ec54975b,linux1804-64-shippable-qr,True,False,,|c|o|l|d| |f|i|s|s|i|o|n| |w|e|b|r|e|n|d|e|r|,102210fe594ee9b33d82058545b1ed14f4c8206e,FirstVisualChange,amazon,True,amazon FirstVisualChange opt cold fission webrender,,6,ms,firefox,,1700782456,2023-05-25 18:01:43,1246893,,,,,,,,,,,,,,,,,,,,,,,,,,,,,,,,,,,,,,,,,,,,,,,,,TN
16,7c4f19e995f5243c1f86e92af5962c3055e9431c,0.049232361566327404,mozilla-beta,3892049,13,6b4487d0c1f6bf5aaf17bec9a643c032ec54975b,linux1804-64-shippable-qr,True,False,,|c|o|l|d| |f|i|s|s|i|o|n| |w|e|b|r|e|n|d|e|r|,102210fe594ee9b33d82058545b1ed14f4c8206e,FirstVisualChange,amazon,True,amazon FirstVisualChange opt cold fission webrender,,6,ms,firefox,,1701543293,2023-05-26 18:00:45,1247633,,,,,,,,,,,,,,,,,,,,,,,,,,,,,,,,,,,,,,,,,,,,,,,,,TN
17,130936826227158557214316326ca1e98c7e7512,0.049232361566327404,mozilla-beta,3892049,13,6b4487d0c1f6bf5aaf17bec9a643c032ec54975b,linux1804-64-shippable-qr,True,False,,|c|o|l|d| |f|i|s|s|i|o|n| |w|e|b|r|e|n|d|e|r|,102210fe594ee9b33d82058545b1ed14f4c8206e,FirstVisualChange,amazon,True,amazon FirstVisualChange opt cold fission webrender,,6,ms,firefox,,1701830486,2023-05-27 09:49:02,1247941,,,,,,,,,,,,,,,,,,,,,,,,,,,,,,,,,,,,,,,,,,,,,,,,,TN
18,1e44db86acddef53ca97589679c211bb70dbfb46,0.049232361566327404,mozilla-beta,3892049,13,6b4487d0c1f6bf5aaf17bec9a643c032ec54975b,linux1804-64-shippable-qr,True,False,,|c|o|l|d| |f|i|s|s|i|o|n| |w|e|b|r|e|n|d|e|r|,102210fe594ee9b33d82058545b1ed14f4c8206e,FirstVisualChange,amazon,True,amazon FirstVisualChange opt cold fission webrender,,6,ms,firefox,,1701934262,2023-05-27 18:01:21,1247970,,,,,,,,,,,,,,,,,,,,,,,,,,,,,,,,,,,,,,,,,,,,,,,,,TN
19,9ab1d5eef731342cf698f2efc5002cf687480992,0.049232361566327404,mozilla-beta,3892049,13,6b4487d0c1f6bf5aaf17bec9a643c032ec54975b,linux1804-64-shippable-qr,True,False,,|c|o|l|d| |f|i|s|s|i|o|n| |w|e|b|r|e|n|d|e|r|,102210fe594ee9b33d82058545b1ed14f4c8206e,FirstVisualChange,amazon,True,amazon FirstVisualChange opt cold fission webrender,,6,ms,firefox,,1702015802,2023-05-28 17:59:00,1248023,,,,,,,,,,,,,,,,,,,,,,,,,,,,,,,,,,,,,,,,,,,,,,,,,TN
20,eb0e5efeb4144e02db4898c481ab299e4ffbe5a5,0.049232361566327404,mozilla-beta,3892049,13,6b4487d0c1f6bf5aaf17bec9a643c032ec54975b,linux1804-64-shippable-qr,True,False,,|c|o|l|d| |f|i|s|s|i|o|n| |w|e|b|r|e|n|d|e|r|,102210fe594ee9b33d82058545b1ed14f4c8206e,FirstVisualChange,amazon,True,amazon FirstVisualChange opt cold fission webrender,,6,ms,firefox,,1705955265,2023-06-05 14:23:29,1251794,,,,,,,,,,,,,,,,,,,,,,,,,,,,,,,,,,,,,,,,,,,,,,,,,TN
21,8b6f8763d212b11acd7421760ab63612ce65bda4,0.049232361566327404,mozilla-beta,3892049,13,6b4487d0c1f6bf5aaf17bec9a643c032ec54975b,linux1804-64-shippable-qr,True,False,,|c|o|l|d| |f|i|s|s|i|o|n| |w|e|b|r|e|n|d|e|r|,102210fe594ee9b33d82058545b1ed14f4c8206e,FirstVisualChange,amazon,True,amazon FirstVisualChange opt cold fission webrender,,6,ms,firefox,,1706046840,2023-06-05 15:57:01,1251874,,,,,,,,,,,,,,,,,,,,,,,,,,,,,,,,,,,,,,,,,,,,,,,,,TN
22,3a0243249f1d09b3f0c43845ba322404a24b2d6b,0.049232361566327404,mozilla-beta,3892049,13,6b4487d0c1f6bf5aaf17bec9a643c032ec54975b,linux1804-64-shippable-qr,True,False,,|c|o|l|d| |f|i|s|s|i|o|n| |w|e|b|r|e|n|d|e|r|,102210fe594ee9b33d82058545b1ed14f4c8206e,FirstVisualChange,amazon,True,amazon FirstVisualChange opt cold fission webrender,,6,ms,firefox,,1706102041,2023-06-05 17:59:24,1251964,,,,,,,,,,,,,,,,,,,,,,,,,,,,,,,,,,,,,,,,,,,,,,,,,TN
23,6c846bc8f52c1e5b929c199b58a33a4dc24df8f5,0.049232361566327404,mozilla-beta,3892049,13,6b4487d0c1f6bf5aaf17bec9a643c032ec54975b,linux1804-64-shippable-qr,True,False,,|c|o|l|d| |f|i|s|s|i|o|n| |w|e|b|r|e|n|d|e|r|,102210fe594ee9b33d82058545b1ed14f4c8206e,FirstVisualChange,amazon,True,amazon FirstVisualChange opt cold fission webrender,,6,ms,firefox,,1706194978,2023-06-05 21:08:31,1252114,,,,,,,,,,,,,,,,,,,,,,,,,,,,,,,,,,,,,,,,,,,,,,,,,TN
24,5f036ce2680a08b950cbfadd770beba129cbb195,0.049232361566327404,mozilla-beta,3892049,13,6b4487d0c1f6bf5aaf17bec9a643c032ec54975b,linux1804-64-shippable-qr,True,False,,|c|o|l|d| |f|i|s|s|i|o|n| |w|e|b|r|e|n|d|e|r|,102210fe594ee9b33d82058545b1ed14f4c8206e,FirstVisualChange,amazon,True,amazon FirstVisualChange opt cold fission webrender,,6,ms,firefox,,1706478961,2023-06-06 09:09:48,1252381,,,,,,,,,,,,,,,,,,,,,,,,,,,,,,,,,,,,,,,,,,,,,,,,,TN
25,5d89dee91e755667a691f2b544a063709213138b,0.06303260307055375,mozilla-beta,3892049,13,6b4487d0c1f6bf5aaf17bec9a643c032ec54975b,linux1804-64-shippable-qr,True,False,,|c|o|l|d| |f|i|s|s|i|o|n| |w|e|b|r|e|n|d|e|r|,102210fe594ee9b33d82058545b1ed14f4c8206e,FirstVisualChange,amazon,True,amazon FirstVisualChange opt cold fission webrender,,6,ms,firefox,,1706742014,2023-06-06 16:19:01,1252629,,,,,,,,,,,,,,,,,,,,,,,,,,,,,,,,,,,,,,,,,,,,,,,,,TN
26,10ed1bfdc481f14670072cdbf87a69d9212c0d6c,0.06303260307055375,mozilla-beta,3892049,13,6b4487d0c1f6bf5aaf17bec9a643c032ec54975b,linux1804-64-shippable-qr,True,False,,|c|o|l|d| |f|i|s|s|i|o|n| |w|e|b|r|e|n|d|e|r|,102210fe594ee9b33d82058545b1ed14f4c8206e,FirstVisualChange,amazon,True,amazon FirstVisualChange opt cold fission webrender,,6,ms,firefox,,1706815557,2023-06-06 18:01:12,1252674,,,,,,,,,,,,,,,,,,,,,,,,,,,,,,,,,,,,,,,,,,,,,,,,,TN
27,bd9ba4216df4d4c08f1a70ecb66009f13ee08aaa,0.049232361566327404,mozilla-beta,3892049,13,6b4487d0c1f6bf5aaf17bec9a643c032ec54975b,linux1804-64-shippable-qr,True,False,,|c|o|l|d| |f|i|s|s|i|o|n| |w|e|b|r|e|n|d|e|r|,102210fe594ee9b33d82058545b1ed14f4c8206e,FirstVisualChange,amazon,True,amazon FirstVisualChange opt cold fission webrender,,6,ms,firefox,,1707482388,2023-06-07 16:41:52,1253259,,,,,,,,,,,,,,,,,,,,,,,,,,,,,,,,,,,,,,,,,,,,,,,,,TN
28,eb1d2dce0bdff337836b19b97828f2dcf437f25e,0.06303260307055375,mozilla-beta,3892049,13,6b4487d0c1f6bf5aaf17bec9a643c032ec54975b,linux1804-64-shippable-qr,True,False,,|c|o|l|d| |f|i|s|s|i|o|n| |w|e|b|r|e|n|d|e|r|,102210fe594ee9b33d82058545b1ed14f4c8206e,FirstVisualChange,amazon,True,amazon FirstVisualChange opt cold fission webrender,,6,ms,firefox,,1707486066,2023-06-07 17:56:51,1253314,,,,,,,,,,,,,,,,,,,,,,,,,,,,,,,,,,,,,,,,,,,,,,,,,TN
29,b0bc9752e921bdc9e4c9de470cbf5fcf72061330,0.049232361566327404,mozilla-beta,3892049,13,6b4487d0c1f6bf5aaf17bec9a643c032ec54975b,linux1804-64-shippable-qr,True,False,,|c|o|l|d| |f|i|s|s|i|o|n| |w|e|b|r|e|n|d|e|r|,102210fe594ee9b33d82058545b1ed14f4c8206e,FirstVisualChange,amazon,True,amazon FirstVisualChange opt cold fission webrender,,6,ms,firefox,,1708062710,2023-06-08 13:18:16,1253873,,,,,,,,,,,,,,,,,,,,,,,,,,,,,,,,,,,,,,,,,,,,,,,,,TN
30,7123a4cb9219dc73123928c80505ef5544239e3c,0.049232361566327404,mozilla-beta,3892049,13,6b4487d0c1f6bf5aaf17bec9a643c032ec54975b,linux1804-64-shippable-qr,True,False,,|c|o|l|d| |f|i|s|s|i|o|n| |w|e|b|r|e|n|d|e|r|,102210fe594ee9b33d82058545b1ed14f4c8206e,FirstVisualChange,amazon,True,amazon FirstVisualChange opt cold fission webrender,,6,ms,firefox,,1708229886,2023-06-08 17:59:52,1254099,,,,,,,,,,,,,,,,,,,,,,,,,,,,,,,,,,,,,,,,,,,,,,,,,TN
31,8ef0eed85dd1724df18acbc52ede7bda8d19d4ca,0.049232361566327404,mozilla-beta,3892049,13,6b4487d0c1f6bf5aaf17bec9a643c032ec54975b,linux1804-64-shippable-qr,True,False,,|c|o|l|d| |f|i|s|s|i|o|n| |w|e|b|r|e|n|d|e|r|,102210fe594ee9b33d82058545b1ed14f4c8206e,FirstVisualChange,amazon,True,amazon FirstVisualChange opt cold fission webrender,,6,ms,firefox,,1708315254,2023-06-08 21:41:16,1254264,,,,,,,,,,,,,,,,,,,,,,,,,,,,,,,,,,,,,,,,,,,,,,,,,TN
32,7b1a019c17f8faeb278c5ff106b55a8737c63e4d,0.049232361566327404,mozilla-beta,3892049,13,6b4487d0c1f6bf5aaf17bec9a643c032ec54975b,linux1804-64-shippable-qr,True,False,,|c|o|l|d| |f|i|s|s|i|o|n| |w|e|b|r|e|n|d|e|r|,102210fe594ee9b33d82058545b1ed14f4c8206e,FirstVisualChange,amazon,True,amazon FirstVisualChange opt cold fission webrender,,6,ms,firefox,,1708695314,2023-06-09 13:50:39,1254632,,,,,,,,,,,,,,,,,,,,,,,,,,,,,,,,,,,,,,,,,,,,,,,,,TN
33,c2d0daebef20fa875f5260a684fe17c55e129a35,0.049232361566327404,mozilla-beta,3892049,13,6b4487d0c1f6bf5aaf17bec9a643c032ec54975b,linux1804-64-shippable-qr,True,False,,|c|o|l|d| |f|i|s|s|i|o|n| |w|e|b|r|e|n|d|e|r|,102210fe594ee9b33d82058545b1ed14f4c8206e,FirstVisualChange,amazon,True,amazon FirstVisualChange opt cold fission webrender,,6,ms,firefox,,1708845805,2023-06-09 18:01:58,1254819,,,,,,,,,,,,,,,,,,,,,,,,,,,,,,,,,,,,,,,,,,,,,,,,,TN
34,5fdbfc5f981230abe820c6b234bcf7262e366be0,0.049232361566327404,mozilla-beta,3892049,13,6b4487d0c1f6bf5aaf17bec9a643c032ec54975b,linux1804-64-shippable-qr,True,False,,|c|o|l|d| |f|i|s|s|i|o|n| |w|e|b|r|e|n|d|e|r|,102210fe594ee9b33d82058545b1ed14f4c8206e,FirstVisualChange,amazon,True,amazon FirstVisualChange opt cold fission webrender,,6,ms,firefox,,1709202340,2023-06-10 18:00:11,1255248,,,,,,,,,,,,,,,,,,,,,,,,,,,,,,,,,,,,,,,,,,,,,,,,,TN
35,b00e6f811a19a3b7ed808efda6906dde57f88e71,0.049232361566327404,mozilla-beta,3892049,13,6b4487d0c1f6bf5aaf17bec9a643c032ec54975b,linux1804-64-shippable-qr,True,False,,|c|o|l|d| |f|i|s|s|i|o|n| |w|e|b|r|e|n|d|e|r|,102210fe594ee9b33d82058545b1ed14f4c8206e,FirstVisualChange,amazon,True,amazon FirstVisualChange opt cold fission webrender,,6,ms,firefox,,1709474946,2023-06-11 14:48:42,1255364,,,,,,,,,,,,,,,,,,,,,,,,,,,,,,,,,,,,,,,,,,,,,,,,,TN
36,fb3ad1dbd6bbf62e33596cc17abc8bff6a4f425f,0.06303260307055375,mozilla-beta,3892049,13,6b4487d0c1f6bf5aaf17bec9a643c032ec54975b,linux1804-64-shippable-qr,True,False,,|c|o|l|d| |f|i|s|s|i|o|n| |w|e|b|r|e|n|d|e|r|,102210fe594ee9b33d82058545b1ed14f4c8206e,FirstVisualChange,amazon,True,amazon FirstVisualChange opt cold fission webrender,,6,ms,firefox,,1709503963,2023-06-11 18:03:00,1255381,,,,,,,,,,,,,,,,,,,,,,,,,,,,,,,,,,,,,,,,,,,,,,,,,TN
37,5951b4f28e66d24853b3a42841374e1beec510f9,0.06303260307055375,mozilla-beta,3892049,13,6b4487d0c1f6bf5aaf17bec9a643c032ec54975b,linux1804-64-shippable-qr,True,False,,|c|o|l|d| |f|i|s|s|i|o|n| |w|e|b|r|e|n|d|e|r|,102210fe594ee9b33d82058545b1ed14f4c8206e,FirstVisualChange,amazon,True,amazon FirstVisualChange opt cold fission webrender,,6,ms,firefox,,1709926474,2023-06-12 13:25:59,1255703,,,,,,,,,,,,,,,,,,,,,,,,,,,,,,,,,,,,,,,,,,,,,,,,,TN
38,795df8f2c2a47a7beef0be639b8c4796877a5c14,0.049232361566327404,mozilla-beta,3892049,13,6b4487d0c1f6bf5aaf17bec9a643c032ec54975b,linux1804-64-shippable-qr,True,False,,|c|o|l|d| |f|i|s|s|i|o|n| |w|e|b|r|e|n|d|e|r|,102210fe594ee9b33d82058545b1ed14f4c8206e,FirstVisualChange,amazon,True,amazon FirstVisualChange opt cold fission webrender,,6,ms,firefox,,1710082740,2023-06-12 17:59:34,1255857,,,,,,,,,,,,,,,,,,,,,,,,,,,,,,,,,,,,,,,,,,,,,,,,,TN
39,1617cf9288b5d9d85d3cde49ead5c3a8452963e4,0.06303260307055375,mozilla-beta,3892049,13,6b4487d0c1f6bf5aaf17bec9a643c032ec54975b,linux1804-64-shippable-qr,True,False,,|c|o|l|d| |f|i|s|s|i|o|n| |w|e|b|r|e|n|d|e|r|,102210fe594ee9b33d82058545b1ed14f4c8206e,FirstVisualChange,amazon,True,amazon FirstVisualChange opt cold fission webrender,,6,ms,firefox,,1710162966,2023-06-12 21:24:58,1256015,,,,,,,,,,,,,,,,,,,,,,,,,,,,,,,,,,,,,,,,,,,,,,,,,TN
40,43f24f969b5b2820fa906b6f56770b9bf8e41982,0.06303260307055375,mozilla-beta,3892049,13,6b4487d0c1f6bf5aaf17bec9a643c032ec54975b,linux1804-64-shippable-qr,True,False,,|c|o|l|d| |f|i|s|s|i|o|n| |w|e|b|r|e|n|d|e|r|,102210fe594ee9b33d82058545b1ed14f4c8206e,FirstVisualChange,amazon,True,amazon FirstVisualChange opt cold fission webrender,,6,ms,firefox,,1710557826,2023-06-13 13:44:08,1256472,,,,,,,,,,,,,,,,,,,,,,,,,,,,,,,,,,,,,,,,,,,,,,,,,TN
41,5cacd05ad73e50693f7c5cfd239e806f0e58ec8f,0.06303260307055375,mozilla-beta,3892049,13,6b4487d0c1f6bf5aaf17bec9a643c032ec54975b,linux1804-64-shippable-qr,True,False,,|c|o|l|d| |f|i|s|s|i|o|n| |w|e|b|r|e|n|d|e|r|,102210fe594ee9b33d82058545b1ed14f4c8206e,FirstVisualChange,amazon,True,amazon FirstVisualChange opt cold fission webrender,,6,ms,firefox,,1710695011,2023-06-13 17:45:06,1256646,,,,,,,,,,,,,,,,,,,,,,,,,,,,,,,,,,,,,,,,,,,,,,,,,TN
42,c5a9aa9f93cf2309ec4a0cdabdf71b31c3bd3ab6,0.049232361566327404,mozilla-beta,3892049,13,6b4487d0c1f6bf5aaf17bec9a643c032ec54975b,linux1804-64-shippable-qr,True,False,,|c|o|l|d| |f|i|s|s|i|o|n| |w|e|b|r|e|n|d|e|r|,102210fe594ee9b33d82058545b1ed14f4c8206e,FirstVisualChange,amazon,True,amazon FirstVisualChange opt cold fission webrender,,6,ms,firefox,,1710710183,2023-06-13 18:00:33,1256653,,,,,,,,,,,,,,,,,,,,,,,,,,,,,,,,,,,,,,,,,,,,,,,,,TN
43,66b9443a2c92f97fbf62417687051ad4e85b1800,0.06303260307055375,mozilla-beta,3892049,13,6b4487d0c1f6bf5aaf17bec9a643c032ec54975b,linux1804-64-shippable-qr,True,False,,|c|o|l|d| |f|i|s|s|i|o|n| |w|e|b|r|e|n|d|e|r|,102210fe594ee9b33d82058545b1ed14f4c8206e,FirstVisualChange,amazon,True,amazon FirstVisualChange opt cold fission webrender,,6,ms,firefox,,1710771884,2023-06-13 19:54:13,1256729,,,,,,,,,,,,,,,,,,,,,,,,,,,,,,,,,,,,,,,,,,,,,,,,,TN
44,f6e68416dea42dbf642d2efe416f7727ac761f11,0.035432120062101086,mozilla-beta,3892049,13,6b4487d0c1f6bf5aaf17bec9a643c032ec54975b,linux1804-64-shippable-qr,True,False,,|c|o|l|d| |f|i|s|s|i|o|n| |w|e|b|r|e|n|d|e|r|,102210fe594ee9b33d82058545b1ed14f4c8206e,FirstVisualChange,amazon,True,amazon FirstVisualChange opt cold fission webrender,,6,ms,firefox,,1711098690,2023-06-14 12:30:00,1257097,,,,,,,,,,,,,,,,,,,,,,,,,,,,,,,,,,,,,,,,,,,,,,,,,TN
45,62d1fc48dcd7fd3d026f5cad77c3092d3b93a961,0.049232361566327404,mozilla-beta,3892049,13,6b4487d0c1f6bf5aaf17bec9a643c032ec54975b,linux1804-64-shippable-qr,True,False,,|c|o|l|d| |f|i|s|s|i|o|n| |w|e|b|r|e|n|d|e|r|,102210fe594ee9b33d82058545b1ed14f4c8206e,FirstVisualChange,amazon,True,amazon FirstVisualChange opt cold fission webrender,,6,ms,firefox,,1711254819,2023-06-14 16:03:12,1257228,,,,,,,,,,,,,,,,,,,,,,,,,,,,,,,,,,,,,,,,,,,,,,,,,TN
46,d01da3405b1219c2d0cc7b559ee0627ad5d8aa5a,0.049232361566327404,mozilla-beta,3892049,13,6b4487d0c1f6bf5aaf17bec9a643c032ec54975b,linux1804-64-shippable-qr,True,False,,|c|o|l|d| |f|i|s|s|i|o|n| |w|e|b|r|e|n|d|e|r|,102210fe594ee9b33d82058545b1ed14f4c8206e,FirstVisualChange,amazon,True,amazon FirstVisualChange opt cold fission webrender,,6,ms,firefox,,1711278488,2023-06-14 16:07:57,1257231,,,,,,,,,,,,,,,,,,,,,,,,,,,,,,,,,,,,,,,,,,,,,,,,,TN
47,c7ff17c6e0144679b7b925a25177776fcec58f8b,0.06303260307055375,mozilla-beta,3892049,13,6b4487d0c1f6bf5aaf17bec9a643c032ec54975b,linux1804-64-shippable-qr,True,False,,|c|o|l|d| |f|i|s|s|i|o|n| |w|e|b|r|e|n|d|e|r|,102210fe594ee9b33d82058545b1ed14f4c8206e,FirstVisualChange,amazon,True,amazon FirstVisualChange opt cold fission webrender,,6,ms,firefox,,1711345801,2023-06-14 18:02:29,1257301,,,,,,,,,,,,,,,,,,,,,,,,,,,,,,,,,,,,,,,,,,,,,,,,,TN
48,64f4243f24b70557c280aa6ddafcc846f384dba8,0.049232361566327404,mozilla-beta,3892049,13,6b4487d0c1f6bf5aaf17bec9a643c032ec54975b,linux1804-64-shippable-qr,True,False,,|c|o|l|d| |f|i|s|s|i|o|n| |w|e|b|r|e|n|d|e|r|,102210fe594ee9b33d82058545b1ed14f4c8206e,FirstVisualChange,amazon,True,amazon FirstVisualChange opt cold fission webrender,,6,ms,firefox,,1711380238,2023-06-14 18:51:27,1257357,,,,,,,,,,,,,,,,,,,,,,,,,,,,,,,,,,,,,,,,,,,,,,,,,TN
49,a81117b03f450c9706e21d0d94dec160cc74d836,0.049232361566327404,mozilla-beta,3892049,13,6b4487d0c1f6bf5aaf17bec9a643c032ec54975b,linux1804-64-shippable-qr,True,False,,|c|o|l|d| |f|i|s|s|i|o|n| |w|e|b|r|e|n|d|e|r|,102210fe594ee9b33d82058545b1ed14f4c8206e,FirstVisualChange,amazon,True,amazon FirstVisualChange opt cold fission webrender,,6,ms,firefox,,1711396571,2023-06-14 19:16:52,1257378,,,,,,,,,,,,,,,,,,,,,,,,,,,,,,,,,,,,,,,,,,,,,,,,,TN
50,2f3cce1e72fe61e4643225e21ac84ccebe84ed30,0.049232361566327404,mozilla-beta,3892049,13,6b4487d0c1f6bf5aaf17bec9a643c032ec54975b,linux1804-64-shippable-qr,True,False,,|c|o|l|d| |f|i|s|s|i|o|n| |w|e|b|r|e|n|d|e|r|,102210fe594ee9b33d82058545b1ed14f4c8206e,FirstVisualChange,amazon,True,amazon FirstVisualChange opt cold fission webrender,,6,ms,firefox,,1711508865,2023-06-14 21:35:27,1257504,,,,,,,,,,,,,,,,,,,,,,,,,,,,,,,,,,,,,,,,,,,,,,,,,TN
51,694f250817cbf4e56d9f88ab3982978b5b1ddfeb,0.049232361566327404,mozilla-beta,3892049,13,6b4487d0c1f6bf5aaf17bec9a643c032ec54975b,linux1804-64-shippable-qr,True,False,,|c|o|l|d| |f|i|s|s|i|o|n| |w|e|b|r|e|n|d|e|r|,102210fe594ee9b33d82058545b1ed14f4c8206e,FirstVisualChange,amazon,True,amazon FirstVisualChange opt cold fission webrender,,6,ms,firefox,,1711880524,2023-06-15 12:50:03,1257977,,,,,,,,,,,,,,,,,,,,,,,,,,,,,,,,,,,,,,,,,,,,,,,,,TN
52,eb3baa1099b7d11565cc634be3a14b4946fa26c7,0.049232361566327404,mozilla-beta,3892049,13,6b4487d0c1f6bf5aaf17bec9a643c032ec54975b,linux1804-64-shippable-qr,True,False,,|c|o|l|d| |f|i|s|s|i|o|n| |w|e|b|r|e|n|d|e|r|,102210fe594ee9b33d82058545b1ed14f4c8206e,FirstVisualChange,amazon,True,amazon FirstVisualChange opt cold fission webrender,,6,ms,firefox,,1711905283,2023-06-15 13:23:28,1257996,,,,,,,,,,,,,,,,,,,,,,,,,,,,,,,,,,,,,,,,,,,,,,,,,TN
53,342783aaf1e5ad6a8b40b22a1618c81a719c436b,0.049232361566327404,mozilla-beta,3892049,13,6b4487d0c1f6bf5aaf17bec9a643c032ec54975b,linux1804-64-shippable-qr,True,False,,|c|o|l|d| |f|i|s|s|i|o|n| |w|e|b|r|e|n|d|e|r|,102210fe594ee9b33d82058545b1ed14f4c8206e,FirstVisualChange,amazon,True,amazon FirstVisualChange opt cold fission webrender,,6,ms,firefox,,1712046562,2023-06-15 16:46:36,1258166,,,,,,,,,,,,,,,,,,,,,,,,,,,,,,,,,,,,,,,,,,,,,,,,,TN
54,9eef95942305594426974a54ca94dd63489c7df0,0.049232361566327404,mozilla-beta,3892049,13,6b4487d0c1f6bf5aaf17bec9a643c032ec54975b,linux1804-64-shippable-qr,True,False,,|c|o|l|d| |f|i|s|s|i|o|n| |w|e|b|r|e|n|d|e|r|,102210fe594ee9b33d82058545b1ed14f4c8206e,FirstVisualChange,amazon,True,amazon FirstVisualChange opt cold fission webrender,,6,ms,firefox,,1712097778,2023-06-15 17:58:02,1258224,,,,,,,,,,,,,,,,,,,,,,,,,,,,,,,,,,,,,,,,,,,,,,,,,TN
55,e25852ed404ec6289f7c9f1023510a8444d4483a,0.049232361566327404,mozilla-beta,3892049,13,6b4487d0c1f6bf5aaf17bec9a643c032ec54975b,linux1804-64-shippable-qr,True,False,,|c|o|l|d| |f|i|s|s|i|o|n| |w|e|b|r|e|n|d|e|r|,102210fe594ee9b33d82058545b1ed14f4c8206e,FirstVisualChange,amazon,True,amazon FirstVisualChange opt cold fission webrender,,6,ms,firefox,,1712592617,2023-06-16 12:17:47,1258818,,,,,,,,,,,,,,,,,,,,,,,,,,,,,,,,,,,,,,,,,,,,,,,,,TN
56,9c261dccd96ad7615ed5dfa6bb2130b2d3199fee,0.049232361566327404,mozilla-beta,3892049,13,6b4487d0c1f6bf5aaf17bec9a643c032ec54975b,linux1804-64-shippable-qr,True,False,,|c|o|l|d| |f|i|s|s|i|o|n| |w|e|b|r|e|n|d|e|r|,102210fe594ee9b33d82058545b1ed14f4c8206e,FirstVisualChange,amazon,True,amazon FirstVisualChange opt cold fission webrender,,6,ms,firefox,,1712713721,2023-06-16 14:00:16,1258885,,,,,,,,,,,,,,,,,,,,,,,,,,,,,,,,,,,,,,,,,,,,,,,,,TN
57,2d70dba8bc4fac04fc507a6843648c65e655a9fc,0.09063308607900639,mozilla-beta,3892049,13,6b4487d0c1f6bf5aaf17bec9a643c032ec54975b,linux1804-64-shippable-qr,True,False,,|c|o|l|d| |f|i|s|s|i|o|n| |w|e|b|r|e|n|d|e|r|,102210fe594ee9b33d82058545b1ed14f4c8206e,FirstVisualChange,amazon,True,amazon FirstVisualChange opt cold fission webrender,,6,ms,firefox,,1712793424,2023-06-16 16:25:38,1259000,,,,,,,,,,,,,,,,,,,,,,,,,,,,,,,,,,,,,,,,,,,,,,,,,TN
58,0d1afa980fd5e9592d083e71a8f7b15c55d8da7a,0.07683284457478007,mozilla-beta,3892049,13,6b4487d0c1f6bf5aaf17bec9a643c032ec54975b,linux1804-64-shippable-qr,True,False,,|c|o|l|d| |f|i|s|s|i|o|n| |w|e|b|r|e|n|d|e|r|,102210fe594ee9b33d82058545b1ed14f4c8206e,FirstVisualChange,amazon,True,amazon FirstVisualChange opt cold fission webrender,,6,ms,firefox,,1712849184,2023-06-16 17:26:28,1259042,,,,,,,,,,,,,,,,,,,,,,,,,,,,,,,,,,,,,,,,,,,,,,,,,TN
59,674af946dedcc6cb70fb6618f3260776f1b576a3,0.09063308607900639,mozilla-beta,3892049,13,6b4487d0c1f6bf5aaf17bec9a643c032ec54975b,linux1804-64-shippable-qr,True,False,,|c|o|l|d| |f|i|s|s|i|o|n| |w|e|b|r|e|n|d|e|r|,102210fe594ee9b33d82058545b1ed14f4c8206e,FirstVisualChange,amazon,True,amazon FirstVisualChange opt cold fission webrender,,6,ms,firefox,,1712869603,2023-06-16 18:00:51,1259071,,,,,,,,,,,,,,,,,,,,,,,,,,,,,,,,,,,,,,,,,,,,,,,,,TN
60,52a96b277058ecfdb1675b8b331a6600d9ed0a72,0.07683284457478007,mozilla-beta,3892049,13,6b4487d0c1f6bf5aaf17bec9a643c032ec54975b,linux1804-64-shippable-qr,True,False,,|c|o|l|d| |f|i|s|s|i|o|n| |w|e|b|r|e|n|d|e|r|,102210fe594ee9b33d82058545b1ed14f4c8206e,FirstVisualChange,amazon,True,amazon FirstVisualChange opt cold fission webrender,,6,ms,firefox,,1712888260,2023-06-16 18:38:48,1259110,,,,,,,,,,,,,,,,,,,,,,,,,,,,,,,,,,,,,,,,,,,,,,,,,TN
61,a0f771ea7ef5471029c3c2df766b55bb375dec59,0.049232361566327404,mozilla-beta,3892049,13,6b4487d0c1f6bf5aaf17bec9a643c032ec54975b,linux1804-64-shippable-qr,True,False,,|c|o|l|d| |f|i|s|s|i|o|n| |w|e|b|r|e|n|d|e|r|,102210fe594ee9b33d82058545b1ed14f4c8206e,FirstVisualChange,amazon,True,amazon FirstVisualChange opt cold fission webrender,,6,ms,firefox,,1713186557,2023-06-17 14:26:16,1259379,,,,,,,,,,,,,,,,,,,,,,,,,,,,,,,,,,,,,,,,,,,,,,,,,TN
62,9bea68f5a93823e72353cd0a13950265001dea22,0.035432120062101086,mozilla-beta,3892049,13,6b4487d0c1f6bf5aaf17bec9a643c032ec54975b,linux1804-64-shippable-qr,True,False,,|c|o|l|d| |f|i|s|s|i|o|n| |w|e|b|r|e|n|d|e|r|,102210fe594ee9b33d82058545b1ed14f4c8206e,FirstVisualChange,amazon,True,amazon FirstVisualChange opt cold fission webrender,,6,ms,firefox,,1713231849,2023-06-17 17:58:30,1259394,,,,,,,,,,,,,,,,,,,,,,,,,,,,,,,,,,,,,,,,,,,,,,,,,TN
63,b27c9dccd8728a3110d43ec3316d685a30479f7e,0.049232361566327404,mozilla-beta,3892049,13,6b4487d0c1f6bf5aaf17bec9a643c032ec54975b,linux1804-64-shippable-qr,True,False,,|c|o|l|d| |f|i|s|s|i|o|n| |w|e|b|r|e|n|d|e|r|,102210fe594ee9b33d82058545b1ed14f4c8206e,FirstVisualChange,amazon,True,amazon FirstVisualChange opt cold fission webrender,,6,ms,firefox,,1713505594,2023-06-18 18:02:18,1259476,,,,,,,,,,,,,,,,,,,,,,,,,,,,,,,,,,,,,,,,,,,,,,,,,TN
64,adf8be9db85188012cda047766ed806a2017ec5d,0.049232361566327404,mozilla-beta,3892049,13,6b4487d0c1f6bf5aaf17bec9a643c032ec54975b,linux1804-64-shippable-qr,True,False,,|c|o|l|d| |f|i|s|s|i|o|n| |w|e|b|r|e|n|d|e|r|,102210fe594ee9b33d82058545b1ed14f4c8206e,FirstVisualChange,amazon,True,amazon FirstVisualChange opt cold fission webrender,,6,ms,firefox,,1714000040,2023-06-19 13:34:03,1259766,,,,,,,,,,,,,,,,,,,,,,,,,,,,,,,,,,,,,,,,,,,,,,,,,TN
65,f5a4c8a56c4084fb474ef9a83dc8099331777010,0.049232361566327404,mozilla-beta,3892049,13,6b4487d0c1f6bf5aaf17bec9a643c032ec54975b,linux1804-64-shippable-qr,True,False,,|c|o|l|d| |f|i|s|s|i|o|n| |w|e|b|r|e|n|d|e|r|,102210fe594ee9b33d82058545b1ed14f4c8206e,FirstVisualChange,amazon,True,amazon FirstVisualChange opt cold fission webrender,,6,ms,firefox,,1714094110,2023-06-19 18:00:07,1259894,,,,,,,,,,,,,,,,,,,,,,,,,,,,,,,,,,,,,,,,,,,,,,,,,TN
66,1fd1675876cf4ace179d70ab72cf9cc67ef382fd,0.07683284457478007,mozilla-beta,3892049,13,6b4487d0c1f6bf5aaf17bec9a643c032ec54975b,linux1804-64-shippable-qr,True,False,,|c|o|l|d| |f|i|s|s|i|o|n| |w|e|b|r|e|n|d|e|r|,102210fe594ee9b33d82058545b1ed14f4c8206e,FirstVisualChange,amazon,True,amazon FirstVisualChange opt cold fission webrender,,6,ms,firefox,,1714748891,2023-06-20 13:15:48,1260317,616.67,mozilla-ldap/aionescu@mozilla.com,f5a4c8a56c4084fb474ef9a83dc8099331777010,38836.0,14.91,536.67,2023-06-23 06:14:30.421059,13.0,13.0,,,,1259894.0,3.0,3.0,mozilla-ldap/aionescu@mozilla.com,,,2023-06-29 15:08:19.917902,,1.0,80.0,177640.0,,,38836.0,,True,False,aionescu@mozilla.com,,,aionescu@mozilla.com,2023-06-22 15:08:19.917902,,,SKEWED,,,,,False,,7.42,amazon,,"cold, fission, webrender",2023-06-27 15:08:19.917902,FP
67,0e3e70a7494b91f847545f541f60c2afdffdc973,0.09063308607900639,mozilla-beta,3892049,13,6b4487d0c1f6bf5aaf17bec9a643c032ec54975b,linux1804-64-shippable-qr,True,False,,|c|o|l|d| |f|i|s|s|i|o|n| |w|e|b|r|e|n|d|e|r|,102210fe594ee9b33d82058545b1ed14f4c8206e,FirstVisualChange,amazon,True,amazon FirstVisualChange opt cold fission webrender,,6,ms,firefox,,1714787648,2023-06-20 14:20:56,1260368,,,,,,,,,,,,,,,,,,,,,,,,,,,,,,,,,,,,,,,,,,,,,,,,,TN
68,d80d61687ffcaa2e80424701a477210e3c29e1e4,0.07683284457478007,mozilla-beta,3892049,13,6b4487d0c1f6bf5aaf17bec9a643c032ec54975b,linux1804-64-shippable-qr,True,False,,|c|o|l|d| |f|i|s|s|i|o|n| |w|e|b|r|e|n|d|e|r|,102210fe594ee9b33d82058545b1ed14f4c8206e,FirstVisualChange,amazon,True,amazon FirstVisualChange opt cold fission webrender,,6,ms,firefox,,1714915909,2023-06-20 16:59:19,1260535,,,,,,,,,,,,,,,,,,,,,,,,,,,,,,,,,,,,,,,,,,,,,,,,,TN
69,fdd1d4854968d51f3c174deecd5ead8c74793315,0.09063308607900639,mozilla-beta,3892049,13,6b4487d0c1f6bf5aaf17bec9a643c032ec54975b,linux1804-64-shippable-qr,True,False,,|c|o|l|d| |f|i|s|s|i|o|n| |w|e|b|r|e|n|d|e|r|,102210fe594ee9b33d82058545b1ed14f4c8206e,FirstVisualChange,amazon,True,amazon FirstVisualChange opt cold fission webrender,,6,ms,firefox,,1714927369,2023-06-20 17:24:22,1260558,,,,,,,,,,,,,,,,,,,,,,,,,,,,,,,,,,,,,,,,,,,,,,,,,TN
70,d30b3cd164afe66b9db586154a0af4b5d4791308,0.07683284457478007,mozilla-beta,3892049,13,6b4487d0c1f6bf5aaf17bec9a643c032ec54975b,linux1804-64-shippable-qr,True,False,,|c|o|l|d| |f|i|s|s|i|o|n| |w|e|b|r|e|n|d|e|r|,102210fe594ee9b33d82058545b1ed14f4c8206e,FirstVisualChange,amazon,True,amazon FirstVisualChange opt cold fission webrender,,6,ms,firefox,,1714949661,2023-06-20 18:00:51,1260587,,,,,,,,,,,,,,,,,,,,,,,,,,,,,,,,,,,,,,,,,,,,,,,,,TN
71,cf1d9c398e1664622904b2d01e0eb2a9b42e5d54,0.09063308607900639,mozilla-beta,3892049,13,6b4487d0c1f6bf5aaf17bec9a643c032ec54975b,linux1804-64-shippable-qr,True,False,,|c|o|l|d| |f|i|s|s|i|o|n| |w|e|b|r|e|n|d|e|r|,102210fe594ee9b33d82058545b1ed14f4c8206e,FirstVisualChange,amazon,True,amazon FirstVisualChange opt cold fission webrender,,6,ms,firefox,,1715670582,2023-06-21 13:26:34,1261229,,,,,,,,,,,,,,,,,,,,,,,,,,,,,,,,,,,,,,,,,,,,,,,,,TN
72,3a2f506cc4b8d7f3a8d99388d68485b5603f22ca,0.09063308607900639,mozilla-beta,3892049,13,6b4487d0c1f6bf5aaf17bec9a643c032ec54975b,linux1804-64-shippable-qr,True,False,,|c|o|l|d| |f|i|s|s|i|o|n| |w|e|b|r|e|n|d|e|r|,102210fe594ee9b33d82058545b1ed14f4c8206e,FirstVisualChange,amazon,True,amazon FirstVisualChange opt cold fission webrender,,6,ms,firefox,,1715830464,2023-06-21 18:11:33,1261396,,,,,,,,,,,,,,,,,,,,,,,,,,,,,,,,,,,,,,,,,,,,,,,,,TN
73,f3ff17245015ec7abbec1cc6ee2cfce3b96bd3d5,0.09063308607900639,mozilla-beta,3892049,13,6b4487d0c1f6bf5aaf17bec9a643c032ec54975b,linux1804-64-shippable-qr,True,False,,|c|o|l|d| |f|i|s|s|i|o|n| |w|e|b|r|e|n|d|e|r|,102210fe594ee9b33d82058545b1ed14f4c8206e,FirstVisualChange,amazon,True,amazon FirstVisualChange opt cold fission webrender,,6,ms,firefox,,1715923247,2023-06-21 20:07:35,1261505,,,,,,,,,,,,,,,,,,,,,,,,,,,,,,,,,,,,,,,,,,,,,,,,,TN
74,21fdd11b59cbcf17e476b707f5f59ebcb4fa474e,0.07683284457478007,mozilla-beta,3892049,13,6b4487d0c1f6bf5aaf17bec9a643c032ec54975b,linux1804-64-shippable-qr,True,False,,|c|o|l|d| |f|i|s|s|i|o|n| |w|e|b|r|e|n|d|e|r|,102210fe594ee9b33d82058545b1ed14f4c8206e,FirstVisualChange,amazon,True,amazon FirstVisualChange opt cold fission webrender,,6,ms,firefox,,1716200984,2023-06-22 11:20:57,1262041,,,,,,,,,,,,,,,,,,,,,,,,,,,,,,,,,,,,,,,,,,,,,,,,,TN
75,7da579f6a813f30bd4f009a2a1f7911def52e572,0.07683284457478007,mozilla-beta,3892049,13,6b4487d0c1f6bf5aaf17bec9a643c032ec54975b,linux1804-64-shippable-qr,True,False,,|c|o|l|d| |f|i|s|s|i|o|n| |w|e|b|r|e|n|d|e|r|,102210fe594ee9b33d82058545b1ed14f4c8206e,FirstVisualChange,amazon,True,amazon FirstVisualChange opt cold fission webrender,,6,ms,firefox,,1716241396,2023-06-22 12:38:03,1262084,,,,,,,,,,,,,,,,,,,,,,,,,,,,,,,,,,,,,,,,,,,,,,,,,TN
76,6722dee8d3773705cd9d4eddb3baf3333015aed2,0.07683284457478007,mozilla-beta,3892049,13,6b4487d0c1f6bf5aaf17bec9a643c032ec54975b,linux1804-64-shippable-qr,True,False,,|c|o|l|d| |f|i|s|s|i|o|n| |w|e|b|r|e|n|d|e|r|,102210fe594ee9b33d82058545b1ed14f4c8206e,FirstVisualChange,amazon,True,amazon FirstVisualChange opt cold fission webrender,,6,ms,firefox,,1716265076,2023-06-22 13:03:32,1262107,,,,,,,,,,,,,,,,,,,,,,,,,,,,,,,,,,,,,,,,,,,,,,,,,TN
77,3673ad484e13ce731e7fc368a7e6b114d5eeee44,0.07683284457478007,mozilla-beta,3892049,13,6b4487d0c1f6bf5aaf17bec9a643c032ec54975b,linux1804-64-shippable-qr,True,False,,|c|o|l|d| |f|i|s|s|i|o|n| |w|e|b|r|e|n|d|e|r|,102210fe594ee9b33d82058545b1ed14f4c8206e,FirstVisualChange,amazon,True,amazon FirstVisualChange opt cold fission webrender,,6,ms,firefox,,1716290083,2023-06-22 13:08:25,1262111,,,,,,,,,,,,,,,,,,,,,,,,,,,,,,,,,,,,,,,,,,,,,,,,,TN
78,027186aaa28cc91b5f9484c62413e2a3936e84ca,0.07683284457478007,mozilla-beta,3892049,13,6b4487d0c1f6bf5aaf17bec9a643c032ec54975b,linux1804-64-shippable-qr,True,False,,|c|o|l|d| |f|i|s|s|i|o|n| |w|e|b|r|e|n|d|e|r|,102210fe594ee9b33d82058545b1ed14f4c8206e,FirstVisualChange,amazon,True,amazon FirstVisualChange opt cold fission webrender,,6,ms,firefox,,1716320222,2023-06-22 13:37:22,1262125,,,,,,,,,,,,,,,,,,,,,,,,,,,,,,,,,,,,,,,,,,,,,,,,,TN
79,6cdb4c2436de23c3699b154aa73e6710a95c98b0,0.09063308607900639,mozilla-beta,3892049,13,6b4487d0c1f6bf5aaf17bec9a643c032ec54975b,linux1804-64-shippable-qr,True,False,,|c|o|l|d| |f|i|s|s|i|o|n| |w|e|b|r|e|n|d|e|r|,102210fe594ee9b33d82058545b1ed14f4c8206e,FirstVisualChange,amazon,True,amazon FirstVisualChange opt cold fission webrender,,6,ms,firefox,,1716379925,2023-06-22 16:12:21,1262276,,,,,,,,,,,,,,,,,,,,,,,,,,,,,,,,,,,,,,,,,,,,,,,,,TN
80,6c222240ff315735f42bc230693f4ddfa0b6ac7f,0.049232361566327404,mozilla-beta,3892049,13,6b4487d0c1f6bf5aaf17bec9a643c032ec54975b,linux1804-64-shippable-qr,True,False,,|c|o|l|d| |f|i|s|s|i|o|n| |w|e|b|r|e|n|d|e|r|,102210fe594ee9b33d82058545b1ed14f4c8206e,FirstVisualChange,amazon,True,amazon FirstVisualChange opt cold fission webrender,,6,ms,firefox,,1717023394,2023-06-23 13:38:03,1262945,,,,,,,,,,,,,,,,,,,,,,,,,,,,,,,,,,,,,,,,,,,,,,,,,TN
81,1ba3d3c99916f850738f21670775ef715521a5df,0.035432120062101086,mozilla-beta,3892049,13,6b4487d0c1f6bf5aaf17bec9a643c032ec54975b,linux1804-64-shippable-qr,True,False,,|c|o|l|d| |f|i|s|s|i|o|n| |w|e|b|r|e|n|d|e|r|,102210fe594ee9b33d82058545b1ed14f4c8206e,FirstVisualChange,amazon,True,amazon FirstVisualChange opt cold fission webrender,,6,ms,firefox,,1717152848,2023-06-23 18:03:44,1263072,,,,,,,,,,,,,,,,,,,,,,,,,,,,,,,,,,,,,,,,,,,,,,,,,TN
82,6e906785da867056a855a34df3f92db65b8a7c49,0.049232361566327404,mozilla-beta,3892049,13,6b4487d0c1f6bf5aaf17bec9a643c032ec54975b,linux1804-64-shippable-qr,True,False,,|c|o|l|d| |f|i|s|s|i|o|n| |w|e|b|r|e|n|d|e|r|,102210fe594ee9b33d82058545b1ed14f4c8206e,FirstVisualChange,amazon,True,amazon FirstVisualChange opt cold fission webrender,,6,ms,firefox,,1717184248,2023-06-23 18:52:54,1263096,,,,,,,,,,,,,,,,,,,,,,,,,,,,,,,,,,,,,,,,,,,,,,,,,TN
83,3b9f2c4be4f6e4271c11c1d4407eae55196c950d,0.021631878557874767,mozilla-beta,3892049,13,6b4487d0c1f6bf5aaf17bec9a643c032ec54975b,linux1804-64-shippable-qr,True,False,,|c|o|l|d| |f|i|s|s|i|o|n| |w|e|b|r|e|n|d|e|r|,102210fe594ee9b33d82058545b1ed14f4c8206e,FirstVisualChange,amazon,True,amazon FirstVisualChange opt cold fission webrender,,6,ms,firefox,,1717315164,2023-06-24 13:12:41,1263171,,,,,,,,,,,,,,,,,,,,,,,,,,,,,,,,,,,,,,,,,,,,,,,,,TN
84,4576212ef8edf2209dd7f1b3605a741be564cf74,0.049232361566327404,mozilla-beta,3892049,13,6b4487d0c1f6bf5aaf17bec9a643c032ec54975b,linux1804-64-shippable-qr,True,False,,|c|o|l|d| |f|i|s|s|i|o|n| |w|e|b|r|e|n|d|e|r|,102210fe594ee9b33d82058545b1ed14f4c8206e,FirstVisualChange,amazon,True,amazon FirstVisualChange opt cold fission webrender,,6,ms,firefox,,1717369256,2023-06-24 18:00:33,1263268,,,,,,,,,,,,,,,,,,,,,,,,,,,,,,,,,,,,,,,,,,,,,,,,,TN
85,fa15ea81806e25491783ce0553573fb780959801,0.049232361566327404,mozilla-beta,3892049,13,6b4487d0c1f6bf5aaf17bec9a643c032ec54975b,linux1804-64-shippable-qr,True,False,,|c|o|l|d| |f|i|s|s|i|o|n| |w|e|b|r|e|n|d|e|r|,102210fe594ee9b33d82058545b1ed14f4c8206e,FirstVisualChange,amazon,True,amazon FirstVisualChange opt cold fission webrender,,6,ms,firefox,,1717452014,2023-06-24 22:36:22,1263284,,,,,,,,,,,,,,,,,,,,,,,,,,,,,,,,,,,,,,,,,,,,,,,,,TN
86,35de7f48bd8fa9ca1ba185a0021f2d1cafa7f49e,0.07683284457478007,mozilla-beta,3892049,13,6b4487d0c1f6bf5aaf17bec9a643c032ec54975b,linux1804-64-shippable-qr,True,False,,|c|o|l|d| |f|i|s|s|i|o|n| |w|e|b|r|e|n|d|e|r|,102210fe594ee9b33d82058545b1ed14f4c8206e,FirstVisualChange,amazon,True,amazon FirstVisualChange opt cold fission webrender,,6,ms,firefox,,1717524752,2023-06-25 17:59:55,1263345,,,,,,,,,,,,,,,,,,,,,,,,,,,,,,,,,,,,,,,,,,,,,,,,,TN
87,f539365f51c8542b1e354b68e50907668f16878d,0.049232361566327404,mozilla-beta,3892049,13,6b4487d0c1f6bf5aaf17bec9a643c032ec54975b,linux1804-64-shippable-qr,True,False,,|c|o|l|d| |f|i|s|s|i|o|n| |w|e|b|r|e|n|d|e|r|,102210fe594ee9b33d82058545b1ed14f4c8206e,FirstVisualChange,amazon,True,amazon FirstVisualChange opt cold fission webrender,,6,ms,firefox,,1717844814,2023-06-26 13:12:41,1263655,,,,,,,,,,,,,,,,,,,,,,,,,,,,,,,,,,,,,,,,,,,,,,,,,TN
88,035b72e275569245ab5c8844f4ddca8f5ce7da42,0.049232361566327404,mozilla-beta,3892049,13,6b4487d0c1f6bf5aaf17bec9a643c032ec54975b,linux1804-64-shippable-qr,True,False,,|c|o|l|d| |f|i|s|s|i|o|n| |w|e|b|r|e|n|d|e|r|,102210fe594ee9b33d82058545b1ed14f4c8206e,FirstVisualChange,amazon,True,amazon FirstVisualChange opt cold fission webrender,,6,ms,firefox,,1717875969,2023-06-26 14:05:49,1263698,,,,,,,,,,,,,,,,,,,,,,,,,,,,,,,,,,,,,,,,,,,,,,,,,TN
89,d3cecb35f77946efdfc851b00241e7cfb248d4f5,0.5256856994997413,mozilla-beta,3892049,13,6b4487d0c1f6bf5aaf17bec9a643c032ec54975b,linux1804-64-shippable-qr,True,False,,|c|o|l|d| |f|i|s|s|i|o|n| |w|e|b|r|e|n|d|e|r|,102210fe594ee9b33d82058545b1ed14f4c8206e,FirstVisualChange,amazon,True,amazon FirstVisualChange opt cold fission webrender,,6,ms,firefox,,1720968179,2023-07-04 08:05:00,1267289,,,,,,,,,,,,,,,,,,,,,,,,,,,,,,,,,,,,,,,,,,,,,,,,,TN
90,8ac42d8638fae465733db49debf49675c6b20697,0.25872002760048307,mozilla-beta,3892049,13,6b4487d0c1f6bf5aaf17bec9a643c032ec54975b,linux1804-64-shippable-qr,True,False,,|c|o|l|d| |f|i|s|s|i|o|n| |w|e|b|r|e|n|d|e|r|,102210fe594ee9b33d82058545b1ed14f4c8206e,FirstVisualChange,amazon,True,amazon FirstVisualChange opt cold fission webrender,,6,ms,firefox,,1720953331,2023-07-04 08:13:20,1267293,,,,,,,,,,,,,,,,,,,,,,,,,,,,,,,,,,,,,,,,,,,,,,,,,TN
91,d7e3fb8cd375eaf56ea5d3a43285557eaee0a5e0,0.14462653096429187,mozilla-beta,3892049,13,6b4487d0c1f6bf5aaf17bec9a643c032ec54975b,linux1804-64-shippable-qr,True,False,,|c|o|l|d| |f|i|s|s|i|o|n| |w|e|b|r|e|n|d|e|r|,102210fe594ee9b33d82058545b1ed14f4c8206e,FirstVisualChange,amazon,True,amazon FirstVisualChange opt cold fission webrender,,6,ms,firefox,,1721202233,2023-07-04 17:59:10,1267597,,,,,,,,,,,,,,,,,,,,,,,,,,,,,,,,,,,,,,,,,,,,,,,,,TN
92,2251a5bd1148826e0c1e6b3d0c5c6985f6284372,0.07893738140417458,mozilla-beta,3892049,13,6b4487d0c1f6bf5aaf17bec9a643c032ec54975b,linux1804-64-shippable-qr,True,False,,|c|o|l|d| |f|i|s|s|i|o|n| |w|e|b|r|e|n|d|e|r|,102210fe594ee9b33d82058545b1ed14f4c8206e,FirstVisualChange,amazon,True,amazon FirstVisualChange opt cold fission webrender,,6,ms,firefox,,1721305674,2023-07-04 20:50:41,1267656,,,,,,,,,,,,,,,,,,,,,,,,,,,,,,,,,,,,,,,,,,,,,,,,,TN
93,c0cb0ed5b9e39efd1be1f0d0dee1d03db2f8c4af,0.2774883560462308,mozilla-beta,3892049,13,6b4487d0c1f6bf5aaf17bec9a643c032ec54975b,linux1804-64-shippable-qr,True,False,,|c|o|l|d| |f|i|s|s|i|o|n| |w|e|b|r|e|n|d|e|r|,102210fe594ee9b33d82058545b1ed14f4c8206e,FirstVisualChange,amazon,True,amazon FirstVisualChange opt cold fission webrender,,6,ms,firefox,,1721839679,2023-07-05 18:01:37,1268100,,,,,,,,,,,,,,,,,,,,,,,,,,,,,,,,,,,,,,,,,,,,,,,,,TN
94,5b26c16edbef4a3fef8c57d63a680eb3417f22fd,0.4119372089011558,mozilla-beta,3892049,13,6b4487d0c1f6bf5aaf17bec9a643c032ec54975b,linux1804-64-shippable-qr,True,False,,|c|o|l|d| |f|i|s|s|i|o|n| |w|e|b|r|e|n|d|e|r|,102210fe594ee9b33d82058545b1ed14f4c8206e,FirstVisualChange,amazon,True,amazon FirstVisualChange opt cold fission webrender,,6,ms,firefox,,1721957589,2023-07-05 22:18:29,1268276,,,,,,,,,,,,,,,,,,,,,,,,,,,,,,,,,,,,,,,,,,,,,,,,,TN
95,3935d29947b87bf51e6b103f3722fcf0649a883e,0.15028462998102468,mozilla-beta,3892049,13,6b4487d0c1f6bf5aaf17bec9a643c032ec54975b,linux1804-64-shippable-qr,True,False,,|c|o|l|d| |f|i|s|s|i|o|n| |w|e|b|r|e|n|d|e|r|,102210fe594ee9b33d82058545b1ed14f4c8206e,FirstVisualChange,amazon,True,amazon FirstVisualChange opt cold fission webrender,,6,ms,firefox,,1722258539,2023-07-06 14:26:52,1268671,,,,,,,,,,,,,,,,,,,,,,,,,,,,,,,,,,,,,,,,,,,,,,,,,TN
96,b2838888a0e8eb0d0c60ef66175758b37c95f0c5,0.1046403312057961,mozilla-beta,3892049,13,6b4487d0c1f6bf5aaf17bec9a643c032ec54975b,linux1804-64-shippable-qr,True,False,,|c|o|l|d| |f|i|s|s|i|o|n| |w|e|b|r|e|n|d|e|r|,102210fe594ee9b33d82058545b1ed14f4c8206e,FirstVisualChange,amazon,True,amazon FirstVisualChange opt cold fission webrender,,6,ms,firefox,,1722319543,2023-07-06 15:48:00,1268740,,,,,,,,,,,,,,,,,,,,,,,,,,,,,,,,,,,,,,,,,,,,,,,,,TN
97,c8d180ec428a1ceddf5cfb7d1afe16d9e09dcc78,0.08487148525099189,mozilla-beta,3892049,13,6b4487d0c1f6bf5aaf17bec9a643c032ec54975b,linux1804-64-shippable-qr,True,False,,|c|o|l|d| |f|i|s|s|i|o|n| |w|e|b|r|e|n|d|e|r|,102210fe594ee9b33d82058545b1ed14f4c8206e,FirstVisualChange,amazon,True,amazon FirstVisualChange opt cold fission webrender,,6,ms,firefox,,1722400249,2023-07-06 18:02:11,1268824,,,,,,,,,,,,,,,,,,,,,,,,,,,,,,,,,,,,,,,,,,,,,,,,,TN
98,1b6b2288a0f47b37ab70eeb64f69bebf7442b138,0.14987062273589788,mozilla-beta,3892049,13,6b4487d0c1f6bf5aaf17bec9a643c032ec54975b,linux1804-64-shippable-qr,True,False,,|c|o|l|d| |f|i|s|s|i|o|n| |w|e|b|r|e|n|d|e|r|,102210fe594ee9b33d82058545b1ed14f4c8206e,FirstVisualChange,amazon,True,amazon FirstVisualChange opt cold fission webrender,,6,ms,firefox,,1722470700,2023-07-06 19:39:12,1268893,,,,,,,,,,,,,,,,,,,,,,,,,,,,,,,,,,,,,,,,,,,,,,,,,TN
99,97a7b5a61f68e2ac160fe29147306071599bcab2,0.44109021907883383,mozilla-beta,3892049,13,6b4487d0c1f6bf5aaf17bec9a643c032ec54975b,linux1804-64-shippable-qr,True,False,,|c|o|l|d| |f|i|s|s|i|o|n| |w|e|b|r|e|n|d|e|r|,102210fe594ee9b33d82058545b1ed14f4c8206e,FirstVisualChange,amazon,True,amazon FirstVisualChange opt cold fission webrender,,6,ms,firefox,,1722983827,2023-07-07 17:59:16,1269470,,,,,,,,,,,,,,,,,,,,,,,,,,,,,,,,,,,,,,,,,,,,,,,,,TN
100,8c0f8e058e2d2074662db140fe4f5ee081fc8202,0.32861825081938933,mozilla-beta,3892049,13,6b4487d0c1f6bf5aaf17bec9a643c032ec54975b,linux1804-64-shippable-qr,True,False,,|c|o|l|d| |f|i|s|s|i|o|n| |w|e|b|r|e|n|d|e|r|,102210fe594ee9b33d82058545b1ed14f4c8206e,FirstVisualChange,amazon,True,amazon FirstVisualChange opt cold fission webrender,,6,ms,firefox,,1723036870,2023-07-07 18:52:45,1269502,,,,,,,,,,,,,,,,,,,,,,,,,,,,,,,,,,,,,,,,,,,,,,,,,TN
101,80e901c4ae8730b0252c8ec0a16be620158010a7,0.320062101086769,mozilla-beta,3892049,13,6b4487d0c1f6bf5aaf17bec9a643c032ec54975b,linux1804-64-shippable-qr,True,False,,|c|o|l|d| |f|i|s|s|i|o|n| |w|e|b|r|e|n|d|e|r|,102210fe594ee9b33d82058545b1ed14f4c8206e,FirstVisualChange,amazon,True,amazon FirstVisualChange opt cold fission webrender,,6,ms,firefox,,1723379005,2023-07-08 14:56:49,1269733,,,,,,,,,,,,,,,,,,,,,,,,,,,,,,,,,,,,,,,,,,,,,,,,,TN
102,412cbf20869a7438910dbeb0737a67532237ab7f,0.2189408314645506,mozilla-beta,3892049,13,6b4487d0c1f6bf5aaf17bec9a643c032ec54975b,linux1804-64-shippable-qr,True,False,,|c|o|l|d| |f|i|s|s|i|o|n| |w|e|b|r|e|n|d|e|r|,102210fe594ee9b33d82058545b1ed14f4c8206e,FirstVisualChange,amazon,True,amazon FirstVisualChange opt cold fission webrender,,6,ms,firefox,,1723406949,2023-07-08 17:59:20,1269749,,,,,,,,,,,,,,,,,,,,,,,,,,,,,,,,,,,,,,,,,,,,,,,,,TN
103,bd50e163e8d84f51ef341846fb9f41f281917384,0.085181990684837,mozilla-beta,3892049,13,6b4487d0c1f6bf5aaf17bec9a643c032ec54975b,linux1804-64-shippable-qr,True,False,,|c|o|l|d| |f|i|s|s|i|o|n| |w|e|b|r|e|n|d|e|r|,102210fe594ee9b33d82058545b1ed14f4c8206e,FirstVisualChange,amazon,True,amazon FirstVisualChange opt cold fission webrender,,6,ms,firefox,,1723598612,2023-07-09 15:07:05,1269852,,,,,,,,,,,,,,,,,,,,,,,,,,,,,,,,,,,,,,,,,,,,,,,,,TN
104,d98ec7555bb1b00ef809e279882492340c88e7a5,0.5030188028290495,mozilla-beta,3892049,13,6b4487d0c1f6bf5aaf17bec9a643c032ec54975b,linux1804-64-shippable-qr,True,False,,|c|o|l|d| |f|i|s|s|i|o|n| |w|e|b|r|e|n|d|e|r|,102210fe594ee9b33d82058545b1ed14f4c8206e,FirstVisualChange,amazon,True,amazon FirstVisualChange opt cold fission webrender,,6,ms,firefox,,1723649368,2023-07-09 17:59:49,1269878,,,,,,,,,,,,,,,,,,,,,,,,,,,,,,,,,,,,,,,,,,,,,,,,,TN
105,28f60d3dfc47352e5f5b187c3e4b4a912ed6fed7,0.3049508366396412,mozilla-beta,3892049,13,6b4487d0c1f6bf5aaf17bec9a643c032ec54975b,linux1804-64-shippable-qr,True,False,,|c|o|l|d| |f|i|s|s|i|o|n| |w|e|b|r|e|n|d|e|r|,102210fe594ee9b33d82058545b1ed14f4c8206e,FirstVisualChange,amazon,True,amazon FirstVisualChange opt cold fission webrender,,6,ms,firefox,,1724044428,2023-07-10 13:57:38,1270196,,,,,,,,,,,,,,,,,,,,,,,,,,,,,,,,,,,,,,,,,,,,,,,,,TN
106,c80f0af649a4cd12fe9bcdaa48183f8417827feb,0.41638778678626875,mozilla-beta,3892049,13,6b4487d0c1f6bf5aaf17bec9a643c032ec54975b,linux1804-64-shippable-qr,True,False,,|c|o|l|d| |f|i|s|s|i|o|n| |w|e|b|r|e|n|d|e|r|,102210fe594ee9b33d82058545b1ed14f4c8206e,FirstVisualChange,amazon,True,amazon FirstVisualChange opt cold fission webrender,,6,ms,firefox,,1724197478,2023-07-10 18:02:54,1270318,,,,,,,,,,,,,,,,,,,,,,,,,,,,,,,,,,,,,,,,,,,,,,,,,TN
107,1dcdc0d37b33c854558ec0ef2561545b2254d192,0.15570122477143353,mozilla-beta,3892049,13,6b4487d0c1f6bf5aaf17bec9a643c032ec54975b,linux1804-64-shippable-qr,True,False,,|c|o|l|d| |f|i|s|s|i|o|n| |w|e|b|r|e|n|d|e|r|,102210fe594ee9b33d82058545b1ed14f4c8206e,FirstVisualChange,amazon,True,amazon FirstVisualChange opt cold fission webrender,,6,ms,firefox,,1724295970,2023-07-11 00:09:58,1270529,,,,,,,,,,,,,,,,,,,,,,,,,,,,,,,,,,,,,,,,,,,,,,,,,TN
108,a155fa3223a58c6670aaa0c7f7a621b0a8dfd812,0.26158357771261,mozilla-beta,3892049,13,6b4487d0c1f6bf5aaf17bec9a643c032ec54975b,linux1804-64-shippable-qr,True,False,,|c|o|l|d| |f|i|s|s|i|o|n| |w|e|b|r|e|n|d|e|r|,102210fe594ee9b33d82058545b1ed14f4c8206e,FirstVisualChange,amazon,True,amazon FirstVisualChange opt cold fission webrender,,6,ms,firefox,,1724555895,2023-07-11 12:10:33,1270743,,,,,,,,,,,,,,,,,,,,,,,,,,,,,,,,,,,,,,,,,,,,,,,,,TN
109,d59e19237835de1d09c0980460e8c18f149c2cb1,0.4498533724340177,mozilla-beta,3892049,13,6b4487d0c1f6bf5aaf17bec9a643c032ec54975b,linux1804-64-shippable-qr,True,False,,|c|o|l|d| |f|i|s|s|i|o|n| |w|e|b|r|e|n|d|e|r|,102210fe594ee9b33d82058545b1ed14f4c8206e,FirstVisualChange,amazon,True,amazon FirstVisualChange opt cold fission webrender,,6,ms,firefox,,1724596703,2023-07-11 13:49:09,1270799,,,,,,,,,,,,,,,,,,,,,,,,,,,,,,,,,,,,,,,,,,,,,,,,,TN
110,dec4b42fd0a8e659f317a53a70de7fe0a6375b4d,0.1837847162325341,mozilla-beta,3892049,13,6b4487d0c1f6bf5aaf17bec9a643c032ec54975b,linux1804-64-shippable-qr,True,False,,|c|o|l|d| |f|i|s|s|i|o|n| |w|e|b|r|e|n|d|e|r|,102210fe594ee9b33d82058545b1ed14f4c8206e,FirstVisualChange,amazon,True,amazon FirstVisualChange opt cold fission webrender,,6,ms,firefox,,1724742988,2023-07-11 17:59:23,1270960,,,,,,,,,,,,,,,,,,,,,,,,,,,,,,,,,,,,,,,,,,,,,,,,,TN
111,d115233f6cf619edaf715843896dd904ffc421cb,0.280972917026048,mozilla-beta,3892049,13,6b4487d0c1f6bf5aaf17bec9a643c032ec54975b,linux1804-64-shippable-qr,True,False,,|c|o|l|d| |f|i|s|s|i|o|n| |w|e|b|r|e|n|d|e|r|,102210fe594ee9b33d82058545b1ed14f4c8206e,FirstVisualChange,amazon,True,amazon FirstVisualChange opt cold fission webrender,,6,ms,firefox,,1724756332,2023-07-11 18:30:52,1270975,,,,,,,,,,,,,,,,,,,,,,,,,,,,,,,,,,,,,,,,,,,,,,,,,TN
112,52c1585352356cd4c42ae2b1385961b2f88be67b,0.08390546834569607,mozilla-beta,3892049,13,6b4487d0c1f6bf5aaf17bec9a643c032ec54975b,linux1804-64-shippable-qr,True,False,,|c|o|l|d| |f|i|s|s|i|o|n| |w|e|b|r|e|n|d|e|r|,102210fe594ee9b33d82058545b1ed14f4c8206e,FirstVisualChange,amazon,True,amazon FirstVisualChange opt cold fission webrender,,6,ms,firefox,,1725240887,2023-07-12 18:58:21,1271633,,,,,,,,,,,,,,,,,,,,,,,,,,,,,,,,,,,,,,,,,,,,,,,,,TN
113,3eb5925071ba3fd23d2808498d6db974e022a597,0.10947041573227534,mozilla-beta,3892049,13,6b4487d0c1f6bf5aaf17bec9a643c032ec54975b,linux1804-64-shippable-qr,True,False,,|c|o|l|d| |f|i|s|s|i|o|n| |w|e|b|r|e|n|d|e|r|,102210fe594ee9b33d82058545b1ed14f4c8206e,FirstVisualChange,amazon,True,amazon FirstVisualChange opt cold fission webrender,,6,ms,firefox,,1725654476,2023-07-13 14:00:45,1272156,,,,,,,,,,,,,,,,,,,,,,,,,,,,,,,,,,,,,,,,,,,,,,,,,TN
114,4444bd2d76ad1f0ef6f4aff7e59e8e9db81f2305,0.18626875970329484,mozilla-beta,3892049,13,6b4487d0c1f6bf5aaf17bec9a643c032ec54975b,linux1804-64-shippable-qr,True,False,,|c|o|l|d| |f|i|s|s|i|o|n| |w|e|b|r|e|n|d|e|r|,102210fe594ee9b33d82058545b1ed14f4c8206e,FirstVisualChange,amazon,True,amazon FirstVisualChange opt cold fission webrender,,6,ms,firefox,,1725669561,2023-07-13 14:21:58,1272177,,,,,,,,,,,,,,,,,,,,,,,,,,,,,,,,,,,,,,,,,,,,,,,,,TN
115,7a01db8a8e8ad141961b2f5fdf44a2e771de0d46,0.3715715025012938,mozilla-beta,3892049,13,6b4487d0c1f6bf5aaf17bec9a643c032ec54975b,linux1804-64-shippable-qr,True,False,,|c|o|l|d| |f|i|s|s|i|o|n| |w|e|b|r|e|n|d|e|r|,102210fe594ee9b33d82058545b1ed14f4c8206e,FirstVisualChange,amazon,True,amazon FirstVisualChange opt cold fission webrender,,6,ms,firefox,,1725756177,2023-07-13 16:48:18,1272282,,,,,,,,,,,,,,,,,,,,,,,,,,,,,,,,,,,,,,,,,,,,,,,,,TN
116,1871adf64271aebcccf19ede8eee47585bfadb3c,0.29259962049335864,mozilla-beta,3892049,13,6b4487d0c1f6bf5aaf17bec9a643c032ec54975b,linux1804-64-shippable-qr,True,False,,|c|o|l|d| |f|i|s|s|i|o|n| |w|e|b|r|e|n|d|e|r|,102210fe594ee9b33d82058545b1ed14f4c8206e,FirstVisualChange,amazon,True,amazon FirstVisualChange opt cold fission webrender,,6,ms,firefox,,1725780101,2023-07-13 17:59:05,1272345,,,,,,,,,,,,,,,,,,,,,,,,,,,,,,,,,,,,,,,,,,,,,,,,,TN
117,e1d02b6887bb1dcb547f064f74c499da04158df9,0.9407279627393479,mozilla-beta,3892049,13,6b4487d0c1f6bf5aaf17bec9a643c032ec54975b,linux1804-64-shippable-qr,True,False,,|c|o|l|d| |f|i|s|s|i|o|n| |w|e|b|r|e|n|d|e|r|,102210fe594ee9b33d82058545b1ed14f4c8206e,FirstVisualChange,amazon,True,amazon FirstVisualChange opt cold fission webrender,,6,ms,firefox,,1726207774,2023-07-14 13:29:22,1272741,,,,,,,,,,,,,,,,,,,,,,,,,,,,,,,,,,,,,,,,,,,,,,,,,TN
118,c83566264750894d2aa083bfec3b4dddcbaf26c7,0.24064171122994651,mozilla-beta,3892049,13,6b4487d0c1f6bf5aaf17bec9a643c032ec54975b,linux1804-64-shippable-qr,True,False,,|c|o|l|d| |f|i|s|s|i|o|n| |w|e|b|r|e|n|d|e|r|,102210fe594ee9b33d82058545b1ed14f4c8206e,FirstVisualChange,amazon,True,amazon FirstVisualChange opt cold fission webrender,,6,ms,firefox,,1726248753,2023-07-14 14:18:32,1272769,,,,,,,,,,,,,,,,,,,,,,,,,,,,,,,,,,,,,,,,,,,,,,,,,TN
119,f7629ac11e34075dac560bf31065851d441abc3c,0.48632051060893566,mozilla-beta,3892049,13,6b4487d0c1f6bf5aaf17bec9a643c032ec54975b,linux1804-64-shippable-qr,True,False,,|c|o|l|d| |f|i|s|s|i|o|n| |w|e|b|r|e|n|d|e|r|,102210fe594ee9b33d82058545b1ed14f4c8206e,FirstVisualChange,amazon,True,amazon FirstVisualChange opt cold fission webrender,,6,ms,firefox,,1726379660,2023-07-14 17:59:09,1272899,,,,,,,,,,,,,,,,,,,,,,,,,,,,,,,,,,,,,,,,,,,,,,,,,TN
120,dec6f8c6dcc74ba79246da43fd6e20d0eb7f7c0e,0.2365361393824392,mozilla-beta,3892049,13,6b4487d0c1f6bf5aaf17bec9a643c032ec54975b,linux1804-64-shippable-qr,True,False,,|c|o|l|d| |f|i|s|s|i|o|n| |w|e|b|r|e|n|d|e|r|,102210fe594ee9b33d82058545b1ed14f4c8206e,FirstVisualChange,amazon,True,amazon FirstVisualChange opt cold fission webrender,,6,ms,firefox,,1726611594,2023-07-15 18:04:22,1273123,,,,,,,,,,,,,,,,,,,,,,,,,,,,,,,,,,,,,,,,,,,,,,,,,TN
121,9c3147a3e07e168fcaabf4b3783fd84c69a9d24e,0.2976367086424012,mozilla-beta,3892049,13,6b4487d0c1f6bf5aaf17bec9a643c032ec54975b,linux1804-64-shippable-qr,True,False,,|c|o|l|d| |f|i|s|s|i|o|n| |w|e|b|r|e|n|d|e|r|,102210fe594ee9b33d82058545b1ed14f4c8206e,FirstVisualChange,amazon,True,amazon FirstVisualChange opt cold fission webrender,,6,ms,firefox,,1726732388,2023-07-16 13:41:25,1273177,,,,,,,,,,,,,,,,,,,,,,,,,,,,,,,,,,,,,,,,,,,,,,,,,TN
122,cd8c75069cbacdf88ad33dd00ecb9ab12c7ec1e4,0.8005865102639297,mozilla-beta,3892049,13,6b4487d0c1f6bf5aaf17bec9a643c032ec54975b,linux1804-64-shippable-qr,True,False,,|c|o|l|d| |f|i|s|s|i|o|n| |w|e|b|r|e|n|d|e|r|,102210fe594ee9b33d82058545b1ed14f4c8206e,FirstVisualChange,amazon,True,amazon FirstVisualChange opt cold fission webrender,,6,ms,firefox,,1726765902,2023-07-16 18:03:34,1273187,,,,,,,,,,,,,,,,,,,,,,,,,,,,,,,,,,,,,,,,,,,,,,,,,TN
123,6aa12630de4d96f69b09566023e74acb81e116c4,0.24785233741590482,mozilla-beta,3892049,13,6b4487d0c1f6bf5aaf17bec9a643c032ec54975b,linux1804-64-shippable-qr,True,False,,|c|o|l|d| |f|i|s|s|i|o|n| |w|e|b|r|e|n|d|e|r|,102210fe594ee9b33d82058545b1ed14f4c8206e,FirstVisualChange,amazon,True,amazon FirstVisualChange opt cold fission webrender,,6,ms,firefox,,1726972863,2023-07-17 15:06:07,1273493,,,,,,,,,,,,,,,,,,,,,,,,,,,,,,,,,,,,,,,,,,,,,,,,,TN
124,2ddfa7d38c38cf2a3242ea76a3326a0586a2efdc,0.3642228739002933,mozilla-beta,3892049,13,6b4487d0c1f6bf5aaf17bec9a643c032ec54975b,linux1804-64-shippable-qr,True,False,,|c|o|l|d| |f|i|s|s|i|o|n| |w|e|b|r|e|n|d|e|r|,102210fe594ee9b33d82058545b1ed14f4c8206e,FirstVisualChange,amazon,True,amazon FirstVisualChange opt cold fission webrender,,6,ms,firefox,,1727072933,2023-07-17 17:57:13,1273601,,,,,,,,,,,,,,,,,,,,,,,,,,,,,,,,,,,,,,,,,,,,,,,,,TN
125,0423f240445837264164498d5f822c75d5427177,0.19644643781266172,mozilla-beta,3892049,13,6b4487d0c1f6bf5aaf17bec9a643c032ec54975b,linux1804-64-shippable-qr,True,False,,|c|o|l|d| |f|i|s|s|i|o|n| |w|e|b|r|e|n|d|e|r|,102210fe594ee9b33d82058545b1ed14f4c8206e,FirstVisualChange,amazon,True,amazon FirstVisualChange opt cold fission webrender,,6,ms,firefox,,1727080413,2023-07-17 18:13:26,1273620,,,,,,,,,,,,,,,,,,,,,,,,,,,,,,,,,,,,,,,,,,,,,,,,,TN
126,ba11c78ce3b0121f57637dd734e829791d2dfcc4,0.307434880110402,mozilla-beta,3892049,13,6b4487d0c1f6bf5aaf17bec9a643c032ec54975b,linux1804-64-shippable-qr,True,False,,|c|o|l|d| |f|i|s|s|i|o|n| |w|e|b|r|e|n|d|e|r|,102210fe594ee9b33d82058545b1ed14f4c8206e,FirstVisualChange,amazon,True,amazon FirstVisualChange opt cold fission webrender,,6,ms,firefox,,1727506118,2023-07-18 12:20:04,1274042,,,,,,,,,,,,,,,,,,,,,,,,,,,,,,,,,,,,,,,,,,,,,,,,,TN
127,fd830f72726b11de269b925cbd66ea0645dd9491,0.3489736070381232,mozilla-beta,3892049,13,6b4487d0c1f6bf5aaf17bec9a643c032ec54975b,linux1804-64-shippable-qr,True,False,,|c|o|l|d| |f|i|s|s|i|o|n| |w|e|b|r|e|n|d|e|r|,102210fe594ee9b33d82058545b1ed14f4c8206e,FirstVisualChange,amazon,True,amazon FirstVisualChange opt cold fission webrender,,6,ms,firefox,,1727645412,2023-07-18 17:47:25,1274232,,,,,,,,,,,,,,,,,,,,,,,,,,,,,,,,,,,,,,,,,,,,,,,,,TN
128,34301d4d9d7ede8d86907dd4cc41f9fc7d5d7d94,0.26448162842849754,mozilla-beta,3892049,13,6b4487d0c1f6bf5aaf17bec9a643c032ec54975b,linux1804-64-shippable-qr,True,False,,|c|o|l|d| |f|i|s|s|i|o|n| |w|e|b|r|e|n|d|e|r|,102210fe594ee9b33d82058545b1ed14f4c8206e,FirstVisualChange,amazon,True,amazon FirstVisualChange opt cold fission webrender,,6,ms,firefox,,1727682226,2023-07-18 18:01:35,1274236,,,,,,,,,,,,,,,,,,,,,,,,,,,,,,,,,,,,,,,,,,,,,,,,,TN
129,23424f65527c2d906a02bfe4779aff416f03826d,0.33917543557012253,mozilla-beta,3892049,13,6b4487d0c1f6bf5aaf17bec9a643c032ec54975b,linux1804-64-shippable-qr,True,False,,|c|o|l|d| |f|i|s|s|i|o|n| |w|e|b|r|e|n|d|e|r|,102210fe594ee9b33d82058545b1ed14f4c8206e,FirstVisualChange,amazon,True,amazon FirstVisualChange opt cold fission webrender,,6,ms,firefox,,1727697525,2023-07-18 18:53:23,1274269,,,,,,,,,,,,,,,,,,,,,,,,,,,,,,,,,,,,,,,,,,,,,,,,,TN
130,6f204c3c5e075defb94fcfdadf1d930df5d3f825,0.5352078661376574,mozilla-beta,3892049,13,6b4487d0c1f6bf5aaf17bec9a643c032ec54975b,linux1804-64-shippable-qr,True,False,,|c|o|l|d| |f|i|s|s|i|o|n| |w|e|b|r|e|n|d|e|r|,102210fe594ee9b33d82058545b1ed14f4c8206e,FirstVisualChange,amazon,True,amazon FirstVisualChange opt cold fission webrender,,6,ms,firefox,,1728243122,2023-07-19 12:20:45,1274751,,,,,,,,,,,,,,,,,,,,,,,,,,,,,,,,,,,,,,,,,,,,,,,,,TN
131,4430f8a728a733f89b6ac8b245537ab570eb2292,0.19572192513368983,mozilla-beta,3892049,13,6b4487d0c1f6bf5aaf17bec9a643c032ec54975b,linux1804-64-shippable-qr,True,False,,|c|o|l|d| |f|i|s|s|i|o|n| |w|e|b|r|e|n|d|e|r|,102210fe594ee9b33d82058545b1ed14f4c8206e,FirstVisualChange,amazon,True,amazon FirstVisualChange opt cold fission webrender,,6,ms,firefox,,1728513560,2023-07-19 18:07:09,1275008,,,,,,,,,,,,,,,,,,,,,,,,,,,,,,,,,,,,,,,,,,,,,,,,,TN
132,1904bb52d22fea887c5b39ecfd3e3104422033f9,0.3909608418147318,mozilla-beta,3892049,13,6b4487d0c1f6bf5aaf17bec9a643c032ec54975b,linux1804-64-shippable-qr,True,False,,|c|o|l|d| |f|i|s|s|i|o|n| |w|e|b|r|e|n|d|e|r|,102210fe594ee9b33d82058545b1ed14f4c8206e,FirstVisualChange,amazon,True,amazon FirstVisualChange opt cold fission webrender,,6,ms,firefox,,1728603374,2023-07-19 19:46:06,1275079,,,,,,,,,,,,,,,,,,,,,,,,,,,,,,,,,,,,,,,,,,,,,,,,,TN
133,00c1f4a8d5f8d4a18552a30a6994608f4418116d,0.30391581852682426,mozilla-beta,3892049,13,6b4487d0c1f6bf5aaf17bec9a643c032ec54975b,linux1804-64-shippable-qr,True,False,,|c|o|l|d| |f|i|s|s|i|o|n| |w|e|b|r|e|n|d|e|r|,102210fe594ee9b33d82058545b1ed14f4c8206e,FirstVisualChange,amazon,True,amazon FirstVisualChange opt cold fission webrender,,6,ms,firefox,,1729118046,2023-07-20 15:57:45,1275567,,,,,,,,,,,,,,,,,,,,,,,,,,,,,,,,,,,,,,,,,,,,,,,,,TN
134,a241d89b662e14a0ac4aabf56849c2b161b6d70d,0.3726065206141107,mozilla-beta,3892049,13,6b4487d0c1f6bf5aaf17bec9a643c032ec54975b,linux1804-64-shippable-qr,True,False,,|c|o|l|d| |f|i|s|s|i|o|n| |w|e|b|r|e|n|d|e|r|,102210fe594ee9b33d82058545b1ed14f4c8206e,FirstVisualChange,amazon,True,amazon FirstVisualChange opt cold fission webrender,,6,ms,firefox,,1729194215,2023-07-20 17:59:27,1275658,,,,,,,,,,,,,,,,,,,,,,,,,,,,,,,,,,,,,,,,,,,,,,,,,TN
135,5400bd70e968c76d1d67abea7e072f5db3e06c80,0.29142659996549936,mozilla-beta,3892049,13,6b4487d0c1f6bf5aaf17bec9a643c032ec54975b,linux1804-64-shippable-qr,True,False,,|c|o|l|d| |f|i|s|s|i|o|n| |w|e|b|r|e|n|d|e|r|,102210fe594ee9b33d82058545b1ed14f4c8206e,FirstVisualChange,amazon,True,amazon FirstVisualChange opt cold fission webrender,,6,ms,firefox,,1729271740,2023-07-20 20:00:12,1275753,,,,,,,,,,,,,,,,,,,,,,,,,,,,,,,,,,,,,,,,,,,,,,,,,TN
136,d9bbcab92460808ed9148655ab4c6e3dcf9239ef,0.4788338795928929,mozilla-beta,3892049,13,6b4487d0c1f6bf5aaf17bec9a643c032ec54975b,linux1804-64-shippable-qr,True,False,,|c|o|l|d| |f|i|s|s|i|o|n| |w|e|b|r|e|n|d|e|r|,102210fe594ee9b33d82058545b1ed14f4c8206e,FirstVisualChange,amazon,True,amazon FirstVisualChange opt cold fission webrender,,6,ms,firefox,,1729710621,2023-07-21 16:06:45,1276242,,,,,,,,,,,,,,,,,,,,,,,,,,,,,,,,,,,,,,,,,,,,,,,,,TN
137,763d601a05a7b017806cf139e475a959e5c7912a,0.3805071588752803,mozilla-beta,3892049,13,6b4487d0c1f6bf5aaf17bec9a643c032ec54975b,linux1804-64-shippable-qr,True,False,,|c|o|l|d| |f|i|s|s|i|o|n| |w|e|b|r|e|n|d|e|r|,102210fe594ee9b33d82058545b1ed14f4c8206e,FirstVisualChange,amazon,True,amazon FirstVisualChange opt cold fission webrender,,6,ms,firefox,,1729776044,2023-07-21 18:01:34,1276334,,,,,,,,,,,,,,,,,,,,,,,,,,,,,,,,,,,,,,,,,,,,,,,,,TN
138,5ebae42b46a0a71153c76180dd9808c42692be79,0.35666724167672925,mozilla-beta,3892049,13,6b4487d0c1f6bf5aaf17bec9a643c032ec54975b,linux1804-64-shippable-qr,True,False,,|c|o|l|d| |f|i|s|s|i|o|n| |w|e|b|r|e|n|d|e|r|,102210fe594ee9b33d82058545b1ed14f4c8206e,FirstVisualChange,amazon,True,amazon FirstVisualChange opt cold fission webrender,,6,ms,firefox,,1730149738,2023-07-22 18:01:26,1276660,,,,,,,,,,,,,,,,,,,,,,,,,,,,,,,,,,,,,,,,,,,,,,,,,TN
139,7c3347ba3478b9ce3fde17fa0acb3ea3b06dfa38,0.3044333275832327,mozilla-beta,3892049,13,6b4487d0c1f6bf5aaf17bec9a643c032ec54975b,linux1804-64-shippable-qr,True,False,,|c|o|l|d| |f|i|s|s|i|o|n| |w|e|b|r|e|n|d|e|r|,102210fe594ee9b33d82058545b1ed14f4c8206e,FirstVisualChange,amazon,True,amazon FirstVisualChange opt cold fission webrender,,6,ms,firefox,,1730297744,2023-07-23 15:25:49,1276709,,,,,,,,,,,,,,,,,,,,,,,,,,,,,,,,,,,,,,,,,,,,,,,,,TN
140,c26da009d2a4c447ccda98478b30b0fd5c842a79,0.4114887010522684,mozilla-beta,3892049,13,6b4487d0c1f6bf5aaf17bec9a643c032ec54975b,linux1804-64-shippable-qr,True,False,,|c|o|l|d| |f|i|s|s|i|o|n| |w|e|b|r|e|n|d|e|r|,102210fe594ee9b33d82058545b1ed14f4c8206e,FirstVisualChange,amazon,True,amazon FirstVisualChange opt cold fission webrender,,6,ms,firefox,,1730321980,2023-07-23 17:59:43,1276731,,,,,,,,,,,,,,,,,,,,,,,,,,,,,,,,,,,,,,,,,,,,,,,,,TN
141,23b1fabe6e02b63b59821e274cdbc8766b97e74a,0.5594962911850958,mozilla-beta,3892049,13,6b4487d0c1f6bf5aaf17bec9a643c032ec54975b,linux1804-64-shippable-qr,True,False,,|c|o|l|d| |f|i|s|s|i|o|n| |w|e|b|r|e|n|d|e|r|,102210fe594ee9b33d82058545b1ed14f4c8206e,FirstVisualChange,amazon,True,amazon FirstVisualChange opt cold fission webrender,,6,ms,firefox,,1730400665,2023-07-24 00:28:48,1276770,,,,,,,,,,,,,,,,,,,,,,,,,,,,,,,,,,,,,,,,,,,,,,,,,TN
142,316000c523d79e787604ca918d12752f1d5c1433,0.10619285837502157,mozilla-beta,3892049,13,6b4487d0c1f6bf5aaf17bec9a643c032ec54975b,linux1804-64-shippable-qr,True,False,,|c|o|l|d| |f|i|s|s|i|o|n| |w|e|b|r|e|n|d|e|r|,102210fe594ee9b33d82058545b1ed14f4c8206e,FirstVisualChange,amazon,True,amazon FirstVisualChange opt cold fission webrender,,6,ms,firefox,,1730691000,2023-07-24 12:18:38,1276942,,,,,,,,,,,,,,,,,,,,,,,,,,,,,,,,,,,,,,,,,,,,,,,,,TN
143,f4da117c89d1c6b7d53312065fbf3b32ac05c195,0.3301707779886148,mozilla-beta,3892049,13,6b4487d0c1f6bf5aaf17bec9a643c032ec54975b,linux1804-64-shippable-qr,True,False,,|c|o|l|d| |f|i|s|s|i|o|n| |w|e|b|r|e|n|d|e|r|,102210fe594ee9b33d82058545b1ed14f4c8206e,FirstVisualChange,amazon,True,amazon FirstVisualChange opt cold fission webrender,,6,ms,firefox,,1733558244,2023-07-31 15:02:16,1280395,,,,,,,,,,,,,,,,,,,,,,,,,,,,,,,,,,,,,,,,,,,,,,,,,TN
144,0d4550c5bbe5e5c9d652f6f76ed2b84801006a72,0.44091771606003105,mozilla-beta,3892049,13,6b4487d0c1f6bf5aaf17bec9a643c032ec54975b,linux1804-64-shippable-qr,True,False,,|c|o|l|d| |f|i|s|s|i|o|n| |w|e|b|r|e|n|d|e|r|,102210fe594ee9b33d82058545b1ed14f4c8206e,FirstVisualChange,amazon,True,amazon FirstVisualChange opt cold fission webrender,,6,ms,firefox,,1734300531,2023-08-01 17:41:49,1281125,,,,,,,,,,,,,,,,,,,,,,,,,,,,,,,,,,,,,,,,,,,,,,,,,TN
145,d2d0e657cc37b8045725d3ec3b95537958a2a906,0.3210626185958254,mozilla-beta,3892049,13,6b4487d0c1f6bf5aaf17bec9a643c032ec54975b,linux1804-64-shippable-qr,True,False,,|c|o|l|d| |f|i|s|s|i|o|n| |w|e|b|r|e|n|d|e|r|,102210fe594ee9b33d82058545b1ed14f4c8206e,FirstVisualChange,amazon,True,amazon FirstVisualChange opt cold fission webrender,,6,ms,firefox,,1734292389,2023-08-01 18:01:59,1281146,,,,,,,,,,,,,,,,,,,,,,,,,,,,,,,,,,,,,,,,,,,,,,,,,TN
146,0fb6863005d9a9c13e9baacd3f1b161fff28e9be,0.16011730205278593,mozilla-beta,3892049,13,6b4487d0c1f6bf5aaf17bec9a643c032ec54975b,linux1804-64-shippable-qr,True,False,,|c|o|l|d| |f|i|s|s|i|o|n| |w|e|b|r|e|n|d|e|r|,102210fe594ee9b33d82058545b1ed14f4c8206e,FirstVisualChange,amazon,True,amazon FirstVisualChange opt cold fission webrender,,6,ms,firefox,,1734749437,2023-08-02 15:58:45,1281670,,,,,,,,,,,,,,,,,,,,,,,,,,,,,,,,,,,,,,,,,,,,,,,,,TN
147,17026ac3512076aea21a114891abaeb7d86eefd1,0.3195790926341211,mozilla-beta,3892049,13,6b4487d0c1f6bf5aaf17bec9a643c032ec54975b,linux1804-64-shippable-qr,True,False,,|c|o|l|d| |f|i|s|s|i|o|n| |w|e|b|r|e|n|d|e|r|,102210fe594ee9b33d82058545b1ed14f4c8206e,FirstVisualChange,amazon,True,amazon FirstVisualChange opt cold fission webrender,,6,ms,firefox,,1734817099,2023-08-02 18:03:06,1281761,,,,,,,,,,,,,,,,,,,,,,,,,,,,,,,,,,,,,,,,,,,,,,,,,TN
148,65512c991660c1242db1c099b252edf75f9155df,0.40313955494221154,mozilla-beta,3892049,13,6b4487d0c1f6bf5aaf17bec9a643c032ec54975b,linux1804-64-shippable-qr,True,False,,|c|o|l|d| |f|i|s|s|i|o|n| |w|e|b|r|e|n|d|e|r|,102210fe594ee9b33d82058545b1ed14f4c8206e,FirstVisualChange,amazon,True,amazon FirstVisualChange opt cold fission webrender,,6,ms,firefox,,1735042683,2023-08-03 00:35:45,1282034,,,,,,,,,,,,,,,,,,,,,,,,,,,,,,,,,,,,,,,,,,,,,,,,,TN
149,de78a2160c98777d7df3d1abcfa1fa1ba2fc1ebf,0.3095394169397965,mozilla-beta,3892049,13,6b4487d0c1f6bf5aaf17bec9a643c032ec54975b,linux1804-64-shippable-qr,True,False,,|c|o|l|d| |f|i|s|s|i|o|n| |w|e|b|r|e|n|d|e|r|,102210fe594ee9b33d82058545b1ed14f4c8206e,FirstVisualChange,amazon,True,amazon FirstVisualChange opt cold fission webrender,,6,ms,firefox,,1735063799,2023-08-03 02:40:36,1282073,,,,,,,,,,,,,,,,,,,,,,,,,,,,,,,,,,,,,,,,,,,,,,,,,TN
150,38b5901830d175ff8ead19ae53ded689c990a2c2,0.3340003450060376,mozilla-beta,3892049,13,6b4487d0c1f6bf5aaf17bec9a643c032ec54975b,linux1804-64-shippable-qr,True,False,,|c|o|l|d| |f|i|s|s|i|o|n| |w|e|b|r|e|n|d|e|r|,102210fe594ee9b33d82058545b1ed14f4c8206e,FirstVisualChange,amazon,True,amazon FirstVisualChange opt cold fission webrender,,6,ms,firefox,,1735390176,2023-08-03 15:42:06,1282357,,,,,,,,,,,,,,,,,,,,,,,,,,,,,,,,,,,,,,,,,,,,,,,,,TN
151,8aec3eecd3933c24b1ffc49b81133e628bdbd9b7,0.29335863377609106,mozilla-beta,3892049,13,6b4487d0c1f6bf5aaf17bec9a643c032ec54975b,linux1804-64-shippable-qr,True,False,,|c|o|l|d| |f|i|s|s|i|o|n| |w|e|b|r|e|n|d|e|r|,102210fe594ee9b33d82058545b1ed14f4c8206e,FirstVisualChange,amazon,True,amazon FirstVisualChange opt cold fission webrender,,6,ms,firefox,,1735438090,2023-08-03 16:45:02,1282417,,,,,,,,,,,,,,,,,,,,,,,,,,,,,,,,,,,,,,,,,,,,,,,,,TN
152,7a8dadfc175109672e932eff3fa2b2e788227e0c,0.4305675349318613,mozilla-beta,3892049,13,6b4487d0c1f6bf5aaf17bec9a643c032ec54975b,linux1804-64-shippable-qr,True,False,,|c|o|l|d| |f|i|s|s|i|o|n| |w|e|b|r|e|n|d|e|r|,102210fe594ee9b33d82058545b1ed14f4c8206e,FirstVisualChange,amazon,True,amazon FirstVisualChange opt cold fission webrender,,6,ms,firefox,,1735500824,2023-08-03 18:02:21,1282452,,,,,,,,,,,,,,,,,,,,,,,,,,,,,,,,,,,,,,,,,,,,,,,,,TN
153,edbfa38873a723ceaf42ead3644bfd365d31f689,0.4600655511471451,mozilla-beta,3892049,13,6b4487d0c1f6bf5aaf17bec9a643c032ec54975b,linux1804-64-shippable-qr,True,False,,|c|o|l|d| |f|i|s|s|i|o|n| |w|e|b|r|e|n|d|e|r|,102210fe594ee9b33d82058545b1ed14f4c8206e,FirstVisualChange,amazon,True,amazon FirstVisualChange opt cold fission webrender,,6,ms,firefox,,1735686453,2023-08-04 01:00:05,1282688,,,,,,,,,,,,,,,,,,,,,,,,,,,,,,,,,,,,,,,,,,,,,,,,,TN
154,926c0c79b59e3a541f918893ea054164454095f6,0.39092634121097125,mozilla-beta,3892049,13,6b4487d0c1f6bf5aaf17bec9a643c032ec54975b,linux1804-64-shippable-qr,True,False,,|c|o|l|d| |f|i|s|s|i|o|n| |w|e|b|r|e|n|d|e|r|,102210fe594ee9b33d82058545b1ed14f4c8206e,FirstVisualChange,amazon,True,amazon FirstVisualChange opt cold fission webrender,,6,ms,firefox,,1735703831,2023-08-04 01:46:46,1282708,,,,,,,,,,,,,,,,,,,,,,,,,,,,,,,,,,,,,,,,,,,,,,,,,TN
155,f564a62af1d5a66c0cbc395f85508fd0aba080a7,0.21735380369156457,mozilla-beta,3892049,13,6b4487d0c1f6bf5aaf17bec9a643c032ec54975b,linux1804-64-shippable-qr,True,False,,|c|o|l|d| |f|i|s|s|i|o|n| |w|e|b|r|e|n|d|e|r|,102210fe594ee9b33d82058545b1ed14f4c8206e,FirstVisualChange,amazon,True,amazon FirstVisualChange opt cold fission webrender,,6,ms,firefox,,1736013009,2023-08-04 14:18:49,1282986,,,,,,,,,,,,,,,,,,,,,,,,,,,,,,,,,,,,,,,,,,,,,,,,,TN
156,67612b68bc23712e04e49bd79bf8c027bb9a438d,0.5163705364843885,mozilla-beta,3892049,13,6b4487d0c1f6bf5aaf17bec9a643c032ec54975b,linux1804-64-shippable-qr,True,False,,|c|o|l|d| |f|i|s|s|i|o|n| |w|e|b|r|e|n|d|e|r|,102210fe594ee9b33d82058545b1ed14f4c8206e,FirstVisualChange,amazon,True,amazon FirstVisualChange opt cold fission webrender,,6,ms,firefox,,1736197329,2023-08-04 18:01:22,1283137,,,,,,,,,,,,,,,,,,,,,,,,,,,,,,,,,,,,,,,,,,,,,,,,,TN
157,cd87be9c7e34460013b2770c9ee2e03c35627cc7,0.18209418664826635,mozilla-beta,3892049,13,6b4487d0c1f6bf5aaf17bec9a643c032ec54975b,linux1804-64-shippable-qr,True,False,,|c|o|l|d| |f|i|s|s|i|o|n| |w|e|b|r|e|n|d|e|r|,102210fe594ee9b33d82058545b1ed14f4c8206e,FirstVisualChange,amazon,True,amazon FirstVisualChange opt cold fission webrender,,6,ms,firefox,,1736339412,2023-08-05 00:48:58,1283292,,,,,,,,,,,,,,,,,,,,,,,,,,,,,,,,,,,,,,,,,,,,,,,,,TN
158,afd2356274aeb8ff8b60713edb74477cf7d6b3ee,0.8363636363636364,mozilla-beta,3892049,13,6b4487d0c1f6bf5aaf17bec9a643c032ec54975b,linux1804-64-shippable-qr,True,False,,|c|o|l|d| |f|i|s|s|i|o|n| |w|e|b|r|e|n|d|e|r|,102210fe594ee9b33d82058545b1ed14f4c8206e,FirstVisualChange,amazon,True,amazon FirstVisualChange opt cold fission webrender,,6,ms,firefox,,1736500337,2023-08-05 18:00:42,1283353,,,,,,,,,,,,,,,,,,,,,,,,,,,,,,,,,,,,,,,,,,,,,,,,,TN
159,600425a20e1e547262a69eb78c1d0000a545aa8c,0.5628428497498706,mozilla-beta,3892049,13,6b4487d0c1f6bf5aaf17bec9a643c032ec54975b,linux1804-64-shippable-qr,True,False,,|c|o|l|d| |f|i|s|s|i|o|n| |w|e|b|r|e|n|d|e|r|,102210fe594ee9b33d82058545b1ed14f4c8206e,FirstVisualChange,amazon,True,amazon FirstVisualChange opt cold fission webrender,,6,ms,firefox,,1736575806,2023-08-06 16:43:56,1283426,,,,,,,,,,,,,,,,,,,,,,,,,,,,,,,,,,,,,,,,,,,,,,,,,TN
160,fd6a630299cc7a67e2af0ea85515fa7f31773d43,0.38744178023115405,mozilla-beta,3892049,13,6b4487d0c1f6bf5aaf17bec9a643c032ec54975b,linux1804-64-shippable-qr,True,False,,|c|o|l|d| |f|i|s|s|i|o|n| |w|e|b|r|e|n|d|e|r|,102210fe594ee9b33d82058545b1ed14f4c8206e,FirstVisualChange,amazon,True,amazon FirstVisualChange opt cold fission webrender,,6,ms,firefox,,1736587534,2023-08-06 18:01:10,1283429,,,,,,,,,,,,,,,,,,,,,,,,,,,,,,,,,,,,,,,,,,,,,,,,,TN
161,0cb4435f0aa75155759ccde4232632db9be2685d,0.28331895808176644,mozilla-beta,3892049,13,6b4487d0c1f6bf5aaf17bec9a643c032ec54975b,linux1804-64-shippable-qr,True,False,,|c|o|l|d| |f|i|s|s|i|o|n| |w|e|b|r|e|n|d|e|r|,102210fe594ee9b33d82058545b1ed14f4c8206e,FirstVisualChange,amazon,True,amazon FirstVisualChange opt cold fission webrender,,6,ms,firefox,,1736630835,2023-08-07 00:18:16,1283451,,,,,,,,,,,,,,,,,,,,,,,,,,,,,,,,,,,,,,,,,,,,,,,,,TN
162,c1be2c53674ac35df4fa9981b969e0c7338db634,0.6751078143867517,mozilla-beta,3892049,13,6b4487d0c1f6bf5aaf17bec9a643c032ec54975b,linux1804-64-shippable-qr,True,False,,|c|o|l|d| |f|i|s|s|i|o|n| |w|e|b|r|e|n|d|e|r|,102210fe594ee9b33d82058545b1ed14f4c8206e,FirstVisualChange,amazon,True,amazon FirstVisualChange opt cold fission webrender,,6,ms,firefox,,1736906934,2023-08-07 14:27:22,1283738,,,,,,,,,,,,,,,,,,,,,,,,,,,,,,,,,,,,,,,,,,,,,,,,,TN
163,0719ff67d72e82af324ff0d60454cb7b64475ea8,0.6667241676729343,mozilla-beta,3892049,13,6b4487d0c1f6bf5aaf17bec9a643c032ec54975b,linux1804-64-shippable-qr,True,False,,|c|o|l|d| |f|i|s|s|i|o|n| |w|e|b|r|e|n|d|e|r|,102210fe594ee9b33d82058545b1ed14f4c8206e,FirstVisualChange,amazon,True,amazon FirstVisualChange opt cold fission webrender,,6,ms,firefox,,1736990093,2023-08-07 18:00:13,1283851,,,,,,,,,,,,,,,,,,,,,,,,,,,,,,,,,,,,,,,,,,,,,,,,,TN
164,2139e838f412d9530de885d86795cb20acd799ec,0.31254096946696563,mozilla-beta,3892049,13,6b4487d0c1f6bf5aaf17bec9a643c032ec54975b,linux1804-64-shippable-qr,True,False,,|c|o|l|d| |f|i|s|s|i|o|n| |w|e|b|r|e|n|d|e|r|,102210fe594ee9b33d82058545b1ed14f4c8206e,FirstVisualChange,amazon,True,amazon FirstVisualChange opt cold fission webrender,,6,ms,firefox,,1737516347,2023-08-08 17:20:55,1284441,,,,,,,,,,,,,,,,,,,,,,,,,,,,,,,,,,,,,,,,,,,,,,,,,TN
165,28729171cb22279cc197e994df3a3af4cb93dd03,0.2986372261514577,mozilla-beta,3892049,13,6b4487d0c1f6bf5aaf17bec9a643c032ec54975b,linux1804-64-shippable-qr,True,False,,|c|o|l|d| |f|i|s|s|i|o|n| |w|e|b|r|e|n|d|e|r|,102210fe594ee9b33d82058545b1ed14f4c8206e,FirstVisualChange,amazon,True,amazon FirstVisualChange opt cold fission webrender,,6,ms,firefox,,1737536239,2023-08-08 18:01:14,1284477,,,,,,,,,,,,,,,,,,,,,,,,,,,,,,,,,,,,,,,,,,,,,,,,,TN
166,2658ff909fe46ea384283ab987ff064826d3847f,0.18844229774021046,mozilla-beta,3892049,13,6b4487d0c1f6bf5aaf17bec9a643c032ec54975b,linux1804-64-shippable-qr,True,False,,|c|o|l|d| |f|i|s|s|i|o|n| |w|e|b|r|e|n|d|e|r|,102210fe594ee9b33d82058545b1ed14f4c8206e,FirstVisualChange,amazon,True,amazon FirstVisualChange opt cold fission webrender,,6,ms,firefox,,1737564861,2023-08-08 18:43:39,1284502,,,,,,,,,,,,,,,,,,,,,,,,,,,,,,,,,,,,,,,,,,,,,,,,,TN
167,cfdaf87ed056aaae59e32176b35e15dd0ccd4b1a,0.3148870105226842,mozilla-beta,3892049,13,6b4487d0c1f6bf5aaf17bec9a643c032ec54975b,linux1804-64-shippable-qr,True,False,,|c|o|l|d| |f|i|s|s|i|o|n| |w|e|b|r|e|n|d|e|r|,102210fe594ee9b33d82058545b1ed14f4c8206e,FirstVisualChange,amazon,True,amazon FirstVisualChange opt cold fission webrender,,6,ms,firefox,,1737669020,2023-08-08 21:55:02,1284626,,,,,,,,,,,,,,,,,,,,,,,,,,,,,,,,,,,,,,,,,,,,,,,,,TN
168,6bd589246bd42f4ee499b2c5a66490fed5d80f39,0.5792306365361394,mozilla-beta,3892049,13,6b4487d0c1f6bf5aaf17bec9a643c032ec54975b,linux1804-64-shippable-qr,True,False,,|c|o|l|d| |f|i|s|s|i|o|n| |w|e|b|r|e|n|d|e|r|,102210fe594ee9b33d82058545b1ed14f4c8206e,FirstVisualChange,amazon,True,amazon FirstVisualChange opt cold fission webrender,,6,ms,firefox,,1738198994,2023-08-09 18:01:13,1285212,,,,,,,,,,,,,,,,,,,,,,,,,,,,,,,,,,,,,,,,,,,,,,,,,TN
169,433d3b5055bdc140654b579bc823a855330ee44e,0.39268587200276006,mozilla-beta,3892049,13,6b4487d0c1f6bf5aaf17bec9a643c032ec54975b,linux1804-64-shippable-qr,True,False,,|c|o|l|d| |f|i|s|s|i|o|n| |w|e|b|r|e|n|d|e|r|,102210fe594ee9b33d82058545b1ed14f4c8206e,FirstVisualChange,amazon,True,amazon FirstVisualChange opt cold fission webrender,,6,ms,firefox,,1738235048,2023-08-09 19:20:20,1285276,,,,,,,,,,,,,,,,,,,,,,,,,,,,,,,,,,,,,,,,,,,,,,,,,TN
170,fa00393d9b3fe6becf61c250b9576e461b7c5570,0.32861825081938933,mozilla-beta,3892049,13,6b4487d0c1f6bf5aaf17bec9a643c032ec54975b,linux1804-64-shippable-qr,True,False,,|c|o|l|d| |f|i|s|s|i|o|n| |w|e|b|r|e|n|d|e|r|,102210fe594ee9b33d82058545b1ed14f4c8206e,FirstVisualChange,amazon,True,amazon FirstVisualChange opt cold fission webrender,,6,ms,firefox,,1738735584,2023-08-10 15:15:03,1285771,,,,,,,,,,,,,,,,,,,,,,,,,,,,,,,,,,,,,,,,,,,,,,,,,TN
171,3db6a1040c55acf5f5e7ae366545276b178866f9,0.14241849232361567,mozilla-beta,3892049,13,6b4487d0c1f6bf5aaf17bec9a643c032ec54975b,linux1804-64-shippable-qr,True,False,,|c|o|l|d| |f|i|s|s|i|o|n| |w|e|b|r|e|n|d|e|r|,102210fe594ee9b33d82058545b1ed14f4c8206e,FirstVisualChange,amazon,True,amazon FirstVisualChange opt cold fission webrender,,6,ms,firefox,,1738821089,2023-08-10 17:30:49,1285856,,,,,,,,,,,,,,,,,,,,,,,,,,,,,,,,,,,,,,,,,,,,,,,,,TN
172,21c1a6306679d8bc0dad3f2c85fb5d4de03d33a5,0.3205796101431775,mozilla-beta,3892049,13,6b4487d0c1f6bf5aaf17bec9a643c032ec54975b,linux1804-64-shippable-qr,True,False,,|c|o|l|d| |f|i|s|s|i|o|n| |w|e|b|r|e|n|d|e|r|,102210fe594ee9b33d82058545b1ed14f4c8206e,FirstVisualChange,amazon,True,amazon FirstVisualChange opt cold fission webrender,,6,ms,firefox,,1738825119,2023-08-10 17:48:51,1285874,,,,,,,,,,,,,,,,,,,,,,,,,,,,,,,,,,,,,,,,,,,,,,,,,TN
173,1c49b7aae46f2efa55d93f31c950239b146067c3,0.6440572710022425,mozilla-beta,3892049,13,6b4487d0c1f6bf5aaf17bec9a643c032ec54975b,linux1804-64-shippable-qr,True,False,,|c|o|l|d| |f|i|s|s|i|o|n| |w|e|b|r|e|n|d|e|r|,102210fe594ee9b33d82058545b1ed14f4c8206e,FirstVisualChange,amazon,True,amazon FirstVisualChange opt cold fission webrender,,6,ms,firefox,,1738844541,2023-08-10 18:00:04,1285882,,,,,,,,,,,,,,,,,,,,,,,,,,,,,,,,,,,,,,,,,,,,,,,,,TN
174,d6ffe323ddf142af3dd664b098a59dc4973bd423,0.3246506813869242,mozilla-beta,3892049,13,6b4487d0c1f6bf5aaf17bec9a643c032ec54975b,linux1804-64-shippable-qr,True,False,,|c|o|l|d| |f|i|s|s|i|o|n| |w|e|b|r|e|n|d|e|r|,102210fe594ee9b33d82058545b1ed14f4c8206e,FirstVisualChange,amazon,True,amazon FirstVisualChange opt cold fission webrender,,6,ms,firefox,,1738901480,2023-08-10 18:18:19,1285902,,,,,,,,,,,,,,,,,,,,,,,,,,,,,,,,,,,,,,,,,,,,,,,,,TN
175,19a2c76dc9990f44dbeac102736d2e99be839317,0.24885285492496115,mozilla-beta,3892049,13,6b4487d0c1f6bf5aaf17bec9a643c032ec54975b,linux1804-64-shippable-qr,True,False,,|c|o|l|d| |f|i|s|s|i|o|n| |w|e|b|r|e|n|d|e|r|,102210fe594ee9b33d82058545b1ed14f4c8206e,FirstVisualChange,amazon,True,amazon FirstVisualChange opt cold fission webrender,,6,ms,firefox,,1739283449,2023-08-11 15:21:13,1286357,,,,,,,,,,,,,,,,,,,,,,,,,,,,,,,,,,,,,,,,,,,,,,,,,TN
176,fe2aaa3aafcf697f35b8250eca545ed76a62162f,0.22397791961359323,mozilla-beta,3892049,13,6b4487d0c1f6bf5aaf17bec9a643c032ec54975b,linux1804-64-shippable-qr,True,False,,|c|o|l|d| |f|i|s|s|i|o|n| |w|e|b|r|e|n|d|e|r|,102210fe594ee9b33d82058545b1ed14f4c8206e,FirstVisualChange,amazon,True,amazon FirstVisualChange opt cold fission webrender,,6,ms,firefox,,1739320363,2023-08-11 16:51:16,1286431,,,,,,,,,,,,,,,,,,,,,,,,,,,,,,,,,,,,,,,,,,,,,,,,,TN
177,bc09740beb8c1ae802df1ad952223a369daac18f,0.5075383819216837,mozilla-beta,3892049,13,6b4487d0c1f6bf5aaf17bec9a643c032ec54975b,linux1804-64-shippable-qr,True,False,,|c|o|l|d| |f|i|s|s|i|o|n| |w|e|b|r|e|n|d|e|r|,102210fe594ee9b33d82058545b1ed14f4c8206e,FirstVisualChange,amazon,True,amazon FirstVisualChange opt cold fission webrender,,6,ms,firefox,,1739358278,2023-08-11 17:58:53,1286483,,,,,,,,,,,,,,,,,,,,,,,,,,,,,,,,,,,,,,,,,,,,,,,,,TN
178,e62bf69c57f2d75551e80a25236b19d1892709b3,0.4389166810419183,mozilla-beta,3892049,13,6b4487d0c1f6bf5aaf17bec9a643c032ec54975b,linux1804-64-shippable-qr,True,False,,|c|o|l|d| |f|i|s|s|i|o|n| |w|e|b|r|e|n|d|e|r|,102210fe594ee9b33d82058545b1ed14f4c8206e,FirstVisualChange,amazon,True,amazon FirstVisualChange opt cold fission webrender,,6,ms,firefox,,1739395645,2023-08-11 19:35:29,1286549,,,,,,,,,,,,,,,,,,,,,,,,,,,,,,,,,,,,,,,,,,,,,,,,,TN
179,19a38682aee82796d601e53801a5d4eb10664812,0.45285492496118684,mozilla-beta,3892049,13,6b4487d0c1f6bf5aaf17bec9a643c032ec54975b,linux1804-64-shippable-qr,True,False,,|c|o|l|d| |f|i|s|s|i|o|n| |w|e|b|r|e|n|d|e|r|,102210fe594ee9b33d82058545b1ed14f4c8206e,FirstVisualChange,amazon,True,amazon FirstVisualChange opt cold fission webrender,,6,ms,firefox,,1739656662,2023-08-12 16:03:48,1286674,,,,,,,,,,,,,,,,,,,,,,,,,,,,,,,,,,,,,,,,,,,,,,,,,TN
180,77b053e8ee09973807d49b1888c31ea21118362f,0.3441780231154046,mozilla-beta,3892049,13,6b4487d0c1f6bf5aaf17bec9a643c032ec54975b,linux1804-64-shippable-qr,True,False,,|c|o|l|d| |f|i|s|s|i|o|n| |w|e|b|r|e|n|d|e|r|,102210fe594ee9b33d82058545b1ed14f4c8206e,FirstVisualChange,amazon,True,amazon FirstVisualChange opt cold fission webrender,,6,ms,firefox,,1739689418,2023-08-12 18:00:10,1286689,,,,,,,,,,,,,,,,,,,,,,,,,,,,,,,,,,,,,,,,,,,,,,,,,TN
181,4cf69f7029b8d6f7a38adb83cd6852ac008d6be2,0.20879765395894426,mozilla-beta,3892049,13,6b4487d0c1f6bf5aaf17bec9a643c032ec54975b,linux1804-64-shippable-qr,True,False,,|c|o|l|d| |f|i|s|s|i|o|n| |w|e|b|r|e|n|d|e|r|,102210fe594ee9b33d82058545b1ed14f4c8206e,FirstVisualChange,amazon,True,amazon FirstVisualChange opt cold fission webrender,,6,ms,firefox,,1739833261,2023-08-13 16:52:58,1286761,,,,,,,,,,,,,,,,,,,,,,,,,,,,,,,,,,,,,,,,,,,,,,,,,TN
182,2300f9ca9d4fa74443ed2c5542bb1b22167a28df,0.3333448335345869,mozilla-beta,3892049,13,6b4487d0c1f6bf5aaf17bec9a643c032ec54975b,linux1804-64-shippable-qr,True,False,,|c|o|l|d| |f|i|s|s|i|o|n| |w|e|b|r|e|n|d|e|r|,102210fe594ee9b33d82058545b1ed14f4c8206e,FirstVisualChange,amazon,True,amazon FirstVisualChange opt cold fission webrender,,6,ms,firefox,,1739847446,2023-08-13 17:23:23,1286763,,,,,,,,,,,,,,,,,,,,,,,,,,,,,,,,,,,,,,,,,,,,,,,,,TN
183,b6ac990feb967837e10ccf2232c15c9acc4542db,0.34390201828531997,mozilla-beta,3892049,13,6b4487d0c1f6bf5aaf17bec9a643c032ec54975b,linux1804-64-shippable-qr,True,False,,|c|o|l|d| |f|i|s|s|i|o|n| |w|e|b|r|e|n|d|e|r|,102210fe594ee9b33d82058545b1ed14f4c8206e,FirstVisualChange,amazon,True,amazon FirstVisualChange opt cold fission webrender,,6,ms,firefox,,1739854167,2023-08-13 18:01:42,1286766,,,,,,,,,,,,,,,,,,,,,,,,,,,,,,,,,,,,,,,,,,,,,,,,,TN
184,a6729d7e2ba0e1ba1fbf93be5076ecdb4a1b1e40,0.2731757805761601,mozilla-beta,3892049,13,6b4487d0c1f6bf5aaf17bec9a643c032ec54975b,linux1804-64-shippable-qr,True,False,,|c|o|l|d| |f|i|s|s|i|o|n| |w|e|b|r|e|n|d|e|r|,102210fe594ee9b33d82058545b1ed14f4c8206e,FirstVisualChange,amazon,True,amazon FirstVisualChange opt cold fission webrender,,6,ms,firefox,,1740137676,2023-08-14 15:56:31,1287055,,,,,,,,,,,,,,,,,,,,,,,,,,,,,,,,,,,,,,,,,,,,,,,,,TN
185,1d543e7b65ff57f2da7465d003f3e3e38e672120,0.3116784543729515,mozilla-beta,3892049,13,6b4487d0c1f6bf5aaf17bec9a643c032ec54975b,linux1804-64-shippable-qr,True,False,,|c|o|l|d| |f|i|s|s|i|o|n| |w|e|b|r|e|n|d|e|r|,102210fe594ee9b33d82058545b1ed14f4c8206e,FirstVisualChange,amazon,True,amazon FirstVisualChange opt cold fission webrender,,6,ms,firefox,,1740209535,2023-08-14 17:35:08,1287114,,,,,,,,,,,,,,,,,,,,,,,,,,,,,,,,,,,,,,,,,,,,,,,,,TN
186,2272865813a3da4e06a9a59daac6a0d46d3c5c35,0.48556149732620324,mozilla-beta,3892049,13,6b4487d0c1f6bf5aaf17bec9a643c032ec54975b,linux1804-64-shippable-qr,True,False,,|c|o|l|d| |f|i|s|s|i|o|n| |w|e|b|r|e|n|d|e|r|,102210fe594ee9b33d82058545b1ed14f4c8206e,FirstVisualChange,amazon,True,amazon FirstVisualChange opt cold fission webrender,,6,ms,firefox,,1740222492,2023-08-14 18:01:52,1287134,,,,,,,,,,,,,,,,,,,,,,,,,,,,,,,,,,,,,,,,,,,,,,,,,TN
187,dbd6cb77df7c84d664880a496756071e3619f0fd,0.321580127652234,mozilla-beta,3892049,13,6b4487d0c1f6bf5aaf17bec9a643c032ec54975b,linux1804-64-shippable-qr,True,False,,|c|o|l|d| |f|i|s|s|i|o|n| |w|e|b|r|e|n|d|e|r|,102210fe594ee9b33d82058545b1ed14f4c8206e,FirstVisualChange,amazon,True,amazon FirstVisualChange opt cold fission webrender,,6,ms,firefox,,1740414905,2023-08-15 02:26:03,1287386,,,,,,,,,,,,,,,,,,,,,,,,,,,,,,,,,,,,,,,,,,,,,,,,,TN
188,ea32c3ece390271be2988a369cc7fbddd4f87187,0.3406934621355874,mozilla-beta,3892049,13,6b4487d0c1f6bf5aaf17bec9a643c032ec54975b,linux1804-64-shippable-qr,True,False,,|c|o|l|d| |f|i|s|s|i|o|n| |w|e|b|r|e|n|d|e|r|,102210fe594ee9b33d82058545b1ed14f4c8206e,FirstVisualChange,amazon,True,amazon FirstVisualChange opt cold fission webrender,,6,ms,firefox,,1740693321,2023-08-15 14:12:37,1287594,,,,,,,,,,,,,,,,,,,,,,,,,,,,,,,,,,,,,,,,,,,,,,,,,TN
189,bd110f9606301510f9ddac04db25e26fc7b979f4,0.21773331033293084,mozilla-beta,3892049,13,6b4487d0c1f6bf5aaf17bec9a643c032ec54975b,linux1804-64-shippable-qr,True,False,,|c|o|l|d| |f|i|s|s|i|o|n| |w|e|b|r|e|n|d|e|r|,102210fe594ee9b33d82058545b1ed14f4c8206e,FirstVisualChange,amazon,True,amazon FirstVisualChange opt cold fission webrender,,6,ms,firefox,,1740723549,2023-08-15 14:31:22,1287600,,,,,,,,,,,,,,,,,,,,,,,,,,,,,,,,,,,,,,,,,,,,,,,,,TN
190,39b27e45212aba8ae789db40047edcb957e5c978,0.9081593927893739,mozilla-beta,3892049,13,6b4487d0c1f6bf5aaf17bec9a643c032ec54975b,linux1804-64-shippable-qr,True,False,,|c|o|l|d| |f|i|s|s|i|o|n| |w|e|b|r|e|n|d|e|r|,102210fe594ee9b33d82058545b1ed14f4c8206e,FirstVisualChange,amazon,True,amazon FirstVisualChange opt cold fission webrender,,6,ms,firefox,,1740859657,2023-08-15 17:55:25,1287743,,,,,,,,,,,,,,,,,,,,,,,,,,,,,,,,,,,,,,,,,,,,,,,,,TN
191,3ee3379590a3b47418b7e1dac28217fa1720c9c5,0.5734345351043644,mozilla-beta,3892049,13,6b4487d0c1f6bf5aaf17bec9a643c032ec54975b,linux1804-64-shippable-qr,True,False,,|c|o|l|d| |f|i|s|s|i|o|n| |w|e|b|r|e|n|d|e|r|,102210fe594ee9b33d82058545b1ed14f4c8206e,FirstVisualChange,amazon,True,amazon FirstVisualChange opt cold fission webrender,,6,ms,firefox,,1740832918,2023-08-15 18:00:41,1287745,,,,,,,,,,,,,,,,,,,,,,,,,,,,,,,,,,,,,,,,,,,,,,,,,TN
192,08b127aa5a361e2e83fbf254bcfa7d7defcc91bb,0.4029325513196481,mozilla-beta,3892049,13,6b4487d0c1f6bf5aaf17bec9a643c032ec54975b,linux1804-64-shippable-qr,True,False,,|c|o|l|d| |f|i|s|s|i|o|n| |w|e|b|r|e|n|d|e|r|,102210fe594ee9b33d82058545b1ed14f4c8206e,FirstVisualChange,amazon,True,amazon FirstVisualChange opt cold fission webrender,,6,ms,firefox,,1741544829,2023-08-16 17:40:45,1288455,,,,,,,,,,,,,,,,,,,,,,,,,,,,,,,,,,,,,,,,,,,,,,,,,TN
193,d3061045db8732cf87a223291094873d2d50888a,0.3387614283249957,mozilla-beta,3892049,13,6b4487d0c1f6bf5aaf17bec9a643c032ec54975b,linux1804-64-shippable-qr,True,False,,|c|o|l|d| |f|i|s|s|i|o|n| |w|e|b|r|e|n|d|e|r|,102210fe594ee9b33d82058545b1ed14f4c8206e,FirstVisualChange,amazon,True,amazon FirstVisualChange opt cold fission webrender,,6,ms,firefox,,1741566682,2023-08-16 18:00:54,1288466,,,,,,,,,,,,,,,,,,,,,,,,,,,,,,,,,,,,,,,,,,,,,,,,,TN
194,33901ea7ca81a824a5b24396def8e991fe7731e0,0.5484215973779542,mozilla-beta,3892049,13,6b4487d0c1f6bf5aaf17bec9a643c032ec54975b,linux1804-64-shippable-qr,True,False,,|c|o|l|d| |f|i|s|s|i|o|n| |w|e|b|r|e|n|d|e|r|,102210fe594ee9b33d82058545b1ed14f4c8206e,FirstVisualChange,amazon,True,amazon FirstVisualChange opt cold fission webrender,,6,ms,firefox,,1741584791,2023-08-16 18:52:19,1288493,,,,,,,,,,,,,,,,,,,,,,,,,,,,,,,,,,,,,,,,,,,,,,,,,TN
195,f5d3fbc0d6e61648e703814eea4baf5806524b36,0.4499568742452993,mozilla-beta,3892049,13,6b4487d0c1f6bf5aaf17bec9a643c032ec54975b,linux1804-64-shippable-qr,True,False,,|c|o|l|d| |f|i|s|s|i|o|n| |w|e|b|r|e|n|d|e|r|,102210fe594ee9b33d82058545b1ed14f4c8206e,FirstVisualChange,amazon,True,amazon FirstVisualChange opt cold fission webrender,,6,ms,firefox,,1742100710,2023-08-17 14:25:18,1288946,,,,,,,,,,,,,,,,,,,,,,,,,,,,,,,,,,,,,,,,,,,,,,,,,TN
196,43bf41ee652223649ecd95d0a656eeacae86ad05,0.5108159392789374,mozilla-beta,3892049,13,6b4487d0c1f6bf5aaf17bec9a643c032ec54975b,linux1804-64-shippable-qr,True,False,,|c|o|l|d| |f|i|s|s|i|o|n| |w|e|b|r|e|n|d|e|r|,102210fe594ee9b33d82058545b1ed14f4c8206e,FirstVisualChange,amazon,True,amazon FirstVisualChange opt cold fission webrender,,6,ms,firefox,,1742208988,2023-08-17 17:00:22,1289046,,,,,,,,,,,,,,,,,,,,,,,,,,,,,,,,,,,,,,,,,,,,,,,,,TN
197,79150caa42c9af433d7077a75e3bb6024fedd445,0.8221148870105226,mozilla-beta,3892049,13,6b4487d0c1f6bf5aaf17bec9a643c032ec54975b,linux1804-64-shippable-qr,True,False,,|c|o|l|d| |f|i|s|s|i|o|n| |w|e|b|r|e|n|d|e|r|,102210fe594ee9b33d82058545b1ed14f4c8206e,FirstVisualChange,amazon,True,amazon FirstVisualChange opt cold fission webrender,,6,ms,firefox,,1742246471,2023-08-17 17:58:56,1289083,,,,,,,,,,,,,,,,,,,,,,,,,,,,,,,,,,,,,,,,,,,,,,,,,TN
198,dd6c96bd27406158b503fdc93699a7a55299727d,0.20734862860100048,mozilla-beta,3892049,13,6b4487d0c1f6bf5aaf17bec9a643c032ec54975b,linux1804-64-shippable-qr,True,False,,|c|o|l|d| |f|i|s|s|i|o|n| |w|e|b|r|e|n|d|e|r|,102210fe594ee9b33d82058545b1ed14f4c8206e,FirstVisualChange,amazon,True,amazon FirstVisualChange opt cold fission webrender,,6,ms,firefox,,1742886095,2023-08-18 17:58:43,1289558,,,,,,,,,,,,,,,,,,,,,,,,,,,,,,,,,,,,,,,,,,,,,,,,,TN
199,cb4964f4a7d3a89de607bbb3e0f382ecbb876138,0.5240296705192341,mozilla-beta,3892049,13,6b4487d0c1f6bf5aaf17bec9a643c032ec54975b,linux1804-64-shippable-qr,True,False,,|c|o|l|d| |f|i|s|s|i|o|n| |w|e|b|r|e|n|d|e|r|,102210fe594ee9b33d82058545b1ed14f4c8206e,FirstVisualChange,amazon,True,amazon FirstVisualChange opt cold fission webrender,,6,ms,firefox,,1742904750,2023-08-18 18:03:36,1289562,,,,,,,,,,,,,,,,,,,,,,,,,,,,,,,,,,,,,,,,,,,,,,,,,TN
200,280c96d8d9eaa71cccbf305dcd506fcb5916a426,0.3404519579092634,mozilla-beta,3892049,13,6b4487d0c1f6bf5aaf17bec9a643c032ec54975b,linux1804-64-shippable-qr,True,False,,|c|o|l|d| |f|i|s|s|i|o|n| |w|e|b|r|e|n|d|e|r|,102210fe594ee9b33d82058545b1ed14f4c8206e,FirstVisualChange,amazon,True,amazon FirstVisualChange opt cold fission webrender,,6,ms,firefox,,1743164735,2023-08-19 18:03:16,1289766,,,,,,,,,,,,,,,,,,,,,,,,,,,,,,,,,,,,,,,,,,,,,,,,,TN
201,9763c2c83af5baabe670cc6a262f1c838c3eca85,0.10605485595997932,mozilla-beta,3892049,13,6b4487d0c1f6bf5aaf17bec9a643c032ec54975b,linux1804-64-shippable-qr,True,False,,|c|o|l|d| |f|i|s|s|i|o|n| |w|e|b|r|e|n|d|e|r|,102210fe594ee9b33d82058545b1ed14f4c8206e,FirstVisualChange,amazon,True,amazon FirstVisualChange opt cold fission webrender,,6,ms,firefox,,1743310809,2023-08-20 18:00:02,1289838,,,,,,,,,,,,,,,,,,,,,,,,,,,,,,,,,,,,,,,,,,,,,,,,,TN
202,95093682c2bb0242a3f1016d06ee0e2d33385e4b,0.44212523719165087,mozilla-beta,3892049,13,6b4487d0c1f6bf5aaf17bec9a643c032ec54975b,linux1804-64-shippable-qr,True,False,,|c|o|l|d| |f|i|s|s|i|o|n| |w|e|b|r|e|n|d|e|r|,102210fe594ee9b33d82058545b1ed14f4c8206e,FirstVisualChange,amazon,True,amazon FirstVisualChange opt cold fission webrender,,6,ms,firefox,,1743628429,2023-08-21 11:07:09,1289941,,,,,,,,,,,,,,,,,,,,,,,,,,,,,,,,,,,,,,,,,,,,,,,,,TN
203,a51142166ff907b88f1f41ce22c1ad1df4daac76,0.3739865447645334,mozilla-beta,3892049,13,6b4487d0c1f6bf5aaf17bec9a643c032ec54975b,linux1804-64-shippable-qr,True,False,,|c|o|l|d| |f|i|s|s|i|o|n| |w|e|b|r|e|n|d|e|r|,102210fe594ee9b33d82058545b1ed14f4c8206e,FirstVisualChange,amazon,True,amazon FirstVisualChange opt cold fission webrender,,6,ms,firefox,,1746925936,2023-08-28 13:34:39,1292230,,,,,,,,,,,,,,,,,,,,,,,,,,,,,,,,,,,,,,,,,,,,,,,,,TN
204,dad69789a2511ed216636075c1304c3df77ef2ae,0.5753665689149561,mozilla-beta,3892049,13,6b4487d0c1f6bf5aaf17bec9a643c032ec54975b,linux1804-64-shippable-qr,True,False,,|c|o|l|d| |f|i|s|s|i|o|n| |w|e|b|r|e|n|d|e|r|,102210fe594ee9b33d82058545b1ed14f4c8206e,FirstVisualChange,amazon,True,amazon FirstVisualChange opt cold fission webrender,,6,ms,firefox,,1747083903,2023-08-28 18:00:55,1292358,,,,,,,,,,,,,,,,,,,,,,,,,,,,,,,,,,,,,,,,,,,,,,,,,TN
205,fc9d232fe3a08afc7811940be13f3ab05148baac,0.3617733310332931,mozilla-beta,3892049,13,6b4487d0c1f6bf5aaf17bec9a643c032ec54975b,linux1804-64-shippable-qr,True,False,,|c|o|l|d| |f|i|s|s|i|o|n| |w|e|b|r|e|n|d|e|r|,102210fe594ee9b33d82058545b1ed14f4c8206e,FirstVisualChange,amazon,True,amazon FirstVisualChange opt cold fission webrender,,6,ms,firefox,,1747711205,2023-08-29 16:17:46,1292905,,,,,,,,,,,,,,,,,,,,,,,,,,,,,,,,,,,,,,,,,,,,,,,,,TN
206,22902fb186bab153df337de03d5e5ceafb8bb289,0.6245644298775228,mozilla-beta,3892049,13,6b4487d0c1f6bf5aaf17bec9a643c032ec54975b,linux1804-64-shippable-qr,True,False,,|c|o|l|d| |f|i|s|s|i|o|n| |w|e|b|r|e|n|d|e|r|,102210fe594ee9b33d82058545b1ed14f4c8206e,FirstVisualChange,amazon,True,amazon FirstVisualChange opt cold fission webrender,,6,ms,firefox,,1747763060,2023-08-29 18:01:58,1292972,,,,,,,,,,,,,,,,,,,,,,,,,,,,,,,,,,,,,,,,,,,,,,,,,TN
207,a7de6ba0f96a2232c89b1b0c4a851cfa706c9dff,0.5709849922373641,mozilla-beta,3892049,13,6b4487d0c1f6bf5aaf17bec9a643c032ec54975b,linux1804-64-shippable-qr,True,False,,|c|o|l|d| |f|i|s|s|i|o|n| |w|e|b|r|e|n|d|e|r|,102210fe594ee9b33d82058545b1ed14f4c8206e,FirstVisualChange,amazon,True,amazon FirstVisualChange opt cold fission webrender,,6,ms,firefox,,1748076036,2023-08-30 16:02:19,1293406,,,,,,,,,,,,,,,,,,,,,,,,,,,,,,,,,,,,,,,,,,,,,,,,,TN
208,c9fd750d1062cdca7d7307305afab359895f4bab,0.41052268414697257,mozilla-beta,3892049,13,6b4487d0c1f6bf5aaf17bec9a643c032ec54975b,linux1804-64-shippable-qr,True,False,,|c|o|l|d| |f|i|s|s|i|o|n| |w|e|b|r|e|n|d|e|r|,102210fe594ee9b33d82058545b1ed14f4c8206e,FirstVisualChange,amazon,True,amazon FirstVisualChange opt cold fission webrender,,6,ms,firefox,,1748109455,2023-08-30 18:00:05,1293491,,,,,,,,,,,,,,,,,,,,,,,,,,,,,,,,,,,,,,,,,,,,,,,,,TN
209,bd56eca7c31c77f3fbdd6daa6d57c94c9eb8d5c8,0.5422114887010523,mozilla-beta,3892049,13,6b4487d0c1f6bf5aaf17bec9a643c032ec54975b,linux1804-64-shippable-qr,True,False,,|c|o|l|d| |f|i|s|s|i|o|n| |w|e|b|r|e|n|d|e|r|,102210fe594ee9b33d82058545b1ed14f4c8206e,FirstVisualChange,amazon,True,amazon FirstVisualChange opt cold fission webrender,,6,ms,firefox,,1748535612,2023-08-31 13:48:52,1293926,,,,,,,,,,,,,,,,,,,,,,,,,,,,,,,,,,,,,,,,,,,,,,,,,TN
210,87b953f9d23637a6fa6ff27c3e67832db704f61b,0.30464033120579603,mozilla-beta,3892049,13,6b4487d0c1f6bf5aaf17bec9a643c032ec54975b,linux1804-64-shippable-qr,True,False,,|c|o|l|d| |f|i|s|s|i|o|n| |w|e|b|r|e|n|d|e|r|,102210fe594ee9b33d82058545b1ed14f4c8206e,FirstVisualChange,amazon,True,amazon FirstVisualChange opt cold fission webrender,,6,ms,firefox,,1748550255,2023-08-31 16:20:56,1294000,,,,,,,,,,,,,,,,,,,,,,,,,,,,,,,,,,,,,,,,,,,,,,,,,TN
211,1af9e2938f106620e66bafc85d215e817bbbdeb8,0.2861480075901328,mozilla-beta,3892049,13,6b4487d0c1f6bf5aaf17bec9a643c032ec54975b,linux1804-64-shippable-qr,True,False,,|c|o|l|d| |f|i|s|s|i|o|n| |w|e|b|r|e|n|d|e|r|,102210fe594ee9b33d82058545b1ed14f4c8206e,FirstVisualChange,amazon,True,amazon FirstVisualChange opt cold fission webrender,,6,ms,firefox,,1748607912,2023-08-31 18:00:26,1294060,,,,,,,,,,,,,,,,,,,,,,,,,,,,,,,,,,,,,,,,,,,,,,,,,TN
212,709d8af0c7f302527387c80c1d76d741a7aa46aa,0.45533896843194754,mozilla-beta,3892049,13,6b4487d0c1f6bf5aaf17bec9a643c032ec54975b,linux1804-64-shippable-qr,True,False,,|c|o|l|d| |f|i|s|s|i|o|n| |w|e|b|r|e|n|d|e|r|,102210fe594ee9b33d82058545b1ed14f4c8206e,FirstVisualChange,amazon,True,amazon FirstVisualChange opt cold fission webrender,,6,ms,firefox,,1749164138,2023-09-01 14:41:46,1294606,,,,,,,,,,,,,,,,,,,,,,,,,,,,,,,,,,,,,,,,,,,,,,,,,TN
213,26851a608617df78ba59a15b1b069d398838e42a,0.9668449197860962,mozilla-beta,3892049,13,6b4487d0c1f6bf5aaf17bec9a643c032ec54975b,linux1804-64-shippable-qr,True,False,,|c|o|l|d| |f|i|s|s|i|o|n| |w|e|b|r|e|n|d|e|r|,102210fe594ee9b33d82058545b1ed14f4c8206e,FirstVisualChange,amazon,True,amazon FirstVisualChange opt cold fission webrender,,6,ms,firefox,,1749272384,2023-09-01 17:59:08,1294720,,,,,,,,,,,,,,,,,,,,,,,,,,,,,,,,,,,,,,,,,,,,,,,,,TN
214,171ca118d902636a29bb5fb3a82f7a55f2089cd7,0.29425564947386584,mozilla-beta,3892049,13,6b4487d0c1f6bf5aaf17bec9a643c032ec54975b,linux1804-64-shippable-qr,True,False,,|c|o|l|d| |f|i|s|s|i|o|n| |w|e|b|r|e|n|d|e|r|,102210fe594ee9b33d82058545b1ed14f4c8206e,FirstVisualChange,amazon,True,amazon FirstVisualChange opt cold fission webrender,,6,ms,firefox,,1749663467,2023-09-02 18:02:24,1294989,,,,,,,,,,,,,,,,,,,,,,,,,,,,,,,,,,,,,,,,,,,,,,,,,TN
215,073227d3c47f97124282de93cc52c465393d9cd5,0.34103846817319305,mozilla-beta,3892049,13,6b4487d0c1f6bf5aaf17bec9a643c032ec54975b,linux1804-64-shippable-qr,True,False,,|c|o|l|d| |f|i|s|s|i|o|n| |w|e|b|r|e|n|d|e|r|,102210fe594ee9b33d82058545b1ed14f4c8206e,FirstVisualChange,amazon,True,amazon FirstVisualChange opt cold fission webrender,,6,ms,firefox,,1749826105,2023-09-03 14:47:55,1295067,,,,,,,,,,,,,,,,,,,,,,,,,,,,,,,,,,,,,,,,,,,,,,,,,TN
216,cb4458e15206391eeeed111562f9a786e4253c5c,0.22777298602725546,mozilla-beta,3892049,13,6b4487d0c1f6bf5aaf17bec9a643c032ec54975b,linux1804-64-shippable-qr,True,False,,|c|o|l|d| |f|i|s|s|i|o|n| |w|e|b|r|e|n|d|e|r|,102210fe594ee9b33d82058545b1ed14f4c8206e,FirstVisualChange,amazon,True,amazon FirstVisualChange opt cold fission webrender,,6,ms,firefox,,1749884350,2023-09-03 18:02:19,1295080,,,,,,,,,,,,,,,,,,,,,,,,,,,,,,,,,,,,,,,,,,,,,,,,,TN
217,9cf13283af3f62be7d96fb8820adb77b34e50f7d,0.414145247541832,mozilla-beta,3892049,13,6b4487d0c1f6bf5aaf17bec9a643c032ec54975b,linux1804-64-shippable-qr,True,False,,|c|o|l|d| |f|i|s|s|i|o|n| |w|e|b|r|e|n|d|e|r|,102210fe594ee9b33d82058545b1ed14f4c8206e,FirstVisualChange,amazon,True,amazon FirstVisualChange opt cold fission webrender,,6,ms,firefox,,1750169165,2023-09-04 10:55:38,1295255,,,,,,,,,,,,,,,,,,,,,,,,,,,,,,,,,,,,,,,,,,,,,,,,,TN
218,bc7cc180eaecceec758abbbce4a999eb99f759a9,0.6847679834397101,mozilla-beta,3892049,13,6b4487d0c1f6bf5aaf17bec9a643c032ec54975b,linux1804-64-shippable-qr,True,False,,|c|o|l|d| |f|i|s|s|i|o|n| |w|e|b|r|e|n|d|e|r|,102210fe594ee9b33d82058545b1ed14f4c8206e,FirstVisualChange,amazon,True,amazon FirstVisualChange opt cold fission webrender,,6,ms,firefox,,1750219313,2023-09-04 12:18:03,1295288,,,,,,,,,,,,,,,,,,,,,,,,,,,,,,,,,,,,,,,,,,,,,,,,,TN
219,807ac900b376514e4ba55d5a926de27f55bd8153,0.5209591167845438,mozilla-beta,3892049,13,6b4487d0c1f6bf5aaf17bec9a643c032ec54975b,linux1804-64-shippable-qr,True,False,,|c|o|l|d| |f|i|s|s|i|o|n| |w|e|b|r|e|n|d|e|r|,102210fe594ee9b33d82058545b1ed14f4c8206e,FirstVisualChange,amazon,True,amazon FirstVisualChange opt cold fission webrender,,6,ms,firefox,,1750306226,2023-09-04 18:05:52,1295382,,,,,,,,,,,,,,,,,,,,,,,,,,,,,,,,,,,,,,,,,,,,,,,,,TN
220,900e63a91516e26eb08c29cf32f0212c923e8fe0,0.6368811454200449,mozilla-beta,3892049,13,6b4487d0c1f6bf5aaf17bec9a643c032ec54975b,linux1804-64-shippable-qr,True,False,,|c|o|l|d| |f|i|s|s|i|o|n| |w|e|b|r|e|n|d|e|r|,102210fe594ee9b33d82058545b1ed14f4c8206e,FirstVisualChange,amazon,True,amazon FirstVisualChange opt cold fission webrender,,6,ms,firefox,,1750532094,2023-09-05 08:42:26,1295556,,,,,,,,,,,,,,,,,,,,,,,,,,,,,,,,,,,,,,,,,,,,,,,,,TN
221,d67b22c7454dffe256c8e85d18b7909575fae829,0.5293427634983612,mozilla-beta,3892049,13,6b4487d0c1f6bf5aaf17bec9a643c032ec54975b,linux1804-64-shippable-qr,True,False,,|c|o|l|d| |f|i|s|s|i|o|n| |w|e|b|r|e|n|d|e|r|,102210fe594ee9b33d82058545b1ed14f4c8206e,FirstVisualChange,amazon,True,amazon FirstVisualChange opt cold fission webrender,,6,ms,firefox,,1750756232,2023-09-05 17:59:53,1295860,,,,,,,,,,,,,,,,,,,,,,,,,,,,,,,,,,,,,,,,,,,,,,,,,TN
222,49565181b8c4ade31ef41ad72498fa2777f6d906,0.3521131619803347,mozilla-beta,3892049,13,6b4487d0c1f6bf5aaf17bec9a643c032ec54975b,linux1804-64-shippable-qr,True,False,,|c|o|l|d| |f|i|s|s|i|o|n| |w|e|b|r|e|n|d|e|r|,102210fe594ee9b33d82058545b1ed14f4c8206e,FirstVisualChange,amazon,True,amazon FirstVisualChange opt cold fission webrender,,6,ms,firefox,,1751159337,2023-09-06 09:15:15,1296259,,,,,,,,,,,,,,,,,,,,,,,,,,,,,,,,,,,,,,,,,,,,,,,,,TN
223,d367a07b88cc72838ae620ff5f160f8152e327e7,0.936277384854235,mozilla-beta,3892049,13,6b4487d0c1f6bf5aaf17bec9a643c032ec54975b,linux1804-64-shippable-qr,True,False,,|c|o|l|d| |f|i|s|s|i|o|n| |w|e|b|r|e|n|d|e|r|,102210fe594ee9b33d82058545b1ed14f4c8206e,FirstVisualChange,amazon,True,amazon FirstVisualChange opt cold fission webrender,,6,ms,firefox,,1751302803,2023-09-06 14:00:22,1296398,,,,,,,,,,,,,,,,,,,,,,,,,,,,,,,,,,,,,,,,,,,,,,,,,TN
224,744de8d56d344a2d66a3292442e397102341a435,0.408901155770226,mozilla-beta,3892049,13,6b4487d0c1f6bf5aaf17bec9a643c032ec54975b,linux1804-64-shippable-qr,True,False,,|c|o|l|d| |f|i|s|s|i|o|n| |w|e|b|r|e|n|d|e|r|,102210fe594ee9b33d82058545b1ed14f4c8206e,FirstVisualChange,amazon,True,amazon FirstVisualChange opt cold fission webrender,,6,ms,firefox,,1751313272,2023-09-06 14:02:17,1296400,,,,,,,,,,,,,,,,,,,,,,,,,,,,,,,,,,,,,,,,,,,,,,,,,TN
225,c2849c7826f58c7fca76587765d1d24fb1015787,0.18554424702432296,mozilla-beta,3892049,13,6b4487d0c1f6bf5aaf17bec9a643c032ec54975b,linux1804-64-shippable-qr,True,False,,|c|o|l|d| |f|i|s|s|i|o|n| |w|e|b|r|e|n|d|e|r|,102210fe594ee9b33d82058545b1ed14f4c8206e,FirstVisualChange,amazon,True,amazon FirstVisualChange opt cold fission webrender,,6,ms,firefox,,1751395394,2023-09-06 18:01:29,1296562,,,,,,,,,,,,,,,,,,,,,,,,,,,,,,,,,,,,,,,,,,,,,,,,,TN
226,bf9fd7610de325961d2bad9677d3e0baed448827,0.509021907883388,mozilla-beta,3892049,13,6b4487d0c1f6bf5aaf17bec9a643c032ec54975b,linux1804-64-shippable-qr,True,False,,|c|o|l|d| |f|i|s|s|i|o|n| |w|e|b|r|e|n|d|e|r|,102210fe594ee9b33d82058545b1ed14f4c8206e,FirstVisualChange,amazon,True,amazon FirstVisualChange opt cold fission webrender,,6,ms,firefox,,1751765224,2023-09-07 08:55:31,1296941,,,,,,,,,,,,,,,,,,,,,,,,,,,,,,,,,,,,,,,,,,,,,,,,,TN
227,09f20f258694586b663476774d62849ff0954bf7,0.24781783681214417,mozilla-beta,3892049,13,6b4487d0c1f6bf5aaf17bec9a643c032ec54975b,linux1804-64-shippable-qr,True,False,,|c|o|l|d| |f|i|s|s|i|o|n| |w|e|b|r|e|n|d|e|r|,102210fe594ee9b33d82058545b1ed14f4c8206e,FirstVisualChange,amazon,True,amazon FirstVisualChange opt cold fission webrender,,6,ms,firefox,,1751826210,2023-09-07 12:18:53,1297036,,,,,,,,,,,,,,,,,,,,,,,,,,,,,,,,,,,,,,,,,,,,,,,,,TN
228,ea026adc3646e302d6a990b24e6252da4c10e9e1,0.12703122304640332,mozilla-beta,3892049,13,6b4487d0c1f6bf5aaf17bec9a643c032ec54975b,linux1804-64-shippable-qr,True,False,,|c|o|l|d| |f|i|s|s|i|o|n| |w|e|b|r|e|n|d|e|r|,102210fe594ee9b33d82058545b1ed14f4c8206e,FirstVisualChange,amazon,True,amazon FirstVisualChange opt cold fission webrender,,6,ms,firefox,,1752022700,2023-09-07 18:02:12,1297255,,,,,,,,,,,,,,,,,,,,,,,,,,,,,,,,,,,,,,,,,,,,,,,,,TN
229,0417d5350c674d59e5118d6e34bf203ff0f07416,0.3372089011557703,mozilla-beta,3892049,13,6b4487d0c1f6bf5aaf17bec9a643c032ec54975b,linux1804-64-shippable-qr,True,False,,|c|o|l|d| |f|i|s|s|i|o|n| |w|e|b|r|e|n|d|e|r|,102210fe594ee9b33d82058545b1ed14f4c8206e,FirstVisualChange,amazon,True,amazon FirstVisualChange opt cold fission webrender,,6,ms,firefox,,1752388542,2023-09-08 08:23:52,1297598,,,,,,,,,,,,,,,,,,,,,,,,,,,,,,,,,,,,,,,,,,,,,,,,,TN
230,68a05148e915734df7061df9340f975931bb1e71,0.41566327410729687,mozilla-beta,3892049,13,6b4487d0c1f6bf5aaf17bec9a643c032ec54975b,linux1804-64-shippable-qr,True,False,,|c|o|l|d| |f|i|s|s|i|o|n| |w|e|b|r|e|n|d|e|r|,102210fe594ee9b33d82058545b1ed14f4c8206e,FirstVisualChange,amazon,True,amazon FirstVisualChange opt cold fission webrender,,6,ms,firefox,,1752407052,2023-09-08 09:27:27,1297629,,,,,,,,,,,,,,,,,,,,,,,,,,,,,,,,,,,,,,,,,,,,,,,,,TN
231,8f5759470cb595ea30d26735e3de45c3cb9deba2,0.4564774883560463,mozilla-beta,3892049,13,6b4487d0c1f6bf5aaf17bec9a643c032ec54975b,linux1804-64-shippable-qr,True,False,,|c|o|l|d| |f|i|s|s|i|o|n| |w|e|b|r|e|n|d|e|r|,102210fe594ee9b33d82058545b1ed14f4c8206e,FirstVisualChange,amazon,True,amazon FirstVisualChange opt cold fission webrender,,6,ms,firefox,,1752585306,2023-09-08 14:37:17,1297802,,,,,,,,,,,,,,,,,,,,,,,,,,,,,,,,,,,,,,,,,,,,,,,,,TN
232,4a076ff52b5ab081ecc76c988f2cab0c999acddd,0.4471968259444541,mozilla-beta,3892049,13,6b4487d0c1f6bf5aaf17bec9a643c032ec54975b,linux1804-64-shippable-qr,True,False,,|c|o|l|d| |f|i|s|s|i|o|n| |w|e|b|r|e|n|d|e|r|,102210fe594ee9b33d82058545b1ed14f4c8206e,FirstVisualChange,amazon,True,amazon FirstVisualChange opt cold fission webrender,,6,ms,firefox,,1752694687,2023-09-08 18:02:35,1297927,,,,,,,,,,,,,,,,,,,,,,,,,,,,,,,,,,,,,,,,,,,,,,,,,TN
233,b1f3a08744ebf265beb7a3b65a23c713ba6ea987,0.32264964636881144,mozilla-beta,3892049,13,6b4487d0c1f6bf5aaf17bec9a643c032ec54975b,linux1804-64-shippable-qr,True,False,,|c|o|l|d| |f|i|s|s|i|o|n| |w|e|b|r|e|n|d|e|r|,102210fe594ee9b33d82058545b1ed14f4c8206e,FirstVisualChange,amazon,True,amazon FirstVisualChange opt cold fission webrender,,6,ms,firefox,,1753085024,2023-09-09 14:33:38,1298228,,,,,,,,,,,,,,,,,,,,,,,,,,,,,,,,,,,,,,,,,,,,,,,,,TN
234,1d174c6b1040e055846c107322548119beb23065,0.2879765395894428,mozilla-beta,3892049,13,6b4487d0c1f6bf5aaf17bec9a643c032ec54975b,linux1804-64-shippable-qr,True,False,,|c|o|l|d| |f|i|s|s|i|o|n| |w|e|b|r|e|n|d|e|r|,102210fe594ee9b33d82058545b1ed14f4c8206e,FirstVisualChange,amazon,True,amazon FirstVisualChange opt cold fission webrender,,6,ms,firefox,,1753114479,2023-09-09 18:01:37,1298238,,,,,,,,,,,,,,,,,,,,,,,,,,,,,,,,,,,,,,,,,,,,,,,,,TN
235,a75f9619ee113907713f385f75c08ac8340ea7a1,0.2068656201483526,mozilla-beta,3892049,13,6b4487d0c1f6bf5aaf17bec9a643c032ec54975b,linux1804-64-shippable-qr,True,False,,|c|o|l|d| |f|i|s|s|i|o|n| |w|e|b|r|e|n|d|e|r|,102210fe594ee9b33d82058545b1ed14f4c8206e,FirstVisualChange,amazon,True,amazon FirstVisualChange opt cold fission webrender,,6,ms,firefox,,1753644968,2023-09-10 17:59:34,1298321,,,,,,,,,,,,,,,,,,,,,,,,,,,,,,,,,,,,,,,,,,,,,,,,,TN
236,85df1da62717a2f0ea9e2d3fbd6379060d39dd7a,0.22497843712264967,mozilla-beta,3892049,13,6b4487d0c1f6bf5aaf17bec9a643c032ec54975b,linux1804-64-shippable-qr,True,False,,|c|o|l|d| |f|i|s|s|i|o|n| |w|e|b|r|e|n|d|e|r|,102210fe594ee9b33d82058545b1ed14f4c8206e,FirstVisualChange,amazon,True,amazon FirstVisualChange opt cold fission webrender,,6,ms,firefox,,1754335850,2023-09-11 18:00:35,1298770,,,,,,,,,,,,,,,,,,,,,,,,,,,,,,,,,,,,,,,,,,,,,,,,,TN
237,012efaa3025f28b8ee14042807c680e361f955d9,0.3469725720200103,mozilla-beta,3892049,13,6b4487d0c1f6bf5aaf17bec9a643c032ec54975b,linux1804-64-shippable-qr,True,False,,|c|o|l|d| |f|i|s|s|i|o|n| |w|e|b|r|e|n|d|e|r|,102210fe594ee9b33d82058545b1ed14f4c8206e,FirstVisualChange,amazon,True,amazon FirstVisualChange opt cold fission webrender,,6,ms,firefox,,1754506108,2023-09-12 01:33:58,1298957,,,,,,,,,,,,,,,,,,,,,,,,,,,,,,,,,,,,,,,,,,,,,,,,,TN
238,339422d06ac0b44eef14a6d0e510b2c8beac74e6,0.1603243056753493,mozilla-beta,3892049,13,6b4487d0c1f6bf5aaf17bec9a643c032ec54975b,linux1804-64-shippable-qr,True,False,,|c|o|l|d| |f|i|s|s|i|o|n| |w|e|b|r|e|n|d|e|r|,102210fe594ee9b33d82058545b1ed14f4c8206e,FirstVisualChange,amazon,True,amazon FirstVisualChange opt cold fission webrender,,6,ms,firefox,,1754677009,2023-09-12 09:08:04,1299055,,,,,,,,,,,,,,,,,,,,,,,,,,,,,,,,,,,,,,,,,,,,,,,,,TN
239,c48cbb09678ed2c9a0a51fc61520602070cd42cd,0.5441090219078835,mozilla-beta,3892049,13,6b4487d0c1f6bf5aaf17bec9a643c032ec54975b,linux1804-64-shippable-qr,True,False,,|c|o|l|d| |f|i|s|s|i|o|n| |w|e|b|r|e|n|d|e|r|,102210fe594ee9b33d82058545b1ed14f4c8206e,FirstVisualChange,amazon,True,amazon FirstVisualChange opt cold fission webrender,,6,ms,firefox,,1754843922,2023-09-12 13:16:28,1299153,,,,,,,,,,,,,,,,,,,,,,,,,,,,,,,,,,,,,,,,,,,,,,,,,TN
240,60f49456a1d32be44cc3fa2fdb65b8276c2e10da,0.2858720027600483,mozilla-beta,3892049,13,6b4487d0c1f6bf5aaf17bec9a643c032ec54975b,linux1804-64-shippable-qr,True,False,,|c|o|l|d| |f|i|s|s|i|o|n| |w|e|b|r|e|n|d|e|r|,102210fe594ee9b33d82058545b1ed14f4c8206e,FirstVisualChange,amazon,True,amazon FirstVisualChange opt cold fission webrender,,6,ms,firefox,,1754996200,2023-09-12 17:59:28,1299300,,,,,,,,,,,,,,,,,,,,,,,,,,,,,,,,,,,,,,,,,,,,,,,,,TN
241,afc0d34aed5f66ac43143c5868a0c280f5d5e523,0.3632223563912368,mozilla-beta,3892049,13,6b4487d0c1f6bf5aaf17bec9a643c032ec54975b,linux1804-64-shippable-qr,True,False,,|c|o|l|d| |f|i|s|s|i|o|n| |w|e|b|r|e|n|d|e|r|,102210fe594ee9b33d82058545b1ed14f4c8206e,FirstVisualChange,amazon,True,amazon FirstVisualChange opt cold fission webrender,,6,ms,firefox,,1755623481,2023-09-13 16:12:36,1299827,,,,,,,,,,,,,,,,,,,,,,,,,,,,,,,,,,,,,,,,,,,,,,,,,TN
242,da7c1c4fbd52add0445ce7e06b7ed513fdf9b518,0.7845437295152666,mozilla-beta,3892049,13,6b4487d0c1f6bf5aaf17bec9a643c032ec54975b,linux1804-64-shippable-qr,True,False,,|c|o|l|d| |f|i|s|s|i|o|n| |w|e|b|r|e|n|d|e|r|,102210fe594ee9b33d82058545b1ed14f4c8206e,FirstVisualChange,amazon,True,amazon FirstVisualChange opt cold fission webrender,,6,ms,firefox,,1755795824,2023-09-13 18:01:47,1299914,,,,,,,,,,,,,,,,,,,,,,,,,,,,,,,,,,,,,,,,,,,,,,,,,TN
243,cb5563d143c9a6e5f347ae0e8dbd6d64da27e6d2,0.14003795066413663,mozilla-beta,3892049,13,6b4487d0c1f6bf5aaf17bec9a643c032ec54975b,linux1804-64-shippable-qr,True,False,,|c|o|l|d| |f|i|s|s|i|o|n| |w|e|b|r|e|n|d|e|r|,102210fe594ee9b33d82058545b1ed14f4c8206e,FirstVisualChange,amazon,True,amazon FirstVisualChange opt cold fission webrender,,6,ms,firefox,,1756286943,2023-09-14 09:48:47,1300320,,,,,,,,,,,,,,,,,,,,,,,,,,,,,,,,,,,,,,,,,,,,,,,,,TN
244,fcddac3e2624e7598033e29e46487dc70d43b78d,0.21014317750560632,mozilla-beta,3892049,13,6b4487d0c1f6bf5aaf17bec9a643c032ec54975b,linux1804-64-shippable-qr,True,False,,|c|o|l|d| |f|i|s|s|i|o|n| |w|e|b|r|e|n|d|e|r|,102210fe594ee9b33d82058545b1ed14f4c8206e,FirstVisualChange,amazon,True,amazon FirstVisualChange opt cold fission webrender,,6,ms,firefox,,1756400476,2023-09-14 12:23:01,1300406,,,,,,,,,,,,,,,,,,,,,,,,,,,,,,,,,,,,,,,,,,,,,,,,,TN
245,167be896a8f296a5e540208b4a21b4268fcfe04a,0.25254441952734175,mozilla-beta,3892049,13,6b4487d0c1f6bf5aaf17bec9a643c032ec54975b,linux1804-64-shippable-qr,True,False,,|c|o|l|d| |f|i|s|s|i|o|n| |w|e|b|r|e|n|d|e|r|,102210fe594ee9b33d82058545b1ed14f4c8206e,FirstVisualChange,amazon,True,amazon FirstVisualChange opt cold fission webrender,,6,ms,firefox,,1756497093,2023-09-14 15:23:47,1300510,,,,,,,,,,,,,,,,,,,,,,,,,,,,,,,,,,,,,,,,,,,,,,,,,TN
246,107fd46b25d1b286078ee8ff22b7b53e0d67c6f6,0.3804036570639987,mozilla-beta,3892049,13,6b4487d0c1f6bf5aaf17bec9a643c032ec54975b,linux1804-64-shippable-qr,True,False,,|c|o|l|d| |f|i|s|s|i|o|n| |w|e|b|r|e|n|d|e|r|,102210fe594ee9b33d82058545b1ed14f4c8206e,FirstVisualChange,amazon,True,amazon FirstVisualChange opt cold fission webrender,,6,ms,firefox,,1756521374,2023-09-14 16:08:26,1300536,,,,,,,,,,,,,,,,,,,,,,,,,,,,,,,,,,,,,,,,,,,,,,,,,TN
247,da576bd73ddbbbcd645403b2c20538f00225e55d,0.3626013455235466,mozilla-beta,3892049,13,6b4487d0c1f6bf5aaf17bec9a643c032ec54975b,linux1804-64-shippable-qr,True,False,,|c|o|l|d| |f|i|s|s|i|o|n| |w|e|b|r|e|n|d|e|r|,102210fe594ee9b33d82058545b1ed14f4c8206e,FirstVisualChange,amazon,True,amazon FirstVisualChange opt cold fission webrender,,6,ms,firefox,,1756578488,2023-09-14 18:00:32,1300604,,,,,,,,,,,,,,,,,,,,,,,,,,,,,,,,,,,,,,,,,,,,,,,,,TN
248,f67d03cc1c6635e4823cedbf06bc676f3fdc8b97,0.354942211488701,mozilla-beta,3892049,13,6b4487d0c1f6bf5aaf17bec9a643c032ec54975b,linux1804-64-shippable-qr,True,False,,|c|o|l|d| |f|i|s|s|i|o|n| |w|e|b|r|e|n|d|e|r|,102210fe594ee9b33d82058545b1ed14f4c8206e,FirstVisualChange,amazon,True,amazon FirstVisualChange opt cold fission webrender,,6,ms,firefox,,1757122525,2023-09-15 12:36:32,1301078,,,,,,,,,,,,,,,,,,,,,,,,,,,,,,,,,,,,,,,,,,,,,,,,,TN
249,6684af595d9e752a7dd448a76e51615254fc443e,0.5821631878557875,mozilla-beta,3892049,13,6b4487d0c1f6bf5aaf17bec9a643c032ec54975b,linux1804-64-shippable-qr,True,False,,|c|o|l|d| |f|i|s|s|i|o|n| |w|e|b|r|e|n|d|e|r|,102210fe594ee9b33d82058545b1ed14f4c8206e,FirstVisualChange,amazon,True,amazon FirstVisualChange opt cold fission webrender,,6,ms,firefox,,1757294315,2023-09-15 17:59:24,1301325,,,,,,,,,,,,,,,,,,,,,,,,,,,,,,,,,,,,,,,,,,,,,,,,,TN
250,b37b425144f176cd814a9ae72a0296c56939cf3f,0.41435225116439534,mozilla-beta,3892049,13,6b4487d0c1f6bf5aaf17bec9a643c032ec54975b,linux1804-64-shippable-qr,True,False,,|c|o|l|d| |f|i|s|s|i|o|n| |w|e|b|r|e|n|d|e|r|,102210fe594ee9b33d82058545b1ed14f4c8206e,FirstVisualChange,amazon,True,amazon FirstVisualChange opt cold fission webrender,,6,ms,firefox,,1757696096,2023-09-16 17:59:47,1301605,,,,,,,,,,,,,,,,,,,,,,,,,,,,,,,,,,,,,,,,,,,,,,,,,TN
251,3b6b652d2e6a615905dab898689a937a81499980,0.31302397791961356,mozilla-beta,3892049,13,6b4487d0c1f6bf5aaf17bec9a643c032ec54975b,linux1804-64-shippable-qr,True,False,,|c|o|l|d| |f|i|s|s|i|o|n| |w|e|b|r|e|n|d|e|r|,102210fe594ee9b33d82058545b1ed14f4c8206e,FirstVisualChange,amazon,True,amazon FirstVisualChange opt cold fission webrender,,6,ms,firefox,,1757829840,2023-09-17 08:58:12,1301652,,,,,,,,,,,,,,,,,,,,,,,,,,,,,,,,,,,,,,,,,,,,,,,,,TN
252,0ecbbcbc23335bfea2af64383cdd8efdb6cab735,0.39120234604105575,mozilla-beta,3892049,13,6b4487d0c1f6bf5aaf17bec9a643c032ec54975b,linux1804-64-shippable-qr,True,False,,|c|o|l|d| |f|i|s|s|i|o|n| |w|e|b|r|e|n|d|e|r|,102210fe594ee9b33d82058545b1ed14f4c8206e,FirstVisualChange,amazon,True,amazon FirstVisualChange opt cold fission webrender,,6,ms,firefox,,1757893980,2023-09-17 11:54:43,1301659,,,,,,,,,,,,,,,,,,,,,,,,,,,,,,,,,,,,,,,,,,,,,,,,,TN
253,82a37e47cfa778e2c05294ece1ae4d81e0aa5aaf,0.16049680869415214,mozilla-beta,3892049,13,6b4487d0c1f6bf5aaf17bec9a643c032ec54975b,linux1804-64-shippable-qr,True,False,,|c|o|l|d| |f|i|s|s|i|o|n| |w|e|b|r|e|n|d|e|r|,102210fe594ee9b33d82058545b1ed14f4c8206e,FirstVisualChange,amazon,True,amazon FirstVisualChange opt cold fission webrender,,6,ms,firefox,,1757941333,2023-09-17 18:02:18,1301672,,,,,,,,,,,,,,,,,,,,,,,,,,,,,,,,,,,,,,,,,,,,,,,,,TN
254,0b69611582d97f84f43d1ee9de0aa36defae0633,0.2597895463170605,mozilla-beta,3892049,13,6b4487d0c1f6bf5aaf17bec9a643c032ec54975b,linux1804-64-shippable-qr,True,False,,|c|o|l|d| |f|i|s|s|i|o|n| |w|e|b|r|e|n|d|e|r|,102210fe594ee9b33d82058545b1ed14f4c8206e,FirstVisualChange,amazon,True,amazon FirstVisualChange opt cold fission webrender,,6,ms,firefox,,1758111133,2023-09-18 07:34:42,1301756,,,,,,,,,,,,,,,,,,,,,,,,,,,,,,,,,,,,,,,,,,,,,,,,,TN
255,899c187a45b8e9eee5cddc89c76d3c888b023621,0.43401759530791784,mozilla-beta,3892049,13,6b4487d0c1f6bf5aaf17bec9a643c032ec54975b,linux1804-64-shippable-qr,True,False,,|c|o|l|d| |f|i|s|s|i|o|n| |w|e|b|r|e|n|d|e|r|,102210fe594ee9b33d82058545b1ed14f4c8206e,FirstVisualChange,amazon,True,amazon FirstVisualChange opt cold fission webrender,,6,ms,firefox,,1758137175,2023-09-18 07:59:31,1301765,,,,,,,,,,,,,,,,,,,,,,,,,,,,,,,,,,,,,,,,,,,,,,,,,TN
256,45c770ff73e393c4ca15eb188d0b68d3ee091ad8,0.3838192168362946,mozilla-beta,3892049,13,6b4487d0c1f6bf5aaf17bec9a643c032ec54975b,linux1804-64-shippable-qr,True,False,,|c|o|l|d| |f|i|s|s|i|o|n| |w|e|b|r|e|n|d|e|r|,102210fe594ee9b33d82058545b1ed14f4c8206e,FirstVisualChange,amazon,True,amazon FirstVisualChange opt cold fission webrender,,6,ms,firefox,,1758260460,2023-09-18 11:42:33,1301885,,,,,,,,,,,,,,,,,,,,,,,,,,,,,,,,,,,,,,,,,,,,,,,,,TN
257,704d786ef571a57be79a4e8bbf4b3d348da4a6af,0.21497326203208553,mozilla-beta,3892049,13,6b4487d0c1f6bf5aaf17bec9a643c032ec54975b,linux1804-64-shippable-qr,True,False,,|c|o|l|d| |f|i|s|s|i|o|n| |w|e|b|r|e|n|d|e|r|,102210fe594ee9b33d82058545b1ed14f4c8206e,FirstVisualChange,amazon,True,amazon FirstVisualChange opt cold fission webrender,,6,ms,firefox,,1761866350,2023-09-25 13:24:00,1305837,,,,,,,,,,,,,,,,,,,,,,,,,,,,,,,,,,,,,,,,,,,,,,,,,TN
258,fe05057336fb6f145784f7b6f7f989244c228925,0.14697257202001032,mozilla-beta,3892049,13,6b4487d0c1f6bf5aaf17bec9a643c032ec54975b,linux1804-64-shippable-qr,True,False,,|c|o|l|d| |f|i|s|s|i|o|n| |w|e|b|r|e|n|d|e|r|,102210fe594ee9b33d82058545b1ed14f4c8206e,FirstVisualChange,amazon,True,amazon FirstVisualChange opt cold fission webrender,,6,ms,firefox,,1762309367,2023-09-26 09:15:49,1306480,,,,,,,,,,,,,,,,,,,,,,,,,,,,,,,,,,,,,,,,,,,,,,,,,TN
259,09d6dd43de7eee4f04ef855c161b062d76953ffb,0.19893048128342247,mozilla-beta,3892049,13,6b4487d0c1f6bf5aaf17bec9a643c032ec54975b,linux1804-64-shippable-qr,True,False,,|c|o|l|d| |f|i|s|s|i|o|n| |w|e|b|r|e|n|d|e|r|,102210fe594ee9b33d82058545b1ed14f4c8206e,FirstVisualChange,amazon,True,amazon FirstVisualChange opt cold fission webrender,,6,ms,firefox,,1762719532,2023-09-26 22:39:03,1307042,,,,,,,,,,,,,,,,,,,,,,,,,,,,,,,,,,,,,,,,,,,,,,,,,TN
260,32c9429bb1b909628b4702be4abf30d1c8ef9213,0.3878557874762808,mozilla-beta,3892049,13,6b4487d0c1f6bf5aaf17bec9a643c032ec54975b,linux1804-64-shippable-qr,True,False,,|c|o|l|d| |f|i|s|s|i|o|n| |w|e|b|r|e|n|d|e|r|,102210fe594ee9b33d82058545b1ed14f4c8206e,FirstVisualChange,amazon,True,amazon FirstVisualChange opt cold fission webrender,,6,ms,firefox,,1762760732,2023-09-27 02:39:08,1307113,,,,,,,,,,,,,,,,,,,,,,,,,,,,,,,,,,,,,,,,,,,,,,,,,TN
261,6b3b2f0defd0129f296da601815862ec420c2a8d,0.4969121959634294,mozilla-beta,3892049,13,6b4487d0c1f6bf5aaf17bec9a643c032ec54975b,linux1804-64-shippable-qr,True,False,,|c|o|l|d| |f|i|s|s|i|o|n| |w|e|b|r|e|n|d|e|r|,102210fe594ee9b33d82058545b1ed14f4c8206e,FirstVisualChange,amazon,True,amazon FirstVisualChange opt cold fission webrender,,6,ms,firefox,,1762936849,2023-09-27 09:15:17,1307246,,,,,,,,,,,,,,,,,,,,,,,,,,,,,,,,,,,,,,,,,,,,,,,,,TN
262,3d23401ea6ed6463f47303edd5a9e6a98f919ac6,0.10729687769535964,mozilla-beta,3892049,13,6b4487d0c1f6bf5aaf17bec9a643c032ec54975b,linux1804-64-shippable-qr,True,False,,|c|o|l|d| |f|i|s|s|i|o|n| |w|e|b|r|e|n|d|e|r|,102210fe594ee9b33d82058545b1ed14f4c8206e,FirstVisualChange,amazon,True,amazon FirstVisualChange opt cold fission webrender,,6,ms,firefox,,1763333771,2023-09-27 18:36:07,1307615,,,,,,,,,,,,,,,,,,,,,,,,,,,,,,,,,,,,,,,,,,,,,,,,,TN
263,f77957643f474632b5a0c5f5b603c22b648cf284,0.22639296187683286,mozilla-beta,3892049,13,6b4487d0c1f6bf5aaf17bec9a643c032ec54975b,linux1804-64-shippable-qr,True,False,,|c|o|l|d| |f|i|s|s|i|o|n| |w|e|b|r|e|n|d|e|r|,102210fe594ee9b33d82058545b1ed14f4c8206e,FirstVisualChange,amazon,True,amazon FirstVisualChange opt cold fission webrender,,6,ms,firefox,,1763363565,2023-09-27 18:57:18,1307635,,,,,,,,,,,,,,,,,,,,,,,,,,,,,,,,,,,,,,,,,,,,,,,,,TN
264,0862c284dac061ce42712be1910f7b2fbe48c764,0.6804209073658789,mozilla-beta,3892049,13,6b4487d0c1f6bf5aaf17bec9a643c032ec54975b,linux1804-64-shippable-qr,True,False,,|c|o|l|d| |f|i|s|s|i|o|n| |w|e|b|r|e|n|d|e|r|,102210fe594ee9b33d82058545b1ed14f4c8206e,FirstVisualChange,amazon,True,amazon FirstVisualChange opt cold fission webrender,,6,ms,firefox,,1763505268,2023-09-27 23:22:04,1307774,,,,,,,,,,,,,,,,,,,,,,,,,,,,,,,,,,,,,,,,,,,,,,,,,TN
265,dbfa6f744d1fcb031f3482c02ca9b6a93d17c6f6,0.2204933586337761,mozilla-beta,3892049,13,6b4487d0c1f6bf5aaf17bec9a643c032ec54975b,linux1804-64-shippable-qr,True,False,,|c|o|l|d| |f|i|s|s|i|o|n| |w|e|b|r|e|n|d|e|r|,102210fe594ee9b33d82058545b1ed14f4c8206e,FirstVisualChange,amazon,True,amazon FirstVisualChange opt cold fission webrender,,6,ms,firefox,,1763849451,2023-09-28 09:16:00,1307948,,,,,,,,,,,,,,,,,,,,,,,,,,,,,,,,,,,,,,,,,,,,,,,,,TN
266,cf8ed8eb3f4fab77d2d8a7c4afda31b39e7422aa,0.17198550974642055,mozilla-beta,3892049,13,6b4487d0c1f6bf5aaf17bec9a643c032ec54975b,linux1804-64-shippable-qr,True,False,,|c|o|l|d| |f|i|s|s|i|o|n| |w|e|b|r|e|n|d|e|r|,102210fe594ee9b33d82058545b1ed14f4c8206e,FirstVisualChange,amazon,True,amazon FirstVisualChange opt cold fission webrender,,6,ms,firefox,,1764052777,2023-09-28 15:32:59,1308174,,,,,,,,,,,,,,,,,,,,,,,,,,,,,,,,,,,,,,,,,,,,,,,,,TN
267,c225843f670a40bb285d0934cdd28748011db546,0.17829912023460412,mozilla-beta,3892049,13,6b4487d0c1f6bf5aaf17bec9a643c032ec54975b,linux1804-64-shippable-qr,True,False,,|c|o|l|d| |f|i|s|s|i|o|n| |w|e|b|r|e|n|d|e|r|,102210fe594ee9b33d82058545b1ed14f4c8206e,FirstVisualChange,amazon,True,amazon FirstVisualChange opt cold fission webrender,,6,ms,firefox,,1764040742,2023-09-28 15:47:16,1308188,,,,,,,,,,,,,,,,,,,,,,,,,,,,,,,,,,,,,,,,,,,,,,,,,TN
268,714ad1ecc496dbc1e0316ef32f004e3594afae4c,0.21593927893738143,mozilla-beta,3892049,13,6b4487d0c1f6bf5aaf17bec9a643c032ec54975b,linux1804-64-shippable-qr,True,False,,|c|o|l|d| |f|i|s|s|i|o|n| |w|e|b|r|e|n|d|e|r|,102210fe594ee9b33d82058545b1ed14f4c8206e,FirstVisualChange,amazon,True,amazon FirstVisualChange opt cold fission webrender,,6,ms,firefox,,1764091046,2023-09-28 16:33:19,1308221,,,,,,,,,,,,,,,,,,,,,,,,,,,,,,,,,,,,,,,,,,,,,,,,,TN
269,1a41a118193dc3ad19c04b3da34ba9f08b5f4b2e,0.4687252026910471,mozilla-beta,3892049,13,6b4487d0c1f6bf5aaf17bec9a643c032ec54975b,linux1804-64-shippable-qr,True,False,,|c|o|l|d| |f|i|s|s|i|o|n| |w|e|b|r|e|n|d|e|r|,102210fe594ee9b33d82058545b1ed14f4c8206e,FirstVisualChange,amazon,True,amazon FirstVisualChange opt cold fission webrender,,6,ms,firefox,,1764165842,2023-09-28 19:13:44,1308369,,,,,,,,,,,,,,,,,,,,,,,,,,,,,,,,,,,,,,,,,,,,,,,,,TN
270,fe5fec8379780f7d83aea22168af4bb524933291,0.10967741935483874,mozilla-beta,3892049,13,6b4487d0c1f6bf5aaf17bec9a643c032ec54975b,linux1804-64-shippable-qr,True,False,,|c|o|l|d| |f|i|s|s|i|o|n| |w|e|b|r|e|n|d|e|r|,102210fe594ee9b33d82058545b1ed14f4c8206e,FirstVisualChange,amazon,True,amazon FirstVisualChange opt cold fission webrender,,6,ms,firefox,,1764599740,2023-09-29 09:14:27,1308654,,,,,,,,,,,,,,,,,,,,,,,,,,,,,,,,,,,,,,,,,,,,,,,,,TN
271,4fe46642b1666df19776b293ae514a8645de5d22,0.35076763843367254,mozilla-beta,3892049,13,6b4487d0c1f6bf5aaf17bec9a643c032ec54975b,linux1804-64-shippable-qr,True,False,,|c|o|l|d| |f|i|s|s|i|o|n| |w|e|b|r|e|n|d|e|r|,102210fe594ee9b33d82058545b1ed14f4c8206e,FirstVisualChange,amazon,True,amazon FirstVisualChange opt cold fission webrender,,6,ms,firefox,,1764957675,2023-09-29 16:56:36,1308862,,,,,,,,,,,,,,,,,,,,,,,,,,,,,,,,,,,,,,,,,,,,,,,,,TN
272,5f7680e645eebc437f78cdeed1261c0cfb2579cf,0.1845437295152665,mozilla-beta,3892049,13,6b4487d0c1f6bf5aaf17bec9a643c032ec54975b,linux1804-64-shippable-qr,True,False,,|c|o|l|d| |f|i|s|s|i|o|n| |w|e|b|r|e|n|d|e|r|,102210fe594ee9b33d82058545b1ed14f4c8206e,FirstVisualChange,amazon,True,amazon FirstVisualChange opt cold fission webrender,,6,ms,firefox,,1764952555,2023-09-29 17:03:59,1308871,,,,,,,,,,,,,,,,,,,,,,,,,,,,,,,,,,,,,,,,,,,,,,,,,TN
273,f112373c55ecd1ae5179e07fab55605a7bfe0d0b,0.1926168707952389,mozilla-beta,3892049,13,6b4487d0c1f6bf5aaf17bec9a643c032ec54975b,linux1804-64-shippable-qr,True,False,,|c|o|l|d| |f|i|s|s|i|o|n| |w|e|b|r|e|n|d|e|r|,102210fe594ee9b33d82058545b1ed14f4c8206e,FirstVisualChange,amazon,True,amazon FirstVisualChange opt cold fission webrender,,6,ms,firefox,,1764987303,2023-09-29 18:35:51,1308924,,,,,,,,,,,,,,,,,,,,,,,,,,,,,,,,,,,,,,,,,,,,,,,,,TN
274,c29dafbae797813b78752227e769dffacec3830d,0.2115922028635501,mozilla-beta,3892049,13,6b4487d0c1f6bf5aaf17bec9a643c032ec54975b,linux1804-64-shippable-qr,True,False,,|c|o|l|d| |f|i|s|s|i|o|n| |w|e|b|r|e|n|d|e|r|,102210fe594ee9b33d82058545b1ed14f4c8206e,FirstVisualChange,amazon,True,amazon FirstVisualChange opt cold fission webrender,,6,ms,firefox,,1765251378,2023-09-30 09:18:18,1309097,,,,,,,,,,,,,,,,,,,,,,,,,,,,,,,,,,,,,,,,,,,,,,,,,TN
275,75b5edb9dd8c6ea1ed868362b8ed8afff4377b7f,1.0,mozilla-beta,3892049,13,6b4487d0c1f6bf5aaf17bec9a643c032ec54975b,linux1804-64-shippable-qr,True,False,,|c|o|l|d| |f|i|s|s|i|o|n| |w|e|b|r|e|n|d|e|r|,102210fe594ee9b33d82058545b1ed14f4c8206e,FirstVisualChange,amazon,True,amazon FirstVisualChange opt cold fission webrender,,6,ms,firefox,,1765482486,2023-10-01 09:15:55,1309193,,,,,,,,,,,,,,,,,,,,,,,,,,,,,,,,,,,,,,,,,,,,,,,,,TN
276,79a4e78796384c8776f2b76178b4017d09e31fd4,0.28966706917371055,mozilla-beta,3892049,13,6b4487d0c1f6bf5aaf17bec9a643c032ec54975b,linux1804-64-shippable-qr,True,False,,|c|o|l|d| |f|i|s|s|i|o|n| |w|e|b|r|e|n|d|e|r|,102210fe594ee9b33d82058545b1ed14f4c8206e,FirstVisualChange,amazon,True,amazon FirstVisualChange opt cold fission webrender,,6,ms,firefox,,1765531673,2023-10-01 13:43:42,1309232,,,,,,,,,,,,,,,,,,,,,,,,,,,,,,,,,,,,,,,,,,,,,,,,,TN
277,dd5c4288e5758af7fc35f71c3129bd1eda767278,0.2566154907710885,mozilla-beta,3892049,13,6b4487d0c1f6bf5aaf17bec9a643c032ec54975b,linux1804-64-shippable-qr,True,False,,|c|o|l|d| |f|i|s|s|i|o|n| |w|e|b|r|e|n|d|e|r|,102210fe594ee9b33d82058545b1ed14f4c8206e,FirstVisualChange,amazon,True,amazon FirstVisualChange opt cold fission webrender,,6,ms,firefox,,1765800289,2023-10-02 09:17:55,1309401,,,,,,,,,,,,,,,,,,,,,,,,,,,,,,,,,,,,,,,,,,,,,,,,,TN
278,c8e8ea275a5a3f33358dcf77b50088ddf09f7e9b,0.1655683974469553,mozilla-beta,3892049,13,6b4487d0c1f6bf5aaf17bec9a643c032ec54975b,linux1804-64-shippable-qr,True,False,,|c|o|l|d| |f|i|s|s|i|o|n| |w|e|b|r|e|n|d|e|r|,102210fe594ee9b33d82058545b1ed14f4c8206e,FirstVisualChange,amazon,True,amazon FirstVisualChange opt cold fission webrender,,6,ms,firefox,,1765947403,2023-10-02 13:51:16,1309578,,,,,,,,,,,,,,,,,,,,,,,,,,,,,,,,,,,,,,,,,,,,,,,,,TN
279,e5bffcfa00f5c8cd1e394ac1131fb1e3ca2a3b56,0.24333275832327064,mozilla-beta,3892049,13,6b4487d0c1f6bf5aaf17bec9a643c032ec54975b,linux1804-64-shippable-qr,True,False,,|c|o|l|d| |f|i|s|s|i|o|n| |w|e|b|r|e|n|d|e|r|,102210fe594ee9b33d82058545b1ed14f4c8206e,FirstVisualChange,amazon,True,amazon FirstVisualChange opt cold fission webrender,,6,ms,firefox,,1766235619,2023-10-02 20:49:05,1309873,,,,,,,,,,,,,,,,,,,,,,,,,,,,,,,,,,,,,,,,,,,,,,,,,TN
280,205eb2c4bf7e71d495ab61be1d40f9ea2671340b,0.5983784716232533,mozilla-beta,3892049,13,6b4487d0c1f6bf5aaf17bec9a643c032ec54975b,linux1804-64-shippable-qr,True,False,,|c|o|l|d| |f|i|s|s|i|o|n| |w|e|b|r|e|n|d|e|r|,102210fe594ee9b33d82058545b1ed14f4c8206e,FirstVisualChange,amazon,True,amazon FirstVisualChange opt cold fission webrender,,6,ms,firefox,,1766605849,2023-10-03 09:17:20,1310189,,,,,,,,,,,,,,,,,,,,,,,,,,,,,,,,,,,,,,,,,,,,,,,,,TN
281,118184ccfcd830d8977a794dd26064b3accc58a2,0.2287390029325513,mozilla-beta,3892049,13,6b4487d0c1f6bf5aaf17bec9a643c032ec54975b,linux1804-64-shippable-qr,True,False,,|c|o|l|d| |f|i|s|s|i|o|n| |w|e|b|r|e|n|d|e|r|,102210fe594ee9b33d82058545b1ed14f4c8206e,FirstVisualChange,amazon,True,amazon FirstVisualChange opt cold fission webrender,,6,ms,firefox,,1766775612,2023-10-03 12:49:30,1310283,,,,,,,,,,,,,,,,,,,,,,,,,,,,,,,,,,,,,,,,,,,,,,,,,TN
282,aae1c545bad65ea0147bb9c3d884c5d0d1ebcfa2,0.34269449715370015,mozilla-beta,3892049,13,6b4487d0c1f6bf5aaf17bec9a643c032ec54975b,linux1804-64-shippable-qr,True,False,,|c|o|l|d| |f|i|s|s|i|o|n| |w|e|b|r|e|n|d|e|r|,102210fe594ee9b33d82058545b1ed14f4c8206e,FirstVisualChange,amazon,True,amazon FirstVisualChange opt cold fission webrender,,6,ms,firefox,,1767168794,2023-10-04 00:57:47,1310719,,,,,,,,,,,,,,,,,,,,,,,,,,,,,,,,,,,,,,,,,,,,,,,,,TN
283,20072380b395934aebb21065fe4a360ae9ca1e5a,0.14918061066068658,mozilla-beta,3892049,13,6b4487d0c1f6bf5aaf17bec9a643c032ec54975b,linux1804-64-shippable-qr,True,False,,|c|o|l|d| |f|i|s|s|i|o|n| |w|e|b|r|e|n|d|e|r|,102210fe594ee9b33d82058545b1ed14f4c8206e,FirstVisualChange,amazon,True,amazon FirstVisualChange opt cold fission webrender,,6,ms,firefox,,1767178801,2023-10-04 01:13:33,1310722,,,,,,,,,,,,,,,,,,,,,,,,,,,,,,,,,,,,,,,,,,,,,,,,,TN
284,9bb86c200658a7dc1d44f05d5275db9c605599f3,0.14728307745385547,mozilla-beta,3892049,13,6b4487d0c1f6bf5aaf17bec9a643c032ec54975b,linux1804-64-shippable-qr,True,False,,|c|o|l|d| |f|i|s|s|i|o|n| |w|e|b|r|e|n|d|e|r|,102210fe594ee9b33d82058545b1ed14f4c8206e,FirstVisualChange,amazon,True,amazon FirstVisualChange opt cold fission webrender,,6,ms,firefox,,1767217268,2023-10-04 02:01:13,1310732,,,,,,,,,,,,,,,,,,,,,,,,,,,,,,,,,,,,,,,,,,,,,,,,,TN
285,4794794a6bd29a17dd7a438eaecc95be72381860,0.14600655511471453,mozilla-beta,3892049,13,6b4487d0c1f6bf5aaf17bec9a643c032ec54975b,linux1804-64-shippable-qr,True,False,,|c|o|l|d| |f|i|s|s|i|o|n| |w|e|b|r|e|n|d|e|r|,102210fe594ee9b33d82058545b1ed14f4c8206e,FirstVisualChange,amazon,True,amazon FirstVisualChange opt cold fission webrender,,6,ms,firefox,,1767261502,2023-10-04 04:09:15,1310752,,,,,,,,,,,,,,,,,,,,,,,,,,,,,,,,,,,,,,,,,,,,,,,,,TN
286,ee94bbad8af86968bf85c48449dd7d1bece16e6a,0.15735725375194068,mozilla-beta,3892049,13,6b4487d0c1f6bf5aaf17bec9a643c032ec54975b,linux1804-64-shippable-qr,True,False,,|c|o|l|d| |f|i|s|s|i|o|n| |w|e|b|r|e|n|d|e|r|,102210fe594ee9b33d82058545b1ed14f4c8206e,FirstVisualChange,amazon,True,amazon FirstVisualChange opt cold fission webrender,,6,ms,firefox,,1767485889,2023-10-04 09:16:11,1310854,,,,,,,,,,,,,,,,,,,,,,,,,,,,,,,,,,,,,,,,,,,,,,,,,TN
287,6066df449ff2e6a96d4dd6d81f524353c904a7e4,0.07176125582197687,mozilla-beta,3892049,13,6b4487d0c1f6bf5aaf17bec9a643c032ec54975b,linux1804-64-shippable-qr,True,False,,|c|o|l|d| |f|i|s|s|i|o|n| |w|e|b|r|e|n|d|e|r|,102210fe594ee9b33d82058545b1ed14f4c8206e,FirstVisualChange,amazon,True,amazon FirstVisualChange opt cold fission webrender,,6,ms,firefox,,1767819251,2023-10-04 19:05:37,1311304,,,,,,,,,,,,,,,,,,,,,,,,,,,,,,,,,,,,,,,,,,,,,,,,,TN
288,580ae177f2ee1ec5f96ba0a876c77edad7dc1810,0.08186993272382267,mozilla-beta,3892049,13,6b4487d0c1f6bf5aaf17bec9a643c032ec54975b,linux1804-64-shippable-qr,True,False,,|c|o|l|d| |f|i|s|s|i|o|n| |w|e|b|r|e|n|d|e|r|,102210fe594ee9b33d82058545b1ed14f4c8206e,FirstVisualChange,amazon,True,amazon FirstVisualChange opt cold fission webrender,,6,ms,firefox,,1768207848,2023-10-05 09:16:59,1311697,,,,,,,,,,,,,,,,,,,,,,,,,,,,,,,,,,,,,,,,,,,,,,,,,TN
289,82dc5b47405aa3b80232917dce1198d8f5fe0205,0.07400379506641366,mozilla-beta,3892049,13,6b4487d0c1f6bf5aaf17bec9a643c032ec54975b,linux1804-64-shippable-qr,True,False,,|c|o|l|d| |f|i|s|s|i|o|n| |w|e|b|r|e|n|d|e|r|,102210fe594ee9b33d82058545b1ed14f4c8206e,FirstVisualChange,amazon,True,amazon FirstVisualChange opt cold fission webrender,,6,ms,firefox,,1768291595,2023-10-05 12:14:20,1311786,,,,,,,,,,,,,,,,,,,,,,,,,,,,,,,,,,,,,,,,,,,,,,,,,TN
290,a9b4c32cbce4e483371a4d4f0af1cb5b99ba1beb,0.07634983612213214,mozilla-beta,3892049,13,6b4487d0c1f6bf5aaf17bec9a643c032ec54975b,linux1804-64-shippable-qr,True,False,,|c|o|l|d| |f|i|s|s|i|o|n| |w|e|b|r|e|n|d|e|r|,102210fe594ee9b33d82058545b1ed14f4c8206e,FirstVisualChange,amazon,True,amazon FirstVisualChange opt cold fission webrender,,6,ms,firefox,,1768386697,2023-10-05 13:10:58,1311851,,,,,,,,,,,,,,,,,,,,,,,,,,,,,,,,,,,,,,,,,,,,,,,,,TN
291,acc9965e45abe1aeac40ca2f04c26812adc75cda,0.08007590132827325,mozilla-beta,3892049,13,6b4487d0c1f6bf5aaf17bec9a643c032ec54975b,linux1804-64-shippable-qr,True,False,,|c|o|l|d| |f|i|s|s|i|o|n| |w|e|b|r|e|n|d|e|r|,102210fe594ee9b33d82058545b1ed14f4c8206e,FirstVisualChange,amazon,True,amazon FirstVisualChange opt cold fission webrender,,6,ms,firefox,,1768703316,2023-10-05 18:10:23,1312101,,,,,,,,,,,,,,,,,,,,,,,,,,,,,,,,,,,,,,,,,,,,,,,,,TN
292,75404df0a34bb37b93351a424687782569f397f9,0.07603933068828705,mozilla-beta,3892049,13,6b4487d0c1f6bf5aaf17bec9a643c032ec54975b,linux1804-64-shippable-qr,True,False,,|c|o|l|d| |f|i|s|s|i|o|n| |w|e|b|r|e|n|d|e|r|,102210fe594ee9b33d82058545b1ed14f4c8206e,FirstVisualChange,amazon,True,amazon FirstVisualChange opt cold fission webrender,,6,ms,firefox,,1769073535,2023-10-06 09:15:09,1312465,,,,,,,,,,,,,,,,,,,,,,,,,,,,,,,,,,,,,,,,,,,,,,,,,TN
293,f62bbe0bb99b812d0d79d2e5517f7584baa278fc,0.08469898223218905,mozilla-beta,3892049,13,6b4487d0c1f6bf5aaf17bec9a643c032ec54975b,linux1804-64-shippable-qr,True,False,,|c|o|l|d| |f|i|s|s|i|o|n| |w|e|b|r|e|n|d|e|r|,102210fe594ee9b33d82058545b1ed14f4c8206e,FirstVisualChange,amazon,True,amazon FirstVisualChange opt cold fission webrender,,6,ms,firefox,,1769399223,2023-10-06 17:47:24,1312771,,,,,,,,,,,,,,,,,,,,,,,,,,,,,,,,,,,,,,,,,,,,,,,,,TN
294,f56a6c67a33ab1a140c63cace57b27168b822eec,0.07904088321545627,mozilla-beta,3892049,13,6b4487d0c1f6bf5aaf17bec9a643c032ec54975b,linux1804-64-shippable-qr,True,False,,|c|o|l|d| |f|i|s|s|i|o|n| |w|e|b|r|e|n|d|e|r|,102210fe594ee9b33d82058545b1ed14f4c8206e,FirstVisualChange,amazon,True,amazon FirstVisualChange opt cold fission webrender,,6,ms,firefox,,1769493596,2023-10-06 18:35:27,1312821,,,,,,,,,,,,,,,,,,,,,,,,,,,,,,,,,,,,,,,,,,,,,,,,,TN
295,13a5ee763497f5cfd08fefcb509684311e9aee25,0.08048990857340005,mozilla-beta,3892049,13,6b4487d0c1f6bf5aaf17bec9a643c032ec54975b,linux1804-64-shippable-qr,True,False,,|c|o|l|d| |f|i|s|s|i|o|n| |w|e|b|r|e|n|d|e|r|,102210fe594ee9b33d82058545b1ed14f4c8206e,FirstVisualChange,amazon,True,amazon FirstVisualChange opt cold fission webrender,,6,ms,firefox,,1769668719,2023-10-07 09:16:25,1313095,,,,,,,,,,,,,,,,,,,,,,,,,,,,,,,,,,,,,,,,,,,,,,,,,TN
296,9a2aad16b50476b91e85115698a5372c0e178481,0.10436432637571155,mozilla-beta,3892049,13,6b4487d0c1f6bf5aaf17bec9a643c032ec54975b,linux1804-64-shippable-qr,True,False,,|c|o|l|d| |f|i|s|s|i|o|n| |w|e|b|r|e|n|d|e|r|,102210fe594ee9b33d82058545b1ed14f4c8206e,FirstVisualChange,amazon,True,amazon FirstVisualChange opt cold fission webrender,,6,ms,firefox,,1769975841,2023-10-08 09:15:29,1313212,,,,,,,,,,,,,,,,,,,,,,,,,,,,,,,,,,,,,,,,,,,,,,,,,TN
297,52bc619257d3e66e5326c753c4a1035195d1929a,0.07158875280317403,mozilla-beta,3892049,13,6b4487d0c1f6bf5aaf17bec9a643c032ec54975b,linux1804-64-shippable-qr,True,False,,|c|o|l|d| |f|i|s|s|i|o|n| |w|e|b|r|e|n|d|e|r|,102210fe594ee9b33d82058545b1ed14f4c8206e,FirstVisualChange,amazon,True,amazon FirstVisualChange opt cold fission webrender,,6,ms,firefox,,1770077409,2023-10-08 14:12:09,1313230,,,,,,,,,,,,,,,,,,,,,,,,,,,,,,,,,,,,,,,,,,,,,,,,,TN
298,4816a8c9639e20516df1685953f8ca97052aea2b,0.0762118337070899,mozilla-beta,3892049,13,6b4487d0c1f6bf5aaf17bec9a643c032ec54975b,linux1804-64-shippable-qr,True,False,,|c|o|l|d| |f|i|s|s|i|o|n| |w|e|b|r|e|n|d|e|r|,102210fe594ee9b33d82058545b1ed14f4c8206e,FirstVisualChange,amazon,True,amazon FirstVisualChange opt cold fission webrender,,6,ms,firefox,,1770068015,2023-10-08 14:18:48,1313231,,,,,,,,,,,,,,,,,,,,,,,,,,,,,,,,,,,,,,,,,,,,,,,,,TN
299,d4527a30756259366526e6c471ce07f48f4515ac,0.07200276004830086,mozilla-beta,3892049,13,6b4487d0c1f6bf5aaf17bec9a643c032ec54975b,linux1804-64-shippable-qr,True,False,,|c|o|l|d| |f|i|s|s|i|o|n| |w|e|b|r|e|n|d|e|r|,102210fe594ee9b33d82058545b1ed14f4c8206e,FirstVisualChange,amazon,True,amazon FirstVisualChange opt cold fission webrender,,6,ms,firefox,,1770376515,2023-10-09 09:21:20,1313437,,,,,,,,,,,,,,,,,,,,,,,,,,,,,,,,,,,,,,,,,,,,,,,,,TN
300,2c502d3a5967e4ffe419c5d01465f41dceb956f6,0.07493531136794895,mozilla-beta,3892049,13,6b4487d0c1f6bf5aaf17bec9a643c032ec54975b,linux1804-64-shippable-qr,True,False,,|c|o|l|d| |f|i|s|s|i|o|n| |w|e|b|r|e|n|d|e|r|,102210fe594ee9b33d82058545b1ed14f4c8206e,FirstVisualChange,amazon,True,amazon FirstVisualChange opt cold fission webrender,,6,ms,firefox,,1770425633,2023-10-09 11:16:45,1313488,,,,,,,,,,,,,,,,,,,,,,,,,,,,,,,,,,,,,,,,,,,,,,,,,TN
301,f95037ec26ecbd37fce78a2acc917f42d07c5fb4,0.11409349663619114,mozilla-beta,3892049,13,6b4487d0c1f6bf5aaf17bec9a643c032ec54975b,linux1804-64-shippable-qr,True,False,,|c|o|l|d| |f|i|s|s|i|o|n| |w|e|b|r|e|n|d|e|r|,102210fe594ee9b33d82058545b1ed14f4c8206e,FirstVisualChange,amazon,True,amazon FirstVisualChange opt cold fission webrender,,6,ms,firefox,,1770698127,2023-10-09 20:58:43,1313834,,,,,,,,,,,,,,,,,,,,,,,,,,,,,,,,,,,,,,,,,,,,,,,,,TN
302,6ca6ea6b139da8aa4264829b50988ed951574abf,0.10184578230119026,mozilla-beta,3892049,13,6b4487d0c1f6bf5aaf17bec9a643c032ec54975b,linux1804-64-shippable-qr,True,False,,|c|o|l|d| |f|i|s|s|i|o|n| |w|e|b|r|e|n|d|e|r|,102210fe594ee9b33d82058545b1ed14f4c8206e,FirstVisualChange,amazon,True,amazon FirstVisualChange opt cold fission webrender,,6,ms,firefox,,1770935220,2023-10-10 09:17:32,1314076,,,,,,,,,,,,,,,,,,,,,,,,,,,,,,,,,,,,,,,,,,,,,,,,,TN
303,c811c2581ef0ad534e3f4051ad22d392a27379a9,0.07300327755735725,mozilla-beta,3892049,13,6b4487d0c1f6bf5aaf17bec9a643c032ec54975b,linux1804-64-shippable-qr,True,False,,|c|o|l|d| |f|i|s|s|i|o|n| |w|e|b|r|e|n|d|e|r|,102210fe594ee9b33d82058545b1ed14f4c8206e,FirstVisualChange,amazon,True,amazon FirstVisualChange opt cold fission webrender,,6,ms,firefox,,1771034672,2023-10-10 12:36:38,1314201,,,,,,,,,,,,,,,,,,,,,,,,,,,,,,,,,,,,,,,,,,,,,,,,,TN
304,fd6c29d7603acc344157c8a5f14b7fc49b7ad07c,0.08152492668621703,mozilla-beta,3892049,13,6b4487d0c1f6bf5aaf17bec9a643c032ec54975b,linux1804-64-shippable-qr,True,False,,|c|o|l|d| |f|i|s|s|i|o|n| |w|e|b|r|e|n|d|e|r|,102210fe594ee9b33d82058545b1ed14f4c8206e,FirstVisualChange,amazon,True,amazon FirstVisualChange opt cold fission webrender,,6,ms,firefox,,1771086909,2023-10-10 14:42:07,1314306,,,,,,,,,,,,,,,,,,,,,,,,,,,,,,,,,,,,,,,,,,,,,,,,,TN
305,577dcfba9576ee660a671915f1ea3756e9d84652,0.08735552872175265,mozilla-beta,3892049,13,6b4487d0c1f6bf5aaf17bec9a643c032ec54975b,linux1804-64-shippable-qr,True,False,,|c|o|l|d| |f|i|s|s|i|o|n| |w|e|b|r|e|n|d|e|r|,102210fe594ee9b33d82058545b1ed14f4c8206e,FirstVisualChange,amazon,True,amazon FirstVisualChange opt cold fission webrender,,6,ms,firefox,,1771388891,2023-10-10 21:51:45,1314592,,,,,,,,,,,,,,,,,,,,,,,,,,,,,,,,,,,,,,,,,,,,,,,,,TN
306,54e1383bd50714d6e9f0149e83a414e4a48cac7f,0.08507848887355529,mozilla-beta,3892049,13,6b4487d0c1f6bf5aaf17bec9a643c032ec54975b,linux1804-64-shippable-qr,True,False,,|c|o|l|d| |f|i|s|s|i|o|n| |w|e|b|r|e|n|d|e|r|,102210fe594ee9b33d82058545b1ed14f4c8206e,FirstVisualChange,amazon,True,amazon FirstVisualChange opt cold fission webrender,,6,ms,firefox,,1771605942,2023-10-11 09:15:28,1314859,,,,,,,,,,,,,,,,,,,,,,,,,,,,,,,,,,,,,,,,,,,,,,,,,TN
307,1b37a41b6de4ddb9a207889b49d817aa2e82d43a,0.07448680351906162,mozilla-beta,3892049,13,6b4487d0c1f6bf5aaf17bec9a643c032ec54975b,linux1804-64-shippable-qr,True,False,,|c|o|l|d| |f|i|s|s|i|o|n| |w|e|b|r|e|n|d|e|r|,102210fe594ee9b33d82058545b1ed14f4c8206e,FirstVisualChange,amazon,True,amazon FirstVisualChange opt cold fission webrender,,6,ms,firefox,,1771902550,2023-10-11 19:41:14,1315281,,,,,,,,,,,,,,,,,,,,,,,,,,,,,,,,,,,,,,,,,,,,,,,,,TN
308,5aa198b1f23a350634177ce2fdeb210d41468ad4,0.11788856304985337,mozilla-beta,3892049,13,6b4487d0c1f6bf5aaf17bec9a643c032ec54975b,linux1804-64-shippable-qr,True,False,,|c|o|l|d| |f|i|s|s|i|o|n| |w|e|b|r|e|n|d|e|r|,102210fe594ee9b33d82058545b1ed14f4c8206e,FirstVisualChange,amazon,True,amazon FirstVisualChange opt cold fission webrender,,6,ms,firefox,,1772010394,2023-10-11 22:55:04,1315411,,,,,,,,,,,,,,,,,,,,,,,,,,,,,,,,,,,,,,,,,,,,,,,,,TN
309,bba75dc3df803f8ed22a9cb4e7d6bc274909572c,0.08076591340348455,mozilla-beta,3892049,13,6b4487d0c1f6bf5aaf17bec9a643c032ec54975b,linux1804-64-shippable-qr,True,False,,|c|o|l|d| |f|i|s|s|i|o|n| |w|e|b|r|e|n|d|e|r|,102210fe594ee9b33d82058545b1ed14f4c8206e,FirstVisualChange,amazon,True,amazon FirstVisualChange opt cold fission webrender,,6,ms,firefox,,1772119297,2023-10-12 02:52:01,1315485,,,,,,,,,,,,,,,,,,,,,,,,,,,,,,,,,,,,,,,,,,,,,,,,,TN
310,9c6b259fc70659f4aed73bc575ef934836412c9f,0.11916508538899431,mozilla-beta,3892049,13,6b4487d0c1f6bf5aaf17bec9a643c032ec54975b,linux1804-64-shippable-qr,True,False,,|c|o|l|d| |f|i|s|s|i|o|n| |w|e|b|r|e|n|d|e|r|,102210fe594ee9b33d82058545b1ed14f4c8206e,FirstVisualChange,amazon,True,amazon FirstVisualChange opt cold fission webrender,,6,ms,firefox,,1772262889,2023-10-12 09:16:52,1315594,,,,,,,,,,,,,,,,,,,,,,,,,,,,,,,,,,,,,,,,,,,,,,,,,TN
311,f931988827a90cf966b1ad7fc5e9e4ac2baf74c8,0.0852509918923581,mozilla-beta,3892049,13,6b4487d0c1f6bf5aaf17bec9a643c032ec54975b,linux1804-64-shippable-qr,True,False,,|c|o|l|d| |f|i|s|s|i|o|n| |w|e|b|r|e|n|d|e|r|,102210fe594ee9b33d82058545b1ed14f4c8206e,FirstVisualChange,amazon,True,amazon FirstVisualChange opt cold fission webrender,,6,ms,firefox,,1772406286,2023-10-12 13:44:47,1315758,,,,,,,,,,,,,,,,,,,,,,,,,,,,,,,,,,,,,,,,,,,,,,,,,TN
312,0d28d797a85a4ed9635545fe3467b17e8ebb4d5d,0.08221493876142832,mozilla-beta,3892049,13,6b4487d0c1f6bf5aaf17bec9a643c032ec54975b,linux1804-64-shippable-qr,True,False,,|c|o|l|d| |f|i|s|s|i|o|n| |w|e|b|r|e|n|d|e|r|,102210fe594ee9b33d82058545b1ed14f4c8206e,FirstVisualChange,amazon,True,amazon FirstVisualChange opt cold fission webrender,,6,ms,firefox,,1772531780,2023-10-12 17:47:43,1315941,,,,,,,,,,,,,,,,,,,,,,,,,,,,,,,,,,,,,,,,,,,,,,,,,TN
313,689906410d5f8337d185caeadf063e3c3e6f9f81,0.11505951354148697,mozilla-beta,3892049,13,6b4487d0c1f6bf5aaf17bec9a643c032ec54975b,linux1804-64-shippable-qr,True,False,,|c|o|l|d| |f|i|s|s|i|o|n| |w|e|b|r|e|n|d|e|r|,102210fe594ee9b33d82058545b1ed14f4c8206e,FirstVisualChange,amazon,True,amazon FirstVisualChange opt cold fission webrender,,6,ms,firefox,,1772796484,2023-10-13 04:28:09,1316284,,,,,,,,,,,,,,,,,,,,,,,,,,,,,,,,,,,,,,,,,,,,,,,,,TN
314,03f145d4d7d679e973ec6621b498d6ba24c3bf45,0.07407279627393479,mozilla-beta,3892049,13,6b4487d0c1f6bf5aaf17bec9a643c032ec54975b,linux1804-64-shippable-qr,True,False,,|c|o|l|d| |f|i|s|s|i|o|n| |w|e|b|r|e|n|d|e|r|,102210fe594ee9b33d82058545b1ed14f4c8206e,FirstVisualChange,amazon,True,amazon FirstVisualChange opt cold fission webrender,,6,ms,firefox,,1772895489,2023-10-13 09:14:12,1316340,,,,,,,,,,,,,,,,,,,,,,,,,,,,,,,,,,,,,,,,,,,,,,,,,TN
315,8eac8d7bb81d2778dd919d5b8062f8cfb0ff9d84,0.09056408487148523,mozilla-beta,3892049,13,6b4487d0c1f6bf5aaf17bec9a643c032ec54975b,linux1804-64-shippable-qr,True,False,,|c|o|l|d| |f|i|s|s|i|o|n| |w|e|b|r|e|n|d|e|r|,102210fe594ee9b33d82058545b1ed14f4c8206e,FirstVisualChange,amazon,True,amazon FirstVisualChange opt cold fission webrender,,6,ms,firefox,,1773245285,2023-10-13 21:13:24,1316819,,,,,,,,,,,,,,,,,,,,,,,,,,,,,,,,,,,,,,,,,,,,,,,,,TN
316,d07f9c6281b5fc29e57d0e41beeb2dba1056da49,0.09618768328445748,mozilla-beta,3892049,13,6b4487d0c1f6bf5aaf17bec9a643c032ec54975b,linux1804-64-shippable-qr,True,False,,|c|o|l|d| |f|i|s|s|i|o|n| |w|e|b|r|e|n|d|e|r|,102210fe594ee9b33d82058545b1ed14f4c8206e,FirstVisualChange,amazon,True,amazon FirstVisualChange opt cold fission webrender,,6,ms,firefox,,1773395863,2023-10-14 09:18:12,1316894,,,,,,,,,,,,,,,,,,,,,,,,,,,,,,,,,,,,,,,,,,,,,,,,,TN
317,383757494ccc7f8f4c932b8ec8e6ff5c146590c5,0.08366396411937208,mozilla-beta,3892049,13,6b4487d0c1f6bf5aaf17bec9a643c032ec54975b,linux1804-64-shippable-qr,True,False,,|c|o|l|d| |f|i|s|s|i|o|n| |w|e|b|r|e|n|d|e|r|,102210fe594ee9b33d82058545b1ed14f4c8206e,FirstVisualChange,amazon,True,amazon FirstVisualChange opt cold fission webrender,,6,ms,firefox,,1773715169,2023-10-15 09:18:27,1316988,,,,,,,,,,,,,,,,,,,,,,,,,,,,,,,,,,,,,,,,,,,,,,,,,TN
318,11d1909ae147645f934856a3d3236ee83fd99444,0.12220113851992412,mozilla-beta,3892049,13,6b4487d0c1f6bf5aaf17bec9a643c032ec54975b,linux1804-64-shippable-qr,True,False,,|c|o|l|d| |f|i|s|s|i|o|n| |w|e|b|r|e|n|d|e|r|,102210fe594ee9b33d82058545b1ed14f4c8206e,FirstVisualChange,amazon,True,amazon FirstVisualChange opt cold fission webrender,,6,ms,firefox,,1773779784,2023-10-15 14:26:14,1317018,,,,,,,,,,,,,,,,,,,,,,,,,,,,,,,,,,,,,,,,,,,,,,,,,TN
319,061cd59972a07bd5d25892827951e2356d4993a7,0.10891840607210626,mozilla-beta,3892049,13,6b4487d0c1f6bf5aaf17bec9a643c032ec54975b,linux1804-64-shippable-qr,True,False,,|c|o|l|d| |f|i|s|s|i|o|n| |w|e|b|r|e|n|d|e|r|,102210fe594ee9b33d82058545b1ed14f4c8206e,FirstVisualChange,amazon,True,amazon FirstVisualChange opt cold fission webrender,,6,ms,firefox,,1774021054,2023-10-16 09:17:28,1317168,,,,,,,,,,,,,,,,,,,,,,,,,,,,,,,,,,,,,,,,,,,,,,,,,TN
320,f2a69b23cb0aaf2b36bac4f9f197bf4282f542c4,0.09046058306020355,mozilla-beta,3892049,13,6b4487d0c1f6bf5aaf17bec9a643c032ec54975b,linux1804-64-shippable-qr,True,False,,|c|o|l|d| |f|i|s|s|i|o|n| |w|e|b|r|e|n|d|e|r|,102210fe594ee9b33d82058545b1ed14f4c8206e,FirstVisualChange,amazon,True,amazon FirstVisualChange opt cold fission webrender,,6,ms,firefox,,1774140106,2023-10-16 12:10:58,1317268,,,,,,,,,,,,,,,,,,,,,,,,,,,,,,,,,,,,,,,,,,,,,,,,,TN
321,97e8b9bbb11e77faf6188c7a1dde9ca93c5ed34c,0.08242194238399175,mozilla-beta,3892049,13,6b4487d0c1f6bf5aaf17bec9a643c032ec54975b,linux1804-64-shippable-qr,True,False,,|c|o|l|d| |f|i|s|s|i|o|n| |w|e|b|r|e|n|d|e|r|,102210fe594ee9b33d82058545b1ed14f4c8206e,FirstVisualChange,amazon,True,amazon FirstVisualChange opt cold fission webrender,,6,ms,firefox,,1774339443,2023-10-16 15:50:14,1317440,,,,,,,,,,,,,,,,,,,,,,,,,,,,,,,,,,,,,,,,,,,,,,,,,TN
322,15be2499adae693a40ddfc1cb5096c90e7270986,0.08107641883732963,mozilla-beta,3892049,13,6b4487d0c1f6bf5aaf17bec9a643c032ec54975b,linux1804-64-shippable-qr,True,False,,|c|o|l|d| |f|i|s|s|i|o|n| |w|e|b|r|e|n|d|e|r|,102210fe594ee9b33d82058545b1ed14f4c8206e,FirstVisualChange,amazon,True,amazon FirstVisualChange opt cold fission webrender,,6,ms,firefox,,1774435349,2023-10-16 20:09:52,1317580,,,,,,,,,,,,,,,,,,,,,,,,,,,,,,,,,,,,,,,,,,,,,,,,,TN
323,5474a9ed5dbd2e49f2a97baf12209cd00e38bdd9,0.08045540796963949,mozilla-beta,3892049,13,6b4487d0c1f6bf5aaf17bec9a643c032ec54975b,linux1804-64-shippable-qr,True,False,,|c|o|l|d| |f|i|s|s|i|o|n| |w|e|b|r|e|n|d|e|r|,102210fe594ee9b33d82058545b1ed14f4c8206e,FirstVisualChange,amazon,True,amazon FirstVisualChange opt cold fission webrender,,6,ms,firefox,,1778128733,2023-10-23 13:54:43,1320858,,,,,,,,,,,,,,,,,,,,,,,,,,,,,,,,,,,,,,,,,,,,,,,,,TN
324,b03a01da2a2d576a6c92ce245e4803bcb257f2aa,0.07917888563049852,mozilla-beta,3892049,13,6b4487d0c1f6bf5aaf17bec9a643c032ec54975b,linux1804-64-shippable-qr,True,False,,|c|o|l|d| |f|i|s|s|i|o|n| |w|e|b|r|e|n|d|e|r|,102210fe594ee9b33d82058545b1ed14f4c8206e,FirstVisualChange,amazon,True,amazon FirstVisualChange opt cold fission webrender,,6,ms,firefox,,1778540935,2023-10-23 20:46:52,1321218,,,,,,,,,,,,,,,,,,,,,,,,,,,,,,,,,,,,,,,,,,,,,,,,,TN
325,687c546af188e22f70afcf55e14005978520b7cb,0.06810419182335692,mozilla-beta,3892049,13,6b4487d0c1f6bf5aaf17bec9a643c032ec54975b,linux1804-64-shippable-qr,True,False,,|c|o|l|d| |f|i|s|s|i|o|n| |w|e|b|r|e|n|d|e|r|,102210fe594ee9b33d82058545b1ed14f4c8206e,FirstVisualChange,amazon,True,amazon FirstVisualChange opt cold fission webrender,,6,ms,firefox,,1779000100,2023-10-24 09:16:29,1321483,,,,,,,,,,,,,,,,,,,,,,,,,,,,,,,,,,,,,,,,,,,,,,,,,TN
326,a17c6aa73b0faf44667bd491440d373e3268aa40,0.07831637053648438,mozilla-beta,3892049,13,6b4487d0c1f6bf5aaf17bec9a643c032ec54975b,linux1804-64-shippable-qr,True,False,,|c|o|l|d| |f|i|s|s|i|o|n| |w|e|b|r|e|n|d|e|r|,102210fe594ee9b33d82058545b1ed14f4c8206e,FirstVisualChange,amazon,True,amazon FirstVisualChange opt cold fission webrender,,6,ms,firefox,,1779413803,2023-10-24 18:16:48,1321817,,,,,,,,,,,,,,,,,,,,,,,,,,,,,,,,,,,,,,,,,,,,,,,,,TN
327,0e1ba587a1e6e6f571fd31b1aca0d4679e193e1d,0.08635501121269623,mozilla-beta,3892049,13,6b4487d0c1f6bf5aaf17bec9a643c032ec54975b,linux1804-64-shippable-qr,True,False,,|c|o|l|d| |f|i|s|s|i|o|n| |w|e|b|r|e|n|d|e|r|,102210fe594ee9b33d82058545b1ed14f4c8206e,FirstVisualChange,amazon,True,amazon FirstVisualChange opt cold fission webrender,,6,ms,firefox,,1779541844,2023-10-24 18:50:37,1321847,,,,,,,,,,,,,,,,,,,,,,,,,,,,,,,,,,,,,,,,,,,,,,,,,TN
328,3b2f433ad9ff8c7fc4b9947b65b4ed12b102cd2a,0.07365878902880799,mozilla-beta,3892049,13,6b4487d0c1f6bf5aaf17bec9a643c032ec54975b,linux1804-64-shippable-qr,True,False,,|c|o|l|d| |f|i|s|s|i|o|n| |w|e|b|r|e|n|d|e|r|,102210fe594ee9b33d82058545b1ed14f4c8206e,FirstVisualChange,amazon,True,amazon FirstVisualChange opt cold fission webrender,,6,ms,firefox,,1779429151,2023-10-24 19:08:21,1321860,,,,,,,,,,,,,,,,,,,,,,,,,,,,,,,,,,,,,,,,,,,,,,,,,TN
329,b178e6a89dd972a2b875d083da187c5e1233158d,0.068414697257202,mozilla-beta,3892049,13,6b4487d0c1f6bf5aaf17bec9a643c032ec54975b,linux1804-64-shippable-qr,True,False,,|c|o|l|d| |f|i|s|s|i|o|n| |w|e|b|r|e|n|d|e|r|,102210fe594ee9b33d82058545b1ed14f4c8206e,FirstVisualChange,amazon,True,amazon FirstVisualChange opt cold fission webrender,,6,ms,firefox,,1779513659,2023-10-24 19:19:30,1321871,,,,,,,,,,,,,,,,,,,,,,,,,,,,,,,,,,,,,,,,,,,,,,,,,TN
330,c3d8b4bc894010747ac1638f14d701801685ad2e,0.07614283249956874,mozilla-beta,3892049,13,6b4487d0c1f6bf5aaf17bec9a643c032ec54975b,linux1804-64-shippable-qr,True,False,,|c|o|l|d| |f|i|s|s|i|o|n| |w|e|b|r|e|n|d|e|r|,102210fe594ee9b33d82058545b1ed14f4c8206e,FirstVisualChange,amazon,True,amazon FirstVisualChange opt cold fission webrender,,6,ms,firefox,,1779858889,2023-10-25 09:17:56,1322190,,,,,,,,,,,,,,,,,,,,,,,,,,,,,,,,,,,,,,,,,,,,,,,,,TN
331,70b3d048171ce75923409d3d9d0b2d7752cacbb9,0.0750733137829912,mozilla-beta,3892049,13,6b4487d0c1f6bf5aaf17bec9a643c032ec54975b,linux1804-64-shippable-qr,True,False,,|c|o|l|d| |f|i|s|s|i|o|n| |w|e|b|r|e|n|d|e|r|,102210fe594ee9b33d82058545b1ed14f4c8206e,FirstVisualChange,amazon,True,amazon FirstVisualChange opt cold fission webrender,,6,ms,firefox,,1780361522,2023-10-25 20:12:08,1322523,,,,,,,,,,,,,,,,,,,,,,,,,,,,,,,,,,,,,,,,,,,,,,,,,TN
332,31e780c0f9412435072db1cdb1a74a46766ddcff,0.08369846472313264,mozilla-beta,3892049,13,6b4487d0c1f6bf5aaf17bec9a643c032ec54975b,linux1804-64-shippable-qr,True,False,,|c|o|l|d| |f|i|s|s|i|o|n| |w|e|b|r|e|n|d|e|r|,102210fe594ee9b33d82058545b1ed14f4c8206e,FirstVisualChange,amazon,True,amazon FirstVisualChange opt cold fission webrender,,6,ms,firefox,,1780596026,2023-10-26 01:42:12,1322720,,,,,,,,,,,,,,,,,,,,,,,,,,,,,,,,,,,,,,,,,,,,,,,,,TN
333,d0592eb71b49011c614d86db88b6673c5f23485f,0.07524581680179404,mozilla-beta,3892049,13,6b4487d0c1f6bf5aaf17bec9a643c032ec54975b,linux1804-64-shippable-qr,True,False,,|c|o|l|d| |f|i|s|s|i|o|n| |w|e|b|r|e|n|d|e|r|,102210fe594ee9b33d82058545b1ed14f4c8206e,FirstVisualChange,amazon,True,amazon FirstVisualChange opt cold fission webrender,,6,ms,firefox,,1780577491,2023-10-26 01:59:39,1322727,,,,,,,,,,,,,,,,,,,,,,,,,,,,,,,,,,,,,,,,,,,,,,,,,TN
334,09df940b02395fb242a2aff8bae0a1fc78f1a0ec,0.07917888563049852,mozilla-beta,3892049,13,6b4487d0c1f6bf5aaf17bec9a643c032ec54975b,linux1804-64-shippable-qr,True,False,,|c|o|l|d| |f|i|s|s|i|o|n| |w|e|b|r|e|n|d|e|r|,102210fe594ee9b33d82058545b1ed14f4c8206e,FirstVisualChange,amazon,True,amazon FirstVisualChange opt cold fission webrender,,6,ms,firefox,,1780835599,2023-10-26 09:18:57,1322855,,,,,,,,,,,,,,,,,,,,,,,,,,,,,,,,,,,,,,,,,,,,,,,,,TN
335,0970ac067962ef702919bed3c130ff4577c5a618,0.08055890978092115,mozilla-beta,3892049,13,6b4487d0c1f6bf5aaf17bec9a643c032ec54975b,linux1804-64-shippable-qr,True,False,,|c|o|l|d| |f|i|s|s|i|o|n| |w|e|b|r|e|n|d|e|r|,102210fe594ee9b33d82058545b1ed14f4c8206e,FirstVisualChange,amazon,True,amazon FirstVisualChange opt cold fission webrender,,6,ms,firefox,,1781094646,2023-10-26 14:06:49,1323016,,,,,,,,,,,,,,,,,,,,,,,,,,,,,,,,,,,,,,,,,,,,,,,,,TN
336,a4b470ebb6b18254694693aa28a4019d425e5157,0.07293427634983615,mozilla-beta,3892049,13,6b4487d0c1f6bf5aaf17bec9a643c032ec54975b,linux1804-64-shippable-qr,True,False,,|c|o|l|d| |f|i|s|s|i|o|n| |w|e|b|r|e|n|d|e|r|,102210fe594ee9b33d82058545b1ed14f4c8206e,FirstVisualChange,amazon,True,amazon FirstVisualChange opt cold fission webrender,,6,ms,firefox,,1781195409,2023-10-26 18:12:41,1323171,,,,,,,,,,,,,,,,,,,,,,,,,,,,,,,,,,,,,,,,,,,,,,,,,TN
337,34202f0fbcf07f89f3bdcefc5b6f0ba8728daf54,0.07883387959289287,mozilla-beta,3892049,13,6b4487d0c1f6bf5aaf17bec9a643c032ec54975b,linux1804-64-shippable-qr,True,False,,|c|o|l|d| |f|i|s|s|i|o|n| |w|e|b|r|e|n|d|e|r|,102210fe594ee9b33d82058545b1ed14f4c8206e,FirstVisualChange,amazon,True,amazon FirstVisualChange opt cold fission webrender,,6,ms,firefox,,1781331452,2023-10-26 21:02:35,1323277,,,,,,,,,,,,,,,,,,,,,,,,,,,,,,,,,,,,,,,,,,,,,,,,,TN
338,c9e3fb5ed0f44a04ac88882c5481a60a2a30e222,0.07421079868897706,mozilla-beta,3892049,13,6b4487d0c1f6bf5aaf17bec9a643c032ec54975b,linux1804-64-shippable-qr,True,False,,|c|o|l|d| |f|i|s|s|i|o|n| |w|e|b|r|e|n|d|e|r|,102210fe594ee9b33d82058545b1ed14f4c8206e,FirstVisualChange,amazon,True,amazon FirstVisualChange opt cold fission webrender,,6,ms,firefox,,1781349605,2023-10-26 21:13:50,1323289,,,,,,,,,,,,,,,,,,,,,,,,,,,,,,,,,,,,,,,,,,,,,,,,,TN
339,bf57d88eb2a3a61a5fa08f1a445dd7351f6e2b1d,0.07810936691392101,mozilla-beta,3892049,13,6b4487d0c1f6bf5aaf17bec9a643c032ec54975b,linux1804-64-shippable-qr,True,False,,|c|o|l|d| |f|i|s|s|i|o|n| |w|e|b|r|e|n|d|e|r|,102210fe594ee9b33d82058545b1ed14f4c8206e,FirstVisualChange,amazon,True,amazon FirstVisualChange opt cold fission webrender,,6,ms,firefox,,1781545457,2023-10-27 02:28:31,1323398,,,,,,,,,,,,,,,,,,,,,,,,,,,,,,,,,,,,,,,,,,,,,,,,,TN
340,b1cb7e7b034cc16c98f513f848eb36ea5df27c09,0.08528549249611869,mozilla-beta,3892049,13,6b4487d0c1f6bf5aaf17bec9a643c032ec54975b,linux1804-64-shippable-qr,True,False,,|c|o|l|d| |f|i|s|s|i|o|n| |w|e|b|r|e|n|d|e|r|,102210fe594ee9b33d82058545b1ed14f4c8206e,FirstVisualChange,amazon,True,amazon FirstVisualChange opt cold fission webrender,,6,ms,firefox,,1781776086,2023-10-27 09:19:01,1323519,,,,,,,,,,,,,,,,,,,,,,,,,,,,,,,,,,,,,,,,,,,,,,,,,TN
341,b97dbe58458774c79ef350e7575e44682ad7b628,0.07952389166810417,mozilla-beta,3892049,13,6b4487d0c1f6bf5aaf17bec9a643c032ec54975b,linux1804-64-shippable-qr,True,False,,|c|o|l|d| |f|i|s|s|i|o|n| |w|e|b|r|e|n|d|e|r|,102210fe594ee9b33d82058545b1ed14f4c8206e,FirstVisualChange,amazon,True,amazon FirstVisualChange opt cold fission webrender,,6,ms,firefox,,1782151641,2023-10-27 18:38:39,1323849,,,,,,,,,,,,,,,,,,,,,,,,,,,,,,,,,,,,,,,,,,,,,,,,,TN
342,f7a6096fda1c5fd404b15a0cee8ca7f0b82aee00,0.08494048645851301,mozilla-beta,3892049,13,6b4487d0c1f6bf5aaf17bec9a643c032ec54975b,linux1804-64-shippable-qr,True,False,,|c|o|l|d| |f|i|s|s|i|o|n| |w|e|b|r|e|n|d|e|r|,102210fe594ee9b33d82058545b1ed14f4c8206e,FirstVisualChange,amazon,True,amazon FirstVisualChange opt cold fission webrender,,6,ms,firefox,,1782130579,2023-10-27 18:54:25,1323862,,,,,,,,,,,,,,,,,,,,,,,,,,,,,,,,,,,,,,,,,,,,,,,,,TN
343,1f7ead04a319c6d28f7a8a0c148f15ababc492fa,0.11212696222183888,mozilla-beta,3892049,13,6b4487d0c1f6bf5aaf17bec9a643c032ec54975b,linux1804-64-shippable-qr,True,False,,|c|o|l|d| |f|i|s|s|i|o|n| |w|e|b|r|e|n|d|e|r|,102210fe594ee9b33d82058545b1ed14f4c8206e,FirstVisualChange,amazon,True,amazon FirstVisualChange opt cold fission webrender,,6,ms,firefox,,1782606903,2023-10-28 09:15:28,1324045,,,,,,,,,,,,,,,,,,,,,,,,,,,,,,,,,,,,,,,,,,,,,,,,,TN
344,f8c125601213252ce34486ff451fa058381f558f,0.07741935483870971,mozilla-beta,3892049,13,6b4487d0c1f6bf5aaf17bec9a643c032ec54975b,linux1804-64-shippable-qr,True,False,,|c|o|l|d| |f|i|s|s|i|o|n| |w|e|b|r|e|n|d|e|r|,102210fe594ee9b33d82058545b1ed14f4c8206e,FirstVisualChange,amazon,True,amazon FirstVisualChange opt cold fission webrender,,6,ms,firefox,,1782836183,2023-10-28 20:17:56,1324113,,,,,,,,,,,,,,,,,,,,,,,,,,,,,,,,,,,,,,,,,,,,,,,,,TN
345,14679f0ea712627e51e43163bc286ffad56bdf54,0.0826289460065551,mozilla-beta,3892049,13,6b4487d0c1f6bf5aaf17bec9a643c032ec54975b,linux1804-64-shippable-qr,True,False,,|c|o|l|d| |f|i|s|s|i|o|n| |w|e|b|r|e|n|d|e|r|,102210fe594ee9b33d82058545b1ed14f4c8206e,FirstVisualChange,amazon,True,amazon FirstVisualChange opt cold fission webrender,,6,ms,firefox,,1782893091,2023-10-29 09:16:21,1324149,,,,,,,,,,,,,,,,,,,,,,,,,,,,,,,,,,,,,,,,,,,,,,,,,TN
346,48ba3b0afb19a5edcf6c904fa938052a576bcb89,0.07362428842504745,mozilla-beta,3892049,13,6b4487d0c1f6bf5aaf17bec9a643c032ec54975b,linux1804-64-shippable-qr,True,False,,|c|o|l|d| |f|i|s|s|i|o|n| |w|e|b|r|e|n|d|e|r|,102210fe594ee9b33d82058545b1ed14f4c8206e,FirstVisualChange,amazon,True,amazon FirstVisualChange opt cold fission webrender,,6,ms,firefox,,1783231618,2023-10-30 02:36:04,1324220,,,,,,,,,,,,,,,,,,,,,,,,,,,,,,,,,,,,,,,,,,,,,,,,,TN
347,9de68f7e6fd4a13d6568549cfafbbf4de9830a32,0.07400379506641366,mozilla-beta,3892049,13,6b4487d0c1f6bf5aaf17bec9a643c032ec54975b,linux1804-64-shippable-qr,True,False,,|c|o|l|d| |f|i|s|s|i|o|n| |w|e|b|r|e|n|d|e|r|,102210fe594ee9b33d82058545b1ed14f4c8206e,FirstVisualChange,amazon,True,amazon FirstVisualChange opt cold fission webrender,,6,ms,firefox,,1783396880,2023-10-30 09:16:20,1324285,,,,,,,,,,,,,,,,,,,,,,,,,,,,,,,,,,,,,,,,,,,,,,,,,TN
348,cc2e02baaa144a8b7924802226b7a0dae78019f9,0.10964291875107815,mozilla-beta,3892049,13,6b4487d0c1f6bf5aaf17bec9a643c032ec54975b,linux1804-64-shippable-qr,True,False,,|c|o|l|d| |f|i|s|s|i|o|n| |w|e|b|r|e|n|d|e|r|,102210fe594ee9b33d82058545b1ed14f4c8206e,FirstVisualChange,amazon,True,amazon FirstVisualChange opt cold fission webrender,,6,ms,firefox,,1783706398,2023-10-30 17:02:01,1324586,,,,,,,,,,,,,,,,,,,,,,,,,,,,,,,,,,,,,,,,,,,,,,,,,TN
349,a68944a138e48b14870084ba2981e9c963ad930e,0.0724512678971882,mozilla-beta,3892049,13,6b4487d0c1f6bf5aaf17bec9a643c032ec54975b,linux1804-64-shippable-qr,True,False,,|c|o|l|d| |f|i|s|s|i|o|n| |w|e|b|r|e|n|d|e|r|,102210fe594ee9b33d82058545b1ed14f4c8206e,FirstVisualChange,amazon,True,amazon FirstVisualChange opt cold fission webrender,,6,ms,firefox,,1783750925,2023-10-30 17:47:02,1324618,,,,,,,,,,,,,,,,,,,,,,,,,,,,,,,,,,,,,,,,,,,,,,,,,TN
350,7be1294f3227031fcd210f520339ce75fcf7004f,0.0876660341555977,mozilla-beta,3892049,13,6b4487d0c1f6bf5aaf17bec9a643c032ec54975b,linux1804-64-shippable-qr,True,False,,|c|o|l|d| |f|i|s|s|i|o|n| |w|e|b|r|e|n|d|e|r|,102210fe594ee9b33d82058545b1ed14f4c8206e,FirstVisualChange,amazon,True,amazon FirstVisualChange opt cold fission webrender,,6,ms,firefox,,1783728676,2023-10-30 18:00:17,1324626,,,,,,,,,,,,,,,,,,,,,,,,,,,,,,,,,,,,,,,,,,,,,,,,,TN
351,8f86cd37a37d99d960be58a89966ec2789adeecc,0.0756943246506814,mozilla-beta,3892049,13,6b4487d0c1f6bf5aaf17bec9a643c032ec54975b,linux1804-64-shippable-qr,True,False,,|c|o|l|d| |f|i|s|s|i|o|n| |w|e|b|r|e|n|d|e|r|,102210fe594ee9b33d82058545b1ed14f4c8206e,FirstVisualChange,amazon,True,amazon FirstVisualChange opt cold fission webrender,,6,ms,firefox,,1783788114,2023-10-30 18:48:30,1324652,,,,,,,,,,,,,,,,,,,,,,,,,,,,,,,,,,,,,,,,,,,,,,,,,TN
352,d0dabe2c816558f29baf19470ce5b3e8b0df1e5b,0.08269794721407625,mozilla-beta,3892049,13,6b4487d0c1f6bf5aaf17bec9a643c032ec54975b,linux1804-64-shippable-qr,True,False,,|c|o|l|d| |f|i|s|s|i|o|n| |w|e|b|r|e|n|d|e|r|,102210fe594ee9b33d82058545b1ed14f4c8206e,FirstVisualChange,amazon,True,amazon FirstVisualChange opt cold fission webrender,,6,ms,firefox,,1783826848,2023-10-30 19:00:54,1324656,,,,,,,,,,,,,,,,,,,,,,,,,,,,,,,,,,,,,,,,,,,,,,,,,TN
353,d8fb8c523804dc02924cb77b49e007a0abc2acc1,0.07220976367086426,mozilla-beta,3892049,13,6b4487d0c1f6bf5aaf17bec9a643c032ec54975b,linux1804-64-shippable-qr,True,False,,|c|o|l|d| |f|i|s|s|i|o|n| |w|e|b|r|e|n|d|e|r|,102210fe594ee9b33d82058545b1ed14f4c8206e,FirstVisualChange,amazon,True,amazon FirstVisualChange opt cold fission webrender,,6,ms,firefox,,1784285310,2023-10-31 09:17:48,1324895,,,,,,,,,,,,,,,,,,,,,,,,,,,,,,,,,,,,,,,,,,,,,,,,,TN
354,a6dedbe86cd78c75a1070b8308ebda10dff87c51,0.08069691219596345,mozilla-beta,3892049,13,6b4487d0c1f6bf5aaf17bec9a643c032ec54975b,linux1804-64-shippable-qr,True,False,,|c|o|l|d| |f|i|s|s|i|o|n| |w|e|b|r|e|n|d|e|r|,102210fe594ee9b33d82058545b1ed14f4c8206e,FirstVisualChange,amazon,True,amazon FirstVisualChange opt cold fission webrender,,6,ms,firefox,,1784507087,2023-10-31 13:58:47,1325015,,,,,,,,,,,,,,,,,,,,,,,,,,,,,,,,,,,,,,,,,,,,,,,,,TN
355,21c4c089d27455f7b69af83165892a878069f400,0.0776953596687942,mozilla-beta,3892049,13,6b4487d0c1f6bf5aaf17bec9a643c032ec54975b,linux1804-64-shippable-qr,True,False,,|c|o|l|d| |f|i|s|s|i|o|n| |w|e|b|r|e|n|d|e|r|,102210fe594ee9b33d82058545b1ed14f4c8206e,FirstVisualChange,amazon,True,amazon FirstVisualChange opt cold fission webrender,,6,ms,firefox,,1784557921,2023-10-31 14:24:53,1325035,,,,,,,,,,,,,,,,,,,,,,,,,,,,,,,,,,,,,,,,,,,,,,,,,TN
356,497ea409d0b2c8c7f41830cefc198ceb700d2d63,0.07797136449887873,mozilla-beta,3892049,13,6b4487d0c1f6bf5aaf17bec9a643c032ec54975b,linux1804-64-shippable-qr,True,False,,|c|o|l|d| |f|i|s|s|i|o|n| |w|e|b|r|e|n|d|e|r|,102210fe594ee9b33d82058545b1ed14f4c8206e,FirstVisualChange,amazon,True,amazon FirstVisualChange opt cold fission webrender,,6,ms,firefox,,1784576500,2023-10-31 16:19:48,1325135,,,,,,,,,,,,,,,,,,,,,,,,,,,,,,,,,,,,,,,,,,,,,,,,,TN
357,54672e6e13984a5fc53d478951425d3435da65dc,0.08166292910125927,mozilla-beta,3892049,13,6b4487d0c1f6bf5aaf17bec9a643c032ec54975b,linux1804-64-shippable-qr,True,False,,|c|o|l|d| |f|i|s|s|i|o|n| |w|e|b|r|e|n|d|e|r|,102210fe594ee9b33d82058545b1ed14f4c8206e,FirstVisualChange,amazon,True,amazon FirstVisualChange opt cold fission webrender,,6,ms,firefox,,1784655736,2023-10-31 17:25:12,1325175,,,,,,,,,,,,,,,,,,,,,,,,,,,,,,,,,,,,,,,,,,,,,,,,,TN
358,6df364abb4816f789a765083584689223976afe6,0.06948421597377957,mozilla-beta,3892049,13,6b4487d0c1f6bf5aaf17bec9a643c032ec54975b,linux1804-64-shippable-qr,True,False,,|c|o|l|d| |f|i|s|s|i|o|n| |w|e|b|r|e|n|d|e|r|,102210fe594ee9b33d82058545b1ed14f4c8206e,FirstVisualChange,amazon,True,amazon FirstVisualChange opt cold fission webrender,,6,ms,firefox,,1784770274,2023-10-31 19:29:15,1325236,,,,,,,,,,,,,,,,,,,,,,,,,,,,,,,,,,,,,,,,,,,,,,,,,TN
359,739f3449852d8e3d03019cd002ca378fb79676e7,0.08494048645851301,mozilla-beta,3892049,13,6b4487d0c1f6bf5aaf17bec9a643c032ec54975b,linux1804-64-shippable-qr,True,False,,|c|o|l|d| |f|i|s|s|i|o|n| |w|e|b|r|e|n|d|e|r|,102210fe594ee9b33d82058545b1ed14f4c8206e,FirstVisualChange,amazon,True,amazon FirstVisualChange opt cold fission webrender,,6,ms,firefox,,1785050007,2023-11-01 03:02:04,1325441,,,,,,,,,,,,,,,,,,,,,,,,,,,,,,,,,,,,,,,,,,,,,,,,,TN
360,c32c921bf0c099387541a2bd4306618b2a338aac,0.07945489046058307,mozilla-beta,3892049,13,6b4487d0c1f6bf5aaf17bec9a643c032ec54975b,linux1804-64-shippable-qr,True,False,,|c|o|l|d| |f|i|s|s|i|o|n| |w|e|b|r|e|n|d|e|r|,102210fe594ee9b33d82058545b1ed14f4c8206e,FirstVisualChange,amazon,True,amazon FirstVisualChange opt cold fission webrender,,6,ms,firefox,,1785217796,2023-11-01 09:28:03,1325520,,,,,,,,,,,,,,,,,,,,,,,,,,,,,,,,,,,,,,,,,,,,,,,,,TN
361,661ffaa432e4cc863263a07b7bdd27795a5df836,0.10225978954631709,mozilla-beta,3892049,13,6b4487d0c1f6bf5aaf17bec9a643c032ec54975b,linux1804-64-shippable-qr,True,False,,|c|o|l|d| |f|i|s|s|i|o|n| |w|e|b|r|e|n|d|e|r|,102210fe594ee9b33d82058545b1ed14f4c8206e,FirstVisualChange,amazon,True,amazon FirstVisualChange opt cold fission webrender,,6,ms,firefox,,1785516625,2023-11-01 20:19:53,1325865,,,,,,,,,,,,,,,,,,,,,,,,,,,,,,,,,,,,,,,,,,,,,,,,,TN
362,52966fe3ab43a9acb012195122cc949e887f3f7a,0.08224943936518891,mozilla-beta,3892049,13,6b4487d0c1f6bf5aaf17bec9a643c032ec54975b,linux1804-64-shippable-qr,True,False,,|c|o|l|d| |f|i|s|s|i|o|n| |w|e|b|r|e|n|d|e|r|,102210fe594ee9b33d82058545b1ed14f4c8206e,FirstVisualChange,amazon,True,amazon FirstVisualChange opt cold fission webrender,,6,ms,firefox,,1785888347,2023-11-02 09:16:17,1326068,,,,,,,,,,,,,,,,,,,,,,,,,,,,,,,,,,,,,,,,,,,,,,,,,TN
363,b93c979940b7fb53619a49044f7f0c9dcd99927b,0.08949456615490772,mozilla-beta,3892049,13,6b4487d0c1f6bf5aaf17bec9a643c032ec54975b,linux1804-64-shippable-qr,True,False,,|c|o|l|d| |f|i|s|s|i|o|n| |w|e|b|r|e|n|d|e|r|,102210fe594ee9b33d82058545b1ed14f4c8206e,FirstVisualChange,amazon,True,amazon FirstVisualChange opt cold fission webrender,,6,ms,firefox,,1786088578,2023-11-02 13:26:23,1326186,,,,,,,,,,,,,,,,,,,,,,,,,,,,,,,,,,,,,,,,,,,,,,,,,TN
364,3de35294e81fd90cf63d3f7107110c0bcf4a461e,0.08462998102466796,mozilla-beta,3892049,13,6b4487d0c1f6bf5aaf17bec9a643c032ec54975b,linux1804-64-shippable-qr,True,False,,|c|o|l|d| |f|i|s|s|i|o|n| |w|e|b|r|e|n|d|e|r|,102210fe594ee9b33d82058545b1ed14f4c8206e,FirstVisualChange,amazon,True,amazon FirstVisualChange opt cold fission webrender,,6,ms,firefox,,1786127827,2023-11-02 15:52:03,1326321,,,,,,,,,,,,,,,,,,,,,,,,,,,,,,,,,,,,,,,,,,,,,,,,,TN
365,fc180f625ac2b295ab3e05bde3ec29c2998dc76b,0.07976539589442816,mozilla-beta,3892049,13,6b4487d0c1f6bf5aaf17bec9a643c032ec54975b,linux1804-64-shippable-qr,True,False,,|c|o|l|d| |f|i|s|s|i|o|n| |w|e|b|r|e|n|d|e|r|,102210fe594ee9b33d82058545b1ed14f4c8206e,FirstVisualChange,amazon,True,amazon FirstVisualChange opt cold fission webrender,,6,ms,firefox,,1786151508,2023-11-02 16:31:23,1326367,,,,,,,,,,,,,,,,,,,,,,,,,,,,,,,,,,,,,,,,,,,,,,,,,TN
366,b1fe4b76180c0291b47971e0e442d50b2b46e243,0.0856994997412455,mozilla-beta,3892049,13,6b4487d0c1f6bf5aaf17bec9a643c032ec54975b,linux1804-64-shippable-qr,True,False,,|c|o|l|d| |f|i|s|s|i|o|n| |w|e|b|r|e|n|d|e|r|,102210fe594ee9b33d82058545b1ed14f4c8206e,FirstVisualChange,amazon,True,amazon FirstVisualChange opt cold fission webrender,,6,ms,firefox,,1786305035,2023-11-02 19:37:31,1326468,,,,,,,,,,,,,,,,,,,,,,,,,,,,,,,,,,,,,,,,,,,,,,,,,TN
367,c5cefa7cf7968cb679cd9e608c644853e8bf3c5c,0.0998102466793169,mozilla-beta,3892049,13,6b4487d0c1f6bf5aaf17bec9a643c032ec54975b,linux1804-64-shippable-qr,True,False,,|c|o|l|d| |f|i|s|s|i|o|n| |w|e|b|r|e|n|d|e|r|,102210fe594ee9b33d82058545b1ed14f4c8206e,FirstVisualChange,amazon,True,amazon FirstVisualChange opt cold fission webrender,,6,ms,firefox,,1786343859,2023-11-02 20:40:12,1326529,,,,,,,,,,,,,,,,,,,,,,,,,,,,,,,,,,,,,,,,,,,,,,,,,TN
368,10ccb989d5ffe828811dc99be6687afc0661fee6,0.08787303777816113,mozilla-beta,3892049,13,6b4487d0c1f6bf5aaf17bec9a643c032ec54975b,linux1804-64-shippable-qr,True,False,,|c|o|l|d| |f|i|s|s|i|o|n| |w|e|b|r|e|n|d|e|r|,102210fe594ee9b33d82058545b1ed14f4c8206e,FirstVisualChange,amazon,True,amazon FirstVisualChange opt cold fission webrender,,6,ms,firefox,,1786468034,2023-11-03 02:09:01,1326660,,,,,,,,,,,,,,,,,,,,,,,,,,,,,,,,,,,,,,,,,,,,,,,,,TN
369,2dce64a161d6de039d89197b2248a11466fc7fb1,0.10022425392444367,mozilla-beta,3892049,13,6b4487d0c1f6bf5aaf17bec9a643c032ec54975b,linux1804-64-shippable-qr,True,False,,|c|o|l|d| |f|i|s|s|i|o|n| |w|e|b|r|e|n|d|e|r|,102210fe594ee9b33d82058545b1ed14f4c8206e,FirstVisualChange,amazon,True,amazon FirstVisualChange opt cold fission webrender,,6,ms,firefox,,1786616920,2023-11-03 09:17:43,1326756,,,,,,,,,,,,,,,,,,,,,,,,,,,,,,,,,,,,,,,,,,,,,,,,,TN
370,de7d0eba21d6dc9fa43711cb99724cf8bee14b09,0.06986372261514576,mozilla-beta,3892049,13,6b4487d0c1f6bf5aaf17bec9a643c032ec54975b,linux1804-64-shippable-qr,True,False,,|c|o|l|d| |f|i|s|s|i|o|n| |w|e|b|r|e|n|d|e|r|,102210fe594ee9b33d82058545b1ed14f4c8206e,FirstVisualChange,amazon,True,amazon FirstVisualChange opt cold fission webrender,,6,ms,firefox,,1787010485,2023-11-03 20:10:06,1327141,,,,,,,,,,,,,,,,,,,,,,,,,,,,,,,,,,,,,,,,,,,,,,,,,TN
371,e236a9d8b7c953944c3ec583d1c67f4ee99b61c7,0.06596515439020184,mozilla-beta,3892049,13,6b4487d0c1f6bf5aaf17bec9a643c032ec54975b,linux1804-64-shippable-qr,True,False,,|c|o|l|d| |f|i|s|s|i|o|n| |w|e|b|r|e|n|d|e|r|,102210fe594ee9b33d82058545b1ed14f4c8206e,FirstVisualChange,amazon,True,amazon FirstVisualChange opt cold fission webrender,,6,ms,firefox,,1787061285,2023-11-03 20:37:38,1327174,,,,,,,,,,,,,,,,,,,,,,,,,,,,,,,,,,,,,,,,,,,,,,,,,TN
372,0e4c1aabb1e89b399ec8af74160f4dded9290029,0.11933758840779715,mozilla-beta,3892049,13,6b4487d0c1f6bf5aaf17bec9a643c032ec54975b,linux1804-64-shippable-qr,True,False,,|c|o|l|d| |f|i|s|s|i|o|n| |w|e|b|r|e|n|d|e|r|,102210fe594ee9b33d82058545b1ed14f4c8206e,FirstVisualChange,amazon,True,amazon FirstVisualChange opt cold fission webrender,,6,ms,firefox,,1787105791,2023-11-03 22:57:26,1327231,,,,,,,,,,,,,,,,,,,,,,,,,,,,,,,,,,,,,,,,,,,,,,,,,TN
373,aaed062f99d7c0ecc1574d16fc93d7aad82bfe08,0.08356046230809039,mozilla-beta,3892049,13,6b4487d0c1f6bf5aaf17bec9a643c032ec54975b,linux1804-64-shippable-qr,True,False,,|c|o|l|d| |f|i|s|s|i|o|n| |w|e|b|r|e|n|d|e|r|,102210fe594ee9b33d82058545b1ed14f4c8206e,FirstVisualChange,amazon,True,amazon FirstVisualChange opt cold fission webrender,,6,ms,firefox,,1787236970,2023-11-04 09:15:24,1327315,,,,,,,,,,,,,,,,,,,,,,,,,,,,,,,,,,,,,,,,,,,,,,,,,TN
374,ac9cccecb9fd15c83e5a504a0a4777033d8012fc,0.07496981197170952,mozilla-beta,3892049,13,6b4487d0c1f6bf5aaf17bec9a643c032ec54975b,linux1804-64-shippable-qr,True,False,,|c|o|l|d| |f|i|s|s|i|o|n| |w|e|b|r|e|n|d|e|r|,102210fe594ee9b33d82058545b1ed14f4c8206e,FirstVisualChange,amazon,True,amazon FirstVisualChange opt cold fission webrender,,6,ms,firefox,,1787694906,2023-11-05 09:16:57,1327481,,,,,,,,,,,,,,,,,,,,,,,,,,,,,,,,,,,,,,,,,,,,,,,,,TN
375,a8eb7938131dec30c0043b6eeed4ca9727b3dcda,0.06827669484215976,mozilla-beta,3892049,13,6b4487d0c1f6bf5aaf17bec9a643c032ec54975b,linux1804-64-shippable-qr,True,False,,|c|o|l|d| |f|i|s|s|i|o|n| |w|e|b|r|e|n|d|e|r|,102210fe594ee9b33d82058545b1ed14f4c8206e,FirstVisualChange,amazon,True,amazon FirstVisualChange opt cold fission webrender,,6,ms,firefox,,1787821539,2023-11-05 16:06:30,1327540,,,,,,,,,,,,,,,,,,,,,,,,,,,,,,,,,,,,,,,,,,,,,,,,,TN
376,fba3b198dcedf2312097e9dc1c6a57b9a25730d6,0.09156460238054168,mozilla-beta,3892049,13,6b4487d0c1f6bf5aaf17bec9a643c032ec54975b,linux1804-64-shippable-qr,True,False,,|c|o|l|d| |f|i|s|s|i|o|n| |w|e|b|r|e|n|d|e|r|,102210fe594ee9b33d82058545b1ed14f4c8206e,FirstVisualChange,amazon,True,amazon FirstVisualChange opt cold fission webrender,,6,ms,firefox,,1788018500,2023-11-06 00:47:38,1327573,,,,,,,,,,,,,,,,,,,,,,,,,,,,,,,,,,,,,,,,,,,,,,,,,TN
377,84adf50c3d323e26c6a519a062b2417bb322ff0b,0.08200793513886492,mozilla-beta,3892049,13,6b4487d0c1f6bf5aaf17bec9a643c032ec54975b,linux1804-64-shippable-qr,True,False,,|c|o|l|d| |f|i|s|s|i|o|n| |w|e|b|r|e|n|d|e|r|,102210fe594ee9b33d82058545b1ed14f4c8206e,FirstVisualChange,amazon,True,amazon FirstVisualChange opt cold fission webrender,,6,ms,firefox,,1788385770,2023-11-06 09:16:14,1327663,,,,,,,,,,,,,,,,,,,,,,,,,,,,,,,,,,,,,,,,,,,,,,,,,TN
378,515a8603c619c309e86df4e9288a2840561043fe,0.08031740555459721,mozilla-beta,3892049,13,6b4487d0c1f6bf5aaf17bec9a643c032ec54975b,linux1804-64-shippable-qr,True,False,,|c|o|l|d| |f|i|s|s|i|o|n| |w|e|b|r|e|n|d|e|r|,102210fe594ee9b33d82058545b1ed14f4c8206e,FirstVisualChange,amazon,True,amazon FirstVisualChange opt cold fission webrender,,6,ms,firefox,,1788757258,2023-11-06 17:07:28,1328000,,,,,,,,,,,,,,,,,,,,,,,,,,,,,,,,,,,,,,,,,,,,,,,,,TN
379,46b44caed301798da4c8f6f69976582d1a514c7a,0.0850439882697947,mozilla-beta,3892049,13,6b4487d0c1f6bf5aaf17bec9a643c032ec54975b,linux1804-64-shippable-qr,True,False,,|c|o|l|d| |f|i|s|s|i|o|n| |w|e|b|r|e|n|d|e|r|,102210fe594ee9b33d82058545b1ed14f4c8206e,FirstVisualChange,amazon,True,amazon FirstVisualChange opt cold fission webrender,,6,ms,firefox,,1789242524,2023-11-07 09:17:03,1328381,,,,,,,,,,,,,,,,,,,,,,,,,,,,,,,,,,,,,,,,,,,,,,,,,TN
380,34ed90e9b164d86b138e679b7d142e0974fd7816,0.07852337415904778,mozilla-beta,3892049,13,6b4487d0c1f6bf5aaf17bec9a643c032ec54975b,linux1804-64-shippable-qr,True,False,,|c|o|l|d| |f|i|s|s|i|o|n| |w|e|b|r|e|n|d|e|r|,102210fe594ee9b33d82058545b1ed14f4c8206e,FirstVisualChange,amazon,True,amazon FirstVisualChange opt cold fission webrender,,6,ms,firefox,,1789346291,2023-11-07 13:33:14,1328471,,,,,,,,,,,,,,,,,,,,,,,,,,,,,,,,,,,,,,,,,,,,,,,,,TN
381,38f5ce2d997a124467b8065b92a79d2efa0f3827,0.09042608245644299,mozilla-beta,3892049,13,6b4487d0c1f6bf5aaf17bec9a643c032ec54975b,linux1804-64-shippable-qr,True,False,,|c|o|l|d| |f|i|s|s|i|o|n| |w|e|b|r|e|n|d|e|r|,102210fe594ee9b33d82058545b1ed14f4c8206e,FirstVisualChange,amazon,True,amazon FirstVisualChange opt cold fission webrender,,6,ms,firefox,,1789347368,2023-11-07 14:02:57,1328489,,,,,,,,,,,,,,,,,,,,,,,,,,,,,,,,,,,,,,,,,,,,,,,,,TN
382,997eb70f590ce32a22add6eed63c87f3fdc21b14,0.08428497498706228,mozilla-beta,3892049,13,6b4487d0c1f6bf5aaf17bec9a643c032ec54975b,linux1804-64-shippable-qr,True,False,,|c|o|l|d| |f|i|s|s|i|o|n| |w|e|b|r|e|n|d|e|r|,102210fe594ee9b33d82058545b1ed14f4c8206e,FirstVisualChange,amazon,True,amazon FirstVisualChange opt cold fission webrender,,6,ms,firefox,,1789414942,2023-11-07 17:18:39,1328543,,,,,,,,,,,,,,,,,,,,,,,,,,,,,,,,,,,,,,,,,,,,,,,,,TN
383,36f6c182a44f717167c7dcde294710b0ff59b6e0,0.09463515611523202,mozilla-beta,3892049,13,6b4487d0c1f6bf5aaf17bec9a643c032ec54975b,linux1804-64-shippable-qr,True,False,,|c|o|l|d| |f|i|s|s|i|o|n| |w|e|b|r|e|n|d|e|r|,102210fe594ee9b33d82058545b1ed14f4c8206e,FirstVisualChange,amazon,True,amazon FirstVisualChange opt cold fission webrender,,6,ms,firefox,,1789494061,2023-11-07 19:16:33,1328549,,,,,,,,,,,,,,,,,,,,,,,,,,,,,,,,,,,,,,,,,,,,,,,,,TN
384,9405e5ab3a4a597ffdfc3fc14887fdb4554c6f8d,0.09853372434017596,mozilla-beta,3892049,13,6b4487d0c1f6bf5aaf17bec9a643c032ec54975b,linux1804-64-shippable-qr,True,False,,|c|o|l|d| |f|i|s|s|i|o|n| |w|e|b|r|e|n|d|e|r|,102210fe594ee9b33d82058545b1ed14f4c8206e,FirstVisualChange,amazon,True,amazon FirstVisualChange opt cold fission webrender,,6,ms,firefox,,1789752400,2023-11-08 01:34:51,1328839,,,,,,,,,,,,,,,,,,,,,,,,,,,,,,,,,,,,,,,,,,,,,,,,,TN
385,e96d59e6f3e4e226bfce9975094486d29040f986,0.06693117129549767,mozilla-beta,3892049,13,6b4487d0c1f6bf5aaf17bec9a643c032ec54975b,linux1804-64-shippable-qr,True,False,,|c|o|l|d| |f|i|s|s|i|o|n| |w|e|b|r|e|n|d|e|r|,102210fe594ee9b33d82058545b1ed14f4c8206e,FirstVisualChange,amazon,True,amazon FirstVisualChange opt cold fission webrender,,6,ms,firefox,,1789791802,2023-11-08 03:37:05,1328883,,,,,,,,,,,,,,,,,,,,,,,,,,,,,,,,,,,,,,,,,,,,,,,,,TN
386,f51aba0f79ce6370a97337d938e26b7ca57a2628,0.08114542004485079,mozilla-beta,3892049,13,6b4487d0c1f6bf5aaf17bec9a643c032ec54975b,linux1804-64-shippable-qr,True,False,,|c|o|l|d| |f|i|s|s|i|o|n| |w|e|b|r|e|n|d|e|r|,102210fe594ee9b33d82058545b1ed14f4c8206e,FirstVisualChange,amazon,True,amazon FirstVisualChange opt cold fission webrender,,6,ms,firefox,,1789815911,2023-11-08 03:58:18,1328887,,,,,,,,,,,,,,,,,,,,,,,,,,,,,,,,,,,,,,,,,,,,,,,,,TN
387,ff455344125244fea8ba3d4d3f1c125f1d4128ef,0.08721752630671037,mozilla-beta,3892049,13,6b4487d0c1f6bf5aaf17bec9a643c032ec54975b,linux1804-64-shippable-qr,True,False,,|c|o|l|d| |f|i|s|s|i|o|n| |w|e|b|r|e|n|d|e|r|,102210fe594ee9b33d82058545b1ed14f4c8206e,FirstVisualChange,amazon,True,amazon FirstVisualChange opt cold fission webrender,,6,ms,firefox,,1789947172,2023-11-08 09:19:43,1328960,,,,,,,,,,,,,,,,,,,,,,,,,,,,,,,,,,,,,,,,,,,,,,,,,TN
388,8b41a52794e1bbd3fba47da74ae0f35ed8e7881e,0.08359496291185098,mozilla-beta,3892049,13,6b4487d0c1f6bf5aaf17bec9a643c032ec54975b,linux1804-64-shippable-qr,True,False,,|c|o|l|d| |f|i|s|s|i|o|n| |w|e|b|r|e|n|d|e|r|,102210fe594ee9b33d82058545b1ed14f4c8206e,FirstVisualChange,amazon,True,amazon FirstVisualChange opt cold fission webrender,,6,ms,firefox,,1790245243,2023-11-08 19:02:24,1329301,,,,,,,,,,,,,,,,,,,,,,,,,,,,,,,,,,,,,,,,,,,,,,,,,TN
389,f33d3ade665d9a85492c827858001798f824cf82,0.07390029325513198,mozilla-beta,3892049,13,6b4487d0c1f6bf5aaf17bec9a643c032ec54975b,linux1804-64-shippable-qr,True,False,,|c|o|l|d| |f|i|s|s|i|o|n| |w|e|b|r|e|n|d|e|r|,102210fe594ee9b33d82058545b1ed14f4c8206e,FirstVisualChange,amazon,True,amazon FirstVisualChange opt cold fission webrender,,6,ms,firefox,,1790252641,2023-11-08 19:22:35,1329310,,,,,,,,,,,,,,,,,,,,,,,,,,,,,,,,,,,,,,,,,,,,,,,,,TN
390,c3cf1434c26f7cccbac13d707dcebb6f320ce8fd,0.07859237536656893,mozilla-beta,3892049,13,6b4487d0c1f6bf5aaf17bec9a643c032ec54975b,linux1804-64-shippable-qr,True,False,,|c|o|l|d| |f|i|s|s|i|o|n| |w|e|b|r|e|n|d|e|r|,102210fe594ee9b33d82058545b1ed14f4c8206e,FirstVisualChange,amazon,True,amazon FirstVisualChange opt cold fission webrender,,6,ms,firefox,,1790779551,2023-11-09 09:18:08,1329714,,,,,,,,,,,,,,,,,,,,,,,,,,,,,,,,,,,,,,,,,,,,,,,,,TN
391,1dfb79685f27e9f11e469e5ab3e8a58fb9e58b73,0.0780058651026393,mozilla-beta,3892049,13,6b4487d0c1f6bf5aaf17bec9a643c032ec54975b,linux1804-64-shippable-qr,True,False,,|c|o|l|d| |f|i|s|s|i|o|n| |w|e|b|r|e|n|d|e|r|,102210fe594ee9b33d82058545b1ed14f4c8206e,FirstVisualChange,amazon,True,amazon FirstVisualChange opt cold fission webrender,,6,ms,firefox,,1790960862,2023-11-09 13:29:14,1329834,,,,,,,,,,,,,,,,,,,,,,,,,,,,,,,,,,,,,,,,,,,,,,,,,TN
392,78b796c9f7f53a888614ed5392a7db7229ee834f,0.07973089529066757,mozilla-beta,3892049,13,6b4487d0c1f6bf5aaf17bec9a643c032ec54975b,linux1804-64-shippable-qr,True,False,,|c|o|l|d| |f|i|s|s|i|o|n| |w|e|b|r|e|n|d|e|r|,102210fe594ee9b33d82058545b1ed14f4c8206e,FirstVisualChange,amazon,True,amazon FirstVisualChange opt cold fission webrender,,6,ms,firefox,,1791035330,2023-11-09 13:41:54,1329838,,,,,,,,,,,,,,,,,,,,,,,,,,,,,,,,,,,,,,,,,,,,,,,,,TN
393,03a9bf50f31d7228b355e7f9d70e29dd18babfdc,0.07710884940486457,mozilla-beta,3892049,13,6b4487d0c1f6bf5aaf17bec9a643c032ec54975b,linux1804-64-shippable-qr,True,False,,|c|o|l|d| |f|i|s|s|i|o|n| |w|e|b|r|e|n|d|e|r|,102210fe594ee9b33d82058545b1ed14f4c8206e,FirstVisualChange,amazon,True,amazon FirstVisualChange opt cold fission webrender,,6,ms,firefox,,1791024417,2023-11-09 15:05:03,1329887,,,,,,,,,,,,,,,,,,,,,,,,,,,,,,,,,,,,,,,,,,,,,,,,,TN
394,5e9554d172fc9851c0d74bdd6990c7434c7f6cf3,0.08590650336380887,mozilla-beta,3892049,13,6b4487d0c1f6bf5aaf17bec9a643c032ec54975b,linux1804-64-shippable-qr,True,False,,|c|o|l|d| |f|i|s|s|i|o|n| |w|e|b|r|e|n|d|e|r|,102210fe594ee9b33d82058545b1ed14f4c8206e,FirstVisualChange,amazon,True,amazon FirstVisualChange opt cold fission webrender,,6,ms,firefox,,1791067181,2023-11-09 16:40:47,1329939,,,,,,,,,,,,,,,,,,,,,,,,,,,,,,,,,,,,,,,,,,,,,,,,,TN
395,38f3cd5c2a42373d39c8ec864053d206168e22dd,0.0774883560462308,mozilla-beta,3892049,13,6b4487d0c1f6bf5aaf17bec9a643c032ec54975b,linux1804-64-shippable-qr,True,False,,|c|o|l|d| |f|i|s|s|i|o|n| |w|e|b|r|e|n|d|e|r|,102210fe594ee9b33d82058545b1ed14f4c8206e,FirstVisualChange,amazon,True,amazon FirstVisualChange opt cold fission webrender,,6,ms,firefox,,1791129270,2023-11-09 17:22:31,1329961,,,,,,,,,,,,,,,,,,,,,,,,,,,,,,,,,,,,,,,,,,,,,,,,,TN
396,b0f04f13b25453822484a6a53bc6b2b39bba4ae7,0.12420217353803689,mozilla-beta,3892049,13,6b4487d0c1f6bf5aaf17bec9a643c032ec54975b,linux1804-64-shippable-qr,True,False,,|c|o|l|d| |f|i|s|s|i|o|n| |w|e|b|r|e|n|d|e|r|,102210fe594ee9b33d82058545b1ed14f4c8206e,FirstVisualChange,amazon,True,amazon FirstVisualChange opt cold fission webrender,,6,ms,firefox,,1791152550,2023-11-09 18:22:53,1329997,,,,,,,,,,,,,,,,,,,,,,,,,,,,,,,,,,,,,,,,,,,,,,,,,TN
397,73db5f7ddc5b694785856785df3e3d6d8c5054f5,0.07676384336725892,mozilla-beta,3892049,13,6b4487d0c1f6bf5aaf17bec9a643c032ec54975b,linux1804-64-shippable-qr,True,False,,|c|o|l|d| |f|i|s|s|i|o|n| |w|e|b|r|e|n|d|e|r|,102210fe594ee9b33d82058545b1ed14f4c8206e,FirstVisualChange,amazon,True,amazon FirstVisualChange opt cold fission webrender,,6,ms,firefox,,1791244071,2023-11-09 20:58:42,1330116,,,,,,,,,,,,,,,,,,,,,,,,,,,,,,,,,,,,,,,,,,,,,,,,,TN
398,4033da50913992a740487deb43a255f0ad27ca9d,0.0803519061583578,mozilla-beta,3892049,13,6b4487d0c1f6bf5aaf17bec9a643c032ec54975b,linux1804-64-shippable-qr,True,False,,|c|o|l|d| |f|i|s|s|i|o|n| |w|e|b|r|e|n|d|e|r|,102210fe594ee9b33d82058545b1ed14f4c8206e,FirstVisualChange,amazon,True,amazon FirstVisualChange opt cold fission webrender,,6,ms,firefox,,1791233991,2023-11-09 21:16:58,1330119,,,,,,,,,,,,,,,,,,,,,,,,,,,,,,,,,,,,,,,,,,,,,,,,,TN
399,05cb865cacd6b9585e3049124f490cf19705d380,0.13110229429015005,mozilla-beta,3892049,13,6b4487d0c1f6bf5aaf17bec9a643c032ec54975b,linux1804-64-shippable-qr,True,False,,|c|o|l|d| |f|i|s|s|i|o|n| |w|e|b|r|e|n|d|e|r|,102210fe594ee9b33d82058545b1ed14f4c8206e,FirstVisualChange,amazon,True,amazon FirstVisualChange opt cold fission webrender,,6,ms,firefox,,1791353307,2023-11-09 23:34:01,1330175,,,,,,,,,,,,,,,,,,,,,,,,,,,,,,,,,,,,,,,,,,,,,,,,,TN
400,c235e860ed91d38314fe1dbcf2ecdd2db91b9bb9,0.08952906675866826,mozilla-beta,3892049,13,6b4487d0c1f6bf5aaf17bec9a643c032ec54975b,linux1804-64-shippable-qr,True,False,,|c|o|l|d| |f|i|s|s|i|o|n| |w|e|b|r|e|n|d|e|r|,102210fe594ee9b33d82058545b1ed14f4c8206e,FirstVisualChange,amazon,True,amazon FirstVisualChange opt cold fission webrender,,6,ms,firefox,,1791511423,2023-11-10 03:58:58,1330254,,,,,,,,,,,,,,,,,,,,,,,,,,,,,,,,,,,,,,,,,,,,,,,,,TN
401,c9cafe13464891df5979172a1cea00ceb1c89615,0.08111091944109022,mozilla-beta,3892049,13,6b4487d0c1f6bf5aaf17bec9a643c032ec54975b,linux1804-64-shippable-qr,True,False,,|c|o|l|d| |f|i|s|s|i|o|n| |w|e|b|r|e|n|d|e|r|,102210fe594ee9b33d82058545b1ed14f4c8206e,FirstVisualChange,amazon,True,amazon FirstVisualChange opt cold fission webrender,,6,ms,firefox,,1791654679,2023-11-10 08:26:24,1330300,,,,,,,,,,,,,,,,,,,,,,,,,,,,,,,,,,,,,,,,,,,,,,,,,TN
402,79c92eeab276a93d9b1d5cc754e2bb395e76ebf3,0.08621700879765398,mozilla-beta,3892049,13,6b4487d0c1f6bf5aaf17bec9a643c032ec54975b,linux1804-64-shippable-qr,True,False,,|c|o|l|d| |f|i|s|s|i|o|n| |w|e|b|r|e|n|d|e|r|,102210fe594ee9b33d82058545b1ed14f4c8206e,FirstVisualChange,amazon,True,amazon FirstVisualChange opt cold fission webrender,,6,ms,firefox,,1791671619,2023-11-10 09:17:50,1330325,,,,,,,,,,,,,,,,,,,,,,,,,,,,,,,,,,,,,,,,,,,,,,,,,TN
403,833ba8fe101b84f0d4e7dbe07363af1f91c20b18,0.11671554252199415,mozilla-beta,3892049,13,6b4487d0c1f6bf5aaf17bec9a643c032ec54975b,linux1804-64-shippable-qr,True,False,,|c|o|l|d| |f|i|s|s|i|o|n| |w|e|b|r|e|n|d|e|r|,102210fe594ee9b33d82058545b1ed14f4c8206e,FirstVisualChange,amazon,True,amazon FirstVisualChange opt cold fission webrender,,6,ms,firefox,,1792373434,2023-11-11 09:17:06,1330685,,,,,,,,,,,,,,,,,,,,,,,,,,,,,,,,,,,,,,,,,,,,,,,,,TN
404,a1334e8e601add3495509f96d677cff89b4693b1,0.07759185785751252,mozilla-beta,3892049,13,6b4487d0c1f6bf5aaf17bec9a643c032ec54975b,linux1804-64-shippable-qr,True,False,,|c|o|l|d| |f|i|s|s|i|o|n| |w|e|b|r|e|n|d|e|r|,102210fe594ee9b33d82058545b1ed14f4c8206e,FirstVisualChange,amazon,True,amazon FirstVisualChange opt cold fission webrender,,6,ms,firefox,,1792825576,2023-11-12 09:16:19,1330777,,,,,,,,,,,,,,,,,,,,,,,,,,,,,,,,,,,,,,,,,,,,,,,,,TN
405,39694175bf62c4c07f2001ab520f7e410eec192b,0.06503363808866655,mozilla-beta,3892049,13,6b4487d0c1f6bf5aaf17bec9a643c032ec54975b,linux1804-64-shippable-qr,True,False,,|c|o|l|d| |f|i|s|s|i|o|n| |w|e|b|r|e|n|d|e|r|,102210fe594ee9b33d82058545b1ed14f4c8206e,FirstVisualChange,amazon,True,amazon FirstVisualChange opt cold fission webrender,,6,ms,firefox,,1793158270,2023-11-13 09:20:35,1330927,,,,,,,,,,,,,,,,,,,,,,,,,,,,,,,,,,,,,,,,,,,,,,,,,TN
406,e2b2510f97612093f381ee1f4220e71ff949d845,0.08666551664654132,mozilla-beta,3892049,13,6b4487d0c1f6bf5aaf17bec9a643c032ec54975b,linux1804-64-shippable-qr,True,False,,|c|o|l|d| |f|i|s|s|i|o|n| |w|e|b|r|e|n|d|e|r|,102210fe594ee9b33d82058545b1ed14f4c8206e,FirstVisualChange,amazon,True,amazon FirstVisualChange opt cold fission webrender,,6,ms,firefox,,1793387286,2023-11-13 14:12:00,1331051,,,,,,,,,,,,,,,,,,,,,,,,,,,,,,,,,,,,,,,,,,,,,,,,,TN
407,d6c8c84a26388612d432fd27aadcc8cdc1bc4e07,0.0554079696394687,mozilla-beta,3892049,13,6b4487d0c1f6bf5aaf17bec9a643c032ec54975b,linux1804-64-shippable-qr,True,False,,|c|o|l|d| |f|i|s|s|i|o|n| |w|e|b|r|e|n|d|e|r|,102210fe594ee9b33d82058545b1ed14f4c8206e,FirstVisualChange,amazon,True,amazon FirstVisualChange opt cold fission webrender,,6,ms,firefox,,1797236390,2023-11-20 15:49:37,1334745,,,,,,,,,,,,,,,,,,,,,,,,,,,,,,,,,,,,,,,,,,,,,,,,,TN
408,7c525212b0a40c1f9ca40c7a7dd04825767c444c,0.06013455235466622,mozilla-beta,3892049,13,6b4487d0c1f6bf5aaf17bec9a643c032ec54975b,linux1804-64-shippable-qr,True,False,,|c|o|l|d| |f|i|s|s|i|o|n| |w|e|b|r|e|n|d|e|r|,102210fe594ee9b33d82058545b1ed14f4c8206e,FirstVisualChange,amazon,True,amazon FirstVisualChange opt cold fission webrender,,6,ms,firefox,,1797837923,2023-11-21 09:16:19,1335327,,,,,,,,,,,,,,,,,,,,,,,,,,,,,,,,,,,,,,,,,,,,,,,,,TN
409,f2fa5dbe8e76996e929aebba1ccfe170e0a231ed,0.05958254269449717,mozilla-beta,3892049,13,6b4487d0c1f6bf5aaf17bec9a643c032ec54975b,linux1804-64-shippable-qr,True,False,,|c|o|l|d| |f|i|s|s|i|o|n| |w|e|b|r|e|n|d|e|r|,102210fe594ee9b33d82058545b1ed14f4c8206e,FirstVisualChange,amazon,True,amazon FirstVisualChange opt cold fission webrender,,6,ms,firefox,,1798056195,2023-11-21 15:08:03,1335577,,,,,,,,,,,,,,,,,,,,,,,,,,,,,,,,,,,,,,,,,,,,,,,,,TN
410,e86366dbad4958dc3a70d6f76351ede9d78dbca4,0.05771951009142662,mozilla-beta,3892049,13,6b4487d0c1f6bf5aaf17bec9a643c032ec54975b,linux1804-64-shippable-qr,True,False,,|c|o|l|d| |f|i|s|s|i|o|n| |w|e|b|r|e|n|d|e|r|,102210fe594ee9b33d82058545b1ed14f4c8206e,FirstVisualChange,amazon,True,amazon FirstVisualChange opt cold fission webrender,,6,ms,firefox,,1798073757,2023-11-21 15:10:55,1335580,,,,,,,,,,,,,,,,,,,,,,,,,,,,,,,,,,,,,,,,,,,,,,,,,TN
411,ae7ec6bbf12f4bf101eb93a4eec56237e2c94711,0.04792133862342593,mozilla-beta,3892049,13,6b4487d0c1f6bf5aaf17bec9a643c032ec54975b,linux1804-64-shippable-qr,True,False,,|c|o|l|d| |f|i|s|s|i|o|n| |w|e|b|r|e|n|d|e|r|,102210fe594ee9b33d82058545b1ed14f4c8206e,FirstVisualChange,amazon,True,amazon FirstVisualChange opt cold fission webrender,,6,ms,firefox,,1798024506,2023-11-21 15:26:40,1335594,,,,,,,,,,,,,,,,,,,,,,,,,,,,,,,,,,,,,,,,,,,,,,,,,TN
412,850029a700cfcd62c70e1153778fcac0c0accbd5,0.04957736760393308,mozilla-beta,3892049,13,6b4487d0c1f6bf5aaf17bec9a643c032ec54975b,linux1804-64-shippable-qr,True,False,,|c|o|l|d| |f|i|s|s|i|o|n| |w|e|b|r|e|n|d|e|r|,102210fe594ee9b33d82058545b1ed14f4c8206e,FirstVisualChange,amazon,True,amazon FirstVisualChange opt cold fission webrender,,6,ms,firefox,,1798620471,2023-11-22 09:19:04,1336139,,,,,,,,,,,,,,,,,,,,,,,,,,,,,,,,,,,,,,,,,,,,,,,,,TN
413,14a07890399d7fede9ff72d30f69469e83896f21,0.07559082283939969,mozilla-beta,3892049,13,6b4487d0c1f6bf5aaf17bec9a643c032ec54975b,linux1804-64-shippable-qr,True,False,,|c|o|l|d| |f|i|s|s|i|o|n| |w|e|b|r|e|n|d|e|r|,102210fe594ee9b33d82058545b1ed14f4c8206e,FirstVisualChange,amazon,True,amazon FirstVisualChange opt cold fission webrender,,6,ms,firefox,,1799001598,2023-11-22 19:21:33,1336564,,,,,,,,,,,,,,,,,,,,,,,,,,,,,,,,,,,,,,,,,,,,,,,,,TN
414,40509a3a99ddbed1f837b0a394d68ba95dc592ae,0.051405899603243044,mozilla-beta,3892049,13,6b4487d0c1f6bf5aaf17bec9a643c032ec54975b,linux1804-64-shippable-qr,True,False,,|c|o|l|d| |f|i|s|s|i|o|n| |w|e|b|r|e|n|d|e|r|,102210fe594ee9b33d82058545b1ed14f4c8206e,FirstVisualChange,amazon,True,amazon FirstVisualChange opt cold fission webrender,,6,ms,firefox,,1799113513,2023-11-22 20:38:02,1336613,,,,,,,,,,,,,,,,,,,,,,,,,,,,,,,,,,,,,,,,,,,,,,,,,TN
415,2e013f4ee88a4fb15ea4f5f8a438541d18bf8c4f,0.06938071416249783,mozilla-beta,3892049,13,6b4487d0c1f6bf5aaf17bec9a643c032ec54975b,linux1804-64-shippable-qr,True,False,,|c|o|l|d| |f|i|s|s|i|o|n| |w|e|b|r|e|n|d|e|r|,102210fe594ee9b33d82058545b1ed14f4c8206e,FirstVisualChange,amazon,True,amazon FirstVisualChange opt cold fission webrender,,6,ms,firefox,,1799532992,2023-11-23 09:18:18,1336824,,,,,,,,,,,,,,,,,,,,,,,,,,,,,,,,,,,,,,,,,,,,,,,,,TN
416,e2d0a18759309d8d69b72e5fc1f26d7570df19e9,0.07258927031223047,mozilla-beta,3892049,13,6b4487d0c1f6bf5aaf17bec9a643c032ec54975b,linux1804-64-shippable-qr,True,False,,|c|o|l|d| |f|i|s|s|i|o|n| |w|e|b|r|e|n|d|e|r|,102210fe594ee9b33d82058545b1ed14f4c8206e,FirstVisualChange,amazon,True,amazon FirstVisualChange opt cold fission webrender,,6,ms,firefox,,1799807422,2023-11-23 15:17:32,1337048,,,,,,,,,,,,,,,,,,,,,,,,,,,,,,,,,,,,,,,,,,,,,,,,,TN
417,f5ed817bca36dcf683dcbf037a3122509c21e33c,0.05720200103501813,mozilla-beta,3892049,13,6b4487d0c1f6bf5aaf17bec9a643c032ec54975b,linux1804-64-shippable-qr,True,False,,|c|o|l|d| |f|i|s|s|i|o|n| |w|e|b|r|e|n|d|e|r|,102210fe594ee9b33d82058545b1ed14f4c8206e,FirstVisualChange,amazon,True,amazon FirstVisualChange opt cold fission webrender,,6,ms,firefox,,1799850873,2023-11-23 16:48:11,1337100,,,,,,,,,,,,,,,,,,,,,,,,,,,,,,,,,,,,,,,,,,,,,,,,,TN
418,0ebfc2cc8b6ff18c0e37d80523ea5eb997c7d5e1,0.10339830947041573,mozilla-beta,3892049,13,6b4487d0c1f6bf5aaf17bec9a643c032ec54975b,linux1804-64-shippable-qr,True,False,,|c|o|l|d| |f|i|s|s|i|o|n| |w|e|b|r|e|n|d|e|r|,102210fe594ee9b33d82058545b1ed14f4c8206e,FirstVisualChange,amazon,True,amazon FirstVisualChange opt cold fission webrender,,6,ms,firefox,,1799902968,2023-11-23 18:38:27,1337195,,,,,,,,,,,,,,,,,,,,,,,,,,,,,,,,,,,,,,,,,,,,,,,,,TN
419,f5b525d6b641f9bf120912b729d84800fed945e4,0.0558909780921166,mozilla-beta,3892049,13,6b4487d0c1f6bf5aaf17bec9a643c032ec54975b,linux1804-64-shippable-qr,True,False,,|c|o|l|d| |f|i|s|s|i|o|n| |w|e|b|r|e|n|d|e|r|,102210fe594ee9b33d82058545b1ed14f4c8206e,FirstVisualChange,amazon,True,amazon FirstVisualChange opt cold fission webrender,,6,ms,firefox,,1799922557,2023-11-23 19:14:24,1337218,,,,,,,,,,,,,,,,,,,,,,,,,,,,,,,,,,,,,,,,,,,,,,,,,TN
420,63e4626951c04bbd1987f0e48b03e96cb2af7457,0.05475245816801794,mozilla-beta,3892049,13,6b4487d0c1f6bf5aaf17bec9a643c032ec54975b,linux1804-64-shippable-qr,True,False,,|c|o|l|d| |f|i|s|s|i|o|n| |w|e|b|r|e|n|d|e|r|,102210fe594ee9b33d82058545b1ed14f4c8206e,FirstVisualChange,amazon,True,amazon FirstVisualChange opt cold fission webrender,,6,ms,firefox,,1799942105,2023-11-23 19:59:59,1337233,,,,,,,,,,,,,,,,,,,,,,,,,,,,,,,,,,,,,,,,,,,,,,,,,TN
421,97f726c68ad098e3376af09d49d8e89361b016a6,0.07434880110401931,mozilla-beta,3892049,13,6b4487d0c1f6bf5aaf17bec9a643c032ec54975b,linux1804-64-shippable-qr,True,False,,|c|o|l|d| |f|i|s|s|i|o|n| |w|e|b|r|e|n|d|e|r|,102210fe594ee9b33d82058545b1ed14f4c8206e,FirstVisualChange,amazon,True,amazon FirstVisualChange opt cold fission webrender,,6,ms,firefox,,1800299632,2023-11-24 09:15:12,1337432,,,,,,,,,,,,,,,,,,,,,,,,,,,,,,,,,,,,,,,,,,,,,,,,,TN
422,1a3e4add92e41944bafb12b17fa66335af9af3a8,0.06717267552182163,mozilla-beta,3892049,13,6b4487d0c1f6bf5aaf17bec9a643c032ec54975b,linux1804-64-shippable-qr,True,False,,|c|o|l|d| |f|i|s|s|i|o|n| |w|e|b|r|e|n|d|e|r|,102210fe594ee9b33d82058545b1ed14f4c8206e,FirstVisualChange,amazon,True,amazon FirstVisualChange opt cold fission webrender,,6,ms,firefox,,1800538795,2023-11-24 16:49:36,1337659,,,,,,,,,,,,,,,,,,,,,,,,,,,,,,,,,,,,,,,,,,,,,,,,,TN
423,6d0a62974b9b656be959cbc5c28072dba236c9a1,0.08580300155252718,mozilla-beta,3892049,13,6b4487d0c1f6bf5aaf17bec9a643c032ec54975b,linux1804-64-shippable-qr,True,False,,|c|o|l|d| |f|i|s|s|i|o|n| |w|e|b|r|e|n|d|e|r|,102210fe594ee9b33d82058545b1ed14f4c8206e,FirstVisualChange,amazon,True,amazon FirstVisualChange opt cold fission webrender,,6,ms,firefox,,1800600423,2023-11-24 19:26:24,1337720,,,,,,,,,,,,,,,,,,,,,,,,,,,,,,,,,,,,,,,,,,,,,,,,,TN
424,7bb0d2c11841a1ee47bcd3d93a7930c8e870cf38,0.07962739347938591,mozilla-beta,3892049,13,6b4487d0c1f6bf5aaf17bec9a643c032ec54975b,linux1804-64-shippable-qr,True,False,,|c|o|l|d| |f|i|s|s|i|o|n| |w|e|b|r|e|n|d|e|r|,102210fe594ee9b33d82058545b1ed14f4c8206e,FirstVisualChange,amazon,True,amazon FirstVisualChange opt cold fission webrender,,6,ms,firefox,,1800806605,2023-11-25 09:17:02,1337839,,,,,,,,,,,,,,,,,,,,,,,,,,,,,,,,,,,,,,,,,,,,,,,,,TN
425,2dab338879f00d7e06ba1d26794b0c47fe241084,0.07603933068828705,mozilla-beta,3892049,13,6b4487d0c1f6bf5aaf17bec9a643c032ec54975b,linux1804-64-shippable-qr,True,False,,|c|o|l|d| |f|i|s|s|i|o|n| |w|e|b|r|e|n|d|e|r|,102210fe594ee9b33d82058545b1ed14f4c8206e,FirstVisualChange,amazon,True,amazon FirstVisualChange opt cold fission webrender,,6,ms,firefox,,1800882818,2023-11-25 14:39:21,1337868,,,,,,,,,,,,,,,,,,,,,,,,,,,,,,,,,,,,,,,,,,,,,,,,,TN
426,27f764d7fcefdc9fd2f61cdca2aa5fc58a71f4c3,0.07469380714162496,mozilla-beta,3892049,13,6b4487d0c1f6bf5aaf17bec9a643c032ec54975b,linux1804-64-shippable-qr,True,False,,|c|o|l|d| |f|i|s|s|i|o|n| |w|e|b|r|e|n|d|e|r|,102210fe594ee9b33d82058545b1ed14f4c8206e,FirstVisualChange,amazon,True,amazon FirstVisualChange opt cold fission webrender,,6,ms,firefox,,1800974098,2023-11-26 09:14:56,1337923,,,,,,,,,,,,,,,,,,,,,,,,,,,,,,,,,,,,,,,,,,,,,,,,,TN
427,6731f3f1d5fbe50d8ef2db31b54734d886c575d9,0.07217526306710367,mozilla-beta,3892049,13,6b4487d0c1f6bf5aaf17bec9a643c032ec54975b,linux1804-64-shippable-qr,True,False,,|c|o|l|d| |f|i|s|s|i|o|n| |w|e|b|r|e|n|d|e|r|,102210fe594ee9b33d82058545b1ed14f4c8206e,FirstVisualChange,amazon,True,amazon FirstVisualChange opt cold fission webrender,,6,ms,firefox,,1801054380,2023-11-26 19:05:04,1337952,,,,,,,,,,,,,,,,,,,,,,,,,,,,,,,,,,,,,,,,,,,,,,,,,TN
428,30ce6d1c901acbf2c75595616796c67a117d0e89,0.08028290495083665,mozilla-beta,3892049,13,6b4487d0c1f6bf5aaf17bec9a643c032ec54975b,linux1804-64-shippable-qr,True,False,,|c|o|l|d| |f|i|s|s|i|o|n| |w|e|b|r|e|n|d|e|r|,102210fe594ee9b33d82058545b1ed14f4c8206e,FirstVisualChange,amazon,True,amazon FirstVisualChange opt cold fission webrender,,6,ms,firefox,,1801079109,2023-11-26 19:58:34,1337957,,,,,,,,,,,,,,,,,,,,,,,,,,,,,,,,,,,,,,,,,,,,,,,,,TN
429,6d4d6a99b1a66f36129039e40dd79f37e4f86f8f,0.13020527859237538,mozilla-beta,3892049,13,6b4487d0c1f6bf5aaf17bec9a643c032ec54975b,linux1804-64-shippable-qr,True,False,,|c|o|l|d| |f|i|s|s|i|o|n| |w|e|b|r|e|n|d|e|r|,102210fe594ee9b33d82058545b1ed14f4c8206e,FirstVisualChange,amazon,True,amazon FirstVisualChange opt cold fission webrender,,6,ms,firefox,,1801280515,2023-11-27 09:17:58,1338056,,,,,,,,,,,,,,,,,,,,,,,,,,,,,,,,,,,,,,,,,,,,,,,,,TN
430,22785f6abc940d353708807dbadc7ca1899f9be4,0.08538899430740038,mozilla-beta,3892049,13,6b4487d0c1f6bf5aaf17bec9a643c032ec54975b,linux1804-64-shippable-qr,True,False,,|c|o|l|d| |f|i|s|s|i|o|n| |w|e|b|r|e|n|d|e|r|,102210fe594ee9b33d82058545b1ed14f4c8206e,FirstVisualChange,amazon,True,amazon FirstVisualChange opt cold fission webrender,,6,ms,firefox,,1801539442,2023-11-27 17:32:57,1338393,,,,,,,,,,,,,,,,,,,,,,,,,,,,,,,,,,,,,,,,,,,,,,,,,TN
431,155655e47125a4651f979dd526be3225c2d0b362,0.12527169225461446,mozilla-beta,3892049,13,6b4487d0c1f6bf5aaf17bec9a643c032ec54975b,linux1804-64-shippable-qr,True,False,,|c|o|l|d| |f|i|s|s|i|o|n| |w|e|b|r|e|n|d|e|r|,102210fe594ee9b33d82058545b1ed14f4c8206e,FirstVisualChange,amazon,True,amazon FirstVisualChange opt cold fission webrender,,6,ms,firefox,,1801726506,2023-11-27 22:16:43,1338584,,,,,,,,,,,,,,,,,,,,,,,,,,,,,,,,,,,,,,,,,,,,,,,,,TN
432,d33d3f4a57d58a0f7e5e713c6743fea942f723c5,0.08352596170432983,mozilla-beta,3892049,13,6b4487d0c1f6bf5aaf17bec9a643c032ec54975b,linux1804-64-shippable-qr,True,False,,|c|o|l|d| |f|i|s|s|i|o|n| |w|e|b|r|e|n|d|e|r|,102210fe594ee9b33d82058545b1ed14f4c8206e,FirstVisualChange,amazon,True,amazon FirstVisualChange opt cold fission webrender,,6,ms,firefox,,1801749421,2023-11-27 22:27:53,1338597,,,,,,,,,,,,,,,,,,,,,,,,,,,,,,,,,,,,,,,,,,,,,,,,,TN
433,17705099714d6adc36e2222e53c5627edbc9d656,0.08356046230809039,mozilla-beta,3892049,13,6b4487d0c1f6bf5aaf17bec9a643c032ec54975b,linux1804-64-shippable-qr,True,False,,|c|o|l|d| |f|i|s|s|i|o|n| |w|e|b|r|e|n|d|e|r|,102210fe594ee9b33d82058545b1ed14f4c8206e,FirstVisualChange,amazon,True,amazon FirstVisualChange opt cold fission webrender,,6,ms,firefox,,1802012234,2023-11-28 09:16:16,1338880,,,,,,,,,,,,,,,,,,,,,,,,,,,,,,,,,,,,,,,,,,,,,,,,,TN
434,267e2c2143d0e7732e12ee912c982da08ed3cfb3,0.06917371053993443,mozilla-beta,3892049,13,6b4487d0c1f6bf5aaf17bec9a643c032ec54975b,linux1804-64-shippable-qr,True,False,,|c|o|l|d| |f|i|s|s|i|o|n| |w|e|b|r|e|n|d|e|r|,102210fe594ee9b33d82058545b1ed14f4c8206e,FirstVisualChange,amazon,True,amazon FirstVisualChange opt cold fission webrender,,6,ms,firefox,,1802172905,2023-11-28 14:06:18,1339040,,,,,,,,,,,,,,,,,,,,,,,,,,,,,,,,,,,,,,,,,,,,,,,,,TN
435,5ece1826f540e2d1024b784ca24bd0a9ab803d88,0.10246679316888044,mozilla-beta,3892049,13,6b4487d0c1f6bf5aaf17bec9a643c032ec54975b,linux1804-64-shippable-qr,True,False,,|c|o|l|d| |f|i|s|s|i|o|n| |w|e|b|r|e|n|d|e|r|,102210fe594ee9b33d82058545b1ed14f4c8206e,FirstVisualChange,amazon,True,amazon FirstVisualChange opt cold fission webrender,,6,ms,firefox,,1802322222,2023-11-28 18:01:37,1339207,,,,,,,,,,,,,,,,,,,,,,,,,,,,,,,,,,,,,,,,,,,,,,,,,TN
436,5b886155d8f15f2a6b77a369aa6bd34f271b5179,0.08380196653441438,mozilla-beta,3892049,13,6b4487d0c1f6bf5aaf17bec9a643c032ec54975b,linux1804-64-shippable-qr,True,False,,|c|o|l|d| |f|i|s|s|i|o|n| |w|e|b|r|e|n|d|e|r|,102210fe594ee9b33d82058545b1ed14f4c8206e,FirstVisualChange,amazon,True,amazon FirstVisualChange opt cold fission webrender,,6,ms,firefox,,1802365637,2023-11-28 18:56:38,1339250,,,,,,,,,,,,,,,,,,,,,,,,,,,,,,,,,,,,,,,,,,,,,,,,,TN
437,54bded7d814a16ec819b55ed9dabee819a5ab3d7,0.09090909090909088,mozilla-beta,3892049,13,6b4487d0c1f6bf5aaf17bec9a643c032ec54975b,linux1804-64-shippable-qr,True,False,,|c|o|l|d| |f|i|s|s|i|o|n| |w|e|b|r|e|n|d|e|r|,102210fe594ee9b33d82058545b1ed14f4c8206e,FirstVisualChange,amazon,True,amazon FirstVisualChange opt cold fission webrender,,6,ms,firefox,,1802541904,2023-11-29 01:18:21,1339512,,,,,,,,,,,,,,,,,,,,,,,,,,,,,,,,,,,,,,,,,,,,,,,,,TN
438,deb04a41bcf2831f1f022865506bed3889189890,0.08117992064861138,mozilla-beta,3892049,13,6b4487d0c1f6bf5aaf17bec9a643c032ec54975b,linux1804-64-shippable-qr,True,False,,|c|o|l|d| |f|i|s|s|i|o|n| |w|e|b|r|e|n|d|e|r|,102210fe594ee9b33d82058545b1ed14f4c8206e,FirstVisualChange,amazon,True,amazon FirstVisualChange opt cold fission webrender,,6,ms,firefox,,1802721788,2023-11-29 06:49:04,1339621,,,,,,,,,,,,,,,,,,,,,,,,,,,,,,,,,,,,,,,,,,,,,,,,,TN
439,dea294d4ae5a1a40f6bfd6e29b7d07fe56b7f472,0.12396066931171298,mozilla-beta,3892049,13,6b4487d0c1f6bf5aaf17bec9a643c032ec54975b,linux1804-64-shippable-qr,True,False,,|c|o|l|d| |f|i|s|s|i|o|n| |w|e|b|r|e|n|d|e|r|,102210fe594ee9b33d82058545b1ed14f4c8206e,FirstVisualChange,amazon,True,amazon FirstVisualChange opt cold fission webrender,,6,ms,firefox,,1802800599,2023-11-29 09:18:15,1339673,,,,,,,,,,,,,,,,,,,,,,,,,,,,,,,,,,,,,,,,,,,,,,,,,TN
440,e98d3fec31d0b40a3913c13b0ee47cefb4d1e59e,0.11312747973089532,mozilla-beta,3892049,13,6b4487d0c1f6bf5aaf17bec9a643c032ec54975b,linux1804-64-shippable-qr,True,False,,|c|o|l|d| |f|i|s|s|i|o|n| |w|e|b|r|e|n|d|e|r|,102210fe594ee9b33d82058545b1ed14f4c8206e,FirstVisualChange,amazon,True,amazon FirstVisualChange opt cold fission webrender,,6,ms,firefox,,1803123043,2023-11-29 18:19:02,1339978,,,,,,,,,,,,,,,,,,,,,,,,,,,,,,,,,,,,,,,,,,,,,,,,,TN
441,7f11f5cf2f8ef7fb54eea8d499ae7df1097763cc,0.08632051060893567,mozilla-beta,3892049,13,6b4487d0c1f6bf5aaf17bec9a643c032ec54975b,linux1804-64-shippable-qr,True,False,,|c|o|l|d| |f|i|s|s|i|o|n| |w|e|b|r|e|n|d|e|r|,102210fe594ee9b33d82058545b1ed14f4c8206e,FirstVisualChange,amazon,True,amazon FirstVisualChange opt cold fission webrender,,6,ms,firefox,,1803136946,2023-11-29 19:19:47,1340032,,,,,,,,,,,,,,,,,,,,,,,,,,,,,,,,,,,,,,,,,,,,,,,,,TN
442,ca8ce1830705b459fc5202429667589f2934b17c,0.08842504743833018,mozilla-beta,3892049,13,6b4487d0c1f6bf5aaf17bec9a643c032ec54975b,linux1804-64-shippable-qr,True,False,,|c|o|l|d| |f|i|s|s|i|o|n| |w|e|b|r|e|n|d|e|r|,102210fe594ee9b33d82058545b1ed14f4c8206e,FirstVisualChange,amazon,True,amazon FirstVisualChange opt cold fission webrender,,6,ms,firefox,,1803251344,2023-11-29 22:50:54,1340165,,,,,,,,,,,,,,,,,,,,,,,,,,,,,,,,,,,,,,,,,,,,,,,,,TN
443,5974796cd9cd088eb58006e6594138d3bc8e7d39,0.08169742970501984,mozilla-beta,3892049,13,6b4487d0c1f6bf5aaf17bec9a643c032ec54975b,linux1804-64-shippable-qr,True,False,,|c|o|l|d| |f|i|s|s|i|o|n| |w|e|b|r|e|n|d|e|r|,102210fe594ee9b33d82058545b1ed14f4c8206e,FirstVisualChange,amazon,True,amazon FirstVisualChange opt cold fission webrender,,6,ms,firefox,,1803553833,2023-11-30 09:17:04,1340410,,,,,,,,,,,,,,,,,,,,,,,,,,,,,,,,,,,,,,,,,,,,,,,,,TN
444,20d769c8e7c11b7510e1eaed3d456b930cf6ea46,0.07948939106434363,mozilla-beta,3892049,13,6b4487d0c1f6bf5aaf17bec9a643c032ec54975b,linux1804-64-shippable-qr,True,False,,|c|o|l|d| |f|i|s|s|i|o|n| |w|e|b|r|e|n|d|e|r|,102210fe594ee9b33d82058545b1ed14f4c8206e,FirstVisualChange,amazon,True,amazon FirstVisualChange opt cold fission webrender,,6,ms,firefox,,1803788071,2023-11-30 16:11:24,1340661,,,,,,,,,,,,,,,,,,,,,,,,,,,,,,,,,,,,,,,,,,,,,,,,,TN
445,c1852b5f0fd3cae3ab6e22effca4d9f2689aeeeb,0.0757633258582025,mozilla-beta,3892049,13,6b4487d0c1f6bf5aaf17bec9a643c032ec54975b,linux1804-64-shippable-qr,True,False,,|c|o|l|d| |f|i|s|s|i|o|n| |w|e|b|r|e|n|d|e|r|,102210fe594ee9b33d82058545b1ed14f4c8206e,FirstVisualChange,amazon,True,amazon FirstVisualChange opt cold fission webrender,,6,ms,firefox,,1803800157,2023-11-30 16:34:04,1340692,,,,,,,,,,,,,,,,,,,,,,,,,,,,,,,,,,,,,,,,,,,,,,,,,TN
446,bc9f83635d02d18d06ea0e35565f7bb49b2c7608,0.09187510781438676,mozilla-beta,3892049,13,6b4487d0c1f6bf5aaf17bec9a643c032ec54975b,linux1804-64-shippable-qr,True,False,,|c|o|l|d| |f|i|s|s|i|o|n| |w|e|b|r|e|n|d|e|r|,102210fe594ee9b33d82058545b1ed14f4c8206e,FirstVisualChange,amazon,True,amazon FirstVisualChange opt cold fission webrender,,6,ms,firefox,,1803820971,2023-11-30 16:43:33,1340700,,,,,,,,,,,,,,,,,,,,,,,,,,,,,,,,,,,,,,,,,,,,,,,,,TN
447,5df38003afc947e7f0932dd9984f2e4d57e9a685,0.0879075383819217,mozilla-beta,3892049,13,6b4487d0c1f6bf5aaf17bec9a643c032ec54975b,linux1804-64-shippable-qr,True,False,,|c|o|l|d| |f|i|s|s|i|o|n| |w|e|b|r|e|n|d|e|r|,102210fe594ee9b33d82058545b1ed14f4c8206e,FirstVisualChange,amazon,True,amazon FirstVisualChange opt cold fission webrender,,6,ms,firefox,,1803877508,2023-11-30 18:34:41,1340791,,,,,,,,,,,,,,,,,,,,,,,,,,,,,,,,,,,,,,,,,,,,,,,,,TN
448,8e00ed90450f29ee0286348a831fc0980397f8e7,0.09429015007762637,mozilla-beta,3892049,13,6b4487d0c1f6bf5aaf17bec9a643c032ec54975b,linux1804-64-shippable-qr,True,False,,|c|o|l|d| |f|i|s|s|i|o|n| |w|e|b|r|e|n|d|e|r|,102210fe594ee9b33d82058545b1ed14f4c8206e,FirstVisualChange,amazon,True,amazon FirstVisualChange opt cold fission webrender,,6,ms,firefox,,1803948925,2023-11-30 21:01:12,1340913,,,,,,,,,,,,,,,,,,,,,,,,,,,,,,,,,,,,,,,,,,,,,,,,,TN
449,b69108b34355f592bd1781a9a072e6816b3eb0b1,0.10419182335690874,mozilla-beta,3892049,13,6b4487d0c1f6bf5aaf17bec9a643c032ec54975b,linux1804-64-shippable-qr,True,False,,|c|o|l|d| |f|i|s|s|i|o|n| |w|e|b|r|e|n|d|e|r|,102210fe594ee9b33d82058545b1ed14f4c8206e,FirstVisualChange,amazon,True,amazon FirstVisualChange opt cold fission webrender,,6,ms,firefox,,1804030122,2023-12-01 00:27:30,1341043,,,,,,,,,,,,,,,,,,,,,,,,,,,,,,,,,,,,,,,,,,,,,,,,,TN
450,186477afbdb47280ec0ea49732727996821b2082,0.11212696222183888,mozilla-beta,3892049,13,6b4487d0c1f6bf5aaf17bec9a643c032ec54975b,linux1804-64-shippable-qr,True,False,,|c|o|l|d| |f|i|s|s|i|o|n| |w|e|b|r|e|n|d|e|r|,102210fe594ee9b33d82058545b1ed14f4c8206e,FirstVisualChange,amazon,True,amazon FirstVisualChange opt cold fission webrender,,6,ms,firefox,,1804044613,2023-12-01 00:39:11,1341051,,,,,,,,,,,,,,,,,,,,,,,,,,,,,,,,,,,,,,,,,,,,,,,,,TN
451,f0af2050e7b01c1d1b2b95693754359cc62706a8,0.14669656718992583,mozilla-beta,3892049,13,6b4487d0c1f6bf5aaf17bec9a643c032ec54975b,linux1804-64-shippable-qr,True,False,,|c|o|l|d| |f|i|s|s|i|o|n| |w|e|b|r|e|n|d|e|r|,102210fe594ee9b33d82058545b1ed14f4c8206e,FirstVisualChange,amazon,True,amazon FirstVisualChange opt cold fission webrender,,6,ms,firefox,,1804050233,2023-12-01 00:47:04,1341055,,,,,,,,,,,,,,,,,,,,,,,,,,,,,,,,,,,,,,,,,,,,,,,,,TN
452,dcc730175085df9656d49fc3ee0e7db73111c6e8,0.09722270139727446,mozilla-beta,3892049,13,6b4487d0c1f6bf5aaf17bec9a643c032ec54975b,linux1804-64-shippable-qr,True,False,,|c|o|l|d| |f|i|s|s|i|o|n| |w|e|b|r|e|n|d|e|r|,102210fe594ee9b33d82058545b1ed14f4c8206e,FirstVisualChange,amazon,True,amazon FirstVisualChange opt cold fission webrender,,6,ms,firefox,,1804268375,2023-12-01 09:17:38,1341197,,,,,,,,,,,,,,,,,,,,,,,,,,,,,,,,,,,,,,,,,,,,,,,,,TN
453,383a7dba37fdf47229b38b1bd3e13d91524826dd,0.07979989649818872,mozilla-beta,3892049,13,6b4487d0c1f6bf5aaf17bec9a643c032ec54975b,linux1804-64-shippable-qr,True,False,,|c|o|l|d| |f|i|s|s|i|o|n| |w|e|b|r|e|n|d|e|r|,102210fe594ee9b33d82058545b1ed14f4c8206e,FirstVisualChange,amazon,True,amazon FirstVisualChange opt cold fission webrender,,6,ms,firefox,,1804504635,2023-12-01 17:19:46,1341530,,,,,,,,,,,,,,,,,,,,,,,,,,,,,,,,,,,,,,,,,,,,,,,,,TN
454,838d79d0dcef3ff65de416651b2599f57334a424,0.08300845264792134,mozilla-beta,3892049,13,6b4487d0c1f6bf5aaf17bec9a643c032ec54975b,linux1804-64-shippable-qr,True,False,,|c|o|l|d| |f|i|s|s|i|o|n| |w|e|b|r|e|n|d|e|r|,102210fe594ee9b33d82058545b1ed14f4c8206e,FirstVisualChange,amazon,True,amazon FirstVisualChange opt cold fission webrender,,6,ms,firefox,,1804535453,2023-12-01 17:50:39,1341548,,,,,,,,,,,,,,,,,,,,,,,,,,,,,,,,,,,,,,,,,,,,,,,,,TN
455,a4b9591b34ba710765e9f09d3d4e58d21f188792,0.09570467483180958,mozilla-beta,3892049,13,6b4487d0c1f6bf5aaf17bec9a643c032ec54975b,linux1804-64-shippable-qr,True,False,,|c|o|l|d| |f|i|s|s|i|o|n| |w|e|b|r|e|n|d|e|r|,102210fe594ee9b33d82058545b1ed14f4c8206e,FirstVisualChange,amazon,True,amazon FirstVisualChange opt cold fission webrender,,6,ms,firefox,,1804651762,2023-12-01 21:01:48,1341681,,,,,,,,,,,,,,,,,,,,,,,,,,,,,,,,,,,,,,,,,,,,,,,,,TN
456,138cd0d7d6566dfa59c44eff260c1bd4d7d3c240,0.08480248404347077,mozilla-beta,3892049,13,6b4487d0c1f6bf5aaf17bec9a643c032ec54975b,linux1804-64-shippable-qr,True,False,,|c|o|l|d| |f|i|s|s|i|o|n| |w|e|b|r|e|n|d|e|r|,102210fe594ee9b33d82058545b1ed14f4c8206e,FirstVisualChange,amazon,True,amazon FirstVisualChange opt cold fission webrender,,6,ms,firefox,,1804875323,2023-12-02 09:21:37,1341841,,,,,,,,,,,,,,,,,,,,,,,,,,,,,,,,,,,,,,,,,,,,,,,,,TN
457,804fcc8f051c181e41f5eee888e30a5ca7752f0d,0.10543384509228912,mozilla-beta,3892049,13,6b4487d0c1f6bf5aaf17bec9a643c032ec54975b,linux1804-64-shippable-qr,True,False,,|c|o|l|d| |f|i|s|s|i|o|n| |w|e|b|r|e|n|d|e|r|,102210fe594ee9b33d82058545b1ed14f4c8206e,FirstVisualChange,amazon,True,amazon FirstVisualChange opt cold fission webrender,,6,ms,firefox,,1804963685,2023-12-02 15:29:47,1341864,,,,,,,,,,,,,,,,,,,,,,,,,,,,,,,,,,,,,,,,,,,,,,,,,TN
458,f0c0cb9e9377b5529e313d5919557d03a6feb7a5,0.09729170260479558,mozilla-beta,3892049,13,6b4487d0c1f6bf5aaf17bec9a643c032ec54975b,linux1804-64-shippable-qr,True,False,,|c|o|l|d| |f|i|s|s|i|o|n| |w|e|b|r|e|n|d|e|r|,102210fe594ee9b33d82058545b1ed14f4c8206e,FirstVisualChange,amazon,True,amazon FirstVisualChange opt cold fission webrender,,6,ms,firefox,,1804978329,2023-12-02 15:34:35,1341866,,,,,,,,,,,,,,,,,,,,,,,,,,,,,,,,,,,,,,,,,,,,,,,,,TN
459,4d5fc29c0701152d1ac86db779f2f737b8bef95c,0.08466448162842852,mozilla-beta,3892049,13,6b4487d0c1f6bf5aaf17bec9a643c032ec54975b,linux1804-64-shippable-qr,True,False,,|c|o|l|d| |f|i|s|s|i|o|n| |w|e|b|r|e|n|d|e|r|,102210fe594ee9b33d82058545b1ed14f4c8206e,FirstVisualChange,amazon,True,amazon FirstVisualChange opt cold fission webrender,,6,ms,firefox,,1805169052,2023-12-03 09:17:20,1341957,,,,,,,,,,,,,,,,,,,,,,,,,,,,,,,,,,,,,,,,,,,,,,,,,TN
460,8833c90233aa15657607f5823c7f2f0a9e9acba5,0.09442815249266862,mozilla-beta,3892049,13,6b4487d0c1f6bf5aaf17bec9a643c032ec54975b,linux1804-64-shippable-qr,True,False,,|c|o|l|d| |f|i|s|s|i|o|n| |w|e|b|r|e|n|d|e|r|,102210fe594ee9b33d82058545b1ed14f4c8206e,FirstVisualChange,amazon,True,amazon FirstVisualChange opt cold fission webrender,,6,ms,firefox,,1805312410,2023-12-03 18:26:48,1342035,,,,,,,,,,,,,,,,,,,,,,,,,,,,,,,,,,,,,,,,,,,,,,,,,TN
461,aea0bf951d563e36e9e968d12062d8a38a88d3d9,0.12627220976367085,mozilla-beta,3892049,13,6b4487d0c1f6bf5aaf17bec9a643c032ec54975b,linux1804-64-shippable-qr,True,False,,|c|o|l|d| |f|i|s|s|i|o|n| |w|e|b|r|e|n|d|e|r|,102210fe594ee9b33d82058545b1ed14f4c8206e,FirstVisualChange,amazon,True,amazon FirstVisualChange opt cold fission webrender,,6,ms,firefox,,1805332192,2023-12-03 18:27:35,1342036,,,,,,,,,,,,,,,,,,,,,,,,,,,,,,,,,,,,,,,,,,,,,,,,,TN
462,c8d8e41a083bbad80659ee42b25afe1f9a01fa80,0.08183543212006211,mozilla-beta,3892049,13,6b4487d0c1f6bf5aaf17bec9a643c032ec54975b,linux1804-64-shippable-qr,True,False,,|c|o|l|d| |f|i|s|s|i|o|n| |w|e|b|r|e|n|d|e|r|,102210fe594ee9b33d82058545b1ed14f4c8206e,FirstVisualChange,amazon,True,amazon FirstVisualChange opt cold fission webrender,,6,ms,firefox,,1805348924,2023-12-03 18:40:01,1342038,,,,,,,,,,,,,,,,,,,,,,,,,,,,,,,,,,,,,,,,,,,,,,,,,TN
463,f9258827fbd87e7abbafd5aaee4f4beb2ca122f7,0.082559944799034,mozilla-beta,3892049,13,6b4487d0c1f6bf5aaf17bec9a643c032ec54975b,linux1804-64-shippable-qr,True,False,,|c|o|l|d| |f|i|s|s|i|o|n| |w|e|b|r|e|n|d|e|r|,102210fe594ee9b33d82058545b1ed14f4c8206e,FirstVisualChange,amazon,True,amazon FirstVisualChange opt cold fission webrender,,6,ms,firefox,,1805357550,2023-12-03 18:57:23,1342040,,,,,,,,,,,,,,,,,,,,,,,,,,,,,,,,,,,,,,,,,,,,,,,,,TN
464,c8602eedb54af9596786fffadd7e6362d241c4ee,0.09173710539934452,mozilla-beta,3892049,13,6b4487d0c1f6bf5aaf17bec9a643c032ec54975b,linux1804-64-shippable-qr,True,False,,|c|o|l|d| |f|i|s|s|i|o|n| |w|e|b|r|e|n|d|e|r|,102210fe594ee9b33d82058545b1ed14f4c8206e,FirstVisualChange,amazon,True,amazon FirstVisualChange opt cold fission webrender,,6,ms,firefox,,1805612797,2023-12-04 09:21:59,1342185,,,,,,,,,,,,,,,,,,,,,,,,,,,,,,,,,,,,,,,,,,,,,,,,,TN
465,843493d0e456170ac7bc6844fb9ef91b4d02e5e9,0.09153010177678111,mozilla-beta,3892049,13,6b4487d0c1f6bf5aaf17bec9a643c032ec54975b,linux1804-64-shippable-qr,True,False,,|c|o|l|d| |f|i|s|s|i|o|n| |w|e|b|r|e|n|d|e|r|,102210fe594ee9b33d82058545b1ed14f4c8206e,FirstVisualChange,amazon,True,amazon FirstVisualChange opt cold fission webrender,,6,ms,firefox,,1805989675,2023-12-04 20:17:46,1342642,,,,,,,,,,,,,,,,,,,,,,,,,,,,,,,,,,,,,,,,,,,,,,,,,TN
466,0fdd8c90220fed2b73becbf0d813ffa9eb3c7f23,0.13130929791271348,mozilla-beta,3892049,13,6b4487d0c1f6bf5aaf17bec9a643c032ec54975b,linux1804-64-shippable-qr,True,False,,|c|o|l|d| |f|i|s|s|i|o|n| |w|e|b|r|e|n|d|e|r|,102210fe594ee9b33d82058545b1ed14f4c8206e,FirstVisualChange,amazon,True,amazon FirstVisualChange opt cold fission webrender,,6,ms,firefox,,1806007126,2023-12-04 20:26:14,1342655,,,,,,,,,,,,,,,,,,,,,,,,,,,,,,,,,,,,,,,,,,,,,,,,,TN
467,7db3ae9df06c21bc1dc107b2d9e0b5ce5f18eb27,0.07986889770570985,mozilla-beta,3892049,13,6b4487d0c1f6bf5aaf17bec9a643c032ec54975b,linux1804-64-shippable-qr,True,False,,|c|o|l|d| |f|i|s|s|i|o|n| |w|e|b|r|e|n|d|e|r|,102210fe594ee9b33d82058545b1ed14f4c8206e,FirstVisualChange,amazon,True,amazon FirstVisualChange opt cold fission webrender,,6,ms,firefox,,1805959970,2023-12-04 20:40:00,1342665,,,,,,,,,,,,,,,,,,,,,,,,,,,,,,,,,,,,,,,,,,,,,,,,,TN
468,79cedc5de788e8665170f4145cd8e2ac74552c2d,0.09266862170087975,mozilla-beta,3892049,13,6b4487d0c1f6bf5aaf17bec9a643c032ec54975b,linux1804-64-shippable-qr,True,False,,|c|o|l|d| |f|i|s|s|i|o|n| |w|e|b|r|e|n|d|e|r|,102210fe594ee9b33d82058545b1ed14f4c8206e,FirstVisualChange,amazon,True,amazon FirstVisualChange opt cold fission webrender,,6,ms,firefox,,1806072370,2023-12-04 20:44:16,1342666,,,,,,,,,,,,,,,,,,,,,,,,,,,,,,,,,,,,,,,,,,,,,,,,,TN
469,32290dab6b678439d5a9346514c6c0efd6b866cb,0.08942556494738657,mozilla-beta,3892049,13,6b4487d0c1f6bf5aaf17bec9a643c032ec54975b,linux1804-64-shippable-qr,True,False,,|c|o|l|d| |f|i|s|s|i|o|n| |w|e|b|r|e|n|d|e|r|,102210fe594ee9b33d82058545b1ed14f4c8206e,FirstVisualChange,amazon,True,amazon FirstVisualChange opt cold fission webrender,,6,ms,firefox,,1806084772,2023-12-04 22:24:42,1342759,,,,,,,,,,,,,,,,,,,,,,,,,,,,,,,,,,,,,,,,,,,,,,,,,TN
470,7ffa218447b7cea3e8dc9de65ef8ac8fdb9760ec,0.07955839227186476,mozilla-beta,3892049,13,6b4487d0c1f6bf5aaf17bec9a643c032ec54975b,linux1804-64-shippable-qr,True,False,,|c|o|l|d| |f|i|s|s|i|o|n| |w|e|b|r|e|n|d|e|r|,102210fe594ee9b33d82058545b1ed14f4c8206e,FirstVisualChange,amazon,True,amazon FirstVisualChange opt cold fission webrender,,6,ms,firefox,,1806341222,2023-12-05 09:19:15,1342979,,,,,,,,,,,,,,,,,,,,,,,,,,,,,,,,,,,,,,,,,,,,,,,,,TN
471,8efc47a15d03b85e09c24116074a3bfa31478ee7,0.09080558909780923,mozilla-beta,3892049,13,6b4487d0c1f6bf5aaf17bec9a643c032ec54975b,linux1804-64-shippable-qr,True,False,,|c|o|l|d| |f|i|s|s|i|o|n| |w|e|b|r|e|n|d|e|r|,102210fe594ee9b33d82058545b1ed14f4c8206e,FirstVisualChange,amazon,True,amazon FirstVisualChange opt cold fission webrender,,6,ms,firefox,,1806540386,2023-12-05 17:04:28,1343225,,,,,,,,,,,,,,,,,,,,,,,,,,,,,,,,,,,,,,,,,,,,,,,,,TN
472,65a56f16214376ccf707703cb731546d83e80909,0.09415214766258412,mozilla-beta,3892049,13,6b4487d0c1f6bf5aaf17bec9a643c032ec54975b,linux1804-64-shippable-qr,True,False,,|c|o|l|d| |f|i|s|s|i|o|n| |w|e|b|r|e|n|d|e|r|,102210fe594ee9b33d82058545b1ed14f4c8206e,FirstVisualChange,amazon,True,amazon FirstVisualChange opt cold fission webrender,,6,ms,firefox,,1806549396,2023-12-05 17:06:05,1343227,,,,,,,,,,,,,,,,,,,,,,,,,,,,,,,,,,,,,,,,,,,,,,,,,TN
473,8202a7fccea2848a528130713fb7554afe47451c,0.08866655166465412,mozilla-beta,3892049,13,6b4487d0c1f6bf5aaf17bec9a643c032ec54975b,linux1804-64-shippable-qr,True,False,,|c|o|l|d| |f|i|s|s|i|o|n| |w|e|b|r|e|n|d|e|r|,102210fe594ee9b33d82058545b1ed14f4c8206e,FirstVisualChange,amazon,True,amazon FirstVisualChange opt cold fission webrender,,6,ms,firefox,,1806597027,2023-12-05 17:26:05,1343245,,,,,,,,,,,,,,,,,,,,,,,,,,,,,,,,,,,,,,,,,,,,,,,,,TN
474,ca3cddabbfe345abca9f97a2b17965a32ff7ae0c,0.08338795928928758,mozilla-beta,3892049,13,6b4487d0c1f6bf5aaf17bec9a643c032ec54975b,linux1804-64-shippable-qr,True,False,,|c|o|l|d| |f|i|s|s|i|o|n| |w|e|b|r|e|n|d|e|r|,102210fe594ee9b33d82058545b1ed14f4c8206e,FirstVisualChange,amazon,True,amazon FirstVisualChange opt cold fission webrender,,6,ms,firefox,,1806638789,2023-12-05 18:50:17,1343323,,,,,,,,,,,,,,,,,,,,,,,,,,,,,,,,,,,,,,,,,,,,,,,,,TN
475,3388eeb5680071dadb101541f663a6400ef7226c,0.08224943936518891,mozilla-beta,3892049,13,6b4487d0c1f6bf5aaf17bec9a643c032ec54975b,linux1804-64-shippable-qr,True,False,,|c|o|l|d| |f|i|s|s|i|o|n| |w|e|b|r|e|n|d|e|r|,102210fe594ee9b33d82058545b1ed14f4c8206e,FirstVisualChange,amazon,True,amazon FirstVisualChange opt cold fission webrender,,6,ms,firefox,,1806751988,2023-12-05 21:13:36,1343425,,,,,,,,,,,,,,,,,,,,,,,,,,,,,,,,,,,,,,,,,,,,,,,,,TN
476,522d7c9bba9aa012d7f9a119fdb716b9aed38d13,0.09239261687079525,mozilla-beta,3892049,13,6b4487d0c1f6bf5aaf17bec9a643c032ec54975b,linux1804-64-shippable-qr,True,False,,|c|o|l|d| |f|i|s|s|i|o|n| |w|e|b|r|e|n|d|e|r|,102210fe594ee9b33d82058545b1ed14f4c8206e,FirstVisualChange,amazon,True,amazon FirstVisualChange opt cold fission webrender,,6,ms,firefox,,1806845610,2023-12-05 22:10:23,1343461,,,,,,,,,,,,,,,,,,,,,,,,,,,,,,,,,,,,,,,,,,,,,,,,,TN
477,3343ddaf516b0a250a42f9247d2ffc693d2dddd3,0.09173710539934452,mozilla-beta,3892049,13,6b4487d0c1f6bf5aaf17bec9a643c032ec54975b,linux1804-64-shippable-qr,True,False,,|c|o|l|d| |f|i|s|s|i|o|n| |w|e|b|r|e|n|d|e|r|,102210fe594ee9b33d82058545b1ed14f4c8206e,FirstVisualChange,amazon,True,amazon FirstVisualChange opt cold fission webrender,,6,ms,firefox,,1807018701,2023-12-06 09:17:31,1343658,,,,,,,,,,,,,,,,,,,,,,,,,,,,,,,,,,,,,,,,,,,,,,,,,TN
478,c50cc8f9601c19cdd6660c7129586943e15efd3f,0.07631533551837158,mozilla-beta,3892049,13,6b4487d0c1f6bf5aaf17bec9a643c032ec54975b,linux1804-64-shippable-qr,True,False,,|c|o|l|d| |f|i|s|s|i|o|n| |w|e|b|r|e|n|d|e|r|,102210fe594ee9b33d82058545b1ed14f4c8206e,FirstVisualChange,amazon,True,amazon FirstVisualChange opt cold fission webrender,,6,ms,firefox,,1807263513,2023-12-06 18:02:06,1343974,,,,,,,,,,,,,,,,,,,,,,,,,,,,,,,,,,,,,,,,,,,,,,,,,TN
479,8071f36fd32538652a1d6970fd9c73eda69f9de9,0.08666551664654132,mozilla-beta,3892049,13,6b4487d0c1f6bf5aaf17bec9a643c032ec54975b,linux1804-64-shippable-qr,True,False,,|c|o|l|d| |f|i|s|s|i|o|n| |w|e|b|r|e|n|d|e|r|,102210fe594ee9b33d82058545b1ed14f4c8206e,FirstVisualChange,amazon,True,amazon FirstVisualChange opt cold fission webrender,,6,ms,firefox,,1807298293,2023-12-06 18:11:10,1343984,,,,,,,,,,,,,,,,,,,,,,,,,,,,,,,,,,,,,,,,,,,,,,,,,TN
480,d71b34b14199c3c83d7b9ccde852c75f230fd5fa,0.08321545627048474,mozilla-beta,3892049,13,6b4487d0c1f6bf5aaf17bec9a643c032ec54975b,linux1804-64-shippable-qr,True,False,,|c|o|l|d| |f|i|s|s|i|o|n| |w|e|b|r|e|n|d|e|r|,102210fe594ee9b33d82058545b1ed14f4c8206e,FirstVisualChange,amazon,True,amazon FirstVisualChange opt cold fission webrender,,6,ms,firefox,,1807419057,2023-12-06 22:31:31,1344171,,,,,,,,,,,,,,,,,,,,,,,,,,,,,,,,,,,,,,,,,,,,,,,,,TN
481,4b4492de7d4c01197e22f5398ea02198276131c4,0.11354148697602207,mozilla-beta,3892049,13,6b4487d0c1f6bf5aaf17bec9a643c032ec54975b,linux1804-64-shippable-qr,True,False,,|c|o|l|d| |f|i|s|s|i|o|n| |w|e|b|r|e|n|d|e|r|,102210fe594ee9b33d82058545b1ed14f4c8206e,FirstVisualChange,amazon,True,amazon FirstVisualChange opt cold fission webrender,,6,ms,firefox,,1807477806,2023-12-07 01:23:09,1344248,,,,,,,,,,,,,,,,,,,,,,,,,,,,,,,,,,,,,,,,,,,,,,,,,TN
482,9a9c77f076c860d86d4d9a9a9a8e225a62120892,0.07969639468690701,mozilla-beta,3892049,13,6b4487d0c1f6bf5aaf17bec9a643c032ec54975b,linux1804-64-shippable-qr,True,False,,|c|o|l|d| |f|i|s|s|i|o|n| |w|e|b|r|e|n|d|e|r|,102210fe594ee9b33d82058545b1ed14f4c8206e,FirstVisualChange,amazon,True,amazon FirstVisualChange opt cold fission webrender,,6,ms,firefox,,1807649930,2023-12-07 09:16:02,1344351,,,,,,,,,,,,,,,,,,,,,,,,,,,,,,,,,,,,,,,,,,,,,,,,,TN
483,493e6a075f075a9715627441c1b47aab7d11dce0,0.07962739347938591,mozilla-beta,3892049,13,6b4487d0c1f6bf5aaf17bec9a643c032ec54975b,linux1804-64-shippable-qr,True,False,,|c|o|l|d| |f|i|s|s|i|o|n| |w|e|b|r|e|n|d|e|r|,102210fe594ee9b33d82058545b1ed14f4c8206e,FirstVisualChange,amazon,True,amazon FirstVisualChange opt cold fission webrender,,6,ms,firefox,,1807828453,2023-12-07 16:19:45,1344598,,,,,,,,,,,,,,,,,,,,,,,,,,,,,,,,,,,,,,,,,,,,,,,,,TN
484,fb0fcda9a042c99c06319d8fe93d73d721eda5f5,0.0877005347593583,mozilla-beta,3892049,13,6b4487d0c1f6bf5aaf17bec9a643c032ec54975b,linux1804-64-shippable-qr,True,False,,|c|o|l|d| |f|i|s|s|i|o|n| |w|e|b|r|e|n|d|e|r|,102210fe594ee9b33d82058545b1ed14f4c8206e,FirstVisualChange,amazon,True,amazon FirstVisualChange opt cold fission webrender,,6,ms,firefox,,1807915883,2023-12-07 17:47:37,1344666,,,,,,,,,,,,,,,,,,,,,,,,,,,,,,,,,,,,,,,,,,,,,,,,,TN
485,51a56df86ac2d6bb944e334c6343b2345073e15e,0.09287562532344315,mozilla-beta,3892049,13,6b4487d0c1f6bf5aaf17bec9a643c032ec54975b,linux1804-64-shippable-qr,True,False,,|c|o|l|d| |f|i|s|s|i|o|n| |w|e|b|r|e|n|d|e|r|,102210fe594ee9b33d82058545b1ed14f4c8206e,FirstVisualChange,amazon,True,amazon FirstVisualChange opt cold fission webrender,,6,ms,firefox,,1807935257,2023-12-07 17:53:52,1344668,,,,,,,,,,,,,,,,,,,,,,,,,,,,,,,,,,,,,,,,,,,,,,,,,TN
486,889c2b945041a3cdfba4f89a49812c637bb8cbe9,0.07752285664999137,mozilla-beta,3892049,13,6b4487d0c1f6bf5aaf17bec9a643c032ec54975b,linux1804-64-shippable-qr,True,False,,|c|o|l|d| |f|i|s|s|i|o|n| |w|e|b|r|e|n|d|e|r|,102210fe594ee9b33d82058545b1ed14f4c8206e,FirstVisualChange,amazon,True,amazon FirstVisualChange opt cold fission webrender,,6,ms,firefox,,1808021853,2023-12-07 19:14:40,1344721,,,,,,,,,,,,,,,,,,,,,,,,,,,,,,,,,,,,,,,,,,,,,,,,,TN
487,c6f495f8acbd581a02831e19545cf10e64f9b203,0.09570467483180958,mozilla-beta,3892049,13,6b4487d0c1f6bf5aaf17bec9a643c032ec54975b,linux1804-64-shippable-qr,True,False,,|c|o|l|d| |f|i|s|s|i|o|n| |w|e|b|r|e|n|d|e|r|,102210fe594ee9b33d82058545b1ed14f4c8206e,FirstVisualChange,amazon,True,amazon FirstVisualChange opt cold fission webrender,,6,ms,firefox,,1808162651,2023-12-08 00:59:51,1344893,,,,,,,,,,,,,,,,,,,,,,,,,,,,,,,,,,,,,,,,,,,,,,,,,TN
488,fdb26a484d45cd102b37dbfcdbb7ebac7e84e9bb,0.0755563222356391,mozilla-beta,3892049,13,6b4487d0c1f6bf5aaf17bec9a643c032ec54975b,linux1804-64-shippable-qr,True,False,,|c|o|l|d| |f|i|s|s|i|o|n| |w|e|b|r|e|n|d|e|r|,102210fe594ee9b33d82058545b1ed14f4c8206e,FirstVisualChange,amazon,True,amazon FirstVisualChange opt cold fission webrender,,6,ms,firefox,,1808263950,2023-12-08 02:53:28,1344920,,,,,,,,,,,,,,,,,,,,,,,,,,,,,,,,,,,,,,,,,,,,,,,,,TN
489,f86cb690ce3d2d4b7cdda07cc40be83b3ca1cb21,0.08293945144040021,mozilla-beta,3892049,13,6b4487d0c1f6bf5aaf17bec9a643c032ec54975b,linux1804-64-shippable-qr,True,False,,|c|o|l|d| |f|i|s|s|i|o|n| |w|e|b|r|e|n|d|e|r|,102210fe594ee9b33d82058545b1ed14f4c8206e,FirstVisualChange,amazon,True,amazon FirstVisualChange opt cold fission webrender,,6,ms,firefox,,1808280435,2023-12-08 02:54:11,1344921,,,,,,,,,,,,,,,,,,,,,,,,,,,,,,,,,,,,,,,,,,,,,,,,,TN
490,53dff28f7a8dacddf8920b47dc2e164827ee389f,0.09239261687079525,mozilla-beta,3892049,13,6b4487d0c1f6bf5aaf17bec9a643c032ec54975b,linux1804-64-shippable-qr,True,False,,|c|o|l|d| |f|i|s|s|i|o|n| |w|e|b|r|e|n|d|e|r|,102210fe594ee9b33d82058545b1ed14f4c8206e,FirstVisualChange,amazon,True,amazon FirstVisualChange opt cold fission webrender,,6,ms,firefox,,1808293939,2023-12-08 03:24:16,1344933,,,,,,,,,,,,,,,,,,,,,,,,,,,,,,,,,,,,,,,,,,,,,,,,,TN
491,8fb6d84ab2c8e1fc73fb741955546550fed32953,0.06948421597377957,mozilla-beta,3892049,13,6b4487d0c1f6bf5aaf17bec9a643c032ec54975b,linux1804-64-shippable-qr,True,False,,|c|o|l|d| |f|i|s|s|i|o|n| |w|e|b|r|e|n|d|e|r|,102210fe594ee9b33d82058545b1ed14f4c8206e,FirstVisualChange,amazon,True,amazon FirstVisualChange opt cold fission webrender,,6,ms,firefox,,1808366532,2023-12-08 05:24:13,1344960,,,,,,,,,,,,,,,,,,,,,,,,,,,,,,,,,,,,,,,,,,,,,,,,,TN
492,33d20ee6d74a51f9a1eca8570f5f2d94af9609a0,0.08111091944109022,mozilla-beta,3892049,13,6b4487d0c1f6bf5aaf17bec9a643c032ec54975b,linux1804-64-shippable-qr,True,False,,|c|o|l|d| |f|i|s|s|i|o|n| |w|e|b|r|e|n|d|e|r|,102210fe594ee9b33d82058545b1ed14f4c8206e,FirstVisualChange,amazon,True,amazon FirstVisualChange opt cold fission webrender,,6,ms,firefox,,1808539243,2023-12-08 09:18:59,1345062,,,,,,,,,,,,,,,,,,,,,,,,,,,,,,,,,,,,,,,,,,,,,,,,,TN
493,44539b631fb141b44e44e05dfabd57eb0e0409e7,0.09542867000172503,mozilla-beta,3892049,13,6b4487d0c1f6bf5aaf17bec9a643c032ec54975b,linux1804-64-shippable-qr,True,False,,|c|o|l|d| |f|i|s|s|i|o|n| |w|e|b|r|e|n|d|e|r|,102210fe594ee9b33d82058545b1ed14f4c8206e,FirstVisualChange,amazon,True,amazon FirstVisualChange opt cold fission webrender,,6,ms,firefox,,1808915573,2023-12-08 21:11:28,1345379,,,,,,,,,,,,,,,,,,,,,,,,,,,,,,,,,,,,,,,,,,,,,,,,,TN
494,0d0badd455a091e8a612c6d928c5bd21d9f1eb37,0.07572882525444194,mozilla-beta,3892049,13,6b4487d0c1f6bf5aaf17bec9a643c032ec54975b,linux1804-64-shippable-qr,True,False,,|c|o|l|d| |f|i|s|s|i|o|n| |w|e|b|r|e|n|d|e|r|,102210fe594ee9b33d82058545b1ed14f4c8206e,FirstVisualChange,amazon,True,amazon FirstVisualChange opt cold fission webrender,,6,ms,firefox,,1809137734,2023-12-09 09:16:34,1345556,,,,,,,,,,,,,,,,,,,,,,,,,,,,,,,,,,,,,,,,,,,,,,,,,TN
495,6a9e312a931647090c6a0b9ec475aff210820f37,0.08980507158875281,mozilla-beta,3892049,13,6b4487d0c1f6bf5aaf17bec9a643c032ec54975b,linux1804-64-shippable-qr,True,False,,|c|o|l|d| |f|i|s|s|i|o|n| |w|e|b|r|e|n|d|e|r|,102210fe594ee9b33d82058545b1ed14f4c8206e,FirstVisualChange,amazon,True,amazon FirstVisualChange opt cold fission webrender,,6,ms,firefox,,1809318907,2023-12-09 20:09:11,1345633,,,,,,,,,,,,,,,,,,,,,,,,,,,,,,,,,,,,,,,,,,,,,,,,,TN
496,3ddf53b5057afd7be06db2f104f6fafe714a95be,0.08321545627048474,mozilla-beta,3892049,13,6b4487d0c1f6bf5aaf17bec9a643c032ec54975b,linux1804-64-shippable-qr,True,False,,|c|o|l|d| |f|i|s|s|i|o|n| |w|e|b|r|e|n|d|e|r|,102210fe594ee9b33d82058545b1ed14f4c8206e,FirstVisualChange,amazon,True,amazon FirstVisualChange opt cold fission webrender,,6,ms,firefox,,1809402293,2023-12-10 09:18:35,1345666,,,,,,,,,,,,,,,,,,,,,,,,,,,,,,,,,,,,,,,,,,,,,,,,,TN
497,bd5ca949886cdde37c181fccd3ec8070be726249,0.0779368638951182,mozilla-beta,3892049,13,6b4487d0c1f6bf5aaf17bec9a643c032ec54975b,linux1804-64-shippable-qr,True,False,,|c|o|l|d| |f|i|s|s|i|o|n| |w|e|b|r|e|n|d|e|r|,102210fe594ee9b33d82058545b1ed14f4c8206e,FirstVisualChange,amazon,True,amazon FirstVisualChange opt cold fission webrender,,6,ms,firefox,,1809599336,2023-12-11 09:17:58,1345869,,,,,,,,,,,,,,,,,,,,,,,,,,,,,,,,,,,,,,,,,,,,,,,,,TN
498,ab6d9d1dae754aeedf99fe61fe143ffc088b5801,0.07710884940486457,mozilla-beta,3892049,13,6b4487d0c1f6bf5aaf17bec9a643c032ec54975b,linux1804-64-shippable-qr,True,False,,|c|o|l|d| |f|i|s|s|i|o|n| |w|e|b|r|e|n|d|e|r|,102210fe594ee9b33d82058545b1ed14f4c8206e,FirstVisualChange,amazon,True,amazon FirstVisualChange opt cold fission webrender,,6,ms,firefox,,1809738359,2023-12-11 13:31:00,1346038,,,,,,,,,,,,,,,,,,,,,,,,,,,,,,,,,,,,,,,,,,,,,,,,,TN
499,1f258ddd281c5658ba33f08cd8d4d738a82ba133,0.07276177333103331,mozilla-beta,3892049,13,6b4487d0c1f6bf5aaf17bec9a643c032ec54975b,linux1804-64-shippable-qr,True,False,,|c|o|l|d| |f|i|s|s|i|o|n| |w|e|b|r|e|n|d|e|r|,102210fe594ee9b33d82058545b1ed14f4c8206e,FirstVisualChange,amazon,True,amazon FirstVisualChange opt cold fission webrender,,6,ms,firefox,,1813805139,2023-12-18 15:32:01,1350241,,,,,,,,,,,,,,,,,,,,,,,,,,,,,,,,,,,,,,,,,,,,,,,,,TN
500,0152bfc35103b64cec60d0bd86912c290c913997,0.08173193030878043,mozilla-beta,3892049,13,6b4487d0c1f6bf5aaf17bec9a643c032ec54975b,linux1804-64-shippable-qr,True,False,,|c|o|l|d| |f|i|s|s|i|o|n| |w|e|b|r|e|n|d|e|r|,102210fe594ee9b33d82058545b1ed14f4c8206e,FirstVisualChange,amazon,True,amazon FirstVisualChange opt cold fission webrender,,6,ms,firefox,,1814241783,2023-12-19 09:15:36,1350796,,,,,,,,,,,,,,,,,,,,,,,,,,,,,,,,,,,,,,,,,,,,,,,,,TN
501,f3221cd6b4cb549c114cd0f89b5b931761fd2d2f,0.08383646713817491,mozilla-beta,3892049,13,6b4487d0c1f6bf5aaf17bec9a643c032ec54975b,linux1804-64-shippable-qr,True,False,,|c|o|l|d| |f|i|s|s|i|o|n| |w|e|b|r|e|n|d|e|r|,102210fe594ee9b33d82058545b1ed14f4c8206e,FirstVisualChange,amazon,True,amazon FirstVisualChange opt cold fission webrender,,6,ms,firefox,,1814441809,2023-12-19 14:05:23,1350931,,,,,,,,,,,,,,,,,,,,,,,,,,,,,,,,,,,,,,,,,,,,,,,,,TN
502,48d2052b377a35b0f40e52b8efad5e0ea10e0ebe,0.07241676729342766,mozilla-beta,3892049,13,6b4487d0c1f6bf5aaf17bec9a643c032ec54975b,linux1804-64-shippable-qr,True,False,,|c|o|l|d| |f|i|s|s|i|o|n| |w|e|b|r|e|n|d|e|r|,102210fe594ee9b33d82058545b1ed14f4c8206e,FirstVisualChange,amazon,True,amazon FirstVisualChange opt cold fission webrender,,6,ms,firefox,,1814579913,2023-12-19 17:44:05,1351107,,,,,,,,,,,,,,,,,,,,,,,,,,,,,,,,,,,,,,,,,,,,,,,,,TN
503,2804a1edd2e2b165a9d83b4c7956d9257fcd9173,0.0565119889598068,mozilla-beta,3892049,13,6b4487d0c1f6bf5aaf17bec9a643c032ec54975b,linux1804-64-shippable-qr,True,False,,|c|o|l|d| |f|i|s|s|i|o|n| |w|e|b|r|e|n|d|e|r|,102210fe594ee9b33d82058545b1ed14f4c8206e,FirstVisualChange,amazon,True,amazon FirstVisualChange opt cold fission webrender,,6,ms,firefox,,1814645105,2023-12-19 20:10:25,1351235,,,,,,,,,,,,,,,,,,,,,,,,,,,,,,,,,,,,,,,,,,,,,,,,,TN
504,b7ece1e33b35ebd16a925d6ecc739c3ad77dd1f4,0.11688804554079699,mozilla-beta,3892049,13,6b4487d0c1f6bf5aaf17bec9a643c032ec54975b,linux1804-64-shippable-qr,True,False,,|c|o|l|d| |f|i|s|s|i|o|n| |w|e|b|r|e|n|d|e|r|,102210fe594ee9b33d82058545b1ed14f4c8206e,FirstVisualChange,amazon,True,amazon FirstVisualChange opt cold fission webrender,,6,ms,firefox,,1814710479,2023-12-19 22:08:30,1351304,,,,,,,,,,,,,,,,,,,,,,,,,,,,,,,,,,,,,,,,,,,,,,,,,TN
505,38d6648efdab35f24c45e4cace5abbbced639cac,0.07303777816111781,mozilla-beta,3892049,13,6b4487d0c1f6bf5aaf17bec9a643c032ec54975b,linux1804-64-shippable-qr,True,False,,|c|o|l|d| |f|i|s|s|i|o|n| |w|e|b|r|e|n|d|e|r|,102210fe594ee9b33d82058545b1ed14f4c8206e,FirstVisualChange,amazon,True,amazon FirstVisualChange opt cold fission webrender,,6,ms,firefox,,1814752363,2023-12-19 23:29:52,1351361,,,,,,,,,,,,,,,,,,,,,,,,,,,,,,,,,,,,,,,,,,,,,,,,,TN
506,801d50e1262aeaa95f7cefd05aa6f1b1f38a2839,0.0684491978609626,mozilla-beta,3892049,13,6b4487d0c1f6bf5aaf17bec9a643c032ec54975b,linux1804-64-shippable-qr,True,False,,|c|o|l|d| |f|i|s|s|i|o|n| |w|e|b|r|e|n|d|e|r|,102210fe594ee9b33d82058545b1ed14f4c8206e,FirstVisualChange,amazon,True,amazon FirstVisualChange opt cold fission webrender,,6,ms,firefox,,1814799213,2023-12-20 00:43:23,1351404,,,,,,,,,,,,,,,,,,,,,,,,,,,,,,,,,,,,,,,,,,,,,,,,,TN
507,b59f4253f067b27b8146f50070dab45b1ae1143d,0.08011040193203381,mozilla-beta,3892049,13,6b4487d0c1f6bf5aaf17bec9a643c032ec54975b,linux1804-64-shippable-qr,True,False,,|c|o|l|d| |f|i|s|s|i|o|n| |w|e|b|r|e|n|d|e|r|,102210fe594ee9b33d82058545b1ed14f4c8206e,FirstVisualChange,amazon,True,amazon FirstVisualChange opt cold fission webrender,,6,ms,firefox,,1815064166,2023-12-20 09:15:47,1351516,,,,,,,,,,,,,,,,,,,,,,,,,,,,,,,,,,,,,,,,,,,,,,,,,TN
508,d232be861a328e78800a0cf688cb1e0fc4b6d7b1,0.07369328963256858,mozilla-beta,3892049,13,6b4487d0c1f6bf5aaf17bec9a643c032ec54975b,linux1804-64-shippable-qr,True,False,,|c|o|l|d| |f|i|s|s|i|o|n| |w|e|b|r|e|n|d|e|r|,102210fe594ee9b33d82058545b1ed14f4c8206e,FirstVisualChange,amazon,True,amazon FirstVisualChange opt cold fission webrender,,6,ms,firefox,,1815353165,2023-12-20 18:29:59,1351847,,,,,,,,,,,,,,,,,,,,,,,,,,,,,,,,,,,,,,,,,,,,,,,,,TN
509,e22171c631916516af9850a4517e112b47e1ee4d,0.08414697257202003,mozilla-beta,3892049,13,6b4487d0c1f6bf5aaf17bec9a643c032ec54975b,linux1804-64-shippable-qr,True,False,,|c|o|l|d| |f|i|s|s|i|o|n| |w|e|b|r|e|n|d|e|r|,102210fe594ee9b33d82058545b1ed14f4c8206e,FirstVisualChange,amazon,True,amazon FirstVisualChange opt cold fission webrender,,6,ms,firefox,,1815702103,2023-12-21 09:13:55,1352196,,,,,,,,,,,,,,,,,,,,,,,,,,,,,,,,,,,,,,,,,,,,,,,,,TN
510,166a76402d36808fc0d3213ae9b04c79a022ecb2,0.07848887355528722,mozilla-beta,3892049,13,6b4487d0c1f6bf5aaf17bec9a643c032ec54975b,linux1804-64-shippable-qr,True,False,,|c|o|l|d| |f|i|s|s|i|o|n| |w|e|b|r|e|n|d|e|r|,102210fe594ee9b33d82058545b1ed14f4c8206e,FirstVisualChange,amazon,True,amazon FirstVisualChange opt cold fission webrender,,6,ms,firefox,,1815897632,2023-12-21 14:05:30,1352334,,,,,,,,,,,,,,,,,,,,,,,,,,,,,,,,,,,,,,,,,,,,,,,,,TN
511,92e67500ede8a4679cee7310bd6f47e6a8864f7f,0.10812489218561327,mozilla-beta,3892049,13,6b4487d0c1f6bf5aaf17bec9a643c032ec54975b,linux1804-64-shippable-qr,True,False,,|c|o|l|d| |f|i|s|s|i|o|n| |w|e|b|r|e|n|d|e|r|,102210fe594ee9b33d82058545b1ed14f4c8206e,FirstVisualChange,amazon,True,amazon FirstVisualChange opt cold fission webrender,,6,ms,firefox,,1815932262,2023-12-21 15:57:13,1352385,,,,,,,,,,,,,,,,,,,,,,,,,,,,,,,,,,,,,,,,,,,,,,,,,TN
512,ffa502100fe68672283e4e1fd4b78e07d4a004c4,0.0808349146110057,mozilla-beta,3892049,13,6b4487d0c1f6bf5aaf17bec9a643c032ec54975b,linux1804-64-shippable-qr,True,False,,|c|o|l|d| |f|i|s|s|i|o|n| |w|e|b|r|e|n|d|e|r|,102210fe594ee9b33d82058545b1ed14f4c8206e,FirstVisualChange,amazon,True,amazon FirstVisualChange opt cold fission webrender,,6,ms,firefox,,1816180841,2023-12-22 02:23:11,1352722,,,,,,,,,,,,,,,,,,,,,,,,,,,,,,,,,,,,,,,,,,,,,,,,,TN
513,1c60f9444193c2214d05b990ca8de5f21602c02d,0.08462998102466796,mozilla-beta,3892049,13,6b4487d0c1f6bf5aaf17bec9a643c032ec54975b,linux1804-64-shippable-qr,True,False,,|c|o|l|d| |f|i|s|s|i|o|n| |w|e|b|r|e|n|d|e|r|,102210fe594ee9b33d82058545b1ed14f4c8206e,FirstVisualChange,amazon,True,amazon FirstVisualChange opt cold fission webrender,,6,ms,firefox,,1816260312,2023-12-22 09:19:04,1352815,,,,,,,,,,,,,,,,,,,,,,,,,,,,,,,,,,,,,,,,,,,,,,,,,TN
514,ebe8cd77bd6265537942ecc0fd5929b39a183349,0.07810936691392101,mozilla-beta,3892049,13,6b4487d0c1f6bf5aaf17bec9a643c032ec54975b,linux1804-64-shippable-qr,True,False,,|c|o|l|d| |f|i|s|s|i|o|n| |w|e|b|r|e|n|d|e|r|,102210fe594ee9b33d82058545b1ed14f4c8206e,FirstVisualChange,amazon,True,amazon FirstVisualChange opt cold fission webrender,,6,ms,firefox,,1816688657,2023-12-23 09:18:03,1353219,,,,,,,,,,,,,,,,,,,,,,,,,,,,,,,,,,,,,,,,,,,,,,,,,TN
515,bf3d8bf27ed2607d79aeb394073c1f5f724d486f,0.10653786441262722,mozilla-beta,3892049,13,6b4487d0c1f6bf5aaf17bec9a643c032ec54975b,linux1804-64-shippable-qr,True,False,,|c|o|l|d| |f|i|s|s|i|o|n| |w|e|b|r|e|n|d|e|r|,102210fe594ee9b33d82058545b1ed14f4c8206e,FirstVisualChange,amazon,True,amazon FirstVisualChange opt cold fission webrender,,6,ms,firefox,,1816742360,2023-12-23 13:08:04,1353232,,,,,,,,,,,,,,,,,,,,,,,,,,,,,,,,,,,,,,,,,,,,,,,,,TN
516,3950331ebe49694e7238b420c47f6a01427be159,0.0706572365016388,mozilla-beta,3892049,13,6b4487d0c1f6bf5aaf17bec9a643c032ec54975b,linux1804-64-shippable-qr,True,False,,|c|o|l|d| |f|i|s|s|i|o|n| |w|e|b|r|e|n|d|e|r|,102210fe594ee9b33d82058545b1ed14f4c8206e,FirstVisualChange,amazon,True,amazon FirstVisualChange opt cold fission webrender,,6,ms,firefox,,1816885538,2023-12-24 09:20:14,1353292,,,,,,,,,,,,,,,,,,,,,,,,,,,,,,,,,,,,,,,,,,,,,,,,,TN
517,32cf5092b68da66884e036eed5ee6916662a069d,0.07679834397101948,mozilla-beta,3892049,13,6b4487d0c1f6bf5aaf17bec9a643c032ec54975b,linux1804-64-shippable-qr,True,False,,|c|o|l|d| |f|i|s|s|i|o|n| |w|e|b|r|e|n|d|e|r|,102210fe594ee9b33d82058545b1ed14f4c8206e,FirstVisualChange,amazon,True,amazon FirstVisualChange opt cold fission webrender,,6,ms,firefox,,1816940182,2023-12-24 14:21:21,1353309,,,,,,,,,,,,,,,,,,,,,,,,,,,,,,,,,,,,,,,,,,,,,,,,,TN
518,b746eaca3b44cb1c2649d868cc61b8d32dbcea85,0.08538899430740038,mozilla-beta,3892049,13,6b4487d0c1f6bf5aaf17bec9a643c032ec54975b,linux1804-64-shippable-qr,True,False,,|c|o|l|d| |f|i|s|s|i|o|n| |w|e|b|r|e|n|d|e|r|,102210fe594ee9b33d82058545b1ed14f4c8206e,FirstVisualChange,amazon,True,amazon FirstVisualChange opt cold fission webrender,,6,ms,firefox,,1816976611,2023-12-24 18:08:55,1353316,,,,,,,,,,,,,,,,,,,,,,,,,,,,,,,,,,,,,,,,,,,,,,,,,TN
519,c2d411c2cd6807243bf48a2e91da535433fe96d9,0.06941521476625842,mozilla-beta,3892049,13,6b4487d0c1f6bf5aaf17bec9a643c032ec54975b,linux1804-64-shippable-qr,True,False,,|c|o|l|d| |f|i|s|s|i|o|n| |w|e|b|r|e|n|d|e|r|,102210fe594ee9b33d82058545b1ed14f4c8206e,FirstVisualChange,amazon,True,amazon FirstVisualChange opt cold fission webrender,,6,ms,firefox,,1817116807,2023-12-25 09:20:40,1353352,,,,,,,,,,,,,,,,,,,,,,,,,,,,,,,,,,,,,,,,,,,,,,,,,TN
520,774defdd83b1cc70bc4bfd2d8e8ac399356ba060,0.07593582887700534,mozilla-beta,3892049,13,6b4487d0c1f6bf5aaf17bec9a643c032ec54975b,linux1804-64-shippable-qr,True,False,,|c|o|l|d| |f|i|s|s|i|o|n| |w|e|b|r|e|n|d|e|r|,102210fe594ee9b33d82058545b1ed14f4c8206e,FirstVisualChange,amazon,True,amazon FirstVisualChange opt cold fission webrender,,6,ms,firefox,441405402.0,1817399782,2023-12-26 09:17:04,1353474,,,,,,,,,,,,,,,,,,,,,,,,,,,,,,,,,,,,,,,,,,,,,,,,,TN
521,6a0b69643235fb22627489e7db8f064a3d6eb07a,0.07055373469035708,mozilla-beta,3892049,13,6b4487d0c1f6bf5aaf17bec9a643c032ec54975b,linux1804-64-shippable-qr,True,False,,|c|o|l|d| |f|i|s|s|i|o|n| |w|e|b|r|e|n|d|e|r|,102210fe594ee9b33d82058545b1ed14f4c8206e,FirstVisualChange,amazon,True,amazon FirstVisualChange opt cold fission webrender,,6,ms,firefox,441463248.0,1817618427,2023-12-27 09:15:52,1353610,,,,,,,,,,,,,,,,,,,,,,,,,,,,,,,,,,,,,,,,,,,,,,,,,TN
522,27ca88feead4203bdc5c0f36f4f34268d3605b28,0.08307745385544249,mozilla-beta,3892049,13,6b4487d0c1f6bf5aaf17bec9a643c032ec54975b,linux1804-64-shippable-qr,True,False,,|c|o|l|d| |f|i|s|s|i|o|n| |w|e|b|r|e|n|d|e|r|,102210fe594ee9b33d82058545b1ed14f4c8206e,FirstVisualChange,amazon,True,amazon FirstVisualChange opt cold fission webrender,,6,ms,firefox,441493771.0,1817756247,2023-12-27 15:04:24,1353655,,,,,,,,,,,,,,,,,,,,,,,,,,,,,,,,,,,,,,,,,,,,,,,,,TN
523,6e491630343186350032a55e62c782032d28449e,0.07838537174400553,mozilla-beta,3892049,13,6b4487d0c1f6bf5aaf17bec9a643c032ec54975b,linux1804-64-shippable-qr,True,False,,|c|o|l|d| |f|i|s|s|i|o|n| |w|e|b|r|e|n|d|e|r|,102210fe594ee9b33d82058545b1ed14f4c8206e,FirstVisualChange,amazon,True,amazon FirstVisualChange opt cold fission webrender,,6,ms,firefox,441542813.0,1817966841,2023-12-28 09:18:43,1353829,,,,,,,,,,,,,,,,,,,,,,,,,,,,,,,,,,,,,,,,,,,,,,,,,TN
524,abd0b579c448559e2125c126d9b455b2b4766535,0.06813869242711745,mozilla-beta,3892049,13,6b4487d0c1f6bf5aaf17bec9a643c032ec54975b,linux1804-64-shippable-qr,True,False,,|c|o|l|d| |f|i|s|s|i|o|n| |w|e|b|r|e|n|d|e|r|,102210fe594ee9b33d82058545b1ed14f4c8206e,FirstVisualChange,amazon,True,amazon FirstVisualChange opt cold fission webrender,,6,ms,firefox,441554177.0,1818034767,2023-12-28 13:58:06,1353836,,,,,,,,,,,,,,,,,,,,,,,,,,,,,,,,,,,,,,,,,,,,,,,,,TN
525,771a2196d9a139556d6528d78e62711fb8f9127c,0.07521131619803345,mozilla-beta,3892049,13,6b4487d0c1f6bf5aaf17bec9a643c032ec54975b,linux1804-64-shippable-qr,True,False,,|c|o|l|d| |f|i|s|s|i|o|n| |w|e|b|r|e|n|d|e|r|,102210fe594ee9b33d82058545b1ed14f4c8206e,FirstVisualChange,amazon,True,amazon FirstVisualChange opt cold fission webrender,,6,ms,firefox,441568659.0,1818135735,2023-12-28 16:36:48,1353845,,,,,,,,,,,,,,,,,,,,,,,,,,,,,,,,,,,,,,,,,,,,,,,,,TN
526,3ac9c7492298abed5fbb594e32f30336517bf0f7,0.06789718820079352,mozilla-beta,3892049,13,6b4487d0c1f6bf5aaf17bec9a643c032ec54975b,linux1804-64-shippable-qr,True,False,,|c|o|l|d| |f|i|s|s|i|o|n| |w|e|b|r|e|n|d|e|r|,102210fe594ee9b33d82058545b1ed14f4c8206e,FirstVisualChange,amazon,True,amazon FirstVisualChange opt cold fission webrender,,6,ms,firefox,441625963.0,1818398623,2023-12-29 09:15:51,1354119,,,,,,,,,,,,,,,,,,,,,,,,,,,,,,,,,,,,,,,,,,,,,,,,,TN
527,4031612cf0c85769716c58ec8fe3ac662dcd7e09,0.07583232706572365,mozilla-beta,3892049,13,6b4487d0c1f6bf5aaf17bec9a643c032ec54975b,linux1804-64-shippable-qr,True,False,,|c|o|l|d| |f|i|s|s|i|o|n| |w|e|b|r|e|n|d|e|r|,102210fe594ee9b33d82058545b1ed14f4c8206e,FirstVisualChange,amazon,True,amazon FirstVisualChange opt cold fission webrender,,6,ms,firefox,441674036.0,1818545565,2023-12-29 16:44:10,1354191,,,,,,,,,,,,,,,,,,,,,,,,,,,,,,,,,,,,,,,,,,,,,,,,,TN
528,cdce8efb5ae9f353e88bc7867b70cae181f78353,0.0869760220803864,mozilla-beta,3892049,13,6b4487d0c1f6bf5aaf17bec9a643c032ec54975b,linux1804-64-shippable-qr,True,False,,|c|o|l|d| |f|i|s|s|i|o|n| |w|e|b|r|e|n|d|e|r|,102210fe594ee9b33d82058545b1ed14f4c8206e,FirstVisualChange,amazon,True,amazon FirstVisualChange opt cold fission webrender,,6,ms,firefox,441726063.0,1818759575,2023-12-30 09:19:21,1354361,,,,,,,,,,,,,,,,,,,,,,,,,,,,,,,,,,,,,,,,,,,,,,,,,TN
529,1d19517b592a0b31570d9442a4a8a5d8cc667f66,0.08142142487493531,mozilla-beta,3892049,13,6b4487d0c1f6bf5aaf17bec9a643c032ec54975b,linux1804-64-shippable-qr,True,False,,|c|o|l|d| |f|i|s|s|i|o|n| |w|e|b|r|e|n|d|e|r|,102210fe594ee9b33d82058545b1ed14f4c8206e,FirstVisualChange,amazon,True,amazon FirstVisualChange opt cold fission webrender,,6,ms,firefox,441756951.0,1818859331,2023-12-30 16:43:07,1354390,,,,,,,,,,,,,,,,,,,,,,,,,,,,,,,,,,,,,,,,,,,,,,,,,TN
530,70a4581491ae3cc33cfb0408af55077a2f3aaaf9,0.07873037778161118,mozilla-beta,3892049,13,6b4487d0c1f6bf5aaf17bec9a643c032ec54975b,linux1804-64-shippable-qr,True,False,,|c|o|l|d| |f|i|s|s|i|o|n| |w|e|b|r|e|n|d|e|r|,102210fe594ee9b33d82058545b1ed14f4c8206e,FirstVisualChange,amazon,True,amazon FirstVisualChange opt cold fission webrender,,6,ms,firefox,441793511.0,1819075034,2023-12-31 09:19:49,1354445,,,,,,,,,,,,,,,,,,,,,,,,,,,,,,,,,,,,,,,,,,,,,,,,,TN
531,3b8c3b52e3cc57b9e1c6d2346428768905531486,0.07403829567017423,mozilla-beta,3892049,13,6b4487d0c1f6bf5aaf17bec9a643c032ec54975b,linux1804-64-shippable-qr,True,False,,|c|o|l|d| |f|i|s|s|i|o|n| |w|e|b|r|e|n|d|e|r|,102210fe594ee9b33d82058545b1ed14f4c8206e,FirstVisualChange,amazon,True,amazon FirstVisualChange opt cold fission webrender,,6,ms,firefox,441809316.0,1819119326,2023-12-31 16:07:45,1354468,,,,,,,,,,,,,,,,,,,,,,,,,,,,,,,,,,,,,,,,,,,,,,,,,TN
532,d574fe402f781ac71cbaa148e64720d7afce55ad,0.07421079868897706,mozilla-beta,3892049,13,6b4487d0c1f6bf5aaf17bec9a643c032ec54975b,linux1804-64-shippable-qr,True,False,,|c|o|l|d| |f|i|s|s|i|o|n| |w|e|b|r|e|n|d|e|r|,102210fe594ee9b33d82058545b1ed14f4c8206e,FirstVisualChange,amazon,True,amazon FirstVisualChange opt cold fission webrender,,6,ms,firefox,441851634.0,1819317683,2024-01-01 09:16:50,1354535,,,,,,,,,,,,,,,,,,,,,,,,,,,,,,,,,,,,,,,,,,,,,,,,,TN
533,c734b9367c9411770b4b8a55868a17b22d493b31,0.10098326720717613,mozilla-beta,3892049,13,6b4487d0c1f6bf5aaf17bec9a643c032ec54975b,linux1804-64-shippable-qr,True,False,,|c|o|l|d| |f|i|s|s|i|o|n| |w|e|b|r|e|n|d|e|r|,102210fe594ee9b33d82058545b1ed14f4c8206e,FirstVisualChange,amazon,True,amazon FirstVisualChange opt cold fission webrender,,6,ms,firefox,441884532.0,1819480247,2024-01-02 09:17:57,1354631,,,,,,,,,,,,,,,,,,,,,,,,,,,,,,,,,,,,,,,,,,,,,,,,,TN
534,a513ab11b0aaecdeff1b63357ba724e0c5f25486,0.0821459375539072,mozilla-beta,3892049,13,6b4487d0c1f6bf5aaf17bec9a643c032ec54975b,linux1804-64-shippable-qr,True,False,,|c|o|l|d| |f|i|s|s|i|o|n| |w|e|b|r|e|n|d|e|r|,102210fe594ee9b33d82058545b1ed14f4c8206e,FirstVisualChange,amazon,True,amazon FirstVisualChange opt cold fission webrender,,6,ms,firefox,441926324.0,1819600316,2024-01-02 14:35:27,1354755,,,,,,,,,,,,,,,,,,,,,,,,,,,,,,,,,,,,,,,,,,,,,,,,,TN
535,f39f01284ccdd75760c8b9f303074ec62e1e4b76,0.07755735725375196,mozilla-beta,3892049,13,6b4487d0c1f6bf5aaf17bec9a643c032ec54975b,linux1804-64-shippable-qr,True,False,,|c|o|l|d| |f|i|s|s|i|o|n| |w|e|b|r|e|n|d|e|r|,102210fe594ee9b33d82058545b1ed14f4c8206e,FirstVisualChange,amazon,True,amazon FirstVisualChange opt cold fission webrender,,6,ms,firefox,441940849.0,1819684069,2024-01-02 17:25:43,1354852,,,,,,,,,,,,,,,,,,,,,,,,,,,,,,,,,,,,,,,,,,,,,,,,,TN
536,cabd1794168d6cacdf7c9608c179db5754c4577a,0.07469380714162496,mozilla-beta,3892049,13,6b4487d0c1f6bf5aaf17bec9a643c032ec54975b,linux1804-64-shippable-qr,True,False,,|c|o|l|d| |f|i|s|s|i|o|n| |w|e|b|r|e|n|d|e|r|,102210fe594ee9b33d82058545b1ed14f4c8206e,FirstVisualChange,amazon,True,amazon FirstVisualChange opt cold fission webrender,,6,ms,firefox,441947605.0,1819725269,2024-01-02 18:54:52,1354898,,,,,,,,,,,,,,,,,,,,,,,,,,,,,,,,,,,,,,,,,,,,,,,,,TN
537,61e3c5bd45677be9e6d96ecf27802bfdca8d27c9,0.07873037778161118,mozilla-beta,3892049,13,6b4487d0c1f6bf5aaf17bec9a643c032ec54975b,linux1804-64-shippable-qr,True,False,,|c|o|l|d| |f|i|s|s|i|o|n| |w|e|b|r|e|n|d|e|r|,102210fe594ee9b33d82058545b1ed14f4c8206e,FirstVisualChange,amazon,True,amazon FirstVisualChange opt cold fission webrender,,6,ms,firefox,441998734.0,1819933445,2024-01-03 09:14:24,1355076,,,,,,,,,,,,,,,,,,,,,,,,,,,,,,,,,,,,,,,,,,,,,,,,,TN
538,ce04c347f4fd2a7d1eecd4f07bf6021a57c81bf5,0.07624633431085043,mozilla-beta,3892049,13,6b4487d0c1f6bf5aaf17bec9a643c032ec54975b,linux1804-64-shippable-qr,True,False,,|c|o|l|d| |f|i|s|s|i|o|n| |w|e|b|r|e|n|d|e|r|,102210fe594ee9b33d82058545b1ed14f4c8206e,FirstVisualChange,amazon,True,amazon FirstVisualChange opt cold fission webrender,,6,ms,firefox,442124059.0,1820441352,2024-01-04 09:15:57,1355534,,,,,,,,,,,,,,,,,,,,,,,,,,,,,,,,,,,,,,,,,,,,,,,,,TN
539,906e2d5a9cd68ea63b45a4fa631ac9c9b8e36d2d,0.07697084698982232,mozilla-beta,3892049,13,6b4487d0c1f6bf5aaf17bec9a643c032ec54975b,linux1804-64-shippable-qr,True,False,,|c|o|l|d| |f|i|s|s|i|o|n| |w|e|b|r|e|n|d|e|r|,102210fe594ee9b33d82058545b1ed14f4c8206e,FirstVisualChange,amazon,True,amazon FirstVisualChange opt cold fission webrender,,6,ms,firefox,442168199.0,1820582181,2024-01-04 14:58:07,1355672,,,,,,,,,,,,,,,,,,,,,,,,,,,,,,,,,,,,,,,,,,,,,,,,,TN
540,32b176eac997edeb8ab017935a010c47614cfc76,0.08121442125237194,mozilla-beta,3892049,13,6b4487d0c1f6bf5aaf17bec9a643c032ec54975b,linux1804-64-shippable-qr,True,False,,|c|o|l|d| |f|i|s|s|i|o|n| |w|e|b|r|e|n|d|e|r|,102210fe594ee9b33d82058545b1ed14f4c8206e,FirstVisualChange,amazon,True,amazon FirstVisualChange opt cold fission webrender,,6,ms,firefox,442182171.0,1820651594,2024-01-04 16:53:04,1355759,,,,,,,,,,,,,,,,,,,,,,,,,,,,,,,,,,,,,,,,,,,,,,,,,TN
541,3f5e8c91e6991a90fd63431eef19bf49d39d4f47,0.06989822321890632,mozilla-beta,3892049,13,6b4487d0c1f6bf5aaf17bec9a643c032ec54975b,linux1804-64-shippable-qr,True,False,,|c|o|l|d| |f|i|s|s|i|o|n| |w|e|b|r|e|n|d|e|r|,102210fe594ee9b33d82058545b1ed14f4c8206e,FirstVisualChange,amazon,True,amazon FirstVisualChange opt cold fission webrender,,6,ms,firefox,442203410.0,1820753107,2024-01-04 20:03:49,1355880,,,,,,,,,,,,,,,,,,,,,,,,,,,,,,,,,,,,,,,,,,,,,,,,,TN
542,50a511fceab95e6b9ab40bea401c53de8de48345,0.08601000517509058,mozilla-beta,3892049,13,6b4487d0c1f6bf5aaf17bec9a643c032ec54975b,linux1804-64-shippable-qr,True,False,,|c|o|l|d| |f|i|s|s|i|o|n| |w|e|b|r|e|n|d|e|r|,102210fe594ee9b33d82058545b1ed14f4c8206e,FirstVisualChange,amazon,True,amazon FirstVisualChange opt cold fission webrender,,6,ms,firefox,442240918.0,1820939236,2024-01-05 01:09:39,1356047,,,,,,,,,,,,,,,,,,,,,,,,,,,,,,,,,,,,,,,,,,,,,,,,,TN
543,4dd67d833673e72bfe942beefb346a5533803217,0.10774538554424704,mozilla-beta,3892049,13,6b4487d0c1f6bf5aaf17bec9a643c032ec54975b,linux1804-64-shippable-qr,True,False,,|c|o|l|d| |f|i|s|s|i|o|n| |w|e|b|r|e|n|d|e|r|,102210fe594ee9b33d82058545b1ed14f4c8206e,FirstVisualChange,amazon,True,amazon FirstVisualChange opt cold fission webrender,,6,ms,firefox,442270836.0,1821115217,2024-01-05 09:16:09,1356158,,,,,,,,,,,,,,,,,,,,,,,,,,,,,,,,,,,,,,,,,,,,,,,,,TN
544,ac8ebcaf2a5b7ea753e5da4e1a2f97176783acde,0.1119199585992755,mozilla-beta,3892049,13,6b4487d0c1f6bf5aaf17bec9a643c032ec54975b,linux1804-64-shippable-qr,True,False,,|c|o|l|d| |f|i|s|s|i|o|n| |w|e|b|r|e|n|d|e|r|,102210fe594ee9b33d82058545b1ed14f4c8206e,FirstVisualChange,amazon,True,amazon FirstVisualChange opt cold fission webrender,,6,ms,firefox,442343636.0,1821348959,2024-01-05 18:22:11,1356402,,,,,,,,,,,,,,,,,,,,,,,,,,,,,,,,,,,,,,,,,,,,,,,,,TN
545,58135a2e05a61896dedbfdb92828f8447dd08839,0.07759185785751252,mozilla-beta,3892049,13,6b4487d0c1f6bf5aaf17bec9a643c032ec54975b,linux1804-64-shippable-qr,True,False,,|c|o|l|d| |f|i|s|s|i|o|n| |w|e|b|r|e|n|d|e|r|,102210fe594ee9b33d82058545b1ed14f4c8206e,FirstVisualChange,amazon,True,amazon FirstVisualChange opt cold fission webrender,,6,ms,firefox,442356492.0,1821416072,2024-01-05 20:49:22,1356458,,,,,,,,,,,,,,,,,,,,,,,,,,,,,,,,,,,,,,,,,,,,,,,,,TN
546,485470488b1abea00facf0175c325c8d063e4977,0.08445747800586512,mozilla-beta,3892049,13,6b4487d0c1f6bf5aaf17bec9a643c032ec54975b,linux1804-64-shippable-qr,True,False,,|c|o|l|d| |f|i|s|s|i|o|n| |w|e|b|r|e|n|d|e|r|,102210fe594ee9b33d82058545b1ed14f4c8206e,FirstVisualChange,amazon,True,amazon FirstVisualChange opt cold fission webrender,,6,ms,firefox,442383240.0,1821518801,2024-01-06 01:09:09,1356562,,,,,,,,,,,,,,,,,,,,,,,,,,,,,,,,,,,,,,,,,,,,,,,,,TN
547,9c528f6a2d3f298f85c0fbfb5dbf90c07c731bde,0.08145592547869587,mozilla-beta,3892049,13,6b4487d0c1f6bf5aaf17bec9a643c032ec54975b,linux1804-64-shippable-qr,True,False,,|c|o|l|d| |f|i|s|s|i|o|n| |w|e|b|r|e|n|d|e|r|,102210fe594ee9b33d82058545b1ed14f4c8206e,FirstVisualChange,amazon,True,amazon FirstVisualChange opt cold fission webrender,,6,ms,firefox,442399255.0,1821632925,2024-01-06 09:15:28,1356605,,,,,,,,,,,,,,,,,,,,,,,,,,,,,,,,,,,,,,,,,,,,,,,,,TN
548,2e9b153efbb6f856c8ed87b95cf1ac9dd20a45b7,0.11247196825944453,mozilla-beta,3892049,13,6b4487d0c1f6bf5aaf17bec9a643c032ec54975b,linux1804-64-shippable-qr,True,False,,|c|o|l|d| |f|i|s|s|i|o|n| |w|e|b|r|e|n|d|e|r|,102210fe594ee9b33d82058545b1ed14f4c8206e,FirstVisualChange,amazon,True,amazon FirstVisualChange opt cold fission webrender,,6,ms,firefox,442421792.0,1821719467,2024-01-06 15:19:54,1356645,,,,,,,,,,,,,,,,,,,,,,,,,,,,,,,,,,,,,,,,,,,,,,,,,TN
549,5e75cc52b6ad48285de6f9fed2b0fb5794abfbd2,0.0996032430567535,mozilla-beta,3892049,13,6b4487d0c1f6bf5aaf17bec9a643c032ec54975b,linux1804-64-shippable-qr,True,False,,|c|o|l|d| |f|i|s|s|i|o|n| |w|e|b|r|e|n|d|e|r|,102210fe594ee9b33d82058545b1ed14f4c8206e,FirstVisualChange,amazon,True,amazon FirstVisualChange opt cold fission webrender,,6,ms,firefox,442457732.0,1821873869,2024-01-07 09:17:56,1356692,,,,,,,,,,,,,,,,,,,,,,,,,,,,,,,,,,,,,,,,,,,,,,,,,TN
550,885ea847d3331c863d19212766658950b11e5407,0.07345178540624464,mozilla-beta,3892049,13,6b4487d0c1f6bf5aaf17bec9a643c032ec54975b,linux1804-64-shippable-qr,True,False,,|c|o|l|d| |f|i|s|s|i|o|n| |w|e|b|r|e|n|d|e|r|,102210fe594ee9b33d82058545b1ed14f4c8206e,FirstVisualChange,amazon,True,amazon FirstVisualChange opt cold fission webrender,,6,ms,firefox,442473528.0,1821946294,2024-01-07 18:28:43,1356730,,,,,,,,,,,,,,,,,,,,,,,,,,,,,,,,,,,,,,,,,,,,,,,,,TN
551,ed03304f78a28b0a0ecf2c2c791a58bb2c37e2e1,0.07572882525444194,mozilla-beta,3892049,13,6b4487d0c1f6bf5aaf17bec9a643c032ec54975b,linux1804-64-shippable-qr,True,False,,|c|o|l|d| |f|i|s|s|i|o|n| |w|e|b|r|e|n|d|e|r|,102210fe594ee9b33d82058545b1ed14f4c8206e,FirstVisualChange,amazon,True,amazon FirstVisualChange opt cold fission webrender,,6,ms,firefox,442504934.0,1822132877,2024-01-08 09:17:55,1356809,,,,,,,,,,,,,,,,,,,,,,,,,,,,,,,,,,,,,,,,,,,,,,,,,TN
552,cb26dd9df7797b99f7ec437a612c4ff4cd0ce0cb,0.07393479385889254,mozilla-beta,3892049,13,6b4487d0c1f6bf5aaf17bec9a643c032ec54975b,linux1804-64-shippable-qr,True,False,,|c|o|l|d| |f|i|s|s|i|o|n| |w|e|b|r|e|n|d|e|r|,102210fe594ee9b33d82058545b1ed14f4c8206e,FirstVisualChange,amazon,True,amazon FirstVisualChange opt cold fission webrender,,6,ms,firefox,442611387.0,1822534878,2024-01-08 22:54:52,1357275,,,,,,,,,,,,,,,,,,,,,,,,,,,,,,,,,,,,,,,,,,,,,,,,,TN
553,c0d623436ac17c8638fcbb38b63ceb7fd275a48e,0.07762635846127305,mozilla-beta,3892049,13,6b4487d0c1f6bf5aaf17bec9a643c032ec54975b,linux1804-64-shippable-qr,True,False,,|c|o|l|d| |f|i|s|s|i|o|n| |w|e|b|r|e|n|d|e|r|,102210fe594ee9b33d82058545b1ed14f4c8206e,FirstVisualChange,amazon,True,amazon FirstVisualChange opt cold fission webrender,,6,ms,firefox,442620433.0,1822559677,2024-01-08 23:52:49,1357287,,,,,,,,,,,,,,,,,,,,,,,,,,,,,,,,,,,,,,,,,,,,,,,,,TN
554,c9cd85e698c4e4cb8bbefc33ea5a425cbad37065,0.0708642401242022,mozilla-beta,3892049,13,6b4487d0c1f6bf5aaf17bec9a643c032ec54975b,linux1804-64-shippable-qr,True,False,,|c|o|l|d| |f|i|s|s|i|o|n| |w|e|b|r|e|n|d|e|r|,102210fe594ee9b33d82058545b1ed14f4c8206e,FirstVisualChange,amazon,True,amazon FirstVisualChange opt cold fission webrender,,6,ms,firefox,442658429.0,1822833476,2024-01-09 09:17:15,1357420,,,,,,,,,,,,,,,,,,,,,,,,,,,,,,,,,,,,,,,,,,,,,,,,,TN
555,a767de77c36f2217078b0bfe677f2fd5156d2981,0.07483180955666727,mozilla-beta,3892049,13,6b4487d0c1f6bf5aaf17bec9a643c032ec54975b,linux1804-64-shippable-qr,True,False,,|c|o|l|d| |f|i|s|s|i|o|n| |w|e|b|r|e|n|d|e|r|,102210fe594ee9b33d82058545b1ed14f4c8206e,FirstVisualChange,amazon,True,amazon FirstVisualChange opt cold fission webrender,,6,ms,firefox,442696536.0,1822987010,2024-01-09 13:49:14,1357515,,,,,,,,,,,,,,,,,,,,,,,,,,,,,,,,,,,,,,,,,,,,,,,,,TN
556,3415efad3e4089c6866cd14dd6e6020c0e00d28d,0.08376746593065379,mozilla-beta,3892049,13,6b4487d0c1f6bf5aaf17bec9a643c032ec54975b,linux1804-64-shippable-qr,True,False,,|c|o|l|d| |f|i|s|s|i|o|n| |w|e|b|r|e|n|d|e|r|,102210fe594ee9b33d82058545b1ed14f4c8206e,FirstVisualChange,amazon,True,amazon FirstVisualChange opt cold fission webrender,,6,ms,firefox,442757197.0,1823265776,2024-01-09 21:35:52,1357808,,,,,,,,,,,,,,,,,,,,,,,,,,,,,,,,,,,,,,,,,,,,,,,,,TN
557,b8b36a4962ceb8a64e2b1379cfebb98d97f30db1,0.07545282042435744,mozilla-beta,3892049,13,6b4487d0c1f6bf5aaf17bec9a643c032ec54975b,linux1804-64-shippable-qr,True,False,,|c|o|l|d| |f|i|s|s|i|o|n| |w|e|b|r|e|n|d|e|r|,102210fe594ee9b33d82058545b1ed14f4c8206e,FirstVisualChange,amazon,True,amazon FirstVisualChange opt cold fission webrender,,6,ms,firefox,442806595.0,1823557823,2024-01-10 09:14:43,1358061,,,,,,,,,,,,,,,,,,,,,,,,,,,,,,,,,,,,,,,,,,,,,,,,,TN
558,1c947b443a61a5c9c43752744026ea5a72952407,0.07600483008452649,mozilla-beta,3892049,13,6b4487d0c1f6bf5aaf17bec9a643c032ec54975b,linux1804-64-shippable-qr,True,False,,|c|o|l|d| |f|i|s|s|i|o|n| |w|e|b|r|e|n|d|e|r|,102210fe594ee9b33d82058545b1ed14f4c8206e,FirstVisualChange,amazon,True,amazon FirstVisualChange opt cold fission webrender,,6,ms,firefox,442871189.0,1823795172,2024-01-10 17:59:27,1358338,,,,,,,,,,,,,,,,,,,,,,,,,,,,,,,,,,,,,,,,,,,,,,,,,TN
559,992288afe8d0ffa9e60b761be9093c8e6eb3fbb7,0.07983439710194931,mozilla-beta,3892049,13,6b4487d0c1f6bf5aaf17bec9a643c032ec54975b,linux1804-64-shippable-qr,True,False,,|c|o|l|d| |f|i|s|s|i|o|n| |w|e|b|r|e|n|d|e|r|,102210fe594ee9b33d82058545b1ed14f4c8206e,FirstVisualChange,amazon,True,amazon FirstVisualChange opt cold fission webrender,,6,ms,firefox,442937429.0,1824099740,2024-01-11 09:17:43,1358656,,,,,,,,,,,,,,,,,,,,,,,,,,,,,,,,,,,,,,,,,,,,,,,,,TN
560,9a06019252c118922797ed16d4e13e1ad117443f,0.08383646713817491,mozilla-beta,3892049,13,6b4487d0c1f6bf5aaf17bec9a643c032ec54975b,linux1804-64-shippable-qr,True,False,,|c|o|l|d| |f|i|s|s|i|o|n| |w|e|b|r|e|n|d|e|r|,102210fe594ee9b33d82058545b1ed14f4c8206e,FirstVisualChange,amazon,True,amazon FirstVisualChange opt cold fission webrender,,6,ms,firefox,442967073.0,1824187120,2024-01-11 13:18:39,1358732,,,,,,,,,,,,,,,,,,,,,,,,,,,,,,,,,,,,,,,,,,,,,,,,,TN
561,16c6d6fd0b7b91c42098ca497227afc85200e274,0.08114542004485079,mozilla-beta,3892049,13,6b4487d0c1f6bf5aaf17bec9a643c032ec54975b,linux1804-64-shippable-qr,True,False,,|c|o|l|d| |f|i|s|s|i|o|n| |w|e|b|r|e|n|d|e|r|,102210fe594ee9b33d82058545b1ed14f4c8206e,FirstVisualChange,amazon,True,amazon FirstVisualChange opt cold fission webrender,,6,ms,firefox,442976917.0,1824226947,2024-01-11 14:26:20,1358780,,,,,,,,,,,,,,,,,,,,,,,,,,,,,,,,,,,,,,,,,,,,,,,,,TN
562,d260003b40f752bb45d999ed00928e630c7c66a7,0.12037260652061413,mozilla-beta,3892049,13,6b4487d0c1f6bf5aaf17bec9a643c032ec54975b,linux1804-64-shippable-qr,True,False,,|c|o|l|d| |f|i|s|s|i|o|n| |w|e|b|r|e|n|d|e|r|,102210fe594ee9b33d82058545b1ed14f4c8206e,FirstVisualChange,amazon,True,amazon FirstVisualChange opt cold fission webrender,,6,ms,firefox,442991322.0,1824299628,2024-01-11 16:43:59,1358856,,,,,,,,,,,,,,,,,,,,,,,,,,,,,,,,,,,,,,,,,,,,,,,,,TN
563,748ce48e1c34429d4d111ac1fde02a5557c4a9f8,0.0748663101604278,mozilla-beta,3892049,13,6b4487d0c1f6bf5aaf17bec9a643c032ec54975b,linux1804-64-shippable-qr,True,False,,|c|o|l|d| |f|i|s|s|i|o|n| |w|e|b|r|e|n|d|e|r|,102210fe594ee9b33d82058545b1ed14f4c8206e,FirstVisualChange,amazon,True,amazon FirstVisualChange opt cold fission webrender,,6,ms,firefox,443000505.0,1824335379,2024-01-11 17:41:16,1358889,,,,,,,,,,,,,,,,,,,,,,,,,,,,,,,,,,,,,,,,,,,,,,,,,TN
564,9715d8623d12cc7ebaf509c0ad27fcf5199aff43,0.0711402449542867,mozilla-beta,3892049,13,6b4487d0c1f6bf5aaf17bec9a643c032ec54975b,linux1804-64-shippable-qr,True,False,,|c|o|l|d| |f|i|s|s|i|o|n| |w|e|b|r|e|n|d|e|r|,102210fe594ee9b33d82058545b1ed14f4c8206e,FirstVisualChange,amazon,True,amazon FirstVisualChange opt cold fission webrender,,6,ms,firefox,443012197.0,1824370191,2024-01-11 19:01:33,1358950,,,,,,,,,,,,,,,,,,,,,,,,,,,,,,,,,,,,,,,,,,,,,,,,,TN
565,f1680a61c0147d32a705da518f11c7c5ba058c0b,0.07131274797308954,mozilla-beta,3892049,13,6b4487d0c1f6bf5aaf17bec9a643c032ec54975b,linux1804-64-shippable-qr,True,False,,|c|o|l|d| |f|i|s|s|i|o|n| |w|e|b|r|e|n|d|e|r|,102210fe594ee9b33d82058545b1ed14f4c8206e,FirstVisualChange,amazon,True,amazon FirstVisualChange opt cold fission webrender,,6,ms,firefox,443030655.0,1824447975,2024-01-11 21:09:26,1359049,,,,,,,,,,,,,,,,,,,,,,,,,,,,,,,,,,,,,,,,,,,,,,,,,TN
566,430bc538df76d847c89d2f0c061edc59172f2afa,0.08742452992927377,mozilla-beta,3892049,13,6b4487d0c1f6bf5aaf17bec9a643c032ec54975b,linux1804-64-shippable-qr,True,False,,|c|o|l|d| |f|i|s|s|i|o|n| |w|e|b|r|e|n|d|e|r|,102210fe594ee9b33d82058545b1ed14f4c8206e,FirstVisualChange,amazon,True,amazon FirstVisualChange opt cold fission webrender,,6,ms,firefox,443096850.0,1824849169,2024-01-12 09:19:33,1359270,,,,,,,,,,,,,,,,,,,,,,,,,,,,,,,,,,,,,,,,,,,,,,,,,TN
567,959d0f8f4396d1d80484b553645b1803f3dd9be7,0.08287045023287909,mozilla-beta,3892049,13,6b4487d0c1f6bf5aaf17bec9a643c032ec54975b,linux1804-64-shippable-qr,True,False,,|c|o|l|d| |f|i|s|s|i|o|n| |w|e|b|r|e|n|d|e|r|,102210fe594ee9b33d82058545b1ed14f4c8206e,FirstVisualChange,amazon,True,amazon FirstVisualChange opt cold fission webrender,,6,ms,firefox,443208949.0,1825447715,2024-01-13 09:16:07,1359847,,,,,,,,,,,,,,,,,,,,,,,,,,,,,,,,,,,,,,,,,,,,,,,,,TN
568,44093ca559de6f3beaeb00abec708d5c4ab40e4d,0.07552182163187857,mozilla-beta,3892049,13,6b4487d0c1f6bf5aaf17bec9a643c032ec54975b,linux1804-64-shippable-qr,True,False,,|c|o|l|d| |f|i|s|s|i|o|n| |w|e|b|r|e|n|d|e|r|,102210fe594ee9b33d82058545b1ed14f4c8206e,FirstVisualChange,amazon,True,amazon FirstVisualChange opt cold fission webrender,,6,ms,firefox,443230502.0,1825535284,2024-01-13 16:02:48,1359890,,,,,,,,,,,,,,,,,,,,,,,,,,,,,,,,,,,,,,,,,,,,,,,,,TN
569,e218ab8c6c4ad6f20e76fe6d04737516fa8cc066,0.07945489046058307,mozilla-beta,3892049,13,6b4487d0c1f6bf5aaf17bec9a643c032ec54975b,linux1804-64-shippable-qr,True,False,,|c|o|l|d| |f|i|s|s|i|o|n| |w|e|b|r|e|n|d|e|r|,102210fe594ee9b33d82058545b1ed14f4c8206e,FirstVisualChange,amazon,True,amazon FirstVisualChange opt cold fission webrender,,6,ms,firefox,443243040.0,1825592278,2024-01-13 22:16:30,1359907,,,,,,,,,,,,,,,,,,,,,,,,,,,,,,,,,,,,,,,,,,,,,,,,,TN
570,ab41b123c54d2dd534bf90a30be6cd952ce32701,0.068414697257202,mozilla-beta,3892049,13,6b4487d0c1f6bf5aaf17bec9a643c032ec54975b,linux1804-64-shippable-qr,True,False,,|c|o|l|d| |f|i|s|s|i|o|n| |w|e|b|r|e|n|d|e|r|,102210fe594ee9b33d82058545b1ed14f4c8206e,FirstVisualChange,amazon,True,amazon FirstVisualChange opt cold fission webrender,,6,ms,firefox,443265809.0,1825681766,2024-01-14 09:15:54,1359931,,,,,,,,,,,,,,,,,,,,,,,,,,,,,,,,,,,,,,,,,,,,,,,,,TN
571,a6cacb7e4e89168e25318dc76342bdc0f68a1f6a,0.10829739520441609,mozilla-beta,3892049,13,6b4487d0c1f6bf5aaf17bec9a643c032ec54975b,linux1804-64-shippable-qr,True,False,,|c|o|l|d| |f|i|s|s|i|o|n| |w|e|b|r|e|n|d|e|r|,102210fe594ee9b33d82058545b1ed14f4c8206e,FirstVisualChange,amazon,True,amazon FirstVisualChange opt cold fission webrender,,6,ms,firefox,443278772.0,1825780790,2024-01-14 15:27:17,1359950,,,,,,,,,,,,,,,,,,,,,,,,,,,,,,,,,,,,,,,,,,,,,,,,,TN
572,eca25a6c75b2b48b5d51e33799cfa5619ec4b41b,0.10947041573227534,mozilla-beta,3892049,13,6b4487d0c1f6bf5aaf17bec9a643c032ec54975b,linux1804-64-shippable-qr,True,False,,|c|o|l|d| |f|i|s|s|i|o|n| |w|e|b|r|e|n|d|e|r|,102210fe594ee9b33d82058545b1ed14f4c8206e,FirstVisualChange,amazon,True,amazon FirstVisualChange opt cold fission webrender,,6,ms,firefox,443316388.0,1825946829,2024-01-15 09:20:30,1360049,,,,,,,,,,,,,,,,,,,,,,,,,,,,,,,,,,,,,,,,,,,,,,,,,TN
573,c846bf199dfcaa66ba615dda08ed63002a9a4f5b,0.07445230291530103,mozilla-beta,3892049,13,6b4487d0c1f6bf5aaf17bec9a643c032ec54975b,linux1804-64-shippable-qr,True,False,,|c|o|l|d| |f|i|s|s|i|o|n| |w|e|b|r|e|n|d|e|r|,102210fe594ee9b33d82058545b1ed14f4c8206e,FirstVisualChange,amazon,True,amazon FirstVisualChange opt cold fission webrender,,6,ms,firefox,443346100.0,1826068119,2024-01-15 13:24:03,1360131,,,,,,,,,,,,,,,,,,,,,,,,,,,,,,,,,,,,,,,,,,,,,,,,,TN
574,c6160723962a82923b2eb3ed4ab471dedcd541b2,0.07848887355528722,mozilla-beta,3892049,13,6b4487d0c1f6bf5aaf17bec9a643c032ec54975b,linux1804-64-shippable-qr,True,False,,|c|o|l|d| |f|i|s|s|i|o|n| |w|e|b|r|e|n|d|e|r|,102210fe594ee9b33d82058545b1ed14f4c8206e,FirstVisualChange,amazon,True,amazon FirstVisualChange opt cold fission webrender,,6,ms,firefox,444127594.0,1829813891,2024-01-22 11:29:22,1363744,,,,,,,,,,,,,,,,,,,,,,,,,,,,,,,,,,,,,,,,,,,,,,,,,TN
575,1849dfd4ad15cc21f294ed2bb5e95364a5ba7140,0.07490081076418836,mozilla-beta,3892049,13,6b4487d0c1f6bf5aaf17bec9a643c032ec54975b,linux1804-64-shippable-qr,True,False,,|c|o|l|d| |f|i|s|s|i|o|n| |w|e|b|r|e|n|d|e|r|,102210fe594ee9b33d82058545b1ed14f4c8206e,FirstVisualChange,amazon,True,amazon FirstVisualChange opt cold fission webrender,,6,ms,firefox,444165936.0,1829960690,2024-01-22 15:46:15,1363910,,,,,,,,,,,,,,,,,,,,,,,,,,,,,,,,,,,,,,,,,,,,,,,,,TN
576,a1ee3c36f7e989b25781c96cb9a1c05d8019b6cf,0.08269794721407625,mozilla-beta,3892049,13,6b4487d0c1f6bf5aaf17bec9a643c032ec54975b,linux1804-64-shippable-qr,True,False,,|c|o|l|d| |f|i|s|s|i|o|n| |w|e|b|r|e|n|d|e|r|,102210fe594ee9b33d82058545b1ed14f4c8206e,FirstVisualChange,amazon,True,amazon FirstVisualChange opt cold fission webrender,,6,ms,firefox,444193059.0,1830057752,2024-01-22 17:47:55,1364018,,,,,,,,,,,,,,,,,,,,,,,,,,,,,,,,,,,,,,,,,,,,,,,,,TN
577,907ecf82b6894587f638cc66a3b504fb613f799c,0.07390029325513198,mozilla-beta,3892049,13,6b4487d0c1f6bf5aaf17bec9a643c032ec54975b,linux1804-64-shippable-qr,True,False,,|c|o|l|d| |f|i|s|s|i|o|n| |w|e|b|r|e|n|d|e|r|,102210fe594ee9b33d82058545b1ed14f4c8206e,FirstVisualChange,amazon,True,amazon FirstVisualChange opt cold fission webrender,,6,ms,firefox,444273433.0,1830466084,2024-01-23 09:18:19,1364457,,,,,,,,,,,,,,,,,,,,,,,,,,,,,,,,,,,,,,,,,,,,,,,,,TN
578,910cf83cb449ad5a555da886fec6b064e22043bd,0.04454027945489045,mozilla-beta,3892049,13,6b4487d0c1f6bf5aaf17bec9a643c032ec54975b,linux1804-64-shippable-qr,True,False,,|c|o|l|d| |f|i|s|s|i|o|n| |w|e|b|r|e|n|d|e|r|,102210fe594ee9b33d82058545b1ed14f4c8206e,FirstVisualChange,amazon,True,amazon FirstVisualChange opt cold fission webrender,,6,ms,firefox,444326784.0,1830719949,2024-01-23 16:21:35,1364713,,,,,,,,,,,,,,,,,,,,,,,,,,,,,,,,,,,,,,,,,,,,,,,,,TN
579,547151893bb442136e4a9b2f8c4b541895aa3e1e,0.043056753493186134,mozilla-beta,3892049,13,6b4487d0c1f6bf5aaf17bec9a643c032ec54975b,linux1804-64-shippable-qr,True,False,,|c|o|l|d| |f|i|s|s|i|o|n| |w|e|b|r|e|n|d|e|r|,102210fe594ee9b33d82058545b1ed14f4c8206e,FirstVisualChange,amazon,True,amazon FirstVisualChange opt cold fission webrender,,6,ms,firefox,444329898.0,1830739231,2024-01-23 16:37:03,1364733,,,,,,,,,,,,,,,,,,,,,,,,,,,,,,,,,,,,,,,,,,,,,,,,,TN
580,ade0334006fbd178e5fdd21f3be572da0801a978,0.07531481800931517,mozilla-beta,3892049,13,6b4487d0c1f6bf5aaf17bec9a643c032ec54975b,linux1804-64-shippable-qr,True,False,,|c|o|l|d| |f|i|s|s|i|o|n| |w|e|b|r|e|n|d|e|r|,102210fe594ee9b33d82058545b1ed14f4c8206e,FirstVisualChange,amazon,True,amazon FirstVisualChange opt cold fission webrender,,6,ms,firefox,444336104.0,1830781428,2024-01-23 17:01:05,1364758,,,,,,,,,,,,,,,,,,,,,,,,,,,,,,,,,,,,,,,,,,,,,,,,,TN
581,e3af39ea2780b6c6e53d63e7d0bc9bca40e59bdd,0.07707434880110403,mozilla-beta,3892049,13,6b4487d0c1f6bf5aaf17bec9a643c032ec54975b,linux1804-64-shippable-qr,True,False,,|c|o|l|d| |f|i|s|s|i|o|n| |w|e|b|r|e|n|d|e|r|,102210fe594ee9b33d82058545b1ed14f4c8206e,FirstVisualChange,amazon,True,amazon FirstVisualChange opt cold fission webrender,,6,ms,firefox,444410323.0,1831185807,2024-01-24 07:46:30,1365279,,,,,,,,,,,,,,,,,,,,,,,,,,,,,,,,,,,,,,,,,,,,,,,,,TN
582,a341c4cfe66c45bb2908deb2809c6927497b0690,0.07058823529411765,mozilla-beta,3892049,13,6b4487d0c1f6bf5aaf17bec9a643c032ec54975b,linux1804-64-shippable-qr,True,False,,|c|o|l|d| |f|i|s|s|i|o|n| |w|e|b|r|e|n|d|e|r|,102210fe594ee9b33d82058545b1ed14f4c8206e,FirstVisualChange,amazon,True,amazon FirstVisualChange opt cold fission webrender,,6,ms,firefox,444425025.0,1831243156,2024-01-24 09:17:45,1365303,,,,,,,,,,,,,,,,,,,,,,,,,,,,,,,,,,,,,,,,,,,,,,,,,TN
583,826c3bfca9fb43d3d63c58f52dc0a11475591511,0.07731585302742797,mozilla-beta,3892049,13,6b4487d0c1f6bf5aaf17bec9a643c032ec54975b,linux1804-64-shippable-qr,True,False,,|c|o|l|d| |f|i|s|s|i|o|n| |w|e|b|r|e|n|d|e|r|,102210fe594ee9b33d82058545b1ed14f4c8206e,FirstVisualChange,amazon,True,amazon FirstVisualChange opt cold fission webrender,,6,ms,firefox,444436083.0,1831279837,2024-01-24 10:10:04,1365331,,,,,,,,,,,,,,,,,,,,,,,,,,,,,,,,,,,,,,,,,,,,,,,,,TN
584,01412b6a709468aeafa6f8f6dc28b7d0586a3ee9,0.08273244781783681,mozilla-beta,3892049,13,6b4487d0c1f6bf5aaf17bec9a643c032ec54975b,linux1804-64-shippable-qr,True,False,,|c|o|l|d| |f|i|s|s|i|o|n| |w|e|b|r|e|n|d|e|r|,102210fe594ee9b33d82058545b1ed14f4c8206e,FirstVisualChange,amazon,True,amazon FirstVisualChange opt cold fission webrender,,6,ms,firefox,444570939.0,1831930591,2024-01-25 09:16:24,1366119,,,,,,,,,,,,,,,,,,,,,,,,,,,,,,,,,,,,,,,,,,,,,,,,,TN
585,c0a71cb5e7b2999e78e5db5ed9e7df1b04f536a9,0.07866137657409003,mozilla-beta,3892049,13,6b4487d0c1f6bf5aaf17bec9a643c032ec54975b,linux1804-64-shippable-qr,True,False,,|c|o|l|d| |f|i|s|s|i|o|n| |w|e|b|r|e|n|d|e|r|,102210fe594ee9b33d82058545b1ed14f4c8206e,FirstVisualChange,amazon,True,amazon FirstVisualChange opt cold fission webrender,,6,ms,firefox,444594959.0,1832014231,2024-01-25 11:40:50,1366197,,,,,,,,,,,,,,,,,,,,,,,,,,,,,,,,,,,,,,,,,,,,,,,,,TN
586,390710073437ce59c6f7f62270eb9330d73e6fca,0.0876660341555977,mozilla-beta,3892049,13,6b4487d0c1f6bf5aaf17bec9a643c032ec54975b,linux1804-64-shippable-qr,True,False,,|c|o|l|d| |f|i|s|s|i|o|n| |w|e|b|r|e|n|d|e|r|,102210fe594ee9b33d82058545b1ed14f4c8206e,FirstVisualChange,amazon,True,amazon FirstVisualChange opt cold fission webrender,,6,ms,firefox,444645309.0,1832300210,2024-01-25 19:55:43,1366536,,,,,,,,,,,,,,,,,,,,,,,,,,,,,,,,,,,,,,,,,,,,,,,,,TN
587,e22e283373bd323eeb3f3cc73810cf33dff95e72,0.07607383129204759,mozilla-beta,3892049,13,6b4487d0c1f6bf5aaf17bec9a643c032ec54975b,linux1804-64-shippable-qr,True,False,,|c|o|l|d| |f|i|s|s|i|o|n| |w|e|b|r|e|n|d|e|r|,102210fe594ee9b33d82058545b1ed14f4c8206e,FirstVisualChange,amazon,True,amazon FirstVisualChange opt cold fission webrender,,6,ms,firefox,444717167.0,1832654350,2024-01-26 09:16:53,1366862,,,,,,,,,,,,,,,,,,,,,,,,,,,,,,,,,,,,,,,,,,,,,,,,,TN
588,aad4bcfe43cfbfc141d35fa756e9b9cc2683da95,0.06786268759703296,mozilla-beta,3892049,13,6b4487d0c1f6bf5aaf17bec9a643c032ec54975b,linux1804-64-shippable-qr,True,False,,|c|o|l|d| |f|i|s|s|i|o|n| |w|e|b|r|e|n|d|e|r|,102210fe594ee9b33d82058545b1ed14f4c8206e,FirstVisualChange,amazon,True,amazon FirstVisualChange opt cold fission webrender,,6,ms,firefox,444861965.0,1833484783,2024-01-27 09:16:18,1367460,,,,,,,,,,,,,,,,,,,,,,,,,,,,,,,,,,,,,,,,,,,,,,,,,TN
589,700859e125b5bd40b76e7ae9e6a3746e1d17fcd6,0.0655856477488356,mozilla-beta,3892049,13,6b4487d0c1f6bf5aaf17bec9a643c032ec54975b,linux1804-64-shippable-qr,True,False,,|c|o|l|d| |f|i|s|s|i|o|n| |w|e|b|r|e|n|d|e|r|,102210fe594ee9b33d82058545b1ed14f4c8206e,FirstVisualChange,amazon,True,amazon FirstVisualChange opt cold fission webrender,,6,ms,firefox,444931534.0,1833863746,2024-01-28 10:22:49,1367561,,,,,,,,,,,,,,,,,,,,,,,,,,,,,,,,,,,,,,,,,,,,,,,,,TN
590,62a7361b983c43fe12d448bb9b391d85725a0b5a,0.14945661549077108,mozilla-beta,3892049,13,6b4487d0c1f6bf5aaf17bec9a643c032ec54975b,linux1804-64-shippable-qr,True,False,,|c|o|l|d| |f|i|s|s|i|o|n| |w|e|b|r|e|n|d|e|r|,102210fe594ee9b33d82058545b1ed14f4c8206e,FirstVisualChange,amazon,True,amazon FirstVisualChange opt cold fission webrender,,6,ms,firefox,444934791.0,1833886627,2024-01-28 10:36:00,1367563,,,,,,,,,,,,,,,,,,,,,,,,,,,,,,,,,,,,,,,,,,,,,,,,,TN
591,0caf7b959d3adda31471443eb0918c601108fc83,0.37695359668794204,mozilla-beta,3892049,13,6b4487d0c1f6bf5aaf17bec9a643c032ec54975b,linux1804-64-shippable-qr,True,False,,|c|o|l|d| |f|i|s|s|i|o|n| |w|e|b|r|e|n|d|e|r|,102210fe594ee9b33d82058545b1ed14f4c8206e,FirstVisualChange,amazon,True,amazon FirstVisualChange opt cold fission webrender,,6,ms,firefox,444938909.0,1833892848,2024-01-28 11:02:29,1367564,,,,,,,,,,,,,,,,,,,,,,,,,,,,,,,,,,,,,,,,,,,,,,,,,TN
592,c4f60b3ed4c5502cebfae95869686d6cc67cef42,0.07341728480248405,mozilla-beta,3892049,13,6b4487d0c1f6bf5aaf17bec9a643c032ec54975b,linux1804-64-shippable-qr,True,False,,|c|o|l|d| |f|i|s|s|i|o|n| |w|e|b|r|e|n|d|e|r|,102210fe594ee9b33d82058545b1ed14f4c8206e,FirstVisualChange,amazon,True,amazon FirstVisualChange opt cold fission webrender,,6,ms,firefox,444945199.0,1833965077,2024-01-28 13:59:26,1367583,,,,,,,,,,,,,,,,,,,,,,,,,,,,,,,,,,,,,,,,,,,,,,,,,TN
593,28597dc87a4c08a1de0828ffc3295ee3e28ca823,0.10698637226151458,mozilla-beta,3892049,13,6b4487d0c1f6bf5aaf17bec9a643c032ec54975b,linux1804-64-shippable-qr,True,False,,|c|o|l|d| |f|i|s|s|i|o|n| |w|e|b|r|e|n|d|e|r|,102210fe594ee9b33d82058545b1ed14f4c8206e,FirstVisualChange,amazon,True,amazon FirstVisualChange opt cold fission webrender,,6,ms,firefox,444951607.0,1834032409,2024-01-28 17:17:02,1367591,,,,,,,,,,,,,,,,,,,,,,,,,,,,,,,,,,,,,,,,,,,,,,,,,TN
594,31e067248e3c5326ee178777c2939075b50f9cda,0.07879937898913233,mozilla-beta,3892049,13,6b4487d0c1f6bf5aaf17bec9a643c032ec54975b,linux1804-64-shippable-qr,True,False,,|c|o|l|d| |f|i|s|s|i|o|n| |w|e|b|r|e|n|d|e|r|,102210fe594ee9b33d82058545b1ed14f4c8206e,FirstVisualChange,amazon,True,amazon FirstVisualChange opt cold fission webrender,,6,ms,firefox,444976805.0,1834141863,2024-01-29 06:52:42,1367650,,,,,,,,,,,,,,,,,,,,,,,,,,,,,,,,,,,,,,,,,,,,,,,,,TN
595,7c6883e22d12922c8434135aba2908d12c258ba5,0.11167845437295154,mozilla-beta,3892049,13,6b4487d0c1f6bf5aaf17bec9a643c032ec54975b,linux1804-64-shippable-qr,True,False,,|c|o|l|d| |f|i|s|s|i|o|n| |w|e|b|r|e|n|d|e|r|,102210fe594ee9b33d82058545b1ed14f4c8206e,FirstVisualChange,amazon,True,amazon FirstVisualChange opt cold fission webrender,,6,ms,firefox,445144546.0,1835063006,2024-01-30 09:17:42,1368488,,,,,,,,,,,,,,,,,,,,,,,,,,,,,,,,,,,,,,,,,,,,,,,,,TN
596,610e2e71c0a96cbd0118a581ad50c27c3eae5214,0.07089874072796273,mozilla-beta,3892049,13,6b4487d0c1f6bf5aaf17bec9a643c032ec54975b,linux1804-64-shippable-qr,True,False,,|c|o|l|d| |f|i|s|s|i|o|n| |w|e|b|r|e|n|d|e|r|,102210fe594ee9b33d82058545b1ed14f4c8206e,FirstVisualChange,amazon,True,amazon FirstVisualChange opt cold fission webrender,,6,ms,firefox,445180989.0,1835238047,2024-01-30 12:12:36,1368564,,,,,,,,,,,,,,,,,,,,,,,,,,,,,,,,,,,,,,,,,,,,,,,,,TN
597,8d79725961720ff9be553f8fde3ba11c379df5be,0.0680351906158358,mozilla-beta,3892049,13,6b4487d0c1f6bf5aaf17bec9a643c032ec54975b,linux1804-64-shippable-qr,True,False,,|c|o|l|d| |f|i|s|s|i|o|n| |w|e|b|r|e|n|d|e|r|,102210fe594ee9b33d82058545b1ed14f4c8206e,FirstVisualChange,amazon,True,amazon FirstVisualChange opt cold fission webrender,,6,ms,firefox,445174919.0,1835187188,2024-01-30 12:18:29,1368566,,,,,,,,,,,,,,,,,,,,,,,,,,,,,,,,,,,,,,,,,,,,,,,,,TN
598,1bcabb7122306682ad71cb1934050ada5ccc09ce,0.0704502328790754,mozilla-beta,3892049,13,6b4487d0c1f6bf5aaf17bec9a643c032ec54975b,linux1804-64-shippable-qr,True,False,,|c|o|l|d| |f|i|s|s|i|o|n| |w|e|b|r|e|n|d|e|r|,102210fe594ee9b33d82058545b1ed14f4c8206e,FirstVisualChange,amazon,True,amazon FirstVisualChange opt cold fission webrender,,6,ms,firefox,445178969.0,1835217624,2024-01-30 12:47:52,1368585,,,,,,,,,,,,,,,,,,,,,,,,,,,,,,,,,,,,,,,,,,,,,,,,,TN
599,bac162dca4dbd72e204fbbd2a4bf2f05930997c4,0.07814386751768154,mozilla-beta,3892049,13,6b4487d0c1f6bf5aaf17bec9a643c032ec54975b,linux1804-64-shippable-qr,True,False,,|c|o|l|d| |f|i|s|s|i|o|n| |w|e|b|r|e|n|d|e|r|,102210fe594ee9b33d82058545b1ed14f4c8206e,FirstVisualChange,amazon,True,amazon FirstVisualChange opt cold fission webrender,,6,ms,firefox,445199580.0,1835286166,2024-01-30 14:42:31,1368662,,,,,,,,,,,,,,,,,,,,,,,,,,,,,,,,,,,,,,,,,,,,,,,,,TN
600,e8bfa642a6583259b6afb963c4ab24cec7fe364b,0.0801449025357944,mozilla-beta,3892049,13,6b4487d0c1f6bf5aaf17bec9a643c032ec54975b,linux1804-64-shippable-qr,True,False,,|c|o|l|d| |f|i|s|s|i|o|n| |w|e|b|r|e|n|d|e|r|,102210fe594ee9b33d82058545b1ed14f4c8206e,FirstVisualChange,amazon,True,amazon FirstVisualChange opt cold fission webrender,,6,ms,firefox,445200423.0,1835314810,2024-01-30 14:46:49,1368663,,,,,,,,,,,,,,,,,,,,,,,,,,,,,,,,,,,,,,,,,,,,,,,,,TN
601,badb0c014722faab9e694a5d451a4dc5c524f08b,0.019527341728480252,mozilla-beta,3892049,13,6b4487d0c1f6bf5aaf17bec9a643c032ec54975b,linux1804-64-shippable-qr,True,False,,|c|o|l|d| |f|i|s|s|i|o|n| |w|e|b|r|e|n|d|e|r|,102210fe594ee9b33d82058545b1ed14f4c8206e,FirstVisualChange,amazon,True,amazon FirstVisualChange opt cold fission webrender,,6,ms,firefox,445210897.0,1835328231,2024-01-30 14:50:42,1368665,,,,,,,,,,,,,,,,,,,,,,,,,,,,,,,,,,,,,,,,,,,,,,,,,TN
602,bb9a936c0644ab6ea6d8e6b8f62fa7787b809a5e,0.07672934276349838,mozilla-beta,3892049,13,6b4487d0c1f6bf5aaf17bec9a643c032ec54975b,linux1804-64-shippable-qr,True,False,,|c|o|l|d| |f|i|s|s|i|o|n| |w|e|b|r|e|n|d|e|r|,102210fe594ee9b33d82058545b1ed14f4c8206e,FirstVisualChange,amazon,True,amazon FirstVisualChange opt cold fission webrender,,6,ms,firefox,445211574.0,1835347121,2024-01-30 15:32:30,1368693,,,,,,,,,,,,,,,,,,,,,,,,,,,,,,,,,,,,,,,,,,,,,,,,,TN
603,0d874603541fa5871c1e3677d49b108d5fcb1bed,0.06606865620148353,mozilla-beta,3892049,13,6b4487d0c1f6bf5aaf17bec9a643c032ec54975b,linux1804-64-shippable-qr,True,False,,|c|o|l|d| |f|i|s|s|i|o|n| |w|e|b|r|e|n|d|e|r|,102210fe594ee9b33d82058545b1ed14f4c8206e,FirstVisualChange,amazon,True,amazon FirstVisualChange opt cold fission webrender,,6,ms,firefox,445217251.0,1835384593,2024-01-30 17:06:51,1368762,,,,,,,,,,,,,,,,,,,,,,,,,,,,,,,,,,,,,,,,,,,,,,,,,TN
604,814c511db3bf80ee923c7e26d7248df7690afbc7,0.07703984819734347,mozilla-beta,3892049,13,6b4487d0c1f6bf5aaf17bec9a643c032ec54975b,linux1804-64-shippable-qr,True,False,,|c|o|l|d| |f|i|s|s|i|o|n| |w|e|b|r|e|n|d|e|r|,102210fe594ee9b33d82058545b1ed14f4c8206e,FirstVisualChange,amazon,True,amazon FirstVisualChange opt cold fission webrender,,6,ms,firefox,445230542.0,1835437499,2024-01-30 17:22:21,1368764,,,,,,,,,,,,,,,,,,,,,,,,,,,,,,,,,,,,,,,,,,,,,,,,,TN
605,59d56668c362e68738a8561c397961027b0a62d3,0.032154562704847345,mozilla-beta,3892049,13,6b4487d0c1f6bf5aaf17bec9a643c032ec54975b,linux1804-64-shippable-qr,True,False,,|c|o|l|d| |f|i|s|s|i|o|n| |w|e|b|r|e|n|d|e|r|,102210fe594ee9b33d82058545b1ed14f4c8206e,FirstVisualChange,amazon,True,amazon FirstVisualChange opt cold fission webrender,,6,ms,firefox,445315366.0,1835903353,2024-01-31 09:16:40,1369245,,,,,,,,,,,,,,,,,,,,,,,,,,,,,,,,,,,,,,,,,,,,,,,,,TN
606,e98c8386087ddb2af9037734fa58033a1020756c,0.07890288080041402,mozilla-beta,3892049,13,6b4487d0c1f6bf5aaf17bec9a643c032ec54975b,linux1804-64-shippable-qr,True,False,,|c|o|l|d| |f|i|s|s|i|o|n| |w|e|b|r|e|n|d|e|r|,102210fe594ee9b33d82058545b1ed14f4c8206e,FirstVisualChange,amazon,True,amazon FirstVisualChange opt cold fission webrender,,6,ms,firefox,445411629.0,1836310930,2024-01-31 19:51:02,1369600,,,,,,,,,,,,,,,,,,,,,,,,,,,,,,,,,,,,,,,,,,,,,,,,,TN
607,f1a16b3d1da6ccd5b17c214f7ff9ada27bf91c17,0.10740037950664139,mozilla-beta,3892049,13,6b4487d0c1f6bf5aaf17bec9a643c032ec54975b,linux1804-64-shippable-qr,True,False,,|c|o|l|d| |f|i|s|s|i|o|n| |w|e|b|r|e|n|d|e|r|,102210fe594ee9b33d82058545b1ed14f4c8206e,FirstVisualChange,amazon,True,amazon FirstVisualChange opt cold fission webrender,,6,ms,firefox,445409224.0,1836268306,2024-01-31 19:52:12,1369605,,,,,,,,,,,,,,,,,,,,,,,,,,,,,,,,,,,,,,,,,,,,,,,,,TN
608,ad203e66852383f625e1c40a24f1486ce811f053,0.07603933068828705,mozilla-beta,3892049,13,6b4487d0c1f6bf5aaf17bec9a643c032ec54975b,linux1804-64-shippable-qr,True,False,,|c|o|l|d| |f|i|s|s|i|o|n| |w|e|b|r|e|n|d|e|r|,102210fe594ee9b33d82058545b1ed14f4c8206e,FirstVisualChange,amazon,True,amazon FirstVisualChange opt cold fission webrender,,6,ms,firefox,445473866.0,1836636592,2024-02-01 09:17:30,1369924,,,,,,,,,,,,,,,,,,,,,,,,,,,,,,,,,,,,,,,,,,,,,,,,,TN
609,828272c423683913577d66e2e1246f33d50c4b8e,0.06461963084353978,mozilla-beta,3892049,13,6b4487d0c1f6bf5aaf17bec9a643c032ec54975b,linux1804-64-shippable-qr,True,False,,|c|o|l|d| |f|i|s|s|i|o|n| |w|e|b|r|e|n|d|e|r|,102210fe594ee9b33d82058545b1ed14f4c8206e,FirstVisualChange,amazon,True,amazon FirstVisualChange opt cold fission webrender,,6,ms,firefox,445480938.0,1836649712,2024-02-01 09:55:18,1369960,,,,,,,,,,,,,,,,,,,,,,,,,,,,,,,,,,,,,,,,,,,,,,,,,TN
610,49d14b310e92729c505231844bd7849442cf26f9,0.07296877695359669,mozilla-beta,3892049,13,6b4487d0c1f6bf5aaf17bec9a643c032ec54975b,linux1804-64-shippable-qr,True,False,,|c|o|l|d| |f|i|s|s|i|o|n| |w|e|b|r|e|n|d|e|r|,102210fe594ee9b33d82058545b1ed14f4c8206e,FirstVisualChange,amazon,True,amazon FirstVisualChange opt cold fission webrender,,6,ms,firefox,445501769.0,1836727519,2024-02-01 11:40:29,1370025,,,,,,,,,,,,,,,,,,,,,,,,,,,,,,,,,,,,,,,,,,,,,,,,,TN
611,7fdcb4812fde5b6100168d0f55a31f1b77644044,0.06596515439020184,mozilla-beta,3892049,13,6b4487d0c1f6bf5aaf17bec9a643c032ec54975b,linux1804-64-shippable-qr,True,False,,|c|o|l|d| |f|i|s|s|i|o|n| |w|e|b|r|e|n|d|e|r|,102210fe594ee9b33d82058545b1ed14f4c8206e,FirstVisualChange,amazon,True,amazon FirstVisualChange opt cold fission webrender,,6,ms,firefox,445545470.0,1836961428,2024-02-01 14:02:56,1370098,,,,,,,,,,,,,,,,,,,,,,,,,,,,,,,,,,,,,,,,,,,,,,,,,TN
612,4433675287c19d1febab18a61d020c28e9fbe778,0.07631533551837158,mozilla-beta,3892049,13,6b4487d0c1f6bf5aaf17bec9a643c032ec54975b,linux1804-64-shippable-qr,True,False,,|c|o|l|d| |f|i|s|s|i|o|n| |w|e|b|r|e|n|d|e|r|,102210fe594ee9b33d82058545b1ed14f4c8206e,FirstVisualChange,amazon,True,amazon FirstVisualChange opt cold fission webrender,,6,ms,firefox,445532152.0,1836816813,2024-02-01 14:13:24,1370108,,,,,,,,,,,,,,,,,,,,,,,,,,,,,,,,,,,,,,,,,,,,,,,,,TN
613,c51c59c74488225b3f0a6446e13296789a5fddee,0.07610833189580818,mozilla-beta,3892049,13,6b4487d0c1f6bf5aaf17bec9a643c032ec54975b,linux1804-64-shippable-qr,True,False,,|c|o|l|d| |f|i|s|s|i|o|n| |w|e|b|r|e|n|d|e|r|,102210fe594ee9b33d82058545b1ed14f4c8206e,FirstVisualChange,amazon,True,amazon FirstVisualChange opt cold fission webrender,,6,ms,firefox,445546595.0,1836993446,2024-02-01 14:19:11,1370117,,,,,,,,,,,,,,,,,,,,,,,,,,,,,,,,,,,,,,,,,,,,,,,,,TN
614,edd7d6c869f5dd8a8f9525139a2cdd3286f0b104,0.08359496291185098,mozilla-beta,3892049,13,6b4487d0c1f6bf5aaf17bec9a643c032ec54975b,linux1804-64-shippable-qr,True,False,,|c|o|l|d| |f|i|s|s|i|o|n| |w|e|b|r|e|n|d|e|r|,102210fe594ee9b33d82058545b1ed14f4c8206e,FirstVisualChange,amazon,True,amazon FirstVisualChange opt cold fission webrender,,6,ms,firefox,445535975.0,1836848739,2024-02-01 14:35:28,1370134,,,,,,,,,,,,,,,,,,,,,,,,,,,,,,,,,,,,,,,,,,,,,,,,,TN
615,39a24ad65fa1c188491f77f5989116325ece07c0,0.07831637053648438,mozilla-beta,3892049,13,6b4487d0c1f6bf5aaf17bec9a643c032ec54975b,linux1804-64-shippable-qr,True,False,,|c|o|l|d| |f|i|s|s|i|o|n| |w|e|b|r|e|n|d|e|r|,102210fe594ee9b33d82058545b1ed14f4c8206e,FirstVisualChange,amazon,True,amazon FirstVisualChange opt cold fission webrender,,6,ms,firefox,445537933.0,1836880543,2024-02-01 14:45:34,1370145,,,,,,,,,,,,,,,,,,,,,,,,,,,,,,,,,,,,,,,,,,,,,,,,,TN
616,4981454a7cb64ddb865b16a2e340da23010c0234,0.08466448162842852,mozilla-beta,3892049,13,6b4487d0c1f6bf5aaf17bec9a643c032ec54975b,linux1804-64-shippable-qr,True,False,,|c|o|l|d| |f|i|s|s|i|o|n| |w|e|b|r|e|n|d|e|r|,102210fe594ee9b33d82058545b1ed14f4c8206e,FirstVisualChange,amazon,True,amazon FirstVisualChange opt cold fission webrender,,6,ms,firefox,445540831.0,1836892998,2024-02-01 14:55:52,1370155,,,,,,,,,,,,,,,,,,,,,,,,,,,,,,,,,,,,,,,,,,,,,,,,,TN
617,4c0f3596adddb0c1c9fe6c27165bf86798d2f1f6,0.07731585302742797,mozilla-beta,3892049,13,6b4487d0c1f6bf5aaf17bec9a643c032ec54975b,linux1804-64-shippable-qr,True,False,,|c|o|l|d| |f|i|s|s|i|o|n| |w|e|b|r|e|n|d|e|r|,102210fe594ee9b33d82058545b1ed14f4c8206e,FirstVisualChange,amazon,True,amazon FirstVisualChange opt cold fission webrender,,6,ms,firefox,445544503.0,1836945908,2024-02-01 15:13:15,1370168,,,,,,,,,,,,,,,,,,,,,,,,,,,,,,,,,,,,,,,,,,,,,,,,,TN
618,c9147db5b900da6c93e1ef516fcee4d9375322ac,0.07069173710539936,mozilla-beta,3892049,13,6b4487d0c1f6bf5aaf17bec9a643c032ec54975b,linux1804-64-shippable-qr,True,False,,|c|o|l|d| |f|i|s|s|i|o|n| |w|e|b|r|e|n|d|e|r|,102210fe594ee9b33d82058545b1ed14f4c8206e,FirstVisualChange,amazon,True,amazon FirstVisualChange opt cold fission webrender,,6,ms,firefox,445551410.0,1837024904,2024-02-01 15:45:31,1370182,,,,,,,,,,,,,,,,,,,,,,,,,,,,,,,,,,,,,,,,,,,,,,,,,TN
619,9fde9b753918580c63434a4056f7a0cfc2bbefda,0.07379679144385029,mozilla-beta,3892049,13,6b4487d0c1f6bf5aaf17bec9a643c032ec54975b,linux1804-64-shippable-qr,True,False,,|c|o|l|d| |f|i|s|s|i|o|n| |w|e|b|r|e|n|d|e|r|,102210fe594ee9b33d82058545b1ed14f4c8206e,FirstVisualChange,amazon,True,amazon FirstVisualChange opt cold fission webrender,,6,ms,firefox,445561361.0,1837057902,2024-02-01 16:34:05,1370232,,,,,,,,,,,,,,,,,,,,,,,,,,,,,,,,,,,,,,,,,,,,,,,,,TN
620,a8f990a1461e92ea29b178d183739ab4279d355b,0.07735035363118856,mozilla-beta,3892049,13,6b4487d0c1f6bf5aaf17bec9a643c032ec54975b,linux1804-64-shippable-qr,True,False,,|c|o|l|d| |f|i|s|s|i|o|n| |w|e|b|r|e|n|d|e|r|,102210fe594ee9b33d82058545b1ed14f4c8206e,FirstVisualChange,amazon,True,amazon FirstVisualChange opt cold fission webrender,,6,ms,firefox,445652288.0,1837393494,2024-02-02 09:03:54,1370723,,,,,,,,,,,,,,,,,,,,,,,,,,,,,,,,,,,,,,,,,,,,,,,,,TN
621,ad9f945b0588b8e71d2bc8a24a4bae78ac518fe7,0.07624633431085043,mozilla-beta,3892049,13,6b4487d0c1f6bf5aaf17bec9a643c032ec54975b,linux1804-64-shippable-qr,True,False,,|c|o|l|d| |f|i|s|s|i|o|n| |w|e|b|r|e|n|d|e|r|,102210fe594ee9b33d82058545b1ed14f4c8206e,FirstVisualChange,amazon,True,amazon FirstVisualChange opt cold fission webrender,,6,ms,firefox,445655815.0,1837418773,2024-02-02 09:16:30,1370728,,,,,,,,,,,,,,,,,,,,,,,,,,,,,,,,,,,,,,,,,,,,,,,,,TN
622,2a92c9f6ad73c6919eca1fda86f98e644f90bced,0.2944971537001898,mozilla-beta,3892049,13,6b4487d0c1f6bf5aaf17bec9a643c032ec54975b,linux1804-64-shippable-qr,True,False,,|c|o|l|d| |f|i|s|s|i|o|n| |w|e|b|r|e|n|d|e|r|,102210fe594ee9b33d82058545b1ed14f4c8206e,FirstVisualChange,amazon,True,amazon FirstVisualChange opt cold fission webrender,,6,ms,firefox,445741441.0,1837799284,2024-02-02 18:17:20,1371042,,,,,,,,,,,,,,,,,,,,,,,,,,,,,,,,,,,,,,,,,,,,,,,,,TN
623,7514647daa8f9fce23b12cb76cda187c12c65ec9,0.0711402449542867,mozilla-beta,3892049,13,6b4487d0c1f6bf5aaf17bec9a643c032ec54975b,linux1804-64-shippable-qr,True,False,,|c|o|l|d| |f|i|s|s|i|o|n| |w|e|b|r|e|n|d|e|r|,102210fe594ee9b33d82058545b1ed14f4c8206e,FirstVisualChange,amazon,True,amazon FirstVisualChange opt cold fission webrender,,6,ms,firefox,445813742.0,1838079320,2024-02-03 09:17:37,1371371,,,,,,,,,,,,,,,,,,,,,,,,,,,,,,,,,,,,,,,,,,,,,,,,,TN
624,b90706774a91a89aad7410bc904246d5f0cc89d6,0.06741417974814562,mozilla-beta,3892049,13,6b4487d0c1f6bf5aaf17bec9a643c032ec54975b,linux1804-64-shippable-qr,True,False,,|c|o|l|d| |f|i|s|s|i|o|n| |w|e|b|r|e|n|d|e|r|,102210fe594ee9b33d82058545b1ed14f4c8206e,FirstVisualChange,amazon,True,amazon FirstVisualChange opt cold fission webrender,,6,ms,firefox,445854204.0,1838279891,2024-02-04 07:01:15,1371494,,,,,,,,,,,,,,,,,,,,,,,,,,,,,,,,,,,,,,,,,,,,,,,,,TN
625,97a9e1afca4b4f861b1f512ecb74d9beae03701f,0.06775918578575127,mozilla-beta,3892049,13,6b4487d0c1f6bf5aaf17bec9a643c032ec54975b,linux1804-64-shippable-qr,True,False,,|c|o|l|d| |f|i|s|s|i|o|n| |w|e|b|r|e|n|d|e|r|,102210fe594ee9b33d82058545b1ed14f4c8206e,FirstVisualChange,amazon,True,amazon FirstVisualChange opt cold fission webrender,,6,ms,firefox,445854355.0,1838284401,2024-02-04 07:10:52,1371498,,,,,,,,,,,,,,,,,,,,,,,,,,,,,,,,,,,,,,,,,,,,,,,,,TN
626,2e2c077318b2178732ec140527e75b30638a12c7,0.07779886148007589,mozilla-beta,3892049,13,6b4487d0c1f6bf5aaf17bec9a643c032ec54975b,linux1804-64-shippable-qr,True,False,,|c|o|l|d| |f|i|s|s|i|o|n| |w|e|b|r|e|n|d|e|r|,102210fe594ee9b33d82058545b1ed14f4c8206e,FirstVisualChange,amazon,True,amazon FirstVisualChange opt cold fission webrender,,6,ms,firefox,445862616.0,1838324838,2024-02-04 09:20:23,1371504,,,,,,,,,,,,,,,,,,,,,,,,,,,,,,,,,,,,,,,,,,,,,,,,,TN
627,b65739114a8d799c15f643b020b341e2822d28c3,0.07683284457478007,mozilla-beta,3892049,13,6b4487d0c1f6bf5aaf17bec9a643c032ec54975b,linux1804-64-shippable-qr,True,False,,|c|o|l|d| |f|i|s|s|i|o|n| |w|e|b|r|e|n|d|e|r|,102210fe594ee9b33d82058545b1ed14f4c8206e,FirstVisualChange,amazon,True,amazon FirstVisualChange opt cold fission webrender,,6,ms,firefox,445924964.0,1838736094,2024-02-05 08:56:25,1371648,,,,,,,,,,,,,,,,,,,,,,,,,,,,,,,,,,,,,,,,,,,,,,,,,TN
628,5b697b0438ae5c3ccf005657eae8e3c59d97a05e,0.07921338623425911,mozilla-beta,3892049,13,6b4487d0c1f6bf5aaf17bec9a643c032ec54975b,linux1804-64-shippable-qr,True,False,,|c|o|l|d| |f|i|s|s|i|o|n| |w|e|b|r|e|n|d|e|r|,102210fe594ee9b33d82058545b1ed14f4c8206e,FirstVisualChange,amazon,True,amazon FirstVisualChange opt cold fission webrender,,6,ms,firefox,445929144.0,1838756242,2024-02-05 09:17:25,1371659,,,,,,,,,,,,,,,,,,,,,,,,,,,,,,,,,,,,,,,,,,,,,,,,,TN
629,562b0ae0eca50b88282d822fb79af7f8bbf5f9cc,0.07973089529066757,mozilla-beta,3892049,13,6b4487d0c1f6bf5aaf17bec9a643c032ec54975b,linux1804-64-shippable-qr,True,False,,|c|o|l|d| |f|i|s|s|i|o|n| |w|e|b|r|e|n|d|e|r|,102210fe594ee9b33d82058545b1ed14f4c8206e,FirstVisualChange,amazon,True,amazon FirstVisualChange opt cold fission webrender,,6,ms,firefox,446101629.0,1839490761,2024-02-06 08:23:02,1372463,,,,,,,,,,,,,,,,,,,,,,,,,,,,,,,,,,,,,,,,,,,,,,,,,TN
630,7e1760ca80cfe6f02a0679e3725187bc2b3ad7d1,0.035604623080903924,mozilla-beta,3892049,13,6b4487d0c1f6bf5aaf17bec9a643c032ec54975b,linux1804-64-shippable-qr,True,False,,|c|o|l|d| |f|i|s|s|i|o|n| |w|e|b|r|e|n|d|e|r|,102210fe594ee9b33d82058545b1ed14f4c8206e,FirstVisualChange,amazon,True,amazon FirstVisualChange opt cold fission webrender,,6,ms,firefox,446117679.0,1839588407,2024-02-06 09:14:55,1372486,,,,,,,,,,,,,,,,,,,,,,,,,,,,,,,,,,,,,,,,,,,,,,,,,TN
631,88875300ae7440640f4c3c699b32b8dfac80f396,0.048507848887355515,mozilla-beta,3892049,13,6b4487d0c1f6bf5aaf17bec9a643c032ec54975b,linux1804-64-shippable-qr,True,False,,|c|o|l|d| |f|i|s|s|i|o|n| |w|e|b|r|e|n|d|e|r|,102210fe594ee9b33d82058545b1ed14f4c8206e,FirstVisualChange,amazon,True,amazon FirstVisualChange opt cold fission webrender,,6,ms,firefox,446111138.0,1839524481,2024-02-06 09:19:06,1372488,,,,,,,,,,,,,,,,,,,,,,,,,,,,,,,,,,,,,,,,,,,,,,,,,TN
632,6839f8c0d14e712d154a0c8c37fc55087e65f252,0.03950319130584787,mozilla-beta,3892049,13,6b4487d0c1f6bf5aaf17bec9a643c032ec54975b,linux1804-64-shippable-qr,True,False,,|c|o|l|d| |f|i|s|s|i|o|n| |w|e|b|r|e|n|d|e|r|,102210fe594ee9b33d82058545b1ed14f4c8206e,FirstVisualChange,amazon,True,amazon FirstVisualChange opt cold fission webrender,,6,ms,firefox,446116535.0,1839583157,2024-02-06 10:09:38,1372523,,,,,,,,,,,,,,,,,,,,,,,,,,,,,,,,,,,,,,,,,,,,,,,,,TN
633,a778bae14c05a2fbe1ba67854cec9accdad55bb3,0.04712782473693289,mozilla-beta,3892049,13,6b4487d0c1f6bf5aaf17bec9a643c032ec54975b,linux1804-64-shippable-qr,True,False,,|c|o|l|d| |f|i|s|s|i|o|n| |w|e|b|r|e|n|d|e|r|,102210fe594ee9b33d82058545b1ed14f4c8206e,FirstVisualChange,amazon,True,amazon FirstVisualChange opt cold fission webrender,,6,ms,firefox,446140586.0,1839622419,2024-02-06 11:38:33,1372580,,,,,,,,,,,,,,,,,,,,,,,,,,,,,,,,,,,,,,,,,,,,,,,,,TN
634,65e6d3b19e698ac57830fd1c3d90d4c760ef5eb6,0.041987234776608595,mozilla-beta,3892049,13,6b4487d0c1f6bf5aaf17bec9a643c032ec54975b,linux1804-64-shippable-qr,True,False,,|c|o|l|d| |f|i|s|s|i|o|n| |w|e|b|r|e|n|d|e|r|,102210fe594ee9b33d82058545b1ed14f4c8206e,FirstVisualChange,amazon,True,amazon FirstVisualChange opt cold fission webrender,,6,ms,firefox,446155124.0,1839682677,2024-02-06 12:51:40,1372610,,,,,,,,,,,,,,,,,,,,,,,,,,,,,,,,,,,,,,,,,,,,,,,,,TN
635,5dbb0a9f6cb8c0e0aad5b159d134d45f637cb4d1,0.043815766775918585,mozilla-beta,3892049,13,6b4487d0c1f6bf5aaf17bec9a643c032ec54975b,linux1804-64-shippable-qr,True,False,,|c|o|l|d| |f|i|s|s|i|o|n| |w|e|b|r|e|n|d|e|r|,102210fe594ee9b33d82058545b1ed14f4c8206e,FirstVisualChange,amazon,True,amazon FirstVisualChange opt cold fission webrender,,6,ms,firefox,446156852.0,1839695945,2024-02-06 12:53:03,1372613,,,,,,,,,,,,,,,,,,,,,,,,,,,,,,,,,,,,,,,,,,,,,,,,,TN
636,d2c9c9c08cc1f40358a5d2292ddf2a06d364b36f,0.043470760738312936,mozilla-beta,3892049,13,6b4487d0c1f6bf5aaf17bec9a643c032ec54975b,linux1804-64-shippable-qr,True,False,,|c|o|l|d| |f|i|s|s|i|o|n| |w|e|b|r|e|n|d|e|r|,102210fe594ee9b33d82058545b1ed14f4c8206e,FirstVisualChange,amazon,True,amazon FirstVisualChange opt cold fission webrender,,6,ms,firefox,446166501.0,1839732777,2024-02-06 12:54:32,1372616,,,,,,,,,,,,,,,,,,,,,,,,,,,,,,,,,,,,,,,,,,,,,,,,,TN
637,0f621f6f45f23281875371b9b4ed76fe855e10ce,0.04667931688804555,mozilla-beta,3892049,13,6b4487d0c1f6bf5aaf17bec9a643c032ec54975b,linux1804-64-shippable-qr,True,False,,|c|o|l|d| |f|i|s|s|i|o|n| |w|e|b|r|e|n|d|e|r|,102210fe594ee9b33d82058545b1ed14f4c8206e,FirstVisualChange,amazon,True,amazon FirstVisualChange opt cold fission webrender,,6,ms,firefox,446164770.0,1839713047,2024-02-06 13:21:23,1372641,,,,,,,,,,,,,,,,,,,,,,,,,,,,,,,,,,,,,,,,,,,,,,,,,TN
638,fdc4382bbff93e443cb4f76c802464c452a1c722,0.07538381921683629,mozilla-beta,3892049,13,6b4487d0c1f6bf5aaf17bec9a643c032ec54975b,linux1804-64-shippable-qr,True,False,,|c|o|l|d| |f|i|s|s|i|o|n| |w|e|b|r|e|n|d|e|r|,102210fe594ee9b33d82058545b1ed14f4c8206e,FirstVisualChange,amazon,True,amazon FirstVisualChange opt cold fission webrender,,6,ms,firefox,446185722.0,1839795216,2024-02-06 14:10:46,1372680,,,,,,,,,,,,,,,,,,,,,,,,,,,,,,,,,,,,,,,,,,,,,,,,,TN
639,a0dafd6bb65c8b87928ff36551826cf901a6ff09,0.038330170777988615,mozilla-beta,3892049,13,6b4487d0c1f6bf5aaf17bec9a643c032ec54975b,linux1804-64-shippable-qr,True,False,,|c|o|l|d| |f|i|s|s|i|o|n| |w|e|b|r|e|n|d|e|r|,102210fe594ee9b33d82058545b1ed14f4c8206e,FirstVisualChange,amazon,True,amazon FirstVisualChange opt cold fission webrender,,6,ms,firefox,446177740.0,1839764276,2024-02-06 14:28:58,1372692,,,,,,,,,,,,,,,,,,,,,,,,,,,,,,,,,,,,,,,,,,,,,,,,,TN
640,c1ef3ef6dd3f38275d611b90c8ef24e0b15cc720,0.04698982232189064,mozilla-beta,3892049,13,6b4487d0c1f6bf5aaf17bec9a643c032ec54975b,linux1804-64-shippable-qr,True,False,,|c|o|l|d| |f|i|s|s|i|o|n| |w|e|b|r|e|n|d|e|r|,102210fe594ee9b33d82058545b1ed14f4c8206e,FirstVisualChange,amazon,True,amazon FirstVisualChange opt cold fission webrender,,6,ms,firefox,446207163.0,1839874198,2024-02-06 17:18:58,1372811,,,,,,,,,,,,,,,,,,,,,,,,,,,,,,,,,,,,,,,,,,,,,,,,,TN
641,a55f4e64f3a796aac14d741f6a0e9f82e3f768e1,0.08942556494738657,mozilla-beta,3892049,13,6b4487d0c1f6bf5aaf17bec9a643c032ec54975b,linux1804-64-shippable-qr,True,False,,|c|o|l|d| |f|i|s|s|i|o|n| |w|e|b|r|e|n|d|e|r|,102210fe594ee9b33d82058545b1ed14f4c8206e,FirstVisualChange,amazon,True,amazon FirstVisualChange opt cold fission webrender,,6,ms,firefox,446208901.0,1839901923,2024-02-06 17:25:35,1372823,,,,,,,,,,,,,,,,,,,,,,,,,,,,,,,,,,,,,,,,,,,,,,,,,TN
642,5cb029591fdb20d1b3fc101ab5f982f71ae93ea9,0.035052613420734874,mozilla-beta,3892049,13,6b4487d0c1f6bf5aaf17bec9a643c032ec54975b,linux1804-64-shippable-qr,True,False,,|c|o|l|d| |f|i|s|s|i|o|n| |w|e|b|r|e|n|d|e|r|,102210fe594ee9b33d82058545b1ed14f4c8206e,FirstVisualChange,amazon,True,amazon FirstVisualChange opt cold fission webrender,,6,ms,firefox,446232493.0,1839984674,2024-02-06 18:19:27,1372868,,,,,,,,,,,,,,,,,,,,,,,,,,,,,,,,,,,,,,,,,,,,,,,,,TN
643,945276c7a9a1f818cd476baf76784dacf0786d2a,0.047990339830947026,mozilla-beta,3892049,13,6b4487d0c1f6bf5aaf17bec9a643c032ec54975b,linux1804-64-shippable-qr,True,False,,|c|o|l|d| |f|i|s|s|i|o|n| |w|e|b|r|e|n|d|e|r|,102210fe594ee9b33d82058545b1ed14f4c8206e,FirstVisualChange,amazon,True,amazon FirstVisualChange opt cold fission webrender,,6,ms,firefox,446235481.0,1840001137,2024-02-06 19:41:20,1372956,,,,,,,,,,,,,,,,,,,,,,,,,,,,,,,,,,,,,,,,,,,,,,,,,TN
644,ba9cc6824f222a00819ee368fd177b9a9e1a1ca4,0.04026220458858032,mozilla-beta,3892049,13,6b4487d0c1f6bf5aaf17bec9a643c032ec54975b,linux1804-64-shippable-qr,True,False,,|c|o|l|d| |f|i|s|s|i|o|n| |w|e|b|r|e|n|d|e|r|,102210fe594ee9b33d82058545b1ed14f4c8206e,FirstVisualChange,amazon,True,amazon FirstVisualChange opt cold fission webrender,,6,ms,firefox,446243444.0,1840073764,2024-02-06 19:56:07,1372970,,,,,,,,,,,,,,,,,,,,,,,,,,,,,,,,,,,,,,,,,,,,,,,,,TN
645,10eea88357d1ac2220fb23638cf6c39d0cbba003,0.04136622390891842,mozilla-beta,3892049,13,6b4487d0c1f6bf5aaf17bec9a643c032ec54975b,linux1804-64-shippable-qr,True,False,,|c|o|l|d| |f|i|s|s|i|o|n| |w|e|b|r|e|n|d|e|r|,102210fe594ee9b33d82058545b1ed14f4c8206e,FirstVisualChange,amazon,True,amazon FirstVisualChange opt cold fission webrender,,6,ms,firefox,446236927.0,1840014547,2024-02-06 20:12:27,1372975,,,,,,,,,,,,,,,,,,,,,,,,,,,,,,,,,,,,,,,,,,,,,,,,,TN
646,7c72700cb8d9ccf71ec62fd8331a84674c18571f,0.0,mozilla-beta,3892049,13,6b4487d0c1f6bf5aaf17bec9a643c032ec54975b,linux1804-64-shippable-qr,True,False,,|c|o|l|d| |f|i|s|s|i|o|n| |w|e|b|r|e|n|d|e|r|,102210fe594ee9b33d82058545b1ed14f4c8206e,FirstVisualChange,amazon,True,amazon FirstVisualChange opt cold fission webrender,,6,ms,firefox,446240879.0,1840050836,2024-02-06 20:35:55,1372986,,,,,,,,,,,,,,,,,,,,,,,,,,,,,,,,,,,,,,,,,,,,,,,,,TN
647,77245ebf8e08ef46554065f805d1c0f0310c6c9a,0.07383129204761082,mozilla-beta,3892049,13,6b4487d0c1f6bf5aaf17bec9a643c032ec54975b,linux1804-64-shippable-qr,True,False,,|c|o|l|d| |f|i|s|s|i|o|n| |w|e|b|r|e|n|d|e|r|,102210fe594ee9b33d82058545b1ed14f4c8206e,FirstVisualChange,amazon,True,amazon FirstVisualChange opt cold fission webrender,,6,ms,firefox,446290399.0,1840339435,2024-02-07 07:29:13,1373224,,,,,,,,,,,,,,,,,,,,,,,,,,,,,,,,,,,,,,,,,,,,,,,,,TN
648,1b4583d75b472438e6fed793d30383ca4755bb5a,0.07196825944454027,mozilla-beta,3892049,13,6b4487d0c1f6bf5aaf17bec9a643c032ec54975b,linux1804-64-shippable-qr,True,False,,|c|o|l|d| |f|i|s|s|i|o|n| |w|e|b|r|e|n|d|e|r|,102210fe594ee9b33d82058545b1ed14f4c8206e,FirstVisualChange,amazon,True,amazon FirstVisualChange opt cold fission webrender,,6,ms,firefox,446302451.0,1840371113,2024-02-07 08:18:56,1373235,,,,,,,,,,,,,,,,,,,,,,,,,,,,,,,,,,,,,,,,,,,,,,,,,TN
649,e771748109c1517e64c4d3074c8945d0ef233fff,0.11095394169397965,mozilla-beta,3892049,13,6b4487d0c1f6bf5aaf17bec9a643c032ec54975b,linux1804-64-shippable-qr,True,False,,|c|o|l|d| |f|i|s|s|i|o|n| |w|e|b|r|e|n|d|e|r|,102210fe594ee9b33d82058545b1ed14f4c8206e,FirstVisualChange,amazon,True,amazon FirstVisualChange opt cold fission webrender,,6,ms,firefox,446306071.0,1840417667,2024-02-07 09:19:58,1373258,,,,,,,,,,,,,,,,,,,,,,,,,,,,,,,,,,,,,,,,,,,,,,,,,TN
650,8f21e7fc0c1b4e1c6bdc2e14432a397e36e0389e,0.07076073831292048,mozilla-beta,3892049,13,6b4487d0c1f6bf5aaf17bec9a643c032ec54975b,linux1804-64-shippable-qr,True,False,,|c|o|l|d| |f|i|s|s|i|o|n| |w|e|b|r|e|n|d|e|r|,102210fe594ee9b33d82058545b1ed14f4c8206e,FirstVisualChange,amazon,True,amazon FirstVisualChange opt cold fission webrender,,6,ms,firefox,446401057.0,1840708918,2024-02-07 17:29:11,1373631,,,,,,,,,,,,,,,,,,,,,,,,,,,,,,,,,,,,,,,,,,,,,,,,,TN
651,1b91d8eb60be8c797901bd71b5b44054d9714ed0,0.07031223046403312,mozilla-beta,3892049,13,6b4487d0c1f6bf5aaf17bec9a643c032ec54975b,linux1804-64-shippable-qr,True,False,,|c|o|l|d| |f|i|s|s|i|o|n| |w|e|b|r|e|n|d|e|r|,102210fe594ee9b33d82058545b1ed14f4c8206e,FirstVisualChange,amazon,True,amazon FirstVisualChange opt cold fission webrender,,6,ms,firefox,446420892.0,1840815178,2024-02-07 17:31:28,1373632,,,,,,,,,,,,,,,,,,,,,,,,,,,,,,,,,,,,,,,,,,,,,,,,,TN
652,9808901a87ff413ae45b151156e099f99b0fcde2,0.0713472485768501,mozilla-beta,3892049,13,6b4487d0c1f6bf5aaf17bec9a643c032ec54975b,linux1804-64-shippable-qr,True,False,,|c|o|l|d| |f|i|s|s|i|o|n| |w|e|b|r|e|n|d|e|r|,102210fe594ee9b33d82058545b1ed14f4c8206e,FirstVisualChange,amazon,True,amazon FirstVisualChange opt cold fission webrender,,6,ms,firefox,446404505.0,1840724503,2024-02-07 18:08:14,1373669,,,,,,,,,,,,,,,,,,,,,,,,,,,,,,,,,,,,,,,,,,,,,,,,,TN
653,453cb7680c52898d60ca64d2d736fe15600a9198,0.09511816456787994,mozilla-beta,3892049,13,6b4487d0c1f6bf5aaf17bec9a643c032ec54975b,linux1804-64-shippable-qr,True,False,,|c|o|l|d| |f|i|s|s|i|o|n| |w|e|b|r|e|n|d|e|r|,102210fe594ee9b33d82058545b1ed14f4c8206e,FirstVisualChange,amazon,True,amazon FirstVisualChange opt cold fission webrender,,6,ms,firefox,446447957.0,1840924670,2024-02-07 23:59:27,1373889,,,,,,,,,,,,,,,,,,,,,,,,,,,,,,,,,,,,,,,,,,,,,,,,,TN
654,f51ca575b57686fd78dc5b0e7a89a1bda6aa1e3b,0.07721235121614631,mozilla-beta,3892049,13,6b4487d0c1f6bf5aaf17bec9a643c032ec54975b,linux1804-64-shippable-qr,True,False,,|c|o|l|d| |f|i|s|s|i|o|n| |w|e|b|r|e|n|d|e|r|,102210fe594ee9b33d82058545b1ed14f4c8206e,FirstVisualChange,amazon,True,amazon FirstVisualChange opt cold fission webrender,,6,ms,firefox,446478263.0,1841096660,2024-02-08 08:14:23,1374017,,,,,,,,,,,,,,,,,,,,,,,,,,,,,,,,,,,,,,,,,,,,,,,,,TN
655,ddb2e51f3f167c097cecfda69ea5d9219bac8406,0.07831637053648438,mozilla-beta,3892049,13,6b4487d0c1f6bf5aaf17bec9a643c032ec54975b,linux1804-64-shippable-qr,True,False,,|c|o|l|d| |f|i|s|s|i|o|n| |w|e|b|r|e|n|d|e|r|,102210fe594ee9b33d82058545b1ed14f4c8206e,FirstVisualChange,amazon,True,amazon FirstVisualChange opt cold fission webrender,,6,ms,firefox,446494134.0,1841156631,2024-02-08 09:19:05,1374036,,,,,,,,,,,,,,,,,,,,,,,,,,,,,,,,,,,,,,,,,,,,,,,,,TN
656,bba1c4f836c2d5b770bb3db1cfb39b611608dbe3,0.07831637053648438,mozilla-beta,3892049,13,6b4487d0c1f6bf5aaf17bec9a643c032ec54975b,linux1804-64-shippable-qr,True,False,,|c|o|l|d| |f|i|s|s|i|o|n| |w|e|b|r|e|n|d|e|r|,102210fe594ee9b33d82058545b1ed14f4c8206e,FirstVisualChange,amazon,True,amazon FirstVisualChange opt cold fission webrender,,6,ms,firefox,446497918.0,1841168121,2024-02-08 11:27:56,1374095,,,,,,,,,,,,,,,,,,,,,,,,,,,,,,,,,,,,,,,,,,,,,,,,,TN
657,c0153173d3d82e7c4c4c035f47140d8c3d959074,0.0706572365016388,mozilla-beta,3892049,13,6b4487d0c1f6bf5aaf17bec9a643c032ec54975b,linux1804-64-shippable-qr,True,False,,|c|o|l|d| |f|i|s|s|i|o|n| |w|e|b|r|e|n|d|e|r|,102210fe594ee9b33d82058545b1ed14f4c8206e,FirstVisualChange,amazon,True,amazon FirstVisualChange opt cold fission webrender,,6,ms,firefox,446501699.0,1841179992,2024-02-08 12:17:00,1374105,,,,,,,,,,,,,,,,,,,,,,,,,,,,,,,,,,,,,,,,,,,,,,,,,TN
658,adf50cae563ee49db51713af8c792eb00fc75e61,0.0691392099361739,mozilla-beta,3892049,13,6b4487d0c1f6bf5aaf17bec9a643c032ec54975b,linux1804-64-shippable-qr,True,False,,|c|o|l|d| |f|i|s|s|i|o|n| |w|e|b|r|e|n|d|e|r|,102210fe594ee9b33d82058545b1ed14f4c8206e,FirstVisualChange,amazon,True,amazon FirstVisualChange opt cold fission webrender,,6,ms,firefox,446510317.0,1841221797,2024-02-08 13:22:33,1374115,,,,,,,,,,,,,,,,,,,,,,,,,,,,,,,,,,,,,,,,,,,,,,,,,TN
659,ee866bff81793c45aecb3f5d7d8f4bd0ea93555b,0.07603933068828705,mozilla-beta,3892049,13,6b4487d0c1f6bf5aaf17bec9a643c032ec54975b,linux1804-64-shippable-qr,True,False,,|c|o|l|d| |f|i|s|s|i|o|n| |w|e|b|r|e|n|d|e|r|,102210fe594ee9b33d82058545b1ed14f4c8206e,FirstVisualChange,amazon,True,amazon FirstVisualChange opt cold fission webrender,,6,ms,firefox,446542494.0,1841347425,2024-02-08 17:32:32,1374322,,,,,,,,,,,,,,,,,,,,,,,,,,,,,,,,,,,,,,,,,,,,,,,,,TN
660,98cb75795f830804c6bbbbb8427c6911e6cac7d5,0.06617215801276524,mozilla-beta,3892049,13,6b4487d0c1f6bf5aaf17bec9a643c032ec54975b,linux1804-64-shippable-qr,True,False,,|c|o|l|d| |f|i|s|s|i|o|n| |w|e|b|r|e|n|d|e|r|,102210fe594ee9b33d82058545b1ed14f4c8206e,FirstVisualChange,amazon,True,amazon FirstVisualChange opt cold fission webrender,,6,ms,firefox,446561546.0,1841414413,2024-02-08 19:44:44,1374447,,,,,,,,,,,,,,,,,,,,,,,,,,,,,,,,,,,,,,,,,,,,,,,,,TN
661,2994ba711bf024346bee4f7f674bf655fee51d94,0.07917888563049852,mozilla-beta,3892049,13,6b4487d0c1f6bf5aaf17bec9a643c032ec54975b,linux1804-64-shippable-qr,True,False,,|c|o|l|d| |f|i|s|s|i|o|n| |w|e|b|r|e|n|d|e|r|,102210fe594ee9b33d82058545b1ed14f4c8206e,FirstVisualChange,amazon,True,amazon FirstVisualChange opt cold fission webrender,,6,ms,firefox,446572150.0,1841485607,2024-02-08 20:39:56,1374478,,,,,,,,,,,,,,,,,,,,,,,,,,,,,,,,,,,,,,,,,,,,,,,,,TN
662,97dd2042617d14565270931303e2df2f84f4a8a9,0.07379679144385029,mozilla-beta,3892049,13,6b4487d0c1f6bf5aaf17bec9a643c032ec54975b,linux1804-64-shippable-qr,True,False,,|c|o|l|d| |f|i|s|s|i|o|n| |w|e|b|r|e|n|d|e|r|,102210fe594ee9b33d82058545b1ed14f4c8206e,FirstVisualChange,amazon,True,amazon FirstVisualChange opt cold fission webrender,,6,ms,firefox,446639156.0,1841746515,2024-02-09 08:31:04,1374719,,,,,,,,,,,,,,,,,,,,,,,,,,,,,,,,,,,,,,,,,,,,,,,,,TN
663,c5825068e5e0ce55bb2147e8de9e7f19615ca3d6,0.07438330170777988,mozilla-beta,3892049,13,6b4487d0c1f6bf5aaf17bec9a643c032ec54975b,linux1804-64-shippable-qr,True,False,,|c|o|l|d| |f|i|s|s|i|o|n| |w|e|b|r|e|n|d|e|r|,102210fe594ee9b33d82058545b1ed14f4c8206e,FirstVisualChange,amazon,True,amazon FirstVisualChange opt cold fission webrender,,6,ms,firefox,446643459.0,1841785944,2024-02-09 09:18:12,1374738,,,,,,,,,,,,,,,,,,,,,,,,,,,,,,,,,,,,,,,,,,,,,,,,,TN
664,2f3df14b985728e0bcb6a2510d7773bce4749363,0.061687079523891686,mozilla-beta,3892049,13,6b4487d0c1f6bf5aaf17bec9a643c032ec54975b,linux1804-64-shippable-qr,True,False,,|c|o|l|d| |f|i|s|s|i|o|n| |w|e|b|r|e|n|d|e|r|,102210fe594ee9b33d82058545b1ed14f4c8206e,FirstVisualChange,amazon,True,amazon FirstVisualChange opt cold fission webrender,,6,ms,firefox,446655918.0,1841825138,2024-02-09 10:24:25,1374773,,,,,,,,,,,,,,,,,,,,,,,,,,,,,,,,,,,,,,,,,,,,,,,,,TN
665,1bb55a790d7a3fdbb2b9723e962f28d26d99e7b6,0.08349146110056924,mozilla-beta,3892049,13,6b4487d0c1f6bf5aaf17bec9a643c032ec54975b,linux1804-64-shippable-qr,True,False,,|c|o|l|d| |f|i|s|s|i|o|n| |w|e|b|r|e|n|d|e|r|,102210fe594ee9b33d82058545b1ed14f4c8206e,FirstVisualChange,amazon,True,amazon FirstVisualChange opt cold fission webrender,,6,ms,firefox,446709799.0,1841969840,2024-02-09 14:42:41,1374899,,,,,,,,,,,,,,,,,,,,,,,,,,,,,,,,,,,,,,,,,,,,,,,,,TN
666,1ecc0a4e5e12282711e6fa3f8d0226dd515d03f7,0.08580300155252718,mozilla-beta,3892049,13,6b4487d0c1f6bf5aaf17bec9a643c032ec54975b,linux1804-64-shippable-qr,True,False,,|c|o|l|d| |f|i|s|s|i|o|n| |w|e|b|r|e|n|d|e|r|,102210fe594ee9b33d82058545b1ed14f4c8206e,FirstVisualChange,amazon,True,amazon FirstVisualChange opt cold fission webrender,,6,ms,firefox,446792020.0,1842306631,2024-02-10 09:17:14,1375372,,,,,,,,,,,,,,,,,,,,,,,,,,,,,,,,,,,,,,,,,,,,,,,,,TN
667,bfd9eaa704ca4a8e93ea0464631390ffa5a0c1fc,0.07617733310332933,mozilla-beta,3892049,13,6b4487d0c1f6bf5aaf17bec9a643c032ec54975b,linux1804-64-shippable-qr,True,False,,|c|o|l|d| |f|i|s|s|i|o|n| |w|e|b|r|e|n|d|e|r|,102210fe594ee9b33d82058545b1ed14f4c8206e,FirstVisualChange,amazon,True,amazon FirstVisualChange opt cold fission webrender,,6,ms,firefox,446850417.0,1842551156,2024-02-11 09:17:32,1375470,,,,,,,,,,,,,,,,,,,,,,,,,,,,,,,,,,,,,,,,,,,,,,,,,TN
668,935359ea03adb54539530b07e6314e7d1c8eea56,0.08511298947731585,mozilla-beta,3892049,13,6b4487d0c1f6bf5aaf17bec9a643c032ec54975b,linux1804-64-shippable-qr,True,False,,|c|o|l|d| |f|i|s|s|i|o|n| |w|e|b|r|e|n|d|e|r|,102210fe594ee9b33d82058545b1ed14f4c8206e,FirstVisualChange,amazon,True,amazon FirstVisualChange opt cold fission webrender,,6,ms,firefox,446866001.0,1842587393,2024-02-11 11:34:20,1375479,,,,,,,,,,,,,,,,,,,,,,,,,,,,,,,,,,,,,,,,,,,,,,,,,TN
669,229f1ec7ec2bbd7b577592168557c93e0cc13a01,0.07220976367086426,mozilla-beta,3892049,13,6b4487d0c1f6bf5aaf17bec9a643c032ec54975b,linux1804-64-shippable-qr,True,False,,|c|o|l|d| |f|i|s|s|i|o|n| |w|e|b|r|e|n|d|e|r|,102210fe594ee9b33d82058545b1ed14f4c8206e,FirstVisualChange,amazon,True,amazon FirstVisualChange opt cold fission webrender,,6,ms,firefox,446900812.0,1842784780,2024-02-12 09:17:44,1375646,,,,,,,,,,,,,,,,,,,,,,,,,,,,,,,,,,,,,,,,,,,,,,,,,TN
670,efbd175193a69c684c78a68adc4e1862a82ad7b4,0.06896670691737108,mozilla-beta,3892049,13,6b4487d0c1f6bf5aaf17bec9a643c032ec54975b,linux1804-64-shippable-qr,True,False,,|c|o|l|d| |f|i|s|s|i|o|n| |w|e|b|r|e|n|d|e|r|,102210fe594ee9b33d82058545b1ed14f4c8206e,FirstVisualChange,amazon,True,amazon FirstVisualChange opt cold fission webrender,,6,ms,firefox,447616181.0,1845292120,2024-02-19 09:25:31,1378775,,,,,,,,,,,,,,,,,,,,,,,,,,,,,,,,,,,,,,,,,,,,,,,,,TN
671,68158ab7c66395248f28b96d9f7f86e11d2e8d60,0.02497843712264966,mozilla-beta,3892049,13,6b4487d0c1f6bf5aaf17bec9a643c032ec54975b,linux1804-64-shippable-qr,True,False,,|c|o|l|d| |f|i|s|s|i|o|n| |w|e|b|r|e|n|d|e|r|,102210fe594ee9b33d82058545b1ed14f4c8206e,FirstVisualChange,amazon,True,amazon FirstVisualChange opt cold fission webrender,,6,ms,firefox,447738801.0,1845748194,2024-02-20 09:20:55,1379160,,,,,,,,,,,,,,,,,,,,,,,,,,,,,,,,,,,,,,,,,,,,,,,,,TN
672,f52b92d785d0346848c447a502d5d50bebd2ea53,0.07883387959289287,mozilla-beta,3892049,13,6b4487d0c1f6bf5aaf17bec9a643c032ec54975b,linux1804-64-shippable-qr,True,False,,|c|o|l|d| |f|i|s|s|i|o|n| |w|e|b|r|e|n|d|e|r|,102210fe594ee9b33d82058545b1ed14f4c8206e,FirstVisualChange,amazon,True,amazon FirstVisualChange opt cold fission webrender,,6,ms,firefox,447876274.0,1846249813,2024-02-21 09:15:58,1379816,,,,,,,,,,,,,,,,,,,,,,,,,,,,,,,,,,,,,,,,,,,,,,,,,TN
673,92ad84fbd2d3ab2c2d05d5080455a140a126cff5,0.07341728480248405,mozilla-beta,3892049,13,6b4487d0c1f6bf5aaf17bec9a643c032ec54975b,linux1804-64-shippable-qr,True,False,,|c|o|l|d| |f|i|s|s|i|o|n| |w|e|b|r|e|n|d|e|r|,102210fe594ee9b33d82058545b1ed14f4c8206e,FirstVisualChange,amazon,True,amazon FirstVisualChange opt cold fission webrender,,6,ms,firefox,448049670.0,1847044135,2024-02-22 09:17:41,1380500,,,,,,,,,,,,,,,,,,,,,,,,,,,,,,,,,,,,,,,,,,,,,,,,,TN
674,1ec7aaea5f3d1777524a7330e076d096399ae4f5,0.07417629808521647,mozilla-beta,3892049,13,6b4487d0c1f6bf5aaf17bec9a643c032ec54975b,linux1804-64-shippable-qr,True,False,,|c|o|l|d| |f|i|s|s|i|o|n| |w|e|b|r|e|n|d|e|r|,102210fe594ee9b33d82058545b1ed14f4c8206e,FirstVisualChange,amazon,True,amazon FirstVisualChange opt cold fission webrender,,6,ms,firefox,448191906.0,1847697491,2024-02-23 09:17:06,1381265,,,,,,,,,,,,,,,,,,,,,,,,,,,,,,,,,,,,,,,,,,,,,,,,,TN
675,957eaa7c057ac32303286a9f151e40393de97f35,0.07107124374676554,mozilla-beta,3892049,13,6b4487d0c1f6bf5aaf17bec9a643c032ec54975b,linux1804-64-shippable-qr,True,False,,|c|o|l|d| |f|i|s|s|i|o|n| |w|e|b|r|e|n|d|e|r|,102210fe594ee9b33d82058545b1ed14f4c8206e,FirstVisualChange,amazon,True,amazon FirstVisualChange opt cold fission webrender,,6,ms,firefox,448336335.0,1848263853,2024-02-24 09:17:22,1381908,,,,,,,,,,,,,,,,,,,,,,,,,,,,,,,,,,,,,,,,,,,,,,,,,TN
676,934697c1247f8a7f0990d97d055540f17de9b474,0.07945489046058307,mozilla-beta,3892049,13,6b4487d0c1f6bf5aaf17bec9a643c032ec54975b,linux1804-64-shippable-qr,True,False,,|c|o|l|d| |f|i|s|s|i|o|n| |w|e|b|r|e|n|d|e|r|,102210fe594ee9b33d82058545b1ed14f4c8206e,FirstVisualChange,amazon,True,amazon FirstVisualChange opt cold fission webrender,,6,ms,firefox,448390721.0,1848445834,2024-02-25 09:17:37,1382031,,,,,,,,,,,,,,,,,,,,,,,,,,,,,,,,,,,,,,,,,,,,,,,,,TN
677,ae07067467cc71fb031882787bfc03933b389664,0.08080041400724514,mozilla-beta,3892049,13,6b4487d0c1f6bf5aaf17bec9a643c032ec54975b,linux1804-64-shippable-qr,True,False,,|c|o|l|d| |f|i|s|s|i|o|n| |w|e|b|r|e|n|d|e|r|,102210fe594ee9b33d82058545b1ed14f4c8206e,FirstVisualChange,amazon,True,amazon FirstVisualChange opt cold fission webrender,,6,ms,firefox,448444729.0,1848629379,2024-02-26 09:19:39,1382178,,,,,,,,,,,,,,,,,,,,,,,,,,,,,,,,,,,,,,,,,,,,,,,,,TN
678,0999ed6a09f562ac5680ce7111c3611857a93c49,0.06965671899258238,mozilla-beta,3892049,13,6b4487d0c1f6bf5aaf17bec9a643c032ec54975b,linux1804-64-shippable-qr,True,False,,|c|o|l|d| |f|i|s|s|i|o|n| |w|e|b|r|e|n|d|e|r|,102210fe594ee9b33d82058545b1ed14f4c8206e,FirstVisualChange,amazon,True,amazon FirstVisualChange opt cold fission webrender,,6,ms,firefox,448602015.0,1849284140,2024-02-27 09:15:26,1382853,,,,,,,,,,,,,,,,,,,,,,,,,,,,,,,,,,,,,,,,,,,,,,,,,TN
679,401ddd57f906d5e7ca764f87db82b58a9532b1b7,0.0713472485768501,mozilla-beta,3892049,13,6b4487d0c1f6bf5aaf17bec9a643c032ec54975b,linux1804-64-shippable-qr,True,False,,|c|o|l|d| |f|i|s|s|i|o|n| |w|e|b|r|e|n|d|e|r|,102210fe594ee9b33d82058545b1ed14f4c8206e,FirstVisualChange,amazon,True,amazon FirstVisualChange opt cold fission webrender,,6,ms,firefox,448756983.0,1849883663,2024-02-28 09:17:14,1383641,,,,,,,,,,,,,,,,,,,,,,,,,,,,,,,,,,,,,,,,,,,,,,,,,TN
680,47a022d40eee30f09c94e7ed9ab0c07c76658c43,0.07145075038813178,mozilla-beta,3892049,13,6b4487d0c1f6bf5aaf17bec9a643c032ec54975b,linux1804-64-shippable-qr,True,False,,|c|o|l|d| |f|i|s|s|i|o|n| |w|e|b|r|e|n|d|e|r|,102210fe594ee9b33d82058545b1ed14f4c8206e,FirstVisualChange,amazon,True,amazon FirstVisualChange opt cold fission webrender,,6,ms,firefox,448942591.0,1850594961,2024-02-29 09:18:56,1384386,,,,,,,,,,,,,,,,,,,,,,,,,,,,,,,,,,,,,,,,,,,,,,,,,TN
681,4460e94868c1046b2812fc3a0940966d4a98a7c5,0.07013972744523031,mozilla-beta,3892049,13,6b4487d0c1f6bf5aaf17bec9a643c032ec54975b,linux1804-64-shippable-qr,True,False,,|c|o|l|d| |f|i|s|s|i|o|n| |w|e|b|r|e|n|d|e|r|,102210fe594ee9b33d82058545b1ed14f4c8206e,FirstVisualChange,amazon,True,amazon FirstVisualChange opt cold fission webrender,,6,ms,firefox,449086798.0,1851251415,2024-03-01 09:18:52,1385270,,,,,,,,,,,,,,,,,,,,,,,,,,,,,,,,,,,,,,,,,,,,,,,,,TN
682,1cb56ccffcba9313d8620178c2972a667fcfb441,0.09301362773848543,mozilla-beta,3892049,13,6b4487d0c1f6bf5aaf17bec9a643c032ec54975b,linux1804-64-shippable-qr,True,False,,|c|o|l|d| |f|i|s|s|i|o|n| |w|e|b|r|e|n|d|e|r|,102210fe594ee9b33d82058545b1ed14f4c8206e,FirstVisualChange,amazon,True,amazon FirstVisualChange opt cold fission webrender,,6,ms,firefox,449201720.0,1851683473,2024-03-02 09:17:43,1385896,,,,,,,,,,,,,,,,,,,,,,,,,,,,,,,,,,,,,,,,,,,,,,,,,TN
683,bfdc95d345acc33d49664c07e599896f13fcfe83,0.09753320683111955,mozilla-beta,3892049,13,6b4487d0c1f6bf5aaf17bec9a643c032ec54975b,linux1804-64-shippable-qr,True,False,,|c|o|l|d| |f|i|s|s|i|o|n| |w|e|b|r|e|n|d|e|r|,102210fe594ee9b33d82058545b1ed14f4c8206e,FirstVisualChange,amazon,True,amazon FirstVisualChange opt cold fission webrender,,6,ms,firefox,449306080.0,1852094261,2024-03-03 09:19:05,1386049,,,,,,,,,,,,,,,,,,,,,,,,,,,,,,,,,,,,,,,,,,,,,,,,,TN
684,27d659cebabdf65399b834419b955970b7063987,0.0830429532516819,mozilla-beta,3892049,13,6b4487d0c1f6bf5aaf17bec9a643c032ec54975b,linux1804-64-shippable-qr,True,False,,|c|o|l|d| |f|i|s|s|i|o|n| |w|e|b|r|e|n|d|e|r|,102210fe594ee9b33d82058545b1ed14f4c8206e,FirstVisualChange,amazon,True,amazon FirstVisualChange opt cold fission webrender,,6,ms,firefox,449382422.0,1852423621,2024-03-04 09:17:53,1386240,,,,,,,,,,,,,,,,,,,,,,,,,,,,,,,,,,,,,,,,,,,,,,,,,TN
685,ca3c73cda9454065f94c8042e1ab22f3b63d37e4,0.07614283249956874,mozilla-beta,3892049,13,6b4487d0c1f6bf5aaf17bec9a643c032ec54975b,linux1804-64-shippable-qr,True,False,,|c|o|l|d| |f|i|s|s|i|o|n| |w|e|b|r|e|n|d|e|r|,102210fe594ee9b33d82058545b1ed14f4c8206e,FirstVisualChange,amazon,True,amazon FirstVisualChange opt cold fission webrender,,6,ms,firefox,449584797.0,1853129251,2024-03-05 09:18:16,1387064,,,,,,,,,,,,,,,,,,,,,,,,,,,,,,,,,,,,,,,,,,,,,,,,,TN
686,e3e0e69d83f0a2b2c37c8c08e660f9e1258c0cdb,0.07000172503018806,mozilla-beta,3892049,13,6b4487d0c1f6bf5aaf17bec9a643c032ec54975b,linux1804-64-shippable-qr,True,False,,|c|o|l|d| |f|i|s|s|i|o|n| |w|e|b|r|e|n|d|e|r|,102210fe594ee9b33d82058545b1ed14f4c8206e,FirstVisualChange,amazon,True,amazon FirstVisualChange opt cold fission webrender,,6,ms,firefox,449755667.0,1853758129,2024-03-06 10:47:56,1388026,,,,,,,,,,,,,,,,,,,,,,,,,,,,,,,,,,,,,,,,,,,,,,,,,TN
687,f8d8807e88c8d0cef0e81df53f18d2599dba30c0,0.07162325340693462,mozilla-beta,3892049,13,6b4487d0c1f6bf5aaf17bec9a643c032ec54975b,linux1804-64-shippable-qr,True,False,,|c|o|l|d| |f|i|s|s|i|o|n| |w|e|b|r|e|n|d|e|r|,102210fe594ee9b33d82058545b1ed14f4c8206e,FirstVisualChange,amazon,True,amazon FirstVisualChange opt cold fission webrender,,6,ms,firefox,449915330.0,1854406655,2024-03-07 09:17:51,1388859,,,,,,,,,,,,,,,,,,,,,,,,,,,,,,,,,,,,,,,,,,,,,,,,,TN
688,70ebd4ce1fd92e981156d6ee8b4c83924bbcf9bc,0.07417629808521647,mozilla-beta,3892049,13,6b4487d0c1f6bf5aaf17bec9a643c032ec54975b,linux1804-64-shippable-qr,True,False,,|c|o|l|d| |f|i|s|s|i|o|n| |w|e|b|r|e|n|d|e|r|,102210fe594ee9b33d82058545b1ed14f4c8206e,FirstVisualChange,amazon,True,amazon FirstVisualChange opt cold fission webrender,,6,ms,firefox,450053373.0,1855051145,2024-03-08 09:16:26,1389590,,,,,,,,,,,,,,,,,,,,,,,,,,,,,,,,,,,,,,,,,,,,,,,,,TN
689,cf5738c4ba92559e15bf68b7425362ee9cf06c4f,0.07948939106434363,mozilla-beta,3892049,13,6b4487d0c1f6bf5aaf17bec9a643c032ec54975b,linux1804-64-shippable-qr,True,False,,|c|o|l|d| |f|i|s|s|i|o|n| |w|e|b|r|e|n|d|e|r|,102210fe594ee9b33d82058545b1ed14f4c8206e,FirstVisualChange,amazon,True,amazon FirstVisualChange opt cold fission webrender,,6,ms,firefox,450187539.0,1855583528,2024-03-09 09:18:50,1390177,,,,,,,,,,,,,,,,,,,,,,,,,,,,,,,,,,,,,,,,,,,,,,,,,TN
690,540aff2c4e3fb06d8f2d7237c0f97e2607f66db2,0.07434880110401931,mozilla-beta,3892049,13,6b4487d0c1f6bf5aaf17bec9a643c032ec54975b,linux1804-64-shippable-qr,True,False,,|c|o|l|d| |f|i|s|s|i|o|n| |w|e|b|r|e|n|d|e|r|,102210fe594ee9b33d82058545b1ed14f4c8206e,FirstVisualChange,amazon,True,amazon FirstVisualChange opt cold fission webrender,,6,ms,firefox,450245522.0,1855778556,2024-03-10 09:17:47,1390270,,,,,,,,,,,,,,,,,,,,,,,,,,,,,,,,,,,,,,,,,,,,,,,,,TN
691,0cf99846ae207384b7b0d487a0c2bdc891c41b98,0.06413662239089185,mozilla-beta,3892049,13,6b4487d0c1f6bf5aaf17bec9a643c032ec54975b,linux1804-64-shippable-qr,True,False,,|c|o|l|d| |f|i|s|s|i|o|n| |w|e|b|r|e|n|d|e|r|,102210fe594ee9b33d82058545b1ed14f4c8206e,FirstVisualChange,amazon,True,amazon FirstVisualChange opt cold fission webrender,,6,ms,firefox,450307409.0,1856049761,2024-03-11 09:18:41,1390441,,,,,,,,,,,,,,,,,,,,,,,,,,,,,,,,,,,,,,,,,,,,,,,,,TN
692,0e1d5dc220c3bfb832d713de0ad1146da80622aa,0.29363463860617567,mozilla-beta,3892049,13,6b4487d0c1f6bf5aaf17bec9a643c032ec54975b,linux1804-64-shippable-qr,True,False,,|c|o|l|d| |f|i|s|s|i|o|n| |w|e|b|r|e|n|d|e|r|,102210fe594ee9b33d82058545b1ed14f4c8206e,FirstVisualChange,amazon,True,amazon FirstVisualChange opt cold fission webrender,,6,ms,firefox,450466535.0,1856640984,2024-03-11 14:13:13,1390540,,,,,,,,,,,,,,,,,,,,,,,,,,,,,,,,,,,,,,,,,,,,,,,,,TN
693,566939372e5a2716a9508a1acde76dc7c4a2511d,0.0709332413317233,mozilla-beta,3892049,13,6b4487d0c1f6bf5aaf17bec9a643c032ec54975b,linux1804-64-shippable-qr,True,False,,|c|o|l|d| |f|i|s|s|i|o|n| |w|e|b|r|e|n|d|e|r|,102210fe594ee9b33d82058545b1ed14f4c8206e,FirstVisualChange,amazon,True,amazon FirstVisualChange opt cold fission webrender,,6,ms,firefox,451102617.0,1859472139,2024-03-18 08:55:08,1394231,,,,,,,,,,,,,,,,,,,,,,,,,,,,,,,,,,,,,,,,,,,,,,,,,TN
694,0a6626ed41f59eb0256321549dcb596810cde22a,0.06793168880455411,mozilla-beta,3892049,13,6b4487d0c1f6bf5aaf17bec9a643c032ec54975b,linux1804-64-shippable-qr,True,False,,|c|o|l|d| |f|i|s|s|i|o|n| |w|e|b|r|e|n|d|e|r|,102210fe594ee9b33d82058545b1ed14f4c8206e,FirstVisualChange,amazon,True,amazon FirstVisualChange opt cold fission webrender,,6,ms,firefox,451274249.0,1860132800,2024-03-19 09:38:35,1394680,,,,,,,,,,,,,,,,,,,,,,,,,,,,,,,,,,,,,,,,,,,,,,,,,TN
695,ffae974400aead10a82798846de082587d2f8981,0.056718992582370203,mozilla-beta,3892049,13,6b4487d0c1f6bf5aaf17bec9a643c032ec54975b,linux1804-64-shippable-qr,True,False,,|c|o|l|d| |f|i|s|s|i|o|n| |w|e|b|r|e|n|d|e|r|,102210fe594ee9b33d82058545b1ed14f4c8206e,FirstVisualChange,amazon,True,amazon FirstVisualChange opt cold fission webrender,,6,ms,firefox,451456131.0,1860885728,2024-03-20 09:17:24,1395090,,,,,,,,,,,,,,,,,,,,,,,,,,,,,,,,,,,,,,,,,,,,,,,,,TN
696,5ef320087fe3720e882d8e1c7a12b1295c818ebd,0.040917716060031056,mozilla-beta,3892049,13,6b4487d0c1f6bf5aaf17bec9a643c032ec54975b,linux1804-64-shippable-qr,True,False,,|c|o|l|d| |f|i|s|s|i|o|n| |w|e|b|r|e|n|d|e|r|,102210fe594ee9b33d82058545b1ed14f4c8206e,FirstVisualChange,amazon,True,amazon FirstVisualChange opt cold fission webrender,,6,ms,firefox,451651069.0,1861647274,2024-03-21 09:16:03,1395733,,,,,,,,,,,,,,,,,,,,,,,,,,,,,,,,,,,,,,,,,,,,,,,,,TN
697,ee89d28fdf0e54ffce41da17f83535e68cbb3c2d,0.06403312057961014,mozilla-beta,3892049,13,6b4487d0c1f6bf5aaf17bec9a643c032ec54975b,linux1804-64-shippable-qr,True,False,,|c|o|l|d| |f|i|s|s|i|o|n| |w|e|b|r|e|n|d|e|r|,102210fe594ee9b33d82058545b1ed14f4c8206e,FirstVisualChange,amazon,True,amazon FirstVisualChange opt cold fission webrender,,6,ms,firefox,451876416.0,1862455066,2024-03-22 09:16:22,1397233,,,,,,,,,,,,,,,,,,,,,,,,,,,,,,,,,,,,,,,,,,,,,,,,,TN
698,77e3a282dfd4685e94c03ecd5b18624226e19b27,0.0802139037433155,mozilla-beta,3892049,13,6b4487d0c1f6bf5aaf17bec9a643c032ec54975b,linux1804-64-shippable-qr,True,False,,|c|o|l|d| |f|i|s|s|i|o|n| |w|e|b|r|e|n|d|e|r|,102210fe594ee9b33d82058545b1ed14f4c8206e,FirstVisualChange,amazon,True,amazon FirstVisualChange opt cold fission webrender,,6,ms,firefox,452005211.0,1863004845,2024-03-23 09:19:32,1397823,,,,,,,,,,,,,,,,,,,,,,,,,,,,,,,,,,,,,,,,,,,,,,,,,TN
699,3d85a80706c8f8aa0641870ddd524cfea4891444,0.07831637053648438,mozilla-beta,3892049,13,6b4487d0c1f6bf5aaf17bec9a643c032ec54975b,linux1804-64-shippable-qr,True,False,,|c|o|l|d| |f|i|s|s|i|o|n| |w|e|b|r|e|n|d|e|r|,102210fe594ee9b33d82058545b1ed14f4c8206e,FirstVisualChange,amazon,True,amazon FirstVisualChange opt cold fission webrender,,6,ms,firefox,452071139.0,1863277213,2024-03-24 09:20:06,1397933,,,,,,,,,,,,,,,,,,,,,,,,,,,,,,,,,,,,,,,,,,,,,,,,,TN
700,e44d7c643476811488fd811c8bba2509843641c1,0.07686734517854063,mozilla-beta,3892049,13,6b4487d0c1f6bf5aaf17bec9a643c032ec54975b,linux1804-64-shippable-qr,True,False,,|c|o|l|d| |f|i|s|s|i|o|n| |w|e|b|r|e|n|d|e|r|,102210fe594ee9b33d82058545b1ed14f4c8206e,FirstVisualChange,amazon,True,amazon FirstVisualChange opt cold fission webrender,,6,ms,firefox,452147489.0,1863624404,2024-03-25 09:14:08,1398053,,,,,,,,,,,,,,,,,,,,,,,,,,,,,,,,,,,,,,,,,,,,,,,,,TN
701,d301ddf00248b484c7738710f6c8b8505b83f314,0.0808349146110057,mozilla-beta,3892049,13,6b4487d0c1f6bf5aaf17bec9a643c032ec54975b,linux1804-64-shippable-qr,True,False,,|c|o|l|d| |f|i|s|s|i|o|n| |w|e|b|r|e|n|d|e|r|,102210fe594ee9b33d82058545b1ed14f4c8206e,FirstVisualChange,amazon,True,amazon FirstVisualChange opt cold fission webrender,,6,ms,firefox,452325756.0,1864337466,2024-03-26 09:15:47,1398856,,,,,,,,,,,,,,,,,,,,,,,,,,,,,,,,,,,,,,,,,,,,,,,,,TN
702,2961c0291c90821915e323eb718526343c9002f6,0.063170605485596,mozilla-beta,3892049,13,6b4487d0c1f6bf5aaf17bec9a643c032ec54975b,linux1804-64-shippable-qr,True,False,,|c|o|l|d| |f|i|s|s|i|o|n| |w|e|b|r|e|n|d|e|r|,102210fe594ee9b33d82058545b1ed14f4c8206e,FirstVisualChange,amazon,True,amazon FirstVisualChange opt cold fission webrender,,6,ms,firefox,452491683.0,1865045736,2024-03-27 09:22:50,1399681,,,,,,,,,,,,,,,,,,,,,,,,,,,,,,,,,,,,,,,,,,,,,,,,,TN
703,d8ff3d0abda00419cb16fc609e8bd1b548a22f20,0.04229774021045368,mozilla-beta,3892049,13,6b4487d0c1f6bf5aaf17bec9a643c032ec54975b,linux1804-64-shippable-qr,True,False,,|c|o|l|d| |f|i|s|s|i|o|n| |w|e|b|r|e|n|d|e|r|,102210fe594ee9b33d82058545b1ed14f4c8206e,FirstVisualChange,amazon,True,amazon FirstVisualChange opt cold fission webrender,,6,ms,firefox,452664678.0,1865699448,2024-03-28 09:19:58,1400430,,,,,,,,,,,,,,,,,,,,,,,,,,,,,,,,,,,,,,,,,,,,,,,,,TN
704,9d8459103ff084e7123569e4154861e4814b1a5c,0.05085388994307402,mozilla-beta,3892049,13,6b4487d0c1f6bf5aaf17bec9a643c032ec54975b,linux1804-64-shippable-qr,True,False,,|c|o|l|d| |f|i|s|s|i|o|n| |w|e|b|r|e|n|d|e|r|,102210fe594ee9b33d82058545b1ed14f4c8206e,FirstVisualChange,amazon,True,amazon FirstVisualChange opt cold fission webrender,,6,ms,firefox,452805449.0,1866313095,2024-03-29 09:19:18,1401077,,,,,,,,,,,,,,,,,,,,,,,,,,,,,,,,,,,,,,,,,,,,,,,,,TN
705,fba6666cd8c543502ed302f3b88b3f3a3ad1b0a5,0.03788166292910128,mozilla-beta,3892049,13,6b4487d0c1f6bf5aaf17bec9a643c032ec54975b,linux1804-64-shippable-qr,True,False,,|c|o|l|d| |f|i|s|s|i|o|n| |w|e|b|r|e|n|d|e|r|,102210fe594ee9b33d82058545b1ed14f4c8206e,FirstVisualChange,amazon,True,amazon FirstVisualChange opt cold fission webrender,,6,ms,firefox,452920585.0,1866761810,2024-03-30 09:18:58,1401447,,,,,,,,,,,,,,,,,,,,,,,,,,,,,,,,,,,,,,,,,,,,,,,,,TN
706,6d71e191ef0c59ab08e1f033675d55f11f8d745f,0.07797136449887873,mozilla-beta,3892049,13,6b4487d0c1f6bf5aaf17bec9a643c032ec54975b,linux1804-64-shippable-qr,True,False,,|c|o|l|d| |f|i|s|s|i|o|n| |w|e|b|r|e|n|d|e|r|,102210fe594ee9b33d82058545b1ed14f4c8206e,FirstVisualChange,amazon,True,amazon FirstVisualChange opt cold fission webrender,,6,ms,firefox,452976821.0,1866990423,2024-03-31 09:17:23,1401517,,,,,,,,,,,,,,,,,,,,,,,,,,,,,,,,,,,,,,,,,,,,,,,,,TN
707,705c01f25fd07ab305f171f08f4ec807d926b61a,0.055097464205623614,mozilla-beta,3892049,13,6b4487d0c1f6bf5aaf17bec9a643c032ec54975b,linux1804-64-shippable-qr,True,False,,|c|o|l|d| |f|i|s|s|i|o|n| |w|e|b|r|e|n|d|e|r|,102210fe594ee9b33d82058545b1ed14f4c8206e,FirstVisualChange,amazon,True,amazon FirstVisualChange opt cold fission webrender,,6,ms,firefox,453033947.0,1867176950,2024-04-01 09:16:00,1401632,,,,,,,,,,,,,,,,,,,,,,,,,,,,,,,,,,,,,,,,,,,,,,,,,TN
708,e16ab0e5c2ea33875bc9659e41e54fb7247aac99,0.04719682594445404,mozilla-beta,3892049,13,6b4487d0c1f6bf5aaf17bec9a643c032ec54975b,linux1804-64-shippable-qr,True,False,,|c|o|l|d| |f|i|s|s|i|o|n| |w|e|b|r|e|n|d|e|r|,102210fe594ee9b33d82058545b1ed14f4c8206e,FirstVisualChange,amazon,True,amazon FirstVisualChange opt cold fission webrender,,6,ms,firefox,453182248.0,1867741504,2024-04-02 09:18:04,1402189,,,,,,,,,,,,,,,,,,,,,,,,,,,,,,,,,,,,,,,,,,,,,,,,,TN
709,112b84c83c8e3dfdce67608701b29c4a5174cfc0,0.0677936863895118,mozilla-beta,3892049,13,6b4487d0c1f6bf5aaf17bec9a643c032ec54975b,linux1804-64-shippable-qr,True,False,,|c|o|l|d| |f|i|s|s|i|o|n| |w|e|b|r|e|n|d|e|r|,102210fe594ee9b33d82058545b1ed14f4c8206e,FirstVisualChange,amazon,True,amazon FirstVisualChange opt cold fission webrender,,6,ms,firefox,453324839.0,1868315454,2024-04-03 09:16:02,1402980,,,,,,,,,,,,,,,,,,,,,,,,,,,,,,,,,,,,,,,,,,,,,,,,,TN
710,848a5dd2f03333916deef2de0bd480f76ee8e2ec,0.08328445747800589,mozilla-beta,3892049,13,6b4487d0c1f6bf5aaf17bec9a643c032ec54975b,linux1804-64-shippable-qr,True,False,,|c|o|l|d| |f|i|s|s|i|o|n| |w|e|b|r|e|n|d|e|r|,102210fe594ee9b33d82058545b1ed14f4c8206e,FirstVisualChange,amazon,True,amazon FirstVisualChange opt cold fission webrender,,6,ms,firefox,453487446.0,1868892688,2024-04-04 09:18:18,1403785,,,,,,,,,,,,,,,,,,,,,,,,,,,,,,,,,,,,,,,,,,,,,,,,,TN
711,86f05a3e07907e08cf22b59ea204a889fdd3a50f,0.0762118337070899,mozilla-beta,3892049,13,6b4487d0c1f6bf5aaf17bec9a643c032ec54975b,linux1804-64-shippable-qr,True,False,,|c|o|l|d| |f|i|s|s|i|o|n| |w|e|b|r|e|n|d|e|r|,102210fe594ee9b33d82058545b1ed14f4c8206e,FirstVisualChange,amazon,True,amazon FirstVisualChange opt cold fission webrender,,6,ms,firefox,453620167.0,1869450454,2024-04-05 09:18:28,1404535,,,,,,,,,,,,,,,,,,,,,,,,,,,,,,,,,,,,,,,,,,,,,,,,,TN
712,da83bf954eeaf0d60535435699e22d1bdab9b0c9,0.0757633258582025,mozilla-beta,3892049,13,6b4487d0c1f6bf5aaf17bec9a643c032ec54975b,linux1804-64-shippable-qr,True,False,,|c|o|l|d| |f|i|s|s|i|o|n| |w|e|b|r|e|n|d|e|r|,102210fe594ee9b33d82058545b1ed14f4c8206e,FirstVisualChange,amazon,True,amazon FirstVisualChange opt cold fission webrender,,6,ms,firefox,453756169.0,1870040583,2024-04-06 09:20:39,1405215,,,,,,,,,,,,,,,,,,,,,,,,,,,,,,,,,,,,,,,,,,,,,,,,,TN
713,dad2699f2155c61aebd7d696cc82932726b75e3c,0.07662584095221667,mozilla-beta,3892049,13,6b4487d0c1f6bf5aaf17bec9a643c032ec54975b,linux1804-64-shippable-qr,True,False,,|c|o|l|d| |f|i|s|s|i|o|n| |w|e|b|r|e|n|d|e|r|,102210fe594ee9b33d82058545b1ed14f4c8206e,FirstVisualChange,amazon,True,amazon FirstVisualChange opt cold fission webrender,,6,ms,firefox,453820334.0,1870296510,2024-04-07 09:17:44,1405323,,,,,,,,,,,,,,,,,,,,,,,,,,,,,,,,,,,,,,,,,,,,,,,,,TN
714,8d35730992fa27721373e9a72c891e9dc91b1e24,0.0976712092461618,mozilla-beta,3892049,13,6b4487d0c1f6bf5aaf17bec9a643c032ec54975b,linux1804-64-shippable-qr,True,False,,|c|o|l|d| |f|i|s|s|i|o|n| |w|e|b|r|e|n|d|e|r|,102210fe594ee9b33d82058545b1ed14f4c8206e,FirstVisualChange,amazon,True,amazon FirstVisualChange opt cold fission webrender,,6,ms,firefox,453884220.0,1870587106,2024-04-08 09:22:27,1405479,,,,,,,,,,,,,,,,,,,,,,,,,,,,,,,,,,,,,,,,,,,,,,,,,TN
715,4e51542f4ccd3c2e5ba3ad9f16cfb13c2b967ba9,0.12634121097119203,mozilla-beta,3892049,13,6b4487d0c1f6bf5aaf17bec9a643c032ec54975b,linux1804-64-shippable-qr,True,False,,|c|o|l|d| |f|i|s|s|i|o|n| |w|e|b|r|e|n|d|e|r|,102210fe594ee9b33d82058545b1ed14f4c8206e,FirstVisualChange,amazon,True,amazon FirstVisualChange opt cold fission webrender,,6,ms,firefox,454060606.0,1871301362,2024-04-08 15:33:15,1405725,,,,,,,,,,,,,,,,,,,,,,,,,,,,,,,,,,,,,,,,,,,,,,,,,TN
716,661ff1b9ed7bf303e9169dceb043702b7d51ef20,0.18092116612040712,mozilla-beta,3892049,13,6b4487d0c1f6bf5aaf17bec9a643c032ec54975b,linux1804-64-shippable-qr,True,False,,|c|o|l|d| |f|i|s|s|i|o|n| |w|e|b|r|e|n|d|e|r|,102210fe594ee9b33d82058545b1ed14f4c8206e,FirstVisualChange,amazon,True,amazon FirstVisualChange opt cold fission webrender,,6,ms,firefox,454534421.0,1873939458,2024-04-15 10:01:36,1408728,,,,,,,,,,,,,,,,,,,,,,,,,,,,,,,,,,,,,,,,,,,,,,,,,TN
717,636d77d668ab9281936ff63e48accb5b1ff475da,0.17429705019837846,mozilla-beta,3892049,13,6b4487d0c1f6bf5aaf17bec9a643c032ec54975b,linux1804-64-shippable-qr,True,False,,|c|o|l|d| |f|i|s|s|i|o|n| |w|e|b|r|e|n|d|e|r|,102210fe594ee9b33d82058545b1ed14f4c8206e,FirstVisualChange,amazon,True,amazon FirstVisualChange opt cold fission webrender,,6,ms,firefox,454714155.0,1874732926,2024-04-16 09:39:32,1409497,,,,,,,,,,,,,,,,,,,,,,,,,,,,,,,,,,,,,,,,,,,,,,,,,TN
718,de50e72d13d30fea9aa987c75dbc16e138261f33,0.1660169052958427,mozilla-beta,3892049,13,6b4487d0c1f6bf5aaf17bec9a643c032ec54975b,linux1804-64-shippable-qr,True,False,,|c|o|l|d| |f|i|s|s|i|o|n| |w|e|b|r|e|n|d|e|r|,102210fe594ee9b33d82058545b1ed14f4c8206e,FirstVisualChange,amazon,True,amazon FirstVisualChange opt cold fission webrender,,6,ms,firefox,454840598.0,1875383291,2024-04-17 09:19:40,1410379,,,,,,,,,,,,,,,,,,,,,,,,,,,,,,,,,,,,,,,,,,,,,,,,,TN
719,a863a33698239851dc5fd23f3c949f866d1f0f34,0.14538554424702435,mozilla-beta,3892049,13,6b4487d0c1f6bf5aaf17bec9a643c032ec54975b,linux1804-64-shippable-qr,True,False,,|c|o|l|d| |f|i|s|s|i|o|n| |w|e|b|r|e|n|d|e|r|,102210fe594ee9b33d82058545b1ed14f4c8206e,FirstVisualChange,amazon,True,amazon FirstVisualChange opt cold fission webrender,,6,ms,firefox,454988207.0,1876011358,2024-04-18 09:20:53,1411325,,,,,,,,,,,,,,,,,,,,,,,,,,,,,,,,,,,,,,,,,,,,,,,,,TN
720,c0fa9fa5581346bd24fb8df1e56520a1ab09c320,0.17457305502846296,mozilla-beta,3892049,13,6b4487d0c1f6bf5aaf17bec9a643c032ec54975b,linux1804-64-shippable-qr,True,False,,|c|o|l|d| |f|i|s|s|i|o|n| |w|e|b|r|e|n|d|e|r|,102210fe594ee9b33d82058545b1ed14f4c8206e,FirstVisualChange,amazon,True,amazon FirstVisualChange opt cold fission webrender,,6,ms,firefox,455141099.0,1876962319,2024-04-19 09:26:09,1412122,,,,,,,,,,,,,,,,,,,,,,,,,,,,,,,,,,,,,,,,,,,,,,,,,TN
721,08c5ccbc227d2a7a3b9c2e25c028672c95324e46,0.18533724340175953,mozilla-beta,3892049,13,6b4487d0c1f6bf5aaf17bec9a643c032ec54975b,linux1804-64-shippable-qr,True,False,,|c|o|l|d| |f|i|s|s|i|o|n| |w|e|b|r|e|n|d|e|r|,102210fe594ee9b33d82058545b1ed14f4c8206e,FirstVisualChange,amazon,True,amazon FirstVisualChange opt cold fission webrender,,6,ms,firefox,455266302.0,1877580185,2024-04-20 09:20:43,1412720,,,,,,,,,,,,,,,,,,,,,,,,,,,,,,,,,,,,,,,,,,,,,,,,,TN
722,5fcb3101ac687798d63cc828dd860f176e504485,0.17343453510436432,mozilla-beta,3892049,13,6b4487d0c1f6bf5aaf17bec9a643c032ec54975b,linux1804-64-shippable-qr,True,False,,|c|o|l|d| |f|i|s|s|i|o|n| |w|e|b|r|e|n|d|e|r|,102210fe594ee9b33d82058545b1ed14f4c8206e,FirstVisualChange,amazon,True,amazon FirstVisualChange opt cold fission webrender,,6,ms,firefox,455306829.0,1877750934,2024-04-21 09:21:28,1412801,,,,,,,,,,,,,,,,,,,,,,,,,,,,,,,,,,,,,,,,,,,,,,,,,TN
723,9d4b914d92b130add8f178e9b5ca738ff713d826,0.30326030705537343,mozilla-beta,3892049,13,6b4487d0c1f6bf5aaf17bec9a643c032ec54975b,linux1804-64-shippable-qr,True,False,,|c|o|l|d| |f|i|s|s|i|o|n| |w|e|b|r|e|n|d|e|r|,102210fe594ee9b33d82058545b1ed14f4c8206e,FirstVisualChange,amazon,True,amazon FirstVisualChange opt cold fission webrender,,6,ms,firefox,455361994.0,1878113772,2024-04-22 09:19:40,1412983,,,,,,,,,,,,,,,,,,,,,,,,,,,,,,,,,,,,,,,,,,,,,,,,,TN
724,5cdb2f8e60b06efb312a22abddb6cf9062a03bde,0.17719510091426602,mozilla-beta,3892049,13,6b4487d0c1f6bf5aaf17bec9a643c032ec54975b,linux1804-64-shippable-qr,True,False,,|c|o|l|d| |f|i|s|s|i|o|n| |w|e|b|r|e|n|d|e|r|,102210fe594ee9b33d82058545b1ed14f4c8206e,FirstVisualChange,amazon,True,amazon FirstVisualChange opt cold fission webrender,,6,ms,firefox,455538481.0,1878881762,2024-04-23 11:56:00,1413922,,,,,,,,,,,,,,,,,,,,,,,,,,,,,,,,,,,,,,,,,,,,,,,,,TN
725,5238516b327c5721e0ca31a9cdc2b52972aab980,0.17202001035018114,mozilla-beta,3892049,13,6b4487d0c1f6bf5aaf17bec9a643c032ec54975b,linux1804-64-shippable-qr,True,False,,|c|o|l|d| |f|i|s|s|i|o|n| |w|e|b|r|e|n|d|e|r|,102210fe594ee9b33d82058545b1ed14f4c8206e,FirstVisualChange,amazon,True,amazon FirstVisualChange opt cold fission webrender,,6,ms,firefox,455670531.0,1879718672,2024-04-24 09:17:56,1414697,,,,,,,,,,,,,,,,,,,,,,,,,,,,,,,,,,,,,,,,,,,,,,,,,TN
726,bc66aa65643eb49777eb4b9aa39688abf685bb04,0.15939278937381404,mozilla-beta,3892049,13,6b4487d0c1f6bf5aaf17bec9a643c032ec54975b,linux1804-64-shippable-qr,True,False,,|c|o|l|d| |f|i|s|s|i|o|n| |w|e|b|r|e|n|d|e|r|,102210fe594ee9b33d82058545b1ed14f4c8206e,FirstVisualChange,amazon,True,amazon FirstVisualChange opt cold fission webrender,,6,ms,firefox,455818258.0,543899,2024-04-25 09:21:28,1415835,,,,,,,,,,,,,,,,,,,,,,,,,,,,,,,,,,,,,,,,,,,,,,,,,TN
727,33536b8cf71a5cdaa174a5f02fc8fde525c0fa91,0.16974297050198375,mozilla-beta,3892049,13,6b4487d0c1f6bf5aaf17bec9a643c032ec54975b,linux1804-64-shippable-qr,True,False,,|c|o|l|d| |f|i|s|s|i|o|n| |w|e|b|r|e|n|d|e|r|,102210fe594ee9b33d82058545b1ed14f4c8206e,FirstVisualChange,amazon,True,amazon FirstVisualChange opt cold fission webrender,,6,ms,firefox,455982264.0,1255286,2024-04-26 09:17:20,1416660,,,,,,,,,,,,,,,,,,,,,,,,,,,,,,,,,,,,,,,,,,,,,,,,,TN
728,6095688cc01d96bc2f3e2f065304c0e411a65cfa,0.19240986717267552,mozilla-beta,3892049,13,6b4487d0c1f6bf5aaf17bec9a643c032ec54975b,linux1804-64-shippable-qr,True,False,,|c|o|l|d| |f|i|s|s|i|o|n| |w|e|b|r|e|n|d|e|r|,102210fe594ee9b33d82058545b1ed14f4c8206e,FirstVisualChange,amazon,True,amazon FirstVisualChange opt cold fission webrender,,6,ms,firefox,456110501.0,1823960,2024-04-27 09:17:32,1417247,,,,,,,,,,,,,,,,,,,,,,,,,,,,,,,,,,,,,,,,,,,,,,,,,TN
729,b7da94d4ea323cf6227112f6b413d76b135a62b4,0.17905813351733654,mozilla-beta,3892049,13,6b4487d0c1f6bf5aaf17bec9a643c032ec54975b,linux1804-64-shippable-qr,True,False,,|c|o|l|d| |f|i|s|s|i|o|n| |w|e|b|r|e|n|d|e|r|,102210fe594ee9b33d82058545b1ed14f4c8206e,FirstVisualChange,amazon,True,amazon FirstVisualChange opt cold fission webrender,,6,ms,firefox,456179325.0,2154926,2024-04-28 09:20:44,1417375,,,,,,,,,,,,,,,,,,,,,,,,,,,,,,,,,,,,,,,,,,,,,,,,,TN
730,eabc48135fde74a52c97a390c112adfe37d93772,0.16567189925823703,mozilla-beta,3892049,13,6b4487d0c1f6bf5aaf17bec9a643c032ec54975b,linux1804-64-shippable-qr,True,False,,|c|o|l|d| |f|i|s|s|i|o|n| |w|e|b|r|e|n|d|e|r|,102210fe594ee9b33d82058545b1ed14f4c8206e,FirstVisualChange,amazon,True,amazon FirstVisualChange opt cold fission webrender,,6,ms,firefox,456241197.0,2496829,2024-04-29 09:17:43,1417533,,,,,,,,,,,,,,,,,,,,,,,,,,,,,,,,,,,,,,,,,,,,,,,,,TN
731,6d159a881cdd423e3c82ccde5d9bfd0afb27dee8,0.15904778333620836,mozilla-beta,3892049,13,6b4487d0c1f6bf5aaf17bec9a643c032ec54975b,linux1804-64-shippable-qr,True,False,,|c|o|l|d| |f|i|s|s|i|o|n| |w|e|b|r|e|n|d|e|r|,102210fe594ee9b33d82058545b1ed14f4c8206e,FirstVisualChange,amazon,True,amazon FirstVisualChange opt cold fission webrender,,6,ms,firefox,456407784.0,3458188,2024-04-30 09:14:45,1418361,,,,,,,,,,,,,,,,,,,,,,,,,,,,,,,,,,,,,,,,,,,,,,,,,TN
732,0da0366a9c0c4329976fed310df3a4ede1dbbd5e,0.17533206831119544,mozilla-beta,3892049,13,6b4487d0c1f6bf5aaf17bec9a643c032ec54975b,linux1804-64-shippable-qr,True,False,,|c|o|l|d| |f|i|s|s|i|o|n| |w|e|b|r|e|n|d|e|r|,102210fe594ee9b33d82058545b1ed14f4c8206e,FirstVisualChange,amazon,True,amazon FirstVisualChange opt cold fission webrender,,6,ms,firefox,456543970.0,3911534,2024-05-01 02:27:18,1419003,,,,,,,,,,,,,,,,,,,,,,,,,,,,,,,,,,,,,,,,,,,,,,,,,TN
733,2c1b332c32fbb367785158b4dd9888dcad9e3b43,0.16877695359668796,mozilla-beta,3892049,13,6b4487d0c1f6bf5aaf17bec9a643c032ec54975b,linux1804-64-shippable-qr,True,False,,|c|o|l|d| |f|i|s|s|i|o|n| |w|e|b|r|e|n|d|e|r|,102210fe594ee9b33d82058545b1ed14f4c8206e,FirstVisualChange,amazon,True,amazon FirstVisualChange opt cold fission webrender,,6,ms,firefox,456673778.0,4654233,2024-05-02 09:18:48,1419643,,,,,,,,,,,,,,,,,,,,,,,,,,,,,,,,,,,,,,,,,,,,,,,,,TN
734,7245a1e9161d303fa04d28e3b29ff4176c10f9fe,0.16139382439192687,mozilla-beta,3892049,13,6b4487d0c1f6bf5aaf17bec9a643c032ec54975b,linux1804-64-shippable-qr,True,False,,|c|o|l|d| |f|i|s|s|i|o|n| |w|e|b|r|e|n|d|e|r|,102210fe594ee9b33d82058545b1ed14f4c8206e,FirstVisualChange,amazon,True,amazon FirstVisualChange opt cold fission webrender,,6,ms,firefox,456826007.0,5439518,2024-05-03 09:17:35,1420493,,,,,,,,,,,,,,,,,,,,,,,,,,,,,,,,,,,,,,,,,,,,,,,,,TN
735,1f075135dc3c0a87ad33c7686f35064010169efe,0.17267552182163184,mozilla-beta,3892049,13,6b4487d0c1f6bf5aaf17bec9a643c032ec54975b,linux1804-64-shippable-qr,True,False,,|c|o|l|d| |f|i|s|s|i|o|n| |w|e|b|r|e|n|d|e|r|,102210fe594ee9b33d82058545b1ed14f4c8206e,FirstVisualChange,amazon,True,amazon FirstVisualChange opt cold fission webrender,,6,ms,firefox,456962422.0,6265034,2024-05-04 09:19:04,1421173,,,,,,,,,,,,,,,,,,,,,,,,,,,,,,,,,,,,,,,,,,,,,,,,,TN
736,247ffa71e901a9d3a97fcb408c22633e145033f4,0.13789891323098155,mozilla-beta,3892049,13,6b4487d0c1f6bf5aaf17bec9a643c032ec54975b,linux1804-64-shippable-qr,True,False,,|c|o|l|d| |f|i|s|s|i|o|n| |w|e|b|r|e|n|d|e|r|,102210fe594ee9b33d82058545b1ed14f4c8206e,FirstVisualChange,amazon,True,amazon FirstVisualChange opt cold fission webrender,,6,ms,firefox,457019441.0,6572715,2024-05-05 09:16:13,1421425,,,,,,,,,,,,,,,,,,,,,,,,,,,,,,,,,,,,,,,,,,,,,,,,,TN
737,1d9f6a8927e833a3af5199d5abc8cfbd59d5d1c3,0.16715542521994134,mozilla-beta,3892049,13,6b4487d0c1f6bf5aaf17bec9a643c032ec54975b,linux1804-64-shippable-qr,True,False,,|c|o|l|d| |f|i|s|s|i|o|n| |w|e|b|r|e|n|d|e|r|,102210fe594ee9b33d82058545b1ed14f4c8206e,FirstVisualChange,amazon,True,amazon FirstVisualChange opt cold fission webrender,,6,ms,firefox,457087615.0,6987898,2024-05-06 09:19:25,1421578,,,,,,,,,,,,,,,,,,,,,,,,,,,,,,,,,,,,,,,,,,,,,,,,,TN
738,bb27fed51c182d491237d4b6c5d9d288b829632a,0.17509056408487148,mozilla-beta,3892049,13,6b4487d0c1f6bf5aaf17bec9a643c032ec54975b,linux1804-64-shippable-qr,True,False,,|c|o|l|d| |f|i|s|s|i|o|n| |w|e|b|r|e|n|d|e|r|,102210fe594ee9b33d82058545b1ed14f4c8206e,FirstVisualChange,amazon,True,amazon FirstVisualChange opt cold fission webrender,,6,ms,firefox,457271409.0,7741140,2024-05-07 02:26:25,1422305,,,,,,,,,,,,,,,,,,,,,,,,,,,,,,,,,,,,,,,,,,,,,,,,,TN
739,1323983c417a4980905fd060983095c1d656af5a,0.16718992582370193,mozilla-beta,3892049,13,6b4487d0c1f6bf5aaf17bec9a643c032ec54975b,linux1804-64-shippable-qr,True,False,,|c|o|l|d| |f|i|s|s|i|o|n| |w|e|b|r|e|n|d|e|r|,102210fe594ee9b33d82058545b1ed14f4c8206e,FirstVisualChange,amazon,True,amazon FirstVisualChange opt cold fission webrender,,6,ms,firefox,457428215.0,8571627,2024-05-08 02:26:13,1423228,,,,,,,,,,,,,,,,,,,,,,,,,,,,,,,,,,,,,,,,,,,,,,,,,TN
