,revision,value,repository_name,signature_id,framework_id,signature_hash,machine_platform,should_alert,has_subtests,extra_options,tags,option_collection_hash,test,suite,lower_is_better,name,parent_signature,repository_id,measurement_unit,application,job_id,entry_id,push_timestamp,push_id,single_alert_new_value,single_alert_classifier,alert_summary_prev_push_revision,alert_summary_id,single_alert_amount_pct,single_alert_prev_value,alert_summary_first_triaged,alert_summary_framework,single_alert_series_signature_framework_id,single_alert_series_signature_suite_public_name,alert_summary_related_alerts,single_alert_taskcluster_metadata_retry_id,alert_summary_prev_push_id,alert_summary_status,single_alert_status,alert_summary_assignee_username,single_alert_prev_taskcluster_metadata_task_id,alert_summary_bug_number,alert_summary_bug_due_date,single_alert_series_signature_test_public_name,alert_summary_issue_tracker,single_alert_amount_abs,single_alert_id,single_alert_taskcluster_metadata_task_id,single_alert_backfill_record_total_backfills_successful,single_alert_summary_id,single_alert_prev_taskcluster_metadata_retry_id,single_alert_is_regression,single_alert_manually_created,single_alert_classifier_email,single_alert_backfill_record_total_backfills_failed,single_alert_backfill_record_total_actions_triggered,alert_summary_assignee_email,alert_summary_creation_timestamp,single_alert_prev_profile_url,alert_summary_notes,single_alert_noise_profile,single_alert_related_summary_id,alert_summary_bug_updated,single_alert_profile_url,single_alert_backfill_record_context,single_alert_starred,single_alert_backfill_record_total_backfills_in_progress,single_alert_t_value,single_alert_series_signature_suite,single_alert_backfill_record_status,single_alert_series_signature_tags,alert_summary_triage_due_date,alert_summary_status_general
0,4c0f3596adddb0c1c9fe6c27165bf86798d2f1f6,0.0899519003281446,mozilla-beta,5027409,2,3c15b4f6e169725bc9f93a20e47b45f07493750c,android-5-0-aarch64,True,True,,,f69e1b00908837bf0550250abb1645014317e8ec,,build times,True,build times pgo instrumented taskcluster-projects/970387039909/machineTypes/c2-standard-16,,6,,,445524445,1836778756,2024-02-01 15:13:15,1370168,,,,,,,,,,,,,,,,,,,,,,,,,,,,,,,,,,,,,,,,,,,,,,,,,TN
1,c9147db5b900da6c93e1ef516fcee4d9375322ac,0.12513865041373906,mozilla-beta,5027409,2,3c15b4f6e169725bc9f93a20e47b45f07493750c,android-5-0-aarch64,True,True,,,f69e1b00908837bf0550250abb1645014317e8ec,,build times,True,build times pgo instrumented taskcluster-projects/970387039909/machineTypes/c2-standard-16,,6,,,445534445,1836814827,2024-02-01 15:45:31,1370182,,,,,,,,,,,,,,,,,,,,,,,,,,,,,,,,,,,,,,,,,,,,,,,,,TN
2,9fde9b753918580c63434a4056f7a0cfc2bbefda,0.10458825475514821,mozilla-beta,5027409,2,3c15b4f6e169725bc9f93a20e47b45f07493750c,android-5-0-aarch64,True,True,,,f69e1b00908837bf0550250abb1645014317e8ec,,build times,True,build times pgo instrumented taskcluster-projects/970387039909/machineTypes/c2-standard-16,,6,,,445538112,1836826521,2024-02-01 16:34:05,1370232,,,,,,,,,,,,,,,,,,,,,,,,,,,,,,,,,,,,,,,,,,,,,,,,,TN
3,a8f990a1461e92ea29b178d183739ab4279d355b,0.031941208377626484,mozilla-beta,5027409,2,3c15b4f6e169725bc9f93a20e47b45f07493750c,android-5-0-aarch64,True,True,,,f69e1b00908837bf0550250abb1645014317e8ec,,build times,True,build times pgo instrumented taskcluster-projects/970387039909/machineTypes/c2-standard-16,,6,,,445642979,1837344220,2024-02-02 09:03:54,1370723,,,,,,,,,,,,,,,,,,,,,,,,,,,,,,,,,,,,,,,,,,,,,,,,,TN
4,ad9f945b0588b8e71d2bc8a24a4bae78ac518fe7,0.11609575822701856,mozilla-beta,5027409,2,3c15b4f6e169725bc9f93a20e47b45f07493750c,android-5-0-aarch64,True,True,,,f69e1b00908837bf0550250abb1645014317e8ec,,build times,True,build times pgo instrumented taskcluster-projects/970387039909/machineTypes/c2-standard-16,,6,,,445646087,1837365023,2024-02-02 09:16:30,1370728,,,,,,,,,,,,,,,,,,,,,,,,,,,,,,,,,,,,,,,,,,,,,,,,,TN
5,6b188bc6018b6ae663c50ce4264249f2208dca31,0.10174279562832833,mozilla-beta,5027409,2,3c15b4f6e169725bc9f93a20e47b45f07493750c,android-5-0-aarch64,True,True,,,f69e1b00908837bf0550250abb1645014317e8ec,,build times,True,build times pgo instrumented taskcluster-projects/970387039909/machineTypes/c2-standard-16,,6,,,445703132,1837553198,2024-02-02 13:30:35,1370825,,,,,,,,,,,,,,,,,,,,,,,,,,,,,,,,,,,,,,,,,,,,,,,,,TN
6,2a92c9f6ad73c6919eca1fda86f98e644f90bced,0.2759159262360562,mozilla-beta,5027409,2,3c15b4f6e169725bc9f93a20e47b45f07493750c,android-5-0-aarch64,True,True,,,f69e1b00908837bf0550250abb1645014317e8ec,,build times,True,build times pgo instrumented taskcluster-projects/970387039909/machineTypes/c2-standard-16,,6,,,445724648,1837683861,2024-02-02 18:17:20,1371042,,,,,,,,,,,,,,,,,,,,,,,,,,,,,,,,,,,,,,,,,,,,,,,,,TN
7,7514647daa8f9fce23b12cb76cda187c12c65ec9,0.05914169463184038,mozilla-beta,5027409,2,3c15b4f6e169725bc9f93a20e47b45f07493750c,android-5-0-aarch64,True,True,,,f69e1b00908837bf0550250abb1645014317e8ec,,build times,True,build times pgo instrumented taskcluster-projects/970387039909/machineTypes/c2-standard-16,,6,,,445804493,1838031032,2024-02-03 09:17:37,1371371,,,,,,,,,,,,,,,,,,,,,,,,,,,,,,,,,,,,,,,,,,,,,,,,,TN
8,b90706774a91a89aad7410bc904246d5f0cc89d6,0.06652655227553383,mozilla-beta,5027409,2,3c15b4f6e169725bc9f93a20e47b45f07493750c,android-5-0-aarch64,True,True,,,f69e1b00908837bf0550250abb1645014317e8ec,,build times,True,build times pgo instrumented taskcluster-projects/970387039909/machineTypes/c2-standard-16,,6,,,445851247,1838270080,2024-02-04 07:01:15,1371494,,,,,,,,,,,,,,,,,,,,,,,,,,,,,,,,,,,,,,,,,,,,,,,,,TN
9,97a9e1afca4b4f861b1f512ecb74d9beae03701f,0.0,mozilla-beta,5027409,2,3c15b4f6e169725bc9f93a20e47b45f07493750c,android-5-0-aarch64,True,True,,,f69e1b00908837bf0550250abb1645014317e8ec,,build times,True,build times pgo instrumented taskcluster-projects/970387039909/machineTypes/c2-standard-16,,6,,,445851364,1838270892,2024-02-04 07:10:52,1371498,,,,,,,,,,,,,,,,,,,,,,,,,,,,,,,,,,,,,,,,,,,,,,,,,TN
10,2e2c077318b2178732ec140527e75b30638a12c7,0.030242139723712036,mozilla-beta,5027409,2,3c15b4f6e169725bc9f93a20e47b45f07493750c,android-5-0-aarch64,True,True,,,f69e1b00908837bf0550250abb1645014317e8ec,,build times,True,build times pgo instrumented taskcluster-projects/970387039909/machineTypes/c2-standard-16,,6,,,445856052,1838297701,2024-02-04 09:20:23,1371504,,,,,,,,,,,,,,,,,,,,,,,,,,,,,,,,,,,,,,,,,,,,,,,,,TN
11,b65739114a8d799c15f643b020b341e2822d28c3,0.09031864269419687,mozilla-beta,5027409,2,3c15b4f6e169725bc9f93a20e47b45f07493750c,android-5-0-aarch64,True,True,,,f69e1b00908837bf0550250abb1645014317e8ec,,build times,True,build times pgo instrumented taskcluster-projects/970387039909/machineTypes/c2-standard-16,,6,,,445915149,1838704917,2024-02-05 08:56:25,1371648,,,,,,,,,,,,,,,,,,,,,,,,,,,,,,,,,,,,,,,,,,,,,,,,,TN
12,5b697b0438ae5c3ccf005657eae8e3c59d97a05e,0.15029256038746475,mozilla-beta,5027409,2,3c15b4f6e169725bc9f93a20e47b45f07493750c,android-5-0-aarch64,True,True,,,f69e1b00908837bf0550250abb1645014317e8ec,,build times,True,build times pgo instrumented taskcluster-projects/970387039909/machineTypes/c2-standard-16,,6,,,445915936,1838710725,2024-02-05 09:17:25,1371659,,,,,,,,,,,,,,,,,,,,,,,,,,,,,,,,,,,,,,,,,,,,,,,,,TN
13,0654c956f522ea81b9e060775a51309739551f70,0.1884619774081573,mozilla-beta,5027409,2,3c15b4f6e169725bc9f93a20e47b45f07493750c,android-5-0-aarch64,True,True,,,f69e1b00908837bf0550250abb1645014317e8ec,,build times,True,build times pgo instrumented taskcluster-projects/970387039909/machineTypes/c2-standard-16,,6,,,445979243,1838907037,2024-02-05 13:29:23,1371825,,,,,,,,,,,,,,,,,,,,,,,,,,,,,,,,,,,,,,,,,,,,,,,,,TN
14,562b0ae0eca50b88282d822fb79af7f8bbf5f9cc,0.022446940971148965,mozilla-beta,5027409,2,3c15b4f6e169725bc9f93a20e47b45f07493750c,android-5-0-aarch64,True,True,,,f69e1b00908837bf0550250abb1645014317e8ec,,build times,True,build times pgo instrumented taskcluster-projects/970387039909/machineTypes/c2-standard-16,,6,,,446087207,1839445313,2024-02-06 08:23:02,1372463,,,,,,,,,,,,,,,,,,,,,,,,,,,,,,,,,,,,,,,,,,,,,,,,,TN
15,7e1760ca80cfe6f02a0679e3725187bc2b3ad7d1,0.13826443663371535,mozilla-beta,5027409,2,3c15b4f6e169725bc9f93a20e47b45f07493750c,android-5-0-aarch64,True,True,,,f69e1b00908837bf0550250abb1645014317e8ec,,build times,True,build times pgo instrumented taskcluster-projects/970387039909/machineTypes/c2-standard-16,,6,,,446092386,1839465464,2024-02-06 09:14:55,1372486,,,,,,,,,,,,,,,,,,,,,,,,,,,,,,,,,,,,,,,,,,,,,,,,,TN
16,88875300ae7440640f4c3c699b32b8dfac80f396,0.013337368354236823,mozilla-beta,5027409,2,3c15b4f6e169725bc9f93a20e47b45f07493750c,android-5-0-aarch64,True,True,,,f69e1b00908837bf0550250abb1645014317e8ec,,build times,True,build times pgo instrumented taskcluster-projects/970387039909/machineTypes/c2-standard-16,,6,,,446092543,1839467625,2024-02-06 09:19:06,1372488,,,,,,,,,,,,,,,,,,,,,,,,,,,,,,,,,,,,,,,,,,,,,,,,,TN
17,6839f8c0d14e712d154a0c8c37fc55087e65f252,0.07344721153981748,mozilla-beta,5027409,2,3c15b4f6e169725bc9f93a20e47b45f07493750c,android-5-0-aarch64,True,True,,,f69e1b00908837bf0550250abb1645014317e8ec,,build times,True,build times pgo instrumented taskcluster-projects/970387039909/machineTypes/c2-standard-16,,6,,,446099834,1839494915,2024-02-06 10:09:38,1372523,,,,,,,,,,,,,,,,,,,,,,,,,,,,,,,,,,,,,,,,,,,,,,,,,TN
18,a778bae14c05a2fbe1ba67854cec9accdad55bb3,0.16693958624793037,mozilla-beta,5027409,2,3c15b4f6e169725bc9f93a20e47b45f07493750c,android-5-0-aarch64,True,True,,,f69e1b00908837bf0550250abb1645014317e8ec,,build times,True,build times pgo instrumented taskcluster-projects/970387039909/machineTypes/c2-standard-16,,6,,,446119803,1839580742,2024-02-06 11:38:33,1372580,,,,,,,,,,,,,,,,,,,,,,,,,,,,,,,,,,,,,,,,,,,,,,,,,TN
19,65e6d3b19e698ac57830fd1c3d90d4c760ef5eb6,0.2308091798435319,mozilla-beta,5027409,2,3c15b4f6e169725bc9f93a20e47b45f07493750c,android-5-0-aarch64,True,True,,,f69e1b00908837bf0550250abb1645014317e8ec,,build times,True,build times pgo instrumented taskcluster-projects/970387039909/machineTypes/c2-standard-16,,6,,,446132972,1839609989,2024-02-06 12:51:40,1372610,,,,,,,,,,,,,,,,,,,,,,,,,,,,,,,,,,,,,,,,,,,,,,,,,TN
20,5dbb0a9f6cb8c0e0aad5b159d134d45f637cb4d1,0.5370108445461179,mozilla-beta,5027409,2,3c15b4f6e169725bc9f93a20e47b45f07493750c,android-5-0-aarch64,True,True,,,f69e1b00908837bf0550250abb1645014317e8ec,,build times,True,build times pgo instrumented taskcluster-projects/970387039909/machineTypes/c2-standard-16,,6,,,446133682,1839613035,2024-02-06 12:53:03,1372613,,,,,,,,,,,,,,,,,,,,,,,,,,,,,,,,,,,,,,,,,,,,,,,,,TN
21,d2c9c9c08cc1f40358a5d2292ddf2a06d364b36f,0.592821082300321,mozilla-beta,5027409,2,3c15b4f6e169725bc9f93a20e47b45f07493750c,android-5-0-aarch64,True,True,,,f69e1b00908837bf0550250abb1645014317e8ec,,build times,True,build times pgo instrumented taskcluster-projects/970387039909/machineTypes/c2-standard-16,,6,,,446134273,1839614897,2024-02-06 12:54:32,1372616,,,,,,,,,,,,,,,,,,,,,,,,,,,,,,,,,,,,,,,,,,,,,,,,,TN
22,0f621f6f45f23281875371b9b4ed76fe855e10ce,0.2965509547483518,mozilla-beta,5027409,2,3c15b4f6e169725bc9f93a20e47b45f07493750c,android-5-0-aarch64,True,True,,,f69e1b00908837bf0550250abb1645014317e8ec,,build times,True,build times pgo instrumented taskcluster-projects/970387039909/machineTypes/c2-standard-16,,6,,,446140898,1839633285,2024-02-06 13:21:23,1372641,,,,,,,,,,,,,,,,,,,,,,,,,,,,,,,,,,,,,,,,,,,,,,,,,TN
23,fdc4382bbff93e443cb4f76c802464c452a1c722,0.27641090019863057,mozilla-beta,5027409,2,3c15b4f6e169725bc9f93a20e47b45f07493750c,android-5-0-aarch64,True,True,,,f69e1b00908837bf0550250abb1645014317e8ec,,build times,True,build times pgo instrumented taskcluster-projects/970387039909/machineTypes/c2-standard-16,,6,,,446150570,1839674103,2024-02-06 14:10:46,1372680,,,,,,,,,,,,,,,,,,,,,,,,,,,,,,,,,,,,,,,,,,,,,,,,,TN
24,a0dafd6bb65c8b87928ff36551826cf901a6ff09,0.3528587310970597,mozilla-beta,5027409,2,3c15b4f6e169725bc9f93a20e47b45f07493750c,android-5-0-aarch64,True,True,,,f69e1b00908837bf0550250abb1645014317e8ec,,build times,True,build times pgo instrumented taskcluster-projects/970387039909/machineTypes/c2-standard-16,,6,,,446153995,1839688054,2024-02-06 14:28:58,1372692,,,,,,,,,,,,,,,,,,,,,,,,,,,,,,,,,,,,,,,,,,,,,,,,,TN
25,c1ef3ef6dd3f38275d611b90c8ef24e0b15cc720,0.1805847104338203,mozilla-beta,5027409,2,3c15b4f6e169725bc9f93a20e47b45f07493750c,android-5-0-aarch64,True,True,,,f69e1b00908837bf0550250abb1645014317e8ec,,build times,True,build times pgo instrumented taskcluster-projects/970387039909/machineTypes/c2-standard-16,,6,,,446186167,1839812566,2024-02-06 17:18:58,1372811,,,,,,,,,,,,,,,,,,,,,,,,,,,,,,,,,,,,,,,,,,,,,,,,,TN
26,a55f4e64f3a796aac14d741f6a0e9f82e3f768e1,0.1058410774531664,mozilla-beta,5027409,2,3c15b4f6e169725bc9f93a20e47b45f07493750c,android-5-0-aarch64,True,True,,,f69e1b00908837bf0550250abb1645014317e8ec,,build times,True,build times pgo instrumented taskcluster-projects/970387039909/machineTypes/c2-standard-16,,6,,,446187233,1839817308,2024-02-06 17:25:35,1372823,,,,,,,,,,,,,,,,,,,,,,,,,,,,,,,,,,,,,,,,,,,,,,,,,TN
27,5cb029591fdb20d1b3fc101ab5f982f71ae93ea9,0.4696828447923225,mozilla-beta,5027409,2,3c15b4f6e169725bc9f93a20e47b45f07493750c,android-5-0-aarch64,True,True,,,f69e1b00908837bf0550250abb1645014317e8ec,,build times,True,build times pgo instrumented taskcluster-projects/970387039909/machineTypes/c2-standard-16,,6,,,446201380,1839848614,2024-02-06 18:19:27,1372868,,,,,,,,,,,,,,,,,,,,,,,,,,,,,,,,,,,,,,,,,,,,,,,,,TN
28,945276c7a9a1f818cd476baf76784dacf0786d2a,0.15838653875992348,mozilla-beta,5027409,2,3c15b4f6e169725bc9f93a20e47b45f07493750c,android-5-0-aarch64,True,True,,,f69e1b00908837bf0550250abb1645014317e8ec,,build times,True,build times pgo instrumented taskcluster-projects/970387039909/machineTypes/c2-standard-16,,6,,,446215585,1839917002,2024-02-06 19:41:20,1372956,,,,,,,,,,,,,,,,,,,,,,,,,,,,,,,,,,,,,,,,,,,,,,,,,TN
29,ba9cc6824f222a00819ee368fd177b9a9e1a1ca4,0.3813146046812226,mozilla-beta,5027409,2,3c15b4f6e169725bc9f93a20e47b45f07493750c,android-5-0-aarch64,True,True,,,f69e1b00908837bf0550250abb1645014317e8ec,,build times,True,build times pgo instrumented taskcluster-projects/970387039909/machineTypes/c2-standard-16,,6,,,446216134,1839924096,2024-02-06 19:56:07,1372970,,,,,,,,,,,,,,,,,,,,,,,,,,,,,,,,,,,,,,,,,,,,,,,,,TN
30,10eea88357d1ac2220fb23638cf6c39d0cbba003,0.3334419027517215,mozilla-beta,5027409,2,3c15b4f6e169725bc9f93a20e47b45f07493750c,android-5-0-aarch64,True,True,,,f69e1b00908837bf0550250abb1645014317e8ec,,build times,True,build times pgo instrumented taskcluster-projects/970387039909/machineTypes/c2-standard-16,,6,,,446228155,1839966912,2024-02-06 20:12:27,1372975,,,,,,,,,,,,,,,,,,,,,,,,,,,,,,,,,,,,,,,,,,,,,,,,,TN
31,7c72700cb8d9ccf71ec62fd8331a84674c18571f,0.031089750576721364,mozilla-beta,5027409,2,3c15b4f6e169725bc9f93a20e47b45f07493750c,android-5-0-aarch64,True,True,,,f69e1b00908837bf0550250abb1645014317e8ec,,build times,True,build times pgo instrumented taskcluster-projects/970387039909/machineTypes/c2-standard-16,,6,,,446225944,1839952499,2024-02-06 20:35:55,1372986,,,,,,,,,,,,,,,,,,,,,,,,,,,,,,,,,,,,,,,,,,,,,,,,,TN
32,77245ebf8e08ef46554065f805d1c0f0310c6c9a,0.5144048963952819,mozilla-beta,5027409,2,3c15b4f6e169725bc9f93a20e47b45f07493750c,android-5-0-aarch64,True,True,,,f69e1b00908837bf0550250abb1645014317e8ec,,build times,True,build times pgo instrumented taskcluster-projects/970387039909/machineTypes/c2-standard-16,,6,,,446282776,1840307106,2024-02-07 07:29:13,1373224,,,,,,,,,,,,,,,,,,,,,,,,,,,,,,,,,,,,,,,,,,,,,,,,,TN
33,1b4583d75b472438e6fed793d30383ca4755bb5a,0.37291928205693736,mozilla-beta,5027409,2,3c15b4f6e169725bc9f93a20e47b45f07493750c,android-5-0-aarch64,True,True,,,f69e1b00908837bf0550250abb1645014317e8ec,,build times,True,build times pgo instrumented taskcluster-projects/970387039909/machineTypes/c2-standard-16,,6,,,446285997,1840322164,2024-02-07 08:18:56,1373235,,,,,,,,,,,,,,,,,,,,,,,,,,,,,,,,,,,,,,,,,,,,,,,,,TN
34,e771748109c1517e64c4d3074c8945d0ef233fff,0.04980386977311957,mozilla-beta,5027409,2,3c15b4f6e169725bc9f93a20e47b45f07493750c,android-5-0-aarch64,True,True,,,f69e1b00908837bf0550250abb1645014317e8ec,,build times,True,build times pgo instrumented taskcluster-projects/970387039909/machineTypes/c2-standard-16,,6,,,446291142,1840351668,2024-02-07 09:19:58,1373258,,,,,,,,,,,,,,,,,,,,,,,,,,,,,,,,,,,,,,,,,,,,,,,,,TN
35,790e8e26758d34287ba265f8f83fbeb0b64b20d7,0.07163786371289449,mozilla-beta,5027409,2,3c15b4f6e169725bc9f93a20e47b45f07493750c,android-5-0-aarch64,True,True,,,f69e1b00908837bf0550250abb1645014317e8ec,,build times,True,build times pgo instrumented taskcluster-projects/970387039909/machineTypes/c2-standard-16,,6,,,446363689,1840574139,2024-02-07 13:35:28,1373402,,,,,,,,,,,,,,,,,,,,,,,,,,,,,,,,,,,,,,,,,,,,,,,,,TN
36,8f21e7fc0c1b4e1c6bdc2e14432a397e36e0389e,0.3522406548018244,mozilla-beta,5027409,2,3c15b4f6e169725bc9f93a20e47b45f07493750c,android-5-0-aarch64,True,True,,,f69e1b00908837bf0550250abb1645014317e8ec,,build times,True,build times pgo instrumented taskcluster-projects/970387039909/machineTypes/c2-standard-16,,6,,,446382710,1840644480,2024-02-07 17:29:11,1373631,,,,,,,,,,,,,,,,,,,,,,,,,,,,,,,,,,,,,,,,,,,,,,,,,TN
37,1b91d8eb60be8c797901bd71b5b44054d9714ed0,0.04800093352602275,mozilla-beta,5027409,2,3c15b4f6e169725bc9f93a20e47b45f07493750c,android-5-0-aarch64,True,True,,,f69e1b00908837bf0550250abb1645014317e8ec,,build times,True,build times pgo instrumented taskcluster-projects/970387039909/machineTypes/c2-standard-16,,6,,,446379458,1840638970,2024-02-07 17:31:28,1373632,,,,,,,,,,,,,,,,,,,,,,,,,,,,,,,,,,,,,,,,,,,,,,,,,TN
38,9808901a87ff413ae45b151156e099f99b0fcde2,0.08175277204653764,mozilla-beta,5027409,2,3c15b4f6e169725bc9f93a20e47b45f07493750c,android-5-0-aarch64,True,True,,,f69e1b00908837bf0550250abb1645014317e8ec,,build times,True,build times pgo instrumented taskcluster-projects/970387039909/machineTypes/c2-standard-16,,6,,,446384309,1840653397,2024-02-07 18:08:14,1373669,,,,,,,,,,,,,,,,,,,,,,,,,,,,,,,,,,,,,,,,,,,,,,,,,TN
39,453cb7680c52898d60ca64d2d736fe15600a9198,0.3046308276451932,mozilla-beta,5027409,2,3c15b4f6e169725bc9f93a20e47b45f07493750c,android-5-0-aarch64,True,True,,,f69e1b00908837bf0550250abb1645014317e8ec,,build times,True,build times pgo instrumented taskcluster-projects/970387039909/machineTypes/c2-standard-16,,6,,,446434300,1840881307,2024-02-07 23:59:27,1373889,,,,,,,,,,,,,,,,,,,,,,,,,,,,,,,,,,,,,,,,,,,,,,,,,TN
40,f51ca575b57686fd78dc5b0e7a89a1bda6aa1e3b,0.0621371847265908,mozilla-beta,5027409,2,3c15b4f6e169725bc9f93a20e47b45f07493750c,android-5-0-aarch64,True,True,,,f69e1b00908837bf0550250abb1645014317e8ec,,build times,True,build times pgo instrumented taskcluster-projects/970387039909/machineTypes/c2-standard-16,,6,,,446469646,1841055728,2024-02-08 08:14:23,1374017,,,,,,,,,,,,,,,,,,,,,,,,,,,,,,,,,,,,,,,,,,,,,,,,,TN
41,ddb2e51f3f167c097cecfda69ea5d9219bac8406,0.027805739389797246,mozilla-beta,5027409,2,3c15b4f6e169725bc9f93a20e47b45f07493750c,android-5-0-aarch64,True,True,,,f69e1b00908837bf0550250abb1645014317e8ec,,build times,True,build times pgo instrumented taskcluster-projects/970387039909/machineTypes/c2-standard-16,,6,,,446471798,1841075863,2024-02-08 09:19:05,1374036,,,,,,,,,,,,,,,,,,,,,,,,,,,,,,,,,,,,,,,,,,,,,,,,,TN
42,bba1c4f836c2d5b770bb3db1cfb39b611608dbe3,0.49816308237982465,mozilla-beta,5027409,2,3c15b4f6e169725bc9f93a20e47b45f07493750c,android-5-0-aarch64,True,True,,,f69e1b00908837bf0550250abb1645014317e8ec,,build times,True,build times pgo instrumented taskcluster-projects/970387039909/machineTypes/c2-standard-16,,6,,,446481939,1841131951,2024-02-08 11:27:56,1374095,,,,,,,,,,,,,,,,,,,,,,,,,,,,,,,,,,,,,,,,,,,,,,,,,TN
43,c0153173d3d82e7c4c4c035f47140d8c3d959074,0.04465152422487195,mozilla-beta,5027409,2,3c15b4f6e169725bc9f93a20e47b45f07493750c,android-5-0-aarch64,True,True,,,f69e1b00908837bf0550250abb1645014317e8ec,,build times,True,build times pgo instrumented taskcluster-projects/970387039909/machineTypes/c2-standard-16,,6,,,446488738,1841146341,2024-02-08 12:17:00,1374105,,,,,,,,,,,,,,,,,,,,,,,,,,,,,,,,,,,,,,,,,,,,,,,,,TN
44,adf50cae563ee49db51713af8c792eb00fc75e61,0.07386781117640906,mozilla-beta,5027409,2,3c15b4f6e169725bc9f93a20e47b45f07493750c,android-5-0-aarch64,True,True,,,f69e1b00908837bf0550250abb1645014317e8ec,,build times,True,build times pgo instrumented taskcluster-projects/970387039909/machineTypes/c2-standard-16,,6,,,446497552,1841167313,2024-02-08 13:22:33,1374115,,,,,,,,,,,,,,,,,,,,,,,,,,,,,,,,,,,,,,,,,,,,,,,,,TN
45,ee866bff81793c45aecb3f5d7d8f4bd0ea93555b,0.09814846397782118,mozilla-beta,5027409,2,3c15b4f6e169725bc9f93a20e47b45f07493750c,android-5-0-aarch64,True,True,,,f69e1b00908837bf0550250abb1645014317e8ec,,build times,True,build times pgo instrumented taskcluster-projects/970387039909/machineTypes/c2-standard-16,,6,,,446532353,1841298551,2024-02-08 17:32:32,1374322,,,,,,,,,,,,,,,,,,,,,,,,,,,,,,,,,,,,,,,,,,,,,,,,,TN
46,98cb75795f830804c6bbbbb8427c6911e6cac7d5,0.012276893051001103,mozilla-beta,5027409,2,3c15b4f6e169725bc9f93a20e47b45f07493750c,android-5-0-aarch64,True,True,,,f69e1b00908837bf0550250abb1645014317e8ec,,build times,True,build times pgo instrumented taskcluster-projects/970387039909/machineTypes/c2-standard-16,,6,,,446544901,1841368991,2024-02-08 19:44:44,1374447,,,,,,,,,,,,,,,,,,,,,,,,,,,,,,,,,,,,,,,,,,,,,,,,,TN
47,2994ba711bf024346bee4f7f674bf655fee51d94,0.4435005174144919,mozilla-beta,5027409,2,3c15b4f6e169725bc9f93a20e47b45f07493750c,android-5-0-aarch64,True,True,,,f69e1b00908837bf0550250abb1645014317e8ec,,build times,True,build times pgo instrumented taskcluster-projects/970387039909/machineTypes/c2-standard-16,,6,,,446549893,1841386052,2024-02-08 20:39:56,1374478,,,,,,,,,,,,,,,,,,,,,,,,,,,,,,,,,,,,,,,,,,,,,,,,,TN
48,97dd2042617d14565270931303e2df2f84f4a8a9,0.10906481978972549,mozilla-beta,5027409,2,3c15b4f6e169725bc9f93a20e47b45f07493750c,android-5-0-aarch64,True,True,,,f69e1b00908837bf0550250abb1645014317e8ec,,build times,True,build times pgo instrumented taskcluster-projects/970387039909/machineTypes/c2-standard-16,,6,,,446626011,1841695068,2024-02-09 08:31:04,1374719,,,,,,,,,,,,,,,,,,,,,,,,,,,,,,,,,,,,,,,,,,,,,,,,,TN
49,c5825068e5e0ce55bb2147e8de9e7f19615ca3d6,0.07371008631268738,mozilla-beta,5027409,2,3c15b4f6e169725bc9f93a20e47b45f07493750c,android-5-0-aarch64,True,True,,,f69e1b00908837bf0550250abb1645014317e8ec,,build times,True,build times pgo instrumented taskcluster-projects/970387039909/machineTypes/c2-standard-16,,6,,,446633407,1841714614,2024-02-09 09:18:12,1374738,,,,,,,,,,,,,,,,,,,,,,,,,,,,,,,,,,,,,,,,,,,,,,,,,TN
50,2f3df14b985728e0bcb6a2510d7773bce4749363,0.10817873945775958,mozilla-beta,5027409,2,3c15b4f6e169725bc9f93a20e47b45f07493750c,android-5-0-aarch64,True,True,,,f69e1b00908837bf0550250abb1645014317e8ec,,build times,True,build times pgo instrumented taskcluster-projects/970387039909/machineTypes/c2-standard-16,,6,,,446639724,1841749360,2024-02-09 10:24:25,1374773,,,,,,,,,,,,,,,,,,,,,,,,,,,,,,,,,,,,,,,,,,,,,,,,,TN
51,1bb55a790d7a3fdbb2b9723e962f28d26d99e7b6,0.07244572277098182,mozilla-beta,5027409,2,3c15b4f6e169725bc9f93a20e47b45f07493750c,android-5-0-aarch64,True,True,,,f69e1b00908837bf0550250abb1645014317e8ec,,build times,True,build times pgo instrumented taskcluster-projects/970387039909/machineTypes/c2-standard-16,,6,,,446687916,1841914398,2024-02-09 14:42:41,1374899,,,,,,,,,,,,,,,,,,,,,,,,,,,,,,,,,,,,,,,,,,,,,,,,,TN
52,1ecc0a4e5e12282711e6fa3f8d0226dd515d03f7,0.04882289805972739,mozilla-beta,5027409,2,3c15b4f6e169725bc9f93a20e47b45f07493750c,android-5-0-aarch64,True,True,,,f69e1b00908837bf0550250abb1645014317e8ec,,build times,True,build times pgo instrumented taskcluster-projects/970387039909/machineTypes/c2-standard-16,,6,,,446787360,1842294519,2024-02-10 09:17:14,1375372,,,,,,,,,,,,,,,,,,,,,,,,,,,,,,,,,,,,,,,,,,,,,,,,,TN
53,bfd9eaa704ca4a8e93ea0464631390ffa5a0c1fc,0.03543808401477744,mozilla-beta,5027409,2,3c15b4f6e169725bc9f93a20e47b45f07493750c,android-5-0-aarch64,True,True,,,f69e1b00908837bf0550250abb1645014317e8ec,,build times,True,build times pgo instrumented taskcluster-projects/970387039909/machineTypes/c2-standard-16,,6,,,446842703,1842517196,2024-02-11 09:17:32,1375470,,,,,,,,,,,,,,,,,,,,,,,,,,,,,,,,,,,,,,,,,,,,,,,,,TN
54,935359ea03adb54539530b07e6314e7d1c8eea56,0.031966854696930724,mozilla-beta,5027409,2,3c15b4f6e169725bc9f93a20e47b45f07493750c,android-5-0-aarch64,True,True,,,f69e1b00908837bf0550250abb1645014317e8ec,,build times,True,build times pgo instrumented taskcluster-projects/970387039909/machineTypes/c2-standard-16,,6,,,446857262,1842566456,2024-02-11 11:34:20,1375479,,,,,,,,,,,,,,,,,,,,,,,,,,,,,,,,,,,,,,,,,,,,,,,,,TN
55,229f1ec7ec2bbd7b577592168557c93e0cc13a01,0.020497820704016956,mozilla-beta,5027409,2,3c15b4f6e169725bc9f93a20e47b45f07493750c,android-5-0-aarch64,True,True,,,f69e1b00908837bf0550250abb1645014317e8ec,,build times,True,build times pgo instrumented taskcluster-projects/970387039909/machineTypes/c2-standard-16,,6,,,446895144,1842755685,2024-02-12 09:17:44,1375646,,,,,,,,,,,,,,,,,,,,,,,,,,,,,,,,,,,,,,,,,,,,,,,,,TN
56,cf604423a3c6d9fd1127cae8a1f5ad0ddc7e3fdb,0.056965604438865114,mozilla-beta,5027409,2,3c15b4f6e169725bc9f93a20e47b45f07493750c,android-5-0-aarch64,True,True,,,f69e1b00908837bf0550250abb1645014317e8ec,,build times,True,build times pgo instrumented taskcluster-projects/970387039909/machineTypes/c2-standard-16,,6,,,446929415,1842870637,2024-02-12 14:30:11,1375801,,,,,,,,,,,,,,,,,,,,,,,,,,,,,,,,,,,,,,,,,,,,,,,,,TN
57,efbd175193a69c684c78a68adc4e1862a82ad7b4,0.10953158280106523,mozilla-beta,5027409,2,3c15b4f6e169725bc9f93a20e47b45f07493750c,android-5-0-aarch64,True,True,,,f69e1b00908837bf0550250abb1645014317e8ec,,build times,True,build times pgo instrumented taskcluster-projects/970387039909/machineTypes/c2-standard-16,,6,,,447597787,1845233382,2024-02-19 09:25:31,1378775,,,,,,,,,,,,,,,,,,,,,,,,,,,,,,,,,,,,,,,,,,,,,,,,,TN
58,68158ab7c66395248f28b96d9f7f86e11d2e8d60,0.33405869673099176,mozilla-beta,5027409,2,3c15b4f6e169725bc9f93a20e47b45f07493750c,android-5-0-aarch64,True,True,,,f69e1b00908837bf0550250abb1645014317e8ec,,build times,True,build times pgo instrumented taskcluster-projects/970387039909/machineTypes/c2-standard-16,,6,,,447719046,1845684744,2024-02-20 09:20:55,1379160,,,,,,,,,,,,,,,,,,,,,,,,,,,,,,,,,,,,,,,,,,,,,,,,,TN
59,88a4eac14afe88cacb00dd34de2dc336e72f67d1,0.13611783970793967,mozilla-beta,5027409,2,3c15b4f6e169725bc9f93a20e47b45f07493750c,android-5-0-aarch64,True,True,,,f69e1b00908837bf0550250abb1645014317e8ec,,build times,True,build times pgo instrumented taskcluster-projects/970387039909/machineTypes/c2-standard-16,,6,,,447773576,1845885771,2024-02-20 17:37:53,1379417,,,,,,,,,,,,,,,,,,,,,,,,,,,,,,,,,,,,,,,,,,,,,,,,,TN
60,6bdacf668979a0e3dadb265cb935158948aa37c6,0.15673363348075675,mozilla-beta,5027409,2,3c15b4f6e169725bc9f93a20e47b45f07493750c,android-5-0-aarch64,True,True,,,f69e1b00908837bf0550250abb1645014317e8ec,,build times,True,build times pgo instrumented taskcluster-projects/970387039909/machineTypes/c2-standard-16,,6,,,447772783,1845883358,2024-02-20 18:11:01,1379442,,,,,,,,,,,,,,,,,,,,,,,,,,,,,,,,,,,,,,,,,,,,,,,,,TN
61,f52b92d785d0346848c447a502d5d50bebd2ea53,0.11552640993846142,mozilla-beta,5027409,2,3c15b4f6e169725bc9f93a20e47b45f07493750c,android-5-0-aarch64,True,True,,,f69e1b00908837bf0550250abb1645014317e8ec,,build times,True,build times pgo instrumented taskcluster-projects/970387039909/machineTypes/c2-standard-16,,6,,,447852837,1846174311,2024-02-21 09:15:58,1379816,,,,,,,,,,,,,,,,,,,,,,,,,,,,,,,,,,,,,,,,,,,,,,,,,TN
62,2372404e021ed3de4be47431c9fcb696a0dbbccc,0.05680275031128179,mozilla-beta,5027409,2,3c15b4f6e169725bc9f93a20e47b45f07493750c,android-5-0-aarch64,True,True,,,f69e1b00908837bf0550250abb1645014317e8ec,,build times,True,build times pgo instrumented taskcluster-projects/970387039909/machineTypes/c2-standard-16,,6,,,447931809,1846507369,2024-02-21 18:44:03,1380104,,,,,,,,,,,,,,,,,,,,,,,,,,,,,,,,,,,,,,,,,,,,,,,,,TN
63,92ad84fbd2d3ab2c2d05d5080455a140a126cff5,0.23198634589960232,mozilla-beta,5027409,2,3c15b4f6e169725bc9f93a20e47b45f07493750c,android-5-0-aarch64,True,True,,,f69e1b00908837bf0550250abb1645014317e8ec,,build times,True,build times pgo instrumented taskcluster-projects/970387039909/machineTypes/c2-standard-16,,6,,,448019648,1846959686,2024-02-22 09:17:41,1380500,,,,,,,,,,,,,,,,,,,,,,,,,,,,,,,,,,,,,,,,,,,,,,,,,TN
64,0a94d9dc86419f1bec67d0350114afda308d06a2,0.1475753328571665,mozilla-beta,5027409,2,3c15b4f6e169725bc9f93a20e47b45f07493750c,android-5-0-aarch64,True,True,,,f69e1b00908837bf0550250abb1645014317e8ec,,build times,True,build times pgo instrumented taskcluster-projects/970387039909/machineTypes/c2-standard-16,,6,,,448065341,1847130748,2024-02-22 13:38:55,1380618,,,,,,,,,,,,,,,,,,,,,,,,,,,,,,,,,,,,,,,,,,,,,,,,,TN
65,ba264d129db8e726266909809edd0025d63131bb,0.2635479887515242,mozilla-beta,5027409,2,3c15b4f6e169725bc9f93a20e47b45f07493750c,android-5-0-aarch64,True,True,,,f69e1b00908837bf0550250abb1645014317e8ec,,build times,True,build times pgo instrumented taskcluster-projects/970387039909/machineTypes/c2-standard-16,,6,,,448078980,1847190726,2024-02-22 16:08:03,1380745,,,,,,,,,,,,,,,,,,,,,,,,,,,,,,,,,,,,,,,,,,,,,,,,,TN
66,6f7ef5ecb9a06c8d8794713ec806d66d02debf1e,0.17182264544348236,mozilla-beta,5027409,2,3c15b4f6e169725bc9f93a20e47b45f07493750c,android-5-0-aarch64,True,True,,,f69e1b00908837bf0550250abb1645014317e8ec,,build times,True,build times pgo instrumented taskcluster-projects/970387039909/machineTypes/c2-standard-16,,6,,,448114327,1847323853,2024-02-22 21:28:15,1380976,,,,,,,,,,,,,,,,,,,,,,,,,,,,,,,,,,,,,,,,,,,,,,,,,TN
67,9f46c1193523bc712a458b2a927f82734c1cac22,0.1775610093878348,mozilla-beta,5027409,2,3c15b4f6e169725bc9f93a20e47b45f07493750c,android-5-0-aarch64,True,True,,,f69e1b00908837bf0550250abb1645014317e8ec,,build times,True,build times pgo instrumented taskcluster-projects/970387039909/machineTypes/c2-standard-16,,6,,,448141216,1847410343,2024-02-23 00:14:28,1381086,,,,,,,,,,,,,,,,,,,,,,,,,,,,,,,,,,,,,,,,,,,,,,,,,TN
68,1ec7aaea5f3d1777524a7330e076d096399ae4f5,0.08662300808243728,mozilla-beta,5027409,2,3c15b4f6e169725bc9f93a20e47b45f07493750c,android-5-0-aarch64,True,True,,,f69e1b00908837bf0550250abb1645014317e8ec,,build times,True,build times pgo instrumented taskcluster-projects/970387039909/machineTypes/c2-standard-16,,6,,,448174100,1847620262,2024-02-23 09:17:06,1381265,,,,,,,,,,,,,,,,,,,,,,,,,,,,,,,,,,,,,,,,,,,,,,,,,TN
69,0c92925238b7dfa3f8493ecee169ab5c413468ac,0.08051533714010217,mozilla-beta,5027409,2,3c15b4f6e169725bc9f93a20e47b45f07493750c,android-5-0-aarch64,True,True,,,f69e1b00908837bf0550250abb1645014317e8ec,,build times,True,build times pgo instrumented taskcluster-projects/970387039909/machineTypes/c2-standard-16,,6,,,448247949,1847907291,2024-02-23 18:16:00,1381599,,,,,,,,,,,,,,,,,,,,,,,,,,,,,,,,,,,,,,,,,,,,,,,,,TN
70,3548868cfa542c594a281cb35b5e2530a2d9f32f,0.08687690664355063,mozilla-beta,5027409,2,3c15b4f6e169725bc9f93a20e47b45f07493750c,android-5-0-aarch64,True,True,,,f69e1b00908837bf0550250abb1645014317e8ec,,build times,True,build times pgo instrumented taskcluster-projects/970387039909/machineTypes/c2-standard-16,,6,,,448258551,1847946807,2024-02-23 19:19:19,1381641,,,,,,,,,,,,,,,,,,,,,,,,,,,,,,,,,,,,,,,,,,,,,,,,,TN
71,a356ae52710f143842abbd7aa1069a76cd911504,0.2669794662744489,mozilla-beta,5027409,2,3c15b4f6e169725bc9f93a20e47b45f07493750c,android-5-0-aarch64,True,True,,,f69e1b00908837bf0550250abb1645014317e8ec,,build times,True,build times pgo instrumented taskcluster-projects/970387039909/machineTypes/c2-standard-16,,6,,,448273249,1847999880,2024-02-23 21:39:12,1381733,,,,,,,,,,,,,,,,,,,,,,,,,,,,,,,,,,,,,,,,,,,,,,,,,TN
72,957eaa7c057ac32303286a9f151e40393de97f35,0.07765833716959536,mozilla-beta,5027409,2,3c15b4f6e169725bc9f93a20e47b45f07493750c,android-5-0-aarch64,True,True,,,f69e1b00908837bf0550250abb1645014317e8ec,,build times,True,build times pgo instrumented taskcluster-projects/970387039909/machineTypes/c2-standard-16,,6,,,448319232,1848205376,2024-02-24 09:17:22,1381908,,,,,,,,,,,,,,,,,,,,,,,,,,,,,,,,,,,,,,,,,,,,,,,,,TN
73,6baa11955f782a2ca31be5de3acae3a7dee50951,0.12924975539822947,mozilla-beta,5027409,2,3c15b4f6e169725bc9f93a20e47b45f07493750c,android-5-0-aarch64,True,True,,,f69e1b00908837bf0550250abb1645014317e8ec,,build times,True,build times pgo instrumented taskcluster-projects/970387039909/machineTypes/c2-standard-16,,6,,,448343256,1848285170,2024-02-24 14:35:14,1381929,,,,,,,,,,,,,,,,,,,,,,,,,,,,,,,,,,,,,,,,,,,,,,,,,TN
74,493a988dc9bdab477a99ac7e98c1b05bd497a551,0.23315325342795123,mozilla-beta,5027409,2,3c15b4f6e169725bc9f93a20e47b45f07493750c,android-5-0-aarch64,True,True,,,f69e1b00908837bf0550250abb1645014317e8ec,,build times,True,build times pgo instrumented taskcluster-projects/970387039909/machineTypes/c2-standard-16,,6,,,448372204,1848366775,2024-02-25 01:49:45,1382002,,,,,,,,,,,,,,,,,,,,,,,,,,,,,,,,,,,,,,,,,,,,,,,,,TN
75,934697c1247f8a7f0990d97d055540f17de9b474,0.0652596241018979,mozilla-beta,5027409,2,3c15b4f6e169725bc9f93a20e47b45f07493750c,android-5-0-aarch64,True,True,,,f69e1b00908837bf0550250abb1645014317e8ec,,build times,True,build times pgo instrumented taskcluster-projects/970387039909/machineTypes/c2-standard-16,,6,,,448378570,1848409177,2024-02-25 09:17:37,1382031,,,,,,,,,,,,,,,,,,,,,,,,,,,,,,,,,,,,,,,,,,,,,,,,,TN
76,191e1e128ea8917b778f2f9110600b76f57a912e,0.09752141147082893,mozilla-beta,5027409,2,3c15b4f6e169725bc9f93a20e47b45f07493750c,android-5-0-aarch64,True,True,,,f69e1b00908837bf0550250abb1645014317e8ec,,build times,True,build times pgo instrumented taskcluster-projects/970387039909/machineTypes/c2-standard-16,,6,,,448406164,1848487387,2024-02-26 01:39:14,1382091,,,,,,,,,,,,,,,,,,,,,,,,,,,,,,,,,,,,,,,,,,,,,,,,,TN
77,ae07067467cc71fb031882787bfc03933b389664,0.07442818325320966,mozilla-beta,5027409,2,3c15b4f6e169725bc9f93a20e47b45f07493750c,android-5-0-aarch64,True,True,,,f69e1b00908837bf0550250abb1645014317e8ec,,build times,True,build times pgo instrumented taskcluster-projects/970387039909/machineTypes/c2-standard-16,,6,,,448420002,1848543347,2024-02-26 09:19:39,1382178,,,,,,,,,,,,,,,,,,,,,,,,,,,,,,,,,,,,,,,,,,,,,,,,,TN
78,a808a3fffc9ca85b77274fdcd4be3292ad7af1f1,0.08778478634692544,mozilla-beta,5027409,2,3c15b4f6e169725bc9f93a20e47b45f07493750c,android-5-0-aarch64,True,True,,,f69e1b00908837bf0550250abb1645014317e8ec,,build times,True,build times pgo instrumented taskcluster-projects/970387039909/machineTypes/c2-standard-16,,6,,,448515778,1848901364,2024-02-26 21:29:52,1382588,,,,,,,,,,,,,,,,,,,,,,,,,,,,,,,,,,,,,,,,,,,,,,,,,TN
79,b308fc8aa944fb72bcc9359b58c5263a72604524,0.0694194570930664,mozilla-beta,5027409,2,3c15b4f6e169725bc9f93a20e47b45f07493750c,android-5-0-aarch64,True,True,,,f69e1b00908837bf0550250abb1645014317e8ec,,build times,True,build times pgo instrumented taskcluster-projects/970387039909/machineTypes/c2-standard-16,,6,,,448543083,1848962769,2024-02-27 00:00:16,1382686,,,,,,,,,,,,,,,,,,,,,,,,,,,,,,,,,,,,,,,,,,,,,,,,,TN
80,0999ed6a09f562ac5680ce7111c3611857a93c49,0.08710002962149854,mozilla-beta,5027409,2,3c15b4f6e169725bc9f93a20e47b45f07493750c,android-5-0-aarch64,True,True,,,f69e1b00908837bf0550250abb1645014317e8ec,,build times,True,build times pgo instrumented taskcluster-projects/970387039909/machineTypes/c2-standard-16,,6,,,448583008,1849201534,2024-02-27 09:15:26,1382853,,,,,,,,,,,,,,,,,,,,,,,,,,,,,,,,,,,,,,,,,,,,,,,,,TN
81,b28d335f4dbc8ad343ccda13b9d78e248e477996,0.05976233555900601,mozilla-beta,5027409,2,3c15b4f6e169725bc9f93a20e47b45f07493750c,android-5-0-aarch64,True,True,,,f69e1b00908837bf0550250abb1645014317e8ec,,build times,True,build times pgo instrumented taskcluster-projects/970387039909/machineTypes/c2-standard-16,,6,,,448618092,1849339796,2024-02-27 13:34:52,1383003,,,,,,,,,,,,,,,,,,,,,,,,,,,,,,,,,,,,,,,,,,,,,,,,,TN
82,562764e436d3d282ab0faf658e15bb54bd8e85de,0.09531454569468822,mozilla-beta,5027409,2,3c15b4f6e169725bc9f93a20e47b45f07493750c,android-5-0-aarch64,True,True,,,f69e1b00908837bf0550250abb1645014317e8ec,,build times,True,build times pgo instrumented taskcluster-projects/970387039909/machineTypes/c2-standard-16,,6,,,448618734,1849343676,2024-02-27 13:44:09,1383011,,,,,,,,,,,,,,,,,,,,,,,,,,,,,,,,,,,,,,,,,,,,,,,,,TN
83,73323a2df76b7d4196891ca89539968f87008603,0.13689877013075735,mozilla-beta,5027409,2,3c15b4f6e169725bc9f93a20e47b45f07493750c,android-5-0-aarch64,True,True,,,f69e1b00908837bf0550250abb1645014317e8ec,,build times,True,build times pgo instrumented taskcluster-projects/970387039909/machineTypes/c2-standard-16,,6,,,448632358,1849384363,2024-02-27 15:23:48,1383089,,,,,,,,,,,,,,,,,,,,,,,,,,,,,,,,,,,,,,,,,,,,,,,,,TN
84,e3f50b9d672d53297ee33c3d4fcebc309a9beeb3,0.14843448455386277,mozilla-beta,5027409,2,3c15b4f6e169725bc9f93a20e47b45f07493750c,android-5-0-aarch64,True,True,,,f69e1b00908837bf0550250abb1645014317e8ec,,build times,True,build times pgo instrumented taskcluster-projects/970387039909/machineTypes/c2-standard-16,,6,,,448649833,1849435693,2024-02-27 17:19:10,1383190,,,,,,,,,,,,,,,,,,,,,,,,,,,,,,,,,,,,,,,,,,,,,,,,,TN
85,d99153fba7d26a18a0cb31f2eada4687876b4d2c,0.17808291198567927,mozilla-beta,5027409,2,3c15b4f6e169725bc9f93a20e47b45f07493750c,android-5-0-aarch64,True,True,,,f69e1b00908837bf0550250abb1645014317e8ec,,build times,True,build times pgo instrumented taskcluster-projects/970387039909/machineTypes/c2-standard-16,,6,,,448673561,1849535134,2024-02-27 20:50:53,1383360,,,,,,,,,,,,,,,,,,,,,,,,,,,,,,,,,,,,,,,,,,,,,,,,,TN
86,275d258d095f3d32aee0db947ed16c12855c2902,0.1679167110134272,mozilla-beta,5027409,2,3c15b4f6e169725bc9f93a20e47b45f07493750c,android-5-0-aarch64,True,True,,,f69e1b00908837bf0550250abb1645014317e8ec,,build times,True,build times pgo instrumented taskcluster-projects/970387039909/machineTypes/c2-standard-16,,6,,,448680858,1849567601,2024-02-27 21:53:43,1383389,,,,,,,,,,,,,,,,,,,,,,,,,,,,,,,,,,,,,,,,,,,,,,,,,TN
87,401ddd57f906d5e7ca764f87db82b58a9532b1b7,0.06959000511644087,mozilla-beta,5027409,2,3c15b4f6e169725bc9f93a20e47b45f07493750c,android-5-0-aarch64,True,True,,,f69e1b00908837bf0550250abb1645014317e8ec,,build times,True,build times pgo instrumented taskcluster-projects/970387039909/machineTypes/c2-standard-16,,6,,,448739715,1849805634,2024-02-28 09:17:14,1383641,,,,,,,,,,,,,,,,,,,,,,,,,,,,,,,,,,,,,,,,,,,,,,,,,TN
88,b9010ad44e93c53a0834f7b38f531ef6559dbd4d,0.29731521506362224,mozilla-beta,5027409,2,3c15b4f6e169725bc9f93a20e47b45f07493750c,android-5-0-aarch64,True,True,,,f69e1b00908837bf0550250abb1645014317e8ec,,build times,True,build times pgo instrumented taskcluster-projects/970387039909/machineTypes/c2-standard-16,,6,,,448858264,1850225760,2024-02-28 23:14:08,1384099,,,,,,,,,,,,,,,,,,,,,,,,,,,,,,,,,,,,,,,,,,,,,,,,,TN
89,37594569e2a4eed32286dcb7f24967faf8cbffb6,0.2664383289371264,mozilla-beta,5027409,2,3c15b4f6e169725bc9f93a20e47b45f07493750c,android-5-0-aarch64,True,True,,,f69e1b00908837bf0550250abb1645014317e8ec,,build times,True,build times pgo instrumented taskcluster-projects/970387039909/machineTypes/c2-standard-16,,6,,,448870832,1850273353,2024-02-29 00:06:45,1384146,,,,,,,,,,,,,,,,,,,,,,,,,,,,,,,,,,,,,,,,,,,,,,,,,TN
90,a03c7a928714c0b3c0c3ec646c63f0bed80c4797,0.1348214182671037,mozilla-beta,5027409,2,3c15b4f6e169725bc9f93a20e47b45f07493750c,android-5-0-aarch64,True,True,,,f69e1b00908837bf0550250abb1645014317e8ec,,build times,True,build times pgo instrumented taskcluster-projects/970387039909/machineTypes/c2-standard-16,,6,,,448880654,1850294794,2024-02-29 00:54:42,1384176,,,,,,,,,,,,,,,,,,,,,,,,,,,,,,,,,,,,,,,,,,,,,,,,,TN
91,47a022d40eee30f09c94e7ed9ab0c07c76658c43,0.10156583602512814,mozilla-beta,5027409,2,3c15b4f6e169725bc9f93a20e47b45f07493750c,android-5-0-aarch64,True,True,,,f69e1b00908837bf0550250abb1645014317e8ec,,build times,True,build times pgo instrumented taskcluster-projects/970387039909/machineTypes/c2-standard-16,,6,,,448923262,1850505720,2024-02-29 09:18:56,1384386,,,,,,,,,,,,,,,,,,,,,,,,,,,,,,,,,,,,,,,,,,,,,,,,,TN
92,e8061977ef5f100fa329613bc935dfc5f2d43465,0.12139941705916213,mozilla-beta,5027409,2,3c15b4f6e169725bc9f93a20e47b45f07493750c,android-5-0-aarch64,True,True,,,f69e1b00908837bf0550250abb1645014317e8ec,,build times,True,build times pgo instrumented taskcluster-projects/970387039909/machineTypes/c2-standard-16,,6,,,448956026,1850667942,2024-02-29 14:51:39,1384624,,,,,,,,,,,,,,,,,,,,,,,,,,,,,,,,,,,,,,,,,,,,,,,,,TN
93,167bca2c3d7a1f9b84cff6da10cc441d25bd343e,0.1515299952939002,mozilla-beta,5027409,2,3c15b4f6e169725bc9f93a20e47b45f07493750c,android-5-0-aarch64,True,True,,,f69e1b00908837bf0550250abb1645014317e8ec,,build times,True,build times pgo instrumented taskcluster-projects/970387039909/machineTypes/c2-standard-16,,6,,,449041747,1851039445,2024-03-01 01:35:46,1385003,,,,,,,,,,,,,,,,,,,,,,,,,,,,,,,,,,,,,,,,,,,,,,,,,TN
94,4460e94868c1046b2812fc3a0940966d4a98a7c5,0.11345034039077273,mozilla-beta,5027409,2,3c15b4f6e169725bc9f93a20e47b45f07493750c,android-5-0-aarch64,True,True,,,f69e1b00908837bf0550250abb1645014317e8ec,,build times,True,build times pgo instrumented taskcluster-projects/970387039909/machineTypes/c2-standard-16,,6,,,449064337,1851176995,2024-03-01 09:18:52,1385270,,,,,,,,,,,,,,,,,,,,,,,,,,,,,,,,,,,,,,,,,,,,,,,,,TN
95,1af7425bd5a372252b36af9487fc7090643a97fe,0.10264169911994658,mozilla-beta,5027409,2,3c15b4f6e169725bc9f93a20e47b45f07493750c,android-5-0-aarch64,True,True,,,f69e1b00908837bf0550250abb1645014317e8ec,,build times,True,build times pgo instrumented taskcluster-projects/970387039909/machineTypes/c2-standard-16,,6,,,449161221,1851515438,2024-03-01 21:42:50,1385679,,,,,,,,,,,,,,,,,,,,,,,,,,,,,,,,,,,,,,,,,,,,,,,,,TN
96,46ac3aa236ad6c811ce6a9274dd4b0b41bcf8e18,0.13824007263037608,mozilla-beta,5027409,2,3c15b4f6e169725bc9f93a20e47b45f07493750c,android-5-0-aarch64,True,True,,,f69e1b00908837bf0550250abb1645014317e8ec,,build times,True,build times pgo instrumented taskcluster-projects/970387039909/machineTypes/c2-standard-16,,6,,,449173462,1851543992,2024-03-01 23:37:43,1385822,,,,,,,,,,,,,,,,,,,,,,,,,,,,,,,,,,,,,,,,,,,,,,,,,TN
97,1cb56ccffcba9313d8620178c2972a667fcfb441,0.08272604986413867,mozilla-beta,5027409,2,3c15b4f6e169725bc9f93a20e47b45f07493750c,android-5-0-aarch64,True,True,,,f69e1b00908837bf0550250abb1645014317e8ec,,build times,True,build times pgo instrumented taskcluster-projects/970387039909/machineTypes/c2-standard-16,,6,,,449192421,1851615988,2024-03-02 09:17:43,1385896,,,,,,,,,,,,,,,,,,,,,,,,,,,,,,,,,,,,,,,,,,,,,,,,,TN
98,8a7004b5a774920350a10f1988757e8b5bdff3f2,0.20245589153658639,mozilla-beta,5027409,2,3c15b4f6e169725bc9f93a20e47b45f07493750c,android-5-0-aarch64,True,True,,,f69e1b00908837bf0550250abb1645014317e8ec,,build times,True,build times pgo instrumented taskcluster-projects/970387039909/machineTypes/c2-standard-16,,6,,,449219018,1851748371,2024-03-02 14:40:17,1385931,,,,,,,,,,,,,,,,,,,,,,,,,,,,,,,,,,,,,,,,,,,,,,,,,TN
99,b45f5cfa8c87055b8472608d37d94ac0fee84b64,0.1372629478648797,mozilla-beta,5027409,2,3c15b4f6e169725bc9f93a20e47b45f07493750c,android-5-0-aarch64,True,True,,,f69e1b00908837bf0550250abb1645014317e8ec,,build times,True,build times pgo instrumented taskcluster-projects/970387039909/machineTypes/c2-standard-16,,6,,,449221856,1851756254,2024-03-02 15:02:34,1385933,,,,,,,,,,,,,,,,,,,,,,,,,,,,,,,,,,,,,,,,,,,,,,,,,TN
100,e28c70d1db219d5c41ff8ce0d41e4b3527cc3a26,0.08669994704035044,mozilla-beta,5027409,2,3c15b4f6e169725bc9f93a20e47b45f07493750c,android-5-0-aarch64,True,True,,,f69e1b00908837bf0550250abb1645014317e8ec,,build times,True,build times pgo instrumented taskcluster-projects/970387039909/machineTypes/c2-standard-16,,6,,,449227809,1851788696,2024-03-02 16:14:57,1385941,,,,,,,,,,,,,,,,,,,,,,,,,,,,,,,,,,,,,,,,,,,,,,,,,TN
101,c589aa459a6a6a71ffa8bddaf34c8d1ad410decf,0.16639331964674753,mozilla-beta,5027409,2,3c15b4f6e169725bc9f93a20e47b45f07493750c,android-5-0-aarch64,True,True,,,f69e1b00908837bf0550250abb1645014317e8ec,,build times,True,build times pgo instrumented taskcluster-projects/970387039909/machineTypes/c2-standard-16,,6,,,449258444,1851948998,2024-03-02 23:51:10,1385983,,,,,,,,,,,,,,,,,,,,,,,,,,,,,,,,,,,,,,,,,,,,,,,,,TN
102,8cf8155621d4521740a057db09282d00a18b19c7,0.08526631779123628,mozilla-beta,5027409,2,3c15b4f6e169725bc9f93a20e47b45f07493750c,android-5-0-aarch64,True,True,,,f69e1b00908837bf0550250abb1645014317e8ec,,build times,True,build times pgo instrumented taskcluster-projects/970387039909/machineTypes/c2-standard-16,,6,,,449266353,1851964477,2024-03-03 00:58:50,1385989,,,,,,,,,,,,,,,,,,,,,,,,,,,,,,,,,,,,,,,,,,,,,,,,,TN
103,42f38e140473db8c40a0bbdf03a18d6e8f75cff3,0.08498549059485327,mozilla-beta,5027409,2,3c15b4f6e169725bc9f93a20e47b45f07493750c,android-5-0-aarch64,True,True,,,f69e1b00908837bf0550250abb1645014317e8ec,,build times,True,build times pgo instrumented taskcluster-projects/970387039909/machineTypes/c2-standard-16,,6,,,449274575,1851980624,2024-03-03 02:21:56,1385999,,,,,,,,,,,,,,,,,,,,,,,,,,,,,,,,,,,,,,,,,,,,,,,,,TN
104,1061003988270c6635a6bde10199410a25f44eea,0.0486856902514492,mozilla-beta,5027409,2,3c15b4f6e169725bc9f93a20e47b45f07493750c,android-5-0-aarch64,True,True,,,f69e1b00908837bf0550250abb1645014317e8ec,,build times,True,build times pgo instrumented taskcluster-projects/970387039909/machineTypes/c2-standard-16,,6,,,449278728,1851999192,2024-03-03 03:21:19,1386005,,,,,,,,,,,,,,,,,,,,,,,,,,,,,,,,,,,,,,,,,,,,,,,,,TN
105,bfdc95d345acc33d49664c07e599896f13fcfe83,0.06359517797904424,mozilla-beta,5027409,2,3c15b4f6e169725bc9f93a20e47b45f07493750c,android-5-0-aarch64,True,True,,,f69e1b00908837bf0550250abb1645014317e8ec,,build times,True,build times pgo instrumented taskcluster-projects/970387039909/machineTypes/c2-standard-16,,6,,,449286175,1852029104,2024-03-03 09:19:05,1386049,,,,,,,,,,,,,,,,,,,,,,,,,,,,,,,,,,,,,,,,,,,,,,,,,TN
106,705168aaaa94dd381d0426d6d839446b5f0bc0d9,0.06021884004262379,mozilla-beta,5027409,2,3c15b4f6e169725bc9f93a20e47b45f07493750c,android-5-0-aarch64,True,True,,,f69e1b00908837bf0550250abb1645014317e8ec,,build times,True,build times pgo instrumented taskcluster-projects/970387039909/machineTypes/c2-standard-16,,6,,,449313900,1852126715,2024-03-03 14:06:48,1386073,,,,,,,,,,,,,,,,,,,,,,,,,,,,,,,,,,,,,,,,,,,,,,,,,TN
107,d64810040b0fd5c4cbf61f958a81be9a07bce3ec,0.059852097676571514,mozilla-beta,5027409,2,3c15b4f6e169725bc9f93a20e47b45f07493750c,android-5-0-aarch64,True,True,,,f69e1b00908837bf0550250abb1645014317e8ec,,build times,True,build times pgo instrumented taskcluster-projects/970387039909/machineTypes/c2-standard-16,,6,,,449326796,1852189497,2024-03-03 23:31:13,1386130,,,,,,,,,,,,,,,,,,,,,,,,,,,,,,,,,,,,,,,,,,,,,,,,,TN
108,f069a175c6e0927a23ea07bb979fa587dfbf42c7,0.08437510819540961,mozilla-beta,5027409,2,3c15b4f6e169725bc9f93a20e47b45f07493750c,android-5-0-aarch64,True,True,,,f69e1b00908837bf0550250abb1645014317e8ec,,build times,True,build times pgo instrumented taskcluster-projects/970387039909/machineTypes/c2-standard-16,,6,,,449333789,1852205431,2024-03-04 00:34:20,1386138,,,,,,,,,,,,,,,,,,,,,,,,,,,,,,,,,,,,,,,,,,,,,,,,,TN
109,27d659cebabdf65399b834419b955970b7063987,0.17933317005176708,mozilla-beta,5027409,2,3c15b4f6e169725bc9f93a20e47b45f07493750c,android-5-0-aarch64,True,True,,,f69e1b00908837bf0550250abb1645014317e8ec,,build times,True,build times pgo instrumented taskcluster-projects/970387039909/machineTypes/c2-standard-16,,6,,,449359038,1852309952,2024-03-04 09:17:53,1386240,,,,,,,,,,,,,,,,,,,,,,,,,,,,,,,,,,,,,,,,,,,,,,,,,TN
110,eb4cbed3f2f8ac7b12cab2c335a4b7c9033a96e8,0.1159482918910184,mozilla-beta,5027409,2,3c15b4f6e169725bc9f93a20e47b45f07493750c,android-5-0-aarch64,True,True,,,f69e1b00908837bf0550250abb1645014317e8ec,,build times,True,build times pgo instrumented taskcluster-projects/970387039909/machineTypes/c2-standard-16,,6,,,449455007,1852632063,2024-03-04 18:45:26,1386613,,,,,,,,,,,,,,,,,,,,,,,,,,,,,,,,,,,,,,,,,,,,,,,,,TN
111,b5ceec29c4c9b7091eaa5317fda109439adae421,0.130585928633987,mozilla-beta,5027409,2,3c15b4f6e169725bc9f93a20e47b45f07493750c,android-5-0-aarch64,True,True,,,f69e1b00908837bf0550250abb1645014317e8ec,,build times,True,build times pgo instrumented taskcluster-projects/970387039909/machineTypes/c2-standard-16,,6,,,449463553,1852674969,2024-03-04 19:32:24,1386653,,,,,,,,,,,,,,,,,,,,,,,,,,,,,,,,,,,,,,,,,,,,,,,,,TN
112,ca3c73cda9454065f94c8042e1ab22f3b63d37e4,0.20526544581638007,mozilla-beta,5027409,2,3c15b4f6e169725bc9f93a20e47b45f07493750c,android-5-0-aarch64,True,True,,,f69e1b00908837bf0550250abb1645014317e8ec,,build times,True,build times pgo instrumented taskcluster-projects/970387039909/machineTypes/c2-standard-16,,6,,,449557838,1853043951,2024-03-05 09:18:16,1387064,,,,,,,,,,,,,,,,,,,,,,,,,,,,,,,,,,,,,,,,,,,,,,,,,TN
113,73f9ebd83ab584e3a5545af3e2c1b7d3543a2f99,0.07359083092792229,mozilla-beta,5027409,2,3c15b4f6e169725bc9f93a20e47b45f07493750c,android-5-0-aarch64,True,True,,,f69e1b00908837bf0550250abb1645014317e8ec,,build times,True,build times pgo instrumented taskcluster-projects/970387039909/machineTypes/c2-standard-16,,6,,,449631128,1853271835,2024-03-05 18:09:33,1387475,,,,,,,,,,,,,,,,,,,,,,,,,,,,,,,,,,,,,,,,,,,,,,,,,TN
114,3a59f24effaf9281faa0f840a0f4dc6f0af8d996,0.12803540217916787,mozilla-beta,5027409,2,3c15b4f6e169725bc9f93a20e47b45f07493750c,android-5-0-aarch64,True,True,,,f69e1b00908837bf0550250abb1645014317e8ec,,build times,True,build times pgo instrumented taskcluster-projects/970387039909/machineTypes/c2-standard-16,,6,,,449634859,1853291716,2024-03-05 18:42:40,1387513,,,,,,,,,,,,,,,,,,,,,,,,,,,,,,,,,,,,,,,,,,,,,,,,,TN
115,66476538dd9460c4b69eddfa2cace93c59b54545,0.18864150164328786,mozilla-beta,5027409,2,3c15b4f6e169725bc9f93a20e47b45f07493750c,android-5-0-aarch64,True,True,,,f69e1b00908837bf0550250abb1645014317e8ec,,build times,True,build times pgo instrumented taskcluster-projects/970387039909/machineTypes/c2-standard-16,,6,,,449640871,1853303062,2024-03-05 19:17:35,1387552,,,,,,,,,,,,,,,,,,,,,,,,,,,,,,,,,,,,,,,,,,,,,,,,,TN
116,c2b7003423a955a8591435362086479921f5097f,0.17745970642658282,mozilla-beta,5027409,2,3c15b4f6e169725bc9f93a20e47b45f07493750c,android-5-0-aarch64,True,True,,,f69e1b00908837bf0550250abb1645014317e8ec,,build times,True,build times pgo instrumented taskcluster-projects/970387039909/machineTypes/c2-standard-16,,6,,,449649222,1853330767,2024-03-05 20:16:23,1387596,,,,,,,,,,,,,,,,,,,,,,,,,,,,,,,,,,,,,,,,,,,,,,,,,TN
117,e71c09abb5963e03560e72c37a4e568c7521bc05,0.13798873870119355,mozilla-beta,5027409,2,3c15b4f6e169725bc9f93a20e47b45f07493750c,android-5-0-aarch64,True,True,,,f69e1b00908837bf0550250abb1645014317e8ec,,build times,True,build times pgo instrumented taskcluster-projects/970387039909/machineTypes/c2-standard-16,,6,,,449652107,1853335334,2024-03-05 20:23:57,1387605,,,,,,,,,,,,,,,,,,,,,,,,,,,,,,,,,,,,,,,,,,,,,,,,,TN
118,b756707186eafcf8cb78aa8a4d6942fd1f973afb,0.22457071267274342,mozilla-beta,5027409,2,3c15b4f6e169725bc9f93a20e47b45f07493750c,android-5-0-aarch64,True,True,,,f69e1b00908837bf0550250abb1645014317e8ec,,build times,True,build times pgo instrumented taskcluster-projects/970387039909/machineTypes/c2-standard-16,,6,,,449671697,1853390160,2024-03-05 22:33:35,1387654,,,,,,,,,,,,,,,,,,,,,,,,,,,,,,,,,,,,,,,,,,,,,,,,,TN
119,9e3a7ca90b3193ea7901e4ed72ab2955f3f073e3,0.07837643411011763,mozilla-beta,5027409,2,3c15b4f6e169725bc9f93a20e47b45f07493750c,android-5-0-aarch64,True,True,,,f69e1b00908837bf0550250abb1645014317e8ec,,build times,True,build times pgo instrumented taskcluster-projects/970387039909/machineTypes/c2-standard-16,,6,,,449691741,1853457733,2024-03-06 00:57:36,1387824,,,,,,,,,,,,,,,,,,,,,,,,,,,,,,,,,,,,,,,,,,,,,,,,,TN
120,b5e6043de735239c541dc8fb6dcc72c0f1e51f29,0.13727448870856662,mozilla-beta,5027409,2,3c15b4f6e169725bc9f93a20e47b45f07493750c,android-5-0-aarch64,True,True,,,f69e1b00908837bf0550250abb1645014317e8ec,,build times,True,build times pgo instrumented taskcluster-projects/970387039909/machineTypes/c2-standard-16,,6,,,449700060,1853481582,2024-03-06 02:54:23,1387832,,,,,,,,,,,,,,,,,,,,,,,,,,,,,,,,,,,,,,,,,,,,,,,,,TN
121,d6871cc9daee938525807b88d93ba4b41aa8e96e,0.06734595217730854,mozilla-beta,5027409,2,3c15b4f6e169725bc9f93a20e47b45f07493750c,android-5-0-aarch64,True,True,,,f69e1b00908837bf0550250abb1645014317e8ec,,build times,True,build times pgo instrumented taskcluster-projects/970387039909/machineTypes/c2-standard-16,,6,,,449729820,1853661887,2024-03-06 09:20:55,1387980,,,,,,,,,,,,,,,,,,,,,,,,,,,,,,,,,,,,,,,,,,,,,,,,,TN
122,e3e0e69d83f0a2b2c37c8c08e660f9e1258c0cdb,0.1607152245527601,mozilla-beta,5027409,2,3c15b4f6e169725bc9f93a20e47b45f07493750c,android-5-0-aarch64,True,True,,,f69e1b00908837bf0550250abb1645014317e8ec,,build times,True,build times pgo instrumented taskcluster-projects/970387039909/machineTypes/c2-standard-16,,6,,,449738406,1853707381,2024-03-06 10:47:56,1388026,,,,,,,,,,,,,,,,,,,,,,,,,,,,,,,,,,,,,,,,,,,,,,,,,TN
123,a5670c5fbc7bfc482f26a32d566b4179871df5d3,0.12261377027822418,mozilla-beta,5027409,2,3c15b4f6e169725bc9f93a20e47b45f07493750c,android-5-0-aarch64,True,True,,,f69e1b00908837bf0550250abb1645014317e8ec,,build times,True,build times pgo instrumented taskcluster-projects/970387039909/machineTypes/c2-standard-16,,6,,,449849810,1854064953,2024-03-06 22:14:11,1388624,,,,,,,,,,,,,,,,,,,,,,,,,,,,,,,,,,,,,,,,,,,,,,,,,TN
124,2cfab6f4b4a89efa0255ec84e97cc206af8b33e1,0.26533681952300414,mozilla-beta,5027409,2,3c15b4f6e169725bc9f93a20e47b45f07493750c,android-5-0-aarch64,True,True,,,f69e1b00908837bf0550250abb1645014317e8ec,,build times,True,build times pgo instrumented taskcluster-projects/970387039909/machineTypes/c2-standard-16,,6,,,449853843,1854086491,2024-03-06 22:47:59,1388648,,,,,,,,,,,,,,,,,,,,,,,,,,,,,,,,,,,,,,,,,,,,,,,,,TN
125,4ea026b92217b6b50b76f1f2a6c0875f9de2b49c,0.2546679506923861,mozilla-beta,5027409,2,3c15b4f6e169725bc9f93a20e47b45f07493750c,android-5-0-aarch64,True,True,,,f69e1b00908837bf0550250abb1645014317e8ec,,build times,True,build times pgo instrumented taskcluster-projects/970387039909/machineTypes/c2-standard-16,,6,,,449880280,1854176880,2024-03-07 01:35:26,1388775,,,,,,,,,,,,,,,,,,,,,,,,,,,,,,,,,,,,,,,,,,,,,,,,,TN
126,f8d8807e88c8d0cef0e81df53f18d2599dba30c0,0.10561667215925308,mozilla-beta,5027409,2,3c15b4f6e169725bc9f93a20e47b45f07493750c,android-5-0-aarch64,True,True,,,f69e1b00908837bf0550250abb1645014317e8ec,,build times,True,build times pgo instrumented taskcluster-projects/970387039909/machineTypes/c2-standard-16,,6,,,449902927,1854363854,2024-03-07 09:17:51,1388859,,,,,,,,,,,,,,,,,,,,,,,,,,,,,,,,,,,,,,,,,,,,,,,,,TN
127,a1bae0fdcc80b98920ddd920df1f0126c493a7eb,0.12118398797700536,mozilla-beta,5027409,2,3c15b4f6e169725bc9f93a20e47b45f07493750c,android-5-0-aarch64,True,True,,,f69e1b00908837bf0550250abb1645014317e8ec,,build times,True,build times pgo instrumented taskcluster-projects/970387039909/machineTypes/c2-standard-16,,6,,,449925679,1854458395,2024-03-07 13:33:54,1388888,,,,,,,,,,,,,,,,,,,,,,,,,,,,,,,,,,,,,,,,,,,,,,,,,TN
128,61041e0e6a810a0dfbe67108a0b8d422f654c7a0,0.12462315939572122,mozilla-beta,5027409,2,3c15b4f6e169725bc9f93a20e47b45f07493750c,android-5-0-aarch64,True,True,,,f69e1b00908837bf0550250abb1645014317e8ec,,build times,True,build times pgo instrumented taskcluster-projects/970387039909/machineTypes/c2-standard-16,,6,,,449931663,1854468573,2024-03-07 14:09:48,1388893,,,,,,,,,,,,,,,,,,,,,,,,,,,,,,,,,,,,,,,,,,,,,,,,,TN
129,cafdca10a3ffd57b1a63327382cc207c26b2bdaa,0.0716750508758861,mozilla-beta,5027409,2,3c15b4f6e169725bc9f93a20e47b45f07493750c,android-5-0-aarch64,True,True,,,f69e1b00908837bf0550250abb1645014317e8ec,,build times,True,build times pgo instrumented taskcluster-projects/970387039909/machineTypes/c2-standard-16,,6,,,449937608,1854501134,2024-03-07 15:29:29,1388916,,,,,,,,,,,,,,,,,,,,,,,,,,,,,,,,,,,,,,,,,,,,,,,,,TN
130,b305bd8eefcf57b2f482006b0683e7555caac8f8,0.1986179198526874,mozilla-beta,5027409,2,3c15b4f6e169725bc9f93a20e47b45f07493750c,android-5-0-aarch64,True,True,,,f69e1b00908837bf0550250abb1645014317e8ec,,build times,True,build times pgo instrumented taskcluster-projects/970387039909/machineTypes/c2-standard-16,,6,,,449946606,1854531767,2024-03-07 16:56:30,1388973,,,,,,,,,,,,,,,,,,,,,,,,,,,,,,,,,,,,,,,,,,,,,,,,,TN
131,9b584519df70a69d4851b4ea417d1257dde4abf2,0.13841574991761085,mozilla-beta,5027409,2,3c15b4f6e169725bc9f93a20e47b45f07493750c,android-5-0-aarch64,True,True,,,f69e1b00908837bf0550250abb1645014317e8ec,,build times,True,build times pgo instrumented taskcluster-projects/970387039909/machineTypes/c2-standard-16,,6,,,449982914,1854692650,2024-03-07 22:26:00,1389278,,,,,,,,,,,,,,,,,,,,,,,,,,,,,,,,,,,,,,,,,,,,,,,,,TN
132,c67065d1e98e278228c26a9264cf480a224dadf1,0.0868115085293244,mozilla-beta,5027409,2,3c15b4f6e169725bc9f93a20e47b45f07493750c,android-5-0-aarch64,True,True,,,f69e1b00908837bf0550250abb1645014317e8ec,,build times,True,build times pgo instrumented taskcluster-projects/970387039909/machineTypes/c2-standard-16,,6,,,450001207,1854762180,2024-03-08 00:48:21,1389393,,,,,,,,,,,,,,,,,,,,,,,,,,,,,,,,,,,,,,,,,,,,,,,,,TN
133,6b78255365781429bca953047b0b1c117e2cec1e,0.11117679418444038,mozilla-beta,5027409,2,3c15b4f6e169725bc9f93a20e47b45f07493750c,android-5-0-aarch64,True,True,,,f69e1b00908837bf0550250abb1645014317e8ec,,build times,True,build times pgo instrumented taskcluster-projects/970387039909/machineTypes/c2-standard-16,,6,,,450006450,1854779239,2024-03-08 01:19:55,1389419,,,,,,,,,,,,,,,,,,,,,,,,,,,,,,,,,,,,,,,,,,,,,,,,,TN
134,291d075bd725e0585420354be1dc13c0096d88f2,0.12849831824261138,mozilla-beta,5027409,2,3c15b4f6e169725bc9f93a20e47b45f07493750c,android-5-0-aarch64,True,True,,,f69e1b00908837bf0550250abb1645014317e8ec,,build times,True,build times pgo instrumented taskcluster-projects/970387039909/machineTypes/c2-standard-16,,6,,,450011488,1854806185,2024-03-08 02:09:16,1389454,,,,,,,,,,,,,,,,,,,,,,,,,,,,,,,,,,,,,,,,,,,,,,,,,TN
135,70ebd4ce1fd92e981156d6ee8b4c83924bbcf9bc,0.12198030619140621,mozilla-beta,5027409,2,3c15b4f6e169725bc9f93a20e47b45f07493750c,android-5-0-aarch64,True,True,,,f69e1b00908837bf0550250abb1645014317e8ec,,build times,True,build times pgo instrumented taskcluster-projects/970387039909/machineTypes/c2-standard-16,,6,,,450035129,1854971990,2024-03-08 09:16:26,1389590,,,,,,,,,,,,,,,,,,,,,,,,,,,,,,,,,,,,,,,,,,,,,,,,,TN
136,86caf172561cce42e8a3ec1212cba6de3e492864,0.15103886827922164,mozilla-beta,5027409,2,3c15b4f6e169725bc9f93a20e47b45f07493750c,android-5-0-aarch64,True,True,,,f69e1b00908837bf0550250abb1645014317e8ec,,build times,True,build times pgo instrumented taskcluster-projects/970387039909/machineTypes/c2-standard-16,,6,,,450101735,1855214054,2024-03-08 18:37:36,1389830,,,,,,,,,,,,,,,,,,,,,,,,,,,,,,,,,,,,,,,,,,,,,,,,,TN
137,cf5738c4ba92559e15bf68b7425362ee9cf06c4f,0.10707851235960231,mozilla-beta,5027409,2,3c15b4f6e169725bc9f93a20e47b45f07493750c,android-5-0-aarch64,True,True,,,f69e1b00908837bf0550250abb1645014317e8ec,,build times,True,build times pgo instrumented taskcluster-projects/970387039909/machineTypes/c2-standard-16,,6,,,450168420,1855529661,2024-03-09 09:18:50,1390177,,,,,,,,,,,,,,,,,,,,,,,,,,,,,,,,,,,,,,,,,,,,,,,,,TN
138,64741d37ffced8ba11684fd3ccbb16c950214618,0.07361263029933074,mozilla-beta,5027409,2,3c15b4f6e169725bc9f93a20e47b45f07493750c,android-5-0-aarch64,True,True,,,f69e1b00908837bf0550250abb1645014317e8ec,,build times,True,build times pgo instrumented taskcluster-projects/970387039909/machineTypes/c2-standard-16,,6,,,450194463,1855608916,2024-03-09 13:42:53,1390208,,,,,,,,,,,,,,,,,,,,,,,,,,,,,,,,,,,,,,,,,,,,,,,,,TN
139,924d3c88edc8fc8b046daeaec78c45bafa710bcb,0.09214594294463341,mozilla-beta,5027409,2,3c15b4f6e169725bc9f93a20e47b45f07493750c,android-5-0-aarch64,True,True,,,f69e1b00908837bf0550250abb1645014317e8ec,,build times,True,build times pgo instrumented taskcluster-projects/970387039909/machineTypes/c2-standard-16,,6,,,450201586,1855623397,2024-03-09 15:59:07,1390224,,,,,,,,,,,,,,,,,,,,,,,,,,,,,,,,,,,,,,,,,,,,,,,,,TN
140,540aff2c4e3fb06d8f2d7237c0f97e2607f66db2,0.1332121117307543,mozilla-beta,5027409,2,3c15b4f6e169725bc9f93a20e47b45f07493750c,android-5-0-aarch64,True,True,,,f69e1b00908837bf0550250abb1645014317e8ec,,build times,True,build times pgo instrumented taskcluster-projects/970387039909/machineTypes/c2-standard-16,,6,,,450229727,1855738016,2024-03-10 09:17:47,1390270,,,,,,,,,,,,,,,,,,,,,,,,,,,,,,,,,,,,,,,,,,,,,,,,,TN
141,0cf99846ae207384b7b0d487a0c2bdc891c41b98,0.06517499124819315,mozilla-beta,5027409,2,3c15b4f6e169725bc9f93a20e47b45f07493750c,android-5-0-aarch64,True,True,,,f69e1b00908837bf0550250abb1645014317e8ec,,build times,True,build times pgo instrumented taskcluster-projects/970387039909/machineTypes/c2-standard-16,,6,,,450285424,1855966204,2024-03-11 09:18:41,1390441,,,,,,,,,,,,,,,,,,,,,,,,,,,,,,,,,,,,,,,,,,,,,,,,,TN
142,496f9c0ac7e80027ade48e9fc85e2c36f30da810,0.055724322584533414,mozilla-beta,5027409,2,3c15b4f6e169725bc9f93a20e47b45f07493750c,android-5-0-aarch64,True,True,,,f69e1b00908837bf0550250abb1645014317e8ec,,build times,True,build times pgo instrumented taskcluster-projects/970387039909/machineTypes/c2-standard-16,,6,,,450310093,1856063282,2024-03-11 12:41:32,1390501,,,,,,,,,,,,,,,,,,,,,,,,,,,,,,,,,,,,,,,,,,,,,,,,,TN
143,0e1d5dc220c3bfb832d713de0ad1146da80622aa,0.1771429743831736,mozilla-beta,5027409,2,3c15b4f6e169725bc9f93a20e47b45f07493750c,android-5-0-aarch64,True,True,,,f69e1b00908837bf0550250abb1645014317e8ec,,build times,True,build times pgo instrumented taskcluster-projects/970387039909/machineTypes/c2-standard-16,,6,,,450448341,1856585192,2024-03-11 14:13:13,1390540,,,,,,,,,,,,,,,,,,,,,,,,,,,,,,,,,,,,,,,,,,,,,,,,,TN
144,566939372e5a2716a9508a1acde76dc7c4a2511d,0.34887201076119556,mozilla-beta,5027409,2,3c15b4f6e169725bc9f93a20e47b45f07493750c,android-5-0-aarch64,True,True,,,f69e1b00908837bf0550250abb1645014317e8ec,,build times,True,build times pgo instrumented taskcluster-projects/970387039909/machineTypes/c2-standard-16,,6,,,451087051,1859398819,2024-03-18 08:55:08,1394231,,,,,,,,,,,,,,,,,,,,,,,,,,,,,,,,,,,,,,,,,,,,,,,,,TN
145,1f815868a897599dc211b55fffec34305bd5c020,0.17249201437732653,mozilla-beta,5027409,2,3c15b4f6e169725bc9f93a20e47b45f07493750c,android-5-0-aarch64,True,True,,,f69e1b00908837bf0550250abb1645014317e8ec,,build times,True,build times pgo instrumented taskcluster-projects/970387039909/machineTypes/c2-standard-16,,6,,,451116364,1859530013,2024-03-18 13:05:37,1394352,,,,,,,,,,,,,,,,,,,,,,,,,,,,,,,,,,,,,,,,,,,,,,,,,TN
146,c61db0f4b1e9653fd52cfce76424de4430629694,0.11558796110479186,mozilla-beta,5027409,2,3c15b4f6e169725bc9f93a20e47b45f07493750c,android-5-0-aarch64,True,True,,,f69e1b00908837bf0550250abb1645014317e8ec,,build times,True,build times pgo instrumented taskcluster-projects/970387039909/machineTypes/c2-standard-16,,6,,,451164912,1859724464,2024-03-18 19:30:42,1394505,,,,,,,,,,,,,,,,,,,,,,,,,,,,,,,,,,,,,,,,,,,,,,,,,TN
147,0a6626ed41f59eb0256321549dcb596810cde22a,0.17857147436842702,mozilla-beta,5027409,2,3c15b4f6e169725bc9f93a20e47b45f07493750c,android-5-0-aarch64,True,True,,,f69e1b00908837bf0550250abb1645014317e8ec,,build times,True,build times pgo instrumented taskcluster-projects/970387039909/machineTypes/c2-standard-16,,6,,,451254166,1860085267,2024-03-19 09:38:35,1394680,,,,,,,,,,,,,,,,,,,,,,,,,,,,,,,,,,,,,,,,,,,,,,,,,TN
148,6bce78fc41a4466b4d32bd254f4dafe0be56b669,0.2488962465329383,mozilla-beta,5027409,2,3c15b4f6e169725bc9f93a20e47b45f07493750c,android-5-0-aarch64,True,True,,,f69e1b00908837bf0550250abb1645014317e8ec,,build times,True,build times pgo instrumented taskcluster-projects/970387039909/machineTypes/c2-standard-16,,6,,,451288263,1860183228,2024-03-19 13:07:51,1394750,,,,,,,,,,,,,,,,,,,,,,,,,,,,,,,,,,,,,,,,,,,,,,,,,TN
149,fc97c8bfd279ebbf56396ca4732d733c1e1aba5d,0.16466732235756343,mozilla-beta,5027409,2,3c15b4f6e169725bc9f93a20e47b45f07493750c,android-5-0-aarch64,True,True,,,f69e1b00908837bf0550250abb1645014317e8ec,,build times,True,build times pgo instrumented taskcluster-projects/970387039909/machineTypes/c2-standard-16,,6,,,451288681,1860182803,2024-03-19 13:10:15,1394752,,,,,,,,,,,,,,,,,,,,,,,,,,,,,,,,,,,,,,,,,,,,,,,,,TN
150,ee438e81c37e625cfa0edd67aba9e2f0ca31fccc,0.15275076009278843,mozilla-beta,5027409,2,3c15b4f6e169725bc9f93a20e47b45f07493750c,android-5-0-aarch64,True,True,,,f69e1b00908837bf0550250abb1645014317e8ec,,build times,True,build times pgo instrumented taskcluster-projects/970387039909/machineTypes/c2-standard-16,,6,,,451412406,1860666143,2024-03-20 03:20:36,1395042,,,,,,,,,,,,,,,,,,,,,,,,,,,,,,,,,,,,,,,,,,,,,,,,,TN
151,7cc8be460f4445f7ec7d9db44cef4971301fdd0d,0.12507709924740862,mozilla-beta,5027409,2,3c15b4f6e169725bc9f93a20e47b45f07493750c,android-5-0-aarch64,True,True,,,f69e1b00908837bf0550250abb1645014317e8ec,,build times,True,build times pgo instrumented taskcluster-projects/970387039909/machineTypes/c2-standard-16,,6,,,451412607,1860666919,2024-03-20 03:26:23,1395045,,,,,,,,,,,,,,,,,,,,,,,,,,,,,,,,,,,,,,,,,,,,,,,,,TN
152,ffae974400aead10a82798846de082587d2f8981,0.20365870391196106,mozilla-beta,5027409,2,3c15b4f6e169725bc9f93a20e47b45f07493750c,android-5-0-aarch64,True,True,,,f69e1b00908837bf0550250abb1645014317e8ec,,build times,True,build times pgo instrumented taskcluster-projects/970387039909/machineTypes/c2-standard-16,,6,,,451434613,1860810908,2024-03-20 09:17:24,1395090,,,,,,,,,,,,,,,,,,,,,,,,,,,,,,,,,,,,,,,,,,,,,,,,,TN
153,dc0252aa1ef815e2555db2244519cd7c011af9f4,0.2015851989962032,mozilla-beta,5027409,2,3c15b4f6e169725bc9f93a20e47b45f07493750c,android-5-0-aarch64,True,True,,,f69e1b00908837bf0550250abb1645014317e8ec,,build times,True,build times pgo instrumented taskcluster-projects/970387039909/machineTypes/c2-standard-16,,6,,,451476290,1860961475,2024-03-20 13:24:36,1395168,,,,,,,,,,,,,,,,,,,,,,,,,,,,,,,,,,,,,,,,,,,,,,,,,TN
154,07ed85f342d2c634dd847b8d865cfb5a235b5aef,0.10675793336829775,mozilla-beta,5027409,2,3c15b4f6e169725bc9f93a20e47b45f07493750c,android-5-0-aarch64,True,True,,,f69e1b00908837bf0550250abb1645014317e8ec,,build times,True,build times pgo instrumented taskcluster-projects/970387039909/machineTypes/c2-standard-16,,6,,,451479912,1860965559,2024-03-20 13:34:05,1395179,,,,,,,,,,,,,,,,,,,,,,,,,,,,,,,,,,,,,,,,,,,,,,,,,TN
155,fd3f36159de43e77506608e251eeab2904100442,0.2563721486101618,mozilla-beta,5027409,2,3c15b4f6e169725bc9f93a20e47b45f07493750c,android-5-0-aarch64,True,True,,,f69e1b00908837bf0550250abb1645014317e8ec,,build times,True,build times pgo instrumented taskcluster-projects/970387039909/machineTypes/c2-standard-16,,6,,,451513670,1861053252,2024-03-20 16:29:05,1395246,,,,,,,,,,,,,,,,,,,,,,,,,,,,,,,,,,,,,,,,,,,,,,,,,TN
156,6e97a2d229e3a29639b5777e83c60ca9a1db2888,0.21112819440935882,mozilla-beta,5027409,2,3c15b4f6e169725bc9f93a20e47b45f07493750c,android-5-0-aarch64,True,True,,,f69e1b00908837bf0550250abb1645014317e8ec,,build times,True,build times pgo instrumented taskcluster-projects/970387039909/machineTypes/c2-standard-16,,6,,,451518389,1861063674,2024-03-20 16:56:00,1395255,,,,,,,,,,,,,,,,,,,,,,,,,,,,,,,,,,,,,,,,,,,,,,,,,TN
157,0c809bbdad42b2c650cabce3bff14eeae1d2176f,0.1929911173973089,mozilla-beta,5027409,2,3c15b4f6e169725bc9f93a20e47b45f07493750c,android-5-0-aarch64,True,True,,,f69e1b00908837bf0550250abb1645014317e8ec,,build times,True,build times pgo instrumented taskcluster-projects/970387039909/machineTypes/c2-standard-16,,6,,,451548591,1861182626,2024-03-20 20:32:04,1395341,,,,,,,,,,,,,,,,,,,,,,,,,,,,,,,,,,,,,,,,,,,,,,,,,TN
158,ef61e82f29a18e4a1de32bb9371cf8196ccd33f2,0.3017392051436256,mozilla-beta,5027409,2,3c15b4f6e169725bc9f93a20e47b45f07493750c,android-5-0-aarch64,True,True,,,f69e1b00908837bf0550250abb1645014317e8ec,,build times,True,build times pgo instrumented taskcluster-projects/970387039909/machineTypes/c2-standard-16,,6,,,451553418,1861201842,2024-03-20 20:56:24,1395352,,,,,,,,,,,,,,,,,,,,,,,,,,,,,,,,,,,,,,,,,,,,,,,,,TN
159,5ef320087fe3720e882d8e1c7a12b1295c818ebd,0.149162840022107,mozilla-beta,5027409,2,3c15b4f6e169725bc9f93a20e47b45f07493750c,android-5-0-aarch64,True,True,,,f69e1b00908837bf0550250abb1645014317e8ec,,build times,True,build times pgo instrumented taskcluster-projects/970387039909/machineTypes/c2-standard-16,,6,,,451627535,1861557710,2024-03-21 09:16:03,1395733,,,,,,,,,,,,,,,,,,,,,,,,,,,,,,,,,,,,,,,,,,,,,,,,,TN
160,161e3f910fad88191f557bf7777be06a1b47fe73,0.18202475126276063,mozilla-beta,5027409,2,3c15b4f6e169725bc9f93a20e47b45f07493750c,android-5-0-aarch64,True,True,,,f69e1b00908837bf0550250abb1645014317e8ec,,build times,True,build times pgo instrumented taskcluster-projects/970387039909/machineTypes/c2-standard-16,,6,,,451691730,1861794049,2024-03-21 15:58:37,1396094,,,,,,,,,,,,,,,,,,,,,,,,,,,,,,,,,,,,,,,,,,,,,,,,,TN
161,007d655f694e40a079e09e36572636aa6758dbc3,0.1404623261980995,mozilla-beta,5027409,2,3c15b4f6e169725bc9f93a20e47b45f07493750c,android-5-0-aarch64,True,True,,,f69e1b00908837bf0550250abb1645014317e8ec,,build times,True,build times pgo instrumented taskcluster-projects/970387039909/machineTypes/c2-standard-16,,6,,,451695548,1861811379,2024-03-21 16:27:42,1396138,,,,,,,,,,,,,,,,,,,,,,,,,,,,,,,,,,,,,,,,,,,,,,,,,TN
162,585e3499672dcc2c2fbd33c9fea70fc6917dafc7,0.18933523458047086,mozilla-beta,5027409,2,3c15b4f6e169725bc9f93a20e47b45f07493750c,android-5-0-aarch64,True,True,,,f69e1b00908837bf0550250abb1645014317e8ec,,build times,True,build times pgo instrumented taskcluster-projects/970387039909/machineTypes/c2-standard-16,,6,,,451704041,1861836705,2024-03-21 16:57:56,1396188,,,,,,,,,,,,,,,,,,,,,,,,,,,,,,,,,,,,,,,,,,,,,,,,,TN
163,a840396413ab7af38b6d3bff1a57686553c6ea62,0.19347070356830054,mozilla-beta,5027409,2,3c15b4f6e169725bc9f93a20e47b45f07493750c,android-5-0-aarch64,True,True,,,f69e1b00908837bf0550250abb1645014317e8ec,,build times,True,build times pgo instrumented taskcluster-projects/970387039909/machineTypes/c2-standard-16,,6,,,451757095,1862030377,2024-03-21 21:54:30,1396608,,,,,,,,,,,,,,,,,,,,,,,,,,,,,,,,,,,,,,,,,,,,,,,,,TN
164,335f1e66f04aade4f8eba1d3181737f6869fed63,0.11077671160329228,mozilla-beta,5027409,2,3c15b4f6e169725bc9f93a20e47b45f07493750c,android-5-0-aarch64,True,True,,,f69e1b00908837bf0550250abb1645014317e8ec,,build times,True,build times pgo instrumented taskcluster-projects/970387039909/machineTypes/c2-standard-16,,6,,,451798657,1862155938,2024-03-22 01:55:25,1396905,,,,,,,,,,,,,,,,,,,,,,,,,,,,,,,,,,,,,,,,,,,,,,,,,TN
165,9588f28ce15bf3183496dac4dfd348051f9bcfca,0.12934079983175994,mozilla-beta,5027409,2,3c15b4f6e169725bc9f93a20e47b45f07493750c,android-5-0-aarch64,True,True,,,f69e1b00908837bf0550250abb1645014317e8ec,,build times,True,build times pgo instrumented taskcluster-projects/970387039909/machineTypes/c2-standard-16,,6,,,451801714,1862157953,2024-03-22 02:02:56,1396917,,,,,,,,,,,,,,,,,,,,,,,,,,,,,,,,,,,,,,,,,,,,,,,,,TN
166,0d731e254588ef02b7c5b5af8937b93fd63bb394,0.2082045140086608,mozilla-beta,5027409,2,3c15b4f6e169725bc9f93a20e47b45f07493750c,android-5-0-aarch64,True,True,,,f69e1b00908837bf0550250abb1645014317e8ec,,build times,True,build times pgo instrumented taskcluster-projects/970387039909/machineTypes/c2-standard-16,,6,,,451836368,1862231138,2024-03-22 05:36:41,1397069,,,,,,,,,,,,,,,,,,,,,,,,,,,,,,,,,,,,,,,,,,,,,,,,,TN
167,52d67124f591157fe7c2f15aa438ddfe11b9d6b8,0.22236641152853354,mozilla-beta,5027409,2,3c15b4f6e169725bc9f93a20e47b45f07493750c,android-5-0-aarch64,True,True,,,f69e1b00908837bf0550250abb1645014317e8ec,,build times,True,build times pgo instrumented taskcluster-projects/970387039909/machineTypes/c2-standard-16,,6,,,451839852,1862235997,2024-03-22 05:58:32,1397092,,,,,,,,,,,,,,,,,,,,,,,,,,,,,,,,,,,,,,,,,,,,,,,,,TN
168,ee89d28fdf0e54ffce41da17f83535e68cbb3c2d,0.3141327889474619,mozilla-beta,5027409,2,3c15b4f6e169725bc9f93a20e47b45f07493750c,android-5-0-aarch64,True,True,,,f69e1b00908837bf0550250abb1645014317e8ec,,build times,True,build times pgo instrumented taskcluster-projects/970387039909/machineTypes/c2-standard-16,,6,,,451856515,1862350102,2024-03-22 09:16:22,1397233,,,,,,,,,,,,,,,,,,,,,,,,,,,,,,,,,,,,,,,,,,,,,,,,,TN
169,3ea8d7bbcce109b690ff27559ef1e5467b7034a8,0.18822603127055704,mozilla-beta,5027409,2,3c15b4f6e169725bc9f93a20e47b45f07493750c,android-5-0-aarch64,True,True,,,f69e1b00908837bf0550250abb1645014317e8ec,,build times,True,build times pgo instrumented taskcluster-projects/970387039909/machineTypes/c2-standard-16,,6,,,451907886,1862575607,2024-03-22 15:42:15,1397431,,,,,,,,,,,,,,,,,,,,,,,,,,,,,,,,,,,,,,,,,,,,,,,,,TN
170,8fd994b91cac6eb15d1712f797f7af0a4bcda87d,0.4503173090855932,mozilla-beta,5027409,2,3c15b4f6e169725bc9f93a20e47b45f07493750c,android-5-0-aarch64,True,True,,,f69e1b00908837bf0550250abb1645014317e8ec,,build times,True,build times pgo instrumented taskcluster-projects/970387039909/machineTypes/c2-standard-16,,6,,,451912719,1862604638,2024-03-22 16:29:23,1397449,,,,,,,,,,,,,,,,,,,,,,,,,,,,,,,,,,,,,,,,,,,,,,,,,TN
171,e4732566ef04183d3233f40429c3d4dddd57cce2,0.232635197778003,mozilla-beta,5027409,2,3c15b4f6e169725bc9f93a20e47b45f07493750c,android-5-0-aarch64,True,True,,,f69e1b00908837bf0550250abb1645014317e8ec,,build times,True,build times pgo instrumented taskcluster-projects/970387039909/machineTypes/c2-standard-16,,6,,,451917976,1862640031,2024-03-22 16:33:22,1397451,,,,,,,,,,,,,,,,,,,,,,,,,,,,,,,,,,,,,,,,,,,,,,,,,TN
172,dc49e19e3ef3cf3d752c1a25130d8d231c7efd9f,0.22187400219788955,mozilla-beta,5027409,2,3c15b4f6e169725bc9f93a20e47b45f07493750c,android-5-0-aarch64,True,True,,,f69e1b00908837bf0550250abb1645014317e8ec,,build times,True,build times pgo instrumented taskcluster-projects/970387039909/machineTypes/c2-standard-16,,6,,,451916943,1862625580,2024-03-22 17:03:00,1397489,,,,,,,,,,,,,,,,,,,,,,,,,,,,,,,,,,,,,,,,,,,,,,,,,TN
173,316e40fc4d5958c491dca65f25996bf8f165edbe,0.14302054654871066,mozilla-beta,5027409,2,3c15b4f6e169725bc9f93a20e47b45f07493750c,android-5-0-aarch64,True,True,,,f69e1b00908837bf0550250abb1645014317e8ec,,build times,True,build times pgo instrumented taskcluster-projects/970387039909/machineTypes/c2-standard-16,,6,,,451917372,1862633190,2024-03-22 17:04:49,1397490,,,,,,,,,,,,,,,,,,,,,,,,,,,,,,,,,,,,,,,,,,,,,,,,,TN
174,46e4453b1cdb59dd650058afa3e3f91766cbc87a,0.6478824475308365,mozilla-beta,5027409,2,3c15b4f6e169725bc9f93a20e47b45f07493750c,android-5-0-aarch64,True,True,,,f69e1b00908837bf0550250abb1645014317e8ec,,build times,True,build times pgo instrumented taskcluster-projects/970387039909/machineTypes/c2-standard-16,,6,,,451919415,1862646426,2024-03-22 17:13:29,1397513,,,,,,,,,,,,,,,,,,,,,,,,,,,,,,,,,,,,,,,,,,,,,,,,,TN
175,da2f5a764b818dab4c2e03f099a3a2f16cd08439,0.2748734033563336,mozilla-beta,5027409,2,3c15b4f6e169725bc9f93a20e47b45f07493750c,android-5-0-aarch64,True,True,,,f69e1b00908837bf0550250abb1645014317e8ec,,build times,True,build times pgo instrumented taskcluster-projects/970387039909/machineTypes/c2-standard-16,,6,,,451923183,1862656318,2024-03-22 17:23:21,1397520,,,,,,,,,,,,,,,,,,,,,,,,,,,,,,,,,,,,,,,,,,,,,,,,,TN
176,77e3a282dfd4685e94c03ecd5b18624226e19b27,0.161671832262813,mozilla-beta,5027409,2,3c15b4f6e169725bc9f93a20e47b45f07493750c,android-5-0-aarch64,True,True,,,f69e1b00908837bf0550250abb1645014317e8ec,,build times,True,build times pgo instrumented taskcluster-projects/970387039909/machineTypes/c2-standard-16,,6,,,451990564,1862947645,2024-03-23 09:19:32,1397823,,,,,,,,,,,,,,,,,,,,,,,,,,,,,,,,,,,,,,,,,,,,,,,,,TN
177,0e08e153b94ff33280eab17ed44cdd6748e98223,0.11155251276224964,mozilla-beta,5027409,2,3c15b4f6e169725bc9f93a20e47b45f07493750c,android-5-0-aarch64,True,True,,,f69e1b00908837bf0550250abb1645014317e8ec,,build times,True,build times pgo instrumented taskcluster-projects/970387039909/machineTypes/c2-standard-16,,6,,,452019845,1863057647,2024-03-23 17:23:05,1397863,,,,,,,,,,,,,,,,,,,,,,,,,,,,,,,,,,,,,,,,,,,,,,,,,TN
178,6d0cf21b6832740f5cf7951496e54431992b93c1,0.6076446548582464,mozilla-beta,5027409,2,3c15b4f6e169725bc9f93a20e47b45f07493750c,android-5-0-aarch64,True,True,,,f69e1b00908837bf0550250abb1645014317e8ec,,build times,True,build times pgo instrumented taskcluster-projects/970387039909/machineTypes/c2-standard-16,,6,,,452019774,1863058317,2024-03-23 17:23:46,1397864,,,,,,,,,,,,,,,,,,,,,,,,,,,,,,,,,,,,,,,,,,,,,,,,,TN
179,b16bbbc80d9be89573736f657355430b9ce0b49a,0.26858749049483244,mozilla-beta,5027409,2,3c15b4f6e169725bc9f93a20e47b45f07493750c,android-5-0-aarch64,True,True,,,f69e1b00908837bf0550250abb1645014317e8ec,,build times,True,build times pgo instrumented taskcluster-projects/970387039909/machineTypes/c2-standard-16,,6,,,452045808,1863146758,2024-03-24 01:17:30,1397900,,,,,,,,,,,,,,,,,,,,,,,,,,,,,,,,,,,,,,,,,,,,,,,,,TN
180,3d85a80706c8f8aa0641870ddd524cfea4891444,0.10796074574367243,mozilla-beta,5027409,2,3c15b4f6e169725bc9f93a20e47b45f07493750c,android-5-0-aarch64,True,True,,,f69e1b00908837bf0550250abb1645014317e8ec,,build times,True,build times pgo instrumented taskcluster-projects/970387039909/machineTypes/c2-standard-16,,6,,,452055691,1863230241,2024-03-24 09:20:06,1397933,,,,,,,,,,,,,,,,,,,,,,,,,,,,,,,,,,,,,,,,,,,,,,,,,TN
181,e44d7c643476811488fd811c8bba2509843641c1,0.6885216051005401,mozilla-beta,5027409,2,3c15b4f6e169725bc9f93a20e47b45f07493750c,android-5-0-aarch64,True,True,,,f69e1b00908837bf0550250abb1645014317e8ec,,build times,True,build times pgo instrumented taskcluster-projects/970387039909/machineTypes/c2-standard-16,,6,,,452121783,1863497020,2024-03-25 09:14:08,1398053,,,,,,,,,,,,,,,,,,,,,,,,,,,,,,,,,,,,,,,,,,,,,,,,,TN
182,c875e00ffcb31b25a05ba07fb678692e7321fea3,0.1698337733814288,mozilla-beta,5027409,2,3c15b4f6e169725bc9f93a20e47b45f07493750c,android-5-0-aarch64,True,True,,,f69e1b00908837bf0550250abb1645014317e8ec,,build times,True,build times pgo instrumented taskcluster-projects/970387039909/machineTypes/c2-standard-16,,6,,,452159507,1863664748,2024-03-25 13:21:02,1398200,,,,,,,,,,,,,,,,,,,,,,,,,,,,,,,,,,,,,,,,,,,,,,,,,TN
183,6a121c0b3ddbbcdc9cd14dc49466d6ff472aaf6c,0.2862372874400996,mozilla-beta,5027409,2,3c15b4f6e169725bc9f93a20e47b45f07493750c,android-5-0-aarch64,True,True,,,f69e1b00908837bf0550250abb1645014317e8ec,,build times,True,build times pgo instrumented taskcluster-projects/970387039909/machineTypes/c2-standard-16,,6,,,452161042,1863669588,2024-03-25 13:28:33,1398207,,,,,,,,,,,,,,,,,,,,,,,,,,,,,,,,,,,,,,,,,,,,,,,,,TN
184,7f2bae641387d9acbb452ca462726ee876f76d85,0.17665312968446045,mozilla-beta,5027409,2,3c15b4f6e169725bc9f93a20e47b45f07493750c,android-5-0-aarch64,True,True,,,f69e1b00908837bf0550250abb1645014317e8ec,,build times,True,build times pgo instrumented taskcluster-projects/970387039909/machineTypes/c2-standard-16,,6,,,452194723,1863768554,2024-03-25 16:45:24,1398362,,,,,,,,,,,,,,,,,,,,,,,,,,,,,,,,,,,,,,,,,,,,,,,,,TN
185,75169d7e13b0956502d03f1732629924b65dd326,0.13883378492227205,mozilla-beta,5027409,2,3c15b4f6e169725bc9f93a20e47b45f07493750c,android-5-0-aarch64,True,True,,,f69e1b00908837bf0550250abb1645014317e8ec,,build times,True,build times pgo instrumented taskcluster-projects/970387039909/machineTypes/c2-standard-16,,6,,,452195746,1863773052,2024-03-25 16:54:59,1398366,,,,,,,,,,,,,,,,,,,,,,,,,,,,,,,,,,,,,,,,,,,,,,,,,TN
186,3d3e1580db1570104d6fce259ef60000b90b62b7,0.26898629076001557,mozilla-beta,5027409,2,3c15b4f6e169725bc9f93a20e47b45f07493750c,android-5-0-aarch64,True,True,,,f69e1b00908837bf0550250abb1645014317e8ec,,build times,True,build times pgo instrumented taskcluster-projects/970387039909/machineTypes/c2-standard-16,,6,,,452211568,1863877786,2024-03-25 18:49:25,1398473,,,,,,,,,,,,,,,,,,,,,,,,,,,,,,,,,,,,,,,,,,,,,,,,,TN
187,c3b695c0631a1039e49493fabe0177bb1a6e9984,0.20918676803801795,mozilla-beta,5027409,2,3c15b4f6e169725bc9f93a20e47b45f07493750c,android-5-0-aarch64,True,True,,,f69e1b00908837bf0550250abb1645014317e8ec,,build times,True,build times pgo instrumented taskcluster-projects/970387039909/machineTypes/c2-standard-16,,6,,,452215507,1863891558,2024-03-25 19:05:58,1398494,,,,,,,,,,,,,,,,,,,,,,,,,,,,,,,,,,,,,,,,,,,,,,,,,TN
188,26c03168b524de9e097919d80cfe43355b60318b,0.26993007531041613,mozilla-beta,5027409,2,3c15b4f6e169725bc9f93a20e47b45f07493750c,android-5-0-aarch64,True,True,,,f69e1b00908837bf0550250abb1645014317e8ec,,build times,True,build times pgo instrumented taskcluster-projects/970387039909/machineTypes/c2-standard-16,,6,,,452227844,1863960387,2024-03-25 20:46:50,1398576,,,,,,,,,,,,,,,,,,,,,,,,,,,,,,,,,,,,,,,,,,,,,,,,,TN
189,d301ddf00248b484c7738710f6c8b8505b83f314,0.31692054385584667,mozilla-beta,5027409,2,3c15b4f6e169725bc9f93a20e47b45f07493750c,android-5-0-aarch64,True,True,,,f69e1b00908837bf0550250abb1645014317e8ec,,build times,True,build times pgo instrumented taskcluster-projects/970387039909/machineTypes/c2-standard-16,,6,,,452308125,1864276348,2024-03-26 09:15:47,1398856,,,,,,,,,,,,,,,,,,,,,,,,,,,,,,,,,,,,,,,,,,,,,,,,,TN
190,02696b905a2942392d0f5c68db6952bdf94dceab,0.2262518289031452,mozilla-beta,5027409,2,3c15b4f6e169725bc9f93a20e47b45f07493750c,android-5-0-aarch64,True,True,,,f69e1b00908837bf0550250abb1645014317e8ec,,build times,True,build times pgo instrumented taskcluster-projects/970387039909/machineTypes/c2-standard-16,,6,,,452355418,1864445978,2024-03-26 16:31:09,1399115,,,,,,,,,,,,,,,,,,,,,,,,,,,,,,,,,,,,,,,,,,,,,,,,,TN
191,5c8640e87c390561cd6031a5d2a1e9713bf73431,0.26354029485573305,mozilla-beta,5027409,2,3c15b4f6e169725bc9f93a20e47b45f07493750c,android-5-0-aarch64,True,True,,,f69e1b00908837bf0550250abb1645014317e8ec,,build times,True,build times pgo instrumented taskcluster-projects/970387039909/machineTypes/c2-standard-16,,6,,,452355718,1864447703,2024-03-26 16:33:00,1399120,,,,,,,,,,,,,,,,,,,,,,,,,,,,,,,,,,,,,,,,,,,,,,,,,TN
192,671d6e48b83f14e1338ef23ed90b5e937b859c5b,0.15596167926969562,mozilla-beta,5027409,2,3c15b4f6e169725bc9f93a20e47b45f07493750c,android-5-0-aarch64,True,True,,,f69e1b00908837bf0550250abb1645014317e8ec,,build times,True,build times pgo instrumented taskcluster-projects/970387039909/machineTypes/c2-standard-16,,6,,,452355546,1864446317,2024-03-26 16:33:47,1399121,,,,,,,,,,,,,,,,,,,,,,,,,,,,,,,,,,,,,,,,,,,,,,,,,TN
193,4cbc6f98b27c98b451b2229f5e26dee89d2f8652,0.8579745306402993,mozilla-beta,5027409,2,3c15b4f6e169725bc9f93a20e47b45f07493750c,android-5-0-aarch64,True,True,,,f69e1b00908837bf0550250abb1645014317e8ec,,build times,True,build times pgo instrumented taskcluster-projects/970387039909/machineTypes/c2-standard-16,,6,,,452413644,1864672759,2024-03-26 22:20:36,1399431,,,,,,,,,,,,,,,,,,,,,,,,,,,,,,,,,,,,,,,,,,,,,,,,,TN
194,2961c0291c90821915e323eb718526343c9002f6,0.2378926932353984,mozilla-beta,5027409,2,3c15b4f6e169725bc9f93a20e47b45f07493750c,android-5-0-aarch64,True,True,,,f69e1b00908837bf0550250abb1645014317e8ec,,build times,True,build times pgo instrumented taskcluster-projects/970387039909/machineTypes/c2-standard-16,,6,,,452468888,1864941324,2024-03-27 09:22:50,1399681,,,,,,,,,,,,,,,,,,,,,,,,,,,,,,,,,,,,,,,,,,,,,,,,,TN
195,fc15b0e33ef753875eb187ef4ba20a7186d9e08c,0.37553007736212196,mozilla-beta,5027409,2,3c15b4f6e169725bc9f93a20e47b45f07493750c,android-5-0-aarch64,True,True,,,f69e1b00908837bf0550250abb1645014317e8ec,,build times,True,build times pgo instrumented taskcluster-projects/970387039909/machineTypes/c2-standard-16,,6,,,452504513,1865102012,2024-03-27 13:22:22,1399815,,,,,,,,,,,,,,,,,,,,,,,,,,,,,,,,,,,,,,,,,,,,,,,,,TN
196,07ea4372711445467968205f3714b03fc37d7b76,0.21637414902306729,mozilla-beta,5027409,2,3c15b4f6e169725bc9f93a20e47b45f07493750c,android-5-0-aarch64,True,True,,,f69e1b00908837bf0550250abb1645014317e8ec,,build times,True,build times pgo instrumented taskcluster-projects/970387039909/machineTypes/c2-standard-16,,6,,,452505904,1865111380,2024-03-27 13:30:00,1399822,,,,,,,,,,,,,,,,,,,,,,,,,,,,,,,,,,,,,,,,,,,,,,,,,TN
197,28a79b2d982e2f9fb20acc4cd4f6029f529641c9,0.19238842889365637,mozilla-beta,5027409,2,3c15b4f6e169725bc9f93a20e47b45f07493750c,android-5-0-aarch64,True,True,,,f69e1b00908837bf0550250abb1645014317e8ec,,build times,True,build times pgo instrumented taskcluster-projects/970387039909/machineTypes/c2-standard-16,,6,,,452540185,1865249895,2024-03-27 16:41:46,1399949,,,,,,,,,,,,,,,,,,,,,,,,,,,,,,,,,,,,,,,,,,,,,,,,,TN
198,0786d5344252f28d3f32d3ebe679f7f95e3d7f67,0.17292671948953542,mozilla-beta,5027409,2,3c15b4f6e169725bc9f93a20e47b45f07493750c,android-5-0-aarch64,True,True,,,f69e1b00908837bf0550250abb1645014317e8ec,,build times,True,build times pgo instrumented taskcluster-projects/970387039909/machineTypes/c2-standard-16,,6,,,452547947,1865283920,2024-03-27 17:34:43,1399993,,,,,,,,,,,,,,,,,,,,,,,,,,,,,,,,,,,,,,,,,,,,,,,,,TN
199,03573a94cdbd94e1adf55b8c88bb7db91ffcfa15,0.18190293124606471,mozilla-beta,5027409,2,3c15b4f6e169725bc9f93a20e47b45f07493750c,android-5-0-aarch64,True,True,,,f69e1b00908837bf0550250abb1645014317e8ec,,build times,True,build times pgo instrumented taskcluster-projects/970387039909/machineTypes/c2-standard-16,,6,,,452577289,1865426334,2024-03-27 22:18:30,1400202,,,,,,,,,,,,,,,,,,,,,,,,,,,,,,,,,,,,,,,,,,,,,,,,,TN
200,d5a4f492849fac4e26adfe8cfa69361783c35cd0,0.12178924111258826,mozilla-beta,5027409,2,3c15b4f6e169725bc9f93a20e47b45f07493750c,android-5-0-aarch64,True,True,,,f69e1b00908837bf0550250abb1645014317e8ec,,build times,True,build times pgo instrumented taskcluster-projects/970387039909/machineTypes/c2-standard-16,,6,,,452578693,1865430652,2024-03-27 22:29:19,1400210,,,,,,,,,,,,,,,,,,,,,,,,,,,,,,,,,,,,,,,,,,,,,,,,,TN
201,e0d5d481272b1ddcf72108f58c1091b4f747a188,0.07737879228917732,mozilla-beta,5027409,2,3c15b4f6e169725bc9f93a20e47b45f07493750c,android-5-0-aarch64,True,True,,,f69e1b00908837bf0550250abb1645014317e8ec,,build times,True,build times pgo instrumented taskcluster-projects/970387039909/machineTypes/c2-standard-16,,6,,,452581921,1865434834,2024-03-27 22:35:26,1400213,,,,,,,,,,,,,,,,,,,,,,,,,,,,,,,,,,,,,,,,,,,,,,,,,TN
202,d2af2ab0031819043a4bc54f58c694d2d3d92de0,0.21908111802564356,mozilla-beta,5027409,2,3c15b4f6e169725bc9f93a20e47b45f07493750c,android-5-0-aarch64,True,True,,,f69e1b00908837bf0550250abb1645014317e8ec,,build times,True,build times pgo instrumented taskcluster-projects/970387039909/machineTypes/c2-standard-16,,6,,,452589725,1865454210,2024-03-27 23:24:43,1400250,,,,,,,,,,,,,,,,,,,,,,,,,,,,,,,,,,,,,,,,,,,,,,,,,TN
203,d8ff3d0abda00419cb16fc609e8bd1b548a22f20,0.13047693177694386,mozilla-beta,5027409,2,3c15b4f6e169725bc9f93a20e47b45f07493750c,android-5-0-aarch64,True,True,,,f69e1b00908837bf0550250abb1645014317e8ec,,build times,True,build times pgo instrumented taskcluster-projects/970387039909/machineTypes/c2-standard-16,,6,,,452636031,1865609241,2024-03-28 09:19:58,1400430,,,,,,,,,,,,,,,,,,,,,,,,,,,,,,,,,,,,,,,,,,,,,,,,,TN
204,d6cc453728de30790c7e9092b1939dcc57445126,0.12617989097749627,mozilla-beta,5027409,2,3c15b4f6e169725bc9f93a20e47b45f07493750c,android-5-0-aarch64,True,True,,,f69e1b00908837bf0550250abb1645014317e8ec,,build times,True,build times pgo instrumented taskcluster-projects/970387039909/machineTypes/c2-standard-16,,6,,,452678417,1865755590,2024-03-28 14:29:20,1400590,,,,,,,,,,,,,,,,,,,,,,,,,,,,,,,,,,,,,,,,,,,,,,,,,TN
205,0ded3257fc15031ff98722d5536645f357e73fef,0.32851909176124794,mozilla-beta,5027409,2,3c15b4f6e169725bc9f93a20e47b45f07493750c,android-5-0-aarch64,True,True,,,f69e1b00908837bf0550250abb1645014317e8ec,,build times,True,build times pgo instrumented taskcluster-projects/970387039909/machineTypes/c2-standard-16,,6,,,452678713,1865758124,2024-03-28 14:35:39,1400593,,,,,,,,,,,,,,,,,,,,,,,,,,,,,,,,,,,,,,,,,,,,,,,,,TN
206,9924dc98992ed7d417206583e587b4e6fce5bb5f,0.19595070264503311,mozilla-beta,5027409,2,3c15b4f6e169725bc9f93a20e47b45f07493750c,android-5-0-aarch64,True,True,,,f69e1b00908837bf0550250abb1645014317e8ec,,build times,True,build times pgo instrumented taskcluster-projects/970387039909/machineTypes/c2-standard-16,,6,,,452679145,1865758595,2024-03-28 14:41:00,1400597,,,,,,,,,,,,,,,,,,,,,,,,,,,,,,,,,,,,,,,,,,,,,,,,,TN
207,e9fa83dc61731eb822b1e2b7305f9f2d785dce90,0.23959304420527827,mozilla-beta,5027409,2,3c15b4f6e169725bc9f93a20e47b45f07493750c,android-5-0-aarch64,True,True,,,f69e1b00908837bf0550250abb1645014317e8ec,,build times,True,build times pgo instrumented taskcluster-projects/970387039909/machineTypes/c2-standard-16,,6,,,452732878,1865969620,2024-03-28 21:52:11,1400878,,,,,,,,,,,,,,,,,,,,,,,,,,,,,,,,,,,,,,,,,,,,,,,,,TN
208,9d8459103ff084e7123569e4154861e4814b1a5c,0.11393762045755595,mozilla-beta,5027409,2,3c15b4f6e169725bc9f93a20e47b45f07493750c,android-5-0-aarch64,True,True,,,f69e1b00908837bf0550250abb1645014317e8ec,,build times,True,build times pgo instrumented taskcluster-projects/970387039909/machineTypes/c2-standard-16,,6,,,452784957,1866236971,2024-03-29 09:19:18,1401077,,,,,,,,,,,,,,,,,,,,,,,,,,,,,,,,,,,,,,,,,,,,,,,,,TN
209,b57a470df62e6d187fb73be749d55da9034e8b64,0.16453652612911096,mozilla-beta,5027409,2,3c15b4f6e169725bc9f93a20e47b45f07493750c,android-5-0-aarch64,True,True,,,f69e1b00908837bf0550250abb1645014317e8ec,,build times,True,build times pgo instrumented taskcluster-projects/970387039909/machineTypes/c2-standard-16,,6,,,452818740,1866355800,2024-03-29 13:25:35,1401143,,,,,,,,,,,,,,,,,,,,,,,,,,,,,,,,,,,,,,,,,,,,,,,,,TN
210,70530720cea0525260ca4271e38703a148d627c2,0.12996144075892602,mozilla-beta,5027409,2,3c15b4f6e169725bc9f93a20e47b45f07493750c,android-5-0-aarch64,True,True,,,f69e1b00908837bf0550250abb1645014317e8ec,,build times,True,build times pgo instrumented taskcluster-projects/970387039909/machineTypes/c2-standard-16,,6,,,452815818,1866352496,2024-03-29 13:33:26,1401152,,,,,,,,,,,,,,,,,,,,,,,,,,,,,,,,,,,,,,,,,,,,,,,,,TN
211,f665d4c6363810b7b58131940d9aeff178686e8c,0.4322058783928475,mozilla-beta,5027409,2,3c15b4f6e169725bc9f93a20e47b45f07493750c,android-5-0-aarch64,True,True,,,f69e1b00908837bf0550250abb1645014317e8ec,,build times,True,build times pgo instrumented taskcluster-projects/970387039909/machineTypes/c2-standard-16,,6,,,452843364,1866404893,2024-03-29 16:50:48,1401229,,,,,,,,,,,,,,,,,,,,,,,,,,,,,,,,,,,,,,,,,,,,,,,,,TN
212,e534eaa4a085941a9fde696e959a5808dba6bf9c,0.18716042670346056,mozilla-beta,5027409,2,3c15b4f6e169725bc9f93a20e47b45f07493750c,android-5-0-aarch64,True,True,,,f69e1b00908837bf0550250abb1645014317e8ec,,build times,True,build times pgo instrumented taskcluster-projects/970387039909/machineTypes/c2-standard-16,,6,,,452844887,1866409704,2024-03-29 17:09:02,1401236,,,,,,,,,,,,,,,,,,,,,,,,,,,,,,,,,,,,,,,,,,,,,,,,,TN
213,a052ac258c43d670a43834d7337758c15a4e6389,0.10441770673177375,mozilla-beta,5027409,2,3c15b4f6e169725bc9f93a20e47b45f07493750c,android-5-0-aarch64,True,True,,,f69e1b00908837bf0550250abb1645014317e8ec,,build times,True,build times pgo instrumented taskcluster-projects/970387039909/machineTypes/c2-standard-16,,6,,,452849057,1866414359,2024-03-29 17:26:42,1401254,,,,,,,,,,,,,,,,,,,,,,,,,,,,,,,,,,,,,,,,,,,,,,,,,TN
214,fba6666cd8c543502ed302f3b88b3f3a3ad1b0a5,0.15900333273919331,mozilla-beta,5027409,2,3c15b4f6e169725bc9f93a20e47b45f07493750c,android-5-0-aarch64,True,True,,,f69e1b00908837bf0550250abb1645014317e8ec,,build times,True,build times pgo instrumented taskcluster-projects/970387039909/machineTypes/c2-standard-16,,6,,,452904066,1866698675,2024-03-30 09:18:58,1401447,,,,,,,,,,,,,,,,,,,,,,,,,,,,,,,,,,,,,,,,,,,,,,,,,TN
215,478f2e5ac7e7f6cc76e988936bd021e3a40f0ec2,0.23630646838642289,mozilla-beta,5027409,2,3c15b4f6e169725bc9f93a20e47b45f07493750c,android-5-0-aarch64,True,True,,,f69e1b00908837bf0550250abb1645014317e8ec,,build times,True,build times pgo instrumented taskcluster-projects/970387039909/machineTypes/c2-standard-16,,6,,,452932844,1866814824,2024-03-30 18:09:12,1401480,,,,,,,,,,,,,,,,,,,,,,,,,,,,,,,,,,,,,,,,,,,,,,,,,TN
216,f9a7338ba3abb3122854d0678151b2f5bc57e4eb,0.4013969550125087,mozilla-beta,5027409,2,3c15b4f6e169725bc9f93a20e47b45f07493750c,android-5-0-aarch64,True,True,,,f69e1b00908837bf0550250abb1645014317e8ec,,build times,True,build times pgo instrumented taskcluster-projects/970387039909/machineTypes/c2-standard-16,,6,,,452935629,1866825263,2024-03-30 18:43:28,1401483,,,,,,,,,,,,,,,,,,,,,,,,,,,,,,,,,,,,,,,,,,,,,,,,,TN
217,6d71e191ef0c59ab08e1f033675d55f11f8d745f,0.12125964461895311,mozilla-beta,5027409,2,3c15b4f6e169725bc9f93a20e47b45f07493750c,android-5-0-aarch64,True,True,,,f69e1b00908837bf0550250abb1645014317e8ec,,build times,True,build times pgo instrumented taskcluster-projects/970387039909/machineTypes/c2-standard-16,,6,,,452966759,1866938243,2024-03-31 09:17:23,1401517,,,,,,,,,,,,,,,,,,,,,,,,,,,,,,,,,,,,,,,,,,,,,,,,,TN
218,705c01f25fd07ab305f171f08f4ec807d926b61a,0.17014281152904642,mozilla-beta,5027409,2,3c15b4f6e169725bc9f93a20e47b45f07493750c,android-5-0-aarch64,True,True,,,f69e1b00908837bf0550250abb1645014317e8ec,,build times,True,build times pgo instrumented taskcluster-projects/970387039909/machineTypes/c2-standard-16,,6,,,453015193,1867130252,2024-04-01 09:16:00,1401632,,,,,,,,,,,,,,,,,,,,,,,,,,,,,,,,,,,,,,,,,,,,,,,,,TN
219,3fcbdd935bf02433732ec0d6a5ebd840a06b0fb7,0.10871474753122135,mozilla-beta,5027409,2,3c15b4f6e169725bc9f93a20e47b45f07493750c,android-5-0-aarch64,True,True,,,f69e1b00908837bf0550250abb1645014317e8ec,,build times,True,build times pgo instrumented taskcluster-projects/970387039909/machineTypes/c2-standard-16,,6,,,453042542,1867214653,2024-04-01 13:31:27,1401695,,,,,,,,,,,,,,,,,,,,,,,,,,,,,,,,,,,,,,,,,,,,,,,,,TN
220,aeaa1341c501ec26b910d14a992f814c66eb6260,0.1172383017520282,mozilla-beta,5027409,2,3c15b4f6e169725bc9f93a20e47b45f07493750c,android-5-0-aarch64,True,True,,,f69e1b00908837bf0550250abb1645014317e8ec,,build times,True,build times pgo instrumented taskcluster-projects/970387039909/machineTypes/c2-standard-16,,6,,,453046867,1867218091,2024-04-01 13:39:39,1401697,,,,,,,,,,,,,,,,,,,,,,,,,,,,,,,,,,,,,,,,,,,,,,,,,TN
221,f0e67b35baf620ef9850a42b8d0d1a397c40eb6a,0.1566413067312613,mozilla-beta,5027409,2,3c15b4f6e169725bc9f93a20e47b45f07493750c,android-5-0-aarch64,True,True,,,f69e1b00908837bf0550250abb1645014317e8ec,,build times,True,build times pgo instrumented taskcluster-projects/970387039909/machineTypes/c2-standard-16,,6,,,453099317,1867388933,2024-04-01 20:48:07,1401937,,,,,,,,,,,,,,,,,,,,,,,,,,,,,,,,,,,,,,,,,,,,,,,,,TN
222,e16ab0e5c2ea33875bc9659e41e54fb7247aac99,0.12449364548323416,mozilla-beta,5027409,2,3c15b4f6e169725bc9f93a20e47b45f07493750c,android-5-0-aarch64,True,True,,,f69e1b00908837bf0550250abb1645014317e8ec,,build times,True,build times pgo instrumented taskcluster-projects/970387039909/machineTypes/c2-standard-16,,6,,,453160989,1867643109,2024-04-02 09:18:04,1402189,,,,,,,,,,,,,,,,,,,,,,,,,,,,,,,,,,,,,,,,,,,,,,,,,TN
223,bc50b7859172a33c2bd28b4573679a6f5c6c2632,0.08363521188347844,mozilla-beta,5027409,2,3c15b4f6e169725bc9f93a20e47b45f07493750c,android-5-0-aarch64,True,True,,,f69e1b00908837bf0550250abb1645014317e8ec,,build times,True,build times pgo instrumented taskcluster-projects/970387039909/machineTypes/c2-standard-16,,6,,,453193781,1867776908,2024-04-02 12:58:37,1402283,,,,,,,,,,,,,,,,,,,,,,,,,,,,,,,,,,,,,,,,,,,,,,,,,TN
224,11a9c25fed5b99f345ce78d4ce5693e4a7719a0b,0.24734079726712777,mozilla-beta,5027409,2,3c15b4f6e169725bc9f93a20e47b45f07493750c,android-5-0-aarch64,True,True,,,f69e1b00908837bf0550250abb1645014317e8ec,,build times,True,build times pgo instrumented taskcluster-projects/970387039909/machineTypes/c2-standard-16,,6,,,453229486,1867936319,2024-04-02 17:26:39,1402509,,,,,,,,,,,,,,,,,,,,,,,,,,,,,,,,,,,,,,,,,,,,,,,,,TN
225,ee28bbc2cab01f798289026015d91ca60b892e0d,0.39275671003886714,mozilla-beta,5027409,2,3c15b4f6e169725bc9f93a20e47b45f07493750c,android-5-0-aarch64,True,True,,,f69e1b00908837bf0550250abb1645014317e8ec,,build times,True,build times pgo instrumented taskcluster-projects/970387039909/machineTypes/c2-standard-16,,6,,,453235959,1867959251,2024-04-02 18:27:25,1402555,,,,,,,,,,,,,,,,,,,,,,,,,,,,,,,,,,,,,,,,,,,,,,,,,TN
226,112b84c83c8e3dfdce67608701b29c4a5174cfc0,0.2250015708370574,mozilla-beta,5027409,2,3c15b4f6e169725bc9f93a20e47b45f07493750c,android-5-0-aarch64,True,True,,,f69e1b00908837bf0550250abb1645014317e8ec,,build times,True,build times pgo instrumented taskcluster-projects/970387039909/machineTypes/c2-standard-16,,6,,,453302609,1868235377,2024-04-03 09:16:02,1402980,,,,,,,,,,,,,,,,,,,,,,,,,,,,,,,,,,,,,,,,,,,,,,,,,TN
227,07a534a1f7fda76ee58ad007762f6a45a483e027,0.0893030484497439,mozilla-beta,5027409,2,3c15b4f6e169725bc9f93a20e47b45f07493750c,android-5-0-aarch64,True,True,,,f69e1b00908837bf0550250abb1645014317e8ec,,build times,True,build times pgo instrumented taskcluster-projects/970387039909/machineTypes/c2-standard-16,,6,,,453419008,1868619355,2024-04-04 01:10:58,1403624,,,,,,,,,,,,,,,,,,,,,,,,,,,,,,,,,,,,,,,,,,,,,,,,,TN
228,3f776926672f0e125a14f4a6608ffedfb245f133,0.11452363885366079,mozilla-beta,5027409,2,3c15b4f6e169725bc9f93a20e47b45f07493750c,android-5-0-aarch64,True,True,,,f69e1b00908837bf0550250abb1645014317e8ec,,build times,True,build times pgo instrumented taskcluster-projects/970387039909/machineTypes/c2-standard-16,,6,,,453419124,1868623253,2024-04-04 01:15:39,1403625,,,,,,,,,,,,,,,,,,,,,,,,,,,,,,,,,,,,,,,,,,,,,,,,,TN
229,1704ba05b8d441100a2f8dbd172eb4c2f7e039ec,0.11655098039467093,mozilla-beta,5027409,2,3c15b4f6e169725bc9f93a20e47b45f07493750c,android-5-0-aarch64,True,True,,,f69e1b00908837bf0550250abb1645014317e8ec,,build times,True,build times pgo instrumented taskcluster-projects/970387039909/machineTypes/c2-standard-16,,6,,,453420388,1868627321,2024-04-04 01:28:13,1403634,,,,,,,,,,,,,,,,,,,,,,,,,,,,,,,,,,,,,,,,,,,,,,,,,TN
230,848a5dd2f03333916deef2de0bd480f76ee8e2ec,0.10617832655201909,mozilla-beta,5027409,2,3c15b4f6e169725bc9f93a20e47b45f07493750c,android-5-0-aarch64,True,True,,,f69e1b00908837bf0550250abb1645014317e8ec,,build times,True,build times pgo instrumented taskcluster-projects/970387039909/machineTypes/c2-standard-16,,6,,,453465534,1868790800,2024-04-04 09:18:18,1403785,,,,,,,,,,,,,,,,,,,,,,,,,,,,,,,,,,,,,,,,,,,,,,,,,TN
231,02c2802d052c384a81af07b72f2a200d488ef4aa,0.18112071850728162,mozilla-beta,5027409,2,3c15b4f6e169725bc9f93a20e47b45f07493750c,android-5-0-aarch64,True,True,,,f69e1b00908837bf0550250abb1645014317e8ec,,build times,True,build times pgo instrumented taskcluster-projects/970387039909/machineTypes/c2-standard-16,,6,,,453499988,1868964460,2024-04-04 13:34:18,1403915,,,,,,,,,,,,,,,,,,,,,,,,,,,,,,,,,,,,,,,,,,,,,,,,,TN
232,0b6ce83e06fb352244c036f1176a5a1c66a27a59,0.2152277585501623,mozilla-beta,5027409,2,3c15b4f6e169725bc9f93a20e47b45f07493750c,android-5-0-aarch64,True,True,,,f69e1b00908837bf0550250abb1645014317e8ec,,build times,True,build times pgo instrumented taskcluster-projects/970387039909/machineTypes/c2-standard-16,,6,,,453530820,1869086650,2024-04-04 17:26:17,1404101,,,,,,,,,,,,,,,,,,,,,,,,,,,,,,,,,,,,,,,,,,,,,,,,,TN
233,fd81550c5cd310daad19289fdf7369005e15ab00,0.3028009627628263,mozilla-beta,5027409,2,3c15b4f6e169725bc9f93a20e47b45f07493750c,android-5-0-aarch64,True,True,,,f69e1b00908837bf0550250abb1645014317e8ec,,build times,True,build times pgo instrumented taskcluster-projects/970387039909/machineTypes/c2-standard-16,,6,,,453590786,1869325606,2024-04-05 01:36:19,1404424,,,,,,,,,,,,,,,,,,,,,,,,,,,,,,,,,,,,,,,,,,,,,,,,,TN
234,86f05a3e07907e08cf22b59ea204a889fdd3a50f,0.10043483334380543,mozilla-beta,5027409,2,3c15b4f6e169725bc9f93a20e47b45f07493750c,android-5-0-aarch64,True,True,,,f69e1b00908837bf0550250abb1645014317e8ec,,build times,True,build times pgo instrumented taskcluster-projects/970387039909/machineTypes/c2-standard-16,,6,,,453602937,1869378328,2024-04-05 09:18:28,1404535,,,,,,,,,,,,,,,,,,,,,,,,,,,,,,,,,,,,,,,,,,,,,,,,,TN
235,523bb014d2f5a471aaf0a9af6305d2c4d5739366,0.1533047205897624,mozilla-beta,5027409,2,3c15b4f6e169725bc9f93a20e47b45f07493750c,android-5-0-aarch64,True,True,,,f69e1b00908837bf0550250abb1645014317e8ec,,build times,True,build times pgo instrumented taskcluster-projects/970387039909/machineTypes/c2-standard-16,,6,,,453626012,1869474278,2024-04-05 12:30:11,1404635,,,,,,,,,,,,,,,,,,,,,,,,,,,,,,,,,,,,,,,,,,,,,,,,,TN
236,61a01d86dc92fc28d3597ae1e389e61b9a3a5e58,0.2067978133948163,mozilla-beta,5027409,2,3c15b4f6e169725bc9f93a20e47b45f07493750c,android-5-0-aarch64,True,True,,,f69e1b00908837bf0550250abb1645014317e8ec,,build times,True,build times pgo instrumented taskcluster-projects/970387039909/machineTypes/c2-standard-16,,6,,,453629672,1869482904,2024-04-05 12:43:59,1404642,,,,,,,,,,,,,,,,,,,,,,,,,,,,,,,,,,,,,,,,,,,,,,,,,TN
237,5d44351380f3e63be550b0b9c11a88349ad997f2,0.17601453633378172,mozilla-beta,5027409,2,3c15b4f6e169725bc9f93a20e47b45f07493750c,android-5-0-aarch64,True,True,,,f69e1b00908837bf0550250abb1645014317e8ec,,build times,True,build times pgo instrumented taskcluster-projects/970387039909/machineTypes/c2-standard-16,,6,,,453631756,1869484388,2024-04-05 12:52:10,1404647,,,,,,,,,,,,,,,,,,,,,,,,,,,,,,,,,,,,,,,,,,,,,,,,,TN
238,df2d043410cbe5d5b1b491f4901b6cf7fe04d522,0.2456507048249703,mozilla-beta,5027409,2,3c15b4f6e169725bc9f93a20e47b45f07493750c,android-5-0-aarch64,True,True,,,f69e1b00908837bf0550250abb1645014317e8ec,,build times,True,build times pgo instrumented taskcluster-projects/970387039909/machineTypes/c2-standard-16,,6,,,453632785,1869488955,2024-04-05 13:01:20,1404651,,,,,,,,,,,,,,,,,,,,,,,,,,,,,,,,,,,,,,,,,,,,,,,,,TN
239,da83bf954eeaf0d60535435699e22d1bdab9b0c9,0.17492969702720673,mozilla-beta,5027409,2,3c15b4f6e169725bc9f93a20e47b45f07493750c,android-5-0-aarch64,True,True,,,f69e1b00908837bf0550250abb1645014317e8ec,,build times,True,build times pgo instrumented taskcluster-projects/970387039909/machineTypes/c2-standard-16,,6,,,453741217,1869986514,2024-04-06 09:20:39,1405215,,,,,,,,,,,,,,,,,,,,,,,,,,,,,,,,,,,,,,,,,,,,,,,,,TN
240,e44152ea6353369cb7916c32d00902f28c55fcfb,0.17191497219297824,mozilla-beta,5027409,2,3c15b4f6e169725bc9f93a20e47b45f07493750c,android-5-0-aarch64,True,True,,,f69e1b00908837bf0550250abb1645014317e8ec,,build times,True,build times pgo instrumented taskcluster-projects/970387039909/machineTypes/c2-standard-16,,6,,,453764025,1870074423,2024-04-06 13:34:22,1405251,,,,,,,,,,,,,,,,,,,,,,,,,,,,,,,,,,,,,,,,,,,,,,,,,TN
241,8863a5016be874c7eaeacd563833148eafc43833,0.13192723113360572,mozilla-beta,5027409,2,3c15b4f6e169725bc9f93a20e47b45f07493750c,android-5-0-aarch64,True,True,,,f69e1b00908837bf0550250abb1645014317e8ec,,build times,True,build times pgo instrumented taskcluster-projects/970387039909/machineTypes/c2-standard-16,,6,,,453764050,1870074339,2024-04-06 13:35:13,1405252,,,,,,,,,,,,,,,,,,,,,,,,,,,,,,,,,,,,,,,,,,,,,,,,,TN
242,4fe981bfc64bc9dc40086fda700d7ec52efe5588,0.10835569906096021,mozilla-beta,5027409,2,3c15b4f6e169725bc9f93a20e47b45f07493750c,android-5-0-aarch64,True,True,,,f69e1b00908837bf0550250abb1645014317e8ec,,build times,True,build times pgo instrumented taskcluster-projects/970387039909/machineTypes/c2-standard-16,,6,,,453769577,1870099830,2024-04-06 14:59:59,1405261,,,,,,,,,,,,,,,,,,,,,,,,,,,,,,,,,,,,,,,,,,,,,,,,,TN
243,dad2699f2155c61aebd7d696cc82932726b75e3c,0.09776376918825536,mozilla-beta,5027409,2,3c15b4f6e169725bc9f93a20e47b45f07493750c,android-5-0-aarch64,True,True,,,f69e1b00908837bf0550250abb1645014317e8ec,,build times,True,build times pgo instrumented taskcluster-projects/970387039909/machineTypes/c2-standard-16,,6,,,453805486,1870250264,2024-04-07 09:17:44,1405323,,,,,,,,,,,,,,,,,,,,,,,,,,,,,,,,,,,,,,,,,,,,,,,,,TN
244,f73fb68140e3eb478f6643c8c183d1ed62e3cd79,0.12792768763808926,mozilla-beta,5027409,2,3c15b4f6e169725bc9f93a20e47b45f07493750c,android-5-0-aarch64,True,True,,,f69e1b00908837bf0550250abb1645014317e8ec,,build times,True,build times pgo instrumented taskcluster-projects/970387039909/machineTypes/c2-standard-16,,6,,,453828658,1870343630,2024-04-07 16:55:28,1405350,,,,,,,,,,,,,,,,,,,,,,,,,,,,,,,,,,,,,,,,,,,,,,,,,TN
245,8d35730992fa27721373e9a72c891e9dc91b1e24,0.1326966207127369,mozilla-beta,5027409,2,3c15b4f6e169725bc9f93a20e47b45f07493750c,android-5-0-aarch64,True,True,,,f69e1b00908837bf0550250abb1645014317e8ec,,build times,True,build times pgo instrumented taskcluster-projects/970387039909/machineTypes/c2-standard-16,,6,,,453864402,1870508728,2024-04-08 09:22:27,1405479,,,,,,,,,,,,,,,,,,,,,,,,,,,,,,,,,,,,,,,,,,,,,,,,,TN
246,2a006ccd4a0f986d95177aa1cf2875b054b4e52b,0.1696555314622632,mozilla-beta,5027409,2,3c15b4f6e169725bc9f93a20e47b45f07493750c,android-5-0-aarch64,True,True,,,f69e1b00908837bf0550250abb1645014317e8ec,,build times,True,build times pgo instrumented taskcluster-projects/970387039909/machineTypes/c2-standard-16,,6,,,453888792,1870609516,2024-04-08 13:04:14,1405599,,,,,,,,,,,,,,,,,,,,,,,,,,,,,,,,,,,,,,,,,,,,,,,,,TN
247,bcf5880a2381bd2062bb754047fe6b64308de475,0.18097838143514222,mozilla-beta,5027409,2,3c15b4f6e169725bc9f93a20e47b45f07493750c,android-5-0-aarch64,True,True,,,f69e1b00908837bf0550250abb1645014317e8ec,,build times,True,build times pgo instrumented taskcluster-projects/970387039909/machineTypes/c2-standard-16,,6,,,453888736,1870609492,2024-04-08 13:12:07,1405601,,,,,,,,,,,,,,,,,,,,,,,,,,,,,,,,,,,,,,,,,,,,,,,,,TN
248,4e51542f4ccd3c2e5ba3ad9f16cfb13c2b967ba9,0.12469496908977362,mozilla-beta,5027409,2,3c15b4f6e169725bc9f93a20e47b45f07493750c,android-5-0-aarch64,True,True,,,f69e1b00908837bf0550250abb1645014317e8ec,,build times,True,build times pgo instrumented taskcluster-projects/970387039909/machineTypes/c2-standard-16,,6,,,454046929,1871245662,2024-04-08 15:33:15,1405725,,,,,,,,,,,,,,,,,,,,,,,,,,,,,,,,,,,,,,,,,,,,,,,,,TN
249,661ff1b9ed7bf303e9169dceb043702b7d51ef20,0.5523434965422349,mozilla-beta,5027409,2,3c15b4f6e169725bc9f93a20e47b45f07493750c,android-5-0-aarch64,True,True,,,f69e1b00908837bf0550250abb1645014317e8ec,,build times,True,build times pgo instrumented taskcluster-projects/970387039909/machineTypes/c2-standard-16,,6,,,454519150,1873892247,2024-04-15 10:01:36,1408728,2297.39,mozilla-ldap/afinder@mozilla.com,4e51542f4ccd3c2e5ba3ad9f16cfb13c2b967ba9,42302.0,15.13,1995.45,2024-04-23 07:55:01.630031,2.0,2.0,,,0.0,1405725.0,1.0,3.0,mozilla-ldap/afinder@mozilla.com,adCSW0wzRLmd37Kx_7nltQ,,2024-04-25 14:06:13.232928,,1.0,301.95,193400.0,IgREyd4uR2a-qVgHwyxb6g,"(0,)",42302.0,0.0,True,False,afinder@mozilla.com,"(0,)","(0,)",afinder@mozilla.com,2024-04-18 14:06:13.232928,,,OK,,,,"('[{""perf_datum_id"": 1873892247, ""value"": 2306.446, ""job_id"": 454519150, ""push_id"": 1408728, ""push_timestamp"": ""2024-04-15T10:01:36"", ""push__revision"": ""661ff1b9ed7bf303e9169dceb043702b7d51ef20""}, {""perf_datum_id"": 1874026698, ""value"": 2344.264, ""job_id"": 454549919, ""push_id"": 1408860, ""push_timestamp"": ""2024-04-15T14:18:35"", ""push__revision"": ""4c3f709451f8aa49beaf8d63fc2131c3ac85e82e""}, {""perf_datum_id"": 1874592758, ""value"": 2226.613, ""job_id"": 454676774, ""push_id"": 1409481, ""push_timestamp"": ""2024-04-16T09:18:53"", ""push__revision"": ""63a80f734f770931ccc146613a93a67cb9cab6a6""}]',)",False,"(0,)",16.71,build times,"(1,)",,2024-04-23 14:06:13.232928,TP
250,4c3f709451f8aa49beaf8d63fc2131c3ac85e82e,0.6008381217148671,mozilla-beta,5027409,2,3c15b4f6e169725bc9f93a20e47b45f07493750c,android-5-0-aarch64,True,True,,,f69e1b00908837bf0550250abb1645014317e8ec,,build times,True,build times pgo instrumented taskcluster-projects/970387039909/machineTypes/c2-standard-16,,6,,,454549919,1874026698,2024-04-15 14:18:35,1408860,,,,,,,,,,,,,,,,,,,,,,,,,,,,,,,,,,,,,,,,,,,,,,,,,TN
251,63a80f734f770931ccc146613a93a67cb9cab6a6,0.44997236609094937,mozilla-beta,5027409,2,3c15b4f6e169725bc9f93a20e47b45f07493750c,android-5-0-aarch64,True,True,,,f69e1b00908837bf0550250abb1645014317e8ec,,build times,True,build times pgo instrumented taskcluster-projects/970387039909/machineTypes/c2-standard-16,,6,,,454676774,1874592758,2024-04-16 09:18:53,1409481,,,,,,,,,,,,,,,,,,,,,,,,,,,,,,,,,,,,,,,,,,,,,,,,,TN
252,636d77d668ab9281936ff63e48accb5b1ff475da,0.5177953398073192,mozilla-beta,5027409,2,3c15b4f6e169725bc9f93a20e47b45f07493750c,android-5-0-aarch64,True,True,,,f69e1b00908837bf0550250abb1645014317e8ec,,build times,True,build times pgo instrumented taskcluster-projects/970387039909/machineTypes/c2-standard-16,,6,,,454698619,1874662646,2024-04-16 09:39:32,1409497,,,,,,,,,,,,,,,,,,,,,,,,,,,,,,,,,,,,,,,,,,,,,,,,,TN
253,0685935ccffc93541dd6d438aba0788cdc152015,0.5483913987374316,mozilla-beta,5027409,2,3c15b4f6e169725bc9f93a20e47b45f07493750c,android-5-0-aarch64,True,True,,,f69e1b00908837bf0550250abb1645014317e8ec,,build times,True,build times pgo instrumented taskcluster-projects/970387039909/machineTypes/c2-standard-16,,6,,,454719608,1874770236,2024-04-16 16:13:48,1409801,,,,,,,,,,,,,,,,,,,,,,,,,,,,,,,,,,,,,,,,,,,,,,,,,TN
254,505a6364610a93f1e6207f01b5afdeb674e55f1c,0.5045579920983689,mozilla-beta,5027409,2,3c15b4f6e169725bc9f93a20e47b45f07493750c,android-5-0-aarch64,True,True,,,f69e1b00908837bf0550250abb1645014317e8ec,,build times,True,build times pgo instrumented taskcluster-projects/970387039909/machineTypes/c2-standard-16,,6,,,454778449,1875082091,2024-04-17 02:27:27,1410184,,,,,,,,,,,,,,,,,,,,,,,,,,,,,,,,,,,,,,,,,,,,,,,,,TN
255,de50e72d13d30fea9aa987c75dbc16e138261f33,0.6590898890668457,mozilla-beta,5027409,2,3c15b4f6e169725bc9f93a20e47b45f07493750c,android-5-0-aarch64,True,True,,,f69e1b00908837bf0550250abb1645014317e8ec,,build times,True,build times pgo instrumented taskcluster-projects/970387039909/machineTypes/c2-standard-16,,6,,,454811687,1875267541,2024-04-17 09:19:40,1410379,,,,,,,,,,,,,,,,,,,,,,,,,,,,,,,,,,,,,,,,,,,,,,,,,TN
256,7b4f20ae6ddb125185c7c8e20e4c237d8ed99658,0.5133405741441504,mozilla-beta,5027409,2,3c15b4f6e169725bc9f93a20e47b45f07493750c,android-5-0-aarch64,True,True,,,f69e1b00908837bf0550250abb1645014317e8ec,,build times,True,build times pgo instrumented taskcluster-projects/970387039909/machineTypes/c2-standard-16,,6,,,454882352,1875529563,2024-04-17 18:06:15,1410771,,,,,,,,,,,,,,,,,,,,,,,,,,,,,,,,,,,,,,,,,,,,,,,,,TN
257,6f3207b951b69f6e697f99b960f3606688143944,0.5665438635410642,mozilla-beta,5027409,2,3c15b4f6e169725bc9f93a20e47b45f07493750c,android-5-0-aarch64,True,True,,,f69e1b00908837bf0550250abb1645014317e8ec,,build times,True,build times pgo instrumented taskcluster-projects/970387039909/machineTypes/c2-standard-16,,6,,,454899443,1875600420,2024-04-17 20:49:34,1410945,,,,,,,,,,,,,,,,,,,,,,,,,,,,,,,,,,,,,,,,,,,,,,,,,TN
258,d91cd89322eee665f3cabadbe864bcda2ad97e9b,0.47305277114891675,mozilla-beta,5027409,2,3c15b4f6e169725bc9f93a20e47b45f07493750c,android-5-0-aarch64,True,True,,,f69e1b00908837bf0550250abb1645014317e8ec,,build times,True,build times pgo instrumented taskcluster-projects/970387039909/machineTypes/c2-standard-16,,6,,,454938008,1875750504,2024-04-18 02:25:46,1411169,,,,,,,,,,,,,,,,,,,,,,,,,,,,,,,,,,,,,,,,,,,,,,,,,TN
259,a863a33698239851dc5fd23f3c949f866d1f0f34,0.6544966332794333,mozilla-beta,5027409,2,3c15b4f6e169725bc9f93a20e47b45f07493750c,android-5-0-aarch64,True,True,,,f69e1b00908837bf0550250abb1645014317e8ec,,build times,True,build times pgo instrumented taskcluster-projects/970387039909/machineTypes/c2-standard-16,,6,,,454967218,1875909121,2024-04-18 09:20:53,1411325,,,,,,,,,,,,,,,,,,,,,,,,,,,,,,,,,,,,,,,,,,,,,,,,,TN
260,f3c614603b045dfd27ee365769498c5a8acb644d,0.4484156345091743,mozilla-beta,5027409,2,3c15b4f6e169725bc9f93a20e47b45f07493750c,android-5-0-aarch64,True,True,,,f69e1b00908837bf0550250abb1645014317e8ec,,build times,True,build times pgo instrumented taskcluster-projects/970387039909/machineTypes/c2-standard-16,,6,,,454999883,1876048492,2024-04-18 13:26:47,1411471,,,,,,,,,,,,,,,,,,,,,,,,,,,,,,,,,,,,,,,,,,,,,,,,,TN
261,a393e32479ea3d3b8c24ff87f5458ac97b8eb724,0.6144050246268784,mozilla-beta,5027409,2,3c15b4f6e169725bc9f93a20e47b45f07493750c,android-5-0-aarch64,True,True,,,f69e1b00908837bf0550250abb1645014317e8ec,,build times,True,build times pgo instrumented taskcluster-projects/970387039909/machineTypes/c2-standard-16,,6,,,455043233,1876225633,2024-04-18 17:40:11,1411688,,,,,,,,,,,,,,,,,,,,,,,,,,,,,,,,,,,,,,,,,,,,,,,,,TN
262,86264e764b29445c4ae1d6b94b5354bd6d60f21e,0.49865549171046863,mozilla-beta,5027409,2,3c15b4f6e169725bc9f93a20e47b45f07493750c,android-5-0-aarch64,True,True,,,f69e1b00908837bf0550250abb1645014317e8ec,,build times,True,build times pgo instrumented taskcluster-projects/970387039909/machineTypes/c2-standard-16,,6,,,455046250,1876244715,2024-04-18 18:10:41,1411716,,,,,,,,,,,,,,,,,,,,,,,,,,,,,,,,,,,,,,,,,,,,,,,,,TN
263,52f995110e9844e7797cf3b3c74105d9de74a14f,0.6424159345711105,mozilla-beta,5027409,2,3c15b4f6e169725bc9f93a20e47b45f07493750c,android-5-0-aarch64,True,True,,,f69e1b00908837bf0550250abb1645014317e8ec,,build times,True,build times pgo instrumented taskcluster-projects/970387039909/machineTypes/c2-standard-16,,6,,,455072000,1876363810,2024-04-18 21:24:38,1411850,,,,,,,,,,,,,,,,,,,,,,,,,,,,,,,,,,,,,,,,,,,,,,,,,TN
264,40f32e40b85f7386f166f191b9da79ce15c5a467,0.5488838080680756,mozilla-beta,5027409,2,3c15b4f6e169725bc9f93a20e47b45f07493750c,android-5-0-aarch64,True,True,,,f69e1b00908837bf0550250abb1645014317e8ec,,build times,True,build times pgo instrumented taskcluster-projects/970387039909/machineTypes/c2-standard-16,,6,,,455101435,1876554910,2024-04-19 01:25:33,1411969,,,,,,,,,,,,,,,,,,,,,,,,,,,,,,,,,,,,,,,,,,,,,,,,,TN
265,c0fa9fa5581346bd24fb8df1e56520a1ab09c320,0.46983031112832263,mozilla-beta,5027409,2,3c15b4f6e169725bc9f93a20e47b45f07493750c,android-5-0-aarch64,True,True,,,f69e1b00908837bf0550250abb1645014317e8ec,,build times,True,build times pgo instrumented taskcluster-projects/970387039909/machineTypes/c2-standard-16,,6,,,455121869,1876839290,2024-04-19 09:26:09,1412122,,,,,,,,,,,,,,,,,,,,,,,,,,,,,,,,,,,,,,,,,,,,,,,,,TN
266,5904a8aa5915b0835cf20a54a38eb6f6f12f303c,0.4976411797819802,mozilla-beta,5027409,2,3c15b4f6e169725bc9f93a20e47b45f07493750c,android-5-0-aarch64,True,True,,,f69e1b00908837bf0550250abb1645014317e8ec,,build times,True,build times pgo instrumented taskcluster-projects/970387039909/machineTypes/c2-standard-16,,6,,,455194157,1877173675,2024-04-19 17:51:59,1412431,,,,,,,,,,,,,,,,,,,,,,,,,,,,,,,,,,,,,,,,,,,,,,,,,TN
267,d3fcd07d7bb4aa9223c34f8704489090606959c4,0.4770497500125024,mozilla-beta,5027409,2,3c15b4f6e169725bc9f93a20e47b45f07493750c,android-5-0-aarch64,True,True,,,f69e1b00908837bf0550250abb1645014317e8ec,,build times,True,build times pgo instrumented taskcluster-projects/970387039909/machineTypes/c2-standard-16,,6,,,455216575,1877288502,2024-04-19 21:07:14,1412574,,,,,,,,,,,,,,,,,,,,,,,,,,,,,,,,,,,,,,,,,,,,,,,,,TN
268,e4a5d977091db241c97e780c2e4bb201f6c3ef51,0.8522515544875291,mozilla-beta,5027409,2,3c15b4f6e169725bc9f93a20e47b45f07493750c,android-5-0-aarch64,True,True,,,f69e1b00908837bf0550250abb1645014317e8ec,,build times,True,build times pgo instrumented taskcluster-projects/970387039909/machineTypes/c2-standard-16,,6,,,455245703,1877470257,2024-04-20 02:32:53,1412668,,,,,,,,,,,,,,,,,,,,,,,,,,,,,,,,,,,,,,,,,,,,,,,,,TN
269,08c5ccbc227d2a7a3b9c2e25c028672c95324e46,0.45434249890041434,mozilla-beta,5027409,2,3c15b4f6e169725bc9f93a20e47b45f07493750c,android-5-0-aarch64,True,True,,,f69e1b00908837bf0550250abb1645014317e8ec,,build times,True,build times pgo instrumented taskcluster-projects/970387039909/machineTypes/c2-standard-16,,6,,,455254224,1877524561,2024-04-20 09:20:43,1412720,,,,,,,,,,,,,,,,,,,,,,,,,,,,,,,,,,,,,,,,,,,,,,,,,TN
270,5488789046bc9debba9c1ce0efb6111642bab9dd,0.5473501581736744,mozilla-beta,5027409,2,3c15b4f6e169725bc9f93a20e47b45f07493750c,android-5-0-aarch64,True,True,,,f69e1b00908837bf0550250abb1645014317e8ec,,build times,True,build times pgo instrumented taskcluster-projects/970387039909/machineTypes/c2-standard-16,,6,,,455272988,1877592482,2024-04-20 13:12:07,1412737,,,,,,,,,,,,,,,,,,,,,,,,,,,,,,,,,,,,,,,,,,,,,,,,,TN
271,efd1006aeaafaf2e1569c7d73f13b2ac905e04f1,0.9206272063849079,mozilla-beta,5027409,2,3c15b4f6e169725bc9f93a20e47b45f07493750c,android-5-0-aarch64,True,True,,,f69e1b00908837bf0550250abb1645014317e8ec,,build times,True,build times pgo instrumented taskcluster-projects/970387039909/machineTypes/c2-standard-16,,6,,,455275356,1877598108,2024-04-20 13:43:40,1412740,,,,,,,,,,,,,,,,,,,,,,,,,,,,,,,,,,,,,,,,,,,,,,,,,TN
272,5f5897d3668c4a1906a185e13ab1bb07cd247a8a,0.5076650436820933,mozilla-beta,5027409,2,3c15b4f6e169725bc9f93a20e47b45f07493750c,android-5-0-aarch64,True,True,,,f69e1b00908837bf0550250abb1645014317e8ec,,build times,True,build times pgo instrumented taskcluster-projects/970387039909/machineTypes/c2-standard-16,,6,,,455289569,1877676080,2024-04-21 02:26:33,1412787,,,,,,,,,,,,,,,,,,,,,,,,,,,,,,,,,,,,,,,,,,,,,,,,,TN
273,5fcb3101ac687798d63cc828dd860f176e504485,0.4763149829644324,mozilla-beta,5027409,2,3c15b4f6e169725bc9f93a20e47b45f07493750c,android-5-0-aarch64,True,True,,,f69e1b00908837bf0550250abb1645014317e8ec,,build times,True,build times pgo instrumented taskcluster-projects/970387039909/machineTypes/c2-standard-16,,6,,,455291051,1877695758,2024-04-21 09:21:28,1412801,,,,,,,,,,,,,,,,,,,,,,,,,,,,,,,,,,,,,,,,,,,,,,,,,TN
274,9d4b914d92b130add8f178e9b5ca738ff713d826,0.46343283677784797,mozilla-beta,5027409,2,3c15b4f6e169725bc9f93a20e47b45f07493750c,android-5-0-aarch64,True,True,,,f69e1b00908837bf0550250abb1645014317e8ec,,build times,True,build times pgo instrumented taskcluster-projects/970387039909/machineTypes/c2-standard-16,,6,,,455342660,1878008636,2024-04-22 09:19:40,1412983,,,,,,,,,,,,,,,,,,,,,,,,,,,,,,,,,,,,,,,,,,,,,,,,,TN
275,9a7b8c392adc1a8d3fa146beef1c8ef5fb99ccea,0.44834126018319154,mozilla-beta,5027409,2,3c15b4f6e169725bc9f93a20e47b45f07493750c,android-5-0-aarch64,True,True,,,f69e1b00908837bf0550250abb1645014317e8ec,,build times,True,build times pgo instrumented taskcluster-projects/970387039909/machineTypes/c2-standard-16,,6,,,455410575,1878254803,2024-04-22 17:47:49,1413312,,,,,,,,,,,,,,,,,,,,,,,,,,,,,,,,,,,,,,,,,,,,,,,,,TN
276,f51addd5884acd3378c3a2989ea92aa99068f740,0.858472069234804,mozilla-beta,5027409,2,3c15b4f6e169725bc9f93a20e47b45f07493750c,android-5-0-aarch64,True,True,,,f69e1b00908837bf0550250abb1645014317e8ec,,build times,True,build times pgo instrumented taskcluster-projects/970387039909/machineTypes/c2-standard-16,,6,,,455426024,1878311459,2024-04-22 19:43:53,1413393,,,,,,,,,,,,,,,,,,,,,,,,,,,,,,,,,,,,,,,,,,,,,,,,,TN
277,1814c9edf1ed438aafc77322c24e64a13925bef2,0.6916004457330294,mozilla-beta,5027409,2,3c15b4f6e169725bc9f93a20e47b45f07493750c,android-5-0-aarch64,True,True,,,f69e1b00908837bf0550250abb1645014317e8ec,,build times,True,build times pgo instrumented taskcluster-projects/970387039909/machineTypes/c2-standard-16,,6,,,455445301,1878400309,2024-04-22 22:30:48,1413541,,,,,,,,,,,,,,,,,,,,,,,,,,,,,,,,,,,,,,,,,,,,,,,,,TN
278,7d0f32ab9f831ae44f530555009ac21b54073601,0.5535899076604274,mozilla-beta,5027409,2,3c15b4f6e169725bc9f93a20e47b45f07493750c,android-5-0-aarch64,True,True,,,f69e1b00908837bf0550250abb1645014317e8ec,,build times,True,build times pgo instrumented taskcluster-projects/970387039909/machineTypes/c2-standard-16,,6,,,455455518,1878465022,2024-04-22 23:49:58,1413606,,,,,,,,,,,,,,,,,,,,,,,,,,,,,,,,,,,,,,,,,,,,,,,,,TN
279,ac300bde6a4efabfbac6669c89fcbb036d06b112,0.49533557567651787,mozilla-beta,5027409,2,3c15b4f6e169725bc9f93a20e47b45f07493750c,android-5-0-aarch64,True,True,,,f69e1b00908837bf0550250abb1645014317e8ec,,build times,True,build times pgo instrumented taskcluster-projects/970387039909/machineTypes/c2-standard-16,,6,,,455474983,1878575056,2024-04-23 02:25:02,1413672,,,,,,,,,,,,,,,,,,,,,,,,,,,,,,,,,,,,,,,,,,,,,,,,,TN
280,de920295fda430802d479dc2f45bfbb69c4d6753,0.5215012329468003,mozilla-beta,5027409,2,3c15b4f6e169725bc9f93a20e47b45f07493750c,android-5-0-aarch64,True,True,,,f69e1b00908837bf0550250abb1645014317e8ec,,build times,True,build times pgo instrumented taskcluster-projects/970387039909/machineTypes/c2-standard-16,,6,,,455497087,1878729683,2024-04-23 09:16:42,1413822,,,,,,,,,,,,,,,,,,,,,,,,,,,,,,,,,,,,,,,,,,,,,,,,,TN
281,5cdb2f8e60b06efb312a22abddb6cf9062a03bde,0.49462389031582177,mozilla-beta,5027409,2,3c15b4f6e169725bc9f93a20e47b45f07493750c,android-5-0-aarch64,True,True,,,f69e1b00908837bf0550250abb1645014317e8ec,,build times,True,build times pgo instrumented taskcluster-projects/970387039909/machineTypes/c2-standard-16,,6,,,455517300,1878820026,2024-04-23 11:56:00,1413922,,,,,,,,,,,,,,,,,,,,,,,,,,,,,,,,,,,,,,,,,,,,,,,,,TN
282,e60d62bb3bf1f75e4bce1a937f392358bb11e86d,0.4771433590779637,mozilla-beta,5027409,2,3c15b4f6e169725bc9f93a20e47b45f07493750c,android-5-0-aarch64,True,True,,,f69e1b00908837bf0550250abb1645014317e8ec,,build times,True,build times pgo instrumented taskcluster-projects/970387039909/machineTypes/c2-standard-16,,6,,,455526411,1878834401,2024-04-23 12:24:50,1413944,,,,,,,,,,,,,,,,,,,,,,,,,,,,,,,,,,,,,,,,,,,,,,,,,TN
283,256dde919b917b9508081e311aa84845c825bc62,0.5978451962520466,mozilla-beta,5027409,2,3c15b4f6e169725bc9f93a20e47b45f07493750c,android-5-0-aarch64,True,True,,,f69e1b00908837bf0550250abb1645014317e8ec,,build times,True,build times pgo instrumented taskcluster-projects/970387039909/machineTypes/c2-standard-16,,6,,,455549353,1878962212,2024-04-23 16:06:06,1414149,,,,,,,,,,,,,,,,,,,,,,,,,,,,,,,,,,,,,,,,,,,,,,,,,TN
284,6d2ea27a05aaaec56a0d3f856a7a846dc74e2777,0.5748930227906017,mozilla-beta,5027409,2,3c15b4f6e169725bc9f93a20e47b45f07493750c,android-5-0-aarch64,True,True,,,f69e1b00908837bf0550250abb1645014317e8ec,,build times,True,build times pgo instrumented taskcluster-projects/970387039909/machineTypes/c2-standard-16,,6,,,455568105,1879100491,2024-04-23 18:48:39,1414239,,,,,,,,,,,,,,,,,,,,,,,,,,,,,,,,,,,,,,,,,,,,,,,,,TN
285,560a456b6e11c468753aabe77b28d5936b7b4140,0.5743877903003058,mozilla-beta,5027409,2,3c15b4f6e169725bc9f93a20e47b45f07493750c,android-5-0-aarch64,True,True,,,f69e1b00908837bf0550250abb1645014317e8ec,,build times,True,build times pgo instrumented taskcluster-projects/970387039909/machineTypes/c2-standard-16,,6,,,455591478,1879235476,2024-04-23 22:13:20,1414401,,,,,,,,,,,,,,,,,,,,,,,,,,,,,,,,,,,,,,,,,,,,,,,,,TN
286,2f795f29313a1574efb932970e4b5de6b60cf59c,0.5503687299557987,mozilla-beta,5027409,2,3c15b4f6e169725bc9f93a20e47b45f07493750c,android-5-0-aarch64,True,True,,,f69e1b00908837bf0550250abb1645014317e8ec,,build times,True,build times pgo instrumented taskcluster-projects/970387039909/machineTypes/c2-standard-16,,6,,,455620494,1879364660,2024-04-24 02:27:57,1414510,,,,,,,,,,,,,,,,,,,,,,,,,,,,,,,,,,,,,,,,,,,,,,,,,TN
287,5238516b327c5721e0ca31a9cdc2b52972aab980,0.4861105946227364,mozilla-beta,5027409,2,3c15b4f6e169725bc9f93a20e47b45f07493750c,android-5-0-aarch64,True,True,,,f69e1b00908837bf0550250abb1645014317e8ec,,build times,True,build times pgo instrumented taskcluster-projects/970387039909/machineTypes/c2-standard-16,,6,,,455645713,1879562798,2024-04-24 09:17:56,1414697,,,,,,,,,,,,,,,,,,,,,,,,,,,,,,,,,,,,,,,,,,,,,,,,,TN
288,10f4956196c6eddc6d23646231937c4a266a6450,0.4965153063645191,mozilla-beta,5027409,2,3c15b4f6e169725bc9f93a20e47b45f07493750c,android-5-0-aarch64,True,True,,,f69e1b00908837bf0550250abb1645014317e8ec,,build times,True,build times pgo instrumented taskcluster-projects/970387039909/machineTypes/c2-standard-16,,6,,,455743574,105740,2024-04-25 01:29:37,1415597,,,,,,,,,,,,,,,,,,,,,,,,,,,,,,,,,,,,,,,,,,,,,,,,,TN
289,b46cdffe74abeb5aa08b36fc6f8645964b9e6820,0.4588588157299136,mozilla-beta,5027409,2,3c15b4f6e169725bc9f93a20e47b45f07493750c,android-5-0-aarch64,True,True,,,f69e1b00908837bf0550250abb1645014317e8ec,,build times,True,build times pgo instrumented taskcluster-projects/970387039909/machineTypes/c2-standard-16,,6,,,455743831,111170,2024-04-25 01:37:05,1415598,,,,,,,,,,,,,,,,,,,,,,,,,,,,,,,,,,,,,,,,,,,,,,,,,TN
290,c91e9fa4eff69b34e64e35090fc3b5d74c4da737,0.5589435768152144,mozilla-beta,5027409,2,3c15b4f6e169725bc9f93a20e47b45f07493750c,android-5-0-aarch64,True,True,,,f69e1b00908837bf0550250abb1645014317e8ec,,build times,True,build times pgo instrumented taskcluster-projects/970387039909/machineTypes/c2-standard-16,,6,,,455744943,117207,2024-04-25 01:46:10,1415602,,,,,,,,,,,,,,,,,,,,,,,,,,,,,,,,,,,,,,,,,,,,,,,,,TN
291,7de501490f999e59551e812d5fc3081927594db1,0.5497327012370499,mozilla-beta,5027409,2,3c15b4f6e169725bc9f93a20e47b45f07493750c,android-5-0-aarch64,True,True,,,f69e1b00908837bf0550250abb1645014317e8ec,,build times,True,build times pgo instrumented taskcluster-projects/970387039909/machineTypes/c2-standard-16,,6,,,455749694,127936,2024-04-25 02:02:58,1415617,,,,,,,,,,,,,,,,,,,,,,,,,,,,,,,,,,,,,,,,,,,,,,,,,TN
292,174619fe3dbc55b112ce4f9567ca2aab72b725ad,0.5862210020273415,mozilla-beta,5027409,2,3c15b4f6e169725bc9f93a20e47b45f07493750c,android-5-0-aarch64,True,True,,,f69e1b00908837bf0550250abb1645014317e8ec,,build times,True,build times pgo instrumented taskcluster-projects/970387039909/machineTypes/c2-standard-16,,6,,,455752429,141594,2024-04-25 02:15:19,1415622,,,,,,,,,,,,,,,,,,,,,,,,,,,,,,,,,,,,,,,,,,,,,,,,,TN
293,ebabf59c9d5034eaecd70d04c63e023bf7a6d2c2,0.6681417574653232,mozilla-beta,5027409,2,3c15b4f6e169725bc9f93a20e47b45f07493750c,android-5-0-aarch64,True,True,,,f69e1b00908837bf0550250abb1645014317e8ec,,build times,True,build times pgo instrumented taskcluster-projects/970387039909/machineTypes/c2-standard-16,,6,,,455755940,165897,2024-04-25 02:38:14,1415639,,,,,,,,,,,,,,,,,,,,,,,,,,,,,,,,,,,,,,,,,,,,,,,,,TN
294,bc66aa65643eb49777eb4b9aa39688abf685bb04,0.5716077292877122,mozilla-beta,5027409,2,3c15b4f6e169725bc9f93a20e47b45f07493750c,android-5-0-aarch64,True,True,,,f69e1b00908837bf0550250abb1645014317e8ec,,build times,True,build times pgo instrumented taskcluster-projects/970387039909/machineTypes/c2-standard-16,,6,,,455797217,441020,2024-04-25 09:21:28,1415835,,,,,,,,,,,,,,,,,,,,,,,,,,,,,,,,,,,,,,,,,,,,,,,,,TN
295,c9a842140b738753bc7b278d6149f6e71799908c,0.7078345658526954,mozilla-beta,5027409,2,3c15b4f6e169725bc9f93a20e47b45f07493750c,android-5-0-aarch64,True,True,,,f69e1b00908837bf0550250abb1645014317e8ec,,build times,True,build times pgo instrumented taskcluster-projects/970387039909/machineTypes/c2-standard-16,,6,,,455822855,562669,2024-04-25 12:18:42,1415961,,,,,,,,,,,,,,,,,,,,,,,,,,,,,,,,,,,,,,,,,,,,,,,,,TN
296,cda434ac6f3d53aa8fd0d48958b598dd377fbc2c,0.5758957938754028,mozilla-beta,5027409,2,3c15b4f6e169725bc9f93a20e47b45f07493750c,android-5-0-aarch64,True,True,,,f69e1b00908837bf0550250abb1645014317e8ec,,build times,True,build times pgo instrumented taskcluster-projects/970387039909/machineTypes/c2-standard-16,,6,,,455831531,586385,2024-04-25 12:35:17,1415979,,,,,,,,,,,,,,,,,,,,,,,,,,,,,,,,,,,,,,,,,,,,,,,,,TN
297,ea6bc7159b75b255f635b2169c8dc97ea14d7fe0,0.5901551474086317,mozilla-beta,5027409,2,3c15b4f6e169725bc9f93a20e47b45f07493750c,android-5-0-aarch64,True,True,,,f69e1b00908837bf0550250abb1645014317e8ec,,build times,True,build times pgo instrumented taskcluster-projects/970387039909/machineTypes/c2-standard-16,,6,,,455848904,634791,2024-04-25 14:30:46,1416072,,,,,,,,,,,,,,,,,,,,,,,,,,,,,,,,,,,,,,,,,,,,,,,,,TN
298,3d234cfae6f462a3113e31c2caaaf10379f4f877,0.5357900797472297,mozilla-beta,5027409,2,3c15b4f6e169725bc9f93a20e47b45f07493750c,android-5-0-aarch64,True,True,,,f69e1b00908837bf0550250abb1645014317e8ec,,build times,True,build times pgo instrumented taskcluster-projects/970387039909/machineTypes/c2-standard-16,,6,,,455876148,746242,2024-04-25 17:10:19,1416201,,,,,,,,,,,,,,,,,,,,,,,,,,,,,,,,,,,,,,,,,,,,,,,,,TN
299,0ab06624fa87be2e2ca985105f52ff330ca122ec,0.5002417165594437,mozilla-beta,5027409,2,3c15b4f6e169725bc9f93a20e47b45f07493750c,android-5-0-aarch64,True,True,,,f69e1b00908837bf0550250abb1645014317e8ec,,build times,True,build times pgo instrumented taskcluster-projects/970387039909/machineTypes/c2-standard-16,,6,,,455884564,807342,2024-04-25 19:59:42,1416286,,,,,,,,,,,,,,,,,,,,,,,,,,,,,,,,,,,,,,,,,,,,,,,,,TN
300,78aeb675886433a424712777358dd91f8361aa3b,0.6060840763285755,mozilla-beta,5027409,2,3c15b4f6e169725bc9f93a20e47b45f07493750c,android-5-0-aarch64,True,True,,,f69e1b00908837bf0550250abb1645014317e8ec,,build times,True,build times pgo instrumented taskcluster-projects/970387039909/machineTypes/c2-standard-16,,6,,,455892234,835087,2024-04-25 21:06:31,1416348,,,,,,,,,,,,,,,,,,,,,,,,,,,,,,,,,,,,,,,,,,,,,,,,,TN
301,9127c3adbf51142cd74c6ebeb386d8758f948a77,0.5205433429207824,mozilla-beta,5027409,2,3c15b4f6e169725bc9f93a20e47b45f07493750c,android-5-0-aarch64,True,True,,,f69e1b00908837bf0550250abb1645014317e8ec,,build times,True,build times pgo instrumented taskcluster-projects/970387039909/machineTypes/c2-standard-16,,6,,,455892395,845490,2024-04-25 21:07:21,1416349,,,,,,,,,,,,,,,,,,,,,,,,,,,,,,,,,,,,,,,,,,,,,,,,,TN
302,6de6d06e13992b790de4ca0bfaf397c9b1fae21c,0.5186737262434935,mozilla-beta,5027409,2,3c15b4f6e169725bc9f93a20e47b45f07493750c,android-5-0-aarch64,True,True,,,f69e1b00908837bf0550250abb1645014317e8ec,,build times,True,build times pgo instrumented taskcluster-projects/970387039909/machineTypes/c2-standard-16,,6,,,455892508,848547,2024-04-25 21:07:57,1416351,,,,,,,,,,,,,,,,,,,,,,,,,,,,,,,,,,,,,,,,,,,,,,,,,TN
303,2512c25071fb985b21a0b2aecc1d971fa13b3829,0.47701128053354624,mozilla-beta,5027409,2,3c15b4f6e169725bc9f93a20e47b45f07493750c,android-5-0-aarch64,True,True,,,f69e1b00908837bf0550250abb1645014317e8ec,,build times,True,build times pgo instrumented taskcluster-projects/970387039909/machineTypes/c2-standard-16,,6,,,455907322,872956,2024-04-25 22:15:47,1416395,,,,,,,,,,,,,,,,,,,,,,,,,,,,,,,,,,,,,,,,,,,,,,,,,TN
304,eed7ea5e6a62c38aa6a0789b04d58bec0b308b81,0.5340333068748806,mozilla-beta,5027409,2,3c15b4f6e169725bc9f93a20e47b45f07493750c,android-5-0-aarch64,True,True,,,f69e1b00908837bf0550250abb1645014317e8ec,,build times,True,build times pgo instrumented taskcluster-projects/970387039909/machineTypes/c2-standard-16,,6,,,455941689,1006722,2024-04-26 02:31:31,1416506,,,,,,,,,,,,,,,,,,,,,,,,,,,,,,,,,,,,,,,,,,,,,,,,,TN
305,33536b8cf71a5cdaa174a5f02fc8fde525c0fa91,0.5101309372832086,mozilla-beta,5027409,2,3c15b4f6e169725bc9f93a20e47b45f07493750c,android-5-0-aarch64,True,True,,,f69e1b00908837bf0550250abb1645014317e8ec,,build times,True,build times pgo instrumented taskcluster-projects/970387039909/machineTypes/c2-standard-16,,6,,,455961529,1164971,2024-04-26 09:17:20,1416660,,,,,,,,,,,,,,,,,,,,,,,,,,,,,,,,,,,,,,,,,,,,,,,,,TN
306,1a26d5c1fa8a4cabf78497702c25c765d4433390,0.5671388581489256,mozilla-beta,5027409,2,3c15b4f6e169725bc9f93a20e47b45f07493750c,android-5-0-aarch64,True,True,,,f69e1b00908837bf0550250abb1645014317e8ec,,build times,True,build times pgo instrumented taskcluster-projects/970387039909/machineTypes/c2-standard-16,,6,,,456033344,1461337,2024-04-26 17:41:42,1417000,,,,,,,,,,,,,,,,,,,,,,,,,,,,,,,,,,,,,,,,,,,,,,,,,TN
307,31ee47c3ca42c814d98f3c4474dd513ecff8bcb1,0.6119340017619019,mozilla-beta,5027409,2,3c15b4f6e169725bc9f93a20e47b45f07493750c,android-5-0-aarch64,True,True,,,f69e1b00908837bf0550250abb1645014317e8ec,,build times,True,build times pgo instrumented taskcluster-projects/970387039909/machineTypes/c2-standard-16,,6,,,456033203,1458449,2024-04-26 18:02:34,1417014,,,,,,,,,,,,,,,,,,,,,,,,,,,,,,,,,,,,,,,,,,,,,,,,,TN
308,801293630edffd4ad17d27488b28d2c8845080ca,0.7831834519689322,mozilla-beta,5027409,2,3c15b4f6e169725bc9f93a20e47b45f07493750c,android-5-0-aarch64,True,True,,,f69e1b00908837bf0550250abb1645014317e8ec,,build times,True,build times pgo instrumented taskcluster-projects/970387039909/machineTypes/c2-standard-16,,6,,,456039348,1485057,2024-04-26 18:21:59,1417028,,,,,,,,,,,,,,,,,,,,,,,,,,,,,,,,,,,,,,,,,,,,,,,,,TN
309,d1367035974be2939cad245c390a3b77681405e9,0.5049952618425086,mozilla-beta,5027409,2,3c15b4f6e169725bc9f93a20e47b45f07493750c,android-5-0-aarch64,True,True,,,f69e1b00908837bf0550250abb1645014317e8ec,,build times,True,build times pgo instrumented taskcluster-projects/970387039909/machineTypes/c2-standard-16,,6,,,456085151,1689216,2024-04-27 02:27:38,1417221,,,,,,,,,,,,,,,,,,,,,,,,,,,,,,,,,,,,,,,,,,,,,,,,,TN
310,6095688cc01d96bc2f3e2f065304c0e411a65cfa,0.4407897014640203,mozilla-beta,5027409,2,3c15b4f6e169725bc9f93a20e47b45f07493750c,android-5-0-aarch64,True,True,,,f69e1b00908837bf0550250abb1645014317e8ec,,build times,True,build times pgo instrumented taskcluster-projects/970387039909/machineTypes/c2-standard-16,,6,,,456095029,1766593,2024-04-27 09:17:32,1417247,,,,,,,,,,,,,,,,,,,,,,,,,,,,,,,,,,,,,,,,,,,,,,,,,TN
311,ecee005835e2f81a93c0c28f3a073d6efdd6df53,0.5221770134604706,mozilla-beta,5027409,2,3c15b4f6e169725bc9f93a20e47b45f07493750c,android-5-0-aarch64,True,True,,,f69e1b00908837bf0550250abb1645014317e8ec,,build times,True,build times pgo instrumented taskcluster-projects/970387039909/machineTypes/c2-standard-16,,6,,,456118794,1863851,2024-04-27 13:30:40,1417270,,,,,,,,,,,,,,,,,,,,,,,,,,,,,,,,,,,,,,,,,,,,,,,,,TN
312,3526821e4270b050080e0bcd00d98506f6206b1b,0.4552285792323798,mozilla-beta,5027409,2,3c15b4f6e169725bc9f93a20e47b45f07493750c,android-5-0-aarch64,True,True,,,f69e1b00908837bf0550250abb1645014317e8ec,,build times,True,build times pgo instrumented taskcluster-projects/970387039909/machineTypes/c2-standard-16,,6,,,456153674,2026967,2024-04-28 02:28:10,1417328,,,,,,,,,,,,,,,,,,,,,,,,,,,,,,,,,,,,,,,,,,,,,,,,,TN
313,b7da94d4ea323cf6227112f6b413d76b135a62b4,0.4507481672499063,mozilla-beta,5027409,2,3c15b4f6e169725bc9f93a20e47b45f07493750c,android-5-0-aarch64,True,True,,,f69e1b00908837bf0550250abb1645014317e8ec,,build times,True,build times pgo instrumented taskcluster-projects/970387039909/machineTypes/c2-standard-16,,6,,,456163064,2078950,2024-04-28 09:20:44,1417375,,,,,,,,,,,,,,,,,,,,,,,,,,,,,,,,,,,,,,,,,,,,,,,,,TN
314,35ea5eaec0d6df9b362bd15948d1a03fdeb5ee40,0.5468487726312738,mozilla-beta,5027409,2,3c15b4f6e169725bc9f93a20e47b45f07493750c,android-5-0-aarch64,True,True,,,f69e1b00908837bf0550250abb1645014317e8ec,,build times,True,build times pgo instrumented taskcluster-projects/970387039909/machineTypes/c2-standard-16,,6,,,456183858,2167803,2024-04-28 14:35:24,1417384,,,,,,,,,,,,,,,,,,,,,,,,,,,,,,,,,,,,,,,,,,,,,,,,,TN
315,aa4475f0d8cb89691016fcff75cc8216777f393e,0.40448348954079005,mozilla-beta,5027409,2,3c15b4f6e169725bc9f93a20e47b45f07493750c,android-5-0-aarch64,True,True,,,f69e1b00908837bf0550250abb1645014317e8ec,,build times,True,build times pgo instrumented taskcluster-projects/970387039909/machineTypes/c2-standard-16,,6,,,456208428,2297492,2024-04-29 02:27:46,1417439,,,,,,,,,,,,,,,,,,,,,,,,,,,,,,,,,,,,,,,,,,,,,,,,,TN
316,eabc48135fde74a52c97a390c112adfe37d93772,0.44272471625553456,mozilla-beta,5027409,2,3c15b4f6e169725bc9f93a20e47b45f07493750c,android-5-0-aarch64,True,True,,,f69e1b00908837bf0550250abb1645014317e8ec,,build times,True,build times pgo instrumented taskcluster-projects/970387039909/machineTypes/c2-standard-16,,6,,,456219518,2388147,2024-04-29 09:17:43,1417533,,,,,,,,,,,,,,,,,,,,,,,,,,,,,,,,,,,,,,,,,,,,,,,,,TN
317,20948a20da21338a3a80b2c21c4f3b173ce8c6f1,0.45472334674208437,mozilla-beta,5027409,2,3c15b4f6e169725bc9f93a20e47b45f07493750c,android-5-0-aarch64,True,True,,,f69e1b00908837bf0550250abb1645014317e8ec,,build times,True,build times pgo instrumented taskcluster-projects/970387039909/machineTypes/c2-standard-16,,6,,,456297357,2747493,2024-04-29 17:13:48,1417910,,,,,,,,,,,,,,,,,,,,,,,,,,,,,,,,,,,,,,,,,,,,,,,,,TN
318,d7f460434ca16fecffbaff1c490070bb4e551a74,0.4623621029468903,mozilla-beta,5027409,2,3c15b4f6e169725bc9f93a20e47b45f07493750c,android-5-0-aarch64,True,True,,,f69e1b00908837bf0550250abb1645014317e8ec,,build times,True,build times pgo instrumented taskcluster-projects/970387039909/machineTypes/c2-standard-16,,6,,,456320091,2879148,2024-04-29 19:56:06,1418025,,,,,,,,,,,,,,,,,,,,,,,,,,,,,,,,,,,,,,,,,,,,,,,,,TN
319,513f1a298f18d23e0eb09212a26c53d460419741,0.48247522886134186,mozilla-beta,5027409,2,3c15b4f6e169725bc9f93a20e47b45f07493750c,android-5-0-aarch64,True,True,,,f69e1b00908837bf0550250abb1645014317e8ec,,build times,True,build times pgo instrumented taskcluster-projects/970387039909/machineTypes/c2-standard-16,,6,,,456369179,3087552,2024-04-30 02:25:01,1418218,,,,,,,,,,,,,,,,,,,,,,,,,,,,,,,,,,,,,,,,,,,,,,,,,TN
320,6d159a881cdd423e3c82ccde5d9bfd0afb27dee8,0.4218832348728392,mozilla-beta,5027409,2,3c15b4f6e169725bc9f93a20e47b45f07493750c,android-5-0-aarch64,True,True,,,f69e1b00908837bf0550250abb1645014317e8ec,,build times,True,build times pgo instrumented taskcluster-projects/970387039909/machineTypes/c2-standard-16,,6,,,456385133,3192695,2024-04-30 09:14:45,1418361,,,,,,,,,,,,,,,,,,,,,,,,,,,,,,,,,,,,,,,,,,,,,,,,,TN
321,3640531eda8774de7e8f49576e7f82d3fa68a72f,0.46929943231872207,mozilla-beta,5027409,2,3c15b4f6e169725bc9f93a20e47b45f07493750c,android-5-0-aarch64,True,True,,,f69e1b00908837bf0550250abb1645014317e8ec,,build times,True,build times pgo instrumented taskcluster-projects/970387039909/machineTypes/c2-standard-16,,6,,,456409172,3284821,2024-04-30 12:07:48,1418446,,,,,,,,,,,,,,,,,,,,,,,,,,,,,,,,,,,,,,,,,,,,,,,,,TN
322,77f3883b630ae9140665caadb3b155fb6249d48d,0.5567764628339948,mozilla-beta,5027409,2,3c15b4f6e169725bc9f93a20e47b45f07493750c,android-5-0-aarch64,True,True,,,f69e1b00908837bf0550250abb1645014317e8ec,,build times,True,build times pgo instrumented taskcluster-projects/970387039909/machineTypes/c2-standard-16,,6,,,456421866,3334768,2024-04-30 13:16:09,1418496,,,,,,,,,,,,,,,,,,,,,,,,,,,,,,,,,,,,,,,,,,,,,,,,,TN
323,32756264a810d48bcd4ef10d28f6b0bf6ae066e4,0.5170759605508319,mozilla-beta,5027409,2,3c15b4f6e169725bc9f93a20e47b45f07493750c,android-5-0-aarch64,True,True,,,f69e1b00908837bf0550250abb1645014317e8ec,,build times,True,build times pgo instrumented taskcluster-projects/970387039909/machineTypes/c2-standard-16,,6,,,456433211,3364651,2024-04-30 14:21:22,1418577,,,,,,,,,,,,,,,,,,,,,,,,,,,,,,,,,,,,,,,,,,,,,,,,,TN
324,5bec81248e06a19f0c1aac1332b28fcf6a99f6d5,0.5661540394876377,mozilla-beta,5027409,2,3c15b4f6e169725bc9f93a20e47b45f07493750c,android-5-0-aarch64,True,True,,,f69e1b00908837bf0550250abb1645014317e8ec,,build times,True,build times pgo instrumented taskcluster-projects/970387039909/machineTypes/c2-standard-16,,6,,,456441650,3403775,2024-04-30 15:32:25,1418636,,,,,,,,,,,,,,,,,,,,,,,,,,,,,,,,,,,,,,,,,,,,,,,,,TN
325,c6a65c83aca8548bf9deaa95222c9a6eeeae0b42,0.530056845066738,mozilla-beta,5027409,2,3c15b4f6e169725bc9f93a20e47b45f07493750c,android-5-0-aarch64,True,True,,,f69e1b00908837bf0550250abb1645014317e8ec,,build times,True,build times pgo instrumented taskcluster-projects/970387039909/machineTypes/c2-standard-16,,6,,,456460799,3526604,2024-04-30 18:23:40,1418764,,,,,,,,,,,,,,,,,,,,,,,,,,,,,,,,,,,,,,,,,,,,,,,,,TN
326,efa12985e9ce0ef747315a2566be89cd5b17fe3b,0.5369069769529351,mozilla-beta,5027409,2,3c15b4f6e169725bc9f93a20e47b45f07493750c,android-5-0-aarch64,True,True,,,f69e1b00908837bf0550250abb1645014317e8ec,,build times,True,build times pgo instrumented taskcluster-projects/970387039909/machineTypes/c2-standard-16,,6,,,456474946,3598290,2024-04-30 20:53:09,1418852,,,,,,,,,,,,,,,,,,,,,,,,,,,,,,,,,,,,,,,,,,,,,,,,,TN
327,0da0366a9c0c4329976fed310df3a4ede1dbbd5e,0.7174019252691903,mozilla-beta,5027409,2,3c15b4f6e169725bc9f93a20e47b45f07493750c,android-5-0-aarch64,True,True,,,f69e1b00908837bf0550250abb1645014317e8ec,,build times,True,build times pgo instrumented taskcluster-projects/970387039909/machineTypes/c2-standard-16,,6,,,456516148,3772418,2024-05-01 02:27:18,1419003,,,,,,,,,,,,,,,,,,,,,,,,,,,,,,,,,,,,,,,,,,,,,,,,,TN
328,6bfc20d1c1c8221fc612a4669b7fc1c27efc793e,1.0,mozilla-beta,5027409,2,3c15b4f6e169725bc9f93a20e47b45f07493750c,android-5-0-aarch64,True,True,,,f69e1b00908837bf0550250abb1645014317e8ec,,build times,True,build times pgo instrumented taskcluster-projects/970387039909/machineTypes/c2-standard-16,,6,,,456593678,4170044,2024-05-01 22:26:11,1419422,,,,,,,,,,,,,,,,,,,,,,,,,,,,,,,,,,,,,,,,,,,,,,,,,TN
329,f130fde25c43d2cc90ecc7e35279ddf7b32a5a59,0.41916344271061057,mozilla-beta,5027409,2,3c15b4f6e169725bc9f93a20e47b45f07493750c,android-5-0-aarch64,True,True,,,f69e1b00908837bf0550250abb1645014317e8ec,,build times,True,build times pgo instrumented taskcluster-projects/970387039909/machineTypes/c2-standard-16,,6,,,456623410,4320844,2024-05-02 02:31:30,1419505,,,,,,,,,,,,,,,,,,,,,,,,,,,,,,,,,,,,,,,,,,,,,,,,,TN
330,2c1b332c32fbb367785158b4dd9888dcad9e3b43,0.47369264681556045,mozilla-beta,5027409,2,3c15b4f6e169725bc9f93a20e47b45f07493750c,android-5-0-aarch64,True,True,,,f69e1b00908837bf0550250abb1645014317e8ec,,build times,True,build times pgo instrumented taskcluster-projects/970387039909/machineTypes/c2-standard-16,,6,,,456651128,4536178,2024-05-02 09:18:48,1419643,,,,,,,,,,,,,,,,,,,,,,,,,,,,,,,,,,,,,,,,,,,,,,,,,TN
331,f68fef0cb49ceace14630c3b0d288ff91e574cf9,0.848214823829021,mozilla-beta,5027409,2,3c15b4f6e169725bc9f93a20e47b45f07493750c,android-5-0-aarch64,True,True,,,f69e1b00908837bf0550250abb1645014317e8ec,,build times,True,build times pgo instrumented taskcluster-projects/970387039909/machineTypes/c2-standard-16,,6,,,456678907,4679963,2024-05-02 12:28:05,1419740,,,,,,,,,,,,,,,,,,,,,,,,,,,,,,,,,,,,,,,,,,,,,,,,,TN
332,98d4a17b8a4d5533273cf11947b9755bf8725b8d,0.5013893893483141,mozilla-beta,5027409,2,3c15b4f6e169725bc9f93a20e47b45f07493750c,android-5-0-aarch64,True,True,,,f69e1b00908837bf0550250abb1645014317e8ec,,build times,True,build times pgo instrumented taskcluster-projects/970387039909/machineTypes/c2-standard-16,,6,,,456680306,4688981,2024-05-02 12:52:22,1419764,,,,,,,,,,,,,,,,,,,,,,,,,,,,,,,,,,,,,,,,,,,,,,,,,TN
333,a45e2174649abdb632a49fe76361742e7da7dfd4,0.46188764603975985,mozilla-beta,5027409,2,3c15b4f6e169725bc9f93a20e47b45f07493750c,android-5-0-aarch64,True,True,,,f69e1b00908837bf0550250abb1645014317e8ec,,build times,True,build times pgo instrumented taskcluster-projects/970387039909/machineTypes/c2-standard-16,,6,,,456690598,4742156,2024-05-02 14:04:35,1419827,,,,,,,,,,,,,,,,,,,,,,,,,,,,,,,,,,,,,,,,,,,,,,,,,TN
334,9d0106534880555e79d98bf4c07a6a4ae1c6b033,0.4674862375439037,mozilla-beta,5027409,2,3c15b4f6e169725bc9f93a20e47b45f07493750c,android-5-0-aarch64,True,True,,,f69e1b00908837bf0550250abb1645014317e8ec,,build times,True,build times pgo instrumented taskcluster-projects/970387039909/machineTypes/c2-standard-16,,6,,,456698705,4799202,2024-05-02 15:09:37,1419909,,,,,,,,,,,,,,,,,,,,,,,,,,,,,,,,,,,,,,,,,,,,,,,,,TN
335,7610a650753b849c2d0637eb77243f055b7aa0e4,0.5822778804342947,mozilla-beta,5027409,2,3c15b4f6e169725bc9f93a20e47b45f07493750c,android-5-0-aarch64,True,True,,,f69e1b00908837bf0550250abb1645014317e8ec,,build times,True,build times pgo instrumented taskcluster-projects/970387039909/machineTypes/c2-standard-16,,6,,,456717757,4868596,2024-05-02 16:50:34,1420009,,,,,,,,,,,,,,,,,,,,,,,,,,,,,,,,,,,,,,,,,,,,,,,,,TN
336,74e061aebc7cd0cc975cfc12496f7cadc79a84e0,0.4709305382264799,mozilla-beta,5027409,2,3c15b4f6e169725bc9f93a20e47b45f07493750c,android-5-0-aarch64,True,True,,,f69e1b00908837bf0550250abb1645014317e8ec,,build times,True,build times pgo instrumented taskcluster-projects/970387039909/machineTypes/c2-standard-16,,6,,,456721532,4900284,2024-05-02 17:52:34,1420044,,,,,,,,,,,,,,,,,,,,,,,,,,,,,,,,,,,,,,,,,,,,,,,,,TN
337,b2e78e9f8dcc56cd8c5747e2c564bc02d400c77c,0.5222501054704884,mozilla-beta,5027409,2,3c15b4f6e169725bc9f93a20e47b45f07493750c,android-5-0-aarch64,True,True,,,f69e1b00908837bf0550250abb1645014317e8ec,,build times,True,build times pgo instrumented taskcluster-projects/970387039909/machineTypes/c2-standard-16,,6,,,456739830,5002572,2024-05-02 20:21:56,1420185,,,,,,,,,,,,,,,,,,,,,,,,,,,,,,,,,,,,,,,,,,,,,,,,,TN
338,7e701ff13cbcf33354505474410fef079e00d25d,0.5067276707115189,mozilla-beta,5027409,2,3c15b4f6e169725bc9f93a20e47b45f07493750c,android-5-0-aarch64,True,True,,,f69e1b00908837bf0550250abb1645014317e8ec,,build times,True,build times pgo instrumented taskcluster-projects/970387039909/machineTypes/c2-standard-16,,6,,,456778563,5152121,2024-05-03 02:27:30,1420374,,,,,,,,,,,,,,,,,,,,,,,,,,,,,,,,,,,,,,,,,,,,,,,,,TN
339,7245a1e9161d303fa04d28e3b29ff4176c10f9fe,0.5130918048468978,mozilla-beta,5027409,2,3c15b4f6e169725bc9f93a20e47b45f07493750c,android-5-0-aarch64,True,True,,,f69e1b00908837bf0550250abb1645014317e8ec,,build times,True,build times pgo instrumented taskcluster-projects/970387039909/machineTypes/c2-standard-16,,6,,,456800221,5310010,2024-05-03 09:17:35,1420493,,,,,,,,,,,,,,,,,,,,,,,,,,,,,,,,,,,,,,,,,,,,,,,,,TN
340,964b9217df888ec44be0800c764a1ac7178fc12b,0.4797721068066614,mozilla-beta,5027409,2,3c15b4f6e169725bc9f93a20e47b45f07493750c,android-5-0-aarch64,True,True,,,f69e1b00908837bf0550250abb1645014317e8ec,,build times,True,build times pgo instrumented taskcluster-projects/970387039909/machineTypes/c2-standard-16,,6,,,456878114,5691025,2024-05-03 17:14:31,1420857,,,,,,,,,,,,,,,,,,,,,,,,,,,,,,,,,,,,,,,,,,,,,,,,,TN
341,caa1740c9ba1eff2b98f57c15650f0cfef84259a,0.4792912383197043,mozilla-beta,5027409,2,3c15b4f6e169725bc9f93a20e47b45f07493750c,android-5-0-aarch64,True,True,,,f69e1b00908837bf0550250abb1645014317e8ec,,build times,True,build times pgo instrumented taskcluster-projects/970387039909/machineTypes/c2-standard-16,,6,,,456879321,5714369,2024-05-03 17:28:12,1420878,,,,,,,,,,,,,,,,,,,,,,,,,,,,,,,,,,,,,,,,,,,,,,,,,TN
342,6fd23ba8d49f2312a5305d1544550a54a2dc39f9,0.4922964868389501,mozilla-beta,5027409,2,3c15b4f6e169725bc9f93a20e47b45f07493750c,android-5-0-aarch64,True,True,,,f69e1b00908837bf0550250abb1645014317e8ec,,build times,True,build times pgo instrumented taskcluster-projects/970387039909/machineTypes/c2-standard-16,,6,,,456891839,5828202,2024-05-03 19:24:12,1420956,,,,,,,,,,,,,,,,,,,,,,,,,,,,,,,,,,,,,,,,,,,,,,,,,TN
343,fd4083524e40a60cbb8d8eae882c54d406ae62ff,0.5142856410105159,mozilla-beta,5027409,2,3c15b4f6e169725bc9f93a20e47b45f07493750c,android-5-0-aarch64,True,True,,,f69e1b00908837bf0550250abb1645014317e8ec,,build times,True,build times pgo instrumented taskcluster-projects/970387039909/machineTypes/c2-standard-16,,6,,,456934798,6092760,2024-05-04 02:26:46,1421138,,,,,,,,,,,,,,,,,,,,,,,,,,,,,,,,,,,,,,,,,,,,,,,,,TN
344,1f075135dc3c0a87ad33c7686f35064010169efe,0.636327498368253,mozilla-beta,5027409,2,3c15b4f6e169725bc9f93a20e47b45f07493750c,android-5-0-aarch64,True,True,,,f69e1b00908837bf0550250abb1645014317e8ec,,build times,True,build times pgo instrumented taskcluster-projects/970387039909/machineTypes/c2-standard-16,,6,,,456945913,6208127,2024-05-04 09:19:04,1421173,,,,,,,,,,,,,,,,,,,,,,,,,,,,,,,,,,,,,,,,,,,,,,,,,TN
345,69e776e53917940760e6e8a2b9e52ae2fade6b88,0.4510302767622547,mozilla-beta,5027409,2,3c15b4f6e169725bc9f93a20e47b45f07493750c,android-5-0-aarch64,True,True,,,f69e1b00908837bf0550250abb1645014317e8ec,,build times,True,build times pgo instrumented taskcluster-projects/970387039909/machineTypes/c2-standard-16,,6,,,456966657,6295415,2024-05-04 12:41:56,1421190,,,,,,,,,,,,,,,,,,,,,,,,,,,,,,,,,,,,,,,,,,,,,,,,,TN
346,dadd812459143b290d8ee31ee33b1a2b254a24c8,0.4532332955905001,mozilla-beta,5027409,2,3c15b4f6e169725bc9f93a20e47b45f07493750c,android-5-0-aarch64,True,True,,,f69e1b00908837bf0550250abb1645014317e8ec,,build times,True,build times pgo instrumented taskcluster-projects/970387039909/machineTypes/c2-standard-16,,6,,,456996776,6424544,2024-05-05 02:30:42,1421353,,,,,,,,,,,,,,,,,,,,,,,,,,,,,,,,,,,,,,,,,,,,,,,,,TN
347,247ffa71e901a9d3a97fcb408c22633e145033f4,0.4665745108926327,mozilla-beta,5027409,2,3c15b4f6e169725bc9f93a20e47b45f07493750c,android-5-0-aarch64,True,True,,,f69e1b00908837bf0550250abb1645014317e8ec,,build times,True,build times pgo instrumented taskcluster-projects/970387039909/machineTypes/c2-standard-16,,6,,,457006183,6501645,2024-05-05 09:16:13,1421425,,,,,,,,,,,,,,,,,,,,,,,,,,,,,,,,,,,,,,,,,,,,,,,,,TN
348,f12a852498d6340d29837d5c7fe0d15c4c972f60,0.42044191172793344,mozilla-beta,5027409,2,3c15b4f6e169725bc9f93a20e47b45f07493750c,android-5-0-aarch64,True,True,,,f69e1b00908837bf0550250abb1645014317e8ec,,build times,True,build times pgo instrumented taskcluster-projects/970387039909/machineTypes/c2-standard-16,,6,,,457056433,6801511,2024-05-06 02:29:55,1421498,,,,,,,,,,,,,,,,,,,,,,,,,,,,,,,,,,,,,,,,,,,,,,,,,TN
349,1d9f6a8927e833a3af5199d5abc8cfbd59d5d1c3,0.5549645503751415,mozilla-beta,5027409,2,3c15b4f6e169725bc9f93a20e47b45f07493750c,android-5-0-aarch64,True,True,,,f69e1b00908837bf0550250abb1645014317e8ec,,build times,True,build times pgo instrumented taskcluster-projects/970387039909/machineTypes/c2-standard-16,,6,,,457069918,6901633,2024-05-06 09:19:25,1421578,,,,,,,,,,,,,,,,,,,,,,,,,,,,,,,,,,,,,,,,,,,,,,,,,TN
350,bb27fed51c182d491237d4b6c5d9d288b829632a,0.5898178983097795,mozilla-beta,5027409,2,3c15b4f6e169725bc9f93a20e47b45f07493750c,android-5-0-aarch64,True,True,,,f69e1b00908837bf0550250abb1645014317e8ec,,build times,True,build times pgo instrumented taskcluster-projects/970387039909/machineTypes/c2-standard-16,,6,,,457209142,7475148,2024-05-07 02:26:25,1422305,,,,,,,,,,,,,,,,,,,,,,,,,,,,,,,,,,,,,,,,,,,,,,,,,TN
351,1323983c417a4980905fd060983095c1d656af5a,0.5159013591266914,mozilla-beta,5027409,2,3c15b4f6e169725bc9f93a20e47b45f07493750c,android-5-0-aarch64,True,True,,,f69e1b00908837bf0550250abb1645014317e8ec,,build times,True,build times pgo instrumented taskcluster-projects/970387039909/machineTypes/c2-standard-16,,6,,,457391256,8371783,2024-05-08 02:26:13,1423228,,,,,,,,,,,,,,,,,,,,,,,,,,,,,,,,,,,,,,,,,,,,,,,,,TN
